name,pd_notation
12a_0280_0,"[[24, 14, 1, 13], [2, 6, 3, 5], [4, 12, 5, 11], [6, 15, 7, 16], [8, 18, 9, 17], [10, 4, 11, 3], [12, 24, 13, 23], [14, 21, 15, 22], [16, 19, 17, 20], [18, 8, 19, 7], [20, 9, 21, 10], [22, 2, 23, 1]]"
12a_0280_1,"[[22, 2, 23, 1], [24, 14, 1, 13], [2, 6, 3, 5], [4, 12, 5, 11], [6, 15, 7, 16], [8, 18, 9, 17], [10, 4, 11, 3], [12, 24, 13, 23], [14, 21, 15, 22], [16, 19, 17, 20], [18, 8, 19, 7], [20, 9, 21, 10]]"
12a_0280_2,"[[20, 9, 21, 10], [22, 2, 23, 1], [24, 14, 1, 13], [2, 6, 3, 5], [4, 12, 5, 11], [6, 15, 7, 16], [8, 18, 9, 17], [10, 4, 11, 3], [12, 24, 13, 23], [14, 21, 15, 22], [16, 19, 17, 20], [18, 8, 19, 7]]"
12a_0280_3,"[[18, 8, 19, 7], [20, 9, 21, 10], [22, 2, 23, 1], [24, 14, 1, 13], [2, 6, 3, 5], [4, 12, 5, 11], [6, 15, 7, 16], [8, 18, 9, 17], [10, 4, 11, 3], [12, 24, 13, 23], [14, 21, 15, 22], [16, 19, 17, 20]]"
12a_0280_4,"[[16, 19, 17, 20], [18, 8, 19, 7], [20, 9, 21, 10], [22, 2, 23, 1], [24, 14, 1, 13], [2, 6, 3, 5], [4, 12, 5, 11], [6, 15, 7, 16], [8, 18, 9, 17], [10, 4, 11, 3], [12, 24, 13, 23], [14, 21, 15, 22]]"
12a_0280_5,"[[14, 21, 15, 22], [16, 19, 17, 20], [18, 8, 19, 7], [20, 9, 21, 10], [22, 2, 23, 1], [24, 14, 1, 13], [2, 6, 3, 5], [4, 12, 5, 11], [6, 15, 7, 16], [8, 18, 9, 17], [10, 4, 11, 3], [12, 24, 13, 23]]"
12a_0280_6,"[[12, 24, 13, 23], [14, 21, 15, 22], [16, 19, 17, 20], [18, 8, 19, 7], [20, 9, 21, 10], [22, 2, 23, 1], [24, 14, 1, 13], [2, 6, 3, 5], [4, 12, 5, 11], [6, 15, 7, 16], [8, 18, 9, 17], [10, 4, 11, 3]]"
12a_0280_7,"[[10, 4, 11, 3], [12, 24, 13, 23], [14, 21, 15, 22], [16, 19, 17, 20], [18, 8, 19, 7], [20, 9, 21, 10], [22, 2, 23, 1], [24, 14, 1, 13], [2, 6, 3, 5], [4, 12, 5, 11], [6, 15, 7, 16], [8, 18, 9, 17]]"
12a_0280_8,"[[8, 18, 9, 17], [10, 4, 11, 3], [12, 24, 13, 23], [14, 21, 15, 22], [16, 19, 17, 20], [18, 8, 19, 7], [20, 9, 21, 10], [22, 2, 23, 1], [24, 14, 1, 13], [2, 6, 3, 5], [4, 12, 5, 11], [6, 15, 7, 16]]"
12a_0280_9,"[[6, 15, 7, 16], [8, 18, 9, 17], [10, 4, 11, 3], [12, 24, 13, 23], [14, 21, 15, 22], [16, 19, 17, 20], [18, 8, 19, 7], [20, 9, 21, 10], [22, 2, 23, 1], [24, 14, 1, 13], [2, 6, 3, 5], [4, 12, 5, 11]]"
12a_0280_10,"[[4, 12, 5, 11], [6, 15, 7, 16], [8, 18, 9, 17], [10, 4, 11, 3], [12, 24, 13, 23], [14, 21, 15, 22], [16, 19, 17, 20], [18, 8, 19, 7], [20, 9, 21, 10], [22, 2, 23, 1], [24, 14, 1, 13], [2, 6, 3, 5]]"
12a_0280_11,"[[2, 6, 3, 5], [4, 12, 5, 11], [6, 15, 7, 16], [8, 18, 9, 17], [10, 4, 11, 3], [12, 24, 13, 23], [14, 21, 15, 22], [16, 19, 17, 20], [18, 8, 19, 7], [20, 9, 21, 10], [22, 2, 23, 1], [24, 14, 1, 13]]"
12a_0280_12,"[[1, 15, 2, 14], [3, 7, 4, 6], [5, 13, 6, 12], [7, 16, 8, 17], [9, 19, 10, 18], [11, 5, 12, 4], [13, 1, 14, 24], [15, 22, 16, 23], [17, 20, 18, 21], [19, 9, 20, 8], [21, 10, 22, 11], [23, 3, 24, 2]]"
12a_0280_13,"[[23, 3, 24, 2], [1, 15, 2, 14], [3, 7, 4, 6], [5, 13, 6, 12], [7, 16, 8, 17], [9, 19, 10, 18], [11, 5, 12, 4], [13, 1, 14, 24], [15, 22, 16, 23], [17, 20, 18, 21], [19, 9, 20, 8], [21, 10, 22, 11]]"
12a_0280_14,"[[21, 10, 22, 11], [23, 3, 24, 2], [1, 15, 2, 14], [3, 7, 4, 6], [5, 13, 6, 12], [7, 16, 8, 17], [9, 19, 10, 18], [11, 5, 12, 4], [13, 1, 14, 24], [15, 22, 16, 23], [17, 20, 18, 21], [19, 9, 20, 8]]"
12a_0280_15,"[[19, 9, 20, 8], [21, 10, 22, 11], [23, 3, 24, 2], [1, 15, 2, 14], [3, 7, 4, 6], [5, 13, 6, 12], [7, 16, 8, 17], [9, 19, 10, 18], [11, 5, 12, 4], [13, 1, 14, 24], [15, 22, 16, 23], [17, 20, 18, 21]]"
12a_0280_16,"[[17, 20, 18, 21], [19, 9, 20, 8], [21, 10, 22, 11], [23, 3, 24, 2], [1, 15, 2, 14], [3, 7, 4, 6], [5, 13, 6, 12], [7, 16, 8, 17], [9, 19, 10, 18], [11, 5, 12, 4], [13, 1, 14, 24], [15, 22, 16, 23]]"
12a_0280_17,"[[15, 22, 16, 23], [17, 20, 18, 21], [19, 9, 20, 8], [21, 10, 22, 11], [23, 3, 24, 2], [1, 15, 2, 14], [3, 7, 4, 6], [5, 13, 6, 12], [7, 16, 8, 17], [9, 19, 10, 18], [11, 5, 12, 4], [13, 1, 14, 24]]"
12a_0280_18,"[[13, 1, 14, 24], [15, 22, 16, 23], [17, 20, 18, 21], [19, 9, 20, 8], [21, 10, 22, 11], [23, 3, 24, 2], [1, 15, 2, 14], [3, 7, 4, 6], [5, 13, 6, 12], [7, 16, 8, 17], [9, 19, 10, 18], [11, 5, 12, 4]]"
12a_0280_19,"[[11, 5, 12, 4], [13, 1, 14, 24], [15, 22, 16, 23], [17, 20, 18, 21], [19, 9, 20, 8], [21, 10, 22, 11], [23, 3, 24, 2], [1, 15, 2, 14], [3, 7, 4, 6], [5, 13, 6, 12], [7, 16, 8, 17], [9, 19, 10, 18]]"
12a_0280_20,"[[9, 19, 10, 18], [11, 5, 12, 4], [13, 1, 14, 24], [15, 22, 16, 23], [17, 20, 18, 21], [19, 9, 20, 8], [21, 10, 22, 11], [23, 3, 24, 2], [1, 15, 2, 14], [3, 7, 4, 6], [5, 13, 6, 12], [7, 16, 8, 17]]"
12a_0280_21,"[[7, 16, 8, 17], [9, 19, 10, 18], [11, 5, 12, 4], [13, 1, 14, 24], [15, 22, 16, 23], [17, 20, 18, 21], [19, 9, 20, 8], [21, 10, 22, 11], [23, 3, 24, 2], [1, 15, 2, 14], [3, 7, 4, 6], [5, 13, 6, 12]]"
12a_0280_22,"[[5, 13, 6, 12], [7, 16, 8, 17], [9, 19, 10, 18], [11, 5, 12, 4], [13, 1, 14, 24], [15, 22, 16, 23], [17, 20, 18, 21], [19, 9, 20, 8], [21, 10, 22, 11], [23, 3, 24, 2], [1, 15, 2, 14], [3, 7, 4, 6]]"
12a_0280_23,"[[3, 7, 4, 6], [5, 13, 6, 12], [7, 16, 8, 17], [9, 19, 10, 18], [11, 5, 12, 4], [13, 1, 14, 24], [15, 22, 16, 23], [17, 20, 18, 21], [19, 9, 20, 8], [21, 10, 22, 11], [23, 3, 24, 2], [1, 15, 2, 14]]"
12a_0280_24,"[[2, 16, 3, 15], [4, 8, 5, 7], [6, 14, 7, 13], [8, 17, 9, 18], [10, 20, 11, 19], [12, 6, 13, 5], [14, 2, 15, 1], [16, 23, 17, 24], [18, 21, 19, 22], [20, 10, 21, 9], [22, 11, 23, 12], [24, 4, 1, 3]]"
12a_0280_25,"[[24, 4, 1, 3], [2, 16, 3, 15], [4, 8, 5, 7], [6, 14, 7, 13], [8, 17, 9, 18], [10, 20, 11, 19], [12, 6, 13, 5], [14, 2, 15, 1], [16, 23, 17, 24], [18, 21, 19, 22], [20, 10, 21, 9], [22, 11, 23, 12]]"
12a_0280_26,"[[22, 11, 23, 12], [24, 4, 1, 3], [2, 16, 3, 15], [4, 8, 5, 7], [6, 14, 7, 13], [8, 17, 9, 18], [10, 20, 11, 19], [12, 6, 13, 5], [14, 2, 15, 1], [16, 23, 17, 24], [18, 21, 19, 22], [20, 10, 21, 9]]"
12a_0280_27,"[[20, 10, 21, 9], [22, 11, 23, 12], [24, 4, 1, 3], [2, 16, 3, 15], [4, 8, 5, 7], [6, 14, 7, 13], [8, 17, 9, 18], [10, 20, 11, 19], [12, 6, 13, 5], [14, 2, 15, 1], [16, 23, 17, 24], [18, 21, 19, 22]]"
12a_0280_28,"[[18, 21, 19, 22], [20, 10, 21, 9], [22, 11, 23, 12], [24, 4, 1, 3], [2, 16, 3, 15], [4, 8, 5, 7], [6, 14, 7, 13], [8, 17, 9, 18], [10, 20, 11, 19], [12, 6, 13, 5], [14, 2, 15, 1], [16, 23, 17, 24]]"
12a_0280_29,"[[16, 23, 17, 24], [18, 21, 19, 22], [20, 10, 21, 9], [22, 11, 23, 12], [24, 4, 1, 3], [2, 16, 3, 15], [4, 8, 5, 7], [6, 14, 7, 13], [8, 17, 9, 18], [10, 20, 11, 19], [12, 6, 13, 5], [14, 2, 15, 1]]"
12a_0280_30,"[[14, 2, 15, 1], [16, 23, 17, 24], [18, 21, 19, 22], [20, 10, 21, 9], [22, 11, 23, 12], [24, 4, 1, 3], [2, 16, 3, 15], [4, 8, 5, 7], [6, 14, 7, 13], [8, 17, 9, 18], [10, 20, 11, 19], [12, 6, 13, 5]]"
12a_0280_31,"[[12, 6, 13, 5], [14, 2, 15, 1], [16, 23, 17, 24], [18, 21, 19, 22], [20, 10, 21, 9], [22, 11, 23, 12], [24, 4, 1, 3], [2, 16, 3, 15], [4, 8, 5, 7], [6, 14, 7, 13], [8, 17, 9, 18], [10, 20, 11, 19]]"
12a_0280_32,"[[10, 20, 11, 19], [12, 6, 13, 5], [14, 2, 15, 1], [16, 23, 17, 24], [18, 21, 19, 22], [20, 10, 21, 9], [22, 11, 23, 12], [24, 4, 1, 3], [2, 16, 3, 15], [4, 8, 5, 7], [6, 14, 7, 13], [8, 17, 9, 18]]"
12a_0280_33,"[[8, 17, 9, 18], [10, 20, 11, 19], [12, 6, 13, 5], [14, 2, 15, 1], [16, 23, 17, 24], [18, 21, 19, 22], [20, 10, 21, 9], [22, 11, 23, 12], [24, 4, 1, 3], [2, 16, 3, 15], [4, 8, 5, 7], [6, 14, 7, 13]]"
12a_0280_34,"[[6, 14, 7, 13], [8, 17, 9, 18], [10, 20, 11, 19], [12, 6, 13, 5], [14, 2, 15, 1], [16, 23, 17, 24], [18, 21, 19, 22], [20, 10, 21, 9], [22, 11, 23, 12], [24, 4, 1, 3], [2, 16, 3, 15], [4, 8, 5, 7]]"
12a_0280_35,"[[4, 8, 5, 7], [6, 14, 7, 13], [8, 17, 9, 18], [10, 20, 11, 19], [12, 6, 13, 5], [14, 2, 15, 1], [16, 23, 17, 24], [18, 21, 19, 22], [20, 10, 21, 9], [22, 11, 23, 12], [24, 4, 1, 3], [2, 16, 3, 15]]"
12a_0280_36,"[[3, 17, 4, 16], [5, 9, 6, 8], [7, 15, 8, 14], [9, 18, 10, 19], [11, 21, 12, 20], [13, 7, 14, 6], [15, 3, 16, 2], [17, 24, 18, 1], [19, 22, 20, 23], [21, 11, 22, 10], [23, 12, 24, 13], [1, 5, 2, 4]]"
12a_0280_37,"[[1, 5, 2, 4], [3, 17, 4, 16], [5, 9, 6, 8], [7, 15, 8, 14], [9, 18, 10, 19], [11, 21, 12, 20], [13, 7, 14, 6], [15, 3, 16, 2], [17, 24, 18, 1], [19, 22, 20, 23], [21, 11, 22, 10], [23, 12, 24, 13]]"
12a_0280_38,"[[23, 12, 24, 13], [1, 5, 2, 4], [3, 17, 4, 16], [5, 9, 6, 8], [7, 15, 8, 14], [9, 18, 10, 19], [11, 21, 12, 20], [13, 7, 14, 6], [15, 3, 16, 2], [17, 24, 18, 1], [19, 22, 20, 23], [21, 11, 22, 10]]"
12a_0280_39,"[[21, 11, 22, 10], [23, 12, 24, 13], [1, 5, 2, 4], [3, 17, 4, 16], [5, 9, 6, 8], [7, 15, 8, 14], [9, 18, 10, 19], [11, 21, 12, 20], [13, 7, 14, 6], [15, 3, 16, 2], [17, 24, 18, 1], [19, 22, 20, 23]]"
12a_0280_40,"[[19, 22, 20, 23], [21, 11, 22, 10], [23, 12, 24, 13], [1, 5, 2, 4], [3, 17, 4, 16], [5, 9, 6, 8], [7, 15, 8, 14], [9, 18, 10, 19], [11, 21, 12, 20], [13, 7, 14, 6], [15, 3, 16, 2], [17, 24, 18, 1]]"
12a_0280_41,"[[17, 24, 18, 1], [19, 22, 20, 23], [21, 11, 22, 10], [23, 12, 24, 13], [1, 5, 2, 4], [3, 17, 4, 16], [5, 9, 6, 8], [7, 15, 8, 14], [9, 18, 10, 19], [11, 21, 12, 20], [13, 7, 14, 6], [15, 3, 16, 2]]"
12a_0280_42,"[[15, 3, 16, 2], [17, 24, 18, 1], [19, 22, 20, 23], [21, 11, 22, 10], [23, 12, 24, 13], [1, 5, 2, 4], [3, 17, 4, 16], [5, 9, 6, 8], [7, 15, 8, 14], [9, 18, 10, 19], [11, 21, 12, 20], [13, 7, 14, 6]]"
12a_0280_43,"[[13, 7, 14, 6], [15, 3, 16, 2], [17, 24, 18, 1], [19, 22, 20, 23], [21, 11, 22, 10], [23, 12, 24, 13], [1, 5, 2, 4], [3, 17, 4, 16], [5, 9, 6, 8], [7, 15, 8, 14], [9, 18, 10, 19], [11, 21, 12, 20]]"
12a_0280_44,"[[11, 21, 12, 20], [13, 7, 14, 6], [15, 3, 16, 2], [17, 24, 18, 1], [19, 22, 20, 23], [21, 11, 22, 10], [23, 12, 24, 13], [1, 5, 2, 4], [3, 17, 4, 16], [5, 9, 6, 8], [7, 15, 8, 14], [9, 18, 10, 19]]"
12a_0280_45,"[[9, 18, 10, 19], [11, 21, 12, 20], [13, 7, 14, 6], [15, 3, 16, 2], [17, 24, 18, 1], [19, 22, 20, 23], [21, 11, 22, 10], [23, 12, 24, 13], [1, 5, 2, 4], [3, 17, 4, 16], [5, 9, 6, 8], [7, 15, 8, 14]]"
12a_0280_46,"[[7, 15, 8, 14], [9, 18, 10, 19], [11, 21, 12, 20], [13, 7, 14, 6], [15, 3, 16, 2], [17, 24, 18, 1], [19, 22, 20, 23], [21, 11, 22, 10], [23, 12, 24, 13], [1, 5, 2, 4], [3, 17, 4, 16], [5, 9, 6, 8]]"
12a_0280_47,"[[5, 9, 6, 8], [7, 15, 8, 14], [9, 18, 10, 19], [11, 21, 12, 20], [13, 7, 14, 6], [15, 3, 16, 2], [17, 24, 18, 1], [19, 22, 20, 23], [21, 11, 22, 10], [23, 12, 24, 13], [1, 5, 2, 4], [3, 17, 4, 16]]"
12a_0280_48,"[[4, 18, 5, 17], [6, 10, 7, 9], [8, 16, 9, 15], [10, 19, 11, 20], [12, 22, 13, 21], [14, 8, 15, 7], [16, 4, 17, 3], [18, 1, 19, 2], [20, 23, 21, 24], [22, 12, 23, 11], [24, 13, 1, 14], [2, 6, 3, 5]]"
12a_0280_49,"[[2, 6, 3, 5], [4, 18, 5, 17], [6, 10, 7, 9], [8, 16, 9, 15], [10, 19, 11, 20], [12, 22, 13, 21], [14, 8, 15, 7], [16, 4, 17, 3], [18, 1, 19, 2], [20, 23, 21, 24], [22, 12, 23, 11], [24, 13, 1, 14]]"
12a_0280_50,"[[24, 13, 1, 14], [2, 6, 3, 5], [4, 18, 5, 17], [6, 10, 7, 9], [8, 16, 9, 15], [10, 19, 11, 20], [12, 22, 13, 21], [14, 8, 15, 7], [16, 4, 17, 3], [18, 1, 19, 2], [20, 23, 21, 24], [22, 12, 23, 11]]"
12a_0280_51,"[[22, 12, 23, 11], [24, 13, 1, 14], [2, 6, 3, 5], [4, 18, 5, 17], [6, 10, 7, 9], [8, 16, 9, 15], [10, 19, 11, 20], [12, 22, 13, 21], [14, 8, 15, 7], [16, 4, 17, 3], [18, 1, 19, 2], [20, 23, 21, 24]]"
12a_0280_52,"[[20, 23, 21, 24], [22, 12, 23, 11], [24, 13, 1, 14], [2, 6, 3, 5], [4, 18, 5, 17], [6, 10, 7, 9], [8, 16, 9, 15], [10, 19, 11, 20], [12, 22, 13, 21], [14, 8, 15, 7], [16, 4, 17, 3], [18, 1, 19, 2]]"
12a_0280_53,"[[18, 1, 19, 2], [20, 23, 21, 24], [22, 12, 23, 11], [24, 13, 1, 14], [2, 6, 3, 5], [4, 18, 5, 17], [6, 10, 7, 9], [8, 16, 9, 15], [10, 19, 11, 20], [12, 22, 13, 21], [14, 8, 15, 7], [16, 4, 17, 3]]"
12a_0280_54,"[[16, 4, 17, 3], [18, 1, 19, 2], [20, 23, 21, 24], [22, 12, 23, 11], [24, 13, 1, 14], [2, 6, 3, 5], [4, 18, 5, 17], [6, 10, 7, 9], [8, 16, 9, 15], [10, 19, 11, 20], [12, 22, 13, 21], [14, 8, 15, 7]]"
12a_0280_55,"[[14, 8, 15, 7], [16, 4, 17, 3], [18, 1, 19, 2], [20, 23, 21, 24], [22, 12, 23, 11], [24, 13, 1, 14], [2, 6, 3, 5], [4, 18, 5, 17], [6, 10, 7, 9], [8, 16, 9, 15], [10, 19, 11, 20], [12, 22, 13, 21]]"
12a_0280_56,"[[12, 22, 13, 21], [14, 8, 15, 7], [16, 4, 17, 3], [18, 1, 19, 2], [20, 23, 21, 24], [22, 12, 23, 11], [24, 13, 1, 14], [2, 6, 3, 5], [4, 18, 5, 17], [6, 10, 7, 9], [8, 16, 9, 15], [10, 19, 11, 20]]"
12a_0280_57,"[[10, 19, 11, 20], [12, 22, 13, 21], [14, 8, 15, 7], [16, 4, 17, 3], [18, 1, 19, 2], [20, 23, 21, 24], [22, 12, 23, 11], [24, 13, 1, 14], [2, 6, 3, 5], [4, 18, 5, 17], [6, 10, 7, 9], [8, 16, 9, 15]]"
12a_0280_58,"[[8, 16, 9, 15], [10, 19, 11, 20], [12, 22, 13, 21], [14, 8, 15, 7], [16, 4, 17, 3], [18, 1, 19, 2], [20, 23, 21, 24], [22, 12, 23, 11], [24, 13, 1, 14], [2, 6, 3, 5], [4, 18, 5, 17], [6, 10, 7, 9]]"
12a_0280_59,"[[6, 10, 7, 9], [8, 16, 9, 15], [10, 19, 11, 20], [12, 22, 13, 21], [14, 8, 15, 7], [16, 4, 17, 3], [18, 1, 19, 2], [20, 23, 21, 24], [22, 12, 23, 11], [24, 13, 1, 14], [2, 6, 3, 5], [4, 18, 5, 17]]"
12a_0280_60,"[[5, 19, 6, 18], [7, 11, 8, 10], [9, 17, 10, 16], [11, 20, 12, 21], [13, 23, 14, 22], [15, 9, 16, 8], [17, 5, 18, 4], [19, 2, 20, 3], [21, 24, 22, 1], [23, 13, 24, 12], [1, 14, 2, 15], [3, 7, 4, 6]]"
12a_0280_61,"[[3, 7, 4, 6], [5, 19, 6, 18], [7, 11, 8, 10], [9, 17, 10, 16], [11, 20, 12, 21], [13, 23, 14, 22], [15, 9, 16, 8], [17, 5, 18, 4], [19, 2, 20, 3], [21, 24, 22, 1], [23, 13, 24, 12], [1, 14, 2, 15]]"
12a_0280_62,"[[1, 14, 2, 15], [3, 7, 4, 6], [5, 19, 6, 18], [7, 11, 8, 10], [9, 17, 10, 16], [11, 20, 12, 21], [13, 23, 14, 22], [15, 9, 16, 8], [17, 5, 18, 4], [19, 2, 20, 3], [21, 24, 22, 1], [23, 13, 24, 12]]"
12a_0280_63,"[[23, 13, 24, 12], [1, 14, 2, 15], [3, 7, 4, 6], [5, 19, 6, 18], [7, 11, 8, 10], [9, 17, 10, 16], [11, 20, 12, 21], [13, 23, 14, 22], [15, 9, 16, 8], [17, 5, 18, 4], [19, 2, 20, 3], [21, 24, 22, 1]]"
12a_0280_64,"[[21, 24, 22, 1], [23, 13, 24, 12], [1, 14, 2, 15], [3, 7, 4, 6], [5, 19, 6, 18], [7, 11, 8, 10], [9, 17, 10, 16], [11, 20, 12, 21], [13, 23, 14, 22], [15, 9, 16, 8], [17, 5, 18, 4], [19, 2, 20, 3]]"
12a_0280_65,"[[19, 2, 20, 3], [21, 24, 22, 1], [23, 13, 24, 12], [1, 14, 2, 15], [3, 7, 4, 6], [5, 19, 6, 18], [7, 11, 8, 10], [9, 17, 10, 16], [11, 20, 12, 21], [13, 23, 14, 22], [15, 9, 16, 8], [17, 5, 18, 4]]"
12a_0280_66,"[[17, 5, 18, 4], [19, 2, 20, 3], [21, 24, 22, 1], [23, 13, 24, 12], [1, 14, 2, 15], [3, 7, 4, 6], [5, 19, 6, 18], [7, 11, 8, 10], [9, 17, 10, 16], [11, 20, 12, 21], [13, 23, 14, 22], [15, 9, 16, 8]]"
12a_0280_67,"[[15, 9, 16, 8], [17, 5, 18, 4], [19, 2, 20, 3], [21, 24, 22, 1], [23, 13, 24, 12], [1, 14, 2, 15], [3, 7, 4, 6], [5, 19, 6, 18], [7, 11, 8, 10], [9, 17, 10, 16], [11, 20, 12, 21], [13, 23, 14, 22]]"
12a_0280_68,"[[13, 23, 14, 22], [15, 9, 16, 8], [17, 5, 18, 4], [19, 2, 20, 3], [21, 24, 22, 1], [23, 13, 24, 12], [1, 14, 2, 15], [3, 7, 4, 6], [5, 19, 6, 18], [7, 11, 8, 10], [9, 17, 10, 16], [11, 20, 12, 21]]"
12a_0280_69,"[[11, 20, 12, 21], [13, 23, 14, 22], [15, 9, 16, 8], [17, 5, 18, 4], [19, 2, 20, 3], [21, 24, 22, 1], [23, 13, 24, 12], [1, 14, 2, 15], [3, 7, 4, 6], [5, 19, 6, 18], [7, 11, 8, 10], [9, 17, 10, 16]]"
12a_0280_70,"[[9, 17, 10, 16], [11, 20, 12, 21], [13, 23, 14, 22], [15, 9, 16, 8], [17, 5, 18, 4], [19, 2, 20, 3], [21, 24, 22, 1], [23, 13, 24, 12], [1, 14, 2, 15], [3, 7, 4, 6], [5, 19, 6, 18], [7, 11, 8, 10]]"
12a_0280_71,"[[7, 11, 8, 10], [9, 17, 10, 16], [11, 20, 12, 21], [13, 23, 14, 22], [15, 9, 16, 8], [17, 5, 18, 4], [19, 2, 20, 3], [21, 24, 22, 1], [23, 13, 24, 12], [1, 14, 2, 15], [3, 7, 4, 6], [5, 19, 6, 18]]"
12a_0280_72,"[[6, 20, 7, 19], [8, 12, 9, 11], [10, 18, 11, 17], [12, 21, 13, 22], [14, 24, 15, 23], [16, 10, 17, 9], [18, 6, 19, 5], [20, 3, 21, 4], [22, 1, 23, 2], [24, 14, 1, 13], [2, 15, 3, 16], [4, 8, 5, 7]]"
12a_0280_73,"[[4, 8, 5, 7], [6, 20, 7, 19], [8, 12, 9, 11], [10, 18, 11, 17], [12, 21, 13, 22], [14, 24, 15, 23], [16, 10, 17, 9], [18, 6, 19, 5], [20, 3, 21, 4], [22, 1, 23, 2], [24, 14, 1, 13], [2, 15, 3, 16]]"
12a_0280_74,"[[2, 15, 3, 16], [4, 8, 5, 7], [6, 20, 7, 19], [8, 12, 9, 11], [10, 18, 11, 17], [12, 21, 13, 22], [14, 24, 15, 23], [16, 10, 17, 9], [18, 6, 19, 5], [20, 3, 21, 4], [22, 1, 23, 2], [24, 14, 1, 13]]"
12a_0280_75,"[[24, 14, 1, 13], [2, 15, 3, 16], [4, 8, 5, 7], [6, 20, 7, 19], [8, 12, 9, 11], [10, 18, 11, 17], [12, 21, 13, 22], [14, 24, 15, 23], [16, 10, 17, 9], [18, 6, 19, 5], [20, 3, 21, 4], [22, 1, 23, 2]]"
12a_0280_76,"[[22, 1, 23, 2], [24, 14, 1, 13], [2, 15, 3, 16], [4, 8, 5, 7], [6, 20, 7, 19], [8, 12, 9, 11], [10, 18, 11, 17], [12, 21, 13, 22], [14, 24, 15, 23], [16, 10, 17, 9], [18, 6, 19, 5], [20, 3, 21, 4]]"
12a_0280_77,"[[20, 3, 21, 4], [22, 1, 23, 2], [24, 14, 1, 13], [2, 15, 3, 16], [4, 8, 5, 7], [6, 20, 7, 19], [8, 12, 9, 11], [10, 18, 11, 17], [12, 21, 13, 22], [14, 24, 15, 23], [16, 10, 17, 9], [18, 6, 19, 5]]"
12a_0280_78,"[[18, 6, 19, 5], [20, 3, 21, 4], [22, 1, 23, 2], [24, 14, 1, 13], [2, 15, 3, 16], [4, 8, 5, 7], [6, 20, 7, 19], [8, 12, 9, 11], [10, 18, 11, 17], [12, 21, 13, 22], [14, 24, 15, 23], [16, 10, 17, 9]]"
12a_0280_79,"[[16, 10, 17, 9], [18, 6, 19, 5], [20, 3, 21, 4], [22, 1, 23, 2], [24, 14, 1, 13], [2, 15, 3, 16], [4, 8, 5, 7], [6, 20, 7, 19], [8, 12, 9, 11], [10, 18, 11, 17], [12, 21, 13, 22], [14, 24, 15, 23]]"
12a_0280_80,"[[14, 24, 15, 23], [16, 10, 17, 9], [18, 6, 19, 5], [20, 3, 21, 4], [22, 1, 23, 2], [24, 14, 1, 13], [2, 15, 3, 16], [4, 8, 5, 7], [6, 20, 7, 19], [8, 12, 9, 11], [10, 18, 11, 17], [12, 21, 13, 22]]"
12a_0280_81,"[[12, 21, 13, 22], [14, 24, 15, 23], [16, 10, 17, 9], [18, 6, 19, 5], [20, 3, 21, 4], [22, 1, 23, 2], [24, 14, 1, 13], [2, 15, 3, 16], [4, 8, 5, 7], [6, 20, 7, 19], [8, 12, 9, 11], [10, 18, 11, 17]]"
12a_0280_82,"[[10, 18, 11, 17], [12, 21, 13, 22], [14, 24, 15, 23], [16, 10, 17, 9], [18, 6, 19, 5], [20, 3, 21, 4], [22, 1, 23, 2], [24, 14, 1, 13], [2, 15, 3, 16], [4, 8, 5, 7], [6, 20, 7, 19], [8, 12, 9, 11]]"
12a_0280_83,"[[8, 12, 9, 11], [10, 18, 11, 17], [12, 21, 13, 22], [14, 24, 15, 23], [16, 10, 17, 9], [18, 6, 19, 5], [20, 3, 21, 4], [22, 1, 23, 2], [24, 14, 1, 13], [2, 15, 3, 16], [4, 8, 5, 7], [6, 20, 7, 19]]"
12a_0280_84,"[[7, 21, 8, 20], [9, 13, 10, 12], [11, 19, 12, 18], [13, 22, 14, 23], [15, 1, 16, 24], [17, 11, 18, 10], [19, 7, 20, 6], [21, 4, 22, 5], [23, 2, 24, 3], [1, 15, 2, 14], [3, 16, 4, 17], [5, 9, 6, 8]]"
12a_0280_85,"[[5, 9, 6, 8], [7, 21, 8, 20], [9, 13, 10, 12], [11, 19, 12, 18], [13, 22, 14, 23], [15, 1, 16, 24], [17, 11, 18, 10], [19, 7, 20, 6], [21, 4, 22, 5], [23, 2, 24, 3], [1, 15, 2, 14], [3, 16, 4, 17]]"
12a_0280_86,"[[3, 16, 4, 17], [5, 9, 6, 8], [7, 21, 8, 20], [9, 13, 10, 12], [11, 19, 12, 18], [13, 22, 14, 23], [15, 1, 16, 24], [17, 11, 18, 10], [19, 7, 20, 6], [21, 4, 22, 5], [23, 2, 24, 3], [1, 15, 2, 14]]"
12a_0280_87,"[[1, 15, 2, 14], [3, 16, 4, 17], [5, 9, 6, 8], [7, 21, 8, 20], [9, 13, 10, 12], [11, 19, 12, 18], [13, 22, 14, 23], [15, 1, 16, 24], [17, 11, 18, 10], [19, 7, 20, 6], [21, 4, 22, 5], [23, 2, 24, 3]]"
12a_0280_88,"[[23, 2, 24, 3], [1, 15, 2, 14], [3, 16, 4, 17], [5, 9, 6, 8], [7, 21, 8, 20], [9, 13, 10, 12], [11, 19, 12, 18], [13, 22, 14, 23], [15, 1, 16, 24], [17, 11, 18, 10], [19, 7, 20, 6], [21, 4, 22, 5]]"
12a_0280_89,"[[21, 4, 22, 5], [23, 2, 24, 3], [1, 15, 2, 14], [3, 16, 4, 17], [5, 9, 6, 8], [7, 21, 8, 20], [9, 13, 10, 12], [11, 19, 12, 18], [13, 22, 14, 23], [15, 1, 16, 24], [17, 11, 18, 10], [19, 7, 20, 6]]"
12a_0280_90,"[[19, 7, 20, 6], [21, 4, 22, 5], [23, 2, 24, 3], [1, 15, 2, 14], [3, 16, 4, 17], [5, 9, 6, 8], [7, 21, 8, 20], [9, 13, 10, 12], [11, 19, 12, 18], [13, 22, 14, 23], [15, 1, 16, 24], [17, 11, 18, 10]]"
12a_0280_91,"[[17, 11, 18, 10], [19, 7, 20, 6], [21, 4, 22, 5], [23, 2, 24, 3], [1, 15, 2, 14], [3, 16, 4, 17], [5, 9, 6, 8], [7, 21, 8, 20], [9, 13, 10, 12], [11, 19, 12, 18], [13, 22, 14, 23], [15, 1, 16, 24]]"
12a_0280_92,"[[15, 1, 16, 24], [17, 11, 18, 10], [19, 7, 20, 6], [21, 4, 22, 5], [23, 2, 24, 3], [1, 15, 2, 14], [3, 16, 4, 17], [5, 9, 6, 8], [7, 21, 8, 20], [9, 13, 10, 12], [11, 19, 12, 18], [13, 22, 14, 23]]"
12a_0280_93,"[[13, 22, 14, 23], [15, 1, 16, 24], [17, 11, 18, 10], [19, 7, 20, 6], [21, 4, 22, 5], [23, 2, 24, 3], [1, 15, 2, 14], [3, 16, 4, 17], [5, 9, 6, 8], [7, 21, 8, 20], [9, 13, 10, 12], [11, 19, 12, 18]]"
12a_0280_94,"[[11, 19, 12, 18], [13, 22, 14, 23], [15, 1, 16, 24], [17, 11, 18, 10], [19, 7, 20, 6], [21, 4, 22, 5], [23, 2, 24, 3], [1, 15, 2, 14], [3, 16, 4, 17], [5, 9, 6, 8], [7, 21, 8, 20], [9, 13, 10, 12]]"
12a_0280_95,"[[9, 13, 10, 12], [11, 19, 12, 18], [13, 22, 14, 23], [15, 1, 16, 24], [17, 11, 18, 10], [19, 7, 20, 6], [21, 4, 22, 5], [23, 2, 24, 3], [1, 15, 2, 14], [3, 16, 4, 17], [5, 9, 6, 8], [7, 21, 8, 20]]"
12a_0280_96,"[[8, 22, 9, 21], [10, 14, 11, 13], [12, 20, 13, 19], [14, 23, 15, 24], [16, 2, 17, 1], [18, 12, 19, 11], [20, 8, 21, 7], [22, 5, 23, 6], [24, 3, 1, 4], [2, 16, 3, 15], [4, 17, 5, 18], [6, 10, 7, 9]]"
12a_0280_97,"[[6, 10, 7, 9], [8, 22, 9, 21], [10, 14, 11, 13], [12, 20, 13, 19], [14, 23, 15, 24], [16, 2, 17, 1], [18, 12, 19, 11], [20, 8, 21, 7], [22, 5, 23, 6], [24, 3, 1, 4], [2, 16, 3, 15], [4, 17, 5, 18]]"
12a_0280_98,"[[4, 17, 5, 18], [6, 10, 7, 9], [8, 22, 9, 21], [10, 14, 11, 13], [12, 20, 13, 19], [14, 23, 15, 24], [16, 2, 17, 1], [18, 12, 19, 11], [20, 8, 21, 7], [22, 5, 23, 6], [24, 3, 1, 4], [2, 16, 3, 15]]"
12a_0280_99,"[[2, 16, 3, 15], [4, 17, 5, 18], [6, 10, 7, 9], [8, 22, 9, 21], [10, 14, 11, 13], [12, 20, 13, 19], [14, 23, 15, 24], [16, 2, 17, 1], [18, 12, 19, 11], [20, 8, 21, 7], [22, 5, 23, 6], [24, 3, 1, 4]]"
12a_0280_100,"[[24, 3, 1, 4], [2, 16, 3, 15], [4, 17, 5, 18], [6, 10, 7, 9], [8, 22, 9, 21], [10, 14, 11, 13], [12, 20, 13, 19], [14, 23, 15, 24], [16, 2, 17, 1], [18, 12, 19, 11], [20, 8, 21, 7], [22, 5, 23, 6]]"
12a_0280_101,"[[22, 5, 23, 6], [24, 3, 1, 4], [2, 16, 3, 15], [4, 17, 5, 18], [6, 10, 7, 9], [8, 22, 9, 21], [10, 14, 11, 13], [12, 20, 13, 19], [14, 23, 15, 24], [16, 2, 17, 1], [18, 12, 19, 11], [20, 8, 21, 7]]"
12a_0280_102,"[[20, 8, 21, 7], [22, 5, 23, 6], [24, 3, 1, 4], [2, 16, 3, 15], [4, 17, 5, 18], [6, 10, 7, 9], [8, 22, 9, 21], [10, 14, 11, 13], [12, 20, 13, 19], [14, 23, 15, 24], [16, 2, 17, 1], [18, 12, 19, 11]]"
12a_0280_103,"[[18, 12, 19, 11], [20, 8, 21, 7], [22, 5, 23, 6], [24, 3, 1, 4], [2, 16, 3, 15], [4, 17, 5, 18], [6, 10, 7, 9], [8, 22, 9, 21], [10, 14, 11, 13], [12, 20, 13, 19], [14, 23, 15, 24], [16, 2, 17, 1]]"
12a_0280_104,"[[16, 2, 17, 1], [18, 12, 19, 11], [20, 8, 21, 7], [22, 5, 23, 6], [24, 3, 1, 4], [2, 16, 3, 15], [4, 17, 5, 18], [6, 10, 7, 9], [8, 22, 9, 21], [10, 14, 11, 13], [12, 20, 13, 19], [14, 23, 15, 24]]"
12a_0280_105,"[[14, 23, 15, 24], [16, 2, 17, 1], [18, 12, 19, 11], [20, 8, 21, 7], [22, 5, 23, 6], [24, 3, 1, 4], [2, 16, 3, 15], [4, 17, 5, 18], [6, 10, 7, 9], [8, 22, 9, 21], [10, 14, 11, 13], [12, 20, 13, 19]]"
12a_0280_106,"[[12, 20, 13, 19], [14, 23, 15, 24], [16, 2, 17, 1], [18, 12, 19, 11], [20, 8, 21, 7], [22, 5, 23, 6], [24, 3, 1, 4], [2, 16, 3, 15], [4, 17, 5, 18], [6, 10, 7, 9], [8, 22, 9, 21], [10, 14, 11, 13]]"
12a_0280_107,"[[10, 14, 11, 13], [12, 20, 13, 19], [14, 23, 15, 24], [16, 2, 17, 1], [18, 12, 19, 11], [20, 8, 21, 7], [22, 5, 23, 6], [24, 3, 1, 4], [2, 16, 3, 15], [4, 17, 5, 18], [6, 10, 7, 9], [8, 22, 9, 21]]"
12a_0280_108,"[[9, 23, 10, 22], [11, 15, 12, 14], [13, 21, 14, 20], [15, 24, 16, 1], [17, 3, 18, 2], [19, 13, 20, 12], [21, 9, 22, 8], [23, 6, 24, 7], [1, 4, 2, 5], [3, 17, 4, 16], [5, 18, 6, 19], [7, 11, 8, 10]]"
12a_0280_109,"[[7, 11, 8, 10], [9, 23, 10, 22], [11, 15, 12, 14], [13, 21, 14, 20], [15, 24, 16, 1], [17, 3, 18, 2], [19, 13, 20, 12], [21, 9, 22, 8], [23, 6, 24, 7], [1, 4, 2, 5], [3, 17, 4, 16], [5, 18, 6, 19]]"
12a_0280_110,"[[5, 18, 6, 19], [7, 11, 8, 10], [9, 23, 10, 22], [11, 15, 12, 14], [13, 21, 14, 20], [15, 24, 16, 1], [17, 3, 18, 2], [19, 13, 20, 12], [21, 9, 22, 8], [23, 6, 24, 7], [1, 4, 2, 5], [3, 17, 4, 16]]"
12a_0280_111,"[[3, 17, 4, 16], [5, 18, 6, 19], [7, 11, 8, 10], [9, 23, 10, 22], [11, 15, 12, 14], [13, 21, 14, 20], [15, 24, 16, 1], [17, 3, 18, 2], [19, 13, 20, 12], [21, 9, 22, 8], [23, 6, 24, 7], [1, 4, 2, 5]]"
12a_0280_112,"[[1, 4, 2, 5], [3, 17, 4, 16], [5, 18, 6, 19], [7, 11, 8, 10], [9, 23, 10, 22], [11, 15, 12, 14], [13, 21, 14, 20], [15, 24, 16, 1], [17, 3, 18, 2], [19, 13, 20, 12], [21, 9, 22, 8], [23, 6, 24, 7]]"
12a_0280_113,"[[23, 6, 24, 7], [1, 4, 2, 5], [3, 17, 4, 16], [5, 18, 6, 19], [7, 11, 8, 10], [9, 23, 10, 22], [11, 15, 12, 14], [13, 21, 14, 20], [15, 24, 16, 1], [17, 3, 18, 2], [19, 13, 20, 12], [21, 9, 22, 8]]"
12a_0280_114,"[[21, 9, 22, 8], [23, 6, 24, 7], [1, 4, 2, 5], [3, 17, 4, 16], [5, 18, 6, 19], [7, 11, 8, 10], [9, 23, 10, 22], [11, 15, 12, 14], [13, 21, 14, 20], [15, 24, 16, 1], [17, 3, 18, 2], [19, 13, 20, 12]]"
12a_0280_115,"[[19, 13, 20, 12], [21, 9, 22, 8], [23, 6, 24, 7], [1, 4, 2, 5], [3, 17, 4, 16], [5, 18, 6, 19], [7, 11, 8, 10], [9, 23, 10, 22], [11, 15, 12, 14], [13, 21, 14, 20], [15, 24, 16, 1], [17, 3, 18, 2]]"
12a_0280_116,"[[17, 3, 18, 2], [19, 13, 20, 12], [21, 9, 22, 8], [23, 6, 24, 7], [1, 4, 2, 5], [3, 17, 4, 16], [5, 18, 6, 19], [7, 11, 8, 10], [9, 23, 10, 22], [11, 15, 12, 14], [13, 21, 14, 20], [15, 24, 16, 1]]"
12a_0280_117,"[[15, 24, 16, 1], [17, 3, 18, 2], [19, 13, 20, 12], [21, 9, 22, 8], [23, 6, 24, 7], [1, 4, 2, 5], [3, 17, 4, 16], [5, 18, 6, 19], [7, 11, 8, 10], [9, 23, 10, 22], [11, 15, 12, 14], [13, 21, 14, 20]]"
12a_0280_118,"[[13, 21, 14, 20], [15, 24, 16, 1], [17, 3, 18, 2], [19, 13, 20, 12], [21, 9, 22, 8], [23, 6, 24, 7], [1, 4, 2, 5], [3, 17, 4, 16], [5, 18, 6, 19], [7, 11, 8, 10], [9, 23, 10, 22], [11, 15, 12, 14]]"
12a_0280_119,"[[11, 15, 12, 14], [13, 21, 14, 20], [15, 24, 16, 1], [17, 3, 18, 2], [19, 13, 20, 12], [21, 9, 22, 8], [23, 6, 24, 7], [1, 4, 2, 5], [3, 17, 4, 16], [5, 18, 6, 19], [7, 11, 8, 10], [9, 23, 10, 22]]"
12a_0280_120,"[[10, 24, 11, 23], [12, 16, 13, 15], [14, 22, 15, 21], [16, 1, 17, 2], [18, 4, 19, 3], [20, 14, 21, 13], [22, 10, 23, 9], [24, 7, 1, 8], [2, 5, 3, 6], [4, 18, 5, 17], [6, 19, 7, 20], [8, 12, 9, 11]]"
12a_0280_121,"[[8, 12, 9, 11], [10, 24, 11, 23], [12, 16, 13, 15], [14, 22, 15, 21], [16, 1, 17, 2], [18, 4, 19, 3], [20, 14, 21, 13], [22, 10, 23, 9], [24, 7, 1, 8], [2, 5, 3, 6], [4, 18, 5, 17], [6, 19, 7, 20]]"
12a_0280_122,"[[6, 19, 7, 20], [8, 12, 9, 11], [10, 24, 11, 23], [12, 16, 13, 15], [14, 22, 15, 21], [16, 1, 17, 2], [18, 4, 19, 3], [20, 14, 21, 13], [22, 10, 23, 9], [24, 7, 1, 8], [2, 5, 3, 6], [4, 18, 5, 17]]"
12a_0280_123,"[[4, 18, 5, 17], [6, 19, 7, 20], [8, 12, 9, 11], [10, 24, 11, 23], [12, 16, 13, 15], [14, 22, 15, 21], [16, 1, 17, 2], [18, 4, 19, 3], [20, 14, 21, 13], [22, 10, 23, 9], [24, 7, 1, 8], [2, 5, 3, 6]]"
12a_0280_124,"[[2, 5, 3, 6], [4, 18, 5, 17], [6, 19, 7, 20], [8, 12, 9, 11], [10, 24, 11, 23], [12, 16, 13, 15], [14, 22, 15, 21], [16, 1, 17, 2], [18, 4, 19, 3], [20, 14, 21, 13], [22, 10, 23, 9], [24, 7, 1, 8]]"
12a_0280_125,"[[24, 7, 1, 8], [2, 5, 3, 6], [4, 18, 5, 17], [6, 19, 7, 20], [8, 12, 9, 11], [10, 24, 11, 23], [12, 16, 13, 15], [14, 22, 15, 21], [16, 1, 17, 2], [18, 4, 19, 3], [20, 14, 21, 13], [22, 10, 23, 9]]"
12a_0280_126,"[[22, 10, 23, 9], [24, 7, 1, 8], [2, 5, 3, 6], [4, 18, 5, 17], [6, 19, 7, 20], [8, 12, 9, 11], [10, 24, 11, 23], [12, 16, 13, 15], [14, 22, 15, 21], [16, 1, 17, 2], [18, 4, 19, 3], [20, 14, 21, 13]]"
12a_0280_127,"[[20, 14, 21, 13], [22, 10, 23, 9], [24, 7, 1, 8], [2, 5, 3, 6], [4, 18, 5, 17], [6, 19, 7, 20], [8, 12, 9, 11], [10, 24, 11, 23], [12, 16, 13, 15], [14, 22, 15, 21], [16, 1, 17, 2], [18, 4, 19, 3]]"
12a_0280_128,"[[18, 4, 19, 3], [20, 14, 21, 13], [22, 10, 23, 9], [24, 7, 1, 8], [2, 5, 3, 6], [4, 18, 5, 17], [6, 19, 7, 20], [8, 12, 9, 11], [10, 24, 11, 23], [12, 16, 13, 15], [14, 22, 15, 21], [16, 1, 17, 2]]"
12a_0280_129,"[[16, 1, 17, 2], [18, 4, 19, 3], [20, 14, 21, 13], [22, 10, 23, 9], [24, 7, 1, 8], [2, 5, 3, 6], [4, 18, 5, 17], [6, 19, 7, 20], [8, 12, 9, 11], [10, 24, 11, 23], [12, 16, 13, 15], [14, 22, 15, 21]]"
12a_0280_130,"[[14, 22, 15, 21], [16, 1, 17, 2], [18, 4, 19, 3], [20, 14, 21, 13], [22, 10, 23, 9], [24, 7, 1, 8], [2, 5, 3, 6], [4, 18, 5, 17], [6, 19, 7, 20], [8, 12, 9, 11], [10, 24, 11, 23], [12, 16, 13, 15]]"
12a_0280_131,"[[12, 16, 13, 15], [14, 22, 15, 21], [16, 1, 17, 2], [18, 4, 19, 3], [20, 14, 21, 13], [22, 10, 23, 9], [24, 7, 1, 8], [2, 5, 3, 6], [4, 18, 5, 17], [6, 19, 7, 20], [8, 12, 9, 11], [10, 24, 11, 23]]"
12a_0280_132,"[[11, 1, 12, 24], [13, 17, 14, 16], [15, 23, 16, 22], [17, 2, 18, 3], [19, 5, 20, 4], [21, 15, 22, 14], [23, 11, 24, 10], [1, 8, 2, 9], [3, 6, 4, 7], [5, 19, 6, 18], [7, 20, 8, 21], [9, 13, 10, 12]]"
12a_0280_133,"[[9, 13, 10, 12], [11, 1, 12, 24], [13, 17, 14, 16], [15, 23, 16, 22], [17, 2, 18, 3], [19, 5, 20, 4], [21, 15, 22, 14], [23, 11, 24, 10], [1, 8, 2, 9], [3, 6, 4, 7], [5, 19, 6, 18], [7, 20, 8, 21]]"
12a_0280_134,"[[7, 20, 8, 21], [9, 13, 10, 12], [11, 1, 12, 24], [13, 17, 14, 16], [15, 23, 16, 22], [17, 2, 18, 3], [19, 5, 20, 4], [21, 15, 22, 14], [23, 11, 24, 10], [1, 8, 2, 9], [3, 6, 4, 7], [5, 19, 6, 18]]"
12a_0280_135,"[[5, 19, 6, 18], [7, 20, 8, 21], [9, 13, 10, 12], [11, 1, 12, 24], [13, 17, 14, 16], [15, 23, 16, 22], [17, 2, 18, 3], [19, 5, 20, 4], [21, 15, 22, 14], [23, 11, 24, 10], [1, 8, 2, 9], [3, 6, 4, 7]]"
12a_0280_136,"[[3, 6, 4, 7], [5, 19, 6, 18], [7, 20, 8, 21], [9, 13, 10, 12], [11, 1, 12, 24], [13, 17, 14, 16], [15, 23, 16, 22], [17, 2, 18, 3], [19, 5, 20, 4], [21, 15, 22, 14], [23, 11, 24, 10], [1, 8, 2, 9]]"
12a_0280_137,"[[1, 8, 2, 9], [3, 6, 4, 7], [5, 19, 6, 18], [7, 20, 8, 21], [9, 13, 10, 12], [11, 1, 12, 24], [13, 17, 14, 16], [15, 23, 16, 22], [17, 2, 18, 3], [19, 5, 20, 4], [21, 15, 22, 14], [23, 11, 24, 10]]"
12a_0280_138,"[[23, 11, 24, 10], [1, 8, 2, 9], [3, 6, 4, 7], [5, 19, 6, 18], [7, 20, 8, 21], [9, 13, 10, 12], [11, 1, 12, 24], [13, 17, 14, 16], [15, 23, 16, 22], [17, 2, 18, 3], [19, 5, 20, 4], [21, 15, 22, 14]]"
12a_0280_139,"[[21, 15, 22, 14], [23, 11, 24, 10], [1, 8, 2, 9], [3, 6, 4, 7], [5, 19, 6, 18], [7, 20, 8, 21], [9, 13, 10, 12], [11, 1, 12, 24], [13, 17, 14, 16], [15, 23, 16, 22], [17, 2, 18, 3], [19, 5, 20, 4]]"
12a_0280_140,"[[19, 5, 20, 4], [21, 15, 22, 14], [23, 11, 24, 10], [1, 8, 2, 9], [3, 6, 4, 7], [5, 19, 6, 18], [7, 20, 8, 21], [9, 13, 10, 12], [11, 1, 12, 24], [13, 17, 14, 16], [15, 23, 16, 22], [17, 2, 18, 3]]"
12a_0280_141,"[[17, 2, 18, 3], [19, 5, 20, 4], [21, 15, 22, 14], [23, 11, 24, 10], [1, 8, 2, 9], [3, 6, 4, 7], [5, 19, 6, 18], [7, 20, 8, 21], [9, 13, 10, 12], [11, 1, 12, 24], [13, 17, 14, 16], [15, 23, 16, 22]]"
12a_0280_142,"[[15, 23, 16, 22], [17, 2, 18, 3], [19, 5, 20, 4], [21, 15, 22, 14], [23, 11, 24, 10], [1, 8, 2, 9], [3, 6, 4, 7], [5, 19, 6, 18], [7, 20, 8, 21], [9, 13, 10, 12], [11, 1, 12, 24], [13, 17, 14, 16]]"
12a_0280_143,"[[13, 17, 14, 16], [15, 23, 16, 22], [17, 2, 18, 3], [19, 5, 20, 4], [21, 15, 22, 14], [23, 11, 24, 10], [1, 8, 2, 9], [3, 6, 4, 7], [5, 19, 6, 18], [7, 20, 8, 21], [9, 13, 10, 12], [11, 1, 12, 24]]"
12a_0280_144,"[[12, 2, 13, 1], [14, 18, 15, 17], [16, 24, 17, 23], [18, 3, 19, 4], [20, 6, 21, 5], [22, 16, 23, 15], [24, 12, 1, 11], [2, 9, 3, 10], [4, 7, 5, 8], [6, 20, 7, 19], [8, 21, 9, 22], [10, 14, 11, 13]]"
12a_0280_145,"[[10, 14, 11, 13], [12, 2, 13, 1], [14, 18, 15, 17], [16, 24, 17, 23], [18, 3, 19, 4], [20, 6, 21, 5], [22, 16, 23, 15], [24, 12, 1, 11], [2, 9, 3, 10], [4, 7, 5, 8], [6, 20, 7, 19], [8, 21, 9, 22]]"
12a_0280_146,"[[8, 21, 9, 22], [10, 14, 11, 13], [12, 2, 13, 1], [14, 18, 15, 17], [16, 24, 17, 23], [18, 3, 19, 4], [20, 6, 21, 5], [22, 16, 23, 15], [24, 12, 1, 11], [2, 9, 3, 10], [4, 7, 5, 8], [6, 20, 7, 19]]"
12a_0280_147,"[[6, 20, 7, 19], [8, 21, 9, 22], [10, 14, 11, 13], [12, 2, 13, 1], [14, 18, 15, 17], [16, 24, 17, 23], [18, 3, 19, 4], [20, 6, 21, 5], [22, 16, 23, 15], [24, 12, 1, 11], [2, 9, 3, 10], [4, 7, 5, 8]]"
12a_0280_148,"[[4, 7, 5, 8], [6, 20, 7, 19], [8, 21, 9, 22], [10, 14, 11, 13], [12, 2, 13, 1], [14, 18, 15, 17], [16, 24, 17, 23], [18, 3, 19, 4], [20, 6, 21, 5], [22, 16, 23, 15], [24, 12, 1, 11], [2, 9, 3, 10]]"
12a_0280_149,"[[2, 9, 3, 10], [4, 7, 5, 8], [6, 20, 7, 19], [8, 21, 9, 22], [10, 14, 11, 13], [12, 2, 13, 1], [14, 18, 15, 17], [16, 24, 17, 23], [18, 3, 19, 4], [20, 6, 21, 5], [22, 16, 23, 15], [24, 12, 1, 11]]"
12a_0280_150,"[[24, 12, 1, 11], [2, 9, 3, 10], [4, 7, 5, 8], [6, 20, 7, 19], [8, 21, 9, 22], [10, 14, 11, 13], [12, 2, 13, 1], [14, 18, 15, 17], [16, 24, 17, 23], [18, 3, 19, 4], [20, 6, 21, 5], [22, 16, 23, 15]]"
12a_0280_151,"[[22, 16, 23, 15], [24, 12, 1, 11], [2, 9, 3, 10], [4, 7, 5, 8], [6, 20, 7, 19], [8, 21, 9, 22], [10, 14, 11, 13], [12, 2, 13, 1], [14, 18, 15, 17], [16, 24, 17, 23], [18, 3, 19, 4], [20, 6, 21, 5]]"
12a_0280_152,"[[20, 6, 21, 5], [22, 16, 23, 15], [24, 12, 1, 11], [2, 9, 3, 10], [4, 7, 5, 8], [6, 20, 7, 19], [8, 21, 9, 22], [10, 14, 11, 13], [12, 2, 13, 1], [14, 18, 15, 17], [16, 24, 17, 23], [18, 3, 19, 4]]"
12a_0280_153,"[[18, 3, 19, 4], [20, 6, 21, 5], [22, 16, 23, 15], [24, 12, 1, 11], [2, 9, 3, 10], [4, 7, 5, 8], [6, 20, 7, 19], [8, 21, 9, 22], [10, 14, 11, 13], [12, 2, 13, 1], [14, 18, 15, 17], [16, 24, 17, 23]]"
12a_0280_154,"[[16, 24, 17, 23], [18, 3, 19, 4], [20, 6, 21, 5], [22, 16, 23, 15], [24, 12, 1, 11], [2, 9, 3, 10], [4, 7, 5, 8], [6, 20, 7, 19], [8, 21, 9, 22], [10, 14, 11, 13], [12, 2, 13, 1], [14, 18, 15, 17]]"
12a_0280_155,"[[14, 18, 15, 17], [16, 24, 17, 23], [18, 3, 19, 4], [20, 6, 21, 5], [22, 16, 23, 15], [24, 12, 1, 11], [2, 9, 3, 10], [4, 7, 5, 8], [6, 20, 7, 19], [8, 21, 9, 22], [10, 14, 11, 13], [12, 2, 13, 1]]"
12a_0280_156,"[[13, 3, 14, 2], [15, 19, 16, 18], [17, 1, 18, 24], [19, 4, 20, 5], [21, 7, 22, 6], [23, 17, 24, 16], [1, 13, 2, 12], [3, 10, 4, 11], [5, 8, 6, 9], [7, 21, 8, 20], [9, 22, 10, 23], [11, 15, 12, 14]]"
12a_0280_157,"[[11, 15, 12, 14], [13, 3, 14, 2], [15, 19, 16, 18], [17, 1, 18, 24], [19, 4, 20, 5], [21, 7, 22, 6], [23, 17, 24, 16], [1, 13, 2, 12], [3, 10, 4, 11], [5, 8, 6, 9], [7, 21, 8, 20], [9, 22, 10, 23]]"
12a_0280_158,"[[9, 22, 10, 23], [11, 15, 12, 14], [13, 3, 14, 2], [15, 19, 16, 18], [17, 1, 18, 24], [19, 4, 20, 5], [21, 7, 22, 6], [23, 17, 24, 16], [1, 13, 2, 12], [3, 10, 4, 11], [5, 8, 6, 9], [7, 21, 8, 20]]"
12a_0280_159,"[[7, 21, 8, 20], [9, 22, 10, 23], [11, 15, 12, 14], [13, 3, 14, 2], [15, 19, 16, 18], [17, 1, 18, 24], [19, 4, 20, 5], [21, 7, 22, 6], [23, 17, 24, 16], [1, 13, 2, 12], [3, 10, 4, 11], [5, 8, 6, 9]]"
12a_0280_160,"[[5, 8, 6, 9], [7, 21, 8, 20], [9, 22, 10, 23], [11, 15, 12, 14], [13, 3, 14, 2], [15, 19, 16, 18], [17, 1, 18, 24], [19, 4, 20, 5], [21, 7, 22, 6], [23, 17, 24, 16], [1, 13, 2, 12], [3, 10, 4, 11]]"
12a_0280_161,"[[3, 10, 4, 11], [5, 8, 6, 9], [7, 21, 8, 20], [9, 22, 10, 23], [11, 15, 12, 14], [13, 3, 14, 2], [15, 19, 16, 18], [17, 1, 18, 24], [19, 4, 20, 5], [21, 7, 22, 6], [23, 17, 24, 16], [1, 13, 2, 12]]"
12a_0280_162,"[[1, 13, 2, 12], [3, 10, 4, 11], [5, 8, 6, 9], [7, 21, 8, 20], [9, 22, 10, 23], [11, 15, 12, 14], [13, 3, 14, 2], [15, 19, 16, 18], [17, 1, 18, 24], [19, 4, 20, 5], [21, 7, 22, 6], [23, 17, 24, 16]]"
12a_0280_163,"[[23, 17, 24, 16], [1, 13, 2, 12], [3, 10, 4, 11], [5, 8, 6, 9], [7, 21, 8, 20], [9, 22, 10, 23], [11, 15, 12, 14], [13, 3, 14, 2], [15, 19, 16, 18], [17, 1, 18, 24], [19, 4, 20, 5], [21, 7, 22, 6]]"
12a_0280_164,"[[21, 7, 22, 6], [23, 17, 24, 16], [1, 13, 2, 12], [3, 10, 4, 11], [5, 8, 6, 9], [7, 21, 8, 20], [9, 22, 10, 23], [11, 15, 12, 14], [13, 3, 14, 2], [15, 19, 16, 18], [17, 1, 18, 24], [19, 4, 20, 5]]"
12a_0280_165,"[[19, 4, 20, 5], [21, 7, 22, 6], [23, 17, 24, 16], [1, 13, 2, 12], [3, 10, 4, 11], [5, 8, 6, 9], [7, 21, 8, 20], [9, 22, 10, 23], [11, 15, 12, 14], [13, 3, 14, 2], [15, 19, 16, 18], [17, 1, 18, 24]]"
12a_0280_166,"[[17, 1, 18, 24], [19, 4, 20, 5], [21, 7, 22, 6], [23, 17, 24, 16], [1, 13, 2, 12], [3, 10, 4, 11], [5, 8, 6, 9], [7, 21, 8, 20], [9, 22, 10, 23], [11, 15, 12, 14], [13, 3, 14, 2], [15, 19, 16, 18]]"
12a_0280_167,"[[15, 19, 16, 18], [17, 1, 18, 24], [19, 4, 20, 5], [21, 7, 22, 6], [23, 17, 24, 16], [1, 13, 2, 12], [3, 10, 4, 11], [5, 8, 6, 9], [7, 21, 8, 20], [9, 22, 10, 23], [11, 15, 12, 14], [13, 3, 14, 2]]"
12a_0280_168,"[[14, 4, 15, 3], [16, 20, 17, 19], [18, 2, 19, 1], [20, 5, 21, 6], [22, 8, 23, 7], [24, 18, 1, 17], [2, 14, 3, 13], [4, 11, 5, 12], [6, 9, 7, 10], [8, 22, 9, 21], [10, 23, 11, 24], [12, 16, 13, 15]]"
12a_0280_169,"[[12, 16, 13, 15], [14, 4, 15, 3], [16, 20, 17, 19], [18, 2, 19, 1], [20, 5, 21, 6], [22, 8, 23, 7], [24, 18, 1, 17], [2, 14, 3, 13], [4, 11, 5, 12], [6, 9, 7, 10], [8, 22, 9, 21], [10, 23, 11, 24]]"
12a_0280_170,"[[10, 23, 11, 24], [12, 16, 13, 15], [14, 4, 15, 3], [16, 20, 17, 19], [18, 2, 19, 1], [20, 5, 21, 6], [22, 8, 23, 7], [24, 18, 1, 17], [2, 14, 3, 13], [4, 11, 5, 12], [6, 9, 7, 10], [8, 22, 9, 21]]"
12a_0280_171,"[[8, 22, 9, 21], [10, 23, 11, 24], [12, 16, 13, 15], [14, 4, 15, 3], [16, 20, 17, 19], [18, 2, 19, 1], [20, 5, 21, 6], [22, 8, 23, 7], [24, 18, 1, 17], [2, 14, 3, 13], [4, 11, 5, 12], [6, 9, 7, 10]]"
12a_0280_172,"[[6, 9, 7, 10], [8, 22, 9, 21], [10, 23, 11, 24], [12, 16, 13, 15], [14, 4, 15, 3], [16, 20, 17, 19], [18, 2, 19, 1], [20, 5, 21, 6], [22, 8, 23, 7], [24, 18, 1, 17], [2, 14, 3, 13], [4, 11, 5, 12]]"
12a_0280_173,"[[4, 11, 5, 12], [6, 9, 7, 10], [8, 22, 9, 21], [10, 23, 11, 24], [12, 16, 13, 15], [14, 4, 15, 3], [16, 20, 17, 19], [18, 2, 19, 1], [20, 5, 21, 6], [22, 8, 23, 7], [24, 18, 1, 17], [2, 14, 3, 13]]"
12a_0280_174,"[[2, 14, 3, 13], [4, 11, 5, 12], [6, 9, 7, 10], [8, 22, 9, 21], [10, 23, 11, 24], [12, 16, 13, 15], [14, 4, 15, 3], [16, 20, 17, 19], [18, 2, 19, 1], [20, 5, 21, 6], [22, 8, 23, 7], [24, 18, 1, 17]]"
12a_0280_175,"[[24, 18, 1, 17], [2, 14, 3, 13], [4, 11, 5, 12], [6, 9, 7, 10], [8, 22, 9, 21], [10, 23, 11, 24], [12, 16, 13, 15], [14, 4, 15, 3], [16, 20, 17, 19], [18, 2, 19, 1], [20, 5, 21, 6], [22, 8, 23, 7]]"
12a_0280_176,"[[22, 8, 23, 7], [24, 18, 1, 17], [2, 14, 3, 13], [4, 11, 5, 12], [6, 9, 7, 10], [8, 22, 9, 21], [10, 23, 11, 24], [12, 16, 13, 15], [14, 4, 15, 3], [16, 20, 17, 19], [18, 2, 19, 1], [20, 5, 21, 6]]"
12a_0280_177,"[[20, 5, 21, 6], [22, 8, 23, 7], [24, 18, 1, 17], [2, 14, 3, 13], [4, 11, 5, 12], [6, 9, 7, 10], [8, 22, 9, 21], [10, 23, 11, 24], [12, 16, 13, 15], [14, 4, 15, 3], [16, 20, 17, 19], [18, 2, 19, 1]]"
12a_0280_178,"[[18, 2, 19, 1], [20, 5, 21, 6], [22, 8, 23, 7], [24, 18, 1, 17], [2, 14, 3, 13], [4, 11, 5, 12], [6, 9, 7, 10], [8, 22, 9, 21], [10, 23, 11, 24], [12, 16, 13, 15], [14, 4, 15, 3], [16, 20, 17, 19]]"
12a_0280_179,"[[16, 20, 17, 19], [18, 2, 19, 1], [20, 5, 21, 6], [22, 8, 23, 7], [24, 18, 1, 17], [2, 14, 3, 13], [4, 11, 5, 12], [6, 9, 7, 10], [8, 22, 9, 21], [10, 23, 11, 24], [12, 16, 13, 15], [14, 4, 15, 3]]"
12a_0280_180,"[[15, 5, 16, 4], [17, 21, 18, 20], [19, 3, 20, 2], [21, 6, 22, 7], [23, 9, 24, 8], [1, 19, 2, 18], [3, 15, 4, 14], [5, 12, 6, 13], [7, 10, 8, 11], [9, 23, 10, 22], [11, 24, 12, 1], [13, 17, 14, 16]]"
12a_0280_181,"[[13, 17, 14, 16], [15, 5, 16, 4], [17, 21, 18, 20], [19, 3, 20, 2], [21, 6, 22, 7], [23, 9, 24, 8], [1, 19, 2, 18], [3, 15, 4, 14], [5, 12, 6, 13], [7, 10, 8, 11], [9, 23, 10, 22], [11, 24, 12, 1]]"
12a_0280_182,"[[11, 24, 12, 1], [13, 17, 14, 16], [15, 5, 16, 4], [17, 21, 18, 20], [19, 3, 20, 2], [21, 6, 22, 7], [23, 9, 24, 8], [1, 19, 2, 18], [3, 15, 4, 14], [5, 12, 6, 13], [7, 10, 8, 11], [9, 23, 10, 22]]"
12a_0280_183,"[[9, 23, 10, 22], [11, 24, 12, 1], [13, 17, 14, 16], [15, 5, 16, 4], [17, 21, 18, 20], [19, 3, 20, 2], [21, 6, 22, 7], [23, 9, 24, 8], [1, 19, 2, 18], [3, 15, 4, 14], [5, 12, 6, 13], [7, 10, 8, 11]]"
12a_0280_184,"[[7, 10, 8, 11], [9, 23, 10, 22], [11, 24, 12, 1], [13, 17, 14, 16], [15, 5, 16, 4], [17, 21, 18, 20], [19, 3, 20, 2], [21, 6, 22, 7], [23, 9, 24, 8], [1, 19, 2, 18], [3, 15, 4, 14], [5, 12, 6, 13]]"
12a_0280_185,"[[5, 12, 6, 13], [7, 10, 8, 11], [9, 23, 10, 22], [11, 24, 12, 1], [13, 17, 14, 16], [15, 5, 16, 4], [17, 21, 18, 20], [19, 3, 20, 2], [21, 6, 22, 7], [23, 9, 24, 8], [1, 19, 2, 18], [3, 15, 4, 14]]"
