name,pd_notation
12a_0256_0,"[[24, 18, 1, 17], [2, 6, 3, 5], [4, 11, 5, 12], [6, 14, 7, 13], [8, 20, 9, 19], [10, 24, 11, 23], [12, 3, 13, 4], [14, 21, 15, 22], [16, 2, 17, 1], [18, 10, 19, 9], [20, 15, 21, 16], [22, 8, 23, 7]]"
12a_0256_1,"[[22, 8, 23, 7], [24, 18, 1, 17], [2, 6, 3, 5], [4, 11, 5, 12], [6, 14, 7, 13], [8, 20, 9, 19], [10, 24, 11, 23], [12, 3, 13, 4], [14, 21, 15, 22], [16, 2, 17, 1], [18, 10, 19, 9], [20, 15, 21, 16]]"
12a_0256_2,"[[20, 15, 21, 16], [22, 8, 23, 7], [24, 18, 1, 17], [2, 6, 3, 5], [4, 11, 5, 12], [6, 14, 7, 13], [8, 20, 9, 19], [10, 24, 11, 23], [12, 3, 13, 4], [14, 21, 15, 22], [16, 2, 17, 1], [18, 10, 19, 9]]"
12a_0256_3,"[[18, 10, 19, 9], [20, 15, 21, 16], [22, 8, 23, 7], [24, 18, 1, 17], [2, 6, 3, 5], [4, 11, 5, 12], [6, 14, 7, 13], [8, 20, 9, 19], [10, 24, 11, 23], [12, 3, 13, 4], [14, 21, 15, 22], [16, 2, 17, 1]]"
12a_0256_4,"[[16, 2, 17, 1], [18, 10, 19, 9], [20, 15, 21, 16], [22, 8, 23, 7], [24, 18, 1, 17], [2, 6, 3, 5], [4, 11, 5, 12], [6, 14, 7, 13], [8, 20, 9, 19], [10, 24, 11, 23], [12, 3, 13, 4], [14, 21, 15, 22]]"
12a_0256_5,"[[14, 21, 15, 22], [16, 2, 17, 1], [18, 10, 19, 9], [20, 15, 21, 16], [22, 8, 23, 7], [24, 18, 1, 17], [2, 6, 3, 5], [4, 11, 5, 12], [6, 14, 7, 13], [8, 20, 9, 19], [10, 24, 11, 23], [12, 3, 13, 4]]"
12a_0256_6,"[[12, 3, 13, 4], [14, 21, 15, 22], [16, 2, 17, 1], [18, 10, 19, 9], [20, 15, 21, 16], [22, 8, 23, 7], [24, 18, 1, 17], [2, 6, 3, 5], [4, 11, 5, 12], [6, 14, 7, 13], [8, 20, 9, 19], [10, 24, 11, 23]]"
12a_0256_7,"[[10, 24, 11, 23], [12, 3, 13, 4], [14, 21, 15, 22], [16, 2, 17, 1], [18, 10, 19, 9], [20, 15, 21, 16], [22, 8, 23, 7], [24, 18, 1, 17], [2, 6, 3, 5], [4, 11, 5, 12], [6, 14, 7, 13], [8, 20, 9, 19]]"
12a_0256_8,"[[8, 20, 9, 19], [10, 24, 11, 23], [12, 3, 13, 4], [14, 21, 15, 22], [16, 2, 17, 1], [18, 10, 19, 9], [20, 15, 21, 16], [22, 8, 23, 7], [24, 18, 1, 17], [2, 6, 3, 5], [4, 11, 5, 12], [6, 14, 7, 13]]"
12a_0256_9,"[[6, 14, 7, 13], [8, 20, 9, 19], [10, 24, 11, 23], [12, 3, 13, 4], [14, 21, 15, 22], [16, 2, 17, 1], [18, 10, 19, 9], [20, 15, 21, 16], [22, 8, 23, 7], [24, 18, 1, 17], [2, 6, 3, 5], [4, 11, 5, 12]]"
12a_0256_10,"[[4, 11, 5, 12], [6, 14, 7, 13], [8, 20, 9, 19], [10, 24, 11, 23], [12, 3, 13, 4], [14, 21, 15, 22], [16, 2, 17, 1], [18, 10, 19, 9], [20, 15, 21, 16], [22, 8, 23, 7], [24, 18, 1, 17], [2, 6, 3, 5]]"
12a_0256_11,"[[2, 6, 3, 5], [4, 11, 5, 12], [6, 14, 7, 13], [8, 20, 9, 19], [10, 24, 11, 23], [12, 3, 13, 4], [14, 21, 15, 22], [16, 2, 17, 1], [18, 10, 19, 9], [20, 15, 21, 16], [22, 8, 23, 7], [24, 18, 1, 17]]"
12a_0256_12,"[[1, 19, 2, 18], [3, 7, 4, 6], [5, 12, 6, 13], [7, 15, 8, 14], [9, 21, 10, 20], [11, 1, 12, 24], [13, 4, 14, 5], [15, 22, 16, 23], [17, 3, 18, 2], [19, 11, 20, 10], [21, 16, 22, 17], [23, 9, 24, 8]]"
12a_0256_13,"[[23, 9, 24, 8], [1, 19, 2, 18], [3, 7, 4, 6], [5, 12, 6, 13], [7, 15, 8, 14], [9, 21, 10, 20], [11, 1, 12, 24], [13, 4, 14, 5], [15, 22, 16, 23], [17, 3, 18, 2], [19, 11, 20, 10], [21, 16, 22, 17]]"
12a_0256_14,"[[21, 16, 22, 17], [23, 9, 24, 8], [1, 19, 2, 18], [3, 7, 4, 6], [5, 12, 6, 13], [7, 15, 8, 14], [9, 21, 10, 20], [11, 1, 12, 24], [13, 4, 14, 5], [15, 22, 16, 23], [17, 3, 18, 2], [19, 11, 20, 10]]"
12a_0256_15,"[[19, 11, 20, 10], [21, 16, 22, 17], [23, 9, 24, 8], [1, 19, 2, 18], [3, 7, 4, 6], [5, 12, 6, 13], [7, 15, 8, 14], [9, 21, 10, 20], [11, 1, 12, 24], [13, 4, 14, 5], [15, 22, 16, 23], [17, 3, 18, 2]]"
12a_0256_16,"[[17, 3, 18, 2], [19, 11, 20, 10], [21, 16, 22, 17], [23, 9, 24, 8], [1, 19, 2, 18], [3, 7, 4, 6], [5, 12, 6, 13], [7, 15, 8, 14], [9, 21, 10, 20], [11, 1, 12, 24], [13, 4, 14, 5], [15, 22, 16, 23]]"
12a_0256_17,"[[15, 22, 16, 23], [17, 3, 18, 2], [19, 11, 20, 10], [21, 16, 22, 17], [23, 9, 24, 8], [1, 19, 2, 18], [3, 7, 4, 6], [5, 12, 6, 13], [7, 15, 8, 14], [9, 21, 10, 20], [11, 1, 12, 24], [13, 4, 14, 5]]"
12a_0256_18,"[[13, 4, 14, 5], [15, 22, 16, 23], [17, 3, 18, 2], [19, 11, 20, 10], [21, 16, 22, 17], [23, 9, 24, 8], [1, 19, 2, 18], [3, 7, 4, 6], [5, 12, 6, 13], [7, 15, 8, 14], [9, 21, 10, 20], [11, 1, 12, 24]]"
12a_0256_19,"[[11, 1, 12, 24], [13, 4, 14, 5], [15, 22, 16, 23], [17, 3, 18, 2], [19, 11, 20, 10], [21, 16, 22, 17], [23, 9, 24, 8], [1, 19, 2, 18], [3, 7, 4, 6], [5, 12, 6, 13], [7, 15, 8, 14], [9, 21, 10, 20]]"
12a_0256_20,"[[9, 21, 10, 20], [11, 1, 12, 24], [13, 4, 14, 5], [15, 22, 16, 23], [17, 3, 18, 2], [19, 11, 20, 10], [21, 16, 22, 17], [23, 9, 24, 8], [1, 19, 2, 18], [3, 7, 4, 6], [5, 12, 6, 13], [7, 15, 8, 14]]"
12a_0256_21,"[[7, 15, 8, 14], [9, 21, 10, 20], [11, 1, 12, 24], [13, 4, 14, 5], [15, 22, 16, 23], [17, 3, 18, 2], [19, 11, 20, 10], [21, 16, 22, 17], [23, 9, 24, 8], [1, 19, 2, 18], [3, 7, 4, 6], [5, 12, 6, 13]]"
12a_0256_22,"[[5, 12, 6, 13], [7, 15, 8, 14], [9, 21, 10, 20], [11, 1, 12, 24], [13, 4, 14, 5], [15, 22, 16, 23], [17, 3, 18, 2], [19, 11, 20, 10], [21, 16, 22, 17], [23, 9, 24, 8], [1, 19, 2, 18], [3, 7, 4, 6]]"
12a_0256_23,"[[3, 7, 4, 6], [5, 12, 6, 13], [7, 15, 8, 14], [9, 21, 10, 20], [11, 1, 12, 24], [13, 4, 14, 5], [15, 22, 16, 23], [17, 3, 18, 2], [19, 11, 20, 10], [21, 16, 22, 17], [23, 9, 24, 8], [1, 19, 2, 18]]"
12a_0256_24,"[[2, 20, 3, 19], [4, 8, 5, 7], [6, 13, 7, 14], [8, 16, 9, 15], [10, 22, 11, 21], [12, 2, 13, 1], [14, 5, 15, 6], [16, 23, 17, 24], [18, 4, 19, 3], [20, 12, 21, 11], [22, 17, 23, 18], [24, 10, 1, 9]]"
12a_0256_25,"[[24, 10, 1, 9], [2, 20, 3, 19], [4, 8, 5, 7], [6, 13, 7, 14], [8, 16, 9, 15], [10, 22, 11, 21], [12, 2, 13, 1], [14, 5, 15, 6], [16, 23, 17, 24], [18, 4, 19, 3], [20, 12, 21, 11], [22, 17, 23, 18]]"
12a_0256_26,"[[22, 17, 23, 18], [24, 10, 1, 9], [2, 20, 3, 19], [4, 8, 5, 7], [6, 13, 7, 14], [8, 16, 9, 15], [10, 22, 11, 21], [12, 2, 13, 1], [14, 5, 15, 6], [16, 23, 17, 24], [18, 4, 19, 3], [20, 12, 21, 11]]"
12a_0256_27,"[[20, 12, 21, 11], [22, 17, 23, 18], [24, 10, 1, 9], [2, 20, 3, 19], [4, 8, 5, 7], [6, 13, 7, 14], [8, 16, 9, 15], [10, 22, 11, 21], [12, 2, 13, 1], [14, 5, 15, 6], [16, 23, 17, 24], [18, 4, 19, 3]]"
12a_0256_28,"[[18, 4, 19, 3], [20, 12, 21, 11], [22, 17, 23, 18], [24, 10, 1, 9], [2, 20, 3, 19], [4, 8, 5, 7], [6, 13, 7, 14], [8, 16, 9, 15], [10, 22, 11, 21], [12, 2, 13, 1], [14, 5, 15, 6], [16, 23, 17, 24]]"
12a_0256_29,"[[16, 23, 17, 24], [18, 4, 19, 3], [20, 12, 21, 11], [22, 17, 23, 18], [24, 10, 1, 9], [2, 20, 3, 19], [4, 8, 5, 7], [6, 13, 7, 14], [8, 16, 9, 15], [10, 22, 11, 21], [12, 2, 13, 1], [14, 5, 15, 6]]"
12a_0256_30,"[[14, 5, 15, 6], [16, 23, 17, 24], [18, 4, 19, 3], [20, 12, 21, 11], [22, 17, 23, 18], [24, 10, 1, 9], [2, 20, 3, 19], [4, 8, 5, 7], [6, 13, 7, 14], [8, 16, 9, 15], [10, 22, 11, 21], [12, 2, 13, 1]]"
12a_0256_31,"[[12, 2, 13, 1], [14, 5, 15, 6], [16, 23, 17, 24], [18, 4, 19, 3], [20, 12, 21, 11], [22, 17, 23, 18], [24, 10, 1, 9], [2, 20, 3, 19], [4, 8, 5, 7], [6, 13, 7, 14], [8, 16, 9, 15], [10, 22, 11, 21]]"
12a_0256_32,"[[10, 22, 11, 21], [12, 2, 13, 1], [14, 5, 15, 6], [16, 23, 17, 24], [18, 4, 19, 3], [20, 12, 21, 11], [22, 17, 23, 18], [24, 10, 1, 9], [2, 20, 3, 19], [4, 8, 5, 7], [6, 13, 7, 14], [8, 16, 9, 15]]"
12a_0256_33,"[[8, 16, 9, 15], [10, 22, 11, 21], [12, 2, 13, 1], [14, 5, 15, 6], [16, 23, 17, 24], [18, 4, 19, 3], [20, 12, 21, 11], [22, 17, 23, 18], [24, 10, 1, 9], [2, 20, 3, 19], [4, 8, 5, 7], [6, 13, 7, 14]]"
12a_0256_34,"[[6, 13, 7, 14], [8, 16, 9, 15], [10, 22, 11, 21], [12, 2, 13, 1], [14, 5, 15, 6], [16, 23, 17, 24], [18, 4, 19, 3], [20, 12, 21, 11], [22, 17, 23, 18], [24, 10, 1, 9], [2, 20, 3, 19], [4, 8, 5, 7]]"
12a_0256_35,"[[4, 8, 5, 7], [6, 13, 7, 14], [8, 16, 9, 15], [10, 22, 11, 21], [12, 2, 13, 1], [14, 5, 15, 6], [16, 23, 17, 24], [18, 4, 19, 3], [20, 12, 21, 11], [22, 17, 23, 18], [24, 10, 1, 9], [2, 20, 3, 19]]"
12a_0256_36,"[[3, 21, 4, 20], [5, 9, 6, 8], [7, 14, 8, 15], [9, 17, 10, 16], [11, 23, 12, 22], [13, 3, 14, 2], [15, 6, 16, 7], [17, 24, 18, 1], [19, 5, 20, 4], [21, 13, 22, 12], [23, 18, 24, 19], [1, 11, 2, 10]]"
12a_0256_37,"[[1, 11, 2, 10], [3, 21, 4, 20], [5, 9, 6, 8], [7, 14, 8, 15], [9, 17, 10, 16], [11, 23, 12, 22], [13, 3, 14, 2], [15, 6, 16, 7], [17, 24, 18, 1], [19, 5, 20, 4], [21, 13, 22, 12], [23, 18, 24, 19]]"
12a_0256_38,"[[23, 18, 24, 19], [1, 11, 2, 10], [3, 21, 4, 20], [5, 9, 6, 8], [7, 14, 8, 15], [9, 17, 10, 16], [11, 23, 12, 22], [13, 3, 14, 2], [15, 6, 16, 7], [17, 24, 18, 1], [19, 5, 20, 4], [21, 13, 22, 12]]"
12a_0256_39,"[[21, 13, 22, 12], [23, 18, 24, 19], [1, 11, 2, 10], [3, 21, 4, 20], [5, 9, 6, 8], [7, 14, 8, 15], [9, 17, 10, 16], [11, 23, 12, 22], [13, 3, 14, 2], [15, 6, 16, 7], [17, 24, 18, 1], [19, 5, 20, 4]]"
12a_0256_40,"[[19, 5, 20, 4], [21, 13, 22, 12], [23, 18, 24, 19], [1, 11, 2, 10], [3, 21, 4, 20], [5, 9, 6, 8], [7, 14, 8, 15], [9, 17, 10, 16], [11, 23, 12, 22], [13, 3, 14, 2], [15, 6, 16, 7], [17, 24, 18, 1]]"
12a_0256_41,"[[17, 24, 18, 1], [19, 5, 20, 4], [21, 13, 22, 12], [23, 18, 24, 19], [1, 11, 2, 10], [3, 21, 4, 20], [5, 9, 6, 8], [7, 14, 8, 15], [9, 17, 10, 16], [11, 23, 12, 22], [13, 3, 14, 2], [15, 6, 16, 7]]"
12a_0256_42,"[[15, 6, 16, 7], [17, 24, 18, 1], [19, 5, 20, 4], [21, 13, 22, 12], [23, 18, 24, 19], [1, 11, 2, 10], [3, 21, 4, 20], [5, 9, 6, 8], [7, 14, 8, 15], [9, 17, 10, 16], [11, 23, 12, 22], [13, 3, 14, 2]]"
12a_0256_43,"[[13, 3, 14, 2], [15, 6, 16, 7], [17, 24, 18, 1], [19, 5, 20, 4], [21, 13, 22, 12], [23, 18, 24, 19], [1, 11, 2, 10], [3, 21, 4, 20], [5, 9, 6, 8], [7, 14, 8, 15], [9, 17, 10, 16], [11, 23, 12, 22]]"
12a_0256_44,"[[11, 23, 12, 22], [13, 3, 14, 2], [15, 6, 16, 7], [17, 24, 18, 1], [19, 5, 20, 4], [21, 13, 22, 12], [23, 18, 24, 19], [1, 11, 2, 10], [3, 21, 4, 20], [5, 9, 6, 8], [7, 14, 8, 15], [9, 17, 10, 16]]"
12a_0256_45,"[[9, 17, 10, 16], [11, 23, 12, 22], [13, 3, 14, 2], [15, 6, 16, 7], [17, 24, 18, 1], [19, 5, 20, 4], [21, 13, 22, 12], [23, 18, 24, 19], [1, 11, 2, 10], [3, 21, 4, 20], [5, 9, 6, 8], [7, 14, 8, 15]]"
12a_0256_46,"[[7, 14, 8, 15], [9, 17, 10, 16], [11, 23, 12, 22], [13, 3, 14, 2], [15, 6, 16, 7], [17, 24, 18, 1], [19, 5, 20, 4], [21, 13, 22, 12], [23, 18, 24, 19], [1, 11, 2, 10], [3, 21, 4, 20], [5, 9, 6, 8]]"
12a_0256_47,"[[5, 9, 6, 8], [7, 14, 8, 15], [9, 17, 10, 16], [11, 23, 12, 22], [13, 3, 14, 2], [15, 6, 16, 7], [17, 24, 18, 1], [19, 5, 20, 4], [21, 13, 22, 12], [23, 18, 24, 19], [1, 11, 2, 10], [3, 21, 4, 20]]"
12a_0256_48,"[[4, 22, 5, 21], [6, 10, 7, 9], [8, 15, 9, 16], [10, 18, 11, 17], [12, 24, 13, 23], [14, 4, 15, 3], [16, 7, 17, 8], [18, 1, 19, 2], [20, 6, 21, 5], [22, 14, 23, 13], [24, 19, 1, 20], [2, 12, 3, 11]]"
12a_0256_49,"[[2, 12, 3, 11], [4, 22, 5, 21], [6, 10, 7, 9], [8, 15, 9, 16], [10, 18, 11, 17], [12, 24, 13, 23], [14, 4, 15, 3], [16, 7, 17, 8], [18, 1, 19, 2], [20, 6, 21, 5], [22, 14, 23, 13], [24, 19, 1, 20]]"
12a_0256_50,"[[24, 19, 1, 20], [2, 12, 3, 11], [4, 22, 5, 21], [6, 10, 7, 9], [8, 15, 9, 16], [10, 18, 11, 17], [12, 24, 13, 23], [14, 4, 15, 3], [16, 7, 17, 8], [18, 1, 19, 2], [20, 6, 21, 5], [22, 14, 23, 13]]"
12a_0256_51,"[[22, 14, 23, 13], [24, 19, 1, 20], [2, 12, 3, 11], [4, 22, 5, 21], [6, 10, 7, 9], [8, 15, 9, 16], [10, 18, 11, 17], [12, 24, 13, 23], [14, 4, 15, 3], [16, 7, 17, 8], [18, 1, 19, 2], [20, 6, 21, 5]]"
12a_0256_52,"[[20, 6, 21, 5], [22, 14, 23, 13], [24, 19, 1, 20], [2, 12, 3, 11], [4, 22, 5, 21], [6, 10, 7, 9], [8, 15, 9, 16], [10, 18, 11, 17], [12, 24, 13, 23], [14, 4, 15, 3], [16, 7, 17, 8], [18, 1, 19, 2]]"
12a_0256_53,"[[18, 1, 19, 2], [20, 6, 21, 5], [22, 14, 23, 13], [24, 19, 1, 20], [2, 12, 3, 11], [4, 22, 5, 21], [6, 10, 7, 9], [8, 15, 9, 16], [10, 18, 11, 17], [12, 24, 13, 23], [14, 4, 15, 3], [16, 7, 17, 8]]"
12a_0256_54,"[[16, 7, 17, 8], [18, 1, 19, 2], [20, 6, 21, 5], [22, 14, 23, 13], [24, 19, 1, 20], [2, 12, 3, 11], [4, 22, 5, 21], [6, 10, 7, 9], [8, 15, 9, 16], [10, 18, 11, 17], [12, 24, 13, 23], [14, 4, 15, 3]]"
12a_0256_55,"[[14, 4, 15, 3], [16, 7, 17, 8], [18, 1, 19, 2], [20, 6, 21, 5], [22, 14, 23, 13], [24, 19, 1, 20], [2, 12, 3, 11], [4, 22, 5, 21], [6, 10, 7, 9], [8, 15, 9, 16], [10, 18, 11, 17], [12, 24, 13, 23]]"
12a_0256_56,"[[12, 24, 13, 23], [14, 4, 15, 3], [16, 7, 17, 8], [18, 1, 19, 2], [20, 6, 21, 5], [22, 14, 23, 13], [24, 19, 1, 20], [2, 12, 3, 11], [4, 22, 5, 21], [6, 10, 7, 9], [8, 15, 9, 16], [10, 18, 11, 17]]"
12a_0256_57,"[[10, 18, 11, 17], [12, 24, 13, 23], [14, 4, 15, 3], [16, 7, 17, 8], [18, 1, 19, 2], [20, 6, 21, 5], [22, 14, 23, 13], [24, 19, 1, 20], [2, 12, 3, 11], [4, 22, 5, 21], [6, 10, 7, 9], [8, 15, 9, 16]]"
12a_0256_58,"[[8, 15, 9, 16], [10, 18, 11, 17], [12, 24, 13, 23], [14, 4, 15, 3], [16, 7, 17, 8], [18, 1, 19, 2], [20, 6, 21, 5], [22, 14, 23, 13], [24, 19, 1, 20], [2, 12, 3, 11], [4, 22, 5, 21], [6, 10, 7, 9]]"
12a_0256_59,"[[6, 10, 7, 9], [8, 15, 9, 16], [10, 18, 11, 17], [12, 24, 13, 23], [14, 4, 15, 3], [16, 7, 17, 8], [18, 1, 19, 2], [20, 6, 21, 5], [22, 14, 23, 13], [24, 19, 1, 20], [2, 12, 3, 11], [4, 22, 5, 21]]"
12a_0256_60,"[[5, 23, 6, 22], [7, 11, 8, 10], [9, 16, 10, 17], [11, 19, 12, 18], [13, 1, 14, 24], [15, 5, 16, 4], [17, 8, 18, 9], [19, 2, 20, 3], [21, 7, 22, 6], [23, 15, 24, 14], [1, 20, 2, 21], [3, 13, 4, 12]]"
12a_0256_61,"[[3, 13, 4, 12], [5, 23, 6, 22], [7, 11, 8, 10], [9, 16, 10, 17], [11, 19, 12, 18], [13, 1, 14, 24], [15, 5, 16, 4], [17, 8, 18, 9], [19, 2, 20, 3], [21, 7, 22, 6], [23, 15, 24, 14], [1, 20, 2, 21]]"
12a_0256_62,"[[1, 20, 2, 21], [3, 13, 4, 12], [5, 23, 6, 22], [7, 11, 8, 10], [9, 16, 10, 17], [11, 19, 12, 18], [13, 1, 14, 24], [15, 5, 16, 4], [17, 8, 18, 9], [19, 2, 20, 3], [21, 7, 22, 6], [23, 15, 24, 14]]"
12a_0256_63,"[[23, 15, 24, 14], [1, 20, 2, 21], [3, 13, 4, 12], [5, 23, 6, 22], [7, 11, 8, 10], [9, 16, 10, 17], [11, 19, 12, 18], [13, 1, 14, 24], [15, 5, 16, 4], [17, 8, 18, 9], [19, 2, 20, 3], [21, 7, 22, 6]]"
12a_0256_64,"[[21, 7, 22, 6], [23, 15, 24, 14], [1, 20, 2, 21], [3, 13, 4, 12], [5, 23, 6, 22], [7, 11, 8, 10], [9, 16, 10, 17], [11, 19, 12, 18], [13, 1, 14, 24], [15, 5, 16, 4], [17, 8, 18, 9], [19, 2, 20, 3]]"
12a_0256_65,"[[19, 2, 20, 3], [21, 7, 22, 6], [23, 15, 24, 14], [1, 20, 2, 21], [3, 13, 4, 12], [5, 23, 6, 22], [7, 11, 8, 10], [9, 16, 10, 17], [11, 19, 12, 18], [13, 1, 14, 24], [15, 5, 16, 4], [17, 8, 18, 9]]"
12a_0256_66,"[[17, 8, 18, 9], [19, 2, 20, 3], [21, 7, 22, 6], [23, 15, 24, 14], [1, 20, 2, 21], [3, 13, 4, 12], [5, 23, 6, 22], [7, 11, 8, 10], [9, 16, 10, 17], [11, 19, 12, 18], [13, 1, 14, 24], [15, 5, 16, 4]]"
12a_0256_67,"[[15, 5, 16, 4], [17, 8, 18, 9], [19, 2, 20, 3], [21, 7, 22, 6], [23, 15, 24, 14], [1, 20, 2, 21], [3, 13, 4, 12], [5, 23, 6, 22], [7, 11, 8, 10], [9, 16, 10, 17], [11, 19, 12, 18], [13, 1, 14, 24]]"
12a_0256_68,"[[13, 1, 14, 24], [15, 5, 16, 4], [17, 8, 18, 9], [19, 2, 20, 3], [21, 7, 22, 6], [23, 15, 24, 14], [1, 20, 2, 21], [3, 13, 4, 12], [5, 23, 6, 22], [7, 11, 8, 10], [9, 16, 10, 17], [11, 19, 12, 18]]"
12a_0256_69,"[[11, 19, 12, 18], [13, 1, 14, 24], [15, 5, 16, 4], [17, 8, 18, 9], [19, 2, 20, 3], [21, 7, 22, 6], [23, 15, 24, 14], [1, 20, 2, 21], [3, 13, 4, 12], [5, 23, 6, 22], [7, 11, 8, 10], [9, 16, 10, 17]]"
12a_0256_70,"[[9, 16, 10, 17], [11, 19, 12, 18], [13, 1, 14, 24], [15, 5, 16, 4], [17, 8, 18, 9], [19, 2, 20, 3], [21, 7, 22, 6], [23, 15, 24, 14], [1, 20, 2, 21], [3, 13, 4, 12], [5, 23, 6, 22], [7, 11, 8, 10]]"
12a_0256_71,"[[7, 11, 8, 10], [9, 16, 10, 17], [11, 19, 12, 18], [13, 1, 14, 24], [15, 5, 16, 4], [17, 8, 18, 9], [19, 2, 20, 3], [21, 7, 22, 6], [23, 15, 24, 14], [1, 20, 2, 21], [3, 13, 4, 12], [5, 23, 6, 22]]"
12a_0256_72,"[[6, 24, 7, 23], [8, 12, 9, 11], [10, 17, 11, 18], [12, 20, 13, 19], [14, 2, 15, 1], [16, 6, 17, 5], [18, 9, 19, 10], [20, 3, 21, 4], [22, 8, 23, 7], [24, 16, 1, 15], [2, 21, 3, 22], [4, 14, 5, 13]]"
12a_0256_73,"[[4, 14, 5, 13], [6, 24, 7, 23], [8, 12, 9, 11], [10, 17, 11, 18], [12, 20, 13, 19], [14, 2, 15, 1], [16, 6, 17, 5], [18, 9, 19, 10], [20, 3, 21, 4], [22, 8, 23, 7], [24, 16, 1, 15], [2, 21, 3, 22]]"
12a_0256_74,"[[2, 21, 3, 22], [4, 14, 5, 13], [6, 24, 7, 23], [8, 12, 9, 11], [10, 17, 11, 18], [12, 20, 13, 19], [14, 2, 15, 1], [16, 6, 17, 5], [18, 9, 19, 10], [20, 3, 21, 4], [22, 8, 23, 7], [24, 16, 1, 15]]"
12a_0256_75,"[[24, 16, 1, 15], [2, 21, 3, 22], [4, 14, 5, 13], [6, 24, 7, 23], [8, 12, 9, 11], [10, 17, 11, 18], [12, 20, 13, 19], [14, 2, 15, 1], [16, 6, 17, 5], [18, 9, 19, 10], [20, 3, 21, 4], [22, 8, 23, 7]]"
12a_0256_76,"[[22, 8, 23, 7], [24, 16, 1, 15], [2, 21, 3, 22], [4, 14, 5, 13], [6, 24, 7, 23], [8, 12, 9, 11], [10, 17, 11, 18], [12, 20, 13, 19], [14, 2, 15, 1], [16, 6, 17, 5], [18, 9, 19, 10], [20, 3, 21, 4]]"
12a_0256_77,"[[20, 3, 21, 4], [22, 8, 23, 7], [24, 16, 1, 15], [2, 21, 3, 22], [4, 14, 5, 13], [6, 24, 7, 23], [8, 12, 9, 11], [10, 17, 11, 18], [12, 20, 13, 19], [14, 2, 15, 1], [16, 6, 17, 5], [18, 9, 19, 10]]"
12a_0256_78,"[[18, 9, 19, 10], [20, 3, 21, 4], [22, 8, 23, 7], [24, 16, 1, 15], [2, 21, 3, 22], [4, 14, 5, 13], [6, 24, 7, 23], [8, 12, 9, 11], [10, 17, 11, 18], [12, 20, 13, 19], [14, 2, 15, 1], [16, 6, 17, 5]]"
12a_0256_79,"[[16, 6, 17, 5], [18, 9, 19, 10], [20, 3, 21, 4], [22, 8, 23, 7], [24, 16, 1, 15], [2, 21, 3, 22], [4, 14, 5, 13], [6, 24, 7, 23], [8, 12, 9, 11], [10, 17, 11, 18], [12, 20, 13, 19], [14, 2, 15, 1]]"
12a_0256_80,"[[14, 2, 15, 1], [16, 6, 17, 5], [18, 9, 19, 10], [20, 3, 21, 4], [22, 8, 23, 7], [24, 16, 1, 15], [2, 21, 3, 22], [4, 14, 5, 13], [6, 24, 7, 23], [8, 12, 9, 11], [10, 17, 11, 18], [12, 20, 13, 19]]"
12a_0256_81,"[[12, 20, 13, 19], [14, 2, 15, 1], [16, 6, 17, 5], [18, 9, 19, 10], [20, 3, 21, 4], [22, 8, 23, 7], [24, 16, 1, 15], [2, 21, 3, 22], [4, 14, 5, 13], [6, 24, 7, 23], [8, 12, 9, 11], [10, 17, 11, 18]]"
12a_0256_82,"[[10, 17, 11, 18], [12, 20, 13, 19], [14, 2, 15, 1], [16, 6, 17, 5], [18, 9, 19, 10], [20, 3, 21, 4], [22, 8, 23, 7], [24, 16, 1, 15], [2, 21, 3, 22], [4, 14, 5, 13], [6, 24, 7, 23], [8, 12, 9, 11]]"
12a_0256_83,"[[8, 12, 9, 11], [10, 17, 11, 18], [12, 20, 13, 19], [14, 2, 15, 1], [16, 6, 17, 5], [18, 9, 19, 10], [20, 3, 21, 4], [22, 8, 23, 7], [24, 16, 1, 15], [2, 21, 3, 22], [4, 14, 5, 13], [6, 24, 7, 23]]"
12a_0256_84,"[[7, 1, 8, 24], [9, 13, 10, 12], [11, 18, 12, 19], [13, 21, 14, 20], [15, 3, 16, 2], [17, 7, 18, 6], [19, 10, 20, 11], [21, 4, 22, 5], [23, 9, 24, 8], [1, 17, 2, 16], [3, 22, 4, 23], [5, 15, 6, 14]]"
12a_0256_85,"[[5, 15, 6, 14], [7, 1, 8, 24], [9, 13, 10, 12], [11, 18, 12, 19], [13, 21, 14, 20], [15, 3, 16, 2], [17, 7, 18, 6], [19, 10, 20, 11], [21, 4, 22, 5], [23, 9, 24, 8], [1, 17, 2, 16], [3, 22, 4, 23]]"
12a_0256_86,"[[3, 22, 4, 23], [5, 15, 6, 14], [7, 1, 8, 24], [9, 13, 10, 12], [11, 18, 12, 19], [13, 21, 14, 20], [15, 3, 16, 2], [17, 7, 18, 6], [19, 10, 20, 11], [21, 4, 22, 5], [23, 9, 24, 8], [1, 17, 2, 16]]"
12a_0256_87,"[[1, 17, 2, 16], [3, 22, 4, 23], [5, 15, 6, 14], [7, 1, 8, 24], [9, 13, 10, 12], [11, 18, 12, 19], [13, 21, 14, 20], [15, 3, 16, 2], [17, 7, 18, 6], [19, 10, 20, 11], [21, 4, 22, 5], [23, 9, 24, 8]]"
12a_0256_88,"[[23, 9, 24, 8], [1, 17, 2, 16], [3, 22, 4, 23], [5, 15, 6, 14], [7, 1, 8, 24], [9, 13, 10, 12], [11, 18, 12, 19], [13, 21, 14, 20], [15, 3, 16, 2], [17, 7, 18, 6], [19, 10, 20, 11], [21, 4, 22, 5]]"
12a_0256_89,"[[21, 4, 22, 5], [23, 9, 24, 8], [1, 17, 2, 16], [3, 22, 4, 23], [5, 15, 6, 14], [7, 1, 8, 24], [9, 13, 10, 12], [11, 18, 12, 19], [13, 21, 14, 20], [15, 3, 16, 2], [17, 7, 18, 6], [19, 10, 20, 11]]"
12a_0256_90,"[[19, 10, 20, 11], [21, 4, 22, 5], [23, 9, 24, 8], [1, 17, 2, 16], [3, 22, 4, 23], [5, 15, 6, 14], [7, 1, 8, 24], [9, 13, 10, 12], [11, 18, 12, 19], [13, 21, 14, 20], [15, 3, 16, 2], [17, 7, 18, 6]]"
12a_0256_91,"[[17, 7, 18, 6], [19, 10, 20, 11], [21, 4, 22, 5], [23, 9, 24, 8], [1, 17, 2, 16], [3, 22, 4, 23], [5, 15, 6, 14], [7, 1, 8, 24], [9, 13, 10, 12], [11, 18, 12, 19], [13, 21, 14, 20], [15, 3, 16, 2]]"
12a_0256_92,"[[15, 3, 16, 2], [17, 7, 18, 6], [19, 10, 20, 11], [21, 4, 22, 5], [23, 9, 24, 8], [1, 17, 2, 16], [3, 22, 4, 23], [5, 15, 6, 14], [7, 1, 8, 24], [9, 13, 10, 12], [11, 18, 12, 19], [13, 21, 14, 20]]"
12a_0256_93,"[[13, 21, 14, 20], [15, 3, 16, 2], [17, 7, 18, 6], [19, 10, 20, 11], [21, 4, 22, 5], [23, 9, 24, 8], [1, 17, 2, 16], [3, 22, 4, 23], [5, 15, 6, 14], [7, 1, 8, 24], [9, 13, 10, 12], [11, 18, 12, 19]]"
12a_0256_94,"[[11, 18, 12, 19], [13, 21, 14, 20], [15, 3, 16, 2], [17, 7, 18, 6], [19, 10, 20, 11], [21, 4, 22, 5], [23, 9, 24, 8], [1, 17, 2, 16], [3, 22, 4, 23], [5, 15, 6, 14], [7, 1, 8, 24], [9, 13, 10, 12]]"
12a_0256_95,"[[9, 13, 10, 12], [11, 18, 12, 19], [13, 21, 14, 20], [15, 3, 16, 2], [17, 7, 18, 6], [19, 10, 20, 11], [21, 4, 22, 5], [23, 9, 24, 8], [1, 17, 2, 16], [3, 22, 4, 23], [5, 15, 6, 14], [7, 1, 8, 24]]"
12a_0256_96,"[[8, 2, 9, 1], [10, 14, 11, 13], [12, 19, 13, 20], [14, 22, 15, 21], [16, 4, 17, 3], [18, 8, 19, 7], [20, 11, 21, 12], [22, 5, 23, 6], [24, 10, 1, 9], [2, 18, 3, 17], [4, 23, 5, 24], [6, 16, 7, 15]]"
12a_0256_97,"[[6, 16, 7, 15], [8, 2, 9, 1], [10, 14, 11, 13], [12, 19, 13, 20], [14, 22, 15, 21], [16, 4, 17, 3], [18, 8, 19, 7], [20, 11, 21, 12], [22, 5, 23, 6], [24, 10, 1, 9], [2, 18, 3, 17], [4, 23, 5, 24]]"
12a_0256_98,"[[4, 23, 5, 24], [6, 16, 7, 15], [8, 2, 9, 1], [10, 14, 11, 13], [12, 19, 13, 20], [14, 22, 15, 21], [16, 4, 17, 3], [18, 8, 19, 7], [20, 11, 21, 12], [22, 5, 23, 6], [24, 10, 1, 9], [2, 18, 3, 17]]"
12a_0256_99,"[[2, 18, 3, 17], [4, 23, 5, 24], [6, 16, 7, 15], [8, 2, 9, 1], [10, 14, 11, 13], [12, 19, 13, 20], [14, 22, 15, 21], [16, 4, 17, 3], [18, 8, 19, 7], [20, 11, 21, 12], [22, 5, 23, 6], [24, 10, 1, 9]]"
12a_0256_100,"[[24, 10, 1, 9], [2, 18, 3, 17], [4, 23, 5, 24], [6, 16, 7, 15], [8, 2, 9, 1], [10, 14, 11, 13], [12, 19, 13, 20], [14, 22, 15, 21], [16, 4, 17, 3], [18, 8, 19, 7], [20, 11, 21, 12], [22, 5, 23, 6]]"
12a_0256_101,"[[22, 5, 23, 6], [24, 10, 1, 9], [2, 18, 3, 17], [4, 23, 5, 24], [6, 16, 7, 15], [8, 2, 9, 1], [10, 14, 11, 13], [12, 19, 13, 20], [14, 22, 15, 21], [16, 4, 17, 3], [18, 8, 19, 7], [20, 11, 21, 12]]"
12a_0256_102,"[[20, 11, 21, 12], [22, 5, 23, 6], [24, 10, 1, 9], [2, 18, 3, 17], [4, 23, 5, 24], [6, 16, 7, 15], [8, 2, 9, 1], [10, 14, 11, 13], [12, 19, 13, 20], [14, 22, 15, 21], [16, 4, 17, 3], [18, 8, 19, 7]]"
12a_0256_103,"[[18, 8, 19, 7], [20, 11, 21, 12], [22, 5, 23, 6], [24, 10, 1, 9], [2, 18, 3, 17], [4, 23, 5, 24], [6, 16, 7, 15], [8, 2, 9, 1], [10, 14, 11, 13], [12, 19, 13, 20], [14, 22, 15, 21], [16, 4, 17, 3]]"
12a_0256_104,"[[16, 4, 17, 3], [18, 8, 19, 7], [20, 11, 21, 12], [22, 5, 23, 6], [24, 10, 1, 9], [2, 18, 3, 17], [4, 23, 5, 24], [6, 16, 7, 15], [8, 2, 9, 1], [10, 14, 11, 13], [12, 19, 13, 20], [14, 22, 15, 21]]"
12a_0256_105,"[[14, 22, 15, 21], [16, 4, 17, 3], [18, 8, 19, 7], [20, 11, 21, 12], [22, 5, 23, 6], [24, 10, 1, 9], [2, 18, 3, 17], [4, 23, 5, 24], [6, 16, 7, 15], [8, 2, 9, 1], [10, 14, 11, 13], [12, 19, 13, 20]]"
12a_0256_106,"[[12, 19, 13, 20], [14, 22, 15, 21], [16, 4, 17, 3], [18, 8, 19, 7], [20, 11, 21, 12], [22, 5, 23, 6], [24, 10, 1, 9], [2, 18, 3, 17], [4, 23, 5, 24], [6, 16, 7, 15], [8, 2, 9, 1], [10, 14, 11, 13]]"
12a_0256_107,"[[10, 14, 11, 13], [12, 19, 13, 20], [14, 22, 15, 21], [16, 4, 17, 3], [18, 8, 19, 7], [20, 11, 21, 12], [22, 5, 23, 6], [24, 10, 1, 9], [2, 18, 3, 17], [4, 23, 5, 24], [6, 16, 7, 15], [8, 2, 9, 1]]"
12a_0256_108,"[[9, 3, 10, 2], [11, 15, 12, 14], [13, 20, 14, 21], [15, 23, 16, 22], [17, 5, 18, 4], [19, 9, 20, 8], [21, 12, 22, 13], [23, 6, 24, 7], [1, 11, 2, 10], [3, 19, 4, 18], [5, 24, 6, 1], [7, 17, 8, 16]]"
12a_0256_109,"[[7, 17, 8, 16], [9, 3, 10, 2], [11, 15, 12, 14], [13, 20, 14, 21], [15, 23, 16, 22], [17, 5, 18, 4], [19, 9, 20, 8], [21, 12, 22, 13], [23, 6, 24, 7], [1, 11, 2, 10], [3, 19, 4, 18], [5, 24, 6, 1]]"
12a_0256_110,"[[5, 24, 6, 1], [7, 17, 8, 16], [9, 3, 10, 2], [11, 15, 12, 14], [13, 20, 14, 21], [15, 23, 16, 22], [17, 5, 18, 4], [19, 9, 20, 8], [21, 12, 22, 13], [23, 6, 24, 7], [1, 11, 2, 10], [3, 19, 4, 18]]"
12a_0256_111,"[[3, 19, 4, 18], [5, 24, 6, 1], [7, 17, 8, 16], [9, 3, 10, 2], [11, 15, 12, 14], [13, 20, 14, 21], [15, 23, 16, 22], [17, 5, 18, 4], [19, 9, 20, 8], [21, 12, 22, 13], [23, 6, 24, 7], [1, 11, 2, 10]]"
12a_0256_112,"[[1, 11, 2, 10], [3, 19, 4, 18], [5, 24, 6, 1], [7, 17, 8, 16], [9, 3, 10, 2], [11, 15, 12, 14], [13, 20, 14, 21], [15, 23, 16, 22], [17, 5, 18, 4], [19, 9, 20, 8], [21, 12, 22, 13], [23, 6, 24, 7]]"
12a_0256_113,"[[23, 6, 24, 7], [1, 11, 2, 10], [3, 19, 4, 18], [5, 24, 6, 1], [7, 17, 8, 16], [9, 3, 10, 2], [11, 15, 12, 14], [13, 20, 14, 21], [15, 23, 16, 22], [17, 5, 18, 4], [19, 9, 20, 8], [21, 12, 22, 13]]"
12a_0256_114,"[[21, 12, 22, 13], [23, 6, 24, 7], [1, 11, 2, 10], [3, 19, 4, 18], [5, 24, 6, 1], [7, 17, 8, 16], [9, 3, 10, 2], [11, 15, 12, 14], [13, 20, 14, 21], [15, 23, 16, 22], [17, 5, 18, 4], [19, 9, 20, 8]]"
12a_0256_115,"[[19, 9, 20, 8], [21, 12, 22, 13], [23, 6, 24, 7], [1, 11, 2, 10], [3, 19, 4, 18], [5, 24, 6, 1], [7, 17, 8, 16], [9, 3, 10, 2], [11, 15, 12, 14], [13, 20, 14, 21], [15, 23, 16, 22], [17, 5, 18, 4]]"
12a_0256_116,"[[17, 5, 18, 4], [19, 9, 20, 8], [21, 12, 22, 13], [23, 6, 24, 7], [1, 11, 2, 10], [3, 19, 4, 18], [5, 24, 6, 1], [7, 17, 8, 16], [9, 3, 10, 2], [11, 15, 12, 14], [13, 20, 14, 21], [15, 23, 16, 22]]"
12a_0256_117,"[[15, 23, 16, 22], [17, 5, 18, 4], [19, 9, 20, 8], [21, 12, 22, 13], [23, 6, 24, 7], [1, 11, 2, 10], [3, 19, 4, 18], [5, 24, 6, 1], [7, 17, 8, 16], [9, 3, 10, 2], [11, 15, 12, 14], [13, 20, 14, 21]]"
12a_0256_118,"[[13, 20, 14, 21], [15, 23, 16, 22], [17, 5, 18, 4], [19, 9, 20, 8], [21, 12, 22, 13], [23, 6, 24, 7], [1, 11, 2, 10], [3, 19, 4, 18], [5, 24, 6, 1], [7, 17, 8, 16], [9, 3, 10, 2], [11, 15, 12, 14]]"
12a_0256_119,"[[11, 15, 12, 14], [13, 20, 14, 21], [15, 23, 16, 22], [17, 5, 18, 4], [19, 9, 20, 8], [21, 12, 22, 13], [23, 6, 24, 7], [1, 11, 2, 10], [3, 19, 4, 18], [5, 24, 6, 1], [7, 17, 8, 16], [9, 3, 10, 2]]"
12a_0256_120,"[[10, 4, 11, 3], [12, 16, 13, 15], [14, 21, 15, 22], [16, 24, 17, 23], [18, 6, 19, 5], [20, 10, 21, 9], [22, 13, 23, 14], [24, 7, 1, 8], [2, 12, 3, 11], [4, 20, 5, 19], [6, 1, 7, 2], [8, 18, 9, 17]]"
12a_0256_121,"[[8, 18, 9, 17], [10, 4, 11, 3], [12, 16, 13, 15], [14, 21, 15, 22], [16, 24, 17, 23], [18, 6, 19, 5], [20, 10, 21, 9], [22, 13, 23, 14], [24, 7, 1, 8], [2, 12, 3, 11], [4, 20, 5, 19], [6, 1, 7, 2]]"
12a_0256_122,"[[6, 1, 7, 2], [8, 18, 9, 17], [10, 4, 11, 3], [12, 16, 13, 15], [14, 21, 15, 22], [16, 24, 17, 23], [18, 6, 19, 5], [20, 10, 21, 9], [22, 13, 23, 14], [24, 7, 1, 8], [2, 12, 3, 11], [4, 20, 5, 19]]"
12a_0256_123,"[[4, 20, 5, 19], [6, 1, 7, 2], [8, 18, 9, 17], [10, 4, 11, 3], [12, 16, 13, 15], [14, 21, 15, 22], [16, 24, 17, 23], [18, 6, 19, 5], [20, 10, 21, 9], [22, 13, 23, 14], [24, 7, 1, 8], [2, 12, 3, 11]]"
12a_0256_124,"[[2, 12, 3, 11], [4, 20, 5, 19], [6, 1, 7, 2], [8, 18, 9, 17], [10, 4, 11, 3], [12, 16, 13, 15], [14, 21, 15, 22], [16, 24, 17, 23], [18, 6, 19, 5], [20, 10, 21, 9], [22, 13, 23, 14], [24, 7, 1, 8]]"
12a_0256_125,"[[24, 7, 1, 8], [2, 12, 3, 11], [4, 20, 5, 19], [6, 1, 7, 2], [8, 18, 9, 17], [10, 4, 11, 3], [12, 16, 13, 15], [14, 21, 15, 22], [16, 24, 17, 23], [18, 6, 19, 5], [20, 10, 21, 9], [22, 13, 23, 14]]"
12a_0256_126,"[[22, 13, 23, 14], [24, 7, 1, 8], [2, 12, 3, 11], [4, 20, 5, 19], [6, 1, 7, 2], [8, 18, 9, 17], [10, 4, 11, 3], [12, 16, 13, 15], [14, 21, 15, 22], [16, 24, 17, 23], [18, 6, 19, 5], [20, 10, 21, 9]]"
12a_0256_127,"[[20, 10, 21, 9], [22, 13, 23, 14], [24, 7, 1, 8], [2, 12, 3, 11], [4, 20, 5, 19], [6, 1, 7, 2], [8, 18, 9, 17], [10, 4, 11, 3], [12, 16, 13, 15], [14, 21, 15, 22], [16, 24, 17, 23], [18, 6, 19, 5]]"
12a_0256_128,"[[18, 6, 19, 5], [20, 10, 21, 9], [22, 13, 23, 14], [24, 7, 1, 8], [2, 12, 3, 11], [4, 20, 5, 19], [6, 1, 7, 2], [8, 18, 9, 17], [10, 4, 11, 3], [12, 16, 13, 15], [14, 21, 15, 22], [16, 24, 17, 23]]"
12a_0256_129,"[[16, 24, 17, 23], [18, 6, 19, 5], [20, 10, 21, 9], [22, 13, 23, 14], [24, 7, 1, 8], [2, 12, 3, 11], [4, 20, 5, 19], [6, 1, 7, 2], [8, 18, 9, 17], [10, 4, 11, 3], [12, 16, 13, 15], [14, 21, 15, 22]]"
12a_0256_130,"[[14, 21, 15, 22], [16, 24, 17, 23], [18, 6, 19, 5], [20, 10, 21, 9], [22, 13, 23, 14], [24, 7, 1, 8], [2, 12, 3, 11], [4, 20, 5, 19], [6, 1, 7, 2], [8, 18, 9, 17], [10, 4, 11, 3], [12, 16, 13, 15]]"
12a_0256_131,"[[12, 16, 13, 15], [14, 21, 15, 22], [16, 24, 17, 23], [18, 6, 19, 5], [20, 10, 21, 9], [22, 13, 23, 14], [24, 7, 1, 8], [2, 12, 3, 11], [4, 20, 5, 19], [6, 1, 7, 2], [8, 18, 9, 17], [10, 4, 11, 3]]"
12a_0256_132,"[[11, 5, 12, 4], [13, 17, 14, 16], [15, 22, 16, 23], [17, 1, 18, 24], [19, 7, 20, 6], [21, 11, 22, 10], [23, 14, 24, 15], [1, 8, 2, 9], [3, 13, 4, 12], [5, 21, 6, 20], [7, 2, 8, 3], [9, 19, 10, 18]]"
12a_0256_133,"[[9, 19, 10, 18], [11, 5, 12, 4], [13, 17, 14, 16], [15, 22, 16, 23], [17, 1, 18, 24], [19, 7, 20, 6], [21, 11, 22, 10], [23, 14, 24, 15], [1, 8, 2, 9], [3, 13, 4, 12], [5, 21, 6, 20], [7, 2, 8, 3]]"
12a_0256_134,"[[7, 2, 8, 3], [9, 19, 10, 18], [11, 5, 12, 4], [13, 17, 14, 16], [15, 22, 16, 23], [17, 1, 18, 24], [19, 7, 20, 6], [21, 11, 22, 10], [23, 14, 24, 15], [1, 8, 2, 9], [3, 13, 4, 12], [5, 21, 6, 20]]"
12a_0256_135,"[[5, 21, 6, 20], [7, 2, 8, 3], [9, 19, 10, 18], [11, 5, 12, 4], [13, 17, 14, 16], [15, 22, 16, 23], [17, 1, 18, 24], [19, 7, 20, 6], [21, 11, 22, 10], [23, 14, 24, 15], [1, 8, 2, 9], [3, 13, 4, 12]]"
12a_0256_136,"[[3, 13, 4, 12], [5, 21, 6, 20], [7, 2, 8, 3], [9, 19, 10, 18], [11, 5, 12, 4], [13, 17, 14, 16], [15, 22, 16, 23], [17, 1, 18, 24], [19, 7, 20, 6], [21, 11, 22, 10], [23, 14, 24, 15], [1, 8, 2, 9]]"
12a_0256_137,"[[1, 8, 2, 9], [3, 13, 4, 12], [5, 21, 6, 20], [7, 2, 8, 3], [9, 19, 10, 18], [11, 5, 12, 4], [13, 17, 14, 16], [15, 22, 16, 23], [17, 1, 18, 24], [19, 7, 20, 6], [21, 11, 22, 10], [23, 14, 24, 15]]"
12a_0256_138,"[[23, 14, 24, 15], [1, 8, 2, 9], [3, 13, 4, 12], [5, 21, 6, 20], [7, 2, 8, 3], [9, 19, 10, 18], [11, 5, 12, 4], [13, 17, 14, 16], [15, 22, 16, 23], [17, 1, 18, 24], [19, 7, 20, 6], [21, 11, 22, 10]]"
12a_0256_139,"[[21, 11, 22, 10], [23, 14, 24, 15], [1, 8, 2, 9], [3, 13, 4, 12], [5, 21, 6, 20], [7, 2, 8, 3], [9, 19, 10, 18], [11, 5, 12, 4], [13, 17, 14, 16], [15, 22, 16, 23], [17, 1, 18, 24], [19, 7, 20, 6]]"
12a_0256_140,"[[19, 7, 20, 6], [21, 11, 22, 10], [23, 14, 24, 15], [1, 8, 2, 9], [3, 13, 4, 12], [5, 21, 6, 20], [7, 2, 8, 3], [9, 19, 10, 18], [11, 5, 12, 4], [13, 17, 14, 16], [15, 22, 16, 23], [17, 1, 18, 24]]"
12a_0256_141,"[[17, 1, 18, 24], [19, 7, 20, 6], [21, 11, 22, 10], [23, 14, 24, 15], [1, 8, 2, 9], [3, 13, 4, 12], [5, 21, 6, 20], [7, 2, 8, 3], [9, 19, 10, 18], [11, 5, 12, 4], [13, 17, 14, 16], [15, 22, 16, 23]]"
12a_0256_142,"[[15, 22, 16, 23], [17, 1, 18, 24], [19, 7, 20, 6], [21, 11, 22, 10], [23, 14, 24, 15], [1, 8, 2, 9], [3, 13, 4, 12], [5, 21, 6, 20], [7, 2, 8, 3], [9, 19, 10, 18], [11, 5, 12, 4], [13, 17, 14, 16]]"
12a_0256_143,"[[13, 17, 14, 16], [15, 22, 16, 23], [17, 1, 18, 24], [19, 7, 20, 6], [21, 11, 22, 10], [23, 14, 24, 15], [1, 8, 2, 9], [3, 13, 4, 12], [5, 21, 6, 20], [7, 2, 8, 3], [9, 19, 10, 18], [11, 5, 12, 4]]"
12a_0256_144,"[[12, 6, 13, 5], [14, 18, 15, 17], [16, 23, 17, 24], [18, 2, 19, 1], [20, 8, 21, 7], [22, 12, 23, 11], [24, 15, 1, 16], [2, 9, 3, 10], [4, 14, 5, 13], [6, 22, 7, 21], [8, 3, 9, 4], [10, 20, 11, 19]]"
12a_0256_145,"[[10, 20, 11, 19], [12, 6, 13, 5], [14, 18, 15, 17], [16, 23, 17, 24], [18, 2, 19, 1], [20, 8, 21, 7], [22, 12, 23, 11], [24, 15, 1, 16], [2, 9, 3, 10], [4, 14, 5, 13], [6, 22, 7, 21], [8, 3, 9, 4]]"
12a_0256_146,"[[8, 3, 9, 4], [10, 20, 11, 19], [12, 6, 13, 5], [14, 18, 15, 17], [16, 23, 17, 24], [18, 2, 19, 1], [20, 8, 21, 7], [22, 12, 23, 11], [24, 15, 1, 16], [2, 9, 3, 10], [4, 14, 5, 13], [6, 22, 7, 21]]"
12a_0256_147,"[[6, 22, 7, 21], [8, 3, 9, 4], [10, 20, 11, 19], [12, 6, 13, 5], [14, 18, 15, 17], [16, 23, 17, 24], [18, 2, 19, 1], [20, 8, 21, 7], [22, 12, 23, 11], [24, 15, 1, 16], [2, 9, 3, 10], [4, 14, 5, 13]]"
12a_0256_148,"[[4, 14, 5, 13], [6, 22, 7, 21], [8, 3, 9, 4], [10, 20, 11, 19], [12, 6, 13, 5], [14, 18, 15, 17], [16, 23, 17, 24], [18, 2, 19, 1], [20, 8, 21, 7], [22, 12, 23, 11], [24, 15, 1, 16], [2, 9, 3, 10]]"
12a_0256_149,"[[2, 9, 3, 10], [4, 14, 5, 13], [6, 22, 7, 21], [8, 3, 9, 4], [10, 20, 11, 19], [12, 6, 13, 5], [14, 18, 15, 17], [16, 23, 17, 24], [18, 2, 19, 1], [20, 8, 21, 7], [22, 12, 23, 11], [24, 15, 1, 16]]"
12a_0256_150,"[[24, 15, 1, 16], [2, 9, 3, 10], [4, 14, 5, 13], [6, 22, 7, 21], [8, 3, 9, 4], [10, 20, 11, 19], [12, 6, 13, 5], [14, 18, 15, 17], [16, 23, 17, 24], [18, 2, 19, 1], [20, 8, 21, 7], [22, 12, 23, 11]]"
12a_0256_151,"[[22, 12, 23, 11], [24, 15, 1, 16], [2, 9, 3, 10], [4, 14, 5, 13], [6, 22, 7, 21], [8, 3, 9, 4], [10, 20, 11, 19], [12, 6, 13, 5], [14, 18, 15, 17], [16, 23, 17, 24], [18, 2, 19, 1], [20, 8, 21, 7]]"
12a_0256_152,"[[20, 8, 21, 7], [22, 12, 23, 11], [24, 15, 1, 16], [2, 9, 3, 10], [4, 14, 5, 13], [6, 22, 7, 21], [8, 3, 9, 4], [10, 20, 11, 19], [12, 6, 13, 5], [14, 18, 15, 17], [16, 23, 17, 24], [18, 2, 19, 1]]"
12a_0256_153,"[[18, 2, 19, 1], [20, 8, 21, 7], [22, 12, 23, 11], [24, 15, 1, 16], [2, 9, 3, 10], [4, 14, 5, 13], [6, 22, 7, 21], [8, 3, 9, 4], [10, 20, 11, 19], [12, 6, 13, 5], [14, 18, 15, 17], [16, 23, 17, 24]]"
12a_0256_154,"[[16, 23, 17, 24], [18, 2, 19, 1], [20, 8, 21, 7], [22, 12, 23, 11], [24, 15, 1, 16], [2, 9, 3, 10], [4, 14, 5, 13], [6, 22, 7, 21], [8, 3, 9, 4], [10, 20, 11, 19], [12, 6, 13, 5], [14, 18, 15, 17]]"
12a_0256_155,"[[14, 18, 15, 17], [16, 23, 17, 24], [18, 2, 19, 1], [20, 8, 21, 7], [22, 12, 23, 11], [24, 15, 1, 16], [2, 9, 3, 10], [4, 14, 5, 13], [6, 22, 7, 21], [8, 3, 9, 4], [10, 20, 11, 19], [12, 6, 13, 5]]"
12a_0256_156,"[[13, 7, 14, 6], [15, 19, 16, 18], [17, 24, 18, 1], [19, 3, 20, 2], [21, 9, 22, 8], [23, 13, 24, 12], [1, 16, 2, 17], [3, 10, 4, 11], [5, 15, 6, 14], [7, 23, 8, 22], [9, 4, 10, 5], [11, 21, 12, 20]]"
12a_0256_157,"[[11, 21, 12, 20], [13, 7, 14, 6], [15, 19, 16, 18], [17, 24, 18, 1], [19, 3, 20, 2], [21, 9, 22, 8], [23, 13, 24, 12], [1, 16, 2, 17], [3, 10, 4, 11], [5, 15, 6, 14], [7, 23, 8, 22], [9, 4, 10, 5]]"
12a_0256_158,"[[9, 4, 10, 5], [11, 21, 12, 20], [13, 7, 14, 6], [15, 19, 16, 18], [17, 24, 18, 1], [19, 3, 20, 2], [21, 9, 22, 8], [23, 13, 24, 12], [1, 16, 2, 17], [3, 10, 4, 11], [5, 15, 6, 14], [7, 23, 8, 22]]"
12a_0256_159,"[[7, 23, 8, 22], [9, 4, 10, 5], [11, 21, 12, 20], [13, 7, 14, 6], [15, 19, 16, 18], [17, 24, 18, 1], [19, 3, 20, 2], [21, 9, 22, 8], [23, 13, 24, 12], [1, 16, 2, 17], [3, 10, 4, 11], [5, 15, 6, 14]]"
12a_0256_160,"[[5, 15, 6, 14], [7, 23, 8, 22], [9, 4, 10, 5], [11, 21, 12, 20], [13, 7, 14, 6], [15, 19, 16, 18], [17, 24, 18, 1], [19, 3, 20, 2], [21, 9, 22, 8], [23, 13, 24, 12], [1, 16, 2, 17], [3, 10, 4, 11]]"
12a_0256_161,"[[3, 10, 4, 11], [5, 15, 6, 14], [7, 23, 8, 22], [9, 4, 10, 5], [11, 21, 12, 20], [13, 7, 14, 6], [15, 19, 16, 18], [17, 24, 18, 1], [19, 3, 20, 2], [21, 9, 22, 8], [23, 13, 24, 12], [1, 16, 2, 17]]"
12a_0256_162,"[[1, 16, 2, 17], [3, 10, 4, 11], [5, 15, 6, 14], [7, 23, 8, 22], [9, 4, 10, 5], [11, 21, 12, 20], [13, 7, 14, 6], [15, 19, 16, 18], [17, 24, 18, 1], [19, 3, 20, 2], [21, 9, 22, 8], [23, 13, 24, 12]]"
12a_0256_163,"[[23, 13, 24, 12], [1, 16, 2, 17], [3, 10, 4, 11], [5, 15, 6, 14], [7, 23, 8, 22], [9, 4, 10, 5], [11, 21, 12, 20], [13, 7, 14, 6], [15, 19, 16, 18], [17, 24, 18, 1], [19, 3, 20, 2], [21, 9, 22, 8]]"
12a_0256_164,"[[21, 9, 22, 8], [23, 13, 24, 12], [1, 16, 2, 17], [3, 10, 4, 11], [5, 15, 6, 14], [7, 23, 8, 22], [9, 4, 10, 5], [11, 21, 12, 20], [13, 7, 14, 6], [15, 19, 16, 18], [17, 24, 18, 1], [19, 3, 20, 2]]"
12a_0256_165,"[[19, 3, 20, 2], [21, 9, 22, 8], [23, 13, 24, 12], [1, 16, 2, 17], [3, 10, 4, 11], [5, 15, 6, 14], [7, 23, 8, 22], [9, 4, 10, 5], [11, 21, 12, 20], [13, 7, 14, 6], [15, 19, 16, 18], [17, 24, 18, 1]]"
12a_0256_166,"[[17, 24, 18, 1], [19, 3, 20, 2], [21, 9, 22, 8], [23, 13, 24, 12], [1, 16, 2, 17], [3, 10, 4, 11], [5, 15, 6, 14], [7, 23, 8, 22], [9, 4, 10, 5], [11, 21, 12, 20], [13, 7, 14, 6], [15, 19, 16, 18]]"
12a_0256_167,"[[15, 19, 16, 18], [17, 24, 18, 1], [19, 3, 20, 2], [21, 9, 22, 8], [23, 13, 24, 12], [1, 16, 2, 17], [3, 10, 4, 11], [5, 15, 6, 14], [7, 23, 8, 22], [9, 4, 10, 5], [11, 21, 12, 20], [13, 7, 14, 6]]"
12a_0256_168,"[[14, 8, 15, 7], [16, 20, 17, 19], [18, 1, 19, 2], [20, 4, 21, 3], [22, 10, 23, 9], [24, 14, 1, 13], [2, 17, 3, 18], [4, 11, 5, 12], [6, 16, 7, 15], [8, 24, 9, 23], [10, 5, 11, 6], [12, 22, 13, 21]]"
12a_0256_169,"[[12, 22, 13, 21], [14, 8, 15, 7], [16, 20, 17, 19], [18, 1, 19, 2], [20, 4, 21, 3], [22, 10, 23, 9], [24, 14, 1, 13], [2, 17, 3, 18], [4, 11, 5, 12], [6, 16, 7, 15], [8, 24, 9, 23], [10, 5, 11, 6]]"
12a_0256_170,"[[10, 5, 11, 6], [12, 22, 13, 21], [14, 8, 15, 7], [16, 20, 17, 19], [18, 1, 19, 2], [20, 4, 21, 3], [22, 10, 23, 9], [24, 14, 1, 13], [2, 17, 3, 18], [4, 11, 5, 12], [6, 16, 7, 15], [8, 24, 9, 23]]"
12a_0256_171,"[[8, 24, 9, 23], [10, 5, 11, 6], [12, 22, 13, 21], [14, 8, 15, 7], [16, 20, 17, 19], [18, 1, 19, 2], [20, 4, 21, 3], [22, 10, 23, 9], [24, 14, 1, 13], [2, 17, 3, 18], [4, 11, 5, 12], [6, 16, 7, 15]]"
12a_0256_172,"[[6, 16, 7, 15], [8, 24, 9, 23], [10, 5, 11, 6], [12, 22, 13, 21], [14, 8, 15, 7], [16, 20, 17, 19], [18, 1, 19, 2], [20, 4, 21, 3], [22, 10, 23, 9], [24, 14, 1, 13], [2, 17, 3, 18], [4, 11, 5, 12]]"
12a_0256_173,"[[4, 11, 5, 12], [6, 16, 7, 15], [8, 24, 9, 23], [10, 5, 11, 6], [12, 22, 13, 21], [14, 8, 15, 7], [16, 20, 17, 19], [18, 1, 19, 2], [20, 4, 21, 3], [22, 10, 23, 9], [24, 14, 1, 13], [2, 17, 3, 18]]"
12a_0256_174,"[[2, 17, 3, 18], [4, 11, 5, 12], [6, 16, 7, 15], [8, 24, 9, 23], [10, 5, 11, 6], [12, 22, 13, 21], [14, 8, 15, 7], [16, 20, 17, 19], [18, 1, 19, 2], [20, 4, 21, 3], [22, 10, 23, 9], [24, 14, 1, 13]]"
12a_0256_175,"[[24, 14, 1, 13], [2, 17, 3, 18], [4, 11, 5, 12], [6, 16, 7, 15], [8, 24, 9, 23], [10, 5, 11, 6], [12, 22, 13, 21], [14, 8, 15, 7], [16, 20, 17, 19], [18, 1, 19, 2], [20, 4, 21, 3], [22, 10, 23, 9]]"
12a_0256_176,"[[22, 10, 23, 9], [24, 14, 1, 13], [2, 17, 3, 18], [4, 11, 5, 12], [6, 16, 7, 15], [8, 24, 9, 23], [10, 5, 11, 6], [12, 22, 13, 21], [14, 8, 15, 7], [16, 20, 17, 19], [18, 1, 19, 2], [20, 4, 21, 3]]"
12a_0256_177,"[[20, 4, 21, 3], [22, 10, 23, 9], [24, 14, 1, 13], [2, 17, 3, 18], [4, 11, 5, 12], [6, 16, 7, 15], [8, 24, 9, 23], [10, 5, 11, 6], [12, 22, 13, 21], [14, 8, 15, 7], [16, 20, 17, 19], [18, 1, 19, 2]]"
12a_0256_178,"[[18, 1, 19, 2], [20, 4, 21, 3], [22, 10, 23, 9], [24, 14, 1, 13], [2, 17, 3, 18], [4, 11, 5, 12], [6, 16, 7, 15], [8, 24, 9, 23], [10, 5, 11, 6], [12, 22, 13, 21], [14, 8, 15, 7], [16, 20, 17, 19]]"
12a_0256_179,"[[16, 20, 17, 19], [18, 1, 19, 2], [20, 4, 21, 3], [22, 10, 23, 9], [24, 14, 1, 13], [2, 17, 3, 18], [4, 11, 5, 12], [6, 16, 7, 15], [8, 24, 9, 23], [10, 5, 11, 6], [12, 22, 13, 21], [14, 8, 15, 7]]"
12a_0256_180,"[[15, 9, 16, 8], [17, 21, 18, 20], [19, 2, 20, 3], [21, 5, 22, 4], [23, 11, 24, 10], [1, 15, 2, 14], [3, 18, 4, 19], [5, 12, 6, 13], [7, 17, 8, 16], [9, 1, 10, 24], [11, 6, 12, 7], [13, 23, 14, 22]]"
12a_0256_181,"[[13, 23, 14, 22], [15, 9, 16, 8], [17, 21, 18, 20], [19, 2, 20, 3], [21, 5, 22, 4], [23, 11, 24, 10], [1, 15, 2, 14], [3, 18, 4, 19], [5, 12, 6, 13], [7, 17, 8, 16], [9, 1, 10, 24], [11, 6, 12, 7]]"
12a_0256_182,"[[11, 6, 12, 7], [13, 23, 14, 22], [15, 9, 16, 8], [17, 21, 18, 20], [19, 2, 20, 3], [21, 5, 22, 4], [23, 11, 24, 10], [1, 15, 2, 14], [3, 18, 4, 19], [5, 12, 6, 13], [7, 17, 8, 16], [9, 1, 10, 24]]"
12a_0256_183,"[[9, 1, 10, 24], [11, 6, 12, 7], [13, 23, 14, 22], [15, 9, 16, 8], [17, 21, 18, 20], [19, 2, 20, 3], [21, 5, 22, 4], [23, 11, 24, 10], [1, 15, 2, 14], [3, 18, 4, 19], [5, 12, 6, 13], [7, 17, 8, 16]]"
12a_0256_184,"[[7, 17, 8, 16], [9, 1, 10, 24], [11, 6, 12, 7], [13, 23, 14, 22], [15, 9, 16, 8], [17, 21, 18, 20], [19, 2, 20, 3], [21, 5, 22, 4], [23, 11, 24, 10], [1, 15, 2, 14], [3, 18, 4, 19], [5, 12, 6, 13]]"
12a_0256_185,"[[5, 12, 6, 13], [7, 17, 8, 16], [9, 1, 10, 24], [11, 6, 12, 7], [13, 23, 14, 22], [15, 9, 16, 8], [17, 21, 18, 20], [19, 2, 20, 3], [21, 5, 22, 4], [23, 11, 24, 10], [1, 15, 2, 14], [3, 18, 4, 19]]"
