name,pd_notation
12a_0254_0,"[[24, 16, 1, 15], [2, 6, 3, 5], [4, 11, 5, 12], [6, 14, 7, 13], [8, 20, 9, 19], [10, 22, 11, 21], [12, 3, 13, 4], [14, 2, 15, 1], [16, 24, 17, 23], [18, 8, 19, 7], [20, 10, 21, 9], [22, 18, 23, 17]]"
12a_0254_1,"[[22, 18, 23, 17], [24, 16, 1, 15], [2, 6, 3, 5], [4, 11, 5, 12], [6, 14, 7, 13], [8, 20, 9, 19], [10, 22, 11, 21], [12, 3, 13, 4], [14, 2, 15, 1], [16, 24, 17, 23], [18, 8, 19, 7], [20, 10, 21, 9]]"
12a_0254_2,"[[20, 10, 21, 9], [22, 18, 23, 17], [24, 16, 1, 15], [2, 6, 3, 5], [4, 11, 5, 12], [6, 14, 7, 13], [8, 20, 9, 19], [10, 22, 11, 21], [12, 3, 13, 4], [14, 2, 15, 1], [16, 24, 17, 23], [18, 8, 19, 7]]"
12a_0254_3,"[[18, 8, 19, 7], [20, 10, 21, 9], [22, 18, 23, 17], [24, 16, 1, 15], [2, 6, 3, 5], [4, 11, 5, 12], [6, 14, 7, 13], [8, 20, 9, 19], [10, 22, 11, 21], [12, 3, 13, 4], [14, 2, 15, 1], [16, 24, 17, 23]]"
12a_0254_4,"[[16, 24, 17, 23], [18, 8, 19, 7], [20, 10, 21, 9], [22, 18, 23, 17], [24, 16, 1, 15], [2, 6, 3, 5], [4, 11, 5, 12], [6, 14, 7, 13], [8, 20, 9, 19], [10, 22, 11, 21], [12, 3, 13, 4], [14, 2, 15, 1]]"
12a_0254_5,"[[14, 2, 15, 1], [16, 24, 17, 23], [18, 8, 19, 7], [20, 10, 21, 9], [22, 18, 23, 17], [24, 16, 1, 15], [2, 6, 3, 5], [4, 11, 5, 12], [6, 14, 7, 13], [8, 20, 9, 19], [10, 22, 11, 21], [12, 3, 13, 4]]"
12a_0254_6,"[[12, 3, 13, 4], [14, 2, 15, 1], [16, 24, 17, 23], [18, 8, 19, 7], [20, 10, 21, 9], [22, 18, 23, 17], [24, 16, 1, 15], [2, 6, 3, 5], [4, 11, 5, 12], [6, 14, 7, 13], [8, 20, 9, 19], [10, 22, 11, 21]]"
12a_0254_7,"[[10, 22, 11, 21], [12, 3, 13, 4], [14, 2, 15, 1], [16, 24, 17, 23], [18, 8, 19, 7], [20, 10, 21, 9], [22, 18, 23, 17], [24, 16, 1, 15], [2, 6, 3, 5], [4, 11, 5, 12], [6, 14, 7, 13], [8, 20, 9, 19]]"
12a_0254_8,"[[8, 20, 9, 19], [10, 22, 11, 21], [12, 3, 13, 4], [14, 2, 15, 1], [16, 24, 17, 23], [18, 8, 19, 7], [20, 10, 21, 9], [22, 18, 23, 17], [24, 16, 1, 15], [2, 6, 3, 5], [4, 11, 5, 12], [6, 14, 7, 13]]"
12a_0254_9,"[[6, 14, 7, 13], [8, 20, 9, 19], [10, 22, 11, 21], [12, 3, 13, 4], [14, 2, 15, 1], [16, 24, 17, 23], [18, 8, 19, 7], [20, 10, 21, 9], [22, 18, 23, 17], [24, 16, 1, 15], [2, 6, 3, 5], [4, 11, 5, 12]]"
12a_0254_10,"[[4, 11, 5, 12], [6, 14, 7, 13], [8, 20, 9, 19], [10, 22, 11, 21], [12, 3, 13, 4], [14, 2, 15, 1], [16, 24, 17, 23], [18, 8, 19, 7], [20, 10, 21, 9], [22, 18, 23, 17], [24, 16, 1, 15], [2, 6, 3, 5]]"
12a_0254_11,"[[2, 6, 3, 5], [4, 11, 5, 12], [6, 14, 7, 13], [8, 20, 9, 19], [10, 22, 11, 21], [12, 3, 13, 4], [14, 2, 15, 1], [16, 24, 17, 23], [18, 8, 19, 7], [20, 10, 21, 9], [22, 18, 23, 17], [24, 16, 1, 15]]"
12a_0254_12,"[[1, 17, 2, 16], [3, 7, 4, 6], [5, 12, 6, 13], [7, 15, 8, 14], [9, 21, 10, 20], [11, 23, 12, 22], [13, 4, 14, 5], [15, 3, 16, 2], [17, 1, 18, 24], [19, 9, 20, 8], [21, 11, 22, 10], [23, 19, 24, 18]]"
12a_0254_13,"[[23, 19, 24, 18], [1, 17, 2, 16], [3, 7, 4, 6], [5, 12, 6, 13], [7, 15, 8, 14], [9, 21, 10, 20], [11, 23, 12, 22], [13, 4, 14, 5], [15, 3, 16, 2], [17, 1, 18, 24], [19, 9, 20, 8], [21, 11, 22, 10]]"
12a_0254_14,"[[21, 11, 22, 10], [23, 19, 24, 18], [1, 17, 2, 16], [3, 7, 4, 6], [5, 12, 6, 13], [7, 15, 8, 14], [9, 21, 10, 20], [11, 23, 12, 22], [13, 4, 14, 5], [15, 3, 16, 2], [17, 1, 18, 24], [19, 9, 20, 8]]"
12a_0254_15,"[[19, 9, 20, 8], [21, 11, 22, 10], [23, 19, 24, 18], [1, 17, 2, 16], [3, 7, 4, 6], [5, 12, 6, 13], [7, 15, 8, 14], [9, 21, 10, 20], [11, 23, 12, 22], [13, 4, 14, 5], [15, 3, 16, 2], [17, 1, 18, 24]]"
12a_0254_16,"[[17, 1, 18, 24], [19, 9, 20, 8], [21, 11, 22, 10], [23, 19, 24, 18], [1, 17, 2, 16], [3, 7, 4, 6], [5, 12, 6, 13], [7, 15, 8, 14], [9, 21, 10, 20], [11, 23, 12, 22], [13, 4, 14, 5], [15, 3, 16, 2]]"
12a_0254_17,"[[15, 3, 16, 2], [17, 1, 18, 24], [19, 9, 20, 8], [21, 11, 22, 10], [23, 19, 24, 18], [1, 17, 2, 16], [3, 7, 4, 6], [5, 12, 6, 13], [7, 15, 8, 14], [9, 21, 10, 20], [11, 23, 12, 22], [13, 4, 14, 5]]"
12a_0254_18,"[[13, 4, 14, 5], [15, 3, 16, 2], [17, 1, 18, 24], [19, 9, 20, 8], [21, 11, 22, 10], [23, 19, 24, 18], [1, 17, 2, 16], [3, 7, 4, 6], [5, 12, 6, 13], [7, 15, 8, 14], [9, 21, 10, 20], [11, 23, 12, 22]]"
12a_0254_19,"[[11, 23, 12, 22], [13, 4, 14, 5], [15, 3, 16, 2], [17, 1, 18, 24], [19, 9, 20, 8], [21, 11, 22, 10], [23, 19, 24, 18], [1, 17, 2, 16], [3, 7, 4, 6], [5, 12, 6, 13], [7, 15, 8, 14], [9, 21, 10, 20]]"
12a_0254_20,"[[9, 21, 10, 20], [11, 23, 12, 22], [13, 4, 14, 5], [15, 3, 16, 2], [17, 1, 18, 24], [19, 9, 20, 8], [21, 11, 22, 10], [23, 19, 24, 18], [1, 17, 2, 16], [3, 7, 4, 6], [5, 12, 6, 13], [7, 15, 8, 14]]"
12a_0254_21,"[[7, 15, 8, 14], [9, 21, 10, 20], [11, 23, 12, 22], [13, 4, 14, 5], [15, 3, 16, 2], [17, 1, 18, 24], [19, 9, 20, 8], [21, 11, 22, 10], [23, 19, 24, 18], [1, 17, 2, 16], [3, 7, 4, 6], [5, 12, 6, 13]]"
12a_0254_22,"[[5, 12, 6, 13], [7, 15, 8, 14], [9, 21, 10, 20], [11, 23, 12, 22], [13, 4, 14, 5], [15, 3, 16, 2], [17, 1, 18, 24], [19, 9, 20, 8], [21, 11, 22, 10], [23, 19, 24, 18], [1, 17, 2, 16], [3, 7, 4, 6]]"
12a_0254_23,"[[3, 7, 4, 6], [5, 12, 6, 13], [7, 15, 8, 14], [9, 21, 10, 20], [11, 23, 12, 22], [13, 4, 14, 5], [15, 3, 16, 2], [17, 1, 18, 24], [19, 9, 20, 8], [21, 11, 22, 10], [23, 19, 24, 18], [1, 17, 2, 16]]"
12a_0254_24,"[[2, 18, 3, 17], [4, 8, 5, 7], [6, 13, 7, 14], [8, 16, 9, 15], [10, 22, 11, 21], [12, 24, 13, 23], [14, 5, 15, 6], [16, 4, 17, 3], [18, 2, 19, 1], [20, 10, 21, 9], [22, 12, 23, 11], [24, 20, 1, 19]]"
12a_0254_25,"[[24, 20, 1, 19], [2, 18, 3, 17], [4, 8, 5, 7], [6, 13, 7, 14], [8, 16, 9, 15], [10, 22, 11, 21], [12, 24, 13, 23], [14, 5, 15, 6], [16, 4, 17, 3], [18, 2, 19, 1], [20, 10, 21, 9], [22, 12, 23, 11]]"
12a_0254_26,"[[22, 12, 23, 11], [24, 20, 1, 19], [2, 18, 3, 17], [4, 8, 5, 7], [6, 13, 7, 14], [8, 16, 9, 15], [10, 22, 11, 21], [12, 24, 13, 23], [14, 5, 15, 6], [16, 4, 17, 3], [18, 2, 19, 1], [20, 10, 21, 9]]"
12a_0254_27,"[[20, 10, 21, 9], [22, 12, 23, 11], [24, 20, 1, 19], [2, 18, 3, 17], [4, 8, 5, 7], [6, 13, 7, 14], [8, 16, 9, 15], [10, 22, 11, 21], [12, 24, 13, 23], [14, 5, 15, 6], [16, 4, 17, 3], [18, 2, 19, 1]]"
12a_0254_28,"[[18, 2, 19, 1], [20, 10, 21, 9], [22, 12, 23, 11], [24, 20, 1, 19], [2, 18, 3, 17], [4, 8, 5, 7], [6, 13, 7, 14], [8, 16, 9, 15], [10, 22, 11, 21], [12, 24, 13, 23], [14, 5, 15, 6], [16, 4, 17, 3]]"
12a_0254_29,"[[16, 4, 17, 3], [18, 2, 19, 1], [20, 10, 21, 9], [22, 12, 23, 11], [24, 20, 1, 19], [2, 18, 3, 17], [4, 8, 5, 7], [6, 13, 7, 14], [8, 16, 9, 15], [10, 22, 11, 21], [12, 24, 13, 23], [14, 5, 15, 6]]"
12a_0254_30,"[[14, 5, 15, 6], [16, 4, 17, 3], [18, 2, 19, 1], [20, 10, 21, 9], [22, 12, 23, 11], [24, 20, 1, 19], [2, 18, 3, 17], [4, 8, 5, 7], [6, 13, 7, 14], [8, 16, 9, 15], [10, 22, 11, 21], [12, 24, 13, 23]]"
12a_0254_31,"[[12, 24, 13, 23], [14, 5, 15, 6], [16, 4, 17, 3], [18, 2, 19, 1], [20, 10, 21, 9], [22, 12, 23, 11], [24, 20, 1, 19], [2, 18, 3, 17], [4, 8, 5, 7], [6, 13, 7, 14], [8, 16, 9, 15], [10, 22, 11, 21]]"
12a_0254_32,"[[10, 22, 11, 21], [12, 24, 13, 23], [14, 5, 15, 6], [16, 4, 17, 3], [18, 2, 19, 1], [20, 10, 21, 9], [22, 12, 23, 11], [24, 20, 1, 19], [2, 18, 3, 17], [4, 8, 5, 7], [6, 13, 7, 14], [8, 16, 9, 15]]"
12a_0254_33,"[[8, 16, 9, 15], [10, 22, 11, 21], [12, 24, 13, 23], [14, 5, 15, 6], [16, 4, 17, 3], [18, 2, 19, 1], [20, 10, 21, 9], [22, 12, 23, 11], [24, 20, 1, 19], [2, 18, 3, 17], [4, 8, 5, 7], [6, 13, 7, 14]]"
12a_0254_34,"[[6, 13, 7, 14], [8, 16, 9, 15], [10, 22, 11, 21], [12, 24, 13, 23], [14, 5, 15, 6], [16, 4, 17, 3], [18, 2, 19, 1], [20, 10, 21, 9], [22, 12, 23, 11], [24, 20, 1, 19], [2, 18, 3, 17], [4, 8, 5, 7]]"
12a_0254_35,"[[4, 8, 5, 7], [6, 13, 7, 14], [8, 16, 9, 15], [10, 22, 11, 21], [12, 24, 13, 23], [14, 5, 15, 6], [16, 4, 17, 3], [18, 2, 19, 1], [20, 10, 21, 9], [22, 12, 23, 11], [24, 20, 1, 19], [2, 18, 3, 17]]"
12a_0254_36,"[[3, 19, 4, 18], [5, 9, 6, 8], [7, 14, 8, 15], [9, 17, 10, 16], [11, 23, 12, 22], [13, 1, 14, 24], [15, 6, 16, 7], [17, 5, 18, 4], [19, 3, 20, 2], [21, 11, 22, 10], [23, 13, 24, 12], [1, 21, 2, 20]]"
12a_0254_37,"[[1, 21, 2, 20], [3, 19, 4, 18], [5, 9, 6, 8], [7, 14, 8, 15], [9, 17, 10, 16], [11, 23, 12, 22], [13, 1, 14, 24], [15, 6, 16, 7], [17, 5, 18, 4], [19, 3, 20, 2], [21, 11, 22, 10], [23, 13, 24, 12]]"
12a_0254_38,"[[23, 13, 24, 12], [1, 21, 2, 20], [3, 19, 4, 18], [5, 9, 6, 8], [7, 14, 8, 15], [9, 17, 10, 16], [11, 23, 12, 22], [13, 1, 14, 24], [15, 6, 16, 7], [17, 5, 18, 4], [19, 3, 20, 2], [21, 11, 22, 10]]"
12a_0254_39,"[[21, 11, 22, 10], [23, 13, 24, 12], [1, 21, 2, 20], [3, 19, 4, 18], [5, 9, 6, 8], [7, 14, 8, 15], [9, 17, 10, 16], [11, 23, 12, 22], [13, 1, 14, 24], [15, 6, 16, 7], [17, 5, 18, 4], [19, 3, 20, 2]]"
12a_0254_40,"[[19, 3, 20, 2], [21, 11, 22, 10], [23, 13, 24, 12], [1, 21, 2, 20], [3, 19, 4, 18], [5, 9, 6, 8], [7, 14, 8, 15], [9, 17, 10, 16], [11, 23, 12, 22], [13, 1, 14, 24], [15, 6, 16, 7], [17, 5, 18, 4]]"
12a_0254_41,"[[17, 5, 18, 4], [19, 3, 20, 2], [21, 11, 22, 10], [23, 13, 24, 12], [1, 21, 2, 20], [3, 19, 4, 18], [5, 9, 6, 8], [7, 14, 8, 15], [9, 17, 10, 16], [11, 23, 12, 22], [13, 1, 14, 24], [15, 6, 16, 7]]"
12a_0254_42,"[[15, 6, 16, 7], [17, 5, 18, 4], [19, 3, 20, 2], [21, 11, 22, 10], [23, 13, 24, 12], [1, 21, 2, 20], [3, 19, 4, 18], [5, 9, 6, 8], [7, 14, 8, 15], [9, 17, 10, 16], [11, 23, 12, 22], [13, 1, 14, 24]]"
12a_0254_43,"[[13, 1, 14, 24], [15, 6, 16, 7], [17, 5, 18, 4], [19, 3, 20, 2], [21, 11, 22, 10], [23, 13, 24, 12], [1, 21, 2, 20], [3, 19, 4, 18], [5, 9, 6, 8], [7, 14, 8, 15], [9, 17, 10, 16], [11, 23, 12, 22]]"
12a_0254_44,"[[11, 23, 12, 22], [13, 1, 14, 24], [15, 6, 16, 7], [17, 5, 18, 4], [19, 3, 20, 2], [21, 11, 22, 10], [23, 13, 24, 12], [1, 21, 2, 20], [3, 19, 4, 18], [5, 9, 6, 8], [7, 14, 8, 15], [9, 17, 10, 16]]"
12a_0254_45,"[[9, 17, 10, 16], [11, 23, 12, 22], [13, 1, 14, 24], [15, 6, 16, 7], [17, 5, 18, 4], [19, 3, 20, 2], [21, 11, 22, 10], [23, 13, 24, 12], [1, 21, 2, 20], [3, 19, 4, 18], [5, 9, 6, 8], [7, 14, 8, 15]]"
12a_0254_46,"[[7, 14, 8, 15], [9, 17, 10, 16], [11, 23, 12, 22], [13, 1, 14, 24], [15, 6, 16, 7], [17, 5, 18, 4], [19, 3, 20, 2], [21, 11, 22, 10], [23, 13, 24, 12], [1, 21, 2, 20], [3, 19, 4, 18], [5, 9, 6, 8]]"
12a_0254_47,"[[5, 9, 6, 8], [7, 14, 8, 15], [9, 17, 10, 16], [11, 23, 12, 22], [13, 1, 14, 24], [15, 6, 16, 7], [17, 5, 18, 4], [19, 3, 20, 2], [21, 11, 22, 10], [23, 13, 24, 12], [1, 21, 2, 20], [3, 19, 4, 18]]"
12a_0254_48,"[[4, 20, 5, 19], [6, 10, 7, 9], [8, 15, 9, 16], [10, 18, 11, 17], [12, 24, 13, 23], [14, 2, 15, 1], [16, 7, 17, 8], [18, 6, 19, 5], [20, 4, 21, 3], [22, 12, 23, 11], [24, 14, 1, 13], [2, 22, 3, 21]]"
12a_0254_49,"[[2, 22, 3, 21], [4, 20, 5, 19], [6, 10, 7, 9], [8, 15, 9, 16], [10, 18, 11, 17], [12, 24, 13, 23], [14, 2, 15, 1], [16, 7, 17, 8], [18, 6, 19, 5], [20, 4, 21, 3], [22, 12, 23, 11], [24, 14, 1, 13]]"
12a_0254_50,"[[24, 14, 1, 13], [2, 22, 3, 21], [4, 20, 5, 19], [6, 10, 7, 9], [8, 15, 9, 16], [10, 18, 11, 17], [12, 24, 13, 23], [14, 2, 15, 1], [16, 7, 17, 8], [18, 6, 19, 5], [20, 4, 21, 3], [22, 12, 23, 11]]"
12a_0254_51,"[[22, 12, 23, 11], [24, 14, 1, 13], [2, 22, 3, 21], [4, 20, 5, 19], [6, 10, 7, 9], [8, 15, 9, 16], [10, 18, 11, 17], [12, 24, 13, 23], [14, 2, 15, 1], [16, 7, 17, 8], [18, 6, 19, 5], [20, 4, 21, 3]]"
12a_0254_52,"[[20, 4, 21, 3], [22, 12, 23, 11], [24, 14, 1, 13], [2, 22, 3, 21], [4, 20, 5, 19], [6, 10, 7, 9], [8, 15, 9, 16], [10, 18, 11, 17], [12, 24, 13, 23], [14, 2, 15, 1], [16, 7, 17, 8], [18, 6, 19, 5]]"
12a_0254_53,"[[18, 6, 19, 5], [20, 4, 21, 3], [22, 12, 23, 11], [24, 14, 1, 13], [2, 22, 3, 21], [4, 20, 5, 19], [6, 10, 7, 9], [8, 15, 9, 16], [10, 18, 11, 17], [12, 24, 13, 23], [14, 2, 15, 1], [16, 7, 17, 8]]"
12a_0254_54,"[[16, 7, 17, 8], [18, 6, 19, 5], [20, 4, 21, 3], [22, 12, 23, 11], [24, 14, 1, 13], [2, 22, 3, 21], [4, 20, 5, 19], [6, 10, 7, 9], [8, 15, 9, 16], [10, 18, 11, 17], [12, 24, 13, 23], [14, 2, 15, 1]]"
12a_0254_55,"[[14, 2, 15, 1], [16, 7, 17, 8], [18, 6, 19, 5], [20, 4, 21, 3], [22, 12, 23, 11], [24, 14, 1, 13], [2, 22, 3, 21], [4, 20, 5, 19], [6, 10, 7, 9], [8, 15, 9, 16], [10, 18, 11, 17], [12, 24, 13, 23]]"
12a_0254_56,"[[12, 24, 13, 23], [14, 2, 15, 1], [16, 7, 17, 8], [18, 6, 19, 5], [20, 4, 21, 3], [22, 12, 23, 11], [24, 14, 1, 13], [2, 22, 3, 21], [4, 20, 5, 19], [6, 10, 7, 9], [8, 15, 9, 16], [10, 18, 11, 17]]"
12a_0254_57,"[[10, 18, 11, 17], [12, 24, 13, 23], [14, 2, 15, 1], [16, 7, 17, 8], [18, 6, 19, 5], [20, 4, 21, 3], [22, 12, 23, 11], [24, 14, 1, 13], [2, 22, 3, 21], [4, 20, 5, 19], [6, 10, 7, 9], [8, 15, 9, 16]]"
12a_0254_58,"[[8, 15, 9, 16], [10, 18, 11, 17], [12, 24, 13, 23], [14, 2, 15, 1], [16, 7, 17, 8], [18, 6, 19, 5], [20, 4, 21, 3], [22, 12, 23, 11], [24, 14, 1, 13], [2, 22, 3, 21], [4, 20, 5, 19], [6, 10, 7, 9]]"
12a_0254_59,"[[6, 10, 7, 9], [8, 15, 9, 16], [10, 18, 11, 17], [12, 24, 13, 23], [14, 2, 15, 1], [16, 7, 17, 8], [18, 6, 19, 5], [20, 4, 21, 3], [22, 12, 23, 11], [24, 14, 1, 13], [2, 22, 3, 21], [4, 20, 5, 19]]"
12a_0254_60,"[[5, 21, 6, 20], [7, 11, 8, 10], [9, 16, 10, 17], [11, 19, 12, 18], [13, 1, 14, 24], [15, 3, 16, 2], [17, 8, 18, 9], [19, 7, 20, 6], [21, 5, 22, 4], [23, 13, 24, 12], [1, 15, 2, 14], [3, 23, 4, 22]]"
12a_0254_61,"[[3, 23, 4, 22], [5, 21, 6, 20], [7, 11, 8, 10], [9, 16, 10, 17], [11, 19, 12, 18], [13, 1, 14, 24], [15, 3, 16, 2], [17, 8, 18, 9], [19, 7, 20, 6], [21, 5, 22, 4], [23, 13, 24, 12], [1, 15, 2, 14]]"
12a_0254_62,"[[1, 15, 2, 14], [3, 23, 4, 22], [5, 21, 6, 20], [7, 11, 8, 10], [9, 16, 10, 17], [11, 19, 12, 18], [13, 1, 14, 24], [15, 3, 16, 2], [17, 8, 18, 9], [19, 7, 20, 6], [21, 5, 22, 4], [23, 13, 24, 12]]"
12a_0254_63,"[[23, 13, 24, 12], [1, 15, 2, 14], [3, 23, 4, 22], [5, 21, 6, 20], [7, 11, 8, 10], [9, 16, 10, 17], [11, 19, 12, 18], [13, 1, 14, 24], [15, 3, 16, 2], [17, 8, 18, 9], [19, 7, 20, 6], [21, 5, 22, 4]]"
12a_0254_64,"[[21, 5, 22, 4], [23, 13, 24, 12], [1, 15, 2, 14], [3, 23, 4, 22], [5, 21, 6, 20], [7, 11, 8, 10], [9, 16, 10, 17], [11, 19, 12, 18], [13, 1, 14, 24], [15, 3, 16, 2], [17, 8, 18, 9], [19, 7, 20, 6]]"
12a_0254_65,"[[19, 7, 20, 6], [21, 5, 22, 4], [23, 13, 24, 12], [1, 15, 2, 14], [3, 23, 4, 22], [5, 21, 6, 20], [7, 11, 8, 10], [9, 16, 10, 17], [11, 19, 12, 18], [13, 1, 14, 24], [15, 3, 16, 2], [17, 8, 18, 9]]"
12a_0254_66,"[[17, 8, 18, 9], [19, 7, 20, 6], [21, 5, 22, 4], [23, 13, 24, 12], [1, 15, 2, 14], [3, 23, 4, 22], [5, 21, 6, 20], [7, 11, 8, 10], [9, 16, 10, 17], [11, 19, 12, 18], [13, 1, 14, 24], [15, 3, 16, 2]]"
12a_0254_67,"[[15, 3, 16, 2], [17, 8, 18, 9], [19, 7, 20, 6], [21, 5, 22, 4], [23, 13, 24, 12], [1, 15, 2, 14], [3, 23, 4, 22], [5, 21, 6, 20], [7, 11, 8, 10], [9, 16, 10, 17], [11, 19, 12, 18], [13, 1, 14, 24]]"
12a_0254_68,"[[13, 1, 14, 24], [15, 3, 16, 2], [17, 8, 18, 9], [19, 7, 20, 6], [21, 5, 22, 4], [23, 13, 24, 12], [1, 15, 2, 14], [3, 23, 4, 22], [5, 21, 6, 20], [7, 11, 8, 10], [9, 16, 10, 17], [11, 19, 12, 18]]"
12a_0254_69,"[[11, 19, 12, 18], [13, 1, 14, 24], [15, 3, 16, 2], [17, 8, 18, 9], [19, 7, 20, 6], [21, 5, 22, 4], [23, 13, 24, 12], [1, 15, 2, 14], [3, 23, 4, 22], [5, 21, 6, 20], [7, 11, 8, 10], [9, 16, 10, 17]]"
12a_0254_70,"[[9, 16, 10, 17], [11, 19, 12, 18], [13, 1, 14, 24], [15, 3, 16, 2], [17, 8, 18, 9], [19, 7, 20, 6], [21, 5, 22, 4], [23, 13, 24, 12], [1, 15, 2, 14], [3, 23, 4, 22], [5, 21, 6, 20], [7, 11, 8, 10]]"
12a_0254_71,"[[7, 11, 8, 10], [9, 16, 10, 17], [11, 19, 12, 18], [13, 1, 14, 24], [15, 3, 16, 2], [17, 8, 18, 9], [19, 7, 20, 6], [21, 5, 22, 4], [23, 13, 24, 12], [1, 15, 2, 14], [3, 23, 4, 22], [5, 21, 6, 20]]"
12a_0254_72,"[[6, 22, 7, 21], [8, 12, 9, 11], [10, 17, 11, 18], [12, 20, 13, 19], [14, 2, 15, 1], [16, 4, 17, 3], [18, 9, 19, 10], [20, 8, 21, 7], [22, 6, 23, 5], [24, 14, 1, 13], [2, 16, 3, 15], [4, 24, 5, 23]]"
12a_0254_73,"[[4, 24, 5, 23], [6, 22, 7, 21], [8, 12, 9, 11], [10, 17, 11, 18], [12, 20, 13, 19], [14, 2, 15, 1], [16, 4, 17, 3], [18, 9, 19, 10], [20, 8, 21, 7], [22, 6, 23, 5], [24, 14, 1, 13], [2, 16, 3, 15]]"
12a_0254_74,"[[2, 16, 3, 15], [4, 24, 5, 23], [6, 22, 7, 21], [8, 12, 9, 11], [10, 17, 11, 18], [12, 20, 13, 19], [14, 2, 15, 1], [16, 4, 17, 3], [18, 9, 19, 10], [20, 8, 21, 7], [22, 6, 23, 5], [24, 14, 1, 13]]"
12a_0254_75,"[[24, 14, 1, 13], [2, 16, 3, 15], [4, 24, 5, 23], [6, 22, 7, 21], [8, 12, 9, 11], [10, 17, 11, 18], [12, 20, 13, 19], [14, 2, 15, 1], [16, 4, 17, 3], [18, 9, 19, 10], [20, 8, 21, 7], [22, 6, 23, 5]]"
12a_0254_76,"[[22, 6, 23, 5], [24, 14, 1, 13], [2, 16, 3, 15], [4, 24, 5, 23], [6, 22, 7, 21], [8, 12, 9, 11], [10, 17, 11, 18], [12, 20, 13, 19], [14, 2, 15, 1], [16, 4, 17, 3], [18, 9, 19, 10], [20, 8, 21, 7]]"
12a_0254_77,"[[20, 8, 21, 7], [22, 6, 23, 5], [24, 14, 1, 13], [2, 16, 3, 15], [4, 24, 5, 23], [6, 22, 7, 21], [8, 12, 9, 11], [10, 17, 11, 18], [12, 20, 13, 19], [14, 2, 15, 1], [16, 4, 17, 3], [18, 9, 19, 10]]"
12a_0254_78,"[[18, 9, 19, 10], [20, 8, 21, 7], [22, 6, 23, 5], [24, 14, 1, 13], [2, 16, 3, 15], [4, 24, 5, 23], [6, 22, 7, 21], [8, 12, 9, 11], [10, 17, 11, 18], [12, 20, 13, 19], [14, 2, 15, 1], [16, 4, 17, 3]]"
12a_0254_79,"[[16, 4, 17, 3], [18, 9, 19, 10], [20, 8, 21, 7], [22, 6, 23, 5], [24, 14, 1, 13], [2, 16, 3, 15], [4, 24, 5, 23], [6, 22, 7, 21], [8, 12, 9, 11], [10, 17, 11, 18], [12, 20, 13, 19], [14, 2, 15, 1]]"
12a_0254_80,"[[14, 2, 15, 1], [16, 4, 17, 3], [18, 9, 19, 10], [20, 8, 21, 7], [22, 6, 23, 5], [24, 14, 1, 13], [2, 16, 3, 15], [4, 24, 5, 23], [6, 22, 7, 21], [8, 12, 9, 11], [10, 17, 11, 18], [12, 20, 13, 19]]"
12a_0254_81,"[[12, 20, 13, 19], [14, 2, 15, 1], [16, 4, 17, 3], [18, 9, 19, 10], [20, 8, 21, 7], [22, 6, 23, 5], [24, 14, 1, 13], [2, 16, 3, 15], [4, 24, 5, 23], [6, 22, 7, 21], [8, 12, 9, 11], [10, 17, 11, 18]]"
12a_0254_82,"[[10, 17, 11, 18], [12, 20, 13, 19], [14, 2, 15, 1], [16, 4, 17, 3], [18, 9, 19, 10], [20, 8, 21, 7], [22, 6, 23, 5], [24, 14, 1, 13], [2, 16, 3, 15], [4, 24, 5, 23], [6, 22, 7, 21], [8, 12, 9, 11]]"
12a_0254_83,"[[8, 12, 9, 11], [10, 17, 11, 18], [12, 20, 13, 19], [14, 2, 15, 1], [16, 4, 17, 3], [18, 9, 19, 10], [20, 8, 21, 7], [22, 6, 23, 5], [24, 14, 1, 13], [2, 16, 3, 15], [4, 24, 5, 23], [6, 22, 7, 21]]"
12a_0254_84,"[[7, 23, 8, 22], [9, 13, 10, 12], [11, 18, 12, 19], [13, 21, 14, 20], [15, 3, 16, 2], [17, 5, 18, 4], [19, 10, 20, 11], [21, 9, 22, 8], [23, 7, 24, 6], [1, 15, 2, 14], [3, 17, 4, 16], [5, 1, 6, 24]]"
12a_0254_85,"[[5, 1, 6, 24], [7, 23, 8, 22], [9, 13, 10, 12], [11, 18, 12, 19], [13, 21, 14, 20], [15, 3, 16, 2], [17, 5, 18, 4], [19, 10, 20, 11], [21, 9, 22, 8], [23, 7, 24, 6], [1, 15, 2, 14], [3, 17, 4, 16]]"
12a_0254_86,"[[3, 17, 4, 16], [5, 1, 6, 24], [7, 23, 8, 22], [9, 13, 10, 12], [11, 18, 12, 19], [13, 21, 14, 20], [15, 3, 16, 2], [17, 5, 18, 4], [19, 10, 20, 11], [21, 9, 22, 8], [23, 7, 24, 6], [1, 15, 2, 14]]"
12a_0254_87,"[[1, 15, 2, 14], [3, 17, 4, 16], [5, 1, 6, 24], [7, 23, 8, 22], [9, 13, 10, 12], [11, 18, 12, 19], [13, 21, 14, 20], [15, 3, 16, 2], [17, 5, 18, 4], [19, 10, 20, 11], [21, 9, 22, 8], [23, 7, 24, 6]]"
12a_0254_88,"[[23, 7, 24, 6], [1, 15, 2, 14], [3, 17, 4, 16], [5, 1, 6, 24], [7, 23, 8, 22], [9, 13, 10, 12], [11, 18, 12, 19], [13, 21, 14, 20], [15, 3, 16, 2], [17, 5, 18, 4], [19, 10, 20, 11], [21, 9, 22, 8]]"
12a_0254_89,"[[21, 9, 22, 8], [23, 7, 24, 6], [1, 15, 2, 14], [3, 17, 4, 16], [5, 1, 6, 24], [7, 23, 8, 22], [9, 13, 10, 12], [11, 18, 12, 19], [13, 21, 14, 20], [15, 3, 16, 2], [17, 5, 18, 4], [19, 10, 20, 11]]"
12a_0254_90,"[[19, 10, 20, 11], [21, 9, 22, 8], [23, 7, 24, 6], [1, 15, 2, 14], [3, 17, 4, 16], [5, 1, 6, 24], [7, 23, 8, 22], [9, 13, 10, 12], [11, 18, 12, 19], [13, 21, 14, 20], [15, 3, 16, 2], [17, 5, 18, 4]]"
12a_0254_91,"[[17, 5, 18, 4], [19, 10, 20, 11], [21, 9, 22, 8], [23, 7, 24, 6], [1, 15, 2, 14], [3, 17, 4, 16], [5, 1, 6, 24], [7, 23, 8, 22], [9, 13, 10, 12], [11, 18, 12, 19], [13, 21, 14, 20], [15, 3, 16, 2]]"
12a_0254_92,"[[15, 3, 16, 2], [17, 5, 18, 4], [19, 10, 20, 11], [21, 9, 22, 8], [23, 7, 24, 6], [1, 15, 2, 14], [3, 17, 4, 16], [5, 1, 6, 24], [7, 23, 8, 22], [9, 13, 10, 12], [11, 18, 12, 19], [13, 21, 14, 20]]"
12a_0254_93,"[[13, 21, 14, 20], [15, 3, 16, 2], [17, 5, 18, 4], [19, 10, 20, 11], [21, 9, 22, 8], [23, 7, 24, 6], [1, 15, 2, 14], [3, 17, 4, 16], [5, 1, 6, 24], [7, 23, 8, 22], [9, 13, 10, 12], [11, 18, 12, 19]]"
12a_0254_94,"[[11, 18, 12, 19], [13, 21, 14, 20], [15, 3, 16, 2], [17, 5, 18, 4], [19, 10, 20, 11], [21, 9, 22, 8], [23, 7, 24, 6], [1, 15, 2, 14], [3, 17, 4, 16], [5, 1, 6, 24], [7, 23, 8, 22], [9, 13, 10, 12]]"
12a_0254_95,"[[9, 13, 10, 12], [11, 18, 12, 19], [13, 21, 14, 20], [15, 3, 16, 2], [17, 5, 18, 4], [19, 10, 20, 11], [21, 9, 22, 8], [23, 7, 24, 6], [1, 15, 2, 14], [3, 17, 4, 16], [5, 1, 6, 24], [7, 23, 8, 22]]"
12a_0254_96,"[[8, 24, 9, 23], [10, 14, 11, 13], [12, 19, 13, 20], [14, 22, 15, 21], [16, 4, 17, 3], [18, 6, 19, 5], [20, 11, 21, 12], [22, 10, 23, 9], [24, 8, 1, 7], [2, 16, 3, 15], [4, 18, 5, 17], [6, 2, 7, 1]]"
12a_0254_97,"[[6, 2, 7, 1], [8, 24, 9, 23], [10, 14, 11, 13], [12, 19, 13, 20], [14, 22, 15, 21], [16, 4, 17, 3], [18, 6, 19, 5], [20, 11, 21, 12], [22, 10, 23, 9], [24, 8, 1, 7], [2, 16, 3, 15], [4, 18, 5, 17]]"
12a_0254_98,"[[4, 18, 5, 17], [6, 2, 7, 1], [8, 24, 9, 23], [10, 14, 11, 13], [12, 19, 13, 20], [14, 22, 15, 21], [16, 4, 17, 3], [18, 6, 19, 5], [20, 11, 21, 12], [22, 10, 23, 9], [24, 8, 1, 7], [2, 16, 3, 15]]"
12a_0254_99,"[[2, 16, 3, 15], [4, 18, 5, 17], [6, 2, 7, 1], [8, 24, 9, 23], [10, 14, 11, 13], [12, 19, 13, 20], [14, 22, 15, 21], [16, 4, 17, 3], [18, 6, 19, 5], [20, 11, 21, 12], [22, 10, 23, 9], [24, 8, 1, 7]]"
12a_0254_100,"[[24, 8, 1, 7], [2, 16, 3, 15], [4, 18, 5, 17], [6, 2, 7, 1], [8, 24, 9, 23], [10, 14, 11, 13], [12, 19, 13, 20], [14, 22, 15, 21], [16, 4, 17, 3], [18, 6, 19, 5], [20, 11, 21, 12], [22, 10, 23, 9]]"
12a_0254_101,"[[22, 10, 23, 9], [24, 8, 1, 7], [2, 16, 3, 15], [4, 18, 5, 17], [6, 2, 7, 1], [8, 24, 9, 23], [10, 14, 11, 13], [12, 19, 13, 20], [14, 22, 15, 21], [16, 4, 17, 3], [18, 6, 19, 5], [20, 11, 21, 12]]"
12a_0254_102,"[[20, 11, 21, 12], [22, 10, 23, 9], [24, 8, 1, 7], [2, 16, 3, 15], [4, 18, 5, 17], [6, 2, 7, 1], [8, 24, 9, 23], [10, 14, 11, 13], [12, 19, 13, 20], [14, 22, 15, 21], [16, 4, 17, 3], [18, 6, 19, 5]]"
12a_0254_103,"[[18, 6, 19, 5], [20, 11, 21, 12], [22, 10, 23, 9], [24, 8, 1, 7], [2, 16, 3, 15], [4, 18, 5, 17], [6, 2, 7, 1], [8, 24, 9, 23], [10, 14, 11, 13], [12, 19, 13, 20], [14, 22, 15, 21], [16, 4, 17, 3]]"
12a_0254_104,"[[16, 4, 17, 3], [18, 6, 19, 5], [20, 11, 21, 12], [22, 10, 23, 9], [24, 8, 1, 7], [2, 16, 3, 15], [4, 18, 5, 17], [6, 2, 7, 1], [8, 24, 9, 23], [10, 14, 11, 13], [12, 19, 13, 20], [14, 22, 15, 21]]"
12a_0254_105,"[[14, 22, 15, 21], [16, 4, 17, 3], [18, 6, 19, 5], [20, 11, 21, 12], [22, 10, 23, 9], [24, 8, 1, 7], [2, 16, 3, 15], [4, 18, 5, 17], [6, 2, 7, 1], [8, 24, 9, 23], [10, 14, 11, 13], [12, 19, 13, 20]]"
12a_0254_106,"[[12, 19, 13, 20], [14, 22, 15, 21], [16, 4, 17, 3], [18, 6, 19, 5], [20, 11, 21, 12], [22, 10, 23, 9], [24, 8, 1, 7], [2, 16, 3, 15], [4, 18, 5, 17], [6, 2, 7, 1], [8, 24, 9, 23], [10, 14, 11, 13]]"
12a_0254_107,"[[10, 14, 11, 13], [12, 19, 13, 20], [14, 22, 15, 21], [16, 4, 17, 3], [18, 6, 19, 5], [20, 11, 21, 12], [22, 10, 23, 9], [24, 8, 1, 7], [2, 16, 3, 15], [4, 18, 5, 17], [6, 2, 7, 1], [8, 24, 9, 23]]"
12a_0254_108,"[[9, 1, 10, 24], [11, 15, 12, 14], [13, 20, 14, 21], [15, 23, 16, 22], [17, 5, 18, 4], [19, 7, 20, 6], [21, 12, 22, 13], [23, 11, 24, 10], [1, 9, 2, 8], [3, 17, 4, 16], [5, 19, 6, 18], [7, 3, 8, 2]]"
12a_0254_109,"[[7, 3, 8, 2], [9, 1, 10, 24], [11, 15, 12, 14], [13, 20, 14, 21], [15, 23, 16, 22], [17, 5, 18, 4], [19, 7, 20, 6], [21, 12, 22, 13], [23, 11, 24, 10], [1, 9, 2, 8], [3, 17, 4, 16], [5, 19, 6, 18]]"
12a_0254_110,"[[5, 19, 6, 18], [7, 3, 8, 2], [9, 1, 10, 24], [11, 15, 12, 14], [13, 20, 14, 21], [15, 23, 16, 22], [17, 5, 18, 4], [19, 7, 20, 6], [21, 12, 22, 13], [23, 11, 24, 10], [1, 9, 2, 8], [3, 17, 4, 16]]"
12a_0254_111,"[[3, 17, 4, 16], [5, 19, 6, 18], [7, 3, 8, 2], [9, 1, 10, 24], [11, 15, 12, 14], [13, 20, 14, 21], [15, 23, 16, 22], [17, 5, 18, 4], [19, 7, 20, 6], [21, 12, 22, 13], [23, 11, 24, 10], [1, 9, 2, 8]]"
12a_0254_112,"[[1, 9, 2, 8], [3, 17, 4, 16], [5, 19, 6, 18], [7, 3, 8, 2], [9, 1, 10, 24], [11, 15, 12, 14], [13, 20, 14, 21], [15, 23, 16, 22], [17, 5, 18, 4], [19, 7, 20, 6], [21, 12, 22, 13], [23, 11, 24, 10]]"
12a_0254_113,"[[23, 11, 24, 10], [1, 9, 2, 8], [3, 17, 4, 16], [5, 19, 6, 18], [7, 3, 8, 2], [9, 1, 10, 24], [11, 15, 12, 14], [13, 20, 14, 21], [15, 23, 16, 22], [17, 5, 18, 4], [19, 7, 20, 6], [21, 12, 22, 13]]"
12a_0254_114,"[[21, 12, 22, 13], [23, 11, 24, 10], [1, 9, 2, 8], [3, 17, 4, 16], [5, 19, 6, 18], [7, 3, 8, 2], [9, 1, 10, 24], [11, 15, 12, 14], [13, 20, 14, 21], [15, 23, 16, 22], [17, 5, 18, 4], [19, 7, 20, 6]]"
12a_0254_115,"[[19, 7, 20, 6], [21, 12, 22, 13], [23, 11, 24, 10], [1, 9, 2, 8], [3, 17, 4, 16], [5, 19, 6, 18], [7, 3, 8, 2], [9, 1, 10, 24], [11, 15, 12, 14], [13, 20, 14, 21], [15, 23, 16, 22], [17, 5, 18, 4]]"
12a_0254_116,"[[17, 5, 18, 4], [19, 7, 20, 6], [21, 12, 22, 13], [23, 11, 24, 10], [1, 9, 2, 8], [3, 17, 4, 16], [5, 19, 6, 18], [7, 3, 8, 2], [9, 1, 10, 24], [11, 15, 12, 14], [13, 20, 14, 21], [15, 23, 16, 22]]"
12a_0254_117,"[[15, 23, 16, 22], [17, 5, 18, 4], [19, 7, 20, 6], [21, 12, 22, 13], [23, 11, 24, 10], [1, 9, 2, 8], [3, 17, 4, 16], [5, 19, 6, 18], [7, 3, 8, 2], [9, 1, 10, 24], [11, 15, 12, 14], [13, 20, 14, 21]]"
12a_0254_118,"[[13, 20, 14, 21], [15, 23, 16, 22], [17, 5, 18, 4], [19, 7, 20, 6], [21, 12, 22, 13], [23, 11, 24, 10], [1, 9, 2, 8], [3, 17, 4, 16], [5, 19, 6, 18], [7, 3, 8, 2], [9, 1, 10, 24], [11, 15, 12, 14]]"
12a_0254_119,"[[11, 15, 12, 14], [13, 20, 14, 21], [15, 23, 16, 22], [17, 5, 18, 4], [19, 7, 20, 6], [21, 12, 22, 13], [23, 11, 24, 10], [1, 9, 2, 8], [3, 17, 4, 16], [5, 19, 6, 18], [7, 3, 8, 2], [9, 1, 10, 24]]"
12a_0254_120,"[[10, 2, 11, 1], [12, 16, 13, 15], [14, 21, 15, 22], [16, 24, 17, 23], [18, 6, 19, 5], [20, 8, 21, 7], [22, 13, 23, 14], [24, 12, 1, 11], [2, 10, 3, 9], [4, 18, 5, 17], [6, 20, 7, 19], [8, 4, 9, 3]]"
12a_0254_121,"[[8, 4, 9, 3], [10, 2, 11, 1], [12, 16, 13, 15], [14, 21, 15, 22], [16, 24, 17, 23], [18, 6, 19, 5], [20, 8, 21, 7], [22, 13, 23, 14], [24, 12, 1, 11], [2, 10, 3, 9], [4, 18, 5, 17], [6, 20, 7, 19]]"
12a_0254_122,"[[6, 20, 7, 19], [8, 4, 9, 3], [10, 2, 11, 1], [12, 16, 13, 15], [14, 21, 15, 22], [16, 24, 17, 23], [18, 6, 19, 5], [20, 8, 21, 7], [22, 13, 23, 14], [24, 12, 1, 11], [2, 10, 3, 9], [4, 18, 5, 17]]"
12a_0254_123,"[[4, 18, 5, 17], [6, 20, 7, 19], [8, 4, 9, 3], [10, 2, 11, 1], [12, 16, 13, 15], [14, 21, 15, 22], [16, 24, 17, 23], [18, 6, 19, 5], [20, 8, 21, 7], [22, 13, 23, 14], [24, 12, 1, 11], [2, 10, 3, 9]]"
12a_0254_124,"[[2, 10, 3, 9], [4, 18, 5, 17], [6, 20, 7, 19], [8, 4, 9, 3], [10, 2, 11, 1], [12, 16, 13, 15], [14, 21, 15, 22], [16, 24, 17, 23], [18, 6, 19, 5], [20, 8, 21, 7], [22, 13, 23, 14], [24, 12, 1, 11]]"
12a_0254_125,"[[24, 12, 1, 11], [2, 10, 3, 9], [4, 18, 5, 17], [6, 20, 7, 19], [8, 4, 9, 3], [10, 2, 11, 1], [12, 16, 13, 15], [14, 21, 15, 22], [16, 24, 17, 23], [18, 6, 19, 5], [20, 8, 21, 7], [22, 13, 23, 14]]"
12a_0254_126,"[[22, 13, 23, 14], [24, 12, 1, 11], [2, 10, 3, 9], [4, 18, 5, 17], [6, 20, 7, 19], [8, 4, 9, 3], [10, 2, 11, 1], [12, 16, 13, 15], [14, 21, 15, 22], [16, 24, 17, 23], [18, 6, 19, 5], [20, 8, 21, 7]]"
12a_0254_127,"[[20, 8, 21, 7], [22, 13, 23, 14], [24, 12, 1, 11], [2, 10, 3, 9], [4, 18, 5, 17], [6, 20, 7, 19], [8, 4, 9, 3], [10, 2, 11, 1], [12, 16, 13, 15], [14, 21, 15, 22], [16, 24, 17, 23], [18, 6, 19, 5]]"
12a_0254_128,"[[18, 6, 19, 5], [20, 8, 21, 7], [22, 13, 23, 14], [24, 12, 1, 11], [2, 10, 3, 9], [4, 18, 5, 17], [6, 20, 7, 19], [8, 4, 9, 3], [10, 2, 11, 1], [12, 16, 13, 15], [14, 21, 15, 22], [16, 24, 17, 23]]"
12a_0254_129,"[[16, 24, 17, 23], [18, 6, 19, 5], [20, 8, 21, 7], [22, 13, 23, 14], [24, 12, 1, 11], [2, 10, 3, 9], [4, 18, 5, 17], [6, 20, 7, 19], [8, 4, 9, 3], [10, 2, 11, 1], [12, 16, 13, 15], [14, 21, 15, 22]]"
12a_0254_130,"[[14, 21, 15, 22], [16, 24, 17, 23], [18, 6, 19, 5], [20, 8, 21, 7], [22, 13, 23, 14], [24, 12, 1, 11], [2, 10, 3, 9], [4, 18, 5, 17], [6, 20, 7, 19], [8, 4, 9, 3], [10, 2, 11, 1], [12, 16, 13, 15]]"
12a_0254_131,"[[12, 16, 13, 15], [14, 21, 15, 22], [16, 24, 17, 23], [18, 6, 19, 5], [20, 8, 21, 7], [22, 13, 23, 14], [24, 12, 1, 11], [2, 10, 3, 9], [4, 18, 5, 17], [6, 20, 7, 19], [8, 4, 9, 3], [10, 2, 11, 1]]"
12a_0254_132,"[[11, 3, 12, 2], [13, 17, 14, 16], [15, 22, 16, 23], [17, 1, 18, 24], [19, 7, 20, 6], [21, 9, 22, 8], [23, 14, 24, 15], [1, 13, 2, 12], [3, 11, 4, 10], [5, 19, 6, 18], [7, 21, 8, 20], [9, 5, 10, 4]]"
12a_0254_133,"[[9, 5, 10, 4], [11, 3, 12, 2], [13, 17, 14, 16], [15, 22, 16, 23], [17, 1, 18, 24], [19, 7, 20, 6], [21, 9, 22, 8], [23, 14, 24, 15], [1, 13, 2, 12], [3, 11, 4, 10], [5, 19, 6, 18], [7, 21, 8, 20]]"
12a_0254_134,"[[7, 21, 8, 20], [9, 5, 10, 4], [11, 3, 12, 2], [13, 17, 14, 16], [15, 22, 16, 23], [17, 1, 18, 24], [19, 7, 20, 6], [21, 9, 22, 8], [23, 14, 24, 15], [1, 13, 2, 12], [3, 11, 4, 10], [5, 19, 6, 18]]"
12a_0254_135,"[[5, 19, 6, 18], [7, 21, 8, 20], [9, 5, 10, 4], [11, 3, 12, 2], [13, 17, 14, 16], [15, 22, 16, 23], [17, 1, 18, 24], [19, 7, 20, 6], [21, 9, 22, 8], [23, 14, 24, 15], [1, 13, 2, 12], [3, 11, 4, 10]]"
12a_0254_136,"[[3, 11, 4, 10], [5, 19, 6, 18], [7, 21, 8, 20], [9, 5, 10, 4], [11, 3, 12, 2], [13, 17, 14, 16], [15, 22, 16, 23], [17, 1, 18, 24], [19, 7, 20, 6], [21, 9, 22, 8], [23, 14, 24, 15], [1, 13, 2, 12]]"
12a_0254_137,"[[1, 13, 2, 12], [3, 11, 4, 10], [5, 19, 6, 18], [7, 21, 8, 20], [9, 5, 10, 4], [11, 3, 12, 2], [13, 17, 14, 16], [15, 22, 16, 23], [17, 1, 18, 24], [19, 7, 20, 6], [21, 9, 22, 8], [23, 14, 24, 15]]"
12a_0254_138,"[[23, 14, 24, 15], [1, 13, 2, 12], [3, 11, 4, 10], [5, 19, 6, 18], [7, 21, 8, 20], [9, 5, 10, 4], [11, 3, 12, 2], [13, 17, 14, 16], [15, 22, 16, 23], [17, 1, 18, 24], [19, 7, 20, 6], [21, 9, 22, 8]]"
12a_0254_139,"[[21, 9, 22, 8], [23, 14, 24, 15], [1, 13, 2, 12], [3, 11, 4, 10], [5, 19, 6, 18], [7, 21, 8, 20], [9, 5, 10, 4], [11, 3, 12, 2], [13, 17, 14, 16], [15, 22, 16, 23], [17, 1, 18, 24], [19, 7, 20, 6]]"
12a_0254_140,"[[19, 7, 20, 6], [21, 9, 22, 8], [23, 14, 24, 15], [1, 13, 2, 12], [3, 11, 4, 10], [5, 19, 6, 18], [7, 21, 8, 20], [9, 5, 10, 4], [11, 3, 12, 2], [13, 17, 14, 16], [15, 22, 16, 23], [17, 1, 18, 24]]"
12a_0254_141,"[[17, 1, 18, 24], [19, 7, 20, 6], [21, 9, 22, 8], [23, 14, 24, 15], [1, 13, 2, 12], [3, 11, 4, 10], [5, 19, 6, 18], [7, 21, 8, 20], [9, 5, 10, 4], [11, 3, 12, 2], [13, 17, 14, 16], [15, 22, 16, 23]]"
12a_0254_142,"[[15, 22, 16, 23], [17, 1, 18, 24], [19, 7, 20, 6], [21, 9, 22, 8], [23, 14, 24, 15], [1, 13, 2, 12], [3, 11, 4, 10], [5, 19, 6, 18], [7, 21, 8, 20], [9, 5, 10, 4], [11, 3, 12, 2], [13, 17, 14, 16]]"
12a_0254_143,"[[13, 17, 14, 16], [15, 22, 16, 23], [17, 1, 18, 24], [19, 7, 20, 6], [21, 9, 22, 8], [23, 14, 24, 15], [1, 13, 2, 12], [3, 11, 4, 10], [5, 19, 6, 18], [7, 21, 8, 20], [9, 5, 10, 4], [11, 3, 12, 2]]"
12a_0254_144,"[[12, 4, 13, 3], [14, 18, 15, 17], [16, 23, 17, 24], [18, 2, 19, 1], [20, 8, 21, 7], [22, 10, 23, 9], [24, 15, 1, 16], [2, 14, 3, 13], [4, 12, 5, 11], [6, 20, 7, 19], [8, 22, 9, 21], [10, 6, 11, 5]]"
12a_0254_145,"[[10, 6, 11, 5], [12, 4, 13, 3], [14, 18, 15, 17], [16, 23, 17, 24], [18, 2, 19, 1], [20, 8, 21, 7], [22, 10, 23, 9], [24, 15, 1, 16], [2, 14, 3, 13], [4, 12, 5, 11], [6, 20, 7, 19], [8, 22, 9, 21]]"
12a_0254_146,"[[8, 22, 9, 21], [10, 6, 11, 5], [12, 4, 13, 3], [14, 18, 15, 17], [16, 23, 17, 24], [18, 2, 19, 1], [20, 8, 21, 7], [22, 10, 23, 9], [24, 15, 1, 16], [2, 14, 3, 13], [4, 12, 5, 11], [6, 20, 7, 19]]"
12a_0254_147,"[[6, 20, 7, 19], [8, 22, 9, 21], [10, 6, 11, 5], [12, 4, 13, 3], [14, 18, 15, 17], [16, 23, 17, 24], [18, 2, 19, 1], [20, 8, 21, 7], [22, 10, 23, 9], [24, 15, 1, 16], [2, 14, 3, 13], [4, 12, 5, 11]]"
12a_0254_148,"[[4, 12, 5, 11], [6, 20, 7, 19], [8, 22, 9, 21], [10, 6, 11, 5], [12, 4, 13, 3], [14, 18, 15, 17], [16, 23, 17, 24], [18, 2, 19, 1], [20, 8, 21, 7], [22, 10, 23, 9], [24, 15, 1, 16], [2, 14, 3, 13]]"
12a_0254_149,"[[2, 14, 3, 13], [4, 12, 5, 11], [6, 20, 7, 19], [8, 22, 9, 21], [10, 6, 11, 5], [12, 4, 13, 3], [14, 18, 15, 17], [16, 23, 17, 24], [18, 2, 19, 1], [20, 8, 21, 7], [22, 10, 23, 9], [24, 15, 1, 16]]"
12a_0254_150,"[[24, 15, 1, 16], [2, 14, 3, 13], [4, 12, 5, 11], [6, 20, 7, 19], [8, 22, 9, 21], [10, 6, 11, 5], [12, 4, 13, 3], [14, 18, 15, 17], [16, 23, 17, 24], [18, 2, 19, 1], [20, 8, 21, 7], [22, 10, 23, 9]]"
12a_0254_151,"[[22, 10, 23, 9], [24, 15, 1, 16], [2, 14, 3, 13], [4, 12, 5, 11], [6, 20, 7, 19], [8, 22, 9, 21], [10, 6, 11, 5], [12, 4, 13, 3], [14, 18, 15, 17], [16, 23, 17, 24], [18, 2, 19, 1], [20, 8, 21, 7]]"
12a_0254_152,"[[20, 8, 21, 7], [22, 10, 23, 9], [24, 15, 1, 16], [2, 14, 3, 13], [4, 12, 5, 11], [6, 20, 7, 19], [8, 22, 9, 21], [10, 6, 11, 5], [12, 4, 13, 3], [14, 18, 15, 17], [16, 23, 17, 24], [18, 2, 19, 1]]"
12a_0254_153,"[[18, 2, 19, 1], [20, 8, 21, 7], [22, 10, 23, 9], [24, 15, 1, 16], [2, 14, 3, 13], [4, 12, 5, 11], [6, 20, 7, 19], [8, 22, 9, 21], [10, 6, 11, 5], [12, 4, 13, 3], [14, 18, 15, 17], [16, 23, 17, 24]]"
12a_0254_154,"[[16, 23, 17, 24], [18, 2, 19, 1], [20, 8, 21, 7], [22, 10, 23, 9], [24, 15, 1, 16], [2, 14, 3, 13], [4, 12, 5, 11], [6, 20, 7, 19], [8, 22, 9, 21], [10, 6, 11, 5], [12, 4, 13, 3], [14, 18, 15, 17]]"
12a_0254_155,"[[14, 18, 15, 17], [16, 23, 17, 24], [18, 2, 19, 1], [20, 8, 21, 7], [22, 10, 23, 9], [24, 15, 1, 16], [2, 14, 3, 13], [4, 12, 5, 11], [6, 20, 7, 19], [8, 22, 9, 21], [10, 6, 11, 5], [12, 4, 13, 3]]"
12a_0254_156,"[[13, 5, 14, 4], [15, 19, 16, 18], [17, 24, 18, 1], [19, 3, 20, 2], [21, 9, 22, 8], [23, 11, 24, 10], [1, 16, 2, 17], [3, 15, 4, 14], [5, 13, 6, 12], [7, 21, 8, 20], [9, 23, 10, 22], [11, 7, 12, 6]]"
12a_0254_157,"[[11, 7, 12, 6], [13, 5, 14, 4], [15, 19, 16, 18], [17, 24, 18, 1], [19, 3, 20, 2], [21, 9, 22, 8], [23, 11, 24, 10], [1, 16, 2, 17], [3, 15, 4, 14], [5, 13, 6, 12], [7, 21, 8, 20], [9, 23, 10, 22]]"
12a_0254_158,"[[9, 23, 10, 22], [11, 7, 12, 6], [13, 5, 14, 4], [15, 19, 16, 18], [17, 24, 18, 1], [19, 3, 20, 2], [21, 9, 22, 8], [23, 11, 24, 10], [1, 16, 2, 17], [3, 15, 4, 14], [5, 13, 6, 12], [7, 21, 8, 20]]"
12a_0254_159,"[[7, 21, 8, 20], [9, 23, 10, 22], [11, 7, 12, 6], [13, 5, 14, 4], [15, 19, 16, 18], [17, 24, 18, 1], [19, 3, 20, 2], [21, 9, 22, 8], [23, 11, 24, 10], [1, 16, 2, 17], [3, 15, 4, 14], [5, 13, 6, 12]]"
12a_0254_160,"[[5, 13, 6, 12], [7, 21, 8, 20], [9, 23, 10, 22], [11, 7, 12, 6], [13, 5, 14, 4], [15, 19, 16, 18], [17, 24, 18, 1], [19, 3, 20, 2], [21, 9, 22, 8], [23, 11, 24, 10], [1, 16, 2, 17], [3, 15, 4, 14]]"
12a_0254_161,"[[3, 15, 4, 14], [5, 13, 6, 12], [7, 21, 8, 20], [9, 23, 10, 22], [11, 7, 12, 6], [13, 5, 14, 4], [15, 19, 16, 18], [17, 24, 18, 1], [19, 3, 20, 2], [21, 9, 22, 8], [23, 11, 24, 10], [1, 16, 2, 17]]"
12a_0254_162,"[[1, 16, 2, 17], [3, 15, 4, 14], [5, 13, 6, 12], [7, 21, 8, 20], [9, 23, 10, 22], [11, 7, 12, 6], [13, 5, 14, 4], [15, 19, 16, 18], [17, 24, 18, 1], [19, 3, 20, 2], [21, 9, 22, 8], [23, 11, 24, 10]]"
12a_0254_163,"[[23, 11, 24, 10], [1, 16, 2, 17], [3, 15, 4, 14], [5, 13, 6, 12], [7, 21, 8, 20], [9, 23, 10, 22], [11, 7, 12, 6], [13, 5, 14, 4], [15, 19, 16, 18], [17, 24, 18, 1], [19, 3, 20, 2], [21, 9, 22, 8]]"
12a_0254_164,"[[21, 9, 22, 8], [23, 11, 24, 10], [1, 16, 2, 17], [3, 15, 4, 14], [5, 13, 6, 12], [7, 21, 8, 20], [9, 23, 10, 22], [11, 7, 12, 6], [13, 5, 14, 4], [15, 19, 16, 18], [17, 24, 18, 1], [19, 3, 20, 2]]"
12a_0254_165,"[[19, 3, 20, 2], [21, 9, 22, 8], [23, 11, 24, 10], [1, 16, 2, 17], [3, 15, 4, 14], [5, 13, 6, 12], [7, 21, 8, 20], [9, 23, 10, 22], [11, 7, 12, 6], [13, 5, 14, 4], [15, 19, 16, 18], [17, 24, 18, 1]]"
12a_0254_166,"[[17, 24, 18, 1], [19, 3, 20, 2], [21, 9, 22, 8], [23, 11, 24, 10], [1, 16, 2, 17], [3, 15, 4, 14], [5, 13, 6, 12], [7, 21, 8, 20], [9, 23, 10, 22], [11, 7, 12, 6], [13, 5, 14, 4], [15, 19, 16, 18]]"
12a_0254_167,"[[15, 19, 16, 18], [17, 24, 18, 1], [19, 3, 20, 2], [21, 9, 22, 8], [23, 11, 24, 10], [1, 16, 2, 17], [3, 15, 4, 14], [5, 13, 6, 12], [7, 21, 8, 20], [9, 23, 10, 22], [11, 7, 12, 6], [13, 5, 14, 4]]"
12a_0254_168,"[[14, 6, 15, 5], [16, 20, 17, 19], [18, 1, 19, 2], [20, 4, 21, 3], [22, 10, 23, 9], [24, 12, 1, 11], [2, 17, 3, 18], [4, 16, 5, 15], [6, 14, 7, 13], [8, 22, 9, 21], [10, 24, 11, 23], [12, 8, 13, 7]]"
12a_0254_169,"[[12, 8, 13, 7], [14, 6, 15, 5], [16, 20, 17, 19], [18, 1, 19, 2], [20, 4, 21, 3], [22, 10, 23, 9], [24, 12, 1, 11], [2, 17, 3, 18], [4, 16, 5, 15], [6, 14, 7, 13], [8, 22, 9, 21], [10, 24, 11, 23]]"
12a_0254_170,"[[10, 24, 11, 23], [12, 8, 13, 7], [14, 6, 15, 5], [16, 20, 17, 19], [18, 1, 19, 2], [20, 4, 21, 3], [22, 10, 23, 9], [24, 12, 1, 11], [2, 17, 3, 18], [4, 16, 5, 15], [6, 14, 7, 13], [8, 22, 9, 21]]"
12a_0254_171,"[[8, 22, 9, 21], [10, 24, 11, 23], [12, 8, 13, 7], [14, 6, 15, 5], [16, 20, 17, 19], [18, 1, 19, 2], [20, 4, 21, 3], [22, 10, 23, 9], [24, 12, 1, 11], [2, 17, 3, 18], [4, 16, 5, 15], [6, 14, 7, 13]]"
12a_0254_172,"[[6, 14, 7, 13], [8, 22, 9, 21], [10, 24, 11, 23], [12, 8, 13, 7], [14, 6, 15, 5], [16, 20, 17, 19], [18, 1, 19, 2], [20, 4, 21, 3], [22, 10, 23, 9], [24, 12, 1, 11], [2, 17, 3, 18], [4, 16, 5, 15]]"
12a_0254_173,"[[4, 16, 5, 15], [6, 14, 7, 13], [8, 22, 9, 21], [10, 24, 11, 23], [12, 8, 13, 7], [14, 6, 15, 5], [16, 20, 17, 19], [18, 1, 19, 2], [20, 4, 21, 3], [22, 10, 23, 9], [24, 12, 1, 11], [2, 17, 3, 18]]"
12a_0254_174,"[[2, 17, 3, 18], [4, 16, 5, 15], [6, 14, 7, 13], [8, 22, 9, 21], [10, 24, 11, 23], [12, 8, 13, 7], [14, 6, 15, 5], [16, 20, 17, 19], [18, 1, 19, 2], [20, 4, 21, 3], [22, 10, 23, 9], [24, 12, 1, 11]]"
12a_0254_175,"[[24, 12, 1, 11], [2, 17, 3, 18], [4, 16, 5, 15], [6, 14, 7, 13], [8, 22, 9, 21], [10, 24, 11, 23], [12, 8, 13, 7], [14, 6, 15, 5], [16, 20, 17, 19], [18, 1, 19, 2], [20, 4, 21, 3], [22, 10, 23, 9]]"
12a_0254_176,"[[22, 10, 23, 9], [24, 12, 1, 11], [2, 17, 3, 18], [4, 16, 5, 15], [6, 14, 7, 13], [8, 22, 9, 21], [10, 24, 11, 23], [12, 8, 13, 7], [14, 6, 15, 5], [16, 20, 17, 19], [18, 1, 19, 2], [20, 4, 21, 3]]"
12a_0254_177,"[[20, 4, 21, 3], [22, 10, 23, 9], [24, 12, 1, 11], [2, 17, 3, 18], [4, 16, 5, 15], [6, 14, 7, 13], [8, 22, 9, 21], [10, 24, 11, 23], [12, 8, 13, 7], [14, 6, 15, 5], [16, 20, 17, 19], [18, 1, 19, 2]]"
12a_0254_178,"[[18, 1, 19, 2], [20, 4, 21, 3], [22, 10, 23, 9], [24, 12, 1, 11], [2, 17, 3, 18], [4, 16, 5, 15], [6, 14, 7, 13], [8, 22, 9, 21], [10, 24, 11, 23], [12, 8, 13, 7], [14, 6, 15, 5], [16, 20, 17, 19]]"
12a_0254_179,"[[16, 20, 17, 19], [18, 1, 19, 2], [20, 4, 21, 3], [22, 10, 23, 9], [24, 12, 1, 11], [2, 17, 3, 18], [4, 16, 5, 15], [6, 14, 7, 13], [8, 22, 9, 21], [10, 24, 11, 23], [12, 8, 13, 7], [14, 6, 15, 5]]"
12a_0254_180,"[[15, 7, 16, 6], [17, 21, 18, 20], [19, 2, 20, 3], [21, 5, 22, 4], [23, 11, 24, 10], [1, 13, 2, 12], [3, 18, 4, 19], [5, 17, 6, 16], [7, 15, 8, 14], [9, 23, 10, 22], [11, 1, 12, 24], [13, 9, 14, 8]]"
12a_0254_181,"[[13, 9, 14, 8], [15, 7, 16, 6], [17, 21, 18, 20], [19, 2, 20, 3], [21, 5, 22, 4], [23, 11, 24, 10], [1, 13, 2, 12], [3, 18, 4, 19], [5, 17, 6, 16], [7, 15, 8, 14], [9, 23, 10, 22], [11, 1, 12, 24]]"
12a_0254_182,"[[11, 1, 12, 24], [13, 9, 14, 8], [15, 7, 16, 6], [17, 21, 18, 20], [19, 2, 20, 3], [21, 5, 22, 4], [23, 11, 24, 10], [1, 13, 2, 12], [3, 18, 4, 19], [5, 17, 6, 16], [7, 15, 8, 14], [9, 23, 10, 22]]"
12a_0254_183,"[[9, 23, 10, 22], [11, 1, 12, 24], [13, 9, 14, 8], [15, 7, 16, 6], [17, 21, 18, 20], [19, 2, 20, 3], [21, 5, 22, 4], [23, 11, 24, 10], [1, 13, 2, 12], [3, 18, 4, 19], [5, 17, 6, 16], [7, 15, 8, 14]]"
12a_0254_184,"[[7, 15, 8, 14], [9, 23, 10, 22], [11, 1, 12, 24], [13, 9, 14, 8], [15, 7, 16, 6], [17, 21, 18, 20], [19, 2, 20, 3], [21, 5, 22, 4], [23, 11, 24, 10], [1, 13, 2, 12], [3, 18, 4, 19], [5, 17, 6, 16]]"
12a_0254_185,"[[5, 17, 6, 16], [7, 15, 8, 14], [9, 23, 10, 22], [11, 1, 12, 24], [13, 9, 14, 8], [15, 7, 16, 6], [17, 21, 18, 20], [19, 2, 20, 3], [21, 5, 22, 4], [23, 11, 24, 10], [1, 13, 2, 12], [3, 18, 4, 19]]"
