name,pd_notation
12a_0346_0,"[[24, 7, 1, 8], [2, 6, 3, 5], [4, 12, 5, 11], [6, 18, 7, 17], [8, 13, 9, 14], [10, 4, 11, 3], [12, 20, 13, 19], [14, 21, 15, 22], [16, 23, 17, 24], [18, 2, 19, 1], [20, 10, 21, 9], [22, 15, 23, 16]]"
12a_0346_1,"[[22, 15, 23, 16], [24, 7, 1, 8], [2, 6, 3, 5], [4, 12, 5, 11], [6, 18, 7, 17], [8, 13, 9, 14], [10, 4, 11, 3], [12, 20, 13, 19], [14, 21, 15, 22], [16, 23, 17, 24], [18, 2, 19, 1], [20, 10, 21, 9]]"
12a_0346_2,"[[20, 10, 21, 9], [22, 15, 23, 16], [24, 7, 1, 8], [2, 6, 3, 5], [4, 12, 5, 11], [6, 18, 7, 17], [8, 13, 9, 14], [10, 4, 11, 3], [12, 20, 13, 19], [14, 21, 15, 22], [16, 23, 17, 24], [18, 2, 19, 1]]"
12a_0346_3,"[[18, 2, 19, 1], [20, 10, 21, 9], [22, 15, 23, 16], [24, 7, 1, 8], [2, 6, 3, 5], [4, 12, 5, 11], [6, 18, 7, 17], [8, 13, 9, 14], [10, 4, 11, 3], [12, 20, 13, 19], [14, 21, 15, 22], [16, 23, 17, 24]]"
12a_0346_4,"[[16, 23, 17, 24], [18, 2, 19, 1], [20, 10, 21, 9], [22, 15, 23, 16], [24, 7, 1, 8], [2, 6, 3, 5], [4, 12, 5, 11], [6, 18, 7, 17], [8, 13, 9, 14], [10, 4, 11, 3], [12, 20, 13, 19], [14, 21, 15, 22]]"
12a_0346_5,"[[14, 21, 15, 22], [16, 23, 17, 24], [18, 2, 19, 1], [20, 10, 21, 9], [22, 15, 23, 16], [24, 7, 1, 8], [2, 6, 3, 5], [4, 12, 5, 11], [6, 18, 7, 17], [8, 13, 9, 14], [10, 4, 11, 3], [12, 20, 13, 19]]"
12a_0346_6,"[[12, 20, 13, 19], [14, 21, 15, 22], [16, 23, 17, 24], [18, 2, 19, 1], [20, 10, 21, 9], [22, 15, 23, 16], [24, 7, 1, 8], [2, 6, 3, 5], [4, 12, 5, 11], [6, 18, 7, 17], [8, 13, 9, 14], [10, 4, 11, 3]]"
12a_0346_7,"[[10, 4, 11, 3], [12, 20, 13, 19], [14, 21, 15, 22], [16, 23, 17, 24], [18, 2, 19, 1], [20, 10, 21, 9], [22, 15, 23, 16], [24, 7, 1, 8], [2, 6, 3, 5], [4, 12, 5, 11], [6, 18, 7, 17], [8, 13, 9, 14]]"
12a_0346_8,"[[8, 13, 9, 14], [10, 4, 11, 3], [12, 20, 13, 19], [14, 21, 15, 22], [16, 23, 17, 24], [18, 2, 19, 1], [20, 10, 21, 9], [22, 15, 23, 16], [24, 7, 1, 8], [2, 6, 3, 5], [4, 12, 5, 11], [6, 18, 7, 17]]"
12a_0346_9,"[[6, 18, 7, 17], [8, 13, 9, 14], [10, 4, 11, 3], [12, 20, 13, 19], [14, 21, 15, 22], [16, 23, 17, 24], [18, 2, 19, 1], [20, 10, 21, 9], [22, 15, 23, 16], [24, 7, 1, 8], [2, 6, 3, 5], [4, 12, 5, 11]]"
12a_0346_10,"[[4, 12, 5, 11], [6, 18, 7, 17], [8, 13, 9, 14], [10, 4, 11, 3], [12, 20, 13, 19], [14, 21, 15, 22], [16, 23, 17, 24], [18, 2, 19, 1], [20, 10, 21, 9], [22, 15, 23, 16], [24, 7, 1, 8], [2, 6, 3, 5]]"
12a_0346_11,"[[2, 6, 3, 5], [4, 12, 5, 11], [6, 18, 7, 17], [8, 13, 9, 14], [10, 4, 11, 3], [12, 20, 13, 19], [14, 21, 15, 22], [16, 23, 17, 24], [18, 2, 19, 1], [20, 10, 21, 9], [22, 15, 23, 16], [24, 7, 1, 8]]"
12a_0346_12,"[[1, 8, 2, 9], [3, 7, 4, 6], [5, 13, 6, 12], [7, 19, 8, 18], [9, 14, 10, 15], [11, 5, 12, 4], [13, 21, 14, 20], [15, 22, 16, 23], [17, 24, 18, 1], [19, 3, 20, 2], [21, 11, 22, 10], [23, 16, 24, 17]]"
12a_0346_13,"[[23, 16, 24, 17], [1, 8, 2, 9], [3, 7, 4, 6], [5, 13, 6, 12], [7, 19, 8, 18], [9, 14, 10, 15], [11, 5, 12, 4], [13, 21, 14, 20], [15, 22, 16, 23], [17, 24, 18, 1], [19, 3, 20, 2], [21, 11, 22, 10]]"
12a_0346_14,"[[21, 11, 22, 10], [23, 16, 24, 17], [1, 8, 2, 9], [3, 7, 4, 6], [5, 13, 6, 12], [7, 19, 8, 18], [9, 14, 10, 15], [11, 5, 12, 4], [13, 21, 14, 20], [15, 22, 16, 23], [17, 24, 18, 1], [19, 3, 20, 2]]"
12a_0346_15,"[[19, 3, 20, 2], [21, 11, 22, 10], [23, 16, 24, 17], [1, 8, 2, 9], [3, 7, 4, 6], [5, 13, 6, 12], [7, 19, 8, 18], [9, 14, 10, 15], [11, 5, 12, 4], [13, 21, 14, 20], [15, 22, 16, 23], [17, 24, 18, 1]]"
12a_0346_16,"[[17, 24, 18, 1], [19, 3, 20, 2], [21, 11, 22, 10], [23, 16, 24, 17], [1, 8, 2, 9], [3, 7, 4, 6], [5, 13, 6, 12], [7, 19, 8, 18], [9, 14, 10, 15], [11, 5, 12, 4], [13, 21, 14, 20], [15, 22, 16, 23]]"
12a_0346_17,"[[15, 22, 16, 23], [17, 24, 18, 1], [19, 3, 20, 2], [21, 11, 22, 10], [23, 16, 24, 17], [1, 8, 2, 9], [3, 7, 4, 6], [5, 13, 6, 12], [7, 19, 8, 18], [9, 14, 10, 15], [11, 5, 12, 4], [13, 21, 14, 20]]"
12a_0346_18,"[[13, 21, 14, 20], [15, 22, 16, 23], [17, 24, 18, 1], [19, 3, 20, 2], [21, 11, 22, 10], [23, 16, 24, 17], [1, 8, 2, 9], [3, 7, 4, 6], [5, 13, 6, 12], [7, 19, 8, 18], [9, 14, 10, 15], [11, 5, 12, 4]]"
12a_0346_19,"[[11, 5, 12, 4], [13, 21, 14, 20], [15, 22, 16, 23], [17, 24, 18, 1], [19, 3, 20, 2], [21, 11, 22, 10], [23, 16, 24, 17], [1, 8, 2, 9], [3, 7, 4, 6], [5, 13, 6, 12], [7, 19, 8, 18], [9, 14, 10, 15]]"
12a_0346_20,"[[9, 14, 10, 15], [11, 5, 12, 4], [13, 21, 14, 20], [15, 22, 16, 23], [17, 24, 18, 1], [19, 3, 20, 2], [21, 11, 22, 10], [23, 16, 24, 17], [1, 8, 2, 9], [3, 7, 4, 6], [5, 13, 6, 12], [7, 19, 8, 18]]"
12a_0346_21,"[[7, 19, 8, 18], [9, 14, 10, 15], [11, 5, 12, 4], [13, 21, 14, 20], [15, 22, 16, 23], [17, 24, 18, 1], [19, 3, 20, 2], [21, 11, 22, 10], [23, 16, 24, 17], [1, 8, 2, 9], [3, 7, 4, 6], [5, 13, 6, 12]]"
12a_0346_22,"[[5, 13, 6, 12], [7, 19, 8, 18], [9, 14, 10, 15], [11, 5, 12, 4], [13, 21, 14, 20], [15, 22, 16, 23], [17, 24, 18, 1], [19, 3, 20, 2], [21, 11, 22, 10], [23, 16, 24, 17], [1, 8, 2, 9], [3, 7, 4, 6]]"
12a_0346_23,"[[3, 7, 4, 6], [5, 13, 6, 12], [7, 19, 8, 18], [9, 14, 10, 15], [11, 5, 12, 4], [13, 21, 14, 20], [15, 22, 16, 23], [17, 24, 18, 1], [19, 3, 20, 2], [21, 11, 22, 10], [23, 16, 24, 17], [1, 8, 2, 9]]"
12a_0346_24,"[[2, 9, 3, 10], [4, 8, 5, 7], [6, 14, 7, 13], [8, 20, 9, 19], [10, 15, 11, 16], [12, 6, 13, 5], [14, 22, 15, 21], [16, 23, 17, 24], [18, 1, 19, 2], [20, 4, 21, 3], [22, 12, 23, 11], [24, 17, 1, 18]]"
12a_0346_25,"[[24, 17, 1, 18], [2, 9, 3, 10], [4, 8, 5, 7], [6, 14, 7, 13], [8, 20, 9, 19], [10, 15, 11, 16], [12, 6, 13, 5], [14, 22, 15, 21], [16, 23, 17, 24], [18, 1, 19, 2], [20, 4, 21, 3], [22, 12, 23, 11]]"
12a_0346_26,"[[22, 12, 23, 11], [24, 17, 1, 18], [2, 9, 3, 10], [4, 8, 5, 7], [6, 14, 7, 13], [8, 20, 9, 19], [10, 15, 11, 16], [12, 6, 13, 5], [14, 22, 15, 21], [16, 23, 17, 24], [18, 1, 19, 2], [20, 4, 21, 3]]"
12a_0346_27,"[[20, 4, 21, 3], [22, 12, 23, 11], [24, 17, 1, 18], [2, 9, 3, 10], [4, 8, 5, 7], [6, 14, 7, 13], [8, 20, 9, 19], [10, 15, 11, 16], [12, 6, 13, 5], [14, 22, 15, 21], [16, 23, 17, 24], [18, 1, 19, 2]]"
12a_0346_28,"[[18, 1, 19, 2], [20, 4, 21, 3], [22, 12, 23, 11], [24, 17, 1, 18], [2, 9, 3, 10], [4, 8, 5, 7], [6, 14, 7, 13], [8, 20, 9, 19], [10, 15, 11, 16], [12, 6, 13, 5], [14, 22, 15, 21], [16, 23, 17, 24]]"
12a_0346_29,"[[16, 23, 17, 24], [18, 1, 19, 2], [20, 4, 21, 3], [22, 12, 23, 11], [24, 17, 1, 18], [2, 9, 3, 10], [4, 8, 5, 7], [6, 14, 7, 13], [8, 20, 9, 19], [10, 15, 11, 16], [12, 6, 13, 5], [14, 22, 15, 21]]"
12a_0346_30,"[[14, 22, 15, 21], [16, 23, 17, 24], [18, 1, 19, 2], [20, 4, 21, 3], [22, 12, 23, 11], [24, 17, 1, 18], [2, 9, 3, 10], [4, 8, 5, 7], [6, 14, 7, 13], [8, 20, 9, 19], [10, 15, 11, 16], [12, 6, 13, 5]]"
12a_0346_31,"[[12, 6, 13, 5], [14, 22, 15, 21], [16, 23, 17, 24], [18, 1, 19, 2], [20, 4, 21, 3], [22, 12, 23, 11], [24, 17, 1, 18], [2, 9, 3, 10], [4, 8, 5, 7], [6, 14, 7, 13], [8, 20, 9, 19], [10, 15, 11, 16]]"
12a_0346_32,"[[10, 15, 11, 16], [12, 6, 13, 5], [14, 22, 15, 21], [16, 23, 17, 24], [18, 1, 19, 2], [20, 4, 21, 3], [22, 12, 23, 11], [24, 17, 1, 18], [2, 9, 3, 10], [4, 8, 5, 7], [6, 14, 7, 13], [8, 20, 9, 19]]"
12a_0346_33,"[[8, 20, 9, 19], [10, 15, 11, 16], [12, 6, 13, 5], [14, 22, 15, 21], [16, 23, 17, 24], [18, 1, 19, 2], [20, 4, 21, 3], [22, 12, 23, 11], [24, 17, 1, 18], [2, 9, 3, 10], [4, 8, 5, 7], [6, 14, 7, 13]]"
12a_0346_34,"[[6, 14, 7, 13], [8, 20, 9, 19], [10, 15, 11, 16], [12, 6, 13, 5], [14, 22, 15, 21], [16, 23, 17, 24], [18, 1, 19, 2], [20, 4, 21, 3], [22, 12, 23, 11], [24, 17, 1, 18], [2, 9, 3, 10], [4, 8, 5, 7]]"
12a_0346_35,"[[4, 8, 5, 7], [6, 14, 7, 13], [8, 20, 9, 19], [10, 15, 11, 16], [12, 6, 13, 5], [14, 22, 15, 21], [16, 23, 17, 24], [18, 1, 19, 2], [20, 4, 21, 3], [22, 12, 23, 11], [24, 17, 1, 18], [2, 9, 3, 10]]"
12a_0346_36,"[[3, 10, 4, 11], [5, 9, 6, 8], [7, 15, 8, 14], [9, 21, 10, 20], [11, 16, 12, 17], [13, 7, 14, 6], [15, 23, 16, 22], [17, 24, 18, 1], [19, 2, 20, 3], [21, 5, 22, 4], [23, 13, 24, 12], [1, 18, 2, 19]]"
12a_0346_37,"[[1, 18, 2, 19], [3, 10, 4, 11], [5, 9, 6, 8], [7, 15, 8, 14], [9, 21, 10, 20], [11, 16, 12, 17], [13, 7, 14, 6], [15, 23, 16, 22], [17, 24, 18, 1], [19, 2, 20, 3], [21, 5, 22, 4], [23, 13, 24, 12]]"
12a_0346_38,"[[23, 13, 24, 12], [1, 18, 2, 19], [3, 10, 4, 11], [5, 9, 6, 8], [7, 15, 8, 14], [9, 21, 10, 20], [11, 16, 12, 17], [13, 7, 14, 6], [15, 23, 16, 22], [17, 24, 18, 1], [19, 2, 20, 3], [21, 5, 22, 4]]"
12a_0346_39,"[[21, 5, 22, 4], [23, 13, 24, 12], [1, 18, 2, 19], [3, 10, 4, 11], [5, 9, 6, 8], [7, 15, 8, 14], [9, 21, 10, 20], [11, 16, 12, 17], [13, 7, 14, 6], [15, 23, 16, 22], [17, 24, 18, 1], [19, 2, 20, 3]]"
12a_0346_40,"[[19, 2, 20, 3], [21, 5, 22, 4], [23, 13, 24, 12], [1, 18, 2, 19], [3, 10, 4, 11], [5, 9, 6, 8], [7, 15, 8, 14], [9, 21, 10, 20], [11, 16, 12, 17], [13, 7, 14, 6], [15, 23, 16, 22], [17, 24, 18, 1]]"
12a_0346_41,"[[17, 24, 18, 1], [19, 2, 20, 3], [21, 5, 22, 4], [23, 13, 24, 12], [1, 18, 2, 19], [3, 10, 4, 11], [5, 9, 6, 8], [7, 15, 8, 14], [9, 21, 10, 20], [11, 16, 12, 17], [13, 7, 14, 6], [15, 23, 16, 22]]"
12a_0346_42,"[[15, 23, 16, 22], [17, 24, 18, 1], [19, 2, 20, 3], [21, 5, 22, 4], [23, 13, 24, 12], [1, 18, 2, 19], [3, 10, 4, 11], [5, 9, 6, 8], [7, 15, 8, 14], [9, 21, 10, 20], [11, 16, 12, 17], [13, 7, 14, 6]]"
12a_0346_43,"[[13, 7, 14, 6], [15, 23, 16, 22], [17, 24, 18, 1], [19, 2, 20, 3], [21, 5, 22, 4], [23, 13, 24, 12], [1, 18, 2, 19], [3, 10, 4, 11], [5, 9, 6, 8], [7, 15, 8, 14], [9, 21, 10, 20], [11, 16, 12, 17]]"
12a_0346_44,"[[11, 16, 12, 17], [13, 7, 14, 6], [15, 23, 16, 22], [17, 24, 18, 1], [19, 2, 20, 3], [21, 5, 22, 4], [23, 13, 24, 12], [1, 18, 2, 19], [3, 10, 4, 11], [5, 9, 6, 8], [7, 15, 8, 14], [9, 21, 10, 20]]"
12a_0346_45,"[[9, 21, 10, 20], [11, 16, 12, 17], [13, 7, 14, 6], [15, 23, 16, 22], [17, 24, 18, 1], [19, 2, 20, 3], [21, 5, 22, 4], [23, 13, 24, 12], [1, 18, 2, 19], [3, 10, 4, 11], [5, 9, 6, 8], [7, 15, 8, 14]]"
12a_0346_46,"[[7, 15, 8, 14], [9, 21, 10, 20], [11, 16, 12, 17], [13, 7, 14, 6], [15, 23, 16, 22], [17, 24, 18, 1], [19, 2, 20, 3], [21, 5, 22, 4], [23, 13, 24, 12], [1, 18, 2, 19], [3, 10, 4, 11], [5, 9, 6, 8]]"
12a_0346_47,"[[5, 9, 6, 8], [7, 15, 8, 14], [9, 21, 10, 20], [11, 16, 12, 17], [13, 7, 14, 6], [15, 23, 16, 22], [17, 24, 18, 1], [19, 2, 20, 3], [21, 5, 22, 4], [23, 13, 24, 12], [1, 18, 2, 19], [3, 10, 4, 11]]"
12a_0346_48,"[[4, 11, 5, 12], [6, 10, 7, 9], [8, 16, 9, 15], [10, 22, 11, 21], [12, 17, 13, 18], [14, 8, 15, 7], [16, 24, 17, 23], [18, 1, 19, 2], [20, 3, 21, 4], [22, 6, 23, 5], [24, 14, 1, 13], [2, 19, 3, 20]]"
12a_0346_49,"[[2, 19, 3, 20], [4, 11, 5, 12], [6, 10, 7, 9], [8, 16, 9, 15], [10, 22, 11, 21], [12, 17, 13, 18], [14, 8, 15, 7], [16, 24, 17, 23], [18, 1, 19, 2], [20, 3, 21, 4], [22, 6, 23, 5], [24, 14, 1, 13]]"
12a_0346_50,"[[24, 14, 1, 13], [2, 19, 3, 20], [4, 11, 5, 12], [6, 10, 7, 9], [8, 16, 9, 15], [10, 22, 11, 21], [12, 17, 13, 18], [14, 8, 15, 7], [16, 24, 17, 23], [18, 1, 19, 2], [20, 3, 21, 4], [22, 6, 23, 5]]"
12a_0346_51,"[[22, 6, 23, 5], [24, 14, 1, 13], [2, 19, 3, 20], [4, 11, 5, 12], [6, 10, 7, 9], [8, 16, 9, 15], [10, 22, 11, 21], [12, 17, 13, 18], [14, 8, 15, 7], [16, 24, 17, 23], [18, 1, 19, 2], [20, 3, 21, 4]]"
12a_0346_52,"[[20, 3, 21, 4], [22, 6, 23, 5], [24, 14, 1, 13], [2, 19, 3, 20], [4, 11, 5, 12], [6, 10, 7, 9], [8, 16, 9, 15], [10, 22, 11, 21], [12, 17, 13, 18], [14, 8, 15, 7], [16, 24, 17, 23], [18, 1, 19, 2]]"
12a_0346_53,"[[18, 1, 19, 2], [20, 3, 21, 4], [22, 6, 23, 5], [24, 14, 1, 13], [2, 19, 3, 20], [4, 11, 5, 12], [6, 10, 7, 9], [8, 16, 9, 15], [10, 22, 11, 21], [12, 17, 13, 18], [14, 8, 15, 7], [16, 24, 17, 23]]"
12a_0346_54,"[[16, 24, 17, 23], [18, 1, 19, 2], [20, 3, 21, 4], [22, 6, 23, 5], [24, 14, 1, 13], [2, 19, 3, 20], [4, 11, 5, 12], [6, 10, 7, 9], [8, 16, 9, 15], [10, 22, 11, 21], [12, 17, 13, 18], [14, 8, 15, 7]]"
12a_0346_55,"[[14, 8, 15, 7], [16, 24, 17, 23], [18, 1, 19, 2], [20, 3, 21, 4], [22, 6, 23, 5], [24, 14, 1, 13], [2, 19, 3, 20], [4, 11, 5, 12], [6, 10, 7, 9], [8, 16, 9, 15], [10, 22, 11, 21], [12, 17, 13, 18]]"
12a_0346_56,"[[12, 17, 13, 18], [14, 8, 15, 7], [16, 24, 17, 23], [18, 1, 19, 2], [20, 3, 21, 4], [22, 6, 23, 5], [24, 14, 1, 13], [2, 19, 3, 20], [4, 11, 5, 12], [6, 10, 7, 9], [8, 16, 9, 15], [10, 22, 11, 21]]"
12a_0346_57,"[[10, 22, 11, 21], [12, 17, 13, 18], [14, 8, 15, 7], [16, 24, 17, 23], [18, 1, 19, 2], [20, 3, 21, 4], [22, 6, 23, 5], [24, 14, 1, 13], [2, 19, 3, 20], [4, 11, 5, 12], [6, 10, 7, 9], [8, 16, 9, 15]]"
12a_0346_58,"[[8, 16, 9, 15], [10, 22, 11, 21], [12, 17, 13, 18], [14, 8, 15, 7], [16, 24, 17, 23], [18, 1, 19, 2], [20, 3, 21, 4], [22, 6, 23, 5], [24, 14, 1, 13], [2, 19, 3, 20], [4, 11, 5, 12], [6, 10, 7, 9]]"
12a_0346_59,"[[6, 10, 7, 9], [8, 16, 9, 15], [10, 22, 11, 21], [12, 17, 13, 18], [14, 8, 15, 7], [16, 24, 17, 23], [18, 1, 19, 2], [20, 3, 21, 4], [22, 6, 23, 5], [24, 14, 1, 13], [2, 19, 3, 20], [4, 11, 5, 12]]"
12a_0346_60,"[[5, 12, 6, 13], [7, 11, 8, 10], [9, 17, 10, 16], [11, 23, 12, 22], [13, 18, 14, 19], [15, 9, 16, 8], [17, 1, 18, 24], [19, 2, 20, 3], [21, 4, 22, 5], [23, 7, 24, 6], [1, 15, 2, 14], [3, 20, 4, 21]]"
12a_0346_61,"[[3, 20, 4, 21], [5, 12, 6, 13], [7, 11, 8, 10], [9, 17, 10, 16], [11, 23, 12, 22], [13, 18, 14, 19], [15, 9, 16, 8], [17, 1, 18, 24], [19, 2, 20, 3], [21, 4, 22, 5], [23, 7, 24, 6], [1, 15, 2, 14]]"
12a_0346_62,"[[1, 15, 2, 14], [3, 20, 4, 21], [5, 12, 6, 13], [7, 11, 8, 10], [9, 17, 10, 16], [11, 23, 12, 22], [13, 18, 14, 19], [15, 9, 16, 8], [17, 1, 18, 24], [19, 2, 20, 3], [21, 4, 22, 5], [23, 7, 24, 6]]"
12a_0346_63,"[[23, 7, 24, 6], [1, 15, 2, 14], [3, 20, 4, 21], [5, 12, 6, 13], [7, 11, 8, 10], [9, 17, 10, 16], [11, 23, 12, 22], [13, 18, 14, 19], [15, 9, 16, 8], [17, 1, 18, 24], [19, 2, 20, 3], [21, 4, 22, 5]]"
12a_0346_64,"[[21, 4, 22, 5], [23, 7, 24, 6], [1, 15, 2, 14], [3, 20, 4, 21], [5, 12, 6, 13], [7, 11, 8, 10], [9, 17, 10, 16], [11, 23, 12, 22], [13, 18, 14, 19], [15, 9, 16, 8], [17, 1, 18, 24], [19, 2, 20, 3]]"
12a_0346_65,"[[19, 2, 20, 3], [21, 4, 22, 5], [23, 7, 24, 6], [1, 15, 2, 14], [3, 20, 4, 21], [5, 12, 6, 13], [7, 11, 8, 10], [9, 17, 10, 16], [11, 23, 12, 22], [13, 18, 14, 19], [15, 9, 16, 8], [17, 1, 18, 24]]"
12a_0346_66,"[[17, 1, 18, 24], [19, 2, 20, 3], [21, 4, 22, 5], [23, 7, 24, 6], [1, 15, 2, 14], [3, 20, 4, 21], [5, 12, 6, 13], [7, 11, 8, 10], [9, 17, 10, 16], [11, 23, 12, 22], [13, 18, 14, 19], [15, 9, 16, 8]]"
12a_0346_67,"[[15, 9, 16, 8], [17, 1, 18, 24], [19, 2, 20, 3], [21, 4, 22, 5], [23, 7, 24, 6], [1, 15, 2, 14], [3, 20, 4, 21], [5, 12, 6, 13], [7, 11, 8, 10], [9, 17, 10, 16], [11, 23, 12, 22], [13, 18, 14, 19]]"
12a_0346_68,"[[13, 18, 14, 19], [15, 9, 16, 8], [17, 1, 18, 24], [19, 2, 20, 3], [21, 4, 22, 5], [23, 7, 24, 6], [1, 15, 2, 14], [3, 20, 4, 21], [5, 12, 6, 13], [7, 11, 8, 10], [9, 17, 10, 16], [11, 23, 12, 22]]"
12a_0346_69,"[[11, 23, 12, 22], [13, 18, 14, 19], [15, 9, 16, 8], [17, 1, 18, 24], [19, 2, 20, 3], [21, 4, 22, 5], [23, 7, 24, 6], [1, 15, 2, 14], [3, 20, 4, 21], [5, 12, 6, 13], [7, 11, 8, 10], [9, 17, 10, 16]]"
12a_0346_70,"[[9, 17, 10, 16], [11, 23, 12, 22], [13, 18, 14, 19], [15, 9, 16, 8], [17, 1, 18, 24], [19, 2, 20, 3], [21, 4, 22, 5], [23, 7, 24, 6], [1, 15, 2, 14], [3, 20, 4, 21], [5, 12, 6, 13], [7, 11, 8, 10]]"
12a_0346_71,"[[7, 11, 8, 10], [9, 17, 10, 16], [11, 23, 12, 22], [13, 18, 14, 19], [15, 9, 16, 8], [17, 1, 18, 24], [19, 2, 20, 3], [21, 4, 22, 5], [23, 7, 24, 6], [1, 15, 2, 14], [3, 20, 4, 21], [5, 12, 6, 13]]"
12a_0346_72,"[[6, 13, 7, 14], [8, 12, 9, 11], [10, 18, 11, 17], [12, 24, 13, 23], [14, 19, 15, 20], [16, 10, 17, 9], [18, 2, 19, 1], [20, 3, 21, 4], [22, 5, 23, 6], [24, 8, 1, 7], [2, 16, 3, 15], [4, 21, 5, 22]]"
12a_0346_73,"[[4, 21, 5, 22], [6, 13, 7, 14], [8, 12, 9, 11], [10, 18, 11, 17], [12, 24, 13, 23], [14, 19, 15, 20], [16, 10, 17, 9], [18, 2, 19, 1], [20, 3, 21, 4], [22, 5, 23, 6], [24, 8, 1, 7], [2, 16, 3, 15]]"
12a_0346_74,"[[2, 16, 3, 15], [4, 21, 5, 22], [6, 13, 7, 14], [8, 12, 9, 11], [10, 18, 11, 17], [12, 24, 13, 23], [14, 19, 15, 20], [16, 10, 17, 9], [18, 2, 19, 1], [20, 3, 21, 4], [22, 5, 23, 6], [24, 8, 1, 7]]"
12a_0346_75,"[[24, 8, 1, 7], [2, 16, 3, 15], [4, 21, 5, 22], [6, 13, 7, 14], [8, 12, 9, 11], [10, 18, 11, 17], [12, 24, 13, 23], [14, 19, 15, 20], [16, 10, 17, 9], [18, 2, 19, 1], [20, 3, 21, 4], [22, 5, 23, 6]]"
12a_0346_76,"[[22, 5, 23, 6], [24, 8, 1, 7], [2, 16, 3, 15], [4, 21, 5, 22], [6, 13, 7, 14], [8, 12, 9, 11], [10, 18, 11, 17], [12, 24, 13, 23], [14, 19, 15, 20], [16, 10, 17, 9], [18, 2, 19, 1], [20, 3, 21, 4]]"
12a_0346_77,"[[20, 3, 21, 4], [22, 5, 23, 6], [24, 8, 1, 7], [2, 16, 3, 15], [4, 21, 5, 22], [6, 13, 7, 14], [8, 12, 9, 11], [10, 18, 11, 17], [12, 24, 13, 23], [14, 19, 15, 20], [16, 10, 17, 9], [18, 2, 19, 1]]"
12a_0346_78,"[[18, 2, 19, 1], [20, 3, 21, 4], [22, 5, 23, 6], [24, 8, 1, 7], [2, 16, 3, 15], [4, 21, 5, 22], [6, 13, 7, 14], [8, 12, 9, 11], [10, 18, 11, 17], [12, 24, 13, 23], [14, 19, 15, 20], [16, 10, 17, 9]]"
12a_0346_79,"[[16, 10, 17, 9], [18, 2, 19, 1], [20, 3, 21, 4], [22, 5, 23, 6], [24, 8, 1, 7], [2, 16, 3, 15], [4, 21, 5, 22], [6, 13, 7, 14], [8, 12, 9, 11], [10, 18, 11, 17], [12, 24, 13, 23], [14, 19, 15, 20]]"
12a_0346_80,"[[14, 19, 15, 20], [16, 10, 17, 9], [18, 2, 19, 1], [20, 3, 21, 4], [22, 5, 23, 6], [24, 8, 1, 7], [2, 16, 3, 15], [4, 21, 5, 22], [6, 13, 7, 14], [8, 12, 9, 11], [10, 18, 11, 17], [12, 24, 13, 23]]"
12a_0346_81,"[[12, 24, 13, 23], [14, 19, 15, 20], [16, 10, 17, 9], [18, 2, 19, 1], [20, 3, 21, 4], [22, 5, 23, 6], [24, 8, 1, 7], [2, 16, 3, 15], [4, 21, 5, 22], [6, 13, 7, 14], [8, 12, 9, 11], [10, 18, 11, 17]]"
12a_0346_82,"[[10, 18, 11, 17], [12, 24, 13, 23], [14, 19, 15, 20], [16, 10, 17, 9], [18, 2, 19, 1], [20, 3, 21, 4], [22, 5, 23, 6], [24, 8, 1, 7], [2, 16, 3, 15], [4, 21, 5, 22], [6, 13, 7, 14], [8, 12, 9, 11]]"
12a_0346_83,"[[8, 12, 9, 11], [10, 18, 11, 17], [12, 24, 13, 23], [14, 19, 15, 20], [16, 10, 17, 9], [18, 2, 19, 1], [20, 3, 21, 4], [22, 5, 23, 6], [24, 8, 1, 7], [2, 16, 3, 15], [4, 21, 5, 22], [6, 13, 7, 14]]"
12a_0346_84,"[[7, 14, 8, 15], [9, 13, 10, 12], [11, 19, 12, 18], [13, 1, 14, 24], [15, 20, 16, 21], [17, 11, 18, 10], [19, 3, 20, 2], [21, 4, 22, 5], [23, 6, 24, 7], [1, 9, 2, 8], [3, 17, 4, 16], [5, 22, 6, 23]]"
12a_0346_85,"[[5, 22, 6, 23], [7, 14, 8, 15], [9, 13, 10, 12], [11, 19, 12, 18], [13, 1, 14, 24], [15, 20, 16, 21], [17, 11, 18, 10], [19, 3, 20, 2], [21, 4, 22, 5], [23, 6, 24, 7], [1, 9, 2, 8], [3, 17, 4, 16]]"
12a_0346_86,"[[3, 17, 4, 16], [5, 22, 6, 23], [7, 14, 8, 15], [9, 13, 10, 12], [11, 19, 12, 18], [13, 1, 14, 24], [15, 20, 16, 21], [17, 11, 18, 10], [19, 3, 20, 2], [21, 4, 22, 5], [23, 6, 24, 7], [1, 9, 2, 8]]"
12a_0346_87,"[[1, 9, 2, 8], [3, 17, 4, 16], [5, 22, 6, 23], [7, 14, 8, 15], [9, 13, 10, 12], [11, 19, 12, 18], [13, 1, 14, 24], [15, 20, 16, 21], [17, 11, 18, 10], [19, 3, 20, 2], [21, 4, 22, 5], [23, 6, 24, 7]]"
12a_0346_88,"[[23, 6, 24, 7], [1, 9, 2, 8], [3, 17, 4, 16], [5, 22, 6, 23], [7, 14, 8, 15], [9, 13, 10, 12], [11, 19, 12, 18], [13, 1, 14, 24], [15, 20, 16, 21], [17, 11, 18, 10], [19, 3, 20, 2], [21, 4, 22, 5]]"
12a_0346_89,"[[21, 4, 22, 5], [23, 6, 24, 7], [1, 9, 2, 8], [3, 17, 4, 16], [5, 22, 6, 23], [7, 14, 8, 15], [9, 13, 10, 12], [11, 19, 12, 18], [13, 1, 14, 24], [15, 20, 16, 21], [17, 11, 18, 10], [19, 3, 20, 2]]"
12a_0346_90,"[[19, 3, 20, 2], [21, 4, 22, 5], [23, 6, 24, 7], [1, 9, 2, 8], [3, 17, 4, 16], [5, 22, 6, 23], [7, 14, 8, 15], [9, 13, 10, 12], [11, 19, 12, 18], [13, 1, 14, 24], [15, 20, 16, 21], [17, 11, 18, 10]]"
12a_0346_91,"[[17, 11, 18, 10], [19, 3, 20, 2], [21, 4, 22, 5], [23, 6, 24, 7], [1, 9, 2, 8], [3, 17, 4, 16], [5, 22, 6, 23], [7, 14, 8, 15], [9, 13, 10, 12], [11, 19, 12, 18], [13, 1, 14, 24], [15, 20, 16, 21]]"
12a_0346_92,"[[15, 20, 16, 21], [17, 11, 18, 10], [19, 3, 20, 2], [21, 4, 22, 5], [23, 6, 24, 7], [1, 9, 2, 8], [3, 17, 4, 16], [5, 22, 6, 23], [7, 14, 8, 15], [9, 13, 10, 12], [11, 19, 12, 18], [13, 1, 14, 24]]"
12a_0346_93,"[[13, 1, 14, 24], [15, 20, 16, 21], [17, 11, 18, 10], [19, 3, 20, 2], [21, 4, 22, 5], [23, 6, 24, 7], [1, 9, 2, 8], [3, 17, 4, 16], [5, 22, 6, 23], [7, 14, 8, 15], [9, 13, 10, 12], [11, 19, 12, 18]]"
12a_0346_94,"[[11, 19, 12, 18], [13, 1, 14, 24], [15, 20, 16, 21], [17, 11, 18, 10], [19, 3, 20, 2], [21, 4, 22, 5], [23, 6, 24, 7], [1, 9, 2, 8], [3, 17, 4, 16], [5, 22, 6, 23], [7, 14, 8, 15], [9, 13, 10, 12]]"
12a_0346_95,"[[9, 13, 10, 12], [11, 19, 12, 18], [13, 1, 14, 24], [15, 20, 16, 21], [17, 11, 18, 10], [19, 3, 20, 2], [21, 4, 22, 5], [23, 6, 24, 7], [1, 9, 2, 8], [3, 17, 4, 16], [5, 22, 6, 23], [7, 14, 8, 15]]"
12a_0346_96,"[[8, 15, 9, 16], [10, 14, 11, 13], [12, 20, 13, 19], [14, 2, 15, 1], [16, 21, 17, 22], [18, 12, 19, 11], [20, 4, 21, 3], [22, 5, 23, 6], [24, 7, 1, 8], [2, 10, 3, 9], [4, 18, 5, 17], [6, 23, 7, 24]]"
12a_0346_97,"[[6, 23, 7, 24], [8, 15, 9, 16], [10, 14, 11, 13], [12, 20, 13, 19], [14, 2, 15, 1], [16, 21, 17, 22], [18, 12, 19, 11], [20, 4, 21, 3], [22, 5, 23, 6], [24, 7, 1, 8], [2, 10, 3, 9], [4, 18, 5, 17]]"
12a_0346_98,"[[4, 18, 5, 17], [6, 23, 7, 24], [8, 15, 9, 16], [10, 14, 11, 13], [12, 20, 13, 19], [14, 2, 15, 1], [16, 21, 17, 22], [18, 12, 19, 11], [20, 4, 21, 3], [22, 5, 23, 6], [24, 7, 1, 8], [2, 10, 3, 9]]"
12a_0346_99,"[[2, 10, 3, 9], [4, 18, 5, 17], [6, 23, 7, 24], [8, 15, 9, 16], [10, 14, 11, 13], [12, 20, 13, 19], [14, 2, 15, 1], [16, 21, 17, 22], [18, 12, 19, 11], [20, 4, 21, 3], [22, 5, 23, 6], [24, 7, 1, 8]]"
12a_0346_100,"[[24, 7, 1, 8], [2, 10, 3, 9], [4, 18, 5, 17], [6, 23, 7, 24], [8, 15, 9, 16], [10, 14, 11, 13], [12, 20, 13, 19], [14, 2, 15, 1], [16, 21, 17, 22], [18, 12, 19, 11], [20, 4, 21, 3], [22, 5, 23, 6]]"
12a_0346_101,"[[22, 5, 23, 6], [24, 7, 1, 8], [2, 10, 3, 9], [4, 18, 5, 17], [6, 23, 7, 24], [8, 15, 9, 16], [10, 14, 11, 13], [12, 20, 13, 19], [14, 2, 15, 1], [16, 21, 17, 22], [18, 12, 19, 11], [20, 4, 21, 3]]"
12a_0346_102,"[[20, 4, 21, 3], [22, 5, 23, 6], [24, 7, 1, 8], [2, 10, 3, 9], [4, 18, 5, 17], [6, 23, 7, 24], [8, 15, 9, 16], [10, 14, 11, 13], [12, 20, 13, 19], [14, 2, 15, 1], [16, 21, 17, 22], [18, 12, 19, 11]]"
12a_0346_103,"[[18, 12, 19, 11], [20, 4, 21, 3], [22, 5, 23, 6], [24, 7, 1, 8], [2, 10, 3, 9], [4, 18, 5, 17], [6, 23, 7, 24], [8, 15, 9, 16], [10, 14, 11, 13], [12, 20, 13, 19], [14, 2, 15, 1], [16, 21, 17, 22]]"
12a_0346_104,"[[16, 21, 17, 22], [18, 12, 19, 11], [20, 4, 21, 3], [22, 5, 23, 6], [24, 7, 1, 8], [2, 10, 3, 9], [4, 18, 5, 17], [6, 23, 7, 24], [8, 15, 9, 16], [10, 14, 11, 13], [12, 20, 13, 19], [14, 2, 15, 1]]"
12a_0346_105,"[[14, 2, 15, 1], [16, 21, 17, 22], [18, 12, 19, 11], [20, 4, 21, 3], [22, 5, 23, 6], [24, 7, 1, 8], [2, 10, 3, 9], [4, 18, 5, 17], [6, 23, 7, 24], [8, 15, 9, 16], [10, 14, 11, 13], [12, 20, 13, 19]]"
12a_0346_106,"[[12, 20, 13, 19], [14, 2, 15, 1], [16, 21, 17, 22], [18, 12, 19, 11], [20, 4, 21, 3], [22, 5, 23, 6], [24, 7, 1, 8], [2, 10, 3, 9], [4, 18, 5, 17], [6, 23, 7, 24], [8, 15, 9, 16], [10, 14, 11, 13]]"
12a_0346_107,"[[10, 14, 11, 13], [12, 20, 13, 19], [14, 2, 15, 1], [16, 21, 17, 22], [18, 12, 19, 11], [20, 4, 21, 3], [22, 5, 23, 6], [24, 7, 1, 8], [2, 10, 3, 9], [4, 18, 5, 17], [6, 23, 7, 24], [8, 15, 9, 16]]"
12a_0346_108,"[[9, 16, 10, 17], [11, 15, 12, 14], [13, 21, 14, 20], [15, 3, 16, 2], [17, 22, 18, 23], [19, 13, 20, 12], [21, 5, 22, 4], [23, 6, 24, 7], [1, 8, 2, 9], [3, 11, 4, 10], [5, 19, 6, 18], [7, 24, 8, 1]]"
12a_0346_109,"[[7, 24, 8, 1], [9, 16, 10, 17], [11, 15, 12, 14], [13, 21, 14, 20], [15, 3, 16, 2], [17, 22, 18, 23], [19, 13, 20, 12], [21, 5, 22, 4], [23, 6, 24, 7], [1, 8, 2, 9], [3, 11, 4, 10], [5, 19, 6, 18]]"
12a_0346_110,"[[5, 19, 6, 18], [7, 24, 8, 1], [9, 16, 10, 17], [11, 15, 12, 14], [13, 21, 14, 20], [15, 3, 16, 2], [17, 22, 18, 23], [19, 13, 20, 12], [21, 5, 22, 4], [23, 6, 24, 7], [1, 8, 2, 9], [3, 11, 4, 10]]"
12a_0346_111,"[[3, 11, 4, 10], [5, 19, 6, 18], [7, 24, 8, 1], [9, 16, 10, 17], [11, 15, 12, 14], [13, 21, 14, 20], [15, 3, 16, 2], [17, 22, 18, 23], [19, 13, 20, 12], [21, 5, 22, 4], [23, 6, 24, 7], [1, 8, 2, 9]]"
12a_0346_112,"[[1, 8, 2, 9], [3, 11, 4, 10], [5, 19, 6, 18], [7, 24, 8, 1], [9, 16, 10, 17], [11, 15, 12, 14], [13, 21, 14, 20], [15, 3, 16, 2], [17, 22, 18, 23], [19, 13, 20, 12], [21, 5, 22, 4], [23, 6, 24, 7]]"
12a_0346_113,"[[23, 6, 24, 7], [1, 8, 2, 9], [3, 11, 4, 10], [5, 19, 6, 18], [7, 24, 8, 1], [9, 16, 10, 17], [11, 15, 12, 14], [13, 21, 14, 20], [15, 3, 16, 2], [17, 22, 18, 23], [19, 13, 20, 12], [21, 5, 22, 4]]"
12a_0346_114,"[[21, 5, 22, 4], [23, 6, 24, 7], [1, 8, 2, 9], [3, 11, 4, 10], [5, 19, 6, 18], [7, 24, 8, 1], [9, 16, 10, 17], [11, 15, 12, 14], [13, 21, 14, 20], [15, 3, 16, 2], [17, 22, 18, 23], [19, 13, 20, 12]]"
12a_0346_115,"[[19, 13, 20, 12], [21, 5, 22, 4], [23, 6, 24, 7], [1, 8, 2, 9], [3, 11, 4, 10], [5, 19, 6, 18], [7, 24, 8, 1], [9, 16, 10, 17], [11, 15, 12, 14], [13, 21, 14, 20], [15, 3, 16, 2], [17, 22, 18, 23]]"
12a_0346_116,"[[17, 22, 18, 23], [19, 13, 20, 12], [21, 5, 22, 4], [23, 6, 24, 7], [1, 8, 2, 9], [3, 11, 4, 10], [5, 19, 6, 18], [7, 24, 8, 1], [9, 16, 10, 17], [11, 15, 12, 14], [13, 21, 14, 20], [15, 3, 16, 2]]"
12a_0346_117,"[[15, 3, 16, 2], [17, 22, 18, 23], [19, 13, 20, 12], [21, 5, 22, 4], [23, 6, 24, 7], [1, 8, 2, 9], [3, 11, 4, 10], [5, 19, 6, 18], [7, 24, 8, 1], [9, 16, 10, 17], [11, 15, 12, 14], [13, 21, 14, 20]]"
12a_0346_118,"[[13, 21, 14, 20], [15, 3, 16, 2], [17, 22, 18, 23], [19, 13, 20, 12], [21, 5, 22, 4], [23, 6, 24, 7], [1, 8, 2, 9], [3, 11, 4, 10], [5, 19, 6, 18], [7, 24, 8, 1], [9, 16, 10, 17], [11, 15, 12, 14]]"
12a_0346_119,"[[11, 15, 12, 14], [13, 21, 14, 20], [15, 3, 16, 2], [17, 22, 18, 23], [19, 13, 20, 12], [21, 5, 22, 4], [23, 6, 24, 7], [1, 8, 2, 9], [3, 11, 4, 10], [5, 19, 6, 18], [7, 24, 8, 1], [9, 16, 10, 17]]"
12a_0346_120,"[[10, 17, 11, 18], [12, 16, 13, 15], [14, 22, 15, 21], [16, 4, 17, 3], [18, 23, 19, 24], [20, 14, 21, 13], [22, 6, 23, 5], [24, 7, 1, 8], [2, 9, 3, 10], [4, 12, 5, 11], [6, 20, 7, 19], [8, 1, 9, 2]]"
12a_0346_121,"[[8, 1, 9, 2], [10, 17, 11, 18], [12, 16, 13, 15], [14, 22, 15, 21], [16, 4, 17, 3], [18, 23, 19, 24], [20, 14, 21, 13], [22, 6, 23, 5], [24, 7, 1, 8], [2, 9, 3, 10], [4, 12, 5, 11], [6, 20, 7, 19]]"
12a_0346_122,"[[6, 20, 7, 19], [8, 1, 9, 2], [10, 17, 11, 18], [12, 16, 13, 15], [14, 22, 15, 21], [16, 4, 17, 3], [18, 23, 19, 24], [20, 14, 21, 13], [22, 6, 23, 5], [24, 7, 1, 8], [2, 9, 3, 10], [4, 12, 5, 11]]"
12a_0346_123,"[[4, 12, 5, 11], [6, 20, 7, 19], [8, 1, 9, 2], [10, 17, 11, 18], [12, 16, 13, 15], [14, 22, 15, 21], [16, 4, 17, 3], [18, 23, 19, 24], [20, 14, 21, 13], [22, 6, 23, 5], [24, 7, 1, 8], [2, 9, 3, 10]]"
12a_0346_124,"[[2, 9, 3, 10], [4, 12, 5, 11], [6, 20, 7, 19], [8, 1, 9, 2], [10, 17, 11, 18], [12, 16, 13, 15], [14, 22, 15, 21], [16, 4, 17, 3], [18, 23, 19, 24], [20, 14, 21, 13], [22, 6, 23, 5], [24, 7, 1, 8]]"
12a_0346_125,"[[24, 7, 1, 8], [2, 9, 3, 10], [4, 12, 5, 11], [6, 20, 7, 19], [8, 1, 9, 2], [10, 17, 11, 18], [12, 16, 13, 15], [14, 22, 15, 21], [16, 4, 17, 3], [18, 23, 19, 24], [20, 14, 21, 13], [22, 6, 23, 5]]"
12a_0346_126,"[[22, 6, 23, 5], [24, 7, 1, 8], [2, 9, 3, 10], [4, 12, 5, 11], [6, 20, 7, 19], [8, 1, 9, 2], [10, 17, 11, 18], [12, 16, 13, 15], [14, 22, 15, 21], [16, 4, 17, 3], [18, 23, 19, 24], [20, 14, 21, 13]]"
12a_0346_127,"[[20, 14, 21, 13], [22, 6, 23, 5], [24, 7, 1, 8], [2, 9, 3, 10], [4, 12, 5, 11], [6, 20, 7, 19], [8, 1, 9, 2], [10, 17, 11, 18], [12, 16, 13, 15], [14, 22, 15, 21], [16, 4, 17, 3], [18, 23, 19, 24]]"
12a_0346_128,"[[18, 23, 19, 24], [20, 14, 21, 13], [22, 6, 23, 5], [24, 7, 1, 8], [2, 9, 3, 10], [4, 12, 5, 11], [6, 20, 7, 19], [8, 1, 9, 2], [10, 17, 11, 18], [12, 16, 13, 15], [14, 22, 15, 21], [16, 4, 17, 3]]"
12a_0346_129,"[[16, 4, 17, 3], [18, 23, 19, 24], [20, 14, 21, 13], [22, 6, 23, 5], [24, 7, 1, 8], [2, 9, 3, 10], [4, 12, 5, 11], [6, 20, 7, 19], [8, 1, 9, 2], [10, 17, 11, 18], [12, 16, 13, 15], [14, 22, 15, 21]]"
12a_0346_130,"[[14, 22, 15, 21], [16, 4, 17, 3], [18, 23, 19, 24], [20, 14, 21, 13], [22, 6, 23, 5], [24, 7, 1, 8], [2, 9, 3, 10], [4, 12, 5, 11], [6, 20, 7, 19], [8, 1, 9, 2], [10, 17, 11, 18], [12, 16, 13, 15]]"
12a_0346_131,"[[12, 16, 13, 15], [14, 22, 15, 21], [16, 4, 17, 3], [18, 23, 19, 24], [20, 14, 21, 13], [22, 6, 23, 5], [24, 7, 1, 8], [2, 9, 3, 10], [4, 12, 5, 11], [6, 20, 7, 19], [8, 1, 9, 2], [10, 17, 11, 18]]"
12a_0346_132,"[[11, 18, 12, 19], [13, 17, 14, 16], [15, 23, 16, 22], [17, 5, 18, 4], [19, 24, 20, 1], [21, 15, 22, 14], [23, 7, 24, 6], [1, 8, 2, 9], [3, 10, 4, 11], [5, 13, 6, 12], [7, 21, 8, 20], [9, 2, 10, 3]]"
12a_0346_133,"[[9, 2, 10, 3], [11, 18, 12, 19], [13, 17, 14, 16], [15, 23, 16, 22], [17, 5, 18, 4], [19, 24, 20, 1], [21, 15, 22, 14], [23, 7, 24, 6], [1, 8, 2, 9], [3, 10, 4, 11], [5, 13, 6, 12], [7, 21, 8, 20]]"
12a_0346_134,"[[7, 21, 8, 20], [9, 2, 10, 3], [11, 18, 12, 19], [13, 17, 14, 16], [15, 23, 16, 22], [17, 5, 18, 4], [19, 24, 20, 1], [21, 15, 22, 14], [23, 7, 24, 6], [1, 8, 2, 9], [3, 10, 4, 11], [5, 13, 6, 12]]"
12a_0346_135,"[[5, 13, 6, 12], [7, 21, 8, 20], [9, 2, 10, 3], [11, 18, 12, 19], [13, 17, 14, 16], [15, 23, 16, 22], [17, 5, 18, 4], [19, 24, 20, 1], [21, 15, 22, 14], [23, 7, 24, 6], [1, 8, 2, 9], [3, 10, 4, 11]]"
12a_0346_136,"[[3, 10, 4, 11], [5, 13, 6, 12], [7, 21, 8, 20], [9, 2, 10, 3], [11, 18, 12, 19], [13, 17, 14, 16], [15, 23, 16, 22], [17, 5, 18, 4], [19, 24, 20, 1], [21, 15, 22, 14], [23, 7, 24, 6], [1, 8, 2, 9]]"
12a_0346_137,"[[1, 8, 2, 9], [3, 10, 4, 11], [5, 13, 6, 12], [7, 21, 8, 20], [9, 2, 10, 3], [11, 18, 12, 19], [13, 17, 14, 16], [15, 23, 16, 22], [17, 5, 18, 4], [19, 24, 20, 1], [21, 15, 22, 14], [23, 7, 24, 6]]"
12a_0346_138,"[[23, 7, 24, 6], [1, 8, 2, 9], [3, 10, 4, 11], [5, 13, 6, 12], [7, 21, 8, 20], [9, 2, 10, 3], [11, 18, 12, 19], [13, 17, 14, 16], [15, 23, 16, 22], [17, 5, 18, 4], [19, 24, 20, 1], [21, 15, 22, 14]]"
12a_0346_139,"[[21, 15, 22, 14], [23, 7, 24, 6], [1, 8, 2, 9], [3, 10, 4, 11], [5, 13, 6, 12], [7, 21, 8, 20], [9, 2, 10, 3], [11, 18, 12, 19], [13, 17, 14, 16], [15, 23, 16, 22], [17, 5, 18, 4], [19, 24, 20, 1]]"
12a_0346_140,"[[19, 24, 20, 1], [21, 15, 22, 14], [23, 7, 24, 6], [1, 8, 2, 9], [3, 10, 4, 11], [5, 13, 6, 12], [7, 21, 8, 20], [9, 2, 10, 3], [11, 18, 12, 19], [13, 17, 14, 16], [15, 23, 16, 22], [17, 5, 18, 4]]"
12a_0346_141,"[[17, 5, 18, 4], [19, 24, 20, 1], [21, 15, 22, 14], [23, 7, 24, 6], [1, 8, 2, 9], [3, 10, 4, 11], [5, 13, 6, 12], [7, 21, 8, 20], [9, 2, 10, 3], [11, 18, 12, 19], [13, 17, 14, 16], [15, 23, 16, 22]]"
12a_0346_142,"[[15, 23, 16, 22], [17, 5, 18, 4], [19, 24, 20, 1], [21, 15, 22, 14], [23, 7, 24, 6], [1, 8, 2, 9], [3, 10, 4, 11], [5, 13, 6, 12], [7, 21, 8, 20], [9, 2, 10, 3], [11, 18, 12, 19], [13, 17, 14, 16]]"
12a_0346_143,"[[13, 17, 14, 16], [15, 23, 16, 22], [17, 5, 18, 4], [19, 24, 20, 1], [21, 15, 22, 14], [23, 7, 24, 6], [1, 8, 2, 9], [3, 10, 4, 11], [5, 13, 6, 12], [7, 21, 8, 20], [9, 2, 10, 3], [11, 18, 12, 19]]"
12a_0346_144,"[[12, 19, 13, 20], [14, 18, 15, 17], [16, 24, 17, 23], [18, 6, 19, 5], [20, 1, 21, 2], [22, 16, 23, 15], [24, 8, 1, 7], [2, 9, 3, 10], [4, 11, 5, 12], [6, 14, 7, 13], [8, 22, 9, 21], [10, 3, 11, 4]]"
12a_0346_145,"[[10, 3, 11, 4], [12, 19, 13, 20], [14, 18, 15, 17], [16, 24, 17, 23], [18, 6, 19, 5], [20, 1, 21, 2], [22, 16, 23, 15], [24, 8, 1, 7], [2, 9, 3, 10], [4, 11, 5, 12], [6, 14, 7, 13], [8, 22, 9, 21]]"
12a_0346_146,"[[8, 22, 9, 21], [10, 3, 11, 4], [12, 19, 13, 20], [14, 18, 15, 17], [16, 24, 17, 23], [18, 6, 19, 5], [20, 1, 21, 2], [22, 16, 23, 15], [24, 8, 1, 7], [2, 9, 3, 10], [4, 11, 5, 12], [6, 14, 7, 13]]"
12a_0346_147,"[[6, 14, 7, 13], [8, 22, 9, 21], [10, 3, 11, 4], [12, 19, 13, 20], [14, 18, 15, 17], [16, 24, 17, 23], [18, 6, 19, 5], [20, 1, 21, 2], [22, 16, 23, 15], [24, 8, 1, 7], [2, 9, 3, 10], [4, 11, 5, 12]]"
12a_0346_148,"[[4, 11, 5, 12], [6, 14, 7, 13], [8, 22, 9, 21], [10, 3, 11, 4], [12, 19, 13, 20], [14, 18, 15, 17], [16, 24, 17, 23], [18, 6, 19, 5], [20, 1, 21, 2], [22, 16, 23, 15], [24, 8, 1, 7], [2, 9, 3, 10]]"
12a_0346_149,"[[2, 9, 3, 10], [4, 11, 5, 12], [6, 14, 7, 13], [8, 22, 9, 21], [10, 3, 11, 4], [12, 19, 13, 20], [14, 18, 15, 17], [16, 24, 17, 23], [18, 6, 19, 5], [20, 1, 21, 2], [22, 16, 23, 15], [24, 8, 1, 7]]"
12a_0346_150,"[[24, 8, 1, 7], [2, 9, 3, 10], [4, 11, 5, 12], [6, 14, 7, 13], [8, 22, 9, 21], [10, 3, 11, 4], [12, 19, 13, 20], [14, 18, 15, 17], [16, 24, 17, 23], [18, 6, 19, 5], [20, 1, 21, 2], [22, 16, 23, 15]]"
12a_0346_151,"[[22, 16, 23, 15], [24, 8, 1, 7], [2, 9, 3, 10], [4, 11, 5, 12], [6, 14, 7, 13], [8, 22, 9, 21], [10, 3, 11, 4], [12, 19, 13, 20], [14, 18, 15, 17], [16, 24, 17, 23], [18, 6, 19, 5], [20, 1, 21, 2]]"
12a_0346_152,"[[20, 1, 21, 2], [22, 16, 23, 15], [24, 8, 1, 7], [2, 9, 3, 10], [4, 11, 5, 12], [6, 14, 7, 13], [8, 22, 9, 21], [10, 3, 11, 4], [12, 19, 13, 20], [14, 18, 15, 17], [16, 24, 17, 23], [18, 6, 19, 5]]"
12a_0346_153,"[[18, 6, 19, 5], [20, 1, 21, 2], [22, 16, 23, 15], [24, 8, 1, 7], [2, 9, 3, 10], [4, 11, 5, 12], [6, 14, 7, 13], [8, 22, 9, 21], [10, 3, 11, 4], [12, 19, 13, 20], [14, 18, 15, 17], [16, 24, 17, 23]]"
12a_0346_154,"[[16, 24, 17, 23], [18, 6, 19, 5], [20, 1, 21, 2], [22, 16, 23, 15], [24, 8, 1, 7], [2, 9, 3, 10], [4, 11, 5, 12], [6, 14, 7, 13], [8, 22, 9, 21], [10, 3, 11, 4], [12, 19, 13, 20], [14, 18, 15, 17]]"
12a_0346_155,"[[14, 18, 15, 17], [16, 24, 17, 23], [18, 6, 19, 5], [20, 1, 21, 2], [22, 16, 23, 15], [24, 8, 1, 7], [2, 9, 3, 10], [4, 11, 5, 12], [6, 14, 7, 13], [8, 22, 9, 21], [10, 3, 11, 4], [12, 19, 13, 20]]"
12a_0346_156,"[[13, 20, 14, 21], [15, 19, 16, 18], [17, 1, 18, 24], [19, 7, 20, 6], [21, 2, 22, 3], [23, 17, 24, 16], [1, 9, 2, 8], [3, 10, 4, 11], [5, 12, 6, 13], [7, 15, 8, 14], [9, 23, 10, 22], [11, 4, 12, 5]]"
12a_0346_157,"[[11, 4, 12, 5], [13, 20, 14, 21], [15, 19, 16, 18], [17, 1, 18, 24], [19, 7, 20, 6], [21, 2, 22, 3], [23, 17, 24, 16], [1, 9, 2, 8], [3, 10, 4, 11], [5, 12, 6, 13], [7, 15, 8, 14], [9, 23, 10, 22]]"
12a_0346_158,"[[9, 23, 10, 22], [11, 4, 12, 5], [13, 20, 14, 21], [15, 19, 16, 18], [17, 1, 18, 24], [19, 7, 20, 6], [21, 2, 22, 3], [23, 17, 24, 16], [1, 9, 2, 8], [3, 10, 4, 11], [5, 12, 6, 13], [7, 15, 8, 14]]"
12a_0346_159,"[[7, 15, 8, 14], [9, 23, 10, 22], [11, 4, 12, 5], [13, 20, 14, 21], [15, 19, 16, 18], [17, 1, 18, 24], [19, 7, 20, 6], [21, 2, 22, 3], [23, 17, 24, 16], [1, 9, 2, 8], [3, 10, 4, 11], [5, 12, 6, 13]]"
12a_0346_160,"[[5, 12, 6, 13], [7, 15, 8, 14], [9, 23, 10, 22], [11, 4, 12, 5], [13, 20, 14, 21], [15, 19, 16, 18], [17, 1, 18, 24], [19, 7, 20, 6], [21, 2, 22, 3], [23, 17, 24, 16], [1, 9, 2, 8], [3, 10, 4, 11]]"
12a_0346_161,"[[3, 10, 4, 11], [5, 12, 6, 13], [7, 15, 8, 14], [9, 23, 10, 22], [11, 4, 12, 5], [13, 20, 14, 21], [15, 19, 16, 18], [17, 1, 18, 24], [19, 7, 20, 6], [21, 2, 22, 3], [23, 17, 24, 16], [1, 9, 2, 8]]"
12a_0346_162,"[[1, 9, 2, 8], [3, 10, 4, 11], [5, 12, 6, 13], [7, 15, 8, 14], [9, 23, 10, 22], [11, 4, 12, 5], [13, 20, 14, 21], [15, 19, 16, 18], [17, 1, 18, 24], [19, 7, 20, 6], [21, 2, 22, 3], [23, 17, 24, 16]]"
12a_0346_163,"[[23, 17, 24, 16], [1, 9, 2, 8], [3, 10, 4, 11], [5, 12, 6, 13], [7, 15, 8, 14], [9, 23, 10, 22], [11, 4, 12, 5], [13, 20, 14, 21], [15, 19, 16, 18], [17, 1, 18, 24], [19, 7, 20, 6], [21, 2, 22, 3]]"
12a_0346_164,"[[21, 2, 22, 3], [23, 17, 24, 16], [1, 9, 2, 8], [3, 10, 4, 11], [5, 12, 6, 13], [7, 15, 8, 14], [9, 23, 10, 22], [11, 4, 12, 5], [13, 20, 14, 21], [15, 19, 16, 18], [17, 1, 18, 24], [19, 7, 20, 6]]"
12a_0346_165,"[[19, 7, 20, 6], [21, 2, 22, 3], [23, 17, 24, 16], [1, 9, 2, 8], [3, 10, 4, 11], [5, 12, 6, 13], [7, 15, 8, 14], [9, 23, 10, 22], [11, 4, 12, 5], [13, 20, 14, 21], [15, 19, 16, 18], [17, 1, 18, 24]]"
12a_0346_166,"[[17, 1, 18, 24], [19, 7, 20, 6], [21, 2, 22, 3], [23, 17, 24, 16], [1, 9, 2, 8], [3, 10, 4, 11], [5, 12, 6, 13], [7, 15, 8, 14], [9, 23, 10, 22], [11, 4, 12, 5], [13, 20, 14, 21], [15, 19, 16, 18]]"
12a_0346_167,"[[15, 19, 16, 18], [17, 1, 18, 24], [19, 7, 20, 6], [21, 2, 22, 3], [23, 17, 24, 16], [1, 9, 2, 8], [3, 10, 4, 11], [5, 12, 6, 13], [7, 15, 8, 14], [9, 23, 10, 22], [11, 4, 12, 5], [13, 20, 14, 21]]"
12a_0346_168,"[[14, 21, 15, 22], [16, 20, 17, 19], [18, 2, 19, 1], [20, 8, 21, 7], [22, 3, 23, 4], [24, 18, 1, 17], [2, 10, 3, 9], [4, 11, 5, 12], [6, 13, 7, 14], [8, 16, 9, 15], [10, 24, 11, 23], [12, 5, 13, 6]]"
12a_0346_169,"[[12, 5, 13, 6], [14, 21, 15, 22], [16, 20, 17, 19], [18, 2, 19, 1], [20, 8, 21, 7], [22, 3, 23, 4], [24, 18, 1, 17], [2, 10, 3, 9], [4, 11, 5, 12], [6, 13, 7, 14], [8, 16, 9, 15], [10, 24, 11, 23]]"
12a_0346_170,"[[10, 24, 11, 23], [12, 5, 13, 6], [14, 21, 15, 22], [16, 20, 17, 19], [18, 2, 19, 1], [20, 8, 21, 7], [22, 3, 23, 4], [24, 18, 1, 17], [2, 10, 3, 9], [4, 11, 5, 12], [6, 13, 7, 14], [8, 16, 9, 15]]"
12a_0346_171,"[[8, 16, 9, 15], [10, 24, 11, 23], [12, 5, 13, 6], [14, 21, 15, 22], [16, 20, 17, 19], [18, 2, 19, 1], [20, 8, 21, 7], [22, 3, 23, 4], [24, 18, 1, 17], [2, 10, 3, 9], [4, 11, 5, 12], [6, 13, 7, 14]]"
12a_0346_172,"[[6, 13, 7, 14], [8, 16, 9, 15], [10, 24, 11, 23], [12, 5, 13, 6], [14, 21, 15, 22], [16, 20, 17, 19], [18, 2, 19, 1], [20, 8, 21, 7], [22, 3, 23, 4], [24, 18, 1, 17], [2, 10, 3, 9], [4, 11, 5, 12]]"
12a_0346_173,"[[4, 11, 5, 12], [6, 13, 7, 14], [8, 16, 9, 15], [10, 24, 11, 23], [12, 5, 13, 6], [14, 21, 15, 22], [16, 20, 17, 19], [18, 2, 19, 1], [20, 8, 21, 7], [22, 3, 23, 4], [24, 18, 1, 17], [2, 10, 3, 9]]"
12a_0346_174,"[[2, 10, 3, 9], [4, 11, 5, 12], [6, 13, 7, 14], [8, 16, 9, 15], [10, 24, 11, 23], [12, 5, 13, 6], [14, 21, 15, 22], [16, 20, 17, 19], [18, 2, 19, 1], [20, 8, 21, 7], [22, 3, 23, 4], [24, 18, 1, 17]]"
12a_0346_175,"[[24, 18, 1, 17], [2, 10, 3, 9], [4, 11, 5, 12], [6, 13, 7, 14], [8, 16, 9, 15], [10, 24, 11, 23], [12, 5, 13, 6], [14, 21, 15, 22], [16, 20, 17, 19], [18, 2, 19, 1], [20, 8, 21, 7], [22, 3, 23, 4]]"
12a_0346_176,"[[22, 3, 23, 4], [24, 18, 1, 17], [2, 10, 3, 9], [4, 11, 5, 12], [6, 13, 7, 14], [8, 16, 9, 15], [10, 24, 11, 23], [12, 5, 13, 6], [14, 21, 15, 22], [16, 20, 17, 19], [18, 2, 19, 1], [20, 8, 21, 7]]"
12a_0346_177,"[[20, 8, 21, 7], [22, 3, 23, 4], [24, 18, 1, 17], [2, 10, 3, 9], [4, 11, 5, 12], [6, 13, 7, 14], [8, 16, 9, 15], [10, 24, 11, 23], [12, 5, 13, 6], [14, 21, 15, 22], [16, 20, 17, 19], [18, 2, 19, 1]]"
12a_0346_178,"[[18, 2, 19, 1], [20, 8, 21, 7], [22, 3, 23, 4], [24, 18, 1, 17], [2, 10, 3, 9], [4, 11, 5, 12], [6, 13, 7, 14], [8, 16, 9, 15], [10, 24, 11, 23], [12, 5, 13, 6], [14, 21, 15, 22], [16, 20, 17, 19]]"
12a_0346_179,"[[16, 20, 17, 19], [18, 2, 19, 1], [20, 8, 21, 7], [22, 3, 23, 4], [24, 18, 1, 17], [2, 10, 3, 9], [4, 11, 5, 12], [6, 13, 7, 14], [8, 16, 9, 15], [10, 24, 11, 23], [12, 5, 13, 6], [14, 21, 15, 22]]"
12a_0346_180,"[[15, 22, 16, 23], [17, 21, 18, 20], [19, 3, 20, 2], [21, 9, 22, 8], [23, 4, 24, 5], [1, 19, 2, 18], [3, 11, 4, 10], [5, 12, 6, 13], [7, 14, 8, 15], [9, 17, 10, 16], [11, 1, 12, 24], [13, 6, 14, 7]]"
12a_0346_181,"[[13, 6, 14, 7], [15, 22, 16, 23], [17, 21, 18, 20], [19, 3, 20, 2], [21, 9, 22, 8], [23, 4, 24, 5], [1, 19, 2, 18], [3, 11, 4, 10], [5, 12, 6, 13], [7, 14, 8, 15], [9, 17, 10, 16], [11, 1, 12, 24]]"
12a_0346_182,"[[11, 1, 12, 24], [13, 6, 14, 7], [15, 22, 16, 23], [17, 21, 18, 20], [19, 3, 20, 2], [21, 9, 22, 8], [23, 4, 24, 5], [1, 19, 2, 18], [3, 11, 4, 10], [5, 12, 6, 13], [7, 14, 8, 15], [9, 17, 10, 16]]"
12a_0346_183,"[[9, 17, 10, 16], [11, 1, 12, 24], [13, 6, 14, 7], [15, 22, 16, 23], [17, 21, 18, 20], [19, 3, 20, 2], [21, 9, 22, 8], [23, 4, 24, 5], [1, 19, 2, 18], [3, 11, 4, 10], [5, 12, 6, 13], [7, 14, 8, 15]]"
12a_0346_184,"[[7, 14, 8, 15], [9, 17, 10, 16], [11, 1, 12, 24], [13, 6, 14, 7], [15, 22, 16, 23], [17, 21, 18, 20], [19, 3, 20, 2], [21, 9, 22, 8], [23, 4, 24, 5], [1, 19, 2, 18], [3, 11, 4, 10], [5, 12, 6, 13]]"
12a_0346_185,"[[5, 12, 6, 13], [7, 14, 8, 15], [9, 17, 10, 16], [11, 1, 12, 24], [13, 6, 14, 7], [15, 22, 16, 23], [17, 21, 18, 20], [19, 3, 20, 2], [21, 9, 22, 8], [23, 4, 24, 5], [1, 19, 2, 18], [3, 11, 4, 10]]"
