name,pd_notation
12a_0306_0,"[[24, 9, 1, 10], [2, 6, 3, 5], [4, 11, 5, 12], [6, 15, 7, 16], [8, 20, 9, 19], [10, 14, 11, 13], [12, 3, 13, 4], [14, 1, 15, 2], [16, 23, 17, 24], [18, 21, 19, 22], [20, 8, 21, 7], [22, 17, 23, 18]]"
12a_0306_1,"[[22, 17, 23, 18], [24, 9, 1, 10], [2, 6, 3, 5], [4, 11, 5, 12], [6, 15, 7, 16], [8, 20, 9, 19], [10, 14, 11, 13], [12, 3, 13, 4], [14, 1, 15, 2], [16, 23, 17, 24], [18, 21, 19, 22], [20, 8, 21, 7]]"
12a_0306_2,"[[20, 8, 21, 7], [22, 17, 23, 18], [24, 9, 1, 10], [2, 6, 3, 5], [4, 11, 5, 12], [6, 15, 7, 16], [8, 20, 9, 19], [10, 14, 11, 13], [12, 3, 13, 4], [14, 1, 15, 2], [16, 23, 17, 24], [18, 21, 19, 22]]"
12a_0306_3,"[[18, 21, 19, 22], [20, 8, 21, 7], [22, 17, 23, 18], [24, 9, 1, 10], [2, 6, 3, 5], [4, 11, 5, 12], [6, 15, 7, 16], [8, 20, 9, 19], [10, 14, 11, 13], [12, 3, 13, 4], [14, 1, 15, 2], [16, 23, 17, 24]]"
12a_0306_4,"[[16, 23, 17, 24], [18, 21, 19, 22], [20, 8, 21, 7], [22, 17, 23, 18], [24, 9, 1, 10], [2, 6, 3, 5], [4, 11, 5, 12], [6, 15, 7, 16], [8, 20, 9, 19], [10, 14, 11, 13], [12, 3, 13, 4], [14, 1, 15, 2]]"
12a_0306_5,"[[14, 1, 15, 2], [16, 23, 17, 24], [18, 21, 19, 22], [20, 8, 21, 7], [22, 17, 23, 18], [24, 9, 1, 10], [2, 6, 3, 5], [4, 11, 5, 12], [6, 15, 7, 16], [8, 20, 9, 19], [10, 14, 11, 13], [12, 3, 13, 4]]"
12a_0306_6,"[[12, 3, 13, 4], [14, 1, 15, 2], [16, 23, 17, 24], [18, 21, 19, 22], [20, 8, 21, 7], [22, 17, 23, 18], [24, 9, 1, 10], [2, 6, 3, 5], [4, 11, 5, 12], [6, 15, 7, 16], [8, 20, 9, 19], [10, 14, 11, 13]]"
12a_0306_7,"[[10, 14, 11, 13], [12, 3, 13, 4], [14, 1, 15, 2], [16, 23, 17, 24], [18, 21, 19, 22], [20, 8, 21, 7], [22, 17, 23, 18], [24, 9, 1, 10], [2, 6, 3, 5], [4, 11, 5, 12], [6, 15, 7, 16], [8, 20, 9, 19]]"
12a_0306_8,"[[8, 20, 9, 19], [10, 14, 11, 13], [12, 3, 13, 4], [14, 1, 15, 2], [16, 23, 17, 24], [18, 21, 19, 22], [20, 8, 21, 7], [22, 17, 23, 18], [24, 9, 1, 10], [2, 6, 3, 5], [4, 11, 5, 12], [6, 15, 7, 16]]"
12a_0306_9,"[[6, 15, 7, 16], [8, 20, 9, 19], [10, 14, 11, 13], [12, 3, 13, 4], [14, 1, 15, 2], [16, 23, 17, 24], [18, 21, 19, 22], [20, 8, 21, 7], [22, 17, 23, 18], [24, 9, 1, 10], [2, 6, 3, 5], [4, 11, 5, 12]]"
12a_0306_10,"[[4, 11, 5, 12], [6, 15, 7, 16], [8, 20, 9, 19], [10, 14, 11, 13], [12, 3, 13, 4], [14, 1, 15, 2], [16, 23, 17, 24], [18, 21, 19, 22], [20, 8, 21, 7], [22, 17, 23, 18], [24, 9, 1, 10], [2, 6, 3, 5]]"
12a_0306_11,"[[2, 6, 3, 5], [4, 11, 5, 12], [6, 15, 7, 16], [8, 20, 9, 19], [10, 14, 11, 13], [12, 3, 13, 4], [14, 1, 15, 2], [16, 23, 17, 24], [18, 21, 19, 22], [20, 8, 21, 7], [22, 17, 23, 18], [24, 9, 1, 10]]"
12a_0306_12,"[[1, 10, 2, 11], [3, 7, 4, 6], [5, 12, 6, 13], [7, 16, 8, 17], [9, 21, 10, 20], [11, 15, 12, 14], [13, 4, 14, 5], [15, 2, 16, 3], [17, 24, 18, 1], [19, 22, 20, 23], [21, 9, 22, 8], [23, 18, 24, 19]]"
12a_0306_13,"[[23, 18, 24, 19], [1, 10, 2, 11], [3, 7, 4, 6], [5, 12, 6, 13], [7, 16, 8, 17], [9, 21, 10, 20], [11, 15, 12, 14], [13, 4, 14, 5], [15, 2, 16, 3], [17, 24, 18, 1], [19, 22, 20, 23], [21, 9, 22, 8]]"
12a_0306_14,"[[21, 9, 22, 8], [23, 18, 24, 19], [1, 10, 2, 11], [3, 7, 4, 6], [5, 12, 6, 13], [7, 16, 8, 17], [9, 21, 10, 20], [11, 15, 12, 14], [13, 4, 14, 5], [15, 2, 16, 3], [17, 24, 18, 1], [19, 22, 20, 23]]"
12a_0306_15,"[[19, 22, 20, 23], [21, 9, 22, 8], [23, 18, 24, 19], [1, 10, 2, 11], [3, 7, 4, 6], [5, 12, 6, 13], [7, 16, 8, 17], [9, 21, 10, 20], [11, 15, 12, 14], [13, 4, 14, 5], [15, 2, 16, 3], [17, 24, 18, 1]]"
12a_0306_16,"[[17, 24, 18, 1], [19, 22, 20, 23], [21, 9, 22, 8], [23, 18, 24, 19], [1, 10, 2, 11], [3, 7, 4, 6], [5, 12, 6, 13], [7, 16, 8, 17], [9, 21, 10, 20], [11, 15, 12, 14], [13, 4, 14, 5], [15, 2, 16, 3]]"
12a_0306_17,"[[15, 2, 16, 3], [17, 24, 18, 1], [19, 22, 20, 23], [21, 9, 22, 8], [23, 18, 24, 19], [1, 10, 2, 11], [3, 7, 4, 6], [5, 12, 6, 13], [7, 16, 8, 17], [9, 21, 10, 20], [11, 15, 12, 14], [13, 4, 14, 5]]"
12a_0306_18,"[[13, 4, 14, 5], [15, 2, 16, 3], [17, 24, 18, 1], [19, 22, 20, 23], [21, 9, 22, 8], [23, 18, 24, 19], [1, 10, 2, 11], [3, 7, 4, 6], [5, 12, 6, 13], [7, 16, 8, 17], [9, 21, 10, 20], [11, 15, 12, 14]]"
12a_0306_19,"[[11, 15, 12, 14], [13, 4, 14, 5], [15, 2, 16, 3], [17, 24, 18, 1], [19, 22, 20, 23], [21, 9, 22, 8], [23, 18, 24, 19], [1, 10, 2, 11], [3, 7, 4, 6], [5, 12, 6, 13], [7, 16, 8, 17], [9, 21, 10, 20]]"
12a_0306_20,"[[9, 21, 10, 20], [11, 15, 12, 14], [13, 4, 14, 5], [15, 2, 16, 3], [17, 24, 18, 1], [19, 22, 20, 23], [21, 9, 22, 8], [23, 18, 24, 19], [1, 10, 2, 11], [3, 7, 4, 6], [5, 12, 6, 13], [7, 16, 8, 17]]"
12a_0306_21,"[[7, 16, 8, 17], [9, 21, 10, 20], [11, 15, 12, 14], [13, 4, 14, 5], [15, 2, 16, 3], [17, 24, 18, 1], [19, 22, 20, 23], [21, 9, 22, 8], [23, 18, 24, 19], [1, 10, 2, 11], [3, 7, 4, 6], [5, 12, 6, 13]]"
12a_0306_22,"[[5, 12, 6, 13], [7, 16, 8, 17], [9, 21, 10, 20], [11, 15, 12, 14], [13, 4, 14, 5], [15, 2, 16, 3], [17, 24, 18, 1], [19, 22, 20, 23], [21, 9, 22, 8], [23, 18, 24, 19], [1, 10, 2, 11], [3, 7, 4, 6]]"
12a_0306_23,"[[3, 7, 4, 6], [5, 12, 6, 13], [7, 16, 8, 17], [9, 21, 10, 20], [11, 15, 12, 14], [13, 4, 14, 5], [15, 2, 16, 3], [17, 24, 18, 1], [19, 22, 20, 23], [21, 9, 22, 8], [23, 18, 24, 19], [1, 10, 2, 11]]"
12a_0306_24,"[[2, 11, 3, 12], [4, 8, 5, 7], [6, 13, 7, 14], [8, 17, 9, 18], [10, 22, 11, 21], [12, 16, 13, 15], [14, 5, 15, 6], [16, 3, 17, 4], [18, 1, 19, 2], [20, 23, 21, 24], [22, 10, 23, 9], [24, 19, 1, 20]]"
12a_0306_25,"[[24, 19, 1, 20], [2, 11, 3, 12], [4, 8, 5, 7], [6, 13, 7, 14], [8, 17, 9, 18], [10, 22, 11, 21], [12, 16, 13, 15], [14, 5, 15, 6], [16, 3, 17, 4], [18, 1, 19, 2], [20, 23, 21, 24], [22, 10, 23, 9]]"
12a_0306_26,"[[22, 10, 23, 9], [24, 19, 1, 20], [2, 11, 3, 12], [4, 8, 5, 7], [6, 13, 7, 14], [8, 17, 9, 18], [10, 22, 11, 21], [12, 16, 13, 15], [14, 5, 15, 6], [16, 3, 17, 4], [18, 1, 19, 2], [20, 23, 21, 24]]"
12a_0306_27,"[[20, 23, 21, 24], [22, 10, 23, 9], [24, 19, 1, 20], [2, 11, 3, 12], [4, 8, 5, 7], [6, 13, 7, 14], [8, 17, 9, 18], [10, 22, 11, 21], [12, 16, 13, 15], [14, 5, 15, 6], [16, 3, 17, 4], [18, 1, 19, 2]]"
12a_0306_28,"[[18, 1, 19, 2], [20, 23, 21, 24], [22, 10, 23, 9], [24, 19, 1, 20], [2, 11, 3, 12], [4, 8, 5, 7], [6, 13, 7, 14], [8, 17, 9, 18], [10, 22, 11, 21], [12, 16, 13, 15], [14, 5, 15, 6], [16, 3, 17, 4]]"
12a_0306_29,"[[16, 3, 17, 4], [18, 1, 19, 2], [20, 23, 21, 24], [22, 10, 23, 9], [24, 19, 1, 20], [2, 11, 3, 12], [4, 8, 5, 7], [6, 13, 7, 14], [8, 17, 9, 18], [10, 22, 11, 21], [12, 16, 13, 15], [14, 5, 15, 6]]"
12a_0306_30,"[[14, 5, 15, 6], [16, 3, 17, 4], [18, 1, 19, 2], [20, 23, 21, 24], [22, 10, 23, 9], [24, 19, 1, 20], [2, 11, 3, 12], [4, 8, 5, 7], [6, 13, 7, 14], [8, 17, 9, 18], [10, 22, 11, 21], [12, 16, 13, 15]]"
12a_0306_31,"[[12, 16, 13, 15], [14, 5, 15, 6], [16, 3, 17, 4], [18, 1, 19, 2], [20, 23, 21, 24], [22, 10, 23, 9], [24, 19, 1, 20], [2, 11, 3, 12], [4, 8, 5, 7], [6, 13, 7, 14], [8, 17, 9, 18], [10, 22, 11, 21]]"
12a_0306_32,"[[10, 22, 11, 21], [12, 16, 13, 15], [14, 5, 15, 6], [16, 3, 17, 4], [18, 1, 19, 2], [20, 23, 21, 24], [22, 10, 23, 9], [24, 19, 1, 20], [2, 11, 3, 12], [4, 8, 5, 7], [6, 13, 7, 14], [8, 17, 9, 18]]"
12a_0306_33,"[[8, 17, 9, 18], [10, 22, 11, 21], [12, 16, 13, 15], [14, 5, 15, 6], [16, 3, 17, 4], [18, 1, 19, 2], [20, 23, 21, 24], [22, 10, 23, 9], [24, 19, 1, 20], [2, 11, 3, 12], [4, 8, 5, 7], [6, 13, 7, 14]]"
12a_0306_34,"[[6, 13, 7, 14], [8, 17, 9, 18], [10, 22, 11, 21], [12, 16, 13, 15], [14, 5, 15, 6], [16, 3, 17, 4], [18, 1, 19, 2], [20, 23, 21, 24], [22, 10, 23, 9], [24, 19, 1, 20], [2, 11, 3, 12], [4, 8, 5, 7]]"
12a_0306_35,"[[4, 8, 5, 7], [6, 13, 7, 14], [8, 17, 9, 18], [10, 22, 11, 21], [12, 16, 13, 15], [14, 5, 15, 6], [16, 3, 17, 4], [18, 1, 19, 2], [20, 23, 21, 24], [22, 10, 23, 9], [24, 19, 1, 20], [2, 11, 3, 12]]"
12a_0306_36,"[[3, 12, 4, 13], [5, 9, 6, 8], [7, 14, 8, 15], [9, 18, 10, 19], [11, 23, 12, 22], [13, 17, 14, 16], [15, 6, 16, 7], [17, 4, 18, 5], [19, 2, 20, 3], [21, 24, 22, 1], [23, 11, 24, 10], [1, 20, 2, 21]]"
12a_0306_37,"[[1, 20, 2, 21], [3, 12, 4, 13], [5, 9, 6, 8], [7, 14, 8, 15], [9, 18, 10, 19], [11, 23, 12, 22], [13, 17, 14, 16], [15, 6, 16, 7], [17, 4, 18, 5], [19, 2, 20, 3], [21, 24, 22, 1], [23, 11, 24, 10]]"
12a_0306_38,"[[23, 11, 24, 10], [1, 20, 2, 21], [3, 12, 4, 13], [5, 9, 6, 8], [7, 14, 8, 15], [9, 18, 10, 19], [11, 23, 12, 22], [13, 17, 14, 16], [15, 6, 16, 7], [17, 4, 18, 5], [19, 2, 20, 3], [21, 24, 22, 1]]"
12a_0306_39,"[[21, 24, 22, 1], [23, 11, 24, 10], [1, 20, 2, 21], [3, 12, 4, 13], [5, 9, 6, 8], [7, 14, 8, 15], [9, 18, 10, 19], [11, 23, 12, 22], [13, 17, 14, 16], [15, 6, 16, 7], [17, 4, 18, 5], [19, 2, 20, 3]]"
12a_0306_40,"[[19, 2, 20, 3], [21, 24, 22, 1], [23, 11, 24, 10], [1, 20, 2, 21], [3, 12, 4, 13], [5, 9, 6, 8], [7, 14, 8, 15], [9, 18, 10, 19], [11, 23, 12, 22], [13, 17, 14, 16], [15, 6, 16, 7], [17, 4, 18, 5]]"
12a_0306_41,"[[17, 4, 18, 5], [19, 2, 20, 3], [21, 24, 22, 1], [23, 11, 24, 10], [1, 20, 2, 21], [3, 12, 4, 13], [5, 9, 6, 8], [7, 14, 8, 15], [9, 18, 10, 19], [11, 23, 12, 22], [13, 17, 14, 16], [15, 6, 16, 7]]"
12a_0306_42,"[[15, 6, 16, 7], [17, 4, 18, 5], [19, 2, 20, 3], [21, 24, 22, 1], [23, 11, 24, 10], [1, 20, 2, 21], [3, 12, 4, 13], [5, 9, 6, 8], [7, 14, 8, 15], [9, 18, 10, 19], [11, 23, 12, 22], [13, 17, 14, 16]]"
12a_0306_43,"[[13, 17, 14, 16], [15, 6, 16, 7], [17, 4, 18, 5], [19, 2, 20, 3], [21, 24, 22, 1], [23, 11, 24, 10], [1, 20, 2, 21], [3, 12, 4, 13], [5, 9, 6, 8], [7, 14, 8, 15], [9, 18, 10, 19], [11, 23, 12, 22]]"
12a_0306_44,"[[11, 23, 12, 22], [13, 17, 14, 16], [15, 6, 16, 7], [17, 4, 18, 5], [19, 2, 20, 3], [21, 24, 22, 1], [23, 11, 24, 10], [1, 20, 2, 21], [3, 12, 4, 13], [5, 9, 6, 8], [7, 14, 8, 15], [9, 18, 10, 19]]"
12a_0306_45,"[[9, 18, 10, 19], [11, 23, 12, 22], [13, 17, 14, 16], [15, 6, 16, 7], [17, 4, 18, 5], [19, 2, 20, 3], [21, 24, 22, 1], [23, 11, 24, 10], [1, 20, 2, 21], [3, 12, 4, 13], [5, 9, 6, 8], [7, 14, 8, 15]]"
12a_0306_46,"[[7, 14, 8, 15], [9, 18, 10, 19], [11, 23, 12, 22], [13, 17, 14, 16], [15, 6, 16, 7], [17, 4, 18, 5], [19, 2, 20, 3], [21, 24, 22, 1], [23, 11, 24, 10], [1, 20, 2, 21], [3, 12, 4, 13], [5, 9, 6, 8]]"
12a_0306_47,"[[5, 9, 6, 8], [7, 14, 8, 15], [9, 18, 10, 19], [11, 23, 12, 22], [13, 17, 14, 16], [15, 6, 16, 7], [17, 4, 18, 5], [19, 2, 20, 3], [21, 24, 22, 1], [23, 11, 24, 10], [1, 20, 2, 21], [3, 12, 4, 13]]"
12a_0306_48,"[[4, 13, 5, 14], [6, 10, 7, 9], [8, 15, 9, 16], [10, 19, 11, 20], [12, 24, 13, 23], [14, 18, 15, 17], [16, 7, 17, 8], [18, 5, 19, 6], [20, 3, 21, 4], [22, 1, 23, 2], [24, 12, 1, 11], [2, 21, 3, 22]]"
12a_0306_49,"[[2, 21, 3, 22], [4, 13, 5, 14], [6, 10, 7, 9], [8, 15, 9, 16], [10, 19, 11, 20], [12, 24, 13, 23], [14, 18, 15, 17], [16, 7, 17, 8], [18, 5, 19, 6], [20, 3, 21, 4], [22, 1, 23, 2], [24, 12, 1, 11]]"
12a_0306_50,"[[24, 12, 1, 11], [2, 21, 3, 22], [4, 13, 5, 14], [6, 10, 7, 9], [8, 15, 9, 16], [10, 19, 11, 20], [12, 24, 13, 23], [14, 18, 15, 17], [16, 7, 17, 8], [18, 5, 19, 6], [20, 3, 21, 4], [22, 1, 23, 2]]"
12a_0306_51,"[[22, 1, 23, 2], [24, 12, 1, 11], [2, 21, 3, 22], [4, 13, 5, 14], [6, 10, 7, 9], [8, 15, 9, 16], [10, 19, 11, 20], [12, 24, 13, 23], [14, 18, 15, 17], [16, 7, 17, 8], [18, 5, 19, 6], [20, 3, 21, 4]]"
12a_0306_52,"[[20, 3, 21, 4], [22, 1, 23, 2], [24, 12, 1, 11], [2, 21, 3, 22], [4, 13, 5, 14], [6, 10, 7, 9], [8, 15, 9, 16], [10, 19, 11, 20], [12, 24, 13, 23], [14, 18, 15, 17], [16, 7, 17, 8], [18, 5, 19, 6]]"
12a_0306_53,"[[18, 5, 19, 6], [20, 3, 21, 4], [22, 1, 23, 2], [24, 12, 1, 11], [2, 21, 3, 22], [4, 13, 5, 14], [6, 10, 7, 9], [8, 15, 9, 16], [10, 19, 11, 20], [12, 24, 13, 23], [14, 18, 15, 17], [16, 7, 17, 8]]"
12a_0306_54,"[[16, 7, 17, 8], [18, 5, 19, 6], [20, 3, 21, 4], [22, 1, 23, 2], [24, 12, 1, 11], [2, 21, 3, 22], [4, 13, 5, 14], [6, 10, 7, 9], [8, 15, 9, 16], [10, 19, 11, 20], [12, 24, 13, 23], [14, 18, 15, 17]]"
12a_0306_55,"[[14, 18, 15, 17], [16, 7, 17, 8], [18, 5, 19, 6], [20, 3, 21, 4], [22, 1, 23, 2], [24, 12, 1, 11], [2, 21, 3, 22], [4, 13, 5, 14], [6, 10, 7, 9], [8, 15, 9, 16], [10, 19, 11, 20], [12, 24, 13, 23]]"
12a_0306_56,"[[12, 24, 13, 23], [14, 18, 15, 17], [16, 7, 17, 8], [18, 5, 19, 6], [20, 3, 21, 4], [22, 1, 23, 2], [24, 12, 1, 11], [2, 21, 3, 22], [4, 13, 5, 14], [6, 10, 7, 9], [8, 15, 9, 16], [10, 19, 11, 20]]"
12a_0306_57,"[[10, 19, 11, 20], [12, 24, 13, 23], [14, 18, 15, 17], [16, 7, 17, 8], [18, 5, 19, 6], [20, 3, 21, 4], [22, 1, 23, 2], [24, 12, 1, 11], [2, 21, 3, 22], [4, 13, 5, 14], [6, 10, 7, 9], [8, 15, 9, 16]]"
12a_0306_58,"[[8, 15, 9, 16], [10, 19, 11, 20], [12, 24, 13, 23], [14, 18, 15, 17], [16, 7, 17, 8], [18, 5, 19, 6], [20, 3, 21, 4], [22, 1, 23, 2], [24, 12, 1, 11], [2, 21, 3, 22], [4, 13, 5, 14], [6, 10, 7, 9]]"
12a_0306_59,"[[6, 10, 7, 9], [8, 15, 9, 16], [10, 19, 11, 20], [12, 24, 13, 23], [14, 18, 15, 17], [16, 7, 17, 8], [18, 5, 19, 6], [20, 3, 21, 4], [22, 1, 23, 2], [24, 12, 1, 11], [2, 21, 3, 22], [4, 13, 5, 14]]"
12a_0306_60,"[[5, 14, 6, 15], [7, 11, 8, 10], [9, 16, 10, 17], [11, 20, 12, 21], [13, 1, 14, 24], [15, 19, 16, 18], [17, 8, 18, 9], [19, 6, 20, 7], [21, 4, 22, 5], [23, 2, 24, 3], [1, 13, 2, 12], [3, 22, 4, 23]]"
12a_0306_61,"[[3, 22, 4, 23], [5, 14, 6, 15], [7, 11, 8, 10], [9, 16, 10, 17], [11, 20, 12, 21], [13, 1, 14, 24], [15, 19, 16, 18], [17, 8, 18, 9], [19, 6, 20, 7], [21, 4, 22, 5], [23, 2, 24, 3], [1, 13, 2, 12]]"
12a_0306_62,"[[1, 13, 2, 12], [3, 22, 4, 23], [5, 14, 6, 15], [7, 11, 8, 10], [9, 16, 10, 17], [11, 20, 12, 21], [13, 1, 14, 24], [15, 19, 16, 18], [17, 8, 18, 9], [19, 6, 20, 7], [21, 4, 22, 5], [23, 2, 24, 3]]"
12a_0306_63,"[[23, 2, 24, 3], [1, 13, 2, 12], [3, 22, 4, 23], [5, 14, 6, 15], [7, 11, 8, 10], [9, 16, 10, 17], [11, 20, 12, 21], [13, 1, 14, 24], [15, 19, 16, 18], [17, 8, 18, 9], [19, 6, 20, 7], [21, 4, 22, 5]]"
12a_0306_64,"[[21, 4, 22, 5], [23, 2, 24, 3], [1, 13, 2, 12], [3, 22, 4, 23], [5, 14, 6, 15], [7, 11, 8, 10], [9, 16, 10, 17], [11, 20, 12, 21], [13, 1, 14, 24], [15, 19, 16, 18], [17, 8, 18, 9], [19, 6, 20, 7]]"
12a_0306_65,"[[19, 6, 20, 7], [21, 4, 22, 5], [23, 2, 24, 3], [1, 13, 2, 12], [3, 22, 4, 23], [5, 14, 6, 15], [7, 11, 8, 10], [9, 16, 10, 17], [11, 20, 12, 21], [13, 1, 14, 24], [15, 19, 16, 18], [17, 8, 18, 9]]"
12a_0306_66,"[[17, 8, 18, 9], [19, 6, 20, 7], [21, 4, 22, 5], [23, 2, 24, 3], [1, 13, 2, 12], [3, 22, 4, 23], [5, 14, 6, 15], [7, 11, 8, 10], [9, 16, 10, 17], [11, 20, 12, 21], [13, 1, 14, 24], [15, 19, 16, 18]]"
12a_0306_67,"[[15, 19, 16, 18], [17, 8, 18, 9], [19, 6, 20, 7], [21, 4, 22, 5], [23, 2, 24, 3], [1, 13, 2, 12], [3, 22, 4, 23], [5, 14, 6, 15], [7, 11, 8, 10], [9, 16, 10, 17], [11, 20, 12, 21], [13, 1, 14, 24]]"
12a_0306_68,"[[13, 1, 14, 24], [15, 19, 16, 18], [17, 8, 18, 9], [19, 6, 20, 7], [21, 4, 22, 5], [23, 2, 24, 3], [1, 13, 2, 12], [3, 22, 4, 23], [5, 14, 6, 15], [7, 11, 8, 10], [9, 16, 10, 17], [11, 20, 12, 21]]"
12a_0306_69,"[[11, 20, 12, 21], [13, 1, 14, 24], [15, 19, 16, 18], [17, 8, 18, 9], [19, 6, 20, 7], [21, 4, 22, 5], [23, 2, 24, 3], [1, 13, 2, 12], [3, 22, 4, 23], [5, 14, 6, 15], [7, 11, 8, 10], [9, 16, 10, 17]]"
12a_0306_70,"[[9, 16, 10, 17], [11, 20, 12, 21], [13, 1, 14, 24], [15, 19, 16, 18], [17, 8, 18, 9], [19, 6, 20, 7], [21, 4, 22, 5], [23, 2, 24, 3], [1, 13, 2, 12], [3, 22, 4, 23], [5, 14, 6, 15], [7, 11, 8, 10]]"
12a_0306_71,"[[7, 11, 8, 10], [9, 16, 10, 17], [11, 20, 12, 21], [13, 1, 14, 24], [15, 19, 16, 18], [17, 8, 18, 9], [19, 6, 20, 7], [21, 4, 22, 5], [23, 2, 24, 3], [1, 13, 2, 12], [3, 22, 4, 23], [5, 14, 6, 15]]"
12a_0306_72,"[[6, 15, 7, 16], [8, 12, 9, 11], [10, 17, 11, 18], [12, 21, 13, 22], [14, 2, 15, 1], [16, 20, 17, 19], [18, 9, 19, 10], [20, 7, 21, 8], [22, 5, 23, 6], [24, 3, 1, 4], [2, 14, 3, 13], [4, 23, 5, 24]]"
12a_0306_73,"[[4, 23, 5, 24], [6, 15, 7, 16], [8, 12, 9, 11], [10, 17, 11, 18], [12, 21, 13, 22], [14, 2, 15, 1], [16, 20, 17, 19], [18, 9, 19, 10], [20, 7, 21, 8], [22, 5, 23, 6], [24, 3, 1, 4], [2, 14, 3, 13]]"
12a_0306_74,"[[2, 14, 3, 13], [4, 23, 5, 24], [6, 15, 7, 16], [8, 12, 9, 11], [10, 17, 11, 18], [12, 21, 13, 22], [14, 2, 15, 1], [16, 20, 17, 19], [18, 9, 19, 10], [20, 7, 21, 8], [22, 5, 23, 6], [24, 3, 1, 4]]"
12a_0306_75,"[[24, 3, 1, 4], [2, 14, 3, 13], [4, 23, 5, 24], [6, 15, 7, 16], [8, 12, 9, 11], [10, 17, 11, 18], [12, 21, 13, 22], [14, 2, 15, 1], [16, 20, 17, 19], [18, 9, 19, 10], [20, 7, 21, 8], [22, 5, 23, 6]]"
12a_0306_76,"[[22, 5, 23, 6], [24, 3, 1, 4], [2, 14, 3, 13], [4, 23, 5, 24], [6, 15, 7, 16], [8, 12, 9, 11], [10, 17, 11, 18], [12, 21, 13, 22], [14, 2, 15, 1], [16, 20, 17, 19], [18, 9, 19, 10], [20, 7, 21, 8]]"
12a_0306_77,"[[20, 7, 21, 8], [22, 5, 23, 6], [24, 3, 1, 4], [2, 14, 3, 13], [4, 23, 5, 24], [6, 15, 7, 16], [8, 12, 9, 11], [10, 17, 11, 18], [12, 21, 13, 22], [14, 2, 15, 1], [16, 20, 17, 19], [18, 9, 19, 10]]"
12a_0306_78,"[[18, 9, 19, 10], [20, 7, 21, 8], [22, 5, 23, 6], [24, 3, 1, 4], [2, 14, 3, 13], [4, 23, 5, 24], [6, 15, 7, 16], [8, 12, 9, 11], [10, 17, 11, 18], [12, 21, 13, 22], [14, 2, 15, 1], [16, 20, 17, 19]]"
12a_0306_79,"[[16, 20, 17, 19], [18, 9, 19, 10], [20, 7, 21, 8], [22, 5, 23, 6], [24, 3, 1, 4], [2, 14, 3, 13], [4, 23, 5, 24], [6, 15, 7, 16], [8, 12, 9, 11], [10, 17, 11, 18], [12, 21, 13, 22], [14, 2, 15, 1]]"
12a_0306_80,"[[14, 2, 15, 1], [16, 20, 17, 19], [18, 9, 19, 10], [20, 7, 21, 8], [22, 5, 23, 6], [24, 3, 1, 4], [2, 14, 3, 13], [4, 23, 5, 24], [6, 15, 7, 16], [8, 12, 9, 11], [10, 17, 11, 18], [12, 21, 13, 22]]"
12a_0306_81,"[[12, 21, 13, 22], [14, 2, 15, 1], [16, 20, 17, 19], [18, 9, 19, 10], [20, 7, 21, 8], [22, 5, 23, 6], [24, 3, 1, 4], [2, 14, 3, 13], [4, 23, 5, 24], [6, 15, 7, 16], [8, 12, 9, 11], [10, 17, 11, 18]]"
12a_0306_82,"[[10, 17, 11, 18], [12, 21, 13, 22], [14, 2, 15, 1], [16, 20, 17, 19], [18, 9, 19, 10], [20, 7, 21, 8], [22, 5, 23, 6], [24, 3, 1, 4], [2, 14, 3, 13], [4, 23, 5, 24], [6, 15, 7, 16], [8, 12, 9, 11]]"
12a_0306_83,"[[8, 12, 9, 11], [10, 17, 11, 18], [12, 21, 13, 22], [14, 2, 15, 1], [16, 20, 17, 19], [18, 9, 19, 10], [20, 7, 21, 8], [22, 5, 23, 6], [24, 3, 1, 4], [2, 14, 3, 13], [4, 23, 5, 24], [6, 15, 7, 16]]"
12a_0306_84,"[[7, 16, 8, 17], [9, 13, 10, 12], [11, 18, 12, 19], [13, 22, 14, 23], [15, 3, 16, 2], [17, 21, 18, 20], [19, 10, 20, 11], [21, 8, 22, 9], [23, 6, 24, 7], [1, 4, 2, 5], [3, 15, 4, 14], [5, 24, 6, 1]]"
12a_0306_85,"[[5, 24, 6, 1], [7, 16, 8, 17], [9, 13, 10, 12], [11, 18, 12, 19], [13, 22, 14, 23], [15, 3, 16, 2], [17, 21, 18, 20], [19, 10, 20, 11], [21, 8, 22, 9], [23, 6, 24, 7], [1, 4, 2, 5], [3, 15, 4, 14]]"
12a_0306_86,"[[3, 15, 4, 14], [5, 24, 6, 1], [7, 16, 8, 17], [9, 13, 10, 12], [11, 18, 12, 19], [13, 22, 14, 23], [15, 3, 16, 2], [17, 21, 18, 20], [19, 10, 20, 11], [21, 8, 22, 9], [23, 6, 24, 7], [1, 4, 2, 5]]"
12a_0306_87,"[[1, 4, 2, 5], [3, 15, 4, 14], [5, 24, 6, 1], [7, 16, 8, 17], [9, 13, 10, 12], [11, 18, 12, 19], [13, 22, 14, 23], [15, 3, 16, 2], [17, 21, 18, 20], [19, 10, 20, 11], [21, 8, 22, 9], [23, 6, 24, 7]]"
12a_0306_88,"[[23, 6, 24, 7], [1, 4, 2, 5], [3, 15, 4, 14], [5, 24, 6, 1], [7, 16, 8, 17], [9, 13, 10, 12], [11, 18, 12, 19], [13, 22, 14, 23], [15, 3, 16, 2], [17, 21, 18, 20], [19, 10, 20, 11], [21, 8, 22, 9]]"
12a_0306_89,"[[21, 8, 22, 9], [23, 6, 24, 7], [1, 4, 2, 5], [3, 15, 4, 14], [5, 24, 6, 1], [7, 16, 8, 17], [9, 13, 10, 12], [11, 18, 12, 19], [13, 22, 14, 23], [15, 3, 16, 2], [17, 21, 18, 20], [19, 10, 20, 11]]"
12a_0306_90,"[[19, 10, 20, 11], [21, 8, 22, 9], [23, 6, 24, 7], [1, 4, 2, 5], [3, 15, 4, 14], [5, 24, 6, 1], [7, 16, 8, 17], [9, 13, 10, 12], [11, 18, 12, 19], [13, 22, 14, 23], [15, 3, 16, 2], [17, 21, 18, 20]]"
12a_0306_91,"[[17, 21, 18, 20], [19, 10, 20, 11], [21, 8, 22, 9], [23, 6, 24, 7], [1, 4, 2, 5], [3, 15, 4, 14], [5, 24, 6, 1], [7, 16, 8, 17], [9, 13, 10, 12], [11, 18, 12, 19], [13, 22, 14, 23], [15, 3, 16, 2]]"
12a_0306_92,"[[15, 3, 16, 2], [17, 21, 18, 20], [19, 10, 20, 11], [21, 8, 22, 9], [23, 6, 24, 7], [1, 4, 2, 5], [3, 15, 4, 14], [5, 24, 6, 1], [7, 16, 8, 17], [9, 13, 10, 12], [11, 18, 12, 19], [13, 22, 14, 23]]"
12a_0306_93,"[[13, 22, 14, 23], [15, 3, 16, 2], [17, 21, 18, 20], [19, 10, 20, 11], [21, 8, 22, 9], [23, 6, 24, 7], [1, 4, 2, 5], [3, 15, 4, 14], [5, 24, 6, 1], [7, 16, 8, 17], [9, 13, 10, 12], [11, 18, 12, 19]]"
12a_0306_94,"[[11, 18, 12, 19], [13, 22, 14, 23], [15, 3, 16, 2], [17, 21, 18, 20], [19, 10, 20, 11], [21, 8, 22, 9], [23, 6, 24, 7], [1, 4, 2, 5], [3, 15, 4, 14], [5, 24, 6, 1], [7, 16, 8, 17], [9, 13, 10, 12]]"
12a_0306_95,"[[9, 13, 10, 12], [11, 18, 12, 19], [13, 22, 14, 23], [15, 3, 16, 2], [17, 21, 18, 20], [19, 10, 20, 11], [21, 8, 22, 9], [23, 6, 24, 7], [1, 4, 2, 5], [3, 15, 4, 14], [5, 24, 6, 1], [7, 16, 8, 17]]"
12a_0306_96,"[[8, 17, 9, 18], [10, 14, 11, 13], [12, 19, 13, 20], [14, 23, 15, 24], [16, 4, 17, 3], [18, 22, 19, 21], [20, 11, 21, 12], [22, 9, 23, 10], [24, 7, 1, 8], [2, 5, 3, 6], [4, 16, 5, 15], [6, 1, 7, 2]]"
12a_0306_97,"[[6, 1, 7, 2], [8, 17, 9, 18], [10, 14, 11, 13], [12, 19, 13, 20], [14, 23, 15, 24], [16, 4, 17, 3], [18, 22, 19, 21], [20, 11, 21, 12], [22, 9, 23, 10], [24, 7, 1, 8], [2, 5, 3, 6], [4, 16, 5, 15]]"
12a_0306_98,"[[4, 16, 5, 15], [6, 1, 7, 2], [8, 17, 9, 18], [10, 14, 11, 13], [12, 19, 13, 20], [14, 23, 15, 24], [16, 4, 17, 3], [18, 22, 19, 21], [20, 11, 21, 12], [22, 9, 23, 10], [24, 7, 1, 8], [2, 5, 3, 6]]"
12a_0306_99,"[[2, 5, 3, 6], [4, 16, 5, 15], [6, 1, 7, 2], [8, 17, 9, 18], [10, 14, 11, 13], [12, 19, 13, 20], [14, 23, 15, 24], [16, 4, 17, 3], [18, 22, 19, 21], [20, 11, 21, 12], [22, 9, 23, 10], [24, 7, 1, 8]]"
12a_0306_100,"[[24, 7, 1, 8], [2, 5, 3, 6], [4, 16, 5, 15], [6, 1, 7, 2], [8, 17, 9, 18], [10, 14, 11, 13], [12, 19, 13, 20], [14, 23, 15, 24], [16, 4, 17, 3], [18, 22, 19, 21], [20, 11, 21, 12], [22, 9, 23, 10]]"
12a_0306_101,"[[22, 9, 23, 10], [24, 7, 1, 8], [2, 5, 3, 6], [4, 16, 5, 15], [6, 1, 7, 2], [8, 17, 9, 18], [10, 14, 11, 13], [12, 19, 13, 20], [14, 23, 15, 24], [16, 4, 17, 3], [18, 22, 19, 21], [20, 11, 21, 12]]"
12a_0306_102,"[[20, 11, 21, 12], [22, 9, 23, 10], [24, 7, 1, 8], [2, 5, 3, 6], [4, 16, 5, 15], [6, 1, 7, 2], [8, 17, 9, 18], [10, 14, 11, 13], [12, 19, 13, 20], [14, 23, 15, 24], [16, 4, 17, 3], [18, 22, 19, 21]]"
12a_0306_103,"[[18, 22, 19, 21], [20, 11, 21, 12], [22, 9, 23, 10], [24, 7, 1, 8], [2, 5, 3, 6], [4, 16, 5, 15], [6, 1, 7, 2], [8, 17, 9, 18], [10, 14, 11, 13], [12, 19, 13, 20], [14, 23, 15, 24], [16, 4, 17, 3]]"
12a_0306_104,"[[16, 4, 17, 3], [18, 22, 19, 21], [20, 11, 21, 12], [22, 9, 23, 10], [24, 7, 1, 8], [2, 5, 3, 6], [4, 16, 5, 15], [6, 1, 7, 2], [8, 17, 9, 18], [10, 14, 11, 13], [12, 19, 13, 20], [14, 23, 15, 24]]"
12a_0306_105,"[[14, 23, 15, 24], [16, 4, 17, 3], [18, 22, 19, 21], [20, 11, 21, 12], [22, 9, 23, 10], [24, 7, 1, 8], [2, 5, 3, 6], [4, 16, 5, 15], [6, 1, 7, 2], [8, 17, 9, 18], [10, 14, 11, 13], [12, 19, 13, 20]]"
12a_0306_106,"[[12, 19, 13, 20], [14, 23, 15, 24], [16, 4, 17, 3], [18, 22, 19, 21], [20, 11, 21, 12], [22, 9, 23, 10], [24, 7, 1, 8], [2, 5, 3, 6], [4, 16, 5, 15], [6, 1, 7, 2], [8, 17, 9, 18], [10, 14, 11, 13]]"
12a_0306_107,"[[10, 14, 11, 13], [12, 19, 13, 20], [14, 23, 15, 24], [16, 4, 17, 3], [18, 22, 19, 21], [20, 11, 21, 12], [22, 9, 23, 10], [24, 7, 1, 8], [2, 5, 3, 6], [4, 16, 5, 15], [6, 1, 7, 2], [8, 17, 9, 18]]"
12a_0306_108,"[[9, 18, 10, 19], [11, 15, 12, 14], [13, 20, 14, 21], [15, 24, 16, 1], [17, 5, 18, 4], [19, 23, 20, 22], [21, 12, 22, 13], [23, 10, 24, 11], [1, 8, 2, 9], [3, 6, 4, 7], [5, 17, 6, 16], [7, 2, 8, 3]]"
12a_0306_109,"[[7, 2, 8, 3], [9, 18, 10, 19], [11, 15, 12, 14], [13, 20, 14, 21], [15, 24, 16, 1], [17, 5, 18, 4], [19, 23, 20, 22], [21, 12, 22, 13], [23, 10, 24, 11], [1, 8, 2, 9], [3, 6, 4, 7], [5, 17, 6, 16]]"
12a_0306_110,"[[5, 17, 6, 16], [7, 2, 8, 3], [9, 18, 10, 19], [11, 15, 12, 14], [13, 20, 14, 21], [15, 24, 16, 1], [17, 5, 18, 4], [19, 23, 20, 22], [21, 12, 22, 13], [23, 10, 24, 11], [1, 8, 2, 9], [3, 6, 4, 7]]"
12a_0306_111,"[[3, 6, 4, 7], [5, 17, 6, 16], [7, 2, 8, 3], [9, 18, 10, 19], [11, 15, 12, 14], [13, 20, 14, 21], [15, 24, 16, 1], [17, 5, 18, 4], [19, 23, 20, 22], [21, 12, 22, 13], [23, 10, 24, 11], [1, 8, 2, 9]]"
12a_0306_112,"[[1, 8, 2, 9], [3, 6, 4, 7], [5, 17, 6, 16], [7, 2, 8, 3], [9, 18, 10, 19], [11, 15, 12, 14], [13, 20, 14, 21], [15, 24, 16, 1], [17, 5, 18, 4], [19, 23, 20, 22], [21, 12, 22, 13], [23, 10, 24, 11]]"
12a_0306_113,"[[23, 10, 24, 11], [1, 8, 2, 9], [3, 6, 4, 7], [5, 17, 6, 16], [7, 2, 8, 3], [9, 18, 10, 19], [11, 15, 12, 14], [13, 20, 14, 21], [15, 24, 16, 1], [17, 5, 18, 4], [19, 23, 20, 22], [21, 12, 22, 13]]"
12a_0306_114,"[[21, 12, 22, 13], [23, 10, 24, 11], [1, 8, 2, 9], [3, 6, 4, 7], [5, 17, 6, 16], [7, 2, 8, 3], [9, 18, 10, 19], [11, 15, 12, 14], [13, 20, 14, 21], [15, 24, 16, 1], [17, 5, 18, 4], [19, 23, 20, 22]]"
12a_0306_115,"[[19, 23, 20, 22], [21, 12, 22, 13], [23, 10, 24, 11], [1, 8, 2, 9], [3, 6, 4, 7], [5, 17, 6, 16], [7, 2, 8, 3], [9, 18, 10, 19], [11, 15, 12, 14], [13, 20, 14, 21], [15, 24, 16, 1], [17, 5, 18, 4]]"
12a_0306_116,"[[17, 5, 18, 4], [19, 23, 20, 22], [21, 12, 22, 13], [23, 10, 24, 11], [1, 8, 2, 9], [3, 6, 4, 7], [5, 17, 6, 16], [7, 2, 8, 3], [9, 18, 10, 19], [11, 15, 12, 14], [13, 20, 14, 21], [15, 24, 16, 1]]"
12a_0306_117,"[[15, 24, 16, 1], [17, 5, 18, 4], [19, 23, 20, 22], [21, 12, 22, 13], [23, 10, 24, 11], [1, 8, 2, 9], [3, 6, 4, 7], [5, 17, 6, 16], [7, 2, 8, 3], [9, 18, 10, 19], [11, 15, 12, 14], [13, 20, 14, 21]]"
12a_0306_118,"[[13, 20, 14, 21], [15, 24, 16, 1], [17, 5, 18, 4], [19, 23, 20, 22], [21, 12, 22, 13], [23, 10, 24, 11], [1, 8, 2, 9], [3, 6, 4, 7], [5, 17, 6, 16], [7, 2, 8, 3], [9, 18, 10, 19], [11, 15, 12, 14]]"
12a_0306_119,"[[11, 15, 12, 14], [13, 20, 14, 21], [15, 24, 16, 1], [17, 5, 18, 4], [19, 23, 20, 22], [21, 12, 22, 13], [23, 10, 24, 11], [1, 8, 2, 9], [3, 6, 4, 7], [5, 17, 6, 16], [7, 2, 8, 3], [9, 18, 10, 19]]"
12a_0306_120,"[[10, 19, 11, 20], [12, 16, 13, 15], [14, 21, 15, 22], [16, 1, 17, 2], [18, 6, 19, 5], [20, 24, 21, 23], [22, 13, 23, 14], [24, 11, 1, 12], [2, 9, 3, 10], [4, 7, 5, 8], [6, 18, 7, 17], [8, 3, 9, 4]]"
12a_0306_121,"[[8, 3, 9, 4], [10, 19, 11, 20], [12, 16, 13, 15], [14, 21, 15, 22], [16, 1, 17, 2], [18, 6, 19, 5], [20, 24, 21, 23], [22, 13, 23, 14], [24, 11, 1, 12], [2, 9, 3, 10], [4, 7, 5, 8], [6, 18, 7, 17]]"
12a_0306_122,"[[6, 18, 7, 17], [8, 3, 9, 4], [10, 19, 11, 20], [12, 16, 13, 15], [14, 21, 15, 22], [16, 1, 17, 2], [18, 6, 19, 5], [20, 24, 21, 23], [22, 13, 23, 14], [24, 11, 1, 12], [2, 9, 3, 10], [4, 7, 5, 8]]"
12a_0306_123,"[[4, 7, 5, 8], [6, 18, 7, 17], [8, 3, 9, 4], [10, 19, 11, 20], [12, 16, 13, 15], [14, 21, 15, 22], [16, 1, 17, 2], [18, 6, 19, 5], [20, 24, 21, 23], [22, 13, 23, 14], [24, 11, 1, 12], [2, 9, 3, 10]]"
12a_0306_124,"[[2, 9, 3, 10], [4, 7, 5, 8], [6, 18, 7, 17], [8, 3, 9, 4], [10, 19, 11, 20], [12, 16, 13, 15], [14, 21, 15, 22], [16, 1, 17, 2], [18, 6, 19, 5], [20, 24, 21, 23], [22, 13, 23, 14], [24, 11, 1, 12]]"
12a_0306_125,"[[24, 11, 1, 12], [2, 9, 3, 10], [4, 7, 5, 8], [6, 18, 7, 17], [8, 3, 9, 4], [10, 19, 11, 20], [12, 16, 13, 15], [14, 21, 15, 22], [16, 1, 17, 2], [18, 6, 19, 5], [20, 24, 21, 23], [22, 13, 23, 14]]"
12a_0306_126,"[[22, 13, 23, 14], [24, 11, 1, 12], [2, 9, 3, 10], [4, 7, 5, 8], [6, 18, 7, 17], [8, 3, 9, 4], [10, 19, 11, 20], [12, 16, 13, 15], [14, 21, 15, 22], [16, 1, 17, 2], [18, 6, 19, 5], [20, 24, 21, 23]]"
12a_0306_127,"[[20, 24, 21, 23], [22, 13, 23, 14], [24, 11, 1, 12], [2, 9, 3, 10], [4, 7, 5, 8], [6, 18, 7, 17], [8, 3, 9, 4], [10, 19, 11, 20], [12, 16, 13, 15], [14, 21, 15, 22], [16, 1, 17, 2], [18, 6, 19, 5]]"
12a_0306_128,"[[18, 6, 19, 5], [20, 24, 21, 23], [22, 13, 23, 14], [24, 11, 1, 12], [2, 9, 3, 10], [4, 7, 5, 8], [6, 18, 7, 17], [8, 3, 9, 4], [10, 19, 11, 20], [12, 16, 13, 15], [14, 21, 15, 22], [16, 1, 17, 2]]"
12a_0306_129,"[[16, 1, 17, 2], [18, 6, 19, 5], [20, 24, 21, 23], [22, 13, 23, 14], [24, 11, 1, 12], [2, 9, 3, 10], [4, 7, 5, 8], [6, 18, 7, 17], [8, 3, 9, 4], [10, 19, 11, 20], [12, 16, 13, 15], [14, 21, 15, 22]]"
12a_0306_130,"[[14, 21, 15, 22], [16, 1, 17, 2], [18, 6, 19, 5], [20, 24, 21, 23], [22, 13, 23, 14], [24, 11, 1, 12], [2, 9, 3, 10], [4, 7, 5, 8], [6, 18, 7, 17], [8, 3, 9, 4], [10, 19, 11, 20], [12, 16, 13, 15]]"
12a_0306_131,"[[12, 16, 13, 15], [14, 21, 15, 22], [16, 1, 17, 2], [18, 6, 19, 5], [20, 24, 21, 23], [22, 13, 23, 14], [24, 11, 1, 12], [2, 9, 3, 10], [4, 7, 5, 8], [6, 18, 7, 17], [8, 3, 9, 4], [10, 19, 11, 20]]"
12a_0306_132,"[[11, 20, 12, 21], [13, 17, 14, 16], [15, 22, 16, 23], [17, 2, 18, 3], [19, 7, 20, 6], [21, 1, 22, 24], [23, 14, 24, 15], [1, 12, 2, 13], [3, 10, 4, 11], [5, 8, 6, 9], [7, 19, 8, 18], [9, 4, 10, 5]]"
12a_0306_133,"[[9, 4, 10, 5], [11, 20, 12, 21], [13, 17, 14, 16], [15, 22, 16, 23], [17, 2, 18, 3], [19, 7, 20, 6], [21, 1, 22, 24], [23, 14, 24, 15], [1, 12, 2, 13], [3, 10, 4, 11], [5, 8, 6, 9], [7, 19, 8, 18]]"
12a_0306_134,"[[7, 19, 8, 18], [9, 4, 10, 5], [11, 20, 12, 21], [13, 17, 14, 16], [15, 22, 16, 23], [17, 2, 18, 3], [19, 7, 20, 6], [21, 1, 22, 24], [23, 14, 24, 15], [1, 12, 2, 13], [3, 10, 4, 11], [5, 8, 6, 9]]"
12a_0306_135,"[[5, 8, 6, 9], [7, 19, 8, 18], [9, 4, 10, 5], [11, 20, 12, 21], [13, 17, 14, 16], [15, 22, 16, 23], [17, 2, 18, 3], [19, 7, 20, 6], [21, 1, 22, 24], [23, 14, 24, 15], [1, 12, 2, 13], [3, 10, 4, 11]]"
12a_0306_136,"[[3, 10, 4, 11], [5, 8, 6, 9], [7, 19, 8, 18], [9, 4, 10, 5], [11, 20, 12, 21], [13, 17, 14, 16], [15, 22, 16, 23], [17, 2, 18, 3], [19, 7, 20, 6], [21, 1, 22, 24], [23, 14, 24, 15], [1, 12, 2, 13]]"
12a_0306_137,"[[1, 12, 2, 13], [3, 10, 4, 11], [5, 8, 6, 9], [7, 19, 8, 18], [9, 4, 10, 5], [11, 20, 12, 21], [13, 17, 14, 16], [15, 22, 16, 23], [17, 2, 18, 3], [19, 7, 20, 6], [21, 1, 22, 24], [23, 14, 24, 15]]"
12a_0306_138,"[[23, 14, 24, 15], [1, 12, 2, 13], [3, 10, 4, 11], [5, 8, 6, 9], [7, 19, 8, 18], [9, 4, 10, 5], [11, 20, 12, 21], [13, 17, 14, 16], [15, 22, 16, 23], [17, 2, 18, 3], [19, 7, 20, 6], [21, 1, 22, 24]]"
12a_0306_139,"[[21, 1, 22, 24], [23, 14, 24, 15], [1, 12, 2, 13], [3, 10, 4, 11], [5, 8, 6, 9], [7, 19, 8, 18], [9, 4, 10, 5], [11, 20, 12, 21], [13, 17, 14, 16], [15, 22, 16, 23], [17, 2, 18, 3], [19, 7, 20, 6]]"
12a_0306_140,"[[19, 7, 20, 6], [21, 1, 22, 24], [23, 14, 24, 15], [1, 12, 2, 13], [3, 10, 4, 11], [5, 8, 6, 9], [7, 19, 8, 18], [9, 4, 10, 5], [11, 20, 12, 21], [13, 17, 14, 16], [15, 22, 16, 23], [17, 2, 18, 3]]"
12a_0306_141,"[[17, 2, 18, 3], [19, 7, 20, 6], [21, 1, 22, 24], [23, 14, 24, 15], [1, 12, 2, 13], [3, 10, 4, 11], [5, 8, 6, 9], [7, 19, 8, 18], [9, 4, 10, 5], [11, 20, 12, 21], [13, 17, 14, 16], [15, 22, 16, 23]]"
12a_0306_142,"[[15, 22, 16, 23], [17, 2, 18, 3], [19, 7, 20, 6], [21, 1, 22, 24], [23, 14, 24, 15], [1, 12, 2, 13], [3, 10, 4, 11], [5, 8, 6, 9], [7, 19, 8, 18], [9, 4, 10, 5], [11, 20, 12, 21], [13, 17, 14, 16]]"
12a_0306_143,"[[13, 17, 14, 16], [15, 22, 16, 23], [17, 2, 18, 3], [19, 7, 20, 6], [21, 1, 22, 24], [23, 14, 24, 15], [1, 12, 2, 13], [3, 10, 4, 11], [5, 8, 6, 9], [7, 19, 8, 18], [9, 4, 10, 5], [11, 20, 12, 21]]"
12a_0306_144,"[[12, 21, 13, 22], [14, 18, 15, 17], [16, 23, 17, 24], [18, 3, 19, 4], [20, 8, 21, 7], [22, 2, 23, 1], [24, 15, 1, 16], [2, 13, 3, 14], [4, 11, 5, 12], [6, 9, 7, 10], [8, 20, 9, 19], [10, 5, 11, 6]]"
12a_0306_145,"[[10, 5, 11, 6], [12, 21, 13, 22], [14, 18, 15, 17], [16, 23, 17, 24], [18, 3, 19, 4], [20, 8, 21, 7], [22, 2, 23, 1], [24, 15, 1, 16], [2, 13, 3, 14], [4, 11, 5, 12], [6, 9, 7, 10], [8, 20, 9, 19]]"
12a_0306_146,"[[8, 20, 9, 19], [10, 5, 11, 6], [12, 21, 13, 22], [14, 18, 15, 17], [16, 23, 17, 24], [18, 3, 19, 4], [20, 8, 21, 7], [22, 2, 23, 1], [24, 15, 1, 16], [2, 13, 3, 14], [4, 11, 5, 12], [6, 9, 7, 10]]"
12a_0306_147,"[[6, 9, 7, 10], [8, 20, 9, 19], [10, 5, 11, 6], [12, 21, 13, 22], [14, 18, 15, 17], [16, 23, 17, 24], [18, 3, 19, 4], [20, 8, 21, 7], [22, 2, 23, 1], [24, 15, 1, 16], [2, 13, 3, 14], [4, 11, 5, 12]]"
12a_0306_148,"[[4, 11, 5, 12], [6, 9, 7, 10], [8, 20, 9, 19], [10, 5, 11, 6], [12, 21, 13, 22], [14, 18, 15, 17], [16, 23, 17, 24], [18, 3, 19, 4], [20, 8, 21, 7], [22, 2, 23, 1], [24, 15, 1, 16], [2, 13, 3, 14]]"
12a_0306_149,"[[2, 13, 3, 14], [4, 11, 5, 12], [6, 9, 7, 10], [8, 20, 9, 19], [10, 5, 11, 6], [12, 21, 13, 22], [14, 18, 15, 17], [16, 23, 17, 24], [18, 3, 19, 4], [20, 8, 21, 7], [22, 2, 23, 1], [24, 15, 1, 16]]"
12a_0306_150,"[[24, 15, 1, 16], [2, 13, 3, 14], [4, 11, 5, 12], [6, 9, 7, 10], [8, 20, 9, 19], [10, 5, 11, 6], [12, 21, 13, 22], [14, 18, 15, 17], [16, 23, 17, 24], [18, 3, 19, 4], [20, 8, 21, 7], [22, 2, 23, 1]]"
12a_0306_151,"[[22, 2, 23, 1], [24, 15, 1, 16], [2, 13, 3, 14], [4, 11, 5, 12], [6, 9, 7, 10], [8, 20, 9, 19], [10, 5, 11, 6], [12, 21, 13, 22], [14, 18, 15, 17], [16, 23, 17, 24], [18, 3, 19, 4], [20, 8, 21, 7]]"
12a_0306_152,"[[20, 8, 21, 7], [22, 2, 23, 1], [24, 15, 1, 16], [2, 13, 3, 14], [4, 11, 5, 12], [6, 9, 7, 10], [8, 20, 9, 19], [10, 5, 11, 6], [12, 21, 13, 22], [14, 18, 15, 17], [16, 23, 17, 24], [18, 3, 19, 4]]"
12a_0306_153,"[[18, 3, 19, 4], [20, 8, 21, 7], [22, 2, 23, 1], [24, 15, 1, 16], [2, 13, 3, 14], [4, 11, 5, 12], [6, 9, 7, 10], [8, 20, 9, 19], [10, 5, 11, 6], [12, 21, 13, 22], [14, 18, 15, 17], [16, 23, 17, 24]]"
12a_0306_154,"[[16, 23, 17, 24], [18, 3, 19, 4], [20, 8, 21, 7], [22, 2, 23, 1], [24, 15, 1, 16], [2, 13, 3, 14], [4, 11, 5, 12], [6, 9, 7, 10], [8, 20, 9, 19], [10, 5, 11, 6], [12, 21, 13, 22], [14, 18, 15, 17]]"
12a_0306_155,"[[14, 18, 15, 17], [16, 23, 17, 24], [18, 3, 19, 4], [20, 8, 21, 7], [22, 2, 23, 1], [24, 15, 1, 16], [2, 13, 3, 14], [4, 11, 5, 12], [6, 9, 7, 10], [8, 20, 9, 19], [10, 5, 11, 6], [12, 21, 13, 22]]"
12a_0306_156,"[[13, 22, 14, 23], [15, 19, 16, 18], [17, 24, 18, 1], [19, 4, 20, 5], [21, 9, 22, 8], [23, 3, 24, 2], [1, 16, 2, 17], [3, 14, 4, 15], [5, 12, 6, 13], [7, 10, 8, 11], [9, 21, 10, 20], [11, 6, 12, 7]]"
12a_0306_157,"[[11, 6, 12, 7], [13, 22, 14, 23], [15, 19, 16, 18], [17, 24, 18, 1], [19, 4, 20, 5], [21, 9, 22, 8], [23, 3, 24, 2], [1, 16, 2, 17], [3, 14, 4, 15], [5, 12, 6, 13], [7, 10, 8, 11], [9, 21, 10, 20]]"
12a_0306_158,"[[9, 21, 10, 20], [11, 6, 12, 7], [13, 22, 14, 23], [15, 19, 16, 18], [17, 24, 18, 1], [19, 4, 20, 5], [21, 9, 22, 8], [23, 3, 24, 2], [1, 16, 2, 17], [3, 14, 4, 15], [5, 12, 6, 13], [7, 10, 8, 11]]"
12a_0306_159,"[[7, 10, 8, 11], [9, 21, 10, 20], [11, 6, 12, 7], [13, 22, 14, 23], [15, 19, 16, 18], [17, 24, 18, 1], [19, 4, 20, 5], [21, 9, 22, 8], [23, 3, 24, 2], [1, 16, 2, 17], [3, 14, 4, 15], [5, 12, 6, 13]]"
12a_0306_160,"[[5, 12, 6, 13], [7, 10, 8, 11], [9, 21, 10, 20], [11, 6, 12, 7], [13, 22, 14, 23], [15, 19, 16, 18], [17, 24, 18, 1], [19, 4, 20, 5], [21, 9, 22, 8], [23, 3, 24, 2], [1, 16, 2, 17], [3, 14, 4, 15]]"
12a_0306_161,"[[3, 14, 4, 15], [5, 12, 6, 13], [7, 10, 8, 11], [9, 21, 10, 20], [11, 6, 12, 7], [13, 22, 14, 23], [15, 19, 16, 18], [17, 24, 18, 1], [19, 4, 20, 5], [21, 9, 22, 8], [23, 3, 24, 2], [1, 16, 2, 17]]"
12a_0306_162,"[[1, 16, 2, 17], [3, 14, 4, 15], [5, 12, 6, 13], [7, 10, 8, 11], [9, 21, 10, 20], [11, 6, 12, 7], [13, 22, 14, 23], [15, 19, 16, 18], [17, 24, 18, 1], [19, 4, 20, 5], [21, 9, 22, 8], [23, 3, 24, 2]]"
12a_0306_163,"[[23, 3, 24, 2], [1, 16, 2, 17], [3, 14, 4, 15], [5, 12, 6, 13], [7, 10, 8, 11], [9, 21, 10, 20], [11, 6, 12, 7], [13, 22, 14, 23], [15, 19, 16, 18], [17, 24, 18, 1], [19, 4, 20, 5], [21, 9, 22, 8]]"
12a_0306_164,"[[21, 9, 22, 8], [23, 3, 24, 2], [1, 16, 2, 17], [3, 14, 4, 15], [5, 12, 6, 13], [7, 10, 8, 11], [9, 21, 10, 20], [11, 6, 12, 7], [13, 22, 14, 23], [15, 19, 16, 18], [17, 24, 18, 1], [19, 4, 20, 5]]"
12a_0306_165,"[[19, 4, 20, 5], [21, 9, 22, 8], [23, 3, 24, 2], [1, 16, 2, 17], [3, 14, 4, 15], [5, 12, 6, 13], [7, 10, 8, 11], [9, 21, 10, 20], [11, 6, 12, 7], [13, 22, 14, 23], [15, 19, 16, 18], [17, 24, 18, 1]]"
12a_0306_166,"[[17, 24, 18, 1], [19, 4, 20, 5], [21, 9, 22, 8], [23, 3, 24, 2], [1, 16, 2, 17], [3, 14, 4, 15], [5, 12, 6, 13], [7, 10, 8, 11], [9, 21, 10, 20], [11, 6, 12, 7], [13, 22, 14, 23], [15, 19, 16, 18]]"
12a_0306_167,"[[15, 19, 16, 18], [17, 24, 18, 1], [19, 4, 20, 5], [21, 9, 22, 8], [23, 3, 24, 2], [1, 16, 2, 17], [3, 14, 4, 15], [5, 12, 6, 13], [7, 10, 8, 11], [9, 21, 10, 20], [11, 6, 12, 7], [13, 22, 14, 23]]"
12a_0306_168,"[[14, 23, 15, 24], [16, 20, 17, 19], [18, 1, 19, 2], [20, 5, 21, 6], [22, 10, 23, 9], [24, 4, 1, 3], [2, 17, 3, 18], [4, 15, 5, 16], [6, 13, 7, 14], [8, 11, 9, 12], [10, 22, 11, 21], [12, 7, 13, 8]]"
12a_0306_169,"[[12, 7, 13, 8], [14, 23, 15, 24], [16, 20, 17, 19], [18, 1, 19, 2], [20, 5, 21, 6], [22, 10, 23, 9], [24, 4, 1, 3], [2, 17, 3, 18], [4, 15, 5, 16], [6, 13, 7, 14], [8, 11, 9, 12], [10, 22, 11, 21]]"
12a_0306_170,"[[10, 22, 11, 21], [12, 7, 13, 8], [14, 23, 15, 24], [16, 20, 17, 19], [18, 1, 19, 2], [20, 5, 21, 6], [22, 10, 23, 9], [24, 4, 1, 3], [2, 17, 3, 18], [4, 15, 5, 16], [6, 13, 7, 14], [8, 11, 9, 12]]"
12a_0306_171,"[[8, 11, 9, 12], [10, 22, 11, 21], [12, 7, 13, 8], [14, 23, 15, 24], [16, 20, 17, 19], [18, 1, 19, 2], [20, 5, 21, 6], [22, 10, 23, 9], [24, 4, 1, 3], [2, 17, 3, 18], [4, 15, 5, 16], [6, 13, 7, 14]]"
12a_0306_172,"[[6, 13, 7, 14], [8, 11, 9, 12], [10, 22, 11, 21], [12, 7, 13, 8], [14, 23, 15, 24], [16, 20, 17, 19], [18, 1, 19, 2], [20, 5, 21, 6], [22, 10, 23, 9], [24, 4, 1, 3], [2, 17, 3, 18], [4, 15, 5, 16]]"
12a_0306_173,"[[4, 15, 5, 16], [6, 13, 7, 14], [8, 11, 9, 12], [10, 22, 11, 21], [12, 7, 13, 8], [14, 23, 15, 24], [16, 20, 17, 19], [18, 1, 19, 2], [20, 5, 21, 6], [22, 10, 23, 9], [24, 4, 1, 3], [2, 17, 3, 18]]"
12a_0306_174,"[[2, 17, 3, 18], [4, 15, 5, 16], [6, 13, 7, 14], [8, 11, 9, 12], [10, 22, 11, 21], [12, 7, 13, 8], [14, 23, 15, 24], [16, 20, 17, 19], [18, 1, 19, 2], [20, 5, 21, 6], [22, 10, 23, 9], [24, 4, 1, 3]]"
12a_0306_175,"[[24, 4, 1, 3], [2, 17, 3, 18], [4, 15, 5, 16], [6, 13, 7, 14], [8, 11, 9, 12], [10, 22, 11, 21], [12, 7, 13, 8], [14, 23, 15, 24], [16, 20, 17, 19], [18, 1, 19, 2], [20, 5, 21, 6], [22, 10, 23, 9]]"
12a_0306_176,"[[22, 10, 23, 9], [24, 4, 1, 3], [2, 17, 3, 18], [4, 15, 5, 16], [6, 13, 7, 14], [8, 11, 9, 12], [10, 22, 11, 21], [12, 7, 13, 8], [14, 23, 15, 24], [16, 20, 17, 19], [18, 1, 19, 2], [20, 5, 21, 6]]"
12a_0306_177,"[[20, 5, 21, 6], [22, 10, 23, 9], [24, 4, 1, 3], [2, 17, 3, 18], [4, 15, 5, 16], [6, 13, 7, 14], [8, 11, 9, 12], [10, 22, 11, 21], [12, 7, 13, 8], [14, 23, 15, 24], [16, 20, 17, 19], [18, 1, 19, 2]]"
12a_0306_178,"[[18, 1, 19, 2], [20, 5, 21, 6], [22, 10, 23, 9], [24, 4, 1, 3], [2, 17, 3, 18], [4, 15, 5, 16], [6, 13, 7, 14], [8, 11, 9, 12], [10, 22, 11, 21], [12, 7, 13, 8], [14, 23, 15, 24], [16, 20, 17, 19]]"
12a_0306_179,"[[16, 20, 17, 19], [18, 1, 19, 2], [20, 5, 21, 6], [22, 10, 23, 9], [24, 4, 1, 3], [2, 17, 3, 18], [4, 15, 5, 16], [6, 13, 7, 14], [8, 11, 9, 12], [10, 22, 11, 21], [12, 7, 13, 8], [14, 23, 15, 24]]"
12a_0306_180,"[[15, 24, 16, 1], [17, 21, 18, 20], [19, 2, 20, 3], [21, 6, 22, 7], [23, 11, 24, 10], [1, 5, 2, 4], [3, 18, 4, 19], [5, 16, 6, 17], [7, 14, 8, 15], [9, 12, 10, 13], [11, 23, 12, 22], [13, 8, 14, 9]]"
12a_0306_181,"[[13, 8, 14, 9], [15, 24, 16, 1], [17, 21, 18, 20], [19, 2, 20, 3], [21, 6, 22, 7], [23, 11, 24, 10], [1, 5, 2, 4], [3, 18, 4, 19], [5, 16, 6, 17], [7, 14, 8, 15], [9, 12, 10, 13], [11, 23, 12, 22]]"
12a_0306_182,"[[11, 23, 12, 22], [13, 8, 14, 9], [15, 24, 16, 1], [17, 21, 18, 20], [19, 2, 20, 3], [21, 6, 22, 7], [23, 11, 24, 10], [1, 5, 2, 4], [3, 18, 4, 19], [5, 16, 6, 17], [7, 14, 8, 15], [9, 12, 10, 13]]"
12a_0306_183,"[[9, 12, 10, 13], [11, 23, 12, 22], [13, 8, 14, 9], [15, 24, 16, 1], [17, 21, 18, 20], [19, 2, 20, 3], [21, 6, 22, 7], [23, 11, 24, 10], [1, 5, 2, 4], [3, 18, 4, 19], [5, 16, 6, 17], [7, 14, 8, 15]]"
12a_0306_184,"[[7, 14, 8, 15], [9, 12, 10, 13], [11, 23, 12, 22], [13, 8, 14, 9], [15, 24, 16, 1], [17, 21, 18, 20], [19, 2, 20, 3], [21, 6, 22, 7], [23, 11, 24, 10], [1, 5, 2, 4], [3, 18, 4, 19], [5, 16, 6, 17]]"
12a_0306_185,"[[5, 16, 6, 17], [7, 14, 8, 15], [9, 12, 10, 13], [11, 23, 12, 22], [13, 8, 14, 9], [15, 24, 16, 1], [17, 21, 18, 20], [19, 2, 20, 3], [21, 6, 22, 7], [23, 11, 24, 10], [1, 5, 2, 4], [3, 18, 4, 19]]"
