name,pd_notation
12a_0396_0,"[[24, 13, 1, 14], [2, 6, 3, 5], [4, 12, 5, 11], [6, 18, 7, 17], [8, 22, 9, 21], [10, 4, 11, 3], [12, 23, 13, 24], [14, 1, 15, 2], [16, 8, 17, 7], [18, 15, 19, 16], [20, 10, 21, 9], [22, 19, 23, 20]]"
12a_0396_1,"[[22, 19, 23, 20], [24, 13, 1, 14], [2, 6, 3, 5], [4, 12, 5, 11], [6, 18, 7, 17], [8, 22, 9, 21], [10, 4, 11, 3], [12, 23, 13, 24], [14, 1, 15, 2], [16, 8, 17, 7], [18, 15, 19, 16], [20, 10, 21, 9]]"
12a_0396_2,"[[20, 10, 21, 9], [22, 19, 23, 20], [24, 13, 1, 14], [2, 6, 3, 5], [4, 12, 5, 11], [6, 18, 7, 17], [8, 22, 9, 21], [10, 4, 11, 3], [12, 23, 13, 24], [14, 1, 15, 2], [16, 8, 17, 7], [18, 15, 19, 16]]"
12a_0396_3,"[[18, 15, 19, 16], [20, 10, 21, 9], [22, 19, 23, 20], [24, 13, 1, 14], [2, 6, 3, 5], [4, 12, 5, 11], [6, 18, 7, 17], [8, 22, 9, 21], [10, 4, 11, 3], [12, 23, 13, 24], [14, 1, 15, 2], [16, 8, 17, 7]]"
12a_0396_4,"[[16, 8, 17, 7], [18, 15, 19, 16], [20, 10, 21, 9], [22, 19, 23, 20], [24, 13, 1, 14], [2, 6, 3, 5], [4, 12, 5, 11], [6, 18, 7, 17], [8, 22, 9, 21], [10, 4, 11, 3], [12, 23, 13, 24], [14, 1, 15, 2]]"
12a_0396_5,"[[14, 1, 15, 2], [16, 8, 17, 7], [18, 15, 19, 16], [20, 10, 21, 9], [22, 19, 23, 20], [24, 13, 1, 14], [2, 6, 3, 5], [4, 12, 5, 11], [6, 18, 7, 17], [8, 22, 9, 21], [10, 4, 11, 3], [12, 23, 13, 24]]"
12a_0396_6,"[[12, 23, 13, 24], [14, 1, 15, 2], [16, 8, 17, 7], [18, 15, 19, 16], [20, 10, 21, 9], [22, 19, 23, 20], [24, 13, 1, 14], [2, 6, 3, 5], [4, 12, 5, 11], [6, 18, 7, 17], [8, 22, 9, 21], [10, 4, 11, 3]]"
12a_0396_7,"[[10, 4, 11, 3], [12, 23, 13, 24], [14, 1, 15, 2], [16, 8, 17, 7], [18, 15, 19, 16], [20, 10, 21, 9], [22, 19, 23, 20], [24, 13, 1, 14], [2, 6, 3, 5], [4, 12, 5, 11], [6, 18, 7, 17], [8, 22, 9, 21]]"
12a_0396_8,"[[8, 22, 9, 21], [10, 4, 11, 3], [12, 23, 13, 24], [14, 1, 15, 2], [16, 8, 17, 7], [18, 15, 19, 16], [20, 10, 21, 9], [22, 19, 23, 20], [24, 13, 1, 14], [2, 6, 3, 5], [4, 12, 5, 11], [6, 18, 7, 17]]"
12a_0396_9,"[[6, 18, 7, 17], [8, 22, 9, 21], [10, 4, 11, 3], [12, 23, 13, 24], [14, 1, 15, 2], [16, 8, 17, 7], [18, 15, 19, 16], [20, 10, 21, 9], [22, 19, 23, 20], [24, 13, 1, 14], [2, 6, 3, 5], [4, 12, 5, 11]]"
12a_0396_10,"[[4, 12, 5, 11], [6, 18, 7, 17], [8, 22, 9, 21], [10, 4, 11, 3], [12, 23, 13, 24], [14, 1, 15, 2], [16, 8, 17, 7], [18, 15, 19, 16], [20, 10, 21, 9], [22, 19, 23, 20], [24, 13, 1, 14], [2, 6, 3, 5]]"
12a_0396_11,"[[2, 6, 3, 5], [4, 12, 5, 11], [6, 18, 7, 17], [8, 22, 9, 21], [10, 4, 11, 3], [12, 23, 13, 24], [14, 1, 15, 2], [16, 8, 17, 7], [18, 15, 19, 16], [20, 10, 21, 9], [22, 19, 23, 20], [24, 13, 1, 14]]"
12a_0396_12,"[[1, 14, 2, 15], [3, 7, 4, 6], [5, 13, 6, 12], [7, 19, 8, 18], [9, 23, 10, 22], [11, 5, 12, 4], [13, 24, 14, 1], [15, 2, 16, 3], [17, 9, 18, 8], [19, 16, 20, 17], [21, 11, 22, 10], [23, 20, 24, 21]]"
12a_0396_13,"[[23, 20, 24, 21], [1, 14, 2, 15], [3, 7, 4, 6], [5, 13, 6, 12], [7, 19, 8, 18], [9, 23, 10, 22], [11, 5, 12, 4], [13, 24, 14, 1], [15, 2, 16, 3], [17, 9, 18, 8], [19, 16, 20, 17], [21, 11, 22, 10]]"
12a_0396_14,"[[21, 11, 22, 10], [23, 20, 24, 21], [1, 14, 2, 15], [3, 7, 4, 6], [5, 13, 6, 12], [7, 19, 8, 18], [9, 23, 10, 22], [11, 5, 12, 4], [13, 24, 14, 1], [15, 2, 16, 3], [17, 9, 18, 8], [19, 16, 20, 17]]"
12a_0396_15,"[[19, 16, 20, 17], [21, 11, 22, 10], [23, 20, 24, 21], [1, 14, 2, 15], [3, 7, 4, 6], [5, 13, 6, 12], [7, 19, 8, 18], [9, 23, 10, 22], [11, 5, 12, 4], [13, 24, 14, 1], [15, 2, 16, 3], [17, 9, 18, 8]]"
12a_0396_16,"[[17, 9, 18, 8], [19, 16, 20, 17], [21, 11, 22, 10], [23, 20, 24, 21], [1, 14, 2, 15], [3, 7, 4, 6], [5, 13, 6, 12], [7, 19, 8, 18], [9, 23, 10, 22], [11, 5, 12, 4], [13, 24, 14, 1], [15, 2, 16, 3]]"
12a_0396_17,"[[15, 2, 16, 3], [17, 9, 18, 8], [19, 16, 20, 17], [21, 11, 22, 10], [23, 20, 24, 21], [1, 14, 2, 15], [3, 7, 4, 6], [5, 13, 6, 12], [7, 19, 8, 18], [9, 23, 10, 22], [11, 5, 12, 4], [13, 24, 14, 1]]"
12a_0396_18,"[[13, 24, 14, 1], [15, 2, 16, 3], [17, 9, 18, 8], [19, 16, 20, 17], [21, 11, 22, 10], [23, 20, 24, 21], [1, 14, 2, 15], [3, 7, 4, 6], [5, 13, 6, 12], [7, 19, 8, 18], [9, 23, 10, 22], [11, 5, 12, 4]]"
12a_0396_19,"[[11, 5, 12, 4], [13, 24, 14, 1], [15, 2, 16, 3], [17, 9, 18, 8], [19, 16, 20, 17], [21, 11, 22, 10], [23, 20, 24, 21], [1, 14, 2, 15], [3, 7, 4, 6], [5, 13, 6, 12], [7, 19, 8, 18], [9, 23, 10, 22]]"
12a_0396_20,"[[9, 23, 10, 22], [11, 5, 12, 4], [13, 24, 14, 1], [15, 2, 16, 3], [17, 9, 18, 8], [19, 16, 20, 17], [21, 11, 22, 10], [23, 20, 24, 21], [1, 14, 2, 15], [3, 7, 4, 6], [5, 13, 6, 12], [7, 19, 8, 18]]"
12a_0396_21,"[[7, 19, 8, 18], [9, 23, 10, 22], [11, 5, 12, 4], [13, 24, 14, 1], [15, 2, 16, 3], [17, 9, 18, 8], [19, 16, 20, 17], [21, 11, 22, 10], [23, 20, 24, 21], [1, 14, 2, 15], [3, 7, 4, 6], [5, 13, 6, 12]]"
12a_0396_22,"[[5, 13, 6, 12], [7, 19, 8, 18], [9, 23, 10, 22], [11, 5, 12, 4], [13, 24, 14, 1], [15, 2, 16, 3], [17, 9, 18, 8], [19, 16, 20, 17], [21, 11, 22, 10], [23, 20, 24, 21], [1, 14, 2, 15], [3, 7, 4, 6]]"
12a_0396_23,"[[3, 7, 4, 6], [5, 13, 6, 12], [7, 19, 8, 18], [9, 23, 10, 22], [11, 5, 12, 4], [13, 24, 14, 1], [15, 2, 16, 3], [17, 9, 18, 8], [19, 16, 20, 17], [21, 11, 22, 10], [23, 20, 24, 21], [1, 14, 2, 15]]"
12a_0396_24,"[[2, 15, 3, 16], [4, 8, 5, 7], [6, 14, 7, 13], [8, 20, 9, 19], [10, 24, 11, 23], [12, 6, 13, 5], [14, 1, 15, 2], [16, 3, 17, 4], [18, 10, 19, 9], [20, 17, 21, 18], [22, 12, 23, 11], [24, 21, 1, 22]]"
12a_0396_25,"[[24, 21, 1, 22], [2, 15, 3, 16], [4, 8, 5, 7], [6, 14, 7, 13], [8, 20, 9, 19], [10, 24, 11, 23], [12, 6, 13, 5], [14, 1, 15, 2], [16, 3, 17, 4], [18, 10, 19, 9], [20, 17, 21, 18], [22, 12, 23, 11]]"
12a_0396_26,"[[22, 12, 23, 11], [24, 21, 1, 22], [2, 15, 3, 16], [4, 8, 5, 7], [6, 14, 7, 13], [8, 20, 9, 19], [10, 24, 11, 23], [12, 6, 13, 5], [14, 1, 15, 2], [16, 3, 17, 4], [18, 10, 19, 9], [20, 17, 21, 18]]"
12a_0396_27,"[[20, 17, 21, 18], [22, 12, 23, 11], [24, 21, 1, 22], [2, 15, 3, 16], [4, 8, 5, 7], [6, 14, 7, 13], [8, 20, 9, 19], [10, 24, 11, 23], [12, 6, 13, 5], [14, 1, 15, 2], [16, 3, 17, 4], [18, 10, 19, 9]]"
12a_0396_28,"[[18, 10, 19, 9], [20, 17, 21, 18], [22, 12, 23, 11], [24, 21, 1, 22], [2, 15, 3, 16], [4, 8, 5, 7], [6, 14, 7, 13], [8, 20, 9, 19], [10, 24, 11, 23], [12, 6, 13, 5], [14, 1, 15, 2], [16, 3, 17, 4]]"
12a_0396_29,"[[16, 3, 17, 4], [18, 10, 19, 9], [20, 17, 21, 18], [22, 12, 23, 11], [24, 21, 1, 22], [2, 15, 3, 16], [4, 8, 5, 7], [6, 14, 7, 13], [8, 20, 9, 19], [10, 24, 11, 23], [12, 6, 13, 5], [14, 1, 15, 2]]"
12a_0396_30,"[[14, 1, 15, 2], [16, 3, 17, 4], [18, 10, 19, 9], [20, 17, 21, 18], [22, 12, 23, 11], [24, 21, 1, 22], [2, 15, 3, 16], [4, 8, 5, 7], [6, 14, 7, 13], [8, 20, 9, 19], [10, 24, 11, 23], [12, 6, 13, 5]]"
12a_0396_31,"[[12, 6, 13, 5], [14, 1, 15, 2], [16, 3, 17, 4], [18, 10, 19, 9], [20, 17, 21, 18], [22, 12, 23, 11], [24, 21, 1, 22], [2, 15, 3, 16], [4, 8, 5, 7], [6, 14, 7, 13], [8, 20, 9, 19], [10, 24, 11, 23]]"
12a_0396_32,"[[10, 24, 11, 23], [12, 6, 13, 5], [14, 1, 15, 2], [16, 3, 17, 4], [18, 10, 19, 9], [20, 17, 21, 18], [22, 12, 23, 11], [24, 21, 1, 22], [2, 15, 3, 16], [4, 8, 5, 7], [6, 14, 7, 13], [8, 20, 9, 19]]"
12a_0396_33,"[[8, 20, 9, 19], [10, 24, 11, 23], [12, 6, 13, 5], [14, 1, 15, 2], [16, 3, 17, 4], [18, 10, 19, 9], [20, 17, 21, 18], [22, 12, 23, 11], [24, 21, 1, 22], [2, 15, 3, 16], [4, 8, 5, 7], [6, 14, 7, 13]]"
12a_0396_34,"[[6, 14, 7, 13], [8, 20, 9, 19], [10, 24, 11, 23], [12, 6, 13, 5], [14, 1, 15, 2], [16, 3, 17, 4], [18, 10, 19, 9], [20, 17, 21, 18], [22, 12, 23, 11], [24, 21, 1, 22], [2, 15, 3, 16], [4, 8, 5, 7]]"
12a_0396_35,"[[4, 8, 5, 7], [6, 14, 7, 13], [8, 20, 9, 19], [10, 24, 11, 23], [12, 6, 13, 5], [14, 1, 15, 2], [16, 3, 17, 4], [18, 10, 19, 9], [20, 17, 21, 18], [22, 12, 23, 11], [24, 21, 1, 22], [2, 15, 3, 16]]"
12a_0396_36,"[[3, 16, 4, 17], [5, 9, 6, 8], [7, 15, 8, 14], [9, 21, 10, 20], [11, 1, 12, 24], [13, 7, 14, 6], [15, 2, 16, 3], [17, 4, 18, 5], [19, 11, 20, 10], [21, 18, 22, 19], [23, 13, 24, 12], [1, 22, 2, 23]]"
12a_0396_37,"[[1, 22, 2, 23], [3, 16, 4, 17], [5, 9, 6, 8], [7, 15, 8, 14], [9, 21, 10, 20], [11, 1, 12, 24], [13, 7, 14, 6], [15, 2, 16, 3], [17, 4, 18, 5], [19, 11, 20, 10], [21, 18, 22, 19], [23, 13, 24, 12]]"
12a_0396_38,"[[23, 13, 24, 12], [1, 22, 2, 23], [3, 16, 4, 17], [5, 9, 6, 8], [7, 15, 8, 14], [9, 21, 10, 20], [11, 1, 12, 24], [13, 7, 14, 6], [15, 2, 16, 3], [17, 4, 18, 5], [19, 11, 20, 10], [21, 18, 22, 19]]"
12a_0396_39,"[[21, 18, 22, 19], [23, 13, 24, 12], [1, 22, 2, 23], [3, 16, 4, 17], [5, 9, 6, 8], [7, 15, 8, 14], [9, 21, 10, 20], [11, 1, 12, 24], [13, 7, 14, 6], [15, 2, 16, 3], [17, 4, 18, 5], [19, 11, 20, 10]]"
12a_0396_40,"[[19, 11, 20, 10], [21, 18, 22, 19], [23, 13, 24, 12], [1, 22, 2, 23], [3, 16, 4, 17], [5, 9, 6, 8], [7, 15, 8, 14], [9, 21, 10, 20], [11, 1, 12, 24], [13, 7, 14, 6], [15, 2, 16, 3], [17, 4, 18, 5]]"
12a_0396_41,"[[17, 4, 18, 5], [19, 11, 20, 10], [21, 18, 22, 19], [23, 13, 24, 12], [1, 22, 2, 23], [3, 16, 4, 17], [5, 9, 6, 8], [7, 15, 8, 14], [9, 21, 10, 20], [11, 1, 12, 24], [13, 7, 14, 6], [15, 2, 16, 3]]"
12a_0396_42,"[[15, 2, 16, 3], [17, 4, 18, 5], [19, 11, 20, 10], [21, 18, 22, 19], [23, 13, 24, 12], [1, 22, 2, 23], [3, 16, 4, 17], [5, 9, 6, 8], [7, 15, 8, 14], [9, 21, 10, 20], [11, 1, 12, 24], [13, 7, 14, 6]]"
12a_0396_43,"[[13, 7, 14, 6], [15, 2, 16, 3], [17, 4, 18, 5], [19, 11, 20, 10], [21, 18, 22, 19], [23, 13, 24, 12], [1, 22, 2, 23], [3, 16, 4, 17], [5, 9, 6, 8], [7, 15, 8, 14], [9, 21, 10, 20], [11, 1, 12, 24]]"
12a_0396_44,"[[11, 1, 12, 24], [13, 7, 14, 6], [15, 2, 16, 3], [17, 4, 18, 5], [19, 11, 20, 10], [21, 18, 22, 19], [23, 13, 24, 12], [1, 22, 2, 23], [3, 16, 4, 17], [5, 9, 6, 8], [7, 15, 8, 14], [9, 21, 10, 20]]"
12a_0396_45,"[[9, 21, 10, 20], [11, 1, 12, 24], [13, 7, 14, 6], [15, 2, 16, 3], [17, 4, 18, 5], [19, 11, 20, 10], [21, 18, 22, 19], [23, 13, 24, 12], [1, 22, 2, 23], [3, 16, 4, 17], [5, 9, 6, 8], [7, 15, 8, 14]]"
12a_0396_46,"[[7, 15, 8, 14], [9, 21, 10, 20], [11, 1, 12, 24], [13, 7, 14, 6], [15, 2, 16, 3], [17, 4, 18, 5], [19, 11, 20, 10], [21, 18, 22, 19], [23, 13, 24, 12], [1, 22, 2, 23], [3, 16, 4, 17], [5, 9, 6, 8]]"
12a_0396_47,"[[5, 9, 6, 8], [7, 15, 8, 14], [9, 21, 10, 20], [11, 1, 12, 24], [13, 7, 14, 6], [15, 2, 16, 3], [17, 4, 18, 5], [19, 11, 20, 10], [21, 18, 22, 19], [23, 13, 24, 12], [1, 22, 2, 23], [3, 16, 4, 17]]"
12a_0396_48,"[[4, 17, 5, 18], [6, 10, 7, 9], [8, 16, 9, 15], [10, 22, 11, 21], [12, 2, 13, 1], [14, 8, 15, 7], [16, 3, 17, 4], [18, 5, 19, 6], [20, 12, 21, 11], [22, 19, 23, 20], [24, 14, 1, 13], [2, 23, 3, 24]]"
12a_0396_49,"[[2, 23, 3, 24], [4, 17, 5, 18], [6, 10, 7, 9], [8, 16, 9, 15], [10, 22, 11, 21], [12, 2, 13, 1], [14, 8, 15, 7], [16, 3, 17, 4], [18, 5, 19, 6], [20, 12, 21, 11], [22, 19, 23, 20], [24, 14, 1, 13]]"
12a_0396_50,"[[24, 14, 1, 13], [2, 23, 3, 24], [4, 17, 5, 18], [6, 10, 7, 9], [8, 16, 9, 15], [10, 22, 11, 21], [12, 2, 13, 1], [14, 8, 15, 7], [16, 3, 17, 4], [18, 5, 19, 6], [20, 12, 21, 11], [22, 19, 23, 20]]"
12a_0396_51,"[[22, 19, 23, 20], [24, 14, 1, 13], [2, 23, 3, 24], [4, 17, 5, 18], [6, 10, 7, 9], [8, 16, 9, 15], [10, 22, 11, 21], [12, 2, 13, 1], [14, 8, 15, 7], [16, 3, 17, 4], [18, 5, 19, 6], [20, 12, 21, 11]]"
12a_0396_52,"[[20, 12, 21, 11], [22, 19, 23, 20], [24, 14, 1, 13], [2, 23, 3, 24], [4, 17, 5, 18], [6, 10, 7, 9], [8, 16, 9, 15], [10, 22, 11, 21], [12, 2, 13, 1], [14, 8, 15, 7], [16, 3, 17, 4], [18, 5, 19, 6]]"
12a_0396_53,"[[18, 5, 19, 6], [20, 12, 21, 11], [22, 19, 23, 20], [24, 14, 1, 13], [2, 23, 3, 24], [4, 17, 5, 18], [6, 10, 7, 9], [8, 16, 9, 15], [10, 22, 11, 21], [12, 2, 13, 1], [14, 8, 15, 7], [16, 3, 17, 4]]"
12a_0396_54,"[[16, 3, 17, 4], [18, 5, 19, 6], [20, 12, 21, 11], [22, 19, 23, 20], [24, 14, 1, 13], [2, 23, 3, 24], [4, 17, 5, 18], [6, 10, 7, 9], [8, 16, 9, 15], [10, 22, 11, 21], [12, 2, 13, 1], [14, 8, 15, 7]]"
12a_0396_55,"[[14, 8, 15, 7], [16, 3, 17, 4], [18, 5, 19, 6], [20, 12, 21, 11], [22, 19, 23, 20], [24, 14, 1, 13], [2, 23, 3, 24], [4, 17, 5, 18], [6, 10, 7, 9], [8, 16, 9, 15], [10, 22, 11, 21], [12, 2, 13, 1]]"
12a_0396_56,"[[12, 2, 13, 1], [14, 8, 15, 7], [16, 3, 17, 4], [18, 5, 19, 6], [20, 12, 21, 11], [22, 19, 23, 20], [24, 14, 1, 13], [2, 23, 3, 24], [4, 17, 5, 18], [6, 10, 7, 9], [8, 16, 9, 15], [10, 22, 11, 21]]"
12a_0396_57,"[[10, 22, 11, 21], [12, 2, 13, 1], [14, 8, 15, 7], [16, 3, 17, 4], [18, 5, 19, 6], [20, 12, 21, 11], [22, 19, 23, 20], [24, 14, 1, 13], [2, 23, 3, 24], [4, 17, 5, 18], [6, 10, 7, 9], [8, 16, 9, 15]]"
12a_0396_58,"[[8, 16, 9, 15], [10, 22, 11, 21], [12, 2, 13, 1], [14, 8, 15, 7], [16, 3, 17, 4], [18, 5, 19, 6], [20, 12, 21, 11], [22, 19, 23, 20], [24, 14, 1, 13], [2, 23, 3, 24], [4, 17, 5, 18], [6, 10, 7, 9]]"
12a_0396_59,"[[6, 10, 7, 9], [8, 16, 9, 15], [10, 22, 11, 21], [12, 2, 13, 1], [14, 8, 15, 7], [16, 3, 17, 4], [18, 5, 19, 6], [20, 12, 21, 11], [22, 19, 23, 20], [24, 14, 1, 13], [2, 23, 3, 24], [4, 17, 5, 18]]"
12a_0396_60,"[[5, 18, 6, 19], [7, 11, 8, 10], [9, 17, 10, 16], [11, 23, 12, 22], [13, 3, 14, 2], [15, 9, 16, 8], [17, 4, 18, 5], [19, 6, 20, 7], [21, 13, 22, 12], [23, 20, 24, 21], [1, 15, 2, 14], [3, 24, 4, 1]]"
12a_0396_61,"[[3, 24, 4, 1], [5, 18, 6, 19], [7, 11, 8, 10], [9, 17, 10, 16], [11, 23, 12, 22], [13, 3, 14, 2], [15, 9, 16, 8], [17, 4, 18, 5], [19, 6, 20, 7], [21, 13, 22, 12], [23, 20, 24, 21], [1, 15, 2, 14]]"
12a_0396_62,"[[1, 15, 2, 14], [3, 24, 4, 1], [5, 18, 6, 19], [7, 11, 8, 10], [9, 17, 10, 16], [11, 23, 12, 22], [13, 3, 14, 2], [15, 9, 16, 8], [17, 4, 18, 5], [19, 6, 20, 7], [21, 13, 22, 12], [23, 20, 24, 21]]"
12a_0396_63,"[[23, 20, 24, 21], [1, 15, 2, 14], [3, 24, 4, 1], [5, 18, 6, 19], [7, 11, 8, 10], [9, 17, 10, 16], [11, 23, 12, 22], [13, 3, 14, 2], [15, 9, 16, 8], [17, 4, 18, 5], [19, 6, 20, 7], [21, 13, 22, 12]]"
12a_0396_64,"[[21, 13, 22, 12], [23, 20, 24, 21], [1, 15, 2, 14], [3, 24, 4, 1], [5, 18, 6, 19], [7, 11, 8, 10], [9, 17, 10, 16], [11, 23, 12, 22], [13, 3, 14, 2], [15, 9, 16, 8], [17, 4, 18, 5], [19, 6, 20, 7]]"
12a_0396_65,"[[19, 6, 20, 7], [21, 13, 22, 12], [23, 20, 24, 21], [1, 15, 2, 14], [3, 24, 4, 1], [5, 18, 6, 19], [7, 11, 8, 10], [9, 17, 10, 16], [11, 23, 12, 22], [13, 3, 14, 2], [15, 9, 16, 8], [17, 4, 18, 5]]"
12a_0396_66,"[[17, 4, 18, 5], [19, 6, 20, 7], [21, 13, 22, 12], [23, 20, 24, 21], [1, 15, 2, 14], [3, 24, 4, 1], [5, 18, 6, 19], [7, 11, 8, 10], [9, 17, 10, 16], [11, 23, 12, 22], [13, 3, 14, 2], [15, 9, 16, 8]]"
12a_0396_67,"[[15, 9, 16, 8], [17, 4, 18, 5], [19, 6, 20, 7], [21, 13, 22, 12], [23, 20, 24, 21], [1, 15, 2, 14], [3, 24, 4, 1], [5, 18, 6, 19], [7, 11, 8, 10], [9, 17, 10, 16], [11, 23, 12, 22], [13, 3, 14, 2]]"
12a_0396_68,"[[13, 3, 14, 2], [15, 9, 16, 8], [17, 4, 18, 5], [19, 6, 20, 7], [21, 13, 22, 12], [23, 20, 24, 21], [1, 15, 2, 14], [3, 24, 4, 1], [5, 18, 6, 19], [7, 11, 8, 10], [9, 17, 10, 16], [11, 23, 12, 22]]"
12a_0396_69,"[[11, 23, 12, 22], [13, 3, 14, 2], [15, 9, 16, 8], [17, 4, 18, 5], [19, 6, 20, 7], [21, 13, 22, 12], [23, 20, 24, 21], [1, 15, 2, 14], [3, 24, 4, 1], [5, 18, 6, 19], [7, 11, 8, 10], [9, 17, 10, 16]]"
12a_0396_70,"[[9, 17, 10, 16], [11, 23, 12, 22], [13, 3, 14, 2], [15, 9, 16, 8], [17, 4, 18, 5], [19, 6, 20, 7], [21, 13, 22, 12], [23, 20, 24, 21], [1, 15, 2, 14], [3, 24, 4, 1], [5, 18, 6, 19], [7, 11, 8, 10]]"
12a_0396_71,"[[7, 11, 8, 10], [9, 17, 10, 16], [11, 23, 12, 22], [13, 3, 14, 2], [15, 9, 16, 8], [17, 4, 18, 5], [19, 6, 20, 7], [21, 13, 22, 12], [23, 20, 24, 21], [1, 15, 2, 14], [3, 24, 4, 1], [5, 18, 6, 19]]"
12a_0396_72,"[[6, 19, 7, 20], [8, 12, 9, 11], [10, 18, 11, 17], [12, 24, 13, 23], [14, 4, 15, 3], [16, 10, 17, 9], [18, 5, 19, 6], [20, 7, 21, 8], [22, 14, 23, 13], [24, 21, 1, 22], [2, 16, 3, 15], [4, 1, 5, 2]]"
12a_0396_73,"[[4, 1, 5, 2], [6, 19, 7, 20], [8, 12, 9, 11], [10, 18, 11, 17], [12, 24, 13, 23], [14, 4, 15, 3], [16, 10, 17, 9], [18, 5, 19, 6], [20, 7, 21, 8], [22, 14, 23, 13], [24, 21, 1, 22], [2, 16, 3, 15]]"
12a_0396_74,"[[2, 16, 3, 15], [4, 1, 5, 2], [6, 19, 7, 20], [8, 12, 9, 11], [10, 18, 11, 17], [12, 24, 13, 23], [14, 4, 15, 3], [16, 10, 17, 9], [18, 5, 19, 6], [20, 7, 21, 8], [22, 14, 23, 13], [24, 21, 1, 22]]"
12a_0396_75,"[[24, 21, 1, 22], [2, 16, 3, 15], [4, 1, 5, 2], [6, 19, 7, 20], [8, 12, 9, 11], [10, 18, 11, 17], [12, 24, 13, 23], [14, 4, 15, 3], [16, 10, 17, 9], [18, 5, 19, 6], [20, 7, 21, 8], [22, 14, 23, 13]]"
12a_0396_76,"[[22, 14, 23, 13], [24, 21, 1, 22], [2, 16, 3, 15], [4, 1, 5, 2], [6, 19, 7, 20], [8, 12, 9, 11], [10, 18, 11, 17], [12, 24, 13, 23], [14, 4, 15, 3], [16, 10, 17, 9], [18, 5, 19, 6], [20, 7, 21, 8]]"
12a_0396_77,"[[20, 7, 21, 8], [22, 14, 23, 13], [24, 21, 1, 22], [2, 16, 3, 15], [4, 1, 5, 2], [6, 19, 7, 20], [8, 12, 9, 11], [10, 18, 11, 17], [12, 24, 13, 23], [14, 4, 15, 3], [16, 10, 17, 9], [18, 5, 19, 6]]"
12a_0396_78,"[[18, 5, 19, 6], [20, 7, 21, 8], [22, 14, 23, 13], [24, 21, 1, 22], [2, 16, 3, 15], [4, 1, 5, 2], [6, 19, 7, 20], [8, 12, 9, 11], [10, 18, 11, 17], [12, 24, 13, 23], [14, 4, 15, 3], [16, 10, 17, 9]]"
12a_0396_79,"[[16, 10, 17, 9], [18, 5, 19, 6], [20, 7, 21, 8], [22, 14, 23, 13], [24, 21, 1, 22], [2, 16, 3, 15], [4, 1, 5, 2], [6, 19, 7, 20], [8, 12, 9, 11], [10, 18, 11, 17], [12, 24, 13, 23], [14, 4, 15, 3]]"
12a_0396_80,"[[14, 4, 15, 3], [16, 10, 17, 9], [18, 5, 19, 6], [20, 7, 21, 8], [22, 14, 23, 13], [24, 21, 1, 22], [2, 16, 3, 15], [4, 1, 5, 2], [6, 19, 7, 20], [8, 12, 9, 11], [10, 18, 11, 17], [12, 24, 13, 23]]"
12a_0396_81,"[[12, 24, 13, 23], [14, 4, 15, 3], [16, 10, 17, 9], [18, 5, 19, 6], [20, 7, 21, 8], [22, 14, 23, 13], [24, 21, 1, 22], [2, 16, 3, 15], [4, 1, 5, 2], [6, 19, 7, 20], [8, 12, 9, 11], [10, 18, 11, 17]]"
12a_0396_82,"[[10, 18, 11, 17], [12, 24, 13, 23], [14, 4, 15, 3], [16, 10, 17, 9], [18, 5, 19, 6], [20, 7, 21, 8], [22, 14, 23, 13], [24, 21, 1, 22], [2, 16, 3, 15], [4, 1, 5, 2], [6, 19, 7, 20], [8, 12, 9, 11]]"
12a_0396_83,"[[8, 12, 9, 11], [10, 18, 11, 17], [12, 24, 13, 23], [14, 4, 15, 3], [16, 10, 17, 9], [18, 5, 19, 6], [20, 7, 21, 8], [22, 14, 23, 13], [24, 21, 1, 22], [2, 16, 3, 15], [4, 1, 5, 2], [6, 19, 7, 20]]"
12a_0396_84,"[[7, 20, 8, 21], [9, 13, 10, 12], [11, 19, 12, 18], [13, 1, 14, 24], [15, 5, 16, 4], [17, 11, 18, 10], [19, 6, 20, 7], [21, 8, 22, 9], [23, 15, 24, 14], [1, 22, 2, 23], [3, 17, 4, 16], [5, 2, 6, 3]]"
12a_0396_85,"[[5, 2, 6, 3], [7, 20, 8, 21], [9, 13, 10, 12], [11, 19, 12, 18], [13, 1, 14, 24], [15, 5, 16, 4], [17, 11, 18, 10], [19, 6, 20, 7], [21, 8, 22, 9], [23, 15, 24, 14], [1, 22, 2, 23], [3, 17, 4, 16]]"
12a_0396_86,"[[3, 17, 4, 16], [5, 2, 6, 3], [7, 20, 8, 21], [9, 13, 10, 12], [11, 19, 12, 18], [13, 1, 14, 24], [15, 5, 16, 4], [17, 11, 18, 10], [19, 6, 20, 7], [21, 8, 22, 9], [23, 15, 24, 14], [1, 22, 2, 23]]"
12a_0396_87,"[[1, 22, 2, 23], [3, 17, 4, 16], [5, 2, 6, 3], [7, 20, 8, 21], [9, 13, 10, 12], [11, 19, 12, 18], [13, 1, 14, 24], [15, 5, 16, 4], [17, 11, 18, 10], [19, 6, 20, 7], [21, 8, 22, 9], [23, 15, 24, 14]]"
12a_0396_88,"[[23, 15, 24, 14], [1, 22, 2, 23], [3, 17, 4, 16], [5, 2, 6, 3], [7, 20, 8, 21], [9, 13, 10, 12], [11, 19, 12, 18], [13, 1, 14, 24], [15, 5, 16, 4], [17, 11, 18, 10], [19, 6, 20, 7], [21, 8, 22, 9]]"
12a_0396_89,"[[21, 8, 22, 9], [23, 15, 24, 14], [1, 22, 2, 23], [3, 17, 4, 16], [5, 2, 6, 3], [7, 20, 8, 21], [9, 13, 10, 12], [11, 19, 12, 18], [13, 1, 14, 24], [15, 5, 16, 4], [17, 11, 18, 10], [19, 6, 20, 7]]"
12a_0396_90,"[[19, 6, 20, 7], [21, 8, 22, 9], [23, 15, 24, 14], [1, 22, 2, 23], [3, 17, 4, 16], [5, 2, 6, 3], [7, 20, 8, 21], [9, 13, 10, 12], [11, 19, 12, 18], [13, 1, 14, 24], [15, 5, 16, 4], [17, 11, 18, 10]]"
12a_0396_91,"[[17, 11, 18, 10], [19, 6, 20, 7], [21, 8, 22, 9], [23, 15, 24, 14], [1, 22, 2, 23], [3, 17, 4, 16], [5, 2, 6, 3], [7, 20, 8, 21], [9, 13, 10, 12], [11, 19, 12, 18], [13, 1, 14, 24], [15, 5, 16, 4]]"
12a_0396_92,"[[15, 5, 16, 4], [17, 11, 18, 10], [19, 6, 20, 7], [21, 8, 22, 9], [23, 15, 24, 14], [1, 22, 2, 23], [3, 17, 4, 16], [5, 2, 6, 3], [7, 20, 8, 21], [9, 13, 10, 12], [11, 19, 12, 18], [13, 1, 14, 24]]"
12a_0396_93,"[[13, 1, 14, 24], [15, 5, 16, 4], [17, 11, 18, 10], [19, 6, 20, 7], [21, 8, 22, 9], [23, 15, 24, 14], [1, 22, 2, 23], [3, 17, 4, 16], [5, 2, 6, 3], [7, 20, 8, 21], [9, 13, 10, 12], [11, 19, 12, 18]]"
12a_0396_94,"[[11, 19, 12, 18], [13, 1, 14, 24], [15, 5, 16, 4], [17, 11, 18, 10], [19, 6, 20, 7], [21, 8, 22, 9], [23, 15, 24, 14], [1, 22, 2, 23], [3, 17, 4, 16], [5, 2, 6, 3], [7, 20, 8, 21], [9, 13, 10, 12]]"
12a_0396_95,"[[9, 13, 10, 12], [11, 19, 12, 18], [13, 1, 14, 24], [15, 5, 16, 4], [17, 11, 18, 10], [19, 6, 20, 7], [21, 8, 22, 9], [23, 15, 24, 14], [1, 22, 2, 23], [3, 17, 4, 16], [5, 2, 6, 3], [7, 20, 8, 21]]"
12a_0396_96,"[[8, 21, 9, 22], [10, 14, 11, 13], [12, 20, 13, 19], [14, 2, 15, 1], [16, 6, 17, 5], [18, 12, 19, 11], [20, 7, 21, 8], [22, 9, 23, 10], [24, 16, 1, 15], [2, 23, 3, 24], [4, 18, 5, 17], [6, 3, 7, 4]]"
12a_0396_97,"[[6, 3, 7, 4], [8, 21, 9, 22], [10, 14, 11, 13], [12, 20, 13, 19], [14, 2, 15, 1], [16, 6, 17, 5], [18, 12, 19, 11], [20, 7, 21, 8], [22, 9, 23, 10], [24, 16, 1, 15], [2, 23, 3, 24], [4, 18, 5, 17]]"
12a_0396_98,"[[4, 18, 5, 17], [6, 3, 7, 4], [8, 21, 9, 22], [10, 14, 11, 13], [12, 20, 13, 19], [14, 2, 15, 1], [16, 6, 17, 5], [18, 12, 19, 11], [20, 7, 21, 8], [22, 9, 23, 10], [24, 16, 1, 15], [2, 23, 3, 24]]"
12a_0396_99,"[[2, 23, 3, 24], [4, 18, 5, 17], [6, 3, 7, 4], [8, 21, 9, 22], [10, 14, 11, 13], [12, 20, 13, 19], [14, 2, 15, 1], [16, 6, 17, 5], [18, 12, 19, 11], [20, 7, 21, 8], [22, 9, 23, 10], [24, 16, 1, 15]]"
12a_0396_100,"[[24, 16, 1, 15], [2, 23, 3, 24], [4, 18, 5, 17], [6, 3, 7, 4], [8, 21, 9, 22], [10, 14, 11, 13], [12, 20, 13, 19], [14, 2, 15, 1], [16, 6, 17, 5], [18, 12, 19, 11], [20, 7, 21, 8], [22, 9, 23, 10]]"
12a_0396_101,"[[22, 9, 23, 10], [24, 16, 1, 15], [2, 23, 3, 24], [4, 18, 5, 17], [6, 3, 7, 4], [8, 21, 9, 22], [10, 14, 11, 13], [12, 20, 13, 19], [14, 2, 15, 1], [16, 6, 17, 5], [18, 12, 19, 11], [20, 7, 21, 8]]"
12a_0396_102,"[[20, 7, 21, 8], [22, 9, 23, 10], [24, 16, 1, 15], [2, 23, 3, 24], [4, 18, 5, 17], [6, 3, 7, 4], [8, 21, 9, 22], [10, 14, 11, 13], [12, 20, 13, 19], [14, 2, 15, 1], [16, 6, 17, 5], [18, 12, 19, 11]]"
12a_0396_103,"[[18, 12, 19, 11], [20, 7, 21, 8], [22, 9, 23, 10], [24, 16, 1, 15], [2, 23, 3, 24], [4, 18, 5, 17], [6, 3, 7, 4], [8, 21, 9, 22], [10, 14, 11, 13], [12, 20, 13, 19], [14, 2, 15, 1], [16, 6, 17, 5]]"
12a_0396_104,"[[16, 6, 17, 5], [18, 12, 19, 11], [20, 7, 21, 8], [22, 9, 23, 10], [24, 16, 1, 15], [2, 23, 3, 24], [4, 18, 5, 17], [6, 3, 7, 4], [8, 21, 9, 22], [10, 14, 11, 13], [12, 20, 13, 19], [14, 2, 15, 1]]"
12a_0396_105,"[[14, 2, 15, 1], [16, 6, 17, 5], [18, 12, 19, 11], [20, 7, 21, 8], [22, 9, 23, 10], [24, 16, 1, 15], [2, 23, 3, 24], [4, 18, 5, 17], [6, 3, 7, 4], [8, 21, 9, 22], [10, 14, 11, 13], [12, 20, 13, 19]]"
12a_0396_106,"[[12, 20, 13, 19], [14, 2, 15, 1], [16, 6, 17, 5], [18, 12, 19, 11], [20, 7, 21, 8], [22, 9, 23, 10], [24, 16, 1, 15], [2, 23, 3, 24], [4, 18, 5, 17], [6, 3, 7, 4], [8, 21, 9, 22], [10, 14, 11, 13]]"
12a_0396_107,"[[10, 14, 11, 13], [12, 20, 13, 19], [14, 2, 15, 1], [16, 6, 17, 5], [18, 12, 19, 11], [20, 7, 21, 8], [22, 9, 23, 10], [24, 16, 1, 15], [2, 23, 3, 24], [4, 18, 5, 17], [6, 3, 7, 4], [8, 21, 9, 22]]"
12a_0396_108,"[[9, 22, 10, 23], [11, 15, 12, 14], [13, 21, 14, 20], [15, 3, 16, 2], [17, 7, 18, 6], [19, 13, 20, 12], [21, 8, 22, 9], [23, 10, 24, 11], [1, 17, 2, 16], [3, 24, 4, 1], [5, 19, 6, 18], [7, 4, 8, 5]]"
12a_0396_109,"[[7, 4, 8, 5], [9, 22, 10, 23], [11, 15, 12, 14], [13, 21, 14, 20], [15, 3, 16, 2], [17, 7, 18, 6], [19, 13, 20, 12], [21, 8, 22, 9], [23, 10, 24, 11], [1, 17, 2, 16], [3, 24, 4, 1], [5, 19, 6, 18]]"
12a_0396_110,"[[5, 19, 6, 18], [7, 4, 8, 5], [9, 22, 10, 23], [11, 15, 12, 14], [13, 21, 14, 20], [15, 3, 16, 2], [17, 7, 18, 6], [19, 13, 20, 12], [21, 8, 22, 9], [23, 10, 24, 11], [1, 17, 2, 16], [3, 24, 4, 1]]"
12a_0396_111,"[[3, 24, 4, 1], [5, 19, 6, 18], [7, 4, 8, 5], [9, 22, 10, 23], [11, 15, 12, 14], [13, 21, 14, 20], [15, 3, 16, 2], [17, 7, 18, 6], [19, 13, 20, 12], [21, 8, 22, 9], [23, 10, 24, 11], [1, 17, 2, 16]]"
12a_0396_112,"[[1, 17, 2, 16], [3, 24, 4, 1], [5, 19, 6, 18], [7, 4, 8, 5], [9, 22, 10, 23], [11, 15, 12, 14], [13, 21, 14, 20], [15, 3, 16, 2], [17, 7, 18, 6], [19, 13, 20, 12], [21, 8, 22, 9], [23, 10, 24, 11]]"
12a_0396_113,"[[23, 10, 24, 11], [1, 17, 2, 16], [3, 24, 4, 1], [5, 19, 6, 18], [7, 4, 8, 5], [9, 22, 10, 23], [11, 15, 12, 14], [13, 21, 14, 20], [15, 3, 16, 2], [17, 7, 18, 6], [19, 13, 20, 12], [21, 8, 22, 9]]"
12a_0396_114,"[[21, 8, 22, 9], [23, 10, 24, 11], [1, 17, 2, 16], [3, 24, 4, 1], [5, 19, 6, 18], [7, 4, 8, 5], [9, 22, 10, 23], [11, 15, 12, 14], [13, 21, 14, 20], [15, 3, 16, 2], [17, 7, 18, 6], [19, 13, 20, 12]]"
12a_0396_115,"[[19, 13, 20, 12], [21, 8, 22, 9], [23, 10, 24, 11], [1, 17, 2, 16], [3, 24, 4, 1], [5, 19, 6, 18], [7, 4, 8, 5], [9, 22, 10, 23], [11, 15, 12, 14], [13, 21, 14, 20], [15, 3, 16, 2], [17, 7, 18, 6]]"
12a_0396_116,"[[17, 7, 18, 6], [19, 13, 20, 12], [21, 8, 22, 9], [23, 10, 24, 11], [1, 17, 2, 16], [3, 24, 4, 1], [5, 19, 6, 18], [7, 4, 8, 5], [9, 22, 10, 23], [11, 15, 12, 14], [13, 21, 14, 20], [15, 3, 16, 2]]"
12a_0396_117,"[[15, 3, 16, 2], [17, 7, 18, 6], [19, 13, 20, 12], [21, 8, 22, 9], [23, 10, 24, 11], [1, 17, 2, 16], [3, 24, 4, 1], [5, 19, 6, 18], [7, 4, 8, 5], [9, 22, 10, 23], [11, 15, 12, 14], [13, 21, 14, 20]]"
12a_0396_118,"[[13, 21, 14, 20], [15, 3, 16, 2], [17, 7, 18, 6], [19, 13, 20, 12], [21, 8, 22, 9], [23, 10, 24, 11], [1, 17, 2, 16], [3, 24, 4, 1], [5, 19, 6, 18], [7, 4, 8, 5], [9, 22, 10, 23], [11, 15, 12, 14]]"
12a_0396_119,"[[11, 15, 12, 14], [13, 21, 14, 20], [15, 3, 16, 2], [17, 7, 18, 6], [19, 13, 20, 12], [21, 8, 22, 9], [23, 10, 24, 11], [1, 17, 2, 16], [3, 24, 4, 1], [5, 19, 6, 18], [7, 4, 8, 5], [9, 22, 10, 23]]"
12a_0396_120,"[[10, 23, 11, 24], [12, 16, 13, 15], [14, 22, 15, 21], [16, 4, 17, 3], [18, 8, 19, 7], [20, 14, 21, 13], [22, 9, 23, 10], [24, 11, 1, 12], [2, 18, 3, 17], [4, 1, 5, 2], [6, 20, 7, 19], [8, 5, 9, 6]]"
12a_0396_121,"[[8, 5, 9, 6], [10, 23, 11, 24], [12, 16, 13, 15], [14, 22, 15, 21], [16, 4, 17, 3], [18, 8, 19, 7], [20, 14, 21, 13], [22, 9, 23, 10], [24, 11, 1, 12], [2, 18, 3, 17], [4, 1, 5, 2], [6, 20, 7, 19]]"
12a_0396_122,"[[6, 20, 7, 19], [8, 5, 9, 6], [10, 23, 11, 24], [12, 16, 13, 15], [14, 22, 15, 21], [16, 4, 17, 3], [18, 8, 19, 7], [20, 14, 21, 13], [22, 9, 23, 10], [24, 11, 1, 12], [2, 18, 3, 17], [4, 1, 5, 2]]"
12a_0396_123,"[[4, 1, 5, 2], [6, 20, 7, 19], [8, 5, 9, 6], [10, 23, 11, 24], [12, 16, 13, 15], [14, 22, 15, 21], [16, 4, 17, 3], [18, 8, 19, 7], [20, 14, 21, 13], [22, 9, 23, 10], [24, 11, 1, 12], [2, 18, 3, 17]]"
12a_0396_124,"[[2, 18, 3, 17], [4, 1, 5, 2], [6, 20, 7, 19], [8, 5, 9, 6], [10, 23, 11, 24], [12, 16, 13, 15], [14, 22, 15, 21], [16, 4, 17, 3], [18, 8, 19, 7], [20, 14, 21, 13], [22, 9, 23, 10], [24, 11, 1, 12]]"
12a_0396_125,"[[24, 11, 1, 12], [2, 18, 3, 17], [4, 1, 5, 2], [6, 20, 7, 19], [8, 5, 9, 6], [10, 23, 11, 24], [12, 16, 13, 15], [14, 22, 15, 21], [16, 4, 17, 3], [18, 8, 19, 7], [20, 14, 21, 13], [22, 9, 23, 10]]"
12a_0396_126,"[[22, 9, 23, 10], [24, 11, 1, 12], [2, 18, 3, 17], [4, 1, 5, 2], [6, 20, 7, 19], [8, 5, 9, 6], [10, 23, 11, 24], [12, 16, 13, 15], [14, 22, 15, 21], [16, 4, 17, 3], [18, 8, 19, 7], [20, 14, 21, 13]]"
12a_0396_127,"[[20, 14, 21, 13], [22, 9, 23, 10], [24, 11, 1, 12], [2, 18, 3, 17], [4, 1, 5, 2], [6, 20, 7, 19], [8, 5, 9, 6], [10, 23, 11, 24], [12, 16, 13, 15], [14, 22, 15, 21], [16, 4, 17, 3], [18, 8, 19, 7]]"
12a_0396_128,"[[18, 8, 19, 7], [20, 14, 21, 13], [22, 9, 23, 10], [24, 11, 1, 12], [2, 18, 3, 17], [4, 1, 5, 2], [6, 20, 7, 19], [8, 5, 9, 6], [10, 23, 11, 24], [12, 16, 13, 15], [14, 22, 15, 21], [16, 4, 17, 3]]"
12a_0396_129,"[[16, 4, 17, 3], [18, 8, 19, 7], [20, 14, 21, 13], [22, 9, 23, 10], [24, 11, 1, 12], [2, 18, 3, 17], [4, 1, 5, 2], [6, 20, 7, 19], [8, 5, 9, 6], [10, 23, 11, 24], [12, 16, 13, 15], [14, 22, 15, 21]]"
12a_0396_130,"[[14, 22, 15, 21], [16, 4, 17, 3], [18, 8, 19, 7], [20, 14, 21, 13], [22, 9, 23, 10], [24, 11, 1, 12], [2, 18, 3, 17], [4, 1, 5, 2], [6, 20, 7, 19], [8, 5, 9, 6], [10, 23, 11, 24], [12, 16, 13, 15]]"
12a_0396_131,"[[12, 16, 13, 15], [14, 22, 15, 21], [16, 4, 17, 3], [18, 8, 19, 7], [20, 14, 21, 13], [22, 9, 23, 10], [24, 11, 1, 12], [2, 18, 3, 17], [4, 1, 5, 2], [6, 20, 7, 19], [8, 5, 9, 6], [10, 23, 11, 24]]"
12a_0396_132,"[[11, 24, 12, 1], [13, 17, 14, 16], [15, 23, 16, 22], [17, 5, 18, 4], [19, 9, 20, 8], [21, 15, 22, 14], [23, 10, 24, 11], [1, 12, 2, 13], [3, 19, 4, 18], [5, 2, 6, 3], [7, 21, 8, 20], [9, 6, 10, 7]]"
12a_0396_133,"[[9, 6, 10, 7], [11, 24, 12, 1], [13, 17, 14, 16], [15, 23, 16, 22], [17, 5, 18, 4], [19, 9, 20, 8], [21, 15, 22, 14], [23, 10, 24, 11], [1, 12, 2, 13], [3, 19, 4, 18], [5, 2, 6, 3], [7, 21, 8, 20]]"
12a_0396_134,"[[7, 21, 8, 20], [9, 6, 10, 7], [11, 24, 12, 1], [13, 17, 14, 16], [15, 23, 16, 22], [17, 5, 18, 4], [19, 9, 20, 8], [21, 15, 22, 14], [23, 10, 24, 11], [1, 12, 2, 13], [3, 19, 4, 18], [5, 2, 6, 3]]"
12a_0396_135,"[[5, 2, 6, 3], [7, 21, 8, 20], [9, 6, 10, 7], [11, 24, 12, 1], [13, 17, 14, 16], [15, 23, 16, 22], [17, 5, 18, 4], [19, 9, 20, 8], [21, 15, 22, 14], [23, 10, 24, 11], [1, 12, 2, 13], [3, 19, 4, 18]]"
12a_0396_136,"[[3, 19, 4, 18], [5, 2, 6, 3], [7, 21, 8, 20], [9, 6, 10, 7], [11, 24, 12, 1], [13, 17, 14, 16], [15, 23, 16, 22], [17, 5, 18, 4], [19, 9, 20, 8], [21, 15, 22, 14], [23, 10, 24, 11], [1, 12, 2, 13]]"
12a_0396_137,"[[1, 12, 2, 13], [3, 19, 4, 18], [5, 2, 6, 3], [7, 21, 8, 20], [9, 6, 10, 7], [11, 24, 12, 1], [13, 17, 14, 16], [15, 23, 16, 22], [17, 5, 18, 4], [19, 9, 20, 8], [21, 15, 22, 14], [23, 10, 24, 11]]"
12a_0396_138,"[[23, 10, 24, 11], [1, 12, 2, 13], [3, 19, 4, 18], [5, 2, 6, 3], [7, 21, 8, 20], [9, 6, 10, 7], [11, 24, 12, 1], [13, 17, 14, 16], [15, 23, 16, 22], [17, 5, 18, 4], [19, 9, 20, 8], [21, 15, 22, 14]]"
12a_0396_139,"[[21, 15, 22, 14], [23, 10, 24, 11], [1, 12, 2, 13], [3, 19, 4, 18], [5, 2, 6, 3], [7, 21, 8, 20], [9, 6, 10, 7], [11, 24, 12, 1], [13, 17, 14, 16], [15, 23, 16, 22], [17, 5, 18, 4], [19, 9, 20, 8]]"
12a_0396_140,"[[19, 9, 20, 8], [21, 15, 22, 14], [23, 10, 24, 11], [1, 12, 2, 13], [3, 19, 4, 18], [5, 2, 6, 3], [7, 21, 8, 20], [9, 6, 10, 7], [11, 24, 12, 1], [13, 17, 14, 16], [15, 23, 16, 22], [17, 5, 18, 4]]"
12a_0396_141,"[[17, 5, 18, 4], [19, 9, 20, 8], [21, 15, 22, 14], [23, 10, 24, 11], [1, 12, 2, 13], [3, 19, 4, 18], [5, 2, 6, 3], [7, 21, 8, 20], [9, 6, 10, 7], [11, 24, 12, 1], [13, 17, 14, 16], [15, 23, 16, 22]]"
12a_0396_142,"[[15, 23, 16, 22], [17, 5, 18, 4], [19, 9, 20, 8], [21, 15, 22, 14], [23, 10, 24, 11], [1, 12, 2, 13], [3, 19, 4, 18], [5, 2, 6, 3], [7, 21, 8, 20], [9, 6, 10, 7], [11, 24, 12, 1], [13, 17, 14, 16]]"
12a_0396_143,"[[13, 17, 14, 16], [15, 23, 16, 22], [17, 5, 18, 4], [19, 9, 20, 8], [21, 15, 22, 14], [23, 10, 24, 11], [1, 12, 2, 13], [3, 19, 4, 18], [5, 2, 6, 3], [7, 21, 8, 20], [9, 6, 10, 7], [11, 24, 12, 1]]"
12a_0396_144,"[[12, 1, 13, 2], [14, 18, 15, 17], [16, 24, 17, 23], [18, 6, 19, 5], [20, 10, 21, 9], [22, 16, 23, 15], [24, 11, 1, 12], [2, 13, 3, 14], [4, 20, 5, 19], [6, 3, 7, 4], [8, 22, 9, 21], [10, 7, 11, 8]]"
12a_0396_145,"[[10, 7, 11, 8], [12, 1, 13, 2], [14, 18, 15, 17], [16, 24, 17, 23], [18, 6, 19, 5], [20, 10, 21, 9], [22, 16, 23, 15], [24, 11, 1, 12], [2, 13, 3, 14], [4, 20, 5, 19], [6, 3, 7, 4], [8, 22, 9, 21]]"
12a_0396_146,"[[8, 22, 9, 21], [10, 7, 11, 8], [12, 1, 13, 2], [14, 18, 15, 17], [16, 24, 17, 23], [18, 6, 19, 5], [20, 10, 21, 9], [22, 16, 23, 15], [24, 11, 1, 12], [2, 13, 3, 14], [4, 20, 5, 19], [6, 3, 7, 4]]"
12a_0396_147,"[[6, 3, 7, 4], [8, 22, 9, 21], [10, 7, 11, 8], [12, 1, 13, 2], [14, 18, 15, 17], [16, 24, 17, 23], [18, 6, 19, 5], [20, 10, 21, 9], [22, 16, 23, 15], [24, 11, 1, 12], [2, 13, 3, 14], [4, 20, 5, 19]]"
12a_0396_148,"[[4, 20, 5, 19], [6, 3, 7, 4], [8, 22, 9, 21], [10, 7, 11, 8], [12, 1, 13, 2], [14, 18, 15, 17], [16, 24, 17, 23], [18, 6, 19, 5], [20, 10, 21, 9], [22, 16, 23, 15], [24, 11, 1, 12], [2, 13, 3, 14]]"
12a_0396_149,"[[2, 13, 3, 14], [4, 20, 5, 19], [6, 3, 7, 4], [8, 22, 9, 21], [10, 7, 11, 8], [12, 1, 13, 2], [14, 18, 15, 17], [16, 24, 17, 23], [18, 6, 19, 5], [20, 10, 21, 9], [22, 16, 23, 15], [24, 11, 1, 12]]"
12a_0396_150,"[[24, 11, 1, 12], [2, 13, 3, 14], [4, 20, 5, 19], [6, 3, 7, 4], [8, 22, 9, 21], [10, 7, 11, 8], [12, 1, 13, 2], [14, 18, 15, 17], [16, 24, 17, 23], [18, 6, 19, 5], [20, 10, 21, 9], [22, 16, 23, 15]]"
12a_0396_151,"[[22, 16, 23, 15], [24, 11, 1, 12], [2, 13, 3, 14], [4, 20, 5, 19], [6, 3, 7, 4], [8, 22, 9, 21], [10, 7, 11, 8], [12, 1, 13, 2], [14, 18, 15, 17], [16, 24, 17, 23], [18, 6, 19, 5], [20, 10, 21, 9]]"
12a_0396_152,"[[20, 10, 21, 9], [22, 16, 23, 15], [24, 11, 1, 12], [2, 13, 3, 14], [4, 20, 5, 19], [6, 3, 7, 4], [8, 22, 9, 21], [10, 7, 11, 8], [12, 1, 13, 2], [14, 18, 15, 17], [16, 24, 17, 23], [18, 6, 19, 5]]"
12a_0396_153,"[[18, 6, 19, 5], [20, 10, 21, 9], [22, 16, 23, 15], [24, 11, 1, 12], [2, 13, 3, 14], [4, 20, 5, 19], [6, 3, 7, 4], [8, 22, 9, 21], [10, 7, 11, 8], [12, 1, 13, 2], [14, 18, 15, 17], [16, 24, 17, 23]]"
12a_0396_154,"[[16, 24, 17, 23], [18, 6, 19, 5], [20, 10, 21, 9], [22, 16, 23, 15], [24, 11, 1, 12], [2, 13, 3, 14], [4, 20, 5, 19], [6, 3, 7, 4], [8, 22, 9, 21], [10, 7, 11, 8], [12, 1, 13, 2], [14, 18, 15, 17]]"
12a_0396_155,"[[14, 18, 15, 17], [16, 24, 17, 23], [18, 6, 19, 5], [20, 10, 21, 9], [22, 16, 23, 15], [24, 11, 1, 12], [2, 13, 3, 14], [4, 20, 5, 19], [6, 3, 7, 4], [8, 22, 9, 21], [10, 7, 11, 8], [12, 1, 13, 2]]"
12a_0396_156,"[[13, 2, 14, 3], [15, 19, 16, 18], [17, 1, 18, 24], [19, 7, 20, 6], [21, 11, 22, 10], [23, 17, 24, 16], [1, 12, 2, 13], [3, 14, 4, 15], [5, 21, 6, 20], [7, 4, 8, 5], [9, 23, 10, 22], [11, 8, 12, 9]]"
12a_0396_157,"[[11, 8, 12, 9], [13, 2, 14, 3], [15, 19, 16, 18], [17, 1, 18, 24], [19, 7, 20, 6], [21, 11, 22, 10], [23, 17, 24, 16], [1, 12, 2, 13], [3, 14, 4, 15], [5, 21, 6, 20], [7, 4, 8, 5], [9, 23, 10, 22]]"
12a_0396_158,"[[9, 23, 10, 22], [11, 8, 12, 9], [13, 2, 14, 3], [15, 19, 16, 18], [17, 1, 18, 24], [19, 7, 20, 6], [21, 11, 22, 10], [23, 17, 24, 16], [1, 12, 2, 13], [3, 14, 4, 15], [5, 21, 6, 20], [7, 4, 8, 5]]"
12a_0396_159,"[[7, 4, 8, 5], [9, 23, 10, 22], [11, 8, 12, 9], [13, 2, 14, 3], [15, 19, 16, 18], [17, 1, 18, 24], [19, 7, 20, 6], [21, 11, 22, 10], [23, 17, 24, 16], [1, 12, 2, 13], [3, 14, 4, 15], [5, 21, 6, 20]]"
12a_0396_160,"[[5, 21, 6, 20], [7, 4, 8, 5], [9, 23, 10, 22], [11, 8, 12, 9], [13, 2, 14, 3], [15, 19, 16, 18], [17, 1, 18, 24], [19, 7, 20, 6], [21, 11, 22, 10], [23, 17, 24, 16], [1, 12, 2, 13], [3, 14, 4, 15]]"
12a_0396_161,"[[3, 14, 4, 15], [5, 21, 6, 20], [7, 4, 8, 5], [9, 23, 10, 22], [11, 8, 12, 9], [13, 2, 14, 3], [15, 19, 16, 18], [17, 1, 18, 24], [19, 7, 20, 6], [21, 11, 22, 10], [23, 17, 24, 16], [1, 12, 2, 13]]"
12a_0396_162,"[[1, 12, 2, 13], [3, 14, 4, 15], [5, 21, 6, 20], [7, 4, 8, 5], [9, 23, 10, 22], [11, 8, 12, 9], [13, 2, 14, 3], [15, 19, 16, 18], [17, 1, 18, 24], [19, 7, 20, 6], [21, 11, 22, 10], [23, 17, 24, 16]]"
12a_0396_163,"[[23, 17, 24, 16], [1, 12, 2, 13], [3, 14, 4, 15], [5, 21, 6, 20], [7, 4, 8, 5], [9, 23, 10, 22], [11, 8, 12, 9], [13, 2, 14, 3], [15, 19, 16, 18], [17, 1, 18, 24], [19, 7, 20, 6], [21, 11, 22, 10]]"
12a_0396_164,"[[21, 11, 22, 10], [23, 17, 24, 16], [1, 12, 2, 13], [3, 14, 4, 15], [5, 21, 6, 20], [7, 4, 8, 5], [9, 23, 10, 22], [11, 8, 12, 9], [13, 2, 14, 3], [15, 19, 16, 18], [17, 1, 18, 24], [19, 7, 20, 6]]"
12a_0396_165,"[[19, 7, 20, 6], [21, 11, 22, 10], [23, 17, 24, 16], [1, 12, 2, 13], [3, 14, 4, 15], [5, 21, 6, 20], [7, 4, 8, 5], [9, 23, 10, 22], [11, 8, 12, 9], [13, 2, 14, 3], [15, 19, 16, 18], [17, 1, 18, 24]]"
12a_0396_166,"[[17, 1, 18, 24], [19, 7, 20, 6], [21, 11, 22, 10], [23, 17, 24, 16], [1, 12, 2, 13], [3, 14, 4, 15], [5, 21, 6, 20], [7, 4, 8, 5], [9, 23, 10, 22], [11, 8, 12, 9], [13, 2, 14, 3], [15, 19, 16, 18]]"
12a_0396_167,"[[15, 19, 16, 18], [17, 1, 18, 24], [19, 7, 20, 6], [21, 11, 22, 10], [23, 17, 24, 16], [1, 12, 2, 13], [3, 14, 4, 15], [5, 21, 6, 20], [7, 4, 8, 5], [9, 23, 10, 22], [11, 8, 12, 9], [13, 2, 14, 3]]"
12a_0396_168,"[[14, 3, 15, 4], [16, 20, 17, 19], [18, 2, 19, 1], [20, 8, 21, 7], [22, 12, 23, 11], [24, 18, 1, 17], [2, 13, 3, 14], [4, 15, 5, 16], [6, 22, 7, 21], [8, 5, 9, 6], [10, 24, 11, 23], [12, 9, 13, 10]]"
12a_0396_169,"[[12, 9, 13, 10], [14, 3, 15, 4], [16, 20, 17, 19], [18, 2, 19, 1], [20, 8, 21, 7], [22, 12, 23, 11], [24, 18, 1, 17], [2, 13, 3, 14], [4, 15, 5, 16], [6, 22, 7, 21], [8, 5, 9, 6], [10, 24, 11, 23]]"
12a_0396_170,"[[10, 24, 11, 23], [12, 9, 13, 10], [14, 3, 15, 4], [16, 20, 17, 19], [18, 2, 19, 1], [20, 8, 21, 7], [22, 12, 23, 11], [24, 18, 1, 17], [2, 13, 3, 14], [4, 15, 5, 16], [6, 22, 7, 21], [8, 5, 9, 6]]"
12a_0396_171,"[[8, 5, 9, 6], [10, 24, 11, 23], [12, 9, 13, 10], [14, 3, 15, 4], [16, 20, 17, 19], [18, 2, 19, 1], [20, 8, 21, 7], [22, 12, 23, 11], [24, 18, 1, 17], [2, 13, 3, 14], [4, 15, 5, 16], [6, 22, 7, 21]]"
12a_0396_172,"[[6, 22, 7, 21], [8, 5, 9, 6], [10, 24, 11, 23], [12, 9, 13, 10], [14, 3, 15, 4], [16, 20, 17, 19], [18, 2, 19, 1], [20, 8, 21, 7], [22, 12, 23, 11], [24, 18, 1, 17], [2, 13, 3, 14], [4, 15, 5, 16]]"
12a_0396_173,"[[4, 15, 5, 16], [6, 22, 7, 21], [8, 5, 9, 6], [10, 24, 11, 23], [12, 9, 13, 10], [14, 3, 15, 4], [16, 20, 17, 19], [18, 2, 19, 1], [20, 8, 21, 7], [22, 12, 23, 11], [24, 18, 1, 17], [2, 13, 3, 14]]"
12a_0396_174,"[[2, 13, 3, 14], [4, 15, 5, 16], [6, 22, 7, 21], [8, 5, 9, 6], [10, 24, 11, 23], [12, 9, 13, 10], [14, 3, 15, 4], [16, 20, 17, 19], [18, 2, 19, 1], [20, 8, 21, 7], [22, 12, 23, 11], [24, 18, 1, 17]]"
12a_0396_175,"[[24, 18, 1, 17], [2, 13, 3, 14], [4, 15, 5, 16], [6, 22, 7, 21], [8, 5, 9, 6], [10, 24, 11, 23], [12, 9, 13, 10], [14, 3, 15, 4], [16, 20, 17, 19], [18, 2, 19, 1], [20, 8, 21, 7], [22, 12, 23, 11]]"
12a_0396_176,"[[22, 12, 23, 11], [24, 18, 1, 17], [2, 13, 3, 14], [4, 15, 5, 16], [6, 22, 7, 21], [8, 5, 9, 6], [10, 24, 11, 23], [12, 9, 13, 10], [14, 3, 15, 4], [16, 20, 17, 19], [18, 2, 19, 1], [20, 8, 21, 7]]"
12a_0396_177,"[[20, 8, 21, 7], [22, 12, 23, 11], [24, 18, 1, 17], [2, 13, 3, 14], [4, 15, 5, 16], [6, 22, 7, 21], [8, 5, 9, 6], [10, 24, 11, 23], [12, 9, 13, 10], [14, 3, 15, 4], [16, 20, 17, 19], [18, 2, 19, 1]]"
12a_0396_178,"[[18, 2, 19, 1], [20, 8, 21, 7], [22, 12, 23, 11], [24, 18, 1, 17], [2, 13, 3, 14], [4, 15, 5, 16], [6, 22, 7, 21], [8, 5, 9, 6], [10, 24, 11, 23], [12, 9, 13, 10], [14, 3, 15, 4], [16, 20, 17, 19]]"
12a_0396_179,"[[16, 20, 17, 19], [18, 2, 19, 1], [20, 8, 21, 7], [22, 12, 23, 11], [24, 18, 1, 17], [2, 13, 3, 14], [4, 15, 5, 16], [6, 22, 7, 21], [8, 5, 9, 6], [10, 24, 11, 23], [12, 9, 13, 10], [14, 3, 15, 4]]"
12a_0396_180,"[[15, 4, 16, 5], [17, 21, 18, 20], [19, 3, 20, 2], [21, 9, 22, 8], [23, 13, 24, 12], [1, 19, 2, 18], [3, 14, 4, 15], [5, 16, 6, 17], [7, 23, 8, 22], [9, 6, 10, 7], [11, 1, 12, 24], [13, 10, 14, 11]]"
12a_0396_181,"[[13, 10, 14, 11], [15, 4, 16, 5], [17, 21, 18, 20], [19, 3, 20, 2], [21, 9, 22, 8], [23, 13, 24, 12], [1, 19, 2, 18], [3, 14, 4, 15], [5, 16, 6, 17], [7, 23, 8, 22], [9, 6, 10, 7], [11, 1, 12, 24]]"
12a_0396_182,"[[11, 1, 12, 24], [13, 10, 14, 11], [15, 4, 16, 5], [17, 21, 18, 20], [19, 3, 20, 2], [21, 9, 22, 8], [23, 13, 24, 12], [1, 19, 2, 18], [3, 14, 4, 15], [5, 16, 6, 17], [7, 23, 8, 22], [9, 6, 10, 7]]"
12a_0396_183,"[[9, 6, 10, 7], [11, 1, 12, 24], [13, 10, 14, 11], [15, 4, 16, 5], [17, 21, 18, 20], [19, 3, 20, 2], [21, 9, 22, 8], [23, 13, 24, 12], [1, 19, 2, 18], [3, 14, 4, 15], [5, 16, 6, 17], [7, 23, 8, 22]]"
12a_0396_184,"[[7, 23, 8, 22], [9, 6, 10, 7], [11, 1, 12, 24], [13, 10, 14, 11], [15, 4, 16, 5], [17, 21, 18, 20], [19, 3, 20, 2], [21, 9, 22, 8], [23, 13, 24, 12], [1, 19, 2, 18], [3, 14, 4, 15], [5, 16, 6, 17]]"
12a_0396_185,"[[5, 16, 6, 17], [7, 23, 8, 22], [9, 6, 10, 7], [11, 1, 12, 24], [13, 10, 14, 11], [15, 4, 16, 5], [17, 21, 18, 20], [19, 3, 20, 2], [21, 9, 22, 8], [23, 13, 24, 12], [1, 19, 2, 18], [3, 14, 4, 15]]"
