name,pd_notation
12a_0333_0,"[[24, 7, 1, 8], [2, 6, 3, 5], [4, 11, 5, 12], [6, 16, 7, 15], [8, 22, 9, 21], [10, 17, 11, 18], [12, 3, 13, 4], [14, 19, 15, 20], [16, 2, 17, 1], [18, 13, 19, 14], [20, 24, 21, 23], [22, 10, 23, 9]]"
12a_0333_1,"[[22, 10, 23, 9], [24, 7, 1, 8], [2, 6, 3, 5], [4, 11, 5, 12], [6, 16, 7, 15], [8, 22, 9, 21], [10, 17, 11, 18], [12, 3, 13, 4], [14, 19, 15, 20], [16, 2, 17, 1], [18, 13, 19, 14], [20, 24, 21, 23]]"
12a_0333_2,"[[20, 24, 21, 23], [22, 10, 23, 9], [24, 7, 1, 8], [2, 6, 3, 5], [4, 11, 5, 12], [6, 16, 7, 15], [8, 22, 9, 21], [10, 17, 11, 18], [12, 3, 13, 4], [14, 19, 15, 20], [16, 2, 17, 1], [18, 13, 19, 14]]"
12a_0333_3,"[[18, 13, 19, 14], [20, 24, 21, 23], [22, 10, 23, 9], [24, 7, 1, 8], [2, 6, 3, 5], [4, 11, 5, 12], [6, 16, 7, 15], [8, 22, 9, 21], [10, 17, 11, 18], [12, 3, 13, 4], [14, 19, 15, 20], [16, 2, 17, 1]]"
12a_0333_4,"[[16, 2, 17, 1], [18, 13, 19, 14], [20, 24, 21, 23], [22, 10, 23, 9], [24, 7, 1, 8], [2, 6, 3, 5], [4, 11, 5, 12], [6, 16, 7, 15], [8, 22, 9, 21], [10, 17, 11, 18], [12, 3, 13, 4], [14, 19, 15, 20]]"
12a_0333_5,"[[14, 19, 15, 20], [16, 2, 17, 1], [18, 13, 19, 14], [20, 24, 21, 23], [22, 10, 23, 9], [24, 7, 1, 8], [2, 6, 3, 5], [4, 11, 5, 12], [6, 16, 7, 15], [8, 22, 9, 21], [10, 17, 11, 18], [12, 3, 13, 4]]"
12a_0333_6,"[[12, 3, 13, 4], [14, 19, 15, 20], [16, 2, 17, 1], [18, 13, 19, 14], [20, 24, 21, 23], [22, 10, 23, 9], [24, 7, 1, 8], [2, 6, 3, 5], [4, 11, 5, 12], [6, 16, 7, 15], [8, 22, 9, 21], [10, 17, 11, 18]]"
12a_0333_7,"[[10, 17, 11, 18], [12, 3, 13, 4], [14, 19, 15, 20], [16, 2, 17, 1], [18, 13, 19, 14], [20, 24, 21, 23], [22, 10, 23, 9], [24, 7, 1, 8], [2, 6, 3, 5], [4, 11, 5, 12], [6, 16, 7, 15], [8, 22, 9, 21]]"
12a_0333_8,"[[8, 22, 9, 21], [10, 17, 11, 18], [12, 3, 13, 4], [14, 19, 15, 20], [16, 2, 17, 1], [18, 13, 19, 14], [20, 24, 21, 23], [22, 10, 23, 9], [24, 7, 1, 8], [2, 6, 3, 5], [4, 11, 5, 12], [6, 16, 7, 15]]"
12a_0333_9,"[[6, 16, 7, 15], [8, 22, 9, 21], [10, 17, 11, 18], [12, 3, 13, 4], [14, 19, 15, 20], [16, 2, 17, 1], [18, 13, 19, 14], [20, 24, 21, 23], [22, 10, 23, 9], [24, 7, 1, 8], [2, 6, 3, 5], [4, 11, 5, 12]]"
12a_0333_10,"[[4, 11, 5, 12], [6, 16, 7, 15], [8, 22, 9, 21], [10, 17, 11, 18], [12, 3, 13, 4], [14, 19, 15, 20], [16, 2, 17, 1], [18, 13, 19, 14], [20, 24, 21, 23], [22, 10, 23, 9], [24, 7, 1, 8], [2, 6, 3, 5]]"
12a_0333_11,"[[2, 6, 3, 5], [4, 11, 5, 12], [6, 16, 7, 15], [8, 22, 9, 21], [10, 17, 11, 18], [12, 3, 13, 4], [14, 19, 15, 20], [16, 2, 17, 1], [18, 13, 19, 14], [20, 24, 21, 23], [22, 10, 23, 9], [24, 7, 1, 8]]"
12a_0333_12,"[[1, 8, 2, 9], [3, 7, 4, 6], [5, 12, 6, 13], [7, 17, 8, 16], [9, 23, 10, 22], [11, 18, 12, 19], [13, 4, 14, 5], [15, 20, 16, 21], [17, 3, 18, 2], [19, 14, 20, 15], [21, 1, 22, 24], [23, 11, 24, 10]]"
12a_0333_13,"[[23, 11, 24, 10], [1, 8, 2, 9], [3, 7, 4, 6], [5, 12, 6, 13], [7, 17, 8, 16], [9, 23, 10, 22], [11, 18, 12, 19], [13, 4, 14, 5], [15, 20, 16, 21], [17, 3, 18, 2], [19, 14, 20, 15], [21, 1, 22, 24]]"
12a_0333_14,"[[21, 1, 22, 24], [23, 11, 24, 10], [1, 8, 2, 9], [3, 7, 4, 6], [5, 12, 6, 13], [7, 17, 8, 16], [9, 23, 10, 22], [11, 18, 12, 19], [13, 4, 14, 5], [15, 20, 16, 21], [17, 3, 18, 2], [19, 14, 20, 15]]"
12a_0333_15,"[[19, 14, 20, 15], [21, 1, 22, 24], [23, 11, 24, 10], [1, 8, 2, 9], [3, 7, 4, 6], [5, 12, 6, 13], [7, 17, 8, 16], [9, 23, 10, 22], [11, 18, 12, 19], [13, 4, 14, 5], [15, 20, 16, 21], [17, 3, 18, 2]]"
12a_0333_16,"[[17, 3, 18, 2], [19, 14, 20, 15], [21, 1, 22, 24], [23, 11, 24, 10], [1, 8, 2, 9], [3, 7, 4, 6], [5, 12, 6, 13], [7, 17, 8, 16], [9, 23, 10, 22], [11, 18, 12, 19], [13, 4, 14, 5], [15, 20, 16, 21]]"
12a_0333_17,"[[15, 20, 16, 21], [17, 3, 18, 2], [19, 14, 20, 15], [21, 1, 22, 24], [23, 11, 24, 10], [1, 8, 2, 9], [3, 7, 4, 6], [5, 12, 6, 13], [7, 17, 8, 16], [9, 23, 10, 22], [11, 18, 12, 19], [13, 4, 14, 5]]"
12a_0333_18,"[[13, 4, 14, 5], [15, 20, 16, 21], [17, 3, 18, 2], [19, 14, 20, 15], [21, 1, 22, 24], [23, 11, 24, 10], [1, 8, 2, 9], [3, 7, 4, 6], [5, 12, 6, 13], [7, 17, 8, 16], [9, 23, 10, 22], [11, 18, 12, 19]]"
12a_0333_19,"[[11, 18, 12, 19], [13, 4, 14, 5], [15, 20, 16, 21], [17, 3, 18, 2], [19, 14, 20, 15], [21, 1, 22, 24], [23, 11, 24, 10], [1, 8, 2, 9], [3, 7, 4, 6], [5, 12, 6, 13], [7, 17, 8, 16], [9, 23, 10, 22]]"
12a_0333_20,"[[9, 23, 10, 22], [11, 18, 12, 19], [13, 4, 14, 5], [15, 20, 16, 21], [17, 3, 18, 2], [19, 14, 20, 15], [21, 1, 22, 24], [23, 11, 24, 10], [1, 8, 2, 9], [3, 7, 4, 6], [5, 12, 6, 13], [7, 17, 8, 16]]"
12a_0333_21,"[[7, 17, 8, 16], [9, 23, 10, 22], [11, 18, 12, 19], [13, 4, 14, 5], [15, 20, 16, 21], [17, 3, 18, 2], [19, 14, 20, 15], [21, 1, 22, 24], [23, 11, 24, 10], [1, 8, 2, 9], [3, 7, 4, 6], [5, 12, 6, 13]]"
12a_0333_22,"[[5, 12, 6, 13], [7, 17, 8, 16], [9, 23, 10, 22], [11, 18, 12, 19], [13, 4, 14, 5], [15, 20, 16, 21], [17, 3, 18, 2], [19, 14, 20, 15], [21, 1, 22, 24], [23, 11, 24, 10], [1, 8, 2, 9], [3, 7, 4, 6]]"
12a_0333_23,"[[3, 7, 4, 6], [5, 12, 6, 13], [7, 17, 8, 16], [9, 23, 10, 22], [11, 18, 12, 19], [13, 4, 14, 5], [15, 20, 16, 21], [17, 3, 18, 2], [19, 14, 20, 15], [21, 1, 22, 24], [23, 11, 24, 10], [1, 8, 2, 9]]"
12a_0333_24,"[[2, 9, 3, 10], [4, 8, 5, 7], [6, 13, 7, 14], [8, 18, 9, 17], [10, 24, 11, 23], [12, 19, 13, 20], [14, 5, 15, 6], [16, 21, 17, 22], [18, 4, 19, 3], [20, 15, 21, 16], [22, 2, 23, 1], [24, 12, 1, 11]]"
12a_0333_25,"[[24, 12, 1, 11], [2, 9, 3, 10], [4, 8, 5, 7], [6, 13, 7, 14], [8, 18, 9, 17], [10, 24, 11, 23], [12, 19, 13, 20], [14, 5, 15, 6], [16, 21, 17, 22], [18, 4, 19, 3], [20, 15, 21, 16], [22, 2, 23, 1]]"
12a_0333_26,"[[22, 2, 23, 1], [24, 12, 1, 11], [2, 9, 3, 10], [4, 8, 5, 7], [6, 13, 7, 14], [8, 18, 9, 17], [10, 24, 11, 23], [12, 19, 13, 20], [14, 5, 15, 6], [16, 21, 17, 22], [18, 4, 19, 3], [20, 15, 21, 16]]"
12a_0333_27,"[[20, 15, 21, 16], [22, 2, 23, 1], [24, 12, 1, 11], [2, 9, 3, 10], [4, 8, 5, 7], [6, 13, 7, 14], [8, 18, 9, 17], [10, 24, 11, 23], [12, 19, 13, 20], [14, 5, 15, 6], [16, 21, 17, 22], [18, 4, 19, 3]]"
12a_0333_28,"[[18, 4, 19, 3], [20, 15, 21, 16], [22, 2, 23, 1], [24, 12, 1, 11], [2, 9, 3, 10], [4, 8, 5, 7], [6, 13, 7, 14], [8, 18, 9, 17], [10, 24, 11, 23], [12, 19, 13, 20], [14, 5, 15, 6], [16, 21, 17, 22]]"
12a_0333_29,"[[16, 21, 17, 22], [18, 4, 19, 3], [20, 15, 21, 16], [22, 2, 23, 1], [24, 12, 1, 11], [2, 9, 3, 10], [4, 8, 5, 7], [6, 13, 7, 14], [8, 18, 9, 17], [10, 24, 11, 23], [12, 19, 13, 20], [14, 5, 15, 6]]"
12a_0333_30,"[[14, 5, 15, 6], [16, 21, 17, 22], [18, 4, 19, 3], [20, 15, 21, 16], [22, 2, 23, 1], [24, 12, 1, 11], [2, 9, 3, 10], [4, 8, 5, 7], [6, 13, 7, 14], [8, 18, 9, 17], [10, 24, 11, 23], [12, 19, 13, 20]]"
12a_0333_31,"[[12, 19, 13, 20], [14, 5, 15, 6], [16, 21, 17, 22], [18, 4, 19, 3], [20, 15, 21, 16], [22, 2, 23, 1], [24, 12, 1, 11], [2, 9, 3, 10], [4, 8, 5, 7], [6, 13, 7, 14], [8, 18, 9, 17], [10, 24, 11, 23]]"
12a_0333_32,"[[10, 24, 11, 23], [12, 19, 13, 20], [14, 5, 15, 6], [16, 21, 17, 22], [18, 4, 19, 3], [20, 15, 21, 16], [22, 2, 23, 1], [24, 12, 1, 11], [2, 9, 3, 10], [4, 8, 5, 7], [6, 13, 7, 14], [8, 18, 9, 17]]"
12a_0333_33,"[[8, 18, 9, 17], [10, 24, 11, 23], [12, 19, 13, 20], [14, 5, 15, 6], [16, 21, 17, 22], [18, 4, 19, 3], [20, 15, 21, 16], [22, 2, 23, 1], [24, 12, 1, 11], [2, 9, 3, 10], [4, 8, 5, 7], [6, 13, 7, 14]]"
12a_0333_34,"[[6, 13, 7, 14], [8, 18, 9, 17], [10, 24, 11, 23], [12, 19, 13, 20], [14, 5, 15, 6], [16, 21, 17, 22], [18, 4, 19, 3], [20, 15, 21, 16], [22, 2, 23, 1], [24, 12, 1, 11], [2, 9, 3, 10], [4, 8, 5, 7]]"
12a_0333_35,"[[4, 8, 5, 7], [6, 13, 7, 14], [8, 18, 9, 17], [10, 24, 11, 23], [12, 19, 13, 20], [14, 5, 15, 6], [16, 21, 17, 22], [18, 4, 19, 3], [20, 15, 21, 16], [22, 2, 23, 1], [24, 12, 1, 11], [2, 9, 3, 10]]"
12a_0333_36,"[[3, 10, 4, 11], [5, 9, 6, 8], [7, 14, 8, 15], [9, 19, 10, 18], [11, 1, 12, 24], [13, 20, 14, 21], [15, 6, 16, 7], [17, 22, 18, 23], [19, 5, 20, 4], [21, 16, 22, 17], [23, 3, 24, 2], [1, 13, 2, 12]]"
12a_0333_37,"[[1, 13, 2, 12], [3, 10, 4, 11], [5, 9, 6, 8], [7, 14, 8, 15], [9, 19, 10, 18], [11, 1, 12, 24], [13, 20, 14, 21], [15, 6, 16, 7], [17, 22, 18, 23], [19, 5, 20, 4], [21, 16, 22, 17], [23, 3, 24, 2]]"
12a_0333_38,"[[23, 3, 24, 2], [1, 13, 2, 12], [3, 10, 4, 11], [5, 9, 6, 8], [7, 14, 8, 15], [9, 19, 10, 18], [11, 1, 12, 24], [13, 20, 14, 21], [15, 6, 16, 7], [17, 22, 18, 23], [19, 5, 20, 4], [21, 16, 22, 17]]"
12a_0333_39,"[[21, 16, 22, 17], [23, 3, 24, 2], [1, 13, 2, 12], [3, 10, 4, 11], [5, 9, 6, 8], [7, 14, 8, 15], [9, 19, 10, 18], [11, 1, 12, 24], [13, 20, 14, 21], [15, 6, 16, 7], [17, 22, 18, 23], [19, 5, 20, 4]]"
12a_0333_40,"[[19, 5, 20, 4], [21, 16, 22, 17], [23, 3, 24, 2], [1, 13, 2, 12], [3, 10, 4, 11], [5, 9, 6, 8], [7, 14, 8, 15], [9, 19, 10, 18], [11, 1, 12, 24], [13, 20, 14, 21], [15, 6, 16, 7], [17, 22, 18, 23]]"
12a_0333_41,"[[17, 22, 18, 23], [19, 5, 20, 4], [21, 16, 22, 17], [23, 3, 24, 2], [1, 13, 2, 12], [3, 10, 4, 11], [5, 9, 6, 8], [7, 14, 8, 15], [9, 19, 10, 18], [11, 1, 12, 24], [13, 20, 14, 21], [15, 6, 16, 7]]"
12a_0333_42,"[[15, 6, 16, 7], [17, 22, 18, 23], [19, 5, 20, 4], [21, 16, 22, 17], [23, 3, 24, 2], [1, 13, 2, 12], [3, 10, 4, 11], [5, 9, 6, 8], [7, 14, 8, 15], [9, 19, 10, 18], [11, 1, 12, 24], [13, 20, 14, 21]]"
12a_0333_43,"[[13, 20, 14, 21], [15, 6, 16, 7], [17, 22, 18, 23], [19, 5, 20, 4], [21, 16, 22, 17], [23, 3, 24, 2], [1, 13, 2, 12], [3, 10, 4, 11], [5, 9, 6, 8], [7, 14, 8, 15], [9, 19, 10, 18], [11, 1, 12, 24]]"
12a_0333_44,"[[11, 1, 12, 24], [13, 20, 14, 21], [15, 6, 16, 7], [17, 22, 18, 23], [19, 5, 20, 4], [21, 16, 22, 17], [23, 3, 24, 2], [1, 13, 2, 12], [3, 10, 4, 11], [5, 9, 6, 8], [7, 14, 8, 15], [9, 19, 10, 18]]"
12a_0333_45,"[[9, 19, 10, 18], [11, 1, 12, 24], [13, 20, 14, 21], [15, 6, 16, 7], [17, 22, 18, 23], [19, 5, 20, 4], [21, 16, 22, 17], [23, 3, 24, 2], [1, 13, 2, 12], [3, 10, 4, 11], [5, 9, 6, 8], [7, 14, 8, 15]]"
12a_0333_46,"[[7, 14, 8, 15], [9, 19, 10, 18], [11, 1, 12, 24], [13, 20, 14, 21], [15, 6, 16, 7], [17, 22, 18, 23], [19, 5, 20, 4], [21, 16, 22, 17], [23, 3, 24, 2], [1, 13, 2, 12], [3, 10, 4, 11], [5, 9, 6, 8]]"
12a_0333_47,"[[5, 9, 6, 8], [7, 14, 8, 15], [9, 19, 10, 18], [11, 1, 12, 24], [13, 20, 14, 21], [15, 6, 16, 7], [17, 22, 18, 23], [19, 5, 20, 4], [21, 16, 22, 17], [23, 3, 24, 2], [1, 13, 2, 12], [3, 10, 4, 11]]"
12a_0333_48,"[[4, 11, 5, 12], [6, 10, 7, 9], [8, 15, 9, 16], [10, 20, 11, 19], [12, 2, 13, 1], [14, 21, 15, 22], [16, 7, 17, 8], [18, 23, 19, 24], [20, 6, 21, 5], [22, 17, 23, 18], [24, 4, 1, 3], [2, 14, 3, 13]]"
12a_0333_49,"[[2, 14, 3, 13], [4, 11, 5, 12], [6, 10, 7, 9], [8, 15, 9, 16], [10, 20, 11, 19], [12, 2, 13, 1], [14, 21, 15, 22], [16, 7, 17, 8], [18, 23, 19, 24], [20, 6, 21, 5], [22, 17, 23, 18], [24, 4, 1, 3]]"
12a_0333_50,"[[24, 4, 1, 3], [2, 14, 3, 13], [4, 11, 5, 12], [6, 10, 7, 9], [8, 15, 9, 16], [10, 20, 11, 19], [12, 2, 13, 1], [14, 21, 15, 22], [16, 7, 17, 8], [18, 23, 19, 24], [20, 6, 21, 5], [22, 17, 23, 18]]"
12a_0333_51,"[[22, 17, 23, 18], [24, 4, 1, 3], [2, 14, 3, 13], [4, 11, 5, 12], [6, 10, 7, 9], [8, 15, 9, 16], [10, 20, 11, 19], [12, 2, 13, 1], [14, 21, 15, 22], [16, 7, 17, 8], [18, 23, 19, 24], [20, 6, 21, 5]]"
12a_0333_52,"[[20, 6, 21, 5], [22, 17, 23, 18], [24, 4, 1, 3], [2, 14, 3, 13], [4, 11, 5, 12], [6, 10, 7, 9], [8, 15, 9, 16], [10, 20, 11, 19], [12, 2, 13, 1], [14, 21, 15, 22], [16, 7, 17, 8], [18, 23, 19, 24]]"
12a_0333_53,"[[18, 23, 19, 24], [20, 6, 21, 5], [22, 17, 23, 18], [24, 4, 1, 3], [2, 14, 3, 13], [4, 11, 5, 12], [6, 10, 7, 9], [8, 15, 9, 16], [10, 20, 11, 19], [12, 2, 13, 1], [14, 21, 15, 22], [16, 7, 17, 8]]"
12a_0333_54,"[[16, 7, 17, 8], [18, 23, 19, 24], [20, 6, 21, 5], [22, 17, 23, 18], [24, 4, 1, 3], [2, 14, 3, 13], [4, 11, 5, 12], [6, 10, 7, 9], [8, 15, 9, 16], [10, 20, 11, 19], [12, 2, 13, 1], [14, 21, 15, 22]]"
12a_0333_55,"[[14, 21, 15, 22], [16, 7, 17, 8], [18, 23, 19, 24], [20, 6, 21, 5], [22, 17, 23, 18], [24, 4, 1, 3], [2, 14, 3, 13], [4, 11, 5, 12], [6, 10, 7, 9], [8, 15, 9, 16], [10, 20, 11, 19], [12, 2, 13, 1]]"
12a_0333_56,"[[12, 2, 13, 1], [14, 21, 15, 22], [16, 7, 17, 8], [18, 23, 19, 24], [20, 6, 21, 5], [22, 17, 23, 18], [24, 4, 1, 3], [2, 14, 3, 13], [4, 11, 5, 12], [6, 10, 7, 9], [8, 15, 9, 16], [10, 20, 11, 19]]"
12a_0333_57,"[[10, 20, 11, 19], [12, 2, 13, 1], [14, 21, 15, 22], [16, 7, 17, 8], [18, 23, 19, 24], [20, 6, 21, 5], [22, 17, 23, 18], [24, 4, 1, 3], [2, 14, 3, 13], [4, 11, 5, 12], [6, 10, 7, 9], [8, 15, 9, 16]]"
12a_0333_58,"[[8, 15, 9, 16], [10, 20, 11, 19], [12, 2, 13, 1], [14, 21, 15, 22], [16, 7, 17, 8], [18, 23, 19, 24], [20, 6, 21, 5], [22, 17, 23, 18], [24, 4, 1, 3], [2, 14, 3, 13], [4, 11, 5, 12], [6, 10, 7, 9]]"
12a_0333_59,"[[6, 10, 7, 9], [8, 15, 9, 16], [10, 20, 11, 19], [12, 2, 13, 1], [14, 21, 15, 22], [16, 7, 17, 8], [18, 23, 19, 24], [20, 6, 21, 5], [22, 17, 23, 18], [24, 4, 1, 3], [2, 14, 3, 13], [4, 11, 5, 12]]"
12a_0333_60,"[[5, 12, 6, 13], [7, 11, 8, 10], [9, 16, 10, 17], [11, 21, 12, 20], [13, 3, 14, 2], [15, 22, 16, 23], [17, 8, 18, 9], [19, 24, 20, 1], [21, 7, 22, 6], [23, 18, 24, 19], [1, 5, 2, 4], [3, 15, 4, 14]]"
12a_0333_61,"[[3, 15, 4, 14], [5, 12, 6, 13], [7, 11, 8, 10], [9, 16, 10, 17], [11, 21, 12, 20], [13, 3, 14, 2], [15, 22, 16, 23], [17, 8, 18, 9], [19, 24, 20, 1], [21, 7, 22, 6], [23, 18, 24, 19], [1, 5, 2, 4]]"
12a_0333_62,"[[1, 5, 2, 4], [3, 15, 4, 14], [5, 12, 6, 13], [7, 11, 8, 10], [9, 16, 10, 17], [11, 21, 12, 20], [13, 3, 14, 2], [15, 22, 16, 23], [17, 8, 18, 9], [19, 24, 20, 1], [21, 7, 22, 6], [23, 18, 24, 19]]"
12a_0333_63,"[[23, 18, 24, 19], [1, 5, 2, 4], [3, 15, 4, 14], [5, 12, 6, 13], [7, 11, 8, 10], [9, 16, 10, 17], [11, 21, 12, 20], [13, 3, 14, 2], [15, 22, 16, 23], [17, 8, 18, 9], [19, 24, 20, 1], [21, 7, 22, 6]]"
12a_0333_64,"[[21, 7, 22, 6], [23, 18, 24, 19], [1, 5, 2, 4], [3, 15, 4, 14], [5, 12, 6, 13], [7, 11, 8, 10], [9, 16, 10, 17], [11, 21, 12, 20], [13, 3, 14, 2], [15, 22, 16, 23], [17, 8, 18, 9], [19, 24, 20, 1]]"
12a_0333_65,"[[19, 24, 20, 1], [21, 7, 22, 6], [23, 18, 24, 19], [1, 5, 2, 4], [3, 15, 4, 14], [5, 12, 6, 13], [7, 11, 8, 10], [9, 16, 10, 17], [11, 21, 12, 20], [13, 3, 14, 2], [15, 22, 16, 23], [17, 8, 18, 9]]"
12a_0333_66,"[[17, 8, 18, 9], [19, 24, 20, 1], [21, 7, 22, 6], [23, 18, 24, 19], [1, 5, 2, 4], [3, 15, 4, 14], [5, 12, 6, 13], [7, 11, 8, 10], [9, 16, 10, 17], [11, 21, 12, 20], [13, 3, 14, 2], [15, 22, 16, 23]]"
12a_0333_67,"[[15, 22, 16, 23], [17, 8, 18, 9], [19, 24, 20, 1], [21, 7, 22, 6], [23, 18, 24, 19], [1, 5, 2, 4], [3, 15, 4, 14], [5, 12, 6, 13], [7, 11, 8, 10], [9, 16, 10, 17], [11, 21, 12, 20], [13, 3, 14, 2]]"
12a_0333_68,"[[13, 3, 14, 2], [15, 22, 16, 23], [17, 8, 18, 9], [19, 24, 20, 1], [21, 7, 22, 6], [23, 18, 24, 19], [1, 5, 2, 4], [3, 15, 4, 14], [5, 12, 6, 13], [7, 11, 8, 10], [9, 16, 10, 17], [11, 21, 12, 20]]"
12a_0333_69,"[[11, 21, 12, 20], [13, 3, 14, 2], [15, 22, 16, 23], [17, 8, 18, 9], [19, 24, 20, 1], [21, 7, 22, 6], [23, 18, 24, 19], [1, 5, 2, 4], [3, 15, 4, 14], [5, 12, 6, 13], [7, 11, 8, 10], [9, 16, 10, 17]]"
12a_0333_70,"[[9, 16, 10, 17], [11, 21, 12, 20], [13, 3, 14, 2], [15, 22, 16, 23], [17, 8, 18, 9], [19, 24, 20, 1], [21, 7, 22, 6], [23, 18, 24, 19], [1, 5, 2, 4], [3, 15, 4, 14], [5, 12, 6, 13], [7, 11, 8, 10]]"
12a_0333_71,"[[7, 11, 8, 10], [9, 16, 10, 17], [11, 21, 12, 20], [13, 3, 14, 2], [15, 22, 16, 23], [17, 8, 18, 9], [19, 24, 20, 1], [21, 7, 22, 6], [23, 18, 24, 19], [1, 5, 2, 4], [3, 15, 4, 14], [5, 12, 6, 13]]"
12a_0333_72,"[[6, 13, 7, 14], [8, 12, 9, 11], [10, 17, 11, 18], [12, 22, 13, 21], [14, 4, 15, 3], [16, 23, 17, 24], [18, 9, 19, 10], [20, 1, 21, 2], [22, 8, 23, 7], [24, 19, 1, 20], [2, 6, 3, 5], [4, 16, 5, 15]]"
12a_0333_73,"[[4, 16, 5, 15], [6, 13, 7, 14], [8, 12, 9, 11], [10, 17, 11, 18], [12, 22, 13, 21], [14, 4, 15, 3], [16, 23, 17, 24], [18, 9, 19, 10], [20, 1, 21, 2], [22, 8, 23, 7], [24, 19, 1, 20], [2, 6, 3, 5]]"
12a_0333_74,"[[2, 6, 3, 5], [4, 16, 5, 15], [6, 13, 7, 14], [8, 12, 9, 11], [10, 17, 11, 18], [12, 22, 13, 21], [14, 4, 15, 3], [16, 23, 17, 24], [18, 9, 19, 10], [20, 1, 21, 2], [22, 8, 23, 7], [24, 19, 1, 20]]"
12a_0333_75,"[[24, 19, 1, 20], [2, 6, 3, 5], [4, 16, 5, 15], [6, 13, 7, 14], [8, 12, 9, 11], [10, 17, 11, 18], [12, 22, 13, 21], [14, 4, 15, 3], [16, 23, 17, 24], [18, 9, 19, 10], [20, 1, 21, 2], [22, 8, 23, 7]]"
12a_0333_76,"[[22, 8, 23, 7], [24, 19, 1, 20], [2, 6, 3, 5], [4, 16, 5, 15], [6, 13, 7, 14], [8, 12, 9, 11], [10, 17, 11, 18], [12, 22, 13, 21], [14, 4, 15, 3], [16, 23, 17, 24], [18, 9, 19, 10], [20, 1, 21, 2]]"
12a_0333_77,"[[20, 1, 21, 2], [22, 8, 23, 7], [24, 19, 1, 20], [2, 6, 3, 5], [4, 16, 5, 15], [6, 13, 7, 14], [8, 12, 9, 11], [10, 17, 11, 18], [12, 22, 13, 21], [14, 4, 15, 3], [16, 23, 17, 24], [18, 9, 19, 10]]"
12a_0333_78,"[[18, 9, 19, 10], [20, 1, 21, 2], [22, 8, 23, 7], [24, 19, 1, 20], [2, 6, 3, 5], [4, 16, 5, 15], [6, 13, 7, 14], [8, 12, 9, 11], [10, 17, 11, 18], [12, 22, 13, 21], [14, 4, 15, 3], [16, 23, 17, 24]]"
12a_0333_79,"[[16, 23, 17, 24], [18, 9, 19, 10], [20, 1, 21, 2], [22, 8, 23, 7], [24, 19, 1, 20], [2, 6, 3, 5], [4, 16, 5, 15], [6, 13, 7, 14], [8, 12, 9, 11], [10, 17, 11, 18], [12, 22, 13, 21], [14, 4, 15, 3]]"
12a_0333_80,"[[14, 4, 15, 3], [16, 23, 17, 24], [18, 9, 19, 10], [20, 1, 21, 2], [22, 8, 23, 7], [24, 19, 1, 20], [2, 6, 3, 5], [4, 16, 5, 15], [6, 13, 7, 14], [8, 12, 9, 11], [10, 17, 11, 18], [12, 22, 13, 21]]"
12a_0333_81,"[[12, 22, 13, 21], [14, 4, 15, 3], [16, 23, 17, 24], [18, 9, 19, 10], [20, 1, 21, 2], [22, 8, 23, 7], [24, 19, 1, 20], [2, 6, 3, 5], [4, 16, 5, 15], [6, 13, 7, 14], [8, 12, 9, 11], [10, 17, 11, 18]]"
12a_0333_82,"[[10, 17, 11, 18], [12, 22, 13, 21], [14, 4, 15, 3], [16, 23, 17, 24], [18, 9, 19, 10], [20, 1, 21, 2], [22, 8, 23, 7], [24, 19, 1, 20], [2, 6, 3, 5], [4, 16, 5, 15], [6, 13, 7, 14], [8, 12, 9, 11]]"
12a_0333_83,"[[8, 12, 9, 11], [10, 17, 11, 18], [12, 22, 13, 21], [14, 4, 15, 3], [16, 23, 17, 24], [18, 9, 19, 10], [20, 1, 21, 2], [22, 8, 23, 7], [24, 19, 1, 20], [2, 6, 3, 5], [4, 16, 5, 15], [6, 13, 7, 14]]"
12a_0333_84,"[[7, 14, 8, 15], [9, 13, 10, 12], [11, 18, 12, 19], [13, 23, 14, 22], [15, 5, 16, 4], [17, 24, 18, 1], [19, 10, 20, 11], [21, 2, 22, 3], [23, 9, 24, 8], [1, 20, 2, 21], [3, 7, 4, 6], [5, 17, 6, 16]]"
12a_0333_85,"[[5, 17, 6, 16], [7, 14, 8, 15], [9, 13, 10, 12], [11, 18, 12, 19], [13, 23, 14, 22], [15, 5, 16, 4], [17, 24, 18, 1], [19, 10, 20, 11], [21, 2, 22, 3], [23, 9, 24, 8], [1, 20, 2, 21], [3, 7, 4, 6]]"
12a_0333_86,"[[3, 7, 4, 6], [5, 17, 6, 16], [7, 14, 8, 15], [9, 13, 10, 12], [11, 18, 12, 19], [13, 23, 14, 22], [15, 5, 16, 4], [17, 24, 18, 1], [19, 10, 20, 11], [21, 2, 22, 3], [23, 9, 24, 8], [1, 20, 2, 21]]"
12a_0333_87,"[[1, 20, 2, 21], [3, 7, 4, 6], [5, 17, 6, 16], [7, 14, 8, 15], [9, 13, 10, 12], [11, 18, 12, 19], [13, 23, 14, 22], [15, 5, 16, 4], [17, 24, 18, 1], [19, 10, 20, 11], [21, 2, 22, 3], [23, 9, 24, 8]]"
12a_0333_88,"[[23, 9, 24, 8], [1, 20, 2, 21], [3, 7, 4, 6], [5, 17, 6, 16], [7, 14, 8, 15], [9, 13, 10, 12], [11, 18, 12, 19], [13, 23, 14, 22], [15, 5, 16, 4], [17, 24, 18, 1], [19, 10, 20, 11], [21, 2, 22, 3]]"
12a_0333_89,"[[21, 2, 22, 3], [23, 9, 24, 8], [1, 20, 2, 21], [3, 7, 4, 6], [5, 17, 6, 16], [7, 14, 8, 15], [9, 13, 10, 12], [11, 18, 12, 19], [13, 23, 14, 22], [15, 5, 16, 4], [17, 24, 18, 1], [19, 10, 20, 11]]"
12a_0333_90,"[[19, 10, 20, 11], [21, 2, 22, 3], [23, 9, 24, 8], [1, 20, 2, 21], [3, 7, 4, 6], [5, 17, 6, 16], [7, 14, 8, 15], [9, 13, 10, 12], [11, 18, 12, 19], [13, 23, 14, 22], [15, 5, 16, 4], [17, 24, 18, 1]]"
12a_0333_91,"[[17, 24, 18, 1], [19, 10, 20, 11], [21, 2, 22, 3], [23, 9, 24, 8], [1, 20, 2, 21], [3, 7, 4, 6], [5, 17, 6, 16], [7, 14, 8, 15], [9, 13, 10, 12], [11, 18, 12, 19], [13, 23, 14, 22], [15, 5, 16, 4]]"
12a_0333_92,"[[15, 5, 16, 4], [17, 24, 18, 1], [19, 10, 20, 11], [21, 2, 22, 3], [23, 9, 24, 8], [1, 20, 2, 21], [3, 7, 4, 6], [5, 17, 6, 16], [7, 14, 8, 15], [9, 13, 10, 12], [11, 18, 12, 19], [13, 23, 14, 22]]"
12a_0333_93,"[[13, 23, 14, 22], [15, 5, 16, 4], [17, 24, 18, 1], [19, 10, 20, 11], [21, 2, 22, 3], [23, 9, 24, 8], [1, 20, 2, 21], [3, 7, 4, 6], [5, 17, 6, 16], [7, 14, 8, 15], [9, 13, 10, 12], [11, 18, 12, 19]]"
12a_0333_94,"[[11, 18, 12, 19], [13, 23, 14, 22], [15, 5, 16, 4], [17, 24, 18, 1], [19, 10, 20, 11], [21, 2, 22, 3], [23, 9, 24, 8], [1, 20, 2, 21], [3, 7, 4, 6], [5, 17, 6, 16], [7, 14, 8, 15], [9, 13, 10, 12]]"
12a_0333_95,"[[9, 13, 10, 12], [11, 18, 12, 19], [13, 23, 14, 22], [15, 5, 16, 4], [17, 24, 18, 1], [19, 10, 20, 11], [21, 2, 22, 3], [23, 9, 24, 8], [1, 20, 2, 21], [3, 7, 4, 6], [5, 17, 6, 16], [7, 14, 8, 15]]"
12a_0333_96,"[[8, 15, 9, 16], [10, 14, 11, 13], [12, 19, 13, 20], [14, 24, 15, 23], [16, 6, 17, 5], [18, 1, 19, 2], [20, 11, 21, 12], [22, 3, 23, 4], [24, 10, 1, 9], [2, 21, 3, 22], [4, 8, 5, 7], [6, 18, 7, 17]]"
12a_0333_97,"[[6, 18, 7, 17], [8, 15, 9, 16], [10, 14, 11, 13], [12, 19, 13, 20], [14, 24, 15, 23], [16, 6, 17, 5], [18, 1, 19, 2], [20, 11, 21, 12], [22, 3, 23, 4], [24, 10, 1, 9], [2, 21, 3, 22], [4, 8, 5, 7]]"
12a_0333_98,"[[4, 8, 5, 7], [6, 18, 7, 17], [8, 15, 9, 16], [10, 14, 11, 13], [12, 19, 13, 20], [14, 24, 15, 23], [16, 6, 17, 5], [18, 1, 19, 2], [20, 11, 21, 12], [22, 3, 23, 4], [24, 10, 1, 9], [2, 21, 3, 22]]"
12a_0333_99,"[[2, 21, 3, 22], [4, 8, 5, 7], [6, 18, 7, 17], [8, 15, 9, 16], [10, 14, 11, 13], [12, 19, 13, 20], [14, 24, 15, 23], [16, 6, 17, 5], [18, 1, 19, 2], [20, 11, 21, 12], [22, 3, 23, 4], [24, 10, 1, 9]]"
12a_0333_100,"[[24, 10, 1, 9], [2, 21, 3, 22], [4, 8, 5, 7], [6, 18, 7, 17], [8, 15, 9, 16], [10, 14, 11, 13], [12, 19, 13, 20], [14, 24, 15, 23], [16, 6, 17, 5], [18, 1, 19, 2], [20, 11, 21, 12], [22, 3, 23, 4]]"
12a_0333_101,"[[22, 3, 23, 4], [24, 10, 1, 9], [2, 21, 3, 22], [4, 8, 5, 7], [6, 18, 7, 17], [8, 15, 9, 16], [10, 14, 11, 13], [12, 19, 13, 20], [14, 24, 15, 23], [16, 6, 17, 5], [18, 1, 19, 2], [20, 11, 21, 12]]"
12a_0333_102,"[[20, 11, 21, 12], [22, 3, 23, 4], [24, 10, 1, 9], [2, 21, 3, 22], [4, 8, 5, 7], [6, 18, 7, 17], [8, 15, 9, 16], [10, 14, 11, 13], [12, 19, 13, 20], [14, 24, 15, 23], [16, 6, 17, 5], [18, 1, 19, 2]]"
12a_0333_103,"[[18, 1, 19, 2], [20, 11, 21, 12], [22, 3, 23, 4], [24, 10, 1, 9], [2, 21, 3, 22], [4, 8, 5, 7], [6, 18, 7, 17], [8, 15, 9, 16], [10, 14, 11, 13], [12, 19, 13, 20], [14, 24, 15, 23], [16, 6, 17, 5]]"
12a_0333_104,"[[16, 6, 17, 5], [18, 1, 19, 2], [20, 11, 21, 12], [22, 3, 23, 4], [24, 10, 1, 9], [2, 21, 3, 22], [4, 8, 5, 7], [6, 18, 7, 17], [8, 15, 9, 16], [10, 14, 11, 13], [12, 19, 13, 20], [14, 24, 15, 23]]"
12a_0333_105,"[[14, 24, 15, 23], [16, 6, 17, 5], [18, 1, 19, 2], [20, 11, 21, 12], [22, 3, 23, 4], [24, 10, 1, 9], [2, 21, 3, 22], [4, 8, 5, 7], [6, 18, 7, 17], [8, 15, 9, 16], [10, 14, 11, 13], [12, 19, 13, 20]]"
12a_0333_106,"[[12, 19, 13, 20], [14, 24, 15, 23], [16, 6, 17, 5], [18, 1, 19, 2], [20, 11, 21, 12], [22, 3, 23, 4], [24, 10, 1, 9], [2, 21, 3, 22], [4, 8, 5, 7], [6, 18, 7, 17], [8, 15, 9, 16], [10, 14, 11, 13]]"
12a_0333_107,"[[10, 14, 11, 13], [12, 19, 13, 20], [14, 24, 15, 23], [16, 6, 17, 5], [18, 1, 19, 2], [20, 11, 21, 12], [22, 3, 23, 4], [24, 10, 1, 9], [2, 21, 3, 22], [4, 8, 5, 7], [6, 18, 7, 17], [8, 15, 9, 16]]"
12a_0333_108,"[[9, 16, 10, 17], [11, 15, 12, 14], [13, 20, 14, 21], [15, 1, 16, 24], [17, 7, 18, 6], [19, 2, 20, 3], [21, 12, 22, 13], [23, 4, 24, 5], [1, 11, 2, 10], [3, 22, 4, 23], [5, 9, 6, 8], [7, 19, 8, 18]]"
12a_0333_109,"[[7, 19, 8, 18], [9, 16, 10, 17], [11, 15, 12, 14], [13, 20, 14, 21], [15, 1, 16, 24], [17, 7, 18, 6], [19, 2, 20, 3], [21, 12, 22, 13], [23, 4, 24, 5], [1, 11, 2, 10], [3, 22, 4, 23], [5, 9, 6, 8]]"
12a_0333_110,"[[5, 9, 6, 8], [7, 19, 8, 18], [9, 16, 10, 17], [11, 15, 12, 14], [13, 20, 14, 21], [15, 1, 16, 24], [17, 7, 18, 6], [19, 2, 20, 3], [21, 12, 22, 13], [23, 4, 24, 5], [1, 11, 2, 10], [3, 22, 4, 23]]"
12a_0333_111,"[[3, 22, 4, 23], [5, 9, 6, 8], [7, 19, 8, 18], [9, 16, 10, 17], [11, 15, 12, 14], [13, 20, 14, 21], [15, 1, 16, 24], [17, 7, 18, 6], [19, 2, 20, 3], [21, 12, 22, 13], [23, 4, 24, 5], [1, 11, 2, 10]]"
12a_0333_112,"[[1, 11, 2, 10], [3, 22, 4, 23], [5, 9, 6, 8], [7, 19, 8, 18], [9, 16, 10, 17], [11, 15, 12, 14], [13, 20, 14, 21], [15, 1, 16, 24], [17, 7, 18, 6], [19, 2, 20, 3], [21, 12, 22, 13], [23, 4, 24, 5]]"
12a_0333_113,"[[23, 4, 24, 5], [1, 11, 2, 10], [3, 22, 4, 23], [5, 9, 6, 8], [7, 19, 8, 18], [9, 16, 10, 17], [11, 15, 12, 14], [13, 20, 14, 21], [15, 1, 16, 24], [17, 7, 18, 6], [19, 2, 20, 3], [21, 12, 22, 13]]"
12a_0333_114,"[[21, 12, 22, 13], [23, 4, 24, 5], [1, 11, 2, 10], [3, 22, 4, 23], [5, 9, 6, 8], [7, 19, 8, 18], [9, 16, 10, 17], [11, 15, 12, 14], [13, 20, 14, 21], [15, 1, 16, 24], [17, 7, 18, 6], [19, 2, 20, 3]]"
12a_0333_115,"[[19, 2, 20, 3], [21, 12, 22, 13], [23, 4, 24, 5], [1, 11, 2, 10], [3, 22, 4, 23], [5, 9, 6, 8], [7, 19, 8, 18], [9, 16, 10, 17], [11, 15, 12, 14], [13, 20, 14, 21], [15, 1, 16, 24], [17, 7, 18, 6]]"
12a_0333_116,"[[17, 7, 18, 6], [19, 2, 20, 3], [21, 12, 22, 13], [23, 4, 24, 5], [1, 11, 2, 10], [3, 22, 4, 23], [5, 9, 6, 8], [7, 19, 8, 18], [9, 16, 10, 17], [11, 15, 12, 14], [13, 20, 14, 21], [15, 1, 16, 24]]"
12a_0333_117,"[[15, 1, 16, 24], [17, 7, 18, 6], [19, 2, 20, 3], [21, 12, 22, 13], [23, 4, 24, 5], [1, 11, 2, 10], [3, 22, 4, 23], [5, 9, 6, 8], [7, 19, 8, 18], [9, 16, 10, 17], [11, 15, 12, 14], [13, 20, 14, 21]]"
12a_0333_118,"[[13, 20, 14, 21], [15, 1, 16, 24], [17, 7, 18, 6], [19, 2, 20, 3], [21, 12, 22, 13], [23, 4, 24, 5], [1, 11, 2, 10], [3, 22, 4, 23], [5, 9, 6, 8], [7, 19, 8, 18], [9, 16, 10, 17], [11, 15, 12, 14]]"
12a_0333_119,"[[11, 15, 12, 14], [13, 20, 14, 21], [15, 1, 16, 24], [17, 7, 18, 6], [19, 2, 20, 3], [21, 12, 22, 13], [23, 4, 24, 5], [1, 11, 2, 10], [3, 22, 4, 23], [5, 9, 6, 8], [7, 19, 8, 18], [9, 16, 10, 17]]"
12a_0333_120,"[[10, 17, 11, 18], [12, 16, 13, 15], [14, 21, 15, 22], [16, 2, 17, 1], [18, 8, 19, 7], [20, 3, 21, 4], [22, 13, 23, 14], [24, 5, 1, 6], [2, 12, 3, 11], [4, 23, 5, 24], [6, 10, 7, 9], [8, 20, 9, 19]]"
12a_0333_121,"[[8, 20, 9, 19], [10, 17, 11, 18], [12, 16, 13, 15], [14, 21, 15, 22], [16, 2, 17, 1], [18, 8, 19, 7], [20, 3, 21, 4], [22, 13, 23, 14], [24, 5, 1, 6], [2, 12, 3, 11], [4, 23, 5, 24], [6, 10, 7, 9]]"
12a_0333_122,"[[6, 10, 7, 9], [8, 20, 9, 19], [10, 17, 11, 18], [12, 16, 13, 15], [14, 21, 15, 22], [16, 2, 17, 1], [18, 8, 19, 7], [20, 3, 21, 4], [22, 13, 23, 14], [24, 5, 1, 6], [2, 12, 3, 11], [4, 23, 5, 24]]"
12a_0333_123,"[[4, 23, 5, 24], [6, 10, 7, 9], [8, 20, 9, 19], [10, 17, 11, 18], [12, 16, 13, 15], [14, 21, 15, 22], [16, 2, 17, 1], [18, 8, 19, 7], [20, 3, 21, 4], [22, 13, 23, 14], [24, 5, 1, 6], [2, 12, 3, 11]]"
12a_0333_124,"[[2, 12, 3, 11], [4, 23, 5, 24], [6, 10, 7, 9], [8, 20, 9, 19], [10, 17, 11, 18], [12, 16, 13, 15], [14, 21, 15, 22], [16, 2, 17, 1], [18, 8, 19, 7], [20, 3, 21, 4], [22, 13, 23, 14], [24, 5, 1, 6]]"
12a_0333_125,"[[24, 5, 1, 6], [2, 12, 3, 11], [4, 23, 5, 24], [6, 10, 7, 9], [8, 20, 9, 19], [10, 17, 11, 18], [12, 16, 13, 15], [14, 21, 15, 22], [16, 2, 17, 1], [18, 8, 19, 7], [20, 3, 21, 4], [22, 13, 23, 14]]"
12a_0333_126,"[[22, 13, 23, 14], [24, 5, 1, 6], [2, 12, 3, 11], [4, 23, 5, 24], [6, 10, 7, 9], [8, 20, 9, 19], [10, 17, 11, 18], [12, 16, 13, 15], [14, 21, 15, 22], [16, 2, 17, 1], [18, 8, 19, 7], [20, 3, 21, 4]]"
12a_0333_127,"[[20, 3, 21, 4], [22, 13, 23, 14], [24, 5, 1, 6], [2, 12, 3, 11], [4, 23, 5, 24], [6, 10, 7, 9], [8, 20, 9, 19], [10, 17, 11, 18], [12, 16, 13, 15], [14, 21, 15, 22], [16, 2, 17, 1], [18, 8, 19, 7]]"
12a_0333_128,"[[18, 8, 19, 7], [20, 3, 21, 4], [22, 13, 23, 14], [24, 5, 1, 6], [2, 12, 3, 11], [4, 23, 5, 24], [6, 10, 7, 9], [8, 20, 9, 19], [10, 17, 11, 18], [12, 16, 13, 15], [14, 21, 15, 22], [16, 2, 17, 1]]"
12a_0333_129,"[[16, 2, 17, 1], [18, 8, 19, 7], [20, 3, 21, 4], [22, 13, 23, 14], [24, 5, 1, 6], [2, 12, 3, 11], [4, 23, 5, 24], [6, 10, 7, 9], [8, 20, 9, 19], [10, 17, 11, 18], [12, 16, 13, 15], [14, 21, 15, 22]]"
12a_0333_130,"[[14, 21, 15, 22], [16, 2, 17, 1], [18, 8, 19, 7], [20, 3, 21, 4], [22, 13, 23, 14], [24, 5, 1, 6], [2, 12, 3, 11], [4, 23, 5, 24], [6, 10, 7, 9], [8, 20, 9, 19], [10, 17, 11, 18], [12, 16, 13, 15]]"
12a_0333_131,"[[12, 16, 13, 15], [14, 21, 15, 22], [16, 2, 17, 1], [18, 8, 19, 7], [20, 3, 21, 4], [22, 13, 23, 14], [24, 5, 1, 6], [2, 12, 3, 11], [4, 23, 5, 24], [6, 10, 7, 9], [8, 20, 9, 19], [10, 17, 11, 18]]"
12a_0333_132,"[[11, 18, 12, 19], [13, 17, 14, 16], [15, 22, 16, 23], [17, 3, 18, 2], [19, 9, 20, 8], [21, 4, 22, 5], [23, 14, 24, 15], [1, 6, 2, 7], [3, 13, 4, 12], [5, 24, 6, 1], [7, 11, 8, 10], [9, 21, 10, 20]]"
12a_0333_133,"[[9, 21, 10, 20], [11, 18, 12, 19], [13, 17, 14, 16], [15, 22, 16, 23], [17, 3, 18, 2], [19, 9, 20, 8], [21, 4, 22, 5], [23, 14, 24, 15], [1, 6, 2, 7], [3, 13, 4, 12], [5, 24, 6, 1], [7, 11, 8, 10]]"
12a_0333_134,"[[7, 11, 8, 10], [9, 21, 10, 20], [11, 18, 12, 19], [13, 17, 14, 16], [15, 22, 16, 23], [17, 3, 18, 2], [19, 9, 20, 8], [21, 4, 22, 5], [23, 14, 24, 15], [1, 6, 2, 7], [3, 13, 4, 12], [5, 24, 6, 1]]"
12a_0333_135,"[[5, 24, 6, 1], [7, 11, 8, 10], [9, 21, 10, 20], [11, 18, 12, 19], [13, 17, 14, 16], [15, 22, 16, 23], [17, 3, 18, 2], [19, 9, 20, 8], [21, 4, 22, 5], [23, 14, 24, 15], [1, 6, 2, 7], [3, 13, 4, 12]]"
12a_0333_136,"[[3, 13, 4, 12], [5, 24, 6, 1], [7, 11, 8, 10], [9, 21, 10, 20], [11, 18, 12, 19], [13, 17, 14, 16], [15, 22, 16, 23], [17, 3, 18, 2], [19, 9, 20, 8], [21, 4, 22, 5], [23, 14, 24, 15], [1, 6, 2, 7]]"
12a_0333_137,"[[1, 6, 2, 7], [3, 13, 4, 12], [5, 24, 6, 1], [7, 11, 8, 10], [9, 21, 10, 20], [11, 18, 12, 19], [13, 17, 14, 16], [15, 22, 16, 23], [17, 3, 18, 2], [19, 9, 20, 8], [21, 4, 22, 5], [23, 14, 24, 15]]"
12a_0333_138,"[[23, 14, 24, 15], [1, 6, 2, 7], [3, 13, 4, 12], [5, 24, 6, 1], [7, 11, 8, 10], [9, 21, 10, 20], [11, 18, 12, 19], [13, 17, 14, 16], [15, 22, 16, 23], [17, 3, 18, 2], [19, 9, 20, 8], [21, 4, 22, 5]]"
12a_0333_139,"[[21, 4, 22, 5], [23, 14, 24, 15], [1, 6, 2, 7], [3, 13, 4, 12], [5, 24, 6, 1], [7, 11, 8, 10], [9, 21, 10, 20], [11, 18, 12, 19], [13, 17, 14, 16], [15, 22, 16, 23], [17, 3, 18, 2], [19, 9, 20, 8]]"
12a_0333_140,"[[19, 9, 20, 8], [21, 4, 22, 5], [23, 14, 24, 15], [1, 6, 2, 7], [3, 13, 4, 12], [5, 24, 6, 1], [7, 11, 8, 10], [9, 21, 10, 20], [11, 18, 12, 19], [13, 17, 14, 16], [15, 22, 16, 23], [17, 3, 18, 2]]"
12a_0333_141,"[[17, 3, 18, 2], [19, 9, 20, 8], [21, 4, 22, 5], [23, 14, 24, 15], [1, 6, 2, 7], [3, 13, 4, 12], [5, 24, 6, 1], [7, 11, 8, 10], [9, 21, 10, 20], [11, 18, 12, 19], [13, 17, 14, 16], [15, 22, 16, 23]]"
12a_0333_142,"[[15, 22, 16, 23], [17, 3, 18, 2], [19, 9, 20, 8], [21, 4, 22, 5], [23, 14, 24, 15], [1, 6, 2, 7], [3, 13, 4, 12], [5, 24, 6, 1], [7, 11, 8, 10], [9, 21, 10, 20], [11, 18, 12, 19], [13, 17, 14, 16]]"
12a_0333_143,"[[13, 17, 14, 16], [15, 22, 16, 23], [17, 3, 18, 2], [19, 9, 20, 8], [21, 4, 22, 5], [23, 14, 24, 15], [1, 6, 2, 7], [3, 13, 4, 12], [5, 24, 6, 1], [7, 11, 8, 10], [9, 21, 10, 20], [11, 18, 12, 19]]"
12a_0333_144,"[[12, 19, 13, 20], [14, 18, 15, 17], [16, 23, 17, 24], [18, 4, 19, 3], [20, 10, 21, 9], [22, 5, 23, 6], [24, 15, 1, 16], [2, 7, 3, 8], [4, 14, 5, 13], [6, 1, 7, 2], [8, 12, 9, 11], [10, 22, 11, 21]]"
12a_0333_145,"[[10, 22, 11, 21], [12, 19, 13, 20], [14, 18, 15, 17], [16, 23, 17, 24], [18, 4, 19, 3], [20, 10, 21, 9], [22, 5, 23, 6], [24, 15, 1, 16], [2, 7, 3, 8], [4, 14, 5, 13], [6, 1, 7, 2], [8, 12, 9, 11]]"
12a_0333_146,"[[8, 12, 9, 11], [10, 22, 11, 21], [12, 19, 13, 20], [14, 18, 15, 17], [16, 23, 17, 24], [18, 4, 19, 3], [20, 10, 21, 9], [22, 5, 23, 6], [24, 15, 1, 16], [2, 7, 3, 8], [4, 14, 5, 13], [6, 1, 7, 2]]"
12a_0333_147,"[[6, 1, 7, 2], [8, 12, 9, 11], [10, 22, 11, 21], [12, 19, 13, 20], [14, 18, 15, 17], [16, 23, 17, 24], [18, 4, 19, 3], [20, 10, 21, 9], [22, 5, 23, 6], [24, 15, 1, 16], [2, 7, 3, 8], [4, 14, 5, 13]]"
12a_0333_148,"[[4, 14, 5, 13], [6, 1, 7, 2], [8, 12, 9, 11], [10, 22, 11, 21], [12, 19, 13, 20], [14, 18, 15, 17], [16, 23, 17, 24], [18, 4, 19, 3], [20, 10, 21, 9], [22, 5, 23, 6], [24, 15, 1, 16], [2, 7, 3, 8]]"
12a_0333_149,"[[2, 7, 3, 8], [4, 14, 5, 13], [6, 1, 7, 2], [8, 12, 9, 11], [10, 22, 11, 21], [12, 19, 13, 20], [14, 18, 15, 17], [16, 23, 17, 24], [18, 4, 19, 3], [20, 10, 21, 9], [22, 5, 23, 6], [24, 15, 1, 16]]"
12a_0333_150,"[[24, 15, 1, 16], [2, 7, 3, 8], [4, 14, 5, 13], [6, 1, 7, 2], [8, 12, 9, 11], [10, 22, 11, 21], [12, 19, 13, 20], [14, 18, 15, 17], [16, 23, 17, 24], [18, 4, 19, 3], [20, 10, 21, 9], [22, 5, 23, 6]]"
12a_0333_151,"[[22, 5, 23, 6], [24, 15, 1, 16], [2, 7, 3, 8], [4, 14, 5, 13], [6, 1, 7, 2], [8, 12, 9, 11], [10, 22, 11, 21], [12, 19, 13, 20], [14, 18, 15, 17], [16, 23, 17, 24], [18, 4, 19, 3], [20, 10, 21, 9]]"
12a_0333_152,"[[20, 10, 21, 9], [22, 5, 23, 6], [24, 15, 1, 16], [2, 7, 3, 8], [4, 14, 5, 13], [6, 1, 7, 2], [8, 12, 9, 11], [10, 22, 11, 21], [12, 19, 13, 20], [14, 18, 15, 17], [16, 23, 17, 24], [18, 4, 19, 3]]"
12a_0333_153,"[[18, 4, 19, 3], [20, 10, 21, 9], [22, 5, 23, 6], [24, 15, 1, 16], [2, 7, 3, 8], [4, 14, 5, 13], [6, 1, 7, 2], [8, 12, 9, 11], [10, 22, 11, 21], [12, 19, 13, 20], [14, 18, 15, 17], [16, 23, 17, 24]]"
12a_0333_154,"[[16, 23, 17, 24], [18, 4, 19, 3], [20, 10, 21, 9], [22, 5, 23, 6], [24, 15, 1, 16], [2, 7, 3, 8], [4, 14, 5, 13], [6, 1, 7, 2], [8, 12, 9, 11], [10, 22, 11, 21], [12, 19, 13, 20], [14, 18, 15, 17]]"
12a_0333_155,"[[14, 18, 15, 17], [16, 23, 17, 24], [18, 4, 19, 3], [20, 10, 21, 9], [22, 5, 23, 6], [24, 15, 1, 16], [2, 7, 3, 8], [4, 14, 5, 13], [6, 1, 7, 2], [8, 12, 9, 11], [10, 22, 11, 21], [12, 19, 13, 20]]"
12a_0333_156,"[[13, 20, 14, 21], [15, 19, 16, 18], [17, 24, 18, 1], [19, 5, 20, 4], [21, 11, 22, 10], [23, 6, 24, 7], [1, 16, 2, 17], [3, 8, 4, 9], [5, 15, 6, 14], [7, 2, 8, 3], [9, 13, 10, 12], [11, 23, 12, 22]]"
12a_0333_157,"[[11, 23, 12, 22], [13, 20, 14, 21], [15, 19, 16, 18], [17, 24, 18, 1], [19, 5, 20, 4], [21, 11, 22, 10], [23, 6, 24, 7], [1, 16, 2, 17], [3, 8, 4, 9], [5, 15, 6, 14], [7, 2, 8, 3], [9, 13, 10, 12]]"
12a_0333_158,"[[9, 13, 10, 12], [11, 23, 12, 22], [13, 20, 14, 21], [15, 19, 16, 18], [17, 24, 18, 1], [19, 5, 20, 4], [21, 11, 22, 10], [23, 6, 24, 7], [1, 16, 2, 17], [3, 8, 4, 9], [5, 15, 6, 14], [7, 2, 8, 3]]"
12a_0333_159,"[[7, 2, 8, 3], [9, 13, 10, 12], [11, 23, 12, 22], [13, 20, 14, 21], [15, 19, 16, 18], [17, 24, 18, 1], [19, 5, 20, 4], [21, 11, 22, 10], [23, 6, 24, 7], [1, 16, 2, 17], [3, 8, 4, 9], [5, 15, 6, 14]]"
12a_0333_160,"[[5, 15, 6, 14], [7, 2, 8, 3], [9, 13, 10, 12], [11, 23, 12, 22], [13, 20, 14, 21], [15, 19, 16, 18], [17, 24, 18, 1], [19, 5, 20, 4], [21, 11, 22, 10], [23, 6, 24, 7], [1, 16, 2, 17], [3, 8, 4, 9]]"
12a_0333_161,"[[3, 8, 4, 9], [5, 15, 6, 14], [7, 2, 8, 3], [9, 13, 10, 12], [11, 23, 12, 22], [13, 20, 14, 21], [15, 19, 16, 18], [17, 24, 18, 1], [19, 5, 20, 4], [21, 11, 22, 10], [23, 6, 24, 7], [1, 16, 2, 17]]"
12a_0333_162,"[[1, 16, 2, 17], [3, 8, 4, 9], [5, 15, 6, 14], [7, 2, 8, 3], [9, 13, 10, 12], [11, 23, 12, 22], [13, 20, 14, 21], [15, 19, 16, 18], [17, 24, 18, 1], [19, 5, 20, 4], [21, 11, 22, 10], [23, 6, 24, 7]]"
12a_0333_163,"[[23, 6, 24, 7], [1, 16, 2, 17], [3, 8, 4, 9], [5, 15, 6, 14], [7, 2, 8, 3], [9, 13, 10, 12], [11, 23, 12, 22], [13, 20, 14, 21], [15, 19, 16, 18], [17, 24, 18, 1], [19, 5, 20, 4], [21, 11, 22, 10]]"
12a_0333_164,"[[21, 11, 22, 10], [23, 6, 24, 7], [1, 16, 2, 17], [3, 8, 4, 9], [5, 15, 6, 14], [7, 2, 8, 3], [9, 13, 10, 12], [11, 23, 12, 22], [13, 20, 14, 21], [15, 19, 16, 18], [17, 24, 18, 1], [19, 5, 20, 4]]"
12a_0333_165,"[[19, 5, 20, 4], [21, 11, 22, 10], [23, 6, 24, 7], [1, 16, 2, 17], [3, 8, 4, 9], [5, 15, 6, 14], [7, 2, 8, 3], [9, 13, 10, 12], [11, 23, 12, 22], [13, 20, 14, 21], [15, 19, 16, 18], [17, 24, 18, 1]]"
12a_0333_166,"[[17, 24, 18, 1], [19, 5, 20, 4], [21, 11, 22, 10], [23, 6, 24, 7], [1, 16, 2, 17], [3, 8, 4, 9], [5, 15, 6, 14], [7, 2, 8, 3], [9, 13, 10, 12], [11, 23, 12, 22], [13, 20, 14, 21], [15, 19, 16, 18]]"
12a_0333_167,"[[15, 19, 16, 18], [17, 24, 18, 1], [19, 5, 20, 4], [21, 11, 22, 10], [23, 6, 24, 7], [1, 16, 2, 17], [3, 8, 4, 9], [5, 15, 6, 14], [7, 2, 8, 3], [9, 13, 10, 12], [11, 23, 12, 22], [13, 20, 14, 21]]"
12a_0333_168,"[[14, 21, 15, 22], [16, 20, 17, 19], [18, 1, 19, 2], [20, 6, 21, 5], [22, 12, 23, 11], [24, 7, 1, 8], [2, 17, 3, 18], [4, 9, 5, 10], [6, 16, 7, 15], [8, 3, 9, 4], [10, 14, 11, 13], [12, 24, 13, 23]]"
12a_0333_169,"[[12, 24, 13, 23], [14, 21, 15, 22], [16, 20, 17, 19], [18, 1, 19, 2], [20, 6, 21, 5], [22, 12, 23, 11], [24, 7, 1, 8], [2, 17, 3, 18], [4, 9, 5, 10], [6, 16, 7, 15], [8, 3, 9, 4], [10, 14, 11, 13]]"
12a_0333_170,"[[10, 14, 11, 13], [12, 24, 13, 23], [14, 21, 15, 22], [16, 20, 17, 19], [18, 1, 19, 2], [20, 6, 21, 5], [22, 12, 23, 11], [24, 7, 1, 8], [2, 17, 3, 18], [4, 9, 5, 10], [6, 16, 7, 15], [8, 3, 9, 4]]"
12a_0333_171,"[[8, 3, 9, 4], [10, 14, 11, 13], [12, 24, 13, 23], [14, 21, 15, 22], [16, 20, 17, 19], [18, 1, 19, 2], [20, 6, 21, 5], [22, 12, 23, 11], [24, 7, 1, 8], [2, 17, 3, 18], [4, 9, 5, 10], [6, 16, 7, 15]]"
12a_0333_172,"[[6, 16, 7, 15], [8, 3, 9, 4], [10, 14, 11, 13], [12, 24, 13, 23], [14, 21, 15, 22], [16, 20, 17, 19], [18, 1, 19, 2], [20, 6, 21, 5], [22, 12, 23, 11], [24, 7, 1, 8], [2, 17, 3, 18], [4, 9, 5, 10]]"
12a_0333_173,"[[4, 9, 5, 10], [6, 16, 7, 15], [8, 3, 9, 4], [10, 14, 11, 13], [12, 24, 13, 23], [14, 21, 15, 22], [16, 20, 17, 19], [18, 1, 19, 2], [20, 6, 21, 5], [22, 12, 23, 11], [24, 7, 1, 8], [2, 17, 3, 18]]"
12a_0333_174,"[[2, 17, 3, 18], [4, 9, 5, 10], [6, 16, 7, 15], [8, 3, 9, 4], [10, 14, 11, 13], [12, 24, 13, 23], [14, 21, 15, 22], [16, 20, 17, 19], [18, 1, 19, 2], [20, 6, 21, 5], [22, 12, 23, 11], [24, 7, 1, 8]]"
12a_0333_175,"[[24, 7, 1, 8], [2, 17, 3, 18], [4, 9, 5, 10], [6, 16, 7, 15], [8, 3, 9, 4], [10, 14, 11, 13], [12, 24, 13, 23], [14, 21, 15, 22], [16, 20, 17, 19], [18, 1, 19, 2], [20, 6, 21, 5], [22, 12, 23, 11]]"
12a_0333_176,"[[22, 12, 23, 11], [24, 7, 1, 8], [2, 17, 3, 18], [4, 9, 5, 10], [6, 16, 7, 15], [8, 3, 9, 4], [10, 14, 11, 13], [12, 24, 13, 23], [14, 21, 15, 22], [16, 20, 17, 19], [18, 1, 19, 2], [20, 6, 21, 5]]"
12a_0333_177,"[[20, 6, 21, 5], [22, 12, 23, 11], [24, 7, 1, 8], [2, 17, 3, 18], [4, 9, 5, 10], [6, 16, 7, 15], [8, 3, 9, 4], [10, 14, 11, 13], [12, 24, 13, 23], [14, 21, 15, 22], [16, 20, 17, 19], [18, 1, 19, 2]]"
12a_0333_178,"[[18, 1, 19, 2], [20, 6, 21, 5], [22, 12, 23, 11], [24, 7, 1, 8], [2, 17, 3, 18], [4, 9, 5, 10], [6, 16, 7, 15], [8, 3, 9, 4], [10, 14, 11, 13], [12, 24, 13, 23], [14, 21, 15, 22], [16, 20, 17, 19]]"
12a_0333_179,"[[16, 20, 17, 19], [18, 1, 19, 2], [20, 6, 21, 5], [22, 12, 23, 11], [24, 7, 1, 8], [2, 17, 3, 18], [4, 9, 5, 10], [6, 16, 7, 15], [8, 3, 9, 4], [10, 14, 11, 13], [12, 24, 13, 23], [14, 21, 15, 22]]"
12a_0333_180,"[[15, 22, 16, 23], [17, 21, 18, 20], [19, 2, 20, 3], [21, 7, 22, 6], [23, 13, 24, 12], [1, 8, 2, 9], [3, 18, 4, 19], [5, 10, 6, 11], [7, 17, 8, 16], [9, 4, 10, 5], [11, 15, 12, 14], [13, 1, 14, 24]]"
12a_0333_181,"[[13, 1, 14, 24], [15, 22, 16, 23], [17, 21, 18, 20], [19, 2, 20, 3], [21, 7, 22, 6], [23, 13, 24, 12], [1, 8, 2, 9], [3, 18, 4, 19], [5, 10, 6, 11], [7, 17, 8, 16], [9, 4, 10, 5], [11, 15, 12, 14]]"
12a_0333_182,"[[11, 15, 12, 14], [13, 1, 14, 24], [15, 22, 16, 23], [17, 21, 18, 20], [19, 2, 20, 3], [21, 7, 22, 6], [23, 13, 24, 12], [1, 8, 2, 9], [3, 18, 4, 19], [5, 10, 6, 11], [7, 17, 8, 16], [9, 4, 10, 5]]"
12a_0333_183,"[[9, 4, 10, 5], [11, 15, 12, 14], [13, 1, 14, 24], [15, 22, 16, 23], [17, 21, 18, 20], [19, 2, 20, 3], [21, 7, 22, 6], [23, 13, 24, 12], [1, 8, 2, 9], [3, 18, 4, 19], [5, 10, 6, 11], [7, 17, 8, 16]]"
12a_0333_184,"[[7, 17, 8, 16], [9, 4, 10, 5], [11, 15, 12, 14], [13, 1, 14, 24], [15, 22, 16, 23], [17, 21, 18, 20], [19, 2, 20, 3], [21, 7, 22, 6], [23, 13, 24, 12], [1, 8, 2, 9], [3, 18, 4, 19], [5, 10, 6, 11]]"
12a_0333_185,"[[5, 10, 6, 11], [7, 17, 8, 16], [9, 4, 10, 5], [11, 15, 12, 14], [13, 1, 14, 24], [15, 22, 16, 23], [17, 21, 18, 20], [19, 2, 20, 3], [21, 7, 22, 6], [23, 13, 24, 12], [1, 8, 2, 9], [3, 18, 4, 19]]"
