name,pd_notation
12n_0207_0,"[[11, 24, 12, 1], [2, 6, 3, 5], [4, 10, 5, 9], [6, 16, 7, 15], [8, 4, 9, 3], [19, 11, 20, 10], [23, 12, 24, 13], [14, 8, 15, 7], [21, 17, 22, 16], [13, 19, 14, 18], [1, 21, 2, 20], [17, 23, 18, 22]]"
12n_0207_1,"[[17, 23, 18, 22], [11, 24, 12, 1], [2, 6, 3, 5], [4, 10, 5, 9], [6, 16, 7, 15], [8, 4, 9, 3], [19, 11, 20, 10], [23, 12, 24, 13], [14, 8, 15, 7], [21, 17, 22, 16], [13, 19, 14, 18], [1, 21, 2, 20]]"
12n_0207_2,"[[1, 21, 2, 20], [17, 23, 18, 22], [11, 24, 12, 1], [2, 6, 3, 5], [4, 10, 5, 9], [6, 16, 7, 15], [8, 4, 9, 3], [19, 11, 20, 10], [23, 12, 24, 13], [14, 8, 15, 7], [21, 17, 22, 16], [13, 19, 14, 18]]"
12n_0207_3,"[[13, 19, 14, 18], [1, 21, 2, 20], [17, 23, 18, 22], [11, 24, 12, 1], [2, 6, 3, 5], [4, 10, 5, 9], [6, 16, 7, 15], [8, 4, 9, 3], [19, 11, 20, 10], [23, 12, 24, 13], [14, 8, 15, 7], [21, 17, 22, 16]]"
12n_0207_4,"[[21, 17, 22, 16], [13, 19, 14, 18], [1, 21, 2, 20], [17, 23, 18, 22], [11, 24, 12, 1], [2, 6, 3, 5], [4, 10, 5, 9], [6, 16, 7, 15], [8, 4, 9, 3], [19, 11, 20, 10], [23, 12, 24, 13], [14, 8, 15, 7]]"
12n_0207_5,"[[14, 8, 15, 7], [21, 17, 22, 16], [13, 19, 14, 18], [1, 21, 2, 20], [17, 23, 18, 22], [11, 24, 12, 1], [2, 6, 3, 5], [4, 10, 5, 9], [6, 16, 7, 15], [8, 4, 9, 3], [19, 11, 20, 10], [23, 12, 24, 13]]"
12n_0207_6,"[[23, 12, 24, 13], [14, 8, 15, 7], [21, 17, 22, 16], [13, 19, 14, 18], [1, 21, 2, 20], [17, 23, 18, 22], [11, 24, 12, 1], [2, 6, 3, 5], [4, 10, 5, 9], [6, 16, 7, 15], [8, 4, 9, 3], [19, 11, 20, 10]]"
12n_0207_7,"[[19, 11, 20, 10], [23, 12, 24, 13], [14, 8, 15, 7], [21, 17, 22, 16], [13, 19, 14, 18], [1, 21, 2, 20], [17, 23, 18, 22], [11, 24, 12, 1], [2, 6, 3, 5], [4, 10, 5, 9], [6, 16, 7, 15], [8, 4, 9, 3]]"
12n_0207_8,"[[8, 4, 9, 3], [19, 11, 20, 10], [23, 12, 24, 13], [14, 8, 15, 7], [21, 17, 22, 16], [13, 19, 14, 18], [1, 21, 2, 20], [17, 23, 18, 22], [11, 24, 12, 1], [2, 6, 3, 5], [4, 10, 5, 9], [6, 16, 7, 15]]"
12n_0207_9,"[[6, 16, 7, 15], [8, 4, 9, 3], [19, 11, 20, 10], [23, 12, 24, 13], [14, 8, 15, 7], [21, 17, 22, 16], [13, 19, 14, 18], [1, 21, 2, 20], [17, 23, 18, 22], [11, 24, 12, 1], [2, 6, 3, 5], [4, 10, 5, 9]]"
12n_0207_10,"[[4, 10, 5, 9], [6, 16, 7, 15], [8, 4, 9, 3], [19, 11, 20, 10], [23, 12, 24, 13], [14, 8, 15, 7], [21, 17, 22, 16], [13, 19, 14, 18], [1, 21, 2, 20], [17, 23, 18, 22], [11, 24, 12, 1], [2, 6, 3, 5]]"
12n_0207_11,"[[2, 6, 3, 5], [4, 10, 5, 9], [6, 16, 7, 15], [8, 4, 9, 3], [19, 11, 20, 10], [23, 12, 24, 13], [14, 8, 15, 7], [21, 17, 22, 16], [13, 19, 14, 18], [1, 21, 2, 20], [17, 23, 18, 22], [11, 24, 12, 1]]"
12n_0207_12,"[[12, 1, 13, 2], [3, 7, 4, 6], [5, 11, 6, 10], [7, 17, 8, 16], [9, 5, 10, 4], [20, 12, 21, 11], [24, 13, 1, 14], [15, 9, 16, 8], [22, 18, 23, 17], [14, 20, 15, 19], [2, 22, 3, 21], [18, 24, 19, 23]]"
12n_0207_13,"[[18, 24, 19, 23], [12, 1, 13, 2], [3, 7, 4, 6], [5, 11, 6, 10], [7, 17, 8, 16], [9, 5, 10, 4], [20, 12, 21, 11], [24, 13, 1, 14], [15, 9, 16, 8], [22, 18, 23, 17], [14, 20, 15, 19], [2, 22, 3, 21]]"
12n_0207_14,"[[2, 22, 3, 21], [18, 24, 19, 23], [12, 1, 13, 2], [3, 7, 4, 6], [5, 11, 6, 10], [7, 17, 8, 16], [9, 5, 10, 4], [20, 12, 21, 11], [24, 13, 1, 14], [15, 9, 16, 8], [22, 18, 23, 17], [14, 20, 15, 19]]"
12n_0207_15,"[[14, 20, 15, 19], [2, 22, 3, 21], [18, 24, 19, 23], [12, 1, 13, 2], [3, 7, 4, 6], [5, 11, 6, 10], [7, 17, 8, 16], [9, 5, 10, 4], [20, 12, 21, 11], [24, 13, 1, 14], [15, 9, 16, 8], [22, 18, 23, 17]]"
12n_0207_16,"[[22, 18, 23, 17], [14, 20, 15, 19], [2, 22, 3, 21], [18, 24, 19, 23], [12, 1, 13, 2], [3, 7, 4, 6], [5, 11, 6, 10], [7, 17, 8, 16], [9, 5, 10, 4], [20, 12, 21, 11], [24, 13, 1, 14], [15, 9, 16, 8]]"
12n_0207_17,"[[15, 9, 16, 8], [22, 18, 23, 17], [14, 20, 15, 19], [2, 22, 3, 21], [18, 24, 19, 23], [12, 1, 13, 2], [3, 7, 4, 6], [5, 11, 6, 10], [7, 17, 8, 16], [9, 5, 10, 4], [20, 12, 21, 11], [24, 13, 1, 14]]"
12n_0207_18,"[[24, 13, 1, 14], [15, 9, 16, 8], [22, 18, 23, 17], [14, 20, 15, 19], [2, 22, 3, 21], [18, 24, 19, 23], [12, 1, 13, 2], [3, 7, 4, 6], [5, 11, 6, 10], [7, 17, 8, 16], [9, 5, 10, 4], [20, 12, 21, 11]]"
12n_0207_19,"[[20, 12, 21, 11], [24, 13, 1, 14], [15, 9, 16, 8], [22, 18, 23, 17], [14, 20, 15, 19], [2, 22, 3, 21], [18, 24, 19, 23], [12, 1, 13, 2], [3, 7, 4, 6], [5, 11, 6, 10], [7, 17, 8, 16], [9, 5, 10, 4]]"
12n_0207_20,"[[9, 5, 10, 4], [20, 12, 21, 11], [24, 13, 1, 14], [15, 9, 16, 8], [22, 18, 23, 17], [14, 20, 15, 19], [2, 22, 3, 21], [18, 24, 19, 23], [12, 1, 13, 2], [3, 7, 4, 6], [5, 11, 6, 10], [7, 17, 8, 16]]"
12n_0207_21,"[[7, 17, 8, 16], [9, 5, 10, 4], [20, 12, 21, 11], [24, 13, 1, 14], [15, 9, 16, 8], [22, 18, 23, 17], [14, 20, 15, 19], [2, 22, 3, 21], [18, 24, 19, 23], [12, 1, 13, 2], [3, 7, 4, 6], [5, 11, 6, 10]]"
12n_0207_22,"[[5, 11, 6, 10], [7, 17, 8, 16], [9, 5, 10, 4], [20, 12, 21, 11], [24, 13, 1, 14], [15, 9, 16, 8], [22, 18, 23, 17], [14, 20, 15, 19], [2, 22, 3, 21], [18, 24, 19, 23], [12, 1, 13, 2], [3, 7, 4, 6]]"
12n_0207_23,"[[3, 7, 4, 6], [5, 11, 6, 10], [7, 17, 8, 16], [9, 5, 10, 4], [20, 12, 21, 11], [24, 13, 1, 14], [15, 9, 16, 8], [22, 18, 23, 17], [14, 20, 15, 19], [2, 22, 3, 21], [18, 24, 19, 23], [12, 1, 13, 2]]"
12n_0207_24,"[[13, 2, 14, 3], [4, 8, 5, 7], [6, 12, 7, 11], [8, 18, 9, 17], [10, 6, 11, 5], [21, 13, 22, 12], [1, 14, 2, 15], [16, 10, 17, 9], [23, 19, 24, 18], [15, 21, 16, 20], [3, 23, 4, 22], [19, 1, 20, 24]]"
12n_0207_25,"[[19, 1, 20, 24], [13, 2, 14, 3], [4, 8, 5, 7], [6, 12, 7, 11], [8, 18, 9, 17], [10, 6, 11, 5], [21, 13, 22, 12], [1, 14, 2, 15], [16, 10, 17, 9], [23, 19, 24, 18], [15, 21, 16, 20], [3, 23, 4, 22]]"
12n_0207_26,"[[3, 23, 4, 22], [19, 1, 20, 24], [13, 2, 14, 3], [4, 8, 5, 7], [6, 12, 7, 11], [8, 18, 9, 17], [10, 6, 11, 5], [21, 13, 22, 12], [1, 14, 2, 15], [16, 10, 17, 9], [23, 19, 24, 18], [15, 21, 16, 20]]"
12n_0207_27,"[[15, 21, 16, 20], [3, 23, 4, 22], [19, 1, 20, 24], [13, 2, 14, 3], [4, 8, 5, 7], [6, 12, 7, 11], [8, 18, 9, 17], [10, 6, 11, 5], [21, 13, 22, 12], [1, 14, 2, 15], [16, 10, 17, 9], [23, 19, 24, 18]]"
12n_0207_28,"[[23, 19, 24, 18], [15, 21, 16, 20], [3, 23, 4, 22], [19, 1, 20, 24], [13, 2, 14, 3], [4, 8, 5, 7], [6, 12, 7, 11], [8, 18, 9, 17], [10, 6, 11, 5], [21, 13, 22, 12], [1, 14, 2, 15], [16, 10, 17, 9]]"
12n_0207_29,"[[16, 10, 17, 9], [23, 19, 24, 18], [15, 21, 16, 20], [3, 23, 4, 22], [19, 1, 20, 24], [13, 2, 14, 3], [4, 8, 5, 7], [6, 12, 7, 11], [8, 18, 9, 17], [10, 6, 11, 5], [21, 13, 22, 12], [1, 14, 2, 15]]"
12n_0207_30,"[[1, 14, 2, 15], [16, 10, 17, 9], [23, 19, 24, 18], [15, 21, 16, 20], [3, 23, 4, 22], [19, 1, 20, 24], [13, 2, 14, 3], [4, 8, 5, 7], [6, 12, 7, 11], [8, 18, 9, 17], [10, 6, 11, 5], [21, 13, 22, 12]]"
12n_0207_31,"[[21, 13, 22, 12], [1, 14, 2, 15], [16, 10, 17, 9], [23, 19, 24, 18], [15, 21, 16, 20], [3, 23, 4, 22], [19, 1, 20, 24], [13, 2, 14, 3], [4, 8, 5, 7], [6, 12, 7, 11], [8, 18, 9, 17], [10, 6, 11, 5]]"
12n_0207_32,"[[10, 6, 11, 5], [21, 13, 22, 12], [1, 14, 2, 15], [16, 10, 17, 9], [23, 19, 24, 18], [15, 21, 16, 20], [3, 23, 4, 22], [19, 1, 20, 24], [13, 2, 14, 3], [4, 8, 5, 7], [6, 12, 7, 11], [8, 18, 9, 17]]"
12n_0207_33,"[[8, 18, 9, 17], [10, 6, 11, 5], [21, 13, 22, 12], [1, 14, 2, 15], [16, 10, 17, 9], [23, 19, 24, 18], [15, 21, 16, 20], [3, 23, 4, 22], [19, 1, 20, 24], [13, 2, 14, 3], [4, 8, 5, 7], [6, 12, 7, 11]]"
12n_0207_34,"[[6, 12, 7, 11], [8, 18, 9, 17], [10, 6, 11, 5], [21, 13, 22, 12], [1, 14, 2, 15], [16, 10, 17, 9], [23, 19, 24, 18], [15, 21, 16, 20], [3, 23, 4, 22], [19, 1, 20, 24], [13, 2, 14, 3], [4, 8, 5, 7]]"
12n_0207_35,"[[4, 8, 5, 7], [6, 12, 7, 11], [8, 18, 9, 17], [10, 6, 11, 5], [21, 13, 22, 12], [1, 14, 2, 15], [16, 10, 17, 9], [23, 19, 24, 18], [15, 21, 16, 20], [3, 23, 4, 22], [19, 1, 20, 24], [13, 2, 14, 3]]"
12n_0207_36,"[[14, 3, 15, 4], [5, 9, 6, 8], [7, 13, 8, 12], [9, 19, 10, 18], [11, 7, 12, 6], [22, 14, 23, 13], [2, 15, 3, 16], [17, 11, 18, 10], [24, 20, 1, 19], [16, 22, 17, 21], [4, 24, 5, 23], [20, 2, 21, 1]]"
12n_0207_37,"[[20, 2, 21, 1], [14, 3, 15, 4], [5, 9, 6, 8], [7, 13, 8, 12], [9, 19, 10, 18], [11, 7, 12, 6], [22, 14, 23, 13], [2, 15, 3, 16], [17, 11, 18, 10], [24, 20, 1, 19], [16, 22, 17, 21], [4, 24, 5, 23]]"
12n_0207_38,"[[4, 24, 5, 23], [20, 2, 21, 1], [14, 3, 15, 4], [5, 9, 6, 8], [7, 13, 8, 12], [9, 19, 10, 18], [11, 7, 12, 6], [22, 14, 23, 13], [2, 15, 3, 16], [17, 11, 18, 10], [24, 20, 1, 19], [16, 22, 17, 21]]"
12n_0207_39,"[[16, 22, 17, 21], [4, 24, 5, 23], [20, 2, 21, 1], [14, 3, 15, 4], [5, 9, 6, 8], [7, 13, 8, 12], [9, 19, 10, 18], [11, 7, 12, 6], [22, 14, 23, 13], [2, 15, 3, 16], [17, 11, 18, 10], [24, 20, 1, 19]]"
12n_0207_40,"[[24, 20, 1, 19], [16, 22, 17, 21], [4, 24, 5, 23], [20, 2, 21, 1], [14, 3, 15, 4], [5, 9, 6, 8], [7, 13, 8, 12], [9, 19, 10, 18], [11, 7, 12, 6], [22, 14, 23, 13], [2, 15, 3, 16], [17, 11, 18, 10]]"
12n_0207_41,"[[17, 11, 18, 10], [24, 20, 1, 19], [16, 22, 17, 21], [4, 24, 5, 23], [20, 2, 21, 1], [14, 3, 15, 4], [5, 9, 6, 8], [7, 13, 8, 12], [9, 19, 10, 18], [11, 7, 12, 6], [22, 14, 23, 13], [2, 15, 3, 16]]"
12n_0207_42,"[[2, 15, 3, 16], [17, 11, 18, 10], [24, 20, 1, 19], [16, 22, 17, 21], [4, 24, 5, 23], [20, 2, 21, 1], [14, 3, 15, 4], [5, 9, 6, 8], [7, 13, 8, 12], [9, 19, 10, 18], [11, 7, 12, 6], [22, 14, 23, 13]]"
12n_0207_43,"[[22, 14, 23, 13], [2, 15, 3, 16], [17, 11, 18, 10], [24, 20, 1, 19], [16, 22, 17, 21], [4, 24, 5, 23], [20, 2, 21, 1], [14, 3, 15, 4], [5, 9, 6, 8], [7, 13, 8, 12], [9, 19, 10, 18], [11, 7, 12, 6]]"
12n_0207_44,"[[11, 7, 12, 6], [22, 14, 23, 13], [2, 15, 3, 16], [17, 11, 18, 10], [24, 20, 1, 19], [16, 22, 17, 21], [4, 24, 5, 23], [20, 2, 21, 1], [14, 3, 15, 4], [5, 9, 6, 8], [7, 13, 8, 12], [9, 19, 10, 18]]"
12n_0207_45,"[[9, 19, 10, 18], [11, 7, 12, 6], [22, 14, 23, 13], [2, 15, 3, 16], [17, 11, 18, 10], [24, 20, 1, 19], [16, 22, 17, 21], [4, 24, 5, 23], [20, 2, 21, 1], [14, 3, 15, 4], [5, 9, 6, 8], [7, 13, 8, 12]]"
12n_0207_46,"[[7, 13, 8, 12], [9, 19, 10, 18], [11, 7, 12, 6], [22, 14, 23, 13], [2, 15, 3, 16], [17, 11, 18, 10], [24, 20, 1, 19], [16, 22, 17, 21], [4, 24, 5, 23], [20, 2, 21, 1], [14, 3, 15, 4], [5, 9, 6, 8]]"
12n_0207_47,"[[5, 9, 6, 8], [7, 13, 8, 12], [9, 19, 10, 18], [11, 7, 12, 6], [22, 14, 23, 13], [2, 15, 3, 16], [17, 11, 18, 10], [24, 20, 1, 19], [16, 22, 17, 21], [4, 24, 5, 23], [20, 2, 21, 1], [14, 3, 15, 4]]"
12n_0207_48,"[[15, 4, 16, 5], [6, 10, 7, 9], [8, 14, 9, 13], [10, 20, 11, 19], [12, 8, 13, 7], [23, 15, 24, 14], [3, 16, 4, 17], [18, 12, 19, 11], [1, 21, 2, 20], [17, 23, 18, 22], [5, 1, 6, 24], [21, 3, 22, 2]]"
12n_0207_49,"[[21, 3, 22, 2], [15, 4, 16, 5], [6, 10, 7, 9], [8, 14, 9, 13], [10, 20, 11, 19], [12, 8, 13, 7], [23, 15, 24, 14], [3, 16, 4, 17], [18, 12, 19, 11], [1, 21, 2, 20], [17, 23, 18, 22], [5, 1, 6, 24]]"
12n_0207_50,"[[5, 1, 6, 24], [21, 3, 22, 2], [15, 4, 16, 5], [6, 10, 7, 9], [8, 14, 9, 13], [10, 20, 11, 19], [12, 8, 13, 7], [23, 15, 24, 14], [3, 16, 4, 17], [18, 12, 19, 11], [1, 21, 2, 20], [17, 23, 18, 22]]"
12n_0207_51,"[[17, 23, 18, 22], [5, 1, 6, 24], [21, 3, 22, 2], [15, 4, 16, 5], [6, 10, 7, 9], [8, 14, 9, 13], [10, 20, 11, 19], [12, 8, 13, 7], [23, 15, 24, 14], [3, 16, 4, 17], [18, 12, 19, 11], [1, 21, 2, 20]]"
12n_0207_52,"[[1, 21, 2, 20], [17, 23, 18, 22], [5, 1, 6, 24], [21, 3, 22, 2], [15, 4, 16, 5], [6, 10, 7, 9], [8, 14, 9, 13], [10, 20, 11, 19], [12, 8, 13, 7], [23, 15, 24, 14], [3, 16, 4, 17], [18, 12, 19, 11]]"
12n_0207_53,"[[18, 12, 19, 11], [1, 21, 2, 20], [17, 23, 18, 22], [5, 1, 6, 24], [21, 3, 22, 2], [15, 4, 16, 5], [6, 10, 7, 9], [8, 14, 9, 13], [10, 20, 11, 19], [12, 8, 13, 7], [23, 15, 24, 14], [3, 16, 4, 17]]"
12n_0207_54,"[[3, 16, 4, 17], [18, 12, 19, 11], [1, 21, 2, 20], [17, 23, 18, 22], [5, 1, 6, 24], [21, 3, 22, 2], [15, 4, 16, 5], [6, 10, 7, 9], [8, 14, 9, 13], [10, 20, 11, 19], [12, 8, 13, 7], [23, 15, 24, 14]]"
12n_0207_55,"[[23, 15, 24, 14], [3, 16, 4, 17], [18, 12, 19, 11], [1, 21, 2, 20], [17, 23, 18, 22], [5, 1, 6, 24], [21, 3, 22, 2], [15, 4, 16, 5], [6, 10, 7, 9], [8, 14, 9, 13], [10, 20, 11, 19], [12, 8, 13, 7]]"
12n_0207_56,"[[12, 8, 13, 7], [23, 15, 24, 14], [3, 16, 4, 17], [18, 12, 19, 11], [1, 21, 2, 20], [17, 23, 18, 22], [5, 1, 6, 24], [21, 3, 22, 2], [15, 4, 16, 5], [6, 10, 7, 9], [8, 14, 9, 13], [10, 20, 11, 19]]"
12n_0207_57,"[[10, 20, 11, 19], [12, 8, 13, 7], [23, 15, 24, 14], [3, 16, 4, 17], [18, 12, 19, 11], [1, 21, 2, 20], [17, 23, 18, 22], [5, 1, 6, 24], [21, 3, 22, 2], [15, 4, 16, 5], [6, 10, 7, 9], [8, 14, 9, 13]]"
12n_0207_58,"[[8, 14, 9, 13], [10, 20, 11, 19], [12, 8, 13, 7], [23, 15, 24, 14], [3, 16, 4, 17], [18, 12, 19, 11], [1, 21, 2, 20], [17, 23, 18, 22], [5, 1, 6, 24], [21, 3, 22, 2], [15, 4, 16, 5], [6, 10, 7, 9]]"
12n_0207_59,"[[6, 10, 7, 9], [8, 14, 9, 13], [10, 20, 11, 19], [12, 8, 13, 7], [23, 15, 24, 14], [3, 16, 4, 17], [18, 12, 19, 11], [1, 21, 2, 20], [17, 23, 18, 22], [5, 1, 6, 24], [21, 3, 22, 2], [15, 4, 16, 5]]"
12n_0207_60,"[[16, 5, 17, 6], [7, 11, 8, 10], [9, 15, 10, 14], [11, 21, 12, 20], [13, 9, 14, 8], [24, 16, 1, 15], [4, 17, 5, 18], [19, 13, 20, 12], [2, 22, 3, 21], [18, 24, 19, 23], [6, 2, 7, 1], [22, 4, 23, 3]]"
12n_0207_61,"[[22, 4, 23, 3], [16, 5, 17, 6], [7, 11, 8, 10], [9, 15, 10, 14], [11, 21, 12, 20], [13, 9, 14, 8], [24, 16, 1, 15], [4, 17, 5, 18], [19, 13, 20, 12], [2, 22, 3, 21], [18, 24, 19, 23], [6, 2, 7, 1]]"
12n_0207_62,"[[6, 2, 7, 1], [22, 4, 23, 3], [16, 5, 17, 6], [7, 11, 8, 10], [9, 15, 10, 14], [11, 21, 12, 20], [13, 9, 14, 8], [24, 16, 1, 15], [4, 17, 5, 18], [19, 13, 20, 12], [2, 22, 3, 21], [18, 24, 19, 23]]"
12n_0207_63,"[[18, 24, 19, 23], [6, 2, 7, 1], [22, 4, 23, 3], [16, 5, 17, 6], [7, 11, 8, 10], [9, 15, 10, 14], [11, 21, 12, 20], [13, 9, 14, 8], [24, 16, 1, 15], [4, 17, 5, 18], [19, 13, 20, 12], [2, 22, 3, 21]]"
12n_0207_64,"[[2, 22, 3, 21], [18, 24, 19, 23], [6, 2, 7, 1], [22, 4, 23, 3], [16, 5, 17, 6], [7, 11, 8, 10], [9, 15, 10, 14], [11, 21, 12, 20], [13, 9, 14, 8], [24, 16, 1, 15], [4, 17, 5, 18], [19, 13, 20, 12]]"
12n_0207_65,"[[19, 13, 20, 12], [2, 22, 3, 21], [18, 24, 19, 23], [6, 2, 7, 1], [22, 4, 23, 3], [16, 5, 17, 6], [7, 11, 8, 10], [9, 15, 10, 14], [11, 21, 12, 20], [13, 9, 14, 8], [24, 16, 1, 15], [4, 17, 5, 18]]"
12n_0207_66,"[[4, 17, 5, 18], [19, 13, 20, 12], [2, 22, 3, 21], [18, 24, 19, 23], [6, 2, 7, 1], [22, 4, 23, 3], [16, 5, 17, 6], [7, 11, 8, 10], [9, 15, 10, 14], [11, 21, 12, 20], [13, 9, 14, 8], [24, 16, 1, 15]]"
12n_0207_67,"[[24, 16, 1, 15], [4, 17, 5, 18], [19, 13, 20, 12], [2, 22, 3, 21], [18, 24, 19, 23], [6, 2, 7, 1], [22, 4, 23, 3], [16, 5, 17, 6], [7, 11, 8, 10], [9, 15, 10, 14], [11, 21, 12, 20], [13, 9, 14, 8]]"
12n_0207_68,"[[13, 9, 14, 8], [24, 16, 1, 15], [4, 17, 5, 18], [19, 13, 20, 12], [2, 22, 3, 21], [18, 24, 19, 23], [6, 2, 7, 1], [22, 4, 23, 3], [16, 5, 17, 6], [7, 11, 8, 10], [9, 15, 10, 14], [11, 21, 12, 20]]"
12n_0207_69,"[[11, 21, 12, 20], [13, 9, 14, 8], [24, 16, 1, 15], [4, 17, 5, 18], [19, 13, 20, 12], [2, 22, 3, 21], [18, 24, 19, 23], [6, 2, 7, 1], [22, 4, 23, 3], [16, 5, 17, 6], [7, 11, 8, 10], [9, 15, 10, 14]]"
12n_0207_70,"[[9, 15, 10, 14], [11, 21, 12, 20], [13, 9, 14, 8], [24, 16, 1, 15], [4, 17, 5, 18], [19, 13, 20, 12], [2, 22, 3, 21], [18, 24, 19, 23], [6, 2, 7, 1], [22, 4, 23, 3], [16, 5, 17, 6], [7, 11, 8, 10]]"
12n_0207_71,"[[7, 11, 8, 10], [9, 15, 10, 14], [11, 21, 12, 20], [13, 9, 14, 8], [24, 16, 1, 15], [4, 17, 5, 18], [19, 13, 20, 12], [2, 22, 3, 21], [18, 24, 19, 23], [6, 2, 7, 1], [22, 4, 23, 3], [16, 5, 17, 6]]"
12n_0207_72,"[[17, 6, 18, 7], [8, 12, 9, 11], [10, 16, 11, 15], [12, 22, 13, 21], [14, 10, 15, 9], [1, 17, 2, 16], [5, 18, 6, 19], [20, 14, 21, 13], [3, 23, 4, 22], [19, 1, 20, 24], [7, 3, 8, 2], [23, 5, 24, 4]]"
12n_0207_73,"[[23, 5, 24, 4], [17, 6, 18, 7], [8, 12, 9, 11], [10, 16, 11, 15], [12, 22, 13, 21], [14, 10, 15, 9], [1, 17, 2, 16], [5, 18, 6, 19], [20, 14, 21, 13], [3, 23, 4, 22], [19, 1, 20, 24], [7, 3, 8, 2]]"
12n_0207_74,"[[7, 3, 8, 2], [23, 5, 24, 4], [17, 6, 18, 7], [8, 12, 9, 11], [10, 16, 11, 15], [12, 22, 13, 21], [14, 10, 15, 9], [1, 17, 2, 16], [5, 18, 6, 19], [20, 14, 21, 13], [3, 23, 4, 22], [19, 1, 20, 24]]"
12n_0207_75,"[[19, 1, 20, 24], [7, 3, 8, 2], [23, 5, 24, 4], [17, 6, 18, 7], [8, 12, 9, 11], [10, 16, 11, 15], [12, 22, 13, 21], [14, 10, 15, 9], [1, 17, 2, 16], [5, 18, 6, 19], [20, 14, 21, 13], [3, 23, 4, 22]]"
12n_0207_76,"[[3, 23, 4, 22], [19, 1, 20, 24], [7, 3, 8, 2], [23, 5, 24, 4], [17, 6, 18, 7], [8, 12, 9, 11], [10, 16, 11, 15], [12, 22, 13, 21], [14, 10, 15, 9], [1, 17, 2, 16], [5, 18, 6, 19], [20, 14, 21, 13]]"
12n_0207_77,"[[20, 14, 21, 13], [3, 23, 4, 22], [19, 1, 20, 24], [7, 3, 8, 2], [23, 5, 24, 4], [17, 6, 18, 7], [8, 12, 9, 11], [10, 16, 11, 15], [12, 22, 13, 21], [14, 10, 15, 9], [1, 17, 2, 16], [5, 18, 6, 19]]"
12n_0207_78,"[[5, 18, 6, 19], [20, 14, 21, 13], [3, 23, 4, 22], [19, 1, 20, 24], [7, 3, 8, 2], [23, 5, 24, 4], [17, 6, 18, 7], [8, 12, 9, 11], [10, 16, 11, 15], [12, 22, 13, 21], [14, 10, 15, 9], [1, 17, 2, 16]]"
12n_0207_79,"[[1, 17, 2, 16], [5, 18, 6, 19], [20, 14, 21, 13], [3, 23, 4, 22], [19, 1, 20, 24], [7, 3, 8, 2], [23, 5, 24, 4], [17, 6, 18, 7], [8, 12, 9, 11], [10, 16, 11, 15], [12, 22, 13, 21], [14, 10, 15, 9]]"
12n_0207_80,"[[14, 10, 15, 9], [1, 17, 2, 16], [5, 18, 6, 19], [20, 14, 21, 13], [3, 23, 4, 22], [19, 1, 20, 24], [7, 3, 8, 2], [23, 5, 24, 4], [17, 6, 18, 7], [8, 12, 9, 11], [10, 16, 11, 15], [12, 22, 13, 21]]"
12n_0207_81,"[[12, 22, 13, 21], [14, 10, 15, 9], [1, 17, 2, 16], [5, 18, 6, 19], [20, 14, 21, 13], [3, 23, 4, 22], [19, 1, 20, 24], [7, 3, 8, 2], [23, 5, 24, 4], [17, 6, 18, 7], [8, 12, 9, 11], [10, 16, 11, 15]]"
12n_0207_82,"[[10, 16, 11, 15], [12, 22, 13, 21], [14, 10, 15, 9], [1, 17, 2, 16], [5, 18, 6, 19], [20, 14, 21, 13], [3, 23, 4, 22], [19, 1, 20, 24], [7, 3, 8, 2], [23, 5, 24, 4], [17, 6, 18, 7], [8, 12, 9, 11]]"
12n_0207_83,"[[8, 12, 9, 11], [10, 16, 11, 15], [12, 22, 13, 21], [14, 10, 15, 9], [1, 17, 2, 16], [5, 18, 6, 19], [20, 14, 21, 13], [3, 23, 4, 22], [19, 1, 20, 24], [7, 3, 8, 2], [23, 5, 24, 4], [17, 6, 18, 7]]"
12n_0207_84,"[[18, 7, 19, 8], [9, 13, 10, 12], [11, 17, 12, 16], [13, 23, 14, 22], [15, 11, 16, 10], [2, 18, 3, 17], [6, 19, 7, 20], [21, 15, 22, 14], [4, 24, 5, 23], [20, 2, 21, 1], [8, 4, 9, 3], [24, 6, 1, 5]]"
12n_0207_85,"[[24, 6, 1, 5], [18, 7, 19, 8], [9, 13, 10, 12], [11, 17, 12, 16], [13, 23, 14, 22], [15, 11, 16, 10], [2, 18, 3, 17], [6, 19, 7, 20], [21, 15, 22, 14], [4, 24, 5, 23], [20, 2, 21, 1], [8, 4, 9, 3]]"
12n_0207_86,"[[8, 4, 9, 3], [24, 6, 1, 5], [18, 7, 19, 8], [9, 13, 10, 12], [11, 17, 12, 16], [13, 23, 14, 22], [15, 11, 16, 10], [2, 18, 3, 17], [6, 19, 7, 20], [21, 15, 22, 14], [4, 24, 5, 23], [20, 2, 21, 1]]"
12n_0207_87,"[[20, 2, 21, 1], [8, 4, 9, 3], [24, 6, 1, 5], [18, 7, 19, 8], [9, 13, 10, 12], [11, 17, 12, 16], [13, 23, 14, 22], [15, 11, 16, 10], [2, 18, 3, 17], [6, 19, 7, 20], [21, 15, 22, 14], [4, 24, 5, 23]]"
12n_0207_88,"[[4, 24, 5, 23], [20, 2, 21, 1], [8, 4, 9, 3], [24, 6, 1, 5], [18, 7, 19, 8], [9, 13, 10, 12], [11, 17, 12, 16], [13, 23, 14, 22], [15, 11, 16, 10], [2, 18, 3, 17], [6, 19, 7, 20], [21, 15, 22, 14]]"
12n_0207_89,"[[21, 15, 22, 14], [4, 24, 5, 23], [20, 2, 21, 1], [8, 4, 9, 3], [24, 6, 1, 5], [18, 7, 19, 8], [9, 13, 10, 12], [11, 17, 12, 16], [13, 23, 14, 22], [15, 11, 16, 10], [2, 18, 3, 17], [6, 19, 7, 20]]"
12n_0207_90,"[[6, 19, 7, 20], [21, 15, 22, 14], [4, 24, 5, 23], [20, 2, 21, 1], [8, 4, 9, 3], [24, 6, 1, 5], [18, 7, 19, 8], [9, 13, 10, 12], [11, 17, 12, 16], [13, 23, 14, 22], [15, 11, 16, 10], [2, 18, 3, 17]]"
12n_0207_91,"[[2, 18, 3, 17], [6, 19, 7, 20], [21, 15, 22, 14], [4, 24, 5, 23], [20, 2, 21, 1], [8, 4, 9, 3], [24, 6, 1, 5], [18, 7, 19, 8], [9, 13, 10, 12], [11, 17, 12, 16], [13, 23, 14, 22], [15, 11, 16, 10]]"
12n_0207_92,"[[15, 11, 16, 10], [2, 18, 3, 17], [6, 19, 7, 20], [21, 15, 22, 14], [4, 24, 5, 23], [20, 2, 21, 1], [8, 4, 9, 3], [24, 6, 1, 5], [18, 7, 19, 8], [9, 13, 10, 12], [11, 17, 12, 16], [13, 23, 14, 22]]"
12n_0207_93,"[[13, 23, 14, 22], [15, 11, 16, 10], [2, 18, 3, 17], [6, 19, 7, 20], [21, 15, 22, 14], [4, 24, 5, 23], [20, 2, 21, 1], [8, 4, 9, 3], [24, 6, 1, 5], [18, 7, 19, 8], [9, 13, 10, 12], [11, 17, 12, 16]]"
12n_0207_94,"[[11, 17, 12, 16], [13, 23, 14, 22], [15, 11, 16, 10], [2, 18, 3, 17], [6, 19, 7, 20], [21, 15, 22, 14], [4, 24, 5, 23], [20, 2, 21, 1], [8, 4, 9, 3], [24, 6, 1, 5], [18, 7, 19, 8], [9, 13, 10, 12]]"
12n_0207_95,"[[9, 13, 10, 12], [11, 17, 12, 16], [13, 23, 14, 22], [15, 11, 16, 10], [2, 18, 3, 17], [6, 19, 7, 20], [21, 15, 22, 14], [4, 24, 5, 23], [20, 2, 21, 1], [8, 4, 9, 3], [24, 6, 1, 5], [18, 7, 19, 8]]"
12n_0207_96,"[[19, 8, 20, 9], [10, 14, 11, 13], [12, 18, 13, 17], [14, 24, 15, 23], [16, 12, 17, 11], [3, 19, 4, 18], [7, 20, 8, 21], [22, 16, 23, 15], [5, 1, 6, 24], [21, 3, 22, 2], [9, 5, 10, 4], [1, 7, 2, 6]]"
12n_0207_97,"[[1, 7, 2, 6], [19, 8, 20, 9], [10, 14, 11, 13], [12, 18, 13, 17], [14, 24, 15, 23], [16, 12, 17, 11], [3, 19, 4, 18], [7, 20, 8, 21], [22, 16, 23, 15], [5, 1, 6, 24], [21, 3, 22, 2], [9, 5, 10, 4]]"
12n_0207_98,"[[9, 5, 10, 4], [1, 7, 2, 6], [19, 8, 20, 9], [10, 14, 11, 13], [12, 18, 13, 17], [14, 24, 15, 23], [16, 12, 17, 11], [3, 19, 4, 18], [7, 20, 8, 21], [22, 16, 23, 15], [5, 1, 6, 24], [21, 3, 22, 2]]"
12n_0207_99,"[[21, 3, 22, 2], [9, 5, 10, 4], [1, 7, 2, 6], [19, 8, 20, 9], [10, 14, 11, 13], [12, 18, 13, 17], [14, 24, 15, 23], [16, 12, 17, 11], [3, 19, 4, 18], [7, 20, 8, 21], [22, 16, 23, 15], [5, 1, 6, 24]]"
12n_0207_100,"[[5, 1, 6, 24], [21, 3, 22, 2], [9, 5, 10, 4], [1, 7, 2, 6], [19, 8, 20, 9], [10, 14, 11, 13], [12, 18, 13, 17], [14, 24, 15, 23], [16, 12, 17, 11], [3, 19, 4, 18], [7, 20, 8, 21], [22, 16, 23, 15]]"
12n_0207_101,"[[22, 16, 23, 15], [5, 1, 6, 24], [21, 3, 22, 2], [9, 5, 10, 4], [1, 7, 2, 6], [19, 8, 20, 9], [10, 14, 11, 13], [12, 18, 13, 17], [14, 24, 15, 23], [16, 12, 17, 11], [3, 19, 4, 18], [7, 20, 8, 21]]"
12n_0207_102,"[[7, 20, 8, 21], [22, 16, 23, 15], [5, 1, 6, 24], [21, 3, 22, 2], [9, 5, 10, 4], [1, 7, 2, 6], [19, 8, 20, 9], [10, 14, 11, 13], [12, 18, 13, 17], [14, 24, 15, 23], [16, 12, 17, 11], [3, 19, 4, 18]]"
12n_0207_103,"[[3, 19, 4, 18], [7, 20, 8, 21], [22, 16, 23, 15], [5, 1, 6, 24], [21, 3, 22, 2], [9, 5, 10, 4], [1, 7, 2, 6], [19, 8, 20, 9], [10, 14, 11, 13], [12, 18, 13, 17], [14, 24, 15, 23], [16, 12, 17, 11]]"
12n_0207_104,"[[16, 12, 17, 11], [3, 19, 4, 18], [7, 20, 8, 21], [22, 16, 23, 15], [5, 1, 6, 24], [21, 3, 22, 2], [9, 5, 10, 4], [1, 7, 2, 6], [19, 8, 20, 9], [10, 14, 11, 13], [12, 18, 13, 17], [14, 24, 15, 23]]"
12n_0207_105,"[[14, 24, 15, 23], [16, 12, 17, 11], [3, 19, 4, 18], [7, 20, 8, 21], [22, 16, 23, 15], [5, 1, 6, 24], [21, 3, 22, 2], [9, 5, 10, 4], [1, 7, 2, 6], [19, 8, 20, 9], [10, 14, 11, 13], [12, 18, 13, 17]]"
12n_0207_106,"[[12, 18, 13, 17], [14, 24, 15, 23], [16, 12, 17, 11], [3, 19, 4, 18], [7, 20, 8, 21], [22, 16, 23, 15], [5, 1, 6, 24], [21, 3, 22, 2], [9, 5, 10, 4], [1, 7, 2, 6], [19, 8, 20, 9], [10, 14, 11, 13]]"
12n_0207_107,"[[10, 14, 11, 13], [12, 18, 13, 17], [14, 24, 15, 23], [16, 12, 17, 11], [3, 19, 4, 18], [7, 20, 8, 21], [22, 16, 23, 15], [5, 1, 6, 24], [21, 3, 22, 2], [9, 5, 10, 4], [1, 7, 2, 6], [19, 8, 20, 9]]"
12n_0207_108,"[[20, 9, 21, 10], [11, 15, 12, 14], [13, 19, 14, 18], [15, 1, 16, 24], [17, 13, 18, 12], [4, 20, 5, 19], [8, 21, 9, 22], [23, 17, 24, 16], [6, 2, 7, 1], [22, 4, 23, 3], [10, 6, 11, 5], [2, 8, 3, 7]]"
12n_0207_109,"[[2, 8, 3, 7], [20, 9, 21, 10], [11, 15, 12, 14], [13, 19, 14, 18], [15, 1, 16, 24], [17, 13, 18, 12], [4, 20, 5, 19], [8, 21, 9, 22], [23, 17, 24, 16], [6, 2, 7, 1], [22, 4, 23, 3], [10, 6, 11, 5]]"
12n_0207_110,"[[10, 6, 11, 5], [2, 8, 3, 7], [20, 9, 21, 10], [11, 15, 12, 14], [13, 19, 14, 18], [15, 1, 16, 24], [17, 13, 18, 12], [4, 20, 5, 19], [8, 21, 9, 22], [23, 17, 24, 16], [6, 2, 7, 1], [22, 4, 23, 3]]"
12n_0207_111,"[[22, 4, 23, 3], [10, 6, 11, 5], [2, 8, 3, 7], [20, 9, 21, 10], [11, 15, 12, 14], [13, 19, 14, 18], [15, 1, 16, 24], [17, 13, 18, 12], [4, 20, 5, 19], [8, 21, 9, 22], [23, 17, 24, 16], [6, 2, 7, 1]]"
12n_0207_112,"[[6, 2, 7, 1], [22, 4, 23, 3], [10, 6, 11, 5], [2, 8, 3, 7], [20, 9, 21, 10], [11, 15, 12, 14], [13, 19, 14, 18], [15, 1, 16, 24], [17, 13, 18, 12], [4, 20, 5, 19], [8, 21, 9, 22], [23, 17, 24, 16]]"
12n_0207_113,"[[23, 17, 24, 16], [6, 2, 7, 1], [22, 4, 23, 3], [10, 6, 11, 5], [2, 8, 3, 7], [20, 9, 21, 10], [11, 15, 12, 14], [13, 19, 14, 18], [15, 1, 16, 24], [17, 13, 18, 12], [4, 20, 5, 19], [8, 21, 9, 22]]"
12n_0207_114,"[[8, 21, 9, 22], [23, 17, 24, 16], [6, 2, 7, 1], [22, 4, 23, 3], [10, 6, 11, 5], [2, 8, 3, 7], [20, 9, 21, 10], [11, 15, 12, 14], [13, 19, 14, 18], [15, 1, 16, 24], [17, 13, 18, 12], [4, 20, 5, 19]]"
12n_0207_115,"[[4, 20, 5, 19], [8, 21, 9, 22], [23, 17, 24, 16], [6, 2, 7, 1], [22, 4, 23, 3], [10, 6, 11, 5], [2, 8, 3, 7], [20, 9, 21, 10], [11, 15, 12, 14], [13, 19, 14, 18], [15, 1, 16, 24], [17, 13, 18, 12]]"
12n_0207_116,"[[17, 13, 18, 12], [4, 20, 5, 19], [8, 21, 9, 22], [23, 17, 24, 16], [6, 2, 7, 1], [22, 4, 23, 3], [10, 6, 11, 5], [2, 8, 3, 7], [20, 9, 21, 10], [11, 15, 12, 14], [13, 19, 14, 18], [15, 1, 16, 24]]"
12n_0207_117,"[[15, 1, 16, 24], [17, 13, 18, 12], [4, 20, 5, 19], [8, 21, 9, 22], [23, 17, 24, 16], [6, 2, 7, 1], [22, 4, 23, 3], [10, 6, 11, 5], [2, 8, 3, 7], [20, 9, 21, 10], [11, 15, 12, 14], [13, 19, 14, 18]]"
12n_0207_118,"[[13, 19, 14, 18], [15, 1, 16, 24], [17, 13, 18, 12], [4, 20, 5, 19], [8, 21, 9, 22], [23, 17, 24, 16], [6, 2, 7, 1], [22, 4, 23, 3], [10, 6, 11, 5], [2, 8, 3, 7], [20, 9, 21, 10], [11, 15, 12, 14]]"
12n_0207_119,"[[11, 15, 12, 14], [13, 19, 14, 18], [15, 1, 16, 24], [17, 13, 18, 12], [4, 20, 5, 19], [8, 21, 9, 22], [23, 17, 24, 16], [6, 2, 7, 1], [22, 4, 23, 3], [10, 6, 11, 5], [2, 8, 3, 7], [20, 9, 21, 10]]"
12n_0207_120,"[[21, 10, 22, 11], [12, 16, 13, 15], [14, 20, 15, 19], [16, 2, 17, 1], [18, 14, 19, 13], [5, 21, 6, 20], [9, 22, 10, 23], [24, 18, 1, 17], [7, 3, 8, 2], [23, 5, 24, 4], [11, 7, 12, 6], [3, 9, 4, 8]]"
12n_0207_121,"[[3, 9, 4, 8], [21, 10, 22, 11], [12, 16, 13, 15], [14, 20, 15, 19], [16, 2, 17, 1], [18, 14, 19, 13], [5, 21, 6, 20], [9, 22, 10, 23], [24, 18, 1, 17], [7, 3, 8, 2], [23, 5, 24, 4], [11, 7, 12, 6]]"
12n_0207_122,"[[11, 7, 12, 6], [3, 9, 4, 8], [21, 10, 22, 11], [12, 16, 13, 15], [14, 20, 15, 19], [16, 2, 17, 1], [18, 14, 19, 13], [5, 21, 6, 20], [9, 22, 10, 23], [24, 18, 1, 17], [7, 3, 8, 2], [23, 5, 24, 4]]"
12n_0207_123,"[[23, 5, 24, 4], [11, 7, 12, 6], [3, 9, 4, 8], [21, 10, 22, 11], [12, 16, 13, 15], [14, 20, 15, 19], [16, 2, 17, 1], [18, 14, 19, 13], [5, 21, 6, 20], [9, 22, 10, 23], [24, 18, 1, 17], [7, 3, 8, 2]]"
12n_0207_124,"[[7, 3, 8, 2], [23, 5, 24, 4], [11, 7, 12, 6], [3, 9, 4, 8], [21, 10, 22, 11], [12, 16, 13, 15], [14, 20, 15, 19], [16, 2, 17, 1], [18, 14, 19, 13], [5, 21, 6, 20], [9, 22, 10, 23], [24, 18, 1, 17]]"
12n_0207_125,"[[24, 18, 1, 17], [7, 3, 8, 2], [23, 5, 24, 4], [11, 7, 12, 6], [3, 9, 4, 8], [21, 10, 22, 11], [12, 16, 13, 15], [14, 20, 15, 19], [16, 2, 17, 1], [18, 14, 19, 13], [5, 21, 6, 20], [9, 22, 10, 23]]"
12n_0207_126,"[[9, 22, 10, 23], [24, 18, 1, 17], [7, 3, 8, 2], [23, 5, 24, 4], [11, 7, 12, 6], [3, 9, 4, 8], [21, 10, 22, 11], [12, 16, 13, 15], [14, 20, 15, 19], [16, 2, 17, 1], [18, 14, 19, 13], [5, 21, 6, 20]]"
12n_0207_127,"[[5, 21, 6, 20], [9, 22, 10, 23], [24, 18, 1, 17], [7, 3, 8, 2], [23, 5, 24, 4], [11, 7, 12, 6], [3, 9, 4, 8], [21, 10, 22, 11], [12, 16, 13, 15], [14, 20, 15, 19], [16, 2, 17, 1], [18, 14, 19, 13]]"
12n_0207_128,"[[18, 14, 19, 13], [5, 21, 6, 20], [9, 22, 10, 23], [24, 18, 1, 17], [7, 3, 8, 2], [23, 5, 24, 4], [11, 7, 12, 6], [3, 9, 4, 8], [21, 10, 22, 11], [12, 16, 13, 15], [14, 20, 15, 19], [16, 2, 17, 1]]"
12n_0207_129,"[[16, 2, 17, 1], [18, 14, 19, 13], [5, 21, 6, 20], [9, 22, 10, 23], [24, 18, 1, 17], [7, 3, 8, 2], [23, 5, 24, 4], [11, 7, 12, 6], [3, 9, 4, 8], [21, 10, 22, 11], [12, 16, 13, 15], [14, 20, 15, 19]]"
12n_0207_130,"[[14, 20, 15, 19], [16, 2, 17, 1], [18, 14, 19, 13], [5, 21, 6, 20], [9, 22, 10, 23], [24, 18, 1, 17], [7, 3, 8, 2], [23, 5, 24, 4], [11, 7, 12, 6], [3, 9, 4, 8], [21, 10, 22, 11], [12, 16, 13, 15]]"
12n_0207_131,"[[12, 16, 13, 15], [14, 20, 15, 19], [16, 2, 17, 1], [18, 14, 19, 13], [5, 21, 6, 20], [9, 22, 10, 23], [24, 18, 1, 17], [7, 3, 8, 2], [23, 5, 24, 4], [11, 7, 12, 6], [3, 9, 4, 8], [21, 10, 22, 11]]"
12n_0207_132,"[[22, 11, 23, 12], [13, 17, 14, 16], [15, 21, 16, 20], [17, 3, 18, 2], [19, 15, 20, 14], [6, 22, 7, 21], [10, 23, 11, 24], [1, 19, 2, 18], [8, 4, 9, 3], [24, 6, 1, 5], [12, 8, 13, 7], [4, 10, 5, 9]]"
12n_0207_133,"[[4, 10, 5, 9], [22, 11, 23, 12], [13, 17, 14, 16], [15, 21, 16, 20], [17, 3, 18, 2], [19, 15, 20, 14], [6, 22, 7, 21], [10, 23, 11, 24], [1, 19, 2, 18], [8, 4, 9, 3], [24, 6, 1, 5], [12, 8, 13, 7]]"
12n_0207_134,"[[12, 8, 13, 7], [4, 10, 5, 9], [22, 11, 23, 12], [13, 17, 14, 16], [15, 21, 16, 20], [17, 3, 18, 2], [19, 15, 20, 14], [6, 22, 7, 21], [10, 23, 11, 24], [1, 19, 2, 18], [8, 4, 9, 3], [24, 6, 1, 5]]"
12n_0207_135,"[[24, 6, 1, 5], [12, 8, 13, 7], [4, 10, 5, 9], [22, 11, 23, 12], [13, 17, 14, 16], [15, 21, 16, 20], [17, 3, 18, 2], [19, 15, 20, 14], [6, 22, 7, 21], [10, 23, 11, 24], [1, 19, 2, 18], [8, 4, 9, 3]]"
12n_0207_136,"[[8, 4, 9, 3], [24, 6, 1, 5], [12, 8, 13, 7], [4, 10, 5, 9], [22, 11, 23, 12], [13, 17, 14, 16], [15, 21, 16, 20], [17, 3, 18, 2], [19, 15, 20, 14], [6, 22, 7, 21], [10, 23, 11, 24], [1, 19, 2, 18]]"
12n_0207_137,"[[1, 19, 2, 18], [8, 4, 9, 3], [24, 6, 1, 5], [12, 8, 13, 7], [4, 10, 5, 9], [22, 11, 23, 12], [13, 17, 14, 16], [15, 21, 16, 20], [17, 3, 18, 2], [19, 15, 20, 14], [6, 22, 7, 21], [10, 23, 11, 24]]"
12n_0207_138,"[[10, 23, 11, 24], [1, 19, 2, 18], [8, 4, 9, 3], [24, 6, 1, 5], [12, 8, 13, 7], [4, 10, 5, 9], [22, 11, 23, 12], [13, 17, 14, 16], [15, 21, 16, 20], [17, 3, 18, 2], [19, 15, 20, 14], [6, 22, 7, 21]]"
12n_0207_139,"[[6, 22, 7, 21], [10, 23, 11, 24], [1, 19, 2, 18], [8, 4, 9, 3], [24, 6, 1, 5], [12, 8, 13, 7], [4, 10, 5, 9], [22, 11, 23, 12], [13, 17, 14, 16], [15, 21, 16, 20], [17, 3, 18, 2], [19, 15, 20, 14]]"
12n_0207_140,"[[19, 15, 20, 14], [6, 22, 7, 21], [10, 23, 11, 24], [1, 19, 2, 18], [8, 4, 9, 3], [24, 6, 1, 5], [12, 8, 13, 7], [4, 10, 5, 9], [22, 11, 23, 12], [13, 17, 14, 16], [15, 21, 16, 20], [17, 3, 18, 2]]"
12n_0207_141,"[[17, 3, 18, 2], [19, 15, 20, 14], [6, 22, 7, 21], [10, 23, 11, 24], [1, 19, 2, 18], [8, 4, 9, 3], [24, 6, 1, 5], [12, 8, 13, 7], [4, 10, 5, 9], [22, 11, 23, 12], [13, 17, 14, 16], [15, 21, 16, 20]]"
12n_0207_142,"[[15, 21, 16, 20], [17, 3, 18, 2], [19, 15, 20, 14], [6, 22, 7, 21], [10, 23, 11, 24], [1, 19, 2, 18], [8, 4, 9, 3], [24, 6, 1, 5], [12, 8, 13, 7], [4, 10, 5, 9], [22, 11, 23, 12], [13, 17, 14, 16]]"
12n_0207_143,"[[13, 17, 14, 16], [15, 21, 16, 20], [17, 3, 18, 2], [19, 15, 20, 14], [6, 22, 7, 21], [10, 23, 11, 24], [1, 19, 2, 18], [8, 4, 9, 3], [24, 6, 1, 5], [12, 8, 13, 7], [4, 10, 5, 9], [22, 11, 23, 12]]"
12n_0207_144,"[[23, 12, 24, 13], [14, 18, 15, 17], [16, 22, 17, 21], [18, 4, 19, 3], [20, 16, 21, 15], [7, 23, 8, 22], [11, 24, 12, 1], [2, 20, 3, 19], [9, 5, 10, 4], [1, 7, 2, 6], [13, 9, 14, 8], [5, 11, 6, 10]]"
12n_0207_145,"[[5, 11, 6, 10], [23, 12, 24, 13], [14, 18, 15, 17], [16, 22, 17, 21], [18, 4, 19, 3], [20, 16, 21, 15], [7, 23, 8, 22], [11, 24, 12, 1], [2, 20, 3, 19], [9, 5, 10, 4], [1, 7, 2, 6], [13, 9, 14, 8]]"
12n_0207_146,"[[13, 9, 14, 8], [5, 11, 6, 10], [23, 12, 24, 13], [14, 18, 15, 17], [16, 22, 17, 21], [18, 4, 19, 3], [20, 16, 21, 15], [7, 23, 8, 22], [11, 24, 12, 1], [2, 20, 3, 19], [9, 5, 10, 4], [1, 7, 2, 6]]"
12n_0207_147,"[[1, 7, 2, 6], [13, 9, 14, 8], [5, 11, 6, 10], [23, 12, 24, 13], [14, 18, 15, 17], [16, 22, 17, 21], [18, 4, 19, 3], [20, 16, 21, 15], [7, 23, 8, 22], [11, 24, 12, 1], [2, 20, 3, 19], [9, 5, 10, 4]]"
12n_0207_148,"[[9, 5, 10, 4], [1, 7, 2, 6], [13, 9, 14, 8], [5, 11, 6, 10], [23, 12, 24, 13], [14, 18, 15, 17], [16, 22, 17, 21], [18, 4, 19, 3], [20, 16, 21, 15], [7, 23, 8, 22], [11, 24, 12, 1], [2, 20, 3, 19]]"
12n_0207_149,"[[2, 20, 3, 19], [9, 5, 10, 4], [1, 7, 2, 6], [13, 9, 14, 8], [5, 11, 6, 10], [23, 12, 24, 13], [14, 18, 15, 17], [16, 22, 17, 21], [18, 4, 19, 3], [20, 16, 21, 15], [7, 23, 8, 22], [11, 24, 12, 1]]"
12n_0207_150,"[[11, 24, 12, 1], [2, 20, 3, 19], [9, 5, 10, 4], [1, 7, 2, 6], [13, 9, 14, 8], [5, 11, 6, 10], [23, 12, 24, 13], [14, 18, 15, 17], [16, 22, 17, 21], [18, 4, 19, 3], [20, 16, 21, 15], [7, 23, 8, 22]]"
12n_0207_151,"[[7, 23, 8, 22], [11, 24, 12, 1], [2, 20, 3, 19], [9, 5, 10, 4], [1, 7, 2, 6], [13, 9, 14, 8], [5, 11, 6, 10], [23, 12, 24, 13], [14, 18, 15, 17], [16, 22, 17, 21], [18, 4, 19, 3], [20, 16, 21, 15]]"
12n_0207_152,"[[20, 16, 21, 15], [7, 23, 8, 22], [11, 24, 12, 1], [2, 20, 3, 19], [9, 5, 10, 4], [1, 7, 2, 6], [13, 9, 14, 8], [5, 11, 6, 10], [23, 12, 24, 13], [14, 18, 15, 17], [16, 22, 17, 21], [18, 4, 19, 3]]"
12n_0207_153,"[[18, 4, 19, 3], [20, 16, 21, 15], [7, 23, 8, 22], [11, 24, 12, 1], [2, 20, 3, 19], [9, 5, 10, 4], [1, 7, 2, 6], [13, 9, 14, 8], [5, 11, 6, 10], [23, 12, 24, 13], [14, 18, 15, 17], [16, 22, 17, 21]]"
12n_0207_154,"[[16, 22, 17, 21], [18, 4, 19, 3], [20, 16, 21, 15], [7, 23, 8, 22], [11, 24, 12, 1], [2, 20, 3, 19], [9, 5, 10, 4], [1, 7, 2, 6], [13, 9, 14, 8], [5, 11, 6, 10], [23, 12, 24, 13], [14, 18, 15, 17]]"
12n_0207_155,"[[14, 18, 15, 17], [16, 22, 17, 21], [18, 4, 19, 3], [20, 16, 21, 15], [7, 23, 8, 22], [11, 24, 12, 1], [2, 20, 3, 19], [9, 5, 10, 4], [1, 7, 2, 6], [13, 9, 14, 8], [5, 11, 6, 10], [23, 12, 24, 13]]"
12n_0207_156,"[[24, 13, 1, 14], [15, 19, 16, 18], [17, 23, 18, 22], [19, 5, 20, 4], [21, 17, 22, 16], [8, 24, 9, 23], [12, 1, 13, 2], [3, 21, 4, 20], [10, 6, 11, 5], [2, 8, 3, 7], [14, 10, 15, 9], [6, 12, 7, 11]]"
12n_0207_157,"[[6, 12, 7, 11], [24, 13, 1, 14], [15, 19, 16, 18], [17, 23, 18, 22], [19, 5, 20, 4], [21, 17, 22, 16], [8, 24, 9, 23], [12, 1, 13, 2], [3, 21, 4, 20], [10, 6, 11, 5], [2, 8, 3, 7], [14, 10, 15, 9]]"
12n_0207_158,"[[14, 10, 15, 9], [6, 12, 7, 11], [24, 13, 1, 14], [15, 19, 16, 18], [17, 23, 18, 22], [19, 5, 20, 4], [21, 17, 22, 16], [8, 24, 9, 23], [12, 1, 13, 2], [3, 21, 4, 20], [10, 6, 11, 5], [2, 8, 3, 7]]"
12n_0207_159,"[[2, 8, 3, 7], [14, 10, 15, 9], [6, 12, 7, 11], [24, 13, 1, 14], [15, 19, 16, 18], [17, 23, 18, 22], [19, 5, 20, 4], [21, 17, 22, 16], [8, 24, 9, 23], [12, 1, 13, 2], [3, 21, 4, 20], [10, 6, 11, 5]]"
12n_0207_160,"[[10, 6, 11, 5], [2, 8, 3, 7], [14, 10, 15, 9], [6, 12, 7, 11], [24, 13, 1, 14], [15, 19, 16, 18], [17, 23, 18, 22], [19, 5, 20, 4], [21, 17, 22, 16], [8, 24, 9, 23], [12, 1, 13, 2], [3, 21, 4, 20]]"
12n_0207_161,"[[3, 21, 4, 20], [10, 6, 11, 5], [2, 8, 3, 7], [14, 10, 15, 9], [6, 12, 7, 11], [24, 13, 1, 14], [15, 19, 16, 18], [17, 23, 18, 22], [19, 5, 20, 4], [21, 17, 22, 16], [8, 24, 9, 23], [12, 1, 13, 2]]"
12n_0207_162,"[[12, 1, 13, 2], [3, 21, 4, 20], [10, 6, 11, 5], [2, 8, 3, 7], [14, 10, 15, 9], [6, 12, 7, 11], [24, 13, 1, 14], [15, 19, 16, 18], [17, 23, 18, 22], [19, 5, 20, 4], [21, 17, 22, 16], [8, 24, 9, 23]]"
12n_0207_163,"[[8, 24, 9, 23], [12, 1, 13, 2], [3, 21, 4, 20], [10, 6, 11, 5], [2, 8, 3, 7], [14, 10, 15, 9], [6, 12, 7, 11], [24, 13, 1, 14], [15, 19, 16, 18], [17, 23, 18, 22], [19, 5, 20, 4], [21, 17, 22, 16]]"
12n_0207_164,"[[21, 17, 22, 16], [8, 24, 9, 23], [12, 1, 13, 2], [3, 21, 4, 20], [10, 6, 11, 5], [2, 8, 3, 7], [14, 10, 15, 9], [6, 12, 7, 11], [24, 13, 1, 14], [15, 19, 16, 18], [17, 23, 18, 22], [19, 5, 20, 4]]"
12n_0207_165,"[[19, 5, 20, 4], [21, 17, 22, 16], [8, 24, 9, 23], [12, 1, 13, 2], [3, 21, 4, 20], [10, 6, 11, 5], [2, 8, 3, 7], [14, 10, 15, 9], [6, 12, 7, 11], [24, 13, 1, 14], [15, 19, 16, 18], [17, 23, 18, 22]]"
12n_0207_166,"[[17, 23, 18, 22], [19, 5, 20, 4], [21, 17, 22, 16], [8, 24, 9, 23], [12, 1, 13, 2], [3, 21, 4, 20], [10, 6, 11, 5], [2, 8, 3, 7], [14, 10, 15, 9], [6, 12, 7, 11], [24, 13, 1, 14], [15, 19, 16, 18]]"
12n_0207_167,"[[15, 19, 16, 18], [17, 23, 18, 22], [19, 5, 20, 4], [21, 17, 22, 16], [8, 24, 9, 23], [12, 1, 13, 2], [3, 21, 4, 20], [10, 6, 11, 5], [2, 8, 3, 7], [14, 10, 15, 9], [6, 12, 7, 11], [24, 13, 1, 14]]"
12n_0207_168,"[[1, 14, 2, 15], [16, 20, 17, 19], [18, 24, 19, 23], [20, 6, 21, 5], [22, 18, 23, 17], [9, 1, 10, 24], [13, 2, 14, 3], [4, 22, 5, 21], [11, 7, 12, 6], [3, 9, 4, 8], [15, 11, 16, 10], [7, 13, 8, 12]]"
12n_0207_169,"[[7, 13, 8, 12], [1, 14, 2, 15], [16, 20, 17, 19], [18, 24, 19, 23], [20, 6, 21, 5], [22, 18, 23, 17], [9, 1, 10, 24], [13, 2, 14, 3], [4, 22, 5, 21], [11, 7, 12, 6], [3, 9, 4, 8], [15, 11, 16, 10]]"
12n_0207_170,"[[15, 11, 16, 10], [7, 13, 8, 12], [1, 14, 2, 15], [16, 20, 17, 19], [18, 24, 19, 23], [20, 6, 21, 5], [22, 18, 23, 17], [9, 1, 10, 24], [13, 2, 14, 3], [4, 22, 5, 21], [11, 7, 12, 6], [3, 9, 4, 8]]"
12n_0207_171,"[[3, 9, 4, 8], [15, 11, 16, 10], [7, 13, 8, 12], [1, 14, 2, 15], [16, 20, 17, 19], [18, 24, 19, 23], [20, 6, 21, 5], [22, 18, 23, 17], [9, 1, 10, 24], [13, 2, 14, 3], [4, 22, 5, 21], [11, 7, 12, 6]]"
12n_0207_172,"[[11, 7, 12, 6], [3, 9, 4, 8], [15, 11, 16, 10], [7, 13, 8, 12], [1, 14, 2, 15], [16, 20, 17, 19], [18, 24, 19, 23], [20, 6, 21, 5], [22, 18, 23, 17], [9, 1, 10, 24], [13, 2, 14, 3], [4, 22, 5, 21]]"
12n_0207_173,"[[4, 22, 5, 21], [11, 7, 12, 6], [3, 9, 4, 8], [15, 11, 16, 10], [7, 13, 8, 12], [1, 14, 2, 15], [16, 20, 17, 19], [18, 24, 19, 23], [20, 6, 21, 5], [22, 18, 23, 17], [9, 1, 10, 24], [13, 2, 14, 3]]"
12n_0207_174,"[[13, 2, 14, 3], [4, 22, 5, 21], [11, 7, 12, 6], [3, 9, 4, 8], [15, 11, 16, 10], [7, 13, 8, 12], [1, 14, 2, 15], [16, 20, 17, 19], [18, 24, 19, 23], [20, 6, 21, 5], [22, 18, 23, 17], [9, 1, 10, 24]]"
12n_0207_175,"[[9, 1, 10, 24], [13, 2, 14, 3], [4, 22, 5, 21], [11, 7, 12, 6], [3, 9, 4, 8], [15, 11, 16, 10], [7, 13, 8, 12], [1, 14, 2, 15], [16, 20, 17, 19], [18, 24, 19, 23], [20, 6, 21, 5], [22, 18, 23, 17]]"
12n_0207_176,"[[22, 18, 23, 17], [9, 1, 10, 24], [13, 2, 14, 3], [4, 22, 5, 21], [11, 7, 12, 6], [3, 9, 4, 8], [15, 11, 16, 10], [7, 13, 8, 12], [1, 14, 2, 15], [16, 20, 17, 19], [18, 24, 19, 23], [20, 6, 21, 5]]"
12n_0207_177,"[[20, 6, 21, 5], [22, 18, 23, 17], [9, 1, 10, 24], [13, 2, 14, 3], [4, 22, 5, 21], [11, 7, 12, 6], [3, 9, 4, 8], [15, 11, 16, 10], [7, 13, 8, 12], [1, 14, 2, 15], [16, 20, 17, 19], [18, 24, 19, 23]]"
12n_0207_178,"[[18, 24, 19, 23], [20, 6, 21, 5], [22, 18, 23, 17], [9, 1, 10, 24], [13, 2, 14, 3], [4, 22, 5, 21], [11, 7, 12, 6], [3, 9, 4, 8], [15, 11, 16, 10], [7, 13, 8, 12], [1, 14, 2, 15], [16, 20, 17, 19]]"
12n_0207_179,"[[16, 20, 17, 19], [18, 24, 19, 23], [20, 6, 21, 5], [22, 18, 23, 17], [9, 1, 10, 24], [13, 2, 14, 3], [4, 22, 5, 21], [11, 7, 12, 6], [3, 9, 4, 8], [15, 11, 16, 10], [7, 13, 8, 12], [1, 14, 2, 15]]"
12n_0207_180,"[[2, 15, 3, 16], [17, 21, 18, 20], [19, 1, 20, 24], [21, 7, 22, 6], [23, 19, 24, 18], [10, 2, 11, 1], [14, 3, 15, 4], [5, 23, 6, 22], [12, 8, 13, 7], [4, 10, 5, 9], [16, 12, 17, 11], [8, 14, 9, 13]]"
12n_0207_181,"[[8, 14, 9, 13], [2, 15, 3, 16], [17, 21, 18, 20], [19, 1, 20, 24], [21, 7, 22, 6], [23, 19, 24, 18], [10, 2, 11, 1], [14, 3, 15, 4], [5, 23, 6, 22], [12, 8, 13, 7], [4, 10, 5, 9], [16, 12, 17, 11]]"
12n_0207_182,"[[16, 12, 17, 11], [8, 14, 9, 13], [2, 15, 3, 16], [17, 21, 18, 20], [19, 1, 20, 24], [21, 7, 22, 6], [23, 19, 24, 18], [10, 2, 11, 1], [14, 3, 15, 4], [5, 23, 6, 22], [12, 8, 13, 7], [4, 10, 5, 9]]"
12n_0207_183,"[[4, 10, 5, 9], [16, 12, 17, 11], [8, 14, 9, 13], [2, 15, 3, 16], [17, 21, 18, 20], [19, 1, 20, 24], [21, 7, 22, 6], [23, 19, 24, 18], [10, 2, 11, 1], [14, 3, 15, 4], [5, 23, 6, 22], [12, 8, 13, 7]]"
12n_0207_184,"[[12, 8, 13, 7], [4, 10, 5, 9], [16, 12, 17, 11], [8, 14, 9, 13], [2, 15, 3, 16], [17, 21, 18, 20], [19, 1, 20, 24], [21, 7, 22, 6], [23, 19, 24, 18], [10, 2, 11, 1], [14, 3, 15, 4], [5, 23, 6, 22]]"
12n_0207_185,"[[5, 23, 6, 22], [12, 8, 13, 7], [4, 10, 5, 9], [16, 12, 17, 11], [8, 14, 9, 13], [2, 15, 3, 16], [17, 21, 18, 20], [19, 1, 20, 24], [21, 7, 22, 6], [23, 19, 24, 18], [10, 2, 11, 1], [14, 3, 15, 4]]"
