name,pd_notation
12n_0496_0,"[[13, 1, 14, 24], [2, 6, 3, 5], [4, 12, 5, 11], [6, 18, 7, 17], [8, 22, 9, 21], [10, 4, 11, 3], [23, 13, 24, 12], [1, 15, 2, 14], [16, 8, 17, 7], [18, 15, 19, 16], [20, 10, 21, 9], [22, 19, 23, 20]]"
12n_0496_1,"[[22, 19, 23, 20], [13, 1, 14, 24], [2, 6, 3, 5], [4, 12, 5, 11], [6, 18, 7, 17], [8, 22, 9, 21], [10, 4, 11, 3], [23, 13, 24, 12], [1, 15, 2, 14], [16, 8, 17, 7], [18, 15, 19, 16], [20, 10, 21, 9]]"
12n_0496_2,"[[20, 10, 21, 9], [22, 19, 23, 20], [13, 1, 14, 24], [2, 6, 3, 5], [4, 12, 5, 11], [6, 18, 7, 17], [8, 22, 9, 21], [10, 4, 11, 3], [23, 13, 24, 12], [1, 15, 2, 14], [16, 8, 17, 7], [18, 15, 19, 16]]"
12n_0496_3,"[[18, 15, 19, 16], [20, 10, 21, 9], [22, 19, 23, 20], [13, 1, 14, 24], [2, 6, 3, 5], [4, 12, 5, 11], [6, 18, 7, 17], [8, 22, 9, 21], [10, 4, 11, 3], [23, 13, 24, 12], [1, 15, 2, 14], [16, 8, 17, 7]]"
12n_0496_4,"[[16, 8, 17, 7], [18, 15, 19, 16], [20, 10, 21, 9], [22, 19, 23, 20], [13, 1, 14, 24], [2, 6, 3, 5], [4, 12, 5, 11], [6, 18, 7, 17], [8, 22, 9, 21], [10, 4, 11, 3], [23, 13, 24, 12], [1, 15, 2, 14]]"
12n_0496_5,"[[1, 15, 2, 14], [16, 8, 17, 7], [18, 15, 19, 16], [20, 10, 21, 9], [22, 19, 23, 20], [13, 1, 14, 24], [2, 6, 3, 5], [4, 12, 5, 11], [6, 18, 7, 17], [8, 22, 9, 21], [10, 4, 11, 3], [23, 13, 24, 12]]"
12n_0496_6,"[[23, 13, 24, 12], [1, 15, 2, 14], [16, 8, 17, 7], [18, 15, 19, 16], [20, 10, 21, 9], [22, 19, 23, 20], [13, 1, 14, 24], [2, 6, 3, 5], [4, 12, 5, 11], [6, 18, 7, 17], [8, 22, 9, 21], [10, 4, 11, 3]]"
12n_0496_7,"[[10, 4, 11, 3], [23, 13, 24, 12], [1, 15, 2, 14], [16, 8, 17, 7], [18, 15, 19, 16], [20, 10, 21, 9], [22, 19, 23, 20], [13, 1, 14, 24], [2, 6, 3, 5], [4, 12, 5, 11], [6, 18, 7, 17], [8, 22, 9, 21]]"
12n_0496_8,"[[8, 22, 9, 21], [10, 4, 11, 3], [23, 13, 24, 12], [1, 15, 2, 14], [16, 8, 17, 7], [18, 15, 19, 16], [20, 10, 21, 9], [22, 19, 23, 20], [13, 1, 14, 24], [2, 6, 3, 5], [4, 12, 5, 11], [6, 18, 7, 17]]"
12n_0496_9,"[[6, 18, 7, 17], [8, 22, 9, 21], [10, 4, 11, 3], [23, 13, 24, 12], [1, 15, 2, 14], [16, 8, 17, 7], [18, 15, 19, 16], [20, 10, 21, 9], [22, 19, 23, 20], [13, 1, 14, 24], [2, 6, 3, 5], [4, 12, 5, 11]]"
12n_0496_10,"[[4, 12, 5, 11], [6, 18, 7, 17], [8, 22, 9, 21], [10, 4, 11, 3], [23, 13, 24, 12], [1, 15, 2, 14], [16, 8, 17, 7], [18, 15, 19, 16], [20, 10, 21, 9], [22, 19, 23, 20], [13, 1, 14, 24], [2, 6, 3, 5]]"
12n_0496_11,"[[2, 6, 3, 5], [4, 12, 5, 11], [6, 18, 7, 17], [8, 22, 9, 21], [10, 4, 11, 3], [23, 13, 24, 12], [1, 15, 2, 14], [16, 8, 17, 7], [18, 15, 19, 16], [20, 10, 21, 9], [22, 19, 23, 20], [13, 1, 14, 24]]"
12n_0496_12,"[[14, 2, 15, 1], [3, 7, 4, 6], [5, 13, 6, 12], [7, 19, 8, 18], [9, 23, 10, 22], [11, 5, 12, 4], [24, 14, 1, 13], [2, 16, 3, 15], [17, 9, 18, 8], [19, 16, 20, 17], [21, 11, 22, 10], [23, 20, 24, 21]]"
12n_0496_13,"[[23, 20, 24, 21], [14, 2, 15, 1], [3, 7, 4, 6], [5, 13, 6, 12], [7, 19, 8, 18], [9, 23, 10, 22], [11, 5, 12, 4], [24, 14, 1, 13], [2, 16, 3, 15], [17, 9, 18, 8], [19, 16, 20, 17], [21, 11, 22, 10]]"
12n_0496_14,"[[21, 11, 22, 10], [23, 20, 24, 21], [14, 2, 15, 1], [3, 7, 4, 6], [5, 13, 6, 12], [7, 19, 8, 18], [9, 23, 10, 22], [11, 5, 12, 4], [24, 14, 1, 13], [2, 16, 3, 15], [17, 9, 18, 8], [19, 16, 20, 17]]"
12n_0496_15,"[[19, 16, 20, 17], [21, 11, 22, 10], [23, 20, 24, 21], [14, 2, 15, 1], [3, 7, 4, 6], [5, 13, 6, 12], [7, 19, 8, 18], [9, 23, 10, 22], [11, 5, 12, 4], [24, 14, 1, 13], [2, 16, 3, 15], [17, 9, 18, 8]]"
12n_0496_16,"[[17, 9, 18, 8], [19, 16, 20, 17], [21, 11, 22, 10], [23, 20, 24, 21], [14, 2, 15, 1], [3, 7, 4, 6], [5, 13, 6, 12], [7, 19, 8, 18], [9, 23, 10, 22], [11, 5, 12, 4], [24, 14, 1, 13], [2, 16, 3, 15]]"
12n_0496_17,"[[2, 16, 3, 15], [17, 9, 18, 8], [19, 16, 20, 17], [21, 11, 22, 10], [23, 20, 24, 21], [14, 2, 15, 1], [3, 7, 4, 6], [5, 13, 6, 12], [7, 19, 8, 18], [9, 23, 10, 22], [11, 5, 12, 4], [24, 14, 1, 13]]"
12n_0496_18,"[[24, 14, 1, 13], [2, 16, 3, 15], [17, 9, 18, 8], [19, 16, 20, 17], [21, 11, 22, 10], [23, 20, 24, 21], [14, 2, 15, 1], [3, 7, 4, 6], [5, 13, 6, 12], [7, 19, 8, 18], [9, 23, 10, 22], [11, 5, 12, 4]]"
12n_0496_19,"[[11, 5, 12, 4], [24, 14, 1, 13], [2, 16, 3, 15], [17, 9, 18, 8], [19, 16, 20, 17], [21, 11, 22, 10], [23, 20, 24, 21], [14, 2, 15, 1], [3, 7, 4, 6], [5, 13, 6, 12], [7, 19, 8, 18], [9, 23, 10, 22]]"
12n_0496_20,"[[9, 23, 10, 22], [11, 5, 12, 4], [24, 14, 1, 13], [2, 16, 3, 15], [17, 9, 18, 8], [19, 16, 20, 17], [21, 11, 22, 10], [23, 20, 24, 21], [14, 2, 15, 1], [3, 7, 4, 6], [5, 13, 6, 12], [7, 19, 8, 18]]"
12n_0496_21,"[[7, 19, 8, 18], [9, 23, 10, 22], [11, 5, 12, 4], [24, 14, 1, 13], [2, 16, 3, 15], [17, 9, 18, 8], [19, 16, 20, 17], [21, 11, 22, 10], [23, 20, 24, 21], [14, 2, 15, 1], [3, 7, 4, 6], [5, 13, 6, 12]]"
12n_0496_22,"[[5, 13, 6, 12], [7, 19, 8, 18], [9, 23, 10, 22], [11, 5, 12, 4], [24, 14, 1, 13], [2, 16, 3, 15], [17, 9, 18, 8], [19, 16, 20, 17], [21, 11, 22, 10], [23, 20, 24, 21], [14, 2, 15, 1], [3, 7, 4, 6]]"
12n_0496_23,"[[3, 7, 4, 6], [5, 13, 6, 12], [7, 19, 8, 18], [9, 23, 10, 22], [11, 5, 12, 4], [24, 14, 1, 13], [2, 16, 3, 15], [17, 9, 18, 8], [19, 16, 20, 17], [21, 11, 22, 10], [23, 20, 24, 21], [14, 2, 15, 1]]"
12n_0496_24,"[[15, 3, 16, 2], [4, 8, 5, 7], [6, 14, 7, 13], [8, 20, 9, 19], [10, 24, 11, 23], [12, 6, 13, 5], [1, 15, 2, 14], [3, 17, 4, 16], [18, 10, 19, 9], [20, 17, 21, 18], [22, 12, 23, 11], [24, 21, 1, 22]]"
12n_0496_25,"[[24, 21, 1, 22], [15, 3, 16, 2], [4, 8, 5, 7], [6, 14, 7, 13], [8, 20, 9, 19], [10, 24, 11, 23], [12, 6, 13, 5], [1, 15, 2, 14], [3, 17, 4, 16], [18, 10, 19, 9], [20, 17, 21, 18], [22, 12, 23, 11]]"
12n_0496_26,"[[22, 12, 23, 11], [24, 21, 1, 22], [15, 3, 16, 2], [4, 8, 5, 7], [6, 14, 7, 13], [8, 20, 9, 19], [10, 24, 11, 23], [12, 6, 13, 5], [1, 15, 2, 14], [3, 17, 4, 16], [18, 10, 19, 9], [20, 17, 21, 18]]"
12n_0496_27,"[[20, 17, 21, 18], [22, 12, 23, 11], [24, 21, 1, 22], [15, 3, 16, 2], [4, 8, 5, 7], [6, 14, 7, 13], [8, 20, 9, 19], [10, 24, 11, 23], [12, 6, 13, 5], [1, 15, 2, 14], [3, 17, 4, 16], [18, 10, 19, 9]]"
12n_0496_28,"[[18, 10, 19, 9], [20, 17, 21, 18], [22, 12, 23, 11], [24, 21, 1, 22], [15, 3, 16, 2], [4, 8, 5, 7], [6, 14, 7, 13], [8, 20, 9, 19], [10, 24, 11, 23], [12, 6, 13, 5], [1, 15, 2, 14], [3, 17, 4, 16]]"
12n_0496_29,"[[3, 17, 4, 16], [18, 10, 19, 9], [20, 17, 21, 18], [22, 12, 23, 11], [24, 21, 1, 22], [15, 3, 16, 2], [4, 8, 5, 7], [6, 14, 7, 13], [8, 20, 9, 19], [10, 24, 11, 23], [12, 6, 13, 5], [1, 15, 2, 14]]"
12n_0496_30,"[[1, 15, 2, 14], [3, 17, 4, 16], [18, 10, 19, 9], [20, 17, 21, 18], [22, 12, 23, 11], [24, 21, 1, 22], [15, 3, 16, 2], [4, 8, 5, 7], [6, 14, 7, 13], [8, 20, 9, 19], [10, 24, 11, 23], [12, 6, 13, 5]]"
12n_0496_31,"[[12, 6, 13, 5], [1, 15, 2, 14], [3, 17, 4, 16], [18, 10, 19, 9], [20, 17, 21, 18], [22, 12, 23, 11], [24, 21, 1, 22], [15, 3, 16, 2], [4, 8, 5, 7], [6, 14, 7, 13], [8, 20, 9, 19], [10, 24, 11, 23]]"
12n_0496_32,"[[10, 24, 11, 23], [12, 6, 13, 5], [1, 15, 2, 14], [3, 17, 4, 16], [18, 10, 19, 9], [20, 17, 21, 18], [22, 12, 23, 11], [24, 21, 1, 22], [15, 3, 16, 2], [4, 8, 5, 7], [6, 14, 7, 13], [8, 20, 9, 19]]"
12n_0496_33,"[[8, 20, 9, 19], [10, 24, 11, 23], [12, 6, 13, 5], [1, 15, 2, 14], [3, 17, 4, 16], [18, 10, 19, 9], [20, 17, 21, 18], [22, 12, 23, 11], [24, 21, 1, 22], [15, 3, 16, 2], [4, 8, 5, 7], [6, 14, 7, 13]]"
12n_0496_34,"[[6, 14, 7, 13], [8, 20, 9, 19], [10, 24, 11, 23], [12, 6, 13, 5], [1, 15, 2, 14], [3, 17, 4, 16], [18, 10, 19, 9], [20, 17, 21, 18], [22, 12, 23, 11], [24, 21, 1, 22], [15, 3, 16, 2], [4, 8, 5, 7]]"
12n_0496_35,"[[4, 8, 5, 7], [6, 14, 7, 13], [8, 20, 9, 19], [10, 24, 11, 23], [12, 6, 13, 5], [1, 15, 2, 14], [3, 17, 4, 16], [18, 10, 19, 9], [20, 17, 21, 18], [22, 12, 23, 11], [24, 21, 1, 22], [15, 3, 16, 2]]"
12n_0496_36,"[[16, 4, 17, 3], [5, 9, 6, 8], [7, 15, 8, 14], [9, 21, 10, 20], [11, 1, 12, 24], [13, 7, 14, 6], [2, 16, 3, 15], [4, 18, 5, 17], [19, 11, 20, 10], [21, 18, 22, 19], [23, 13, 24, 12], [1, 22, 2, 23]]"
12n_0496_37,"[[1, 22, 2, 23], [16, 4, 17, 3], [5, 9, 6, 8], [7, 15, 8, 14], [9, 21, 10, 20], [11, 1, 12, 24], [13, 7, 14, 6], [2, 16, 3, 15], [4, 18, 5, 17], [19, 11, 20, 10], [21, 18, 22, 19], [23, 13, 24, 12]]"
12n_0496_38,"[[23, 13, 24, 12], [1, 22, 2, 23], [16, 4, 17, 3], [5, 9, 6, 8], [7, 15, 8, 14], [9, 21, 10, 20], [11, 1, 12, 24], [13, 7, 14, 6], [2, 16, 3, 15], [4, 18, 5, 17], [19, 11, 20, 10], [21, 18, 22, 19]]"
12n_0496_39,"[[21, 18, 22, 19], [23, 13, 24, 12], [1, 22, 2, 23], [16, 4, 17, 3], [5, 9, 6, 8], [7, 15, 8, 14], [9, 21, 10, 20], [11, 1, 12, 24], [13, 7, 14, 6], [2, 16, 3, 15], [4, 18, 5, 17], [19, 11, 20, 10]]"
12n_0496_40,"[[19, 11, 20, 10], [21, 18, 22, 19], [23, 13, 24, 12], [1, 22, 2, 23], [16, 4, 17, 3], [5, 9, 6, 8], [7, 15, 8, 14], [9, 21, 10, 20], [11, 1, 12, 24], [13, 7, 14, 6], [2, 16, 3, 15], [4, 18, 5, 17]]"
12n_0496_41,"[[4, 18, 5, 17], [19, 11, 20, 10], [21, 18, 22, 19], [23, 13, 24, 12], [1, 22, 2, 23], [16, 4, 17, 3], [5, 9, 6, 8], [7, 15, 8, 14], [9, 21, 10, 20], [11, 1, 12, 24], [13, 7, 14, 6], [2, 16, 3, 15]]"
12n_0496_42,"[[2, 16, 3, 15], [4, 18, 5, 17], [19, 11, 20, 10], [21, 18, 22, 19], [23, 13, 24, 12], [1, 22, 2, 23], [16, 4, 17, 3], [5, 9, 6, 8], [7, 15, 8, 14], [9, 21, 10, 20], [11, 1, 12, 24], [13, 7, 14, 6]]"
12n_0496_43,"[[13, 7, 14, 6], [2, 16, 3, 15], [4, 18, 5, 17], [19, 11, 20, 10], [21, 18, 22, 19], [23, 13, 24, 12], [1, 22, 2, 23], [16, 4, 17, 3], [5, 9, 6, 8], [7, 15, 8, 14], [9, 21, 10, 20], [11, 1, 12, 24]]"
12n_0496_44,"[[11, 1, 12, 24], [13, 7, 14, 6], [2, 16, 3, 15], [4, 18, 5, 17], [19, 11, 20, 10], [21, 18, 22, 19], [23, 13, 24, 12], [1, 22, 2, 23], [16, 4, 17, 3], [5, 9, 6, 8], [7, 15, 8, 14], [9, 21, 10, 20]]"
12n_0496_45,"[[9, 21, 10, 20], [11, 1, 12, 24], [13, 7, 14, 6], [2, 16, 3, 15], [4, 18, 5, 17], [19, 11, 20, 10], [21, 18, 22, 19], [23, 13, 24, 12], [1, 22, 2, 23], [16, 4, 17, 3], [5, 9, 6, 8], [7, 15, 8, 14]]"
12n_0496_46,"[[7, 15, 8, 14], [9, 21, 10, 20], [11, 1, 12, 24], [13, 7, 14, 6], [2, 16, 3, 15], [4, 18, 5, 17], [19, 11, 20, 10], [21, 18, 22, 19], [23, 13, 24, 12], [1, 22, 2, 23], [16, 4, 17, 3], [5, 9, 6, 8]]"
12n_0496_47,"[[5, 9, 6, 8], [7, 15, 8, 14], [9, 21, 10, 20], [11, 1, 12, 24], [13, 7, 14, 6], [2, 16, 3, 15], [4, 18, 5, 17], [19, 11, 20, 10], [21, 18, 22, 19], [23, 13, 24, 12], [1, 22, 2, 23], [16, 4, 17, 3]]"
12n_0496_48,"[[17, 5, 18, 4], [6, 10, 7, 9], [8, 16, 9, 15], [10, 22, 11, 21], [12, 2, 13, 1], [14, 8, 15, 7], [3, 17, 4, 16], [5, 19, 6, 18], [20, 12, 21, 11], [22, 19, 23, 20], [24, 14, 1, 13], [2, 23, 3, 24]]"
12n_0496_49,"[[2, 23, 3, 24], [17, 5, 18, 4], [6, 10, 7, 9], [8, 16, 9, 15], [10, 22, 11, 21], [12, 2, 13, 1], [14, 8, 15, 7], [3, 17, 4, 16], [5, 19, 6, 18], [20, 12, 21, 11], [22, 19, 23, 20], [24, 14, 1, 13]]"
12n_0496_50,"[[24, 14, 1, 13], [2, 23, 3, 24], [17, 5, 18, 4], [6, 10, 7, 9], [8, 16, 9, 15], [10, 22, 11, 21], [12, 2, 13, 1], [14, 8, 15, 7], [3, 17, 4, 16], [5, 19, 6, 18], [20, 12, 21, 11], [22, 19, 23, 20]]"
12n_0496_51,"[[22, 19, 23, 20], [24, 14, 1, 13], [2, 23, 3, 24], [17, 5, 18, 4], [6, 10, 7, 9], [8, 16, 9, 15], [10, 22, 11, 21], [12, 2, 13, 1], [14, 8, 15, 7], [3, 17, 4, 16], [5, 19, 6, 18], [20, 12, 21, 11]]"
12n_0496_52,"[[20, 12, 21, 11], [22, 19, 23, 20], [24, 14, 1, 13], [2, 23, 3, 24], [17, 5, 18, 4], [6, 10, 7, 9], [8, 16, 9, 15], [10, 22, 11, 21], [12, 2, 13, 1], [14, 8, 15, 7], [3, 17, 4, 16], [5, 19, 6, 18]]"
12n_0496_53,"[[5, 19, 6, 18], [20, 12, 21, 11], [22, 19, 23, 20], [24, 14, 1, 13], [2, 23, 3, 24], [17, 5, 18, 4], [6, 10, 7, 9], [8, 16, 9, 15], [10, 22, 11, 21], [12, 2, 13, 1], [14, 8, 15, 7], [3, 17, 4, 16]]"
12n_0496_54,"[[3, 17, 4, 16], [5, 19, 6, 18], [20, 12, 21, 11], [22, 19, 23, 20], [24, 14, 1, 13], [2, 23, 3, 24], [17, 5, 18, 4], [6, 10, 7, 9], [8, 16, 9, 15], [10, 22, 11, 21], [12, 2, 13, 1], [14, 8, 15, 7]]"
12n_0496_55,"[[14, 8, 15, 7], [3, 17, 4, 16], [5, 19, 6, 18], [20, 12, 21, 11], [22, 19, 23, 20], [24, 14, 1, 13], [2, 23, 3, 24], [17, 5, 18, 4], [6, 10, 7, 9], [8, 16, 9, 15], [10, 22, 11, 21], [12, 2, 13, 1]]"
12n_0496_56,"[[12, 2, 13, 1], [14, 8, 15, 7], [3, 17, 4, 16], [5, 19, 6, 18], [20, 12, 21, 11], [22, 19, 23, 20], [24, 14, 1, 13], [2, 23, 3, 24], [17, 5, 18, 4], [6, 10, 7, 9], [8, 16, 9, 15], [10, 22, 11, 21]]"
12n_0496_57,"[[10, 22, 11, 21], [12, 2, 13, 1], [14, 8, 15, 7], [3, 17, 4, 16], [5, 19, 6, 18], [20, 12, 21, 11], [22, 19, 23, 20], [24, 14, 1, 13], [2, 23, 3, 24], [17, 5, 18, 4], [6, 10, 7, 9], [8, 16, 9, 15]]"
12n_0496_58,"[[8, 16, 9, 15], [10, 22, 11, 21], [12, 2, 13, 1], [14, 8, 15, 7], [3, 17, 4, 16], [5, 19, 6, 18], [20, 12, 21, 11], [22, 19, 23, 20], [24, 14, 1, 13], [2, 23, 3, 24], [17, 5, 18, 4], [6, 10, 7, 9]]"
12n_0496_59,"[[6, 10, 7, 9], [8, 16, 9, 15], [10, 22, 11, 21], [12, 2, 13, 1], [14, 8, 15, 7], [3, 17, 4, 16], [5, 19, 6, 18], [20, 12, 21, 11], [22, 19, 23, 20], [24, 14, 1, 13], [2, 23, 3, 24], [17, 5, 18, 4]]"
12n_0496_60,"[[18, 6, 19, 5], [7, 11, 8, 10], [9, 17, 10, 16], [11, 23, 12, 22], [13, 3, 14, 2], [15, 9, 16, 8], [4, 18, 5, 17], [6, 20, 7, 19], [21, 13, 22, 12], [23, 20, 24, 21], [1, 15, 2, 14], [3, 24, 4, 1]]"
12n_0496_61,"[[3, 24, 4, 1], [18, 6, 19, 5], [7, 11, 8, 10], [9, 17, 10, 16], [11, 23, 12, 22], [13, 3, 14, 2], [15, 9, 16, 8], [4, 18, 5, 17], [6, 20, 7, 19], [21, 13, 22, 12], [23, 20, 24, 21], [1, 15, 2, 14]]"
12n_0496_62,"[[1, 15, 2, 14], [3, 24, 4, 1], [18, 6, 19, 5], [7, 11, 8, 10], [9, 17, 10, 16], [11, 23, 12, 22], [13, 3, 14, 2], [15, 9, 16, 8], [4, 18, 5, 17], [6, 20, 7, 19], [21, 13, 22, 12], [23, 20, 24, 21]]"
12n_0496_63,"[[23, 20, 24, 21], [1, 15, 2, 14], [3, 24, 4, 1], [18, 6, 19, 5], [7, 11, 8, 10], [9, 17, 10, 16], [11, 23, 12, 22], [13, 3, 14, 2], [15, 9, 16, 8], [4, 18, 5, 17], [6, 20, 7, 19], [21, 13, 22, 12]]"
12n_0496_64,"[[21, 13, 22, 12], [23, 20, 24, 21], [1, 15, 2, 14], [3, 24, 4, 1], [18, 6, 19, 5], [7, 11, 8, 10], [9, 17, 10, 16], [11, 23, 12, 22], [13, 3, 14, 2], [15, 9, 16, 8], [4, 18, 5, 17], [6, 20, 7, 19]]"
12n_0496_65,"[[6, 20, 7, 19], [21, 13, 22, 12], [23, 20, 24, 21], [1, 15, 2, 14], [3, 24, 4, 1], [18, 6, 19, 5], [7, 11, 8, 10], [9, 17, 10, 16], [11, 23, 12, 22], [13, 3, 14, 2], [15, 9, 16, 8], [4, 18, 5, 17]]"
12n_0496_66,"[[4, 18, 5, 17], [6, 20, 7, 19], [21, 13, 22, 12], [23, 20, 24, 21], [1, 15, 2, 14], [3, 24, 4, 1], [18, 6, 19, 5], [7, 11, 8, 10], [9, 17, 10, 16], [11, 23, 12, 22], [13, 3, 14, 2], [15, 9, 16, 8]]"
12n_0496_67,"[[15, 9, 16, 8], [4, 18, 5, 17], [6, 20, 7, 19], [21, 13, 22, 12], [23, 20, 24, 21], [1, 15, 2, 14], [3, 24, 4, 1], [18, 6, 19, 5], [7, 11, 8, 10], [9, 17, 10, 16], [11, 23, 12, 22], [13, 3, 14, 2]]"
12n_0496_68,"[[13, 3, 14, 2], [15, 9, 16, 8], [4, 18, 5, 17], [6, 20, 7, 19], [21, 13, 22, 12], [23, 20, 24, 21], [1, 15, 2, 14], [3, 24, 4, 1], [18, 6, 19, 5], [7, 11, 8, 10], [9, 17, 10, 16], [11, 23, 12, 22]]"
12n_0496_69,"[[11, 23, 12, 22], [13, 3, 14, 2], [15, 9, 16, 8], [4, 18, 5, 17], [6, 20, 7, 19], [21, 13, 22, 12], [23, 20, 24, 21], [1, 15, 2, 14], [3, 24, 4, 1], [18, 6, 19, 5], [7, 11, 8, 10], [9, 17, 10, 16]]"
12n_0496_70,"[[9, 17, 10, 16], [11, 23, 12, 22], [13, 3, 14, 2], [15, 9, 16, 8], [4, 18, 5, 17], [6, 20, 7, 19], [21, 13, 22, 12], [23, 20, 24, 21], [1, 15, 2, 14], [3, 24, 4, 1], [18, 6, 19, 5], [7, 11, 8, 10]]"
12n_0496_71,"[[7, 11, 8, 10], [9, 17, 10, 16], [11, 23, 12, 22], [13, 3, 14, 2], [15, 9, 16, 8], [4, 18, 5, 17], [6, 20, 7, 19], [21, 13, 22, 12], [23, 20, 24, 21], [1, 15, 2, 14], [3, 24, 4, 1], [18, 6, 19, 5]]"
12n_0496_72,"[[19, 7, 20, 6], [8, 12, 9, 11], [10, 18, 11, 17], [12, 24, 13, 23], [14, 4, 15, 3], [16, 10, 17, 9], [5, 19, 6, 18], [7, 21, 8, 20], [22, 14, 23, 13], [24, 21, 1, 22], [2, 16, 3, 15], [4, 1, 5, 2]]"
12n_0496_73,"[[4, 1, 5, 2], [19, 7, 20, 6], [8, 12, 9, 11], [10, 18, 11, 17], [12, 24, 13, 23], [14, 4, 15, 3], [16, 10, 17, 9], [5, 19, 6, 18], [7, 21, 8, 20], [22, 14, 23, 13], [24, 21, 1, 22], [2, 16, 3, 15]]"
12n_0496_74,"[[2, 16, 3, 15], [4, 1, 5, 2], [19, 7, 20, 6], [8, 12, 9, 11], [10, 18, 11, 17], [12, 24, 13, 23], [14, 4, 15, 3], [16, 10, 17, 9], [5, 19, 6, 18], [7, 21, 8, 20], [22, 14, 23, 13], [24, 21, 1, 22]]"
12n_0496_75,"[[24, 21, 1, 22], [2, 16, 3, 15], [4, 1, 5, 2], [19, 7, 20, 6], [8, 12, 9, 11], [10, 18, 11, 17], [12, 24, 13, 23], [14, 4, 15, 3], [16, 10, 17, 9], [5, 19, 6, 18], [7, 21, 8, 20], [22, 14, 23, 13]]"
12n_0496_76,"[[22, 14, 23, 13], [24, 21, 1, 22], [2, 16, 3, 15], [4, 1, 5, 2], [19, 7, 20, 6], [8, 12, 9, 11], [10, 18, 11, 17], [12, 24, 13, 23], [14, 4, 15, 3], [16, 10, 17, 9], [5, 19, 6, 18], [7, 21, 8, 20]]"
12n_0496_77,"[[7, 21, 8, 20], [22, 14, 23, 13], [24, 21, 1, 22], [2, 16, 3, 15], [4, 1, 5, 2], [19, 7, 20, 6], [8, 12, 9, 11], [10, 18, 11, 17], [12, 24, 13, 23], [14, 4, 15, 3], [16, 10, 17, 9], [5, 19, 6, 18]]"
12n_0496_78,"[[5, 19, 6, 18], [7, 21, 8, 20], [22, 14, 23, 13], [24, 21, 1, 22], [2, 16, 3, 15], [4, 1, 5, 2], [19, 7, 20, 6], [8, 12, 9, 11], [10, 18, 11, 17], [12, 24, 13, 23], [14, 4, 15, 3], [16, 10, 17, 9]]"
12n_0496_79,"[[16, 10, 17, 9], [5, 19, 6, 18], [7, 21, 8, 20], [22, 14, 23, 13], [24, 21, 1, 22], [2, 16, 3, 15], [4, 1, 5, 2], [19, 7, 20, 6], [8, 12, 9, 11], [10, 18, 11, 17], [12, 24, 13, 23], [14, 4, 15, 3]]"
12n_0496_80,"[[14, 4, 15, 3], [16, 10, 17, 9], [5, 19, 6, 18], [7, 21, 8, 20], [22, 14, 23, 13], [24, 21, 1, 22], [2, 16, 3, 15], [4, 1, 5, 2], [19, 7, 20, 6], [8, 12, 9, 11], [10, 18, 11, 17], [12, 24, 13, 23]]"
12n_0496_81,"[[12, 24, 13, 23], [14, 4, 15, 3], [16, 10, 17, 9], [5, 19, 6, 18], [7, 21, 8, 20], [22, 14, 23, 13], [24, 21, 1, 22], [2, 16, 3, 15], [4, 1, 5, 2], [19, 7, 20, 6], [8, 12, 9, 11], [10, 18, 11, 17]]"
12n_0496_82,"[[10, 18, 11, 17], [12, 24, 13, 23], [14, 4, 15, 3], [16, 10, 17, 9], [5, 19, 6, 18], [7, 21, 8, 20], [22, 14, 23, 13], [24, 21, 1, 22], [2, 16, 3, 15], [4, 1, 5, 2], [19, 7, 20, 6], [8, 12, 9, 11]]"
12n_0496_83,"[[8, 12, 9, 11], [10, 18, 11, 17], [12, 24, 13, 23], [14, 4, 15, 3], [16, 10, 17, 9], [5, 19, 6, 18], [7, 21, 8, 20], [22, 14, 23, 13], [24, 21, 1, 22], [2, 16, 3, 15], [4, 1, 5, 2], [19, 7, 20, 6]]"
12n_0496_84,"[[20, 8, 21, 7], [9, 13, 10, 12], [11, 19, 12, 18], [13, 1, 14, 24], [15, 5, 16, 4], [17, 11, 18, 10], [6, 20, 7, 19], [8, 22, 9, 21], [23, 15, 24, 14], [1, 22, 2, 23], [3, 17, 4, 16], [5, 2, 6, 3]]"
12n_0496_85,"[[5, 2, 6, 3], [20, 8, 21, 7], [9, 13, 10, 12], [11, 19, 12, 18], [13, 1, 14, 24], [15, 5, 16, 4], [17, 11, 18, 10], [6, 20, 7, 19], [8, 22, 9, 21], [23, 15, 24, 14], [1, 22, 2, 23], [3, 17, 4, 16]]"
12n_0496_86,"[[3, 17, 4, 16], [5, 2, 6, 3], [20, 8, 21, 7], [9, 13, 10, 12], [11, 19, 12, 18], [13, 1, 14, 24], [15, 5, 16, 4], [17, 11, 18, 10], [6, 20, 7, 19], [8, 22, 9, 21], [23, 15, 24, 14], [1, 22, 2, 23]]"
12n_0496_87,"[[1, 22, 2, 23], [3, 17, 4, 16], [5, 2, 6, 3], [20, 8, 21, 7], [9, 13, 10, 12], [11, 19, 12, 18], [13, 1, 14, 24], [15, 5, 16, 4], [17, 11, 18, 10], [6, 20, 7, 19], [8, 22, 9, 21], [23, 15, 24, 14]]"
12n_0496_88,"[[23, 15, 24, 14], [1, 22, 2, 23], [3, 17, 4, 16], [5, 2, 6, 3], [20, 8, 21, 7], [9, 13, 10, 12], [11, 19, 12, 18], [13, 1, 14, 24], [15, 5, 16, 4], [17, 11, 18, 10], [6, 20, 7, 19], [8, 22, 9, 21]]"
12n_0496_89,"[[8, 22, 9, 21], [23, 15, 24, 14], [1, 22, 2, 23], [3, 17, 4, 16], [5, 2, 6, 3], [20, 8, 21, 7], [9, 13, 10, 12], [11, 19, 12, 18], [13, 1, 14, 24], [15, 5, 16, 4], [17, 11, 18, 10], [6, 20, 7, 19]]"
12n_0496_90,"[[6, 20, 7, 19], [8, 22, 9, 21], [23, 15, 24, 14], [1, 22, 2, 23], [3, 17, 4, 16], [5, 2, 6, 3], [20, 8, 21, 7], [9, 13, 10, 12], [11, 19, 12, 18], [13, 1, 14, 24], [15, 5, 16, 4], [17, 11, 18, 10]]"
12n_0496_91,"[[17, 11, 18, 10], [6, 20, 7, 19], [8, 22, 9, 21], [23, 15, 24, 14], [1, 22, 2, 23], [3, 17, 4, 16], [5, 2, 6, 3], [20, 8, 21, 7], [9, 13, 10, 12], [11, 19, 12, 18], [13, 1, 14, 24], [15, 5, 16, 4]]"
12n_0496_92,"[[15, 5, 16, 4], [17, 11, 18, 10], [6, 20, 7, 19], [8, 22, 9, 21], [23, 15, 24, 14], [1, 22, 2, 23], [3, 17, 4, 16], [5, 2, 6, 3], [20, 8, 21, 7], [9, 13, 10, 12], [11, 19, 12, 18], [13, 1, 14, 24]]"
12n_0496_93,"[[13, 1, 14, 24], [15, 5, 16, 4], [17, 11, 18, 10], [6, 20, 7, 19], [8, 22, 9, 21], [23, 15, 24, 14], [1, 22, 2, 23], [3, 17, 4, 16], [5, 2, 6, 3], [20, 8, 21, 7], [9, 13, 10, 12], [11, 19, 12, 18]]"
12n_0496_94,"[[11, 19, 12, 18], [13, 1, 14, 24], [15, 5, 16, 4], [17, 11, 18, 10], [6, 20, 7, 19], [8, 22, 9, 21], [23, 15, 24, 14], [1, 22, 2, 23], [3, 17, 4, 16], [5, 2, 6, 3], [20, 8, 21, 7], [9, 13, 10, 12]]"
12n_0496_95,"[[9, 13, 10, 12], [11, 19, 12, 18], [13, 1, 14, 24], [15, 5, 16, 4], [17, 11, 18, 10], [6, 20, 7, 19], [8, 22, 9, 21], [23, 15, 24, 14], [1, 22, 2, 23], [3, 17, 4, 16], [5, 2, 6, 3], [20, 8, 21, 7]]"
12n_0496_96,"[[21, 9, 22, 8], [10, 14, 11, 13], [12, 20, 13, 19], [14, 2, 15, 1], [16, 6, 17, 5], [18, 12, 19, 11], [7, 21, 8, 20], [9, 23, 10, 22], [24, 16, 1, 15], [2, 23, 3, 24], [4, 18, 5, 17], [6, 3, 7, 4]]"
12n_0496_97,"[[6, 3, 7, 4], [21, 9, 22, 8], [10, 14, 11, 13], [12, 20, 13, 19], [14, 2, 15, 1], [16, 6, 17, 5], [18, 12, 19, 11], [7, 21, 8, 20], [9, 23, 10, 22], [24, 16, 1, 15], [2, 23, 3, 24], [4, 18, 5, 17]]"
12n_0496_98,"[[4, 18, 5, 17], [6, 3, 7, 4], [21, 9, 22, 8], [10, 14, 11, 13], [12, 20, 13, 19], [14, 2, 15, 1], [16, 6, 17, 5], [18, 12, 19, 11], [7, 21, 8, 20], [9, 23, 10, 22], [24, 16, 1, 15], [2, 23, 3, 24]]"
12n_0496_99,"[[2, 23, 3, 24], [4, 18, 5, 17], [6, 3, 7, 4], [21, 9, 22, 8], [10, 14, 11, 13], [12, 20, 13, 19], [14, 2, 15, 1], [16, 6, 17, 5], [18, 12, 19, 11], [7, 21, 8, 20], [9, 23, 10, 22], [24, 16, 1, 15]]"
12n_0496_100,"[[24, 16, 1, 15], [2, 23, 3, 24], [4, 18, 5, 17], [6, 3, 7, 4], [21, 9, 22, 8], [10, 14, 11, 13], [12, 20, 13, 19], [14, 2, 15, 1], [16, 6, 17, 5], [18, 12, 19, 11], [7, 21, 8, 20], [9, 23, 10, 22]]"
12n_0496_101,"[[9, 23, 10, 22], [24, 16, 1, 15], [2, 23, 3, 24], [4, 18, 5, 17], [6, 3, 7, 4], [21, 9, 22, 8], [10, 14, 11, 13], [12, 20, 13, 19], [14, 2, 15, 1], [16, 6, 17, 5], [18, 12, 19, 11], [7, 21, 8, 20]]"
12n_0496_102,"[[7, 21, 8, 20], [9, 23, 10, 22], [24, 16, 1, 15], [2, 23, 3, 24], [4, 18, 5, 17], [6, 3, 7, 4], [21, 9, 22, 8], [10, 14, 11, 13], [12, 20, 13, 19], [14, 2, 15, 1], [16, 6, 17, 5], [18, 12, 19, 11]]"
12n_0496_103,"[[18, 12, 19, 11], [7, 21, 8, 20], [9, 23, 10, 22], [24, 16, 1, 15], [2, 23, 3, 24], [4, 18, 5, 17], [6, 3, 7, 4], [21, 9, 22, 8], [10, 14, 11, 13], [12, 20, 13, 19], [14, 2, 15, 1], [16, 6, 17, 5]]"
12n_0496_104,"[[16, 6, 17, 5], [18, 12, 19, 11], [7, 21, 8, 20], [9, 23, 10, 22], [24, 16, 1, 15], [2, 23, 3, 24], [4, 18, 5, 17], [6, 3, 7, 4], [21, 9, 22, 8], [10, 14, 11, 13], [12, 20, 13, 19], [14, 2, 15, 1]]"
12n_0496_105,"[[14, 2, 15, 1], [16, 6, 17, 5], [18, 12, 19, 11], [7, 21, 8, 20], [9, 23, 10, 22], [24, 16, 1, 15], [2, 23, 3, 24], [4, 18, 5, 17], [6, 3, 7, 4], [21, 9, 22, 8], [10, 14, 11, 13], [12, 20, 13, 19]]"
12n_0496_106,"[[12, 20, 13, 19], [14, 2, 15, 1], [16, 6, 17, 5], [18, 12, 19, 11], [7, 21, 8, 20], [9, 23, 10, 22], [24, 16, 1, 15], [2, 23, 3, 24], [4, 18, 5, 17], [6, 3, 7, 4], [21, 9, 22, 8], [10, 14, 11, 13]]"
12n_0496_107,"[[10, 14, 11, 13], [12, 20, 13, 19], [14, 2, 15, 1], [16, 6, 17, 5], [18, 12, 19, 11], [7, 21, 8, 20], [9, 23, 10, 22], [24, 16, 1, 15], [2, 23, 3, 24], [4, 18, 5, 17], [6, 3, 7, 4], [21, 9, 22, 8]]"
12n_0496_108,"[[22, 10, 23, 9], [11, 15, 12, 14], [13, 21, 14, 20], [15, 3, 16, 2], [17, 7, 18, 6], [19, 13, 20, 12], [8, 22, 9, 21], [10, 24, 11, 23], [1, 17, 2, 16], [3, 24, 4, 1], [5, 19, 6, 18], [7, 4, 8, 5]]"
12n_0496_109,"[[7, 4, 8, 5], [22, 10, 23, 9], [11, 15, 12, 14], [13, 21, 14, 20], [15, 3, 16, 2], [17, 7, 18, 6], [19, 13, 20, 12], [8, 22, 9, 21], [10, 24, 11, 23], [1, 17, 2, 16], [3, 24, 4, 1], [5, 19, 6, 18]]"
12n_0496_110,"[[5, 19, 6, 18], [7, 4, 8, 5], [22, 10, 23, 9], [11, 15, 12, 14], [13, 21, 14, 20], [15, 3, 16, 2], [17, 7, 18, 6], [19, 13, 20, 12], [8, 22, 9, 21], [10, 24, 11, 23], [1, 17, 2, 16], [3, 24, 4, 1]]"
12n_0496_111,"[[3, 24, 4, 1], [5, 19, 6, 18], [7, 4, 8, 5], [22, 10, 23, 9], [11, 15, 12, 14], [13, 21, 14, 20], [15, 3, 16, 2], [17, 7, 18, 6], [19, 13, 20, 12], [8, 22, 9, 21], [10, 24, 11, 23], [1, 17, 2, 16]]"
12n_0496_112,"[[1, 17, 2, 16], [3, 24, 4, 1], [5, 19, 6, 18], [7, 4, 8, 5], [22, 10, 23, 9], [11, 15, 12, 14], [13, 21, 14, 20], [15, 3, 16, 2], [17, 7, 18, 6], [19, 13, 20, 12], [8, 22, 9, 21], [10, 24, 11, 23]]"
12n_0496_113,"[[10, 24, 11, 23], [1, 17, 2, 16], [3, 24, 4, 1], [5, 19, 6, 18], [7, 4, 8, 5], [22, 10, 23, 9], [11, 15, 12, 14], [13, 21, 14, 20], [15, 3, 16, 2], [17, 7, 18, 6], [19, 13, 20, 12], [8, 22, 9, 21]]"
12n_0496_114,"[[8, 22, 9, 21], [10, 24, 11, 23], [1, 17, 2, 16], [3, 24, 4, 1], [5, 19, 6, 18], [7, 4, 8, 5], [22, 10, 23, 9], [11, 15, 12, 14], [13, 21, 14, 20], [15, 3, 16, 2], [17, 7, 18, 6], [19, 13, 20, 12]]"
12n_0496_115,"[[19, 13, 20, 12], [8, 22, 9, 21], [10, 24, 11, 23], [1, 17, 2, 16], [3, 24, 4, 1], [5, 19, 6, 18], [7, 4, 8, 5], [22, 10, 23, 9], [11, 15, 12, 14], [13, 21, 14, 20], [15, 3, 16, 2], [17, 7, 18, 6]]"
12n_0496_116,"[[17, 7, 18, 6], [19, 13, 20, 12], [8, 22, 9, 21], [10, 24, 11, 23], [1, 17, 2, 16], [3, 24, 4, 1], [5, 19, 6, 18], [7, 4, 8, 5], [22, 10, 23, 9], [11, 15, 12, 14], [13, 21, 14, 20], [15, 3, 16, 2]]"
12n_0496_117,"[[15, 3, 16, 2], [17, 7, 18, 6], [19, 13, 20, 12], [8, 22, 9, 21], [10, 24, 11, 23], [1, 17, 2, 16], [3, 24, 4, 1], [5, 19, 6, 18], [7, 4, 8, 5], [22, 10, 23, 9], [11, 15, 12, 14], [13, 21, 14, 20]]"
12n_0496_118,"[[13, 21, 14, 20], [15, 3, 16, 2], [17, 7, 18, 6], [19, 13, 20, 12], [8, 22, 9, 21], [10, 24, 11, 23], [1, 17, 2, 16], [3, 24, 4, 1], [5, 19, 6, 18], [7, 4, 8, 5], [22, 10, 23, 9], [11, 15, 12, 14]]"
12n_0496_119,"[[11, 15, 12, 14], [13, 21, 14, 20], [15, 3, 16, 2], [17, 7, 18, 6], [19, 13, 20, 12], [8, 22, 9, 21], [10, 24, 11, 23], [1, 17, 2, 16], [3, 24, 4, 1], [5, 19, 6, 18], [7, 4, 8, 5], [22, 10, 23, 9]]"
12n_0496_120,"[[23, 11, 24, 10], [12, 16, 13, 15], [14, 22, 15, 21], [16, 4, 17, 3], [18, 8, 19, 7], [20, 14, 21, 13], [9, 23, 10, 22], [11, 1, 12, 24], [2, 18, 3, 17], [4, 1, 5, 2], [6, 20, 7, 19], [8, 5, 9, 6]]"
12n_0496_121,"[[8, 5, 9, 6], [23, 11, 24, 10], [12, 16, 13, 15], [14, 22, 15, 21], [16, 4, 17, 3], [18, 8, 19, 7], [20, 14, 21, 13], [9, 23, 10, 22], [11, 1, 12, 24], [2, 18, 3, 17], [4, 1, 5, 2], [6, 20, 7, 19]]"
12n_0496_122,"[[6, 20, 7, 19], [8, 5, 9, 6], [23, 11, 24, 10], [12, 16, 13, 15], [14, 22, 15, 21], [16, 4, 17, 3], [18, 8, 19, 7], [20, 14, 21, 13], [9, 23, 10, 22], [11, 1, 12, 24], [2, 18, 3, 17], [4, 1, 5, 2]]"
12n_0496_123,"[[4, 1, 5, 2], [6, 20, 7, 19], [8, 5, 9, 6], [23, 11, 24, 10], [12, 16, 13, 15], [14, 22, 15, 21], [16, 4, 17, 3], [18, 8, 19, 7], [20, 14, 21, 13], [9, 23, 10, 22], [11, 1, 12, 24], [2, 18, 3, 17]]"
12n_0496_124,"[[2, 18, 3, 17], [4, 1, 5, 2], [6, 20, 7, 19], [8, 5, 9, 6], [23, 11, 24, 10], [12, 16, 13, 15], [14, 22, 15, 21], [16, 4, 17, 3], [18, 8, 19, 7], [20, 14, 21, 13], [9, 23, 10, 22], [11, 1, 12, 24]]"
12n_0496_125,"[[11, 1, 12, 24], [2, 18, 3, 17], [4, 1, 5, 2], [6, 20, 7, 19], [8, 5, 9, 6], [23, 11, 24, 10], [12, 16, 13, 15], [14, 22, 15, 21], [16, 4, 17, 3], [18, 8, 19, 7], [20, 14, 21, 13], [9, 23, 10, 22]]"
12n_0496_126,"[[9, 23, 10, 22], [11, 1, 12, 24], [2, 18, 3, 17], [4, 1, 5, 2], [6, 20, 7, 19], [8, 5, 9, 6], [23, 11, 24, 10], [12, 16, 13, 15], [14, 22, 15, 21], [16, 4, 17, 3], [18, 8, 19, 7], [20, 14, 21, 13]]"
12n_0496_127,"[[20, 14, 21, 13], [9, 23, 10, 22], [11, 1, 12, 24], [2, 18, 3, 17], [4, 1, 5, 2], [6, 20, 7, 19], [8, 5, 9, 6], [23, 11, 24, 10], [12, 16, 13, 15], [14, 22, 15, 21], [16, 4, 17, 3], [18, 8, 19, 7]]"
12n_0496_128,"[[18, 8, 19, 7], [20, 14, 21, 13], [9, 23, 10, 22], [11, 1, 12, 24], [2, 18, 3, 17], [4, 1, 5, 2], [6, 20, 7, 19], [8, 5, 9, 6], [23, 11, 24, 10], [12, 16, 13, 15], [14, 22, 15, 21], [16, 4, 17, 3]]"
12n_0496_129,"[[16, 4, 17, 3], [18, 8, 19, 7], [20, 14, 21, 13], [9, 23, 10, 22], [11, 1, 12, 24], [2, 18, 3, 17], [4, 1, 5, 2], [6, 20, 7, 19], [8, 5, 9, 6], [23, 11, 24, 10], [12, 16, 13, 15], [14, 22, 15, 21]]"
12n_0496_130,"[[14, 22, 15, 21], [16, 4, 17, 3], [18, 8, 19, 7], [20, 14, 21, 13], [9, 23, 10, 22], [11, 1, 12, 24], [2, 18, 3, 17], [4, 1, 5, 2], [6, 20, 7, 19], [8, 5, 9, 6], [23, 11, 24, 10], [12, 16, 13, 15]]"
12n_0496_131,"[[12, 16, 13, 15], [14, 22, 15, 21], [16, 4, 17, 3], [18, 8, 19, 7], [20, 14, 21, 13], [9, 23, 10, 22], [11, 1, 12, 24], [2, 18, 3, 17], [4, 1, 5, 2], [6, 20, 7, 19], [8, 5, 9, 6], [23, 11, 24, 10]]"
12n_0496_132,"[[24, 12, 1, 11], [13, 17, 14, 16], [15, 23, 16, 22], [17, 5, 18, 4], [19, 9, 20, 8], [21, 15, 22, 14], [10, 24, 11, 23], [12, 2, 13, 1], [3, 19, 4, 18], [5, 2, 6, 3], [7, 21, 8, 20], [9, 6, 10, 7]]"
12n_0496_133,"[[9, 6, 10, 7], [24, 12, 1, 11], [13, 17, 14, 16], [15, 23, 16, 22], [17, 5, 18, 4], [19, 9, 20, 8], [21, 15, 22, 14], [10, 24, 11, 23], [12, 2, 13, 1], [3, 19, 4, 18], [5, 2, 6, 3], [7, 21, 8, 20]]"
12n_0496_134,"[[7, 21, 8, 20], [9, 6, 10, 7], [24, 12, 1, 11], [13, 17, 14, 16], [15, 23, 16, 22], [17, 5, 18, 4], [19, 9, 20, 8], [21, 15, 22, 14], [10, 24, 11, 23], [12, 2, 13, 1], [3, 19, 4, 18], [5, 2, 6, 3]]"
12n_0496_135,"[[5, 2, 6, 3], [7, 21, 8, 20], [9, 6, 10, 7], [24, 12, 1, 11], [13, 17, 14, 16], [15, 23, 16, 22], [17, 5, 18, 4], [19, 9, 20, 8], [21, 15, 22, 14], [10, 24, 11, 23], [12, 2, 13, 1], [3, 19, 4, 18]]"
12n_0496_136,"[[3, 19, 4, 18], [5, 2, 6, 3], [7, 21, 8, 20], [9, 6, 10, 7], [24, 12, 1, 11], [13, 17, 14, 16], [15, 23, 16, 22], [17, 5, 18, 4], [19, 9, 20, 8], [21, 15, 22, 14], [10, 24, 11, 23], [12, 2, 13, 1]]"
12n_0496_137,"[[12, 2, 13, 1], [3, 19, 4, 18], [5, 2, 6, 3], [7, 21, 8, 20], [9, 6, 10, 7], [24, 12, 1, 11], [13, 17, 14, 16], [15, 23, 16, 22], [17, 5, 18, 4], [19, 9, 20, 8], [21, 15, 22, 14], [10, 24, 11, 23]]"
12n_0496_138,"[[10, 24, 11, 23], [12, 2, 13, 1], [3, 19, 4, 18], [5, 2, 6, 3], [7, 21, 8, 20], [9, 6, 10, 7], [24, 12, 1, 11], [13, 17, 14, 16], [15, 23, 16, 22], [17, 5, 18, 4], [19, 9, 20, 8], [21, 15, 22, 14]]"
12n_0496_139,"[[21, 15, 22, 14], [10, 24, 11, 23], [12, 2, 13, 1], [3, 19, 4, 18], [5, 2, 6, 3], [7, 21, 8, 20], [9, 6, 10, 7], [24, 12, 1, 11], [13, 17, 14, 16], [15, 23, 16, 22], [17, 5, 18, 4], [19, 9, 20, 8]]"
12n_0496_140,"[[19, 9, 20, 8], [21, 15, 22, 14], [10, 24, 11, 23], [12, 2, 13, 1], [3, 19, 4, 18], [5, 2, 6, 3], [7, 21, 8, 20], [9, 6, 10, 7], [24, 12, 1, 11], [13, 17, 14, 16], [15, 23, 16, 22], [17, 5, 18, 4]]"
12n_0496_141,"[[17, 5, 18, 4], [19, 9, 20, 8], [21, 15, 22, 14], [10, 24, 11, 23], [12, 2, 13, 1], [3, 19, 4, 18], [5, 2, 6, 3], [7, 21, 8, 20], [9, 6, 10, 7], [24, 12, 1, 11], [13, 17, 14, 16], [15, 23, 16, 22]]"
12n_0496_142,"[[15, 23, 16, 22], [17, 5, 18, 4], [19, 9, 20, 8], [21, 15, 22, 14], [10, 24, 11, 23], [12, 2, 13, 1], [3, 19, 4, 18], [5, 2, 6, 3], [7, 21, 8, 20], [9, 6, 10, 7], [24, 12, 1, 11], [13, 17, 14, 16]]"
12n_0496_143,"[[13, 17, 14, 16], [15, 23, 16, 22], [17, 5, 18, 4], [19, 9, 20, 8], [21, 15, 22, 14], [10, 24, 11, 23], [12, 2, 13, 1], [3, 19, 4, 18], [5, 2, 6, 3], [7, 21, 8, 20], [9, 6, 10, 7], [24, 12, 1, 11]]"
12n_0496_144,"[[1, 13, 2, 12], [14, 18, 15, 17], [16, 24, 17, 23], [18, 6, 19, 5], [20, 10, 21, 9], [22, 16, 23, 15], [11, 1, 12, 24], [13, 3, 14, 2], [4, 20, 5, 19], [6, 3, 7, 4], [8, 22, 9, 21], [10, 7, 11, 8]]"
12n_0496_145,"[[10, 7, 11, 8], [1, 13, 2, 12], [14, 18, 15, 17], [16, 24, 17, 23], [18, 6, 19, 5], [20, 10, 21, 9], [22, 16, 23, 15], [11, 1, 12, 24], [13, 3, 14, 2], [4, 20, 5, 19], [6, 3, 7, 4], [8, 22, 9, 21]]"
12n_0496_146,"[[8, 22, 9, 21], [10, 7, 11, 8], [1, 13, 2, 12], [14, 18, 15, 17], [16, 24, 17, 23], [18, 6, 19, 5], [20, 10, 21, 9], [22, 16, 23, 15], [11, 1, 12, 24], [13, 3, 14, 2], [4, 20, 5, 19], [6, 3, 7, 4]]"
12n_0496_147,"[[6, 3, 7, 4], [8, 22, 9, 21], [10, 7, 11, 8], [1, 13, 2, 12], [14, 18, 15, 17], [16, 24, 17, 23], [18, 6, 19, 5], [20, 10, 21, 9], [22, 16, 23, 15], [11, 1, 12, 24], [13, 3, 14, 2], [4, 20, 5, 19]]"
12n_0496_148,"[[4, 20, 5, 19], [6, 3, 7, 4], [8, 22, 9, 21], [10, 7, 11, 8], [1, 13, 2, 12], [14, 18, 15, 17], [16, 24, 17, 23], [18, 6, 19, 5], [20, 10, 21, 9], [22, 16, 23, 15], [11, 1, 12, 24], [13, 3, 14, 2]]"
12n_0496_149,"[[13, 3, 14, 2], [4, 20, 5, 19], [6, 3, 7, 4], [8, 22, 9, 21], [10, 7, 11, 8], [1, 13, 2, 12], [14, 18, 15, 17], [16, 24, 17, 23], [18, 6, 19, 5], [20, 10, 21, 9], [22, 16, 23, 15], [11, 1, 12, 24]]"
12n_0496_150,"[[11, 1, 12, 24], [13, 3, 14, 2], [4, 20, 5, 19], [6, 3, 7, 4], [8, 22, 9, 21], [10, 7, 11, 8], [1, 13, 2, 12], [14, 18, 15, 17], [16, 24, 17, 23], [18, 6, 19, 5], [20, 10, 21, 9], [22, 16, 23, 15]]"
12n_0496_151,"[[22, 16, 23, 15], [11, 1, 12, 24], [13, 3, 14, 2], [4, 20, 5, 19], [6, 3, 7, 4], [8, 22, 9, 21], [10, 7, 11, 8], [1, 13, 2, 12], [14, 18, 15, 17], [16, 24, 17, 23], [18, 6, 19, 5], [20, 10, 21, 9]]"
12n_0496_152,"[[20, 10, 21, 9], [22, 16, 23, 15], [11, 1, 12, 24], [13, 3, 14, 2], [4, 20, 5, 19], [6, 3, 7, 4], [8, 22, 9, 21], [10, 7, 11, 8], [1, 13, 2, 12], [14, 18, 15, 17], [16, 24, 17, 23], [18, 6, 19, 5]]"
12n_0496_153,"[[18, 6, 19, 5], [20, 10, 21, 9], [22, 16, 23, 15], [11, 1, 12, 24], [13, 3, 14, 2], [4, 20, 5, 19], [6, 3, 7, 4], [8, 22, 9, 21], [10, 7, 11, 8], [1, 13, 2, 12], [14, 18, 15, 17], [16, 24, 17, 23]]"
12n_0496_154,"[[16, 24, 17, 23], [18, 6, 19, 5], [20, 10, 21, 9], [22, 16, 23, 15], [11, 1, 12, 24], [13, 3, 14, 2], [4, 20, 5, 19], [6, 3, 7, 4], [8, 22, 9, 21], [10, 7, 11, 8], [1, 13, 2, 12], [14, 18, 15, 17]]"
12n_0496_155,"[[14, 18, 15, 17], [16, 24, 17, 23], [18, 6, 19, 5], [20, 10, 21, 9], [22, 16, 23, 15], [11, 1, 12, 24], [13, 3, 14, 2], [4, 20, 5, 19], [6, 3, 7, 4], [8, 22, 9, 21], [10, 7, 11, 8], [1, 13, 2, 12]]"
12n_0496_156,"[[2, 14, 3, 13], [15, 19, 16, 18], [17, 1, 18, 24], [19, 7, 20, 6], [21, 11, 22, 10], [23, 17, 24, 16], [12, 2, 13, 1], [14, 4, 15, 3], [5, 21, 6, 20], [7, 4, 8, 5], [9, 23, 10, 22], [11, 8, 12, 9]]"
12n_0496_157,"[[11, 8, 12, 9], [2, 14, 3, 13], [15, 19, 16, 18], [17, 1, 18, 24], [19, 7, 20, 6], [21, 11, 22, 10], [23, 17, 24, 16], [12, 2, 13, 1], [14, 4, 15, 3], [5, 21, 6, 20], [7, 4, 8, 5], [9, 23, 10, 22]]"
12n_0496_158,"[[9, 23, 10, 22], [11, 8, 12, 9], [2, 14, 3, 13], [15, 19, 16, 18], [17, 1, 18, 24], [19, 7, 20, 6], [21, 11, 22, 10], [23, 17, 24, 16], [12, 2, 13, 1], [14, 4, 15, 3], [5, 21, 6, 20], [7, 4, 8, 5]]"
12n_0496_159,"[[7, 4, 8, 5], [9, 23, 10, 22], [11, 8, 12, 9], [2, 14, 3, 13], [15, 19, 16, 18], [17, 1, 18, 24], [19, 7, 20, 6], [21, 11, 22, 10], [23, 17, 24, 16], [12, 2, 13, 1], [14, 4, 15, 3], [5, 21, 6, 20]]"
12n_0496_160,"[[5, 21, 6, 20], [7, 4, 8, 5], [9, 23, 10, 22], [11, 8, 12, 9], [2, 14, 3, 13], [15, 19, 16, 18], [17, 1, 18, 24], [19, 7, 20, 6], [21, 11, 22, 10], [23, 17, 24, 16], [12, 2, 13, 1], [14, 4, 15, 3]]"
12n_0496_161,"[[14, 4, 15, 3], [5, 21, 6, 20], [7, 4, 8, 5], [9, 23, 10, 22], [11, 8, 12, 9], [2, 14, 3, 13], [15, 19, 16, 18], [17, 1, 18, 24], [19, 7, 20, 6], [21, 11, 22, 10], [23, 17, 24, 16], [12, 2, 13, 1]]"
12n_0496_162,"[[12, 2, 13, 1], [14, 4, 15, 3], [5, 21, 6, 20], [7, 4, 8, 5], [9, 23, 10, 22], [11, 8, 12, 9], [2, 14, 3, 13], [15, 19, 16, 18], [17, 1, 18, 24], [19, 7, 20, 6], [21, 11, 22, 10], [23, 17, 24, 16]]"
12n_0496_163,"[[23, 17, 24, 16], [12, 2, 13, 1], [14, 4, 15, 3], [5, 21, 6, 20], [7, 4, 8, 5], [9, 23, 10, 22], [11, 8, 12, 9], [2, 14, 3, 13], [15, 19, 16, 18], [17, 1, 18, 24], [19, 7, 20, 6], [21, 11, 22, 10]]"
12n_0496_164,"[[21, 11, 22, 10], [23, 17, 24, 16], [12, 2, 13, 1], [14, 4, 15, 3], [5, 21, 6, 20], [7, 4, 8, 5], [9, 23, 10, 22], [11, 8, 12, 9], [2, 14, 3, 13], [15, 19, 16, 18], [17, 1, 18, 24], [19, 7, 20, 6]]"
12n_0496_165,"[[19, 7, 20, 6], [21, 11, 22, 10], [23, 17, 24, 16], [12, 2, 13, 1], [14, 4, 15, 3], [5, 21, 6, 20], [7, 4, 8, 5], [9, 23, 10, 22], [11, 8, 12, 9], [2, 14, 3, 13], [15, 19, 16, 18], [17, 1, 18, 24]]"
12n_0496_166,"[[17, 1, 18, 24], [19, 7, 20, 6], [21, 11, 22, 10], [23, 17, 24, 16], [12, 2, 13, 1], [14, 4, 15, 3], [5, 21, 6, 20], [7, 4, 8, 5], [9, 23, 10, 22], [11, 8, 12, 9], [2, 14, 3, 13], [15, 19, 16, 18]]"
12n_0496_167,"[[15, 19, 16, 18], [17, 1, 18, 24], [19, 7, 20, 6], [21, 11, 22, 10], [23, 17, 24, 16], [12, 2, 13, 1], [14, 4, 15, 3], [5, 21, 6, 20], [7, 4, 8, 5], [9, 23, 10, 22], [11, 8, 12, 9], [2, 14, 3, 13]]"
12n_0496_168,"[[3, 15, 4, 14], [16, 20, 17, 19], [18, 2, 19, 1], [20, 8, 21, 7], [22, 12, 23, 11], [24, 18, 1, 17], [13, 3, 14, 2], [15, 5, 16, 4], [6, 22, 7, 21], [8, 5, 9, 6], [10, 24, 11, 23], [12, 9, 13, 10]]"
12n_0496_169,"[[12, 9, 13, 10], [3, 15, 4, 14], [16, 20, 17, 19], [18, 2, 19, 1], [20, 8, 21, 7], [22, 12, 23, 11], [24, 18, 1, 17], [13, 3, 14, 2], [15, 5, 16, 4], [6, 22, 7, 21], [8, 5, 9, 6], [10, 24, 11, 23]]"
12n_0496_170,"[[10, 24, 11, 23], [12, 9, 13, 10], [3, 15, 4, 14], [16, 20, 17, 19], [18, 2, 19, 1], [20, 8, 21, 7], [22, 12, 23, 11], [24, 18, 1, 17], [13, 3, 14, 2], [15, 5, 16, 4], [6, 22, 7, 21], [8, 5, 9, 6]]"
12n_0496_171,"[[8, 5, 9, 6], [10, 24, 11, 23], [12, 9, 13, 10], [3, 15, 4, 14], [16, 20, 17, 19], [18, 2, 19, 1], [20, 8, 21, 7], [22, 12, 23, 11], [24, 18, 1, 17], [13, 3, 14, 2], [15, 5, 16, 4], [6, 22, 7, 21]]"
12n_0496_172,"[[6, 22, 7, 21], [8, 5, 9, 6], [10, 24, 11, 23], [12, 9, 13, 10], [3, 15, 4, 14], [16, 20, 17, 19], [18, 2, 19, 1], [20, 8, 21, 7], [22, 12, 23, 11], [24, 18, 1, 17], [13, 3, 14, 2], [15, 5, 16, 4]]"
12n_0496_173,"[[15, 5, 16, 4], [6, 22, 7, 21], [8, 5, 9, 6], [10, 24, 11, 23], [12, 9, 13, 10], [3, 15, 4, 14], [16, 20, 17, 19], [18, 2, 19, 1], [20, 8, 21, 7], [22, 12, 23, 11], [24, 18, 1, 17], [13, 3, 14, 2]]"
12n_0496_174,"[[13, 3, 14, 2], [15, 5, 16, 4], [6, 22, 7, 21], [8, 5, 9, 6], [10, 24, 11, 23], [12, 9, 13, 10], [3, 15, 4, 14], [16, 20, 17, 19], [18, 2, 19, 1], [20, 8, 21, 7], [22, 12, 23, 11], [24, 18, 1, 17]]"
12n_0496_175,"[[24, 18, 1, 17], [13, 3, 14, 2], [15, 5, 16, 4], [6, 22, 7, 21], [8, 5, 9, 6], [10, 24, 11, 23], [12, 9, 13, 10], [3, 15, 4, 14], [16, 20, 17, 19], [18, 2, 19, 1], [20, 8, 21, 7], [22, 12, 23, 11]]"
12n_0496_176,"[[22, 12, 23, 11], [24, 18, 1, 17], [13, 3, 14, 2], [15, 5, 16, 4], [6, 22, 7, 21], [8, 5, 9, 6], [10, 24, 11, 23], [12, 9, 13, 10], [3, 15, 4, 14], [16, 20, 17, 19], [18, 2, 19, 1], [20, 8, 21, 7]]"
12n_0496_177,"[[20, 8, 21, 7], [22, 12, 23, 11], [24, 18, 1, 17], [13, 3, 14, 2], [15, 5, 16, 4], [6, 22, 7, 21], [8, 5, 9, 6], [10, 24, 11, 23], [12, 9, 13, 10], [3, 15, 4, 14], [16, 20, 17, 19], [18, 2, 19, 1]]"
12n_0496_178,"[[18, 2, 19, 1], [20, 8, 21, 7], [22, 12, 23, 11], [24, 18, 1, 17], [13, 3, 14, 2], [15, 5, 16, 4], [6, 22, 7, 21], [8, 5, 9, 6], [10, 24, 11, 23], [12, 9, 13, 10], [3, 15, 4, 14], [16, 20, 17, 19]]"
12n_0496_179,"[[16, 20, 17, 19], [18, 2, 19, 1], [20, 8, 21, 7], [22, 12, 23, 11], [24, 18, 1, 17], [13, 3, 14, 2], [15, 5, 16, 4], [6, 22, 7, 21], [8, 5, 9, 6], [10, 24, 11, 23], [12, 9, 13, 10], [3, 15, 4, 14]]"
12n_0496_180,"[[4, 16, 5, 15], [17, 21, 18, 20], [19, 3, 20, 2], [21, 9, 22, 8], [23, 13, 24, 12], [1, 19, 2, 18], [14, 4, 15, 3], [16, 6, 17, 5], [7, 23, 8, 22], [9, 6, 10, 7], [11, 1, 12, 24], [13, 10, 14, 11]]"
12n_0496_181,"[[13, 10, 14, 11], [4, 16, 5, 15], [17, 21, 18, 20], [19, 3, 20, 2], [21, 9, 22, 8], [23, 13, 24, 12], [1, 19, 2, 18], [14, 4, 15, 3], [16, 6, 17, 5], [7, 23, 8, 22], [9, 6, 10, 7], [11, 1, 12, 24]]"
12n_0496_182,"[[11, 1, 12, 24], [13, 10, 14, 11], [4, 16, 5, 15], [17, 21, 18, 20], [19, 3, 20, 2], [21, 9, 22, 8], [23, 13, 24, 12], [1, 19, 2, 18], [14, 4, 15, 3], [16, 6, 17, 5], [7, 23, 8, 22], [9, 6, 10, 7]]"
12n_0496_183,"[[9, 6, 10, 7], [11, 1, 12, 24], [13, 10, 14, 11], [4, 16, 5, 15], [17, 21, 18, 20], [19, 3, 20, 2], [21, 9, 22, 8], [23, 13, 24, 12], [1, 19, 2, 18], [14, 4, 15, 3], [16, 6, 17, 5], [7, 23, 8, 22]]"
12n_0496_184,"[[7, 23, 8, 22], [9, 6, 10, 7], [11, 1, 12, 24], [13, 10, 14, 11], [4, 16, 5, 15], [17, 21, 18, 20], [19, 3, 20, 2], [21, 9, 22, 8], [23, 13, 24, 12], [1, 19, 2, 18], [14, 4, 15, 3], [16, 6, 17, 5]]"
12n_0496_185,"[[16, 6, 17, 5], [7, 23, 8, 22], [9, 6, 10, 7], [11, 1, 12, 24], [13, 10, 14, 11], [4, 16, 5, 15], [17, 21, 18, 20], [19, 3, 20, 2], [21, 9, 22, 8], [23, 13, 24, 12], [1, 19, 2, 18], [14, 4, 15, 3]]"
