name,pd_notation
12n_0281_0,"[[24, 19, 1, 20], [2, 6, 3, 5], [4, 11, 5, 12], [6, 14, 7, 13], [15, 9, 16, 8], [10, 18, 11, 17], [12, 3, 13, 4], [23, 14, 24, 15], [16, 21, 17, 22], [18, 1, 19, 2], [20, 10, 21, 9], [7, 23, 8, 22]]"
12n_0281_1,"[[7, 23, 8, 22], [24, 19, 1, 20], [2, 6, 3, 5], [4, 11, 5, 12], [6, 14, 7, 13], [15, 9, 16, 8], [10, 18, 11, 17], [12, 3, 13, 4], [23, 14, 24, 15], [16, 21, 17, 22], [18, 1, 19, 2], [20, 10, 21, 9]]"
12n_0281_2,"[[20, 10, 21, 9], [7, 23, 8, 22], [24, 19, 1, 20], [2, 6, 3, 5], [4, 11, 5, 12], [6, 14, 7, 13], [15, 9, 16, 8], [10, 18, 11, 17], [12, 3, 13, 4], [23, 14, 24, 15], [16, 21, 17, 22], [18, 1, 19, 2]]"
12n_0281_3,"[[18, 1, 19, 2], [20, 10, 21, 9], [7, 23, 8, 22], [24, 19, 1, 20], [2, 6, 3, 5], [4, 11, 5, 12], [6, 14, 7, 13], [15, 9, 16, 8], [10, 18, 11, 17], [12, 3, 13, 4], [23, 14, 24, 15], [16, 21, 17, 22]]"
12n_0281_4,"[[16, 21, 17, 22], [18, 1, 19, 2], [20, 10, 21, 9], [7, 23, 8, 22], [24, 19, 1, 20], [2, 6, 3, 5], [4, 11, 5, 12], [6, 14, 7, 13], [15, 9, 16, 8], [10, 18, 11, 17], [12, 3, 13, 4], [23, 14, 24, 15]]"
12n_0281_5,"[[23, 14, 24, 15], [16, 21, 17, 22], [18, 1, 19, 2], [20, 10, 21, 9], [7, 23, 8, 22], [24, 19, 1, 20], [2, 6, 3, 5], [4, 11, 5, 12], [6, 14, 7, 13], [15, 9, 16, 8], [10, 18, 11, 17], [12, 3, 13, 4]]"
12n_0281_6,"[[12, 3, 13, 4], [23, 14, 24, 15], [16, 21, 17, 22], [18, 1, 19, 2], [20, 10, 21, 9], [7, 23, 8, 22], [24, 19, 1, 20], [2, 6, 3, 5], [4, 11, 5, 12], [6, 14, 7, 13], [15, 9, 16, 8], [10, 18, 11, 17]]"
12n_0281_7,"[[10, 18, 11, 17], [12, 3, 13, 4], [23, 14, 24, 15], [16, 21, 17, 22], [18, 1, 19, 2], [20, 10, 21, 9], [7, 23, 8, 22], [24, 19, 1, 20], [2, 6, 3, 5], [4, 11, 5, 12], [6, 14, 7, 13], [15, 9, 16, 8]]"
12n_0281_8,"[[15, 9, 16, 8], [10, 18, 11, 17], [12, 3, 13, 4], [23, 14, 24, 15], [16, 21, 17, 22], [18, 1, 19, 2], [20, 10, 21, 9], [7, 23, 8, 22], [24, 19, 1, 20], [2, 6, 3, 5], [4, 11, 5, 12], [6, 14, 7, 13]]"
12n_0281_9,"[[6, 14, 7, 13], [15, 9, 16, 8], [10, 18, 11, 17], [12, 3, 13, 4], [23, 14, 24, 15], [16, 21, 17, 22], [18, 1, 19, 2], [20, 10, 21, 9], [7, 23, 8, 22], [24, 19, 1, 20], [2, 6, 3, 5], [4, 11, 5, 12]]"
12n_0281_10,"[[4, 11, 5, 12], [6, 14, 7, 13], [15, 9, 16, 8], [10, 18, 11, 17], [12, 3, 13, 4], [23, 14, 24, 15], [16, 21, 17, 22], [18, 1, 19, 2], [20, 10, 21, 9], [7, 23, 8, 22], [24, 19, 1, 20], [2, 6, 3, 5]]"
12n_0281_11,"[[2, 6, 3, 5], [4, 11, 5, 12], [6, 14, 7, 13], [15, 9, 16, 8], [10, 18, 11, 17], [12, 3, 13, 4], [23, 14, 24, 15], [16, 21, 17, 22], [18, 1, 19, 2], [20, 10, 21, 9], [7, 23, 8, 22], [24, 19, 1, 20]]"
12n_0281_12,"[[1, 20, 2, 21], [3, 7, 4, 6], [5, 12, 6, 13], [7, 15, 8, 14], [16, 10, 17, 9], [11, 19, 12, 18], [13, 4, 14, 5], [24, 15, 1, 16], [17, 22, 18, 23], [19, 2, 20, 3], [21, 11, 22, 10], [8, 24, 9, 23]]"
12n_0281_13,"[[8, 24, 9, 23], [1, 20, 2, 21], [3, 7, 4, 6], [5, 12, 6, 13], [7, 15, 8, 14], [16, 10, 17, 9], [11, 19, 12, 18], [13, 4, 14, 5], [24, 15, 1, 16], [17, 22, 18, 23], [19, 2, 20, 3], [21, 11, 22, 10]]"
12n_0281_14,"[[21, 11, 22, 10], [8, 24, 9, 23], [1, 20, 2, 21], [3, 7, 4, 6], [5, 12, 6, 13], [7, 15, 8, 14], [16, 10, 17, 9], [11, 19, 12, 18], [13, 4, 14, 5], [24, 15, 1, 16], [17, 22, 18, 23], [19, 2, 20, 3]]"
12n_0281_15,"[[19, 2, 20, 3], [21, 11, 22, 10], [8, 24, 9, 23], [1, 20, 2, 21], [3, 7, 4, 6], [5, 12, 6, 13], [7, 15, 8, 14], [16, 10, 17, 9], [11, 19, 12, 18], [13, 4, 14, 5], [24, 15, 1, 16], [17, 22, 18, 23]]"
12n_0281_16,"[[17, 22, 18, 23], [19, 2, 20, 3], [21, 11, 22, 10], [8, 24, 9, 23], [1, 20, 2, 21], [3, 7, 4, 6], [5, 12, 6, 13], [7, 15, 8, 14], [16, 10, 17, 9], [11, 19, 12, 18], [13, 4, 14, 5], [24, 15, 1, 16]]"
12n_0281_17,"[[24, 15, 1, 16], [17, 22, 18, 23], [19, 2, 20, 3], [21, 11, 22, 10], [8, 24, 9, 23], [1, 20, 2, 21], [3, 7, 4, 6], [5, 12, 6, 13], [7, 15, 8, 14], [16, 10, 17, 9], [11, 19, 12, 18], [13, 4, 14, 5]]"
12n_0281_18,"[[13, 4, 14, 5], [24, 15, 1, 16], [17, 22, 18, 23], [19, 2, 20, 3], [21, 11, 22, 10], [8, 24, 9, 23], [1, 20, 2, 21], [3, 7, 4, 6], [5, 12, 6, 13], [7, 15, 8, 14], [16, 10, 17, 9], [11, 19, 12, 18]]"
12n_0281_19,"[[11, 19, 12, 18], [13, 4, 14, 5], [24, 15, 1, 16], [17, 22, 18, 23], [19, 2, 20, 3], [21, 11, 22, 10], [8, 24, 9, 23], [1, 20, 2, 21], [3, 7, 4, 6], [5, 12, 6, 13], [7, 15, 8, 14], [16, 10, 17, 9]]"
12n_0281_20,"[[16, 10, 17, 9], [11, 19, 12, 18], [13, 4, 14, 5], [24, 15, 1, 16], [17, 22, 18, 23], [19, 2, 20, 3], [21, 11, 22, 10], [8, 24, 9, 23], [1, 20, 2, 21], [3, 7, 4, 6], [5, 12, 6, 13], [7, 15, 8, 14]]"
12n_0281_21,"[[7, 15, 8, 14], [16, 10, 17, 9], [11, 19, 12, 18], [13, 4, 14, 5], [24, 15, 1, 16], [17, 22, 18, 23], [19, 2, 20, 3], [21, 11, 22, 10], [8, 24, 9, 23], [1, 20, 2, 21], [3, 7, 4, 6], [5, 12, 6, 13]]"
12n_0281_22,"[[5, 12, 6, 13], [7, 15, 8, 14], [16, 10, 17, 9], [11, 19, 12, 18], [13, 4, 14, 5], [24, 15, 1, 16], [17, 22, 18, 23], [19, 2, 20, 3], [21, 11, 22, 10], [8, 24, 9, 23], [1, 20, 2, 21], [3, 7, 4, 6]]"
12n_0281_23,"[[3, 7, 4, 6], [5, 12, 6, 13], [7, 15, 8, 14], [16, 10, 17, 9], [11, 19, 12, 18], [13, 4, 14, 5], [24, 15, 1, 16], [17, 22, 18, 23], [19, 2, 20, 3], [21, 11, 22, 10], [8, 24, 9, 23], [1, 20, 2, 21]]"
12n_0281_24,"[[2, 21, 3, 22], [4, 8, 5, 7], [6, 13, 7, 14], [8, 16, 9, 15], [17, 11, 18, 10], [12, 20, 13, 19], [14, 5, 15, 6], [1, 16, 2, 17], [18, 23, 19, 24], [20, 3, 21, 4], [22, 12, 23, 11], [9, 1, 10, 24]]"
12n_0281_25,"[[9, 1, 10, 24], [2, 21, 3, 22], [4, 8, 5, 7], [6, 13, 7, 14], [8, 16, 9, 15], [17, 11, 18, 10], [12, 20, 13, 19], [14, 5, 15, 6], [1, 16, 2, 17], [18, 23, 19, 24], [20, 3, 21, 4], [22, 12, 23, 11]]"
12n_0281_26,"[[22, 12, 23, 11], [9, 1, 10, 24], [2, 21, 3, 22], [4, 8, 5, 7], [6, 13, 7, 14], [8, 16, 9, 15], [17, 11, 18, 10], [12, 20, 13, 19], [14, 5, 15, 6], [1, 16, 2, 17], [18, 23, 19, 24], [20, 3, 21, 4]]"
12n_0281_27,"[[20, 3, 21, 4], [22, 12, 23, 11], [9, 1, 10, 24], [2, 21, 3, 22], [4, 8, 5, 7], [6, 13, 7, 14], [8, 16, 9, 15], [17, 11, 18, 10], [12, 20, 13, 19], [14, 5, 15, 6], [1, 16, 2, 17], [18, 23, 19, 24]]"
12n_0281_28,"[[18, 23, 19, 24], [20, 3, 21, 4], [22, 12, 23, 11], [9, 1, 10, 24], [2, 21, 3, 22], [4, 8, 5, 7], [6, 13, 7, 14], [8, 16, 9, 15], [17, 11, 18, 10], [12, 20, 13, 19], [14, 5, 15, 6], [1, 16, 2, 17]]"
12n_0281_29,"[[1, 16, 2, 17], [18, 23, 19, 24], [20, 3, 21, 4], [22, 12, 23, 11], [9, 1, 10, 24], [2, 21, 3, 22], [4, 8, 5, 7], [6, 13, 7, 14], [8, 16, 9, 15], [17, 11, 18, 10], [12, 20, 13, 19], [14, 5, 15, 6]]"
12n_0281_30,"[[14, 5, 15, 6], [1, 16, 2, 17], [18, 23, 19, 24], [20, 3, 21, 4], [22, 12, 23, 11], [9, 1, 10, 24], [2, 21, 3, 22], [4, 8, 5, 7], [6, 13, 7, 14], [8, 16, 9, 15], [17, 11, 18, 10], [12, 20, 13, 19]]"
12n_0281_31,"[[12, 20, 13, 19], [14, 5, 15, 6], [1, 16, 2, 17], [18, 23, 19, 24], [20, 3, 21, 4], [22, 12, 23, 11], [9, 1, 10, 24], [2, 21, 3, 22], [4, 8, 5, 7], [6, 13, 7, 14], [8, 16, 9, 15], [17, 11, 18, 10]]"
12n_0281_32,"[[17, 11, 18, 10], [12, 20, 13, 19], [14, 5, 15, 6], [1, 16, 2, 17], [18, 23, 19, 24], [20, 3, 21, 4], [22, 12, 23, 11], [9, 1, 10, 24], [2, 21, 3, 22], [4, 8, 5, 7], [6, 13, 7, 14], [8, 16, 9, 15]]"
12n_0281_33,"[[8, 16, 9, 15], [17, 11, 18, 10], [12, 20, 13, 19], [14, 5, 15, 6], [1, 16, 2, 17], [18, 23, 19, 24], [20, 3, 21, 4], [22, 12, 23, 11], [9, 1, 10, 24], [2, 21, 3, 22], [4, 8, 5, 7], [6, 13, 7, 14]]"
12n_0281_34,"[[6, 13, 7, 14], [8, 16, 9, 15], [17, 11, 18, 10], [12, 20, 13, 19], [14, 5, 15, 6], [1, 16, 2, 17], [18, 23, 19, 24], [20, 3, 21, 4], [22, 12, 23, 11], [9, 1, 10, 24], [2, 21, 3, 22], [4, 8, 5, 7]]"
12n_0281_35,"[[4, 8, 5, 7], [6, 13, 7, 14], [8, 16, 9, 15], [17, 11, 18, 10], [12, 20, 13, 19], [14, 5, 15, 6], [1, 16, 2, 17], [18, 23, 19, 24], [20, 3, 21, 4], [22, 12, 23, 11], [9, 1, 10, 24], [2, 21, 3, 22]]"
12n_0281_36,"[[3, 22, 4, 23], [5, 9, 6, 8], [7, 14, 8, 15], [9, 17, 10, 16], [18, 12, 19, 11], [13, 21, 14, 20], [15, 6, 16, 7], [2, 17, 3, 18], [19, 24, 20, 1], [21, 4, 22, 5], [23, 13, 24, 12], [10, 2, 11, 1]]"
12n_0281_37,"[[10, 2, 11, 1], [3, 22, 4, 23], [5, 9, 6, 8], [7, 14, 8, 15], [9, 17, 10, 16], [18, 12, 19, 11], [13, 21, 14, 20], [15, 6, 16, 7], [2, 17, 3, 18], [19, 24, 20, 1], [21, 4, 22, 5], [23, 13, 24, 12]]"
12n_0281_38,"[[23, 13, 24, 12], [10, 2, 11, 1], [3, 22, 4, 23], [5, 9, 6, 8], [7, 14, 8, 15], [9, 17, 10, 16], [18, 12, 19, 11], [13, 21, 14, 20], [15, 6, 16, 7], [2, 17, 3, 18], [19, 24, 20, 1], [21, 4, 22, 5]]"
12n_0281_39,"[[21, 4, 22, 5], [23, 13, 24, 12], [10, 2, 11, 1], [3, 22, 4, 23], [5, 9, 6, 8], [7, 14, 8, 15], [9, 17, 10, 16], [18, 12, 19, 11], [13, 21, 14, 20], [15, 6, 16, 7], [2, 17, 3, 18], [19, 24, 20, 1]]"
12n_0281_40,"[[19, 24, 20, 1], [21, 4, 22, 5], [23, 13, 24, 12], [10, 2, 11, 1], [3, 22, 4, 23], [5, 9, 6, 8], [7, 14, 8, 15], [9, 17, 10, 16], [18, 12, 19, 11], [13, 21, 14, 20], [15, 6, 16, 7], [2, 17, 3, 18]]"
12n_0281_41,"[[2, 17, 3, 18], [19, 24, 20, 1], [21, 4, 22, 5], [23, 13, 24, 12], [10, 2, 11, 1], [3, 22, 4, 23], [5, 9, 6, 8], [7, 14, 8, 15], [9, 17, 10, 16], [18, 12, 19, 11], [13, 21, 14, 20], [15, 6, 16, 7]]"
12n_0281_42,"[[15, 6, 16, 7], [2, 17, 3, 18], [19, 24, 20, 1], [21, 4, 22, 5], [23, 13, 24, 12], [10, 2, 11, 1], [3, 22, 4, 23], [5, 9, 6, 8], [7, 14, 8, 15], [9, 17, 10, 16], [18, 12, 19, 11], [13, 21, 14, 20]]"
12n_0281_43,"[[13, 21, 14, 20], [15, 6, 16, 7], [2, 17, 3, 18], [19, 24, 20, 1], [21, 4, 22, 5], [23, 13, 24, 12], [10, 2, 11, 1], [3, 22, 4, 23], [5, 9, 6, 8], [7, 14, 8, 15], [9, 17, 10, 16], [18, 12, 19, 11]]"
12n_0281_44,"[[18, 12, 19, 11], [13, 21, 14, 20], [15, 6, 16, 7], [2, 17, 3, 18], [19, 24, 20, 1], [21, 4, 22, 5], [23, 13, 24, 12], [10, 2, 11, 1], [3, 22, 4, 23], [5, 9, 6, 8], [7, 14, 8, 15], [9, 17, 10, 16]]"
12n_0281_45,"[[9, 17, 10, 16], [18, 12, 19, 11], [13, 21, 14, 20], [15, 6, 16, 7], [2, 17, 3, 18], [19, 24, 20, 1], [21, 4, 22, 5], [23, 13, 24, 12], [10, 2, 11, 1], [3, 22, 4, 23], [5, 9, 6, 8], [7, 14, 8, 15]]"
12n_0281_46,"[[7, 14, 8, 15], [9, 17, 10, 16], [18, 12, 19, 11], [13, 21, 14, 20], [15, 6, 16, 7], [2, 17, 3, 18], [19, 24, 20, 1], [21, 4, 22, 5], [23, 13, 24, 12], [10, 2, 11, 1], [3, 22, 4, 23], [5, 9, 6, 8]]"
12n_0281_47,"[[5, 9, 6, 8], [7, 14, 8, 15], [9, 17, 10, 16], [18, 12, 19, 11], [13, 21, 14, 20], [15, 6, 16, 7], [2, 17, 3, 18], [19, 24, 20, 1], [21, 4, 22, 5], [23, 13, 24, 12], [10, 2, 11, 1], [3, 22, 4, 23]]"
12n_0281_48,"[[4, 23, 5, 24], [6, 10, 7, 9], [8, 15, 9, 16], [10, 18, 11, 17], [19, 13, 20, 12], [14, 22, 15, 21], [16, 7, 17, 8], [3, 18, 4, 19], [20, 1, 21, 2], [22, 5, 23, 6], [24, 14, 1, 13], [11, 3, 12, 2]]"
12n_0281_49,"[[11, 3, 12, 2], [4, 23, 5, 24], [6, 10, 7, 9], [8, 15, 9, 16], [10, 18, 11, 17], [19, 13, 20, 12], [14, 22, 15, 21], [16, 7, 17, 8], [3, 18, 4, 19], [20, 1, 21, 2], [22, 5, 23, 6], [24, 14, 1, 13]]"
12n_0281_50,"[[24, 14, 1, 13], [11, 3, 12, 2], [4, 23, 5, 24], [6, 10, 7, 9], [8, 15, 9, 16], [10, 18, 11, 17], [19, 13, 20, 12], [14, 22, 15, 21], [16, 7, 17, 8], [3, 18, 4, 19], [20, 1, 21, 2], [22, 5, 23, 6]]"
12n_0281_51,"[[22, 5, 23, 6], [24, 14, 1, 13], [11, 3, 12, 2], [4, 23, 5, 24], [6, 10, 7, 9], [8, 15, 9, 16], [10, 18, 11, 17], [19, 13, 20, 12], [14, 22, 15, 21], [16, 7, 17, 8], [3, 18, 4, 19], [20, 1, 21, 2]]"
12n_0281_52,"[[20, 1, 21, 2], [22, 5, 23, 6], [24, 14, 1, 13], [11, 3, 12, 2], [4, 23, 5, 24], [6, 10, 7, 9], [8, 15, 9, 16], [10, 18, 11, 17], [19, 13, 20, 12], [14, 22, 15, 21], [16, 7, 17, 8], [3, 18, 4, 19]]"
12n_0281_53,"[[3, 18, 4, 19], [20, 1, 21, 2], [22, 5, 23, 6], [24, 14, 1, 13], [11, 3, 12, 2], [4, 23, 5, 24], [6, 10, 7, 9], [8, 15, 9, 16], [10, 18, 11, 17], [19, 13, 20, 12], [14, 22, 15, 21], [16, 7, 17, 8]]"
12n_0281_54,"[[16, 7, 17, 8], [3, 18, 4, 19], [20, 1, 21, 2], [22, 5, 23, 6], [24, 14, 1, 13], [11, 3, 12, 2], [4, 23, 5, 24], [6, 10, 7, 9], [8, 15, 9, 16], [10, 18, 11, 17], [19, 13, 20, 12], [14, 22, 15, 21]]"
12n_0281_55,"[[14, 22, 15, 21], [16, 7, 17, 8], [3, 18, 4, 19], [20, 1, 21, 2], [22, 5, 23, 6], [24, 14, 1, 13], [11, 3, 12, 2], [4, 23, 5, 24], [6, 10, 7, 9], [8, 15, 9, 16], [10, 18, 11, 17], [19, 13, 20, 12]]"
12n_0281_56,"[[19, 13, 20, 12], [14, 22, 15, 21], [16, 7, 17, 8], [3, 18, 4, 19], [20, 1, 21, 2], [22, 5, 23, 6], [24, 14, 1, 13], [11, 3, 12, 2], [4, 23, 5, 24], [6, 10, 7, 9], [8, 15, 9, 16], [10, 18, 11, 17]]"
12n_0281_57,"[[10, 18, 11, 17], [19, 13, 20, 12], [14, 22, 15, 21], [16, 7, 17, 8], [3, 18, 4, 19], [20, 1, 21, 2], [22, 5, 23, 6], [24, 14, 1, 13], [11, 3, 12, 2], [4, 23, 5, 24], [6, 10, 7, 9], [8, 15, 9, 16]]"
12n_0281_58,"[[8, 15, 9, 16], [10, 18, 11, 17], [19, 13, 20, 12], [14, 22, 15, 21], [16, 7, 17, 8], [3, 18, 4, 19], [20, 1, 21, 2], [22, 5, 23, 6], [24, 14, 1, 13], [11, 3, 12, 2], [4, 23, 5, 24], [6, 10, 7, 9]]"
12n_0281_59,"[[6, 10, 7, 9], [8, 15, 9, 16], [10, 18, 11, 17], [19, 13, 20, 12], [14, 22, 15, 21], [16, 7, 17, 8], [3, 18, 4, 19], [20, 1, 21, 2], [22, 5, 23, 6], [24, 14, 1, 13], [11, 3, 12, 2], [4, 23, 5, 24]]"
12n_0281_60,"[[5, 24, 6, 1], [7, 11, 8, 10], [9, 16, 10, 17], [11, 19, 12, 18], [20, 14, 21, 13], [15, 23, 16, 22], [17, 8, 18, 9], [4, 19, 5, 20], [21, 2, 22, 3], [23, 6, 24, 7], [1, 15, 2, 14], [12, 4, 13, 3]]"
12n_0281_61,"[[12, 4, 13, 3], [5, 24, 6, 1], [7, 11, 8, 10], [9, 16, 10, 17], [11, 19, 12, 18], [20, 14, 21, 13], [15, 23, 16, 22], [17, 8, 18, 9], [4, 19, 5, 20], [21, 2, 22, 3], [23, 6, 24, 7], [1, 15, 2, 14]]"
12n_0281_62,"[[1, 15, 2, 14], [12, 4, 13, 3], [5, 24, 6, 1], [7, 11, 8, 10], [9, 16, 10, 17], [11, 19, 12, 18], [20, 14, 21, 13], [15, 23, 16, 22], [17, 8, 18, 9], [4, 19, 5, 20], [21, 2, 22, 3], [23, 6, 24, 7]]"
12n_0281_63,"[[23, 6, 24, 7], [1, 15, 2, 14], [12, 4, 13, 3], [5, 24, 6, 1], [7, 11, 8, 10], [9, 16, 10, 17], [11, 19, 12, 18], [20, 14, 21, 13], [15, 23, 16, 22], [17, 8, 18, 9], [4, 19, 5, 20], [21, 2, 22, 3]]"
12n_0281_64,"[[21, 2, 22, 3], [23, 6, 24, 7], [1, 15, 2, 14], [12, 4, 13, 3], [5, 24, 6, 1], [7, 11, 8, 10], [9, 16, 10, 17], [11, 19, 12, 18], [20, 14, 21, 13], [15, 23, 16, 22], [17, 8, 18, 9], [4, 19, 5, 20]]"
12n_0281_65,"[[4, 19, 5, 20], [21, 2, 22, 3], [23, 6, 24, 7], [1, 15, 2, 14], [12, 4, 13, 3], [5, 24, 6, 1], [7, 11, 8, 10], [9, 16, 10, 17], [11, 19, 12, 18], [20, 14, 21, 13], [15, 23, 16, 22], [17, 8, 18, 9]]"
12n_0281_66,"[[17, 8, 18, 9], [4, 19, 5, 20], [21, 2, 22, 3], [23, 6, 24, 7], [1, 15, 2, 14], [12, 4, 13, 3], [5, 24, 6, 1], [7, 11, 8, 10], [9, 16, 10, 17], [11, 19, 12, 18], [20, 14, 21, 13], [15, 23, 16, 22]]"
12n_0281_67,"[[15, 23, 16, 22], [17, 8, 18, 9], [4, 19, 5, 20], [21, 2, 22, 3], [23, 6, 24, 7], [1, 15, 2, 14], [12, 4, 13, 3], [5, 24, 6, 1], [7, 11, 8, 10], [9, 16, 10, 17], [11, 19, 12, 18], [20, 14, 21, 13]]"
12n_0281_68,"[[20, 14, 21, 13], [15, 23, 16, 22], [17, 8, 18, 9], [4, 19, 5, 20], [21, 2, 22, 3], [23, 6, 24, 7], [1, 15, 2, 14], [12, 4, 13, 3], [5, 24, 6, 1], [7, 11, 8, 10], [9, 16, 10, 17], [11, 19, 12, 18]]"
12n_0281_69,"[[11, 19, 12, 18], [20, 14, 21, 13], [15, 23, 16, 22], [17, 8, 18, 9], [4, 19, 5, 20], [21, 2, 22, 3], [23, 6, 24, 7], [1, 15, 2, 14], [12, 4, 13, 3], [5, 24, 6, 1], [7, 11, 8, 10], [9, 16, 10, 17]]"
12n_0281_70,"[[9, 16, 10, 17], [11, 19, 12, 18], [20, 14, 21, 13], [15, 23, 16, 22], [17, 8, 18, 9], [4, 19, 5, 20], [21, 2, 22, 3], [23, 6, 24, 7], [1, 15, 2, 14], [12, 4, 13, 3], [5, 24, 6, 1], [7, 11, 8, 10]]"
12n_0281_71,"[[7, 11, 8, 10], [9, 16, 10, 17], [11, 19, 12, 18], [20, 14, 21, 13], [15, 23, 16, 22], [17, 8, 18, 9], [4, 19, 5, 20], [21, 2, 22, 3], [23, 6, 24, 7], [1, 15, 2, 14], [12, 4, 13, 3], [5, 24, 6, 1]]"
12n_0281_72,"[[6, 1, 7, 2], [8, 12, 9, 11], [10, 17, 11, 18], [12, 20, 13, 19], [21, 15, 22, 14], [16, 24, 17, 23], [18, 9, 19, 10], [5, 20, 6, 21], [22, 3, 23, 4], [24, 7, 1, 8], [2, 16, 3, 15], [13, 5, 14, 4]]"
12n_0281_73,"[[13, 5, 14, 4], [6, 1, 7, 2], [8, 12, 9, 11], [10, 17, 11, 18], [12, 20, 13, 19], [21, 15, 22, 14], [16, 24, 17, 23], [18, 9, 19, 10], [5, 20, 6, 21], [22, 3, 23, 4], [24, 7, 1, 8], [2, 16, 3, 15]]"
12n_0281_74,"[[2, 16, 3, 15], [13, 5, 14, 4], [6, 1, 7, 2], [8, 12, 9, 11], [10, 17, 11, 18], [12, 20, 13, 19], [21, 15, 22, 14], [16, 24, 17, 23], [18, 9, 19, 10], [5, 20, 6, 21], [22, 3, 23, 4], [24, 7, 1, 8]]"
12n_0281_75,"[[24, 7, 1, 8], [2, 16, 3, 15], [13, 5, 14, 4], [6, 1, 7, 2], [8, 12, 9, 11], [10, 17, 11, 18], [12, 20, 13, 19], [21, 15, 22, 14], [16, 24, 17, 23], [18, 9, 19, 10], [5, 20, 6, 21], [22, 3, 23, 4]]"
12n_0281_76,"[[22, 3, 23, 4], [24, 7, 1, 8], [2, 16, 3, 15], [13, 5, 14, 4], [6, 1, 7, 2], [8, 12, 9, 11], [10, 17, 11, 18], [12, 20, 13, 19], [21, 15, 22, 14], [16, 24, 17, 23], [18, 9, 19, 10], [5, 20, 6, 21]]"
12n_0281_77,"[[5, 20, 6, 21], [22, 3, 23, 4], [24, 7, 1, 8], [2, 16, 3, 15], [13, 5, 14, 4], [6, 1, 7, 2], [8, 12, 9, 11], [10, 17, 11, 18], [12, 20, 13, 19], [21, 15, 22, 14], [16, 24, 17, 23], [18, 9, 19, 10]]"
12n_0281_78,"[[18, 9, 19, 10], [5, 20, 6, 21], [22, 3, 23, 4], [24, 7, 1, 8], [2, 16, 3, 15], [13, 5, 14, 4], [6, 1, 7, 2], [8, 12, 9, 11], [10, 17, 11, 18], [12, 20, 13, 19], [21, 15, 22, 14], [16, 24, 17, 23]]"
12n_0281_79,"[[16, 24, 17, 23], [18, 9, 19, 10], [5, 20, 6, 21], [22, 3, 23, 4], [24, 7, 1, 8], [2, 16, 3, 15], [13, 5, 14, 4], [6, 1, 7, 2], [8, 12, 9, 11], [10, 17, 11, 18], [12, 20, 13, 19], [21, 15, 22, 14]]"
12n_0281_80,"[[21, 15, 22, 14], [16, 24, 17, 23], [18, 9, 19, 10], [5, 20, 6, 21], [22, 3, 23, 4], [24, 7, 1, 8], [2, 16, 3, 15], [13, 5, 14, 4], [6, 1, 7, 2], [8, 12, 9, 11], [10, 17, 11, 18], [12, 20, 13, 19]]"
12n_0281_81,"[[12, 20, 13, 19], [21, 15, 22, 14], [16, 24, 17, 23], [18, 9, 19, 10], [5, 20, 6, 21], [22, 3, 23, 4], [24, 7, 1, 8], [2, 16, 3, 15], [13, 5, 14, 4], [6, 1, 7, 2], [8, 12, 9, 11], [10, 17, 11, 18]]"
12n_0281_82,"[[10, 17, 11, 18], [12, 20, 13, 19], [21, 15, 22, 14], [16, 24, 17, 23], [18, 9, 19, 10], [5, 20, 6, 21], [22, 3, 23, 4], [24, 7, 1, 8], [2, 16, 3, 15], [13, 5, 14, 4], [6, 1, 7, 2], [8, 12, 9, 11]]"
12n_0281_83,"[[8, 12, 9, 11], [10, 17, 11, 18], [12, 20, 13, 19], [21, 15, 22, 14], [16, 24, 17, 23], [18, 9, 19, 10], [5, 20, 6, 21], [22, 3, 23, 4], [24, 7, 1, 8], [2, 16, 3, 15], [13, 5, 14, 4], [6, 1, 7, 2]]"
12n_0281_84,"[[7, 2, 8, 3], [9, 13, 10, 12], [11, 18, 12, 19], [13, 21, 14, 20], [22, 16, 23, 15], [17, 1, 18, 24], [19, 10, 20, 11], [6, 21, 7, 22], [23, 4, 24, 5], [1, 8, 2, 9], [3, 17, 4, 16], [14, 6, 15, 5]]"
12n_0281_85,"[[14, 6, 15, 5], [7, 2, 8, 3], [9, 13, 10, 12], [11, 18, 12, 19], [13, 21, 14, 20], [22, 16, 23, 15], [17, 1, 18, 24], [19, 10, 20, 11], [6, 21, 7, 22], [23, 4, 24, 5], [1, 8, 2, 9], [3, 17, 4, 16]]"
12n_0281_86,"[[3, 17, 4, 16], [14, 6, 15, 5], [7, 2, 8, 3], [9, 13, 10, 12], [11, 18, 12, 19], [13, 21, 14, 20], [22, 16, 23, 15], [17, 1, 18, 24], [19, 10, 20, 11], [6, 21, 7, 22], [23, 4, 24, 5], [1, 8, 2, 9]]"
12n_0281_87,"[[1, 8, 2, 9], [3, 17, 4, 16], [14, 6, 15, 5], [7, 2, 8, 3], [9, 13, 10, 12], [11, 18, 12, 19], [13, 21, 14, 20], [22, 16, 23, 15], [17, 1, 18, 24], [19, 10, 20, 11], [6, 21, 7, 22], [23, 4, 24, 5]]"
12n_0281_88,"[[23, 4, 24, 5], [1, 8, 2, 9], [3, 17, 4, 16], [14, 6, 15, 5], [7, 2, 8, 3], [9, 13, 10, 12], [11, 18, 12, 19], [13, 21, 14, 20], [22, 16, 23, 15], [17, 1, 18, 24], [19, 10, 20, 11], [6, 21, 7, 22]]"
12n_0281_89,"[[6, 21, 7, 22], [23, 4, 24, 5], [1, 8, 2, 9], [3, 17, 4, 16], [14, 6, 15, 5], [7, 2, 8, 3], [9, 13, 10, 12], [11, 18, 12, 19], [13, 21, 14, 20], [22, 16, 23, 15], [17, 1, 18, 24], [19, 10, 20, 11]]"
12n_0281_90,"[[19, 10, 20, 11], [6, 21, 7, 22], [23, 4, 24, 5], [1, 8, 2, 9], [3, 17, 4, 16], [14, 6, 15, 5], [7, 2, 8, 3], [9, 13, 10, 12], [11, 18, 12, 19], [13, 21, 14, 20], [22, 16, 23, 15], [17, 1, 18, 24]]"
12n_0281_91,"[[17, 1, 18, 24], [19, 10, 20, 11], [6, 21, 7, 22], [23, 4, 24, 5], [1, 8, 2, 9], [3, 17, 4, 16], [14, 6, 15, 5], [7, 2, 8, 3], [9, 13, 10, 12], [11, 18, 12, 19], [13, 21, 14, 20], [22, 16, 23, 15]]"
12n_0281_92,"[[22, 16, 23, 15], [17, 1, 18, 24], [19, 10, 20, 11], [6, 21, 7, 22], [23, 4, 24, 5], [1, 8, 2, 9], [3, 17, 4, 16], [14, 6, 15, 5], [7, 2, 8, 3], [9, 13, 10, 12], [11, 18, 12, 19], [13, 21, 14, 20]]"
12n_0281_93,"[[13, 21, 14, 20], [22, 16, 23, 15], [17, 1, 18, 24], [19, 10, 20, 11], [6, 21, 7, 22], [23, 4, 24, 5], [1, 8, 2, 9], [3, 17, 4, 16], [14, 6, 15, 5], [7, 2, 8, 3], [9, 13, 10, 12], [11, 18, 12, 19]]"
12n_0281_94,"[[11, 18, 12, 19], [13, 21, 14, 20], [22, 16, 23, 15], [17, 1, 18, 24], [19, 10, 20, 11], [6, 21, 7, 22], [23, 4, 24, 5], [1, 8, 2, 9], [3, 17, 4, 16], [14, 6, 15, 5], [7, 2, 8, 3], [9, 13, 10, 12]]"
12n_0281_95,"[[9, 13, 10, 12], [11, 18, 12, 19], [13, 21, 14, 20], [22, 16, 23, 15], [17, 1, 18, 24], [19, 10, 20, 11], [6, 21, 7, 22], [23, 4, 24, 5], [1, 8, 2, 9], [3, 17, 4, 16], [14, 6, 15, 5], [7, 2, 8, 3]]"
12n_0281_96,"[[8, 3, 9, 4], [10, 14, 11, 13], [12, 19, 13, 20], [14, 22, 15, 21], [23, 17, 24, 16], [18, 2, 19, 1], [20, 11, 21, 12], [7, 22, 8, 23], [24, 5, 1, 6], [2, 9, 3, 10], [4, 18, 5, 17], [15, 7, 16, 6]]"
12n_0281_97,"[[15, 7, 16, 6], [8, 3, 9, 4], [10, 14, 11, 13], [12, 19, 13, 20], [14, 22, 15, 21], [23, 17, 24, 16], [18, 2, 19, 1], [20, 11, 21, 12], [7, 22, 8, 23], [24, 5, 1, 6], [2, 9, 3, 10], [4, 18, 5, 17]]"
12n_0281_98,"[[4, 18, 5, 17], [15, 7, 16, 6], [8, 3, 9, 4], [10, 14, 11, 13], [12, 19, 13, 20], [14, 22, 15, 21], [23, 17, 24, 16], [18, 2, 19, 1], [20, 11, 21, 12], [7, 22, 8, 23], [24, 5, 1, 6], [2, 9, 3, 10]]"
12n_0281_99,"[[2, 9, 3, 10], [4, 18, 5, 17], [15, 7, 16, 6], [8, 3, 9, 4], [10, 14, 11, 13], [12, 19, 13, 20], [14, 22, 15, 21], [23, 17, 24, 16], [18, 2, 19, 1], [20, 11, 21, 12], [7, 22, 8, 23], [24, 5, 1, 6]]"
12n_0281_100,"[[24, 5, 1, 6], [2, 9, 3, 10], [4, 18, 5, 17], [15, 7, 16, 6], [8, 3, 9, 4], [10, 14, 11, 13], [12, 19, 13, 20], [14, 22, 15, 21], [23, 17, 24, 16], [18, 2, 19, 1], [20, 11, 21, 12], [7, 22, 8, 23]]"
12n_0281_101,"[[7, 22, 8, 23], [24, 5, 1, 6], [2, 9, 3, 10], [4, 18, 5, 17], [15, 7, 16, 6], [8, 3, 9, 4], [10, 14, 11, 13], [12, 19, 13, 20], [14, 22, 15, 21], [23, 17, 24, 16], [18, 2, 19, 1], [20, 11, 21, 12]]"
12n_0281_102,"[[20, 11, 21, 12], [7, 22, 8, 23], [24, 5, 1, 6], [2, 9, 3, 10], [4, 18, 5, 17], [15, 7, 16, 6], [8, 3, 9, 4], [10, 14, 11, 13], [12, 19, 13, 20], [14, 22, 15, 21], [23, 17, 24, 16], [18, 2, 19, 1]]"
12n_0281_103,"[[18, 2, 19, 1], [20, 11, 21, 12], [7, 22, 8, 23], [24, 5, 1, 6], [2, 9, 3, 10], [4, 18, 5, 17], [15, 7, 16, 6], [8, 3, 9, 4], [10, 14, 11, 13], [12, 19, 13, 20], [14, 22, 15, 21], [23, 17, 24, 16]]"
12n_0281_104,"[[23, 17, 24, 16], [18, 2, 19, 1], [20, 11, 21, 12], [7, 22, 8, 23], [24, 5, 1, 6], [2, 9, 3, 10], [4, 18, 5, 17], [15, 7, 16, 6], [8, 3, 9, 4], [10, 14, 11, 13], [12, 19, 13, 20], [14, 22, 15, 21]]"
12n_0281_105,"[[14, 22, 15, 21], [23, 17, 24, 16], [18, 2, 19, 1], [20, 11, 21, 12], [7, 22, 8, 23], [24, 5, 1, 6], [2, 9, 3, 10], [4, 18, 5, 17], [15, 7, 16, 6], [8, 3, 9, 4], [10, 14, 11, 13], [12, 19, 13, 20]]"
12n_0281_106,"[[12, 19, 13, 20], [14, 22, 15, 21], [23, 17, 24, 16], [18, 2, 19, 1], [20, 11, 21, 12], [7, 22, 8, 23], [24, 5, 1, 6], [2, 9, 3, 10], [4, 18, 5, 17], [15, 7, 16, 6], [8, 3, 9, 4], [10, 14, 11, 13]]"
12n_0281_107,"[[10, 14, 11, 13], [12, 19, 13, 20], [14, 22, 15, 21], [23, 17, 24, 16], [18, 2, 19, 1], [20, 11, 21, 12], [7, 22, 8, 23], [24, 5, 1, 6], [2, 9, 3, 10], [4, 18, 5, 17], [15, 7, 16, 6], [8, 3, 9, 4]]"
12n_0281_108,"[[9, 4, 10, 5], [11, 15, 12, 14], [13, 20, 14, 21], [15, 23, 16, 22], [24, 18, 1, 17], [19, 3, 20, 2], [21, 12, 22, 13], [8, 23, 9, 24], [1, 6, 2, 7], [3, 10, 4, 11], [5, 19, 6, 18], [16, 8, 17, 7]]"
12n_0281_109,"[[16, 8, 17, 7], [9, 4, 10, 5], [11, 15, 12, 14], [13, 20, 14, 21], [15, 23, 16, 22], [24, 18, 1, 17], [19, 3, 20, 2], [21, 12, 22, 13], [8, 23, 9, 24], [1, 6, 2, 7], [3, 10, 4, 11], [5, 19, 6, 18]]"
12n_0281_110,"[[5, 19, 6, 18], [16, 8, 17, 7], [9, 4, 10, 5], [11, 15, 12, 14], [13, 20, 14, 21], [15, 23, 16, 22], [24, 18, 1, 17], [19, 3, 20, 2], [21, 12, 22, 13], [8, 23, 9, 24], [1, 6, 2, 7], [3, 10, 4, 11]]"
12n_0281_111,"[[3, 10, 4, 11], [5, 19, 6, 18], [16, 8, 17, 7], [9, 4, 10, 5], [11, 15, 12, 14], [13, 20, 14, 21], [15, 23, 16, 22], [24, 18, 1, 17], [19, 3, 20, 2], [21, 12, 22, 13], [8, 23, 9, 24], [1, 6, 2, 7]]"
12n_0281_112,"[[1, 6, 2, 7], [3, 10, 4, 11], [5, 19, 6, 18], [16, 8, 17, 7], [9, 4, 10, 5], [11, 15, 12, 14], [13, 20, 14, 21], [15, 23, 16, 22], [24, 18, 1, 17], [19, 3, 20, 2], [21, 12, 22, 13], [8, 23, 9, 24]]"
12n_0281_113,"[[8, 23, 9, 24], [1, 6, 2, 7], [3, 10, 4, 11], [5, 19, 6, 18], [16, 8, 17, 7], [9, 4, 10, 5], [11, 15, 12, 14], [13, 20, 14, 21], [15, 23, 16, 22], [24, 18, 1, 17], [19, 3, 20, 2], [21, 12, 22, 13]]"
12n_0281_114,"[[21, 12, 22, 13], [8, 23, 9, 24], [1, 6, 2, 7], [3, 10, 4, 11], [5, 19, 6, 18], [16, 8, 17, 7], [9, 4, 10, 5], [11, 15, 12, 14], [13, 20, 14, 21], [15, 23, 16, 22], [24, 18, 1, 17], [19, 3, 20, 2]]"
12n_0281_115,"[[19, 3, 20, 2], [21, 12, 22, 13], [8, 23, 9, 24], [1, 6, 2, 7], [3, 10, 4, 11], [5, 19, 6, 18], [16, 8, 17, 7], [9, 4, 10, 5], [11, 15, 12, 14], [13, 20, 14, 21], [15, 23, 16, 22], [24, 18, 1, 17]]"
12n_0281_116,"[[24, 18, 1, 17], [19, 3, 20, 2], [21, 12, 22, 13], [8, 23, 9, 24], [1, 6, 2, 7], [3, 10, 4, 11], [5, 19, 6, 18], [16, 8, 17, 7], [9, 4, 10, 5], [11, 15, 12, 14], [13, 20, 14, 21], [15, 23, 16, 22]]"
12n_0281_117,"[[15, 23, 16, 22], [24, 18, 1, 17], [19, 3, 20, 2], [21, 12, 22, 13], [8, 23, 9, 24], [1, 6, 2, 7], [3, 10, 4, 11], [5, 19, 6, 18], [16, 8, 17, 7], [9, 4, 10, 5], [11, 15, 12, 14], [13, 20, 14, 21]]"
12n_0281_118,"[[13, 20, 14, 21], [15, 23, 16, 22], [24, 18, 1, 17], [19, 3, 20, 2], [21, 12, 22, 13], [8, 23, 9, 24], [1, 6, 2, 7], [3, 10, 4, 11], [5, 19, 6, 18], [16, 8, 17, 7], [9, 4, 10, 5], [11, 15, 12, 14]]"
12n_0281_119,"[[11, 15, 12, 14], [13, 20, 14, 21], [15, 23, 16, 22], [24, 18, 1, 17], [19, 3, 20, 2], [21, 12, 22, 13], [8, 23, 9, 24], [1, 6, 2, 7], [3, 10, 4, 11], [5, 19, 6, 18], [16, 8, 17, 7], [9, 4, 10, 5]]"
12n_0281_120,"[[10, 5, 11, 6], [12, 16, 13, 15], [14, 21, 15, 22], [16, 24, 17, 23], [1, 19, 2, 18], [20, 4, 21, 3], [22, 13, 23, 14], [9, 24, 10, 1], [2, 7, 3, 8], [4, 11, 5, 12], [6, 20, 7, 19], [17, 9, 18, 8]]"
12n_0281_121,"[[17, 9, 18, 8], [10, 5, 11, 6], [12, 16, 13, 15], [14, 21, 15, 22], [16, 24, 17, 23], [1, 19, 2, 18], [20, 4, 21, 3], [22, 13, 23, 14], [9, 24, 10, 1], [2, 7, 3, 8], [4, 11, 5, 12], [6, 20, 7, 19]]"
12n_0281_122,"[[6, 20, 7, 19], [17, 9, 18, 8], [10, 5, 11, 6], [12, 16, 13, 15], [14, 21, 15, 22], [16, 24, 17, 23], [1, 19, 2, 18], [20, 4, 21, 3], [22, 13, 23, 14], [9, 24, 10, 1], [2, 7, 3, 8], [4, 11, 5, 12]]"
12n_0281_123,"[[4, 11, 5, 12], [6, 20, 7, 19], [17, 9, 18, 8], [10, 5, 11, 6], [12, 16, 13, 15], [14, 21, 15, 22], [16, 24, 17, 23], [1, 19, 2, 18], [20, 4, 21, 3], [22, 13, 23, 14], [9, 24, 10, 1], [2, 7, 3, 8]]"
12n_0281_124,"[[2, 7, 3, 8], [4, 11, 5, 12], [6, 20, 7, 19], [17, 9, 18, 8], [10, 5, 11, 6], [12, 16, 13, 15], [14, 21, 15, 22], [16, 24, 17, 23], [1, 19, 2, 18], [20, 4, 21, 3], [22, 13, 23, 14], [9, 24, 10, 1]]"
12n_0281_125,"[[9, 24, 10, 1], [2, 7, 3, 8], [4, 11, 5, 12], [6, 20, 7, 19], [17, 9, 18, 8], [10, 5, 11, 6], [12, 16, 13, 15], [14, 21, 15, 22], [16, 24, 17, 23], [1, 19, 2, 18], [20, 4, 21, 3], [22, 13, 23, 14]]"
12n_0281_126,"[[22, 13, 23, 14], [9, 24, 10, 1], [2, 7, 3, 8], [4, 11, 5, 12], [6, 20, 7, 19], [17, 9, 18, 8], [10, 5, 11, 6], [12, 16, 13, 15], [14, 21, 15, 22], [16, 24, 17, 23], [1, 19, 2, 18], [20, 4, 21, 3]]"
12n_0281_127,"[[20, 4, 21, 3], [22, 13, 23, 14], [9, 24, 10, 1], [2, 7, 3, 8], [4, 11, 5, 12], [6, 20, 7, 19], [17, 9, 18, 8], [10, 5, 11, 6], [12, 16, 13, 15], [14, 21, 15, 22], [16, 24, 17, 23], [1, 19, 2, 18]]"
12n_0281_128,"[[1, 19, 2, 18], [20, 4, 21, 3], [22, 13, 23, 14], [9, 24, 10, 1], [2, 7, 3, 8], [4, 11, 5, 12], [6, 20, 7, 19], [17, 9, 18, 8], [10, 5, 11, 6], [12, 16, 13, 15], [14, 21, 15, 22], [16, 24, 17, 23]]"
12n_0281_129,"[[16, 24, 17, 23], [1, 19, 2, 18], [20, 4, 21, 3], [22, 13, 23, 14], [9, 24, 10, 1], [2, 7, 3, 8], [4, 11, 5, 12], [6, 20, 7, 19], [17, 9, 18, 8], [10, 5, 11, 6], [12, 16, 13, 15], [14, 21, 15, 22]]"
12n_0281_130,"[[14, 21, 15, 22], [16, 24, 17, 23], [1, 19, 2, 18], [20, 4, 21, 3], [22, 13, 23, 14], [9, 24, 10, 1], [2, 7, 3, 8], [4, 11, 5, 12], [6, 20, 7, 19], [17, 9, 18, 8], [10, 5, 11, 6], [12, 16, 13, 15]]"
12n_0281_131,"[[12, 16, 13, 15], [14, 21, 15, 22], [16, 24, 17, 23], [1, 19, 2, 18], [20, 4, 21, 3], [22, 13, 23, 14], [9, 24, 10, 1], [2, 7, 3, 8], [4, 11, 5, 12], [6, 20, 7, 19], [17, 9, 18, 8], [10, 5, 11, 6]]"
12n_0281_132,"[[11, 6, 12, 7], [13, 17, 14, 16], [15, 22, 16, 23], [17, 1, 18, 24], [2, 20, 3, 19], [21, 5, 22, 4], [23, 14, 24, 15], [10, 1, 11, 2], [3, 8, 4, 9], [5, 12, 6, 13], [7, 21, 8, 20], [18, 10, 19, 9]]"
12n_0281_133,"[[18, 10, 19, 9], [11, 6, 12, 7], [13, 17, 14, 16], [15, 22, 16, 23], [17, 1, 18, 24], [2, 20, 3, 19], [21, 5, 22, 4], [23, 14, 24, 15], [10, 1, 11, 2], [3, 8, 4, 9], [5, 12, 6, 13], [7, 21, 8, 20]]"
12n_0281_134,"[[7, 21, 8, 20], [18, 10, 19, 9], [11, 6, 12, 7], [13, 17, 14, 16], [15, 22, 16, 23], [17, 1, 18, 24], [2, 20, 3, 19], [21, 5, 22, 4], [23, 14, 24, 15], [10, 1, 11, 2], [3, 8, 4, 9], [5, 12, 6, 13]]"
12n_0281_135,"[[5, 12, 6, 13], [7, 21, 8, 20], [18, 10, 19, 9], [11, 6, 12, 7], [13, 17, 14, 16], [15, 22, 16, 23], [17, 1, 18, 24], [2, 20, 3, 19], [21, 5, 22, 4], [23, 14, 24, 15], [10, 1, 11, 2], [3, 8, 4, 9]]"
12n_0281_136,"[[3, 8, 4, 9], [5, 12, 6, 13], [7, 21, 8, 20], [18, 10, 19, 9], [11, 6, 12, 7], [13, 17, 14, 16], [15, 22, 16, 23], [17, 1, 18, 24], [2, 20, 3, 19], [21, 5, 22, 4], [23, 14, 24, 15], [10, 1, 11, 2]]"
12n_0281_137,"[[10, 1, 11, 2], [3, 8, 4, 9], [5, 12, 6, 13], [7, 21, 8, 20], [18, 10, 19, 9], [11, 6, 12, 7], [13, 17, 14, 16], [15, 22, 16, 23], [17, 1, 18, 24], [2, 20, 3, 19], [21, 5, 22, 4], [23, 14, 24, 15]]"
12n_0281_138,"[[23, 14, 24, 15], [10, 1, 11, 2], [3, 8, 4, 9], [5, 12, 6, 13], [7, 21, 8, 20], [18, 10, 19, 9], [11, 6, 12, 7], [13, 17, 14, 16], [15, 22, 16, 23], [17, 1, 18, 24], [2, 20, 3, 19], [21, 5, 22, 4]]"
12n_0281_139,"[[21, 5, 22, 4], [23, 14, 24, 15], [10, 1, 11, 2], [3, 8, 4, 9], [5, 12, 6, 13], [7, 21, 8, 20], [18, 10, 19, 9], [11, 6, 12, 7], [13, 17, 14, 16], [15, 22, 16, 23], [17, 1, 18, 24], [2, 20, 3, 19]]"
12n_0281_140,"[[2, 20, 3, 19], [21, 5, 22, 4], [23, 14, 24, 15], [10, 1, 11, 2], [3, 8, 4, 9], [5, 12, 6, 13], [7, 21, 8, 20], [18, 10, 19, 9], [11, 6, 12, 7], [13, 17, 14, 16], [15, 22, 16, 23], [17, 1, 18, 24]]"
12n_0281_141,"[[17, 1, 18, 24], [2, 20, 3, 19], [21, 5, 22, 4], [23, 14, 24, 15], [10, 1, 11, 2], [3, 8, 4, 9], [5, 12, 6, 13], [7, 21, 8, 20], [18, 10, 19, 9], [11, 6, 12, 7], [13, 17, 14, 16], [15, 22, 16, 23]]"
12n_0281_142,"[[15, 22, 16, 23], [17, 1, 18, 24], [2, 20, 3, 19], [21, 5, 22, 4], [23, 14, 24, 15], [10, 1, 11, 2], [3, 8, 4, 9], [5, 12, 6, 13], [7, 21, 8, 20], [18, 10, 19, 9], [11, 6, 12, 7], [13, 17, 14, 16]]"
12n_0281_143,"[[13, 17, 14, 16], [15, 22, 16, 23], [17, 1, 18, 24], [2, 20, 3, 19], [21, 5, 22, 4], [23, 14, 24, 15], [10, 1, 11, 2], [3, 8, 4, 9], [5, 12, 6, 13], [7, 21, 8, 20], [18, 10, 19, 9], [11, 6, 12, 7]]"
12n_0281_144,"[[12, 7, 13, 8], [14, 18, 15, 17], [16, 23, 17, 24], [18, 2, 19, 1], [3, 21, 4, 20], [22, 6, 23, 5], [24, 15, 1, 16], [11, 2, 12, 3], [4, 9, 5, 10], [6, 13, 7, 14], [8, 22, 9, 21], [19, 11, 20, 10]]"
12n_0281_145,"[[19, 11, 20, 10], [12, 7, 13, 8], [14, 18, 15, 17], [16, 23, 17, 24], [18, 2, 19, 1], [3, 21, 4, 20], [22, 6, 23, 5], [24, 15, 1, 16], [11, 2, 12, 3], [4, 9, 5, 10], [6, 13, 7, 14], [8, 22, 9, 21]]"
12n_0281_146,"[[8, 22, 9, 21], [19, 11, 20, 10], [12, 7, 13, 8], [14, 18, 15, 17], [16, 23, 17, 24], [18, 2, 19, 1], [3, 21, 4, 20], [22, 6, 23, 5], [24, 15, 1, 16], [11, 2, 12, 3], [4, 9, 5, 10], [6, 13, 7, 14]]"
12n_0281_147,"[[6, 13, 7, 14], [8, 22, 9, 21], [19, 11, 20, 10], [12, 7, 13, 8], [14, 18, 15, 17], [16, 23, 17, 24], [18, 2, 19, 1], [3, 21, 4, 20], [22, 6, 23, 5], [24, 15, 1, 16], [11, 2, 12, 3], [4, 9, 5, 10]]"
12n_0281_148,"[[4, 9, 5, 10], [6, 13, 7, 14], [8, 22, 9, 21], [19, 11, 20, 10], [12, 7, 13, 8], [14, 18, 15, 17], [16, 23, 17, 24], [18, 2, 19, 1], [3, 21, 4, 20], [22, 6, 23, 5], [24, 15, 1, 16], [11, 2, 12, 3]]"
12n_0281_149,"[[11, 2, 12, 3], [4, 9, 5, 10], [6, 13, 7, 14], [8, 22, 9, 21], [19, 11, 20, 10], [12, 7, 13, 8], [14, 18, 15, 17], [16, 23, 17, 24], [18, 2, 19, 1], [3, 21, 4, 20], [22, 6, 23, 5], [24, 15, 1, 16]]"
12n_0281_150,"[[24, 15, 1, 16], [11, 2, 12, 3], [4, 9, 5, 10], [6, 13, 7, 14], [8, 22, 9, 21], [19, 11, 20, 10], [12, 7, 13, 8], [14, 18, 15, 17], [16, 23, 17, 24], [18, 2, 19, 1], [3, 21, 4, 20], [22, 6, 23, 5]]"
12n_0281_151,"[[22, 6, 23, 5], [24, 15, 1, 16], [11, 2, 12, 3], [4, 9, 5, 10], [6, 13, 7, 14], [8, 22, 9, 21], [19, 11, 20, 10], [12, 7, 13, 8], [14, 18, 15, 17], [16, 23, 17, 24], [18, 2, 19, 1], [3, 21, 4, 20]]"
12n_0281_152,"[[3, 21, 4, 20], [22, 6, 23, 5], [24, 15, 1, 16], [11, 2, 12, 3], [4, 9, 5, 10], [6, 13, 7, 14], [8, 22, 9, 21], [19, 11, 20, 10], [12, 7, 13, 8], [14, 18, 15, 17], [16, 23, 17, 24], [18, 2, 19, 1]]"
12n_0281_153,"[[18, 2, 19, 1], [3, 21, 4, 20], [22, 6, 23, 5], [24, 15, 1, 16], [11, 2, 12, 3], [4, 9, 5, 10], [6, 13, 7, 14], [8, 22, 9, 21], [19, 11, 20, 10], [12, 7, 13, 8], [14, 18, 15, 17], [16, 23, 17, 24]]"
12n_0281_154,"[[16, 23, 17, 24], [18, 2, 19, 1], [3, 21, 4, 20], [22, 6, 23, 5], [24, 15, 1, 16], [11, 2, 12, 3], [4, 9, 5, 10], [6, 13, 7, 14], [8, 22, 9, 21], [19, 11, 20, 10], [12, 7, 13, 8], [14, 18, 15, 17]]"
12n_0281_155,"[[14, 18, 15, 17], [16, 23, 17, 24], [18, 2, 19, 1], [3, 21, 4, 20], [22, 6, 23, 5], [24, 15, 1, 16], [11, 2, 12, 3], [4, 9, 5, 10], [6, 13, 7, 14], [8, 22, 9, 21], [19, 11, 20, 10], [12, 7, 13, 8]]"
12n_0281_156,"[[13, 8, 14, 9], [15, 19, 16, 18], [17, 24, 18, 1], [19, 3, 20, 2], [4, 22, 5, 21], [23, 7, 24, 6], [1, 16, 2, 17], [12, 3, 13, 4], [5, 10, 6, 11], [7, 14, 8, 15], [9, 23, 10, 22], [20, 12, 21, 11]]"
12n_0281_157,"[[20, 12, 21, 11], [13, 8, 14, 9], [15, 19, 16, 18], [17, 24, 18, 1], [19, 3, 20, 2], [4, 22, 5, 21], [23, 7, 24, 6], [1, 16, 2, 17], [12, 3, 13, 4], [5, 10, 6, 11], [7, 14, 8, 15], [9, 23, 10, 22]]"
12n_0281_158,"[[9, 23, 10, 22], [20, 12, 21, 11], [13, 8, 14, 9], [15, 19, 16, 18], [17, 24, 18, 1], [19, 3, 20, 2], [4, 22, 5, 21], [23, 7, 24, 6], [1, 16, 2, 17], [12, 3, 13, 4], [5, 10, 6, 11], [7, 14, 8, 15]]"
12n_0281_159,"[[7, 14, 8, 15], [9, 23, 10, 22], [20, 12, 21, 11], [13, 8, 14, 9], [15, 19, 16, 18], [17, 24, 18, 1], [19, 3, 20, 2], [4, 22, 5, 21], [23, 7, 24, 6], [1, 16, 2, 17], [12, 3, 13, 4], [5, 10, 6, 11]]"
12n_0281_160,"[[5, 10, 6, 11], [7, 14, 8, 15], [9, 23, 10, 22], [20, 12, 21, 11], [13, 8, 14, 9], [15, 19, 16, 18], [17, 24, 18, 1], [19, 3, 20, 2], [4, 22, 5, 21], [23, 7, 24, 6], [1, 16, 2, 17], [12, 3, 13, 4]]"
12n_0281_161,"[[12, 3, 13, 4], [5, 10, 6, 11], [7, 14, 8, 15], [9, 23, 10, 22], [20, 12, 21, 11], [13, 8, 14, 9], [15, 19, 16, 18], [17, 24, 18, 1], [19, 3, 20, 2], [4, 22, 5, 21], [23, 7, 24, 6], [1, 16, 2, 17]]"
12n_0281_162,"[[1, 16, 2, 17], [12, 3, 13, 4], [5, 10, 6, 11], [7, 14, 8, 15], [9, 23, 10, 22], [20, 12, 21, 11], [13, 8, 14, 9], [15, 19, 16, 18], [17, 24, 18, 1], [19, 3, 20, 2], [4, 22, 5, 21], [23, 7, 24, 6]]"
12n_0281_163,"[[23, 7, 24, 6], [1, 16, 2, 17], [12, 3, 13, 4], [5, 10, 6, 11], [7, 14, 8, 15], [9, 23, 10, 22], [20, 12, 21, 11], [13, 8, 14, 9], [15, 19, 16, 18], [17, 24, 18, 1], [19, 3, 20, 2], [4, 22, 5, 21]]"
12n_0281_164,"[[4, 22, 5, 21], [23, 7, 24, 6], [1, 16, 2, 17], [12, 3, 13, 4], [5, 10, 6, 11], [7, 14, 8, 15], [9, 23, 10, 22], [20, 12, 21, 11], [13, 8, 14, 9], [15, 19, 16, 18], [17, 24, 18, 1], [19, 3, 20, 2]]"
12n_0281_165,"[[19, 3, 20, 2], [4, 22, 5, 21], [23, 7, 24, 6], [1, 16, 2, 17], [12, 3, 13, 4], [5, 10, 6, 11], [7, 14, 8, 15], [9, 23, 10, 22], [20, 12, 21, 11], [13, 8, 14, 9], [15, 19, 16, 18], [17, 24, 18, 1]]"
12n_0281_166,"[[17, 24, 18, 1], [19, 3, 20, 2], [4, 22, 5, 21], [23, 7, 24, 6], [1, 16, 2, 17], [12, 3, 13, 4], [5, 10, 6, 11], [7, 14, 8, 15], [9, 23, 10, 22], [20, 12, 21, 11], [13, 8, 14, 9], [15, 19, 16, 18]]"
12n_0281_167,"[[15, 19, 16, 18], [17, 24, 18, 1], [19, 3, 20, 2], [4, 22, 5, 21], [23, 7, 24, 6], [1, 16, 2, 17], [12, 3, 13, 4], [5, 10, 6, 11], [7, 14, 8, 15], [9, 23, 10, 22], [20, 12, 21, 11], [13, 8, 14, 9]]"
12n_0281_168,"[[14, 9, 15, 10], [16, 20, 17, 19], [18, 1, 19, 2], [20, 4, 21, 3], [5, 23, 6, 22], [24, 8, 1, 7], [2, 17, 3, 18], [13, 4, 14, 5], [6, 11, 7, 12], [8, 15, 9, 16], [10, 24, 11, 23], [21, 13, 22, 12]]"
12n_0281_169,"[[21, 13, 22, 12], [14, 9, 15, 10], [16, 20, 17, 19], [18, 1, 19, 2], [20, 4, 21, 3], [5, 23, 6, 22], [24, 8, 1, 7], [2, 17, 3, 18], [13, 4, 14, 5], [6, 11, 7, 12], [8, 15, 9, 16], [10, 24, 11, 23]]"
12n_0281_170,"[[10, 24, 11, 23], [21, 13, 22, 12], [14, 9, 15, 10], [16, 20, 17, 19], [18, 1, 19, 2], [20, 4, 21, 3], [5, 23, 6, 22], [24, 8, 1, 7], [2, 17, 3, 18], [13, 4, 14, 5], [6, 11, 7, 12], [8, 15, 9, 16]]"
12n_0281_171,"[[8, 15, 9, 16], [10, 24, 11, 23], [21, 13, 22, 12], [14, 9, 15, 10], [16, 20, 17, 19], [18, 1, 19, 2], [20, 4, 21, 3], [5, 23, 6, 22], [24, 8, 1, 7], [2, 17, 3, 18], [13, 4, 14, 5], [6, 11, 7, 12]]"
12n_0281_172,"[[6, 11, 7, 12], [8, 15, 9, 16], [10, 24, 11, 23], [21, 13, 22, 12], [14, 9, 15, 10], [16, 20, 17, 19], [18, 1, 19, 2], [20, 4, 21, 3], [5, 23, 6, 22], [24, 8, 1, 7], [2, 17, 3, 18], [13, 4, 14, 5]]"
12n_0281_173,"[[13, 4, 14, 5], [6, 11, 7, 12], [8, 15, 9, 16], [10, 24, 11, 23], [21, 13, 22, 12], [14, 9, 15, 10], [16, 20, 17, 19], [18, 1, 19, 2], [20, 4, 21, 3], [5, 23, 6, 22], [24, 8, 1, 7], [2, 17, 3, 18]]"
12n_0281_174,"[[2, 17, 3, 18], [13, 4, 14, 5], [6, 11, 7, 12], [8, 15, 9, 16], [10, 24, 11, 23], [21, 13, 22, 12], [14, 9, 15, 10], [16, 20, 17, 19], [18, 1, 19, 2], [20, 4, 21, 3], [5, 23, 6, 22], [24, 8, 1, 7]]"
12n_0281_175,"[[24, 8, 1, 7], [2, 17, 3, 18], [13, 4, 14, 5], [6, 11, 7, 12], [8, 15, 9, 16], [10, 24, 11, 23], [21, 13, 22, 12], [14, 9, 15, 10], [16, 20, 17, 19], [18, 1, 19, 2], [20, 4, 21, 3], [5, 23, 6, 22]]"
12n_0281_176,"[[5, 23, 6, 22], [24, 8, 1, 7], [2, 17, 3, 18], [13, 4, 14, 5], [6, 11, 7, 12], [8, 15, 9, 16], [10, 24, 11, 23], [21, 13, 22, 12], [14, 9, 15, 10], [16, 20, 17, 19], [18, 1, 19, 2], [20, 4, 21, 3]]"
12n_0281_177,"[[20, 4, 21, 3], [5, 23, 6, 22], [24, 8, 1, 7], [2, 17, 3, 18], [13, 4, 14, 5], [6, 11, 7, 12], [8, 15, 9, 16], [10, 24, 11, 23], [21, 13, 22, 12], [14, 9, 15, 10], [16, 20, 17, 19], [18, 1, 19, 2]]"
12n_0281_178,"[[18, 1, 19, 2], [20, 4, 21, 3], [5, 23, 6, 22], [24, 8, 1, 7], [2, 17, 3, 18], [13, 4, 14, 5], [6, 11, 7, 12], [8, 15, 9, 16], [10, 24, 11, 23], [21, 13, 22, 12], [14, 9, 15, 10], [16, 20, 17, 19]]"
12n_0281_179,"[[16, 20, 17, 19], [18, 1, 19, 2], [20, 4, 21, 3], [5, 23, 6, 22], [24, 8, 1, 7], [2, 17, 3, 18], [13, 4, 14, 5], [6, 11, 7, 12], [8, 15, 9, 16], [10, 24, 11, 23], [21, 13, 22, 12], [14, 9, 15, 10]]"
12n_0281_180,"[[15, 10, 16, 11], [17, 21, 18, 20], [19, 2, 20, 3], [21, 5, 22, 4], [6, 24, 7, 23], [1, 9, 2, 8], [3, 18, 4, 19], [14, 5, 15, 6], [7, 12, 8, 13], [9, 16, 10, 17], [11, 1, 12, 24], [22, 14, 23, 13]]"
12n_0281_181,"[[22, 14, 23, 13], [15, 10, 16, 11], [17, 21, 18, 20], [19, 2, 20, 3], [21, 5, 22, 4], [6, 24, 7, 23], [1, 9, 2, 8], [3, 18, 4, 19], [14, 5, 15, 6], [7, 12, 8, 13], [9, 16, 10, 17], [11, 1, 12, 24]]"
12n_0281_182,"[[11, 1, 12, 24], [22, 14, 23, 13], [15, 10, 16, 11], [17, 21, 18, 20], [19, 2, 20, 3], [21, 5, 22, 4], [6, 24, 7, 23], [1, 9, 2, 8], [3, 18, 4, 19], [14, 5, 15, 6], [7, 12, 8, 13], [9, 16, 10, 17]]"
12n_0281_183,"[[9, 16, 10, 17], [11, 1, 12, 24], [22, 14, 23, 13], [15, 10, 16, 11], [17, 21, 18, 20], [19, 2, 20, 3], [21, 5, 22, 4], [6, 24, 7, 23], [1, 9, 2, 8], [3, 18, 4, 19], [14, 5, 15, 6], [7, 12, 8, 13]]"
12n_0281_184,"[[7, 12, 8, 13], [9, 16, 10, 17], [11, 1, 12, 24], [22, 14, 23, 13], [15, 10, 16, 11], [17, 21, 18, 20], [19, 2, 20, 3], [21, 5, 22, 4], [6, 24, 7, 23], [1, 9, 2, 8], [3, 18, 4, 19], [14, 5, 15, 6]]"
12n_0281_185,"[[14, 5, 15, 6], [7, 12, 8, 13], [9, 16, 10, 17], [11, 1, 12, 24], [22, 14, 23, 13], [15, 10, 16, 11], [17, 21, 18, 20], [19, 2, 20, 3], [21, 5, 22, 4], [6, 24, 7, 23], [1, 9, 2, 8], [3, 18, 4, 19]]"
