name,pd_notation
12n_0110_0,"[[15, 1, 16, 24], [2, 6, 3, 5], [4, 10, 5, 9], [6, 14, 7, 13], [8, 4, 9, 3], [19, 11, 20, 10], [12, 8, 13, 7], [21, 15, 22, 14], [23, 17, 24, 16], [11, 19, 12, 18], [1, 21, 2, 20], [17, 23, 18, 22]]"
12n_0110_1,"[[17, 23, 18, 22], [15, 1, 16, 24], [2, 6, 3, 5], [4, 10, 5, 9], [6, 14, 7, 13], [8, 4, 9, 3], [19, 11, 20, 10], [12, 8, 13, 7], [21, 15, 22, 14], [23, 17, 24, 16], [11, 19, 12, 18], [1, 21, 2, 20]]"
12n_0110_2,"[[1, 21, 2, 20], [17, 23, 18, 22], [15, 1, 16, 24], [2, 6, 3, 5], [4, 10, 5, 9], [6, 14, 7, 13], [8, 4, 9, 3], [19, 11, 20, 10], [12, 8, 13, 7], [21, 15, 22, 14], [23, 17, 24, 16], [11, 19, 12, 18]]"
12n_0110_3,"[[11, 19, 12, 18], [1, 21, 2, 20], [17, 23, 18, 22], [15, 1, 16, 24], [2, 6, 3, 5], [4, 10, 5, 9], [6, 14, 7, 13], [8, 4, 9, 3], [19, 11, 20, 10], [12, 8, 13, 7], [21, 15, 22, 14], [23, 17, 24, 16]]"
12n_0110_4,"[[23, 17, 24, 16], [11, 19, 12, 18], [1, 21, 2, 20], [17, 23, 18, 22], [15, 1, 16, 24], [2, 6, 3, 5], [4, 10, 5, 9], [6, 14, 7, 13], [8, 4, 9, 3], [19, 11, 20, 10], [12, 8, 13, 7], [21, 15, 22, 14]]"
12n_0110_5,"[[21, 15, 22, 14], [23, 17, 24, 16], [11, 19, 12, 18], [1, 21, 2, 20], [17, 23, 18, 22], [15, 1, 16, 24], [2, 6, 3, 5], [4, 10, 5, 9], [6, 14, 7, 13], [8, 4, 9, 3], [19, 11, 20, 10], [12, 8, 13, 7]]"
12n_0110_6,"[[12, 8, 13, 7], [21, 15, 22, 14], [23, 17, 24, 16], [11, 19, 12, 18], [1, 21, 2, 20], [17, 23, 18, 22], [15, 1, 16, 24], [2, 6, 3, 5], [4, 10, 5, 9], [6, 14, 7, 13], [8, 4, 9, 3], [19, 11, 20, 10]]"
12n_0110_7,"[[19, 11, 20, 10], [12, 8, 13, 7], [21, 15, 22, 14], [23, 17, 24, 16], [11, 19, 12, 18], [1, 21, 2, 20], [17, 23, 18, 22], [15, 1, 16, 24], [2, 6, 3, 5], [4, 10, 5, 9], [6, 14, 7, 13], [8, 4, 9, 3]]"
12n_0110_8,"[[8, 4, 9, 3], [19, 11, 20, 10], [12, 8, 13, 7], [21, 15, 22, 14], [23, 17, 24, 16], [11, 19, 12, 18], [1, 21, 2, 20], [17, 23, 18, 22], [15, 1, 16, 24], [2, 6, 3, 5], [4, 10, 5, 9], [6, 14, 7, 13]]"
12n_0110_9,"[[6, 14, 7, 13], [8, 4, 9, 3], [19, 11, 20, 10], [12, 8, 13, 7], [21, 15, 22, 14], [23, 17, 24, 16], [11, 19, 12, 18], [1, 21, 2, 20], [17, 23, 18, 22], [15, 1, 16, 24], [2, 6, 3, 5], [4, 10, 5, 9]]"
12n_0110_10,"[[4, 10, 5, 9], [6, 14, 7, 13], [8, 4, 9, 3], [19, 11, 20, 10], [12, 8, 13, 7], [21, 15, 22, 14], [23, 17, 24, 16], [11, 19, 12, 18], [1, 21, 2, 20], [17, 23, 18, 22], [15, 1, 16, 24], [2, 6, 3, 5]]"
12n_0110_11,"[[2, 6, 3, 5], [4, 10, 5, 9], [6, 14, 7, 13], [8, 4, 9, 3], [19, 11, 20, 10], [12, 8, 13, 7], [21, 15, 22, 14], [23, 17, 24, 16], [11, 19, 12, 18], [1, 21, 2, 20], [17, 23, 18, 22], [15, 1, 16, 24]]"
12n_0110_12,"[[16, 2, 17, 1], [3, 7, 4, 6], [5, 11, 6, 10], [7, 15, 8, 14], [9, 5, 10, 4], [20, 12, 21, 11], [13, 9, 14, 8], [22, 16, 23, 15], [24, 18, 1, 17], [12, 20, 13, 19], [2, 22, 3, 21], [18, 24, 19, 23]]"
12n_0110_13,"[[18, 24, 19, 23], [16, 2, 17, 1], [3, 7, 4, 6], [5, 11, 6, 10], [7, 15, 8, 14], [9, 5, 10, 4], [20, 12, 21, 11], [13, 9, 14, 8], [22, 16, 23, 15], [24, 18, 1, 17], [12, 20, 13, 19], [2, 22, 3, 21]]"
12n_0110_14,"[[2, 22, 3, 21], [18, 24, 19, 23], [16, 2, 17, 1], [3, 7, 4, 6], [5, 11, 6, 10], [7, 15, 8, 14], [9, 5, 10, 4], [20, 12, 21, 11], [13, 9, 14, 8], [22, 16, 23, 15], [24, 18, 1, 17], [12, 20, 13, 19]]"
12n_0110_15,"[[12, 20, 13, 19], [2, 22, 3, 21], [18, 24, 19, 23], [16, 2, 17, 1], [3, 7, 4, 6], [5, 11, 6, 10], [7, 15, 8, 14], [9, 5, 10, 4], [20, 12, 21, 11], [13, 9, 14, 8], [22, 16, 23, 15], [24, 18, 1, 17]]"
12n_0110_16,"[[24, 18, 1, 17], [12, 20, 13, 19], [2, 22, 3, 21], [18, 24, 19, 23], [16, 2, 17, 1], [3, 7, 4, 6], [5, 11, 6, 10], [7, 15, 8, 14], [9, 5, 10, 4], [20, 12, 21, 11], [13, 9, 14, 8], [22, 16, 23, 15]]"
12n_0110_17,"[[22, 16, 23, 15], [24, 18, 1, 17], [12, 20, 13, 19], [2, 22, 3, 21], [18, 24, 19, 23], [16, 2, 17, 1], [3, 7, 4, 6], [5, 11, 6, 10], [7, 15, 8, 14], [9, 5, 10, 4], [20, 12, 21, 11], [13, 9, 14, 8]]"
12n_0110_18,"[[13, 9, 14, 8], [22, 16, 23, 15], [24, 18, 1, 17], [12, 20, 13, 19], [2, 22, 3, 21], [18, 24, 19, 23], [16, 2, 17, 1], [3, 7, 4, 6], [5, 11, 6, 10], [7, 15, 8, 14], [9, 5, 10, 4], [20, 12, 21, 11]]"
12n_0110_19,"[[20, 12, 21, 11], [13, 9, 14, 8], [22, 16, 23, 15], [24, 18, 1, 17], [12, 20, 13, 19], [2, 22, 3, 21], [18, 24, 19, 23], [16, 2, 17, 1], [3, 7, 4, 6], [5, 11, 6, 10], [7, 15, 8, 14], [9, 5, 10, 4]]"
12n_0110_20,"[[9, 5, 10, 4], [20, 12, 21, 11], [13, 9, 14, 8], [22, 16, 23, 15], [24, 18, 1, 17], [12, 20, 13, 19], [2, 22, 3, 21], [18, 24, 19, 23], [16, 2, 17, 1], [3, 7, 4, 6], [5, 11, 6, 10], [7, 15, 8, 14]]"
12n_0110_21,"[[7, 15, 8, 14], [9, 5, 10, 4], [20, 12, 21, 11], [13, 9, 14, 8], [22, 16, 23, 15], [24, 18, 1, 17], [12, 20, 13, 19], [2, 22, 3, 21], [18, 24, 19, 23], [16, 2, 17, 1], [3, 7, 4, 6], [5, 11, 6, 10]]"
12n_0110_22,"[[5, 11, 6, 10], [7, 15, 8, 14], [9, 5, 10, 4], [20, 12, 21, 11], [13, 9, 14, 8], [22, 16, 23, 15], [24, 18, 1, 17], [12, 20, 13, 19], [2, 22, 3, 21], [18, 24, 19, 23], [16, 2, 17, 1], [3, 7, 4, 6]]"
12n_0110_23,"[[3, 7, 4, 6], [5, 11, 6, 10], [7, 15, 8, 14], [9, 5, 10, 4], [20, 12, 21, 11], [13, 9, 14, 8], [22, 16, 23, 15], [24, 18, 1, 17], [12, 20, 13, 19], [2, 22, 3, 21], [18, 24, 19, 23], [16, 2, 17, 1]]"
12n_0110_24,"[[17, 3, 18, 2], [4, 8, 5, 7], [6, 12, 7, 11], [8, 16, 9, 15], [10, 6, 11, 5], [21, 13, 22, 12], [14, 10, 15, 9], [23, 17, 24, 16], [1, 19, 2, 18], [13, 21, 14, 20], [3, 23, 4, 22], [19, 1, 20, 24]]"
12n_0110_25,"[[19, 1, 20, 24], [17, 3, 18, 2], [4, 8, 5, 7], [6, 12, 7, 11], [8, 16, 9, 15], [10, 6, 11, 5], [21, 13, 22, 12], [14, 10, 15, 9], [23, 17, 24, 16], [1, 19, 2, 18], [13, 21, 14, 20], [3, 23, 4, 22]]"
12n_0110_26,"[[3, 23, 4, 22], [19, 1, 20, 24], [17, 3, 18, 2], [4, 8, 5, 7], [6, 12, 7, 11], [8, 16, 9, 15], [10, 6, 11, 5], [21, 13, 22, 12], [14, 10, 15, 9], [23, 17, 24, 16], [1, 19, 2, 18], [13, 21, 14, 20]]"
12n_0110_27,"[[13, 21, 14, 20], [3, 23, 4, 22], [19, 1, 20, 24], [17, 3, 18, 2], [4, 8, 5, 7], [6, 12, 7, 11], [8, 16, 9, 15], [10, 6, 11, 5], [21, 13, 22, 12], [14, 10, 15, 9], [23, 17, 24, 16], [1, 19, 2, 18]]"
12n_0110_28,"[[1, 19, 2, 18], [13, 21, 14, 20], [3, 23, 4, 22], [19, 1, 20, 24], [17, 3, 18, 2], [4, 8, 5, 7], [6, 12, 7, 11], [8, 16, 9, 15], [10, 6, 11, 5], [21, 13, 22, 12], [14, 10, 15, 9], [23, 17, 24, 16]]"
12n_0110_29,"[[23, 17, 24, 16], [1, 19, 2, 18], [13, 21, 14, 20], [3, 23, 4, 22], [19, 1, 20, 24], [17, 3, 18, 2], [4, 8, 5, 7], [6, 12, 7, 11], [8, 16, 9, 15], [10, 6, 11, 5], [21, 13, 22, 12], [14, 10, 15, 9]]"
12n_0110_30,"[[14, 10, 15, 9], [23, 17, 24, 16], [1, 19, 2, 18], [13, 21, 14, 20], [3, 23, 4, 22], [19, 1, 20, 24], [17, 3, 18, 2], [4, 8, 5, 7], [6, 12, 7, 11], [8, 16, 9, 15], [10, 6, 11, 5], [21, 13, 22, 12]]"
12n_0110_31,"[[21, 13, 22, 12], [14, 10, 15, 9], [23, 17, 24, 16], [1, 19, 2, 18], [13, 21, 14, 20], [3, 23, 4, 22], [19, 1, 20, 24], [17, 3, 18, 2], [4, 8, 5, 7], [6, 12, 7, 11], [8, 16, 9, 15], [10, 6, 11, 5]]"
12n_0110_32,"[[10, 6, 11, 5], [21, 13, 22, 12], [14, 10, 15, 9], [23, 17, 24, 16], [1, 19, 2, 18], [13, 21, 14, 20], [3, 23, 4, 22], [19, 1, 20, 24], [17, 3, 18, 2], [4, 8, 5, 7], [6, 12, 7, 11], [8, 16, 9, 15]]"
12n_0110_33,"[[8, 16, 9, 15], [10, 6, 11, 5], [21, 13, 22, 12], [14, 10, 15, 9], [23, 17, 24, 16], [1, 19, 2, 18], [13, 21, 14, 20], [3, 23, 4, 22], [19, 1, 20, 24], [17, 3, 18, 2], [4, 8, 5, 7], [6, 12, 7, 11]]"
12n_0110_34,"[[6, 12, 7, 11], [8, 16, 9, 15], [10, 6, 11, 5], [21, 13, 22, 12], [14, 10, 15, 9], [23, 17, 24, 16], [1, 19, 2, 18], [13, 21, 14, 20], [3, 23, 4, 22], [19, 1, 20, 24], [17, 3, 18, 2], [4, 8, 5, 7]]"
12n_0110_35,"[[4, 8, 5, 7], [6, 12, 7, 11], [8, 16, 9, 15], [10, 6, 11, 5], [21, 13, 22, 12], [14, 10, 15, 9], [23, 17, 24, 16], [1, 19, 2, 18], [13, 21, 14, 20], [3, 23, 4, 22], [19, 1, 20, 24], [17, 3, 18, 2]]"
12n_0110_36,"[[18, 4, 19, 3], [5, 9, 6, 8], [7, 13, 8, 12], [9, 17, 10, 16], [11, 7, 12, 6], [22, 14, 23, 13], [15, 11, 16, 10], [24, 18, 1, 17], [2, 20, 3, 19], [14, 22, 15, 21], [4, 24, 5, 23], [20, 2, 21, 1]]"
12n_0110_37,"[[20, 2, 21, 1], [18, 4, 19, 3], [5, 9, 6, 8], [7, 13, 8, 12], [9, 17, 10, 16], [11, 7, 12, 6], [22, 14, 23, 13], [15, 11, 16, 10], [24, 18, 1, 17], [2, 20, 3, 19], [14, 22, 15, 21], [4, 24, 5, 23]]"
12n_0110_38,"[[4, 24, 5, 23], [20, 2, 21, 1], [18, 4, 19, 3], [5, 9, 6, 8], [7, 13, 8, 12], [9, 17, 10, 16], [11, 7, 12, 6], [22, 14, 23, 13], [15, 11, 16, 10], [24, 18, 1, 17], [2, 20, 3, 19], [14, 22, 15, 21]]"
12n_0110_39,"[[14, 22, 15, 21], [4, 24, 5, 23], [20, 2, 21, 1], [18, 4, 19, 3], [5, 9, 6, 8], [7, 13, 8, 12], [9, 17, 10, 16], [11, 7, 12, 6], [22, 14, 23, 13], [15, 11, 16, 10], [24, 18, 1, 17], [2, 20, 3, 19]]"
12n_0110_40,"[[2, 20, 3, 19], [14, 22, 15, 21], [4, 24, 5, 23], [20, 2, 21, 1], [18, 4, 19, 3], [5, 9, 6, 8], [7, 13, 8, 12], [9, 17, 10, 16], [11, 7, 12, 6], [22, 14, 23, 13], [15, 11, 16, 10], [24, 18, 1, 17]]"
12n_0110_41,"[[24, 18, 1, 17], [2, 20, 3, 19], [14, 22, 15, 21], [4, 24, 5, 23], [20, 2, 21, 1], [18, 4, 19, 3], [5, 9, 6, 8], [7, 13, 8, 12], [9, 17, 10, 16], [11, 7, 12, 6], [22, 14, 23, 13], [15, 11, 16, 10]]"
12n_0110_42,"[[15, 11, 16, 10], [24, 18, 1, 17], [2, 20, 3, 19], [14, 22, 15, 21], [4, 24, 5, 23], [20, 2, 21, 1], [18, 4, 19, 3], [5, 9, 6, 8], [7, 13, 8, 12], [9, 17, 10, 16], [11, 7, 12, 6], [22, 14, 23, 13]]"
12n_0110_43,"[[22, 14, 23, 13], [15, 11, 16, 10], [24, 18, 1, 17], [2, 20, 3, 19], [14, 22, 15, 21], [4, 24, 5, 23], [20, 2, 21, 1], [18, 4, 19, 3], [5, 9, 6, 8], [7, 13, 8, 12], [9, 17, 10, 16], [11, 7, 12, 6]]"
12n_0110_44,"[[11, 7, 12, 6], [22, 14, 23, 13], [15, 11, 16, 10], [24, 18, 1, 17], [2, 20, 3, 19], [14, 22, 15, 21], [4, 24, 5, 23], [20, 2, 21, 1], [18, 4, 19, 3], [5, 9, 6, 8], [7, 13, 8, 12], [9, 17, 10, 16]]"
12n_0110_45,"[[9, 17, 10, 16], [11, 7, 12, 6], [22, 14, 23, 13], [15, 11, 16, 10], [24, 18, 1, 17], [2, 20, 3, 19], [14, 22, 15, 21], [4, 24, 5, 23], [20, 2, 21, 1], [18, 4, 19, 3], [5, 9, 6, 8], [7, 13, 8, 12]]"
12n_0110_46,"[[7, 13, 8, 12], [9, 17, 10, 16], [11, 7, 12, 6], [22, 14, 23, 13], [15, 11, 16, 10], [24, 18, 1, 17], [2, 20, 3, 19], [14, 22, 15, 21], [4, 24, 5, 23], [20, 2, 21, 1], [18, 4, 19, 3], [5, 9, 6, 8]]"
12n_0110_47,"[[5, 9, 6, 8], [7, 13, 8, 12], [9, 17, 10, 16], [11, 7, 12, 6], [22, 14, 23, 13], [15, 11, 16, 10], [24, 18, 1, 17], [2, 20, 3, 19], [14, 22, 15, 21], [4, 24, 5, 23], [20, 2, 21, 1], [18, 4, 19, 3]]"
12n_0110_48,"[[19, 5, 20, 4], [6, 10, 7, 9], [8, 14, 9, 13], [10, 18, 11, 17], [12, 8, 13, 7], [23, 15, 24, 14], [16, 12, 17, 11], [1, 19, 2, 18], [3, 21, 4, 20], [15, 23, 16, 22], [5, 1, 6, 24], [21, 3, 22, 2]]"
12n_0110_49,"[[21, 3, 22, 2], [19, 5, 20, 4], [6, 10, 7, 9], [8, 14, 9, 13], [10, 18, 11, 17], [12, 8, 13, 7], [23, 15, 24, 14], [16, 12, 17, 11], [1, 19, 2, 18], [3, 21, 4, 20], [15, 23, 16, 22], [5, 1, 6, 24]]"
12n_0110_50,"[[5, 1, 6, 24], [21, 3, 22, 2], [19, 5, 20, 4], [6, 10, 7, 9], [8, 14, 9, 13], [10, 18, 11, 17], [12, 8, 13, 7], [23, 15, 24, 14], [16, 12, 17, 11], [1, 19, 2, 18], [3, 21, 4, 20], [15, 23, 16, 22]]"
12n_0110_51,"[[15, 23, 16, 22], [5, 1, 6, 24], [21, 3, 22, 2], [19, 5, 20, 4], [6, 10, 7, 9], [8, 14, 9, 13], [10, 18, 11, 17], [12, 8, 13, 7], [23, 15, 24, 14], [16, 12, 17, 11], [1, 19, 2, 18], [3, 21, 4, 20]]"
12n_0110_52,"[[3, 21, 4, 20], [15, 23, 16, 22], [5, 1, 6, 24], [21, 3, 22, 2], [19, 5, 20, 4], [6, 10, 7, 9], [8, 14, 9, 13], [10, 18, 11, 17], [12, 8, 13, 7], [23, 15, 24, 14], [16, 12, 17, 11], [1, 19, 2, 18]]"
12n_0110_53,"[[1, 19, 2, 18], [3, 21, 4, 20], [15, 23, 16, 22], [5, 1, 6, 24], [21, 3, 22, 2], [19, 5, 20, 4], [6, 10, 7, 9], [8, 14, 9, 13], [10, 18, 11, 17], [12, 8, 13, 7], [23, 15, 24, 14], [16, 12, 17, 11]]"
12n_0110_54,"[[16, 12, 17, 11], [1, 19, 2, 18], [3, 21, 4, 20], [15, 23, 16, 22], [5, 1, 6, 24], [21, 3, 22, 2], [19, 5, 20, 4], [6, 10, 7, 9], [8, 14, 9, 13], [10, 18, 11, 17], [12, 8, 13, 7], [23, 15, 24, 14]]"
12n_0110_55,"[[23, 15, 24, 14], [16, 12, 17, 11], [1, 19, 2, 18], [3, 21, 4, 20], [15, 23, 16, 22], [5, 1, 6, 24], [21, 3, 22, 2], [19, 5, 20, 4], [6, 10, 7, 9], [8, 14, 9, 13], [10, 18, 11, 17], [12, 8, 13, 7]]"
12n_0110_56,"[[12, 8, 13, 7], [23, 15, 24, 14], [16, 12, 17, 11], [1, 19, 2, 18], [3, 21, 4, 20], [15, 23, 16, 22], [5, 1, 6, 24], [21, 3, 22, 2], [19, 5, 20, 4], [6, 10, 7, 9], [8, 14, 9, 13], [10, 18, 11, 17]]"
12n_0110_57,"[[10, 18, 11, 17], [12, 8, 13, 7], [23, 15, 24, 14], [16, 12, 17, 11], [1, 19, 2, 18], [3, 21, 4, 20], [15, 23, 16, 22], [5, 1, 6, 24], [21, 3, 22, 2], [19, 5, 20, 4], [6, 10, 7, 9], [8, 14, 9, 13]]"
12n_0110_58,"[[8, 14, 9, 13], [10, 18, 11, 17], [12, 8, 13, 7], [23, 15, 24, 14], [16, 12, 17, 11], [1, 19, 2, 18], [3, 21, 4, 20], [15, 23, 16, 22], [5, 1, 6, 24], [21, 3, 22, 2], [19, 5, 20, 4], [6, 10, 7, 9]]"
12n_0110_59,"[[6, 10, 7, 9], [8, 14, 9, 13], [10, 18, 11, 17], [12, 8, 13, 7], [23, 15, 24, 14], [16, 12, 17, 11], [1, 19, 2, 18], [3, 21, 4, 20], [15, 23, 16, 22], [5, 1, 6, 24], [21, 3, 22, 2], [19, 5, 20, 4]]"
12n_0110_60,"[[20, 6, 21, 5], [7, 11, 8, 10], [9, 15, 10, 14], [11, 19, 12, 18], [13, 9, 14, 8], [24, 16, 1, 15], [17, 13, 18, 12], [2, 20, 3, 19], [4, 22, 5, 21], [16, 24, 17, 23], [6, 2, 7, 1], [22, 4, 23, 3]]"
12n_0110_61,"[[22, 4, 23, 3], [20, 6, 21, 5], [7, 11, 8, 10], [9, 15, 10, 14], [11, 19, 12, 18], [13, 9, 14, 8], [24, 16, 1, 15], [17, 13, 18, 12], [2, 20, 3, 19], [4, 22, 5, 21], [16, 24, 17, 23], [6, 2, 7, 1]]"
12n_0110_62,"[[6, 2, 7, 1], [22, 4, 23, 3], [20, 6, 21, 5], [7, 11, 8, 10], [9, 15, 10, 14], [11, 19, 12, 18], [13, 9, 14, 8], [24, 16, 1, 15], [17, 13, 18, 12], [2, 20, 3, 19], [4, 22, 5, 21], [16, 24, 17, 23]]"
12n_0110_63,"[[16, 24, 17, 23], [6, 2, 7, 1], [22, 4, 23, 3], [20, 6, 21, 5], [7, 11, 8, 10], [9, 15, 10, 14], [11, 19, 12, 18], [13, 9, 14, 8], [24, 16, 1, 15], [17, 13, 18, 12], [2, 20, 3, 19], [4, 22, 5, 21]]"
12n_0110_64,"[[4, 22, 5, 21], [16, 24, 17, 23], [6, 2, 7, 1], [22, 4, 23, 3], [20, 6, 21, 5], [7, 11, 8, 10], [9, 15, 10, 14], [11, 19, 12, 18], [13, 9, 14, 8], [24, 16, 1, 15], [17, 13, 18, 12], [2, 20, 3, 19]]"
12n_0110_65,"[[2, 20, 3, 19], [4, 22, 5, 21], [16, 24, 17, 23], [6, 2, 7, 1], [22, 4, 23, 3], [20, 6, 21, 5], [7, 11, 8, 10], [9, 15, 10, 14], [11, 19, 12, 18], [13, 9, 14, 8], [24, 16, 1, 15], [17, 13, 18, 12]]"
12n_0110_66,"[[17, 13, 18, 12], [2, 20, 3, 19], [4, 22, 5, 21], [16, 24, 17, 23], [6, 2, 7, 1], [22, 4, 23, 3], [20, 6, 21, 5], [7, 11, 8, 10], [9, 15, 10, 14], [11, 19, 12, 18], [13, 9, 14, 8], [24, 16, 1, 15]]"
12n_0110_67,"[[24, 16, 1, 15], [17, 13, 18, 12], [2, 20, 3, 19], [4, 22, 5, 21], [16, 24, 17, 23], [6, 2, 7, 1], [22, 4, 23, 3], [20, 6, 21, 5], [7, 11, 8, 10], [9, 15, 10, 14], [11, 19, 12, 18], [13, 9, 14, 8]]"
12n_0110_68,"[[13, 9, 14, 8], [24, 16, 1, 15], [17, 13, 18, 12], [2, 20, 3, 19], [4, 22, 5, 21], [16, 24, 17, 23], [6, 2, 7, 1], [22, 4, 23, 3], [20, 6, 21, 5], [7, 11, 8, 10], [9, 15, 10, 14], [11, 19, 12, 18]]"
12n_0110_69,"[[11, 19, 12, 18], [13, 9, 14, 8], [24, 16, 1, 15], [17, 13, 18, 12], [2, 20, 3, 19], [4, 22, 5, 21], [16, 24, 17, 23], [6, 2, 7, 1], [22, 4, 23, 3], [20, 6, 21, 5], [7, 11, 8, 10], [9, 15, 10, 14]]"
12n_0110_70,"[[9, 15, 10, 14], [11, 19, 12, 18], [13, 9, 14, 8], [24, 16, 1, 15], [17, 13, 18, 12], [2, 20, 3, 19], [4, 22, 5, 21], [16, 24, 17, 23], [6, 2, 7, 1], [22, 4, 23, 3], [20, 6, 21, 5], [7, 11, 8, 10]]"
12n_0110_71,"[[7, 11, 8, 10], [9, 15, 10, 14], [11, 19, 12, 18], [13, 9, 14, 8], [24, 16, 1, 15], [17, 13, 18, 12], [2, 20, 3, 19], [4, 22, 5, 21], [16, 24, 17, 23], [6, 2, 7, 1], [22, 4, 23, 3], [20, 6, 21, 5]]"
12n_0110_72,"[[21, 7, 22, 6], [8, 12, 9, 11], [10, 16, 11, 15], [12, 20, 13, 19], [14, 10, 15, 9], [1, 17, 2, 16], [18, 14, 19, 13], [3, 21, 4, 20], [5, 23, 6, 22], [17, 1, 18, 24], [7, 3, 8, 2], [23, 5, 24, 4]]"
12n_0110_73,"[[23, 5, 24, 4], [21, 7, 22, 6], [8, 12, 9, 11], [10, 16, 11, 15], [12, 20, 13, 19], [14, 10, 15, 9], [1, 17, 2, 16], [18, 14, 19, 13], [3, 21, 4, 20], [5, 23, 6, 22], [17, 1, 18, 24], [7, 3, 8, 2]]"
12n_0110_74,"[[7, 3, 8, 2], [23, 5, 24, 4], [21, 7, 22, 6], [8, 12, 9, 11], [10, 16, 11, 15], [12, 20, 13, 19], [14, 10, 15, 9], [1, 17, 2, 16], [18, 14, 19, 13], [3, 21, 4, 20], [5, 23, 6, 22], [17, 1, 18, 24]]"
12n_0110_75,"[[17, 1, 18, 24], [7, 3, 8, 2], [23, 5, 24, 4], [21, 7, 22, 6], [8, 12, 9, 11], [10, 16, 11, 15], [12, 20, 13, 19], [14, 10, 15, 9], [1, 17, 2, 16], [18, 14, 19, 13], [3, 21, 4, 20], [5, 23, 6, 22]]"
12n_0110_76,"[[5, 23, 6, 22], [17, 1, 18, 24], [7, 3, 8, 2], [23, 5, 24, 4], [21, 7, 22, 6], [8, 12, 9, 11], [10, 16, 11, 15], [12, 20, 13, 19], [14, 10, 15, 9], [1, 17, 2, 16], [18, 14, 19, 13], [3, 21, 4, 20]]"
12n_0110_77,"[[3, 21, 4, 20], [5, 23, 6, 22], [17, 1, 18, 24], [7, 3, 8, 2], [23, 5, 24, 4], [21, 7, 22, 6], [8, 12, 9, 11], [10, 16, 11, 15], [12, 20, 13, 19], [14, 10, 15, 9], [1, 17, 2, 16], [18, 14, 19, 13]]"
12n_0110_78,"[[18, 14, 19, 13], [3, 21, 4, 20], [5, 23, 6, 22], [17, 1, 18, 24], [7, 3, 8, 2], [23, 5, 24, 4], [21, 7, 22, 6], [8, 12, 9, 11], [10, 16, 11, 15], [12, 20, 13, 19], [14, 10, 15, 9], [1, 17, 2, 16]]"
12n_0110_79,"[[1, 17, 2, 16], [18, 14, 19, 13], [3, 21, 4, 20], [5, 23, 6, 22], [17, 1, 18, 24], [7, 3, 8, 2], [23, 5, 24, 4], [21, 7, 22, 6], [8, 12, 9, 11], [10, 16, 11, 15], [12, 20, 13, 19], [14, 10, 15, 9]]"
12n_0110_80,"[[14, 10, 15, 9], [1, 17, 2, 16], [18, 14, 19, 13], [3, 21, 4, 20], [5, 23, 6, 22], [17, 1, 18, 24], [7, 3, 8, 2], [23, 5, 24, 4], [21, 7, 22, 6], [8, 12, 9, 11], [10, 16, 11, 15], [12, 20, 13, 19]]"
12n_0110_81,"[[12, 20, 13, 19], [14, 10, 15, 9], [1, 17, 2, 16], [18, 14, 19, 13], [3, 21, 4, 20], [5, 23, 6, 22], [17, 1, 18, 24], [7, 3, 8, 2], [23, 5, 24, 4], [21, 7, 22, 6], [8, 12, 9, 11], [10, 16, 11, 15]]"
12n_0110_82,"[[10, 16, 11, 15], [12, 20, 13, 19], [14, 10, 15, 9], [1, 17, 2, 16], [18, 14, 19, 13], [3, 21, 4, 20], [5, 23, 6, 22], [17, 1, 18, 24], [7, 3, 8, 2], [23, 5, 24, 4], [21, 7, 22, 6], [8, 12, 9, 11]]"
12n_0110_83,"[[8, 12, 9, 11], [10, 16, 11, 15], [12, 20, 13, 19], [14, 10, 15, 9], [1, 17, 2, 16], [18, 14, 19, 13], [3, 21, 4, 20], [5, 23, 6, 22], [17, 1, 18, 24], [7, 3, 8, 2], [23, 5, 24, 4], [21, 7, 22, 6]]"
12n_0110_84,"[[22, 8, 23, 7], [9, 13, 10, 12], [11, 17, 12, 16], [13, 21, 14, 20], [15, 11, 16, 10], [2, 18, 3, 17], [19, 15, 20, 14], [4, 22, 5, 21], [6, 24, 7, 23], [18, 2, 19, 1], [8, 4, 9, 3], [24, 6, 1, 5]]"
12n_0110_85,"[[24, 6, 1, 5], [22, 8, 23, 7], [9, 13, 10, 12], [11, 17, 12, 16], [13, 21, 14, 20], [15, 11, 16, 10], [2, 18, 3, 17], [19, 15, 20, 14], [4, 22, 5, 21], [6, 24, 7, 23], [18, 2, 19, 1], [8, 4, 9, 3]]"
12n_0110_86,"[[8, 4, 9, 3], [24, 6, 1, 5], [22, 8, 23, 7], [9, 13, 10, 12], [11, 17, 12, 16], [13, 21, 14, 20], [15, 11, 16, 10], [2, 18, 3, 17], [19, 15, 20, 14], [4, 22, 5, 21], [6, 24, 7, 23], [18, 2, 19, 1]]"
12n_0110_87,"[[18, 2, 19, 1], [8, 4, 9, 3], [24, 6, 1, 5], [22, 8, 23, 7], [9, 13, 10, 12], [11, 17, 12, 16], [13, 21, 14, 20], [15, 11, 16, 10], [2, 18, 3, 17], [19, 15, 20, 14], [4, 22, 5, 21], [6, 24, 7, 23]]"
12n_0110_88,"[[6, 24, 7, 23], [18, 2, 19, 1], [8, 4, 9, 3], [24, 6, 1, 5], [22, 8, 23, 7], [9, 13, 10, 12], [11, 17, 12, 16], [13, 21, 14, 20], [15, 11, 16, 10], [2, 18, 3, 17], [19, 15, 20, 14], [4, 22, 5, 21]]"
12n_0110_89,"[[4, 22, 5, 21], [6, 24, 7, 23], [18, 2, 19, 1], [8, 4, 9, 3], [24, 6, 1, 5], [22, 8, 23, 7], [9, 13, 10, 12], [11, 17, 12, 16], [13, 21, 14, 20], [15, 11, 16, 10], [2, 18, 3, 17], [19, 15, 20, 14]]"
12n_0110_90,"[[19, 15, 20, 14], [4, 22, 5, 21], [6, 24, 7, 23], [18, 2, 19, 1], [8, 4, 9, 3], [24, 6, 1, 5], [22, 8, 23, 7], [9, 13, 10, 12], [11, 17, 12, 16], [13, 21, 14, 20], [15, 11, 16, 10], [2, 18, 3, 17]]"
12n_0110_91,"[[2, 18, 3, 17], [19, 15, 20, 14], [4, 22, 5, 21], [6, 24, 7, 23], [18, 2, 19, 1], [8, 4, 9, 3], [24, 6, 1, 5], [22, 8, 23, 7], [9, 13, 10, 12], [11, 17, 12, 16], [13, 21, 14, 20], [15, 11, 16, 10]]"
12n_0110_92,"[[15, 11, 16, 10], [2, 18, 3, 17], [19, 15, 20, 14], [4, 22, 5, 21], [6, 24, 7, 23], [18, 2, 19, 1], [8, 4, 9, 3], [24, 6, 1, 5], [22, 8, 23, 7], [9, 13, 10, 12], [11, 17, 12, 16], [13, 21, 14, 20]]"
12n_0110_93,"[[13, 21, 14, 20], [15, 11, 16, 10], [2, 18, 3, 17], [19, 15, 20, 14], [4, 22, 5, 21], [6, 24, 7, 23], [18, 2, 19, 1], [8, 4, 9, 3], [24, 6, 1, 5], [22, 8, 23, 7], [9, 13, 10, 12], [11, 17, 12, 16]]"
12n_0110_94,"[[11, 17, 12, 16], [13, 21, 14, 20], [15, 11, 16, 10], [2, 18, 3, 17], [19, 15, 20, 14], [4, 22, 5, 21], [6, 24, 7, 23], [18, 2, 19, 1], [8, 4, 9, 3], [24, 6, 1, 5], [22, 8, 23, 7], [9, 13, 10, 12]]"
12n_0110_95,"[[9, 13, 10, 12], [11, 17, 12, 16], [13, 21, 14, 20], [15, 11, 16, 10], [2, 18, 3, 17], [19, 15, 20, 14], [4, 22, 5, 21], [6, 24, 7, 23], [18, 2, 19, 1], [8, 4, 9, 3], [24, 6, 1, 5], [22, 8, 23, 7]]"
12n_0110_96,"[[23, 9, 24, 8], [10, 14, 11, 13], [12, 18, 13, 17], [14, 22, 15, 21], [16, 12, 17, 11], [3, 19, 4, 18], [20, 16, 21, 15], [5, 23, 6, 22], [7, 1, 8, 24], [19, 3, 20, 2], [9, 5, 10, 4], [1, 7, 2, 6]]"
12n_0110_97,"[[1, 7, 2, 6], [23, 9, 24, 8], [10, 14, 11, 13], [12, 18, 13, 17], [14, 22, 15, 21], [16, 12, 17, 11], [3, 19, 4, 18], [20, 16, 21, 15], [5, 23, 6, 22], [7, 1, 8, 24], [19, 3, 20, 2], [9, 5, 10, 4]]"
12n_0110_98,"[[9, 5, 10, 4], [1, 7, 2, 6], [23, 9, 24, 8], [10, 14, 11, 13], [12, 18, 13, 17], [14, 22, 15, 21], [16, 12, 17, 11], [3, 19, 4, 18], [20, 16, 21, 15], [5, 23, 6, 22], [7, 1, 8, 24], [19, 3, 20, 2]]"
12n_0110_99,"[[19, 3, 20, 2], [9, 5, 10, 4], [1, 7, 2, 6], [23, 9, 24, 8], [10, 14, 11, 13], [12, 18, 13, 17], [14, 22, 15, 21], [16, 12, 17, 11], [3, 19, 4, 18], [20, 16, 21, 15], [5, 23, 6, 22], [7, 1, 8, 24]]"
12n_0110_100,"[[7, 1, 8, 24], [19, 3, 20, 2], [9, 5, 10, 4], [1, 7, 2, 6], [23, 9, 24, 8], [10, 14, 11, 13], [12, 18, 13, 17], [14, 22, 15, 21], [16, 12, 17, 11], [3, 19, 4, 18], [20, 16, 21, 15], [5, 23, 6, 22]]"
12n_0110_101,"[[5, 23, 6, 22], [7, 1, 8, 24], [19, 3, 20, 2], [9, 5, 10, 4], [1, 7, 2, 6], [23, 9, 24, 8], [10, 14, 11, 13], [12, 18, 13, 17], [14, 22, 15, 21], [16, 12, 17, 11], [3, 19, 4, 18], [20, 16, 21, 15]]"
12n_0110_102,"[[20, 16, 21, 15], [5, 23, 6, 22], [7, 1, 8, 24], [19, 3, 20, 2], [9, 5, 10, 4], [1, 7, 2, 6], [23, 9, 24, 8], [10, 14, 11, 13], [12, 18, 13, 17], [14, 22, 15, 21], [16, 12, 17, 11], [3, 19, 4, 18]]"
12n_0110_103,"[[3, 19, 4, 18], [20, 16, 21, 15], [5, 23, 6, 22], [7, 1, 8, 24], [19, 3, 20, 2], [9, 5, 10, 4], [1, 7, 2, 6], [23, 9, 24, 8], [10, 14, 11, 13], [12, 18, 13, 17], [14, 22, 15, 21], [16, 12, 17, 11]]"
12n_0110_104,"[[16, 12, 17, 11], [3, 19, 4, 18], [20, 16, 21, 15], [5, 23, 6, 22], [7, 1, 8, 24], [19, 3, 20, 2], [9, 5, 10, 4], [1, 7, 2, 6], [23, 9, 24, 8], [10, 14, 11, 13], [12, 18, 13, 17], [14, 22, 15, 21]]"
12n_0110_105,"[[14, 22, 15, 21], [16, 12, 17, 11], [3, 19, 4, 18], [20, 16, 21, 15], [5, 23, 6, 22], [7, 1, 8, 24], [19, 3, 20, 2], [9, 5, 10, 4], [1, 7, 2, 6], [23, 9, 24, 8], [10, 14, 11, 13], [12, 18, 13, 17]]"
12n_0110_106,"[[12, 18, 13, 17], [14, 22, 15, 21], [16, 12, 17, 11], [3, 19, 4, 18], [20, 16, 21, 15], [5, 23, 6, 22], [7, 1, 8, 24], [19, 3, 20, 2], [9, 5, 10, 4], [1, 7, 2, 6], [23, 9, 24, 8], [10, 14, 11, 13]]"
12n_0110_107,"[[10, 14, 11, 13], [12, 18, 13, 17], [14, 22, 15, 21], [16, 12, 17, 11], [3, 19, 4, 18], [20, 16, 21, 15], [5, 23, 6, 22], [7, 1, 8, 24], [19, 3, 20, 2], [9, 5, 10, 4], [1, 7, 2, 6], [23, 9, 24, 8]]"
12n_0110_108,"[[24, 10, 1, 9], [11, 15, 12, 14], [13, 19, 14, 18], [15, 23, 16, 22], [17, 13, 18, 12], [4, 20, 5, 19], [21, 17, 22, 16], [6, 24, 7, 23], [8, 2, 9, 1], [20, 4, 21, 3], [10, 6, 11, 5], [2, 8, 3, 7]]"
12n_0110_109,"[[2, 8, 3, 7], [24, 10, 1, 9], [11, 15, 12, 14], [13, 19, 14, 18], [15, 23, 16, 22], [17, 13, 18, 12], [4, 20, 5, 19], [21, 17, 22, 16], [6, 24, 7, 23], [8, 2, 9, 1], [20, 4, 21, 3], [10, 6, 11, 5]]"
12n_0110_110,"[[10, 6, 11, 5], [2, 8, 3, 7], [24, 10, 1, 9], [11, 15, 12, 14], [13, 19, 14, 18], [15, 23, 16, 22], [17, 13, 18, 12], [4, 20, 5, 19], [21, 17, 22, 16], [6, 24, 7, 23], [8, 2, 9, 1], [20, 4, 21, 3]]"
12n_0110_111,"[[20, 4, 21, 3], [10, 6, 11, 5], [2, 8, 3, 7], [24, 10, 1, 9], [11, 15, 12, 14], [13, 19, 14, 18], [15, 23, 16, 22], [17, 13, 18, 12], [4, 20, 5, 19], [21, 17, 22, 16], [6, 24, 7, 23], [8, 2, 9, 1]]"
12n_0110_112,"[[8, 2, 9, 1], [20, 4, 21, 3], [10, 6, 11, 5], [2, 8, 3, 7], [24, 10, 1, 9], [11, 15, 12, 14], [13, 19, 14, 18], [15, 23, 16, 22], [17, 13, 18, 12], [4, 20, 5, 19], [21, 17, 22, 16], [6, 24, 7, 23]]"
12n_0110_113,"[[6, 24, 7, 23], [8, 2, 9, 1], [20, 4, 21, 3], [10, 6, 11, 5], [2, 8, 3, 7], [24, 10, 1, 9], [11, 15, 12, 14], [13, 19, 14, 18], [15, 23, 16, 22], [17, 13, 18, 12], [4, 20, 5, 19], [21, 17, 22, 16]]"
12n_0110_114,"[[21, 17, 22, 16], [6, 24, 7, 23], [8, 2, 9, 1], [20, 4, 21, 3], [10, 6, 11, 5], [2, 8, 3, 7], [24, 10, 1, 9], [11, 15, 12, 14], [13, 19, 14, 18], [15, 23, 16, 22], [17, 13, 18, 12], [4, 20, 5, 19]]"
12n_0110_115,"[[4, 20, 5, 19], [21, 17, 22, 16], [6, 24, 7, 23], [8, 2, 9, 1], [20, 4, 21, 3], [10, 6, 11, 5], [2, 8, 3, 7], [24, 10, 1, 9], [11, 15, 12, 14], [13, 19, 14, 18], [15, 23, 16, 22], [17, 13, 18, 12]]"
12n_0110_116,"[[17, 13, 18, 12], [4, 20, 5, 19], [21, 17, 22, 16], [6, 24, 7, 23], [8, 2, 9, 1], [20, 4, 21, 3], [10, 6, 11, 5], [2, 8, 3, 7], [24, 10, 1, 9], [11, 15, 12, 14], [13, 19, 14, 18], [15, 23, 16, 22]]"
12n_0110_117,"[[15, 23, 16, 22], [17, 13, 18, 12], [4, 20, 5, 19], [21, 17, 22, 16], [6, 24, 7, 23], [8, 2, 9, 1], [20, 4, 21, 3], [10, 6, 11, 5], [2, 8, 3, 7], [24, 10, 1, 9], [11, 15, 12, 14], [13, 19, 14, 18]]"
12n_0110_118,"[[13, 19, 14, 18], [15, 23, 16, 22], [17, 13, 18, 12], [4, 20, 5, 19], [21, 17, 22, 16], [6, 24, 7, 23], [8, 2, 9, 1], [20, 4, 21, 3], [10, 6, 11, 5], [2, 8, 3, 7], [24, 10, 1, 9], [11, 15, 12, 14]]"
12n_0110_119,"[[11, 15, 12, 14], [13, 19, 14, 18], [15, 23, 16, 22], [17, 13, 18, 12], [4, 20, 5, 19], [21, 17, 22, 16], [6, 24, 7, 23], [8, 2, 9, 1], [20, 4, 21, 3], [10, 6, 11, 5], [2, 8, 3, 7], [24, 10, 1, 9]]"
12n_0110_120,"[[1, 11, 2, 10], [12, 16, 13, 15], [14, 20, 15, 19], [16, 24, 17, 23], [18, 14, 19, 13], [5, 21, 6, 20], [22, 18, 23, 17], [7, 1, 8, 24], [9, 3, 10, 2], [21, 5, 22, 4], [11, 7, 12, 6], [3, 9, 4, 8]]"
12n_0110_121,"[[3, 9, 4, 8], [1, 11, 2, 10], [12, 16, 13, 15], [14, 20, 15, 19], [16, 24, 17, 23], [18, 14, 19, 13], [5, 21, 6, 20], [22, 18, 23, 17], [7, 1, 8, 24], [9, 3, 10, 2], [21, 5, 22, 4], [11, 7, 12, 6]]"
12n_0110_122,"[[11, 7, 12, 6], [3, 9, 4, 8], [1, 11, 2, 10], [12, 16, 13, 15], [14, 20, 15, 19], [16, 24, 17, 23], [18, 14, 19, 13], [5, 21, 6, 20], [22, 18, 23, 17], [7, 1, 8, 24], [9, 3, 10, 2], [21, 5, 22, 4]]"
12n_0110_123,"[[21, 5, 22, 4], [11, 7, 12, 6], [3, 9, 4, 8], [1, 11, 2, 10], [12, 16, 13, 15], [14, 20, 15, 19], [16, 24, 17, 23], [18, 14, 19, 13], [5, 21, 6, 20], [22, 18, 23, 17], [7, 1, 8, 24], [9, 3, 10, 2]]"
12n_0110_124,"[[9, 3, 10, 2], [21, 5, 22, 4], [11, 7, 12, 6], [3, 9, 4, 8], [1, 11, 2, 10], [12, 16, 13, 15], [14, 20, 15, 19], [16, 24, 17, 23], [18, 14, 19, 13], [5, 21, 6, 20], [22, 18, 23, 17], [7, 1, 8, 24]]"
12n_0110_125,"[[7, 1, 8, 24], [9, 3, 10, 2], [21, 5, 22, 4], [11, 7, 12, 6], [3, 9, 4, 8], [1, 11, 2, 10], [12, 16, 13, 15], [14, 20, 15, 19], [16, 24, 17, 23], [18, 14, 19, 13], [5, 21, 6, 20], [22, 18, 23, 17]]"
12n_0110_126,"[[22, 18, 23, 17], [7, 1, 8, 24], [9, 3, 10, 2], [21, 5, 22, 4], [11, 7, 12, 6], [3, 9, 4, 8], [1, 11, 2, 10], [12, 16, 13, 15], [14, 20, 15, 19], [16, 24, 17, 23], [18, 14, 19, 13], [5, 21, 6, 20]]"
12n_0110_127,"[[5, 21, 6, 20], [22, 18, 23, 17], [7, 1, 8, 24], [9, 3, 10, 2], [21, 5, 22, 4], [11, 7, 12, 6], [3, 9, 4, 8], [1, 11, 2, 10], [12, 16, 13, 15], [14, 20, 15, 19], [16, 24, 17, 23], [18, 14, 19, 13]]"
12n_0110_128,"[[18, 14, 19, 13], [5, 21, 6, 20], [22, 18, 23, 17], [7, 1, 8, 24], [9, 3, 10, 2], [21, 5, 22, 4], [11, 7, 12, 6], [3, 9, 4, 8], [1, 11, 2, 10], [12, 16, 13, 15], [14, 20, 15, 19], [16, 24, 17, 23]]"
12n_0110_129,"[[16, 24, 17, 23], [18, 14, 19, 13], [5, 21, 6, 20], [22, 18, 23, 17], [7, 1, 8, 24], [9, 3, 10, 2], [21, 5, 22, 4], [11, 7, 12, 6], [3, 9, 4, 8], [1, 11, 2, 10], [12, 16, 13, 15], [14, 20, 15, 19]]"
12n_0110_130,"[[14, 20, 15, 19], [16, 24, 17, 23], [18, 14, 19, 13], [5, 21, 6, 20], [22, 18, 23, 17], [7, 1, 8, 24], [9, 3, 10, 2], [21, 5, 22, 4], [11, 7, 12, 6], [3, 9, 4, 8], [1, 11, 2, 10], [12, 16, 13, 15]]"
12n_0110_131,"[[12, 16, 13, 15], [14, 20, 15, 19], [16, 24, 17, 23], [18, 14, 19, 13], [5, 21, 6, 20], [22, 18, 23, 17], [7, 1, 8, 24], [9, 3, 10, 2], [21, 5, 22, 4], [11, 7, 12, 6], [3, 9, 4, 8], [1, 11, 2, 10]]"
12n_0110_132,"[[2, 12, 3, 11], [13, 17, 14, 16], [15, 21, 16, 20], [17, 1, 18, 24], [19, 15, 20, 14], [6, 22, 7, 21], [23, 19, 24, 18], [8, 2, 9, 1], [10, 4, 11, 3], [22, 6, 23, 5], [12, 8, 13, 7], [4, 10, 5, 9]]"
12n_0110_133,"[[4, 10, 5, 9], [2, 12, 3, 11], [13, 17, 14, 16], [15, 21, 16, 20], [17, 1, 18, 24], [19, 15, 20, 14], [6, 22, 7, 21], [23, 19, 24, 18], [8, 2, 9, 1], [10, 4, 11, 3], [22, 6, 23, 5], [12, 8, 13, 7]]"
12n_0110_134,"[[12, 8, 13, 7], [4, 10, 5, 9], [2, 12, 3, 11], [13, 17, 14, 16], [15, 21, 16, 20], [17, 1, 18, 24], [19, 15, 20, 14], [6, 22, 7, 21], [23, 19, 24, 18], [8, 2, 9, 1], [10, 4, 11, 3], [22, 6, 23, 5]]"
12n_0110_135,"[[22, 6, 23, 5], [12, 8, 13, 7], [4, 10, 5, 9], [2, 12, 3, 11], [13, 17, 14, 16], [15, 21, 16, 20], [17, 1, 18, 24], [19, 15, 20, 14], [6, 22, 7, 21], [23, 19, 24, 18], [8, 2, 9, 1], [10, 4, 11, 3]]"
12n_0110_136,"[[10, 4, 11, 3], [22, 6, 23, 5], [12, 8, 13, 7], [4, 10, 5, 9], [2, 12, 3, 11], [13, 17, 14, 16], [15, 21, 16, 20], [17, 1, 18, 24], [19, 15, 20, 14], [6, 22, 7, 21], [23, 19, 24, 18], [8, 2, 9, 1]]"
12n_0110_137,"[[8, 2, 9, 1], [10, 4, 11, 3], [22, 6, 23, 5], [12, 8, 13, 7], [4, 10, 5, 9], [2, 12, 3, 11], [13, 17, 14, 16], [15, 21, 16, 20], [17, 1, 18, 24], [19, 15, 20, 14], [6, 22, 7, 21], [23, 19, 24, 18]]"
12n_0110_138,"[[23, 19, 24, 18], [8, 2, 9, 1], [10, 4, 11, 3], [22, 6, 23, 5], [12, 8, 13, 7], [4, 10, 5, 9], [2, 12, 3, 11], [13, 17, 14, 16], [15, 21, 16, 20], [17, 1, 18, 24], [19, 15, 20, 14], [6, 22, 7, 21]]"
12n_0110_139,"[[6, 22, 7, 21], [23, 19, 24, 18], [8, 2, 9, 1], [10, 4, 11, 3], [22, 6, 23, 5], [12, 8, 13, 7], [4, 10, 5, 9], [2, 12, 3, 11], [13, 17, 14, 16], [15, 21, 16, 20], [17, 1, 18, 24], [19, 15, 20, 14]]"
12n_0110_140,"[[19, 15, 20, 14], [6, 22, 7, 21], [23, 19, 24, 18], [8, 2, 9, 1], [10, 4, 11, 3], [22, 6, 23, 5], [12, 8, 13, 7], [4, 10, 5, 9], [2, 12, 3, 11], [13, 17, 14, 16], [15, 21, 16, 20], [17, 1, 18, 24]]"
12n_0110_141,"[[17, 1, 18, 24], [19, 15, 20, 14], [6, 22, 7, 21], [23, 19, 24, 18], [8, 2, 9, 1], [10, 4, 11, 3], [22, 6, 23, 5], [12, 8, 13, 7], [4, 10, 5, 9], [2, 12, 3, 11], [13, 17, 14, 16], [15, 21, 16, 20]]"
12n_0110_142,"[[15, 21, 16, 20], [17, 1, 18, 24], [19, 15, 20, 14], [6, 22, 7, 21], [23, 19, 24, 18], [8, 2, 9, 1], [10, 4, 11, 3], [22, 6, 23, 5], [12, 8, 13, 7], [4, 10, 5, 9], [2, 12, 3, 11], [13, 17, 14, 16]]"
12n_0110_143,"[[13, 17, 14, 16], [15, 21, 16, 20], [17, 1, 18, 24], [19, 15, 20, 14], [6, 22, 7, 21], [23, 19, 24, 18], [8, 2, 9, 1], [10, 4, 11, 3], [22, 6, 23, 5], [12, 8, 13, 7], [4, 10, 5, 9], [2, 12, 3, 11]]"
12n_0110_144,"[[3, 13, 4, 12], [14, 18, 15, 17], [16, 22, 17, 21], [18, 2, 19, 1], [20, 16, 21, 15], [7, 23, 8, 22], [24, 20, 1, 19], [9, 3, 10, 2], [11, 5, 12, 4], [23, 7, 24, 6], [13, 9, 14, 8], [5, 11, 6, 10]]"
12n_0110_145,"[[5, 11, 6, 10], [3, 13, 4, 12], [14, 18, 15, 17], [16, 22, 17, 21], [18, 2, 19, 1], [20, 16, 21, 15], [7, 23, 8, 22], [24, 20, 1, 19], [9, 3, 10, 2], [11, 5, 12, 4], [23, 7, 24, 6], [13, 9, 14, 8]]"
12n_0110_146,"[[13, 9, 14, 8], [5, 11, 6, 10], [3, 13, 4, 12], [14, 18, 15, 17], [16, 22, 17, 21], [18, 2, 19, 1], [20, 16, 21, 15], [7, 23, 8, 22], [24, 20, 1, 19], [9, 3, 10, 2], [11, 5, 12, 4], [23, 7, 24, 6]]"
12n_0110_147,"[[23, 7, 24, 6], [13, 9, 14, 8], [5, 11, 6, 10], [3, 13, 4, 12], [14, 18, 15, 17], [16, 22, 17, 21], [18, 2, 19, 1], [20, 16, 21, 15], [7, 23, 8, 22], [24, 20, 1, 19], [9, 3, 10, 2], [11, 5, 12, 4]]"
12n_0110_148,"[[11, 5, 12, 4], [23, 7, 24, 6], [13, 9, 14, 8], [5, 11, 6, 10], [3, 13, 4, 12], [14, 18, 15, 17], [16, 22, 17, 21], [18, 2, 19, 1], [20, 16, 21, 15], [7, 23, 8, 22], [24, 20, 1, 19], [9, 3, 10, 2]]"
12n_0110_149,"[[9, 3, 10, 2], [11, 5, 12, 4], [23, 7, 24, 6], [13, 9, 14, 8], [5, 11, 6, 10], [3, 13, 4, 12], [14, 18, 15, 17], [16, 22, 17, 21], [18, 2, 19, 1], [20, 16, 21, 15], [7, 23, 8, 22], [24, 20, 1, 19]]"
12n_0110_150,"[[24, 20, 1, 19], [9, 3, 10, 2], [11, 5, 12, 4], [23, 7, 24, 6], [13, 9, 14, 8], [5, 11, 6, 10], [3, 13, 4, 12], [14, 18, 15, 17], [16, 22, 17, 21], [18, 2, 19, 1], [20, 16, 21, 15], [7, 23, 8, 22]]"
12n_0110_151,"[[7, 23, 8, 22], [24, 20, 1, 19], [9, 3, 10, 2], [11, 5, 12, 4], [23, 7, 24, 6], [13, 9, 14, 8], [5, 11, 6, 10], [3, 13, 4, 12], [14, 18, 15, 17], [16, 22, 17, 21], [18, 2, 19, 1], [20, 16, 21, 15]]"
12n_0110_152,"[[20, 16, 21, 15], [7, 23, 8, 22], [24, 20, 1, 19], [9, 3, 10, 2], [11, 5, 12, 4], [23, 7, 24, 6], [13, 9, 14, 8], [5, 11, 6, 10], [3, 13, 4, 12], [14, 18, 15, 17], [16, 22, 17, 21], [18, 2, 19, 1]]"
12n_0110_153,"[[18, 2, 19, 1], [20, 16, 21, 15], [7, 23, 8, 22], [24, 20, 1, 19], [9, 3, 10, 2], [11, 5, 12, 4], [23, 7, 24, 6], [13, 9, 14, 8], [5, 11, 6, 10], [3, 13, 4, 12], [14, 18, 15, 17], [16, 22, 17, 21]]"
12n_0110_154,"[[16, 22, 17, 21], [18, 2, 19, 1], [20, 16, 21, 15], [7, 23, 8, 22], [24, 20, 1, 19], [9, 3, 10, 2], [11, 5, 12, 4], [23, 7, 24, 6], [13, 9, 14, 8], [5, 11, 6, 10], [3, 13, 4, 12], [14, 18, 15, 17]]"
12n_0110_155,"[[14, 18, 15, 17], [16, 22, 17, 21], [18, 2, 19, 1], [20, 16, 21, 15], [7, 23, 8, 22], [24, 20, 1, 19], [9, 3, 10, 2], [11, 5, 12, 4], [23, 7, 24, 6], [13, 9, 14, 8], [5, 11, 6, 10], [3, 13, 4, 12]]"
12n_0110_156,"[[4, 14, 5, 13], [15, 19, 16, 18], [17, 23, 18, 22], [19, 3, 20, 2], [21, 17, 22, 16], [8, 24, 9, 23], [1, 21, 2, 20], [10, 4, 11, 3], [12, 6, 13, 5], [24, 8, 1, 7], [14, 10, 15, 9], [6, 12, 7, 11]]"
12n_0110_157,"[[6, 12, 7, 11], [4, 14, 5, 13], [15, 19, 16, 18], [17, 23, 18, 22], [19, 3, 20, 2], [21, 17, 22, 16], [8, 24, 9, 23], [1, 21, 2, 20], [10, 4, 11, 3], [12, 6, 13, 5], [24, 8, 1, 7], [14, 10, 15, 9]]"
12n_0110_158,"[[14, 10, 15, 9], [6, 12, 7, 11], [4, 14, 5, 13], [15, 19, 16, 18], [17, 23, 18, 22], [19, 3, 20, 2], [21, 17, 22, 16], [8, 24, 9, 23], [1, 21, 2, 20], [10, 4, 11, 3], [12, 6, 13, 5], [24, 8, 1, 7]]"
12n_0110_159,"[[24, 8, 1, 7], [14, 10, 15, 9], [6, 12, 7, 11], [4, 14, 5, 13], [15, 19, 16, 18], [17, 23, 18, 22], [19, 3, 20, 2], [21, 17, 22, 16], [8, 24, 9, 23], [1, 21, 2, 20], [10, 4, 11, 3], [12, 6, 13, 5]]"
12n_0110_160,"[[12, 6, 13, 5], [24, 8, 1, 7], [14, 10, 15, 9], [6, 12, 7, 11], [4, 14, 5, 13], [15, 19, 16, 18], [17, 23, 18, 22], [19, 3, 20, 2], [21, 17, 22, 16], [8, 24, 9, 23], [1, 21, 2, 20], [10, 4, 11, 3]]"
12n_0110_161,"[[10, 4, 11, 3], [12, 6, 13, 5], [24, 8, 1, 7], [14, 10, 15, 9], [6, 12, 7, 11], [4, 14, 5, 13], [15, 19, 16, 18], [17, 23, 18, 22], [19, 3, 20, 2], [21, 17, 22, 16], [8, 24, 9, 23], [1, 21, 2, 20]]"
12n_0110_162,"[[1, 21, 2, 20], [10, 4, 11, 3], [12, 6, 13, 5], [24, 8, 1, 7], [14, 10, 15, 9], [6, 12, 7, 11], [4, 14, 5, 13], [15, 19, 16, 18], [17, 23, 18, 22], [19, 3, 20, 2], [21, 17, 22, 16], [8, 24, 9, 23]]"
12n_0110_163,"[[8, 24, 9, 23], [1, 21, 2, 20], [10, 4, 11, 3], [12, 6, 13, 5], [24, 8, 1, 7], [14, 10, 15, 9], [6, 12, 7, 11], [4, 14, 5, 13], [15, 19, 16, 18], [17, 23, 18, 22], [19, 3, 20, 2], [21, 17, 22, 16]]"
12n_0110_164,"[[21, 17, 22, 16], [8, 24, 9, 23], [1, 21, 2, 20], [10, 4, 11, 3], [12, 6, 13, 5], [24, 8, 1, 7], [14, 10, 15, 9], [6, 12, 7, 11], [4, 14, 5, 13], [15, 19, 16, 18], [17, 23, 18, 22], [19, 3, 20, 2]]"
12n_0110_165,"[[19, 3, 20, 2], [21, 17, 22, 16], [8, 24, 9, 23], [1, 21, 2, 20], [10, 4, 11, 3], [12, 6, 13, 5], [24, 8, 1, 7], [14, 10, 15, 9], [6, 12, 7, 11], [4, 14, 5, 13], [15, 19, 16, 18], [17, 23, 18, 22]]"
12n_0110_166,"[[17, 23, 18, 22], [19, 3, 20, 2], [21, 17, 22, 16], [8, 24, 9, 23], [1, 21, 2, 20], [10, 4, 11, 3], [12, 6, 13, 5], [24, 8, 1, 7], [14, 10, 15, 9], [6, 12, 7, 11], [4, 14, 5, 13], [15, 19, 16, 18]]"
12n_0110_167,"[[15, 19, 16, 18], [17, 23, 18, 22], [19, 3, 20, 2], [21, 17, 22, 16], [8, 24, 9, 23], [1, 21, 2, 20], [10, 4, 11, 3], [12, 6, 13, 5], [24, 8, 1, 7], [14, 10, 15, 9], [6, 12, 7, 11], [4, 14, 5, 13]]"
12n_0110_168,"[[5, 15, 6, 14], [16, 20, 17, 19], [18, 24, 19, 23], [20, 4, 21, 3], [22, 18, 23, 17], [9, 1, 10, 24], [2, 22, 3, 21], [11, 5, 12, 4], [13, 7, 14, 6], [1, 9, 2, 8], [15, 11, 16, 10], [7, 13, 8, 12]]"
12n_0110_169,"[[7, 13, 8, 12], [5, 15, 6, 14], [16, 20, 17, 19], [18, 24, 19, 23], [20, 4, 21, 3], [22, 18, 23, 17], [9, 1, 10, 24], [2, 22, 3, 21], [11, 5, 12, 4], [13, 7, 14, 6], [1, 9, 2, 8], [15, 11, 16, 10]]"
12n_0110_170,"[[15, 11, 16, 10], [7, 13, 8, 12], [5, 15, 6, 14], [16, 20, 17, 19], [18, 24, 19, 23], [20, 4, 21, 3], [22, 18, 23, 17], [9, 1, 10, 24], [2, 22, 3, 21], [11, 5, 12, 4], [13, 7, 14, 6], [1, 9, 2, 8]]"
12n_0110_171,"[[1, 9, 2, 8], [15, 11, 16, 10], [7, 13, 8, 12], [5, 15, 6, 14], [16, 20, 17, 19], [18, 24, 19, 23], [20, 4, 21, 3], [22, 18, 23, 17], [9, 1, 10, 24], [2, 22, 3, 21], [11, 5, 12, 4], [13, 7, 14, 6]]"
12n_0110_172,"[[13, 7, 14, 6], [1, 9, 2, 8], [15, 11, 16, 10], [7, 13, 8, 12], [5, 15, 6, 14], [16, 20, 17, 19], [18, 24, 19, 23], [20, 4, 21, 3], [22, 18, 23, 17], [9, 1, 10, 24], [2, 22, 3, 21], [11, 5, 12, 4]]"
12n_0110_173,"[[11, 5, 12, 4], [13, 7, 14, 6], [1, 9, 2, 8], [15, 11, 16, 10], [7, 13, 8, 12], [5, 15, 6, 14], [16, 20, 17, 19], [18, 24, 19, 23], [20, 4, 21, 3], [22, 18, 23, 17], [9, 1, 10, 24], [2, 22, 3, 21]]"
12n_0110_174,"[[2, 22, 3, 21], [11, 5, 12, 4], [13, 7, 14, 6], [1, 9, 2, 8], [15, 11, 16, 10], [7, 13, 8, 12], [5, 15, 6, 14], [16, 20, 17, 19], [18, 24, 19, 23], [20, 4, 21, 3], [22, 18, 23, 17], [9, 1, 10, 24]]"
12n_0110_175,"[[9, 1, 10, 24], [2, 22, 3, 21], [11, 5, 12, 4], [13, 7, 14, 6], [1, 9, 2, 8], [15, 11, 16, 10], [7, 13, 8, 12], [5, 15, 6, 14], [16, 20, 17, 19], [18, 24, 19, 23], [20, 4, 21, 3], [22, 18, 23, 17]]"
12n_0110_176,"[[22, 18, 23, 17], [9, 1, 10, 24], [2, 22, 3, 21], [11, 5, 12, 4], [13, 7, 14, 6], [1, 9, 2, 8], [15, 11, 16, 10], [7, 13, 8, 12], [5, 15, 6, 14], [16, 20, 17, 19], [18, 24, 19, 23], [20, 4, 21, 3]]"
12n_0110_177,"[[20, 4, 21, 3], [22, 18, 23, 17], [9, 1, 10, 24], [2, 22, 3, 21], [11, 5, 12, 4], [13, 7, 14, 6], [1, 9, 2, 8], [15, 11, 16, 10], [7, 13, 8, 12], [5, 15, 6, 14], [16, 20, 17, 19], [18, 24, 19, 23]]"
12n_0110_178,"[[18, 24, 19, 23], [20, 4, 21, 3], [22, 18, 23, 17], [9, 1, 10, 24], [2, 22, 3, 21], [11, 5, 12, 4], [13, 7, 14, 6], [1, 9, 2, 8], [15, 11, 16, 10], [7, 13, 8, 12], [5, 15, 6, 14], [16, 20, 17, 19]]"
12n_0110_179,"[[16, 20, 17, 19], [18, 24, 19, 23], [20, 4, 21, 3], [22, 18, 23, 17], [9, 1, 10, 24], [2, 22, 3, 21], [11, 5, 12, 4], [13, 7, 14, 6], [1, 9, 2, 8], [15, 11, 16, 10], [7, 13, 8, 12], [5, 15, 6, 14]]"
12n_0110_180,"[[6, 16, 7, 15], [17, 21, 18, 20], [19, 1, 20, 24], [21, 5, 22, 4], [23, 19, 24, 18], [10, 2, 11, 1], [3, 23, 4, 22], [12, 6, 13, 5], [14, 8, 15, 7], [2, 10, 3, 9], [16, 12, 17, 11], [8, 14, 9, 13]]"
12n_0110_181,"[[8, 14, 9, 13], [6, 16, 7, 15], [17, 21, 18, 20], [19, 1, 20, 24], [21, 5, 22, 4], [23, 19, 24, 18], [10, 2, 11, 1], [3, 23, 4, 22], [12, 6, 13, 5], [14, 8, 15, 7], [2, 10, 3, 9], [16, 12, 17, 11]]"
12n_0110_182,"[[16, 12, 17, 11], [8, 14, 9, 13], [6, 16, 7, 15], [17, 21, 18, 20], [19, 1, 20, 24], [21, 5, 22, 4], [23, 19, 24, 18], [10, 2, 11, 1], [3, 23, 4, 22], [12, 6, 13, 5], [14, 8, 15, 7], [2, 10, 3, 9]]"
12n_0110_183,"[[2, 10, 3, 9], [16, 12, 17, 11], [8, 14, 9, 13], [6, 16, 7, 15], [17, 21, 18, 20], [19, 1, 20, 24], [21, 5, 22, 4], [23, 19, 24, 18], [10, 2, 11, 1], [3, 23, 4, 22], [12, 6, 13, 5], [14, 8, 15, 7]]"
12n_0110_184,"[[14, 8, 15, 7], [2, 10, 3, 9], [16, 12, 17, 11], [8, 14, 9, 13], [6, 16, 7, 15], [17, 21, 18, 20], [19, 1, 20, 24], [21, 5, 22, 4], [23, 19, 24, 18], [10, 2, 11, 1], [3, 23, 4, 22], [12, 6, 13, 5]]"
12n_0110_185,"[[12, 6, 13, 5], [14, 8, 15, 7], [2, 10, 3, 9], [16, 12, 17, 11], [8, 14, 9, 13], [6, 16, 7, 15], [17, 21, 18, 20], [19, 1, 20, 24], [21, 5, 22, 4], [23, 19, 24, 18], [10, 2, 11, 1], [3, 23, 4, 22]]"
