name,pd_notation
12n_0139_0,"[[19, 24, 20, 1], [2, 6, 3, 5], [4, 10, 5, 9], [13, 7, 14, 6], [8, 4, 9, 3], [23, 11, 24, 10], [17, 13, 18, 12], [7, 15, 8, 14], [21, 16, 22, 17], [1, 18, 2, 19], [11, 21, 12, 20], [15, 22, 16, 23]]"
12n_0139_1,"[[15, 22, 16, 23], [19, 24, 20, 1], [2, 6, 3, 5], [4, 10, 5, 9], [13, 7, 14, 6], [8, 4, 9, 3], [23, 11, 24, 10], [17, 13, 18, 12], [7, 15, 8, 14], [21, 16, 22, 17], [1, 18, 2, 19], [11, 21, 12, 20]]"
12n_0139_2,"[[11, 21, 12, 20], [15, 22, 16, 23], [19, 24, 20, 1], [2, 6, 3, 5], [4, 10, 5, 9], [13, 7, 14, 6], [8, 4, 9, 3], [23, 11, 24, 10], [17, 13, 18, 12], [7, 15, 8, 14], [21, 16, 22, 17], [1, 18, 2, 19]]"
12n_0139_3,"[[1, 18, 2, 19], [11, 21, 12, 20], [15, 22, 16, 23], [19, 24, 20, 1], [2, 6, 3, 5], [4, 10, 5, 9], [13, 7, 14, 6], [8, 4, 9, 3], [23, 11, 24, 10], [17, 13, 18, 12], [7, 15, 8, 14], [21, 16, 22, 17]]"
12n_0139_4,"[[21, 16, 22, 17], [1, 18, 2, 19], [11, 21, 12, 20], [15, 22, 16, 23], [19, 24, 20, 1], [2, 6, 3, 5], [4, 10, 5, 9], [13, 7, 14, 6], [8, 4, 9, 3], [23, 11, 24, 10], [17, 13, 18, 12], [7, 15, 8, 14]]"
12n_0139_5,"[[7, 15, 8, 14], [21, 16, 22, 17], [1, 18, 2, 19], [11, 21, 12, 20], [15, 22, 16, 23], [19, 24, 20, 1], [2, 6, 3, 5], [4, 10, 5, 9], [13, 7, 14, 6], [8, 4, 9, 3], [23, 11, 24, 10], [17, 13, 18, 12]]"
12n_0139_6,"[[17, 13, 18, 12], [7, 15, 8, 14], [21, 16, 22, 17], [1, 18, 2, 19], [11, 21, 12, 20], [15, 22, 16, 23], [19, 24, 20, 1], [2, 6, 3, 5], [4, 10, 5, 9], [13, 7, 14, 6], [8, 4, 9, 3], [23, 11, 24, 10]]"
12n_0139_7,"[[23, 11, 24, 10], [17, 13, 18, 12], [7, 15, 8, 14], [21, 16, 22, 17], [1, 18, 2, 19], [11, 21, 12, 20], [15, 22, 16, 23], [19, 24, 20, 1], [2, 6, 3, 5], [4, 10, 5, 9], [13, 7, 14, 6], [8, 4, 9, 3]]"
12n_0139_8,"[[8, 4, 9, 3], [23, 11, 24, 10], [17, 13, 18, 12], [7, 15, 8, 14], [21, 16, 22, 17], [1, 18, 2, 19], [11, 21, 12, 20], [15, 22, 16, 23], [19, 24, 20, 1], [2, 6, 3, 5], [4, 10, 5, 9], [13, 7, 14, 6]]"
12n_0139_9,"[[13, 7, 14, 6], [8, 4, 9, 3], [23, 11, 24, 10], [17, 13, 18, 12], [7, 15, 8, 14], [21, 16, 22, 17], [1, 18, 2, 19], [11, 21, 12, 20], [15, 22, 16, 23], [19, 24, 20, 1], [2, 6, 3, 5], [4, 10, 5, 9]]"
12n_0139_10,"[[4, 10, 5, 9], [13, 7, 14, 6], [8, 4, 9, 3], [23, 11, 24, 10], [17, 13, 18, 12], [7, 15, 8, 14], [21, 16, 22, 17], [1, 18, 2, 19], [11, 21, 12, 20], [15, 22, 16, 23], [19, 24, 20, 1], [2, 6, 3, 5]]"
12n_0139_11,"[[2, 6, 3, 5], [4, 10, 5, 9], [13, 7, 14, 6], [8, 4, 9, 3], [23, 11, 24, 10], [17, 13, 18, 12], [7, 15, 8, 14], [21, 16, 22, 17], [1, 18, 2, 19], [11, 21, 12, 20], [15, 22, 16, 23], [19, 24, 20, 1]]"
12n_0139_12,"[[20, 1, 21, 2], [3, 7, 4, 6], [5, 11, 6, 10], [14, 8, 15, 7], [9, 5, 10, 4], [24, 12, 1, 11], [18, 14, 19, 13], [8, 16, 9, 15], [22, 17, 23, 18], [2, 19, 3, 20], [12, 22, 13, 21], [16, 23, 17, 24]]"
12n_0139_13,"[[16, 23, 17, 24], [20, 1, 21, 2], [3, 7, 4, 6], [5, 11, 6, 10], [14, 8, 15, 7], [9, 5, 10, 4], [24, 12, 1, 11], [18, 14, 19, 13], [8, 16, 9, 15], [22, 17, 23, 18], [2, 19, 3, 20], [12, 22, 13, 21]]"
12n_0139_14,"[[12, 22, 13, 21], [16, 23, 17, 24], [20, 1, 21, 2], [3, 7, 4, 6], [5, 11, 6, 10], [14, 8, 15, 7], [9, 5, 10, 4], [24, 12, 1, 11], [18, 14, 19, 13], [8, 16, 9, 15], [22, 17, 23, 18], [2, 19, 3, 20]]"
12n_0139_15,"[[2, 19, 3, 20], [12, 22, 13, 21], [16, 23, 17, 24], [20, 1, 21, 2], [3, 7, 4, 6], [5, 11, 6, 10], [14, 8, 15, 7], [9, 5, 10, 4], [24, 12, 1, 11], [18, 14, 19, 13], [8, 16, 9, 15], [22, 17, 23, 18]]"
12n_0139_16,"[[22, 17, 23, 18], [2, 19, 3, 20], [12, 22, 13, 21], [16, 23, 17, 24], [20, 1, 21, 2], [3, 7, 4, 6], [5, 11, 6, 10], [14, 8, 15, 7], [9, 5, 10, 4], [24, 12, 1, 11], [18, 14, 19, 13], [8, 16, 9, 15]]"
12n_0139_17,"[[8, 16, 9, 15], [22, 17, 23, 18], [2, 19, 3, 20], [12, 22, 13, 21], [16, 23, 17, 24], [20, 1, 21, 2], [3, 7, 4, 6], [5, 11, 6, 10], [14, 8, 15, 7], [9, 5, 10, 4], [24, 12, 1, 11], [18, 14, 19, 13]]"
12n_0139_18,"[[18, 14, 19, 13], [8, 16, 9, 15], [22, 17, 23, 18], [2, 19, 3, 20], [12, 22, 13, 21], [16, 23, 17, 24], [20, 1, 21, 2], [3, 7, 4, 6], [5, 11, 6, 10], [14, 8, 15, 7], [9, 5, 10, 4], [24, 12, 1, 11]]"
12n_0139_19,"[[24, 12, 1, 11], [18, 14, 19, 13], [8, 16, 9, 15], [22, 17, 23, 18], [2, 19, 3, 20], [12, 22, 13, 21], [16, 23, 17, 24], [20, 1, 21, 2], [3, 7, 4, 6], [5, 11, 6, 10], [14, 8, 15, 7], [9, 5, 10, 4]]"
12n_0139_20,"[[9, 5, 10, 4], [24, 12, 1, 11], [18, 14, 19, 13], [8, 16, 9, 15], [22, 17, 23, 18], [2, 19, 3, 20], [12, 22, 13, 21], [16, 23, 17, 24], [20, 1, 21, 2], [3, 7, 4, 6], [5, 11, 6, 10], [14, 8, 15, 7]]"
12n_0139_21,"[[14, 8, 15, 7], [9, 5, 10, 4], [24, 12, 1, 11], [18, 14, 19, 13], [8, 16, 9, 15], [22, 17, 23, 18], [2, 19, 3, 20], [12, 22, 13, 21], [16, 23, 17, 24], [20, 1, 21, 2], [3, 7, 4, 6], [5, 11, 6, 10]]"
12n_0139_22,"[[5, 11, 6, 10], [14, 8, 15, 7], [9, 5, 10, 4], [24, 12, 1, 11], [18, 14, 19, 13], [8, 16, 9, 15], [22, 17, 23, 18], [2, 19, 3, 20], [12, 22, 13, 21], [16, 23, 17, 24], [20, 1, 21, 2], [3, 7, 4, 6]]"
12n_0139_23,"[[3, 7, 4, 6], [5, 11, 6, 10], [14, 8, 15, 7], [9, 5, 10, 4], [24, 12, 1, 11], [18, 14, 19, 13], [8, 16, 9, 15], [22, 17, 23, 18], [2, 19, 3, 20], [12, 22, 13, 21], [16, 23, 17, 24], [20, 1, 21, 2]]"
12n_0139_24,"[[21, 2, 22, 3], [4, 8, 5, 7], [6, 12, 7, 11], [15, 9, 16, 8], [10, 6, 11, 5], [1, 13, 2, 12], [19, 15, 20, 14], [9, 17, 10, 16], [23, 18, 24, 19], [3, 20, 4, 21], [13, 23, 14, 22], [17, 24, 18, 1]]"
12n_0139_25,"[[17, 24, 18, 1], [21, 2, 22, 3], [4, 8, 5, 7], [6, 12, 7, 11], [15, 9, 16, 8], [10, 6, 11, 5], [1, 13, 2, 12], [19, 15, 20, 14], [9, 17, 10, 16], [23, 18, 24, 19], [3, 20, 4, 21], [13, 23, 14, 22]]"
12n_0139_26,"[[13, 23, 14, 22], [17, 24, 18, 1], [21, 2, 22, 3], [4, 8, 5, 7], [6, 12, 7, 11], [15, 9, 16, 8], [10, 6, 11, 5], [1, 13, 2, 12], [19, 15, 20, 14], [9, 17, 10, 16], [23, 18, 24, 19], [3, 20, 4, 21]]"
12n_0139_27,"[[3, 20, 4, 21], [13, 23, 14, 22], [17, 24, 18, 1], [21, 2, 22, 3], [4, 8, 5, 7], [6, 12, 7, 11], [15, 9, 16, 8], [10, 6, 11, 5], [1, 13, 2, 12], [19, 15, 20, 14], [9, 17, 10, 16], [23, 18, 24, 19]]"
12n_0139_28,"[[23, 18, 24, 19], [3, 20, 4, 21], [13, 23, 14, 22], [17, 24, 18, 1], [21, 2, 22, 3], [4, 8, 5, 7], [6, 12, 7, 11], [15, 9, 16, 8], [10, 6, 11, 5], [1, 13, 2, 12], [19, 15, 20, 14], [9, 17, 10, 16]]"
12n_0139_29,"[[9, 17, 10, 16], [23, 18, 24, 19], [3, 20, 4, 21], [13, 23, 14, 22], [17, 24, 18, 1], [21, 2, 22, 3], [4, 8, 5, 7], [6, 12, 7, 11], [15, 9, 16, 8], [10, 6, 11, 5], [1, 13, 2, 12], [19, 15, 20, 14]]"
12n_0139_30,"[[19, 15, 20, 14], [9, 17, 10, 16], [23, 18, 24, 19], [3, 20, 4, 21], [13, 23, 14, 22], [17, 24, 18, 1], [21, 2, 22, 3], [4, 8, 5, 7], [6, 12, 7, 11], [15, 9, 16, 8], [10, 6, 11, 5], [1, 13, 2, 12]]"
12n_0139_31,"[[1, 13, 2, 12], [19, 15, 20, 14], [9, 17, 10, 16], [23, 18, 24, 19], [3, 20, 4, 21], [13, 23, 14, 22], [17, 24, 18, 1], [21, 2, 22, 3], [4, 8, 5, 7], [6, 12, 7, 11], [15, 9, 16, 8], [10, 6, 11, 5]]"
12n_0139_32,"[[10, 6, 11, 5], [1, 13, 2, 12], [19, 15, 20, 14], [9, 17, 10, 16], [23, 18, 24, 19], [3, 20, 4, 21], [13, 23, 14, 22], [17, 24, 18, 1], [21, 2, 22, 3], [4, 8, 5, 7], [6, 12, 7, 11], [15, 9, 16, 8]]"
12n_0139_33,"[[15, 9, 16, 8], [10, 6, 11, 5], [1, 13, 2, 12], [19, 15, 20, 14], [9, 17, 10, 16], [23, 18, 24, 19], [3, 20, 4, 21], [13, 23, 14, 22], [17, 24, 18, 1], [21, 2, 22, 3], [4, 8, 5, 7], [6, 12, 7, 11]]"
12n_0139_34,"[[6, 12, 7, 11], [15, 9, 16, 8], [10, 6, 11, 5], [1, 13, 2, 12], [19, 15, 20, 14], [9, 17, 10, 16], [23, 18, 24, 19], [3, 20, 4, 21], [13, 23, 14, 22], [17, 24, 18, 1], [21, 2, 22, 3], [4, 8, 5, 7]]"
12n_0139_35,"[[4, 8, 5, 7], [6, 12, 7, 11], [15, 9, 16, 8], [10, 6, 11, 5], [1, 13, 2, 12], [19, 15, 20, 14], [9, 17, 10, 16], [23, 18, 24, 19], [3, 20, 4, 21], [13, 23, 14, 22], [17, 24, 18, 1], [21, 2, 22, 3]]"
12n_0139_36,"[[22, 3, 23, 4], [5, 9, 6, 8], [7, 13, 8, 12], [16, 10, 17, 9], [11, 7, 12, 6], [2, 14, 3, 13], [20, 16, 21, 15], [10, 18, 11, 17], [24, 19, 1, 20], [4, 21, 5, 22], [14, 24, 15, 23], [18, 1, 19, 2]]"
12n_0139_37,"[[18, 1, 19, 2], [22, 3, 23, 4], [5, 9, 6, 8], [7, 13, 8, 12], [16, 10, 17, 9], [11, 7, 12, 6], [2, 14, 3, 13], [20, 16, 21, 15], [10, 18, 11, 17], [24, 19, 1, 20], [4, 21, 5, 22], [14, 24, 15, 23]]"
12n_0139_38,"[[14, 24, 15, 23], [18, 1, 19, 2], [22, 3, 23, 4], [5, 9, 6, 8], [7, 13, 8, 12], [16, 10, 17, 9], [11, 7, 12, 6], [2, 14, 3, 13], [20, 16, 21, 15], [10, 18, 11, 17], [24, 19, 1, 20], [4, 21, 5, 22]]"
12n_0139_39,"[[4, 21, 5, 22], [14, 24, 15, 23], [18, 1, 19, 2], [22, 3, 23, 4], [5, 9, 6, 8], [7, 13, 8, 12], [16, 10, 17, 9], [11, 7, 12, 6], [2, 14, 3, 13], [20, 16, 21, 15], [10, 18, 11, 17], [24, 19, 1, 20]]"
12n_0139_40,"[[24, 19, 1, 20], [4, 21, 5, 22], [14, 24, 15, 23], [18, 1, 19, 2], [22, 3, 23, 4], [5, 9, 6, 8], [7, 13, 8, 12], [16, 10, 17, 9], [11, 7, 12, 6], [2, 14, 3, 13], [20, 16, 21, 15], [10, 18, 11, 17]]"
12n_0139_41,"[[10, 18, 11, 17], [24, 19, 1, 20], [4, 21, 5, 22], [14, 24, 15, 23], [18, 1, 19, 2], [22, 3, 23, 4], [5, 9, 6, 8], [7, 13, 8, 12], [16, 10, 17, 9], [11, 7, 12, 6], [2, 14, 3, 13], [20, 16, 21, 15]]"
12n_0139_42,"[[20, 16, 21, 15], [10, 18, 11, 17], [24, 19, 1, 20], [4, 21, 5, 22], [14, 24, 15, 23], [18, 1, 19, 2], [22, 3, 23, 4], [5, 9, 6, 8], [7, 13, 8, 12], [16, 10, 17, 9], [11, 7, 12, 6], [2, 14, 3, 13]]"
12n_0139_43,"[[2, 14, 3, 13], [20, 16, 21, 15], [10, 18, 11, 17], [24, 19, 1, 20], [4, 21, 5, 22], [14, 24, 15, 23], [18, 1, 19, 2], [22, 3, 23, 4], [5, 9, 6, 8], [7, 13, 8, 12], [16, 10, 17, 9], [11, 7, 12, 6]]"
12n_0139_44,"[[11, 7, 12, 6], [2, 14, 3, 13], [20, 16, 21, 15], [10, 18, 11, 17], [24, 19, 1, 20], [4, 21, 5, 22], [14, 24, 15, 23], [18, 1, 19, 2], [22, 3, 23, 4], [5, 9, 6, 8], [7, 13, 8, 12], [16, 10, 17, 9]]"
12n_0139_45,"[[16, 10, 17, 9], [11, 7, 12, 6], [2, 14, 3, 13], [20, 16, 21, 15], [10, 18, 11, 17], [24, 19, 1, 20], [4, 21, 5, 22], [14, 24, 15, 23], [18, 1, 19, 2], [22, 3, 23, 4], [5, 9, 6, 8], [7, 13, 8, 12]]"
12n_0139_46,"[[7, 13, 8, 12], [16, 10, 17, 9], [11, 7, 12, 6], [2, 14, 3, 13], [20, 16, 21, 15], [10, 18, 11, 17], [24, 19, 1, 20], [4, 21, 5, 22], [14, 24, 15, 23], [18, 1, 19, 2], [22, 3, 23, 4], [5, 9, 6, 8]]"
12n_0139_47,"[[5, 9, 6, 8], [7, 13, 8, 12], [16, 10, 17, 9], [11, 7, 12, 6], [2, 14, 3, 13], [20, 16, 21, 15], [10, 18, 11, 17], [24, 19, 1, 20], [4, 21, 5, 22], [14, 24, 15, 23], [18, 1, 19, 2], [22, 3, 23, 4]]"
12n_0139_48,"[[23, 4, 24, 5], [6, 10, 7, 9], [8, 14, 9, 13], [17, 11, 18, 10], [12, 8, 13, 7], [3, 15, 4, 14], [21, 17, 22, 16], [11, 19, 12, 18], [1, 20, 2, 21], [5, 22, 6, 23], [15, 1, 16, 24], [19, 2, 20, 3]]"
12n_0139_49,"[[19, 2, 20, 3], [23, 4, 24, 5], [6, 10, 7, 9], [8, 14, 9, 13], [17, 11, 18, 10], [12, 8, 13, 7], [3, 15, 4, 14], [21, 17, 22, 16], [11, 19, 12, 18], [1, 20, 2, 21], [5, 22, 6, 23], [15, 1, 16, 24]]"
12n_0139_50,"[[15, 1, 16, 24], [19, 2, 20, 3], [23, 4, 24, 5], [6, 10, 7, 9], [8, 14, 9, 13], [17, 11, 18, 10], [12, 8, 13, 7], [3, 15, 4, 14], [21, 17, 22, 16], [11, 19, 12, 18], [1, 20, 2, 21], [5, 22, 6, 23]]"
12n_0139_51,"[[5, 22, 6, 23], [15, 1, 16, 24], [19, 2, 20, 3], [23, 4, 24, 5], [6, 10, 7, 9], [8, 14, 9, 13], [17, 11, 18, 10], [12, 8, 13, 7], [3, 15, 4, 14], [21, 17, 22, 16], [11, 19, 12, 18], [1, 20, 2, 21]]"
12n_0139_52,"[[1, 20, 2, 21], [5, 22, 6, 23], [15, 1, 16, 24], [19, 2, 20, 3], [23, 4, 24, 5], [6, 10, 7, 9], [8, 14, 9, 13], [17, 11, 18, 10], [12, 8, 13, 7], [3, 15, 4, 14], [21, 17, 22, 16], [11, 19, 12, 18]]"
12n_0139_53,"[[11, 19, 12, 18], [1, 20, 2, 21], [5, 22, 6, 23], [15, 1, 16, 24], [19, 2, 20, 3], [23, 4, 24, 5], [6, 10, 7, 9], [8, 14, 9, 13], [17, 11, 18, 10], [12, 8, 13, 7], [3, 15, 4, 14], [21, 17, 22, 16]]"
12n_0139_54,"[[21, 17, 22, 16], [11, 19, 12, 18], [1, 20, 2, 21], [5, 22, 6, 23], [15, 1, 16, 24], [19, 2, 20, 3], [23, 4, 24, 5], [6, 10, 7, 9], [8, 14, 9, 13], [17, 11, 18, 10], [12, 8, 13, 7], [3, 15, 4, 14]]"
12n_0139_55,"[[3, 15, 4, 14], [21, 17, 22, 16], [11, 19, 12, 18], [1, 20, 2, 21], [5, 22, 6, 23], [15, 1, 16, 24], [19, 2, 20, 3], [23, 4, 24, 5], [6, 10, 7, 9], [8, 14, 9, 13], [17, 11, 18, 10], [12, 8, 13, 7]]"
12n_0139_56,"[[12, 8, 13, 7], [3, 15, 4, 14], [21, 17, 22, 16], [11, 19, 12, 18], [1, 20, 2, 21], [5, 22, 6, 23], [15, 1, 16, 24], [19, 2, 20, 3], [23, 4, 24, 5], [6, 10, 7, 9], [8, 14, 9, 13], [17, 11, 18, 10]]"
12n_0139_57,"[[17, 11, 18, 10], [12, 8, 13, 7], [3, 15, 4, 14], [21, 17, 22, 16], [11, 19, 12, 18], [1, 20, 2, 21], [5, 22, 6, 23], [15, 1, 16, 24], [19, 2, 20, 3], [23, 4, 24, 5], [6, 10, 7, 9], [8, 14, 9, 13]]"
12n_0139_58,"[[8, 14, 9, 13], [17, 11, 18, 10], [12, 8, 13, 7], [3, 15, 4, 14], [21, 17, 22, 16], [11, 19, 12, 18], [1, 20, 2, 21], [5, 22, 6, 23], [15, 1, 16, 24], [19, 2, 20, 3], [23, 4, 24, 5], [6, 10, 7, 9]]"
12n_0139_59,"[[6, 10, 7, 9], [8, 14, 9, 13], [17, 11, 18, 10], [12, 8, 13, 7], [3, 15, 4, 14], [21, 17, 22, 16], [11, 19, 12, 18], [1, 20, 2, 21], [5, 22, 6, 23], [15, 1, 16, 24], [19, 2, 20, 3], [23, 4, 24, 5]]"
12n_0139_60,"[[24, 5, 1, 6], [7, 11, 8, 10], [9, 15, 10, 14], [18, 12, 19, 11], [13, 9, 14, 8], [4, 16, 5, 15], [22, 18, 23, 17], [12, 20, 13, 19], [2, 21, 3, 22], [6, 23, 7, 24], [16, 2, 17, 1], [20, 3, 21, 4]]"
12n_0139_61,"[[20, 3, 21, 4], [24, 5, 1, 6], [7, 11, 8, 10], [9, 15, 10, 14], [18, 12, 19, 11], [13, 9, 14, 8], [4, 16, 5, 15], [22, 18, 23, 17], [12, 20, 13, 19], [2, 21, 3, 22], [6, 23, 7, 24], [16, 2, 17, 1]]"
12n_0139_62,"[[16, 2, 17, 1], [20, 3, 21, 4], [24, 5, 1, 6], [7, 11, 8, 10], [9, 15, 10, 14], [18, 12, 19, 11], [13, 9, 14, 8], [4, 16, 5, 15], [22, 18, 23, 17], [12, 20, 13, 19], [2, 21, 3, 22], [6, 23, 7, 24]]"
12n_0139_63,"[[6, 23, 7, 24], [16, 2, 17, 1], [20, 3, 21, 4], [24, 5, 1, 6], [7, 11, 8, 10], [9, 15, 10, 14], [18, 12, 19, 11], [13, 9, 14, 8], [4, 16, 5, 15], [22, 18, 23, 17], [12, 20, 13, 19], [2, 21, 3, 22]]"
12n_0139_64,"[[2, 21, 3, 22], [6, 23, 7, 24], [16, 2, 17, 1], [20, 3, 21, 4], [24, 5, 1, 6], [7, 11, 8, 10], [9, 15, 10, 14], [18, 12, 19, 11], [13, 9, 14, 8], [4, 16, 5, 15], [22, 18, 23, 17], [12, 20, 13, 19]]"
12n_0139_65,"[[12, 20, 13, 19], [2, 21, 3, 22], [6, 23, 7, 24], [16, 2, 17, 1], [20, 3, 21, 4], [24, 5, 1, 6], [7, 11, 8, 10], [9, 15, 10, 14], [18, 12, 19, 11], [13, 9, 14, 8], [4, 16, 5, 15], [22, 18, 23, 17]]"
12n_0139_66,"[[22, 18, 23, 17], [12, 20, 13, 19], [2, 21, 3, 22], [6, 23, 7, 24], [16, 2, 17, 1], [20, 3, 21, 4], [24, 5, 1, 6], [7, 11, 8, 10], [9, 15, 10, 14], [18, 12, 19, 11], [13, 9, 14, 8], [4, 16, 5, 15]]"
12n_0139_67,"[[4, 16, 5, 15], [22, 18, 23, 17], [12, 20, 13, 19], [2, 21, 3, 22], [6, 23, 7, 24], [16, 2, 17, 1], [20, 3, 21, 4], [24, 5, 1, 6], [7, 11, 8, 10], [9, 15, 10, 14], [18, 12, 19, 11], [13, 9, 14, 8]]"
12n_0139_68,"[[13, 9, 14, 8], [4, 16, 5, 15], [22, 18, 23, 17], [12, 20, 13, 19], [2, 21, 3, 22], [6, 23, 7, 24], [16, 2, 17, 1], [20, 3, 21, 4], [24, 5, 1, 6], [7, 11, 8, 10], [9, 15, 10, 14], [18, 12, 19, 11]]"
12n_0139_69,"[[18, 12, 19, 11], [13, 9, 14, 8], [4, 16, 5, 15], [22, 18, 23, 17], [12, 20, 13, 19], [2, 21, 3, 22], [6, 23, 7, 24], [16, 2, 17, 1], [20, 3, 21, 4], [24, 5, 1, 6], [7, 11, 8, 10], [9, 15, 10, 14]]"
12n_0139_70,"[[9, 15, 10, 14], [18, 12, 19, 11], [13, 9, 14, 8], [4, 16, 5, 15], [22, 18, 23, 17], [12, 20, 13, 19], [2, 21, 3, 22], [6, 23, 7, 24], [16, 2, 17, 1], [20, 3, 21, 4], [24, 5, 1, 6], [7, 11, 8, 10]]"
12n_0139_71,"[[7, 11, 8, 10], [9, 15, 10, 14], [18, 12, 19, 11], [13, 9, 14, 8], [4, 16, 5, 15], [22, 18, 23, 17], [12, 20, 13, 19], [2, 21, 3, 22], [6, 23, 7, 24], [16, 2, 17, 1], [20, 3, 21, 4], [24, 5, 1, 6]]"
12n_0139_72,"[[1, 6, 2, 7], [8, 12, 9, 11], [10, 16, 11, 15], [19, 13, 20, 12], [14, 10, 15, 9], [5, 17, 6, 16], [23, 19, 24, 18], [13, 21, 14, 20], [3, 22, 4, 23], [7, 24, 8, 1], [17, 3, 18, 2], [21, 4, 22, 5]]"
12n_0139_73,"[[21, 4, 22, 5], [1, 6, 2, 7], [8, 12, 9, 11], [10, 16, 11, 15], [19, 13, 20, 12], [14, 10, 15, 9], [5, 17, 6, 16], [23, 19, 24, 18], [13, 21, 14, 20], [3, 22, 4, 23], [7, 24, 8, 1], [17, 3, 18, 2]]"
12n_0139_74,"[[17, 3, 18, 2], [21, 4, 22, 5], [1, 6, 2, 7], [8, 12, 9, 11], [10, 16, 11, 15], [19, 13, 20, 12], [14, 10, 15, 9], [5, 17, 6, 16], [23, 19, 24, 18], [13, 21, 14, 20], [3, 22, 4, 23], [7, 24, 8, 1]]"
12n_0139_75,"[[7, 24, 8, 1], [17, 3, 18, 2], [21, 4, 22, 5], [1, 6, 2, 7], [8, 12, 9, 11], [10, 16, 11, 15], [19, 13, 20, 12], [14, 10, 15, 9], [5, 17, 6, 16], [23, 19, 24, 18], [13, 21, 14, 20], [3, 22, 4, 23]]"
12n_0139_76,"[[3, 22, 4, 23], [7, 24, 8, 1], [17, 3, 18, 2], [21, 4, 22, 5], [1, 6, 2, 7], [8, 12, 9, 11], [10, 16, 11, 15], [19, 13, 20, 12], [14, 10, 15, 9], [5, 17, 6, 16], [23, 19, 24, 18], [13, 21, 14, 20]]"
12n_0139_77,"[[13, 21, 14, 20], [3, 22, 4, 23], [7, 24, 8, 1], [17, 3, 18, 2], [21, 4, 22, 5], [1, 6, 2, 7], [8, 12, 9, 11], [10, 16, 11, 15], [19, 13, 20, 12], [14, 10, 15, 9], [5, 17, 6, 16], [23, 19, 24, 18]]"
12n_0139_78,"[[23, 19, 24, 18], [13, 21, 14, 20], [3, 22, 4, 23], [7, 24, 8, 1], [17, 3, 18, 2], [21, 4, 22, 5], [1, 6, 2, 7], [8, 12, 9, 11], [10, 16, 11, 15], [19, 13, 20, 12], [14, 10, 15, 9], [5, 17, 6, 16]]"
12n_0139_79,"[[5, 17, 6, 16], [23, 19, 24, 18], [13, 21, 14, 20], [3, 22, 4, 23], [7, 24, 8, 1], [17, 3, 18, 2], [21, 4, 22, 5], [1, 6, 2, 7], [8, 12, 9, 11], [10, 16, 11, 15], [19, 13, 20, 12], [14, 10, 15, 9]]"
12n_0139_80,"[[14, 10, 15, 9], [5, 17, 6, 16], [23, 19, 24, 18], [13, 21, 14, 20], [3, 22, 4, 23], [7, 24, 8, 1], [17, 3, 18, 2], [21, 4, 22, 5], [1, 6, 2, 7], [8, 12, 9, 11], [10, 16, 11, 15], [19, 13, 20, 12]]"
12n_0139_81,"[[19, 13, 20, 12], [14, 10, 15, 9], [5, 17, 6, 16], [23, 19, 24, 18], [13, 21, 14, 20], [3, 22, 4, 23], [7, 24, 8, 1], [17, 3, 18, 2], [21, 4, 22, 5], [1, 6, 2, 7], [8, 12, 9, 11], [10, 16, 11, 15]]"
12n_0139_82,"[[10, 16, 11, 15], [19, 13, 20, 12], [14, 10, 15, 9], [5, 17, 6, 16], [23, 19, 24, 18], [13, 21, 14, 20], [3, 22, 4, 23], [7, 24, 8, 1], [17, 3, 18, 2], [21, 4, 22, 5], [1, 6, 2, 7], [8, 12, 9, 11]]"
12n_0139_83,"[[8, 12, 9, 11], [10, 16, 11, 15], [19, 13, 20, 12], [14, 10, 15, 9], [5, 17, 6, 16], [23, 19, 24, 18], [13, 21, 14, 20], [3, 22, 4, 23], [7, 24, 8, 1], [17, 3, 18, 2], [21, 4, 22, 5], [1, 6, 2, 7]]"
12n_0139_84,"[[2, 7, 3, 8], [9, 13, 10, 12], [11, 17, 12, 16], [20, 14, 21, 13], [15, 11, 16, 10], [6, 18, 7, 17], [24, 20, 1, 19], [14, 22, 15, 21], [4, 23, 5, 24], [8, 1, 9, 2], [18, 4, 19, 3], [22, 5, 23, 6]]"
12n_0139_85,"[[22, 5, 23, 6], [2, 7, 3, 8], [9, 13, 10, 12], [11, 17, 12, 16], [20, 14, 21, 13], [15, 11, 16, 10], [6, 18, 7, 17], [24, 20, 1, 19], [14, 22, 15, 21], [4, 23, 5, 24], [8, 1, 9, 2], [18, 4, 19, 3]]"
12n_0139_86,"[[18, 4, 19, 3], [22, 5, 23, 6], [2, 7, 3, 8], [9, 13, 10, 12], [11, 17, 12, 16], [20, 14, 21, 13], [15, 11, 16, 10], [6, 18, 7, 17], [24, 20, 1, 19], [14, 22, 15, 21], [4, 23, 5, 24], [8, 1, 9, 2]]"
12n_0139_87,"[[8, 1, 9, 2], [18, 4, 19, 3], [22, 5, 23, 6], [2, 7, 3, 8], [9, 13, 10, 12], [11, 17, 12, 16], [20, 14, 21, 13], [15, 11, 16, 10], [6, 18, 7, 17], [24, 20, 1, 19], [14, 22, 15, 21], [4, 23, 5, 24]]"
12n_0139_88,"[[4, 23, 5, 24], [8, 1, 9, 2], [18, 4, 19, 3], [22, 5, 23, 6], [2, 7, 3, 8], [9, 13, 10, 12], [11, 17, 12, 16], [20, 14, 21, 13], [15, 11, 16, 10], [6, 18, 7, 17], [24, 20, 1, 19], [14, 22, 15, 21]]"
12n_0139_89,"[[14, 22, 15, 21], [4, 23, 5, 24], [8, 1, 9, 2], [18, 4, 19, 3], [22, 5, 23, 6], [2, 7, 3, 8], [9, 13, 10, 12], [11, 17, 12, 16], [20, 14, 21, 13], [15, 11, 16, 10], [6, 18, 7, 17], [24, 20, 1, 19]]"
12n_0139_90,"[[24, 20, 1, 19], [14, 22, 15, 21], [4, 23, 5, 24], [8, 1, 9, 2], [18, 4, 19, 3], [22, 5, 23, 6], [2, 7, 3, 8], [9, 13, 10, 12], [11, 17, 12, 16], [20, 14, 21, 13], [15, 11, 16, 10], [6, 18, 7, 17]]"
12n_0139_91,"[[6, 18, 7, 17], [24, 20, 1, 19], [14, 22, 15, 21], [4, 23, 5, 24], [8, 1, 9, 2], [18, 4, 19, 3], [22, 5, 23, 6], [2, 7, 3, 8], [9, 13, 10, 12], [11, 17, 12, 16], [20, 14, 21, 13], [15, 11, 16, 10]]"
12n_0139_92,"[[15, 11, 16, 10], [6, 18, 7, 17], [24, 20, 1, 19], [14, 22, 15, 21], [4, 23, 5, 24], [8, 1, 9, 2], [18, 4, 19, 3], [22, 5, 23, 6], [2, 7, 3, 8], [9, 13, 10, 12], [11, 17, 12, 16], [20, 14, 21, 13]]"
12n_0139_93,"[[20, 14, 21, 13], [15, 11, 16, 10], [6, 18, 7, 17], [24, 20, 1, 19], [14, 22, 15, 21], [4, 23, 5, 24], [8, 1, 9, 2], [18, 4, 19, 3], [22, 5, 23, 6], [2, 7, 3, 8], [9, 13, 10, 12], [11, 17, 12, 16]]"
12n_0139_94,"[[11, 17, 12, 16], [20, 14, 21, 13], [15, 11, 16, 10], [6, 18, 7, 17], [24, 20, 1, 19], [14, 22, 15, 21], [4, 23, 5, 24], [8, 1, 9, 2], [18, 4, 19, 3], [22, 5, 23, 6], [2, 7, 3, 8], [9, 13, 10, 12]]"
12n_0139_95,"[[9, 13, 10, 12], [11, 17, 12, 16], [20, 14, 21, 13], [15, 11, 16, 10], [6, 18, 7, 17], [24, 20, 1, 19], [14, 22, 15, 21], [4, 23, 5, 24], [8, 1, 9, 2], [18, 4, 19, 3], [22, 5, 23, 6], [2, 7, 3, 8]]"
12n_0139_96,"[[3, 8, 4, 9], [10, 14, 11, 13], [12, 18, 13, 17], [21, 15, 22, 14], [16, 12, 17, 11], [7, 19, 8, 18], [1, 21, 2, 20], [15, 23, 16, 22], [5, 24, 6, 1], [9, 2, 10, 3], [19, 5, 20, 4], [23, 6, 24, 7]]"
12n_0139_97,"[[23, 6, 24, 7], [3, 8, 4, 9], [10, 14, 11, 13], [12, 18, 13, 17], [21, 15, 22, 14], [16, 12, 17, 11], [7, 19, 8, 18], [1, 21, 2, 20], [15, 23, 16, 22], [5, 24, 6, 1], [9, 2, 10, 3], [19, 5, 20, 4]]"
12n_0139_98,"[[19, 5, 20, 4], [23, 6, 24, 7], [3, 8, 4, 9], [10, 14, 11, 13], [12, 18, 13, 17], [21, 15, 22, 14], [16, 12, 17, 11], [7, 19, 8, 18], [1, 21, 2, 20], [15, 23, 16, 22], [5, 24, 6, 1], [9, 2, 10, 3]]"
12n_0139_99,"[[9, 2, 10, 3], [19, 5, 20, 4], [23, 6, 24, 7], [3, 8, 4, 9], [10, 14, 11, 13], [12, 18, 13, 17], [21, 15, 22, 14], [16, 12, 17, 11], [7, 19, 8, 18], [1, 21, 2, 20], [15, 23, 16, 22], [5, 24, 6, 1]]"
12n_0139_100,"[[5, 24, 6, 1], [9, 2, 10, 3], [19, 5, 20, 4], [23, 6, 24, 7], [3, 8, 4, 9], [10, 14, 11, 13], [12, 18, 13, 17], [21, 15, 22, 14], [16, 12, 17, 11], [7, 19, 8, 18], [1, 21, 2, 20], [15, 23, 16, 22]]"
12n_0139_101,"[[15, 23, 16, 22], [5, 24, 6, 1], [9, 2, 10, 3], [19, 5, 20, 4], [23, 6, 24, 7], [3, 8, 4, 9], [10, 14, 11, 13], [12, 18, 13, 17], [21, 15, 22, 14], [16, 12, 17, 11], [7, 19, 8, 18], [1, 21, 2, 20]]"
12n_0139_102,"[[1, 21, 2, 20], [15, 23, 16, 22], [5, 24, 6, 1], [9, 2, 10, 3], [19, 5, 20, 4], [23, 6, 24, 7], [3, 8, 4, 9], [10, 14, 11, 13], [12, 18, 13, 17], [21, 15, 22, 14], [16, 12, 17, 11], [7, 19, 8, 18]]"
12n_0139_103,"[[7, 19, 8, 18], [1, 21, 2, 20], [15, 23, 16, 22], [5, 24, 6, 1], [9, 2, 10, 3], [19, 5, 20, 4], [23, 6, 24, 7], [3, 8, 4, 9], [10, 14, 11, 13], [12, 18, 13, 17], [21, 15, 22, 14], [16, 12, 17, 11]]"
12n_0139_104,"[[16, 12, 17, 11], [7, 19, 8, 18], [1, 21, 2, 20], [15, 23, 16, 22], [5, 24, 6, 1], [9, 2, 10, 3], [19, 5, 20, 4], [23, 6, 24, 7], [3, 8, 4, 9], [10, 14, 11, 13], [12, 18, 13, 17], [21, 15, 22, 14]]"
12n_0139_105,"[[21, 15, 22, 14], [16, 12, 17, 11], [7, 19, 8, 18], [1, 21, 2, 20], [15, 23, 16, 22], [5, 24, 6, 1], [9, 2, 10, 3], [19, 5, 20, 4], [23, 6, 24, 7], [3, 8, 4, 9], [10, 14, 11, 13], [12, 18, 13, 17]]"
12n_0139_106,"[[12, 18, 13, 17], [21, 15, 22, 14], [16, 12, 17, 11], [7, 19, 8, 18], [1, 21, 2, 20], [15, 23, 16, 22], [5, 24, 6, 1], [9, 2, 10, 3], [19, 5, 20, 4], [23, 6, 24, 7], [3, 8, 4, 9], [10, 14, 11, 13]]"
12n_0139_107,"[[10, 14, 11, 13], [12, 18, 13, 17], [21, 15, 22, 14], [16, 12, 17, 11], [7, 19, 8, 18], [1, 21, 2, 20], [15, 23, 16, 22], [5, 24, 6, 1], [9, 2, 10, 3], [19, 5, 20, 4], [23, 6, 24, 7], [3, 8, 4, 9]]"
12n_0139_108,"[[4, 9, 5, 10], [11, 15, 12, 14], [13, 19, 14, 18], [22, 16, 23, 15], [17, 13, 18, 12], [8, 20, 9, 19], [2, 22, 3, 21], [16, 24, 17, 23], [6, 1, 7, 2], [10, 3, 11, 4], [20, 6, 21, 5], [24, 7, 1, 8]]"
12n_0139_109,"[[24, 7, 1, 8], [4, 9, 5, 10], [11, 15, 12, 14], [13, 19, 14, 18], [22, 16, 23, 15], [17, 13, 18, 12], [8, 20, 9, 19], [2, 22, 3, 21], [16, 24, 17, 23], [6, 1, 7, 2], [10, 3, 11, 4], [20, 6, 21, 5]]"
12n_0139_110,"[[20, 6, 21, 5], [24, 7, 1, 8], [4, 9, 5, 10], [11, 15, 12, 14], [13, 19, 14, 18], [22, 16, 23, 15], [17, 13, 18, 12], [8, 20, 9, 19], [2, 22, 3, 21], [16, 24, 17, 23], [6, 1, 7, 2], [10, 3, 11, 4]]"
12n_0139_111,"[[10, 3, 11, 4], [20, 6, 21, 5], [24, 7, 1, 8], [4, 9, 5, 10], [11, 15, 12, 14], [13, 19, 14, 18], [22, 16, 23, 15], [17, 13, 18, 12], [8, 20, 9, 19], [2, 22, 3, 21], [16, 24, 17, 23], [6, 1, 7, 2]]"
12n_0139_112,"[[6, 1, 7, 2], [10, 3, 11, 4], [20, 6, 21, 5], [24, 7, 1, 8], [4, 9, 5, 10], [11, 15, 12, 14], [13, 19, 14, 18], [22, 16, 23, 15], [17, 13, 18, 12], [8, 20, 9, 19], [2, 22, 3, 21], [16, 24, 17, 23]]"
12n_0139_113,"[[16, 24, 17, 23], [6, 1, 7, 2], [10, 3, 11, 4], [20, 6, 21, 5], [24, 7, 1, 8], [4, 9, 5, 10], [11, 15, 12, 14], [13, 19, 14, 18], [22, 16, 23, 15], [17, 13, 18, 12], [8, 20, 9, 19], [2, 22, 3, 21]]"
12n_0139_114,"[[2, 22, 3, 21], [16, 24, 17, 23], [6, 1, 7, 2], [10, 3, 11, 4], [20, 6, 21, 5], [24, 7, 1, 8], [4, 9, 5, 10], [11, 15, 12, 14], [13, 19, 14, 18], [22, 16, 23, 15], [17, 13, 18, 12], [8, 20, 9, 19]]"
12n_0139_115,"[[8, 20, 9, 19], [2, 22, 3, 21], [16, 24, 17, 23], [6, 1, 7, 2], [10, 3, 11, 4], [20, 6, 21, 5], [24, 7, 1, 8], [4, 9, 5, 10], [11, 15, 12, 14], [13, 19, 14, 18], [22, 16, 23, 15], [17, 13, 18, 12]]"
12n_0139_116,"[[17, 13, 18, 12], [8, 20, 9, 19], [2, 22, 3, 21], [16, 24, 17, 23], [6, 1, 7, 2], [10, 3, 11, 4], [20, 6, 21, 5], [24, 7, 1, 8], [4, 9, 5, 10], [11, 15, 12, 14], [13, 19, 14, 18], [22, 16, 23, 15]]"
12n_0139_117,"[[22, 16, 23, 15], [17, 13, 18, 12], [8, 20, 9, 19], [2, 22, 3, 21], [16, 24, 17, 23], [6, 1, 7, 2], [10, 3, 11, 4], [20, 6, 21, 5], [24, 7, 1, 8], [4, 9, 5, 10], [11, 15, 12, 14], [13, 19, 14, 18]]"
12n_0139_118,"[[13, 19, 14, 18], [22, 16, 23, 15], [17, 13, 18, 12], [8, 20, 9, 19], [2, 22, 3, 21], [16, 24, 17, 23], [6, 1, 7, 2], [10, 3, 11, 4], [20, 6, 21, 5], [24, 7, 1, 8], [4, 9, 5, 10], [11, 15, 12, 14]]"
12n_0139_119,"[[11, 15, 12, 14], [13, 19, 14, 18], [22, 16, 23, 15], [17, 13, 18, 12], [8, 20, 9, 19], [2, 22, 3, 21], [16, 24, 17, 23], [6, 1, 7, 2], [10, 3, 11, 4], [20, 6, 21, 5], [24, 7, 1, 8], [4, 9, 5, 10]]"
12n_0139_120,"[[5, 10, 6, 11], [12, 16, 13, 15], [14, 20, 15, 19], [23, 17, 24, 16], [18, 14, 19, 13], [9, 21, 10, 20], [3, 23, 4, 22], [17, 1, 18, 24], [7, 2, 8, 3], [11, 4, 12, 5], [21, 7, 22, 6], [1, 8, 2, 9]]"
12n_0139_121,"[[1, 8, 2, 9], [5, 10, 6, 11], [12, 16, 13, 15], [14, 20, 15, 19], [23, 17, 24, 16], [18, 14, 19, 13], [9, 21, 10, 20], [3, 23, 4, 22], [17, 1, 18, 24], [7, 2, 8, 3], [11, 4, 12, 5], [21, 7, 22, 6]]"
12n_0139_122,"[[21, 7, 22, 6], [1, 8, 2, 9], [5, 10, 6, 11], [12, 16, 13, 15], [14, 20, 15, 19], [23, 17, 24, 16], [18, 14, 19, 13], [9, 21, 10, 20], [3, 23, 4, 22], [17, 1, 18, 24], [7, 2, 8, 3], [11, 4, 12, 5]]"
12n_0139_123,"[[11, 4, 12, 5], [21, 7, 22, 6], [1, 8, 2, 9], [5, 10, 6, 11], [12, 16, 13, 15], [14, 20, 15, 19], [23, 17, 24, 16], [18, 14, 19, 13], [9, 21, 10, 20], [3, 23, 4, 22], [17, 1, 18, 24], [7, 2, 8, 3]]"
12n_0139_124,"[[7, 2, 8, 3], [11, 4, 12, 5], [21, 7, 22, 6], [1, 8, 2, 9], [5, 10, 6, 11], [12, 16, 13, 15], [14, 20, 15, 19], [23, 17, 24, 16], [18, 14, 19, 13], [9, 21, 10, 20], [3, 23, 4, 22], [17, 1, 18, 24]]"
12n_0139_125,"[[17, 1, 18, 24], [7, 2, 8, 3], [11, 4, 12, 5], [21, 7, 22, 6], [1, 8, 2, 9], [5, 10, 6, 11], [12, 16, 13, 15], [14, 20, 15, 19], [23, 17, 24, 16], [18, 14, 19, 13], [9, 21, 10, 20], [3, 23, 4, 22]]"
12n_0139_126,"[[3, 23, 4, 22], [17, 1, 18, 24], [7, 2, 8, 3], [11, 4, 12, 5], [21, 7, 22, 6], [1, 8, 2, 9], [5, 10, 6, 11], [12, 16, 13, 15], [14, 20, 15, 19], [23, 17, 24, 16], [18, 14, 19, 13], [9, 21, 10, 20]]"
12n_0139_127,"[[9, 21, 10, 20], [3, 23, 4, 22], [17, 1, 18, 24], [7, 2, 8, 3], [11, 4, 12, 5], [21, 7, 22, 6], [1, 8, 2, 9], [5, 10, 6, 11], [12, 16, 13, 15], [14, 20, 15, 19], [23, 17, 24, 16], [18, 14, 19, 13]]"
12n_0139_128,"[[18, 14, 19, 13], [9, 21, 10, 20], [3, 23, 4, 22], [17, 1, 18, 24], [7, 2, 8, 3], [11, 4, 12, 5], [21, 7, 22, 6], [1, 8, 2, 9], [5, 10, 6, 11], [12, 16, 13, 15], [14, 20, 15, 19], [23, 17, 24, 16]]"
12n_0139_129,"[[23, 17, 24, 16], [18, 14, 19, 13], [9, 21, 10, 20], [3, 23, 4, 22], [17, 1, 18, 24], [7, 2, 8, 3], [11, 4, 12, 5], [21, 7, 22, 6], [1, 8, 2, 9], [5, 10, 6, 11], [12, 16, 13, 15], [14, 20, 15, 19]]"
12n_0139_130,"[[14, 20, 15, 19], [23, 17, 24, 16], [18, 14, 19, 13], [9, 21, 10, 20], [3, 23, 4, 22], [17, 1, 18, 24], [7, 2, 8, 3], [11, 4, 12, 5], [21, 7, 22, 6], [1, 8, 2, 9], [5, 10, 6, 11], [12, 16, 13, 15]]"
12n_0139_131,"[[12, 16, 13, 15], [14, 20, 15, 19], [23, 17, 24, 16], [18, 14, 19, 13], [9, 21, 10, 20], [3, 23, 4, 22], [17, 1, 18, 24], [7, 2, 8, 3], [11, 4, 12, 5], [21, 7, 22, 6], [1, 8, 2, 9], [5, 10, 6, 11]]"
12n_0139_132,"[[6, 11, 7, 12], [13, 17, 14, 16], [15, 21, 16, 20], [24, 18, 1, 17], [19, 15, 20, 14], [10, 22, 11, 21], [4, 24, 5, 23], [18, 2, 19, 1], [8, 3, 9, 4], [12, 5, 13, 6], [22, 8, 23, 7], [2, 9, 3, 10]]"
12n_0139_133,"[[2, 9, 3, 10], [6, 11, 7, 12], [13, 17, 14, 16], [15, 21, 16, 20], [24, 18, 1, 17], [19, 15, 20, 14], [10, 22, 11, 21], [4, 24, 5, 23], [18, 2, 19, 1], [8, 3, 9, 4], [12, 5, 13, 6], [22, 8, 23, 7]]"
12n_0139_134,"[[22, 8, 23, 7], [2, 9, 3, 10], [6, 11, 7, 12], [13, 17, 14, 16], [15, 21, 16, 20], [24, 18, 1, 17], [19, 15, 20, 14], [10, 22, 11, 21], [4, 24, 5, 23], [18, 2, 19, 1], [8, 3, 9, 4], [12, 5, 13, 6]]"
12n_0139_135,"[[12, 5, 13, 6], [22, 8, 23, 7], [2, 9, 3, 10], [6, 11, 7, 12], [13, 17, 14, 16], [15, 21, 16, 20], [24, 18, 1, 17], [19, 15, 20, 14], [10, 22, 11, 21], [4, 24, 5, 23], [18, 2, 19, 1], [8, 3, 9, 4]]"
12n_0139_136,"[[8, 3, 9, 4], [12, 5, 13, 6], [22, 8, 23, 7], [2, 9, 3, 10], [6, 11, 7, 12], [13, 17, 14, 16], [15, 21, 16, 20], [24, 18, 1, 17], [19, 15, 20, 14], [10, 22, 11, 21], [4, 24, 5, 23], [18, 2, 19, 1]]"
12n_0139_137,"[[18, 2, 19, 1], [8, 3, 9, 4], [12, 5, 13, 6], [22, 8, 23, 7], [2, 9, 3, 10], [6, 11, 7, 12], [13, 17, 14, 16], [15, 21, 16, 20], [24, 18, 1, 17], [19, 15, 20, 14], [10, 22, 11, 21], [4, 24, 5, 23]]"
12n_0139_138,"[[4, 24, 5, 23], [18, 2, 19, 1], [8, 3, 9, 4], [12, 5, 13, 6], [22, 8, 23, 7], [2, 9, 3, 10], [6, 11, 7, 12], [13, 17, 14, 16], [15, 21, 16, 20], [24, 18, 1, 17], [19, 15, 20, 14], [10, 22, 11, 21]]"
12n_0139_139,"[[10, 22, 11, 21], [4, 24, 5, 23], [18, 2, 19, 1], [8, 3, 9, 4], [12, 5, 13, 6], [22, 8, 23, 7], [2, 9, 3, 10], [6, 11, 7, 12], [13, 17, 14, 16], [15, 21, 16, 20], [24, 18, 1, 17], [19, 15, 20, 14]]"
12n_0139_140,"[[19, 15, 20, 14], [10, 22, 11, 21], [4, 24, 5, 23], [18, 2, 19, 1], [8, 3, 9, 4], [12, 5, 13, 6], [22, 8, 23, 7], [2, 9, 3, 10], [6, 11, 7, 12], [13, 17, 14, 16], [15, 21, 16, 20], [24, 18, 1, 17]]"
12n_0139_141,"[[24, 18, 1, 17], [19, 15, 20, 14], [10, 22, 11, 21], [4, 24, 5, 23], [18, 2, 19, 1], [8, 3, 9, 4], [12, 5, 13, 6], [22, 8, 23, 7], [2, 9, 3, 10], [6, 11, 7, 12], [13, 17, 14, 16], [15, 21, 16, 20]]"
12n_0139_142,"[[15, 21, 16, 20], [24, 18, 1, 17], [19, 15, 20, 14], [10, 22, 11, 21], [4, 24, 5, 23], [18, 2, 19, 1], [8, 3, 9, 4], [12, 5, 13, 6], [22, 8, 23, 7], [2, 9, 3, 10], [6, 11, 7, 12], [13, 17, 14, 16]]"
12n_0139_143,"[[13, 17, 14, 16], [15, 21, 16, 20], [24, 18, 1, 17], [19, 15, 20, 14], [10, 22, 11, 21], [4, 24, 5, 23], [18, 2, 19, 1], [8, 3, 9, 4], [12, 5, 13, 6], [22, 8, 23, 7], [2, 9, 3, 10], [6, 11, 7, 12]]"
12n_0139_144,"[[7, 12, 8, 13], [14, 18, 15, 17], [16, 22, 17, 21], [1, 19, 2, 18], [20, 16, 21, 15], [11, 23, 12, 22], [5, 1, 6, 24], [19, 3, 20, 2], [9, 4, 10, 5], [13, 6, 14, 7], [23, 9, 24, 8], [3, 10, 4, 11]]"
12n_0139_145,"[[3, 10, 4, 11], [7, 12, 8, 13], [14, 18, 15, 17], [16, 22, 17, 21], [1, 19, 2, 18], [20, 16, 21, 15], [11, 23, 12, 22], [5, 1, 6, 24], [19, 3, 20, 2], [9, 4, 10, 5], [13, 6, 14, 7], [23, 9, 24, 8]]"
12n_0139_146,"[[23, 9, 24, 8], [3, 10, 4, 11], [7, 12, 8, 13], [14, 18, 15, 17], [16, 22, 17, 21], [1, 19, 2, 18], [20, 16, 21, 15], [11, 23, 12, 22], [5, 1, 6, 24], [19, 3, 20, 2], [9, 4, 10, 5], [13, 6, 14, 7]]"
12n_0139_147,"[[13, 6, 14, 7], [23, 9, 24, 8], [3, 10, 4, 11], [7, 12, 8, 13], [14, 18, 15, 17], [16, 22, 17, 21], [1, 19, 2, 18], [20, 16, 21, 15], [11, 23, 12, 22], [5, 1, 6, 24], [19, 3, 20, 2], [9, 4, 10, 5]]"
12n_0139_148,"[[9, 4, 10, 5], [13, 6, 14, 7], [23, 9, 24, 8], [3, 10, 4, 11], [7, 12, 8, 13], [14, 18, 15, 17], [16, 22, 17, 21], [1, 19, 2, 18], [20, 16, 21, 15], [11, 23, 12, 22], [5, 1, 6, 24], [19, 3, 20, 2]]"
12n_0139_149,"[[19, 3, 20, 2], [9, 4, 10, 5], [13, 6, 14, 7], [23, 9, 24, 8], [3, 10, 4, 11], [7, 12, 8, 13], [14, 18, 15, 17], [16, 22, 17, 21], [1, 19, 2, 18], [20, 16, 21, 15], [11, 23, 12, 22], [5, 1, 6, 24]]"
12n_0139_150,"[[5, 1, 6, 24], [19, 3, 20, 2], [9, 4, 10, 5], [13, 6, 14, 7], [23, 9, 24, 8], [3, 10, 4, 11], [7, 12, 8, 13], [14, 18, 15, 17], [16, 22, 17, 21], [1, 19, 2, 18], [20, 16, 21, 15], [11, 23, 12, 22]]"
12n_0139_151,"[[11, 23, 12, 22], [5, 1, 6, 24], [19, 3, 20, 2], [9, 4, 10, 5], [13, 6, 14, 7], [23, 9, 24, 8], [3, 10, 4, 11], [7, 12, 8, 13], [14, 18, 15, 17], [16, 22, 17, 21], [1, 19, 2, 18], [20, 16, 21, 15]]"
12n_0139_152,"[[20, 16, 21, 15], [11, 23, 12, 22], [5, 1, 6, 24], [19, 3, 20, 2], [9, 4, 10, 5], [13, 6, 14, 7], [23, 9, 24, 8], [3, 10, 4, 11], [7, 12, 8, 13], [14, 18, 15, 17], [16, 22, 17, 21], [1, 19, 2, 18]]"
12n_0139_153,"[[1, 19, 2, 18], [20, 16, 21, 15], [11, 23, 12, 22], [5, 1, 6, 24], [19, 3, 20, 2], [9, 4, 10, 5], [13, 6, 14, 7], [23, 9, 24, 8], [3, 10, 4, 11], [7, 12, 8, 13], [14, 18, 15, 17], [16, 22, 17, 21]]"
12n_0139_154,"[[16, 22, 17, 21], [1, 19, 2, 18], [20, 16, 21, 15], [11, 23, 12, 22], [5, 1, 6, 24], [19, 3, 20, 2], [9, 4, 10, 5], [13, 6, 14, 7], [23, 9, 24, 8], [3, 10, 4, 11], [7, 12, 8, 13], [14, 18, 15, 17]]"
12n_0139_155,"[[14, 18, 15, 17], [16, 22, 17, 21], [1, 19, 2, 18], [20, 16, 21, 15], [11, 23, 12, 22], [5, 1, 6, 24], [19, 3, 20, 2], [9, 4, 10, 5], [13, 6, 14, 7], [23, 9, 24, 8], [3, 10, 4, 11], [7, 12, 8, 13]]"
12n_0139_156,"[[8, 13, 9, 14], [15, 19, 16, 18], [17, 23, 18, 22], [2, 20, 3, 19], [21, 17, 22, 16], [12, 24, 13, 23], [6, 2, 7, 1], [20, 4, 21, 3], [10, 5, 11, 6], [14, 7, 15, 8], [24, 10, 1, 9], [4, 11, 5, 12]]"
12n_0139_157,"[[4, 11, 5, 12], [8, 13, 9, 14], [15, 19, 16, 18], [17, 23, 18, 22], [2, 20, 3, 19], [21, 17, 22, 16], [12, 24, 13, 23], [6, 2, 7, 1], [20, 4, 21, 3], [10, 5, 11, 6], [14, 7, 15, 8], [24, 10, 1, 9]]"
12n_0139_158,"[[24, 10, 1, 9], [4, 11, 5, 12], [8, 13, 9, 14], [15, 19, 16, 18], [17, 23, 18, 22], [2, 20, 3, 19], [21, 17, 22, 16], [12, 24, 13, 23], [6, 2, 7, 1], [20, 4, 21, 3], [10, 5, 11, 6], [14, 7, 15, 8]]"
12n_0139_159,"[[14, 7, 15, 8], [24, 10, 1, 9], [4, 11, 5, 12], [8, 13, 9, 14], [15, 19, 16, 18], [17, 23, 18, 22], [2, 20, 3, 19], [21, 17, 22, 16], [12, 24, 13, 23], [6, 2, 7, 1], [20, 4, 21, 3], [10, 5, 11, 6]]"
12n_0139_160,"[[10, 5, 11, 6], [14, 7, 15, 8], [24, 10, 1, 9], [4, 11, 5, 12], [8, 13, 9, 14], [15, 19, 16, 18], [17, 23, 18, 22], [2, 20, 3, 19], [21, 17, 22, 16], [12, 24, 13, 23], [6, 2, 7, 1], [20, 4, 21, 3]]"
12n_0139_161,"[[20, 4, 21, 3], [10, 5, 11, 6], [14, 7, 15, 8], [24, 10, 1, 9], [4, 11, 5, 12], [8, 13, 9, 14], [15, 19, 16, 18], [17, 23, 18, 22], [2, 20, 3, 19], [21, 17, 22, 16], [12, 24, 13, 23], [6, 2, 7, 1]]"
12n_0139_162,"[[6, 2, 7, 1], [20, 4, 21, 3], [10, 5, 11, 6], [14, 7, 15, 8], [24, 10, 1, 9], [4, 11, 5, 12], [8, 13, 9, 14], [15, 19, 16, 18], [17, 23, 18, 22], [2, 20, 3, 19], [21, 17, 22, 16], [12, 24, 13, 23]]"
12n_0139_163,"[[12, 24, 13, 23], [6, 2, 7, 1], [20, 4, 21, 3], [10, 5, 11, 6], [14, 7, 15, 8], [24, 10, 1, 9], [4, 11, 5, 12], [8, 13, 9, 14], [15, 19, 16, 18], [17, 23, 18, 22], [2, 20, 3, 19], [21, 17, 22, 16]]"
12n_0139_164,"[[21, 17, 22, 16], [12, 24, 13, 23], [6, 2, 7, 1], [20, 4, 21, 3], [10, 5, 11, 6], [14, 7, 15, 8], [24, 10, 1, 9], [4, 11, 5, 12], [8, 13, 9, 14], [15, 19, 16, 18], [17, 23, 18, 22], [2, 20, 3, 19]]"
12n_0139_165,"[[2, 20, 3, 19], [21, 17, 22, 16], [12, 24, 13, 23], [6, 2, 7, 1], [20, 4, 21, 3], [10, 5, 11, 6], [14, 7, 15, 8], [24, 10, 1, 9], [4, 11, 5, 12], [8, 13, 9, 14], [15, 19, 16, 18], [17, 23, 18, 22]]"
12n_0139_166,"[[17, 23, 18, 22], [2, 20, 3, 19], [21, 17, 22, 16], [12, 24, 13, 23], [6, 2, 7, 1], [20, 4, 21, 3], [10, 5, 11, 6], [14, 7, 15, 8], [24, 10, 1, 9], [4, 11, 5, 12], [8, 13, 9, 14], [15, 19, 16, 18]]"
12n_0139_167,"[[15, 19, 16, 18], [17, 23, 18, 22], [2, 20, 3, 19], [21, 17, 22, 16], [12, 24, 13, 23], [6, 2, 7, 1], [20, 4, 21, 3], [10, 5, 11, 6], [14, 7, 15, 8], [24, 10, 1, 9], [4, 11, 5, 12], [8, 13, 9, 14]]"
12n_0139_168,"[[9, 14, 10, 15], [16, 20, 17, 19], [18, 24, 19, 23], [3, 21, 4, 20], [22, 18, 23, 17], [13, 1, 14, 24], [7, 3, 8, 2], [21, 5, 22, 4], [11, 6, 12, 7], [15, 8, 16, 9], [1, 11, 2, 10], [5, 12, 6, 13]]"
12n_0139_169,"[[5, 12, 6, 13], [9, 14, 10, 15], [16, 20, 17, 19], [18, 24, 19, 23], [3, 21, 4, 20], [22, 18, 23, 17], [13, 1, 14, 24], [7, 3, 8, 2], [21, 5, 22, 4], [11, 6, 12, 7], [15, 8, 16, 9], [1, 11, 2, 10]]"
12n_0139_170,"[[1, 11, 2, 10], [5, 12, 6, 13], [9, 14, 10, 15], [16, 20, 17, 19], [18, 24, 19, 23], [3, 21, 4, 20], [22, 18, 23, 17], [13, 1, 14, 24], [7, 3, 8, 2], [21, 5, 22, 4], [11, 6, 12, 7], [15, 8, 16, 9]]"
12n_0139_171,"[[15, 8, 16, 9], [1, 11, 2, 10], [5, 12, 6, 13], [9, 14, 10, 15], [16, 20, 17, 19], [18, 24, 19, 23], [3, 21, 4, 20], [22, 18, 23, 17], [13, 1, 14, 24], [7, 3, 8, 2], [21, 5, 22, 4], [11, 6, 12, 7]]"
12n_0139_172,"[[11, 6, 12, 7], [15, 8, 16, 9], [1, 11, 2, 10], [5, 12, 6, 13], [9, 14, 10, 15], [16, 20, 17, 19], [18, 24, 19, 23], [3, 21, 4, 20], [22, 18, 23, 17], [13, 1, 14, 24], [7, 3, 8, 2], [21, 5, 22, 4]]"
12n_0139_173,"[[21, 5, 22, 4], [11, 6, 12, 7], [15, 8, 16, 9], [1, 11, 2, 10], [5, 12, 6, 13], [9, 14, 10, 15], [16, 20, 17, 19], [18, 24, 19, 23], [3, 21, 4, 20], [22, 18, 23, 17], [13, 1, 14, 24], [7, 3, 8, 2]]"
12n_0139_174,"[[7, 3, 8, 2], [21, 5, 22, 4], [11, 6, 12, 7], [15, 8, 16, 9], [1, 11, 2, 10], [5, 12, 6, 13], [9, 14, 10, 15], [16, 20, 17, 19], [18, 24, 19, 23], [3, 21, 4, 20], [22, 18, 23, 17], [13, 1, 14, 24]]"
12n_0139_175,"[[13, 1, 14, 24], [7, 3, 8, 2], [21, 5, 22, 4], [11, 6, 12, 7], [15, 8, 16, 9], [1, 11, 2, 10], [5, 12, 6, 13], [9, 14, 10, 15], [16, 20, 17, 19], [18, 24, 19, 23], [3, 21, 4, 20], [22, 18, 23, 17]]"
12n_0139_176,"[[22, 18, 23, 17], [13, 1, 14, 24], [7, 3, 8, 2], [21, 5, 22, 4], [11, 6, 12, 7], [15, 8, 16, 9], [1, 11, 2, 10], [5, 12, 6, 13], [9, 14, 10, 15], [16, 20, 17, 19], [18, 24, 19, 23], [3, 21, 4, 20]]"
12n_0139_177,"[[3, 21, 4, 20], [22, 18, 23, 17], [13, 1, 14, 24], [7, 3, 8, 2], [21, 5, 22, 4], [11, 6, 12, 7], [15, 8, 16, 9], [1, 11, 2, 10], [5, 12, 6, 13], [9, 14, 10, 15], [16, 20, 17, 19], [18, 24, 19, 23]]"
12n_0139_178,"[[18, 24, 19, 23], [3, 21, 4, 20], [22, 18, 23, 17], [13, 1, 14, 24], [7, 3, 8, 2], [21, 5, 22, 4], [11, 6, 12, 7], [15, 8, 16, 9], [1, 11, 2, 10], [5, 12, 6, 13], [9, 14, 10, 15], [16, 20, 17, 19]]"
12n_0139_179,"[[16, 20, 17, 19], [18, 24, 19, 23], [3, 21, 4, 20], [22, 18, 23, 17], [13, 1, 14, 24], [7, 3, 8, 2], [21, 5, 22, 4], [11, 6, 12, 7], [15, 8, 16, 9], [1, 11, 2, 10], [5, 12, 6, 13], [9, 14, 10, 15]]"
12n_0139_180,"[[10, 15, 11, 16], [17, 21, 18, 20], [19, 1, 20, 24], [4, 22, 5, 21], [23, 19, 24, 18], [14, 2, 15, 1], [8, 4, 9, 3], [22, 6, 23, 5], [12, 7, 13, 8], [16, 9, 17, 10], [2, 12, 3, 11], [6, 13, 7, 14]]"
12n_0139_181,"[[6, 13, 7, 14], [10, 15, 11, 16], [17, 21, 18, 20], [19, 1, 20, 24], [4, 22, 5, 21], [23, 19, 24, 18], [14, 2, 15, 1], [8, 4, 9, 3], [22, 6, 23, 5], [12, 7, 13, 8], [16, 9, 17, 10], [2, 12, 3, 11]]"
12n_0139_182,"[[2, 12, 3, 11], [6, 13, 7, 14], [10, 15, 11, 16], [17, 21, 18, 20], [19, 1, 20, 24], [4, 22, 5, 21], [23, 19, 24, 18], [14, 2, 15, 1], [8, 4, 9, 3], [22, 6, 23, 5], [12, 7, 13, 8], [16, 9, 17, 10]]"
12n_0139_183,"[[16, 9, 17, 10], [2, 12, 3, 11], [6, 13, 7, 14], [10, 15, 11, 16], [17, 21, 18, 20], [19, 1, 20, 24], [4, 22, 5, 21], [23, 19, 24, 18], [14, 2, 15, 1], [8, 4, 9, 3], [22, 6, 23, 5], [12, 7, 13, 8]]"
12n_0139_184,"[[12, 7, 13, 8], [16, 9, 17, 10], [2, 12, 3, 11], [6, 13, 7, 14], [10, 15, 11, 16], [17, 21, 18, 20], [19, 1, 20, 24], [4, 22, 5, 21], [23, 19, 24, 18], [14, 2, 15, 1], [8, 4, 9, 3], [22, 6, 23, 5]]"
12n_0139_185,"[[22, 6, 23, 5], [12, 7, 13, 8], [16, 9, 17, 10], [2, 12, 3, 11], [6, 13, 7, 14], [10, 15, 11, 16], [17, 21, 18, 20], [19, 1, 20, 24], [4, 22, 5, 21], [23, 19, 24, 18], [14, 2, 15, 1], [8, 4, 9, 3]]"
