name,pd_notation
12n_0721_0,"[[17, 24, 18, 1], [2, 8, 3, 7], [4, 12, 5, 11], [6, 14, 7, 13], [19, 8, 20, 9], [10, 4, 11, 3], [12, 6, 13, 5], [21, 14, 22, 15], [23, 16, 24, 17], [9, 18, 10, 19], [1, 20, 2, 21], [15, 22, 16, 23]]"
12n_0721_1,"[[15, 22, 16, 23], [17, 24, 18, 1], [2, 8, 3, 7], [4, 12, 5, 11], [6, 14, 7, 13], [19, 8, 20, 9], [10, 4, 11, 3], [12, 6, 13, 5], [21, 14, 22, 15], [23, 16, 24, 17], [9, 18, 10, 19], [1, 20, 2, 21]]"
12n_0721_2,"[[1, 20, 2, 21], [15, 22, 16, 23], [17, 24, 18, 1], [2, 8, 3, 7], [4, 12, 5, 11], [6, 14, 7, 13], [19, 8, 20, 9], [10, 4, 11, 3], [12, 6, 13, 5], [21, 14, 22, 15], [23, 16, 24, 17], [9, 18, 10, 19]]"
12n_0721_3,"[[9, 18, 10, 19], [1, 20, 2, 21], [15, 22, 16, 23], [17, 24, 18, 1], [2, 8, 3, 7], [4, 12, 5, 11], [6, 14, 7, 13], [19, 8, 20, 9], [10, 4, 11, 3], [12, 6, 13, 5], [21, 14, 22, 15], [23, 16, 24, 17]]"
12n_0721_4,"[[23, 16, 24, 17], [9, 18, 10, 19], [1, 20, 2, 21], [15, 22, 16, 23], [17, 24, 18, 1], [2, 8, 3, 7], [4, 12, 5, 11], [6, 14, 7, 13], [19, 8, 20, 9], [10, 4, 11, 3], [12, 6, 13, 5], [21, 14, 22, 15]]"
12n_0721_5,"[[21, 14, 22, 15], [23, 16, 24, 17], [9, 18, 10, 19], [1, 20, 2, 21], [15, 22, 16, 23], [17, 24, 18, 1], [2, 8, 3, 7], [4, 12, 5, 11], [6, 14, 7, 13], [19, 8, 20, 9], [10, 4, 11, 3], [12, 6, 13, 5]]"
12n_0721_6,"[[12, 6, 13, 5], [21, 14, 22, 15], [23, 16, 24, 17], [9, 18, 10, 19], [1, 20, 2, 21], [15, 22, 16, 23], [17, 24, 18, 1], [2, 8, 3, 7], [4, 12, 5, 11], [6, 14, 7, 13], [19, 8, 20, 9], [10, 4, 11, 3]]"
12n_0721_7,"[[10, 4, 11, 3], [12, 6, 13, 5], [21, 14, 22, 15], [23, 16, 24, 17], [9, 18, 10, 19], [1, 20, 2, 21], [15, 22, 16, 23], [17, 24, 18, 1], [2, 8, 3, 7], [4, 12, 5, 11], [6, 14, 7, 13], [19, 8, 20, 9]]"
12n_0721_8,"[[19, 8, 20, 9], [10, 4, 11, 3], [12, 6, 13, 5], [21, 14, 22, 15], [23, 16, 24, 17], [9, 18, 10, 19], [1, 20, 2, 21], [15, 22, 16, 23], [17, 24, 18, 1], [2, 8, 3, 7], [4, 12, 5, 11], [6, 14, 7, 13]]"
12n_0721_9,"[[6, 14, 7, 13], [19, 8, 20, 9], [10, 4, 11, 3], [12, 6, 13, 5], [21, 14, 22, 15], [23, 16, 24, 17], [9, 18, 10, 19], [1, 20, 2, 21], [15, 22, 16, 23], [17, 24, 18, 1], [2, 8, 3, 7], [4, 12, 5, 11]]"
12n_0721_10,"[[4, 12, 5, 11], [6, 14, 7, 13], [19, 8, 20, 9], [10, 4, 11, 3], [12, 6, 13, 5], [21, 14, 22, 15], [23, 16, 24, 17], [9, 18, 10, 19], [1, 20, 2, 21], [15, 22, 16, 23], [17, 24, 18, 1], [2, 8, 3, 7]]"
12n_0721_11,"[[2, 8, 3, 7], [4, 12, 5, 11], [6, 14, 7, 13], [19, 8, 20, 9], [10, 4, 11, 3], [12, 6, 13, 5], [21, 14, 22, 15], [23, 16, 24, 17], [9, 18, 10, 19], [1, 20, 2, 21], [15, 22, 16, 23], [17, 24, 18, 1]]"
12n_0721_12,"[[18, 1, 19, 2], [3, 9, 4, 8], [5, 13, 6, 12], [7, 15, 8, 14], [20, 9, 21, 10], [11, 5, 12, 4], [13, 7, 14, 6], [22, 15, 23, 16], [24, 17, 1, 18], [10, 19, 11, 20], [2, 21, 3, 22], [16, 23, 17, 24]]"
12n_0721_13,"[[16, 23, 17, 24], [18, 1, 19, 2], [3, 9, 4, 8], [5, 13, 6, 12], [7, 15, 8, 14], [20, 9, 21, 10], [11, 5, 12, 4], [13, 7, 14, 6], [22, 15, 23, 16], [24, 17, 1, 18], [10, 19, 11, 20], [2, 21, 3, 22]]"
12n_0721_14,"[[2, 21, 3, 22], [16, 23, 17, 24], [18, 1, 19, 2], [3, 9, 4, 8], [5, 13, 6, 12], [7, 15, 8, 14], [20, 9, 21, 10], [11, 5, 12, 4], [13, 7, 14, 6], [22, 15, 23, 16], [24, 17, 1, 18], [10, 19, 11, 20]]"
12n_0721_15,"[[10, 19, 11, 20], [2, 21, 3, 22], [16, 23, 17, 24], [18, 1, 19, 2], [3, 9, 4, 8], [5, 13, 6, 12], [7, 15, 8, 14], [20, 9, 21, 10], [11, 5, 12, 4], [13, 7, 14, 6], [22, 15, 23, 16], [24, 17, 1, 18]]"
12n_0721_16,"[[24, 17, 1, 18], [10, 19, 11, 20], [2, 21, 3, 22], [16, 23, 17, 24], [18, 1, 19, 2], [3, 9, 4, 8], [5, 13, 6, 12], [7, 15, 8, 14], [20, 9, 21, 10], [11, 5, 12, 4], [13, 7, 14, 6], [22, 15, 23, 16]]"
12n_0721_17,"[[22, 15, 23, 16], [24, 17, 1, 18], [10, 19, 11, 20], [2, 21, 3, 22], [16, 23, 17, 24], [18, 1, 19, 2], [3, 9, 4, 8], [5, 13, 6, 12], [7, 15, 8, 14], [20, 9, 21, 10], [11, 5, 12, 4], [13, 7, 14, 6]]"
12n_0721_18,"[[13, 7, 14, 6], [22, 15, 23, 16], [24, 17, 1, 18], [10, 19, 11, 20], [2, 21, 3, 22], [16, 23, 17, 24], [18, 1, 19, 2], [3, 9, 4, 8], [5, 13, 6, 12], [7, 15, 8, 14], [20, 9, 21, 10], [11, 5, 12, 4]]"
12n_0721_19,"[[11, 5, 12, 4], [13, 7, 14, 6], [22, 15, 23, 16], [24, 17, 1, 18], [10, 19, 11, 20], [2, 21, 3, 22], [16, 23, 17, 24], [18, 1, 19, 2], [3, 9, 4, 8], [5, 13, 6, 12], [7, 15, 8, 14], [20, 9, 21, 10]]"
12n_0721_20,"[[20, 9, 21, 10], [11, 5, 12, 4], [13, 7, 14, 6], [22, 15, 23, 16], [24, 17, 1, 18], [10, 19, 11, 20], [2, 21, 3, 22], [16, 23, 17, 24], [18, 1, 19, 2], [3, 9, 4, 8], [5, 13, 6, 12], [7, 15, 8, 14]]"
12n_0721_21,"[[7, 15, 8, 14], [20, 9, 21, 10], [11, 5, 12, 4], [13, 7, 14, 6], [22, 15, 23, 16], [24, 17, 1, 18], [10, 19, 11, 20], [2, 21, 3, 22], [16, 23, 17, 24], [18, 1, 19, 2], [3, 9, 4, 8], [5, 13, 6, 12]]"
12n_0721_22,"[[5, 13, 6, 12], [7, 15, 8, 14], [20, 9, 21, 10], [11, 5, 12, 4], [13, 7, 14, 6], [22, 15, 23, 16], [24, 17, 1, 18], [10, 19, 11, 20], [2, 21, 3, 22], [16, 23, 17, 24], [18, 1, 19, 2], [3, 9, 4, 8]]"
12n_0721_23,"[[3, 9, 4, 8], [5, 13, 6, 12], [7, 15, 8, 14], [20, 9, 21, 10], [11, 5, 12, 4], [13, 7, 14, 6], [22, 15, 23, 16], [24, 17, 1, 18], [10, 19, 11, 20], [2, 21, 3, 22], [16, 23, 17, 24], [18, 1, 19, 2]]"
12n_0721_24,"[[19, 2, 20, 3], [4, 10, 5, 9], [6, 14, 7, 13], [8, 16, 9, 15], [21, 10, 22, 11], [12, 6, 13, 5], [14, 8, 15, 7], [23, 16, 24, 17], [1, 18, 2, 19], [11, 20, 12, 21], [3, 22, 4, 23], [17, 24, 18, 1]]"
12n_0721_25,"[[17, 24, 18, 1], [19, 2, 20, 3], [4, 10, 5, 9], [6, 14, 7, 13], [8, 16, 9, 15], [21, 10, 22, 11], [12, 6, 13, 5], [14, 8, 15, 7], [23, 16, 24, 17], [1, 18, 2, 19], [11, 20, 12, 21], [3, 22, 4, 23]]"
12n_0721_26,"[[3, 22, 4, 23], [17, 24, 18, 1], [19, 2, 20, 3], [4, 10, 5, 9], [6, 14, 7, 13], [8, 16, 9, 15], [21, 10, 22, 11], [12, 6, 13, 5], [14, 8, 15, 7], [23, 16, 24, 17], [1, 18, 2, 19], [11, 20, 12, 21]]"
12n_0721_27,"[[11, 20, 12, 21], [3, 22, 4, 23], [17, 24, 18, 1], [19, 2, 20, 3], [4, 10, 5, 9], [6, 14, 7, 13], [8, 16, 9, 15], [21, 10, 22, 11], [12, 6, 13, 5], [14, 8, 15, 7], [23, 16, 24, 17], [1, 18, 2, 19]]"
12n_0721_28,"[[1, 18, 2, 19], [11, 20, 12, 21], [3, 22, 4, 23], [17, 24, 18, 1], [19, 2, 20, 3], [4, 10, 5, 9], [6, 14, 7, 13], [8, 16, 9, 15], [21, 10, 22, 11], [12, 6, 13, 5], [14, 8, 15, 7], [23, 16, 24, 17]]"
12n_0721_29,"[[23, 16, 24, 17], [1, 18, 2, 19], [11, 20, 12, 21], [3, 22, 4, 23], [17, 24, 18, 1], [19, 2, 20, 3], [4, 10, 5, 9], [6, 14, 7, 13], [8, 16, 9, 15], [21, 10, 22, 11], [12, 6, 13, 5], [14, 8, 15, 7]]"
12n_0721_30,"[[14, 8, 15, 7], [23, 16, 24, 17], [1, 18, 2, 19], [11, 20, 12, 21], [3, 22, 4, 23], [17, 24, 18, 1], [19, 2, 20, 3], [4, 10, 5, 9], [6, 14, 7, 13], [8, 16, 9, 15], [21, 10, 22, 11], [12, 6, 13, 5]]"
12n_0721_31,"[[12, 6, 13, 5], [14, 8, 15, 7], [23, 16, 24, 17], [1, 18, 2, 19], [11, 20, 12, 21], [3, 22, 4, 23], [17, 24, 18, 1], [19, 2, 20, 3], [4, 10, 5, 9], [6, 14, 7, 13], [8, 16, 9, 15], [21, 10, 22, 11]]"
12n_0721_32,"[[21, 10, 22, 11], [12, 6, 13, 5], [14, 8, 15, 7], [23, 16, 24, 17], [1, 18, 2, 19], [11, 20, 12, 21], [3, 22, 4, 23], [17, 24, 18, 1], [19, 2, 20, 3], [4, 10, 5, 9], [6, 14, 7, 13], [8, 16, 9, 15]]"
12n_0721_33,"[[8, 16, 9, 15], [21, 10, 22, 11], [12, 6, 13, 5], [14, 8, 15, 7], [23, 16, 24, 17], [1, 18, 2, 19], [11, 20, 12, 21], [3, 22, 4, 23], [17, 24, 18, 1], [19, 2, 20, 3], [4, 10, 5, 9], [6, 14, 7, 13]]"
12n_0721_34,"[[6, 14, 7, 13], [8, 16, 9, 15], [21, 10, 22, 11], [12, 6, 13, 5], [14, 8, 15, 7], [23, 16, 24, 17], [1, 18, 2, 19], [11, 20, 12, 21], [3, 22, 4, 23], [17, 24, 18, 1], [19, 2, 20, 3], [4, 10, 5, 9]]"
12n_0721_35,"[[4, 10, 5, 9], [6, 14, 7, 13], [8, 16, 9, 15], [21, 10, 22, 11], [12, 6, 13, 5], [14, 8, 15, 7], [23, 16, 24, 17], [1, 18, 2, 19], [11, 20, 12, 21], [3, 22, 4, 23], [17, 24, 18, 1], [19, 2, 20, 3]]"
12n_0721_36,"[[20, 3, 21, 4], [5, 11, 6, 10], [7, 15, 8, 14], [9, 17, 10, 16], [22, 11, 23, 12], [13, 7, 14, 6], [15, 9, 16, 8], [24, 17, 1, 18], [2, 19, 3, 20], [12, 21, 13, 22], [4, 23, 5, 24], [18, 1, 19, 2]]"
12n_0721_37,"[[18, 1, 19, 2], [20, 3, 21, 4], [5, 11, 6, 10], [7, 15, 8, 14], [9, 17, 10, 16], [22, 11, 23, 12], [13, 7, 14, 6], [15, 9, 16, 8], [24, 17, 1, 18], [2, 19, 3, 20], [12, 21, 13, 22], [4, 23, 5, 24]]"
12n_0721_38,"[[4, 23, 5, 24], [18, 1, 19, 2], [20, 3, 21, 4], [5, 11, 6, 10], [7, 15, 8, 14], [9, 17, 10, 16], [22, 11, 23, 12], [13, 7, 14, 6], [15, 9, 16, 8], [24, 17, 1, 18], [2, 19, 3, 20], [12, 21, 13, 22]]"
12n_0721_39,"[[12, 21, 13, 22], [4, 23, 5, 24], [18, 1, 19, 2], [20, 3, 21, 4], [5, 11, 6, 10], [7, 15, 8, 14], [9, 17, 10, 16], [22, 11, 23, 12], [13, 7, 14, 6], [15, 9, 16, 8], [24, 17, 1, 18], [2, 19, 3, 20]]"
12n_0721_40,"[[2, 19, 3, 20], [12, 21, 13, 22], [4, 23, 5, 24], [18, 1, 19, 2], [20, 3, 21, 4], [5, 11, 6, 10], [7, 15, 8, 14], [9, 17, 10, 16], [22, 11, 23, 12], [13, 7, 14, 6], [15, 9, 16, 8], [24, 17, 1, 18]]"
12n_0721_41,"[[24, 17, 1, 18], [2, 19, 3, 20], [12, 21, 13, 22], [4, 23, 5, 24], [18, 1, 19, 2], [20, 3, 21, 4], [5, 11, 6, 10], [7, 15, 8, 14], [9, 17, 10, 16], [22, 11, 23, 12], [13, 7, 14, 6], [15, 9, 16, 8]]"
12n_0721_42,"[[15, 9, 16, 8], [24, 17, 1, 18], [2, 19, 3, 20], [12, 21, 13, 22], [4, 23, 5, 24], [18, 1, 19, 2], [20, 3, 21, 4], [5, 11, 6, 10], [7, 15, 8, 14], [9, 17, 10, 16], [22, 11, 23, 12], [13, 7, 14, 6]]"
12n_0721_43,"[[13, 7, 14, 6], [15, 9, 16, 8], [24, 17, 1, 18], [2, 19, 3, 20], [12, 21, 13, 22], [4, 23, 5, 24], [18, 1, 19, 2], [20, 3, 21, 4], [5, 11, 6, 10], [7, 15, 8, 14], [9, 17, 10, 16], [22, 11, 23, 12]]"
12n_0721_44,"[[22, 11, 23, 12], [13, 7, 14, 6], [15, 9, 16, 8], [24, 17, 1, 18], [2, 19, 3, 20], [12, 21, 13, 22], [4, 23, 5, 24], [18, 1, 19, 2], [20, 3, 21, 4], [5, 11, 6, 10], [7, 15, 8, 14], [9, 17, 10, 16]]"
12n_0721_45,"[[9, 17, 10, 16], [22, 11, 23, 12], [13, 7, 14, 6], [15, 9, 16, 8], [24, 17, 1, 18], [2, 19, 3, 20], [12, 21, 13, 22], [4, 23, 5, 24], [18, 1, 19, 2], [20, 3, 21, 4], [5, 11, 6, 10], [7, 15, 8, 14]]"
12n_0721_46,"[[7, 15, 8, 14], [9, 17, 10, 16], [22, 11, 23, 12], [13, 7, 14, 6], [15, 9, 16, 8], [24, 17, 1, 18], [2, 19, 3, 20], [12, 21, 13, 22], [4, 23, 5, 24], [18, 1, 19, 2], [20, 3, 21, 4], [5, 11, 6, 10]]"
12n_0721_47,"[[5, 11, 6, 10], [7, 15, 8, 14], [9, 17, 10, 16], [22, 11, 23, 12], [13, 7, 14, 6], [15, 9, 16, 8], [24, 17, 1, 18], [2, 19, 3, 20], [12, 21, 13, 22], [4, 23, 5, 24], [18, 1, 19, 2], [20, 3, 21, 4]]"
12n_0721_48,"[[21, 4, 22, 5], [6, 12, 7, 11], [8, 16, 9, 15], [10, 18, 11, 17], [23, 12, 24, 13], [14, 8, 15, 7], [16, 10, 17, 9], [1, 18, 2, 19], [3, 20, 4, 21], [13, 22, 14, 23], [5, 24, 6, 1], [19, 2, 20, 3]]"
12n_0721_49,"[[19, 2, 20, 3], [21, 4, 22, 5], [6, 12, 7, 11], [8, 16, 9, 15], [10, 18, 11, 17], [23, 12, 24, 13], [14, 8, 15, 7], [16, 10, 17, 9], [1, 18, 2, 19], [3, 20, 4, 21], [13, 22, 14, 23], [5, 24, 6, 1]]"
12n_0721_50,"[[5, 24, 6, 1], [19, 2, 20, 3], [21, 4, 22, 5], [6, 12, 7, 11], [8, 16, 9, 15], [10, 18, 11, 17], [23, 12, 24, 13], [14, 8, 15, 7], [16, 10, 17, 9], [1, 18, 2, 19], [3, 20, 4, 21], [13, 22, 14, 23]]"
12n_0721_51,"[[13, 22, 14, 23], [5, 24, 6, 1], [19, 2, 20, 3], [21, 4, 22, 5], [6, 12, 7, 11], [8, 16, 9, 15], [10, 18, 11, 17], [23, 12, 24, 13], [14, 8, 15, 7], [16, 10, 17, 9], [1, 18, 2, 19], [3, 20, 4, 21]]"
12n_0721_52,"[[3, 20, 4, 21], [13, 22, 14, 23], [5, 24, 6, 1], [19, 2, 20, 3], [21, 4, 22, 5], [6, 12, 7, 11], [8, 16, 9, 15], [10, 18, 11, 17], [23, 12, 24, 13], [14, 8, 15, 7], [16, 10, 17, 9], [1, 18, 2, 19]]"
12n_0721_53,"[[1, 18, 2, 19], [3, 20, 4, 21], [13, 22, 14, 23], [5, 24, 6, 1], [19, 2, 20, 3], [21, 4, 22, 5], [6, 12, 7, 11], [8, 16, 9, 15], [10, 18, 11, 17], [23, 12, 24, 13], [14, 8, 15, 7], [16, 10, 17, 9]]"
12n_0721_54,"[[16, 10, 17, 9], [1, 18, 2, 19], [3, 20, 4, 21], [13, 22, 14, 23], [5, 24, 6, 1], [19, 2, 20, 3], [21, 4, 22, 5], [6, 12, 7, 11], [8, 16, 9, 15], [10, 18, 11, 17], [23, 12, 24, 13], [14, 8, 15, 7]]"
12n_0721_55,"[[14, 8, 15, 7], [16, 10, 17, 9], [1, 18, 2, 19], [3, 20, 4, 21], [13, 22, 14, 23], [5, 24, 6, 1], [19, 2, 20, 3], [21, 4, 22, 5], [6, 12, 7, 11], [8, 16, 9, 15], [10, 18, 11, 17], [23, 12, 24, 13]]"
12n_0721_56,"[[23, 12, 24, 13], [14, 8, 15, 7], [16, 10, 17, 9], [1, 18, 2, 19], [3, 20, 4, 21], [13, 22, 14, 23], [5, 24, 6, 1], [19, 2, 20, 3], [21, 4, 22, 5], [6, 12, 7, 11], [8, 16, 9, 15], [10, 18, 11, 17]]"
12n_0721_57,"[[10, 18, 11, 17], [23, 12, 24, 13], [14, 8, 15, 7], [16, 10, 17, 9], [1, 18, 2, 19], [3, 20, 4, 21], [13, 22, 14, 23], [5, 24, 6, 1], [19, 2, 20, 3], [21, 4, 22, 5], [6, 12, 7, 11], [8, 16, 9, 15]]"
12n_0721_58,"[[8, 16, 9, 15], [10, 18, 11, 17], [23, 12, 24, 13], [14, 8, 15, 7], [16, 10, 17, 9], [1, 18, 2, 19], [3, 20, 4, 21], [13, 22, 14, 23], [5, 24, 6, 1], [19, 2, 20, 3], [21, 4, 22, 5], [6, 12, 7, 11]]"
12n_0721_59,"[[6, 12, 7, 11], [8, 16, 9, 15], [10, 18, 11, 17], [23, 12, 24, 13], [14, 8, 15, 7], [16, 10, 17, 9], [1, 18, 2, 19], [3, 20, 4, 21], [13, 22, 14, 23], [5, 24, 6, 1], [19, 2, 20, 3], [21, 4, 22, 5]]"
12n_0721_60,"[[22, 5, 23, 6], [7, 13, 8, 12], [9, 17, 10, 16], [11, 19, 12, 18], [24, 13, 1, 14], [15, 9, 16, 8], [17, 11, 18, 10], [2, 19, 3, 20], [4, 21, 5, 22], [14, 23, 15, 24], [6, 1, 7, 2], [20, 3, 21, 4]]"
12n_0721_61,"[[20, 3, 21, 4], [22, 5, 23, 6], [7, 13, 8, 12], [9, 17, 10, 16], [11, 19, 12, 18], [24, 13, 1, 14], [15, 9, 16, 8], [17, 11, 18, 10], [2, 19, 3, 20], [4, 21, 5, 22], [14, 23, 15, 24], [6, 1, 7, 2]]"
12n_0721_62,"[[6, 1, 7, 2], [20, 3, 21, 4], [22, 5, 23, 6], [7, 13, 8, 12], [9, 17, 10, 16], [11, 19, 12, 18], [24, 13, 1, 14], [15, 9, 16, 8], [17, 11, 18, 10], [2, 19, 3, 20], [4, 21, 5, 22], [14, 23, 15, 24]]"
12n_0721_63,"[[14, 23, 15, 24], [6, 1, 7, 2], [20, 3, 21, 4], [22, 5, 23, 6], [7, 13, 8, 12], [9, 17, 10, 16], [11, 19, 12, 18], [24, 13, 1, 14], [15, 9, 16, 8], [17, 11, 18, 10], [2, 19, 3, 20], [4, 21, 5, 22]]"
12n_0721_64,"[[4, 21, 5, 22], [14, 23, 15, 24], [6, 1, 7, 2], [20, 3, 21, 4], [22, 5, 23, 6], [7, 13, 8, 12], [9, 17, 10, 16], [11, 19, 12, 18], [24, 13, 1, 14], [15, 9, 16, 8], [17, 11, 18, 10], [2, 19, 3, 20]]"
12n_0721_65,"[[2, 19, 3, 20], [4, 21, 5, 22], [14, 23, 15, 24], [6, 1, 7, 2], [20, 3, 21, 4], [22, 5, 23, 6], [7, 13, 8, 12], [9, 17, 10, 16], [11, 19, 12, 18], [24, 13, 1, 14], [15, 9, 16, 8], [17, 11, 18, 10]]"
12n_0721_66,"[[17, 11, 18, 10], [2, 19, 3, 20], [4, 21, 5, 22], [14, 23, 15, 24], [6, 1, 7, 2], [20, 3, 21, 4], [22, 5, 23, 6], [7, 13, 8, 12], [9, 17, 10, 16], [11, 19, 12, 18], [24, 13, 1, 14], [15, 9, 16, 8]]"
12n_0721_67,"[[15, 9, 16, 8], [17, 11, 18, 10], [2, 19, 3, 20], [4, 21, 5, 22], [14, 23, 15, 24], [6, 1, 7, 2], [20, 3, 21, 4], [22, 5, 23, 6], [7, 13, 8, 12], [9, 17, 10, 16], [11, 19, 12, 18], [24, 13, 1, 14]]"
12n_0721_68,"[[24, 13, 1, 14], [15, 9, 16, 8], [17, 11, 18, 10], [2, 19, 3, 20], [4, 21, 5, 22], [14, 23, 15, 24], [6, 1, 7, 2], [20, 3, 21, 4], [22, 5, 23, 6], [7, 13, 8, 12], [9, 17, 10, 16], [11, 19, 12, 18]]"
12n_0721_69,"[[11, 19, 12, 18], [24, 13, 1, 14], [15, 9, 16, 8], [17, 11, 18, 10], [2, 19, 3, 20], [4, 21, 5, 22], [14, 23, 15, 24], [6, 1, 7, 2], [20, 3, 21, 4], [22, 5, 23, 6], [7, 13, 8, 12], [9, 17, 10, 16]]"
12n_0721_70,"[[9, 17, 10, 16], [11, 19, 12, 18], [24, 13, 1, 14], [15, 9, 16, 8], [17, 11, 18, 10], [2, 19, 3, 20], [4, 21, 5, 22], [14, 23, 15, 24], [6, 1, 7, 2], [20, 3, 21, 4], [22, 5, 23, 6], [7, 13, 8, 12]]"
12n_0721_71,"[[7, 13, 8, 12], [9, 17, 10, 16], [11, 19, 12, 18], [24, 13, 1, 14], [15, 9, 16, 8], [17, 11, 18, 10], [2, 19, 3, 20], [4, 21, 5, 22], [14, 23, 15, 24], [6, 1, 7, 2], [20, 3, 21, 4], [22, 5, 23, 6]]"
12n_0721_72,"[[23, 6, 24, 7], [8, 14, 9, 13], [10, 18, 11, 17], [12, 20, 13, 19], [1, 14, 2, 15], [16, 10, 17, 9], [18, 12, 19, 11], [3, 20, 4, 21], [5, 22, 6, 23], [15, 24, 16, 1], [7, 2, 8, 3], [21, 4, 22, 5]]"
12n_0721_73,"[[21, 4, 22, 5], [23, 6, 24, 7], [8, 14, 9, 13], [10, 18, 11, 17], [12, 20, 13, 19], [1, 14, 2, 15], [16, 10, 17, 9], [18, 12, 19, 11], [3, 20, 4, 21], [5, 22, 6, 23], [15, 24, 16, 1], [7, 2, 8, 3]]"
12n_0721_74,"[[7, 2, 8, 3], [21, 4, 22, 5], [23, 6, 24, 7], [8, 14, 9, 13], [10, 18, 11, 17], [12, 20, 13, 19], [1, 14, 2, 15], [16, 10, 17, 9], [18, 12, 19, 11], [3, 20, 4, 21], [5, 22, 6, 23], [15, 24, 16, 1]]"
12n_0721_75,"[[15, 24, 16, 1], [7, 2, 8, 3], [21, 4, 22, 5], [23, 6, 24, 7], [8, 14, 9, 13], [10, 18, 11, 17], [12, 20, 13, 19], [1, 14, 2, 15], [16, 10, 17, 9], [18, 12, 19, 11], [3, 20, 4, 21], [5, 22, 6, 23]]"
12n_0721_76,"[[5, 22, 6, 23], [15, 24, 16, 1], [7, 2, 8, 3], [21, 4, 22, 5], [23, 6, 24, 7], [8, 14, 9, 13], [10, 18, 11, 17], [12, 20, 13, 19], [1, 14, 2, 15], [16, 10, 17, 9], [18, 12, 19, 11], [3, 20, 4, 21]]"
12n_0721_77,"[[3, 20, 4, 21], [5, 22, 6, 23], [15, 24, 16, 1], [7, 2, 8, 3], [21, 4, 22, 5], [23, 6, 24, 7], [8, 14, 9, 13], [10, 18, 11, 17], [12, 20, 13, 19], [1, 14, 2, 15], [16, 10, 17, 9], [18, 12, 19, 11]]"
12n_0721_78,"[[18, 12, 19, 11], [3, 20, 4, 21], [5, 22, 6, 23], [15, 24, 16, 1], [7, 2, 8, 3], [21, 4, 22, 5], [23, 6, 24, 7], [8, 14, 9, 13], [10, 18, 11, 17], [12, 20, 13, 19], [1, 14, 2, 15], [16, 10, 17, 9]]"
12n_0721_79,"[[16, 10, 17, 9], [18, 12, 19, 11], [3, 20, 4, 21], [5, 22, 6, 23], [15, 24, 16, 1], [7, 2, 8, 3], [21, 4, 22, 5], [23, 6, 24, 7], [8, 14, 9, 13], [10, 18, 11, 17], [12, 20, 13, 19], [1, 14, 2, 15]]"
12n_0721_80,"[[1, 14, 2, 15], [16, 10, 17, 9], [18, 12, 19, 11], [3, 20, 4, 21], [5, 22, 6, 23], [15, 24, 16, 1], [7, 2, 8, 3], [21, 4, 22, 5], [23, 6, 24, 7], [8, 14, 9, 13], [10, 18, 11, 17], [12, 20, 13, 19]]"
12n_0721_81,"[[12, 20, 13, 19], [1, 14, 2, 15], [16, 10, 17, 9], [18, 12, 19, 11], [3, 20, 4, 21], [5, 22, 6, 23], [15, 24, 16, 1], [7, 2, 8, 3], [21, 4, 22, 5], [23, 6, 24, 7], [8, 14, 9, 13], [10, 18, 11, 17]]"
12n_0721_82,"[[10, 18, 11, 17], [12, 20, 13, 19], [1, 14, 2, 15], [16, 10, 17, 9], [18, 12, 19, 11], [3, 20, 4, 21], [5, 22, 6, 23], [15, 24, 16, 1], [7, 2, 8, 3], [21, 4, 22, 5], [23, 6, 24, 7], [8, 14, 9, 13]]"
12n_0721_83,"[[8, 14, 9, 13], [10, 18, 11, 17], [12, 20, 13, 19], [1, 14, 2, 15], [16, 10, 17, 9], [18, 12, 19, 11], [3, 20, 4, 21], [5, 22, 6, 23], [15, 24, 16, 1], [7, 2, 8, 3], [21, 4, 22, 5], [23, 6, 24, 7]]"
12n_0721_84,"[[24, 7, 1, 8], [9, 15, 10, 14], [11, 19, 12, 18], [13, 21, 14, 20], [2, 15, 3, 16], [17, 11, 18, 10], [19, 13, 20, 12], [4, 21, 5, 22], [6, 23, 7, 24], [16, 1, 17, 2], [8, 3, 9, 4], [22, 5, 23, 6]]"
12n_0721_85,"[[22, 5, 23, 6], [24, 7, 1, 8], [9, 15, 10, 14], [11, 19, 12, 18], [13, 21, 14, 20], [2, 15, 3, 16], [17, 11, 18, 10], [19, 13, 20, 12], [4, 21, 5, 22], [6, 23, 7, 24], [16, 1, 17, 2], [8, 3, 9, 4]]"
12n_0721_86,"[[8, 3, 9, 4], [22, 5, 23, 6], [24, 7, 1, 8], [9, 15, 10, 14], [11, 19, 12, 18], [13, 21, 14, 20], [2, 15, 3, 16], [17, 11, 18, 10], [19, 13, 20, 12], [4, 21, 5, 22], [6, 23, 7, 24], [16, 1, 17, 2]]"
12n_0721_87,"[[16, 1, 17, 2], [8, 3, 9, 4], [22, 5, 23, 6], [24, 7, 1, 8], [9, 15, 10, 14], [11, 19, 12, 18], [13, 21, 14, 20], [2, 15, 3, 16], [17, 11, 18, 10], [19, 13, 20, 12], [4, 21, 5, 22], [6, 23, 7, 24]]"
12n_0721_88,"[[6, 23, 7, 24], [16, 1, 17, 2], [8, 3, 9, 4], [22, 5, 23, 6], [24, 7, 1, 8], [9, 15, 10, 14], [11, 19, 12, 18], [13, 21, 14, 20], [2, 15, 3, 16], [17, 11, 18, 10], [19, 13, 20, 12], [4, 21, 5, 22]]"
12n_0721_89,"[[4, 21, 5, 22], [6, 23, 7, 24], [16, 1, 17, 2], [8, 3, 9, 4], [22, 5, 23, 6], [24, 7, 1, 8], [9, 15, 10, 14], [11, 19, 12, 18], [13, 21, 14, 20], [2, 15, 3, 16], [17, 11, 18, 10], [19, 13, 20, 12]]"
12n_0721_90,"[[19, 13, 20, 12], [4, 21, 5, 22], [6, 23, 7, 24], [16, 1, 17, 2], [8, 3, 9, 4], [22, 5, 23, 6], [24, 7, 1, 8], [9, 15, 10, 14], [11, 19, 12, 18], [13, 21, 14, 20], [2, 15, 3, 16], [17, 11, 18, 10]]"
12n_0721_91,"[[17, 11, 18, 10], [19, 13, 20, 12], [4, 21, 5, 22], [6, 23, 7, 24], [16, 1, 17, 2], [8, 3, 9, 4], [22, 5, 23, 6], [24, 7, 1, 8], [9, 15, 10, 14], [11, 19, 12, 18], [13, 21, 14, 20], [2, 15, 3, 16]]"
12n_0721_92,"[[2, 15, 3, 16], [17, 11, 18, 10], [19, 13, 20, 12], [4, 21, 5, 22], [6, 23, 7, 24], [16, 1, 17, 2], [8, 3, 9, 4], [22, 5, 23, 6], [24, 7, 1, 8], [9, 15, 10, 14], [11, 19, 12, 18], [13, 21, 14, 20]]"
12n_0721_93,"[[13, 21, 14, 20], [2, 15, 3, 16], [17, 11, 18, 10], [19, 13, 20, 12], [4, 21, 5, 22], [6, 23, 7, 24], [16, 1, 17, 2], [8, 3, 9, 4], [22, 5, 23, 6], [24, 7, 1, 8], [9, 15, 10, 14], [11, 19, 12, 18]]"
12n_0721_94,"[[11, 19, 12, 18], [13, 21, 14, 20], [2, 15, 3, 16], [17, 11, 18, 10], [19, 13, 20, 12], [4, 21, 5, 22], [6, 23, 7, 24], [16, 1, 17, 2], [8, 3, 9, 4], [22, 5, 23, 6], [24, 7, 1, 8], [9, 15, 10, 14]]"
12n_0721_95,"[[9, 15, 10, 14], [11, 19, 12, 18], [13, 21, 14, 20], [2, 15, 3, 16], [17, 11, 18, 10], [19, 13, 20, 12], [4, 21, 5, 22], [6, 23, 7, 24], [16, 1, 17, 2], [8, 3, 9, 4], [22, 5, 23, 6], [24, 7, 1, 8]]"
12n_0721_96,"[[1, 8, 2, 9], [10, 16, 11, 15], [12, 20, 13, 19], [14, 22, 15, 21], [3, 16, 4, 17], [18, 12, 19, 11], [20, 14, 21, 13], [5, 22, 6, 23], [7, 24, 8, 1], [17, 2, 18, 3], [9, 4, 10, 5], [23, 6, 24, 7]]"
12n_0721_97,"[[23, 6, 24, 7], [1, 8, 2, 9], [10, 16, 11, 15], [12, 20, 13, 19], [14, 22, 15, 21], [3, 16, 4, 17], [18, 12, 19, 11], [20, 14, 21, 13], [5, 22, 6, 23], [7, 24, 8, 1], [17, 2, 18, 3], [9, 4, 10, 5]]"
12n_0721_98,"[[9, 4, 10, 5], [23, 6, 24, 7], [1, 8, 2, 9], [10, 16, 11, 15], [12, 20, 13, 19], [14, 22, 15, 21], [3, 16, 4, 17], [18, 12, 19, 11], [20, 14, 21, 13], [5, 22, 6, 23], [7, 24, 8, 1], [17, 2, 18, 3]]"
12n_0721_99,"[[17, 2, 18, 3], [9, 4, 10, 5], [23, 6, 24, 7], [1, 8, 2, 9], [10, 16, 11, 15], [12, 20, 13, 19], [14, 22, 15, 21], [3, 16, 4, 17], [18, 12, 19, 11], [20, 14, 21, 13], [5, 22, 6, 23], [7, 24, 8, 1]]"
12n_0721_100,"[[7, 24, 8, 1], [17, 2, 18, 3], [9, 4, 10, 5], [23, 6, 24, 7], [1, 8, 2, 9], [10, 16, 11, 15], [12, 20, 13, 19], [14, 22, 15, 21], [3, 16, 4, 17], [18, 12, 19, 11], [20, 14, 21, 13], [5, 22, 6, 23]]"
12n_0721_101,"[[5, 22, 6, 23], [7, 24, 8, 1], [17, 2, 18, 3], [9, 4, 10, 5], [23, 6, 24, 7], [1, 8, 2, 9], [10, 16, 11, 15], [12, 20, 13, 19], [14, 22, 15, 21], [3, 16, 4, 17], [18, 12, 19, 11], [20, 14, 21, 13]]"
12n_0721_102,"[[20, 14, 21, 13], [5, 22, 6, 23], [7, 24, 8, 1], [17, 2, 18, 3], [9, 4, 10, 5], [23, 6, 24, 7], [1, 8, 2, 9], [10, 16, 11, 15], [12, 20, 13, 19], [14, 22, 15, 21], [3, 16, 4, 17], [18, 12, 19, 11]]"
12n_0721_103,"[[18, 12, 19, 11], [20, 14, 21, 13], [5, 22, 6, 23], [7, 24, 8, 1], [17, 2, 18, 3], [9, 4, 10, 5], [23, 6, 24, 7], [1, 8, 2, 9], [10, 16, 11, 15], [12, 20, 13, 19], [14, 22, 15, 21], [3, 16, 4, 17]]"
12n_0721_104,"[[3, 16, 4, 17], [18, 12, 19, 11], [20, 14, 21, 13], [5, 22, 6, 23], [7, 24, 8, 1], [17, 2, 18, 3], [9, 4, 10, 5], [23, 6, 24, 7], [1, 8, 2, 9], [10, 16, 11, 15], [12, 20, 13, 19], [14, 22, 15, 21]]"
12n_0721_105,"[[14, 22, 15, 21], [3, 16, 4, 17], [18, 12, 19, 11], [20, 14, 21, 13], [5, 22, 6, 23], [7, 24, 8, 1], [17, 2, 18, 3], [9, 4, 10, 5], [23, 6, 24, 7], [1, 8, 2, 9], [10, 16, 11, 15], [12, 20, 13, 19]]"
12n_0721_106,"[[12, 20, 13, 19], [14, 22, 15, 21], [3, 16, 4, 17], [18, 12, 19, 11], [20, 14, 21, 13], [5, 22, 6, 23], [7, 24, 8, 1], [17, 2, 18, 3], [9, 4, 10, 5], [23, 6, 24, 7], [1, 8, 2, 9], [10, 16, 11, 15]]"
12n_0721_107,"[[10, 16, 11, 15], [12, 20, 13, 19], [14, 22, 15, 21], [3, 16, 4, 17], [18, 12, 19, 11], [20, 14, 21, 13], [5, 22, 6, 23], [7, 24, 8, 1], [17, 2, 18, 3], [9, 4, 10, 5], [23, 6, 24, 7], [1, 8, 2, 9]]"
12n_0721_108,"[[2, 9, 3, 10], [11, 17, 12, 16], [13, 21, 14, 20], [15, 23, 16, 22], [4, 17, 5, 18], [19, 13, 20, 12], [21, 15, 22, 14], [6, 23, 7, 24], [8, 1, 9, 2], [18, 3, 19, 4], [10, 5, 11, 6], [24, 7, 1, 8]]"
12n_0721_109,"[[24, 7, 1, 8], [2, 9, 3, 10], [11, 17, 12, 16], [13, 21, 14, 20], [15, 23, 16, 22], [4, 17, 5, 18], [19, 13, 20, 12], [21, 15, 22, 14], [6, 23, 7, 24], [8, 1, 9, 2], [18, 3, 19, 4], [10, 5, 11, 6]]"
12n_0721_110,"[[10, 5, 11, 6], [24, 7, 1, 8], [2, 9, 3, 10], [11, 17, 12, 16], [13, 21, 14, 20], [15, 23, 16, 22], [4, 17, 5, 18], [19, 13, 20, 12], [21, 15, 22, 14], [6, 23, 7, 24], [8, 1, 9, 2], [18, 3, 19, 4]]"
12n_0721_111,"[[18, 3, 19, 4], [10, 5, 11, 6], [24, 7, 1, 8], [2, 9, 3, 10], [11, 17, 12, 16], [13, 21, 14, 20], [15, 23, 16, 22], [4, 17, 5, 18], [19, 13, 20, 12], [21, 15, 22, 14], [6, 23, 7, 24], [8, 1, 9, 2]]"
12n_0721_112,"[[8, 1, 9, 2], [18, 3, 19, 4], [10, 5, 11, 6], [24, 7, 1, 8], [2, 9, 3, 10], [11, 17, 12, 16], [13, 21, 14, 20], [15, 23, 16, 22], [4, 17, 5, 18], [19, 13, 20, 12], [21, 15, 22, 14], [6, 23, 7, 24]]"
12n_0721_113,"[[6, 23, 7, 24], [8, 1, 9, 2], [18, 3, 19, 4], [10, 5, 11, 6], [24, 7, 1, 8], [2, 9, 3, 10], [11, 17, 12, 16], [13, 21, 14, 20], [15, 23, 16, 22], [4, 17, 5, 18], [19, 13, 20, 12], [21, 15, 22, 14]]"
12n_0721_114,"[[21, 15, 22, 14], [6, 23, 7, 24], [8, 1, 9, 2], [18, 3, 19, 4], [10, 5, 11, 6], [24, 7, 1, 8], [2, 9, 3, 10], [11, 17, 12, 16], [13, 21, 14, 20], [15, 23, 16, 22], [4, 17, 5, 18], [19, 13, 20, 12]]"
12n_0721_115,"[[19, 13, 20, 12], [21, 15, 22, 14], [6, 23, 7, 24], [8, 1, 9, 2], [18, 3, 19, 4], [10, 5, 11, 6], [24, 7, 1, 8], [2, 9, 3, 10], [11, 17, 12, 16], [13, 21, 14, 20], [15, 23, 16, 22], [4, 17, 5, 18]]"
12n_0721_116,"[[4, 17, 5, 18], [19, 13, 20, 12], [21, 15, 22, 14], [6, 23, 7, 24], [8, 1, 9, 2], [18, 3, 19, 4], [10, 5, 11, 6], [24, 7, 1, 8], [2, 9, 3, 10], [11, 17, 12, 16], [13, 21, 14, 20], [15, 23, 16, 22]]"
12n_0721_117,"[[15, 23, 16, 22], [4, 17, 5, 18], [19, 13, 20, 12], [21, 15, 22, 14], [6, 23, 7, 24], [8, 1, 9, 2], [18, 3, 19, 4], [10, 5, 11, 6], [24, 7, 1, 8], [2, 9, 3, 10], [11, 17, 12, 16], [13, 21, 14, 20]]"
12n_0721_118,"[[13, 21, 14, 20], [15, 23, 16, 22], [4, 17, 5, 18], [19, 13, 20, 12], [21, 15, 22, 14], [6, 23, 7, 24], [8, 1, 9, 2], [18, 3, 19, 4], [10, 5, 11, 6], [24, 7, 1, 8], [2, 9, 3, 10], [11, 17, 12, 16]]"
12n_0721_119,"[[11, 17, 12, 16], [13, 21, 14, 20], [15, 23, 16, 22], [4, 17, 5, 18], [19, 13, 20, 12], [21, 15, 22, 14], [6, 23, 7, 24], [8, 1, 9, 2], [18, 3, 19, 4], [10, 5, 11, 6], [24, 7, 1, 8], [2, 9, 3, 10]]"
12n_0721_120,"[[3, 10, 4, 11], [12, 18, 13, 17], [14, 22, 15, 21], [16, 24, 17, 23], [5, 18, 6, 19], [20, 14, 21, 13], [22, 16, 23, 15], [7, 24, 8, 1], [9, 2, 10, 3], [19, 4, 20, 5], [11, 6, 12, 7], [1, 8, 2, 9]]"
12n_0721_121,"[[1, 8, 2, 9], [3, 10, 4, 11], [12, 18, 13, 17], [14, 22, 15, 21], [16, 24, 17, 23], [5, 18, 6, 19], [20, 14, 21, 13], [22, 16, 23, 15], [7, 24, 8, 1], [9, 2, 10, 3], [19, 4, 20, 5], [11, 6, 12, 7]]"
12n_0721_122,"[[11, 6, 12, 7], [1, 8, 2, 9], [3, 10, 4, 11], [12, 18, 13, 17], [14, 22, 15, 21], [16, 24, 17, 23], [5, 18, 6, 19], [20, 14, 21, 13], [22, 16, 23, 15], [7, 24, 8, 1], [9, 2, 10, 3], [19, 4, 20, 5]]"
12n_0721_123,"[[19, 4, 20, 5], [11, 6, 12, 7], [1, 8, 2, 9], [3, 10, 4, 11], [12, 18, 13, 17], [14, 22, 15, 21], [16, 24, 17, 23], [5, 18, 6, 19], [20, 14, 21, 13], [22, 16, 23, 15], [7, 24, 8, 1], [9, 2, 10, 3]]"
12n_0721_124,"[[9, 2, 10, 3], [19, 4, 20, 5], [11, 6, 12, 7], [1, 8, 2, 9], [3, 10, 4, 11], [12, 18, 13, 17], [14, 22, 15, 21], [16, 24, 17, 23], [5, 18, 6, 19], [20, 14, 21, 13], [22, 16, 23, 15], [7, 24, 8, 1]]"
12n_0721_125,"[[7, 24, 8, 1], [9, 2, 10, 3], [19, 4, 20, 5], [11, 6, 12, 7], [1, 8, 2, 9], [3, 10, 4, 11], [12, 18, 13, 17], [14, 22, 15, 21], [16, 24, 17, 23], [5, 18, 6, 19], [20, 14, 21, 13], [22, 16, 23, 15]]"
12n_0721_126,"[[22, 16, 23, 15], [7, 24, 8, 1], [9, 2, 10, 3], [19, 4, 20, 5], [11, 6, 12, 7], [1, 8, 2, 9], [3, 10, 4, 11], [12, 18, 13, 17], [14, 22, 15, 21], [16, 24, 17, 23], [5, 18, 6, 19], [20, 14, 21, 13]]"
12n_0721_127,"[[20, 14, 21, 13], [22, 16, 23, 15], [7, 24, 8, 1], [9, 2, 10, 3], [19, 4, 20, 5], [11, 6, 12, 7], [1, 8, 2, 9], [3, 10, 4, 11], [12, 18, 13, 17], [14, 22, 15, 21], [16, 24, 17, 23], [5, 18, 6, 19]]"
12n_0721_128,"[[5, 18, 6, 19], [20, 14, 21, 13], [22, 16, 23, 15], [7, 24, 8, 1], [9, 2, 10, 3], [19, 4, 20, 5], [11, 6, 12, 7], [1, 8, 2, 9], [3, 10, 4, 11], [12, 18, 13, 17], [14, 22, 15, 21], [16, 24, 17, 23]]"
12n_0721_129,"[[16, 24, 17, 23], [5, 18, 6, 19], [20, 14, 21, 13], [22, 16, 23, 15], [7, 24, 8, 1], [9, 2, 10, 3], [19, 4, 20, 5], [11, 6, 12, 7], [1, 8, 2, 9], [3, 10, 4, 11], [12, 18, 13, 17], [14, 22, 15, 21]]"
12n_0721_130,"[[14, 22, 15, 21], [16, 24, 17, 23], [5, 18, 6, 19], [20, 14, 21, 13], [22, 16, 23, 15], [7, 24, 8, 1], [9, 2, 10, 3], [19, 4, 20, 5], [11, 6, 12, 7], [1, 8, 2, 9], [3, 10, 4, 11], [12, 18, 13, 17]]"
12n_0721_131,"[[12, 18, 13, 17], [14, 22, 15, 21], [16, 24, 17, 23], [5, 18, 6, 19], [20, 14, 21, 13], [22, 16, 23, 15], [7, 24, 8, 1], [9, 2, 10, 3], [19, 4, 20, 5], [11, 6, 12, 7], [1, 8, 2, 9], [3, 10, 4, 11]]"
12n_0721_132,"[[4, 11, 5, 12], [13, 19, 14, 18], [15, 23, 16, 22], [17, 1, 18, 24], [6, 19, 7, 20], [21, 15, 22, 14], [23, 17, 24, 16], [8, 1, 9, 2], [10, 3, 11, 4], [20, 5, 21, 6], [12, 7, 13, 8], [2, 9, 3, 10]]"
12n_0721_133,"[[2, 9, 3, 10], [4, 11, 5, 12], [13, 19, 14, 18], [15, 23, 16, 22], [17, 1, 18, 24], [6, 19, 7, 20], [21, 15, 22, 14], [23, 17, 24, 16], [8, 1, 9, 2], [10, 3, 11, 4], [20, 5, 21, 6], [12, 7, 13, 8]]"
12n_0721_134,"[[12, 7, 13, 8], [2, 9, 3, 10], [4, 11, 5, 12], [13, 19, 14, 18], [15, 23, 16, 22], [17, 1, 18, 24], [6, 19, 7, 20], [21, 15, 22, 14], [23, 17, 24, 16], [8, 1, 9, 2], [10, 3, 11, 4], [20, 5, 21, 6]]"
12n_0721_135,"[[20, 5, 21, 6], [12, 7, 13, 8], [2, 9, 3, 10], [4, 11, 5, 12], [13, 19, 14, 18], [15, 23, 16, 22], [17, 1, 18, 24], [6, 19, 7, 20], [21, 15, 22, 14], [23, 17, 24, 16], [8, 1, 9, 2], [10, 3, 11, 4]]"
12n_0721_136,"[[10, 3, 11, 4], [20, 5, 21, 6], [12, 7, 13, 8], [2, 9, 3, 10], [4, 11, 5, 12], [13, 19, 14, 18], [15, 23, 16, 22], [17, 1, 18, 24], [6, 19, 7, 20], [21, 15, 22, 14], [23, 17, 24, 16], [8, 1, 9, 2]]"
12n_0721_137,"[[8, 1, 9, 2], [10, 3, 11, 4], [20, 5, 21, 6], [12, 7, 13, 8], [2, 9, 3, 10], [4, 11, 5, 12], [13, 19, 14, 18], [15, 23, 16, 22], [17, 1, 18, 24], [6, 19, 7, 20], [21, 15, 22, 14], [23, 17, 24, 16]]"
12n_0721_138,"[[23, 17, 24, 16], [8, 1, 9, 2], [10, 3, 11, 4], [20, 5, 21, 6], [12, 7, 13, 8], [2, 9, 3, 10], [4, 11, 5, 12], [13, 19, 14, 18], [15, 23, 16, 22], [17, 1, 18, 24], [6, 19, 7, 20], [21, 15, 22, 14]]"
12n_0721_139,"[[21, 15, 22, 14], [23, 17, 24, 16], [8, 1, 9, 2], [10, 3, 11, 4], [20, 5, 21, 6], [12, 7, 13, 8], [2, 9, 3, 10], [4, 11, 5, 12], [13, 19, 14, 18], [15, 23, 16, 22], [17, 1, 18, 24], [6, 19, 7, 20]]"
12n_0721_140,"[[6, 19, 7, 20], [21, 15, 22, 14], [23, 17, 24, 16], [8, 1, 9, 2], [10, 3, 11, 4], [20, 5, 21, 6], [12, 7, 13, 8], [2, 9, 3, 10], [4, 11, 5, 12], [13, 19, 14, 18], [15, 23, 16, 22], [17, 1, 18, 24]]"
12n_0721_141,"[[17, 1, 18, 24], [6, 19, 7, 20], [21, 15, 22, 14], [23, 17, 24, 16], [8, 1, 9, 2], [10, 3, 11, 4], [20, 5, 21, 6], [12, 7, 13, 8], [2, 9, 3, 10], [4, 11, 5, 12], [13, 19, 14, 18], [15, 23, 16, 22]]"
12n_0721_142,"[[15, 23, 16, 22], [17, 1, 18, 24], [6, 19, 7, 20], [21, 15, 22, 14], [23, 17, 24, 16], [8, 1, 9, 2], [10, 3, 11, 4], [20, 5, 21, 6], [12, 7, 13, 8], [2, 9, 3, 10], [4, 11, 5, 12], [13, 19, 14, 18]]"
12n_0721_143,"[[13, 19, 14, 18], [15, 23, 16, 22], [17, 1, 18, 24], [6, 19, 7, 20], [21, 15, 22, 14], [23, 17, 24, 16], [8, 1, 9, 2], [10, 3, 11, 4], [20, 5, 21, 6], [12, 7, 13, 8], [2, 9, 3, 10], [4, 11, 5, 12]]"
12n_0721_144,"[[5, 12, 6, 13], [14, 20, 15, 19], [16, 24, 17, 23], [18, 2, 19, 1], [7, 20, 8, 21], [22, 16, 23, 15], [24, 18, 1, 17], [9, 2, 10, 3], [11, 4, 12, 5], [21, 6, 22, 7], [13, 8, 14, 9], [3, 10, 4, 11]]"
12n_0721_145,"[[3, 10, 4, 11], [5, 12, 6, 13], [14, 20, 15, 19], [16, 24, 17, 23], [18, 2, 19, 1], [7, 20, 8, 21], [22, 16, 23, 15], [24, 18, 1, 17], [9, 2, 10, 3], [11, 4, 12, 5], [21, 6, 22, 7], [13, 8, 14, 9]]"
12n_0721_146,"[[13, 8, 14, 9], [3, 10, 4, 11], [5, 12, 6, 13], [14, 20, 15, 19], [16, 24, 17, 23], [18, 2, 19, 1], [7, 20, 8, 21], [22, 16, 23, 15], [24, 18, 1, 17], [9, 2, 10, 3], [11, 4, 12, 5], [21, 6, 22, 7]]"
12n_0721_147,"[[21, 6, 22, 7], [13, 8, 14, 9], [3, 10, 4, 11], [5, 12, 6, 13], [14, 20, 15, 19], [16, 24, 17, 23], [18, 2, 19, 1], [7, 20, 8, 21], [22, 16, 23, 15], [24, 18, 1, 17], [9, 2, 10, 3], [11, 4, 12, 5]]"
12n_0721_148,"[[11, 4, 12, 5], [21, 6, 22, 7], [13, 8, 14, 9], [3, 10, 4, 11], [5, 12, 6, 13], [14, 20, 15, 19], [16, 24, 17, 23], [18, 2, 19, 1], [7, 20, 8, 21], [22, 16, 23, 15], [24, 18, 1, 17], [9, 2, 10, 3]]"
12n_0721_149,"[[9, 2, 10, 3], [11, 4, 12, 5], [21, 6, 22, 7], [13, 8, 14, 9], [3, 10, 4, 11], [5, 12, 6, 13], [14, 20, 15, 19], [16, 24, 17, 23], [18, 2, 19, 1], [7, 20, 8, 21], [22, 16, 23, 15], [24, 18, 1, 17]]"
12n_0721_150,"[[24, 18, 1, 17], [9, 2, 10, 3], [11, 4, 12, 5], [21, 6, 22, 7], [13, 8, 14, 9], [3, 10, 4, 11], [5, 12, 6, 13], [14, 20, 15, 19], [16, 24, 17, 23], [18, 2, 19, 1], [7, 20, 8, 21], [22, 16, 23, 15]]"
12n_0721_151,"[[22, 16, 23, 15], [24, 18, 1, 17], [9, 2, 10, 3], [11, 4, 12, 5], [21, 6, 22, 7], [13, 8, 14, 9], [3, 10, 4, 11], [5, 12, 6, 13], [14, 20, 15, 19], [16, 24, 17, 23], [18, 2, 19, 1], [7, 20, 8, 21]]"
12n_0721_152,"[[7, 20, 8, 21], [22, 16, 23, 15], [24, 18, 1, 17], [9, 2, 10, 3], [11, 4, 12, 5], [21, 6, 22, 7], [13, 8, 14, 9], [3, 10, 4, 11], [5, 12, 6, 13], [14, 20, 15, 19], [16, 24, 17, 23], [18, 2, 19, 1]]"
12n_0721_153,"[[18, 2, 19, 1], [7, 20, 8, 21], [22, 16, 23, 15], [24, 18, 1, 17], [9, 2, 10, 3], [11, 4, 12, 5], [21, 6, 22, 7], [13, 8, 14, 9], [3, 10, 4, 11], [5, 12, 6, 13], [14, 20, 15, 19], [16, 24, 17, 23]]"
12n_0721_154,"[[16, 24, 17, 23], [18, 2, 19, 1], [7, 20, 8, 21], [22, 16, 23, 15], [24, 18, 1, 17], [9, 2, 10, 3], [11, 4, 12, 5], [21, 6, 22, 7], [13, 8, 14, 9], [3, 10, 4, 11], [5, 12, 6, 13], [14, 20, 15, 19]]"
12n_0721_155,"[[14, 20, 15, 19], [16, 24, 17, 23], [18, 2, 19, 1], [7, 20, 8, 21], [22, 16, 23, 15], [24, 18, 1, 17], [9, 2, 10, 3], [11, 4, 12, 5], [21, 6, 22, 7], [13, 8, 14, 9], [3, 10, 4, 11], [5, 12, 6, 13]]"
12n_0721_156,"[[6, 13, 7, 14], [15, 21, 16, 20], [17, 1, 18, 24], [19, 3, 20, 2], [8, 21, 9, 22], [23, 17, 24, 16], [1, 19, 2, 18], [10, 3, 11, 4], [12, 5, 13, 6], [22, 7, 23, 8], [14, 9, 15, 10], [4, 11, 5, 12]]"
12n_0721_157,"[[4, 11, 5, 12], [6, 13, 7, 14], [15, 21, 16, 20], [17, 1, 18, 24], [19, 3, 20, 2], [8, 21, 9, 22], [23, 17, 24, 16], [1, 19, 2, 18], [10, 3, 11, 4], [12, 5, 13, 6], [22, 7, 23, 8], [14, 9, 15, 10]]"
12n_0721_158,"[[14, 9, 15, 10], [4, 11, 5, 12], [6, 13, 7, 14], [15, 21, 16, 20], [17, 1, 18, 24], [19, 3, 20, 2], [8, 21, 9, 22], [23, 17, 24, 16], [1, 19, 2, 18], [10, 3, 11, 4], [12, 5, 13, 6], [22, 7, 23, 8]]"
12n_0721_159,"[[22, 7, 23, 8], [14, 9, 15, 10], [4, 11, 5, 12], [6, 13, 7, 14], [15, 21, 16, 20], [17, 1, 18, 24], [19, 3, 20, 2], [8, 21, 9, 22], [23, 17, 24, 16], [1, 19, 2, 18], [10, 3, 11, 4], [12, 5, 13, 6]]"
12n_0721_160,"[[12, 5, 13, 6], [22, 7, 23, 8], [14, 9, 15, 10], [4, 11, 5, 12], [6, 13, 7, 14], [15, 21, 16, 20], [17, 1, 18, 24], [19, 3, 20, 2], [8, 21, 9, 22], [23, 17, 24, 16], [1, 19, 2, 18], [10, 3, 11, 4]]"
12n_0721_161,"[[10, 3, 11, 4], [12, 5, 13, 6], [22, 7, 23, 8], [14, 9, 15, 10], [4, 11, 5, 12], [6, 13, 7, 14], [15, 21, 16, 20], [17, 1, 18, 24], [19, 3, 20, 2], [8, 21, 9, 22], [23, 17, 24, 16], [1, 19, 2, 18]]"
12n_0721_162,"[[1, 19, 2, 18], [10, 3, 11, 4], [12, 5, 13, 6], [22, 7, 23, 8], [14, 9, 15, 10], [4, 11, 5, 12], [6, 13, 7, 14], [15, 21, 16, 20], [17, 1, 18, 24], [19, 3, 20, 2], [8, 21, 9, 22], [23, 17, 24, 16]]"
12n_0721_163,"[[23, 17, 24, 16], [1, 19, 2, 18], [10, 3, 11, 4], [12, 5, 13, 6], [22, 7, 23, 8], [14, 9, 15, 10], [4, 11, 5, 12], [6, 13, 7, 14], [15, 21, 16, 20], [17, 1, 18, 24], [19, 3, 20, 2], [8, 21, 9, 22]]"
12n_0721_164,"[[8, 21, 9, 22], [23, 17, 24, 16], [1, 19, 2, 18], [10, 3, 11, 4], [12, 5, 13, 6], [22, 7, 23, 8], [14, 9, 15, 10], [4, 11, 5, 12], [6, 13, 7, 14], [15, 21, 16, 20], [17, 1, 18, 24], [19, 3, 20, 2]]"
12n_0721_165,"[[19, 3, 20, 2], [8, 21, 9, 22], [23, 17, 24, 16], [1, 19, 2, 18], [10, 3, 11, 4], [12, 5, 13, 6], [22, 7, 23, 8], [14, 9, 15, 10], [4, 11, 5, 12], [6, 13, 7, 14], [15, 21, 16, 20], [17, 1, 18, 24]]"
12n_0721_166,"[[17, 1, 18, 24], [19, 3, 20, 2], [8, 21, 9, 22], [23, 17, 24, 16], [1, 19, 2, 18], [10, 3, 11, 4], [12, 5, 13, 6], [22, 7, 23, 8], [14, 9, 15, 10], [4, 11, 5, 12], [6, 13, 7, 14], [15, 21, 16, 20]]"
12n_0721_167,"[[15, 21, 16, 20], [17, 1, 18, 24], [19, 3, 20, 2], [8, 21, 9, 22], [23, 17, 24, 16], [1, 19, 2, 18], [10, 3, 11, 4], [12, 5, 13, 6], [22, 7, 23, 8], [14, 9, 15, 10], [4, 11, 5, 12], [6, 13, 7, 14]]"
12n_0721_168,"[[7, 14, 8, 15], [16, 22, 17, 21], [18, 2, 19, 1], [20, 4, 21, 3], [9, 22, 10, 23], [24, 18, 1, 17], [2, 20, 3, 19], [11, 4, 12, 5], [13, 6, 14, 7], [23, 8, 24, 9], [15, 10, 16, 11], [5, 12, 6, 13]]"
12n_0721_169,"[[5, 12, 6, 13], [7, 14, 8, 15], [16, 22, 17, 21], [18, 2, 19, 1], [20, 4, 21, 3], [9, 22, 10, 23], [24, 18, 1, 17], [2, 20, 3, 19], [11, 4, 12, 5], [13, 6, 14, 7], [23, 8, 24, 9], [15, 10, 16, 11]]"
12n_0721_170,"[[15, 10, 16, 11], [5, 12, 6, 13], [7, 14, 8, 15], [16, 22, 17, 21], [18, 2, 19, 1], [20, 4, 21, 3], [9, 22, 10, 23], [24, 18, 1, 17], [2, 20, 3, 19], [11, 4, 12, 5], [13, 6, 14, 7], [23, 8, 24, 9]]"
12n_0721_171,"[[23, 8, 24, 9], [15, 10, 16, 11], [5, 12, 6, 13], [7, 14, 8, 15], [16, 22, 17, 21], [18, 2, 19, 1], [20, 4, 21, 3], [9, 22, 10, 23], [24, 18, 1, 17], [2, 20, 3, 19], [11, 4, 12, 5], [13, 6, 14, 7]]"
12n_0721_172,"[[13, 6, 14, 7], [23, 8, 24, 9], [15, 10, 16, 11], [5, 12, 6, 13], [7, 14, 8, 15], [16, 22, 17, 21], [18, 2, 19, 1], [20, 4, 21, 3], [9, 22, 10, 23], [24, 18, 1, 17], [2, 20, 3, 19], [11, 4, 12, 5]]"
12n_0721_173,"[[11, 4, 12, 5], [13, 6, 14, 7], [23, 8, 24, 9], [15, 10, 16, 11], [5, 12, 6, 13], [7, 14, 8, 15], [16, 22, 17, 21], [18, 2, 19, 1], [20, 4, 21, 3], [9, 22, 10, 23], [24, 18, 1, 17], [2, 20, 3, 19]]"
12n_0721_174,"[[2, 20, 3, 19], [11, 4, 12, 5], [13, 6, 14, 7], [23, 8, 24, 9], [15, 10, 16, 11], [5, 12, 6, 13], [7, 14, 8, 15], [16, 22, 17, 21], [18, 2, 19, 1], [20, 4, 21, 3], [9, 22, 10, 23], [24, 18, 1, 17]]"
12n_0721_175,"[[24, 18, 1, 17], [2, 20, 3, 19], [11, 4, 12, 5], [13, 6, 14, 7], [23, 8, 24, 9], [15, 10, 16, 11], [5, 12, 6, 13], [7, 14, 8, 15], [16, 22, 17, 21], [18, 2, 19, 1], [20, 4, 21, 3], [9, 22, 10, 23]]"
12n_0721_176,"[[9, 22, 10, 23], [24, 18, 1, 17], [2, 20, 3, 19], [11, 4, 12, 5], [13, 6, 14, 7], [23, 8, 24, 9], [15, 10, 16, 11], [5, 12, 6, 13], [7, 14, 8, 15], [16, 22, 17, 21], [18, 2, 19, 1], [20, 4, 21, 3]]"
12n_0721_177,"[[20, 4, 21, 3], [9, 22, 10, 23], [24, 18, 1, 17], [2, 20, 3, 19], [11, 4, 12, 5], [13, 6, 14, 7], [23, 8, 24, 9], [15, 10, 16, 11], [5, 12, 6, 13], [7, 14, 8, 15], [16, 22, 17, 21], [18, 2, 19, 1]]"
12n_0721_178,"[[18, 2, 19, 1], [20, 4, 21, 3], [9, 22, 10, 23], [24, 18, 1, 17], [2, 20, 3, 19], [11, 4, 12, 5], [13, 6, 14, 7], [23, 8, 24, 9], [15, 10, 16, 11], [5, 12, 6, 13], [7, 14, 8, 15], [16, 22, 17, 21]]"
12n_0721_179,"[[16, 22, 17, 21], [18, 2, 19, 1], [20, 4, 21, 3], [9, 22, 10, 23], [24, 18, 1, 17], [2, 20, 3, 19], [11, 4, 12, 5], [13, 6, 14, 7], [23, 8, 24, 9], [15, 10, 16, 11], [5, 12, 6, 13], [7, 14, 8, 15]]"
12n_0721_180,"[[8, 15, 9, 16], [17, 23, 18, 22], [19, 3, 20, 2], [21, 5, 22, 4], [10, 23, 11, 24], [1, 19, 2, 18], [3, 21, 4, 20], [12, 5, 13, 6], [14, 7, 15, 8], [24, 9, 1, 10], [16, 11, 17, 12], [6, 13, 7, 14]]"
12n_0721_181,"[[6, 13, 7, 14], [8, 15, 9, 16], [17, 23, 18, 22], [19, 3, 20, 2], [21, 5, 22, 4], [10, 23, 11, 24], [1, 19, 2, 18], [3, 21, 4, 20], [12, 5, 13, 6], [14, 7, 15, 8], [24, 9, 1, 10], [16, 11, 17, 12]]"
12n_0721_182,"[[16, 11, 17, 12], [6, 13, 7, 14], [8, 15, 9, 16], [17, 23, 18, 22], [19, 3, 20, 2], [21, 5, 22, 4], [10, 23, 11, 24], [1, 19, 2, 18], [3, 21, 4, 20], [12, 5, 13, 6], [14, 7, 15, 8], [24, 9, 1, 10]]"
12n_0721_183,"[[24, 9, 1, 10], [16, 11, 17, 12], [6, 13, 7, 14], [8, 15, 9, 16], [17, 23, 18, 22], [19, 3, 20, 2], [21, 5, 22, 4], [10, 23, 11, 24], [1, 19, 2, 18], [3, 21, 4, 20], [12, 5, 13, 6], [14, 7, 15, 8]]"
12n_0721_184,"[[14, 7, 15, 8], [24, 9, 1, 10], [16, 11, 17, 12], [6, 13, 7, 14], [8, 15, 9, 16], [17, 23, 18, 22], [19, 3, 20, 2], [21, 5, 22, 4], [10, 23, 11, 24], [1, 19, 2, 18], [3, 21, 4, 20], [12, 5, 13, 6]]"
12n_0721_185,"[[12, 5, 13, 6], [14, 7, 15, 8], [24, 9, 1, 10], [16, 11, 17, 12], [6, 13, 7, 14], [8, 15, 9, 16], [17, 23, 18, 22], [19, 3, 20, 2], [21, 5, 22, 4], [10, 23, 11, 24], [1, 19, 2, 18], [3, 21, 4, 20]]"
