name,pd_notation
12n_0007_0,"[[19, 24, 20, 1], [2, 6, 3, 5], [4, 9, 5, 10], [6, 12, 7, 11], [15, 9, 16, 8], [10, 3, 11, 4], [17, 12, 18, 13], [21, 15, 22, 14], [7, 17, 8, 16], [23, 18, 24, 19], [1, 20, 2, 21], [13, 23, 14, 22]]"
12n_0007_1,"[[13, 23, 14, 22], [19, 24, 20, 1], [2, 6, 3, 5], [4, 9, 5, 10], [6, 12, 7, 11], [15, 9, 16, 8], [10, 3, 11, 4], [17, 12, 18, 13], [21, 15, 22, 14], [7, 17, 8, 16], [23, 18, 24, 19], [1, 20, 2, 21]]"
12n_0007_2,"[[1, 20, 2, 21], [13, 23, 14, 22], [19, 24, 20, 1], [2, 6, 3, 5], [4, 9, 5, 10], [6, 12, 7, 11], [15, 9, 16, 8], [10, 3, 11, 4], [17, 12, 18, 13], [21, 15, 22, 14], [7, 17, 8, 16], [23, 18, 24, 19]]"
12n_0007_3,"[[23, 18, 24, 19], [1, 20, 2, 21], [13, 23, 14, 22], [19, 24, 20, 1], [2, 6, 3, 5], [4, 9, 5, 10], [6, 12, 7, 11], [15, 9, 16, 8], [10, 3, 11, 4], [17, 12, 18, 13], [21, 15, 22, 14], [7, 17, 8, 16]]"
12n_0007_4,"[[7, 17, 8, 16], [23, 18, 24, 19], [1, 20, 2, 21], [13, 23, 14, 22], [19, 24, 20, 1], [2, 6, 3, 5], [4, 9, 5, 10], [6, 12, 7, 11], [15, 9, 16, 8], [10, 3, 11, 4], [17, 12, 18, 13], [21, 15, 22, 14]]"
12n_0007_5,"[[21, 15, 22, 14], [7, 17, 8, 16], [23, 18, 24, 19], [1, 20, 2, 21], [13, 23, 14, 22], [19, 24, 20, 1], [2, 6, 3, 5], [4, 9, 5, 10], [6, 12, 7, 11], [15, 9, 16, 8], [10, 3, 11, 4], [17, 12, 18, 13]]"
12n_0007_6,"[[17, 12, 18, 13], [21, 15, 22, 14], [7, 17, 8, 16], [23, 18, 24, 19], [1, 20, 2, 21], [13, 23, 14, 22], [19, 24, 20, 1], [2, 6, 3, 5], [4, 9, 5, 10], [6, 12, 7, 11], [15, 9, 16, 8], [10, 3, 11, 4]]"
12n_0007_7,"[[10, 3, 11, 4], [17, 12, 18, 13], [21, 15, 22, 14], [7, 17, 8, 16], [23, 18, 24, 19], [1, 20, 2, 21], [13, 23, 14, 22], [19, 24, 20, 1], [2, 6, 3, 5], [4, 9, 5, 10], [6, 12, 7, 11], [15, 9, 16, 8]]"
12n_0007_8,"[[15, 9, 16, 8], [10, 3, 11, 4], [17, 12, 18, 13], [21, 15, 22, 14], [7, 17, 8, 16], [23, 18, 24, 19], [1, 20, 2, 21], [13, 23, 14, 22], [19, 24, 20, 1], [2, 6, 3, 5], [4, 9, 5, 10], [6, 12, 7, 11]]"
12n_0007_9,"[[6, 12, 7, 11], [15, 9, 16, 8], [10, 3, 11, 4], [17, 12, 18, 13], [21, 15, 22, 14], [7, 17, 8, 16], [23, 18, 24, 19], [1, 20, 2, 21], [13, 23, 14, 22], [19, 24, 20, 1], [2, 6, 3, 5], [4, 9, 5, 10]]"
12n_0007_10,"[[4, 9, 5, 10], [6, 12, 7, 11], [15, 9, 16, 8], [10, 3, 11, 4], [17, 12, 18, 13], [21, 15, 22, 14], [7, 17, 8, 16], [23, 18, 24, 19], [1, 20, 2, 21], [13, 23, 14, 22], [19, 24, 20, 1], [2, 6, 3, 5]]"
12n_0007_11,"[[2, 6, 3, 5], [4, 9, 5, 10], [6, 12, 7, 11], [15, 9, 16, 8], [10, 3, 11, 4], [17, 12, 18, 13], [21, 15, 22, 14], [7, 17, 8, 16], [23, 18, 24, 19], [1, 20, 2, 21], [13, 23, 14, 22], [19, 24, 20, 1]]"
12n_0007_12,"[[20, 1, 21, 2], [3, 7, 4, 6], [5, 10, 6, 11], [7, 13, 8, 12], [16, 10, 17, 9], [11, 4, 12, 5], [18, 13, 19, 14], [22, 16, 23, 15], [8, 18, 9, 17], [24, 19, 1, 20], [2, 21, 3, 22], [14, 24, 15, 23]]"
12n_0007_13,"[[14, 24, 15, 23], [20, 1, 21, 2], [3, 7, 4, 6], [5, 10, 6, 11], [7, 13, 8, 12], [16, 10, 17, 9], [11, 4, 12, 5], [18, 13, 19, 14], [22, 16, 23, 15], [8, 18, 9, 17], [24, 19, 1, 20], [2, 21, 3, 22]]"
12n_0007_14,"[[2, 21, 3, 22], [14, 24, 15, 23], [20, 1, 21, 2], [3, 7, 4, 6], [5, 10, 6, 11], [7, 13, 8, 12], [16, 10, 17, 9], [11, 4, 12, 5], [18, 13, 19, 14], [22, 16, 23, 15], [8, 18, 9, 17], [24, 19, 1, 20]]"
12n_0007_15,"[[24, 19, 1, 20], [2, 21, 3, 22], [14, 24, 15, 23], [20, 1, 21, 2], [3, 7, 4, 6], [5, 10, 6, 11], [7, 13, 8, 12], [16, 10, 17, 9], [11, 4, 12, 5], [18, 13, 19, 14], [22, 16, 23, 15], [8, 18, 9, 17]]"
12n_0007_16,"[[8, 18, 9, 17], [24, 19, 1, 20], [2, 21, 3, 22], [14, 24, 15, 23], [20, 1, 21, 2], [3, 7, 4, 6], [5, 10, 6, 11], [7, 13, 8, 12], [16, 10, 17, 9], [11, 4, 12, 5], [18, 13, 19, 14], [22, 16, 23, 15]]"
12n_0007_17,"[[22, 16, 23, 15], [8, 18, 9, 17], [24, 19, 1, 20], [2, 21, 3, 22], [14, 24, 15, 23], [20, 1, 21, 2], [3, 7, 4, 6], [5, 10, 6, 11], [7, 13, 8, 12], [16, 10, 17, 9], [11, 4, 12, 5], [18, 13, 19, 14]]"
12n_0007_18,"[[18, 13, 19, 14], [22, 16, 23, 15], [8, 18, 9, 17], [24, 19, 1, 20], [2, 21, 3, 22], [14, 24, 15, 23], [20, 1, 21, 2], [3, 7, 4, 6], [5, 10, 6, 11], [7, 13, 8, 12], [16, 10, 17, 9], [11, 4, 12, 5]]"
12n_0007_19,"[[11, 4, 12, 5], [18, 13, 19, 14], [22, 16, 23, 15], [8, 18, 9, 17], [24, 19, 1, 20], [2, 21, 3, 22], [14, 24, 15, 23], [20, 1, 21, 2], [3, 7, 4, 6], [5, 10, 6, 11], [7, 13, 8, 12], [16, 10, 17, 9]]"
12n_0007_20,"[[16, 10, 17, 9], [11, 4, 12, 5], [18, 13, 19, 14], [22, 16, 23, 15], [8, 18, 9, 17], [24, 19, 1, 20], [2, 21, 3, 22], [14, 24, 15, 23], [20, 1, 21, 2], [3, 7, 4, 6], [5, 10, 6, 11], [7, 13, 8, 12]]"
12n_0007_21,"[[7, 13, 8, 12], [16, 10, 17, 9], [11, 4, 12, 5], [18, 13, 19, 14], [22, 16, 23, 15], [8, 18, 9, 17], [24, 19, 1, 20], [2, 21, 3, 22], [14, 24, 15, 23], [20, 1, 21, 2], [3, 7, 4, 6], [5, 10, 6, 11]]"
12n_0007_22,"[[5, 10, 6, 11], [7, 13, 8, 12], [16, 10, 17, 9], [11, 4, 12, 5], [18, 13, 19, 14], [22, 16, 23, 15], [8, 18, 9, 17], [24, 19, 1, 20], [2, 21, 3, 22], [14, 24, 15, 23], [20, 1, 21, 2], [3, 7, 4, 6]]"
12n_0007_23,"[[3, 7, 4, 6], [5, 10, 6, 11], [7, 13, 8, 12], [16, 10, 17, 9], [11, 4, 12, 5], [18, 13, 19, 14], [22, 16, 23, 15], [8, 18, 9, 17], [24, 19, 1, 20], [2, 21, 3, 22], [14, 24, 15, 23], [20, 1, 21, 2]]"
12n_0007_24,"[[21, 2, 22, 3], [4, 8, 5, 7], [6, 11, 7, 12], [8, 14, 9, 13], [17, 11, 18, 10], [12, 5, 13, 6], [19, 14, 20, 15], [23, 17, 24, 16], [9, 19, 10, 18], [1, 20, 2, 21], [3, 22, 4, 23], [15, 1, 16, 24]]"
12n_0007_25,"[[15, 1, 16, 24], [21, 2, 22, 3], [4, 8, 5, 7], [6, 11, 7, 12], [8, 14, 9, 13], [17, 11, 18, 10], [12, 5, 13, 6], [19, 14, 20, 15], [23, 17, 24, 16], [9, 19, 10, 18], [1, 20, 2, 21], [3, 22, 4, 23]]"
12n_0007_26,"[[3, 22, 4, 23], [15, 1, 16, 24], [21, 2, 22, 3], [4, 8, 5, 7], [6, 11, 7, 12], [8, 14, 9, 13], [17, 11, 18, 10], [12, 5, 13, 6], [19, 14, 20, 15], [23, 17, 24, 16], [9, 19, 10, 18], [1, 20, 2, 21]]"
12n_0007_27,"[[1, 20, 2, 21], [3, 22, 4, 23], [15, 1, 16, 24], [21, 2, 22, 3], [4, 8, 5, 7], [6, 11, 7, 12], [8, 14, 9, 13], [17, 11, 18, 10], [12, 5, 13, 6], [19, 14, 20, 15], [23, 17, 24, 16], [9, 19, 10, 18]]"
12n_0007_28,"[[9, 19, 10, 18], [1, 20, 2, 21], [3, 22, 4, 23], [15, 1, 16, 24], [21, 2, 22, 3], [4, 8, 5, 7], [6, 11, 7, 12], [8, 14, 9, 13], [17, 11, 18, 10], [12, 5, 13, 6], [19, 14, 20, 15], [23, 17, 24, 16]]"
12n_0007_29,"[[23, 17, 24, 16], [9, 19, 10, 18], [1, 20, 2, 21], [3, 22, 4, 23], [15, 1, 16, 24], [21, 2, 22, 3], [4, 8, 5, 7], [6, 11, 7, 12], [8, 14, 9, 13], [17, 11, 18, 10], [12, 5, 13, 6], [19, 14, 20, 15]]"
12n_0007_30,"[[19, 14, 20, 15], [23, 17, 24, 16], [9, 19, 10, 18], [1, 20, 2, 21], [3, 22, 4, 23], [15, 1, 16, 24], [21, 2, 22, 3], [4, 8, 5, 7], [6, 11, 7, 12], [8, 14, 9, 13], [17, 11, 18, 10], [12, 5, 13, 6]]"
12n_0007_31,"[[12, 5, 13, 6], [19, 14, 20, 15], [23, 17, 24, 16], [9, 19, 10, 18], [1, 20, 2, 21], [3, 22, 4, 23], [15, 1, 16, 24], [21, 2, 22, 3], [4, 8, 5, 7], [6, 11, 7, 12], [8, 14, 9, 13], [17, 11, 18, 10]]"
12n_0007_32,"[[17, 11, 18, 10], [12, 5, 13, 6], [19, 14, 20, 15], [23, 17, 24, 16], [9, 19, 10, 18], [1, 20, 2, 21], [3, 22, 4, 23], [15, 1, 16, 24], [21, 2, 22, 3], [4, 8, 5, 7], [6, 11, 7, 12], [8, 14, 9, 13]]"
12n_0007_33,"[[8, 14, 9, 13], [17, 11, 18, 10], [12, 5, 13, 6], [19, 14, 20, 15], [23, 17, 24, 16], [9, 19, 10, 18], [1, 20, 2, 21], [3, 22, 4, 23], [15, 1, 16, 24], [21, 2, 22, 3], [4, 8, 5, 7], [6, 11, 7, 12]]"
12n_0007_34,"[[6, 11, 7, 12], [8, 14, 9, 13], [17, 11, 18, 10], [12, 5, 13, 6], [19, 14, 20, 15], [23, 17, 24, 16], [9, 19, 10, 18], [1, 20, 2, 21], [3, 22, 4, 23], [15, 1, 16, 24], [21, 2, 22, 3], [4, 8, 5, 7]]"
12n_0007_35,"[[4, 8, 5, 7], [6, 11, 7, 12], [8, 14, 9, 13], [17, 11, 18, 10], [12, 5, 13, 6], [19, 14, 20, 15], [23, 17, 24, 16], [9, 19, 10, 18], [1, 20, 2, 21], [3, 22, 4, 23], [15, 1, 16, 24], [21, 2, 22, 3]]"
12n_0007_36,"[[22, 3, 23, 4], [5, 9, 6, 8], [7, 12, 8, 13], [9, 15, 10, 14], [18, 12, 19, 11], [13, 6, 14, 7], [20, 15, 21, 16], [24, 18, 1, 17], [10, 20, 11, 19], [2, 21, 3, 22], [4, 23, 5, 24], [16, 2, 17, 1]]"
12n_0007_37,"[[16, 2, 17, 1], [22, 3, 23, 4], [5, 9, 6, 8], [7, 12, 8, 13], [9, 15, 10, 14], [18, 12, 19, 11], [13, 6, 14, 7], [20, 15, 21, 16], [24, 18, 1, 17], [10, 20, 11, 19], [2, 21, 3, 22], [4, 23, 5, 24]]"
12n_0007_38,"[[4, 23, 5, 24], [16, 2, 17, 1], [22, 3, 23, 4], [5, 9, 6, 8], [7, 12, 8, 13], [9, 15, 10, 14], [18, 12, 19, 11], [13, 6, 14, 7], [20, 15, 21, 16], [24, 18, 1, 17], [10, 20, 11, 19], [2, 21, 3, 22]]"
12n_0007_39,"[[2, 21, 3, 22], [4, 23, 5, 24], [16, 2, 17, 1], [22, 3, 23, 4], [5, 9, 6, 8], [7, 12, 8, 13], [9, 15, 10, 14], [18, 12, 19, 11], [13, 6, 14, 7], [20, 15, 21, 16], [24, 18, 1, 17], [10, 20, 11, 19]]"
12n_0007_40,"[[10, 20, 11, 19], [2, 21, 3, 22], [4, 23, 5, 24], [16, 2, 17, 1], [22, 3, 23, 4], [5, 9, 6, 8], [7, 12, 8, 13], [9, 15, 10, 14], [18, 12, 19, 11], [13, 6, 14, 7], [20, 15, 21, 16], [24, 18, 1, 17]]"
12n_0007_41,"[[24, 18, 1, 17], [10, 20, 11, 19], [2, 21, 3, 22], [4, 23, 5, 24], [16, 2, 17, 1], [22, 3, 23, 4], [5, 9, 6, 8], [7, 12, 8, 13], [9, 15, 10, 14], [18, 12, 19, 11], [13, 6, 14, 7], [20, 15, 21, 16]]"
12n_0007_42,"[[20, 15, 21, 16], [24, 18, 1, 17], [10, 20, 11, 19], [2, 21, 3, 22], [4, 23, 5, 24], [16, 2, 17, 1], [22, 3, 23, 4], [5, 9, 6, 8], [7, 12, 8, 13], [9, 15, 10, 14], [18, 12, 19, 11], [13, 6, 14, 7]]"
12n_0007_43,"[[13, 6, 14, 7], [20, 15, 21, 16], [24, 18, 1, 17], [10, 20, 11, 19], [2, 21, 3, 22], [4, 23, 5, 24], [16, 2, 17, 1], [22, 3, 23, 4], [5, 9, 6, 8], [7, 12, 8, 13], [9, 15, 10, 14], [18, 12, 19, 11]]"
12n_0007_44,"[[18, 12, 19, 11], [13, 6, 14, 7], [20, 15, 21, 16], [24, 18, 1, 17], [10, 20, 11, 19], [2, 21, 3, 22], [4, 23, 5, 24], [16, 2, 17, 1], [22, 3, 23, 4], [5, 9, 6, 8], [7, 12, 8, 13], [9, 15, 10, 14]]"
12n_0007_45,"[[9, 15, 10, 14], [18, 12, 19, 11], [13, 6, 14, 7], [20, 15, 21, 16], [24, 18, 1, 17], [10, 20, 11, 19], [2, 21, 3, 22], [4, 23, 5, 24], [16, 2, 17, 1], [22, 3, 23, 4], [5, 9, 6, 8], [7, 12, 8, 13]]"
12n_0007_46,"[[7, 12, 8, 13], [9, 15, 10, 14], [18, 12, 19, 11], [13, 6, 14, 7], [20, 15, 21, 16], [24, 18, 1, 17], [10, 20, 11, 19], [2, 21, 3, 22], [4, 23, 5, 24], [16, 2, 17, 1], [22, 3, 23, 4], [5, 9, 6, 8]]"
12n_0007_47,"[[5, 9, 6, 8], [7, 12, 8, 13], [9, 15, 10, 14], [18, 12, 19, 11], [13, 6, 14, 7], [20, 15, 21, 16], [24, 18, 1, 17], [10, 20, 11, 19], [2, 21, 3, 22], [4, 23, 5, 24], [16, 2, 17, 1], [22, 3, 23, 4]]"
12n_0007_48,"[[23, 4, 24, 5], [6, 10, 7, 9], [8, 13, 9, 14], [10, 16, 11, 15], [19, 13, 20, 12], [14, 7, 15, 8], [21, 16, 22, 17], [1, 19, 2, 18], [11, 21, 12, 20], [3, 22, 4, 23], [5, 24, 6, 1], [17, 3, 18, 2]]"
12n_0007_49,"[[17, 3, 18, 2], [23, 4, 24, 5], [6, 10, 7, 9], [8, 13, 9, 14], [10, 16, 11, 15], [19, 13, 20, 12], [14, 7, 15, 8], [21, 16, 22, 17], [1, 19, 2, 18], [11, 21, 12, 20], [3, 22, 4, 23], [5, 24, 6, 1]]"
12n_0007_50,"[[5, 24, 6, 1], [17, 3, 18, 2], [23, 4, 24, 5], [6, 10, 7, 9], [8, 13, 9, 14], [10, 16, 11, 15], [19, 13, 20, 12], [14, 7, 15, 8], [21, 16, 22, 17], [1, 19, 2, 18], [11, 21, 12, 20], [3, 22, 4, 23]]"
12n_0007_51,"[[3, 22, 4, 23], [5, 24, 6, 1], [17, 3, 18, 2], [23, 4, 24, 5], [6, 10, 7, 9], [8, 13, 9, 14], [10, 16, 11, 15], [19, 13, 20, 12], [14, 7, 15, 8], [21, 16, 22, 17], [1, 19, 2, 18], [11, 21, 12, 20]]"
12n_0007_52,"[[11, 21, 12, 20], [3, 22, 4, 23], [5, 24, 6, 1], [17, 3, 18, 2], [23, 4, 24, 5], [6, 10, 7, 9], [8, 13, 9, 14], [10, 16, 11, 15], [19, 13, 20, 12], [14, 7, 15, 8], [21, 16, 22, 17], [1, 19, 2, 18]]"
12n_0007_53,"[[1, 19, 2, 18], [11, 21, 12, 20], [3, 22, 4, 23], [5, 24, 6, 1], [17, 3, 18, 2], [23, 4, 24, 5], [6, 10, 7, 9], [8, 13, 9, 14], [10, 16, 11, 15], [19, 13, 20, 12], [14, 7, 15, 8], [21, 16, 22, 17]]"
12n_0007_54,"[[21, 16, 22, 17], [1, 19, 2, 18], [11, 21, 12, 20], [3, 22, 4, 23], [5, 24, 6, 1], [17, 3, 18, 2], [23, 4, 24, 5], [6, 10, 7, 9], [8, 13, 9, 14], [10, 16, 11, 15], [19, 13, 20, 12], [14, 7, 15, 8]]"
12n_0007_55,"[[14, 7, 15, 8], [21, 16, 22, 17], [1, 19, 2, 18], [11, 21, 12, 20], [3, 22, 4, 23], [5, 24, 6, 1], [17, 3, 18, 2], [23, 4, 24, 5], [6, 10, 7, 9], [8, 13, 9, 14], [10, 16, 11, 15], [19, 13, 20, 12]]"
12n_0007_56,"[[19, 13, 20, 12], [14, 7, 15, 8], [21, 16, 22, 17], [1, 19, 2, 18], [11, 21, 12, 20], [3, 22, 4, 23], [5, 24, 6, 1], [17, 3, 18, 2], [23, 4, 24, 5], [6, 10, 7, 9], [8, 13, 9, 14], [10, 16, 11, 15]]"
12n_0007_57,"[[10, 16, 11, 15], [19, 13, 20, 12], [14, 7, 15, 8], [21, 16, 22, 17], [1, 19, 2, 18], [11, 21, 12, 20], [3, 22, 4, 23], [5, 24, 6, 1], [17, 3, 18, 2], [23, 4, 24, 5], [6, 10, 7, 9], [8, 13, 9, 14]]"
12n_0007_58,"[[8, 13, 9, 14], [10, 16, 11, 15], [19, 13, 20, 12], [14, 7, 15, 8], [21, 16, 22, 17], [1, 19, 2, 18], [11, 21, 12, 20], [3, 22, 4, 23], [5, 24, 6, 1], [17, 3, 18, 2], [23, 4, 24, 5], [6, 10, 7, 9]]"
12n_0007_59,"[[6, 10, 7, 9], [8, 13, 9, 14], [10, 16, 11, 15], [19, 13, 20, 12], [14, 7, 15, 8], [21, 16, 22, 17], [1, 19, 2, 18], [11, 21, 12, 20], [3, 22, 4, 23], [5, 24, 6, 1], [17, 3, 18, 2], [23, 4, 24, 5]]"
12n_0007_60,"[[24, 5, 1, 6], [7, 11, 8, 10], [9, 14, 10, 15], [11, 17, 12, 16], [20, 14, 21, 13], [15, 8, 16, 9], [22, 17, 23, 18], [2, 20, 3, 19], [12, 22, 13, 21], [4, 23, 5, 24], [6, 1, 7, 2], [18, 4, 19, 3]]"
12n_0007_61,"[[18, 4, 19, 3], [24, 5, 1, 6], [7, 11, 8, 10], [9, 14, 10, 15], [11, 17, 12, 16], [20, 14, 21, 13], [15, 8, 16, 9], [22, 17, 23, 18], [2, 20, 3, 19], [12, 22, 13, 21], [4, 23, 5, 24], [6, 1, 7, 2]]"
12n_0007_62,"[[6, 1, 7, 2], [18, 4, 19, 3], [24, 5, 1, 6], [7, 11, 8, 10], [9, 14, 10, 15], [11, 17, 12, 16], [20, 14, 21, 13], [15, 8, 16, 9], [22, 17, 23, 18], [2, 20, 3, 19], [12, 22, 13, 21], [4, 23, 5, 24]]"
12n_0007_63,"[[4, 23, 5, 24], [6, 1, 7, 2], [18, 4, 19, 3], [24, 5, 1, 6], [7, 11, 8, 10], [9, 14, 10, 15], [11, 17, 12, 16], [20, 14, 21, 13], [15, 8, 16, 9], [22, 17, 23, 18], [2, 20, 3, 19], [12, 22, 13, 21]]"
12n_0007_64,"[[12, 22, 13, 21], [4, 23, 5, 24], [6, 1, 7, 2], [18, 4, 19, 3], [24, 5, 1, 6], [7, 11, 8, 10], [9, 14, 10, 15], [11, 17, 12, 16], [20, 14, 21, 13], [15, 8, 16, 9], [22, 17, 23, 18], [2, 20, 3, 19]]"
12n_0007_65,"[[2, 20, 3, 19], [12, 22, 13, 21], [4, 23, 5, 24], [6, 1, 7, 2], [18, 4, 19, 3], [24, 5, 1, 6], [7, 11, 8, 10], [9, 14, 10, 15], [11, 17, 12, 16], [20, 14, 21, 13], [15, 8, 16, 9], [22, 17, 23, 18]]"
12n_0007_66,"[[22, 17, 23, 18], [2, 20, 3, 19], [12, 22, 13, 21], [4, 23, 5, 24], [6, 1, 7, 2], [18, 4, 19, 3], [24, 5, 1, 6], [7, 11, 8, 10], [9, 14, 10, 15], [11, 17, 12, 16], [20, 14, 21, 13], [15, 8, 16, 9]]"
12n_0007_67,"[[15, 8, 16, 9], [22, 17, 23, 18], [2, 20, 3, 19], [12, 22, 13, 21], [4, 23, 5, 24], [6, 1, 7, 2], [18, 4, 19, 3], [24, 5, 1, 6], [7, 11, 8, 10], [9, 14, 10, 15], [11, 17, 12, 16], [20, 14, 21, 13]]"
12n_0007_68,"[[20, 14, 21, 13], [15, 8, 16, 9], [22, 17, 23, 18], [2, 20, 3, 19], [12, 22, 13, 21], [4, 23, 5, 24], [6, 1, 7, 2], [18, 4, 19, 3], [24, 5, 1, 6], [7, 11, 8, 10], [9, 14, 10, 15], [11, 17, 12, 16]]"
12n_0007_69,"[[11, 17, 12, 16], [20, 14, 21, 13], [15, 8, 16, 9], [22, 17, 23, 18], [2, 20, 3, 19], [12, 22, 13, 21], [4, 23, 5, 24], [6, 1, 7, 2], [18, 4, 19, 3], [24, 5, 1, 6], [7, 11, 8, 10], [9, 14, 10, 15]]"
12n_0007_70,"[[9, 14, 10, 15], [11, 17, 12, 16], [20, 14, 21, 13], [15, 8, 16, 9], [22, 17, 23, 18], [2, 20, 3, 19], [12, 22, 13, 21], [4, 23, 5, 24], [6, 1, 7, 2], [18, 4, 19, 3], [24, 5, 1, 6], [7, 11, 8, 10]]"
12n_0007_71,"[[7, 11, 8, 10], [9, 14, 10, 15], [11, 17, 12, 16], [20, 14, 21, 13], [15, 8, 16, 9], [22, 17, 23, 18], [2, 20, 3, 19], [12, 22, 13, 21], [4, 23, 5, 24], [6, 1, 7, 2], [18, 4, 19, 3], [24, 5, 1, 6]]"
12n_0007_72,"[[1, 6, 2, 7], [8, 12, 9, 11], [10, 15, 11, 16], [12, 18, 13, 17], [21, 15, 22, 14], [16, 9, 17, 10], [23, 18, 24, 19], [3, 21, 4, 20], [13, 23, 14, 22], [5, 24, 6, 1], [7, 2, 8, 3], [19, 5, 20, 4]]"
12n_0007_73,"[[19, 5, 20, 4], [1, 6, 2, 7], [8, 12, 9, 11], [10, 15, 11, 16], [12, 18, 13, 17], [21, 15, 22, 14], [16, 9, 17, 10], [23, 18, 24, 19], [3, 21, 4, 20], [13, 23, 14, 22], [5, 24, 6, 1], [7, 2, 8, 3]]"
12n_0007_74,"[[7, 2, 8, 3], [19, 5, 20, 4], [1, 6, 2, 7], [8, 12, 9, 11], [10, 15, 11, 16], [12, 18, 13, 17], [21, 15, 22, 14], [16, 9, 17, 10], [23, 18, 24, 19], [3, 21, 4, 20], [13, 23, 14, 22], [5, 24, 6, 1]]"
12n_0007_75,"[[5, 24, 6, 1], [7, 2, 8, 3], [19, 5, 20, 4], [1, 6, 2, 7], [8, 12, 9, 11], [10, 15, 11, 16], [12, 18, 13, 17], [21, 15, 22, 14], [16, 9, 17, 10], [23, 18, 24, 19], [3, 21, 4, 20], [13, 23, 14, 22]]"
12n_0007_76,"[[13, 23, 14, 22], [5, 24, 6, 1], [7, 2, 8, 3], [19, 5, 20, 4], [1, 6, 2, 7], [8, 12, 9, 11], [10, 15, 11, 16], [12, 18, 13, 17], [21, 15, 22, 14], [16, 9, 17, 10], [23, 18, 24, 19], [3, 21, 4, 20]]"
12n_0007_77,"[[3, 21, 4, 20], [13, 23, 14, 22], [5, 24, 6, 1], [7, 2, 8, 3], [19, 5, 20, 4], [1, 6, 2, 7], [8, 12, 9, 11], [10, 15, 11, 16], [12, 18, 13, 17], [21, 15, 22, 14], [16, 9, 17, 10], [23, 18, 24, 19]]"
12n_0007_78,"[[23, 18, 24, 19], [3, 21, 4, 20], [13, 23, 14, 22], [5, 24, 6, 1], [7, 2, 8, 3], [19, 5, 20, 4], [1, 6, 2, 7], [8, 12, 9, 11], [10, 15, 11, 16], [12, 18, 13, 17], [21, 15, 22, 14], [16, 9, 17, 10]]"
12n_0007_79,"[[16, 9, 17, 10], [23, 18, 24, 19], [3, 21, 4, 20], [13, 23, 14, 22], [5, 24, 6, 1], [7, 2, 8, 3], [19, 5, 20, 4], [1, 6, 2, 7], [8, 12, 9, 11], [10, 15, 11, 16], [12, 18, 13, 17], [21, 15, 22, 14]]"
12n_0007_80,"[[21, 15, 22, 14], [16, 9, 17, 10], [23, 18, 24, 19], [3, 21, 4, 20], [13, 23, 14, 22], [5, 24, 6, 1], [7, 2, 8, 3], [19, 5, 20, 4], [1, 6, 2, 7], [8, 12, 9, 11], [10, 15, 11, 16], [12, 18, 13, 17]]"
12n_0007_81,"[[12, 18, 13, 17], [21, 15, 22, 14], [16, 9, 17, 10], [23, 18, 24, 19], [3, 21, 4, 20], [13, 23, 14, 22], [5, 24, 6, 1], [7, 2, 8, 3], [19, 5, 20, 4], [1, 6, 2, 7], [8, 12, 9, 11], [10, 15, 11, 16]]"
12n_0007_82,"[[10, 15, 11, 16], [12, 18, 13, 17], [21, 15, 22, 14], [16, 9, 17, 10], [23, 18, 24, 19], [3, 21, 4, 20], [13, 23, 14, 22], [5, 24, 6, 1], [7, 2, 8, 3], [19, 5, 20, 4], [1, 6, 2, 7], [8, 12, 9, 11]]"
12n_0007_83,"[[8, 12, 9, 11], [10, 15, 11, 16], [12, 18, 13, 17], [21, 15, 22, 14], [16, 9, 17, 10], [23, 18, 24, 19], [3, 21, 4, 20], [13, 23, 14, 22], [5, 24, 6, 1], [7, 2, 8, 3], [19, 5, 20, 4], [1, 6, 2, 7]]"
12n_0007_84,"[[2, 7, 3, 8], [9, 13, 10, 12], [11, 16, 12, 17], [13, 19, 14, 18], [22, 16, 23, 15], [17, 10, 18, 11], [24, 19, 1, 20], [4, 22, 5, 21], [14, 24, 15, 23], [6, 1, 7, 2], [8, 3, 9, 4], [20, 6, 21, 5]]"
12n_0007_85,"[[20, 6, 21, 5], [2, 7, 3, 8], [9, 13, 10, 12], [11, 16, 12, 17], [13, 19, 14, 18], [22, 16, 23, 15], [17, 10, 18, 11], [24, 19, 1, 20], [4, 22, 5, 21], [14, 24, 15, 23], [6, 1, 7, 2], [8, 3, 9, 4]]"
12n_0007_86,"[[8, 3, 9, 4], [20, 6, 21, 5], [2, 7, 3, 8], [9, 13, 10, 12], [11, 16, 12, 17], [13, 19, 14, 18], [22, 16, 23, 15], [17, 10, 18, 11], [24, 19, 1, 20], [4, 22, 5, 21], [14, 24, 15, 23], [6, 1, 7, 2]]"
12n_0007_87,"[[6, 1, 7, 2], [8, 3, 9, 4], [20, 6, 21, 5], [2, 7, 3, 8], [9, 13, 10, 12], [11, 16, 12, 17], [13, 19, 14, 18], [22, 16, 23, 15], [17, 10, 18, 11], [24, 19, 1, 20], [4, 22, 5, 21], [14, 24, 15, 23]]"
12n_0007_88,"[[14, 24, 15, 23], [6, 1, 7, 2], [8, 3, 9, 4], [20, 6, 21, 5], [2, 7, 3, 8], [9, 13, 10, 12], [11, 16, 12, 17], [13, 19, 14, 18], [22, 16, 23, 15], [17, 10, 18, 11], [24, 19, 1, 20], [4, 22, 5, 21]]"
12n_0007_89,"[[4, 22, 5, 21], [14, 24, 15, 23], [6, 1, 7, 2], [8, 3, 9, 4], [20, 6, 21, 5], [2, 7, 3, 8], [9, 13, 10, 12], [11, 16, 12, 17], [13, 19, 14, 18], [22, 16, 23, 15], [17, 10, 18, 11], [24, 19, 1, 20]]"
12n_0007_90,"[[24, 19, 1, 20], [4, 22, 5, 21], [14, 24, 15, 23], [6, 1, 7, 2], [8, 3, 9, 4], [20, 6, 21, 5], [2, 7, 3, 8], [9, 13, 10, 12], [11, 16, 12, 17], [13, 19, 14, 18], [22, 16, 23, 15], [17, 10, 18, 11]]"
12n_0007_91,"[[17, 10, 18, 11], [24, 19, 1, 20], [4, 22, 5, 21], [14, 24, 15, 23], [6, 1, 7, 2], [8, 3, 9, 4], [20, 6, 21, 5], [2, 7, 3, 8], [9, 13, 10, 12], [11, 16, 12, 17], [13, 19, 14, 18], [22, 16, 23, 15]]"
12n_0007_92,"[[22, 16, 23, 15], [17, 10, 18, 11], [24, 19, 1, 20], [4, 22, 5, 21], [14, 24, 15, 23], [6, 1, 7, 2], [8, 3, 9, 4], [20, 6, 21, 5], [2, 7, 3, 8], [9, 13, 10, 12], [11, 16, 12, 17], [13, 19, 14, 18]]"
12n_0007_93,"[[13, 19, 14, 18], [22, 16, 23, 15], [17, 10, 18, 11], [24, 19, 1, 20], [4, 22, 5, 21], [14, 24, 15, 23], [6, 1, 7, 2], [8, 3, 9, 4], [20, 6, 21, 5], [2, 7, 3, 8], [9, 13, 10, 12], [11, 16, 12, 17]]"
12n_0007_94,"[[11, 16, 12, 17], [13, 19, 14, 18], [22, 16, 23, 15], [17, 10, 18, 11], [24, 19, 1, 20], [4, 22, 5, 21], [14, 24, 15, 23], [6, 1, 7, 2], [8, 3, 9, 4], [20, 6, 21, 5], [2, 7, 3, 8], [9, 13, 10, 12]]"
12n_0007_95,"[[9, 13, 10, 12], [11, 16, 12, 17], [13, 19, 14, 18], [22, 16, 23, 15], [17, 10, 18, 11], [24, 19, 1, 20], [4, 22, 5, 21], [14, 24, 15, 23], [6, 1, 7, 2], [8, 3, 9, 4], [20, 6, 21, 5], [2, 7, 3, 8]]"
12n_0007_96,"[[3, 8, 4, 9], [10, 14, 11, 13], [12, 17, 13, 18], [14, 20, 15, 19], [23, 17, 24, 16], [18, 11, 19, 12], [1, 20, 2, 21], [5, 23, 6, 22], [15, 1, 16, 24], [7, 2, 8, 3], [9, 4, 10, 5], [21, 7, 22, 6]]"
12n_0007_97,"[[21, 7, 22, 6], [3, 8, 4, 9], [10, 14, 11, 13], [12, 17, 13, 18], [14, 20, 15, 19], [23, 17, 24, 16], [18, 11, 19, 12], [1, 20, 2, 21], [5, 23, 6, 22], [15, 1, 16, 24], [7, 2, 8, 3], [9, 4, 10, 5]]"
12n_0007_98,"[[9, 4, 10, 5], [21, 7, 22, 6], [3, 8, 4, 9], [10, 14, 11, 13], [12, 17, 13, 18], [14, 20, 15, 19], [23, 17, 24, 16], [18, 11, 19, 12], [1, 20, 2, 21], [5, 23, 6, 22], [15, 1, 16, 24], [7, 2, 8, 3]]"
12n_0007_99,"[[7, 2, 8, 3], [9, 4, 10, 5], [21, 7, 22, 6], [3, 8, 4, 9], [10, 14, 11, 13], [12, 17, 13, 18], [14, 20, 15, 19], [23, 17, 24, 16], [18, 11, 19, 12], [1, 20, 2, 21], [5, 23, 6, 22], [15, 1, 16, 24]]"
12n_0007_100,"[[15, 1, 16, 24], [7, 2, 8, 3], [9, 4, 10, 5], [21, 7, 22, 6], [3, 8, 4, 9], [10, 14, 11, 13], [12, 17, 13, 18], [14, 20, 15, 19], [23, 17, 24, 16], [18, 11, 19, 12], [1, 20, 2, 21], [5, 23, 6, 22]]"
12n_0007_101,"[[5, 23, 6, 22], [15, 1, 16, 24], [7, 2, 8, 3], [9, 4, 10, 5], [21, 7, 22, 6], [3, 8, 4, 9], [10, 14, 11, 13], [12, 17, 13, 18], [14, 20, 15, 19], [23, 17, 24, 16], [18, 11, 19, 12], [1, 20, 2, 21]]"
12n_0007_102,"[[1, 20, 2, 21], [5, 23, 6, 22], [15, 1, 16, 24], [7, 2, 8, 3], [9, 4, 10, 5], [21, 7, 22, 6], [3, 8, 4, 9], [10, 14, 11, 13], [12, 17, 13, 18], [14, 20, 15, 19], [23, 17, 24, 16], [18, 11, 19, 12]]"
12n_0007_103,"[[18, 11, 19, 12], [1, 20, 2, 21], [5, 23, 6, 22], [15, 1, 16, 24], [7, 2, 8, 3], [9, 4, 10, 5], [21, 7, 22, 6], [3, 8, 4, 9], [10, 14, 11, 13], [12, 17, 13, 18], [14, 20, 15, 19], [23, 17, 24, 16]]"
12n_0007_104,"[[23, 17, 24, 16], [18, 11, 19, 12], [1, 20, 2, 21], [5, 23, 6, 22], [15, 1, 16, 24], [7, 2, 8, 3], [9, 4, 10, 5], [21, 7, 22, 6], [3, 8, 4, 9], [10, 14, 11, 13], [12, 17, 13, 18], [14, 20, 15, 19]]"
12n_0007_105,"[[14, 20, 15, 19], [23, 17, 24, 16], [18, 11, 19, 12], [1, 20, 2, 21], [5, 23, 6, 22], [15, 1, 16, 24], [7, 2, 8, 3], [9, 4, 10, 5], [21, 7, 22, 6], [3, 8, 4, 9], [10, 14, 11, 13], [12, 17, 13, 18]]"
12n_0007_106,"[[12, 17, 13, 18], [14, 20, 15, 19], [23, 17, 24, 16], [18, 11, 19, 12], [1, 20, 2, 21], [5, 23, 6, 22], [15, 1, 16, 24], [7, 2, 8, 3], [9, 4, 10, 5], [21, 7, 22, 6], [3, 8, 4, 9], [10, 14, 11, 13]]"
12n_0007_107,"[[10, 14, 11, 13], [12, 17, 13, 18], [14, 20, 15, 19], [23, 17, 24, 16], [18, 11, 19, 12], [1, 20, 2, 21], [5, 23, 6, 22], [15, 1, 16, 24], [7, 2, 8, 3], [9, 4, 10, 5], [21, 7, 22, 6], [3, 8, 4, 9]]"
12n_0007_108,"[[4, 9, 5, 10], [11, 15, 12, 14], [13, 18, 14, 19], [15, 21, 16, 20], [24, 18, 1, 17], [19, 12, 20, 13], [2, 21, 3, 22], [6, 24, 7, 23], [16, 2, 17, 1], [8, 3, 9, 4], [10, 5, 11, 6], [22, 8, 23, 7]]"
12n_0007_109,"[[22, 8, 23, 7], [4, 9, 5, 10], [11, 15, 12, 14], [13, 18, 14, 19], [15, 21, 16, 20], [24, 18, 1, 17], [19, 12, 20, 13], [2, 21, 3, 22], [6, 24, 7, 23], [16, 2, 17, 1], [8, 3, 9, 4], [10, 5, 11, 6]]"
12n_0007_110,"[[10, 5, 11, 6], [22, 8, 23, 7], [4, 9, 5, 10], [11, 15, 12, 14], [13, 18, 14, 19], [15, 21, 16, 20], [24, 18, 1, 17], [19, 12, 20, 13], [2, 21, 3, 22], [6, 24, 7, 23], [16, 2, 17, 1], [8, 3, 9, 4]]"
12n_0007_111,"[[8, 3, 9, 4], [10, 5, 11, 6], [22, 8, 23, 7], [4, 9, 5, 10], [11, 15, 12, 14], [13, 18, 14, 19], [15, 21, 16, 20], [24, 18, 1, 17], [19, 12, 20, 13], [2, 21, 3, 22], [6, 24, 7, 23], [16, 2, 17, 1]]"
12n_0007_112,"[[16, 2, 17, 1], [8, 3, 9, 4], [10, 5, 11, 6], [22, 8, 23, 7], [4, 9, 5, 10], [11, 15, 12, 14], [13, 18, 14, 19], [15, 21, 16, 20], [24, 18, 1, 17], [19, 12, 20, 13], [2, 21, 3, 22], [6, 24, 7, 23]]"
12n_0007_113,"[[6, 24, 7, 23], [16, 2, 17, 1], [8, 3, 9, 4], [10, 5, 11, 6], [22, 8, 23, 7], [4, 9, 5, 10], [11, 15, 12, 14], [13, 18, 14, 19], [15, 21, 16, 20], [24, 18, 1, 17], [19, 12, 20, 13], [2, 21, 3, 22]]"
12n_0007_114,"[[2, 21, 3, 22], [6, 24, 7, 23], [16, 2, 17, 1], [8, 3, 9, 4], [10, 5, 11, 6], [22, 8, 23, 7], [4, 9, 5, 10], [11, 15, 12, 14], [13, 18, 14, 19], [15, 21, 16, 20], [24, 18, 1, 17], [19, 12, 20, 13]]"
12n_0007_115,"[[19, 12, 20, 13], [2, 21, 3, 22], [6, 24, 7, 23], [16, 2, 17, 1], [8, 3, 9, 4], [10, 5, 11, 6], [22, 8, 23, 7], [4, 9, 5, 10], [11, 15, 12, 14], [13, 18, 14, 19], [15, 21, 16, 20], [24, 18, 1, 17]]"
12n_0007_116,"[[24, 18, 1, 17], [19, 12, 20, 13], [2, 21, 3, 22], [6, 24, 7, 23], [16, 2, 17, 1], [8, 3, 9, 4], [10, 5, 11, 6], [22, 8, 23, 7], [4, 9, 5, 10], [11, 15, 12, 14], [13, 18, 14, 19], [15, 21, 16, 20]]"
12n_0007_117,"[[15, 21, 16, 20], [24, 18, 1, 17], [19, 12, 20, 13], [2, 21, 3, 22], [6, 24, 7, 23], [16, 2, 17, 1], [8, 3, 9, 4], [10, 5, 11, 6], [22, 8, 23, 7], [4, 9, 5, 10], [11, 15, 12, 14], [13, 18, 14, 19]]"
12n_0007_118,"[[13, 18, 14, 19], [15, 21, 16, 20], [24, 18, 1, 17], [19, 12, 20, 13], [2, 21, 3, 22], [6, 24, 7, 23], [16, 2, 17, 1], [8, 3, 9, 4], [10, 5, 11, 6], [22, 8, 23, 7], [4, 9, 5, 10], [11, 15, 12, 14]]"
12n_0007_119,"[[11, 15, 12, 14], [13, 18, 14, 19], [15, 21, 16, 20], [24, 18, 1, 17], [19, 12, 20, 13], [2, 21, 3, 22], [6, 24, 7, 23], [16, 2, 17, 1], [8, 3, 9, 4], [10, 5, 11, 6], [22, 8, 23, 7], [4, 9, 5, 10]]"
12n_0007_120,"[[5, 10, 6, 11], [12, 16, 13, 15], [14, 19, 15, 20], [16, 22, 17, 21], [1, 19, 2, 18], [20, 13, 21, 14], [3, 22, 4, 23], [7, 1, 8, 24], [17, 3, 18, 2], [9, 4, 10, 5], [11, 6, 12, 7], [23, 9, 24, 8]]"
12n_0007_121,"[[23, 9, 24, 8], [5, 10, 6, 11], [12, 16, 13, 15], [14, 19, 15, 20], [16, 22, 17, 21], [1, 19, 2, 18], [20, 13, 21, 14], [3, 22, 4, 23], [7, 1, 8, 24], [17, 3, 18, 2], [9, 4, 10, 5], [11, 6, 12, 7]]"
12n_0007_122,"[[11, 6, 12, 7], [23, 9, 24, 8], [5, 10, 6, 11], [12, 16, 13, 15], [14, 19, 15, 20], [16, 22, 17, 21], [1, 19, 2, 18], [20, 13, 21, 14], [3, 22, 4, 23], [7, 1, 8, 24], [17, 3, 18, 2], [9, 4, 10, 5]]"
12n_0007_123,"[[9, 4, 10, 5], [11, 6, 12, 7], [23, 9, 24, 8], [5, 10, 6, 11], [12, 16, 13, 15], [14, 19, 15, 20], [16, 22, 17, 21], [1, 19, 2, 18], [20, 13, 21, 14], [3, 22, 4, 23], [7, 1, 8, 24], [17, 3, 18, 2]]"
12n_0007_124,"[[17, 3, 18, 2], [9, 4, 10, 5], [11, 6, 12, 7], [23, 9, 24, 8], [5, 10, 6, 11], [12, 16, 13, 15], [14, 19, 15, 20], [16, 22, 17, 21], [1, 19, 2, 18], [20, 13, 21, 14], [3, 22, 4, 23], [7, 1, 8, 24]]"
12n_0007_125,"[[7, 1, 8, 24], [17, 3, 18, 2], [9, 4, 10, 5], [11, 6, 12, 7], [23, 9, 24, 8], [5, 10, 6, 11], [12, 16, 13, 15], [14, 19, 15, 20], [16, 22, 17, 21], [1, 19, 2, 18], [20, 13, 21, 14], [3, 22, 4, 23]]"
12n_0007_126,"[[3, 22, 4, 23], [7, 1, 8, 24], [17, 3, 18, 2], [9, 4, 10, 5], [11, 6, 12, 7], [23, 9, 24, 8], [5, 10, 6, 11], [12, 16, 13, 15], [14, 19, 15, 20], [16, 22, 17, 21], [1, 19, 2, 18], [20, 13, 21, 14]]"
12n_0007_127,"[[20, 13, 21, 14], [3, 22, 4, 23], [7, 1, 8, 24], [17, 3, 18, 2], [9, 4, 10, 5], [11, 6, 12, 7], [23, 9, 24, 8], [5, 10, 6, 11], [12, 16, 13, 15], [14, 19, 15, 20], [16, 22, 17, 21], [1, 19, 2, 18]]"
12n_0007_128,"[[1, 19, 2, 18], [20, 13, 21, 14], [3, 22, 4, 23], [7, 1, 8, 24], [17, 3, 18, 2], [9, 4, 10, 5], [11, 6, 12, 7], [23, 9, 24, 8], [5, 10, 6, 11], [12, 16, 13, 15], [14, 19, 15, 20], [16, 22, 17, 21]]"
12n_0007_129,"[[16, 22, 17, 21], [1, 19, 2, 18], [20, 13, 21, 14], [3, 22, 4, 23], [7, 1, 8, 24], [17, 3, 18, 2], [9, 4, 10, 5], [11, 6, 12, 7], [23, 9, 24, 8], [5, 10, 6, 11], [12, 16, 13, 15], [14, 19, 15, 20]]"
12n_0007_130,"[[14, 19, 15, 20], [16, 22, 17, 21], [1, 19, 2, 18], [20, 13, 21, 14], [3, 22, 4, 23], [7, 1, 8, 24], [17, 3, 18, 2], [9, 4, 10, 5], [11, 6, 12, 7], [23, 9, 24, 8], [5, 10, 6, 11], [12, 16, 13, 15]]"
12n_0007_131,"[[12, 16, 13, 15], [14, 19, 15, 20], [16, 22, 17, 21], [1, 19, 2, 18], [20, 13, 21, 14], [3, 22, 4, 23], [7, 1, 8, 24], [17, 3, 18, 2], [9, 4, 10, 5], [11, 6, 12, 7], [23, 9, 24, 8], [5, 10, 6, 11]]"
12n_0007_132,"[[6, 11, 7, 12], [13, 17, 14, 16], [15, 20, 16, 21], [17, 23, 18, 22], [2, 20, 3, 19], [21, 14, 22, 15], [4, 23, 5, 24], [8, 2, 9, 1], [18, 4, 19, 3], [10, 5, 11, 6], [12, 7, 13, 8], [24, 10, 1, 9]]"
12n_0007_133,"[[24, 10, 1, 9], [6, 11, 7, 12], [13, 17, 14, 16], [15, 20, 16, 21], [17, 23, 18, 22], [2, 20, 3, 19], [21, 14, 22, 15], [4, 23, 5, 24], [8, 2, 9, 1], [18, 4, 19, 3], [10, 5, 11, 6], [12, 7, 13, 8]]"
12n_0007_134,"[[12, 7, 13, 8], [24, 10, 1, 9], [6, 11, 7, 12], [13, 17, 14, 16], [15, 20, 16, 21], [17, 23, 18, 22], [2, 20, 3, 19], [21, 14, 22, 15], [4, 23, 5, 24], [8, 2, 9, 1], [18, 4, 19, 3], [10, 5, 11, 6]]"
12n_0007_135,"[[10, 5, 11, 6], [12, 7, 13, 8], [24, 10, 1, 9], [6, 11, 7, 12], [13, 17, 14, 16], [15, 20, 16, 21], [17, 23, 18, 22], [2, 20, 3, 19], [21, 14, 22, 15], [4, 23, 5, 24], [8, 2, 9, 1], [18, 4, 19, 3]]"
12n_0007_136,"[[18, 4, 19, 3], [10, 5, 11, 6], [12, 7, 13, 8], [24, 10, 1, 9], [6, 11, 7, 12], [13, 17, 14, 16], [15, 20, 16, 21], [17, 23, 18, 22], [2, 20, 3, 19], [21, 14, 22, 15], [4, 23, 5, 24], [8, 2, 9, 1]]"
12n_0007_137,"[[8, 2, 9, 1], [18, 4, 19, 3], [10, 5, 11, 6], [12, 7, 13, 8], [24, 10, 1, 9], [6, 11, 7, 12], [13, 17, 14, 16], [15, 20, 16, 21], [17, 23, 18, 22], [2, 20, 3, 19], [21, 14, 22, 15], [4, 23, 5, 24]]"
12n_0007_138,"[[4, 23, 5, 24], [8, 2, 9, 1], [18, 4, 19, 3], [10, 5, 11, 6], [12, 7, 13, 8], [24, 10, 1, 9], [6, 11, 7, 12], [13, 17, 14, 16], [15, 20, 16, 21], [17, 23, 18, 22], [2, 20, 3, 19], [21, 14, 22, 15]]"
12n_0007_139,"[[21, 14, 22, 15], [4, 23, 5, 24], [8, 2, 9, 1], [18, 4, 19, 3], [10, 5, 11, 6], [12, 7, 13, 8], [24, 10, 1, 9], [6, 11, 7, 12], [13, 17, 14, 16], [15, 20, 16, 21], [17, 23, 18, 22], [2, 20, 3, 19]]"
12n_0007_140,"[[2, 20, 3, 19], [21, 14, 22, 15], [4, 23, 5, 24], [8, 2, 9, 1], [18, 4, 19, 3], [10, 5, 11, 6], [12, 7, 13, 8], [24, 10, 1, 9], [6, 11, 7, 12], [13, 17, 14, 16], [15, 20, 16, 21], [17, 23, 18, 22]]"
12n_0007_141,"[[17, 23, 18, 22], [2, 20, 3, 19], [21, 14, 22, 15], [4, 23, 5, 24], [8, 2, 9, 1], [18, 4, 19, 3], [10, 5, 11, 6], [12, 7, 13, 8], [24, 10, 1, 9], [6, 11, 7, 12], [13, 17, 14, 16], [15, 20, 16, 21]]"
12n_0007_142,"[[15, 20, 16, 21], [17, 23, 18, 22], [2, 20, 3, 19], [21, 14, 22, 15], [4, 23, 5, 24], [8, 2, 9, 1], [18, 4, 19, 3], [10, 5, 11, 6], [12, 7, 13, 8], [24, 10, 1, 9], [6, 11, 7, 12], [13, 17, 14, 16]]"
12n_0007_143,"[[13, 17, 14, 16], [15, 20, 16, 21], [17, 23, 18, 22], [2, 20, 3, 19], [21, 14, 22, 15], [4, 23, 5, 24], [8, 2, 9, 1], [18, 4, 19, 3], [10, 5, 11, 6], [12, 7, 13, 8], [24, 10, 1, 9], [6, 11, 7, 12]]"
12n_0007_144,"[[7, 12, 8, 13], [14, 18, 15, 17], [16, 21, 17, 22], [18, 24, 19, 23], [3, 21, 4, 20], [22, 15, 23, 16], [5, 24, 6, 1], [9, 3, 10, 2], [19, 5, 20, 4], [11, 6, 12, 7], [13, 8, 14, 9], [1, 11, 2, 10]]"
12n_0007_145,"[[1, 11, 2, 10], [7, 12, 8, 13], [14, 18, 15, 17], [16, 21, 17, 22], [18, 24, 19, 23], [3, 21, 4, 20], [22, 15, 23, 16], [5, 24, 6, 1], [9, 3, 10, 2], [19, 5, 20, 4], [11, 6, 12, 7], [13, 8, 14, 9]]"
12n_0007_146,"[[13, 8, 14, 9], [1, 11, 2, 10], [7, 12, 8, 13], [14, 18, 15, 17], [16, 21, 17, 22], [18, 24, 19, 23], [3, 21, 4, 20], [22, 15, 23, 16], [5, 24, 6, 1], [9, 3, 10, 2], [19, 5, 20, 4], [11, 6, 12, 7]]"
12n_0007_147,"[[11, 6, 12, 7], [13, 8, 14, 9], [1, 11, 2, 10], [7, 12, 8, 13], [14, 18, 15, 17], [16, 21, 17, 22], [18, 24, 19, 23], [3, 21, 4, 20], [22, 15, 23, 16], [5, 24, 6, 1], [9, 3, 10, 2], [19, 5, 20, 4]]"
12n_0007_148,"[[19, 5, 20, 4], [11, 6, 12, 7], [13, 8, 14, 9], [1, 11, 2, 10], [7, 12, 8, 13], [14, 18, 15, 17], [16, 21, 17, 22], [18, 24, 19, 23], [3, 21, 4, 20], [22, 15, 23, 16], [5, 24, 6, 1], [9, 3, 10, 2]]"
12n_0007_149,"[[9, 3, 10, 2], [19, 5, 20, 4], [11, 6, 12, 7], [13, 8, 14, 9], [1, 11, 2, 10], [7, 12, 8, 13], [14, 18, 15, 17], [16, 21, 17, 22], [18, 24, 19, 23], [3, 21, 4, 20], [22, 15, 23, 16], [5, 24, 6, 1]]"
12n_0007_150,"[[5, 24, 6, 1], [9, 3, 10, 2], [19, 5, 20, 4], [11, 6, 12, 7], [13, 8, 14, 9], [1, 11, 2, 10], [7, 12, 8, 13], [14, 18, 15, 17], [16, 21, 17, 22], [18, 24, 19, 23], [3, 21, 4, 20], [22, 15, 23, 16]]"
12n_0007_151,"[[22, 15, 23, 16], [5, 24, 6, 1], [9, 3, 10, 2], [19, 5, 20, 4], [11, 6, 12, 7], [13, 8, 14, 9], [1, 11, 2, 10], [7, 12, 8, 13], [14, 18, 15, 17], [16, 21, 17, 22], [18, 24, 19, 23], [3, 21, 4, 20]]"
12n_0007_152,"[[3, 21, 4, 20], [22, 15, 23, 16], [5, 24, 6, 1], [9, 3, 10, 2], [19, 5, 20, 4], [11, 6, 12, 7], [13, 8, 14, 9], [1, 11, 2, 10], [7, 12, 8, 13], [14, 18, 15, 17], [16, 21, 17, 22], [18, 24, 19, 23]]"
12n_0007_153,"[[18, 24, 19, 23], [3, 21, 4, 20], [22, 15, 23, 16], [5, 24, 6, 1], [9, 3, 10, 2], [19, 5, 20, 4], [11, 6, 12, 7], [13, 8, 14, 9], [1, 11, 2, 10], [7, 12, 8, 13], [14, 18, 15, 17], [16, 21, 17, 22]]"
12n_0007_154,"[[16, 21, 17, 22], [18, 24, 19, 23], [3, 21, 4, 20], [22, 15, 23, 16], [5, 24, 6, 1], [9, 3, 10, 2], [19, 5, 20, 4], [11, 6, 12, 7], [13, 8, 14, 9], [1, 11, 2, 10], [7, 12, 8, 13], [14, 18, 15, 17]]"
12n_0007_155,"[[14, 18, 15, 17], [16, 21, 17, 22], [18, 24, 19, 23], [3, 21, 4, 20], [22, 15, 23, 16], [5, 24, 6, 1], [9, 3, 10, 2], [19, 5, 20, 4], [11, 6, 12, 7], [13, 8, 14, 9], [1, 11, 2, 10], [7, 12, 8, 13]]"
12n_0007_156,"[[8, 13, 9, 14], [15, 19, 16, 18], [17, 22, 18, 23], [19, 1, 20, 24], [4, 22, 5, 21], [23, 16, 24, 17], [6, 1, 7, 2], [10, 4, 11, 3], [20, 6, 21, 5], [12, 7, 13, 8], [14, 9, 15, 10], [2, 12, 3, 11]]"
12n_0007_157,"[[2, 12, 3, 11], [8, 13, 9, 14], [15, 19, 16, 18], [17, 22, 18, 23], [19, 1, 20, 24], [4, 22, 5, 21], [23, 16, 24, 17], [6, 1, 7, 2], [10, 4, 11, 3], [20, 6, 21, 5], [12, 7, 13, 8], [14, 9, 15, 10]]"
12n_0007_158,"[[14, 9, 15, 10], [2, 12, 3, 11], [8, 13, 9, 14], [15, 19, 16, 18], [17, 22, 18, 23], [19, 1, 20, 24], [4, 22, 5, 21], [23, 16, 24, 17], [6, 1, 7, 2], [10, 4, 11, 3], [20, 6, 21, 5], [12, 7, 13, 8]]"
12n_0007_159,"[[12, 7, 13, 8], [14, 9, 15, 10], [2, 12, 3, 11], [8, 13, 9, 14], [15, 19, 16, 18], [17, 22, 18, 23], [19, 1, 20, 24], [4, 22, 5, 21], [23, 16, 24, 17], [6, 1, 7, 2], [10, 4, 11, 3], [20, 6, 21, 5]]"
12n_0007_160,"[[20, 6, 21, 5], [12, 7, 13, 8], [14, 9, 15, 10], [2, 12, 3, 11], [8, 13, 9, 14], [15, 19, 16, 18], [17, 22, 18, 23], [19, 1, 20, 24], [4, 22, 5, 21], [23, 16, 24, 17], [6, 1, 7, 2], [10, 4, 11, 3]]"
12n_0007_161,"[[10, 4, 11, 3], [20, 6, 21, 5], [12, 7, 13, 8], [14, 9, 15, 10], [2, 12, 3, 11], [8, 13, 9, 14], [15, 19, 16, 18], [17, 22, 18, 23], [19, 1, 20, 24], [4, 22, 5, 21], [23, 16, 24, 17], [6, 1, 7, 2]]"
12n_0007_162,"[[6, 1, 7, 2], [10, 4, 11, 3], [20, 6, 21, 5], [12, 7, 13, 8], [14, 9, 15, 10], [2, 12, 3, 11], [8, 13, 9, 14], [15, 19, 16, 18], [17, 22, 18, 23], [19, 1, 20, 24], [4, 22, 5, 21], [23, 16, 24, 17]]"
12n_0007_163,"[[23, 16, 24, 17], [6, 1, 7, 2], [10, 4, 11, 3], [20, 6, 21, 5], [12, 7, 13, 8], [14, 9, 15, 10], [2, 12, 3, 11], [8, 13, 9, 14], [15, 19, 16, 18], [17, 22, 18, 23], [19, 1, 20, 24], [4, 22, 5, 21]]"
12n_0007_164,"[[4, 22, 5, 21], [23, 16, 24, 17], [6, 1, 7, 2], [10, 4, 11, 3], [20, 6, 21, 5], [12, 7, 13, 8], [14, 9, 15, 10], [2, 12, 3, 11], [8, 13, 9, 14], [15, 19, 16, 18], [17, 22, 18, 23], [19, 1, 20, 24]]"
12n_0007_165,"[[19, 1, 20, 24], [4, 22, 5, 21], [23, 16, 24, 17], [6, 1, 7, 2], [10, 4, 11, 3], [20, 6, 21, 5], [12, 7, 13, 8], [14, 9, 15, 10], [2, 12, 3, 11], [8, 13, 9, 14], [15, 19, 16, 18], [17, 22, 18, 23]]"
12n_0007_166,"[[17, 22, 18, 23], [19, 1, 20, 24], [4, 22, 5, 21], [23, 16, 24, 17], [6, 1, 7, 2], [10, 4, 11, 3], [20, 6, 21, 5], [12, 7, 13, 8], [14, 9, 15, 10], [2, 12, 3, 11], [8, 13, 9, 14], [15, 19, 16, 18]]"
12n_0007_167,"[[15, 19, 16, 18], [17, 22, 18, 23], [19, 1, 20, 24], [4, 22, 5, 21], [23, 16, 24, 17], [6, 1, 7, 2], [10, 4, 11, 3], [20, 6, 21, 5], [12, 7, 13, 8], [14, 9, 15, 10], [2, 12, 3, 11], [8, 13, 9, 14]]"
12n_0007_168,"[[9, 14, 10, 15], [16, 20, 17, 19], [18, 23, 19, 24], [20, 2, 21, 1], [5, 23, 6, 22], [24, 17, 1, 18], [7, 2, 8, 3], [11, 5, 12, 4], [21, 7, 22, 6], [13, 8, 14, 9], [15, 10, 16, 11], [3, 13, 4, 12]]"
12n_0007_169,"[[3, 13, 4, 12], [9, 14, 10, 15], [16, 20, 17, 19], [18, 23, 19, 24], [20, 2, 21, 1], [5, 23, 6, 22], [24, 17, 1, 18], [7, 2, 8, 3], [11, 5, 12, 4], [21, 7, 22, 6], [13, 8, 14, 9], [15, 10, 16, 11]]"
12n_0007_170,"[[15, 10, 16, 11], [3, 13, 4, 12], [9, 14, 10, 15], [16, 20, 17, 19], [18, 23, 19, 24], [20, 2, 21, 1], [5, 23, 6, 22], [24, 17, 1, 18], [7, 2, 8, 3], [11, 5, 12, 4], [21, 7, 22, 6], [13, 8, 14, 9]]"
12n_0007_171,"[[13, 8, 14, 9], [15, 10, 16, 11], [3, 13, 4, 12], [9, 14, 10, 15], [16, 20, 17, 19], [18, 23, 19, 24], [20, 2, 21, 1], [5, 23, 6, 22], [24, 17, 1, 18], [7, 2, 8, 3], [11, 5, 12, 4], [21, 7, 22, 6]]"
12n_0007_172,"[[21, 7, 22, 6], [13, 8, 14, 9], [15, 10, 16, 11], [3, 13, 4, 12], [9, 14, 10, 15], [16, 20, 17, 19], [18, 23, 19, 24], [20, 2, 21, 1], [5, 23, 6, 22], [24, 17, 1, 18], [7, 2, 8, 3], [11, 5, 12, 4]]"
12n_0007_173,"[[11, 5, 12, 4], [21, 7, 22, 6], [13, 8, 14, 9], [15, 10, 16, 11], [3, 13, 4, 12], [9, 14, 10, 15], [16, 20, 17, 19], [18, 23, 19, 24], [20, 2, 21, 1], [5, 23, 6, 22], [24, 17, 1, 18], [7, 2, 8, 3]]"
12n_0007_174,"[[7, 2, 8, 3], [11, 5, 12, 4], [21, 7, 22, 6], [13, 8, 14, 9], [15, 10, 16, 11], [3, 13, 4, 12], [9, 14, 10, 15], [16, 20, 17, 19], [18, 23, 19, 24], [20, 2, 21, 1], [5, 23, 6, 22], [24, 17, 1, 18]]"
12n_0007_175,"[[24, 17, 1, 18], [7, 2, 8, 3], [11, 5, 12, 4], [21, 7, 22, 6], [13, 8, 14, 9], [15, 10, 16, 11], [3, 13, 4, 12], [9, 14, 10, 15], [16, 20, 17, 19], [18, 23, 19, 24], [20, 2, 21, 1], [5, 23, 6, 22]]"
12n_0007_176,"[[5, 23, 6, 22], [24, 17, 1, 18], [7, 2, 8, 3], [11, 5, 12, 4], [21, 7, 22, 6], [13, 8, 14, 9], [15, 10, 16, 11], [3, 13, 4, 12], [9, 14, 10, 15], [16, 20, 17, 19], [18, 23, 19, 24], [20, 2, 21, 1]]"
12n_0007_177,"[[20, 2, 21, 1], [5, 23, 6, 22], [24, 17, 1, 18], [7, 2, 8, 3], [11, 5, 12, 4], [21, 7, 22, 6], [13, 8, 14, 9], [15, 10, 16, 11], [3, 13, 4, 12], [9, 14, 10, 15], [16, 20, 17, 19], [18, 23, 19, 24]]"
12n_0007_178,"[[18, 23, 19, 24], [20, 2, 21, 1], [5, 23, 6, 22], [24, 17, 1, 18], [7, 2, 8, 3], [11, 5, 12, 4], [21, 7, 22, 6], [13, 8, 14, 9], [15, 10, 16, 11], [3, 13, 4, 12], [9, 14, 10, 15], [16, 20, 17, 19]]"
12n_0007_179,"[[16, 20, 17, 19], [18, 23, 19, 24], [20, 2, 21, 1], [5, 23, 6, 22], [24, 17, 1, 18], [7, 2, 8, 3], [11, 5, 12, 4], [21, 7, 22, 6], [13, 8, 14, 9], [15, 10, 16, 11], [3, 13, 4, 12], [9, 14, 10, 15]]"
12n_0007_180,"[[10, 15, 11, 16], [17, 21, 18, 20], [19, 24, 20, 1], [21, 3, 22, 2], [6, 24, 7, 23], [1, 18, 2, 19], [8, 3, 9, 4], [12, 6, 13, 5], [22, 8, 23, 7], [14, 9, 15, 10], [16, 11, 17, 12], [4, 14, 5, 13]]"
12n_0007_181,"[[4, 14, 5, 13], [10, 15, 11, 16], [17, 21, 18, 20], [19, 24, 20, 1], [21, 3, 22, 2], [6, 24, 7, 23], [1, 18, 2, 19], [8, 3, 9, 4], [12, 6, 13, 5], [22, 8, 23, 7], [14, 9, 15, 10], [16, 11, 17, 12]]"
12n_0007_182,"[[16, 11, 17, 12], [4, 14, 5, 13], [10, 15, 11, 16], [17, 21, 18, 20], [19, 24, 20, 1], [21, 3, 22, 2], [6, 24, 7, 23], [1, 18, 2, 19], [8, 3, 9, 4], [12, 6, 13, 5], [22, 8, 23, 7], [14, 9, 15, 10]]"
12n_0007_183,"[[14, 9, 15, 10], [16, 11, 17, 12], [4, 14, 5, 13], [10, 15, 11, 16], [17, 21, 18, 20], [19, 24, 20, 1], [21, 3, 22, 2], [6, 24, 7, 23], [1, 18, 2, 19], [8, 3, 9, 4], [12, 6, 13, 5], [22, 8, 23, 7]]"
12n_0007_184,"[[22, 8, 23, 7], [14, 9, 15, 10], [16, 11, 17, 12], [4, 14, 5, 13], [10, 15, 11, 16], [17, 21, 18, 20], [19, 24, 20, 1], [21, 3, 22, 2], [6, 24, 7, 23], [1, 18, 2, 19], [8, 3, 9, 4], [12, 6, 13, 5]]"
12n_0007_185,"[[12, 6, 13, 5], [22, 8, 23, 7], [14, 9, 15, 10], [16, 11, 17, 12], [4, 14, 5, 13], [10, 15, 11, 16], [17, 21, 18, 20], [19, 24, 20, 1], [21, 3, 22, 2], [6, 24, 7, 23], [1, 18, 2, 19], [8, 3, 9, 4]]"
