name,pd_notation
12n_0016_0,"[[17, 24, 18, 1], [2, 6, 3, 5], [4, 9, 5, 10], [6, 12, 7, 11], [8, 16, 9, 15], [10, 3, 11, 4], [19, 13, 20, 12], [14, 8, 15, 7], [21, 17, 22, 16], [23, 18, 24, 19], [13, 21, 14, 20], [1, 23, 2, 22]]"
12n_0016_1,"[[1, 23, 2, 22], [17, 24, 18, 1], [2, 6, 3, 5], [4, 9, 5, 10], [6, 12, 7, 11], [8, 16, 9, 15], [10, 3, 11, 4], [19, 13, 20, 12], [14, 8, 15, 7], [21, 17, 22, 16], [23, 18, 24, 19], [13, 21, 14, 20]]"
12n_0016_2,"[[13, 21, 14, 20], [1, 23, 2, 22], [17, 24, 18, 1], [2, 6, 3, 5], [4, 9, 5, 10], [6, 12, 7, 11], [8, 16, 9, 15], [10, 3, 11, 4], [19, 13, 20, 12], [14, 8, 15, 7], [21, 17, 22, 16], [23, 18, 24, 19]]"
12n_0016_3,"[[23, 18, 24, 19], [13, 21, 14, 20], [1, 23, 2, 22], [17, 24, 18, 1], [2, 6, 3, 5], [4, 9, 5, 10], [6, 12, 7, 11], [8, 16, 9, 15], [10, 3, 11, 4], [19, 13, 20, 12], [14, 8, 15, 7], [21, 17, 22, 16]]"
12n_0016_4,"[[21, 17, 22, 16], [23, 18, 24, 19], [13, 21, 14, 20], [1, 23, 2, 22], [17, 24, 18, 1], [2, 6, 3, 5], [4, 9, 5, 10], [6, 12, 7, 11], [8, 16, 9, 15], [10, 3, 11, 4], [19, 13, 20, 12], [14, 8, 15, 7]]"
12n_0016_5,"[[14, 8, 15, 7], [21, 17, 22, 16], [23, 18, 24, 19], [13, 21, 14, 20], [1, 23, 2, 22], [17, 24, 18, 1], [2, 6, 3, 5], [4, 9, 5, 10], [6, 12, 7, 11], [8, 16, 9, 15], [10, 3, 11, 4], [19, 13, 20, 12]]"
12n_0016_6,"[[19, 13, 20, 12], [14, 8, 15, 7], [21, 17, 22, 16], [23, 18, 24, 19], [13, 21, 14, 20], [1, 23, 2, 22], [17, 24, 18, 1], [2, 6, 3, 5], [4, 9, 5, 10], [6, 12, 7, 11], [8, 16, 9, 15], [10, 3, 11, 4]]"
12n_0016_7,"[[10, 3, 11, 4], [19, 13, 20, 12], [14, 8, 15, 7], [21, 17, 22, 16], [23, 18, 24, 19], [13, 21, 14, 20], [1, 23, 2, 22], [17, 24, 18, 1], [2, 6, 3, 5], [4, 9, 5, 10], [6, 12, 7, 11], [8, 16, 9, 15]]"
12n_0016_8,"[[8, 16, 9, 15], [10, 3, 11, 4], [19, 13, 20, 12], [14, 8, 15, 7], [21, 17, 22, 16], [23, 18, 24, 19], [13, 21, 14, 20], [1, 23, 2, 22], [17, 24, 18, 1], [2, 6, 3, 5], [4, 9, 5, 10], [6, 12, 7, 11]]"
12n_0016_9,"[[6, 12, 7, 11], [8, 16, 9, 15], [10, 3, 11, 4], [19, 13, 20, 12], [14, 8, 15, 7], [21, 17, 22, 16], [23, 18, 24, 19], [13, 21, 14, 20], [1, 23, 2, 22], [17, 24, 18, 1], [2, 6, 3, 5], [4, 9, 5, 10]]"
12n_0016_10,"[[4, 9, 5, 10], [6, 12, 7, 11], [8, 16, 9, 15], [10, 3, 11, 4], [19, 13, 20, 12], [14, 8, 15, 7], [21, 17, 22, 16], [23, 18, 24, 19], [13, 21, 14, 20], [1, 23, 2, 22], [17, 24, 18, 1], [2, 6, 3, 5]]"
12n_0016_11,"[[2, 6, 3, 5], [4, 9, 5, 10], [6, 12, 7, 11], [8, 16, 9, 15], [10, 3, 11, 4], [19, 13, 20, 12], [14, 8, 15, 7], [21, 17, 22, 16], [23, 18, 24, 19], [13, 21, 14, 20], [1, 23, 2, 22], [17, 24, 18, 1]]"
12n_0016_12,"[[18, 1, 19, 2], [3, 7, 4, 6], [5, 10, 6, 11], [7, 13, 8, 12], [9, 17, 10, 16], [11, 4, 12, 5], [20, 14, 21, 13], [15, 9, 16, 8], [22, 18, 23, 17], [24, 19, 1, 20], [14, 22, 15, 21], [2, 24, 3, 23]]"
12n_0016_13,"[[2, 24, 3, 23], [18, 1, 19, 2], [3, 7, 4, 6], [5, 10, 6, 11], [7, 13, 8, 12], [9, 17, 10, 16], [11, 4, 12, 5], [20, 14, 21, 13], [15, 9, 16, 8], [22, 18, 23, 17], [24, 19, 1, 20], [14, 22, 15, 21]]"
12n_0016_14,"[[14, 22, 15, 21], [2, 24, 3, 23], [18, 1, 19, 2], [3, 7, 4, 6], [5, 10, 6, 11], [7, 13, 8, 12], [9, 17, 10, 16], [11, 4, 12, 5], [20, 14, 21, 13], [15, 9, 16, 8], [22, 18, 23, 17], [24, 19, 1, 20]]"
12n_0016_15,"[[24, 19, 1, 20], [14, 22, 15, 21], [2, 24, 3, 23], [18, 1, 19, 2], [3, 7, 4, 6], [5, 10, 6, 11], [7, 13, 8, 12], [9, 17, 10, 16], [11, 4, 12, 5], [20, 14, 21, 13], [15, 9, 16, 8], [22, 18, 23, 17]]"
12n_0016_16,"[[22, 18, 23, 17], [24, 19, 1, 20], [14, 22, 15, 21], [2, 24, 3, 23], [18, 1, 19, 2], [3, 7, 4, 6], [5, 10, 6, 11], [7, 13, 8, 12], [9, 17, 10, 16], [11, 4, 12, 5], [20, 14, 21, 13], [15, 9, 16, 8]]"
12n_0016_17,"[[15, 9, 16, 8], [22, 18, 23, 17], [24, 19, 1, 20], [14, 22, 15, 21], [2, 24, 3, 23], [18, 1, 19, 2], [3, 7, 4, 6], [5, 10, 6, 11], [7, 13, 8, 12], [9, 17, 10, 16], [11, 4, 12, 5], [20, 14, 21, 13]]"
12n_0016_18,"[[20, 14, 21, 13], [15, 9, 16, 8], [22, 18, 23, 17], [24, 19, 1, 20], [14, 22, 15, 21], [2, 24, 3, 23], [18, 1, 19, 2], [3, 7, 4, 6], [5, 10, 6, 11], [7, 13, 8, 12], [9, 17, 10, 16], [11, 4, 12, 5]]"
12n_0016_19,"[[11, 4, 12, 5], [20, 14, 21, 13], [15, 9, 16, 8], [22, 18, 23, 17], [24, 19, 1, 20], [14, 22, 15, 21], [2, 24, 3, 23], [18, 1, 19, 2], [3, 7, 4, 6], [5, 10, 6, 11], [7, 13, 8, 12], [9, 17, 10, 16]]"
12n_0016_20,"[[9, 17, 10, 16], [11, 4, 12, 5], [20, 14, 21, 13], [15, 9, 16, 8], [22, 18, 23, 17], [24, 19, 1, 20], [14, 22, 15, 21], [2, 24, 3, 23], [18, 1, 19, 2], [3, 7, 4, 6], [5, 10, 6, 11], [7, 13, 8, 12]]"
12n_0016_21,"[[7, 13, 8, 12], [9, 17, 10, 16], [11, 4, 12, 5], [20, 14, 21, 13], [15, 9, 16, 8], [22, 18, 23, 17], [24, 19, 1, 20], [14, 22, 15, 21], [2, 24, 3, 23], [18, 1, 19, 2], [3, 7, 4, 6], [5, 10, 6, 11]]"
12n_0016_22,"[[5, 10, 6, 11], [7, 13, 8, 12], [9, 17, 10, 16], [11, 4, 12, 5], [20, 14, 21, 13], [15, 9, 16, 8], [22, 18, 23, 17], [24, 19, 1, 20], [14, 22, 15, 21], [2, 24, 3, 23], [18, 1, 19, 2], [3, 7, 4, 6]]"
12n_0016_23,"[[3, 7, 4, 6], [5, 10, 6, 11], [7, 13, 8, 12], [9, 17, 10, 16], [11, 4, 12, 5], [20, 14, 21, 13], [15, 9, 16, 8], [22, 18, 23, 17], [24, 19, 1, 20], [14, 22, 15, 21], [2, 24, 3, 23], [18, 1, 19, 2]]"
12n_0016_24,"[[19, 2, 20, 3], [4, 8, 5, 7], [6, 11, 7, 12], [8, 14, 9, 13], [10, 18, 11, 17], [12, 5, 13, 6], [21, 15, 22, 14], [16, 10, 17, 9], [23, 19, 24, 18], [1, 20, 2, 21], [15, 23, 16, 22], [3, 1, 4, 24]]"
12n_0016_25,"[[3, 1, 4, 24], [19, 2, 20, 3], [4, 8, 5, 7], [6, 11, 7, 12], [8, 14, 9, 13], [10, 18, 11, 17], [12, 5, 13, 6], [21, 15, 22, 14], [16, 10, 17, 9], [23, 19, 24, 18], [1, 20, 2, 21], [15, 23, 16, 22]]"
12n_0016_26,"[[15, 23, 16, 22], [3, 1, 4, 24], [19, 2, 20, 3], [4, 8, 5, 7], [6, 11, 7, 12], [8, 14, 9, 13], [10, 18, 11, 17], [12, 5, 13, 6], [21, 15, 22, 14], [16, 10, 17, 9], [23, 19, 24, 18], [1, 20, 2, 21]]"
12n_0016_27,"[[1, 20, 2, 21], [15, 23, 16, 22], [3, 1, 4, 24], [19, 2, 20, 3], [4, 8, 5, 7], [6, 11, 7, 12], [8, 14, 9, 13], [10, 18, 11, 17], [12, 5, 13, 6], [21, 15, 22, 14], [16, 10, 17, 9], [23, 19, 24, 18]]"
12n_0016_28,"[[23, 19, 24, 18], [1, 20, 2, 21], [15, 23, 16, 22], [3, 1, 4, 24], [19, 2, 20, 3], [4, 8, 5, 7], [6, 11, 7, 12], [8, 14, 9, 13], [10, 18, 11, 17], [12, 5, 13, 6], [21, 15, 22, 14], [16, 10, 17, 9]]"
12n_0016_29,"[[16, 10, 17, 9], [23, 19, 24, 18], [1, 20, 2, 21], [15, 23, 16, 22], [3, 1, 4, 24], [19, 2, 20, 3], [4, 8, 5, 7], [6, 11, 7, 12], [8, 14, 9, 13], [10, 18, 11, 17], [12, 5, 13, 6], [21, 15, 22, 14]]"
12n_0016_30,"[[21, 15, 22, 14], [16, 10, 17, 9], [23, 19, 24, 18], [1, 20, 2, 21], [15, 23, 16, 22], [3, 1, 4, 24], [19, 2, 20, 3], [4, 8, 5, 7], [6, 11, 7, 12], [8, 14, 9, 13], [10, 18, 11, 17], [12, 5, 13, 6]]"
12n_0016_31,"[[12, 5, 13, 6], [21, 15, 22, 14], [16, 10, 17, 9], [23, 19, 24, 18], [1, 20, 2, 21], [15, 23, 16, 22], [3, 1, 4, 24], [19, 2, 20, 3], [4, 8, 5, 7], [6, 11, 7, 12], [8, 14, 9, 13], [10, 18, 11, 17]]"
12n_0016_32,"[[10, 18, 11, 17], [12, 5, 13, 6], [21, 15, 22, 14], [16, 10, 17, 9], [23, 19, 24, 18], [1, 20, 2, 21], [15, 23, 16, 22], [3, 1, 4, 24], [19, 2, 20, 3], [4, 8, 5, 7], [6, 11, 7, 12], [8, 14, 9, 13]]"
12n_0016_33,"[[8, 14, 9, 13], [10, 18, 11, 17], [12, 5, 13, 6], [21, 15, 22, 14], [16, 10, 17, 9], [23, 19, 24, 18], [1, 20, 2, 21], [15, 23, 16, 22], [3, 1, 4, 24], [19, 2, 20, 3], [4, 8, 5, 7], [6, 11, 7, 12]]"
12n_0016_34,"[[6, 11, 7, 12], [8, 14, 9, 13], [10, 18, 11, 17], [12, 5, 13, 6], [21, 15, 22, 14], [16, 10, 17, 9], [23, 19, 24, 18], [1, 20, 2, 21], [15, 23, 16, 22], [3, 1, 4, 24], [19, 2, 20, 3], [4, 8, 5, 7]]"
12n_0016_35,"[[4, 8, 5, 7], [6, 11, 7, 12], [8, 14, 9, 13], [10, 18, 11, 17], [12, 5, 13, 6], [21, 15, 22, 14], [16, 10, 17, 9], [23, 19, 24, 18], [1, 20, 2, 21], [15, 23, 16, 22], [3, 1, 4, 24], [19, 2, 20, 3]]"
12n_0016_36,"[[20, 3, 21, 4], [5, 9, 6, 8], [7, 12, 8, 13], [9, 15, 10, 14], [11, 19, 12, 18], [13, 6, 14, 7], [22, 16, 23, 15], [17, 11, 18, 10], [24, 20, 1, 19], [2, 21, 3, 22], [16, 24, 17, 23], [4, 2, 5, 1]]"
12n_0016_37,"[[4, 2, 5, 1], [20, 3, 21, 4], [5, 9, 6, 8], [7, 12, 8, 13], [9, 15, 10, 14], [11, 19, 12, 18], [13, 6, 14, 7], [22, 16, 23, 15], [17, 11, 18, 10], [24, 20, 1, 19], [2, 21, 3, 22], [16, 24, 17, 23]]"
12n_0016_38,"[[16, 24, 17, 23], [4, 2, 5, 1], [20, 3, 21, 4], [5, 9, 6, 8], [7, 12, 8, 13], [9, 15, 10, 14], [11, 19, 12, 18], [13, 6, 14, 7], [22, 16, 23, 15], [17, 11, 18, 10], [24, 20, 1, 19], [2, 21, 3, 22]]"
12n_0016_39,"[[2, 21, 3, 22], [16, 24, 17, 23], [4, 2, 5, 1], [20, 3, 21, 4], [5, 9, 6, 8], [7, 12, 8, 13], [9, 15, 10, 14], [11, 19, 12, 18], [13, 6, 14, 7], [22, 16, 23, 15], [17, 11, 18, 10], [24, 20, 1, 19]]"
12n_0016_40,"[[24, 20, 1, 19], [2, 21, 3, 22], [16, 24, 17, 23], [4, 2, 5, 1], [20, 3, 21, 4], [5, 9, 6, 8], [7, 12, 8, 13], [9, 15, 10, 14], [11, 19, 12, 18], [13, 6, 14, 7], [22, 16, 23, 15], [17, 11, 18, 10]]"
12n_0016_41,"[[17, 11, 18, 10], [24, 20, 1, 19], [2, 21, 3, 22], [16, 24, 17, 23], [4, 2, 5, 1], [20, 3, 21, 4], [5, 9, 6, 8], [7, 12, 8, 13], [9, 15, 10, 14], [11, 19, 12, 18], [13, 6, 14, 7], [22, 16, 23, 15]]"
12n_0016_42,"[[22, 16, 23, 15], [17, 11, 18, 10], [24, 20, 1, 19], [2, 21, 3, 22], [16, 24, 17, 23], [4, 2, 5, 1], [20, 3, 21, 4], [5, 9, 6, 8], [7, 12, 8, 13], [9, 15, 10, 14], [11, 19, 12, 18], [13, 6, 14, 7]]"
12n_0016_43,"[[13, 6, 14, 7], [22, 16, 23, 15], [17, 11, 18, 10], [24, 20, 1, 19], [2, 21, 3, 22], [16, 24, 17, 23], [4, 2, 5, 1], [20, 3, 21, 4], [5, 9, 6, 8], [7, 12, 8, 13], [9, 15, 10, 14], [11, 19, 12, 18]]"
12n_0016_44,"[[11, 19, 12, 18], [13, 6, 14, 7], [22, 16, 23, 15], [17, 11, 18, 10], [24, 20, 1, 19], [2, 21, 3, 22], [16, 24, 17, 23], [4, 2, 5, 1], [20, 3, 21, 4], [5, 9, 6, 8], [7, 12, 8, 13], [9, 15, 10, 14]]"
12n_0016_45,"[[9, 15, 10, 14], [11, 19, 12, 18], [13, 6, 14, 7], [22, 16, 23, 15], [17, 11, 18, 10], [24, 20, 1, 19], [2, 21, 3, 22], [16, 24, 17, 23], [4, 2, 5, 1], [20, 3, 21, 4], [5, 9, 6, 8], [7, 12, 8, 13]]"
12n_0016_46,"[[7, 12, 8, 13], [9, 15, 10, 14], [11, 19, 12, 18], [13, 6, 14, 7], [22, 16, 23, 15], [17, 11, 18, 10], [24, 20, 1, 19], [2, 21, 3, 22], [16, 24, 17, 23], [4, 2, 5, 1], [20, 3, 21, 4], [5, 9, 6, 8]]"
12n_0016_47,"[[5, 9, 6, 8], [7, 12, 8, 13], [9, 15, 10, 14], [11, 19, 12, 18], [13, 6, 14, 7], [22, 16, 23, 15], [17, 11, 18, 10], [24, 20, 1, 19], [2, 21, 3, 22], [16, 24, 17, 23], [4, 2, 5, 1], [20, 3, 21, 4]]"
12n_0016_48,"[[21, 4, 22, 5], [6, 10, 7, 9], [8, 13, 9, 14], [10, 16, 11, 15], [12, 20, 13, 19], [14, 7, 15, 8], [23, 17, 24, 16], [18, 12, 19, 11], [1, 21, 2, 20], [3, 22, 4, 23], [17, 1, 18, 24], [5, 3, 6, 2]]"
12n_0016_49,"[[5, 3, 6, 2], [21, 4, 22, 5], [6, 10, 7, 9], [8, 13, 9, 14], [10, 16, 11, 15], [12, 20, 13, 19], [14, 7, 15, 8], [23, 17, 24, 16], [18, 12, 19, 11], [1, 21, 2, 20], [3, 22, 4, 23], [17, 1, 18, 24]]"
12n_0016_50,"[[17, 1, 18, 24], [5, 3, 6, 2], [21, 4, 22, 5], [6, 10, 7, 9], [8, 13, 9, 14], [10, 16, 11, 15], [12, 20, 13, 19], [14, 7, 15, 8], [23, 17, 24, 16], [18, 12, 19, 11], [1, 21, 2, 20], [3, 22, 4, 23]]"
12n_0016_51,"[[3, 22, 4, 23], [17, 1, 18, 24], [5, 3, 6, 2], [21, 4, 22, 5], [6, 10, 7, 9], [8, 13, 9, 14], [10, 16, 11, 15], [12, 20, 13, 19], [14, 7, 15, 8], [23, 17, 24, 16], [18, 12, 19, 11], [1, 21, 2, 20]]"
12n_0016_52,"[[1, 21, 2, 20], [3, 22, 4, 23], [17, 1, 18, 24], [5, 3, 6, 2], [21, 4, 22, 5], [6, 10, 7, 9], [8, 13, 9, 14], [10, 16, 11, 15], [12, 20, 13, 19], [14, 7, 15, 8], [23, 17, 24, 16], [18, 12, 19, 11]]"
12n_0016_53,"[[18, 12, 19, 11], [1, 21, 2, 20], [3, 22, 4, 23], [17, 1, 18, 24], [5, 3, 6, 2], [21, 4, 22, 5], [6, 10, 7, 9], [8, 13, 9, 14], [10, 16, 11, 15], [12, 20, 13, 19], [14, 7, 15, 8], [23, 17, 24, 16]]"
12n_0016_54,"[[23, 17, 24, 16], [18, 12, 19, 11], [1, 21, 2, 20], [3, 22, 4, 23], [17, 1, 18, 24], [5, 3, 6, 2], [21, 4, 22, 5], [6, 10, 7, 9], [8, 13, 9, 14], [10, 16, 11, 15], [12, 20, 13, 19], [14, 7, 15, 8]]"
12n_0016_55,"[[14, 7, 15, 8], [23, 17, 24, 16], [18, 12, 19, 11], [1, 21, 2, 20], [3, 22, 4, 23], [17, 1, 18, 24], [5, 3, 6, 2], [21, 4, 22, 5], [6, 10, 7, 9], [8, 13, 9, 14], [10, 16, 11, 15], [12, 20, 13, 19]]"
12n_0016_56,"[[12, 20, 13, 19], [14, 7, 15, 8], [23, 17, 24, 16], [18, 12, 19, 11], [1, 21, 2, 20], [3, 22, 4, 23], [17, 1, 18, 24], [5, 3, 6, 2], [21, 4, 22, 5], [6, 10, 7, 9], [8, 13, 9, 14], [10, 16, 11, 15]]"
12n_0016_57,"[[10, 16, 11, 15], [12, 20, 13, 19], [14, 7, 15, 8], [23, 17, 24, 16], [18, 12, 19, 11], [1, 21, 2, 20], [3, 22, 4, 23], [17, 1, 18, 24], [5, 3, 6, 2], [21, 4, 22, 5], [6, 10, 7, 9], [8, 13, 9, 14]]"
12n_0016_58,"[[8, 13, 9, 14], [10, 16, 11, 15], [12, 20, 13, 19], [14, 7, 15, 8], [23, 17, 24, 16], [18, 12, 19, 11], [1, 21, 2, 20], [3, 22, 4, 23], [17, 1, 18, 24], [5, 3, 6, 2], [21, 4, 22, 5], [6, 10, 7, 9]]"
12n_0016_59,"[[6, 10, 7, 9], [8, 13, 9, 14], [10, 16, 11, 15], [12, 20, 13, 19], [14, 7, 15, 8], [23, 17, 24, 16], [18, 12, 19, 11], [1, 21, 2, 20], [3, 22, 4, 23], [17, 1, 18, 24], [5, 3, 6, 2], [21, 4, 22, 5]]"
12n_0016_60,"[[22, 5, 23, 6], [7, 11, 8, 10], [9, 14, 10, 15], [11, 17, 12, 16], [13, 21, 14, 20], [15, 8, 16, 9], [24, 18, 1, 17], [19, 13, 20, 12], [2, 22, 3, 21], [4, 23, 5, 24], [18, 2, 19, 1], [6, 4, 7, 3]]"
12n_0016_61,"[[6, 4, 7, 3], [22, 5, 23, 6], [7, 11, 8, 10], [9, 14, 10, 15], [11, 17, 12, 16], [13, 21, 14, 20], [15, 8, 16, 9], [24, 18, 1, 17], [19, 13, 20, 12], [2, 22, 3, 21], [4, 23, 5, 24], [18, 2, 19, 1]]"
12n_0016_62,"[[18, 2, 19, 1], [6, 4, 7, 3], [22, 5, 23, 6], [7, 11, 8, 10], [9, 14, 10, 15], [11, 17, 12, 16], [13, 21, 14, 20], [15, 8, 16, 9], [24, 18, 1, 17], [19, 13, 20, 12], [2, 22, 3, 21], [4, 23, 5, 24]]"
12n_0016_63,"[[4, 23, 5, 24], [18, 2, 19, 1], [6, 4, 7, 3], [22, 5, 23, 6], [7, 11, 8, 10], [9, 14, 10, 15], [11, 17, 12, 16], [13, 21, 14, 20], [15, 8, 16, 9], [24, 18, 1, 17], [19, 13, 20, 12], [2, 22, 3, 21]]"
12n_0016_64,"[[2, 22, 3, 21], [4, 23, 5, 24], [18, 2, 19, 1], [6, 4, 7, 3], [22, 5, 23, 6], [7, 11, 8, 10], [9, 14, 10, 15], [11, 17, 12, 16], [13, 21, 14, 20], [15, 8, 16, 9], [24, 18, 1, 17], [19, 13, 20, 12]]"
12n_0016_65,"[[19, 13, 20, 12], [2, 22, 3, 21], [4, 23, 5, 24], [18, 2, 19, 1], [6, 4, 7, 3], [22, 5, 23, 6], [7, 11, 8, 10], [9, 14, 10, 15], [11, 17, 12, 16], [13, 21, 14, 20], [15, 8, 16, 9], [24, 18, 1, 17]]"
12n_0016_66,"[[24, 18, 1, 17], [19, 13, 20, 12], [2, 22, 3, 21], [4, 23, 5, 24], [18, 2, 19, 1], [6, 4, 7, 3], [22, 5, 23, 6], [7, 11, 8, 10], [9, 14, 10, 15], [11, 17, 12, 16], [13, 21, 14, 20], [15, 8, 16, 9]]"
12n_0016_67,"[[15, 8, 16, 9], [24, 18, 1, 17], [19, 13, 20, 12], [2, 22, 3, 21], [4, 23, 5, 24], [18, 2, 19, 1], [6, 4, 7, 3], [22, 5, 23, 6], [7, 11, 8, 10], [9, 14, 10, 15], [11, 17, 12, 16], [13, 21, 14, 20]]"
12n_0016_68,"[[13, 21, 14, 20], [15, 8, 16, 9], [24, 18, 1, 17], [19, 13, 20, 12], [2, 22, 3, 21], [4, 23, 5, 24], [18, 2, 19, 1], [6, 4, 7, 3], [22, 5, 23, 6], [7, 11, 8, 10], [9, 14, 10, 15], [11, 17, 12, 16]]"
12n_0016_69,"[[11, 17, 12, 16], [13, 21, 14, 20], [15, 8, 16, 9], [24, 18, 1, 17], [19, 13, 20, 12], [2, 22, 3, 21], [4, 23, 5, 24], [18, 2, 19, 1], [6, 4, 7, 3], [22, 5, 23, 6], [7, 11, 8, 10], [9, 14, 10, 15]]"
12n_0016_70,"[[9, 14, 10, 15], [11, 17, 12, 16], [13, 21, 14, 20], [15, 8, 16, 9], [24, 18, 1, 17], [19, 13, 20, 12], [2, 22, 3, 21], [4, 23, 5, 24], [18, 2, 19, 1], [6, 4, 7, 3], [22, 5, 23, 6], [7, 11, 8, 10]]"
12n_0016_71,"[[7, 11, 8, 10], [9, 14, 10, 15], [11, 17, 12, 16], [13, 21, 14, 20], [15, 8, 16, 9], [24, 18, 1, 17], [19, 13, 20, 12], [2, 22, 3, 21], [4, 23, 5, 24], [18, 2, 19, 1], [6, 4, 7, 3], [22, 5, 23, 6]]"
12n_0016_72,"[[23, 6, 24, 7], [8, 12, 9, 11], [10, 15, 11, 16], [12, 18, 13, 17], [14, 22, 15, 21], [16, 9, 17, 10], [1, 19, 2, 18], [20, 14, 21, 13], [3, 23, 4, 22], [5, 24, 6, 1], [19, 3, 20, 2], [7, 5, 8, 4]]"
12n_0016_73,"[[7, 5, 8, 4], [23, 6, 24, 7], [8, 12, 9, 11], [10, 15, 11, 16], [12, 18, 13, 17], [14, 22, 15, 21], [16, 9, 17, 10], [1, 19, 2, 18], [20, 14, 21, 13], [3, 23, 4, 22], [5, 24, 6, 1], [19, 3, 20, 2]]"
12n_0016_74,"[[19, 3, 20, 2], [7, 5, 8, 4], [23, 6, 24, 7], [8, 12, 9, 11], [10, 15, 11, 16], [12, 18, 13, 17], [14, 22, 15, 21], [16, 9, 17, 10], [1, 19, 2, 18], [20, 14, 21, 13], [3, 23, 4, 22], [5, 24, 6, 1]]"
12n_0016_75,"[[5, 24, 6, 1], [19, 3, 20, 2], [7, 5, 8, 4], [23, 6, 24, 7], [8, 12, 9, 11], [10, 15, 11, 16], [12, 18, 13, 17], [14, 22, 15, 21], [16, 9, 17, 10], [1, 19, 2, 18], [20, 14, 21, 13], [3, 23, 4, 22]]"
12n_0016_76,"[[3, 23, 4, 22], [5, 24, 6, 1], [19, 3, 20, 2], [7, 5, 8, 4], [23, 6, 24, 7], [8, 12, 9, 11], [10, 15, 11, 16], [12, 18, 13, 17], [14, 22, 15, 21], [16, 9, 17, 10], [1, 19, 2, 18], [20, 14, 21, 13]]"
12n_0016_77,"[[20, 14, 21, 13], [3, 23, 4, 22], [5, 24, 6, 1], [19, 3, 20, 2], [7, 5, 8, 4], [23, 6, 24, 7], [8, 12, 9, 11], [10, 15, 11, 16], [12, 18, 13, 17], [14, 22, 15, 21], [16, 9, 17, 10], [1, 19, 2, 18]]"
12n_0016_78,"[[1, 19, 2, 18], [20, 14, 21, 13], [3, 23, 4, 22], [5, 24, 6, 1], [19, 3, 20, 2], [7, 5, 8, 4], [23, 6, 24, 7], [8, 12, 9, 11], [10, 15, 11, 16], [12, 18, 13, 17], [14, 22, 15, 21], [16, 9, 17, 10]]"
12n_0016_79,"[[16, 9, 17, 10], [1, 19, 2, 18], [20, 14, 21, 13], [3, 23, 4, 22], [5, 24, 6, 1], [19, 3, 20, 2], [7, 5, 8, 4], [23, 6, 24, 7], [8, 12, 9, 11], [10, 15, 11, 16], [12, 18, 13, 17], [14, 22, 15, 21]]"
12n_0016_80,"[[14, 22, 15, 21], [16, 9, 17, 10], [1, 19, 2, 18], [20, 14, 21, 13], [3, 23, 4, 22], [5, 24, 6, 1], [19, 3, 20, 2], [7, 5, 8, 4], [23, 6, 24, 7], [8, 12, 9, 11], [10, 15, 11, 16], [12, 18, 13, 17]]"
12n_0016_81,"[[12, 18, 13, 17], [14, 22, 15, 21], [16, 9, 17, 10], [1, 19, 2, 18], [20, 14, 21, 13], [3, 23, 4, 22], [5, 24, 6, 1], [19, 3, 20, 2], [7, 5, 8, 4], [23, 6, 24, 7], [8, 12, 9, 11], [10, 15, 11, 16]]"
12n_0016_82,"[[10, 15, 11, 16], [12, 18, 13, 17], [14, 22, 15, 21], [16, 9, 17, 10], [1, 19, 2, 18], [20, 14, 21, 13], [3, 23, 4, 22], [5, 24, 6, 1], [19, 3, 20, 2], [7, 5, 8, 4], [23, 6, 24, 7], [8, 12, 9, 11]]"
12n_0016_83,"[[8, 12, 9, 11], [10, 15, 11, 16], [12, 18, 13, 17], [14, 22, 15, 21], [16, 9, 17, 10], [1, 19, 2, 18], [20, 14, 21, 13], [3, 23, 4, 22], [5, 24, 6, 1], [19, 3, 20, 2], [7, 5, 8, 4], [23, 6, 24, 7]]"
12n_0016_84,"[[24, 7, 1, 8], [9, 13, 10, 12], [11, 16, 12, 17], [13, 19, 14, 18], [15, 23, 16, 22], [17, 10, 18, 11], [2, 20, 3, 19], [21, 15, 22, 14], [4, 24, 5, 23], [6, 1, 7, 2], [20, 4, 21, 3], [8, 6, 9, 5]]"
12n_0016_85,"[[8, 6, 9, 5], [24, 7, 1, 8], [9, 13, 10, 12], [11, 16, 12, 17], [13, 19, 14, 18], [15, 23, 16, 22], [17, 10, 18, 11], [2, 20, 3, 19], [21, 15, 22, 14], [4, 24, 5, 23], [6, 1, 7, 2], [20, 4, 21, 3]]"
12n_0016_86,"[[20, 4, 21, 3], [8, 6, 9, 5], [24, 7, 1, 8], [9, 13, 10, 12], [11, 16, 12, 17], [13, 19, 14, 18], [15, 23, 16, 22], [17, 10, 18, 11], [2, 20, 3, 19], [21, 15, 22, 14], [4, 24, 5, 23], [6, 1, 7, 2]]"
12n_0016_87,"[[6, 1, 7, 2], [20, 4, 21, 3], [8, 6, 9, 5], [24, 7, 1, 8], [9, 13, 10, 12], [11, 16, 12, 17], [13, 19, 14, 18], [15, 23, 16, 22], [17, 10, 18, 11], [2, 20, 3, 19], [21, 15, 22, 14], [4, 24, 5, 23]]"
12n_0016_88,"[[4, 24, 5, 23], [6, 1, 7, 2], [20, 4, 21, 3], [8, 6, 9, 5], [24, 7, 1, 8], [9, 13, 10, 12], [11, 16, 12, 17], [13, 19, 14, 18], [15, 23, 16, 22], [17, 10, 18, 11], [2, 20, 3, 19], [21, 15, 22, 14]]"
12n_0016_89,"[[21, 15, 22, 14], [4, 24, 5, 23], [6, 1, 7, 2], [20, 4, 21, 3], [8, 6, 9, 5], [24, 7, 1, 8], [9, 13, 10, 12], [11, 16, 12, 17], [13, 19, 14, 18], [15, 23, 16, 22], [17, 10, 18, 11], [2, 20, 3, 19]]"
12n_0016_90,"[[2, 20, 3, 19], [21, 15, 22, 14], [4, 24, 5, 23], [6, 1, 7, 2], [20, 4, 21, 3], [8, 6, 9, 5], [24, 7, 1, 8], [9, 13, 10, 12], [11, 16, 12, 17], [13, 19, 14, 18], [15, 23, 16, 22], [17, 10, 18, 11]]"
12n_0016_91,"[[17, 10, 18, 11], [2, 20, 3, 19], [21, 15, 22, 14], [4, 24, 5, 23], [6, 1, 7, 2], [20, 4, 21, 3], [8, 6, 9, 5], [24, 7, 1, 8], [9, 13, 10, 12], [11, 16, 12, 17], [13, 19, 14, 18], [15, 23, 16, 22]]"
12n_0016_92,"[[15, 23, 16, 22], [17, 10, 18, 11], [2, 20, 3, 19], [21, 15, 22, 14], [4, 24, 5, 23], [6, 1, 7, 2], [20, 4, 21, 3], [8, 6, 9, 5], [24, 7, 1, 8], [9, 13, 10, 12], [11, 16, 12, 17], [13, 19, 14, 18]]"
12n_0016_93,"[[13, 19, 14, 18], [15, 23, 16, 22], [17, 10, 18, 11], [2, 20, 3, 19], [21, 15, 22, 14], [4, 24, 5, 23], [6, 1, 7, 2], [20, 4, 21, 3], [8, 6, 9, 5], [24, 7, 1, 8], [9, 13, 10, 12], [11, 16, 12, 17]]"
12n_0016_94,"[[11, 16, 12, 17], [13, 19, 14, 18], [15, 23, 16, 22], [17, 10, 18, 11], [2, 20, 3, 19], [21, 15, 22, 14], [4, 24, 5, 23], [6, 1, 7, 2], [20, 4, 21, 3], [8, 6, 9, 5], [24, 7, 1, 8], [9, 13, 10, 12]]"
12n_0016_95,"[[9, 13, 10, 12], [11, 16, 12, 17], [13, 19, 14, 18], [15, 23, 16, 22], [17, 10, 18, 11], [2, 20, 3, 19], [21, 15, 22, 14], [4, 24, 5, 23], [6, 1, 7, 2], [20, 4, 21, 3], [8, 6, 9, 5], [24, 7, 1, 8]]"
12n_0016_96,"[[1, 8, 2, 9], [10, 14, 11, 13], [12, 17, 13, 18], [14, 20, 15, 19], [16, 24, 17, 23], [18, 11, 19, 12], [3, 21, 4, 20], [22, 16, 23, 15], [5, 1, 6, 24], [7, 2, 8, 3], [21, 5, 22, 4], [9, 7, 10, 6]]"
12n_0016_97,"[[9, 7, 10, 6], [1, 8, 2, 9], [10, 14, 11, 13], [12, 17, 13, 18], [14, 20, 15, 19], [16, 24, 17, 23], [18, 11, 19, 12], [3, 21, 4, 20], [22, 16, 23, 15], [5, 1, 6, 24], [7, 2, 8, 3], [21, 5, 22, 4]]"
12n_0016_98,"[[21, 5, 22, 4], [9, 7, 10, 6], [1, 8, 2, 9], [10, 14, 11, 13], [12, 17, 13, 18], [14, 20, 15, 19], [16, 24, 17, 23], [18, 11, 19, 12], [3, 21, 4, 20], [22, 16, 23, 15], [5, 1, 6, 24], [7, 2, 8, 3]]"
12n_0016_99,"[[7, 2, 8, 3], [21, 5, 22, 4], [9, 7, 10, 6], [1, 8, 2, 9], [10, 14, 11, 13], [12, 17, 13, 18], [14, 20, 15, 19], [16, 24, 17, 23], [18, 11, 19, 12], [3, 21, 4, 20], [22, 16, 23, 15], [5, 1, 6, 24]]"
12n_0016_100,"[[5, 1, 6, 24], [7, 2, 8, 3], [21, 5, 22, 4], [9, 7, 10, 6], [1, 8, 2, 9], [10, 14, 11, 13], [12, 17, 13, 18], [14, 20, 15, 19], [16, 24, 17, 23], [18, 11, 19, 12], [3, 21, 4, 20], [22, 16, 23, 15]]"
12n_0016_101,"[[22, 16, 23, 15], [5, 1, 6, 24], [7, 2, 8, 3], [21, 5, 22, 4], [9, 7, 10, 6], [1, 8, 2, 9], [10, 14, 11, 13], [12, 17, 13, 18], [14, 20, 15, 19], [16, 24, 17, 23], [18, 11, 19, 12], [3, 21, 4, 20]]"
12n_0016_102,"[[3, 21, 4, 20], [22, 16, 23, 15], [5, 1, 6, 24], [7, 2, 8, 3], [21, 5, 22, 4], [9, 7, 10, 6], [1, 8, 2, 9], [10, 14, 11, 13], [12, 17, 13, 18], [14, 20, 15, 19], [16, 24, 17, 23], [18, 11, 19, 12]]"
12n_0016_103,"[[18, 11, 19, 12], [3, 21, 4, 20], [22, 16, 23, 15], [5, 1, 6, 24], [7, 2, 8, 3], [21, 5, 22, 4], [9, 7, 10, 6], [1, 8, 2, 9], [10, 14, 11, 13], [12, 17, 13, 18], [14, 20, 15, 19], [16, 24, 17, 23]]"
12n_0016_104,"[[16, 24, 17, 23], [18, 11, 19, 12], [3, 21, 4, 20], [22, 16, 23, 15], [5, 1, 6, 24], [7, 2, 8, 3], [21, 5, 22, 4], [9, 7, 10, 6], [1, 8, 2, 9], [10, 14, 11, 13], [12, 17, 13, 18], [14, 20, 15, 19]]"
12n_0016_105,"[[14, 20, 15, 19], [16, 24, 17, 23], [18, 11, 19, 12], [3, 21, 4, 20], [22, 16, 23, 15], [5, 1, 6, 24], [7, 2, 8, 3], [21, 5, 22, 4], [9, 7, 10, 6], [1, 8, 2, 9], [10, 14, 11, 13], [12, 17, 13, 18]]"
12n_0016_106,"[[12, 17, 13, 18], [14, 20, 15, 19], [16, 24, 17, 23], [18, 11, 19, 12], [3, 21, 4, 20], [22, 16, 23, 15], [5, 1, 6, 24], [7, 2, 8, 3], [21, 5, 22, 4], [9, 7, 10, 6], [1, 8, 2, 9], [10, 14, 11, 13]]"
12n_0016_107,"[[10, 14, 11, 13], [12, 17, 13, 18], [14, 20, 15, 19], [16, 24, 17, 23], [18, 11, 19, 12], [3, 21, 4, 20], [22, 16, 23, 15], [5, 1, 6, 24], [7, 2, 8, 3], [21, 5, 22, 4], [9, 7, 10, 6], [1, 8, 2, 9]]"
12n_0016_108,"[[2, 9, 3, 10], [11, 15, 12, 14], [13, 18, 14, 19], [15, 21, 16, 20], [17, 1, 18, 24], [19, 12, 20, 13], [4, 22, 5, 21], [23, 17, 24, 16], [6, 2, 7, 1], [8, 3, 9, 4], [22, 6, 23, 5], [10, 8, 11, 7]]"
12n_0016_109,"[[10, 8, 11, 7], [2, 9, 3, 10], [11, 15, 12, 14], [13, 18, 14, 19], [15, 21, 16, 20], [17, 1, 18, 24], [19, 12, 20, 13], [4, 22, 5, 21], [23, 17, 24, 16], [6, 2, 7, 1], [8, 3, 9, 4], [22, 6, 23, 5]]"
12n_0016_110,"[[22, 6, 23, 5], [10, 8, 11, 7], [2, 9, 3, 10], [11, 15, 12, 14], [13, 18, 14, 19], [15, 21, 16, 20], [17, 1, 18, 24], [19, 12, 20, 13], [4, 22, 5, 21], [23, 17, 24, 16], [6, 2, 7, 1], [8, 3, 9, 4]]"
12n_0016_111,"[[8, 3, 9, 4], [22, 6, 23, 5], [10, 8, 11, 7], [2, 9, 3, 10], [11, 15, 12, 14], [13, 18, 14, 19], [15, 21, 16, 20], [17, 1, 18, 24], [19, 12, 20, 13], [4, 22, 5, 21], [23, 17, 24, 16], [6, 2, 7, 1]]"
12n_0016_112,"[[6, 2, 7, 1], [8, 3, 9, 4], [22, 6, 23, 5], [10, 8, 11, 7], [2, 9, 3, 10], [11, 15, 12, 14], [13, 18, 14, 19], [15, 21, 16, 20], [17, 1, 18, 24], [19, 12, 20, 13], [4, 22, 5, 21], [23, 17, 24, 16]]"
12n_0016_113,"[[23, 17, 24, 16], [6, 2, 7, 1], [8, 3, 9, 4], [22, 6, 23, 5], [10, 8, 11, 7], [2, 9, 3, 10], [11, 15, 12, 14], [13, 18, 14, 19], [15, 21, 16, 20], [17, 1, 18, 24], [19, 12, 20, 13], [4, 22, 5, 21]]"
12n_0016_114,"[[4, 22, 5, 21], [23, 17, 24, 16], [6, 2, 7, 1], [8, 3, 9, 4], [22, 6, 23, 5], [10, 8, 11, 7], [2, 9, 3, 10], [11, 15, 12, 14], [13, 18, 14, 19], [15, 21, 16, 20], [17, 1, 18, 24], [19, 12, 20, 13]]"
12n_0016_115,"[[19, 12, 20, 13], [4, 22, 5, 21], [23, 17, 24, 16], [6, 2, 7, 1], [8, 3, 9, 4], [22, 6, 23, 5], [10, 8, 11, 7], [2, 9, 3, 10], [11, 15, 12, 14], [13, 18, 14, 19], [15, 21, 16, 20], [17, 1, 18, 24]]"
12n_0016_116,"[[17, 1, 18, 24], [19, 12, 20, 13], [4, 22, 5, 21], [23, 17, 24, 16], [6, 2, 7, 1], [8, 3, 9, 4], [22, 6, 23, 5], [10, 8, 11, 7], [2, 9, 3, 10], [11, 15, 12, 14], [13, 18, 14, 19], [15, 21, 16, 20]]"
12n_0016_117,"[[15, 21, 16, 20], [17, 1, 18, 24], [19, 12, 20, 13], [4, 22, 5, 21], [23, 17, 24, 16], [6, 2, 7, 1], [8, 3, 9, 4], [22, 6, 23, 5], [10, 8, 11, 7], [2, 9, 3, 10], [11, 15, 12, 14], [13, 18, 14, 19]]"
12n_0016_118,"[[13, 18, 14, 19], [15, 21, 16, 20], [17, 1, 18, 24], [19, 12, 20, 13], [4, 22, 5, 21], [23, 17, 24, 16], [6, 2, 7, 1], [8, 3, 9, 4], [22, 6, 23, 5], [10, 8, 11, 7], [2, 9, 3, 10], [11, 15, 12, 14]]"
12n_0016_119,"[[11, 15, 12, 14], [13, 18, 14, 19], [15, 21, 16, 20], [17, 1, 18, 24], [19, 12, 20, 13], [4, 22, 5, 21], [23, 17, 24, 16], [6, 2, 7, 1], [8, 3, 9, 4], [22, 6, 23, 5], [10, 8, 11, 7], [2, 9, 3, 10]]"
12n_0016_120,"[[3, 10, 4, 11], [12, 16, 13, 15], [14, 19, 15, 20], [16, 22, 17, 21], [18, 2, 19, 1], [20, 13, 21, 14], [5, 23, 6, 22], [24, 18, 1, 17], [7, 3, 8, 2], [9, 4, 10, 5], [23, 7, 24, 6], [11, 9, 12, 8]]"
12n_0016_121,"[[11, 9, 12, 8], [3, 10, 4, 11], [12, 16, 13, 15], [14, 19, 15, 20], [16, 22, 17, 21], [18, 2, 19, 1], [20, 13, 21, 14], [5, 23, 6, 22], [24, 18, 1, 17], [7, 3, 8, 2], [9, 4, 10, 5], [23, 7, 24, 6]]"
12n_0016_122,"[[23, 7, 24, 6], [11, 9, 12, 8], [3, 10, 4, 11], [12, 16, 13, 15], [14, 19, 15, 20], [16, 22, 17, 21], [18, 2, 19, 1], [20, 13, 21, 14], [5, 23, 6, 22], [24, 18, 1, 17], [7, 3, 8, 2], [9, 4, 10, 5]]"
12n_0016_123,"[[9, 4, 10, 5], [23, 7, 24, 6], [11, 9, 12, 8], [3, 10, 4, 11], [12, 16, 13, 15], [14, 19, 15, 20], [16, 22, 17, 21], [18, 2, 19, 1], [20, 13, 21, 14], [5, 23, 6, 22], [24, 18, 1, 17], [7, 3, 8, 2]]"
12n_0016_124,"[[7, 3, 8, 2], [9, 4, 10, 5], [23, 7, 24, 6], [11, 9, 12, 8], [3, 10, 4, 11], [12, 16, 13, 15], [14, 19, 15, 20], [16, 22, 17, 21], [18, 2, 19, 1], [20, 13, 21, 14], [5, 23, 6, 22], [24, 18, 1, 17]]"
12n_0016_125,"[[24, 18, 1, 17], [7, 3, 8, 2], [9, 4, 10, 5], [23, 7, 24, 6], [11, 9, 12, 8], [3, 10, 4, 11], [12, 16, 13, 15], [14, 19, 15, 20], [16, 22, 17, 21], [18, 2, 19, 1], [20, 13, 21, 14], [5, 23, 6, 22]]"
12n_0016_126,"[[5, 23, 6, 22], [24, 18, 1, 17], [7, 3, 8, 2], [9, 4, 10, 5], [23, 7, 24, 6], [11, 9, 12, 8], [3, 10, 4, 11], [12, 16, 13, 15], [14, 19, 15, 20], [16, 22, 17, 21], [18, 2, 19, 1], [20, 13, 21, 14]]"
12n_0016_127,"[[20, 13, 21, 14], [5, 23, 6, 22], [24, 18, 1, 17], [7, 3, 8, 2], [9, 4, 10, 5], [23, 7, 24, 6], [11, 9, 12, 8], [3, 10, 4, 11], [12, 16, 13, 15], [14, 19, 15, 20], [16, 22, 17, 21], [18, 2, 19, 1]]"
12n_0016_128,"[[18, 2, 19, 1], [20, 13, 21, 14], [5, 23, 6, 22], [24, 18, 1, 17], [7, 3, 8, 2], [9, 4, 10, 5], [23, 7, 24, 6], [11, 9, 12, 8], [3, 10, 4, 11], [12, 16, 13, 15], [14, 19, 15, 20], [16, 22, 17, 21]]"
12n_0016_129,"[[16, 22, 17, 21], [18, 2, 19, 1], [20, 13, 21, 14], [5, 23, 6, 22], [24, 18, 1, 17], [7, 3, 8, 2], [9, 4, 10, 5], [23, 7, 24, 6], [11, 9, 12, 8], [3, 10, 4, 11], [12, 16, 13, 15], [14, 19, 15, 20]]"
12n_0016_130,"[[14, 19, 15, 20], [16, 22, 17, 21], [18, 2, 19, 1], [20, 13, 21, 14], [5, 23, 6, 22], [24, 18, 1, 17], [7, 3, 8, 2], [9, 4, 10, 5], [23, 7, 24, 6], [11, 9, 12, 8], [3, 10, 4, 11], [12, 16, 13, 15]]"
12n_0016_131,"[[12, 16, 13, 15], [14, 19, 15, 20], [16, 22, 17, 21], [18, 2, 19, 1], [20, 13, 21, 14], [5, 23, 6, 22], [24, 18, 1, 17], [7, 3, 8, 2], [9, 4, 10, 5], [23, 7, 24, 6], [11, 9, 12, 8], [3, 10, 4, 11]]"
12n_0016_132,"[[4, 11, 5, 12], [13, 17, 14, 16], [15, 20, 16, 21], [17, 23, 18, 22], [19, 3, 20, 2], [21, 14, 22, 15], [6, 24, 7, 23], [1, 19, 2, 18], [8, 4, 9, 3], [10, 5, 11, 6], [24, 8, 1, 7], [12, 10, 13, 9]]"
12n_0016_133,"[[12, 10, 13, 9], [4, 11, 5, 12], [13, 17, 14, 16], [15, 20, 16, 21], [17, 23, 18, 22], [19, 3, 20, 2], [21, 14, 22, 15], [6, 24, 7, 23], [1, 19, 2, 18], [8, 4, 9, 3], [10, 5, 11, 6], [24, 8, 1, 7]]"
12n_0016_134,"[[24, 8, 1, 7], [12, 10, 13, 9], [4, 11, 5, 12], [13, 17, 14, 16], [15, 20, 16, 21], [17, 23, 18, 22], [19, 3, 20, 2], [21, 14, 22, 15], [6, 24, 7, 23], [1, 19, 2, 18], [8, 4, 9, 3], [10, 5, 11, 6]]"
12n_0016_135,"[[10, 5, 11, 6], [24, 8, 1, 7], [12, 10, 13, 9], [4, 11, 5, 12], [13, 17, 14, 16], [15, 20, 16, 21], [17, 23, 18, 22], [19, 3, 20, 2], [21, 14, 22, 15], [6, 24, 7, 23], [1, 19, 2, 18], [8, 4, 9, 3]]"
12n_0016_136,"[[8, 4, 9, 3], [10, 5, 11, 6], [24, 8, 1, 7], [12, 10, 13, 9], [4, 11, 5, 12], [13, 17, 14, 16], [15, 20, 16, 21], [17, 23, 18, 22], [19, 3, 20, 2], [21, 14, 22, 15], [6, 24, 7, 23], [1, 19, 2, 18]]"
12n_0016_137,"[[1, 19, 2, 18], [8, 4, 9, 3], [10, 5, 11, 6], [24, 8, 1, 7], [12, 10, 13, 9], [4, 11, 5, 12], [13, 17, 14, 16], [15, 20, 16, 21], [17, 23, 18, 22], [19, 3, 20, 2], [21, 14, 22, 15], [6, 24, 7, 23]]"
12n_0016_138,"[[6, 24, 7, 23], [1, 19, 2, 18], [8, 4, 9, 3], [10, 5, 11, 6], [24, 8, 1, 7], [12, 10, 13, 9], [4, 11, 5, 12], [13, 17, 14, 16], [15, 20, 16, 21], [17, 23, 18, 22], [19, 3, 20, 2], [21, 14, 22, 15]]"
12n_0016_139,"[[21, 14, 22, 15], [6, 24, 7, 23], [1, 19, 2, 18], [8, 4, 9, 3], [10, 5, 11, 6], [24, 8, 1, 7], [12, 10, 13, 9], [4, 11, 5, 12], [13, 17, 14, 16], [15, 20, 16, 21], [17, 23, 18, 22], [19, 3, 20, 2]]"
12n_0016_140,"[[19, 3, 20, 2], [21, 14, 22, 15], [6, 24, 7, 23], [1, 19, 2, 18], [8, 4, 9, 3], [10, 5, 11, 6], [24, 8, 1, 7], [12, 10, 13, 9], [4, 11, 5, 12], [13, 17, 14, 16], [15, 20, 16, 21], [17, 23, 18, 22]]"
12n_0016_141,"[[17, 23, 18, 22], [19, 3, 20, 2], [21, 14, 22, 15], [6, 24, 7, 23], [1, 19, 2, 18], [8, 4, 9, 3], [10, 5, 11, 6], [24, 8, 1, 7], [12, 10, 13, 9], [4, 11, 5, 12], [13, 17, 14, 16], [15, 20, 16, 21]]"
12n_0016_142,"[[15, 20, 16, 21], [17, 23, 18, 22], [19, 3, 20, 2], [21, 14, 22, 15], [6, 24, 7, 23], [1, 19, 2, 18], [8, 4, 9, 3], [10, 5, 11, 6], [24, 8, 1, 7], [12, 10, 13, 9], [4, 11, 5, 12], [13, 17, 14, 16]]"
12n_0016_143,"[[13, 17, 14, 16], [15, 20, 16, 21], [17, 23, 18, 22], [19, 3, 20, 2], [21, 14, 22, 15], [6, 24, 7, 23], [1, 19, 2, 18], [8, 4, 9, 3], [10, 5, 11, 6], [24, 8, 1, 7], [12, 10, 13, 9], [4, 11, 5, 12]]"
12n_0016_144,"[[5, 12, 6, 13], [14, 18, 15, 17], [16, 21, 17, 22], [18, 24, 19, 23], [20, 4, 21, 3], [22, 15, 23, 16], [7, 1, 8, 24], [2, 20, 3, 19], [9, 5, 10, 4], [11, 6, 12, 7], [1, 9, 2, 8], [13, 11, 14, 10]]"
12n_0016_145,"[[13, 11, 14, 10], [5, 12, 6, 13], [14, 18, 15, 17], [16, 21, 17, 22], [18, 24, 19, 23], [20, 4, 21, 3], [22, 15, 23, 16], [7, 1, 8, 24], [2, 20, 3, 19], [9, 5, 10, 4], [11, 6, 12, 7], [1, 9, 2, 8]]"
12n_0016_146,"[[1, 9, 2, 8], [13, 11, 14, 10], [5, 12, 6, 13], [14, 18, 15, 17], [16, 21, 17, 22], [18, 24, 19, 23], [20, 4, 21, 3], [22, 15, 23, 16], [7, 1, 8, 24], [2, 20, 3, 19], [9, 5, 10, 4], [11, 6, 12, 7]]"
12n_0016_147,"[[11, 6, 12, 7], [1, 9, 2, 8], [13, 11, 14, 10], [5, 12, 6, 13], [14, 18, 15, 17], [16, 21, 17, 22], [18, 24, 19, 23], [20, 4, 21, 3], [22, 15, 23, 16], [7, 1, 8, 24], [2, 20, 3, 19], [9, 5, 10, 4]]"
12n_0016_148,"[[9, 5, 10, 4], [11, 6, 12, 7], [1, 9, 2, 8], [13, 11, 14, 10], [5, 12, 6, 13], [14, 18, 15, 17], [16, 21, 17, 22], [18, 24, 19, 23], [20, 4, 21, 3], [22, 15, 23, 16], [7, 1, 8, 24], [2, 20, 3, 19]]"
12n_0016_149,"[[2, 20, 3, 19], [9, 5, 10, 4], [11, 6, 12, 7], [1, 9, 2, 8], [13, 11, 14, 10], [5, 12, 6, 13], [14, 18, 15, 17], [16, 21, 17, 22], [18, 24, 19, 23], [20, 4, 21, 3], [22, 15, 23, 16], [7, 1, 8, 24]]"
12n_0016_150,"[[7, 1, 8, 24], [2, 20, 3, 19], [9, 5, 10, 4], [11, 6, 12, 7], [1, 9, 2, 8], [13, 11, 14, 10], [5, 12, 6, 13], [14, 18, 15, 17], [16, 21, 17, 22], [18, 24, 19, 23], [20, 4, 21, 3], [22, 15, 23, 16]]"
12n_0016_151,"[[22, 15, 23, 16], [7, 1, 8, 24], [2, 20, 3, 19], [9, 5, 10, 4], [11, 6, 12, 7], [1, 9, 2, 8], [13, 11, 14, 10], [5, 12, 6, 13], [14, 18, 15, 17], [16, 21, 17, 22], [18, 24, 19, 23], [20, 4, 21, 3]]"
12n_0016_152,"[[20, 4, 21, 3], [22, 15, 23, 16], [7, 1, 8, 24], [2, 20, 3, 19], [9, 5, 10, 4], [11, 6, 12, 7], [1, 9, 2, 8], [13, 11, 14, 10], [5, 12, 6, 13], [14, 18, 15, 17], [16, 21, 17, 22], [18, 24, 19, 23]]"
12n_0016_153,"[[18, 24, 19, 23], [20, 4, 21, 3], [22, 15, 23, 16], [7, 1, 8, 24], [2, 20, 3, 19], [9, 5, 10, 4], [11, 6, 12, 7], [1, 9, 2, 8], [13, 11, 14, 10], [5, 12, 6, 13], [14, 18, 15, 17], [16, 21, 17, 22]]"
12n_0016_154,"[[16, 21, 17, 22], [18, 24, 19, 23], [20, 4, 21, 3], [22, 15, 23, 16], [7, 1, 8, 24], [2, 20, 3, 19], [9, 5, 10, 4], [11, 6, 12, 7], [1, 9, 2, 8], [13, 11, 14, 10], [5, 12, 6, 13], [14, 18, 15, 17]]"
12n_0016_155,"[[14, 18, 15, 17], [16, 21, 17, 22], [18, 24, 19, 23], [20, 4, 21, 3], [22, 15, 23, 16], [7, 1, 8, 24], [2, 20, 3, 19], [9, 5, 10, 4], [11, 6, 12, 7], [1, 9, 2, 8], [13, 11, 14, 10], [5, 12, 6, 13]]"
12n_0016_156,"[[6, 13, 7, 14], [15, 19, 16, 18], [17, 22, 18, 23], [19, 1, 20, 24], [21, 5, 22, 4], [23, 16, 24, 17], [8, 2, 9, 1], [3, 21, 4, 20], [10, 6, 11, 5], [12, 7, 13, 8], [2, 10, 3, 9], [14, 12, 15, 11]]"
12n_0016_157,"[[14, 12, 15, 11], [6, 13, 7, 14], [15, 19, 16, 18], [17, 22, 18, 23], [19, 1, 20, 24], [21, 5, 22, 4], [23, 16, 24, 17], [8, 2, 9, 1], [3, 21, 4, 20], [10, 6, 11, 5], [12, 7, 13, 8], [2, 10, 3, 9]]"
12n_0016_158,"[[2, 10, 3, 9], [14, 12, 15, 11], [6, 13, 7, 14], [15, 19, 16, 18], [17, 22, 18, 23], [19, 1, 20, 24], [21, 5, 22, 4], [23, 16, 24, 17], [8, 2, 9, 1], [3, 21, 4, 20], [10, 6, 11, 5], [12, 7, 13, 8]]"
12n_0016_159,"[[12, 7, 13, 8], [2, 10, 3, 9], [14, 12, 15, 11], [6, 13, 7, 14], [15, 19, 16, 18], [17, 22, 18, 23], [19, 1, 20, 24], [21, 5, 22, 4], [23, 16, 24, 17], [8, 2, 9, 1], [3, 21, 4, 20], [10, 6, 11, 5]]"
12n_0016_160,"[[10, 6, 11, 5], [12, 7, 13, 8], [2, 10, 3, 9], [14, 12, 15, 11], [6, 13, 7, 14], [15, 19, 16, 18], [17, 22, 18, 23], [19, 1, 20, 24], [21, 5, 22, 4], [23, 16, 24, 17], [8, 2, 9, 1], [3, 21, 4, 20]]"
12n_0016_161,"[[3, 21, 4, 20], [10, 6, 11, 5], [12, 7, 13, 8], [2, 10, 3, 9], [14, 12, 15, 11], [6, 13, 7, 14], [15, 19, 16, 18], [17, 22, 18, 23], [19, 1, 20, 24], [21, 5, 22, 4], [23, 16, 24, 17], [8, 2, 9, 1]]"
12n_0016_162,"[[8, 2, 9, 1], [3, 21, 4, 20], [10, 6, 11, 5], [12, 7, 13, 8], [2, 10, 3, 9], [14, 12, 15, 11], [6, 13, 7, 14], [15, 19, 16, 18], [17, 22, 18, 23], [19, 1, 20, 24], [21, 5, 22, 4], [23, 16, 24, 17]]"
12n_0016_163,"[[23, 16, 24, 17], [8, 2, 9, 1], [3, 21, 4, 20], [10, 6, 11, 5], [12, 7, 13, 8], [2, 10, 3, 9], [14, 12, 15, 11], [6, 13, 7, 14], [15, 19, 16, 18], [17, 22, 18, 23], [19, 1, 20, 24], [21, 5, 22, 4]]"
12n_0016_164,"[[21, 5, 22, 4], [23, 16, 24, 17], [8, 2, 9, 1], [3, 21, 4, 20], [10, 6, 11, 5], [12, 7, 13, 8], [2, 10, 3, 9], [14, 12, 15, 11], [6, 13, 7, 14], [15, 19, 16, 18], [17, 22, 18, 23], [19, 1, 20, 24]]"
12n_0016_165,"[[19, 1, 20, 24], [21, 5, 22, 4], [23, 16, 24, 17], [8, 2, 9, 1], [3, 21, 4, 20], [10, 6, 11, 5], [12, 7, 13, 8], [2, 10, 3, 9], [14, 12, 15, 11], [6, 13, 7, 14], [15, 19, 16, 18], [17, 22, 18, 23]]"
12n_0016_166,"[[17, 22, 18, 23], [19, 1, 20, 24], [21, 5, 22, 4], [23, 16, 24, 17], [8, 2, 9, 1], [3, 21, 4, 20], [10, 6, 11, 5], [12, 7, 13, 8], [2, 10, 3, 9], [14, 12, 15, 11], [6, 13, 7, 14], [15, 19, 16, 18]]"
12n_0016_167,"[[15, 19, 16, 18], [17, 22, 18, 23], [19, 1, 20, 24], [21, 5, 22, 4], [23, 16, 24, 17], [8, 2, 9, 1], [3, 21, 4, 20], [10, 6, 11, 5], [12, 7, 13, 8], [2, 10, 3, 9], [14, 12, 15, 11], [6, 13, 7, 14]]"
12n_0016_168,"[[7, 14, 8, 15], [16, 20, 17, 19], [18, 23, 19, 24], [20, 2, 21, 1], [22, 6, 23, 5], [24, 17, 1, 18], [9, 3, 10, 2], [4, 22, 5, 21], [11, 7, 12, 6], [13, 8, 14, 9], [3, 11, 4, 10], [15, 13, 16, 12]]"
12n_0016_169,"[[15, 13, 16, 12], [7, 14, 8, 15], [16, 20, 17, 19], [18, 23, 19, 24], [20, 2, 21, 1], [22, 6, 23, 5], [24, 17, 1, 18], [9, 3, 10, 2], [4, 22, 5, 21], [11, 7, 12, 6], [13, 8, 14, 9], [3, 11, 4, 10]]"
12n_0016_170,"[[3, 11, 4, 10], [15, 13, 16, 12], [7, 14, 8, 15], [16, 20, 17, 19], [18, 23, 19, 24], [20, 2, 21, 1], [22, 6, 23, 5], [24, 17, 1, 18], [9, 3, 10, 2], [4, 22, 5, 21], [11, 7, 12, 6], [13, 8, 14, 9]]"
12n_0016_171,"[[13, 8, 14, 9], [3, 11, 4, 10], [15, 13, 16, 12], [7, 14, 8, 15], [16, 20, 17, 19], [18, 23, 19, 24], [20, 2, 21, 1], [22, 6, 23, 5], [24, 17, 1, 18], [9, 3, 10, 2], [4, 22, 5, 21], [11, 7, 12, 6]]"
12n_0016_172,"[[11, 7, 12, 6], [13, 8, 14, 9], [3, 11, 4, 10], [15, 13, 16, 12], [7, 14, 8, 15], [16, 20, 17, 19], [18, 23, 19, 24], [20, 2, 21, 1], [22, 6, 23, 5], [24, 17, 1, 18], [9, 3, 10, 2], [4, 22, 5, 21]]"
12n_0016_173,"[[4, 22, 5, 21], [11, 7, 12, 6], [13, 8, 14, 9], [3, 11, 4, 10], [15, 13, 16, 12], [7, 14, 8, 15], [16, 20, 17, 19], [18, 23, 19, 24], [20, 2, 21, 1], [22, 6, 23, 5], [24, 17, 1, 18], [9, 3, 10, 2]]"
12n_0016_174,"[[9, 3, 10, 2], [4, 22, 5, 21], [11, 7, 12, 6], [13, 8, 14, 9], [3, 11, 4, 10], [15, 13, 16, 12], [7, 14, 8, 15], [16, 20, 17, 19], [18, 23, 19, 24], [20, 2, 21, 1], [22, 6, 23, 5], [24, 17, 1, 18]]"
12n_0016_175,"[[24, 17, 1, 18], [9, 3, 10, 2], [4, 22, 5, 21], [11, 7, 12, 6], [13, 8, 14, 9], [3, 11, 4, 10], [15, 13, 16, 12], [7, 14, 8, 15], [16, 20, 17, 19], [18, 23, 19, 24], [20, 2, 21, 1], [22, 6, 23, 5]]"
12n_0016_176,"[[22, 6, 23, 5], [24, 17, 1, 18], [9, 3, 10, 2], [4, 22, 5, 21], [11, 7, 12, 6], [13, 8, 14, 9], [3, 11, 4, 10], [15, 13, 16, 12], [7, 14, 8, 15], [16, 20, 17, 19], [18, 23, 19, 24], [20, 2, 21, 1]]"
12n_0016_177,"[[20, 2, 21, 1], [22, 6, 23, 5], [24, 17, 1, 18], [9, 3, 10, 2], [4, 22, 5, 21], [11, 7, 12, 6], [13, 8, 14, 9], [3, 11, 4, 10], [15, 13, 16, 12], [7, 14, 8, 15], [16, 20, 17, 19], [18, 23, 19, 24]]"
12n_0016_178,"[[18, 23, 19, 24], [20, 2, 21, 1], [22, 6, 23, 5], [24, 17, 1, 18], [9, 3, 10, 2], [4, 22, 5, 21], [11, 7, 12, 6], [13, 8, 14, 9], [3, 11, 4, 10], [15, 13, 16, 12], [7, 14, 8, 15], [16, 20, 17, 19]]"
12n_0016_179,"[[16, 20, 17, 19], [18, 23, 19, 24], [20, 2, 21, 1], [22, 6, 23, 5], [24, 17, 1, 18], [9, 3, 10, 2], [4, 22, 5, 21], [11, 7, 12, 6], [13, 8, 14, 9], [3, 11, 4, 10], [15, 13, 16, 12], [7, 14, 8, 15]]"
12n_0016_180,"[[8, 15, 9, 16], [17, 21, 18, 20], [19, 24, 20, 1], [21, 3, 22, 2], [23, 7, 24, 6], [1, 18, 2, 19], [10, 4, 11, 3], [5, 23, 6, 22], [12, 8, 13, 7], [14, 9, 15, 10], [4, 12, 5, 11], [16, 14, 17, 13]]"
12n_0016_181,"[[16, 14, 17, 13], [8, 15, 9, 16], [17, 21, 18, 20], [19, 24, 20, 1], [21, 3, 22, 2], [23, 7, 24, 6], [1, 18, 2, 19], [10, 4, 11, 3], [5, 23, 6, 22], [12, 8, 13, 7], [14, 9, 15, 10], [4, 12, 5, 11]]"
12n_0016_182,"[[4, 12, 5, 11], [16, 14, 17, 13], [8, 15, 9, 16], [17, 21, 18, 20], [19, 24, 20, 1], [21, 3, 22, 2], [23, 7, 24, 6], [1, 18, 2, 19], [10, 4, 11, 3], [5, 23, 6, 22], [12, 8, 13, 7], [14, 9, 15, 10]]"
12n_0016_183,"[[14, 9, 15, 10], [4, 12, 5, 11], [16, 14, 17, 13], [8, 15, 9, 16], [17, 21, 18, 20], [19, 24, 20, 1], [21, 3, 22, 2], [23, 7, 24, 6], [1, 18, 2, 19], [10, 4, 11, 3], [5, 23, 6, 22], [12, 8, 13, 7]]"
12n_0016_184,"[[12, 8, 13, 7], [14, 9, 15, 10], [4, 12, 5, 11], [16, 14, 17, 13], [8, 15, 9, 16], [17, 21, 18, 20], [19, 24, 20, 1], [21, 3, 22, 2], [23, 7, 24, 6], [1, 18, 2, 19], [10, 4, 11, 3], [5, 23, 6, 22]]"
12n_0016_185,"[[5, 23, 6, 22], [12, 8, 13, 7], [14, 9, 15, 10], [4, 12, 5, 11], [16, 14, 17, 13], [8, 15, 9, 16], [17, 21, 18, 20], [19, 24, 20, 1], [21, 3, 22, 2], [23, 7, 24, 6], [1, 18, 2, 19], [10, 4, 11, 3]]"
