name,pd_notation
12n_0513_0,"[[24, 14, 1, 13], [2, 6, 3, 5], [4, 12, 5, 11], [6, 20, 7, 19], [8, 16, 9, 15], [10, 4, 11, 3], [12, 22, 13, 21], [14, 8, 15, 7], [23, 16, 24, 17], [18, 10, 19, 9], [20, 2, 21, 1], [17, 22, 18, 23]]"
12n_0513_1,"[[17, 22, 18, 23], [24, 14, 1, 13], [2, 6, 3, 5], [4, 12, 5, 11], [6, 20, 7, 19], [8, 16, 9, 15], [10, 4, 11, 3], [12, 22, 13, 21], [14, 8, 15, 7], [23, 16, 24, 17], [18, 10, 19, 9], [20, 2, 21, 1]]"
12n_0513_2,"[[20, 2, 21, 1], [17, 22, 18, 23], [24, 14, 1, 13], [2, 6, 3, 5], [4, 12, 5, 11], [6, 20, 7, 19], [8, 16, 9, 15], [10, 4, 11, 3], [12, 22, 13, 21], [14, 8, 15, 7], [23, 16, 24, 17], [18, 10, 19, 9]]"
12n_0513_3,"[[18, 10, 19, 9], [20, 2, 21, 1], [17, 22, 18, 23], [24, 14, 1, 13], [2, 6, 3, 5], [4, 12, 5, 11], [6, 20, 7, 19], [8, 16, 9, 15], [10, 4, 11, 3], [12, 22, 13, 21], [14, 8, 15, 7], [23, 16, 24, 17]]"
12n_0513_4,"[[23, 16, 24, 17], [18, 10, 19, 9], [20, 2, 21, 1], [17, 22, 18, 23], [24, 14, 1, 13], [2, 6, 3, 5], [4, 12, 5, 11], [6, 20, 7, 19], [8, 16, 9, 15], [10, 4, 11, 3], [12, 22, 13, 21], [14, 8, 15, 7]]"
12n_0513_5,"[[14, 8, 15, 7], [23, 16, 24, 17], [18, 10, 19, 9], [20, 2, 21, 1], [17, 22, 18, 23], [24, 14, 1, 13], [2, 6, 3, 5], [4, 12, 5, 11], [6, 20, 7, 19], [8, 16, 9, 15], [10, 4, 11, 3], [12, 22, 13, 21]]"
12n_0513_6,"[[12, 22, 13, 21], [14, 8, 15, 7], [23, 16, 24, 17], [18, 10, 19, 9], [20, 2, 21, 1], [17, 22, 18, 23], [24, 14, 1, 13], [2, 6, 3, 5], [4, 12, 5, 11], [6, 20, 7, 19], [8, 16, 9, 15], [10, 4, 11, 3]]"
12n_0513_7,"[[10, 4, 11, 3], [12, 22, 13, 21], [14, 8, 15, 7], [23, 16, 24, 17], [18, 10, 19, 9], [20, 2, 21, 1], [17, 22, 18, 23], [24, 14, 1, 13], [2, 6, 3, 5], [4, 12, 5, 11], [6, 20, 7, 19], [8, 16, 9, 15]]"
12n_0513_8,"[[8, 16, 9, 15], [10, 4, 11, 3], [12, 22, 13, 21], [14, 8, 15, 7], [23, 16, 24, 17], [18, 10, 19, 9], [20, 2, 21, 1], [17, 22, 18, 23], [24, 14, 1, 13], [2, 6, 3, 5], [4, 12, 5, 11], [6, 20, 7, 19]]"
12n_0513_9,"[[6, 20, 7, 19], [8, 16, 9, 15], [10, 4, 11, 3], [12, 22, 13, 21], [14, 8, 15, 7], [23, 16, 24, 17], [18, 10, 19, 9], [20, 2, 21, 1], [17, 22, 18, 23], [24, 14, 1, 13], [2, 6, 3, 5], [4, 12, 5, 11]]"
12n_0513_10,"[[4, 12, 5, 11], [6, 20, 7, 19], [8, 16, 9, 15], [10, 4, 11, 3], [12, 22, 13, 21], [14, 8, 15, 7], [23, 16, 24, 17], [18, 10, 19, 9], [20, 2, 21, 1], [17, 22, 18, 23], [24, 14, 1, 13], [2, 6, 3, 5]]"
12n_0513_11,"[[2, 6, 3, 5], [4, 12, 5, 11], [6, 20, 7, 19], [8, 16, 9, 15], [10, 4, 11, 3], [12, 22, 13, 21], [14, 8, 15, 7], [23, 16, 24, 17], [18, 10, 19, 9], [20, 2, 21, 1], [17, 22, 18, 23], [24, 14, 1, 13]]"
12n_0513_12,"[[1, 15, 2, 14], [3, 7, 4, 6], [5, 13, 6, 12], [7, 21, 8, 20], [9, 17, 10, 16], [11, 5, 12, 4], [13, 23, 14, 22], [15, 9, 16, 8], [24, 17, 1, 18], [19, 11, 20, 10], [21, 3, 22, 2], [18, 23, 19, 24]]"
12n_0513_13,"[[18, 23, 19, 24], [1, 15, 2, 14], [3, 7, 4, 6], [5, 13, 6, 12], [7, 21, 8, 20], [9, 17, 10, 16], [11, 5, 12, 4], [13, 23, 14, 22], [15, 9, 16, 8], [24, 17, 1, 18], [19, 11, 20, 10], [21, 3, 22, 2]]"
12n_0513_14,"[[21, 3, 22, 2], [18, 23, 19, 24], [1, 15, 2, 14], [3, 7, 4, 6], [5, 13, 6, 12], [7, 21, 8, 20], [9, 17, 10, 16], [11, 5, 12, 4], [13, 23, 14, 22], [15, 9, 16, 8], [24, 17, 1, 18], [19, 11, 20, 10]]"
12n_0513_15,"[[19, 11, 20, 10], [21, 3, 22, 2], [18, 23, 19, 24], [1, 15, 2, 14], [3, 7, 4, 6], [5, 13, 6, 12], [7, 21, 8, 20], [9, 17, 10, 16], [11, 5, 12, 4], [13, 23, 14, 22], [15, 9, 16, 8], [24, 17, 1, 18]]"
12n_0513_16,"[[24, 17, 1, 18], [19, 11, 20, 10], [21, 3, 22, 2], [18, 23, 19, 24], [1, 15, 2, 14], [3, 7, 4, 6], [5, 13, 6, 12], [7, 21, 8, 20], [9, 17, 10, 16], [11, 5, 12, 4], [13, 23, 14, 22], [15, 9, 16, 8]]"
12n_0513_17,"[[15, 9, 16, 8], [24, 17, 1, 18], [19, 11, 20, 10], [21, 3, 22, 2], [18, 23, 19, 24], [1, 15, 2, 14], [3, 7, 4, 6], [5, 13, 6, 12], [7, 21, 8, 20], [9, 17, 10, 16], [11, 5, 12, 4], [13, 23, 14, 22]]"
12n_0513_18,"[[13, 23, 14, 22], [15, 9, 16, 8], [24, 17, 1, 18], [19, 11, 20, 10], [21, 3, 22, 2], [18, 23, 19, 24], [1, 15, 2, 14], [3, 7, 4, 6], [5, 13, 6, 12], [7, 21, 8, 20], [9, 17, 10, 16], [11, 5, 12, 4]]"
12n_0513_19,"[[11, 5, 12, 4], [13, 23, 14, 22], [15, 9, 16, 8], [24, 17, 1, 18], [19, 11, 20, 10], [21, 3, 22, 2], [18, 23, 19, 24], [1, 15, 2, 14], [3, 7, 4, 6], [5, 13, 6, 12], [7, 21, 8, 20], [9, 17, 10, 16]]"
12n_0513_20,"[[9, 17, 10, 16], [11, 5, 12, 4], [13, 23, 14, 22], [15, 9, 16, 8], [24, 17, 1, 18], [19, 11, 20, 10], [21, 3, 22, 2], [18, 23, 19, 24], [1, 15, 2, 14], [3, 7, 4, 6], [5, 13, 6, 12], [7, 21, 8, 20]]"
12n_0513_21,"[[7, 21, 8, 20], [9, 17, 10, 16], [11, 5, 12, 4], [13, 23, 14, 22], [15, 9, 16, 8], [24, 17, 1, 18], [19, 11, 20, 10], [21, 3, 22, 2], [18, 23, 19, 24], [1, 15, 2, 14], [3, 7, 4, 6], [5, 13, 6, 12]]"
12n_0513_22,"[[5, 13, 6, 12], [7, 21, 8, 20], [9, 17, 10, 16], [11, 5, 12, 4], [13, 23, 14, 22], [15, 9, 16, 8], [24, 17, 1, 18], [19, 11, 20, 10], [21, 3, 22, 2], [18, 23, 19, 24], [1, 15, 2, 14], [3, 7, 4, 6]]"
12n_0513_23,"[[3, 7, 4, 6], [5, 13, 6, 12], [7, 21, 8, 20], [9, 17, 10, 16], [11, 5, 12, 4], [13, 23, 14, 22], [15, 9, 16, 8], [24, 17, 1, 18], [19, 11, 20, 10], [21, 3, 22, 2], [18, 23, 19, 24], [1, 15, 2, 14]]"
12n_0513_24,"[[2, 16, 3, 15], [4, 8, 5, 7], [6, 14, 7, 13], [8, 22, 9, 21], [10, 18, 11, 17], [12, 6, 13, 5], [14, 24, 15, 23], [16, 10, 17, 9], [1, 18, 2, 19], [20, 12, 21, 11], [22, 4, 23, 3], [19, 24, 20, 1]]"
12n_0513_25,"[[19, 24, 20, 1], [2, 16, 3, 15], [4, 8, 5, 7], [6, 14, 7, 13], [8, 22, 9, 21], [10, 18, 11, 17], [12, 6, 13, 5], [14, 24, 15, 23], [16, 10, 17, 9], [1, 18, 2, 19], [20, 12, 21, 11], [22, 4, 23, 3]]"
12n_0513_26,"[[22, 4, 23, 3], [19, 24, 20, 1], [2, 16, 3, 15], [4, 8, 5, 7], [6, 14, 7, 13], [8, 22, 9, 21], [10, 18, 11, 17], [12, 6, 13, 5], [14, 24, 15, 23], [16, 10, 17, 9], [1, 18, 2, 19], [20, 12, 21, 11]]"
12n_0513_27,"[[20, 12, 21, 11], [22, 4, 23, 3], [19, 24, 20, 1], [2, 16, 3, 15], [4, 8, 5, 7], [6, 14, 7, 13], [8, 22, 9, 21], [10, 18, 11, 17], [12, 6, 13, 5], [14, 24, 15, 23], [16, 10, 17, 9], [1, 18, 2, 19]]"
12n_0513_28,"[[1, 18, 2, 19], [20, 12, 21, 11], [22, 4, 23, 3], [19, 24, 20, 1], [2, 16, 3, 15], [4, 8, 5, 7], [6, 14, 7, 13], [8, 22, 9, 21], [10, 18, 11, 17], [12, 6, 13, 5], [14, 24, 15, 23], [16, 10, 17, 9]]"
12n_0513_29,"[[16, 10, 17, 9], [1, 18, 2, 19], [20, 12, 21, 11], [22, 4, 23, 3], [19, 24, 20, 1], [2, 16, 3, 15], [4, 8, 5, 7], [6, 14, 7, 13], [8, 22, 9, 21], [10, 18, 11, 17], [12, 6, 13, 5], [14, 24, 15, 23]]"
12n_0513_30,"[[14, 24, 15, 23], [16, 10, 17, 9], [1, 18, 2, 19], [20, 12, 21, 11], [22, 4, 23, 3], [19, 24, 20, 1], [2, 16, 3, 15], [4, 8, 5, 7], [6, 14, 7, 13], [8, 22, 9, 21], [10, 18, 11, 17], [12, 6, 13, 5]]"
12n_0513_31,"[[12, 6, 13, 5], [14, 24, 15, 23], [16, 10, 17, 9], [1, 18, 2, 19], [20, 12, 21, 11], [22, 4, 23, 3], [19, 24, 20, 1], [2, 16, 3, 15], [4, 8, 5, 7], [6, 14, 7, 13], [8, 22, 9, 21], [10, 18, 11, 17]]"
12n_0513_32,"[[10, 18, 11, 17], [12, 6, 13, 5], [14, 24, 15, 23], [16, 10, 17, 9], [1, 18, 2, 19], [20, 12, 21, 11], [22, 4, 23, 3], [19, 24, 20, 1], [2, 16, 3, 15], [4, 8, 5, 7], [6, 14, 7, 13], [8, 22, 9, 21]]"
12n_0513_33,"[[8, 22, 9, 21], [10, 18, 11, 17], [12, 6, 13, 5], [14, 24, 15, 23], [16, 10, 17, 9], [1, 18, 2, 19], [20, 12, 21, 11], [22, 4, 23, 3], [19, 24, 20, 1], [2, 16, 3, 15], [4, 8, 5, 7], [6, 14, 7, 13]]"
12n_0513_34,"[[6, 14, 7, 13], [8, 22, 9, 21], [10, 18, 11, 17], [12, 6, 13, 5], [14, 24, 15, 23], [16, 10, 17, 9], [1, 18, 2, 19], [20, 12, 21, 11], [22, 4, 23, 3], [19, 24, 20, 1], [2, 16, 3, 15], [4, 8, 5, 7]]"
12n_0513_35,"[[4, 8, 5, 7], [6, 14, 7, 13], [8, 22, 9, 21], [10, 18, 11, 17], [12, 6, 13, 5], [14, 24, 15, 23], [16, 10, 17, 9], [1, 18, 2, 19], [20, 12, 21, 11], [22, 4, 23, 3], [19, 24, 20, 1], [2, 16, 3, 15]]"
12n_0513_36,"[[3, 17, 4, 16], [5, 9, 6, 8], [7, 15, 8, 14], [9, 23, 10, 22], [11, 19, 12, 18], [13, 7, 14, 6], [15, 1, 16, 24], [17, 11, 18, 10], [2, 19, 3, 20], [21, 13, 22, 12], [23, 5, 24, 4], [20, 1, 21, 2]]"
12n_0513_37,"[[20, 1, 21, 2], [3, 17, 4, 16], [5, 9, 6, 8], [7, 15, 8, 14], [9, 23, 10, 22], [11, 19, 12, 18], [13, 7, 14, 6], [15, 1, 16, 24], [17, 11, 18, 10], [2, 19, 3, 20], [21, 13, 22, 12], [23, 5, 24, 4]]"
12n_0513_38,"[[23, 5, 24, 4], [20, 1, 21, 2], [3, 17, 4, 16], [5, 9, 6, 8], [7, 15, 8, 14], [9, 23, 10, 22], [11, 19, 12, 18], [13, 7, 14, 6], [15, 1, 16, 24], [17, 11, 18, 10], [2, 19, 3, 20], [21, 13, 22, 12]]"
12n_0513_39,"[[21, 13, 22, 12], [23, 5, 24, 4], [20, 1, 21, 2], [3, 17, 4, 16], [5, 9, 6, 8], [7, 15, 8, 14], [9, 23, 10, 22], [11, 19, 12, 18], [13, 7, 14, 6], [15, 1, 16, 24], [17, 11, 18, 10], [2, 19, 3, 20]]"
12n_0513_40,"[[2, 19, 3, 20], [21, 13, 22, 12], [23, 5, 24, 4], [20, 1, 21, 2], [3, 17, 4, 16], [5, 9, 6, 8], [7, 15, 8, 14], [9, 23, 10, 22], [11, 19, 12, 18], [13, 7, 14, 6], [15, 1, 16, 24], [17, 11, 18, 10]]"
12n_0513_41,"[[17, 11, 18, 10], [2, 19, 3, 20], [21, 13, 22, 12], [23, 5, 24, 4], [20, 1, 21, 2], [3, 17, 4, 16], [5, 9, 6, 8], [7, 15, 8, 14], [9, 23, 10, 22], [11, 19, 12, 18], [13, 7, 14, 6], [15, 1, 16, 24]]"
12n_0513_42,"[[15, 1, 16, 24], [17, 11, 18, 10], [2, 19, 3, 20], [21, 13, 22, 12], [23, 5, 24, 4], [20, 1, 21, 2], [3, 17, 4, 16], [5, 9, 6, 8], [7, 15, 8, 14], [9, 23, 10, 22], [11, 19, 12, 18], [13, 7, 14, 6]]"
12n_0513_43,"[[13, 7, 14, 6], [15, 1, 16, 24], [17, 11, 18, 10], [2, 19, 3, 20], [21, 13, 22, 12], [23, 5, 24, 4], [20, 1, 21, 2], [3, 17, 4, 16], [5, 9, 6, 8], [7, 15, 8, 14], [9, 23, 10, 22], [11, 19, 12, 18]]"
12n_0513_44,"[[11, 19, 12, 18], [13, 7, 14, 6], [15, 1, 16, 24], [17, 11, 18, 10], [2, 19, 3, 20], [21, 13, 22, 12], [23, 5, 24, 4], [20, 1, 21, 2], [3, 17, 4, 16], [5, 9, 6, 8], [7, 15, 8, 14], [9, 23, 10, 22]]"
12n_0513_45,"[[9, 23, 10, 22], [11, 19, 12, 18], [13, 7, 14, 6], [15, 1, 16, 24], [17, 11, 18, 10], [2, 19, 3, 20], [21, 13, 22, 12], [23, 5, 24, 4], [20, 1, 21, 2], [3, 17, 4, 16], [5, 9, 6, 8], [7, 15, 8, 14]]"
12n_0513_46,"[[7, 15, 8, 14], [9, 23, 10, 22], [11, 19, 12, 18], [13, 7, 14, 6], [15, 1, 16, 24], [17, 11, 18, 10], [2, 19, 3, 20], [21, 13, 22, 12], [23, 5, 24, 4], [20, 1, 21, 2], [3, 17, 4, 16], [5, 9, 6, 8]]"
12n_0513_47,"[[5, 9, 6, 8], [7, 15, 8, 14], [9, 23, 10, 22], [11, 19, 12, 18], [13, 7, 14, 6], [15, 1, 16, 24], [17, 11, 18, 10], [2, 19, 3, 20], [21, 13, 22, 12], [23, 5, 24, 4], [20, 1, 21, 2], [3, 17, 4, 16]]"
12n_0513_48,"[[4, 18, 5, 17], [6, 10, 7, 9], [8, 16, 9, 15], [10, 24, 11, 23], [12, 20, 13, 19], [14, 8, 15, 7], [16, 2, 17, 1], [18, 12, 19, 11], [3, 20, 4, 21], [22, 14, 23, 13], [24, 6, 1, 5], [21, 2, 22, 3]]"
12n_0513_49,"[[21, 2, 22, 3], [4, 18, 5, 17], [6, 10, 7, 9], [8, 16, 9, 15], [10, 24, 11, 23], [12, 20, 13, 19], [14, 8, 15, 7], [16, 2, 17, 1], [18, 12, 19, 11], [3, 20, 4, 21], [22, 14, 23, 13], [24, 6, 1, 5]]"
12n_0513_50,"[[24, 6, 1, 5], [21, 2, 22, 3], [4, 18, 5, 17], [6, 10, 7, 9], [8, 16, 9, 15], [10, 24, 11, 23], [12, 20, 13, 19], [14, 8, 15, 7], [16, 2, 17, 1], [18, 12, 19, 11], [3, 20, 4, 21], [22, 14, 23, 13]]"
12n_0513_51,"[[22, 14, 23, 13], [24, 6, 1, 5], [21, 2, 22, 3], [4, 18, 5, 17], [6, 10, 7, 9], [8, 16, 9, 15], [10, 24, 11, 23], [12, 20, 13, 19], [14, 8, 15, 7], [16, 2, 17, 1], [18, 12, 19, 11], [3, 20, 4, 21]]"
12n_0513_52,"[[3, 20, 4, 21], [22, 14, 23, 13], [24, 6, 1, 5], [21, 2, 22, 3], [4, 18, 5, 17], [6, 10, 7, 9], [8, 16, 9, 15], [10, 24, 11, 23], [12, 20, 13, 19], [14, 8, 15, 7], [16, 2, 17, 1], [18, 12, 19, 11]]"
12n_0513_53,"[[18, 12, 19, 11], [3, 20, 4, 21], [22, 14, 23, 13], [24, 6, 1, 5], [21, 2, 22, 3], [4, 18, 5, 17], [6, 10, 7, 9], [8, 16, 9, 15], [10, 24, 11, 23], [12, 20, 13, 19], [14, 8, 15, 7], [16, 2, 17, 1]]"
12n_0513_54,"[[16, 2, 17, 1], [18, 12, 19, 11], [3, 20, 4, 21], [22, 14, 23, 13], [24, 6, 1, 5], [21, 2, 22, 3], [4, 18, 5, 17], [6, 10, 7, 9], [8, 16, 9, 15], [10, 24, 11, 23], [12, 20, 13, 19], [14, 8, 15, 7]]"
12n_0513_55,"[[14, 8, 15, 7], [16, 2, 17, 1], [18, 12, 19, 11], [3, 20, 4, 21], [22, 14, 23, 13], [24, 6, 1, 5], [21, 2, 22, 3], [4, 18, 5, 17], [6, 10, 7, 9], [8, 16, 9, 15], [10, 24, 11, 23], [12, 20, 13, 19]]"
12n_0513_56,"[[12, 20, 13, 19], [14, 8, 15, 7], [16, 2, 17, 1], [18, 12, 19, 11], [3, 20, 4, 21], [22, 14, 23, 13], [24, 6, 1, 5], [21, 2, 22, 3], [4, 18, 5, 17], [6, 10, 7, 9], [8, 16, 9, 15], [10, 24, 11, 23]]"
12n_0513_57,"[[10, 24, 11, 23], [12, 20, 13, 19], [14, 8, 15, 7], [16, 2, 17, 1], [18, 12, 19, 11], [3, 20, 4, 21], [22, 14, 23, 13], [24, 6, 1, 5], [21, 2, 22, 3], [4, 18, 5, 17], [6, 10, 7, 9], [8, 16, 9, 15]]"
12n_0513_58,"[[8, 16, 9, 15], [10, 24, 11, 23], [12, 20, 13, 19], [14, 8, 15, 7], [16, 2, 17, 1], [18, 12, 19, 11], [3, 20, 4, 21], [22, 14, 23, 13], [24, 6, 1, 5], [21, 2, 22, 3], [4, 18, 5, 17], [6, 10, 7, 9]]"
12n_0513_59,"[[6, 10, 7, 9], [8, 16, 9, 15], [10, 24, 11, 23], [12, 20, 13, 19], [14, 8, 15, 7], [16, 2, 17, 1], [18, 12, 19, 11], [3, 20, 4, 21], [22, 14, 23, 13], [24, 6, 1, 5], [21, 2, 22, 3], [4, 18, 5, 17]]"
12n_0513_60,"[[5, 19, 6, 18], [7, 11, 8, 10], [9, 17, 10, 16], [11, 1, 12, 24], [13, 21, 14, 20], [15, 9, 16, 8], [17, 3, 18, 2], [19, 13, 20, 12], [4, 21, 5, 22], [23, 15, 24, 14], [1, 7, 2, 6], [22, 3, 23, 4]]"
12n_0513_61,"[[22, 3, 23, 4], [5, 19, 6, 18], [7, 11, 8, 10], [9, 17, 10, 16], [11, 1, 12, 24], [13, 21, 14, 20], [15, 9, 16, 8], [17, 3, 18, 2], [19, 13, 20, 12], [4, 21, 5, 22], [23, 15, 24, 14], [1, 7, 2, 6]]"
12n_0513_62,"[[1, 7, 2, 6], [22, 3, 23, 4], [5, 19, 6, 18], [7, 11, 8, 10], [9, 17, 10, 16], [11, 1, 12, 24], [13, 21, 14, 20], [15, 9, 16, 8], [17, 3, 18, 2], [19, 13, 20, 12], [4, 21, 5, 22], [23, 15, 24, 14]]"
12n_0513_63,"[[23, 15, 24, 14], [1, 7, 2, 6], [22, 3, 23, 4], [5, 19, 6, 18], [7, 11, 8, 10], [9, 17, 10, 16], [11, 1, 12, 24], [13, 21, 14, 20], [15, 9, 16, 8], [17, 3, 18, 2], [19, 13, 20, 12], [4, 21, 5, 22]]"
12n_0513_64,"[[4, 21, 5, 22], [23, 15, 24, 14], [1, 7, 2, 6], [22, 3, 23, 4], [5, 19, 6, 18], [7, 11, 8, 10], [9, 17, 10, 16], [11, 1, 12, 24], [13, 21, 14, 20], [15, 9, 16, 8], [17, 3, 18, 2], [19, 13, 20, 12]]"
12n_0513_65,"[[19, 13, 20, 12], [4, 21, 5, 22], [23, 15, 24, 14], [1, 7, 2, 6], [22, 3, 23, 4], [5, 19, 6, 18], [7, 11, 8, 10], [9, 17, 10, 16], [11, 1, 12, 24], [13, 21, 14, 20], [15, 9, 16, 8], [17, 3, 18, 2]]"
12n_0513_66,"[[17, 3, 18, 2], [19, 13, 20, 12], [4, 21, 5, 22], [23, 15, 24, 14], [1, 7, 2, 6], [22, 3, 23, 4], [5, 19, 6, 18], [7, 11, 8, 10], [9, 17, 10, 16], [11, 1, 12, 24], [13, 21, 14, 20], [15, 9, 16, 8]]"
12n_0513_67,"[[15, 9, 16, 8], [17, 3, 18, 2], [19, 13, 20, 12], [4, 21, 5, 22], [23, 15, 24, 14], [1, 7, 2, 6], [22, 3, 23, 4], [5, 19, 6, 18], [7, 11, 8, 10], [9, 17, 10, 16], [11, 1, 12, 24], [13, 21, 14, 20]]"
12n_0513_68,"[[13, 21, 14, 20], [15, 9, 16, 8], [17, 3, 18, 2], [19, 13, 20, 12], [4, 21, 5, 22], [23, 15, 24, 14], [1, 7, 2, 6], [22, 3, 23, 4], [5, 19, 6, 18], [7, 11, 8, 10], [9, 17, 10, 16], [11, 1, 12, 24]]"
12n_0513_69,"[[11, 1, 12, 24], [13, 21, 14, 20], [15, 9, 16, 8], [17, 3, 18, 2], [19, 13, 20, 12], [4, 21, 5, 22], [23, 15, 24, 14], [1, 7, 2, 6], [22, 3, 23, 4], [5, 19, 6, 18], [7, 11, 8, 10], [9, 17, 10, 16]]"
12n_0513_70,"[[9, 17, 10, 16], [11, 1, 12, 24], [13, 21, 14, 20], [15, 9, 16, 8], [17, 3, 18, 2], [19, 13, 20, 12], [4, 21, 5, 22], [23, 15, 24, 14], [1, 7, 2, 6], [22, 3, 23, 4], [5, 19, 6, 18], [7, 11, 8, 10]]"
12n_0513_71,"[[7, 11, 8, 10], [9, 17, 10, 16], [11, 1, 12, 24], [13, 21, 14, 20], [15, 9, 16, 8], [17, 3, 18, 2], [19, 13, 20, 12], [4, 21, 5, 22], [23, 15, 24, 14], [1, 7, 2, 6], [22, 3, 23, 4], [5, 19, 6, 18]]"
12n_0513_72,"[[6, 20, 7, 19], [8, 12, 9, 11], [10, 18, 11, 17], [12, 2, 13, 1], [14, 22, 15, 21], [16, 10, 17, 9], [18, 4, 19, 3], [20, 14, 21, 13], [5, 22, 6, 23], [24, 16, 1, 15], [2, 8, 3, 7], [23, 4, 24, 5]]"
12n_0513_73,"[[23, 4, 24, 5], [6, 20, 7, 19], [8, 12, 9, 11], [10, 18, 11, 17], [12, 2, 13, 1], [14, 22, 15, 21], [16, 10, 17, 9], [18, 4, 19, 3], [20, 14, 21, 13], [5, 22, 6, 23], [24, 16, 1, 15], [2, 8, 3, 7]]"
12n_0513_74,"[[2, 8, 3, 7], [23, 4, 24, 5], [6, 20, 7, 19], [8, 12, 9, 11], [10, 18, 11, 17], [12, 2, 13, 1], [14, 22, 15, 21], [16, 10, 17, 9], [18, 4, 19, 3], [20, 14, 21, 13], [5, 22, 6, 23], [24, 16, 1, 15]]"
12n_0513_75,"[[24, 16, 1, 15], [2, 8, 3, 7], [23, 4, 24, 5], [6, 20, 7, 19], [8, 12, 9, 11], [10, 18, 11, 17], [12, 2, 13, 1], [14, 22, 15, 21], [16, 10, 17, 9], [18, 4, 19, 3], [20, 14, 21, 13], [5, 22, 6, 23]]"
12n_0513_76,"[[5, 22, 6, 23], [24, 16, 1, 15], [2, 8, 3, 7], [23, 4, 24, 5], [6, 20, 7, 19], [8, 12, 9, 11], [10, 18, 11, 17], [12, 2, 13, 1], [14, 22, 15, 21], [16, 10, 17, 9], [18, 4, 19, 3], [20, 14, 21, 13]]"
12n_0513_77,"[[20, 14, 21, 13], [5, 22, 6, 23], [24, 16, 1, 15], [2, 8, 3, 7], [23, 4, 24, 5], [6, 20, 7, 19], [8, 12, 9, 11], [10, 18, 11, 17], [12, 2, 13, 1], [14, 22, 15, 21], [16, 10, 17, 9], [18, 4, 19, 3]]"
12n_0513_78,"[[18, 4, 19, 3], [20, 14, 21, 13], [5, 22, 6, 23], [24, 16, 1, 15], [2, 8, 3, 7], [23, 4, 24, 5], [6, 20, 7, 19], [8, 12, 9, 11], [10, 18, 11, 17], [12, 2, 13, 1], [14, 22, 15, 21], [16, 10, 17, 9]]"
12n_0513_79,"[[16, 10, 17, 9], [18, 4, 19, 3], [20, 14, 21, 13], [5, 22, 6, 23], [24, 16, 1, 15], [2, 8, 3, 7], [23, 4, 24, 5], [6, 20, 7, 19], [8, 12, 9, 11], [10, 18, 11, 17], [12, 2, 13, 1], [14, 22, 15, 21]]"
12n_0513_80,"[[14, 22, 15, 21], [16, 10, 17, 9], [18, 4, 19, 3], [20, 14, 21, 13], [5, 22, 6, 23], [24, 16, 1, 15], [2, 8, 3, 7], [23, 4, 24, 5], [6, 20, 7, 19], [8, 12, 9, 11], [10, 18, 11, 17], [12, 2, 13, 1]]"
12n_0513_81,"[[12, 2, 13, 1], [14, 22, 15, 21], [16, 10, 17, 9], [18, 4, 19, 3], [20, 14, 21, 13], [5, 22, 6, 23], [24, 16, 1, 15], [2, 8, 3, 7], [23, 4, 24, 5], [6, 20, 7, 19], [8, 12, 9, 11], [10, 18, 11, 17]]"
12n_0513_82,"[[10, 18, 11, 17], [12, 2, 13, 1], [14, 22, 15, 21], [16, 10, 17, 9], [18, 4, 19, 3], [20, 14, 21, 13], [5, 22, 6, 23], [24, 16, 1, 15], [2, 8, 3, 7], [23, 4, 24, 5], [6, 20, 7, 19], [8, 12, 9, 11]]"
12n_0513_83,"[[8, 12, 9, 11], [10, 18, 11, 17], [12, 2, 13, 1], [14, 22, 15, 21], [16, 10, 17, 9], [18, 4, 19, 3], [20, 14, 21, 13], [5, 22, 6, 23], [24, 16, 1, 15], [2, 8, 3, 7], [23, 4, 24, 5], [6, 20, 7, 19]]"
12n_0513_84,"[[7, 21, 8, 20], [9, 13, 10, 12], [11, 19, 12, 18], [13, 3, 14, 2], [15, 23, 16, 22], [17, 11, 18, 10], [19, 5, 20, 4], [21, 15, 22, 14], [6, 23, 7, 24], [1, 17, 2, 16], [3, 9, 4, 8], [24, 5, 1, 6]]"
12n_0513_85,"[[24, 5, 1, 6], [7, 21, 8, 20], [9, 13, 10, 12], [11, 19, 12, 18], [13, 3, 14, 2], [15, 23, 16, 22], [17, 11, 18, 10], [19, 5, 20, 4], [21, 15, 22, 14], [6, 23, 7, 24], [1, 17, 2, 16], [3, 9, 4, 8]]"
12n_0513_86,"[[3, 9, 4, 8], [24, 5, 1, 6], [7, 21, 8, 20], [9, 13, 10, 12], [11, 19, 12, 18], [13, 3, 14, 2], [15, 23, 16, 22], [17, 11, 18, 10], [19, 5, 20, 4], [21, 15, 22, 14], [6, 23, 7, 24], [1, 17, 2, 16]]"
12n_0513_87,"[[1, 17, 2, 16], [3, 9, 4, 8], [24, 5, 1, 6], [7, 21, 8, 20], [9, 13, 10, 12], [11, 19, 12, 18], [13, 3, 14, 2], [15, 23, 16, 22], [17, 11, 18, 10], [19, 5, 20, 4], [21, 15, 22, 14], [6, 23, 7, 24]]"
12n_0513_88,"[[6, 23, 7, 24], [1, 17, 2, 16], [3, 9, 4, 8], [24, 5, 1, 6], [7, 21, 8, 20], [9, 13, 10, 12], [11, 19, 12, 18], [13, 3, 14, 2], [15, 23, 16, 22], [17, 11, 18, 10], [19, 5, 20, 4], [21, 15, 22, 14]]"
12n_0513_89,"[[21, 15, 22, 14], [6, 23, 7, 24], [1, 17, 2, 16], [3, 9, 4, 8], [24, 5, 1, 6], [7, 21, 8, 20], [9, 13, 10, 12], [11, 19, 12, 18], [13, 3, 14, 2], [15, 23, 16, 22], [17, 11, 18, 10], [19, 5, 20, 4]]"
12n_0513_90,"[[19, 5, 20, 4], [21, 15, 22, 14], [6, 23, 7, 24], [1, 17, 2, 16], [3, 9, 4, 8], [24, 5, 1, 6], [7, 21, 8, 20], [9, 13, 10, 12], [11, 19, 12, 18], [13, 3, 14, 2], [15, 23, 16, 22], [17, 11, 18, 10]]"
12n_0513_91,"[[17, 11, 18, 10], [19, 5, 20, 4], [21, 15, 22, 14], [6, 23, 7, 24], [1, 17, 2, 16], [3, 9, 4, 8], [24, 5, 1, 6], [7, 21, 8, 20], [9, 13, 10, 12], [11, 19, 12, 18], [13, 3, 14, 2], [15, 23, 16, 22]]"
12n_0513_92,"[[15, 23, 16, 22], [17, 11, 18, 10], [19, 5, 20, 4], [21, 15, 22, 14], [6, 23, 7, 24], [1, 17, 2, 16], [3, 9, 4, 8], [24, 5, 1, 6], [7, 21, 8, 20], [9, 13, 10, 12], [11, 19, 12, 18], [13, 3, 14, 2]]"
12n_0513_93,"[[13, 3, 14, 2], [15, 23, 16, 22], [17, 11, 18, 10], [19, 5, 20, 4], [21, 15, 22, 14], [6, 23, 7, 24], [1, 17, 2, 16], [3, 9, 4, 8], [24, 5, 1, 6], [7, 21, 8, 20], [9, 13, 10, 12], [11, 19, 12, 18]]"
12n_0513_94,"[[11, 19, 12, 18], [13, 3, 14, 2], [15, 23, 16, 22], [17, 11, 18, 10], [19, 5, 20, 4], [21, 15, 22, 14], [6, 23, 7, 24], [1, 17, 2, 16], [3, 9, 4, 8], [24, 5, 1, 6], [7, 21, 8, 20], [9, 13, 10, 12]]"
12n_0513_95,"[[9, 13, 10, 12], [11, 19, 12, 18], [13, 3, 14, 2], [15, 23, 16, 22], [17, 11, 18, 10], [19, 5, 20, 4], [21, 15, 22, 14], [6, 23, 7, 24], [1, 17, 2, 16], [3, 9, 4, 8], [24, 5, 1, 6], [7, 21, 8, 20]]"
12n_0513_96,"[[8, 22, 9, 21], [10, 14, 11, 13], [12, 20, 13, 19], [14, 4, 15, 3], [16, 24, 17, 23], [18, 12, 19, 11], [20, 6, 21, 5], [22, 16, 23, 15], [7, 24, 8, 1], [2, 18, 3, 17], [4, 10, 5, 9], [1, 6, 2, 7]]"
12n_0513_97,"[[1, 6, 2, 7], [8, 22, 9, 21], [10, 14, 11, 13], [12, 20, 13, 19], [14, 4, 15, 3], [16, 24, 17, 23], [18, 12, 19, 11], [20, 6, 21, 5], [22, 16, 23, 15], [7, 24, 8, 1], [2, 18, 3, 17], [4, 10, 5, 9]]"
12n_0513_98,"[[4, 10, 5, 9], [1, 6, 2, 7], [8, 22, 9, 21], [10, 14, 11, 13], [12, 20, 13, 19], [14, 4, 15, 3], [16, 24, 17, 23], [18, 12, 19, 11], [20, 6, 21, 5], [22, 16, 23, 15], [7, 24, 8, 1], [2, 18, 3, 17]]"
12n_0513_99,"[[2, 18, 3, 17], [4, 10, 5, 9], [1, 6, 2, 7], [8, 22, 9, 21], [10, 14, 11, 13], [12, 20, 13, 19], [14, 4, 15, 3], [16, 24, 17, 23], [18, 12, 19, 11], [20, 6, 21, 5], [22, 16, 23, 15], [7, 24, 8, 1]]"
12n_0513_100,"[[7, 24, 8, 1], [2, 18, 3, 17], [4, 10, 5, 9], [1, 6, 2, 7], [8, 22, 9, 21], [10, 14, 11, 13], [12, 20, 13, 19], [14, 4, 15, 3], [16, 24, 17, 23], [18, 12, 19, 11], [20, 6, 21, 5], [22, 16, 23, 15]]"
12n_0513_101,"[[22, 16, 23, 15], [7, 24, 8, 1], [2, 18, 3, 17], [4, 10, 5, 9], [1, 6, 2, 7], [8, 22, 9, 21], [10, 14, 11, 13], [12, 20, 13, 19], [14, 4, 15, 3], [16, 24, 17, 23], [18, 12, 19, 11], [20, 6, 21, 5]]"
12n_0513_102,"[[20, 6, 21, 5], [22, 16, 23, 15], [7, 24, 8, 1], [2, 18, 3, 17], [4, 10, 5, 9], [1, 6, 2, 7], [8, 22, 9, 21], [10, 14, 11, 13], [12, 20, 13, 19], [14, 4, 15, 3], [16, 24, 17, 23], [18, 12, 19, 11]]"
12n_0513_103,"[[18, 12, 19, 11], [20, 6, 21, 5], [22, 16, 23, 15], [7, 24, 8, 1], [2, 18, 3, 17], [4, 10, 5, 9], [1, 6, 2, 7], [8, 22, 9, 21], [10, 14, 11, 13], [12, 20, 13, 19], [14, 4, 15, 3], [16, 24, 17, 23]]"
12n_0513_104,"[[16, 24, 17, 23], [18, 12, 19, 11], [20, 6, 21, 5], [22, 16, 23, 15], [7, 24, 8, 1], [2, 18, 3, 17], [4, 10, 5, 9], [1, 6, 2, 7], [8, 22, 9, 21], [10, 14, 11, 13], [12, 20, 13, 19], [14, 4, 15, 3]]"
12n_0513_105,"[[14, 4, 15, 3], [16, 24, 17, 23], [18, 12, 19, 11], [20, 6, 21, 5], [22, 16, 23, 15], [7, 24, 8, 1], [2, 18, 3, 17], [4, 10, 5, 9], [1, 6, 2, 7], [8, 22, 9, 21], [10, 14, 11, 13], [12, 20, 13, 19]]"
12n_0513_106,"[[12, 20, 13, 19], [14, 4, 15, 3], [16, 24, 17, 23], [18, 12, 19, 11], [20, 6, 21, 5], [22, 16, 23, 15], [7, 24, 8, 1], [2, 18, 3, 17], [4, 10, 5, 9], [1, 6, 2, 7], [8, 22, 9, 21], [10, 14, 11, 13]]"
12n_0513_107,"[[10, 14, 11, 13], [12, 20, 13, 19], [14, 4, 15, 3], [16, 24, 17, 23], [18, 12, 19, 11], [20, 6, 21, 5], [22, 16, 23, 15], [7, 24, 8, 1], [2, 18, 3, 17], [4, 10, 5, 9], [1, 6, 2, 7], [8, 22, 9, 21]]"
12n_0513_108,"[[9, 23, 10, 22], [11, 15, 12, 14], [13, 21, 14, 20], [15, 5, 16, 4], [17, 1, 18, 24], [19, 13, 20, 12], [21, 7, 22, 6], [23, 17, 24, 16], [8, 1, 9, 2], [3, 19, 4, 18], [5, 11, 6, 10], [2, 7, 3, 8]]"
12n_0513_109,"[[2, 7, 3, 8], [9, 23, 10, 22], [11, 15, 12, 14], [13, 21, 14, 20], [15, 5, 16, 4], [17, 1, 18, 24], [19, 13, 20, 12], [21, 7, 22, 6], [23, 17, 24, 16], [8, 1, 9, 2], [3, 19, 4, 18], [5, 11, 6, 10]]"
12n_0513_110,"[[5, 11, 6, 10], [2, 7, 3, 8], [9, 23, 10, 22], [11, 15, 12, 14], [13, 21, 14, 20], [15, 5, 16, 4], [17, 1, 18, 24], [19, 13, 20, 12], [21, 7, 22, 6], [23, 17, 24, 16], [8, 1, 9, 2], [3, 19, 4, 18]]"
12n_0513_111,"[[3, 19, 4, 18], [5, 11, 6, 10], [2, 7, 3, 8], [9, 23, 10, 22], [11, 15, 12, 14], [13, 21, 14, 20], [15, 5, 16, 4], [17, 1, 18, 24], [19, 13, 20, 12], [21, 7, 22, 6], [23, 17, 24, 16], [8, 1, 9, 2]]"
12n_0513_112,"[[8, 1, 9, 2], [3, 19, 4, 18], [5, 11, 6, 10], [2, 7, 3, 8], [9, 23, 10, 22], [11, 15, 12, 14], [13, 21, 14, 20], [15, 5, 16, 4], [17, 1, 18, 24], [19, 13, 20, 12], [21, 7, 22, 6], [23, 17, 24, 16]]"
12n_0513_113,"[[23, 17, 24, 16], [8, 1, 9, 2], [3, 19, 4, 18], [5, 11, 6, 10], [2, 7, 3, 8], [9, 23, 10, 22], [11, 15, 12, 14], [13, 21, 14, 20], [15, 5, 16, 4], [17, 1, 18, 24], [19, 13, 20, 12], [21, 7, 22, 6]]"
12n_0513_114,"[[21, 7, 22, 6], [23, 17, 24, 16], [8, 1, 9, 2], [3, 19, 4, 18], [5, 11, 6, 10], [2, 7, 3, 8], [9, 23, 10, 22], [11, 15, 12, 14], [13, 21, 14, 20], [15, 5, 16, 4], [17, 1, 18, 24], [19, 13, 20, 12]]"
12n_0513_115,"[[19, 13, 20, 12], [21, 7, 22, 6], [23, 17, 24, 16], [8, 1, 9, 2], [3, 19, 4, 18], [5, 11, 6, 10], [2, 7, 3, 8], [9, 23, 10, 22], [11, 15, 12, 14], [13, 21, 14, 20], [15, 5, 16, 4], [17, 1, 18, 24]]"
12n_0513_116,"[[17, 1, 18, 24], [19, 13, 20, 12], [21, 7, 22, 6], [23, 17, 24, 16], [8, 1, 9, 2], [3, 19, 4, 18], [5, 11, 6, 10], [2, 7, 3, 8], [9, 23, 10, 22], [11, 15, 12, 14], [13, 21, 14, 20], [15, 5, 16, 4]]"
12n_0513_117,"[[15, 5, 16, 4], [17, 1, 18, 24], [19, 13, 20, 12], [21, 7, 22, 6], [23, 17, 24, 16], [8, 1, 9, 2], [3, 19, 4, 18], [5, 11, 6, 10], [2, 7, 3, 8], [9, 23, 10, 22], [11, 15, 12, 14], [13, 21, 14, 20]]"
12n_0513_118,"[[13, 21, 14, 20], [15, 5, 16, 4], [17, 1, 18, 24], [19, 13, 20, 12], [21, 7, 22, 6], [23, 17, 24, 16], [8, 1, 9, 2], [3, 19, 4, 18], [5, 11, 6, 10], [2, 7, 3, 8], [9, 23, 10, 22], [11, 15, 12, 14]]"
12n_0513_119,"[[11, 15, 12, 14], [13, 21, 14, 20], [15, 5, 16, 4], [17, 1, 18, 24], [19, 13, 20, 12], [21, 7, 22, 6], [23, 17, 24, 16], [8, 1, 9, 2], [3, 19, 4, 18], [5, 11, 6, 10], [2, 7, 3, 8], [9, 23, 10, 22]]"
12n_0513_120,"[[10, 24, 11, 23], [12, 16, 13, 15], [14, 22, 15, 21], [16, 6, 17, 5], [18, 2, 19, 1], [20, 14, 21, 13], [22, 8, 23, 7], [24, 18, 1, 17], [9, 2, 10, 3], [4, 20, 5, 19], [6, 12, 7, 11], [3, 8, 4, 9]]"
12n_0513_121,"[[3, 8, 4, 9], [10, 24, 11, 23], [12, 16, 13, 15], [14, 22, 15, 21], [16, 6, 17, 5], [18, 2, 19, 1], [20, 14, 21, 13], [22, 8, 23, 7], [24, 18, 1, 17], [9, 2, 10, 3], [4, 20, 5, 19], [6, 12, 7, 11]]"
12n_0513_122,"[[6, 12, 7, 11], [3, 8, 4, 9], [10, 24, 11, 23], [12, 16, 13, 15], [14, 22, 15, 21], [16, 6, 17, 5], [18, 2, 19, 1], [20, 14, 21, 13], [22, 8, 23, 7], [24, 18, 1, 17], [9, 2, 10, 3], [4, 20, 5, 19]]"
12n_0513_123,"[[4, 20, 5, 19], [6, 12, 7, 11], [3, 8, 4, 9], [10, 24, 11, 23], [12, 16, 13, 15], [14, 22, 15, 21], [16, 6, 17, 5], [18, 2, 19, 1], [20, 14, 21, 13], [22, 8, 23, 7], [24, 18, 1, 17], [9, 2, 10, 3]]"
12n_0513_124,"[[9, 2, 10, 3], [4, 20, 5, 19], [6, 12, 7, 11], [3, 8, 4, 9], [10, 24, 11, 23], [12, 16, 13, 15], [14, 22, 15, 21], [16, 6, 17, 5], [18, 2, 19, 1], [20, 14, 21, 13], [22, 8, 23, 7], [24, 18, 1, 17]]"
12n_0513_125,"[[24, 18, 1, 17], [9, 2, 10, 3], [4, 20, 5, 19], [6, 12, 7, 11], [3, 8, 4, 9], [10, 24, 11, 23], [12, 16, 13, 15], [14, 22, 15, 21], [16, 6, 17, 5], [18, 2, 19, 1], [20, 14, 21, 13], [22, 8, 23, 7]]"
12n_0513_126,"[[22, 8, 23, 7], [24, 18, 1, 17], [9, 2, 10, 3], [4, 20, 5, 19], [6, 12, 7, 11], [3, 8, 4, 9], [10, 24, 11, 23], [12, 16, 13, 15], [14, 22, 15, 21], [16, 6, 17, 5], [18, 2, 19, 1], [20, 14, 21, 13]]"
12n_0513_127,"[[20, 14, 21, 13], [22, 8, 23, 7], [24, 18, 1, 17], [9, 2, 10, 3], [4, 20, 5, 19], [6, 12, 7, 11], [3, 8, 4, 9], [10, 24, 11, 23], [12, 16, 13, 15], [14, 22, 15, 21], [16, 6, 17, 5], [18, 2, 19, 1]]"
12n_0513_128,"[[18, 2, 19, 1], [20, 14, 21, 13], [22, 8, 23, 7], [24, 18, 1, 17], [9, 2, 10, 3], [4, 20, 5, 19], [6, 12, 7, 11], [3, 8, 4, 9], [10, 24, 11, 23], [12, 16, 13, 15], [14, 22, 15, 21], [16, 6, 17, 5]]"
12n_0513_129,"[[16, 6, 17, 5], [18, 2, 19, 1], [20, 14, 21, 13], [22, 8, 23, 7], [24, 18, 1, 17], [9, 2, 10, 3], [4, 20, 5, 19], [6, 12, 7, 11], [3, 8, 4, 9], [10, 24, 11, 23], [12, 16, 13, 15], [14, 22, 15, 21]]"
12n_0513_130,"[[14, 22, 15, 21], [16, 6, 17, 5], [18, 2, 19, 1], [20, 14, 21, 13], [22, 8, 23, 7], [24, 18, 1, 17], [9, 2, 10, 3], [4, 20, 5, 19], [6, 12, 7, 11], [3, 8, 4, 9], [10, 24, 11, 23], [12, 16, 13, 15]]"
12n_0513_131,"[[12, 16, 13, 15], [14, 22, 15, 21], [16, 6, 17, 5], [18, 2, 19, 1], [20, 14, 21, 13], [22, 8, 23, 7], [24, 18, 1, 17], [9, 2, 10, 3], [4, 20, 5, 19], [6, 12, 7, 11], [3, 8, 4, 9], [10, 24, 11, 23]]"
12n_0513_132,"[[11, 1, 12, 24], [13, 17, 14, 16], [15, 23, 16, 22], [17, 7, 18, 6], [19, 3, 20, 2], [21, 15, 22, 14], [23, 9, 24, 8], [1, 19, 2, 18], [10, 3, 11, 4], [5, 21, 6, 20], [7, 13, 8, 12], [4, 9, 5, 10]]"
12n_0513_133,"[[4, 9, 5, 10], [11, 1, 12, 24], [13, 17, 14, 16], [15, 23, 16, 22], [17, 7, 18, 6], [19, 3, 20, 2], [21, 15, 22, 14], [23, 9, 24, 8], [1, 19, 2, 18], [10, 3, 11, 4], [5, 21, 6, 20], [7, 13, 8, 12]]"
12n_0513_134,"[[7, 13, 8, 12], [4, 9, 5, 10], [11, 1, 12, 24], [13, 17, 14, 16], [15, 23, 16, 22], [17, 7, 18, 6], [19, 3, 20, 2], [21, 15, 22, 14], [23, 9, 24, 8], [1, 19, 2, 18], [10, 3, 11, 4], [5, 21, 6, 20]]"
12n_0513_135,"[[5, 21, 6, 20], [7, 13, 8, 12], [4, 9, 5, 10], [11, 1, 12, 24], [13, 17, 14, 16], [15, 23, 16, 22], [17, 7, 18, 6], [19, 3, 20, 2], [21, 15, 22, 14], [23, 9, 24, 8], [1, 19, 2, 18], [10, 3, 11, 4]]"
12n_0513_136,"[[10, 3, 11, 4], [5, 21, 6, 20], [7, 13, 8, 12], [4, 9, 5, 10], [11, 1, 12, 24], [13, 17, 14, 16], [15, 23, 16, 22], [17, 7, 18, 6], [19, 3, 20, 2], [21, 15, 22, 14], [23, 9, 24, 8], [1, 19, 2, 18]]"
12n_0513_137,"[[1, 19, 2, 18], [10, 3, 11, 4], [5, 21, 6, 20], [7, 13, 8, 12], [4, 9, 5, 10], [11, 1, 12, 24], [13, 17, 14, 16], [15, 23, 16, 22], [17, 7, 18, 6], [19, 3, 20, 2], [21, 15, 22, 14], [23, 9, 24, 8]]"
12n_0513_138,"[[23, 9, 24, 8], [1, 19, 2, 18], [10, 3, 11, 4], [5, 21, 6, 20], [7, 13, 8, 12], [4, 9, 5, 10], [11, 1, 12, 24], [13, 17, 14, 16], [15, 23, 16, 22], [17, 7, 18, 6], [19, 3, 20, 2], [21, 15, 22, 14]]"
12n_0513_139,"[[21, 15, 22, 14], [23, 9, 24, 8], [1, 19, 2, 18], [10, 3, 11, 4], [5, 21, 6, 20], [7, 13, 8, 12], [4, 9, 5, 10], [11, 1, 12, 24], [13, 17, 14, 16], [15, 23, 16, 22], [17, 7, 18, 6], [19, 3, 20, 2]]"
12n_0513_140,"[[19, 3, 20, 2], [21, 15, 22, 14], [23, 9, 24, 8], [1, 19, 2, 18], [10, 3, 11, 4], [5, 21, 6, 20], [7, 13, 8, 12], [4, 9, 5, 10], [11, 1, 12, 24], [13, 17, 14, 16], [15, 23, 16, 22], [17, 7, 18, 6]]"
12n_0513_141,"[[17, 7, 18, 6], [19, 3, 20, 2], [21, 15, 22, 14], [23, 9, 24, 8], [1, 19, 2, 18], [10, 3, 11, 4], [5, 21, 6, 20], [7, 13, 8, 12], [4, 9, 5, 10], [11, 1, 12, 24], [13, 17, 14, 16], [15, 23, 16, 22]]"
12n_0513_142,"[[15, 23, 16, 22], [17, 7, 18, 6], [19, 3, 20, 2], [21, 15, 22, 14], [23, 9, 24, 8], [1, 19, 2, 18], [10, 3, 11, 4], [5, 21, 6, 20], [7, 13, 8, 12], [4, 9, 5, 10], [11, 1, 12, 24], [13, 17, 14, 16]]"
12n_0513_143,"[[13, 17, 14, 16], [15, 23, 16, 22], [17, 7, 18, 6], [19, 3, 20, 2], [21, 15, 22, 14], [23, 9, 24, 8], [1, 19, 2, 18], [10, 3, 11, 4], [5, 21, 6, 20], [7, 13, 8, 12], [4, 9, 5, 10], [11, 1, 12, 24]]"
12n_0513_144,"[[12, 2, 13, 1], [14, 18, 15, 17], [16, 24, 17, 23], [18, 8, 19, 7], [20, 4, 21, 3], [22, 16, 23, 15], [24, 10, 1, 9], [2, 20, 3, 19], [11, 4, 12, 5], [6, 22, 7, 21], [8, 14, 9, 13], [5, 10, 6, 11]]"
12n_0513_145,"[[5, 10, 6, 11], [12, 2, 13, 1], [14, 18, 15, 17], [16, 24, 17, 23], [18, 8, 19, 7], [20, 4, 21, 3], [22, 16, 23, 15], [24, 10, 1, 9], [2, 20, 3, 19], [11, 4, 12, 5], [6, 22, 7, 21], [8, 14, 9, 13]]"
12n_0513_146,"[[8, 14, 9, 13], [5, 10, 6, 11], [12, 2, 13, 1], [14, 18, 15, 17], [16, 24, 17, 23], [18, 8, 19, 7], [20, 4, 21, 3], [22, 16, 23, 15], [24, 10, 1, 9], [2, 20, 3, 19], [11, 4, 12, 5], [6, 22, 7, 21]]"
12n_0513_147,"[[6, 22, 7, 21], [8, 14, 9, 13], [5, 10, 6, 11], [12, 2, 13, 1], [14, 18, 15, 17], [16, 24, 17, 23], [18, 8, 19, 7], [20, 4, 21, 3], [22, 16, 23, 15], [24, 10, 1, 9], [2, 20, 3, 19], [11, 4, 12, 5]]"
12n_0513_148,"[[11, 4, 12, 5], [6, 22, 7, 21], [8, 14, 9, 13], [5, 10, 6, 11], [12, 2, 13, 1], [14, 18, 15, 17], [16, 24, 17, 23], [18, 8, 19, 7], [20, 4, 21, 3], [22, 16, 23, 15], [24, 10, 1, 9], [2, 20, 3, 19]]"
12n_0513_149,"[[2, 20, 3, 19], [11, 4, 12, 5], [6, 22, 7, 21], [8, 14, 9, 13], [5, 10, 6, 11], [12, 2, 13, 1], [14, 18, 15, 17], [16, 24, 17, 23], [18, 8, 19, 7], [20, 4, 21, 3], [22, 16, 23, 15], [24, 10, 1, 9]]"
12n_0513_150,"[[24, 10, 1, 9], [2, 20, 3, 19], [11, 4, 12, 5], [6, 22, 7, 21], [8, 14, 9, 13], [5, 10, 6, 11], [12, 2, 13, 1], [14, 18, 15, 17], [16, 24, 17, 23], [18, 8, 19, 7], [20, 4, 21, 3], [22, 16, 23, 15]]"
12n_0513_151,"[[22, 16, 23, 15], [24, 10, 1, 9], [2, 20, 3, 19], [11, 4, 12, 5], [6, 22, 7, 21], [8, 14, 9, 13], [5, 10, 6, 11], [12, 2, 13, 1], [14, 18, 15, 17], [16, 24, 17, 23], [18, 8, 19, 7], [20, 4, 21, 3]]"
12n_0513_152,"[[20, 4, 21, 3], [22, 16, 23, 15], [24, 10, 1, 9], [2, 20, 3, 19], [11, 4, 12, 5], [6, 22, 7, 21], [8, 14, 9, 13], [5, 10, 6, 11], [12, 2, 13, 1], [14, 18, 15, 17], [16, 24, 17, 23], [18, 8, 19, 7]]"
12n_0513_153,"[[18, 8, 19, 7], [20, 4, 21, 3], [22, 16, 23, 15], [24, 10, 1, 9], [2, 20, 3, 19], [11, 4, 12, 5], [6, 22, 7, 21], [8, 14, 9, 13], [5, 10, 6, 11], [12, 2, 13, 1], [14, 18, 15, 17], [16, 24, 17, 23]]"
12n_0513_154,"[[16, 24, 17, 23], [18, 8, 19, 7], [20, 4, 21, 3], [22, 16, 23, 15], [24, 10, 1, 9], [2, 20, 3, 19], [11, 4, 12, 5], [6, 22, 7, 21], [8, 14, 9, 13], [5, 10, 6, 11], [12, 2, 13, 1], [14, 18, 15, 17]]"
12n_0513_155,"[[14, 18, 15, 17], [16, 24, 17, 23], [18, 8, 19, 7], [20, 4, 21, 3], [22, 16, 23, 15], [24, 10, 1, 9], [2, 20, 3, 19], [11, 4, 12, 5], [6, 22, 7, 21], [8, 14, 9, 13], [5, 10, 6, 11], [12, 2, 13, 1]]"
12n_0513_156,"[[13, 3, 14, 2], [15, 19, 16, 18], [17, 1, 18, 24], [19, 9, 20, 8], [21, 5, 22, 4], [23, 17, 24, 16], [1, 11, 2, 10], [3, 21, 4, 20], [12, 5, 13, 6], [7, 23, 8, 22], [9, 15, 10, 14], [6, 11, 7, 12]]"
12n_0513_157,"[[6, 11, 7, 12], [13, 3, 14, 2], [15, 19, 16, 18], [17, 1, 18, 24], [19, 9, 20, 8], [21, 5, 22, 4], [23, 17, 24, 16], [1, 11, 2, 10], [3, 21, 4, 20], [12, 5, 13, 6], [7, 23, 8, 22], [9, 15, 10, 14]]"
12n_0513_158,"[[9, 15, 10, 14], [6, 11, 7, 12], [13, 3, 14, 2], [15, 19, 16, 18], [17, 1, 18, 24], [19, 9, 20, 8], [21, 5, 22, 4], [23, 17, 24, 16], [1, 11, 2, 10], [3, 21, 4, 20], [12, 5, 13, 6], [7, 23, 8, 22]]"
12n_0513_159,"[[7, 23, 8, 22], [9, 15, 10, 14], [6, 11, 7, 12], [13, 3, 14, 2], [15, 19, 16, 18], [17, 1, 18, 24], [19, 9, 20, 8], [21, 5, 22, 4], [23, 17, 24, 16], [1, 11, 2, 10], [3, 21, 4, 20], [12, 5, 13, 6]]"
12n_0513_160,"[[12, 5, 13, 6], [7, 23, 8, 22], [9, 15, 10, 14], [6, 11, 7, 12], [13, 3, 14, 2], [15, 19, 16, 18], [17, 1, 18, 24], [19, 9, 20, 8], [21, 5, 22, 4], [23, 17, 24, 16], [1, 11, 2, 10], [3, 21, 4, 20]]"
12n_0513_161,"[[3, 21, 4, 20], [12, 5, 13, 6], [7, 23, 8, 22], [9, 15, 10, 14], [6, 11, 7, 12], [13, 3, 14, 2], [15, 19, 16, 18], [17, 1, 18, 24], [19, 9, 20, 8], [21, 5, 22, 4], [23, 17, 24, 16], [1, 11, 2, 10]]"
12n_0513_162,"[[1, 11, 2, 10], [3, 21, 4, 20], [12, 5, 13, 6], [7, 23, 8, 22], [9, 15, 10, 14], [6, 11, 7, 12], [13, 3, 14, 2], [15, 19, 16, 18], [17, 1, 18, 24], [19, 9, 20, 8], [21, 5, 22, 4], [23, 17, 24, 16]]"
12n_0513_163,"[[23, 17, 24, 16], [1, 11, 2, 10], [3, 21, 4, 20], [12, 5, 13, 6], [7, 23, 8, 22], [9, 15, 10, 14], [6, 11, 7, 12], [13, 3, 14, 2], [15, 19, 16, 18], [17, 1, 18, 24], [19, 9, 20, 8], [21, 5, 22, 4]]"
12n_0513_164,"[[21, 5, 22, 4], [23, 17, 24, 16], [1, 11, 2, 10], [3, 21, 4, 20], [12, 5, 13, 6], [7, 23, 8, 22], [9, 15, 10, 14], [6, 11, 7, 12], [13, 3, 14, 2], [15, 19, 16, 18], [17, 1, 18, 24], [19, 9, 20, 8]]"
12n_0513_165,"[[19, 9, 20, 8], [21, 5, 22, 4], [23, 17, 24, 16], [1, 11, 2, 10], [3, 21, 4, 20], [12, 5, 13, 6], [7, 23, 8, 22], [9, 15, 10, 14], [6, 11, 7, 12], [13, 3, 14, 2], [15, 19, 16, 18], [17, 1, 18, 24]]"
12n_0513_166,"[[17, 1, 18, 24], [19, 9, 20, 8], [21, 5, 22, 4], [23, 17, 24, 16], [1, 11, 2, 10], [3, 21, 4, 20], [12, 5, 13, 6], [7, 23, 8, 22], [9, 15, 10, 14], [6, 11, 7, 12], [13, 3, 14, 2], [15, 19, 16, 18]]"
12n_0513_167,"[[15, 19, 16, 18], [17, 1, 18, 24], [19, 9, 20, 8], [21, 5, 22, 4], [23, 17, 24, 16], [1, 11, 2, 10], [3, 21, 4, 20], [12, 5, 13, 6], [7, 23, 8, 22], [9, 15, 10, 14], [6, 11, 7, 12], [13, 3, 14, 2]]"
12n_0513_168,"[[14, 4, 15, 3], [16, 20, 17, 19], [18, 2, 19, 1], [20, 10, 21, 9], [22, 6, 23, 5], [24, 18, 1, 17], [2, 12, 3, 11], [4, 22, 5, 21], [13, 6, 14, 7], [8, 24, 9, 23], [10, 16, 11, 15], [7, 12, 8, 13]]"
12n_0513_169,"[[7, 12, 8, 13], [14, 4, 15, 3], [16, 20, 17, 19], [18, 2, 19, 1], [20, 10, 21, 9], [22, 6, 23, 5], [24, 18, 1, 17], [2, 12, 3, 11], [4, 22, 5, 21], [13, 6, 14, 7], [8, 24, 9, 23], [10, 16, 11, 15]]"
12n_0513_170,"[[10, 16, 11, 15], [7, 12, 8, 13], [14, 4, 15, 3], [16, 20, 17, 19], [18, 2, 19, 1], [20, 10, 21, 9], [22, 6, 23, 5], [24, 18, 1, 17], [2, 12, 3, 11], [4, 22, 5, 21], [13, 6, 14, 7], [8, 24, 9, 23]]"
12n_0513_171,"[[8, 24, 9, 23], [10, 16, 11, 15], [7, 12, 8, 13], [14, 4, 15, 3], [16, 20, 17, 19], [18, 2, 19, 1], [20, 10, 21, 9], [22, 6, 23, 5], [24, 18, 1, 17], [2, 12, 3, 11], [4, 22, 5, 21], [13, 6, 14, 7]]"
12n_0513_172,"[[13, 6, 14, 7], [8, 24, 9, 23], [10, 16, 11, 15], [7, 12, 8, 13], [14, 4, 15, 3], [16, 20, 17, 19], [18, 2, 19, 1], [20, 10, 21, 9], [22, 6, 23, 5], [24, 18, 1, 17], [2, 12, 3, 11], [4, 22, 5, 21]]"
12n_0513_173,"[[4, 22, 5, 21], [13, 6, 14, 7], [8, 24, 9, 23], [10, 16, 11, 15], [7, 12, 8, 13], [14, 4, 15, 3], [16, 20, 17, 19], [18, 2, 19, 1], [20, 10, 21, 9], [22, 6, 23, 5], [24, 18, 1, 17], [2, 12, 3, 11]]"
12n_0513_174,"[[2, 12, 3, 11], [4, 22, 5, 21], [13, 6, 14, 7], [8, 24, 9, 23], [10, 16, 11, 15], [7, 12, 8, 13], [14, 4, 15, 3], [16, 20, 17, 19], [18, 2, 19, 1], [20, 10, 21, 9], [22, 6, 23, 5], [24, 18, 1, 17]]"
12n_0513_175,"[[24, 18, 1, 17], [2, 12, 3, 11], [4, 22, 5, 21], [13, 6, 14, 7], [8, 24, 9, 23], [10, 16, 11, 15], [7, 12, 8, 13], [14, 4, 15, 3], [16, 20, 17, 19], [18, 2, 19, 1], [20, 10, 21, 9], [22, 6, 23, 5]]"
12n_0513_176,"[[22, 6, 23, 5], [24, 18, 1, 17], [2, 12, 3, 11], [4, 22, 5, 21], [13, 6, 14, 7], [8, 24, 9, 23], [10, 16, 11, 15], [7, 12, 8, 13], [14, 4, 15, 3], [16, 20, 17, 19], [18, 2, 19, 1], [20, 10, 21, 9]]"
12n_0513_177,"[[20, 10, 21, 9], [22, 6, 23, 5], [24, 18, 1, 17], [2, 12, 3, 11], [4, 22, 5, 21], [13, 6, 14, 7], [8, 24, 9, 23], [10, 16, 11, 15], [7, 12, 8, 13], [14, 4, 15, 3], [16, 20, 17, 19], [18, 2, 19, 1]]"
12n_0513_178,"[[18, 2, 19, 1], [20, 10, 21, 9], [22, 6, 23, 5], [24, 18, 1, 17], [2, 12, 3, 11], [4, 22, 5, 21], [13, 6, 14, 7], [8, 24, 9, 23], [10, 16, 11, 15], [7, 12, 8, 13], [14, 4, 15, 3], [16, 20, 17, 19]]"
12n_0513_179,"[[16, 20, 17, 19], [18, 2, 19, 1], [20, 10, 21, 9], [22, 6, 23, 5], [24, 18, 1, 17], [2, 12, 3, 11], [4, 22, 5, 21], [13, 6, 14, 7], [8, 24, 9, 23], [10, 16, 11, 15], [7, 12, 8, 13], [14, 4, 15, 3]]"
12n_0513_180,"[[15, 5, 16, 4], [17, 21, 18, 20], [19, 3, 20, 2], [21, 11, 22, 10], [23, 7, 24, 6], [1, 19, 2, 18], [3, 13, 4, 12], [5, 23, 6, 22], [14, 7, 15, 8], [9, 1, 10, 24], [11, 17, 12, 16], [8, 13, 9, 14]]"
12n_0513_181,"[[8, 13, 9, 14], [15, 5, 16, 4], [17, 21, 18, 20], [19, 3, 20, 2], [21, 11, 22, 10], [23, 7, 24, 6], [1, 19, 2, 18], [3, 13, 4, 12], [5, 23, 6, 22], [14, 7, 15, 8], [9, 1, 10, 24], [11, 17, 12, 16]]"
12n_0513_182,"[[11, 17, 12, 16], [8, 13, 9, 14], [15, 5, 16, 4], [17, 21, 18, 20], [19, 3, 20, 2], [21, 11, 22, 10], [23, 7, 24, 6], [1, 19, 2, 18], [3, 13, 4, 12], [5, 23, 6, 22], [14, 7, 15, 8], [9, 1, 10, 24]]"
12n_0513_183,"[[9, 1, 10, 24], [11, 17, 12, 16], [8, 13, 9, 14], [15, 5, 16, 4], [17, 21, 18, 20], [19, 3, 20, 2], [21, 11, 22, 10], [23, 7, 24, 6], [1, 19, 2, 18], [3, 13, 4, 12], [5, 23, 6, 22], [14, 7, 15, 8]]"
12n_0513_184,"[[14, 7, 15, 8], [9, 1, 10, 24], [11, 17, 12, 16], [8, 13, 9, 14], [15, 5, 16, 4], [17, 21, 18, 20], [19, 3, 20, 2], [21, 11, 22, 10], [23, 7, 24, 6], [1, 19, 2, 18], [3, 13, 4, 12], [5, 23, 6, 22]]"
12n_0513_185,"[[5, 23, 6, 22], [14, 7, 15, 8], [9, 1, 10, 24], [11, 17, 12, 16], [8, 13, 9, 14], [15, 5, 16, 4], [17, 21, 18, 20], [19, 3, 20, 2], [21, 11, 22, 10], [23, 7, 24, 6], [1, 19, 2, 18], [3, 13, 4, 12]]"
