name,pd_notation
12n_0332_0,"[[17, 24, 18, 1], [2, 6, 3, 5], [4, 11, 5, 12], [15, 6, 16, 7], [13, 8, 14, 9], [21, 10, 22, 11], [12, 3, 13, 4], [7, 14, 8, 15], [1, 16, 2, 17], [23, 18, 24, 19], [9, 20, 10, 21], [19, 22, 20, 23]]"
12n_0332_1,"[[19, 22, 20, 23], [17, 24, 18, 1], [2, 6, 3, 5], [4, 11, 5, 12], [15, 6, 16, 7], [13, 8, 14, 9], [21, 10, 22, 11], [12, 3, 13, 4], [7, 14, 8, 15], [1, 16, 2, 17], [23, 18, 24, 19], [9, 20, 10, 21]]"
12n_0332_2,"[[9, 20, 10, 21], [19, 22, 20, 23], [17, 24, 18, 1], [2, 6, 3, 5], [4, 11, 5, 12], [15, 6, 16, 7], [13, 8, 14, 9], [21, 10, 22, 11], [12, 3, 13, 4], [7, 14, 8, 15], [1, 16, 2, 17], [23, 18, 24, 19]]"
12n_0332_3,"[[23, 18, 24, 19], [9, 20, 10, 21], [19, 22, 20, 23], [17, 24, 18, 1], [2, 6, 3, 5], [4, 11, 5, 12], [15, 6, 16, 7], [13, 8, 14, 9], [21, 10, 22, 11], [12, 3, 13, 4], [7, 14, 8, 15], [1, 16, 2, 17]]"
12n_0332_4,"[[1, 16, 2, 17], [23, 18, 24, 19], [9, 20, 10, 21], [19, 22, 20, 23], [17, 24, 18, 1], [2, 6, 3, 5], [4, 11, 5, 12], [15, 6, 16, 7], [13, 8, 14, 9], [21, 10, 22, 11], [12, 3, 13, 4], [7, 14, 8, 15]]"
12n_0332_5,"[[7, 14, 8, 15], [1, 16, 2, 17], [23, 18, 24, 19], [9, 20, 10, 21], [19, 22, 20, 23], [17, 24, 18, 1], [2, 6, 3, 5], [4, 11, 5, 12], [15, 6, 16, 7], [13, 8, 14, 9], [21, 10, 22, 11], [12, 3, 13, 4]]"
12n_0332_6,"[[12, 3, 13, 4], [7, 14, 8, 15], [1, 16, 2, 17], [23, 18, 24, 19], [9, 20, 10, 21], [19, 22, 20, 23], [17, 24, 18, 1], [2, 6, 3, 5], [4, 11, 5, 12], [15, 6, 16, 7], [13, 8, 14, 9], [21, 10, 22, 11]]"
12n_0332_7,"[[21, 10, 22, 11], [12, 3, 13, 4], [7, 14, 8, 15], [1, 16, 2, 17], [23, 18, 24, 19], [9, 20, 10, 21], [19, 22, 20, 23], [17, 24, 18, 1], [2, 6, 3, 5], [4, 11, 5, 12], [15, 6, 16, 7], [13, 8, 14, 9]]"
12n_0332_8,"[[13, 8, 14, 9], [21, 10, 22, 11], [12, 3, 13, 4], [7, 14, 8, 15], [1, 16, 2, 17], [23, 18, 24, 19], [9, 20, 10, 21], [19, 22, 20, 23], [17, 24, 18, 1], [2, 6, 3, 5], [4, 11, 5, 12], [15, 6, 16, 7]]"
12n_0332_9,"[[15, 6, 16, 7], [13, 8, 14, 9], [21, 10, 22, 11], [12, 3, 13, 4], [7, 14, 8, 15], [1, 16, 2, 17], [23, 18, 24, 19], [9, 20, 10, 21], [19, 22, 20, 23], [17, 24, 18, 1], [2, 6, 3, 5], [4, 11, 5, 12]]"
12n_0332_10,"[[4, 11, 5, 12], [15, 6, 16, 7], [13, 8, 14, 9], [21, 10, 22, 11], [12, 3, 13, 4], [7, 14, 8, 15], [1, 16, 2, 17], [23, 18, 24, 19], [9, 20, 10, 21], [19, 22, 20, 23], [17, 24, 18, 1], [2, 6, 3, 5]]"
12n_0332_11,"[[2, 6, 3, 5], [4, 11, 5, 12], [15, 6, 16, 7], [13, 8, 14, 9], [21, 10, 22, 11], [12, 3, 13, 4], [7, 14, 8, 15], [1, 16, 2, 17], [23, 18, 24, 19], [9, 20, 10, 21], [19, 22, 20, 23], [17, 24, 18, 1]]"
12n_0332_12,"[[18, 1, 19, 2], [3, 7, 4, 6], [5, 12, 6, 13], [16, 7, 17, 8], [14, 9, 15, 10], [22, 11, 23, 12], [13, 4, 14, 5], [8, 15, 9, 16], [2, 17, 3, 18], [24, 19, 1, 20], [10, 21, 11, 22], [20, 23, 21, 24]]"
12n_0332_13,"[[20, 23, 21, 24], [18, 1, 19, 2], [3, 7, 4, 6], [5, 12, 6, 13], [16, 7, 17, 8], [14, 9, 15, 10], [22, 11, 23, 12], [13, 4, 14, 5], [8, 15, 9, 16], [2, 17, 3, 18], [24, 19, 1, 20], [10, 21, 11, 22]]"
12n_0332_14,"[[10, 21, 11, 22], [20, 23, 21, 24], [18, 1, 19, 2], [3, 7, 4, 6], [5, 12, 6, 13], [16, 7, 17, 8], [14, 9, 15, 10], [22, 11, 23, 12], [13, 4, 14, 5], [8, 15, 9, 16], [2, 17, 3, 18], [24, 19, 1, 20]]"
12n_0332_15,"[[24, 19, 1, 20], [10, 21, 11, 22], [20, 23, 21, 24], [18, 1, 19, 2], [3, 7, 4, 6], [5, 12, 6, 13], [16, 7, 17, 8], [14, 9, 15, 10], [22, 11, 23, 12], [13, 4, 14, 5], [8, 15, 9, 16], [2, 17, 3, 18]]"
12n_0332_16,"[[2, 17, 3, 18], [24, 19, 1, 20], [10, 21, 11, 22], [20, 23, 21, 24], [18, 1, 19, 2], [3, 7, 4, 6], [5, 12, 6, 13], [16, 7, 17, 8], [14, 9, 15, 10], [22, 11, 23, 12], [13, 4, 14, 5], [8, 15, 9, 16]]"
12n_0332_17,"[[8, 15, 9, 16], [2, 17, 3, 18], [24, 19, 1, 20], [10, 21, 11, 22], [20, 23, 21, 24], [18, 1, 19, 2], [3, 7, 4, 6], [5, 12, 6, 13], [16, 7, 17, 8], [14, 9, 15, 10], [22, 11, 23, 12], [13, 4, 14, 5]]"
12n_0332_18,"[[13, 4, 14, 5], [8, 15, 9, 16], [2, 17, 3, 18], [24, 19, 1, 20], [10, 21, 11, 22], [20, 23, 21, 24], [18, 1, 19, 2], [3, 7, 4, 6], [5, 12, 6, 13], [16, 7, 17, 8], [14, 9, 15, 10], [22, 11, 23, 12]]"
12n_0332_19,"[[22, 11, 23, 12], [13, 4, 14, 5], [8, 15, 9, 16], [2, 17, 3, 18], [24, 19, 1, 20], [10, 21, 11, 22], [20, 23, 21, 24], [18, 1, 19, 2], [3, 7, 4, 6], [5, 12, 6, 13], [16, 7, 17, 8], [14, 9, 15, 10]]"
12n_0332_20,"[[14, 9, 15, 10], [22, 11, 23, 12], [13, 4, 14, 5], [8, 15, 9, 16], [2, 17, 3, 18], [24, 19, 1, 20], [10, 21, 11, 22], [20, 23, 21, 24], [18, 1, 19, 2], [3, 7, 4, 6], [5, 12, 6, 13], [16, 7, 17, 8]]"
12n_0332_21,"[[16, 7, 17, 8], [14, 9, 15, 10], [22, 11, 23, 12], [13, 4, 14, 5], [8, 15, 9, 16], [2, 17, 3, 18], [24, 19, 1, 20], [10, 21, 11, 22], [20, 23, 21, 24], [18, 1, 19, 2], [3, 7, 4, 6], [5, 12, 6, 13]]"
12n_0332_22,"[[5, 12, 6, 13], [16, 7, 17, 8], [14, 9, 15, 10], [22, 11, 23, 12], [13, 4, 14, 5], [8, 15, 9, 16], [2, 17, 3, 18], [24, 19, 1, 20], [10, 21, 11, 22], [20, 23, 21, 24], [18, 1, 19, 2], [3, 7, 4, 6]]"
12n_0332_23,"[[3, 7, 4, 6], [5, 12, 6, 13], [16, 7, 17, 8], [14, 9, 15, 10], [22, 11, 23, 12], [13, 4, 14, 5], [8, 15, 9, 16], [2, 17, 3, 18], [24, 19, 1, 20], [10, 21, 11, 22], [20, 23, 21, 24], [18, 1, 19, 2]]"
12n_0332_24,"[[19, 2, 20, 3], [4, 8, 5, 7], [6, 13, 7, 14], [17, 8, 18, 9], [15, 10, 16, 11], [23, 12, 24, 13], [14, 5, 15, 6], [9, 16, 10, 17], [3, 18, 4, 19], [1, 20, 2, 21], [11, 22, 12, 23], [21, 24, 22, 1]]"
12n_0332_25,"[[21, 24, 22, 1], [19, 2, 20, 3], [4, 8, 5, 7], [6, 13, 7, 14], [17, 8, 18, 9], [15, 10, 16, 11], [23, 12, 24, 13], [14, 5, 15, 6], [9, 16, 10, 17], [3, 18, 4, 19], [1, 20, 2, 21], [11, 22, 12, 23]]"
12n_0332_26,"[[11, 22, 12, 23], [21, 24, 22, 1], [19, 2, 20, 3], [4, 8, 5, 7], [6, 13, 7, 14], [17, 8, 18, 9], [15, 10, 16, 11], [23, 12, 24, 13], [14, 5, 15, 6], [9, 16, 10, 17], [3, 18, 4, 19], [1, 20, 2, 21]]"
12n_0332_27,"[[1, 20, 2, 21], [11, 22, 12, 23], [21, 24, 22, 1], [19, 2, 20, 3], [4, 8, 5, 7], [6, 13, 7, 14], [17, 8, 18, 9], [15, 10, 16, 11], [23, 12, 24, 13], [14, 5, 15, 6], [9, 16, 10, 17], [3, 18, 4, 19]]"
12n_0332_28,"[[3, 18, 4, 19], [1, 20, 2, 21], [11, 22, 12, 23], [21, 24, 22, 1], [19, 2, 20, 3], [4, 8, 5, 7], [6, 13, 7, 14], [17, 8, 18, 9], [15, 10, 16, 11], [23, 12, 24, 13], [14, 5, 15, 6], [9, 16, 10, 17]]"
12n_0332_29,"[[9, 16, 10, 17], [3, 18, 4, 19], [1, 20, 2, 21], [11, 22, 12, 23], [21, 24, 22, 1], [19, 2, 20, 3], [4, 8, 5, 7], [6, 13, 7, 14], [17, 8, 18, 9], [15, 10, 16, 11], [23, 12, 24, 13], [14, 5, 15, 6]]"
12n_0332_30,"[[14, 5, 15, 6], [9, 16, 10, 17], [3, 18, 4, 19], [1, 20, 2, 21], [11, 22, 12, 23], [21, 24, 22, 1], [19, 2, 20, 3], [4, 8, 5, 7], [6, 13, 7, 14], [17, 8, 18, 9], [15, 10, 16, 11], [23, 12, 24, 13]]"
12n_0332_31,"[[23, 12, 24, 13], [14, 5, 15, 6], [9, 16, 10, 17], [3, 18, 4, 19], [1, 20, 2, 21], [11, 22, 12, 23], [21, 24, 22, 1], [19, 2, 20, 3], [4, 8, 5, 7], [6, 13, 7, 14], [17, 8, 18, 9], [15, 10, 16, 11]]"
12n_0332_32,"[[15, 10, 16, 11], [23, 12, 24, 13], [14, 5, 15, 6], [9, 16, 10, 17], [3, 18, 4, 19], [1, 20, 2, 21], [11, 22, 12, 23], [21, 24, 22, 1], [19, 2, 20, 3], [4, 8, 5, 7], [6, 13, 7, 14], [17, 8, 18, 9]]"
12n_0332_33,"[[17, 8, 18, 9], [15, 10, 16, 11], [23, 12, 24, 13], [14, 5, 15, 6], [9, 16, 10, 17], [3, 18, 4, 19], [1, 20, 2, 21], [11, 22, 12, 23], [21, 24, 22, 1], [19, 2, 20, 3], [4, 8, 5, 7], [6, 13, 7, 14]]"
12n_0332_34,"[[6, 13, 7, 14], [17, 8, 18, 9], [15, 10, 16, 11], [23, 12, 24, 13], [14, 5, 15, 6], [9, 16, 10, 17], [3, 18, 4, 19], [1, 20, 2, 21], [11, 22, 12, 23], [21, 24, 22, 1], [19, 2, 20, 3], [4, 8, 5, 7]]"
12n_0332_35,"[[4, 8, 5, 7], [6, 13, 7, 14], [17, 8, 18, 9], [15, 10, 16, 11], [23, 12, 24, 13], [14, 5, 15, 6], [9, 16, 10, 17], [3, 18, 4, 19], [1, 20, 2, 21], [11, 22, 12, 23], [21, 24, 22, 1], [19, 2, 20, 3]]"
12n_0332_36,"[[20, 3, 21, 4], [5, 9, 6, 8], [7, 14, 8, 15], [18, 9, 19, 10], [16, 11, 17, 12], [24, 13, 1, 14], [15, 6, 16, 7], [10, 17, 11, 18], [4, 19, 5, 20], [2, 21, 3, 22], [12, 23, 13, 24], [22, 1, 23, 2]]"
12n_0332_37,"[[22, 1, 23, 2], [20, 3, 21, 4], [5, 9, 6, 8], [7, 14, 8, 15], [18, 9, 19, 10], [16, 11, 17, 12], [24, 13, 1, 14], [15, 6, 16, 7], [10, 17, 11, 18], [4, 19, 5, 20], [2, 21, 3, 22], [12, 23, 13, 24]]"
12n_0332_38,"[[12, 23, 13, 24], [22, 1, 23, 2], [20, 3, 21, 4], [5, 9, 6, 8], [7, 14, 8, 15], [18, 9, 19, 10], [16, 11, 17, 12], [24, 13, 1, 14], [15, 6, 16, 7], [10, 17, 11, 18], [4, 19, 5, 20], [2, 21, 3, 22]]"
12n_0332_39,"[[2, 21, 3, 22], [12, 23, 13, 24], [22, 1, 23, 2], [20, 3, 21, 4], [5, 9, 6, 8], [7, 14, 8, 15], [18, 9, 19, 10], [16, 11, 17, 12], [24, 13, 1, 14], [15, 6, 16, 7], [10, 17, 11, 18], [4, 19, 5, 20]]"
12n_0332_40,"[[4, 19, 5, 20], [2, 21, 3, 22], [12, 23, 13, 24], [22, 1, 23, 2], [20, 3, 21, 4], [5, 9, 6, 8], [7, 14, 8, 15], [18, 9, 19, 10], [16, 11, 17, 12], [24, 13, 1, 14], [15, 6, 16, 7], [10, 17, 11, 18]]"
12n_0332_41,"[[10, 17, 11, 18], [4, 19, 5, 20], [2, 21, 3, 22], [12, 23, 13, 24], [22, 1, 23, 2], [20, 3, 21, 4], [5, 9, 6, 8], [7, 14, 8, 15], [18, 9, 19, 10], [16, 11, 17, 12], [24, 13, 1, 14], [15, 6, 16, 7]]"
12n_0332_42,"[[15, 6, 16, 7], [10, 17, 11, 18], [4, 19, 5, 20], [2, 21, 3, 22], [12, 23, 13, 24], [22, 1, 23, 2], [20, 3, 21, 4], [5, 9, 6, 8], [7, 14, 8, 15], [18, 9, 19, 10], [16, 11, 17, 12], [24, 13, 1, 14]]"
12n_0332_43,"[[24, 13, 1, 14], [15, 6, 16, 7], [10, 17, 11, 18], [4, 19, 5, 20], [2, 21, 3, 22], [12, 23, 13, 24], [22, 1, 23, 2], [20, 3, 21, 4], [5, 9, 6, 8], [7, 14, 8, 15], [18, 9, 19, 10], [16, 11, 17, 12]]"
12n_0332_44,"[[16, 11, 17, 12], [24, 13, 1, 14], [15, 6, 16, 7], [10, 17, 11, 18], [4, 19, 5, 20], [2, 21, 3, 22], [12, 23, 13, 24], [22, 1, 23, 2], [20, 3, 21, 4], [5, 9, 6, 8], [7, 14, 8, 15], [18, 9, 19, 10]]"
12n_0332_45,"[[18, 9, 19, 10], [16, 11, 17, 12], [24, 13, 1, 14], [15, 6, 16, 7], [10, 17, 11, 18], [4, 19, 5, 20], [2, 21, 3, 22], [12, 23, 13, 24], [22, 1, 23, 2], [20, 3, 21, 4], [5, 9, 6, 8], [7, 14, 8, 15]]"
12n_0332_46,"[[7, 14, 8, 15], [18, 9, 19, 10], [16, 11, 17, 12], [24, 13, 1, 14], [15, 6, 16, 7], [10, 17, 11, 18], [4, 19, 5, 20], [2, 21, 3, 22], [12, 23, 13, 24], [22, 1, 23, 2], [20, 3, 21, 4], [5, 9, 6, 8]]"
12n_0332_47,"[[5, 9, 6, 8], [7, 14, 8, 15], [18, 9, 19, 10], [16, 11, 17, 12], [24, 13, 1, 14], [15, 6, 16, 7], [10, 17, 11, 18], [4, 19, 5, 20], [2, 21, 3, 22], [12, 23, 13, 24], [22, 1, 23, 2], [20, 3, 21, 4]]"
12n_0332_48,"[[21, 4, 22, 5], [6, 10, 7, 9], [8, 15, 9, 16], [19, 10, 20, 11], [17, 12, 18, 13], [1, 14, 2, 15], [16, 7, 17, 8], [11, 18, 12, 19], [5, 20, 6, 21], [3, 22, 4, 23], [13, 24, 14, 1], [23, 2, 24, 3]]"
12n_0332_49,"[[23, 2, 24, 3], [21, 4, 22, 5], [6, 10, 7, 9], [8, 15, 9, 16], [19, 10, 20, 11], [17, 12, 18, 13], [1, 14, 2, 15], [16, 7, 17, 8], [11, 18, 12, 19], [5, 20, 6, 21], [3, 22, 4, 23], [13, 24, 14, 1]]"
12n_0332_50,"[[13, 24, 14, 1], [23, 2, 24, 3], [21, 4, 22, 5], [6, 10, 7, 9], [8, 15, 9, 16], [19, 10, 20, 11], [17, 12, 18, 13], [1, 14, 2, 15], [16, 7, 17, 8], [11, 18, 12, 19], [5, 20, 6, 21], [3, 22, 4, 23]]"
12n_0332_51,"[[3, 22, 4, 23], [13, 24, 14, 1], [23, 2, 24, 3], [21, 4, 22, 5], [6, 10, 7, 9], [8, 15, 9, 16], [19, 10, 20, 11], [17, 12, 18, 13], [1, 14, 2, 15], [16, 7, 17, 8], [11, 18, 12, 19], [5, 20, 6, 21]]"
12n_0332_52,"[[5, 20, 6, 21], [3, 22, 4, 23], [13, 24, 14, 1], [23, 2, 24, 3], [21, 4, 22, 5], [6, 10, 7, 9], [8, 15, 9, 16], [19, 10, 20, 11], [17, 12, 18, 13], [1, 14, 2, 15], [16, 7, 17, 8], [11, 18, 12, 19]]"
12n_0332_53,"[[11, 18, 12, 19], [5, 20, 6, 21], [3, 22, 4, 23], [13, 24, 14, 1], [23, 2, 24, 3], [21, 4, 22, 5], [6, 10, 7, 9], [8, 15, 9, 16], [19, 10, 20, 11], [17, 12, 18, 13], [1, 14, 2, 15], [16, 7, 17, 8]]"
12n_0332_54,"[[16, 7, 17, 8], [11, 18, 12, 19], [5, 20, 6, 21], [3, 22, 4, 23], [13, 24, 14, 1], [23, 2, 24, 3], [21, 4, 22, 5], [6, 10, 7, 9], [8, 15, 9, 16], [19, 10, 20, 11], [17, 12, 18, 13], [1, 14, 2, 15]]"
12n_0332_55,"[[1, 14, 2, 15], [16, 7, 17, 8], [11, 18, 12, 19], [5, 20, 6, 21], [3, 22, 4, 23], [13, 24, 14, 1], [23, 2, 24, 3], [21, 4, 22, 5], [6, 10, 7, 9], [8, 15, 9, 16], [19, 10, 20, 11], [17, 12, 18, 13]]"
12n_0332_56,"[[17, 12, 18, 13], [1, 14, 2, 15], [16, 7, 17, 8], [11, 18, 12, 19], [5, 20, 6, 21], [3, 22, 4, 23], [13, 24, 14, 1], [23, 2, 24, 3], [21, 4, 22, 5], [6, 10, 7, 9], [8, 15, 9, 16], [19, 10, 20, 11]]"
12n_0332_57,"[[19, 10, 20, 11], [17, 12, 18, 13], [1, 14, 2, 15], [16, 7, 17, 8], [11, 18, 12, 19], [5, 20, 6, 21], [3, 22, 4, 23], [13, 24, 14, 1], [23, 2, 24, 3], [21, 4, 22, 5], [6, 10, 7, 9], [8, 15, 9, 16]]"
12n_0332_58,"[[8, 15, 9, 16], [19, 10, 20, 11], [17, 12, 18, 13], [1, 14, 2, 15], [16, 7, 17, 8], [11, 18, 12, 19], [5, 20, 6, 21], [3, 22, 4, 23], [13, 24, 14, 1], [23, 2, 24, 3], [21, 4, 22, 5], [6, 10, 7, 9]]"
12n_0332_59,"[[6, 10, 7, 9], [8, 15, 9, 16], [19, 10, 20, 11], [17, 12, 18, 13], [1, 14, 2, 15], [16, 7, 17, 8], [11, 18, 12, 19], [5, 20, 6, 21], [3, 22, 4, 23], [13, 24, 14, 1], [23, 2, 24, 3], [21, 4, 22, 5]]"
12n_0332_60,"[[22, 5, 23, 6], [7, 11, 8, 10], [9, 16, 10, 17], [20, 11, 21, 12], [18, 13, 19, 14], [2, 15, 3, 16], [17, 8, 18, 9], [12, 19, 13, 20], [6, 21, 7, 22], [4, 23, 5, 24], [14, 1, 15, 2], [24, 3, 1, 4]]"
12n_0332_61,"[[24, 3, 1, 4], [22, 5, 23, 6], [7, 11, 8, 10], [9, 16, 10, 17], [20, 11, 21, 12], [18, 13, 19, 14], [2, 15, 3, 16], [17, 8, 18, 9], [12, 19, 13, 20], [6, 21, 7, 22], [4, 23, 5, 24], [14, 1, 15, 2]]"
12n_0332_62,"[[14, 1, 15, 2], [24, 3, 1, 4], [22, 5, 23, 6], [7, 11, 8, 10], [9, 16, 10, 17], [20, 11, 21, 12], [18, 13, 19, 14], [2, 15, 3, 16], [17, 8, 18, 9], [12, 19, 13, 20], [6, 21, 7, 22], [4, 23, 5, 24]]"
12n_0332_63,"[[4, 23, 5, 24], [14, 1, 15, 2], [24, 3, 1, 4], [22, 5, 23, 6], [7, 11, 8, 10], [9, 16, 10, 17], [20, 11, 21, 12], [18, 13, 19, 14], [2, 15, 3, 16], [17, 8, 18, 9], [12, 19, 13, 20], [6, 21, 7, 22]]"
12n_0332_64,"[[6, 21, 7, 22], [4, 23, 5, 24], [14, 1, 15, 2], [24, 3, 1, 4], [22, 5, 23, 6], [7, 11, 8, 10], [9, 16, 10, 17], [20, 11, 21, 12], [18, 13, 19, 14], [2, 15, 3, 16], [17, 8, 18, 9], [12, 19, 13, 20]]"
12n_0332_65,"[[12, 19, 13, 20], [6, 21, 7, 22], [4, 23, 5, 24], [14, 1, 15, 2], [24, 3, 1, 4], [22, 5, 23, 6], [7, 11, 8, 10], [9, 16, 10, 17], [20, 11, 21, 12], [18, 13, 19, 14], [2, 15, 3, 16], [17, 8, 18, 9]]"
12n_0332_66,"[[17, 8, 18, 9], [12, 19, 13, 20], [6, 21, 7, 22], [4, 23, 5, 24], [14, 1, 15, 2], [24, 3, 1, 4], [22, 5, 23, 6], [7, 11, 8, 10], [9, 16, 10, 17], [20, 11, 21, 12], [18, 13, 19, 14], [2, 15, 3, 16]]"
12n_0332_67,"[[2, 15, 3, 16], [17, 8, 18, 9], [12, 19, 13, 20], [6, 21, 7, 22], [4, 23, 5, 24], [14, 1, 15, 2], [24, 3, 1, 4], [22, 5, 23, 6], [7, 11, 8, 10], [9, 16, 10, 17], [20, 11, 21, 12], [18, 13, 19, 14]]"
12n_0332_68,"[[18, 13, 19, 14], [2, 15, 3, 16], [17, 8, 18, 9], [12, 19, 13, 20], [6, 21, 7, 22], [4, 23, 5, 24], [14, 1, 15, 2], [24, 3, 1, 4], [22, 5, 23, 6], [7, 11, 8, 10], [9, 16, 10, 17], [20, 11, 21, 12]]"
12n_0332_69,"[[20, 11, 21, 12], [18, 13, 19, 14], [2, 15, 3, 16], [17, 8, 18, 9], [12, 19, 13, 20], [6, 21, 7, 22], [4, 23, 5, 24], [14, 1, 15, 2], [24, 3, 1, 4], [22, 5, 23, 6], [7, 11, 8, 10], [9, 16, 10, 17]]"
12n_0332_70,"[[9, 16, 10, 17], [20, 11, 21, 12], [18, 13, 19, 14], [2, 15, 3, 16], [17, 8, 18, 9], [12, 19, 13, 20], [6, 21, 7, 22], [4, 23, 5, 24], [14, 1, 15, 2], [24, 3, 1, 4], [22, 5, 23, 6], [7, 11, 8, 10]]"
12n_0332_71,"[[7, 11, 8, 10], [9, 16, 10, 17], [20, 11, 21, 12], [18, 13, 19, 14], [2, 15, 3, 16], [17, 8, 18, 9], [12, 19, 13, 20], [6, 21, 7, 22], [4, 23, 5, 24], [14, 1, 15, 2], [24, 3, 1, 4], [22, 5, 23, 6]]"
12n_0332_72,"[[23, 6, 24, 7], [8, 12, 9, 11], [10, 17, 11, 18], [21, 12, 22, 13], [19, 14, 20, 15], [3, 16, 4, 17], [18, 9, 19, 10], [13, 20, 14, 21], [7, 22, 8, 23], [5, 24, 6, 1], [15, 2, 16, 3], [1, 4, 2, 5]]"
12n_0332_73,"[[1, 4, 2, 5], [23, 6, 24, 7], [8, 12, 9, 11], [10, 17, 11, 18], [21, 12, 22, 13], [19, 14, 20, 15], [3, 16, 4, 17], [18, 9, 19, 10], [13, 20, 14, 21], [7, 22, 8, 23], [5, 24, 6, 1], [15, 2, 16, 3]]"
12n_0332_74,"[[15, 2, 16, 3], [1, 4, 2, 5], [23, 6, 24, 7], [8, 12, 9, 11], [10, 17, 11, 18], [21, 12, 22, 13], [19, 14, 20, 15], [3, 16, 4, 17], [18, 9, 19, 10], [13, 20, 14, 21], [7, 22, 8, 23], [5, 24, 6, 1]]"
12n_0332_75,"[[5, 24, 6, 1], [15, 2, 16, 3], [1, 4, 2, 5], [23, 6, 24, 7], [8, 12, 9, 11], [10, 17, 11, 18], [21, 12, 22, 13], [19, 14, 20, 15], [3, 16, 4, 17], [18, 9, 19, 10], [13, 20, 14, 21], [7, 22, 8, 23]]"
12n_0332_76,"[[7, 22, 8, 23], [5, 24, 6, 1], [15, 2, 16, 3], [1, 4, 2, 5], [23, 6, 24, 7], [8, 12, 9, 11], [10, 17, 11, 18], [21, 12, 22, 13], [19, 14, 20, 15], [3, 16, 4, 17], [18, 9, 19, 10], [13, 20, 14, 21]]"
12n_0332_77,"[[13, 20, 14, 21], [7, 22, 8, 23], [5, 24, 6, 1], [15, 2, 16, 3], [1, 4, 2, 5], [23, 6, 24, 7], [8, 12, 9, 11], [10, 17, 11, 18], [21, 12, 22, 13], [19, 14, 20, 15], [3, 16, 4, 17], [18, 9, 19, 10]]"
12n_0332_78,"[[18, 9, 19, 10], [13, 20, 14, 21], [7, 22, 8, 23], [5, 24, 6, 1], [15, 2, 16, 3], [1, 4, 2, 5], [23, 6, 24, 7], [8, 12, 9, 11], [10, 17, 11, 18], [21, 12, 22, 13], [19, 14, 20, 15], [3, 16, 4, 17]]"
12n_0332_79,"[[3, 16, 4, 17], [18, 9, 19, 10], [13, 20, 14, 21], [7, 22, 8, 23], [5, 24, 6, 1], [15, 2, 16, 3], [1, 4, 2, 5], [23, 6, 24, 7], [8, 12, 9, 11], [10, 17, 11, 18], [21, 12, 22, 13], [19, 14, 20, 15]]"
12n_0332_80,"[[19, 14, 20, 15], [3, 16, 4, 17], [18, 9, 19, 10], [13, 20, 14, 21], [7, 22, 8, 23], [5, 24, 6, 1], [15, 2, 16, 3], [1, 4, 2, 5], [23, 6, 24, 7], [8, 12, 9, 11], [10, 17, 11, 18], [21, 12, 22, 13]]"
12n_0332_81,"[[21, 12, 22, 13], [19, 14, 20, 15], [3, 16, 4, 17], [18, 9, 19, 10], [13, 20, 14, 21], [7, 22, 8, 23], [5, 24, 6, 1], [15, 2, 16, 3], [1, 4, 2, 5], [23, 6, 24, 7], [8, 12, 9, 11], [10, 17, 11, 18]]"
12n_0332_82,"[[10, 17, 11, 18], [21, 12, 22, 13], [19, 14, 20, 15], [3, 16, 4, 17], [18, 9, 19, 10], [13, 20, 14, 21], [7, 22, 8, 23], [5, 24, 6, 1], [15, 2, 16, 3], [1, 4, 2, 5], [23, 6, 24, 7], [8, 12, 9, 11]]"
12n_0332_83,"[[8, 12, 9, 11], [10, 17, 11, 18], [21, 12, 22, 13], [19, 14, 20, 15], [3, 16, 4, 17], [18, 9, 19, 10], [13, 20, 14, 21], [7, 22, 8, 23], [5, 24, 6, 1], [15, 2, 16, 3], [1, 4, 2, 5], [23, 6, 24, 7]]"
12n_0332_84,"[[24, 7, 1, 8], [9, 13, 10, 12], [11, 18, 12, 19], [22, 13, 23, 14], [20, 15, 21, 16], [4, 17, 5, 18], [19, 10, 20, 11], [14, 21, 15, 22], [8, 23, 9, 24], [6, 1, 7, 2], [16, 3, 17, 4], [2, 5, 3, 6]]"
12n_0332_85,"[[2, 5, 3, 6], [24, 7, 1, 8], [9, 13, 10, 12], [11, 18, 12, 19], [22, 13, 23, 14], [20, 15, 21, 16], [4, 17, 5, 18], [19, 10, 20, 11], [14, 21, 15, 22], [8, 23, 9, 24], [6, 1, 7, 2], [16, 3, 17, 4]]"
12n_0332_86,"[[16, 3, 17, 4], [2, 5, 3, 6], [24, 7, 1, 8], [9, 13, 10, 12], [11, 18, 12, 19], [22, 13, 23, 14], [20, 15, 21, 16], [4, 17, 5, 18], [19, 10, 20, 11], [14, 21, 15, 22], [8, 23, 9, 24], [6, 1, 7, 2]]"
12n_0332_87,"[[6, 1, 7, 2], [16, 3, 17, 4], [2, 5, 3, 6], [24, 7, 1, 8], [9, 13, 10, 12], [11, 18, 12, 19], [22, 13, 23, 14], [20, 15, 21, 16], [4, 17, 5, 18], [19, 10, 20, 11], [14, 21, 15, 22], [8, 23, 9, 24]]"
12n_0332_88,"[[8, 23, 9, 24], [6, 1, 7, 2], [16, 3, 17, 4], [2, 5, 3, 6], [24, 7, 1, 8], [9, 13, 10, 12], [11, 18, 12, 19], [22, 13, 23, 14], [20, 15, 21, 16], [4, 17, 5, 18], [19, 10, 20, 11], [14, 21, 15, 22]]"
12n_0332_89,"[[14, 21, 15, 22], [8, 23, 9, 24], [6, 1, 7, 2], [16, 3, 17, 4], [2, 5, 3, 6], [24, 7, 1, 8], [9, 13, 10, 12], [11, 18, 12, 19], [22, 13, 23, 14], [20, 15, 21, 16], [4, 17, 5, 18], [19, 10, 20, 11]]"
12n_0332_90,"[[19, 10, 20, 11], [14, 21, 15, 22], [8, 23, 9, 24], [6, 1, 7, 2], [16, 3, 17, 4], [2, 5, 3, 6], [24, 7, 1, 8], [9, 13, 10, 12], [11, 18, 12, 19], [22, 13, 23, 14], [20, 15, 21, 16], [4, 17, 5, 18]]"
12n_0332_91,"[[4, 17, 5, 18], [19, 10, 20, 11], [14, 21, 15, 22], [8, 23, 9, 24], [6, 1, 7, 2], [16, 3, 17, 4], [2, 5, 3, 6], [24, 7, 1, 8], [9, 13, 10, 12], [11, 18, 12, 19], [22, 13, 23, 14], [20, 15, 21, 16]]"
12n_0332_92,"[[20, 15, 21, 16], [4, 17, 5, 18], [19, 10, 20, 11], [14, 21, 15, 22], [8, 23, 9, 24], [6, 1, 7, 2], [16, 3, 17, 4], [2, 5, 3, 6], [24, 7, 1, 8], [9, 13, 10, 12], [11, 18, 12, 19], [22, 13, 23, 14]]"
12n_0332_93,"[[22, 13, 23, 14], [20, 15, 21, 16], [4, 17, 5, 18], [19, 10, 20, 11], [14, 21, 15, 22], [8, 23, 9, 24], [6, 1, 7, 2], [16, 3, 17, 4], [2, 5, 3, 6], [24, 7, 1, 8], [9, 13, 10, 12], [11, 18, 12, 19]]"
12n_0332_94,"[[11, 18, 12, 19], [22, 13, 23, 14], [20, 15, 21, 16], [4, 17, 5, 18], [19, 10, 20, 11], [14, 21, 15, 22], [8, 23, 9, 24], [6, 1, 7, 2], [16, 3, 17, 4], [2, 5, 3, 6], [24, 7, 1, 8], [9, 13, 10, 12]]"
12n_0332_95,"[[9, 13, 10, 12], [11, 18, 12, 19], [22, 13, 23, 14], [20, 15, 21, 16], [4, 17, 5, 18], [19, 10, 20, 11], [14, 21, 15, 22], [8, 23, 9, 24], [6, 1, 7, 2], [16, 3, 17, 4], [2, 5, 3, 6], [24, 7, 1, 8]]"
12n_0332_96,"[[1, 8, 2, 9], [10, 14, 11, 13], [12, 19, 13, 20], [23, 14, 24, 15], [21, 16, 22, 17], [5, 18, 6, 19], [20, 11, 21, 12], [15, 22, 16, 23], [9, 24, 10, 1], [7, 2, 8, 3], [17, 4, 18, 5], [3, 6, 4, 7]]"
12n_0332_97,"[[3, 6, 4, 7], [1, 8, 2, 9], [10, 14, 11, 13], [12, 19, 13, 20], [23, 14, 24, 15], [21, 16, 22, 17], [5, 18, 6, 19], [20, 11, 21, 12], [15, 22, 16, 23], [9, 24, 10, 1], [7, 2, 8, 3], [17, 4, 18, 5]]"
12n_0332_98,"[[17, 4, 18, 5], [3, 6, 4, 7], [1, 8, 2, 9], [10, 14, 11, 13], [12, 19, 13, 20], [23, 14, 24, 15], [21, 16, 22, 17], [5, 18, 6, 19], [20, 11, 21, 12], [15, 22, 16, 23], [9, 24, 10, 1], [7, 2, 8, 3]]"
12n_0332_99,"[[7, 2, 8, 3], [17, 4, 18, 5], [3, 6, 4, 7], [1, 8, 2, 9], [10, 14, 11, 13], [12, 19, 13, 20], [23, 14, 24, 15], [21, 16, 22, 17], [5, 18, 6, 19], [20, 11, 21, 12], [15, 22, 16, 23], [9, 24, 10, 1]]"
12n_0332_100,"[[9, 24, 10, 1], [7, 2, 8, 3], [17, 4, 18, 5], [3, 6, 4, 7], [1, 8, 2, 9], [10, 14, 11, 13], [12, 19, 13, 20], [23, 14, 24, 15], [21, 16, 22, 17], [5, 18, 6, 19], [20, 11, 21, 12], [15, 22, 16, 23]]"
12n_0332_101,"[[15, 22, 16, 23], [9, 24, 10, 1], [7, 2, 8, 3], [17, 4, 18, 5], [3, 6, 4, 7], [1, 8, 2, 9], [10, 14, 11, 13], [12, 19, 13, 20], [23, 14, 24, 15], [21, 16, 22, 17], [5, 18, 6, 19], [20, 11, 21, 12]]"
12n_0332_102,"[[20, 11, 21, 12], [15, 22, 16, 23], [9, 24, 10, 1], [7, 2, 8, 3], [17, 4, 18, 5], [3, 6, 4, 7], [1, 8, 2, 9], [10, 14, 11, 13], [12, 19, 13, 20], [23, 14, 24, 15], [21, 16, 22, 17], [5, 18, 6, 19]]"
12n_0332_103,"[[5, 18, 6, 19], [20, 11, 21, 12], [15, 22, 16, 23], [9, 24, 10, 1], [7, 2, 8, 3], [17, 4, 18, 5], [3, 6, 4, 7], [1, 8, 2, 9], [10, 14, 11, 13], [12, 19, 13, 20], [23, 14, 24, 15], [21, 16, 22, 17]]"
12n_0332_104,"[[21, 16, 22, 17], [5, 18, 6, 19], [20, 11, 21, 12], [15, 22, 16, 23], [9, 24, 10, 1], [7, 2, 8, 3], [17, 4, 18, 5], [3, 6, 4, 7], [1, 8, 2, 9], [10, 14, 11, 13], [12, 19, 13, 20], [23, 14, 24, 15]]"
12n_0332_105,"[[23, 14, 24, 15], [21, 16, 22, 17], [5, 18, 6, 19], [20, 11, 21, 12], [15, 22, 16, 23], [9, 24, 10, 1], [7, 2, 8, 3], [17, 4, 18, 5], [3, 6, 4, 7], [1, 8, 2, 9], [10, 14, 11, 13], [12, 19, 13, 20]]"
12n_0332_106,"[[12, 19, 13, 20], [23, 14, 24, 15], [21, 16, 22, 17], [5, 18, 6, 19], [20, 11, 21, 12], [15, 22, 16, 23], [9, 24, 10, 1], [7, 2, 8, 3], [17, 4, 18, 5], [3, 6, 4, 7], [1, 8, 2, 9], [10, 14, 11, 13]]"
12n_0332_107,"[[10, 14, 11, 13], [12, 19, 13, 20], [23, 14, 24, 15], [21, 16, 22, 17], [5, 18, 6, 19], [20, 11, 21, 12], [15, 22, 16, 23], [9, 24, 10, 1], [7, 2, 8, 3], [17, 4, 18, 5], [3, 6, 4, 7], [1, 8, 2, 9]]"
12n_0332_108,"[[2, 9, 3, 10], [11, 15, 12, 14], [13, 20, 14, 21], [24, 15, 1, 16], [22, 17, 23, 18], [6, 19, 7, 20], [21, 12, 22, 13], [16, 23, 17, 24], [10, 1, 11, 2], [8, 3, 9, 4], [18, 5, 19, 6], [4, 7, 5, 8]]"
12n_0332_109,"[[4, 7, 5, 8], [2, 9, 3, 10], [11, 15, 12, 14], [13, 20, 14, 21], [24, 15, 1, 16], [22, 17, 23, 18], [6, 19, 7, 20], [21, 12, 22, 13], [16, 23, 17, 24], [10, 1, 11, 2], [8, 3, 9, 4], [18, 5, 19, 6]]"
12n_0332_110,"[[18, 5, 19, 6], [4, 7, 5, 8], [2, 9, 3, 10], [11, 15, 12, 14], [13, 20, 14, 21], [24, 15, 1, 16], [22, 17, 23, 18], [6, 19, 7, 20], [21, 12, 22, 13], [16, 23, 17, 24], [10, 1, 11, 2], [8, 3, 9, 4]]"
12n_0332_111,"[[8, 3, 9, 4], [18, 5, 19, 6], [4, 7, 5, 8], [2, 9, 3, 10], [11, 15, 12, 14], [13, 20, 14, 21], [24, 15, 1, 16], [22, 17, 23, 18], [6, 19, 7, 20], [21, 12, 22, 13], [16, 23, 17, 24], [10, 1, 11, 2]]"
12n_0332_112,"[[10, 1, 11, 2], [8, 3, 9, 4], [18, 5, 19, 6], [4, 7, 5, 8], [2, 9, 3, 10], [11, 15, 12, 14], [13, 20, 14, 21], [24, 15, 1, 16], [22, 17, 23, 18], [6, 19, 7, 20], [21, 12, 22, 13], [16, 23, 17, 24]]"
12n_0332_113,"[[16, 23, 17, 24], [10, 1, 11, 2], [8, 3, 9, 4], [18, 5, 19, 6], [4, 7, 5, 8], [2, 9, 3, 10], [11, 15, 12, 14], [13, 20, 14, 21], [24, 15, 1, 16], [22, 17, 23, 18], [6, 19, 7, 20], [21, 12, 22, 13]]"
12n_0332_114,"[[21, 12, 22, 13], [16, 23, 17, 24], [10, 1, 11, 2], [8, 3, 9, 4], [18, 5, 19, 6], [4, 7, 5, 8], [2, 9, 3, 10], [11, 15, 12, 14], [13, 20, 14, 21], [24, 15, 1, 16], [22, 17, 23, 18], [6, 19, 7, 20]]"
12n_0332_115,"[[6, 19, 7, 20], [21, 12, 22, 13], [16, 23, 17, 24], [10, 1, 11, 2], [8, 3, 9, 4], [18, 5, 19, 6], [4, 7, 5, 8], [2, 9, 3, 10], [11, 15, 12, 14], [13, 20, 14, 21], [24, 15, 1, 16], [22, 17, 23, 18]]"
12n_0332_116,"[[22, 17, 23, 18], [6, 19, 7, 20], [21, 12, 22, 13], [16, 23, 17, 24], [10, 1, 11, 2], [8, 3, 9, 4], [18, 5, 19, 6], [4, 7, 5, 8], [2, 9, 3, 10], [11, 15, 12, 14], [13, 20, 14, 21], [24, 15, 1, 16]]"
12n_0332_117,"[[24, 15, 1, 16], [22, 17, 23, 18], [6, 19, 7, 20], [21, 12, 22, 13], [16, 23, 17, 24], [10, 1, 11, 2], [8, 3, 9, 4], [18, 5, 19, 6], [4, 7, 5, 8], [2, 9, 3, 10], [11, 15, 12, 14], [13, 20, 14, 21]]"
12n_0332_118,"[[13, 20, 14, 21], [24, 15, 1, 16], [22, 17, 23, 18], [6, 19, 7, 20], [21, 12, 22, 13], [16, 23, 17, 24], [10, 1, 11, 2], [8, 3, 9, 4], [18, 5, 19, 6], [4, 7, 5, 8], [2, 9, 3, 10], [11, 15, 12, 14]]"
12n_0332_119,"[[11, 15, 12, 14], [13, 20, 14, 21], [24, 15, 1, 16], [22, 17, 23, 18], [6, 19, 7, 20], [21, 12, 22, 13], [16, 23, 17, 24], [10, 1, 11, 2], [8, 3, 9, 4], [18, 5, 19, 6], [4, 7, 5, 8], [2, 9, 3, 10]]"
12n_0332_120,"[[3, 10, 4, 11], [12, 16, 13, 15], [14, 21, 15, 22], [1, 16, 2, 17], [23, 18, 24, 19], [7, 20, 8, 21], [22, 13, 23, 14], [17, 24, 18, 1], [11, 2, 12, 3], [9, 4, 10, 5], [19, 6, 20, 7], [5, 8, 6, 9]]"
12n_0332_121,"[[5, 8, 6, 9], [3, 10, 4, 11], [12, 16, 13, 15], [14, 21, 15, 22], [1, 16, 2, 17], [23, 18, 24, 19], [7, 20, 8, 21], [22, 13, 23, 14], [17, 24, 18, 1], [11, 2, 12, 3], [9, 4, 10, 5], [19, 6, 20, 7]]"
12n_0332_122,"[[19, 6, 20, 7], [5, 8, 6, 9], [3, 10, 4, 11], [12, 16, 13, 15], [14, 21, 15, 22], [1, 16, 2, 17], [23, 18, 24, 19], [7, 20, 8, 21], [22, 13, 23, 14], [17, 24, 18, 1], [11, 2, 12, 3], [9, 4, 10, 5]]"
12n_0332_123,"[[9, 4, 10, 5], [19, 6, 20, 7], [5, 8, 6, 9], [3, 10, 4, 11], [12, 16, 13, 15], [14, 21, 15, 22], [1, 16, 2, 17], [23, 18, 24, 19], [7, 20, 8, 21], [22, 13, 23, 14], [17, 24, 18, 1], [11, 2, 12, 3]]"
12n_0332_124,"[[11, 2, 12, 3], [9, 4, 10, 5], [19, 6, 20, 7], [5, 8, 6, 9], [3, 10, 4, 11], [12, 16, 13, 15], [14, 21, 15, 22], [1, 16, 2, 17], [23, 18, 24, 19], [7, 20, 8, 21], [22, 13, 23, 14], [17, 24, 18, 1]]"
12n_0332_125,"[[17, 24, 18, 1], [11, 2, 12, 3], [9, 4, 10, 5], [19, 6, 20, 7], [5, 8, 6, 9], [3, 10, 4, 11], [12, 16, 13, 15], [14, 21, 15, 22], [1, 16, 2, 17], [23, 18, 24, 19], [7, 20, 8, 21], [22, 13, 23, 14]]"
12n_0332_126,"[[22, 13, 23, 14], [17, 24, 18, 1], [11, 2, 12, 3], [9, 4, 10, 5], [19, 6, 20, 7], [5, 8, 6, 9], [3, 10, 4, 11], [12, 16, 13, 15], [14, 21, 15, 22], [1, 16, 2, 17], [23, 18, 24, 19], [7, 20, 8, 21]]"
12n_0332_127,"[[7, 20, 8, 21], [22, 13, 23, 14], [17, 24, 18, 1], [11, 2, 12, 3], [9, 4, 10, 5], [19, 6, 20, 7], [5, 8, 6, 9], [3, 10, 4, 11], [12, 16, 13, 15], [14, 21, 15, 22], [1, 16, 2, 17], [23, 18, 24, 19]]"
12n_0332_128,"[[23, 18, 24, 19], [7, 20, 8, 21], [22, 13, 23, 14], [17, 24, 18, 1], [11, 2, 12, 3], [9, 4, 10, 5], [19, 6, 20, 7], [5, 8, 6, 9], [3, 10, 4, 11], [12, 16, 13, 15], [14, 21, 15, 22], [1, 16, 2, 17]]"
12n_0332_129,"[[1, 16, 2, 17], [23, 18, 24, 19], [7, 20, 8, 21], [22, 13, 23, 14], [17, 24, 18, 1], [11, 2, 12, 3], [9, 4, 10, 5], [19, 6, 20, 7], [5, 8, 6, 9], [3, 10, 4, 11], [12, 16, 13, 15], [14, 21, 15, 22]]"
12n_0332_130,"[[14, 21, 15, 22], [1, 16, 2, 17], [23, 18, 24, 19], [7, 20, 8, 21], [22, 13, 23, 14], [17, 24, 18, 1], [11, 2, 12, 3], [9, 4, 10, 5], [19, 6, 20, 7], [5, 8, 6, 9], [3, 10, 4, 11], [12, 16, 13, 15]]"
12n_0332_131,"[[12, 16, 13, 15], [14, 21, 15, 22], [1, 16, 2, 17], [23, 18, 24, 19], [7, 20, 8, 21], [22, 13, 23, 14], [17, 24, 18, 1], [11, 2, 12, 3], [9, 4, 10, 5], [19, 6, 20, 7], [5, 8, 6, 9], [3, 10, 4, 11]]"
12n_0332_132,"[[4, 11, 5, 12], [13, 17, 14, 16], [15, 22, 16, 23], [2, 17, 3, 18], [24, 19, 1, 20], [8, 21, 9, 22], [23, 14, 24, 15], [18, 1, 19, 2], [12, 3, 13, 4], [10, 5, 11, 6], [20, 7, 21, 8], [6, 9, 7, 10]]"
12n_0332_133,"[[6, 9, 7, 10], [4, 11, 5, 12], [13, 17, 14, 16], [15, 22, 16, 23], [2, 17, 3, 18], [24, 19, 1, 20], [8, 21, 9, 22], [23, 14, 24, 15], [18, 1, 19, 2], [12, 3, 13, 4], [10, 5, 11, 6], [20, 7, 21, 8]]"
12n_0332_134,"[[20, 7, 21, 8], [6, 9, 7, 10], [4, 11, 5, 12], [13, 17, 14, 16], [15, 22, 16, 23], [2, 17, 3, 18], [24, 19, 1, 20], [8, 21, 9, 22], [23, 14, 24, 15], [18, 1, 19, 2], [12, 3, 13, 4], [10, 5, 11, 6]]"
12n_0332_135,"[[10, 5, 11, 6], [20, 7, 21, 8], [6, 9, 7, 10], [4, 11, 5, 12], [13, 17, 14, 16], [15, 22, 16, 23], [2, 17, 3, 18], [24, 19, 1, 20], [8, 21, 9, 22], [23, 14, 24, 15], [18, 1, 19, 2], [12, 3, 13, 4]]"
12n_0332_136,"[[12, 3, 13, 4], [10, 5, 11, 6], [20, 7, 21, 8], [6, 9, 7, 10], [4, 11, 5, 12], [13, 17, 14, 16], [15, 22, 16, 23], [2, 17, 3, 18], [24, 19, 1, 20], [8, 21, 9, 22], [23, 14, 24, 15], [18, 1, 19, 2]]"
12n_0332_137,"[[18, 1, 19, 2], [12, 3, 13, 4], [10, 5, 11, 6], [20, 7, 21, 8], [6, 9, 7, 10], [4, 11, 5, 12], [13, 17, 14, 16], [15, 22, 16, 23], [2, 17, 3, 18], [24, 19, 1, 20], [8, 21, 9, 22], [23, 14, 24, 15]]"
12n_0332_138,"[[23, 14, 24, 15], [18, 1, 19, 2], [12, 3, 13, 4], [10, 5, 11, 6], [20, 7, 21, 8], [6, 9, 7, 10], [4, 11, 5, 12], [13, 17, 14, 16], [15, 22, 16, 23], [2, 17, 3, 18], [24, 19, 1, 20], [8, 21, 9, 22]]"
12n_0332_139,"[[8, 21, 9, 22], [23, 14, 24, 15], [18, 1, 19, 2], [12, 3, 13, 4], [10, 5, 11, 6], [20, 7, 21, 8], [6, 9, 7, 10], [4, 11, 5, 12], [13, 17, 14, 16], [15, 22, 16, 23], [2, 17, 3, 18], [24, 19, 1, 20]]"
12n_0332_140,"[[24, 19, 1, 20], [8, 21, 9, 22], [23, 14, 24, 15], [18, 1, 19, 2], [12, 3, 13, 4], [10, 5, 11, 6], [20, 7, 21, 8], [6, 9, 7, 10], [4, 11, 5, 12], [13, 17, 14, 16], [15, 22, 16, 23], [2, 17, 3, 18]]"
12n_0332_141,"[[2, 17, 3, 18], [24, 19, 1, 20], [8, 21, 9, 22], [23, 14, 24, 15], [18, 1, 19, 2], [12, 3, 13, 4], [10, 5, 11, 6], [20, 7, 21, 8], [6, 9, 7, 10], [4, 11, 5, 12], [13, 17, 14, 16], [15, 22, 16, 23]]"
12n_0332_142,"[[15, 22, 16, 23], [2, 17, 3, 18], [24, 19, 1, 20], [8, 21, 9, 22], [23, 14, 24, 15], [18, 1, 19, 2], [12, 3, 13, 4], [10, 5, 11, 6], [20, 7, 21, 8], [6, 9, 7, 10], [4, 11, 5, 12], [13, 17, 14, 16]]"
12n_0332_143,"[[13, 17, 14, 16], [15, 22, 16, 23], [2, 17, 3, 18], [24, 19, 1, 20], [8, 21, 9, 22], [23, 14, 24, 15], [18, 1, 19, 2], [12, 3, 13, 4], [10, 5, 11, 6], [20, 7, 21, 8], [6, 9, 7, 10], [4, 11, 5, 12]]"
12n_0332_144,"[[5, 12, 6, 13], [14, 18, 15, 17], [16, 23, 17, 24], [3, 18, 4, 19], [1, 20, 2, 21], [9, 22, 10, 23], [24, 15, 1, 16], [19, 2, 20, 3], [13, 4, 14, 5], [11, 6, 12, 7], [21, 8, 22, 9], [7, 10, 8, 11]]"
12n_0332_145,"[[7, 10, 8, 11], [5, 12, 6, 13], [14, 18, 15, 17], [16, 23, 17, 24], [3, 18, 4, 19], [1, 20, 2, 21], [9, 22, 10, 23], [24, 15, 1, 16], [19, 2, 20, 3], [13, 4, 14, 5], [11, 6, 12, 7], [21, 8, 22, 9]]"
12n_0332_146,"[[21, 8, 22, 9], [7, 10, 8, 11], [5, 12, 6, 13], [14, 18, 15, 17], [16, 23, 17, 24], [3, 18, 4, 19], [1, 20, 2, 21], [9, 22, 10, 23], [24, 15, 1, 16], [19, 2, 20, 3], [13, 4, 14, 5], [11, 6, 12, 7]]"
12n_0332_147,"[[11, 6, 12, 7], [21, 8, 22, 9], [7, 10, 8, 11], [5, 12, 6, 13], [14, 18, 15, 17], [16, 23, 17, 24], [3, 18, 4, 19], [1, 20, 2, 21], [9, 22, 10, 23], [24, 15, 1, 16], [19, 2, 20, 3], [13, 4, 14, 5]]"
12n_0332_148,"[[13, 4, 14, 5], [11, 6, 12, 7], [21, 8, 22, 9], [7, 10, 8, 11], [5, 12, 6, 13], [14, 18, 15, 17], [16, 23, 17, 24], [3, 18, 4, 19], [1, 20, 2, 21], [9, 22, 10, 23], [24, 15, 1, 16], [19, 2, 20, 3]]"
12n_0332_149,"[[19, 2, 20, 3], [13, 4, 14, 5], [11, 6, 12, 7], [21, 8, 22, 9], [7, 10, 8, 11], [5, 12, 6, 13], [14, 18, 15, 17], [16, 23, 17, 24], [3, 18, 4, 19], [1, 20, 2, 21], [9, 22, 10, 23], [24, 15, 1, 16]]"
12n_0332_150,"[[24, 15, 1, 16], [19, 2, 20, 3], [13, 4, 14, 5], [11, 6, 12, 7], [21, 8, 22, 9], [7, 10, 8, 11], [5, 12, 6, 13], [14, 18, 15, 17], [16, 23, 17, 24], [3, 18, 4, 19], [1, 20, 2, 21], [9, 22, 10, 23]]"
12n_0332_151,"[[9, 22, 10, 23], [24, 15, 1, 16], [19, 2, 20, 3], [13, 4, 14, 5], [11, 6, 12, 7], [21, 8, 22, 9], [7, 10, 8, 11], [5, 12, 6, 13], [14, 18, 15, 17], [16, 23, 17, 24], [3, 18, 4, 19], [1, 20, 2, 21]]"
12n_0332_152,"[[1, 20, 2, 21], [9, 22, 10, 23], [24, 15, 1, 16], [19, 2, 20, 3], [13, 4, 14, 5], [11, 6, 12, 7], [21, 8, 22, 9], [7, 10, 8, 11], [5, 12, 6, 13], [14, 18, 15, 17], [16, 23, 17, 24], [3, 18, 4, 19]]"
12n_0332_153,"[[3, 18, 4, 19], [1, 20, 2, 21], [9, 22, 10, 23], [24, 15, 1, 16], [19, 2, 20, 3], [13, 4, 14, 5], [11, 6, 12, 7], [21, 8, 22, 9], [7, 10, 8, 11], [5, 12, 6, 13], [14, 18, 15, 17], [16, 23, 17, 24]]"
12n_0332_154,"[[16, 23, 17, 24], [3, 18, 4, 19], [1, 20, 2, 21], [9, 22, 10, 23], [24, 15, 1, 16], [19, 2, 20, 3], [13, 4, 14, 5], [11, 6, 12, 7], [21, 8, 22, 9], [7, 10, 8, 11], [5, 12, 6, 13], [14, 18, 15, 17]]"
12n_0332_155,"[[14, 18, 15, 17], [16, 23, 17, 24], [3, 18, 4, 19], [1, 20, 2, 21], [9, 22, 10, 23], [24, 15, 1, 16], [19, 2, 20, 3], [13, 4, 14, 5], [11, 6, 12, 7], [21, 8, 22, 9], [7, 10, 8, 11], [5, 12, 6, 13]]"
12n_0332_156,"[[6, 13, 7, 14], [15, 19, 16, 18], [17, 24, 18, 1], [4, 19, 5, 20], [2, 21, 3, 22], [10, 23, 11, 24], [1, 16, 2, 17], [20, 3, 21, 4], [14, 5, 15, 6], [12, 7, 13, 8], [22, 9, 23, 10], [8, 11, 9, 12]]"
12n_0332_157,"[[8, 11, 9, 12], [6, 13, 7, 14], [15, 19, 16, 18], [17, 24, 18, 1], [4, 19, 5, 20], [2, 21, 3, 22], [10, 23, 11, 24], [1, 16, 2, 17], [20, 3, 21, 4], [14, 5, 15, 6], [12, 7, 13, 8], [22, 9, 23, 10]]"
12n_0332_158,"[[22, 9, 23, 10], [8, 11, 9, 12], [6, 13, 7, 14], [15, 19, 16, 18], [17, 24, 18, 1], [4, 19, 5, 20], [2, 21, 3, 22], [10, 23, 11, 24], [1, 16, 2, 17], [20, 3, 21, 4], [14, 5, 15, 6], [12, 7, 13, 8]]"
12n_0332_159,"[[12, 7, 13, 8], [22, 9, 23, 10], [8, 11, 9, 12], [6, 13, 7, 14], [15, 19, 16, 18], [17, 24, 18, 1], [4, 19, 5, 20], [2, 21, 3, 22], [10, 23, 11, 24], [1, 16, 2, 17], [20, 3, 21, 4], [14, 5, 15, 6]]"
12n_0332_160,"[[14, 5, 15, 6], [12, 7, 13, 8], [22, 9, 23, 10], [8, 11, 9, 12], [6, 13, 7, 14], [15, 19, 16, 18], [17, 24, 18, 1], [4, 19, 5, 20], [2, 21, 3, 22], [10, 23, 11, 24], [1, 16, 2, 17], [20, 3, 21, 4]]"
12n_0332_161,"[[20, 3, 21, 4], [14, 5, 15, 6], [12, 7, 13, 8], [22, 9, 23, 10], [8, 11, 9, 12], [6, 13, 7, 14], [15, 19, 16, 18], [17, 24, 18, 1], [4, 19, 5, 20], [2, 21, 3, 22], [10, 23, 11, 24], [1, 16, 2, 17]]"
12n_0332_162,"[[1, 16, 2, 17], [20, 3, 21, 4], [14, 5, 15, 6], [12, 7, 13, 8], [22, 9, 23, 10], [8, 11, 9, 12], [6, 13, 7, 14], [15, 19, 16, 18], [17, 24, 18, 1], [4, 19, 5, 20], [2, 21, 3, 22], [10, 23, 11, 24]]"
12n_0332_163,"[[10, 23, 11, 24], [1, 16, 2, 17], [20, 3, 21, 4], [14, 5, 15, 6], [12, 7, 13, 8], [22, 9, 23, 10], [8, 11, 9, 12], [6, 13, 7, 14], [15, 19, 16, 18], [17, 24, 18, 1], [4, 19, 5, 20], [2, 21, 3, 22]]"
12n_0332_164,"[[2, 21, 3, 22], [10, 23, 11, 24], [1, 16, 2, 17], [20, 3, 21, 4], [14, 5, 15, 6], [12, 7, 13, 8], [22, 9, 23, 10], [8, 11, 9, 12], [6, 13, 7, 14], [15, 19, 16, 18], [17, 24, 18, 1], [4, 19, 5, 20]]"
12n_0332_165,"[[4, 19, 5, 20], [2, 21, 3, 22], [10, 23, 11, 24], [1, 16, 2, 17], [20, 3, 21, 4], [14, 5, 15, 6], [12, 7, 13, 8], [22, 9, 23, 10], [8, 11, 9, 12], [6, 13, 7, 14], [15, 19, 16, 18], [17, 24, 18, 1]]"
12n_0332_166,"[[17, 24, 18, 1], [4, 19, 5, 20], [2, 21, 3, 22], [10, 23, 11, 24], [1, 16, 2, 17], [20, 3, 21, 4], [14, 5, 15, 6], [12, 7, 13, 8], [22, 9, 23, 10], [8, 11, 9, 12], [6, 13, 7, 14], [15, 19, 16, 18]]"
12n_0332_167,"[[15, 19, 16, 18], [17, 24, 18, 1], [4, 19, 5, 20], [2, 21, 3, 22], [10, 23, 11, 24], [1, 16, 2, 17], [20, 3, 21, 4], [14, 5, 15, 6], [12, 7, 13, 8], [22, 9, 23, 10], [8, 11, 9, 12], [6, 13, 7, 14]]"
12n_0332_168,"[[7, 14, 8, 15], [16, 20, 17, 19], [18, 1, 19, 2], [5, 20, 6, 21], [3, 22, 4, 23], [11, 24, 12, 1], [2, 17, 3, 18], [21, 4, 22, 5], [15, 6, 16, 7], [13, 8, 14, 9], [23, 10, 24, 11], [9, 12, 10, 13]]"
12n_0332_169,"[[9, 12, 10, 13], [7, 14, 8, 15], [16, 20, 17, 19], [18, 1, 19, 2], [5, 20, 6, 21], [3, 22, 4, 23], [11, 24, 12, 1], [2, 17, 3, 18], [21, 4, 22, 5], [15, 6, 16, 7], [13, 8, 14, 9], [23, 10, 24, 11]]"
12n_0332_170,"[[23, 10, 24, 11], [9, 12, 10, 13], [7, 14, 8, 15], [16, 20, 17, 19], [18, 1, 19, 2], [5, 20, 6, 21], [3, 22, 4, 23], [11, 24, 12, 1], [2, 17, 3, 18], [21, 4, 22, 5], [15, 6, 16, 7], [13, 8, 14, 9]]"
12n_0332_171,"[[13, 8, 14, 9], [23, 10, 24, 11], [9, 12, 10, 13], [7, 14, 8, 15], [16, 20, 17, 19], [18, 1, 19, 2], [5, 20, 6, 21], [3, 22, 4, 23], [11, 24, 12, 1], [2, 17, 3, 18], [21, 4, 22, 5], [15, 6, 16, 7]]"
12n_0332_172,"[[15, 6, 16, 7], [13, 8, 14, 9], [23, 10, 24, 11], [9, 12, 10, 13], [7, 14, 8, 15], [16, 20, 17, 19], [18, 1, 19, 2], [5, 20, 6, 21], [3, 22, 4, 23], [11, 24, 12, 1], [2, 17, 3, 18], [21, 4, 22, 5]]"
12n_0332_173,"[[21, 4, 22, 5], [15, 6, 16, 7], [13, 8, 14, 9], [23, 10, 24, 11], [9, 12, 10, 13], [7, 14, 8, 15], [16, 20, 17, 19], [18, 1, 19, 2], [5, 20, 6, 21], [3, 22, 4, 23], [11, 24, 12, 1], [2, 17, 3, 18]]"
12n_0332_174,"[[2, 17, 3, 18], [21, 4, 22, 5], [15, 6, 16, 7], [13, 8, 14, 9], [23, 10, 24, 11], [9, 12, 10, 13], [7, 14, 8, 15], [16, 20, 17, 19], [18, 1, 19, 2], [5, 20, 6, 21], [3, 22, 4, 23], [11, 24, 12, 1]]"
12n_0332_175,"[[11, 24, 12, 1], [2, 17, 3, 18], [21, 4, 22, 5], [15, 6, 16, 7], [13, 8, 14, 9], [23, 10, 24, 11], [9, 12, 10, 13], [7, 14, 8, 15], [16, 20, 17, 19], [18, 1, 19, 2], [5, 20, 6, 21], [3, 22, 4, 23]]"
12n_0332_176,"[[3, 22, 4, 23], [11, 24, 12, 1], [2, 17, 3, 18], [21, 4, 22, 5], [15, 6, 16, 7], [13, 8, 14, 9], [23, 10, 24, 11], [9, 12, 10, 13], [7, 14, 8, 15], [16, 20, 17, 19], [18, 1, 19, 2], [5, 20, 6, 21]]"
12n_0332_177,"[[5, 20, 6, 21], [3, 22, 4, 23], [11, 24, 12, 1], [2, 17, 3, 18], [21, 4, 22, 5], [15, 6, 16, 7], [13, 8, 14, 9], [23, 10, 24, 11], [9, 12, 10, 13], [7, 14, 8, 15], [16, 20, 17, 19], [18, 1, 19, 2]]"
12n_0332_178,"[[18, 1, 19, 2], [5, 20, 6, 21], [3, 22, 4, 23], [11, 24, 12, 1], [2, 17, 3, 18], [21, 4, 22, 5], [15, 6, 16, 7], [13, 8, 14, 9], [23, 10, 24, 11], [9, 12, 10, 13], [7, 14, 8, 15], [16, 20, 17, 19]]"
12n_0332_179,"[[16, 20, 17, 19], [18, 1, 19, 2], [5, 20, 6, 21], [3, 22, 4, 23], [11, 24, 12, 1], [2, 17, 3, 18], [21, 4, 22, 5], [15, 6, 16, 7], [13, 8, 14, 9], [23, 10, 24, 11], [9, 12, 10, 13], [7, 14, 8, 15]]"
12n_0332_180,"[[8, 15, 9, 16], [17, 21, 18, 20], [19, 2, 20, 3], [6, 21, 7, 22], [4, 23, 5, 24], [12, 1, 13, 2], [3, 18, 4, 19], [22, 5, 23, 6], [16, 7, 17, 8], [14, 9, 15, 10], [24, 11, 1, 12], [10, 13, 11, 14]]"
12n_0332_181,"[[10, 13, 11, 14], [8, 15, 9, 16], [17, 21, 18, 20], [19, 2, 20, 3], [6, 21, 7, 22], [4, 23, 5, 24], [12, 1, 13, 2], [3, 18, 4, 19], [22, 5, 23, 6], [16, 7, 17, 8], [14, 9, 15, 10], [24, 11, 1, 12]]"
12n_0332_182,"[[24, 11, 1, 12], [10, 13, 11, 14], [8, 15, 9, 16], [17, 21, 18, 20], [19, 2, 20, 3], [6, 21, 7, 22], [4, 23, 5, 24], [12, 1, 13, 2], [3, 18, 4, 19], [22, 5, 23, 6], [16, 7, 17, 8], [14, 9, 15, 10]]"
12n_0332_183,"[[14, 9, 15, 10], [24, 11, 1, 12], [10, 13, 11, 14], [8, 15, 9, 16], [17, 21, 18, 20], [19, 2, 20, 3], [6, 21, 7, 22], [4, 23, 5, 24], [12, 1, 13, 2], [3, 18, 4, 19], [22, 5, 23, 6], [16, 7, 17, 8]]"
12n_0332_184,"[[16, 7, 17, 8], [14, 9, 15, 10], [24, 11, 1, 12], [10, 13, 11, 14], [8, 15, 9, 16], [17, 21, 18, 20], [19, 2, 20, 3], [6, 21, 7, 22], [4, 23, 5, 24], [12, 1, 13, 2], [3, 18, 4, 19], [22, 5, 23, 6]]"
12n_0332_185,"[[22, 5, 23, 6], [16, 7, 17, 8], [14, 9, 15, 10], [24, 11, 1, 12], [10, 13, 11, 14], [8, 15, 9, 16], [17, 21, 18, 20], [19, 2, 20, 3], [6, 21, 7, 22], [4, 23, 5, 24], [12, 1, 13, 2], [3, 18, 4, 19]]"
