name,pd_notation
12n_0842_0,"[[24, 9, 1, 10], [2, 8, 3, 7], [4, 14, 5, 13], [6, 11, 7, 12], [8, 20, 9, 19], [10, 21, 11, 22], [12, 18, 13, 17], [23, 14, 24, 15], [16, 6, 17, 5], [18, 3, 19, 4], [20, 2, 21, 1], [15, 22, 16, 23]]"
12n_0842_1,"[[15, 22, 16, 23], [24, 9, 1, 10], [2, 8, 3, 7], [4, 14, 5, 13], [6, 11, 7, 12], [8, 20, 9, 19], [10, 21, 11, 22], [12, 18, 13, 17], [23, 14, 24, 15], [16, 6, 17, 5], [18, 3, 19, 4], [20, 2, 21, 1]]"
12n_0842_2,"[[20, 2, 21, 1], [15, 22, 16, 23], [24, 9, 1, 10], [2, 8, 3, 7], [4, 14, 5, 13], [6, 11, 7, 12], [8, 20, 9, 19], [10, 21, 11, 22], [12, 18, 13, 17], [23, 14, 24, 15], [16, 6, 17, 5], [18, 3, 19, 4]]"
12n_0842_3,"[[18, 3, 19, 4], [20, 2, 21, 1], [15, 22, 16, 23], [24, 9, 1, 10], [2, 8, 3, 7], [4, 14, 5, 13], [6, 11, 7, 12], [8, 20, 9, 19], [10, 21, 11, 22], [12, 18, 13, 17], [23, 14, 24, 15], [16, 6, 17, 5]]"
12n_0842_4,"[[16, 6, 17, 5], [18, 3, 19, 4], [20, 2, 21, 1], [15, 22, 16, 23], [24, 9, 1, 10], [2, 8, 3, 7], [4, 14, 5, 13], [6, 11, 7, 12], [8, 20, 9, 19], [10, 21, 11, 22], [12, 18, 13, 17], [23, 14, 24, 15]]"
12n_0842_5,"[[23, 14, 24, 15], [16, 6, 17, 5], [18, 3, 19, 4], [20, 2, 21, 1], [15, 22, 16, 23], [24, 9, 1, 10], [2, 8, 3, 7], [4, 14, 5, 13], [6, 11, 7, 12], [8, 20, 9, 19], [10, 21, 11, 22], [12, 18, 13, 17]]"
12n_0842_6,"[[12, 18, 13, 17], [23, 14, 24, 15], [16, 6, 17, 5], [18, 3, 19, 4], [20, 2, 21, 1], [15, 22, 16, 23], [24, 9, 1, 10], [2, 8, 3, 7], [4, 14, 5, 13], [6, 11, 7, 12], [8, 20, 9, 19], [10, 21, 11, 22]]"
12n_0842_7,"[[10, 21, 11, 22], [12, 18, 13, 17], [23, 14, 24, 15], [16, 6, 17, 5], [18, 3, 19, 4], [20, 2, 21, 1], [15, 22, 16, 23], [24, 9, 1, 10], [2, 8, 3, 7], [4, 14, 5, 13], [6, 11, 7, 12], [8, 20, 9, 19]]"
12n_0842_8,"[[8, 20, 9, 19], [10, 21, 11, 22], [12, 18, 13, 17], [23, 14, 24, 15], [16, 6, 17, 5], [18, 3, 19, 4], [20, 2, 21, 1], [15, 22, 16, 23], [24, 9, 1, 10], [2, 8, 3, 7], [4, 14, 5, 13], [6, 11, 7, 12]]"
12n_0842_9,"[[6, 11, 7, 12], [8, 20, 9, 19], [10, 21, 11, 22], [12, 18, 13, 17], [23, 14, 24, 15], [16, 6, 17, 5], [18, 3, 19, 4], [20, 2, 21, 1], [15, 22, 16, 23], [24, 9, 1, 10], [2, 8, 3, 7], [4, 14, 5, 13]]"
12n_0842_10,"[[4, 14, 5, 13], [6, 11, 7, 12], [8, 20, 9, 19], [10, 21, 11, 22], [12, 18, 13, 17], [23, 14, 24, 15], [16, 6, 17, 5], [18, 3, 19, 4], [20, 2, 21, 1], [15, 22, 16, 23], [24, 9, 1, 10], [2, 8, 3, 7]]"
12n_0842_11,"[[2, 8, 3, 7], [4, 14, 5, 13], [6, 11, 7, 12], [8, 20, 9, 19], [10, 21, 11, 22], [12, 18, 13, 17], [23, 14, 24, 15], [16, 6, 17, 5], [18, 3, 19, 4], [20, 2, 21, 1], [15, 22, 16, 23], [24, 9, 1, 10]]"
12n_0842_12,"[[1, 10, 2, 11], [3, 9, 4, 8], [5, 15, 6, 14], [7, 12, 8, 13], [9, 21, 10, 20], [11, 22, 12, 23], [13, 19, 14, 18], [24, 15, 1, 16], [17, 7, 18, 6], [19, 4, 20, 5], [21, 3, 22, 2], [16, 23, 17, 24]]"
12n_0842_13,"[[16, 23, 17, 24], [1, 10, 2, 11], [3, 9, 4, 8], [5, 15, 6, 14], [7, 12, 8, 13], [9, 21, 10, 20], [11, 22, 12, 23], [13, 19, 14, 18], [24, 15, 1, 16], [17, 7, 18, 6], [19, 4, 20, 5], [21, 3, 22, 2]]"
12n_0842_14,"[[21, 3, 22, 2], [16, 23, 17, 24], [1, 10, 2, 11], [3, 9, 4, 8], [5, 15, 6, 14], [7, 12, 8, 13], [9, 21, 10, 20], [11, 22, 12, 23], [13, 19, 14, 18], [24, 15, 1, 16], [17, 7, 18, 6], [19, 4, 20, 5]]"
12n_0842_15,"[[19, 4, 20, 5], [21, 3, 22, 2], [16, 23, 17, 24], [1, 10, 2, 11], [3, 9, 4, 8], [5, 15, 6, 14], [7, 12, 8, 13], [9, 21, 10, 20], [11, 22, 12, 23], [13, 19, 14, 18], [24, 15, 1, 16], [17, 7, 18, 6]]"
12n_0842_16,"[[17, 7, 18, 6], [19, 4, 20, 5], [21, 3, 22, 2], [16, 23, 17, 24], [1, 10, 2, 11], [3, 9, 4, 8], [5, 15, 6, 14], [7, 12, 8, 13], [9, 21, 10, 20], [11, 22, 12, 23], [13, 19, 14, 18], [24, 15, 1, 16]]"
12n_0842_17,"[[24, 15, 1, 16], [17, 7, 18, 6], [19, 4, 20, 5], [21, 3, 22, 2], [16, 23, 17, 24], [1, 10, 2, 11], [3, 9, 4, 8], [5, 15, 6, 14], [7, 12, 8, 13], [9, 21, 10, 20], [11, 22, 12, 23], [13, 19, 14, 18]]"
12n_0842_18,"[[13, 19, 14, 18], [24, 15, 1, 16], [17, 7, 18, 6], [19, 4, 20, 5], [21, 3, 22, 2], [16, 23, 17, 24], [1, 10, 2, 11], [3, 9, 4, 8], [5, 15, 6, 14], [7, 12, 8, 13], [9, 21, 10, 20], [11, 22, 12, 23]]"
12n_0842_19,"[[11, 22, 12, 23], [13, 19, 14, 18], [24, 15, 1, 16], [17, 7, 18, 6], [19, 4, 20, 5], [21, 3, 22, 2], [16, 23, 17, 24], [1, 10, 2, 11], [3, 9, 4, 8], [5, 15, 6, 14], [7, 12, 8, 13], [9, 21, 10, 20]]"
12n_0842_20,"[[9, 21, 10, 20], [11, 22, 12, 23], [13, 19, 14, 18], [24, 15, 1, 16], [17, 7, 18, 6], [19, 4, 20, 5], [21, 3, 22, 2], [16, 23, 17, 24], [1, 10, 2, 11], [3, 9, 4, 8], [5, 15, 6, 14], [7, 12, 8, 13]]"
12n_0842_21,"[[7, 12, 8, 13], [9, 21, 10, 20], [11, 22, 12, 23], [13, 19, 14, 18], [24, 15, 1, 16], [17, 7, 18, 6], [19, 4, 20, 5], [21, 3, 22, 2], [16, 23, 17, 24], [1, 10, 2, 11], [3, 9, 4, 8], [5, 15, 6, 14]]"
12n_0842_22,"[[5, 15, 6, 14], [7, 12, 8, 13], [9, 21, 10, 20], [11, 22, 12, 23], [13, 19, 14, 18], [24, 15, 1, 16], [17, 7, 18, 6], [19, 4, 20, 5], [21, 3, 22, 2], [16, 23, 17, 24], [1, 10, 2, 11], [3, 9, 4, 8]]"
12n_0842_23,"[[3, 9, 4, 8], [5, 15, 6, 14], [7, 12, 8, 13], [9, 21, 10, 20], [11, 22, 12, 23], [13, 19, 14, 18], [24, 15, 1, 16], [17, 7, 18, 6], [19, 4, 20, 5], [21, 3, 22, 2], [16, 23, 17, 24], [1, 10, 2, 11]]"
12n_0842_24,"[[2, 11, 3, 12], [4, 10, 5, 9], [6, 16, 7, 15], [8, 13, 9, 14], [10, 22, 11, 21], [12, 23, 13, 24], [14, 20, 15, 19], [1, 16, 2, 17], [18, 8, 19, 7], [20, 5, 21, 6], [22, 4, 23, 3], [17, 24, 18, 1]]"
12n_0842_25,"[[17, 24, 18, 1], [2, 11, 3, 12], [4, 10, 5, 9], [6, 16, 7, 15], [8, 13, 9, 14], [10, 22, 11, 21], [12, 23, 13, 24], [14, 20, 15, 19], [1, 16, 2, 17], [18, 8, 19, 7], [20, 5, 21, 6], [22, 4, 23, 3]]"
12n_0842_26,"[[22, 4, 23, 3], [17, 24, 18, 1], [2, 11, 3, 12], [4, 10, 5, 9], [6, 16, 7, 15], [8, 13, 9, 14], [10, 22, 11, 21], [12, 23, 13, 24], [14, 20, 15, 19], [1, 16, 2, 17], [18, 8, 19, 7], [20, 5, 21, 6]]"
12n_0842_27,"[[20, 5, 21, 6], [22, 4, 23, 3], [17, 24, 18, 1], [2, 11, 3, 12], [4, 10, 5, 9], [6, 16, 7, 15], [8, 13, 9, 14], [10, 22, 11, 21], [12, 23, 13, 24], [14, 20, 15, 19], [1, 16, 2, 17], [18, 8, 19, 7]]"
12n_0842_28,"[[18, 8, 19, 7], [20, 5, 21, 6], [22, 4, 23, 3], [17, 24, 18, 1], [2, 11, 3, 12], [4, 10, 5, 9], [6, 16, 7, 15], [8, 13, 9, 14], [10, 22, 11, 21], [12, 23, 13, 24], [14, 20, 15, 19], [1, 16, 2, 17]]"
12n_0842_29,"[[1, 16, 2, 17], [18, 8, 19, 7], [20, 5, 21, 6], [22, 4, 23, 3], [17, 24, 18, 1], [2, 11, 3, 12], [4, 10, 5, 9], [6, 16, 7, 15], [8, 13, 9, 14], [10, 22, 11, 21], [12, 23, 13, 24], [14, 20, 15, 19]]"
12n_0842_30,"[[14, 20, 15, 19], [1, 16, 2, 17], [18, 8, 19, 7], [20, 5, 21, 6], [22, 4, 23, 3], [17, 24, 18, 1], [2, 11, 3, 12], [4, 10, 5, 9], [6, 16, 7, 15], [8, 13, 9, 14], [10, 22, 11, 21], [12, 23, 13, 24]]"
12n_0842_31,"[[12, 23, 13, 24], [14, 20, 15, 19], [1, 16, 2, 17], [18, 8, 19, 7], [20, 5, 21, 6], [22, 4, 23, 3], [17, 24, 18, 1], [2, 11, 3, 12], [4, 10, 5, 9], [6, 16, 7, 15], [8, 13, 9, 14], [10, 22, 11, 21]]"
12n_0842_32,"[[10, 22, 11, 21], [12, 23, 13, 24], [14, 20, 15, 19], [1, 16, 2, 17], [18, 8, 19, 7], [20, 5, 21, 6], [22, 4, 23, 3], [17, 24, 18, 1], [2, 11, 3, 12], [4, 10, 5, 9], [6, 16, 7, 15], [8, 13, 9, 14]]"
12n_0842_33,"[[8, 13, 9, 14], [10, 22, 11, 21], [12, 23, 13, 24], [14, 20, 15, 19], [1, 16, 2, 17], [18, 8, 19, 7], [20, 5, 21, 6], [22, 4, 23, 3], [17, 24, 18, 1], [2, 11, 3, 12], [4, 10, 5, 9], [6, 16, 7, 15]]"
12n_0842_34,"[[6, 16, 7, 15], [8, 13, 9, 14], [10, 22, 11, 21], [12, 23, 13, 24], [14, 20, 15, 19], [1, 16, 2, 17], [18, 8, 19, 7], [20, 5, 21, 6], [22, 4, 23, 3], [17, 24, 18, 1], [2, 11, 3, 12], [4, 10, 5, 9]]"
12n_0842_35,"[[4, 10, 5, 9], [6, 16, 7, 15], [8, 13, 9, 14], [10, 22, 11, 21], [12, 23, 13, 24], [14, 20, 15, 19], [1, 16, 2, 17], [18, 8, 19, 7], [20, 5, 21, 6], [22, 4, 23, 3], [17, 24, 18, 1], [2, 11, 3, 12]]"
12n_0842_36,"[[3, 12, 4, 13], [5, 11, 6, 10], [7, 17, 8, 16], [9, 14, 10, 15], [11, 23, 12, 22], [13, 24, 14, 1], [15, 21, 16, 20], [2, 17, 3, 18], [19, 9, 20, 8], [21, 6, 22, 7], [23, 5, 24, 4], [18, 1, 19, 2]]"
12n_0842_37,"[[18, 1, 19, 2], [3, 12, 4, 13], [5, 11, 6, 10], [7, 17, 8, 16], [9, 14, 10, 15], [11, 23, 12, 22], [13, 24, 14, 1], [15, 21, 16, 20], [2, 17, 3, 18], [19, 9, 20, 8], [21, 6, 22, 7], [23, 5, 24, 4]]"
12n_0842_38,"[[23, 5, 24, 4], [18, 1, 19, 2], [3, 12, 4, 13], [5, 11, 6, 10], [7, 17, 8, 16], [9, 14, 10, 15], [11, 23, 12, 22], [13, 24, 14, 1], [15, 21, 16, 20], [2, 17, 3, 18], [19, 9, 20, 8], [21, 6, 22, 7]]"
12n_0842_39,"[[21, 6, 22, 7], [23, 5, 24, 4], [18, 1, 19, 2], [3, 12, 4, 13], [5, 11, 6, 10], [7, 17, 8, 16], [9, 14, 10, 15], [11, 23, 12, 22], [13, 24, 14, 1], [15, 21, 16, 20], [2, 17, 3, 18], [19, 9, 20, 8]]"
12n_0842_40,"[[19, 9, 20, 8], [21, 6, 22, 7], [23, 5, 24, 4], [18, 1, 19, 2], [3, 12, 4, 13], [5, 11, 6, 10], [7, 17, 8, 16], [9, 14, 10, 15], [11, 23, 12, 22], [13, 24, 14, 1], [15, 21, 16, 20], [2, 17, 3, 18]]"
12n_0842_41,"[[2, 17, 3, 18], [19, 9, 20, 8], [21, 6, 22, 7], [23, 5, 24, 4], [18, 1, 19, 2], [3, 12, 4, 13], [5, 11, 6, 10], [7, 17, 8, 16], [9, 14, 10, 15], [11, 23, 12, 22], [13, 24, 14, 1], [15, 21, 16, 20]]"
12n_0842_42,"[[15, 21, 16, 20], [2, 17, 3, 18], [19, 9, 20, 8], [21, 6, 22, 7], [23, 5, 24, 4], [18, 1, 19, 2], [3, 12, 4, 13], [5, 11, 6, 10], [7, 17, 8, 16], [9, 14, 10, 15], [11, 23, 12, 22], [13, 24, 14, 1]]"
12n_0842_43,"[[13, 24, 14, 1], [15, 21, 16, 20], [2, 17, 3, 18], [19, 9, 20, 8], [21, 6, 22, 7], [23, 5, 24, 4], [18, 1, 19, 2], [3, 12, 4, 13], [5, 11, 6, 10], [7, 17, 8, 16], [9, 14, 10, 15], [11, 23, 12, 22]]"
12n_0842_44,"[[11, 23, 12, 22], [13, 24, 14, 1], [15, 21, 16, 20], [2, 17, 3, 18], [19, 9, 20, 8], [21, 6, 22, 7], [23, 5, 24, 4], [18, 1, 19, 2], [3, 12, 4, 13], [5, 11, 6, 10], [7, 17, 8, 16], [9, 14, 10, 15]]"
12n_0842_45,"[[9, 14, 10, 15], [11, 23, 12, 22], [13, 24, 14, 1], [15, 21, 16, 20], [2, 17, 3, 18], [19, 9, 20, 8], [21, 6, 22, 7], [23, 5, 24, 4], [18, 1, 19, 2], [3, 12, 4, 13], [5, 11, 6, 10], [7, 17, 8, 16]]"
12n_0842_46,"[[7, 17, 8, 16], [9, 14, 10, 15], [11, 23, 12, 22], [13, 24, 14, 1], [15, 21, 16, 20], [2, 17, 3, 18], [19, 9, 20, 8], [21, 6, 22, 7], [23, 5, 24, 4], [18, 1, 19, 2], [3, 12, 4, 13], [5, 11, 6, 10]]"
12n_0842_47,"[[5, 11, 6, 10], [7, 17, 8, 16], [9, 14, 10, 15], [11, 23, 12, 22], [13, 24, 14, 1], [15, 21, 16, 20], [2, 17, 3, 18], [19, 9, 20, 8], [21, 6, 22, 7], [23, 5, 24, 4], [18, 1, 19, 2], [3, 12, 4, 13]]"
12n_0842_48,"[[4, 13, 5, 14], [6, 12, 7, 11], [8, 18, 9, 17], [10, 15, 11, 16], [12, 24, 13, 23], [14, 1, 15, 2], [16, 22, 17, 21], [3, 18, 4, 19], [20, 10, 21, 9], [22, 7, 23, 8], [24, 6, 1, 5], [19, 2, 20, 3]]"
12n_0842_49,"[[19, 2, 20, 3], [4, 13, 5, 14], [6, 12, 7, 11], [8, 18, 9, 17], [10, 15, 11, 16], [12, 24, 13, 23], [14, 1, 15, 2], [16, 22, 17, 21], [3, 18, 4, 19], [20, 10, 21, 9], [22, 7, 23, 8], [24, 6, 1, 5]]"
12n_0842_50,"[[24, 6, 1, 5], [19, 2, 20, 3], [4, 13, 5, 14], [6, 12, 7, 11], [8, 18, 9, 17], [10, 15, 11, 16], [12, 24, 13, 23], [14, 1, 15, 2], [16, 22, 17, 21], [3, 18, 4, 19], [20, 10, 21, 9], [22, 7, 23, 8]]"
12n_0842_51,"[[22, 7, 23, 8], [24, 6, 1, 5], [19, 2, 20, 3], [4, 13, 5, 14], [6, 12, 7, 11], [8, 18, 9, 17], [10, 15, 11, 16], [12, 24, 13, 23], [14, 1, 15, 2], [16, 22, 17, 21], [3, 18, 4, 19], [20, 10, 21, 9]]"
12n_0842_52,"[[20, 10, 21, 9], [22, 7, 23, 8], [24, 6, 1, 5], [19, 2, 20, 3], [4, 13, 5, 14], [6, 12, 7, 11], [8, 18, 9, 17], [10, 15, 11, 16], [12, 24, 13, 23], [14, 1, 15, 2], [16, 22, 17, 21], [3, 18, 4, 19]]"
12n_0842_53,"[[3, 18, 4, 19], [20, 10, 21, 9], [22, 7, 23, 8], [24, 6, 1, 5], [19, 2, 20, 3], [4, 13, 5, 14], [6, 12, 7, 11], [8, 18, 9, 17], [10, 15, 11, 16], [12, 24, 13, 23], [14, 1, 15, 2], [16, 22, 17, 21]]"
12n_0842_54,"[[16, 22, 17, 21], [3, 18, 4, 19], [20, 10, 21, 9], [22, 7, 23, 8], [24, 6, 1, 5], [19, 2, 20, 3], [4, 13, 5, 14], [6, 12, 7, 11], [8, 18, 9, 17], [10, 15, 11, 16], [12, 24, 13, 23], [14, 1, 15, 2]]"
12n_0842_55,"[[14, 1, 15, 2], [16, 22, 17, 21], [3, 18, 4, 19], [20, 10, 21, 9], [22, 7, 23, 8], [24, 6, 1, 5], [19, 2, 20, 3], [4, 13, 5, 14], [6, 12, 7, 11], [8, 18, 9, 17], [10, 15, 11, 16], [12, 24, 13, 23]]"
12n_0842_56,"[[12, 24, 13, 23], [14, 1, 15, 2], [16, 22, 17, 21], [3, 18, 4, 19], [20, 10, 21, 9], [22, 7, 23, 8], [24, 6, 1, 5], [19, 2, 20, 3], [4, 13, 5, 14], [6, 12, 7, 11], [8, 18, 9, 17], [10, 15, 11, 16]]"
12n_0842_57,"[[10, 15, 11, 16], [12, 24, 13, 23], [14, 1, 15, 2], [16, 22, 17, 21], [3, 18, 4, 19], [20, 10, 21, 9], [22, 7, 23, 8], [24, 6, 1, 5], [19, 2, 20, 3], [4, 13, 5, 14], [6, 12, 7, 11], [8, 18, 9, 17]]"
12n_0842_58,"[[8, 18, 9, 17], [10, 15, 11, 16], [12, 24, 13, 23], [14, 1, 15, 2], [16, 22, 17, 21], [3, 18, 4, 19], [20, 10, 21, 9], [22, 7, 23, 8], [24, 6, 1, 5], [19, 2, 20, 3], [4, 13, 5, 14], [6, 12, 7, 11]]"
12n_0842_59,"[[6, 12, 7, 11], [8, 18, 9, 17], [10, 15, 11, 16], [12, 24, 13, 23], [14, 1, 15, 2], [16, 22, 17, 21], [3, 18, 4, 19], [20, 10, 21, 9], [22, 7, 23, 8], [24, 6, 1, 5], [19, 2, 20, 3], [4, 13, 5, 14]]"
12n_0842_60,"[[5, 14, 6, 15], [7, 13, 8, 12], [9, 19, 10, 18], [11, 16, 12, 17], [13, 1, 14, 24], [15, 2, 16, 3], [17, 23, 18, 22], [4, 19, 5, 20], [21, 11, 22, 10], [23, 8, 24, 9], [1, 7, 2, 6], [20, 3, 21, 4]]"
12n_0842_61,"[[20, 3, 21, 4], [5, 14, 6, 15], [7, 13, 8, 12], [9, 19, 10, 18], [11, 16, 12, 17], [13, 1, 14, 24], [15, 2, 16, 3], [17, 23, 18, 22], [4, 19, 5, 20], [21, 11, 22, 10], [23, 8, 24, 9], [1, 7, 2, 6]]"
12n_0842_62,"[[1, 7, 2, 6], [20, 3, 21, 4], [5, 14, 6, 15], [7, 13, 8, 12], [9, 19, 10, 18], [11, 16, 12, 17], [13, 1, 14, 24], [15, 2, 16, 3], [17, 23, 18, 22], [4, 19, 5, 20], [21, 11, 22, 10], [23, 8, 24, 9]]"
12n_0842_63,"[[23, 8, 24, 9], [1, 7, 2, 6], [20, 3, 21, 4], [5, 14, 6, 15], [7, 13, 8, 12], [9, 19, 10, 18], [11, 16, 12, 17], [13, 1, 14, 24], [15, 2, 16, 3], [17, 23, 18, 22], [4, 19, 5, 20], [21, 11, 22, 10]]"
12n_0842_64,"[[21, 11, 22, 10], [23, 8, 24, 9], [1, 7, 2, 6], [20, 3, 21, 4], [5, 14, 6, 15], [7, 13, 8, 12], [9, 19, 10, 18], [11, 16, 12, 17], [13, 1, 14, 24], [15, 2, 16, 3], [17, 23, 18, 22], [4, 19, 5, 20]]"
12n_0842_65,"[[4, 19, 5, 20], [21, 11, 22, 10], [23, 8, 24, 9], [1, 7, 2, 6], [20, 3, 21, 4], [5, 14, 6, 15], [7, 13, 8, 12], [9, 19, 10, 18], [11, 16, 12, 17], [13, 1, 14, 24], [15, 2, 16, 3], [17, 23, 18, 22]]"
12n_0842_66,"[[17, 23, 18, 22], [4, 19, 5, 20], [21, 11, 22, 10], [23, 8, 24, 9], [1, 7, 2, 6], [20, 3, 21, 4], [5, 14, 6, 15], [7, 13, 8, 12], [9, 19, 10, 18], [11, 16, 12, 17], [13, 1, 14, 24], [15, 2, 16, 3]]"
12n_0842_67,"[[15, 2, 16, 3], [17, 23, 18, 22], [4, 19, 5, 20], [21, 11, 22, 10], [23, 8, 24, 9], [1, 7, 2, 6], [20, 3, 21, 4], [5, 14, 6, 15], [7, 13, 8, 12], [9, 19, 10, 18], [11, 16, 12, 17], [13, 1, 14, 24]]"
12n_0842_68,"[[13, 1, 14, 24], [15, 2, 16, 3], [17, 23, 18, 22], [4, 19, 5, 20], [21, 11, 22, 10], [23, 8, 24, 9], [1, 7, 2, 6], [20, 3, 21, 4], [5, 14, 6, 15], [7, 13, 8, 12], [9, 19, 10, 18], [11, 16, 12, 17]]"
12n_0842_69,"[[11, 16, 12, 17], [13, 1, 14, 24], [15, 2, 16, 3], [17, 23, 18, 22], [4, 19, 5, 20], [21, 11, 22, 10], [23, 8, 24, 9], [1, 7, 2, 6], [20, 3, 21, 4], [5, 14, 6, 15], [7, 13, 8, 12], [9, 19, 10, 18]]"
12n_0842_70,"[[9, 19, 10, 18], [11, 16, 12, 17], [13, 1, 14, 24], [15, 2, 16, 3], [17, 23, 18, 22], [4, 19, 5, 20], [21, 11, 22, 10], [23, 8, 24, 9], [1, 7, 2, 6], [20, 3, 21, 4], [5, 14, 6, 15], [7, 13, 8, 12]]"
12n_0842_71,"[[7, 13, 8, 12], [9, 19, 10, 18], [11, 16, 12, 17], [13, 1, 14, 24], [15, 2, 16, 3], [17, 23, 18, 22], [4, 19, 5, 20], [21, 11, 22, 10], [23, 8, 24, 9], [1, 7, 2, 6], [20, 3, 21, 4], [5, 14, 6, 15]]"
12n_0842_72,"[[6, 15, 7, 16], [8, 14, 9, 13], [10, 20, 11, 19], [12, 17, 13, 18], [14, 2, 15, 1], [16, 3, 17, 4], [18, 24, 19, 23], [5, 20, 6, 21], [22, 12, 23, 11], [24, 9, 1, 10], [2, 8, 3, 7], [21, 4, 22, 5]]"
12n_0842_73,"[[21, 4, 22, 5], [6, 15, 7, 16], [8, 14, 9, 13], [10, 20, 11, 19], [12, 17, 13, 18], [14, 2, 15, 1], [16, 3, 17, 4], [18, 24, 19, 23], [5, 20, 6, 21], [22, 12, 23, 11], [24, 9, 1, 10], [2, 8, 3, 7]]"
12n_0842_74,"[[2, 8, 3, 7], [21, 4, 22, 5], [6, 15, 7, 16], [8, 14, 9, 13], [10, 20, 11, 19], [12, 17, 13, 18], [14, 2, 15, 1], [16, 3, 17, 4], [18, 24, 19, 23], [5, 20, 6, 21], [22, 12, 23, 11], [24, 9, 1, 10]]"
12n_0842_75,"[[24, 9, 1, 10], [2, 8, 3, 7], [21, 4, 22, 5], [6, 15, 7, 16], [8, 14, 9, 13], [10, 20, 11, 19], [12, 17, 13, 18], [14, 2, 15, 1], [16, 3, 17, 4], [18, 24, 19, 23], [5, 20, 6, 21], [22, 12, 23, 11]]"
12n_0842_76,"[[22, 12, 23, 11], [24, 9, 1, 10], [2, 8, 3, 7], [21, 4, 22, 5], [6, 15, 7, 16], [8, 14, 9, 13], [10, 20, 11, 19], [12, 17, 13, 18], [14, 2, 15, 1], [16, 3, 17, 4], [18, 24, 19, 23], [5, 20, 6, 21]]"
12n_0842_77,"[[5, 20, 6, 21], [22, 12, 23, 11], [24, 9, 1, 10], [2, 8, 3, 7], [21, 4, 22, 5], [6, 15, 7, 16], [8, 14, 9, 13], [10, 20, 11, 19], [12, 17, 13, 18], [14, 2, 15, 1], [16, 3, 17, 4], [18, 24, 19, 23]]"
12n_0842_78,"[[18, 24, 19, 23], [5, 20, 6, 21], [22, 12, 23, 11], [24, 9, 1, 10], [2, 8, 3, 7], [21, 4, 22, 5], [6, 15, 7, 16], [8, 14, 9, 13], [10, 20, 11, 19], [12, 17, 13, 18], [14, 2, 15, 1], [16, 3, 17, 4]]"
12n_0842_79,"[[16, 3, 17, 4], [18, 24, 19, 23], [5, 20, 6, 21], [22, 12, 23, 11], [24, 9, 1, 10], [2, 8, 3, 7], [21, 4, 22, 5], [6, 15, 7, 16], [8, 14, 9, 13], [10, 20, 11, 19], [12, 17, 13, 18], [14, 2, 15, 1]]"
12n_0842_80,"[[14, 2, 15, 1], [16, 3, 17, 4], [18, 24, 19, 23], [5, 20, 6, 21], [22, 12, 23, 11], [24, 9, 1, 10], [2, 8, 3, 7], [21, 4, 22, 5], [6, 15, 7, 16], [8, 14, 9, 13], [10, 20, 11, 19], [12, 17, 13, 18]]"
12n_0842_81,"[[12, 17, 13, 18], [14, 2, 15, 1], [16, 3, 17, 4], [18, 24, 19, 23], [5, 20, 6, 21], [22, 12, 23, 11], [24, 9, 1, 10], [2, 8, 3, 7], [21, 4, 22, 5], [6, 15, 7, 16], [8, 14, 9, 13], [10, 20, 11, 19]]"
12n_0842_82,"[[10, 20, 11, 19], [12, 17, 13, 18], [14, 2, 15, 1], [16, 3, 17, 4], [18, 24, 19, 23], [5, 20, 6, 21], [22, 12, 23, 11], [24, 9, 1, 10], [2, 8, 3, 7], [21, 4, 22, 5], [6, 15, 7, 16], [8, 14, 9, 13]]"
12n_0842_83,"[[8, 14, 9, 13], [10, 20, 11, 19], [12, 17, 13, 18], [14, 2, 15, 1], [16, 3, 17, 4], [18, 24, 19, 23], [5, 20, 6, 21], [22, 12, 23, 11], [24, 9, 1, 10], [2, 8, 3, 7], [21, 4, 22, 5], [6, 15, 7, 16]]"
12n_0842_84,"[[7, 16, 8, 17], [9, 15, 10, 14], [11, 21, 12, 20], [13, 18, 14, 19], [15, 3, 16, 2], [17, 4, 18, 5], [19, 1, 20, 24], [6, 21, 7, 22], [23, 13, 24, 12], [1, 10, 2, 11], [3, 9, 4, 8], [22, 5, 23, 6]]"
12n_0842_85,"[[22, 5, 23, 6], [7, 16, 8, 17], [9, 15, 10, 14], [11, 21, 12, 20], [13, 18, 14, 19], [15, 3, 16, 2], [17, 4, 18, 5], [19, 1, 20, 24], [6, 21, 7, 22], [23, 13, 24, 12], [1, 10, 2, 11], [3, 9, 4, 8]]"
12n_0842_86,"[[3, 9, 4, 8], [22, 5, 23, 6], [7, 16, 8, 17], [9, 15, 10, 14], [11, 21, 12, 20], [13, 18, 14, 19], [15, 3, 16, 2], [17, 4, 18, 5], [19, 1, 20, 24], [6, 21, 7, 22], [23, 13, 24, 12], [1, 10, 2, 11]]"
12n_0842_87,"[[1, 10, 2, 11], [3, 9, 4, 8], [22, 5, 23, 6], [7, 16, 8, 17], [9, 15, 10, 14], [11, 21, 12, 20], [13, 18, 14, 19], [15, 3, 16, 2], [17, 4, 18, 5], [19, 1, 20, 24], [6, 21, 7, 22], [23, 13, 24, 12]]"
12n_0842_88,"[[23, 13, 24, 12], [1, 10, 2, 11], [3, 9, 4, 8], [22, 5, 23, 6], [7, 16, 8, 17], [9, 15, 10, 14], [11, 21, 12, 20], [13, 18, 14, 19], [15, 3, 16, 2], [17, 4, 18, 5], [19, 1, 20, 24], [6, 21, 7, 22]]"
12n_0842_89,"[[6, 21, 7, 22], [23, 13, 24, 12], [1, 10, 2, 11], [3, 9, 4, 8], [22, 5, 23, 6], [7, 16, 8, 17], [9, 15, 10, 14], [11, 21, 12, 20], [13, 18, 14, 19], [15, 3, 16, 2], [17, 4, 18, 5], [19, 1, 20, 24]]"
12n_0842_90,"[[19, 1, 20, 24], [6, 21, 7, 22], [23, 13, 24, 12], [1, 10, 2, 11], [3, 9, 4, 8], [22, 5, 23, 6], [7, 16, 8, 17], [9, 15, 10, 14], [11, 21, 12, 20], [13, 18, 14, 19], [15, 3, 16, 2], [17, 4, 18, 5]]"
12n_0842_91,"[[17, 4, 18, 5], [19, 1, 20, 24], [6, 21, 7, 22], [23, 13, 24, 12], [1, 10, 2, 11], [3, 9, 4, 8], [22, 5, 23, 6], [7, 16, 8, 17], [9, 15, 10, 14], [11, 21, 12, 20], [13, 18, 14, 19], [15, 3, 16, 2]]"
12n_0842_92,"[[15, 3, 16, 2], [17, 4, 18, 5], [19, 1, 20, 24], [6, 21, 7, 22], [23, 13, 24, 12], [1, 10, 2, 11], [3, 9, 4, 8], [22, 5, 23, 6], [7, 16, 8, 17], [9, 15, 10, 14], [11, 21, 12, 20], [13, 18, 14, 19]]"
12n_0842_93,"[[13, 18, 14, 19], [15, 3, 16, 2], [17, 4, 18, 5], [19, 1, 20, 24], [6, 21, 7, 22], [23, 13, 24, 12], [1, 10, 2, 11], [3, 9, 4, 8], [22, 5, 23, 6], [7, 16, 8, 17], [9, 15, 10, 14], [11, 21, 12, 20]]"
12n_0842_94,"[[11, 21, 12, 20], [13, 18, 14, 19], [15, 3, 16, 2], [17, 4, 18, 5], [19, 1, 20, 24], [6, 21, 7, 22], [23, 13, 24, 12], [1, 10, 2, 11], [3, 9, 4, 8], [22, 5, 23, 6], [7, 16, 8, 17], [9, 15, 10, 14]]"
12n_0842_95,"[[9, 15, 10, 14], [11, 21, 12, 20], [13, 18, 14, 19], [15, 3, 16, 2], [17, 4, 18, 5], [19, 1, 20, 24], [6, 21, 7, 22], [23, 13, 24, 12], [1, 10, 2, 11], [3, 9, 4, 8], [22, 5, 23, 6], [7, 16, 8, 17]]"
12n_0842_96,"[[8, 17, 9, 18], [10, 16, 11, 15], [12, 22, 13, 21], [14, 19, 15, 20], [16, 4, 17, 3], [18, 5, 19, 6], [20, 2, 21, 1], [7, 22, 8, 23], [24, 14, 1, 13], [2, 11, 3, 12], [4, 10, 5, 9], [23, 6, 24, 7]]"
12n_0842_97,"[[23, 6, 24, 7], [8, 17, 9, 18], [10, 16, 11, 15], [12, 22, 13, 21], [14, 19, 15, 20], [16, 4, 17, 3], [18, 5, 19, 6], [20, 2, 21, 1], [7, 22, 8, 23], [24, 14, 1, 13], [2, 11, 3, 12], [4, 10, 5, 9]]"
12n_0842_98,"[[4, 10, 5, 9], [23, 6, 24, 7], [8, 17, 9, 18], [10, 16, 11, 15], [12, 22, 13, 21], [14, 19, 15, 20], [16, 4, 17, 3], [18, 5, 19, 6], [20, 2, 21, 1], [7, 22, 8, 23], [24, 14, 1, 13], [2, 11, 3, 12]]"
12n_0842_99,"[[2, 11, 3, 12], [4, 10, 5, 9], [23, 6, 24, 7], [8, 17, 9, 18], [10, 16, 11, 15], [12, 22, 13, 21], [14, 19, 15, 20], [16, 4, 17, 3], [18, 5, 19, 6], [20, 2, 21, 1], [7, 22, 8, 23], [24, 14, 1, 13]]"
12n_0842_100,"[[24, 14, 1, 13], [2, 11, 3, 12], [4, 10, 5, 9], [23, 6, 24, 7], [8, 17, 9, 18], [10, 16, 11, 15], [12, 22, 13, 21], [14, 19, 15, 20], [16, 4, 17, 3], [18, 5, 19, 6], [20, 2, 21, 1], [7, 22, 8, 23]]"
12n_0842_101,"[[7, 22, 8, 23], [24, 14, 1, 13], [2, 11, 3, 12], [4, 10, 5, 9], [23, 6, 24, 7], [8, 17, 9, 18], [10, 16, 11, 15], [12, 22, 13, 21], [14, 19, 15, 20], [16, 4, 17, 3], [18, 5, 19, 6], [20, 2, 21, 1]]"
12n_0842_102,"[[20, 2, 21, 1], [7, 22, 8, 23], [24, 14, 1, 13], [2, 11, 3, 12], [4, 10, 5, 9], [23, 6, 24, 7], [8, 17, 9, 18], [10, 16, 11, 15], [12, 22, 13, 21], [14, 19, 15, 20], [16, 4, 17, 3], [18, 5, 19, 6]]"
12n_0842_103,"[[18, 5, 19, 6], [20, 2, 21, 1], [7, 22, 8, 23], [24, 14, 1, 13], [2, 11, 3, 12], [4, 10, 5, 9], [23, 6, 24, 7], [8, 17, 9, 18], [10, 16, 11, 15], [12, 22, 13, 21], [14, 19, 15, 20], [16, 4, 17, 3]]"
12n_0842_104,"[[16, 4, 17, 3], [18, 5, 19, 6], [20, 2, 21, 1], [7, 22, 8, 23], [24, 14, 1, 13], [2, 11, 3, 12], [4, 10, 5, 9], [23, 6, 24, 7], [8, 17, 9, 18], [10, 16, 11, 15], [12, 22, 13, 21], [14, 19, 15, 20]]"
12n_0842_105,"[[14, 19, 15, 20], [16, 4, 17, 3], [18, 5, 19, 6], [20, 2, 21, 1], [7, 22, 8, 23], [24, 14, 1, 13], [2, 11, 3, 12], [4, 10, 5, 9], [23, 6, 24, 7], [8, 17, 9, 18], [10, 16, 11, 15], [12, 22, 13, 21]]"
12n_0842_106,"[[12, 22, 13, 21], [14, 19, 15, 20], [16, 4, 17, 3], [18, 5, 19, 6], [20, 2, 21, 1], [7, 22, 8, 23], [24, 14, 1, 13], [2, 11, 3, 12], [4, 10, 5, 9], [23, 6, 24, 7], [8, 17, 9, 18], [10, 16, 11, 15]]"
12n_0842_107,"[[10, 16, 11, 15], [12, 22, 13, 21], [14, 19, 15, 20], [16, 4, 17, 3], [18, 5, 19, 6], [20, 2, 21, 1], [7, 22, 8, 23], [24, 14, 1, 13], [2, 11, 3, 12], [4, 10, 5, 9], [23, 6, 24, 7], [8, 17, 9, 18]]"
12n_0842_108,"[[9, 18, 10, 19], [11, 17, 12, 16], [13, 23, 14, 22], [15, 20, 16, 21], [17, 5, 18, 4], [19, 6, 20, 7], [21, 3, 22, 2], [8, 23, 9, 24], [1, 15, 2, 14], [3, 12, 4, 13], [5, 11, 6, 10], [24, 7, 1, 8]]"
12n_0842_109,"[[24, 7, 1, 8], [9, 18, 10, 19], [11, 17, 12, 16], [13, 23, 14, 22], [15, 20, 16, 21], [17, 5, 18, 4], [19, 6, 20, 7], [21, 3, 22, 2], [8, 23, 9, 24], [1, 15, 2, 14], [3, 12, 4, 13], [5, 11, 6, 10]]"
12n_0842_110,"[[5, 11, 6, 10], [24, 7, 1, 8], [9, 18, 10, 19], [11, 17, 12, 16], [13, 23, 14, 22], [15, 20, 16, 21], [17, 5, 18, 4], [19, 6, 20, 7], [21, 3, 22, 2], [8, 23, 9, 24], [1, 15, 2, 14], [3, 12, 4, 13]]"
12n_0842_111,"[[3, 12, 4, 13], [5, 11, 6, 10], [24, 7, 1, 8], [9, 18, 10, 19], [11, 17, 12, 16], [13, 23, 14, 22], [15, 20, 16, 21], [17, 5, 18, 4], [19, 6, 20, 7], [21, 3, 22, 2], [8, 23, 9, 24], [1, 15, 2, 14]]"
12n_0842_112,"[[1, 15, 2, 14], [3, 12, 4, 13], [5, 11, 6, 10], [24, 7, 1, 8], [9, 18, 10, 19], [11, 17, 12, 16], [13, 23, 14, 22], [15, 20, 16, 21], [17, 5, 18, 4], [19, 6, 20, 7], [21, 3, 22, 2], [8, 23, 9, 24]]"
12n_0842_113,"[[8, 23, 9, 24], [1, 15, 2, 14], [3, 12, 4, 13], [5, 11, 6, 10], [24, 7, 1, 8], [9, 18, 10, 19], [11, 17, 12, 16], [13, 23, 14, 22], [15, 20, 16, 21], [17, 5, 18, 4], [19, 6, 20, 7], [21, 3, 22, 2]]"
12n_0842_114,"[[21, 3, 22, 2], [8, 23, 9, 24], [1, 15, 2, 14], [3, 12, 4, 13], [5, 11, 6, 10], [24, 7, 1, 8], [9, 18, 10, 19], [11, 17, 12, 16], [13, 23, 14, 22], [15, 20, 16, 21], [17, 5, 18, 4], [19, 6, 20, 7]]"
12n_0842_115,"[[19, 6, 20, 7], [21, 3, 22, 2], [8, 23, 9, 24], [1, 15, 2, 14], [3, 12, 4, 13], [5, 11, 6, 10], [24, 7, 1, 8], [9, 18, 10, 19], [11, 17, 12, 16], [13, 23, 14, 22], [15, 20, 16, 21], [17, 5, 18, 4]]"
12n_0842_116,"[[17, 5, 18, 4], [19, 6, 20, 7], [21, 3, 22, 2], [8, 23, 9, 24], [1, 15, 2, 14], [3, 12, 4, 13], [5, 11, 6, 10], [24, 7, 1, 8], [9, 18, 10, 19], [11, 17, 12, 16], [13, 23, 14, 22], [15, 20, 16, 21]]"
12n_0842_117,"[[15, 20, 16, 21], [17, 5, 18, 4], [19, 6, 20, 7], [21, 3, 22, 2], [8, 23, 9, 24], [1, 15, 2, 14], [3, 12, 4, 13], [5, 11, 6, 10], [24, 7, 1, 8], [9, 18, 10, 19], [11, 17, 12, 16], [13, 23, 14, 22]]"
12n_0842_118,"[[13, 23, 14, 22], [15, 20, 16, 21], [17, 5, 18, 4], [19, 6, 20, 7], [21, 3, 22, 2], [8, 23, 9, 24], [1, 15, 2, 14], [3, 12, 4, 13], [5, 11, 6, 10], [24, 7, 1, 8], [9, 18, 10, 19], [11, 17, 12, 16]]"
12n_0842_119,"[[11, 17, 12, 16], [13, 23, 14, 22], [15, 20, 16, 21], [17, 5, 18, 4], [19, 6, 20, 7], [21, 3, 22, 2], [8, 23, 9, 24], [1, 15, 2, 14], [3, 12, 4, 13], [5, 11, 6, 10], [24, 7, 1, 8], [9, 18, 10, 19]]"
12n_0842_120,"[[10, 19, 11, 20], [12, 18, 13, 17], [14, 24, 15, 23], [16, 21, 17, 22], [18, 6, 19, 5], [20, 7, 21, 8], [22, 4, 23, 3], [9, 24, 10, 1], [2, 16, 3, 15], [4, 13, 5, 14], [6, 12, 7, 11], [1, 8, 2, 9]]"
12n_0842_121,"[[1, 8, 2, 9], [10, 19, 11, 20], [12, 18, 13, 17], [14, 24, 15, 23], [16, 21, 17, 22], [18, 6, 19, 5], [20, 7, 21, 8], [22, 4, 23, 3], [9, 24, 10, 1], [2, 16, 3, 15], [4, 13, 5, 14], [6, 12, 7, 11]]"
12n_0842_122,"[[6, 12, 7, 11], [1, 8, 2, 9], [10, 19, 11, 20], [12, 18, 13, 17], [14, 24, 15, 23], [16, 21, 17, 22], [18, 6, 19, 5], [20, 7, 21, 8], [22, 4, 23, 3], [9, 24, 10, 1], [2, 16, 3, 15], [4, 13, 5, 14]]"
12n_0842_123,"[[4, 13, 5, 14], [6, 12, 7, 11], [1, 8, 2, 9], [10, 19, 11, 20], [12, 18, 13, 17], [14, 24, 15, 23], [16, 21, 17, 22], [18, 6, 19, 5], [20, 7, 21, 8], [22, 4, 23, 3], [9, 24, 10, 1], [2, 16, 3, 15]]"
12n_0842_124,"[[2, 16, 3, 15], [4, 13, 5, 14], [6, 12, 7, 11], [1, 8, 2, 9], [10, 19, 11, 20], [12, 18, 13, 17], [14, 24, 15, 23], [16, 21, 17, 22], [18, 6, 19, 5], [20, 7, 21, 8], [22, 4, 23, 3], [9, 24, 10, 1]]"
12n_0842_125,"[[9, 24, 10, 1], [2, 16, 3, 15], [4, 13, 5, 14], [6, 12, 7, 11], [1, 8, 2, 9], [10, 19, 11, 20], [12, 18, 13, 17], [14, 24, 15, 23], [16, 21, 17, 22], [18, 6, 19, 5], [20, 7, 21, 8], [22, 4, 23, 3]]"
12n_0842_126,"[[22, 4, 23, 3], [9, 24, 10, 1], [2, 16, 3, 15], [4, 13, 5, 14], [6, 12, 7, 11], [1, 8, 2, 9], [10, 19, 11, 20], [12, 18, 13, 17], [14, 24, 15, 23], [16, 21, 17, 22], [18, 6, 19, 5], [20, 7, 21, 8]]"
12n_0842_127,"[[20, 7, 21, 8], [22, 4, 23, 3], [9, 24, 10, 1], [2, 16, 3, 15], [4, 13, 5, 14], [6, 12, 7, 11], [1, 8, 2, 9], [10, 19, 11, 20], [12, 18, 13, 17], [14, 24, 15, 23], [16, 21, 17, 22], [18, 6, 19, 5]]"
12n_0842_128,"[[18, 6, 19, 5], [20, 7, 21, 8], [22, 4, 23, 3], [9, 24, 10, 1], [2, 16, 3, 15], [4, 13, 5, 14], [6, 12, 7, 11], [1, 8, 2, 9], [10, 19, 11, 20], [12, 18, 13, 17], [14, 24, 15, 23], [16, 21, 17, 22]]"
12n_0842_129,"[[16, 21, 17, 22], [18, 6, 19, 5], [20, 7, 21, 8], [22, 4, 23, 3], [9, 24, 10, 1], [2, 16, 3, 15], [4, 13, 5, 14], [6, 12, 7, 11], [1, 8, 2, 9], [10, 19, 11, 20], [12, 18, 13, 17], [14, 24, 15, 23]]"
12n_0842_130,"[[14, 24, 15, 23], [16, 21, 17, 22], [18, 6, 19, 5], [20, 7, 21, 8], [22, 4, 23, 3], [9, 24, 10, 1], [2, 16, 3, 15], [4, 13, 5, 14], [6, 12, 7, 11], [1, 8, 2, 9], [10, 19, 11, 20], [12, 18, 13, 17]]"
12n_0842_131,"[[12, 18, 13, 17], [14, 24, 15, 23], [16, 21, 17, 22], [18, 6, 19, 5], [20, 7, 21, 8], [22, 4, 23, 3], [9, 24, 10, 1], [2, 16, 3, 15], [4, 13, 5, 14], [6, 12, 7, 11], [1, 8, 2, 9], [10, 19, 11, 20]]"
12n_0842_132,"[[11, 20, 12, 21], [13, 19, 14, 18], [15, 1, 16, 24], [17, 22, 18, 23], [19, 7, 20, 6], [21, 8, 22, 9], [23, 5, 24, 4], [10, 1, 11, 2], [3, 17, 4, 16], [5, 14, 6, 15], [7, 13, 8, 12], [2, 9, 3, 10]]"
12n_0842_133,"[[2, 9, 3, 10], [11, 20, 12, 21], [13, 19, 14, 18], [15, 1, 16, 24], [17, 22, 18, 23], [19, 7, 20, 6], [21, 8, 22, 9], [23, 5, 24, 4], [10, 1, 11, 2], [3, 17, 4, 16], [5, 14, 6, 15], [7, 13, 8, 12]]"
12n_0842_134,"[[7, 13, 8, 12], [2, 9, 3, 10], [11, 20, 12, 21], [13, 19, 14, 18], [15, 1, 16, 24], [17, 22, 18, 23], [19, 7, 20, 6], [21, 8, 22, 9], [23, 5, 24, 4], [10, 1, 11, 2], [3, 17, 4, 16], [5, 14, 6, 15]]"
12n_0842_135,"[[5, 14, 6, 15], [7, 13, 8, 12], [2, 9, 3, 10], [11, 20, 12, 21], [13, 19, 14, 18], [15, 1, 16, 24], [17, 22, 18, 23], [19, 7, 20, 6], [21, 8, 22, 9], [23, 5, 24, 4], [10, 1, 11, 2], [3, 17, 4, 16]]"
12n_0842_136,"[[3, 17, 4, 16], [5, 14, 6, 15], [7, 13, 8, 12], [2, 9, 3, 10], [11, 20, 12, 21], [13, 19, 14, 18], [15, 1, 16, 24], [17, 22, 18, 23], [19, 7, 20, 6], [21, 8, 22, 9], [23, 5, 24, 4], [10, 1, 11, 2]]"
12n_0842_137,"[[10, 1, 11, 2], [3, 17, 4, 16], [5, 14, 6, 15], [7, 13, 8, 12], [2, 9, 3, 10], [11, 20, 12, 21], [13, 19, 14, 18], [15, 1, 16, 24], [17, 22, 18, 23], [19, 7, 20, 6], [21, 8, 22, 9], [23, 5, 24, 4]]"
12n_0842_138,"[[23, 5, 24, 4], [10, 1, 11, 2], [3, 17, 4, 16], [5, 14, 6, 15], [7, 13, 8, 12], [2, 9, 3, 10], [11, 20, 12, 21], [13, 19, 14, 18], [15, 1, 16, 24], [17, 22, 18, 23], [19, 7, 20, 6], [21, 8, 22, 9]]"
12n_0842_139,"[[21, 8, 22, 9], [23, 5, 24, 4], [10, 1, 11, 2], [3, 17, 4, 16], [5, 14, 6, 15], [7, 13, 8, 12], [2, 9, 3, 10], [11, 20, 12, 21], [13, 19, 14, 18], [15, 1, 16, 24], [17, 22, 18, 23], [19, 7, 20, 6]]"
12n_0842_140,"[[19, 7, 20, 6], [21, 8, 22, 9], [23, 5, 24, 4], [10, 1, 11, 2], [3, 17, 4, 16], [5, 14, 6, 15], [7, 13, 8, 12], [2, 9, 3, 10], [11, 20, 12, 21], [13, 19, 14, 18], [15, 1, 16, 24], [17, 22, 18, 23]]"
12n_0842_141,"[[17, 22, 18, 23], [19, 7, 20, 6], [21, 8, 22, 9], [23, 5, 24, 4], [10, 1, 11, 2], [3, 17, 4, 16], [5, 14, 6, 15], [7, 13, 8, 12], [2, 9, 3, 10], [11, 20, 12, 21], [13, 19, 14, 18], [15, 1, 16, 24]]"
12n_0842_142,"[[15, 1, 16, 24], [17, 22, 18, 23], [19, 7, 20, 6], [21, 8, 22, 9], [23, 5, 24, 4], [10, 1, 11, 2], [3, 17, 4, 16], [5, 14, 6, 15], [7, 13, 8, 12], [2, 9, 3, 10], [11, 20, 12, 21], [13, 19, 14, 18]]"
12n_0842_143,"[[13, 19, 14, 18], [15, 1, 16, 24], [17, 22, 18, 23], [19, 7, 20, 6], [21, 8, 22, 9], [23, 5, 24, 4], [10, 1, 11, 2], [3, 17, 4, 16], [5, 14, 6, 15], [7, 13, 8, 12], [2, 9, 3, 10], [11, 20, 12, 21]]"
12n_0842_144,"[[12, 21, 13, 22], [14, 20, 15, 19], [16, 2, 17, 1], [18, 23, 19, 24], [20, 8, 21, 7], [22, 9, 23, 10], [24, 6, 1, 5], [11, 2, 12, 3], [4, 18, 5, 17], [6, 15, 7, 16], [8, 14, 9, 13], [3, 10, 4, 11]]"
12n_0842_145,"[[3, 10, 4, 11], [12, 21, 13, 22], [14, 20, 15, 19], [16, 2, 17, 1], [18, 23, 19, 24], [20, 8, 21, 7], [22, 9, 23, 10], [24, 6, 1, 5], [11, 2, 12, 3], [4, 18, 5, 17], [6, 15, 7, 16], [8, 14, 9, 13]]"
12n_0842_146,"[[8, 14, 9, 13], [3, 10, 4, 11], [12, 21, 13, 22], [14, 20, 15, 19], [16, 2, 17, 1], [18, 23, 19, 24], [20, 8, 21, 7], [22, 9, 23, 10], [24, 6, 1, 5], [11, 2, 12, 3], [4, 18, 5, 17], [6, 15, 7, 16]]"
12n_0842_147,"[[6, 15, 7, 16], [8, 14, 9, 13], [3, 10, 4, 11], [12, 21, 13, 22], [14, 20, 15, 19], [16, 2, 17, 1], [18, 23, 19, 24], [20, 8, 21, 7], [22, 9, 23, 10], [24, 6, 1, 5], [11, 2, 12, 3], [4, 18, 5, 17]]"
12n_0842_148,"[[4, 18, 5, 17], [6, 15, 7, 16], [8, 14, 9, 13], [3, 10, 4, 11], [12, 21, 13, 22], [14, 20, 15, 19], [16, 2, 17, 1], [18, 23, 19, 24], [20, 8, 21, 7], [22, 9, 23, 10], [24, 6, 1, 5], [11, 2, 12, 3]]"
12n_0842_149,"[[11, 2, 12, 3], [4, 18, 5, 17], [6, 15, 7, 16], [8, 14, 9, 13], [3, 10, 4, 11], [12, 21, 13, 22], [14, 20, 15, 19], [16, 2, 17, 1], [18, 23, 19, 24], [20, 8, 21, 7], [22, 9, 23, 10], [24, 6, 1, 5]]"
12n_0842_150,"[[24, 6, 1, 5], [11, 2, 12, 3], [4, 18, 5, 17], [6, 15, 7, 16], [8, 14, 9, 13], [3, 10, 4, 11], [12, 21, 13, 22], [14, 20, 15, 19], [16, 2, 17, 1], [18, 23, 19, 24], [20, 8, 21, 7], [22, 9, 23, 10]]"
12n_0842_151,"[[22, 9, 23, 10], [24, 6, 1, 5], [11, 2, 12, 3], [4, 18, 5, 17], [6, 15, 7, 16], [8, 14, 9, 13], [3, 10, 4, 11], [12, 21, 13, 22], [14, 20, 15, 19], [16, 2, 17, 1], [18, 23, 19, 24], [20, 8, 21, 7]]"
12n_0842_152,"[[20, 8, 21, 7], [22, 9, 23, 10], [24, 6, 1, 5], [11, 2, 12, 3], [4, 18, 5, 17], [6, 15, 7, 16], [8, 14, 9, 13], [3, 10, 4, 11], [12, 21, 13, 22], [14, 20, 15, 19], [16, 2, 17, 1], [18, 23, 19, 24]]"
12n_0842_153,"[[18, 23, 19, 24], [20, 8, 21, 7], [22, 9, 23, 10], [24, 6, 1, 5], [11, 2, 12, 3], [4, 18, 5, 17], [6, 15, 7, 16], [8, 14, 9, 13], [3, 10, 4, 11], [12, 21, 13, 22], [14, 20, 15, 19], [16, 2, 17, 1]]"
12n_0842_154,"[[16, 2, 17, 1], [18, 23, 19, 24], [20, 8, 21, 7], [22, 9, 23, 10], [24, 6, 1, 5], [11, 2, 12, 3], [4, 18, 5, 17], [6, 15, 7, 16], [8, 14, 9, 13], [3, 10, 4, 11], [12, 21, 13, 22], [14, 20, 15, 19]]"
12n_0842_155,"[[14, 20, 15, 19], [16, 2, 17, 1], [18, 23, 19, 24], [20, 8, 21, 7], [22, 9, 23, 10], [24, 6, 1, 5], [11, 2, 12, 3], [4, 18, 5, 17], [6, 15, 7, 16], [8, 14, 9, 13], [3, 10, 4, 11], [12, 21, 13, 22]]"
12n_0842_156,"[[13, 22, 14, 23], [15, 21, 16, 20], [17, 3, 18, 2], [19, 24, 20, 1], [21, 9, 22, 8], [23, 10, 24, 11], [1, 7, 2, 6], [12, 3, 13, 4], [5, 19, 6, 18], [7, 16, 8, 17], [9, 15, 10, 14], [4, 11, 5, 12]]"
12n_0842_157,"[[4, 11, 5, 12], [13, 22, 14, 23], [15, 21, 16, 20], [17, 3, 18, 2], [19, 24, 20, 1], [21, 9, 22, 8], [23, 10, 24, 11], [1, 7, 2, 6], [12, 3, 13, 4], [5, 19, 6, 18], [7, 16, 8, 17], [9, 15, 10, 14]]"
12n_0842_158,"[[9, 15, 10, 14], [4, 11, 5, 12], [13, 22, 14, 23], [15, 21, 16, 20], [17, 3, 18, 2], [19, 24, 20, 1], [21, 9, 22, 8], [23, 10, 24, 11], [1, 7, 2, 6], [12, 3, 13, 4], [5, 19, 6, 18], [7, 16, 8, 17]]"
12n_0842_159,"[[7, 16, 8, 17], [9, 15, 10, 14], [4, 11, 5, 12], [13, 22, 14, 23], [15, 21, 16, 20], [17, 3, 18, 2], [19, 24, 20, 1], [21, 9, 22, 8], [23, 10, 24, 11], [1, 7, 2, 6], [12, 3, 13, 4], [5, 19, 6, 18]]"
12n_0842_160,"[[5, 19, 6, 18], [7, 16, 8, 17], [9, 15, 10, 14], [4, 11, 5, 12], [13, 22, 14, 23], [15, 21, 16, 20], [17, 3, 18, 2], [19, 24, 20, 1], [21, 9, 22, 8], [23, 10, 24, 11], [1, 7, 2, 6], [12, 3, 13, 4]]"
12n_0842_161,"[[12, 3, 13, 4], [5, 19, 6, 18], [7, 16, 8, 17], [9, 15, 10, 14], [4, 11, 5, 12], [13, 22, 14, 23], [15, 21, 16, 20], [17, 3, 18, 2], [19, 24, 20, 1], [21, 9, 22, 8], [23, 10, 24, 11], [1, 7, 2, 6]]"
12n_0842_162,"[[1, 7, 2, 6], [12, 3, 13, 4], [5, 19, 6, 18], [7, 16, 8, 17], [9, 15, 10, 14], [4, 11, 5, 12], [13, 22, 14, 23], [15, 21, 16, 20], [17, 3, 18, 2], [19, 24, 20, 1], [21, 9, 22, 8], [23, 10, 24, 11]]"
12n_0842_163,"[[23, 10, 24, 11], [1, 7, 2, 6], [12, 3, 13, 4], [5, 19, 6, 18], [7, 16, 8, 17], [9, 15, 10, 14], [4, 11, 5, 12], [13, 22, 14, 23], [15, 21, 16, 20], [17, 3, 18, 2], [19, 24, 20, 1], [21, 9, 22, 8]]"
12n_0842_164,"[[21, 9, 22, 8], [23, 10, 24, 11], [1, 7, 2, 6], [12, 3, 13, 4], [5, 19, 6, 18], [7, 16, 8, 17], [9, 15, 10, 14], [4, 11, 5, 12], [13, 22, 14, 23], [15, 21, 16, 20], [17, 3, 18, 2], [19, 24, 20, 1]]"
12n_0842_165,"[[19, 24, 20, 1], [21, 9, 22, 8], [23, 10, 24, 11], [1, 7, 2, 6], [12, 3, 13, 4], [5, 19, 6, 18], [7, 16, 8, 17], [9, 15, 10, 14], [4, 11, 5, 12], [13, 22, 14, 23], [15, 21, 16, 20], [17, 3, 18, 2]]"
12n_0842_166,"[[17, 3, 18, 2], [19, 24, 20, 1], [21, 9, 22, 8], [23, 10, 24, 11], [1, 7, 2, 6], [12, 3, 13, 4], [5, 19, 6, 18], [7, 16, 8, 17], [9, 15, 10, 14], [4, 11, 5, 12], [13, 22, 14, 23], [15, 21, 16, 20]]"
12n_0842_167,"[[15, 21, 16, 20], [17, 3, 18, 2], [19, 24, 20, 1], [21, 9, 22, 8], [23, 10, 24, 11], [1, 7, 2, 6], [12, 3, 13, 4], [5, 19, 6, 18], [7, 16, 8, 17], [9, 15, 10, 14], [4, 11, 5, 12], [13, 22, 14, 23]]"
12n_0842_168,"[[14, 23, 15, 24], [16, 22, 17, 21], [18, 4, 19, 3], [20, 1, 21, 2], [22, 10, 23, 9], [24, 11, 1, 12], [2, 8, 3, 7], [13, 4, 14, 5], [6, 20, 7, 19], [8, 17, 9, 18], [10, 16, 11, 15], [5, 12, 6, 13]]"
12n_0842_169,"[[5, 12, 6, 13], [14, 23, 15, 24], [16, 22, 17, 21], [18, 4, 19, 3], [20, 1, 21, 2], [22, 10, 23, 9], [24, 11, 1, 12], [2, 8, 3, 7], [13, 4, 14, 5], [6, 20, 7, 19], [8, 17, 9, 18], [10, 16, 11, 15]]"
12n_0842_170,"[[10, 16, 11, 15], [5, 12, 6, 13], [14, 23, 15, 24], [16, 22, 17, 21], [18, 4, 19, 3], [20, 1, 21, 2], [22, 10, 23, 9], [24, 11, 1, 12], [2, 8, 3, 7], [13, 4, 14, 5], [6, 20, 7, 19], [8, 17, 9, 18]]"
12n_0842_171,"[[8, 17, 9, 18], [10, 16, 11, 15], [5, 12, 6, 13], [14, 23, 15, 24], [16, 22, 17, 21], [18, 4, 19, 3], [20, 1, 21, 2], [22, 10, 23, 9], [24, 11, 1, 12], [2, 8, 3, 7], [13, 4, 14, 5], [6, 20, 7, 19]]"
12n_0842_172,"[[6, 20, 7, 19], [8, 17, 9, 18], [10, 16, 11, 15], [5, 12, 6, 13], [14, 23, 15, 24], [16, 22, 17, 21], [18, 4, 19, 3], [20, 1, 21, 2], [22, 10, 23, 9], [24, 11, 1, 12], [2, 8, 3, 7], [13, 4, 14, 5]]"
12n_0842_173,"[[13, 4, 14, 5], [6, 20, 7, 19], [8, 17, 9, 18], [10, 16, 11, 15], [5, 12, 6, 13], [14, 23, 15, 24], [16, 22, 17, 21], [18, 4, 19, 3], [20, 1, 21, 2], [22, 10, 23, 9], [24, 11, 1, 12], [2, 8, 3, 7]]"
12n_0842_174,"[[2, 8, 3, 7], [13, 4, 14, 5], [6, 20, 7, 19], [8, 17, 9, 18], [10, 16, 11, 15], [5, 12, 6, 13], [14, 23, 15, 24], [16, 22, 17, 21], [18, 4, 19, 3], [20, 1, 21, 2], [22, 10, 23, 9], [24, 11, 1, 12]]"
12n_0842_175,"[[24, 11, 1, 12], [2, 8, 3, 7], [13, 4, 14, 5], [6, 20, 7, 19], [8, 17, 9, 18], [10, 16, 11, 15], [5, 12, 6, 13], [14, 23, 15, 24], [16, 22, 17, 21], [18, 4, 19, 3], [20, 1, 21, 2], [22, 10, 23, 9]]"
12n_0842_176,"[[22, 10, 23, 9], [24, 11, 1, 12], [2, 8, 3, 7], [13, 4, 14, 5], [6, 20, 7, 19], [8, 17, 9, 18], [10, 16, 11, 15], [5, 12, 6, 13], [14, 23, 15, 24], [16, 22, 17, 21], [18, 4, 19, 3], [20, 1, 21, 2]]"
12n_0842_177,"[[20, 1, 21, 2], [22, 10, 23, 9], [24, 11, 1, 12], [2, 8, 3, 7], [13, 4, 14, 5], [6, 20, 7, 19], [8, 17, 9, 18], [10, 16, 11, 15], [5, 12, 6, 13], [14, 23, 15, 24], [16, 22, 17, 21], [18, 4, 19, 3]]"
12n_0842_178,"[[18, 4, 19, 3], [20, 1, 21, 2], [22, 10, 23, 9], [24, 11, 1, 12], [2, 8, 3, 7], [13, 4, 14, 5], [6, 20, 7, 19], [8, 17, 9, 18], [10, 16, 11, 15], [5, 12, 6, 13], [14, 23, 15, 24], [16, 22, 17, 21]]"
12n_0842_179,"[[16, 22, 17, 21], [18, 4, 19, 3], [20, 1, 21, 2], [22, 10, 23, 9], [24, 11, 1, 12], [2, 8, 3, 7], [13, 4, 14, 5], [6, 20, 7, 19], [8, 17, 9, 18], [10, 16, 11, 15], [5, 12, 6, 13], [14, 23, 15, 24]]"
12n_0842_180,"[[15, 24, 16, 1], [17, 23, 18, 22], [19, 5, 20, 4], [21, 2, 22, 3], [23, 11, 24, 10], [1, 12, 2, 13], [3, 9, 4, 8], [14, 5, 15, 6], [7, 21, 8, 20], [9, 18, 10, 19], [11, 17, 12, 16], [6, 13, 7, 14]]"
12n_0842_181,"[[6, 13, 7, 14], [15, 24, 16, 1], [17, 23, 18, 22], [19, 5, 20, 4], [21, 2, 22, 3], [23, 11, 24, 10], [1, 12, 2, 13], [3, 9, 4, 8], [14, 5, 15, 6], [7, 21, 8, 20], [9, 18, 10, 19], [11, 17, 12, 16]]"
12n_0842_182,"[[11, 17, 12, 16], [6, 13, 7, 14], [15, 24, 16, 1], [17, 23, 18, 22], [19, 5, 20, 4], [21, 2, 22, 3], [23, 11, 24, 10], [1, 12, 2, 13], [3, 9, 4, 8], [14, 5, 15, 6], [7, 21, 8, 20], [9, 18, 10, 19]]"
12n_0842_183,"[[9, 18, 10, 19], [11, 17, 12, 16], [6, 13, 7, 14], [15, 24, 16, 1], [17, 23, 18, 22], [19, 5, 20, 4], [21, 2, 22, 3], [23, 11, 24, 10], [1, 12, 2, 13], [3, 9, 4, 8], [14, 5, 15, 6], [7, 21, 8, 20]]"
12n_0842_184,"[[7, 21, 8, 20], [9, 18, 10, 19], [11, 17, 12, 16], [6, 13, 7, 14], [15, 24, 16, 1], [17, 23, 18, 22], [19, 5, 20, 4], [21, 2, 22, 3], [23, 11, 24, 10], [1, 12, 2, 13], [3, 9, 4, 8], [14, 5, 15, 6]]"
12n_0842_185,"[[14, 5, 15, 6], [7, 21, 8, 20], [9, 18, 10, 19], [11, 17, 12, 16], [6, 13, 7, 14], [15, 24, 16, 1], [17, 23, 18, 22], [19, 5, 20, 4], [21, 2, 22, 3], [23, 11, 24, 10], [1, 12, 2, 13], [3, 9, 4, 8]]"
