name,pd_notation
12n_0793_0,"[[24, 16, 1, 15], [2, 8, 3, 7], [4, 12, 5, 11], [6, 19, 7, 20], [17, 8, 18, 9], [10, 4, 11, 3], [12, 22, 13, 21], [14, 24, 15, 23], [9, 16, 10, 17], [18, 2, 19, 1], [20, 5, 21, 6], [22, 14, 23, 13]]"
12n_0793_1,"[[22, 14, 23, 13], [24, 16, 1, 15], [2, 8, 3, 7], [4, 12, 5, 11], [6, 19, 7, 20], [17, 8, 18, 9], [10, 4, 11, 3], [12, 22, 13, 21], [14, 24, 15, 23], [9, 16, 10, 17], [18, 2, 19, 1], [20, 5, 21, 6]]"
12n_0793_2,"[[20, 5, 21, 6], [22, 14, 23, 13], [24, 16, 1, 15], [2, 8, 3, 7], [4, 12, 5, 11], [6, 19, 7, 20], [17, 8, 18, 9], [10, 4, 11, 3], [12, 22, 13, 21], [14, 24, 15, 23], [9, 16, 10, 17], [18, 2, 19, 1]]"
12n_0793_3,"[[18, 2, 19, 1], [20, 5, 21, 6], [22, 14, 23, 13], [24, 16, 1, 15], [2, 8, 3, 7], [4, 12, 5, 11], [6, 19, 7, 20], [17, 8, 18, 9], [10, 4, 11, 3], [12, 22, 13, 21], [14, 24, 15, 23], [9, 16, 10, 17]]"
12n_0793_4,"[[9, 16, 10, 17], [18, 2, 19, 1], [20, 5, 21, 6], [22, 14, 23, 13], [24, 16, 1, 15], [2, 8, 3, 7], [4, 12, 5, 11], [6, 19, 7, 20], [17, 8, 18, 9], [10, 4, 11, 3], [12, 22, 13, 21], [14, 24, 15, 23]]"
12n_0793_5,"[[14, 24, 15, 23], [9, 16, 10, 17], [18, 2, 19, 1], [20, 5, 21, 6], [22, 14, 23, 13], [24, 16, 1, 15], [2, 8, 3, 7], [4, 12, 5, 11], [6, 19, 7, 20], [17, 8, 18, 9], [10, 4, 11, 3], [12, 22, 13, 21]]"
12n_0793_6,"[[12, 22, 13, 21], [14, 24, 15, 23], [9, 16, 10, 17], [18, 2, 19, 1], [20, 5, 21, 6], [22, 14, 23, 13], [24, 16, 1, 15], [2, 8, 3, 7], [4, 12, 5, 11], [6, 19, 7, 20], [17, 8, 18, 9], [10, 4, 11, 3]]"
12n_0793_7,"[[10, 4, 11, 3], [12, 22, 13, 21], [14, 24, 15, 23], [9, 16, 10, 17], [18, 2, 19, 1], [20, 5, 21, 6], [22, 14, 23, 13], [24, 16, 1, 15], [2, 8, 3, 7], [4, 12, 5, 11], [6, 19, 7, 20], [17, 8, 18, 9]]"
12n_0793_8,"[[17, 8, 18, 9], [10, 4, 11, 3], [12, 22, 13, 21], [14, 24, 15, 23], [9, 16, 10, 17], [18, 2, 19, 1], [20, 5, 21, 6], [22, 14, 23, 13], [24, 16, 1, 15], [2, 8, 3, 7], [4, 12, 5, 11], [6, 19, 7, 20]]"
12n_0793_9,"[[6, 19, 7, 20], [17, 8, 18, 9], [10, 4, 11, 3], [12, 22, 13, 21], [14, 24, 15, 23], [9, 16, 10, 17], [18, 2, 19, 1], [20, 5, 21, 6], [22, 14, 23, 13], [24, 16, 1, 15], [2, 8, 3, 7], [4, 12, 5, 11]]"
12n_0793_10,"[[4, 12, 5, 11], [6, 19, 7, 20], [17, 8, 18, 9], [10, 4, 11, 3], [12, 22, 13, 21], [14, 24, 15, 23], [9, 16, 10, 17], [18, 2, 19, 1], [20, 5, 21, 6], [22, 14, 23, 13], [24, 16, 1, 15], [2, 8, 3, 7]]"
12n_0793_11,"[[2, 8, 3, 7], [4, 12, 5, 11], [6, 19, 7, 20], [17, 8, 18, 9], [10, 4, 11, 3], [12, 22, 13, 21], [14, 24, 15, 23], [9, 16, 10, 17], [18, 2, 19, 1], [20, 5, 21, 6], [22, 14, 23, 13], [24, 16, 1, 15]]"
12n_0793_12,"[[1, 17, 2, 16], [3, 9, 4, 8], [5, 13, 6, 12], [7, 20, 8, 21], [18, 9, 19, 10], [11, 5, 12, 4], [13, 23, 14, 22], [15, 1, 16, 24], [10, 17, 11, 18], [19, 3, 20, 2], [21, 6, 22, 7], [23, 15, 24, 14]]"
12n_0793_13,"[[23, 15, 24, 14], [1, 17, 2, 16], [3, 9, 4, 8], [5, 13, 6, 12], [7, 20, 8, 21], [18, 9, 19, 10], [11, 5, 12, 4], [13, 23, 14, 22], [15, 1, 16, 24], [10, 17, 11, 18], [19, 3, 20, 2], [21, 6, 22, 7]]"
12n_0793_14,"[[21, 6, 22, 7], [23, 15, 24, 14], [1, 17, 2, 16], [3, 9, 4, 8], [5, 13, 6, 12], [7, 20, 8, 21], [18, 9, 19, 10], [11, 5, 12, 4], [13, 23, 14, 22], [15, 1, 16, 24], [10, 17, 11, 18], [19, 3, 20, 2]]"
12n_0793_15,"[[19, 3, 20, 2], [21, 6, 22, 7], [23, 15, 24, 14], [1, 17, 2, 16], [3, 9, 4, 8], [5, 13, 6, 12], [7, 20, 8, 21], [18, 9, 19, 10], [11, 5, 12, 4], [13, 23, 14, 22], [15, 1, 16, 24], [10, 17, 11, 18]]"
12n_0793_16,"[[10, 17, 11, 18], [19, 3, 20, 2], [21, 6, 22, 7], [23, 15, 24, 14], [1, 17, 2, 16], [3, 9, 4, 8], [5, 13, 6, 12], [7, 20, 8, 21], [18, 9, 19, 10], [11, 5, 12, 4], [13, 23, 14, 22], [15, 1, 16, 24]]"
12n_0793_17,"[[15, 1, 16, 24], [10, 17, 11, 18], [19, 3, 20, 2], [21, 6, 22, 7], [23, 15, 24, 14], [1, 17, 2, 16], [3, 9, 4, 8], [5, 13, 6, 12], [7, 20, 8, 21], [18, 9, 19, 10], [11, 5, 12, 4], [13, 23, 14, 22]]"
12n_0793_18,"[[13, 23, 14, 22], [15, 1, 16, 24], [10, 17, 11, 18], [19, 3, 20, 2], [21, 6, 22, 7], [23, 15, 24, 14], [1, 17, 2, 16], [3, 9, 4, 8], [5, 13, 6, 12], [7, 20, 8, 21], [18, 9, 19, 10], [11, 5, 12, 4]]"
12n_0793_19,"[[11, 5, 12, 4], [13, 23, 14, 22], [15, 1, 16, 24], [10, 17, 11, 18], [19, 3, 20, 2], [21, 6, 22, 7], [23, 15, 24, 14], [1, 17, 2, 16], [3, 9, 4, 8], [5, 13, 6, 12], [7, 20, 8, 21], [18, 9, 19, 10]]"
12n_0793_20,"[[18, 9, 19, 10], [11, 5, 12, 4], [13, 23, 14, 22], [15, 1, 16, 24], [10, 17, 11, 18], [19, 3, 20, 2], [21, 6, 22, 7], [23, 15, 24, 14], [1, 17, 2, 16], [3, 9, 4, 8], [5, 13, 6, 12], [7, 20, 8, 21]]"
12n_0793_21,"[[7, 20, 8, 21], [18, 9, 19, 10], [11, 5, 12, 4], [13, 23, 14, 22], [15, 1, 16, 24], [10, 17, 11, 18], [19, 3, 20, 2], [21, 6, 22, 7], [23, 15, 24, 14], [1, 17, 2, 16], [3, 9, 4, 8], [5, 13, 6, 12]]"
12n_0793_22,"[[5, 13, 6, 12], [7, 20, 8, 21], [18, 9, 19, 10], [11, 5, 12, 4], [13, 23, 14, 22], [15, 1, 16, 24], [10, 17, 11, 18], [19, 3, 20, 2], [21, 6, 22, 7], [23, 15, 24, 14], [1, 17, 2, 16], [3, 9, 4, 8]]"
12n_0793_23,"[[3, 9, 4, 8], [5, 13, 6, 12], [7, 20, 8, 21], [18, 9, 19, 10], [11, 5, 12, 4], [13, 23, 14, 22], [15, 1, 16, 24], [10, 17, 11, 18], [19, 3, 20, 2], [21, 6, 22, 7], [23, 15, 24, 14], [1, 17, 2, 16]]"
12n_0793_24,"[[2, 18, 3, 17], [4, 10, 5, 9], [6, 14, 7, 13], [8, 21, 9, 22], [19, 10, 20, 11], [12, 6, 13, 5], [14, 24, 15, 23], [16, 2, 17, 1], [11, 18, 12, 19], [20, 4, 21, 3], [22, 7, 23, 8], [24, 16, 1, 15]]"
12n_0793_25,"[[24, 16, 1, 15], [2, 18, 3, 17], [4, 10, 5, 9], [6, 14, 7, 13], [8, 21, 9, 22], [19, 10, 20, 11], [12, 6, 13, 5], [14, 24, 15, 23], [16, 2, 17, 1], [11, 18, 12, 19], [20, 4, 21, 3], [22, 7, 23, 8]]"
12n_0793_26,"[[22, 7, 23, 8], [24, 16, 1, 15], [2, 18, 3, 17], [4, 10, 5, 9], [6, 14, 7, 13], [8, 21, 9, 22], [19, 10, 20, 11], [12, 6, 13, 5], [14, 24, 15, 23], [16, 2, 17, 1], [11, 18, 12, 19], [20, 4, 21, 3]]"
12n_0793_27,"[[20, 4, 21, 3], [22, 7, 23, 8], [24, 16, 1, 15], [2, 18, 3, 17], [4, 10, 5, 9], [6, 14, 7, 13], [8, 21, 9, 22], [19, 10, 20, 11], [12, 6, 13, 5], [14, 24, 15, 23], [16, 2, 17, 1], [11, 18, 12, 19]]"
12n_0793_28,"[[11, 18, 12, 19], [20, 4, 21, 3], [22, 7, 23, 8], [24, 16, 1, 15], [2, 18, 3, 17], [4, 10, 5, 9], [6, 14, 7, 13], [8, 21, 9, 22], [19, 10, 20, 11], [12, 6, 13, 5], [14, 24, 15, 23], [16, 2, 17, 1]]"
12n_0793_29,"[[16, 2, 17, 1], [11, 18, 12, 19], [20, 4, 21, 3], [22, 7, 23, 8], [24, 16, 1, 15], [2, 18, 3, 17], [4, 10, 5, 9], [6, 14, 7, 13], [8, 21, 9, 22], [19, 10, 20, 11], [12, 6, 13, 5], [14, 24, 15, 23]]"
12n_0793_30,"[[14, 24, 15, 23], [16, 2, 17, 1], [11, 18, 12, 19], [20, 4, 21, 3], [22, 7, 23, 8], [24, 16, 1, 15], [2, 18, 3, 17], [4, 10, 5, 9], [6, 14, 7, 13], [8, 21, 9, 22], [19, 10, 20, 11], [12, 6, 13, 5]]"
12n_0793_31,"[[12, 6, 13, 5], [14, 24, 15, 23], [16, 2, 17, 1], [11, 18, 12, 19], [20, 4, 21, 3], [22, 7, 23, 8], [24, 16, 1, 15], [2, 18, 3, 17], [4, 10, 5, 9], [6, 14, 7, 13], [8, 21, 9, 22], [19, 10, 20, 11]]"
12n_0793_32,"[[19, 10, 20, 11], [12, 6, 13, 5], [14, 24, 15, 23], [16, 2, 17, 1], [11, 18, 12, 19], [20, 4, 21, 3], [22, 7, 23, 8], [24, 16, 1, 15], [2, 18, 3, 17], [4, 10, 5, 9], [6, 14, 7, 13], [8, 21, 9, 22]]"
12n_0793_33,"[[8, 21, 9, 22], [19, 10, 20, 11], [12, 6, 13, 5], [14, 24, 15, 23], [16, 2, 17, 1], [11, 18, 12, 19], [20, 4, 21, 3], [22, 7, 23, 8], [24, 16, 1, 15], [2, 18, 3, 17], [4, 10, 5, 9], [6, 14, 7, 13]]"
12n_0793_34,"[[6, 14, 7, 13], [8, 21, 9, 22], [19, 10, 20, 11], [12, 6, 13, 5], [14, 24, 15, 23], [16, 2, 17, 1], [11, 18, 12, 19], [20, 4, 21, 3], [22, 7, 23, 8], [24, 16, 1, 15], [2, 18, 3, 17], [4, 10, 5, 9]]"
12n_0793_35,"[[4, 10, 5, 9], [6, 14, 7, 13], [8, 21, 9, 22], [19, 10, 20, 11], [12, 6, 13, 5], [14, 24, 15, 23], [16, 2, 17, 1], [11, 18, 12, 19], [20, 4, 21, 3], [22, 7, 23, 8], [24, 16, 1, 15], [2, 18, 3, 17]]"
12n_0793_36,"[[3, 19, 4, 18], [5, 11, 6, 10], [7, 15, 8, 14], [9, 22, 10, 23], [20, 11, 21, 12], [13, 7, 14, 6], [15, 1, 16, 24], [17, 3, 18, 2], [12, 19, 13, 20], [21, 5, 22, 4], [23, 8, 24, 9], [1, 17, 2, 16]]"
12n_0793_37,"[[1, 17, 2, 16], [3, 19, 4, 18], [5, 11, 6, 10], [7, 15, 8, 14], [9, 22, 10, 23], [20, 11, 21, 12], [13, 7, 14, 6], [15, 1, 16, 24], [17, 3, 18, 2], [12, 19, 13, 20], [21, 5, 22, 4], [23, 8, 24, 9]]"
12n_0793_38,"[[23, 8, 24, 9], [1, 17, 2, 16], [3, 19, 4, 18], [5, 11, 6, 10], [7, 15, 8, 14], [9, 22, 10, 23], [20, 11, 21, 12], [13, 7, 14, 6], [15, 1, 16, 24], [17, 3, 18, 2], [12, 19, 13, 20], [21, 5, 22, 4]]"
12n_0793_39,"[[21, 5, 22, 4], [23, 8, 24, 9], [1, 17, 2, 16], [3, 19, 4, 18], [5, 11, 6, 10], [7, 15, 8, 14], [9, 22, 10, 23], [20, 11, 21, 12], [13, 7, 14, 6], [15, 1, 16, 24], [17, 3, 18, 2], [12, 19, 13, 20]]"
12n_0793_40,"[[12, 19, 13, 20], [21, 5, 22, 4], [23, 8, 24, 9], [1, 17, 2, 16], [3, 19, 4, 18], [5, 11, 6, 10], [7, 15, 8, 14], [9, 22, 10, 23], [20, 11, 21, 12], [13, 7, 14, 6], [15, 1, 16, 24], [17, 3, 18, 2]]"
12n_0793_41,"[[17, 3, 18, 2], [12, 19, 13, 20], [21, 5, 22, 4], [23, 8, 24, 9], [1, 17, 2, 16], [3, 19, 4, 18], [5, 11, 6, 10], [7, 15, 8, 14], [9, 22, 10, 23], [20, 11, 21, 12], [13, 7, 14, 6], [15, 1, 16, 24]]"
12n_0793_42,"[[15, 1, 16, 24], [17, 3, 18, 2], [12, 19, 13, 20], [21, 5, 22, 4], [23, 8, 24, 9], [1, 17, 2, 16], [3, 19, 4, 18], [5, 11, 6, 10], [7, 15, 8, 14], [9, 22, 10, 23], [20, 11, 21, 12], [13, 7, 14, 6]]"
12n_0793_43,"[[13, 7, 14, 6], [15, 1, 16, 24], [17, 3, 18, 2], [12, 19, 13, 20], [21, 5, 22, 4], [23, 8, 24, 9], [1, 17, 2, 16], [3, 19, 4, 18], [5, 11, 6, 10], [7, 15, 8, 14], [9, 22, 10, 23], [20, 11, 21, 12]]"
12n_0793_44,"[[20, 11, 21, 12], [13, 7, 14, 6], [15, 1, 16, 24], [17, 3, 18, 2], [12, 19, 13, 20], [21, 5, 22, 4], [23, 8, 24, 9], [1, 17, 2, 16], [3, 19, 4, 18], [5, 11, 6, 10], [7, 15, 8, 14], [9, 22, 10, 23]]"
12n_0793_45,"[[9, 22, 10, 23], [20, 11, 21, 12], [13, 7, 14, 6], [15, 1, 16, 24], [17, 3, 18, 2], [12, 19, 13, 20], [21, 5, 22, 4], [23, 8, 24, 9], [1, 17, 2, 16], [3, 19, 4, 18], [5, 11, 6, 10], [7, 15, 8, 14]]"
12n_0793_46,"[[7, 15, 8, 14], [9, 22, 10, 23], [20, 11, 21, 12], [13, 7, 14, 6], [15, 1, 16, 24], [17, 3, 18, 2], [12, 19, 13, 20], [21, 5, 22, 4], [23, 8, 24, 9], [1, 17, 2, 16], [3, 19, 4, 18], [5, 11, 6, 10]]"
12n_0793_47,"[[5, 11, 6, 10], [7, 15, 8, 14], [9, 22, 10, 23], [20, 11, 21, 12], [13, 7, 14, 6], [15, 1, 16, 24], [17, 3, 18, 2], [12, 19, 13, 20], [21, 5, 22, 4], [23, 8, 24, 9], [1, 17, 2, 16], [3, 19, 4, 18]]"
12n_0793_48,"[[4, 20, 5, 19], [6, 12, 7, 11], [8, 16, 9, 15], [10, 23, 11, 24], [21, 12, 22, 13], [14, 8, 15, 7], [16, 2, 17, 1], [18, 4, 19, 3], [13, 20, 14, 21], [22, 6, 23, 5], [24, 9, 1, 10], [2, 18, 3, 17]]"
12n_0793_49,"[[2, 18, 3, 17], [4, 20, 5, 19], [6, 12, 7, 11], [8, 16, 9, 15], [10, 23, 11, 24], [21, 12, 22, 13], [14, 8, 15, 7], [16, 2, 17, 1], [18, 4, 19, 3], [13, 20, 14, 21], [22, 6, 23, 5], [24, 9, 1, 10]]"
12n_0793_50,"[[24, 9, 1, 10], [2, 18, 3, 17], [4, 20, 5, 19], [6, 12, 7, 11], [8, 16, 9, 15], [10, 23, 11, 24], [21, 12, 22, 13], [14, 8, 15, 7], [16, 2, 17, 1], [18, 4, 19, 3], [13, 20, 14, 21], [22, 6, 23, 5]]"
12n_0793_51,"[[22, 6, 23, 5], [24, 9, 1, 10], [2, 18, 3, 17], [4, 20, 5, 19], [6, 12, 7, 11], [8, 16, 9, 15], [10, 23, 11, 24], [21, 12, 22, 13], [14, 8, 15, 7], [16, 2, 17, 1], [18, 4, 19, 3], [13, 20, 14, 21]]"
12n_0793_52,"[[13, 20, 14, 21], [22, 6, 23, 5], [24, 9, 1, 10], [2, 18, 3, 17], [4, 20, 5, 19], [6, 12, 7, 11], [8, 16, 9, 15], [10, 23, 11, 24], [21, 12, 22, 13], [14, 8, 15, 7], [16, 2, 17, 1], [18, 4, 19, 3]]"
12n_0793_53,"[[18, 4, 19, 3], [13, 20, 14, 21], [22, 6, 23, 5], [24, 9, 1, 10], [2, 18, 3, 17], [4, 20, 5, 19], [6, 12, 7, 11], [8, 16, 9, 15], [10, 23, 11, 24], [21, 12, 22, 13], [14, 8, 15, 7], [16, 2, 17, 1]]"
12n_0793_54,"[[16, 2, 17, 1], [18, 4, 19, 3], [13, 20, 14, 21], [22, 6, 23, 5], [24, 9, 1, 10], [2, 18, 3, 17], [4, 20, 5, 19], [6, 12, 7, 11], [8, 16, 9, 15], [10, 23, 11, 24], [21, 12, 22, 13], [14, 8, 15, 7]]"
12n_0793_55,"[[14, 8, 15, 7], [16, 2, 17, 1], [18, 4, 19, 3], [13, 20, 14, 21], [22, 6, 23, 5], [24, 9, 1, 10], [2, 18, 3, 17], [4, 20, 5, 19], [6, 12, 7, 11], [8, 16, 9, 15], [10, 23, 11, 24], [21, 12, 22, 13]]"
12n_0793_56,"[[21, 12, 22, 13], [14, 8, 15, 7], [16, 2, 17, 1], [18, 4, 19, 3], [13, 20, 14, 21], [22, 6, 23, 5], [24, 9, 1, 10], [2, 18, 3, 17], [4, 20, 5, 19], [6, 12, 7, 11], [8, 16, 9, 15], [10, 23, 11, 24]]"
12n_0793_57,"[[10, 23, 11, 24], [21, 12, 22, 13], [14, 8, 15, 7], [16, 2, 17, 1], [18, 4, 19, 3], [13, 20, 14, 21], [22, 6, 23, 5], [24, 9, 1, 10], [2, 18, 3, 17], [4, 20, 5, 19], [6, 12, 7, 11], [8, 16, 9, 15]]"
12n_0793_58,"[[8, 16, 9, 15], [10, 23, 11, 24], [21, 12, 22, 13], [14, 8, 15, 7], [16, 2, 17, 1], [18, 4, 19, 3], [13, 20, 14, 21], [22, 6, 23, 5], [24, 9, 1, 10], [2, 18, 3, 17], [4, 20, 5, 19], [6, 12, 7, 11]]"
12n_0793_59,"[[6, 12, 7, 11], [8, 16, 9, 15], [10, 23, 11, 24], [21, 12, 22, 13], [14, 8, 15, 7], [16, 2, 17, 1], [18, 4, 19, 3], [13, 20, 14, 21], [22, 6, 23, 5], [24, 9, 1, 10], [2, 18, 3, 17], [4, 20, 5, 19]]"
12n_0793_60,"[[5, 21, 6, 20], [7, 13, 8, 12], [9, 17, 10, 16], [11, 24, 12, 1], [22, 13, 23, 14], [15, 9, 16, 8], [17, 3, 18, 2], [19, 5, 20, 4], [14, 21, 15, 22], [23, 7, 24, 6], [1, 10, 2, 11], [3, 19, 4, 18]]"
12n_0793_61,"[[3, 19, 4, 18], [5, 21, 6, 20], [7, 13, 8, 12], [9, 17, 10, 16], [11, 24, 12, 1], [22, 13, 23, 14], [15, 9, 16, 8], [17, 3, 18, 2], [19, 5, 20, 4], [14, 21, 15, 22], [23, 7, 24, 6], [1, 10, 2, 11]]"
12n_0793_62,"[[1, 10, 2, 11], [3, 19, 4, 18], [5, 21, 6, 20], [7, 13, 8, 12], [9, 17, 10, 16], [11, 24, 12, 1], [22, 13, 23, 14], [15, 9, 16, 8], [17, 3, 18, 2], [19, 5, 20, 4], [14, 21, 15, 22], [23, 7, 24, 6]]"
12n_0793_63,"[[23, 7, 24, 6], [1, 10, 2, 11], [3, 19, 4, 18], [5, 21, 6, 20], [7, 13, 8, 12], [9, 17, 10, 16], [11, 24, 12, 1], [22, 13, 23, 14], [15, 9, 16, 8], [17, 3, 18, 2], [19, 5, 20, 4], [14, 21, 15, 22]]"
12n_0793_64,"[[14, 21, 15, 22], [23, 7, 24, 6], [1, 10, 2, 11], [3, 19, 4, 18], [5, 21, 6, 20], [7, 13, 8, 12], [9, 17, 10, 16], [11, 24, 12, 1], [22, 13, 23, 14], [15, 9, 16, 8], [17, 3, 18, 2], [19, 5, 20, 4]]"
12n_0793_65,"[[19, 5, 20, 4], [14, 21, 15, 22], [23, 7, 24, 6], [1, 10, 2, 11], [3, 19, 4, 18], [5, 21, 6, 20], [7, 13, 8, 12], [9, 17, 10, 16], [11, 24, 12, 1], [22, 13, 23, 14], [15, 9, 16, 8], [17, 3, 18, 2]]"
12n_0793_66,"[[17, 3, 18, 2], [19, 5, 20, 4], [14, 21, 15, 22], [23, 7, 24, 6], [1, 10, 2, 11], [3, 19, 4, 18], [5, 21, 6, 20], [7, 13, 8, 12], [9, 17, 10, 16], [11, 24, 12, 1], [22, 13, 23, 14], [15, 9, 16, 8]]"
12n_0793_67,"[[15, 9, 16, 8], [17, 3, 18, 2], [19, 5, 20, 4], [14, 21, 15, 22], [23, 7, 24, 6], [1, 10, 2, 11], [3, 19, 4, 18], [5, 21, 6, 20], [7, 13, 8, 12], [9, 17, 10, 16], [11, 24, 12, 1], [22, 13, 23, 14]]"
12n_0793_68,"[[22, 13, 23, 14], [15, 9, 16, 8], [17, 3, 18, 2], [19, 5, 20, 4], [14, 21, 15, 22], [23, 7, 24, 6], [1, 10, 2, 11], [3, 19, 4, 18], [5, 21, 6, 20], [7, 13, 8, 12], [9, 17, 10, 16], [11, 24, 12, 1]]"
12n_0793_69,"[[11, 24, 12, 1], [22, 13, 23, 14], [15, 9, 16, 8], [17, 3, 18, 2], [19, 5, 20, 4], [14, 21, 15, 22], [23, 7, 24, 6], [1, 10, 2, 11], [3, 19, 4, 18], [5, 21, 6, 20], [7, 13, 8, 12], [9, 17, 10, 16]]"
12n_0793_70,"[[9, 17, 10, 16], [11, 24, 12, 1], [22, 13, 23, 14], [15, 9, 16, 8], [17, 3, 18, 2], [19, 5, 20, 4], [14, 21, 15, 22], [23, 7, 24, 6], [1, 10, 2, 11], [3, 19, 4, 18], [5, 21, 6, 20], [7, 13, 8, 12]]"
12n_0793_71,"[[7, 13, 8, 12], [9, 17, 10, 16], [11, 24, 12, 1], [22, 13, 23, 14], [15, 9, 16, 8], [17, 3, 18, 2], [19, 5, 20, 4], [14, 21, 15, 22], [23, 7, 24, 6], [1, 10, 2, 11], [3, 19, 4, 18], [5, 21, 6, 20]]"
12n_0793_72,"[[6, 22, 7, 21], [8, 14, 9, 13], [10, 18, 11, 17], [12, 1, 13, 2], [23, 14, 24, 15], [16, 10, 17, 9], [18, 4, 19, 3], [20, 6, 21, 5], [15, 22, 16, 23], [24, 8, 1, 7], [2, 11, 3, 12], [4, 20, 5, 19]]"
12n_0793_73,"[[4, 20, 5, 19], [6, 22, 7, 21], [8, 14, 9, 13], [10, 18, 11, 17], [12, 1, 13, 2], [23, 14, 24, 15], [16, 10, 17, 9], [18, 4, 19, 3], [20, 6, 21, 5], [15, 22, 16, 23], [24, 8, 1, 7], [2, 11, 3, 12]]"
12n_0793_74,"[[2, 11, 3, 12], [4, 20, 5, 19], [6, 22, 7, 21], [8, 14, 9, 13], [10, 18, 11, 17], [12, 1, 13, 2], [23, 14, 24, 15], [16, 10, 17, 9], [18, 4, 19, 3], [20, 6, 21, 5], [15, 22, 16, 23], [24, 8, 1, 7]]"
12n_0793_75,"[[24, 8, 1, 7], [2, 11, 3, 12], [4, 20, 5, 19], [6, 22, 7, 21], [8, 14, 9, 13], [10, 18, 11, 17], [12, 1, 13, 2], [23, 14, 24, 15], [16, 10, 17, 9], [18, 4, 19, 3], [20, 6, 21, 5], [15, 22, 16, 23]]"
12n_0793_76,"[[15, 22, 16, 23], [24, 8, 1, 7], [2, 11, 3, 12], [4, 20, 5, 19], [6, 22, 7, 21], [8, 14, 9, 13], [10, 18, 11, 17], [12, 1, 13, 2], [23, 14, 24, 15], [16, 10, 17, 9], [18, 4, 19, 3], [20, 6, 21, 5]]"
12n_0793_77,"[[20, 6, 21, 5], [15, 22, 16, 23], [24, 8, 1, 7], [2, 11, 3, 12], [4, 20, 5, 19], [6, 22, 7, 21], [8, 14, 9, 13], [10, 18, 11, 17], [12, 1, 13, 2], [23, 14, 24, 15], [16, 10, 17, 9], [18, 4, 19, 3]]"
12n_0793_78,"[[18, 4, 19, 3], [20, 6, 21, 5], [15, 22, 16, 23], [24, 8, 1, 7], [2, 11, 3, 12], [4, 20, 5, 19], [6, 22, 7, 21], [8, 14, 9, 13], [10, 18, 11, 17], [12, 1, 13, 2], [23, 14, 24, 15], [16, 10, 17, 9]]"
12n_0793_79,"[[16, 10, 17, 9], [18, 4, 19, 3], [20, 6, 21, 5], [15, 22, 16, 23], [24, 8, 1, 7], [2, 11, 3, 12], [4, 20, 5, 19], [6, 22, 7, 21], [8, 14, 9, 13], [10, 18, 11, 17], [12, 1, 13, 2], [23, 14, 24, 15]]"
12n_0793_80,"[[23, 14, 24, 15], [16, 10, 17, 9], [18, 4, 19, 3], [20, 6, 21, 5], [15, 22, 16, 23], [24, 8, 1, 7], [2, 11, 3, 12], [4, 20, 5, 19], [6, 22, 7, 21], [8, 14, 9, 13], [10, 18, 11, 17], [12, 1, 13, 2]]"
12n_0793_81,"[[12, 1, 13, 2], [23, 14, 24, 15], [16, 10, 17, 9], [18, 4, 19, 3], [20, 6, 21, 5], [15, 22, 16, 23], [24, 8, 1, 7], [2, 11, 3, 12], [4, 20, 5, 19], [6, 22, 7, 21], [8, 14, 9, 13], [10, 18, 11, 17]]"
12n_0793_82,"[[10, 18, 11, 17], [12, 1, 13, 2], [23, 14, 24, 15], [16, 10, 17, 9], [18, 4, 19, 3], [20, 6, 21, 5], [15, 22, 16, 23], [24, 8, 1, 7], [2, 11, 3, 12], [4, 20, 5, 19], [6, 22, 7, 21], [8, 14, 9, 13]]"
12n_0793_83,"[[8, 14, 9, 13], [10, 18, 11, 17], [12, 1, 13, 2], [23, 14, 24, 15], [16, 10, 17, 9], [18, 4, 19, 3], [20, 6, 21, 5], [15, 22, 16, 23], [24, 8, 1, 7], [2, 11, 3, 12], [4, 20, 5, 19], [6, 22, 7, 21]]"
12n_0793_84,"[[7, 23, 8, 22], [9, 15, 10, 14], [11, 19, 12, 18], [13, 2, 14, 3], [24, 15, 1, 16], [17, 11, 18, 10], [19, 5, 20, 4], [21, 7, 22, 6], [16, 23, 17, 24], [1, 9, 2, 8], [3, 12, 4, 13], [5, 21, 6, 20]]"
12n_0793_85,"[[5, 21, 6, 20], [7, 23, 8, 22], [9, 15, 10, 14], [11, 19, 12, 18], [13, 2, 14, 3], [24, 15, 1, 16], [17, 11, 18, 10], [19, 5, 20, 4], [21, 7, 22, 6], [16, 23, 17, 24], [1, 9, 2, 8], [3, 12, 4, 13]]"
12n_0793_86,"[[3, 12, 4, 13], [5, 21, 6, 20], [7, 23, 8, 22], [9, 15, 10, 14], [11, 19, 12, 18], [13, 2, 14, 3], [24, 15, 1, 16], [17, 11, 18, 10], [19, 5, 20, 4], [21, 7, 22, 6], [16, 23, 17, 24], [1, 9, 2, 8]]"
12n_0793_87,"[[1, 9, 2, 8], [3, 12, 4, 13], [5, 21, 6, 20], [7, 23, 8, 22], [9, 15, 10, 14], [11, 19, 12, 18], [13, 2, 14, 3], [24, 15, 1, 16], [17, 11, 18, 10], [19, 5, 20, 4], [21, 7, 22, 6], [16, 23, 17, 24]]"
12n_0793_88,"[[16, 23, 17, 24], [1, 9, 2, 8], [3, 12, 4, 13], [5, 21, 6, 20], [7, 23, 8, 22], [9, 15, 10, 14], [11, 19, 12, 18], [13, 2, 14, 3], [24, 15, 1, 16], [17, 11, 18, 10], [19, 5, 20, 4], [21, 7, 22, 6]]"
12n_0793_89,"[[21, 7, 22, 6], [16, 23, 17, 24], [1, 9, 2, 8], [3, 12, 4, 13], [5, 21, 6, 20], [7, 23, 8, 22], [9, 15, 10, 14], [11, 19, 12, 18], [13, 2, 14, 3], [24, 15, 1, 16], [17, 11, 18, 10], [19, 5, 20, 4]]"
12n_0793_90,"[[19, 5, 20, 4], [21, 7, 22, 6], [16, 23, 17, 24], [1, 9, 2, 8], [3, 12, 4, 13], [5, 21, 6, 20], [7, 23, 8, 22], [9, 15, 10, 14], [11, 19, 12, 18], [13, 2, 14, 3], [24, 15, 1, 16], [17, 11, 18, 10]]"
12n_0793_91,"[[17, 11, 18, 10], [19, 5, 20, 4], [21, 7, 22, 6], [16, 23, 17, 24], [1, 9, 2, 8], [3, 12, 4, 13], [5, 21, 6, 20], [7, 23, 8, 22], [9, 15, 10, 14], [11, 19, 12, 18], [13, 2, 14, 3], [24, 15, 1, 16]]"
12n_0793_92,"[[24, 15, 1, 16], [17, 11, 18, 10], [19, 5, 20, 4], [21, 7, 22, 6], [16, 23, 17, 24], [1, 9, 2, 8], [3, 12, 4, 13], [5, 21, 6, 20], [7, 23, 8, 22], [9, 15, 10, 14], [11, 19, 12, 18], [13, 2, 14, 3]]"
12n_0793_93,"[[13, 2, 14, 3], [24, 15, 1, 16], [17, 11, 18, 10], [19, 5, 20, 4], [21, 7, 22, 6], [16, 23, 17, 24], [1, 9, 2, 8], [3, 12, 4, 13], [5, 21, 6, 20], [7, 23, 8, 22], [9, 15, 10, 14], [11, 19, 12, 18]]"
12n_0793_94,"[[11, 19, 12, 18], [13, 2, 14, 3], [24, 15, 1, 16], [17, 11, 18, 10], [19, 5, 20, 4], [21, 7, 22, 6], [16, 23, 17, 24], [1, 9, 2, 8], [3, 12, 4, 13], [5, 21, 6, 20], [7, 23, 8, 22], [9, 15, 10, 14]]"
12n_0793_95,"[[9, 15, 10, 14], [11, 19, 12, 18], [13, 2, 14, 3], [24, 15, 1, 16], [17, 11, 18, 10], [19, 5, 20, 4], [21, 7, 22, 6], [16, 23, 17, 24], [1, 9, 2, 8], [3, 12, 4, 13], [5, 21, 6, 20], [7, 23, 8, 22]]"
12n_0793_96,"[[8, 24, 9, 23], [10, 16, 11, 15], [12, 20, 13, 19], [14, 3, 15, 4], [1, 16, 2, 17], [18, 12, 19, 11], [20, 6, 21, 5], [22, 8, 23, 7], [17, 24, 18, 1], [2, 10, 3, 9], [4, 13, 5, 14], [6, 22, 7, 21]]"
12n_0793_97,"[[6, 22, 7, 21], [8, 24, 9, 23], [10, 16, 11, 15], [12, 20, 13, 19], [14, 3, 15, 4], [1, 16, 2, 17], [18, 12, 19, 11], [20, 6, 21, 5], [22, 8, 23, 7], [17, 24, 18, 1], [2, 10, 3, 9], [4, 13, 5, 14]]"
12n_0793_98,"[[4, 13, 5, 14], [6, 22, 7, 21], [8, 24, 9, 23], [10, 16, 11, 15], [12, 20, 13, 19], [14, 3, 15, 4], [1, 16, 2, 17], [18, 12, 19, 11], [20, 6, 21, 5], [22, 8, 23, 7], [17, 24, 18, 1], [2, 10, 3, 9]]"
12n_0793_99,"[[2, 10, 3, 9], [4, 13, 5, 14], [6, 22, 7, 21], [8, 24, 9, 23], [10, 16, 11, 15], [12, 20, 13, 19], [14, 3, 15, 4], [1, 16, 2, 17], [18, 12, 19, 11], [20, 6, 21, 5], [22, 8, 23, 7], [17, 24, 18, 1]]"
12n_0793_100,"[[17, 24, 18, 1], [2, 10, 3, 9], [4, 13, 5, 14], [6, 22, 7, 21], [8, 24, 9, 23], [10, 16, 11, 15], [12, 20, 13, 19], [14, 3, 15, 4], [1, 16, 2, 17], [18, 12, 19, 11], [20, 6, 21, 5], [22, 8, 23, 7]]"
12n_0793_101,"[[22, 8, 23, 7], [17, 24, 18, 1], [2, 10, 3, 9], [4, 13, 5, 14], [6, 22, 7, 21], [8, 24, 9, 23], [10, 16, 11, 15], [12, 20, 13, 19], [14, 3, 15, 4], [1, 16, 2, 17], [18, 12, 19, 11], [20, 6, 21, 5]]"
12n_0793_102,"[[20, 6, 21, 5], [22, 8, 23, 7], [17, 24, 18, 1], [2, 10, 3, 9], [4, 13, 5, 14], [6, 22, 7, 21], [8, 24, 9, 23], [10, 16, 11, 15], [12, 20, 13, 19], [14, 3, 15, 4], [1, 16, 2, 17], [18, 12, 19, 11]]"
12n_0793_103,"[[18, 12, 19, 11], [20, 6, 21, 5], [22, 8, 23, 7], [17, 24, 18, 1], [2, 10, 3, 9], [4, 13, 5, 14], [6, 22, 7, 21], [8, 24, 9, 23], [10, 16, 11, 15], [12, 20, 13, 19], [14, 3, 15, 4], [1, 16, 2, 17]]"
12n_0793_104,"[[1, 16, 2, 17], [18, 12, 19, 11], [20, 6, 21, 5], [22, 8, 23, 7], [17, 24, 18, 1], [2, 10, 3, 9], [4, 13, 5, 14], [6, 22, 7, 21], [8, 24, 9, 23], [10, 16, 11, 15], [12, 20, 13, 19], [14, 3, 15, 4]]"
12n_0793_105,"[[14, 3, 15, 4], [1, 16, 2, 17], [18, 12, 19, 11], [20, 6, 21, 5], [22, 8, 23, 7], [17, 24, 18, 1], [2, 10, 3, 9], [4, 13, 5, 14], [6, 22, 7, 21], [8, 24, 9, 23], [10, 16, 11, 15], [12, 20, 13, 19]]"
12n_0793_106,"[[12, 20, 13, 19], [14, 3, 15, 4], [1, 16, 2, 17], [18, 12, 19, 11], [20, 6, 21, 5], [22, 8, 23, 7], [17, 24, 18, 1], [2, 10, 3, 9], [4, 13, 5, 14], [6, 22, 7, 21], [8, 24, 9, 23], [10, 16, 11, 15]]"
12n_0793_107,"[[10, 16, 11, 15], [12, 20, 13, 19], [14, 3, 15, 4], [1, 16, 2, 17], [18, 12, 19, 11], [20, 6, 21, 5], [22, 8, 23, 7], [17, 24, 18, 1], [2, 10, 3, 9], [4, 13, 5, 14], [6, 22, 7, 21], [8, 24, 9, 23]]"
12n_0793_108,"[[9, 1, 10, 24], [11, 17, 12, 16], [13, 21, 14, 20], [15, 4, 16, 5], [2, 17, 3, 18], [19, 13, 20, 12], [21, 7, 22, 6], [23, 9, 24, 8], [18, 1, 19, 2], [3, 11, 4, 10], [5, 14, 6, 15], [7, 23, 8, 22]]"
12n_0793_109,"[[7, 23, 8, 22], [9, 1, 10, 24], [11, 17, 12, 16], [13, 21, 14, 20], [15, 4, 16, 5], [2, 17, 3, 18], [19, 13, 20, 12], [21, 7, 22, 6], [23, 9, 24, 8], [18, 1, 19, 2], [3, 11, 4, 10], [5, 14, 6, 15]]"
12n_0793_110,"[[5, 14, 6, 15], [7, 23, 8, 22], [9, 1, 10, 24], [11, 17, 12, 16], [13, 21, 14, 20], [15, 4, 16, 5], [2, 17, 3, 18], [19, 13, 20, 12], [21, 7, 22, 6], [23, 9, 24, 8], [18, 1, 19, 2], [3, 11, 4, 10]]"
12n_0793_111,"[[3, 11, 4, 10], [5, 14, 6, 15], [7, 23, 8, 22], [9, 1, 10, 24], [11, 17, 12, 16], [13, 21, 14, 20], [15, 4, 16, 5], [2, 17, 3, 18], [19, 13, 20, 12], [21, 7, 22, 6], [23, 9, 24, 8], [18, 1, 19, 2]]"
12n_0793_112,"[[18, 1, 19, 2], [3, 11, 4, 10], [5, 14, 6, 15], [7, 23, 8, 22], [9, 1, 10, 24], [11, 17, 12, 16], [13, 21, 14, 20], [15, 4, 16, 5], [2, 17, 3, 18], [19, 13, 20, 12], [21, 7, 22, 6], [23, 9, 24, 8]]"
12n_0793_113,"[[23, 9, 24, 8], [18, 1, 19, 2], [3, 11, 4, 10], [5, 14, 6, 15], [7, 23, 8, 22], [9, 1, 10, 24], [11, 17, 12, 16], [13, 21, 14, 20], [15, 4, 16, 5], [2, 17, 3, 18], [19, 13, 20, 12], [21, 7, 22, 6]]"
12n_0793_114,"[[21, 7, 22, 6], [23, 9, 24, 8], [18, 1, 19, 2], [3, 11, 4, 10], [5, 14, 6, 15], [7, 23, 8, 22], [9, 1, 10, 24], [11, 17, 12, 16], [13, 21, 14, 20], [15, 4, 16, 5], [2, 17, 3, 18], [19, 13, 20, 12]]"
12n_0793_115,"[[19, 13, 20, 12], [21, 7, 22, 6], [23, 9, 24, 8], [18, 1, 19, 2], [3, 11, 4, 10], [5, 14, 6, 15], [7, 23, 8, 22], [9, 1, 10, 24], [11, 17, 12, 16], [13, 21, 14, 20], [15, 4, 16, 5], [2, 17, 3, 18]]"
12n_0793_116,"[[2, 17, 3, 18], [19, 13, 20, 12], [21, 7, 22, 6], [23, 9, 24, 8], [18, 1, 19, 2], [3, 11, 4, 10], [5, 14, 6, 15], [7, 23, 8, 22], [9, 1, 10, 24], [11, 17, 12, 16], [13, 21, 14, 20], [15, 4, 16, 5]]"
12n_0793_117,"[[15, 4, 16, 5], [2, 17, 3, 18], [19, 13, 20, 12], [21, 7, 22, 6], [23, 9, 24, 8], [18, 1, 19, 2], [3, 11, 4, 10], [5, 14, 6, 15], [7, 23, 8, 22], [9, 1, 10, 24], [11, 17, 12, 16], [13, 21, 14, 20]]"
12n_0793_118,"[[13, 21, 14, 20], [15, 4, 16, 5], [2, 17, 3, 18], [19, 13, 20, 12], [21, 7, 22, 6], [23, 9, 24, 8], [18, 1, 19, 2], [3, 11, 4, 10], [5, 14, 6, 15], [7, 23, 8, 22], [9, 1, 10, 24], [11, 17, 12, 16]]"
12n_0793_119,"[[11, 17, 12, 16], [13, 21, 14, 20], [15, 4, 16, 5], [2, 17, 3, 18], [19, 13, 20, 12], [21, 7, 22, 6], [23, 9, 24, 8], [18, 1, 19, 2], [3, 11, 4, 10], [5, 14, 6, 15], [7, 23, 8, 22], [9, 1, 10, 24]]"
12n_0793_120,"[[10, 2, 11, 1], [12, 18, 13, 17], [14, 22, 15, 21], [16, 5, 17, 6], [3, 18, 4, 19], [20, 14, 21, 13], [22, 8, 23, 7], [24, 10, 1, 9], [19, 2, 20, 3], [4, 12, 5, 11], [6, 15, 7, 16], [8, 24, 9, 23]]"
12n_0793_121,"[[8, 24, 9, 23], [10, 2, 11, 1], [12, 18, 13, 17], [14, 22, 15, 21], [16, 5, 17, 6], [3, 18, 4, 19], [20, 14, 21, 13], [22, 8, 23, 7], [24, 10, 1, 9], [19, 2, 20, 3], [4, 12, 5, 11], [6, 15, 7, 16]]"
12n_0793_122,"[[6, 15, 7, 16], [8, 24, 9, 23], [10, 2, 11, 1], [12, 18, 13, 17], [14, 22, 15, 21], [16, 5, 17, 6], [3, 18, 4, 19], [20, 14, 21, 13], [22, 8, 23, 7], [24, 10, 1, 9], [19, 2, 20, 3], [4, 12, 5, 11]]"
12n_0793_123,"[[4, 12, 5, 11], [6, 15, 7, 16], [8, 24, 9, 23], [10, 2, 11, 1], [12, 18, 13, 17], [14, 22, 15, 21], [16, 5, 17, 6], [3, 18, 4, 19], [20, 14, 21, 13], [22, 8, 23, 7], [24, 10, 1, 9], [19, 2, 20, 3]]"
12n_0793_124,"[[19, 2, 20, 3], [4, 12, 5, 11], [6, 15, 7, 16], [8, 24, 9, 23], [10, 2, 11, 1], [12, 18, 13, 17], [14, 22, 15, 21], [16, 5, 17, 6], [3, 18, 4, 19], [20, 14, 21, 13], [22, 8, 23, 7], [24, 10, 1, 9]]"
12n_0793_125,"[[24, 10, 1, 9], [19, 2, 20, 3], [4, 12, 5, 11], [6, 15, 7, 16], [8, 24, 9, 23], [10, 2, 11, 1], [12, 18, 13, 17], [14, 22, 15, 21], [16, 5, 17, 6], [3, 18, 4, 19], [20, 14, 21, 13], [22, 8, 23, 7]]"
12n_0793_126,"[[22, 8, 23, 7], [24, 10, 1, 9], [19, 2, 20, 3], [4, 12, 5, 11], [6, 15, 7, 16], [8, 24, 9, 23], [10, 2, 11, 1], [12, 18, 13, 17], [14, 22, 15, 21], [16, 5, 17, 6], [3, 18, 4, 19], [20, 14, 21, 13]]"
12n_0793_127,"[[20, 14, 21, 13], [22, 8, 23, 7], [24, 10, 1, 9], [19, 2, 20, 3], [4, 12, 5, 11], [6, 15, 7, 16], [8, 24, 9, 23], [10, 2, 11, 1], [12, 18, 13, 17], [14, 22, 15, 21], [16, 5, 17, 6], [3, 18, 4, 19]]"
12n_0793_128,"[[3, 18, 4, 19], [20, 14, 21, 13], [22, 8, 23, 7], [24, 10, 1, 9], [19, 2, 20, 3], [4, 12, 5, 11], [6, 15, 7, 16], [8, 24, 9, 23], [10, 2, 11, 1], [12, 18, 13, 17], [14, 22, 15, 21], [16, 5, 17, 6]]"
12n_0793_129,"[[16, 5, 17, 6], [3, 18, 4, 19], [20, 14, 21, 13], [22, 8, 23, 7], [24, 10, 1, 9], [19, 2, 20, 3], [4, 12, 5, 11], [6, 15, 7, 16], [8, 24, 9, 23], [10, 2, 11, 1], [12, 18, 13, 17], [14, 22, 15, 21]]"
12n_0793_130,"[[14, 22, 15, 21], [16, 5, 17, 6], [3, 18, 4, 19], [20, 14, 21, 13], [22, 8, 23, 7], [24, 10, 1, 9], [19, 2, 20, 3], [4, 12, 5, 11], [6, 15, 7, 16], [8, 24, 9, 23], [10, 2, 11, 1], [12, 18, 13, 17]]"
12n_0793_131,"[[12, 18, 13, 17], [14, 22, 15, 21], [16, 5, 17, 6], [3, 18, 4, 19], [20, 14, 21, 13], [22, 8, 23, 7], [24, 10, 1, 9], [19, 2, 20, 3], [4, 12, 5, 11], [6, 15, 7, 16], [8, 24, 9, 23], [10, 2, 11, 1]]"
12n_0793_132,"[[11, 3, 12, 2], [13, 19, 14, 18], [15, 23, 16, 22], [17, 6, 18, 7], [4, 19, 5, 20], [21, 15, 22, 14], [23, 9, 24, 8], [1, 11, 2, 10], [20, 3, 21, 4], [5, 13, 6, 12], [7, 16, 8, 17], [9, 1, 10, 24]]"
12n_0793_133,"[[9, 1, 10, 24], [11, 3, 12, 2], [13, 19, 14, 18], [15, 23, 16, 22], [17, 6, 18, 7], [4, 19, 5, 20], [21, 15, 22, 14], [23, 9, 24, 8], [1, 11, 2, 10], [20, 3, 21, 4], [5, 13, 6, 12], [7, 16, 8, 17]]"
12n_0793_134,"[[7, 16, 8, 17], [9, 1, 10, 24], [11, 3, 12, 2], [13, 19, 14, 18], [15, 23, 16, 22], [17, 6, 18, 7], [4, 19, 5, 20], [21, 15, 22, 14], [23, 9, 24, 8], [1, 11, 2, 10], [20, 3, 21, 4], [5, 13, 6, 12]]"
12n_0793_135,"[[5, 13, 6, 12], [7, 16, 8, 17], [9, 1, 10, 24], [11, 3, 12, 2], [13, 19, 14, 18], [15, 23, 16, 22], [17, 6, 18, 7], [4, 19, 5, 20], [21, 15, 22, 14], [23, 9, 24, 8], [1, 11, 2, 10], [20, 3, 21, 4]]"
12n_0793_136,"[[20, 3, 21, 4], [5, 13, 6, 12], [7, 16, 8, 17], [9, 1, 10, 24], [11, 3, 12, 2], [13, 19, 14, 18], [15, 23, 16, 22], [17, 6, 18, 7], [4, 19, 5, 20], [21, 15, 22, 14], [23, 9, 24, 8], [1, 11, 2, 10]]"
12n_0793_137,"[[1, 11, 2, 10], [20, 3, 21, 4], [5, 13, 6, 12], [7, 16, 8, 17], [9, 1, 10, 24], [11, 3, 12, 2], [13, 19, 14, 18], [15, 23, 16, 22], [17, 6, 18, 7], [4, 19, 5, 20], [21, 15, 22, 14], [23, 9, 24, 8]]"
12n_0793_138,"[[23, 9, 24, 8], [1, 11, 2, 10], [20, 3, 21, 4], [5, 13, 6, 12], [7, 16, 8, 17], [9, 1, 10, 24], [11, 3, 12, 2], [13, 19, 14, 18], [15, 23, 16, 22], [17, 6, 18, 7], [4, 19, 5, 20], [21, 15, 22, 14]]"
12n_0793_139,"[[21, 15, 22, 14], [23, 9, 24, 8], [1, 11, 2, 10], [20, 3, 21, 4], [5, 13, 6, 12], [7, 16, 8, 17], [9, 1, 10, 24], [11, 3, 12, 2], [13, 19, 14, 18], [15, 23, 16, 22], [17, 6, 18, 7], [4, 19, 5, 20]]"
12n_0793_140,"[[4, 19, 5, 20], [21, 15, 22, 14], [23, 9, 24, 8], [1, 11, 2, 10], [20, 3, 21, 4], [5, 13, 6, 12], [7, 16, 8, 17], [9, 1, 10, 24], [11, 3, 12, 2], [13, 19, 14, 18], [15, 23, 16, 22], [17, 6, 18, 7]]"
12n_0793_141,"[[17, 6, 18, 7], [4, 19, 5, 20], [21, 15, 22, 14], [23, 9, 24, 8], [1, 11, 2, 10], [20, 3, 21, 4], [5, 13, 6, 12], [7, 16, 8, 17], [9, 1, 10, 24], [11, 3, 12, 2], [13, 19, 14, 18], [15, 23, 16, 22]]"
12n_0793_142,"[[15, 23, 16, 22], [17, 6, 18, 7], [4, 19, 5, 20], [21, 15, 22, 14], [23, 9, 24, 8], [1, 11, 2, 10], [20, 3, 21, 4], [5, 13, 6, 12], [7, 16, 8, 17], [9, 1, 10, 24], [11, 3, 12, 2], [13, 19, 14, 18]]"
12n_0793_143,"[[13, 19, 14, 18], [15, 23, 16, 22], [17, 6, 18, 7], [4, 19, 5, 20], [21, 15, 22, 14], [23, 9, 24, 8], [1, 11, 2, 10], [20, 3, 21, 4], [5, 13, 6, 12], [7, 16, 8, 17], [9, 1, 10, 24], [11, 3, 12, 2]]"
12n_0793_144,"[[12, 4, 13, 3], [14, 20, 15, 19], [16, 24, 17, 23], [18, 7, 19, 8], [5, 20, 6, 21], [22, 16, 23, 15], [24, 10, 1, 9], [2, 12, 3, 11], [21, 4, 22, 5], [6, 14, 7, 13], [8, 17, 9, 18], [10, 2, 11, 1]]"
12n_0793_145,"[[10, 2, 11, 1], [12, 4, 13, 3], [14, 20, 15, 19], [16, 24, 17, 23], [18, 7, 19, 8], [5, 20, 6, 21], [22, 16, 23, 15], [24, 10, 1, 9], [2, 12, 3, 11], [21, 4, 22, 5], [6, 14, 7, 13], [8, 17, 9, 18]]"
12n_0793_146,"[[8, 17, 9, 18], [10, 2, 11, 1], [12, 4, 13, 3], [14, 20, 15, 19], [16, 24, 17, 23], [18, 7, 19, 8], [5, 20, 6, 21], [22, 16, 23, 15], [24, 10, 1, 9], [2, 12, 3, 11], [21, 4, 22, 5], [6, 14, 7, 13]]"
12n_0793_147,"[[6, 14, 7, 13], [8, 17, 9, 18], [10, 2, 11, 1], [12, 4, 13, 3], [14, 20, 15, 19], [16, 24, 17, 23], [18, 7, 19, 8], [5, 20, 6, 21], [22, 16, 23, 15], [24, 10, 1, 9], [2, 12, 3, 11], [21, 4, 22, 5]]"
12n_0793_148,"[[21, 4, 22, 5], [6, 14, 7, 13], [8, 17, 9, 18], [10, 2, 11, 1], [12, 4, 13, 3], [14, 20, 15, 19], [16, 24, 17, 23], [18, 7, 19, 8], [5, 20, 6, 21], [22, 16, 23, 15], [24, 10, 1, 9], [2, 12, 3, 11]]"
12n_0793_149,"[[2, 12, 3, 11], [21, 4, 22, 5], [6, 14, 7, 13], [8, 17, 9, 18], [10, 2, 11, 1], [12, 4, 13, 3], [14, 20, 15, 19], [16, 24, 17, 23], [18, 7, 19, 8], [5, 20, 6, 21], [22, 16, 23, 15], [24, 10, 1, 9]]"
12n_0793_150,"[[24, 10, 1, 9], [2, 12, 3, 11], [21, 4, 22, 5], [6, 14, 7, 13], [8, 17, 9, 18], [10, 2, 11, 1], [12, 4, 13, 3], [14, 20, 15, 19], [16, 24, 17, 23], [18, 7, 19, 8], [5, 20, 6, 21], [22, 16, 23, 15]]"
12n_0793_151,"[[22, 16, 23, 15], [24, 10, 1, 9], [2, 12, 3, 11], [21, 4, 22, 5], [6, 14, 7, 13], [8, 17, 9, 18], [10, 2, 11, 1], [12, 4, 13, 3], [14, 20, 15, 19], [16, 24, 17, 23], [18, 7, 19, 8], [5, 20, 6, 21]]"
12n_0793_152,"[[5, 20, 6, 21], [22, 16, 23, 15], [24, 10, 1, 9], [2, 12, 3, 11], [21, 4, 22, 5], [6, 14, 7, 13], [8, 17, 9, 18], [10, 2, 11, 1], [12, 4, 13, 3], [14, 20, 15, 19], [16, 24, 17, 23], [18, 7, 19, 8]]"
12n_0793_153,"[[18, 7, 19, 8], [5, 20, 6, 21], [22, 16, 23, 15], [24, 10, 1, 9], [2, 12, 3, 11], [21, 4, 22, 5], [6, 14, 7, 13], [8, 17, 9, 18], [10, 2, 11, 1], [12, 4, 13, 3], [14, 20, 15, 19], [16, 24, 17, 23]]"
12n_0793_154,"[[16, 24, 17, 23], [18, 7, 19, 8], [5, 20, 6, 21], [22, 16, 23, 15], [24, 10, 1, 9], [2, 12, 3, 11], [21, 4, 22, 5], [6, 14, 7, 13], [8, 17, 9, 18], [10, 2, 11, 1], [12, 4, 13, 3], [14, 20, 15, 19]]"
12n_0793_155,"[[14, 20, 15, 19], [16, 24, 17, 23], [18, 7, 19, 8], [5, 20, 6, 21], [22, 16, 23, 15], [24, 10, 1, 9], [2, 12, 3, 11], [21, 4, 22, 5], [6, 14, 7, 13], [8, 17, 9, 18], [10, 2, 11, 1], [12, 4, 13, 3]]"
12n_0793_156,"[[13, 5, 14, 4], [15, 21, 16, 20], [17, 1, 18, 24], [19, 8, 20, 9], [6, 21, 7, 22], [23, 17, 24, 16], [1, 11, 2, 10], [3, 13, 4, 12], [22, 5, 23, 6], [7, 15, 8, 14], [9, 18, 10, 19], [11, 3, 12, 2]]"
12n_0793_157,"[[11, 3, 12, 2], [13, 5, 14, 4], [15, 21, 16, 20], [17, 1, 18, 24], [19, 8, 20, 9], [6, 21, 7, 22], [23, 17, 24, 16], [1, 11, 2, 10], [3, 13, 4, 12], [22, 5, 23, 6], [7, 15, 8, 14], [9, 18, 10, 19]]"
12n_0793_158,"[[9, 18, 10, 19], [11, 3, 12, 2], [13, 5, 14, 4], [15, 21, 16, 20], [17, 1, 18, 24], [19, 8, 20, 9], [6, 21, 7, 22], [23, 17, 24, 16], [1, 11, 2, 10], [3, 13, 4, 12], [22, 5, 23, 6], [7, 15, 8, 14]]"
12n_0793_159,"[[7, 15, 8, 14], [9, 18, 10, 19], [11, 3, 12, 2], [13, 5, 14, 4], [15, 21, 16, 20], [17, 1, 18, 24], [19, 8, 20, 9], [6, 21, 7, 22], [23, 17, 24, 16], [1, 11, 2, 10], [3, 13, 4, 12], [22, 5, 23, 6]]"
12n_0793_160,"[[22, 5, 23, 6], [7, 15, 8, 14], [9, 18, 10, 19], [11, 3, 12, 2], [13, 5, 14, 4], [15, 21, 16, 20], [17, 1, 18, 24], [19, 8, 20, 9], [6, 21, 7, 22], [23, 17, 24, 16], [1, 11, 2, 10], [3, 13, 4, 12]]"
12n_0793_161,"[[3, 13, 4, 12], [22, 5, 23, 6], [7, 15, 8, 14], [9, 18, 10, 19], [11, 3, 12, 2], [13, 5, 14, 4], [15, 21, 16, 20], [17, 1, 18, 24], [19, 8, 20, 9], [6, 21, 7, 22], [23, 17, 24, 16], [1, 11, 2, 10]]"
12n_0793_162,"[[1, 11, 2, 10], [3, 13, 4, 12], [22, 5, 23, 6], [7, 15, 8, 14], [9, 18, 10, 19], [11, 3, 12, 2], [13, 5, 14, 4], [15, 21, 16, 20], [17, 1, 18, 24], [19, 8, 20, 9], [6, 21, 7, 22], [23, 17, 24, 16]]"
12n_0793_163,"[[23, 17, 24, 16], [1, 11, 2, 10], [3, 13, 4, 12], [22, 5, 23, 6], [7, 15, 8, 14], [9, 18, 10, 19], [11, 3, 12, 2], [13, 5, 14, 4], [15, 21, 16, 20], [17, 1, 18, 24], [19, 8, 20, 9], [6, 21, 7, 22]]"
12n_0793_164,"[[6, 21, 7, 22], [23, 17, 24, 16], [1, 11, 2, 10], [3, 13, 4, 12], [22, 5, 23, 6], [7, 15, 8, 14], [9, 18, 10, 19], [11, 3, 12, 2], [13, 5, 14, 4], [15, 21, 16, 20], [17, 1, 18, 24], [19, 8, 20, 9]]"
12n_0793_165,"[[19, 8, 20, 9], [6, 21, 7, 22], [23, 17, 24, 16], [1, 11, 2, 10], [3, 13, 4, 12], [22, 5, 23, 6], [7, 15, 8, 14], [9, 18, 10, 19], [11, 3, 12, 2], [13, 5, 14, 4], [15, 21, 16, 20], [17, 1, 18, 24]]"
12n_0793_166,"[[17, 1, 18, 24], [19, 8, 20, 9], [6, 21, 7, 22], [23, 17, 24, 16], [1, 11, 2, 10], [3, 13, 4, 12], [22, 5, 23, 6], [7, 15, 8, 14], [9, 18, 10, 19], [11, 3, 12, 2], [13, 5, 14, 4], [15, 21, 16, 20]]"
12n_0793_167,"[[15, 21, 16, 20], [17, 1, 18, 24], [19, 8, 20, 9], [6, 21, 7, 22], [23, 17, 24, 16], [1, 11, 2, 10], [3, 13, 4, 12], [22, 5, 23, 6], [7, 15, 8, 14], [9, 18, 10, 19], [11, 3, 12, 2], [13, 5, 14, 4]]"
12n_0793_168,"[[14, 6, 15, 5], [16, 22, 17, 21], [18, 2, 19, 1], [20, 9, 21, 10], [7, 22, 8, 23], [24, 18, 1, 17], [2, 12, 3, 11], [4, 14, 5, 13], [23, 6, 24, 7], [8, 16, 9, 15], [10, 19, 11, 20], [12, 4, 13, 3]]"
12n_0793_169,"[[12, 4, 13, 3], [14, 6, 15, 5], [16, 22, 17, 21], [18, 2, 19, 1], [20, 9, 21, 10], [7, 22, 8, 23], [24, 18, 1, 17], [2, 12, 3, 11], [4, 14, 5, 13], [23, 6, 24, 7], [8, 16, 9, 15], [10, 19, 11, 20]]"
12n_0793_170,"[[10, 19, 11, 20], [12, 4, 13, 3], [14, 6, 15, 5], [16, 22, 17, 21], [18, 2, 19, 1], [20, 9, 21, 10], [7, 22, 8, 23], [24, 18, 1, 17], [2, 12, 3, 11], [4, 14, 5, 13], [23, 6, 24, 7], [8, 16, 9, 15]]"
12n_0793_171,"[[8, 16, 9, 15], [10, 19, 11, 20], [12, 4, 13, 3], [14, 6, 15, 5], [16, 22, 17, 21], [18, 2, 19, 1], [20, 9, 21, 10], [7, 22, 8, 23], [24, 18, 1, 17], [2, 12, 3, 11], [4, 14, 5, 13], [23, 6, 24, 7]]"
12n_0793_172,"[[23, 6, 24, 7], [8, 16, 9, 15], [10, 19, 11, 20], [12, 4, 13, 3], [14, 6, 15, 5], [16, 22, 17, 21], [18, 2, 19, 1], [20, 9, 21, 10], [7, 22, 8, 23], [24, 18, 1, 17], [2, 12, 3, 11], [4, 14, 5, 13]]"
12n_0793_173,"[[4, 14, 5, 13], [23, 6, 24, 7], [8, 16, 9, 15], [10, 19, 11, 20], [12, 4, 13, 3], [14, 6, 15, 5], [16, 22, 17, 21], [18, 2, 19, 1], [20, 9, 21, 10], [7, 22, 8, 23], [24, 18, 1, 17], [2, 12, 3, 11]]"
12n_0793_174,"[[2, 12, 3, 11], [4, 14, 5, 13], [23, 6, 24, 7], [8, 16, 9, 15], [10, 19, 11, 20], [12, 4, 13, 3], [14, 6, 15, 5], [16, 22, 17, 21], [18, 2, 19, 1], [20, 9, 21, 10], [7, 22, 8, 23], [24, 18, 1, 17]]"
12n_0793_175,"[[24, 18, 1, 17], [2, 12, 3, 11], [4, 14, 5, 13], [23, 6, 24, 7], [8, 16, 9, 15], [10, 19, 11, 20], [12, 4, 13, 3], [14, 6, 15, 5], [16, 22, 17, 21], [18, 2, 19, 1], [20, 9, 21, 10], [7, 22, 8, 23]]"
12n_0793_176,"[[7, 22, 8, 23], [24, 18, 1, 17], [2, 12, 3, 11], [4, 14, 5, 13], [23, 6, 24, 7], [8, 16, 9, 15], [10, 19, 11, 20], [12, 4, 13, 3], [14, 6, 15, 5], [16, 22, 17, 21], [18, 2, 19, 1], [20, 9, 21, 10]]"
12n_0793_177,"[[20, 9, 21, 10], [7, 22, 8, 23], [24, 18, 1, 17], [2, 12, 3, 11], [4, 14, 5, 13], [23, 6, 24, 7], [8, 16, 9, 15], [10, 19, 11, 20], [12, 4, 13, 3], [14, 6, 15, 5], [16, 22, 17, 21], [18, 2, 19, 1]]"
12n_0793_178,"[[18, 2, 19, 1], [20, 9, 21, 10], [7, 22, 8, 23], [24, 18, 1, 17], [2, 12, 3, 11], [4, 14, 5, 13], [23, 6, 24, 7], [8, 16, 9, 15], [10, 19, 11, 20], [12, 4, 13, 3], [14, 6, 15, 5], [16, 22, 17, 21]]"
12n_0793_179,"[[16, 22, 17, 21], [18, 2, 19, 1], [20, 9, 21, 10], [7, 22, 8, 23], [24, 18, 1, 17], [2, 12, 3, 11], [4, 14, 5, 13], [23, 6, 24, 7], [8, 16, 9, 15], [10, 19, 11, 20], [12, 4, 13, 3], [14, 6, 15, 5]]"
12n_0793_180,"[[15, 7, 16, 6], [17, 23, 18, 22], [19, 3, 20, 2], [21, 10, 22, 11], [8, 23, 9, 24], [1, 19, 2, 18], [3, 13, 4, 12], [5, 15, 6, 14], [24, 7, 1, 8], [9, 17, 10, 16], [11, 20, 12, 21], [13, 5, 14, 4]]"
12n_0793_181,"[[13, 5, 14, 4], [15, 7, 16, 6], [17, 23, 18, 22], [19, 3, 20, 2], [21, 10, 22, 11], [8, 23, 9, 24], [1, 19, 2, 18], [3, 13, 4, 12], [5, 15, 6, 14], [24, 7, 1, 8], [9, 17, 10, 16], [11, 20, 12, 21]]"
12n_0793_182,"[[11, 20, 12, 21], [13, 5, 14, 4], [15, 7, 16, 6], [17, 23, 18, 22], [19, 3, 20, 2], [21, 10, 22, 11], [8, 23, 9, 24], [1, 19, 2, 18], [3, 13, 4, 12], [5, 15, 6, 14], [24, 7, 1, 8], [9, 17, 10, 16]]"
12n_0793_183,"[[9, 17, 10, 16], [11, 20, 12, 21], [13, 5, 14, 4], [15, 7, 16, 6], [17, 23, 18, 22], [19, 3, 20, 2], [21, 10, 22, 11], [8, 23, 9, 24], [1, 19, 2, 18], [3, 13, 4, 12], [5, 15, 6, 14], [24, 7, 1, 8]]"
12n_0793_184,"[[24, 7, 1, 8], [9, 17, 10, 16], [11, 20, 12, 21], [13, 5, 14, 4], [15, 7, 16, 6], [17, 23, 18, 22], [19, 3, 20, 2], [21, 10, 22, 11], [8, 23, 9, 24], [1, 19, 2, 18], [3, 13, 4, 12], [5, 15, 6, 14]]"
12n_0793_185,"[[5, 15, 6, 14], [24, 7, 1, 8], [9, 17, 10, 16], [11, 20, 12, 21], [13, 5, 14, 4], [15, 7, 16, 6], [17, 23, 18, 22], [19, 3, 20, 2], [21, 10, 22, 11], [8, 23, 9, 24], [1, 19, 2, 18], [3, 13, 4, 12]]"
