name,pd_notation
12n_0853_0,"[[24, 12, 1, 11], [2, 8, 3, 7], [4, 13, 5, 14], [6, 17, 7, 18], [8, 20, 9, 19], [10, 2, 11, 1], [12, 22, 13, 21], [14, 5, 15, 6], [23, 16, 24, 17], [18, 3, 19, 4], [20, 10, 21, 9], [15, 22, 16, 23]]"
12n_0853_1,"[[15, 22, 16, 23], [24, 12, 1, 11], [2, 8, 3, 7], [4, 13, 5, 14], [6, 17, 7, 18], [8, 20, 9, 19], [10, 2, 11, 1], [12, 22, 13, 21], [14, 5, 15, 6], [23, 16, 24, 17], [18, 3, 19, 4], [20, 10, 21, 9]]"
12n_0853_2,"[[20, 10, 21, 9], [15, 22, 16, 23], [24, 12, 1, 11], [2, 8, 3, 7], [4, 13, 5, 14], [6, 17, 7, 18], [8, 20, 9, 19], [10, 2, 11, 1], [12, 22, 13, 21], [14, 5, 15, 6], [23, 16, 24, 17], [18, 3, 19, 4]]"
12n_0853_3,"[[18, 3, 19, 4], [20, 10, 21, 9], [15, 22, 16, 23], [24, 12, 1, 11], [2, 8, 3, 7], [4, 13, 5, 14], [6, 17, 7, 18], [8, 20, 9, 19], [10, 2, 11, 1], [12, 22, 13, 21], [14, 5, 15, 6], [23, 16, 24, 17]]"
12n_0853_4,"[[23, 16, 24, 17], [18, 3, 19, 4], [20, 10, 21, 9], [15, 22, 16, 23], [24, 12, 1, 11], [2, 8, 3, 7], [4, 13, 5, 14], [6, 17, 7, 18], [8, 20, 9, 19], [10, 2, 11, 1], [12, 22, 13, 21], [14, 5, 15, 6]]"
12n_0853_5,"[[14, 5, 15, 6], [23, 16, 24, 17], [18, 3, 19, 4], [20, 10, 21, 9], [15, 22, 16, 23], [24, 12, 1, 11], [2, 8, 3, 7], [4, 13, 5, 14], [6, 17, 7, 18], [8, 20, 9, 19], [10, 2, 11, 1], [12, 22, 13, 21]]"
12n_0853_6,"[[12, 22, 13, 21], [14, 5, 15, 6], [23, 16, 24, 17], [18, 3, 19, 4], [20, 10, 21, 9], [15, 22, 16, 23], [24, 12, 1, 11], [2, 8, 3, 7], [4, 13, 5, 14], [6, 17, 7, 18], [8, 20, 9, 19], [10, 2, 11, 1]]"
12n_0853_7,"[[10, 2, 11, 1], [12, 22, 13, 21], [14, 5, 15, 6], [23, 16, 24, 17], [18, 3, 19, 4], [20, 10, 21, 9], [15, 22, 16, 23], [24, 12, 1, 11], [2, 8, 3, 7], [4, 13, 5, 14], [6, 17, 7, 18], [8, 20, 9, 19]]"
12n_0853_8,"[[8, 20, 9, 19], [10, 2, 11, 1], [12, 22, 13, 21], [14, 5, 15, 6], [23, 16, 24, 17], [18, 3, 19, 4], [20, 10, 21, 9], [15, 22, 16, 23], [24, 12, 1, 11], [2, 8, 3, 7], [4, 13, 5, 14], [6, 17, 7, 18]]"
12n_0853_9,"[[6, 17, 7, 18], [8, 20, 9, 19], [10, 2, 11, 1], [12, 22, 13, 21], [14, 5, 15, 6], [23, 16, 24, 17], [18, 3, 19, 4], [20, 10, 21, 9], [15, 22, 16, 23], [24, 12, 1, 11], [2, 8, 3, 7], [4, 13, 5, 14]]"
12n_0853_10,"[[4, 13, 5, 14], [6, 17, 7, 18], [8, 20, 9, 19], [10, 2, 11, 1], [12, 22, 13, 21], [14, 5, 15, 6], [23, 16, 24, 17], [18, 3, 19, 4], [20, 10, 21, 9], [15, 22, 16, 23], [24, 12, 1, 11], [2, 8, 3, 7]]"
12n_0853_11,"[[2, 8, 3, 7], [4, 13, 5, 14], [6, 17, 7, 18], [8, 20, 9, 19], [10, 2, 11, 1], [12, 22, 13, 21], [14, 5, 15, 6], [23, 16, 24, 17], [18, 3, 19, 4], [20, 10, 21, 9], [15, 22, 16, 23], [24, 12, 1, 11]]"
12n_0853_12,"[[1, 13, 2, 12], [3, 9, 4, 8], [5, 14, 6, 15], [7, 18, 8, 19], [9, 21, 10, 20], [11, 3, 12, 2], [13, 23, 14, 22], [15, 6, 16, 7], [24, 17, 1, 18], [19, 4, 20, 5], [21, 11, 22, 10], [16, 23, 17, 24]]"
12n_0853_13,"[[16, 23, 17, 24], [1, 13, 2, 12], [3, 9, 4, 8], [5, 14, 6, 15], [7, 18, 8, 19], [9, 21, 10, 20], [11, 3, 12, 2], [13, 23, 14, 22], [15, 6, 16, 7], [24, 17, 1, 18], [19, 4, 20, 5], [21, 11, 22, 10]]"
12n_0853_14,"[[21, 11, 22, 10], [16, 23, 17, 24], [1, 13, 2, 12], [3, 9, 4, 8], [5, 14, 6, 15], [7, 18, 8, 19], [9, 21, 10, 20], [11, 3, 12, 2], [13, 23, 14, 22], [15, 6, 16, 7], [24, 17, 1, 18], [19, 4, 20, 5]]"
12n_0853_15,"[[19, 4, 20, 5], [21, 11, 22, 10], [16, 23, 17, 24], [1, 13, 2, 12], [3, 9, 4, 8], [5, 14, 6, 15], [7, 18, 8, 19], [9, 21, 10, 20], [11, 3, 12, 2], [13, 23, 14, 22], [15, 6, 16, 7], [24, 17, 1, 18]]"
12n_0853_16,"[[24, 17, 1, 18], [19, 4, 20, 5], [21, 11, 22, 10], [16, 23, 17, 24], [1, 13, 2, 12], [3, 9, 4, 8], [5, 14, 6, 15], [7, 18, 8, 19], [9, 21, 10, 20], [11, 3, 12, 2], [13, 23, 14, 22], [15, 6, 16, 7]]"
12n_0853_17,"[[15, 6, 16, 7], [24, 17, 1, 18], [19, 4, 20, 5], [21, 11, 22, 10], [16, 23, 17, 24], [1, 13, 2, 12], [3, 9, 4, 8], [5, 14, 6, 15], [7, 18, 8, 19], [9, 21, 10, 20], [11, 3, 12, 2], [13, 23, 14, 22]]"
12n_0853_18,"[[13, 23, 14, 22], [15, 6, 16, 7], [24, 17, 1, 18], [19, 4, 20, 5], [21, 11, 22, 10], [16, 23, 17, 24], [1, 13, 2, 12], [3, 9, 4, 8], [5, 14, 6, 15], [7, 18, 8, 19], [9, 21, 10, 20], [11, 3, 12, 2]]"
12n_0853_19,"[[11, 3, 12, 2], [13, 23, 14, 22], [15, 6, 16, 7], [24, 17, 1, 18], [19, 4, 20, 5], [21, 11, 22, 10], [16, 23, 17, 24], [1, 13, 2, 12], [3, 9, 4, 8], [5, 14, 6, 15], [7, 18, 8, 19], [9, 21, 10, 20]]"
12n_0853_20,"[[9, 21, 10, 20], [11, 3, 12, 2], [13, 23, 14, 22], [15, 6, 16, 7], [24, 17, 1, 18], [19, 4, 20, 5], [21, 11, 22, 10], [16, 23, 17, 24], [1, 13, 2, 12], [3, 9, 4, 8], [5, 14, 6, 15], [7, 18, 8, 19]]"
12n_0853_21,"[[7, 18, 8, 19], [9, 21, 10, 20], [11, 3, 12, 2], [13, 23, 14, 22], [15, 6, 16, 7], [24, 17, 1, 18], [19, 4, 20, 5], [21, 11, 22, 10], [16, 23, 17, 24], [1, 13, 2, 12], [3, 9, 4, 8], [5, 14, 6, 15]]"
12n_0853_22,"[[5, 14, 6, 15], [7, 18, 8, 19], [9, 21, 10, 20], [11, 3, 12, 2], [13, 23, 14, 22], [15, 6, 16, 7], [24, 17, 1, 18], [19, 4, 20, 5], [21, 11, 22, 10], [16, 23, 17, 24], [1, 13, 2, 12], [3, 9, 4, 8]]"
12n_0853_23,"[[3, 9, 4, 8], [5, 14, 6, 15], [7, 18, 8, 19], [9, 21, 10, 20], [11, 3, 12, 2], [13, 23, 14, 22], [15, 6, 16, 7], [24, 17, 1, 18], [19, 4, 20, 5], [21, 11, 22, 10], [16, 23, 17, 24], [1, 13, 2, 12]]"
12n_0853_24,"[[2, 14, 3, 13], [4, 10, 5, 9], [6, 15, 7, 16], [8, 19, 9, 20], [10, 22, 11, 21], [12, 4, 13, 3], [14, 24, 15, 23], [16, 7, 17, 8], [1, 18, 2, 19], [20, 5, 21, 6], [22, 12, 23, 11], [17, 24, 18, 1]]"
12n_0853_25,"[[17, 24, 18, 1], [2, 14, 3, 13], [4, 10, 5, 9], [6, 15, 7, 16], [8, 19, 9, 20], [10, 22, 11, 21], [12, 4, 13, 3], [14, 24, 15, 23], [16, 7, 17, 8], [1, 18, 2, 19], [20, 5, 21, 6], [22, 12, 23, 11]]"
12n_0853_26,"[[22, 12, 23, 11], [17, 24, 18, 1], [2, 14, 3, 13], [4, 10, 5, 9], [6, 15, 7, 16], [8, 19, 9, 20], [10, 22, 11, 21], [12, 4, 13, 3], [14, 24, 15, 23], [16, 7, 17, 8], [1, 18, 2, 19], [20, 5, 21, 6]]"
12n_0853_27,"[[20, 5, 21, 6], [22, 12, 23, 11], [17, 24, 18, 1], [2, 14, 3, 13], [4, 10, 5, 9], [6, 15, 7, 16], [8, 19, 9, 20], [10, 22, 11, 21], [12, 4, 13, 3], [14, 24, 15, 23], [16, 7, 17, 8], [1, 18, 2, 19]]"
12n_0853_28,"[[1, 18, 2, 19], [20, 5, 21, 6], [22, 12, 23, 11], [17, 24, 18, 1], [2, 14, 3, 13], [4, 10, 5, 9], [6, 15, 7, 16], [8, 19, 9, 20], [10, 22, 11, 21], [12, 4, 13, 3], [14, 24, 15, 23], [16, 7, 17, 8]]"
12n_0853_29,"[[16, 7, 17, 8], [1, 18, 2, 19], [20, 5, 21, 6], [22, 12, 23, 11], [17, 24, 18, 1], [2, 14, 3, 13], [4, 10, 5, 9], [6, 15, 7, 16], [8, 19, 9, 20], [10, 22, 11, 21], [12, 4, 13, 3], [14, 24, 15, 23]]"
12n_0853_30,"[[14, 24, 15, 23], [16, 7, 17, 8], [1, 18, 2, 19], [20, 5, 21, 6], [22, 12, 23, 11], [17, 24, 18, 1], [2, 14, 3, 13], [4, 10, 5, 9], [6, 15, 7, 16], [8, 19, 9, 20], [10, 22, 11, 21], [12, 4, 13, 3]]"
12n_0853_31,"[[12, 4, 13, 3], [14, 24, 15, 23], [16, 7, 17, 8], [1, 18, 2, 19], [20, 5, 21, 6], [22, 12, 23, 11], [17, 24, 18, 1], [2, 14, 3, 13], [4, 10, 5, 9], [6, 15, 7, 16], [8, 19, 9, 20], [10, 22, 11, 21]]"
12n_0853_32,"[[10, 22, 11, 21], [12, 4, 13, 3], [14, 24, 15, 23], [16, 7, 17, 8], [1, 18, 2, 19], [20, 5, 21, 6], [22, 12, 23, 11], [17, 24, 18, 1], [2, 14, 3, 13], [4, 10, 5, 9], [6, 15, 7, 16], [8, 19, 9, 20]]"
12n_0853_33,"[[8, 19, 9, 20], [10, 22, 11, 21], [12, 4, 13, 3], [14, 24, 15, 23], [16, 7, 17, 8], [1, 18, 2, 19], [20, 5, 21, 6], [22, 12, 23, 11], [17, 24, 18, 1], [2, 14, 3, 13], [4, 10, 5, 9], [6, 15, 7, 16]]"
12n_0853_34,"[[6, 15, 7, 16], [8, 19, 9, 20], [10, 22, 11, 21], [12, 4, 13, 3], [14, 24, 15, 23], [16, 7, 17, 8], [1, 18, 2, 19], [20, 5, 21, 6], [22, 12, 23, 11], [17, 24, 18, 1], [2, 14, 3, 13], [4, 10, 5, 9]]"
12n_0853_35,"[[4, 10, 5, 9], [6, 15, 7, 16], [8, 19, 9, 20], [10, 22, 11, 21], [12, 4, 13, 3], [14, 24, 15, 23], [16, 7, 17, 8], [1, 18, 2, 19], [20, 5, 21, 6], [22, 12, 23, 11], [17, 24, 18, 1], [2, 14, 3, 13]]"
12n_0853_36,"[[3, 15, 4, 14], [5, 11, 6, 10], [7, 16, 8, 17], [9, 20, 10, 21], [11, 23, 12, 22], [13, 5, 14, 4], [15, 1, 16, 24], [17, 8, 18, 9], [2, 19, 3, 20], [21, 6, 22, 7], [23, 13, 24, 12], [18, 1, 19, 2]]"
12n_0853_37,"[[18, 1, 19, 2], [3, 15, 4, 14], [5, 11, 6, 10], [7, 16, 8, 17], [9, 20, 10, 21], [11, 23, 12, 22], [13, 5, 14, 4], [15, 1, 16, 24], [17, 8, 18, 9], [2, 19, 3, 20], [21, 6, 22, 7], [23, 13, 24, 12]]"
12n_0853_38,"[[23, 13, 24, 12], [18, 1, 19, 2], [3, 15, 4, 14], [5, 11, 6, 10], [7, 16, 8, 17], [9, 20, 10, 21], [11, 23, 12, 22], [13, 5, 14, 4], [15, 1, 16, 24], [17, 8, 18, 9], [2, 19, 3, 20], [21, 6, 22, 7]]"
12n_0853_39,"[[21, 6, 22, 7], [23, 13, 24, 12], [18, 1, 19, 2], [3, 15, 4, 14], [5, 11, 6, 10], [7, 16, 8, 17], [9, 20, 10, 21], [11, 23, 12, 22], [13, 5, 14, 4], [15, 1, 16, 24], [17, 8, 18, 9], [2, 19, 3, 20]]"
12n_0853_40,"[[2, 19, 3, 20], [21, 6, 22, 7], [23, 13, 24, 12], [18, 1, 19, 2], [3, 15, 4, 14], [5, 11, 6, 10], [7, 16, 8, 17], [9, 20, 10, 21], [11, 23, 12, 22], [13, 5, 14, 4], [15, 1, 16, 24], [17, 8, 18, 9]]"
12n_0853_41,"[[17, 8, 18, 9], [2, 19, 3, 20], [21, 6, 22, 7], [23, 13, 24, 12], [18, 1, 19, 2], [3, 15, 4, 14], [5, 11, 6, 10], [7, 16, 8, 17], [9, 20, 10, 21], [11, 23, 12, 22], [13, 5, 14, 4], [15, 1, 16, 24]]"
12n_0853_42,"[[15, 1, 16, 24], [17, 8, 18, 9], [2, 19, 3, 20], [21, 6, 22, 7], [23, 13, 24, 12], [18, 1, 19, 2], [3, 15, 4, 14], [5, 11, 6, 10], [7, 16, 8, 17], [9, 20, 10, 21], [11, 23, 12, 22], [13, 5, 14, 4]]"
12n_0853_43,"[[13, 5, 14, 4], [15, 1, 16, 24], [17, 8, 18, 9], [2, 19, 3, 20], [21, 6, 22, 7], [23, 13, 24, 12], [18, 1, 19, 2], [3, 15, 4, 14], [5, 11, 6, 10], [7, 16, 8, 17], [9, 20, 10, 21], [11, 23, 12, 22]]"
12n_0853_44,"[[11, 23, 12, 22], [13, 5, 14, 4], [15, 1, 16, 24], [17, 8, 18, 9], [2, 19, 3, 20], [21, 6, 22, 7], [23, 13, 24, 12], [18, 1, 19, 2], [3, 15, 4, 14], [5, 11, 6, 10], [7, 16, 8, 17], [9, 20, 10, 21]]"
12n_0853_45,"[[9, 20, 10, 21], [11, 23, 12, 22], [13, 5, 14, 4], [15, 1, 16, 24], [17, 8, 18, 9], [2, 19, 3, 20], [21, 6, 22, 7], [23, 13, 24, 12], [18, 1, 19, 2], [3, 15, 4, 14], [5, 11, 6, 10], [7, 16, 8, 17]]"
12n_0853_46,"[[7, 16, 8, 17], [9, 20, 10, 21], [11, 23, 12, 22], [13, 5, 14, 4], [15, 1, 16, 24], [17, 8, 18, 9], [2, 19, 3, 20], [21, 6, 22, 7], [23, 13, 24, 12], [18, 1, 19, 2], [3, 15, 4, 14], [5, 11, 6, 10]]"
12n_0853_47,"[[5, 11, 6, 10], [7, 16, 8, 17], [9, 20, 10, 21], [11, 23, 12, 22], [13, 5, 14, 4], [15, 1, 16, 24], [17, 8, 18, 9], [2, 19, 3, 20], [21, 6, 22, 7], [23, 13, 24, 12], [18, 1, 19, 2], [3, 15, 4, 14]]"
12n_0853_48,"[[4, 16, 5, 15], [6, 12, 7, 11], [8, 17, 9, 18], [10, 21, 11, 22], [12, 24, 13, 23], [14, 6, 15, 5], [16, 2, 17, 1], [18, 9, 19, 10], [3, 20, 4, 21], [22, 7, 23, 8], [24, 14, 1, 13], [19, 2, 20, 3]]"
12n_0853_49,"[[19, 2, 20, 3], [4, 16, 5, 15], [6, 12, 7, 11], [8, 17, 9, 18], [10, 21, 11, 22], [12, 24, 13, 23], [14, 6, 15, 5], [16, 2, 17, 1], [18, 9, 19, 10], [3, 20, 4, 21], [22, 7, 23, 8], [24, 14, 1, 13]]"
12n_0853_50,"[[24, 14, 1, 13], [19, 2, 20, 3], [4, 16, 5, 15], [6, 12, 7, 11], [8, 17, 9, 18], [10, 21, 11, 22], [12, 24, 13, 23], [14, 6, 15, 5], [16, 2, 17, 1], [18, 9, 19, 10], [3, 20, 4, 21], [22, 7, 23, 8]]"
12n_0853_51,"[[22, 7, 23, 8], [24, 14, 1, 13], [19, 2, 20, 3], [4, 16, 5, 15], [6, 12, 7, 11], [8, 17, 9, 18], [10, 21, 11, 22], [12, 24, 13, 23], [14, 6, 15, 5], [16, 2, 17, 1], [18, 9, 19, 10], [3, 20, 4, 21]]"
12n_0853_52,"[[3, 20, 4, 21], [22, 7, 23, 8], [24, 14, 1, 13], [19, 2, 20, 3], [4, 16, 5, 15], [6, 12, 7, 11], [8, 17, 9, 18], [10, 21, 11, 22], [12, 24, 13, 23], [14, 6, 15, 5], [16, 2, 17, 1], [18, 9, 19, 10]]"
12n_0853_53,"[[18, 9, 19, 10], [3, 20, 4, 21], [22, 7, 23, 8], [24, 14, 1, 13], [19, 2, 20, 3], [4, 16, 5, 15], [6, 12, 7, 11], [8, 17, 9, 18], [10, 21, 11, 22], [12, 24, 13, 23], [14, 6, 15, 5], [16, 2, 17, 1]]"
12n_0853_54,"[[16, 2, 17, 1], [18, 9, 19, 10], [3, 20, 4, 21], [22, 7, 23, 8], [24, 14, 1, 13], [19, 2, 20, 3], [4, 16, 5, 15], [6, 12, 7, 11], [8, 17, 9, 18], [10, 21, 11, 22], [12, 24, 13, 23], [14, 6, 15, 5]]"
12n_0853_55,"[[14, 6, 15, 5], [16, 2, 17, 1], [18, 9, 19, 10], [3, 20, 4, 21], [22, 7, 23, 8], [24, 14, 1, 13], [19, 2, 20, 3], [4, 16, 5, 15], [6, 12, 7, 11], [8, 17, 9, 18], [10, 21, 11, 22], [12, 24, 13, 23]]"
12n_0853_56,"[[12, 24, 13, 23], [14, 6, 15, 5], [16, 2, 17, 1], [18, 9, 19, 10], [3, 20, 4, 21], [22, 7, 23, 8], [24, 14, 1, 13], [19, 2, 20, 3], [4, 16, 5, 15], [6, 12, 7, 11], [8, 17, 9, 18], [10, 21, 11, 22]]"
12n_0853_57,"[[10, 21, 11, 22], [12, 24, 13, 23], [14, 6, 15, 5], [16, 2, 17, 1], [18, 9, 19, 10], [3, 20, 4, 21], [22, 7, 23, 8], [24, 14, 1, 13], [19, 2, 20, 3], [4, 16, 5, 15], [6, 12, 7, 11], [8, 17, 9, 18]]"
12n_0853_58,"[[8, 17, 9, 18], [10, 21, 11, 22], [12, 24, 13, 23], [14, 6, 15, 5], [16, 2, 17, 1], [18, 9, 19, 10], [3, 20, 4, 21], [22, 7, 23, 8], [24, 14, 1, 13], [19, 2, 20, 3], [4, 16, 5, 15], [6, 12, 7, 11]]"
12n_0853_59,"[[6, 12, 7, 11], [8, 17, 9, 18], [10, 21, 11, 22], [12, 24, 13, 23], [14, 6, 15, 5], [16, 2, 17, 1], [18, 9, 19, 10], [3, 20, 4, 21], [22, 7, 23, 8], [24, 14, 1, 13], [19, 2, 20, 3], [4, 16, 5, 15]]"
12n_0853_60,"[[5, 17, 6, 16], [7, 13, 8, 12], [9, 18, 10, 19], [11, 22, 12, 23], [13, 1, 14, 24], [15, 7, 16, 6], [17, 3, 18, 2], [19, 10, 20, 11], [4, 21, 5, 22], [23, 8, 24, 9], [1, 15, 2, 14], [20, 3, 21, 4]]"
12n_0853_61,"[[20, 3, 21, 4], [5, 17, 6, 16], [7, 13, 8, 12], [9, 18, 10, 19], [11, 22, 12, 23], [13, 1, 14, 24], [15, 7, 16, 6], [17, 3, 18, 2], [19, 10, 20, 11], [4, 21, 5, 22], [23, 8, 24, 9], [1, 15, 2, 14]]"
12n_0853_62,"[[1, 15, 2, 14], [20, 3, 21, 4], [5, 17, 6, 16], [7, 13, 8, 12], [9, 18, 10, 19], [11, 22, 12, 23], [13, 1, 14, 24], [15, 7, 16, 6], [17, 3, 18, 2], [19, 10, 20, 11], [4, 21, 5, 22], [23, 8, 24, 9]]"
12n_0853_63,"[[23, 8, 24, 9], [1, 15, 2, 14], [20, 3, 21, 4], [5, 17, 6, 16], [7, 13, 8, 12], [9, 18, 10, 19], [11, 22, 12, 23], [13, 1, 14, 24], [15, 7, 16, 6], [17, 3, 18, 2], [19, 10, 20, 11], [4, 21, 5, 22]]"
12n_0853_64,"[[4, 21, 5, 22], [23, 8, 24, 9], [1, 15, 2, 14], [20, 3, 21, 4], [5, 17, 6, 16], [7, 13, 8, 12], [9, 18, 10, 19], [11, 22, 12, 23], [13, 1, 14, 24], [15, 7, 16, 6], [17, 3, 18, 2], [19, 10, 20, 11]]"
12n_0853_65,"[[19, 10, 20, 11], [4, 21, 5, 22], [23, 8, 24, 9], [1, 15, 2, 14], [20, 3, 21, 4], [5, 17, 6, 16], [7, 13, 8, 12], [9, 18, 10, 19], [11, 22, 12, 23], [13, 1, 14, 24], [15, 7, 16, 6], [17, 3, 18, 2]]"
12n_0853_66,"[[17, 3, 18, 2], [19, 10, 20, 11], [4, 21, 5, 22], [23, 8, 24, 9], [1, 15, 2, 14], [20, 3, 21, 4], [5, 17, 6, 16], [7, 13, 8, 12], [9, 18, 10, 19], [11, 22, 12, 23], [13, 1, 14, 24], [15, 7, 16, 6]]"
12n_0853_67,"[[15, 7, 16, 6], [17, 3, 18, 2], [19, 10, 20, 11], [4, 21, 5, 22], [23, 8, 24, 9], [1, 15, 2, 14], [20, 3, 21, 4], [5, 17, 6, 16], [7, 13, 8, 12], [9, 18, 10, 19], [11, 22, 12, 23], [13, 1, 14, 24]]"
12n_0853_68,"[[13, 1, 14, 24], [15, 7, 16, 6], [17, 3, 18, 2], [19, 10, 20, 11], [4, 21, 5, 22], [23, 8, 24, 9], [1, 15, 2, 14], [20, 3, 21, 4], [5, 17, 6, 16], [7, 13, 8, 12], [9, 18, 10, 19], [11, 22, 12, 23]]"
12n_0853_69,"[[11, 22, 12, 23], [13, 1, 14, 24], [15, 7, 16, 6], [17, 3, 18, 2], [19, 10, 20, 11], [4, 21, 5, 22], [23, 8, 24, 9], [1, 15, 2, 14], [20, 3, 21, 4], [5, 17, 6, 16], [7, 13, 8, 12], [9, 18, 10, 19]]"
12n_0853_70,"[[9, 18, 10, 19], [11, 22, 12, 23], [13, 1, 14, 24], [15, 7, 16, 6], [17, 3, 18, 2], [19, 10, 20, 11], [4, 21, 5, 22], [23, 8, 24, 9], [1, 15, 2, 14], [20, 3, 21, 4], [5, 17, 6, 16], [7, 13, 8, 12]]"
12n_0853_71,"[[7, 13, 8, 12], [9, 18, 10, 19], [11, 22, 12, 23], [13, 1, 14, 24], [15, 7, 16, 6], [17, 3, 18, 2], [19, 10, 20, 11], [4, 21, 5, 22], [23, 8, 24, 9], [1, 15, 2, 14], [20, 3, 21, 4], [5, 17, 6, 16]]"
12n_0853_72,"[[6, 18, 7, 17], [8, 14, 9, 13], [10, 19, 11, 20], [12, 23, 13, 24], [14, 2, 15, 1], [16, 8, 17, 7], [18, 4, 19, 3], [20, 11, 21, 12], [5, 22, 6, 23], [24, 9, 1, 10], [2, 16, 3, 15], [21, 4, 22, 5]]"
12n_0853_73,"[[21, 4, 22, 5], [6, 18, 7, 17], [8, 14, 9, 13], [10, 19, 11, 20], [12, 23, 13, 24], [14, 2, 15, 1], [16, 8, 17, 7], [18, 4, 19, 3], [20, 11, 21, 12], [5, 22, 6, 23], [24, 9, 1, 10], [2, 16, 3, 15]]"
12n_0853_74,"[[2, 16, 3, 15], [21, 4, 22, 5], [6, 18, 7, 17], [8, 14, 9, 13], [10, 19, 11, 20], [12, 23, 13, 24], [14, 2, 15, 1], [16, 8, 17, 7], [18, 4, 19, 3], [20, 11, 21, 12], [5, 22, 6, 23], [24, 9, 1, 10]]"
12n_0853_75,"[[24, 9, 1, 10], [2, 16, 3, 15], [21, 4, 22, 5], [6, 18, 7, 17], [8, 14, 9, 13], [10, 19, 11, 20], [12, 23, 13, 24], [14, 2, 15, 1], [16, 8, 17, 7], [18, 4, 19, 3], [20, 11, 21, 12], [5, 22, 6, 23]]"
12n_0853_76,"[[5, 22, 6, 23], [24, 9, 1, 10], [2, 16, 3, 15], [21, 4, 22, 5], [6, 18, 7, 17], [8, 14, 9, 13], [10, 19, 11, 20], [12, 23, 13, 24], [14, 2, 15, 1], [16, 8, 17, 7], [18, 4, 19, 3], [20, 11, 21, 12]]"
12n_0853_77,"[[20, 11, 21, 12], [5, 22, 6, 23], [24, 9, 1, 10], [2, 16, 3, 15], [21, 4, 22, 5], [6, 18, 7, 17], [8, 14, 9, 13], [10, 19, 11, 20], [12, 23, 13, 24], [14, 2, 15, 1], [16, 8, 17, 7], [18, 4, 19, 3]]"
12n_0853_78,"[[18, 4, 19, 3], [20, 11, 21, 12], [5, 22, 6, 23], [24, 9, 1, 10], [2, 16, 3, 15], [21, 4, 22, 5], [6, 18, 7, 17], [8, 14, 9, 13], [10, 19, 11, 20], [12, 23, 13, 24], [14, 2, 15, 1], [16, 8, 17, 7]]"
12n_0853_79,"[[16, 8, 17, 7], [18, 4, 19, 3], [20, 11, 21, 12], [5, 22, 6, 23], [24, 9, 1, 10], [2, 16, 3, 15], [21, 4, 22, 5], [6, 18, 7, 17], [8, 14, 9, 13], [10, 19, 11, 20], [12, 23, 13, 24], [14, 2, 15, 1]]"
12n_0853_80,"[[14, 2, 15, 1], [16, 8, 17, 7], [18, 4, 19, 3], [20, 11, 21, 12], [5, 22, 6, 23], [24, 9, 1, 10], [2, 16, 3, 15], [21, 4, 22, 5], [6, 18, 7, 17], [8, 14, 9, 13], [10, 19, 11, 20], [12, 23, 13, 24]]"
12n_0853_81,"[[12, 23, 13, 24], [14, 2, 15, 1], [16, 8, 17, 7], [18, 4, 19, 3], [20, 11, 21, 12], [5, 22, 6, 23], [24, 9, 1, 10], [2, 16, 3, 15], [21, 4, 22, 5], [6, 18, 7, 17], [8, 14, 9, 13], [10, 19, 11, 20]]"
12n_0853_82,"[[10, 19, 11, 20], [12, 23, 13, 24], [14, 2, 15, 1], [16, 8, 17, 7], [18, 4, 19, 3], [20, 11, 21, 12], [5, 22, 6, 23], [24, 9, 1, 10], [2, 16, 3, 15], [21, 4, 22, 5], [6, 18, 7, 17], [8, 14, 9, 13]]"
12n_0853_83,"[[8, 14, 9, 13], [10, 19, 11, 20], [12, 23, 13, 24], [14, 2, 15, 1], [16, 8, 17, 7], [18, 4, 19, 3], [20, 11, 21, 12], [5, 22, 6, 23], [24, 9, 1, 10], [2, 16, 3, 15], [21, 4, 22, 5], [6, 18, 7, 17]]"
12n_0853_84,"[[7, 19, 8, 18], [9, 15, 10, 14], [11, 20, 12, 21], [13, 24, 14, 1], [15, 3, 16, 2], [17, 9, 18, 8], [19, 5, 20, 4], [21, 12, 22, 13], [6, 23, 7, 24], [1, 10, 2, 11], [3, 17, 4, 16], [22, 5, 23, 6]]"
12n_0853_85,"[[22, 5, 23, 6], [7, 19, 8, 18], [9, 15, 10, 14], [11, 20, 12, 21], [13, 24, 14, 1], [15, 3, 16, 2], [17, 9, 18, 8], [19, 5, 20, 4], [21, 12, 22, 13], [6, 23, 7, 24], [1, 10, 2, 11], [3, 17, 4, 16]]"
12n_0853_86,"[[3, 17, 4, 16], [22, 5, 23, 6], [7, 19, 8, 18], [9, 15, 10, 14], [11, 20, 12, 21], [13, 24, 14, 1], [15, 3, 16, 2], [17, 9, 18, 8], [19, 5, 20, 4], [21, 12, 22, 13], [6, 23, 7, 24], [1, 10, 2, 11]]"
12n_0853_87,"[[1, 10, 2, 11], [3, 17, 4, 16], [22, 5, 23, 6], [7, 19, 8, 18], [9, 15, 10, 14], [11, 20, 12, 21], [13, 24, 14, 1], [15, 3, 16, 2], [17, 9, 18, 8], [19, 5, 20, 4], [21, 12, 22, 13], [6, 23, 7, 24]]"
12n_0853_88,"[[6, 23, 7, 24], [1, 10, 2, 11], [3, 17, 4, 16], [22, 5, 23, 6], [7, 19, 8, 18], [9, 15, 10, 14], [11, 20, 12, 21], [13, 24, 14, 1], [15, 3, 16, 2], [17, 9, 18, 8], [19, 5, 20, 4], [21, 12, 22, 13]]"
12n_0853_89,"[[21, 12, 22, 13], [6, 23, 7, 24], [1, 10, 2, 11], [3, 17, 4, 16], [22, 5, 23, 6], [7, 19, 8, 18], [9, 15, 10, 14], [11, 20, 12, 21], [13, 24, 14, 1], [15, 3, 16, 2], [17, 9, 18, 8], [19, 5, 20, 4]]"
12n_0853_90,"[[19, 5, 20, 4], [21, 12, 22, 13], [6, 23, 7, 24], [1, 10, 2, 11], [3, 17, 4, 16], [22, 5, 23, 6], [7, 19, 8, 18], [9, 15, 10, 14], [11, 20, 12, 21], [13, 24, 14, 1], [15, 3, 16, 2], [17, 9, 18, 8]]"
12n_0853_91,"[[17, 9, 18, 8], [19, 5, 20, 4], [21, 12, 22, 13], [6, 23, 7, 24], [1, 10, 2, 11], [3, 17, 4, 16], [22, 5, 23, 6], [7, 19, 8, 18], [9, 15, 10, 14], [11, 20, 12, 21], [13, 24, 14, 1], [15, 3, 16, 2]]"
12n_0853_92,"[[15, 3, 16, 2], [17, 9, 18, 8], [19, 5, 20, 4], [21, 12, 22, 13], [6, 23, 7, 24], [1, 10, 2, 11], [3, 17, 4, 16], [22, 5, 23, 6], [7, 19, 8, 18], [9, 15, 10, 14], [11, 20, 12, 21], [13, 24, 14, 1]]"
12n_0853_93,"[[13, 24, 14, 1], [15, 3, 16, 2], [17, 9, 18, 8], [19, 5, 20, 4], [21, 12, 22, 13], [6, 23, 7, 24], [1, 10, 2, 11], [3, 17, 4, 16], [22, 5, 23, 6], [7, 19, 8, 18], [9, 15, 10, 14], [11, 20, 12, 21]]"
12n_0853_94,"[[11, 20, 12, 21], [13, 24, 14, 1], [15, 3, 16, 2], [17, 9, 18, 8], [19, 5, 20, 4], [21, 12, 22, 13], [6, 23, 7, 24], [1, 10, 2, 11], [3, 17, 4, 16], [22, 5, 23, 6], [7, 19, 8, 18], [9, 15, 10, 14]]"
12n_0853_95,"[[9, 15, 10, 14], [11, 20, 12, 21], [13, 24, 14, 1], [15, 3, 16, 2], [17, 9, 18, 8], [19, 5, 20, 4], [21, 12, 22, 13], [6, 23, 7, 24], [1, 10, 2, 11], [3, 17, 4, 16], [22, 5, 23, 6], [7, 19, 8, 18]]"
12n_0853_96,"[[8, 20, 9, 19], [10, 16, 11, 15], [12, 21, 13, 22], [14, 1, 15, 2], [16, 4, 17, 3], [18, 10, 19, 9], [20, 6, 21, 5], [22, 13, 23, 14], [7, 24, 8, 1], [2, 11, 3, 12], [4, 18, 5, 17], [23, 6, 24, 7]]"
12n_0853_97,"[[23, 6, 24, 7], [8, 20, 9, 19], [10, 16, 11, 15], [12, 21, 13, 22], [14, 1, 15, 2], [16, 4, 17, 3], [18, 10, 19, 9], [20, 6, 21, 5], [22, 13, 23, 14], [7, 24, 8, 1], [2, 11, 3, 12], [4, 18, 5, 17]]"
12n_0853_98,"[[4, 18, 5, 17], [23, 6, 24, 7], [8, 20, 9, 19], [10, 16, 11, 15], [12, 21, 13, 22], [14, 1, 15, 2], [16, 4, 17, 3], [18, 10, 19, 9], [20, 6, 21, 5], [22, 13, 23, 14], [7, 24, 8, 1], [2, 11, 3, 12]]"
12n_0853_99,"[[2, 11, 3, 12], [4, 18, 5, 17], [23, 6, 24, 7], [8, 20, 9, 19], [10, 16, 11, 15], [12, 21, 13, 22], [14, 1, 15, 2], [16, 4, 17, 3], [18, 10, 19, 9], [20, 6, 21, 5], [22, 13, 23, 14], [7, 24, 8, 1]]"
12n_0853_100,"[[7, 24, 8, 1], [2, 11, 3, 12], [4, 18, 5, 17], [23, 6, 24, 7], [8, 20, 9, 19], [10, 16, 11, 15], [12, 21, 13, 22], [14, 1, 15, 2], [16, 4, 17, 3], [18, 10, 19, 9], [20, 6, 21, 5], [22, 13, 23, 14]]"
12n_0853_101,"[[22, 13, 23, 14], [7, 24, 8, 1], [2, 11, 3, 12], [4, 18, 5, 17], [23, 6, 24, 7], [8, 20, 9, 19], [10, 16, 11, 15], [12, 21, 13, 22], [14, 1, 15, 2], [16, 4, 17, 3], [18, 10, 19, 9], [20, 6, 21, 5]]"
12n_0853_102,"[[20, 6, 21, 5], [22, 13, 23, 14], [7, 24, 8, 1], [2, 11, 3, 12], [4, 18, 5, 17], [23, 6, 24, 7], [8, 20, 9, 19], [10, 16, 11, 15], [12, 21, 13, 22], [14, 1, 15, 2], [16, 4, 17, 3], [18, 10, 19, 9]]"
12n_0853_103,"[[18, 10, 19, 9], [20, 6, 21, 5], [22, 13, 23, 14], [7, 24, 8, 1], [2, 11, 3, 12], [4, 18, 5, 17], [23, 6, 24, 7], [8, 20, 9, 19], [10, 16, 11, 15], [12, 21, 13, 22], [14, 1, 15, 2], [16, 4, 17, 3]]"
12n_0853_104,"[[16, 4, 17, 3], [18, 10, 19, 9], [20, 6, 21, 5], [22, 13, 23, 14], [7, 24, 8, 1], [2, 11, 3, 12], [4, 18, 5, 17], [23, 6, 24, 7], [8, 20, 9, 19], [10, 16, 11, 15], [12, 21, 13, 22], [14, 1, 15, 2]]"
12n_0853_105,"[[14, 1, 15, 2], [16, 4, 17, 3], [18, 10, 19, 9], [20, 6, 21, 5], [22, 13, 23, 14], [7, 24, 8, 1], [2, 11, 3, 12], [4, 18, 5, 17], [23, 6, 24, 7], [8, 20, 9, 19], [10, 16, 11, 15], [12, 21, 13, 22]]"
12n_0853_106,"[[12, 21, 13, 22], [14, 1, 15, 2], [16, 4, 17, 3], [18, 10, 19, 9], [20, 6, 21, 5], [22, 13, 23, 14], [7, 24, 8, 1], [2, 11, 3, 12], [4, 18, 5, 17], [23, 6, 24, 7], [8, 20, 9, 19], [10, 16, 11, 15]]"
12n_0853_107,"[[10, 16, 11, 15], [12, 21, 13, 22], [14, 1, 15, 2], [16, 4, 17, 3], [18, 10, 19, 9], [20, 6, 21, 5], [22, 13, 23, 14], [7, 24, 8, 1], [2, 11, 3, 12], [4, 18, 5, 17], [23, 6, 24, 7], [8, 20, 9, 19]]"
12n_0853_108,"[[9, 21, 10, 20], [11, 17, 12, 16], [13, 22, 14, 23], [15, 2, 16, 3], [17, 5, 18, 4], [19, 11, 20, 10], [21, 7, 22, 6], [23, 14, 24, 15], [8, 1, 9, 2], [3, 12, 4, 13], [5, 19, 6, 18], [24, 7, 1, 8]]"
12n_0853_109,"[[24, 7, 1, 8], [9, 21, 10, 20], [11, 17, 12, 16], [13, 22, 14, 23], [15, 2, 16, 3], [17, 5, 18, 4], [19, 11, 20, 10], [21, 7, 22, 6], [23, 14, 24, 15], [8, 1, 9, 2], [3, 12, 4, 13], [5, 19, 6, 18]]"
12n_0853_110,"[[5, 19, 6, 18], [24, 7, 1, 8], [9, 21, 10, 20], [11, 17, 12, 16], [13, 22, 14, 23], [15, 2, 16, 3], [17, 5, 18, 4], [19, 11, 20, 10], [21, 7, 22, 6], [23, 14, 24, 15], [8, 1, 9, 2], [3, 12, 4, 13]]"
12n_0853_111,"[[3, 12, 4, 13], [5, 19, 6, 18], [24, 7, 1, 8], [9, 21, 10, 20], [11, 17, 12, 16], [13, 22, 14, 23], [15, 2, 16, 3], [17, 5, 18, 4], [19, 11, 20, 10], [21, 7, 22, 6], [23, 14, 24, 15], [8, 1, 9, 2]]"
12n_0853_112,"[[8, 1, 9, 2], [3, 12, 4, 13], [5, 19, 6, 18], [24, 7, 1, 8], [9, 21, 10, 20], [11, 17, 12, 16], [13, 22, 14, 23], [15, 2, 16, 3], [17, 5, 18, 4], [19, 11, 20, 10], [21, 7, 22, 6], [23, 14, 24, 15]]"
12n_0853_113,"[[23, 14, 24, 15], [8, 1, 9, 2], [3, 12, 4, 13], [5, 19, 6, 18], [24, 7, 1, 8], [9, 21, 10, 20], [11, 17, 12, 16], [13, 22, 14, 23], [15, 2, 16, 3], [17, 5, 18, 4], [19, 11, 20, 10], [21, 7, 22, 6]]"
12n_0853_114,"[[21, 7, 22, 6], [23, 14, 24, 15], [8, 1, 9, 2], [3, 12, 4, 13], [5, 19, 6, 18], [24, 7, 1, 8], [9, 21, 10, 20], [11, 17, 12, 16], [13, 22, 14, 23], [15, 2, 16, 3], [17, 5, 18, 4], [19, 11, 20, 10]]"
12n_0853_115,"[[19, 11, 20, 10], [21, 7, 22, 6], [23, 14, 24, 15], [8, 1, 9, 2], [3, 12, 4, 13], [5, 19, 6, 18], [24, 7, 1, 8], [9, 21, 10, 20], [11, 17, 12, 16], [13, 22, 14, 23], [15, 2, 16, 3], [17, 5, 18, 4]]"
12n_0853_116,"[[17, 5, 18, 4], [19, 11, 20, 10], [21, 7, 22, 6], [23, 14, 24, 15], [8, 1, 9, 2], [3, 12, 4, 13], [5, 19, 6, 18], [24, 7, 1, 8], [9, 21, 10, 20], [11, 17, 12, 16], [13, 22, 14, 23], [15, 2, 16, 3]]"
12n_0853_117,"[[15, 2, 16, 3], [17, 5, 18, 4], [19, 11, 20, 10], [21, 7, 22, 6], [23, 14, 24, 15], [8, 1, 9, 2], [3, 12, 4, 13], [5, 19, 6, 18], [24, 7, 1, 8], [9, 21, 10, 20], [11, 17, 12, 16], [13, 22, 14, 23]]"
12n_0853_118,"[[13, 22, 14, 23], [15, 2, 16, 3], [17, 5, 18, 4], [19, 11, 20, 10], [21, 7, 22, 6], [23, 14, 24, 15], [8, 1, 9, 2], [3, 12, 4, 13], [5, 19, 6, 18], [24, 7, 1, 8], [9, 21, 10, 20], [11, 17, 12, 16]]"
12n_0853_119,"[[11, 17, 12, 16], [13, 22, 14, 23], [15, 2, 16, 3], [17, 5, 18, 4], [19, 11, 20, 10], [21, 7, 22, 6], [23, 14, 24, 15], [8, 1, 9, 2], [3, 12, 4, 13], [5, 19, 6, 18], [24, 7, 1, 8], [9, 21, 10, 20]]"
12n_0853_120,"[[10, 22, 11, 21], [12, 18, 13, 17], [14, 23, 15, 24], [16, 3, 17, 4], [18, 6, 19, 5], [20, 12, 21, 11], [22, 8, 23, 7], [24, 15, 1, 16], [9, 2, 10, 3], [4, 13, 5, 14], [6, 20, 7, 19], [1, 8, 2, 9]]"
12n_0853_121,"[[1, 8, 2, 9], [10, 22, 11, 21], [12, 18, 13, 17], [14, 23, 15, 24], [16, 3, 17, 4], [18, 6, 19, 5], [20, 12, 21, 11], [22, 8, 23, 7], [24, 15, 1, 16], [9, 2, 10, 3], [4, 13, 5, 14], [6, 20, 7, 19]]"
12n_0853_122,"[[6, 20, 7, 19], [1, 8, 2, 9], [10, 22, 11, 21], [12, 18, 13, 17], [14, 23, 15, 24], [16, 3, 17, 4], [18, 6, 19, 5], [20, 12, 21, 11], [22, 8, 23, 7], [24, 15, 1, 16], [9, 2, 10, 3], [4, 13, 5, 14]]"
12n_0853_123,"[[4, 13, 5, 14], [6, 20, 7, 19], [1, 8, 2, 9], [10, 22, 11, 21], [12, 18, 13, 17], [14, 23, 15, 24], [16, 3, 17, 4], [18, 6, 19, 5], [20, 12, 21, 11], [22, 8, 23, 7], [24, 15, 1, 16], [9, 2, 10, 3]]"
12n_0853_124,"[[9, 2, 10, 3], [4, 13, 5, 14], [6, 20, 7, 19], [1, 8, 2, 9], [10, 22, 11, 21], [12, 18, 13, 17], [14, 23, 15, 24], [16, 3, 17, 4], [18, 6, 19, 5], [20, 12, 21, 11], [22, 8, 23, 7], [24, 15, 1, 16]]"
12n_0853_125,"[[24, 15, 1, 16], [9, 2, 10, 3], [4, 13, 5, 14], [6, 20, 7, 19], [1, 8, 2, 9], [10, 22, 11, 21], [12, 18, 13, 17], [14, 23, 15, 24], [16, 3, 17, 4], [18, 6, 19, 5], [20, 12, 21, 11], [22, 8, 23, 7]]"
12n_0853_126,"[[22, 8, 23, 7], [24, 15, 1, 16], [9, 2, 10, 3], [4, 13, 5, 14], [6, 20, 7, 19], [1, 8, 2, 9], [10, 22, 11, 21], [12, 18, 13, 17], [14, 23, 15, 24], [16, 3, 17, 4], [18, 6, 19, 5], [20, 12, 21, 11]]"
12n_0853_127,"[[20, 12, 21, 11], [22, 8, 23, 7], [24, 15, 1, 16], [9, 2, 10, 3], [4, 13, 5, 14], [6, 20, 7, 19], [1, 8, 2, 9], [10, 22, 11, 21], [12, 18, 13, 17], [14, 23, 15, 24], [16, 3, 17, 4], [18, 6, 19, 5]]"
12n_0853_128,"[[18, 6, 19, 5], [20, 12, 21, 11], [22, 8, 23, 7], [24, 15, 1, 16], [9, 2, 10, 3], [4, 13, 5, 14], [6, 20, 7, 19], [1, 8, 2, 9], [10, 22, 11, 21], [12, 18, 13, 17], [14, 23, 15, 24], [16, 3, 17, 4]]"
12n_0853_129,"[[16, 3, 17, 4], [18, 6, 19, 5], [20, 12, 21, 11], [22, 8, 23, 7], [24, 15, 1, 16], [9, 2, 10, 3], [4, 13, 5, 14], [6, 20, 7, 19], [1, 8, 2, 9], [10, 22, 11, 21], [12, 18, 13, 17], [14, 23, 15, 24]]"
12n_0853_130,"[[14, 23, 15, 24], [16, 3, 17, 4], [18, 6, 19, 5], [20, 12, 21, 11], [22, 8, 23, 7], [24, 15, 1, 16], [9, 2, 10, 3], [4, 13, 5, 14], [6, 20, 7, 19], [1, 8, 2, 9], [10, 22, 11, 21], [12, 18, 13, 17]]"
12n_0853_131,"[[12, 18, 13, 17], [14, 23, 15, 24], [16, 3, 17, 4], [18, 6, 19, 5], [20, 12, 21, 11], [22, 8, 23, 7], [24, 15, 1, 16], [9, 2, 10, 3], [4, 13, 5, 14], [6, 20, 7, 19], [1, 8, 2, 9], [10, 22, 11, 21]]"
12n_0853_132,"[[11, 23, 12, 22], [13, 19, 14, 18], [15, 24, 16, 1], [17, 4, 18, 5], [19, 7, 20, 6], [21, 13, 22, 12], [23, 9, 24, 8], [1, 16, 2, 17], [10, 3, 11, 4], [5, 14, 6, 15], [7, 21, 8, 20], [2, 9, 3, 10]]"
12n_0853_133,"[[2, 9, 3, 10], [11, 23, 12, 22], [13, 19, 14, 18], [15, 24, 16, 1], [17, 4, 18, 5], [19, 7, 20, 6], [21, 13, 22, 12], [23, 9, 24, 8], [1, 16, 2, 17], [10, 3, 11, 4], [5, 14, 6, 15], [7, 21, 8, 20]]"
12n_0853_134,"[[7, 21, 8, 20], [2, 9, 3, 10], [11, 23, 12, 22], [13, 19, 14, 18], [15, 24, 16, 1], [17, 4, 18, 5], [19, 7, 20, 6], [21, 13, 22, 12], [23, 9, 24, 8], [1, 16, 2, 17], [10, 3, 11, 4], [5, 14, 6, 15]]"
12n_0853_135,"[[5, 14, 6, 15], [7, 21, 8, 20], [2, 9, 3, 10], [11, 23, 12, 22], [13, 19, 14, 18], [15, 24, 16, 1], [17, 4, 18, 5], [19, 7, 20, 6], [21, 13, 22, 12], [23, 9, 24, 8], [1, 16, 2, 17], [10, 3, 11, 4]]"
12n_0853_136,"[[10, 3, 11, 4], [5, 14, 6, 15], [7, 21, 8, 20], [2, 9, 3, 10], [11, 23, 12, 22], [13, 19, 14, 18], [15, 24, 16, 1], [17, 4, 18, 5], [19, 7, 20, 6], [21, 13, 22, 12], [23, 9, 24, 8], [1, 16, 2, 17]]"
12n_0853_137,"[[1, 16, 2, 17], [10, 3, 11, 4], [5, 14, 6, 15], [7, 21, 8, 20], [2, 9, 3, 10], [11, 23, 12, 22], [13, 19, 14, 18], [15, 24, 16, 1], [17, 4, 18, 5], [19, 7, 20, 6], [21, 13, 22, 12], [23, 9, 24, 8]]"
12n_0853_138,"[[23, 9, 24, 8], [1, 16, 2, 17], [10, 3, 11, 4], [5, 14, 6, 15], [7, 21, 8, 20], [2, 9, 3, 10], [11, 23, 12, 22], [13, 19, 14, 18], [15, 24, 16, 1], [17, 4, 18, 5], [19, 7, 20, 6], [21, 13, 22, 12]]"
12n_0853_139,"[[21, 13, 22, 12], [23, 9, 24, 8], [1, 16, 2, 17], [10, 3, 11, 4], [5, 14, 6, 15], [7, 21, 8, 20], [2, 9, 3, 10], [11, 23, 12, 22], [13, 19, 14, 18], [15, 24, 16, 1], [17, 4, 18, 5], [19, 7, 20, 6]]"
12n_0853_140,"[[19, 7, 20, 6], [21, 13, 22, 12], [23, 9, 24, 8], [1, 16, 2, 17], [10, 3, 11, 4], [5, 14, 6, 15], [7, 21, 8, 20], [2, 9, 3, 10], [11, 23, 12, 22], [13, 19, 14, 18], [15, 24, 16, 1], [17, 4, 18, 5]]"
12n_0853_141,"[[17, 4, 18, 5], [19, 7, 20, 6], [21, 13, 22, 12], [23, 9, 24, 8], [1, 16, 2, 17], [10, 3, 11, 4], [5, 14, 6, 15], [7, 21, 8, 20], [2, 9, 3, 10], [11, 23, 12, 22], [13, 19, 14, 18], [15, 24, 16, 1]]"
12n_0853_142,"[[15, 24, 16, 1], [17, 4, 18, 5], [19, 7, 20, 6], [21, 13, 22, 12], [23, 9, 24, 8], [1, 16, 2, 17], [10, 3, 11, 4], [5, 14, 6, 15], [7, 21, 8, 20], [2, 9, 3, 10], [11, 23, 12, 22], [13, 19, 14, 18]]"
12n_0853_143,"[[13, 19, 14, 18], [15, 24, 16, 1], [17, 4, 18, 5], [19, 7, 20, 6], [21, 13, 22, 12], [23, 9, 24, 8], [1, 16, 2, 17], [10, 3, 11, 4], [5, 14, 6, 15], [7, 21, 8, 20], [2, 9, 3, 10], [11, 23, 12, 22]]"
12n_0853_144,"[[12, 24, 13, 23], [14, 20, 15, 19], [16, 1, 17, 2], [18, 5, 19, 6], [20, 8, 21, 7], [22, 14, 23, 13], [24, 10, 1, 9], [2, 17, 3, 18], [11, 4, 12, 5], [6, 15, 7, 16], [8, 22, 9, 21], [3, 10, 4, 11]]"
12n_0853_145,"[[3, 10, 4, 11], [12, 24, 13, 23], [14, 20, 15, 19], [16, 1, 17, 2], [18, 5, 19, 6], [20, 8, 21, 7], [22, 14, 23, 13], [24, 10, 1, 9], [2, 17, 3, 18], [11, 4, 12, 5], [6, 15, 7, 16], [8, 22, 9, 21]]"
12n_0853_146,"[[8, 22, 9, 21], [3, 10, 4, 11], [12, 24, 13, 23], [14, 20, 15, 19], [16, 1, 17, 2], [18, 5, 19, 6], [20, 8, 21, 7], [22, 14, 23, 13], [24, 10, 1, 9], [2, 17, 3, 18], [11, 4, 12, 5], [6, 15, 7, 16]]"
12n_0853_147,"[[6, 15, 7, 16], [8, 22, 9, 21], [3, 10, 4, 11], [12, 24, 13, 23], [14, 20, 15, 19], [16, 1, 17, 2], [18, 5, 19, 6], [20, 8, 21, 7], [22, 14, 23, 13], [24, 10, 1, 9], [2, 17, 3, 18], [11, 4, 12, 5]]"
12n_0853_148,"[[11, 4, 12, 5], [6, 15, 7, 16], [8, 22, 9, 21], [3, 10, 4, 11], [12, 24, 13, 23], [14, 20, 15, 19], [16, 1, 17, 2], [18, 5, 19, 6], [20, 8, 21, 7], [22, 14, 23, 13], [24, 10, 1, 9], [2, 17, 3, 18]]"
12n_0853_149,"[[2, 17, 3, 18], [11, 4, 12, 5], [6, 15, 7, 16], [8, 22, 9, 21], [3, 10, 4, 11], [12, 24, 13, 23], [14, 20, 15, 19], [16, 1, 17, 2], [18, 5, 19, 6], [20, 8, 21, 7], [22, 14, 23, 13], [24, 10, 1, 9]]"
12n_0853_150,"[[24, 10, 1, 9], [2, 17, 3, 18], [11, 4, 12, 5], [6, 15, 7, 16], [8, 22, 9, 21], [3, 10, 4, 11], [12, 24, 13, 23], [14, 20, 15, 19], [16, 1, 17, 2], [18, 5, 19, 6], [20, 8, 21, 7], [22, 14, 23, 13]]"
12n_0853_151,"[[22, 14, 23, 13], [24, 10, 1, 9], [2, 17, 3, 18], [11, 4, 12, 5], [6, 15, 7, 16], [8, 22, 9, 21], [3, 10, 4, 11], [12, 24, 13, 23], [14, 20, 15, 19], [16, 1, 17, 2], [18, 5, 19, 6], [20, 8, 21, 7]]"
12n_0853_152,"[[20, 8, 21, 7], [22, 14, 23, 13], [24, 10, 1, 9], [2, 17, 3, 18], [11, 4, 12, 5], [6, 15, 7, 16], [8, 22, 9, 21], [3, 10, 4, 11], [12, 24, 13, 23], [14, 20, 15, 19], [16, 1, 17, 2], [18, 5, 19, 6]]"
12n_0853_153,"[[18, 5, 19, 6], [20, 8, 21, 7], [22, 14, 23, 13], [24, 10, 1, 9], [2, 17, 3, 18], [11, 4, 12, 5], [6, 15, 7, 16], [8, 22, 9, 21], [3, 10, 4, 11], [12, 24, 13, 23], [14, 20, 15, 19], [16, 1, 17, 2]]"
12n_0853_154,"[[16, 1, 17, 2], [18, 5, 19, 6], [20, 8, 21, 7], [22, 14, 23, 13], [24, 10, 1, 9], [2, 17, 3, 18], [11, 4, 12, 5], [6, 15, 7, 16], [8, 22, 9, 21], [3, 10, 4, 11], [12, 24, 13, 23], [14, 20, 15, 19]]"
12n_0853_155,"[[14, 20, 15, 19], [16, 1, 17, 2], [18, 5, 19, 6], [20, 8, 21, 7], [22, 14, 23, 13], [24, 10, 1, 9], [2, 17, 3, 18], [11, 4, 12, 5], [6, 15, 7, 16], [8, 22, 9, 21], [3, 10, 4, 11], [12, 24, 13, 23]]"
12n_0853_156,"[[13, 1, 14, 24], [15, 21, 16, 20], [17, 2, 18, 3], [19, 6, 20, 7], [21, 9, 22, 8], [23, 15, 24, 14], [1, 11, 2, 10], [3, 18, 4, 19], [12, 5, 13, 6], [7, 16, 8, 17], [9, 23, 10, 22], [4, 11, 5, 12]]"
12n_0853_157,"[[4, 11, 5, 12], [13, 1, 14, 24], [15, 21, 16, 20], [17, 2, 18, 3], [19, 6, 20, 7], [21, 9, 22, 8], [23, 15, 24, 14], [1, 11, 2, 10], [3, 18, 4, 19], [12, 5, 13, 6], [7, 16, 8, 17], [9, 23, 10, 22]]"
12n_0853_158,"[[9, 23, 10, 22], [4, 11, 5, 12], [13, 1, 14, 24], [15, 21, 16, 20], [17, 2, 18, 3], [19, 6, 20, 7], [21, 9, 22, 8], [23, 15, 24, 14], [1, 11, 2, 10], [3, 18, 4, 19], [12, 5, 13, 6], [7, 16, 8, 17]]"
12n_0853_159,"[[7, 16, 8, 17], [9, 23, 10, 22], [4, 11, 5, 12], [13, 1, 14, 24], [15, 21, 16, 20], [17, 2, 18, 3], [19, 6, 20, 7], [21, 9, 22, 8], [23, 15, 24, 14], [1, 11, 2, 10], [3, 18, 4, 19], [12, 5, 13, 6]]"
12n_0853_160,"[[12, 5, 13, 6], [7, 16, 8, 17], [9, 23, 10, 22], [4, 11, 5, 12], [13, 1, 14, 24], [15, 21, 16, 20], [17, 2, 18, 3], [19, 6, 20, 7], [21, 9, 22, 8], [23, 15, 24, 14], [1, 11, 2, 10], [3, 18, 4, 19]]"
12n_0853_161,"[[3, 18, 4, 19], [12, 5, 13, 6], [7, 16, 8, 17], [9, 23, 10, 22], [4, 11, 5, 12], [13, 1, 14, 24], [15, 21, 16, 20], [17, 2, 18, 3], [19, 6, 20, 7], [21, 9, 22, 8], [23, 15, 24, 14], [1, 11, 2, 10]]"
12n_0853_162,"[[1, 11, 2, 10], [3, 18, 4, 19], [12, 5, 13, 6], [7, 16, 8, 17], [9, 23, 10, 22], [4, 11, 5, 12], [13, 1, 14, 24], [15, 21, 16, 20], [17, 2, 18, 3], [19, 6, 20, 7], [21, 9, 22, 8], [23, 15, 24, 14]]"
12n_0853_163,"[[23, 15, 24, 14], [1, 11, 2, 10], [3, 18, 4, 19], [12, 5, 13, 6], [7, 16, 8, 17], [9, 23, 10, 22], [4, 11, 5, 12], [13, 1, 14, 24], [15, 21, 16, 20], [17, 2, 18, 3], [19, 6, 20, 7], [21, 9, 22, 8]]"
12n_0853_164,"[[21, 9, 22, 8], [23, 15, 24, 14], [1, 11, 2, 10], [3, 18, 4, 19], [12, 5, 13, 6], [7, 16, 8, 17], [9, 23, 10, 22], [4, 11, 5, 12], [13, 1, 14, 24], [15, 21, 16, 20], [17, 2, 18, 3], [19, 6, 20, 7]]"
12n_0853_165,"[[19, 6, 20, 7], [21, 9, 22, 8], [23, 15, 24, 14], [1, 11, 2, 10], [3, 18, 4, 19], [12, 5, 13, 6], [7, 16, 8, 17], [9, 23, 10, 22], [4, 11, 5, 12], [13, 1, 14, 24], [15, 21, 16, 20], [17, 2, 18, 3]]"
12n_0853_166,"[[17, 2, 18, 3], [19, 6, 20, 7], [21, 9, 22, 8], [23, 15, 24, 14], [1, 11, 2, 10], [3, 18, 4, 19], [12, 5, 13, 6], [7, 16, 8, 17], [9, 23, 10, 22], [4, 11, 5, 12], [13, 1, 14, 24], [15, 21, 16, 20]]"
12n_0853_167,"[[15, 21, 16, 20], [17, 2, 18, 3], [19, 6, 20, 7], [21, 9, 22, 8], [23, 15, 24, 14], [1, 11, 2, 10], [3, 18, 4, 19], [12, 5, 13, 6], [7, 16, 8, 17], [9, 23, 10, 22], [4, 11, 5, 12], [13, 1, 14, 24]]"
12n_0853_168,"[[14, 2, 15, 1], [16, 22, 17, 21], [18, 3, 19, 4], [20, 7, 21, 8], [22, 10, 23, 9], [24, 16, 1, 15], [2, 12, 3, 11], [4, 19, 5, 20], [13, 6, 14, 7], [8, 17, 9, 18], [10, 24, 11, 23], [5, 12, 6, 13]]"
12n_0853_169,"[[5, 12, 6, 13], [14, 2, 15, 1], [16, 22, 17, 21], [18, 3, 19, 4], [20, 7, 21, 8], [22, 10, 23, 9], [24, 16, 1, 15], [2, 12, 3, 11], [4, 19, 5, 20], [13, 6, 14, 7], [8, 17, 9, 18], [10, 24, 11, 23]]"
12n_0853_170,"[[10, 24, 11, 23], [5, 12, 6, 13], [14, 2, 15, 1], [16, 22, 17, 21], [18, 3, 19, 4], [20, 7, 21, 8], [22, 10, 23, 9], [24, 16, 1, 15], [2, 12, 3, 11], [4, 19, 5, 20], [13, 6, 14, 7], [8, 17, 9, 18]]"
12n_0853_171,"[[8, 17, 9, 18], [10, 24, 11, 23], [5, 12, 6, 13], [14, 2, 15, 1], [16, 22, 17, 21], [18, 3, 19, 4], [20, 7, 21, 8], [22, 10, 23, 9], [24, 16, 1, 15], [2, 12, 3, 11], [4, 19, 5, 20], [13, 6, 14, 7]]"
12n_0853_172,"[[13, 6, 14, 7], [8, 17, 9, 18], [10, 24, 11, 23], [5, 12, 6, 13], [14, 2, 15, 1], [16, 22, 17, 21], [18, 3, 19, 4], [20, 7, 21, 8], [22, 10, 23, 9], [24, 16, 1, 15], [2, 12, 3, 11], [4, 19, 5, 20]]"
12n_0853_173,"[[4, 19, 5, 20], [13, 6, 14, 7], [8, 17, 9, 18], [10, 24, 11, 23], [5, 12, 6, 13], [14, 2, 15, 1], [16, 22, 17, 21], [18, 3, 19, 4], [20, 7, 21, 8], [22, 10, 23, 9], [24, 16, 1, 15], [2, 12, 3, 11]]"
12n_0853_174,"[[2, 12, 3, 11], [4, 19, 5, 20], [13, 6, 14, 7], [8, 17, 9, 18], [10, 24, 11, 23], [5, 12, 6, 13], [14, 2, 15, 1], [16, 22, 17, 21], [18, 3, 19, 4], [20, 7, 21, 8], [22, 10, 23, 9], [24, 16, 1, 15]]"
12n_0853_175,"[[24, 16, 1, 15], [2, 12, 3, 11], [4, 19, 5, 20], [13, 6, 14, 7], [8, 17, 9, 18], [10, 24, 11, 23], [5, 12, 6, 13], [14, 2, 15, 1], [16, 22, 17, 21], [18, 3, 19, 4], [20, 7, 21, 8], [22, 10, 23, 9]]"
12n_0853_176,"[[22, 10, 23, 9], [24, 16, 1, 15], [2, 12, 3, 11], [4, 19, 5, 20], [13, 6, 14, 7], [8, 17, 9, 18], [10, 24, 11, 23], [5, 12, 6, 13], [14, 2, 15, 1], [16, 22, 17, 21], [18, 3, 19, 4], [20, 7, 21, 8]]"
12n_0853_177,"[[20, 7, 21, 8], [22, 10, 23, 9], [24, 16, 1, 15], [2, 12, 3, 11], [4, 19, 5, 20], [13, 6, 14, 7], [8, 17, 9, 18], [10, 24, 11, 23], [5, 12, 6, 13], [14, 2, 15, 1], [16, 22, 17, 21], [18, 3, 19, 4]]"
12n_0853_178,"[[18, 3, 19, 4], [20, 7, 21, 8], [22, 10, 23, 9], [24, 16, 1, 15], [2, 12, 3, 11], [4, 19, 5, 20], [13, 6, 14, 7], [8, 17, 9, 18], [10, 24, 11, 23], [5, 12, 6, 13], [14, 2, 15, 1], [16, 22, 17, 21]]"
12n_0853_179,"[[16, 22, 17, 21], [18, 3, 19, 4], [20, 7, 21, 8], [22, 10, 23, 9], [24, 16, 1, 15], [2, 12, 3, 11], [4, 19, 5, 20], [13, 6, 14, 7], [8, 17, 9, 18], [10, 24, 11, 23], [5, 12, 6, 13], [14, 2, 15, 1]]"
12n_0853_180,"[[15, 3, 16, 2], [17, 23, 18, 22], [19, 4, 20, 5], [21, 8, 22, 9], [23, 11, 24, 10], [1, 17, 2, 16], [3, 13, 4, 12], [5, 20, 6, 21], [14, 7, 15, 8], [9, 18, 10, 19], [11, 1, 12, 24], [6, 13, 7, 14]]"
12n_0853_181,"[[6, 13, 7, 14], [15, 3, 16, 2], [17, 23, 18, 22], [19, 4, 20, 5], [21, 8, 22, 9], [23, 11, 24, 10], [1, 17, 2, 16], [3, 13, 4, 12], [5, 20, 6, 21], [14, 7, 15, 8], [9, 18, 10, 19], [11, 1, 12, 24]]"
12n_0853_182,"[[11, 1, 12, 24], [6, 13, 7, 14], [15, 3, 16, 2], [17, 23, 18, 22], [19, 4, 20, 5], [21, 8, 22, 9], [23, 11, 24, 10], [1, 17, 2, 16], [3, 13, 4, 12], [5, 20, 6, 21], [14, 7, 15, 8], [9, 18, 10, 19]]"
12n_0853_183,"[[9, 18, 10, 19], [11, 1, 12, 24], [6, 13, 7, 14], [15, 3, 16, 2], [17, 23, 18, 22], [19, 4, 20, 5], [21, 8, 22, 9], [23, 11, 24, 10], [1, 17, 2, 16], [3, 13, 4, 12], [5, 20, 6, 21], [14, 7, 15, 8]]"
12n_0853_184,"[[14, 7, 15, 8], [9, 18, 10, 19], [11, 1, 12, 24], [6, 13, 7, 14], [15, 3, 16, 2], [17, 23, 18, 22], [19, 4, 20, 5], [21, 8, 22, 9], [23, 11, 24, 10], [1, 17, 2, 16], [3, 13, 4, 12], [5, 20, 6, 21]]"
12n_0853_185,"[[5, 20, 6, 21], [14, 7, 15, 8], [9, 18, 10, 19], [11, 1, 12, 24], [6, 13, 7, 14], [15, 3, 16, 2], [17, 23, 18, 22], [19, 4, 20, 5], [21, 8, 22, 9], [23, 11, 24, 10], [1, 17, 2, 16], [3, 13, 4, 12]]"
