name,pd_notation
12n_0478_0,"[[24, 13, 1, 14], [2, 6, 3, 5], [4, 12, 5, 11], [17, 7, 18, 6], [19, 9, 20, 8], [10, 4, 11, 3], [12, 21, 13, 22], [14, 23, 15, 24], [16, 1, 17, 2], [9, 19, 10, 18], [7, 21, 8, 20], [22, 15, 23, 16]]"
12n_0478_1,"[[22, 15, 23, 16], [24, 13, 1, 14], [2, 6, 3, 5], [4, 12, 5, 11], [17, 7, 18, 6], [19, 9, 20, 8], [10, 4, 11, 3], [12, 21, 13, 22], [14, 23, 15, 24], [16, 1, 17, 2], [9, 19, 10, 18], [7, 21, 8, 20]]"
12n_0478_2,"[[7, 21, 8, 20], [22, 15, 23, 16], [24, 13, 1, 14], [2, 6, 3, 5], [4, 12, 5, 11], [17, 7, 18, 6], [19, 9, 20, 8], [10, 4, 11, 3], [12, 21, 13, 22], [14, 23, 15, 24], [16, 1, 17, 2], [9, 19, 10, 18]]"
12n_0478_3,"[[9, 19, 10, 18], [7, 21, 8, 20], [22, 15, 23, 16], [24, 13, 1, 14], [2, 6, 3, 5], [4, 12, 5, 11], [17, 7, 18, 6], [19, 9, 20, 8], [10, 4, 11, 3], [12, 21, 13, 22], [14, 23, 15, 24], [16, 1, 17, 2]]"
12n_0478_4,"[[16, 1, 17, 2], [9, 19, 10, 18], [7, 21, 8, 20], [22, 15, 23, 16], [24, 13, 1, 14], [2, 6, 3, 5], [4, 12, 5, 11], [17, 7, 18, 6], [19, 9, 20, 8], [10, 4, 11, 3], [12, 21, 13, 22], [14, 23, 15, 24]]"
12n_0478_5,"[[14, 23, 15, 24], [16, 1, 17, 2], [9, 19, 10, 18], [7, 21, 8, 20], [22, 15, 23, 16], [24, 13, 1, 14], [2, 6, 3, 5], [4, 12, 5, 11], [17, 7, 18, 6], [19, 9, 20, 8], [10, 4, 11, 3], [12, 21, 13, 22]]"
12n_0478_6,"[[12, 21, 13, 22], [14, 23, 15, 24], [16, 1, 17, 2], [9, 19, 10, 18], [7, 21, 8, 20], [22, 15, 23, 16], [24, 13, 1, 14], [2, 6, 3, 5], [4, 12, 5, 11], [17, 7, 18, 6], [19, 9, 20, 8], [10, 4, 11, 3]]"
12n_0478_7,"[[10, 4, 11, 3], [12, 21, 13, 22], [14, 23, 15, 24], [16, 1, 17, 2], [9, 19, 10, 18], [7, 21, 8, 20], [22, 15, 23, 16], [24, 13, 1, 14], [2, 6, 3, 5], [4, 12, 5, 11], [17, 7, 18, 6], [19, 9, 20, 8]]"
12n_0478_8,"[[19, 9, 20, 8], [10, 4, 11, 3], [12, 21, 13, 22], [14, 23, 15, 24], [16, 1, 17, 2], [9, 19, 10, 18], [7, 21, 8, 20], [22, 15, 23, 16], [24, 13, 1, 14], [2, 6, 3, 5], [4, 12, 5, 11], [17, 7, 18, 6]]"
12n_0478_9,"[[17, 7, 18, 6], [19, 9, 20, 8], [10, 4, 11, 3], [12, 21, 13, 22], [14, 23, 15, 24], [16, 1, 17, 2], [9, 19, 10, 18], [7, 21, 8, 20], [22, 15, 23, 16], [24, 13, 1, 14], [2, 6, 3, 5], [4, 12, 5, 11]]"
12n_0478_10,"[[4, 12, 5, 11], [17, 7, 18, 6], [19, 9, 20, 8], [10, 4, 11, 3], [12, 21, 13, 22], [14, 23, 15, 24], [16, 1, 17, 2], [9, 19, 10, 18], [7, 21, 8, 20], [22, 15, 23, 16], [24, 13, 1, 14], [2, 6, 3, 5]]"
12n_0478_11,"[[2, 6, 3, 5], [4, 12, 5, 11], [17, 7, 18, 6], [19, 9, 20, 8], [10, 4, 11, 3], [12, 21, 13, 22], [14, 23, 15, 24], [16, 1, 17, 2], [9, 19, 10, 18], [7, 21, 8, 20], [22, 15, 23, 16], [24, 13, 1, 14]]"
12n_0478_12,"[[1, 14, 2, 15], [3, 7, 4, 6], [5, 13, 6, 12], [18, 8, 19, 7], [20, 10, 21, 9], [11, 5, 12, 4], [13, 22, 14, 23], [15, 24, 16, 1], [17, 2, 18, 3], [10, 20, 11, 19], [8, 22, 9, 21], [23, 16, 24, 17]]"
12n_0478_13,"[[23, 16, 24, 17], [1, 14, 2, 15], [3, 7, 4, 6], [5, 13, 6, 12], [18, 8, 19, 7], [20, 10, 21, 9], [11, 5, 12, 4], [13, 22, 14, 23], [15, 24, 16, 1], [17, 2, 18, 3], [10, 20, 11, 19], [8, 22, 9, 21]]"
12n_0478_14,"[[8, 22, 9, 21], [23, 16, 24, 17], [1, 14, 2, 15], [3, 7, 4, 6], [5, 13, 6, 12], [18, 8, 19, 7], [20, 10, 21, 9], [11, 5, 12, 4], [13, 22, 14, 23], [15, 24, 16, 1], [17, 2, 18, 3], [10, 20, 11, 19]]"
12n_0478_15,"[[10, 20, 11, 19], [8, 22, 9, 21], [23, 16, 24, 17], [1, 14, 2, 15], [3, 7, 4, 6], [5, 13, 6, 12], [18, 8, 19, 7], [20, 10, 21, 9], [11, 5, 12, 4], [13, 22, 14, 23], [15, 24, 16, 1], [17, 2, 18, 3]]"
12n_0478_16,"[[17, 2, 18, 3], [10, 20, 11, 19], [8, 22, 9, 21], [23, 16, 24, 17], [1, 14, 2, 15], [3, 7, 4, 6], [5, 13, 6, 12], [18, 8, 19, 7], [20, 10, 21, 9], [11, 5, 12, 4], [13, 22, 14, 23], [15, 24, 16, 1]]"
12n_0478_17,"[[15, 24, 16, 1], [17, 2, 18, 3], [10, 20, 11, 19], [8, 22, 9, 21], [23, 16, 24, 17], [1, 14, 2, 15], [3, 7, 4, 6], [5, 13, 6, 12], [18, 8, 19, 7], [20, 10, 21, 9], [11, 5, 12, 4], [13, 22, 14, 23]]"
12n_0478_18,"[[13, 22, 14, 23], [15, 24, 16, 1], [17, 2, 18, 3], [10, 20, 11, 19], [8, 22, 9, 21], [23, 16, 24, 17], [1, 14, 2, 15], [3, 7, 4, 6], [5, 13, 6, 12], [18, 8, 19, 7], [20, 10, 21, 9], [11, 5, 12, 4]]"
12n_0478_19,"[[11, 5, 12, 4], [13, 22, 14, 23], [15, 24, 16, 1], [17, 2, 18, 3], [10, 20, 11, 19], [8, 22, 9, 21], [23, 16, 24, 17], [1, 14, 2, 15], [3, 7, 4, 6], [5, 13, 6, 12], [18, 8, 19, 7], [20, 10, 21, 9]]"
12n_0478_20,"[[20, 10, 21, 9], [11, 5, 12, 4], [13, 22, 14, 23], [15, 24, 16, 1], [17, 2, 18, 3], [10, 20, 11, 19], [8, 22, 9, 21], [23, 16, 24, 17], [1, 14, 2, 15], [3, 7, 4, 6], [5, 13, 6, 12], [18, 8, 19, 7]]"
12n_0478_21,"[[18, 8, 19, 7], [20, 10, 21, 9], [11, 5, 12, 4], [13, 22, 14, 23], [15, 24, 16, 1], [17, 2, 18, 3], [10, 20, 11, 19], [8, 22, 9, 21], [23, 16, 24, 17], [1, 14, 2, 15], [3, 7, 4, 6], [5, 13, 6, 12]]"
12n_0478_22,"[[5, 13, 6, 12], [18, 8, 19, 7], [20, 10, 21, 9], [11, 5, 12, 4], [13, 22, 14, 23], [15, 24, 16, 1], [17, 2, 18, 3], [10, 20, 11, 19], [8, 22, 9, 21], [23, 16, 24, 17], [1, 14, 2, 15], [3, 7, 4, 6]]"
12n_0478_23,"[[3, 7, 4, 6], [5, 13, 6, 12], [18, 8, 19, 7], [20, 10, 21, 9], [11, 5, 12, 4], [13, 22, 14, 23], [15, 24, 16, 1], [17, 2, 18, 3], [10, 20, 11, 19], [8, 22, 9, 21], [23, 16, 24, 17], [1, 14, 2, 15]]"
12n_0478_24,"[[2, 15, 3, 16], [4, 8, 5, 7], [6, 14, 7, 13], [19, 9, 20, 8], [21, 11, 22, 10], [12, 6, 13, 5], [14, 23, 15, 24], [16, 1, 17, 2], [18, 3, 19, 4], [11, 21, 12, 20], [9, 23, 10, 22], [24, 17, 1, 18]]"
12n_0478_25,"[[24, 17, 1, 18], [2, 15, 3, 16], [4, 8, 5, 7], [6, 14, 7, 13], [19, 9, 20, 8], [21, 11, 22, 10], [12, 6, 13, 5], [14, 23, 15, 24], [16, 1, 17, 2], [18, 3, 19, 4], [11, 21, 12, 20], [9, 23, 10, 22]]"
12n_0478_26,"[[9, 23, 10, 22], [24, 17, 1, 18], [2, 15, 3, 16], [4, 8, 5, 7], [6, 14, 7, 13], [19, 9, 20, 8], [21, 11, 22, 10], [12, 6, 13, 5], [14, 23, 15, 24], [16, 1, 17, 2], [18, 3, 19, 4], [11, 21, 12, 20]]"
12n_0478_27,"[[11, 21, 12, 20], [9, 23, 10, 22], [24, 17, 1, 18], [2, 15, 3, 16], [4, 8, 5, 7], [6, 14, 7, 13], [19, 9, 20, 8], [21, 11, 22, 10], [12, 6, 13, 5], [14, 23, 15, 24], [16, 1, 17, 2], [18, 3, 19, 4]]"
12n_0478_28,"[[18, 3, 19, 4], [11, 21, 12, 20], [9, 23, 10, 22], [24, 17, 1, 18], [2, 15, 3, 16], [4, 8, 5, 7], [6, 14, 7, 13], [19, 9, 20, 8], [21, 11, 22, 10], [12, 6, 13, 5], [14, 23, 15, 24], [16, 1, 17, 2]]"
12n_0478_29,"[[16, 1, 17, 2], [18, 3, 19, 4], [11, 21, 12, 20], [9, 23, 10, 22], [24, 17, 1, 18], [2, 15, 3, 16], [4, 8, 5, 7], [6, 14, 7, 13], [19, 9, 20, 8], [21, 11, 22, 10], [12, 6, 13, 5], [14, 23, 15, 24]]"
12n_0478_30,"[[14, 23, 15, 24], [16, 1, 17, 2], [18, 3, 19, 4], [11, 21, 12, 20], [9, 23, 10, 22], [24, 17, 1, 18], [2, 15, 3, 16], [4, 8, 5, 7], [6, 14, 7, 13], [19, 9, 20, 8], [21, 11, 22, 10], [12, 6, 13, 5]]"
12n_0478_31,"[[12, 6, 13, 5], [14, 23, 15, 24], [16, 1, 17, 2], [18, 3, 19, 4], [11, 21, 12, 20], [9, 23, 10, 22], [24, 17, 1, 18], [2, 15, 3, 16], [4, 8, 5, 7], [6, 14, 7, 13], [19, 9, 20, 8], [21, 11, 22, 10]]"
12n_0478_32,"[[21, 11, 22, 10], [12, 6, 13, 5], [14, 23, 15, 24], [16, 1, 17, 2], [18, 3, 19, 4], [11, 21, 12, 20], [9, 23, 10, 22], [24, 17, 1, 18], [2, 15, 3, 16], [4, 8, 5, 7], [6, 14, 7, 13], [19, 9, 20, 8]]"
12n_0478_33,"[[19, 9, 20, 8], [21, 11, 22, 10], [12, 6, 13, 5], [14, 23, 15, 24], [16, 1, 17, 2], [18, 3, 19, 4], [11, 21, 12, 20], [9, 23, 10, 22], [24, 17, 1, 18], [2, 15, 3, 16], [4, 8, 5, 7], [6, 14, 7, 13]]"
12n_0478_34,"[[6, 14, 7, 13], [19, 9, 20, 8], [21, 11, 22, 10], [12, 6, 13, 5], [14, 23, 15, 24], [16, 1, 17, 2], [18, 3, 19, 4], [11, 21, 12, 20], [9, 23, 10, 22], [24, 17, 1, 18], [2, 15, 3, 16], [4, 8, 5, 7]]"
12n_0478_35,"[[4, 8, 5, 7], [6, 14, 7, 13], [19, 9, 20, 8], [21, 11, 22, 10], [12, 6, 13, 5], [14, 23, 15, 24], [16, 1, 17, 2], [18, 3, 19, 4], [11, 21, 12, 20], [9, 23, 10, 22], [24, 17, 1, 18], [2, 15, 3, 16]]"
12n_0478_36,"[[3, 16, 4, 17], [5, 9, 6, 8], [7, 15, 8, 14], [20, 10, 21, 9], [22, 12, 23, 11], [13, 7, 14, 6], [15, 24, 16, 1], [17, 2, 18, 3], [19, 4, 20, 5], [12, 22, 13, 21], [10, 24, 11, 23], [1, 18, 2, 19]]"
12n_0478_37,"[[1, 18, 2, 19], [3, 16, 4, 17], [5, 9, 6, 8], [7, 15, 8, 14], [20, 10, 21, 9], [22, 12, 23, 11], [13, 7, 14, 6], [15, 24, 16, 1], [17, 2, 18, 3], [19, 4, 20, 5], [12, 22, 13, 21], [10, 24, 11, 23]]"
12n_0478_38,"[[10, 24, 11, 23], [1, 18, 2, 19], [3, 16, 4, 17], [5, 9, 6, 8], [7, 15, 8, 14], [20, 10, 21, 9], [22, 12, 23, 11], [13, 7, 14, 6], [15, 24, 16, 1], [17, 2, 18, 3], [19, 4, 20, 5], [12, 22, 13, 21]]"
12n_0478_39,"[[12, 22, 13, 21], [10, 24, 11, 23], [1, 18, 2, 19], [3, 16, 4, 17], [5, 9, 6, 8], [7, 15, 8, 14], [20, 10, 21, 9], [22, 12, 23, 11], [13, 7, 14, 6], [15, 24, 16, 1], [17, 2, 18, 3], [19, 4, 20, 5]]"
12n_0478_40,"[[19, 4, 20, 5], [12, 22, 13, 21], [10, 24, 11, 23], [1, 18, 2, 19], [3, 16, 4, 17], [5, 9, 6, 8], [7, 15, 8, 14], [20, 10, 21, 9], [22, 12, 23, 11], [13, 7, 14, 6], [15, 24, 16, 1], [17, 2, 18, 3]]"
12n_0478_41,"[[17, 2, 18, 3], [19, 4, 20, 5], [12, 22, 13, 21], [10, 24, 11, 23], [1, 18, 2, 19], [3, 16, 4, 17], [5, 9, 6, 8], [7, 15, 8, 14], [20, 10, 21, 9], [22, 12, 23, 11], [13, 7, 14, 6], [15, 24, 16, 1]]"
12n_0478_42,"[[15, 24, 16, 1], [17, 2, 18, 3], [19, 4, 20, 5], [12, 22, 13, 21], [10, 24, 11, 23], [1, 18, 2, 19], [3, 16, 4, 17], [5, 9, 6, 8], [7, 15, 8, 14], [20, 10, 21, 9], [22, 12, 23, 11], [13, 7, 14, 6]]"
12n_0478_43,"[[13, 7, 14, 6], [15, 24, 16, 1], [17, 2, 18, 3], [19, 4, 20, 5], [12, 22, 13, 21], [10, 24, 11, 23], [1, 18, 2, 19], [3, 16, 4, 17], [5, 9, 6, 8], [7, 15, 8, 14], [20, 10, 21, 9], [22, 12, 23, 11]]"
12n_0478_44,"[[22, 12, 23, 11], [13, 7, 14, 6], [15, 24, 16, 1], [17, 2, 18, 3], [19, 4, 20, 5], [12, 22, 13, 21], [10, 24, 11, 23], [1, 18, 2, 19], [3, 16, 4, 17], [5, 9, 6, 8], [7, 15, 8, 14], [20, 10, 21, 9]]"
12n_0478_45,"[[20, 10, 21, 9], [22, 12, 23, 11], [13, 7, 14, 6], [15, 24, 16, 1], [17, 2, 18, 3], [19, 4, 20, 5], [12, 22, 13, 21], [10, 24, 11, 23], [1, 18, 2, 19], [3, 16, 4, 17], [5, 9, 6, 8], [7, 15, 8, 14]]"
12n_0478_46,"[[7, 15, 8, 14], [20, 10, 21, 9], [22, 12, 23, 11], [13, 7, 14, 6], [15, 24, 16, 1], [17, 2, 18, 3], [19, 4, 20, 5], [12, 22, 13, 21], [10, 24, 11, 23], [1, 18, 2, 19], [3, 16, 4, 17], [5, 9, 6, 8]]"
12n_0478_47,"[[5, 9, 6, 8], [7, 15, 8, 14], [20, 10, 21, 9], [22, 12, 23, 11], [13, 7, 14, 6], [15, 24, 16, 1], [17, 2, 18, 3], [19, 4, 20, 5], [12, 22, 13, 21], [10, 24, 11, 23], [1, 18, 2, 19], [3, 16, 4, 17]]"
12n_0478_48,"[[4, 17, 5, 18], [6, 10, 7, 9], [8, 16, 9, 15], [21, 11, 22, 10], [23, 13, 24, 12], [14, 8, 15, 7], [16, 1, 17, 2], [18, 3, 19, 4], [20, 5, 21, 6], [13, 23, 14, 22], [11, 1, 12, 24], [2, 19, 3, 20]]"
12n_0478_49,"[[2, 19, 3, 20], [4, 17, 5, 18], [6, 10, 7, 9], [8, 16, 9, 15], [21, 11, 22, 10], [23, 13, 24, 12], [14, 8, 15, 7], [16, 1, 17, 2], [18, 3, 19, 4], [20, 5, 21, 6], [13, 23, 14, 22], [11, 1, 12, 24]]"
12n_0478_50,"[[11, 1, 12, 24], [2, 19, 3, 20], [4, 17, 5, 18], [6, 10, 7, 9], [8, 16, 9, 15], [21, 11, 22, 10], [23, 13, 24, 12], [14, 8, 15, 7], [16, 1, 17, 2], [18, 3, 19, 4], [20, 5, 21, 6], [13, 23, 14, 22]]"
12n_0478_51,"[[13, 23, 14, 22], [11, 1, 12, 24], [2, 19, 3, 20], [4, 17, 5, 18], [6, 10, 7, 9], [8, 16, 9, 15], [21, 11, 22, 10], [23, 13, 24, 12], [14, 8, 15, 7], [16, 1, 17, 2], [18, 3, 19, 4], [20, 5, 21, 6]]"
12n_0478_52,"[[20, 5, 21, 6], [13, 23, 14, 22], [11, 1, 12, 24], [2, 19, 3, 20], [4, 17, 5, 18], [6, 10, 7, 9], [8, 16, 9, 15], [21, 11, 22, 10], [23, 13, 24, 12], [14, 8, 15, 7], [16, 1, 17, 2], [18, 3, 19, 4]]"
12n_0478_53,"[[18, 3, 19, 4], [20, 5, 21, 6], [13, 23, 14, 22], [11, 1, 12, 24], [2, 19, 3, 20], [4, 17, 5, 18], [6, 10, 7, 9], [8, 16, 9, 15], [21, 11, 22, 10], [23, 13, 24, 12], [14, 8, 15, 7], [16, 1, 17, 2]]"
12n_0478_54,"[[16, 1, 17, 2], [18, 3, 19, 4], [20, 5, 21, 6], [13, 23, 14, 22], [11, 1, 12, 24], [2, 19, 3, 20], [4, 17, 5, 18], [6, 10, 7, 9], [8, 16, 9, 15], [21, 11, 22, 10], [23, 13, 24, 12], [14, 8, 15, 7]]"
12n_0478_55,"[[14, 8, 15, 7], [16, 1, 17, 2], [18, 3, 19, 4], [20, 5, 21, 6], [13, 23, 14, 22], [11, 1, 12, 24], [2, 19, 3, 20], [4, 17, 5, 18], [6, 10, 7, 9], [8, 16, 9, 15], [21, 11, 22, 10], [23, 13, 24, 12]]"
12n_0478_56,"[[23, 13, 24, 12], [14, 8, 15, 7], [16, 1, 17, 2], [18, 3, 19, 4], [20, 5, 21, 6], [13, 23, 14, 22], [11, 1, 12, 24], [2, 19, 3, 20], [4, 17, 5, 18], [6, 10, 7, 9], [8, 16, 9, 15], [21, 11, 22, 10]]"
12n_0478_57,"[[21, 11, 22, 10], [23, 13, 24, 12], [14, 8, 15, 7], [16, 1, 17, 2], [18, 3, 19, 4], [20, 5, 21, 6], [13, 23, 14, 22], [11, 1, 12, 24], [2, 19, 3, 20], [4, 17, 5, 18], [6, 10, 7, 9], [8, 16, 9, 15]]"
12n_0478_58,"[[8, 16, 9, 15], [21, 11, 22, 10], [23, 13, 24, 12], [14, 8, 15, 7], [16, 1, 17, 2], [18, 3, 19, 4], [20, 5, 21, 6], [13, 23, 14, 22], [11, 1, 12, 24], [2, 19, 3, 20], [4, 17, 5, 18], [6, 10, 7, 9]]"
12n_0478_59,"[[6, 10, 7, 9], [8, 16, 9, 15], [21, 11, 22, 10], [23, 13, 24, 12], [14, 8, 15, 7], [16, 1, 17, 2], [18, 3, 19, 4], [20, 5, 21, 6], [13, 23, 14, 22], [11, 1, 12, 24], [2, 19, 3, 20], [4, 17, 5, 18]]"
12n_0478_60,"[[5, 18, 6, 19], [7, 11, 8, 10], [9, 17, 10, 16], [22, 12, 23, 11], [24, 14, 1, 13], [15, 9, 16, 8], [17, 2, 18, 3], [19, 4, 20, 5], [21, 6, 22, 7], [14, 24, 15, 23], [12, 2, 13, 1], [3, 20, 4, 21]]"
12n_0478_61,"[[3, 20, 4, 21], [5, 18, 6, 19], [7, 11, 8, 10], [9, 17, 10, 16], [22, 12, 23, 11], [24, 14, 1, 13], [15, 9, 16, 8], [17, 2, 18, 3], [19, 4, 20, 5], [21, 6, 22, 7], [14, 24, 15, 23], [12, 2, 13, 1]]"
12n_0478_62,"[[12, 2, 13, 1], [3, 20, 4, 21], [5, 18, 6, 19], [7, 11, 8, 10], [9, 17, 10, 16], [22, 12, 23, 11], [24, 14, 1, 13], [15, 9, 16, 8], [17, 2, 18, 3], [19, 4, 20, 5], [21, 6, 22, 7], [14, 24, 15, 23]]"
12n_0478_63,"[[14, 24, 15, 23], [12, 2, 13, 1], [3, 20, 4, 21], [5, 18, 6, 19], [7, 11, 8, 10], [9, 17, 10, 16], [22, 12, 23, 11], [24, 14, 1, 13], [15, 9, 16, 8], [17, 2, 18, 3], [19, 4, 20, 5], [21, 6, 22, 7]]"
12n_0478_64,"[[21, 6, 22, 7], [14, 24, 15, 23], [12, 2, 13, 1], [3, 20, 4, 21], [5, 18, 6, 19], [7, 11, 8, 10], [9, 17, 10, 16], [22, 12, 23, 11], [24, 14, 1, 13], [15, 9, 16, 8], [17, 2, 18, 3], [19, 4, 20, 5]]"
12n_0478_65,"[[19, 4, 20, 5], [21, 6, 22, 7], [14, 24, 15, 23], [12, 2, 13, 1], [3, 20, 4, 21], [5, 18, 6, 19], [7, 11, 8, 10], [9, 17, 10, 16], [22, 12, 23, 11], [24, 14, 1, 13], [15, 9, 16, 8], [17, 2, 18, 3]]"
12n_0478_66,"[[17, 2, 18, 3], [19, 4, 20, 5], [21, 6, 22, 7], [14, 24, 15, 23], [12, 2, 13, 1], [3, 20, 4, 21], [5, 18, 6, 19], [7, 11, 8, 10], [9, 17, 10, 16], [22, 12, 23, 11], [24, 14, 1, 13], [15, 9, 16, 8]]"
12n_0478_67,"[[15, 9, 16, 8], [17, 2, 18, 3], [19, 4, 20, 5], [21, 6, 22, 7], [14, 24, 15, 23], [12, 2, 13, 1], [3, 20, 4, 21], [5, 18, 6, 19], [7, 11, 8, 10], [9, 17, 10, 16], [22, 12, 23, 11], [24, 14, 1, 13]]"
12n_0478_68,"[[24, 14, 1, 13], [15, 9, 16, 8], [17, 2, 18, 3], [19, 4, 20, 5], [21, 6, 22, 7], [14, 24, 15, 23], [12, 2, 13, 1], [3, 20, 4, 21], [5, 18, 6, 19], [7, 11, 8, 10], [9, 17, 10, 16], [22, 12, 23, 11]]"
12n_0478_69,"[[22, 12, 23, 11], [24, 14, 1, 13], [15, 9, 16, 8], [17, 2, 18, 3], [19, 4, 20, 5], [21, 6, 22, 7], [14, 24, 15, 23], [12, 2, 13, 1], [3, 20, 4, 21], [5, 18, 6, 19], [7, 11, 8, 10], [9, 17, 10, 16]]"
12n_0478_70,"[[9, 17, 10, 16], [22, 12, 23, 11], [24, 14, 1, 13], [15, 9, 16, 8], [17, 2, 18, 3], [19, 4, 20, 5], [21, 6, 22, 7], [14, 24, 15, 23], [12, 2, 13, 1], [3, 20, 4, 21], [5, 18, 6, 19], [7, 11, 8, 10]]"
12n_0478_71,"[[7, 11, 8, 10], [9, 17, 10, 16], [22, 12, 23, 11], [24, 14, 1, 13], [15, 9, 16, 8], [17, 2, 18, 3], [19, 4, 20, 5], [21, 6, 22, 7], [14, 24, 15, 23], [12, 2, 13, 1], [3, 20, 4, 21], [5, 18, 6, 19]]"
12n_0478_72,"[[6, 19, 7, 20], [8, 12, 9, 11], [10, 18, 11, 17], [23, 13, 24, 12], [1, 15, 2, 14], [16, 10, 17, 9], [18, 3, 19, 4], [20, 5, 21, 6], [22, 7, 23, 8], [15, 1, 16, 24], [13, 3, 14, 2], [4, 21, 5, 22]]"
12n_0478_73,"[[4, 21, 5, 22], [6, 19, 7, 20], [8, 12, 9, 11], [10, 18, 11, 17], [23, 13, 24, 12], [1, 15, 2, 14], [16, 10, 17, 9], [18, 3, 19, 4], [20, 5, 21, 6], [22, 7, 23, 8], [15, 1, 16, 24], [13, 3, 14, 2]]"
12n_0478_74,"[[13, 3, 14, 2], [4, 21, 5, 22], [6, 19, 7, 20], [8, 12, 9, 11], [10, 18, 11, 17], [23, 13, 24, 12], [1, 15, 2, 14], [16, 10, 17, 9], [18, 3, 19, 4], [20, 5, 21, 6], [22, 7, 23, 8], [15, 1, 16, 24]]"
12n_0478_75,"[[15, 1, 16, 24], [13, 3, 14, 2], [4, 21, 5, 22], [6, 19, 7, 20], [8, 12, 9, 11], [10, 18, 11, 17], [23, 13, 24, 12], [1, 15, 2, 14], [16, 10, 17, 9], [18, 3, 19, 4], [20, 5, 21, 6], [22, 7, 23, 8]]"
12n_0478_76,"[[22, 7, 23, 8], [15, 1, 16, 24], [13, 3, 14, 2], [4, 21, 5, 22], [6, 19, 7, 20], [8, 12, 9, 11], [10, 18, 11, 17], [23, 13, 24, 12], [1, 15, 2, 14], [16, 10, 17, 9], [18, 3, 19, 4], [20, 5, 21, 6]]"
12n_0478_77,"[[20, 5, 21, 6], [22, 7, 23, 8], [15, 1, 16, 24], [13, 3, 14, 2], [4, 21, 5, 22], [6, 19, 7, 20], [8, 12, 9, 11], [10, 18, 11, 17], [23, 13, 24, 12], [1, 15, 2, 14], [16, 10, 17, 9], [18, 3, 19, 4]]"
12n_0478_78,"[[18, 3, 19, 4], [20, 5, 21, 6], [22, 7, 23, 8], [15, 1, 16, 24], [13, 3, 14, 2], [4, 21, 5, 22], [6, 19, 7, 20], [8, 12, 9, 11], [10, 18, 11, 17], [23, 13, 24, 12], [1, 15, 2, 14], [16, 10, 17, 9]]"
12n_0478_79,"[[16, 10, 17, 9], [18, 3, 19, 4], [20, 5, 21, 6], [22, 7, 23, 8], [15, 1, 16, 24], [13, 3, 14, 2], [4, 21, 5, 22], [6, 19, 7, 20], [8, 12, 9, 11], [10, 18, 11, 17], [23, 13, 24, 12], [1, 15, 2, 14]]"
12n_0478_80,"[[1, 15, 2, 14], [16, 10, 17, 9], [18, 3, 19, 4], [20, 5, 21, 6], [22, 7, 23, 8], [15, 1, 16, 24], [13, 3, 14, 2], [4, 21, 5, 22], [6, 19, 7, 20], [8, 12, 9, 11], [10, 18, 11, 17], [23, 13, 24, 12]]"
12n_0478_81,"[[23, 13, 24, 12], [1, 15, 2, 14], [16, 10, 17, 9], [18, 3, 19, 4], [20, 5, 21, 6], [22, 7, 23, 8], [15, 1, 16, 24], [13, 3, 14, 2], [4, 21, 5, 22], [6, 19, 7, 20], [8, 12, 9, 11], [10, 18, 11, 17]]"
12n_0478_82,"[[10, 18, 11, 17], [23, 13, 24, 12], [1, 15, 2, 14], [16, 10, 17, 9], [18, 3, 19, 4], [20, 5, 21, 6], [22, 7, 23, 8], [15, 1, 16, 24], [13, 3, 14, 2], [4, 21, 5, 22], [6, 19, 7, 20], [8, 12, 9, 11]]"
12n_0478_83,"[[8, 12, 9, 11], [10, 18, 11, 17], [23, 13, 24, 12], [1, 15, 2, 14], [16, 10, 17, 9], [18, 3, 19, 4], [20, 5, 21, 6], [22, 7, 23, 8], [15, 1, 16, 24], [13, 3, 14, 2], [4, 21, 5, 22], [6, 19, 7, 20]]"
12n_0478_84,"[[7, 20, 8, 21], [9, 13, 10, 12], [11, 19, 12, 18], [24, 14, 1, 13], [2, 16, 3, 15], [17, 11, 18, 10], [19, 4, 20, 5], [21, 6, 22, 7], [23, 8, 24, 9], [16, 2, 17, 1], [14, 4, 15, 3], [5, 22, 6, 23]]"
12n_0478_85,"[[5, 22, 6, 23], [7, 20, 8, 21], [9, 13, 10, 12], [11, 19, 12, 18], [24, 14, 1, 13], [2, 16, 3, 15], [17, 11, 18, 10], [19, 4, 20, 5], [21, 6, 22, 7], [23, 8, 24, 9], [16, 2, 17, 1], [14, 4, 15, 3]]"
12n_0478_86,"[[14, 4, 15, 3], [5, 22, 6, 23], [7, 20, 8, 21], [9, 13, 10, 12], [11, 19, 12, 18], [24, 14, 1, 13], [2, 16, 3, 15], [17, 11, 18, 10], [19, 4, 20, 5], [21, 6, 22, 7], [23, 8, 24, 9], [16, 2, 17, 1]]"
12n_0478_87,"[[16, 2, 17, 1], [14, 4, 15, 3], [5, 22, 6, 23], [7, 20, 8, 21], [9, 13, 10, 12], [11, 19, 12, 18], [24, 14, 1, 13], [2, 16, 3, 15], [17, 11, 18, 10], [19, 4, 20, 5], [21, 6, 22, 7], [23, 8, 24, 9]]"
12n_0478_88,"[[23, 8, 24, 9], [16, 2, 17, 1], [14, 4, 15, 3], [5, 22, 6, 23], [7, 20, 8, 21], [9, 13, 10, 12], [11, 19, 12, 18], [24, 14, 1, 13], [2, 16, 3, 15], [17, 11, 18, 10], [19, 4, 20, 5], [21, 6, 22, 7]]"
12n_0478_89,"[[21, 6, 22, 7], [23, 8, 24, 9], [16, 2, 17, 1], [14, 4, 15, 3], [5, 22, 6, 23], [7, 20, 8, 21], [9, 13, 10, 12], [11, 19, 12, 18], [24, 14, 1, 13], [2, 16, 3, 15], [17, 11, 18, 10], [19, 4, 20, 5]]"
12n_0478_90,"[[19, 4, 20, 5], [21, 6, 22, 7], [23, 8, 24, 9], [16, 2, 17, 1], [14, 4, 15, 3], [5, 22, 6, 23], [7, 20, 8, 21], [9, 13, 10, 12], [11, 19, 12, 18], [24, 14, 1, 13], [2, 16, 3, 15], [17, 11, 18, 10]]"
12n_0478_91,"[[17, 11, 18, 10], [19, 4, 20, 5], [21, 6, 22, 7], [23, 8, 24, 9], [16, 2, 17, 1], [14, 4, 15, 3], [5, 22, 6, 23], [7, 20, 8, 21], [9, 13, 10, 12], [11, 19, 12, 18], [24, 14, 1, 13], [2, 16, 3, 15]]"
12n_0478_92,"[[2, 16, 3, 15], [17, 11, 18, 10], [19, 4, 20, 5], [21, 6, 22, 7], [23, 8, 24, 9], [16, 2, 17, 1], [14, 4, 15, 3], [5, 22, 6, 23], [7, 20, 8, 21], [9, 13, 10, 12], [11, 19, 12, 18], [24, 14, 1, 13]]"
12n_0478_93,"[[24, 14, 1, 13], [2, 16, 3, 15], [17, 11, 18, 10], [19, 4, 20, 5], [21, 6, 22, 7], [23, 8, 24, 9], [16, 2, 17, 1], [14, 4, 15, 3], [5, 22, 6, 23], [7, 20, 8, 21], [9, 13, 10, 12], [11, 19, 12, 18]]"
12n_0478_94,"[[11, 19, 12, 18], [24, 14, 1, 13], [2, 16, 3, 15], [17, 11, 18, 10], [19, 4, 20, 5], [21, 6, 22, 7], [23, 8, 24, 9], [16, 2, 17, 1], [14, 4, 15, 3], [5, 22, 6, 23], [7, 20, 8, 21], [9, 13, 10, 12]]"
12n_0478_95,"[[9, 13, 10, 12], [11, 19, 12, 18], [24, 14, 1, 13], [2, 16, 3, 15], [17, 11, 18, 10], [19, 4, 20, 5], [21, 6, 22, 7], [23, 8, 24, 9], [16, 2, 17, 1], [14, 4, 15, 3], [5, 22, 6, 23], [7, 20, 8, 21]]"
12n_0478_96,"[[8, 21, 9, 22], [10, 14, 11, 13], [12, 20, 13, 19], [1, 15, 2, 14], [3, 17, 4, 16], [18, 12, 19, 11], [20, 5, 21, 6], [22, 7, 23, 8], [24, 9, 1, 10], [17, 3, 18, 2], [15, 5, 16, 4], [6, 23, 7, 24]]"
12n_0478_97,"[[6, 23, 7, 24], [8, 21, 9, 22], [10, 14, 11, 13], [12, 20, 13, 19], [1, 15, 2, 14], [3, 17, 4, 16], [18, 12, 19, 11], [20, 5, 21, 6], [22, 7, 23, 8], [24, 9, 1, 10], [17, 3, 18, 2], [15, 5, 16, 4]]"
12n_0478_98,"[[15, 5, 16, 4], [6, 23, 7, 24], [8, 21, 9, 22], [10, 14, 11, 13], [12, 20, 13, 19], [1, 15, 2, 14], [3, 17, 4, 16], [18, 12, 19, 11], [20, 5, 21, 6], [22, 7, 23, 8], [24, 9, 1, 10], [17, 3, 18, 2]]"
12n_0478_99,"[[17, 3, 18, 2], [15, 5, 16, 4], [6, 23, 7, 24], [8, 21, 9, 22], [10, 14, 11, 13], [12, 20, 13, 19], [1, 15, 2, 14], [3, 17, 4, 16], [18, 12, 19, 11], [20, 5, 21, 6], [22, 7, 23, 8], [24, 9, 1, 10]]"
12n_0478_100,"[[24, 9, 1, 10], [17, 3, 18, 2], [15, 5, 16, 4], [6, 23, 7, 24], [8, 21, 9, 22], [10, 14, 11, 13], [12, 20, 13, 19], [1, 15, 2, 14], [3, 17, 4, 16], [18, 12, 19, 11], [20, 5, 21, 6], [22, 7, 23, 8]]"
12n_0478_101,"[[22, 7, 23, 8], [24, 9, 1, 10], [17, 3, 18, 2], [15, 5, 16, 4], [6, 23, 7, 24], [8, 21, 9, 22], [10, 14, 11, 13], [12, 20, 13, 19], [1, 15, 2, 14], [3, 17, 4, 16], [18, 12, 19, 11], [20, 5, 21, 6]]"
12n_0478_102,"[[20, 5, 21, 6], [22, 7, 23, 8], [24, 9, 1, 10], [17, 3, 18, 2], [15, 5, 16, 4], [6, 23, 7, 24], [8, 21, 9, 22], [10, 14, 11, 13], [12, 20, 13, 19], [1, 15, 2, 14], [3, 17, 4, 16], [18, 12, 19, 11]]"
12n_0478_103,"[[18, 12, 19, 11], [20, 5, 21, 6], [22, 7, 23, 8], [24, 9, 1, 10], [17, 3, 18, 2], [15, 5, 16, 4], [6, 23, 7, 24], [8, 21, 9, 22], [10, 14, 11, 13], [12, 20, 13, 19], [1, 15, 2, 14], [3, 17, 4, 16]]"
12n_0478_104,"[[3, 17, 4, 16], [18, 12, 19, 11], [20, 5, 21, 6], [22, 7, 23, 8], [24, 9, 1, 10], [17, 3, 18, 2], [15, 5, 16, 4], [6, 23, 7, 24], [8, 21, 9, 22], [10, 14, 11, 13], [12, 20, 13, 19], [1, 15, 2, 14]]"
12n_0478_105,"[[1, 15, 2, 14], [3, 17, 4, 16], [18, 12, 19, 11], [20, 5, 21, 6], [22, 7, 23, 8], [24, 9, 1, 10], [17, 3, 18, 2], [15, 5, 16, 4], [6, 23, 7, 24], [8, 21, 9, 22], [10, 14, 11, 13], [12, 20, 13, 19]]"
12n_0478_106,"[[12, 20, 13, 19], [1, 15, 2, 14], [3, 17, 4, 16], [18, 12, 19, 11], [20, 5, 21, 6], [22, 7, 23, 8], [24, 9, 1, 10], [17, 3, 18, 2], [15, 5, 16, 4], [6, 23, 7, 24], [8, 21, 9, 22], [10, 14, 11, 13]]"
12n_0478_107,"[[10, 14, 11, 13], [12, 20, 13, 19], [1, 15, 2, 14], [3, 17, 4, 16], [18, 12, 19, 11], [20, 5, 21, 6], [22, 7, 23, 8], [24, 9, 1, 10], [17, 3, 18, 2], [15, 5, 16, 4], [6, 23, 7, 24], [8, 21, 9, 22]]"
12n_0478_108,"[[9, 22, 10, 23], [11, 15, 12, 14], [13, 21, 14, 20], [2, 16, 3, 15], [4, 18, 5, 17], [19, 13, 20, 12], [21, 6, 22, 7], [23, 8, 24, 9], [1, 10, 2, 11], [18, 4, 19, 3], [16, 6, 17, 5], [7, 24, 8, 1]]"
12n_0478_109,"[[7, 24, 8, 1], [9, 22, 10, 23], [11, 15, 12, 14], [13, 21, 14, 20], [2, 16, 3, 15], [4, 18, 5, 17], [19, 13, 20, 12], [21, 6, 22, 7], [23, 8, 24, 9], [1, 10, 2, 11], [18, 4, 19, 3], [16, 6, 17, 5]]"
12n_0478_110,"[[16, 6, 17, 5], [7, 24, 8, 1], [9, 22, 10, 23], [11, 15, 12, 14], [13, 21, 14, 20], [2, 16, 3, 15], [4, 18, 5, 17], [19, 13, 20, 12], [21, 6, 22, 7], [23, 8, 24, 9], [1, 10, 2, 11], [18, 4, 19, 3]]"
12n_0478_111,"[[18, 4, 19, 3], [16, 6, 17, 5], [7, 24, 8, 1], [9, 22, 10, 23], [11, 15, 12, 14], [13, 21, 14, 20], [2, 16, 3, 15], [4, 18, 5, 17], [19, 13, 20, 12], [21, 6, 22, 7], [23, 8, 24, 9], [1, 10, 2, 11]]"
12n_0478_112,"[[1, 10, 2, 11], [18, 4, 19, 3], [16, 6, 17, 5], [7, 24, 8, 1], [9, 22, 10, 23], [11, 15, 12, 14], [13, 21, 14, 20], [2, 16, 3, 15], [4, 18, 5, 17], [19, 13, 20, 12], [21, 6, 22, 7], [23, 8, 24, 9]]"
12n_0478_113,"[[23, 8, 24, 9], [1, 10, 2, 11], [18, 4, 19, 3], [16, 6, 17, 5], [7, 24, 8, 1], [9, 22, 10, 23], [11, 15, 12, 14], [13, 21, 14, 20], [2, 16, 3, 15], [4, 18, 5, 17], [19, 13, 20, 12], [21, 6, 22, 7]]"
12n_0478_114,"[[21, 6, 22, 7], [23, 8, 24, 9], [1, 10, 2, 11], [18, 4, 19, 3], [16, 6, 17, 5], [7, 24, 8, 1], [9, 22, 10, 23], [11, 15, 12, 14], [13, 21, 14, 20], [2, 16, 3, 15], [4, 18, 5, 17], [19, 13, 20, 12]]"
12n_0478_115,"[[19, 13, 20, 12], [21, 6, 22, 7], [23, 8, 24, 9], [1, 10, 2, 11], [18, 4, 19, 3], [16, 6, 17, 5], [7, 24, 8, 1], [9, 22, 10, 23], [11, 15, 12, 14], [13, 21, 14, 20], [2, 16, 3, 15], [4, 18, 5, 17]]"
12n_0478_116,"[[4, 18, 5, 17], [19, 13, 20, 12], [21, 6, 22, 7], [23, 8, 24, 9], [1, 10, 2, 11], [18, 4, 19, 3], [16, 6, 17, 5], [7, 24, 8, 1], [9, 22, 10, 23], [11, 15, 12, 14], [13, 21, 14, 20], [2, 16, 3, 15]]"
12n_0478_117,"[[2, 16, 3, 15], [4, 18, 5, 17], [19, 13, 20, 12], [21, 6, 22, 7], [23, 8, 24, 9], [1, 10, 2, 11], [18, 4, 19, 3], [16, 6, 17, 5], [7, 24, 8, 1], [9, 22, 10, 23], [11, 15, 12, 14], [13, 21, 14, 20]]"
12n_0478_118,"[[13, 21, 14, 20], [2, 16, 3, 15], [4, 18, 5, 17], [19, 13, 20, 12], [21, 6, 22, 7], [23, 8, 24, 9], [1, 10, 2, 11], [18, 4, 19, 3], [16, 6, 17, 5], [7, 24, 8, 1], [9, 22, 10, 23], [11, 15, 12, 14]]"
12n_0478_119,"[[11, 15, 12, 14], [13, 21, 14, 20], [2, 16, 3, 15], [4, 18, 5, 17], [19, 13, 20, 12], [21, 6, 22, 7], [23, 8, 24, 9], [1, 10, 2, 11], [18, 4, 19, 3], [16, 6, 17, 5], [7, 24, 8, 1], [9, 22, 10, 23]]"
12n_0478_120,"[[10, 23, 11, 24], [12, 16, 13, 15], [14, 22, 15, 21], [3, 17, 4, 16], [5, 19, 6, 18], [20, 14, 21, 13], [22, 7, 23, 8], [24, 9, 1, 10], [2, 11, 3, 12], [19, 5, 20, 4], [17, 7, 18, 6], [8, 1, 9, 2]]"
12n_0478_121,"[[8, 1, 9, 2], [10, 23, 11, 24], [12, 16, 13, 15], [14, 22, 15, 21], [3, 17, 4, 16], [5, 19, 6, 18], [20, 14, 21, 13], [22, 7, 23, 8], [24, 9, 1, 10], [2, 11, 3, 12], [19, 5, 20, 4], [17, 7, 18, 6]]"
12n_0478_122,"[[17, 7, 18, 6], [8, 1, 9, 2], [10, 23, 11, 24], [12, 16, 13, 15], [14, 22, 15, 21], [3, 17, 4, 16], [5, 19, 6, 18], [20, 14, 21, 13], [22, 7, 23, 8], [24, 9, 1, 10], [2, 11, 3, 12], [19, 5, 20, 4]]"
12n_0478_123,"[[19, 5, 20, 4], [17, 7, 18, 6], [8, 1, 9, 2], [10, 23, 11, 24], [12, 16, 13, 15], [14, 22, 15, 21], [3, 17, 4, 16], [5, 19, 6, 18], [20, 14, 21, 13], [22, 7, 23, 8], [24, 9, 1, 10], [2, 11, 3, 12]]"
12n_0478_124,"[[2, 11, 3, 12], [19, 5, 20, 4], [17, 7, 18, 6], [8, 1, 9, 2], [10, 23, 11, 24], [12, 16, 13, 15], [14, 22, 15, 21], [3, 17, 4, 16], [5, 19, 6, 18], [20, 14, 21, 13], [22, 7, 23, 8], [24, 9, 1, 10]]"
12n_0478_125,"[[24, 9, 1, 10], [2, 11, 3, 12], [19, 5, 20, 4], [17, 7, 18, 6], [8, 1, 9, 2], [10, 23, 11, 24], [12, 16, 13, 15], [14, 22, 15, 21], [3, 17, 4, 16], [5, 19, 6, 18], [20, 14, 21, 13], [22, 7, 23, 8]]"
12n_0478_126,"[[22, 7, 23, 8], [24, 9, 1, 10], [2, 11, 3, 12], [19, 5, 20, 4], [17, 7, 18, 6], [8, 1, 9, 2], [10, 23, 11, 24], [12, 16, 13, 15], [14, 22, 15, 21], [3, 17, 4, 16], [5, 19, 6, 18], [20, 14, 21, 13]]"
12n_0478_127,"[[20, 14, 21, 13], [22, 7, 23, 8], [24, 9, 1, 10], [2, 11, 3, 12], [19, 5, 20, 4], [17, 7, 18, 6], [8, 1, 9, 2], [10, 23, 11, 24], [12, 16, 13, 15], [14, 22, 15, 21], [3, 17, 4, 16], [5, 19, 6, 18]]"
12n_0478_128,"[[5, 19, 6, 18], [20, 14, 21, 13], [22, 7, 23, 8], [24, 9, 1, 10], [2, 11, 3, 12], [19, 5, 20, 4], [17, 7, 18, 6], [8, 1, 9, 2], [10, 23, 11, 24], [12, 16, 13, 15], [14, 22, 15, 21], [3, 17, 4, 16]]"
12n_0478_129,"[[3, 17, 4, 16], [5, 19, 6, 18], [20, 14, 21, 13], [22, 7, 23, 8], [24, 9, 1, 10], [2, 11, 3, 12], [19, 5, 20, 4], [17, 7, 18, 6], [8, 1, 9, 2], [10, 23, 11, 24], [12, 16, 13, 15], [14, 22, 15, 21]]"
12n_0478_130,"[[14, 22, 15, 21], [3, 17, 4, 16], [5, 19, 6, 18], [20, 14, 21, 13], [22, 7, 23, 8], [24, 9, 1, 10], [2, 11, 3, 12], [19, 5, 20, 4], [17, 7, 18, 6], [8, 1, 9, 2], [10, 23, 11, 24], [12, 16, 13, 15]]"
12n_0478_131,"[[12, 16, 13, 15], [14, 22, 15, 21], [3, 17, 4, 16], [5, 19, 6, 18], [20, 14, 21, 13], [22, 7, 23, 8], [24, 9, 1, 10], [2, 11, 3, 12], [19, 5, 20, 4], [17, 7, 18, 6], [8, 1, 9, 2], [10, 23, 11, 24]]"
12n_0478_132,"[[11, 24, 12, 1], [13, 17, 14, 16], [15, 23, 16, 22], [4, 18, 5, 17], [6, 20, 7, 19], [21, 15, 22, 14], [23, 8, 24, 9], [1, 10, 2, 11], [3, 12, 4, 13], [20, 6, 21, 5], [18, 8, 19, 7], [9, 2, 10, 3]]"
12n_0478_133,"[[9, 2, 10, 3], [11, 24, 12, 1], [13, 17, 14, 16], [15, 23, 16, 22], [4, 18, 5, 17], [6, 20, 7, 19], [21, 15, 22, 14], [23, 8, 24, 9], [1, 10, 2, 11], [3, 12, 4, 13], [20, 6, 21, 5], [18, 8, 19, 7]]"
12n_0478_134,"[[18, 8, 19, 7], [9, 2, 10, 3], [11, 24, 12, 1], [13, 17, 14, 16], [15, 23, 16, 22], [4, 18, 5, 17], [6, 20, 7, 19], [21, 15, 22, 14], [23, 8, 24, 9], [1, 10, 2, 11], [3, 12, 4, 13], [20, 6, 21, 5]]"
12n_0478_135,"[[20, 6, 21, 5], [18, 8, 19, 7], [9, 2, 10, 3], [11, 24, 12, 1], [13, 17, 14, 16], [15, 23, 16, 22], [4, 18, 5, 17], [6, 20, 7, 19], [21, 15, 22, 14], [23, 8, 24, 9], [1, 10, 2, 11], [3, 12, 4, 13]]"
12n_0478_136,"[[3, 12, 4, 13], [20, 6, 21, 5], [18, 8, 19, 7], [9, 2, 10, 3], [11, 24, 12, 1], [13, 17, 14, 16], [15, 23, 16, 22], [4, 18, 5, 17], [6, 20, 7, 19], [21, 15, 22, 14], [23, 8, 24, 9], [1, 10, 2, 11]]"
12n_0478_137,"[[1, 10, 2, 11], [3, 12, 4, 13], [20, 6, 21, 5], [18, 8, 19, 7], [9, 2, 10, 3], [11, 24, 12, 1], [13, 17, 14, 16], [15, 23, 16, 22], [4, 18, 5, 17], [6, 20, 7, 19], [21, 15, 22, 14], [23, 8, 24, 9]]"
12n_0478_138,"[[23, 8, 24, 9], [1, 10, 2, 11], [3, 12, 4, 13], [20, 6, 21, 5], [18, 8, 19, 7], [9, 2, 10, 3], [11, 24, 12, 1], [13, 17, 14, 16], [15, 23, 16, 22], [4, 18, 5, 17], [6, 20, 7, 19], [21, 15, 22, 14]]"
12n_0478_139,"[[21, 15, 22, 14], [23, 8, 24, 9], [1, 10, 2, 11], [3, 12, 4, 13], [20, 6, 21, 5], [18, 8, 19, 7], [9, 2, 10, 3], [11, 24, 12, 1], [13, 17, 14, 16], [15, 23, 16, 22], [4, 18, 5, 17], [6, 20, 7, 19]]"
12n_0478_140,"[[6, 20, 7, 19], [21, 15, 22, 14], [23, 8, 24, 9], [1, 10, 2, 11], [3, 12, 4, 13], [20, 6, 21, 5], [18, 8, 19, 7], [9, 2, 10, 3], [11, 24, 12, 1], [13, 17, 14, 16], [15, 23, 16, 22], [4, 18, 5, 17]]"
12n_0478_141,"[[4, 18, 5, 17], [6, 20, 7, 19], [21, 15, 22, 14], [23, 8, 24, 9], [1, 10, 2, 11], [3, 12, 4, 13], [20, 6, 21, 5], [18, 8, 19, 7], [9, 2, 10, 3], [11, 24, 12, 1], [13, 17, 14, 16], [15, 23, 16, 22]]"
12n_0478_142,"[[15, 23, 16, 22], [4, 18, 5, 17], [6, 20, 7, 19], [21, 15, 22, 14], [23, 8, 24, 9], [1, 10, 2, 11], [3, 12, 4, 13], [20, 6, 21, 5], [18, 8, 19, 7], [9, 2, 10, 3], [11, 24, 12, 1], [13, 17, 14, 16]]"
12n_0478_143,"[[13, 17, 14, 16], [15, 23, 16, 22], [4, 18, 5, 17], [6, 20, 7, 19], [21, 15, 22, 14], [23, 8, 24, 9], [1, 10, 2, 11], [3, 12, 4, 13], [20, 6, 21, 5], [18, 8, 19, 7], [9, 2, 10, 3], [11, 24, 12, 1]]"
12n_0478_144,"[[12, 1, 13, 2], [14, 18, 15, 17], [16, 24, 17, 23], [5, 19, 6, 18], [7, 21, 8, 20], [22, 16, 23, 15], [24, 9, 1, 10], [2, 11, 3, 12], [4, 13, 5, 14], [21, 7, 22, 6], [19, 9, 20, 8], [10, 3, 11, 4]]"
12n_0478_145,"[[10, 3, 11, 4], [12, 1, 13, 2], [14, 18, 15, 17], [16, 24, 17, 23], [5, 19, 6, 18], [7, 21, 8, 20], [22, 16, 23, 15], [24, 9, 1, 10], [2, 11, 3, 12], [4, 13, 5, 14], [21, 7, 22, 6], [19, 9, 20, 8]]"
12n_0478_146,"[[19, 9, 20, 8], [10, 3, 11, 4], [12, 1, 13, 2], [14, 18, 15, 17], [16, 24, 17, 23], [5, 19, 6, 18], [7, 21, 8, 20], [22, 16, 23, 15], [24, 9, 1, 10], [2, 11, 3, 12], [4, 13, 5, 14], [21, 7, 22, 6]]"
12n_0478_147,"[[21, 7, 22, 6], [19, 9, 20, 8], [10, 3, 11, 4], [12, 1, 13, 2], [14, 18, 15, 17], [16, 24, 17, 23], [5, 19, 6, 18], [7, 21, 8, 20], [22, 16, 23, 15], [24, 9, 1, 10], [2, 11, 3, 12], [4, 13, 5, 14]]"
12n_0478_148,"[[4, 13, 5, 14], [21, 7, 22, 6], [19, 9, 20, 8], [10, 3, 11, 4], [12, 1, 13, 2], [14, 18, 15, 17], [16, 24, 17, 23], [5, 19, 6, 18], [7, 21, 8, 20], [22, 16, 23, 15], [24, 9, 1, 10], [2, 11, 3, 12]]"
12n_0478_149,"[[2, 11, 3, 12], [4, 13, 5, 14], [21, 7, 22, 6], [19, 9, 20, 8], [10, 3, 11, 4], [12, 1, 13, 2], [14, 18, 15, 17], [16, 24, 17, 23], [5, 19, 6, 18], [7, 21, 8, 20], [22, 16, 23, 15], [24, 9, 1, 10]]"
12n_0478_150,"[[24, 9, 1, 10], [2, 11, 3, 12], [4, 13, 5, 14], [21, 7, 22, 6], [19, 9, 20, 8], [10, 3, 11, 4], [12, 1, 13, 2], [14, 18, 15, 17], [16, 24, 17, 23], [5, 19, 6, 18], [7, 21, 8, 20], [22, 16, 23, 15]]"
12n_0478_151,"[[22, 16, 23, 15], [24, 9, 1, 10], [2, 11, 3, 12], [4, 13, 5, 14], [21, 7, 22, 6], [19, 9, 20, 8], [10, 3, 11, 4], [12, 1, 13, 2], [14, 18, 15, 17], [16, 24, 17, 23], [5, 19, 6, 18], [7, 21, 8, 20]]"
12n_0478_152,"[[7, 21, 8, 20], [22, 16, 23, 15], [24, 9, 1, 10], [2, 11, 3, 12], [4, 13, 5, 14], [21, 7, 22, 6], [19, 9, 20, 8], [10, 3, 11, 4], [12, 1, 13, 2], [14, 18, 15, 17], [16, 24, 17, 23], [5, 19, 6, 18]]"
12n_0478_153,"[[5, 19, 6, 18], [7, 21, 8, 20], [22, 16, 23, 15], [24, 9, 1, 10], [2, 11, 3, 12], [4, 13, 5, 14], [21, 7, 22, 6], [19, 9, 20, 8], [10, 3, 11, 4], [12, 1, 13, 2], [14, 18, 15, 17], [16, 24, 17, 23]]"
12n_0478_154,"[[16, 24, 17, 23], [5, 19, 6, 18], [7, 21, 8, 20], [22, 16, 23, 15], [24, 9, 1, 10], [2, 11, 3, 12], [4, 13, 5, 14], [21, 7, 22, 6], [19, 9, 20, 8], [10, 3, 11, 4], [12, 1, 13, 2], [14, 18, 15, 17]]"
12n_0478_155,"[[14, 18, 15, 17], [16, 24, 17, 23], [5, 19, 6, 18], [7, 21, 8, 20], [22, 16, 23, 15], [24, 9, 1, 10], [2, 11, 3, 12], [4, 13, 5, 14], [21, 7, 22, 6], [19, 9, 20, 8], [10, 3, 11, 4], [12, 1, 13, 2]]"
12n_0478_156,"[[13, 2, 14, 3], [15, 19, 16, 18], [17, 1, 18, 24], [6, 20, 7, 19], [8, 22, 9, 21], [23, 17, 24, 16], [1, 10, 2, 11], [3, 12, 4, 13], [5, 14, 6, 15], [22, 8, 23, 7], [20, 10, 21, 9], [11, 4, 12, 5]]"
12n_0478_157,"[[11, 4, 12, 5], [13, 2, 14, 3], [15, 19, 16, 18], [17, 1, 18, 24], [6, 20, 7, 19], [8, 22, 9, 21], [23, 17, 24, 16], [1, 10, 2, 11], [3, 12, 4, 13], [5, 14, 6, 15], [22, 8, 23, 7], [20, 10, 21, 9]]"
12n_0478_158,"[[20, 10, 21, 9], [11, 4, 12, 5], [13, 2, 14, 3], [15, 19, 16, 18], [17, 1, 18, 24], [6, 20, 7, 19], [8, 22, 9, 21], [23, 17, 24, 16], [1, 10, 2, 11], [3, 12, 4, 13], [5, 14, 6, 15], [22, 8, 23, 7]]"
12n_0478_159,"[[22, 8, 23, 7], [20, 10, 21, 9], [11, 4, 12, 5], [13, 2, 14, 3], [15, 19, 16, 18], [17, 1, 18, 24], [6, 20, 7, 19], [8, 22, 9, 21], [23, 17, 24, 16], [1, 10, 2, 11], [3, 12, 4, 13], [5, 14, 6, 15]]"
12n_0478_160,"[[5, 14, 6, 15], [22, 8, 23, 7], [20, 10, 21, 9], [11, 4, 12, 5], [13, 2, 14, 3], [15, 19, 16, 18], [17, 1, 18, 24], [6, 20, 7, 19], [8, 22, 9, 21], [23, 17, 24, 16], [1, 10, 2, 11], [3, 12, 4, 13]]"
12n_0478_161,"[[3, 12, 4, 13], [5, 14, 6, 15], [22, 8, 23, 7], [20, 10, 21, 9], [11, 4, 12, 5], [13, 2, 14, 3], [15, 19, 16, 18], [17, 1, 18, 24], [6, 20, 7, 19], [8, 22, 9, 21], [23, 17, 24, 16], [1, 10, 2, 11]]"
12n_0478_162,"[[1, 10, 2, 11], [3, 12, 4, 13], [5, 14, 6, 15], [22, 8, 23, 7], [20, 10, 21, 9], [11, 4, 12, 5], [13, 2, 14, 3], [15, 19, 16, 18], [17, 1, 18, 24], [6, 20, 7, 19], [8, 22, 9, 21], [23, 17, 24, 16]]"
12n_0478_163,"[[23, 17, 24, 16], [1, 10, 2, 11], [3, 12, 4, 13], [5, 14, 6, 15], [22, 8, 23, 7], [20, 10, 21, 9], [11, 4, 12, 5], [13, 2, 14, 3], [15, 19, 16, 18], [17, 1, 18, 24], [6, 20, 7, 19], [8, 22, 9, 21]]"
12n_0478_164,"[[8, 22, 9, 21], [23, 17, 24, 16], [1, 10, 2, 11], [3, 12, 4, 13], [5, 14, 6, 15], [22, 8, 23, 7], [20, 10, 21, 9], [11, 4, 12, 5], [13, 2, 14, 3], [15, 19, 16, 18], [17, 1, 18, 24], [6, 20, 7, 19]]"
12n_0478_165,"[[6, 20, 7, 19], [8, 22, 9, 21], [23, 17, 24, 16], [1, 10, 2, 11], [3, 12, 4, 13], [5, 14, 6, 15], [22, 8, 23, 7], [20, 10, 21, 9], [11, 4, 12, 5], [13, 2, 14, 3], [15, 19, 16, 18], [17, 1, 18, 24]]"
12n_0478_166,"[[17, 1, 18, 24], [6, 20, 7, 19], [8, 22, 9, 21], [23, 17, 24, 16], [1, 10, 2, 11], [3, 12, 4, 13], [5, 14, 6, 15], [22, 8, 23, 7], [20, 10, 21, 9], [11, 4, 12, 5], [13, 2, 14, 3], [15, 19, 16, 18]]"
12n_0478_167,"[[15, 19, 16, 18], [17, 1, 18, 24], [6, 20, 7, 19], [8, 22, 9, 21], [23, 17, 24, 16], [1, 10, 2, 11], [3, 12, 4, 13], [5, 14, 6, 15], [22, 8, 23, 7], [20, 10, 21, 9], [11, 4, 12, 5], [13, 2, 14, 3]]"
12n_0478_168,"[[14, 3, 15, 4], [16, 20, 17, 19], [18, 2, 19, 1], [7, 21, 8, 20], [9, 23, 10, 22], [24, 18, 1, 17], [2, 11, 3, 12], [4, 13, 5, 14], [6, 15, 7, 16], [23, 9, 24, 8], [21, 11, 22, 10], [12, 5, 13, 6]]"
12n_0478_169,"[[12, 5, 13, 6], [14, 3, 15, 4], [16, 20, 17, 19], [18, 2, 19, 1], [7, 21, 8, 20], [9, 23, 10, 22], [24, 18, 1, 17], [2, 11, 3, 12], [4, 13, 5, 14], [6, 15, 7, 16], [23, 9, 24, 8], [21, 11, 22, 10]]"
12n_0478_170,"[[21, 11, 22, 10], [12, 5, 13, 6], [14, 3, 15, 4], [16, 20, 17, 19], [18, 2, 19, 1], [7, 21, 8, 20], [9, 23, 10, 22], [24, 18, 1, 17], [2, 11, 3, 12], [4, 13, 5, 14], [6, 15, 7, 16], [23, 9, 24, 8]]"
12n_0478_171,"[[23, 9, 24, 8], [21, 11, 22, 10], [12, 5, 13, 6], [14, 3, 15, 4], [16, 20, 17, 19], [18, 2, 19, 1], [7, 21, 8, 20], [9, 23, 10, 22], [24, 18, 1, 17], [2, 11, 3, 12], [4, 13, 5, 14], [6, 15, 7, 16]]"
12n_0478_172,"[[6, 15, 7, 16], [23, 9, 24, 8], [21, 11, 22, 10], [12, 5, 13, 6], [14, 3, 15, 4], [16, 20, 17, 19], [18, 2, 19, 1], [7, 21, 8, 20], [9, 23, 10, 22], [24, 18, 1, 17], [2, 11, 3, 12], [4, 13, 5, 14]]"
12n_0478_173,"[[4, 13, 5, 14], [6, 15, 7, 16], [23, 9, 24, 8], [21, 11, 22, 10], [12, 5, 13, 6], [14, 3, 15, 4], [16, 20, 17, 19], [18, 2, 19, 1], [7, 21, 8, 20], [9, 23, 10, 22], [24, 18, 1, 17], [2, 11, 3, 12]]"
12n_0478_174,"[[2, 11, 3, 12], [4, 13, 5, 14], [6, 15, 7, 16], [23, 9, 24, 8], [21, 11, 22, 10], [12, 5, 13, 6], [14, 3, 15, 4], [16, 20, 17, 19], [18, 2, 19, 1], [7, 21, 8, 20], [9, 23, 10, 22], [24, 18, 1, 17]]"
12n_0478_175,"[[24, 18, 1, 17], [2, 11, 3, 12], [4, 13, 5, 14], [6, 15, 7, 16], [23, 9, 24, 8], [21, 11, 22, 10], [12, 5, 13, 6], [14, 3, 15, 4], [16, 20, 17, 19], [18, 2, 19, 1], [7, 21, 8, 20], [9, 23, 10, 22]]"
12n_0478_176,"[[9, 23, 10, 22], [24, 18, 1, 17], [2, 11, 3, 12], [4, 13, 5, 14], [6, 15, 7, 16], [23, 9, 24, 8], [21, 11, 22, 10], [12, 5, 13, 6], [14, 3, 15, 4], [16, 20, 17, 19], [18, 2, 19, 1], [7, 21, 8, 20]]"
12n_0478_177,"[[7, 21, 8, 20], [9, 23, 10, 22], [24, 18, 1, 17], [2, 11, 3, 12], [4, 13, 5, 14], [6, 15, 7, 16], [23, 9, 24, 8], [21, 11, 22, 10], [12, 5, 13, 6], [14, 3, 15, 4], [16, 20, 17, 19], [18, 2, 19, 1]]"
12n_0478_178,"[[18, 2, 19, 1], [7, 21, 8, 20], [9, 23, 10, 22], [24, 18, 1, 17], [2, 11, 3, 12], [4, 13, 5, 14], [6, 15, 7, 16], [23, 9, 24, 8], [21, 11, 22, 10], [12, 5, 13, 6], [14, 3, 15, 4], [16, 20, 17, 19]]"
12n_0478_179,"[[16, 20, 17, 19], [18, 2, 19, 1], [7, 21, 8, 20], [9, 23, 10, 22], [24, 18, 1, 17], [2, 11, 3, 12], [4, 13, 5, 14], [6, 15, 7, 16], [23, 9, 24, 8], [21, 11, 22, 10], [12, 5, 13, 6], [14, 3, 15, 4]]"
12n_0478_180,"[[15, 4, 16, 5], [17, 21, 18, 20], [19, 3, 20, 2], [8, 22, 9, 21], [10, 24, 11, 23], [1, 19, 2, 18], [3, 12, 4, 13], [5, 14, 6, 15], [7, 16, 8, 17], [24, 10, 1, 9], [22, 12, 23, 11], [13, 6, 14, 7]]"
12n_0478_181,"[[13, 6, 14, 7], [15, 4, 16, 5], [17, 21, 18, 20], [19, 3, 20, 2], [8, 22, 9, 21], [10, 24, 11, 23], [1, 19, 2, 18], [3, 12, 4, 13], [5, 14, 6, 15], [7, 16, 8, 17], [24, 10, 1, 9], [22, 12, 23, 11]]"
12n_0478_182,"[[22, 12, 23, 11], [13, 6, 14, 7], [15, 4, 16, 5], [17, 21, 18, 20], [19, 3, 20, 2], [8, 22, 9, 21], [10, 24, 11, 23], [1, 19, 2, 18], [3, 12, 4, 13], [5, 14, 6, 15], [7, 16, 8, 17], [24, 10, 1, 9]]"
12n_0478_183,"[[24, 10, 1, 9], [22, 12, 23, 11], [13, 6, 14, 7], [15, 4, 16, 5], [17, 21, 18, 20], [19, 3, 20, 2], [8, 22, 9, 21], [10, 24, 11, 23], [1, 19, 2, 18], [3, 12, 4, 13], [5, 14, 6, 15], [7, 16, 8, 17]]"
12n_0478_184,"[[7, 16, 8, 17], [24, 10, 1, 9], [22, 12, 23, 11], [13, 6, 14, 7], [15, 4, 16, 5], [17, 21, 18, 20], [19, 3, 20, 2], [8, 22, 9, 21], [10, 24, 11, 23], [1, 19, 2, 18], [3, 12, 4, 13], [5, 14, 6, 15]]"
12n_0478_185,"[[5, 14, 6, 15], [7, 16, 8, 17], [24, 10, 1, 9], [22, 12, 23, 11], [13, 6, 14, 7], [15, 4, 16, 5], [17, 21, 18, 20], [19, 3, 20, 2], [8, 22, 9, 21], [10, 24, 11, 23], [1, 19, 2, 18], [3, 12, 4, 13]]"
