name,pd_notation
12n_0187_0,"[[17, 1, 18, 24], [2, 6, 3, 5], [4, 10, 5, 9], [6, 16, 7, 15], [8, 4, 9, 3], [19, 11, 20, 10], [21, 13, 22, 12], [14, 8, 15, 7], [23, 17, 24, 16], [13, 19, 14, 18], [11, 21, 12, 20], [1, 23, 2, 22]]"
12n_0187_1,"[[1, 23, 2, 22], [17, 1, 18, 24], [2, 6, 3, 5], [4, 10, 5, 9], [6, 16, 7, 15], [8, 4, 9, 3], [19, 11, 20, 10], [21, 13, 22, 12], [14, 8, 15, 7], [23, 17, 24, 16], [13, 19, 14, 18], [11, 21, 12, 20]]"
12n_0187_2,"[[11, 21, 12, 20], [1, 23, 2, 22], [17, 1, 18, 24], [2, 6, 3, 5], [4, 10, 5, 9], [6, 16, 7, 15], [8, 4, 9, 3], [19, 11, 20, 10], [21, 13, 22, 12], [14, 8, 15, 7], [23, 17, 24, 16], [13, 19, 14, 18]]"
12n_0187_3,"[[13, 19, 14, 18], [11, 21, 12, 20], [1, 23, 2, 22], [17, 1, 18, 24], [2, 6, 3, 5], [4, 10, 5, 9], [6, 16, 7, 15], [8, 4, 9, 3], [19, 11, 20, 10], [21, 13, 22, 12], [14, 8, 15, 7], [23, 17, 24, 16]]"
12n_0187_4,"[[23, 17, 24, 16], [13, 19, 14, 18], [11, 21, 12, 20], [1, 23, 2, 22], [17, 1, 18, 24], [2, 6, 3, 5], [4, 10, 5, 9], [6, 16, 7, 15], [8, 4, 9, 3], [19, 11, 20, 10], [21, 13, 22, 12], [14, 8, 15, 7]]"
12n_0187_5,"[[14, 8, 15, 7], [23, 17, 24, 16], [13, 19, 14, 18], [11, 21, 12, 20], [1, 23, 2, 22], [17, 1, 18, 24], [2, 6, 3, 5], [4, 10, 5, 9], [6, 16, 7, 15], [8, 4, 9, 3], [19, 11, 20, 10], [21, 13, 22, 12]]"
12n_0187_6,"[[21, 13, 22, 12], [14, 8, 15, 7], [23, 17, 24, 16], [13, 19, 14, 18], [11, 21, 12, 20], [1, 23, 2, 22], [17, 1, 18, 24], [2, 6, 3, 5], [4, 10, 5, 9], [6, 16, 7, 15], [8, 4, 9, 3], [19, 11, 20, 10]]"
12n_0187_7,"[[19, 11, 20, 10], [21, 13, 22, 12], [14, 8, 15, 7], [23, 17, 24, 16], [13, 19, 14, 18], [11, 21, 12, 20], [1, 23, 2, 22], [17, 1, 18, 24], [2, 6, 3, 5], [4, 10, 5, 9], [6, 16, 7, 15], [8, 4, 9, 3]]"
12n_0187_8,"[[8, 4, 9, 3], [19, 11, 20, 10], [21, 13, 22, 12], [14, 8, 15, 7], [23, 17, 24, 16], [13, 19, 14, 18], [11, 21, 12, 20], [1, 23, 2, 22], [17, 1, 18, 24], [2, 6, 3, 5], [4, 10, 5, 9], [6, 16, 7, 15]]"
12n_0187_9,"[[6, 16, 7, 15], [8, 4, 9, 3], [19, 11, 20, 10], [21, 13, 22, 12], [14, 8, 15, 7], [23, 17, 24, 16], [13, 19, 14, 18], [11, 21, 12, 20], [1, 23, 2, 22], [17, 1, 18, 24], [2, 6, 3, 5], [4, 10, 5, 9]]"
12n_0187_10,"[[4, 10, 5, 9], [6, 16, 7, 15], [8, 4, 9, 3], [19, 11, 20, 10], [21, 13, 22, 12], [14, 8, 15, 7], [23, 17, 24, 16], [13, 19, 14, 18], [11, 21, 12, 20], [1, 23, 2, 22], [17, 1, 18, 24], [2, 6, 3, 5]]"
12n_0187_11,"[[2, 6, 3, 5], [4, 10, 5, 9], [6, 16, 7, 15], [8, 4, 9, 3], [19, 11, 20, 10], [21, 13, 22, 12], [14, 8, 15, 7], [23, 17, 24, 16], [13, 19, 14, 18], [11, 21, 12, 20], [1, 23, 2, 22], [17, 1, 18, 24]]"
12n_0187_12,"[[18, 2, 19, 1], [3, 7, 4, 6], [5, 11, 6, 10], [7, 17, 8, 16], [9, 5, 10, 4], [20, 12, 21, 11], [22, 14, 23, 13], [15, 9, 16, 8], [24, 18, 1, 17], [14, 20, 15, 19], [12, 22, 13, 21], [2, 24, 3, 23]]"
12n_0187_13,"[[2, 24, 3, 23], [18, 2, 19, 1], [3, 7, 4, 6], [5, 11, 6, 10], [7, 17, 8, 16], [9, 5, 10, 4], [20, 12, 21, 11], [22, 14, 23, 13], [15, 9, 16, 8], [24, 18, 1, 17], [14, 20, 15, 19], [12, 22, 13, 21]]"
12n_0187_14,"[[12, 22, 13, 21], [2, 24, 3, 23], [18, 2, 19, 1], [3, 7, 4, 6], [5, 11, 6, 10], [7, 17, 8, 16], [9, 5, 10, 4], [20, 12, 21, 11], [22, 14, 23, 13], [15, 9, 16, 8], [24, 18, 1, 17], [14, 20, 15, 19]]"
12n_0187_15,"[[14, 20, 15, 19], [12, 22, 13, 21], [2, 24, 3, 23], [18, 2, 19, 1], [3, 7, 4, 6], [5, 11, 6, 10], [7, 17, 8, 16], [9, 5, 10, 4], [20, 12, 21, 11], [22, 14, 23, 13], [15, 9, 16, 8], [24, 18, 1, 17]]"
12n_0187_16,"[[24, 18, 1, 17], [14, 20, 15, 19], [12, 22, 13, 21], [2, 24, 3, 23], [18, 2, 19, 1], [3, 7, 4, 6], [5, 11, 6, 10], [7, 17, 8, 16], [9, 5, 10, 4], [20, 12, 21, 11], [22, 14, 23, 13], [15, 9, 16, 8]]"
12n_0187_17,"[[15, 9, 16, 8], [24, 18, 1, 17], [14, 20, 15, 19], [12, 22, 13, 21], [2, 24, 3, 23], [18, 2, 19, 1], [3, 7, 4, 6], [5, 11, 6, 10], [7, 17, 8, 16], [9, 5, 10, 4], [20, 12, 21, 11], [22, 14, 23, 13]]"
12n_0187_18,"[[22, 14, 23, 13], [15, 9, 16, 8], [24, 18, 1, 17], [14, 20, 15, 19], [12, 22, 13, 21], [2, 24, 3, 23], [18, 2, 19, 1], [3, 7, 4, 6], [5, 11, 6, 10], [7, 17, 8, 16], [9, 5, 10, 4], [20, 12, 21, 11]]"
12n_0187_19,"[[20, 12, 21, 11], [22, 14, 23, 13], [15, 9, 16, 8], [24, 18, 1, 17], [14, 20, 15, 19], [12, 22, 13, 21], [2, 24, 3, 23], [18, 2, 19, 1], [3, 7, 4, 6], [5, 11, 6, 10], [7, 17, 8, 16], [9, 5, 10, 4]]"
12n_0187_20,"[[9, 5, 10, 4], [20, 12, 21, 11], [22, 14, 23, 13], [15, 9, 16, 8], [24, 18, 1, 17], [14, 20, 15, 19], [12, 22, 13, 21], [2, 24, 3, 23], [18, 2, 19, 1], [3, 7, 4, 6], [5, 11, 6, 10], [7, 17, 8, 16]]"
12n_0187_21,"[[7, 17, 8, 16], [9, 5, 10, 4], [20, 12, 21, 11], [22, 14, 23, 13], [15, 9, 16, 8], [24, 18, 1, 17], [14, 20, 15, 19], [12, 22, 13, 21], [2, 24, 3, 23], [18, 2, 19, 1], [3, 7, 4, 6], [5, 11, 6, 10]]"
12n_0187_22,"[[5, 11, 6, 10], [7, 17, 8, 16], [9, 5, 10, 4], [20, 12, 21, 11], [22, 14, 23, 13], [15, 9, 16, 8], [24, 18, 1, 17], [14, 20, 15, 19], [12, 22, 13, 21], [2, 24, 3, 23], [18, 2, 19, 1], [3, 7, 4, 6]]"
12n_0187_23,"[[3, 7, 4, 6], [5, 11, 6, 10], [7, 17, 8, 16], [9, 5, 10, 4], [20, 12, 21, 11], [22, 14, 23, 13], [15, 9, 16, 8], [24, 18, 1, 17], [14, 20, 15, 19], [12, 22, 13, 21], [2, 24, 3, 23], [18, 2, 19, 1]]"
12n_0187_24,"[[19, 3, 20, 2], [4, 8, 5, 7], [6, 12, 7, 11], [8, 18, 9, 17], [10, 6, 11, 5], [21, 13, 22, 12], [23, 15, 24, 14], [16, 10, 17, 9], [1, 19, 2, 18], [15, 21, 16, 20], [13, 23, 14, 22], [3, 1, 4, 24]]"
12n_0187_25,"[[3, 1, 4, 24], [19, 3, 20, 2], [4, 8, 5, 7], [6, 12, 7, 11], [8, 18, 9, 17], [10, 6, 11, 5], [21, 13, 22, 12], [23, 15, 24, 14], [16, 10, 17, 9], [1, 19, 2, 18], [15, 21, 16, 20], [13, 23, 14, 22]]"
12n_0187_26,"[[13, 23, 14, 22], [3, 1, 4, 24], [19, 3, 20, 2], [4, 8, 5, 7], [6, 12, 7, 11], [8, 18, 9, 17], [10, 6, 11, 5], [21, 13, 22, 12], [23, 15, 24, 14], [16, 10, 17, 9], [1, 19, 2, 18], [15, 21, 16, 20]]"
12n_0187_27,"[[15, 21, 16, 20], [13, 23, 14, 22], [3, 1, 4, 24], [19, 3, 20, 2], [4, 8, 5, 7], [6, 12, 7, 11], [8, 18, 9, 17], [10, 6, 11, 5], [21, 13, 22, 12], [23, 15, 24, 14], [16, 10, 17, 9], [1, 19, 2, 18]]"
12n_0187_28,"[[1, 19, 2, 18], [15, 21, 16, 20], [13, 23, 14, 22], [3, 1, 4, 24], [19, 3, 20, 2], [4, 8, 5, 7], [6, 12, 7, 11], [8, 18, 9, 17], [10, 6, 11, 5], [21, 13, 22, 12], [23, 15, 24, 14], [16, 10, 17, 9]]"
12n_0187_29,"[[16, 10, 17, 9], [1, 19, 2, 18], [15, 21, 16, 20], [13, 23, 14, 22], [3, 1, 4, 24], [19, 3, 20, 2], [4, 8, 5, 7], [6, 12, 7, 11], [8, 18, 9, 17], [10, 6, 11, 5], [21, 13, 22, 12], [23, 15, 24, 14]]"
12n_0187_30,"[[23, 15, 24, 14], [16, 10, 17, 9], [1, 19, 2, 18], [15, 21, 16, 20], [13, 23, 14, 22], [3, 1, 4, 24], [19, 3, 20, 2], [4, 8, 5, 7], [6, 12, 7, 11], [8, 18, 9, 17], [10, 6, 11, 5], [21, 13, 22, 12]]"
12n_0187_31,"[[21, 13, 22, 12], [23, 15, 24, 14], [16, 10, 17, 9], [1, 19, 2, 18], [15, 21, 16, 20], [13, 23, 14, 22], [3, 1, 4, 24], [19, 3, 20, 2], [4, 8, 5, 7], [6, 12, 7, 11], [8, 18, 9, 17], [10, 6, 11, 5]]"
12n_0187_32,"[[10, 6, 11, 5], [21, 13, 22, 12], [23, 15, 24, 14], [16, 10, 17, 9], [1, 19, 2, 18], [15, 21, 16, 20], [13, 23, 14, 22], [3, 1, 4, 24], [19, 3, 20, 2], [4, 8, 5, 7], [6, 12, 7, 11], [8, 18, 9, 17]]"
12n_0187_33,"[[8, 18, 9, 17], [10, 6, 11, 5], [21, 13, 22, 12], [23, 15, 24, 14], [16, 10, 17, 9], [1, 19, 2, 18], [15, 21, 16, 20], [13, 23, 14, 22], [3, 1, 4, 24], [19, 3, 20, 2], [4, 8, 5, 7], [6, 12, 7, 11]]"
12n_0187_34,"[[6, 12, 7, 11], [8, 18, 9, 17], [10, 6, 11, 5], [21, 13, 22, 12], [23, 15, 24, 14], [16, 10, 17, 9], [1, 19, 2, 18], [15, 21, 16, 20], [13, 23, 14, 22], [3, 1, 4, 24], [19, 3, 20, 2], [4, 8, 5, 7]]"
12n_0187_35,"[[4, 8, 5, 7], [6, 12, 7, 11], [8, 18, 9, 17], [10, 6, 11, 5], [21, 13, 22, 12], [23, 15, 24, 14], [16, 10, 17, 9], [1, 19, 2, 18], [15, 21, 16, 20], [13, 23, 14, 22], [3, 1, 4, 24], [19, 3, 20, 2]]"
12n_0187_36,"[[20, 4, 21, 3], [5, 9, 6, 8], [7, 13, 8, 12], [9, 19, 10, 18], [11, 7, 12, 6], [22, 14, 23, 13], [24, 16, 1, 15], [17, 11, 18, 10], [2, 20, 3, 19], [16, 22, 17, 21], [14, 24, 15, 23], [4, 2, 5, 1]]"
12n_0187_37,"[[4, 2, 5, 1], [20, 4, 21, 3], [5, 9, 6, 8], [7, 13, 8, 12], [9, 19, 10, 18], [11, 7, 12, 6], [22, 14, 23, 13], [24, 16, 1, 15], [17, 11, 18, 10], [2, 20, 3, 19], [16, 22, 17, 21], [14, 24, 15, 23]]"
12n_0187_38,"[[14, 24, 15, 23], [4, 2, 5, 1], [20, 4, 21, 3], [5, 9, 6, 8], [7, 13, 8, 12], [9, 19, 10, 18], [11, 7, 12, 6], [22, 14, 23, 13], [24, 16, 1, 15], [17, 11, 18, 10], [2, 20, 3, 19], [16, 22, 17, 21]]"
12n_0187_39,"[[16, 22, 17, 21], [14, 24, 15, 23], [4, 2, 5, 1], [20, 4, 21, 3], [5, 9, 6, 8], [7, 13, 8, 12], [9, 19, 10, 18], [11, 7, 12, 6], [22, 14, 23, 13], [24, 16, 1, 15], [17, 11, 18, 10], [2, 20, 3, 19]]"
12n_0187_40,"[[2, 20, 3, 19], [16, 22, 17, 21], [14, 24, 15, 23], [4, 2, 5, 1], [20, 4, 21, 3], [5, 9, 6, 8], [7, 13, 8, 12], [9, 19, 10, 18], [11, 7, 12, 6], [22, 14, 23, 13], [24, 16, 1, 15], [17, 11, 18, 10]]"
12n_0187_41,"[[17, 11, 18, 10], [2, 20, 3, 19], [16, 22, 17, 21], [14, 24, 15, 23], [4, 2, 5, 1], [20, 4, 21, 3], [5, 9, 6, 8], [7, 13, 8, 12], [9, 19, 10, 18], [11, 7, 12, 6], [22, 14, 23, 13], [24, 16, 1, 15]]"
12n_0187_42,"[[24, 16, 1, 15], [17, 11, 18, 10], [2, 20, 3, 19], [16, 22, 17, 21], [14, 24, 15, 23], [4, 2, 5, 1], [20, 4, 21, 3], [5, 9, 6, 8], [7, 13, 8, 12], [9, 19, 10, 18], [11, 7, 12, 6], [22, 14, 23, 13]]"
12n_0187_43,"[[22, 14, 23, 13], [24, 16, 1, 15], [17, 11, 18, 10], [2, 20, 3, 19], [16, 22, 17, 21], [14, 24, 15, 23], [4, 2, 5, 1], [20, 4, 21, 3], [5, 9, 6, 8], [7, 13, 8, 12], [9, 19, 10, 18], [11, 7, 12, 6]]"
12n_0187_44,"[[11, 7, 12, 6], [22, 14, 23, 13], [24, 16, 1, 15], [17, 11, 18, 10], [2, 20, 3, 19], [16, 22, 17, 21], [14, 24, 15, 23], [4, 2, 5, 1], [20, 4, 21, 3], [5, 9, 6, 8], [7, 13, 8, 12], [9, 19, 10, 18]]"
12n_0187_45,"[[9, 19, 10, 18], [11, 7, 12, 6], [22, 14, 23, 13], [24, 16, 1, 15], [17, 11, 18, 10], [2, 20, 3, 19], [16, 22, 17, 21], [14, 24, 15, 23], [4, 2, 5, 1], [20, 4, 21, 3], [5, 9, 6, 8], [7, 13, 8, 12]]"
12n_0187_46,"[[7, 13, 8, 12], [9, 19, 10, 18], [11, 7, 12, 6], [22, 14, 23, 13], [24, 16, 1, 15], [17, 11, 18, 10], [2, 20, 3, 19], [16, 22, 17, 21], [14, 24, 15, 23], [4, 2, 5, 1], [20, 4, 21, 3], [5, 9, 6, 8]]"
12n_0187_47,"[[5, 9, 6, 8], [7, 13, 8, 12], [9, 19, 10, 18], [11, 7, 12, 6], [22, 14, 23, 13], [24, 16, 1, 15], [17, 11, 18, 10], [2, 20, 3, 19], [16, 22, 17, 21], [14, 24, 15, 23], [4, 2, 5, 1], [20, 4, 21, 3]]"
12n_0187_48,"[[21, 5, 22, 4], [6, 10, 7, 9], [8, 14, 9, 13], [10, 20, 11, 19], [12, 8, 13, 7], [23, 15, 24, 14], [1, 17, 2, 16], [18, 12, 19, 11], [3, 21, 4, 20], [17, 23, 18, 22], [15, 1, 16, 24], [5, 3, 6, 2]]"
12n_0187_49,"[[5, 3, 6, 2], [21, 5, 22, 4], [6, 10, 7, 9], [8, 14, 9, 13], [10, 20, 11, 19], [12, 8, 13, 7], [23, 15, 24, 14], [1, 17, 2, 16], [18, 12, 19, 11], [3, 21, 4, 20], [17, 23, 18, 22], [15, 1, 16, 24]]"
12n_0187_50,"[[15, 1, 16, 24], [5, 3, 6, 2], [21, 5, 22, 4], [6, 10, 7, 9], [8, 14, 9, 13], [10, 20, 11, 19], [12, 8, 13, 7], [23, 15, 24, 14], [1, 17, 2, 16], [18, 12, 19, 11], [3, 21, 4, 20], [17, 23, 18, 22]]"
12n_0187_51,"[[17, 23, 18, 22], [15, 1, 16, 24], [5, 3, 6, 2], [21, 5, 22, 4], [6, 10, 7, 9], [8, 14, 9, 13], [10, 20, 11, 19], [12, 8, 13, 7], [23, 15, 24, 14], [1, 17, 2, 16], [18, 12, 19, 11], [3, 21, 4, 20]]"
12n_0187_52,"[[3, 21, 4, 20], [17, 23, 18, 22], [15, 1, 16, 24], [5, 3, 6, 2], [21, 5, 22, 4], [6, 10, 7, 9], [8, 14, 9, 13], [10, 20, 11, 19], [12, 8, 13, 7], [23, 15, 24, 14], [1, 17, 2, 16], [18, 12, 19, 11]]"
12n_0187_53,"[[18, 12, 19, 11], [3, 21, 4, 20], [17, 23, 18, 22], [15, 1, 16, 24], [5, 3, 6, 2], [21, 5, 22, 4], [6, 10, 7, 9], [8, 14, 9, 13], [10, 20, 11, 19], [12, 8, 13, 7], [23, 15, 24, 14], [1, 17, 2, 16]]"
12n_0187_54,"[[1, 17, 2, 16], [18, 12, 19, 11], [3, 21, 4, 20], [17, 23, 18, 22], [15, 1, 16, 24], [5, 3, 6, 2], [21, 5, 22, 4], [6, 10, 7, 9], [8, 14, 9, 13], [10, 20, 11, 19], [12, 8, 13, 7], [23, 15, 24, 14]]"
12n_0187_55,"[[23, 15, 24, 14], [1, 17, 2, 16], [18, 12, 19, 11], [3, 21, 4, 20], [17, 23, 18, 22], [15, 1, 16, 24], [5, 3, 6, 2], [21, 5, 22, 4], [6, 10, 7, 9], [8, 14, 9, 13], [10, 20, 11, 19], [12, 8, 13, 7]]"
12n_0187_56,"[[12, 8, 13, 7], [23, 15, 24, 14], [1, 17, 2, 16], [18, 12, 19, 11], [3, 21, 4, 20], [17, 23, 18, 22], [15, 1, 16, 24], [5, 3, 6, 2], [21, 5, 22, 4], [6, 10, 7, 9], [8, 14, 9, 13], [10, 20, 11, 19]]"
12n_0187_57,"[[10, 20, 11, 19], [12, 8, 13, 7], [23, 15, 24, 14], [1, 17, 2, 16], [18, 12, 19, 11], [3, 21, 4, 20], [17, 23, 18, 22], [15, 1, 16, 24], [5, 3, 6, 2], [21, 5, 22, 4], [6, 10, 7, 9], [8, 14, 9, 13]]"
12n_0187_58,"[[8, 14, 9, 13], [10, 20, 11, 19], [12, 8, 13, 7], [23, 15, 24, 14], [1, 17, 2, 16], [18, 12, 19, 11], [3, 21, 4, 20], [17, 23, 18, 22], [15, 1, 16, 24], [5, 3, 6, 2], [21, 5, 22, 4], [6, 10, 7, 9]]"
12n_0187_59,"[[6, 10, 7, 9], [8, 14, 9, 13], [10, 20, 11, 19], [12, 8, 13, 7], [23, 15, 24, 14], [1, 17, 2, 16], [18, 12, 19, 11], [3, 21, 4, 20], [17, 23, 18, 22], [15, 1, 16, 24], [5, 3, 6, 2], [21, 5, 22, 4]]"
12n_0187_60,"[[22, 6, 23, 5], [7, 11, 8, 10], [9, 15, 10, 14], [11, 21, 12, 20], [13, 9, 14, 8], [24, 16, 1, 15], [2, 18, 3, 17], [19, 13, 20, 12], [4, 22, 5, 21], [18, 24, 19, 23], [16, 2, 17, 1], [6, 4, 7, 3]]"
12n_0187_61,"[[6, 4, 7, 3], [22, 6, 23, 5], [7, 11, 8, 10], [9, 15, 10, 14], [11, 21, 12, 20], [13, 9, 14, 8], [24, 16, 1, 15], [2, 18, 3, 17], [19, 13, 20, 12], [4, 22, 5, 21], [18, 24, 19, 23], [16, 2, 17, 1]]"
12n_0187_62,"[[16, 2, 17, 1], [6, 4, 7, 3], [22, 6, 23, 5], [7, 11, 8, 10], [9, 15, 10, 14], [11, 21, 12, 20], [13, 9, 14, 8], [24, 16, 1, 15], [2, 18, 3, 17], [19, 13, 20, 12], [4, 22, 5, 21], [18, 24, 19, 23]]"
12n_0187_63,"[[18, 24, 19, 23], [16, 2, 17, 1], [6, 4, 7, 3], [22, 6, 23, 5], [7, 11, 8, 10], [9, 15, 10, 14], [11, 21, 12, 20], [13, 9, 14, 8], [24, 16, 1, 15], [2, 18, 3, 17], [19, 13, 20, 12], [4, 22, 5, 21]]"
12n_0187_64,"[[4, 22, 5, 21], [18, 24, 19, 23], [16, 2, 17, 1], [6, 4, 7, 3], [22, 6, 23, 5], [7, 11, 8, 10], [9, 15, 10, 14], [11, 21, 12, 20], [13, 9, 14, 8], [24, 16, 1, 15], [2, 18, 3, 17], [19, 13, 20, 12]]"
12n_0187_65,"[[19, 13, 20, 12], [4, 22, 5, 21], [18, 24, 19, 23], [16, 2, 17, 1], [6, 4, 7, 3], [22, 6, 23, 5], [7, 11, 8, 10], [9, 15, 10, 14], [11, 21, 12, 20], [13, 9, 14, 8], [24, 16, 1, 15], [2, 18, 3, 17]]"
12n_0187_66,"[[2, 18, 3, 17], [19, 13, 20, 12], [4, 22, 5, 21], [18, 24, 19, 23], [16, 2, 17, 1], [6, 4, 7, 3], [22, 6, 23, 5], [7, 11, 8, 10], [9, 15, 10, 14], [11, 21, 12, 20], [13, 9, 14, 8], [24, 16, 1, 15]]"
12n_0187_67,"[[24, 16, 1, 15], [2, 18, 3, 17], [19, 13, 20, 12], [4, 22, 5, 21], [18, 24, 19, 23], [16, 2, 17, 1], [6, 4, 7, 3], [22, 6, 23, 5], [7, 11, 8, 10], [9, 15, 10, 14], [11, 21, 12, 20], [13, 9, 14, 8]]"
12n_0187_68,"[[13, 9, 14, 8], [24, 16, 1, 15], [2, 18, 3, 17], [19, 13, 20, 12], [4, 22, 5, 21], [18, 24, 19, 23], [16, 2, 17, 1], [6, 4, 7, 3], [22, 6, 23, 5], [7, 11, 8, 10], [9, 15, 10, 14], [11, 21, 12, 20]]"
12n_0187_69,"[[11, 21, 12, 20], [13, 9, 14, 8], [24, 16, 1, 15], [2, 18, 3, 17], [19, 13, 20, 12], [4, 22, 5, 21], [18, 24, 19, 23], [16, 2, 17, 1], [6, 4, 7, 3], [22, 6, 23, 5], [7, 11, 8, 10], [9, 15, 10, 14]]"
12n_0187_70,"[[9, 15, 10, 14], [11, 21, 12, 20], [13, 9, 14, 8], [24, 16, 1, 15], [2, 18, 3, 17], [19, 13, 20, 12], [4, 22, 5, 21], [18, 24, 19, 23], [16, 2, 17, 1], [6, 4, 7, 3], [22, 6, 23, 5], [7, 11, 8, 10]]"
12n_0187_71,"[[7, 11, 8, 10], [9, 15, 10, 14], [11, 21, 12, 20], [13, 9, 14, 8], [24, 16, 1, 15], [2, 18, 3, 17], [19, 13, 20, 12], [4, 22, 5, 21], [18, 24, 19, 23], [16, 2, 17, 1], [6, 4, 7, 3], [22, 6, 23, 5]]"
12n_0187_72,"[[23, 7, 24, 6], [8, 12, 9, 11], [10, 16, 11, 15], [12, 22, 13, 21], [14, 10, 15, 9], [1, 17, 2, 16], [3, 19, 4, 18], [20, 14, 21, 13], [5, 23, 6, 22], [19, 1, 20, 24], [17, 3, 18, 2], [7, 5, 8, 4]]"
12n_0187_73,"[[7, 5, 8, 4], [23, 7, 24, 6], [8, 12, 9, 11], [10, 16, 11, 15], [12, 22, 13, 21], [14, 10, 15, 9], [1, 17, 2, 16], [3, 19, 4, 18], [20, 14, 21, 13], [5, 23, 6, 22], [19, 1, 20, 24], [17, 3, 18, 2]]"
12n_0187_74,"[[17, 3, 18, 2], [7, 5, 8, 4], [23, 7, 24, 6], [8, 12, 9, 11], [10, 16, 11, 15], [12, 22, 13, 21], [14, 10, 15, 9], [1, 17, 2, 16], [3, 19, 4, 18], [20, 14, 21, 13], [5, 23, 6, 22], [19, 1, 20, 24]]"
12n_0187_75,"[[19, 1, 20, 24], [17, 3, 18, 2], [7, 5, 8, 4], [23, 7, 24, 6], [8, 12, 9, 11], [10, 16, 11, 15], [12, 22, 13, 21], [14, 10, 15, 9], [1, 17, 2, 16], [3, 19, 4, 18], [20, 14, 21, 13], [5, 23, 6, 22]]"
12n_0187_76,"[[5, 23, 6, 22], [19, 1, 20, 24], [17, 3, 18, 2], [7, 5, 8, 4], [23, 7, 24, 6], [8, 12, 9, 11], [10, 16, 11, 15], [12, 22, 13, 21], [14, 10, 15, 9], [1, 17, 2, 16], [3, 19, 4, 18], [20, 14, 21, 13]]"
12n_0187_77,"[[20, 14, 21, 13], [5, 23, 6, 22], [19, 1, 20, 24], [17, 3, 18, 2], [7, 5, 8, 4], [23, 7, 24, 6], [8, 12, 9, 11], [10, 16, 11, 15], [12, 22, 13, 21], [14, 10, 15, 9], [1, 17, 2, 16], [3, 19, 4, 18]]"
12n_0187_78,"[[3, 19, 4, 18], [20, 14, 21, 13], [5, 23, 6, 22], [19, 1, 20, 24], [17, 3, 18, 2], [7, 5, 8, 4], [23, 7, 24, 6], [8, 12, 9, 11], [10, 16, 11, 15], [12, 22, 13, 21], [14, 10, 15, 9], [1, 17, 2, 16]]"
12n_0187_79,"[[1, 17, 2, 16], [3, 19, 4, 18], [20, 14, 21, 13], [5, 23, 6, 22], [19, 1, 20, 24], [17, 3, 18, 2], [7, 5, 8, 4], [23, 7, 24, 6], [8, 12, 9, 11], [10, 16, 11, 15], [12, 22, 13, 21], [14, 10, 15, 9]]"
12n_0187_80,"[[14, 10, 15, 9], [1, 17, 2, 16], [3, 19, 4, 18], [20, 14, 21, 13], [5, 23, 6, 22], [19, 1, 20, 24], [17, 3, 18, 2], [7, 5, 8, 4], [23, 7, 24, 6], [8, 12, 9, 11], [10, 16, 11, 15], [12, 22, 13, 21]]"
12n_0187_81,"[[12, 22, 13, 21], [14, 10, 15, 9], [1, 17, 2, 16], [3, 19, 4, 18], [20, 14, 21, 13], [5, 23, 6, 22], [19, 1, 20, 24], [17, 3, 18, 2], [7, 5, 8, 4], [23, 7, 24, 6], [8, 12, 9, 11], [10, 16, 11, 15]]"
12n_0187_82,"[[10, 16, 11, 15], [12, 22, 13, 21], [14, 10, 15, 9], [1, 17, 2, 16], [3, 19, 4, 18], [20, 14, 21, 13], [5, 23, 6, 22], [19, 1, 20, 24], [17, 3, 18, 2], [7, 5, 8, 4], [23, 7, 24, 6], [8, 12, 9, 11]]"
12n_0187_83,"[[8, 12, 9, 11], [10, 16, 11, 15], [12, 22, 13, 21], [14, 10, 15, 9], [1, 17, 2, 16], [3, 19, 4, 18], [20, 14, 21, 13], [5, 23, 6, 22], [19, 1, 20, 24], [17, 3, 18, 2], [7, 5, 8, 4], [23, 7, 24, 6]]"
12n_0187_84,"[[24, 8, 1, 7], [9, 13, 10, 12], [11, 17, 12, 16], [13, 23, 14, 22], [15, 11, 16, 10], [2, 18, 3, 17], [4, 20, 5, 19], [21, 15, 22, 14], [6, 24, 7, 23], [20, 2, 21, 1], [18, 4, 19, 3], [8, 6, 9, 5]]"
12n_0187_85,"[[8, 6, 9, 5], [24, 8, 1, 7], [9, 13, 10, 12], [11, 17, 12, 16], [13, 23, 14, 22], [15, 11, 16, 10], [2, 18, 3, 17], [4, 20, 5, 19], [21, 15, 22, 14], [6, 24, 7, 23], [20, 2, 21, 1], [18, 4, 19, 3]]"
12n_0187_86,"[[18, 4, 19, 3], [8, 6, 9, 5], [24, 8, 1, 7], [9, 13, 10, 12], [11, 17, 12, 16], [13, 23, 14, 22], [15, 11, 16, 10], [2, 18, 3, 17], [4, 20, 5, 19], [21, 15, 22, 14], [6, 24, 7, 23], [20, 2, 21, 1]]"
12n_0187_87,"[[20, 2, 21, 1], [18, 4, 19, 3], [8, 6, 9, 5], [24, 8, 1, 7], [9, 13, 10, 12], [11, 17, 12, 16], [13, 23, 14, 22], [15, 11, 16, 10], [2, 18, 3, 17], [4, 20, 5, 19], [21, 15, 22, 14], [6, 24, 7, 23]]"
12n_0187_88,"[[6, 24, 7, 23], [20, 2, 21, 1], [18, 4, 19, 3], [8, 6, 9, 5], [24, 8, 1, 7], [9, 13, 10, 12], [11, 17, 12, 16], [13, 23, 14, 22], [15, 11, 16, 10], [2, 18, 3, 17], [4, 20, 5, 19], [21, 15, 22, 14]]"
12n_0187_89,"[[21, 15, 22, 14], [6, 24, 7, 23], [20, 2, 21, 1], [18, 4, 19, 3], [8, 6, 9, 5], [24, 8, 1, 7], [9, 13, 10, 12], [11, 17, 12, 16], [13, 23, 14, 22], [15, 11, 16, 10], [2, 18, 3, 17], [4, 20, 5, 19]]"
12n_0187_90,"[[4, 20, 5, 19], [21, 15, 22, 14], [6, 24, 7, 23], [20, 2, 21, 1], [18, 4, 19, 3], [8, 6, 9, 5], [24, 8, 1, 7], [9, 13, 10, 12], [11, 17, 12, 16], [13, 23, 14, 22], [15, 11, 16, 10], [2, 18, 3, 17]]"
12n_0187_91,"[[2, 18, 3, 17], [4, 20, 5, 19], [21, 15, 22, 14], [6, 24, 7, 23], [20, 2, 21, 1], [18, 4, 19, 3], [8, 6, 9, 5], [24, 8, 1, 7], [9, 13, 10, 12], [11, 17, 12, 16], [13, 23, 14, 22], [15, 11, 16, 10]]"
12n_0187_92,"[[15, 11, 16, 10], [2, 18, 3, 17], [4, 20, 5, 19], [21, 15, 22, 14], [6, 24, 7, 23], [20, 2, 21, 1], [18, 4, 19, 3], [8, 6, 9, 5], [24, 8, 1, 7], [9, 13, 10, 12], [11, 17, 12, 16], [13, 23, 14, 22]]"
12n_0187_93,"[[13, 23, 14, 22], [15, 11, 16, 10], [2, 18, 3, 17], [4, 20, 5, 19], [21, 15, 22, 14], [6, 24, 7, 23], [20, 2, 21, 1], [18, 4, 19, 3], [8, 6, 9, 5], [24, 8, 1, 7], [9, 13, 10, 12], [11, 17, 12, 16]]"
12n_0187_94,"[[11, 17, 12, 16], [13, 23, 14, 22], [15, 11, 16, 10], [2, 18, 3, 17], [4, 20, 5, 19], [21, 15, 22, 14], [6, 24, 7, 23], [20, 2, 21, 1], [18, 4, 19, 3], [8, 6, 9, 5], [24, 8, 1, 7], [9, 13, 10, 12]]"
12n_0187_95,"[[9, 13, 10, 12], [11, 17, 12, 16], [13, 23, 14, 22], [15, 11, 16, 10], [2, 18, 3, 17], [4, 20, 5, 19], [21, 15, 22, 14], [6, 24, 7, 23], [20, 2, 21, 1], [18, 4, 19, 3], [8, 6, 9, 5], [24, 8, 1, 7]]"
12n_0187_96,"[[1, 9, 2, 8], [10, 14, 11, 13], [12, 18, 13, 17], [14, 24, 15, 23], [16, 12, 17, 11], [3, 19, 4, 18], [5, 21, 6, 20], [22, 16, 23, 15], [7, 1, 8, 24], [21, 3, 22, 2], [19, 5, 20, 4], [9, 7, 10, 6]]"
12n_0187_97,"[[9, 7, 10, 6], [1, 9, 2, 8], [10, 14, 11, 13], [12, 18, 13, 17], [14, 24, 15, 23], [16, 12, 17, 11], [3, 19, 4, 18], [5, 21, 6, 20], [22, 16, 23, 15], [7, 1, 8, 24], [21, 3, 22, 2], [19, 5, 20, 4]]"
12n_0187_98,"[[19, 5, 20, 4], [9, 7, 10, 6], [1, 9, 2, 8], [10, 14, 11, 13], [12, 18, 13, 17], [14, 24, 15, 23], [16, 12, 17, 11], [3, 19, 4, 18], [5, 21, 6, 20], [22, 16, 23, 15], [7, 1, 8, 24], [21, 3, 22, 2]]"
12n_0187_99,"[[21, 3, 22, 2], [19, 5, 20, 4], [9, 7, 10, 6], [1, 9, 2, 8], [10, 14, 11, 13], [12, 18, 13, 17], [14, 24, 15, 23], [16, 12, 17, 11], [3, 19, 4, 18], [5, 21, 6, 20], [22, 16, 23, 15], [7, 1, 8, 24]]"
12n_0187_100,"[[7, 1, 8, 24], [21, 3, 22, 2], [19, 5, 20, 4], [9, 7, 10, 6], [1, 9, 2, 8], [10, 14, 11, 13], [12, 18, 13, 17], [14, 24, 15, 23], [16, 12, 17, 11], [3, 19, 4, 18], [5, 21, 6, 20], [22, 16, 23, 15]]"
12n_0187_101,"[[22, 16, 23, 15], [7, 1, 8, 24], [21, 3, 22, 2], [19, 5, 20, 4], [9, 7, 10, 6], [1, 9, 2, 8], [10, 14, 11, 13], [12, 18, 13, 17], [14, 24, 15, 23], [16, 12, 17, 11], [3, 19, 4, 18], [5, 21, 6, 20]]"
12n_0187_102,"[[5, 21, 6, 20], [22, 16, 23, 15], [7, 1, 8, 24], [21, 3, 22, 2], [19, 5, 20, 4], [9, 7, 10, 6], [1, 9, 2, 8], [10, 14, 11, 13], [12, 18, 13, 17], [14, 24, 15, 23], [16, 12, 17, 11], [3, 19, 4, 18]]"
12n_0187_103,"[[3, 19, 4, 18], [5, 21, 6, 20], [22, 16, 23, 15], [7, 1, 8, 24], [21, 3, 22, 2], [19, 5, 20, 4], [9, 7, 10, 6], [1, 9, 2, 8], [10, 14, 11, 13], [12, 18, 13, 17], [14, 24, 15, 23], [16, 12, 17, 11]]"
12n_0187_104,"[[16, 12, 17, 11], [3, 19, 4, 18], [5, 21, 6, 20], [22, 16, 23, 15], [7, 1, 8, 24], [21, 3, 22, 2], [19, 5, 20, 4], [9, 7, 10, 6], [1, 9, 2, 8], [10, 14, 11, 13], [12, 18, 13, 17], [14, 24, 15, 23]]"
12n_0187_105,"[[14, 24, 15, 23], [16, 12, 17, 11], [3, 19, 4, 18], [5, 21, 6, 20], [22, 16, 23, 15], [7, 1, 8, 24], [21, 3, 22, 2], [19, 5, 20, 4], [9, 7, 10, 6], [1, 9, 2, 8], [10, 14, 11, 13], [12, 18, 13, 17]]"
12n_0187_106,"[[12, 18, 13, 17], [14, 24, 15, 23], [16, 12, 17, 11], [3, 19, 4, 18], [5, 21, 6, 20], [22, 16, 23, 15], [7, 1, 8, 24], [21, 3, 22, 2], [19, 5, 20, 4], [9, 7, 10, 6], [1, 9, 2, 8], [10, 14, 11, 13]]"
12n_0187_107,"[[10, 14, 11, 13], [12, 18, 13, 17], [14, 24, 15, 23], [16, 12, 17, 11], [3, 19, 4, 18], [5, 21, 6, 20], [22, 16, 23, 15], [7, 1, 8, 24], [21, 3, 22, 2], [19, 5, 20, 4], [9, 7, 10, 6], [1, 9, 2, 8]]"
12n_0187_108,"[[2, 10, 3, 9], [11, 15, 12, 14], [13, 19, 14, 18], [15, 1, 16, 24], [17, 13, 18, 12], [4, 20, 5, 19], [6, 22, 7, 21], [23, 17, 24, 16], [8, 2, 9, 1], [22, 4, 23, 3], [20, 6, 21, 5], [10, 8, 11, 7]]"
12n_0187_109,"[[10, 8, 11, 7], [2, 10, 3, 9], [11, 15, 12, 14], [13, 19, 14, 18], [15, 1, 16, 24], [17, 13, 18, 12], [4, 20, 5, 19], [6, 22, 7, 21], [23, 17, 24, 16], [8, 2, 9, 1], [22, 4, 23, 3], [20, 6, 21, 5]]"
12n_0187_110,"[[20, 6, 21, 5], [10, 8, 11, 7], [2, 10, 3, 9], [11, 15, 12, 14], [13, 19, 14, 18], [15, 1, 16, 24], [17, 13, 18, 12], [4, 20, 5, 19], [6, 22, 7, 21], [23, 17, 24, 16], [8, 2, 9, 1], [22, 4, 23, 3]]"
12n_0187_111,"[[22, 4, 23, 3], [20, 6, 21, 5], [10, 8, 11, 7], [2, 10, 3, 9], [11, 15, 12, 14], [13, 19, 14, 18], [15, 1, 16, 24], [17, 13, 18, 12], [4, 20, 5, 19], [6, 22, 7, 21], [23, 17, 24, 16], [8, 2, 9, 1]]"
12n_0187_112,"[[8, 2, 9, 1], [22, 4, 23, 3], [20, 6, 21, 5], [10, 8, 11, 7], [2, 10, 3, 9], [11, 15, 12, 14], [13, 19, 14, 18], [15, 1, 16, 24], [17, 13, 18, 12], [4, 20, 5, 19], [6, 22, 7, 21], [23, 17, 24, 16]]"
12n_0187_113,"[[23, 17, 24, 16], [8, 2, 9, 1], [22, 4, 23, 3], [20, 6, 21, 5], [10, 8, 11, 7], [2, 10, 3, 9], [11, 15, 12, 14], [13, 19, 14, 18], [15, 1, 16, 24], [17, 13, 18, 12], [4, 20, 5, 19], [6, 22, 7, 21]]"
12n_0187_114,"[[6, 22, 7, 21], [23, 17, 24, 16], [8, 2, 9, 1], [22, 4, 23, 3], [20, 6, 21, 5], [10, 8, 11, 7], [2, 10, 3, 9], [11, 15, 12, 14], [13, 19, 14, 18], [15, 1, 16, 24], [17, 13, 18, 12], [4, 20, 5, 19]]"
12n_0187_115,"[[4, 20, 5, 19], [6, 22, 7, 21], [23, 17, 24, 16], [8, 2, 9, 1], [22, 4, 23, 3], [20, 6, 21, 5], [10, 8, 11, 7], [2, 10, 3, 9], [11, 15, 12, 14], [13, 19, 14, 18], [15, 1, 16, 24], [17, 13, 18, 12]]"
12n_0187_116,"[[17, 13, 18, 12], [4, 20, 5, 19], [6, 22, 7, 21], [23, 17, 24, 16], [8, 2, 9, 1], [22, 4, 23, 3], [20, 6, 21, 5], [10, 8, 11, 7], [2, 10, 3, 9], [11, 15, 12, 14], [13, 19, 14, 18], [15, 1, 16, 24]]"
12n_0187_117,"[[15, 1, 16, 24], [17, 13, 18, 12], [4, 20, 5, 19], [6, 22, 7, 21], [23, 17, 24, 16], [8, 2, 9, 1], [22, 4, 23, 3], [20, 6, 21, 5], [10, 8, 11, 7], [2, 10, 3, 9], [11, 15, 12, 14], [13, 19, 14, 18]]"
12n_0187_118,"[[13, 19, 14, 18], [15, 1, 16, 24], [17, 13, 18, 12], [4, 20, 5, 19], [6, 22, 7, 21], [23, 17, 24, 16], [8, 2, 9, 1], [22, 4, 23, 3], [20, 6, 21, 5], [10, 8, 11, 7], [2, 10, 3, 9], [11, 15, 12, 14]]"
12n_0187_119,"[[11, 15, 12, 14], [13, 19, 14, 18], [15, 1, 16, 24], [17, 13, 18, 12], [4, 20, 5, 19], [6, 22, 7, 21], [23, 17, 24, 16], [8, 2, 9, 1], [22, 4, 23, 3], [20, 6, 21, 5], [10, 8, 11, 7], [2, 10, 3, 9]]"
12n_0187_120,"[[3, 11, 4, 10], [12, 16, 13, 15], [14, 20, 15, 19], [16, 2, 17, 1], [18, 14, 19, 13], [5, 21, 6, 20], [7, 23, 8, 22], [24, 18, 1, 17], [9, 3, 10, 2], [23, 5, 24, 4], [21, 7, 22, 6], [11, 9, 12, 8]]"
12n_0187_121,"[[11, 9, 12, 8], [3, 11, 4, 10], [12, 16, 13, 15], [14, 20, 15, 19], [16, 2, 17, 1], [18, 14, 19, 13], [5, 21, 6, 20], [7, 23, 8, 22], [24, 18, 1, 17], [9, 3, 10, 2], [23, 5, 24, 4], [21, 7, 22, 6]]"
12n_0187_122,"[[21, 7, 22, 6], [11, 9, 12, 8], [3, 11, 4, 10], [12, 16, 13, 15], [14, 20, 15, 19], [16, 2, 17, 1], [18, 14, 19, 13], [5, 21, 6, 20], [7, 23, 8, 22], [24, 18, 1, 17], [9, 3, 10, 2], [23, 5, 24, 4]]"
12n_0187_123,"[[23, 5, 24, 4], [21, 7, 22, 6], [11, 9, 12, 8], [3, 11, 4, 10], [12, 16, 13, 15], [14, 20, 15, 19], [16, 2, 17, 1], [18, 14, 19, 13], [5, 21, 6, 20], [7, 23, 8, 22], [24, 18, 1, 17], [9, 3, 10, 2]]"
12n_0187_124,"[[9, 3, 10, 2], [23, 5, 24, 4], [21, 7, 22, 6], [11, 9, 12, 8], [3, 11, 4, 10], [12, 16, 13, 15], [14, 20, 15, 19], [16, 2, 17, 1], [18, 14, 19, 13], [5, 21, 6, 20], [7, 23, 8, 22], [24, 18, 1, 17]]"
12n_0187_125,"[[24, 18, 1, 17], [9, 3, 10, 2], [23, 5, 24, 4], [21, 7, 22, 6], [11, 9, 12, 8], [3, 11, 4, 10], [12, 16, 13, 15], [14, 20, 15, 19], [16, 2, 17, 1], [18, 14, 19, 13], [5, 21, 6, 20], [7, 23, 8, 22]]"
12n_0187_126,"[[7, 23, 8, 22], [24, 18, 1, 17], [9, 3, 10, 2], [23, 5, 24, 4], [21, 7, 22, 6], [11, 9, 12, 8], [3, 11, 4, 10], [12, 16, 13, 15], [14, 20, 15, 19], [16, 2, 17, 1], [18, 14, 19, 13], [5, 21, 6, 20]]"
12n_0187_127,"[[5, 21, 6, 20], [7, 23, 8, 22], [24, 18, 1, 17], [9, 3, 10, 2], [23, 5, 24, 4], [21, 7, 22, 6], [11, 9, 12, 8], [3, 11, 4, 10], [12, 16, 13, 15], [14, 20, 15, 19], [16, 2, 17, 1], [18, 14, 19, 13]]"
12n_0187_128,"[[18, 14, 19, 13], [5, 21, 6, 20], [7, 23, 8, 22], [24, 18, 1, 17], [9, 3, 10, 2], [23, 5, 24, 4], [21, 7, 22, 6], [11, 9, 12, 8], [3, 11, 4, 10], [12, 16, 13, 15], [14, 20, 15, 19], [16, 2, 17, 1]]"
12n_0187_129,"[[16, 2, 17, 1], [18, 14, 19, 13], [5, 21, 6, 20], [7, 23, 8, 22], [24, 18, 1, 17], [9, 3, 10, 2], [23, 5, 24, 4], [21, 7, 22, 6], [11, 9, 12, 8], [3, 11, 4, 10], [12, 16, 13, 15], [14, 20, 15, 19]]"
12n_0187_130,"[[14, 20, 15, 19], [16, 2, 17, 1], [18, 14, 19, 13], [5, 21, 6, 20], [7, 23, 8, 22], [24, 18, 1, 17], [9, 3, 10, 2], [23, 5, 24, 4], [21, 7, 22, 6], [11, 9, 12, 8], [3, 11, 4, 10], [12, 16, 13, 15]]"
12n_0187_131,"[[12, 16, 13, 15], [14, 20, 15, 19], [16, 2, 17, 1], [18, 14, 19, 13], [5, 21, 6, 20], [7, 23, 8, 22], [24, 18, 1, 17], [9, 3, 10, 2], [23, 5, 24, 4], [21, 7, 22, 6], [11, 9, 12, 8], [3, 11, 4, 10]]"
12n_0187_132,"[[4, 12, 5, 11], [13, 17, 14, 16], [15, 21, 16, 20], [17, 3, 18, 2], [19, 15, 20, 14], [6, 22, 7, 21], [8, 24, 9, 23], [1, 19, 2, 18], [10, 4, 11, 3], [24, 6, 1, 5], [22, 8, 23, 7], [12, 10, 13, 9]]"
12n_0187_133,"[[12, 10, 13, 9], [4, 12, 5, 11], [13, 17, 14, 16], [15, 21, 16, 20], [17, 3, 18, 2], [19, 15, 20, 14], [6, 22, 7, 21], [8, 24, 9, 23], [1, 19, 2, 18], [10, 4, 11, 3], [24, 6, 1, 5], [22, 8, 23, 7]]"
12n_0187_134,"[[22, 8, 23, 7], [12, 10, 13, 9], [4, 12, 5, 11], [13, 17, 14, 16], [15, 21, 16, 20], [17, 3, 18, 2], [19, 15, 20, 14], [6, 22, 7, 21], [8, 24, 9, 23], [1, 19, 2, 18], [10, 4, 11, 3], [24, 6, 1, 5]]"
12n_0187_135,"[[24, 6, 1, 5], [22, 8, 23, 7], [12, 10, 13, 9], [4, 12, 5, 11], [13, 17, 14, 16], [15, 21, 16, 20], [17, 3, 18, 2], [19, 15, 20, 14], [6, 22, 7, 21], [8, 24, 9, 23], [1, 19, 2, 18], [10, 4, 11, 3]]"
12n_0187_136,"[[10, 4, 11, 3], [24, 6, 1, 5], [22, 8, 23, 7], [12, 10, 13, 9], [4, 12, 5, 11], [13, 17, 14, 16], [15, 21, 16, 20], [17, 3, 18, 2], [19, 15, 20, 14], [6, 22, 7, 21], [8, 24, 9, 23], [1, 19, 2, 18]]"
12n_0187_137,"[[1, 19, 2, 18], [10, 4, 11, 3], [24, 6, 1, 5], [22, 8, 23, 7], [12, 10, 13, 9], [4, 12, 5, 11], [13, 17, 14, 16], [15, 21, 16, 20], [17, 3, 18, 2], [19, 15, 20, 14], [6, 22, 7, 21], [8, 24, 9, 23]]"
12n_0187_138,"[[8, 24, 9, 23], [1, 19, 2, 18], [10, 4, 11, 3], [24, 6, 1, 5], [22, 8, 23, 7], [12, 10, 13, 9], [4, 12, 5, 11], [13, 17, 14, 16], [15, 21, 16, 20], [17, 3, 18, 2], [19, 15, 20, 14], [6, 22, 7, 21]]"
12n_0187_139,"[[6, 22, 7, 21], [8, 24, 9, 23], [1, 19, 2, 18], [10, 4, 11, 3], [24, 6, 1, 5], [22, 8, 23, 7], [12, 10, 13, 9], [4, 12, 5, 11], [13, 17, 14, 16], [15, 21, 16, 20], [17, 3, 18, 2], [19, 15, 20, 14]]"
12n_0187_140,"[[19, 15, 20, 14], [6, 22, 7, 21], [8, 24, 9, 23], [1, 19, 2, 18], [10, 4, 11, 3], [24, 6, 1, 5], [22, 8, 23, 7], [12, 10, 13, 9], [4, 12, 5, 11], [13, 17, 14, 16], [15, 21, 16, 20], [17, 3, 18, 2]]"
12n_0187_141,"[[17, 3, 18, 2], [19, 15, 20, 14], [6, 22, 7, 21], [8, 24, 9, 23], [1, 19, 2, 18], [10, 4, 11, 3], [24, 6, 1, 5], [22, 8, 23, 7], [12, 10, 13, 9], [4, 12, 5, 11], [13, 17, 14, 16], [15, 21, 16, 20]]"
12n_0187_142,"[[15, 21, 16, 20], [17, 3, 18, 2], [19, 15, 20, 14], [6, 22, 7, 21], [8, 24, 9, 23], [1, 19, 2, 18], [10, 4, 11, 3], [24, 6, 1, 5], [22, 8, 23, 7], [12, 10, 13, 9], [4, 12, 5, 11], [13, 17, 14, 16]]"
12n_0187_143,"[[13, 17, 14, 16], [15, 21, 16, 20], [17, 3, 18, 2], [19, 15, 20, 14], [6, 22, 7, 21], [8, 24, 9, 23], [1, 19, 2, 18], [10, 4, 11, 3], [24, 6, 1, 5], [22, 8, 23, 7], [12, 10, 13, 9], [4, 12, 5, 11]]"
12n_0187_144,"[[5, 13, 6, 12], [14, 18, 15, 17], [16, 22, 17, 21], [18, 4, 19, 3], [20, 16, 21, 15], [7, 23, 8, 22], [9, 1, 10, 24], [2, 20, 3, 19], [11, 5, 12, 4], [1, 7, 2, 6], [23, 9, 24, 8], [13, 11, 14, 10]]"
12n_0187_145,"[[13, 11, 14, 10], [5, 13, 6, 12], [14, 18, 15, 17], [16, 22, 17, 21], [18, 4, 19, 3], [20, 16, 21, 15], [7, 23, 8, 22], [9, 1, 10, 24], [2, 20, 3, 19], [11, 5, 12, 4], [1, 7, 2, 6], [23, 9, 24, 8]]"
12n_0187_146,"[[23, 9, 24, 8], [13, 11, 14, 10], [5, 13, 6, 12], [14, 18, 15, 17], [16, 22, 17, 21], [18, 4, 19, 3], [20, 16, 21, 15], [7, 23, 8, 22], [9, 1, 10, 24], [2, 20, 3, 19], [11, 5, 12, 4], [1, 7, 2, 6]]"
12n_0187_147,"[[1, 7, 2, 6], [23, 9, 24, 8], [13, 11, 14, 10], [5, 13, 6, 12], [14, 18, 15, 17], [16, 22, 17, 21], [18, 4, 19, 3], [20, 16, 21, 15], [7, 23, 8, 22], [9, 1, 10, 24], [2, 20, 3, 19], [11, 5, 12, 4]]"
12n_0187_148,"[[11, 5, 12, 4], [1, 7, 2, 6], [23, 9, 24, 8], [13, 11, 14, 10], [5, 13, 6, 12], [14, 18, 15, 17], [16, 22, 17, 21], [18, 4, 19, 3], [20, 16, 21, 15], [7, 23, 8, 22], [9, 1, 10, 24], [2, 20, 3, 19]]"
12n_0187_149,"[[2, 20, 3, 19], [11, 5, 12, 4], [1, 7, 2, 6], [23, 9, 24, 8], [13, 11, 14, 10], [5, 13, 6, 12], [14, 18, 15, 17], [16, 22, 17, 21], [18, 4, 19, 3], [20, 16, 21, 15], [7, 23, 8, 22], [9, 1, 10, 24]]"
12n_0187_150,"[[9, 1, 10, 24], [2, 20, 3, 19], [11, 5, 12, 4], [1, 7, 2, 6], [23, 9, 24, 8], [13, 11, 14, 10], [5, 13, 6, 12], [14, 18, 15, 17], [16, 22, 17, 21], [18, 4, 19, 3], [20, 16, 21, 15], [7, 23, 8, 22]]"
12n_0187_151,"[[7, 23, 8, 22], [9, 1, 10, 24], [2, 20, 3, 19], [11, 5, 12, 4], [1, 7, 2, 6], [23, 9, 24, 8], [13, 11, 14, 10], [5, 13, 6, 12], [14, 18, 15, 17], [16, 22, 17, 21], [18, 4, 19, 3], [20, 16, 21, 15]]"
12n_0187_152,"[[20, 16, 21, 15], [7, 23, 8, 22], [9, 1, 10, 24], [2, 20, 3, 19], [11, 5, 12, 4], [1, 7, 2, 6], [23, 9, 24, 8], [13, 11, 14, 10], [5, 13, 6, 12], [14, 18, 15, 17], [16, 22, 17, 21], [18, 4, 19, 3]]"
12n_0187_153,"[[18, 4, 19, 3], [20, 16, 21, 15], [7, 23, 8, 22], [9, 1, 10, 24], [2, 20, 3, 19], [11, 5, 12, 4], [1, 7, 2, 6], [23, 9, 24, 8], [13, 11, 14, 10], [5, 13, 6, 12], [14, 18, 15, 17], [16, 22, 17, 21]]"
12n_0187_154,"[[16, 22, 17, 21], [18, 4, 19, 3], [20, 16, 21, 15], [7, 23, 8, 22], [9, 1, 10, 24], [2, 20, 3, 19], [11, 5, 12, 4], [1, 7, 2, 6], [23, 9, 24, 8], [13, 11, 14, 10], [5, 13, 6, 12], [14, 18, 15, 17]]"
12n_0187_155,"[[14, 18, 15, 17], [16, 22, 17, 21], [18, 4, 19, 3], [20, 16, 21, 15], [7, 23, 8, 22], [9, 1, 10, 24], [2, 20, 3, 19], [11, 5, 12, 4], [1, 7, 2, 6], [23, 9, 24, 8], [13, 11, 14, 10], [5, 13, 6, 12]]"
12n_0187_156,"[[6, 14, 7, 13], [15, 19, 16, 18], [17, 23, 18, 22], [19, 5, 20, 4], [21, 17, 22, 16], [8, 24, 9, 23], [10, 2, 11, 1], [3, 21, 4, 20], [12, 6, 13, 5], [2, 8, 3, 7], [24, 10, 1, 9], [14, 12, 15, 11]]"
12n_0187_157,"[[14, 12, 15, 11], [6, 14, 7, 13], [15, 19, 16, 18], [17, 23, 18, 22], [19, 5, 20, 4], [21, 17, 22, 16], [8, 24, 9, 23], [10, 2, 11, 1], [3, 21, 4, 20], [12, 6, 13, 5], [2, 8, 3, 7], [24, 10, 1, 9]]"
12n_0187_158,"[[24, 10, 1, 9], [14, 12, 15, 11], [6, 14, 7, 13], [15, 19, 16, 18], [17, 23, 18, 22], [19, 5, 20, 4], [21, 17, 22, 16], [8, 24, 9, 23], [10, 2, 11, 1], [3, 21, 4, 20], [12, 6, 13, 5], [2, 8, 3, 7]]"
12n_0187_159,"[[2, 8, 3, 7], [24, 10, 1, 9], [14, 12, 15, 11], [6, 14, 7, 13], [15, 19, 16, 18], [17, 23, 18, 22], [19, 5, 20, 4], [21, 17, 22, 16], [8, 24, 9, 23], [10, 2, 11, 1], [3, 21, 4, 20], [12, 6, 13, 5]]"
12n_0187_160,"[[12, 6, 13, 5], [2, 8, 3, 7], [24, 10, 1, 9], [14, 12, 15, 11], [6, 14, 7, 13], [15, 19, 16, 18], [17, 23, 18, 22], [19, 5, 20, 4], [21, 17, 22, 16], [8, 24, 9, 23], [10, 2, 11, 1], [3, 21, 4, 20]]"
12n_0187_161,"[[3, 21, 4, 20], [12, 6, 13, 5], [2, 8, 3, 7], [24, 10, 1, 9], [14, 12, 15, 11], [6, 14, 7, 13], [15, 19, 16, 18], [17, 23, 18, 22], [19, 5, 20, 4], [21, 17, 22, 16], [8, 24, 9, 23], [10, 2, 11, 1]]"
12n_0187_162,"[[10, 2, 11, 1], [3, 21, 4, 20], [12, 6, 13, 5], [2, 8, 3, 7], [24, 10, 1, 9], [14, 12, 15, 11], [6, 14, 7, 13], [15, 19, 16, 18], [17, 23, 18, 22], [19, 5, 20, 4], [21, 17, 22, 16], [8, 24, 9, 23]]"
12n_0187_163,"[[8, 24, 9, 23], [10, 2, 11, 1], [3, 21, 4, 20], [12, 6, 13, 5], [2, 8, 3, 7], [24, 10, 1, 9], [14, 12, 15, 11], [6, 14, 7, 13], [15, 19, 16, 18], [17, 23, 18, 22], [19, 5, 20, 4], [21, 17, 22, 16]]"
12n_0187_164,"[[21, 17, 22, 16], [8, 24, 9, 23], [10, 2, 11, 1], [3, 21, 4, 20], [12, 6, 13, 5], [2, 8, 3, 7], [24, 10, 1, 9], [14, 12, 15, 11], [6, 14, 7, 13], [15, 19, 16, 18], [17, 23, 18, 22], [19, 5, 20, 4]]"
12n_0187_165,"[[19, 5, 20, 4], [21, 17, 22, 16], [8, 24, 9, 23], [10, 2, 11, 1], [3, 21, 4, 20], [12, 6, 13, 5], [2, 8, 3, 7], [24, 10, 1, 9], [14, 12, 15, 11], [6, 14, 7, 13], [15, 19, 16, 18], [17, 23, 18, 22]]"
12n_0187_166,"[[17, 23, 18, 22], [19, 5, 20, 4], [21, 17, 22, 16], [8, 24, 9, 23], [10, 2, 11, 1], [3, 21, 4, 20], [12, 6, 13, 5], [2, 8, 3, 7], [24, 10, 1, 9], [14, 12, 15, 11], [6, 14, 7, 13], [15, 19, 16, 18]]"
12n_0187_167,"[[15, 19, 16, 18], [17, 23, 18, 22], [19, 5, 20, 4], [21, 17, 22, 16], [8, 24, 9, 23], [10, 2, 11, 1], [3, 21, 4, 20], [12, 6, 13, 5], [2, 8, 3, 7], [24, 10, 1, 9], [14, 12, 15, 11], [6, 14, 7, 13]]"
12n_0187_168,"[[7, 15, 8, 14], [16, 20, 17, 19], [18, 24, 19, 23], [20, 6, 21, 5], [22, 18, 23, 17], [9, 1, 10, 24], [11, 3, 12, 2], [4, 22, 5, 21], [13, 7, 14, 6], [3, 9, 4, 8], [1, 11, 2, 10], [15, 13, 16, 12]]"
12n_0187_169,"[[15, 13, 16, 12], [7, 15, 8, 14], [16, 20, 17, 19], [18, 24, 19, 23], [20, 6, 21, 5], [22, 18, 23, 17], [9, 1, 10, 24], [11, 3, 12, 2], [4, 22, 5, 21], [13, 7, 14, 6], [3, 9, 4, 8], [1, 11, 2, 10]]"
12n_0187_170,"[[1, 11, 2, 10], [15, 13, 16, 12], [7, 15, 8, 14], [16, 20, 17, 19], [18, 24, 19, 23], [20, 6, 21, 5], [22, 18, 23, 17], [9, 1, 10, 24], [11, 3, 12, 2], [4, 22, 5, 21], [13, 7, 14, 6], [3, 9, 4, 8]]"
12n_0187_171,"[[3, 9, 4, 8], [1, 11, 2, 10], [15, 13, 16, 12], [7, 15, 8, 14], [16, 20, 17, 19], [18, 24, 19, 23], [20, 6, 21, 5], [22, 18, 23, 17], [9, 1, 10, 24], [11, 3, 12, 2], [4, 22, 5, 21], [13, 7, 14, 6]]"
12n_0187_172,"[[13, 7, 14, 6], [3, 9, 4, 8], [1, 11, 2, 10], [15, 13, 16, 12], [7, 15, 8, 14], [16, 20, 17, 19], [18, 24, 19, 23], [20, 6, 21, 5], [22, 18, 23, 17], [9, 1, 10, 24], [11, 3, 12, 2], [4, 22, 5, 21]]"
12n_0187_173,"[[4, 22, 5, 21], [13, 7, 14, 6], [3, 9, 4, 8], [1, 11, 2, 10], [15, 13, 16, 12], [7, 15, 8, 14], [16, 20, 17, 19], [18, 24, 19, 23], [20, 6, 21, 5], [22, 18, 23, 17], [9, 1, 10, 24], [11, 3, 12, 2]]"
12n_0187_174,"[[11, 3, 12, 2], [4, 22, 5, 21], [13, 7, 14, 6], [3, 9, 4, 8], [1, 11, 2, 10], [15, 13, 16, 12], [7, 15, 8, 14], [16, 20, 17, 19], [18, 24, 19, 23], [20, 6, 21, 5], [22, 18, 23, 17], [9, 1, 10, 24]]"
12n_0187_175,"[[9, 1, 10, 24], [11, 3, 12, 2], [4, 22, 5, 21], [13, 7, 14, 6], [3, 9, 4, 8], [1, 11, 2, 10], [15, 13, 16, 12], [7, 15, 8, 14], [16, 20, 17, 19], [18, 24, 19, 23], [20, 6, 21, 5], [22, 18, 23, 17]]"
12n_0187_176,"[[22, 18, 23, 17], [9, 1, 10, 24], [11, 3, 12, 2], [4, 22, 5, 21], [13, 7, 14, 6], [3, 9, 4, 8], [1, 11, 2, 10], [15, 13, 16, 12], [7, 15, 8, 14], [16, 20, 17, 19], [18, 24, 19, 23], [20, 6, 21, 5]]"
12n_0187_177,"[[20, 6, 21, 5], [22, 18, 23, 17], [9, 1, 10, 24], [11, 3, 12, 2], [4, 22, 5, 21], [13, 7, 14, 6], [3, 9, 4, 8], [1, 11, 2, 10], [15, 13, 16, 12], [7, 15, 8, 14], [16, 20, 17, 19], [18, 24, 19, 23]]"
12n_0187_178,"[[18, 24, 19, 23], [20, 6, 21, 5], [22, 18, 23, 17], [9, 1, 10, 24], [11, 3, 12, 2], [4, 22, 5, 21], [13, 7, 14, 6], [3, 9, 4, 8], [1, 11, 2, 10], [15, 13, 16, 12], [7, 15, 8, 14], [16, 20, 17, 19]]"
12n_0187_179,"[[16, 20, 17, 19], [18, 24, 19, 23], [20, 6, 21, 5], [22, 18, 23, 17], [9, 1, 10, 24], [11, 3, 12, 2], [4, 22, 5, 21], [13, 7, 14, 6], [3, 9, 4, 8], [1, 11, 2, 10], [15, 13, 16, 12], [7, 15, 8, 14]]"
12n_0187_180,"[[8, 16, 9, 15], [17, 21, 18, 20], [19, 1, 20, 24], [21, 7, 22, 6], [23, 19, 24, 18], [10, 2, 11, 1], [12, 4, 13, 3], [5, 23, 6, 22], [14, 8, 15, 7], [4, 10, 5, 9], [2, 12, 3, 11], [16, 14, 17, 13]]"
12n_0187_181,"[[16, 14, 17, 13], [8, 16, 9, 15], [17, 21, 18, 20], [19, 1, 20, 24], [21, 7, 22, 6], [23, 19, 24, 18], [10, 2, 11, 1], [12, 4, 13, 3], [5, 23, 6, 22], [14, 8, 15, 7], [4, 10, 5, 9], [2, 12, 3, 11]]"
12n_0187_182,"[[2, 12, 3, 11], [16, 14, 17, 13], [8, 16, 9, 15], [17, 21, 18, 20], [19, 1, 20, 24], [21, 7, 22, 6], [23, 19, 24, 18], [10, 2, 11, 1], [12, 4, 13, 3], [5, 23, 6, 22], [14, 8, 15, 7], [4, 10, 5, 9]]"
12n_0187_183,"[[4, 10, 5, 9], [2, 12, 3, 11], [16, 14, 17, 13], [8, 16, 9, 15], [17, 21, 18, 20], [19, 1, 20, 24], [21, 7, 22, 6], [23, 19, 24, 18], [10, 2, 11, 1], [12, 4, 13, 3], [5, 23, 6, 22], [14, 8, 15, 7]]"
12n_0187_184,"[[14, 8, 15, 7], [4, 10, 5, 9], [2, 12, 3, 11], [16, 14, 17, 13], [8, 16, 9, 15], [17, 21, 18, 20], [19, 1, 20, 24], [21, 7, 22, 6], [23, 19, 24, 18], [10, 2, 11, 1], [12, 4, 13, 3], [5, 23, 6, 22]]"
12n_0187_185,"[[5, 23, 6, 22], [14, 8, 15, 7], [4, 10, 5, 9], [2, 12, 3, 11], [16, 14, 17, 13], [8, 16, 9, 15], [17, 21, 18, 20], [19, 1, 20, 24], [21, 7, 22, 6], [23, 19, 24, 18], [10, 2, 11, 1], [12, 4, 13, 3]]"
