name,pd_notation
12n_0218_0,"[[17, 24, 18, 1], [2, 6, 3, 5], [4, 10, 5, 9], [15, 6, 16, 7], [8, 4, 9, 3], [21, 10, 22, 11], [19, 13, 20, 12], [7, 14, 8, 15], [1, 16, 2, 17], [13, 19, 14, 18], [23, 20, 24, 21], [11, 22, 12, 23]]"
12n_0218_1,"[[11, 22, 12, 23], [17, 24, 18, 1], [2, 6, 3, 5], [4, 10, 5, 9], [15, 6, 16, 7], [8, 4, 9, 3], [21, 10, 22, 11], [19, 13, 20, 12], [7, 14, 8, 15], [1, 16, 2, 17], [13, 19, 14, 18], [23, 20, 24, 21]]"
12n_0218_2,"[[23, 20, 24, 21], [11, 22, 12, 23], [17, 24, 18, 1], [2, 6, 3, 5], [4, 10, 5, 9], [15, 6, 16, 7], [8, 4, 9, 3], [21, 10, 22, 11], [19, 13, 20, 12], [7, 14, 8, 15], [1, 16, 2, 17], [13, 19, 14, 18]]"
12n_0218_3,"[[13, 19, 14, 18], [23, 20, 24, 21], [11, 22, 12, 23], [17, 24, 18, 1], [2, 6, 3, 5], [4, 10, 5, 9], [15, 6, 16, 7], [8, 4, 9, 3], [21, 10, 22, 11], [19, 13, 20, 12], [7, 14, 8, 15], [1, 16, 2, 17]]"
12n_0218_4,"[[1, 16, 2, 17], [13, 19, 14, 18], [23, 20, 24, 21], [11, 22, 12, 23], [17, 24, 18, 1], [2, 6, 3, 5], [4, 10, 5, 9], [15, 6, 16, 7], [8, 4, 9, 3], [21, 10, 22, 11], [19, 13, 20, 12], [7, 14, 8, 15]]"
12n_0218_5,"[[7, 14, 8, 15], [1, 16, 2, 17], [13, 19, 14, 18], [23, 20, 24, 21], [11, 22, 12, 23], [17, 24, 18, 1], [2, 6, 3, 5], [4, 10, 5, 9], [15, 6, 16, 7], [8, 4, 9, 3], [21, 10, 22, 11], [19, 13, 20, 12]]"
12n_0218_6,"[[19, 13, 20, 12], [7, 14, 8, 15], [1, 16, 2, 17], [13, 19, 14, 18], [23, 20, 24, 21], [11, 22, 12, 23], [17, 24, 18, 1], [2, 6, 3, 5], [4, 10, 5, 9], [15, 6, 16, 7], [8, 4, 9, 3], [21, 10, 22, 11]]"
12n_0218_7,"[[21, 10, 22, 11], [19, 13, 20, 12], [7, 14, 8, 15], [1, 16, 2, 17], [13, 19, 14, 18], [23, 20, 24, 21], [11, 22, 12, 23], [17, 24, 18, 1], [2, 6, 3, 5], [4, 10, 5, 9], [15, 6, 16, 7], [8, 4, 9, 3]]"
12n_0218_8,"[[8, 4, 9, 3], [21, 10, 22, 11], [19, 13, 20, 12], [7, 14, 8, 15], [1, 16, 2, 17], [13, 19, 14, 18], [23, 20, 24, 21], [11, 22, 12, 23], [17, 24, 18, 1], [2, 6, 3, 5], [4, 10, 5, 9], [15, 6, 16, 7]]"
12n_0218_9,"[[15, 6, 16, 7], [8, 4, 9, 3], [21, 10, 22, 11], [19, 13, 20, 12], [7, 14, 8, 15], [1, 16, 2, 17], [13, 19, 14, 18], [23, 20, 24, 21], [11, 22, 12, 23], [17, 24, 18, 1], [2, 6, 3, 5], [4, 10, 5, 9]]"
12n_0218_10,"[[4, 10, 5, 9], [15, 6, 16, 7], [8, 4, 9, 3], [21, 10, 22, 11], [19, 13, 20, 12], [7, 14, 8, 15], [1, 16, 2, 17], [13, 19, 14, 18], [23, 20, 24, 21], [11, 22, 12, 23], [17, 24, 18, 1], [2, 6, 3, 5]]"
12n_0218_11,"[[2, 6, 3, 5], [4, 10, 5, 9], [15, 6, 16, 7], [8, 4, 9, 3], [21, 10, 22, 11], [19, 13, 20, 12], [7, 14, 8, 15], [1, 16, 2, 17], [13, 19, 14, 18], [23, 20, 24, 21], [11, 22, 12, 23], [17, 24, 18, 1]]"
12n_0218_12,"[[18, 1, 19, 2], [3, 7, 4, 6], [5, 11, 6, 10], [16, 7, 17, 8], [9, 5, 10, 4], [22, 11, 23, 12], [20, 14, 21, 13], [8, 15, 9, 16], [2, 17, 3, 18], [14, 20, 15, 19], [24, 21, 1, 22], [12, 23, 13, 24]]"
12n_0218_13,"[[12, 23, 13, 24], [18, 1, 19, 2], [3, 7, 4, 6], [5, 11, 6, 10], [16, 7, 17, 8], [9, 5, 10, 4], [22, 11, 23, 12], [20, 14, 21, 13], [8, 15, 9, 16], [2, 17, 3, 18], [14, 20, 15, 19], [24, 21, 1, 22]]"
12n_0218_14,"[[24, 21, 1, 22], [12, 23, 13, 24], [18, 1, 19, 2], [3, 7, 4, 6], [5, 11, 6, 10], [16, 7, 17, 8], [9, 5, 10, 4], [22, 11, 23, 12], [20, 14, 21, 13], [8, 15, 9, 16], [2, 17, 3, 18], [14, 20, 15, 19]]"
12n_0218_15,"[[14, 20, 15, 19], [24, 21, 1, 22], [12, 23, 13, 24], [18, 1, 19, 2], [3, 7, 4, 6], [5, 11, 6, 10], [16, 7, 17, 8], [9, 5, 10, 4], [22, 11, 23, 12], [20, 14, 21, 13], [8, 15, 9, 16], [2, 17, 3, 18]]"
12n_0218_16,"[[2, 17, 3, 18], [14, 20, 15, 19], [24, 21, 1, 22], [12, 23, 13, 24], [18, 1, 19, 2], [3, 7, 4, 6], [5, 11, 6, 10], [16, 7, 17, 8], [9, 5, 10, 4], [22, 11, 23, 12], [20, 14, 21, 13], [8, 15, 9, 16]]"
12n_0218_17,"[[8, 15, 9, 16], [2, 17, 3, 18], [14, 20, 15, 19], [24, 21, 1, 22], [12, 23, 13, 24], [18, 1, 19, 2], [3, 7, 4, 6], [5, 11, 6, 10], [16, 7, 17, 8], [9, 5, 10, 4], [22, 11, 23, 12], [20, 14, 21, 13]]"
12n_0218_18,"[[20, 14, 21, 13], [8, 15, 9, 16], [2, 17, 3, 18], [14, 20, 15, 19], [24, 21, 1, 22], [12, 23, 13, 24], [18, 1, 19, 2], [3, 7, 4, 6], [5, 11, 6, 10], [16, 7, 17, 8], [9, 5, 10, 4], [22, 11, 23, 12]]"
12n_0218_19,"[[22, 11, 23, 12], [20, 14, 21, 13], [8, 15, 9, 16], [2, 17, 3, 18], [14, 20, 15, 19], [24, 21, 1, 22], [12, 23, 13, 24], [18, 1, 19, 2], [3, 7, 4, 6], [5, 11, 6, 10], [16, 7, 17, 8], [9, 5, 10, 4]]"
12n_0218_20,"[[9, 5, 10, 4], [22, 11, 23, 12], [20, 14, 21, 13], [8, 15, 9, 16], [2, 17, 3, 18], [14, 20, 15, 19], [24, 21, 1, 22], [12, 23, 13, 24], [18, 1, 19, 2], [3, 7, 4, 6], [5, 11, 6, 10], [16, 7, 17, 8]]"
12n_0218_21,"[[16, 7, 17, 8], [9, 5, 10, 4], [22, 11, 23, 12], [20, 14, 21, 13], [8, 15, 9, 16], [2, 17, 3, 18], [14, 20, 15, 19], [24, 21, 1, 22], [12, 23, 13, 24], [18, 1, 19, 2], [3, 7, 4, 6], [5, 11, 6, 10]]"
12n_0218_22,"[[5, 11, 6, 10], [16, 7, 17, 8], [9, 5, 10, 4], [22, 11, 23, 12], [20, 14, 21, 13], [8, 15, 9, 16], [2, 17, 3, 18], [14, 20, 15, 19], [24, 21, 1, 22], [12, 23, 13, 24], [18, 1, 19, 2], [3, 7, 4, 6]]"
12n_0218_23,"[[3, 7, 4, 6], [5, 11, 6, 10], [16, 7, 17, 8], [9, 5, 10, 4], [22, 11, 23, 12], [20, 14, 21, 13], [8, 15, 9, 16], [2, 17, 3, 18], [14, 20, 15, 19], [24, 21, 1, 22], [12, 23, 13, 24], [18, 1, 19, 2]]"
12n_0218_24,"[[19, 2, 20, 3], [4, 8, 5, 7], [6, 12, 7, 11], [17, 8, 18, 9], [10, 6, 11, 5], [23, 12, 24, 13], [21, 15, 22, 14], [9, 16, 10, 17], [3, 18, 4, 19], [15, 21, 16, 20], [1, 22, 2, 23], [13, 24, 14, 1]]"
12n_0218_25,"[[13, 24, 14, 1], [19, 2, 20, 3], [4, 8, 5, 7], [6, 12, 7, 11], [17, 8, 18, 9], [10, 6, 11, 5], [23, 12, 24, 13], [21, 15, 22, 14], [9, 16, 10, 17], [3, 18, 4, 19], [15, 21, 16, 20], [1, 22, 2, 23]]"
12n_0218_26,"[[1, 22, 2, 23], [13, 24, 14, 1], [19, 2, 20, 3], [4, 8, 5, 7], [6, 12, 7, 11], [17, 8, 18, 9], [10, 6, 11, 5], [23, 12, 24, 13], [21, 15, 22, 14], [9, 16, 10, 17], [3, 18, 4, 19], [15, 21, 16, 20]]"
12n_0218_27,"[[15, 21, 16, 20], [1, 22, 2, 23], [13, 24, 14, 1], [19, 2, 20, 3], [4, 8, 5, 7], [6, 12, 7, 11], [17, 8, 18, 9], [10, 6, 11, 5], [23, 12, 24, 13], [21, 15, 22, 14], [9, 16, 10, 17], [3, 18, 4, 19]]"
12n_0218_28,"[[3, 18, 4, 19], [15, 21, 16, 20], [1, 22, 2, 23], [13, 24, 14, 1], [19, 2, 20, 3], [4, 8, 5, 7], [6, 12, 7, 11], [17, 8, 18, 9], [10, 6, 11, 5], [23, 12, 24, 13], [21, 15, 22, 14], [9, 16, 10, 17]]"
12n_0218_29,"[[9, 16, 10, 17], [3, 18, 4, 19], [15, 21, 16, 20], [1, 22, 2, 23], [13, 24, 14, 1], [19, 2, 20, 3], [4, 8, 5, 7], [6, 12, 7, 11], [17, 8, 18, 9], [10, 6, 11, 5], [23, 12, 24, 13], [21, 15, 22, 14]]"
12n_0218_30,"[[21, 15, 22, 14], [9, 16, 10, 17], [3, 18, 4, 19], [15, 21, 16, 20], [1, 22, 2, 23], [13, 24, 14, 1], [19, 2, 20, 3], [4, 8, 5, 7], [6, 12, 7, 11], [17, 8, 18, 9], [10, 6, 11, 5], [23, 12, 24, 13]]"
12n_0218_31,"[[23, 12, 24, 13], [21, 15, 22, 14], [9, 16, 10, 17], [3, 18, 4, 19], [15, 21, 16, 20], [1, 22, 2, 23], [13, 24, 14, 1], [19, 2, 20, 3], [4, 8, 5, 7], [6, 12, 7, 11], [17, 8, 18, 9], [10, 6, 11, 5]]"
12n_0218_32,"[[10, 6, 11, 5], [23, 12, 24, 13], [21, 15, 22, 14], [9, 16, 10, 17], [3, 18, 4, 19], [15, 21, 16, 20], [1, 22, 2, 23], [13, 24, 14, 1], [19, 2, 20, 3], [4, 8, 5, 7], [6, 12, 7, 11], [17, 8, 18, 9]]"
12n_0218_33,"[[17, 8, 18, 9], [10, 6, 11, 5], [23, 12, 24, 13], [21, 15, 22, 14], [9, 16, 10, 17], [3, 18, 4, 19], [15, 21, 16, 20], [1, 22, 2, 23], [13, 24, 14, 1], [19, 2, 20, 3], [4, 8, 5, 7], [6, 12, 7, 11]]"
12n_0218_34,"[[6, 12, 7, 11], [17, 8, 18, 9], [10, 6, 11, 5], [23, 12, 24, 13], [21, 15, 22, 14], [9, 16, 10, 17], [3, 18, 4, 19], [15, 21, 16, 20], [1, 22, 2, 23], [13, 24, 14, 1], [19, 2, 20, 3], [4, 8, 5, 7]]"
12n_0218_35,"[[4, 8, 5, 7], [6, 12, 7, 11], [17, 8, 18, 9], [10, 6, 11, 5], [23, 12, 24, 13], [21, 15, 22, 14], [9, 16, 10, 17], [3, 18, 4, 19], [15, 21, 16, 20], [1, 22, 2, 23], [13, 24, 14, 1], [19, 2, 20, 3]]"
12n_0218_36,"[[20, 3, 21, 4], [5, 9, 6, 8], [7, 13, 8, 12], [18, 9, 19, 10], [11, 7, 12, 6], [24, 13, 1, 14], [22, 16, 23, 15], [10, 17, 11, 18], [4, 19, 5, 20], [16, 22, 17, 21], [2, 23, 3, 24], [14, 1, 15, 2]]"
12n_0218_37,"[[14, 1, 15, 2], [20, 3, 21, 4], [5, 9, 6, 8], [7, 13, 8, 12], [18, 9, 19, 10], [11, 7, 12, 6], [24, 13, 1, 14], [22, 16, 23, 15], [10, 17, 11, 18], [4, 19, 5, 20], [16, 22, 17, 21], [2, 23, 3, 24]]"
12n_0218_38,"[[2, 23, 3, 24], [14, 1, 15, 2], [20, 3, 21, 4], [5, 9, 6, 8], [7, 13, 8, 12], [18, 9, 19, 10], [11, 7, 12, 6], [24, 13, 1, 14], [22, 16, 23, 15], [10, 17, 11, 18], [4, 19, 5, 20], [16, 22, 17, 21]]"
12n_0218_39,"[[16, 22, 17, 21], [2, 23, 3, 24], [14, 1, 15, 2], [20, 3, 21, 4], [5, 9, 6, 8], [7, 13, 8, 12], [18, 9, 19, 10], [11, 7, 12, 6], [24, 13, 1, 14], [22, 16, 23, 15], [10, 17, 11, 18], [4, 19, 5, 20]]"
12n_0218_40,"[[4, 19, 5, 20], [16, 22, 17, 21], [2, 23, 3, 24], [14, 1, 15, 2], [20, 3, 21, 4], [5, 9, 6, 8], [7, 13, 8, 12], [18, 9, 19, 10], [11, 7, 12, 6], [24, 13, 1, 14], [22, 16, 23, 15], [10, 17, 11, 18]]"
12n_0218_41,"[[10, 17, 11, 18], [4, 19, 5, 20], [16, 22, 17, 21], [2, 23, 3, 24], [14, 1, 15, 2], [20, 3, 21, 4], [5, 9, 6, 8], [7, 13, 8, 12], [18, 9, 19, 10], [11, 7, 12, 6], [24, 13, 1, 14], [22, 16, 23, 15]]"
12n_0218_42,"[[22, 16, 23, 15], [10, 17, 11, 18], [4, 19, 5, 20], [16, 22, 17, 21], [2, 23, 3, 24], [14, 1, 15, 2], [20, 3, 21, 4], [5, 9, 6, 8], [7, 13, 8, 12], [18, 9, 19, 10], [11, 7, 12, 6], [24, 13, 1, 14]]"
12n_0218_43,"[[24, 13, 1, 14], [22, 16, 23, 15], [10, 17, 11, 18], [4, 19, 5, 20], [16, 22, 17, 21], [2, 23, 3, 24], [14, 1, 15, 2], [20, 3, 21, 4], [5, 9, 6, 8], [7, 13, 8, 12], [18, 9, 19, 10], [11, 7, 12, 6]]"
12n_0218_44,"[[11, 7, 12, 6], [24, 13, 1, 14], [22, 16, 23, 15], [10, 17, 11, 18], [4, 19, 5, 20], [16, 22, 17, 21], [2, 23, 3, 24], [14, 1, 15, 2], [20, 3, 21, 4], [5, 9, 6, 8], [7, 13, 8, 12], [18, 9, 19, 10]]"
12n_0218_45,"[[18, 9, 19, 10], [11, 7, 12, 6], [24, 13, 1, 14], [22, 16, 23, 15], [10, 17, 11, 18], [4, 19, 5, 20], [16, 22, 17, 21], [2, 23, 3, 24], [14, 1, 15, 2], [20, 3, 21, 4], [5, 9, 6, 8], [7, 13, 8, 12]]"
12n_0218_46,"[[7, 13, 8, 12], [18, 9, 19, 10], [11, 7, 12, 6], [24, 13, 1, 14], [22, 16, 23, 15], [10, 17, 11, 18], [4, 19, 5, 20], [16, 22, 17, 21], [2, 23, 3, 24], [14, 1, 15, 2], [20, 3, 21, 4], [5, 9, 6, 8]]"
12n_0218_47,"[[5, 9, 6, 8], [7, 13, 8, 12], [18, 9, 19, 10], [11, 7, 12, 6], [24, 13, 1, 14], [22, 16, 23, 15], [10, 17, 11, 18], [4, 19, 5, 20], [16, 22, 17, 21], [2, 23, 3, 24], [14, 1, 15, 2], [20, 3, 21, 4]]"
12n_0218_48,"[[21, 4, 22, 5], [6, 10, 7, 9], [8, 14, 9, 13], [19, 10, 20, 11], [12, 8, 13, 7], [1, 14, 2, 15], [23, 17, 24, 16], [11, 18, 12, 19], [5, 20, 6, 21], [17, 23, 18, 22], [3, 24, 4, 1], [15, 2, 16, 3]]"
12n_0218_49,"[[15, 2, 16, 3], [21, 4, 22, 5], [6, 10, 7, 9], [8, 14, 9, 13], [19, 10, 20, 11], [12, 8, 13, 7], [1, 14, 2, 15], [23, 17, 24, 16], [11, 18, 12, 19], [5, 20, 6, 21], [17, 23, 18, 22], [3, 24, 4, 1]]"
12n_0218_50,"[[3, 24, 4, 1], [15, 2, 16, 3], [21, 4, 22, 5], [6, 10, 7, 9], [8, 14, 9, 13], [19, 10, 20, 11], [12, 8, 13, 7], [1, 14, 2, 15], [23, 17, 24, 16], [11, 18, 12, 19], [5, 20, 6, 21], [17, 23, 18, 22]]"
12n_0218_51,"[[17, 23, 18, 22], [3, 24, 4, 1], [15, 2, 16, 3], [21, 4, 22, 5], [6, 10, 7, 9], [8, 14, 9, 13], [19, 10, 20, 11], [12, 8, 13, 7], [1, 14, 2, 15], [23, 17, 24, 16], [11, 18, 12, 19], [5, 20, 6, 21]]"
12n_0218_52,"[[5, 20, 6, 21], [17, 23, 18, 22], [3, 24, 4, 1], [15, 2, 16, 3], [21, 4, 22, 5], [6, 10, 7, 9], [8, 14, 9, 13], [19, 10, 20, 11], [12, 8, 13, 7], [1, 14, 2, 15], [23, 17, 24, 16], [11, 18, 12, 19]]"
12n_0218_53,"[[11, 18, 12, 19], [5, 20, 6, 21], [17, 23, 18, 22], [3, 24, 4, 1], [15, 2, 16, 3], [21, 4, 22, 5], [6, 10, 7, 9], [8, 14, 9, 13], [19, 10, 20, 11], [12, 8, 13, 7], [1, 14, 2, 15], [23, 17, 24, 16]]"
12n_0218_54,"[[23, 17, 24, 16], [11, 18, 12, 19], [5, 20, 6, 21], [17, 23, 18, 22], [3, 24, 4, 1], [15, 2, 16, 3], [21, 4, 22, 5], [6, 10, 7, 9], [8, 14, 9, 13], [19, 10, 20, 11], [12, 8, 13, 7], [1, 14, 2, 15]]"
12n_0218_55,"[[1, 14, 2, 15], [23, 17, 24, 16], [11, 18, 12, 19], [5, 20, 6, 21], [17, 23, 18, 22], [3, 24, 4, 1], [15, 2, 16, 3], [21, 4, 22, 5], [6, 10, 7, 9], [8, 14, 9, 13], [19, 10, 20, 11], [12, 8, 13, 7]]"
12n_0218_56,"[[12, 8, 13, 7], [1, 14, 2, 15], [23, 17, 24, 16], [11, 18, 12, 19], [5, 20, 6, 21], [17, 23, 18, 22], [3, 24, 4, 1], [15, 2, 16, 3], [21, 4, 22, 5], [6, 10, 7, 9], [8, 14, 9, 13], [19, 10, 20, 11]]"
12n_0218_57,"[[19, 10, 20, 11], [12, 8, 13, 7], [1, 14, 2, 15], [23, 17, 24, 16], [11, 18, 12, 19], [5, 20, 6, 21], [17, 23, 18, 22], [3, 24, 4, 1], [15, 2, 16, 3], [21, 4, 22, 5], [6, 10, 7, 9], [8, 14, 9, 13]]"
12n_0218_58,"[[8, 14, 9, 13], [19, 10, 20, 11], [12, 8, 13, 7], [1, 14, 2, 15], [23, 17, 24, 16], [11, 18, 12, 19], [5, 20, 6, 21], [17, 23, 18, 22], [3, 24, 4, 1], [15, 2, 16, 3], [21, 4, 22, 5], [6, 10, 7, 9]]"
12n_0218_59,"[[6, 10, 7, 9], [8, 14, 9, 13], [19, 10, 20, 11], [12, 8, 13, 7], [1, 14, 2, 15], [23, 17, 24, 16], [11, 18, 12, 19], [5, 20, 6, 21], [17, 23, 18, 22], [3, 24, 4, 1], [15, 2, 16, 3], [21, 4, 22, 5]]"
12n_0218_60,"[[22, 5, 23, 6], [7, 11, 8, 10], [9, 15, 10, 14], [20, 11, 21, 12], [13, 9, 14, 8], [2, 15, 3, 16], [24, 18, 1, 17], [12, 19, 13, 20], [6, 21, 7, 22], [18, 24, 19, 23], [4, 1, 5, 2], [16, 3, 17, 4]]"
12n_0218_61,"[[16, 3, 17, 4], [22, 5, 23, 6], [7, 11, 8, 10], [9, 15, 10, 14], [20, 11, 21, 12], [13, 9, 14, 8], [2, 15, 3, 16], [24, 18, 1, 17], [12, 19, 13, 20], [6, 21, 7, 22], [18, 24, 19, 23], [4, 1, 5, 2]]"
12n_0218_62,"[[4, 1, 5, 2], [16, 3, 17, 4], [22, 5, 23, 6], [7, 11, 8, 10], [9, 15, 10, 14], [20, 11, 21, 12], [13, 9, 14, 8], [2, 15, 3, 16], [24, 18, 1, 17], [12, 19, 13, 20], [6, 21, 7, 22], [18, 24, 19, 23]]"
12n_0218_63,"[[18, 24, 19, 23], [4, 1, 5, 2], [16, 3, 17, 4], [22, 5, 23, 6], [7, 11, 8, 10], [9, 15, 10, 14], [20, 11, 21, 12], [13, 9, 14, 8], [2, 15, 3, 16], [24, 18, 1, 17], [12, 19, 13, 20], [6, 21, 7, 22]]"
12n_0218_64,"[[6, 21, 7, 22], [18, 24, 19, 23], [4, 1, 5, 2], [16, 3, 17, 4], [22, 5, 23, 6], [7, 11, 8, 10], [9, 15, 10, 14], [20, 11, 21, 12], [13, 9, 14, 8], [2, 15, 3, 16], [24, 18, 1, 17], [12, 19, 13, 20]]"
12n_0218_65,"[[12, 19, 13, 20], [6, 21, 7, 22], [18, 24, 19, 23], [4, 1, 5, 2], [16, 3, 17, 4], [22, 5, 23, 6], [7, 11, 8, 10], [9, 15, 10, 14], [20, 11, 21, 12], [13, 9, 14, 8], [2, 15, 3, 16], [24, 18, 1, 17]]"
12n_0218_66,"[[24, 18, 1, 17], [12, 19, 13, 20], [6, 21, 7, 22], [18, 24, 19, 23], [4, 1, 5, 2], [16, 3, 17, 4], [22, 5, 23, 6], [7, 11, 8, 10], [9, 15, 10, 14], [20, 11, 21, 12], [13, 9, 14, 8], [2, 15, 3, 16]]"
12n_0218_67,"[[2, 15, 3, 16], [24, 18, 1, 17], [12, 19, 13, 20], [6, 21, 7, 22], [18, 24, 19, 23], [4, 1, 5, 2], [16, 3, 17, 4], [22, 5, 23, 6], [7, 11, 8, 10], [9, 15, 10, 14], [20, 11, 21, 12], [13, 9, 14, 8]]"
12n_0218_68,"[[13, 9, 14, 8], [2, 15, 3, 16], [24, 18, 1, 17], [12, 19, 13, 20], [6, 21, 7, 22], [18, 24, 19, 23], [4, 1, 5, 2], [16, 3, 17, 4], [22, 5, 23, 6], [7, 11, 8, 10], [9, 15, 10, 14], [20, 11, 21, 12]]"
12n_0218_69,"[[20, 11, 21, 12], [13, 9, 14, 8], [2, 15, 3, 16], [24, 18, 1, 17], [12, 19, 13, 20], [6, 21, 7, 22], [18, 24, 19, 23], [4, 1, 5, 2], [16, 3, 17, 4], [22, 5, 23, 6], [7, 11, 8, 10], [9, 15, 10, 14]]"
12n_0218_70,"[[9, 15, 10, 14], [20, 11, 21, 12], [13, 9, 14, 8], [2, 15, 3, 16], [24, 18, 1, 17], [12, 19, 13, 20], [6, 21, 7, 22], [18, 24, 19, 23], [4, 1, 5, 2], [16, 3, 17, 4], [22, 5, 23, 6], [7, 11, 8, 10]]"
12n_0218_71,"[[7, 11, 8, 10], [9, 15, 10, 14], [20, 11, 21, 12], [13, 9, 14, 8], [2, 15, 3, 16], [24, 18, 1, 17], [12, 19, 13, 20], [6, 21, 7, 22], [18, 24, 19, 23], [4, 1, 5, 2], [16, 3, 17, 4], [22, 5, 23, 6]]"
12n_0218_72,"[[23, 6, 24, 7], [8, 12, 9, 11], [10, 16, 11, 15], [21, 12, 22, 13], [14, 10, 15, 9], [3, 16, 4, 17], [1, 19, 2, 18], [13, 20, 14, 21], [7, 22, 8, 23], [19, 1, 20, 24], [5, 2, 6, 3], [17, 4, 18, 5]]"
12n_0218_73,"[[17, 4, 18, 5], [23, 6, 24, 7], [8, 12, 9, 11], [10, 16, 11, 15], [21, 12, 22, 13], [14, 10, 15, 9], [3, 16, 4, 17], [1, 19, 2, 18], [13, 20, 14, 21], [7, 22, 8, 23], [19, 1, 20, 24], [5, 2, 6, 3]]"
12n_0218_74,"[[5, 2, 6, 3], [17, 4, 18, 5], [23, 6, 24, 7], [8, 12, 9, 11], [10, 16, 11, 15], [21, 12, 22, 13], [14, 10, 15, 9], [3, 16, 4, 17], [1, 19, 2, 18], [13, 20, 14, 21], [7, 22, 8, 23], [19, 1, 20, 24]]"
12n_0218_75,"[[19, 1, 20, 24], [5, 2, 6, 3], [17, 4, 18, 5], [23, 6, 24, 7], [8, 12, 9, 11], [10, 16, 11, 15], [21, 12, 22, 13], [14, 10, 15, 9], [3, 16, 4, 17], [1, 19, 2, 18], [13, 20, 14, 21], [7, 22, 8, 23]]"
12n_0218_76,"[[7, 22, 8, 23], [19, 1, 20, 24], [5, 2, 6, 3], [17, 4, 18, 5], [23, 6, 24, 7], [8, 12, 9, 11], [10, 16, 11, 15], [21, 12, 22, 13], [14, 10, 15, 9], [3, 16, 4, 17], [1, 19, 2, 18], [13, 20, 14, 21]]"
12n_0218_77,"[[13, 20, 14, 21], [7, 22, 8, 23], [19, 1, 20, 24], [5, 2, 6, 3], [17, 4, 18, 5], [23, 6, 24, 7], [8, 12, 9, 11], [10, 16, 11, 15], [21, 12, 22, 13], [14, 10, 15, 9], [3, 16, 4, 17], [1, 19, 2, 18]]"
12n_0218_78,"[[1, 19, 2, 18], [13, 20, 14, 21], [7, 22, 8, 23], [19, 1, 20, 24], [5, 2, 6, 3], [17, 4, 18, 5], [23, 6, 24, 7], [8, 12, 9, 11], [10, 16, 11, 15], [21, 12, 22, 13], [14, 10, 15, 9], [3, 16, 4, 17]]"
12n_0218_79,"[[3, 16, 4, 17], [1, 19, 2, 18], [13, 20, 14, 21], [7, 22, 8, 23], [19, 1, 20, 24], [5, 2, 6, 3], [17, 4, 18, 5], [23, 6, 24, 7], [8, 12, 9, 11], [10, 16, 11, 15], [21, 12, 22, 13], [14, 10, 15, 9]]"
12n_0218_80,"[[14, 10, 15, 9], [3, 16, 4, 17], [1, 19, 2, 18], [13, 20, 14, 21], [7, 22, 8, 23], [19, 1, 20, 24], [5, 2, 6, 3], [17, 4, 18, 5], [23, 6, 24, 7], [8, 12, 9, 11], [10, 16, 11, 15], [21, 12, 22, 13]]"
12n_0218_81,"[[21, 12, 22, 13], [14, 10, 15, 9], [3, 16, 4, 17], [1, 19, 2, 18], [13, 20, 14, 21], [7, 22, 8, 23], [19, 1, 20, 24], [5, 2, 6, 3], [17, 4, 18, 5], [23, 6, 24, 7], [8, 12, 9, 11], [10, 16, 11, 15]]"
12n_0218_82,"[[10, 16, 11, 15], [21, 12, 22, 13], [14, 10, 15, 9], [3, 16, 4, 17], [1, 19, 2, 18], [13, 20, 14, 21], [7, 22, 8, 23], [19, 1, 20, 24], [5, 2, 6, 3], [17, 4, 18, 5], [23, 6, 24, 7], [8, 12, 9, 11]]"
12n_0218_83,"[[8, 12, 9, 11], [10, 16, 11, 15], [21, 12, 22, 13], [14, 10, 15, 9], [3, 16, 4, 17], [1, 19, 2, 18], [13, 20, 14, 21], [7, 22, 8, 23], [19, 1, 20, 24], [5, 2, 6, 3], [17, 4, 18, 5], [23, 6, 24, 7]]"
12n_0218_84,"[[24, 7, 1, 8], [9, 13, 10, 12], [11, 17, 12, 16], [22, 13, 23, 14], [15, 11, 16, 10], [4, 17, 5, 18], [2, 20, 3, 19], [14, 21, 15, 22], [8, 23, 9, 24], [20, 2, 21, 1], [6, 3, 7, 4], [18, 5, 19, 6]]"
12n_0218_85,"[[18, 5, 19, 6], [24, 7, 1, 8], [9, 13, 10, 12], [11, 17, 12, 16], [22, 13, 23, 14], [15, 11, 16, 10], [4, 17, 5, 18], [2, 20, 3, 19], [14, 21, 15, 22], [8, 23, 9, 24], [20, 2, 21, 1], [6, 3, 7, 4]]"
12n_0218_86,"[[6, 3, 7, 4], [18, 5, 19, 6], [24, 7, 1, 8], [9, 13, 10, 12], [11, 17, 12, 16], [22, 13, 23, 14], [15, 11, 16, 10], [4, 17, 5, 18], [2, 20, 3, 19], [14, 21, 15, 22], [8, 23, 9, 24], [20, 2, 21, 1]]"
12n_0218_87,"[[20, 2, 21, 1], [6, 3, 7, 4], [18, 5, 19, 6], [24, 7, 1, 8], [9, 13, 10, 12], [11, 17, 12, 16], [22, 13, 23, 14], [15, 11, 16, 10], [4, 17, 5, 18], [2, 20, 3, 19], [14, 21, 15, 22], [8, 23, 9, 24]]"
12n_0218_88,"[[8, 23, 9, 24], [20, 2, 21, 1], [6, 3, 7, 4], [18, 5, 19, 6], [24, 7, 1, 8], [9, 13, 10, 12], [11, 17, 12, 16], [22, 13, 23, 14], [15, 11, 16, 10], [4, 17, 5, 18], [2, 20, 3, 19], [14, 21, 15, 22]]"
12n_0218_89,"[[14, 21, 15, 22], [8, 23, 9, 24], [20, 2, 21, 1], [6, 3, 7, 4], [18, 5, 19, 6], [24, 7, 1, 8], [9, 13, 10, 12], [11, 17, 12, 16], [22, 13, 23, 14], [15, 11, 16, 10], [4, 17, 5, 18], [2, 20, 3, 19]]"
12n_0218_90,"[[2, 20, 3, 19], [14, 21, 15, 22], [8, 23, 9, 24], [20, 2, 21, 1], [6, 3, 7, 4], [18, 5, 19, 6], [24, 7, 1, 8], [9, 13, 10, 12], [11, 17, 12, 16], [22, 13, 23, 14], [15, 11, 16, 10], [4, 17, 5, 18]]"
12n_0218_91,"[[4, 17, 5, 18], [2, 20, 3, 19], [14, 21, 15, 22], [8, 23, 9, 24], [20, 2, 21, 1], [6, 3, 7, 4], [18, 5, 19, 6], [24, 7, 1, 8], [9, 13, 10, 12], [11, 17, 12, 16], [22, 13, 23, 14], [15, 11, 16, 10]]"
12n_0218_92,"[[15, 11, 16, 10], [4, 17, 5, 18], [2, 20, 3, 19], [14, 21, 15, 22], [8, 23, 9, 24], [20, 2, 21, 1], [6, 3, 7, 4], [18, 5, 19, 6], [24, 7, 1, 8], [9, 13, 10, 12], [11, 17, 12, 16], [22, 13, 23, 14]]"
12n_0218_93,"[[22, 13, 23, 14], [15, 11, 16, 10], [4, 17, 5, 18], [2, 20, 3, 19], [14, 21, 15, 22], [8, 23, 9, 24], [20, 2, 21, 1], [6, 3, 7, 4], [18, 5, 19, 6], [24, 7, 1, 8], [9, 13, 10, 12], [11, 17, 12, 16]]"
12n_0218_94,"[[11, 17, 12, 16], [22, 13, 23, 14], [15, 11, 16, 10], [4, 17, 5, 18], [2, 20, 3, 19], [14, 21, 15, 22], [8, 23, 9, 24], [20, 2, 21, 1], [6, 3, 7, 4], [18, 5, 19, 6], [24, 7, 1, 8], [9, 13, 10, 12]]"
12n_0218_95,"[[9, 13, 10, 12], [11, 17, 12, 16], [22, 13, 23, 14], [15, 11, 16, 10], [4, 17, 5, 18], [2, 20, 3, 19], [14, 21, 15, 22], [8, 23, 9, 24], [20, 2, 21, 1], [6, 3, 7, 4], [18, 5, 19, 6], [24, 7, 1, 8]]"
12n_0218_96,"[[1, 8, 2, 9], [10, 14, 11, 13], [12, 18, 13, 17], [23, 14, 24, 15], [16, 12, 17, 11], [5, 18, 6, 19], [3, 21, 4, 20], [15, 22, 16, 23], [9, 24, 10, 1], [21, 3, 22, 2], [7, 4, 8, 5], [19, 6, 20, 7]]"
12n_0218_97,"[[19, 6, 20, 7], [1, 8, 2, 9], [10, 14, 11, 13], [12, 18, 13, 17], [23, 14, 24, 15], [16, 12, 17, 11], [5, 18, 6, 19], [3, 21, 4, 20], [15, 22, 16, 23], [9, 24, 10, 1], [21, 3, 22, 2], [7, 4, 8, 5]]"
12n_0218_98,"[[7, 4, 8, 5], [19, 6, 20, 7], [1, 8, 2, 9], [10, 14, 11, 13], [12, 18, 13, 17], [23, 14, 24, 15], [16, 12, 17, 11], [5, 18, 6, 19], [3, 21, 4, 20], [15, 22, 16, 23], [9, 24, 10, 1], [21, 3, 22, 2]]"
12n_0218_99,"[[21, 3, 22, 2], [7, 4, 8, 5], [19, 6, 20, 7], [1, 8, 2, 9], [10, 14, 11, 13], [12, 18, 13, 17], [23, 14, 24, 15], [16, 12, 17, 11], [5, 18, 6, 19], [3, 21, 4, 20], [15, 22, 16, 23], [9, 24, 10, 1]]"
12n_0218_100,"[[9, 24, 10, 1], [21, 3, 22, 2], [7, 4, 8, 5], [19, 6, 20, 7], [1, 8, 2, 9], [10, 14, 11, 13], [12, 18, 13, 17], [23, 14, 24, 15], [16, 12, 17, 11], [5, 18, 6, 19], [3, 21, 4, 20], [15, 22, 16, 23]]"
12n_0218_101,"[[15, 22, 16, 23], [9, 24, 10, 1], [21, 3, 22, 2], [7, 4, 8, 5], [19, 6, 20, 7], [1, 8, 2, 9], [10, 14, 11, 13], [12, 18, 13, 17], [23, 14, 24, 15], [16, 12, 17, 11], [5, 18, 6, 19], [3, 21, 4, 20]]"
12n_0218_102,"[[3, 21, 4, 20], [15, 22, 16, 23], [9, 24, 10, 1], [21, 3, 22, 2], [7, 4, 8, 5], [19, 6, 20, 7], [1, 8, 2, 9], [10, 14, 11, 13], [12, 18, 13, 17], [23, 14, 24, 15], [16, 12, 17, 11], [5, 18, 6, 19]]"
12n_0218_103,"[[5, 18, 6, 19], [3, 21, 4, 20], [15, 22, 16, 23], [9, 24, 10, 1], [21, 3, 22, 2], [7, 4, 8, 5], [19, 6, 20, 7], [1, 8, 2, 9], [10, 14, 11, 13], [12, 18, 13, 17], [23, 14, 24, 15], [16, 12, 17, 11]]"
12n_0218_104,"[[16, 12, 17, 11], [5, 18, 6, 19], [3, 21, 4, 20], [15, 22, 16, 23], [9, 24, 10, 1], [21, 3, 22, 2], [7, 4, 8, 5], [19, 6, 20, 7], [1, 8, 2, 9], [10, 14, 11, 13], [12, 18, 13, 17], [23, 14, 24, 15]]"
12n_0218_105,"[[23, 14, 24, 15], [16, 12, 17, 11], [5, 18, 6, 19], [3, 21, 4, 20], [15, 22, 16, 23], [9, 24, 10, 1], [21, 3, 22, 2], [7, 4, 8, 5], [19, 6, 20, 7], [1, 8, 2, 9], [10, 14, 11, 13], [12, 18, 13, 17]]"
12n_0218_106,"[[12, 18, 13, 17], [23, 14, 24, 15], [16, 12, 17, 11], [5, 18, 6, 19], [3, 21, 4, 20], [15, 22, 16, 23], [9, 24, 10, 1], [21, 3, 22, 2], [7, 4, 8, 5], [19, 6, 20, 7], [1, 8, 2, 9], [10, 14, 11, 13]]"
12n_0218_107,"[[10, 14, 11, 13], [12, 18, 13, 17], [23, 14, 24, 15], [16, 12, 17, 11], [5, 18, 6, 19], [3, 21, 4, 20], [15, 22, 16, 23], [9, 24, 10, 1], [21, 3, 22, 2], [7, 4, 8, 5], [19, 6, 20, 7], [1, 8, 2, 9]]"
12n_0218_108,"[[2, 9, 3, 10], [11, 15, 12, 14], [13, 19, 14, 18], [24, 15, 1, 16], [17, 13, 18, 12], [6, 19, 7, 20], [4, 22, 5, 21], [16, 23, 17, 24], [10, 1, 11, 2], [22, 4, 23, 3], [8, 5, 9, 6], [20, 7, 21, 8]]"
12n_0218_109,"[[20, 7, 21, 8], [2, 9, 3, 10], [11, 15, 12, 14], [13, 19, 14, 18], [24, 15, 1, 16], [17, 13, 18, 12], [6, 19, 7, 20], [4, 22, 5, 21], [16, 23, 17, 24], [10, 1, 11, 2], [22, 4, 23, 3], [8, 5, 9, 6]]"
12n_0218_110,"[[8, 5, 9, 6], [20, 7, 21, 8], [2, 9, 3, 10], [11, 15, 12, 14], [13, 19, 14, 18], [24, 15, 1, 16], [17, 13, 18, 12], [6, 19, 7, 20], [4, 22, 5, 21], [16, 23, 17, 24], [10, 1, 11, 2], [22, 4, 23, 3]]"
12n_0218_111,"[[22, 4, 23, 3], [8, 5, 9, 6], [20, 7, 21, 8], [2, 9, 3, 10], [11, 15, 12, 14], [13, 19, 14, 18], [24, 15, 1, 16], [17, 13, 18, 12], [6, 19, 7, 20], [4, 22, 5, 21], [16, 23, 17, 24], [10, 1, 11, 2]]"
12n_0218_112,"[[10, 1, 11, 2], [22, 4, 23, 3], [8, 5, 9, 6], [20, 7, 21, 8], [2, 9, 3, 10], [11, 15, 12, 14], [13, 19, 14, 18], [24, 15, 1, 16], [17, 13, 18, 12], [6, 19, 7, 20], [4, 22, 5, 21], [16, 23, 17, 24]]"
12n_0218_113,"[[16, 23, 17, 24], [10, 1, 11, 2], [22, 4, 23, 3], [8, 5, 9, 6], [20, 7, 21, 8], [2, 9, 3, 10], [11, 15, 12, 14], [13, 19, 14, 18], [24, 15, 1, 16], [17, 13, 18, 12], [6, 19, 7, 20], [4, 22, 5, 21]]"
12n_0218_114,"[[4, 22, 5, 21], [16, 23, 17, 24], [10, 1, 11, 2], [22, 4, 23, 3], [8, 5, 9, 6], [20, 7, 21, 8], [2, 9, 3, 10], [11, 15, 12, 14], [13, 19, 14, 18], [24, 15, 1, 16], [17, 13, 18, 12], [6, 19, 7, 20]]"
12n_0218_115,"[[6, 19, 7, 20], [4, 22, 5, 21], [16, 23, 17, 24], [10, 1, 11, 2], [22, 4, 23, 3], [8, 5, 9, 6], [20, 7, 21, 8], [2, 9, 3, 10], [11, 15, 12, 14], [13, 19, 14, 18], [24, 15, 1, 16], [17, 13, 18, 12]]"
12n_0218_116,"[[17, 13, 18, 12], [6, 19, 7, 20], [4, 22, 5, 21], [16, 23, 17, 24], [10, 1, 11, 2], [22, 4, 23, 3], [8, 5, 9, 6], [20, 7, 21, 8], [2, 9, 3, 10], [11, 15, 12, 14], [13, 19, 14, 18], [24, 15, 1, 16]]"
12n_0218_117,"[[24, 15, 1, 16], [17, 13, 18, 12], [6, 19, 7, 20], [4, 22, 5, 21], [16, 23, 17, 24], [10, 1, 11, 2], [22, 4, 23, 3], [8, 5, 9, 6], [20, 7, 21, 8], [2, 9, 3, 10], [11, 15, 12, 14], [13, 19, 14, 18]]"
12n_0218_118,"[[13, 19, 14, 18], [24, 15, 1, 16], [17, 13, 18, 12], [6, 19, 7, 20], [4, 22, 5, 21], [16, 23, 17, 24], [10, 1, 11, 2], [22, 4, 23, 3], [8, 5, 9, 6], [20, 7, 21, 8], [2, 9, 3, 10], [11, 15, 12, 14]]"
12n_0218_119,"[[11, 15, 12, 14], [13, 19, 14, 18], [24, 15, 1, 16], [17, 13, 18, 12], [6, 19, 7, 20], [4, 22, 5, 21], [16, 23, 17, 24], [10, 1, 11, 2], [22, 4, 23, 3], [8, 5, 9, 6], [20, 7, 21, 8], [2, 9, 3, 10]]"
12n_0218_120,"[[3, 10, 4, 11], [12, 16, 13, 15], [14, 20, 15, 19], [1, 16, 2, 17], [18, 14, 19, 13], [7, 20, 8, 21], [5, 23, 6, 22], [17, 24, 18, 1], [11, 2, 12, 3], [23, 5, 24, 4], [9, 6, 10, 7], [21, 8, 22, 9]]"
12n_0218_121,"[[21, 8, 22, 9], [3, 10, 4, 11], [12, 16, 13, 15], [14, 20, 15, 19], [1, 16, 2, 17], [18, 14, 19, 13], [7, 20, 8, 21], [5, 23, 6, 22], [17, 24, 18, 1], [11, 2, 12, 3], [23, 5, 24, 4], [9, 6, 10, 7]]"
12n_0218_122,"[[9, 6, 10, 7], [21, 8, 22, 9], [3, 10, 4, 11], [12, 16, 13, 15], [14, 20, 15, 19], [1, 16, 2, 17], [18, 14, 19, 13], [7, 20, 8, 21], [5, 23, 6, 22], [17, 24, 18, 1], [11, 2, 12, 3], [23, 5, 24, 4]]"
12n_0218_123,"[[23, 5, 24, 4], [9, 6, 10, 7], [21, 8, 22, 9], [3, 10, 4, 11], [12, 16, 13, 15], [14, 20, 15, 19], [1, 16, 2, 17], [18, 14, 19, 13], [7, 20, 8, 21], [5, 23, 6, 22], [17, 24, 18, 1], [11, 2, 12, 3]]"
12n_0218_124,"[[11, 2, 12, 3], [23, 5, 24, 4], [9, 6, 10, 7], [21, 8, 22, 9], [3, 10, 4, 11], [12, 16, 13, 15], [14, 20, 15, 19], [1, 16, 2, 17], [18, 14, 19, 13], [7, 20, 8, 21], [5, 23, 6, 22], [17, 24, 18, 1]]"
12n_0218_125,"[[17, 24, 18, 1], [11, 2, 12, 3], [23, 5, 24, 4], [9, 6, 10, 7], [21, 8, 22, 9], [3, 10, 4, 11], [12, 16, 13, 15], [14, 20, 15, 19], [1, 16, 2, 17], [18, 14, 19, 13], [7, 20, 8, 21], [5, 23, 6, 22]]"
12n_0218_126,"[[5, 23, 6, 22], [17, 24, 18, 1], [11, 2, 12, 3], [23, 5, 24, 4], [9, 6, 10, 7], [21, 8, 22, 9], [3, 10, 4, 11], [12, 16, 13, 15], [14, 20, 15, 19], [1, 16, 2, 17], [18, 14, 19, 13], [7, 20, 8, 21]]"
12n_0218_127,"[[7, 20, 8, 21], [5, 23, 6, 22], [17, 24, 18, 1], [11, 2, 12, 3], [23, 5, 24, 4], [9, 6, 10, 7], [21, 8, 22, 9], [3, 10, 4, 11], [12, 16, 13, 15], [14, 20, 15, 19], [1, 16, 2, 17], [18, 14, 19, 13]]"
12n_0218_128,"[[18, 14, 19, 13], [7, 20, 8, 21], [5, 23, 6, 22], [17, 24, 18, 1], [11, 2, 12, 3], [23, 5, 24, 4], [9, 6, 10, 7], [21, 8, 22, 9], [3, 10, 4, 11], [12, 16, 13, 15], [14, 20, 15, 19], [1, 16, 2, 17]]"
12n_0218_129,"[[1, 16, 2, 17], [18, 14, 19, 13], [7, 20, 8, 21], [5, 23, 6, 22], [17, 24, 18, 1], [11, 2, 12, 3], [23, 5, 24, 4], [9, 6, 10, 7], [21, 8, 22, 9], [3, 10, 4, 11], [12, 16, 13, 15], [14, 20, 15, 19]]"
12n_0218_130,"[[14, 20, 15, 19], [1, 16, 2, 17], [18, 14, 19, 13], [7, 20, 8, 21], [5, 23, 6, 22], [17, 24, 18, 1], [11, 2, 12, 3], [23, 5, 24, 4], [9, 6, 10, 7], [21, 8, 22, 9], [3, 10, 4, 11], [12, 16, 13, 15]]"
12n_0218_131,"[[12, 16, 13, 15], [14, 20, 15, 19], [1, 16, 2, 17], [18, 14, 19, 13], [7, 20, 8, 21], [5, 23, 6, 22], [17, 24, 18, 1], [11, 2, 12, 3], [23, 5, 24, 4], [9, 6, 10, 7], [21, 8, 22, 9], [3, 10, 4, 11]]"
12n_0218_132,"[[4, 11, 5, 12], [13, 17, 14, 16], [15, 21, 16, 20], [2, 17, 3, 18], [19, 15, 20, 14], [8, 21, 9, 22], [6, 24, 7, 23], [18, 1, 19, 2], [12, 3, 13, 4], [24, 6, 1, 5], [10, 7, 11, 8], [22, 9, 23, 10]]"
12n_0218_133,"[[22, 9, 23, 10], [4, 11, 5, 12], [13, 17, 14, 16], [15, 21, 16, 20], [2, 17, 3, 18], [19, 15, 20, 14], [8, 21, 9, 22], [6, 24, 7, 23], [18, 1, 19, 2], [12, 3, 13, 4], [24, 6, 1, 5], [10, 7, 11, 8]]"
12n_0218_134,"[[10, 7, 11, 8], [22, 9, 23, 10], [4, 11, 5, 12], [13, 17, 14, 16], [15, 21, 16, 20], [2, 17, 3, 18], [19, 15, 20, 14], [8, 21, 9, 22], [6, 24, 7, 23], [18, 1, 19, 2], [12, 3, 13, 4], [24, 6, 1, 5]]"
12n_0218_135,"[[24, 6, 1, 5], [10, 7, 11, 8], [22, 9, 23, 10], [4, 11, 5, 12], [13, 17, 14, 16], [15, 21, 16, 20], [2, 17, 3, 18], [19, 15, 20, 14], [8, 21, 9, 22], [6, 24, 7, 23], [18, 1, 19, 2], [12, 3, 13, 4]]"
12n_0218_136,"[[12, 3, 13, 4], [24, 6, 1, 5], [10, 7, 11, 8], [22, 9, 23, 10], [4, 11, 5, 12], [13, 17, 14, 16], [15, 21, 16, 20], [2, 17, 3, 18], [19, 15, 20, 14], [8, 21, 9, 22], [6, 24, 7, 23], [18, 1, 19, 2]]"
12n_0218_137,"[[18, 1, 19, 2], [12, 3, 13, 4], [24, 6, 1, 5], [10, 7, 11, 8], [22, 9, 23, 10], [4, 11, 5, 12], [13, 17, 14, 16], [15, 21, 16, 20], [2, 17, 3, 18], [19, 15, 20, 14], [8, 21, 9, 22], [6, 24, 7, 23]]"
12n_0218_138,"[[6, 24, 7, 23], [18, 1, 19, 2], [12, 3, 13, 4], [24, 6, 1, 5], [10, 7, 11, 8], [22, 9, 23, 10], [4, 11, 5, 12], [13, 17, 14, 16], [15, 21, 16, 20], [2, 17, 3, 18], [19, 15, 20, 14], [8, 21, 9, 22]]"
12n_0218_139,"[[8, 21, 9, 22], [6, 24, 7, 23], [18, 1, 19, 2], [12, 3, 13, 4], [24, 6, 1, 5], [10, 7, 11, 8], [22, 9, 23, 10], [4, 11, 5, 12], [13, 17, 14, 16], [15, 21, 16, 20], [2, 17, 3, 18], [19, 15, 20, 14]]"
12n_0218_140,"[[19, 15, 20, 14], [8, 21, 9, 22], [6, 24, 7, 23], [18, 1, 19, 2], [12, 3, 13, 4], [24, 6, 1, 5], [10, 7, 11, 8], [22, 9, 23, 10], [4, 11, 5, 12], [13, 17, 14, 16], [15, 21, 16, 20], [2, 17, 3, 18]]"
12n_0218_141,"[[2, 17, 3, 18], [19, 15, 20, 14], [8, 21, 9, 22], [6, 24, 7, 23], [18, 1, 19, 2], [12, 3, 13, 4], [24, 6, 1, 5], [10, 7, 11, 8], [22, 9, 23, 10], [4, 11, 5, 12], [13, 17, 14, 16], [15, 21, 16, 20]]"
12n_0218_142,"[[15, 21, 16, 20], [2, 17, 3, 18], [19, 15, 20, 14], [8, 21, 9, 22], [6, 24, 7, 23], [18, 1, 19, 2], [12, 3, 13, 4], [24, 6, 1, 5], [10, 7, 11, 8], [22, 9, 23, 10], [4, 11, 5, 12], [13, 17, 14, 16]]"
12n_0218_143,"[[13, 17, 14, 16], [15, 21, 16, 20], [2, 17, 3, 18], [19, 15, 20, 14], [8, 21, 9, 22], [6, 24, 7, 23], [18, 1, 19, 2], [12, 3, 13, 4], [24, 6, 1, 5], [10, 7, 11, 8], [22, 9, 23, 10], [4, 11, 5, 12]]"
12n_0218_144,"[[5, 12, 6, 13], [14, 18, 15, 17], [16, 22, 17, 21], [3, 18, 4, 19], [20, 16, 21, 15], [9, 22, 10, 23], [7, 1, 8, 24], [19, 2, 20, 3], [13, 4, 14, 5], [1, 7, 2, 6], [11, 8, 12, 9], [23, 10, 24, 11]]"
12n_0218_145,"[[23, 10, 24, 11], [5, 12, 6, 13], [14, 18, 15, 17], [16, 22, 17, 21], [3, 18, 4, 19], [20, 16, 21, 15], [9, 22, 10, 23], [7, 1, 8, 24], [19, 2, 20, 3], [13, 4, 14, 5], [1, 7, 2, 6], [11, 8, 12, 9]]"
12n_0218_146,"[[11, 8, 12, 9], [23, 10, 24, 11], [5, 12, 6, 13], [14, 18, 15, 17], [16, 22, 17, 21], [3, 18, 4, 19], [20, 16, 21, 15], [9, 22, 10, 23], [7, 1, 8, 24], [19, 2, 20, 3], [13, 4, 14, 5], [1, 7, 2, 6]]"
12n_0218_147,"[[1, 7, 2, 6], [11, 8, 12, 9], [23, 10, 24, 11], [5, 12, 6, 13], [14, 18, 15, 17], [16, 22, 17, 21], [3, 18, 4, 19], [20, 16, 21, 15], [9, 22, 10, 23], [7, 1, 8, 24], [19, 2, 20, 3], [13, 4, 14, 5]]"
12n_0218_148,"[[13, 4, 14, 5], [1, 7, 2, 6], [11, 8, 12, 9], [23, 10, 24, 11], [5, 12, 6, 13], [14, 18, 15, 17], [16, 22, 17, 21], [3, 18, 4, 19], [20, 16, 21, 15], [9, 22, 10, 23], [7, 1, 8, 24], [19, 2, 20, 3]]"
12n_0218_149,"[[19, 2, 20, 3], [13, 4, 14, 5], [1, 7, 2, 6], [11, 8, 12, 9], [23, 10, 24, 11], [5, 12, 6, 13], [14, 18, 15, 17], [16, 22, 17, 21], [3, 18, 4, 19], [20, 16, 21, 15], [9, 22, 10, 23], [7, 1, 8, 24]]"
12n_0218_150,"[[7, 1, 8, 24], [19, 2, 20, 3], [13, 4, 14, 5], [1, 7, 2, 6], [11, 8, 12, 9], [23, 10, 24, 11], [5, 12, 6, 13], [14, 18, 15, 17], [16, 22, 17, 21], [3, 18, 4, 19], [20, 16, 21, 15], [9, 22, 10, 23]]"
12n_0218_151,"[[9, 22, 10, 23], [7, 1, 8, 24], [19, 2, 20, 3], [13, 4, 14, 5], [1, 7, 2, 6], [11, 8, 12, 9], [23, 10, 24, 11], [5, 12, 6, 13], [14, 18, 15, 17], [16, 22, 17, 21], [3, 18, 4, 19], [20, 16, 21, 15]]"
12n_0218_152,"[[20, 16, 21, 15], [9, 22, 10, 23], [7, 1, 8, 24], [19, 2, 20, 3], [13, 4, 14, 5], [1, 7, 2, 6], [11, 8, 12, 9], [23, 10, 24, 11], [5, 12, 6, 13], [14, 18, 15, 17], [16, 22, 17, 21], [3, 18, 4, 19]]"
12n_0218_153,"[[3, 18, 4, 19], [20, 16, 21, 15], [9, 22, 10, 23], [7, 1, 8, 24], [19, 2, 20, 3], [13, 4, 14, 5], [1, 7, 2, 6], [11, 8, 12, 9], [23, 10, 24, 11], [5, 12, 6, 13], [14, 18, 15, 17], [16, 22, 17, 21]]"
12n_0218_154,"[[16, 22, 17, 21], [3, 18, 4, 19], [20, 16, 21, 15], [9, 22, 10, 23], [7, 1, 8, 24], [19, 2, 20, 3], [13, 4, 14, 5], [1, 7, 2, 6], [11, 8, 12, 9], [23, 10, 24, 11], [5, 12, 6, 13], [14, 18, 15, 17]]"
12n_0218_155,"[[14, 18, 15, 17], [16, 22, 17, 21], [3, 18, 4, 19], [20, 16, 21, 15], [9, 22, 10, 23], [7, 1, 8, 24], [19, 2, 20, 3], [13, 4, 14, 5], [1, 7, 2, 6], [11, 8, 12, 9], [23, 10, 24, 11], [5, 12, 6, 13]]"
12n_0218_156,"[[6, 13, 7, 14], [15, 19, 16, 18], [17, 23, 18, 22], [4, 19, 5, 20], [21, 17, 22, 16], [10, 23, 11, 24], [8, 2, 9, 1], [20, 3, 21, 4], [14, 5, 15, 6], [2, 8, 3, 7], [12, 9, 13, 10], [24, 11, 1, 12]]"
12n_0218_157,"[[24, 11, 1, 12], [6, 13, 7, 14], [15, 19, 16, 18], [17, 23, 18, 22], [4, 19, 5, 20], [21, 17, 22, 16], [10, 23, 11, 24], [8, 2, 9, 1], [20, 3, 21, 4], [14, 5, 15, 6], [2, 8, 3, 7], [12, 9, 13, 10]]"
12n_0218_158,"[[12, 9, 13, 10], [24, 11, 1, 12], [6, 13, 7, 14], [15, 19, 16, 18], [17, 23, 18, 22], [4, 19, 5, 20], [21, 17, 22, 16], [10, 23, 11, 24], [8, 2, 9, 1], [20, 3, 21, 4], [14, 5, 15, 6], [2, 8, 3, 7]]"
12n_0218_159,"[[2, 8, 3, 7], [12, 9, 13, 10], [24, 11, 1, 12], [6, 13, 7, 14], [15, 19, 16, 18], [17, 23, 18, 22], [4, 19, 5, 20], [21, 17, 22, 16], [10, 23, 11, 24], [8, 2, 9, 1], [20, 3, 21, 4], [14, 5, 15, 6]]"
12n_0218_160,"[[14, 5, 15, 6], [2, 8, 3, 7], [12, 9, 13, 10], [24, 11, 1, 12], [6, 13, 7, 14], [15, 19, 16, 18], [17, 23, 18, 22], [4, 19, 5, 20], [21, 17, 22, 16], [10, 23, 11, 24], [8, 2, 9, 1], [20, 3, 21, 4]]"
12n_0218_161,"[[20, 3, 21, 4], [14, 5, 15, 6], [2, 8, 3, 7], [12, 9, 13, 10], [24, 11, 1, 12], [6, 13, 7, 14], [15, 19, 16, 18], [17, 23, 18, 22], [4, 19, 5, 20], [21, 17, 22, 16], [10, 23, 11, 24], [8, 2, 9, 1]]"
12n_0218_162,"[[8, 2, 9, 1], [20, 3, 21, 4], [14, 5, 15, 6], [2, 8, 3, 7], [12, 9, 13, 10], [24, 11, 1, 12], [6, 13, 7, 14], [15, 19, 16, 18], [17, 23, 18, 22], [4, 19, 5, 20], [21, 17, 22, 16], [10, 23, 11, 24]]"
12n_0218_163,"[[10, 23, 11, 24], [8, 2, 9, 1], [20, 3, 21, 4], [14, 5, 15, 6], [2, 8, 3, 7], [12, 9, 13, 10], [24, 11, 1, 12], [6, 13, 7, 14], [15, 19, 16, 18], [17, 23, 18, 22], [4, 19, 5, 20], [21, 17, 22, 16]]"
12n_0218_164,"[[21, 17, 22, 16], [10, 23, 11, 24], [8, 2, 9, 1], [20, 3, 21, 4], [14, 5, 15, 6], [2, 8, 3, 7], [12, 9, 13, 10], [24, 11, 1, 12], [6, 13, 7, 14], [15, 19, 16, 18], [17, 23, 18, 22], [4, 19, 5, 20]]"
12n_0218_165,"[[4, 19, 5, 20], [21, 17, 22, 16], [10, 23, 11, 24], [8, 2, 9, 1], [20, 3, 21, 4], [14, 5, 15, 6], [2, 8, 3, 7], [12, 9, 13, 10], [24, 11, 1, 12], [6, 13, 7, 14], [15, 19, 16, 18], [17, 23, 18, 22]]"
12n_0218_166,"[[17, 23, 18, 22], [4, 19, 5, 20], [21, 17, 22, 16], [10, 23, 11, 24], [8, 2, 9, 1], [20, 3, 21, 4], [14, 5, 15, 6], [2, 8, 3, 7], [12, 9, 13, 10], [24, 11, 1, 12], [6, 13, 7, 14], [15, 19, 16, 18]]"
12n_0218_167,"[[15, 19, 16, 18], [17, 23, 18, 22], [4, 19, 5, 20], [21, 17, 22, 16], [10, 23, 11, 24], [8, 2, 9, 1], [20, 3, 21, 4], [14, 5, 15, 6], [2, 8, 3, 7], [12, 9, 13, 10], [24, 11, 1, 12], [6, 13, 7, 14]]"
12n_0218_168,"[[7, 14, 8, 15], [16, 20, 17, 19], [18, 24, 19, 23], [5, 20, 6, 21], [22, 18, 23, 17], [11, 24, 12, 1], [9, 3, 10, 2], [21, 4, 22, 5], [15, 6, 16, 7], [3, 9, 4, 8], [13, 10, 14, 11], [1, 12, 2, 13]]"
12n_0218_169,"[[1, 12, 2, 13], [7, 14, 8, 15], [16, 20, 17, 19], [18, 24, 19, 23], [5, 20, 6, 21], [22, 18, 23, 17], [11, 24, 12, 1], [9, 3, 10, 2], [21, 4, 22, 5], [15, 6, 16, 7], [3, 9, 4, 8], [13, 10, 14, 11]]"
12n_0218_170,"[[13, 10, 14, 11], [1, 12, 2, 13], [7, 14, 8, 15], [16, 20, 17, 19], [18, 24, 19, 23], [5, 20, 6, 21], [22, 18, 23, 17], [11, 24, 12, 1], [9, 3, 10, 2], [21, 4, 22, 5], [15, 6, 16, 7], [3, 9, 4, 8]]"
12n_0218_171,"[[3, 9, 4, 8], [13, 10, 14, 11], [1, 12, 2, 13], [7, 14, 8, 15], [16, 20, 17, 19], [18, 24, 19, 23], [5, 20, 6, 21], [22, 18, 23, 17], [11, 24, 12, 1], [9, 3, 10, 2], [21, 4, 22, 5], [15, 6, 16, 7]]"
12n_0218_172,"[[15, 6, 16, 7], [3, 9, 4, 8], [13, 10, 14, 11], [1, 12, 2, 13], [7, 14, 8, 15], [16, 20, 17, 19], [18, 24, 19, 23], [5, 20, 6, 21], [22, 18, 23, 17], [11, 24, 12, 1], [9, 3, 10, 2], [21, 4, 22, 5]]"
12n_0218_173,"[[21, 4, 22, 5], [15, 6, 16, 7], [3, 9, 4, 8], [13, 10, 14, 11], [1, 12, 2, 13], [7, 14, 8, 15], [16, 20, 17, 19], [18, 24, 19, 23], [5, 20, 6, 21], [22, 18, 23, 17], [11, 24, 12, 1], [9, 3, 10, 2]]"
12n_0218_174,"[[9, 3, 10, 2], [21, 4, 22, 5], [15, 6, 16, 7], [3, 9, 4, 8], [13, 10, 14, 11], [1, 12, 2, 13], [7, 14, 8, 15], [16, 20, 17, 19], [18, 24, 19, 23], [5, 20, 6, 21], [22, 18, 23, 17], [11, 24, 12, 1]]"
12n_0218_175,"[[11, 24, 12, 1], [9, 3, 10, 2], [21, 4, 22, 5], [15, 6, 16, 7], [3, 9, 4, 8], [13, 10, 14, 11], [1, 12, 2, 13], [7, 14, 8, 15], [16, 20, 17, 19], [18, 24, 19, 23], [5, 20, 6, 21], [22, 18, 23, 17]]"
12n_0218_176,"[[22, 18, 23, 17], [11, 24, 12, 1], [9, 3, 10, 2], [21, 4, 22, 5], [15, 6, 16, 7], [3, 9, 4, 8], [13, 10, 14, 11], [1, 12, 2, 13], [7, 14, 8, 15], [16, 20, 17, 19], [18, 24, 19, 23], [5, 20, 6, 21]]"
12n_0218_177,"[[5, 20, 6, 21], [22, 18, 23, 17], [11, 24, 12, 1], [9, 3, 10, 2], [21, 4, 22, 5], [15, 6, 16, 7], [3, 9, 4, 8], [13, 10, 14, 11], [1, 12, 2, 13], [7, 14, 8, 15], [16, 20, 17, 19], [18, 24, 19, 23]]"
12n_0218_178,"[[18, 24, 19, 23], [5, 20, 6, 21], [22, 18, 23, 17], [11, 24, 12, 1], [9, 3, 10, 2], [21, 4, 22, 5], [15, 6, 16, 7], [3, 9, 4, 8], [13, 10, 14, 11], [1, 12, 2, 13], [7, 14, 8, 15], [16, 20, 17, 19]]"
12n_0218_179,"[[16, 20, 17, 19], [18, 24, 19, 23], [5, 20, 6, 21], [22, 18, 23, 17], [11, 24, 12, 1], [9, 3, 10, 2], [21, 4, 22, 5], [15, 6, 16, 7], [3, 9, 4, 8], [13, 10, 14, 11], [1, 12, 2, 13], [7, 14, 8, 15]]"
12n_0218_180,"[[8, 15, 9, 16], [17, 21, 18, 20], [19, 1, 20, 24], [6, 21, 7, 22], [23, 19, 24, 18], [12, 1, 13, 2], [10, 4, 11, 3], [22, 5, 23, 6], [16, 7, 17, 8], [4, 10, 5, 9], [14, 11, 15, 12], [2, 13, 3, 14]]"
12n_0218_181,"[[2, 13, 3, 14], [8, 15, 9, 16], [17, 21, 18, 20], [19, 1, 20, 24], [6, 21, 7, 22], [23, 19, 24, 18], [12, 1, 13, 2], [10, 4, 11, 3], [22, 5, 23, 6], [16, 7, 17, 8], [4, 10, 5, 9], [14, 11, 15, 12]]"
12n_0218_182,"[[14, 11, 15, 12], [2, 13, 3, 14], [8, 15, 9, 16], [17, 21, 18, 20], [19, 1, 20, 24], [6, 21, 7, 22], [23, 19, 24, 18], [12, 1, 13, 2], [10, 4, 11, 3], [22, 5, 23, 6], [16, 7, 17, 8], [4, 10, 5, 9]]"
12n_0218_183,"[[4, 10, 5, 9], [14, 11, 15, 12], [2, 13, 3, 14], [8, 15, 9, 16], [17, 21, 18, 20], [19, 1, 20, 24], [6, 21, 7, 22], [23, 19, 24, 18], [12, 1, 13, 2], [10, 4, 11, 3], [22, 5, 23, 6], [16, 7, 17, 8]]"
12n_0218_184,"[[16, 7, 17, 8], [4, 10, 5, 9], [14, 11, 15, 12], [2, 13, 3, 14], [8, 15, 9, 16], [17, 21, 18, 20], [19, 1, 20, 24], [6, 21, 7, 22], [23, 19, 24, 18], [12, 1, 13, 2], [10, 4, 11, 3], [22, 5, 23, 6]]"
12n_0218_185,"[[22, 5, 23, 6], [16, 7, 17, 8], [4, 10, 5, 9], [14, 11, 15, 12], [2, 13, 3, 14], [8, 15, 9, 16], [17, 21, 18, 20], [19, 1, 20, 24], [6, 21, 7, 22], [23, 19, 24, 18], [12, 1, 13, 2], [10, 4, 11, 3]]"
