name,pd_notation
12n_0662_0,"[[9, 24, 10, 1], [2, 6, 3, 5], [4, 16, 5, 15], [19, 7, 20, 6], [1, 8, 2, 9], [23, 10, 24, 11], [21, 13, 22, 12], [14, 4, 15, 3], [11, 16, 12, 17], [7, 19, 8, 18], [13, 21, 14, 20], [17, 22, 18, 23]]"
12n_0662_1,"[[17, 22, 18, 23], [9, 24, 10, 1], [2, 6, 3, 5], [4, 16, 5, 15], [19, 7, 20, 6], [1, 8, 2, 9], [23, 10, 24, 11], [21, 13, 22, 12], [14, 4, 15, 3], [11, 16, 12, 17], [7, 19, 8, 18], [13, 21, 14, 20]]"
12n_0662_2,"[[13, 21, 14, 20], [17, 22, 18, 23], [9, 24, 10, 1], [2, 6, 3, 5], [4, 16, 5, 15], [19, 7, 20, 6], [1, 8, 2, 9], [23, 10, 24, 11], [21, 13, 22, 12], [14, 4, 15, 3], [11, 16, 12, 17], [7, 19, 8, 18]]"
12n_0662_3,"[[7, 19, 8, 18], [13, 21, 14, 20], [17, 22, 18, 23], [9, 24, 10, 1], [2, 6, 3, 5], [4, 16, 5, 15], [19, 7, 20, 6], [1, 8, 2, 9], [23, 10, 24, 11], [21, 13, 22, 12], [14, 4, 15, 3], [11, 16, 12, 17]]"
12n_0662_4,"[[11, 16, 12, 17], [7, 19, 8, 18], [13, 21, 14, 20], [17, 22, 18, 23], [9, 24, 10, 1], [2, 6, 3, 5], [4, 16, 5, 15], [19, 7, 20, 6], [1, 8, 2, 9], [23, 10, 24, 11], [21, 13, 22, 12], [14, 4, 15, 3]]"
12n_0662_5,"[[14, 4, 15, 3], [11, 16, 12, 17], [7, 19, 8, 18], [13, 21, 14, 20], [17, 22, 18, 23], [9, 24, 10, 1], [2, 6, 3, 5], [4, 16, 5, 15], [19, 7, 20, 6], [1, 8, 2, 9], [23, 10, 24, 11], [21, 13, 22, 12]]"
12n_0662_6,"[[21, 13, 22, 12], [14, 4, 15, 3], [11, 16, 12, 17], [7, 19, 8, 18], [13, 21, 14, 20], [17, 22, 18, 23], [9, 24, 10, 1], [2, 6, 3, 5], [4, 16, 5, 15], [19, 7, 20, 6], [1, 8, 2, 9], [23, 10, 24, 11]]"
12n_0662_7,"[[23, 10, 24, 11], [21, 13, 22, 12], [14, 4, 15, 3], [11, 16, 12, 17], [7, 19, 8, 18], [13, 21, 14, 20], [17, 22, 18, 23], [9, 24, 10, 1], [2, 6, 3, 5], [4, 16, 5, 15], [19, 7, 20, 6], [1, 8, 2, 9]]"
12n_0662_8,"[[1, 8, 2, 9], [23, 10, 24, 11], [21, 13, 22, 12], [14, 4, 15, 3], [11, 16, 12, 17], [7, 19, 8, 18], [13, 21, 14, 20], [17, 22, 18, 23], [9, 24, 10, 1], [2, 6, 3, 5], [4, 16, 5, 15], [19, 7, 20, 6]]"
12n_0662_9,"[[19, 7, 20, 6], [1, 8, 2, 9], [23, 10, 24, 11], [21, 13, 22, 12], [14, 4, 15, 3], [11, 16, 12, 17], [7, 19, 8, 18], [13, 21, 14, 20], [17, 22, 18, 23], [9, 24, 10, 1], [2, 6, 3, 5], [4, 16, 5, 15]]"
12n_0662_10,"[[4, 16, 5, 15], [19, 7, 20, 6], [1, 8, 2, 9], [23, 10, 24, 11], [21, 13, 22, 12], [14, 4, 15, 3], [11, 16, 12, 17], [7, 19, 8, 18], [13, 21, 14, 20], [17, 22, 18, 23], [9, 24, 10, 1], [2, 6, 3, 5]]"
12n_0662_11,"[[2, 6, 3, 5], [4, 16, 5, 15], [19, 7, 20, 6], [1, 8, 2, 9], [23, 10, 24, 11], [21, 13, 22, 12], [14, 4, 15, 3], [11, 16, 12, 17], [7, 19, 8, 18], [13, 21, 14, 20], [17, 22, 18, 23], [9, 24, 10, 1]]"
12n_0662_12,"[[10, 1, 11, 2], [3, 7, 4, 6], [5, 17, 6, 16], [20, 8, 21, 7], [2, 9, 3, 10], [24, 11, 1, 12], [22, 14, 23, 13], [15, 5, 16, 4], [12, 17, 13, 18], [8, 20, 9, 19], [14, 22, 15, 21], [18, 23, 19, 24]]"
12n_0662_13,"[[18, 23, 19, 24], [10, 1, 11, 2], [3, 7, 4, 6], [5, 17, 6, 16], [20, 8, 21, 7], [2, 9, 3, 10], [24, 11, 1, 12], [22, 14, 23, 13], [15, 5, 16, 4], [12, 17, 13, 18], [8, 20, 9, 19], [14, 22, 15, 21]]"
12n_0662_14,"[[14, 22, 15, 21], [18, 23, 19, 24], [10, 1, 11, 2], [3, 7, 4, 6], [5, 17, 6, 16], [20, 8, 21, 7], [2, 9, 3, 10], [24, 11, 1, 12], [22, 14, 23, 13], [15, 5, 16, 4], [12, 17, 13, 18], [8, 20, 9, 19]]"
12n_0662_15,"[[8, 20, 9, 19], [14, 22, 15, 21], [18, 23, 19, 24], [10, 1, 11, 2], [3, 7, 4, 6], [5, 17, 6, 16], [20, 8, 21, 7], [2, 9, 3, 10], [24, 11, 1, 12], [22, 14, 23, 13], [15, 5, 16, 4], [12, 17, 13, 18]]"
12n_0662_16,"[[12, 17, 13, 18], [8, 20, 9, 19], [14, 22, 15, 21], [18, 23, 19, 24], [10, 1, 11, 2], [3, 7, 4, 6], [5, 17, 6, 16], [20, 8, 21, 7], [2, 9, 3, 10], [24, 11, 1, 12], [22, 14, 23, 13], [15, 5, 16, 4]]"
12n_0662_17,"[[15, 5, 16, 4], [12, 17, 13, 18], [8, 20, 9, 19], [14, 22, 15, 21], [18, 23, 19, 24], [10, 1, 11, 2], [3, 7, 4, 6], [5, 17, 6, 16], [20, 8, 21, 7], [2, 9, 3, 10], [24, 11, 1, 12], [22, 14, 23, 13]]"
12n_0662_18,"[[22, 14, 23, 13], [15, 5, 16, 4], [12, 17, 13, 18], [8, 20, 9, 19], [14, 22, 15, 21], [18, 23, 19, 24], [10, 1, 11, 2], [3, 7, 4, 6], [5, 17, 6, 16], [20, 8, 21, 7], [2, 9, 3, 10], [24, 11, 1, 12]]"
12n_0662_19,"[[24, 11, 1, 12], [22, 14, 23, 13], [15, 5, 16, 4], [12, 17, 13, 18], [8, 20, 9, 19], [14, 22, 15, 21], [18, 23, 19, 24], [10, 1, 11, 2], [3, 7, 4, 6], [5, 17, 6, 16], [20, 8, 21, 7], [2, 9, 3, 10]]"
12n_0662_20,"[[2, 9, 3, 10], [24, 11, 1, 12], [22, 14, 23, 13], [15, 5, 16, 4], [12, 17, 13, 18], [8, 20, 9, 19], [14, 22, 15, 21], [18, 23, 19, 24], [10, 1, 11, 2], [3, 7, 4, 6], [5, 17, 6, 16], [20, 8, 21, 7]]"
12n_0662_21,"[[20, 8, 21, 7], [2, 9, 3, 10], [24, 11, 1, 12], [22, 14, 23, 13], [15, 5, 16, 4], [12, 17, 13, 18], [8, 20, 9, 19], [14, 22, 15, 21], [18, 23, 19, 24], [10, 1, 11, 2], [3, 7, 4, 6], [5, 17, 6, 16]]"
12n_0662_22,"[[5, 17, 6, 16], [20, 8, 21, 7], [2, 9, 3, 10], [24, 11, 1, 12], [22, 14, 23, 13], [15, 5, 16, 4], [12, 17, 13, 18], [8, 20, 9, 19], [14, 22, 15, 21], [18, 23, 19, 24], [10, 1, 11, 2], [3, 7, 4, 6]]"
12n_0662_23,"[[3, 7, 4, 6], [5, 17, 6, 16], [20, 8, 21, 7], [2, 9, 3, 10], [24, 11, 1, 12], [22, 14, 23, 13], [15, 5, 16, 4], [12, 17, 13, 18], [8, 20, 9, 19], [14, 22, 15, 21], [18, 23, 19, 24], [10, 1, 11, 2]]"
12n_0662_24,"[[11, 2, 12, 3], [4, 8, 5, 7], [6, 18, 7, 17], [21, 9, 22, 8], [3, 10, 4, 11], [1, 12, 2, 13], [23, 15, 24, 14], [16, 6, 17, 5], [13, 18, 14, 19], [9, 21, 10, 20], [15, 23, 16, 22], [19, 24, 20, 1]]"
12n_0662_25,"[[19, 24, 20, 1], [11, 2, 12, 3], [4, 8, 5, 7], [6, 18, 7, 17], [21, 9, 22, 8], [3, 10, 4, 11], [1, 12, 2, 13], [23, 15, 24, 14], [16, 6, 17, 5], [13, 18, 14, 19], [9, 21, 10, 20], [15, 23, 16, 22]]"
12n_0662_26,"[[15, 23, 16, 22], [19, 24, 20, 1], [11, 2, 12, 3], [4, 8, 5, 7], [6, 18, 7, 17], [21, 9, 22, 8], [3, 10, 4, 11], [1, 12, 2, 13], [23, 15, 24, 14], [16, 6, 17, 5], [13, 18, 14, 19], [9, 21, 10, 20]]"
12n_0662_27,"[[9, 21, 10, 20], [15, 23, 16, 22], [19, 24, 20, 1], [11, 2, 12, 3], [4, 8, 5, 7], [6, 18, 7, 17], [21, 9, 22, 8], [3, 10, 4, 11], [1, 12, 2, 13], [23, 15, 24, 14], [16, 6, 17, 5], [13, 18, 14, 19]]"
12n_0662_28,"[[13, 18, 14, 19], [9, 21, 10, 20], [15, 23, 16, 22], [19, 24, 20, 1], [11, 2, 12, 3], [4, 8, 5, 7], [6, 18, 7, 17], [21, 9, 22, 8], [3, 10, 4, 11], [1, 12, 2, 13], [23, 15, 24, 14], [16, 6, 17, 5]]"
12n_0662_29,"[[16, 6, 17, 5], [13, 18, 14, 19], [9, 21, 10, 20], [15, 23, 16, 22], [19, 24, 20, 1], [11, 2, 12, 3], [4, 8, 5, 7], [6, 18, 7, 17], [21, 9, 22, 8], [3, 10, 4, 11], [1, 12, 2, 13], [23, 15, 24, 14]]"
12n_0662_30,"[[23, 15, 24, 14], [16, 6, 17, 5], [13, 18, 14, 19], [9, 21, 10, 20], [15, 23, 16, 22], [19, 24, 20, 1], [11, 2, 12, 3], [4, 8, 5, 7], [6, 18, 7, 17], [21, 9, 22, 8], [3, 10, 4, 11], [1, 12, 2, 13]]"
12n_0662_31,"[[1, 12, 2, 13], [23, 15, 24, 14], [16, 6, 17, 5], [13, 18, 14, 19], [9, 21, 10, 20], [15, 23, 16, 22], [19, 24, 20, 1], [11, 2, 12, 3], [4, 8, 5, 7], [6, 18, 7, 17], [21, 9, 22, 8], [3, 10, 4, 11]]"
12n_0662_32,"[[3, 10, 4, 11], [1, 12, 2, 13], [23, 15, 24, 14], [16, 6, 17, 5], [13, 18, 14, 19], [9, 21, 10, 20], [15, 23, 16, 22], [19, 24, 20, 1], [11, 2, 12, 3], [4, 8, 5, 7], [6, 18, 7, 17], [21, 9, 22, 8]]"
12n_0662_33,"[[21, 9, 22, 8], [3, 10, 4, 11], [1, 12, 2, 13], [23, 15, 24, 14], [16, 6, 17, 5], [13, 18, 14, 19], [9, 21, 10, 20], [15, 23, 16, 22], [19, 24, 20, 1], [11, 2, 12, 3], [4, 8, 5, 7], [6, 18, 7, 17]]"
12n_0662_34,"[[6, 18, 7, 17], [21, 9, 22, 8], [3, 10, 4, 11], [1, 12, 2, 13], [23, 15, 24, 14], [16, 6, 17, 5], [13, 18, 14, 19], [9, 21, 10, 20], [15, 23, 16, 22], [19, 24, 20, 1], [11, 2, 12, 3], [4, 8, 5, 7]]"
12n_0662_35,"[[4, 8, 5, 7], [6, 18, 7, 17], [21, 9, 22, 8], [3, 10, 4, 11], [1, 12, 2, 13], [23, 15, 24, 14], [16, 6, 17, 5], [13, 18, 14, 19], [9, 21, 10, 20], [15, 23, 16, 22], [19, 24, 20, 1], [11, 2, 12, 3]]"
12n_0662_36,"[[12, 3, 13, 4], [5, 9, 6, 8], [7, 19, 8, 18], [22, 10, 23, 9], [4, 11, 5, 12], [2, 13, 3, 14], [24, 16, 1, 15], [17, 7, 18, 6], [14, 19, 15, 20], [10, 22, 11, 21], [16, 24, 17, 23], [20, 1, 21, 2]]"
12n_0662_37,"[[20, 1, 21, 2], [12, 3, 13, 4], [5, 9, 6, 8], [7, 19, 8, 18], [22, 10, 23, 9], [4, 11, 5, 12], [2, 13, 3, 14], [24, 16, 1, 15], [17, 7, 18, 6], [14, 19, 15, 20], [10, 22, 11, 21], [16, 24, 17, 23]]"
12n_0662_38,"[[16, 24, 17, 23], [20, 1, 21, 2], [12, 3, 13, 4], [5, 9, 6, 8], [7, 19, 8, 18], [22, 10, 23, 9], [4, 11, 5, 12], [2, 13, 3, 14], [24, 16, 1, 15], [17, 7, 18, 6], [14, 19, 15, 20], [10, 22, 11, 21]]"
12n_0662_39,"[[10, 22, 11, 21], [16, 24, 17, 23], [20, 1, 21, 2], [12, 3, 13, 4], [5, 9, 6, 8], [7, 19, 8, 18], [22, 10, 23, 9], [4, 11, 5, 12], [2, 13, 3, 14], [24, 16, 1, 15], [17, 7, 18, 6], [14, 19, 15, 20]]"
12n_0662_40,"[[14, 19, 15, 20], [10, 22, 11, 21], [16, 24, 17, 23], [20, 1, 21, 2], [12, 3, 13, 4], [5, 9, 6, 8], [7, 19, 8, 18], [22, 10, 23, 9], [4, 11, 5, 12], [2, 13, 3, 14], [24, 16, 1, 15], [17, 7, 18, 6]]"
12n_0662_41,"[[17, 7, 18, 6], [14, 19, 15, 20], [10, 22, 11, 21], [16, 24, 17, 23], [20, 1, 21, 2], [12, 3, 13, 4], [5, 9, 6, 8], [7, 19, 8, 18], [22, 10, 23, 9], [4, 11, 5, 12], [2, 13, 3, 14], [24, 16, 1, 15]]"
12n_0662_42,"[[24, 16, 1, 15], [17, 7, 18, 6], [14, 19, 15, 20], [10, 22, 11, 21], [16, 24, 17, 23], [20, 1, 21, 2], [12, 3, 13, 4], [5, 9, 6, 8], [7, 19, 8, 18], [22, 10, 23, 9], [4, 11, 5, 12], [2, 13, 3, 14]]"
12n_0662_43,"[[2, 13, 3, 14], [24, 16, 1, 15], [17, 7, 18, 6], [14, 19, 15, 20], [10, 22, 11, 21], [16, 24, 17, 23], [20, 1, 21, 2], [12, 3, 13, 4], [5, 9, 6, 8], [7, 19, 8, 18], [22, 10, 23, 9], [4, 11, 5, 12]]"
12n_0662_44,"[[4, 11, 5, 12], [2, 13, 3, 14], [24, 16, 1, 15], [17, 7, 18, 6], [14, 19, 15, 20], [10, 22, 11, 21], [16, 24, 17, 23], [20, 1, 21, 2], [12, 3, 13, 4], [5, 9, 6, 8], [7, 19, 8, 18], [22, 10, 23, 9]]"
12n_0662_45,"[[22, 10, 23, 9], [4, 11, 5, 12], [2, 13, 3, 14], [24, 16, 1, 15], [17, 7, 18, 6], [14, 19, 15, 20], [10, 22, 11, 21], [16, 24, 17, 23], [20, 1, 21, 2], [12, 3, 13, 4], [5, 9, 6, 8], [7, 19, 8, 18]]"
12n_0662_46,"[[7, 19, 8, 18], [22, 10, 23, 9], [4, 11, 5, 12], [2, 13, 3, 14], [24, 16, 1, 15], [17, 7, 18, 6], [14, 19, 15, 20], [10, 22, 11, 21], [16, 24, 17, 23], [20, 1, 21, 2], [12, 3, 13, 4], [5, 9, 6, 8]]"
12n_0662_47,"[[5, 9, 6, 8], [7, 19, 8, 18], [22, 10, 23, 9], [4, 11, 5, 12], [2, 13, 3, 14], [24, 16, 1, 15], [17, 7, 18, 6], [14, 19, 15, 20], [10, 22, 11, 21], [16, 24, 17, 23], [20, 1, 21, 2], [12, 3, 13, 4]]"
12n_0662_48,"[[13, 4, 14, 5], [6, 10, 7, 9], [8, 20, 9, 19], [23, 11, 24, 10], [5, 12, 6, 13], [3, 14, 4, 15], [1, 17, 2, 16], [18, 8, 19, 7], [15, 20, 16, 21], [11, 23, 12, 22], [17, 1, 18, 24], [21, 2, 22, 3]]"
12n_0662_49,"[[21, 2, 22, 3], [13, 4, 14, 5], [6, 10, 7, 9], [8, 20, 9, 19], [23, 11, 24, 10], [5, 12, 6, 13], [3, 14, 4, 15], [1, 17, 2, 16], [18, 8, 19, 7], [15, 20, 16, 21], [11, 23, 12, 22], [17, 1, 18, 24]]"
12n_0662_50,"[[17, 1, 18, 24], [21, 2, 22, 3], [13, 4, 14, 5], [6, 10, 7, 9], [8, 20, 9, 19], [23, 11, 24, 10], [5, 12, 6, 13], [3, 14, 4, 15], [1, 17, 2, 16], [18, 8, 19, 7], [15, 20, 16, 21], [11, 23, 12, 22]]"
12n_0662_51,"[[11, 23, 12, 22], [17, 1, 18, 24], [21, 2, 22, 3], [13, 4, 14, 5], [6, 10, 7, 9], [8, 20, 9, 19], [23, 11, 24, 10], [5, 12, 6, 13], [3, 14, 4, 15], [1, 17, 2, 16], [18, 8, 19, 7], [15, 20, 16, 21]]"
12n_0662_52,"[[15, 20, 16, 21], [11, 23, 12, 22], [17, 1, 18, 24], [21, 2, 22, 3], [13, 4, 14, 5], [6, 10, 7, 9], [8, 20, 9, 19], [23, 11, 24, 10], [5, 12, 6, 13], [3, 14, 4, 15], [1, 17, 2, 16], [18, 8, 19, 7]]"
12n_0662_53,"[[18, 8, 19, 7], [15, 20, 16, 21], [11, 23, 12, 22], [17, 1, 18, 24], [21, 2, 22, 3], [13, 4, 14, 5], [6, 10, 7, 9], [8, 20, 9, 19], [23, 11, 24, 10], [5, 12, 6, 13], [3, 14, 4, 15], [1, 17, 2, 16]]"
12n_0662_54,"[[1, 17, 2, 16], [18, 8, 19, 7], [15, 20, 16, 21], [11, 23, 12, 22], [17, 1, 18, 24], [21, 2, 22, 3], [13, 4, 14, 5], [6, 10, 7, 9], [8, 20, 9, 19], [23, 11, 24, 10], [5, 12, 6, 13], [3, 14, 4, 15]]"
12n_0662_55,"[[3, 14, 4, 15], [1, 17, 2, 16], [18, 8, 19, 7], [15, 20, 16, 21], [11, 23, 12, 22], [17, 1, 18, 24], [21, 2, 22, 3], [13, 4, 14, 5], [6, 10, 7, 9], [8, 20, 9, 19], [23, 11, 24, 10], [5, 12, 6, 13]]"
12n_0662_56,"[[5, 12, 6, 13], [3, 14, 4, 15], [1, 17, 2, 16], [18, 8, 19, 7], [15, 20, 16, 21], [11, 23, 12, 22], [17, 1, 18, 24], [21, 2, 22, 3], [13, 4, 14, 5], [6, 10, 7, 9], [8, 20, 9, 19], [23, 11, 24, 10]]"
12n_0662_57,"[[23, 11, 24, 10], [5, 12, 6, 13], [3, 14, 4, 15], [1, 17, 2, 16], [18, 8, 19, 7], [15, 20, 16, 21], [11, 23, 12, 22], [17, 1, 18, 24], [21, 2, 22, 3], [13, 4, 14, 5], [6, 10, 7, 9], [8, 20, 9, 19]]"
12n_0662_58,"[[8, 20, 9, 19], [23, 11, 24, 10], [5, 12, 6, 13], [3, 14, 4, 15], [1, 17, 2, 16], [18, 8, 19, 7], [15, 20, 16, 21], [11, 23, 12, 22], [17, 1, 18, 24], [21, 2, 22, 3], [13, 4, 14, 5], [6, 10, 7, 9]]"
12n_0662_59,"[[6, 10, 7, 9], [8, 20, 9, 19], [23, 11, 24, 10], [5, 12, 6, 13], [3, 14, 4, 15], [1, 17, 2, 16], [18, 8, 19, 7], [15, 20, 16, 21], [11, 23, 12, 22], [17, 1, 18, 24], [21, 2, 22, 3], [13, 4, 14, 5]]"
12n_0662_60,"[[14, 5, 15, 6], [7, 11, 8, 10], [9, 21, 10, 20], [24, 12, 1, 11], [6, 13, 7, 14], [4, 15, 5, 16], [2, 18, 3, 17], [19, 9, 20, 8], [16, 21, 17, 22], [12, 24, 13, 23], [18, 2, 19, 1], [22, 3, 23, 4]]"
12n_0662_61,"[[22, 3, 23, 4], [14, 5, 15, 6], [7, 11, 8, 10], [9, 21, 10, 20], [24, 12, 1, 11], [6, 13, 7, 14], [4, 15, 5, 16], [2, 18, 3, 17], [19, 9, 20, 8], [16, 21, 17, 22], [12, 24, 13, 23], [18, 2, 19, 1]]"
12n_0662_62,"[[18, 2, 19, 1], [22, 3, 23, 4], [14, 5, 15, 6], [7, 11, 8, 10], [9, 21, 10, 20], [24, 12, 1, 11], [6, 13, 7, 14], [4, 15, 5, 16], [2, 18, 3, 17], [19, 9, 20, 8], [16, 21, 17, 22], [12, 24, 13, 23]]"
12n_0662_63,"[[12, 24, 13, 23], [18, 2, 19, 1], [22, 3, 23, 4], [14, 5, 15, 6], [7, 11, 8, 10], [9, 21, 10, 20], [24, 12, 1, 11], [6, 13, 7, 14], [4, 15, 5, 16], [2, 18, 3, 17], [19, 9, 20, 8], [16, 21, 17, 22]]"
12n_0662_64,"[[16, 21, 17, 22], [12, 24, 13, 23], [18, 2, 19, 1], [22, 3, 23, 4], [14, 5, 15, 6], [7, 11, 8, 10], [9, 21, 10, 20], [24, 12, 1, 11], [6, 13, 7, 14], [4, 15, 5, 16], [2, 18, 3, 17], [19, 9, 20, 8]]"
12n_0662_65,"[[19, 9, 20, 8], [16, 21, 17, 22], [12, 24, 13, 23], [18, 2, 19, 1], [22, 3, 23, 4], [14, 5, 15, 6], [7, 11, 8, 10], [9, 21, 10, 20], [24, 12, 1, 11], [6, 13, 7, 14], [4, 15, 5, 16], [2, 18, 3, 17]]"
12n_0662_66,"[[2, 18, 3, 17], [19, 9, 20, 8], [16, 21, 17, 22], [12, 24, 13, 23], [18, 2, 19, 1], [22, 3, 23, 4], [14, 5, 15, 6], [7, 11, 8, 10], [9, 21, 10, 20], [24, 12, 1, 11], [6, 13, 7, 14], [4, 15, 5, 16]]"
12n_0662_67,"[[4, 15, 5, 16], [2, 18, 3, 17], [19, 9, 20, 8], [16, 21, 17, 22], [12, 24, 13, 23], [18, 2, 19, 1], [22, 3, 23, 4], [14, 5, 15, 6], [7, 11, 8, 10], [9, 21, 10, 20], [24, 12, 1, 11], [6, 13, 7, 14]]"
12n_0662_68,"[[6, 13, 7, 14], [4, 15, 5, 16], [2, 18, 3, 17], [19, 9, 20, 8], [16, 21, 17, 22], [12, 24, 13, 23], [18, 2, 19, 1], [22, 3, 23, 4], [14, 5, 15, 6], [7, 11, 8, 10], [9, 21, 10, 20], [24, 12, 1, 11]]"
12n_0662_69,"[[24, 12, 1, 11], [6, 13, 7, 14], [4, 15, 5, 16], [2, 18, 3, 17], [19, 9, 20, 8], [16, 21, 17, 22], [12, 24, 13, 23], [18, 2, 19, 1], [22, 3, 23, 4], [14, 5, 15, 6], [7, 11, 8, 10], [9, 21, 10, 20]]"
12n_0662_70,"[[9, 21, 10, 20], [24, 12, 1, 11], [6, 13, 7, 14], [4, 15, 5, 16], [2, 18, 3, 17], [19, 9, 20, 8], [16, 21, 17, 22], [12, 24, 13, 23], [18, 2, 19, 1], [22, 3, 23, 4], [14, 5, 15, 6], [7, 11, 8, 10]]"
12n_0662_71,"[[7, 11, 8, 10], [9, 21, 10, 20], [24, 12, 1, 11], [6, 13, 7, 14], [4, 15, 5, 16], [2, 18, 3, 17], [19, 9, 20, 8], [16, 21, 17, 22], [12, 24, 13, 23], [18, 2, 19, 1], [22, 3, 23, 4], [14, 5, 15, 6]]"
12n_0662_72,"[[15, 6, 16, 7], [8, 12, 9, 11], [10, 22, 11, 21], [1, 13, 2, 12], [7, 14, 8, 15], [5, 16, 6, 17], [3, 19, 4, 18], [20, 10, 21, 9], [17, 22, 18, 23], [13, 1, 14, 24], [19, 3, 20, 2], [23, 4, 24, 5]]"
12n_0662_73,"[[23, 4, 24, 5], [15, 6, 16, 7], [8, 12, 9, 11], [10, 22, 11, 21], [1, 13, 2, 12], [7, 14, 8, 15], [5, 16, 6, 17], [3, 19, 4, 18], [20, 10, 21, 9], [17, 22, 18, 23], [13, 1, 14, 24], [19, 3, 20, 2]]"
12n_0662_74,"[[19, 3, 20, 2], [23, 4, 24, 5], [15, 6, 16, 7], [8, 12, 9, 11], [10, 22, 11, 21], [1, 13, 2, 12], [7, 14, 8, 15], [5, 16, 6, 17], [3, 19, 4, 18], [20, 10, 21, 9], [17, 22, 18, 23], [13, 1, 14, 24]]"
12n_0662_75,"[[13, 1, 14, 24], [19, 3, 20, 2], [23, 4, 24, 5], [15, 6, 16, 7], [8, 12, 9, 11], [10, 22, 11, 21], [1, 13, 2, 12], [7, 14, 8, 15], [5, 16, 6, 17], [3, 19, 4, 18], [20, 10, 21, 9], [17, 22, 18, 23]]"
12n_0662_76,"[[17, 22, 18, 23], [13, 1, 14, 24], [19, 3, 20, 2], [23, 4, 24, 5], [15, 6, 16, 7], [8, 12, 9, 11], [10, 22, 11, 21], [1, 13, 2, 12], [7, 14, 8, 15], [5, 16, 6, 17], [3, 19, 4, 18], [20, 10, 21, 9]]"
12n_0662_77,"[[20, 10, 21, 9], [17, 22, 18, 23], [13, 1, 14, 24], [19, 3, 20, 2], [23, 4, 24, 5], [15, 6, 16, 7], [8, 12, 9, 11], [10, 22, 11, 21], [1, 13, 2, 12], [7, 14, 8, 15], [5, 16, 6, 17], [3, 19, 4, 18]]"
12n_0662_78,"[[3, 19, 4, 18], [20, 10, 21, 9], [17, 22, 18, 23], [13, 1, 14, 24], [19, 3, 20, 2], [23, 4, 24, 5], [15, 6, 16, 7], [8, 12, 9, 11], [10, 22, 11, 21], [1, 13, 2, 12], [7, 14, 8, 15], [5, 16, 6, 17]]"
12n_0662_79,"[[5, 16, 6, 17], [3, 19, 4, 18], [20, 10, 21, 9], [17, 22, 18, 23], [13, 1, 14, 24], [19, 3, 20, 2], [23, 4, 24, 5], [15, 6, 16, 7], [8, 12, 9, 11], [10, 22, 11, 21], [1, 13, 2, 12], [7, 14, 8, 15]]"
12n_0662_80,"[[7, 14, 8, 15], [5, 16, 6, 17], [3, 19, 4, 18], [20, 10, 21, 9], [17, 22, 18, 23], [13, 1, 14, 24], [19, 3, 20, 2], [23, 4, 24, 5], [15, 6, 16, 7], [8, 12, 9, 11], [10, 22, 11, 21], [1, 13, 2, 12]]"
12n_0662_81,"[[1, 13, 2, 12], [7, 14, 8, 15], [5, 16, 6, 17], [3, 19, 4, 18], [20, 10, 21, 9], [17, 22, 18, 23], [13, 1, 14, 24], [19, 3, 20, 2], [23, 4, 24, 5], [15, 6, 16, 7], [8, 12, 9, 11], [10, 22, 11, 21]]"
12n_0662_82,"[[10, 22, 11, 21], [1, 13, 2, 12], [7, 14, 8, 15], [5, 16, 6, 17], [3, 19, 4, 18], [20, 10, 21, 9], [17, 22, 18, 23], [13, 1, 14, 24], [19, 3, 20, 2], [23, 4, 24, 5], [15, 6, 16, 7], [8, 12, 9, 11]]"
12n_0662_83,"[[8, 12, 9, 11], [10, 22, 11, 21], [1, 13, 2, 12], [7, 14, 8, 15], [5, 16, 6, 17], [3, 19, 4, 18], [20, 10, 21, 9], [17, 22, 18, 23], [13, 1, 14, 24], [19, 3, 20, 2], [23, 4, 24, 5], [15, 6, 16, 7]]"
12n_0662_84,"[[16, 7, 17, 8], [9, 13, 10, 12], [11, 23, 12, 22], [2, 14, 3, 13], [8, 15, 9, 16], [6, 17, 7, 18], [4, 20, 5, 19], [21, 11, 22, 10], [18, 23, 19, 24], [14, 2, 15, 1], [20, 4, 21, 3], [24, 5, 1, 6]]"
12n_0662_85,"[[24, 5, 1, 6], [16, 7, 17, 8], [9, 13, 10, 12], [11, 23, 12, 22], [2, 14, 3, 13], [8, 15, 9, 16], [6, 17, 7, 18], [4, 20, 5, 19], [21, 11, 22, 10], [18, 23, 19, 24], [14, 2, 15, 1], [20, 4, 21, 3]]"
12n_0662_86,"[[20, 4, 21, 3], [24, 5, 1, 6], [16, 7, 17, 8], [9, 13, 10, 12], [11, 23, 12, 22], [2, 14, 3, 13], [8, 15, 9, 16], [6, 17, 7, 18], [4, 20, 5, 19], [21, 11, 22, 10], [18, 23, 19, 24], [14, 2, 15, 1]]"
12n_0662_87,"[[14, 2, 15, 1], [20, 4, 21, 3], [24, 5, 1, 6], [16, 7, 17, 8], [9, 13, 10, 12], [11, 23, 12, 22], [2, 14, 3, 13], [8, 15, 9, 16], [6, 17, 7, 18], [4, 20, 5, 19], [21, 11, 22, 10], [18, 23, 19, 24]]"
12n_0662_88,"[[18, 23, 19, 24], [14, 2, 15, 1], [20, 4, 21, 3], [24, 5, 1, 6], [16, 7, 17, 8], [9, 13, 10, 12], [11, 23, 12, 22], [2, 14, 3, 13], [8, 15, 9, 16], [6, 17, 7, 18], [4, 20, 5, 19], [21, 11, 22, 10]]"
12n_0662_89,"[[21, 11, 22, 10], [18, 23, 19, 24], [14, 2, 15, 1], [20, 4, 21, 3], [24, 5, 1, 6], [16, 7, 17, 8], [9, 13, 10, 12], [11, 23, 12, 22], [2, 14, 3, 13], [8, 15, 9, 16], [6, 17, 7, 18], [4, 20, 5, 19]]"
12n_0662_90,"[[4, 20, 5, 19], [21, 11, 22, 10], [18, 23, 19, 24], [14, 2, 15, 1], [20, 4, 21, 3], [24, 5, 1, 6], [16, 7, 17, 8], [9, 13, 10, 12], [11, 23, 12, 22], [2, 14, 3, 13], [8, 15, 9, 16], [6, 17, 7, 18]]"
12n_0662_91,"[[6, 17, 7, 18], [4, 20, 5, 19], [21, 11, 22, 10], [18, 23, 19, 24], [14, 2, 15, 1], [20, 4, 21, 3], [24, 5, 1, 6], [16, 7, 17, 8], [9, 13, 10, 12], [11, 23, 12, 22], [2, 14, 3, 13], [8, 15, 9, 16]]"
12n_0662_92,"[[8, 15, 9, 16], [6, 17, 7, 18], [4, 20, 5, 19], [21, 11, 22, 10], [18, 23, 19, 24], [14, 2, 15, 1], [20, 4, 21, 3], [24, 5, 1, 6], [16, 7, 17, 8], [9, 13, 10, 12], [11, 23, 12, 22], [2, 14, 3, 13]]"
12n_0662_93,"[[2, 14, 3, 13], [8, 15, 9, 16], [6, 17, 7, 18], [4, 20, 5, 19], [21, 11, 22, 10], [18, 23, 19, 24], [14, 2, 15, 1], [20, 4, 21, 3], [24, 5, 1, 6], [16, 7, 17, 8], [9, 13, 10, 12], [11, 23, 12, 22]]"
12n_0662_94,"[[11, 23, 12, 22], [2, 14, 3, 13], [8, 15, 9, 16], [6, 17, 7, 18], [4, 20, 5, 19], [21, 11, 22, 10], [18, 23, 19, 24], [14, 2, 15, 1], [20, 4, 21, 3], [24, 5, 1, 6], [16, 7, 17, 8], [9, 13, 10, 12]]"
12n_0662_95,"[[9, 13, 10, 12], [11, 23, 12, 22], [2, 14, 3, 13], [8, 15, 9, 16], [6, 17, 7, 18], [4, 20, 5, 19], [21, 11, 22, 10], [18, 23, 19, 24], [14, 2, 15, 1], [20, 4, 21, 3], [24, 5, 1, 6], [16, 7, 17, 8]]"
12n_0662_96,"[[17, 8, 18, 9], [10, 14, 11, 13], [12, 24, 13, 23], [3, 15, 4, 14], [9, 16, 10, 17], [7, 18, 8, 19], [5, 21, 6, 20], [22, 12, 23, 11], [19, 24, 20, 1], [15, 3, 16, 2], [21, 5, 22, 4], [1, 6, 2, 7]]"
12n_0662_97,"[[1, 6, 2, 7], [17, 8, 18, 9], [10, 14, 11, 13], [12, 24, 13, 23], [3, 15, 4, 14], [9, 16, 10, 17], [7, 18, 8, 19], [5, 21, 6, 20], [22, 12, 23, 11], [19, 24, 20, 1], [15, 3, 16, 2], [21, 5, 22, 4]]"
12n_0662_98,"[[21, 5, 22, 4], [1, 6, 2, 7], [17, 8, 18, 9], [10, 14, 11, 13], [12, 24, 13, 23], [3, 15, 4, 14], [9, 16, 10, 17], [7, 18, 8, 19], [5, 21, 6, 20], [22, 12, 23, 11], [19, 24, 20, 1], [15, 3, 16, 2]]"
12n_0662_99,"[[15, 3, 16, 2], [21, 5, 22, 4], [1, 6, 2, 7], [17, 8, 18, 9], [10, 14, 11, 13], [12, 24, 13, 23], [3, 15, 4, 14], [9, 16, 10, 17], [7, 18, 8, 19], [5, 21, 6, 20], [22, 12, 23, 11], [19, 24, 20, 1]]"
12n_0662_100,"[[19, 24, 20, 1], [15, 3, 16, 2], [21, 5, 22, 4], [1, 6, 2, 7], [17, 8, 18, 9], [10, 14, 11, 13], [12, 24, 13, 23], [3, 15, 4, 14], [9, 16, 10, 17], [7, 18, 8, 19], [5, 21, 6, 20], [22, 12, 23, 11]]"
12n_0662_101,"[[22, 12, 23, 11], [19, 24, 20, 1], [15, 3, 16, 2], [21, 5, 22, 4], [1, 6, 2, 7], [17, 8, 18, 9], [10, 14, 11, 13], [12, 24, 13, 23], [3, 15, 4, 14], [9, 16, 10, 17], [7, 18, 8, 19], [5, 21, 6, 20]]"
12n_0662_102,"[[5, 21, 6, 20], [22, 12, 23, 11], [19, 24, 20, 1], [15, 3, 16, 2], [21, 5, 22, 4], [1, 6, 2, 7], [17, 8, 18, 9], [10, 14, 11, 13], [12, 24, 13, 23], [3, 15, 4, 14], [9, 16, 10, 17], [7, 18, 8, 19]]"
12n_0662_103,"[[7, 18, 8, 19], [5, 21, 6, 20], [22, 12, 23, 11], [19, 24, 20, 1], [15, 3, 16, 2], [21, 5, 22, 4], [1, 6, 2, 7], [17, 8, 18, 9], [10, 14, 11, 13], [12, 24, 13, 23], [3, 15, 4, 14], [9, 16, 10, 17]]"
12n_0662_104,"[[9, 16, 10, 17], [7, 18, 8, 19], [5, 21, 6, 20], [22, 12, 23, 11], [19, 24, 20, 1], [15, 3, 16, 2], [21, 5, 22, 4], [1, 6, 2, 7], [17, 8, 18, 9], [10, 14, 11, 13], [12, 24, 13, 23], [3, 15, 4, 14]]"
12n_0662_105,"[[3, 15, 4, 14], [9, 16, 10, 17], [7, 18, 8, 19], [5, 21, 6, 20], [22, 12, 23, 11], [19, 24, 20, 1], [15, 3, 16, 2], [21, 5, 22, 4], [1, 6, 2, 7], [17, 8, 18, 9], [10, 14, 11, 13], [12, 24, 13, 23]]"
12n_0662_106,"[[12, 24, 13, 23], [3, 15, 4, 14], [9, 16, 10, 17], [7, 18, 8, 19], [5, 21, 6, 20], [22, 12, 23, 11], [19, 24, 20, 1], [15, 3, 16, 2], [21, 5, 22, 4], [1, 6, 2, 7], [17, 8, 18, 9], [10, 14, 11, 13]]"
12n_0662_107,"[[10, 14, 11, 13], [12, 24, 13, 23], [3, 15, 4, 14], [9, 16, 10, 17], [7, 18, 8, 19], [5, 21, 6, 20], [22, 12, 23, 11], [19, 24, 20, 1], [15, 3, 16, 2], [21, 5, 22, 4], [1, 6, 2, 7], [17, 8, 18, 9]]"
12n_0662_108,"[[18, 9, 19, 10], [11, 15, 12, 14], [13, 1, 14, 24], [4, 16, 5, 15], [10, 17, 11, 18], [8, 19, 9, 20], [6, 22, 7, 21], [23, 13, 24, 12], [20, 1, 21, 2], [16, 4, 17, 3], [22, 6, 23, 5], [2, 7, 3, 8]]"
12n_0662_109,"[[2, 7, 3, 8], [18, 9, 19, 10], [11, 15, 12, 14], [13, 1, 14, 24], [4, 16, 5, 15], [10, 17, 11, 18], [8, 19, 9, 20], [6, 22, 7, 21], [23, 13, 24, 12], [20, 1, 21, 2], [16, 4, 17, 3], [22, 6, 23, 5]]"
12n_0662_110,"[[22, 6, 23, 5], [2, 7, 3, 8], [18, 9, 19, 10], [11, 15, 12, 14], [13, 1, 14, 24], [4, 16, 5, 15], [10, 17, 11, 18], [8, 19, 9, 20], [6, 22, 7, 21], [23, 13, 24, 12], [20, 1, 21, 2], [16, 4, 17, 3]]"
12n_0662_111,"[[16, 4, 17, 3], [22, 6, 23, 5], [2, 7, 3, 8], [18, 9, 19, 10], [11, 15, 12, 14], [13, 1, 14, 24], [4, 16, 5, 15], [10, 17, 11, 18], [8, 19, 9, 20], [6, 22, 7, 21], [23, 13, 24, 12], [20, 1, 21, 2]]"
12n_0662_112,"[[20, 1, 21, 2], [16, 4, 17, 3], [22, 6, 23, 5], [2, 7, 3, 8], [18, 9, 19, 10], [11, 15, 12, 14], [13, 1, 14, 24], [4, 16, 5, 15], [10, 17, 11, 18], [8, 19, 9, 20], [6, 22, 7, 21], [23, 13, 24, 12]]"
12n_0662_113,"[[23, 13, 24, 12], [20, 1, 21, 2], [16, 4, 17, 3], [22, 6, 23, 5], [2, 7, 3, 8], [18, 9, 19, 10], [11, 15, 12, 14], [13, 1, 14, 24], [4, 16, 5, 15], [10, 17, 11, 18], [8, 19, 9, 20], [6, 22, 7, 21]]"
12n_0662_114,"[[6, 22, 7, 21], [23, 13, 24, 12], [20, 1, 21, 2], [16, 4, 17, 3], [22, 6, 23, 5], [2, 7, 3, 8], [18, 9, 19, 10], [11, 15, 12, 14], [13, 1, 14, 24], [4, 16, 5, 15], [10, 17, 11, 18], [8, 19, 9, 20]]"
12n_0662_115,"[[8, 19, 9, 20], [6, 22, 7, 21], [23, 13, 24, 12], [20, 1, 21, 2], [16, 4, 17, 3], [22, 6, 23, 5], [2, 7, 3, 8], [18, 9, 19, 10], [11, 15, 12, 14], [13, 1, 14, 24], [4, 16, 5, 15], [10, 17, 11, 18]]"
12n_0662_116,"[[10, 17, 11, 18], [8, 19, 9, 20], [6, 22, 7, 21], [23, 13, 24, 12], [20, 1, 21, 2], [16, 4, 17, 3], [22, 6, 23, 5], [2, 7, 3, 8], [18, 9, 19, 10], [11, 15, 12, 14], [13, 1, 14, 24], [4, 16, 5, 15]]"
12n_0662_117,"[[4, 16, 5, 15], [10, 17, 11, 18], [8, 19, 9, 20], [6, 22, 7, 21], [23, 13, 24, 12], [20, 1, 21, 2], [16, 4, 17, 3], [22, 6, 23, 5], [2, 7, 3, 8], [18, 9, 19, 10], [11, 15, 12, 14], [13, 1, 14, 24]]"
12n_0662_118,"[[13, 1, 14, 24], [4, 16, 5, 15], [10, 17, 11, 18], [8, 19, 9, 20], [6, 22, 7, 21], [23, 13, 24, 12], [20, 1, 21, 2], [16, 4, 17, 3], [22, 6, 23, 5], [2, 7, 3, 8], [18, 9, 19, 10], [11, 15, 12, 14]]"
12n_0662_119,"[[11, 15, 12, 14], [13, 1, 14, 24], [4, 16, 5, 15], [10, 17, 11, 18], [8, 19, 9, 20], [6, 22, 7, 21], [23, 13, 24, 12], [20, 1, 21, 2], [16, 4, 17, 3], [22, 6, 23, 5], [2, 7, 3, 8], [18, 9, 19, 10]]"
12n_0662_120,"[[19, 10, 20, 11], [12, 16, 13, 15], [14, 2, 15, 1], [5, 17, 6, 16], [11, 18, 12, 19], [9, 20, 10, 21], [7, 23, 8, 22], [24, 14, 1, 13], [21, 2, 22, 3], [17, 5, 18, 4], [23, 7, 24, 6], [3, 8, 4, 9]]"
12n_0662_121,"[[3, 8, 4, 9], [19, 10, 20, 11], [12, 16, 13, 15], [14, 2, 15, 1], [5, 17, 6, 16], [11, 18, 12, 19], [9, 20, 10, 21], [7, 23, 8, 22], [24, 14, 1, 13], [21, 2, 22, 3], [17, 5, 18, 4], [23, 7, 24, 6]]"
12n_0662_122,"[[23, 7, 24, 6], [3, 8, 4, 9], [19, 10, 20, 11], [12, 16, 13, 15], [14, 2, 15, 1], [5, 17, 6, 16], [11, 18, 12, 19], [9, 20, 10, 21], [7, 23, 8, 22], [24, 14, 1, 13], [21, 2, 22, 3], [17, 5, 18, 4]]"
12n_0662_123,"[[17, 5, 18, 4], [23, 7, 24, 6], [3, 8, 4, 9], [19, 10, 20, 11], [12, 16, 13, 15], [14, 2, 15, 1], [5, 17, 6, 16], [11, 18, 12, 19], [9, 20, 10, 21], [7, 23, 8, 22], [24, 14, 1, 13], [21, 2, 22, 3]]"
12n_0662_124,"[[21, 2, 22, 3], [17, 5, 18, 4], [23, 7, 24, 6], [3, 8, 4, 9], [19, 10, 20, 11], [12, 16, 13, 15], [14, 2, 15, 1], [5, 17, 6, 16], [11, 18, 12, 19], [9, 20, 10, 21], [7, 23, 8, 22], [24, 14, 1, 13]]"
12n_0662_125,"[[24, 14, 1, 13], [21, 2, 22, 3], [17, 5, 18, 4], [23, 7, 24, 6], [3, 8, 4, 9], [19, 10, 20, 11], [12, 16, 13, 15], [14, 2, 15, 1], [5, 17, 6, 16], [11, 18, 12, 19], [9, 20, 10, 21], [7, 23, 8, 22]]"
12n_0662_126,"[[7, 23, 8, 22], [24, 14, 1, 13], [21, 2, 22, 3], [17, 5, 18, 4], [23, 7, 24, 6], [3, 8, 4, 9], [19, 10, 20, 11], [12, 16, 13, 15], [14, 2, 15, 1], [5, 17, 6, 16], [11, 18, 12, 19], [9, 20, 10, 21]]"
12n_0662_127,"[[9, 20, 10, 21], [7, 23, 8, 22], [24, 14, 1, 13], [21, 2, 22, 3], [17, 5, 18, 4], [23, 7, 24, 6], [3, 8, 4, 9], [19, 10, 20, 11], [12, 16, 13, 15], [14, 2, 15, 1], [5, 17, 6, 16], [11, 18, 12, 19]]"
12n_0662_128,"[[11, 18, 12, 19], [9, 20, 10, 21], [7, 23, 8, 22], [24, 14, 1, 13], [21, 2, 22, 3], [17, 5, 18, 4], [23, 7, 24, 6], [3, 8, 4, 9], [19, 10, 20, 11], [12, 16, 13, 15], [14, 2, 15, 1], [5, 17, 6, 16]]"
12n_0662_129,"[[5, 17, 6, 16], [11, 18, 12, 19], [9, 20, 10, 21], [7, 23, 8, 22], [24, 14, 1, 13], [21, 2, 22, 3], [17, 5, 18, 4], [23, 7, 24, 6], [3, 8, 4, 9], [19, 10, 20, 11], [12, 16, 13, 15], [14, 2, 15, 1]]"
12n_0662_130,"[[14, 2, 15, 1], [5, 17, 6, 16], [11, 18, 12, 19], [9, 20, 10, 21], [7, 23, 8, 22], [24, 14, 1, 13], [21, 2, 22, 3], [17, 5, 18, 4], [23, 7, 24, 6], [3, 8, 4, 9], [19, 10, 20, 11], [12, 16, 13, 15]]"
12n_0662_131,"[[12, 16, 13, 15], [14, 2, 15, 1], [5, 17, 6, 16], [11, 18, 12, 19], [9, 20, 10, 21], [7, 23, 8, 22], [24, 14, 1, 13], [21, 2, 22, 3], [17, 5, 18, 4], [23, 7, 24, 6], [3, 8, 4, 9], [19, 10, 20, 11]]"
12n_0662_132,"[[20, 11, 21, 12], [13, 17, 14, 16], [15, 3, 16, 2], [6, 18, 7, 17], [12, 19, 13, 20], [10, 21, 11, 22], [8, 24, 9, 23], [1, 15, 2, 14], [22, 3, 23, 4], [18, 6, 19, 5], [24, 8, 1, 7], [4, 9, 5, 10]]"
12n_0662_133,"[[4, 9, 5, 10], [20, 11, 21, 12], [13, 17, 14, 16], [15, 3, 16, 2], [6, 18, 7, 17], [12, 19, 13, 20], [10, 21, 11, 22], [8, 24, 9, 23], [1, 15, 2, 14], [22, 3, 23, 4], [18, 6, 19, 5], [24, 8, 1, 7]]"
12n_0662_134,"[[24, 8, 1, 7], [4, 9, 5, 10], [20, 11, 21, 12], [13, 17, 14, 16], [15, 3, 16, 2], [6, 18, 7, 17], [12, 19, 13, 20], [10, 21, 11, 22], [8, 24, 9, 23], [1, 15, 2, 14], [22, 3, 23, 4], [18, 6, 19, 5]]"
12n_0662_135,"[[18, 6, 19, 5], [24, 8, 1, 7], [4, 9, 5, 10], [20, 11, 21, 12], [13, 17, 14, 16], [15, 3, 16, 2], [6, 18, 7, 17], [12, 19, 13, 20], [10, 21, 11, 22], [8, 24, 9, 23], [1, 15, 2, 14], [22, 3, 23, 4]]"
12n_0662_136,"[[22, 3, 23, 4], [18, 6, 19, 5], [24, 8, 1, 7], [4, 9, 5, 10], [20, 11, 21, 12], [13, 17, 14, 16], [15, 3, 16, 2], [6, 18, 7, 17], [12, 19, 13, 20], [10, 21, 11, 22], [8, 24, 9, 23], [1, 15, 2, 14]]"
12n_0662_137,"[[1, 15, 2, 14], [22, 3, 23, 4], [18, 6, 19, 5], [24, 8, 1, 7], [4, 9, 5, 10], [20, 11, 21, 12], [13, 17, 14, 16], [15, 3, 16, 2], [6, 18, 7, 17], [12, 19, 13, 20], [10, 21, 11, 22], [8, 24, 9, 23]]"
12n_0662_138,"[[8, 24, 9, 23], [1, 15, 2, 14], [22, 3, 23, 4], [18, 6, 19, 5], [24, 8, 1, 7], [4, 9, 5, 10], [20, 11, 21, 12], [13, 17, 14, 16], [15, 3, 16, 2], [6, 18, 7, 17], [12, 19, 13, 20], [10, 21, 11, 22]]"
12n_0662_139,"[[10, 21, 11, 22], [8, 24, 9, 23], [1, 15, 2, 14], [22, 3, 23, 4], [18, 6, 19, 5], [24, 8, 1, 7], [4, 9, 5, 10], [20, 11, 21, 12], [13, 17, 14, 16], [15, 3, 16, 2], [6, 18, 7, 17], [12, 19, 13, 20]]"
12n_0662_140,"[[12, 19, 13, 20], [10, 21, 11, 22], [8, 24, 9, 23], [1, 15, 2, 14], [22, 3, 23, 4], [18, 6, 19, 5], [24, 8, 1, 7], [4, 9, 5, 10], [20, 11, 21, 12], [13, 17, 14, 16], [15, 3, 16, 2], [6, 18, 7, 17]]"
12n_0662_141,"[[6, 18, 7, 17], [12, 19, 13, 20], [10, 21, 11, 22], [8, 24, 9, 23], [1, 15, 2, 14], [22, 3, 23, 4], [18, 6, 19, 5], [24, 8, 1, 7], [4, 9, 5, 10], [20, 11, 21, 12], [13, 17, 14, 16], [15, 3, 16, 2]]"
12n_0662_142,"[[15, 3, 16, 2], [6, 18, 7, 17], [12, 19, 13, 20], [10, 21, 11, 22], [8, 24, 9, 23], [1, 15, 2, 14], [22, 3, 23, 4], [18, 6, 19, 5], [24, 8, 1, 7], [4, 9, 5, 10], [20, 11, 21, 12], [13, 17, 14, 16]]"
12n_0662_143,"[[13, 17, 14, 16], [15, 3, 16, 2], [6, 18, 7, 17], [12, 19, 13, 20], [10, 21, 11, 22], [8, 24, 9, 23], [1, 15, 2, 14], [22, 3, 23, 4], [18, 6, 19, 5], [24, 8, 1, 7], [4, 9, 5, 10], [20, 11, 21, 12]]"
12n_0662_144,"[[21, 12, 22, 13], [14, 18, 15, 17], [16, 4, 17, 3], [7, 19, 8, 18], [13, 20, 14, 21], [11, 22, 12, 23], [9, 1, 10, 24], [2, 16, 3, 15], [23, 4, 24, 5], [19, 7, 20, 6], [1, 9, 2, 8], [5, 10, 6, 11]]"
12n_0662_145,"[[5, 10, 6, 11], [21, 12, 22, 13], [14, 18, 15, 17], [16, 4, 17, 3], [7, 19, 8, 18], [13, 20, 14, 21], [11, 22, 12, 23], [9, 1, 10, 24], [2, 16, 3, 15], [23, 4, 24, 5], [19, 7, 20, 6], [1, 9, 2, 8]]"
12n_0662_146,"[[1, 9, 2, 8], [5, 10, 6, 11], [21, 12, 22, 13], [14, 18, 15, 17], [16, 4, 17, 3], [7, 19, 8, 18], [13, 20, 14, 21], [11, 22, 12, 23], [9, 1, 10, 24], [2, 16, 3, 15], [23, 4, 24, 5], [19, 7, 20, 6]]"
12n_0662_147,"[[19, 7, 20, 6], [1, 9, 2, 8], [5, 10, 6, 11], [21, 12, 22, 13], [14, 18, 15, 17], [16, 4, 17, 3], [7, 19, 8, 18], [13, 20, 14, 21], [11, 22, 12, 23], [9, 1, 10, 24], [2, 16, 3, 15], [23, 4, 24, 5]]"
12n_0662_148,"[[23, 4, 24, 5], [19, 7, 20, 6], [1, 9, 2, 8], [5, 10, 6, 11], [21, 12, 22, 13], [14, 18, 15, 17], [16, 4, 17, 3], [7, 19, 8, 18], [13, 20, 14, 21], [11, 22, 12, 23], [9, 1, 10, 24], [2, 16, 3, 15]]"
12n_0662_149,"[[2, 16, 3, 15], [23, 4, 24, 5], [19, 7, 20, 6], [1, 9, 2, 8], [5, 10, 6, 11], [21, 12, 22, 13], [14, 18, 15, 17], [16, 4, 17, 3], [7, 19, 8, 18], [13, 20, 14, 21], [11, 22, 12, 23], [9, 1, 10, 24]]"
12n_0662_150,"[[9, 1, 10, 24], [2, 16, 3, 15], [23, 4, 24, 5], [19, 7, 20, 6], [1, 9, 2, 8], [5, 10, 6, 11], [21, 12, 22, 13], [14, 18, 15, 17], [16, 4, 17, 3], [7, 19, 8, 18], [13, 20, 14, 21], [11, 22, 12, 23]]"
12n_0662_151,"[[11, 22, 12, 23], [9, 1, 10, 24], [2, 16, 3, 15], [23, 4, 24, 5], [19, 7, 20, 6], [1, 9, 2, 8], [5, 10, 6, 11], [21, 12, 22, 13], [14, 18, 15, 17], [16, 4, 17, 3], [7, 19, 8, 18], [13, 20, 14, 21]]"
12n_0662_152,"[[13, 20, 14, 21], [11, 22, 12, 23], [9, 1, 10, 24], [2, 16, 3, 15], [23, 4, 24, 5], [19, 7, 20, 6], [1, 9, 2, 8], [5, 10, 6, 11], [21, 12, 22, 13], [14, 18, 15, 17], [16, 4, 17, 3], [7, 19, 8, 18]]"
12n_0662_153,"[[7, 19, 8, 18], [13, 20, 14, 21], [11, 22, 12, 23], [9, 1, 10, 24], [2, 16, 3, 15], [23, 4, 24, 5], [19, 7, 20, 6], [1, 9, 2, 8], [5, 10, 6, 11], [21, 12, 22, 13], [14, 18, 15, 17], [16, 4, 17, 3]]"
12n_0662_154,"[[16, 4, 17, 3], [7, 19, 8, 18], [13, 20, 14, 21], [11, 22, 12, 23], [9, 1, 10, 24], [2, 16, 3, 15], [23, 4, 24, 5], [19, 7, 20, 6], [1, 9, 2, 8], [5, 10, 6, 11], [21, 12, 22, 13], [14, 18, 15, 17]]"
12n_0662_155,"[[14, 18, 15, 17], [16, 4, 17, 3], [7, 19, 8, 18], [13, 20, 14, 21], [11, 22, 12, 23], [9, 1, 10, 24], [2, 16, 3, 15], [23, 4, 24, 5], [19, 7, 20, 6], [1, 9, 2, 8], [5, 10, 6, 11], [21, 12, 22, 13]]"
12n_0662_156,"[[22, 13, 23, 14], [15, 19, 16, 18], [17, 5, 18, 4], [8, 20, 9, 19], [14, 21, 15, 22], [12, 23, 13, 24], [10, 2, 11, 1], [3, 17, 4, 16], [24, 5, 1, 6], [20, 8, 21, 7], [2, 10, 3, 9], [6, 11, 7, 12]]"
12n_0662_157,"[[6, 11, 7, 12], [22, 13, 23, 14], [15, 19, 16, 18], [17, 5, 18, 4], [8, 20, 9, 19], [14, 21, 15, 22], [12, 23, 13, 24], [10, 2, 11, 1], [3, 17, 4, 16], [24, 5, 1, 6], [20, 8, 21, 7], [2, 10, 3, 9]]"
12n_0662_158,"[[2, 10, 3, 9], [6, 11, 7, 12], [22, 13, 23, 14], [15, 19, 16, 18], [17, 5, 18, 4], [8, 20, 9, 19], [14, 21, 15, 22], [12, 23, 13, 24], [10, 2, 11, 1], [3, 17, 4, 16], [24, 5, 1, 6], [20, 8, 21, 7]]"
12n_0662_159,"[[20, 8, 21, 7], [2, 10, 3, 9], [6, 11, 7, 12], [22, 13, 23, 14], [15, 19, 16, 18], [17, 5, 18, 4], [8, 20, 9, 19], [14, 21, 15, 22], [12, 23, 13, 24], [10, 2, 11, 1], [3, 17, 4, 16], [24, 5, 1, 6]]"
12n_0662_160,"[[24, 5, 1, 6], [20, 8, 21, 7], [2, 10, 3, 9], [6, 11, 7, 12], [22, 13, 23, 14], [15, 19, 16, 18], [17, 5, 18, 4], [8, 20, 9, 19], [14, 21, 15, 22], [12, 23, 13, 24], [10, 2, 11, 1], [3, 17, 4, 16]]"
12n_0662_161,"[[3, 17, 4, 16], [24, 5, 1, 6], [20, 8, 21, 7], [2, 10, 3, 9], [6, 11, 7, 12], [22, 13, 23, 14], [15, 19, 16, 18], [17, 5, 18, 4], [8, 20, 9, 19], [14, 21, 15, 22], [12, 23, 13, 24], [10, 2, 11, 1]]"
12n_0662_162,"[[10, 2, 11, 1], [3, 17, 4, 16], [24, 5, 1, 6], [20, 8, 21, 7], [2, 10, 3, 9], [6, 11, 7, 12], [22, 13, 23, 14], [15, 19, 16, 18], [17, 5, 18, 4], [8, 20, 9, 19], [14, 21, 15, 22], [12, 23, 13, 24]]"
12n_0662_163,"[[12, 23, 13, 24], [10, 2, 11, 1], [3, 17, 4, 16], [24, 5, 1, 6], [20, 8, 21, 7], [2, 10, 3, 9], [6, 11, 7, 12], [22, 13, 23, 14], [15, 19, 16, 18], [17, 5, 18, 4], [8, 20, 9, 19], [14, 21, 15, 22]]"
12n_0662_164,"[[14, 21, 15, 22], [12, 23, 13, 24], [10, 2, 11, 1], [3, 17, 4, 16], [24, 5, 1, 6], [20, 8, 21, 7], [2, 10, 3, 9], [6, 11, 7, 12], [22, 13, 23, 14], [15, 19, 16, 18], [17, 5, 18, 4], [8, 20, 9, 19]]"
12n_0662_165,"[[8, 20, 9, 19], [14, 21, 15, 22], [12, 23, 13, 24], [10, 2, 11, 1], [3, 17, 4, 16], [24, 5, 1, 6], [20, 8, 21, 7], [2, 10, 3, 9], [6, 11, 7, 12], [22, 13, 23, 14], [15, 19, 16, 18], [17, 5, 18, 4]]"
12n_0662_166,"[[17, 5, 18, 4], [8, 20, 9, 19], [14, 21, 15, 22], [12, 23, 13, 24], [10, 2, 11, 1], [3, 17, 4, 16], [24, 5, 1, 6], [20, 8, 21, 7], [2, 10, 3, 9], [6, 11, 7, 12], [22, 13, 23, 14], [15, 19, 16, 18]]"
12n_0662_167,"[[15, 19, 16, 18], [17, 5, 18, 4], [8, 20, 9, 19], [14, 21, 15, 22], [12, 23, 13, 24], [10, 2, 11, 1], [3, 17, 4, 16], [24, 5, 1, 6], [20, 8, 21, 7], [2, 10, 3, 9], [6, 11, 7, 12], [22, 13, 23, 14]]"
12n_0662_168,"[[23, 14, 24, 15], [16, 20, 17, 19], [18, 6, 19, 5], [9, 21, 10, 20], [15, 22, 16, 23], [13, 24, 14, 1], [11, 3, 12, 2], [4, 18, 5, 17], [1, 6, 2, 7], [21, 9, 22, 8], [3, 11, 4, 10], [7, 12, 8, 13]]"
12n_0662_169,"[[7, 12, 8, 13], [23, 14, 24, 15], [16, 20, 17, 19], [18, 6, 19, 5], [9, 21, 10, 20], [15, 22, 16, 23], [13, 24, 14, 1], [11, 3, 12, 2], [4, 18, 5, 17], [1, 6, 2, 7], [21, 9, 22, 8], [3, 11, 4, 10]]"
12n_0662_170,"[[3, 11, 4, 10], [7, 12, 8, 13], [23, 14, 24, 15], [16, 20, 17, 19], [18, 6, 19, 5], [9, 21, 10, 20], [15, 22, 16, 23], [13, 24, 14, 1], [11, 3, 12, 2], [4, 18, 5, 17], [1, 6, 2, 7], [21, 9, 22, 8]]"
12n_0662_171,"[[21, 9, 22, 8], [3, 11, 4, 10], [7, 12, 8, 13], [23, 14, 24, 15], [16, 20, 17, 19], [18, 6, 19, 5], [9, 21, 10, 20], [15, 22, 16, 23], [13, 24, 14, 1], [11, 3, 12, 2], [4, 18, 5, 17], [1, 6, 2, 7]]"
12n_0662_172,"[[1, 6, 2, 7], [21, 9, 22, 8], [3, 11, 4, 10], [7, 12, 8, 13], [23, 14, 24, 15], [16, 20, 17, 19], [18, 6, 19, 5], [9, 21, 10, 20], [15, 22, 16, 23], [13, 24, 14, 1], [11, 3, 12, 2], [4, 18, 5, 17]]"
12n_0662_173,"[[4, 18, 5, 17], [1, 6, 2, 7], [21, 9, 22, 8], [3, 11, 4, 10], [7, 12, 8, 13], [23, 14, 24, 15], [16, 20, 17, 19], [18, 6, 19, 5], [9, 21, 10, 20], [15, 22, 16, 23], [13, 24, 14, 1], [11, 3, 12, 2]]"
12n_0662_174,"[[11, 3, 12, 2], [4, 18, 5, 17], [1, 6, 2, 7], [21, 9, 22, 8], [3, 11, 4, 10], [7, 12, 8, 13], [23, 14, 24, 15], [16, 20, 17, 19], [18, 6, 19, 5], [9, 21, 10, 20], [15, 22, 16, 23], [13, 24, 14, 1]]"
12n_0662_175,"[[13, 24, 14, 1], [11, 3, 12, 2], [4, 18, 5, 17], [1, 6, 2, 7], [21, 9, 22, 8], [3, 11, 4, 10], [7, 12, 8, 13], [23, 14, 24, 15], [16, 20, 17, 19], [18, 6, 19, 5], [9, 21, 10, 20], [15, 22, 16, 23]]"
12n_0662_176,"[[15, 22, 16, 23], [13, 24, 14, 1], [11, 3, 12, 2], [4, 18, 5, 17], [1, 6, 2, 7], [21, 9, 22, 8], [3, 11, 4, 10], [7, 12, 8, 13], [23, 14, 24, 15], [16, 20, 17, 19], [18, 6, 19, 5], [9, 21, 10, 20]]"
12n_0662_177,"[[9, 21, 10, 20], [15, 22, 16, 23], [13, 24, 14, 1], [11, 3, 12, 2], [4, 18, 5, 17], [1, 6, 2, 7], [21, 9, 22, 8], [3, 11, 4, 10], [7, 12, 8, 13], [23, 14, 24, 15], [16, 20, 17, 19], [18, 6, 19, 5]]"
12n_0662_178,"[[18, 6, 19, 5], [9, 21, 10, 20], [15, 22, 16, 23], [13, 24, 14, 1], [11, 3, 12, 2], [4, 18, 5, 17], [1, 6, 2, 7], [21, 9, 22, 8], [3, 11, 4, 10], [7, 12, 8, 13], [23, 14, 24, 15], [16, 20, 17, 19]]"
12n_0662_179,"[[16, 20, 17, 19], [18, 6, 19, 5], [9, 21, 10, 20], [15, 22, 16, 23], [13, 24, 14, 1], [11, 3, 12, 2], [4, 18, 5, 17], [1, 6, 2, 7], [21, 9, 22, 8], [3, 11, 4, 10], [7, 12, 8, 13], [23, 14, 24, 15]]"
12n_0662_180,"[[24, 15, 1, 16], [17, 21, 18, 20], [19, 7, 20, 6], [10, 22, 11, 21], [16, 23, 17, 24], [14, 1, 15, 2], [12, 4, 13, 3], [5, 19, 6, 18], [2, 7, 3, 8], [22, 10, 23, 9], [4, 12, 5, 11], [8, 13, 9, 14]]"
12n_0662_181,"[[8, 13, 9, 14], [24, 15, 1, 16], [17, 21, 18, 20], [19, 7, 20, 6], [10, 22, 11, 21], [16, 23, 17, 24], [14, 1, 15, 2], [12, 4, 13, 3], [5, 19, 6, 18], [2, 7, 3, 8], [22, 10, 23, 9], [4, 12, 5, 11]]"
12n_0662_182,"[[4, 12, 5, 11], [8, 13, 9, 14], [24, 15, 1, 16], [17, 21, 18, 20], [19, 7, 20, 6], [10, 22, 11, 21], [16, 23, 17, 24], [14, 1, 15, 2], [12, 4, 13, 3], [5, 19, 6, 18], [2, 7, 3, 8], [22, 10, 23, 9]]"
12n_0662_183,"[[22, 10, 23, 9], [4, 12, 5, 11], [8, 13, 9, 14], [24, 15, 1, 16], [17, 21, 18, 20], [19, 7, 20, 6], [10, 22, 11, 21], [16, 23, 17, 24], [14, 1, 15, 2], [12, 4, 13, 3], [5, 19, 6, 18], [2, 7, 3, 8]]"
12n_0662_184,"[[2, 7, 3, 8], [22, 10, 23, 9], [4, 12, 5, 11], [8, 13, 9, 14], [24, 15, 1, 16], [17, 21, 18, 20], [19, 7, 20, 6], [10, 22, 11, 21], [16, 23, 17, 24], [14, 1, 15, 2], [12, 4, 13, 3], [5, 19, 6, 18]]"
12n_0662_185,"[[5, 19, 6, 18], [2, 7, 3, 8], [22, 10, 23, 9], [4, 12, 5, 11], [8, 13, 9, 14], [24, 15, 1, 16], [17, 21, 18, 20], [19, 7, 20, 6], [10, 22, 11, 21], [16, 23, 17, 24], [14, 1, 15, 2], [12, 4, 13, 3]]"
