name,pd_notation
12n_0431_0,"[[24, 20, 1, 19], [2, 6, 3, 5], [4, 11, 5, 12], [6, 16, 7, 15], [8, 24, 9, 23], [10, 17, 11, 18], [12, 3, 13, 4], [21, 14, 22, 15], [16, 2, 17, 1], [18, 9, 19, 10], [20, 8, 21, 7], [13, 22, 14, 23]]"
12n_0431_1,"[[13, 22, 14, 23], [24, 20, 1, 19], [2, 6, 3, 5], [4, 11, 5, 12], [6, 16, 7, 15], [8, 24, 9, 23], [10, 17, 11, 18], [12, 3, 13, 4], [21, 14, 22, 15], [16, 2, 17, 1], [18, 9, 19, 10], [20, 8, 21, 7]]"
12n_0431_2,"[[20, 8, 21, 7], [13, 22, 14, 23], [24, 20, 1, 19], [2, 6, 3, 5], [4, 11, 5, 12], [6, 16, 7, 15], [8, 24, 9, 23], [10, 17, 11, 18], [12, 3, 13, 4], [21, 14, 22, 15], [16, 2, 17, 1], [18, 9, 19, 10]]"
12n_0431_3,"[[18, 9, 19, 10], [20, 8, 21, 7], [13, 22, 14, 23], [24, 20, 1, 19], [2, 6, 3, 5], [4, 11, 5, 12], [6, 16, 7, 15], [8, 24, 9, 23], [10, 17, 11, 18], [12, 3, 13, 4], [21, 14, 22, 15], [16, 2, 17, 1]]"
12n_0431_4,"[[16, 2, 17, 1], [18, 9, 19, 10], [20, 8, 21, 7], [13, 22, 14, 23], [24, 20, 1, 19], [2, 6, 3, 5], [4, 11, 5, 12], [6, 16, 7, 15], [8, 24, 9, 23], [10, 17, 11, 18], [12, 3, 13, 4], [21, 14, 22, 15]]"
12n_0431_5,"[[21, 14, 22, 15], [16, 2, 17, 1], [18, 9, 19, 10], [20, 8, 21, 7], [13, 22, 14, 23], [24, 20, 1, 19], [2, 6, 3, 5], [4, 11, 5, 12], [6, 16, 7, 15], [8, 24, 9, 23], [10, 17, 11, 18], [12, 3, 13, 4]]"
12n_0431_6,"[[12, 3, 13, 4], [21, 14, 22, 15], [16, 2, 17, 1], [18, 9, 19, 10], [20, 8, 21, 7], [13, 22, 14, 23], [24, 20, 1, 19], [2, 6, 3, 5], [4, 11, 5, 12], [6, 16, 7, 15], [8, 24, 9, 23], [10, 17, 11, 18]]"
12n_0431_7,"[[10, 17, 11, 18], [12, 3, 13, 4], [21, 14, 22, 15], [16, 2, 17, 1], [18, 9, 19, 10], [20, 8, 21, 7], [13, 22, 14, 23], [24, 20, 1, 19], [2, 6, 3, 5], [4, 11, 5, 12], [6, 16, 7, 15], [8, 24, 9, 23]]"
12n_0431_8,"[[8, 24, 9, 23], [10, 17, 11, 18], [12, 3, 13, 4], [21, 14, 22, 15], [16, 2, 17, 1], [18, 9, 19, 10], [20, 8, 21, 7], [13, 22, 14, 23], [24, 20, 1, 19], [2, 6, 3, 5], [4, 11, 5, 12], [6, 16, 7, 15]]"
12n_0431_9,"[[6, 16, 7, 15], [8, 24, 9, 23], [10, 17, 11, 18], [12, 3, 13, 4], [21, 14, 22, 15], [16, 2, 17, 1], [18, 9, 19, 10], [20, 8, 21, 7], [13, 22, 14, 23], [24, 20, 1, 19], [2, 6, 3, 5], [4, 11, 5, 12]]"
12n_0431_10,"[[4, 11, 5, 12], [6, 16, 7, 15], [8, 24, 9, 23], [10, 17, 11, 18], [12, 3, 13, 4], [21, 14, 22, 15], [16, 2, 17, 1], [18, 9, 19, 10], [20, 8, 21, 7], [13, 22, 14, 23], [24, 20, 1, 19], [2, 6, 3, 5]]"
12n_0431_11,"[[2, 6, 3, 5], [4, 11, 5, 12], [6, 16, 7, 15], [8, 24, 9, 23], [10, 17, 11, 18], [12, 3, 13, 4], [21, 14, 22, 15], [16, 2, 17, 1], [18, 9, 19, 10], [20, 8, 21, 7], [13, 22, 14, 23], [24, 20, 1, 19]]"
12n_0431_12,"[[1, 21, 2, 20], [3, 7, 4, 6], [5, 12, 6, 13], [7, 17, 8, 16], [9, 1, 10, 24], [11, 18, 12, 19], [13, 4, 14, 5], [22, 15, 23, 16], [17, 3, 18, 2], [19, 10, 20, 11], [21, 9, 22, 8], [14, 23, 15, 24]]"
12n_0431_13,"[[14, 23, 15, 24], [1, 21, 2, 20], [3, 7, 4, 6], [5, 12, 6, 13], [7, 17, 8, 16], [9, 1, 10, 24], [11, 18, 12, 19], [13, 4, 14, 5], [22, 15, 23, 16], [17, 3, 18, 2], [19, 10, 20, 11], [21, 9, 22, 8]]"
12n_0431_14,"[[21, 9, 22, 8], [14, 23, 15, 24], [1, 21, 2, 20], [3, 7, 4, 6], [5, 12, 6, 13], [7, 17, 8, 16], [9, 1, 10, 24], [11, 18, 12, 19], [13, 4, 14, 5], [22, 15, 23, 16], [17, 3, 18, 2], [19, 10, 20, 11]]"
12n_0431_15,"[[19, 10, 20, 11], [21, 9, 22, 8], [14, 23, 15, 24], [1, 21, 2, 20], [3, 7, 4, 6], [5, 12, 6, 13], [7, 17, 8, 16], [9, 1, 10, 24], [11, 18, 12, 19], [13, 4, 14, 5], [22, 15, 23, 16], [17, 3, 18, 2]]"
12n_0431_16,"[[17, 3, 18, 2], [19, 10, 20, 11], [21, 9, 22, 8], [14, 23, 15, 24], [1, 21, 2, 20], [3, 7, 4, 6], [5, 12, 6, 13], [7, 17, 8, 16], [9, 1, 10, 24], [11, 18, 12, 19], [13, 4, 14, 5], [22, 15, 23, 16]]"
12n_0431_17,"[[22, 15, 23, 16], [17, 3, 18, 2], [19, 10, 20, 11], [21, 9, 22, 8], [14, 23, 15, 24], [1, 21, 2, 20], [3, 7, 4, 6], [5, 12, 6, 13], [7, 17, 8, 16], [9, 1, 10, 24], [11, 18, 12, 19], [13, 4, 14, 5]]"
12n_0431_18,"[[13, 4, 14, 5], [22, 15, 23, 16], [17, 3, 18, 2], [19, 10, 20, 11], [21, 9, 22, 8], [14, 23, 15, 24], [1, 21, 2, 20], [3, 7, 4, 6], [5, 12, 6, 13], [7, 17, 8, 16], [9, 1, 10, 24], [11, 18, 12, 19]]"
12n_0431_19,"[[11, 18, 12, 19], [13, 4, 14, 5], [22, 15, 23, 16], [17, 3, 18, 2], [19, 10, 20, 11], [21, 9, 22, 8], [14, 23, 15, 24], [1, 21, 2, 20], [3, 7, 4, 6], [5, 12, 6, 13], [7, 17, 8, 16], [9, 1, 10, 24]]"
12n_0431_20,"[[9, 1, 10, 24], [11, 18, 12, 19], [13, 4, 14, 5], [22, 15, 23, 16], [17, 3, 18, 2], [19, 10, 20, 11], [21, 9, 22, 8], [14, 23, 15, 24], [1, 21, 2, 20], [3, 7, 4, 6], [5, 12, 6, 13], [7, 17, 8, 16]]"
12n_0431_21,"[[7, 17, 8, 16], [9, 1, 10, 24], [11, 18, 12, 19], [13, 4, 14, 5], [22, 15, 23, 16], [17, 3, 18, 2], [19, 10, 20, 11], [21, 9, 22, 8], [14, 23, 15, 24], [1, 21, 2, 20], [3, 7, 4, 6], [5, 12, 6, 13]]"
12n_0431_22,"[[5, 12, 6, 13], [7, 17, 8, 16], [9, 1, 10, 24], [11, 18, 12, 19], [13, 4, 14, 5], [22, 15, 23, 16], [17, 3, 18, 2], [19, 10, 20, 11], [21, 9, 22, 8], [14, 23, 15, 24], [1, 21, 2, 20], [3, 7, 4, 6]]"
12n_0431_23,"[[3, 7, 4, 6], [5, 12, 6, 13], [7, 17, 8, 16], [9, 1, 10, 24], [11, 18, 12, 19], [13, 4, 14, 5], [22, 15, 23, 16], [17, 3, 18, 2], [19, 10, 20, 11], [21, 9, 22, 8], [14, 23, 15, 24], [1, 21, 2, 20]]"
12n_0431_24,"[[2, 22, 3, 21], [4, 8, 5, 7], [6, 13, 7, 14], [8, 18, 9, 17], [10, 2, 11, 1], [12, 19, 13, 20], [14, 5, 15, 6], [23, 16, 24, 17], [18, 4, 19, 3], [20, 11, 21, 12], [22, 10, 23, 9], [15, 24, 16, 1]]"
12n_0431_25,"[[15, 24, 16, 1], [2, 22, 3, 21], [4, 8, 5, 7], [6, 13, 7, 14], [8, 18, 9, 17], [10, 2, 11, 1], [12, 19, 13, 20], [14, 5, 15, 6], [23, 16, 24, 17], [18, 4, 19, 3], [20, 11, 21, 12], [22, 10, 23, 9]]"
12n_0431_26,"[[22, 10, 23, 9], [15, 24, 16, 1], [2, 22, 3, 21], [4, 8, 5, 7], [6, 13, 7, 14], [8, 18, 9, 17], [10, 2, 11, 1], [12, 19, 13, 20], [14, 5, 15, 6], [23, 16, 24, 17], [18, 4, 19, 3], [20, 11, 21, 12]]"
12n_0431_27,"[[20, 11, 21, 12], [22, 10, 23, 9], [15, 24, 16, 1], [2, 22, 3, 21], [4, 8, 5, 7], [6, 13, 7, 14], [8, 18, 9, 17], [10, 2, 11, 1], [12, 19, 13, 20], [14, 5, 15, 6], [23, 16, 24, 17], [18, 4, 19, 3]]"
12n_0431_28,"[[18, 4, 19, 3], [20, 11, 21, 12], [22, 10, 23, 9], [15, 24, 16, 1], [2, 22, 3, 21], [4, 8, 5, 7], [6, 13, 7, 14], [8, 18, 9, 17], [10, 2, 11, 1], [12, 19, 13, 20], [14, 5, 15, 6], [23, 16, 24, 17]]"
12n_0431_29,"[[23, 16, 24, 17], [18, 4, 19, 3], [20, 11, 21, 12], [22, 10, 23, 9], [15, 24, 16, 1], [2, 22, 3, 21], [4, 8, 5, 7], [6, 13, 7, 14], [8, 18, 9, 17], [10, 2, 11, 1], [12, 19, 13, 20], [14, 5, 15, 6]]"
12n_0431_30,"[[14, 5, 15, 6], [23, 16, 24, 17], [18, 4, 19, 3], [20, 11, 21, 12], [22, 10, 23, 9], [15, 24, 16, 1], [2, 22, 3, 21], [4, 8, 5, 7], [6, 13, 7, 14], [8, 18, 9, 17], [10, 2, 11, 1], [12, 19, 13, 20]]"
12n_0431_31,"[[12, 19, 13, 20], [14, 5, 15, 6], [23, 16, 24, 17], [18, 4, 19, 3], [20, 11, 21, 12], [22, 10, 23, 9], [15, 24, 16, 1], [2, 22, 3, 21], [4, 8, 5, 7], [6, 13, 7, 14], [8, 18, 9, 17], [10, 2, 11, 1]]"
12n_0431_32,"[[10, 2, 11, 1], [12, 19, 13, 20], [14, 5, 15, 6], [23, 16, 24, 17], [18, 4, 19, 3], [20, 11, 21, 12], [22, 10, 23, 9], [15, 24, 16, 1], [2, 22, 3, 21], [4, 8, 5, 7], [6, 13, 7, 14], [8, 18, 9, 17]]"
12n_0431_33,"[[8, 18, 9, 17], [10, 2, 11, 1], [12, 19, 13, 20], [14, 5, 15, 6], [23, 16, 24, 17], [18, 4, 19, 3], [20, 11, 21, 12], [22, 10, 23, 9], [15, 24, 16, 1], [2, 22, 3, 21], [4, 8, 5, 7], [6, 13, 7, 14]]"
12n_0431_34,"[[6, 13, 7, 14], [8, 18, 9, 17], [10, 2, 11, 1], [12, 19, 13, 20], [14, 5, 15, 6], [23, 16, 24, 17], [18, 4, 19, 3], [20, 11, 21, 12], [22, 10, 23, 9], [15, 24, 16, 1], [2, 22, 3, 21], [4, 8, 5, 7]]"
12n_0431_35,"[[4, 8, 5, 7], [6, 13, 7, 14], [8, 18, 9, 17], [10, 2, 11, 1], [12, 19, 13, 20], [14, 5, 15, 6], [23, 16, 24, 17], [18, 4, 19, 3], [20, 11, 21, 12], [22, 10, 23, 9], [15, 24, 16, 1], [2, 22, 3, 21]]"
12n_0431_36,"[[3, 23, 4, 22], [5, 9, 6, 8], [7, 14, 8, 15], [9, 19, 10, 18], [11, 3, 12, 2], [13, 20, 14, 21], [15, 6, 16, 7], [24, 17, 1, 18], [19, 5, 20, 4], [21, 12, 22, 13], [23, 11, 24, 10], [16, 1, 17, 2]]"
12n_0431_37,"[[16, 1, 17, 2], [3, 23, 4, 22], [5, 9, 6, 8], [7, 14, 8, 15], [9, 19, 10, 18], [11, 3, 12, 2], [13, 20, 14, 21], [15, 6, 16, 7], [24, 17, 1, 18], [19, 5, 20, 4], [21, 12, 22, 13], [23, 11, 24, 10]]"
12n_0431_38,"[[23, 11, 24, 10], [16, 1, 17, 2], [3, 23, 4, 22], [5, 9, 6, 8], [7, 14, 8, 15], [9, 19, 10, 18], [11, 3, 12, 2], [13, 20, 14, 21], [15, 6, 16, 7], [24, 17, 1, 18], [19, 5, 20, 4], [21, 12, 22, 13]]"
12n_0431_39,"[[21, 12, 22, 13], [23, 11, 24, 10], [16, 1, 17, 2], [3, 23, 4, 22], [5, 9, 6, 8], [7, 14, 8, 15], [9, 19, 10, 18], [11, 3, 12, 2], [13, 20, 14, 21], [15, 6, 16, 7], [24, 17, 1, 18], [19, 5, 20, 4]]"
12n_0431_40,"[[19, 5, 20, 4], [21, 12, 22, 13], [23, 11, 24, 10], [16, 1, 17, 2], [3, 23, 4, 22], [5, 9, 6, 8], [7, 14, 8, 15], [9, 19, 10, 18], [11, 3, 12, 2], [13, 20, 14, 21], [15, 6, 16, 7], [24, 17, 1, 18]]"
12n_0431_41,"[[24, 17, 1, 18], [19, 5, 20, 4], [21, 12, 22, 13], [23, 11, 24, 10], [16, 1, 17, 2], [3, 23, 4, 22], [5, 9, 6, 8], [7, 14, 8, 15], [9, 19, 10, 18], [11, 3, 12, 2], [13, 20, 14, 21], [15, 6, 16, 7]]"
12n_0431_42,"[[15, 6, 16, 7], [24, 17, 1, 18], [19, 5, 20, 4], [21, 12, 22, 13], [23, 11, 24, 10], [16, 1, 17, 2], [3, 23, 4, 22], [5, 9, 6, 8], [7, 14, 8, 15], [9, 19, 10, 18], [11, 3, 12, 2], [13, 20, 14, 21]]"
12n_0431_43,"[[13, 20, 14, 21], [15, 6, 16, 7], [24, 17, 1, 18], [19, 5, 20, 4], [21, 12, 22, 13], [23, 11, 24, 10], [16, 1, 17, 2], [3, 23, 4, 22], [5, 9, 6, 8], [7, 14, 8, 15], [9, 19, 10, 18], [11, 3, 12, 2]]"
12n_0431_44,"[[11, 3, 12, 2], [13, 20, 14, 21], [15, 6, 16, 7], [24, 17, 1, 18], [19, 5, 20, 4], [21, 12, 22, 13], [23, 11, 24, 10], [16, 1, 17, 2], [3, 23, 4, 22], [5, 9, 6, 8], [7, 14, 8, 15], [9, 19, 10, 18]]"
12n_0431_45,"[[9, 19, 10, 18], [11, 3, 12, 2], [13, 20, 14, 21], [15, 6, 16, 7], [24, 17, 1, 18], [19, 5, 20, 4], [21, 12, 22, 13], [23, 11, 24, 10], [16, 1, 17, 2], [3, 23, 4, 22], [5, 9, 6, 8], [7, 14, 8, 15]]"
12n_0431_46,"[[7, 14, 8, 15], [9, 19, 10, 18], [11, 3, 12, 2], [13, 20, 14, 21], [15, 6, 16, 7], [24, 17, 1, 18], [19, 5, 20, 4], [21, 12, 22, 13], [23, 11, 24, 10], [16, 1, 17, 2], [3, 23, 4, 22], [5, 9, 6, 8]]"
12n_0431_47,"[[5, 9, 6, 8], [7, 14, 8, 15], [9, 19, 10, 18], [11, 3, 12, 2], [13, 20, 14, 21], [15, 6, 16, 7], [24, 17, 1, 18], [19, 5, 20, 4], [21, 12, 22, 13], [23, 11, 24, 10], [16, 1, 17, 2], [3, 23, 4, 22]]"
12n_0431_48,"[[4, 24, 5, 23], [6, 10, 7, 9], [8, 15, 9, 16], [10, 20, 11, 19], [12, 4, 13, 3], [14, 21, 15, 22], [16, 7, 17, 8], [1, 18, 2, 19], [20, 6, 21, 5], [22, 13, 23, 14], [24, 12, 1, 11], [17, 2, 18, 3]]"
12n_0431_49,"[[17, 2, 18, 3], [4, 24, 5, 23], [6, 10, 7, 9], [8, 15, 9, 16], [10, 20, 11, 19], [12, 4, 13, 3], [14, 21, 15, 22], [16, 7, 17, 8], [1, 18, 2, 19], [20, 6, 21, 5], [22, 13, 23, 14], [24, 12, 1, 11]]"
12n_0431_50,"[[24, 12, 1, 11], [17, 2, 18, 3], [4, 24, 5, 23], [6, 10, 7, 9], [8, 15, 9, 16], [10, 20, 11, 19], [12, 4, 13, 3], [14, 21, 15, 22], [16, 7, 17, 8], [1, 18, 2, 19], [20, 6, 21, 5], [22, 13, 23, 14]]"
12n_0431_51,"[[22, 13, 23, 14], [24, 12, 1, 11], [17, 2, 18, 3], [4, 24, 5, 23], [6, 10, 7, 9], [8, 15, 9, 16], [10, 20, 11, 19], [12, 4, 13, 3], [14, 21, 15, 22], [16, 7, 17, 8], [1, 18, 2, 19], [20, 6, 21, 5]]"
12n_0431_52,"[[20, 6, 21, 5], [22, 13, 23, 14], [24, 12, 1, 11], [17, 2, 18, 3], [4, 24, 5, 23], [6, 10, 7, 9], [8, 15, 9, 16], [10, 20, 11, 19], [12, 4, 13, 3], [14, 21, 15, 22], [16, 7, 17, 8], [1, 18, 2, 19]]"
12n_0431_53,"[[1, 18, 2, 19], [20, 6, 21, 5], [22, 13, 23, 14], [24, 12, 1, 11], [17, 2, 18, 3], [4, 24, 5, 23], [6, 10, 7, 9], [8, 15, 9, 16], [10, 20, 11, 19], [12, 4, 13, 3], [14, 21, 15, 22], [16, 7, 17, 8]]"
12n_0431_54,"[[16, 7, 17, 8], [1, 18, 2, 19], [20, 6, 21, 5], [22, 13, 23, 14], [24, 12, 1, 11], [17, 2, 18, 3], [4, 24, 5, 23], [6, 10, 7, 9], [8, 15, 9, 16], [10, 20, 11, 19], [12, 4, 13, 3], [14, 21, 15, 22]]"
12n_0431_55,"[[14, 21, 15, 22], [16, 7, 17, 8], [1, 18, 2, 19], [20, 6, 21, 5], [22, 13, 23, 14], [24, 12, 1, 11], [17, 2, 18, 3], [4, 24, 5, 23], [6, 10, 7, 9], [8, 15, 9, 16], [10, 20, 11, 19], [12, 4, 13, 3]]"
12n_0431_56,"[[12, 4, 13, 3], [14, 21, 15, 22], [16, 7, 17, 8], [1, 18, 2, 19], [20, 6, 21, 5], [22, 13, 23, 14], [24, 12, 1, 11], [17, 2, 18, 3], [4, 24, 5, 23], [6, 10, 7, 9], [8, 15, 9, 16], [10, 20, 11, 19]]"
12n_0431_57,"[[10, 20, 11, 19], [12, 4, 13, 3], [14, 21, 15, 22], [16, 7, 17, 8], [1, 18, 2, 19], [20, 6, 21, 5], [22, 13, 23, 14], [24, 12, 1, 11], [17, 2, 18, 3], [4, 24, 5, 23], [6, 10, 7, 9], [8, 15, 9, 16]]"
12n_0431_58,"[[8, 15, 9, 16], [10, 20, 11, 19], [12, 4, 13, 3], [14, 21, 15, 22], [16, 7, 17, 8], [1, 18, 2, 19], [20, 6, 21, 5], [22, 13, 23, 14], [24, 12, 1, 11], [17, 2, 18, 3], [4, 24, 5, 23], [6, 10, 7, 9]]"
12n_0431_59,"[[6, 10, 7, 9], [8, 15, 9, 16], [10, 20, 11, 19], [12, 4, 13, 3], [14, 21, 15, 22], [16, 7, 17, 8], [1, 18, 2, 19], [20, 6, 21, 5], [22, 13, 23, 14], [24, 12, 1, 11], [17, 2, 18, 3], [4, 24, 5, 23]]"
12n_0431_60,"[[5, 1, 6, 24], [7, 11, 8, 10], [9, 16, 10, 17], [11, 21, 12, 20], [13, 5, 14, 4], [15, 22, 16, 23], [17, 8, 18, 9], [2, 19, 3, 20], [21, 7, 22, 6], [23, 14, 24, 15], [1, 13, 2, 12], [18, 3, 19, 4]]"
12n_0431_61,"[[18, 3, 19, 4], [5, 1, 6, 24], [7, 11, 8, 10], [9, 16, 10, 17], [11, 21, 12, 20], [13, 5, 14, 4], [15, 22, 16, 23], [17, 8, 18, 9], [2, 19, 3, 20], [21, 7, 22, 6], [23, 14, 24, 15], [1, 13, 2, 12]]"
12n_0431_62,"[[1, 13, 2, 12], [18, 3, 19, 4], [5, 1, 6, 24], [7, 11, 8, 10], [9, 16, 10, 17], [11, 21, 12, 20], [13, 5, 14, 4], [15, 22, 16, 23], [17, 8, 18, 9], [2, 19, 3, 20], [21, 7, 22, 6], [23, 14, 24, 15]]"
12n_0431_63,"[[23, 14, 24, 15], [1, 13, 2, 12], [18, 3, 19, 4], [5, 1, 6, 24], [7, 11, 8, 10], [9, 16, 10, 17], [11, 21, 12, 20], [13, 5, 14, 4], [15, 22, 16, 23], [17, 8, 18, 9], [2, 19, 3, 20], [21, 7, 22, 6]]"
12n_0431_64,"[[21, 7, 22, 6], [23, 14, 24, 15], [1, 13, 2, 12], [18, 3, 19, 4], [5, 1, 6, 24], [7, 11, 8, 10], [9, 16, 10, 17], [11, 21, 12, 20], [13, 5, 14, 4], [15, 22, 16, 23], [17, 8, 18, 9], [2, 19, 3, 20]]"
12n_0431_65,"[[2, 19, 3, 20], [21, 7, 22, 6], [23, 14, 24, 15], [1, 13, 2, 12], [18, 3, 19, 4], [5, 1, 6, 24], [7, 11, 8, 10], [9, 16, 10, 17], [11, 21, 12, 20], [13, 5, 14, 4], [15, 22, 16, 23], [17, 8, 18, 9]]"
12n_0431_66,"[[17, 8, 18, 9], [2, 19, 3, 20], [21, 7, 22, 6], [23, 14, 24, 15], [1, 13, 2, 12], [18, 3, 19, 4], [5, 1, 6, 24], [7, 11, 8, 10], [9, 16, 10, 17], [11, 21, 12, 20], [13, 5, 14, 4], [15, 22, 16, 23]]"
12n_0431_67,"[[15, 22, 16, 23], [17, 8, 18, 9], [2, 19, 3, 20], [21, 7, 22, 6], [23, 14, 24, 15], [1, 13, 2, 12], [18, 3, 19, 4], [5, 1, 6, 24], [7, 11, 8, 10], [9, 16, 10, 17], [11, 21, 12, 20], [13, 5, 14, 4]]"
12n_0431_68,"[[13, 5, 14, 4], [15, 22, 16, 23], [17, 8, 18, 9], [2, 19, 3, 20], [21, 7, 22, 6], [23, 14, 24, 15], [1, 13, 2, 12], [18, 3, 19, 4], [5, 1, 6, 24], [7, 11, 8, 10], [9, 16, 10, 17], [11, 21, 12, 20]]"
12n_0431_69,"[[11, 21, 12, 20], [13, 5, 14, 4], [15, 22, 16, 23], [17, 8, 18, 9], [2, 19, 3, 20], [21, 7, 22, 6], [23, 14, 24, 15], [1, 13, 2, 12], [18, 3, 19, 4], [5, 1, 6, 24], [7, 11, 8, 10], [9, 16, 10, 17]]"
12n_0431_70,"[[9, 16, 10, 17], [11, 21, 12, 20], [13, 5, 14, 4], [15, 22, 16, 23], [17, 8, 18, 9], [2, 19, 3, 20], [21, 7, 22, 6], [23, 14, 24, 15], [1, 13, 2, 12], [18, 3, 19, 4], [5, 1, 6, 24], [7, 11, 8, 10]]"
12n_0431_71,"[[7, 11, 8, 10], [9, 16, 10, 17], [11, 21, 12, 20], [13, 5, 14, 4], [15, 22, 16, 23], [17, 8, 18, 9], [2, 19, 3, 20], [21, 7, 22, 6], [23, 14, 24, 15], [1, 13, 2, 12], [18, 3, 19, 4], [5, 1, 6, 24]]"
12n_0431_72,"[[6, 2, 7, 1], [8, 12, 9, 11], [10, 17, 11, 18], [12, 22, 13, 21], [14, 6, 15, 5], [16, 23, 17, 24], [18, 9, 19, 10], [3, 20, 4, 21], [22, 8, 23, 7], [24, 15, 1, 16], [2, 14, 3, 13], [19, 4, 20, 5]]"
12n_0431_73,"[[19, 4, 20, 5], [6, 2, 7, 1], [8, 12, 9, 11], [10, 17, 11, 18], [12, 22, 13, 21], [14, 6, 15, 5], [16, 23, 17, 24], [18, 9, 19, 10], [3, 20, 4, 21], [22, 8, 23, 7], [24, 15, 1, 16], [2, 14, 3, 13]]"
12n_0431_74,"[[2, 14, 3, 13], [19, 4, 20, 5], [6, 2, 7, 1], [8, 12, 9, 11], [10, 17, 11, 18], [12, 22, 13, 21], [14, 6, 15, 5], [16, 23, 17, 24], [18, 9, 19, 10], [3, 20, 4, 21], [22, 8, 23, 7], [24, 15, 1, 16]]"
12n_0431_75,"[[24, 15, 1, 16], [2, 14, 3, 13], [19, 4, 20, 5], [6, 2, 7, 1], [8, 12, 9, 11], [10, 17, 11, 18], [12, 22, 13, 21], [14, 6, 15, 5], [16, 23, 17, 24], [18, 9, 19, 10], [3, 20, 4, 21], [22, 8, 23, 7]]"
12n_0431_76,"[[22, 8, 23, 7], [24, 15, 1, 16], [2, 14, 3, 13], [19, 4, 20, 5], [6, 2, 7, 1], [8, 12, 9, 11], [10, 17, 11, 18], [12, 22, 13, 21], [14, 6, 15, 5], [16, 23, 17, 24], [18, 9, 19, 10], [3, 20, 4, 21]]"
12n_0431_77,"[[3, 20, 4, 21], [22, 8, 23, 7], [24, 15, 1, 16], [2, 14, 3, 13], [19, 4, 20, 5], [6, 2, 7, 1], [8, 12, 9, 11], [10, 17, 11, 18], [12, 22, 13, 21], [14, 6, 15, 5], [16, 23, 17, 24], [18, 9, 19, 10]]"
12n_0431_78,"[[18, 9, 19, 10], [3, 20, 4, 21], [22, 8, 23, 7], [24, 15, 1, 16], [2, 14, 3, 13], [19, 4, 20, 5], [6, 2, 7, 1], [8, 12, 9, 11], [10, 17, 11, 18], [12, 22, 13, 21], [14, 6, 15, 5], [16, 23, 17, 24]]"
12n_0431_79,"[[16, 23, 17, 24], [18, 9, 19, 10], [3, 20, 4, 21], [22, 8, 23, 7], [24, 15, 1, 16], [2, 14, 3, 13], [19, 4, 20, 5], [6, 2, 7, 1], [8, 12, 9, 11], [10, 17, 11, 18], [12, 22, 13, 21], [14, 6, 15, 5]]"
12n_0431_80,"[[14, 6, 15, 5], [16, 23, 17, 24], [18, 9, 19, 10], [3, 20, 4, 21], [22, 8, 23, 7], [24, 15, 1, 16], [2, 14, 3, 13], [19, 4, 20, 5], [6, 2, 7, 1], [8, 12, 9, 11], [10, 17, 11, 18], [12, 22, 13, 21]]"
12n_0431_81,"[[12, 22, 13, 21], [14, 6, 15, 5], [16, 23, 17, 24], [18, 9, 19, 10], [3, 20, 4, 21], [22, 8, 23, 7], [24, 15, 1, 16], [2, 14, 3, 13], [19, 4, 20, 5], [6, 2, 7, 1], [8, 12, 9, 11], [10, 17, 11, 18]]"
12n_0431_82,"[[10, 17, 11, 18], [12, 22, 13, 21], [14, 6, 15, 5], [16, 23, 17, 24], [18, 9, 19, 10], [3, 20, 4, 21], [22, 8, 23, 7], [24, 15, 1, 16], [2, 14, 3, 13], [19, 4, 20, 5], [6, 2, 7, 1], [8, 12, 9, 11]]"
12n_0431_83,"[[8, 12, 9, 11], [10, 17, 11, 18], [12, 22, 13, 21], [14, 6, 15, 5], [16, 23, 17, 24], [18, 9, 19, 10], [3, 20, 4, 21], [22, 8, 23, 7], [24, 15, 1, 16], [2, 14, 3, 13], [19, 4, 20, 5], [6, 2, 7, 1]]"
12n_0431_84,"[[7, 3, 8, 2], [9, 13, 10, 12], [11, 18, 12, 19], [13, 23, 14, 22], [15, 7, 16, 6], [17, 24, 18, 1], [19, 10, 20, 11], [4, 21, 5, 22], [23, 9, 24, 8], [1, 16, 2, 17], [3, 15, 4, 14], [20, 5, 21, 6]]"
12n_0431_85,"[[20, 5, 21, 6], [7, 3, 8, 2], [9, 13, 10, 12], [11, 18, 12, 19], [13, 23, 14, 22], [15, 7, 16, 6], [17, 24, 18, 1], [19, 10, 20, 11], [4, 21, 5, 22], [23, 9, 24, 8], [1, 16, 2, 17], [3, 15, 4, 14]]"
12n_0431_86,"[[3, 15, 4, 14], [20, 5, 21, 6], [7, 3, 8, 2], [9, 13, 10, 12], [11, 18, 12, 19], [13, 23, 14, 22], [15, 7, 16, 6], [17, 24, 18, 1], [19, 10, 20, 11], [4, 21, 5, 22], [23, 9, 24, 8], [1, 16, 2, 17]]"
12n_0431_87,"[[1, 16, 2, 17], [3, 15, 4, 14], [20, 5, 21, 6], [7, 3, 8, 2], [9, 13, 10, 12], [11, 18, 12, 19], [13, 23, 14, 22], [15, 7, 16, 6], [17, 24, 18, 1], [19, 10, 20, 11], [4, 21, 5, 22], [23, 9, 24, 8]]"
12n_0431_88,"[[23, 9, 24, 8], [1, 16, 2, 17], [3, 15, 4, 14], [20, 5, 21, 6], [7, 3, 8, 2], [9, 13, 10, 12], [11, 18, 12, 19], [13, 23, 14, 22], [15, 7, 16, 6], [17, 24, 18, 1], [19, 10, 20, 11], [4, 21, 5, 22]]"
12n_0431_89,"[[4, 21, 5, 22], [23, 9, 24, 8], [1, 16, 2, 17], [3, 15, 4, 14], [20, 5, 21, 6], [7, 3, 8, 2], [9, 13, 10, 12], [11, 18, 12, 19], [13, 23, 14, 22], [15, 7, 16, 6], [17, 24, 18, 1], [19, 10, 20, 11]]"
12n_0431_90,"[[19, 10, 20, 11], [4, 21, 5, 22], [23, 9, 24, 8], [1, 16, 2, 17], [3, 15, 4, 14], [20, 5, 21, 6], [7, 3, 8, 2], [9, 13, 10, 12], [11, 18, 12, 19], [13, 23, 14, 22], [15, 7, 16, 6], [17, 24, 18, 1]]"
12n_0431_91,"[[17, 24, 18, 1], [19, 10, 20, 11], [4, 21, 5, 22], [23, 9, 24, 8], [1, 16, 2, 17], [3, 15, 4, 14], [20, 5, 21, 6], [7, 3, 8, 2], [9, 13, 10, 12], [11, 18, 12, 19], [13, 23, 14, 22], [15, 7, 16, 6]]"
12n_0431_92,"[[15, 7, 16, 6], [17, 24, 18, 1], [19, 10, 20, 11], [4, 21, 5, 22], [23, 9, 24, 8], [1, 16, 2, 17], [3, 15, 4, 14], [20, 5, 21, 6], [7, 3, 8, 2], [9, 13, 10, 12], [11, 18, 12, 19], [13, 23, 14, 22]]"
12n_0431_93,"[[13, 23, 14, 22], [15, 7, 16, 6], [17, 24, 18, 1], [19, 10, 20, 11], [4, 21, 5, 22], [23, 9, 24, 8], [1, 16, 2, 17], [3, 15, 4, 14], [20, 5, 21, 6], [7, 3, 8, 2], [9, 13, 10, 12], [11, 18, 12, 19]]"
12n_0431_94,"[[11, 18, 12, 19], [13, 23, 14, 22], [15, 7, 16, 6], [17, 24, 18, 1], [19, 10, 20, 11], [4, 21, 5, 22], [23, 9, 24, 8], [1, 16, 2, 17], [3, 15, 4, 14], [20, 5, 21, 6], [7, 3, 8, 2], [9, 13, 10, 12]]"
12n_0431_95,"[[9, 13, 10, 12], [11, 18, 12, 19], [13, 23, 14, 22], [15, 7, 16, 6], [17, 24, 18, 1], [19, 10, 20, 11], [4, 21, 5, 22], [23, 9, 24, 8], [1, 16, 2, 17], [3, 15, 4, 14], [20, 5, 21, 6], [7, 3, 8, 2]]"
12n_0431_96,"[[8, 4, 9, 3], [10, 14, 11, 13], [12, 19, 13, 20], [14, 24, 15, 23], [16, 8, 17, 7], [18, 1, 19, 2], [20, 11, 21, 12], [5, 22, 6, 23], [24, 10, 1, 9], [2, 17, 3, 18], [4, 16, 5, 15], [21, 6, 22, 7]]"
12n_0431_97,"[[21, 6, 22, 7], [8, 4, 9, 3], [10, 14, 11, 13], [12, 19, 13, 20], [14, 24, 15, 23], [16, 8, 17, 7], [18, 1, 19, 2], [20, 11, 21, 12], [5, 22, 6, 23], [24, 10, 1, 9], [2, 17, 3, 18], [4, 16, 5, 15]]"
12n_0431_98,"[[4, 16, 5, 15], [21, 6, 22, 7], [8, 4, 9, 3], [10, 14, 11, 13], [12, 19, 13, 20], [14, 24, 15, 23], [16, 8, 17, 7], [18, 1, 19, 2], [20, 11, 21, 12], [5, 22, 6, 23], [24, 10, 1, 9], [2, 17, 3, 18]]"
12n_0431_99,"[[2, 17, 3, 18], [4, 16, 5, 15], [21, 6, 22, 7], [8, 4, 9, 3], [10, 14, 11, 13], [12, 19, 13, 20], [14, 24, 15, 23], [16, 8, 17, 7], [18, 1, 19, 2], [20, 11, 21, 12], [5, 22, 6, 23], [24, 10, 1, 9]]"
12n_0431_100,"[[24, 10, 1, 9], [2, 17, 3, 18], [4, 16, 5, 15], [21, 6, 22, 7], [8, 4, 9, 3], [10, 14, 11, 13], [12, 19, 13, 20], [14, 24, 15, 23], [16, 8, 17, 7], [18, 1, 19, 2], [20, 11, 21, 12], [5, 22, 6, 23]]"
12n_0431_101,"[[5, 22, 6, 23], [24, 10, 1, 9], [2, 17, 3, 18], [4, 16, 5, 15], [21, 6, 22, 7], [8, 4, 9, 3], [10, 14, 11, 13], [12, 19, 13, 20], [14, 24, 15, 23], [16, 8, 17, 7], [18, 1, 19, 2], [20, 11, 21, 12]]"
12n_0431_102,"[[20, 11, 21, 12], [5, 22, 6, 23], [24, 10, 1, 9], [2, 17, 3, 18], [4, 16, 5, 15], [21, 6, 22, 7], [8, 4, 9, 3], [10, 14, 11, 13], [12, 19, 13, 20], [14, 24, 15, 23], [16, 8, 17, 7], [18, 1, 19, 2]]"
12n_0431_103,"[[18, 1, 19, 2], [20, 11, 21, 12], [5, 22, 6, 23], [24, 10, 1, 9], [2, 17, 3, 18], [4, 16, 5, 15], [21, 6, 22, 7], [8, 4, 9, 3], [10, 14, 11, 13], [12, 19, 13, 20], [14, 24, 15, 23], [16, 8, 17, 7]]"
12n_0431_104,"[[16, 8, 17, 7], [18, 1, 19, 2], [20, 11, 21, 12], [5, 22, 6, 23], [24, 10, 1, 9], [2, 17, 3, 18], [4, 16, 5, 15], [21, 6, 22, 7], [8, 4, 9, 3], [10, 14, 11, 13], [12, 19, 13, 20], [14, 24, 15, 23]]"
12n_0431_105,"[[14, 24, 15, 23], [16, 8, 17, 7], [18, 1, 19, 2], [20, 11, 21, 12], [5, 22, 6, 23], [24, 10, 1, 9], [2, 17, 3, 18], [4, 16, 5, 15], [21, 6, 22, 7], [8, 4, 9, 3], [10, 14, 11, 13], [12, 19, 13, 20]]"
12n_0431_106,"[[12, 19, 13, 20], [14, 24, 15, 23], [16, 8, 17, 7], [18, 1, 19, 2], [20, 11, 21, 12], [5, 22, 6, 23], [24, 10, 1, 9], [2, 17, 3, 18], [4, 16, 5, 15], [21, 6, 22, 7], [8, 4, 9, 3], [10, 14, 11, 13]]"
12n_0431_107,"[[10, 14, 11, 13], [12, 19, 13, 20], [14, 24, 15, 23], [16, 8, 17, 7], [18, 1, 19, 2], [20, 11, 21, 12], [5, 22, 6, 23], [24, 10, 1, 9], [2, 17, 3, 18], [4, 16, 5, 15], [21, 6, 22, 7], [8, 4, 9, 3]]"
12n_0431_108,"[[9, 5, 10, 4], [11, 15, 12, 14], [13, 20, 14, 21], [15, 1, 16, 24], [17, 9, 18, 8], [19, 2, 20, 3], [21, 12, 22, 13], [6, 23, 7, 24], [1, 11, 2, 10], [3, 18, 4, 19], [5, 17, 6, 16], [22, 7, 23, 8]]"
12n_0431_109,"[[22, 7, 23, 8], [9, 5, 10, 4], [11, 15, 12, 14], [13, 20, 14, 21], [15, 1, 16, 24], [17, 9, 18, 8], [19, 2, 20, 3], [21, 12, 22, 13], [6, 23, 7, 24], [1, 11, 2, 10], [3, 18, 4, 19], [5, 17, 6, 16]]"
12n_0431_110,"[[5, 17, 6, 16], [22, 7, 23, 8], [9, 5, 10, 4], [11, 15, 12, 14], [13, 20, 14, 21], [15, 1, 16, 24], [17, 9, 18, 8], [19, 2, 20, 3], [21, 12, 22, 13], [6, 23, 7, 24], [1, 11, 2, 10], [3, 18, 4, 19]]"
12n_0431_111,"[[3, 18, 4, 19], [5, 17, 6, 16], [22, 7, 23, 8], [9, 5, 10, 4], [11, 15, 12, 14], [13, 20, 14, 21], [15, 1, 16, 24], [17, 9, 18, 8], [19, 2, 20, 3], [21, 12, 22, 13], [6, 23, 7, 24], [1, 11, 2, 10]]"
12n_0431_112,"[[1, 11, 2, 10], [3, 18, 4, 19], [5, 17, 6, 16], [22, 7, 23, 8], [9, 5, 10, 4], [11, 15, 12, 14], [13, 20, 14, 21], [15, 1, 16, 24], [17, 9, 18, 8], [19, 2, 20, 3], [21, 12, 22, 13], [6, 23, 7, 24]]"
12n_0431_113,"[[6, 23, 7, 24], [1, 11, 2, 10], [3, 18, 4, 19], [5, 17, 6, 16], [22, 7, 23, 8], [9, 5, 10, 4], [11, 15, 12, 14], [13, 20, 14, 21], [15, 1, 16, 24], [17, 9, 18, 8], [19, 2, 20, 3], [21, 12, 22, 13]]"
12n_0431_114,"[[21, 12, 22, 13], [6, 23, 7, 24], [1, 11, 2, 10], [3, 18, 4, 19], [5, 17, 6, 16], [22, 7, 23, 8], [9, 5, 10, 4], [11, 15, 12, 14], [13, 20, 14, 21], [15, 1, 16, 24], [17, 9, 18, 8], [19, 2, 20, 3]]"
12n_0431_115,"[[19, 2, 20, 3], [21, 12, 22, 13], [6, 23, 7, 24], [1, 11, 2, 10], [3, 18, 4, 19], [5, 17, 6, 16], [22, 7, 23, 8], [9, 5, 10, 4], [11, 15, 12, 14], [13, 20, 14, 21], [15, 1, 16, 24], [17, 9, 18, 8]]"
12n_0431_116,"[[17, 9, 18, 8], [19, 2, 20, 3], [21, 12, 22, 13], [6, 23, 7, 24], [1, 11, 2, 10], [3, 18, 4, 19], [5, 17, 6, 16], [22, 7, 23, 8], [9, 5, 10, 4], [11, 15, 12, 14], [13, 20, 14, 21], [15, 1, 16, 24]]"
12n_0431_117,"[[15, 1, 16, 24], [17, 9, 18, 8], [19, 2, 20, 3], [21, 12, 22, 13], [6, 23, 7, 24], [1, 11, 2, 10], [3, 18, 4, 19], [5, 17, 6, 16], [22, 7, 23, 8], [9, 5, 10, 4], [11, 15, 12, 14], [13, 20, 14, 21]]"
12n_0431_118,"[[13, 20, 14, 21], [15, 1, 16, 24], [17, 9, 18, 8], [19, 2, 20, 3], [21, 12, 22, 13], [6, 23, 7, 24], [1, 11, 2, 10], [3, 18, 4, 19], [5, 17, 6, 16], [22, 7, 23, 8], [9, 5, 10, 4], [11, 15, 12, 14]]"
12n_0431_119,"[[11, 15, 12, 14], [13, 20, 14, 21], [15, 1, 16, 24], [17, 9, 18, 8], [19, 2, 20, 3], [21, 12, 22, 13], [6, 23, 7, 24], [1, 11, 2, 10], [3, 18, 4, 19], [5, 17, 6, 16], [22, 7, 23, 8], [9, 5, 10, 4]]"
12n_0431_120,"[[10, 6, 11, 5], [12, 16, 13, 15], [14, 21, 15, 22], [16, 2, 17, 1], [18, 10, 19, 9], [20, 3, 21, 4], [22, 13, 23, 14], [7, 24, 8, 1], [2, 12, 3, 11], [4, 19, 5, 20], [6, 18, 7, 17], [23, 8, 24, 9]]"
12n_0431_121,"[[23, 8, 24, 9], [10, 6, 11, 5], [12, 16, 13, 15], [14, 21, 15, 22], [16, 2, 17, 1], [18, 10, 19, 9], [20, 3, 21, 4], [22, 13, 23, 14], [7, 24, 8, 1], [2, 12, 3, 11], [4, 19, 5, 20], [6, 18, 7, 17]]"
12n_0431_122,"[[6, 18, 7, 17], [23, 8, 24, 9], [10, 6, 11, 5], [12, 16, 13, 15], [14, 21, 15, 22], [16, 2, 17, 1], [18, 10, 19, 9], [20, 3, 21, 4], [22, 13, 23, 14], [7, 24, 8, 1], [2, 12, 3, 11], [4, 19, 5, 20]]"
12n_0431_123,"[[4, 19, 5, 20], [6, 18, 7, 17], [23, 8, 24, 9], [10, 6, 11, 5], [12, 16, 13, 15], [14, 21, 15, 22], [16, 2, 17, 1], [18, 10, 19, 9], [20, 3, 21, 4], [22, 13, 23, 14], [7, 24, 8, 1], [2, 12, 3, 11]]"
12n_0431_124,"[[2, 12, 3, 11], [4, 19, 5, 20], [6, 18, 7, 17], [23, 8, 24, 9], [10, 6, 11, 5], [12, 16, 13, 15], [14, 21, 15, 22], [16, 2, 17, 1], [18, 10, 19, 9], [20, 3, 21, 4], [22, 13, 23, 14], [7, 24, 8, 1]]"
12n_0431_125,"[[7, 24, 8, 1], [2, 12, 3, 11], [4, 19, 5, 20], [6, 18, 7, 17], [23, 8, 24, 9], [10, 6, 11, 5], [12, 16, 13, 15], [14, 21, 15, 22], [16, 2, 17, 1], [18, 10, 19, 9], [20, 3, 21, 4], [22, 13, 23, 14]]"
12n_0431_126,"[[22, 13, 23, 14], [7, 24, 8, 1], [2, 12, 3, 11], [4, 19, 5, 20], [6, 18, 7, 17], [23, 8, 24, 9], [10, 6, 11, 5], [12, 16, 13, 15], [14, 21, 15, 22], [16, 2, 17, 1], [18, 10, 19, 9], [20, 3, 21, 4]]"
12n_0431_127,"[[20, 3, 21, 4], [22, 13, 23, 14], [7, 24, 8, 1], [2, 12, 3, 11], [4, 19, 5, 20], [6, 18, 7, 17], [23, 8, 24, 9], [10, 6, 11, 5], [12, 16, 13, 15], [14, 21, 15, 22], [16, 2, 17, 1], [18, 10, 19, 9]]"
12n_0431_128,"[[18, 10, 19, 9], [20, 3, 21, 4], [22, 13, 23, 14], [7, 24, 8, 1], [2, 12, 3, 11], [4, 19, 5, 20], [6, 18, 7, 17], [23, 8, 24, 9], [10, 6, 11, 5], [12, 16, 13, 15], [14, 21, 15, 22], [16, 2, 17, 1]]"
12n_0431_129,"[[16, 2, 17, 1], [18, 10, 19, 9], [20, 3, 21, 4], [22, 13, 23, 14], [7, 24, 8, 1], [2, 12, 3, 11], [4, 19, 5, 20], [6, 18, 7, 17], [23, 8, 24, 9], [10, 6, 11, 5], [12, 16, 13, 15], [14, 21, 15, 22]]"
12n_0431_130,"[[14, 21, 15, 22], [16, 2, 17, 1], [18, 10, 19, 9], [20, 3, 21, 4], [22, 13, 23, 14], [7, 24, 8, 1], [2, 12, 3, 11], [4, 19, 5, 20], [6, 18, 7, 17], [23, 8, 24, 9], [10, 6, 11, 5], [12, 16, 13, 15]]"
12n_0431_131,"[[12, 16, 13, 15], [14, 21, 15, 22], [16, 2, 17, 1], [18, 10, 19, 9], [20, 3, 21, 4], [22, 13, 23, 14], [7, 24, 8, 1], [2, 12, 3, 11], [4, 19, 5, 20], [6, 18, 7, 17], [23, 8, 24, 9], [10, 6, 11, 5]]"
12n_0431_132,"[[11, 7, 12, 6], [13, 17, 14, 16], [15, 22, 16, 23], [17, 3, 18, 2], [19, 11, 20, 10], [21, 4, 22, 5], [23, 14, 24, 15], [8, 1, 9, 2], [3, 13, 4, 12], [5, 20, 6, 21], [7, 19, 8, 18], [24, 9, 1, 10]]"
12n_0431_133,"[[24, 9, 1, 10], [11, 7, 12, 6], [13, 17, 14, 16], [15, 22, 16, 23], [17, 3, 18, 2], [19, 11, 20, 10], [21, 4, 22, 5], [23, 14, 24, 15], [8, 1, 9, 2], [3, 13, 4, 12], [5, 20, 6, 21], [7, 19, 8, 18]]"
12n_0431_134,"[[7, 19, 8, 18], [24, 9, 1, 10], [11, 7, 12, 6], [13, 17, 14, 16], [15, 22, 16, 23], [17, 3, 18, 2], [19, 11, 20, 10], [21, 4, 22, 5], [23, 14, 24, 15], [8, 1, 9, 2], [3, 13, 4, 12], [5, 20, 6, 21]]"
12n_0431_135,"[[5, 20, 6, 21], [7, 19, 8, 18], [24, 9, 1, 10], [11, 7, 12, 6], [13, 17, 14, 16], [15, 22, 16, 23], [17, 3, 18, 2], [19, 11, 20, 10], [21, 4, 22, 5], [23, 14, 24, 15], [8, 1, 9, 2], [3, 13, 4, 12]]"
12n_0431_136,"[[3, 13, 4, 12], [5, 20, 6, 21], [7, 19, 8, 18], [24, 9, 1, 10], [11, 7, 12, 6], [13, 17, 14, 16], [15, 22, 16, 23], [17, 3, 18, 2], [19, 11, 20, 10], [21, 4, 22, 5], [23, 14, 24, 15], [8, 1, 9, 2]]"
12n_0431_137,"[[8, 1, 9, 2], [3, 13, 4, 12], [5, 20, 6, 21], [7, 19, 8, 18], [24, 9, 1, 10], [11, 7, 12, 6], [13, 17, 14, 16], [15, 22, 16, 23], [17, 3, 18, 2], [19, 11, 20, 10], [21, 4, 22, 5], [23, 14, 24, 15]]"
12n_0431_138,"[[23, 14, 24, 15], [8, 1, 9, 2], [3, 13, 4, 12], [5, 20, 6, 21], [7, 19, 8, 18], [24, 9, 1, 10], [11, 7, 12, 6], [13, 17, 14, 16], [15, 22, 16, 23], [17, 3, 18, 2], [19, 11, 20, 10], [21, 4, 22, 5]]"
12n_0431_139,"[[21, 4, 22, 5], [23, 14, 24, 15], [8, 1, 9, 2], [3, 13, 4, 12], [5, 20, 6, 21], [7, 19, 8, 18], [24, 9, 1, 10], [11, 7, 12, 6], [13, 17, 14, 16], [15, 22, 16, 23], [17, 3, 18, 2], [19, 11, 20, 10]]"
12n_0431_140,"[[19, 11, 20, 10], [21, 4, 22, 5], [23, 14, 24, 15], [8, 1, 9, 2], [3, 13, 4, 12], [5, 20, 6, 21], [7, 19, 8, 18], [24, 9, 1, 10], [11, 7, 12, 6], [13, 17, 14, 16], [15, 22, 16, 23], [17, 3, 18, 2]]"
12n_0431_141,"[[17, 3, 18, 2], [19, 11, 20, 10], [21, 4, 22, 5], [23, 14, 24, 15], [8, 1, 9, 2], [3, 13, 4, 12], [5, 20, 6, 21], [7, 19, 8, 18], [24, 9, 1, 10], [11, 7, 12, 6], [13, 17, 14, 16], [15, 22, 16, 23]]"
12n_0431_142,"[[15, 22, 16, 23], [17, 3, 18, 2], [19, 11, 20, 10], [21, 4, 22, 5], [23, 14, 24, 15], [8, 1, 9, 2], [3, 13, 4, 12], [5, 20, 6, 21], [7, 19, 8, 18], [24, 9, 1, 10], [11, 7, 12, 6], [13, 17, 14, 16]]"
12n_0431_143,"[[13, 17, 14, 16], [15, 22, 16, 23], [17, 3, 18, 2], [19, 11, 20, 10], [21, 4, 22, 5], [23, 14, 24, 15], [8, 1, 9, 2], [3, 13, 4, 12], [5, 20, 6, 21], [7, 19, 8, 18], [24, 9, 1, 10], [11, 7, 12, 6]]"
12n_0431_144,"[[12, 8, 13, 7], [14, 18, 15, 17], [16, 23, 17, 24], [18, 4, 19, 3], [20, 12, 21, 11], [22, 5, 23, 6], [24, 15, 1, 16], [9, 2, 10, 3], [4, 14, 5, 13], [6, 21, 7, 22], [8, 20, 9, 19], [1, 10, 2, 11]]"
12n_0431_145,"[[1, 10, 2, 11], [12, 8, 13, 7], [14, 18, 15, 17], [16, 23, 17, 24], [18, 4, 19, 3], [20, 12, 21, 11], [22, 5, 23, 6], [24, 15, 1, 16], [9, 2, 10, 3], [4, 14, 5, 13], [6, 21, 7, 22], [8, 20, 9, 19]]"
12n_0431_146,"[[8, 20, 9, 19], [1, 10, 2, 11], [12, 8, 13, 7], [14, 18, 15, 17], [16, 23, 17, 24], [18, 4, 19, 3], [20, 12, 21, 11], [22, 5, 23, 6], [24, 15, 1, 16], [9, 2, 10, 3], [4, 14, 5, 13], [6, 21, 7, 22]]"
12n_0431_147,"[[6, 21, 7, 22], [8, 20, 9, 19], [1, 10, 2, 11], [12, 8, 13, 7], [14, 18, 15, 17], [16, 23, 17, 24], [18, 4, 19, 3], [20, 12, 21, 11], [22, 5, 23, 6], [24, 15, 1, 16], [9, 2, 10, 3], [4, 14, 5, 13]]"
12n_0431_148,"[[4, 14, 5, 13], [6, 21, 7, 22], [8, 20, 9, 19], [1, 10, 2, 11], [12, 8, 13, 7], [14, 18, 15, 17], [16, 23, 17, 24], [18, 4, 19, 3], [20, 12, 21, 11], [22, 5, 23, 6], [24, 15, 1, 16], [9, 2, 10, 3]]"
12n_0431_149,"[[9, 2, 10, 3], [4, 14, 5, 13], [6, 21, 7, 22], [8, 20, 9, 19], [1, 10, 2, 11], [12, 8, 13, 7], [14, 18, 15, 17], [16, 23, 17, 24], [18, 4, 19, 3], [20, 12, 21, 11], [22, 5, 23, 6], [24, 15, 1, 16]]"
12n_0431_150,"[[24, 15, 1, 16], [9, 2, 10, 3], [4, 14, 5, 13], [6, 21, 7, 22], [8, 20, 9, 19], [1, 10, 2, 11], [12, 8, 13, 7], [14, 18, 15, 17], [16, 23, 17, 24], [18, 4, 19, 3], [20, 12, 21, 11], [22, 5, 23, 6]]"
12n_0431_151,"[[22, 5, 23, 6], [24, 15, 1, 16], [9, 2, 10, 3], [4, 14, 5, 13], [6, 21, 7, 22], [8, 20, 9, 19], [1, 10, 2, 11], [12, 8, 13, 7], [14, 18, 15, 17], [16, 23, 17, 24], [18, 4, 19, 3], [20, 12, 21, 11]]"
12n_0431_152,"[[20, 12, 21, 11], [22, 5, 23, 6], [24, 15, 1, 16], [9, 2, 10, 3], [4, 14, 5, 13], [6, 21, 7, 22], [8, 20, 9, 19], [1, 10, 2, 11], [12, 8, 13, 7], [14, 18, 15, 17], [16, 23, 17, 24], [18, 4, 19, 3]]"
12n_0431_153,"[[18, 4, 19, 3], [20, 12, 21, 11], [22, 5, 23, 6], [24, 15, 1, 16], [9, 2, 10, 3], [4, 14, 5, 13], [6, 21, 7, 22], [8, 20, 9, 19], [1, 10, 2, 11], [12, 8, 13, 7], [14, 18, 15, 17], [16, 23, 17, 24]]"
12n_0431_154,"[[16, 23, 17, 24], [18, 4, 19, 3], [20, 12, 21, 11], [22, 5, 23, 6], [24, 15, 1, 16], [9, 2, 10, 3], [4, 14, 5, 13], [6, 21, 7, 22], [8, 20, 9, 19], [1, 10, 2, 11], [12, 8, 13, 7], [14, 18, 15, 17]]"
12n_0431_155,"[[14, 18, 15, 17], [16, 23, 17, 24], [18, 4, 19, 3], [20, 12, 21, 11], [22, 5, 23, 6], [24, 15, 1, 16], [9, 2, 10, 3], [4, 14, 5, 13], [6, 21, 7, 22], [8, 20, 9, 19], [1, 10, 2, 11], [12, 8, 13, 7]]"
12n_0431_156,"[[13, 9, 14, 8], [15, 19, 16, 18], [17, 24, 18, 1], [19, 5, 20, 4], [21, 13, 22, 12], [23, 6, 24, 7], [1, 16, 2, 17], [10, 3, 11, 4], [5, 15, 6, 14], [7, 22, 8, 23], [9, 21, 10, 20], [2, 11, 3, 12]]"
12n_0431_157,"[[2, 11, 3, 12], [13, 9, 14, 8], [15, 19, 16, 18], [17, 24, 18, 1], [19, 5, 20, 4], [21, 13, 22, 12], [23, 6, 24, 7], [1, 16, 2, 17], [10, 3, 11, 4], [5, 15, 6, 14], [7, 22, 8, 23], [9, 21, 10, 20]]"
12n_0431_158,"[[9, 21, 10, 20], [2, 11, 3, 12], [13, 9, 14, 8], [15, 19, 16, 18], [17, 24, 18, 1], [19, 5, 20, 4], [21, 13, 22, 12], [23, 6, 24, 7], [1, 16, 2, 17], [10, 3, 11, 4], [5, 15, 6, 14], [7, 22, 8, 23]]"
12n_0431_159,"[[7, 22, 8, 23], [9, 21, 10, 20], [2, 11, 3, 12], [13, 9, 14, 8], [15, 19, 16, 18], [17, 24, 18, 1], [19, 5, 20, 4], [21, 13, 22, 12], [23, 6, 24, 7], [1, 16, 2, 17], [10, 3, 11, 4], [5, 15, 6, 14]]"
12n_0431_160,"[[5, 15, 6, 14], [7, 22, 8, 23], [9, 21, 10, 20], [2, 11, 3, 12], [13, 9, 14, 8], [15, 19, 16, 18], [17, 24, 18, 1], [19, 5, 20, 4], [21, 13, 22, 12], [23, 6, 24, 7], [1, 16, 2, 17], [10, 3, 11, 4]]"
12n_0431_161,"[[10, 3, 11, 4], [5, 15, 6, 14], [7, 22, 8, 23], [9, 21, 10, 20], [2, 11, 3, 12], [13, 9, 14, 8], [15, 19, 16, 18], [17, 24, 18, 1], [19, 5, 20, 4], [21, 13, 22, 12], [23, 6, 24, 7], [1, 16, 2, 17]]"
12n_0431_162,"[[1, 16, 2, 17], [10, 3, 11, 4], [5, 15, 6, 14], [7, 22, 8, 23], [9, 21, 10, 20], [2, 11, 3, 12], [13, 9, 14, 8], [15, 19, 16, 18], [17, 24, 18, 1], [19, 5, 20, 4], [21, 13, 22, 12], [23, 6, 24, 7]]"
12n_0431_163,"[[23, 6, 24, 7], [1, 16, 2, 17], [10, 3, 11, 4], [5, 15, 6, 14], [7, 22, 8, 23], [9, 21, 10, 20], [2, 11, 3, 12], [13, 9, 14, 8], [15, 19, 16, 18], [17, 24, 18, 1], [19, 5, 20, 4], [21, 13, 22, 12]]"
12n_0431_164,"[[21, 13, 22, 12], [23, 6, 24, 7], [1, 16, 2, 17], [10, 3, 11, 4], [5, 15, 6, 14], [7, 22, 8, 23], [9, 21, 10, 20], [2, 11, 3, 12], [13, 9, 14, 8], [15, 19, 16, 18], [17, 24, 18, 1], [19, 5, 20, 4]]"
12n_0431_165,"[[19, 5, 20, 4], [21, 13, 22, 12], [23, 6, 24, 7], [1, 16, 2, 17], [10, 3, 11, 4], [5, 15, 6, 14], [7, 22, 8, 23], [9, 21, 10, 20], [2, 11, 3, 12], [13, 9, 14, 8], [15, 19, 16, 18], [17, 24, 18, 1]]"
12n_0431_166,"[[17, 24, 18, 1], [19, 5, 20, 4], [21, 13, 22, 12], [23, 6, 24, 7], [1, 16, 2, 17], [10, 3, 11, 4], [5, 15, 6, 14], [7, 22, 8, 23], [9, 21, 10, 20], [2, 11, 3, 12], [13, 9, 14, 8], [15, 19, 16, 18]]"
12n_0431_167,"[[15, 19, 16, 18], [17, 24, 18, 1], [19, 5, 20, 4], [21, 13, 22, 12], [23, 6, 24, 7], [1, 16, 2, 17], [10, 3, 11, 4], [5, 15, 6, 14], [7, 22, 8, 23], [9, 21, 10, 20], [2, 11, 3, 12], [13, 9, 14, 8]]"
12n_0431_168,"[[14, 10, 15, 9], [16, 20, 17, 19], [18, 1, 19, 2], [20, 6, 21, 5], [22, 14, 23, 13], [24, 7, 1, 8], [2, 17, 3, 18], [11, 4, 12, 5], [6, 16, 7, 15], [8, 23, 9, 24], [10, 22, 11, 21], [3, 12, 4, 13]]"
12n_0431_169,"[[3, 12, 4, 13], [14, 10, 15, 9], [16, 20, 17, 19], [18, 1, 19, 2], [20, 6, 21, 5], [22, 14, 23, 13], [24, 7, 1, 8], [2, 17, 3, 18], [11, 4, 12, 5], [6, 16, 7, 15], [8, 23, 9, 24], [10, 22, 11, 21]]"
12n_0431_170,"[[10, 22, 11, 21], [3, 12, 4, 13], [14, 10, 15, 9], [16, 20, 17, 19], [18, 1, 19, 2], [20, 6, 21, 5], [22, 14, 23, 13], [24, 7, 1, 8], [2, 17, 3, 18], [11, 4, 12, 5], [6, 16, 7, 15], [8, 23, 9, 24]]"
12n_0431_171,"[[8, 23, 9, 24], [10, 22, 11, 21], [3, 12, 4, 13], [14, 10, 15, 9], [16, 20, 17, 19], [18, 1, 19, 2], [20, 6, 21, 5], [22, 14, 23, 13], [24, 7, 1, 8], [2, 17, 3, 18], [11, 4, 12, 5], [6, 16, 7, 15]]"
12n_0431_172,"[[6, 16, 7, 15], [8, 23, 9, 24], [10, 22, 11, 21], [3, 12, 4, 13], [14, 10, 15, 9], [16, 20, 17, 19], [18, 1, 19, 2], [20, 6, 21, 5], [22, 14, 23, 13], [24, 7, 1, 8], [2, 17, 3, 18], [11, 4, 12, 5]]"
12n_0431_173,"[[11, 4, 12, 5], [6, 16, 7, 15], [8, 23, 9, 24], [10, 22, 11, 21], [3, 12, 4, 13], [14, 10, 15, 9], [16, 20, 17, 19], [18, 1, 19, 2], [20, 6, 21, 5], [22, 14, 23, 13], [24, 7, 1, 8], [2, 17, 3, 18]]"
12n_0431_174,"[[2, 17, 3, 18], [11, 4, 12, 5], [6, 16, 7, 15], [8, 23, 9, 24], [10, 22, 11, 21], [3, 12, 4, 13], [14, 10, 15, 9], [16, 20, 17, 19], [18, 1, 19, 2], [20, 6, 21, 5], [22, 14, 23, 13], [24, 7, 1, 8]]"
12n_0431_175,"[[24, 7, 1, 8], [2, 17, 3, 18], [11, 4, 12, 5], [6, 16, 7, 15], [8, 23, 9, 24], [10, 22, 11, 21], [3, 12, 4, 13], [14, 10, 15, 9], [16, 20, 17, 19], [18, 1, 19, 2], [20, 6, 21, 5], [22, 14, 23, 13]]"
12n_0431_176,"[[22, 14, 23, 13], [24, 7, 1, 8], [2, 17, 3, 18], [11, 4, 12, 5], [6, 16, 7, 15], [8, 23, 9, 24], [10, 22, 11, 21], [3, 12, 4, 13], [14, 10, 15, 9], [16, 20, 17, 19], [18, 1, 19, 2], [20, 6, 21, 5]]"
12n_0431_177,"[[20, 6, 21, 5], [22, 14, 23, 13], [24, 7, 1, 8], [2, 17, 3, 18], [11, 4, 12, 5], [6, 16, 7, 15], [8, 23, 9, 24], [10, 22, 11, 21], [3, 12, 4, 13], [14, 10, 15, 9], [16, 20, 17, 19], [18, 1, 19, 2]]"
12n_0431_178,"[[18, 1, 19, 2], [20, 6, 21, 5], [22, 14, 23, 13], [24, 7, 1, 8], [2, 17, 3, 18], [11, 4, 12, 5], [6, 16, 7, 15], [8, 23, 9, 24], [10, 22, 11, 21], [3, 12, 4, 13], [14, 10, 15, 9], [16, 20, 17, 19]]"
12n_0431_179,"[[16, 20, 17, 19], [18, 1, 19, 2], [20, 6, 21, 5], [22, 14, 23, 13], [24, 7, 1, 8], [2, 17, 3, 18], [11, 4, 12, 5], [6, 16, 7, 15], [8, 23, 9, 24], [10, 22, 11, 21], [3, 12, 4, 13], [14, 10, 15, 9]]"
12n_0431_180,"[[15, 11, 16, 10], [17, 21, 18, 20], [19, 2, 20, 3], [21, 7, 22, 6], [23, 15, 24, 14], [1, 8, 2, 9], [3, 18, 4, 19], [12, 5, 13, 6], [7, 17, 8, 16], [9, 24, 10, 1], [11, 23, 12, 22], [4, 13, 5, 14]]"
12n_0431_181,"[[4, 13, 5, 14], [15, 11, 16, 10], [17, 21, 18, 20], [19, 2, 20, 3], [21, 7, 22, 6], [23, 15, 24, 14], [1, 8, 2, 9], [3, 18, 4, 19], [12, 5, 13, 6], [7, 17, 8, 16], [9, 24, 10, 1], [11, 23, 12, 22]]"
12n_0431_182,"[[11, 23, 12, 22], [4, 13, 5, 14], [15, 11, 16, 10], [17, 21, 18, 20], [19, 2, 20, 3], [21, 7, 22, 6], [23, 15, 24, 14], [1, 8, 2, 9], [3, 18, 4, 19], [12, 5, 13, 6], [7, 17, 8, 16], [9, 24, 10, 1]]"
12n_0431_183,"[[9, 24, 10, 1], [11, 23, 12, 22], [4, 13, 5, 14], [15, 11, 16, 10], [17, 21, 18, 20], [19, 2, 20, 3], [21, 7, 22, 6], [23, 15, 24, 14], [1, 8, 2, 9], [3, 18, 4, 19], [12, 5, 13, 6], [7, 17, 8, 16]]"
12n_0431_184,"[[7, 17, 8, 16], [9, 24, 10, 1], [11, 23, 12, 22], [4, 13, 5, 14], [15, 11, 16, 10], [17, 21, 18, 20], [19, 2, 20, 3], [21, 7, 22, 6], [23, 15, 24, 14], [1, 8, 2, 9], [3, 18, 4, 19], [12, 5, 13, 6]]"
12n_0431_185,"[[12, 5, 13, 6], [7, 17, 8, 16], [9, 24, 10, 1], [11, 23, 12, 22], [4, 13, 5, 14], [15, 11, 16, 10], [17, 21, 18, 20], [19, 2, 20, 3], [21, 7, 22, 6], [23, 15, 24, 14], [1, 8, 2, 9], [3, 18, 4, 19]]"
