name,pd_notation
12n_0290_0,"[[19, 1, 20, 24], [2, 6, 3, 5], [4, 12, 5, 11], [6, 14, 7, 13], [17, 8, 18, 9], [10, 4, 11, 3], [12, 10, 13, 9], [21, 15, 22, 14], [7, 16, 8, 17], [23, 19, 24, 18], [1, 21, 2, 20], [15, 23, 16, 22]]"
12n_0290_1,"[[15, 23, 16, 22], [19, 1, 20, 24], [2, 6, 3, 5], [4, 12, 5, 11], [6, 14, 7, 13], [17, 8, 18, 9], [10, 4, 11, 3], [12, 10, 13, 9], [21, 15, 22, 14], [7, 16, 8, 17], [23, 19, 24, 18], [1, 21, 2, 20]]"
12n_0290_2,"[[1, 21, 2, 20], [15, 23, 16, 22], [19, 1, 20, 24], [2, 6, 3, 5], [4, 12, 5, 11], [6, 14, 7, 13], [17, 8, 18, 9], [10, 4, 11, 3], [12, 10, 13, 9], [21, 15, 22, 14], [7, 16, 8, 17], [23, 19, 24, 18]]"
12n_0290_3,"[[23, 19, 24, 18], [1, 21, 2, 20], [15, 23, 16, 22], [19, 1, 20, 24], [2, 6, 3, 5], [4, 12, 5, 11], [6, 14, 7, 13], [17, 8, 18, 9], [10, 4, 11, 3], [12, 10, 13, 9], [21, 15, 22, 14], [7, 16, 8, 17]]"
12n_0290_4,"[[7, 16, 8, 17], [23, 19, 24, 18], [1, 21, 2, 20], [15, 23, 16, 22], [19, 1, 20, 24], [2, 6, 3, 5], [4, 12, 5, 11], [6, 14, 7, 13], [17, 8, 18, 9], [10, 4, 11, 3], [12, 10, 13, 9], [21, 15, 22, 14]]"
12n_0290_5,"[[21, 15, 22, 14], [7, 16, 8, 17], [23, 19, 24, 18], [1, 21, 2, 20], [15, 23, 16, 22], [19, 1, 20, 24], [2, 6, 3, 5], [4, 12, 5, 11], [6, 14, 7, 13], [17, 8, 18, 9], [10, 4, 11, 3], [12, 10, 13, 9]]"
12n_0290_6,"[[12, 10, 13, 9], [21, 15, 22, 14], [7, 16, 8, 17], [23, 19, 24, 18], [1, 21, 2, 20], [15, 23, 16, 22], [19, 1, 20, 24], [2, 6, 3, 5], [4, 12, 5, 11], [6, 14, 7, 13], [17, 8, 18, 9], [10, 4, 11, 3]]"
12n_0290_7,"[[10, 4, 11, 3], [12, 10, 13, 9], [21, 15, 22, 14], [7, 16, 8, 17], [23, 19, 24, 18], [1, 21, 2, 20], [15, 23, 16, 22], [19, 1, 20, 24], [2, 6, 3, 5], [4, 12, 5, 11], [6, 14, 7, 13], [17, 8, 18, 9]]"
12n_0290_8,"[[17, 8, 18, 9], [10, 4, 11, 3], [12, 10, 13, 9], [21, 15, 22, 14], [7, 16, 8, 17], [23, 19, 24, 18], [1, 21, 2, 20], [15, 23, 16, 22], [19, 1, 20, 24], [2, 6, 3, 5], [4, 12, 5, 11], [6, 14, 7, 13]]"
12n_0290_9,"[[6, 14, 7, 13], [17, 8, 18, 9], [10, 4, 11, 3], [12, 10, 13, 9], [21, 15, 22, 14], [7, 16, 8, 17], [23, 19, 24, 18], [1, 21, 2, 20], [15, 23, 16, 22], [19, 1, 20, 24], [2, 6, 3, 5], [4, 12, 5, 11]]"
12n_0290_10,"[[4, 12, 5, 11], [6, 14, 7, 13], [17, 8, 18, 9], [10, 4, 11, 3], [12, 10, 13, 9], [21, 15, 22, 14], [7, 16, 8, 17], [23, 19, 24, 18], [1, 21, 2, 20], [15, 23, 16, 22], [19, 1, 20, 24], [2, 6, 3, 5]]"
12n_0290_11,"[[2, 6, 3, 5], [4, 12, 5, 11], [6, 14, 7, 13], [17, 8, 18, 9], [10, 4, 11, 3], [12, 10, 13, 9], [21, 15, 22, 14], [7, 16, 8, 17], [23, 19, 24, 18], [1, 21, 2, 20], [15, 23, 16, 22], [19, 1, 20, 24]]"
12n_0290_12,"[[20, 2, 21, 1], [3, 7, 4, 6], [5, 13, 6, 12], [7, 15, 8, 14], [18, 9, 19, 10], [11, 5, 12, 4], [13, 11, 14, 10], [22, 16, 23, 15], [8, 17, 9, 18], [24, 20, 1, 19], [2, 22, 3, 21], [16, 24, 17, 23]]"
12n_0290_13,"[[16, 24, 17, 23], [20, 2, 21, 1], [3, 7, 4, 6], [5, 13, 6, 12], [7, 15, 8, 14], [18, 9, 19, 10], [11, 5, 12, 4], [13, 11, 14, 10], [22, 16, 23, 15], [8, 17, 9, 18], [24, 20, 1, 19], [2, 22, 3, 21]]"
12n_0290_14,"[[2, 22, 3, 21], [16, 24, 17, 23], [20, 2, 21, 1], [3, 7, 4, 6], [5, 13, 6, 12], [7, 15, 8, 14], [18, 9, 19, 10], [11, 5, 12, 4], [13, 11, 14, 10], [22, 16, 23, 15], [8, 17, 9, 18], [24, 20, 1, 19]]"
12n_0290_15,"[[24, 20, 1, 19], [2, 22, 3, 21], [16, 24, 17, 23], [20, 2, 21, 1], [3, 7, 4, 6], [5, 13, 6, 12], [7, 15, 8, 14], [18, 9, 19, 10], [11, 5, 12, 4], [13, 11, 14, 10], [22, 16, 23, 15], [8, 17, 9, 18]]"
12n_0290_16,"[[8, 17, 9, 18], [24, 20, 1, 19], [2, 22, 3, 21], [16, 24, 17, 23], [20, 2, 21, 1], [3, 7, 4, 6], [5, 13, 6, 12], [7, 15, 8, 14], [18, 9, 19, 10], [11, 5, 12, 4], [13, 11, 14, 10], [22, 16, 23, 15]]"
12n_0290_17,"[[22, 16, 23, 15], [8, 17, 9, 18], [24, 20, 1, 19], [2, 22, 3, 21], [16, 24, 17, 23], [20, 2, 21, 1], [3, 7, 4, 6], [5, 13, 6, 12], [7, 15, 8, 14], [18, 9, 19, 10], [11, 5, 12, 4], [13, 11, 14, 10]]"
12n_0290_18,"[[13, 11, 14, 10], [22, 16, 23, 15], [8, 17, 9, 18], [24, 20, 1, 19], [2, 22, 3, 21], [16, 24, 17, 23], [20, 2, 21, 1], [3, 7, 4, 6], [5, 13, 6, 12], [7, 15, 8, 14], [18, 9, 19, 10], [11, 5, 12, 4]]"
12n_0290_19,"[[11, 5, 12, 4], [13, 11, 14, 10], [22, 16, 23, 15], [8, 17, 9, 18], [24, 20, 1, 19], [2, 22, 3, 21], [16, 24, 17, 23], [20, 2, 21, 1], [3, 7, 4, 6], [5, 13, 6, 12], [7, 15, 8, 14], [18, 9, 19, 10]]"
12n_0290_20,"[[18, 9, 19, 10], [11, 5, 12, 4], [13, 11, 14, 10], [22, 16, 23, 15], [8, 17, 9, 18], [24, 20, 1, 19], [2, 22, 3, 21], [16, 24, 17, 23], [20, 2, 21, 1], [3, 7, 4, 6], [5, 13, 6, 12], [7, 15, 8, 14]]"
12n_0290_21,"[[7, 15, 8, 14], [18, 9, 19, 10], [11, 5, 12, 4], [13, 11, 14, 10], [22, 16, 23, 15], [8, 17, 9, 18], [24, 20, 1, 19], [2, 22, 3, 21], [16, 24, 17, 23], [20, 2, 21, 1], [3, 7, 4, 6], [5, 13, 6, 12]]"
12n_0290_22,"[[5, 13, 6, 12], [7, 15, 8, 14], [18, 9, 19, 10], [11, 5, 12, 4], [13, 11, 14, 10], [22, 16, 23, 15], [8, 17, 9, 18], [24, 20, 1, 19], [2, 22, 3, 21], [16, 24, 17, 23], [20, 2, 21, 1], [3, 7, 4, 6]]"
12n_0290_23,"[[3, 7, 4, 6], [5, 13, 6, 12], [7, 15, 8, 14], [18, 9, 19, 10], [11, 5, 12, 4], [13, 11, 14, 10], [22, 16, 23, 15], [8, 17, 9, 18], [24, 20, 1, 19], [2, 22, 3, 21], [16, 24, 17, 23], [20, 2, 21, 1]]"
12n_0290_24,"[[21, 3, 22, 2], [4, 8, 5, 7], [6, 14, 7, 13], [8, 16, 9, 15], [19, 10, 20, 11], [12, 6, 13, 5], [14, 12, 15, 11], [23, 17, 24, 16], [9, 18, 10, 19], [1, 21, 2, 20], [3, 23, 4, 22], [17, 1, 18, 24]]"
12n_0290_25,"[[17, 1, 18, 24], [21, 3, 22, 2], [4, 8, 5, 7], [6, 14, 7, 13], [8, 16, 9, 15], [19, 10, 20, 11], [12, 6, 13, 5], [14, 12, 15, 11], [23, 17, 24, 16], [9, 18, 10, 19], [1, 21, 2, 20], [3, 23, 4, 22]]"
12n_0290_26,"[[3, 23, 4, 22], [17, 1, 18, 24], [21, 3, 22, 2], [4, 8, 5, 7], [6, 14, 7, 13], [8, 16, 9, 15], [19, 10, 20, 11], [12, 6, 13, 5], [14, 12, 15, 11], [23, 17, 24, 16], [9, 18, 10, 19], [1, 21, 2, 20]]"
12n_0290_27,"[[1, 21, 2, 20], [3, 23, 4, 22], [17, 1, 18, 24], [21, 3, 22, 2], [4, 8, 5, 7], [6, 14, 7, 13], [8, 16, 9, 15], [19, 10, 20, 11], [12, 6, 13, 5], [14, 12, 15, 11], [23, 17, 24, 16], [9, 18, 10, 19]]"
12n_0290_28,"[[9, 18, 10, 19], [1, 21, 2, 20], [3, 23, 4, 22], [17, 1, 18, 24], [21, 3, 22, 2], [4, 8, 5, 7], [6, 14, 7, 13], [8, 16, 9, 15], [19, 10, 20, 11], [12, 6, 13, 5], [14, 12, 15, 11], [23, 17, 24, 16]]"
12n_0290_29,"[[23, 17, 24, 16], [9, 18, 10, 19], [1, 21, 2, 20], [3, 23, 4, 22], [17, 1, 18, 24], [21, 3, 22, 2], [4, 8, 5, 7], [6, 14, 7, 13], [8, 16, 9, 15], [19, 10, 20, 11], [12, 6, 13, 5], [14, 12, 15, 11]]"
12n_0290_30,"[[14, 12, 15, 11], [23, 17, 24, 16], [9, 18, 10, 19], [1, 21, 2, 20], [3, 23, 4, 22], [17, 1, 18, 24], [21, 3, 22, 2], [4, 8, 5, 7], [6, 14, 7, 13], [8, 16, 9, 15], [19, 10, 20, 11], [12, 6, 13, 5]]"
12n_0290_31,"[[12, 6, 13, 5], [14, 12, 15, 11], [23, 17, 24, 16], [9, 18, 10, 19], [1, 21, 2, 20], [3, 23, 4, 22], [17, 1, 18, 24], [21, 3, 22, 2], [4, 8, 5, 7], [6, 14, 7, 13], [8, 16, 9, 15], [19, 10, 20, 11]]"
12n_0290_32,"[[19, 10, 20, 11], [12, 6, 13, 5], [14, 12, 15, 11], [23, 17, 24, 16], [9, 18, 10, 19], [1, 21, 2, 20], [3, 23, 4, 22], [17, 1, 18, 24], [21, 3, 22, 2], [4, 8, 5, 7], [6, 14, 7, 13], [8, 16, 9, 15]]"
12n_0290_33,"[[8, 16, 9, 15], [19, 10, 20, 11], [12, 6, 13, 5], [14, 12, 15, 11], [23, 17, 24, 16], [9, 18, 10, 19], [1, 21, 2, 20], [3, 23, 4, 22], [17, 1, 18, 24], [21, 3, 22, 2], [4, 8, 5, 7], [6, 14, 7, 13]]"
12n_0290_34,"[[6, 14, 7, 13], [8, 16, 9, 15], [19, 10, 20, 11], [12, 6, 13, 5], [14, 12, 15, 11], [23, 17, 24, 16], [9, 18, 10, 19], [1, 21, 2, 20], [3, 23, 4, 22], [17, 1, 18, 24], [21, 3, 22, 2], [4, 8, 5, 7]]"
12n_0290_35,"[[4, 8, 5, 7], [6, 14, 7, 13], [8, 16, 9, 15], [19, 10, 20, 11], [12, 6, 13, 5], [14, 12, 15, 11], [23, 17, 24, 16], [9, 18, 10, 19], [1, 21, 2, 20], [3, 23, 4, 22], [17, 1, 18, 24], [21, 3, 22, 2]]"
12n_0290_36,"[[22, 4, 23, 3], [5, 9, 6, 8], [7, 15, 8, 14], [9, 17, 10, 16], [20, 11, 21, 12], [13, 7, 14, 6], [15, 13, 16, 12], [24, 18, 1, 17], [10, 19, 11, 20], [2, 22, 3, 21], [4, 24, 5, 23], [18, 2, 19, 1]]"
12n_0290_37,"[[18, 2, 19, 1], [22, 4, 23, 3], [5, 9, 6, 8], [7, 15, 8, 14], [9, 17, 10, 16], [20, 11, 21, 12], [13, 7, 14, 6], [15, 13, 16, 12], [24, 18, 1, 17], [10, 19, 11, 20], [2, 22, 3, 21], [4, 24, 5, 23]]"
12n_0290_38,"[[4, 24, 5, 23], [18, 2, 19, 1], [22, 4, 23, 3], [5, 9, 6, 8], [7, 15, 8, 14], [9, 17, 10, 16], [20, 11, 21, 12], [13, 7, 14, 6], [15, 13, 16, 12], [24, 18, 1, 17], [10, 19, 11, 20], [2, 22, 3, 21]]"
12n_0290_39,"[[2, 22, 3, 21], [4, 24, 5, 23], [18, 2, 19, 1], [22, 4, 23, 3], [5, 9, 6, 8], [7, 15, 8, 14], [9, 17, 10, 16], [20, 11, 21, 12], [13, 7, 14, 6], [15, 13, 16, 12], [24, 18, 1, 17], [10, 19, 11, 20]]"
12n_0290_40,"[[10, 19, 11, 20], [2, 22, 3, 21], [4, 24, 5, 23], [18, 2, 19, 1], [22, 4, 23, 3], [5, 9, 6, 8], [7, 15, 8, 14], [9, 17, 10, 16], [20, 11, 21, 12], [13, 7, 14, 6], [15, 13, 16, 12], [24, 18, 1, 17]]"
12n_0290_41,"[[24, 18, 1, 17], [10, 19, 11, 20], [2, 22, 3, 21], [4, 24, 5, 23], [18, 2, 19, 1], [22, 4, 23, 3], [5, 9, 6, 8], [7, 15, 8, 14], [9, 17, 10, 16], [20, 11, 21, 12], [13, 7, 14, 6], [15, 13, 16, 12]]"
12n_0290_42,"[[15, 13, 16, 12], [24, 18, 1, 17], [10, 19, 11, 20], [2, 22, 3, 21], [4, 24, 5, 23], [18, 2, 19, 1], [22, 4, 23, 3], [5, 9, 6, 8], [7, 15, 8, 14], [9, 17, 10, 16], [20, 11, 21, 12], [13, 7, 14, 6]]"
12n_0290_43,"[[13, 7, 14, 6], [15, 13, 16, 12], [24, 18, 1, 17], [10, 19, 11, 20], [2, 22, 3, 21], [4, 24, 5, 23], [18, 2, 19, 1], [22, 4, 23, 3], [5, 9, 6, 8], [7, 15, 8, 14], [9, 17, 10, 16], [20, 11, 21, 12]]"
12n_0290_44,"[[20, 11, 21, 12], [13, 7, 14, 6], [15, 13, 16, 12], [24, 18, 1, 17], [10, 19, 11, 20], [2, 22, 3, 21], [4, 24, 5, 23], [18, 2, 19, 1], [22, 4, 23, 3], [5, 9, 6, 8], [7, 15, 8, 14], [9, 17, 10, 16]]"
12n_0290_45,"[[9, 17, 10, 16], [20, 11, 21, 12], [13, 7, 14, 6], [15, 13, 16, 12], [24, 18, 1, 17], [10, 19, 11, 20], [2, 22, 3, 21], [4, 24, 5, 23], [18, 2, 19, 1], [22, 4, 23, 3], [5, 9, 6, 8], [7, 15, 8, 14]]"
12n_0290_46,"[[7, 15, 8, 14], [9, 17, 10, 16], [20, 11, 21, 12], [13, 7, 14, 6], [15, 13, 16, 12], [24, 18, 1, 17], [10, 19, 11, 20], [2, 22, 3, 21], [4, 24, 5, 23], [18, 2, 19, 1], [22, 4, 23, 3], [5, 9, 6, 8]]"
12n_0290_47,"[[5, 9, 6, 8], [7, 15, 8, 14], [9, 17, 10, 16], [20, 11, 21, 12], [13, 7, 14, 6], [15, 13, 16, 12], [24, 18, 1, 17], [10, 19, 11, 20], [2, 22, 3, 21], [4, 24, 5, 23], [18, 2, 19, 1], [22, 4, 23, 3]]"
12n_0290_48,"[[23, 5, 24, 4], [6, 10, 7, 9], [8, 16, 9, 15], [10, 18, 11, 17], [21, 12, 22, 13], [14, 8, 15, 7], [16, 14, 17, 13], [1, 19, 2, 18], [11, 20, 12, 21], [3, 23, 4, 22], [5, 1, 6, 24], [19, 3, 20, 2]]"
12n_0290_49,"[[19, 3, 20, 2], [23, 5, 24, 4], [6, 10, 7, 9], [8, 16, 9, 15], [10, 18, 11, 17], [21, 12, 22, 13], [14, 8, 15, 7], [16, 14, 17, 13], [1, 19, 2, 18], [11, 20, 12, 21], [3, 23, 4, 22], [5, 1, 6, 24]]"
12n_0290_50,"[[5, 1, 6, 24], [19, 3, 20, 2], [23, 5, 24, 4], [6, 10, 7, 9], [8, 16, 9, 15], [10, 18, 11, 17], [21, 12, 22, 13], [14, 8, 15, 7], [16, 14, 17, 13], [1, 19, 2, 18], [11, 20, 12, 21], [3, 23, 4, 22]]"
12n_0290_51,"[[3, 23, 4, 22], [5, 1, 6, 24], [19, 3, 20, 2], [23, 5, 24, 4], [6, 10, 7, 9], [8, 16, 9, 15], [10, 18, 11, 17], [21, 12, 22, 13], [14, 8, 15, 7], [16, 14, 17, 13], [1, 19, 2, 18], [11, 20, 12, 21]]"
12n_0290_52,"[[11, 20, 12, 21], [3, 23, 4, 22], [5, 1, 6, 24], [19, 3, 20, 2], [23, 5, 24, 4], [6, 10, 7, 9], [8, 16, 9, 15], [10, 18, 11, 17], [21, 12, 22, 13], [14, 8, 15, 7], [16, 14, 17, 13], [1, 19, 2, 18]]"
12n_0290_53,"[[1, 19, 2, 18], [11, 20, 12, 21], [3, 23, 4, 22], [5, 1, 6, 24], [19, 3, 20, 2], [23, 5, 24, 4], [6, 10, 7, 9], [8, 16, 9, 15], [10, 18, 11, 17], [21, 12, 22, 13], [14, 8, 15, 7], [16, 14, 17, 13]]"
12n_0290_54,"[[16, 14, 17, 13], [1, 19, 2, 18], [11, 20, 12, 21], [3, 23, 4, 22], [5, 1, 6, 24], [19, 3, 20, 2], [23, 5, 24, 4], [6, 10, 7, 9], [8, 16, 9, 15], [10, 18, 11, 17], [21, 12, 22, 13], [14, 8, 15, 7]]"
12n_0290_55,"[[14, 8, 15, 7], [16, 14, 17, 13], [1, 19, 2, 18], [11, 20, 12, 21], [3, 23, 4, 22], [5, 1, 6, 24], [19, 3, 20, 2], [23, 5, 24, 4], [6, 10, 7, 9], [8, 16, 9, 15], [10, 18, 11, 17], [21, 12, 22, 13]]"
12n_0290_56,"[[21, 12, 22, 13], [14, 8, 15, 7], [16, 14, 17, 13], [1, 19, 2, 18], [11, 20, 12, 21], [3, 23, 4, 22], [5, 1, 6, 24], [19, 3, 20, 2], [23, 5, 24, 4], [6, 10, 7, 9], [8, 16, 9, 15], [10, 18, 11, 17]]"
12n_0290_57,"[[10, 18, 11, 17], [21, 12, 22, 13], [14, 8, 15, 7], [16, 14, 17, 13], [1, 19, 2, 18], [11, 20, 12, 21], [3, 23, 4, 22], [5, 1, 6, 24], [19, 3, 20, 2], [23, 5, 24, 4], [6, 10, 7, 9], [8, 16, 9, 15]]"
12n_0290_58,"[[8, 16, 9, 15], [10, 18, 11, 17], [21, 12, 22, 13], [14, 8, 15, 7], [16, 14, 17, 13], [1, 19, 2, 18], [11, 20, 12, 21], [3, 23, 4, 22], [5, 1, 6, 24], [19, 3, 20, 2], [23, 5, 24, 4], [6, 10, 7, 9]]"
12n_0290_59,"[[6, 10, 7, 9], [8, 16, 9, 15], [10, 18, 11, 17], [21, 12, 22, 13], [14, 8, 15, 7], [16, 14, 17, 13], [1, 19, 2, 18], [11, 20, 12, 21], [3, 23, 4, 22], [5, 1, 6, 24], [19, 3, 20, 2], [23, 5, 24, 4]]"
12n_0290_60,"[[24, 6, 1, 5], [7, 11, 8, 10], [9, 17, 10, 16], [11, 19, 12, 18], [22, 13, 23, 14], [15, 9, 16, 8], [17, 15, 18, 14], [2, 20, 3, 19], [12, 21, 13, 22], [4, 24, 5, 23], [6, 2, 7, 1], [20, 4, 21, 3]]"
12n_0290_61,"[[20, 4, 21, 3], [24, 6, 1, 5], [7, 11, 8, 10], [9, 17, 10, 16], [11, 19, 12, 18], [22, 13, 23, 14], [15, 9, 16, 8], [17, 15, 18, 14], [2, 20, 3, 19], [12, 21, 13, 22], [4, 24, 5, 23], [6, 2, 7, 1]]"
12n_0290_62,"[[6, 2, 7, 1], [20, 4, 21, 3], [24, 6, 1, 5], [7, 11, 8, 10], [9, 17, 10, 16], [11, 19, 12, 18], [22, 13, 23, 14], [15, 9, 16, 8], [17, 15, 18, 14], [2, 20, 3, 19], [12, 21, 13, 22], [4, 24, 5, 23]]"
12n_0290_63,"[[4, 24, 5, 23], [6, 2, 7, 1], [20, 4, 21, 3], [24, 6, 1, 5], [7, 11, 8, 10], [9, 17, 10, 16], [11, 19, 12, 18], [22, 13, 23, 14], [15, 9, 16, 8], [17, 15, 18, 14], [2, 20, 3, 19], [12, 21, 13, 22]]"
12n_0290_64,"[[12, 21, 13, 22], [4, 24, 5, 23], [6, 2, 7, 1], [20, 4, 21, 3], [24, 6, 1, 5], [7, 11, 8, 10], [9, 17, 10, 16], [11, 19, 12, 18], [22, 13, 23, 14], [15, 9, 16, 8], [17, 15, 18, 14], [2, 20, 3, 19]]"
12n_0290_65,"[[2, 20, 3, 19], [12, 21, 13, 22], [4, 24, 5, 23], [6, 2, 7, 1], [20, 4, 21, 3], [24, 6, 1, 5], [7, 11, 8, 10], [9, 17, 10, 16], [11, 19, 12, 18], [22, 13, 23, 14], [15, 9, 16, 8], [17, 15, 18, 14]]"
12n_0290_66,"[[17, 15, 18, 14], [2, 20, 3, 19], [12, 21, 13, 22], [4, 24, 5, 23], [6, 2, 7, 1], [20, 4, 21, 3], [24, 6, 1, 5], [7, 11, 8, 10], [9, 17, 10, 16], [11, 19, 12, 18], [22, 13, 23, 14], [15, 9, 16, 8]]"
12n_0290_67,"[[15, 9, 16, 8], [17, 15, 18, 14], [2, 20, 3, 19], [12, 21, 13, 22], [4, 24, 5, 23], [6, 2, 7, 1], [20, 4, 21, 3], [24, 6, 1, 5], [7, 11, 8, 10], [9, 17, 10, 16], [11, 19, 12, 18], [22, 13, 23, 14]]"
12n_0290_68,"[[22, 13, 23, 14], [15, 9, 16, 8], [17, 15, 18, 14], [2, 20, 3, 19], [12, 21, 13, 22], [4, 24, 5, 23], [6, 2, 7, 1], [20, 4, 21, 3], [24, 6, 1, 5], [7, 11, 8, 10], [9, 17, 10, 16], [11, 19, 12, 18]]"
12n_0290_69,"[[11, 19, 12, 18], [22, 13, 23, 14], [15, 9, 16, 8], [17, 15, 18, 14], [2, 20, 3, 19], [12, 21, 13, 22], [4, 24, 5, 23], [6, 2, 7, 1], [20, 4, 21, 3], [24, 6, 1, 5], [7, 11, 8, 10], [9, 17, 10, 16]]"
12n_0290_70,"[[9, 17, 10, 16], [11, 19, 12, 18], [22, 13, 23, 14], [15, 9, 16, 8], [17, 15, 18, 14], [2, 20, 3, 19], [12, 21, 13, 22], [4, 24, 5, 23], [6, 2, 7, 1], [20, 4, 21, 3], [24, 6, 1, 5], [7, 11, 8, 10]]"
12n_0290_71,"[[7, 11, 8, 10], [9, 17, 10, 16], [11, 19, 12, 18], [22, 13, 23, 14], [15, 9, 16, 8], [17, 15, 18, 14], [2, 20, 3, 19], [12, 21, 13, 22], [4, 24, 5, 23], [6, 2, 7, 1], [20, 4, 21, 3], [24, 6, 1, 5]]"
12n_0290_72,"[[1, 7, 2, 6], [8, 12, 9, 11], [10, 18, 11, 17], [12, 20, 13, 19], [23, 14, 24, 15], [16, 10, 17, 9], [18, 16, 19, 15], [3, 21, 4, 20], [13, 22, 14, 23], [5, 1, 6, 24], [7, 3, 8, 2], [21, 5, 22, 4]]"
12n_0290_73,"[[21, 5, 22, 4], [1, 7, 2, 6], [8, 12, 9, 11], [10, 18, 11, 17], [12, 20, 13, 19], [23, 14, 24, 15], [16, 10, 17, 9], [18, 16, 19, 15], [3, 21, 4, 20], [13, 22, 14, 23], [5, 1, 6, 24], [7, 3, 8, 2]]"
12n_0290_74,"[[7, 3, 8, 2], [21, 5, 22, 4], [1, 7, 2, 6], [8, 12, 9, 11], [10, 18, 11, 17], [12, 20, 13, 19], [23, 14, 24, 15], [16, 10, 17, 9], [18, 16, 19, 15], [3, 21, 4, 20], [13, 22, 14, 23], [5, 1, 6, 24]]"
12n_0290_75,"[[5, 1, 6, 24], [7, 3, 8, 2], [21, 5, 22, 4], [1, 7, 2, 6], [8, 12, 9, 11], [10, 18, 11, 17], [12, 20, 13, 19], [23, 14, 24, 15], [16, 10, 17, 9], [18, 16, 19, 15], [3, 21, 4, 20], [13, 22, 14, 23]]"
12n_0290_76,"[[13, 22, 14, 23], [5, 1, 6, 24], [7, 3, 8, 2], [21, 5, 22, 4], [1, 7, 2, 6], [8, 12, 9, 11], [10, 18, 11, 17], [12, 20, 13, 19], [23, 14, 24, 15], [16, 10, 17, 9], [18, 16, 19, 15], [3, 21, 4, 20]]"
12n_0290_77,"[[3, 21, 4, 20], [13, 22, 14, 23], [5, 1, 6, 24], [7, 3, 8, 2], [21, 5, 22, 4], [1, 7, 2, 6], [8, 12, 9, 11], [10, 18, 11, 17], [12, 20, 13, 19], [23, 14, 24, 15], [16, 10, 17, 9], [18, 16, 19, 15]]"
12n_0290_78,"[[18, 16, 19, 15], [3, 21, 4, 20], [13, 22, 14, 23], [5, 1, 6, 24], [7, 3, 8, 2], [21, 5, 22, 4], [1, 7, 2, 6], [8, 12, 9, 11], [10, 18, 11, 17], [12, 20, 13, 19], [23, 14, 24, 15], [16, 10, 17, 9]]"
12n_0290_79,"[[16, 10, 17, 9], [18, 16, 19, 15], [3, 21, 4, 20], [13, 22, 14, 23], [5, 1, 6, 24], [7, 3, 8, 2], [21, 5, 22, 4], [1, 7, 2, 6], [8, 12, 9, 11], [10, 18, 11, 17], [12, 20, 13, 19], [23, 14, 24, 15]]"
12n_0290_80,"[[23, 14, 24, 15], [16, 10, 17, 9], [18, 16, 19, 15], [3, 21, 4, 20], [13, 22, 14, 23], [5, 1, 6, 24], [7, 3, 8, 2], [21, 5, 22, 4], [1, 7, 2, 6], [8, 12, 9, 11], [10, 18, 11, 17], [12, 20, 13, 19]]"
12n_0290_81,"[[12, 20, 13, 19], [23, 14, 24, 15], [16, 10, 17, 9], [18, 16, 19, 15], [3, 21, 4, 20], [13, 22, 14, 23], [5, 1, 6, 24], [7, 3, 8, 2], [21, 5, 22, 4], [1, 7, 2, 6], [8, 12, 9, 11], [10, 18, 11, 17]]"
12n_0290_82,"[[10, 18, 11, 17], [12, 20, 13, 19], [23, 14, 24, 15], [16, 10, 17, 9], [18, 16, 19, 15], [3, 21, 4, 20], [13, 22, 14, 23], [5, 1, 6, 24], [7, 3, 8, 2], [21, 5, 22, 4], [1, 7, 2, 6], [8, 12, 9, 11]]"
12n_0290_83,"[[8, 12, 9, 11], [10, 18, 11, 17], [12, 20, 13, 19], [23, 14, 24, 15], [16, 10, 17, 9], [18, 16, 19, 15], [3, 21, 4, 20], [13, 22, 14, 23], [5, 1, 6, 24], [7, 3, 8, 2], [21, 5, 22, 4], [1, 7, 2, 6]]"
12n_0290_84,"[[2, 8, 3, 7], [9, 13, 10, 12], [11, 19, 12, 18], [13, 21, 14, 20], [24, 15, 1, 16], [17, 11, 18, 10], [19, 17, 20, 16], [4, 22, 5, 21], [14, 23, 15, 24], [6, 2, 7, 1], [8, 4, 9, 3], [22, 6, 23, 5]]"
12n_0290_85,"[[22, 6, 23, 5], [2, 8, 3, 7], [9, 13, 10, 12], [11, 19, 12, 18], [13, 21, 14, 20], [24, 15, 1, 16], [17, 11, 18, 10], [19, 17, 20, 16], [4, 22, 5, 21], [14, 23, 15, 24], [6, 2, 7, 1], [8, 4, 9, 3]]"
12n_0290_86,"[[8, 4, 9, 3], [22, 6, 23, 5], [2, 8, 3, 7], [9, 13, 10, 12], [11, 19, 12, 18], [13, 21, 14, 20], [24, 15, 1, 16], [17, 11, 18, 10], [19, 17, 20, 16], [4, 22, 5, 21], [14, 23, 15, 24], [6, 2, 7, 1]]"
12n_0290_87,"[[6, 2, 7, 1], [8, 4, 9, 3], [22, 6, 23, 5], [2, 8, 3, 7], [9, 13, 10, 12], [11, 19, 12, 18], [13, 21, 14, 20], [24, 15, 1, 16], [17, 11, 18, 10], [19, 17, 20, 16], [4, 22, 5, 21], [14, 23, 15, 24]]"
12n_0290_88,"[[14, 23, 15, 24], [6, 2, 7, 1], [8, 4, 9, 3], [22, 6, 23, 5], [2, 8, 3, 7], [9, 13, 10, 12], [11, 19, 12, 18], [13, 21, 14, 20], [24, 15, 1, 16], [17, 11, 18, 10], [19, 17, 20, 16], [4, 22, 5, 21]]"
12n_0290_89,"[[4, 22, 5, 21], [14, 23, 15, 24], [6, 2, 7, 1], [8, 4, 9, 3], [22, 6, 23, 5], [2, 8, 3, 7], [9, 13, 10, 12], [11, 19, 12, 18], [13, 21, 14, 20], [24, 15, 1, 16], [17, 11, 18, 10], [19, 17, 20, 16]]"
12n_0290_90,"[[19, 17, 20, 16], [4, 22, 5, 21], [14, 23, 15, 24], [6, 2, 7, 1], [8, 4, 9, 3], [22, 6, 23, 5], [2, 8, 3, 7], [9, 13, 10, 12], [11, 19, 12, 18], [13, 21, 14, 20], [24, 15, 1, 16], [17, 11, 18, 10]]"
12n_0290_91,"[[17, 11, 18, 10], [19, 17, 20, 16], [4, 22, 5, 21], [14, 23, 15, 24], [6, 2, 7, 1], [8, 4, 9, 3], [22, 6, 23, 5], [2, 8, 3, 7], [9, 13, 10, 12], [11, 19, 12, 18], [13, 21, 14, 20], [24, 15, 1, 16]]"
12n_0290_92,"[[24, 15, 1, 16], [17, 11, 18, 10], [19, 17, 20, 16], [4, 22, 5, 21], [14, 23, 15, 24], [6, 2, 7, 1], [8, 4, 9, 3], [22, 6, 23, 5], [2, 8, 3, 7], [9, 13, 10, 12], [11, 19, 12, 18], [13, 21, 14, 20]]"
12n_0290_93,"[[13, 21, 14, 20], [24, 15, 1, 16], [17, 11, 18, 10], [19, 17, 20, 16], [4, 22, 5, 21], [14, 23, 15, 24], [6, 2, 7, 1], [8, 4, 9, 3], [22, 6, 23, 5], [2, 8, 3, 7], [9, 13, 10, 12], [11, 19, 12, 18]]"
12n_0290_94,"[[11, 19, 12, 18], [13, 21, 14, 20], [24, 15, 1, 16], [17, 11, 18, 10], [19, 17, 20, 16], [4, 22, 5, 21], [14, 23, 15, 24], [6, 2, 7, 1], [8, 4, 9, 3], [22, 6, 23, 5], [2, 8, 3, 7], [9, 13, 10, 12]]"
12n_0290_95,"[[9, 13, 10, 12], [11, 19, 12, 18], [13, 21, 14, 20], [24, 15, 1, 16], [17, 11, 18, 10], [19, 17, 20, 16], [4, 22, 5, 21], [14, 23, 15, 24], [6, 2, 7, 1], [8, 4, 9, 3], [22, 6, 23, 5], [2, 8, 3, 7]]"
12n_0290_96,"[[3, 9, 4, 8], [10, 14, 11, 13], [12, 20, 13, 19], [14, 22, 15, 21], [1, 16, 2, 17], [18, 12, 19, 11], [20, 18, 21, 17], [5, 23, 6, 22], [15, 24, 16, 1], [7, 3, 8, 2], [9, 5, 10, 4], [23, 7, 24, 6]]"
12n_0290_97,"[[23, 7, 24, 6], [3, 9, 4, 8], [10, 14, 11, 13], [12, 20, 13, 19], [14, 22, 15, 21], [1, 16, 2, 17], [18, 12, 19, 11], [20, 18, 21, 17], [5, 23, 6, 22], [15, 24, 16, 1], [7, 3, 8, 2], [9, 5, 10, 4]]"
12n_0290_98,"[[9, 5, 10, 4], [23, 7, 24, 6], [3, 9, 4, 8], [10, 14, 11, 13], [12, 20, 13, 19], [14, 22, 15, 21], [1, 16, 2, 17], [18, 12, 19, 11], [20, 18, 21, 17], [5, 23, 6, 22], [15, 24, 16, 1], [7, 3, 8, 2]]"
12n_0290_99,"[[7, 3, 8, 2], [9, 5, 10, 4], [23, 7, 24, 6], [3, 9, 4, 8], [10, 14, 11, 13], [12, 20, 13, 19], [14, 22, 15, 21], [1, 16, 2, 17], [18, 12, 19, 11], [20, 18, 21, 17], [5, 23, 6, 22], [15, 24, 16, 1]]"
12n_0290_100,"[[15, 24, 16, 1], [7, 3, 8, 2], [9, 5, 10, 4], [23, 7, 24, 6], [3, 9, 4, 8], [10, 14, 11, 13], [12, 20, 13, 19], [14, 22, 15, 21], [1, 16, 2, 17], [18, 12, 19, 11], [20, 18, 21, 17], [5, 23, 6, 22]]"
12n_0290_101,"[[5, 23, 6, 22], [15, 24, 16, 1], [7, 3, 8, 2], [9, 5, 10, 4], [23, 7, 24, 6], [3, 9, 4, 8], [10, 14, 11, 13], [12, 20, 13, 19], [14, 22, 15, 21], [1, 16, 2, 17], [18, 12, 19, 11], [20, 18, 21, 17]]"
12n_0290_102,"[[20, 18, 21, 17], [5, 23, 6, 22], [15, 24, 16, 1], [7, 3, 8, 2], [9, 5, 10, 4], [23, 7, 24, 6], [3, 9, 4, 8], [10, 14, 11, 13], [12, 20, 13, 19], [14, 22, 15, 21], [1, 16, 2, 17], [18, 12, 19, 11]]"
12n_0290_103,"[[18, 12, 19, 11], [20, 18, 21, 17], [5, 23, 6, 22], [15, 24, 16, 1], [7, 3, 8, 2], [9, 5, 10, 4], [23, 7, 24, 6], [3, 9, 4, 8], [10, 14, 11, 13], [12, 20, 13, 19], [14, 22, 15, 21], [1, 16, 2, 17]]"
12n_0290_104,"[[1, 16, 2, 17], [18, 12, 19, 11], [20, 18, 21, 17], [5, 23, 6, 22], [15, 24, 16, 1], [7, 3, 8, 2], [9, 5, 10, 4], [23, 7, 24, 6], [3, 9, 4, 8], [10, 14, 11, 13], [12, 20, 13, 19], [14, 22, 15, 21]]"
12n_0290_105,"[[14, 22, 15, 21], [1, 16, 2, 17], [18, 12, 19, 11], [20, 18, 21, 17], [5, 23, 6, 22], [15, 24, 16, 1], [7, 3, 8, 2], [9, 5, 10, 4], [23, 7, 24, 6], [3, 9, 4, 8], [10, 14, 11, 13], [12, 20, 13, 19]]"
12n_0290_106,"[[12, 20, 13, 19], [14, 22, 15, 21], [1, 16, 2, 17], [18, 12, 19, 11], [20, 18, 21, 17], [5, 23, 6, 22], [15, 24, 16, 1], [7, 3, 8, 2], [9, 5, 10, 4], [23, 7, 24, 6], [3, 9, 4, 8], [10, 14, 11, 13]]"
12n_0290_107,"[[10, 14, 11, 13], [12, 20, 13, 19], [14, 22, 15, 21], [1, 16, 2, 17], [18, 12, 19, 11], [20, 18, 21, 17], [5, 23, 6, 22], [15, 24, 16, 1], [7, 3, 8, 2], [9, 5, 10, 4], [23, 7, 24, 6], [3, 9, 4, 8]]"
12n_0290_108,"[[4, 10, 5, 9], [11, 15, 12, 14], [13, 21, 14, 20], [15, 23, 16, 22], [2, 17, 3, 18], [19, 13, 20, 12], [21, 19, 22, 18], [6, 24, 7, 23], [16, 1, 17, 2], [8, 4, 9, 3], [10, 6, 11, 5], [24, 8, 1, 7]]"
12n_0290_109,"[[24, 8, 1, 7], [4, 10, 5, 9], [11, 15, 12, 14], [13, 21, 14, 20], [15, 23, 16, 22], [2, 17, 3, 18], [19, 13, 20, 12], [21, 19, 22, 18], [6, 24, 7, 23], [16, 1, 17, 2], [8, 4, 9, 3], [10, 6, 11, 5]]"
12n_0290_110,"[[10, 6, 11, 5], [24, 8, 1, 7], [4, 10, 5, 9], [11, 15, 12, 14], [13, 21, 14, 20], [15, 23, 16, 22], [2, 17, 3, 18], [19, 13, 20, 12], [21, 19, 22, 18], [6, 24, 7, 23], [16, 1, 17, 2], [8, 4, 9, 3]]"
12n_0290_111,"[[8, 4, 9, 3], [10, 6, 11, 5], [24, 8, 1, 7], [4, 10, 5, 9], [11, 15, 12, 14], [13, 21, 14, 20], [15, 23, 16, 22], [2, 17, 3, 18], [19, 13, 20, 12], [21, 19, 22, 18], [6, 24, 7, 23], [16, 1, 17, 2]]"
12n_0290_112,"[[16, 1, 17, 2], [8, 4, 9, 3], [10, 6, 11, 5], [24, 8, 1, 7], [4, 10, 5, 9], [11, 15, 12, 14], [13, 21, 14, 20], [15, 23, 16, 22], [2, 17, 3, 18], [19, 13, 20, 12], [21, 19, 22, 18], [6, 24, 7, 23]]"
12n_0290_113,"[[6, 24, 7, 23], [16, 1, 17, 2], [8, 4, 9, 3], [10, 6, 11, 5], [24, 8, 1, 7], [4, 10, 5, 9], [11, 15, 12, 14], [13, 21, 14, 20], [15, 23, 16, 22], [2, 17, 3, 18], [19, 13, 20, 12], [21, 19, 22, 18]]"
12n_0290_114,"[[21, 19, 22, 18], [6, 24, 7, 23], [16, 1, 17, 2], [8, 4, 9, 3], [10, 6, 11, 5], [24, 8, 1, 7], [4, 10, 5, 9], [11, 15, 12, 14], [13, 21, 14, 20], [15, 23, 16, 22], [2, 17, 3, 18], [19, 13, 20, 12]]"
12n_0290_115,"[[19, 13, 20, 12], [21, 19, 22, 18], [6, 24, 7, 23], [16, 1, 17, 2], [8, 4, 9, 3], [10, 6, 11, 5], [24, 8, 1, 7], [4, 10, 5, 9], [11, 15, 12, 14], [13, 21, 14, 20], [15, 23, 16, 22], [2, 17, 3, 18]]"
12n_0290_116,"[[2, 17, 3, 18], [19, 13, 20, 12], [21, 19, 22, 18], [6, 24, 7, 23], [16, 1, 17, 2], [8, 4, 9, 3], [10, 6, 11, 5], [24, 8, 1, 7], [4, 10, 5, 9], [11, 15, 12, 14], [13, 21, 14, 20], [15, 23, 16, 22]]"
12n_0290_117,"[[15, 23, 16, 22], [2, 17, 3, 18], [19, 13, 20, 12], [21, 19, 22, 18], [6, 24, 7, 23], [16, 1, 17, 2], [8, 4, 9, 3], [10, 6, 11, 5], [24, 8, 1, 7], [4, 10, 5, 9], [11, 15, 12, 14], [13, 21, 14, 20]]"
12n_0290_118,"[[13, 21, 14, 20], [15, 23, 16, 22], [2, 17, 3, 18], [19, 13, 20, 12], [21, 19, 22, 18], [6, 24, 7, 23], [16, 1, 17, 2], [8, 4, 9, 3], [10, 6, 11, 5], [24, 8, 1, 7], [4, 10, 5, 9], [11, 15, 12, 14]]"
12n_0290_119,"[[11, 15, 12, 14], [13, 21, 14, 20], [15, 23, 16, 22], [2, 17, 3, 18], [19, 13, 20, 12], [21, 19, 22, 18], [6, 24, 7, 23], [16, 1, 17, 2], [8, 4, 9, 3], [10, 6, 11, 5], [24, 8, 1, 7], [4, 10, 5, 9]]"
12n_0290_120,"[[5, 11, 6, 10], [12, 16, 13, 15], [14, 22, 15, 21], [16, 24, 17, 23], [3, 18, 4, 19], [20, 14, 21, 13], [22, 20, 23, 19], [7, 1, 8, 24], [17, 2, 18, 3], [9, 5, 10, 4], [11, 7, 12, 6], [1, 9, 2, 8]]"
12n_0290_121,"[[1, 9, 2, 8], [5, 11, 6, 10], [12, 16, 13, 15], [14, 22, 15, 21], [16, 24, 17, 23], [3, 18, 4, 19], [20, 14, 21, 13], [22, 20, 23, 19], [7, 1, 8, 24], [17, 2, 18, 3], [9, 5, 10, 4], [11, 7, 12, 6]]"
12n_0290_122,"[[11, 7, 12, 6], [1, 9, 2, 8], [5, 11, 6, 10], [12, 16, 13, 15], [14, 22, 15, 21], [16, 24, 17, 23], [3, 18, 4, 19], [20, 14, 21, 13], [22, 20, 23, 19], [7, 1, 8, 24], [17, 2, 18, 3], [9, 5, 10, 4]]"
12n_0290_123,"[[9, 5, 10, 4], [11, 7, 12, 6], [1, 9, 2, 8], [5, 11, 6, 10], [12, 16, 13, 15], [14, 22, 15, 21], [16, 24, 17, 23], [3, 18, 4, 19], [20, 14, 21, 13], [22, 20, 23, 19], [7, 1, 8, 24], [17, 2, 18, 3]]"
12n_0290_124,"[[17, 2, 18, 3], [9, 5, 10, 4], [11, 7, 12, 6], [1, 9, 2, 8], [5, 11, 6, 10], [12, 16, 13, 15], [14, 22, 15, 21], [16, 24, 17, 23], [3, 18, 4, 19], [20, 14, 21, 13], [22, 20, 23, 19], [7, 1, 8, 24]]"
12n_0290_125,"[[7, 1, 8, 24], [17, 2, 18, 3], [9, 5, 10, 4], [11, 7, 12, 6], [1, 9, 2, 8], [5, 11, 6, 10], [12, 16, 13, 15], [14, 22, 15, 21], [16, 24, 17, 23], [3, 18, 4, 19], [20, 14, 21, 13], [22, 20, 23, 19]]"
12n_0290_126,"[[22, 20, 23, 19], [7, 1, 8, 24], [17, 2, 18, 3], [9, 5, 10, 4], [11, 7, 12, 6], [1, 9, 2, 8], [5, 11, 6, 10], [12, 16, 13, 15], [14, 22, 15, 21], [16, 24, 17, 23], [3, 18, 4, 19], [20, 14, 21, 13]]"
12n_0290_127,"[[20, 14, 21, 13], [22, 20, 23, 19], [7, 1, 8, 24], [17, 2, 18, 3], [9, 5, 10, 4], [11, 7, 12, 6], [1, 9, 2, 8], [5, 11, 6, 10], [12, 16, 13, 15], [14, 22, 15, 21], [16, 24, 17, 23], [3, 18, 4, 19]]"
12n_0290_128,"[[3, 18, 4, 19], [20, 14, 21, 13], [22, 20, 23, 19], [7, 1, 8, 24], [17, 2, 18, 3], [9, 5, 10, 4], [11, 7, 12, 6], [1, 9, 2, 8], [5, 11, 6, 10], [12, 16, 13, 15], [14, 22, 15, 21], [16, 24, 17, 23]]"
12n_0290_129,"[[16, 24, 17, 23], [3, 18, 4, 19], [20, 14, 21, 13], [22, 20, 23, 19], [7, 1, 8, 24], [17, 2, 18, 3], [9, 5, 10, 4], [11, 7, 12, 6], [1, 9, 2, 8], [5, 11, 6, 10], [12, 16, 13, 15], [14, 22, 15, 21]]"
12n_0290_130,"[[14, 22, 15, 21], [16, 24, 17, 23], [3, 18, 4, 19], [20, 14, 21, 13], [22, 20, 23, 19], [7, 1, 8, 24], [17, 2, 18, 3], [9, 5, 10, 4], [11, 7, 12, 6], [1, 9, 2, 8], [5, 11, 6, 10], [12, 16, 13, 15]]"
12n_0290_131,"[[12, 16, 13, 15], [14, 22, 15, 21], [16, 24, 17, 23], [3, 18, 4, 19], [20, 14, 21, 13], [22, 20, 23, 19], [7, 1, 8, 24], [17, 2, 18, 3], [9, 5, 10, 4], [11, 7, 12, 6], [1, 9, 2, 8], [5, 11, 6, 10]]"
12n_0290_132,"[[6, 12, 7, 11], [13, 17, 14, 16], [15, 23, 16, 22], [17, 1, 18, 24], [4, 19, 5, 20], [21, 15, 22, 14], [23, 21, 24, 20], [8, 2, 9, 1], [18, 3, 19, 4], [10, 6, 11, 5], [12, 8, 13, 7], [2, 10, 3, 9]]"
12n_0290_133,"[[2, 10, 3, 9], [6, 12, 7, 11], [13, 17, 14, 16], [15, 23, 16, 22], [17, 1, 18, 24], [4, 19, 5, 20], [21, 15, 22, 14], [23, 21, 24, 20], [8, 2, 9, 1], [18, 3, 19, 4], [10, 6, 11, 5], [12, 8, 13, 7]]"
12n_0290_134,"[[12, 8, 13, 7], [2, 10, 3, 9], [6, 12, 7, 11], [13, 17, 14, 16], [15, 23, 16, 22], [17, 1, 18, 24], [4, 19, 5, 20], [21, 15, 22, 14], [23, 21, 24, 20], [8, 2, 9, 1], [18, 3, 19, 4], [10, 6, 11, 5]]"
12n_0290_135,"[[10, 6, 11, 5], [12, 8, 13, 7], [2, 10, 3, 9], [6, 12, 7, 11], [13, 17, 14, 16], [15, 23, 16, 22], [17, 1, 18, 24], [4, 19, 5, 20], [21, 15, 22, 14], [23, 21, 24, 20], [8, 2, 9, 1], [18, 3, 19, 4]]"
12n_0290_136,"[[18, 3, 19, 4], [10, 6, 11, 5], [12, 8, 13, 7], [2, 10, 3, 9], [6, 12, 7, 11], [13, 17, 14, 16], [15, 23, 16, 22], [17, 1, 18, 24], [4, 19, 5, 20], [21, 15, 22, 14], [23, 21, 24, 20], [8, 2, 9, 1]]"
12n_0290_137,"[[8, 2, 9, 1], [18, 3, 19, 4], [10, 6, 11, 5], [12, 8, 13, 7], [2, 10, 3, 9], [6, 12, 7, 11], [13, 17, 14, 16], [15, 23, 16, 22], [17, 1, 18, 24], [4, 19, 5, 20], [21, 15, 22, 14], [23, 21, 24, 20]]"
12n_0290_138,"[[23, 21, 24, 20], [8, 2, 9, 1], [18, 3, 19, 4], [10, 6, 11, 5], [12, 8, 13, 7], [2, 10, 3, 9], [6, 12, 7, 11], [13, 17, 14, 16], [15, 23, 16, 22], [17, 1, 18, 24], [4, 19, 5, 20], [21, 15, 22, 14]]"
12n_0290_139,"[[21, 15, 22, 14], [23, 21, 24, 20], [8, 2, 9, 1], [18, 3, 19, 4], [10, 6, 11, 5], [12, 8, 13, 7], [2, 10, 3, 9], [6, 12, 7, 11], [13, 17, 14, 16], [15, 23, 16, 22], [17, 1, 18, 24], [4, 19, 5, 20]]"
12n_0290_140,"[[4, 19, 5, 20], [21, 15, 22, 14], [23, 21, 24, 20], [8, 2, 9, 1], [18, 3, 19, 4], [10, 6, 11, 5], [12, 8, 13, 7], [2, 10, 3, 9], [6, 12, 7, 11], [13, 17, 14, 16], [15, 23, 16, 22], [17, 1, 18, 24]]"
12n_0290_141,"[[17, 1, 18, 24], [4, 19, 5, 20], [21, 15, 22, 14], [23, 21, 24, 20], [8, 2, 9, 1], [18, 3, 19, 4], [10, 6, 11, 5], [12, 8, 13, 7], [2, 10, 3, 9], [6, 12, 7, 11], [13, 17, 14, 16], [15, 23, 16, 22]]"
12n_0290_142,"[[15, 23, 16, 22], [17, 1, 18, 24], [4, 19, 5, 20], [21, 15, 22, 14], [23, 21, 24, 20], [8, 2, 9, 1], [18, 3, 19, 4], [10, 6, 11, 5], [12, 8, 13, 7], [2, 10, 3, 9], [6, 12, 7, 11], [13, 17, 14, 16]]"
12n_0290_143,"[[13, 17, 14, 16], [15, 23, 16, 22], [17, 1, 18, 24], [4, 19, 5, 20], [21, 15, 22, 14], [23, 21, 24, 20], [8, 2, 9, 1], [18, 3, 19, 4], [10, 6, 11, 5], [12, 8, 13, 7], [2, 10, 3, 9], [6, 12, 7, 11]]"
12n_0290_144,"[[7, 13, 8, 12], [14, 18, 15, 17], [16, 24, 17, 23], [18, 2, 19, 1], [5, 20, 6, 21], [22, 16, 23, 15], [24, 22, 1, 21], [9, 3, 10, 2], [19, 4, 20, 5], [11, 7, 12, 6], [13, 9, 14, 8], [3, 11, 4, 10]]"
12n_0290_145,"[[3, 11, 4, 10], [7, 13, 8, 12], [14, 18, 15, 17], [16, 24, 17, 23], [18, 2, 19, 1], [5, 20, 6, 21], [22, 16, 23, 15], [24, 22, 1, 21], [9, 3, 10, 2], [19, 4, 20, 5], [11, 7, 12, 6], [13, 9, 14, 8]]"
12n_0290_146,"[[13, 9, 14, 8], [3, 11, 4, 10], [7, 13, 8, 12], [14, 18, 15, 17], [16, 24, 17, 23], [18, 2, 19, 1], [5, 20, 6, 21], [22, 16, 23, 15], [24, 22, 1, 21], [9, 3, 10, 2], [19, 4, 20, 5], [11, 7, 12, 6]]"
12n_0290_147,"[[11, 7, 12, 6], [13, 9, 14, 8], [3, 11, 4, 10], [7, 13, 8, 12], [14, 18, 15, 17], [16, 24, 17, 23], [18, 2, 19, 1], [5, 20, 6, 21], [22, 16, 23, 15], [24, 22, 1, 21], [9, 3, 10, 2], [19, 4, 20, 5]]"
12n_0290_148,"[[19, 4, 20, 5], [11, 7, 12, 6], [13, 9, 14, 8], [3, 11, 4, 10], [7, 13, 8, 12], [14, 18, 15, 17], [16, 24, 17, 23], [18, 2, 19, 1], [5, 20, 6, 21], [22, 16, 23, 15], [24, 22, 1, 21], [9, 3, 10, 2]]"
12n_0290_149,"[[9, 3, 10, 2], [19, 4, 20, 5], [11, 7, 12, 6], [13, 9, 14, 8], [3, 11, 4, 10], [7, 13, 8, 12], [14, 18, 15, 17], [16, 24, 17, 23], [18, 2, 19, 1], [5, 20, 6, 21], [22, 16, 23, 15], [24, 22, 1, 21]]"
12n_0290_150,"[[24, 22, 1, 21], [9, 3, 10, 2], [19, 4, 20, 5], [11, 7, 12, 6], [13, 9, 14, 8], [3, 11, 4, 10], [7, 13, 8, 12], [14, 18, 15, 17], [16, 24, 17, 23], [18, 2, 19, 1], [5, 20, 6, 21], [22, 16, 23, 15]]"
12n_0290_151,"[[22, 16, 23, 15], [24, 22, 1, 21], [9, 3, 10, 2], [19, 4, 20, 5], [11, 7, 12, 6], [13, 9, 14, 8], [3, 11, 4, 10], [7, 13, 8, 12], [14, 18, 15, 17], [16, 24, 17, 23], [18, 2, 19, 1], [5, 20, 6, 21]]"
12n_0290_152,"[[5, 20, 6, 21], [22, 16, 23, 15], [24, 22, 1, 21], [9, 3, 10, 2], [19, 4, 20, 5], [11, 7, 12, 6], [13, 9, 14, 8], [3, 11, 4, 10], [7, 13, 8, 12], [14, 18, 15, 17], [16, 24, 17, 23], [18, 2, 19, 1]]"
12n_0290_153,"[[18, 2, 19, 1], [5, 20, 6, 21], [22, 16, 23, 15], [24, 22, 1, 21], [9, 3, 10, 2], [19, 4, 20, 5], [11, 7, 12, 6], [13, 9, 14, 8], [3, 11, 4, 10], [7, 13, 8, 12], [14, 18, 15, 17], [16, 24, 17, 23]]"
12n_0290_154,"[[16, 24, 17, 23], [18, 2, 19, 1], [5, 20, 6, 21], [22, 16, 23, 15], [24, 22, 1, 21], [9, 3, 10, 2], [19, 4, 20, 5], [11, 7, 12, 6], [13, 9, 14, 8], [3, 11, 4, 10], [7, 13, 8, 12], [14, 18, 15, 17]]"
12n_0290_155,"[[14, 18, 15, 17], [16, 24, 17, 23], [18, 2, 19, 1], [5, 20, 6, 21], [22, 16, 23, 15], [24, 22, 1, 21], [9, 3, 10, 2], [19, 4, 20, 5], [11, 7, 12, 6], [13, 9, 14, 8], [3, 11, 4, 10], [7, 13, 8, 12]]"
12n_0290_156,"[[8, 14, 9, 13], [15, 19, 16, 18], [17, 1, 18, 24], [19, 3, 20, 2], [6, 21, 7, 22], [23, 17, 24, 16], [1, 23, 2, 22], [10, 4, 11, 3], [20, 5, 21, 6], [12, 8, 13, 7], [14, 10, 15, 9], [4, 12, 5, 11]]"
12n_0290_157,"[[4, 12, 5, 11], [8, 14, 9, 13], [15, 19, 16, 18], [17, 1, 18, 24], [19, 3, 20, 2], [6, 21, 7, 22], [23, 17, 24, 16], [1, 23, 2, 22], [10, 4, 11, 3], [20, 5, 21, 6], [12, 8, 13, 7], [14, 10, 15, 9]]"
12n_0290_158,"[[14, 10, 15, 9], [4, 12, 5, 11], [8, 14, 9, 13], [15, 19, 16, 18], [17, 1, 18, 24], [19, 3, 20, 2], [6, 21, 7, 22], [23, 17, 24, 16], [1, 23, 2, 22], [10, 4, 11, 3], [20, 5, 21, 6], [12, 8, 13, 7]]"
12n_0290_159,"[[12, 8, 13, 7], [14, 10, 15, 9], [4, 12, 5, 11], [8, 14, 9, 13], [15, 19, 16, 18], [17, 1, 18, 24], [19, 3, 20, 2], [6, 21, 7, 22], [23, 17, 24, 16], [1, 23, 2, 22], [10, 4, 11, 3], [20, 5, 21, 6]]"
12n_0290_160,"[[20, 5, 21, 6], [12, 8, 13, 7], [14, 10, 15, 9], [4, 12, 5, 11], [8, 14, 9, 13], [15, 19, 16, 18], [17, 1, 18, 24], [19, 3, 20, 2], [6, 21, 7, 22], [23, 17, 24, 16], [1, 23, 2, 22], [10, 4, 11, 3]]"
12n_0290_161,"[[10, 4, 11, 3], [20, 5, 21, 6], [12, 8, 13, 7], [14, 10, 15, 9], [4, 12, 5, 11], [8, 14, 9, 13], [15, 19, 16, 18], [17, 1, 18, 24], [19, 3, 20, 2], [6, 21, 7, 22], [23, 17, 24, 16], [1, 23, 2, 22]]"
12n_0290_162,"[[1, 23, 2, 22], [10, 4, 11, 3], [20, 5, 21, 6], [12, 8, 13, 7], [14, 10, 15, 9], [4, 12, 5, 11], [8, 14, 9, 13], [15, 19, 16, 18], [17, 1, 18, 24], [19, 3, 20, 2], [6, 21, 7, 22], [23, 17, 24, 16]]"
12n_0290_163,"[[23, 17, 24, 16], [1, 23, 2, 22], [10, 4, 11, 3], [20, 5, 21, 6], [12, 8, 13, 7], [14, 10, 15, 9], [4, 12, 5, 11], [8, 14, 9, 13], [15, 19, 16, 18], [17, 1, 18, 24], [19, 3, 20, 2], [6, 21, 7, 22]]"
12n_0290_164,"[[6, 21, 7, 22], [23, 17, 24, 16], [1, 23, 2, 22], [10, 4, 11, 3], [20, 5, 21, 6], [12, 8, 13, 7], [14, 10, 15, 9], [4, 12, 5, 11], [8, 14, 9, 13], [15, 19, 16, 18], [17, 1, 18, 24], [19, 3, 20, 2]]"
12n_0290_165,"[[19, 3, 20, 2], [6, 21, 7, 22], [23, 17, 24, 16], [1, 23, 2, 22], [10, 4, 11, 3], [20, 5, 21, 6], [12, 8, 13, 7], [14, 10, 15, 9], [4, 12, 5, 11], [8, 14, 9, 13], [15, 19, 16, 18], [17, 1, 18, 24]]"
12n_0290_166,"[[17, 1, 18, 24], [19, 3, 20, 2], [6, 21, 7, 22], [23, 17, 24, 16], [1, 23, 2, 22], [10, 4, 11, 3], [20, 5, 21, 6], [12, 8, 13, 7], [14, 10, 15, 9], [4, 12, 5, 11], [8, 14, 9, 13], [15, 19, 16, 18]]"
12n_0290_167,"[[15, 19, 16, 18], [17, 1, 18, 24], [19, 3, 20, 2], [6, 21, 7, 22], [23, 17, 24, 16], [1, 23, 2, 22], [10, 4, 11, 3], [20, 5, 21, 6], [12, 8, 13, 7], [14, 10, 15, 9], [4, 12, 5, 11], [8, 14, 9, 13]]"
12n_0290_168,"[[9, 15, 10, 14], [16, 20, 17, 19], [18, 2, 19, 1], [20, 4, 21, 3], [7, 22, 8, 23], [24, 18, 1, 17], [2, 24, 3, 23], [11, 5, 12, 4], [21, 6, 22, 7], [13, 9, 14, 8], [15, 11, 16, 10], [5, 13, 6, 12]]"
12n_0290_169,"[[5, 13, 6, 12], [9, 15, 10, 14], [16, 20, 17, 19], [18, 2, 19, 1], [20, 4, 21, 3], [7, 22, 8, 23], [24, 18, 1, 17], [2, 24, 3, 23], [11, 5, 12, 4], [21, 6, 22, 7], [13, 9, 14, 8], [15, 11, 16, 10]]"
12n_0290_170,"[[15, 11, 16, 10], [5, 13, 6, 12], [9, 15, 10, 14], [16, 20, 17, 19], [18, 2, 19, 1], [20, 4, 21, 3], [7, 22, 8, 23], [24, 18, 1, 17], [2, 24, 3, 23], [11, 5, 12, 4], [21, 6, 22, 7], [13, 9, 14, 8]]"
12n_0290_171,"[[13, 9, 14, 8], [15, 11, 16, 10], [5, 13, 6, 12], [9, 15, 10, 14], [16, 20, 17, 19], [18, 2, 19, 1], [20, 4, 21, 3], [7, 22, 8, 23], [24, 18, 1, 17], [2, 24, 3, 23], [11, 5, 12, 4], [21, 6, 22, 7]]"
12n_0290_172,"[[21, 6, 22, 7], [13, 9, 14, 8], [15, 11, 16, 10], [5, 13, 6, 12], [9, 15, 10, 14], [16, 20, 17, 19], [18, 2, 19, 1], [20, 4, 21, 3], [7, 22, 8, 23], [24, 18, 1, 17], [2, 24, 3, 23], [11, 5, 12, 4]]"
12n_0290_173,"[[11, 5, 12, 4], [21, 6, 22, 7], [13, 9, 14, 8], [15, 11, 16, 10], [5, 13, 6, 12], [9, 15, 10, 14], [16, 20, 17, 19], [18, 2, 19, 1], [20, 4, 21, 3], [7, 22, 8, 23], [24, 18, 1, 17], [2, 24, 3, 23]]"
12n_0290_174,"[[2, 24, 3, 23], [11, 5, 12, 4], [21, 6, 22, 7], [13, 9, 14, 8], [15, 11, 16, 10], [5, 13, 6, 12], [9, 15, 10, 14], [16, 20, 17, 19], [18, 2, 19, 1], [20, 4, 21, 3], [7, 22, 8, 23], [24, 18, 1, 17]]"
12n_0290_175,"[[24, 18, 1, 17], [2, 24, 3, 23], [11, 5, 12, 4], [21, 6, 22, 7], [13, 9, 14, 8], [15, 11, 16, 10], [5, 13, 6, 12], [9, 15, 10, 14], [16, 20, 17, 19], [18, 2, 19, 1], [20, 4, 21, 3], [7, 22, 8, 23]]"
12n_0290_176,"[[7, 22, 8, 23], [24, 18, 1, 17], [2, 24, 3, 23], [11, 5, 12, 4], [21, 6, 22, 7], [13, 9, 14, 8], [15, 11, 16, 10], [5, 13, 6, 12], [9, 15, 10, 14], [16, 20, 17, 19], [18, 2, 19, 1], [20, 4, 21, 3]]"
12n_0290_177,"[[20, 4, 21, 3], [7, 22, 8, 23], [24, 18, 1, 17], [2, 24, 3, 23], [11, 5, 12, 4], [21, 6, 22, 7], [13, 9, 14, 8], [15, 11, 16, 10], [5, 13, 6, 12], [9, 15, 10, 14], [16, 20, 17, 19], [18, 2, 19, 1]]"
12n_0290_178,"[[18, 2, 19, 1], [20, 4, 21, 3], [7, 22, 8, 23], [24, 18, 1, 17], [2, 24, 3, 23], [11, 5, 12, 4], [21, 6, 22, 7], [13, 9, 14, 8], [15, 11, 16, 10], [5, 13, 6, 12], [9, 15, 10, 14], [16, 20, 17, 19]]"
12n_0290_179,"[[16, 20, 17, 19], [18, 2, 19, 1], [20, 4, 21, 3], [7, 22, 8, 23], [24, 18, 1, 17], [2, 24, 3, 23], [11, 5, 12, 4], [21, 6, 22, 7], [13, 9, 14, 8], [15, 11, 16, 10], [5, 13, 6, 12], [9, 15, 10, 14]]"
12n_0290_180,"[[10, 16, 11, 15], [17, 21, 18, 20], [19, 3, 20, 2], [21, 5, 22, 4], [8, 23, 9, 24], [1, 19, 2, 18], [3, 1, 4, 24], [12, 6, 13, 5], [22, 7, 23, 8], [14, 10, 15, 9], [16, 12, 17, 11], [6, 14, 7, 13]]"
12n_0290_181,"[[6, 14, 7, 13], [10, 16, 11, 15], [17, 21, 18, 20], [19, 3, 20, 2], [21, 5, 22, 4], [8, 23, 9, 24], [1, 19, 2, 18], [3, 1, 4, 24], [12, 6, 13, 5], [22, 7, 23, 8], [14, 10, 15, 9], [16, 12, 17, 11]]"
12n_0290_182,"[[16, 12, 17, 11], [6, 14, 7, 13], [10, 16, 11, 15], [17, 21, 18, 20], [19, 3, 20, 2], [21, 5, 22, 4], [8, 23, 9, 24], [1, 19, 2, 18], [3, 1, 4, 24], [12, 6, 13, 5], [22, 7, 23, 8], [14, 10, 15, 9]]"
12n_0290_183,"[[14, 10, 15, 9], [16, 12, 17, 11], [6, 14, 7, 13], [10, 16, 11, 15], [17, 21, 18, 20], [19, 3, 20, 2], [21, 5, 22, 4], [8, 23, 9, 24], [1, 19, 2, 18], [3, 1, 4, 24], [12, 6, 13, 5], [22, 7, 23, 8]]"
12n_0290_184,"[[22, 7, 23, 8], [14, 10, 15, 9], [16, 12, 17, 11], [6, 14, 7, 13], [10, 16, 11, 15], [17, 21, 18, 20], [19, 3, 20, 2], [21, 5, 22, 4], [8, 23, 9, 24], [1, 19, 2, 18], [3, 1, 4, 24], [12, 6, 13, 5]]"
12n_0290_185,"[[12, 6, 13, 5], [22, 7, 23, 8], [14, 10, 15, 9], [16, 12, 17, 11], [6, 14, 7, 13], [10, 16, 11, 15], [17, 21, 18, 20], [19, 3, 20, 2], [21, 5, 22, 4], [8, 23, 9, 24], [1, 19, 2, 18], [3, 1, 4, 24]]"
