name,pd_notation
12n_0587_0,"[[9, 1, 10, 24], [2, 6, 3, 5], [4, 14, 5, 13], [6, 17, 7, 18], [23, 9, 24, 8], [10, 19, 11, 20], [12, 4, 13, 3], [14, 1, 15, 2], [16, 21, 17, 22], [18, 11, 19, 12], [20, 7, 21, 8], [22, 15, 23, 16]]"
12n_0587_1,"[[22, 15, 23, 16], [9, 1, 10, 24], [2, 6, 3, 5], [4, 14, 5, 13], [6, 17, 7, 18], [23, 9, 24, 8], [10, 19, 11, 20], [12, 4, 13, 3], [14, 1, 15, 2], [16, 21, 17, 22], [18, 11, 19, 12], [20, 7, 21, 8]]"
12n_0587_2,"[[20, 7, 21, 8], [22, 15, 23, 16], [9, 1, 10, 24], [2, 6, 3, 5], [4, 14, 5, 13], [6, 17, 7, 18], [23, 9, 24, 8], [10, 19, 11, 20], [12, 4, 13, 3], [14, 1, 15, 2], [16, 21, 17, 22], [18, 11, 19, 12]]"
12n_0587_3,"[[18, 11, 19, 12], [20, 7, 21, 8], [22, 15, 23, 16], [9, 1, 10, 24], [2, 6, 3, 5], [4, 14, 5, 13], [6, 17, 7, 18], [23, 9, 24, 8], [10, 19, 11, 20], [12, 4, 13, 3], [14, 1, 15, 2], [16, 21, 17, 22]]"
12n_0587_4,"[[16, 21, 17, 22], [18, 11, 19, 12], [20, 7, 21, 8], [22, 15, 23, 16], [9, 1, 10, 24], [2, 6, 3, 5], [4, 14, 5, 13], [6, 17, 7, 18], [23, 9, 24, 8], [10, 19, 11, 20], [12, 4, 13, 3], [14, 1, 15, 2]]"
12n_0587_5,"[[14, 1, 15, 2], [16, 21, 17, 22], [18, 11, 19, 12], [20, 7, 21, 8], [22, 15, 23, 16], [9, 1, 10, 24], [2, 6, 3, 5], [4, 14, 5, 13], [6, 17, 7, 18], [23, 9, 24, 8], [10, 19, 11, 20], [12, 4, 13, 3]]"
12n_0587_6,"[[12, 4, 13, 3], [14, 1, 15, 2], [16, 21, 17, 22], [18, 11, 19, 12], [20, 7, 21, 8], [22, 15, 23, 16], [9, 1, 10, 24], [2, 6, 3, 5], [4, 14, 5, 13], [6, 17, 7, 18], [23, 9, 24, 8], [10, 19, 11, 20]]"
12n_0587_7,"[[10, 19, 11, 20], [12, 4, 13, 3], [14, 1, 15, 2], [16, 21, 17, 22], [18, 11, 19, 12], [20, 7, 21, 8], [22, 15, 23, 16], [9, 1, 10, 24], [2, 6, 3, 5], [4, 14, 5, 13], [6, 17, 7, 18], [23, 9, 24, 8]]"
12n_0587_8,"[[23, 9, 24, 8], [10, 19, 11, 20], [12, 4, 13, 3], [14, 1, 15, 2], [16, 21, 17, 22], [18, 11, 19, 12], [20, 7, 21, 8], [22, 15, 23, 16], [9, 1, 10, 24], [2, 6, 3, 5], [4, 14, 5, 13], [6, 17, 7, 18]]"
12n_0587_9,"[[6, 17, 7, 18], [23, 9, 24, 8], [10, 19, 11, 20], [12, 4, 13, 3], [14, 1, 15, 2], [16, 21, 17, 22], [18, 11, 19, 12], [20, 7, 21, 8], [22, 15, 23, 16], [9, 1, 10, 24], [2, 6, 3, 5], [4, 14, 5, 13]]"
12n_0587_10,"[[4, 14, 5, 13], [6, 17, 7, 18], [23, 9, 24, 8], [10, 19, 11, 20], [12, 4, 13, 3], [14, 1, 15, 2], [16, 21, 17, 22], [18, 11, 19, 12], [20, 7, 21, 8], [22, 15, 23, 16], [9, 1, 10, 24], [2, 6, 3, 5]]"
12n_0587_11,"[[2, 6, 3, 5], [4, 14, 5, 13], [6, 17, 7, 18], [23, 9, 24, 8], [10, 19, 11, 20], [12, 4, 13, 3], [14, 1, 15, 2], [16, 21, 17, 22], [18, 11, 19, 12], [20, 7, 21, 8], [22, 15, 23, 16], [9, 1, 10, 24]]"
12n_0587_12,"[[10, 2, 11, 1], [3, 7, 4, 6], [5, 15, 6, 14], [7, 18, 8, 19], [24, 10, 1, 9], [11, 20, 12, 21], [13, 5, 14, 4], [15, 2, 16, 3], [17, 22, 18, 23], [19, 12, 20, 13], [21, 8, 22, 9], [23, 16, 24, 17]]"
12n_0587_13,"[[23, 16, 24, 17], [10, 2, 11, 1], [3, 7, 4, 6], [5, 15, 6, 14], [7, 18, 8, 19], [24, 10, 1, 9], [11, 20, 12, 21], [13, 5, 14, 4], [15, 2, 16, 3], [17, 22, 18, 23], [19, 12, 20, 13], [21, 8, 22, 9]]"
12n_0587_14,"[[21, 8, 22, 9], [23, 16, 24, 17], [10, 2, 11, 1], [3, 7, 4, 6], [5, 15, 6, 14], [7, 18, 8, 19], [24, 10, 1, 9], [11, 20, 12, 21], [13, 5, 14, 4], [15, 2, 16, 3], [17, 22, 18, 23], [19, 12, 20, 13]]"
12n_0587_15,"[[19, 12, 20, 13], [21, 8, 22, 9], [23, 16, 24, 17], [10, 2, 11, 1], [3, 7, 4, 6], [5, 15, 6, 14], [7, 18, 8, 19], [24, 10, 1, 9], [11, 20, 12, 21], [13, 5, 14, 4], [15, 2, 16, 3], [17, 22, 18, 23]]"
12n_0587_16,"[[17, 22, 18, 23], [19, 12, 20, 13], [21, 8, 22, 9], [23, 16, 24, 17], [10, 2, 11, 1], [3, 7, 4, 6], [5, 15, 6, 14], [7, 18, 8, 19], [24, 10, 1, 9], [11, 20, 12, 21], [13, 5, 14, 4], [15, 2, 16, 3]]"
12n_0587_17,"[[15, 2, 16, 3], [17, 22, 18, 23], [19, 12, 20, 13], [21, 8, 22, 9], [23, 16, 24, 17], [10, 2, 11, 1], [3, 7, 4, 6], [5, 15, 6, 14], [7, 18, 8, 19], [24, 10, 1, 9], [11, 20, 12, 21], [13, 5, 14, 4]]"
12n_0587_18,"[[13, 5, 14, 4], [15, 2, 16, 3], [17, 22, 18, 23], [19, 12, 20, 13], [21, 8, 22, 9], [23, 16, 24, 17], [10, 2, 11, 1], [3, 7, 4, 6], [5, 15, 6, 14], [7, 18, 8, 19], [24, 10, 1, 9], [11, 20, 12, 21]]"
12n_0587_19,"[[11, 20, 12, 21], [13, 5, 14, 4], [15, 2, 16, 3], [17, 22, 18, 23], [19, 12, 20, 13], [21, 8, 22, 9], [23, 16, 24, 17], [10, 2, 11, 1], [3, 7, 4, 6], [5, 15, 6, 14], [7, 18, 8, 19], [24, 10, 1, 9]]"
12n_0587_20,"[[24, 10, 1, 9], [11, 20, 12, 21], [13, 5, 14, 4], [15, 2, 16, 3], [17, 22, 18, 23], [19, 12, 20, 13], [21, 8, 22, 9], [23, 16, 24, 17], [10, 2, 11, 1], [3, 7, 4, 6], [5, 15, 6, 14], [7, 18, 8, 19]]"
12n_0587_21,"[[7, 18, 8, 19], [24, 10, 1, 9], [11, 20, 12, 21], [13, 5, 14, 4], [15, 2, 16, 3], [17, 22, 18, 23], [19, 12, 20, 13], [21, 8, 22, 9], [23, 16, 24, 17], [10, 2, 11, 1], [3, 7, 4, 6], [5, 15, 6, 14]]"
12n_0587_22,"[[5, 15, 6, 14], [7, 18, 8, 19], [24, 10, 1, 9], [11, 20, 12, 21], [13, 5, 14, 4], [15, 2, 16, 3], [17, 22, 18, 23], [19, 12, 20, 13], [21, 8, 22, 9], [23, 16, 24, 17], [10, 2, 11, 1], [3, 7, 4, 6]]"
12n_0587_23,"[[3, 7, 4, 6], [5, 15, 6, 14], [7, 18, 8, 19], [24, 10, 1, 9], [11, 20, 12, 21], [13, 5, 14, 4], [15, 2, 16, 3], [17, 22, 18, 23], [19, 12, 20, 13], [21, 8, 22, 9], [23, 16, 24, 17], [10, 2, 11, 1]]"
12n_0587_24,"[[11, 3, 12, 2], [4, 8, 5, 7], [6, 16, 7, 15], [8, 19, 9, 20], [1, 11, 2, 10], [12, 21, 13, 22], [14, 6, 15, 5], [16, 3, 17, 4], [18, 23, 19, 24], [20, 13, 21, 14], [22, 9, 23, 10], [24, 17, 1, 18]]"
12n_0587_25,"[[24, 17, 1, 18], [11, 3, 12, 2], [4, 8, 5, 7], [6, 16, 7, 15], [8, 19, 9, 20], [1, 11, 2, 10], [12, 21, 13, 22], [14, 6, 15, 5], [16, 3, 17, 4], [18, 23, 19, 24], [20, 13, 21, 14], [22, 9, 23, 10]]"
12n_0587_26,"[[22, 9, 23, 10], [24, 17, 1, 18], [11, 3, 12, 2], [4, 8, 5, 7], [6, 16, 7, 15], [8, 19, 9, 20], [1, 11, 2, 10], [12, 21, 13, 22], [14, 6, 15, 5], [16, 3, 17, 4], [18, 23, 19, 24], [20, 13, 21, 14]]"
12n_0587_27,"[[20, 13, 21, 14], [22, 9, 23, 10], [24, 17, 1, 18], [11, 3, 12, 2], [4, 8, 5, 7], [6, 16, 7, 15], [8, 19, 9, 20], [1, 11, 2, 10], [12, 21, 13, 22], [14, 6, 15, 5], [16, 3, 17, 4], [18, 23, 19, 24]]"
12n_0587_28,"[[18, 23, 19, 24], [20, 13, 21, 14], [22, 9, 23, 10], [24, 17, 1, 18], [11, 3, 12, 2], [4, 8, 5, 7], [6, 16, 7, 15], [8, 19, 9, 20], [1, 11, 2, 10], [12, 21, 13, 22], [14, 6, 15, 5], [16, 3, 17, 4]]"
12n_0587_29,"[[16, 3, 17, 4], [18, 23, 19, 24], [20, 13, 21, 14], [22, 9, 23, 10], [24, 17, 1, 18], [11, 3, 12, 2], [4, 8, 5, 7], [6, 16, 7, 15], [8, 19, 9, 20], [1, 11, 2, 10], [12, 21, 13, 22], [14, 6, 15, 5]]"
12n_0587_30,"[[14, 6, 15, 5], [16, 3, 17, 4], [18, 23, 19, 24], [20, 13, 21, 14], [22, 9, 23, 10], [24, 17, 1, 18], [11, 3, 12, 2], [4, 8, 5, 7], [6, 16, 7, 15], [8, 19, 9, 20], [1, 11, 2, 10], [12, 21, 13, 22]]"
12n_0587_31,"[[12, 21, 13, 22], [14, 6, 15, 5], [16, 3, 17, 4], [18, 23, 19, 24], [20, 13, 21, 14], [22, 9, 23, 10], [24, 17, 1, 18], [11, 3, 12, 2], [4, 8, 5, 7], [6, 16, 7, 15], [8, 19, 9, 20], [1, 11, 2, 10]]"
12n_0587_32,"[[1, 11, 2, 10], [12, 21, 13, 22], [14, 6, 15, 5], [16, 3, 17, 4], [18, 23, 19, 24], [20, 13, 21, 14], [22, 9, 23, 10], [24, 17, 1, 18], [11, 3, 12, 2], [4, 8, 5, 7], [6, 16, 7, 15], [8, 19, 9, 20]]"
12n_0587_33,"[[8, 19, 9, 20], [1, 11, 2, 10], [12, 21, 13, 22], [14, 6, 15, 5], [16, 3, 17, 4], [18, 23, 19, 24], [20, 13, 21, 14], [22, 9, 23, 10], [24, 17, 1, 18], [11, 3, 12, 2], [4, 8, 5, 7], [6, 16, 7, 15]]"
12n_0587_34,"[[6, 16, 7, 15], [8, 19, 9, 20], [1, 11, 2, 10], [12, 21, 13, 22], [14, 6, 15, 5], [16, 3, 17, 4], [18, 23, 19, 24], [20, 13, 21, 14], [22, 9, 23, 10], [24, 17, 1, 18], [11, 3, 12, 2], [4, 8, 5, 7]]"
12n_0587_35,"[[4, 8, 5, 7], [6, 16, 7, 15], [8, 19, 9, 20], [1, 11, 2, 10], [12, 21, 13, 22], [14, 6, 15, 5], [16, 3, 17, 4], [18, 23, 19, 24], [20, 13, 21, 14], [22, 9, 23, 10], [24, 17, 1, 18], [11, 3, 12, 2]]"
12n_0587_36,"[[12, 4, 13, 3], [5, 9, 6, 8], [7, 17, 8, 16], [9, 20, 10, 21], [2, 12, 3, 11], [13, 22, 14, 23], [15, 7, 16, 6], [17, 4, 18, 5], [19, 24, 20, 1], [21, 14, 22, 15], [23, 10, 24, 11], [1, 18, 2, 19]]"
12n_0587_37,"[[1, 18, 2, 19], [12, 4, 13, 3], [5, 9, 6, 8], [7, 17, 8, 16], [9, 20, 10, 21], [2, 12, 3, 11], [13, 22, 14, 23], [15, 7, 16, 6], [17, 4, 18, 5], [19, 24, 20, 1], [21, 14, 22, 15], [23, 10, 24, 11]]"
12n_0587_38,"[[23, 10, 24, 11], [1, 18, 2, 19], [12, 4, 13, 3], [5, 9, 6, 8], [7, 17, 8, 16], [9, 20, 10, 21], [2, 12, 3, 11], [13, 22, 14, 23], [15, 7, 16, 6], [17, 4, 18, 5], [19, 24, 20, 1], [21, 14, 22, 15]]"
12n_0587_39,"[[21, 14, 22, 15], [23, 10, 24, 11], [1, 18, 2, 19], [12, 4, 13, 3], [5, 9, 6, 8], [7, 17, 8, 16], [9, 20, 10, 21], [2, 12, 3, 11], [13, 22, 14, 23], [15, 7, 16, 6], [17, 4, 18, 5], [19, 24, 20, 1]]"
12n_0587_40,"[[19, 24, 20, 1], [21, 14, 22, 15], [23, 10, 24, 11], [1, 18, 2, 19], [12, 4, 13, 3], [5, 9, 6, 8], [7, 17, 8, 16], [9, 20, 10, 21], [2, 12, 3, 11], [13, 22, 14, 23], [15, 7, 16, 6], [17, 4, 18, 5]]"
12n_0587_41,"[[17, 4, 18, 5], [19, 24, 20, 1], [21, 14, 22, 15], [23, 10, 24, 11], [1, 18, 2, 19], [12, 4, 13, 3], [5, 9, 6, 8], [7, 17, 8, 16], [9, 20, 10, 21], [2, 12, 3, 11], [13, 22, 14, 23], [15, 7, 16, 6]]"
12n_0587_42,"[[15, 7, 16, 6], [17, 4, 18, 5], [19, 24, 20, 1], [21, 14, 22, 15], [23, 10, 24, 11], [1, 18, 2, 19], [12, 4, 13, 3], [5, 9, 6, 8], [7, 17, 8, 16], [9, 20, 10, 21], [2, 12, 3, 11], [13, 22, 14, 23]]"
12n_0587_43,"[[13, 22, 14, 23], [15, 7, 16, 6], [17, 4, 18, 5], [19, 24, 20, 1], [21, 14, 22, 15], [23, 10, 24, 11], [1, 18, 2, 19], [12, 4, 13, 3], [5, 9, 6, 8], [7, 17, 8, 16], [9, 20, 10, 21], [2, 12, 3, 11]]"
12n_0587_44,"[[2, 12, 3, 11], [13, 22, 14, 23], [15, 7, 16, 6], [17, 4, 18, 5], [19, 24, 20, 1], [21, 14, 22, 15], [23, 10, 24, 11], [1, 18, 2, 19], [12, 4, 13, 3], [5, 9, 6, 8], [7, 17, 8, 16], [9, 20, 10, 21]]"
12n_0587_45,"[[9, 20, 10, 21], [2, 12, 3, 11], [13, 22, 14, 23], [15, 7, 16, 6], [17, 4, 18, 5], [19, 24, 20, 1], [21, 14, 22, 15], [23, 10, 24, 11], [1, 18, 2, 19], [12, 4, 13, 3], [5, 9, 6, 8], [7, 17, 8, 16]]"
12n_0587_46,"[[7, 17, 8, 16], [9, 20, 10, 21], [2, 12, 3, 11], [13, 22, 14, 23], [15, 7, 16, 6], [17, 4, 18, 5], [19, 24, 20, 1], [21, 14, 22, 15], [23, 10, 24, 11], [1, 18, 2, 19], [12, 4, 13, 3], [5, 9, 6, 8]]"
12n_0587_47,"[[5, 9, 6, 8], [7, 17, 8, 16], [9, 20, 10, 21], [2, 12, 3, 11], [13, 22, 14, 23], [15, 7, 16, 6], [17, 4, 18, 5], [19, 24, 20, 1], [21, 14, 22, 15], [23, 10, 24, 11], [1, 18, 2, 19], [12, 4, 13, 3]]"
12n_0587_48,"[[13, 5, 14, 4], [6, 10, 7, 9], [8, 18, 9, 17], [10, 21, 11, 22], [3, 13, 4, 12], [14, 23, 15, 24], [16, 8, 17, 7], [18, 5, 19, 6], [20, 1, 21, 2], [22, 15, 23, 16], [24, 11, 1, 12], [2, 19, 3, 20]]"
12n_0587_49,"[[2, 19, 3, 20], [13, 5, 14, 4], [6, 10, 7, 9], [8, 18, 9, 17], [10, 21, 11, 22], [3, 13, 4, 12], [14, 23, 15, 24], [16, 8, 17, 7], [18, 5, 19, 6], [20, 1, 21, 2], [22, 15, 23, 16], [24, 11, 1, 12]]"
12n_0587_50,"[[24, 11, 1, 12], [2, 19, 3, 20], [13, 5, 14, 4], [6, 10, 7, 9], [8, 18, 9, 17], [10, 21, 11, 22], [3, 13, 4, 12], [14, 23, 15, 24], [16, 8, 17, 7], [18, 5, 19, 6], [20, 1, 21, 2], [22, 15, 23, 16]]"
12n_0587_51,"[[22, 15, 23, 16], [24, 11, 1, 12], [2, 19, 3, 20], [13, 5, 14, 4], [6, 10, 7, 9], [8, 18, 9, 17], [10, 21, 11, 22], [3, 13, 4, 12], [14, 23, 15, 24], [16, 8, 17, 7], [18, 5, 19, 6], [20, 1, 21, 2]]"
12n_0587_52,"[[20, 1, 21, 2], [22, 15, 23, 16], [24, 11, 1, 12], [2, 19, 3, 20], [13, 5, 14, 4], [6, 10, 7, 9], [8, 18, 9, 17], [10, 21, 11, 22], [3, 13, 4, 12], [14, 23, 15, 24], [16, 8, 17, 7], [18, 5, 19, 6]]"
12n_0587_53,"[[18, 5, 19, 6], [20, 1, 21, 2], [22, 15, 23, 16], [24, 11, 1, 12], [2, 19, 3, 20], [13, 5, 14, 4], [6, 10, 7, 9], [8, 18, 9, 17], [10, 21, 11, 22], [3, 13, 4, 12], [14, 23, 15, 24], [16, 8, 17, 7]]"
12n_0587_54,"[[16, 8, 17, 7], [18, 5, 19, 6], [20, 1, 21, 2], [22, 15, 23, 16], [24, 11, 1, 12], [2, 19, 3, 20], [13, 5, 14, 4], [6, 10, 7, 9], [8, 18, 9, 17], [10, 21, 11, 22], [3, 13, 4, 12], [14, 23, 15, 24]]"
12n_0587_55,"[[14, 23, 15, 24], [16, 8, 17, 7], [18, 5, 19, 6], [20, 1, 21, 2], [22, 15, 23, 16], [24, 11, 1, 12], [2, 19, 3, 20], [13, 5, 14, 4], [6, 10, 7, 9], [8, 18, 9, 17], [10, 21, 11, 22], [3, 13, 4, 12]]"
12n_0587_56,"[[3, 13, 4, 12], [14, 23, 15, 24], [16, 8, 17, 7], [18, 5, 19, 6], [20, 1, 21, 2], [22, 15, 23, 16], [24, 11, 1, 12], [2, 19, 3, 20], [13, 5, 14, 4], [6, 10, 7, 9], [8, 18, 9, 17], [10, 21, 11, 22]]"
12n_0587_57,"[[10, 21, 11, 22], [3, 13, 4, 12], [14, 23, 15, 24], [16, 8, 17, 7], [18, 5, 19, 6], [20, 1, 21, 2], [22, 15, 23, 16], [24, 11, 1, 12], [2, 19, 3, 20], [13, 5, 14, 4], [6, 10, 7, 9], [8, 18, 9, 17]]"
12n_0587_58,"[[8, 18, 9, 17], [10, 21, 11, 22], [3, 13, 4, 12], [14, 23, 15, 24], [16, 8, 17, 7], [18, 5, 19, 6], [20, 1, 21, 2], [22, 15, 23, 16], [24, 11, 1, 12], [2, 19, 3, 20], [13, 5, 14, 4], [6, 10, 7, 9]]"
12n_0587_59,"[[6, 10, 7, 9], [8, 18, 9, 17], [10, 21, 11, 22], [3, 13, 4, 12], [14, 23, 15, 24], [16, 8, 17, 7], [18, 5, 19, 6], [20, 1, 21, 2], [22, 15, 23, 16], [24, 11, 1, 12], [2, 19, 3, 20], [13, 5, 14, 4]]"
12n_0587_60,"[[14, 6, 15, 5], [7, 11, 8, 10], [9, 19, 10, 18], [11, 22, 12, 23], [4, 14, 5, 13], [15, 24, 16, 1], [17, 9, 18, 8], [19, 6, 20, 7], [21, 2, 22, 3], [23, 16, 24, 17], [1, 12, 2, 13], [3, 20, 4, 21]]"
12n_0587_61,"[[3, 20, 4, 21], [14, 6, 15, 5], [7, 11, 8, 10], [9, 19, 10, 18], [11, 22, 12, 23], [4, 14, 5, 13], [15, 24, 16, 1], [17, 9, 18, 8], [19, 6, 20, 7], [21, 2, 22, 3], [23, 16, 24, 17], [1, 12, 2, 13]]"
12n_0587_62,"[[1, 12, 2, 13], [3, 20, 4, 21], [14, 6, 15, 5], [7, 11, 8, 10], [9, 19, 10, 18], [11, 22, 12, 23], [4, 14, 5, 13], [15, 24, 16, 1], [17, 9, 18, 8], [19, 6, 20, 7], [21, 2, 22, 3], [23, 16, 24, 17]]"
12n_0587_63,"[[23, 16, 24, 17], [1, 12, 2, 13], [3, 20, 4, 21], [14, 6, 15, 5], [7, 11, 8, 10], [9, 19, 10, 18], [11, 22, 12, 23], [4, 14, 5, 13], [15, 24, 16, 1], [17, 9, 18, 8], [19, 6, 20, 7], [21, 2, 22, 3]]"
12n_0587_64,"[[21, 2, 22, 3], [23, 16, 24, 17], [1, 12, 2, 13], [3, 20, 4, 21], [14, 6, 15, 5], [7, 11, 8, 10], [9, 19, 10, 18], [11, 22, 12, 23], [4, 14, 5, 13], [15, 24, 16, 1], [17, 9, 18, 8], [19, 6, 20, 7]]"
12n_0587_65,"[[19, 6, 20, 7], [21, 2, 22, 3], [23, 16, 24, 17], [1, 12, 2, 13], [3, 20, 4, 21], [14, 6, 15, 5], [7, 11, 8, 10], [9, 19, 10, 18], [11, 22, 12, 23], [4, 14, 5, 13], [15, 24, 16, 1], [17, 9, 18, 8]]"
12n_0587_66,"[[17, 9, 18, 8], [19, 6, 20, 7], [21, 2, 22, 3], [23, 16, 24, 17], [1, 12, 2, 13], [3, 20, 4, 21], [14, 6, 15, 5], [7, 11, 8, 10], [9, 19, 10, 18], [11, 22, 12, 23], [4, 14, 5, 13], [15, 24, 16, 1]]"
12n_0587_67,"[[15, 24, 16, 1], [17, 9, 18, 8], [19, 6, 20, 7], [21, 2, 22, 3], [23, 16, 24, 17], [1, 12, 2, 13], [3, 20, 4, 21], [14, 6, 15, 5], [7, 11, 8, 10], [9, 19, 10, 18], [11, 22, 12, 23], [4, 14, 5, 13]]"
12n_0587_68,"[[4, 14, 5, 13], [15, 24, 16, 1], [17, 9, 18, 8], [19, 6, 20, 7], [21, 2, 22, 3], [23, 16, 24, 17], [1, 12, 2, 13], [3, 20, 4, 21], [14, 6, 15, 5], [7, 11, 8, 10], [9, 19, 10, 18], [11, 22, 12, 23]]"
12n_0587_69,"[[11, 22, 12, 23], [4, 14, 5, 13], [15, 24, 16, 1], [17, 9, 18, 8], [19, 6, 20, 7], [21, 2, 22, 3], [23, 16, 24, 17], [1, 12, 2, 13], [3, 20, 4, 21], [14, 6, 15, 5], [7, 11, 8, 10], [9, 19, 10, 18]]"
12n_0587_70,"[[9, 19, 10, 18], [11, 22, 12, 23], [4, 14, 5, 13], [15, 24, 16, 1], [17, 9, 18, 8], [19, 6, 20, 7], [21, 2, 22, 3], [23, 16, 24, 17], [1, 12, 2, 13], [3, 20, 4, 21], [14, 6, 15, 5], [7, 11, 8, 10]]"
12n_0587_71,"[[7, 11, 8, 10], [9, 19, 10, 18], [11, 22, 12, 23], [4, 14, 5, 13], [15, 24, 16, 1], [17, 9, 18, 8], [19, 6, 20, 7], [21, 2, 22, 3], [23, 16, 24, 17], [1, 12, 2, 13], [3, 20, 4, 21], [14, 6, 15, 5]]"
12n_0587_72,"[[15, 7, 16, 6], [8, 12, 9, 11], [10, 20, 11, 19], [12, 23, 13, 24], [5, 15, 6, 14], [16, 1, 17, 2], [18, 10, 19, 9], [20, 7, 21, 8], [22, 3, 23, 4], [24, 17, 1, 18], [2, 13, 3, 14], [4, 21, 5, 22]]"
12n_0587_73,"[[4, 21, 5, 22], [15, 7, 16, 6], [8, 12, 9, 11], [10, 20, 11, 19], [12, 23, 13, 24], [5, 15, 6, 14], [16, 1, 17, 2], [18, 10, 19, 9], [20, 7, 21, 8], [22, 3, 23, 4], [24, 17, 1, 18], [2, 13, 3, 14]]"
12n_0587_74,"[[2, 13, 3, 14], [4, 21, 5, 22], [15, 7, 16, 6], [8, 12, 9, 11], [10, 20, 11, 19], [12, 23, 13, 24], [5, 15, 6, 14], [16, 1, 17, 2], [18, 10, 19, 9], [20, 7, 21, 8], [22, 3, 23, 4], [24, 17, 1, 18]]"
12n_0587_75,"[[24, 17, 1, 18], [2, 13, 3, 14], [4, 21, 5, 22], [15, 7, 16, 6], [8, 12, 9, 11], [10, 20, 11, 19], [12, 23, 13, 24], [5, 15, 6, 14], [16, 1, 17, 2], [18, 10, 19, 9], [20, 7, 21, 8], [22, 3, 23, 4]]"
12n_0587_76,"[[22, 3, 23, 4], [24, 17, 1, 18], [2, 13, 3, 14], [4, 21, 5, 22], [15, 7, 16, 6], [8, 12, 9, 11], [10, 20, 11, 19], [12, 23, 13, 24], [5, 15, 6, 14], [16, 1, 17, 2], [18, 10, 19, 9], [20, 7, 21, 8]]"
12n_0587_77,"[[20, 7, 21, 8], [22, 3, 23, 4], [24, 17, 1, 18], [2, 13, 3, 14], [4, 21, 5, 22], [15, 7, 16, 6], [8, 12, 9, 11], [10, 20, 11, 19], [12, 23, 13, 24], [5, 15, 6, 14], [16, 1, 17, 2], [18, 10, 19, 9]]"
12n_0587_78,"[[18, 10, 19, 9], [20, 7, 21, 8], [22, 3, 23, 4], [24, 17, 1, 18], [2, 13, 3, 14], [4, 21, 5, 22], [15, 7, 16, 6], [8, 12, 9, 11], [10, 20, 11, 19], [12, 23, 13, 24], [5, 15, 6, 14], [16, 1, 17, 2]]"
12n_0587_79,"[[16, 1, 17, 2], [18, 10, 19, 9], [20, 7, 21, 8], [22, 3, 23, 4], [24, 17, 1, 18], [2, 13, 3, 14], [4, 21, 5, 22], [15, 7, 16, 6], [8, 12, 9, 11], [10, 20, 11, 19], [12, 23, 13, 24], [5, 15, 6, 14]]"
12n_0587_80,"[[5, 15, 6, 14], [16, 1, 17, 2], [18, 10, 19, 9], [20, 7, 21, 8], [22, 3, 23, 4], [24, 17, 1, 18], [2, 13, 3, 14], [4, 21, 5, 22], [15, 7, 16, 6], [8, 12, 9, 11], [10, 20, 11, 19], [12, 23, 13, 24]]"
12n_0587_81,"[[12, 23, 13, 24], [5, 15, 6, 14], [16, 1, 17, 2], [18, 10, 19, 9], [20, 7, 21, 8], [22, 3, 23, 4], [24, 17, 1, 18], [2, 13, 3, 14], [4, 21, 5, 22], [15, 7, 16, 6], [8, 12, 9, 11], [10, 20, 11, 19]]"
12n_0587_82,"[[10, 20, 11, 19], [12, 23, 13, 24], [5, 15, 6, 14], [16, 1, 17, 2], [18, 10, 19, 9], [20, 7, 21, 8], [22, 3, 23, 4], [24, 17, 1, 18], [2, 13, 3, 14], [4, 21, 5, 22], [15, 7, 16, 6], [8, 12, 9, 11]]"
12n_0587_83,"[[8, 12, 9, 11], [10, 20, 11, 19], [12, 23, 13, 24], [5, 15, 6, 14], [16, 1, 17, 2], [18, 10, 19, 9], [20, 7, 21, 8], [22, 3, 23, 4], [24, 17, 1, 18], [2, 13, 3, 14], [4, 21, 5, 22], [15, 7, 16, 6]]"
12n_0587_84,"[[16, 8, 17, 7], [9, 13, 10, 12], [11, 21, 12, 20], [13, 24, 14, 1], [6, 16, 7, 15], [17, 2, 18, 3], [19, 11, 20, 10], [21, 8, 22, 9], [23, 4, 24, 5], [1, 18, 2, 19], [3, 14, 4, 15], [5, 22, 6, 23]]"
12n_0587_85,"[[5, 22, 6, 23], [16, 8, 17, 7], [9, 13, 10, 12], [11, 21, 12, 20], [13, 24, 14, 1], [6, 16, 7, 15], [17, 2, 18, 3], [19, 11, 20, 10], [21, 8, 22, 9], [23, 4, 24, 5], [1, 18, 2, 19], [3, 14, 4, 15]]"
12n_0587_86,"[[3, 14, 4, 15], [5, 22, 6, 23], [16, 8, 17, 7], [9, 13, 10, 12], [11, 21, 12, 20], [13, 24, 14, 1], [6, 16, 7, 15], [17, 2, 18, 3], [19, 11, 20, 10], [21, 8, 22, 9], [23, 4, 24, 5], [1, 18, 2, 19]]"
12n_0587_87,"[[1, 18, 2, 19], [3, 14, 4, 15], [5, 22, 6, 23], [16, 8, 17, 7], [9, 13, 10, 12], [11, 21, 12, 20], [13, 24, 14, 1], [6, 16, 7, 15], [17, 2, 18, 3], [19, 11, 20, 10], [21, 8, 22, 9], [23, 4, 24, 5]]"
12n_0587_88,"[[23, 4, 24, 5], [1, 18, 2, 19], [3, 14, 4, 15], [5, 22, 6, 23], [16, 8, 17, 7], [9, 13, 10, 12], [11, 21, 12, 20], [13, 24, 14, 1], [6, 16, 7, 15], [17, 2, 18, 3], [19, 11, 20, 10], [21, 8, 22, 9]]"
12n_0587_89,"[[21, 8, 22, 9], [23, 4, 24, 5], [1, 18, 2, 19], [3, 14, 4, 15], [5, 22, 6, 23], [16, 8, 17, 7], [9, 13, 10, 12], [11, 21, 12, 20], [13, 24, 14, 1], [6, 16, 7, 15], [17, 2, 18, 3], [19, 11, 20, 10]]"
12n_0587_90,"[[19, 11, 20, 10], [21, 8, 22, 9], [23, 4, 24, 5], [1, 18, 2, 19], [3, 14, 4, 15], [5, 22, 6, 23], [16, 8, 17, 7], [9, 13, 10, 12], [11, 21, 12, 20], [13, 24, 14, 1], [6, 16, 7, 15], [17, 2, 18, 3]]"
12n_0587_91,"[[17, 2, 18, 3], [19, 11, 20, 10], [21, 8, 22, 9], [23, 4, 24, 5], [1, 18, 2, 19], [3, 14, 4, 15], [5, 22, 6, 23], [16, 8, 17, 7], [9, 13, 10, 12], [11, 21, 12, 20], [13, 24, 14, 1], [6, 16, 7, 15]]"
12n_0587_92,"[[6, 16, 7, 15], [17, 2, 18, 3], [19, 11, 20, 10], [21, 8, 22, 9], [23, 4, 24, 5], [1, 18, 2, 19], [3, 14, 4, 15], [5, 22, 6, 23], [16, 8, 17, 7], [9, 13, 10, 12], [11, 21, 12, 20], [13, 24, 14, 1]]"
12n_0587_93,"[[13, 24, 14, 1], [6, 16, 7, 15], [17, 2, 18, 3], [19, 11, 20, 10], [21, 8, 22, 9], [23, 4, 24, 5], [1, 18, 2, 19], [3, 14, 4, 15], [5, 22, 6, 23], [16, 8, 17, 7], [9, 13, 10, 12], [11, 21, 12, 20]]"
12n_0587_94,"[[11, 21, 12, 20], [13, 24, 14, 1], [6, 16, 7, 15], [17, 2, 18, 3], [19, 11, 20, 10], [21, 8, 22, 9], [23, 4, 24, 5], [1, 18, 2, 19], [3, 14, 4, 15], [5, 22, 6, 23], [16, 8, 17, 7], [9, 13, 10, 12]]"
12n_0587_95,"[[9, 13, 10, 12], [11, 21, 12, 20], [13, 24, 14, 1], [6, 16, 7, 15], [17, 2, 18, 3], [19, 11, 20, 10], [21, 8, 22, 9], [23, 4, 24, 5], [1, 18, 2, 19], [3, 14, 4, 15], [5, 22, 6, 23], [16, 8, 17, 7]]"
12n_0587_96,"[[17, 9, 18, 8], [10, 14, 11, 13], [12, 22, 13, 21], [14, 1, 15, 2], [7, 17, 8, 16], [18, 3, 19, 4], [20, 12, 21, 11], [22, 9, 23, 10], [24, 5, 1, 6], [2, 19, 3, 20], [4, 15, 5, 16], [6, 23, 7, 24]]"
12n_0587_97,"[[6, 23, 7, 24], [17, 9, 18, 8], [10, 14, 11, 13], [12, 22, 13, 21], [14, 1, 15, 2], [7, 17, 8, 16], [18, 3, 19, 4], [20, 12, 21, 11], [22, 9, 23, 10], [24, 5, 1, 6], [2, 19, 3, 20], [4, 15, 5, 16]]"
12n_0587_98,"[[4, 15, 5, 16], [6, 23, 7, 24], [17, 9, 18, 8], [10, 14, 11, 13], [12, 22, 13, 21], [14, 1, 15, 2], [7, 17, 8, 16], [18, 3, 19, 4], [20, 12, 21, 11], [22, 9, 23, 10], [24, 5, 1, 6], [2, 19, 3, 20]]"
12n_0587_99,"[[2, 19, 3, 20], [4, 15, 5, 16], [6, 23, 7, 24], [17, 9, 18, 8], [10, 14, 11, 13], [12, 22, 13, 21], [14, 1, 15, 2], [7, 17, 8, 16], [18, 3, 19, 4], [20, 12, 21, 11], [22, 9, 23, 10], [24, 5, 1, 6]]"
12n_0587_100,"[[24, 5, 1, 6], [2, 19, 3, 20], [4, 15, 5, 16], [6, 23, 7, 24], [17, 9, 18, 8], [10, 14, 11, 13], [12, 22, 13, 21], [14, 1, 15, 2], [7, 17, 8, 16], [18, 3, 19, 4], [20, 12, 21, 11], [22, 9, 23, 10]]"
12n_0587_101,"[[22, 9, 23, 10], [24, 5, 1, 6], [2, 19, 3, 20], [4, 15, 5, 16], [6, 23, 7, 24], [17, 9, 18, 8], [10, 14, 11, 13], [12, 22, 13, 21], [14, 1, 15, 2], [7, 17, 8, 16], [18, 3, 19, 4], [20, 12, 21, 11]]"
12n_0587_102,"[[20, 12, 21, 11], [22, 9, 23, 10], [24, 5, 1, 6], [2, 19, 3, 20], [4, 15, 5, 16], [6, 23, 7, 24], [17, 9, 18, 8], [10, 14, 11, 13], [12, 22, 13, 21], [14, 1, 15, 2], [7, 17, 8, 16], [18, 3, 19, 4]]"
12n_0587_103,"[[18, 3, 19, 4], [20, 12, 21, 11], [22, 9, 23, 10], [24, 5, 1, 6], [2, 19, 3, 20], [4, 15, 5, 16], [6, 23, 7, 24], [17, 9, 18, 8], [10, 14, 11, 13], [12, 22, 13, 21], [14, 1, 15, 2], [7, 17, 8, 16]]"
12n_0587_104,"[[7, 17, 8, 16], [18, 3, 19, 4], [20, 12, 21, 11], [22, 9, 23, 10], [24, 5, 1, 6], [2, 19, 3, 20], [4, 15, 5, 16], [6, 23, 7, 24], [17, 9, 18, 8], [10, 14, 11, 13], [12, 22, 13, 21], [14, 1, 15, 2]]"
12n_0587_105,"[[14, 1, 15, 2], [7, 17, 8, 16], [18, 3, 19, 4], [20, 12, 21, 11], [22, 9, 23, 10], [24, 5, 1, 6], [2, 19, 3, 20], [4, 15, 5, 16], [6, 23, 7, 24], [17, 9, 18, 8], [10, 14, 11, 13], [12, 22, 13, 21]]"
12n_0587_106,"[[12, 22, 13, 21], [14, 1, 15, 2], [7, 17, 8, 16], [18, 3, 19, 4], [20, 12, 21, 11], [22, 9, 23, 10], [24, 5, 1, 6], [2, 19, 3, 20], [4, 15, 5, 16], [6, 23, 7, 24], [17, 9, 18, 8], [10, 14, 11, 13]]"
12n_0587_107,"[[10, 14, 11, 13], [12, 22, 13, 21], [14, 1, 15, 2], [7, 17, 8, 16], [18, 3, 19, 4], [20, 12, 21, 11], [22, 9, 23, 10], [24, 5, 1, 6], [2, 19, 3, 20], [4, 15, 5, 16], [6, 23, 7, 24], [17, 9, 18, 8]]"
12n_0587_108,"[[18, 10, 19, 9], [11, 15, 12, 14], [13, 23, 14, 22], [15, 2, 16, 3], [8, 18, 9, 17], [19, 4, 20, 5], [21, 13, 22, 12], [23, 10, 24, 11], [1, 6, 2, 7], [3, 20, 4, 21], [5, 16, 6, 17], [7, 24, 8, 1]]"
12n_0587_109,"[[7, 24, 8, 1], [18, 10, 19, 9], [11, 15, 12, 14], [13, 23, 14, 22], [15, 2, 16, 3], [8, 18, 9, 17], [19, 4, 20, 5], [21, 13, 22, 12], [23, 10, 24, 11], [1, 6, 2, 7], [3, 20, 4, 21], [5, 16, 6, 17]]"
12n_0587_110,"[[5, 16, 6, 17], [7, 24, 8, 1], [18, 10, 19, 9], [11, 15, 12, 14], [13, 23, 14, 22], [15, 2, 16, 3], [8, 18, 9, 17], [19, 4, 20, 5], [21, 13, 22, 12], [23, 10, 24, 11], [1, 6, 2, 7], [3, 20, 4, 21]]"
12n_0587_111,"[[3, 20, 4, 21], [5, 16, 6, 17], [7, 24, 8, 1], [18, 10, 19, 9], [11, 15, 12, 14], [13, 23, 14, 22], [15, 2, 16, 3], [8, 18, 9, 17], [19, 4, 20, 5], [21, 13, 22, 12], [23, 10, 24, 11], [1, 6, 2, 7]]"
12n_0587_112,"[[1, 6, 2, 7], [3, 20, 4, 21], [5, 16, 6, 17], [7, 24, 8, 1], [18, 10, 19, 9], [11, 15, 12, 14], [13, 23, 14, 22], [15, 2, 16, 3], [8, 18, 9, 17], [19, 4, 20, 5], [21, 13, 22, 12], [23, 10, 24, 11]]"
12n_0587_113,"[[23, 10, 24, 11], [1, 6, 2, 7], [3, 20, 4, 21], [5, 16, 6, 17], [7, 24, 8, 1], [18, 10, 19, 9], [11, 15, 12, 14], [13, 23, 14, 22], [15, 2, 16, 3], [8, 18, 9, 17], [19, 4, 20, 5], [21, 13, 22, 12]]"
12n_0587_114,"[[21, 13, 22, 12], [23, 10, 24, 11], [1, 6, 2, 7], [3, 20, 4, 21], [5, 16, 6, 17], [7, 24, 8, 1], [18, 10, 19, 9], [11, 15, 12, 14], [13, 23, 14, 22], [15, 2, 16, 3], [8, 18, 9, 17], [19, 4, 20, 5]]"
12n_0587_115,"[[19, 4, 20, 5], [21, 13, 22, 12], [23, 10, 24, 11], [1, 6, 2, 7], [3, 20, 4, 21], [5, 16, 6, 17], [7, 24, 8, 1], [18, 10, 19, 9], [11, 15, 12, 14], [13, 23, 14, 22], [15, 2, 16, 3], [8, 18, 9, 17]]"
12n_0587_116,"[[8, 18, 9, 17], [19, 4, 20, 5], [21, 13, 22, 12], [23, 10, 24, 11], [1, 6, 2, 7], [3, 20, 4, 21], [5, 16, 6, 17], [7, 24, 8, 1], [18, 10, 19, 9], [11, 15, 12, 14], [13, 23, 14, 22], [15, 2, 16, 3]]"
12n_0587_117,"[[15, 2, 16, 3], [8, 18, 9, 17], [19, 4, 20, 5], [21, 13, 22, 12], [23, 10, 24, 11], [1, 6, 2, 7], [3, 20, 4, 21], [5, 16, 6, 17], [7, 24, 8, 1], [18, 10, 19, 9], [11, 15, 12, 14], [13, 23, 14, 22]]"
12n_0587_118,"[[13, 23, 14, 22], [15, 2, 16, 3], [8, 18, 9, 17], [19, 4, 20, 5], [21, 13, 22, 12], [23, 10, 24, 11], [1, 6, 2, 7], [3, 20, 4, 21], [5, 16, 6, 17], [7, 24, 8, 1], [18, 10, 19, 9], [11, 15, 12, 14]]"
12n_0587_119,"[[11, 15, 12, 14], [13, 23, 14, 22], [15, 2, 16, 3], [8, 18, 9, 17], [19, 4, 20, 5], [21, 13, 22, 12], [23, 10, 24, 11], [1, 6, 2, 7], [3, 20, 4, 21], [5, 16, 6, 17], [7, 24, 8, 1], [18, 10, 19, 9]]"
12n_0587_120,"[[19, 11, 20, 10], [12, 16, 13, 15], [14, 24, 15, 23], [16, 3, 17, 4], [9, 19, 10, 18], [20, 5, 21, 6], [22, 14, 23, 13], [24, 11, 1, 12], [2, 7, 3, 8], [4, 21, 5, 22], [6, 17, 7, 18], [8, 1, 9, 2]]"
12n_0587_121,"[[8, 1, 9, 2], [19, 11, 20, 10], [12, 16, 13, 15], [14, 24, 15, 23], [16, 3, 17, 4], [9, 19, 10, 18], [20, 5, 21, 6], [22, 14, 23, 13], [24, 11, 1, 12], [2, 7, 3, 8], [4, 21, 5, 22], [6, 17, 7, 18]]"
12n_0587_122,"[[6, 17, 7, 18], [8, 1, 9, 2], [19, 11, 20, 10], [12, 16, 13, 15], [14, 24, 15, 23], [16, 3, 17, 4], [9, 19, 10, 18], [20, 5, 21, 6], [22, 14, 23, 13], [24, 11, 1, 12], [2, 7, 3, 8], [4, 21, 5, 22]]"
12n_0587_123,"[[4, 21, 5, 22], [6, 17, 7, 18], [8, 1, 9, 2], [19, 11, 20, 10], [12, 16, 13, 15], [14, 24, 15, 23], [16, 3, 17, 4], [9, 19, 10, 18], [20, 5, 21, 6], [22, 14, 23, 13], [24, 11, 1, 12], [2, 7, 3, 8]]"
12n_0587_124,"[[2, 7, 3, 8], [4, 21, 5, 22], [6, 17, 7, 18], [8, 1, 9, 2], [19, 11, 20, 10], [12, 16, 13, 15], [14, 24, 15, 23], [16, 3, 17, 4], [9, 19, 10, 18], [20, 5, 21, 6], [22, 14, 23, 13], [24, 11, 1, 12]]"
12n_0587_125,"[[24, 11, 1, 12], [2, 7, 3, 8], [4, 21, 5, 22], [6, 17, 7, 18], [8, 1, 9, 2], [19, 11, 20, 10], [12, 16, 13, 15], [14, 24, 15, 23], [16, 3, 17, 4], [9, 19, 10, 18], [20, 5, 21, 6], [22, 14, 23, 13]]"
12n_0587_126,"[[22, 14, 23, 13], [24, 11, 1, 12], [2, 7, 3, 8], [4, 21, 5, 22], [6, 17, 7, 18], [8, 1, 9, 2], [19, 11, 20, 10], [12, 16, 13, 15], [14, 24, 15, 23], [16, 3, 17, 4], [9, 19, 10, 18], [20, 5, 21, 6]]"
12n_0587_127,"[[20, 5, 21, 6], [22, 14, 23, 13], [24, 11, 1, 12], [2, 7, 3, 8], [4, 21, 5, 22], [6, 17, 7, 18], [8, 1, 9, 2], [19, 11, 20, 10], [12, 16, 13, 15], [14, 24, 15, 23], [16, 3, 17, 4], [9, 19, 10, 18]]"
12n_0587_128,"[[9, 19, 10, 18], [20, 5, 21, 6], [22, 14, 23, 13], [24, 11, 1, 12], [2, 7, 3, 8], [4, 21, 5, 22], [6, 17, 7, 18], [8, 1, 9, 2], [19, 11, 20, 10], [12, 16, 13, 15], [14, 24, 15, 23], [16, 3, 17, 4]]"
12n_0587_129,"[[16, 3, 17, 4], [9, 19, 10, 18], [20, 5, 21, 6], [22, 14, 23, 13], [24, 11, 1, 12], [2, 7, 3, 8], [4, 21, 5, 22], [6, 17, 7, 18], [8, 1, 9, 2], [19, 11, 20, 10], [12, 16, 13, 15], [14, 24, 15, 23]]"
12n_0587_130,"[[14, 24, 15, 23], [16, 3, 17, 4], [9, 19, 10, 18], [20, 5, 21, 6], [22, 14, 23, 13], [24, 11, 1, 12], [2, 7, 3, 8], [4, 21, 5, 22], [6, 17, 7, 18], [8, 1, 9, 2], [19, 11, 20, 10], [12, 16, 13, 15]]"
12n_0587_131,"[[12, 16, 13, 15], [14, 24, 15, 23], [16, 3, 17, 4], [9, 19, 10, 18], [20, 5, 21, 6], [22, 14, 23, 13], [24, 11, 1, 12], [2, 7, 3, 8], [4, 21, 5, 22], [6, 17, 7, 18], [8, 1, 9, 2], [19, 11, 20, 10]]"
12n_0587_132,"[[20, 12, 21, 11], [13, 17, 14, 16], [15, 1, 16, 24], [17, 4, 18, 5], [10, 20, 11, 19], [21, 6, 22, 7], [23, 15, 24, 14], [1, 12, 2, 13], [3, 8, 4, 9], [5, 22, 6, 23], [7, 18, 8, 19], [9, 2, 10, 3]]"
12n_0587_133,"[[9, 2, 10, 3], [20, 12, 21, 11], [13, 17, 14, 16], [15, 1, 16, 24], [17, 4, 18, 5], [10, 20, 11, 19], [21, 6, 22, 7], [23, 15, 24, 14], [1, 12, 2, 13], [3, 8, 4, 9], [5, 22, 6, 23], [7, 18, 8, 19]]"
12n_0587_134,"[[7, 18, 8, 19], [9, 2, 10, 3], [20, 12, 21, 11], [13, 17, 14, 16], [15, 1, 16, 24], [17, 4, 18, 5], [10, 20, 11, 19], [21, 6, 22, 7], [23, 15, 24, 14], [1, 12, 2, 13], [3, 8, 4, 9], [5, 22, 6, 23]]"
12n_0587_135,"[[5, 22, 6, 23], [7, 18, 8, 19], [9, 2, 10, 3], [20, 12, 21, 11], [13, 17, 14, 16], [15, 1, 16, 24], [17, 4, 18, 5], [10, 20, 11, 19], [21, 6, 22, 7], [23, 15, 24, 14], [1, 12, 2, 13], [3, 8, 4, 9]]"
12n_0587_136,"[[3, 8, 4, 9], [5, 22, 6, 23], [7, 18, 8, 19], [9, 2, 10, 3], [20, 12, 21, 11], [13, 17, 14, 16], [15, 1, 16, 24], [17, 4, 18, 5], [10, 20, 11, 19], [21, 6, 22, 7], [23, 15, 24, 14], [1, 12, 2, 13]]"
12n_0587_137,"[[1, 12, 2, 13], [3, 8, 4, 9], [5, 22, 6, 23], [7, 18, 8, 19], [9, 2, 10, 3], [20, 12, 21, 11], [13, 17, 14, 16], [15, 1, 16, 24], [17, 4, 18, 5], [10, 20, 11, 19], [21, 6, 22, 7], [23, 15, 24, 14]]"
12n_0587_138,"[[23, 15, 24, 14], [1, 12, 2, 13], [3, 8, 4, 9], [5, 22, 6, 23], [7, 18, 8, 19], [9, 2, 10, 3], [20, 12, 21, 11], [13, 17, 14, 16], [15, 1, 16, 24], [17, 4, 18, 5], [10, 20, 11, 19], [21, 6, 22, 7]]"
12n_0587_139,"[[21, 6, 22, 7], [23, 15, 24, 14], [1, 12, 2, 13], [3, 8, 4, 9], [5, 22, 6, 23], [7, 18, 8, 19], [9, 2, 10, 3], [20, 12, 21, 11], [13, 17, 14, 16], [15, 1, 16, 24], [17, 4, 18, 5], [10, 20, 11, 19]]"
12n_0587_140,"[[10, 20, 11, 19], [21, 6, 22, 7], [23, 15, 24, 14], [1, 12, 2, 13], [3, 8, 4, 9], [5, 22, 6, 23], [7, 18, 8, 19], [9, 2, 10, 3], [20, 12, 21, 11], [13, 17, 14, 16], [15, 1, 16, 24], [17, 4, 18, 5]]"
12n_0587_141,"[[17, 4, 18, 5], [10, 20, 11, 19], [21, 6, 22, 7], [23, 15, 24, 14], [1, 12, 2, 13], [3, 8, 4, 9], [5, 22, 6, 23], [7, 18, 8, 19], [9, 2, 10, 3], [20, 12, 21, 11], [13, 17, 14, 16], [15, 1, 16, 24]]"
12n_0587_142,"[[15, 1, 16, 24], [17, 4, 18, 5], [10, 20, 11, 19], [21, 6, 22, 7], [23, 15, 24, 14], [1, 12, 2, 13], [3, 8, 4, 9], [5, 22, 6, 23], [7, 18, 8, 19], [9, 2, 10, 3], [20, 12, 21, 11], [13, 17, 14, 16]]"
12n_0587_143,"[[13, 17, 14, 16], [15, 1, 16, 24], [17, 4, 18, 5], [10, 20, 11, 19], [21, 6, 22, 7], [23, 15, 24, 14], [1, 12, 2, 13], [3, 8, 4, 9], [5, 22, 6, 23], [7, 18, 8, 19], [9, 2, 10, 3], [20, 12, 21, 11]]"
12n_0587_144,"[[21, 13, 22, 12], [14, 18, 15, 17], [16, 2, 17, 1], [18, 5, 19, 6], [11, 21, 12, 20], [22, 7, 23, 8], [24, 16, 1, 15], [2, 13, 3, 14], [4, 9, 5, 10], [6, 23, 7, 24], [8, 19, 9, 20], [10, 3, 11, 4]]"
12n_0587_145,"[[10, 3, 11, 4], [21, 13, 22, 12], [14, 18, 15, 17], [16, 2, 17, 1], [18, 5, 19, 6], [11, 21, 12, 20], [22, 7, 23, 8], [24, 16, 1, 15], [2, 13, 3, 14], [4, 9, 5, 10], [6, 23, 7, 24], [8, 19, 9, 20]]"
12n_0587_146,"[[8, 19, 9, 20], [10, 3, 11, 4], [21, 13, 22, 12], [14, 18, 15, 17], [16, 2, 17, 1], [18, 5, 19, 6], [11, 21, 12, 20], [22, 7, 23, 8], [24, 16, 1, 15], [2, 13, 3, 14], [4, 9, 5, 10], [6, 23, 7, 24]]"
12n_0587_147,"[[6, 23, 7, 24], [8, 19, 9, 20], [10, 3, 11, 4], [21, 13, 22, 12], [14, 18, 15, 17], [16, 2, 17, 1], [18, 5, 19, 6], [11, 21, 12, 20], [22, 7, 23, 8], [24, 16, 1, 15], [2, 13, 3, 14], [4, 9, 5, 10]]"
12n_0587_148,"[[4, 9, 5, 10], [6, 23, 7, 24], [8, 19, 9, 20], [10, 3, 11, 4], [21, 13, 22, 12], [14, 18, 15, 17], [16, 2, 17, 1], [18, 5, 19, 6], [11, 21, 12, 20], [22, 7, 23, 8], [24, 16, 1, 15], [2, 13, 3, 14]]"
12n_0587_149,"[[2, 13, 3, 14], [4, 9, 5, 10], [6, 23, 7, 24], [8, 19, 9, 20], [10, 3, 11, 4], [21, 13, 22, 12], [14, 18, 15, 17], [16, 2, 17, 1], [18, 5, 19, 6], [11, 21, 12, 20], [22, 7, 23, 8], [24, 16, 1, 15]]"
12n_0587_150,"[[24, 16, 1, 15], [2, 13, 3, 14], [4, 9, 5, 10], [6, 23, 7, 24], [8, 19, 9, 20], [10, 3, 11, 4], [21, 13, 22, 12], [14, 18, 15, 17], [16, 2, 17, 1], [18, 5, 19, 6], [11, 21, 12, 20], [22, 7, 23, 8]]"
12n_0587_151,"[[22, 7, 23, 8], [24, 16, 1, 15], [2, 13, 3, 14], [4, 9, 5, 10], [6, 23, 7, 24], [8, 19, 9, 20], [10, 3, 11, 4], [21, 13, 22, 12], [14, 18, 15, 17], [16, 2, 17, 1], [18, 5, 19, 6], [11, 21, 12, 20]]"
12n_0587_152,"[[11, 21, 12, 20], [22, 7, 23, 8], [24, 16, 1, 15], [2, 13, 3, 14], [4, 9, 5, 10], [6, 23, 7, 24], [8, 19, 9, 20], [10, 3, 11, 4], [21, 13, 22, 12], [14, 18, 15, 17], [16, 2, 17, 1], [18, 5, 19, 6]]"
12n_0587_153,"[[18, 5, 19, 6], [11, 21, 12, 20], [22, 7, 23, 8], [24, 16, 1, 15], [2, 13, 3, 14], [4, 9, 5, 10], [6, 23, 7, 24], [8, 19, 9, 20], [10, 3, 11, 4], [21, 13, 22, 12], [14, 18, 15, 17], [16, 2, 17, 1]]"
12n_0587_154,"[[16, 2, 17, 1], [18, 5, 19, 6], [11, 21, 12, 20], [22, 7, 23, 8], [24, 16, 1, 15], [2, 13, 3, 14], [4, 9, 5, 10], [6, 23, 7, 24], [8, 19, 9, 20], [10, 3, 11, 4], [21, 13, 22, 12], [14, 18, 15, 17]]"
12n_0587_155,"[[14, 18, 15, 17], [16, 2, 17, 1], [18, 5, 19, 6], [11, 21, 12, 20], [22, 7, 23, 8], [24, 16, 1, 15], [2, 13, 3, 14], [4, 9, 5, 10], [6, 23, 7, 24], [8, 19, 9, 20], [10, 3, 11, 4], [21, 13, 22, 12]]"
12n_0587_156,"[[22, 14, 23, 13], [15, 19, 16, 18], [17, 3, 18, 2], [19, 6, 20, 7], [12, 22, 13, 21], [23, 8, 24, 9], [1, 17, 2, 16], [3, 14, 4, 15], [5, 10, 6, 11], [7, 24, 8, 1], [9, 20, 10, 21], [11, 4, 12, 5]]"
12n_0587_157,"[[11, 4, 12, 5], [22, 14, 23, 13], [15, 19, 16, 18], [17, 3, 18, 2], [19, 6, 20, 7], [12, 22, 13, 21], [23, 8, 24, 9], [1, 17, 2, 16], [3, 14, 4, 15], [5, 10, 6, 11], [7, 24, 8, 1], [9, 20, 10, 21]]"
12n_0587_158,"[[9, 20, 10, 21], [11, 4, 12, 5], [22, 14, 23, 13], [15, 19, 16, 18], [17, 3, 18, 2], [19, 6, 20, 7], [12, 22, 13, 21], [23, 8, 24, 9], [1, 17, 2, 16], [3, 14, 4, 15], [5, 10, 6, 11], [7, 24, 8, 1]]"
12n_0587_159,"[[7, 24, 8, 1], [9, 20, 10, 21], [11, 4, 12, 5], [22, 14, 23, 13], [15, 19, 16, 18], [17, 3, 18, 2], [19, 6, 20, 7], [12, 22, 13, 21], [23, 8, 24, 9], [1, 17, 2, 16], [3, 14, 4, 15], [5, 10, 6, 11]]"
12n_0587_160,"[[5, 10, 6, 11], [7, 24, 8, 1], [9, 20, 10, 21], [11, 4, 12, 5], [22, 14, 23, 13], [15, 19, 16, 18], [17, 3, 18, 2], [19, 6, 20, 7], [12, 22, 13, 21], [23, 8, 24, 9], [1, 17, 2, 16], [3, 14, 4, 15]]"
12n_0587_161,"[[3, 14, 4, 15], [5, 10, 6, 11], [7, 24, 8, 1], [9, 20, 10, 21], [11, 4, 12, 5], [22, 14, 23, 13], [15, 19, 16, 18], [17, 3, 18, 2], [19, 6, 20, 7], [12, 22, 13, 21], [23, 8, 24, 9], [1, 17, 2, 16]]"
12n_0587_162,"[[1, 17, 2, 16], [3, 14, 4, 15], [5, 10, 6, 11], [7, 24, 8, 1], [9, 20, 10, 21], [11, 4, 12, 5], [22, 14, 23, 13], [15, 19, 16, 18], [17, 3, 18, 2], [19, 6, 20, 7], [12, 22, 13, 21], [23, 8, 24, 9]]"
12n_0587_163,"[[23, 8, 24, 9], [1, 17, 2, 16], [3, 14, 4, 15], [5, 10, 6, 11], [7, 24, 8, 1], [9, 20, 10, 21], [11, 4, 12, 5], [22, 14, 23, 13], [15, 19, 16, 18], [17, 3, 18, 2], [19, 6, 20, 7], [12, 22, 13, 21]]"
12n_0587_164,"[[12, 22, 13, 21], [23, 8, 24, 9], [1, 17, 2, 16], [3, 14, 4, 15], [5, 10, 6, 11], [7, 24, 8, 1], [9, 20, 10, 21], [11, 4, 12, 5], [22, 14, 23, 13], [15, 19, 16, 18], [17, 3, 18, 2], [19, 6, 20, 7]]"
12n_0587_165,"[[19, 6, 20, 7], [12, 22, 13, 21], [23, 8, 24, 9], [1, 17, 2, 16], [3, 14, 4, 15], [5, 10, 6, 11], [7, 24, 8, 1], [9, 20, 10, 21], [11, 4, 12, 5], [22, 14, 23, 13], [15, 19, 16, 18], [17, 3, 18, 2]]"
12n_0587_166,"[[17, 3, 18, 2], [19, 6, 20, 7], [12, 22, 13, 21], [23, 8, 24, 9], [1, 17, 2, 16], [3, 14, 4, 15], [5, 10, 6, 11], [7, 24, 8, 1], [9, 20, 10, 21], [11, 4, 12, 5], [22, 14, 23, 13], [15, 19, 16, 18]]"
12n_0587_167,"[[15, 19, 16, 18], [17, 3, 18, 2], [19, 6, 20, 7], [12, 22, 13, 21], [23, 8, 24, 9], [1, 17, 2, 16], [3, 14, 4, 15], [5, 10, 6, 11], [7, 24, 8, 1], [9, 20, 10, 21], [11, 4, 12, 5], [22, 14, 23, 13]]"
12n_0587_168,"[[23, 15, 24, 14], [16, 20, 17, 19], [18, 4, 19, 3], [20, 7, 21, 8], [13, 23, 14, 22], [24, 9, 1, 10], [2, 18, 3, 17], [4, 15, 5, 16], [6, 11, 7, 12], [8, 1, 9, 2], [10, 21, 11, 22], [12, 5, 13, 6]]"
12n_0587_169,"[[12, 5, 13, 6], [23, 15, 24, 14], [16, 20, 17, 19], [18, 4, 19, 3], [20, 7, 21, 8], [13, 23, 14, 22], [24, 9, 1, 10], [2, 18, 3, 17], [4, 15, 5, 16], [6, 11, 7, 12], [8, 1, 9, 2], [10, 21, 11, 22]]"
12n_0587_170,"[[10, 21, 11, 22], [12, 5, 13, 6], [23, 15, 24, 14], [16, 20, 17, 19], [18, 4, 19, 3], [20, 7, 21, 8], [13, 23, 14, 22], [24, 9, 1, 10], [2, 18, 3, 17], [4, 15, 5, 16], [6, 11, 7, 12], [8, 1, 9, 2]]"
12n_0587_171,"[[8, 1, 9, 2], [10, 21, 11, 22], [12, 5, 13, 6], [23, 15, 24, 14], [16, 20, 17, 19], [18, 4, 19, 3], [20, 7, 21, 8], [13, 23, 14, 22], [24, 9, 1, 10], [2, 18, 3, 17], [4, 15, 5, 16], [6, 11, 7, 12]]"
12n_0587_172,"[[6, 11, 7, 12], [8, 1, 9, 2], [10, 21, 11, 22], [12, 5, 13, 6], [23, 15, 24, 14], [16, 20, 17, 19], [18, 4, 19, 3], [20, 7, 21, 8], [13, 23, 14, 22], [24, 9, 1, 10], [2, 18, 3, 17], [4, 15, 5, 16]]"
12n_0587_173,"[[4, 15, 5, 16], [6, 11, 7, 12], [8, 1, 9, 2], [10, 21, 11, 22], [12, 5, 13, 6], [23, 15, 24, 14], [16, 20, 17, 19], [18, 4, 19, 3], [20, 7, 21, 8], [13, 23, 14, 22], [24, 9, 1, 10], [2, 18, 3, 17]]"
12n_0587_174,"[[2, 18, 3, 17], [4, 15, 5, 16], [6, 11, 7, 12], [8, 1, 9, 2], [10, 21, 11, 22], [12, 5, 13, 6], [23, 15, 24, 14], [16, 20, 17, 19], [18, 4, 19, 3], [20, 7, 21, 8], [13, 23, 14, 22], [24, 9, 1, 10]]"
12n_0587_175,"[[24, 9, 1, 10], [2, 18, 3, 17], [4, 15, 5, 16], [6, 11, 7, 12], [8, 1, 9, 2], [10, 21, 11, 22], [12, 5, 13, 6], [23, 15, 24, 14], [16, 20, 17, 19], [18, 4, 19, 3], [20, 7, 21, 8], [13, 23, 14, 22]]"
12n_0587_176,"[[13, 23, 14, 22], [24, 9, 1, 10], [2, 18, 3, 17], [4, 15, 5, 16], [6, 11, 7, 12], [8, 1, 9, 2], [10, 21, 11, 22], [12, 5, 13, 6], [23, 15, 24, 14], [16, 20, 17, 19], [18, 4, 19, 3], [20, 7, 21, 8]]"
12n_0587_177,"[[20, 7, 21, 8], [13, 23, 14, 22], [24, 9, 1, 10], [2, 18, 3, 17], [4, 15, 5, 16], [6, 11, 7, 12], [8, 1, 9, 2], [10, 21, 11, 22], [12, 5, 13, 6], [23, 15, 24, 14], [16, 20, 17, 19], [18, 4, 19, 3]]"
12n_0587_178,"[[18, 4, 19, 3], [20, 7, 21, 8], [13, 23, 14, 22], [24, 9, 1, 10], [2, 18, 3, 17], [4, 15, 5, 16], [6, 11, 7, 12], [8, 1, 9, 2], [10, 21, 11, 22], [12, 5, 13, 6], [23, 15, 24, 14], [16, 20, 17, 19]]"
12n_0587_179,"[[16, 20, 17, 19], [18, 4, 19, 3], [20, 7, 21, 8], [13, 23, 14, 22], [24, 9, 1, 10], [2, 18, 3, 17], [4, 15, 5, 16], [6, 11, 7, 12], [8, 1, 9, 2], [10, 21, 11, 22], [12, 5, 13, 6], [23, 15, 24, 14]]"
12n_0587_180,"[[24, 16, 1, 15], [17, 21, 18, 20], [19, 5, 20, 4], [21, 8, 22, 9], [14, 24, 15, 23], [1, 10, 2, 11], [3, 19, 4, 18], [5, 16, 6, 17], [7, 12, 8, 13], [9, 2, 10, 3], [11, 22, 12, 23], [13, 6, 14, 7]]"
12n_0587_181,"[[13, 6, 14, 7], [24, 16, 1, 15], [17, 21, 18, 20], [19, 5, 20, 4], [21, 8, 22, 9], [14, 24, 15, 23], [1, 10, 2, 11], [3, 19, 4, 18], [5, 16, 6, 17], [7, 12, 8, 13], [9, 2, 10, 3], [11, 22, 12, 23]]"
12n_0587_182,"[[11, 22, 12, 23], [13, 6, 14, 7], [24, 16, 1, 15], [17, 21, 18, 20], [19, 5, 20, 4], [21, 8, 22, 9], [14, 24, 15, 23], [1, 10, 2, 11], [3, 19, 4, 18], [5, 16, 6, 17], [7, 12, 8, 13], [9, 2, 10, 3]]"
12n_0587_183,"[[9, 2, 10, 3], [11, 22, 12, 23], [13, 6, 14, 7], [24, 16, 1, 15], [17, 21, 18, 20], [19, 5, 20, 4], [21, 8, 22, 9], [14, 24, 15, 23], [1, 10, 2, 11], [3, 19, 4, 18], [5, 16, 6, 17], [7, 12, 8, 13]]"
12n_0587_184,"[[7, 12, 8, 13], [9, 2, 10, 3], [11, 22, 12, 23], [13, 6, 14, 7], [24, 16, 1, 15], [17, 21, 18, 20], [19, 5, 20, 4], [21, 8, 22, 9], [14, 24, 15, 23], [1, 10, 2, 11], [3, 19, 4, 18], [5, 16, 6, 17]]"
12n_0587_185,"[[5, 16, 6, 17], [7, 12, 8, 13], [9, 2, 10, 3], [11, 22, 12, 23], [13, 6, 14, 7], [24, 16, 1, 15], [17, 21, 18, 20], [19, 5, 20, 4], [21, 8, 22, 9], [14, 24, 15, 23], [1, 10, 2, 11], [3, 19, 4, 18]]"
