name,pd_notation
12n_0388_0,"[[24, 13, 1, 14], [2, 6, 3, 5], [4, 12, 5, 11], [15, 7, 16, 6], [19, 9, 20, 8], [10, 4, 11, 3], [12, 23, 13, 24], [14, 1, 15, 2], [9, 17, 10, 16], [21, 18, 22, 19], [7, 21, 8, 20], [17, 22, 18, 23]]"
12n_0388_1,"[[17, 22, 18, 23], [24, 13, 1, 14], [2, 6, 3, 5], [4, 12, 5, 11], [15, 7, 16, 6], [19, 9, 20, 8], [10, 4, 11, 3], [12, 23, 13, 24], [14, 1, 15, 2], [9, 17, 10, 16], [21, 18, 22, 19], [7, 21, 8, 20]]"
12n_0388_2,"[[7, 21, 8, 20], [17, 22, 18, 23], [24, 13, 1, 14], [2, 6, 3, 5], [4, 12, 5, 11], [15, 7, 16, 6], [19, 9, 20, 8], [10, 4, 11, 3], [12, 23, 13, 24], [14, 1, 15, 2], [9, 17, 10, 16], [21, 18, 22, 19]]"
12n_0388_3,"[[21, 18, 22, 19], [7, 21, 8, 20], [17, 22, 18, 23], [24, 13, 1, 14], [2, 6, 3, 5], [4, 12, 5, 11], [15, 7, 16, 6], [19, 9, 20, 8], [10, 4, 11, 3], [12, 23, 13, 24], [14, 1, 15, 2], [9, 17, 10, 16]]"
12n_0388_4,"[[9, 17, 10, 16], [21, 18, 22, 19], [7, 21, 8, 20], [17, 22, 18, 23], [24, 13, 1, 14], [2, 6, 3, 5], [4, 12, 5, 11], [15, 7, 16, 6], [19, 9, 20, 8], [10, 4, 11, 3], [12, 23, 13, 24], [14, 1, 15, 2]]"
12n_0388_5,"[[14, 1, 15, 2], [9, 17, 10, 16], [21, 18, 22, 19], [7, 21, 8, 20], [17, 22, 18, 23], [24, 13, 1, 14], [2, 6, 3, 5], [4, 12, 5, 11], [15, 7, 16, 6], [19, 9, 20, 8], [10, 4, 11, 3], [12, 23, 13, 24]]"
12n_0388_6,"[[12, 23, 13, 24], [14, 1, 15, 2], [9, 17, 10, 16], [21, 18, 22, 19], [7, 21, 8, 20], [17, 22, 18, 23], [24, 13, 1, 14], [2, 6, 3, 5], [4, 12, 5, 11], [15, 7, 16, 6], [19, 9, 20, 8], [10, 4, 11, 3]]"
12n_0388_7,"[[10, 4, 11, 3], [12, 23, 13, 24], [14, 1, 15, 2], [9, 17, 10, 16], [21, 18, 22, 19], [7, 21, 8, 20], [17, 22, 18, 23], [24, 13, 1, 14], [2, 6, 3, 5], [4, 12, 5, 11], [15, 7, 16, 6], [19, 9, 20, 8]]"
12n_0388_8,"[[19, 9, 20, 8], [10, 4, 11, 3], [12, 23, 13, 24], [14, 1, 15, 2], [9, 17, 10, 16], [21, 18, 22, 19], [7, 21, 8, 20], [17, 22, 18, 23], [24, 13, 1, 14], [2, 6, 3, 5], [4, 12, 5, 11], [15, 7, 16, 6]]"
12n_0388_9,"[[15, 7, 16, 6], [19, 9, 20, 8], [10, 4, 11, 3], [12, 23, 13, 24], [14, 1, 15, 2], [9, 17, 10, 16], [21, 18, 22, 19], [7, 21, 8, 20], [17, 22, 18, 23], [24, 13, 1, 14], [2, 6, 3, 5], [4, 12, 5, 11]]"
12n_0388_10,"[[4, 12, 5, 11], [15, 7, 16, 6], [19, 9, 20, 8], [10, 4, 11, 3], [12, 23, 13, 24], [14, 1, 15, 2], [9, 17, 10, 16], [21, 18, 22, 19], [7, 21, 8, 20], [17, 22, 18, 23], [24, 13, 1, 14], [2, 6, 3, 5]]"
12n_0388_11,"[[2, 6, 3, 5], [4, 12, 5, 11], [15, 7, 16, 6], [19, 9, 20, 8], [10, 4, 11, 3], [12, 23, 13, 24], [14, 1, 15, 2], [9, 17, 10, 16], [21, 18, 22, 19], [7, 21, 8, 20], [17, 22, 18, 23], [24, 13, 1, 14]]"
12n_0388_12,"[[1, 14, 2, 15], [3, 7, 4, 6], [5, 13, 6, 12], [16, 8, 17, 7], [20, 10, 21, 9], [11, 5, 12, 4], [13, 24, 14, 1], [15, 2, 16, 3], [10, 18, 11, 17], [22, 19, 23, 20], [8, 22, 9, 21], [18, 23, 19, 24]]"
12n_0388_13,"[[18, 23, 19, 24], [1, 14, 2, 15], [3, 7, 4, 6], [5, 13, 6, 12], [16, 8, 17, 7], [20, 10, 21, 9], [11, 5, 12, 4], [13, 24, 14, 1], [15, 2, 16, 3], [10, 18, 11, 17], [22, 19, 23, 20], [8, 22, 9, 21]]"
12n_0388_14,"[[8, 22, 9, 21], [18, 23, 19, 24], [1, 14, 2, 15], [3, 7, 4, 6], [5, 13, 6, 12], [16, 8, 17, 7], [20, 10, 21, 9], [11, 5, 12, 4], [13, 24, 14, 1], [15, 2, 16, 3], [10, 18, 11, 17], [22, 19, 23, 20]]"
12n_0388_15,"[[22, 19, 23, 20], [8, 22, 9, 21], [18, 23, 19, 24], [1, 14, 2, 15], [3, 7, 4, 6], [5, 13, 6, 12], [16, 8, 17, 7], [20, 10, 21, 9], [11, 5, 12, 4], [13, 24, 14, 1], [15, 2, 16, 3], [10, 18, 11, 17]]"
12n_0388_16,"[[10, 18, 11, 17], [22, 19, 23, 20], [8, 22, 9, 21], [18, 23, 19, 24], [1, 14, 2, 15], [3, 7, 4, 6], [5, 13, 6, 12], [16, 8, 17, 7], [20, 10, 21, 9], [11, 5, 12, 4], [13, 24, 14, 1], [15, 2, 16, 3]]"
12n_0388_17,"[[15, 2, 16, 3], [10, 18, 11, 17], [22, 19, 23, 20], [8, 22, 9, 21], [18, 23, 19, 24], [1, 14, 2, 15], [3, 7, 4, 6], [5, 13, 6, 12], [16, 8, 17, 7], [20, 10, 21, 9], [11, 5, 12, 4], [13, 24, 14, 1]]"
12n_0388_18,"[[13, 24, 14, 1], [15, 2, 16, 3], [10, 18, 11, 17], [22, 19, 23, 20], [8, 22, 9, 21], [18, 23, 19, 24], [1, 14, 2, 15], [3, 7, 4, 6], [5, 13, 6, 12], [16, 8, 17, 7], [20, 10, 21, 9], [11, 5, 12, 4]]"
12n_0388_19,"[[11, 5, 12, 4], [13, 24, 14, 1], [15, 2, 16, 3], [10, 18, 11, 17], [22, 19, 23, 20], [8, 22, 9, 21], [18, 23, 19, 24], [1, 14, 2, 15], [3, 7, 4, 6], [5, 13, 6, 12], [16, 8, 17, 7], [20, 10, 21, 9]]"
12n_0388_20,"[[20, 10, 21, 9], [11, 5, 12, 4], [13, 24, 14, 1], [15, 2, 16, 3], [10, 18, 11, 17], [22, 19, 23, 20], [8, 22, 9, 21], [18, 23, 19, 24], [1, 14, 2, 15], [3, 7, 4, 6], [5, 13, 6, 12], [16, 8, 17, 7]]"
12n_0388_21,"[[16, 8, 17, 7], [20, 10, 21, 9], [11, 5, 12, 4], [13, 24, 14, 1], [15, 2, 16, 3], [10, 18, 11, 17], [22, 19, 23, 20], [8, 22, 9, 21], [18, 23, 19, 24], [1, 14, 2, 15], [3, 7, 4, 6], [5, 13, 6, 12]]"
12n_0388_22,"[[5, 13, 6, 12], [16, 8, 17, 7], [20, 10, 21, 9], [11, 5, 12, 4], [13, 24, 14, 1], [15, 2, 16, 3], [10, 18, 11, 17], [22, 19, 23, 20], [8, 22, 9, 21], [18, 23, 19, 24], [1, 14, 2, 15], [3, 7, 4, 6]]"
12n_0388_23,"[[3, 7, 4, 6], [5, 13, 6, 12], [16, 8, 17, 7], [20, 10, 21, 9], [11, 5, 12, 4], [13, 24, 14, 1], [15, 2, 16, 3], [10, 18, 11, 17], [22, 19, 23, 20], [8, 22, 9, 21], [18, 23, 19, 24], [1, 14, 2, 15]]"
12n_0388_24,"[[2, 15, 3, 16], [4, 8, 5, 7], [6, 14, 7, 13], [17, 9, 18, 8], [21, 11, 22, 10], [12, 6, 13, 5], [14, 1, 15, 2], [16, 3, 17, 4], [11, 19, 12, 18], [23, 20, 24, 21], [9, 23, 10, 22], [19, 24, 20, 1]]"
12n_0388_25,"[[19, 24, 20, 1], [2, 15, 3, 16], [4, 8, 5, 7], [6, 14, 7, 13], [17, 9, 18, 8], [21, 11, 22, 10], [12, 6, 13, 5], [14, 1, 15, 2], [16, 3, 17, 4], [11, 19, 12, 18], [23, 20, 24, 21], [9, 23, 10, 22]]"
12n_0388_26,"[[9, 23, 10, 22], [19, 24, 20, 1], [2, 15, 3, 16], [4, 8, 5, 7], [6, 14, 7, 13], [17, 9, 18, 8], [21, 11, 22, 10], [12, 6, 13, 5], [14, 1, 15, 2], [16, 3, 17, 4], [11, 19, 12, 18], [23, 20, 24, 21]]"
12n_0388_27,"[[23, 20, 24, 21], [9, 23, 10, 22], [19, 24, 20, 1], [2, 15, 3, 16], [4, 8, 5, 7], [6, 14, 7, 13], [17, 9, 18, 8], [21, 11, 22, 10], [12, 6, 13, 5], [14, 1, 15, 2], [16, 3, 17, 4], [11, 19, 12, 18]]"
12n_0388_28,"[[11, 19, 12, 18], [23, 20, 24, 21], [9, 23, 10, 22], [19, 24, 20, 1], [2, 15, 3, 16], [4, 8, 5, 7], [6, 14, 7, 13], [17, 9, 18, 8], [21, 11, 22, 10], [12, 6, 13, 5], [14, 1, 15, 2], [16, 3, 17, 4]]"
12n_0388_29,"[[16, 3, 17, 4], [11, 19, 12, 18], [23, 20, 24, 21], [9, 23, 10, 22], [19, 24, 20, 1], [2, 15, 3, 16], [4, 8, 5, 7], [6, 14, 7, 13], [17, 9, 18, 8], [21, 11, 22, 10], [12, 6, 13, 5], [14, 1, 15, 2]]"
12n_0388_30,"[[14, 1, 15, 2], [16, 3, 17, 4], [11, 19, 12, 18], [23, 20, 24, 21], [9, 23, 10, 22], [19, 24, 20, 1], [2, 15, 3, 16], [4, 8, 5, 7], [6, 14, 7, 13], [17, 9, 18, 8], [21, 11, 22, 10], [12, 6, 13, 5]]"
12n_0388_31,"[[12, 6, 13, 5], [14, 1, 15, 2], [16, 3, 17, 4], [11, 19, 12, 18], [23, 20, 24, 21], [9, 23, 10, 22], [19, 24, 20, 1], [2, 15, 3, 16], [4, 8, 5, 7], [6, 14, 7, 13], [17, 9, 18, 8], [21, 11, 22, 10]]"
12n_0388_32,"[[21, 11, 22, 10], [12, 6, 13, 5], [14, 1, 15, 2], [16, 3, 17, 4], [11, 19, 12, 18], [23, 20, 24, 21], [9, 23, 10, 22], [19, 24, 20, 1], [2, 15, 3, 16], [4, 8, 5, 7], [6, 14, 7, 13], [17, 9, 18, 8]]"
12n_0388_33,"[[17, 9, 18, 8], [21, 11, 22, 10], [12, 6, 13, 5], [14, 1, 15, 2], [16, 3, 17, 4], [11, 19, 12, 18], [23, 20, 24, 21], [9, 23, 10, 22], [19, 24, 20, 1], [2, 15, 3, 16], [4, 8, 5, 7], [6, 14, 7, 13]]"
12n_0388_34,"[[6, 14, 7, 13], [17, 9, 18, 8], [21, 11, 22, 10], [12, 6, 13, 5], [14, 1, 15, 2], [16, 3, 17, 4], [11, 19, 12, 18], [23, 20, 24, 21], [9, 23, 10, 22], [19, 24, 20, 1], [2, 15, 3, 16], [4, 8, 5, 7]]"
12n_0388_35,"[[4, 8, 5, 7], [6, 14, 7, 13], [17, 9, 18, 8], [21, 11, 22, 10], [12, 6, 13, 5], [14, 1, 15, 2], [16, 3, 17, 4], [11, 19, 12, 18], [23, 20, 24, 21], [9, 23, 10, 22], [19, 24, 20, 1], [2, 15, 3, 16]]"
12n_0388_36,"[[3, 16, 4, 17], [5, 9, 6, 8], [7, 15, 8, 14], [18, 10, 19, 9], [22, 12, 23, 11], [13, 7, 14, 6], [15, 2, 16, 3], [17, 4, 18, 5], [12, 20, 13, 19], [24, 21, 1, 22], [10, 24, 11, 23], [20, 1, 21, 2]]"
12n_0388_37,"[[20, 1, 21, 2], [3, 16, 4, 17], [5, 9, 6, 8], [7, 15, 8, 14], [18, 10, 19, 9], [22, 12, 23, 11], [13, 7, 14, 6], [15, 2, 16, 3], [17, 4, 18, 5], [12, 20, 13, 19], [24, 21, 1, 22], [10, 24, 11, 23]]"
12n_0388_38,"[[10, 24, 11, 23], [20, 1, 21, 2], [3, 16, 4, 17], [5, 9, 6, 8], [7, 15, 8, 14], [18, 10, 19, 9], [22, 12, 23, 11], [13, 7, 14, 6], [15, 2, 16, 3], [17, 4, 18, 5], [12, 20, 13, 19], [24, 21, 1, 22]]"
12n_0388_39,"[[24, 21, 1, 22], [10, 24, 11, 23], [20, 1, 21, 2], [3, 16, 4, 17], [5, 9, 6, 8], [7, 15, 8, 14], [18, 10, 19, 9], [22, 12, 23, 11], [13, 7, 14, 6], [15, 2, 16, 3], [17, 4, 18, 5], [12, 20, 13, 19]]"
12n_0388_40,"[[12, 20, 13, 19], [24, 21, 1, 22], [10, 24, 11, 23], [20, 1, 21, 2], [3, 16, 4, 17], [5, 9, 6, 8], [7, 15, 8, 14], [18, 10, 19, 9], [22, 12, 23, 11], [13, 7, 14, 6], [15, 2, 16, 3], [17, 4, 18, 5]]"
12n_0388_41,"[[17, 4, 18, 5], [12, 20, 13, 19], [24, 21, 1, 22], [10, 24, 11, 23], [20, 1, 21, 2], [3, 16, 4, 17], [5, 9, 6, 8], [7, 15, 8, 14], [18, 10, 19, 9], [22, 12, 23, 11], [13, 7, 14, 6], [15, 2, 16, 3]]"
12n_0388_42,"[[15, 2, 16, 3], [17, 4, 18, 5], [12, 20, 13, 19], [24, 21, 1, 22], [10, 24, 11, 23], [20, 1, 21, 2], [3, 16, 4, 17], [5, 9, 6, 8], [7, 15, 8, 14], [18, 10, 19, 9], [22, 12, 23, 11], [13, 7, 14, 6]]"
12n_0388_43,"[[13, 7, 14, 6], [15, 2, 16, 3], [17, 4, 18, 5], [12, 20, 13, 19], [24, 21, 1, 22], [10, 24, 11, 23], [20, 1, 21, 2], [3, 16, 4, 17], [5, 9, 6, 8], [7, 15, 8, 14], [18, 10, 19, 9], [22, 12, 23, 11]]"
12n_0388_44,"[[22, 12, 23, 11], [13, 7, 14, 6], [15, 2, 16, 3], [17, 4, 18, 5], [12, 20, 13, 19], [24, 21, 1, 22], [10, 24, 11, 23], [20, 1, 21, 2], [3, 16, 4, 17], [5, 9, 6, 8], [7, 15, 8, 14], [18, 10, 19, 9]]"
12n_0388_45,"[[18, 10, 19, 9], [22, 12, 23, 11], [13, 7, 14, 6], [15, 2, 16, 3], [17, 4, 18, 5], [12, 20, 13, 19], [24, 21, 1, 22], [10, 24, 11, 23], [20, 1, 21, 2], [3, 16, 4, 17], [5, 9, 6, 8], [7, 15, 8, 14]]"
12n_0388_46,"[[7, 15, 8, 14], [18, 10, 19, 9], [22, 12, 23, 11], [13, 7, 14, 6], [15, 2, 16, 3], [17, 4, 18, 5], [12, 20, 13, 19], [24, 21, 1, 22], [10, 24, 11, 23], [20, 1, 21, 2], [3, 16, 4, 17], [5, 9, 6, 8]]"
12n_0388_47,"[[5, 9, 6, 8], [7, 15, 8, 14], [18, 10, 19, 9], [22, 12, 23, 11], [13, 7, 14, 6], [15, 2, 16, 3], [17, 4, 18, 5], [12, 20, 13, 19], [24, 21, 1, 22], [10, 24, 11, 23], [20, 1, 21, 2], [3, 16, 4, 17]]"
12n_0388_48,"[[4, 17, 5, 18], [6, 10, 7, 9], [8, 16, 9, 15], [19, 11, 20, 10], [23, 13, 24, 12], [14, 8, 15, 7], [16, 3, 17, 4], [18, 5, 19, 6], [13, 21, 14, 20], [1, 22, 2, 23], [11, 1, 12, 24], [21, 2, 22, 3]]"
12n_0388_49,"[[21, 2, 22, 3], [4, 17, 5, 18], [6, 10, 7, 9], [8, 16, 9, 15], [19, 11, 20, 10], [23, 13, 24, 12], [14, 8, 15, 7], [16, 3, 17, 4], [18, 5, 19, 6], [13, 21, 14, 20], [1, 22, 2, 23], [11, 1, 12, 24]]"
12n_0388_50,"[[11, 1, 12, 24], [21, 2, 22, 3], [4, 17, 5, 18], [6, 10, 7, 9], [8, 16, 9, 15], [19, 11, 20, 10], [23, 13, 24, 12], [14, 8, 15, 7], [16, 3, 17, 4], [18, 5, 19, 6], [13, 21, 14, 20], [1, 22, 2, 23]]"
12n_0388_51,"[[1, 22, 2, 23], [11, 1, 12, 24], [21, 2, 22, 3], [4, 17, 5, 18], [6, 10, 7, 9], [8, 16, 9, 15], [19, 11, 20, 10], [23, 13, 24, 12], [14, 8, 15, 7], [16, 3, 17, 4], [18, 5, 19, 6], [13, 21, 14, 20]]"
12n_0388_52,"[[13, 21, 14, 20], [1, 22, 2, 23], [11, 1, 12, 24], [21, 2, 22, 3], [4, 17, 5, 18], [6, 10, 7, 9], [8, 16, 9, 15], [19, 11, 20, 10], [23, 13, 24, 12], [14, 8, 15, 7], [16, 3, 17, 4], [18, 5, 19, 6]]"
12n_0388_53,"[[18, 5, 19, 6], [13, 21, 14, 20], [1, 22, 2, 23], [11, 1, 12, 24], [21, 2, 22, 3], [4, 17, 5, 18], [6, 10, 7, 9], [8, 16, 9, 15], [19, 11, 20, 10], [23, 13, 24, 12], [14, 8, 15, 7], [16, 3, 17, 4]]"
12n_0388_54,"[[16, 3, 17, 4], [18, 5, 19, 6], [13, 21, 14, 20], [1, 22, 2, 23], [11, 1, 12, 24], [21, 2, 22, 3], [4, 17, 5, 18], [6, 10, 7, 9], [8, 16, 9, 15], [19, 11, 20, 10], [23, 13, 24, 12], [14, 8, 15, 7]]"
12n_0388_55,"[[14, 8, 15, 7], [16, 3, 17, 4], [18, 5, 19, 6], [13, 21, 14, 20], [1, 22, 2, 23], [11, 1, 12, 24], [21, 2, 22, 3], [4, 17, 5, 18], [6, 10, 7, 9], [8, 16, 9, 15], [19, 11, 20, 10], [23, 13, 24, 12]]"
12n_0388_56,"[[23, 13, 24, 12], [14, 8, 15, 7], [16, 3, 17, 4], [18, 5, 19, 6], [13, 21, 14, 20], [1, 22, 2, 23], [11, 1, 12, 24], [21, 2, 22, 3], [4, 17, 5, 18], [6, 10, 7, 9], [8, 16, 9, 15], [19, 11, 20, 10]]"
12n_0388_57,"[[19, 11, 20, 10], [23, 13, 24, 12], [14, 8, 15, 7], [16, 3, 17, 4], [18, 5, 19, 6], [13, 21, 14, 20], [1, 22, 2, 23], [11, 1, 12, 24], [21, 2, 22, 3], [4, 17, 5, 18], [6, 10, 7, 9], [8, 16, 9, 15]]"
12n_0388_58,"[[8, 16, 9, 15], [19, 11, 20, 10], [23, 13, 24, 12], [14, 8, 15, 7], [16, 3, 17, 4], [18, 5, 19, 6], [13, 21, 14, 20], [1, 22, 2, 23], [11, 1, 12, 24], [21, 2, 22, 3], [4, 17, 5, 18], [6, 10, 7, 9]]"
12n_0388_59,"[[6, 10, 7, 9], [8, 16, 9, 15], [19, 11, 20, 10], [23, 13, 24, 12], [14, 8, 15, 7], [16, 3, 17, 4], [18, 5, 19, 6], [13, 21, 14, 20], [1, 22, 2, 23], [11, 1, 12, 24], [21, 2, 22, 3], [4, 17, 5, 18]]"
12n_0388_60,"[[5, 18, 6, 19], [7, 11, 8, 10], [9, 17, 10, 16], [20, 12, 21, 11], [24, 14, 1, 13], [15, 9, 16, 8], [17, 4, 18, 5], [19, 6, 20, 7], [14, 22, 15, 21], [2, 23, 3, 24], [12, 2, 13, 1], [22, 3, 23, 4]]"
12n_0388_61,"[[22, 3, 23, 4], [5, 18, 6, 19], [7, 11, 8, 10], [9, 17, 10, 16], [20, 12, 21, 11], [24, 14, 1, 13], [15, 9, 16, 8], [17, 4, 18, 5], [19, 6, 20, 7], [14, 22, 15, 21], [2, 23, 3, 24], [12, 2, 13, 1]]"
12n_0388_62,"[[12, 2, 13, 1], [22, 3, 23, 4], [5, 18, 6, 19], [7, 11, 8, 10], [9, 17, 10, 16], [20, 12, 21, 11], [24, 14, 1, 13], [15, 9, 16, 8], [17, 4, 18, 5], [19, 6, 20, 7], [14, 22, 15, 21], [2, 23, 3, 24]]"
12n_0388_63,"[[2, 23, 3, 24], [12, 2, 13, 1], [22, 3, 23, 4], [5, 18, 6, 19], [7, 11, 8, 10], [9, 17, 10, 16], [20, 12, 21, 11], [24, 14, 1, 13], [15, 9, 16, 8], [17, 4, 18, 5], [19, 6, 20, 7], [14, 22, 15, 21]]"
12n_0388_64,"[[14, 22, 15, 21], [2, 23, 3, 24], [12, 2, 13, 1], [22, 3, 23, 4], [5, 18, 6, 19], [7, 11, 8, 10], [9, 17, 10, 16], [20, 12, 21, 11], [24, 14, 1, 13], [15, 9, 16, 8], [17, 4, 18, 5], [19, 6, 20, 7]]"
12n_0388_65,"[[19, 6, 20, 7], [14, 22, 15, 21], [2, 23, 3, 24], [12, 2, 13, 1], [22, 3, 23, 4], [5, 18, 6, 19], [7, 11, 8, 10], [9, 17, 10, 16], [20, 12, 21, 11], [24, 14, 1, 13], [15, 9, 16, 8], [17, 4, 18, 5]]"
12n_0388_66,"[[17, 4, 18, 5], [19, 6, 20, 7], [14, 22, 15, 21], [2, 23, 3, 24], [12, 2, 13, 1], [22, 3, 23, 4], [5, 18, 6, 19], [7, 11, 8, 10], [9, 17, 10, 16], [20, 12, 21, 11], [24, 14, 1, 13], [15, 9, 16, 8]]"
12n_0388_67,"[[15, 9, 16, 8], [17, 4, 18, 5], [19, 6, 20, 7], [14, 22, 15, 21], [2, 23, 3, 24], [12, 2, 13, 1], [22, 3, 23, 4], [5, 18, 6, 19], [7, 11, 8, 10], [9, 17, 10, 16], [20, 12, 21, 11], [24, 14, 1, 13]]"
12n_0388_68,"[[24, 14, 1, 13], [15, 9, 16, 8], [17, 4, 18, 5], [19, 6, 20, 7], [14, 22, 15, 21], [2, 23, 3, 24], [12, 2, 13, 1], [22, 3, 23, 4], [5, 18, 6, 19], [7, 11, 8, 10], [9, 17, 10, 16], [20, 12, 21, 11]]"
12n_0388_69,"[[20, 12, 21, 11], [24, 14, 1, 13], [15, 9, 16, 8], [17, 4, 18, 5], [19, 6, 20, 7], [14, 22, 15, 21], [2, 23, 3, 24], [12, 2, 13, 1], [22, 3, 23, 4], [5, 18, 6, 19], [7, 11, 8, 10], [9, 17, 10, 16]]"
12n_0388_70,"[[9, 17, 10, 16], [20, 12, 21, 11], [24, 14, 1, 13], [15, 9, 16, 8], [17, 4, 18, 5], [19, 6, 20, 7], [14, 22, 15, 21], [2, 23, 3, 24], [12, 2, 13, 1], [22, 3, 23, 4], [5, 18, 6, 19], [7, 11, 8, 10]]"
12n_0388_71,"[[7, 11, 8, 10], [9, 17, 10, 16], [20, 12, 21, 11], [24, 14, 1, 13], [15, 9, 16, 8], [17, 4, 18, 5], [19, 6, 20, 7], [14, 22, 15, 21], [2, 23, 3, 24], [12, 2, 13, 1], [22, 3, 23, 4], [5, 18, 6, 19]]"
12n_0388_72,"[[6, 19, 7, 20], [8, 12, 9, 11], [10, 18, 11, 17], [21, 13, 22, 12], [1, 15, 2, 14], [16, 10, 17, 9], [18, 5, 19, 6], [20, 7, 21, 8], [15, 23, 16, 22], [3, 24, 4, 1], [13, 3, 14, 2], [23, 4, 24, 5]]"
12n_0388_73,"[[23, 4, 24, 5], [6, 19, 7, 20], [8, 12, 9, 11], [10, 18, 11, 17], [21, 13, 22, 12], [1, 15, 2, 14], [16, 10, 17, 9], [18, 5, 19, 6], [20, 7, 21, 8], [15, 23, 16, 22], [3, 24, 4, 1], [13, 3, 14, 2]]"
12n_0388_74,"[[13, 3, 14, 2], [23, 4, 24, 5], [6, 19, 7, 20], [8, 12, 9, 11], [10, 18, 11, 17], [21, 13, 22, 12], [1, 15, 2, 14], [16, 10, 17, 9], [18, 5, 19, 6], [20, 7, 21, 8], [15, 23, 16, 22], [3, 24, 4, 1]]"
12n_0388_75,"[[3, 24, 4, 1], [13, 3, 14, 2], [23, 4, 24, 5], [6, 19, 7, 20], [8, 12, 9, 11], [10, 18, 11, 17], [21, 13, 22, 12], [1, 15, 2, 14], [16, 10, 17, 9], [18, 5, 19, 6], [20, 7, 21, 8], [15, 23, 16, 22]]"
12n_0388_76,"[[15, 23, 16, 22], [3, 24, 4, 1], [13, 3, 14, 2], [23, 4, 24, 5], [6, 19, 7, 20], [8, 12, 9, 11], [10, 18, 11, 17], [21, 13, 22, 12], [1, 15, 2, 14], [16, 10, 17, 9], [18, 5, 19, 6], [20, 7, 21, 8]]"
12n_0388_77,"[[20, 7, 21, 8], [15, 23, 16, 22], [3, 24, 4, 1], [13, 3, 14, 2], [23, 4, 24, 5], [6, 19, 7, 20], [8, 12, 9, 11], [10, 18, 11, 17], [21, 13, 22, 12], [1, 15, 2, 14], [16, 10, 17, 9], [18, 5, 19, 6]]"
12n_0388_78,"[[18, 5, 19, 6], [20, 7, 21, 8], [15, 23, 16, 22], [3, 24, 4, 1], [13, 3, 14, 2], [23, 4, 24, 5], [6, 19, 7, 20], [8, 12, 9, 11], [10, 18, 11, 17], [21, 13, 22, 12], [1, 15, 2, 14], [16, 10, 17, 9]]"
12n_0388_79,"[[16, 10, 17, 9], [18, 5, 19, 6], [20, 7, 21, 8], [15, 23, 16, 22], [3, 24, 4, 1], [13, 3, 14, 2], [23, 4, 24, 5], [6, 19, 7, 20], [8, 12, 9, 11], [10, 18, 11, 17], [21, 13, 22, 12], [1, 15, 2, 14]]"
12n_0388_80,"[[1, 15, 2, 14], [16, 10, 17, 9], [18, 5, 19, 6], [20, 7, 21, 8], [15, 23, 16, 22], [3, 24, 4, 1], [13, 3, 14, 2], [23, 4, 24, 5], [6, 19, 7, 20], [8, 12, 9, 11], [10, 18, 11, 17], [21, 13, 22, 12]]"
12n_0388_81,"[[21, 13, 22, 12], [1, 15, 2, 14], [16, 10, 17, 9], [18, 5, 19, 6], [20, 7, 21, 8], [15, 23, 16, 22], [3, 24, 4, 1], [13, 3, 14, 2], [23, 4, 24, 5], [6, 19, 7, 20], [8, 12, 9, 11], [10, 18, 11, 17]]"
12n_0388_82,"[[10, 18, 11, 17], [21, 13, 22, 12], [1, 15, 2, 14], [16, 10, 17, 9], [18, 5, 19, 6], [20, 7, 21, 8], [15, 23, 16, 22], [3, 24, 4, 1], [13, 3, 14, 2], [23, 4, 24, 5], [6, 19, 7, 20], [8, 12, 9, 11]]"
12n_0388_83,"[[8, 12, 9, 11], [10, 18, 11, 17], [21, 13, 22, 12], [1, 15, 2, 14], [16, 10, 17, 9], [18, 5, 19, 6], [20, 7, 21, 8], [15, 23, 16, 22], [3, 24, 4, 1], [13, 3, 14, 2], [23, 4, 24, 5], [6, 19, 7, 20]]"
12n_0388_84,"[[7, 20, 8, 21], [9, 13, 10, 12], [11, 19, 12, 18], [22, 14, 23, 13], [2, 16, 3, 15], [17, 11, 18, 10], [19, 6, 20, 7], [21, 8, 22, 9], [16, 24, 17, 23], [4, 1, 5, 2], [14, 4, 15, 3], [24, 5, 1, 6]]"
12n_0388_85,"[[24, 5, 1, 6], [7, 20, 8, 21], [9, 13, 10, 12], [11, 19, 12, 18], [22, 14, 23, 13], [2, 16, 3, 15], [17, 11, 18, 10], [19, 6, 20, 7], [21, 8, 22, 9], [16, 24, 17, 23], [4, 1, 5, 2], [14, 4, 15, 3]]"
12n_0388_86,"[[14, 4, 15, 3], [24, 5, 1, 6], [7, 20, 8, 21], [9, 13, 10, 12], [11, 19, 12, 18], [22, 14, 23, 13], [2, 16, 3, 15], [17, 11, 18, 10], [19, 6, 20, 7], [21, 8, 22, 9], [16, 24, 17, 23], [4, 1, 5, 2]]"
12n_0388_87,"[[4, 1, 5, 2], [14, 4, 15, 3], [24, 5, 1, 6], [7, 20, 8, 21], [9, 13, 10, 12], [11, 19, 12, 18], [22, 14, 23, 13], [2, 16, 3, 15], [17, 11, 18, 10], [19, 6, 20, 7], [21, 8, 22, 9], [16, 24, 17, 23]]"
12n_0388_88,"[[16, 24, 17, 23], [4, 1, 5, 2], [14, 4, 15, 3], [24, 5, 1, 6], [7, 20, 8, 21], [9, 13, 10, 12], [11, 19, 12, 18], [22, 14, 23, 13], [2, 16, 3, 15], [17, 11, 18, 10], [19, 6, 20, 7], [21, 8, 22, 9]]"
12n_0388_89,"[[21, 8, 22, 9], [16, 24, 17, 23], [4, 1, 5, 2], [14, 4, 15, 3], [24, 5, 1, 6], [7, 20, 8, 21], [9, 13, 10, 12], [11, 19, 12, 18], [22, 14, 23, 13], [2, 16, 3, 15], [17, 11, 18, 10], [19, 6, 20, 7]]"
12n_0388_90,"[[19, 6, 20, 7], [21, 8, 22, 9], [16, 24, 17, 23], [4, 1, 5, 2], [14, 4, 15, 3], [24, 5, 1, 6], [7, 20, 8, 21], [9, 13, 10, 12], [11, 19, 12, 18], [22, 14, 23, 13], [2, 16, 3, 15], [17, 11, 18, 10]]"
12n_0388_91,"[[17, 11, 18, 10], [19, 6, 20, 7], [21, 8, 22, 9], [16, 24, 17, 23], [4, 1, 5, 2], [14, 4, 15, 3], [24, 5, 1, 6], [7, 20, 8, 21], [9, 13, 10, 12], [11, 19, 12, 18], [22, 14, 23, 13], [2, 16, 3, 15]]"
12n_0388_92,"[[2, 16, 3, 15], [17, 11, 18, 10], [19, 6, 20, 7], [21, 8, 22, 9], [16, 24, 17, 23], [4, 1, 5, 2], [14, 4, 15, 3], [24, 5, 1, 6], [7, 20, 8, 21], [9, 13, 10, 12], [11, 19, 12, 18], [22, 14, 23, 13]]"
12n_0388_93,"[[22, 14, 23, 13], [2, 16, 3, 15], [17, 11, 18, 10], [19, 6, 20, 7], [21, 8, 22, 9], [16, 24, 17, 23], [4, 1, 5, 2], [14, 4, 15, 3], [24, 5, 1, 6], [7, 20, 8, 21], [9, 13, 10, 12], [11, 19, 12, 18]]"
12n_0388_94,"[[11, 19, 12, 18], [22, 14, 23, 13], [2, 16, 3, 15], [17, 11, 18, 10], [19, 6, 20, 7], [21, 8, 22, 9], [16, 24, 17, 23], [4, 1, 5, 2], [14, 4, 15, 3], [24, 5, 1, 6], [7, 20, 8, 21], [9, 13, 10, 12]]"
12n_0388_95,"[[9, 13, 10, 12], [11, 19, 12, 18], [22, 14, 23, 13], [2, 16, 3, 15], [17, 11, 18, 10], [19, 6, 20, 7], [21, 8, 22, 9], [16, 24, 17, 23], [4, 1, 5, 2], [14, 4, 15, 3], [24, 5, 1, 6], [7, 20, 8, 21]]"
12n_0388_96,"[[8, 21, 9, 22], [10, 14, 11, 13], [12, 20, 13, 19], [23, 15, 24, 14], [3, 17, 4, 16], [18, 12, 19, 11], [20, 7, 21, 8], [22, 9, 23, 10], [17, 1, 18, 24], [5, 2, 6, 3], [15, 5, 16, 4], [1, 6, 2, 7]]"
12n_0388_97,"[[1, 6, 2, 7], [8, 21, 9, 22], [10, 14, 11, 13], [12, 20, 13, 19], [23, 15, 24, 14], [3, 17, 4, 16], [18, 12, 19, 11], [20, 7, 21, 8], [22, 9, 23, 10], [17, 1, 18, 24], [5, 2, 6, 3], [15, 5, 16, 4]]"
12n_0388_98,"[[15, 5, 16, 4], [1, 6, 2, 7], [8, 21, 9, 22], [10, 14, 11, 13], [12, 20, 13, 19], [23, 15, 24, 14], [3, 17, 4, 16], [18, 12, 19, 11], [20, 7, 21, 8], [22, 9, 23, 10], [17, 1, 18, 24], [5, 2, 6, 3]]"
12n_0388_99,"[[5, 2, 6, 3], [15, 5, 16, 4], [1, 6, 2, 7], [8, 21, 9, 22], [10, 14, 11, 13], [12, 20, 13, 19], [23, 15, 24, 14], [3, 17, 4, 16], [18, 12, 19, 11], [20, 7, 21, 8], [22, 9, 23, 10], [17, 1, 18, 24]]"
12n_0388_100,"[[17, 1, 18, 24], [5, 2, 6, 3], [15, 5, 16, 4], [1, 6, 2, 7], [8, 21, 9, 22], [10, 14, 11, 13], [12, 20, 13, 19], [23, 15, 24, 14], [3, 17, 4, 16], [18, 12, 19, 11], [20, 7, 21, 8], [22, 9, 23, 10]]"
12n_0388_101,"[[22, 9, 23, 10], [17, 1, 18, 24], [5, 2, 6, 3], [15, 5, 16, 4], [1, 6, 2, 7], [8, 21, 9, 22], [10, 14, 11, 13], [12, 20, 13, 19], [23, 15, 24, 14], [3, 17, 4, 16], [18, 12, 19, 11], [20, 7, 21, 8]]"
12n_0388_102,"[[20, 7, 21, 8], [22, 9, 23, 10], [17, 1, 18, 24], [5, 2, 6, 3], [15, 5, 16, 4], [1, 6, 2, 7], [8, 21, 9, 22], [10, 14, 11, 13], [12, 20, 13, 19], [23, 15, 24, 14], [3, 17, 4, 16], [18, 12, 19, 11]]"
12n_0388_103,"[[18, 12, 19, 11], [20, 7, 21, 8], [22, 9, 23, 10], [17, 1, 18, 24], [5, 2, 6, 3], [15, 5, 16, 4], [1, 6, 2, 7], [8, 21, 9, 22], [10, 14, 11, 13], [12, 20, 13, 19], [23, 15, 24, 14], [3, 17, 4, 16]]"
12n_0388_104,"[[3, 17, 4, 16], [18, 12, 19, 11], [20, 7, 21, 8], [22, 9, 23, 10], [17, 1, 18, 24], [5, 2, 6, 3], [15, 5, 16, 4], [1, 6, 2, 7], [8, 21, 9, 22], [10, 14, 11, 13], [12, 20, 13, 19], [23, 15, 24, 14]]"
12n_0388_105,"[[23, 15, 24, 14], [3, 17, 4, 16], [18, 12, 19, 11], [20, 7, 21, 8], [22, 9, 23, 10], [17, 1, 18, 24], [5, 2, 6, 3], [15, 5, 16, 4], [1, 6, 2, 7], [8, 21, 9, 22], [10, 14, 11, 13], [12, 20, 13, 19]]"
12n_0388_106,"[[12, 20, 13, 19], [23, 15, 24, 14], [3, 17, 4, 16], [18, 12, 19, 11], [20, 7, 21, 8], [22, 9, 23, 10], [17, 1, 18, 24], [5, 2, 6, 3], [15, 5, 16, 4], [1, 6, 2, 7], [8, 21, 9, 22], [10, 14, 11, 13]]"
12n_0388_107,"[[10, 14, 11, 13], [12, 20, 13, 19], [23, 15, 24, 14], [3, 17, 4, 16], [18, 12, 19, 11], [20, 7, 21, 8], [22, 9, 23, 10], [17, 1, 18, 24], [5, 2, 6, 3], [15, 5, 16, 4], [1, 6, 2, 7], [8, 21, 9, 22]]"
12n_0388_108,"[[9, 22, 10, 23], [11, 15, 12, 14], [13, 21, 14, 20], [24, 16, 1, 15], [4, 18, 5, 17], [19, 13, 20, 12], [21, 8, 22, 9], [23, 10, 24, 11], [18, 2, 19, 1], [6, 3, 7, 4], [16, 6, 17, 5], [2, 7, 3, 8]]"
12n_0388_109,"[[2, 7, 3, 8], [9, 22, 10, 23], [11, 15, 12, 14], [13, 21, 14, 20], [24, 16, 1, 15], [4, 18, 5, 17], [19, 13, 20, 12], [21, 8, 22, 9], [23, 10, 24, 11], [18, 2, 19, 1], [6, 3, 7, 4], [16, 6, 17, 5]]"
12n_0388_110,"[[16, 6, 17, 5], [2, 7, 3, 8], [9, 22, 10, 23], [11, 15, 12, 14], [13, 21, 14, 20], [24, 16, 1, 15], [4, 18, 5, 17], [19, 13, 20, 12], [21, 8, 22, 9], [23, 10, 24, 11], [18, 2, 19, 1], [6, 3, 7, 4]]"
12n_0388_111,"[[6, 3, 7, 4], [16, 6, 17, 5], [2, 7, 3, 8], [9, 22, 10, 23], [11, 15, 12, 14], [13, 21, 14, 20], [24, 16, 1, 15], [4, 18, 5, 17], [19, 13, 20, 12], [21, 8, 22, 9], [23, 10, 24, 11], [18, 2, 19, 1]]"
12n_0388_112,"[[18, 2, 19, 1], [6, 3, 7, 4], [16, 6, 17, 5], [2, 7, 3, 8], [9, 22, 10, 23], [11, 15, 12, 14], [13, 21, 14, 20], [24, 16, 1, 15], [4, 18, 5, 17], [19, 13, 20, 12], [21, 8, 22, 9], [23, 10, 24, 11]]"
12n_0388_113,"[[23, 10, 24, 11], [18, 2, 19, 1], [6, 3, 7, 4], [16, 6, 17, 5], [2, 7, 3, 8], [9, 22, 10, 23], [11, 15, 12, 14], [13, 21, 14, 20], [24, 16, 1, 15], [4, 18, 5, 17], [19, 13, 20, 12], [21, 8, 22, 9]]"
12n_0388_114,"[[21, 8, 22, 9], [23, 10, 24, 11], [18, 2, 19, 1], [6, 3, 7, 4], [16, 6, 17, 5], [2, 7, 3, 8], [9, 22, 10, 23], [11, 15, 12, 14], [13, 21, 14, 20], [24, 16, 1, 15], [4, 18, 5, 17], [19, 13, 20, 12]]"
12n_0388_115,"[[19, 13, 20, 12], [21, 8, 22, 9], [23, 10, 24, 11], [18, 2, 19, 1], [6, 3, 7, 4], [16, 6, 17, 5], [2, 7, 3, 8], [9, 22, 10, 23], [11, 15, 12, 14], [13, 21, 14, 20], [24, 16, 1, 15], [4, 18, 5, 17]]"
12n_0388_116,"[[4, 18, 5, 17], [19, 13, 20, 12], [21, 8, 22, 9], [23, 10, 24, 11], [18, 2, 19, 1], [6, 3, 7, 4], [16, 6, 17, 5], [2, 7, 3, 8], [9, 22, 10, 23], [11, 15, 12, 14], [13, 21, 14, 20], [24, 16, 1, 15]]"
12n_0388_117,"[[24, 16, 1, 15], [4, 18, 5, 17], [19, 13, 20, 12], [21, 8, 22, 9], [23, 10, 24, 11], [18, 2, 19, 1], [6, 3, 7, 4], [16, 6, 17, 5], [2, 7, 3, 8], [9, 22, 10, 23], [11, 15, 12, 14], [13, 21, 14, 20]]"
12n_0388_118,"[[13, 21, 14, 20], [24, 16, 1, 15], [4, 18, 5, 17], [19, 13, 20, 12], [21, 8, 22, 9], [23, 10, 24, 11], [18, 2, 19, 1], [6, 3, 7, 4], [16, 6, 17, 5], [2, 7, 3, 8], [9, 22, 10, 23], [11, 15, 12, 14]]"
12n_0388_119,"[[11, 15, 12, 14], [13, 21, 14, 20], [24, 16, 1, 15], [4, 18, 5, 17], [19, 13, 20, 12], [21, 8, 22, 9], [23, 10, 24, 11], [18, 2, 19, 1], [6, 3, 7, 4], [16, 6, 17, 5], [2, 7, 3, 8], [9, 22, 10, 23]]"
12n_0388_120,"[[10, 23, 11, 24], [12, 16, 13, 15], [14, 22, 15, 21], [1, 17, 2, 16], [5, 19, 6, 18], [20, 14, 21, 13], [22, 9, 23, 10], [24, 11, 1, 12], [19, 3, 20, 2], [7, 4, 8, 5], [17, 7, 18, 6], [3, 8, 4, 9]]"
12n_0388_121,"[[3, 8, 4, 9], [10, 23, 11, 24], [12, 16, 13, 15], [14, 22, 15, 21], [1, 17, 2, 16], [5, 19, 6, 18], [20, 14, 21, 13], [22, 9, 23, 10], [24, 11, 1, 12], [19, 3, 20, 2], [7, 4, 8, 5], [17, 7, 18, 6]]"
12n_0388_122,"[[17, 7, 18, 6], [3, 8, 4, 9], [10, 23, 11, 24], [12, 16, 13, 15], [14, 22, 15, 21], [1, 17, 2, 16], [5, 19, 6, 18], [20, 14, 21, 13], [22, 9, 23, 10], [24, 11, 1, 12], [19, 3, 20, 2], [7, 4, 8, 5]]"
12n_0388_123,"[[7, 4, 8, 5], [17, 7, 18, 6], [3, 8, 4, 9], [10, 23, 11, 24], [12, 16, 13, 15], [14, 22, 15, 21], [1, 17, 2, 16], [5, 19, 6, 18], [20, 14, 21, 13], [22, 9, 23, 10], [24, 11, 1, 12], [19, 3, 20, 2]]"
12n_0388_124,"[[19, 3, 20, 2], [7, 4, 8, 5], [17, 7, 18, 6], [3, 8, 4, 9], [10, 23, 11, 24], [12, 16, 13, 15], [14, 22, 15, 21], [1, 17, 2, 16], [5, 19, 6, 18], [20, 14, 21, 13], [22, 9, 23, 10], [24, 11, 1, 12]]"
12n_0388_125,"[[24, 11, 1, 12], [19, 3, 20, 2], [7, 4, 8, 5], [17, 7, 18, 6], [3, 8, 4, 9], [10, 23, 11, 24], [12, 16, 13, 15], [14, 22, 15, 21], [1, 17, 2, 16], [5, 19, 6, 18], [20, 14, 21, 13], [22, 9, 23, 10]]"
12n_0388_126,"[[22, 9, 23, 10], [24, 11, 1, 12], [19, 3, 20, 2], [7, 4, 8, 5], [17, 7, 18, 6], [3, 8, 4, 9], [10, 23, 11, 24], [12, 16, 13, 15], [14, 22, 15, 21], [1, 17, 2, 16], [5, 19, 6, 18], [20, 14, 21, 13]]"
12n_0388_127,"[[20, 14, 21, 13], [22, 9, 23, 10], [24, 11, 1, 12], [19, 3, 20, 2], [7, 4, 8, 5], [17, 7, 18, 6], [3, 8, 4, 9], [10, 23, 11, 24], [12, 16, 13, 15], [14, 22, 15, 21], [1, 17, 2, 16], [5, 19, 6, 18]]"
12n_0388_128,"[[5, 19, 6, 18], [20, 14, 21, 13], [22, 9, 23, 10], [24, 11, 1, 12], [19, 3, 20, 2], [7, 4, 8, 5], [17, 7, 18, 6], [3, 8, 4, 9], [10, 23, 11, 24], [12, 16, 13, 15], [14, 22, 15, 21], [1, 17, 2, 16]]"
12n_0388_129,"[[1, 17, 2, 16], [5, 19, 6, 18], [20, 14, 21, 13], [22, 9, 23, 10], [24, 11, 1, 12], [19, 3, 20, 2], [7, 4, 8, 5], [17, 7, 18, 6], [3, 8, 4, 9], [10, 23, 11, 24], [12, 16, 13, 15], [14, 22, 15, 21]]"
12n_0388_130,"[[14, 22, 15, 21], [1, 17, 2, 16], [5, 19, 6, 18], [20, 14, 21, 13], [22, 9, 23, 10], [24, 11, 1, 12], [19, 3, 20, 2], [7, 4, 8, 5], [17, 7, 18, 6], [3, 8, 4, 9], [10, 23, 11, 24], [12, 16, 13, 15]]"
12n_0388_131,"[[12, 16, 13, 15], [14, 22, 15, 21], [1, 17, 2, 16], [5, 19, 6, 18], [20, 14, 21, 13], [22, 9, 23, 10], [24, 11, 1, 12], [19, 3, 20, 2], [7, 4, 8, 5], [17, 7, 18, 6], [3, 8, 4, 9], [10, 23, 11, 24]]"
12n_0388_132,"[[11, 24, 12, 1], [13, 17, 14, 16], [15, 23, 16, 22], [2, 18, 3, 17], [6, 20, 7, 19], [21, 15, 22, 14], [23, 10, 24, 11], [1, 12, 2, 13], [20, 4, 21, 3], [8, 5, 9, 6], [18, 8, 19, 7], [4, 9, 5, 10]]"
12n_0388_133,"[[4, 9, 5, 10], [11, 24, 12, 1], [13, 17, 14, 16], [15, 23, 16, 22], [2, 18, 3, 17], [6, 20, 7, 19], [21, 15, 22, 14], [23, 10, 24, 11], [1, 12, 2, 13], [20, 4, 21, 3], [8, 5, 9, 6], [18, 8, 19, 7]]"
12n_0388_134,"[[18, 8, 19, 7], [4, 9, 5, 10], [11, 24, 12, 1], [13, 17, 14, 16], [15, 23, 16, 22], [2, 18, 3, 17], [6, 20, 7, 19], [21, 15, 22, 14], [23, 10, 24, 11], [1, 12, 2, 13], [20, 4, 21, 3], [8, 5, 9, 6]]"
12n_0388_135,"[[8, 5, 9, 6], [18, 8, 19, 7], [4, 9, 5, 10], [11, 24, 12, 1], [13, 17, 14, 16], [15, 23, 16, 22], [2, 18, 3, 17], [6, 20, 7, 19], [21, 15, 22, 14], [23, 10, 24, 11], [1, 12, 2, 13], [20, 4, 21, 3]]"
12n_0388_136,"[[20, 4, 21, 3], [8, 5, 9, 6], [18, 8, 19, 7], [4, 9, 5, 10], [11, 24, 12, 1], [13, 17, 14, 16], [15, 23, 16, 22], [2, 18, 3, 17], [6, 20, 7, 19], [21, 15, 22, 14], [23, 10, 24, 11], [1, 12, 2, 13]]"
12n_0388_137,"[[1, 12, 2, 13], [20, 4, 21, 3], [8, 5, 9, 6], [18, 8, 19, 7], [4, 9, 5, 10], [11, 24, 12, 1], [13, 17, 14, 16], [15, 23, 16, 22], [2, 18, 3, 17], [6, 20, 7, 19], [21, 15, 22, 14], [23, 10, 24, 11]]"
12n_0388_138,"[[23, 10, 24, 11], [1, 12, 2, 13], [20, 4, 21, 3], [8, 5, 9, 6], [18, 8, 19, 7], [4, 9, 5, 10], [11, 24, 12, 1], [13, 17, 14, 16], [15, 23, 16, 22], [2, 18, 3, 17], [6, 20, 7, 19], [21, 15, 22, 14]]"
12n_0388_139,"[[21, 15, 22, 14], [23, 10, 24, 11], [1, 12, 2, 13], [20, 4, 21, 3], [8, 5, 9, 6], [18, 8, 19, 7], [4, 9, 5, 10], [11, 24, 12, 1], [13, 17, 14, 16], [15, 23, 16, 22], [2, 18, 3, 17], [6, 20, 7, 19]]"
12n_0388_140,"[[6, 20, 7, 19], [21, 15, 22, 14], [23, 10, 24, 11], [1, 12, 2, 13], [20, 4, 21, 3], [8, 5, 9, 6], [18, 8, 19, 7], [4, 9, 5, 10], [11, 24, 12, 1], [13, 17, 14, 16], [15, 23, 16, 22], [2, 18, 3, 17]]"
12n_0388_141,"[[2, 18, 3, 17], [6, 20, 7, 19], [21, 15, 22, 14], [23, 10, 24, 11], [1, 12, 2, 13], [20, 4, 21, 3], [8, 5, 9, 6], [18, 8, 19, 7], [4, 9, 5, 10], [11, 24, 12, 1], [13, 17, 14, 16], [15, 23, 16, 22]]"
12n_0388_142,"[[15, 23, 16, 22], [2, 18, 3, 17], [6, 20, 7, 19], [21, 15, 22, 14], [23, 10, 24, 11], [1, 12, 2, 13], [20, 4, 21, 3], [8, 5, 9, 6], [18, 8, 19, 7], [4, 9, 5, 10], [11, 24, 12, 1], [13, 17, 14, 16]]"
12n_0388_143,"[[13, 17, 14, 16], [15, 23, 16, 22], [2, 18, 3, 17], [6, 20, 7, 19], [21, 15, 22, 14], [23, 10, 24, 11], [1, 12, 2, 13], [20, 4, 21, 3], [8, 5, 9, 6], [18, 8, 19, 7], [4, 9, 5, 10], [11, 24, 12, 1]]"
12n_0388_144,"[[12, 1, 13, 2], [14, 18, 15, 17], [16, 24, 17, 23], [3, 19, 4, 18], [7, 21, 8, 20], [22, 16, 23, 15], [24, 11, 1, 12], [2, 13, 3, 14], [21, 5, 22, 4], [9, 6, 10, 7], [19, 9, 20, 8], [5, 10, 6, 11]]"
12n_0388_145,"[[5, 10, 6, 11], [12, 1, 13, 2], [14, 18, 15, 17], [16, 24, 17, 23], [3, 19, 4, 18], [7, 21, 8, 20], [22, 16, 23, 15], [24, 11, 1, 12], [2, 13, 3, 14], [21, 5, 22, 4], [9, 6, 10, 7], [19, 9, 20, 8]]"
12n_0388_146,"[[19, 9, 20, 8], [5, 10, 6, 11], [12, 1, 13, 2], [14, 18, 15, 17], [16, 24, 17, 23], [3, 19, 4, 18], [7, 21, 8, 20], [22, 16, 23, 15], [24, 11, 1, 12], [2, 13, 3, 14], [21, 5, 22, 4], [9, 6, 10, 7]]"
12n_0388_147,"[[9, 6, 10, 7], [19, 9, 20, 8], [5, 10, 6, 11], [12, 1, 13, 2], [14, 18, 15, 17], [16, 24, 17, 23], [3, 19, 4, 18], [7, 21, 8, 20], [22, 16, 23, 15], [24, 11, 1, 12], [2, 13, 3, 14], [21, 5, 22, 4]]"
12n_0388_148,"[[21, 5, 22, 4], [9, 6, 10, 7], [19, 9, 20, 8], [5, 10, 6, 11], [12, 1, 13, 2], [14, 18, 15, 17], [16, 24, 17, 23], [3, 19, 4, 18], [7, 21, 8, 20], [22, 16, 23, 15], [24, 11, 1, 12], [2, 13, 3, 14]]"
12n_0388_149,"[[2, 13, 3, 14], [21, 5, 22, 4], [9, 6, 10, 7], [19, 9, 20, 8], [5, 10, 6, 11], [12, 1, 13, 2], [14, 18, 15, 17], [16, 24, 17, 23], [3, 19, 4, 18], [7, 21, 8, 20], [22, 16, 23, 15], [24, 11, 1, 12]]"
12n_0388_150,"[[24, 11, 1, 12], [2, 13, 3, 14], [21, 5, 22, 4], [9, 6, 10, 7], [19, 9, 20, 8], [5, 10, 6, 11], [12, 1, 13, 2], [14, 18, 15, 17], [16, 24, 17, 23], [3, 19, 4, 18], [7, 21, 8, 20], [22, 16, 23, 15]]"
12n_0388_151,"[[22, 16, 23, 15], [24, 11, 1, 12], [2, 13, 3, 14], [21, 5, 22, 4], [9, 6, 10, 7], [19, 9, 20, 8], [5, 10, 6, 11], [12, 1, 13, 2], [14, 18, 15, 17], [16, 24, 17, 23], [3, 19, 4, 18], [7, 21, 8, 20]]"
12n_0388_152,"[[7, 21, 8, 20], [22, 16, 23, 15], [24, 11, 1, 12], [2, 13, 3, 14], [21, 5, 22, 4], [9, 6, 10, 7], [19, 9, 20, 8], [5, 10, 6, 11], [12, 1, 13, 2], [14, 18, 15, 17], [16, 24, 17, 23], [3, 19, 4, 18]]"
12n_0388_153,"[[3, 19, 4, 18], [7, 21, 8, 20], [22, 16, 23, 15], [24, 11, 1, 12], [2, 13, 3, 14], [21, 5, 22, 4], [9, 6, 10, 7], [19, 9, 20, 8], [5, 10, 6, 11], [12, 1, 13, 2], [14, 18, 15, 17], [16, 24, 17, 23]]"
12n_0388_154,"[[16, 24, 17, 23], [3, 19, 4, 18], [7, 21, 8, 20], [22, 16, 23, 15], [24, 11, 1, 12], [2, 13, 3, 14], [21, 5, 22, 4], [9, 6, 10, 7], [19, 9, 20, 8], [5, 10, 6, 11], [12, 1, 13, 2], [14, 18, 15, 17]]"
12n_0388_155,"[[14, 18, 15, 17], [16, 24, 17, 23], [3, 19, 4, 18], [7, 21, 8, 20], [22, 16, 23, 15], [24, 11, 1, 12], [2, 13, 3, 14], [21, 5, 22, 4], [9, 6, 10, 7], [19, 9, 20, 8], [5, 10, 6, 11], [12, 1, 13, 2]]"
12n_0388_156,"[[13, 2, 14, 3], [15, 19, 16, 18], [17, 1, 18, 24], [4, 20, 5, 19], [8, 22, 9, 21], [23, 17, 24, 16], [1, 12, 2, 13], [3, 14, 4, 15], [22, 6, 23, 5], [10, 7, 11, 8], [20, 10, 21, 9], [6, 11, 7, 12]]"
12n_0388_157,"[[6, 11, 7, 12], [13, 2, 14, 3], [15, 19, 16, 18], [17, 1, 18, 24], [4, 20, 5, 19], [8, 22, 9, 21], [23, 17, 24, 16], [1, 12, 2, 13], [3, 14, 4, 15], [22, 6, 23, 5], [10, 7, 11, 8], [20, 10, 21, 9]]"
12n_0388_158,"[[20, 10, 21, 9], [6, 11, 7, 12], [13, 2, 14, 3], [15, 19, 16, 18], [17, 1, 18, 24], [4, 20, 5, 19], [8, 22, 9, 21], [23, 17, 24, 16], [1, 12, 2, 13], [3, 14, 4, 15], [22, 6, 23, 5], [10, 7, 11, 8]]"
12n_0388_159,"[[10, 7, 11, 8], [20, 10, 21, 9], [6, 11, 7, 12], [13, 2, 14, 3], [15, 19, 16, 18], [17, 1, 18, 24], [4, 20, 5, 19], [8, 22, 9, 21], [23, 17, 24, 16], [1, 12, 2, 13], [3, 14, 4, 15], [22, 6, 23, 5]]"
12n_0388_160,"[[22, 6, 23, 5], [10, 7, 11, 8], [20, 10, 21, 9], [6, 11, 7, 12], [13, 2, 14, 3], [15, 19, 16, 18], [17, 1, 18, 24], [4, 20, 5, 19], [8, 22, 9, 21], [23, 17, 24, 16], [1, 12, 2, 13], [3, 14, 4, 15]]"
12n_0388_161,"[[3, 14, 4, 15], [22, 6, 23, 5], [10, 7, 11, 8], [20, 10, 21, 9], [6, 11, 7, 12], [13, 2, 14, 3], [15, 19, 16, 18], [17, 1, 18, 24], [4, 20, 5, 19], [8, 22, 9, 21], [23, 17, 24, 16], [1, 12, 2, 13]]"
12n_0388_162,"[[1, 12, 2, 13], [3, 14, 4, 15], [22, 6, 23, 5], [10, 7, 11, 8], [20, 10, 21, 9], [6, 11, 7, 12], [13, 2, 14, 3], [15, 19, 16, 18], [17, 1, 18, 24], [4, 20, 5, 19], [8, 22, 9, 21], [23, 17, 24, 16]]"
12n_0388_163,"[[23, 17, 24, 16], [1, 12, 2, 13], [3, 14, 4, 15], [22, 6, 23, 5], [10, 7, 11, 8], [20, 10, 21, 9], [6, 11, 7, 12], [13, 2, 14, 3], [15, 19, 16, 18], [17, 1, 18, 24], [4, 20, 5, 19], [8, 22, 9, 21]]"
12n_0388_164,"[[8, 22, 9, 21], [23, 17, 24, 16], [1, 12, 2, 13], [3, 14, 4, 15], [22, 6, 23, 5], [10, 7, 11, 8], [20, 10, 21, 9], [6, 11, 7, 12], [13, 2, 14, 3], [15, 19, 16, 18], [17, 1, 18, 24], [4, 20, 5, 19]]"
12n_0388_165,"[[4, 20, 5, 19], [8, 22, 9, 21], [23, 17, 24, 16], [1, 12, 2, 13], [3, 14, 4, 15], [22, 6, 23, 5], [10, 7, 11, 8], [20, 10, 21, 9], [6, 11, 7, 12], [13, 2, 14, 3], [15, 19, 16, 18], [17, 1, 18, 24]]"
12n_0388_166,"[[17, 1, 18, 24], [4, 20, 5, 19], [8, 22, 9, 21], [23, 17, 24, 16], [1, 12, 2, 13], [3, 14, 4, 15], [22, 6, 23, 5], [10, 7, 11, 8], [20, 10, 21, 9], [6, 11, 7, 12], [13, 2, 14, 3], [15, 19, 16, 18]]"
12n_0388_167,"[[15, 19, 16, 18], [17, 1, 18, 24], [4, 20, 5, 19], [8, 22, 9, 21], [23, 17, 24, 16], [1, 12, 2, 13], [3, 14, 4, 15], [22, 6, 23, 5], [10, 7, 11, 8], [20, 10, 21, 9], [6, 11, 7, 12], [13, 2, 14, 3]]"
12n_0388_168,"[[14, 3, 15, 4], [16, 20, 17, 19], [18, 2, 19, 1], [5, 21, 6, 20], [9, 23, 10, 22], [24, 18, 1, 17], [2, 13, 3, 14], [4, 15, 5, 16], [23, 7, 24, 6], [11, 8, 12, 9], [21, 11, 22, 10], [7, 12, 8, 13]]"
12n_0388_169,"[[7, 12, 8, 13], [14, 3, 15, 4], [16, 20, 17, 19], [18, 2, 19, 1], [5, 21, 6, 20], [9, 23, 10, 22], [24, 18, 1, 17], [2, 13, 3, 14], [4, 15, 5, 16], [23, 7, 24, 6], [11, 8, 12, 9], [21, 11, 22, 10]]"
12n_0388_170,"[[21, 11, 22, 10], [7, 12, 8, 13], [14, 3, 15, 4], [16, 20, 17, 19], [18, 2, 19, 1], [5, 21, 6, 20], [9, 23, 10, 22], [24, 18, 1, 17], [2, 13, 3, 14], [4, 15, 5, 16], [23, 7, 24, 6], [11, 8, 12, 9]]"
12n_0388_171,"[[11, 8, 12, 9], [21, 11, 22, 10], [7, 12, 8, 13], [14, 3, 15, 4], [16, 20, 17, 19], [18, 2, 19, 1], [5, 21, 6, 20], [9, 23, 10, 22], [24, 18, 1, 17], [2, 13, 3, 14], [4, 15, 5, 16], [23, 7, 24, 6]]"
12n_0388_172,"[[23, 7, 24, 6], [11, 8, 12, 9], [21, 11, 22, 10], [7, 12, 8, 13], [14, 3, 15, 4], [16, 20, 17, 19], [18, 2, 19, 1], [5, 21, 6, 20], [9, 23, 10, 22], [24, 18, 1, 17], [2, 13, 3, 14], [4, 15, 5, 16]]"
12n_0388_173,"[[4, 15, 5, 16], [23, 7, 24, 6], [11, 8, 12, 9], [21, 11, 22, 10], [7, 12, 8, 13], [14, 3, 15, 4], [16, 20, 17, 19], [18, 2, 19, 1], [5, 21, 6, 20], [9, 23, 10, 22], [24, 18, 1, 17], [2, 13, 3, 14]]"
12n_0388_174,"[[2, 13, 3, 14], [4, 15, 5, 16], [23, 7, 24, 6], [11, 8, 12, 9], [21, 11, 22, 10], [7, 12, 8, 13], [14, 3, 15, 4], [16, 20, 17, 19], [18, 2, 19, 1], [5, 21, 6, 20], [9, 23, 10, 22], [24, 18, 1, 17]]"
12n_0388_175,"[[24, 18, 1, 17], [2, 13, 3, 14], [4, 15, 5, 16], [23, 7, 24, 6], [11, 8, 12, 9], [21, 11, 22, 10], [7, 12, 8, 13], [14, 3, 15, 4], [16, 20, 17, 19], [18, 2, 19, 1], [5, 21, 6, 20], [9, 23, 10, 22]]"
12n_0388_176,"[[9, 23, 10, 22], [24, 18, 1, 17], [2, 13, 3, 14], [4, 15, 5, 16], [23, 7, 24, 6], [11, 8, 12, 9], [21, 11, 22, 10], [7, 12, 8, 13], [14, 3, 15, 4], [16, 20, 17, 19], [18, 2, 19, 1], [5, 21, 6, 20]]"
12n_0388_177,"[[5, 21, 6, 20], [9, 23, 10, 22], [24, 18, 1, 17], [2, 13, 3, 14], [4, 15, 5, 16], [23, 7, 24, 6], [11, 8, 12, 9], [21, 11, 22, 10], [7, 12, 8, 13], [14, 3, 15, 4], [16, 20, 17, 19], [18, 2, 19, 1]]"
12n_0388_178,"[[18, 2, 19, 1], [5, 21, 6, 20], [9, 23, 10, 22], [24, 18, 1, 17], [2, 13, 3, 14], [4, 15, 5, 16], [23, 7, 24, 6], [11, 8, 12, 9], [21, 11, 22, 10], [7, 12, 8, 13], [14, 3, 15, 4], [16, 20, 17, 19]]"
12n_0388_179,"[[16, 20, 17, 19], [18, 2, 19, 1], [5, 21, 6, 20], [9, 23, 10, 22], [24, 18, 1, 17], [2, 13, 3, 14], [4, 15, 5, 16], [23, 7, 24, 6], [11, 8, 12, 9], [21, 11, 22, 10], [7, 12, 8, 13], [14, 3, 15, 4]]"
12n_0388_180,"[[15, 4, 16, 5], [17, 21, 18, 20], [19, 3, 20, 2], [6, 22, 7, 21], [10, 24, 11, 23], [1, 19, 2, 18], [3, 14, 4, 15], [5, 16, 6, 17], [24, 8, 1, 7], [12, 9, 13, 10], [22, 12, 23, 11], [8, 13, 9, 14]]"
12n_0388_181,"[[8, 13, 9, 14], [15, 4, 16, 5], [17, 21, 18, 20], [19, 3, 20, 2], [6, 22, 7, 21], [10, 24, 11, 23], [1, 19, 2, 18], [3, 14, 4, 15], [5, 16, 6, 17], [24, 8, 1, 7], [12, 9, 13, 10], [22, 12, 23, 11]]"
12n_0388_182,"[[22, 12, 23, 11], [8, 13, 9, 14], [15, 4, 16, 5], [17, 21, 18, 20], [19, 3, 20, 2], [6, 22, 7, 21], [10, 24, 11, 23], [1, 19, 2, 18], [3, 14, 4, 15], [5, 16, 6, 17], [24, 8, 1, 7], [12, 9, 13, 10]]"
12n_0388_183,"[[12, 9, 13, 10], [22, 12, 23, 11], [8, 13, 9, 14], [15, 4, 16, 5], [17, 21, 18, 20], [19, 3, 20, 2], [6, 22, 7, 21], [10, 24, 11, 23], [1, 19, 2, 18], [3, 14, 4, 15], [5, 16, 6, 17], [24, 8, 1, 7]]"
12n_0388_184,"[[24, 8, 1, 7], [12, 9, 13, 10], [22, 12, 23, 11], [8, 13, 9, 14], [15, 4, 16, 5], [17, 21, 18, 20], [19, 3, 20, 2], [6, 22, 7, 21], [10, 24, 11, 23], [1, 19, 2, 18], [3, 14, 4, 15], [5, 16, 6, 17]]"
12n_0388_185,"[[5, 16, 6, 17], [24, 8, 1, 7], [12, 9, 13, 10], [22, 12, 23, 11], [8, 13, 9, 14], [15, 4, 16, 5], [17, 21, 18, 20], [19, 3, 20, 2], [6, 22, 7, 21], [10, 24, 11, 23], [1, 19, 2, 18], [3, 14, 4, 15]]"
