name,pd_notation
12n_0508_0,"[[7, 1, 8, 24], [2, 6, 3, 5], [4, 12, 5, 11], [19, 7, 20, 6], [8, 13, 9, 14], [10, 4, 11, 3], [12, 17, 13, 18], [14, 22, 15, 21], [16, 9, 17, 10], [1, 19, 2, 18], [20, 24, 21, 23], [22, 16, 23, 15]]"
12n_0508_1,"[[22, 16, 23, 15], [7, 1, 8, 24], [2, 6, 3, 5], [4, 12, 5, 11], [19, 7, 20, 6], [8, 13, 9, 14], [10, 4, 11, 3], [12, 17, 13, 18], [14, 22, 15, 21], [16, 9, 17, 10], [1, 19, 2, 18], [20, 24, 21, 23]]"
12n_0508_2,"[[20, 24, 21, 23], [22, 16, 23, 15], [7, 1, 8, 24], [2, 6, 3, 5], [4, 12, 5, 11], [19, 7, 20, 6], [8, 13, 9, 14], [10, 4, 11, 3], [12, 17, 13, 18], [14, 22, 15, 21], [16, 9, 17, 10], [1, 19, 2, 18]]"
12n_0508_3,"[[1, 19, 2, 18], [20, 24, 21, 23], [22, 16, 23, 15], [7, 1, 8, 24], [2, 6, 3, 5], [4, 12, 5, 11], [19, 7, 20, 6], [8, 13, 9, 14], [10, 4, 11, 3], [12, 17, 13, 18], [14, 22, 15, 21], [16, 9, 17, 10]]"
12n_0508_4,"[[16, 9, 17, 10], [1, 19, 2, 18], [20, 24, 21, 23], [22, 16, 23, 15], [7, 1, 8, 24], [2, 6, 3, 5], [4, 12, 5, 11], [19, 7, 20, 6], [8, 13, 9, 14], [10, 4, 11, 3], [12, 17, 13, 18], [14, 22, 15, 21]]"
12n_0508_5,"[[14, 22, 15, 21], [16, 9, 17, 10], [1, 19, 2, 18], [20, 24, 21, 23], [22, 16, 23, 15], [7, 1, 8, 24], [2, 6, 3, 5], [4, 12, 5, 11], [19, 7, 20, 6], [8, 13, 9, 14], [10, 4, 11, 3], [12, 17, 13, 18]]"
12n_0508_6,"[[12, 17, 13, 18], [14, 22, 15, 21], [16, 9, 17, 10], [1, 19, 2, 18], [20, 24, 21, 23], [22, 16, 23, 15], [7, 1, 8, 24], [2, 6, 3, 5], [4, 12, 5, 11], [19, 7, 20, 6], [8, 13, 9, 14], [10, 4, 11, 3]]"
12n_0508_7,"[[10, 4, 11, 3], [12, 17, 13, 18], [14, 22, 15, 21], [16, 9, 17, 10], [1, 19, 2, 18], [20, 24, 21, 23], [22, 16, 23, 15], [7, 1, 8, 24], [2, 6, 3, 5], [4, 12, 5, 11], [19, 7, 20, 6], [8, 13, 9, 14]]"
12n_0508_8,"[[8, 13, 9, 14], [10, 4, 11, 3], [12, 17, 13, 18], [14, 22, 15, 21], [16, 9, 17, 10], [1, 19, 2, 18], [20, 24, 21, 23], [22, 16, 23, 15], [7, 1, 8, 24], [2, 6, 3, 5], [4, 12, 5, 11], [19, 7, 20, 6]]"
12n_0508_9,"[[19, 7, 20, 6], [8, 13, 9, 14], [10, 4, 11, 3], [12, 17, 13, 18], [14, 22, 15, 21], [16, 9, 17, 10], [1, 19, 2, 18], [20, 24, 21, 23], [22, 16, 23, 15], [7, 1, 8, 24], [2, 6, 3, 5], [4, 12, 5, 11]]"
12n_0508_10,"[[4, 12, 5, 11], [19, 7, 20, 6], [8, 13, 9, 14], [10, 4, 11, 3], [12, 17, 13, 18], [14, 22, 15, 21], [16, 9, 17, 10], [1, 19, 2, 18], [20, 24, 21, 23], [22, 16, 23, 15], [7, 1, 8, 24], [2, 6, 3, 5]]"
12n_0508_11,"[[2, 6, 3, 5], [4, 12, 5, 11], [19, 7, 20, 6], [8, 13, 9, 14], [10, 4, 11, 3], [12, 17, 13, 18], [14, 22, 15, 21], [16, 9, 17, 10], [1, 19, 2, 18], [20, 24, 21, 23], [22, 16, 23, 15], [7, 1, 8, 24]]"
12n_0508_12,"[[8, 2, 9, 1], [3, 7, 4, 6], [5, 13, 6, 12], [20, 8, 21, 7], [9, 14, 10, 15], [11, 5, 12, 4], [13, 18, 14, 19], [15, 23, 16, 22], [17, 10, 18, 11], [2, 20, 3, 19], [21, 1, 22, 24], [23, 17, 24, 16]]"
12n_0508_13,"[[23, 17, 24, 16], [8, 2, 9, 1], [3, 7, 4, 6], [5, 13, 6, 12], [20, 8, 21, 7], [9, 14, 10, 15], [11, 5, 12, 4], [13, 18, 14, 19], [15, 23, 16, 22], [17, 10, 18, 11], [2, 20, 3, 19], [21, 1, 22, 24]]"
12n_0508_14,"[[21, 1, 22, 24], [23, 17, 24, 16], [8, 2, 9, 1], [3, 7, 4, 6], [5, 13, 6, 12], [20, 8, 21, 7], [9, 14, 10, 15], [11, 5, 12, 4], [13, 18, 14, 19], [15, 23, 16, 22], [17, 10, 18, 11], [2, 20, 3, 19]]"
12n_0508_15,"[[2, 20, 3, 19], [21, 1, 22, 24], [23, 17, 24, 16], [8, 2, 9, 1], [3, 7, 4, 6], [5, 13, 6, 12], [20, 8, 21, 7], [9, 14, 10, 15], [11, 5, 12, 4], [13, 18, 14, 19], [15, 23, 16, 22], [17, 10, 18, 11]]"
12n_0508_16,"[[17, 10, 18, 11], [2, 20, 3, 19], [21, 1, 22, 24], [23, 17, 24, 16], [8, 2, 9, 1], [3, 7, 4, 6], [5, 13, 6, 12], [20, 8, 21, 7], [9, 14, 10, 15], [11, 5, 12, 4], [13, 18, 14, 19], [15, 23, 16, 22]]"
12n_0508_17,"[[15, 23, 16, 22], [17, 10, 18, 11], [2, 20, 3, 19], [21, 1, 22, 24], [23, 17, 24, 16], [8, 2, 9, 1], [3, 7, 4, 6], [5, 13, 6, 12], [20, 8, 21, 7], [9, 14, 10, 15], [11, 5, 12, 4], [13, 18, 14, 19]]"
12n_0508_18,"[[13, 18, 14, 19], [15, 23, 16, 22], [17, 10, 18, 11], [2, 20, 3, 19], [21, 1, 22, 24], [23, 17, 24, 16], [8, 2, 9, 1], [3, 7, 4, 6], [5, 13, 6, 12], [20, 8, 21, 7], [9, 14, 10, 15], [11, 5, 12, 4]]"
12n_0508_19,"[[11, 5, 12, 4], [13, 18, 14, 19], [15, 23, 16, 22], [17, 10, 18, 11], [2, 20, 3, 19], [21, 1, 22, 24], [23, 17, 24, 16], [8, 2, 9, 1], [3, 7, 4, 6], [5, 13, 6, 12], [20, 8, 21, 7], [9, 14, 10, 15]]"
12n_0508_20,"[[9, 14, 10, 15], [11, 5, 12, 4], [13, 18, 14, 19], [15, 23, 16, 22], [17, 10, 18, 11], [2, 20, 3, 19], [21, 1, 22, 24], [23, 17, 24, 16], [8, 2, 9, 1], [3, 7, 4, 6], [5, 13, 6, 12], [20, 8, 21, 7]]"
12n_0508_21,"[[20, 8, 21, 7], [9, 14, 10, 15], [11, 5, 12, 4], [13, 18, 14, 19], [15, 23, 16, 22], [17, 10, 18, 11], [2, 20, 3, 19], [21, 1, 22, 24], [23, 17, 24, 16], [8, 2, 9, 1], [3, 7, 4, 6], [5, 13, 6, 12]]"
12n_0508_22,"[[5, 13, 6, 12], [20, 8, 21, 7], [9, 14, 10, 15], [11, 5, 12, 4], [13, 18, 14, 19], [15, 23, 16, 22], [17, 10, 18, 11], [2, 20, 3, 19], [21, 1, 22, 24], [23, 17, 24, 16], [8, 2, 9, 1], [3, 7, 4, 6]]"
12n_0508_23,"[[3, 7, 4, 6], [5, 13, 6, 12], [20, 8, 21, 7], [9, 14, 10, 15], [11, 5, 12, 4], [13, 18, 14, 19], [15, 23, 16, 22], [17, 10, 18, 11], [2, 20, 3, 19], [21, 1, 22, 24], [23, 17, 24, 16], [8, 2, 9, 1]]"
12n_0508_24,"[[9, 3, 10, 2], [4, 8, 5, 7], [6, 14, 7, 13], [21, 9, 22, 8], [10, 15, 11, 16], [12, 6, 13, 5], [14, 19, 15, 20], [16, 24, 17, 23], [18, 11, 19, 12], [3, 21, 4, 20], [22, 2, 23, 1], [24, 18, 1, 17]]"
12n_0508_25,"[[24, 18, 1, 17], [9, 3, 10, 2], [4, 8, 5, 7], [6, 14, 7, 13], [21, 9, 22, 8], [10, 15, 11, 16], [12, 6, 13, 5], [14, 19, 15, 20], [16, 24, 17, 23], [18, 11, 19, 12], [3, 21, 4, 20], [22, 2, 23, 1]]"
12n_0508_26,"[[22, 2, 23, 1], [24, 18, 1, 17], [9, 3, 10, 2], [4, 8, 5, 7], [6, 14, 7, 13], [21, 9, 22, 8], [10, 15, 11, 16], [12, 6, 13, 5], [14, 19, 15, 20], [16, 24, 17, 23], [18, 11, 19, 12], [3, 21, 4, 20]]"
12n_0508_27,"[[3, 21, 4, 20], [22, 2, 23, 1], [24, 18, 1, 17], [9, 3, 10, 2], [4, 8, 5, 7], [6, 14, 7, 13], [21, 9, 22, 8], [10, 15, 11, 16], [12, 6, 13, 5], [14, 19, 15, 20], [16, 24, 17, 23], [18, 11, 19, 12]]"
12n_0508_28,"[[18, 11, 19, 12], [3, 21, 4, 20], [22, 2, 23, 1], [24, 18, 1, 17], [9, 3, 10, 2], [4, 8, 5, 7], [6, 14, 7, 13], [21, 9, 22, 8], [10, 15, 11, 16], [12, 6, 13, 5], [14, 19, 15, 20], [16, 24, 17, 23]]"
12n_0508_29,"[[16, 24, 17, 23], [18, 11, 19, 12], [3, 21, 4, 20], [22, 2, 23, 1], [24, 18, 1, 17], [9, 3, 10, 2], [4, 8, 5, 7], [6, 14, 7, 13], [21, 9, 22, 8], [10, 15, 11, 16], [12, 6, 13, 5], [14, 19, 15, 20]]"
12n_0508_30,"[[14, 19, 15, 20], [16, 24, 17, 23], [18, 11, 19, 12], [3, 21, 4, 20], [22, 2, 23, 1], [24, 18, 1, 17], [9, 3, 10, 2], [4, 8, 5, 7], [6, 14, 7, 13], [21, 9, 22, 8], [10, 15, 11, 16], [12, 6, 13, 5]]"
12n_0508_31,"[[12, 6, 13, 5], [14, 19, 15, 20], [16, 24, 17, 23], [18, 11, 19, 12], [3, 21, 4, 20], [22, 2, 23, 1], [24, 18, 1, 17], [9, 3, 10, 2], [4, 8, 5, 7], [6, 14, 7, 13], [21, 9, 22, 8], [10, 15, 11, 16]]"
12n_0508_32,"[[10, 15, 11, 16], [12, 6, 13, 5], [14, 19, 15, 20], [16, 24, 17, 23], [18, 11, 19, 12], [3, 21, 4, 20], [22, 2, 23, 1], [24, 18, 1, 17], [9, 3, 10, 2], [4, 8, 5, 7], [6, 14, 7, 13], [21, 9, 22, 8]]"
12n_0508_33,"[[21, 9, 22, 8], [10, 15, 11, 16], [12, 6, 13, 5], [14, 19, 15, 20], [16, 24, 17, 23], [18, 11, 19, 12], [3, 21, 4, 20], [22, 2, 23, 1], [24, 18, 1, 17], [9, 3, 10, 2], [4, 8, 5, 7], [6, 14, 7, 13]]"
12n_0508_34,"[[6, 14, 7, 13], [21, 9, 22, 8], [10, 15, 11, 16], [12, 6, 13, 5], [14, 19, 15, 20], [16, 24, 17, 23], [18, 11, 19, 12], [3, 21, 4, 20], [22, 2, 23, 1], [24, 18, 1, 17], [9, 3, 10, 2], [4, 8, 5, 7]]"
12n_0508_35,"[[4, 8, 5, 7], [6, 14, 7, 13], [21, 9, 22, 8], [10, 15, 11, 16], [12, 6, 13, 5], [14, 19, 15, 20], [16, 24, 17, 23], [18, 11, 19, 12], [3, 21, 4, 20], [22, 2, 23, 1], [24, 18, 1, 17], [9, 3, 10, 2]]"
12n_0508_36,"[[10, 4, 11, 3], [5, 9, 6, 8], [7, 15, 8, 14], [22, 10, 23, 9], [11, 16, 12, 17], [13, 7, 14, 6], [15, 20, 16, 21], [17, 1, 18, 24], [19, 12, 20, 13], [4, 22, 5, 21], [23, 3, 24, 2], [1, 19, 2, 18]]"
12n_0508_37,"[[1, 19, 2, 18], [10, 4, 11, 3], [5, 9, 6, 8], [7, 15, 8, 14], [22, 10, 23, 9], [11, 16, 12, 17], [13, 7, 14, 6], [15, 20, 16, 21], [17, 1, 18, 24], [19, 12, 20, 13], [4, 22, 5, 21], [23, 3, 24, 2]]"
12n_0508_38,"[[23, 3, 24, 2], [1, 19, 2, 18], [10, 4, 11, 3], [5, 9, 6, 8], [7, 15, 8, 14], [22, 10, 23, 9], [11, 16, 12, 17], [13, 7, 14, 6], [15, 20, 16, 21], [17, 1, 18, 24], [19, 12, 20, 13], [4, 22, 5, 21]]"
12n_0508_39,"[[4, 22, 5, 21], [23, 3, 24, 2], [1, 19, 2, 18], [10, 4, 11, 3], [5, 9, 6, 8], [7, 15, 8, 14], [22, 10, 23, 9], [11, 16, 12, 17], [13, 7, 14, 6], [15, 20, 16, 21], [17, 1, 18, 24], [19, 12, 20, 13]]"
12n_0508_40,"[[19, 12, 20, 13], [4, 22, 5, 21], [23, 3, 24, 2], [1, 19, 2, 18], [10, 4, 11, 3], [5, 9, 6, 8], [7, 15, 8, 14], [22, 10, 23, 9], [11, 16, 12, 17], [13, 7, 14, 6], [15, 20, 16, 21], [17, 1, 18, 24]]"
12n_0508_41,"[[17, 1, 18, 24], [19, 12, 20, 13], [4, 22, 5, 21], [23, 3, 24, 2], [1, 19, 2, 18], [10, 4, 11, 3], [5, 9, 6, 8], [7, 15, 8, 14], [22, 10, 23, 9], [11, 16, 12, 17], [13, 7, 14, 6], [15, 20, 16, 21]]"
12n_0508_42,"[[15, 20, 16, 21], [17, 1, 18, 24], [19, 12, 20, 13], [4, 22, 5, 21], [23, 3, 24, 2], [1, 19, 2, 18], [10, 4, 11, 3], [5, 9, 6, 8], [7, 15, 8, 14], [22, 10, 23, 9], [11, 16, 12, 17], [13, 7, 14, 6]]"
12n_0508_43,"[[13, 7, 14, 6], [15, 20, 16, 21], [17, 1, 18, 24], [19, 12, 20, 13], [4, 22, 5, 21], [23, 3, 24, 2], [1, 19, 2, 18], [10, 4, 11, 3], [5, 9, 6, 8], [7, 15, 8, 14], [22, 10, 23, 9], [11, 16, 12, 17]]"
12n_0508_44,"[[11, 16, 12, 17], [13, 7, 14, 6], [15, 20, 16, 21], [17, 1, 18, 24], [19, 12, 20, 13], [4, 22, 5, 21], [23, 3, 24, 2], [1, 19, 2, 18], [10, 4, 11, 3], [5, 9, 6, 8], [7, 15, 8, 14], [22, 10, 23, 9]]"
12n_0508_45,"[[22, 10, 23, 9], [11, 16, 12, 17], [13, 7, 14, 6], [15, 20, 16, 21], [17, 1, 18, 24], [19, 12, 20, 13], [4, 22, 5, 21], [23, 3, 24, 2], [1, 19, 2, 18], [10, 4, 11, 3], [5, 9, 6, 8], [7, 15, 8, 14]]"
12n_0508_46,"[[7, 15, 8, 14], [22, 10, 23, 9], [11, 16, 12, 17], [13, 7, 14, 6], [15, 20, 16, 21], [17, 1, 18, 24], [19, 12, 20, 13], [4, 22, 5, 21], [23, 3, 24, 2], [1, 19, 2, 18], [10, 4, 11, 3], [5, 9, 6, 8]]"
12n_0508_47,"[[5, 9, 6, 8], [7, 15, 8, 14], [22, 10, 23, 9], [11, 16, 12, 17], [13, 7, 14, 6], [15, 20, 16, 21], [17, 1, 18, 24], [19, 12, 20, 13], [4, 22, 5, 21], [23, 3, 24, 2], [1, 19, 2, 18], [10, 4, 11, 3]]"
12n_0508_48,"[[11, 5, 12, 4], [6, 10, 7, 9], [8, 16, 9, 15], [23, 11, 24, 10], [12, 17, 13, 18], [14, 8, 15, 7], [16, 21, 17, 22], [18, 2, 19, 1], [20, 13, 21, 14], [5, 23, 6, 22], [24, 4, 1, 3], [2, 20, 3, 19]]"
12n_0508_49,"[[2, 20, 3, 19], [11, 5, 12, 4], [6, 10, 7, 9], [8, 16, 9, 15], [23, 11, 24, 10], [12, 17, 13, 18], [14, 8, 15, 7], [16, 21, 17, 22], [18, 2, 19, 1], [20, 13, 21, 14], [5, 23, 6, 22], [24, 4, 1, 3]]"
12n_0508_50,"[[24, 4, 1, 3], [2, 20, 3, 19], [11, 5, 12, 4], [6, 10, 7, 9], [8, 16, 9, 15], [23, 11, 24, 10], [12, 17, 13, 18], [14, 8, 15, 7], [16, 21, 17, 22], [18, 2, 19, 1], [20, 13, 21, 14], [5, 23, 6, 22]]"
12n_0508_51,"[[5, 23, 6, 22], [24, 4, 1, 3], [2, 20, 3, 19], [11, 5, 12, 4], [6, 10, 7, 9], [8, 16, 9, 15], [23, 11, 24, 10], [12, 17, 13, 18], [14, 8, 15, 7], [16, 21, 17, 22], [18, 2, 19, 1], [20, 13, 21, 14]]"
12n_0508_52,"[[20, 13, 21, 14], [5, 23, 6, 22], [24, 4, 1, 3], [2, 20, 3, 19], [11, 5, 12, 4], [6, 10, 7, 9], [8, 16, 9, 15], [23, 11, 24, 10], [12, 17, 13, 18], [14, 8, 15, 7], [16, 21, 17, 22], [18, 2, 19, 1]]"
12n_0508_53,"[[18, 2, 19, 1], [20, 13, 21, 14], [5, 23, 6, 22], [24, 4, 1, 3], [2, 20, 3, 19], [11, 5, 12, 4], [6, 10, 7, 9], [8, 16, 9, 15], [23, 11, 24, 10], [12, 17, 13, 18], [14, 8, 15, 7], [16, 21, 17, 22]]"
12n_0508_54,"[[16, 21, 17, 22], [18, 2, 19, 1], [20, 13, 21, 14], [5, 23, 6, 22], [24, 4, 1, 3], [2, 20, 3, 19], [11, 5, 12, 4], [6, 10, 7, 9], [8, 16, 9, 15], [23, 11, 24, 10], [12, 17, 13, 18], [14, 8, 15, 7]]"
12n_0508_55,"[[14, 8, 15, 7], [16, 21, 17, 22], [18, 2, 19, 1], [20, 13, 21, 14], [5, 23, 6, 22], [24, 4, 1, 3], [2, 20, 3, 19], [11, 5, 12, 4], [6, 10, 7, 9], [8, 16, 9, 15], [23, 11, 24, 10], [12, 17, 13, 18]]"
12n_0508_56,"[[12, 17, 13, 18], [14, 8, 15, 7], [16, 21, 17, 22], [18, 2, 19, 1], [20, 13, 21, 14], [5, 23, 6, 22], [24, 4, 1, 3], [2, 20, 3, 19], [11, 5, 12, 4], [6, 10, 7, 9], [8, 16, 9, 15], [23, 11, 24, 10]]"
12n_0508_57,"[[23, 11, 24, 10], [12, 17, 13, 18], [14, 8, 15, 7], [16, 21, 17, 22], [18, 2, 19, 1], [20, 13, 21, 14], [5, 23, 6, 22], [24, 4, 1, 3], [2, 20, 3, 19], [11, 5, 12, 4], [6, 10, 7, 9], [8, 16, 9, 15]]"
12n_0508_58,"[[8, 16, 9, 15], [23, 11, 24, 10], [12, 17, 13, 18], [14, 8, 15, 7], [16, 21, 17, 22], [18, 2, 19, 1], [20, 13, 21, 14], [5, 23, 6, 22], [24, 4, 1, 3], [2, 20, 3, 19], [11, 5, 12, 4], [6, 10, 7, 9]]"
12n_0508_59,"[[6, 10, 7, 9], [8, 16, 9, 15], [23, 11, 24, 10], [12, 17, 13, 18], [14, 8, 15, 7], [16, 21, 17, 22], [18, 2, 19, 1], [20, 13, 21, 14], [5, 23, 6, 22], [24, 4, 1, 3], [2, 20, 3, 19], [11, 5, 12, 4]]"
12n_0508_60,"[[12, 6, 13, 5], [7, 11, 8, 10], [9, 17, 10, 16], [24, 12, 1, 11], [13, 18, 14, 19], [15, 9, 16, 8], [17, 22, 18, 23], [19, 3, 20, 2], [21, 14, 22, 15], [6, 24, 7, 23], [1, 5, 2, 4], [3, 21, 4, 20]]"
12n_0508_61,"[[3, 21, 4, 20], [12, 6, 13, 5], [7, 11, 8, 10], [9, 17, 10, 16], [24, 12, 1, 11], [13, 18, 14, 19], [15, 9, 16, 8], [17, 22, 18, 23], [19, 3, 20, 2], [21, 14, 22, 15], [6, 24, 7, 23], [1, 5, 2, 4]]"
12n_0508_62,"[[1, 5, 2, 4], [3, 21, 4, 20], [12, 6, 13, 5], [7, 11, 8, 10], [9, 17, 10, 16], [24, 12, 1, 11], [13, 18, 14, 19], [15, 9, 16, 8], [17, 22, 18, 23], [19, 3, 20, 2], [21, 14, 22, 15], [6, 24, 7, 23]]"
12n_0508_63,"[[6, 24, 7, 23], [1, 5, 2, 4], [3, 21, 4, 20], [12, 6, 13, 5], [7, 11, 8, 10], [9, 17, 10, 16], [24, 12, 1, 11], [13, 18, 14, 19], [15, 9, 16, 8], [17, 22, 18, 23], [19, 3, 20, 2], [21, 14, 22, 15]]"
12n_0508_64,"[[21, 14, 22, 15], [6, 24, 7, 23], [1, 5, 2, 4], [3, 21, 4, 20], [12, 6, 13, 5], [7, 11, 8, 10], [9, 17, 10, 16], [24, 12, 1, 11], [13, 18, 14, 19], [15, 9, 16, 8], [17, 22, 18, 23], [19, 3, 20, 2]]"
12n_0508_65,"[[19, 3, 20, 2], [21, 14, 22, 15], [6, 24, 7, 23], [1, 5, 2, 4], [3, 21, 4, 20], [12, 6, 13, 5], [7, 11, 8, 10], [9, 17, 10, 16], [24, 12, 1, 11], [13, 18, 14, 19], [15, 9, 16, 8], [17, 22, 18, 23]]"
12n_0508_66,"[[17, 22, 18, 23], [19, 3, 20, 2], [21, 14, 22, 15], [6, 24, 7, 23], [1, 5, 2, 4], [3, 21, 4, 20], [12, 6, 13, 5], [7, 11, 8, 10], [9, 17, 10, 16], [24, 12, 1, 11], [13, 18, 14, 19], [15, 9, 16, 8]]"
12n_0508_67,"[[15, 9, 16, 8], [17, 22, 18, 23], [19, 3, 20, 2], [21, 14, 22, 15], [6, 24, 7, 23], [1, 5, 2, 4], [3, 21, 4, 20], [12, 6, 13, 5], [7, 11, 8, 10], [9, 17, 10, 16], [24, 12, 1, 11], [13, 18, 14, 19]]"
12n_0508_68,"[[13, 18, 14, 19], [15, 9, 16, 8], [17, 22, 18, 23], [19, 3, 20, 2], [21, 14, 22, 15], [6, 24, 7, 23], [1, 5, 2, 4], [3, 21, 4, 20], [12, 6, 13, 5], [7, 11, 8, 10], [9, 17, 10, 16], [24, 12, 1, 11]]"
12n_0508_69,"[[24, 12, 1, 11], [13, 18, 14, 19], [15, 9, 16, 8], [17, 22, 18, 23], [19, 3, 20, 2], [21, 14, 22, 15], [6, 24, 7, 23], [1, 5, 2, 4], [3, 21, 4, 20], [12, 6, 13, 5], [7, 11, 8, 10], [9, 17, 10, 16]]"
12n_0508_70,"[[9, 17, 10, 16], [24, 12, 1, 11], [13, 18, 14, 19], [15, 9, 16, 8], [17, 22, 18, 23], [19, 3, 20, 2], [21, 14, 22, 15], [6, 24, 7, 23], [1, 5, 2, 4], [3, 21, 4, 20], [12, 6, 13, 5], [7, 11, 8, 10]]"
12n_0508_71,"[[7, 11, 8, 10], [9, 17, 10, 16], [24, 12, 1, 11], [13, 18, 14, 19], [15, 9, 16, 8], [17, 22, 18, 23], [19, 3, 20, 2], [21, 14, 22, 15], [6, 24, 7, 23], [1, 5, 2, 4], [3, 21, 4, 20], [12, 6, 13, 5]]"
12n_0508_72,"[[13, 7, 14, 6], [8, 12, 9, 11], [10, 18, 11, 17], [1, 13, 2, 12], [14, 19, 15, 20], [16, 10, 17, 9], [18, 23, 19, 24], [20, 4, 21, 3], [22, 15, 23, 16], [7, 1, 8, 24], [2, 6, 3, 5], [4, 22, 5, 21]]"
12n_0508_73,"[[4, 22, 5, 21], [13, 7, 14, 6], [8, 12, 9, 11], [10, 18, 11, 17], [1, 13, 2, 12], [14, 19, 15, 20], [16, 10, 17, 9], [18, 23, 19, 24], [20, 4, 21, 3], [22, 15, 23, 16], [7, 1, 8, 24], [2, 6, 3, 5]]"
12n_0508_74,"[[2, 6, 3, 5], [4, 22, 5, 21], [13, 7, 14, 6], [8, 12, 9, 11], [10, 18, 11, 17], [1, 13, 2, 12], [14, 19, 15, 20], [16, 10, 17, 9], [18, 23, 19, 24], [20, 4, 21, 3], [22, 15, 23, 16], [7, 1, 8, 24]]"
12n_0508_75,"[[7, 1, 8, 24], [2, 6, 3, 5], [4, 22, 5, 21], [13, 7, 14, 6], [8, 12, 9, 11], [10, 18, 11, 17], [1, 13, 2, 12], [14, 19, 15, 20], [16, 10, 17, 9], [18, 23, 19, 24], [20, 4, 21, 3], [22, 15, 23, 16]]"
12n_0508_76,"[[22, 15, 23, 16], [7, 1, 8, 24], [2, 6, 3, 5], [4, 22, 5, 21], [13, 7, 14, 6], [8, 12, 9, 11], [10, 18, 11, 17], [1, 13, 2, 12], [14, 19, 15, 20], [16, 10, 17, 9], [18, 23, 19, 24], [20, 4, 21, 3]]"
12n_0508_77,"[[20, 4, 21, 3], [22, 15, 23, 16], [7, 1, 8, 24], [2, 6, 3, 5], [4, 22, 5, 21], [13, 7, 14, 6], [8, 12, 9, 11], [10, 18, 11, 17], [1, 13, 2, 12], [14, 19, 15, 20], [16, 10, 17, 9], [18, 23, 19, 24]]"
12n_0508_78,"[[18, 23, 19, 24], [20, 4, 21, 3], [22, 15, 23, 16], [7, 1, 8, 24], [2, 6, 3, 5], [4, 22, 5, 21], [13, 7, 14, 6], [8, 12, 9, 11], [10, 18, 11, 17], [1, 13, 2, 12], [14, 19, 15, 20], [16, 10, 17, 9]]"
12n_0508_79,"[[16, 10, 17, 9], [18, 23, 19, 24], [20, 4, 21, 3], [22, 15, 23, 16], [7, 1, 8, 24], [2, 6, 3, 5], [4, 22, 5, 21], [13, 7, 14, 6], [8, 12, 9, 11], [10, 18, 11, 17], [1, 13, 2, 12], [14, 19, 15, 20]]"
12n_0508_80,"[[14, 19, 15, 20], [16, 10, 17, 9], [18, 23, 19, 24], [20, 4, 21, 3], [22, 15, 23, 16], [7, 1, 8, 24], [2, 6, 3, 5], [4, 22, 5, 21], [13, 7, 14, 6], [8, 12, 9, 11], [10, 18, 11, 17], [1, 13, 2, 12]]"
12n_0508_81,"[[1, 13, 2, 12], [14, 19, 15, 20], [16, 10, 17, 9], [18, 23, 19, 24], [20, 4, 21, 3], [22, 15, 23, 16], [7, 1, 8, 24], [2, 6, 3, 5], [4, 22, 5, 21], [13, 7, 14, 6], [8, 12, 9, 11], [10, 18, 11, 17]]"
12n_0508_82,"[[10, 18, 11, 17], [1, 13, 2, 12], [14, 19, 15, 20], [16, 10, 17, 9], [18, 23, 19, 24], [20, 4, 21, 3], [22, 15, 23, 16], [7, 1, 8, 24], [2, 6, 3, 5], [4, 22, 5, 21], [13, 7, 14, 6], [8, 12, 9, 11]]"
12n_0508_83,"[[8, 12, 9, 11], [10, 18, 11, 17], [1, 13, 2, 12], [14, 19, 15, 20], [16, 10, 17, 9], [18, 23, 19, 24], [20, 4, 21, 3], [22, 15, 23, 16], [7, 1, 8, 24], [2, 6, 3, 5], [4, 22, 5, 21], [13, 7, 14, 6]]"
12n_0508_84,"[[14, 8, 15, 7], [9, 13, 10, 12], [11, 19, 12, 18], [2, 14, 3, 13], [15, 20, 16, 21], [17, 11, 18, 10], [19, 24, 20, 1], [21, 5, 22, 4], [23, 16, 24, 17], [8, 2, 9, 1], [3, 7, 4, 6], [5, 23, 6, 22]]"
12n_0508_85,"[[5, 23, 6, 22], [14, 8, 15, 7], [9, 13, 10, 12], [11, 19, 12, 18], [2, 14, 3, 13], [15, 20, 16, 21], [17, 11, 18, 10], [19, 24, 20, 1], [21, 5, 22, 4], [23, 16, 24, 17], [8, 2, 9, 1], [3, 7, 4, 6]]"
12n_0508_86,"[[3, 7, 4, 6], [5, 23, 6, 22], [14, 8, 15, 7], [9, 13, 10, 12], [11, 19, 12, 18], [2, 14, 3, 13], [15, 20, 16, 21], [17, 11, 18, 10], [19, 24, 20, 1], [21, 5, 22, 4], [23, 16, 24, 17], [8, 2, 9, 1]]"
12n_0508_87,"[[8, 2, 9, 1], [3, 7, 4, 6], [5, 23, 6, 22], [14, 8, 15, 7], [9, 13, 10, 12], [11, 19, 12, 18], [2, 14, 3, 13], [15, 20, 16, 21], [17, 11, 18, 10], [19, 24, 20, 1], [21, 5, 22, 4], [23, 16, 24, 17]]"
12n_0508_88,"[[23, 16, 24, 17], [8, 2, 9, 1], [3, 7, 4, 6], [5, 23, 6, 22], [14, 8, 15, 7], [9, 13, 10, 12], [11, 19, 12, 18], [2, 14, 3, 13], [15, 20, 16, 21], [17, 11, 18, 10], [19, 24, 20, 1], [21, 5, 22, 4]]"
12n_0508_89,"[[21, 5, 22, 4], [23, 16, 24, 17], [8, 2, 9, 1], [3, 7, 4, 6], [5, 23, 6, 22], [14, 8, 15, 7], [9, 13, 10, 12], [11, 19, 12, 18], [2, 14, 3, 13], [15, 20, 16, 21], [17, 11, 18, 10], [19, 24, 20, 1]]"
12n_0508_90,"[[19, 24, 20, 1], [21, 5, 22, 4], [23, 16, 24, 17], [8, 2, 9, 1], [3, 7, 4, 6], [5, 23, 6, 22], [14, 8, 15, 7], [9, 13, 10, 12], [11, 19, 12, 18], [2, 14, 3, 13], [15, 20, 16, 21], [17, 11, 18, 10]]"
12n_0508_91,"[[17, 11, 18, 10], [19, 24, 20, 1], [21, 5, 22, 4], [23, 16, 24, 17], [8, 2, 9, 1], [3, 7, 4, 6], [5, 23, 6, 22], [14, 8, 15, 7], [9, 13, 10, 12], [11, 19, 12, 18], [2, 14, 3, 13], [15, 20, 16, 21]]"
12n_0508_92,"[[15, 20, 16, 21], [17, 11, 18, 10], [19, 24, 20, 1], [21, 5, 22, 4], [23, 16, 24, 17], [8, 2, 9, 1], [3, 7, 4, 6], [5, 23, 6, 22], [14, 8, 15, 7], [9, 13, 10, 12], [11, 19, 12, 18], [2, 14, 3, 13]]"
12n_0508_93,"[[2, 14, 3, 13], [15, 20, 16, 21], [17, 11, 18, 10], [19, 24, 20, 1], [21, 5, 22, 4], [23, 16, 24, 17], [8, 2, 9, 1], [3, 7, 4, 6], [5, 23, 6, 22], [14, 8, 15, 7], [9, 13, 10, 12], [11, 19, 12, 18]]"
12n_0508_94,"[[11, 19, 12, 18], [2, 14, 3, 13], [15, 20, 16, 21], [17, 11, 18, 10], [19, 24, 20, 1], [21, 5, 22, 4], [23, 16, 24, 17], [8, 2, 9, 1], [3, 7, 4, 6], [5, 23, 6, 22], [14, 8, 15, 7], [9, 13, 10, 12]]"
12n_0508_95,"[[9, 13, 10, 12], [11, 19, 12, 18], [2, 14, 3, 13], [15, 20, 16, 21], [17, 11, 18, 10], [19, 24, 20, 1], [21, 5, 22, 4], [23, 16, 24, 17], [8, 2, 9, 1], [3, 7, 4, 6], [5, 23, 6, 22], [14, 8, 15, 7]]"
12n_0508_96,"[[15, 9, 16, 8], [10, 14, 11, 13], [12, 20, 13, 19], [3, 15, 4, 14], [16, 21, 17, 22], [18, 12, 19, 11], [20, 1, 21, 2], [22, 6, 23, 5], [24, 17, 1, 18], [9, 3, 10, 2], [4, 8, 5, 7], [6, 24, 7, 23]]"
12n_0508_97,"[[6, 24, 7, 23], [15, 9, 16, 8], [10, 14, 11, 13], [12, 20, 13, 19], [3, 15, 4, 14], [16, 21, 17, 22], [18, 12, 19, 11], [20, 1, 21, 2], [22, 6, 23, 5], [24, 17, 1, 18], [9, 3, 10, 2], [4, 8, 5, 7]]"
12n_0508_98,"[[4, 8, 5, 7], [6, 24, 7, 23], [15, 9, 16, 8], [10, 14, 11, 13], [12, 20, 13, 19], [3, 15, 4, 14], [16, 21, 17, 22], [18, 12, 19, 11], [20, 1, 21, 2], [22, 6, 23, 5], [24, 17, 1, 18], [9, 3, 10, 2]]"
12n_0508_99,"[[9, 3, 10, 2], [4, 8, 5, 7], [6, 24, 7, 23], [15, 9, 16, 8], [10, 14, 11, 13], [12, 20, 13, 19], [3, 15, 4, 14], [16, 21, 17, 22], [18, 12, 19, 11], [20, 1, 21, 2], [22, 6, 23, 5], [24, 17, 1, 18]]"
12n_0508_100,"[[24, 17, 1, 18], [9, 3, 10, 2], [4, 8, 5, 7], [6, 24, 7, 23], [15, 9, 16, 8], [10, 14, 11, 13], [12, 20, 13, 19], [3, 15, 4, 14], [16, 21, 17, 22], [18, 12, 19, 11], [20, 1, 21, 2], [22, 6, 23, 5]]"
12n_0508_101,"[[22, 6, 23, 5], [24, 17, 1, 18], [9, 3, 10, 2], [4, 8, 5, 7], [6, 24, 7, 23], [15, 9, 16, 8], [10, 14, 11, 13], [12, 20, 13, 19], [3, 15, 4, 14], [16, 21, 17, 22], [18, 12, 19, 11], [20, 1, 21, 2]]"
12n_0508_102,"[[20, 1, 21, 2], [22, 6, 23, 5], [24, 17, 1, 18], [9, 3, 10, 2], [4, 8, 5, 7], [6, 24, 7, 23], [15, 9, 16, 8], [10, 14, 11, 13], [12, 20, 13, 19], [3, 15, 4, 14], [16, 21, 17, 22], [18, 12, 19, 11]]"
12n_0508_103,"[[18, 12, 19, 11], [20, 1, 21, 2], [22, 6, 23, 5], [24, 17, 1, 18], [9, 3, 10, 2], [4, 8, 5, 7], [6, 24, 7, 23], [15, 9, 16, 8], [10, 14, 11, 13], [12, 20, 13, 19], [3, 15, 4, 14], [16, 21, 17, 22]]"
12n_0508_104,"[[16, 21, 17, 22], [18, 12, 19, 11], [20, 1, 21, 2], [22, 6, 23, 5], [24, 17, 1, 18], [9, 3, 10, 2], [4, 8, 5, 7], [6, 24, 7, 23], [15, 9, 16, 8], [10, 14, 11, 13], [12, 20, 13, 19], [3, 15, 4, 14]]"
12n_0508_105,"[[3, 15, 4, 14], [16, 21, 17, 22], [18, 12, 19, 11], [20, 1, 21, 2], [22, 6, 23, 5], [24, 17, 1, 18], [9, 3, 10, 2], [4, 8, 5, 7], [6, 24, 7, 23], [15, 9, 16, 8], [10, 14, 11, 13], [12, 20, 13, 19]]"
12n_0508_106,"[[12, 20, 13, 19], [3, 15, 4, 14], [16, 21, 17, 22], [18, 12, 19, 11], [20, 1, 21, 2], [22, 6, 23, 5], [24, 17, 1, 18], [9, 3, 10, 2], [4, 8, 5, 7], [6, 24, 7, 23], [15, 9, 16, 8], [10, 14, 11, 13]]"
12n_0508_107,"[[10, 14, 11, 13], [12, 20, 13, 19], [3, 15, 4, 14], [16, 21, 17, 22], [18, 12, 19, 11], [20, 1, 21, 2], [22, 6, 23, 5], [24, 17, 1, 18], [9, 3, 10, 2], [4, 8, 5, 7], [6, 24, 7, 23], [15, 9, 16, 8]]"
12n_0508_108,"[[16, 10, 17, 9], [11, 15, 12, 14], [13, 21, 14, 20], [4, 16, 5, 15], [17, 22, 18, 23], [19, 13, 20, 12], [21, 2, 22, 3], [23, 7, 24, 6], [1, 18, 2, 19], [10, 4, 11, 3], [5, 9, 6, 8], [7, 1, 8, 24]]"
12n_0508_109,"[[7, 1, 8, 24], [16, 10, 17, 9], [11, 15, 12, 14], [13, 21, 14, 20], [4, 16, 5, 15], [17, 22, 18, 23], [19, 13, 20, 12], [21, 2, 22, 3], [23, 7, 24, 6], [1, 18, 2, 19], [10, 4, 11, 3], [5, 9, 6, 8]]"
12n_0508_110,"[[5, 9, 6, 8], [7, 1, 8, 24], [16, 10, 17, 9], [11, 15, 12, 14], [13, 21, 14, 20], [4, 16, 5, 15], [17, 22, 18, 23], [19, 13, 20, 12], [21, 2, 22, 3], [23, 7, 24, 6], [1, 18, 2, 19], [10, 4, 11, 3]]"
12n_0508_111,"[[10, 4, 11, 3], [5, 9, 6, 8], [7, 1, 8, 24], [16, 10, 17, 9], [11, 15, 12, 14], [13, 21, 14, 20], [4, 16, 5, 15], [17, 22, 18, 23], [19, 13, 20, 12], [21, 2, 22, 3], [23, 7, 24, 6], [1, 18, 2, 19]]"
12n_0508_112,"[[1, 18, 2, 19], [10, 4, 11, 3], [5, 9, 6, 8], [7, 1, 8, 24], [16, 10, 17, 9], [11, 15, 12, 14], [13, 21, 14, 20], [4, 16, 5, 15], [17, 22, 18, 23], [19, 13, 20, 12], [21, 2, 22, 3], [23, 7, 24, 6]]"
12n_0508_113,"[[23, 7, 24, 6], [1, 18, 2, 19], [10, 4, 11, 3], [5, 9, 6, 8], [7, 1, 8, 24], [16, 10, 17, 9], [11, 15, 12, 14], [13, 21, 14, 20], [4, 16, 5, 15], [17, 22, 18, 23], [19, 13, 20, 12], [21, 2, 22, 3]]"
12n_0508_114,"[[21, 2, 22, 3], [23, 7, 24, 6], [1, 18, 2, 19], [10, 4, 11, 3], [5, 9, 6, 8], [7, 1, 8, 24], [16, 10, 17, 9], [11, 15, 12, 14], [13, 21, 14, 20], [4, 16, 5, 15], [17, 22, 18, 23], [19, 13, 20, 12]]"
12n_0508_115,"[[19, 13, 20, 12], [21, 2, 22, 3], [23, 7, 24, 6], [1, 18, 2, 19], [10, 4, 11, 3], [5, 9, 6, 8], [7, 1, 8, 24], [16, 10, 17, 9], [11, 15, 12, 14], [13, 21, 14, 20], [4, 16, 5, 15], [17, 22, 18, 23]]"
12n_0508_116,"[[17, 22, 18, 23], [19, 13, 20, 12], [21, 2, 22, 3], [23, 7, 24, 6], [1, 18, 2, 19], [10, 4, 11, 3], [5, 9, 6, 8], [7, 1, 8, 24], [16, 10, 17, 9], [11, 15, 12, 14], [13, 21, 14, 20], [4, 16, 5, 15]]"
12n_0508_117,"[[4, 16, 5, 15], [17, 22, 18, 23], [19, 13, 20, 12], [21, 2, 22, 3], [23, 7, 24, 6], [1, 18, 2, 19], [10, 4, 11, 3], [5, 9, 6, 8], [7, 1, 8, 24], [16, 10, 17, 9], [11, 15, 12, 14], [13, 21, 14, 20]]"
12n_0508_118,"[[13, 21, 14, 20], [4, 16, 5, 15], [17, 22, 18, 23], [19, 13, 20, 12], [21, 2, 22, 3], [23, 7, 24, 6], [1, 18, 2, 19], [10, 4, 11, 3], [5, 9, 6, 8], [7, 1, 8, 24], [16, 10, 17, 9], [11, 15, 12, 14]]"
12n_0508_119,"[[11, 15, 12, 14], [13, 21, 14, 20], [4, 16, 5, 15], [17, 22, 18, 23], [19, 13, 20, 12], [21, 2, 22, 3], [23, 7, 24, 6], [1, 18, 2, 19], [10, 4, 11, 3], [5, 9, 6, 8], [7, 1, 8, 24], [16, 10, 17, 9]]"
12n_0508_120,"[[17, 11, 18, 10], [12, 16, 13, 15], [14, 22, 15, 21], [5, 17, 6, 16], [18, 23, 19, 24], [20, 14, 21, 13], [22, 3, 23, 4], [24, 8, 1, 7], [2, 19, 3, 20], [11, 5, 12, 4], [6, 10, 7, 9], [8, 2, 9, 1]]"
12n_0508_121,"[[8, 2, 9, 1], [17, 11, 18, 10], [12, 16, 13, 15], [14, 22, 15, 21], [5, 17, 6, 16], [18, 23, 19, 24], [20, 14, 21, 13], [22, 3, 23, 4], [24, 8, 1, 7], [2, 19, 3, 20], [11, 5, 12, 4], [6, 10, 7, 9]]"
12n_0508_122,"[[6, 10, 7, 9], [8, 2, 9, 1], [17, 11, 18, 10], [12, 16, 13, 15], [14, 22, 15, 21], [5, 17, 6, 16], [18, 23, 19, 24], [20, 14, 21, 13], [22, 3, 23, 4], [24, 8, 1, 7], [2, 19, 3, 20], [11, 5, 12, 4]]"
12n_0508_123,"[[11, 5, 12, 4], [6, 10, 7, 9], [8, 2, 9, 1], [17, 11, 18, 10], [12, 16, 13, 15], [14, 22, 15, 21], [5, 17, 6, 16], [18, 23, 19, 24], [20, 14, 21, 13], [22, 3, 23, 4], [24, 8, 1, 7], [2, 19, 3, 20]]"
12n_0508_124,"[[2, 19, 3, 20], [11, 5, 12, 4], [6, 10, 7, 9], [8, 2, 9, 1], [17, 11, 18, 10], [12, 16, 13, 15], [14, 22, 15, 21], [5, 17, 6, 16], [18, 23, 19, 24], [20, 14, 21, 13], [22, 3, 23, 4], [24, 8, 1, 7]]"
12n_0508_125,"[[24, 8, 1, 7], [2, 19, 3, 20], [11, 5, 12, 4], [6, 10, 7, 9], [8, 2, 9, 1], [17, 11, 18, 10], [12, 16, 13, 15], [14, 22, 15, 21], [5, 17, 6, 16], [18, 23, 19, 24], [20, 14, 21, 13], [22, 3, 23, 4]]"
12n_0508_126,"[[22, 3, 23, 4], [24, 8, 1, 7], [2, 19, 3, 20], [11, 5, 12, 4], [6, 10, 7, 9], [8, 2, 9, 1], [17, 11, 18, 10], [12, 16, 13, 15], [14, 22, 15, 21], [5, 17, 6, 16], [18, 23, 19, 24], [20, 14, 21, 13]]"
12n_0508_127,"[[20, 14, 21, 13], [22, 3, 23, 4], [24, 8, 1, 7], [2, 19, 3, 20], [11, 5, 12, 4], [6, 10, 7, 9], [8, 2, 9, 1], [17, 11, 18, 10], [12, 16, 13, 15], [14, 22, 15, 21], [5, 17, 6, 16], [18, 23, 19, 24]]"
12n_0508_128,"[[18, 23, 19, 24], [20, 14, 21, 13], [22, 3, 23, 4], [24, 8, 1, 7], [2, 19, 3, 20], [11, 5, 12, 4], [6, 10, 7, 9], [8, 2, 9, 1], [17, 11, 18, 10], [12, 16, 13, 15], [14, 22, 15, 21], [5, 17, 6, 16]]"
12n_0508_129,"[[5, 17, 6, 16], [18, 23, 19, 24], [20, 14, 21, 13], [22, 3, 23, 4], [24, 8, 1, 7], [2, 19, 3, 20], [11, 5, 12, 4], [6, 10, 7, 9], [8, 2, 9, 1], [17, 11, 18, 10], [12, 16, 13, 15], [14, 22, 15, 21]]"
12n_0508_130,"[[14, 22, 15, 21], [5, 17, 6, 16], [18, 23, 19, 24], [20, 14, 21, 13], [22, 3, 23, 4], [24, 8, 1, 7], [2, 19, 3, 20], [11, 5, 12, 4], [6, 10, 7, 9], [8, 2, 9, 1], [17, 11, 18, 10], [12, 16, 13, 15]]"
12n_0508_131,"[[12, 16, 13, 15], [14, 22, 15, 21], [5, 17, 6, 16], [18, 23, 19, 24], [20, 14, 21, 13], [22, 3, 23, 4], [24, 8, 1, 7], [2, 19, 3, 20], [11, 5, 12, 4], [6, 10, 7, 9], [8, 2, 9, 1], [17, 11, 18, 10]]"
12n_0508_132,"[[18, 12, 19, 11], [13, 17, 14, 16], [15, 23, 16, 22], [6, 18, 7, 17], [19, 24, 20, 1], [21, 15, 22, 14], [23, 4, 24, 5], [1, 9, 2, 8], [3, 20, 4, 21], [12, 6, 13, 5], [7, 11, 8, 10], [9, 3, 10, 2]]"
12n_0508_133,"[[9, 3, 10, 2], [18, 12, 19, 11], [13, 17, 14, 16], [15, 23, 16, 22], [6, 18, 7, 17], [19, 24, 20, 1], [21, 15, 22, 14], [23, 4, 24, 5], [1, 9, 2, 8], [3, 20, 4, 21], [12, 6, 13, 5], [7, 11, 8, 10]]"
12n_0508_134,"[[7, 11, 8, 10], [9, 3, 10, 2], [18, 12, 19, 11], [13, 17, 14, 16], [15, 23, 16, 22], [6, 18, 7, 17], [19, 24, 20, 1], [21, 15, 22, 14], [23, 4, 24, 5], [1, 9, 2, 8], [3, 20, 4, 21], [12, 6, 13, 5]]"
12n_0508_135,"[[12, 6, 13, 5], [7, 11, 8, 10], [9, 3, 10, 2], [18, 12, 19, 11], [13, 17, 14, 16], [15, 23, 16, 22], [6, 18, 7, 17], [19, 24, 20, 1], [21, 15, 22, 14], [23, 4, 24, 5], [1, 9, 2, 8], [3, 20, 4, 21]]"
12n_0508_136,"[[3, 20, 4, 21], [12, 6, 13, 5], [7, 11, 8, 10], [9, 3, 10, 2], [18, 12, 19, 11], [13, 17, 14, 16], [15, 23, 16, 22], [6, 18, 7, 17], [19, 24, 20, 1], [21, 15, 22, 14], [23, 4, 24, 5], [1, 9, 2, 8]]"
12n_0508_137,"[[1, 9, 2, 8], [3, 20, 4, 21], [12, 6, 13, 5], [7, 11, 8, 10], [9, 3, 10, 2], [18, 12, 19, 11], [13, 17, 14, 16], [15, 23, 16, 22], [6, 18, 7, 17], [19, 24, 20, 1], [21, 15, 22, 14], [23, 4, 24, 5]]"
12n_0508_138,"[[23, 4, 24, 5], [1, 9, 2, 8], [3, 20, 4, 21], [12, 6, 13, 5], [7, 11, 8, 10], [9, 3, 10, 2], [18, 12, 19, 11], [13, 17, 14, 16], [15, 23, 16, 22], [6, 18, 7, 17], [19, 24, 20, 1], [21, 15, 22, 14]]"
12n_0508_139,"[[21, 15, 22, 14], [23, 4, 24, 5], [1, 9, 2, 8], [3, 20, 4, 21], [12, 6, 13, 5], [7, 11, 8, 10], [9, 3, 10, 2], [18, 12, 19, 11], [13, 17, 14, 16], [15, 23, 16, 22], [6, 18, 7, 17], [19, 24, 20, 1]]"
12n_0508_140,"[[19, 24, 20, 1], [21, 15, 22, 14], [23, 4, 24, 5], [1, 9, 2, 8], [3, 20, 4, 21], [12, 6, 13, 5], [7, 11, 8, 10], [9, 3, 10, 2], [18, 12, 19, 11], [13, 17, 14, 16], [15, 23, 16, 22], [6, 18, 7, 17]]"
12n_0508_141,"[[6, 18, 7, 17], [19, 24, 20, 1], [21, 15, 22, 14], [23, 4, 24, 5], [1, 9, 2, 8], [3, 20, 4, 21], [12, 6, 13, 5], [7, 11, 8, 10], [9, 3, 10, 2], [18, 12, 19, 11], [13, 17, 14, 16], [15, 23, 16, 22]]"
12n_0508_142,"[[15, 23, 16, 22], [6, 18, 7, 17], [19, 24, 20, 1], [21, 15, 22, 14], [23, 4, 24, 5], [1, 9, 2, 8], [3, 20, 4, 21], [12, 6, 13, 5], [7, 11, 8, 10], [9, 3, 10, 2], [18, 12, 19, 11], [13, 17, 14, 16]]"
12n_0508_143,"[[13, 17, 14, 16], [15, 23, 16, 22], [6, 18, 7, 17], [19, 24, 20, 1], [21, 15, 22, 14], [23, 4, 24, 5], [1, 9, 2, 8], [3, 20, 4, 21], [12, 6, 13, 5], [7, 11, 8, 10], [9, 3, 10, 2], [18, 12, 19, 11]]"
12n_0508_144,"[[19, 13, 20, 12], [14, 18, 15, 17], [16, 24, 17, 23], [7, 19, 8, 18], [20, 1, 21, 2], [22, 16, 23, 15], [24, 5, 1, 6], [2, 10, 3, 9], [4, 21, 5, 22], [13, 7, 14, 6], [8, 12, 9, 11], [10, 4, 11, 3]]"
12n_0508_145,"[[10, 4, 11, 3], [19, 13, 20, 12], [14, 18, 15, 17], [16, 24, 17, 23], [7, 19, 8, 18], [20, 1, 21, 2], [22, 16, 23, 15], [24, 5, 1, 6], [2, 10, 3, 9], [4, 21, 5, 22], [13, 7, 14, 6], [8, 12, 9, 11]]"
12n_0508_146,"[[8, 12, 9, 11], [10, 4, 11, 3], [19, 13, 20, 12], [14, 18, 15, 17], [16, 24, 17, 23], [7, 19, 8, 18], [20, 1, 21, 2], [22, 16, 23, 15], [24, 5, 1, 6], [2, 10, 3, 9], [4, 21, 5, 22], [13, 7, 14, 6]]"
12n_0508_147,"[[13, 7, 14, 6], [8, 12, 9, 11], [10, 4, 11, 3], [19, 13, 20, 12], [14, 18, 15, 17], [16, 24, 17, 23], [7, 19, 8, 18], [20, 1, 21, 2], [22, 16, 23, 15], [24, 5, 1, 6], [2, 10, 3, 9], [4, 21, 5, 22]]"
12n_0508_148,"[[4, 21, 5, 22], [13, 7, 14, 6], [8, 12, 9, 11], [10, 4, 11, 3], [19, 13, 20, 12], [14, 18, 15, 17], [16, 24, 17, 23], [7, 19, 8, 18], [20, 1, 21, 2], [22, 16, 23, 15], [24, 5, 1, 6], [2, 10, 3, 9]]"
12n_0508_149,"[[2, 10, 3, 9], [4, 21, 5, 22], [13, 7, 14, 6], [8, 12, 9, 11], [10, 4, 11, 3], [19, 13, 20, 12], [14, 18, 15, 17], [16, 24, 17, 23], [7, 19, 8, 18], [20, 1, 21, 2], [22, 16, 23, 15], [24, 5, 1, 6]]"
12n_0508_150,"[[24, 5, 1, 6], [2, 10, 3, 9], [4, 21, 5, 22], [13, 7, 14, 6], [8, 12, 9, 11], [10, 4, 11, 3], [19, 13, 20, 12], [14, 18, 15, 17], [16, 24, 17, 23], [7, 19, 8, 18], [20, 1, 21, 2], [22, 16, 23, 15]]"
12n_0508_151,"[[22, 16, 23, 15], [24, 5, 1, 6], [2, 10, 3, 9], [4, 21, 5, 22], [13, 7, 14, 6], [8, 12, 9, 11], [10, 4, 11, 3], [19, 13, 20, 12], [14, 18, 15, 17], [16, 24, 17, 23], [7, 19, 8, 18], [20, 1, 21, 2]]"
12n_0508_152,"[[20, 1, 21, 2], [22, 16, 23, 15], [24, 5, 1, 6], [2, 10, 3, 9], [4, 21, 5, 22], [13, 7, 14, 6], [8, 12, 9, 11], [10, 4, 11, 3], [19, 13, 20, 12], [14, 18, 15, 17], [16, 24, 17, 23], [7, 19, 8, 18]]"
12n_0508_153,"[[7, 19, 8, 18], [20, 1, 21, 2], [22, 16, 23, 15], [24, 5, 1, 6], [2, 10, 3, 9], [4, 21, 5, 22], [13, 7, 14, 6], [8, 12, 9, 11], [10, 4, 11, 3], [19, 13, 20, 12], [14, 18, 15, 17], [16, 24, 17, 23]]"
12n_0508_154,"[[16, 24, 17, 23], [7, 19, 8, 18], [20, 1, 21, 2], [22, 16, 23, 15], [24, 5, 1, 6], [2, 10, 3, 9], [4, 21, 5, 22], [13, 7, 14, 6], [8, 12, 9, 11], [10, 4, 11, 3], [19, 13, 20, 12], [14, 18, 15, 17]]"
12n_0508_155,"[[14, 18, 15, 17], [16, 24, 17, 23], [7, 19, 8, 18], [20, 1, 21, 2], [22, 16, 23, 15], [24, 5, 1, 6], [2, 10, 3, 9], [4, 21, 5, 22], [13, 7, 14, 6], [8, 12, 9, 11], [10, 4, 11, 3], [19, 13, 20, 12]]"
12n_0508_156,"[[20, 14, 21, 13], [15, 19, 16, 18], [17, 1, 18, 24], [8, 20, 9, 19], [21, 2, 22, 3], [23, 17, 24, 16], [1, 6, 2, 7], [3, 11, 4, 10], [5, 22, 6, 23], [14, 8, 15, 7], [9, 13, 10, 12], [11, 5, 12, 4]]"
12n_0508_157,"[[11, 5, 12, 4], [20, 14, 21, 13], [15, 19, 16, 18], [17, 1, 18, 24], [8, 20, 9, 19], [21, 2, 22, 3], [23, 17, 24, 16], [1, 6, 2, 7], [3, 11, 4, 10], [5, 22, 6, 23], [14, 8, 15, 7], [9, 13, 10, 12]]"
12n_0508_158,"[[9, 13, 10, 12], [11, 5, 12, 4], [20, 14, 21, 13], [15, 19, 16, 18], [17, 1, 18, 24], [8, 20, 9, 19], [21, 2, 22, 3], [23, 17, 24, 16], [1, 6, 2, 7], [3, 11, 4, 10], [5, 22, 6, 23], [14, 8, 15, 7]]"
12n_0508_159,"[[14, 8, 15, 7], [9, 13, 10, 12], [11, 5, 12, 4], [20, 14, 21, 13], [15, 19, 16, 18], [17, 1, 18, 24], [8, 20, 9, 19], [21, 2, 22, 3], [23, 17, 24, 16], [1, 6, 2, 7], [3, 11, 4, 10], [5, 22, 6, 23]]"
12n_0508_160,"[[5, 22, 6, 23], [14, 8, 15, 7], [9, 13, 10, 12], [11, 5, 12, 4], [20, 14, 21, 13], [15, 19, 16, 18], [17, 1, 18, 24], [8, 20, 9, 19], [21, 2, 22, 3], [23, 17, 24, 16], [1, 6, 2, 7], [3, 11, 4, 10]]"
12n_0508_161,"[[3, 11, 4, 10], [5, 22, 6, 23], [14, 8, 15, 7], [9, 13, 10, 12], [11, 5, 12, 4], [20, 14, 21, 13], [15, 19, 16, 18], [17, 1, 18, 24], [8, 20, 9, 19], [21, 2, 22, 3], [23, 17, 24, 16], [1, 6, 2, 7]]"
12n_0508_162,"[[1, 6, 2, 7], [3, 11, 4, 10], [5, 22, 6, 23], [14, 8, 15, 7], [9, 13, 10, 12], [11, 5, 12, 4], [20, 14, 21, 13], [15, 19, 16, 18], [17, 1, 18, 24], [8, 20, 9, 19], [21, 2, 22, 3], [23, 17, 24, 16]]"
12n_0508_163,"[[23, 17, 24, 16], [1, 6, 2, 7], [3, 11, 4, 10], [5, 22, 6, 23], [14, 8, 15, 7], [9, 13, 10, 12], [11, 5, 12, 4], [20, 14, 21, 13], [15, 19, 16, 18], [17, 1, 18, 24], [8, 20, 9, 19], [21, 2, 22, 3]]"
12n_0508_164,"[[21, 2, 22, 3], [23, 17, 24, 16], [1, 6, 2, 7], [3, 11, 4, 10], [5, 22, 6, 23], [14, 8, 15, 7], [9, 13, 10, 12], [11, 5, 12, 4], [20, 14, 21, 13], [15, 19, 16, 18], [17, 1, 18, 24], [8, 20, 9, 19]]"
12n_0508_165,"[[8, 20, 9, 19], [21, 2, 22, 3], [23, 17, 24, 16], [1, 6, 2, 7], [3, 11, 4, 10], [5, 22, 6, 23], [14, 8, 15, 7], [9, 13, 10, 12], [11, 5, 12, 4], [20, 14, 21, 13], [15, 19, 16, 18], [17, 1, 18, 24]]"
12n_0508_166,"[[17, 1, 18, 24], [8, 20, 9, 19], [21, 2, 22, 3], [23, 17, 24, 16], [1, 6, 2, 7], [3, 11, 4, 10], [5, 22, 6, 23], [14, 8, 15, 7], [9, 13, 10, 12], [11, 5, 12, 4], [20, 14, 21, 13], [15, 19, 16, 18]]"
12n_0508_167,"[[15, 19, 16, 18], [17, 1, 18, 24], [8, 20, 9, 19], [21, 2, 22, 3], [23, 17, 24, 16], [1, 6, 2, 7], [3, 11, 4, 10], [5, 22, 6, 23], [14, 8, 15, 7], [9, 13, 10, 12], [11, 5, 12, 4], [20, 14, 21, 13]]"
12n_0508_168,"[[21, 15, 22, 14], [16, 20, 17, 19], [18, 2, 19, 1], [9, 21, 10, 20], [22, 3, 23, 4], [24, 18, 1, 17], [2, 7, 3, 8], [4, 12, 5, 11], [6, 23, 7, 24], [15, 9, 16, 8], [10, 14, 11, 13], [12, 6, 13, 5]]"
12n_0508_169,"[[12, 6, 13, 5], [21, 15, 22, 14], [16, 20, 17, 19], [18, 2, 19, 1], [9, 21, 10, 20], [22, 3, 23, 4], [24, 18, 1, 17], [2, 7, 3, 8], [4, 12, 5, 11], [6, 23, 7, 24], [15, 9, 16, 8], [10, 14, 11, 13]]"
12n_0508_170,"[[10, 14, 11, 13], [12, 6, 13, 5], [21, 15, 22, 14], [16, 20, 17, 19], [18, 2, 19, 1], [9, 21, 10, 20], [22, 3, 23, 4], [24, 18, 1, 17], [2, 7, 3, 8], [4, 12, 5, 11], [6, 23, 7, 24], [15, 9, 16, 8]]"
12n_0508_171,"[[15, 9, 16, 8], [10, 14, 11, 13], [12, 6, 13, 5], [21, 15, 22, 14], [16, 20, 17, 19], [18, 2, 19, 1], [9, 21, 10, 20], [22, 3, 23, 4], [24, 18, 1, 17], [2, 7, 3, 8], [4, 12, 5, 11], [6, 23, 7, 24]]"
12n_0508_172,"[[6, 23, 7, 24], [15, 9, 16, 8], [10, 14, 11, 13], [12, 6, 13, 5], [21, 15, 22, 14], [16, 20, 17, 19], [18, 2, 19, 1], [9, 21, 10, 20], [22, 3, 23, 4], [24, 18, 1, 17], [2, 7, 3, 8], [4, 12, 5, 11]]"
12n_0508_173,"[[4, 12, 5, 11], [6, 23, 7, 24], [15, 9, 16, 8], [10, 14, 11, 13], [12, 6, 13, 5], [21, 15, 22, 14], [16, 20, 17, 19], [18, 2, 19, 1], [9, 21, 10, 20], [22, 3, 23, 4], [24, 18, 1, 17], [2, 7, 3, 8]]"
12n_0508_174,"[[2, 7, 3, 8], [4, 12, 5, 11], [6, 23, 7, 24], [15, 9, 16, 8], [10, 14, 11, 13], [12, 6, 13, 5], [21, 15, 22, 14], [16, 20, 17, 19], [18, 2, 19, 1], [9, 21, 10, 20], [22, 3, 23, 4], [24, 18, 1, 17]]"
12n_0508_175,"[[24, 18, 1, 17], [2, 7, 3, 8], [4, 12, 5, 11], [6, 23, 7, 24], [15, 9, 16, 8], [10, 14, 11, 13], [12, 6, 13, 5], [21, 15, 22, 14], [16, 20, 17, 19], [18, 2, 19, 1], [9, 21, 10, 20], [22, 3, 23, 4]]"
12n_0508_176,"[[22, 3, 23, 4], [24, 18, 1, 17], [2, 7, 3, 8], [4, 12, 5, 11], [6, 23, 7, 24], [15, 9, 16, 8], [10, 14, 11, 13], [12, 6, 13, 5], [21, 15, 22, 14], [16, 20, 17, 19], [18, 2, 19, 1], [9, 21, 10, 20]]"
12n_0508_177,"[[9, 21, 10, 20], [22, 3, 23, 4], [24, 18, 1, 17], [2, 7, 3, 8], [4, 12, 5, 11], [6, 23, 7, 24], [15, 9, 16, 8], [10, 14, 11, 13], [12, 6, 13, 5], [21, 15, 22, 14], [16, 20, 17, 19], [18, 2, 19, 1]]"
12n_0508_178,"[[18, 2, 19, 1], [9, 21, 10, 20], [22, 3, 23, 4], [24, 18, 1, 17], [2, 7, 3, 8], [4, 12, 5, 11], [6, 23, 7, 24], [15, 9, 16, 8], [10, 14, 11, 13], [12, 6, 13, 5], [21, 15, 22, 14], [16, 20, 17, 19]]"
12n_0508_179,"[[16, 20, 17, 19], [18, 2, 19, 1], [9, 21, 10, 20], [22, 3, 23, 4], [24, 18, 1, 17], [2, 7, 3, 8], [4, 12, 5, 11], [6, 23, 7, 24], [15, 9, 16, 8], [10, 14, 11, 13], [12, 6, 13, 5], [21, 15, 22, 14]]"
12n_0508_180,"[[22, 16, 23, 15], [17, 21, 18, 20], [19, 3, 20, 2], [10, 22, 11, 21], [23, 4, 24, 5], [1, 19, 2, 18], [3, 8, 4, 9], [5, 13, 6, 12], [7, 24, 8, 1], [16, 10, 17, 9], [11, 15, 12, 14], [13, 7, 14, 6]]"
12n_0508_181,"[[13, 7, 14, 6], [22, 16, 23, 15], [17, 21, 18, 20], [19, 3, 20, 2], [10, 22, 11, 21], [23, 4, 24, 5], [1, 19, 2, 18], [3, 8, 4, 9], [5, 13, 6, 12], [7, 24, 8, 1], [16, 10, 17, 9], [11, 15, 12, 14]]"
12n_0508_182,"[[11, 15, 12, 14], [13, 7, 14, 6], [22, 16, 23, 15], [17, 21, 18, 20], [19, 3, 20, 2], [10, 22, 11, 21], [23, 4, 24, 5], [1, 19, 2, 18], [3, 8, 4, 9], [5, 13, 6, 12], [7, 24, 8, 1], [16, 10, 17, 9]]"
12n_0508_183,"[[16, 10, 17, 9], [11, 15, 12, 14], [13, 7, 14, 6], [22, 16, 23, 15], [17, 21, 18, 20], [19, 3, 20, 2], [10, 22, 11, 21], [23, 4, 24, 5], [1, 19, 2, 18], [3, 8, 4, 9], [5, 13, 6, 12], [7, 24, 8, 1]]"
12n_0508_184,"[[7, 24, 8, 1], [16, 10, 17, 9], [11, 15, 12, 14], [13, 7, 14, 6], [22, 16, 23, 15], [17, 21, 18, 20], [19, 3, 20, 2], [10, 22, 11, 21], [23, 4, 24, 5], [1, 19, 2, 18], [3, 8, 4, 9], [5, 13, 6, 12]]"
12n_0508_185,"[[5, 13, 6, 12], [7, 24, 8, 1], [16, 10, 17, 9], [11, 15, 12, 14], [13, 7, 14, 6], [22, 16, 23, 15], [17, 21, 18, 20], [19, 3, 20, 2], [10, 22, 11, 21], [23, 4, 24, 5], [1, 19, 2, 18], [3, 8, 4, 9]]"
