name,pd_notation
12n_0491_0,"[[13, 24, 14, 1], [2, 6, 3, 5], [4, 12, 5, 11], [17, 6, 18, 7], [21, 9, 22, 8], [10, 4, 11, 3], [19, 12, 20, 13], [23, 14, 24, 15], [9, 16, 10, 17], [1, 18, 2, 19], [15, 20, 16, 21], [7, 23, 8, 22]]"
12n_0491_1,"[[7, 23, 8, 22], [13, 24, 14, 1], [2, 6, 3, 5], [4, 12, 5, 11], [17, 6, 18, 7], [21, 9, 22, 8], [10, 4, 11, 3], [19, 12, 20, 13], [23, 14, 24, 15], [9, 16, 10, 17], [1, 18, 2, 19], [15, 20, 16, 21]]"
12n_0491_2,"[[15, 20, 16, 21], [7, 23, 8, 22], [13, 24, 14, 1], [2, 6, 3, 5], [4, 12, 5, 11], [17, 6, 18, 7], [21, 9, 22, 8], [10, 4, 11, 3], [19, 12, 20, 13], [23, 14, 24, 15], [9, 16, 10, 17], [1, 18, 2, 19]]"
12n_0491_3,"[[1, 18, 2, 19], [15, 20, 16, 21], [7, 23, 8, 22], [13, 24, 14, 1], [2, 6, 3, 5], [4, 12, 5, 11], [17, 6, 18, 7], [21, 9, 22, 8], [10, 4, 11, 3], [19, 12, 20, 13], [23, 14, 24, 15], [9, 16, 10, 17]]"
12n_0491_4,"[[9, 16, 10, 17], [1, 18, 2, 19], [15, 20, 16, 21], [7, 23, 8, 22], [13, 24, 14, 1], [2, 6, 3, 5], [4, 12, 5, 11], [17, 6, 18, 7], [21, 9, 22, 8], [10, 4, 11, 3], [19, 12, 20, 13], [23, 14, 24, 15]]"
12n_0491_5,"[[23, 14, 24, 15], [9, 16, 10, 17], [1, 18, 2, 19], [15, 20, 16, 21], [7, 23, 8, 22], [13, 24, 14, 1], [2, 6, 3, 5], [4, 12, 5, 11], [17, 6, 18, 7], [21, 9, 22, 8], [10, 4, 11, 3], [19, 12, 20, 13]]"
12n_0491_6,"[[19, 12, 20, 13], [23, 14, 24, 15], [9, 16, 10, 17], [1, 18, 2, 19], [15, 20, 16, 21], [7, 23, 8, 22], [13, 24, 14, 1], [2, 6, 3, 5], [4, 12, 5, 11], [17, 6, 18, 7], [21, 9, 22, 8], [10, 4, 11, 3]]"
12n_0491_7,"[[10, 4, 11, 3], [19, 12, 20, 13], [23, 14, 24, 15], [9, 16, 10, 17], [1, 18, 2, 19], [15, 20, 16, 21], [7, 23, 8, 22], [13, 24, 14, 1], [2, 6, 3, 5], [4, 12, 5, 11], [17, 6, 18, 7], [21, 9, 22, 8]]"
12n_0491_8,"[[21, 9, 22, 8], [10, 4, 11, 3], [19, 12, 20, 13], [23, 14, 24, 15], [9, 16, 10, 17], [1, 18, 2, 19], [15, 20, 16, 21], [7, 23, 8, 22], [13, 24, 14, 1], [2, 6, 3, 5], [4, 12, 5, 11], [17, 6, 18, 7]]"
12n_0491_9,"[[17, 6, 18, 7], [21, 9, 22, 8], [10, 4, 11, 3], [19, 12, 20, 13], [23, 14, 24, 15], [9, 16, 10, 17], [1, 18, 2, 19], [15, 20, 16, 21], [7, 23, 8, 22], [13, 24, 14, 1], [2, 6, 3, 5], [4, 12, 5, 11]]"
12n_0491_10,"[[4, 12, 5, 11], [17, 6, 18, 7], [21, 9, 22, 8], [10, 4, 11, 3], [19, 12, 20, 13], [23, 14, 24, 15], [9, 16, 10, 17], [1, 18, 2, 19], [15, 20, 16, 21], [7, 23, 8, 22], [13, 24, 14, 1], [2, 6, 3, 5]]"
12n_0491_11,"[[2, 6, 3, 5], [4, 12, 5, 11], [17, 6, 18, 7], [21, 9, 22, 8], [10, 4, 11, 3], [19, 12, 20, 13], [23, 14, 24, 15], [9, 16, 10, 17], [1, 18, 2, 19], [15, 20, 16, 21], [7, 23, 8, 22], [13, 24, 14, 1]]"
12n_0491_12,"[[14, 1, 15, 2], [3, 7, 4, 6], [5, 13, 6, 12], [18, 7, 19, 8], [22, 10, 23, 9], [11, 5, 12, 4], [20, 13, 21, 14], [24, 15, 1, 16], [10, 17, 11, 18], [2, 19, 3, 20], [16, 21, 17, 22], [8, 24, 9, 23]]"
12n_0491_13,"[[8, 24, 9, 23], [14, 1, 15, 2], [3, 7, 4, 6], [5, 13, 6, 12], [18, 7, 19, 8], [22, 10, 23, 9], [11, 5, 12, 4], [20, 13, 21, 14], [24, 15, 1, 16], [10, 17, 11, 18], [2, 19, 3, 20], [16, 21, 17, 22]]"
12n_0491_14,"[[16, 21, 17, 22], [8, 24, 9, 23], [14, 1, 15, 2], [3, 7, 4, 6], [5, 13, 6, 12], [18, 7, 19, 8], [22, 10, 23, 9], [11, 5, 12, 4], [20, 13, 21, 14], [24, 15, 1, 16], [10, 17, 11, 18], [2, 19, 3, 20]]"
12n_0491_15,"[[2, 19, 3, 20], [16, 21, 17, 22], [8, 24, 9, 23], [14, 1, 15, 2], [3, 7, 4, 6], [5, 13, 6, 12], [18, 7, 19, 8], [22, 10, 23, 9], [11, 5, 12, 4], [20, 13, 21, 14], [24, 15, 1, 16], [10, 17, 11, 18]]"
12n_0491_16,"[[10, 17, 11, 18], [2, 19, 3, 20], [16, 21, 17, 22], [8, 24, 9, 23], [14, 1, 15, 2], [3, 7, 4, 6], [5, 13, 6, 12], [18, 7, 19, 8], [22, 10, 23, 9], [11, 5, 12, 4], [20, 13, 21, 14], [24, 15, 1, 16]]"
12n_0491_17,"[[24, 15, 1, 16], [10, 17, 11, 18], [2, 19, 3, 20], [16, 21, 17, 22], [8, 24, 9, 23], [14, 1, 15, 2], [3, 7, 4, 6], [5, 13, 6, 12], [18, 7, 19, 8], [22, 10, 23, 9], [11, 5, 12, 4], [20, 13, 21, 14]]"
12n_0491_18,"[[20, 13, 21, 14], [24, 15, 1, 16], [10, 17, 11, 18], [2, 19, 3, 20], [16, 21, 17, 22], [8, 24, 9, 23], [14, 1, 15, 2], [3, 7, 4, 6], [5, 13, 6, 12], [18, 7, 19, 8], [22, 10, 23, 9], [11, 5, 12, 4]]"
12n_0491_19,"[[11, 5, 12, 4], [20, 13, 21, 14], [24, 15, 1, 16], [10, 17, 11, 18], [2, 19, 3, 20], [16, 21, 17, 22], [8, 24, 9, 23], [14, 1, 15, 2], [3, 7, 4, 6], [5, 13, 6, 12], [18, 7, 19, 8], [22, 10, 23, 9]]"
12n_0491_20,"[[22, 10, 23, 9], [11, 5, 12, 4], [20, 13, 21, 14], [24, 15, 1, 16], [10, 17, 11, 18], [2, 19, 3, 20], [16, 21, 17, 22], [8, 24, 9, 23], [14, 1, 15, 2], [3, 7, 4, 6], [5, 13, 6, 12], [18, 7, 19, 8]]"
12n_0491_21,"[[18, 7, 19, 8], [22, 10, 23, 9], [11, 5, 12, 4], [20, 13, 21, 14], [24, 15, 1, 16], [10, 17, 11, 18], [2, 19, 3, 20], [16, 21, 17, 22], [8, 24, 9, 23], [14, 1, 15, 2], [3, 7, 4, 6], [5, 13, 6, 12]]"
12n_0491_22,"[[5, 13, 6, 12], [18, 7, 19, 8], [22, 10, 23, 9], [11, 5, 12, 4], [20, 13, 21, 14], [24, 15, 1, 16], [10, 17, 11, 18], [2, 19, 3, 20], [16, 21, 17, 22], [8, 24, 9, 23], [14, 1, 15, 2], [3, 7, 4, 6]]"
12n_0491_23,"[[3, 7, 4, 6], [5, 13, 6, 12], [18, 7, 19, 8], [22, 10, 23, 9], [11, 5, 12, 4], [20, 13, 21, 14], [24, 15, 1, 16], [10, 17, 11, 18], [2, 19, 3, 20], [16, 21, 17, 22], [8, 24, 9, 23], [14, 1, 15, 2]]"
12n_0491_24,"[[15, 2, 16, 3], [4, 8, 5, 7], [6, 14, 7, 13], [19, 8, 20, 9], [23, 11, 24, 10], [12, 6, 13, 5], [21, 14, 22, 15], [1, 16, 2, 17], [11, 18, 12, 19], [3, 20, 4, 21], [17, 22, 18, 23], [9, 1, 10, 24]]"
12n_0491_25,"[[9, 1, 10, 24], [15, 2, 16, 3], [4, 8, 5, 7], [6, 14, 7, 13], [19, 8, 20, 9], [23, 11, 24, 10], [12, 6, 13, 5], [21, 14, 22, 15], [1, 16, 2, 17], [11, 18, 12, 19], [3, 20, 4, 21], [17, 22, 18, 23]]"
12n_0491_26,"[[17, 22, 18, 23], [9, 1, 10, 24], [15, 2, 16, 3], [4, 8, 5, 7], [6, 14, 7, 13], [19, 8, 20, 9], [23, 11, 24, 10], [12, 6, 13, 5], [21, 14, 22, 15], [1, 16, 2, 17], [11, 18, 12, 19], [3, 20, 4, 21]]"
12n_0491_27,"[[3, 20, 4, 21], [17, 22, 18, 23], [9, 1, 10, 24], [15, 2, 16, 3], [4, 8, 5, 7], [6, 14, 7, 13], [19, 8, 20, 9], [23, 11, 24, 10], [12, 6, 13, 5], [21, 14, 22, 15], [1, 16, 2, 17], [11, 18, 12, 19]]"
12n_0491_28,"[[11, 18, 12, 19], [3, 20, 4, 21], [17, 22, 18, 23], [9, 1, 10, 24], [15, 2, 16, 3], [4, 8, 5, 7], [6, 14, 7, 13], [19, 8, 20, 9], [23, 11, 24, 10], [12, 6, 13, 5], [21, 14, 22, 15], [1, 16, 2, 17]]"
12n_0491_29,"[[1, 16, 2, 17], [11, 18, 12, 19], [3, 20, 4, 21], [17, 22, 18, 23], [9, 1, 10, 24], [15, 2, 16, 3], [4, 8, 5, 7], [6, 14, 7, 13], [19, 8, 20, 9], [23, 11, 24, 10], [12, 6, 13, 5], [21, 14, 22, 15]]"
12n_0491_30,"[[21, 14, 22, 15], [1, 16, 2, 17], [11, 18, 12, 19], [3, 20, 4, 21], [17, 22, 18, 23], [9, 1, 10, 24], [15, 2, 16, 3], [4, 8, 5, 7], [6, 14, 7, 13], [19, 8, 20, 9], [23, 11, 24, 10], [12, 6, 13, 5]]"
12n_0491_31,"[[12, 6, 13, 5], [21, 14, 22, 15], [1, 16, 2, 17], [11, 18, 12, 19], [3, 20, 4, 21], [17, 22, 18, 23], [9, 1, 10, 24], [15, 2, 16, 3], [4, 8, 5, 7], [6, 14, 7, 13], [19, 8, 20, 9], [23, 11, 24, 10]]"
12n_0491_32,"[[23, 11, 24, 10], [12, 6, 13, 5], [21, 14, 22, 15], [1, 16, 2, 17], [11, 18, 12, 19], [3, 20, 4, 21], [17, 22, 18, 23], [9, 1, 10, 24], [15, 2, 16, 3], [4, 8, 5, 7], [6, 14, 7, 13], [19, 8, 20, 9]]"
12n_0491_33,"[[19, 8, 20, 9], [23, 11, 24, 10], [12, 6, 13, 5], [21, 14, 22, 15], [1, 16, 2, 17], [11, 18, 12, 19], [3, 20, 4, 21], [17, 22, 18, 23], [9, 1, 10, 24], [15, 2, 16, 3], [4, 8, 5, 7], [6, 14, 7, 13]]"
12n_0491_34,"[[6, 14, 7, 13], [19, 8, 20, 9], [23, 11, 24, 10], [12, 6, 13, 5], [21, 14, 22, 15], [1, 16, 2, 17], [11, 18, 12, 19], [3, 20, 4, 21], [17, 22, 18, 23], [9, 1, 10, 24], [15, 2, 16, 3], [4, 8, 5, 7]]"
12n_0491_35,"[[4, 8, 5, 7], [6, 14, 7, 13], [19, 8, 20, 9], [23, 11, 24, 10], [12, 6, 13, 5], [21, 14, 22, 15], [1, 16, 2, 17], [11, 18, 12, 19], [3, 20, 4, 21], [17, 22, 18, 23], [9, 1, 10, 24], [15, 2, 16, 3]]"
12n_0491_36,"[[16, 3, 17, 4], [5, 9, 6, 8], [7, 15, 8, 14], [20, 9, 21, 10], [24, 12, 1, 11], [13, 7, 14, 6], [22, 15, 23, 16], [2, 17, 3, 18], [12, 19, 13, 20], [4, 21, 5, 22], [18, 23, 19, 24], [10, 2, 11, 1]]"
12n_0491_37,"[[10, 2, 11, 1], [16, 3, 17, 4], [5, 9, 6, 8], [7, 15, 8, 14], [20, 9, 21, 10], [24, 12, 1, 11], [13, 7, 14, 6], [22, 15, 23, 16], [2, 17, 3, 18], [12, 19, 13, 20], [4, 21, 5, 22], [18, 23, 19, 24]]"
12n_0491_38,"[[18, 23, 19, 24], [10, 2, 11, 1], [16, 3, 17, 4], [5, 9, 6, 8], [7, 15, 8, 14], [20, 9, 21, 10], [24, 12, 1, 11], [13, 7, 14, 6], [22, 15, 23, 16], [2, 17, 3, 18], [12, 19, 13, 20], [4, 21, 5, 22]]"
12n_0491_39,"[[4, 21, 5, 22], [18, 23, 19, 24], [10, 2, 11, 1], [16, 3, 17, 4], [5, 9, 6, 8], [7, 15, 8, 14], [20, 9, 21, 10], [24, 12, 1, 11], [13, 7, 14, 6], [22, 15, 23, 16], [2, 17, 3, 18], [12, 19, 13, 20]]"
12n_0491_40,"[[12, 19, 13, 20], [4, 21, 5, 22], [18, 23, 19, 24], [10, 2, 11, 1], [16, 3, 17, 4], [5, 9, 6, 8], [7, 15, 8, 14], [20, 9, 21, 10], [24, 12, 1, 11], [13, 7, 14, 6], [22, 15, 23, 16], [2, 17, 3, 18]]"
12n_0491_41,"[[2, 17, 3, 18], [12, 19, 13, 20], [4, 21, 5, 22], [18, 23, 19, 24], [10, 2, 11, 1], [16, 3, 17, 4], [5, 9, 6, 8], [7, 15, 8, 14], [20, 9, 21, 10], [24, 12, 1, 11], [13, 7, 14, 6], [22, 15, 23, 16]]"
12n_0491_42,"[[22, 15, 23, 16], [2, 17, 3, 18], [12, 19, 13, 20], [4, 21, 5, 22], [18, 23, 19, 24], [10, 2, 11, 1], [16, 3, 17, 4], [5, 9, 6, 8], [7, 15, 8, 14], [20, 9, 21, 10], [24, 12, 1, 11], [13, 7, 14, 6]]"
12n_0491_43,"[[13, 7, 14, 6], [22, 15, 23, 16], [2, 17, 3, 18], [12, 19, 13, 20], [4, 21, 5, 22], [18, 23, 19, 24], [10, 2, 11, 1], [16, 3, 17, 4], [5, 9, 6, 8], [7, 15, 8, 14], [20, 9, 21, 10], [24, 12, 1, 11]]"
12n_0491_44,"[[24, 12, 1, 11], [13, 7, 14, 6], [22, 15, 23, 16], [2, 17, 3, 18], [12, 19, 13, 20], [4, 21, 5, 22], [18, 23, 19, 24], [10, 2, 11, 1], [16, 3, 17, 4], [5, 9, 6, 8], [7, 15, 8, 14], [20, 9, 21, 10]]"
12n_0491_45,"[[20, 9, 21, 10], [24, 12, 1, 11], [13, 7, 14, 6], [22, 15, 23, 16], [2, 17, 3, 18], [12, 19, 13, 20], [4, 21, 5, 22], [18, 23, 19, 24], [10, 2, 11, 1], [16, 3, 17, 4], [5, 9, 6, 8], [7, 15, 8, 14]]"
12n_0491_46,"[[7, 15, 8, 14], [20, 9, 21, 10], [24, 12, 1, 11], [13, 7, 14, 6], [22, 15, 23, 16], [2, 17, 3, 18], [12, 19, 13, 20], [4, 21, 5, 22], [18, 23, 19, 24], [10, 2, 11, 1], [16, 3, 17, 4], [5, 9, 6, 8]]"
12n_0491_47,"[[5, 9, 6, 8], [7, 15, 8, 14], [20, 9, 21, 10], [24, 12, 1, 11], [13, 7, 14, 6], [22, 15, 23, 16], [2, 17, 3, 18], [12, 19, 13, 20], [4, 21, 5, 22], [18, 23, 19, 24], [10, 2, 11, 1], [16, 3, 17, 4]]"
12n_0491_48,"[[17, 4, 18, 5], [6, 10, 7, 9], [8, 16, 9, 15], [21, 10, 22, 11], [1, 13, 2, 12], [14, 8, 15, 7], [23, 16, 24, 17], [3, 18, 4, 19], [13, 20, 14, 21], [5, 22, 6, 23], [19, 24, 20, 1], [11, 3, 12, 2]]"
12n_0491_49,"[[11, 3, 12, 2], [17, 4, 18, 5], [6, 10, 7, 9], [8, 16, 9, 15], [21, 10, 22, 11], [1, 13, 2, 12], [14, 8, 15, 7], [23, 16, 24, 17], [3, 18, 4, 19], [13, 20, 14, 21], [5, 22, 6, 23], [19, 24, 20, 1]]"
12n_0491_50,"[[19, 24, 20, 1], [11, 3, 12, 2], [17, 4, 18, 5], [6, 10, 7, 9], [8, 16, 9, 15], [21, 10, 22, 11], [1, 13, 2, 12], [14, 8, 15, 7], [23, 16, 24, 17], [3, 18, 4, 19], [13, 20, 14, 21], [5, 22, 6, 23]]"
12n_0491_51,"[[5, 22, 6, 23], [19, 24, 20, 1], [11, 3, 12, 2], [17, 4, 18, 5], [6, 10, 7, 9], [8, 16, 9, 15], [21, 10, 22, 11], [1, 13, 2, 12], [14, 8, 15, 7], [23, 16, 24, 17], [3, 18, 4, 19], [13, 20, 14, 21]]"
12n_0491_52,"[[13, 20, 14, 21], [5, 22, 6, 23], [19, 24, 20, 1], [11, 3, 12, 2], [17, 4, 18, 5], [6, 10, 7, 9], [8, 16, 9, 15], [21, 10, 22, 11], [1, 13, 2, 12], [14, 8, 15, 7], [23, 16, 24, 17], [3, 18, 4, 19]]"
12n_0491_53,"[[3, 18, 4, 19], [13, 20, 14, 21], [5, 22, 6, 23], [19, 24, 20, 1], [11, 3, 12, 2], [17, 4, 18, 5], [6, 10, 7, 9], [8, 16, 9, 15], [21, 10, 22, 11], [1, 13, 2, 12], [14, 8, 15, 7], [23, 16, 24, 17]]"
12n_0491_54,"[[23, 16, 24, 17], [3, 18, 4, 19], [13, 20, 14, 21], [5, 22, 6, 23], [19, 24, 20, 1], [11, 3, 12, 2], [17, 4, 18, 5], [6, 10, 7, 9], [8, 16, 9, 15], [21, 10, 22, 11], [1, 13, 2, 12], [14, 8, 15, 7]]"
12n_0491_55,"[[14, 8, 15, 7], [23, 16, 24, 17], [3, 18, 4, 19], [13, 20, 14, 21], [5, 22, 6, 23], [19, 24, 20, 1], [11, 3, 12, 2], [17, 4, 18, 5], [6, 10, 7, 9], [8, 16, 9, 15], [21, 10, 22, 11], [1, 13, 2, 12]]"
12n_0491_56,"[[1, 13, 2, 12], [14, 8, 15, 7], [23, 16, 24, 17], [3, 18, 4, 19], [13, 20, 14, 21], [5, 22, 6, 23], [19, 24, 20, 1], [11, 3, 12, 2], [17, 4, 18, 5], [6, 10, 7, 9], [8, 16, 9, 15], [21, 10, 22, 11]]"
12n_0491_57,"[[21, 10, 22, 11], [1, 13, 2, 12], [14, 8, 15, 7], [23, 16, 24, 17], [3, 18, 4, 19], [13, 20, 14, 21], [5, 22, 6, 23], [19, 24, 20, 1], [11, 3, 12, 2], [17, 4, 18, 5], [6, 10, 7, 9], [8, 16, 9, 15]]"
12n_0491_58,"[[8, 16, 9, 15], [21, 10, 22, 11], [1, 13, 2, 12], [14, 8, 15, 7], [23, 16, 24, 17], [3, 18, 4, 19], [13, 20, 14, 21], [5, 22, 6, 23], [19, 24, 20, 1], [11, 3, 12, 2], [17, 4, 18, 5], [6, 10, 7, 9]]"
12n_0491_59,"[[6, 10, 7, 9], [8, 16, 9, 15], [21, 10, 22, 11], [1, 13, 2, 12], [14, 8, 15, 7], [23, 16, 24, 17], [3, 18, 4, 19], [13, 20, 14, 21], [5, 22, 6, 23], [19, 24, 20, 1], [11, 3, 12, 2], [17, 4, 18, 5]]"
12n_0491_60,"[[18, 5, 19, 6], [7, 11, 8, 10], [9, 17, 10, 16], [22, 11, 23, 12], [2, 14, 3, 13], [15, 9, 16, 8], [24, 17, 1, 18], [4, 19, 5, 20], [14, 21, 15, 22], [6, 23, 7, 24], [20, 1, 21, 2], [12, 4, 13, 3]]"
12n_0491_61,"[[12, 4, 13, 3], [18, 5, 19, 6], [7, 11, 8, 10], [9, 17, 10, 16], [22, 11, 23, 12], [2, 14, 3, 13], [15, 9, 16, 8], [24, 17, 1, 18], [4, 19, 5, 20], [14, 21, 15, 22], [6, 23, 7, 24], [20, 1, 21, 2]]"
12n_0491_62,"[[20, 1, 21, 2], [12, 4, 13, 3], [18, 5, 19, 6], [7, 11, 8, 10], [9, 17, 10, 16], [22, 11, 23, 12], [2, 14, 3, 13], [15, 9, 16, 8], [24, 17, 1, 18], [4, 19, 5, 20], [14, 21, 15, 22], [6, 23, 7, 24]]"
12n_0491_63,"[[6, 23, 7, 24], [20, 1, 21, 2], [12, 4, 13, 3], [18, 5, 19, 6], [7, 11, 8, 10], [9, 17, 10, 16], [22, 11, 23, 12], [2, 14, 3, 13], [15, 9, 16, 8], [24, 17, 1, 18], [4, 19, 5, 20], [14, 21, 15, 22]]"
12n_0491_64,"[[14, 21, 15, 22], [6, 23, 7, 24], [20, 1, 21, 2], [12, 4, 13, 3], [18, 5, 19, 6], [7, 11, 8, 10], [9, 17, 10, 16], [22, 11, 23, 12], [2, 14, 3, 13], [15, 9, 16, 8], [24, 17, 1, 18], [4, 19, 5, 20]]"
12n_0491_65,"[[4, 19, 5, 20], [14, 21, 15, 22], [6, 23, 7, 24], [20, 1, 21, 2], [12, 4, 13, 3], [18, 5, 19, 6], [7, 11, 8, 10], [9, 17, 10, 16], [22, 11, 23, 12], [2, 14, 3, 13], [15, 9, 16, 8], [24, 17, 1, 18]]"
12n_0491_66,"[[24, 17, 1, 18], [4, 19, 5, 20], [14, 21, 15, 22], [6, 23, 7, 24], [20, 1, 21, 2], [12, 4, 13, 3], [18, 5, 19, 6], [7, 11, 8, 10], [9, 17, 10, 16], [22, 11, 23, 12], [2, 14, 3, 13], [15, 9, 16, 8]]"
12n_0491_67,"[[15, 9, 16, 8], [24, 17, 1, 18], [4, 19, 5, 20], [14, 21, 15, 22], [6, 23, 7, 24], [20, 1, 21, 2], [12, 4, 13, 3], [18, 5, 19, 6], [7, 11, 8, 10], [9, 17, 10, 16], [22, 11, 23, 12], [2, 14, 3, 13]]"
12n_0491_68,"[[2, 14, 3, 13], [15, 9, 16, 8], [24, 17, 1, 18], [4, 19, 5, 20], [14, 21, 15, 22], [6, 23, 7, 24], [20, 1, 21, 2], [12, 4, 13, 3], [18, 5, 19, 6], [7, 11, 8, 10], [9, 17, 10, 16], [22, 11, 23, 12]]"
12n_0491_69,"[[22, 11, 23, 12], [2, 14, 3, 13], [15, 9, 16, 8], [24, 17, 1, 18], [4, 19, 5, 20], [14, 21, 15, 22], [6, 23, 7, 24], [20, 1, 21, 2], [12, 4, 13, 3], [18, 5, 19, 6], [7, 11, 8, 10], [9, 17, 10, 16]]"
12n_0491_70,"[[9, 17, 10, 16], [22, 11, 23, 12], [2, 14, 3, 13], [15, 9, 16, 8], [24, 17, 1, 18], [4, 19, 5, 20], [14, 21, 15, 22], [6, 23, 7, 24], [20, 1, 21, 2], [12, 4, 13, 3], [18, 5, 19, 6], [7, 11, 8, 10]]"
12n_0491_71,"[[7, 11, 8, 10], [9, 17, 10, 16], [22, 11, 23, 12], [2, 14, 3, 13], [15, 9, 16, 8], [24, 17, 1, 18], [4, 19, 5, 20], [14, 21, 15, 22], [6, 23, 7, 24], [20, 1, 21, 2], [12, 4, 13, 3], [18, 5, 19, 6]]"
12n_0491_72,"[[19, 6, 20, 7], [8, 12, 9, 11], [10, 18, 11, 17], [23, 12, 24, 13], [3, 15, 4, 14], [16, 10, 17, 9], [1, 18, 2, 19], [5, 20, 6, 21], [15, 22, 16, 23], [7, 24, 8, 1], [21, 2, 22, 3], [13, 5, 14, 4]]"
12n_0491_73,"[[13, 5, 14, 4], [19, 6, 20, 7], [8, 12, 9, 11], [10, 18, 11, 17], [23, 12, 24, 13], [3, 15, 4, 14], [16, 10, 17, 9], [1, 18, 2, 19], [5, 20, 6, 21], [15, 22, 16, 23], [7, 24, 8, 1], [21, 2, 22, 3]]"
12n_0491_74,"[[21, 2, 22, 3], [13, 5, 14, 4], [19, 6, 20, 7], [8, 12, 9, 11], [10, 18, 11, 17], [23, 12, 24, 13], [3, 15, 4, 14], [16, 10, 17, 9], [1, 18, 2, 19], [5, 20, 6, 21], [15, 22, 16, 23], [7, 24, 8, 1]]"
12n_0491_75,"[[7, 24, 8, 1], [21, 2, 22, 3], [13, 5, 14, 4], [19, 6, 20, 7], [8, 12, 9, 11], [10, 18, 11, 17], [23, 12, 24, 13], [3, 15, 4, 14], [16, 10, 17, 9], [1, 18, 2, 19], [5, 20, 6, 21], [15, 22, 16, 23]]"
12n_0491_76,"[[15, 22, 16, 23], [7, 24, 8, 1], [21, 2, 22, 3], [13, 5, 14, 4], [19, 6, 20, 7], [8, 12, 9, 11], [10, 18, 11, 17], [23, 12, 24, 13], [3, 15, 4, 14], [16, 10, 17, 9], [1, 18, 2, 19], [5, 20, 6, 21]]"
12n_0491_77,"[[5, 20, 6, 21], [15, 22, 16, 23], [7, 24, 8, 1], [21, 2, 22, 3], [13, 5, 14, 4], [19, 6, 20, 7], [8, 12, 9, 11], [10, 18, 11, 17], [23, 12, 24, 13], [3, 15, 4, 14], [16, 10, 17, 9], [1, 18, 2, 19]]"
12n_0491_78,"[[1, 18, 2, 19], [5, 20, 6, 21], [15, 22, 16, 23], [7, 24, 8, 1], [21, 2, 22, 3], [13, 5, 14, 4], [19, 6, 20, 7], [8, 12, 9, 11], [10, 18, 11, 17], [23, 12, 24, 13], [3, 15, 4, 14], [16, 10, 17, 9]]"
12n_0491_79,"[[16, 10, 17, 9], [1, 18, 2, 19], [5, 20, 6, 21], [15, 22, 16, 23], [7, 24, 8, 1], [21, 2, 22, 3], [13, 5, 14, 4], [19, 6, 20, 7], [8, 12, 9, 11], [10, 18, 11, 17], [23, 12, 24, 13], [3, 15, 4, 14]]"
12n_0491_80,"[[3, 15, 4, 14], [16, 10, 17, 9], [1, 18, 2, 19], [5, 20, 6, 21], [15, 22, 16, 23], [7, 24, 8, 1], [21, 2, 22, 3], [13, 5, 14, 4], [19, 6, 20, 7], [8, 12, 9, 11], [10, 18, 11, 17], [23, 12, 24, 13]]"
12n_0491_81,"[[23, 12, 24, 13], [3, 15, 4, 14], [16, 10, 17, 9], [1, 18, 2, 19], [5, 20, 6, 21], [15, 22, 16, 23], [7, 24, 8, 1], [21, 2, 22, 3], [13, 5, 14, 4], [19, 6, 20, 7], [8, 12, 9, 11], [10, 18, 11, 17]]"
12n_0491_82,"[[10, 18, 11, 17], [23, 12, 24, 13], [3, 15, 4, 14], [16, 10, 17, 9], [1, 18, 2, 19], [5, 20, 6, 21], [15, 22, 16, 23], [7, 24, 8, 1], [21, 2, 22, 3], [13, 5, 14, 4], [19, 6, 20, 7], [8, 12, 9, 11]]"
12n_0491_83,"[[8, 12, 9, 11], [10, 18, 11, 17], [23, 12, 24, 13], [3, 15, 4, 14], [16, 10, 17, 9], [1, 18, 2, 19], [5, 20, 6, 21], [15, 22, 16, 23], [7, 24, 8, 1], [21, 2, 22, 3], [13, 5, 14, 4], [19, 6, 20, 7]]"
12n_0491_84,"[[20, 7, 21, 8], [9, 13, 10, 12], [11, 19, 12, 18], [24, 13, 1, 14], [4, 16, 5, 15], [17, 11, 18, 10], [2, 19, 3, 20], [6, 21, 7, 22], [16, 23, 17, 24], [8, 1, 9, 2], [22, 3, 23, 4], [14, 6, 15, 5]]"
12n_0491_85,"[[14, 6, 15, 5], [20, 7, 21, 8], [9, 13, 10, 12], [11, 19, 12, 18], [24, 13, 1, 14], [4, 16, 5, 15], [17, 11, 18, 10], [2, 19, 3, 20], [6, 21, 7, 22], [16, 23, 17, 24], [8, 1, 9, 2], [22, 3, 23, 4]]"
12n_0491_86,"[[22, 3, 23, 4], [14, 6, 15, 5], [20, 7, 21, 8], [9, 13, 10, 12], [11, 19, 12, 18], [24, 13, 1, 14], [4, 16, 5, 15], [17, 11, 18, 10], [2, 19, 3, 20], [6, 21, 7, 22], [16, 23, 17, 24], [8, 1, 9, 2]]"
12n_0491_87,"[[8, 1, 9, 2], [22, 3, 23, 4], [14, 6, 15, 5], [20, 7, 21, 8], [9, 13, 10, 12], [11, 19, 12, 18], [24, 13, 1, 14], [4, 16, 5, 15], [17, 11, 18, 10], [2, 19, 3, 20], [6, 21, 7, 22], [16, 23, 17, 24]]"
12n_0491_88,"[[16, 23, 17, 24], [8, 1, 9, 2], [22, 3, 23, 4], [14, 6, 15, 5], [20, 7, 21, 8], [9, 13, 10, 12], [11, 19, 12, 18], [24, 13, 1, 14], [4, 16, 5, 15], [17, 11, 18, 10], [2, 19, 3, 20], [6, 21, 7, 22]]"
12n_0491_89,"[[6, 21, 7, 22], [16, 23, 17, 24], [8, 1, 9, 2], [22, 3, 23, 4], [14, 6, 15, 5], [20, 7, 21, 8], [9, 13, 10, 12], [11, 19, 12, 18], [24, 13, 1, 14], [4, 16, 5, 15], [17, 11, 18, 10], [2, 19, 3, 20]]"
12n_0491_90,"[[2, 19, 3, 20], [6, 21, 7, 22], [16, 23, 17, 24], [8, 1, 9, 2], [22, 3, 23, 4], [14, 6, 15, 5], [20, 7, 21, 8], [9, 13, 10, 12], [11, 19, 12, 18], [24, 13, 1, 14], [4, 16, 5, 15], [17, 11, 18, 10]]"
12n_0491_91,"[[17, 11, 18, 10], [2, 19, 3, 20], [6, 21, 7, 22], [16, 23, 17, 24], [8, 1, 9, 2], [22, 3, 23, 4], [14, 6, 15, 5], [20, 7, 21, 8], [9, 13, 10, 12], [11, 19, 12, 18], [24, 13, 1, 14], [4, 16, 5, 15]]"
12n_0491_92,"[[4, 16, 5, 15], [17, 11, 18, 10], [2, 19, 3, 20], [6, 21, 7, 22], [16, 23, 17, 24], [8, 1, 9, 2], [22, 3, 23, 4], [14, 6, 15, 5], [20, 7, 21, 8], [9, 13, 10, 12], [11, 19, 12, 18], [24, 13, 1, 14]]"
12n_0491_93,"[[24, 13, 1, 14], [4, 16, 5, 15], [17, 11, 18, 10], [2, 19, 3, 20], [6, 21, 7, 22], [16, 23, 17, 24], [8, 1, 9, 2], [22, 3, 23, 4], [14, 6, 15, 5], [20, 7, 21, 8], [9, 13, 10, 12], [11, 19, 12, 18]]"
12n_0491_94,"[[11, 19, 12, 18], [24, 13, 1, 14], [4, 16, 5, 15], [17, 11, 18, 10], [2, 19, 3, 20], [6, 21, 7, 22], [16, 23, 17, 24], [8, 1, 9, 2], [22, 3, 23, 4], [14, 6, 15, 5], [20, 7, 21, 8], [9, 13, 10, 12]]"
12n_0491_95,"[[9, 13, 10, 12], [11, 19, 12, 18], [24, 13, 1, 14], [4, 16, 5, 15], [17, 11, 18, 10], [2, 19, 3, 20], [6, 21, 7, 22], [16, 23, 17, 24], [8, 1, 9, 2], [22, 3, 23, 4], [14, 6, 15, 5], [20, 7, 21, 8]]"
12n_0491_96,"[[21, 8, 22, 9], [10, 14, 11, 13], [12, 20, 13, 19], [1, 14, 2, 15], [5, 17, 6, 16], [18, 12, 19, 11], [3, 20, 4, 21], [7, 22, 8, 23], [17, 24, 18, 1], [9, 2, 10, 3], [23, 4, 24, 5], [15, 7, 16, 6]]"
12n_0491_97,"[[15, 7, 16, 6], [21, 8, 22, 9], [10, 14, 11, 13], [12, 20, 13, 19], [1, 14, 2, 15], [5, 17, 6, 16], [18, 12, 19, 11], [3, 20, 4, 21], [7, 22, 8, 23], [17, 24, 18, 1], [9, 2, 10, 3], [23, 4, 24, 5]]"
12n_0491_98,"[[23, 4, 24, 5], [15, 7, 16, 6], [21, 8, 22, 9], [10, 14, 11, 13], [12, 20, 13, 19], [1, 14, 2, 15], [5, 17, 6, 16], [18, 12, 19, 11], [3, 20, 4, 21], [7, 22, 8, 23], [17, 24, 18, 1], [9, 2, 10, 3]]"
12n_0491_99,"[[9, 2, 10, 3], [23, 4, 24, 5], [15, 7, 16, 6], [21, 8, 22, 9], [10, 14, 11, 13], [12, 20, 13, 19], [1, 14, 2, 15], [5, 17, 6, 16], [18, 12, 19, 11], [3, 20, 4, 21], [7, 22, 8, 23], [17, 24, 18, 1]]"
12n_0491_100,"[[17, 24, 18, 1], [9, 2, 10, 3], [23, 4, 24, 5], [15, 7, 16, 6], [21, 8, 22, 9], [10, 14, 11, 13], [12, 20, 13, 19], [1, 14, 2, 15], [5, 17, 6, 16], [18, 12, 19, 11], [3, 20, 4, 21], [7, 22, 8, 23]]"
12n_0491_101,"[[7, 22, 8, 23], [17, 24, 18, 1], [9, 2, 10, 3], [23, 4, 24, 5], [15, 7, 16, 6], [21, 8, 22, 9], [10, 14, 11, 13], [12, 20, 13, 19], [1, 14, 2, 15], [5, 17, 6, 16], [18, 12, 19, 11], [3, 20, 4, 21]]"
12n_0491_102,"[[3, 20, 4, 21], [7, 22, 8, 23], [17, 24, 18, 1], [9, 2, 10, 3], [23, 4, 24, 5], [15, 7, 16, 6], [21, 8, 22, 9], [10, 14, 11, 13], [12, 20, 13, 19], [1, 14, 2, 15], [5, 17, 6, 16], [18, 12, 19, 11]]"
12n_0491_103,"[[18, 12, 19, 11], [3, 20, 4, 21], [7, 22, 8, 23], [17, 24, 18, 1], [9, 2, 10, 3], [23, 4, 24, 5], [15, 7, 16, 6], [21, 8, 22, 9], [10, 14, 11, 13], [12, 20, 13, 19], [1, 14, 2, 15], [5, 17, 6, 16]]"
12n_0491_104,"[[5, 17, 6, 16], [18, 12, 19, 11], [3, 20, 4, 21], [7, 22, 8, 23], [17, 24, 18, 1], [9, 2, 10, 3], [23, 4, 24, 5], [15, 7, 16, 6], [21, 8, 22, 9], [10, 14, 11, 13], [12, 20, 13, 19], [1, 14, 2, 15]]"
12n_0491_105,"[[1, 14, 2, 15], [5, 17, 6, 16], [18, 12, 19, 11], [3, 20, 4, 21], [7, 22, 8, 23], [17, 24, 18, 1], [9, 2, 10, 3], [23, 4, 24, 5], [15, 7, 16, 6], [21, 8, 22, 9], [10, 14, 11, 13], [12, 20, 13, 19]]"
12n_0491_106,"[[12, 20, 13, 19], [1, 14, 2, 15], [5, 17, 6, 16], [18, 12, 19, 11], [3, 20, 4, 21], [7, 22, 8, 23], [17, 24, 18, 1], [9, 2, 10, 3], [23, 4, 24, 5], [15, 7, 16, 6], [21, 8, 22, 9], [10, 14, 11, 13]]"
12n_0491_107,"[[10, 14, 11, 13], [12, 20, 13, 19], [1, 14, 2, 15], [5, 17, 6, 16], [18, 12, 19, 11], [3, 20, 4, 21], [7, 22, 8, 23], [17, 24, 18, 1], [9, 2, 10, 3], [23, 4, 24, 5], [15, 7, 16, 6], [21, 8, 22, 9]]"
12n_0491_108,"[[22, 9, 23, 10], [11, 15, 12, 14], [13, 21, 14, 20], [2, 15, 3, 16], [6, 18, 7, 17], [19, 13, 20, 12], [4, 21, 5, 22], [8, 23, 9, 24], [18, 1, 19, 2], [10, 3, 11, 4], [24, 5, 1, 6], [16, 8, 17, 7]]"
12n_0491_109,"[[16, 8, 17, 7], [22, 9, 23, 10], [11, 15, 12, 14], [13, 21, 14, 20], [2, 15, 3, 16], [6, 18, 7, 17], [19, 13, 20, 12], [4, 21, 5, 22], [8, 23, 9, 24], [18, 1, 19, 2], [10, 3, 11, 4], [24, 5, 1, 6]]"
12n_0491_110,"[[24, 5, 1, 6], [16, 8, 17, 7], [22, 9, 23, 10], [11, 15, 12, 14], [13, 21, 14, 20], [2, 15, 3, 16], [6, 18, 7, 17], [19, 13, 20, 12], [4, 21, 5, 22], [8, 23, 9, 24], [18, 1, 19, 2], [10, 3, 11, 4]]"
12n_0491_111,"[[10, 3, 11, 4], [24, 5, 1, 6], [16, 8, 17, 7], [22, 9, 23, 10], [11, 15, 12, 14], [13, 21, 14, 20], [2, 15, 3, 16], [6, 18, 7, 17], [19, 13, 20, 12], [4, 21, 5, 22], [8, 23, 9, 24], [18, 1, 19, 2]]"
12n_0491_112,"[[18, 1, 19, 2], [10, 3, 11, 4], [24, 5, 1, 6], [16, 8, 17, 7], [22, 9, 23, 10], [11, 15, 12, 14], [13, 21, 14, 20], [2, 15, 3, 16], [6, 18, 7, 17], [19, 13, 20, 12], [4, 21, 5, 22], [8, 23, 9, 24]]"
12n_0491_113,"[[8, 23, 9, 24], [18, 1, 19, 2], [10, 3, 11, 4], [24, 5, 1, 6], [16, 8, 17, 7], [22, 9, 23, 10], [11, 15, 12, 14], [13, 21, 14, 20], [2, 15, 3, 16], [6, 18, 7, 17], [19, 13, 20, 12], [4, 21, 5, 22]]"
12n_0491_114,"[[4, 21, 5, 22], [8, 23, 9, 24], [18, 1, 19, 2], [10, 3, 11, 4], [24, 5, 1, 6], [16, 8, 17, 7], [22, 9, 23, 10], [11, 15, 12, 14], [13, 21, 14, 20], [2, 15, 3, 16], [6, 18, 7, 17], [19, 13, 20, 12]]"
12n_0491_115,"[[19, 13, 20, 12], [4, 21, 5, 22], [8, 23, 9, 24], [18, 1, 19, 2], [10, 3, 11, 4], [24, 5, 1, 6], [16, 8, 17, 7], [22, 9, 23, 10], [11, 15, 12, 14], [13, 21, 14, 20], [2, 15, 3, 16], [6, 18, 7, 17]]"
12n_0491_116,"[[6, 18, 7, 17], [19, 13, 20, 12], [4, 21, 5, 22], [8, 23, 9, 24], [18, 1, 19, 2], [10, 3, 11, 4], [24, 5, 1, 6], [16, 8, 17, 7], [22, 9, 23, 10], [11, 15, 12, 14], [13, 21, 14, 20], [2, 15, 3, 16]]"
12n_0491_117,"[[2, 15, 3, 16], [6, 18, 7, 17], [19, 13, 20, 12], [4, 21, 5, 22], [8, 23, 9, 24], [18, 1, 19, 2], [10, 3, 11, 4], [24, 5, 1, 6], [16, 8, 17, 7], [22, 9, 23, 10], [11, 15, 12, 14], [13, 21, 14, 20]]"
12n_0491_118,"[[13, 21, 14, 20], [2, 15, 3, 16], [6, 18, 7, 17], [19, 13, 20, 12], [4, 21, 5, 22], [8, 23, 9, 24], [18, 1, 19, 2], [10, 3, 11, 4], [24, 5, 1, 6], [16, 8, 17, 7], [22, 9, 23, 10], [11, 15, 12, 14]]"
12n_0491_119,"[[11, 15, 12, 14], [13, 21, 14, 20], [2, 15, 3, 16], [6, 18, 7, 17], [19, 13, 20, 12], [4, 21, 5, 22], [8, 23, 9, 24], [18, 1, 19, 2], [10, 3, 11, 4], [24, 5, 1, 6], [16, 8, 17, 7], [22, 9, 23, 10]]"
12n_0491_120,"[[23, 10, 24, 11], [12, 16, 13, 15], [14, 22, 15, 21], [3, 16, 4, 17], [7, 19, 8, 18], [20, 14, 21, 13], [5, 22, 6, 23], [9, 24, 10, 1], [19, 2, 20, 3], [11, 4, 12, 5], [1, 6, 2, 7], [17, 9, 18, 8]]"
12n_0491_121,"[[17, 9, 18, 8], [23, 10, 24, 11], [12, 16, 13, 15], [14, 22, 15, 21], [3, 16, 4, 17], [7, 19, 8, 18], [20, 14, 21, 13], [5, 22, 6, 23], [9, 24, 10, 1], [19, 2, 20, 3], [11, 4, 12, 5], [1, 6, 2, 7]]"
12n_0491_122,"[[1, 6, 2, 7], [17, 9, 18, 8], [23, 10, 24, 11], [12, 16, 13, 15], [14, 22, 15, 21], [3, 16, 4, 17], [7, 19, 8, 18], [20, 14, 21, 13], [5, 22, 6, 23], [9, 24, 10, 1], [19, 2, 20, 3], [11, 4, 12, 5]]"
12n_0491_123,"[[11, 4, 12, 5], [1, 6, 2, 7], [17, 9, 18, 8], [23, 10, 24, 11], [12, 16, 13, 15], [14, 22, 15, 21], [3, 16, 4, 17], [7, 19, 8, 18], [20, 14, 21, 13], [5, 22, 6, 23], [9, 24, 10, 1], [19, 2, 20, 3]]"
12n_0491_124,"[[19, 2, 20, 3], [11, 4, 12, 5], [1, 6, 2, 7], [17, 9, 18, 8], [23, 10, 24, 11], [12, 16, 13, 15], [14, 22, 15, 21], [3, 16, 4, 17], [7, 19, 8, 18], [20, 14, 21, 13], [5, 22, 6, 23], [9, 24, 10, 1]]"
12n_0491_125,"[[9, 24, 10, 1], [19, 2, 20, 3], [11, 4, 12, 5], [1, 6, 2, 7], [17, 9, 18, 8], [23, 10, 24, 11], [12, 16, 13, 15], [14, 22, 15, 21], [3, 16, 4, 17], [7, 19, 8, 18], [20, 14, 21, 13], [5, 22, 6, 23]]"
12n_0491_126,"[[5, 22, 6, 23], [9, 24, 10, 1], [19, 2, 20, 3], [11, 4, 12, 5], [1, 6, 2, 7], [17, 9, 18, 8], [23, 10, 24, 11], [12, 16, 13, 15], [14, 22, 15, 21], [3, 16, 4, 17], [7, 19, 8, 18], [20, 14, 21, 13]]"
12n_0491_127,"[[20, 14, 21, 13], [5, 22, 6, 23], [9, 24, 10, 1], [19, 2, 20, 3], [11, 4, 12, 5], [1, 6, 2, 7], [17, 9, 18, 8], [23, 10, 24, 11], [12, 16, 13, 15], [14, 22, 15, 21], [3, 16, 4, 17], [7, 19, 8, 18]]"
12n_0491_128,"[[7, 19, 8, 18], [20, 14, 21, 13], [5, 22, 6, 23], [9, 24, 10, 1], [19, 2, 20, 3], [11, 4, 12, 5], [1, 6, 2, 7], [17, 9, 18, 8], [23, 10, 24, 11], [12, 16, 13, 15], [14, 22, 15, 21], [3, 16, 4, 17]]"
12n_0491_129,"[[3, 16, 4, 17], [7, 19, 8, 18], [20, 14, 21, 13], [5, 22, 6, 23], [9, 24, 10, 1], [19, 2, 20, 3], [11, 4, 12, 5], [1, 6, 2, 7], [17, 9, 18, 8], [23, 10, 24, 11], [12, 16, 13, 15], [14, 22, 15, 21]]"
12n_0491_130,"[[14, 22, 15, 21], [3, 16, 4, 17], [7, 19, 8, 18], [20, 14, 21, 13], [5, 22, 6, 23], [9, 24, 10, 1], [19, 2, 20, 3], [11, 4, 12, 5], [1, 6, 2, 7], [17, 9, 18, 8], [23, 10, 24, 11], [12, 16, 13, 15]]"
12n_0491_131,"[[12, 16, 13, 15], [14, 22, 15, 21], [3, 16, 4, 17], [7, 19, 8, 18], [20, 14, 21, 13], [5, 22, 6, 23], [9, 24, 10, 1], [19, 2, 20, 3], [11, 4, 12, 5], [1, 6, 2, 7], [17, 9, 18, 8], [23, 10, 24, 11]]"
12n_0491_132,"[[24, 11, 1, 12], [13, 17, 14, 16], [15, 23, 16, 22], [4, 17, 5, 18], [8, 20, 9, 19], [21, 15, 22, 14], [6, 23, 7, 24], [10, 1, 11, 2], [20, 3, 21, 4], [12, 5, 13, 6], [2, 7, 3, 8], [18, 10, 19, 9]]"
12n_0491_133,"[[18, 10, 19, 9], [24, 11, 1, 12], [13, 17, 14, 16], [15, 23, 16, 22], [4, 17, 5, 18], [8, 20, 9, 19], [21, 15, 22, 14], [6, 23, 7, 24], [10, 1, 11, 2], [20, 3, 21, 4], [12, 5, 13, 6], [2, 7, 3, 8]]"
12n_0491_134,"[[2, 7, 3, 8], [18, 10, 19, 9], [24, 11, 1, 12], [13, 17, 14, 16], [15, 23, 16, 22], [4, 17, 5, 18], [8, 20, 9, 19], [21, 15, 22, 14], [6, 23, 7, 24], [10, 1, 11, 2], [20, 3, 21, 4], [12, 5, 13, 6]]"
12n_0491_135,"[[12, 5, 13, 6], [2, 7, 3, 8], [18, 10, 19, 9], [24, 11, 1, 12], [13, 17, 14, 16], [15, 23, 16, 22], [4, 17, 5, 18], [8, 20, 9, 19], [21, 15, 22, 14], [6, 23, 7, 24], [10, 1, 11, 2], [20, 3, 21, 4]]"
12n_0491_136,"[[20, 3, 21, 4], [12, 5, 13, 6], [2, 7, 3, 8], [18, 10, 19, 9], [24, 11, 1, 12], [13, 17, 14, 16], [15, 23, 16, 22], [4, 17, 5, 18], [8, 20, 9, 19], [21, 15, 22, 14], [6, 23, 7, 24], [10, 1, 11, 2]]"
12n_0491_137,"[[10, 1, 11, 2], [20, 3, 21, 4], [12, 5, 13, 6], [2, 7, 3, 8], [18, 10, 19, 9], [24, 11, 1, 12], [13, 17, 14, 16], [15, 23, 16, 22], [4, 17, 5, 18], [8, 20, 9, 19], [21, 15, 22, 14], [6, 23, 7, 24]]"
12n_0491_138,"[[6, 23, 7, 24], [10, 1, 11, 2], [20, 3, 21, 4], [12, 5, 13, 6], [2, 7, 3, 8], [18, 10, 19, 9], [24, 11, 1, 12], [13, 17, 14, 16], [15, 23, 16, 22], [4, 17, 5, 18], [8, 20, 9, 19], [21, 15, 22, 14]]"
12n_0491_139,"[[21, 15, 22, 14], [6, 23, 7, 24], [10, 1, 11, 2], [20, 3, 21, 4], [12, 5, 13, 6], [2, 7, 3, 8], [18, 10, 19, 9], [24, 11, 1, 12], [13, 17, 14, 16], [15, 23, 16, 22], [4, 17, 5, 18], [8, 20, 9, 19]]"
12n_0491_140,"[[8, 20, 9, 19], [21, 15, 22, 14], [6, 23, 7, 24], [10, 1, 11, 2], [20, 3, 21, 4], [12, 5, 13, 6], [2, 7, 3, 8], [18, 10, 19, 9], [24, 11, 1, 12], [13, 17, 14, 16], [15, 23, 16, 22], [4, 17, 5, 18]]"
12n_0491_141,"[[4, 17, 5, 18], [8, 20, 9, 19], [21, 15, 22, 14], [6, 23, 7, 24], [10, 1, 11, 2], [20, 3, 21, 4], [12, 5, 13, 6], [2, 7, 3, 8], [18, 10, 19, 9], [24, 11, 1, 12], [13, 17, 14, 16], [15, 23, 16, 22]]"
12n_0491_142,"[[15, 23, 16, 22], [4, 17, 5, 18], [8, 20, 9, 19], [21, 15, 22, 14], [6, 23, 7, 24], [10, 1, 11, 2], [20, 3, 21, 4], [12, 5, 13, 6], [2, 7, 3, 8], [18, 10, 19, 9], [24, 11, 1, 12], [13, 17, 14, 16]]"
12n_0491_143,"[[13, 17, 14, 16], [15, 23, 16, 22], [4, 17, 5, 18], [8, 20, 9, 19], [21, 15, 22, 14], [6, 23, 7, 24], [10, 1, 11, 2], [20, 3, 21, 4], [12, 5, 13, 6], [2, 7, 3, 8], [18, 10, 19, 9], [24, 11, 1, 12]]"
12n_0491_144,"[[1, 12, 2, 13], [14, 18, 15, 17], [16, 24, 17, 23], [5, 18, 6, 19], [9, 21, 10, 20], [22, 16, 23, 15], [7, 24, 8, 1], [11, 2, 12, 3], [21, 4, 22, 5], [13, 6, 14, 7], [3, 8, 4, 9], [19, 11, 20, 10]]"
12n_0491_145,"[[19, 11, 20, 10], [1, 12, 2, 13], [14, 18, 15, 17], [16, 24, 17, 23], [5, 18, 6, 19], [9, 21, 10, 20], [22, 16, 23, 15], [7, 24, 8, 1], [11, 2, 12, 3], [21, 4, 22, 5], [13, 6, 14, 7], [3, 8, 4, 9]]"
12n_0491_146,"[[3, 8, 4, 9], [19, 11, 20, 10], [1, 12, 2, 13], [14, 18, 15, 17], [16, 24, 17, 23], [5, 18, 6, 19], [9, 21, 10, 20], [22, 16, 23, 15], [7, 24, 8, 1], [11, 2, 12, 3], [21, 4, 22, 5], [13, 6, 14, 7]]"
12n_0491_147,"[[13, 6, 14, 7], [3, 8, 4, 9], [19, 11, 20, 10], [1, 12, 2, 13], [14, 18, 15, 17], [16, 24, 17, 23], [5, 18, 6, 19], [9, 21, 10, 20], [22, 16, 23, 15], [7, 24, 8, 1], [11, 2, 12, 3], [21, 4, 22, 5]]"
12n_0491_148,"[[21, 4, 22, 5], [13, 6, 14, 7], [3, 8, 4, 9], [19, 11, 20, 10], [1, 12, 2, 13], [14, 18, 15, 17], [16, 24, 17, 23], [5, 18, 6, 19], [9, 21, 10, 20], [22, 16, 23, 15], [7, 24, 8, 1], [11, 2, 12, 3]]"
12n_0491_149,"[[11, 2, 12, 3], [21, 4, 22, 5], [13, 6, 14, 7], [3, 8, 4, 9], [19, 11, 20, 10], [1, 12, 2, 13], [14, 18, 15, 17], [16, 24, 17, 23], [5, 18, 6, 19], [9, 21, 10, 20], [22, 16, 23, 15], [7, 24, 8, 1]]"
12n_0491_150,"[[7, 24, 8, 1], [11, 2, 12, 3], [21, 4, 22, 5], [13, 6, 14, 7], [3, 8, 4, 9], [19, 11, 20, 10], [1, 12, 2, 13], [14, 18, 15, 17], [16, 24, 17, 23], [5, 18, 6, 19], [9, 21, 10, 20], [22, 16, 23, 15]]"
12n_0491_151,"[[22, 16, 23, 15], [7, 24, 8, 1], [11, 2, 12, 3], [21, 4, 22, 5], [13, 6, 14, 7], [3, 8, 4, 9], [19, 11, 20, 10], [1, 12, 2, 13], [14, 18, 15, 17], [16, 24, 17, 23], [5, 18, 6, 19], [9, 21, 10, 20]]"
12n_0491_152,"[[9, 21, 10, 20], [22, 16, 23, 15], [7, 24, 8, 1], [11, 2, 12, 3], [21, 4, 22, 5], [13, 6, 14, 7], [3, 8, 4, 9], [19, 11, 20, 10], [1, 12, 2, 13], [14, 18, 15, 17], [16, 24, 17, 23], [5, 18, 6, 19]]"
12n_0491_153,"[[5, 18, 6, 19], [9, 21, 10, 20], [22, 16, 23, 15], [7, 24, 8, 1], [11, 2, 12, 3], [21, 4, 22, 5], [13, 6, 14, 7], [3, 8, 4, 9], [19, 11, 20, 10], [1, 12, 2, 13], [14, 18, 15, 17], [16, 24, 17, 23]]"
12n_0491_154,"[[16, 24, 17, 23], [5, 18, 6, 19], [9, 21, 10, 20], [22, 16, 23, 15], [7, 24, 8, 1], [11, 2, 12, 3], [21, 4, 22, 5], [13, 6, 14, 7], [3, 8, 4, 9], [19, 11, 20, 10], [1, 12, 2, 13], [14, 18, 15, 17]]"
12n_0491_155,"[[14, 18, 15, 17], [16, 24, 17, 23], [5, 18, 6, 19], [9, 21, 10, 20], [22, 16, 23, 15], [7, 24, 8, 1], [11, 2, 12, 3], [21, 4, 22, 5], [13, 6, 14, 7], [3, 8, 4, 9], [19, 11, 20, 10], [1, 12, 2, 13]]"
12n_0491_156,"[[2, 13, 3, 14], [15, 19, 16, 18], [17, 1, 18, 24], [6, 19, 7, 20], [10, 22, 11, 21], [23, 17, 24, 16], [8, 1, 9, 2], [12, 3, 13, 4], [22, 5, 23, 6], [14, 7, 15, 8], [4, 9, 5, 10], [20, 12, 21, 11]]"
12n_0491_157,"[[20, 12, 21, 11], [2, 13, 3, 14], [15, 19, 16, 18], [17, 1, 18, 24], [6, 19, 7, 20], [10, 22, 11, 21], [23, 17, 24, 16], [8, 1, 9, 2], [12, 3, 13, 4], [22, 5, 23, 6], [14, 7, 15, 8], [4, 9, 5, 10]]"
12n_0491_158,"[[4, 9, 5, 10], [20, 12, 21, 11], [2, 13, 3, 14], [15, 19, 16, 18], [17, 1, 18, 24], [6, 19, 7, 20], [10, 22, 11, 21], [23, 17, 24, 16], [8, 1, 9, 2], [12, 3, 13, 4], [22, 5, 23, 6], [14, 7, 15, 8]]"
12n_0491_159,"[[14, 7, 15, 8], [4, 9, 5, 10], [20, 12, 21, 11], [2, 13, 3, 14], [15, 19, 16, 18], [17, 1, 18, 24], [6, 19, 7, 20], [10, 22, 11, 21], [23, 17, 24, 16], [8, 1, 9, 2], [12, 3, 13, 4], [22, 5, 23, 6]]"
12n_0491_160,"[[22, 5, 23, 6], [14, 7, 15, 8], [4, 9, 5, 10], [20, 12, 21, 11], [2, 13, 3, 14], [15, 19, 16, 18], [17, 1, 18, 24], [6, 19, 7, 20], [10, 22, 11, 21], [23, 17, 24, 16], [8, 1, 9, 2], [12, 3, 13, 4]]"
12n_0491_161,"[[12, 3, 13, 4], [22, 5, 23, 6], [14, 7, 15, 8], [4, 9, 5, 10], [20, 12, 21, 11], [2, 13, 3, 14], [15, 19, 16, 18], [17, 1, 18, 24], [6, 19, 7, 20], [10, 22, 11, 21], [23, 17, 24, 16], [8, 1, 9, 2]]"
12n_0491_162,"[[8, 1, 9, 2], [12, 3, 13, 4], [22, 5, 23, 6], [14, 7, 15, 8], [4, 9, 5, 10], [20, 12, 21, 11], [2, 13, 3, 14], [15, 19, 16, 18], [17, 1, 18, 24], [6, 19, 7, 20], [10, 22, 11, 21], [23, 17, 24, 16]]"
12n_0491_163,"[[23, 17, 24, 16], [8, 1, 9, 2], [12, 3, 13, 4], [22, 5, 23, 6], [14, 7, 15, 8], [4, 9, 5, 10], [20, 12, 21, 11], [2, 13, 3, 14], [15, 19, 16, 18], [17, 1, 18, 24], [6, 19, 7, 20], [10, 22, 11, 21]]"
12n_0491_164,"[[10, 22, 11, 21], [23, 17, 24, 16], [8, 1, 9, 2], [12, 3, 13, 4], [22, 5, 23, 6], [14, 7, 15, 8], [4, 9, 5, 10], [20, 12, 21, 11], [2, 13, 3, 14], [15, 19, 16, 18], [17, 1, 18, 24], [6, 19, 7, 20]]"
12n_0491_165,"[[6, 19, 7, 20], [10, 22, 11, 21], [23, 17, 24, 16], [8, 1, 9, 2], [12, 3, 13, 4], [22, 5, 23, 6], [14, 7, 15, 8], [4, 9, 5, 10], [20, 12, 21, 11], [2, 13, 3, 14], [15, 19, 16, 18], [17, 1, 18, 24]]"
12n_0491_166,"[[17, 1, 18, 24], [6, 19, 7, 20], [10, 22, 11, 21], [23, 17, 24, 16], [8, 1, 9, 2], [12, 3, 13, 4], [22, 5, 23, 6], [14, 7, 15, 8], [4, 9, 5, 10], [20, 12, 21, 11], [2, 13, 3, 14], [15, 19, 16, 18]]"
12n_0491_167,"[[15, 19, 16, 18], [17, 1, 18, 24], [6, 19, 7, 20], [10, 22, 11, 21], [23, 17, 24, 16], [8, 1, 9, 2], [12, 3, 13, 4], [22, 5, 23, 6], [14, 7, 15, 8], [4, 9, 5, 10], [20, 12, 21, 11], [2, 13, 3, 14]]"
12n_0491_168,"[[3, 14, 4, 15], [16, 20, 17, 19], [18, 2, 19, 1], [7, 20, 8, 21], [11, 23, 12, 22], [24, 18, 1, 17], [9, 2, 10, 3], [13, 4, 14, 5], [23, 6, 24, 7], [15, 8, 16, 9], [5, 10, 6, 11], [21, 13, 22, 12]]"
12n_0491_169,"[[21, 13, 22, 12], [3, 14, 4, 15], [16, 20, 17, 19], [18, 2, 19, 1], [7, 20, 8, 21], [11, 23, 12, 22], [24, 18, 1, 17], [9, 2, 10, 3], [13, 4, 14, 5], [23, 6, 24, 7], [15, 8, 16, 9], [5, 10, 6, 11]]"
12n_0491_170,"[[5, 10, 6, 11], [21, 13, 22, 12], [3, 14, 4, 15], [16, 20, 17, 19], [18, 2, 19, 1], [7, 20, 8, 21], [11, 23, 12, 22], [24, 18, 1, 17], [9, 2, 10, 3], [13, 4, 14, 5], [23, 6, 24, 7], [15, 8, 16, 9]]"
12n_0491_171,"[[15, 8, 16, 9], [5, 10, 6, 11], [21, 13, 22, 12], [3, 14, 4, 15], [16, 20, 17, 19], [18, 2, 19, 1], [7, 20, 8, 21], [11, 23, 12, 22], [24, 18, 1, 17], [9, 2, 10, 3], [13, 4, 14, 5], [23, 6, 24, 7]]"
12n_0491_172,"[[23, 6, 24, 7], [15, 8, 16, 9], [5, 10, 6, 11], [21, 13, 22, 12], [3, 14, 4, 15], [16, 20, 17, 19], [18, 2, 19, 1], [7, 20, 8, 21], [11, 23, 12, 22], [24, 18, 1, 17], [9, 2, 10, 3], [13, 4, 14, 5]]"
12n_0491_173,"[[13, 4, 14, 5], [23, 6, 24, 7], [15, 8, 16, 9], [5, 10, 6, 11], [21, 13, 22, 12], [3, 14, 4, 15], [16, 20, 17, 19], [18, 2, 19, 1], [7, 20, 8, 21], [11, 23, 12, 22], [24, 18, 1, 17], [9, 2, 10, 3]]"
12n_0491_174,"[[9, 2, 10, 3], [13, 4, 14, 5], [23, 6, 24, 7], [15, 8, 16, 9], [5, 10, 6, 11], [21, 13, 22, 12], [3, 14, 4, 15], [16, 20, 17, 19], [18, 2, 19, 1], [7, 20, 8, 21], [11, 23, 12, 22], [24, 18, 1, 17]]"
12n_0491_175,"[[24, 18, 1, 17], [9, 2, 10, 3], [13, 4, 14, 5], [23, 6, 24, 7], [15, 8, 16, 9], [5, 10, 6, 11], [21, 13, 22, 12], [3, 14, 4, 15], [16, 20, 17, 19], [18, 2, 19, 1], [7, 20, 8, 21], [11, 23, 12, 22]]"
12n_0491_176,"[[11, 23, 12, 22], [24, 18, 1, 17], [9, 2, 10, 3], [13, 4, 14, 5], [23, 6, 24, 7], [15, 8, 16, 9], [5, 10, 6, 11], [21, 13, 22, 12], [3, 14, 4, 15], [16, 20, 17, 19], [18, 2, 19, 1], [7, 20, 8, 21]]"
12n_0491_177,"[[7, 20, 8, 21], [11, 23, 12, 22], [24, 18, 1, 17], [9, 2, 10, 3], [13, 4, 14, 5], [23, 6, 24, 7], [15, 8, 16, 9], [5, 10, 6, 11], [21, 13, 22, 12], [3, 14, 4, 15], [16, 20, 17, 19], [18, 2, 19, 1]]"
12n_0491_178,"[[18, 2, 19, 1], [7, 20, 8, 21], [11, 23, 12, 22], [24, 18, 1, 17], [9, 2, 10, 3], [13, 4, 14, 5], [23, 6, 24, 7], [15, 8, 16, 9], [5, 10, 6, 11], [21, 13, 22, 12], [3, 14, 4, 15], [16, 20, 17, 19]]"
12n_0491_179,"[[16, 20, 17, 19], [18, 2, 19, 1], [7, 20, 8, 21], [11, 23, 12, 22], [24, 18, 1, 17], [9, 2, 10, 3], [13, 4, 14, 5], [23, 6, 24, 7], [15, 8, 16, 9], [5, 10, 6, 11], [21, 13, 22, 12], [3, 14, 4, 15]]"
12n_0491_180,"[[4, 15, 5, 16], [17, 21, 18, 20], [19, 3, 20, 2], [8, 21, 9, 22], [12, 24, 13, 23], [1, 19, 2, 18], [10, 3, 11, 4], [14, 5, 15, 6], [24, 7, 1, 8], [16, 9, 17, 10], [6, 11, 7, 12], [22, 14, 23, 13]]"
12n_0491_181,"[[22, 14, 23, 13], [4, 15, 5, 16], [17, 21, 18, 20], [19, 3, 20, 2], [8, 21, 9, 22], [12, 24, 13, 23], [1, 19, 2, 18], [10, 3, 11, 4], [14, 5, 15, 6], [24, 7, 1, 8], [16, 9, 17, 10], [6, 11, 7, 12]]"
12n_0491_182,"[[6, 11, 7, 12], [22, 14, 23, 13], [4, 15, 5, 16], [17, 21, 18, 20], [19, 3, 20, 2], [8, 21, 9, 22], [12, 24, 13, 23], [1, 19, 2, 18], [10, 3, 11, 4], [14, 5, 15, 6], [24, 7, 1, 8], [16, 9, 17, 10]]"
12n_0491_183,"[[16, 9, 17, 10], [6, 11, 7, 12], [22, 14, 23, 13], [4, 15, 5, 16], [17, 21, 18, 20], [19, 3, 20, 2], [8, 21, 9, 22], [12, 24, 13, 23], [1, 19, 2, 18], [10, 3, 11, 4], [14, 5, 15, 6], [24, 7, 1, 8]]"
12n_0491_184,"[[24, 7, 1, 8], [16, 9, 17, 10], [6, 11, 7, 12], [22, 14, 23, 13], [4, 15, 5, 16], [17, 21, 18, 20], [19, 3, 20, 2], [8, 21, 9, 22], [12, 24, 13, 23], [1, 19, 2, 18], [10, 3, 11, 4], [14, 5, 15, 6]]"
12n_0491_185,"[[14, 5, 15, 6], [24, 7, 1, 8], [16, 9, 17, 10], [6, 11, 7, 12], [22, 14, 23, 13], [4, 15, 5, 16], [17, 21, 18, 20], [19, 3, 20, 2], [8, 21, 9, 22], [12, 24, 13, 23], [1, 19, 2, 18], [10, 3, 11, 4]]"
