name,pd_notation
12a_0959_0,"[[24, 9, 1, 10], [2, 8, 3, 7], [4, 11, 5, 12], [6, 20, 7, 19], [8, 17, 9, 18], [10, 23, 11, 24], [12, 5, 13, 6], [14, 21, 15, 22], [16, 1, 17, 2], [18, 4, 19, 3], [20, 15, 21, 16], [22, 13, 23, 14]]"
12a_0959_1,"[[22, 13, 23, 14], [24, 9, 1, 10], [2, 8, 3, 7], [4, 11, 5, 12], [6, 20, 7, 19], [8, 17, 9, 18], [10, 23, 11, 24], [12, 5, 13, 6], [14, 21, 15, 22], [16, 1, 17, 2], [18, 4, 19, 3], [20, 15, 21, 16]]"
12a_0959_2,"[[20, 15, 21, 16], [22, 13, 23, 14], [24, 9, 1, 10], [2, 8, 3, 7], [4, 11, 5, 12], [6, 20, 7, 19], [8, 17, 9, 18], [10, 23, 11, 24], [12, 5, 13, 6], [14, 21, 15, 22], [16, 1, 17, 2], [18, 4, 19, 3]]"
12a_0959_3,"[[18, 4, 19, 3], [20, 15, 21, 16], [22, 13, 23, 14], [24, 9, 1, 10], [2, 8, 3, 7], [4, 11, 5, 12], [6, 20, 7, 19], [8, 17, 9, 18], [10, 23, 11, 24], [12, 5, 13, 6], [14, 21, 15, 22], [16, 1, 17, 2]]"
12a_0959_4,"[[16, 1, 17, 2], [18, 4, 19, 3], [20, 15, 21, 16], [22, 13, 23, 14], [24, 9, 1, 10], [2, 8, 3, 7], [4, 11, 5, 12], [6, 20, 7, 19], [8, 17, 9, 18], [10, 23, 11, 24], [12, 5, 13, 6], [14, 21, 15, 22]]"
12a_0959_5,"[[14, 21, 15, 22], [16, 1, 17, 2], [18, 4, 19, 3], [20, 15, 21, 16], [22, 13, 23, 14], [24, 9, 1, 10], [2, 8, 3, 7], [4, 11, 5, 12], [6, 20, 7, 19], [8, 17, 9, 18], [10, 23, 11, 24], [12, 5, 13, 6]]"
12a_0959_6,"[[12, 5, 13, 6], [14, 21, 15, 22], [16, 1, 17, 2], [18, 4, 19, 3], [20, 15, 21, 16], [22, 13, 23, 14], [24, 9, 1, 10], [2, 8, 3, 7], [4, 11, 5, 12], [6, 20, 7, 19], [8, 17, 9, 18], [10, 23, 11, 24]]"
12a_0959_7,"[[10, 23, 11, 24], [12, 5, 13, 6], [14, 21, 15, 22], [16, 1, 17, 2], [18, 4, 19, 3], [20, 15, 21, 16], [22, 13, 23, 14], [24, 9, 1, 10], [2, 8, 3, 7], [4, 11, 5, 12], [6, 20, 7, 19], [8, 17, 9, 18]]"
12a_0959_8,"[[8, 17, 9, 18], [10, 23, 11, 24], [12, 5, 13, 6], [14, 21, 15, 22], [16, 1, 17, 2], [18, 4, 19, 3], [20, 15, 21, 16], [22, 13, 23, 14], [24, 9, 1, 10], [2, 8, 3, 7], [4, 11, 5, 12], [6, 20, 7, 19]]"
12a_0959_9,"[[6, 20, 7, 19], [8, 17, 9, 18], [10, 23, 11, 24], [12, 5, 13, 6], [14, 21, 15, 22], [16, 1, 17, 2], [18, 4, 19, 3], [20, 15, 21, 16], [22, 13, 23, 14], [24, 9, 1, 10], [2, 8, 3, 7], [4, 11, 5, 12]]"
12a_0959_10,"[[4, 11, 5, 12], [6, 20, 7, 19], [8, 17, 9, 18], [10, 23, 11, 24], [12, 5, 13, 6], [14, 21, 15, 22], [16, 1, 17, 2], [18, 4, 19, 3], [20, 15, 21, 16], [22, 13, 23, 14], [24, 9, 1, 10], [2, 8, 3, 7]]"
12a_0959_11,"[[2, 8, 3, 7], [4, 11, 5, 12], [6, 20, 7, 19], [8, 17, 9, 18], [10, 23, 11, 24], [12, 5, 13, 6], [14, 21, 15, 22], [16, 1, 17, 2], [18, 4, 19, 3], [20, 15, 21, 16], [22, 13, 23, 14], [24, 9, 1, 10]]"
12a_0959_12,"[[1, 10, 2, 11], [3, 9, 4, 8], [5, 12, 6, 13], [7, 21, 8, 20], [9, 18, 10, 19], [11, 24, 12, 1], [13, 6, 14, 7], [15, 22, 16, 23], [17, 2, 18, 3], [19, 5, 20, 4], [21, 16, 22, 17], [23, 14, 24, 15]]"
12a_0959_13,"[[23, 14, 24, 15], [1, 10, 2, 11], [3, 9, 4, 8], [5, 12, 6, 13], [7, 21, 8, 20], [9, 18, 10, 19], [11, 24, 12, 1], [13, 6, 14, 7], [15, 22, 16, 23], [17, 2, 18, 3], [19, 5, 20, 4], [21, 16, 22, 17]]"
12a_0959_14,"[[21, 16, 22, 17], [23, 14, 24, 15], [1, 10, 2, 11], [3, 9, 4, 8], [5, 12, 6, 13], [7, 21, 8, 20], [9, 18, 10, 19], [11, 24, 12, 1], [13, 6, 14, 7], [15, 22, 16, 23], [17, 2, 18, 3], [19, 5, 20, 4]]"
12a_0959_15,"[[19, 5, 20, 4], [21, 16, 22, 17], [23, 14, 24, 15], [1, 10, 2, 11], [3, 9, 4, 8], [5, 12, 6, 13], [7, 21, 8, 20], [9, 18, 10, 19], [11, 24, 12, 1], [13, 6, 14, 7], [15, 22, 16, 23], [17, 2, 18, 3]]"
12a_0959_16,"[[17, 2, 18, 3], [19, 5, 20, 4], [21, 16, 22, 17], [23, 14, 24, 15], [1, 10, 2, 11], [3, 9, 4, 8], [5, 12, 6, 13], [7, 21, 8, 20], [9, 18, 10, 19], [11, 24, 12, 1], [13, 6, 14, 7], [15, 22, 16, 23]]"
12a_0959_17,"[[15, 22, 16, 23], [17, 2, 18, 3], [19, 5, 20, 4], [21, 16, 22, 17], [23, 14, 24, 15], [1, 10, 2, 11], [3, 9, 4, 8], [5, 12, 6, 13], [7, 21, 8, 20], [9, 18, 10, 19], [11, 24, 12, 1], [13, 6, 14, 7]]"
12a_0959_18,"[[13, 6, 14, 7], [15, 22, 16, 23], [17, 2, 18, 3], [19, 5, 20, 4], [21, 16, 22, 17], [23, 14, 24, 15], [1, 10, 2, 11], [3, 9, 4, 8], [5, 12, 6, 13], [7, 21, 8, 20], [9, 18, 10, 19], [11, 24, 12, 1]]"
12a_0959_19,"[[11, 24, 12, 1], [13, 6, 14, 7], [15, 22, 16, 23], [17, 2, 18, 3], [19, 5, 20, 4], [21, 16, 22, 17], [23, 14, 24, 15], [1, 10, 2, 11], [3, 9, 4, 8], [5, 12, 6, 13], [7, 21, 8, 20], [9, 18, 10, 19]]"
12a_0959_20,"[[9, 18, 10, 19], [11, 24, 12, 1], [13, 6, 14, 7], [15, 22, 16, 23], [17, 2, 18, 3], [19, 5, 20, 4], [21, 16, 22, 17], [23, 14, 24, 15], [1, 10, 2, 11], [3, 9, 4, 8], [5, 12, 6, 13], [7, 21, 8, 20]]"
12a_0959_21,"[[7, 21, 8, 20], [9, 18, 10, 19], [11, 24, 12, 1], [13, 6, 14, 7], [15, 22, 16, 23], [17, 2, 18, 3], [19, 5, 20, 4], [21, 16, 22, 17], [23, 14, 24, 15], [1, 10, 2, 11], [3, 9, 4, 8], [5, 12, 6, 13]]"
12a_0959_22,"[[5, 12, 6, 13], [7, 21, 8, 20], [9, 18, 10, 19], [11, 24, 12, 1], [13, 6, 14, 7], [15, 22, 16, 23], [17, 2, 18, 3], [19, 5, 20, 4], [21, 16, 22, 17], [23, 14, 24, 15], [1, 10, 2, 11], [3, 9, 4, 8]]"
12a_0959_23,"[[3, 9, 4, 8], [5, 12, 6, 13], [7, 21, 8, 20], [9, 18, 10, 19], [11, 24, 12, 1], [13, 6, 14, 7], [15, 22, 16, 23], [17, 2, 18, 3], [19, 5, 20, 4], [21, 16, 22, 17], [23, 14, 24, 15], [1, 10, 2, 11]]"
12a_0959_24,"[[2, 11, 3, 12], [4, 10, 5, 9], [6, 13, 7, 14], [8, 22, 9, 21], [10, 19, 11, 20], [12, 1, 13, 2], [14, 7, 15, 8], [16, 23, 17, 24], [18, 3, 19, 4], [20, 6, 21, 5], [22, 17, 23, 18], [24, 15, 1, 16]]"
12a_0959_25,"[[24, 15, 1, 16], [2, 11, 3, 12], [4, 10, 5, 9], [6, 13, 7, 14], [8, 22, 9, 21], [10, 19, 11, 20], [12, 1, 13, 2], [14, 7, 15, 8], [16, 23, 17, 24], [18, 3, 19, 4], [20, 6, 21, 5], [22, 17, 23, 18]]"
12a_0959_26,"[[22, 17, 23, 18], [24, 15, 1, 16], [2, 11, 3, 12], [4, 10, 5, 9], [6, 13, 7, 14], [8, 22, 9, 21], [10, 19, 11, 20], [12, 1, 13, 2], [14, 7, 15, 8], [16, 23, 17, 24], [18, 3, 19, 4], [20, 6, 21, 5]]"
12a_0959_27,"[[20, 6, 21, 5], [22, 17, 23, 18], [24, 15, 1, 16], [2, 11, 3, 12], [4, 10, 5, 9], [6, 13, 7, 14], [8, 22, 9, 21], [10, 19, 11, 20], [12, 1, 13, 2], [14, 7, 15, 8], [16, 23, 17, 24], [18, 3, 19, 4]]"
12a_0959_28,"[[18, 3, 19, 4], [20, 6, 21, 5], [22, 17, 23, 18], [24, 15, 1, 16], [2, 11, 3, 12], [4, 10, 5, 9], [6, 13, 7, 14], [8, 22, 9, 21], [10, 19, 11, 20], [12, 1, 13, 2], [14, 7, 15, 8], [16, 23, 17, 24]]"
12a_0959_29,"[[16, 23, 17, 24], [18, 3, 19, 4], [20, 6, 21, 5], [22, 17, 23, 18], [24, 15, 1, 16], [2, 11, 3, 12], [4, 10, 5, 9], [6, 13, 7, 14], [8, 22, 9, 21], [10, 19, 11, 20], [12, 1, 13, 2], [14, 7, 15, 8]]"
12a_0959_30,"[[14, 7, 15, 8], [16, 23, 17, 24], [18, 3, 19, 4], [20, 6, 21, 5], [22, 17, 23, 18], [24, 15, 1, 16], [2, 11, 3, 12], [4, 10, 5, 9], [6, 13, 7, 14], [8, 22, 9, 21], [10, 19, 11, 20], [12, 1, 13, 2]]"
12a_0959_31,"[[12, 1, 13, 2], [14, 7, 15, 8], [16, 23, 17, 24], [18, 3, 19, 4], [20, 6, 21, 5], [22, 17, 23, 18], [24, 15, 1, 16], [2, 11, 3, 12], [4, 10, 5, 9], [6, 13, 7, 14], [8, 22, 9, 21], [10, 19, 11, 20]]"
12a_0959_32,"[[10, 19, 11, 20], [12, 1, 13, 2], [14, 7, 15, 8], [16, 23, 17, 24], [18, 3, 19, 4], [20, 6, 21, 5], [22, 17, 23, 18], [24, 15, 1, 16], [2, 11, 3, 12], [4, 10, 5, 9], [6, 13, 7, 14], [8, 22, 9, 21]]"
12a_0959_33,"[[8, 22, 9, 21], [10, 19, 11, 20], [12, 1, 13, 2], [14, 7, 15, 8], [16, 23, 17, 24], [18, 3, 19, 4], [20, 6, 21, 5], [22, 17, 23, 18], [24, 15, 1, 16], [2, 11, 3, 12], [4, 10, 5, 9], [6, 13, 7, 14]]"
12a_0959_34,"[[6, 13, 7, 14], [8, 22, 9, 21], [10, 19, 11, 20], [12, 1, 13, 2], [14, 7, 15, 8], [16, 23, 17, 24], [18, 3, 19, 4], [20, 6, 21, 5], [22, 17, 23, 18], [24, 15, 1, 16], [2, 11, 3, 12], [4, 10, 5, 9]]"
12a_0959_35,"[[4, 10, 5, 9], [6, 13, 7, 14], [8, 22, 9, 21], [10, 19, 11, 20], [12, 1, 13, 2], [14, 7, 15, 8], [16, 23, 17, 24], [18, 3, 19, 4], [20, 6, 21, 5], [22, 17, 23, 18], [24, 15, 1, 16], [2, 11, 3, 12]]"
12a_0959_36,"[[3, 12, 4, 13], [5, 11, 6, 10], [7, 14, 8, 15], [9, 23, 10, 22], [11, 20, 12, 21], [13, 2, 14, 3], [15, 8, 16, 9], [17, 24, 18, 1], [19, 4, 20, 5], [21, 7, 22, 6], [23, 18, 24, 19], [1, 16, 2, 17]]"
12a_0959_37,"[[1, 16, 2, 17], [3, 12, 4, 13], [5, 11, 6, 10], [7, 14, 8, 15], [9, 23, 10, 22], [11, 20, 12, 21], [13, 2, 14, 3], [15, 8, 16, 9], [17, 24, 18, 1], [19, 4, 20, 5], [21, 7, 22, 6], [23, 18, 24, 19]]"
12a_0959_38,"[[23, 18, 24, 19], [1, 16, 2, 17], [3, 12, 4, 13], [5, 11, 6, 10], [7, 14, 8, 15], [9, 23, 10, 22], [11, 20, 12, 21], [13, 2, 14, 3], [15, 8, 16, 9], [17, 24, 18, 1], [19, 4, 20, 5], [21, 7, 22, 6]]"
12a_0959_39,"[[21, 7, 22, 6], [23, 18, 24, 19], [1, 16, 2, 17], [3, 12, 4, 13], [5, 11, 6, 10], [7, 14, 8, 15], [9, 23, 10, 22], [11, 20, 12, 21], [13, 2, 14, 3], [15, 8, 16, 9], [17, 24, 18, 1], [19, 4, 20, 5]]"
12a_0959_40,"[[19, 4, 20, 5], [21, 7, 22, 6], [23, 18, 24, 19], [1, 16, 2, 17], [3, 12, 4, 13], [5, 11, 6, 10], [7, 14, 8, 15], [9, 23, 10, 22], [11, 20, 12, 21], [13, 2, 14, 3], [15, 8, 16, 9], [17, 24, 18, 1]]"
12a_0959_41,"[[17, 24, 18, 1], [19, 4, 20, 5], [21, 7, 22, 6], [23, 18, 24, 19], [1, 16, 2, 17], [3, 12, 4, 13], [5, 11, 6, 10], [7, 14, 8, 15], [9, 23, 10, 22], [11, 20, 12, 21], [13, 2, 14, 3], [15, 8, 16, 9]]"
12a_0959_42,"[[15, 8, 16, 9], [17, 24, 18, 1], [19, 4, 20, 5], [21, 7, 22, 6], [23, 18, 24, 19], [1, 16, 2, 17], [3, 12, 4, 13], [5, 11, 6, 10], [7, 14, 8, 15], [9, 23, 10, 22], [11, 20, 12, 21], [13, 2, 14, 3]]"
12a_0959_43,"[[13, 2, 14, 3], [15, 8, 16, 9], [17, 24, 18, 1], [19, 4, 20, 5], [21, 7, 22, 6], [23, 18, 24, 19], [1, 16, 2, 17], [3, 12, 4, 13], [5, 11, 6, 10], [7, 14, 8, 15], [9, 23, 10, 22], [11, 20, 12, 21]]"
12a_0959_44,"[[11, 20, 12, 21], [13, 2, 14, 3], [15, 8, 16, 9], [17, 24, 18, 1], [19, 4, 20, 5], [21, 7, 22, 6], [23, 18, 24, 19], [1, 16, 2, 17], [3, 12, 4, 13], [5, 11, 6, 10], [7, 14, 8, 15], [9, 23, 10, 22]]"
12a_0959_45,"[[9, 23, 10, 22], [11, 20, 12, 21], [13, 2, 14, 3], [15, 8, 16, 9], [17, 24, 18, 1], [19, 4, 20, 5], [21, 7, 22, 6], [23, 18, 24, 19], [1, 16, 2, 17], [3, 12, 4, 13], [5, 11, 6, 10], [7, 14, 8, 15]]"
12a_0959_46,"[[7, 14, 8, 15], [9, 23, 10, 22], [11, 20, 12, 21], [13, 2, 14, 3], [15, 8, 16, 9], [17, 24, 18, 1], [19, 4, 20, 5], [21, 7, 22, 6], [23, 18, 24, 19], [1, 16, 2, 17], [3, 12, 4, 13], [5, 11, 6, 10]]"
12a_0959_47,"[[5, 11, 6, 10], [7, 14, 8, 15], [9, 23, 10, 22], [11, 20, 12, 21], [13, 2, 14, 3], [15, 8, 16, 9], [17, 24, 18, 1], [19, 4, 20, 5], [21, 7, 22, 6], [23, 18, 24, 19], [1, 16, 2, 17], [3, 12, 4, 13]]"
12a_0959_48,"[[4, 13, 5, 14], [6, 12, 7, 11], [8, 15, 9, 16], [10, 24, 11, 23], [12, 21, 13, 22], [14, 3, 15, 4], [16, 9, 17, 10], [18, 1, 19, 2], [20, 5, 21, 6], [22, 8, 23, 7], [24, 19, 1, 20], [2, 17, 3, 18]]"
12a_0959_49,"[[2, 17, 3, 18], [4, 13, 5, 14], [6, 12, 7, 11], [8, 15, 9, 16], [10, 24, 11, 23], [12, 21, 13, 22], [14, 3, 15, 4], [16, 9, 17, 10], [18, 1, 19, 2], [20, 5, 21, 6], [22, 8, 23, 7], [24, 19, 1, 20]]"
12a_0959_50,"[[24, 19, 1, 20], [2, 17, 3, 18], [4, 13, 5, 14], [6, 12, 7, 11], [8, 15, 9, 16], [10, 24, 11, 23], [12, 21, 13, 22], [14, 3, 15, 4], [16, 9, 17, 10], [18, 1, 19, 2], [20, 5, 21, 6], [22, 8, 23, 7]]"
12a_0959_51,"[[22, 8, 23, 7], [24, 19, 1, 20], [2, 17, 3, 18], [4, 13, 5, 14], [6, 12, 7, 11], [8, 15, 9, 16], [10, 24, 11, 23], [12, 21, 13, 22], [14, 3, 15, 4], [16, 9, 17, 10], [18, 1, 19, 2], [20, 5, 21, 6]]"
12a_0959_52,"[[20, 5, 21, 6], [22, 8, 23, 7], [24, 19, 1, 20], [2, 17, 3, 18], [4, 13, 5, 14], [6, 12, 7, 11], [8, 15, 9, 16], [10, 24, 11, 23], [12, 21, 13, 22], [14, 3, 15, 4], [16, 9, 17, 10], [18, 1, 19, 2]]"
12a_0959_53,"[[18, 1, 19, 2], [20, 5, 21, 6], [22, 8, 23, 7], [24, 19, 1, 20], [2, 17, 3, 18], [4, 13, 5, 14], [6, 12, 7, 11], [8, 15, 9, 16], [10, 24, 11, 23], [12, 21, 13, 22], [14, 3, 15, 4], [16, 9, 17, 10]]"
12a_0959_54,"[[16, 9, 17, 10], [18, 1, 19, 2], [20, 5, 21, 6], [22, 8, 23, 7], [24, 19, 1, 20], [2, 17, 3, 18], [4, 13, 5, 14], [6, 12, 7, 11], [8, 15, 9, 16], [10, 24, 11, 23], [12, 21, 13, 22], [14, 3, 15, 4]]"
12a_0959_55,"[[14, 3, 15, 4], [16, 9, 17, 10], [18, 1, 19, 2], [20, 5, 21, 6], [22, 8, 23, 7], [24, 19, 1, 20], [2, 17, 3, 18], [4, 13, 5, 14], [6, 12, 7, 11], [8, 15, 9, 16], [10, 24, 11, 23], [12, 21, 13, 22]]"
12a_0959_56,"[[12, 21, 13, 22], [14, 3, 15, 4], [16, 9, 17, 10], [18, 1, 19, 2], [20, 5, 21, 6], [22, 8, 23, 7], [24, 19, 1, 20], [2, 17, 3, 18], [4, 13, 5, 14], [6, 12, 7, 11], [8, 15, 9, 16], [10, 24, 11, 23]]"
12a_0959_57,"[[10, 24, 11, 23], [12, 21, 13, 22], [14, 3, 15, 4], [16, 9, 17, 10], [18, 1, 19, 2], [20, 5, 21, 6], [22, 8, 23, 7], [24, 19, 1, 20], [2, 17, 3, 18], [4, 13, 5, 14], [6, 12, 7, 11], [8, 15, 9, 16]]"
12a_0959_58,"[[8, 15, 9, 16], [10, 24, 11, 23], [12, 21, 13, 22], [14, 3, 15, 4], [16, 9, 17, 10], [18, 1, 19, 2], [20, 5, 21, 6], [22, 8, 23, 7], [24, 19, 1, 20], [2, 17, 3, 18], [4, 13, 5, 14], [6, 12, 7, 11]]"
12a_0959_59,"[[6, 12, 7, 11], [8, 15, 9, 16], [10, 24, 11, 23], [12, 21, 13, 22], [14, 3, 15, 4], [16, 9, 17, 10], [18, 1, 19, 2], [20, 5, 21, 6], [22, 8, 23, 7], [24, 19, 1, 20], [2, 17, 3, 18], [4, 13, 5, 14]]"
12a_0959_60,"[[5, 14, 6, 15], [7, 13, 8, 12], [9, 16, 10, 17], [11, 1, 12, 24], [13, 22, 14, 23], [15, 4, 16, 5], [17, 10, 18, 11], [19, 2, 20, 3], [21, 6, 22, 7], [23, 9, 24, 8], [1, 20, 2, 21], [3, 18, 4, 19]]"
12a_0959_61,"[[3, 18, 4, 19], [5, 14, 6, 15], [7, 13, 8, 12], [9, 16, 10, 17], [11, 1, 12, 24], [13, 22, 14, 23], [15, 4, 16, 5], [17, 10, 18, 11], [19, 2, 20, 3], [21, 6, 22, 7], [23, 9, 24, 8], [1, 20, 2, 21]]"
12a_0959_62,"[[1, 20, 2, 21], [3, 18, 4, 19], [5, 14, 6, 15], [7, 13, 8, 12], [9, 16, 10, 17], [11, 1, 12, 24], [13, 22, 14, 23], [15, 4, 16, 5], [17, 10, 18, 11], [19, 2, 20, 3], [21, 6, 22, 7], [23, 9, 24, 8]]"
12a_0959_63,"[[23, 9, 24, 8], [1, 20, 2, 21], [3, 18, 4, 19], [5, 14, 6, 15], [7, 13, 8, 12], [9, 16, 10, 17], [11, 1, 12, 24], [13, 22, 14, 23], [15, 4, 16, 5], [17, 10, 18, 11], [19, 2, 20, 3], [21, 6, 22, 7]]"
12a_0959_64,"[[21, 6, 22, 7], [23, 9, 24, 8], [1, 20, 2, 21], [3, 18, 4, 19], [5, 14, 6, 15], [7, 13, 8, 12], [9, 16, 10, 17], [11, 1, 12, 24], [13, 22, 14, 23], [15, 4, 16, 5], [17, 10, 18, 11], [19, 2, 20, 3]]"
12a_0959_65,"[[19, 2, 20, 3], [21, 6, 22, 7], [23, 9, 24, 8], [1, 20, 2, 21], [3, 18, 4, 19], [5, 14, 6, 15], [7, 13, 8, 12], [9, 16, 10, 17], [11, 1, 12, 24], [13, 22, 14, 23], [15, 4, 16, 5], [17, 10, 18, 11]]"
12a_0959_66,"[[17, 10, 18, 11], [19, 2, 20, 3], [21, 6, 22, 7], [23, 9, 24, 8], [1, 20, 2, 21], [3, 18, 4, 19], [5, 14, 6, 15], [7, 13, 8, 12], [9, 16, 10, 17], [11, 1, 12, 24], [13, 22, 14, 23], [15, 4, 16, 5]]"
12a_0959_67,"[[15, 4, 16, 5], [17, 10, 18, 11], [19, 2, 20, 3], [21, 6, 22, 7], [23, 9, 24, 8], [1, 20, 2, 21], [3, 18, 4, 19], [5, 14, 6, 15], [7, 13, 8, 12], [9, 16, 10, 17], [11, 1, 12, 24], [13, 22, 14, 23]]"
12a_0959_68,"[[13, 22, 14, 23], [15, 4, 16, 5], [17, 10, 18, 11], [19, 2, 20, 3], [21, 6, 22, 7], [23, 9, 24, 8], [1, 20, 2, 21], [3, 18, 4, 19], [5, 14, 6, 15], [7, 13, 8, 12], [9, 16, 10, 17], [11, 1, 12, 24]]"
12a_0959_69,"[[11, 1, 12, 24], [13, 22, 14, 23], [15, 4, 16, 5], [17, 10, 18, 11], [19, 2, 20, 3], [21, 6, 22, 7], [23, 9, 24, 8], [1, 20, 2, 21], [3, 18, 4, 19], [5, 14, 6, 15], [7, 13, 8, 12], [9, 16, 10, 17]]"
12a_0959_70,"[[9, 16, 10, 17], [11, 1, 12, 24], [13, 22, 14, 23], [15, 4, 16, 5], [17, 10, 18, 11], [19, 2, 20, 3], [21, 6, 22, 7], [23, 9, 24, 8], [1, 20, 2, 21], [3, 18, 4, 19], [5, 14, 6, 15], [7, 13, 8, 12]]"
12a_0959_71,"[[7, 13, 8, 12], [9, 16, 10, 17], [11, 1, 12, 24], [13, 22, 14, 23], [15, 4, 16, 5], [17, 10, 18, 11], [19, 2, 20, 3], [21, 6, 22, 7], [23, 9, 24, 8], [1, 20, 2, 21], [3, 18, 4, 19], [5, 14, 6, 15]]"
12a_0959_72,"[[6, 15, 7, 16], [8, 14, 9, 13], [10, 17, 11, 18], [12, 2, 13, 1], [14, 23, 15, 24], [16, 5, 17, 6], [18, 11, 19, 12], [20, 3, 21, 4], [22, 7, 23, 8], [24, 10, 1, 9], [2, 21, 3, 22], [4, 19, 5, 20]]"
12a_0959_73,"[[4, 19, 5, 20], [6, 15, 7, 16], [8, 14, 9, 13], [10, 17, 11, 18], [12, 2, 13, 1], [14, 23, 15, 24], [16, 5, 17, 6], [18, 11, 19, 12], [20, 3, 21, 4], [22, 7, 23, 8], [24, 10, 1, 9], [2, 21, 3, 22]]"
12a_0959_74,"[[2, 21, 3, 22], [4, 19, 5, 20], [6, 15, 7, 16], [8, 14, 9, 13], [10, 17, 11, 18], [12, 2, 13, 1], [14, 23, 15, 24], [16, 5, 17, 6], [18, 11, 19, 12], [20, 3, 21, 4], [22, 7, 23, 8], [24, 10, 1, 9]]"
12a_0959_75,"[[24, 10, 1, 9], [2, 21, 3, 22], [4, 19, 5, 20], [6, 15, 7, 16], [8, 14, 9, 13], [10, 17, 11, 18], [12, 2, 13, 1], [14, 23, 15, 24], [16, 5, 17, 6], [18, 11, 19, 12], [20, 3, 21, 4], [22, 7, 23, 8]]"
12a_0959_76,"[[22, 7, 23, 8], [24, 10, 1, 9], [2, 21, 3, 22], [4, 19, 5, 20], [6, 15, 7, 16], [8, 14, 9, 13], [10, 17, 11, 18], [12, 2, 13, 1], [14, 23, 15, 24], [16, 5, 17, 6], [18, 11, 19, 12], [20, 3, 21, 4]]"
12a_0959_77,"[[20, 3, 21, 4], [22, 7, 23, 8], [24, 10, 1, 9], [2, 21, 3, 22], [4, 19, 5, 20], [6, 15, 7, 16], [8, 14, 9, 13], [10, 17, 11, 18], [12, 2, 13, 1], [14, 23, 15, 24], [16, 5, 17, 6], [18, 11, 19, 12]]"
12a_0959_78,"[[18, 11, 19, 12], [20, 3, 21, 4], [22, 7, 23, 8], [24, 10, 1, 9], [2, 21, 3, 22], [4, 19, 5, 20], [6, 15, 7, 16], [8, 14, 9, 13], [10, 17, 11, 18], [12, 2, 13, 1], [14, 23, 15, 24], [16, 5, 17, 6]]"
12a_0959_79,"[[16, 5, 17, 6], [18, 11, 19, 12], [20, 3, 21, 4], [22, 7, 23, 8], [24, 10, 1, 9], [2, 21, 3, 22], [4, 19, 5, 20], [6, 15, 7, 16], [8, 14, 9, 13], [10, 17, 11, 18], [12, 2, 13, 1], [14, 23, 15, 24]]"
12a_0959_80,"[[14, 23, 15, 24], [16, 5, 17, 6], [18, 11, 19, 12], [20, 3, 21, 4], [22, 7, 23, 8], [24, 10, 1, 9], [2, 21, 3, 22], [4, 19, 5, 20], [6, 15, 7, 16], [8, 14, 9, 13], [10, 17, 11, 18], [12, 2, 13, 1]]"
12a_0959_81,"[[12, 2, 13, 1], [14, 23, 15, 24], [16, 5, 17, 6], [18, 11, 19, 12], [20, 3, 21, 4], [22, 7, 23, 8], [24, 10, 1, 9], [2, 21, 3, 22], [4, 19, 5, 20], [6, 15, 7, 16], [8, 14, 9, 13], [10, 17, 11, 18]]"
12a_0959_82,"[[10, 17, 11, 18], [12, 2, 13, 1], [14, 23, 15, 24], [16, 5, 17, 6], [18, 11, 19, 12], [20, 3, 21, 4], [22, 7, 23, 8], [24, 10, 1, 9], [2, 21, 3, 22], [4, 19, 5, 20], [6, 15, 7, 16], [8, 14, 9, 13]]"
12a_0959_83,"[[8, 14, 9, 13], [10, 17, 11, 18], [12, 2, 13, 1], [14, 23, 15, 24], [16, 5, 17, 6], [18, 11, 19, 12], [20, 3, 21, 4], [22, 7, 23, 8], [24, 10, 1, 9], [2, 21, 3, 22], [4, 19, 5, 20], [6, 15, 7, 16]]"
12a_0959_84,"[[7, 16, 8, 17], [9, 15, 10, 14], [11, 18, 12, 19], [13, 3, 14, 2], [15, 24, 16, 1], [17, 6, 18, 7], [19, 12, 20, 13], [21, 4, 22, 5], [23, 8, 24, 9], [1, 11, 2, 10], [3, 22, 4, 23], [5, 20, 6, 21]]"
12a_0959_85,"[[5, 20, 6, 21], [7, 16, 8, 17], [9, 15, 10, 14], [11, 18, 12, 19], [13, 3, 14, 2], [15, 24, 16, 1], [17, 6, 18, 7], [19, 12, 20, 13], [21, 4, 22, 5], [23, 8, 24, 9], [1, 11, 2, 10], [3, 22, 4, 23]]"
12a_0959_86,"[[3, 22, 4, 23], [5, 20, 6, 21], [7, 16, 8, 17], [9, 15, 10, 14], [11, 18, 12, 19], [13, 3, 14, 2], [15, 24, 16, 1], [17, 6, 18, 7], [19, 12, 20, 13], [21, 4, 22, 5], [23, 8, 24, 9], [1, 11, 2, 10]]"
12a_0959_87,"[[1, 11, 2, 10], [3, 22, 4, 23], [5, 20, 6, 21], [7, 16, 8, 17], [9, 15, 10, 14], [11, 18, 12, 19], [13, 3, 14, 2], [15, 24, 16, 1], [17, 6, 18, 7], [19, 12, 20, 13], [21, 4, 22, 5], [23, 8, 24, 9]]"
12a_0959_88,"[[23, 8, 24, 9], [1, 11, 2, 10], [3, 22, 4, 23], [5, 20, 6, 21], [7, 16, 8, 17], [9, 15, 10, 14], [11, 18, 12, 19], [13, 3, 14, 2], [15, 24, 16, 1], [17, 6, 18, 7], [19, 12, 20, 13], [21, 4, 22, 5]]"
12a_0959_89,"[[21, 4, 22, 5], [23, 8, 24, 9], [1, 11, 2, 10], [3, 22, 4, 23], [5, 20, 6, 21], [7, 16, 8, 17], [9, 15, 10, 14], [11, 18, 12, 19], [13, 3, 14, 2], [15, 24, 16, 1], [17, 6, 18, 7], [19, 12, 20, 13]]"
12a_0959_90,"[[19, 12, 20, 13], [21, 4, 22, 5], [23, 8, 24, 9], [1, 11, 2, 10], [3, 22, 4, 23], [5, 20, 6, 21], [7, 16, 8, 17], [9, 15, 10, 14], [11, 18, 12, 19], [13, 3, 14, 2], [15, 24, 16, 1], [17, 6, 18, 7]]"
12a_0959_91,"[[17, 6, 18, 7], [19, 12, 20, 13], [21, 4, 22, 5], [23, 8, 24, 9], [1, 11, 2, 10], [3, 22, 4, 23], [5, 20, 6, 21], [7, 16, 8, 17], [9, 15, 10, 14], [11, 18, 12, 19], [13, 3, 14, 2], [15, 24, 16, 1]]"
12a_0959_92,"[[15, 24, 16, 1], [17, 6, 18, 7], [19, 12, 20, 13], [21, 4, 22, 5], [23, 8, 24, 9], [1, 11, 2, 10], [3, 22, 4, 23], [5, 20, 6, 21], [7, 16, 8, 17], [9, 15, 10, 14], [11, 18, 12, 19], [13, 3, 14, 2]]"
12a_0959_93,"[[13, 3, 14, 2], [15, 24, 16, 1], [17, 6, 18, 7], [19, 12, 20, 13], [21, 4, 22, 5], [23, 8, 24, 9], [1, 11, 2, 10], [3, 22, 4, 23], [5, 20, 6, 21], [7, 16, 8, 17], [9, 15, 10, 14], [11, 18, 12, 19]]"
12a_0959_94,"[[11, 18, 12, 19], [13, 3, 14, 2], [15, 24, 16, 1], [17, 6, 18, 7], [19, 12, 20, 13], [21, 4, 22, 5], [23, 8, 24, 9], [1, 11, 2, 10], [3, 22, 4, 23], [5, 20, 6, 21], [7, 16, 8, 17], [9, 15, 10, 14]]"
12a_0959_95,"[[9, 15, 10, 14], [11, 18, 12, 19], [13, 3, 14, 2], [15, 24, 16, 1], [17, 6, 18, 7], [19, 12, 20, 13], [21, 4, 22, 5], [23, 8, 24, 9], [1, 11, 2, 10], [3, 22, 4, 23], [5, 20, 6, 21], [7, 16, 8, 17]]"
12a_0959_96,"[[8, 17, 9, 18], [10, 16, 11, 15], [12, 19, 13, 20], [14, 4, 15, 3], [16, 1, 17, 2], [18, 7, 19, 8], [20, 13, 21, 14], [22, 5, 23, 6], [24, 9, 1, 10], [2, 12, 3, 11], [4, 23, 5, 24], [6, 21, 7, 22]]"
12a_0959_97,"[[6, 21, 7, 22], [8, 17, 9, 18], [10, 16, 11, 15], [12, 19, 13, 20], [14, 4, 15, 3], [16, 1, 17, 2], [18, 7, 19, 8], [20, 13, 21, 14], [22, 5, 23, 6], [24, 9, 1, 10], [2, 12, 3, 11], [4, 23, 5, 24]]"
12a_0959_98,"[[4, 23, 5, 24], [6, 21, 7, 22], [8, 17, 9, 18], [10, 16, 11, 15], [12, 19, 13, 20], [14, 4, 15, 3], [16, 1, 17, 2], [18, 7, 19, 8], [20, 13, 21, 14], [22, 5, 23, 6], [24, 9, 1, 10], [2, 12, 3, 11]]"
12a_0959_99,"[[2, 12, 3, 11], [4, 23, 5, 24], [6, 21, 7, 22], [8, 17, 9, 18], [10, 16, 11, 15], [12, 19, 13, 20], [14, 4, 15, 3], [16, 1, 17, 2], [18, 7, 19, 8], [20, 13, 21, 14], [22, 5, 23, 6], [24, 9, 1, 10]]"
12a_0959_100,"[[24, 9, 1, 10], [2, 12, 3, 11], [4, 23, 5, 24], [6, 21, 7, 22], [8, 17, 9, 18], [10, 16, 11, 15], [12, 19, 13, 20], [14, 4, 15, 3], [16, 1, 17, 2], [18, 7, 19, 8], [20, 13, 21, 14], [22, 5, 23, 6]]"
12a_0959_101,"[[22, 5, 23, 6], [24, 9, 1, 10], [2, 12, 3, 11], [4, 23, 5, 24], [6, 21, 7, 22], [8, 17, 9, 18], [10, 16, 11, 15], [12, 19, 13, 20], [14, 4, 15, 3], [16, 1, 17, 2], [18, 7, 19, 8], [20, 13, 21, 14]]"
12a_0959_102,"[[20, 13, 21, 14], [22, 5, 23, 6], [24, 9, 1, 10], [2, 12, 3, 11], [4, 23, 5, 24], [6, 21, 7, 22], [8, 17, 9, 18], [10, 16, 11, 15], [12, 19, 13, 20], [14, 4, 15, 3], [16, 1, 17, 2], [18, 7, 19, 8]]"
12a_0959_103,"[[18, 7, 19, 8], [20, 13, 21, 14], [22, 5, 23, 6], [24, 9, 1, 10], [2, 12, 3, 11], [4, 23, 5, 24], [6, 21, 7, 22], [8, 17, 9, 18], [10, 16, 11, 15], [12, 19, 13, 20], [14, 4, 15, 3], [16, 1, 17, 2]]"
12a_0959_104,"[[16, 1, 17, 2], [18, 7, 19, 8], [20, 13, 21, 14], [22, 5, 23, 6], [24, 9, 1, 10], [2, 12, 3, 11], [4, 23, 5, 24], [6, 21, 7, 22], [8, 17, 9, 18], [10, 16, 11, 15], [12, 19, 13, 20], [14, 4, 15, 3]]"
12a_0959_105,"[[14, 4, 15, 3], [16, 1, 17, 2], [18, 7, 19, 8], [20, 13, 21, 14], [22, 5, 23, 6], [24, 9, 1, 10], [2, 12, 3, 11], [4, 23, 5, 24], [6, 21, 7, 22], [8, 17, 9, 18], [10, 16, 11, 15], [12, 19, 13, 20]]"
12a_0959_106,"[[12, 19, 13, 20], [14, 4, 15, 3], [16, 1, 17, 2], [18, 7, 19, 8], [20, 13, 21, 14], [22, 5, 23, 6], [24, 9, 1, 10], [2, 12, 3, 11], [4, 23, 5, 24], [6, 21, 7, 22], [8, 17, 9, 18], [10, 16, 11, 15]]"
12a_0959_107,"[[10, 16, 11, 15], [12, 19, 13, 20], [14, 4, 15, 3], [16, 1, 17, 2], [18, 7, 19, 8], [20, 13, 21, 14], [22, 5, 23, 6], [24, 9, 1, 10], [2, 12, 3, 11], [4, 23, 5, 24], [6, 21, 7, 22], [8, 17, 9, 18]]"
12a_0959_108,"[[9, 18, 10, 19], [11, 17, 12, 16], [13, 20, 14, 21], [15, 5, 16, 4], [17, 2, 18, 3], [19, 8, 20, 9], [21, 14, 22, 15], [23, 6, 24, 7], [1, 10, 2, 11], [3, 13, 4, 12], [5, 24, 6, 1], [7, 22, 8, 23]]"
12a_0959_109,"[[7, 22, 8, 23], [9, 18, 10, 19], [11, 17, 12, 16], [13, 20, 14, 21], [15, 5, 16, 4], [17, 2, 18, 3], [19, 8, 20, 9], [21, 14, 22, 15], [23, 6, 24, 7], [1, 10, 2, 11], [3, 13, 4, 12], [5, 24, 6, 1]]"
12a_0959_110,"[[5, 24, 6, 1], [7, 22, 8, 23], [9, 18, 10, 19], [11, 17, 12, 16], [13, 20, 14, 21], [15, 5, 16, 4], [17, 2, 18, 3], [19, 8, 20, 9], [21, 14, 22, 15], [23, 6, 24, 7], [1, 10, 2, 11], [3, 13, 4, 12]]"
12a_0959_111,"[[3, 13, 4, 12], [5, 24, 6, 1], [7, 22, 8, 23], [9, 18, 10, 19], [11, 17, 12, 16], [13, 20, 14, 21], [15, 5, 16, 4], [17, 2, 18, 3], [19, 8, 20, 9], [21, 14, 22, 15], [23, 6, 24, 7], [1, 10, 2, 11]]"
12a_0959_112,"[[1, 10, 2, 11], [3, 13, 4, 12], [5, 24, 6, 1], [7, 22, 8, 23], [9, 18, 10, 19], [11, 17, 12, 16], [13, 20, 14, 21], [15, 5, 16, 4], [17, 2, 18, 3], [19, 8, 20, 9], [21, 14, 22, 15], [23, 6, 24, 7]]"
12a_0959_113,"[[23, 6, 24, 7], [1, 10, 2, 11], [3, 13, 4, 12], [5, 24, 6, 1], [7, 22, 8, 23], [9, 18, 10, 19], [11, 17, 12, 16], [13, 20, 14, 21], [15, 5, 16, 4], [17, 2, 18, 3], [19, 8, 20, 9], [21, 14, 22, 15]]"
12a_0959_114,"[[21, 14, 22, 15], [23, 6, 24, 7], [1, 10, 2, 11], [3, 13, 4, 12], [5, 24, 6, 1], [7, 22, 8, 23], [9, 18, 10, 19], [11, 17, 12, 16], [13, 20, 14, 21], [15, 5, 16, 4], [17, 2, 18, 3], [19, 8, 20, 9]]"
12a_0959_115,"[[19, 8, 20, 9], [21, 14, 22, 15], [23, 6, 24, 7], [1, 10, 2, 11], [3, 13, 4, 12], [5, 24, 6, 1], [7, 22, 8, 23], [9, 18, 10, 19], [11, 17, 12, 16], [13, 20, 14, 21], [15, 5, 16, 4], [17, 2, 18, 3]]"
12a_0959_116,"[[17, 2, 18, 3], [19, 8, 20, 9], [21, 14, 22, 15], [23, 6, 24, 7], [1, 10, 2, 11], [3, 13, 4, 12], [5, 24, 6, 1], [7, 22, 8, 23], [9, 18, 10, 19], [11, 17, 12, 16], [13, 20, 14, 21], [15, 5, 16, 4]]"
12a_0959_117,"[[15, 5, 16, 4], [17, 2, 18, 3], [19, 8, 20, 9], [21, 14, 22, 15], [23, 6, 24, 7], [1, 10, 2, 11], [3, 13, 4, 12], [5, 24, 6, 1], [7, 22, 8, 23], [9, 18, 10, 19], [11, 17, 12, 16], [13, 20, 14, 21]]"
12a_0959_118,"[[13, 20, 14, 21], [15, 5, 16, 4], [17, 2, 18, 3], [19, 8, 20, 9], [21, 14, 22, 15], [23, 6, 24, 7], [1, 10, 2, 11], [3, 13, 4, 12], [5, 24, 6, 1], [7, 22, 8, 23], [9, 18, 10, 19], [11, 17, 12, 16]]"
12a_0959_119,"[[11, 17, 12, 16], [13, 20, 14, 21], [15, 5, 16, 4], [17, 2, 18, 3], [19, 8, 20, 9], [21, 14, 22, 15], [23, 6, 24, 7], [1, 10, 2, 11], [3, 13, 4, 12], [5, 24, 6, 1], [7, 22, 8, 23], [9, 18, 10, 19]]"
12a_0959_120,"[[10, 19, 11, 20], [12, 18, 13, 17], [14, 21, 15, 22], [16, 6, 17, 5], [18, 3, 19, 4], [20, 9, 21, 10], [22, 15, 23, 16], [24, 7, 1, 8], [2, 11, 3, 12], [4, 14, 5, 13], [6, 1, 7, 2], [8, 23, 9, 24]]"
12a_0959_121,"[[8, 23, 9, 24], [10, 19, 11, 20], [12, 18, 13, 17], [14, 21, 15, 22], [16, 6, 17, 5], [18, 3, 19, 4], [20, 9, 21, 10], [22, 15, 23, 16], [24, 7, 1, 8], [2, 11, 3, 12], [4, 14, 5, 13], [6, 1, 7, 2]]"
12a_0959_122,"[[6, 1, 7, 2], [8, 23, 9, 24], [10, 19, 11, 20], [12, 18, 13, 17], [14, 21, 15, 22], [16, 6, 17, 5], [18, 3, 19, 4], [20, 9, 21, 10], [22, 15, 23, 16], [24, 7, 1, 8], [2, 11, 3, 12], [4, 14, 5, 13]]"
12a_0959_123,"[[4, 14, 5, 13], [6, 1, 7, 2], [8, 23, 9, 24], [10, 19, 11, 20], [12, 18, 13, 17], [14, 21, 15, 22], [16, 6, 17, 5], [18, 3, 19, 4], [20, 9, 21, 10], [22, 15, 23, 16], [24, 7, 1, 8], [2, 11, 3, 12]]"
12a_0959_124,"[[2, 11, 3, 12], [4, 14, 5, 13], [6, 1, 7, 2], [8, 23, 9, 24], [10, 19, 11, 20], [12, 18, 13, 17], [14, 21, 15, 22], [16, 6, 17, 5], [18, 3, 19, 4], [20, 9, 21, 10], [22, 15, 23, 16], [24, 7, 1, 8]]"
12a_0959_125,"[[24, 7, 1, 8], [2, 11, 3, 12], [4, 14, 5, 13], [6, 1, 7, 2], [8, 23, 9, 24], [10, 19, 11, 20], [12, 18, 13, 17], [14, 21, 15, 22], [16, 6, 17, 5], [18, 3, 19, 4], [20, 9, 21, 10], [22, 15, 23, 16]]"
12a_0959_126,"[[22, 15, 23, 16], [24, 7, 1, 8], [2, 11, 3, 12], [4, 14, 5, 13], [6, 1, 7, 2], [8, 23, 9, 24], [10, 19, 11, 20], [12, 18, 13, 17], [14, 21, 15, 22], [16, 6, 17, 5], [18, 3, 19, 4], [20, 9, 21, 10]]"
12a_0959_127,"[[20, 9, 21, 10], [22, 15, 23, 16], [24, 7, 1, 8], [2, 11, 3, 12], [4, 14, 5, 13], [6, 1, 7, 2], [8, 23, 9, 24], [10, 19, 11, 20], [12, 18, 13, 17], [14, 21, 15, 22], [16, 6, 17, 5], [18, 3, 19, 4]]"
12a_0959_128,"[[18, 3, 19, 4], [20, 9, 21, 10], [22, 15, 23, 16], [24, 7, 1, 8], [2, 11, 3, 12], [4, 14, 5, 13], [6, 1, 7, 2], [8, 23, 9, 24], [10, 19, 11, 20], [12, 18, 13, 17], [14, 21, 15, 22], [16, 6, 17, 5]]"
12a_0959_129,"[[16, 6, 17, 5], [18, 3, 19, 4], [20, 9, 21, 10], [22, 15, 23, 16], [24, 7, 1, 8], [2, 11, 3, 12], [4, 14, 5, 13], [6, 1, 7, 2], [8, 23, 9, 24], [10, 19, 11, 20], [12, 18, 13, 17], [14, 21, 15, 22]]"
12a_0959_130,"[[14, 21, 15, 22], [16, 6, 17, 5], [18, 3, 19, 4], [20, 9, 21, 10], [22, 15, 23, 16], [24, 7, 1, 8], [2, 11, 3, 12], [4, 14, 5, 13], [6, 1, 7, 2], [8, 23, 9, 24], [10, 19, 11, 20], [12, 18, 13, 17]]"
12a_0959_131,"[[12, 18, 13, 17], [14, 21, 15, 22], [16, 6, 17, 5], [18, 3, 19, 4], [20, 9, 21, 10], [22, 15, 23, 16], [24, 7, 1, 8], [2, 11, 3, 12], [4, 14, 5, 13], [6, 1, 7, 2], [8, 23, 9, 24], [10, 19, 11, 20]]"
12a_0959_132,"[[11, 20, 12, 21], [13, 19, 14, 18], [15, 22, 16, 23], [17, 7, 18, 6], [19, 4, 20, 5], [21, 10, 22, 11], [23, 16, 24, 17], [1, 8, 2, 9], [3, 12, 4, 13], [5, 15, 6, 14], [7, 2, 8, 3], [9, 24, 10, 1]]"
12a_0959_133,"[[9, 24, 10, 1], [11, 20, 12, 21], [13, 19, 14, 18], [15, 22, 16, 23], [17, 7, 18, 6], [19, 4, 20, 5], [21, 10, 22, 11], [23, 16, 24, 17], [1, 8, 2, 9], [3, 12, 4, 13], [5, 15, 6, 14], [7, 2, 8, 3]]"
12a_0959_134,"[[7, 2, 8, 3], [9, 24, 10, 1], [11, 20, 12, 21], [13, 19, 14, 18], [15, 22, 16, 23], [17, 7, 18, 6], [19, 4, 20, 5], [21, 10, 22, 11], [23, 16, 24, 17], [1, 8, 2, 9], [3, 12, 4, 13], [5, 15, 6, 14]]"
12a_0959_135,"[[5, 15, 6, 14], [7, 2, 8, 3], [9, 24, 10, 1], [11, 20, 12, 21], [13, 19, 14, 18], [15, 22, 16, 23], [17, 7, 18, 6], [19, 4, 20, 5], [21, 10, 22, 11], [23, 16, 24, 17], [1, 8, 2, 9], [3, 12, 4, 13]]"
12a_0959_136,"[[3, 12, 4, 13], [5, 15, 6, 14], [7, 2, 8, 3], [9, 24, 10, 1], [11, 20, 12, 21], [13, 19, 14, 18], [15, 22, 16, 23], [17, 7, 18, 6], [19, 4, 20, 5], [21, 10, 22, 11], [23, 16, 24, 17], [1, 8, 2, 9]]"
12a_0959_137,"[[1, 8, 2, 9], [3, 12, 4, 13], [5, 15, 6, 14], [7, 2, 8, 3], [9, 24, 10, 1], [11, 20, 12, 21], [13, 19, 14, 18], [15, 22, 16, 23], [17, 7, 18, 6], [19, 4, 20, 5], [21, 10, 22, 11], [23, 16, 24, 17]]"
12a_0959_138,"[[23, 16, 24, 17], [1, 8, 2, 9], [3, 12, 4, 13], [5, 15, 6, 14], [7, 2, 8, 3], [9, 24, 10, 1], [11, 20, 12, 21], [13, 19, 14, 18], [15, 22, 16, 23], [17, 7, 18, 6], [19, 4, 20, 5], [21, 10, 22, 11]]"
12a_0959_139,"[[21, 10, 22, 11], [23, 16, 24, 17], [1, 8, 2, 9], [3, 12, 4, 13], [5, 15, 6, 14], [7, 2, 8, 3], [9, 24, 10, 1], [11, 20, 12, 21], [13, 19, 14, 18], [15, 22, 16, 23], [17, 7, 18, 6], [19, 4, 20, 5]]"
12a_0959_140,"[[19, 4, 20, 5], [21, 10, 22, 11], [23, 16, 24, 17], [1, 8, 2, 9], [3, 12, 4, 13], [5, 15, 6, 14], [7, 2, 8, 3], [9, 24, 10, 1], [11, 20, 12, 21], [13, 19, 14, 18], [15, 22, 16, 23], [17, 7, 18, 6]]"
12a_0959_141,"[[17, 7, 18, 6], [19, 4, 20, 5], [21, 10, 22, 11], [23, 16, 24, 17], [1, 8, 2, 9], [3, 12, 4, 13], [5, 15, 6, 14], [7, 2, 8, 3], [9, 24, 10, 1], [11, 20, 12, 21], [13, 19, 14, 18], [15, 22, 16, 23]]"
12a_0959_142,"[[15, 22, 16, 23], [17, 7, 18, 6], [19, 4, 20, 5], [21, 10, 22, 11], [23, 16, 24, 17], [1, 8, 2, 9], [3, 12, 4, 13], [5, 15, 6, 14], [7, 2, 8, 3], [9, 24, 10, 1], [11, 20, 12, 21], [13, 19, 14, 18]]"
12a_0959_143,"[[13, 19, 14, 18], [15, 22, 16, 23], [17, 7, 18, 6], [19, 4, 20, 5], [21, 10, 22, 11], [23, 16, 24, 17], [1, 8, 2, 9], [3, 12, 4, 13], [5, 15, 6, 14], [7, 2, 8, 3], [9, 24, 10, 1], [11, 20, 12, 21]]"
12a_0959_144,"[[12, 21, 13, 22], [14, 20, 15, 19], [16, 23, 17, 24], [18, 8, 19, 7], [20, 5, 21, 6], [22, 11, 23, 12], [24, 17, 1, 18], [2, 9, 3, 10], [4, 13, 5, 14], [6, 16, 7, 15], [8, 3, 9, 4], [10, 1, 11, 2]]"
12a_0959_145,"[[10, 1, 11, 2], [12, 21, 13, 22], [14, 20, 15, 19], [16, 23, 17, 24], [18, 8, 19, 7], [20, 5, 21, 6], [22, 11, 23, 12], [24, 17, 1, 18], [2, 9, 3, 10], [4, 13, 5, 14], [6, 16, 7, 15], [8, 3, 9, 4]]"
12a_0959_146,"[[8, 3, 9, 4], [10, 1, 11, 2], [12, 21, 13, 22], [14, 20, 15, 19], [16, 23, 17, 24], [18, 8, 19, 7], [20, 5, 21, 6], [22, 11, 23, 12], [24, 17, 1, 18], [2, 9, 3, 10], [4, 13, 5, 14], [6, 16, 7, 15]]"
12a_0959_147,"[[6, 16, 7, 15], [8, 3, 9, 4], [10, 1, 11, 2], [12, 21, 13, 22], [14, 20, 15, 19], [16, 23, 17, 24], [18, 8, 19, 7], [20, 5, 21, 6], [22, 11, 23, 12], [24, 17, 1, 18], [2, 9, 3, 10], [4, 13, 5, 14]]"
12a_0959_148,"[[4, 13, 5, 14], [6, 16, 7, 15], [8, 3, 9, 4], [10, 1, 11, 2], [12, 21, 13, 22], [14, 20, 15, 19], [16, 23, 17, 24], [18, 8, 19, 7], [20, 5, 21, 6], [22, 11, 23, 12], [24, 17, 1, 18], [2, 9, 3, 10]]"
12a_0959_149,"[[2, 9, 3, 10], [4, 13, 5, 14], [6, 16, 7, 15], [8, 3, 9, 4], [10, 1, 11, 2], [12, 21, 13, 22], [14, 20, 15, 19], [16, 23, 17, 24], [18, 8, 19, 7], [20, 5, 21, 6], [22, 11, 23, 12], [24, 17, 1, 18]]"
12a_0959_150,"[[24, 17, 1, 18], [2, 9, 3, 10], [4, 13, 5, 14], [6, 16, 7, 15], [8, 3, 9, 4], [10, 1, 11, 2], [12, 21, 13, 22], [14, 20, 15, 19], [16, 23, 17, 24], [18, 8, 19, 7], [20, 5, 21, 6], [22, 11, 23, 12]]"
12a_0959_151,"[[22, 11, 23, 12], [24, 17, 1, 18], [2, 9, 3, 10], [4, 13, 5, 14], [6, 16, 7, 15], [8, 3, 9, 4], [10, 1, 11, 2], [12, 21, 13, 22], [14, 20, 15, 19], [16, 23, 17, 24], [18, 8, 19, 7], [20, 5, 21, 6]]"
12a_0959_152,"[[20, 5, 21, 6], [22, 11, 23, 12], [24, 17, 1, 18], [2, 9, 3, 10], [4, 13, 5, 14], [6, 16, 7, 15], [8, 3, 9, 4], [10, 1, 11, 2], [12, 21, 13, 22], [14, 20, 15, 19], [16, 23, 17, 24], [18, 8, 19, 7]]"
12a_0959_153,"[[18, 8, 19, 7], [20, 5, 21, 6], [22, 11, 23, 12], [24, 17, 1, 18], [2, 9, 3, 10], [4, 13, 5, 14], [6, 16, 7, 15], [8, 3, 9, 4], [10, 1, 11, 2], [12, 21, 13, 22], [14, 20, 15, 19], [16, 23, 17, 24]]"
12a_0959_154,"[[16, 23, 17, 24], [18, 8, 19, 7], [20, 5, 21, 6], [22, 11, 23, 12], [24, 17, 1, 18], [2, 9, 3, 10], [4, 13, 5, 14], [6, 16, 7, 15], [8, 3, 9, 4], [10, 1, 11, 2], [12, 21, 13, 22], [14, 20, 15, 19]]"
12a_0959_155,"[[14, 20, 15, 19], [16, 23, 17, 24], [18, 8, 19, 7], [20, 5, 21, 6], [22, 11, 23, 12], [24, 17, 1, 18], [2, 9, 3, 10], [4, 13, 5, 14], [6, 16, 7, 15], [8, 3, 9, 4], [10, 1, 11, 2], [12, 21, 13, 22]]"
12a_0959_156,"[[13, 22, 14, 23], [15, 21, 16, 20], [17, 24, 18, 1], [19, 9, 20, 8], [21, 6, 22, 7], [23, 12, 24, 13], [1, 18, 2, 19], [3, 10, 4, 11], [5, 14, 6, 15], [7, 17, 8, 16], [9, 4, 10, 5], [11, 2, 12, 3]]"
12a_0959_157,"[[11, 2, 12, 3], [13, 22, 14, 23], [15, 21, 16, 20], [17, 24, 18, 1], [19, 9, 20, 8], [21, 6, 22, 7], [23, 12, 24, 13], [1, 18, 2, 19], [3, 10, 4, 11], [5, 14, 6, 15], [7, 17, 8, 16], [9, 4, 10, 5]]"
12a_0959_158,"[[9, 4, 10, 5], [11, 2, 12, 3], [13, 22, 14, 23], [15, 21, 16, 20], [17, 24, 18, 1], [19, 9, 20, 8], [21, 6, 22, 7], [23, 12, 24, 13], [1, 18, 2, 19], [3, 10, 4, 11], [5, 14, 6, 15], [7, 17, 8, 16]]"
12a_0959_159,"[[7, 17, 8, 16], [9, 4, 10, 5], [11, 2, 12, 3], [13, 22, 14, 23], [15, 21, 16, 20], [17, 24, 18, 1], [19, 9, 20, 8], [21, 6, 22, 7], [23, 12, 24, 13], [1, 18, 2, 19], [3, 10, 4, 11], [5, 14, 6, 15]]"
12a_0959_160,"[[5, 14, 6, 15], [7, 17, 8, 16], [9, 4, 10, 5], [11, 2, 12, 3], [13, 22, 14, 23], [15, 21, 16, 20], [17, 24, 18, 1], [19, 9, 20, 8], [21, 6, 22, 7], [23, 12, 24, 13], [1, 18, 2, 19], [3, 10, 4, 11]]"
12a_0959_161,"[[3, 10, 4, 11], [5, 14, 6, 15], [7, 17, 8, 16], [9, 4, 10, 5], [11, 2, 12, 3], [13, 22, 14, 23], [15, 21, 16, 20], [17, 24, 18, 1], [19, 9, 20, 8], [21, 6, 22, 7], [23, 12, 24, 13], [1, 18, 2, 19]]"
12a_0959_162,"[[1, 18, 2, 19], [3, 10, 4, 11], [5, 14, 6, 15], [7, 17, 8, 16], [9, 4, 10, 5], [11, 2, 12, 3], [13, 22, 14, 23], [15, 21, 16, 20], [17, 24, 18, 1], [19, 9, 20, 8], [21, 6, 22, 7], [23, 12, 24, 13]]"
12a_0959_163,"[[23, 12, 24, 13], [1, 18, 2, 19], [3, 10, 4, 11], [5, 14, 6, 15], [7, 17, 8, 16], [9, 4, 10, 5], [11, 2, 12, 3], [13, 22, 14, 23], [15, 21, 16, 20], [17, 24, 18, 1], [19, 9, 20, 8], [21, 6, 22, 7]]"
12a_0959_164,"[[21, 6, 22, 7], [23, 12, 24, 13], [1, 18, 2, 19], [3, 10, 4, 11], [5, 14, 6, 15], [7, 17, 8, 16], [9, 4, 10, 5], [11, 2, 12, 3], [13, 22, 14, 23], [15, 21, 16, 20], [17, 24, 18, 1], [19, 9, 20, 8]]"
12a_0959_165,"[[19, 9, 20, 8], [21, 6, 22, 7], [23, 12, 24, 13], [1, 18, 2, 19], [3, 10, 4, 11], [5, 14, 6, 15], [7, 17, 8, 16], [9, 4, 10, 5], [11, 2, 12, 3], [13, 22, 14, 23], [15, 21, 16, 20], [17, 24, 18, 1]]"
12a_0959_166,"[[17, 24, 18, 1], [19, 9, 20, 8], [21, 6, 22, 7], [23, 12, 24, 13], [1, 18, 2, 19], [3, 10, 4, 11], [5, 14, 6, 15], [7, 17, 8, 16], [9, 4, 10, 5], [11, 2, 12, 3], [13, 22, 14, 23], [15, 21, 16, 20]]"
12a_0959_167,"[[15, 21, 16, 20], [17, 24, 18, 1], [19, 9, 20, 8], [21, 6, 22, 7], [23, 12, 24, 13], [1, 18, 2, 19], [3, 10, 4, 11], [5, 14, 6, 15], [7, 17, 8, 16], [9, 4, 10, 5], [11, 2, 12, 3], [13, 22, 14, 23]]"
12a_0959_168,"[[14, 23, 15, 24], [16, 22, 17, 21], [18, 1, 19, 2], [20, 10, 21, 9], [22, 7, 23, 8], [24, 13, 1, 14], [2, 19, 3, 20], [4, 11, 5, 12], [6, 15, 7, 16], [8, 18, 9, 17], [10, 5, 11, 6], [12, 3, 13, 4]]"
12a_0959_169,"[[12, 3, 13, 4], [14, 23, 15, 24], [16, 22, 17, 21], [18, 1, 19, 2], [20, 10, 21, 9], [22, 7, 23, 8], [24, 13, 1, 14], [2, 19, 3, 20], [4, 11, 5, 12], [6, 15, 7, 16], [8, 18, 9, 17], [10, 5, 11, 6]]"
12a_0959_170,"[[10, 5, 11, 6], [12, 3, 13, 4], [14, 23, 15, 24], [16, 22, 17, 21], [18, 1, 19, 2], [20, 10, 21, 9], [22, 7, 23, 8], [24, 13, 1, 14], [2, 19, 3, 20], [4, 11, 5, 12], [6, 15, 7, 16], [8, 18, 9, 17]]"
12a_0959_171,"[[8, 18, 9, 17], [10, 5, 11, 6], [12, 3, 13, 4], [14, 23, 15, 24], [16, 22, 17, 21], [18, 1, 19, 2], [20, 10, 21, 9], [22, 7, 23, 8], [24, 13, 1, 14], [2, 19, 3, 20], [4, 11, 5, 12], [6, 15, 7, 16]]"
12a_0959_172,"[[6, 15, 7, 16], [8, 18, 9, 17], [10, 5, 11, 6], [12, 3, 13, 4], [14, 23, 15, 24], [16, 22, 17, 21], [18, 1, 19, 2], [20, 10, 21, 9], [22, 7, 23, 8], [24, 13, 1, 14], [2, 19, 3, 20], [4, 11, 5, 12]]"
12a_0959_173,"[[4, 11, 5, 12], [6, 15, 7, 16], [8, 18, 9, 17], [10, 5, 11, 6], [12, 3, 13, 4], [14, 23, 15, 24], [16, 22, 17, 21], [18, 1, 19, 2], [20, 10, 21, 9], [22, 7, 23, 8], [24, 13, 1, 14], [2, 19, 3, 20]]"
12a_0959_174,"[[2, 19, 3, 20], [4, 11, 5, 12], [6, 15, 7, 16], [8, 18, 9, 17], [10, 5, 11, 6], [12, 3, 13, 4], [14, 23, 15, 24], [16, 22, 17, 21], [18, 1, 19, 2], [20, 10, 21, 9], [22, 7, 23, 8], [24, 13, 1, 14]]"
12a_0959_175,"[[24, 13, 1, 14], [2, 19, 3, 20], [4, 11, 5, 12], [6, 15, 7, 16], [8, 18, 9, 17], [10, 5, 11, 6], [12, 3, 13, 4], [14, 23, 15, 24], [16, 22, 17, 21], [18, 1, 19, 2], [20, 10, 21, 9], [22, 7, 23, 8]]"
12a_0959_176,"[[22, 7, 23, 8], [24, 13, 1, 14], [2, 19, 3, 20], [4, 11, 5, 12], [6, 15, 7, 16], [8, 18, 9, 17], [10, 5, 11, 6], [12, 3, 13, 4], [14, 23, 15, 24], [16, 22, 17, 21], [18, 1, 19, 2], [20, 10, 21, 9]]"
12a_0959_177,"[[20, 10, 21, 9], [22, 7, 23, 8], [24, 13, 1, 14], [2, 19, 3, 20], [4, 11, 5, 12], [6, 15, 7, 16], [8, 18, 9, 17], [10, 5, 11, 6], [12, 3, 13, 4], [14, 23, 15, 24], [16, 22, 17, 21], [18, 1, 19, 2]]"
12a_0959_178,"[[18, 1, 19, 2], [20, 10, 21, 9], [22, 7, 23, 8], [24, 13, 1, 14], [2, 19, 3, 20], [4, 11, 5, 12], [6, 15, 7, 16], [8, 18, 9, 17], [10, 5, 11, 6], [12, 3, 13, 4], [14, 23, 15, 24], [16, 22, 17, 21]]"
12a_0959_179,"[[16, 22, 17, 21], [18, 1, 19, 2], [20, 10, 21, 9], [22, 7, 23, 8], [24, 13, 1, 14], [2, 19, 3, 20], [4, 11, 5, 12], [6, 15, 7, 16], [8, 18, 9, 17], [10, 5, 11, 6], [12, 3, 13, 4], [14, 23, 15, 24]]"
12a_0959_180,"[[15, 24, 16, 1], [17, 23, 18, 22], [19, 2, 20, 3], [21, 11, 22, 10], [23, 8, 24, 9], [1, 14, 2, 15], [3, 20, 4, 21], [5, 12, 6, 13], [7, 16, 8, 17], [9, 19, 10, 18], [11, 6, 12, 7], [13, 4, 14, 5]]"
12a_0959_181,"[[13, 4, 14, 5], [15, 24, 16, 1], [17, 23, 18, 22], [19, 2, 20, 3], [21, 11, 22, 10], [23, 8, 24, 9], [1, 14, 2, 15], [3, 20, 4, 21], [5, 12, 6, 13], [7, 16, 8, 17], [9, 19, 10, 18], [11, 6, 12, 7]]"
12a_0959_182,"[[11, 6, 12, 7], [13, 4, 14, 5], [15, 24, 16, 1], [17, 23, 18, 22], [19, 2, 20, 3], [21, 11, 22, 10], [23, 8, 24, 9], [1, 14, 2, 15], [3, 20, 4, 21], [5, 12, 6, 13], [7, 16, 8, 17], [9, 19, 10, 18]]"
12a_0959_183,"[[9, 19, 10, 18], [11, 6, 12, 7], [13, 4, 14, 5], [15, 24, 16, 1], [17, 23, 18, 22], [19, 2, 20, 3], [21, 11, 22, 10], [23, 8, 24, 9], [1, 14, 2, 15], [3, 20, 4, 21], [5, 12, 6, 13], [7, 16, 8, 17]]"
12a_0959_184,"[[7, 16, 8, 17], [9, 19, 10, 18], [11, 6, 12, 7], [13, 4, 14, 5], [15, 24, 16, 1], [17, 23, 18, 22], [19, 2, 20, 3], [21, 11, 22, 10], [23, 8, 24, 9], [1, 14, 2, 15], [3, 20, 4, 21], [5, 12, 6, 13]]"
12a_0959_185,"[[5, 12, 6, 13], [7, 16, 8, 17], [9, 19, 10, 18], [11, 6, 12, 7], [13, 4, 14, 5], [15, 24, 16, 1], [17, 23, 18, 22], [19, 2, 20, 3], [21, 11, 22, 10], [23, 8, 24, 9], [1, 14, 2, 15], [3, 20, 4, 21]]"
