name,pd_notation
12a_0834_0,"[[24, 20, 1, 19], [2, 8, 3, 7], [4, 9, 5, 10], [6, 15, 7, 16], [8, 18, 9, 17], [10, 5, 11, 6], [12, 22, 13, 21], [14, 24, 15, 23], [16, 3, 17, 4], [18, 2, 19, 1], [20, 14, 21, 13], [22, 12, 23, 11]]"
12a_0834_1,"[[22, 12, 23, 11], [24, 20, 1, 19], [2, 8, 3, 7], [4, 9, 5, 10], [6, 15, 7, 16], [8, 18, 9, 17], [10, 5, 11, 6], [12, 22, 13, 21], [14, 24, 15, 23], [16, 3, 17, 4], [18, 2, 19, 1], [20, 14, 21, 13]]"
12a_0834_2,"[[20, 14, 21, 13], [22, 12, 23, 11], [24, 20, 1, 19], [2, 8, 3, 7], [4, 9, 5, 10], [6, 15, 7, 16], [8, 18, 9, 17], [10, 5, 11, 6], [12, 22, 13, 21], [14, 24, 15, 23], [16, 3, 17, 4], [18, 2, 19, 1]]"
12a_0834_3,"[[18, 2, 19, 1], [20, 14, 21, 13], [22, 12, 23, 11], [24, 20, 1, 19], [2, 8, 3, 7], [4, 9, 5, 10], [6, 15, 7, 16], [8, 18, 9, 17], [10, 5, 11, 6], [12, 22, 13, 21], [14, 24, 15, 23], [16, 3, 17, 4]]"
12a_0834_4,"[[16, 3, 17, 4], [18, 2, 19, 1], [20, 14, 21, 13], [22, 12, 23, 11], [24, 20, 1, 19], [2, 8, 3, 7], [4, 9, 5, 10], [6, 15, 7, 16], [8, 18, 9, 17], [10, 5, 11, 6], [12, 22, 13, 21], [14, 24, 15, 23]]"
12a_0834_5,"[[14, 24, 15, 23], [16, 3, 17, 4], [18, 2, 19, 1], [20, 14, 21, 13], [22, 12, 23, 11], [24, 20, 1, 19], [2, 8, 3, 7], [4, 9, 5, 10], [6, 15, 7, 16], [8, 18, 9, 17], [10, 5, 11, 6], [12, 22, 13, 21]]"
12a_0834_6,"[[12, 22, 13, 21], [14, 24, 15, 23], [16, 3, 17, 4], [18, 2, 19, 1], [20, 14, 21, 13], [22, 12, 23, 11], [24, 20, 1, 19], [2, 8, 3, 7], [4, 9, 5, 10], [6, 15, 7, 16], [8, 18, 9, 17], [10, 5, 11, 6]]"
12a_0834_7,"[[10, 5, 11, 6], [12, 22, 13, 21], [14, 24, 15, 23], [16, 3, 17, 4], [18, 2, 19, 1], [20, 14, 21, 13], [22, 12, 23, 11], [24, 20, 1, 19], [2, 8, 3, 7], [4, 9, 5, 10], [6, 15, 7, 16], [8, 18, 9, 17]]"
12a_0834_8,"[[8, 18, 9, 17], [10, 5, 11, 6], [12, 22, 13, 21], [14, 24, 15, 23], [16, 3, 17, 4], [18, 2, 19, 1], [20, 14, 21, 13], [22, 12, 23, 11], [24, 20, 1, 19], [2, 8, 3, 7], [4, 9, 5, 10], [6, 15, 7, 16]]"
12a_0834_9,"[[6, 15, 7, 16], [8, 18, 9, 17], [10, 5, 11, 6], [12, 22, 13, 21], [14, 24, 15, 23], [16, 3, 17, 4], [18, 2, 19, 1], [20, 14, 21, 13], [22, 12, 23, 11], [24, 20, 1, 19], [2, 8, 3, 7], [4, 9, 5, 10]]"
12a_0834_10,"[[4, 9, 5, 10], [6, 15, 7, 16], [8, 18, 9, 17], [10, 5, 11, 6], [12, 22, 13, 21], [14, 24, 15, 23], [16, 3, 17, 4], [18, 2, 19, 1], [20, 14, 21, 13], [22, 12, 23, 11], [24, 20, 1, 19], [2, 8, 3, 7]]"
12a_0834_11,"[[2, 8, 3, 7], [4, 9, 5, 10], [6, 15, 7, 16], [8, 18, 9, 17], [10, 5, 11, 6], [12, 22, 13, 21], [14, 24, 15, 23], [16, 3, 17, 4], [18, 2, 19, 1], [20, 14, 21, 13], [22, 12, 23, 11], [24, 20, 1, 19]]"
12a_0834_12,"[[1, 21, 2, 20], [3, 9, 4, 8], [5, 10, 6, 11], [7, 16, 8, 17], [9, 19, 10, 18], [11, 6, 12, 7], [13, 23, 14, 22], [15, 1, 16, 24], [17, 4, 18, 5], [19, 3, 20, 2], [21, 15, 22, 14], [23, 13, 24, 12]]"
12a_0834_13,"[[23, 13, 24, 12], [1, 21, 2, 20], [3, 9, 4, 8], [5, 10, 6, 11], [7, 16, 8, 17], [9, 19, 10, 18], [11, 6, 12, 7], [13, 23, 14, 22], [15, 1, 16, 24], [17, 4, 18, 5], [19, 3, 20, 2], [21, 15, 22, 14]]"
12a_0834_14,"[[21, 15, 22, 14], [23, 13, 24, 12], [1, 21, 2, 20], [3, 9, 4, 8], [5, 10, 6, 11], [7, 16, 8, 17], [9, 19, 10, 18], [11, 6, 12, 7], [13, 23, 14, 22], [15, 1, 16, 24], [17, 4, 18, 5], [19, 3, 20, 2]]"
12a_0834_15,"[[19, 3, 20, 2], [21, 15, 22, 14], [23, 13, 24, 12], [1, 21, 2, 20], [3, 9, 4, 8], [5, 10, 6, 11], [7, 16, 8, 17], [9, 19, 10, 18], [11, 6, 12, 7], [13, 23, 14, 22], [15, 1, 16, 24], [17, 4, 18, 5]]"
12a_0834_16,"[[17, 4, 18, 5], [19, 3, 20, 2], [21, 15, 22, 14], [23, 13, 24, 12], [1, 21, 2, 20], [3, 9, 4, 8], [5, 10, 6, 11], [7, 16, 8, 17], [9, 19, 10, 18], [11, 6, 12, 7], [13, 23, 14, 22], [15, 1, 16, 24]]"
12a_0834_17,"[[15, 1, 16, 24], [17, 4, 18, 5], [19, 3, 20, 2], [21, 15, 22, 14], [23, 13, 24, 12], [1, 21, 2, 20], [3, 9, 4, 8], [5, 10, 6, 11], [7, 16, 8, 17], [9, 19, 10, 18], [11, 6, 12, 7], [13, 23, 14, 22]]"
12a_0834_18,"[[13, 23, 14, 22], [15, 1, 16, 24], [17, 4, 18, 5], [19, 3, 20, 2], [21, 15, 22, 14], [23, 13, 24, 12], [1, 21, 2, 20], [3, 9, 4, 8], [5, 10, 6, 11], [7, 16, 8, 17], [9, 19, 10, 18], [11, 6, 12, 7]]"
12a_0834_19,"[[11, 6, 12, 7], [13, 23, 14, 22], [15, 1, 16, 24], [17, 4, 18, 5], [19, 3, 20, 2], [21, 15, 22, 14], [23, 13, 24, 12], [1, 21, 2, 20], [3, 9, 4, 8], [5, 10, 6, 11], [7, 16, 8, 17], [9, 19, 10, 18]]"
12a_0834_20,"[[9, 19, 10, 18], [11, 6, 12, 7], [13, 23, 14, 22], [15, 1, 16, 24], [17, 4, 18, 5], [19, 3, 20, 2], [21, 15, 22, 14], [23, 13, 24, 12], [1, 21, 2, 20], [3, 9, 4, 8], [5, 10, 6, 11], [7, 16, 8, 17]]"
12a_0834_21,"[[7, 16, 8, 17], [9, 19, 10, 18], [11, 6, 12, 7], [13, 23, 14, 22], [15, 1, 16, 24], [17, 4, 18, 5], [19, 3, 20, 2], [21, 15, 22, 14], [23, 13, 24, 12], [1, 21, 2, 20], [3, 9, 4, 8], [5, 10, 6, 11]]"
12a_0834_22,"[[5, 10, 6, 11], [7, 16, 8, 17], [9, 19, 10, 18], [11, 6, 12, 7], [13, 23, 14, 22], [15, 1, 16, 24], [17, 4, 18, 5], [19, 3, 20, 2], [21, 15, 22, 14], [23, 13, 24, 12], [1, 21, 2, 20], [3, 9, 4, 8]]"
12a_0834_23,"[[3, 9, 4, 8], [5, 10, 6, 11], [7, 16, 8, 17], [9, 19, 10, 18], [11, 6, 12, 7], [13, 23, 14, 22], [15, 1, 16, 24], [17, 4, 18, 5], [19, 3, 20, 2], [21, 15, 22, 14], [23, 13, 24, 12], [1, 21, 2, 20]]"
12a_0834_24,"[[2, 22, 3, 21], [4, 10, 5, 9], [6, 11, 7, 12], [8, 17, 9, 18], [10, 20, 11, 19], [12, 7, 13, 8], [14, 24, 15, 23], [16, 2, 17, 1], [18, 5, 19, 6], [20, 4, 21, 3], [22, 16, 23, 15], [24, 14, 1, 13]]"
12a_0834_25,"[[24, 14, 1, 13], [2, 22, 3, 21], [4, 10, 5, 9], [6, 11, 7, 12], [8, 17, 9, 18], [10, 20, 11, 19], [12, 7, 13, 8], [14, 24, 15, 23], [16, 2, 17, 1], [18, 5, 19, 6], [20, 4, 21, 3], [22, 16, 23, 15]]"
12a_0834_26,"[[22, 16, 23, 15], [24, 14, 1, 13], [2, 22, 3, 21], [4, 10, 5, 9], [6, 11, 7, 12], [8, 17, 9, 18], [10, 20, 11, 19], [12, 7, 13, 8], [14, 24, 15, 23], [16, 2, 17, 1], [18, 5, 19, 6], [20, 4, 21, 3]]"
12a_0834_27,"[[20, 4, 21, 3], [22, 16, 23, 15], [24, 14, 1, 13], [2, 22, 3, 21], [4, 10, 5, 9], [6, 11, 7, 12], [8, 17, 9, 18], [10, 20, 11, 19], [12, 7, 13, 8], [14, 24, 15, 23], [16, 2, 17, 1], [18, 5, 19, 6]]"
12a_0834_28,"[[18, 5, 19, 6], [20, 4, 21, 3], [22, 16, 23, 15], [24, 14, 1, 13], [2, 22, 3, 21], [4, 10, 5, 9], [6, 11, 7, 12], [8, 17, 9, 18], [10, 20, 11, 19], [12, 7, 13, 8], [14, 24, 15, 23], [16, 2, 17, 1]]"
12a_0834_29,"[[16, 2, 17, 1], [18, 5, 19, 6], [20, 4, 21, 3], [22, 16, 23, 15], [24, 14, 1, 13], [2, 22, 3, 21], [4, 10, 5, 9], [6, 11, 7, 12], [8, 17, 9, 18], [10, 20, 11, 19], [12, 7, 13, 8], [14, 24, 15, 23]]"
12a_0834_30,"[[14, 24, 15, 23], [16, 2, 17, 1], [18, 5, 19, 6], [20, 4, 21, 3], [22, 16, 23, 15], [24, 14, 1, 13], [2, 22, 3, 21], [4, 10, 5, 9], [6, 11, 7, 12], [8, 17, 9, 18], [10, 20, 11, 19], [12, 7, 13, 8]]"
12a_0834_31,"[[12, 7, 13, 8], [14, 24, 15, 23], [16, 2, 17, 1], [18, 5, 19, 6], [20, 4, 21, 3], [22, 16, 23, 15], [24, 14, 1, 13], [2, 22, 3, 21], [4, 10, 5, 9], [6, 11, 7, 12], [8, 17, 9, 18], [10, 20, 11, 19]]"
12a_0834_32,"[[10, 20, 11, 19], [12, 7, 13, 8], [14, 24, 15, 23], [16, 2, 17, 1], [18, 5, 19, 6], [20, 4, 21, 3], [22, 16, 23, 15], [24, 14, 1, 13], [2, 22, 3, 21], [4, 10, 5, 9], [6, 11, 7, 12], [8, 17, 9, 18]]"
12a_0834_33,"[[8, 17, 9, 18], [10, 20, 11, 19], [12, 7, 13, 8], [14, 24, 15, 23], [16, 2, 17, 1], [18, 5, 19, 6], [20, 4, 21, 3], [22, 16, 23, 15], [24, 14, 1, 13], [2, 22, 3, 21], [4, 10, 5, 9], [6, 11, 7, 12]]"
12a_0834_34,"[[6, 11, 7, 12], [8, 17, 9, 18], [10, 20, 11, 19], [12, 7, 13, 8], [14, 24, 15, 23], [16, 2, 17, 1], [18, 5, 19, 6], [20, 4, 21, 3], [22, 16, 23, 15], [24, 14, 1, 13], [2, 22, 3, 21], [4, 10, 5, 9]]"
12a_0834_35,"[[4, 10, 5, 9], [6, 11, 7, 12], [8, 17, 9, 18], [10, 20, 11, 19], [12, 7, 13, 8], [14, 24, 15, 23], [16, 2, 17, 1], [18, 5, 19, 6], [20, 4, 21, 3], [22, 16, 23, 15], [24, 14, 1, 13], [2, 22, 3, 21]]"
12a_0834_36,"[[3, 23, 4, 22], [5, 11, 6, 10], [7, 12, 8, 13], [9, 18, 10, 19], [11, 21, 12, 20], [13, 8, 14, 9], [15, 1, 16, 24], [17, 3, 18, 2], [19, 6, 20, 7], [21, 5, 22, 4], [23, 17, 24, 16], [1, 15, 2, 14]]"
12a_0834_37,"[[1, 15, 2, 14], [3, 23, 4, 22], [5, 11, 6, 10], [7, 12, 8, 13], [9, 18, 10, 19], [11, 21, 12, 20], [13, 8, 14, 9], [15, 1, 16, 24], [17, 3, 18, 2], [19, 6, 20, 7], [21, 5, 22, 4], [23, 17, 24, 16]]"
12a_0834_38,"[[23, 17, 24, 16], [1, 15, 2, 14], [3, 23, 4, 22], [5, 11, 6, 10], [7, 12, 8, 13], [9, 18, 10, 19], [11, 21, 12, 20], [13, 8, 14, 9], [15, 1, 16, 24], [17, 3, 18, 2], [19, 6, 20, 7], [21, 5, 22, 4]]"
12a_0834_39,"[[21, 5, 22, 4], [23, 17, 24, 16], [1, 15, 2, 14], [3, 23, 4, 22], [5, 11, 6, 10], [7, 12, 8, 13], [9, 18, 10, 19], [11, 21, 12, 20], [13, 8, 14, 9], [15, 1, 16, 24], [17, 3, 18, 2], [19, 6, 20, 7]]"
12a_0834_40,"[[19, 6, 20, 7], [21, 5, 22, 4], [23, 17, 24, 16], [1, 15, 2, 14], [3, 23, 4, 22], [5, 11, 6, 10], [7, 12, 8, 13], [9, 18, 10, 19], [11, 21, 12, 20], [13, 8, 14, 9], [15, 1, 16, 24], [17, 3, 18, 2]]"
12a_0834_41,"[[17, 3, 18, 2], [19, 6, 20, 7], [21, 5, 22, 4], [23, 17, 24, 16], [1, 15, 2, 14], [3, 23, 4, 22], [5, 11, 6, 10], [7, 12, 8, 13], [9, 18, 10, 19], [11, 21, 12, 20], [13, 8, 14, 9], [15, 1, 16, 24]]"
12a_0834_42,"[[15, 1, 16, 24], [17, 3, 18, 2], [19, 6, 20, 7], [21, 5, 22, 4], [23, 17, 24, 16], [1, 15, 2, 14], [3, 23, 4, 22], [5, 11, 6, 10], [7, 12, 8, 13], [9, 18, 10, 19], [11, 21, 12, 20], [13, 8, 14, 9]]"
12a_0834_43,"[[13, 8, 14, 9], [15, 1, 16, 24], [17, 3, 18, 2], [19, 6, 20, 7], [21, 5, 22, 4], [23, 17, 24, 16], [1, 15, 2, 14], [3, 23, 4, 22], [5, 11, 6, 10], [7, 12, 8, 13], [9, 18, 10, 19], [11, 21, 12, 20]]"
12a_0834_44,"[[11, 21, 12, 20], [13, 8, 14, 9], [15, 1, 16, 24], [17, 3, 18, 2], [19, 6, 20, 7], [21, 5, 22, 4], [23, 17, 24, 16], [1, 15, 2, 14], [3, 23, 4, 22], [5, 11, 6, 10], [7, 12, 8, 13], [9, 18, 10, 19]]"
12a_0834_45,"[[9, 18, 10, 19], [11, 21, 12, 20], [13, 8, 14, 9], [15, 1, 16, 24], [17, 3, 18, 2], [19, 6, 20, 7], [21, 5, 22, 4], [23, 17, 24, 16], [1, 15, 2, 14], [3, 23, 4, 22], [5, 11, 6, 10], [7, 12, 8, 13]]"
12a_0834_46,"[[7, 12, 8, 13], [9, 18, 10, 19], [11, 21, 12, 20], [13, 8, 14, 9], [15, 1, 16, 24], [17, 3, 18, 2], [19, 6, 20, 7], [21, 5, 22, 4], [23, 17, 24, 16], [1, 15, 2, 14], [3, 23, 4, 22], [5, 11, 6, 10]]"
12a_0834_47,"[[5, 11, 6, 10], [7, 12, 8, 13], [9, 18, 10, 19], [11, 21, 12, 20], [13, 8, 14, 9], [15, 1, 16, 24], [17, 3, 18, 2], [19, 6, 20, 7], [21, 5, 22, 4], [23, 17, 24, 16], [1, 15, 2, 14], [3, 23, 4, 22]]"
12a_0834_48,"[[4, 24, 5, 23], [6, 12, 7, 11], [8, 13, 9, 14], [10, 19, 11, 20], [12, 22, 13, 21], [14, 9, 15, 10], [16, 2, 17, 1], [18, 4, 19, 3], [20, 7, 21, 8], [22, 6, 23, 5], [24, 18, 1, 17], [2, 16, 3, 15]]"
12a_0834_49,"[[2, 16, 3, 15], [4, 24, 5, 23], [6, 12, 7, 11], [8, 13, 9, 14], [10, 19, 11, 20], [12, 22, 13, 21], [14, 9, 15, 10], [16, 2, 17, 1], [18, 4, 19, 3], [20, 7, 21, 8], [22, 6, 23, 5], [24, 18, 1, 17]]"
12a_0834_50,"[[24, 18, 1, 17], [2, 16, 3, 15], [4, 24, 5, 23], [6, 12, 7, 11], [8, 13, 9, 14], [10, 19, 11, 20], [12, 22, 13, 21], [14, 9, 15, 10], [16, 2, 17, 1], [18, 4, 19, 3], [20, 7, 21, 8], [22, 6, 23, 5]]"
12a_0834_51,"[[22, 6, 23, 5], [24, 18, 1, 17], [2, 16, 3, 15], [4, 24, 5, 23], [6, 12, 7, 11], [8, 13, 9, 14], [10, 19, 11, 20], [12, 22, 13, 21], [14, 9, 15, 10], [16, 2, 17, 1], [18, 4, 19, 3], [20, 7, 21, 8]]"
12a_0834_52,"[[20, 7, 21, 8], [22, 6, 23, 5], [24, 18, 1, 17], [2, 16, 3, 15], [4, 24, 5, 23], [6, 12, 7, 11], [8, 13, 9, 14], [10, 19, 11, 20], [12, 22, 13, 21], [14, 9, 15, 10], [16, 2, 17, 1], [18, 4, 19, 3]]"
12a_0834_53,"[[18, 4, 19, 3], [20, 7, 21, 8], [22, 6, 23, 5], [24, 18, 1, 17], [2, 16, 3, 15], [4, 24, 5, 23], [6, 12, 7, 11], [8, 13, 9, 14], [10, 19, 11, 20], [12, 22, 13, 21], [14, 9, 15, 10], [16, 2, 17, 1]]"
12a_0834_54,"[[16, 2, 17, 1], [18, 4, 19, 3], [20, 7, 21, 8], [22, 6, 23, 5], [24, 18, 1, 17], [2, 16, 3, 15], [4, 24, 5, 23], [6, 12, 7, 11], [8, 13, 9, 14], [10, 19, 11, 20], [12, 22, 13, 21], [14, 9, 15, 10]]"
12a_0834_55,"[[14, 9, 15, 10], [16, 2, 17, 1], [18, 4, 19, 3], [20, 7, 21, 8], [22, 6, 23, 5], [24, 18, 1, 17], [2, 16, 3, 15], [4, 24, 5, 23], [6, 12, 7, 11], [8, 13, 9, 14], [10, 19, 11, 20], [12, 22, 13, 21]]"
12a_0834_56,"[[12, 22, 13, 21], [14, 9, 15, 10], [16, 2, 17, 1], [18, 4, 19, 3], [20, 7, 21, 8], [22, 6, 23, 5], [24, 18, 1, 17], [2, 16, 3, 15], [4, 24, 5, 23], [6, 12, 7, 11], [8, 13, 9, 14], [10, 19, 11, 20]]"
12a_0834_57,"[[10, 19, 11, 20], [12, 22, 13, 21], [14, 9, 15, 10], [16, 2, 17, 1], [18, 4, 19, 3], [20, 7, 21, 8], [22, 6, 23, 5], [24, 18, 1, 17], [2, 16, 3, 15], [4, 24, 5, 23], [6, 12, 7, 11], [8, 13, 9, 14]]"
12a_0834_58,"[[8, 13, 9, 14], [10, 19, 11, 20], [12, 22, 13, 21], [14, 9, 15, 10], [16, 2, 17, 1], [18, 4, 19, 3], [20, 7, 21, 8], [22, 6, 23, 5], [24, 18, 1, 17], [2, 16, 3, 15], [4, 24, 5, 23], [6, 12, 7, 11]]"
12a_0834_59,"[[6, 12, 7, 11], [8, 13, 9, 14], [10, 19, 11, 20], [12, 22, 13, 21], [14, 9, 15, 10], [16, 2, 17, 1], [18, 4, 19, 3], [20, 7, 21, 8], [22, 6, 23, 5], [24, 18, 1, 17], [2, 16, 3, 15], [4, 24, 5, 23]]"
12a_0834_60,"[[5, 1, 6, 24], [7, 13, 8, 12], [9, 14, 10, 15], [11, 20, 12, 21], [13, 23, 14, 22], [15, 10, 16, 11], [17, 3, 18, 2], [19, 5, 20, 4], [21, 8, 22, 9], [23, 7, 24, 6], [1, 19, 2, 18], [3, 17, 4, 16]]"
12a_0834_61,"[[3, 17, 4, 16], [5, 1, 6, 24], [7, 13, 8, 12], [9, 14, 10, 15], [11, 20, 12, 21], [13, 23, 14, 22], [15, 10, 16, 11], [17, 3, 18, 2], [19, 5, 20, 4], [21, 8, 22, 9], [23, 7, 24, 6], [1, 19, 2, 18]]"
12a_0834_62,"[[1, 19, 2, 18], [3, 17, 4, 16], [5, 1, 6, 24], [7, 13, 8, 12], [9, 14, 10, 15], [11, 20, 12, 21], [13, 23, 14, 22], [15, 10, 16, 11], [17, 3, 18, 2], [19, 5, 20, 4], [21, 8, 22, 9], [23, 7, 24, 6]]"
12a_0834_63,"[[23, 7, 24, 6], [1, 19, 2, 18], [3, 17, 4, 16], [5, 1, 6, 24], [7, 13, 8, 12], [9, 14, 10, 15], [11, 20, 12, 21], [13, 23, 14, 22], [15, 10, 16, 11], [17, 3, 18, 2], [19, 5, 20, 4], [21, 8, 22, 9]]"
12a_0834_64,"[[21, 8, 22, 9], [23, 7, 24, 6], [1, 19, 2, 18], [3, 17, 4, 16], [5, 1, 6, 24], [7, 13, 8, 12], [9, 14, 10, 15], [11, 20, 12, 21], [13, 23, 14, 22], [15, 10, 16, 11], [17, 3, 18, 2], [19, 5, 20, 4]]"
12a_0834_65,"[[19, 5, 20, 4], [21, 8, 22, 9], [23, 7, 24, 6], [1, 19, 2, 18], [3, 17, 4, 16], [5, 1, 6, 24], [7, 13, 8, 12], [9, 14, 10, 15], [11, 20, 12, 21], [13, 23, 14, 22], [15, 10, 16, 11], [17, 3, 18, 2]]"
12a_0834_66,"[[17, 3, 18, 2], [19, 5, 20, 4], [21, 8, 22, 9], [23, 7, 24, 6], [1, 19, 2, 18], [3, 17, 4, 16], [5, 1, 6, 24], [7, 13, 8, 12], [9, 14, 10, 15], [11, 20, 12, 21], [13, 23, 14, 22], [15, 10, 16, 11]]"
12a_0834_67,"[[15, 10, 16, 11], [17, 3, 18, 2], [19, 5, 20, 4], [21, 8, 22, 9], [23, 7, 24, 6], [1, 19, 2, 18], [3, 17, 4, 16], [5, 1, 6, 24], [7, 13, 8, 12], [9, 14, 10, 15], [11, 20, 12, 21], [13, 23, 14, 22]]"
12a_0834_68,"[[13, 23, 14, 22], [15, 10, 16, 11], [17, 3, 18, 2], [19, 5, 20, 4], [21, 8, 22, 9], [23, 7, 24, 6], [1, 19, 2, 18], [3, 17, 4, 16], [5, 1, 6, 24], [7, 13, 8, 12], [9, 14, 10, 15], [11, 20, 12, 21]]"
12a_0834_69,"[[11, 20, 12, 21], [13, 23, 14, 22], [15, 10, 16, 11], [17, 3, 18, 2], [19, 5, 20, 4], [21, 8, 22, 9], [23, 7, 24, 6], [1, 19, 2, 18], [3, 17, 4, 16], [5, 1, 6, 24], [7, 13, 8, 12], [9, 14, 10, 15]]"
12a_0834_70,"[[9, 14, 10, 15], [11, 20, 12, 21], [13, 23, 14, 22], [15, 10, 16, 11], [17, 3, 18, 2], [19, 5, 20, 4], [21, 8, 22, 9], [23, 7, 24, 6], [1, 19, 2, 18], [3, 17, 4, 16], [5, 1, 6, 24], [7, 13, 8, 12]]"
12a_0834_71,"[[7, 13, 8, 12], [9, 14, 10, 15], [11, 20, 12, 21], [13, 23, 14, 22], [15, 10, 16, 11], [17, 3, 18, 2], [19, 5, 20, 4], [21, 8, 22, 9], [23, 7, 24, 6], [1, 19, 2, 18], [3, 17, 4, 16], [5, 1, 6, 24]]"
12a_0834_72,"[[6, 2, 7, 1], [8, 14, 9, 13], [10, 15, 11, 16], [12, 21, 13, 22], [14, 24, 15, 23], [16, 11, 17, 12], [18, 4, 19, 3], [20, 6, 21, 5], [22, 9, 23, 10], [24, 8, 1, 7], [2, 20, 3, 19], [4, 18, 5, 17]]"
12a_0834_73,"[[4, 18, 5, 17], [6, 2, 7, 1], [8, 14, 9, 13], [10, 15, 11, 16], [12, 21, 13, 22], [14, 24, 15, 23], [16, 11, 17, 12], [18, 4, 19, 3], [20, 6, 21, 5], [22, 9, 23, 10], [24, 8, 1, 7], [2, 20, 3, 19]]"
12a_0834_74,"[[2, 20, 3, 19], [4, 18, 5, 17], [6, 2, 7, 1], [8, 14, 9, 13], [10, 15, 11, 16], [12, 21, 13, 22], [14, 24, 15, 23], [16, 11, 17, 12], [18, 4, 19, 3], [20, 6, 21, 5], [22, 9, 23, 10], [24, 8, 1, 7]]"
12a_0834_75,"[[24, 8, 1, 7], [2, 20, 3, 19], [4, 18, 5, 17], [6, 2, 7, 1], [8, 14, 9, 13], [10, 15, 11, 16], [12, 21, 13, 22], [14, 24, 15, 23], [16, 11, 17, 12], [18, 4, 19, 3], [20, 6, 21, 5], [22, 9, 23, 10]]"
12a_0834_76,"[[22, 9, 23, 10], [24, 8, 1, 7], [2, 20, 3, 19], [4, 18, 5, 17], [6, 2, 7, 1], [8, 14, 9, 13], [10, 15, 11, 16], [12, 21, 13, 22], [14, 24, 15, 23], [16, 11, 17, 12], [18, 4, 19, 3], [20, 6, 21, 5]]"
12a_0834_77,"[[20, 6, 21, 5], [22, 9, 23, 10], [24, 8, 1, 7], [2, 20, 3, 19], [4, 18, 5, 17], [6, 2, 7, 1], [8, 14, 9, 13], [10, 15, 11, 16], [12, 21, 13, 22], [14, 24, 15, 23], [16, 11, 17, 12], [18, 4, 19, 3]]"
12a_0834_78,"[[18, 4, 19, 3], [20, 6, 21, 5], [22, 9, 23, 10], [24, 8, 1, 7], [2, 20, 3, 19], [4, 18, 5, 17], [6, 2, 7, 1], [8, 14, 9, 13], [10, 15, 11, 16], [12, 21, 13, 22], [14, 24, 15, 23], [16, 11, 17, 12]]"
12a_0834_79,"[[16, 11, 17, 12], [18, 4, 19, 3], [20, 6, 21, 5], [22, 9, 23, 10], [24, 8, 1, 7], [2, 20, 3, 19], [4, 18, 5, 17], [6, 2, 7, 1], [8, 14, 9, 13], [10, 15, 11, 16], [12, 21, 13, 22], [14, 24, 15, 23]]"
12a_0834_80,"[[14, 24, 15, 23], [16, 11, 17, 12], [18, 4, 19, 3], [20, 6, 21, 5], [22, 9, 23, 10], [24, 8, 1, 7], [2, 20, 3, 19], [4, 18, 5, 17], [6, 2, 7, 1], [8, 14, 9, 13], [10, 15, 11, 16], [12, 21, 13, 22]]"
12a_0834_81,"[[12, 21, 13, 22], [14, 24, 15, 23], [16, 11, 17, 12], [18, 4, 19, 3], [20, 6, 21, 5], [22, 9, 23, 10], [24, 8, 1, 7], [2, 20, 3, 19], [4, 18, 5, 17], [6, 2, 7, 1], [8, 14, 9, 13], [10, 15, 11, 16]]"
12a_0834_82,"[[10, 15, 11, 16], [12, 21, 13, 22], [14, 24, 15, 23], [16, 11, 17, 12], [18, 4, 19, 3], [20, 6, 21, 5], [22, 9, 23, 10], [24, 8, 1, 7], [2, 20, 3, 19], [4, 18, 5, 17], [6, 2, 7, 1], [8, 14, 9, 13]]"
12a_0834_83,"[[8, 14, 9, 13], [10, 15, 11, 16], [12, 21, 13, 22], [14, 24, 15, 23], [16, 11, 17, 12], [18, 4, 19, 3], [20, 6, 21, 5], [22, 9, 23, 10], [24, 8, 1, 7], [2, 20, 3, 19], [4, 18, 5, 17], [6, 2, 7, 1]]"
12a_0834_84,"[[7, 3, 8, 2], [9, 15, 10, 14], [11, 16, 12, 17], [13, 22, 14, 23], [15, 1, 16, 24], [17, 12, 18, 13], [19, 5, 20, 4], [21, 7, 22, 6], [23, 10, 24, 11], [1, 9, 2, 8], [3, 21, 4, 20], [5, 19, 6, 18]]"
12a_0834_85,"[[5, 19, 6, 18], [7, 3, 8, 2], [9, 15, 10, 14], [11, 16, 12, 17], [13, 22, 14, 23], [15, 1, 16, 24], [17, 12, 18, 13], [19, 5, 20, 4], [21, 7, 22, 6], [23, 10, 24, 11], [1, 9, 2, 8], [3, 21, 4, 20]]"
12a_0834_86,"[[3, 21, 4, 20], [5, 19, 6, 18], [7, 3, 8, 2], [9, 15, 10, 14], [11, 16, 12, 17], [13, 22, 14, 23], [15, 1, 16, 24], [17, 12, 18, 13], [19, 5, 20, 4], [21, 7, 22, 6], [23, 10, 24, 11], [1, 9, 2, 8]]"
12a_0834_87,"[[1, 9, 2, 8], [3, 21, 4, 20], [5, 19, 6, 18], [7, 3, 8, 2], [9, 15, 10, 14], [11, 16, 12, 17], [13, 22, 14, 23], [15, 1, 16, 24], [17, 12, 18, 13], [19, 5, 20, 4], [21, 7, 22, 6], [23, 10, 24, 11]]"
12a_0834_88,"[[23, 10, 24, 11], [1, 9, 2, 8], [3, 21, 4, 20], [5, 19, 6, 18], [7, 3, 8, 2], [9, 15, 10, 14], [11, 16, 12, 17], [13, 22, 14, 23], [15, 1, 16, 24], [17, 12, 18, 13], [19, 5, 20, 4], [21, 7, 22, 6]]"
12a_0834_89,"[[21, 7, 22, 6], [23, 10, 24, 11], [1, 9, 2, 8], [3, 21, 4, 20], [5, 19, 6, 18], [7, 3, 8, 2], [9, 15, 10, 14], [11, 16, 12, 17], [13, 22, 14, 23], [15, 1, 16, 24], [17, 12, 18, 13], [19, 5, 20, 4]]"
12a_0834_90,"[[19, 5, 20, 4], [21, 7, 22, 6], [23, 10, 24, 11], [1, 9, 2, 8], [3, 21, 4, 20], [5, 19, 6, 18], [7, 3, 8, 2], [9, 15, 10, 14], [11, 16, 12, 17], [13, 22, 14, 23], [15, 1, 16, 24], [17, 12, 18, 13]]"
12a_0834_91,"[[17, 12, 18, 13], [19, 5, 20, 4], [21, 7, 22, 6], [23, 10, 24, 11], [1, 9, 2, 8], [3, 21, 4, 20], [5, 19, 6, 18], [7, 3, 8, 2], [9, 15, 10, 14], [11, 16, 12, 17], [13, 22, 14, 23], [15, 1, 16, 24]]"
12a_0834_92,"[[15, 1, 16, 24], [17, 12, 18, 13], [19, 5, 20, 4], [21, 7, 22, 6], [23, 10, 24, 11], [1, 9, 2, 8], [3, 21, 4, 20], [5, 19, 6, 18], [7, 3, 8, 2], [9, 15, 10, 14], [11, 16, 12, 17], [13, 22, 14, 23]]"
12a_0834_93,"[[13, 22, 14, 23], [15, 1, 16, 24], [17, 12, 18, 13], [19, 5, 20, 4], [21, 7, 22, 6], [23, 10, 24, 11], [1, 9, 2, 8], [3, 21, 4, 20], [5, 19, 6, 18], [7, 3, 8, 2], [9, 15, 10, 14], [11, 16, 12, 17]]"
12a_0834_94,"[[11, 16, 12, 17], [13, 22, 14, 23], [15, 1, 16, 24], [17, 12, 18, 13], [19, 5, 20, 4], [21, 7, 22, 6], [23, 10, 24, 11], [1, 9, 2, 8], [3, 21, 4, 20], [5, 19, 6, 18], [7, 3, 8, 2], [9, 15, 10, 14]]"
12a_0834_95,"[[9, 15, 10, 14], [11, 16, 12, 17], [13, 22, 14, 23], [15, 1, 16, 24], [17, 12, 18, 13], [19, 5, 20, 4], [21, 7, 22, 6], [23, 10, 24, 11], [1, 9, 2, 8], [3, 21, 4, 20], [5, 19, 6, 18], [7, 3, 8, 2]]"
12a_0834_96,"[[8, 4, 9, 3], [10, 16, 11, 15], [12, 17, 13, 18], [14, 23, 15, 24], [16, 2, 17, 1], [18, 13, 19, 14], [20, 6, 21, 5], [22, 8, 23, 7], [24, 11, 1, 12], [2, 10, 3, 9], [4, 22, 5, 21], [6, 20, 7, 19]]"
12a_0834_97,"[[6, 20, 7, 19], [8, 4, 9, 3], [10, 16, 11, 15], [12, 17, 13, 18], [14, 23, 15, 24], [16, 2, 17, 1], [18, 13, 19, 14], [20, 6, 21, 5], [22, 8, 23, 7], [24, 11, 1, 12], [2, 10, 3, 9], [4, 22, 5, 21]]"
12a_0834_98,"[[4, 22, 5, 21], [6, 20, 7, 19], [8, 4, 9, 3], [10, 16, 11, 15], [12, 17, 13, 18], [14, 23, 15, 24], [16, 2, 17, 1], [18, 13, 19, 14], [20, 6, 21, 5], [22, 8, 23, 7], [24, 11, 1, 12], [2, 10, 3, 9]]"
12a_0834_99,"[[2, 10, 3, 9], [4, 22, 5, 21], [6, 20, 7, 19], [8, 4, 9, 3], [10, 16, 11, 15], [12, 17, 13, 18], [14, 23, 15, 24], [16, 2, 17, 1], [18, 13, 19, 14], [20, 6, 21, 5], [22, 8, 23, 7], [24, 11, 1, 12]]"
12a_0834_100,"[[24, 11, 1, 12], [2, 10, 3, 9], [4, 22, 5, 21], [6, 20, 7, 19], [8, 4, 9, 3], [10, 16, 11, 15], [12, 17, 13, 18], [14, 23, 15, 24], [16, 2, 17, 1], [18, 13, 19, 14], [20, 6, 21, 5], [22, 8, 23, 7]]"
12a_0834_101,"[[22, 8, 23, 7], [24, 11, 1, 12], [2, 10, 3, 9], [4, 22, 5, 21], [6, 20, 7, 19], [8, 4, 9, 3], [10, 16, 11, 15], [12, 17, 13, 18], [14, 23, 15, 24], [16, 2, 17, 1], [18, 13, 19, 14], [20, 6, 21, 5]]"
12a_0834_102,"[[20, 6, 21, 5], [22, 8, 23, 7], [24, 11, 1, 12], [2, 10, 3, 9], [4, 22, 5, 21], [6, 20, 7, 19], [8, 4, 9, 3], [10, 16, 11, 15], [12, 17, 13, 18], [14, 23, 15, 24], [16, 2, 17, 1], [18, 13, 19, 14]]"
12a_0834_103,"[[18, 13, 19, 14], [20, 6, 21, 5], [22, 8, 23, 7], [24, 11, 1, 12], [2, 10, 3, 9], [4, 22, 5, 21], [6, 20, 7, 19], [8, 4, 9, 3], [10, 16, 11, 15], [12, 17, 13, 18], [14, 23, 15, 24], [16, 2, 17, 1]]"
12a_0834_104,"[[16, 2, 17, 1], [18, 13, 19, 14], [20, 6, 21, 5], [22, 8, 23, 7], [24, 11, 1, 12], [2, 10, 3, 9], [4, 22, 5, 21], [6, 20, 7, 19], [8, 4, 9, 3], [10, 16, 11, 15], [12, 17, 13, 18], [14, 23, 15, 24]]"
12a_0834_105,"[[14, 23, 15, 24], [16, 2, 17, 1], [18, 13, 19, 14], [20, 6, 21, 5], [22, 8, 23, 7], [24, 11, 1, 12], [2, 10, 3, 9], [4, 22, 5, 21], [6, 20, 7, 19], [8, 4, 9, 3], [10, 16, 11, 15], [12, 17, 13, 18]]"
12a_0834_106,"[[12, 17, 13, 18], [14, 23, 15, 24], [16, 2, 17, 1], [18, 13, 19, 14], [20, 6, 21, 5], [22, 8, 23, 7], [24, 11, 1, 12], [2, 10, 3, 9], [4, 22, 5, 21], [6, 20, 7, 19], [8, 4, 9, 3], [10, 16, 11, 15]]"
12a_0834_107,"[[10, 16, 11, 15], [12, 17, 13, 18], [14, 23, 15, 24], [16, 2, 17, 1], [18, 13, 19, 14], [20, 6, 21, 5], [22, 8, 23, 7], [24, 11, 1, 12], [2, 10, 3, 9], [4, 22, 5, 21], [6, 20, 7, 19], [8, 4, 9, 3]]"
12a_0834_108,"[[9, 5, 10, 4], [11, 17, 12, 16], [13, 18, 14, 19], [15, 24, 16, 1], [17, 3, 18, 2], [19, 14, 20, 15], [21, 7, 22, 6], [23, 9, 24, 8], [1, 12, 2, 13], [3, 11, 4, 10], [5, 23, 6, 22], [7, 21, 8, 20]]"
12a_0834_109,"[[7, 21, 8, 20], [9, 5, 10, 4], [11, 17, 12, 16], [13, 18, 14, 19], [15, 24, 16, 1], [17, 3, 18, 2], [19, 14, 20, 15], [21, 7, 22, 6], [23, 9, 24, 8], [1, 12, 2, 13], [3, 11, 4, 10], [5, 23, 6, 22]]"
12a_0834_110,"[[5, 23, 6, 22], [7, 21, 8, 20], [9, 5, 10, 4], [11, 17, 12, 16], [13, 18, 14, 19], [15, 24, 16, 1], [17, 3, 18, 2], [19, 14, 20, 15], [21, 7, 22, 6], [23, 9, 24, 8], [1, 12, 2, 13], [3, 11, 4, 10]]"
12a_0834_111,"[[3, 11, 4, 10], [5, 23, 6, 22], [7, 21, 8, 20], [9, 5, 10, 4], [11, 17, 12, 16], [13, 18, 14, 19], [15, 24, 16, 1], [17, 3, 18, 2], [19, 14, 20, 15], [21, 7, 22, 6], [23, 9, 24, 8], [1, 12, 2, 13]]"
12a_0834_112,"[[1, 12, 2, 13], [3, 11, 4, 10], [5, 23, 6, 22], [7, 21, 8, 20], [9, 5, 10, 4], [11, 17, 12, 16], [13, 18, 14, 19], [15, 24, 16, 1], [17, 3, 18, 2], [19, 14, 20, 15], [21, 7, 22, 6], [23, 9, 24, 8]]"
12a_0834_113,"[[23, 9, 24, 8], [1, 12, 2, 13], [3, 11, 4, 10], [5, 23, 6, 22], [7, 21, 8, 20], [9, 5, 10, 4], [11, 17, 12, 16], [13, 18, 14, 19], [15, 24, 16, 1], [17, 3, 18, 2], [19, 14, 20, 15], [21, 7, 22, 6]]"
12a_0834_114,"[[21, 7, 22, 6], [23, 9, 24, 8], [1, 12, 2, 13], [3, 11, 4, 10], [5, 23, 6, 22], [7, 21, 8, 20], [9, 5, 10, 4], [11, 17, 12, 16], [13, 18, 14, 19], [15, 24, 16, 1], [17, 3, 18, 2], [19, 14, 20, 15]]"
12a_0834_115,"[[19, 14, 20, 15], [21, 7, 22, 6], [23, 9, 24, 8], [1, 12, 2, 13], [3, 11, 4, 10], [5, 23, 6, 22], [7, 21, 8, 20], [9, 5, 10, 4], [11, 17, 12, 16], [13, 18, 14, 19], [15, 24, 16, 1], [17, 3, 18, 2]]"
12a_0834_116,"[[17, 3, 18, 2], [19, 14, 20, 15], [21, 7, 22, 6], [23, 9, 24, 8], [1, 12, 2, 13], [3, 11, 4, 10], [5, 23, 6, 22], [7, 21, 8, 20], [9, 5, 10, 4], [11, 17, 12, 16], [13, 18, 14, 19], [15, 24, 16, 1]]"
12a_0834_117,"[[15, 24, 16, 1], [17, 3, 18, 2], [19, 14, 20, 15], [21, 7, 22, 6], [23, 9, 24, 8], [1, 12, 2, 13], [3, 11, 4, 10], [5, 23, 6, 22], [7, 21, 8, 20], [9, 5, 10, 4], [11, 17, 12, 16], [13, 18, 14, 19]]"
12a_0834_118,"[[13, 18, 14, 19], [15, 24, 16, 1], [17, 3, 18, 2], [19, 14, 20, 15], [21, 7, 22, 6], [23, 9, 24, 8], [1, 12, 2, 13], [3, 11, 4, 10], [5, 23, 6, 22], [7, 21, 8, 20], [9, 5, 10, 4], [11, 17, 12, 16]]"
12a_0834_119,"[[11, 17, 12, 16], [13, 18, 14, 19], [15, 24, 16, 1], [17, 3, 18, 2], [19, 14, 20, 15], [21, 7, 22, 6], [23, 9, 24, 8], [1, 12, 2, 13], [3, 11, 4, 10], [5, 23, 6, 22], [7, 21, 8, 20], [9, 5, 10, 4]]"
12a_0834_120,"[[10, 6, 11, 5], [12, 18, 13, 17], [14, 19, 15, 20], [16, 1, 17, 2], [18, 4, 19, 3], [20, 15, 21, 16], [22, 8, 23, 7], [24, 10, 1, 9], [2, 13, 3, 14], [4, 12, 5, 11], [6, 24, 7, 23], [8, 22, 9, 21]]"
12a_0834_121,"[[8, 22, 9, 21], [10, 6, 11, 5], [12, 18, 13, 17], [14, 19, 15, 20], [16, 1, 17, 2], [18, 4, 19, 3], [20, 15, 21, 16], [22, 8, 23, 7], [24, 10, 1, 9], [2, 13, 3, 14], [4, 12, 5, 11], [6, 24, 7, 23]]"
12a_0834_122,"[[6, 24, 7, 23], [8, 22, 9, 21], [10, 6, 11, 5], [12, 18, 13, 17], [14, 19, 15, 20], [16, 1, 17, 2], [18, 4, 19, 3], [20, 15, 21, 16], [22, 8, 23, 7], [24, 10, 1, 9], [2, 13, 3, 14], [4, 12, 5, 11]]"
12a_0834_123,"[[4, 12, 5, 11], [6, 24, 7, 23], [8, 22, 9, 21], [10, 6, 11, 5], [12, 18, 13, 17], [14, 19, 15, 20], [16, 1, 17, 2], [18, 4, 19, 3], [20, 15, 21, 16], [22, 8, 23, 7], [24, 10, 1, 9], [2, 13, 3, 14]]"
12a_0834_124,"[[2, 13, 3, 14], [4, 12, 5, 11], [6, 24, 7, 23], [8, 22, 9, 21], [10, 6, 11, 5], [12, 18, 13, 17], [14, 19, 15, 20], [16, 1, 17, 2], [18, 4, 19, 3], [20, 15, 21, 16], [22, 8, 23, 7], [24, 10, 1, 9]]"
12a_0834_125,"[[24, 10, 1, 9], [2, 13, 3, 14], [4, 12, 5, 11], [6, 24, 7, 23], [8, 22, 9, 21], [10, 6, 11, 5], [12, 18, 13, 17], [14, 19, 15, 20], [16, 1, 17, 2], [18, 4, 19, 3], [20, 15, 21, 16], [22, 8, 23, 7]]"
12a_0834_126,"[[22, 8, 23, 7], [24, 10, 1, 9], [2, 13, 3, 14], [4, 12, 5, 11], [6, 24, 7, 23], [8, 22, 9, 21], [10, 6, 11, 5], [12, 18, 13, 17], [14, 19, 15, 20], [16, 1, 17, 2], [18, 4, 19, 3], [20, 15, 21, 16]]"
12a_0834_127,"[[20, 15, 21, 16], [22, 8, 23, 7], [24, 10, 1, 9], [2, 13, 3, 14], [4, 12, 5, 11], [6, 24, 7, 23], [8, 22, 9, 21], [10, 6, 11, 5], [12, 18, 13, 17], [14, 19, 15, 20], [16, 1, 17, 2], [18, 4, 19, 3]]"
12a_0834_128,"[[18, 4, 19, 3], [20, 15, 21, 16], [22, 8, 23, 7], [24, 10, 1, 9], [2, 13, 3, 14], [4, 12, 5, 11], [6, 24, 7, 23], [8, 22, 9, 21], [10, 6, 11, 5], [12, 18, 13, 17], [14, 19, 15, 20], [16, 1, 17, 2]]"
12a_0834_129,"[[16, 1, 17, 2], [18, 4, 19, 3], [20, 15, 21, 16], [22, 8, 23, 7], [24, 10, 1, 9], [2, 13, 3, 14], [4, 12, 5, 11], [6, 24, 7, 23], [8, 22, 9, 21], [10, 6, 11, 5], [12, 18, 13, 17], [14, 19, 15, 20]]"
12a_0834_130,"[[14, 19, 15, 20], [16, 1, 17, 2], [18, 4, 19, 3], [20, 15, 21, 16], [22, 8, 23, 7], [24, 10, 1, 9], [2, 13, 3, 14], [4, 12, 5, 11], [6, 24, 7, 23], [8, 22, 9, 21], [10, 6, 11, 5], [12, 18, 13, 17]]"
12a_0834_131,"[[12, 18, 13, 17], [14, 19, 15, 20], [16, 1, 17, 2], [18, 4, 19, 3], [20, 15, 21, 16], [22, 8, 23, 7], [24, 10, 1, 9], [2, 13, 3, 14], [4, 12, 5, 11], [6, 24, 7, 23], [8, 22, 9, 21], [10, 6, 11, 5]]"
12a_0834_132,"[[11, 7, 12, 6], [13, 19, 14, 18], [15, 20, 16, 21], [17, 2, 18, 3], [19, 5, 20, 4], [21, 16, 22, 17], [23, 9, 24, 8], [1, 11, 2, 10], [3, 14, 4, 15], [5, 13, 6, 12], [7, 1, 8, 24], [9, 23, 10, 22]]"
12a_0834_133,"[[9, 23, 10, 22], [11, 7, 12, 6], [13, 19, 14, 18], [15, 20, 16, 21], [17, 2, 18, 3], [19, 5, 20, 4], [21, 16, 22, 17], [23, 9, 24, 8], [1, 11, 2, 10], [3, 14, 4, 15], [5, 13, 6, 12], [7, 1, 8, 24]]"
12a_0834_134,"[[7, 1, 8, 24], [9, 23, 10, 22], [11, 7, 12, 6], [13, 19, 14, 18], [15, 20, 16, 21], [17, 2, 18, 3], [19, 5, 20, 4], [21, 16, 22, 17], [23, 9, 24, 8], [1, 11, 2, 10], [3, 14, 4, 15], [5, 13, 6, 12]]"
12a_0834_135,"[[5, 13, 6, 12], [7, 1, 8, 24], [9, 23, 10, 22], [11, 7, 12, 6], [13, 19, 14, 18], [15, 20, 16, 21], [17, 2, 18, 3], [19, 5, 20, 4], [21, 16, 22, 17], [23, 9, 24, 8], [1, 11, 2, 10], [3, 14, 4, 15]]"
12a_0834_136,"[[3, 14, 4, 15], [5, 13, 6, 12], [7, 1, 8, 24], [9, 23, 10, 22], [11, 7, 12, 6], [13, 19, 14, 18], [15, 20, 16, 21], [17, 2, 18, 3], [19, 5, 20, 4], [21, 16, 22, 17], [23, 9, 24, 8], [1, 11, 2, 10]]"
12a_0834_137,"[[1, 11, 2, 10], [3, 14, 4, 15], [5, 13, 6, 12], [7, 1, 8, 24], [9, 23, 10, 22], [11, 7, 12, 6], [13, 19, 14, 18], [15, 20, 16, 21], [17, 2, 18, 3], [19, 5, 20, 4], [21, 16, 22, 17], [23, 9, 24, 8]]"
12a_0834_138,"[[23, 9, 24, 8], [1, 11, 2, 10], [3, 14, 4, 15], [5, 13, 6, 12], [7, 1, 8, 24], [9, 23, 10, 22], [11, 7, 12, 6], [13, 19, 14, 18], [15, 20, 16, 21], [17, 2, 18, 3], [19, 5, 20, 4], [21, 16, 22, 17]]"
12a_0834_139,"[[21, 16, 22, 17], [23, 9, 24, 8], [1, 11, 2, 10], [3, 14, 4, 15], [5, 13, 6, 12], [7, 1, 8, 24], [9, 23, 10, 22], [11, 7, 12, 6], [13, 19, 14, 18], [15, 20, 16, 21], [17, 2, 18, 3], [19, 5, 20, 4]]"
12a_0834_140,"[[19, 5, 20, 4], [21, 16, 22, 17], [23, 9, 24, 8], [1, 11, 2, 10], [3, 14, 4, 15], [5, 13, 6, 12], [7, 1, 8, 24], [9, 23, 10, 22], [11, 7, 12, 6], [13, 19, 14, 18], [15, 20, 16, 21], [17, 2, 18, 3]]"
12a_0834_141,"[[17, 2, 18, 3], [19, 5, 20, 4], [21, 16, 22, 17], [23, 9, 24, 8], [1, 11, 2, 10], [3, 14, 4, 15], [5, 13, 6, 12], [7, 1, 8, 24], [9, 23, 10, 22], [11, 7, 12, 6], [13, 19, 14, 18], [15, 20, 16, 21]]"
12a_0834_142,"[[15, 20, 16, 21], [17, 2, 18, 3], [19, 5, 20, 4], [21, 16, 22, 17], [23, 9, 24, 8], [1, 11, 2, 10], [3, 14, 4, 15], [5, 13, 6, 12], [7, 1, 8, 24], [9, 23, 10, 22], [11, 7, 12, 6], [13, 19, 14, 18]]"
12a_0834_143,"[[13, 19, 14, 18], [15, 20, 16, 21], [17, 2, 18, 3], [19, 5, 20, 4], [21, 16, 22, 17], [23, 9, 24, 8], [1, 11, 2, 10], [3, 14, 4, 15], [5, 13, 6, 12], [7, 1, 8, 24], [9, 23, 10, 22], [11, 7, 12, 6]]"
12a_0834_144,"[[12, 8, 13, 7], [14, 20, 15, 19], [16, 21, 17, 22], [18, 3, 19, 4], [20, 6, 21, 5], [22, 17, 23, 18], [24, 10, 1, 9], [2, 12, 3, 11], [4, 15, 5, 16], [6, 14, 7, 13], [8, 2, 9, 1], [10, 24, 11, 23]]"
12a_0834_145,"[[10, 24, 11, 23], [12, 8, 13, 7], [14, 20, 15, 19], [16, 21, 17, 22], [18, 3, 19, 4], [20, 6, 21, 5], [22, 17, 23, 18], [24, 10, 1, 9], [2, 12, 3, 11], [4, 15, 5, 16], [6, 14, 7, 13], [8, 2, 9, 1]]"
12a_0834_146,"[[8, 2, 9, 1], [10, 24, 11, 23], [12, 8, 13, 7], [14, 20, 15, 19], [16, 21, 17, 22], [18, 3, 19, 4], [20, 6, 21, 5], [22, 17, 23, 18], [24, 10, 1, 9], [2, 12, 3, 11], [4, 15, 5, 16], [6, 14, 7, 13]]"
12a_0834_147,"[[6, 14, 7, 13], [8, 2, 9, 1], [10, 24, 11, 23], [12, 8, 13, 7], [14, 20, 15, 19], [16, 21, 17, 22], [18, 3, 19, 4], [20, 6, 21, 5], [22, 17, 23, 18], [24, 10, 1, 9], [2, 12, 3, 11], [4, 15, 5, 16]]"
12a_0834_148,"[[4, 15, 5, 16], [6, 14, 7, 13], [8, 2, 9, 1], [10, 24, 11, 23], [12, 8, 13, 7], [14, 20, 15, 19], [16, 21, 17, 22], [18, 3, 19, 4], [20, 6, 21, 5], [22, 17, 23, 18], [24, 10, 1, 9], [2, 12, 3, 11]]"
12a_0834_149,"[[2, 12, 3, 11], [4, 15, 5, 16], [6, 14, 7, 13], [8, 2, 9, 1], [10, 24, 11, 23], [12, 8, 13, 7], [14, 20, 15, 19], [16, 21, 17, 22], [18, 3, 19, 4], [20, 6, 21, 5], [22, 17, 23, 18], [24, 10, 1, 9]]"
12a_0834_150,"[[24, 10, 1, 9], [2, 12, 3, 11], [4, 15, 5, 16], [6, 14, 7, 13], [8, 2, 9, 1], [10, 24, 11, 23], [12, 8, 13, 7], [14, 20, 15, 19], [16, 21, 17, 22], [18, 3, 19, 4], [20, 6, 21, 5], [22, 17, 23, 18]]"
12a_0834_151,"[[22, 17, 23, 18], [24, 10, 1, 9], [2, 12, 3, 11], [4, 15, 5, 16], [6, 14, 7, 13], [8, 2, 9, 1], [10, 24, 11, 23], [12, 8, 13, 7], [14, 20, 15, 19], [16, 21, 17, 22], [18, 3, 19, 4], [20, 6, 21, 5]]"
12a_0834_152,"[[20, 6, 21, 5], [22, 17, 23, 18], [24, 10, 1, 9], [2, 12, 3, 11], [4, 15, 5, 16], [6, 14, 7, 13], [8, 2, 9, 1], [10, 24, 11, 23], [12, 8, 13, 7], [14, 20, 15, 19], [16, 21, 17, 22], [18, 3, 19, 4]]"
12a_0834_153,"[[18, 3, 19, 4], [20, 6, 21, 5], [22, 17, 23, 18], [24, 10, 1, 9], [2, 12, 3, 11], [4, 15, 5, 16], [6, 14, 7, 13], [8, 2, 9, 1], [10, 24, 11, 23], [12, 8, 13, 7], [14, 20, 15, 19], [16, 21, 17, 22]]"
12a_0834_154,"[[16, 21, 17, 22], [18, 3, 19, 4], [20, 6, 21, 5], [22, 17, 23, 18], [24, 10, 1, 9], [2, 12, 3, 11], [4, 15, 5, 16], [6, 14, 7, 13], [8, 2, 9, 1], [10, 24, 11, 23], [12, 8, 13, 7], [14, 20, 15, 19]]"
12a_0834_155,"[[14, 20, 15, 19], [16, 21, 17, 22], [18, 3, 19, 4], [20, 6, 21, 5], [22, 17, 23, 18], [24, 10, 1, 9], [2, 12, 3, 11], [4, 15, 5, 16], [6, 14, 7, 13], [8, 2, 9, 1], [10, 24, 11, 23], [12, 8, 13, 7]]"
12a_0834_156,"[[13, 9, 14, 8], [15, 21, 16, 20], [17, 22, 18, 23], [19, 4, 20, 5], [21, 7, 22, 6], [23, 18, 24, 19], [1, 11, 2, 10], [3, 13, 4, 12], [5, 16, 6, 17], [7, 15, 8, 14], [9, 3, 10, 2], [11, 1, 12, 24]]"
12a_0834_157,"[[11, 1, 12, 24], [13, 9, 14, 8], [15, 21, 16, 20], [17, 22, 18, 23], [19, 4, 20, 5], [21, 7, 22, 6], [23, 18, 24, 19], [1, 11, 2, 10], [3, 13, 4, 12], [5, 16, 6, 17], [7, 15, 8, 14], [9, 3, 10, 2]]"
12a_0834_158,"[[9, 3, 10, 2], [11, 1, 12, 24], [13, 9, 14, 8], [15, 21, 16, 20], [17, 22, 18, 23], [19, 4, 20, 5], [21, 7, 22, 6], [23, 18, 24, 19], [1, 11, 2, 10], [3, 13, 4, 12], [5, 16, 6, 17], [7, 15, 8, 14]]"
12a_0834_159,"[[7, 15, 8, 14], [9, 3, 10, 2], [11, 1, 12, 24], [13, 9, 14, 8], [15, 21, 16, 20], [17, 22, 18, 23], [19, 4, 20, 5], [21, 7, 22, 6], [23, 18, 24, 19], [1, 11, 2, 10], [3, 13, 4, 12], [5, 16, 6, 17]]"
12a_0834_160,"[[5, 16, 6, 17], [7, 15, 8, 14], [9, 3, 10, 2], [11, 1, 12, 24], [13, 9, 14, 8], [15, 21, 16, 20], [17, 22, 18, 23], [19, 4, 20, 5], [21, 7, 22, 6], [23, 18, 24, 19], [1, 11, 2, 10], [3, 13, 4, 12]]"
12a_0834_161,"[[3, 13, 4, 12], [5, 16, 6, 17], [7, 15, 8, 14], [9, 3, 10, 2], [11, 1, 12, 24], [13, 9, 14, 8], [15, 21, 16, 20], [17, 22, 18, 23], [19, 4, 20, 5], [21, 7, 22, 6], [23, 18, 24, 19], [1, 11, 2, 10]]"
12a_0834_162,"[[1, 11, 2, 10], [3, 13, 4, 12], [5, 16, 6, 17], [7, 15, 8, 14], [9, 3, 10, 2], [11, 1, 12, 24], [13, 9, 14, 8], [15, 21, 16, 20], [17, 22, 18, 23], [19, 4, 20, 5], [21, 7, 22, 6], [23, 18, 24, 19]]"
12a_0834_163,"[[23, 18, 24, 19], [1, 11, 2, 10], [3, 13, 4, 12], [5, 16, 6, 17], [7, 15, 8, 14], [9, 3, 10, 2], [11, 1, 12, 24], [13, 9, 14, 8], [15, 21, 16, 20], [17, 22, 18, 23], [19, 4, 20, 5], [21, 7, 22, 6]]"
12a_0834_164,"[[21, 7, 22, 6], [23, 18, 24, 19], [1, 11, 2, 10], [3, 13, 4, 12], [5, 16, 6, 17], [7, 15, 8, 14], [9, 3, 10, 2], [11, 1, 12, 24], [13, 9, 14, 8], [15, 21, 16, 20], [17, 22, 18, 23], [19, 4, 20, 5]]"
12a_0834_165,"[[19, 4, 20, 5], [21, 7, 22, 6], [23, 18, 24, 19], [1, 11, 2, 10], [3, 13, 4, 12], [5, 16, 6, 17], [7, 15, 8, 14], [9, 3, 10, 2], [11, 1, 12, 24], [13, 9, 14, 8], [15, 21, 16, 20], [17, 22, 18, 23]]"
12a_0834_166,"[[17, 22, 18, 23], [19, 4, 20, 5], [21, 7, 22, 6], [23, 18, 24, 19], [1, 11, 2, 10], [3, 13, 4, 12], [5, 16, 6, 17], [7, 15, 8, 14], [9, 3, 10, 2], [11, 1, 12, 24], [13, 9, 14, 8], [15, 21, 16, 20]]"
12a_0834_167,"[[15, 21, 16, 20], [17, 22, 18, 23], [19, 4, 20, 5], [21, 7, 22, 6], [23, 18, 24, 19], [1, 11, 2, 10], [3, 13, 4, 12], [5, 16, 6, 17], [7, 15, 8, 14], [9, 3, 10, 2], [11, 1, 12, 24], [13, 9, 14, 8]]"
12a_0834_168,"[[14, 10, 15, 9], [16, 22, 17, 21], [18, 23, 19, 24], [20, 5, 21, 6], [22, 8, 23, 7], [24, 19, 1, 20], [2, 12, 3, 11], [4, 14, 5, 13], [6, 17, 7, 18], [8, 16, 9, 15], [10, 4, 11, 3], [12, 2, 13, 1]]"
12a_0834_169,"[[12, 2, 13, 1], [14, 10, 15, 9], [16, 22, 17, 21], [18, 23, 19, 24], [20, 5, 21, 6], [22, 8, 23, 7], [24, 19, 1, 20], [2, 12, 3, 11], [4, 14, 5, 13], [6, 17, 7, 18], [8, 16, 9, 15], [10, 4, 11, 3]]"
12a_0834_170,"[[10, 4, 11, 3], [12, 2, 13, 1], [14, 10, 15, 9], [16, 22, 17, 21], [18, 23, 19, 24], [20, 5, 21, 6], [22, 8, 23, 7], [24, 19, 1, 20], [2, 12, 3, 11], [4, 14, 5, 13], [6, 17, 7, 18], [8, 16, 9, 15]]"
12a_0834_171,"[[8, 16, 9, 15], [10, 4, 11, 3], [12, 2, 13, 1], [14, 10, 15, 9], [16, 22, 17, 21], [18, 23, 19, 24], [20, 5, 21, 6], [22, 8, 23, 7], [24, 19, 1, 20], [2, 12, 3, 11], [4, 14, 5, 13], [6, 17, 7, 18]]"
12a_0834_172,"[[6, 17, 7, 18], [8, 16, 9, 15], [10, 4, 11, 3], [12, 2, 13, 1], [14, 10, 15, 9], [16, 22, 17, 21], [18, 23, 19, 24], [20, 5, 21, 6], [22, 8, 23, 7], [24, 19, 1, 20], [2, 12, 3, 11], [4, 14, 5, 13]]"
12a_0834_173,"[[4, 14, 5, 13], [6, 17, 7, 18], [8, 16, 9, 15], [10, 4, 11, 3], [12, 2, 13, 1], [14, 10, 15, 9], [16, 22, 17, 21], [18, 23, 19, 24], [20, 5, 21, 6], [22, 8, 23, 7], [24, 19, 1, 20], [2, 12, 3, 11]]"
12a_0834_174,"[[2, 12, 3, 11], [4, 14, 5, 13], [6, 17, 7, 18], [8, 16, 9, 15], [10, 4, 11, 3], [12, 2, 13, 1], [14, 10, 15, 9], [16, 22, 17, 21], [18, 23, 19, 24], [20, 5, 21, 6], [22, 8, 23, 7], [24, 19, 1, 20]]"
12a_0834_175,"[[24, 19, 1, 20], [2, 12, 3, 11], [4, 14, 5, 13], [6, 17, 7, 18], [8, 16, 9, 15], [10, 4, 11, 3], [12, 2, 13, 1], [14, 10, 15, 9], [16, 22, 17, 21], [18, 23, 19, 24], [20, 5, 21, 6], [22, 8, 23, 7]]"
12a_0834_176,"[[22, 8, 23, 7], [24, 19, 1, 20], [2, 12, 3, 11], [4, 14, 5, 13], [6, 17, 7, 18], [8, 16, 9, 15], [10, 4, 11, 3], [12, 2, 13, 1], [14, 10, 15, 9], [16, 22, 17, 21], [18, 23, 19, 24], [20, 5, 21, 6]]"
12a_0834_177,"[[20, 5, 21, 6], [22, 8, 23, 7], [24, 19, 1, 20], [2, 12, 3, 11], [4, 14, 5, 13], [6, 17, 7, 18], [8, 16, 9, 15], [10, 4, 11, 3], [12, 2, 13, 1], [14, 10, 15, 9], [16, 22, 17, 21], [18, 23, 19, 24]]"
12a_0834_178,"[[18, 23, 19, 24], [20, 5, 21, 6], [22, 8, 23, 7], [24, 19, 1, 20], [2, 12, 3, 11], [4, 14, 5, 13], [6, 17, 7, 18], [8, 16, 9, 15], [10, 4, 11, 3], [12, 2, 13, 1], [14, 10, 15, 9], [16, 22, 17, 21]]"
12a_0834_179,"[[16, 22, 17, 21], [18, 23, 19, 24], [20, 5, 21, 6], [22, 8, 23, 7], [24, 19, 1, 20], [2, 12, 3, 11], [4, 14, 5, 13], [6, 17, 7, 18], [8, 16, 9, 15], [10, 4, 11, 3], [12, 2, 13, 1], [14, 10, 15, 9]]"
12a_0834_180,"[[15, 11, 16, 10], [17, 23, 18, 22], [19, 24, 20, 1], [21, 6, 22, 7], [23, 9, 24, 8], [1, 20, 2, 21], [3, 13, 4, 12], [5, 15, 6, 14], [7, 18, 8, 19], [9, 17, 10, 16], [11, 5, 12, 4], [13, 3, 14, 2]]"
12a_0834_181,"[[13, 3, 14, 2], [15, 11, 16, 10], [17, 23, 18, 22], [19, 24, 20, 1], [21, 6, 22, 7], [23, 9, 24, 8], [1, 20, 2, 21], [3, 13, 4, 12], [5, 15, 6, 14], [7, 18, 8, 19], [9, 17, 10, 16], [11, 5, 12, 4]]"
12a_0834_182,"[[11, 5, 12, 4], [13, 3, 14, 2], [15, 11, 16, 10], [17, 23, 18, 22], [19, 24, 20, 1], [21, 6, 22, 7], [23, 9, 24, 8], [1, 20, 2, 21], [3, 13, 4, 12], [5, 15, 6, 14], [7, 18, 8, 19], [9, 17, 10, 16]]"
12a_0834_183,"[[9, 17, 10, 16], [11, 5, 12, 4], [13, 3, 14, 2], [15, 11, 16, 10], [17, 23, 18, 22], [19, 24, 20, 1], [21, 6, 22, 7], [23, 9, 24, 8], [1, 20, 2, 21], [3, 13, 4, 12], [5, 15, 6, 14], [7, 18, 8, 19]]"
12a_0834_184,"[[7, 18, 8, 19], [9, 17, 10, 16], [11, 5, 12, 4], [13, 3, 14, 2], [15, 11, 16, 10], [17, 23, 18, 22], [19, 24, 20, 1], [21, 6, 22, 7], [23, 9, 24, 8], [1, 20, 2, 21], [3, 13, 4, 12], [5, 15, 6, 14]]"
12a_0834_185,"[[5, 15, 6, 14], [7, 18, 8, 19], [9, 17, 10, 16], [11, 5, 12, 4], [13, 3, 14, 2], [15, 11, 16, 10], [17, 23, 18, 22], [19, 24, 20, 1], [21, 6, 22, 7], [23, 9, 24, 8], [1, 20, 2, 21], [3, 13, 4, 12]]"
