name,pd_notation
12a_0952_0,"[[24, 16, 1, 15], [2, 8, 3, 7], [4, 12, 5, 11], [6, 19, 7, 20], [8, 18, 9, 17], [10, 4, 11, 3], [12, 22, 13, 21], [14, 24, 15, 23], [16, 10, 17, 9], [18, 2, 19, 1], [20, 5, 21, 6], [22, 14, 23, 13]]"
12a_0952_1,"[[22, 14, 23, 13], [24, 16, 1, 15], [2, 8, 3, 7], [4, 12, 5, 11], [6, 19, 7, 20], [8, 18, 9, 17], [10, 4, 11, 3], [12, 22, 13, 21], [14, 24, 15, 23], [16, 10, 17, 9], [18, 2, 19, 1], [20, 5, 21, 6]]"
12a_0952_2,"[[20, 5, 21, 6], [22, 14, 23, 13], [24, 16, 1, 15], [2, 8, 3, 7], [4, 12, 5, 11], [6, 19, 7, 20], [8, 18, 9, 17], [10, 4, 11, 3], [12, 22, 13, 21], [14, 24, 15, 23], [16, 10, 17, 9], [18, 2, 19, 1]]"
12a_0952_3,"[[18, 2, 19, 1], [20, 5, 21, 6], [22, 14, 23, 13], [24, 16, 1, 15], [2, 8, 3, 7], [4, 12, 5, 11], [6, 19, 7, 20], [8, 18, 9, 17], [10, 4, 11, 3], [12, 22, 13, 21], [14, 24, 15, 23], [16, 10, 17, 9]]"
12a_0952_4,"[[16, 10, 17, 9], [18, 2, 19, 1], [20, 5, 21, 6], [22, 14, 23, 13], [24, 16, 1, 15], [2, 8, 3, 7], [4, 12, 5, 11], [6, 19, 7, 20], [8, 18, 9, 17], [10, 4, 11, 3], [12, 22, 13, 21], [14, 24, 15, 23]]"
12a_0952_5,"[[14, 24, 15, 23], [16, 10, 17, 9], [18, 2, 19, 1], [20, 5, 21, 6], [22, 14, 23, 13], [24, 16, 1, 15], [2, 8, 3, 7], [4, 12, 5, 11], [6, 19, 7, 20], [8, 18, 9, 17], [10, 4, 11, 3], [12, 22, 13, 21]]"
12a_0952_6,"[[12, 22, 13, 21], [14, 24, 15, 23], [16, 10, 17, 9], [18, 2, 19, 1], [20, 5, 21, 6], [22, 14, 23, 13], [24, 16, 1, 15], [2, 8, 3, 7], [4, 12, 5, 11], [6, 19, 7, 20], [8, 18, 9, 17], [10, 4, 11, 3]]"
12a_0952_7,"[[10, 4, 11, 3], [12, 22, 13, 21], [14, 24, 15, 23], [16, 10, 17, 9], [18, 2, 19, 1], [20, 5, 21, 6], [22, 14, 23, 13], [24, 16, 1, 15], [2, 8, 3, 7], [4, 12, 5, 11], [6, 19, 7, 20], [8, 18, 9, 17]]"
12a_0952_8,"[[8, 18, 9, 17], [10, 4, 11, 3], [12, 22, 13, 21], [14, 24, 15, 23], [16, 10, 17, 9], [18, 2, 19, 1], [20, 5, 21, 6], [22, 14, 23, 13], [24, 16, 1, 15], [2, 8, 3, 7], [4, 12, 5, 11], [6, 19, 7, 20]]"
12a_0952_9,"[[6, 19, 7, 20], [8, 18, 9, 17], [10, 4, 11, 3], [12, 22, 13, 21], [14, 24, 15, 23], [16, 10, 17, 9], [18, 2, 19, 1], [20, 5, 21, 6], [22, 14, 23, 13], [24, 16, 1, 15], [2, 8, 3, 7], [4, 12, 5, 11]]"
12a_0952_10,"[[4, 12, 5, 11], [6, 19, 7, 20], [8, 18, 9, 17], [10, 4, 11, 3], [12, 22, 13, 21], [14, 24, 15, 23], [16, 10, 17, 9], [18, 2, 19, 1], [20, 5, 21, 6], [22, 14, 23, 13], [24, 16, 1, 15], [2, 8, 3, 7]]"
12a_0952_11,"[[2, 8, 3, 7], [4, 12, 5, 11], [6, 19, 7, 20], [8, 18, 9, 17], [10, 4, 11, 3], [12, 22, 13, 21], [14, 24, 15, 23], [16, 10, 17, 9], [18, 2, 19, 1], [20, 5, 21, 6], [22, 14, 23, 13], [24, 16, 1, 15]]"
12a_0952_12,"[[1, 17, 2, 16], [3, 9, 4, 8], [5, 13, 6, 12], [7, 20, 8, 21], [9, 19, 10, 18], [11, 5, 12, 4], [13, 23, 14, 22], [15, 1, 16, 24], [17, 11, 18, 10], [19, 3, 20, 2], [21, 6, 22, 7], [23, 15, 24, 14]]"
12a_0952_13,"[[23, 15, 24, 14], [1, 17, 2, 16], [3, 9, 4, 8], [5, 13, 6, 12], [7, 20, 8, 21], [9, 19, 10, 18], [11, 5, 12, 4], [13, 23, 14, 22], [15, 1, 16, 24], [17, 11, 18, 10], [19, 3, 20, 2], [21, 6, 22, 7]]"
12a_0952_14,"[[21, 6, 22, 7], [23, 15, 24, 14], [1, 17, 2, 16], [3, 9, 4, 8], [5, 13, 6, 12], [7, 20, 8, 21], [9, 19, 10, 18], [11, 5, 12, 4], [13, 23, 14, 22], [15, 1, 16, 24], [17, 11, 18, 10], [19, 3, 20, 2]]"
12a_0952_15,"[[19, 3, 20, 2], [21, 6, 22, 7], [23, 15, 24, 14], [1, 17, 2, 16], [3, 9, 4, 8], [5, 13, 6, 12], [7, 20, 8, 21], [9, 19, 10, 18], [11, 5, 12, 4], [13, 23, 14, 22], [15, 1, 16, 24], [17, 11, 18, 10]]"
12a_0952_16,"[[17, 11, 18, 10], [19, 3, 20, 2], [21, 6, 22, 7], [23, 15, 24, 14], [1, 17, 2, 16], [3, 9, 4, 8], [5, 13, 6, 12], [7, 20, 8, 21], [9, 19, 10, 18], [11, 5, 12, 4], [13, 23, 14, 22], [15, 1, 16, 24]]"
12a_0952_17,"[[15, 1, 16, 24], [17, 11, 18, 10], [19, 3, 20, 2], [21, 6, 22, 7], [23, 15, 24, 14], [1, 17, 2, 16], [3, 9, 4, 8], [5, 13, 6, 12], [7, 20, 8, 21], [9, 19, 10, 18], [11, 5, 12, 4], [13, 23, 14, 22]]"
12a_0952_18,"[[13, 23, 14, 22], [15, 1, 16, 24], [17, 11, 18, 10], [19, 3, 20, 2], [21, 6, 22, 7], [23, 15, 24, 14], [1, 17, 2, 16], [3, 9, 4, 8], [5, 13, 6, 12], [7, 20, 8, 21], [9, 19, 10, 18], [11, 5, 12, 4]]"
12a_0952_19,"[[11, 5, 12, 4], [13, 23, 14, 22], [15, 1, 16, 24], [17, 11, 18, 10], [19, 3, 20, 2], [21, 6, 22, 7], [23, 15, 24, 14], [1, 17, 2, 16], [3, 9, 4, 8], [5, 13, 6, 12], [7, 20, 8, 21], [9, 19, 10, 18]]"
12a_0952_20,"[[9, 19, 10, 18], [11, 5, 12, 4], [13, 23, 14, 22], [15, 1, 16, 24], [17, 11, 18, 10], [19, 3, 20, 2], [21, 6, 22, 7], [23, 15, 24, 14], [1, 17, 2, 16], [3, 9, 4, 8], [5, 13, 6, 12], [7, 20, 8, 21]]"
12a_0952_21,"[[7, 20, 8, 21], [9, 19, 10, 18], [11, 5, 12, 4], [13, 23, 14, 22], [15, 1, 16, 24], [17, 11, 18, 10], [19, 3, 20, 2], [21, 6, 22, 7], [23, 15, 24, 14], [1, 17, 2, 16], [3, 9, 4, 8], [5, 13, 6, 12]]"
12a_0952_22,"[[5, 13, 6, 12], [7, 20, 8, 21], [9, 19, 10, 18], [11, 5, 12, 4], [13, 23, 14, 22], [15, 1, 16, 24], [17, 11, 18, 10], [19, 3, 20, 2], [21, 6, 22, 7], [23, 15, 24, 14], [1, 17, 2, 16], [3, 9, 4, 8]]"
12a_0952_23,"[[3, 9, 4, 8], [5, 13, 6, 12], [7, 20, 8, 21], [9, 19, 10, 18], [11, 5, 12, 4], [13, 23, 14, 22], [15, 1, 16, 24], [17, 11, 18, 10], [19, 3, 20, 2], [21, 6, 22, 7], [23, 15, 24, 14], [1, 17, 2, 16]]"
12a_0952_24,"[[2, 18, 3, 17], [4, 10, 5, 9], [6, 14, 7, 13], [8, 21, 9, 22], [10, 20, 11, 19], [12, 6, 13, 5], [14, 24, 15, 23], [16, 2, 17, 1], [18, 12, 19, 11], [20, 4, 21, 3], [22, 7, 23, 8], [24, 16, 1, 15]]"
12a_0952_25,"[[24, 16, 1, 15], [2, 18, 3, 17], [4, 10, 5, 9], [6, 14, 7, 13], [8, 21, 9, 22], [10, 20, 11, 19], [12, 6, 13, 5], [14, 24, 15, 23], [16, 2, 17, 1], [18, 12, 19, 11], [20, 4, 21, 3], [22, 7, 23, 8]]"
12a_0952_26,"[[22, 7, 23, 8], [24, 16, 1, 15], [2, 18, 3, 17], [4, 10, 5, 9], [6, 14, 7, 13], [8, 21, 9, 22], [10, 20, 11, 19], [12, 6, 13, 5], [14, 24, 15, 23], [16, 2, 17, 1], [18, 12, 19, 11], [20, 4, 21, 3]]"
12a_0952_27,"[[20, 4, 21, 3], [22, 7, 23, 8], [24, 16, 1, 15], [2, 18, 3, 17], [4, 10, 5, 9], [6, 14, 7, 13], [8, 21, 9, 22], [10, 20, 11, 19], [12, 6, 13, 5], [14, 24, 15, 23], [16, 2, 17, 1], [18, 12, 19, 11]]"
12a_0952_28,"[[18, 12, 19, 11], [20, 4, 21, 3], [22, 7, 23, 8], [24, 16, 1, 15], [2, 18, 3, 17], [4, 10, 5, 9], [6, 14, 7, 13], [8, 21, 9, 22], [10, 20, 11, 19], [12, 6, 13, 5], [14, 24, 15, 23], [16, 2, 17, 1]]"
12a_0952_29,"[[16, 2, 17, 1], [18, 12, 19, 11], [20, 4, 21, 3], [22, 7, 23, 8], [24, 16, 1, 15], [2, 18, 3, 17], [4, 10, 5, 9], [6, 14, 7, 13], [8, 21, 9, 22], [10, 20, 11, 19], [12, 6, 13, 5], [14, 24, 15, 23]]"
12a_0952_30,"[[14, 24, 15, 23], [16, 2, 17, 1], [18, 12, 19, 11], [20, 4, 21, 3], [22, 7, 23, 8], [24, 16, 1, 15], [2, 18, 3, 17], [4, 10, 5, 9], [6, 14, 7, 13], [8, 21, 9, 22], [10, 20, 11, 19], [12, 6, 13, 5]]"
12a_0952_31,"[[12, 6, 13, 5], [14, 24, 15, 23], [16, 2, 17, 1], [18, 12, 19, 11], [20, 4, 21, 3], [22, 7, 23, 8], [24, 16, 1, 15], [2, 18, 3, 17], [4, 10, 5, 9], [6, 14, 7, 13], [8, 21, 9, 22], [10, 20, 11, 19]]"
12a_0952_32,"[[10, 20, 11, 19], [12, 6, 13, 5], [14, 24, 15, 23], [16, 2, 17, 1], [18, 12, 19, 11], [20, 4, 21, 3], [22, 7, 23, 8], [24, 16, 1, 15], [2, 18, 3, 17], [4, 10, 5, 9], [6, 14, 7, 13], [8, 21, 9, 22]]"
12a_0952_33,"[[8, 21, 9, 22], [10, 20, 11, 19], [12, 6, 13, 5], [14, 24, 15, 23], [16, 2, 17, 1], [18, 12, 19, 11], [20, 4, 21, 3], [22, 7, 23, 8], [24, 16, 1, 15], [2, 18, 3, 17], [4, 10, 5, 9], [6, 14, 7, 13]]"
12a_0952_34,"[[6, 14, 7, 13], [8, 21, 9, 22], [10, 20, 11, 19], [12, 6, 13, 5], [14, 24, 15, 23], [16, 2, 17, 1], [18, 12, 19, 11], [20, 4, 21, 3], [22, 7, 23, 8], [24, 16, 1, 15], [2, 18, 3, 17], [4, 10, 5, 9]]"
12a_0952_35,"[[4, 10, 5, 9], [6, 14, 7, 13], [8, 21, 9, 22], [10, 20, 11, 19], [12, 6, 13, 5], [14, 24, 15, 23], [16, 2, 17, 1], [18, 12, 19, 11], [20, 4, 21, 3], [22, 7, 23, 8], [24, 16, 1, 15], [2, 18, 3, 17]]"
12a_0952_36,"[[3, 19, 4, 18], [5, 11, 6, 10], [7, 15, 8, 14], [9, 22, 10, 23], [11, 21, 12, 20], [13, 7, 14, 6], [15, 1, 16, 24], [17, 3, 18, 2], [19, 13, 20, 12], [21, 5, 22, 4], [23, 8, 24, 9], [1, 17, 2, 16]]"
12a_0952_37,"[[1, 17, 2, 16], [3, 19, 4, 18], [5, 11, 6, 10], [7, 15, 8, 14], [9, 22, 10, 23], [11, 21, 12, 20], [13, 7, 14, 6], [15, 1, 16, 24], [17, 3, 18, 2], [19, 13, 20, 12], [21, 5, 22, 4], [23, 8, 24, 9]]"
12a_0952_38,"[[23, 8, 24, 9], [1, 17, 2, 16], [3, 19, 4, 18], [5, 11, 6, 10], [7, 15, 8, 14], [9, 22, 10, 23], [11, 21, 12, 20], [13, 7, 14, 6], [15, 1, 16, 24], [17, 3, 18, 2], [19, 13, 20, 12], [21, 5, 22, 4]]"
12a_0952_39,"[[21, 5, 22, 4], [23, 8, 24, 9], [1, 17, 2, 16], [3, 19, 4, 18], [5, 11, 6, 10], [7, 15, 8, 14], [9, 22, 10, 23], [11, 21, 12, 20], [13, 7, 14, 6], [15, 1, 16, 24], [17, 3, 18, 2], [19, 13, 20, 12]]"
12a_0952_40,"[[19, 13, 20, 12], [21, 5, 22, 4], [23, 8, 24, 9], [1, 17, 2, 16], [3, 19, 4, 18], [5, 11, 6, 10], [7, 15, 8, 14], [9, 22, 10, 23], [11, 21, 12, 20], [13, 7, 14, 6], [15, 1, 16, 24], [17, 3, 18, 2]]"
12a_0952_41,"[[17, 3, 18, 2], [19, 13, 20, 12], [21, 5, 22, 4], [23, 8, 24, 9], [1, 17, 2, 16], [3, 19, 4, 18], [5, 11, 6, 10], [7, 15, 8, 14], [9, 22, 10, 23], [11, 21, 12, 20], [13, 7, 14, 6], [15, 1, 16, 24]]"
12a_0952_42,"[[15, 1, 16, 24], [17, 3, 18, 2], [19, 13, 20, 12], [21, 5, 22, 4], [23, 8, 24, 9], [1, 17, 2, 16], [3, 19, 4, 18], [5, 11, 6, 10], [7, 15, 8, 14], [9, 22, 10, 23], [11, 21, 12, 20], [13, 7, 14, 6]]"
12a_0952_43,"[[13, 7, 14, 6], [15, 1, 16, 24], [17, 3, 18, 2], [19, 13, 20, 12], [21, 5, 22, 4], [23, 8, 24, 9], [1, 17, 2, 16], [3, 19, 4, 18], [5, 11, 6, 10], [7, 15, 8, 14], [9, 22, 10, 23], [11, 21, 12, 20]]"
12a_0952_44,"[[11, 21, 12, 20], [13, 7, 14, 6], [15, 1, 16, 24], [17, 3, 18, 2], [19, 13, 20, 12], [21, 5, 22, 4], [23, 8, 24, 9], [1, 17, 2, 16], [3, 19, 4, 18], [5, 11, 6, 10], [7, 15, 8, 14], [9, 22, 10, 23]]"
12a_0952_45,"[[9, 22, 10, 23], [11, 21, 12, 20], [13, 7, 14, 6], [15, 1, 16, 24], [17, 3, 18, 2], [19, 13, 20, 12], [21, 5, 22, 4], [23, 8, 24, 9], [1, 17, 2, 16], [3, 19, 4, 18], [5, 11, 6, 10], [7, 15, 8, 14]]"
12a_0952_46,"[[7, 15, 8, 14], [9, 22, 10, 23], [11, 21, 12, 20], [13, 7, 14, 6], [15, 1, 16, 24], [17, 3, 18, 2], [19, 13, 20, 12], [21, 5, 22, 4], [23, 8, 24, 9], [1, 17, 2, 16], [3, 19, 4, 18], [5, 11, 6, 10]]"
12a_0952_47,"[[5, 11, 6, 10], [7, 15, 8, 14], [9, 22, 10, 23], [11, 21, 12, 20], [13, 7, 14, 6], [15, 1, 16, 24], [17, 3, 18, 2], [19, 13, 20, 12], [21, 5, 22, 4], [23, 8, 24, 9], [1, 17, 2, 16], [3, 19, 4, 18]]"
12a_0952_48,"[[4, 20, 5, 19], [6, 12, 7, 11], [8, 16, 9, 15], [10, 23, 11, 24], [12, 22, 13, 21], [14, 8, 15, 7], [16, 2, 17, 1], [18, 4, 19, 3], [20, 14, 21, 13], [22, 6, 23, 5], [24, 9, 1, 10], [2, 18, 3, 17]]"
12a_0952_49,"[[2, 18, 3, 17], [4, 20, 5, 19], [6, 12, 7, 11], [8, 16, 9, 15], [10, 23, 11, 24], [12, 22, 13, 21], [14, 8, 15, 7], [16, 2, 17, 1], [18, 4, 19, 3], [20, 14, 21, 13], [22, 6, 23, 5], [24, 9, 1, 10]]"
12a_0952_50,"[[24, 9, 1, 10], [2, 18, 3, 17], [4, 20, 5, 19], [6, 12, 7, 11], [8, 16, 9, 15], [10, 23, 11, 24], [12, 22, 13, 21], [14, 8, 15, 7], [16, 2, 17, 1], [18, 4, 19, 3], [20, 14, 21, 13], [22, 6, 23, 5]]"
12a_0952_51,"[[22, 6, 23, 5], [24, 9, 1, 10], [2, 18, 3, 17], [4, 20, 5, 19], [6, 12, 7, 11], [8, 16, 9, 15], [10, 23, 11, 24], [12, 22, 13, 21], [14, 8, 15, 7], [16, 2, 17, 1], [18, 4, 19, 3], [20, 14, 21, 13]]"
12a_0952_52,"[[20, 14, 21, 13], [22, 6, 23, 5], [24, 9, 1, 10], [2, 18, 3, 17], [4, 20, 5, 19], [6, 12, 7, 11], [8, 16, 9, 15], [10, 23, 11, 24], [12, 22, 13, 21], [14, 8, 15, 7], [16, 2, 17, 1], [18, 4, 19, 3]]"
12a_0952_53,"[[18, 4, 19, 3], [20, 14, 21, 13], [22, 6, 23, 5], [24, 9, 1, 10], [2, 18, 3, 17], [4, 20, 5, 19], [6, 12, 7, 11], [8, 16, 9, 15], [10, 23, 11, 24], [12, 22, 13, 21], [14, 8, 15, 7], [16, 2, 17, 1]]"
12a_0952_54,"[[16, 2, 17, 1], [18, 4, 19, 3], [20, 14, 21, 13], [22, 6, 23, 5], [24, 9, 1, 10], [2, 18, 3, 17], [4, 20, 5, 19], [6, 12, 7, 11], [8, 16, 9, 15], [10, 23, 11, 24], [12, 22, 13, 21], [14, 8, 15, 7]]"
12a_0952_55,"[[14, 8, 15, 7], [16, 2, 17, 1], [18, 4, 19, 3], [20, 14, 21, 13], [22, 6, 23, 5], [24, 9, 1, 10], [2, 18, 3, 17], [4, 20, 5, 19], [6, 12, 7, 11], [8, 16, 9, 15], [10, 23, 11, 24], [12, 22, 13, 21]]"
12a_0952_56,"[[12, 22, 13, 21], [14, 8, 15, 7], [16, 2, 17, 1], [18, 4, 19, 3], [20, 14, 21, 13], [22, 6, 23, 5], [24, 9, 1, 10], [2, 18, 3, 17], [4, 20, 5, 19], [6, 12, 7, 11], [8, 16, 9, 15], [10, 23, 11, 24]]"
12a_0952_57,"[[10, 23, 11, 24], [12, 22, 13, 21], [14, 8, 15, 7], [16, 2, 17, 1], [18, 4, 19, 3], [20, 14, 21, 13], [22, 6, 23, 5], [24, 9, 1, 10], [2, 18, 3, 17], [4, 20, 5, 19], [6, 12, 7, 11], [8, 16, 9, 15]]"
12a_0952_58,"[[8, 16, 9, 15], [10, 23, 11, 24], [12, 22, 13, 21], [14, 8, 15, 7], [16, 2, 17, 1], [18, 4, 19, 3], [20, 14, 21, 13], [22, 6, 23, 5], [24, 9, 1, 10], [2, 18, 3, 17], [4, 20, 5, 19], [6, 12, 7, 11]]"
12a_0952_59,"[[6, 12, 7, 11], [8, 16, 9, 15], [10, 23, 11, 24], [12, 22, 13, 21], [14, 8, 15, 7], [16, 2, 17, 1], [18, 4, 19, 3], [20, 14, 21, 13], [22, 6, 23, 5], [24, 9, 1, 10], [2, 18, 3, 17], [4, 20, 5, 19]]"
12a_0952_60,"[[5, 21, 6, 20], [7, 13, 8, 12], [9, 17, 10, 16], [11, 24, 12, 1], [13, 23, 14, 22], [15, 9, 16, 8], [17, 3, 18, 2], [19, 5, 20, 4], [21, 15, 22, 14], [23, 7, 24, 6], [1, 10, 2, 11], [3, 19, 4, 18]]"
12a_0952_61,"[[3, 19, 4, 18], [5, 21, 6, 20], [7, 13, 8, 12], [9, 17, 10, 16], [11, 24, 12, 1], [13, 23, 14, 22], [15, 9, 16, 8], [17, 3, 18, 2], [19, 5, 20, 4], [21, 15, 22, 14], [23, 7, 24, 6], [1, 10, 2, 11]]"
12a_0952_62,"[[1, 10, 2, 11], [3, 19, 4, 18], [5, 21, 6, 20], [7, 13, 8, 12], [9, 17, 10, 16], [11, 24, 12, 1], [13, 23, 14, 22], [15, 9, 16, 8], [17, 3, 18, 2], [19, 5, 20, 4], [21, 15, 22, 14], [23, 7, 24, 6]]"
12a_0952_63,"[[23, 7, 24, 6], [1, 10, 2, 11], [3, 19, 4, 18], [5, 21, 6, 20], [7, 13, 8, 12], [9, 17, 10, 16], [11, 24, 12, 1], [13, 23, 14, 22], [15, 9, 16, 8], [17, 3, 18, 2], [19, 5, 20, 4], [21, 15, 22, 14]]"
12a_0952_64,"[[21, 15, 22, 14], [23, 7, 24, 6], [1, 10, 2, 11], [3, 19, 4, 18], [5, 21, 6, 20], [7, 13, 8, 12], [9, 17, 10, 16], [11, 24, 12, 1], [13, 23, 14, 22], [15, 9, 16, 8], [17, 3, 18, 2], [19, 5, 20, 4]]"
12a_0952_65,"[[19, 5, 20, 4], [21, 15, 22, 14], [23, 7, 24, 6], [1, 10, 2, 11], [3, 19, 4, 18], [5, 21, 6, 20], [7, 13, 8, 12], [9, 17, 10, 16], [11, 24, 12, 1], [13, 23, 14, 22], [15, 9, 16, 8], [17, 3, 18, 2]]"
12a_0952_66,"[[17, 3, 18, 2], [19, 5, 20, 4], [21, 15, 22, 14], [23, 7, 24, 6], [1, 10, 2, 11], [3, 19, 4, 18], [5, 21, 6, 20], [7, 13, 8, 12], [9, 17, 10, 16], [11, 24, 12, 1], [13, 23, 14, 22], [15, 9, 16, 8]]"
12a_0952_67,"[[15, 9, 16, 8], [17, 3, 18, 2], [19, 5, 20, 4], [21, 15, 22, 14], [23, 7, 24, 6], [1, 10, 2, 11], [3, 19, 4, 18], [5, 21, 6, 20], [7, 13, 8, 12], [9, 17, 10, 16], [11, 24, 12, 1], [13, 23, 14, 22]]"
12a_0952_68,"[[13, 23, 14, 22], [15, 9, 16, 8], [17, 3, 18, 2], [19, 5, 20, 4], [21, 15, 22, 14], [23, 7, 24, 6], [1, 10, 2, 11], [3, 19, 4, 18], [5, 21, 6, 20], [7, 13, 8, 12], [9, 17, 10, 16], [11, 24, 12, 1]]"
12a_0952_69,"[[11, 24, 12, 1], [13, 23, 14, 22], [15, 9, 16, 8], [17, 3, 18, 2], [19, 5, 20, 4], [21, 15, 22, 14], [23, 7, 24, 6], [1, 10, 2, 11], [3, 19, 4, 18], [5, 21, 6, 20], [7, 13, 8, 12], [9, 17, 10, 16]]"
12a_0952_70,"[[9, 17, 10, 16], [11, 24, 12, 1], [13, 23, 14, 22], [15, 9, 16, 8], [17, 3, 18, 2], [19, 5, 20, 4], [21, 15, 22, 14], [23, 7, 24, 6], [1, 10, 2, 11], [3, 19, 4, 18], [5, 21, 6, 20], [7, 13, 8, 12]]"
12a_0952_71,"[[7, 13, 8, 12], [9, 17, 10, 16], [11, 24, 12, 1], [13, 23, 14, 22], [15, 9, 16, 8], [17, 3, 18, 2], [19, 5, 20, 4], [21, 15, 22, 14], [23, 7, 24, 6], [1, 10, 2, 11], [3, 19, 4, 18], [5, 21, 6, 20]]"
12a_0952_72,"[[6, 22, 7, 21], [8, 14, 9, 13], [10, 18, 11, 17], [12, 1, 13, 2], [14, 24, 15, 23], [16, 10, 17, 9], [18, 4, 19, 3], [20, 6, 21, 5], [22, 16, 23, 15], [24, 8, 1, 7], [2, 11, 3, 12], [4, 20, 5, 19]]"
12a_0952_73,"[[4, 20, 5, 19], [6, 22, 7, 21], [8, 14, 9, 13], [10, 18, 11, 17], [12, 1, 13, 2], [14, 24, 15, 23], [16, 10, 17, 9], [18, 4, 19, 3], [20, 6, 21, 5], [22, 16, 23, 15], [24, 8, 1, 7], [2, 11, 3, 12]]"
12a_0952_74,"[[2, 11, 3, 12], [4, 20, 5, 19], [6, 22, 7, 21], [8, 14, 9, 13], [10, 18, 11, 17], [12, 1, 13, 2], [14, 24, 15, 23], [16, 10, 17, 9], [18, 4, 19, 3], [20, 6, 21, 5], [22, 16, 23, 15], [24, 8, 1, 7]]"
12a_0952_75,"[[24, 8, 1, 7], [2, 11, 3, 12], [4, 20, 5, 19], [6, 22, 7, 21], [8, 14, 9, 13], [10, 18, 11, 17], [12, 1, 13, 2], [14, 24, 15, 23], [16, 10, 17, 9], [18, 4, 19, 3], [20, 6, 21, 5], [22, 16, 23, 15]]"
12a_0952_76,"[[22, 16, 23, 15], [24, 8, 1, 7], [2, 11, 3, 12], [4, 20, 5, 19], [6, 22, 7, 21], [8, 14, 9, 13], [10, 18, 11, 17], [12, 1, 13, 2], [14, 24, 15, 23], [16, 10, 17, 9], [18, 4, 19, 3], [20, 6, 21, 5]]"
12a_0952_77,"[[20, 6, 21, 5], [22, 16, 23, 15], [24, 8, 1, 7], [2, 11, 3, 12], [4, 20, 5, 19], [6, 22, 7, 21], [8, 14, 9, 13], [10, 18, 11, 17], [12, 1, 13, 2], [14, 24, 15, 23], [16, 10, 17, 9], [18, 4, 19, 3]]"
12a_0952_78,"[[18, 4, 19, 3], [20, 6, 21, 5], [22, 16, 23, 15], [24, 8, 1, 7], [2, 11, 3, 12], [4, 20, 5, 19], [6, 22, 7, 21], [8, 14, 9, 13], [10, 18, 11, 17], [12, 1, 13, 2], [14, 24, 15, 23], [16, 10, 17, 9]]"
12a_0952_79,"[[16, 10, 17, 9], [18, 4, 19, 3], [20, 6, 21, 5], [22, 16, 23, 15], [24, 8, 1, 7], [2, 11, 3, 12], [4, 20, 5, 19], [6, 22, 7, 21], [8, 14, 9, 13], [10, 18, 11, 17], [12, 1, 13, 2], [14, 24, 15, 23]]"
12a_0952_80,"[[14, 24, 15, 23], [16, 10, 17, 9], [18, 4, 19, 3], [20, 6, 21, 5], [22, 16, 23, 15], [24, 8, 1, 7], [2, 11, 3, 12], [4, 20, 5, 19], [6, 22, 7, 21], [8, 14, 9, 13], [10, 18, 11, 17], [12, 1, 13, 2]]"
12a_0952_81,"[[12, 1, 13, 2], [14, 24, 15, 23], [16, 10, 17, 9], [18, 4, 19, 3], [20, 6, 21, 5], [22, 16, 23, 15], [24, 8, 1, 7], [2, 11, 3, 12], [4, 20, 5, 19], [6, 22, 7, 21], [8, 14, 9, 13], [10, 18, 11, 17]]"
12a_0952_82,"[[10, 18, 11, 17], [12, 1, 13, 2], [14, 24, 15, 23], [16, 10, 17, 9], [18, 4, 19, 3], [20, 6, 21, 5], [22, 16, 23, 15], [24, 8, 1, 7], [2, 11, 3, 12], [4, 20, 5, 19], [6, 22, 7, 21], [8, 14, 9, 13]]"
12a_0952_83,"[[8, 14, 9, 13], [10, 18, 11, 17], [12, 1, 13, 2], [14, 24, 15, 23], [16, 10, 17, 9], [18, 4, 19, 3], [20, 6, 21, 5], [22, 16, 23, 15], [24, 8, 1, 7], [2, 11, 3, 12], [4, 20, 5, 19], [6, 22, 7, 21]]"
12a_0952_84,"[[7, 23, 8, 22], [9, 15, 10, 14], [11, 19, 12, 18], [13, 2, 14, 3], [15, 1, 16, 24], [17, 11, 18, 10], [19, 5, 20, 4], [21, 7, 22, 6], [23, 17, 24, 16], [1, 9, 2, 8], [3, 12, 4, 13], [5, 21, 6, 20]]"
12a_0952_85,"[[5, 21, 6, 20], [7, 23, 8, 22], [9, 15, 10, 14], [11, 19, 12, 18], [13, 2, 14, 3], [15, 1, 16, 24], [17, 11, 18, 10], [19, 5, 20, 4], [21, 7, 22, 6], [23, 17, 24, 16], [1, 9, 2, 8], [3, 12, 4, 13]]"
12a_0952_86,"[[3, 12, 4, 13], [5, 21, 6, 20], [7, 23, 8, 22], [9, 15, 10, 14], [11, 19, 12, 18], [13, 2, 14, 3], [15, 1, 16, 24], [17, 11, 18, 10], [19, 5, 20, 4], [21, 7, 22, 6], [23, 17, 24, 16], [1, 9, 2, 8]]"
12a_0952_87,"[[1, 9, 2, 8], [3, 12, 4, 13], [5, 21, 6, 20], [7, 23, 8, 22], [9, 15, 10, 14], [11, 19, 12, 18], [13, 2, 14, 3], [15, 1, 16, 24], [17, 11, 18, 10], [19, 5, 20, 4], [21, 7, 22, 6], [23, 17, 24, 16]]"
12a_0952_88,"[[23, 17, 24, 16], [1, 9, 2, 8], [3, 12, 4, 13], [5, 21, 6, 20], [7, 23, 8, 22], [9, 15, 10, 14], [11, 19, 12, 18], [13, 2, 14, 3], [15, 1, 16, 24], [17, 11, 18, 10], [19, 5, 20, 4], [21, 7, 22, 6]]"
12a_0952_89,"[[21, 7, 22, 6], [23, 17, 24, 16], [1, 9, 2, 8], [3, 12, 4, 13], [5, 21, 6, 20], [7, 23, 8, 22], [9, 15, 10, 14], [11, 19, 12, 18], [13, 2, 14, 3], [15, 1, 16, 24], [17, 11, 18, 10], [19, 5, 20, 4]]"
12a_0952_90,"[[19, 5, 20, 4], [21, 7, 22, 6], [23, 17, 24, 16], [1, 9, 2, 8], [3, 12, 4, 13], [5, 21, 6, 20], [7, 23, 8, 22], [9, 15, 10, 14], [11, 19, 12, 18], [13, 2, 14, 3], [15, 1, 16, 24], [17, 11, 18, 10]]"
12a_0952_91,"[[17, 11, 18, 10], [19, 5, 20, 4], [21, 7, 22, 6], [23, 17, 24, 16], [1, 9, 2, 8], [3, 12, 4, 13], [5, 21, 6, 20], [7, 23, 8, 22], [9, 15, 10, 14], [11, 19, 12, 18], [13, 2, 14, 3], [15, 1, 16, 24]]"
12a_0952_92,"[[15, 1, 16, 24], [17, 11, 18, 10], [19, 5, 20, 4], [21, 7, 22, 6], [23, 17, 24, 16], [1, 9, 2, 8], [3, 12, 4, 13], [5, 21, 6, 20], [7, 23, 8, 22], [9, 15, 10, 14], [11, 19, 12, 18], [13, 2, 14, 3]]"
12a_0952_93,"[[13, 2, 14, 3], [15, 1, 16, 24], [17, 11, 18, 10], [19, 5, 20, 4], [21, 7, 22, 6], [23, 17, 24, 16], [1, 9, 2, 8], [3, 12, 4, 13], [5, 21, 6, 20], [7, 23, 8, 22], [9, 15, 10, 14], [11, 19, 12, 18]]"
12a_0952_94,"[[11, 19, 12, 18], [13, 2, 14, 3], [15, 1, 16, 24], [17, 11, 18, 10], [19, 5, 20, 4], [21, 7, 22, 6], [23, 17, 24, 16], [1, 9, 2, 8], [3, 12, 4, 13], [5, 21, 6, 20], [7, 23, 8, 22], [9, 15, 10, 14]]"
12a_0952_95,"[[9, 15, 10, 14], [11, 19, 12, 18], [13, 2, 14, 3], [15, 1, 16, 24], [17, 11, 18, 10], [19, 5, 20, 4], [21, 7, 22, 6], [23, 17, 24, 16], [1, 9, 2, 8], [3, 12, 4, 13], [5, 21, 6, 20], [7, 23, 8, 22]]"
12a_0952_96,"[[8, 24, 9, 23], [10, 16, 11, 15], [12, 20, 13, 19], [14, 3, 15, 4], [16, 2, 17, 1], [18, 12, 19, 11], [20, 6, 21, 5], [22, 8, 23, 7], [24, 18, 1, 17], [2, 10, 3, 9], [4, 13, 5, 14], [6, 22, 7, 21]]"
12a_0952_97,"[[6, 22, 7, 21], [8, 24, 9, 23], [10, 16, 11, 15], [12, 20, 13, 19], [14, 3, 15, 4], [16, 2, 17, 1], [18, 12, 19, 11], [20, 6, 21, 5], [22, 8, 23, 7], [24, 18, 1, 17], [2, 10, 3, 9], [4, 13, 5, 14]]"
12a_0952_98,"[[4, 13, 5, 14], [6, 22, 7, 21], [8, 24, 9, 23], [10, 16, 11, 15], [12, 20, 13, 19], [14, 3, 15, 4], [16, 2, 17, 1], [18, 12, 19, 11], [20, 6, 21, 5], [22, 8, 23, 7], [24, 18, 1, 17], [2, 10, 3, 9]]"
12a_0952_99,"[[2, 10, 3, 9], [4, 13, 5, 14], [6, 22, 7, 21], [8, 24, 9, 23], [10, 16, 11, 15], [12, 20, 13, 19], [14, 3, 15, 4], [16, 2, 17, 1], [18, 12, 19, 11], [20, 6, 21, 5], [22, 8, 23, 7], [24, 18, 1, 17]]"
12a_0952_100,"[[24, 18, 1, 17], [2, 10, 3, 9], [4, 13, 5, 14], [6, 22, 7, 21], [8, 24, 9, 23], [10, 16, 11, 15], [12, 20, 13, 19], [14, 3, 15, 4], [16, 2, 17, 1], [18, 12, 19, 11], [20, 6, 21, 5], [22, 8, 23, 7]]"
12a_0952_101,"[[22, 8, 23, 7], [24, 18, 1, 17], [2, 10, 3, 9], [4, 13, 5, 14], [6, 22, 7, 21], [8, 24, 9, 23], [10, 16, 11, 15], [12, 20, 13, 19], [14, 3, 15, 4], [16, 2, 17, 1], [18, 12, 19, 11], [20, 6, 21, 5]]"
12a_0952_102,"[[20, 6, 21, 5], [22, 8, 23, 7], [24, 18, 1, 17], [2, 10, 3, 9], [4, 13, 5, 14], [6, 22, 7, 21], [8, 24, 9, 23], [10, 16, 11, 15], [12, 20, 13, 19], [14, 3, 15, 4], [16, 2, 17, 1], [18, 12, 19, 11]]"
12a_0952_103,"[[18, 12, 19, 11], [20, 6, 21, 5], [22, 8, 23, 7], [24, 18, 1, 17], [2, 10, 3, 9], [4, 13, 5, 14], [6, 22, 7, 21], [8, 24, 9, 23], [10, 16, 11, 15], [12, 20, 13, 19], [14, 3, 15, 4], [16, 2, 17, 1]]"
12a_0952_104,"[[16, 2, 17, 1], [18, 12, 19, 11], [20, 6, 21, 5], [22, 8, 23, 7], [24, 18, 1, 17], [2, 10, 3, 9], [4, 13, 5, 14], [6, 22, 7, 21], [8, 24, 9, 23], [10, 16, 11, 15], [12, 20, 13, 19], [14, 3, 15, 4]]"
12a_0952_105,"[[14, 3, 15, 4], [16, 2, 17, 1], [18, 12, 19, 11], [20, 6, 21, 5], [22, 8, 23, 7], [24, 18, 1, 17], [2, 10, 3, 9], [4, 13, 5, 14], [6, 22, 7, 21], [8, 24, 9, 23], [10, 16, 11, 15], [12, 20, 13, 19]]"
12a_0952_106,"[[12, 20, 13, 19], [14, 3, 15, 4], [16, 2, 17, 1], [18, 12, 19, 11], [20, 6, 21, 5], [22, 8, 23, 7], [24, 18, 1, 17], [2, 10, 3, 9], [4, 13, 5, 14], [6, 22, 7, 21], [8, 24, 9, 23], [10, 16, 11, 15]]"
12a_0952_107,"[[10, 16, 11, 15], [12, 20, 13, 19], [14, 3, 15, 4], [16, 2, 17, 1], [18, 12, 19, 11], [20, 6, 21, 5], [22, 8, 23, 7], [24, 18, 1, 17], [2, 10, 3, 9], [4, 13, 5, 14], [6, 22, 7, 21], [8, 24, 9, 23]]"
12a_0952_108,"[[9, 1, 10, 24], [11, 17, 12, 16], [13, 21, 14, 20], [15, 4, 16, 5], [17, 3, 18, 2], [19, 13, 20, 12], [21, 7, 22, 6], [23, 9, 24, 8], [1, 19, 2, 18], [3, 11, 4, 10], [5, 14, 6, 15], [7, 23, 8, 22]]"
12a_0952_109,"[[7, 23, 8, 22], [9, 1, 10, 24], [11, 17, 12, 16], [13, 21, 14, 20], [15, 4, 16, 5], [17, 3, 18, 2], [19, 13, 20, 12], [21, 7, 22, 6], [23, 9, 24, 8], [1, 19, 2, 18], [3, 11, 4, 10], [5, 14, 6, 15]]"
12a_0952_110,"[[5, 14, 6, 15], [7, 23, 8, 22], [9, 1, 10, 24], [11, 17, 12, 16], [13, 21, 14, 20], [15, 4, 16, 5], [17, 3, 18, 2], [19, 13, 20, 12], [21, 7, 22, 6], [23, 9, 24, 8], [1, 19, 2, 18], [3, 11, 4, 10]]"
12a_0952_111,"[[3, 11, 4, 10], [5, 14, 6, 15], [7, 23, 8, 22], [9, 1, 10, 24], [11, 17, 12, 16], [13, 21, 14, 20], [15, 4, 16, 5], [17, 3, 18, 2], [19, 13, 20, 12], [21, 7, 22, 6], [23, 9, 24, 8], [1, 19, 2, 18]]"
12a_0952_112,"[[1, 19, 2, 18], [3, 11, 4, 10], [5, 14, 6, 15], [7, 23, 8, 22], [9, 1, 10, 24], [11, 17, 12, 16], [13, 21, 14, 20], [15, 4, 16, 5], [17, 3, 18, 2], [19, 13, 20, 12], [21, 7, 22, 6], [23, 9, 24, 8]]"
12a_0952_113,"[[23, 9, 24, 8], [1, 19, 2, 18], [3, 11, 4, 10], [5, 14, 6, 15], [7, 23, 8, 22], [9, 1, 10, 24], [11, 17, 12, 16], [13, 21, 14, 20], [15, 4, 16, 5], [17, 3, 18, 2], [19, 13, 20, 12], [21, 7, 22, 6]]"
12a_0952_114,"[[21, 7, 22, 6], [23, 9, 24, 8], [1, 19, 2, 18], [3, 11, 4, 10], [5, 14, 6, 15], [7, 23, 8, 22], [9, 1, 10, 24], [11, 17, 12, 16], [13, 21, 14, 20], [15, 4, 16, 5], [17, 3, 18, 2], [19, 13, 20, 12]]"
12a_0952_115,"[[19, 13, 20, 12], [21, 7, 22, 6], [23, 9, 24, 8], [1, 19, 2, 18], [3, 11, 4, 10], [5, 14, 6, 15], [7, 23, 8, 22], [9, 1, 10, 24], [11, 17, 12, 16], [13, 21, 14, 20], [15, 4, 16, 5], [17, 3, 18, 2]]"
12a_0952_116,"[[17, 3, 18, 2], [19, 13, 20, 12], [21, 7, 22, 6], [23, 9, 24, 8], [1, 19, 2, 18], [3, 11, 4, 10], [5, 14, 6, 15], [7, 23, 8, 22], [9, 1, 10, 24], [11, 17, 12, 16], [13, 21, 14, 20], [15, 4, 16, 5]]"
12a_0952_117,"[[15, 4, 16, 5], [17, 3, 18, 2], [19, 13, 20, 12], [21, 7, 22, 6], [23, 9, 24, 8], [1, 19, 2, 18], [3, 11, 4, 10], [5, 14, 6, 15], [7, 23, 8, 22], [9, 1, 10, 24], [11, 17, 12, 16], [13, 21, 14, 20]]"
12a_0952_118,"[[13, 21, 14, 20], [15, 4, 16, 5], [17, 3, 18, 2], [19, 13, 20, 12], [21, 7, 22, 6], [23, 9, 24, 8], [1, 19, 2, 18], [3, 11, 4, 10], [5, 14, 6, 15], [7, 23, 8, 22], [9, 1, 10, 24], [11, 17, 12, 16]]"
12a_0952_119,"[[11, 17, 12, 16], [13, 21, 14, 20], [15, 4, 16, 5], [17, 3, 18, 2], [19, 13, 20, 12], [21, 7, 22, 6], [23, 9, 24, 8], [1, 19, 2, 18], [3, 11, 4, 10], [5, 14, 6, 15], [7, 23, 8, 22], [9, 1, 10, 24]]"
12a_0952_120,"[[10, 2, 11, 1], [12, 18, 13, 17], [14, 22, 15, 21], [16, 5, 17, 6], [18, 4, 19, 3], [20, 14, 21, 13], [22, 8, 23, 7], [24, 10, 1, 9], [2, 20, 3, 19], [4, 12, 5, 11], [6, 15, 7, 16], [8, 24, 9, 23]]"
12a_0952_121,"[[8, 24, 9, 23], [10, 2, 11, 1], [12, 18, 13, 17], [14, 22, 15, 21], [16, 5, 17, 6], [18, 4, 19, 3], [20, 14, 21, 13], [22, 8, 23, 7], [24, 10, 1, 9], [2, 20, 3, 19], [4, 12, 5, 11], [6, 15, 7, 16]]"
12a_0952_122,"[[6, 15, 7, 16], [8, 24, 9, 23], [10, 2, 11, 1], [12, 18, 13, 17], [14, 22, 15, 21], [16, 5, 17, 6], [18, 4, 19, 3], [20, 14, 21, 13], [22, 8, 23, 7], [24, 10, 1, 9], [2, 20, 3, 19], [4, 12, 5, 11]]"
12a_0952_123,"[[4, 12, 5, 11], [6, 15, 7, 16], [8, 24, 9, 23], [10, 2, 11, 1], [12, 18, 13, 17], [14, 22, 15, 21], [16, 5, 17, 6], [18, 4, 19, 3], [20, 14, 21, 13], [22, 8, 23, 7], [24, 10, 1, 9], [2, 20, 3, 19]]"
12a_0952_124,"[[2, 20, 3, 19], [4, 12, 5, 11], [6, 15, 7, 16], [8, 24, 9, 23], [10, 2, 11, 1], [12, 18, 13, 17], [14, 22, 15, 21], [16, 5, 17, 6], [18, 4, 19, 3], [20, 14, 21, 13], [22, 8, 23, 7], [24, 10, 1, 9]]"
12a_0952_125,"[[24, 10, 1, 9], [2, 20, 3, 19], [4, 12, 5, 11], [6, 15, 7, 16], [8, 24, 9, 23], [10, 2, 11, 1], [12, 18, 13, 17], [14, 22, 15, 21], [16, 5, 17, 6], [18, 4, 19, 3], [20, 14, 21, 13], [22, 8, 23, 7]]"
12a_0952_126,"[[22, 8, 23, 7], [24, 10, 1, 9], [2, 20, 3, 19], [4, 12, 5, 11], [6, 15, 7, 16], [8, 24, 9, 23], [10, 2, 11, 1], [12, 18, 13, 17], [14, 22, 15, 21], [16, 5, 17, 6], [18, 4, 19, 3], [20, 14, 21, 13]]"
12a_0952_127,"[[20, 14, 21, 13], [22, 8, 23, 7], [24, 10, 1, 9], [2, 20, 3, 19], [4, 12, 5, 11], [6, 15, 7, 16], [8, 24, 9, 23], [10, 2, 11, 1], [12, 18, 13, 17], [14, 22, 15, 21], [16, 5, 17, 6], [18, 4, 19, 3]]"
12a_0952_128,"[[18, 4, 19, 3], [20, 14, 21, 13], [22, 8, 23, 7], [24, 10, 1, 9], [2, 20, 3, 19], [4, 12, 5, 11], [6, 15, 7, 16], [8, 24, 9, 23], [10, 2, 11, 1], [12, 18, 13, 17], [14, 22, 15, 21], [16, 5, 17, 6]]"
12a_0952_129,"[[16, 5, 17, 6], [18, 4, 19, 3], [20, 14, 21, 13], [22, 8, 23, 7], [24, 10, 1, 9], [2, 20, 3, 19], [4, 12, 5, 11], [6, 15, 7, 16], [8, 24, 9, 23], [10, 2, 11, 1], [12, 18, 13, 17], [14, 22, 15, 21]]"
12a_0952_130,"[[14, 22, 15, 21], [16, 5, 17, 6], [18, 4, 19, 3], [20, 14, 21, 13], [22, 8, 23, 7], [24, 10, 1, 9], [2, 20, 3, 19], [4, 12, 5, 11], [6, 15, 7, 16], [8, 24, 9, 23], [10, 2, 11, 1], [12, 18, 13, 17]]"
12a_0952_131,"[[12, 18, 13, 17], [14, 22, 15, 21], [16, 5, 17, 6], [18, 4, 19, 3], [20, 14, 21, 13], [22, 8, 23, 7], [24, 10, 1, 9], [2, 20, 3, 19], [4, 12, 5, 11], [6, 15, 7, 16], [8, 24, 9, 23], [10, 2, 11, 1]]"
12a_0952_132,"[[11, 3, 12, 2], [13, 19, 14, 18], [15, 23, 16, 22], [17, 6, 18, 7], [19, 5, 20, 4], [21, 15, 22, 14], [23, 9, 24, 8], [1, 11, 2, 10], [3, 21, 4, 20], [5, 13, 6, 12], [7, 16, 8, 17], [9, 1, 10, 24]]"
12a_0952_133,"[[9, 1, 10, 24], [11, 3, 12, 2], [13, 19, 14, 18], [15, 23, 16, 22], [17, 6, 18, 7], [19, 5, 20, 4], [21, 15, 22, 14], [23, 9, 24, 8], [1, 11, 2, 10], [3, 21, 4, 20], [5, 13, 6, 12], [7, 16, 8, 17]]"
12a_0952_134,"[[7, 16, 8, 17], [9, 1, 10, 24], [11, 3, 12, 2], [13, 19, 14, 18], [15, 23, 16, 22], [17, 6, 18, 7], [19, 5, 20, 4], [21, 15, 22, 14], [23, 9, 24, 8], [1, 11, 2, 10], [3, 21, 4, 20], [5, 13, 6, 12]]"
12a_0952_135,"[[5, 13, 6, 12], [7, 16, 8, 17], [9, 1, 10, 24], [11, 3, 12, 2], [13, 19, 14, 18], [15, 23, 16, 22], [17, 6, 18, 7], [19, 5, 20, 4], [21, 15, 22, 14], [23, 9, 24, 8], [1, 11, 2, 10], [3, 21, 4, 20]]"
12a_0952_136,"[[3, 21, 4, 20], [5, 13, 6, 12], [7, 16, 8, 17], [9, 1, 10, 24], [11, 3, 12, 2], [13, 19, 14, 18], [15, 23, 16, 22], [17, 6, 18, 7], [19, 5, 20, 4], [21, 15, 22, 14], [23, 9, 24, 8], [1, 11, 2, 10]]"
12a_0952_137,"[[1, 11, 2, 10], [3, 21, 4, 20], [5, 13, 6, 12], [7, 16, 8, 17], [9, 1, 10, 24], [11, 3, 12, 2], [13, 19, 14, 18], [15, 23, 16, 22], [17, 6, 18, 7], [19, 5, 20, 4], [21, 15, 22, 14], [23, 9, 24, 8]]"
12a_0952_138,"[[23, 9, 24, 8], [1, 11, 2, 10], [3, 21, 4, 20], [5, 13, 6, 12], [7, 16, 8, 17], [9, 1, 10, 24], [11, 3, 12, 2], [13, 19, 14, 18], [15, 23, 16, 22], [17, 6, 18, 7], [19, 5, 20, 4], [21, 15, 22, 14]]"
12a_0952_139,"[[21, 15, 22, 14], [23, 9, 24, 8], [1, 11, 2, 10], [3, 21, 4, 20], [5, 13, 6, 12], [7, 16, 8, 17], [9, 1, 10, 24], [11, 3, 12, 2], [13, 19, 14, 18], [15, 23, 16, 22], [17, 6, 18, 7], [19, 5, 20, 4]]"
12a_0952_140,"[[19, 5, 20, 4], [21, 15, 22, 14], [23, 9, 24, 8], [1, 11, 2, 10], [3, 21, 4, 20], [5, 13, 6, 12], [7, 16, 8, 17], [9, 1, 10, 24], [11, 3, 12, 2], [13, 19, 14, 18], [15, 23, 16, 22], [17, 6, 18, 7]]"
12a_0952_141,"[[17, 6, 18, 7], [19, 5, 20, 4], [21, 15, 22, 14], [23, 9, 24, 8], [1, 11, 2, 10], [3, 21, 4, 20], [5, 13, 6, 12], [7, 16, 8, 17], [9, 1, 10, 24], [11, 3, 12, 2], [13, 19, 14, 18], [15, 23, 16, 22]]"
12a_0952_142,"[[15, 23, 16, 22], [17, 6, 18, 7], [19, 5, 20, 4], [21, 15, 22, 14], [23, 9, 24, 8], [1, 11, 2, 10], [3, 21, 4, 20], [5, 13, 6, 12], [7, 16, 8, 17], [9, 1, 10, 24], [11, 3, 12, 2], [13, 19, 14, 18]]"
12a_0952_143,"[[13, 19, 14, 18], [15, 23, 16, 22], [17, 6, 18, 7], [19, 5, 20, 4], [21, 15, 22, 14], [23, 9, 24, 8], [1, 11, 2, 10], [3, 21, 4, 20], [5, 13, 6, 12], [7, 16, 8, 17], [9, 1, 10, 24], [11, 3, 12, 2]]"
12a_0952_144,"[[12, 4, 13, 3], [14, 20, 15, 19], [16, 24, 17, 23], [18, 7, 19, 8], [20, 6, 21, 5], [22, 16, 23, 15], [24, 10, 1, 9], [2, 12, 3, 11], [4, 22, 5, 21], [6, 14, 7, 13], [8, 17, 9, 18], [10, 2, 11, 1]]"
12a_0952_145,"[[10, 2, 11, 1], [12, 4, 13, 3], [14, 20, 15, 19], [16, 24, 17, 23], [18, 7, 19, 8], [20, 6, 21, 5], [22, 16, 23, 15], [24, 10, 1, 9], [2, 12, 3, 11], [4, 22, 5, 21], [6, 14, 7, 13], [8, 17, 9, 18]]"
12a_0952_146,"[[8, 17, 9, 18], [10, 2, 11, 1], [12, 4, 13, 3], [14, 20, 15, 19], [16, 24, 17, 23], [18, 7, 19, 8], [20, 6, 21, 5], [22, 16, 23, 15], [24, 10, 1, 9], [2, 12, 3, 11], [4, 22, 5, 21], [6, 14, 7, 13]]"
12a_0952_147,"[[6, 14, 7, 13], [8, 17, 9, 18], [10, 2, 11, 1], [12, 4, 13, 3], [14, 20, 15, 19], [16, 24, 17, 23], [18, 7, 19, 8], [20, 6, 21, 5], [22, 16, 23, 15], [24, 10, 1, 9], [2, 12, 3, 11], [4, 22, 5, 21]]"
12a_0952_148,"[[4, 22, 5, 21], [6, 14, 7, 13], [8, 17, 9, 18], [10, 2, 11, 1], [12, 4, 13, 3], [14, 20, 15, 19], [16, 24, 17, 23], [18, 7, 19, 8], [20, 6, 21, 5], [22, 16, 23, 15], [24, 10, 1, 9], [2, 12, 3, 11]]"
12a_0952_149,"[[2, 12, 3, 11], [4, 22, 5, 21], [6, 14, 7, 13], [8, 17, 9, 18], [10, 2, 11, 1], [12, 4, 13, 3], [14, 20, 15, 19], [16, 24, 17, 23], [18, 7, 19, 8], [20, 6, 21, 5], [22, 16, 23, 15], [24, 10, 1, 9]]"
12a_0952_150,"[[24, 10, 1, 9], [2, 12, 3, 11], [4, 22, 5, 21], [6, 14, 7, 13], [8, 17, 9, 18], [10, 2, 11, 1], [12, 4, 13, 3], [14, 20, 15, 19], [16, 24, 17, 23], [18, 7, 19, 8], [20, 6, 21, 5], [22, 16, 23, 15]]"
12a_0952_151,"[[22, 16, 23, 15], [24, 10, 1, 9], [2, 12, 3, 11], [4, 22, 5, 21], [6, 14, 7, 13], [8, 17, 9, 18], [10, 2, 11, 1], [12, 4, 13, 3], [14, 20, 15, 19], [16, 24, 17, 23], [18, 7, 19, 8], [20, 6, 21, 5]]"
12a_0952_152,"[[20, 6, 21, 5], [22, 16, 23, 15], [24, 10, 1, 9], [2, 12, 3, 11], [4, 22, 5, 21], [6, 14, 7, 13], [8, 17, 9, 18], [10, 2, 11, 1], [12, 4, 13, 3], [14, 20, 15, 19], [16, 24, 17, 23], [18, 7, 19, 8]]"
12a_0952_153,"[[18, 7, 19, 8], [20, 6, 21, 5], [22, 16, 23, 15], [24, 10, 1, 9], [2, 12, 3, 11], [4, 22, 5, 21], [6, 14, 7, 13], [8, 17, 9, 18], [10, 2, 11, 1], [12, 4, 13, 3], [14, 20, 15, 19], [16, 24, 17, 23]]"
12a_0952_154,"[[16, 24, 17, 23], [18, 7, 19, 8], [20, 6, 21, 5], [22, 16, 23, 15], [24, 10, 1, 9], [2, 12, 3, 11], [4, 22, 5, 21], [6, 14, 7, 13], [8, 17, 9, 18], [10, 2, 11, 1], [12, 4, 13, 3], [14, 20, 15, 19]]"
12a_0952_155,"[[14, 20, 15, 19], [16, 24, 17, 23], [18, 7, 19, 8], [20, 6, 21, 5], [22, 16, 23, 15], [24, 10, 1, 9], [2, 12, 3, 11], [4, 22, 5, 21], [6, 14, 7, 13], [8, 17, 9, 18], [10, 2, 11, 1], [12, 4, 13, 3]]"
12a_0952_156,"[[13, 5, 14, 4], [15, 21, 16, 20], [17, 1, 18, 24], [19, 8, 20, 9], [21, 7, 22, 6], [23, 17, 24, 16], [1, 11, 2, 10], [3, 13, 4, 12], [5, 23, 6, 22], [7, 15, 8, 14], [9, 18, 10, 19], [11, 3, 12, 2]]"
12a_0952_157,"[[11, 3, 12, 2], [13, 5, 14, 4], [15, 21, 16, 20], [17, 1, 18, 24], [19, 8, 20, 9], [21, 7, 22, 6], [23, 17, 24, 16], [1, 11, 2, 10], [3, 13, 4, 12], [5, 23, 6, 22], [7, 15, 8, 14], [9, 18, 10, 19]]"
12a_0952_158,"[[9, 18, 10, 19], [11, 3, 12, 2], [13, 5, 14, 4], [15, 21, 16, 20], [17, 1, 18, 24], [19, 8, 20, 9], [21, 7, 22, 6], [23, 17, 24, 16], [1, 11, 2, 10], [3, 13, 4, 12], [5, 23, 6, 22], [7, 15, 8, 14]]"
12a_0952_159,"[[7, 15, 8, 14], [9, 18, 10, 19], [11, 3, 12, 2], [13, 5, 14, 4], [15, 21, 16, 20], [17, 1, 18, 24], [19, 8, 20, 9], [21, 7, 22, 6], [23, 17, 24, 16], [1, 11, 2, 10], [3, 13, 4, 12], [5, 23, 6, 22]]"
12a_0952_160,"[[5, 23, 6, 22], [7, 15, 8, 14], [9, 18, 10, 19], [11, 3, 12, 2], [13, 5, 14, 4], [15, 21, 16, 20], [17, 1, 18, 24], [19, 8, 20, 9], [21, 7, 22, 6], [23, 17, 24, 16], [1, 11, 2, 10], [3, 13, 4, 12]]"
12a_0952_161,"[[3, 13, 4, 12], [5, 23, 6, 22], [7, 15, 8, 14], [9, 18, 10, 19], [11, 3, 12, 2], [13, 5, 14, 4], [15, 21, 16, 20], [17, 1, 18, 24], [19, 8, 20, 9], [21, 7, 22, 6], [23, 17, 24, 16], [1, 11, 2, 10]]"
12a_0952_162,"[[1, 11, 2, 10], [3, 13, 4, 12], [5, 23, 6, 22], [7, 15, 8, 14], [9, 18, 10, 19], [11, 3, 12, 2], [13, 5, 14, 4], [15, 21, 16, 20], [17, 1, 18, 24], [19, 8, 20, 9], [21, 7, 22, 6], [23, 17, 24, 16]]"
12a_0952_163,"[[23, 17, 24, 16], [1, 11, 2, 10], [3, 13, 4, 12], [5, 23, 6, 22], [7, 15, 8, 14], [9, 18, 10, 19], [11, 3, 12, 2], [13, 5, 14, 4], [15, 21, 16, 20], [17, 1, 18, 24], [19, 8, 20, 9], [21, 7, 22, 6]]"
12a_0952_164,"[[21, 7, 22, 6], [23, 17, 24, 16], [1, 11, 2, 10], [3, 13, 4, 12], [5, 23, 6, 22], [7, 15, 8, 14], [9, 18, 10, 19], [11, 3, 12, 2], [13, 5, 14, 4], [15, 21, 16, 20], [17, 1, 18, 24], [19, 8, 20, 9]]"
12a_0952_165,"[[19, 8, 20, 9], [21, 7, 22, 6], [23, 17, 24, 16], [1, 11, 2, 10], [3, 13, 4, 12], [5, 23, 6, 22], [7, 15, 8, 14], [9, 18, 10, 19], [11, 3, 12, 2], [13, 5, 14, 4], [15, 21, 16, 20], [17, 1, 18, 24]]"
12a_0952_166,"[[17, 1, 18, 24], [19, 8, 20, 9], [21, 7, 22, 6], [23, 17, 24, 16], [1, 11, 2, 10], [3, 13, 4, 12], [5, 23, 6, 22], [7, 15, 8, 14], [9, 18, 10, 19], [11, 3, 12, 2], [13, 5, 14, 4], [15, 21, 16, 20]]"
12a_0952_167,"[[15, 21, 16, 20], [17, 1, 18, 24], [19, 8, 20, 9], [21, 7, 22, 6], [23, 17, 24, 16], [1, 11, 2, 10], [3, 13, 4, 12], [5, 23, 6, 22], [7, 15, 8, 14], [9, 18, 10, 19], [11, 3, 12, 2], [13, 5, 14, 4]]"
12a_0952_168,"[[14, 6, 15, 5], [16, 22, 17, 21], [18, 2, 19, 1], [20, 9, 21, 10], [22, 8, 23, 7], [24, 18, 1, 17], [2, 12, 3, 11], [4, 14, 5, 13], [6, 24, 7, 23], [8, 16, 9, 15], [10, 19, 11, 20], [12, 4, 13, 3]]"
12a_0952_169,"[[12, 4, 13, 3], [14, 6, 15, 5], [16, 22, 17, 21], [18, 2, 19, 1], [20, 9, 21, 10], [22, 8, 23, 7], [24, 18, 1, 17], [2, 12, 3, 11], [4, 14, 5, 13], [6, 24, 7, 23], [8, 16, 9, 15], [10, 19, 11, 20]]"
12a_0952_170,"[[10, 19, 11, 20], [12, 4, 13, 3], [14, 6, 15, 5], [16, 22, 17, 21], [18, 2, 19, 1], [20, 9, 21, 10], [22, 8, 23, 7], [24, 18, 1, 17], [2, 12, 3, 11], [4, 14, 5, 13], [6, 24, 7, 23], [8, 16, 9, 15]]"
12a_0952_171,"[[8, 16, 9, 15], [10, 19, 11, 20], [12, 4, 13, 3], [14, 6, 15, 5], [16, 22, 17, 21], [18, 2, 19, 1], [20, 9, 21, 10], [22, 8, 23, 7], [24, 18, 1, 17], [2, 12, 3, 11], [4, 14, 5, 13], [6, 24, 7, 23]]"
12a_0952_172,"[[6, 24, 7, 23], [8, 16, 9, 15], [10, 19, 11, 20], [12, 4, 13, 3], [14, 6, 15, 5], [16, 22, 17, 21], [18, 2, 19, 1], [20, 9, 21, 10], [22, 8, 23, 7], [24, 18, 1, 17], [2, 12, 3, 11], [4, 14, 5, 13]]"
12a_0952_173,"[[4, 14, 5, 13], [6, 24, 7, 23], [8, 16, 9, 15], [10, 19, 11, 20], [12, 4, 13, 3], [14, 6, 15, 5], [16, 22, 17, 21], [18, 2, 19, 1], [20, 9, 21, 10], [22, 8, 23, 7], [24, 18, 1, 17], [2, 12, 3, 11]]"
12a_0952_174,"[[2, 12, 3, 11], [4, 14, 5, 13], [6, 24, 7, 23], [8, 16, 9, 15], [10, 19, 11, 20], [12, 4, 13, 3], [14, 6, 15, 5], [16, 22, 17, 21], [18, 2, 19, 1], [20, 9, 21, 10], [22, 8, 23, 7], [24, 18, 1, 17]]"
12a_0952_175,"[[24, 18, 1, 17], [2, 12, 3, 11], [4, 14, 5, 13], [6, 24, 7, 23], [8, 16, 9, 15], [10, 19, 11, 20], [12, 4, 13, 3], [14, 6, 15, 5], [16, 22, 17, 21], [18, 2, 19, 1], [20, 9, 21, 10], [22, 8, 23, 7]]"
12a_0952_176,"[[22, 8, 23, 7], [24, 18, 1, 17], [2, 12, 3, 11], [4, 14, 5, 13], [6, 24, 7, 23], [8, 16, 9, 15], [10, 19, 11, 20], [12, 4, 13, 3], [14, 6, 15, 5], [16, 22, 17, 21], [18, 2, 19, 1], [20, 9, 21, 10]]"
12a_0952_177,"[[20, 9, 21, 10], [22, 8, 23, 7], [24, 18, 1, 17], [2, 12, 3, 11], [4, 14, 5, 13], [6, 24, 7, 23], [8, 16, 9, 15], [10, 19, 11, 20], [12, 4, 13, 3], [14, 6, 15, 5], [16, 22, 17, 21], [18, 2, 19, 1]]"
12a_0952_178,"[[18, 2, 19, 1], [20, 9, 21, 10], [22, 8, 23, 7], [24, 18, 1, 17], [2, 12, 3, 11], [4, 14, 5, 13], [6, 24, 7, 23], [8, 16, 9, 15], [10, 19, 11, 20], [12, 4, 13, 3], [14, 6, 15, 5], [16, 22, 17, 21]]"
12a_0952_179,"[[16, 22, 17, 21], [18, 2, 19, 1], [20, 9, 21, 10], [22, 8, 23, 7], [24, 18, 1, 17], [2, 12, 3, 11], [4, 14, 5, 13], [6, 24, 7, 23], [8, 16, 9, 15], [10, 19, 11, 20], [12, 4, 13, 3], [14, 6, 15, 5]]"
12a_0952_180,"[[15, 7, 16, 6], [17, 23, 18, 22], [19, 3, 20, 2], [21, 10, 22, 11], [23, 9, 24, 8], [1, 19, 2, 18], [3, 13, 4, 12], [5, 15, 6, 14], [7, 1, 8, 24], [9, 17, 10, 16], [11, 20, 12, 21], [13, 5, 14, 4]]"
12a_0952_181,"[[13, 5, 14, 4], [15, 7, 16, 6], [17, 23, 18, 22], [19, 3, 20, 2], [21, 10, 22, 11], [23, 9, 24, 8], [1, 19, 2, 18], [3, 13, 4, 12], [5, 15, 6, 14], [7, 1, 8, 24], [9, 17, 10, 16], [11, 20, 12, 21]]"
12a_0952_182,"[[11, 20, 12, 21], [13, 5, 14, 4], [15, 7, 16, 6], [17, 23, 18, 22], [19, 3, 20, 2], [21, 10, 22, 11], [23, 9, 24, 8], [1, 19, 2, 18], [3, 13, 4, 12], [5, 15, 6, 14], [7, 1, 8, 24], [9, 17, 10, 16]]"
12a_0952_183,"[[9, 17, 10, 16], [11, 20, 12, 21], [13, 5, 14, 4], [15, 7, 16, 6], [17, 23, 18, 22], [19, 3, 20, 2], [21, 10, 22, 11], [23, 9, 24, 8], [1, 19, 2, 18], [3, 13, 4, 12], [5, 15, 6, 14], [7, 1, 8, 24]]"
12a_0952_184,"[[7, 1, 8, 24], [9, 17, 10, 16], [11, 20, 12, 21], [13, 5, 14, 4], [15, 7, 16, 6], [17, 23, 18, 22], [19, 3, 20, 2], [21, 10, 22, 11], [23, 9, 24, 8], [1, 19, 2, 18], [3, 13, 4, 12], [5, 15, 6, 14]]"
12a_0952_185,"[[5, 15, 6, 14], [7, 1, 8, 24], [9, 17, 10, 16], [11, 20, 12, 21], [13, 5, 14, 4], [15, 7, 16, 6], [17, 23, 18, 22], [19, 3, 20, 2], [21, 10, 22, 11], [23, 9, 24, 8], [1, 19, 2, 18], [3, 13, 4, 12]]"
