name,pd_notation
12a_0958_0,"[[24, 9, 1, 10], [2, 8, 3, 7], [4, 11, 5, 12], [6, 20, 7, 19], [8, 17, 9, 18], [10, 23, 11, 24], [12, 5, 13, 6], [14, 21, 15, 22], [16, 1, 17, 2], [18, 4, 19, 3], [20, 13, 21, 14], [22, 15, 23, 16]]"
12a_0958_1,"[[22, 15, 23, 16], [24, 9, 1, 10], [2, 8, 3, 7], [4, 11, 5, 12], [6, 20, 7, 19], [8, 17, 9, 18], [10, 23, 11, 24], [12, 5, 13, 6], [14, 21, 15, 22], [16, 1, 17, 2], [18, 4, 19, 3], [20, 13, 21, 14]]"
12a_0958_2,"[[20, 13, 21, 14], [22, 15, 23, 16], [24, 9, 1, 10], [2, 8, 3, 7], [4, 11, 5, 12], [6, 20, 7, 19], [8, 17, 9, 18], [10, 23, 11, 24], [12, 5, 13, 6], [14, 21, 15, 22], [16, 1, 17, 2], [18, 4, 19, 3]]"
12a_0958_3,"[[18, 4, 19, 3], [20, 13, 21, 14], [22, 15, 23, 16], [24, 9, 1, 10], [2, 8, 3, 7], [4, 11, 5, 12], [6, 20, 7, 19], [8, 17, 9, 18], [10, 23, 11, 24], [12, 5, 13, 6], [14, 21, 15, 22], [16, 1, 17, 2]]"
12a_0958_4,"[[16, 1, 17, 2], [18, 4, 19, 3], [20, 13, 21, 14], [22, 15, 23, 16], [24, 9, 1, 10], [2, 8, 3, 7], [4, 11, 5, 12], [6, 20, 7, 19], [8, 17, 9, 18], [10, 23, 11, 24], [12, 5, 13, 6], [14, 21, 15, 22]]"
12a_0958_5,"[[14, 21, 15, 22], [16, 1, 17, 2], [18, 4, 19, 3], [20, 13, 21, 14], [22, 15, 23, 16], [24, 9, 1, 10], [2, 8, 3, 7], [4, 11, 5, 12], [6, 20, 7, 19], [8, 17, 9, 18], [10, 23, 11, 24], [12, 5, 13, 6]]"
12a_0958_6,"[[12, 5, 13, 6], [14, 21, 15, 22], [16, 1, 17, 2], [18, 4, 19, 3], [20, 13, 21, 14], [22, 15, 23, 16], [24, 9, 1, 10], [2, 8, 3, 7], [4, 11, 5, 12], [6, 20, 7, 19], [8, 17, 9, 18], [10, 23, 11, 24]]"
12a_0958_7,"[[10, 23, 11, 24], [12, 5, 13, 6], [14, 21, 15, 22], [16, 1, 17, 2], [18, 4, 19, 3], [20, 13, 21, 14], [22, 15, 23, 16], [24, 9, 1, 10], [2, 8, 3, 7], [4, 11, 5, 12], [6, 20, 7, 19], [8, 17, 9, 18]]"
12a_0958_8,"[[8, 17, 9, 18], [10, 23, 11, 24], [12, 5, 13, 6], [14, 21, 15, 22], [16, 1, 17, 2], [18, 4, 19, 3], [20, 13, 21, 14], [22, 15, 23, 16], [24, 9, 1, 10], [2, 8, 3, 7], [4, 11, 5, 12], [6, 20, 7, 19]]"
12a_0958_9,"[[6, 20, 7, 19], [8, 17, 9, 18], [10, 23, 11, 24], [12, 5, 13, 6], [14, 21, 15, 22], [16, 1, 17, 2], [18, 4, 19, 3], [20, 13, 21, 14], [22, 15, 23, 16], [24, 9, 1, 10], [2, 8, 3, 7], [4, 11, 5, 12]]"
12a_0958_10,"[[4, 11, 5, 12], [6, 20, 7, 19], [8, 17, 9, 18], [10, 23, 11, 24], [12, 5, 13, 6], [14, 21, 15, 22], [16, 1, 17, 2], [18, 4, 19, 3], [20, 13, 21, 14], [22, 15, 23, 16], [24, 9, 1, 10], [2, 8, 3, 7]]"
12a_0958_11,"[[2, 8, 3, 7], [4, 11, 5, 12], [6, 20, 7, 19], [8, 17, 9, 18], [10, 23, 11, 24], [12, 5, 13, 6], [14, 21, 15, 22], [16, 1, 17, 2], [18, 4, 19, 3], [20, 13, 21, 14], [22, 15, 23, 16], [24, 9, 1, 10]]"
12a_0958_12,"[[1, 10, 2, 11], [3, 9, 4, 8], [5, 12, 6, 13], [7, 21, 8, 20], [9, 18, 10, 19], [11, 24, 12, 1], [13, 6, 14, 7], [15, 22, 16, 23], [17, 2, 18, 3], [19, 5, 20, 4], [21, 14, 22, 15], [23, 16, 24, 17]]"
12a_0958_13,"[[23, 16, 24, 17], [1, 10, 2, 11], [3, 9, 4, 8], [5, 12, 6, 13], [7, 21, 8, 20], [9, 18, 10, 19], [11, 24, 12, 1], [13, 6, 14, 7], [15, 22, 16, 23], [17, 2, 18, 3], [19, 5, 20, 4], [21, 14, 22, 15]]"
12a_0958_14,"[[21, 14, 22, 15], [23, 16, 24, 17], [1, 10, 2, 11], [3, 9, 4, 8], [5, 12, 6, 13], [7, 21, 8, 20], [9, 18, 10, 19], [11, 24, 12, 1], [13, 6, 14, 7], [15, 22, 16, 23], [17, 2, 18, 3], [19, 5, 20, 4]]"
12a_0958_15,"[[19, 5, 20, 4], [21, 14, 22, 15], [23, 16, 24, 17], [1, 10, 2, 11], [3, 9, 4, 8], [5, 12, 6, 13], [7, 21, 8, 20], [9, 18, 10, 19], [11, 24, 12, 1], [13, 6, 14, 7], [15, 22, 16, 23], [17, 2, 18, 3]]"
12a_0958_16,"[[17, 2, 18, 3], [19, 5, 20, 4], [21, 14, 22, 15], [23, 16, 24, 17], [1, 10, 2, 11], [3, 9, 4, 8], [5, 12, 6, 13], [7, 21, 8, 20], [9, 18, 10, 19], [11, 24, 12, 1], [13, 6, 14, 7], [15, 22, 16, 23]]"
12a_0958_17,"[[15, 22, 16, 23], [17, 2, 18, 3], [19, 5, 20, 4], [21, 14, 22, 15], [23, 16, 24, 17], [1, 10, 2, 11], [3, 9, 4, 8], [5, 12, 6, 13], [7, 21, 8, 20], [9, 18, 10, 19], [11, 24, 12, 1], [13, 6, 14, 7]]"
12a_0958_18,"[[13, 6, 14, 7], [15, 22, 16, 23], [17, 2, 18, 3], [19, 5, 20, 4], [21, 14, 22, 15], [23, 16, 24, 17], [1, 10, 2, 11], [3, 9, 4, 8], [5, 12, 6, 13], [7, 21, 8, 20], [9, 18, 10, 19], [11, 24, 12, 1]]"
12a_0958_19,"[[11, 24, 12, 1], [13, 6, 14, 7], [15, 22, 16, 23], [17, 2, 18, 3], [19, 5, 20, 4], [21, 14, 22, 15], [23, 16, 24, 17], [1, 10, 2, 11], [3, 9, 4, 8], [5, 12, 6, 13], [7, 21, 8, 20], [9, 18, 10, 19]]"
12a_0958_20,"[[9, 18, 10, 19], [11, 24, 12, 1], [13, 6, 14, 7], [15, 22, 16, 23], [17, 2, 18, 3], [19, 5, 20, 4], [21, 14, 22, 15], [23, 16, 24, 17], [1, 10, 2, 11], [3, 9, 4, 8], [5, 12, 6, 13], [7, 21, 8, 20]]"
12a_0958_21,"[[7, 21, 8, 20], [9, 18, 10, 19], [11, 24, 12, 1], [13, 6, 14, 7], [15, 22, 16, 23], [17, 2, 18, 3], [19, 5, 20, 4], [21, 14, 22, 15], [23, 16, 24, 17], [1, 10, 2, 11], [3, 9, 4, 8], [5, 12, 6, 13]]"
12a_0958_22,"[[5, 12, 6, 13], [7, 21, 8, 20], [9, 18, 10, 19], [11, 24, 12, 1], [13, 6, 14, 7], [15, 22, 16, 23], [17, 2, 18, 3], [19, 5, 20, 4], [21, 14, 22, 15], [23, 16, 24, 17], [1, 10, 2, 11], [3, 9, 4, 8]]"
12a_0958_23,"[[3, 9, 4, 8], [5, 12, 6, 13], [7, 21, 8, 20], [9, 18, 10, 19], [11, 24, 12, 1], [13, 6, 14, 7], [15, 22, 16, 23], [17, 2, 18, 3], [19, 5, 20, 4], [21, 14, 22, 15], [23, 16, 24, 17], [1, 10, 2, 11]]"
12a_0958_24,"[[2, 11, 3, 12], [4, 10, 5, 9], [6, 13, 7, 14], [8, 22, 9, 21], [10, 19, 11, 20], [12, 1, 13, 2], [14, 7, 15, 8], [16, 23, 17, 24], [18, 3, 19, 4], [20, 6, 21, 5], [22, 15, 23, 16], [24, 17, 1, 18]]"
12a_0958_25,"[[24, 17, 1, 18], [2, 11, 3, 12], [4, 10, 5, 9], [6, 13, 7, 14], [8, 22, 9, 21], [10, 19, 11, 20], [12, 1, 13, 2], [14, 7, 15, 8], [16, 23, 17, 24], [18, 3, 19, 4], [20, 6, 21, 5], [22, 15, 23, 16]]"
12a_0958_26,"[[22, 15, 23, 16], [24, 17, 1, 18], [2, 11, 3, 12], [4, 10, 5, 9], [6, 13, 7, 14], [8, 22, 9, 21], [10, 19, 11, 20], [12, 1, 13, 2], [14, 7, 15, 8], [16, 23, 17, 24], [18, 3, 19, 4], [20, 6, 21, 5]]"
12a_0958_27,"[[20, 6, 21, 5], [22, 15, 23, 16], [24, 17, 1, 18], [2, 11, 3, 12], [4, 10, 5, 9], [6, 13, 7, 14], [8, 22, 9, 21], [10, 19, 11, 20], [12, 1, 13, 2], [14, 7, 15, 8], [16, 23, 17, 24], [18, 3, 19, 4]]"
12a_0958_28,"[[18, 3, 19, 4], [20, 6, 21, 5], [22, 15, 23, 16], [24, 17, 1, 18], [2, 11, 3, 12], [4, 10, 5, 9], [6, 13, 7, 14], [8, 22, 9, 21], [10, 19, 11, 20], [12, 1, 13, 2], [14, 7, 15, 8], [16, 23, 17, 24]]"
12a_0958_29,"[[16, 23, 17, 24], [18, 3, 19, 4], [20, 6, 21, 5], [22, 15, 23, 16], [24, 17, 1, 18], [2, 11, 3, 12], [4, 10, 5, 9], [6, 13, 7, 14], [8, 22, 9, 21], [10, 19, 11, 20], [12, 1, 13, 2], [14, 7, 15, 8]]"
12a_0958_30,"[[14, 7, 15, 8], [16, 23, 17, 24], [18, 3, 19, 4], [20, 6, 21, 5], [22, 15, 23, 16], [24, 17, 1, 18], [2, 11, 3, 12], [4, 10, 5, 9], [6, 13, 7, 14], [8, 22, 9, 21], [10, 19, 11, 20], [12, 1, 13, 2]]"
12a_0958_31,"[[12, 1, 13, 2], [14, 7, 15, 8], [16, 23, 17, 24], [18, 3, 19, 4], [20, 6, 21, 5], [22, 15, 23, 16], [24, 17, 1, 18], [2, 11, 3, 12], [4, 10, 5, 9], [6, 13, 7, 14], [8, 22, 9, 21], [10, 19, 11, 20]]"
12a_0958_32,"[[10, 19, 11, 20], [12, 1, 13, 2], [14, 7, 15, 8], [16, 23, 17, 24], [18, 3, 19, 4], [20, 6, 21, 5], [22, 15, 23, 16], [24, 17, 1, 18], [2, 11, 3, 12], [4, 10, 5, 9], [6, 13, 7, 14], [8, 22, 9, 21]]"
12a_0958_33,"[[8, 22, 9, 21], [10, 19, 11, 20], [12, 1, 13, 2], [14, 7, 15, 8], [16, 23, 17, 24], [18, 3, 19, 4], [20, 6, 21, 5], [22, 15, 23, 16], [24, 17, 1, 18], [2, 11, 3, 12], [4, 10, 5, 9], [6, 13, 7, 14]]"
12a_0958_34,"[[6, 13, 7, 14], [8, 22, 9, 21], [10, 19, 11, 20], [12, 1, 13, 2], [14, 7, 15, 8], [16, 23, 17, 24], [18, 3, 19, 4], [20, 6, 21, 5], [22, 15, 23, 16], [24, 17, 1, 18], [2, 11, 3, 12], [4, 10, 5, 9]]"
12a_0958_35,"[[4, 10, 5, 9], [6, 13, 7, 14], [8, 22, 9, 21], [10, 19, 11, 20], [12, 1, 13, 2], [14, 7, 15, 8], [16, 23, 17, 24], [18, 3, 19, 4], [20, 6, 21, 5], [22, 15, 23, 16], [24, 17, 1, 18], [2, 11, 3, 12]]"
12a_0958_36,"[[3, 12, 4, 13], [5, 11, 6, 10], [7, 14, 8, 15], [9, 23, 10, 22], [11, 20, 12, 21], [13, 2, 14, 3], [15, 8, 16, 9], [17, 24, 18, 1], [19, 4, 20, 5], [21, 7, 22, 6], [23, 16, 24, 17], [1, 18, 2, 19]]"
12a_0958_37,"[[1, 18, 2, 19], [3, 12, 4, 13], [5, 11, 6, 10], [7, 14, 8, 15], [9, 23, 10, 22], [11, 20, 12, 21], [13, 2, 14, 3], [15, 8, 16, 9], [17, 24, 18, 1], [19, 4, 20, 5], [21, 7, 22, 6], [23, 16, 24, 17]]"
12a_0958_38,"[[23, 16, 24, 17], [1, 18, 2, 19], [3, 12, 4, 13], [5, 11, 6, 10], [7, 14, 8, 15], [9, 23, 10, 22], [11, 20, 12, 21], [13, 2, 14, 3], [15, 8, 16, 9], [17, 24, 18, 1], [19, 4, 20, 5], [21, 7, 22, 6]]"
12a_0958_39,"[[21, 7, 22, 6], [23, 16, 24, 17], [1, 18, 2, 19], [3, 12, 4, 13], [5, 11, 6, 10], [7, 14, 8, 15], [9, 23, 10, 22], [11, 20, 12, 21], [13, 2, 14, 3], [15, 8, 16, 9], [17, 24, 18, 1], [19, 4, 20, 5]]"
12a_0958_40,"[[19, 4, 20, 5], [21, 7, 22, 6], [23, 16, 24, 17], [1, 18, 2, 19], [3, 12, 4, 13], [5, 11, 6, 10], [7, 14, 8, 15], [9, 23, 10, 22], [11, 20, 12, 21], [13, 2, 14, 3], [15, 8, 16, 9], [17, 24, 18, 1]]"
12a_0958_41,"[[17, 24, 18, 1], [19, 4, 20, 5], [21, 7, 22, 6], [23, 16, 24, 17], [1, 18, 2, 19], [3, 12, 4, 13], [5, 11, 6, 10], [7, 14, 8, 15], [9, 23, 10, 22], [11, 20, 12, 21], [13, 2, 14, 3], [15, 8, 16, 9]]"
12a_0958_42,"[[15, 8, 16, 9], [17, 24, 18, 1], [19, 4, 20, 5], [21, 7, 22, 6], [23, 16, 24, 17], [1, 18, 2, 19], [3, 12, 4, 13], [5, 11, 6, 10], [7, 14, 8, 15], [9, 23, 10, 22], [11, 20, 12, 21], [13, 2, 14, 3]]"
12a_0958_43,"[[13, 2, 14, 3], [15, 8, 16, 9], [17, 24, 18, 1], [19, 4, 20, 5], [21, 7, 22, 6], [23, 16, 24, 17], [1, 18, 2, 19], [3, 12, 4, 13], [5, 11, 6, 10], [7, 14, 8, 15], [9, 23, 10, 22], [11, 20, 12, 21]]"
12a_0958_44,"[[11, 20, 12, 21], [13, 2, 14, 3], [15, 8, 16, 9], [17, 24, 18, 1], [19, 4, 20, 5], [21, 7, 22, 6], [23, 16, 24, 17], [1, 18, 2, 19], [3, 12, 4, 13], [5, 11, 6, 10], [7, 14, 8, 15], [9, 23, 10, 22]]"
12a_0958_45,"[[9, 23, 10, 22], [11, 20, 12, 21], [13, 2, 14, 3], [15, 8, 16, 9], [17, 24, 18, 1], [19, 4, 20, 5], [21, 7, 22, 6], [23, 16, 24, 17], [1, 18, 2, 19], [3, 12, 4, 13], [5, 11, 6, 10], [7, 14, 8, 15]]"
12a_0958_46,"[[7, 14, 8, 15], [9, 23, 10, 22], [11, 20, 12, 21], [13, 2, 14, 3], [15, 8, 16, 9], [17, 24, 18, 1], [19, 4, 20, 5], [21, 7, 22, 6], [23, 16, 24, 17], [1, 18, 2, 19], [3, 12, 4, 13], [5, 11, 6, 10]]"
12a_0958_47,"[[5, 11, 6, 10], [7, 14, 8, 15], [9, 23, 10, 22], [11, 20, 12, 21], [13, 2, 14, 3], [15, 8, 16, 9], [17, 24, 18, 1], [19, 4, 20, 5], [21, 7, 22, 6], [23, 16, 24, 17], [1, 18, 2, 19], [3, 12, 4, 13]]"
12a_0958_48,"[[4, 13, 5, 14], [6, 12, 7, 11], [8, 15, 9, 16], [10, 24, 11, 23], [12, 21, 13, 22], [14, 3, 15, 4], [16, 9, 17, 10], [18, 1, 19, 2], [20, 5, 21, 6], [22, 8, 23, 7], [24, 17, 1, 18], [2, 19, 3, 20]]"
12a_0958_49,"[[2, 19, 3, 20], [4, 13, 5, 14], [6, 12, 7, 11], [8, 15, 9, 16], [10, 24, 11, 23], [12, 21, 13, 22], [14, 3, 15, 4], [16, 9, 17, 10], [18, 1, 19, 2], [20, 5, 21, 6], [22, 8, 23, 7], [24, 17, 1, 18]]"
12a_0958_50,"[[24, 17, 1, 18], [2, 19, 3, 20], [4, 13, 5, 14], [6, 12, 7, 11], [8, 15, 9, 16], [10, 24, 11, 23], [12, 21, 13, 22], [14, 3, 15, 4], [16, 9, 17, 10], [18, 1, 19, 2], [20, 5, 21, 6], [22, 8, 23, 7]]"
12a_0958_51,"[[22, 8, 23, 7], [24, 17, 1, 18], [2, 19, 3, 20], [4, 13, 5, 14], [6, 12, 7, 11], [8, 15, 9, 16], [10, 24, 11, 23], [12, 21, 13, 22], [14, 3, 15, 4], [16, 9, 17, 10], [18, 1, 19, 2], [20, 5, 21, 6]]"
12a_0958_52,"[[20, 5, 21, 6], [22, 8, 23, 7], [24, 17, 1, 18], [2, 19, 3, 20], [4, 13, 5, 14], [6, 12, 7, 11], [8, 15, 9, 16], [10, 24, 11, 23], [12, 21, 13, 22], [14, 3, 15, 4], [16, 9, 17, 10], [18, 1, 19, 2]]"
12a_0958_53,"[[18, 1, 19, 2], [20, 5, 21, 6], [22, 8, 23, 7], [24, 17, 1, 18], [2, 19, 3, 20], [4, 13, 5, 14], [6, 12, 7, 11], [8, 15, 9, 16], [10, 24, 11, 23], [12, 21, 13, 22], [14, 3, 15, 4], [16, 9, 17, 10]]"
12a_0958_54,"[[16, 9, 17, 10], [18, 1, 19, 2], [20, 5, 21, 6], [22, 8, 23, 7], [24, 17, 1, 18], [2, 19, 3, 20], [4, 13, 5, 14], [6, 12, 7, 11], [8, 15, 9, 16], [10, 24, 11, 23], [12, 21, 13, 22], [14, 3, 15, 4]]"
12a_0958_55,"[[14, 3, 15, 4], [16, 9, 17, 10], [18, 1, 19, 2], [20, 5, 21, 6], [22, 8, 23, 7], [24, 17, 1, 18], [2, 19, 3, 20], [4, 13, 5, 14], [6, 12, 7, 11], [8, 15, 9, 16], [10, 24, 11, 23], [12, 21, 13, 22]]"
12a_0958_56,"[[12, 21, 13, 22], [14, 3, 15, 4], [16, 9, 17, 10], [18, 1, 19, 2], [20, 5, 21, 6], [22, 8, 23, 7], [24, 17, 1, 18], [2, 19, 3, 20], [4, 13, 5, 14], [6, 12, 7, 11], [8, 15, 9, 16], [10, 24, 11, 23]]"
12a_0958_57,"[[10, 24, 11, 23], [12, 21, 13, 22], [14, 3, 15, 4], [16, 9, 17, 10], [18, 1, 19, 2], [20, 5, 21, 6], [22, 8, 23, 7], [24, 17, 1, 18], [2, 19, 3, 20], [4, 13, 5, 14], [6, 12, 7, 11], [8, 15, 9, 16]]"
12a_0958_58,"[[8, 15, 9, 16], [10, 24, 11, 23], [12, 21, 13, 22], [14, 3, 15, 4], [16, 9, 17, 10], [18, 1, 19, 2], [20, 5, 21, 6], [22, 8, 23, 7], [24, 17, 1, 18], [2, 19, 3, 20], [4, 13, 5, 14], [6, 12, 7, 11]]"
12a_0958_59,"[[6, 12, 7, 11], [8, 15, 9, 16], [10, 24, 11, 23], [12, 21, 13, 22], [14, 3, 15, 4], [16, 9, 17, 10], [18, 1, 19, 2], [20, 5, 21, 6], [22, 8, 23, 7], [24, 17, 1, 18], [2, 19, 3, 20], [4, 13, 5, 14]]"
12a_0958_60,"[[5, 14, 6, 15], [7, 13, 8, 12], [9, 16, 10, 17], [11, 1, 12, 24], [13, 22, 14, 23], [15, 4, 16, 5], [17, 10, 18, 11], [19, 2, 20, 3], [21, 6, 22, 7], [23, 9, 24, 8], [1, 18, 2, 19], [3, 20, 4, 21]]"
12a_0958_61,"[[3, 20, 4, 21], [5, 14, 6, 15], [7, 13, 8, 12], [9, 16, 10, 17], [11, 1, 12, 24], [13, 22, 14, 23], [15, 4, 16, 5], [17, 10, 18, 11], [19, 2, 20, 3], [21, 6, 22, 7], [23, 9, 24, 8], [1, 18, 2, 19]]"
12a_0958_62,"[[1, 18, 2, 19], [3, 20, 4, 21], [5, 14, 6, 15], [7, 13, 8, 12], [9, 16, 10, 17], [11, 1, 12, 24], [13, 22, 14, 23], [15, 4, 16, 5], [17, 10, 18, 11], [19, 2, 20, 3], [21, 6, 22, 7], [23, 9, 24, 8]]"
12a_0958_63,"[[23, 9, 24, 8], [1, 18, 2, 19], [3, 20, 4, 21], [5, 14, 6, 15], [7, 13, 8, 12], [9, 16, 10, 17], [11, 1, 12, 24], [13, 22, 14, 23], [15, 4, 16, 5], [17, 10, 18, 11], [19, 2, 20, 3], [21, 6, 22, 7]]"
12a_0958_64,"[[21, 6, 22, 7], [23, 9, 24, 8], [1, 18, 2, 19], [3, 20, 4, 21], [5, 14, 6, 15], [7, 13, 8, 12], [9, 16, 10, 17], [11, 1, 12, 24], [13, 22, 14, 23], [15, 4, 16, 5], [17, 10, 18, 11], [19, 2, 20, 3]]"
12a_0958_65,"[[19, 2, 20, 3], [21, 6, 22, 7], [23, 9, 24, 8], [1, 18, 2, 19], [3, 20, 4, 21], [5, 14, 6, 15], [7, 13, 8, 12], [9, 16, 10, 17], [11, 1, 12, 24], [13, 22, 14, 23], [15, 4, 16, 5], [17, 10, 18, 11]]"
12a_0958_66,"[[17, 10, 18, 11], [19, 2, 20, 3], [21, 6, 22, 7], [23, 9, 24, 8], [1, 18, 2, 19], [3, 20, 4, 21], [5, 14, 6, 15], [7, 13, 8, 12], [9, 16, 10, 17], [11, 1, 12, 24], [13, 22, 14, 23], [15, 4, 16, 5]]"
12a_0958_67,"[[15, 4, 16, 5], [17, 10, 18, 11], [19, 2, 20, 3], [21, 6, 22, 7], [23, 9, 24, 8], [1, 18, 2, 19], [3, 20, 4, 21], [5, 14, 6, 15], [7, 13, 8, 12], [9, 16, 10, 17], [11, 1, 12, 24], [13, 22, 14, 23]]"
12a_0958_68,"[[13, 22, 14, 23], [15, 4, 16, 5], [17, 10, 18, 11], [19, 2, 20, 3], [21, 6, 22, 7], [23, 9, 24, 8], [1, 18, 2, 19], [3, 20, 4, 21], [5, 14, 6, 15], [7, 13, 8, 12], [9, 16, 10, 17], [11, 1, 12, 24]]"
12a_0958_69,"[[11, 1, 12, 24], [13, 22, 14, 23], [15, 4, 16, 5], [17, 10, 18, 11], [19, 2, 20, 3], [21, 6, 22, 7], [23, 9, 24, 8], [1, 18, 2, 19], [3, 20, 4, 21], [5, 14, 6, 15], [7, 13, 8, 12], [9, 16, 10, 17]]"
12a_0958_70,"[[9, 16, 10, 17], [11, 1, 12, 24], [13, 22, 14, 23], [15, 4, 16, 5], [17, 10, 18, 11], [19, 2, 20, 3], [21, 6, 22, 7], [23, 9, 24, 8], [1, 18, 2, 19], [3, 20, 4, 21], [5, 14, 6, 15], [7, 13, 8, 12]]"
12a_0958_71,"[[7, 13, 8, 12], [9, 16, 10, 17], [11, 1, 12, 24], [13, 22, 14, 23], [15, 4, 16, 5], [17, 10, 18, 11], [19, 2, 20, 3], [21, 6, 22, 7], [23, 9, 24, 8], [1, 18, 2, 19], [3, 20, 4, 21], [5, 14, 6, 15]]"
12a_0958_72,"[[6, 15, 7, 16], [8, 14, 9, 13], [10, 17, 11, 18], [12, 2, 13, 1], [14, 23, 15, 24], [16, 5, 17, 6], [18, 11, 19, 12], [20, 3, 21, 4], [22, 7, 23, 8], [24, 10, 1, 9], [2, 19, 3, 20], [4, 21, 5, 22]]"
12a_0958_73,"[[4, 21, 5, 22], [6, 15, 7, 16], [8, 14, 9, 13], [10, 17, 11, 18], [12, 2, 13, 1], [14, 23, 15, 24], [16, 5, 17, 6], [18, 11, 19, 12], [20, 3, 21, 4], [22, 7, 23, 8], [24, 10, 1, 9], [2, 19, 3, 20]]"
12a_0958_74,"[[2, 19, 3, 20], [4, 21, 5, 22], [6, 15, 7, 16], [8, 14, 9, 13], [10, 17, 11, 18], [12, 2, 13, 1], [14, 23, 15, 24], [16, 5, 17, 6], [18, 11, 19, 12], [20, 3, 21, 4], [22, 7, 23, 8], [24, 10, 1, 9]]"
12a_0958_75,"[[24, 10, 1, 9], [2, 19, 3, 20], [4, 21, 5, 22], [6, 15, 7, 16], [8, 14, 9, 13], [10, 17, 11, 18], [12, 2, 13, 1], [14, 23, 15, 24], [16, 5, 17, 6], [18, 11, 19, 12], [20, 3, 21, 4], [22, 7, 23, 8]]"
12a_0958_76,"[[22, 7, 23, 8], [24, 10, 1, 9], [2, 19, 3, 20], [4, 21, 5, 22], [6, 15, 7, 16], [8, 14, 9, 13], [10, 17, 11, 18], [12, 2, 13, 1], [14, 23, 15, 24], [16, 5, 17, 6], [18, 11, 19, 12], [20, 3, 21, 4]]"
12a_0958_77,"[[20, 3, 21, 4], [22, 7, 23, 8], [24, 10, 1, 9], [2, 19, 3, 20], [4, 21, 5, 22], [6, 15, 7, 16], [8, 14, 9, 13], [10, 17, 11, 18], [12, 2, 13, 1], [14, 23, 15, 24], [16, 5, 17, 6], [18, 11, 19, 12]]"
12a_0958_78,"[[18, 11, 19, 12], [20, 3, 21, 4], [22, 7, 23, 8], [24, 10, 1, 9], [2, 19, 3, 20], [4, 21, 5, 22], [6, 15, 7, 16], [8, 14, 9, 13], [10, 17, 11, 18], [12, 2, 13, 1], [14, 23, 15, 24], [16, 5, 17, 6]]"
12a_0958_79,"[[16, 5, 17, 6], [18, 11, 19, 12], [20, 3, 21, 4], [22, 7, 23, 8], [24, 10, 1, 9], [2, 19, 3, 20], [4, 21, 5, 22], [6, 15, 7, 16], [8, 14, 9, 13], [10, 17, 11, 18], [12, 2, 13, 1], [14, 23, 15, 24]]"
12a_0958_80,"[[14, 23, 15, 24], [16, 5, 17, 6], [18, 11, 19, 12], [20, 3, 21, 4], [22, 7, 23, 8], [24, 10, 1, 9], [2, 19, 3, 20], [4, 21, 5, 22], [6, 15, 7, 16], [8, 14, 9, 13], [10, 17, 11, 18], [12, 2, 13, 1]]"
12a_0958_81,"[[12, 2, 13, 1], [14, 23, 15, 24], [16, 5, 17, 6], [18, 11, 19, 12], [20, 3, 21, 4], [22, 7, 23, 8], [24, 10, 1, 9], [2, 19, 3, 20], [4, 21, 5, 22], [6, 15, 7, 16], [8, 14, 9, 13], [10, 17, 11, 18]]"
12a_0958_82,"[[10, 17, 11, 18], [12, 2, 13, 1], [14, 23, 15, 24], [16, 5, 17, 6], [18, 11, 19, 12], [20, 3, 21, 4], [22, 7, 23, 8], [24, 10, 1, 9], [2, 19, 3, 20], [4, 21, 5, 22], [6, 15, 7, 16], [8, 14, 9, 13]]"
12a_0958_83,"[[8, 14, 9, 13], [10, 17, 11, 18], [12, 2, 13, 1], [14, 23, 15, 24], [16, 5, 17, 6], [18, 11, 19, 12], [20, 3, 21, 4], [22, 7, 23, 8], [24, 10, 1, 9], [2, 19, 3, 20], [4, 21, 5, 22], [6, 15, 7, 16]]"
12a_0958_84,"[[7, 16, 8, 17], [9, 15, 10, 14], [11, 18, 12, 19], [13, 3, 14, 2], [15, 24, 16, 1], [17, 6, 18, 7], [19, 12, 20, 13], [21, 4, 22, 5], [23, 8, 24, 9], [1, 11, 2, 10], [3, 20, 4, 21], [5, 22, 6, 23]]"
12a_0958_85,"[[5, 22, 6, 23], [7, 16, 8, 17], [9, 15, 10, 14], [11, 18, 12, 19], [13, 3, 14, 2], [15, 24, 16, 1], [17, 6, 18, 7], [19, 12, 20, 13], [21, 4, 22, 5], [23, 8, 24, 9], [1, 11, 2, 10], [3, 20, 4, 21]]"
12a_0958_86,"[[3, 20, 4, 21], [5, 22, 6, 23], [7, 16, 8, 17], [9, 15, 10, 14], [11, 18, 12, 19], [13, 3, 14, 2], [15, 24, 16, 1], [17, 6, 18, 7], [19, 12, 20, 13], [21, 4, 22, 5], [23, 8, 24, 9], [1, 11, 2, 10]]"
12a_0958_87,"[[1, 11, 2, 10], [3, 20, 4, 21], [5, 22, 6, 23], [7, 16, 8, 17], [9, 15, 10, 14], [11, 18, 12, 19], [13, 3, 14, 2], [15, 24, 16, 1], [17, 6, 18, 7], [19, 12, 20, 13], [21, 4, 22, 5], [23, 8, 24, 9]]"
12a_0958_88,"[[23, 8, 24, 9], [1, 11, 2, 10], [3, 20, 4, 21], [5, 22, 6, 23], [7, 16, 8, 17], [9, 15, 10, 14], [11, 18, 12, 19], [13, 3, 14, 2], [15, 24, 16, 1], [17, 6, 18, 7], [19, 12, 20, 13], [21, 4, 22, 5]]"
12a_0958_89,"[[21, 4, 22, 5], [23, 8, 24, 9], [1, 11, 2, 10], [3, 20, 4, 21], [5, 22, 6, 23], [7, 16, 8, 17], [9, 15, 10, 14], [11, 18, 12, 19], [13, 3, 14, 2], [15, 24, 16, 1], [17, 6, 18, 7], [19, 12, 20, 13]]"
12a_0958_90,"[[19, 12, 20, 13], [21, 4, 22, 5], [23, 8, 24, 9], [1, 11, 2, 10], [3, 20, 4, 21], [5, 22, 6, 23], [7, 16, 8, 17], [9, 15, 10, 14], [11, 18, 12, 19], [13, 3, 14, 2], [15, 24, 16, 1], [17, 6, 18, 7]]"
12a_0958_91,"[[17, 6, 18, 7], [19, 12, 20, 13], [21, 4, 22, 5], [23, 8, 24, 9], [1, 11, 2, 10], [3, 20, 4, 21], [5, 22, 6, 23], [7, 16, 8, 17], [9, 15, 10, 14], [11, 18, 12, 19], [13, 3, 14, 2], [15, 24, 16, 1]]"
12a_0958_92,"[[15, 24, 16, 1], [17, 6, 18, 7], [19, 12, 20, 13], [21, 4, 22, 5], [23, 8, 24, 9], [1, 11, 2, 10], [3, 20, 4, 21], [5, 22, 6, 23], [7, 16, 8, 17], [9, 15, 10, 14], [11, 18, 12, 19], [13, 3, 14, 2]]"
12a_0958_93,"[[13, 3, 14, 2], [15, 24, 16, 1], [17, 6, 18, 7], [19, 12, 20, 13], [21, 4, 22, 5], [23, 8, 24, 9], [1, 11, 2, 10], [3, 20, 4, 21], [5, 22, 6, 23], [7, 16, 8, 17], [9, 15, 10, 14], [11, 18, 12, 19]]"
12a_0958_94,"[[11, 18, 12, 19], [13, 3, 14, 2], [15, 24, 16, 1], [17, 6, 18, 7], [19, 12, 20, 13], [21, 4, 22, 5], [23, 8, 24, 9], [1, 11, 2, 10], [3, 20, 4, 21], [5, 22, 6, 23], [7, 16, 8, 17], [9, 15, 10, 14]]"
12a_0958_95,"[[9, 15, 10, 14], [11, 18, 12, 19], [13, 3, 14, 2], [15, 24, 16, 1], [17, 6, 18, 7], [19, 12, 20, 13], [21, 4, 22, 5], [23, 8, 24, 9], [1, 11, 2, 10], [3, 20, 4, 21], [5, 22, 6, 23], [7, 16, 8, 17]]"
12a_0958_96,"[[8, 17, 9, 18], [10, 16, 11, 15], [12, 19, 13, 20], [14, 4, 15, 3], [16, 1, 17, 2], [18, 7, 19, 8], [20, 13, 21, 14], [22, 5, 23, 6], [24, 9, 1, 10], [2, 12, 3, 11], [4, 21, 5, 22], [6, 23, 7, 24]]"
12a_0958_97,"[[6, 23, 7, 24], [8, 17, 9, 18], [10, 16, 11, 15], [12, 19, 13, 20], [14, 4, 15, 3], [16, 1, 17, 2], [18, 7, 19, 8], [20, 13, 21, 14], [22, 5, 23, 6], [24, 9, 1, 10], [2, 12, 3, 11], [4, 21, 5, 22]]"
12a_0958_98,"[[4, 21, 5, 22], [6, 23, 7, 24], [8, 17, 9, 18], [10, 16, 11, 15], [12, 19, 13, 20], [14, 4, 15, 3], [16, 1, 17, 2], [18, 7, 19, 8], [20, 13, 21, 14], [22, 5, 23, 6], [24, 9, 1, 10], [2, 12, 3, 11]]"
12a_0958_99,"[[2, 12, 3, 11], [4, 21, 5, 22], [6, 23, 7, 24], [8, 17, 9, 18], [10, 16, 11, 15], [12, 19, 13, 20], [14, 4, 15, 3], [16, 1, 17, 2], [18, 7, 19, 8], [20, 13, 21, 14], [22, 5, 23, 6], [24, 9, 1, 10]]"
12a_0958_100,"[[24, 9, 1, 10], [2, 12, 3, 11], [4, 21, 5, 22], [6, 23, 7, 24], [8, 17, 9, 18], [10, 16, 11, 15], [12, 19, 13, 20], [14, 4, 15, 3], [16, 1, 17, 2], [18, 7, 19, 8], [20, 13, 21, 14], [22, 5, 23, 6]]"
12a_0958_101,"[[22, 5, 23, 6], [24, 9, 1, 10], [2, 12, 3, 11], [4, 21, 5, 22], [6, 23, 7, 24], [8, 17, 9, 18], [10, 16, 11, 15], [12, 19, 13, 20], [14, 4, 15, 3], [16, 1, 17, 2], [18, 7, 19, 8], [20, 13, 21, 14]]"
12a_0958_102,"[[20, 13, 21, 14], [22, 5, 23, 6], [24, 9, 1, 10], [2, 12, 3, 11], [4, 21, 5, 22], [6, 23, 7, 24], [8, 17, 9, 18], [10, 16, 11, 15], [12, 19, 13, 20], [14, 4, 15, 3], [16, 1, 17, 2], [18, 7, 19, 8]]"
12a_0958_103,"[[18, 7, 19, 8], [20, 13, 21, 14], [22, 5, 23, 6], [24, 9, 1, 10], [2, 12, 3, 11], [4, 21, 5, 22], [6, 23, 7, 24], [8, 17, 9, 18], [10, 16, 11, 15], [12, 19, 13, 20], [14, 4, 15, 3], [16, 1, 17, 2]]"
12a_0958_104,"[[16, 1, 17, 2], [18, 7, 19, 8], [20, 13, 21, 14], [22, 5, 23, 6], [24, 9, 1, 10], [2, 12, 3, 11], [4, 21, 5, 22], [6, 23, 7, 24], [8, 17, 9, 18], [10, 16, 11, 15], [12, 19, 13, 20], [14, 4, 15, 3]]"
12a_0958_105,"[[14, 4, 15, 3], [16, 1, 17, 2], [18, 7, 19, 8], [20, 13, 21, 14], [22, 5, 23, 6], [24, 9, 1, 10], [2, 12, 3, 11], [4, 21, 5, 22], [6, 23, 7, 24], [8, 17, 9, 18], [10, 16, 11, 15], [12, 19, 13, 20]]"
12a_0958_106,"[[12, 19, 13, 20], [14, 4, 15, 3], [16, 1, 17, 2], [18, 7, 19, 8], [20, 13, 21, 14], [22, 5, 23, 6], [24, 9, 1, 10], [2, 12, 3, 11], [4, 21, 5, 22], [6, 23, 7, 24], [8, 17, 9, 18], [10, 16, 11, 15]]"
12a_0958_107,"[[10, 16, 11, 15], [12, 19, 13, 20], [14, 4, 15, 3], [16, 1, 17, 2], [18, 7, 19, 8], [20, 13, 21, 14], [22, 5, 23, 6], [24, 9, 1, 10], [2, 12, 3, 11], [4, 21, 5, 22], [6, 23, 7, 24], [8, 17, 9, 18]]"
12a_0958_108,"[[9, 18, 10, 19], [11, 17, 12, 16], [13, 20, 14, 21], [15, 5, 16, 4], [17, 2, 18, 3], [19, 8, 20, 9], [21, 14, 22, 15], [23, 6, 24, 7], [1, 10, 2, 11], [3, 13, 4, 12], [5, 22, 6, 23], [7, 24, 8, 1]]"
12a_0958_109,"[[7, 24, 8, 1], [9, 18, 10, 19], [11, 17, 12, 16], [13, 20, 14, 21], [15, 5, 16, 4], [17, 2, 18, 3], [19, 8, 20, 9], [21, 14, 22, 15], [23, 6, 24, 7], [1, 10, 2, 11], [3, 13, 4, 12], [5, 22, 6, 23]]"
12a_0958_110,"[[5, 22, 6, 23], [7, 24, 8, 1], [9, 18, 10, 19], [11, 17, 12, 16], [13, 20, 14, 21], [15, 5, 16, 4], [17, 2, 18, 3], [19, 8, 20, 9], [21, 14, 22, 15], [23, 6, 24, 7], [1, 10, 2, 11], [3, 13, 4, 12]]"
12a_0958_111,"[[3, 13, 4, 12], [5, 22, 6, 23], [7, 24, 8, 1], [9, 18, 10, 19], [11, 17, 12, 16], [13, 20, 14, 21], [15, 5, 16, 4], [17, 2, 18, 3], [19, 8, 20, 9], [21, 14, 22, 15], [23, 6, 24, 7], [1, 10, 2, 11]]"
12a_0958_112,"[[1, 10, 2, 11], [3, 13, 4, 12], [5, 22, 6, 23], [7, 24, 8, 1], [9, 18, 10, 19], [11, 17, 12, 16], [13, 20, 14, 21], [15, 5, 16, 4], [17, 2, 18, 3], [19, 8, 20, 9], [21, 14, 22, 15], [23, 6, 24, 7]]"
12a_0958_113,"[[23, 6, 24, 7], [1, 10, 2, 11], [3, 13, 4, 12], [5, 22, 6, 23], [7, 24, 8, 1], [9, 18, 10, 19], [11, 17, 12, 16], [13, 20, 14, 21], [15, 5, 16, 4], [17, 2, 18, 3], [19, 8, 20, 9], [21, 14, 22, 15]]"
12a_0958_114,"[[21, 14, 22, 15], [23, 6, 24, 7], [1, 10, 2, 11], [3, 13, 4, 12], [5, 22, 6, 23], [7, 24, 8, 1], [9, 18, 10, 19], [11, 17, 12, 16], [13, 20, 14, 21], [15, 5, 16, 4], [17, 2, 18, 3], [19, 8, 20, 9]]"
12a_0958_115,"[[19, 8, 20, 9], [21, 14, 22, 15], [23, 6, 24, 7], [1, 10, 2, 11], [3, 13, 4, 12], [5, 22, 6, 23], [7, 24, 8, 1], [9, 18, 10, 19], [11, 17, 12, 16], [13, 20, 14, 21], [15, 5, 16, 4], [17, 2, 18, 3]]"
12a_0958_116,"[[17, 2, 18, 3], [19, 8, 20, 9], [21, 14, 22, 15], [23, 6, 24, 7], [1, 10, 2, 11], [3, 13, 4, 12], [5, 22, 6, 23], [7, 24, 8, 1], [9, 18, 10, 19], [11, 17, 12, 16], [13, 20, 14, 21], [15, 5, 16, 4]]"
12a_0958_117,"[[15, 5, 16, 4], [17, 2, 18, 3], [19, 8, 20, 9], [21, 14, 22, 15], [23, 6, 24, 7], [1, 10, 2, 11], [3, 13, 4, 12], [5, 22, 6, 23], [7, 24, 8, 1], [9, 18, 10, 19], [11, 17, 12, 16], [13, 20, 14, 21]]"
12a_0958_118,"[[13, 20, 14, 21], [15, 5, 16, 4], [17, 2, 18, 3], [19, 8, 20, 9], [21, 14, 22, 15], [23, 6, 24, 7], [1, 10, 2, 11], [3, 13, 4, 12], [5, 22, 6, 23], [7, 24, 8, 1], [9, 18, 10, 19], [11, 17, 12, 16]]"
12a_0958_119,"[[11, 17, 12, 16], [13, 20, 14, 21], [15, 5, 16, 4], [17, 2, 18, 3], [19, 8, 20, 9], [21, 14, 22, 15], [23, 6, 24, 7], [1, 10, 2, 11], [3, 13, 4, 12], [5, 22, 6, 23], [7, 24, 8, 1], [9, 18, 10, 19]]"
12a_0958_120,"[[10, 19, 11, 20], [12, 18, 13, 17], [14, 21, 15, 22], [16, 6, 17, 5], [18, 3, 19, 4], [20, 9, 21, 10], [22, 15, 23, 16], [24, 7, 1, 8], [2, 11, 3, 12], [4, 14, 5, 13], [6, 23, 7, 24], [8, 1, 9, 2]]"
12a_0958_121,"[[8, 1, 9, 2], [10, 19, 11, 20], [12, 18, 13, 17], [14, 21, 15, 22], [16, 6, 17, 5], [18, 3, 19, 4], [20, 9, 21, 10], [22, 15, 23, 16], [24, 7, 1, 8], [2, 11, 3, 12], [4, 14, 5, 13], [6, 23, 7, 24]]"
12a_0958_122,"[[6, 23, 7, 24], [8, 1, 9, 2], [10, 19, 11, 20], [12, 18, 13, 17], [14, 21, 15, 22], [16, 6, 17, 5], [18, 3, 19, 4], [20, 9, 21, 10], [22, 15, 23, 16], [24, 7, 1, 8], [2, 11, 3, 12], [4, 14, 5, 13]]"
12a_0958_123,"[[4, 14, 5, 13], [6, 23, 7, 24], [8, 1, 9, 2], [10, 19, 11, 20], [12, 18, 13, 17], [14, 21, 15, 22], [16, 6, 17, 5], [18, 3, 19, 4], [20, 9, 21, 10], [22, 15, 23, 16], [24, 7, 1, 8], [2, 11, 3, 12]]"
12a_0958_124,"[[2, 11, 3, 12], [4, 14, 5, 13], [6, 23, 7, 24], [8, 1, 9, 2], [10, 19, 11, 20], [12, 18, 13, 17], [14, 21, 15, 22], [16, 6, 17, 5], [18, 3, 19, 4], [20, 9, 21, 10], [22, 15, 23, 16], [24, 7, 1, 8]]"
12a_0958_125,"[[24, 7, 1, 8], [2, 11, 3, 12], [4, 14, 5, 13], [6, 23, 7, 24], [8, 1, 9, 2], [10, 19, 11, 20], [12, 18, 13, 17], [14, 21, 15, 22], [16, 6, 17, 5], [18, 3, 19, 4], [20, 9, 21, 10], [22, 15, 23, 16]]"
12a_0958_126,"[[22, 15, 23, 16], [24, 7, 1, 8], [2, 11, 3, 12], [4, 14, 5, 13], [6, 23, 7, 24], [8, 1, 9, 2], [10, 19, 11, 20], [12, 18, 13, 17], [14, 21, 15, 22], [16, 6, 17, 5], [18, 3, 19, 4], [20, 9, 21, 10]]"
12a_0958_127,"[[20, 9, 21, 10], [22, 15, 23, 16], [24, 7, 1, 8], [2, 11, 3, 12], [4, 14, 5, 13], [6, 23, 7, 24], [8, 1, 9, 2], [10, 19, 11, 20], [12, 18, 13, 17], [14, 21, 15, 22], [16, 6, 17, 5], [18, 3, 19, 4]]"
12a_0958_128,"[[18, 3, 19, 4], [20, 9, 21, 10], [22, 15, 23, 16], [24, 7, 1, 8], [2, 11, 3, 12], [4, 14, 5, 13], [6, 23, 7, 24], [8, 1, 9, 2], [10, 19, 11, 20], [12, 18, 13, 17], [14, 21, 15, 22], [16, 6, 17, 5]]"
12a_0958_129,"[[16, 6, 17, 5], [18, 3, 19, 4], [20, 9, 21, 10], [22, 15, 23, 16], [24, 7, 1, 8], [2, 11, 3, 12], [4, 14, 5, 13], [6, 23, 7, 24], [8, 1, 9, 2], [10, 19, 11, 20], [12, 18, 13, 17], [14, 21, 15, 22]]"
12a_0958_130,"[[14, 21, 15, 22], [16, 6, 17, 5], [18, 3, 19, 4], [20, 9, 21, 10], [22, 15, 23, 16], [24, 7, 1, 8], [2, 11, 3, 12], [4, 14, 5, 13], [6, 23, 7, 24], [8, 1, 9, 2], [10, 19, 11, 20], [12, 18, 13, 17]]"
12a_0958_131,"[[12, 18, 13, 17], [14, 21, 15, 22], [16, 6, 17, 5], [18, 3, 19, 4], [20, 9, 21, 10], [22, 15, 23, 16], [24, 7, 1, 8], [2, 11, 3, 12], [4, 14, 5, 13], [6, 23, 7, 24], [8, 1, 9, 2], [10, 19, 11, 20]]"
12a_0958_132,"[[11, 20, 12, 21], [13, 19, 14, 18], [15, 22, 16, 23], [17, 7, 18, 6], [19, 4, 20, 5], [21, 10, 22, 11], [23, 16, 24, 17], [1, 8, 2, 9], [3, 12, 4, 13], [5, 15, 6, 14], [7, 24, 8, 1], [9, 2, 10, 3]]"
12a_0958_133,"[[9, 2, 10, 3], [11, 20, 12, 21], [13, 19, 14, 18], [15, 22, 16, 23], [17, 7, 18, 6], [19, 4, 20, 5], [21, 10, 22, 11], [23, 16, 24, 17], [1, 8, 2, 9], [3, 12, 4, 13], [5, 15, 6, 14], [7, 24, 8, 1]]"
12a_0958_134,"[[7, 24, 8, 1], [9, 2, 10, 3], [11, 20, 12, 21], [13, 19, 14, 18], [15, 22, 16, 23], [17, 7, 18, 6], [19, 4, 20, 5], [21, 10, 22, 11], [23, 16, 24, 17], [1, 8, 2, 9], [3, 12, 4, 13], [5, 15, 6, 14]]"
12a_0958_135,"[[5, 15, 6, 14], [7, 24, 8, 1], [9, 2, 10, 3], [11, 20, 12, 21], [13, 19, 14, 18], [15, 22, 16, 23], [17, 7, 18, 6], [19, 4, 20, 5], [21, 10, 22, 11], [23, 16, 24, 17], [1, 8, 2, 9], [3, 12, 4, 13]]"
12a_0958_136,"[[3, 12, 4, 13], [5, 15, 6, 14], [7, 24, 8, 1], [9, 2, 10, 3], [11, 20, 12, 21], [13, 19, 14, 18], [15, 22, 16, 23], [17, 7, 18, 6], [19, 4, 20, 5], [21, 10, 22, 11], [23, 16, 24, 17], [1, 8, 2, 9]]"
12a_0958_137,"[[1, 8, 2, 9], [3, 12, 4, 13], [5, 15, 6, 14], [7, 24, 8, 1], [9, 2, 10, 3], [11, 20, 12, 21], [13, 19, 14, 18], [15, 22, 16, 23], [17, 7, 18, 6], [19, 4, 20, 5], [21, 10, 22, 11], [23, 16, 24, 17]]"
12a_0958_138,"[[23, 16, 24, 17], [1, 8, 2, 9], [3, 12, 4, 13], [5, 15, 6, 14], [7, 24, 8, 1], [9, 2, 10, 3], [11, 20, 12, 21], [13, 19, 14, 18], [15, 22, 16, 23], [17, 7, 18, 6], [19, 4, 20, 5], [21, 10, 22, 11]]"
12a_0958_139,"[[21, 10, 22, 11], [23, 16, 24, 17], [1, 8, 2, 9], [3, 12, 4, 13], [5, 15, 6, 14], [7, 24, 8, 1], [9, 2, 10, 3], [11, 20, 12, 21], [13, 19, 14, 18], [15, 22, 16, 23], [17, 7, 18, 6], [19, 4, 20, 5]]"
12a_0958_140,"[[19, 4, 20, 5], [21, 10, 22, 11], [23, 16, 24, 17], [1, 8, 2, 9], [3, 12, 4, 13], [5, 15, 6, 14], [7, 24, 8, 1], [9, 2, 10, 3], [11, 20, 12, 21], [13, 19, 14, 18], [15, 22, 16, 23], [17, 7, 18, 6]]"
12a_0958_141,"[[17, 7, 18, 6], [19, 4, 20, 5], [21, 10, 22, 11], [23, 16, 24, 17], [1, 8, 2, 9], [3, 12, 4, 13], [5, 15, 6, 14], [7, 24, 8, 1], [9, 2, 10, 3], [11, 20, 12, 21], [13, 19, 14, 18], [15, 22, 16, 23]]"
12a_0958_142,"[[15, 22, 16, 23], [17, 7, 18, 6], [19, 4, 20, 5], [21, 10, 22, 11], [23, 16, 24, 17], [1, 8, 2, 9], [3, 12, 4, 13], [5, 15, 6, 14], [7, 24, 8, 1], [9, 2, 10, 3], [11, 20, 12, 21], [13, 19, 14, 18]]"
12a_0958_143,"[[13, 19, 14, 18], [15, 22, 16, 23], [17, 7, 18, 6], [19, 4, 20, 5], [21, 10, 22, 11], [23, 16, 24, 17], [1, 8, 2, 9], [3, 12, 4, 13], [5, 15, 6, 14], [7, 24, 8, 1], [9, 2, 10, 3], [11, 20, 12, 21]]"
12a_0958_144,"[[12, 21, 13, 22], [14, 20, 15, 19], [16, 23, 17, 24], [18, 8, 19, 7], [20, 5, 21, 6], [22, 11, 23, 12], [24, 17, 1, 18], [2, 9, 3, 10], [4, 13, 5, 14], [6, 16, 7, 15], [8, 1, 9, 2], [10, 3, 11, 4]]"
12a_0958_145,"[[10, 3, 11, 4], [12, 21, 13, 22], [14, 20, 15, 19], [16, 23, 17, 24], [18, 8, 19, 7], [20, 5, 21, 6], [22, 11, 23, 12], [24, 17, 1, 18], [2, 9, 3, 10], [4, 13, 5, 14], [6, 16, 7, 15], [8, 1, 9, 2]]"
12a_0958_146,"[[8, 1, 9, 2], [10, 3, 11, 4], [12, 21, 13, 22], [14, 20, 15, 19], [16, 23, 17, 24], [18, 8, 19, 7], [20, 5, 21, 6], [22, 11, 23, 12], [24, 17, 1, 18], [2, 9, 3, 10], [4, 13, 5, 14], [6, 16, 7, 15]]"
12a_0958_147,"[[6, 16, 7, 15], [8, 1, 9, 2], [10, 3, 11, 4], [12, 21, 13, 22], [14, 20, 15, 19], [16, 23, 17, 24], [18, 8, 19, 7], [20, 5, 21, 6], [22, 11, 23, 12], [24, 17, 1, 18], [2, 9, 3, 10], [4, 13, 5, 14]]"
12a_0958_148,"[[4, 13, 5, 14], [6, 16, 7, 15], [8, 1, 9, 2], [10, 3, 11, 4], [12, 21, 13, 22], [14, 20, 15, 19], [16, 23, 17, 24], [18, 8, 19, 7], [20, 5, 21, 6], [22, 11, 23, 12], [24, 17, 1, 18], [2, 9, 3, 10]]"
12a_0958_149,"[[2, 9, 3, 10], [4, 13, 5, 14], [6, 16, 7, 15], [8, 1, 9, 2], [10, 3, 11, 4], [12, 21, 13, 22], [14, 20, 15, 19], [16, 23, 17, 24], [18, 8, 19, 7], [20, 5, 21, 6], [22, 11, 23, 12], [24, 17, 1, 18]]"
12a_0958_150,"[[24, 17, 1, 18], [2, 9, 3, 10], [4, 13, 5, 14], [6, 16, 7, 15], [8, 1, 9, 2], [10, 3, 11, 4], [12, 21, 13, 22], [14, 20, 15, 19], [16, 23, 17, 24], [18, 8, 19, 7], [20, 5, 21, 6], [22, 11, 23, 12]]"
12a_0958_151,"[[22, 11, 23, 12], [24, 17, 1, 18], [2, 9, 3, 10], [4, 13, 5, 14], [6, 16, 7, 15], [8, 1, 9, 2], [10, 3, 11, 4], [12, 21, 13, 22], [14, 20, 15, 19], [16, 23, 17, 24], [18, 8, 19, 7], [20, 5, 21, 6]]"
12a_0958_152,"[[20, 5, 21, 6], [22, 11, 23, 12], [24, 17, 1, 18], [2, 9, 3, 10], [4, 13, 5, 14], [6, 16, 7, 15], [8, 1, 9, 2], [10, 3, 11, 4], [12, 21, 13, 22], [14, 20, 15, 19], [16, 23, 17, 24], [18, 8, 19, 7]]"
12a_0958_153,"[[18, 8, 19, 7], [20, 5, 21, 6], [22, 11, 23, 12], [24, 17, 1, 18], [2, 9, 3, 10], [4, 13, 5, 14], [6, 16, 7, 15], [8, 1, 9, 2], [10, 3, 11, 4], [12, 21, 13, 22], [14, 20, 15, 19], [16, 23, 17, 24]]"
12a_0958_154,"[[16, 23, 17, 24], [18, 8, 19, 7], [20, 5, 21, 6], [22, 11, 23, 12], [24, 17, 1, 18], [2, 9, 3, 10], [4, 13, 5, 14], [6, 16, 7, 15], [8, 1, 9, 2], [10, 3, 11, 4], [12, 21, 13, 22], [14, 20, 15, 19]]"
12a_0958_155,"[[14, 20, 15, 19], [16, 23, 17, 24], [18, 8, 19, 7], [20, 5, 21, 6], [22, 11, 23, 12], [24, 17, 1, 18], [2, 9, 3, 10], [4, 13, 5, 14], [6, 16, 7, 15], [8, 1, 9, 2], [10, 3, 11, 4], [12, 21, 13, 22]]"
12a_0958_156,"[[13, 22, 14, 23], [15, 21, 16, 20], [17, 24, 18, 1], [19, 9, 20, 8], [21, 6, 22, 7], [23, 12, 24, 13], [1, 18, 2, 19], [3, 10, 4, 11], [5, 14, 6, 15], [7, 17, 8, 16], [9, 2, 10, 3], [11, 4, 12, 5]]"
12a_0958_157,"[[11, 4, 12, 5], [13, 22, 14, 23], [15, 21, 16, 20], [17, 24, 18, 1], [19, 9, 20, 8], [21, 6, 22, 7], [23, 12, 24, 13], [1, 18, 2, 19], [3, 10, 4, 11], [5, 14, 6, 15], [7, 17, 8, 16], [9, 2, 10, 3]]"
12a_0958_158,"[[9, 2, 10, 3], [11, 4, 12, 5], [13, 22, 14, 23], [15, 21, 16, 20], [17, 24, 18, 1], [19, 9, 20, 8], [21, 6, 22, 7], [23, 12, 24, 13], [1, 18, 2, 19], [3, 10, 4, 11], [5, 14, 6, 15], [7, 17, 8, 16]]"
12a_0958_159,"[[7, 17, 8, 16], [9, 2, 10, 3], [11, 4, 12, 5], [13, 22, 14, 23], [15, 21, 16, 20], [17, 24, 18, 1], [19, 9, 20, 8], [21, 6, 22, 7], [23, 12, 24, 13], [1, 18, 2, 19], [3, 10, 4, 11], [5, 14, 6, 15]]"
12a_0958_160,"[[5, 14, 6, 15], [7, 17, 8, 16], [9, 2, 10, 3], [11, 4, 12, 5], [13, 22, 14, 23], [15, 21, 16, 20], [17, 24, 18, 1], [19, 9, 20, 8], [21, 6, 22, 7], [23, 12, 24, 13], [1, 18, 2, 19], [3, 10, 4, 11]]"
12a_0958_161,"[[3, 10, 4, 11], [5, 14, 6, 15], [7, 17, 8, 16], [9, 2, 10, 3], [11, 4, 12, 5], [13, 22, 14, 23], [15, 21, 16, 20], [17, 24, 18, 1], [19, 9, 20, 8], [21, 6, 22, 7], [23, 12, 24, 13], [1, 18, 2, 19]]"
12a_0958_162,"[[1, 18, 2, 19], [3, 10, 4, 11], [5, 14, 6, 15], [7, 17, 8, 16], [9, 2, 10, 3], [11, 4, 12, 5], [13, 22, 14, 23], [15, 21, 16, 20], [17, 24, 18, 1], [19, 9, 20, 8], [21, 6, 22, 7], [23, 12, 24, 13]]"
12a_0958_163,"[[23, 12, 24, 13], [1, 18, 2, 19], [3, 10, 4, 11], [5, 14, 6, 15], [7, 17, 8, 16], [9, 2, 10, 3], [11, 4, 12, 5], [13, 22, 14, 23], [15, 21, 16, 20], [17, 24, 18, 1], [19, 9, 20, 8], [21, 6, 22, 7]]"
12a_0958_164,"[[21, 6, 22, 7], [23, 12, 24, 13], [1, 18, 2, 19], [3, 10, 4, 11], [5, 14, 6, 15], [7, 17, 8, 16], [9, 2, 10, 3], [11, 4, 12, 5], [13, 22, 14, 23], [15, 21, 16, 20], [17, 24, 18, 1], [19, 9, 20, 8]]"
12a_0958_165,"[[19, 9, 20, 8], [21, 6, 22, 7], [23, 12, 24, 13], [1, 18, 2, 19], [3, 10, 4, 11], [5, 14, 6, 15], [7, 17, 8, 16], [9, 2, 10, 3], [11, 4, 12, 5], [13, 22, 14, 23], [15, 21, 16, 20], [17, 24, 18, 1]]"
12a_0958_166,"[[17, 24, 18, 1], [19, 9, 20, 8], [21, 6, 22, 7], [23, 12, 24, 13], [1, 18, 2, 19], [3, 10, 4, 11], [5, 14, 6, 15], [7, 17, 8, 16], [9, 2, 10, 3], [11, 4, 12, 5], [13, 22, 14, 23], [15, 21, 16, 20]]"
12a_0958_167,"[[15, 21, 16, 20], [17, 24, 18, 1], [19, 9, 20, 8], [21, 6, 22, 7], [23, 12, 24, 13], [1, 18, 2, 19], [3, 10, 4, 11], [5, 14, 6, 15], [7, 17, 8, 16], [9, 2, 10, 3], [11, 4, 12, 5], [13, 22, 14, 23]]"
12a_0958_168,"[[14, 23, 15, 24], [16, 22, 17, 21], [18, 1, 19, 2], [20, 10, 21, 9], [22, 7, 23, 8], [24, 13, 1, 14], [2, 19, 3, 20], [4, 11, 5, 12], [6, 15, 7, 16], [8, 18, 9, 17], [10, 3, 11, 4], [12, 5, 13, 6]]"
12a_0958_169,"[[12, 5, 13, 6], [14, 23, 15, 24], [16, 22, 17, 21], [18, 1, 19, 2], [20, 10, 21, 9], [22, 7, 23, 8], [24, 13, 1, 14], [2, 19, 3, 20], [4, 11, 5, 12], [6, 15, 7, 16], [8, 18, 9, 17], [10, 3, 11, 4]]"
12a_0958_170,"[[10, 3, 11, 4], [12, 5, 13, 6], [14, 23, 15, 24], [16, 22, 17, 21], [18, 1, 19, 2], [20, 10, 21, 9], [22, 7, 23, 8], [24, 13, 1, 14], [2, 19, 3, 20], [4, 11, 5, 12], [6, 15, 7, 16], [8, 18, 9, 17]]"
12a_0958_171,"[[8, 18, 9, 17], [10, 3, 11, 4], [12, 5, 13, 6], [14, 23, 15, 24], [16, 22, 17, 21], [18, 1, 19, 2], [20, 10, 21, 9], [22, 7, 23, 8], [24, 13, 1, 14], [2, 19, 3, 20], [4, 11, 5, 12], [6, 15, 7, 16]]"
12a_0958_172,"[[6, 15, 7, 16], [8, 18, 9, 17], [10, 3, 11, 4], [12, 5, 13, 6], [14, 23, 15, 24], [16, 22, 17, 21], [18, 1, 19, 2], [20, 10, 21, 9], [22, 7, 23, 8], [24, 13, 1, 14], [2, 19, 3, 20], [4, 11, 5, 12]]"
12a_0958_173,"[[4, 11, 5, 12], [6, 15, 7, 16], [8, 18, 9, 17], [10, 3, 11, 4], [12, 5, 13, 6], [14, 23, 15, 24], [16, 22, 17, 21], [18, 1, 19, 2], [20, 10, 21, 9], [22, 7, 23, 8], [24, 13, 1, 14], [2, 19, 3, 20]]"
12a_0958_174,"[[2, 19, 3, 20], [4, 11, 5, 12], [6, 15, 7, 16], [8, 18, 9, 17], [10, 3, 11, 4], [12, 5, 13, 6], [14, 23, 15, 24], [16, 22, 17, 21], [18, 1, 19, 2], [20, 10, 21, 9], [22, 7, 23, 8], [24, 13, 1, 14]]"
12a_0958_175,"[[24, 13, 1, 14], [2, 19, 3, 20], [4, 11, 5, 12], [6, 15, 7, 16], [8, 18, 9, 17], [10, 3, 11, 4], [12, 5, 13, 6], [14, 23, 15, 24], [16, 22, 17, 21], [18, 1, 19, 2], [20, 10, 21, 9], [22, 7, 23, 8]]"
12a_0958_176,"[[22, 7, 23, 8], [24, 13, 1, 14], [2, 19, 3, 20], [4, 11, 5, 12], [6, 15, 7, 16], [8, 18, 9, 17], [10, 3, 11, 4], [12, 5, 13, 6], [14, 23, 15, 24], [16, 22, 17, 21], [18, 1, 19, 2], [20, 10, 21, 9]]"
12a_0958_177,"[[20, 10, 21, 9], [22, 7, 23, 8], [24, 13, 1, 14], [2, 19, 3, 20], [4, 11, 5, 12], [6, 15, 7, 16], [8, 18, 9, 17], [10, 3, 11, 4], [12, 5, 13, 6], [14, 23, 15, 24], [16, 22, 17, 21], [18, 1, 19, 2]]"
12a_0958_178,"[[18, 1, 19, 2], [20, 10, 21, 9], [22, 7, 23, 8], [24, 13, 1, 14], [2, 19, 3, 20], [4, 11, 5, 12], [6, 15, 7, 16], [8, 18, 9, 17], [10, 3, 11, 4], [12, 5, 13, 6], [14, 23, 15, 24], [16, 22, 17, 21]]"
12a_0958_179,"[[16, 22, 17, 21], [18, 1, 19, 2], [20, 10, 21, 9], [22, 7, 23, 8], [24, 13, 1, 14], [2, 19, 3, 20], [4, 11, 5, 12], [6, 15, 7, 16], [8, 18, 9, 17], [10, 3, 11, 4], [12, 5, 13, 6], [14, 23, 15, 24]]"
12a_0958_180,"[[15, 24, 16, 1], [17, 23, 18, 22], [19, 2, 20, 3], [21, 11, 22, 10], [23, 8, 24, 9], [1, 14, 2, 15], [3, 20, 4, 21], [5, 12, 6, 13], [7, 16, 8, 17], [9, 19, 10, 18], [11, 4, 12, 5], [13, 6, 14, 7]]"
12a_0958_181,"[[13, 6, 14, 7], [15, 24, 16, 1], [17, 23, 18, 22], [19, 2, 20, 3], [21, 11, 22, 10], [23, 8, 24, 9], [1, 14, 2, 15], [3, 20, 4, 21], [5, 12, 6, 13], [7, 16, 8, 17], [9, 19, 10, 18], [11, 4, 12, 5]]"
12a_0958_182,"[[11, 4, 12, 5], [13, 6, 14, 7], [15, 24, 16, 1], [17, 23, 18, 22], [19, 2, 20, 3], [21, 11, 22, 10], [23, 8, 24, 9], [1, 14, 2, 15], [3, 20, 4, 21], [5, 12, 6, 13], [7, 16, 8, 17], [9, 19, 10, 18]]"
12a_0958_183,"[[9, 19, 10, 18], [11, 4, 12, 5], [13, 6, 14, 7], [15, 24, 16, 1], [17, 23, 18, 22], [19, 2, 20, 3], [21, 11, 22, 10], [23, 8, 24, 9], [1, 14, 2, 15], [3, 20, 4, 21], [5, 12, 6, 13], [7, 16, 8, 17]]"
12a_0958_184,"[[7, 16, 8, 17], [9, 19, 10, 18], [11, 4, 12, 5], [13, 6, 14, 7], [15, 24, 16, 1], [17, 23, 18, 22], [19, 2, 20, 3], [21, 11, 22, 10], [23, 8, 24, 9], [1, 14, 2, 15], [3, 20, 4, 21], [5, 12, 6, 13]]"
12a_0958_185,"[[5, 12, 6, 13], [7, 16, 8, 17], [9, 19, 10, 18], [11, 4, 12, 5], [13, 6, 14, 7], [15, 24, 16, 1], [17, 23, 18, 22], [19, 2, 20, 3], [21, 11, 22, 10], [23, 8, 24, 9], [1, 14, 2, 15], [3, 20, 4, 21]]"
