name,pd_notation
12a_0890_0,"[[24, 10, 1, 9], [2, 8, 3, 7], [4, 11, 5, 12], [6, 14, 7, 13], [8, 2, 9, 1], [10, 17, 11, 18], [12, 20, 13, 19], [14, 23, 15, 24], [16, 21, 17, 22], [18, 4, 19, 3], [20, 5, 21, 6], [22, 15, 23, 16]]"
12a_0890_1,"[[22, 15, 23, 16], [24, 10, 1, 9], [2, 8, 3, 7], [4, 11, 5, 12], [6, 14, 7, 13], [8, 2, 9, 1], [10, 17, 11, 18], [12, 20, 13, 19], [14, 23, 15, 24], [16, 21, 17, 22], [18, 4, 19, 3], [20, 5, 21, 6]]"
12a_0890_2,"[[20, 5, 21, 6], [22, 15, 23, 16], [24, 10, 1, 9], [2, 8, 3, 7], [4, 11, 5, 12], [6, 14, 7, 13], [8, 2, 9, 1], [10, 17, 11, 18], [12, 20, 13, 19], [14, 23, 15, 24], [16, 21, 17, 22], [18, 4, 19, 3]]"
12a_0890_3,"[[18, 4, 19, 3], [20, 5, 21, 6], [22, 15, 23, 16], [24, 10, 1, 9], [2, 8, 3, 7], [4, 11, 5, 12], [6, 14, 7, 13], [8, 2, 9, 1], [10, 17, 11, 18], [12, 20, 13, 19], [14, 23, 15, 24], [16, 21, 17, 22]]"
12a_0890_4,"[[16, 21, 17, 22], [18, 4, 19, 3], [20, 5, 21, 6], [22, 15, 23, 16], [24, 10, 1, 9], [2, 8, 3, 7], [4, 11, 5, 12], [6, 14, 7, 13], [8, 2, 9, 1], [10, 17, 11, 18], [12, 20, 13, 19], [14, 23, 15, 24]]"
12a_0890_5,"[[14, 23, 15, 24], [16, 21, 17, 22], [18, 4, 19, 3], [20, 5, 21, 6], [22, 15, 23, 16], [24, 10, 1, 9], [2, 8, 3, 7], [4, 11, 5, 12], [6, 14, 7, 13], [8, 2, 9, 1], [10, 17, 11, 18], [12, 20, 13, 19]]"
12a_0890_6,"[[12, 20, 13, 19], [14, 23, 15, 24], [16, 21, 17, 22], [18, 4, 19, 3], [20, 5, 21, 6], [22, 15, 23, 16], [24, 10, 1, 9], [2, 8, 3, 7], [4, 11, 5, 12], [6, 14, 7, 13], [8, 2, 9, 1], [10, 17, 11, 18]]"
12a_0890_7,"[[10, 17, 11, 18], [12, 20, 13, 19], [14, 23, 15, 24], [16, 21, 17, 22], [18, 4, 19, 3], [20, 5, 21, 6], [22, 15, 23, 16], [24, 10, 1, 9], [2, 8, 3, 7], [4, 11, 5, 12], [6, 14, 7, 13], [8, 2, 9, 1]]"
12a_0890_8,"[[8, 2, 9, 1], [10, 17, 11, 18], [12, 20, 13, 19], [14, 23, 15, 24], [16, 21, 17, 22], [18, 4, 19, 3], [20, 5, 21, 6], [22, 15, 23, 16], [24, 10, 1, 9], [2, 8, 3, 7], [4, 11, 5, 12], [6, 14, 7, 13]]"
12a_0890_9,"[[6, 14, 7, 13], [8, 2, 9, 1], [10, 17, 11, 18], [12, 20, 13, 19], [14, 23, 15, 24], [16, 21, 17, 22], [18, 4, 19, 3], [20, 5, 21, 6], [22, 15, 23, 16], [24, 10, 1, 9], [2, 8, 3, 7], [4, 11, 5, 12]]"
12a_0890_10,"[[4, 11, 5, 12], [6, 14, 7, 13], [8, 2, 9, 1], [10, 17, 11, 18], [12, 20, 13, 19], [14, 23, 15, 24], [16, 21, 17, 22], [18, 4, 19, 3], [20, 5, 21, 6], [22, 15, 23, 16], [24, 10, 1, 9], [2, 8, 3, 7]]"
12a_0890_11,"[[2, 8, 3, 7], [4, 11, 5, 12], [6, 14, 7, 13], [8, 2, 9, 1], [10, 17, 11, 18], [12, 20, 13, 19], [14, 23, 15, 24], [16, 21, 17, 22], [18, 4, 19, 3], [20, 5, 21, 6], [22, 15, 23, 16], [24, 10, 1, 9]]"
12a_0890_12,"[[1, 11, 2, 10], [3, 9, 4, 8], [5, 12, 6, 13], [7, 15, 8, 14], [9, 3, 10, 2], [11, 18, 12, 19], [13, 21, 14, 20], [15, 24, 16, 1], [17, 22, 18, 23], [19, 5, 20, 4], [21, 6, 22, 7], [23, 16, 24, 17]]"
12a_0890_13,"[[23, 16, 24, 17], [1, 11, 2, 10], [3, 9, 4, 8], [5, 12, 6, 13], [7, 15, 8, 14], [9, 3, 10, 2], [11, 18, 12, 19], [13, 21, 14, 20], [15, 24, 16, 1], [17, 22, 18, 23], [19, 5, 20, 4], [21, 6, 22, 7]]"
12a_0890_14,"[[21, 6, 22, 7], [23, 16, 24, 17], [1, 11, 2, 10], [3, 9, 4, 8], [5, 12, 6, 13], [7, 15, 8, 14], [9, 3, 10, 2], [11, 18, 12, 19], [13, 21, 14, 20], [15, 24, 16, 1], [17, 22, 18, 23], [19, 5, 20, 4]]"
12a_0890_15,"[[19, 5, 20, 4], [21, 6, 22, 7], [23, 16, 24, 17], [1, 11, 2, 10], [3, 9, 4, 8], [5, 12, 6, 13], [7, 15, 8, 14], [9, 3, 10, 2], [11, 18, 12, 19], [13, 21, 14, 20], [15, 24, 16, 1], [17, 22, 18, 23]]"
12a_0890_16,"[[17, 22, 18, 23], [19, 5, 20, 4], [21, 6, 22, 7], [23, 16, 24, 17], [1, 11, 2, 10], [3, 9, 4, 8], [5, 12, 6, 13], [7, 15, 8, 14], [9, 3, 10, 2], [11, 18, 12, 19], [13, 21, 14, 20], [15, 24, 16, 1]]"
12a_0890_17,"[[15, 24, 16, 1], [17, 22, 18, 23], [19, 5, 20, 4], [21, 6, 22, 7], [23, 16, 24, 17], [1, 11, 2, 10], [3, 9, 4, 8], [5, 12, 6, 13], [7, 15, 8, 14], [9, 3, 10, 2], [11, 18, 12, 19], [13, 21, 14, 20]]"
12a_0890_18,"[[13, 21, 14, 20], [15, 24, 16, 1], [17, 22, 18, 23], [19, 5, 20, 4], [21, 6, 22, 7], [23, 16, 24, 17], [1, 11, 2, 10], [3, 9, 4, 8], [5, 12, 6, 13], [7, 15, 8, 14], [9, 3, 10, 2], [11, 18, 12, 19]]"
12a_0890_19,"[[11, 18, 12, 19], [13, 21, 14, 20], [15, 24, 16, 1], [17, 22, 18, 23], [19, 5, 20, 4], [21, 6, 22, 7], [23, 16, 24, 17], [1, 11, 2, 10], [3, 9, 4, 8], [5, 12, 6, 13], [7, 15, 8, 14], [9, 3, 10, 2]]"
12a_0890_20,"[[9, 3, 10, 2], [11, 18, 12, 19], [13, 21, 14, 20], [15, 24, 16, 1], [17, 22, 18, 23], [19, 5, 20, 4], [21, 6, 22, 7], [23, 16, 24, 17], [1, 11, 2, 10], [3, 9, 4, 8], [5, 12, 6, 13], [7, 15, 8, 14]]"
12a_0890_21,"[[7, 15, 8, 14], [9, 3, 10, 2], [11, 18, 12, 19], [13, 21, 14, 20], [15, 24, 16, 1], [17, 22, 18, 23], [19, 5, 20, 4], [21, 6, 22, 7], [23, 16, 24, 17], [1, 11, 2, 10], [3, 9, 4, 8], [5, 12, 6, 13]]"
12a_0890_22,"[[5, 12, 6, 13], [7, 15, 8, 14], [9, 3, 10, 2], [11, 18, 12, 19], [13, 21, 14, 20], [15, 24, 16, 1], [17, 22, 18, 23], [19, 5, 20, 4], [21, 6, 22, 7], [23, 16, 24, 17], [1, 11, 2, 10], [3, 9, 4, 8]]"
12a_0890_23,"[[3, 9, 4, 8], [5, 12, 6, 13], [7, 15, 8, 14], [9, 3, 10, 2], [11, 18, 12, 19], [13, 21, 14, 20], [15, 24, 16, 1], [17, 22, 18, 23], [19, 5, 20, 4], [21, 6, 22, 7], [23, 16, 24, 17], [1, 11, 2, 10]]"
12a_0890_24,"[[2, 12, 3, 11], [4, 10, 5, 9], [6, 13, 7, 14], [8, 16, 9, 15], [10, 4, 11, 3], [12, 19, 13, 20], [14, 22, 15, 21], [16, 1, 17, 2], [18, 23, 19, 24], [20, 6, 21, 5], [22, 7, 23, 8], [24, 17, 1, 18]]"
12a_0890_25,"[[24, 17, 1, 18], [2, 12, 3, 11], [4, 10, 5, 9], [6, 13, 7, 14], [8, 16, 9, 15], [10, 4, 11, 3], [12, 19, 13, 20], [14, 22, 15, 21], [16, 1, 17, 2], [18, 23, 19, 24], [20, 6, 21, 5], [22, 7, 23, 8]]"
12a_0890_26,"[[22, 7, 23, 8], [24, 17, 1, 18], [2, 12, 3, 11], [4, 10, 5, 9], [6, 13, 7, 14], [8, 16, 9, 15], [10, 4, 11, 3], [12, 19, 13, 20], [14, 22, 15, 21], [16, 1, 17, 2], [18, 23, 19, 24], [20, 6, 21, 5]]"
12a_0890_27,"[[20, 6, 21, 5], [22, 7, 23, 8], [24, 17, 1, 18], [2, 12, 3, 11], [4, 10, 5, 9], [6, 13, 7, 14], [8, 16, 9, 15], [10, 4, 11, 3], [12, 19, 13, 20], [14, 22, 15, 21], [16, 1, 17, 2], [18, 23, 19, 24]]"
12a_0890_28,"[[18, 23, 19, 24], [20, 6, 21, 5], [22, 7, 23, 8], [24, 17, 1, 18], [2, 12, 3, 11], [4, 10, 5, 9], [6, 13, 7, 14], [8, 16, 9, 15], [10, 4, 11, 3], [12, 19, 13, 20], [14, 22, 15, 21], [16, 1, 17, 2]]"
12a_0890_29,"[[16, 1, 17, 2], [18, 23, 19, 24], [20, 6, 21, 5], [22, 7, 23, 8], [24, 17, 1, 18], [2, 12, 3, 11], [4, 10, 5, 9], [6, 13, 7, 14], [8, 16, 9, 15], [10, 4, 11, 3], [12, 19, 13, 20], [14, 22, 15, 21]]"
12a_0890_30,"[[14, 22, 15, 21], [16, 1, 17, 2], [18, 23, 19, 24], [20, 6, 21, 5], [22, 7, 23, 8], [24, 17, 1, 18], [2, 12, 3, 11], [4, 10, 5, 9], [6, 13, 7, 14], [8, 16, 9, 15], [10, 4, 11, 3], [12, 19, 13, 20]]"
12a_0890_31,"[[12, 19, 13, 20], [14, 22, 15, 21], [16, 1, 17, 2], [18, 23, 19, 24], [20, 6, 21, 5], [22, 7, 23, 8], [24, 17, 1, 18], [2, 12, 3, 11], [4, 10, 5, 9], [6, 13, 7, 14], [8, 16, 9, 15], [10, 4, 11, 3]]"
12a_0890_32,"[[10, 4, 11, 3], [12, 19, 13, 20], [14, 22, 15, 21], [16, 1, 17, 2], [18, 23, 19, 24], [20, 6, 21, 5], [22, 7, 23, 8], [24, 17, 1, 18], [2, 12, 3, 11], [4, 10, 5, 9], [6, 13, 7, 14], [8, 16, 9, 15]]"
12a_0890_33,"[[8, 16, 9, 15], [10, 4, 11, 3], [12, 19, 13, 20], [14, 22, 15, 21], [16, 1, 17, 2], [18, 23, 19, 24], [20, 6, 21, 5], [22, 7, 23, 8], [24, 17, 1, 18], [2, 12, 3, 11], [4, 10, 5, 9], [6, 13, 7, 14]]"
12a_0890_34,"[[6, 13, 7, 14], [8, 16, 9, 15], [10, 4, 11, 3], [12, 19, 13, 20], [14, 22, 15, 21], [16, 1, 17, 2], [18, 23, 19, 24], [20, 6, 21, 5], [22, 7, 23, 8], [24, 17, 1, 18], [2, 12, 3, 11], [4, 10, 5, 9]]"
12a_0890_35,"[[4, 10, 5, 9], [6, 13, 7, 14], [8, 16, 9, 15], [10, 4, 11, 3], [12, 19, 13, 20], [14, 22, 15, 21], [16, 1, 17, 2], [18, 23, 19, 24], [20, 6, 21, 5], [22, 7, 23, 8], [24, 17, 1, 18], [2, 12, 3, 11]]"
12a_0890_36,"[[3, 13, 4, 12], [5, 11, 6, 10], [7, 14, 8, 15], [9, 17, 10, 16], [11, 5, 12, 4], [13, 20, 14, 21], [15, 23, 16, 22], [17, 2, 18, 3], [19, 24, 20, 1], [21, 7, 22, 6], [23, 8, 24, 9], [1, 18, 2, 19]]"
12a_0890_37,"[[1, 18, 2, 19], [3, 13, 4, 12], [5, 11, 6, 10], [7, 14, 8, 15], [9, 17, 10, 16], [11, 5, 12, 4], [13, 20, 14, 21], [15, 23, 16, 22], [17, 2, 18, 3], [19, 24, 20, 1], [21, 7, 22, 6], [23, 8, 24, 9]]"
12a_0890_38,"[[23, 8, 24, 9], [1, 18, 2, 19], [3, 13, 4, 12], [5, 11, 6, 10], [7, 14, 8, 15], [9, 17, 10, 16], [11, 5, 12, 4], [13, 20, 14, 21], [15, 23, 16, 22], [17, 2, 18, 3], [19, 24, 20, 1], [21, 7, 22, 6]]"
12a_0890_39,"[[21, 7, 22, 6], [23, 8, 24, 9], [1, 18, 2, 19], [3, 13, 4, 12], [5, 11, 6, 10], [7, 14, 8, 15], [9, 17, 10, 16], [11, 5, 12, 4], [13, 20, 14, 21], [15, 23, 16, 22], [17, 2, 18, 3], [19, 24, 20, 1]]"
12a_0890_40,"[[19, 24, 20, 1], [21, 7, 22, 6], [23, 8, 24, 9], [1, 18, 2, 19], [3, 13, 4, 12], [5, 11, 6, 10], [7, 14, 8, 15], [9, 17, 10, 16], [11, 5, 12, 4], [13, 20, 14, 21], [15, 23, 16, 22], [17, 2, 18, 3]]"
12a_0890_41,"[[17, 2, 18, 3], [19, 24, 20, 1], [21, 7, 22, 6], [23, 8, 24, 9], [1, 18, 2, 19], [3, 13, 4, 12], [5, 11, 6, 10], [7, 14, 8, 15], [9, 17, 10, 16], [11, 5, 12, 4], [13, 20, 14, 21], [15, 23, 16, 22]]"
12a_0890_42,"[[15, 23, 16, 22], [17, 2, 18, 3], [19, 24, 20, 1], [21, 7, 22, 6], [23, 8, 24, 9], [1, 18, 2, 19], [3, 13, 4, 12], [5, 11, 6, 10], [7, 14, 8, 15], [9, 17, 10, 16], [11, 5, 12, 4], [13, 20, 14, 21]]"
12a_0890_43,"[[13, 20, 14, 21], [15, 23, 16, 22], [17, 2, 18, 3], [19, 24, 20, 1], [21, 7, 22, 6], [23, 8, 24, 9], [1, 18, 2, 19], [3, 13, 4, 12], [5, 11, 6, 10], [7, 14, 8, 15], [9, 17, 10, 16], [11, 5, 12, 4]]"
12a_0890_44,"[[11, 5, 12, 4], [13, 20, 14, 21], [15, 23, 16, 22], [17, 2, 18, 3], [19, 24, 20, 1], [21, 7, 22, 6], [23, 8, 24, 9], [1, 18, 2, 19], [3, 13, 4, 12], [5, 11, 6, 10], [7, 14, 8, 15], [9, 17, 10, 16]]"
12a_0890_45,"[[9, 17, 10, 16], [11, 5, 12, 4], [13, 20, 14, 21], [15, 23, 16, 22], [17, 2, 18, 3], [19, 24, 20, 1], [21, 7, 22, 6], [23, 8, 24, 9], [1, 18, 2, 19], [3, 13, 4, 12], [5, 11, 6, 10], [7, 14, 8, 15]]"
12a_0890_46,"[[7, 14, 8, 15], [9, 17, 10, 16], [11, 5, 12, 4], [13, 20, 14, 21], [15, 23, 16, 22], [17, 2, 18, 3], [19, 24, 20, 1], [21, 7, 22, 6], [23, 8, 24, 9], [1, 18, 2, 19], [3, 13, 4, 12], [5, 11, 6, 10]]"
12a_0890_47,"[[5, 11, 6, 10], [7, 14, 8, 15], [9, 17, 10, 16], [11, 5, 12, 4], [13, 20, 14, 21], [15, 23, 16, 22], [17, 2, 18, 3], [19, 24, 20, 1], [21, 7, 22, 6], [23, 8, 24, 9], [1, 18, 2, 19], [3, 13, 4, 12]]"
12a_0890_48,"[[4, 14, 5, 13], [6, 12, 7, 11], [8, 15, 9, 16], [10, 18, 11, 17], [12, 6, 13, 5], [14, 21, 15, 22], [16, 24, 17, 23], [18, 3, 19, 4], [20, 1, 21, 2], [22, 8, 23, 7], [24, 9, 1, 10], [2, 19, 3, 20]]"
12a_0890_49,"[[2, 19, 3, 20], [4, 14, 5, 13], [6, 12, 7, 11], [8, 15, 9, 16], [10, 18, 11, 17], [12, 6, 13, 5], [14, 21, 15, 22], [16, 24, 17, 23], [18, 3, 19, 4], [20, 1, 21, 2], [22, 8, 23, 7], [24, 9, 1, 10]]"
12a_0890_50,"[[24, 9, 1, 10], [2, 19, 3, 20], [4, 14, 5, 13], [6, 12, 7, 11], [8, 15, 9, 16], [10, 18, 11, 17], [12, 6, 13, 5], [14, 21, 15, 22], [16, 24, 17, 23], [18, 3, 19, 4], [20, 1, 21, 2], [22, 8, 23, 7]]"
12a_0890_51,"[[22, 8, 23, 7], [24, 9, 1, 10], [2, 19, 3, 20], [4, 14, 5, 13], [6, 12, 7, 11], [8, 15, 9, 16], [10, 18, 11, 17], [12, 6, 13, 5], [14, 21, 15, 22], [16, 24, 17, 23], [18, 3, 19, 4], [20, 1, 21, 2]]"
12a_0890_52,"[[20, 1, 21, 2], [22, 8, 23, 7], [24, 9, 1, 10], [2, 19, 3, 20], [4, 14, 5, 13], [6, 12, 7, 11], [8, 15, 9, 16], [10, 18, 11, 17], [12, 6, 13, 5], [14, 21, 15, 22], [16, 24, 17, 23], [18, 3, 19, 4]]"
12a_0890_53,"[[18, 3, 19, 4], [20, 1, 21, 2], [22, 8, 23, 7], [24, 9, 1, 10], [2, 19, 3, 20], [4, 14, 5, 13], [6, 12, 7, 11], [8, 15, 9, 16], [10, 18, 11, 17], [12, 6, 13, 5], [14, 21, 15, 22], [16, 24, 17, 23]]"
12a_0890_54,"[[16, 24, 17, 23], [18, 3, 19, 4], [20, 1, 21, 2], [22, 8, 23, 7], [24, 9, 1, 10], [2, 19, 3, 20], [4, 14, 5, 13], [6, 12, 7, 11], [8, 15, 9, 16], [10, 18, 11, 17], [12, 6, 13, 5], [14, 21, 15, 22]]"
12a_0890_55,"[[14, 21, 15, 22], [16, 24, 17, 23], [18, 3, 19, 4], [20, 1, 21, 2], [22, 8, 23, 7], [24, 9, 1, 10], [2, 19, 3, 20], [4, 14, 5, 13], [6, 12, 7, 11], [8, 15, 9, 16], [10, 18, 11, 17], [12, 6, 13, 5]]"
12a_0890_56,"[[12, 6, 13, 5], [14, 21, 15, 22], [16, 24, 17, 23], [18, 3, 19, 4], [20, 1, 21, 2], [22, 8, 23, 7], [24, 9, 1, 10], [2, 19, 3, 20], [4, 14, 5, 13], [6, 12, 7, 11], [8, 15, 9, 16], [10, 18, 11, 17]]"
12a_0890_57,"[[10, 18, 11, 17], [12, 6, 13, 5], [14, 21, 15, 22], [16, 24, 17, 23], [18, 3, 19, 4], [20, 1, 21, 2], [22, 8, 23, 7], [24, 9, 1, 10], [2, 19, 3, 20], [4, 14, 5, 13], [6, 12, 7, 11], [8, 15, 9, 16]]"
12a_0890_58,"[[8, 15, 9, 16], [10, 18, 11, 17], [12, 6, 13, 5], [14, 21, 15, 22], [16, 24, 17, 23], [18, 3, 19, 4], [20, 1, 21, 2], [22, 8, 23, 7], [24, 9, 1, 10], [2, 19, 3, 20], [4, 14, 5, 13], [6, 12, 7, 11]]"
12a_0890_59,"[[6, 12, 7, 11], [8, 15, 9, 16], [10, 18, 11, 17], [12, 6, 13, 5], [14, 21, 15, 22], [16, 24, 17, 23], [18, 3, 19, 4], [20, 1, 21, 2], [22, 8, 23, 7], [24, 9, 1, 10], [2, 19, 3, 20], [4, 14, 5, 13]]"
12a_0890_60,"[[5, 15, 6, 14], [7, 13, 8, 12], [9, 16, 10, 17], [11, 19, 12, 18], [13, 7, 14, 6], [15, 22, 16, 23], [17, 1, 18, 24], [19, 4, 20, 5], [21, 2, 22, 3], [23, 9, 24, 8], [1, 10, 2, 11], [3, 20, 4, 21]]"
12a_0890_61,"[[3, 20, 4, 21], [5, 15, 6, 14], [7, 13, 8, 12], [9, 16, 10, 17], [11, 19, 12, 18], [13, 7, 14, 6], [15, 22, 16, 23], [17, 1, 18, 24], [19, 4, 20, 5], [21, 2, 22, 3], [23, 9, 24, 8], [1, 10, 2, 11]]"
12a_0890_62,"[[1, 10, 2, 11], [3, 20, 4, 21], [5, 15, 6, 14], [7, 13, 8, 12], [9, 16, 10, 17], [11, 19, 12, 18], [13, 7, 14, 6], [15, 22, 16, 23], [17, 1, 18, 24], [19, 4, 20, 5], [21, 2, 22, 3], [23, 9, 24, 8]]"
12a_0890_63,"[[23, 9, 24, 8], [1, 10, 2, 11], [3, 20, 4, 21], [5, 15, 6, 14], [7, 13, 8, 12], [9, 16, 10, 17], [11, 19, 12, 18], [13, 7, 14, 6], [15, 22, 16, 23], [17, 1, 18, 24], [19, 4, 20, 5], [21, 2, 22, 3]]"
12a_0890_64,"[[21, 2, 22, 3], [23, 9, 24, 8], [1, 10, 2, 11], [3, 20, 4, 21], [5, 15, 6, 14], [7, 13, 8, 12], [9, 16, 10, 17], [11, 19, 12, 18], [13, 7, 14, 6], [15, 22, 16, 23], [17, 1, 18, 24], [19, 4, 20, 5]]"
12a_0890_65,"[[19, 4, 20, 5], [21, 2, 22, 3], [23, 9, 24, 8], [1, 10, 2, 11], [3, 20, 4, 21], [5, 15, 6, 14], [7, 13, 8, 12], [9, 16, 10, 17], [11, 19, 12, 18], [13, 7, 14, 6], [15, 22, 16, 23], [17, 1, 18, 24]]"
12a_0890_66,"[[17, 1, 18, 24], [19, 4, 20, 5], [21, 2, 22, 3], [23, 9, 24, 8], [1, 10, 2, 11], [3, 20, 4, 21], [5, 15, 6, 14], [7, 13, 8, 12], [9, 16, 10, 17], [11, 19, 12, 18], [13, 7, 14, 6], [15, 22, 16, 23]]"
12a_0890_67,"[[15, 22, 16, 23], [17, 1, 18, 24], [19, 4, 20, 5], [21, 2, 22, 3], [23, 9, 24, 8], [1, 10, 2, 11], [3, 20, 4, 21], [5, 15, 6, 14], [7, 13, 8, 12], [9, 16, 10, 17], [11, 19, 12, 18], [13, 7, 14, 6]]"
12a_0890_68,"[[13, 7, 14, 6], [15, 22, 16, 23], [17, 1, 18, 24], [19, 4, 20, 5], [21, 2, 22, 3], [23, 9, 24, 8], [1, 10, 2, 11], [3, 20, 4, 21], [5, 15, 6, 14], [7, 13, 8, 12], [9, 16, 10, 17], [11, 19, 12, 18]]"
12a_0890_69,"[[11, 19, 12, 18], [13, 7, 14, 6], [15, 22, 16, 23], [17, 1, 18, 24], [19, 4, 20, 5], [21, 2, 22, 3], [23, 9, 24, 8], [1, 10, 2, 11], [3, 20, 4, 21], [5, 15, 6, 14], [7, 13, 8, 12], [9, 16, 10, 17]]"
12a_0890_70,"[[9, 16, 10, 17], [11, 19, 12, 18], [13, 7, 14, 6], [15, 22, 16, 23], [17, 1, 18, 24], [19, 4, 20, 5], [21, 2, 22, 3], [23, 9, 24, 8], [1, 10, 2, 11], [3, 20, 4, 21], [5, 15, 6, 14], [7, 13, 8, 12]]"
12a_0890_71,"[[7, 13, 8, 12], [9, 16, 10, 17], [11, 19, 12, 18], [13, 7, 14, 6], [15, 22, 16, 23], [17, 1, 18, 24], [19, 4, 20, 5], [21, 2, 22, 3], [23, 9, 24, 8], [1, 10, 2, 11], [3, 20, 4, 21], [5, 15, 6, 14]]"
12a_0890_72,"[[6, 16, 7, 15], [8, 14, 9, 13], [10, 17, 11, 18], [12, 20, 13, 19], [14, 8, 15, 7], [16, 23, 17, 24], [18, 2, 19, 1], [20, 5, 21, 6], [22, 3, 23, 4], [24, 10, 1, 9], [2, 11, 3, 12], [4, 21, 5, 22]]"
12a_0890_73,"[[4, 21, 5, 22], [6, 16, 7, 15], [8, 14, 9, 13], [10, 17, 11, 18], [12, 20, 13, 19], [14, 8, 15, 7], [16, 23, 17, 24], [18, 2, 19, 1], [20, 5, 21, 6], [22, 3, 23, 4], [24, 10, 1, 9], [2, 11, 3, 12]]"
12a_0890_74,"[[2, 11, 3, 12], [4, 21, 5, 22], [6, 16, 7, 15], [8, 14, 9, 13], [10, 17, 11, 18], [12, 20, 13, 19], [14, 8, 15, 7], [16, 23, 17, 24], [18, 2, 19, 1], [20, 5, 21, 6], [22, 3, 23, 4], [24, 10, 1, 9]]"
12a_0890_75,"[[24, 10, 1, 9], [2, 11, 3, 12], [4, 21, 5, 22], [6, 16, 7, 15], [8, 14, 9, 13], [10, 17, 11, 18], [12, 20, 13, 19], [14, 8, 15, 7], [16, 23, 17, 24], [18, 2, 19, 1], [20, 5, 21, 6], [22, 3, 23, 4]]"
12a_0890_76,"[[22, 3, 23, 4], [24, 10, 1, 9], [2, 11, 3, 12], [4, 21, 5, 22], [6, 16, 7, 15], [8, 14, 9, 13], [10, 17, 11, 18], [12, 20, 13, 19], [14, 8, 15, 7], [16, 23, 17, 24], [18, 2, 19, 1], [20, 5, 21, 6]]"
12a_0890_77,"[[20, 5, 21, 6], [22, 3, 23, 4], [24, 10, 1, 9], [2, 11, 3, 12], [4, 21, 5, 22], [6, 16, 7, 15], [8, 14, 9, 13], [10, 17, 11, 18], [12, 20, 13, 19], [14, 8, 15, 7], [16, 23, 17, 24], [18, 2, 19, 1]]"
12a_0890_78,"[[18, 2, 19, 1], [20, 5, 21, 6], [22, 3, 23, 4], [24, 10, 1, 9], [2, 11, 3, 12], [4, 21, 5, 22], [6, 16, 7, 15], [8, 14, 9, 13], [10, 17, 11, 18], [12, 20, 13, 19], [14, 8, 15, 7], [16, 23, 17, 24]]"
12a_0890_79,"[[16, 23, 17, 24], [18, 2, 19, 1], [20, 5, 21, 6], [22, 3, 23, 4], [24, 10, 1, 9], [2, 11, 3, 12], [4, 21, 5, 22], [6, 16, 7, 15], [8, 14, 9, 13], [10, 17, 11, 18], [12, 20, 13, 19], [14, 8, 15, 7]]"
12a_0890_80,"[[14, 8, 15, 7], [16, 23, 17, 24], [18, 2, 19, 1], [20, 5, 21, 6], [22, 3, 23, 4], [24, 10, 1, 9], [2, 11, 3, 12], [4, 21, 5, 22], [6, 16, 7, 15], [8, 14, 9, 13], [10, 17, 11, 18], [12, 20, 13, 19]]"
12a_0890_81,"[[12, 20, 13, 19], [14, 8, 15, 7], [16, 23, 17, 24], [18, 2, 19, 1], [20, 5, 21, 6], [22, 3, 23, 4], [24, 10, 1, 9], [2, 11, 3, 12], [4, 21, 5, 22], [6, 16, 7, 15], [8, 14, 9, 13], [10, 17, 11, 18]]"
12a_0890_82,"[[10, 17, 11, 18], [12, 20, 13, 19], [14, 8, 15, 7], [16, 23, 17, 24], [18, 2, 19, 1], [20, 5, 21, 6], [22, 3, 23, 4], [24, 10, 1, 9], [2, 11, 3, 12], [4, 21, 5, 22], [6, 16, 7, 15], [8, 14, 9, 13]]"
12a_0890_83,"[[8, 14, 9, 13], [10, 17, 11, 18], [12, 20, 13, 19], [14, 8, 15, 7], [16, 23, 17, 24], [18, 2, 19, 1], [20, 5, 21, 6], [22, 3, 23, 4], [24, 10, 1, 9], [2, 11, 3, 12], [4, 21, 5, 22], [6, 16, 7, 15]]"
12a_0890_84,"[[7, 17, 8, 16], [9, 15, 10, 14], [11, 18, 12, 19], [13, 21, 14, 20], [15, 9, 16, 8], [17, 24, 18, 1], [19, 3, 20, 2], [21, 6, 22, 7], [23, 4, 24, 5], [1, 11, 2, 10], [3, 12, 4, 13], [5, 22, 6, 23]]"
12a_0890_85,"[[5, 22, 6, 23], [7, 17, 8, 16], [9, 15, 10, 14], [11, 18, 12, 19], [13, 21, 14, 20], [15, 9, 16, 8], [17, 24, 18, 1], [19, 3, 20, 2], [21, 6, 22, 7], [23, 4, 24, 5], [1, 11, 2, 10], [3, 12, 4, 13]]"
12a_0890_86,"[[3, 12, 4, 13], [5, 22, 6, 23], [7, 17, 8, 16], [9, 15, 10, 14], [11, 18, 12, 19], [13, 21, 14, 20], [15, 9, 16, 8], [17, 24, 18, 1], [19, 3, 20, 2], [21, 6, 22, 7], [23, 4, 24, 5], [1, 11, 2, 10]]"
12a_0890_87,"[[1, 11, 2, 10], [3, 12, 4, 13], [5, 22, 6, 23], [7, 17, 8, 16], [9, 15, 10, 14], [11, 18, 12, 19], [13, 21, 14, 20], [15, 9, 16, 8], [17, 24, 18, 1], [19, 3, 20, 2], [21, 6, 22, 7], [23, 4, 24, 5]]"
12a_0890_88,"[[23, 4, 24, 5], [1, 11, 2, 10], [3, 12, 4, 13], [5, 22, 6, 23], [7, 17, 8, 16], [9, 15, 10, 14], [11, 18, 12, 19], [13, 21, 14, 20], [15, 9, 16, 8], [17, 24, 18, 1], [19, 3, 20, 2], [21, 6, 22, 7]]"
12a_0890_89,"[[21, 6, 22, 7], [23, 4, 24, 5], [1, 11, 2, 10], [3, 12, 4, 13], [5, 22, 6, 23], [7, 17, 8, 16], [9, 15, 10, 14], [11, 18, 12, 19], [13, 21, 14, 20], [15, 9, 16, 8], [17, 24, 18, 1], [19, 3, 20, 2]]"
12a_0890_90,"[[19, 3, 20, 2], [21, 6, 22, 7], [23, 4, 24, 5], [1, 11, 2, 10], [3, 12, 4, 13], [5, 22, 6, 23], [7, 17, 8, 16], [9, 15, 10, 14], [11, 18, 12, 19], [13, 21, 14, 20], [15, 9, 16, 8], [17, 24, 18, 1]]"
12a_0890_91,"[[17, 24, 18, 1], [19, 3, 20, 2], [21, 6, 22, 7], [23, 4, 24, 5], [1, 11, 2, 10], [3, 12, 4, 13], [5, 22, 6, 23], [7, 17, 8, 16], [9, 15, 10, 14], [11, 18, 12, 19], [13, 21, 14, 20], [15, 9, 16, 8]]"
12a_0890_92,"[[15, 9, 16, 8], [17, 24, 18, 1], [19, 3, 20, 2], [21, 6, 22, 7], [23, 4, 24, 5], [1, 11, 2, 10], [3, 12, 4, 13], [5, 22, 6, 23], [7, 17, 8, 16], [9, 15, 10, 14], [11, 18, 12, 19], [13, 21, 14, 20]]"
12a_0890_93,"[[13, 21, 14, 20], [15, 9, 16, 8], [17, 24, 18, 1], [19, 3, 20, 2], [21, 6, 22, 7], [23, 4, 24, 5], [1, 11, 2, 10], [3, 12, 4, 13], [5, 22, 6, 23], [7, 17, 8, 16], [9, 15, 10, 14], [11, 18, 12, 19]]"
12a_0890_94,"[[11, 18, 12, 19], [13, 21, 14, 20], [15, 9, 16, 8], [17, 24, 18, 1], [19, 3, 20, 2], [21, 6, 22, 7], [23, 4, 24, 5], [1, 11, 2, 10], [3, 12, 4, 13], [5, 22, 6, 23], [7, 17, 8, 16], [9, 15, 10, 14]]"
12a_0890_95,"[[9, 15, 10, 14], [11, 18, 12, 19], [13, 21, 14, 20], [15, 9, 16, 8], [17, 24, 18, 1], [19, 3, 20, 2], [21, 6, 22, 7], [23, 4, 24, 5], [1, 11, 2, 10], [3, 12, 4, 13], [5, 22, 6, 23], [7, 17, 8, 16]]"
12a_0890_96,"[[8, 18, 9, 17], [10, 16, 11, 15], [12, 19, 13, 20], [14, 22, 15, 21], [16, 10, 17, 9], [18, 1, 19, 2], [20, 4, 21, 3], [22, 7, 23, 8], [24, 5, 1, 6], [2, 12, 3, 11], [4, 13, 5, 14], [6, 23, 7, 24]]"
12a_0890_97,"[[6, 23, 7, 24], [8, 18, 9, 17], [10, 16, 11, 15], [12, 19, 13, 20], [14, 22, 15, 21], [16, 10, 17, 9], [18, 1, 19, 2], [20, 4, 21, 3], [22, 7, 23, 8], [24, 5, 1, 6], [2, 12, 3, 11], [4, 13, 5, 14]]"
12a_0890_98,"[[4, 13, 5, 14], [6, 23, 7, 24], [8, 18, 9, 17], [10, 16, 11, 15], [12, 19, 13, 20], [14, 22, 15, 21], [16, 10, 17, 9], [18, 1, 19, 2], [20, 4, 21, 3], [22, 7, 23, 8], [24, 5, 1, 6], [2, 12, 3, 11]]"
12a_0890_99,"[[2, 12, 3, 11], [4, 13, 5, 14], [6, 23, 7, 24], [8, 18, 9, 17], [10, 16, 11, 15], [12, 19, 13, 20], [14, 22, 15, 21], [16, 10, 17, 9], [18, 1, 19, 2], [20, 4, 21, 3], [22, 7, 23, 8], [24, 5, 1, 6]]"
12a_0890_100,"[[24, 5, 1, 6], [2, 12, 3, 11], [4, 13, 5, 14], [6, 23, 7, 24], [8, 18, 9, 17], [10, 16, 11, 15], [12, 19, 13, 20], [14, 22, 15, 21], [16, 10, 17, 9], [18, 1, 19, 2], [20, 4, 21, 3], [22, 7, 23, 8]]"
12a_0890_101,"[[22, 7, 23, 8], [24, 5, 1, 6], [2, 12, 3, 11], [4, 13, 5, 14], [6, 23, 7, 24], [8, 18, 9, 17], [10, 16, 11, 15], [12, 19, 13, 20], [14, 22, 15, 21], [16, 10, 17, 9], [18, 1, 19, 2], [20, 4, 21, 3]]"
12a_0890_102,"[[20, 4, 21, 3], [22, 7, 23, 8], [24, 5, 1, 6], [2, 12, 3, 11], [4, 13, 5, 14], [6, 23, 7, 24], [8, 18, 9, 17], [10, 16, 11, 15], [12, 19, 13, 20], [14, 22, 15, 21], [16, 10, 17, 9], [18, 1, 19, 2]]"
12a_0890_103,"[[18, 1, 19, 2], [20, 4, 21, 3], [22, 7, 23, 8], [24, 5, 1, 6], [2, 12, 3, 11], [4, 13, 5, 14], [6, 23, 7, 24], [8, 18, 9, 17], [10, 16, 11, 15], [12, 19, 13, 20], [14, 22, 15, 21], [16, 10, 17, 9]]"
12a_0890_104,"[[16, 10, 17, 9], [18, 1, 19, 2], [20, 4, 21, 3], [22, 7, 23, 8], [24, 5, 1, 6], [2, 12, 3, 11], [4, 13, 5, 14], [6, 23, 7, 24], [8, 18, 9, 17], [10, 16, 11, 15], [12, 19, 13, 20], [14, 22, 15, 21]]"
12a_0890_105,"[[14, 22, 15, 21], [16, 10, 17, 9], [18, 1, 19, 2], [20, 4, 21, 3], [22, 7, 23, 8], [24, 5, 1, 6], [2, 12, 3, 11], [4, 13, 5, 14], [6, 23, 7, 24], [8, 18, 9, 17], [10, 16, 11, 15], [12, 19, 13, 20]]"
12a_0890_106,"[[12, 19, 13, 20], [14, 22, 15, 21], [16, 10, 17, 9], [18, 1, 19, 2], [20, 4, 21, 3], [22, 7, 23, 8], [24, 5, 1, 6], [2, 12, 3, 11], [4, 13, 5, 14], [6, 23, 7, 24], [8, 18, 9, 17], [10, 16, 11, 15]]"
12a_0890_107,"[[10, 16, 11, 15], [12, 19, 13, 20], [14, 22, 15, 21], [16, 10, 17, 9], [18, 1, 19, 2], [20, 4, 21, 3], [22, 7, 23, 8], [24, 5, 1, 6], [2, 12, 3, 11], [4, 13, 5, 14], [6, 23, 7, 24], [8, 18, 9, 17]]"
12a_0890_108,"[[9, 19, 10, 18], [11, 17, 12, 16], [13, 20, 14, 21], [15, 23, 16, 22], [17, 11, 18, 10], [19, 2, 20, 3], [21, 5, 22, 4], [23, 8, 24, 9], [1, 6, 2, 7], [3, 13, 4, 12], [5, 14, 6, 15], [7, 24, 8, 1]]"
12a_0890_109,"[[7, 24, 8, 1], [9, 19, 10, 18], [11, 17, 12, 16], [13, 20, 14, 21], [15, 23, 16, 22], [17, 11, 18, 10], [19, 2, 20, 3], [21, 5, 22, 4], [23, 8, 24, 9], [1, 6, 2, 7], [3, 13, 4, 12], [5, 14, 6, 15]]"
12a_0890_110,"[[5, 14, 6, 15], [7, 24, 8, 1], [9, 19, 10, 18], [11, 17, 12, 16], [13, 20, 14, 21], [15, 23, 16, 22], [17, 11, 18, 10], [19, 2, 20, 3], [21, 5, 22, 4], [23, 8, 24, 9], [1, 6, 2, 7], [3, 13, 4, 12]]"
12a_0890_111,"[[3, 13, 4, 12], [5, 14, 6, 15], [7, 24, 8, 1], [9, 19, 10, 18], [11, 17, 12, 16], [13, 20, 14, 21], [15, 23, 16, 22], [17, 11, 18, 10], [19, 2, 20, 3], [21, 5, 22, 4], [23, 8, 24, 9], [1, 6, 2, 7]]"
12a_0890_112,"[[1, 6, 2, 7], [3, 13, 4, 12], [5, 14, 6, 15], [7, 24, 8, 1], [9, 19, 10, 18], [11, 17, 12, 16], [13, 20, 14, 21], [15, 23, 16, 22], [17, 11, 18, 10], [19, 2, 20, 3], [21, 5, 22, 4], [23, 8, 24, 9]]"
12a_0890_113,"[[23, 8, 24, 9], [1, 6, 2, 7], [3, 13, 4, 12], [5, 14, 6, 15], [7, 24, 8, 1], [9, 19, 10, 18], [11, 17, 12, 16], [13, 20, 14, 21], [15, 23, 16, 22], [17, 11, 18, 10], [19, 2, 20, 3], [21, 5, 22, 4]]"
12a_0890_114,"[[21, 5, 22, 4], [23, 8, 24, 9], [1, 6, 2, 7], [3, 13, 4, 12], [5, 14, 6, 15], [7, 24, 8, 1], [9, 19, 10, 18], [11, 17, 12, 16], [13, 20, 14, 21], [15, 23, 16, 22], [17, 11, 18, 10], [19, 2, 20, 3]]"
12a_0890_115,"[[19, 2, 20, 3], [21, 5, 22, 4], [23, 8, 24, 9], [1, 6, 2, 7], [3, 13, 4, 12], [5, 14, 6, 15], [7, 24, 8, 1], [9, 19, 10, 18], [11, 17, 12, 16], [13, 20, 14, 21], [15, 23, 16, 22], [17, 11, 18, 10]]"
12a_0890_116,"[[17, 11, 18, 10], [19, 2, 20, 3], [21, 5, 22, 4], [23, 8, 24, 9], [1, 6, 2, 7], [3, 13, 4, 12], [5, 14, 6, 15], [7, 24, 8, 1], [9, 19, 10, 18], [11, 17, 12, 16], [13, 20, 14, 21], [15, 23, 16, 22]]"
12a_0890_117,"[[15, 23, 16, 22], [17, 11, 18, 10], [19, 2, 20, 3], [21, 5, 22, 4], [23, 8, 24, 9], [1, 6, 2, 7], [3, 13, 4, 12], [5, 14, 6, 15], [7, 24, 8, 1], [9, 19, 10, 18], [11, 17, 12, 16], [13, 20, 14, 21]]"
12a_0890_118,"[[13, 20, 14, 21], [15, 23, 16, 22], [17, 11, 18, 10], [19, 2, 20, 3], [21, 5, 22, 4], [23, 8, 24, 9], [1, 6, 2, 7], [3, 13, 4, 12], [5, 14, 6, 15], [7, 24, 8, 1], [9, 19, 10, 18], [11, 17, 12, 16]]"
12a_0890_119,"[[11, 17, 12, 16], [13, 20, 14, 21], [15, 23, 16, 22], [17, 11, 18, 10], [19, 2, 20, 3], [21, 5, 22, 4], [23, 8, 24, 9], [1, 6, 2, 7], [3, 13, 4, 12], [5, 14, 6, 15], [7, 24, 8, 1], [9, 19, 10, 18]]"
12a_0890_120,"[[10, 20, 11, 19], [12, 18, 13, 17], [14, 21, 15, 22], [16, 24, 17, 23], [18, 12, 19, 11], [20, 3, 21, 4], [22, 6, 23, 5], [24, 9, 1, 10], [2, 7, 3, 8], [4, 14, 5, 13], [6, 15, 7, 16], [8, 1, 9, 2]]"
12a_0890_121,"[[8, 1, 9, 2], [10, 20, 11, 19], [12, 18, 13, 17], [14, 21, 15, 22], [16, 24, 17, 23], [18, 12, 19, 11], [20, 3, 21, 4], [22, 6, 23, 5], [24, 9, 1, 10], [2, 7, 3, 8], [4, 14, 5, 13], [6, 15, 7, 16]]"
12a_0890_122,"[[6, 15, 7, 16], [8, 1, 9, 2], [10, 20, 11, 19], [12, 18, 13, 17], [14, 21, 15, 22], [16, 24, 17, 23], [18, 12, 19, 11], [20, 3, 21, 4], [22, 6, 23, 5], [24, 9, 1, 10], [2, 7, 3, 8], [4, 14, 5, 13]]"
12a_0890_123,"[[4, 14, 5, 13], [6, 15, 7, 16], [8, 1, 9, 2], [10, 20, 11, 19], [12, 18, 13, 17], [14, 21, 15, 22], [16, 24, 17, 23], [18, 12, 19, 11], [20, 3, 21, 4], [22, 6, 23, 5], [24, 9, 1, 10], [2, 7, 3, 8]]"
12a_0890_124,"[[2, 7, 3, 8], [4, 14, 5, 13], [6, 15, 7, 16], [8, 1, 9, 2], [10, 20, 11, 19], [12, 18, 13, 17], [14, 21, 15, 22], [16, 24, 17, 23], [18, 12, 19, 11], [20, 3, 21, 4], [22, 6, 23, 5], [24, 9, 1, 10]]"
12a_0890_125,"[[24, 9, 1, 10], [2, 7, 3, 8], [4, 14, 5, 13], [6, 15, 7, 16], [8, 1, 9, 2], [10, 20, 11, 19], [12, 18, 13, 17], [14, 21, 15, 22], [16, 24, 17, 23], [18, 12, 19, 11], [20, 3, 21, 4], [22, 6, 23, 5]]"
12a_0890_126,"[[22, 6, 23, 5], [24, 9, 1, 10], [2, 7, 3, 8], [4, 14, 5, 13], [6, 15, 7, 16], [8, 1, 9, 2], [10, 20, 11, 19], [12, 18, 13, 17], [14, 21, 15, 22], [16, 24, 17, 23], [18, 12, 19, 11], [20, 3, 21, 4]]"
12a_0890_127,"[[20, 3, 21, 4], [22, 6, 23, 5], [24, 9, 1, 10], [2, 7, 3, 8], [4, 14, 5, 13], [6, 15, 7, 16], [8, 1, 9, 2], [10, 20, 11, 19], [12, 18, 13, 17], [14, 21, 15, 22], [16, 24, 17, 23], [18, 12, 19, 11]]"
12a_0890_128,"[[18, 12, 19, 11], [20, 3, 21, 4], [22, 6, 23, 5], [24, 9, 1, 10], [2, 7, 3, 8], [4, 14, 5, 13], [6, 15, 7, 16], [8, 1, 9, 2], [10, 20, 11, 19], [12, 18, 13, 17], [14, 21, 15, 22], [16, 24, 17, 23]]"
12a_0890_129,"[[16, 24, 17, 23], [18, 12, 19, 11], [20, 3, 21, 4], [22, 6, 23, 5], [24, 9, 1, 10], [2, 7, 3, 8], [4, 14, 5, 13], [6, 15, 7, 16], [8, 1, 9, 2], [10, 20, 11, 19], [12, 18, 13, 17], [14, 21, 15, 22]]"
12a_0890_130,"[[14, 21, 15, 22], [16, 24, 17, 23], [18, 12, 19, 11], [20, 3, 21, 4], [22, 6, 23, 5], [24, 9, 1, 10], [2, 7, 3, 8], [4, 14, 5, 13], [6, 15, 7, 16], [8, 1, 9, 2], [10, 20, 11, 19], [12, 18, 13, 17]]"
12a_0890_131,"[[12, 18, 13, 17], [14, 21, 15, 22], [16, 24, 17, 23], [18, 12, 19, 11], [20, 3, 21, 4], [22, 6, 23, 5], [24, 9, 1, 10], [2, 7, 3, 8], [4, 14, 5, 13], [6, 15, 7, 16], [8, 1, 9, 2], [10, 20, 11, 19]]"
12a_0890_132,"[[11, 21, 12, 20], [13, 19, 14, 18], [15, 22, 16, 23], [17, 1, 18, 24], [19, 13, 20, 12], [21, 4, 22, 5], [23, 7, 24, 6], [1, 10, 2, 11], [3, 8, 4, 9], [5, 15, 6, 14], [7, 16, 8, 17], [9, 2, 10, 3]]"
12a_0890_133,"[[9, 2, 10, 3], [11, 21, 12, 20], [13, 19, 14, 18], [15, 22, 16, 23], [17, 1, 18, 24], [19, 13, 20, 12], [21, 4, 22, 5], [23, 7, 24, 6], [1, 10, 2, 11], [3, 8, 4, 9], [5, 15, 6, 14], [7, 16, 8, 17]]"
12a_0890_134,"[[7, 16, 8, 17], [9, 2, 10, 3], [11, 21, 12, 20], [13, 19, 14, 18], [15, 22, 16, 23], [17, 1, 18, 24], [19, 13, 20, 12], [21, 4, 22, 5], [23, 7, 24, 6], [1, 10, 2, 11], [3, 8, 4, 9], [5, 15, 6, 14]]"
12a_0890_135,"[[5, 15, 6, 14], [7, 16, 8, 17], [9, 2, 10, 3], [11, 21, 12, 20], [13, 19, 14, 18], [15, 22, 16, 23], [17, 1, 18, 24], [19, 13, 20, 12], [21, 4, 22, 5], [23, 7, 24, 6], [1, 10, 2, 11], [3, 8, 4, 9]]"
12a_0890_136,"[[3, 8, 4, 9], [5, 15, 6, 14], [7, 16, 8, 17], [9, 2, 10, 3], [11, 21, 12, 20], [13, 19, 14, 18], [15, 22, 16, 23], [17, 1, 18, 24], [19, 13, 20, 12], [21, 4, 22, 5], [23, 7, 24, 6], [1, 10, 2, 11]]"
12a_0890_137,"[[1, 10, 2, 11], [3, 8, 4, 9], [5, 15, 6, 14], [7, 16, 8, 17], [9, 2, 10, 3], [11, 21, 12, 20], [13, 19, 14, 18], [15, 22, 16, 23], [17, 1, 18, 24], [19, 13, 20, 12], [21, 4, 22, 5], [23, 7, 24, 6]]"
12a_0890_138,"[[23, 7, 24, 6], [1, 10, 2, 11], [3, 8, 4, 9], [5, 15, 6, 14], [7, 16, 8, 17], [9, 2, 10, 3], [11, 21, 12, 20], [13, 19, 14, 18], [15, 22, 16, 23], [17, 1, 18, 24], [19, 13, 20, 12], [21, 4, 22, 5]]"
12a_0890_139,"[[21, 4, 22, 5], [23, 7, 24, 6], [1, 10, 2, 11], [3, 8, 4, 9], [5, 15, 6, 14], [7, 16, 8, 17], [9, 2, 10, 3], [11, 21, 12, 20], [13, 19, 14, 18], [15, 22, 16, 23], [17, 1, 18, 24], [19, 13, 20, 12]]"
12a_0890_140,"[[19, 13, 20, 12], [21, 4, 22, 5], [23, 7, 24, 6], [1, 10, 2, 11], [3, 8, 4, 9], [5, 15, 6, 14], [7, 16, 8, 17], [9, 2, 10, 3], [11, 21, 12, 20], [13, 19, 14, 18], [15, 22, 16, 23], [17, 1, 18, 24]]"
12a_0890_141,"[[17, 1, 18, 24], [19, 13, 20, 12], [21, 4, 22, 5], [23, 7, 24, 6], [1, 10, 2, 11], [3, 8, 4, 9], [5, 15, 6, 14], [7, 16, 8, 17], [9, 2, 10, 3], [11, 21, 12, 20], [13, 19, 14, 18], [15, 22, 16, 23]]"
12a_0890_142,"[[15, 22, 16, 23], [17, 1, 18, 24], [19, 13, 20, 12], [21, 4, 22, 5], [23, 7, 24, 6], [1, 10, 2, 11], [3, 8, 4, 9], [5, 15, 6, 14], [7, 16, 8, 17], [9, 2, 10, 3], [11, 21, 12, 20], [13, 19, 14, 18]]"
12a_0890_143,"[[13, 19, 14, 18], [15, 22, 16, 23], [17, 1, 18, 24], [19, 13, 20, 12], [21, 4, 22, 5], [23, 7, 24, 6], [1, 10, 2, 11], [3, 8, 4, 9], [5, 15, 6, 14], [7, 16, 8, 17], [9, 2, 10, 3], [11, 21, 12, 20]]"
12a_0890_144,"[[12, 22, 13, 21], [14, 20, 15, 19], [16, 23, 17, 24], [18, 2, 19, 1], [20, 14, 21, 13], [22, 5, 23, 6], [24, 8, 1, 7], [2, 11, 3, 12], [4, 9, 5, 10], [6, 16, 7, 15], [8, 17, 9, 18], [10, 3, 11, 4]]"
12a_0890_145,"[[10, 3, 11, 4], [12, 22, 13, 21], [14, 20, 15, 19], [16, 23, 17, 24], [18, 2, 19, 1], [20, 14, 21, 13], [22, 5, 23, 6], [24, 8, 1, 7], [2, 11, 3, 12], [4, 9, 5, 10], [6, 16, 7, 15], [8, 17, 9, 18]]"
12a_0890_146,"[[8, 17, 9, 18], [10, 3, 11, 4], [12, 22, 13, 21], [14, 20, 15, 19], [16, 23, 17, 24], [18, 2, 19, 1], [20, 14, 21, 13], [22, 5, 23, 6], [24, 8, 1, 7], [2, 11, 3, 12], [4, 9, 5, 10], [6, 16, 7, 15]]"
12a_0890_147,"[[6, 16, 7, 15], [8, 17, 9, 18], [10, 3, 11, 4], [12, 22, 13, 21], [14, 20, 15, 19], [16, 23, 17, 24], [18, 2, 19, 1], [20, 14, 21, 13], [22, 5, 23, 6], [24, 8, 1, 7], [2, 11, 3, 12], [4, 9, 5, 10]]"
12a_0890_148,"[[4, 9, 5, 10], [6, 16, 7, 15], [8, 17, 9, 18], [10, 3, 11, 4], [12, 22, 13, 21], [14, 20, 15, 19], [16, 23, 17, 24], [18, 2, 19, 1], [20, 14, 21, 13], [22, 5, 23, 6], [24, 8, 1, 7], [2, 11, 3, 12]]"
12a_0890_149,"[[2, 11, 3, 12], [4, 9, 5, 10], [6, 16, 7, 15], [8, 17, 9, 18], [10, 3, 11, 4], [12, 22, 13, 21], [14, 20, 15, 19], [16, 23, 17, 24], [18, 2, 19, 1], [20, 14, 21, 13], [22, 5, 23, 6], [24, 8, 1, 7]]"
12a_0890_150,"[[24, 8, 1, 7], [2, 11, 3, 12], [4, 9, 5, 10], [6, 16, 7, 15], [8, 17, 9, 18], [10, 3, 11, 4], [12, 22, 13, 21], [14, 20, 15, 19], [16, 23, 17, 24], [18, 2, 19, 1], [20, 14, 21, 13], [22, 5, 23, 6]]"
12a_0890_151,"[[22, 5, 23, 6], [24, 8, 1, 7], [2, 11, 3, 12], [4, 9, 5, 10], [6, 16, 7, 15], [8, 17, 9, 18], [10, 3, 11, 4], [12, 22, 13, 21], [14, 20, 15, 19], [16, 23, 17, 24], [18, 2, 19, 1], [20, 14, 21, 13]]"
12a_0890_152,"[[20, 14, 21, 13], [22, 5, 23, 6], [24, 8, 1, 7], [2, 11, 3, 12], [4, 9, 5, 10], [6, 16, 7, 15], [8, 17, 9, 18], [10, 3, 11, 4], [12, 22, 13, 21], [14, 20, 15, 19], [16, 23, 17, 24], [18, 2, 19, 1]]"
12a_0890_153,"[[18, 2, 19, 1], [20, 14, 21, 13], [22, 5, 23, 6], [24, 8, 1, 7], [2, 11, 3, 12], [4, 9, 5, 10], [6, 16, 7, 15], [8, 17, 9, 18], [10, 3, 11, 4], [12, 22, 13, 21], [14, 20, 15, 19], [16, 23, 17, 24]]"
12a_0890_154,"[[16, 23, 17, 24], [18, 2, 19, 1], [20, 14, 21, 13], [22, 5, 23, 6], [24, 8, 1, 7], [2, 11, 3, 12], [4, 9, 5, 10], [6, 16, 7, 15], [8, 17, 9, 18], [10, 3, 11, 4], [12, 22, 13, 21], [14, 20, 15, 19]]"
12a_0890_155,"[[14, 20, 15, 19], [16, 23, 17, 24], [18, 2, 19, 1], [20, 14, 21, 13], [22, 5, 23, 6], [24, 8, 1, 7], [2, 11, 3, 12], [4, 9, 5, 10], [6, 16, 7, 15], [8, 17, 9, 18], [10, 3, 11, 4], [12, 22, 13, 21]]"
12a_0890_156,"[[13, 23, 14, 22], [15, 21, 16, 20], [17, 24, 18, 1], [19, 3, 20, 2], [21, 15, 22, 14], [23, 6, 24, 7], [1, 9, 2, 8], [3, 12, 4, 13], [5, 10, 6, 11], [7, 17, 8, 16], [9, 18, 10, 19], [11, 4, 12, 5]]"
12a_0890_157,"[[11, 4, 12, 5], [13, 23, 14, 22], [15, 21, 16, 20], [17, 24, 18, 1], [19, 3, 20, 2], [21, 15, 22, 14], [23, 6, 24, 7], [1, 9, 2, 8], [3, 12, 4, 13], [5, 10, 6, 11], [7, 17, 8, 16], [9, 18, 10, 19]]"
12a_0890_158,"[[9, 18, 10, 19], [11, 4, 12, 5], [13, 23, 14, 22], [15, 21, 16, 20], [17, 24, 18, 1], [19, 3, 20, 2], [21, 15, 22, 14], [23, 6, 24, 7], [1, 9, 2, 8], [3, 12, 4, 13], [5, 10, 6, 11], [7, 17, 8, 16]]"
12a_0890_159,"[[7, 17, 8, 16], [9, 18, 10, 19], [11, 4, 12, 5], [13, 23, 14, 22], [15, 21, 16, 20], [17, 24, 18, 1], [19, 3, 20, 2], [21, 15, 22, 14], [23, 6, 24, 7], [1, 9, 2, 8], [3, 12, 4, 13], [5, 10, 6, 11]]"
12a_0890_160,"[[5, 10, 6, 11], [7, 17, 8, 16], [9, 18, 10, 19], [11, 4, 12, 5], [13, 23, 14, 22], [15, 21, 16, 20], [17, 24, 18, 1], [19, 3, 20, 2], [21, 15, 22, 14], [23, 6, 24, 7], [1, 9, 2, 8], [3, 12, 4, 13]]"
12a_0890_161,"[[3, 12, 4, 13], [5, 10, 6, 11], [7, 17, 8, 16], [9, 18, 10, 19], [11, 4, 12, 5], [13, 23, 14, 22], [15, 21, 16, 20], [17, 24, 18, 1], [19, 3, 20, 2], [21, 15, 22, 14], [23, 6, 24, 7], [1, 9, 2, 8]]"
12a_0890_162,"[[1, 9, 2, 8], [3, 12, 4, 13], [5, 10, 6, 11], [7, 17, 8, 16], [9, 18, 10, 19], [11, 4, 12, 5], [13, 23, 14, 22], [15, 21, 16, 20], [17, 24, 18, 1], [19, 3, 20, 2], [21, 15, 22, 14], [23, 6, 24, 7]]"
12a_0890_163,"[[23, 6, 24, 7], [1, 9, 2, 8], [3, 12, 4, 13], [5, 10, 6, 11], [7, 17, 8, 16], [9, 18, 10, 19], [11, 4, 12, 5], [13, 23, 14, 22], [15, 21, 16, 20], [17, 24, 18, 1], [19, 3, 20, 2], [21, 15, 22, 14]]"
12a_0890_164,"[[21, 15, 22, 14], [23, 6, 24, 7], [1, 9, 2, 8], [3, 12, 4, 13], [5, 10, 6, 11], [7, 17, 8, 16], [9, 18, 10, 19], [11, 4, 12, 5], [13, 23, 14, 22], [15, 21, 16, 20], [17, 24, 18, 1], [19, 3, 20, 2]]"
12a_0890_165,"[[19, 3, 20, 2], [21, 15, 22, 14], [23, 6, 24, 7], [1, 9, 2, 8], [3, 12, 4, 13], [5, 10, 6, 11], [7, 17, 8, 16], [9, 18, 10, 19], [11, 4, 12, 5], [13, 23, 14, 22], [15, 21, 16, 20], [17, 24, 18, 1]]"
12a_0890_166,"[[17, 24, 18, 1], [19, 3, 20, 2], [21, 15, 22, 14], [23, 6, 24, 7], [1, 9, 2, 8], [3, 12, 4, 13], [5, 10, 6, 11], [7, 17, 8, 16], [9, 18, 10, 19], [11, 4, 12, 5], [13, 23, 14, 22], [15, 21, 16, 20]]"
12a_0890_167,"[[15, 21, 16, 20], [17, 24, 18, 1], [19, 3, 20, 2], [21, 15, 22, 14], [23, 6, 24, 7], [1, 9, 2, 8], [3, 12, 4, 13], [5, 10, 6, 11], [7, 17, 8, 16], [9, 18, 10, 19], [11, 4, 12, 5], [13, 23, 14, 22]]"
12a_0890_168,"[[14, 24, 15, 23], [16, 22, 17, 21], [18, 1, 19, 2], [20, 4, 21, 3], [22, 16, 23, 15], [24, 7, 1, 8], [2, 10, 3, 9], [4, 13, 5, 14], [6, 11, 7, 12], [8, 18, 9, 17], [10, 19, 11, 20], [12, 5, 13, 6]]"
12a_0890_169,"[[12, 5, 13, 6], [14, 24, 15, 23], [16, 22, 17, 21], [18, 1, 19, 2], [20, 4, 21, 3], [22, 16, 23, 15], [24, 7, 1, 8], [2, 10, 3, 9], [4, 13, 5, 14], [6, 11, 7, 12], [8, 18, 9, 17], [10, 19, 11, 20]]"
12a_0890_170,"[[10, 19, 11, 20], [12, 5, 13, 6], [14, 24, 15, 23], [16, 22, 17, 21], [18, 1, 19, 2], [20, 4, 21, 3], [22, 16, 23, 15], [24, 7, 1, 8], [2, 10, 3, 9], [4, 13, 5, 14], [6, 11, 7, 12], [8, 18, 9, 17]]"
12a_0890_171,"[[8, 18, 9, 17], [10, 19, 11, 20], [12, 5, 13, 6], [14, 24, 15, 23], [16, 22, 17, 21], [18, 1, 19, 2], [20, 4, 21, 3], [22, 16, 23, 15], [24, 7, 1, 8], [2, 10, 3, 9], [4, 13, 5, 14], [6, 11, 7, 12]]"
12a_0890_172,"[[6, 11, 7, 12], [8, 18, 9, 17], [10, 19, 11, 20], [12, 5, 13, 6], [14, 24, 15, 23], [16, 22, 17, 21], [18, 1, 19, 2], [20, 4, 21, 3], [22, 16, 23, 15], [24, 7, 1, 8], [2, 10, 3, 9], [4, 13, 5, 14]]"
12a_0890_173,"[[4, 13, 5, 14], [6, 11, 7, 12], [8, 18, 9, 17], [10, 19, 11, 20], [12, 5, 13, 6], [14, 24, 15, 23], [16, 22, 17, 21], [18, 1, 19, 2], [20, 4, 21, 3], [22, 16, 23, 15], [24, 7, 1, 8], [2, 10, 3, 9]]"
12a_0890_174,"[[2, 10, 3, 9], [4, 13, 5, 14], [6, 11, 7, 12], [8, 18, 9, 17], [10, 19, 11, 20], [12, 5, 13, 6], [14, 24, 15, 23], [16, 22, 17, 21], [18, 1, 19, 2], [20, 4, 21, 3], [22, 16, 23, 15], [24, 7, 1, 8]]"
12a_0890_175,"[[24, 7, 1, 8], [2, 10, 3, 9], [4, 13, 5, 14], [6, 11, 7, 12], [8, 18, 9, 17], [10, 19, 11, 20], [12, 5, 13, 6], [14, 24, 15, 23], [16, 22, 17, 21], [18, 1, 19, 2], [20, 4, 21, 3], [22, 16, 23, 15]]"
12a_0890_176,"[[22, 16, 23, 15], [24, 7, 1, 8], [2, 10, 3, 9], [4, 13, 5, 14], [6, 11, 7, 12], [8, 18, 9, 17], [10, 19, 11, 20], [12, 5, 13, 6], [14, 24, 15, 23], [16, 22, 17, 21], [18, 1, 19, 2], [20, 4, 21, 3]]"
12a_0890_177,"[[20, 4, 21, 3], [22, 16, 23, 15], [24, 7, 1, 8], [2, 10, 3, 9], [4, 13, 5, 14], [6, 11, 7, 12], [8, 18, 9, 17], [10, 19, 11, 20], [12, 5, 13, 6], [14, 24, 15, 23], [16, 22, 17, 21], [18, 1, 19, 2]]"
12a_0890_178,"[[18, 1, 19, 2], [20, 4, 21, 3], [22, 16, 23, 15], [24, 7, 1, 8], [2, 10, 3, 9], [4, 13, 5, 14], [6, 11, 7, 12], [8, 18, 9, 17], [10, 19, 11, 20], [12, 5, 13, 6], [14, 24, 15, 23], [16, 22, 17, 21]]"
12a_0890_179,"[[16, 22, 17, 21], [18, 1, 19, 2], [20, 4, 21, 3], [22, 16, 23, 15], [24, 7, 1, 8], [2, 10, 3, 9], [4, 13, 5, 14], [6, 11, 7, 12], [8, 18, 9, 17], [10, 19, 11, 20], [12, 5, 13, 6], [14, 24, 15, 23]]"
12a_0890_180,"[[15, 1, 16, 24], [17, 23, 18, 22], [19, 2, 20, 3], [21, 5, 22, 4], [23, 17, 24, 16], [1, 8, 2, 9], [3, 11, 4, 10], [5, 14, 6, 15], [7, 12, 8, 13], [9, 19, 10, 18], [11, 20, 12, 21], [13, 6, 14, 7]]"
12a_0890_181,"[[13, 6, 14, 7], [15, 1, 16, 24], [17, 23, 18, 22], [19, 2, 20, 3], [21, 5, 22, 4], [23, 17, 24, 16], [1, 8, 2, 9], [3, 11, 4, 10], [5, 14, 6, 15], [7, 12, 8, 13], [9, 19, 10, 18], [11, 20, 12, 21]]"
12a_0890_182,"[[11, 20, 12, 21], [13, 6, 14, 7], [15, 1, 16, 24], [17, 23, 18, 22], [19, 2, 20, 3], [21, 5, 22, 4], [23, 17, 24, 16], [1, 8, 2, 9], [3, 11, 4, 10], [5, 14, 6, 15], [7, 12, 8, 13], [9, 19, 10, 18]]"
12a_0890_183,"[[9, 19, 10, 18], [11, 20, 12, 21], [13, 6, 14, 7], [15, 1, 16, 24], [17, 23, 18, 22], [19, 2, 20, 3], [21, 5, 22, 4], [23, 17, 24, 16], [1, 8, 2, 9], [3, 11, 4, 10], [5, 14, 6, 15], [7, 12, 8, 13]]"
12a_0890_184,"[[7, 12, 8, 13], [9, 19, 10, 18], [11, 20, 12, 21], [13, 6, 14, 7], [15, 1, 16, 24], [17, 23, 18, 22], [19, 2, 20, 3], [21, 5, 22, 4], [23, 17, 24, 16], [1, 8, 2, 9], [3, 11, 4, 10], [5, 14, 6, 15]]"
12a_0890_185,"[[5, 14, 6, 15], [7, 12, 8, 13], [9, 19, 10, 18], [11, 20, 12, 21], [13, 6, 14, 7], [15, 1, 16, 24], [17, 23, 18, 22], [19, 2, 20, 3], [21, 5, 22, 4], [23, 17, 24, 16], [1, 8, 2, 9], [3, 11, 4, 10]]"
