name,pd_notation
12n_0675_0,"[[17, 24, 18, 1], [2, 8, 3, 7], [4, 10, 5, 9], [6, 14, 7, 13], [8, 4, 9, 3], [10, 20, 11, 19], [12, 6, 13, 5], [21, 14, 22, 15], [23, 16, 24, 17], [18, 12, 19, 11], [1, 20, 2, 21], [15, 22, 16, 23]]"
12n_0675_1,"[[15, 22, 16, 23], [17, 24, 18, 1], [2, 8, 3, 7], [4, 10, 5, 9], [6, 14, 7, 13], [8, 4, 9, 3], [10, 20, 11, 19], [12, 6, 13, 5], [21, 14, 22, 15], [23, 16, 24, 17], [18, 12, 19, 11], [1, 20, 2, 21]]"
12n_0675_2,"[[1, 20, 2, 21], [15, 22, 16, 23], [17, 24, 18, 1], [2, 8, 3, 7], [4, 10, 5, 9], [6, 14, 7, 13], [8, 4, 9, 3], [10, 20, 11, 19], [12, 6, 13, 5], [21, 14, 22, 15], [23, 16, 24, 17], [18, 12, 19, 11]]"
12n_0675_3,"[[18, 12, 19, 11], [1, 20, 2, 21], [15, 22, 16, 23], [17, 24, 18, 1], [2, 8, 3, 7], [4, 10, 5, 9], [6, 14, 7, 13], [8, 4, 9, 3], [10, 20, 11, 19], [12, 6, 13, 5], [21, 14, 22, 15], [23, 16, 24, 17]]"
12n_0675_4,"[[23, 16, 24, 17], [18, 12, 19, 11], [1, 20, 2, 21], [15, 22, 16, 23], [17, 24, 18, 1], [2, 8, 3, 7], [4, 10, 5, 9], [6, 14, 7, 13], [8, 4, 9, 3], [10, 20, 11, 19], [12, 6, 13, 5], [21, 14, 22, 15]]"
12n_0675_5,"[[21, 14, 22, 15], [23, 16, 24, 17], [18, 12, 19, 11], [1, 20, 2, 21], [15, 22, 16, 23], [17, 24, 18, 1], [2, 8, 3, 7], [4, 10, 5, 9], [6, 14, 7, 13], [8, 4, 9, 3], [10, 20, 11, 19], [12, 6, 13, 5]]"
12n_0675_6,"[[12, 6, 13, 5], [21, 14, 22, 15], [23, 16, 24, 17], [18, 12, 19, 11], [1, 20, 2, 21], [15, 22, 16, 23], [17, 24, 18, 1], [2, 8, 3, 7], [4, 10, 5, 9], [6, 14, 7, 13], [8, 4, 9, 3], [10, 20, 11, 19]]"
12n_0675_7,"[[10, 20, 11, 19], [12, 6, 13, 5], [21, 14, 22, 15], [23, 16, 24, 17], [18, 12, 19, 11], [1, 20, 2, 21], [15, 22, 16, 23], [17, 24, 18, 1], [2, 8, 3, 7], [4, 10, 5, 9], [6, 14, 7, 13], [8, 4, 9, 3]]"
12n_0675_8,"[[8, 4, 9, 3], [10, 20, 11, 19], [12, 6, 13, 5], [21, 14, 22, 15], [23, 16, 24, 17], [18, 12, 19, 11], [1, 20, 2, 21], [15, 22, 16, 23], [17, 24, 18, 1], [2, 8, 3, 7], [4, 10, 5, 9], [6, 14, 7, 13]]"
12n_0675_9,"[[6, 14, 7, 13], [8, 4, 9, 3], [10, 20, 11, 19], [12, 6, 13, 5], [21, 14, 22, 15], [23, 16, 24, 17], [18, 12, 19, 11], [1, 20, 2, 21], [15, 22, 16, 23], [17, 24, 18, 1], [2, 8, 3, 7], [4, 10, 5, 9]]"
12n_0675_10,"[[4, 10, 5, 9], [6, 14, 7, 13], [8, 4, 9, 3], [10, 20, 11, 19], [12, 6, 13, 5], [21, 14, 22, 15], [23, 16, 24, 17], [18, 12, 19, 11], [1, 20, 2, 21], [15, 22, 16, 23], [17, 24, 18, 1], [2, 8, 3, 7]]"
12n_0675_11,"[[2, 8, 3, 7], [4, 10, 5, 9], [6, 14, 7, 13], [8, 4, 9, 3], [10, 20, 11, 19], [12, 6, 13, 5], [21, 14, 22, 15], [23, 16, 24, 17], [18, 12, 19, 11], [1, 20, 2, 21], [15, 22, 16, 23], [17, 24, 18, 1]]"
12n_0675_12,"[[18, 1, 19, 2], [3, 9, 4, 8], [5, 11, 6, 10], [7, 15, 8, 14], [9, 5, 10, 4], [11, 21, 12, 20], [13, 7, 14, 6], [22, 15, 23, 16], [24, 17, 1, 18], [19, 13, 20, 12], [2, 21, 3, 22], [16, 23, 17, 24]]"
12n_0675_13,"[[16, 23, 17, 24], [18, 1, 19, 2], [3, 9, 4, 8], [5, 11, 6, 10], [7, 15, 8, 14], [9, 5, 10, 4], [11, 21, 12, 20], [13, 7, 14, 6], [22, 15, 23, 16], [24, 17, 1, 18], [19, 13, 20, 12], [2, 21, 3, 22]]"
12n_0675_14,"[[2, 21, 3, 22], [16, 23, 17, 24], [18, 1, 19, 2], [3, 9, 4, 8], [5, 11, 6, 10], [7, 15, 8, 14], [9, 5, 10, 4], [11, 21, 12, 20], [13, 7, 14, 6], [22, 15, 23, 16], [24, 17, 1, 18], [19, 13, 20, 12]]"
12n_0675_15,"[[19, 13, 20, 12], [2, 21, 3, 22], [16, 23, 17, 24], [18, 1, 19, 2], [3, 9, 4, 8], [5, 11, 6, 10], [7, 15, 8, 14], [9, 5, 10, 4], [11, 21, 12, 20], [13, 7, 14, 6], [22, 15, 23, 16], [24, 17, 1, 18]]"
12n_0675_16,"[[24, 17, 1, 18], [19, 13, 20, 12], [2, 21, 3, 22], [16, 23, 17, 24], [18, 1, 19, 2], [3, 9, 4, 8], [5, 11, 6, 10], [7, 15, 8, 14], [9, 5, 10, 4], [11, 21, 12, 20], [13, 7, 14, 6], [22, 15, 23, 16]]"
12n_0675_17,"[[22, 15, 23, 16], [24, 17, 1, 18], [19, 13, 20, 12], [2, 21, 3, 22], [16, 23, 17, 24], [18, 1, 19, 2], [3, 9, 4, 8], [5, 11, 6, 10], [7, 15, 8, 14], [9, 5, 10, 4], [11, 21, 12, 20], [13, 7, 14, 6]]"
12n_0675_18,"[[13, 7, 14, 6], [22, 15, 23, 16], [24, 17, 1, 18], [19, 13, 20, 12], [2, 21, 3, 22], [16, 23, 17, 24], [18, 1, 19, 2], [3, 9, 4, 8], [5, 11, 6, 10], [7, 15, 8, 14], [9, 5, 10, 4], [11, 21, 12, 20]]"
12n_0675_19,"[[11, 21, 12, 20], [13, 7, 14, 6], [22, 15, 23, 16], [24, 17, 1, 18], [19, 13, 20, 12], [2, 21, 3, 22], [16, 23, 17, 24], [18, 1, 19, 2], [3, 9, 4, 8], [5, 11, 6, 10], [7, 15, 8, 14], [9, 5, 10, 4]]"
12n_0675_20,"[[9, 5, 10, 4], [11, 21, 12, 20], [13, 7, 14, 6], [22, 15, 23, 16], [24, 17, 1, 18], [19, 13, 20, 12], [2, 21, 3, 22], [16, 23, 17, 24], [18, 1, 19, 2], [3, 9, 4, 8], [5, 11, 6, 10], [7, 15, 8, 14]]"
12n_0675_21,"[[7, 15, 8, 14], [9, 5, 10, 4], [11, 21, 12, 20], [13, 7, 14, 6], [22, 15, 23, 16], [24, 17, 1, 18], [19, 13, 20, 12], [2, 21, 3, 22], [16, 23, 17, 24], [18, 1, 19, 2], [3, 9, 4, 8], [5, 11, 6, 10]]"
12n_0675_22,"[[5, 11, 6, 10], [7, 15, 8, 14], [9, 5, 10, 4], [11, 21, 12, 20], [13, 7, 14, 6], [22, 15, 23, 16], [24, 17, 1, 18], [19, 13, 20, 12], [2, 21, 3, 22], [16, 23, 17, 24], [18, 1, 19, 2], [3, 9, 4, 8]]"
12n_0675_23,"[[3, 9, 4, 8], [5, 11, 6, 10], [7, 15, 8, 14], [9, 5, 10, 4], [11, 21, 12, 20], [13, 7, 14, 6], [22, 15, 23, 16], [24, 17, 1, 18], [19, 13, 20, 12], [2, 21, 3, 22], [16, 23, 17, 24], [18, 1, 19, 2]]"
12n_0675_24,"[[19, 2, 20, 3], [4, 10, 5, 9], [6, 12, 7, 11], [8, 16, 9, 15], [10, 6, 11, 5], [12, 22, 13, 21], [14, 8, 15, 7], [23, 16, 24, 17], [1, 18, 2, 19], [20, 14, 21, 13], [3, 22, 4, 23], [17, 24, 18, 1]]"
12n_0675_25,"[[17, 24, 18, 1], [19, 2, 20, 3], [4, 10, 5, 9], [6, 12, 7, 11], [8, 16, 9, 15], [10, 6, 11, 5], [12, 22, 13, 21], [14, 8, 15, 7], [23, 16, 24, 17], [1, 18, 2, 19], [20, 14, 21, 13], [3, 22, 4, 23]]"
12n_0675_26,"[[3, 22, 4, 23], [17, 24, 18, 1], [19, 2, 20, 3], [4, 10, 5, 9], [6, 12, 7, 11], [8, 16, 9, 15], [10, 6, 11, 5], [12, 22, 13, 21], [14, 8, 15, 7], [23, 16, 24, 17], [1, 18, 2, 19], [20, 14, 21, 13]]"
12n_0675_27,"[[20, 14, 21, 13], [3, 22, 4, 23], [17, 24, 18, 1], [19, 2, 20, 3], [4, 10, 5, 9], [6, 12, 7, 11], [8, 16, 9, 15], [10, 6, 11, 5], [12, 22, 13, 21], [14, 8, 15, 7], [23, 16, 24, 17], [1, 18, 2, 19]]"
12n_0675_28,"[[1, 18, 2, 19], [20, 14, 21, 13], [3, 22, 4, 23], [17, 24, 18, 1], [19, 2, 20, 3], [4, 10, 5, 9], [6, 12, 7, 11], [8, 16, 9, 15], [10, 6, 11, 5], [12, 22, 13, 21], [14, 8, 15, 7], [23, 16, 24, 17]]"
12n_0675_29,"[[23, 16, 24, 17], [1, 18, 2, 19], [20, 14, 21, 13], [3, 22, 4, 23], [17, 24, 18, 1], [19, 2, 20, 3], [4, 10, 5, 9], [6, 12, 7, 11], [8, 16, 9, 15], [10, 6, 11, 5], [12, 22, 13, 21], [14, 8, 15, 7]]"
12n_0675_30,"[[14, 8, 15, 7], [23, 16, 24, 17], [1, 18, 2, 19], [20, 14, 21, 13], [3, 22, 4, 23], [17, 24, 18, 1], [19, 2, 20, 3], [4, 10, 5, 9], [6, 12, 7, 11], [8, 16, 9, 15], [10, 6, 11, 5], [12, 22, 13, 21]]"
12n_0675_31,"[[12, 22, 13, 21], [14, 8, 15, 7], [23, 16, 24, 17], [1, 18, 2, 19], [20, 14, 21, 13], [3, 22, 4, 23], [17, 24, 18, 1], [19, 2, 20, 3], [4, 10, 5, 9], [6, 12, 7, 11], [8, 16, 9, 15], [10, 6, 11, 5]]"
12n_0675_32,"[[10, 6, 11, 5], [12, 22, 13, 21], [14, 8, 15, 7], [23, 16, 24, 17], [1, 18, 2, 19], [20, 14, 21, 13], [3, 22, 4, 23], [17, 24, 18, 1], [19, 2, 20, 3], [4, 10, 5, 9], [6, 12, 7, 11], [8, 16, 9, 15]]"
12n_0675_33,"[[8, 16, 9, 15], [10, 6, 11, 5], [12, 22, 13, 21], [14, 8, 15, 7], [23, 16, 24, 17], [1, 18, 2, 19], [20, 14, 21, 13], [3, 22, 4, 23], [17, 24, 18, 1], [19, 2, 20, 3], [4, 10, 5, 9], [6, 12, 7, 11]]"
12n_0675_34,"[[6, 12, 7, 11], [8, 16, 9, 15], [10, 6, 11, 5], [12, 22, 13, 21], [14, 8, 15, 7], [23, 16, 24, 17], [1, 18, 2, 19], [20, 14, 21, 13], [3, 22, 4, 23], [17, 24, 18, 1], [19, 2, 20, 3], [4, 10, 5, 9]]"
12n_0675_35,"[[4, 10, 5, 9], [6, 12, 7, 11], [8, 16, 9, 15], [10, 6, 11, 5], [12, 22, 13, 21], [14, 8, 15, 7], [23, 16, 24, 17], [1, 18, 2, 19], [20, 14, 21, 13], [3, 22, 4, 23], [17, 24, 18, 1], [19, 2, 20, 3]]"
12n_0675_36,"[[20, 3, 21, 4], [5, 11, 6, 10], [7, 13, 8, 12], [9, 17, 10, 16], [11, 7, 12, 6], [13, 23, 14, 22], [15, 9, 16, 8], [24, 17, 1, 18], [2, 19, 3, 20], [21, 15, 22, 14], [4, 23, 5, 24], [18, 1, 19, 2]]"
12n_0675_37,"[[18, 1, 19, 2], [20, 3, 21, 4], [5, 11, 6, 10], [7, 13, 8, 12], [9, 17, 10, 16], [11, 7, 12, 6], [13, 23, 14, 22], [15, 9, 16, 8], [24, 17, 1, 18], [2, 19, 3, 20], [21, 15, 22, 14], [4, 23, 5, 24]]"
12n_0675_38,"[[4, 23, 5, 24], [18, 1, 19, 2], [20, 3, 21, 4], [5, 11, 6, 10], [7, 13, 8, 12], [9, 17, 10, 16], [11, 7, 12, 6], [13, 23, 14, 22], [15, 9, 16, 8], [24, 17, 1, 18], [2, 19, 3, 20], [21, 15, 22, 14]]"
12n_0675_39,"[[21, 15, 22, 14], [4, 23, 5, 24], [18, 1, 19, 2], [20, 3, 21, 4], [5, 11, 6, 10], [7, 13, 8, 12], [9, 17, 10, 16], [11, 7, 12, 6], [13, 23, 14, 22], [15, 9, 16, 8], [24, 17, 1, 18], [2, 19, 3, 20]]"
12n_0675_40,"[[2, 19, 3, 20], [21, 15, 22, 14], [4, 23, 5, 24], [18, 1, 19, 2], [20, 3, 21, 4], [5, 11, 6, 10], [7, 13, 8, 12], [9, 17, 10, 16], [11, 7, 12, 6], [13, 23, 14, 22], [15, 9, 16, 8], [24, 17, 1, 18]]"
12n_0675_41,"[[24, 17, 1, 18], [2, 19, 3, 20], [21, 15, 22, 14], [4, 23, 5, 24], [18, 1, 19, 2], [20, 3, 21, 4], [5, 11, 6, 10], [7, 13, 8, 12], [9, 17, 10, 16], [11, 7, 12, 6], [13, 23, 14, 22], [15, 9, 16, 8]]"
12n_0675_42,"[[15, 9, 16, 8], [24, 17, 1, 18], [2, 19, 3, 20], [21, 15, 22, 14], [4, 23, 5, 24], [18, 1, 19, 2], [20, 3, 21, 4], [5, 11, 6, 10], [7, 13, 8, 12], [9, 17, 10, 16], [11, 7, 12, 6], [13, 23, 14, 22]]"
12n_0675_43,"[[13, 23, 14, 22], [15, 9, 16, 8], [24, 17, 1, 18], [2, 19, 3, 20], [21, 15, 22, 14], [4, 23, 5, 24], [18, 1, 19, 2], [20, 3, 21, 4], [5, 11, 6, 10], [7, 13, 8, 12], [9, 17, 10, 16], [11, 7, 12, 6]]"
12n_0675_44,"[[11, 7, 12, 6], [13, 23, 14, 22], [15, 9, 16, 8], [24, 17, 1, 18], [2, 19, 3, 20], [21, 15, 22, 14], [4, 23, 5, 24], [18, 1, 19, 2], [20, 3, 21, 4], [5, 11, 6, 10], [7, 13, 8, 12], [9, 17, 10, 16]]"
12n_0675_45,"[[9, 17, 10, 16], [11, 7, 12, 6], [13, 23, 14, 22], [15, 9, 16, 8], [24, 17, 1, 18], [2, 19, 3, 20], [21, 15, 22, 14], [4, 23, 5, 24], [18, 1, 19, 2], [20, 3, 21, 4], [5, 11, 6, 10], [7, 13, 8, 12]]"
12n_0675_46,"[[7, 13, 8, 12], [9, 17, 10, 16], [11, 7, 12, 6], [13, 23, 14, 22], [15, 9, 16, 8], [24, 17, 1, 18], [2, 19, 3, 20], [21, 15, 22, 14], [4, 23, 5, 24], [18, 1, 19, 2], [20, 3, 21, 4], [5, 11, 6, 10]]"
12n_0675_47,"[[5, 11, 6, 10], [7, 13, 8, 12], [9, 17, 10, 16], [11, 7, 12, 6], [13, 23, 14, 22], [15, 9, 16, 8], [24, 17, 1, 18], [2, 19, 3, 20], [21, 15, 22, 14], [4, 23, 5, 24], [18, 1, 19, 2], [20, 3, 21, 4]]"
12n_0675_48,"[[21, 4, 22, 5], [6, 12, 7, 11], [8, 14, 9, 13], [10, 18, 11, 17], [12, 8, 13, 7], [14, 24, 15, 23], [16, 10, 17, 9], [1, 18, 2, 19], [3, 20, 4, 21], [22, 16, 23, 15], [5, 24, 6, 1], [19, 2, 20, 3]]"
12n_0675_49,"[[19, 2, 20, 3], [21, 4, 22, 5], [6, 12, 7, 11], [8, 14, 9, 13], [10, 18, 11, 17], [12, 8, 13, 7], [14, 24, 15, 23], [16, 10, 17, 9], [1, 18, 2, 19], [3, 20, 4, 21], [22, 16, 23, 15], [5, 24, 6, 1]]"
12n_0675_50,"[[5, 24, 6, 1], [19, 2, 20, 3], [21, 4, 22, 5], [6, 12, 7, 11], [8, 14, 9, 13], [10, 18, 11, 17], [12, 8, 13, 7], [14, 24, 15, 23], [16, 10, 17, 9], [1, 18, 2, 19], [3, 20, 4, 21], [22, 16, 23, 15]]"
12n_0675_51,"[[22, 16, 23, 15], [5, 24, 6, 1], [19, 2, 20, 3], [21, 4, 22, 5], [6, 12, 7, 11], [8, 14, 9, 13], [10, 18, 11, 17], [12, 8, 13, 7], [14, 24, 15, 23], [16, 10, 17, 9], [1, 18, 2, 19], [3, 20, 4, 21]]"
12n_0675_52,"[[3, 20, 4, 21], [22, 16, 23, 15], [5, 24, 6, 1], [19, 2, 20, 3], [21, 4, 22, 5], [6, 12, 7, 11], [8, 14, 9, 13], [10, 18, 11, 17], [12, 8, 13, 7], [14, 24, 15, 23], [16, 10, 17, 9], [1, 18, 2, 19]]"
12n_0675_53,"[[1, 18, 2, 19], [3, 20, 4, 21], [22, 16, 23, 15], [5, 24, 6, 1], [19, 2, 20, 3], [21, 4, 22, 5], [6, 12, 7, 11], [8, 14, 9, 13], [10, 18, 11, 17], [12, 8, 13, 7], [14, 24, 15, 23], [16, 10, 17, 9]]"
12n_0675_54,"[[16, 10, 17, 9], [1, 18, 2, 19], [3, 20, 4, 21], [22, 16, 23, 15], [5, 24, 6, 1], [19, 2, 20, 3], [21, 4, 22, 5], [6, 12, 7, 11], [8, 14, 9, 13], [10, 18, 11, 17], [12, 8, 13, 7], [14, 24, 15, 23]]"
12n_0675_55,"[[14, 24, 15, 23], [16, 10, 17, 9], [1, 18, 2, 19], [3, 20, 4, 21], [22, 16, 23, 15], [5, 24, 6, 1], [19, 2, 20, 3], [21, 4, 22, 5], [6, 12, 7, 11], [8, 14, 9, 13], [10, 18, 11, 17], [12, 8, 13, 7]]"
12n_0675_56,"[[12, 8, 13, 7], [14, 24, 15, 23], [16, 10, 17, 9], [1, 18, 2, 19], [3, 20, 4, 21], [22, 16, 23, 15], [5, 24, 6, 1], [19, 2, 20, 3], [21, 4, 22, 5], [6, 12, 7, 11], [8, 14, 9, 13], [10, 18, 11, 17]]"
12n_0675_57,"[[10, 18, 11, 17], [12, 8, 13, 7], [14, 24, 15, 23], [16, 10, 17, 9], [1, 18, 2, 19], [3, 20, 4, 21], [22, 16, 23, 15], [5, 24, 6, 1], [19, 2, 20, 3], [21, 4, 22, 5], [6, 12, 7, 11], [8, 14, 9, 13]]"
12n_0675_58,"[[8, 14, 9, 13], [10, 18, 11, 17], [12, 8, 13, 7], [14, 24, 15, 23], [16, 10, 17, 9], [1, 18, 2, 19], [3, 20, 4, 21], [22, 16, 23, 15], [5, 24, 6, 1], [19, 2, 20, 3], [21, 4, 22, 5], [6, 12, 7, 11]]"
12n_0675_59,"[[6, 12, 7, 11], [8, 14, 9, 13], [10, 18, 11, 17], [12, 8, 13, 7], [14, 24, 15, 23], [16, 10, 17, 9], [1, 18, 2, 19], [3, 20, 4, 21], [22, 16, 23, 15], [5, 24, 6, 1], [19, 2, 20, 3], [21, 4, 22, 5]]"
12n_0675_60,"[[22, 5, 23, 6], [7, 13, 8, 12], [9, 15, 10, 14], [11, 19, 12, 18], [13, 9, 14, 8], [15, 1, 16, 24], [17, 11, 18, 10], [2, 19, 3, 20], [4, 21, 5, 22], [23, 17, 24, 16], [6, 1, 7, 2], [20, 3, 21, 4]]"
12n_0675_61,"[[20, 3, 21, 4], [22, 5, 23, 6], [7, 13, 8, 12], [9, 15, 10, 14], [11, 19, 12, 18], [13, 9, 14, 8], [15, 1, 16, 24], [17, 11, 18, 10], [2, 19, 3, 20], [4, 21, 5, 22], [23, 17, 24, 16], [6, 1, 7, 2]]"
12n_0675_62,"[[6, 1, 7, 2], [20, 3, 21, 4], [22, 5, 23, 6], [7, 13, 8, 12], [9, 15, 10, 14], [11, 19, 12, 18], [13, 9, 14, 8], [15, 1, 16, 24], [17, 11, 18, 10], [2, 19, 3, 20], [4, 21, 5, 22], [23, 17, 24, 16]]"
12n_0675_63,"[[23, 17, 24, 16], [6, 1, 7, 2], [20, 3, 21, 4], [22, 5, 23, 6], [7, 13, 8, 12], [9, 15, 10, 14], [11, 19, 12, 18], [13, 9, 14, 8], [15, 1, 16, 24], [17, 11, 18, 10], [2, 19, 3, 20], [4, 21, 5, 22]]"
12n_0675_64,"[[4, 21, 5, 22], [23, 17, 24, 16], [6, 1, 7, 2], [20, 3, 21, 4], [22, 5, 23, 6], [7, 13, 8, 12], [9, 15, 10, 14], [11, 19, 12, 18], [13, 9, 14, 8], [15, 1, 16, 24], [17, 11, 18, 10], [2, 19, 3, 20]]"
12n_0675_65,"[[2, 19, 3, 20], [4, 21, 5, 22], [23, 17, 24, 16], [6, 1, 7, 2], [20, 3, 21, 4], [22, 5, 23, 6], [7, 13, 8, 12], [9, 15, 10, 14], [11, 19, 12, 18], [13, 9, 14, 8], [15, 1, 16, 24], [17, 11, 18, 10]]"
12n_0675_66,"[[17, 11, 18, 10], [2, 19, 3, 20], [4, 21, 5, 22], [23, 17, 24, 16], [6, 1, 7, 2], [20, 3, 21, 4], [22, 5, 23, 6], [7, 13, 8, 12], [9, 15, 10, 14], [11, 19, 12, 18], [13, 9, 14, 8], [15, 1, 16, 24]]"
12n_0675_67,"[[15, 1, 16, 24], [17, 11, 18, 10], [2, 19, 3, 20], [4, 21, 5, 22], [23, 17, 24, 16], [6, 1, 7, 2], [20, 3, 21, 4], [22, 5, 23, 6], [7, 13, 8, 12], [9, 15, 10, 14], [11, 19, 12, 18], [13, 9, 14, 8]]"
12n_0675_68,"[[13, 9, 14, 8], [15, 1, 16, 24], [17, 11, 18, 10], [2, 19, 3, 20], [4, 21, 5, 22], [23, 17, 24, 16], [6, 1, 7, 2], [20, 3, 21, 4], [22, 5, 23, 6], [7, 13, 8, 12], [9, 15, 10, 14], [11, 19, 12, 18]]"
12n_0675_69,"[[11, 19, 12, 18], [13, 9, 14, 8], [15, 1, 16, 24], [17, 11, 18, 10], [2, 19, 3, 20], [4, 21, 5, 22], [23, 17, 24, 16], [6, 1, 7, 2], [20, 3, 21, 4], [22, 5, 23, 6], [7, 13, 8, 12], [9, 15, 10, 14]]"
12n_0675_70,"[[9, 15, 10, 14], [11, 19, 12, 18], [13, 9, 14, 8], [15, 1, 16, 24], [17, 11, 18, 10], [2, 19, 3, 20], [4, 21, 5, 22], [23, 17, 24, 16], [6, 1, 7, 2], [20, 3, 21, 4], [22, 5, 23, 6], [7, 13, 8, 12]]"
12n_0675_71,"[[7, 13, 8, 12], [9, 15, 10, 14], [11, 19, 12, 18], [13, 9, 14, 8], [15, 1, 16, 24], [17, 11, 18, 10], [2, 19, 3, 20], [4, 21, 5, 22], [23, 17, 24, 16], [6, 1, 7, 2], [20, 3, 21, 4], [22, 5, 23, 6]]"
12n_0675_72,"[[23, 6, 24, 7], [8, 14, 9, 13], [10, 16, 11, 15], [12, 20, 13, 19], [14, 10, 15, 9], [16, 2, 17, 1], [18, 12, 19, 11], [3, 20, 4, 21], [5, 22, 6, 23], [24, 18, 1, 17], [7, 2, 8, 3], [21, 4, 22, 5]]"
12n_0675_73,"[[21, 4, 22, 5], [23, 6, 24, 7], [8, 14, 9, 13], [10, 16, 11, 15], [12, 20, 13, 19], [14, 10, 15, 9], [16, 2, 17, 1], [18, 12, 19, 11], [3, 20, 4, 21], [5, 22, 6, 23], [24, 18, 1, 17], [7, 2, 8, 3]]"
12n_0675_74,"[[7, 2, 8, 3], [21, 4, 22, 5], [23, 6, 24, 7], [8, 14, 9, 13], [10, 16, 11, 15], [12, 20, 13, 19], [14, 10, 15, 9], [16, 2, 17, 1], [18, 12, 19, 11], [3, 20, 4, 21], [5, 22, 6, 23], [24, 18, 1, 17]]"
12n_0675_75,"[[24, 18, 1, 17], [7, 2, 8, 3], [21, 4, 22, 5], [23, 6, 24, 7], [8, 14, 9, 13], [10, 16, 11, 15], [12, 20, 13, 19], [14, 10, 15, 9], [16, 2, 17, 1], [18, 12, 19, 11], [3, 20, 4, 21], [5, 22, 6, 23]]"
12n_0675_76,"[[5, 22, 6, 23], [24, 18, 1, 17], [7, 2, 8, 3], [21, 4, 22, 5], [23, 6, 24, 7], [8, 14, 9, 13], [10, 16, 11, 15], [12, 20, 13, 19], [14, 10, 15, 9], [16, 2, 17, 1], [18, 12, 19, 11], [3, 20, 4, 21]]"
12n_0675_77,"[[3, 20, 4, 21], [5, 22, 6, 23], [24, 18, 1, 17], [7, 2, 8, 3], [21, 4, 22, 5], [23, 6, 24, 7], [8, 14, 9, 13], [10, 16, 11, 15], [12, 20, 13, 19], [14, 10, 15, 9], [16, 2, 17, 1], [18, 12, 19, 11]]"
12n_0675_78,"[[18, 12, 19, 11], [3, 20, 4, 21], [5, 22, 6, 23], [24, 18, 1, 17], [7, 2, 8, 3], [21, 4, 22, 5], [23, 6, 24, 7], [8, 14, 9, 13], [10, 16, 11, 15], [12, 20, 13, 19], [14, 10, 15, 9], [16, 2, 17, 1]]"
12n_0675_79,"[[16, 2, 17, 1], [18, 12, 19, 11], [3, 20, 4, 21], [5, 22, 6, 23], [24, 18, 1, 17], [7, 2, 8, 3], [21, 4, 22, 5], [23, 6, 24, 7], [8, 14, 9, 13], [10, 16, 11, 15], [12, 20, 13, 19], [14, 10, 15, 9]]"
12n_0675_80,"[[14, 10, 15, 9], [16, 2, 17, 1], [18, 12, 19, 11], [3, 20, 4, 21], [5, 22, 6, 23], [24, 18, 1, 17], [7, 2, 8, 3], [21, 4, 22, 5], [23, 6, 24, 7], [8, 14, 9, 13], [10, 16, 11, 15], [12, 20, 13, 19]]"
12n_0675_81,"[[12, 20, 13, 19], [14, 10, 15, 9], [16, 2, 17, 1], [18, 12, 19, 11], [3, 20, 4, 21], [5, 22, 6, 23], [24, 18, 1, 17], [7, 2, 8, 3], [21, 4, 22, 5], [23, 6, 24, 7], [8, 14, 9, 13], [10, 16, 11, 15]]"
12n_0675_82,"[[10, 16, 11, 15], [12, 20, 13, 19], [14, 10, 15, 9], [16, 2, 17, 1], [18, 12, 19, 11], [3, 20, 4, 21], [5, 22, 6, 23], [24, 18, 1, 17], [7, 2, 8, 3], [21, 4, 22, 5], [23, 6, 24, 7], [8, 14, 9, 13]]"
12n_0675_83,"[[8, 14, 9, 13], [10, 16, 11, 15], [12, 20, 13, 19], [14, 10, 15, 9], [16, 2, 17, 1], [18, 12, 19, 11], [3, 20, 4, 21], [5, 22, 6, 23], [24, 18, 1, 17], [7, 2, 8, 3], [21, 4, 22, 5], [23, 6, 24, 7]]"
12n_0675_84,"[[24, 7, 1, 8], [9, 15, 10, 14], [11, 17, 12, 16], [13, 21, 14, 20], [15, 11, 16, 10], [17, 3, 18, 2], [19, 13, 20, 12], [4, 21, 5, 22], [6, 23, 7, 24], [1, 19, 2, 18], [8, 3, 9, 4], [22, 5, 23, 6]]"
12n_0675_85,"[[22, 5, 23, 6], [24, 7, 1, 8], [9, 15, 10, 14], [11, 17, 12, 16], [13, 21, 14, 20], [15, 11, 16, 10], [17, 3, 18, 2], [19, 13, 20, 12], [4, 21, 5, 22], [6, 23, 7, 24], [1, 19, 2, 18], [8, 3, 9, 4]]"
12n_0675_86,"[[8, 3, 9, 4], [22, 5, 23, 6], [24, 7, 1, 8], [9, 15, 10, 14], [11, 17, 12, 16], [13, 21, 14, 20], [15, 11, 16, 10], [17, 3, 18, 2], [19, 13, 20, 12], [4, 21, 5, 22], [6, 23, 7, 24], [1, 19, 2, 18]]"
12n_0675_87,"[[1, 19, 2, 18], [8, 3, 9, 4], [22, 5, 23, 6], [24, 7, 1, 8], [9, 15, 10, 14], [11, 17, 12, 16], [13, 21, 14, 20], [15, 11, 16, 10], [17, 3, 18, 2], [19, 13, 20, 12], [4, 21, 5, 22], [6, 23, 7, 24]]"
12n_0675_88,"[[6, 23, 7, 24], [1, 19, 2, 18], [8, 3, 9, 4], [22, 5, 23, 6], [24, 7, 1, 8], [9, 15, 10, 14], [11, 17, 12, 16], [13, 21, 14, 20], [15, 11, 16, 10], [17, 3, 18, 2], [19, 13, 20, 12], [4, 21, 5, 22]]"
12n_0675_89,"[[4, 21, 5, 22], [6, 23, 7, 24], [1, 19, 2, 18], [8, 3, 9, 4], [22, 5, 23, 6], [24, 7, 1, 8], [9, 15, 10, 14], [11, 17, 12, 16], [13, 21, 14, 20], [15, 11, 16, 10], [17, 3, 18, 2], [19, 13, 20, 12]]"
12n_0675_90,"[[19, 13, 20, 12], [4, 21, 5, 22], [6, 23, 7, 24], [1, 19, 2, 18], [8, 3, 9, 4], [22, 5, 23, 6], [24, 7, 1, 8], [9, 15, 10, 14], [11, 17, 12, 16], [13, 21, 14, 20], [15, 11, 16, 10], [17, 3, 18, 2]]"
12n_0675_91,"[[17, 3, 18, 2], [19, 13, 20, 12], [4, 21, 5, 22], [6, 23, 7, 24], [1, 19, 2, 18], [8, 3, 9, 4], [22, 5, 23, 6], [24, 7, 1, 8], [9, 15, 10, 14], [11, 17, 12, 16], [13, 21, 14, 20], [15, 11, 16, 10]]"
12n_0675_92,"[[15, 11, 16, 10], [17, 3, 18, 2], [19, 13, 20, 12], [4, 21, 5, 22], [6, 23, 7, 24], [1, 19, 2, 18], [8, 3, 9, 4], [22, 5, 23, 6], [24, 7, 1, 8], [9, 15, 10, 14], [11, 17, 12, 16], [13, 21, 14, 20]]"
12n_0675_93,"[[13, 21, 14, 20], [15, 11, 16, 10], [17, 3, 18, 2], [19, 13, 20, 12], [4, 21, 5, 22], [6, 23, 7, 24], [1, 19, 2, 18], [8, 3, 9, 4], [22, 5, 23, 6], [24, 7, 1, 8], [9, 15, 10, 14], [11, 17, 12, 16]]"
12n_0675_94,"[[11, 17, 12, 16], [13, 21, 14, 20], [15, 11, 16, 10], [17, 3, 18, 2], [19, 13, 20, 12], [4, 21, 5, 22], [6, 23, 7, 24], [1, 19, 2, 18], [8, 3, 9, 4], [22, 5, 23, 6], [24, 7, 1, 8], [9, 15, 10, 14]]"
12n_0675_95,"[[9, 15, 10, 14], [11, 17, 12, 16], [13, 21, 14, 20], [15, 11, 16, 10], [17, 3, 18, 2], [19, 13, 20, 12], [4, 21, 5, 22], [6, 23, 7, 24], [1, 19, 2, 18], [8, 3, 9, 4], [22, 5, 23, 6], [24, 7, 1, 8]]"
12n_0675_96,"[[1, 8, 2, 9], [10, 16, 11, 15], [12, 18, 13, 17], [14, 22, 15, 21], [16, 12, 17, 11], [18, 4, 19, 3], [20, 14, 21, 13], [5, 22, 6, 23], [7, 24, 8, 1], [2, 20, 3, 19], [9, 4, 10, 5], [23, 6, 24, 7]]"
12n_0675_97,"[[23, 6, 24, 7], [1, 8, 2, 9], [10, 16, 11, 15], [12, 18, 13, 17], [14, 22, 15, 21], [16, 12, 17, 11], [18, 4, 19, 3], [20, 14, 21, 13], [5, 22, 6, 23], [7, 24, 8, 1], [2, 20, 3, 19], [9, 4, 10, 5]]"
12n_0675_98,"[[9, 4, 10, 5], [23, 6, 24, 7], [1, 8, 2, 9], [10, 16, 11, 15], [12, 18, 13, 17], [14, 22, 15, 21], [16, 12, 17, 11], [18, 4, 19, 3], [20, 14, 21, 13], [5, 22, 6, 23], [7, 24, 8, 1], [2, 20, 3, 19]]"
12n_0675_99,"[[2, 20, 3, 19], [9, 4, 10, 5], [23, 6, 24, 7], [1, 8, 2, 9], [10, 16, 11, 15], [12, 18, 13, 17], [14, 22, 15, 21], [16, 12, 17, 11], [18, 4, 19, 3], [20, 14, 21, 13], [5, 22, 6, 23], [7, 24, 8, 1]]"
12n_0675_100,"[[7, 24, 8, 1], [2, 20, 3, 19], [9, 4, 10, 5], [23, 6, 24, 7], [1, 8, 2, 9], [10, 16, 11, 15], [12, 18, 13, 17], [14, 22, 15, 21], [16, 12, 17, 11], [18, 4, 19, 3], [20, 14, 21, 13], [5, 22, 6, 23]]"
12n_0675_101,"[[5, 22, 6, 23], [7, 24, 8, 1], [2, 20, 3, 19], [9, 4, 10, 5], [23, 6, 24, 7], [1, 8, 2, 9], [10, 16, 11, 15], [12, 18, 13, 17], [14, 22, 15, 21], [16, 12, 17, 11], [18, 4, 19, 3], [20, 14, 21, 13]]"
12n_0675_102,"[[20, 14, 21, 13], [5, 22, 6, 23], [7, 24, 8, 1], [2, 20, 3, 19], [9, 4, 10, 5], [23, 6, 24, 7], [1, 8, 2, 9], [10, 16, 11, 15], [12, 18, 13, 17], [14, 22, 15, 21], [16, 12, 17, 11], [18, 4, 19, 3]]"
12n_0675_103,"[[18, 4, 19, 3], [20, 14, 21, 13], [5, 22, 6, 23], [7, 24, 8, 1], [2, 20, 3, 19], [9, 4, 10, 5], [23, 6, 24, 7], [1, 8, 2, 9], [10, 16, 11, 15], [12, 18, 13, 17], [14, 22, 15, 21], [16, 12, 17, 11]]"
12n_0675_104,"[[16, 12, 17, 11], [18, 4, 19, 3], [20, 14, 21, 13], [5, 22, 6, 23], [7, 24, 8, 1], [2, 20, 3, 19], [9, 4, 10, 5], [23, 6, 24, 7], [1, 8, 2, 9], [10, 16, 11, 15], [12, 18, 13, 17], [14, 22, 15, 21]]"
12n_0675_105,"[[14, 22, 15, 21], [16, 12, 17, 11], [18, 4, 19, 3], [20, 14, 21, 13], [5, 22, 6, 23], [7, 24, 8, 1], [2, 20, 3, 19], [9, 4, 10, 5], [23, 6, 24, 7], [1, 8, 2, 9], [10, 16, 11, 15], [12, 18, 13, 17]]"
12n_0675_106,"[[12, 18, 13, 17], [14, 22, 15, 21], [16, 12, 17, 11], [18, 4, 19, 3], [20, 14, 21, 13], [5, 22, 6, 23], [7, 24, 8, 1], [2, 20, 3, 19], [9, 4, 10, 5], [23, 6, 24, 7], [1, 8, 2, 9], [10, 16, 11, 15]]"
12n_0675_107,"[[10, 16, 11, 15], [12, 18, 13, 17], [14, 22, 15, 21], [16, 12, 17, 11], [18, 4, 19, 3], [20, 14, 21, 13], [5, 22, 6, 23], [7, 24, 8, 1], [2, 20, 3, 19], [9, 4, 10, 5], [23, 6, 24, 7], [1, 8, 2, 9]]"
12n_0675_108,"[[2, 9, 3, 10], [11, 17, 12, 16], [13, 19, 14, 18], [15, 23, 16, 22], [17, 13, 18, 12], [19, 5, 20, 4], [21, 15, 22, 14], [6, 23, 7, 24], [8, 1, 9, 2], [3, 21, 4, 20], [10, 5, 11, 6], [24, 7, 1, 8]]"
12n_0675_109,"[[24, 7, 1, 8], [2, 9, 3, 10], [11, 17, 12, 16], [13, 19, 14, 18], [15, 23, 16, 22], [17, 13, 18, 12], [19, 5, 20, 4], [21, 15, 22, 14], [6, 23, 7, 24], [8, 1, 9, 2], [3, 21, 4, 20], [10, 5, 11, 6]]"
12n_0675_110,"[[10, 5, 11, 6], [24, 7, 1, 8], [2, 9, 3, 10], [11, 17, 12, 16], [13, 19, 14, 18], [15, 23, 16, 22], [17, 13, 18, 12], [19, 5, 20, 4], [21, 15, 22, 14], [6, 23, 7, 24], [8, 1, 9, 2], [3, 21, 4, 20]]"
12n_0675_111,"[[3, 21, 4, 20], [10, 5, 11, 6], [24, 7, 1, 8], [2, 9, 3, 10], [11, 17, 12, 16], [13, 19, 14, 18], [15, 23, 16, 22], [17, 13, 18, 12], [19, 5, 20, 4], [21, 15, 22, 14], [6, 23, 7, 24], [8, 1, 9, 2]]"
12n_0675_112,"[[8, 1, 9, 2], [3, 21, 4, 20], [10, 5, 11, 6], [24, 7, 1, 8], [2, 9, 3, 10], [11, 17, 12, 16], [13, 19, 14, 18], [15, 23, 16, 22], [17, 13, 18, 12], [19, 5, 20, 4], [21, 15, 22, 14], [6, 23, 7, 24]]"
12n_0675_113,"[[6, 23, 7, 24], [8, 1, 9, 2], [3, 21, 4, 20], [10, 5, 11, 6], [24, 7, 1, 8], [2, 9, 3, 10], [11, 17, 12, 16], [13, 19, 14, 18], [15, 23, 16, 22], [17, 13, 18, 12], [19, 5, 20, 4], [21, 15, 22, 14]]"
12n_0675_114,"[[21, 15, 22, 14], [6, 23, 7, 24], [8, 1, 9, 2], [3, 21, 4, 20], [10, 5, 11, 6], [24, 7, 1, 8], [2, 9, 3, 10], [11, 17, 12, 16], [13, 19, 14, 18], [15, 23, 16, 22], [17, 13, 18, 12], [19, 5, 20, 4]]"
12n_0675_115,"[[19, 5, 20, 4], [21, 15, 22, 14], [6, 23, 7, 24], [8, 1, 9, 2], [3, 21, 4, 20], [10, 5, 11, 6], [24, 7, 1, 8], [2, 9, 3, 10], [11, 17, 12, 16], [13, 19, 14, 18], [15, 23, 16, 22], [17, 13, 18, 12]]"
12n_0675_116,"[[17, 13, 18, 12], [19, 5, 20, 4], [21, 15, 22, 14], [6, 23, 7, 24], [8, 1, 9, 2], [3, 21, 4, 20], [10, 5, 11, 6], [24, 7, 1, 8], [2, 9, 3, 10], [11, 17, 12, 16], [13, 19, 14, 18], [15, 23, 16, 22]]"
12n_0675_117,"[[15, 23, 16, 22], [17, 13, 18, 12], [19, 5, 20, 4], [21, 15, 22, 14], [6, 23, 7, 24], [8, 1, 9, 2], [3, 21, 4, 20], [10, 5, 11, 6], [24, 7, 1, 8], [2, 9, 3, 10], [11, 17, 12, 16], [13, 19, 14, 18]]"
12n_0675_118,"[[13, 19, 14, 18], [15, 23, 16, 22], [17, 13, 18, 12], [19, 5, 20, 4], [21, 15, 22, 14], [6, 23, 7, 24], [8, 1, 9, 2], [3, 21, 4, 20], [10, 5, 11, 6], [24, 7, 1, 8], [2, 9, 3, 10], [11, 17, 12, 16]]"
12n_0675_119,"[[11, 17, 12, 16], [13, 19, 14, 18], [15, 23, 16, 22], [17, 13, 18, 12], [19, 5, 20, 4], [21, 15, 22, 14], [6, 23, 7, 24], [8, 1, 9, 2], [3, 21, 4, 20], [10, 5, 11, 6], [24, 7, 1, 8], [2, 9, 3, 10]]"
12n_0675_120,"[[3, 10, 4, 11], [12, 18, 13, 17], [14, 20, 15, 19], [16, 24, 17, 23], [18, 14, 19, 13], [20, 6, 21, 5], [22, 16, 23, 15], [7, 24, 8, 1], [9, 2, 10, 3], [4, 22, 5, 21], [11, 6, 12, 7], [1, 8, 2, 9]]"
12n_0675_121,"[[1, 8, 2, 9], [3, 10, 4, 11], [12, 18, 13, 17], [14, 20, 15, 19], [16, 24, 17, 23], [18, 14, 19, 13], [20, 6, 21, 5], [22, 16, 23, 15], [7, 24, 8, 1], [9, 2, 10, 3], [4, 22, 5, 21], [11, 6, 12, 7]]"
12n_0675_122,"[[11, 6, 12, 7], [1, 8, 2, 9], [3, 10, 4, 11], [12, 18, 13, 17], [14, 20, 15, 19], [16, 24, 17, 23], [18, 14, 19, 13], [20, 6, 21, 5], [22, 16, 23, 15], [7, 24, 8, 1], [9, 2, 10, 3], [4, 22, 5, 21]]"
12n_0675_123,"[[4, 22, 5, 21], [11, 6, 12, 7], [1, 8, 2, 9], [3, 10, 4, 11], [12, 18, 13, 17], [14, 20, 15, 19], [16, 24, 17, 23], [18, 14, 19, 13], [20, 6, 21, 5], [22, 16, 23, 15], [7, 24, 8, 1], [9, 2, 10, 3]]"
12n_0675_124,"[[9, 2, 10, 3], [4, 22, 5, 21], [11, 6, 12, 7], [1, 8, 2, 9], [3, 10, 4, 11], [12, 18, 13, 17], [14, 20, 15, 19], [16, 24, 17, 23], [18, 14, 19, 13], [20, 6, 21, 5], [22, 16, 23, 15], [7, 24, 8, 1]]"
12n_0675_125,"[[7, 24, 8, 1], [9, 2, 10, 3], [4, 22, 5, 21], [11, 6, 12, 7], [1, 8, 2, 9], [3, 10, 4, 11], [12, 18, 13, 17], [14, 20, 15, 19], [16, 24, 17, 23], [18, 14, 19, 13], [20, 6, 21, 5], [22, 16, 23, 15]]"
12n_0675_126,"[[22, 16, 23, 15], [7, 24, 8, 1], [9, 2, 10, 3], [4, 22, 5, 21], [11, 6, 12, 7], [1, 8, 2, 9], [3, 10, 4, 11], [12, 18, 13, 17], [14, 20, 15, 19], [16, 24, 17, 23], [18, 14, 19, 13], [20, 6, 21, 5]]"
12n_0675_127,"[[20, 6, 21, 5], [22, 16, 23, 15], [7, 24, 8, 1], [9, 2, 10, 3], [4, 22, 5, 21], [11, 6, 12, 7], [1, 8, 2, 9], [3, 10, 4, 11], [12, 18, 13, 17], [14, 20, 15, 19], [16, 24, 17, 23], [18, 14, 19, 13]]"
12n_0675_128,"[[18, 14, 19, 13], [20, 6, 21, 5], [22, 16, 23, 15], [7, 24, 8, 1], [9, 2, 10, 3], [4, 22, 5, 21], [11, 6, 12, 7], [1, 8, 2, 9], [3, 10, 4, 11], [12, 18, 13, 17], [14, 20, 15, 19], [16, 24, 17, 23]]"
12n_0675_129,"[[16, 24, 17, 23], [18, 14, 19, 13], [20, 6, 21, 5], [22, 16, 23, 15], [7, 24, 8, 1], [9, 2, 10, 3], [4, 22, 5, 21], [11, 6, 12, 7], [1, 8, 2, 9], [3, 10, 4, 11], [12, 18, 13, 17], [14, 20, 15, 19]]"
12n_0675_130,"[[14, 20, 15, 19], [16, 24, 17, 23], [18, 14, 19, 13], [20, 6, 21, 5], [22, 16, 23, 15], [7, 24, 8, 1], [9, 2, 10, 3], [4, 22, 5, 21], [11, 6, 12, 7], [1, 8, 2, 9], [3, 10, 4, 11], [12, 18, 13, 17]]"
12n_0675_131,"[[12, 18, 13, 17], [14, 20, 15, 19], [16, 24, 17, 23], [18, 14, 19, 13], [20, 6, 21, 5], [22, 16, 23, 15], [7, 24, 8, 1], [9, 2, 10, 3], [4, 22, 5, 21], [11, 6, 12, 7], [1, 8, 2, 9], [3, 10, 4, 11]]"
12n_0675_132,"[[4, 11, 5, 12], [13, 19, 14, 18], [15, 21, 16, 20], [17, 1, 18, 24], [19, 15, 20, 14], [21, 7, 22, 6], [23, 17, 24, 16], [8, 1, 9, 2], [10, 3, 11, 4], [5, 23, 6, 22], [12, 7, 13, 8], [2, 9, 3, 10]]"
12n_0675_133,"[[2, 9, 3, 10], [4, 11, 5, 12], [13, 19, 14, 18], [15, 21, 16, 20], [17, 1, 18, 24], [19, 15, 20, 14], [21, 7, 22, 6], [23, 17, 24, 16], [8, 1, 9, 2], [10, 3, 11, 4], [5, 23, 6, 22], [12, 7, 13, 8]]"
12n_0675_134,"[[12, 7, 13, 8], [2, 9, 3, 10], [4, 11, 5, 12], [13, 19, 14, 18], [15, 21, 16, 20], [17, 1, 18, 24], [19, 15, 20, 14], [21, 7, 22, 6], [23, 17, 24, 16], [8, 1, 9, 2], [10, 3, 11, 4], [5, 23, 6, 22]]"
12n_0675_135,"[[5, 23, 6, 22], [12, 7, 13, 8], [2, 9, 3, 10], [4, 11, 5, 12], [13, 19, 14, 18], [15, 21, 16, 20], [17, 1, 18, 24], [19, 15, 20, 14], [21, 7, 22, 6], [23, 17, 24, 16], [8, 1, 9, 2], [10, 3, 11, 4]]"
12n_0675_136,"[[10, 3, 11, 4], [5, 23, 6, 22], [12, 7, 13, 8], [2, 9, 3, 10], [4, 11, 5, 12], [13, 19, 14, 18], [15, 21, 16, 20], [17, 1, 18, 24], [19, 15, 20, 14], [21, 7, 22, 6], [23, 17, 24, 16], [8, 1, 9, 2]]"
12n_0675_137,"[[8, 1, 9, 2], [10, 3, 11, 4], [5, 23, 6, 22], [12, 7, 13, 8], [2, 9, 3, 10], [4, 11, 5, 12], [13, 19, 14, 18], [15, 21, 16, 20], [17, 1, 18, 24], [19, 15, 20, 14], [21, 7, 22, 6], [23, 17, 24, 16]]"
12n_0675_138,"[[23, 17, 24, 16], [8, 1, 9, 2], [10, 3, 11, 4], [5, 23, 6, 22], [12, 7, 13, 8], [2, 9, 3, 10], [4, 11, 5, 12], [13, 19, 14, 18], [15, 21, 16, 20], [17, 1, 18, 24], [19, 15, 20, 14], [21, 7, 22, 6]]"
12n_0675_139,"[[21, 7, 22, 6], [23, 17, 24, 16], [8, 1, 9, 2], [10, 3, 11, 4], [5, 23, 6, 22], [12, 7, 13, 8], [2, 9, 3, 10], [4, 11, 5, 12], [13, 19, 14, 18], [15, 21, 16, 20], [17, 1, 18, 24], [19, 15, 20, 14]]"
12n_0675_140,"[[19, 15, 20, 14], [21, 7, 22, 6], [23, 17, 24, 16], [8, 1, 9, 2], [10, 3, 11, 4], [5, 23, 6, 22], [12, 7, 13, 8], [2, 9, 3, 10], [4, 11, 5, 12], [13, 19, 14, 18], [15, 21, 16, 20], [17, 1, 18, 24]]"
12n_0675_141,"[[17, 1, 18, 24], [19, 15, 20, 14], [21, 7, 22, 6], [23, 17, 24, 16], [8, 1, 9, 2], [10, 3, 11, 4], [5, 23, 6, 22], [12, 7, 13, 8], [2, 9, 3, 10], [4, 11, 5, 12], [13, 19, 14, 18], [15, 21, 16, 20]]"
12n_0675_142,"[[15, 21, 16, 20], [17, 1, 18, 24], [19, 15, 20, 14], [21, 7, 22, 6], [23, 17, 24, 16], [8, 1, 9, 2], [10, 3, 11, 4], [5, 23, 6, 22], [12, 7, 13, 8], [2, 9, 3, 10], [4, 11, 5, 12], [13, 19, 14, 18]]"
12n_0675_143,"[[13, 19, 14, 18], [15, 21, 16, 20], [17, 1, 18, 24], [19, 15, 20, 14], [21, 7, 22, 6], [23, 17, 24, 16], [8, 1, 9, 2], [10, 3, 11, 4], [5, 23, 6, 22], [12, 7, 13, 8], [2, 9, 3, 10], [4, 11, 5, 12]]"
12n_0675_144,"[[5, 12, 6, 13], [14, 20, 15, 19], [16, 22, 17, 21], [18, 2, 19, 1], [20, 16, 21, 15], [22, 8, 23, 7], [24, 18, 1, 17], [9, 2, 10, 3], [11, 4, 12, 5], [6, 24, 7, 23], [13, 8, 14, 9], [3, 10, 4, 11]]"
12n_0675_145,"[[3, 10, 4, 11], [5, 12, 6, 13], [14, 20, 15, 19], [16, 22, 17, 21], [18, 2, 19, 1], [20, 16, 21, 15], [22, 8, 23, 7], [24, 18, 1, 17], [9, 2, 10, 3], [11, 4, 12, 5], [6, 24, 7, 23], [13, 8, 14, 9]]"
12n_0675_146,"[[13, 8, 14, 9], [3, 10, 4, 11], [5, 12, 6, 13], [14, 20, 15, 19], [16, 22, 17, 21], [18, 2, 19, 1], [20, 16, 21, 15], [22, 8, 23, 7], [24, 18, 1, 17], [9, 2, 10, 3], [11, 4, 12, 5], [6, 24, 7, 23]]"
12n_0675_147,"[[6, 24, 7, 23], [13, 8, 14, 9], [3, 10, 4, 11], [5, 12, 6, 13], [14, 20, 15, 19], [16, 22, 17, 21], [18, 2, 19, 1], [20, 16, 21, 15], [22, 8, 23, 7], [24, 18, 1, 17], [9, 2, 10, 3], [11, 4, 12, 5]]"
12n_0675_148,"[[11, 4, 12, 5], [6, 24, 7, 23], [13, 8, 14, 9], [3, 10, 4, 11], [5, 12, 6, 13], [14, 20, 15, 19], [16, 22, 17, 21], [18, 2, 19, 1], [20, 16, 21, 15], [22, 8, 23, 7], [24, 18, 1, 17], [9, 2, 10, 3]]"
12n_0675_149,"[[9, 2, 10, 3], [11, 4, 12, 5], [6, 24, 7, 23], [13, 8, 14, 9], [3, 10, 4, 11], [5, 12, 6, 13], [14, 20, 15, 19], [16, 22, 17, 21], [18, 2, 19, 1], [20, 16, 21, 15], [22, 8, 23, 7], [24, 18, 1, 17]]"
12n_0675_150,"[[24, 18, 1, 17], [9, 2, 10, 3], [11, 4, 12, 5], [6, 24, 7, 23], [13, 8, 14, 9], [3, 10, 4, 11], [5, 12, 6, 13], [14, 20, 15, 19], [16, 22, 17, 21], [18, 2, 19, 1], [20, 16, 21, 15], [22, 8, 23, 7]]"
12n_0675_151,"[[22, 8, 23, 7], [24, 18, 1, 17], [9, 2, 10, 3], [11, 4, 12, 5], [6, 24, 7, 23], [13, 8, 14, 9], [3, 10, 4, 11], [5, 12, 6, 13], [14, 20, 15, 19], [16, 22, 17, 21], [18, 2, 19, 1], [20, 16, 21, 15]]"
12n_0675_152,"[[20, 16, 21, 15], [22, 8, 23, 7], [24, 18, 1, 17], [9, 2, 10, 3], [11, 4, 12, 5], [6, 24, 7, 23], [13, 8, 14, 9], [3, 10, 4, 11], [5, 12, 6, 13], [14, 20, 15, 19], [16, 22, 17, 21], [18, 2, 19, 1]]"
12n_0675_153,"[[18, 2, 19, 1], [20, 16, 21, 15], [22, 8, 23, 7], [24, 18, 1, 17], [9, 2, 10, 3], [11, 4, 12, 5], [6, 24, 7, 23], [13, 8, 14, 9], [3, 10, 4, 11], [5, 12, 6, 13], [14, 20, 15, 19], [16, 22, 17, 21]]"
12n_0675_154,"[[16, 22, 17, 21], [18, 2, 19, 1], [20, 16, 21, 15], [22, 8, 23, 7], [24, 18, 1, 17], [9, 2, 10, 3], [11, 4, 12, 5], [6, 24, 7, 23], [13, 8, 14, 9], [3, 10, 4, 11], [5, 12, 6, 13], [14, 20, 15, 19]]"
12n_0675_155,"[[14, 20, 15, 19], [16, 22, 17, 21], [18, 2, 19, 1], [20, 16, 21, 15], [22, 8, 23, 7], [24, 18, 1, 17], [9, 2, 10, 3], [11, 4, 12, 5], [6, 24, 7, 23], [13, 8, 14, 9], [3, 10, 4, 11], [5, 12, 6, 13]]"
12n_0675_156,"[[6, 13, 7, 14], [15, 21, 16, 20], [17, 23, 18, 22], [19, 3, 20, 2], [21, 17, 22, 16], [23, 9, 24, 8], [1, 19, 2, 18], [10, 3, 11, 4], [12, 5, 13, 6], [7, 1, 8, 24], [14, 9, 15, 10], [4, 11, 5, 12]]"
12n_0675_157,"[[4, 11, 5, 12], [6, 13, 7, 14], [15, 21, 16, 20], [17, 23, 18, 22], [19, 3, 20, 2], [21, 17, 22, 16], [23, 9, 24, 8], [1, 19, 2, 18], [10, 3, 11, 4], [12, 5, 13, 6], [7, 1, 8, 24], [14, 9, 15, 10]]"
12n_0675_158,"[[14, 9, 15, 10], [4, 11, 5, 12], [6, 13, 7, 14], [15, 21, 16, 20], [17, 23, 18, 22], [19, 3, 20, 2], [21, 17, 22, 16], [23, 9, 24, 8], [1, 19, 2, 18], [10, 3, 11, 4], [12, 5, 13, 6], [7, 1, 8, 24]]"
12n_0675_159,"[[7, 1, 8, 24], [14, 9, 15, 10], [4, 11, 5, 12], [6, 13, 7, 14], [15, 21, 16, 20], [17, 23, 18, 22], [19, 3, 20, 2], [21, 17, 22, 16], [23, 9, 24, 8], [1, 19, 2, 18], [10, 3, 11, 4], [12, 5, 13, 6]]"
12n_0675_160,"[[12, 5, 13, 6], [7, 1, 8, 24], [14, 9, 15, 10], [4, 11, 5, 12], [6, 13, 7, 14], [15, 21, 16, 20], [17, 23, 18, 22], [19, 3, 20, 2], [21, 17, 22, 16], [23, 9, 24, 8], [1, 19, 2, 18], [10, 3, 11, 4]]"
12n_0675_161,"[[10, 3, 11, 4], [12, 5, 13, 6], [7, 1, 8, 24], [14, 9, 15, 10], [4, 11, 5, 12], [6, 13, 7, 14], [15, 21, 16, 20], [17, 23, 18, 22], [19, 3, 20, 2], [21, 17, 22, 16], [23, 9, 24, 8], [1, 19, 2, 18]]"
12n_0675_162,"[[1, 19, 2, 18], [10, 3, 11, 4], [12, 5, 13, 6], [7, 1, 8, 24], [14, 9, 15, 10], [4, 11, 5, 12], [6, 13, 7, 14], [15, 21, 16, 20], [17, 23, 18, 22], [19, 3, 20, 2], [21, 17, 22, 16], [23, 9, 24, 8]]"
12n_0675_163,"[[23, 9, 24, 8], [1, 19, 2, 18], [10, 3, 11, 4], [12, 5, 13, 6], [7, 1, 8, 24], [14, 9, 15, 10], [4, 11, 5, 12], [6, 13, 7, 14], [15, 21, 16, 20], [17, 23, 18, 22], [19, 3, 20, 2], [21, 17, 22, 16]]"
12n_0675_164,"[[21, 17, 22, 16], [23, 9, 24, 8], [1, 19, 2, 18], [10, 3, 11, 4], [12, 5, 13, 6], [7, 1, 8, 24], [14, 9, 15, 10], [4, 11, 5, 12], [6, 13, 7, 14], [15, 21, 16, 20], [17, 23, 18, 22], [19, 3, 20, 2]]"
12n_0675_165,"[[19, 3, 20, 2], [21, 17, 22, 16], [23, 9, 24, 8], [1, 19, 2, 18], [10, 3, 11, 4], [12, 5, 13, 6], [7, 1, 8, 24], [14, 9, 15, 10], [4, 11, 5, 12], [6, 13, 7, 14], [15, 21, 16, 20], [17, 23, 18, 22]]"
12n_0675_166,"[[17, 23, 18, 22], [19, 3, 20, 2], [21, 17, 22, 16], [23, 9, 24, 8], [1, 19, 2, 18], [10, 3, 11, 4], [12, 5, 13, 6], [7, 1, 8, 24], [14, 9, 15, 10], [4, 11, 5, 12], [6, 13, 7, 14], [15, 21, 16, 20]]"
12n_0675_167,"[[15, 21, 16, 20], [17, 23, 18, 22], [19, 3, 20, 2], [21, 17, 22, 16], [23, 9, 24, 8], [1, 19, 2, 18], [10, 3, 11, 4], [12, 5, 13, 6], [7, 1, 8, 24], [14, 9, 15, 10], [4, 11, 5, 12], [6, 13, 7, 14]]"
12n_0675_168,"[[7, 14, 8, 15], [16, 22, 17, 21], [18, 24, 19, 23], [20, 4, 21, 3], [22, 18, 23, 17], [24, 10, 1, 9], [2, 20, 3, 19], [11, 4, 12, 5], [13, 6, 14, 7], [8, 2, 9, 1], [15, 10, 16, 11], [5, 12, 6, 13]]"
12n_0675_169,"[[5, 12, 6, 13], [7, 14, 8, 15], [16, 22, 17, 21], [18, 24, 19, 23], [20, 4, 21, 3], [22, 18, 23, 17], [24, 10, 1, 9], [2, 20, 3, 19], [11, 4, 12, 5], [13, 6, 14, 7], [8, 2, 9, 1], [15, 10, 16, 11]]"
12n_0675_170,"[[15, 10, 16, 11], [5, 12, 6, 13], [7, 14, 8, 15], [16, 22, 17, 21], [18, 24, 19, 23], [20, 4, 21, 3], [22, 18, 23, 17], [24, 10, 1, 9], [2, 20, 3, 19], [11, 4, 12, 5], [13, 6, 14, 7], [8, 2, 9, 1]]"
12n_0675_171,"[[8, 2, 9, 1], [15, 10, 16, 11], [5, 12, 6, 13], [7, 14, 8, 15], [16, 22, 17, 21], [18, 24, 19, 23], [20, 4, 21, 3], [22, 18, 23, 17], [24, 10, 1, 9], [2, 20, 3, 19], [11, 4, 12, 5], [13, 6, 14, 7]]"
12n_0675_172,"[[13, 6, 14, 7], [8, 2, 9, 1], [15, 10, 16, 11], [5, 12, 6, 13], [7, 14, 8, 15], [16, 22, 17, 21], [18, 24, 19, 23], [20, 4, 21, 3], [22, 18, 23, 17], [24, 10, 1, 9], [2, 20, 3, 19], [11, 4, 12, 5]]"
12n_0675_173,"[[11, 4, 12, 5], [13, 6, 14, 7], [8, 2, 9, 1], [15, 10, 16, 11], [5, 12, 6, 13], [7, 14, 8, 15], [16, 22, 17, 21], [18, 24, 19, 23], [20, 4, 21, 3], [22, 18, 23, 17], [24, 10, 1, 9], [2, 20, 3, 19]]"
12n_0675_174,"[[2, 20, 3, 19], [11, 4, 12, 5], [13, 6, 14, 7], [8, 2, 9, 1], [15, 10, 16, 11], [5, 12, 6, 13], [7, 14, 8, 15], [16, 22, 17, 21], [18, 24, 19, 23], [20, 4, 21, 3], [22, 18, 23, 17], [24, 10, 1, 9]]"
12n_0675_175,"[[24, 10, 1, 9], [2, 20, 3, 19], [11, 4, 12, 5], [13, 6, 14, 7], [8, 2, 9, 1], [15, 10, 16, 11], [5, 12, 6, 13], [7, 14, 8, 15], [16, 22, 17, 21], [18, 24, 19, 23], [20, 4, 21, 3], [22, 18, 23, 17]]"
12n_0675_176,"[[22, 18, 23, 17], [24, 10, 1, 9], [2, 20, 3, 19], [11, 4, 12, 5], [13, 6, 14, 7], [8, 2, 9, 1], [15, 10, 16, 11], [5, 12, 6, 13], [7, 14, 8, 15], [16, 22, 17, 21], [18, 24, 19, 23], [20, 4, 21, 3]]"
12n_0675_177,"[[20, 4, 21, 3], [22, 18, 23, 17], [24, 10, 1, 9], [2, 20, 3, 19], [11, 4, 12, 5], [13, 6, 14, 7], [8, 2, 9, 1], [15, 10, 16, 11], [5, 12, 6, 13], [7, 14, 8, 15], [16, 22, 17, 21], [18, 24, 19, 23]]"
12n_0675_178,"[[18, 24, 19, 23], [20, 4, 21, 3], [22, 18, 23, 17], [24, 10, 1, 9], [2, 20, 3, 19], [11, 4, 12, 5], [13, 6, 14, 7], [8, 2, 9, 1], [15, 10, 16, 11], [5, 12, 6, 13], [7, 14, 8, 15], [16, 22, 17, 21]]"
12n_0675_179,"[[16, 22, 17, 21], [18, 24, 19, 23], [20, 4, 21, 3], [22, 18, 23, 17], [24, 10, 1, 9], [2, 20, 3, 19], [11, 4, 12, 5], [13, 6, 14, 7], [8, 2, 9, 1], [15, 10, 16, 11], [5, 12, 6, 13], [7, 14, 8, 15]]"
12n_0675_180,"[[8, 15, 9, 16], [17, 23, 18, 22], [19, 1, 20, 24], [21, 5, 22, 4], [23, 19, 24, 18], [1, 11, 2, 10], [3, 21, 4, 20], [12, 5, 13, 6], [14, 7, 15, 8], [9, 3, 10, 2], [16, 11, 17, 12], [6, 13, 7, 14]]"
12n_0675_181,"[[6, 13, 7, 14], [8, 15, 9, 16], [17, 23, 18, 22], [19, 1, 20, 24], [21, 5, 22, 4], [23, 19, 24, 18], [1, 11, 2, 10], [3, 21, 4, 20], [12, 5, 13, 6], [14, 7, 15, 8], [9, 3, 10, 2], [16, 11, 17, 12]]"
12n_0675_182,"[[16, 11, 17, 12], [6, 13, 7, 14], [8, 15, 9, 16], [17, 23, 18, 22], [19, 1, 20, 24], [21, 5, 22, 4], [23, 19, 24, 18], [1, 11, 2, 10], [3, 21, 4, 20], [12, 5, 13, 6], [14, 7, 15, 8], [9, 3, 10, 2]]"
12n_0675_183,"[[9, 3, 10, 2], [16, 11, 17, 12], [6, 13, 7, 14], [8, 15, 9, 16], [17, 23, 18, 22], [19, 1, 20, 24], [21, 5, 22, 4], [23, 19, 24, 18], [1, 11, 2, 10], [3, 21, 4, 20], [12, 5, 13, 6], [14, 7, 15, 8]]"
12n_0675_184,"[[14, 7, 15, 8], [9, 3, 10, 2], [16, 11, 17, 12], [6, 13, 7, 14], [8, 15, 9, 16], [17, 23, 18, 22], [19, 1, 20, 24], [21, 5, 22, 4], [23, 19, 24, 18], [1, 11, 2, 10], [3, 21, 4, 20], [12, 5, 13, 6]]"
12n_0675_185,"[[12, 5, 13, 6], [14, 7, 15, 8], [9, 3, 10, 2], [16, 11, 17, 12], [6, 13, 7, 14], [8, 15, 9, 16], [17, 23, 18, 22], [19, 1, 20, 24], [21, 5, 22, 4], [23, 19, 24, 18], [1, 11, 2, 10], [3, 21, 4, 20]]"
