name,pd_notation
12n_0772_0,"[[24, 15, 1, 16], [2, 8, 3, 7], [4, 12, 5, 11], [6, 18, 7, 17], [21, 9, 22, 8], [10, 4, 11, 3], [12, 23, 13, 24], [14, 19, 15, 20], [16, 6, 17, 5], [18, 1, 19, 2], [20, 13, 21, 14], [9, 23, 10, 22]]"
12n_0772_1,"[[9, 23, 10, 22], [24, 15, 1, 16], [2, 8, 3, 7], [4, 12, 5, 11], [6, 18, 7, 17], [21, 9, 22, 8], [10, 4, 11, 3], [12, 23, 13, 24], [14, 19, 15, 20], [16, 6, 17, 5], [18, 1, 19, 2], [20, 13, 21, 14]]"
12n_0772_2,"[[20, 13, 21, 14], [9, 23, 10, 22], [24, 15, 1, 16], [2, 8, 3, 7], [4, 12, 5, 11], [6, 18, 7, 17], [21, 9, 22, 8], [10, 4, 11, 3], [12, 23, 13, 24], [14, 19, 15, 20], [16, 6, 17, 5], [18, 1, 19, 2]]"
12n_0772_3,"[[18, 1, 19, 2], [20, 13, 21, 14], [9, 23, 10, 22], [24, 15, 1, 16], [2, 8, 3, 7], [4, 12, 5, 11], [6, 18, 7, 17], [21, 9, 22, 8], [10, 4, 11, 3], [12, 23, 13, 24], [14, 19, 15, 20], [16, 6, 17, 5]]"
12n_0772_4,"[[16, 6, 17, 5], [18, 1, 19, 2], [20, 13, 21, 14], [9, 23, 10, 22], [24, 15, 1, 16], [2, 8, 3, 7], [4, 12, 5, 11], [6, 18, 7, 17], [21, 9, 22, 8], [10, 4, 11, 3], [12, 23, 13, 24], [14, 19, 15, 20]]"
12n_0772_5,"[[14, 19, 15, 20], [16, 6, 17, 5], [18, 1, 19, 2], [20, 13, 21, 14], [9, 23, 10, 22], [24, 15, 1, 16], [2, 8, 3, 7], [4, 12, 5, 11], [6, 18, 7, 17], [21, 9, 22, 8], [10, 4, 11, 3], [12, 23, 13, 24]]"
12n_0772_6,"[[12, 23, 13, 24], [14, 19, 15, 20], [16, 6, 17, 5], [18, 1, 19, 2], [20, 13, 21, 14], [9, 23, 10, 22], [24, 15, 1, 16], [2, 8, 3, 7], [4, 12, 5, 11], [6, 18, 7, 17], [21, 9, 22, 8], [10, 4, 11, 3]]"
12n_0772_7,"[[10, 4, 11, 3], [12, 23, 13, 24], [14, 19, 15, 20], [16, 6, 17, 5], [18, 1, 19, 2], [20, 13, 21, 14], [9, 23, 10, 22], [24, 15, 1, 16], [2, 8, 3, 7], [4, 12, 5, 11], [6, 18, 7, 17], [21, 9, 22, 8]]"
12n_0772_8,"[[21, 9, 22, 8], [10, 4, 11, 3], [12, 23, 13, 24], [14, 19, 15, 20], [16, 6, 17, 5], [18, 1, 19, 2], [20, 13, 21, 14], [9, 23, 10, 22], [24, 15, 1, 16], [2, 8, 3, 7], [4, 12, 5, 11], [6, 18, 7, 17]]"
12n_0772_9,"[[6, 18, 7, 17], [21, 9, 22, 8], [10, 4, 11, 3], [12, 23, 13, 24], [14, 19, 15, 20], [16, 6, 17, 5], [18, 1, 19, 2], [20, 13, 21, 14], [9, 23, 10, 22], [24, 15, 1, 16], [2, 8, 3, 7], [4, 12, 5, 11]]"
12n_0772_10,"[[4, 12, 5, 11], [6, 18, 7, 17], [21, 9, 22, 8], [10, 4, 11, 3], [12, 23, 13, 24], [14, 19, 15, 20], [16, 6, 17, 5], [18, 1, 19, 2], [20, 13, 21, 14], [9, 23, 10, 22], [24, 15, 1, 16], [2, 8, 3, 7]]"
12n_0772_11,"[[2, 8, 3, 7], [4, 12, 5, 11], [6, 18, 7, 17], [21, 9, 22, 8], [10, 4, 11, 3], [12, 23, 13, 24], [14, 19, 15, 20], [16, 6, 17, 5], [18, 1, 19, 2], [20, 13, 21, 14], [9, 23, 10, 22], [24, 15, 1, 16]]"
12n_0772_12,"[[1, 16, 2, 17], [3, 9, 4, 8], [5, 13, 6, 12], [7, 19, 8, 18], [22, 10, 23, 9], [11, 5, 12, 4], [13, 24, 14, 1], [15, 20, 16, 21], [17, 7, 18, 6], [19, 2, 20, 3], [21, 14, 22, 15], [10, 24, 11, 23]]"
12n_0772_13,"[[10, 24, 11, 23], [1, 16, 2, 17], [3, 9, 4, 8], [5, 13, 6, 12], [7, 19, 8, 18], [22, 10, 23, 9], [11, 5, 12, 4], [13, 24, 14, 1], [15, 20, 16, 21], [17, 7, 18, 6], [19, 2, 20, 3], [21, 14, 22, 15]]"
12n_0772_14,"[[21, 14, 22, 15], [10, 24, 11, 23], [1, 16, 2, 17], [3, 9, 4, 8], [5, 13, 6, 12], [7, 19, 8, 18], [22, 10, 23, 9], [11, 5, 12, 4], [13, 24, 14, 1], [15, 20, 16, 21], [17, 7, 18, 6], [19, 2, 20, 3]]"
12n_0772_15,"[[19, 2, 20, 3], [21, 14, 22, 15], [10, 24, 11, 23], [1, 16, 2, 17], [3, 9, 4, 8], [5, 13, 6, 12], [7, 19, 8, 18], [22, 10, 23, 9], [11, 5, 12, 4], [13, 24, 14, 1], [15, 20, 16, 21], [17, 7, 18, 6]]"
12n_0772_16,"[[17, 7, 18, 6], [19, 2, 20, 3], [21, 14, 22, 15], [10, 24, 11, 23], [1, 16, 2, 17], [3, 9, 4, 8], [5, 13, 6, 12], [7, 19, 8, 18], [22, 10, 23, 9], [11, 5, 12, 4], [13, 24, 14, 1], [15, 20, 16, 21]]"
12n_0772_17,"[[15, 20, 16, 21], [17, 7, 18, 6], [19, 2, 20, 3], [21, 14, 22, 15], [10, 24, 11, 23], [1, 16, 2, 17], [3, 9, 4, 8], [5, 13, 6, 12], [7, 19, 8, 18], [22, 10, 23, 9], [11, 5, 12, 4], [13, 24, 14, 1]]"
12n_0772_18,"[[13, 24, 14, 1], [15, 20, 16, 21], [17, 7, 18, 6], [19, 2, 20, 3], [21, 14, 22, 15], [10, 24, 11, 23], [1, 16, 2, 17], [3, 9, 4, 8], [5, 13, 6, 12], [7, 19, 8, 18], [22, 10, 23, 9], [11, 5, 12, 4]]"
12n_0772_19,"[[11, 5, 12, 4], [13, 24, 14, 1], [15, 20, 16, 21], [17, 7, 18, 6], [19, 2, 20, 3], [21, 14, 22, 15], [10, 24, 11, 23], [1, 16, 2, 17], [3, 9, 4, 8], [5, 13, 6, 12], [7, 19, 8, 18], [22, 10, 23, 9]]"
12n_0772_20,"[[22, 10, 23, 9], [11, 5, 12, 4], [13, 24, 14, 1], [15, 20, 16, 21], [17, 7, 18, 6], [19, 2, 20, 3], [21, 14, 22, 15], [10, 24, 11, 23], [1, 16, 2, 17], [3, 9, 4, 8], [5, 13, 6, 12], [7, 19, 8, 18]]"
12n_0772_21,"[[7, 19, 8, 18], [22, 10, 23, 9], [11, 5, 12, 4], [13, 24, 14, 1], [15, 20, 16, 21], [17, 7, 18, 6], [19, 2, 20, 3], [21, 14, 22, 15], [10, 24, 11, 23], [1, 16, 2, 17], [3, 9, 4, 8], [5, 13, 6, 12]]"
12n_0772_22,"[[5, 13, 6, 12], [7, 19, 8, 18], [22, 10, 23, 9], [11, 5, 12, 4], [13, 24, 14, 1], [15, 20, 16, 21], [17, 7, 18, 6], [19, 2, 20, 3], [21, 14, 22, 15], [10, 24, 11, 23], [1, 16, 2, 17], [3, 9, 4, 8]]"
12n_0772_23,"[[3, 9, 4, 8], [5, 13, 6, 12], [7, 19, 8, 18], [22, 10, 23, 9], [11, 5, 12, 4], [13, 24, 14, 1], [15, 20, 16, 21], [17, 7, 18, 6], [19, 2, 20, 3], [21, 14, 22, 15], [10, 24, 11, 23], [1, 16, 2, 17]]"
12n_0772_24,"[[2, 17, 3, 18], [4, 10, 5, 9], [6, 14, 7, 13], [8, 20, 9, 19], [23, 11, 24, 10], [12, 6, 13, 5], [14, 1, 15, 2], [16, 21, 17, 22], [18, 8, 19, 7], [20, 3, 21, 4], [22, 15, 23, 16], [11, 1, 12, 24]]"
12n_0772_25,"[[11, 1, 12, 24], [2, 17, 3, 18], [4, 10, 5, 9], [6, 14, 7, 13], [8, 20, 9, 19], [23, 11, 24, 10], [12, 6, 13, 5], [14, 1, 15, 2], [16, 21, 17, 22], [18, 8, 19, 7], [20, 3, 21, 4], [22, 15, 23, 16]]"
12n_0772_26,"[[22, 15, 23, 16], [11, 1, 12, 24], [2, 17, 3, 18], [4, 10, 5, 9], [6, 14, 7, 13], [8, 20, 9, 19], [23, 11, 24, 10], [12, 6, 13, 5], [14, 1, 15, 2], [16, 21, 17, 22], [18, 8, 19, 7], [20, 3, 21, 4]]"
12n_0772_27,"[[20, 3, 21, 4], [22, 15, 23, 16], [11, 1, 12, 24], [2, 17, 3, 18], [4, 10, 5, 9], [6, 14, 7, 13], [8, 20, 9, 19], [23, 11, 24, 10], [12, 6, 13, 5], [14, 1, 15, 2], [16, 21, 17, 22], [18, 8, 19, 7]]"
12n_0772_28,"[[18, 8, 19, 7], [20, 3, 21, 4], [22, 15, 23, 16], [11, 1, 12, 24], [2, 17, 3, 18], [4, 10, 5, 9], [6, 14, 7, 13], [8, 20, 9, 19], [23, 11, 24, 10], [12, 6, 13, 5], [14, 1, 15, 2], [16, 21, 17, 22]]"
12n_0772_29,"[[16, 21, 17, 22], [18, 8, 19, 7], [20, 3, 21, 4], [22, 15, 23, 16], [11, 1, 12, 24], [2, 17, 3, 18], [4, 10, 5, 9], [6, 14, 7, 13], [8, 20, 9, 19], [23, 11, 24, 10], [12, 6, 13, 5], [14, 1, 15, 2]]"
12n_0772_30,"[[14, 1, 15, 2], [16, 21, 17, 22], [18, 8, 19, 7], [20, 3, 21, 4], [22, 15, 23, 16], [11, 1, 12, 24], [2, 17, 3, 18], [4, 10, 5, 9], [6, 14, 7, 13], [8, 20, 9, 19], [23, 11, 24, 10], [12, 6, 13, 5]]"
12n_0772_31,"[[12, 6, 13, 5], [14, 1, 15, 2], [16, 21, 17, 22], [18, 8, 19, 7], [20, 3, 21, 4], [22, 15, 23, 16], [11, 1, 12, 24], [2, 17, 3, 18], [4, 10, 5, 9], [6, 14, 7, 13], [8, 20, 9, 19], [23, 11, 24, 10]]"
12n_0772_32,"[[23, 11, 24, 10], [12, 6, 13, 5], [14, 1, 15, 2], [16, 21, 17, 22], [18, 8, 19, 7], [20, 3, 21, 4], [22, 15, 23, 16], [11, 1, 12, 24], [2, 17, 3, 18], [4, 10, 5, 9], [6, 14, 7, 13], [8, 20, 9, 19]]"
12n_0772_33,"[[8, 20, 9, 19], [23, 11, 24, 10], [12, 6, 13, 5], [14, 1, 15, 2], [16, 21, 17, 22], [18, 8, 19, 7], [20, 3, 21, 4], [22, 15, 23, 16], [11, 1, 12, 24], [2, 17, 3, 18], [4, 10, 5, 9], [6, 14, 7, 13]]"
12n_0772_34,"[[6, 14, 7, 13], [8, 20, 9, 19], [23, 11, 24, 10], [12, 6, 13, 5], [14, 1, 15, 2], [16, 21, 17, 22], [18, 8, 19, 7], [20, 3, 21, 4], [22, 15, 23, 16], [11, 1, 12, 24], [2, 17, 3, 18], [4, 10, 5, 9]]"
12n_0772_35,"[[4, 10, 5, 9], [6, 14, 7, 13], [8, 20, 9, 19], [23, 11, 24, 10], [12, 6, 13, 5], [14, 1, 15, 2], [16, 21, 17, 22], [18, 8, 19, 7], [20, 3, 21, 4], [22, 15, 23, 16], [11, 1, 12, 24], [2, 17, 3, 18]]"
12n_0772_36,"[[3, 18, 4, 19], [5, 11, 6, 10], [7, 15, 8, 14], [9, 21, 10, 20], [24, 12, 1, 11], [13, 7, 14, 6], [15, 2, 16, 3], [17, 22, 18, 23], [19, 9, 20, 8], [21, 4, 22, 5], [23, 16, 24, 17], [12, 2, 13, 1]]"
12n_0772_37,"[[12, 2, 13, 1], [3, 18, 4, 19], [5, 11, 6, 10], [7, 15, 8, 14], [9, 21, 10, 20], [24, 12, 1, 11], [13, 7, 14, 6], [15, 2, 16, 3], [17, 22, 18, 23], [19, 9, 20, 8], [21, 4, 22, 5], [23, 16, 24, 17]]"
12n_0772_38,"[[23, 16, 24, 17], [12, 2, 13, 1], [3, 18, 4, 19], [5, 11, 6, 10], [7, 15, 8, 14], [9, 21, 10, 20], [24, 12, 1, 11], [13, 7, 14, 6], [15, 2, 16, 3], [17, 22, 18, 23], [19, 9, 20, 8], [21, 4, 22, 5]]"
12n_0772_39,"[[21, 4, 22, 5], [23, 16, 24, 17], [12, 2, 13, 1], [3, 18, 4, 19], [5, 11, 6, 10], [7, 15, 8, 14], [9, 21, 10, 20], [24, 12, 1, 11], [13, 7, 14, 6], [15, 2, 16, 3], [17, 22, 18, 23], [19, 9, 20, 8]]"
12n_0772_40,"[[19, 9, 20, 8], [21, 4, 22, 5], [23, 16, 24, 17], [12, 2, 13, 1], [3, 18, 4, 19], [5, 11, 6, 10], [7, 15, 8, 14], [9, 21, 10, 20], [24, 12, 1, 11], [13, 7, 14, 6], [15, 2, 16, 3], [17, 22, 18, 23]]"
12n_0772_41,"[[17, 22, 18, 23], [19, 9, 20, 8], [21, 4, 22, 5], [23, 16, 24, 17], [12, 2, 13, 1], [3, 18, 4, 19], [5, 11, 6, 10], [7, 15, 8, 14], [9, 21, 10, 20], [24, 12, 1, 11], [13, 7, 14, 6], [15, 2, 16, 3]]"
12n_0772_42,"[[15, 2, 16, 3], [17, 22, 18, 23], [19, 9, 20, 8], [21, 4, 22, 5], [23, 16, 24, 17], [12, 2, 13, 1], [3, 18, 4, 19], [5, 11, 6, 10], [7, 15, 8, 14], [9, 21, 10, 20], [24, 12, 1, 11], [13, 7, 14, 6]]"
12n_0772_43,"[[13, 7, 14, 6], [15, 2, 16, 3], [17, 22, 18, 23], [19, 9, 20, 8], [21, 4, 22, 5], [23, 16, 24, 17], [12, 2, 13, 1], [3, 18, 4, 19], [5, 11, 6, 10], [7, 15, 8, 14], [9, 21, 10, 20], [24, 12, 1, 11]]"
12n_0772_44,"[[24, 12, 1, 11], [13, 7, 14, 6], [15, 2, 16, 3], [17, 22, 18, 23], [19, 9, 20, 8], [21, 4, 22, 5], [23, 16, 24, 17], [12, 2, 13, 1], [3, 18, 4, 19], [5, 11, 6, 10], [7, 15, 8, 14], [9, 21, 10, 20]]"
12n_0772_45,"[[9, 21, 10, 20], [24, 12, 1, 11], [13, 7, 14, 6], [15, 2, 16, 3], [17, 22, 18, 23], [19, 9, 20, 8], [21, 4, 22, 5], [23, 16, 24, 17], [12, 2, 13, 1], [3, 18, 4, 19], [5, 11, 6, 10], [7, 15, 8, 14]]"
12n_0772_46,"[[7, 15, 8, 14], [9, 21, 10, 20], [24, 12, 1, 11], [13, 7, 14, 6], [15, 2, 16, 3], [17, 22, 18, 23], [19, 9, 20, 8], [21, 4, 22, 5], [23, 16, 24, 17], [12, 2, 13, 1], [3, 18, 4, 19], [5, 11, 6, 10]]"
12n_0772_47,"[[5, 11, 6, 10], [7, 15, 8, 14], [9, 21, 10, 20], [24, 12, 1, 11], [13, 7, 14, 6], [15, 2, 16, 3], [17, 22, 18, 23], [19, 9, 20, 8], [21, 4, 22, 5], [23, 16, 24, 17], [12, 2, 13, 1], [3, 18, 4, 19]]"
12n_0772_48,"[[4, 19, 5, 20], [6, 12, 7, 11], [8, 16, 9, 15], [10, 22, 11, 21], [1, 13, 2, 12], [14, 8, 15, 7], [16, 3, 17, 4], [18, 23, 19, 24], [20, 10, 21, 9], [22, 5, 23, 6], [24, 17, 1, 18], [13, 3, 14, 2]]"
12n_0772_49,"[[13, 3, 14, 2], [4, 19, 5, 20], [6, 12, 7, 11], [8, 16, 9, 15], [10, 22, 11, 21], [1, 13, 2, 12], [14, 8, 15, 7], [16, 3, 17, 4], [18, 23, 19, 24], [20, 10, 21, 9], [22, 5, 23, 6], [24, 17, 1, 18]]"
12n_0772_50,"[[24, 17, 1, 18], [13, 3, 14, 2], [4, 19, 5, 20], [6, 12, 7, 11], [8, 16, 9, 15], [10, 22, 11, 21], [1, 13, 2, 12], [14, 8, 15, 7], [16, 3, 17, 4], [18, 23, 19, 24], [20, 10, 21, 9], [22, 5, 23, 6]]"
12n_0772_51,"[[22, 5, 23, 6], [24, 17, 1, 18], [13, 3, 14, 2], [4, 19, 5, 20], [6, 12, 7, 11], [8, 16, 9, 15], [10, 22, 11, 21], [1, 13, 2, 12], [14, 8, 15, 7], [16, 3, 17, 4], [18, 23, 19, 24], [20, 10, 21, 9]]"
12n_0772_52,"[[20, 10, 21, 9], [22, 5, 23, 6], [24, 17, 1, 18], [13, 3, 14, 2], [4, 19, 5, 20], [6, 12, 7, 11], [8, 16, 9, 15], [10, 22, 11, 21], [1, 13, 2, 12], [14, 8, 15, 7], [16, 3, 17, 4], [18, 23, 19, 24]]"
12n_0772_53,"[[18, 23, 19, 24], [20, 10, 21, 9], [22, 5, 23, 6], [24, 17, 1, 18], [13, 3, 14, 2], [4, 19, 5, 20], [6, 12, 7, 11], [8, 16, 9, 15], [10, 22, 11, 21], [1, 13, 2, 12], [14, 8, 15, 7], [16, 3, 17, 4]]"
12n_0772_54,"[[16, 3, 17, 4], [18, 23, 19, 24], [20, 10, 21, 9], [22, 5, 23, 6], [24, 17, 1, 18], [13, 3, 14, 2], [4, 19, 5, 20], [6, 12, 7, 11], [8, 16, 9, 15], [10, 22, 11, 21], [1, 13, 2, 12], [14, 8, 15, 7]]"
12n_0772_55,"[[14, 8, 15, 7], [16, 3, 17, 4], [18, 23, 19, 24], [20, 10, 21, 9], [22, 5, 23, 6], [24, 17, 1, 18], [13, 3, 14, 2], [4, 19, 5, 20], [6, 12, 7, 11], [8, 16, 9, 15], [10, 22, 11, 21], [1, 13, 2, 12]]"
12n_0772_56,"[[1, 13, 2, 12], [14, 8, 15, 7], [16, 3, 17, 4], [18, 23, 19, 24], [20, 10, 21, 9], [22, 5, 23, 6], [24, 17, 1, 18], [13, 3, 14, 2], [4, 19, 5, 20], [6, 12, 7, 11], [8, 16, 9, 15], [10, 22, 11, 21]]"
12n_0772_57,"[[10, 22, 11, 21], [1, 13, 2, 12], [14, 8, 15, 7], [16, 3, 17, 4], [18, 23, 19, 24], [20, 10, 21, 9], [22, 5, 23, 6], [24, 17, 1, 18], [13, 3, 14, 2], [4, 19, 5, 20], [6, 12, 7, 11], [8, 16, 9, 15]]"
12n_0772_58,"[[8, 16, 9, 15], [10, 22, 11, 21], [1, 13, 2, 12], [14, 8, 15, 7], [16, 3, 17, 4], [18, 23, 19, 24], [20, 10, 21, 9], [22, 5, 23, 6], [24, 17, 1, 18], [13, 3, 14, 2], [4, 19, 5, 20], [6, 12, 7, 11]]"
12n_0772_59,"[[6, 12, 7, 11], [8, 16, 9, 15], [10, 22, 11, 21], [1, 13, 2, 12], [14, 8, 15, 7], [16, 3, 17, 4], [18, 23, 19, 24], [20, 10, 21, 9], [22, 5, 23, 6], [24, 17, 1, 18], [13, 3, 14, 2], [4, 19, 5, 20]]"
12n_0772_60,"[[5, 20, 6, 21], [7, 13, 8, 12], [9, 17, 10, 16], [11, 23, 12, 22], [2, 14, 3, 13], [15, 9, 16, 8], [17, 4, 18, 5], [19, 24, 20, 1], [21, 11, 22, 10], [23, 6, 24, 7], [1, 18, 2, 19], [14, 4, 15, 3]]"
12n_0772_61,"[[14, 4, 15, 3], [5, 20, 6, 21], [7, 13, 8, 12], [9, 17, 10, 16], [11, 23, 12, 22], [2, 14, 3, 13], [15, 9, 16, 8], [17, 4, 18, 5], [19, 24, 20, 1], [21, 11, 22, 10], [23, 6, 24, 7], [1, 18, 2, 19]]"
12n_0772_62,"[[1, 18, 2, 19], [14, 4, 15, 3], [5, 20, 6, 21], [7, 13, 8, 12], [9, 17, 10, 16], [11, 23, 12, 22], [2, 14, 3, 13], [15, 9, 16, 8], [17, 4, 18, 5], [19, 24, 20, 1], [21, 11, 22, 10], [23, 6, 24, 7]]"
12n_0772_63,"[[23, 6, 24, 7], [1, 18, 2, 19], [14, 4, 15, 3], [5, 20, 6, 21], [7, 13, 8, 12], [9, 17, 10, 16], [11, 23, 12, 22], [2, 14, 3, 13], [15, 9, 16, 8], [17, 4, 18, 5], [19, 24, 20, 1], [21, 11, 22, 10]]"
12n_0772_64,"[[21, 11, 22, 10], [23, 6, 24, 7], [1, 18, 2, 19], [14, 4, 15, 3], [5, 20, 6, 21], [7, 13, 8, 12], [9, 17, 10, 16], [11, 23, 12, 22], [2, 14, 3, 13], [15, 9, 16, 8], [17, 4, 18, 5], [19, 24, 20, 1]]"
12n_0772_65,"[[19, 24, 20, 1], [21, 11, 22, 10], [23, 6, 24, 7], [1, 18, 2, 19], [14, 4, 15, 3], [5, 20, 6, 21], [7, 13, 8, 12], [9, 17, 10, 16], [11, 23, 12, 22], [2, 14, 3, 13], [15, 9, 16, 8], [17, 4, 18, 5]]"
12n_0772_66,"[[17, 4, 18, 5], [19, 24, 20, 1], [21, 11, 22, 10], [23, 6, 24, 7], [1, 18, 2, 19], [14, 4, 15, 3], [5, 20, 6, 21], [7, 13, 8, 12], [9, 17, 10, 16], [11, 23, 12, 22], [2, 14, 3, 13], [15, 9, 16, 8]]"
12n_0772_67,"[[15, 9, 16, 8], [17, 4, 18, 5], [19, 24, 20, 1], [21, 11, 22, 10], [23, 6, 24, 7], [1, 18, 2, 19], [14, 4, 15, 3], [5, 20, 6, 21], [7, 13, 8, 12], [9, 17, 10, 16], [11, 23, 12, 22], [2, 14, 3, 13]]"
12n_0772_68,"[[2, 14, 3, 13], [15, 9, 16, 8], [17, 4, 18, 5], [19, 24, 20, 1], [21, 11, 22, 10], [23, 6, 24, 7], [1, 18, 2, 19], [14, 4, 15, 3], [5, 20, 6, 21], [7, 13, 8, 12], [9, 17, 10, 16], [11, 23, 12, 22]]"
12n_0772_69,"[[11, 23, 12, 22], [2, 14, 3, 13], [15, 9, 16, 8], [17, 4, 18, 5], [19, 24, 20, 1], [21, 11, 22, 10], [23, 6, 24, 7], [1, 18, 2, 19], [14, 4, 15, 3], [5, 20, 6, 21], [7, 13, 8, 12], [9, 17, 10, 16]]"
12n_0772_70,"[[9, 17, 10, 16], [11, 23, 12, 22], [2, 14, 3, 13], [15, 9, 16, 8], [17, 4, 18, 5], [19, 24, 20, 1], [21, 11, 22, 10], [23, 6, 24, 7], [1, 18, 2, 19], [14, 4, 15, 3], [5, 20, 6, 21], [7, 13, 8, 12]]"
12n_0772_71,"[[7, 13, 8, 12], [9, 17, 10, 16], [11, 23, 12, 22], [2, 14, 3, 13], [15, 9, 16, 8], [17, 4, 18, 5], [19, 24, 20, 1], [21, 11, 22, 10], [23, 6, 24, 7], [1, 18, 2, 19], [14, 4, 15, 3], [5, 20, 6, 21]]"
12n_0772_72,"[[6, 21, 7, 22], [8, 14, 9, 13], [10, 18, 11, 17], [12, 24, 13, 23], [3, 15, 4, 14], [16, 10, 17, 9], [18, 5, 19, 6], [20, 1, 21, 2], [22, 12, 23, 11], [24, 7, 1, 8], [2, 19, 3, 20], [15, 5, 16, 4]]"
12n_0772_73,"[[15, 5, 16, 4], [6, 21, 7, 22], [8, 14, 9, 13], [10, 18, 11, 17], [12, 24, 13, 23], [3, 15, 4, 14], [16, 10, 17, 9], [18, 5, 19, 6], [20, 1, 21, 2], [22, 12, 23, 11], [24, 7, 1, 8], [2, 19, 3, 20]]"
12n_0772_74,"[[2, 19, 3, 20], [15, 5, 16, 4], [6, 21, 7, 22], [8, 14, 9, 13], [10, 18, 11, 17], [12, 24, 13, 23], [3, 15, 4, 14], [16, 10, 17, 9], [18, 5, 19, 6], [20, 1, 21, 2], [22, 12, 23, 11], [24, 7, 1, 8]]"
12n_0772_75,"[[24, 7, 1, 8], [2, 19, 3, 20], [15, 5, 16, 4], [6, 21, 7, 22], [8, 14, 9, 13], [10, 18, 11, 17], [12, 24, 13, 23], [3, 15, 4, 14], [16, 10, 17, 9], [18, 5, 19, 6], [20, 1, 21, 2], [22, 12, 23, 11]]"
12n_0772_76,"[[22, 12, 23, 11], [24, 7, 1, 8], [2, 19, 3, 20], [15, 5, 16, 4], [6, 21, 7, 22], [8, 14, 9, 13], [10, 18, 11, 17], [12, 24, 13, 23], [3, 15, 4, 14], [16, 10, 17, 9], [18, 5, 19, 6], [20, 1, 21, 2]]"
12n_0772_77,"[[20, 1, 21, 2], [22, 12, 23, 11], [24, 7, 1, 8], [2, 19, 3, 20], [15, 5, 16, 4], [6, 21, 7, 22], [8, 14, 9, 13], [10, 18, 11, 17], [12, 24, 13, 23], [3, 15, 4, 14], [16, 10, 17, 9], [18, 5, 19, 6]]"
12n_0772_78,"[[18, 5, 19, 6], [20, 1, 21, 2], [22, 12, 23, 11], [24, 7, 1, 8], [2, 19, 3, 20], [15, 5, 16, 4], [6, 21, 7, 22], [8, 14, 9, 13], [10, 18, 11, 17], [12, 24, 13, 23], [3, 15, 4, 14], [16, 10, 17, 9]]"
12n_0772_79,"[[16, 10, 17, 9], [18, 5, 19, 6], [20, 1, 21, 2], [22, 12, 23, 11], [24, 7, 1, 8], [2, 19, 3, 20], [15, 5, 16, 4], [6, 21, 7, 22], [8, 14, 9, 13], [10, 18, 11, 17], [12, 24, 13, 23], [3, 15, 4, 14]]"
12n_0772_80,"[[3, 15, 4, 14], [16, 10, 17, 9], [18, 5, 19, 6], [20, 1, 21, 2], [22, 12, 23, 11], [24, 7, 1, 8], [2, 19, 3, 20], [15, 5, 16, 4], [6, 21, 7, 22], [8, 14, 9, 13], [10, 18, 11, 17], [12, 24, 13, 23]]"
12n_0772_81,"[[12, 24, 13, 23], [3, 15, 4, 14], [16, 10, 17, 9], [18, 5, 19, 6], [20, 1, 21, 2], [22, 12, 23, 11], [24, 7, 1, 8], [2, 19, 3, 20], [15, 5, 16, 4], [6, 21, 7, 22], [8, 14, 9, 13], [10, 18, 11, 17]]"
12n_0772_82,"[[10, 18, 11, 17], [12, 24, 13, 23], [3, 15, 4, 14], [16, 10, 17, 9], [18, 5, 19, 6], [20, 1, 21, 2], [22, 12, 23, 11], [24, 7, 1, 8], [2, 19, 3, 20], [15, 5, 16, 4], [6, 21, 7, 22], [8, 14, 9, 13]]"
12n_0772_83,"[[8, 14, 9, 13], [10, 18, 11, 17], [12, 24, 13, 23], [3, 15, 4, 14], [16, 10, 17, 9], [18, 5, 19, 6], [20, 1, 21, 2], [22, 12, 23, 11], [24, 7, 1, 8], [2, 19, 3, 20], [15, 5, 16, 4], [6, 21, 7, 22]]"
12n_0772_84,"[[7, 22, 8, 23], [9, 15, 10, 14], [11, 19, 12, 18], [13, 1, 14, 24], [4, 16, 5, 15], [17, 11, 18, 10], [19, 6, 20, 7], [21, 2, 22, 3], [23, 13, 24, 12], [1, 8, 2, 9], [3, 20, 4, 21], [16, 6, 17, 5]]"
12n_0772_85,"[[16, 6, 17, 5], [7, 22, 8, 23], [9, 15, 10, 14], [11, 19, 12, 18], [13, 1, 14, 24], [4, 16, 5, 15], [17, 11, 18, 10], [19, 6, 20, 7], [21, 2, 22, 3], [23, 13, 24, 12], [1, 8, 2, 9], [3, 20, 4, 21]]"
12n_0772_86,"[[3, 20, 4, 21], [16, 6, 17, 5], [7, 22, 8, 23], [9, 15, 10, 14], [11, 19, 12, 18], [13, 1, 14, 24], [4, 16, 5, 15], [17, 11, 18, 10], [19, 6, 20, 7], [21, 2, 22, 3], [23, 13, 24, 12], [1, 8, 2, 9]]"
12n_0772_87,"[[1, 8, 2, 9], [3, 20, 4, 21], [16, 6, 17, 5], [7, 22, 8, 23], [9, 15, 10, 14], [11, 19, 12, 18], [13, 1, 14, 24], [4, 16, 5, 15], [17, 11, 18, 10], [19, 6, 20, 7], [21, 2, 22, 3], [23, 13, 24, 12]]"
12n_0772_88,"[[23, 13, 24, 12], [1, 8, 2, 9], [3, 20, 4, 21], [16, 6, 17, 5], [7, 22, 8, 23], [9, 15, 10, 14], [11, 19, 12, 18], [13, 1, 14, 24], [4, 16, 5, 15], [17, 11, 18, 10], [19, 6, 20, 7], [21, 2, 22, 3]]"
12n_0772_89,"[[21, 2, 22, 3], [23, 13, 24, 12], [1, 8, 2, 9], [3, 20, 4, 21], [16, 6, 17, 5], [7, 22, 8, 23], [9, 15, 10, 14], [11, 19, 12, 18], [13, 1, 14, 24], [4, 16, 5, 15], [17, 11, 18, 10], [19, 6, 20, 7]]"
12n_0772_90,"[[19, 6, 20, 7], [21, 2, 22, 3], [23, 13, 24, 12], [1, 8, 2, 9], [3, 20, 4, 21], [16, 6, 17, 5], [7, 22, 8, 23], [9, 15, 10, 14], [11, 19, 12, 18], [13, 1, 14, 24], [4, 16, 5, 15], [17, 11, 18, 10]]"
12n_0772_91,"[[17, 11, 18, 10], [19, 6, 20, 7], [21, 2, 22, 3], [23, 13, 24, 12], [1, 8, 2, 9], [3, 20, 4, 21], [16, 6, 17, 5], [7, 22, 8, 23], [9, 15, 10, 14], [11, 19, 12, 18], [13, 1, 14, 24], [4, 16, 5, 15]]"
12n_0772_92,"[[4, 16, 5, 15], [17, 11, 18, 10], [19, 6, 20, 7], [21, 2, 22, 3], [23, 13, 24, 12], [1, 8, 2, 9], [3, 20, 4, 21], [16, 6, 17, 5], [7, 22, 8, 23], [9, 15, 10, 14], [11, 19, 12, 18], [13, 1, 14, 24]]"
12n_0772_93,"[[13, 1, 14, 24], [4, 16, 5, 15], [17, 11, 18, 10], [19, 6, 20, 7], [21, 2, 22, 3], [23, 13, 24, 12], [1, 8, 2, 9], [3, 20, 4, 21], [16, 6, 17, 5], [7, 22, 8, 23], [9, 15, 10, 14], [11, 19, 12, 18]]"
12n_0772_94,"[[11, 19, 12, 18], [13, 1, 14, 24], [4, 16, 5, 15], [17, 11, 18, 10], [19, 6, 20, 7], [21, 2, 22, 3], [23, 13, 24, 12], [1, 8, 2, 9], [3, 20, 4, 21], [16, 6, 17, 5], [7, 22, 8, 23], [9, 15, 10, 14]]"
12n_0772_95,"[[9, 15, 10, 14], [11, 19, 12, 18], [13, 1, 14, 24], [4, 16, 5, 15], [17, 11, 18, 10], [19, 6, 20, 7], [21, 2, 22, 3], [23, 13, 24, 12], [1, 8, 2, 9], [3, 20, 4, 21], [16, 6, 17, 5], [7, 22, 8, 23]]"
12n_0772_96,"[[8, 23, 9, 24], [10, 16, 11, 15], [12, 20, 13, 19], [14, 2, 15, 1], [5, 17, 6, 16], [18, 12, 19, 11], [20, 7, 21, 8], [22, 3, 23, 4], [24, 14, 1, 13], [2, 9, 3, 10], [4, 21, 5, 22], [17, 7, 18, 6]]"
12n_0772_97,"[[17, 7, 18, 6], [8, 23, 9, 24], [10, 16, 11, 15], [12, 20, 13, 19], [14, 2, 15, 1], [5, 17, 6, 16], [18, 12, 19, 11], [20, 7, 21, 8], [22, 3, 23, 4], [24, 14, 1, 13], [2, 9, 3, 10], [4, 21, 5, 22]]"
12n_0772_98,"[[4, 21, 5, 22], [17, 7, 18, 6], [8, 23, 9, 24], [10, 16, 11, 15], [12, 20, 13, 19], [14, 2, 15, 1], [5, 17, 6, 16], [18, 12, 19, 11], [20, 7, 21, 8], [22, 3, 23, 4], [24, 14, 1, 13], [2, 9, 3, 10]]"
12n_0772_99,"[[2, 9, 3, 10], [4, 21, 5, 22], [17, 7, 18, 6], [8, 23, 9, 24], [10, 16, 11, 15], [12, 20, 13, 19], [14, 2, 15, 1], [5, 17, 6, 16], [18, 12, 19, 11], [20, 7, 21, 8], [22, 3, 23, 4], [24, 14, 1, 13]]"
12n_0772_100,"[[24, 14, 1, 13], [2, 9, 3, 10], [4, 21, 5, 22], [17, 7, 18, 6], [8, 23, 9, 24], [10, 16, 11, 15], [12, 20, 13, 19], [14, 2, 15, 1], [5, 17, 6, 16], [18, 12, 19, 11], [20, 7, 21, 8], [22, 3, 23, 4]]"
12n_0772_101,"[[22, 3, 23, 4], [24, 14, 1, 13], [2, 9, 3, 10], [4, 21, 5, 22], [17, 7, 18, 6], [8, 23, 9, 24], [10, 16, 11, 15], [12, 20, 13, 19], [14, 2, 15, 1], [5, 17, 6, 16], [18, 12, 19, 11], [20, 7, 21, 8]]"
12n_0772_102,"[[20, 7, 21, 8], [22, 3, 23, 4], [24, 14, 1, 13], [2, 9, 3, 10], [4, 21, 5, 22], [17, 7, 18, 6], [8, 23, 9, 24], [10, 16, 11, 15], [12, 20, 13, 19], [14, 2, 15, 1], [5, 17, 6, 16], [18, 12, 19, 11]]"
12n_0772_103,"[[18, 12, 19, 11], [20, 7, 21, 8], [22, 3, 23, 4], [24, 14, 1, 13], [2, 9, 3, 10], [4, 21, 5, 22], [17, 7, 18, 6], [8, 23, 9, 24], [10, 16, 11, 15], [12, 20, 13, 19], [14, 2, 15, 1], [5, 17, 6, 16]]"
12n_0772_104,"[[5, 17, 6, 16], [18, 12, 19, 11], [20, 7, 21, 8], [22, 3, 23, 4], [24, 14, 1, 13], [2, 9, 3, 10], [4, 21, 5, 22], [17, 7, 18, 6], [8, 23, 9, 24], [10, 16, 11, 15], [12, 20, 13, 19], [14, 2, 15, 1]]"
12n_0772_105,"[[14, 2, 15, 1], [5, 17, 6, 16], [18, 12, 19, 11], [20, 7, 21, 8], [22, 3, 23, 4], [24, 14, 1, 13], [2, 9, 3, 10], [4, 21, 5, 22], [17, 7, 18, 6], [8, 23, 9, 24], [10, 16, 11, 15], [12, 20, 13, 19]]"
12n_0772_106,"[[12, 20, 13, 19], [14, 2, 15, 1], [5, 17, 6, 16], [18, 12, 19, 11], [20, 7, 21, 8], [22, 3, 23, 4], [24, 14, 1, 13], [2, 9, 3, 10], [4, 21, 5, 22], [17, 7, 18, 6], [8, 23, 9, 24], [10, 16, 11, 15]]"
12n_0772_107,"[[10, 16, 11, 15], [12, 20, 13, 19], [14, 2, 15, 1], [5, 17, 6, 16], [18, 12, 19, 11], [20, 7, 21, 8], [22, 3, 23, 4], [24, 14, 1, 13], [2, 9, 3, 10], [4, 21, 5, 22], [17, 7, 18, 6], [8, 23, 9, 24]]"
12n_0772_108,"[[9, 24, 10, 1], [11, 17, 12, 16], [13, 21, 14, 20], [15, 3, 16, 2], [6, 18, 7, 17], [19, 13, 20, 12], [21, 8, 22, 9], [23, 4, 24, 5], [1, 15, 2, 14], [3, 10, 4, 11], [5, 22, 6, 23], [18, 8, 19, 7]]"
12n_0772_109,"[[18, 8, 19, 7], [9, 24, 10, 1], [11, 17, 12, 16], [13, 21, 14, 20], [15, 3, 16, 2], [6, 18, 7, 17], [19, 13, 20, 12], [21, 8, 22, 9], [23, 4, 24, 5], [1, 15, 2, 14], [3, 10, 4, 11], [5, 22, 6, 23]]"
12n_0772_110,"[[5, 22, 6, 23], [18, 8, 19, 7], [9, 24, 10, 1], [11, 17, 12, 16], [13, 21, 14, 20], [15, 3, 16, 2], [6, 18, 7, 17], [19, 13, 20, 12], [21, 8, 22, 9], [23, 4, 24, 5], [1, 15, 2, 14], [3, 10, 4, 11]]"
12n_0772_111,"[[3, 10, 4, 11], [5, 22, 6, 23], [18, 8, 19, 7], [9, 24, 10, 1], [11, 17, 12, 16], [13, 21, 14, 20], [15, 3, 16, 2], [6, 18, 7, 17], [19, 13, 20, 12], [21, 8, 22, 9], [23, 4, 24, 5], [1, 15, 2, 14]]"
12n_0772_112,"[[1, 15, 2, 14], [3, 10, 4, 11], [5, 22, 6, 23], [18, 8, 19, 7], [9, 24, 10, 1], [11, 17, 12, 16], [13, 21, 14, 20], [15, 3, 16, 2], [6, 18, 7, 17], [19, 13, 20, 12], [21, 8, 22, 9], [23, 4, 24, 5]]"
12n_0772_113,"[[23, 4, 24, 5], [1, 15, 2, 14], [3, 10, 4, 11], [5, 22, 6, 23], [18, 8, 19, 7], [9, 24, 10, 1], [11, 17, 12, 16], [13, 21, 14, 20], [15, 3, 16, 2], [6, 18, 7, 17], [19, 13, 20, 12], [21, 8, 22, 9]]"
12n_0772_114,"[[21, 8, 22, 9], [23, 4, 24, 5], [1, 15, 2, 14], [3, 10, 4, 11], [5, 22, 6, 23], [18, 8, 19, 7], [9, 24, 10, 1], [11, 17, 12, 16], [13, 21, 14, 20], [15, 3, 16, 2], [6, 18, 7, 17], [19, 13, 20, 12]]"
12n_0772_115,"[[19, 13, 20, 12], [21, 8, 22, 9], [23, 4, 24, 5], [1, 15, 2, 14], [3, 10, 4, 11], [5, 22, 6, 23], [18, 8, 19, 7], [9, 24, 10, 1], [11, 17, 12, 16], [13, 21, 14, 20], [15, 3, 16, 2], [6, 18, 7, 17]]"
12n_0772_116,"[[6, 18, 7, 17], [19, 13, 20, 12], [21, 8, 22, 9], [23, 4, 24, 5], [1, 15, 2, 14], [3, 10, 4, 11], [5, 22, 6, 23], [18, 8, 19, 7], [9, 24, 10, 1], [11, 17, 12, 16], [13, 21, 14, 20], [15, 3, 16, 2]]"
12n_0772_117,"[[15, 3, 16, 2], [6, 18, 7, 17], [19, 13, 20, 12], [21, 8, 22, 9], [23, 4, 24, 5], [1, 15, 2, 14], [3, 10, 4, 11], [5, 22, 6, 23], [18, 8, 19, 7], [9, 24, 10, 1], [11, 17, 12, 16], [13, 21, 14, 20]]"
12n_0772_118,"[[13, 21, 14, 20], [15, 3, 16, 2], [6, 18, 7, 17], [19, 13, 20, 12], [21, 8, 22, 9], [23, 4, 24, 5], [1, 15, 2, 14], [3, 10, 4, 11], [5, 22, 6, 23], [18, 8, 19, 7], [9, 24, 10, 1], [11, 17, 12, 16]]"
12n_0772_119,"[[11, 17, 12, 16], [13, 21, 14, 20], [15, 3, 16, 2], [6, 18, 7, 17], [19, 13, 20, 12], [21, 8, 22, 9], [23, 4, 24, 5], [1, 15, 2, 14], [3, 10, 4, 11], [5, 22, 6, 23], [18, 8, 19, 7], [9, 24, 10, 1]]"
12n_0772_120,"[[10, 1, 11, 2], [12, 18, 13, 17], [14, 22, 15, 21], [16, 4, 17, 3], [7, 19, 8, 18], [20, 14, 21, 13], [22, 9, 23, 10], [24, 5, 1, 6], [2, 16, 3, 15], [4, 11, 5, 12], [6, 23, 7, 24], [19, 9, 20, 8]]"
12n_0772_121,"[[19, 9, 20, 8], [10, 1, 11, 2], [12, 18, 13, 17], [14, 22, 15, 21], [16, 4, 17, 3], [7, 19, 8, 18], [20, 14, 21, 13], [22, 9, 23, 10], [24, 5, 1, 6], [2, 16, 3, 15], [4, 11, 5, 12], [6, 23, 7, 24]]"
12n_0772_122,"[[6, 23, 7, 24], [19, 9, 20, 8], [10, 1, 11, 2], [12, 18, 13, 17], [14, 22, 15, 21], [16, 4, 17, 3], [7, 19, 8, 18], [20, 14, 21, 13], [22, 9, 23, 10], [24, 5, 1, 6], [2, 16, 3, 15], [4, 11, 5, 12]]"
12n_0772_123,"[[4, 11, 5, 12], [6, 23, 7, 24], [19, 9, 20, 8], [10, 1, 11, 2], [12, 18, 13, 17], [14, 22, 15, 21], [16, 4, 17, 3], [7, 19, 8, 18], [20, 14, 21, 13], [22, 9, 23, 10], [24, 5, 1, 6], [2, 16, 3, 15]]"
12n_0772_124,"[[2, 16, 3, 15], [4, 11, 5, 12], [6, 23, 7, 24], [19, 9, 20, 8], [10, 1, 11, 2], [12, 18, 13, 17], [14, 22, 15, 21], [16, 4, 17, 3], [7, 19, 8, 18], [20, 14, 21, 13], [22, 9, 23, 10], [24, 5, 1, 6]]"
12n_0772_125,"[[24, 5, 1, 6], [2, 16, 3, 15], [4, 11, 5, 12], [6, 23, 7, 24], [19, 9, 20, 8], [10, 1, 11, 2], [12, 18, 13, 17], [14, 22, 15, 21], [16, 4, 17, 3], [7, 19, 8, 18], [20, 14, 21, 13], [22, 9, 23, 10]]"
12n_0772_126,"[[22, 9, 23, 10], [24, 5, 1, 6], [2, 16, 3, 15], [4, 11, 5, 12], [6, 23, 7, 24], [19, 9, 20, 8], [10, 1, 11, 2], [12, 18, 13, 17], [14, 22, 15, 21], [16, 4, 17, 3], [7, 19, 8, 18], [20, 14, 21, 13]]"
12n_0772_127,"[[20, 14, 21, 13], [22, 9, 23, 10], [24, 5, 1, 6], [2, 16, 3, 15], [4, 11, 5, 12], [6, 23, 7, 24], [19, 9, 20, 8], [10, 1, 11, 2], [12, 18, 13, 17], [14, 22, 15, 21], [16, 4, 17, 3], [7, 19, 8, 18]]"
12n_0772_128,"[[7, 19, 8, 18], [20, 14, 21, 13], [22, 9, 23, 10], [24, 5, 1, 6], [2, 16, 3, 15], [4, 11, 5, 12], [6, 23, 7, 24], [19, 9, 20, 8], [10, 1, 11, 2], [12, 18, 13, 17], [14, 22, 15, 21], [16, 4, 17, 3]]"
12n_0772_129,"[[16, 4, 17, 3], [7, 19, 8, 18], [20, 14, 21, 13], [22, 9, 23, 10], [24, 5, 1, 6], [2, 16, 3, 15], [4, 11, 5, 12], [6, 23, 7, 24], [19, 9, 20, 8], [10, 1, 11, 2], [12, 18, 13, 17], [14, 22, 15, 21]]"
12n_0772_130,"[[14, 22, 15, 21], [16, 4, 17, 3], [7, 19, 8, 18], [20, 14, 21, 13], [22, 9, 23, 10], [24, 5, 1, 6], [2, 16, 3, 15], [4, 11, 5, 12], [6, 23, 7, 24], [19, 9, 20, 8], [10, 1, 11, 2], [12, 18, 13, 17]]"
12n_0772_131,"[[12, 18, 13, 17], [14, 22, 15, 21], [16, 4, 17, 3], [7, 19, 8, 18], [20, 14, 21, 13], [22, 9, 23, 10], [24, 5, 1, 6], [2, 16, 3, 15], [4, 11, 5, 12], [6, 23, 7, 24], [19, 9, 20, 8], [10, 1, 11, 2]]"
12n_0772_132,"[[11, 2, 12, 3], [13, 19, 14, 18], [15, 23, 16, 22], [17, 5, 18, 4], [8, 20, 9, 19], [21, 15, 22, 14], [23, 10, 24, 11], [1, 6, 2, 7], [3, 17, 4, 16], [5, 12, 6, 13], [7, 24, 8, 1], [20, 10, 21, 9]]"
12n_0772_133,"[[20, 10, 21, 9], [11, 2, 12, 3], [13, 19, 14, 18], [15, 23, 16, 22], [17, 5, 18, 4], [8, 20, 9, 19], [21, 15, 22, 14], [23, 10, 24, 11], [1, 6, 2, 7], [3, 17, 4, 16], [5, 12, 6, 13], [7, 24, 8, 1]]"
12n_0772_134,"[[7, 24, 8, 1], [20, 10, 21, 9], [11, 2, 12, 3], [13, 19, 14, 18], [15, 23, 16, 22], [17, 5, 18, 4], [8, 20, 9, 19], [21, 15, 22, 14], [23, 10, 24, 11], [1, 6, 2, 7], [3, 17, 4, 16], [5, 12, 6, 13]]"
12n_0772_135,"[[5, 12, 6, 13], [7, 24, 8, 1], [20, 10, 21, 9], [11, 2, 12, 3], [13, 19, 14, 18], [15, 23, 16, 22], [17, 5, 18, 4], [8, 20, 9, 19], [21, 15, 22, 14], [23, 10, 24, 11], [1, 6, 2, 7], [3, 17, 4, 16]]"
12n_0772_136,"[[3, 17, 4, 16], [5, 12, 6, 13], [7, 24, 8, 1], [20, 10, 21, 9], [11, 2, 12, 3], [13, 19, 14, 18], [15, 23, 16, 22], [17, 5, 18, 4], [8, 20, 9, 19], [21, 15, 22, 14], [23, 10, 24, 11], [1, 6, 2, 7]]"
12n_0772_137,"[[1, 6, 2, 7], [3, 17, 4, 16], [5, 12, 6, 13], [7, 24, 8, 1], [20, 10, 21, 9], [11, 2, 12, 3], [13, 19, 14, 18], [15, 23, 16, 22], [17, 5, 18, 4], [8, 20, 9, 19], [21, 15, 22, 14], [23, 10, 24, 11]]"
12n_0772_138,"[[23, 10, 24, 11], [1, 6, 2, 7], [3, 17, 4, 16], [5, 12, 6, 13], [7, 24, 8, 1], [20, 10, 21, 9], [11, 2, 12, 3], [13, 19, 14, 18], [15, 23, 16, 22], [17, 5, 18, 4], [8, 20, 9, 19], [21, 15, 22, 14]]"
12n_0772_139,"[[21, 15, 22, 14], [23, 10, 24, 11], [1, 6, 2, 7], [3, 17, 4, 16], [5, 12, 6, 13], [7, 24, 8, 1], [20, 10, 21, 9], [11, 2, 12, 3], [13, 19, 14, 18], [15, 23, 16, 22], [17, 5, 18, 4], [8, 20, 9, 19]]"
12n_0772_140,"[[8, 20, 9, 19], [21, 15, 22, 14], [23, 10, 24, 11], [1, 6, 2, 7], [3, 17, 4, 16], [5, 12, 6, 13], [7, 24, 8, 1], [20, 10, 21, 9], [11, 2, 12, 3], [13, 19, 14, 18], [15, 23, 16, 22], [17, 5, 18, 4]]"
12n_0772_141,"[[17, 5, 18, 4], [8, 20, 9, 19], [21, 15, 22, 14], [23, 10, 24, 11], [1, 6, 2, 7], [3, 17, 4, 16], [5, 12, 6, 13], [7, 24, 8, 1], [20, 10, 21, 9], [11, 2, 12, 3], [13, 19, 14, 18], [15, 23, 16, 22]]"
12n_0772_142,"[[15, 23, 16, 22], [17, 5, 18, 4], [8, 20, 9, 19], [21, 15, 22, 14], [23, 10, 24, 11], [1, 6, 2, 7], [3, 17, 4, 16], [5, 12, 6, 13], [7, 24, 8, 1], [20, 10, 21, 9], [11, 2, 12, 3], [13, 19, 14, 18]]"
12n_0772_143,"[[13, 19, 14, 18], [15, 23, 16, 22], [17, 5, 18, 4], [8, 20, 9, 19], [21, 15, 22, 14], [23, 10, 24, 11], [1, 6, 2, 7], [3, 17, 4, 16], [5, 12, 6, 13], [7, 24, 8, 1], [20, 10, 21, 9], [11, 2, 12, 3]]"
12n_0772_144,"[[12, 3, 13, 4], [14, 20, 15, 19], [16, 24, 17, 23], [18, 6, 19, 5], [9, 21, 10, 20], [22, 16, 23, 15], [24, 11, 1, 12], [2, 7, 3, 8], [4, 18, 5, 17], [6, 13, 7, 14], [8, 1, 9, 2], [21, 11, 22, 10]]"
12n_0772_145,"[[21, 11, 22, 10], [12, 3, 13, 4], [14, 20, 15, 19], [16, 24, 17, 23], [18, 6, 19, 5], [9, 21, 10, 20], [22, 16, 23, 15], [24, 11, 1, 12], [2, 7, 3, 8], [4, 18, 5, 17], [6, 13, 7, 14], [8, 1, 9, 2]]"
12n_0772_146,"[[8, 1, 9, 2], [21, 11, 22, 10], [12, 3, 13, 4], [14, 20, 15, 19], [16, 24, 17, 23], [18, 6, 19, 5], [9, 21, 10, 20], [22, 16, 23, 15], [24, 11, 1, 12], [2, 7, 3, 8], [4, 18, 5, 17], [6, 13, 7, 14]]"
12n_0772_147,"[[6, 13, 7, 14], [8, 1, 9, 2], [21, 11, 22, 10], [12, 3, 13, 4], [14, 20, 15, 19], [16, 24, 17, 23], [18, 6, 19, 5], [9, 21, 10, 20], [22, 16, 23, 15], [24, 11, 1, 12], [2, 7, 3, 8], [4, 18, 5, 17]]"
12n_0772_148,"[[4, 18, 5, 17], [6, 13, 7, 14], [8, 1, 9, 2], [21, 11, 22, 10], [12, 3, 13, 4], [14, 20, 15, 19], [16, 24, 17, 23], [18, 6, 19, 5], [9, 21, 10, 20], [22, 16, 23, 15], [24, 11, 1, 12], [2, 7, 3, 8]]"
12n_0772_149,"[[2, 7, 3, 8], [4, 18, 5, 17], [6, 13, 7, 14], [8, 1, 9, 2], [21, 11, 22, 10], [12, 3, 13, 4], [14, 20, 15, 19], [16, 24, 17, 23], [18, 6, 19, 5], [9, 21, 10, 20], [22, 16, 23, 15], [24, 11, 1, 12]]"
12n_0772_150,"[[24, 11, 1, 12], [2, 7, 3, 8], [4, 18, 5, 17], [6, 13, 7, 14], [8, 1, 9, 2], [21, 11, 22, 10], [12, 3, 13, 4], [14, 20, 15, 19], [16, 24, 17, 23], [18, 6, 19, 5], [9, 21, 10, 20], [22, 16, 23, 15]]"
12n_0772_151,"[[22, 16, 23, 15], [24, 11, 1, 12], [2, 7, 3, 8], [4, 18, 5, 17], [6, 13, 7, 14], [8, 1, 9, 2], [21, 11, 22, 10], [12, 3, 13, 4], [14, 20, 15, 19], [16, 24, 17, 23], [18, 6, 19, 5], [9, 21, 10, 20]]"
12n_0772_152,"[[9, 21, 10, 20], [22, 16, 23, 15], [24, 11, 1, 12], [2, 7, 3, 8], [4, 18, 5, 17], [6, 13, 7, 14], [8, 1, 9, 2], [21, 11, 22, 10], [12, 3, 13, 4], [14, 20, 15, 19], [16, 24, 17, 23], [18, 6, 19, 5]]"
12n_0772_153,"[[18, 6, 19, 5], [9, 21, 10, 20], [22, 16, 23, 15], [24, 11, 1, 12], [2, 7, 3, 8], [4, 18, 5, 17], [6, 13, 7, 14], [8, 1, 9, 2], [21, 11, 22, 10], [12, 3, 13, 4], [14, 20, 15, 19], [16, 24, 17, 23]]"
12n_0772_154,"[[16, 24, 17, 23], [18, 6, 19, 5], [9, 21, 10, 20], [22, 16, 23, 15], [24, 11, 1, 12], [2, 7, 3, 8], [4, 18, 5, 17], [6, 13, 7, 14], [8, 1, 9, 2], [21, 11, 22, 10], [12, 3, 13, 4], [14, 20, 15, 19]]"
12n_0772_155,"[[14, 20, 15, 19], [16, 24, 17, 23], [18, 6, 19, 5], [9, 21, 10, 20], [22, 16, 23, 15], [24, 11, 1, 12], [2, 7, 3, 8], [4, 18, 5, 17], [6, 13, 7, 14], [8, 1, 9, 2], [21, 11, 22, 10], [12, 3, 13, 4]]"
12n_0772_156,"[[13, 4, 14, 5], [15, 21, 16, 20], [17, 1, 18, 24], [19, 7, 20, 6], [10, 22, 11, 21], [23, 17, 24, 16], [1, 12, 2, 13], [3, 8, 4, 9], [5, 19, 6, 18], [7, 14, 8, 15], [9, 2, 10, 3], [22, 12, 23, 11]]"
12n_0772_157,"[[22, 12, 23, 11], [13, 4, 14, 5], [15, 21, 16, 20], [17, 1, 18, 24], [19, 7, 20, 6], [10, 22, 11, 21], [23, 17, 24, 16], [1, 12, 2, 13], [3, 8, 4, 9], [5, 19, 6, 18], [7, 14, 8, 15], [9, 2, 10, 3]]"
12n_0772_158,"[[9, 2, 10, 3], [22, 12, 23, 11], [13, 4, 14, 5], [15, 21, 16, 20], [17, 1, 18, 24], [19, 7, 20, 6], [10, 22, 11, 21], [23, 17, 24, 16], [1, 12, 2, 13], [3, 8, 4, 9], [5, 19, 6, 18], [7, 14, 8, 15]]"
12n_0772_159,"[[7, 14, 8, 15], [9, 2, 10, 3], [22, 12, 23, 11], [13, 4, 14, 5], [15, 21, 16, 20], [17, 1, 18, 24], [19, 7, 20, 6], [10, 22, 11, 21], [23, 17, 24, 16], [1, 12, 2, 13], [3, 8, 4, 9], [5, 19, 6, 18]]"
12n_0772_160,"[[5, 19, 6, 18], [7, 14, 8, 15], [9, 2, 10, 3], [22, 12, 23, 11], [13, 4, 14, 5], [15, 21, 16, 20], [17, 1, 18, 24], [19, 7, 20, 6], [10, 22, 11, 21], [23, 17, 24, 16], [1, 12, 2, 13], [3, 8, 4, 9]]"
12n_0772_161,"[[3, 8, 4, 9], [5, 19, 6, 18], [7, 14, 8, 15], [9, 2, 10, 3], [22, 12, 23, 11], [13, 4, 14, 5], [15, 21, 16, 20], [17, 1, 18, 24], [19, 7, 20, 6], [10, 22, 11, 21], [23, 17, 24, 16], [1, 12, 2, 13]]"
12n_0772_162,"[[1, 12, 2, 13], [3, 8, 4, 9], [5, 19, 6, 18], [7, 14, 8, 15], [9, 2, 10, 3], [22, 12, 23, 11], [13, 4, 14, 5], [15, 21, 16, 20], [17, 1, 18, 24], [19, 7, 20, 6], [10, 22, 11, 21], [23, 17, 24, 16]]"
12n_0772_163,"[[23, 17, 24, 16], [1, 12, 2, 13], [3, 8, 4, 9], [5, 19, 6, 18], [7, 14, 8, 15], [9, 2, 10, 3], [22, 12, 23, 11], [13, 4, 14, 5], [15, 21, 16, 20], [17, 1, 18, 24], [19, 7, 20, 6], [10, 22, 11, 21]]"
12n_0772_164,"[[10, 22, 11, 21], [23, 17, 24, 16], [1, 12, 2, 13], [3, 8, 4, 9], [5, 19, 6, 18], [7, 14, 8, 15], [9, 2, 10, 3], [22, 12, 23, 11], [13, 4, 14, 5], [15, 21, 16, 20], [17, 1, 18, 24], [19, 7, 20, 6]]"
12n_0772_165,"[[19, 7, 20, 6], [10, 22, 11, 21], [23, 17, 24, 16], [1, 12, 2, 13], [3, 8, 4, 9], [5, 19, 6, 18], [7, 14, 8, 15], [9, 2, 10, 3], [22, 12, 23, 11], [13, 4, 14, 5], [15, 21, 16, 20], [17, 1, 18, 24]]"
12n_0772_166,"[[17, 1, 18, 24], [19, 7, 20, 6], [10, 22, 11, 21], [23, 17, 24, 16], [1, 12, 2, 13], [3, 8, 4, 9], [5, 19, 6, 18], [7, 14, 8, 15], [9, 2, 10, 3], [22, 12, 23, 11], [13, 4, 14, 5], [15, 21, 16, 20]]"
12n_0772_167,"[[15, 21, 16, 20], [17, 1, 18, 24], [19, 7, 20, 6], [10, 22, 11, 21], [23, 17, 24, 16], [1, 12, 2, 13], [3, 8, 4, 9], [5, 19, 6, 18], [7, 14, 8, 15], [9, 2, 10, 3], [22, 12, 23, 11], [13, 4, 14, 5]]"
12n_0772_168,"[[14, 5, 15, 6], [16, 22, 17, 21], [18, 2, 19, 1], [20, 8, 21, 7], [11, 23, 12, 22], [24, 18, 1, 17], [2, 13, 3, 14], [4, 9, 5, 10], [6, 20, 7, 19], [8, 15, 9, 16], [10, 3, 11, 4], [23, 13, 24, 12]]"
12n_0772_169,"[[23, 13, 24, 12], [14, 5, 15, 6], [16, 22, 17, 21], [18, 2, 19, 1], [20, 8, 21, 7], [11, 23, 12, 22], [24, 18, 1, 17], [2, 13, 3, 14], [4, 9, 5, 10], [6, 20, 7, 19], [8, 15, 9, 16], [10, 3, 11, 4]]"
12n_0772_170,"[[10, 3, 11, 4], [23, 13, 24, 12], [14, 5, 15, 6], [16, 22, 17, 21], [18, 2, 19, 1], [20, 8, 21, 7], [11, 23, 12, 22], [24, 18, 1, 17], [2, 13, 3, 14], [4, 9, 5, 10], [6, 20, 7, 19], [8, 15, 9, 16]]"
12n_0772_171,"[[8, 15, 9, 16], [10, 3, 11, 4], [23, 13, 24, 12], [14, 5, 15, 6], [16, 22, 17, 21], [18, 2, 19, 1], [20, 8, 21, 7], [11, 23, 12, 22], [24, 18, 1, 17], [2, 13, 3, 14], [4, 9, 5, 10], [6, 20, 7, 19]]"
12n_0772_172,"[[6, 20, 7, 19], [8, 15, 9, 16], [10, 3, 11, 4], [23, 13, 24, 12], [14, 5, 15, 6], [16, 22, 17, 21], [18, 2, 19, 1], [20, 8, 21, 7], [11, 23, 12, 22], [24, 18, 1, 17], [2, 13, 3, 14], [4, 9, 5, 10]]"
12n_0772_173,"[[4, 9, 5, 10], [6, 20, 7, 19], [8, 15, 9, 16], [10, 3, 11, 4], [23, 13, 24, 12], [14, 5, 15, 6], [16, 22, 17, 21], [18, 2, 19, 1], [20, 8, 21, 7], [11, 23, 12, 22], [24, 18, 1, 17], [2, 13, 3, 14]]"
12n_0772_174,"[[2, 13, 3, 14], [4, 9, 5, 10], [6, 20, 7, 19], [8, 15, 9, 16], [10, 3, 11, 4], [23, 13, 24, 12], [14, 5, 15, 6], [16, 22, 17, 21], [18, 2, 19, 1], [20, 8, 21, 7], [11, 23, 12, 22], [24, 18, 1, 17]]"
12n_0772_175,"[[24, 18, 1, 17], [2, 13, 3, 14], [4, 9, 5, 10], [6, 20, 7, 19], [8, 15, 9, 16], [10, 3, 11, 4], [23, 13, 24, 12], [14, 5, 15, 6], [16, 22, 17, 21], [18, 2, 19, 1], [20, 8, 21, 7], [11, 23, 12, 22]]"
12n_0772_176,"[[11, 23, 12, 22], [24, 18, 1, 17], [2, 13, 3, 14], [4, 9, 5, 10], [6, 20, 7, 19], [8, 15, 9, 16], [10, 3, 11, 4], [23, 13, 24, 12], [14, 5, 15, 6], [16, 22, 17, 21], [18, 2, 19, 1], [20, 8, 21, 7]]"
12n_0772_177,"[[20, 8, 21, 7], [11, 23, 12, 22], [24, 18, 1, 17], [2, 13, 3, 14], [4, 9, 5, 10], [6, 20, 7, 19], [8, 15, 9, 16], [10, 3, 11, 4], [23, 13, 24, 12], [14, 5, 15, 6], [16, 22, 17, 21], [18, 2, 19, 1]]"
12n_0772_178,"[[18, 2, 19, 1], [20, 8, 21, 7], [11, 23, 12, 22], [24, 18, 1, 17], [2, 13, 3, 14], [4, 9, 5, 10], [6, 20, 7, 19], [8, 15, 9, 16], [10, 3, 11, 4], [23, 13, 24, 12], [14, 5, 15, 6], [16, 22, 17, 21]]"
12n_0772_179,"[[16, 22, 17, 21], [18, 2, 19, 1], [20, 8, 21, 7], [11, 23, 12, 22], [24, 18, 1, 17], [2, 13, 3, 14], [4, 9, 5, 10], [6, 20, 7, 19], [8, 15, 9, 16], [10, 3, 11, 4], [23, 13, 24, 12], [14, 5, 15, 6]]"
12n_0772_180,"[[15, 6, 16, 7], [17, 23, 18, 22], [19, 3, 20, 2], [21, 9, 22, 8], [12, 24, 13, 23], [1, 19, 2, 18], [3, 14, 4, 15], [5, 10, 6, 11], [7, 21, 8, 20], [9, 16, 10, 17], [11, 4, 12, 5], [24, 14, 1, 13]]"
12n_0772_181,"[[24, 14, 1, 13], [15, 6, 16, 7], [17, 23, 18, 22], [19, 3, 20, 2], [21, 9, 22, 8], [12, 24, 13, 23], [1, 19, 2, 18], [3, 14, 4, 15], [5, 10, 6, 11], [7, 21, 8, 20], [9, 16, 10, 17], [11, 4, 12, 5]]"
12n_0772_182,"[[11, 4, 12, 5], [24, 14, 1, 13], [15, 6, 16, 7], [17, 23, 18, 22], [19, 3, 20, 2], [21, 9, 22, 8], [12, 24, 13, 23], [1, 19, 2, 18], [3, 14, 4, 15], [5, 10, 6, 11], [7, 21, 8, 20], [9, 16, 10, 17]]"
12n_0772_183,"[[9, 16, 10, 17], [11, 4, 12, 5], [24, 14, 1, 13], [15, 6, 16, 7], [17, 23, 18, 22], [19, 3, 20, 2], [21, 9, 22, 8], [12, 24, 13, 23], [1, 19, 2, 18], [3, 14, 4, 15], [5, 10, 6, 11], [7, 21, 8, 20]]"
12n_0772_184,"[[7, 21, 8, 20], [9, 16, 10, 17], [11, 4, 12, 5], [24, 14, 1, 13], [15, 6, 16, 7], [17, 23, 18, 22], [19, 3, 20, 2], [21, 9, 22, 8], [12, 24, 13, 23], [1, 19, 2, 18], [3, 14, 4, 15], [5, 10, 6, 11]]"
12n_0772_185,"[[5, 10, 6, 11], [7, 21, 8, 20], [9, 16, 10, 17], [11, 4, 12, 5], [24, 14, 1, 13], [15, 6, 16, 7], [17, 23, 18, 22], [19, 3, 20, 2], [21, 9, 22, 8], [12, 24, 13, 23], [1, 19, 2, 18], [3, 14, 4, 15]]"
