name,pd_notation
12n_0752_0,"[[24, 17, 1, 18], [2, 8, 3, 7], [4, 12, 5, 11], [6, 16, 7, 15], [8, 19, 9, 20], [10, 4, 11, 3], [21, 13, 22, 12], [14, 6, 15, 5], [16, 1, 17, 2], [18, 23, 19, 24], [20, 9, 21, 10], [13, 23, 14, 22]]"
12n_0752_1,"[[13, 23, 14, 22], [24, 17, 1, 18], [2, 8, 3, 7], [4, 12, 5, 11], [6, 16, 7, 15], [8, 19, 9, 20], [10, 4, 11, 3], [21, 13, 22, 12], [14, 6, 15, 5], [16, 1, 17, 2], [18, 23, 19, 24], [20, 9, 21, 10]]"
12n_0752_2,"[[20, 9, 21, 10], [13, 23, 14, 22], [24, 17, 1, 18], [2, 8, 3, 7], [4, 12, 5, 11], [6, 16, 7, 15], [8, 19, 9, 20], [10, 4, 11, 3], [21, 13, 22, 12], [14, 6, 15, 5], [16, 1, 17, 2], [18, 23, 19, 24]]"
12n_0752_3,"[[18, 23, 19, 24], [20, 9, 21, 10], [13, 23, 14, 22], [24, 17, 1, 18], [2, 8, 3, 7], [4, 12, 5, 11], [6, 16, 7, 15], [8, 19, 9, 20], [10, 4, 11, 3], [21, 13, 22, 12], [14, 6, 15, 5], [16, 1, 17, 2]]"
12n_0752_4,"[[16, 1, 17, 2], [18, 23, 19, 24], [20, 9, 21, 10], [13, 23, 14, 22], [24, 17, 1, 18], [2, 8, 3, 7], [4, 12, 5, 11], [6, 16, 7, 15], [8, 19, 9, 20], [10, 4, 11, 3], [21, 13, 22, 12], [14, 6, 15, 5]]"
12n_0752_5,"[[14, 6, 15, 5], [16, 1, 17, 2], [18, 23, 19, 24], [20, 9, 21, 10], [13, 23, 14, 22], [24, 17, 1, 18], [2, 8, 3, 7], [4, 12, 5, 11], [6, 16, 7, 15], [8, 19, 9, 20], [10, 4, 11, 3], [21, 13, 22, 12]]"
12n_0752_6,"[[21, 13, 22, 12], [14, 6, 15, 5], [16, 1, 17, 2], [18, 23, 19, 24], [20, 9, 21, 10], [13, 23, 14, 22], [24, 17, 1, 18], [2, 8, 3, 7], [4, 12, 5, 11], [6, 16, 7, 15], [8, 19, 9, 20], [10, 4, 11, 3]]"
12n_0752_7,"[[10, 4, 11, 3], [21, 13, 22, 12], [14, 6, 15, 5], [16, 1, 17, 2], [18, 23, 19, 24], [20, 9, 21, 10], [13, 23, 14, 22], [24, 17, 1, 18], [2, 8, 3, 7], [4, 12, 5, 11], [6, 16, 7, 15], [8, 19, 9, 20]]"
12n_0752_8,"[[8, 19, 9, 20], [10, 4, 11, 3], [21, 13, 22, 12], [14, 6, 15, 5], [16, 1, 17, 2], [18, 23, 19, 24], [20, 9, 21, 10], [13, 23, 14, 22], [24, 17, 1, 18], [2, 8, 3, 7], [4, 12, 5, 11], [6, 16, 7, 15]]"
12n_0752_9,"[[6, 16, 7, 15], [8, 19, 9, 20], [10, 4, 11, 3], [21, 13, 22, 12], [14, 6, 15, 5], [16, 1, 17, 2], [18, 23, 19, 24], [20, 9, 21, 10], [13, 23, 14, 22], [24, 17, 1, 18], [2, 8, 3, 7], [4, 12, 5, 11]]"
12n_0752_10,"[[4, 12, 5, 11], [6, 16, 7, 15], [8, 19, 9, 20], [10, 4, 11, 3], [21, 13, 22, 12], [14, 6, 15, 5], [16, 1, 17, 2], [18, 23, 19, 24], [20, 9, 21, 10], [13, 23, 14, 22], [24, 17, 1, 18], [2, 8, 3, 7]]"
12n_0752_11,"[[2, 8, 3, 7], [4, 12, 5, 11], [6, 16, 7, 15], [8, 19, 9, 20], [10, 4, 11, 3], [21, 13, 22, 12], [14, 6, 15, 5], [16, 1, 17, 2], [18, 23, 19, 24], [20, 9, 21, 10], [13, 23, 14, 22], [24, 17, 1, 18]]"
12n_0752_12,"[[1, 18, 2, 19], [3, 9, 4, 8], [5, 13, 6, 12], [7, 17, 8, 16], [9, 20, 10, 21], [11, 5, 12, 4], [22, 14, 23, 13], [15, 7, 16, 6], [17, 2, 18, 3], [19, 24, 20, 1], [21, 10, 22, 11], [14, 24, 15, 23]]"
12n_0752_13,"[[14, 24, 15, 23], [1, 18, 2, 19], [3, 9, 4, 8], [5, 13, 6, 12], [7, 17, 8, 16], [9, 20, 10, 21], [11, 5, 12, 4], [22, 14, 23, 13], [15, 7, 16, 6], [17, 2, 18, 3], [19, 24, 20, 1], [21, 10, 22, 11]]"
12n_0752_14,"[[21, 10, 22, 11], [14, 24, 15, 23], [1, 18, 2, 19], [3, 9, 4, 8], [5, 13, 6, 12], [7, 17, 8, 16], [9, 20, 10, 21], [11, 5, 12, 4], [22, 14, 23, 13], [15, 7, 16, 6], [17, 2, 18, 3], [19, 24, 20, 1]]"
12n_0752_15,"[[19, 24, 20, 1], [21, 10, 22, 11], [14, 24, 15, 23], [1, 18, 2, 19], [3, 9, 4, 8], [5, 13, 6, 12], [7, 17, 8, 16], [9, 20, 10, 21], [11, 5, 12, 4], [22, 14, 23, 13], [15, 7, 16, 6], [17, 2, 18, 3]]"
12n_0752_16,"[[17, 2, 18, 3], [19, 24, 20, 1], [21, 10, 22, 11], [14, 24, 15, 23], [1, 18, 2, 19], [3, 9, 4, 8], [5, 13, 6, 12], [7, 17, 8, 16], [9, 20, 10, 21], [11, 5, 12, 4], [22, 14, 23, 13], [15, 7, 16, 6]]"
12n_0752_17,"[[15, 7, 16, 6], [17, 2, 18, 3], [19, 24, 20, 1], [21, 10, 22, 11], [14, 24, 15, 23], [1, 18, 2, 19], [3, 9, 4, 8], [5, 13, 6, 12], [7, 17, 8, 16], [9, 20, 10, 21], [11, 5, 12, 4], [22, 14, 23, 13]]"
12n_0752_18,"[[22, 14, 23, 13], [15, 7, 16, 6], [17, 2, 18, 3], [19, 24, 20, 1], [21, 10, 22, 11], [14, 24, 15, 23], [1, 18, 2, 19], [3, 9, 4, 8], [5, 13, 6, 12], [7, 17, 8, 16], [9, 20, 10, 21], [11, 5, 12, 4]]"
12n_0752_19,"[[11, 5, 12, 4], [22, 14, 23, 13], [15, 7, 16, 6], [17, 2, 18, 3], [19, 24, 20, 1], [21, 10, 22, 11], [14, 24, 15, 23], [1, 18, 2, 19], [3, 9, 4, 8], [5, 13, 6, 12], [7, 17, 8, 16], [9, 20, 10, 21]]"
12n_0752_20,"[[9, 20, 10, 21], [11, 5, 12, 4], [22, 14, 23, 13], [15, 7, 16, 6], [17, 2, 18, 3], [19, 24, 20, 1], [21, 10, 22, 11], [14, 24, 15, 23], [1, 18, 2, 19], [3, 9, 4, 8], [5, 13, 6, 12], [7, 17, 8, 16]]"
12n_0752_21,"[[7, 17, 8, 16], [9, 20, 10, 21], [11, 5, 12, 4], [22, 14, 23, 13], [15, 7, 16, 6], [17, 2, 18, 3], [19, 24, 20, 1], [21, 10, 22, 11], [14, 24, 15, 23], [1, 18, 2, 19], [3, 9, 4, 8], [5, 13, 6, 12]]"
12n_0752_22,"[[5, 13, 6, 12], [7, 17, 8, 16], [9, 20, 10, 21], [11, 5, 12, 4], [22, 14, 23, 13], [15, 7, 16, 6], [17, 2, 18, 3], [19, 24, 20, 1], [21, 10, 22, 11], [14, 24, 15, 23], [1, 18, 2, 19], [3, 9, 4, 8]]"
12n_0752_23,"[[3, 9, 4, 8], [5, 13, 6, 12], [7, 17, 8, 16], [9, 20, 10, 21], [11, 5, 12, 4], [22, 14, 23, 13], [15, 7, 16, 6], [17, 2, 18, 3], [19, 24, 20, 1], [21, 10, 22, 11], [14, 24, 15, 23], [1, 18, 2, 19]]"
12n_0752_24,"[[2, 19, 3, 20], [4, 10, 5, 9], [6, 14, 7, 13], [8, 18, 9, 17], [10, 21, 11, 22], [12, 6, 13, 5], [23, 15, 24, 14], [16, 8, 17, 7], [18, 3, 19, 4], [20, 1, 21, 2], [22, 11, 23, 12], [15, 1, 16, 24]]"
12n_0752_25,"[[15, 1, 16, 24], [2, 19, 3, 20], [4, 10, 5, 9], [6, 14, 7, 13], [8, 18, 9, 17], [10, 21, 11, 22], [12, 6, 13, 5], [23, 15, 24, 14], [16, 8, 17, 7], [18, 3, 19, 4], [20, 1, 21, 2], [22, 11, 23, 12]]"
12n_0752_26,"[[22, 11, 23, 12], [15, 1, 16, 24], [2, 19, 3, 20], [4, 10, 5, 9], [6, 14, 7, 13], [8, 18, 9, 17], [10, 21, 11, 22], [12, 6, 13, 5], [23, 15, 24, 14], [16, 8, 17, 7], [18, 3, 19, 4], [20, 1, 21, 2]]"
12n_0752_27,"[[20, 1, 21, 2], [22, 11, 23, 12], [15, 1, 16, 24], [2, 19, 3, 20], [4, 10, 5, 9], [6, 14, 7, 13], [8, 18, 9, 17], [10, 21, 11, 22], [12, 6, 13, 5], [23, 15, 24, 14], [16, 8, 17, 7], [18, 3, 19, 4]]"
12n_0752_28,"[[18, 3, 19, 4], [20, 1, 21, 2], [22, 11, 23, 12], [15, 1, 16, 24], [2, 19, 3, 20], [4, 10, 5, 9], [6, 14, 7, 13], [8, 18, 9, 17], [10, 21, 11, 22], [12, 6, 13, 5], [23, 15, 24, 14], [16, 8, 17, 7]]"
12n_0752_29,"[[16, 8, 17, 7], [18, 3, 19, 4], [20, 1, 21, 2], [22, 11, 23, 12], [15, 1, 16, 24], [2, 19, 3, 20], [4, 10, 5, 9], [6, 14, 7, 13], [8, 18, 9, 17], [10, 21, 11, 22], [12, 6, 13, 5], [23, 15, 24, 14]]"
12n_0752_30,"[[23, 15, 24, 14], [16, 8, 17, 7], [18, 3, 19, 4], [20, 1, 21, 2], [22, 11, 23, 12], [15, 1, 16, 24], [2, 19, 3, 20], [4, 10, 5, 9], [6, 14, 7, 13], [8, 18, 9, 17], [10, 21, 11, 22], [12, 6, 13, 5]]"
12n_0752_31,"[[12, 6, 13, 5], [23, 15, 24, 14], [16, 8, 17, 7], [18, 3, 19, 4], [20, 1, 21, 2], [22, 11, 23, 12], [15, 1, 16, 24], [2, 19, 3, 20], [4, 10, 5, 9], [6, 14, 7, 13], [8, 18, 9, 17], [10, 21, 11, 22]]"
12n_0752_32,"[[10, 21, 11, 22], [12, 6, 13, 5], [23, 15, 24, 14], [16, 8, 17, 7], [18, 3, 19, 4], [20, 1, 21, 2], [22, 11, 23, 12], [15, 1, 16, 24], [2, 19, 3, 20], [4, 10, 5, 9], [6, 14, 7, 13], [8, 18, 9, 17]]"
12n_0752_33,"[[8, 18, 9, 17], [10, 21, 11, 22], [12, 6, 13, 5], [23, 15, 24, 14], [16, 8, 17, 7], [18, 3, 19, 4], [20, 1, 21, 2], [22, 11, 23, 12], [15, 1, 16, 24], [2, 19, 3, 20], [4, 10, 5, 9], [6, 14, 7, 13]]"
12n_0752_34,"[[6, 14, 7, 13], [8, 18, 9, 17], [10, 21, 11, 22], [12, 6, 13, 5], [23, 15, 24, 14], [16, 8, 17, 7], [18, 3, 19, 4], [20, 1, 21, 2], [22, 11, 23, 12], [15, 1, 16, 24], [2, 19, 3, 20], [4, 10, 5, 9]]"
12n_0752_35,"[[4, 10, 5, 9], [6, 14, 7, 13], [8, 18, 9, 17], [10, 21, 11, 22], [12, 6, 13, 5], [23, 15, 24, 14], [16, 8, 17, 7], [18, 3, 19, 4], [20, 1, 21, 2], [22, 11, 23, 12], [15, 1, 16, 24], [2, 19, 3, 20]]"
12n_0752_36,"[[3, 20, 4, 21], [5, 11, 6, 10], [7, 15, 8, 14], [9, 19, 10, 18], [11, 22, 12, 23], [13, 7, 14, 6], [24, 16, 1, 15], [17, 9, 18, 8], [19, 4, 20, 5], [21, 2, 22, 3], [23, 12, 24, 13], [16, 2, 17, 1]]"
12n_0752_37,"[[16, 2, 17, 1], [3, 20, 4, 21], [5, 11, 6, 10], [7, 15, 8, 14], [9, 19, 10, 18], [11, 22, 12, 23], [13, 7, 14, 6], [24, 16, 1, 15], [17, 9, 18, 8], [19, 4, 20, 5], [21, 2, 22, 3], [23, 12, 24, 13]]"
12n_0752_38,"[[23, 12, 24, 13], [16, 2, 17, 1], [3, 20, 4, 21], [5, 11, 6, 10], [7, 15, 8, 14], [9, 19, 10, 18], [11, 22, 12, 23], [13, 7, 14, 6], [24, 16, 1, 15], [17, 9, 18, 8], [19, 4, 20, 5], [21, 2, 22, 3]]"
12n_0752_39,"[[21, 2, 22, 3], [23, 12, 24, 13], [16, 2, 17, 1], [3, 20, 4, 21], [5, 11, 6, 10], [7, 15, 8, 14], [9, 19, 10, 18], [11, 22, 12, 23], [13, 7, 14, 6], [24, 16, 1, 15], [17, 9, 18, 8], [19, 4, 20, 5]]"
12n_0752_40,"[[19, 4, 20, 5], [21, 2, 22, 3], [23, 12, 24, 13], [16, 2, 17, 1], [3, 20, 4, 21], [5, 11, 6, 10], [7, 15, 8, 14], [9, 19, 10, 18], [11, 22, 12, 23], [13, 7, 14, 6], [24, 16, 1, 15], [17, 9, 18, 8]]"
12n_0752_41,"[[17, 9, 18, 8], [19, 4, 20, 5], [21, 2, 22, 3], [23, 12, 24, 13], [16, 2, 17, 1], [3, 20, 4, 21], [5, 11, 6, 10], [7, 15, 8, 14], [9, 19, 10, 18], [11, 22, 12, 23], [13, 7, 14, 6], [24, 16, 1, 15]]"
12n_0752_42,"[[24, 16, 1, 15], [17, 9, 18, 8], [19, 4, 20, 5], [21, 2, 22, 3], [23, 12, 24, 13], [16, 2, 17, 1], [3, 20, 4, 21], [5, 11, 6, 10], [7, 15, 8, 14], [9, 19, 10, 18], [11, 22, 12, 23], [13, 7, 14, 6]]"
12n_0752_43,"[[13, 7, 14, 6], [24, 16, 1, 15], [17, 9, 18, 8], [19, 4, 20, 5], [21, 2, 22, 3], [23, 12, 24, 13], [16, 2, 17, 1], [3, 20, 4, 21], [5, 11, 6, 10], [7, 15, 8, 14], [9, 19, 10, 18], [11, 22, 12, 23]]"
12n_0752_44,"[[11, 22, 12, 23], [13, 7, 14, 6], [24, 16, 1, 15], [17, 9, 18, 8], [19, 4, 20, 5], [21, 2, 22, 3], [23, 12, 24, 13], [16, 2, 17, 1], [3, 20, 4, 21], [5, 11, 6, 10], [7, 15, 8, 14], [9, 19, 10, 18]]"
12n_0752_45,"[[9, 19, 10, 18], [11, 22, 12, 23], [13, 7, 14, 6], [24, 16, 1, 15], [17, 9, 18, 8], [19, 4, 20, 5], [21, 2, 22, 3], [23, 12, 24, 13], [16, 2, 17, 1], [3, 20, 4, 21], [5, 11, 6, 10], [7, 15, 8, 14]]"
12n_0752_46,"[[7, 15, 8, 14], [9, 19, 10, 18], [11, 22, 12, 23], [13, 7, 14, 6], [24, 16, 1, 15], [17, 9, 18, 8], [19, 4, 20, 5], [21, 2, 22, 3], [23, 12, 24, 13], [16, 2, 17, 1], [3, 20, 4, 21], [5, 11, 6, 10]]"
12n_0752_47,"[[5, 11, 6, 10], [7, 15, 8, 14], [9, 19, 10, 18], [11, 22, 12, 23], [13, 7, 14, 6], [24, 16, 1, 15], [17, 9, 18, 8], [19, 4, 20, 5], [21, 2, 22, 3], [23, 12, 24, 13], [16, 2, 17, 1], [3, 20, 4, 21]]"
12n_0752_48,"[[4, 21, 5, 22], [6, 12, 7, 11], [8, 16, 9, 15], [10, 20, 11, 19], [12, 23, 13, 24], [14, 8, 15, 7], [1, 17, 2, 16], [18, 10, 19, 9], [20, 5, 21, 6], [22, 3, 23, 4], [24, 13, 1, 14], [17, 3, 18, 2]]"
12n_0752_49,"[[17, 3, 18, 2], [4, 21, 5, 22], [6, 12, 7, 11], [8, 16, 9, 15], [10, 20, 11, 19], [12, 23, 13, 24], [14, 8, 15, 7], [1, 17, 2, 16], [18, 10, 19, 9], [20, 5, 21, 6], [22, 3, 23, 4], [24, 13, 1, 14]]"
12n_0752_50,"[[24, 13, 1, 14], [17, 3, 18, 2], [4, 21, 5, 22], [6, 12, 7, 11], [8, 16, 9, 15], [10, 20, 11, 19], [12, 23, 13, 24], [14, 8, 15, 7], [1, 17, 2, 16], [18, 10, 19, 9], [20, 5, 21, 6], [22, 3, 23, 4]]"
12n_0752_51,"[[22, 3, 23, 4], [24, 13, 1, 14], [17, 3, 18, 2], [4, 21, 5, 22], [6, 12, 7, 11], [8, 16, 9, 15], [10, 20, 11, 19], [12, 23, 13, 24], [14, 8, 15, 7], [1, 17, 2, 16], [18, 10, 19, 9], [20, 5, 21, 6]]"
12n_0752_52,"[[20, 5, 21, 6], [22, 3, 23, 4], [24, 13, 1, 14], [17, 3, 18, 2], [4, 21, 5, 22], [6, 12, 7, 11], [8, 16, 9, 15], [10, 20, 11, 19], [12, 23, 13, 24], [14, 8, 15, 7], [1, 17, 2, 16], [18, 10, 19, 9]]"
12n_0752_53,"[[18, 10, 19, 9], [20, 5, 21, 6], [22, 3, 23, 4], [24, 13, 1, 14], [17, 3, 18, 2], [4, 21, 5, 22], [6, 12, 7, 11], [8, 16, 9, 15], [10, 20, 11, 19], [12, 23, 13, 24], [14, 8, 15, 7], [1, 17, 2, 16]]"
12n_0752_54,"[[1, 17, 2, 16], [18, 10, 19, 9], [20, 5, 21, 6], [22, 3, 23, 4], [24, 13, 1, 14], [17, 3, 18, 2], [4, 21, 5, 22], [6, 12, 7, 11], [8, 16, 9, 15], [10, 20, 11, 19], [12, 23, 13, 24], [14, 8, 15, 7]]"
12n_0752_55,"[[14, 8, 15, 7], [1, 17, 2, 16], [18, 10, 19, 9], [20, 5, 21, 6], [22, 3, 23, 4], [24, 13, 1, 14], [17, 3, 18, 2], [4, 21, 5, 22], [6, 12, 7, 11], [8, 16, 9, 15], [10, 20, 11, 19], [12, 23, 13, 24]]"
12n_0752_56,"[[12, 23, 13, 24], [14, 8, 15, 7], [1, 17, 2, 16], [18, 10, 19, 9], [20, 5, 21, 6], [22, 3, 23, 4], [24, 13, 1, 14], [17, 3, 18, 2], [4, 21, 5, 22], [6, 12, 7, 11], [8, 16, 9, 15], [10, 20, 11, 19]]"
12n_0752_57,"[[10, 20, 11, 19], [12, 23, 13, 24], [14, 8, 15, 7], [1, 17, 2, 16], [18, 10, 19, 9], [20, 5, 21, 6], [22, 3, 23, 4], [24, 13, 1, 14], [17, 3, 18, 2], [4, 21, 5, 22], [6, 12, 7, 11], [8, 16, 9, 15]]"
12n_0752_58,"[[8, 16, 9, 15], [10, 20, 11, 19], [12, 23, 13, 24], [14, 8, 15, 7], [1, 17, 2, 16], [18, 10, 19, 9], [20, 5, 21, 6], [22, 3, 23, 4], [24, 13, 1, 14], [17, 3, 18, 2], [4, 21, 5, 22], [6, 12, 7, 11]]"
12n_0752_59,"[[6, 12, 7, 11], [8, 16, 9, 15], [10, 20, 11, 19], [12, 23, 13, 24], [14, 8, 15, 7], [1, 17, 2, 16], [18, 10, 19, 9], [20, 5, 21, 6], [22, 3, 23, 4], [24, 13, 1, 14], [17, 3, 18, 2], [4, 21, 5, 22]]"
12n_0752_60,"[[5, 22, 6, 23], [7, 13, 8, 12], [9, 17, 10, 16], [11, 21, 12, 20], [13, 24, 14, 1], [15, 9, 16, 8], [2, 18, 3, 17], [19, 11, 20, 10], [21, 6, 22, 7], [23, 4, 24, 5], [1, 14, 2, 15], [18, 4, 19, 3]]"
12n_0752_61,"[[18, 4, 19, 3], [5, 22, 6, 23], [7, 13, 8, 12], [9, 17, 10, 16], [11, 21, 12, 20], [13, 24, 14, 1], [15, 9, 16, 8], [2, 18, 3, 17], [19, 11, 20, 10], [21, 6, 22, 7], [23, 4, 24, 5], [1, 14, 2, 15]]"
12n_0752_62,"[[1, 14, 2, 15], [18, 4, 19, 3], [5, 22, 6, 23], [7, 13, 8, 12], [9, 17, 10, 16], [11, 21, 12, 20], [13, 24, 14, 1], [15, 9, 16, 8], [2, 18, 3, 17], [19, 11, 20, 10], [21, 6, 22, 7], [23, 4, 24, 5]]"
12n_0752_63,"[[23, 4, 24, 5], [1, 14, 2, 15], [18, 4, 19, 3], [5, 22, 6, 23], [7, 13, 8, 12], [9, 17, 10, 16], [11, 21, 12, 20], [13, 24, 14, 1], [15, 9, 16, 8], [2, 18, 3, 17], [19, 11, 20, 10], [21, 6, 22, 7]]"
12n_0752_64,"[[21, 6, 22, 7], [23, 4, 24, 5], [1, 14, 2, 15], [18, 4, 19, 3], [5, 22, 6, 23], [7, 13, 8, 12], [9, 17, 10, 16], [11, 21, 12, 20], [13, 24, 14, 1], [15, 9, 16, 8], [2, 18, 3, 17], [19, 11, 20, 10]]"
12n_0752_65,"[[19, 11, 20, 10], [21, 6, 22, 7], [23, 4, 24, 5], [1, 14, 2, 15], [18, 4, 19, 3], [5, 22, 6, 23], [7, 13, 8, 12], [9, 17, 10, 16], [11, 21, 12, 20], [13, 24, 14, 1], [15, 9, 16, 8], [2, 18, 3, 17]]"
12n_0752_66,"[[2, 18, 3, 17], [19, 11, 20, 10], [21, 6, 22, 7], [23, 4, 24, 5], [1, 14, 2, 15], [18, 4, 19, 3], [5, 22, 6, 23], [7, 13, 8, 12], [9, 17, 10, 16], [11, 21, 12, 20], [13, 24, 14, 1], [15, 9, 16, 8]]"
12n_0752_67,"[[15, 9, 16, 8], [2, 18, 3, 17], [19, 11, 20, 10], [21, 6, 22, 7], [23, 4, 24, 5], [1, 14, 2, 15], [18, 4, 19, 3], [5, 22, 6, 23], [7, 13, 8, 12], [9, 17, 10, 16], [11, 21, 12, 20], [13, 24, 14, 1]]"
12n_0752_68,"[[13, 24, 14, 1], [15, 9, 16, 8], [2, 18, 3, 17], [19, 11, 20, 10], [21, 6, 22, 7], [23, 4, 24, 5], [1, 14, 2, 15], [18, 4, 19, 3], [5, 22, 6, 23], [7, 13, 8, 12], [9, 17, 10, 16], [11, 21, 12, 20]]"
12n_0752_69,"[[11, 21, 12, 20], [13, 24, 14, 1], [15, 9, 16, 8], [2, 18, 3, 17], [19, 11, 20, 10], [21, 6, 22, 7], [23, 4, 24, 5], [1, 14, 2, 15], [18, 4, 19, 3], [5, 22, 6, 23], [7, 13, 8, 12], [9, 17, 10, 16]]"
12n_0752_70,"[[9, 17, 10, 16], [11, 21, 12, 20], [13, 24, 14, 1], [15, 9, 16, 8], [2, 18, 3, 17], [19, 11, 20, 10], [21, 6, 22, 7], [23, 4, 24, 5], [1, 14, 2, 15], [18, 4, 19, 3], [5, 22, 6, 23], [7, 13, 8, 12]]"
12n_0752_71,"[[7, 13, 8, 12], [9, 17, 10, 16], [11, 21, 12, 20], [13, 24, 14, 1], [15, 9, 16, 8], [2, 18, 3, 17], [19, 11, 20, 10], [21, 6, 22, 7], [23, 4, 24, 5], [1, 14, 2, 15], [18, 4, 19, 3], [5, 22, 6, 23]]"
12n_0752_72,"[[6, 23, 7, 24], [8, 14, 9, 13], [10, 18, 11, 17], [12, 22, 13, 21], [14, 1, 15, 2], [16, 10, 17, 9], [3, 19, 4, 18], [20, 12, 21, 11], [22, 7, 23, 8], [24, 5, 1, 6], [2, 15, 3, 16], [19, 5, 20, 4]]"
12n_0752_73,"[[19, 5, 20, 4], [6, 23, 7, 24], [8, 14, 9, 13], [10, 18, 11, 17], [12, 22, 13, 21], [14, 1, 15, 2], [16, 10, 17, 9], [3, 19, 4, 18], [20, 12, 21, 11], [22, 7, 23, 8], [24, 5, 1, 6], [2, 15, 3, 16]]"
12n_0752_74,"[[2, 15, 3, 16], [19, 5, 20, 4], [6, 23, 7, 24], [8, 14, 9, 13], [10, 18, 11, 17], [12, 22, 13, 21], [14, 1, 15, 2], [16, 10, 17, 9], [3, 19, 4, 18], [20, 12, 21, 11], [22, 7, 23, 8], [24, 5, 1, 6]]"
12n_0752_75,"[[24, 5, 1, 6], [2, 15, 3, 16], [19, 5, 20, 4], [6, 23, 7, 24], [8, 14, 9, 13], [10, 18, 11, 17], [12, 22, 13, 21], [14, 1, 15, 2], [16, 10, 17, 9], [3, 19, 4, 18], [20, 12, 21, 11], [22, 7, 23, 8]]"
12n_0752_76,"[[22, 7, 23, 8], [24, 5, 1, 6], [2, 15, 3, 16], [19, 5, 20, 4], [6, 23, 7, 24], [8, 14, 9, 13], [10, 18, 11, 17], [12, 22, 13, 21], [14, 1, 15, 2], [16, 10, 17, 9], [3, 19, 4, 18], [20, 12, 21, 11]]"
12n_0752_77,"[[20, 12, 21, 11], [22, 7, 23, 8], [24, 5, 1, 6], [2, 15, 3, 16], [19, 5, 20, 4], [6, 23, 7, 24], [8, 14, 9, 13], [10, 18, 11, 17], [12, 22, 13, 21], [14, 1, 15, 2], [16, 10, 17, 9], [3, 19, 4, 18]]"
12n_0752_78,"[[3, 19, 4, 18], [20, 12, 21, 11], [22, 7, 23, 8], [24, 5, 1, 6], [2, 15, 3, 16], [19, 5, 20, 4], [6, 23, 7, 24], [8, 14, 9, 13], [10, 18, 11, 17], [12, 22, 13, 21], [14, 1, 15, 2], [16, 10, 17, 9]]"
12n_0752_79,"[[16, 10, 17, 9], [3, 19, 4, 18], [20, 12, 21, 11], [22, 7, 23, 8], [24, 5, 1, 6], [2, 15, 3, 16], [19, 5, 20, 4], [6, 23, 7, 24], [8, 14, 9, 13], [10, 18, 11, 17], [12, 22, 13, 21], [14, 1, 15, 2]]"
12n_0752_80,"[[14, 1, 15, 2], [16, 10, 17, 9], [3, 19, 4, 18], [20, 12, 21, 11], [22, 7, 23, 8], [24, 5, 1, 6], [2, 15, 3, 16], [19, 5, 20, 4], [6, 23, 7, 24], [8, 14, 9, 13], [10, 18, 11, 17], [12, 22, 13, 21]]"
12n_0752_81,"[[12, 22, 13, 21], [14, 1, 15, 2], [16, 10, 17, 9], [3, 19, 4, 18], [20, 12, 21, 11], [22, 7, 23, 8], [24, 5, 1, 6], [2, 15, 3, 16], [19, 5, 20, 4], [6, 23, 7, 24], [8, 14, 9, 13], [10, 18, 11, 17]]"
12n_0752_82,"[[10, 18, 11, 17], [12, 22, 13, 21], [14, 1, 15, 2], [16, 10, 17, 9], [3, 19, 4, 18], [20, 12, 21, 11], [22, 7, 23, 8], [24, 5, 1, 6], [2, 15, 3, 16], [19, 5, 20, 4], [6, 23, 7, 24], [8, 14, 9, 13]]"
12n_0752_83,"[[8, 14, 9, 13], [10, 18, 11, 17], [12, 22, 13, 21], [14, 1, 15, 2], [16, 10, 17, 9], [3, 19, 4, 18], [20, 12, 21, 11], [22, 7, 23, 8], [24, 5, 1, 6], [2, 15, 3, 16], [19, 5, 20, 4], [6, 23, 7, 24]]"
12n_0752_84,"[[7, 24, 8, 1], [9, 15, 10, 14], [11, 19, 12, 18], [13, 23, 14, 22], [15, 2, 16, 3], [17, 11, 18, 10], [4, 20, 5, 19], [21, 13, 22, 12], [23, 8, 24, 9], [1, 6, 2, 7], [3, 16, 4, 17], [20, 6, 21, 5]]"
12n_0752_85,"[[20, 6, 21, 5], [7, 24, 8, 1], [9, 15, 10, 14], [11, 19, 12, 18], [13, 23, 14, 22], [15, 2, 16, 3], [17, 11, 18, 10], [4, 20, 5, 19], [21, 13, 22, 12], [23, 8, 24, 9], [1, 6, 2, 7], [3, 16, 4, 17]]"
12n_0752_86,"[[3, 16, 4, 17], [20, 6, 21, 5], [7, 24, 8, 1], [9, 15, 10, 14], [11, 19, 12, 18], [13, 23, 14, 22], [15, 2, 16, 3], [17, 11, 18, 10], [4, 20, 5, 19], [21, 13, 22, 12], [23, 8, 24, 9], [1, 6, 2, 7]]"
12n_0752_87,"[[1, 6, 2, 7], [3, 16, 4, 17], [20, 6, 21, 5], [7, 24, 8, 1], [9, 15, 10, 14], [11, 19, 12, 18], [13, 23, 14, 22], [15, 2, 16, 3], [17, 11, 18, 10], [4, 20, 5, 19], [21, 13, 22, 12], [23, 8, 24, 9]]"
12n_0752_88,"[[23, 8, 24, 9], [1, 6, 2, 7], [3, 16, 4, 17], [20, 6, 21, 5], [7, 24, 8, 1], [9, 15, 10, 14], [11, 19, 12, 18], [13, 23, 14, 22], [15, 2, 16, 3], [17, 11, 18, 10], [4, 20, 5, 19], [21, 13, 22, 12]]"
12n_0752_89,"[[21, 13, 22, 12], [23, 8, 24, 9], [1, 6, 2, 7], [3, 16, 4, 17], [20, 6, 21, 5], [7, 24, 8, 1], [9, 15, 10, 14], [11, 19, 12, 18], [13, 23, 14, 22], [15, 2, 16, 3], [17, 11, 18, 10], [4, 20, 5, 19]]"
12n_0752_90,"[[4, 20, 5, 19], [21, 13, 22, 12], [23, 8, 24, 9], [1, 6, 2, 7], [3, 16, 4, 17], [20, 6, 21, 5], [7, 24, 8, 1], [9, 15, 10, 14], [11, 19, 12, 18], [13, 23, 14, 22], [15, 2, 16, 3], [17, 11, 18, 10]]"
12n_0752_91,"[[17, 11, 18, 10], [4, 20, 5, 19], [21, 13, 22, 12], [23, 8, 24, 9], [1, 6, 2, 7], [3, 16, 4, 17], [20, 6, 21, 5], [7, 24, 8, 1], [9, 15, 10, 14], [11, 19, 12, 18], [13, 23, 14, 22], [15, 2, 16, 3]]"
12n_0752_92,"[[15, 2, 16, 3], [17, 11, 18, 10], [4, 20, 5, 19], [21, 13, 22, 12], [23, 8, 24, 9], [1, 6, 2, 7], [3, 16, 4, 17], [20, 6, 21, 5], [7, 24, 8, 1], [9, 15, 10, 14], [11, 19, 12, 18], [13, 23, 14, 22]]"
12n_0752_93,"[[13, 23, 14, 22], [15, 2, 16, 3], [17, 11, 18, 10], [4, 20, 5, 19], [21, 13, 22, 12], [23, 8, 24, 9], [1, 6, 2, 7], [3, 16, 4, 17], [20, 6, 21, 5], [7, 24, 8, 1], [9, 15, 10, 14], [11, 19, 12, 18]]"
12n_0752_94,"[[11, 19, 12, 18], [13, 23, 14, 22], [15, 2, 16, 3], [17, 11, 18, 10], [4, 20, 5, 19], [21, 13, 22, 12], [23, 8, 24, 9], [1, 6, 2, 7], [3, 16, 4, 17], [20, 6, 21, 5], [7, 24, 8, 1], [9, 15, 10, 14]]"
12n_0752_95,"[[9, 15, 10, 14], [11, 19, 12, 18], [13, 23, 14, 22], [15, 2, 16, 3], [17, 11, 18, 10], [4, 20, 5, 19], [21, 13, 22, 12], [23, 8, 24, 9], [1, 6, 2, 7], [3, 16, 4, 17], [20, 6, 21, 5], [7, 24, 8, 1]]"
12n_0752_96,"[[8, 1, 9, 2], [10, 16, 11, 15], [12, 20, 13, 19], [14, 24, 15, 23], [16, 3, 17, 4], [18, 12, 19, 11], [5, 21, 6, 20], [22, 14, 23, 13], [24, 9, 1, 10], [2, 7, 3, 8], [4, 17, 5, 18], [21, 7, 22, 6]]"
12n_0752_97,"[[21, 7, 22, 6], [8, 1, 9, 2], [10, 16, 11, 15], [12, 20, 13, 19], [14, 24, 15, 23], [16, 3, 17, 4], [18, 12, 19, 11], [5, 21, 6, 20], [22, 14, 23, 13], [24, 9, 1, 10], [2, 7, 3, 8], [4, 17, 5, 18]]"
12n_0752_98,"[[4, 17, 5, 18], [21, 7, 22, 6], [8, 1, 9, 2], [10, 16, 11, 15], [12, 20, 13, 19], [14, 24, 15, 23], [16, 3, 17, 4], [18, 12, 19, 11], [5, 21, 6, 20], [22, 14, 23, 13], [24, 9, 1, 10], [2, 7, 3, 8]]"
12n_0752_99,"[[2, 7, 3, 8], [4, 17, 5, 18], [21, 7, 22, 6], [8, 1, 9, 2], [10, 16, 11, 15], [12, 20, 13, 19], [14, 24, 15, 23], [16, 3, 17, 4], [18, 12, 19, 11], [5, 21, 6, 20], [22, 14, 23, 13], [24, 9, 1, 10]]"
12n_0752_100,"[[24, 9, 1, 10], [2, 7, 3, 8], [4, 17, 5, 18], [21, 7, 22, 6], [8, 1, 9, 2], [10, 16, 11, 15], [12, 20, 13, 19], [14, 24, 15, 23], [16, 3, 17, 4], [18, 12, 19, 11], [5, 21, 6, 20], [22, 14, 23, 13]]"
12n_0752_101,"[[22, 14, 23, 13], [24, 9, 1, 10], [2, 7, 3, 8], [4, 17, 5, 18], [21, 7, 22, 6], [8, 1, 9, 2], [10, 16, 11, 15], [12, 20, 13, 19], [14, 24, 15, 23], [16, 3, 17, 4], [18, 12, 19, 11], [5, 21, 6, 20]]"
12n_0752_102,"[[5, 21, 6, 20], [22, 14, 23, 13], [24, 9, 1, 10], [2, 7, 3, 8], [4, 17, 5, 18], [21, 7, 22, 6], [8, 1, 9, 2], [10, 16, 11, 15], [12, 20, 13, 19], [14, 24, 15, 23], [16, 3, 17, 4], [18, 12, 19, 11]]"
12n_0752_103,"[[18, 12, 19, 11], [5, 21, 6, 20], [22, 14, 23, 13], [24, 9, 1, 10], [2, 7, 3, 8], [4, 17, 5, 18], [21, 7, 22, 6], [8, 1, 9, 2], [10, 16, 11, 15], [12, 20, 13, 19], [14, 24, 15, 23], [16, 3, 17, 4]]"
12n_0752_104,"[[16, 3, 17, 4], [18, 12, 19, 11], [5, 21, 6, 20], [22, 14, 23, 13], [24, 9, 1, 10], [2, 7, 3, 8], [4, 17, 5, 18], [21, 7, 22, 6], [8, 1, 9, 2], [10, 16, 11, 15], [12, 20, 13, 19], [14, 24, 15, 23]]"
12n_0752_105,"[[14, 24, 15, 23], [16, 3, 17, 4], [18, 12, 19, 11], [5, 21, 6, 20], [22, 14, 23, 13], [24, 9, 1, 10], [2, 7, 3, 8], [4, 17, 5, 18], [21, 7, 22, 6], [8, 1, 9, 2], [10, 16, 11, 15], [12, 20, 13, 19]]"
12n_0752_106,"[[12, 20, 13, 19], [14, 24, 15, 23], [16, 3, 17, 4], [18, 12, 19, 11], [5, 21, 6, 20], [22, 14, 23, 13], [24, 9, 1, 10], [2, 7, 3, 8], [4, 17, 5, 18], [21, 7, 22, 6], [8, 1, 9, 2], [10, 16, 11, 15]]"
12n_0752_107,"[[10, 16, 11, 15], [12, 20, 13, 19], [14, 24, 15, 23], [16, 3, 17, 4], [18, 12, 19, 11], [5, 21, 6, 20], [22, 14, 23, 13], [24, 9, 1, 10], [2, 7, 3, 8], [4, 17, 5, 18], [21, 7, 22, 6], [8, 1, 9, 2]]"
12n_0752_108,"[[9, 2, 10, 3], [11, 17, 12, 16], [13, 21, 14, 20], [15, 1, 16, 24], [17, 4, 18, 5], [19, 13, 20, 12], [6, 22, 7, 21], [23, 15, 24, 14], [1, 10, 2, 11], [3, 8, 4, 9], [5, 18, 6, 19], [22, 8, 23, 7]]"
12n_0752_109,"[[22, 8, 23, 7], [9, 2, 10, 3], [11, 17, 12, 16], [13, 21, 14, 20], [15, 1, 16, 24], [17, 4, 18, 5], [19, 13, 20, 12], [6, 22, 7, 21], [23, 15, 24, 14], [1, 10, 2, 11], [3, 8, 4, 9], [5, 18, 6, 19]]"
12n_0752_110,"[[5, 18, 6, 19], [22, 8, 23, 7], [9, 2, 10, 3], [11, 17, 12, 16], [13, 21, 14, 20], [15, 1, 16, 24], [17, 4, 18, 5], [19, 13, 20, 12], [6, 22, 7, 21], [23, 15, 24, 14], [1, 10, 2, 11], [3, 8, 4, 9]]"
12n_0752_111,"[[3, 8, 4, 9], [5, 18, 6, 19], [22, 8, 23, 7], [9, 2, 10, 3], [11, 17, 12, 16], [13, 21, 14, 20], [15, 1, 16, 24], [17, 4, 18, 5], [19, 13, 20, 12], [6, 22, 7, 21], [23, 15, 24, 14], [1, 10, 2, 11]]"
12n_0752_112,"[[1, 10, 2, 11], [3, 8, 4, 9], [5, 18, 6, 19], [22, 8, 23, 7], [9, 2, 10, 3], [11, 17, 12, 16], [13, 21, 14, 20], [15, 1, 16, 24], [17, 4, 18, 5], [19, 13, 20, 12], [6, 22, 7, 21], [23, 15, 24, 14]]"
12n_0752_113,"[[23, 15, 24, 14], [1, 10, 2, 11], [3, 8, 4, 9], [5, 18, 6, 19], [22, 8, 23, 7], [9, 2, 10, 3], [11, 17, 12, 16], [13, 21, 14, 20], [15, 1, 16, 24], [17, 4, 18, 5], [19, 13, 20, 12], [6, 22, 7, 21]]"
12n_0752_114,"[[6, 22, 7, 21], [23, 15, 24, 14], [1, 10, 2, 11], [3, 8, 4, 9], [5, 18, 6, 19], [22, 8, 23, 7], [9, 2, 10, 3], [11, 17, 12, 16], [13, 21, 14, 20], [15, 1, 16, 24], [17, 4, 18, 5], [19, 13, 20, 12]]"
12n_0752_115,"[[19, 13, 20, 12], [6, 22, 7, 21], [23, 15, 24, 14], [1, 10, 2, 11], [3, 8, 4, 9], [5, 18, 6, 19], [22, 8, 23, 7], [9, 2, 10, 3], [11, 17, 12, 16], [13, 21, 14, 20], [15, 1, 16, 24], [17, 4, 18, 5]]"
12n_0752_116,"[[17, 4, 18, 5], [19, 13, 20, 12], [6, 22, 7, 21], [23, 15, 24, 14], [1, 10, 2, 11], [3, 8, 4, 9], [5, 18, 6, 19], [22, 8, 23, 7], [9, 2, 10, 3], [11, 17, 12, 16], [13, 21, 14, 20], [15, 1, 16, 24]]"
12n_0752_117,"[[15, 1, 16, 24], [17, 4, 18, 5], [19, 13, 20, 12], [6, 22, 7, 21], [23, 15, 24, 14], [1, 10, 2, 11], [3, 8, 4, 9], [5, 18, 6, 19], [22, 8, 23, 7], [9, 2, 10, 3], [11, 17, 12, 16], [13, 21, 14, 20]]"
12n_0752_118,"[[13, 21, 14, 20], [15, 1, 16, 24], [17, 4, 18, 5], [19, 13, 20, 12], [6, 22, 7, 21], [23, 15, 24, 14], [1, 10, 2, 11], [3, 8, 4, 9], [5, 18, 6, 19], [22, 8, 23, 7], [9, 2, 10, 3], [11, 17, 12, 16]]"
12n_0752_119,"[[11, 17, 12, 16], [13, 21, 14, 20], [15, 1, 16, 24], [17, 4, 18, 5], [19, 13, 20, 12], [6, 22, 7, 21], [23, 15, 24, 14], [1, 10, 2, 11], [3, 8, 4, 9], [5, 18, 6, 19], [22, 8, 23, 7], [9, 2, 10, 3]]"
12n_0752_120,"[[10, 3, 11, 4], [12, 18, 13, 17], [14, 22, 15, 21], [16, 2, 17, 1], [18, 5, 19, 6], [20, 14, 21, 13], [7, 23, 8, 22], [24, 16, 1, 15], [2, 11, 3, 12], [4, 9, 5, 10], [6, 19, 7, 20], [23, 9, 24, 8]]"
12n_0752_121,"[[23, 9, 24, 8], [10, 3, 11, 4], [12, 18, 13, 17], [14, 22, 15, 21], [16, 2, 17, 1], [18, 5, 19, 6], [20, 14, 21, 13], [7, 23, 8, 22], [24, 16, 1, 15], [2, 11, 3, 12], [4, 9, 5, 10], [6, 19, 7, 20]]"
12n_0752_122,"[[6, 19, 7, 20], [23, 9, 24, 8], [10, 3, 11, 4], [12, 18, 13, 17], [14, 22, 15, 21], [16, 2, 17, 1], [18, 5, 19, 6], [20, 14, 21, 13], [7, 23, 8, 22], [24, 16, 1, 15], [2, 11, 3, 12], [4, 9, 5, 10]]"
12n_0752_123,"[[4, 9, 5, 10], [6, 19, 7, 20], [23, 9, 24, 8], [10, 3, 11, 4], [12, 18, 13, 17], [14, 22, 15, 21], [16, 2, 17, 1], [18, 5, 19, 6], [20, 14, 21, 13], [7, 23, 8, 22], [24, 16, 1, 15], [2, 11, 3, 12]]"
12n_0752_124,"[[2, 11, 3, 12], [4, 9, 5, 10], [6, 19, 7, 20], [23, 9, 24, 8], [10, 3, 11, 4], [12, 18, 13, 17], [14, 22, 15, 21], [16, 2, 17, 1], [18, 5, 19, 6], [20, 14, 21, 13], [7, 23, 8, 22], [24, 16, 1, 15]]"
12n_0752_125,"[[24, 16, 1, 15], [2, 11, 3, 12], [4, 9, 5, 10], [6, 19, 7, 20], [23, 9, 24, 8], [10, 3, 11, 4], [12, 18, 13, 17], [14, 22, 15, 21], [16, 2, 17, 1], [18, 5, 19, 6], [20, 14, 21, 13], [7, 23, 8, 22]]"
12n_0752_126,"[[7, 23, 8, 22], [24, 16, 1, 15], [2, 11, 3, 12], [4, 9, 5, 10], [6, 19, 7, 20], [23, 9, 24, 8], [10, 3, 11, 4], [12, 18, 13, 17], [14, 22, 15, 21], [16, 2, 17, 1], [18, 5, 19, 6], [20, 14, 21, 13]]"
12n_0752_127,"[[20, 14, 21, 13], [7, 23, 8, 22], [24, 16, 1, 15], [2, 11, 3, 12], [4, 9, 5, 10], [6, 19, 7, 20], [23, 9, 24, 8], [10, 3, 11, 4], [12, 18, 13, 17], [14, 22, 15, 21], [16, 2, 17, 1], [18, 5, 19, 6]]"
12n_0752_128,"[[18, 5, 19, 6], [20, 14, 21, 13], [7, 23, 8, 22], [24, 16, 1, 15], [2, 11, 3, 12], [4, 9, 5, 10], [6, 19, 7, 20], [23, 9, 24, 8], [10, 3, 11, 4], [12, 18, 13, 17], [14, 22, 15, 21], [16, 2, 17, 1]]"
12n_0752_129,"[[16, 2, 17, 1], [18, 5, 19, 6], [20, 14, 21, 13], [7, 23, 8, 22], [24, 16, 1, 15], [2, 11, 3, 12], [4, 9, 5, 10], [6, 19, 7, 20], [23, 9, 24, 8], [10, 3, 11, 4], [12, 18, 13, 17], [14, 22, 15, 21]]"
12n_0752_130,"[[14, 22, 15, 21], [16, 2, 17, 1], [18, 5, 19, 6], [20, 14, 21, 13], [7, 23, 8, 22], [24, 16, 1, 15], [2, 11, 3, 12], [4, 9, 5, 10], [6, 19, 7, 20], [23, 9, 24, 8], [10, 3, 11, 4], [12, 18, 13, 17]]"
12n_0752_131,"[[12, 18, 13, 17], [14, 22, 15, 21], [16, 2, 17, 1], [18, 5, 19, 6], [20, 14, 21, 13], [7, 23, 8, 22], [24, 16, 1, 15], [2, 11, 3, 12], [4, 9, 5, 10], [6, 19, 7, 20], [23, 9, 24, 8], [10, 3, 11, 4]]"
12n_0752_132,"[[11, 4, 12, 5], [13, 19, 14, 18], [15, 23, 16, 22], [17, 3, 18, 2], [19, 6, 20, 7], [21, 15, 22, 14], [8, 24, 9, 23], [1, 17, 2, 16], [3, 12, 4, 13], [5, 10, 6, 11], [7, 20, 8, 21], [24, 10, 1, 9]]"
12n_0752_133,"[[24, 10, 1, 9], [11, 4, 12, 5], [13, 19, 14, 18], [15, 23, 16, 22], [17, 3, 18, 2], [19, 6, 20, 7], [21, 15, 22, 14], [8, 24, 9, 23], [1, 17, 2, 16], [3, 12, 4, 13], [5, 10, 6, 11], [7, 20, 8, 21]]"
12n_0752_134,"[[7, 20, 8, 21], [24, 10, 1, 9], [11, 4, 12, 5], [13, 19, 14, 18], [15, 23, 16, 22], [17, 3, 18, 2], [19, 6, 20, 7], [21, 15, 22, 14], [8, 24, 9, 23], [1, 17, 2, 16], [3, 12, 4, 13], [5, 10, 6, 11]]"
12n_0752_135,"[[5, 10, 6, 11], [7, 20, 8, 21], [24, 10, 1, 9], [11, 4, 12, 5], [13, 19, 14, 18], [15, 23, 16, 22], [17, 3, 18, 2], [19, 6, 20, 7], [21, 15, 22, 14], [8, 24, 9, 23], [1, 17, 2, 16], [3, 12, 4, 13]]"
12n_0752_136,"[[3, 12, 4, 13], [5, 10, 6, 11], [7, 20, 8, 21], [24, 10, 1, 9], [11, 4, 12, 5], [13, 19, 14, 18], [15, 23, 16, 22], [17, 3, 18, 2], [19, 6, 20, 7], [21, 15, 22, 14], [8, 24, 9, 23], [1, 17, 2, 16]]"
12n_0752_137,"[[1, 17, 2, 16], [3, 12, 4, 13], [5, 10, 6, 11], [7, 20, 8, 21], [24, 10, 1, 9], [11, 4, 12, 5], [13, 19, 14, 18], [15, 23, 16, 22], [17, 3, 18, 2], [19, 6, 20, 7], [21, 15, 22, 14], [8, 24, 9, 23]]"
12n_0752_138,"[[8, 24, 9, 23], [1, 17, 2, 16], [3, 12, 4, 13], [5, 10, 6, 11], [7, 20, 8, 21], [24, 10, 1, 9], [11, 4, 12, 5], [13, 19, 14, 18], [15, 23, 16, 22], [17, 3, 18, 2], [19, 6, 20, 7], [21, 15, 22, 14]]"
12n_0752_139,"[[21, 15, 22, 14], [8, 24, 9, 23], [1, 17, 2, 16], [3, 12, 4, 13], [5, 10, 6, 11], [7, 20, 8, 21], [24, 10, 1, 9], [11, 4, 12, 5], [13, 19, 14, 18], [15, 23, 16, 22], [17, 3, 18, 2], [19, 6, 20, 7]]"
12n_0752_140,"[[19, 6, 20, 7], [21, 15, 22, 14], [8, 24, 9, 23], [1, 17, 2, 16], [3, 12, 4, 13], [5, 10, 6, 11], [7, 20, 8, 21], [24, 10, 1, 9], [11, 4, 12, 5], [13, 19, 14, 18], [15, 23, 16, 22], [17, 3, 18, 2]]"
12n_0752_141,"[[17, 3, 18, 2], [19, 6, 20, 7], [21, 15, 22, 14], [8, 24, 9, 23], [1, 17, 2, 16], [3, 12, 4, 13], [5, 10, 6, 11], [7, 20, 8, 21], [24, 10, 1, 9], [11, 4, 12, 5], [13, 19, 14, 18], [15, 23, 16, 22]]"
12n_0752_142,"[[15, 23, 16, 22], [17, 3, 18, 2], [19, 6, 20, 7], [21, 15, 22, 14], [8, 24, 9, 23], [1, 17, 2, 16], [3, 12, 4, 13], [5, 10, 6, 11], [7, 20, 8, 21], [24, 10, 1, 9], [11, 4, 12, 5], [13, 19, 14, 18]]"
12n_0752_143,"[[13, 19, 14, 18], [15, 23, 16, 22], [17, 3, 18, 2], [19, 6, 20, 7], [21, 15, 22, 14], [8, 24, 9, 23], [1, 17, 2, 16], [3, 12, 4, 13], [5, 10, 6, 11], [7, 20, 8, 21], [24, 10, 1, 9], [11, 4, 12, 5]]"
12n_0752_144,"[[12, 5, 13, 6], [14, 20, 15, 19], [16, 24, 17, 23], [18, 4, 19, 3], [20, 7, 21, 8], [22, 16, 23, 15], [9, 1, 10, 24], [2, 18, 3, 17], [4, 13, 5, 14], [6, 11, 7, 12], [8, 21, 9, 22], [1, 11, 2, 10]]"
12n_0752_145,"[[1, 11, 2, 10], [12, 5, 13, 6], [14, 20, 15, 19], [16, 24, 17, 23], [18, 4, 19, 3], [20, 7, 21, 8], [22, 16, 23, 15], [9, 1, 10, 24], [2, 18, 3, 17], [4, 13, 5, 14], [6, 11, 7, 12], [8, 21, 9, 22]]"
12n_0752_146,"[[8, 21, 9, 22], [1, 11, 2, 10], [12, 5, 13, 6], [14, 20, 15, 19], [16, 24, 17, 23], [18, 4, 19, 3], [20, 7, 21, 8], [22, 16, 23, 15], [9, 1, 10, 24], [2, 18, 3, 17], [4, 13, 5, 14], [6, 11, 7, 12]]"
12n_0752_147,"[[6, 11, 7, 12], [8, 21, 9, 22], [1, 11, 2, 10], [12, 5, 13, 6], [14, 20, 15, 19], [16, 24, 17, 23], [18, 4, 19, 3], [20, 7, 21, 8], [22, 16, 23, 15], [9, 1, 10, 24], [2, 18, 3, 17], [4, 13, 5, 14]]"
12n_0752_148,"[[4, 13, 5, 14], [6, 11, 7, 12], [8, 21, 9, 22], [1, 11, 2, 10], [12, 5, 13, 6], [14, 20, 15, 19], [16, 24, 17, 23], [18, 4, 19, 3], [20, 7, 21, 8], [22, 16, 23, 15], [9, 1, 10, 24], [2, 18, 3, 17]]"
12n_0752_149,"[[2, 18, 3, 17], [4, 13, 5, 14], [6, 11, 7, 12], [8, 21, 9, 22], [1, 11, 2, 10], [12, 5, 13, 6], [14, 20, 15, 19], [16, 24, 17, 23], [18, 4, 19, 3], [20, 7, 21, 8], [22, 16, 23, 15], [9, 1, 10, 24]]"
12n_0752_150,"[[9, 1, 10, 24], [2, 18, 3, 17], [4, 13, 5, 14], [6, 11, 7, 12], [8, 21, 9, 22], [1, 11, 2, 10], [12, 5, 13, 6], [14, 20, 15, 19], [16, 24, 17, 23], [18, 4, 19, 3], [20, 7, 21, 8], [22, 16, 23, 15]]"
12n_0752_151,"[[22, 16, 23, 15], [9, 1, 10, 24], [2, 18, 3, 17], [4, 13, 5, 14], [6, 11, 7, 12], [8, 21, 9, 22], [1, 11, 2, 10], [12, 5, 13, 6], [14, 20, 15, 19], [16, 24, 17, 23], [18, 4, 19, 3], [20, 7, 21, 8]]"
12n_0752_152,"[[20, 7, 21, 8], [22, 16, 23, 15], [9, 1, 10, 24], [2, 18, 3, 17], [4, 13, 5, 14], [6, 11, 7, 12], [8, 21, 9, 22], [1, 11, 2, 10], [12, 5, 13, 6], [14, 20, 15, 19], [16, 24, 17, 23], [18, 4, 19, 3]]"
12n_0752_153,"[[18, 4, 19, 3], [20, 7, 21, 8], [22, 16, 23, 15], [9, 1, 10, 24], [2, 18, 3, 17], [4, 13, 5, 14], [6, 11, 7, 12], [8, 21, 9, 22], [1, 11, 2, 10], [12, 5, 13, 6], [14, 20, 15, 19], [16, 24, 17, 23]]"
12n_0752_154,"[[16, 24, 17, 23], [18, 4, 19, 3], [20, 7, 21, 8], [22, 16, 23, 15], [9, 1, 10, 24], [2, 18, 3, 17], [4, 13, 5, 14], [6, 11, 7, 12], [8, 21, 9, 22], [1, 11, 2, 10], [12, 5, 13, 6], [14, 20, 15, 19]]"
12n_0752_155,"[[14, 20, 15, 19], [16, 24, 17, 23], [18, 4, 19, 3], [20, 7, 21, 8], [22, 16, 23, 15], [9, 1, 10, 24], [2, 18, 3, 17], [4, 13, 5, 14], [6, 11, 7, 12], [8, 21, 9, 22], [1, 11, 2, 10], [12, 5, 13, 6]]"
12n_0752_156,"[[13, 6, 14, 7], [15, 21, 16, 20], [17, 1, 18, 24], [19, 5, 20, 4], [21, 8, 22, 9], [23, 17, 24, 16], [10, 2, 11, 1], [3, 19, 4, 18], [5, 14, 6, 15], [7, 12, 8, 13], [9, 22, 10, 23], [2, 12, 3, 11]]"
12n_0752_157,"[[2, 12, 3, 11], [13, 6, 14, 7], [15, 21, 16, 20], [17, 1, 18, 24], [19, 5, 20, 4], [21, 8, 22, 9], [23, 17, 24, 16], [10, 2, 11, 1], [3, 19, 4, 18], [5, 14, 6, 15], [7, 12, 8, 13], [9, 22, 10, 23]]"
12n_0752_158,"[[9, 22, 10, 23], [2, 12, 3, 11], [13, 6, 14, 7], [15, 21, 16, 20], [17, 1, 18, 24], [19, 5, 20, 4], [21, 8, 22, 9], [23, 17, 24, 16], [10, 2, 11, 1], [3, 19, 4, 18], [5, 14, 6, 15], [7, 12, 8, 13]]"
12n_0752_159,"[[7, 12, 8, 13], [9, 22, 10, 23], [2, 12, 3, 11], [13, 6, 14, 7], [15, 21, 16, 20], [17, 1, 18, 24], [19, 5, 20, 4], [21, 8, 22, 9], [23, 17, 24, 16], [10, 2, 11, 1], [3, 19, 4, 18], [5, 14, 6, 15]]"
12n_0752_160,"[[5, 14, 6, 15], [7, 12, 8, 13], [9, 22, 10, 23], [2, 12, 3, 11], [13, 6, 14, 7], [15, 21, 16, 20], [17, 1, 18, 24], [19, 5, 20, 4], [21, 8, 22, 9], [23, 17, 24, 16], [10, 2, 11, 1], [3, 19, 4, 18]]"
12n_0752_161,"[[3, 19, 4, 18], [5, 14, 6, 15], [7, 12, 8, 13], [9, 22, 10, 23], [2, 12, 3, 11], [13, 6, 14, 7], [15, 21, 16, 20], [17, 1, 18, 24], [19, 5, 20, 4], [21, 8, 22, 9], [23, 17, 24, 16], [10, 2, 11, 1]]"
12n_0752_162,"[[10, 2, 11, 1], [3, 19, 4, 18], [5, 14, 6, 15], [7, 12, 8, 13], [9, 22, 10, 23], [2, 12, 3, 11], [13, 6, 14, 7], [15, 21, 16, 20], [17, 1, 18, 24], [19, 5, 20, 4], [21, 8, 22, 9], [23, 17, 24, 16]]"
12n_0752_163,"[[23, 17, 24, 16], [10, 2, 11, 1], [3, 19, 4, 18], [5, 14, 6, 15], [7, 12, 8, 13], [9, 22, 10, 23], [2, 12, 3, 11], [13, 6, 14, 7], [15, 21, 16, 20], [17, 1, 18, 24], [19, 5, 20, 4], [21, 8, 22, 9]]"
12n_0752_164,"[[21, 8, 22, 9], [23, 17, 24, 16], [10, 2, 11, 1], [3, 19, 4, 18], [5, 14, 6, 15], [7, 12, 8, 13], [9, 22, 10, 23], [2, 12, 3, 11], [13, 6, 14, 7], [15, 21, 16, 20], [17, 1, 18, 24], [19, 5, 20, 4]]"
12n_0752_165,"[[19, 5, 20, 4], [21, 8, 22, 9], [23, 17, 24, 16], [10, 2, 11, 1], [3, 19, 4, 18], [5, 14, 6, 15], [7, 12, 8, 13], [9, 22, 10, 23], [2, 12, 3, 11], [13, 6, 14, 7], [15, 21, 16, 20], [17, 1, 18, 24]]"
12n_0752_166,"[[17, 1, 18, 24], [19, 5, 20, 4], [21, 8, 22, 9], [23, 17, 24, 16], [10, 2, 11, 1], [3, 19, 4, 18], [5, 14, 6, 15], [7, 12, 8, 13], [9, 22, 10, 23], [2, 12, 3, 11], [13, 6, 14, 7], [15, 21, 16, 20]]"
12n_0752_167,"[[15, 21, 16, 20], [17, 1, 18, 24], [19, 5, 20, 4], [21, 8, 22, 9], [23, 17, 24, 16], [10, 2, 11, 1], [3, 19, 4, 18], [5, 14, 6, 15], [7, 12, 8, 13], [9, 22, 10, 23], [2, 12, 3, 11], [13, 6, 14, 7]]"
12n_0752_168,"[[14, 7, 15, 8], [16, 22, 17, 21], [18, 2, 19, 1], [20, 6, 21, 5], [22, 9, 23, 10], [24, 18, 1, 17], [11, 3, 12, 2], [4, 20, 5, 19], [6, 15, 7, 16], [8, 13, 9, 14], [10, 23, 11, 24], [3, 13, 4, 12]]"
12n_0752_169,"[[3, 13, 4, 12], [14, 7, 15, 8], [16, 22, 17, 21], [18, 2, 19, 1], [20, 6, 21, 5], [22, 9, 23, 10], [24, 18, 1, 17], [11, 3, 12, 2], [4, 20, 5, 19], [6, 15, 7, 16], [8, 13, 9, 14], [10, 23, 11, 24]]"
12n_0752_170,"[[10, 23, 11, 24], [3, 13, 4, 12], [14, 7, 15, 8], [16, 22, 17, 21], [18, 2, 19, 1], [20, 6, 21, 5], [22, 9, 23, 10], [24, 18, 1, 17], [11, 3, 12, 2], [4, 20, 5, 19], [6, 15, 7, 16], [8, 13, 9, 14]]"
12n_0752_171,"[[8, 13, 9, 14], [10, 23, 11, 24], [3, 13, 4, 12], [14, 7, 15, 8], [16, 22, 17, 21], [18, 2, 19, 1], [20, 6, 21, 5], [22, 9, 23, 10], [24, 18, 1, 17], [11, 3, 12, 2], [4, 20, 5, 19], [6, 15, 7, 16]]"
12n_0752_172,"[[6, 15, 7, 16], [8, 13, 9, 14], [10, 23, 11, 24], [3, 13, 4, 12], [14, 7, 15, 8], [16, 22, 17, 21], [18, 2, 19, 1], [20, 6, 21, 5], [22, 9, 23, 10], [24, 18, 1, 17], [11, 3, 12, 2], [4, 20, 5, 19]]"
12n_0752_173,"[[4, 20, 5, 19], [6, 15, 7, 16], [8, 13, 9, 14], [10, 23, 11, 24], [3, 13, 4, 12], [14, 7, 15, 8], [16, 22, 17, 21], [18, 2, 19, 1], [20, 6, 21, 5], [22, 9, 23, 10], [24, 18, 1, 17], [11, 3, 12, 2]]"
12n_0752_174,"[[11, 3, 12, 2], [4, 20, 5, 19], [6, 15, 7, 16], [8, 13, 9, 14], [10, 23, 11, 24], [3, 13, 4, 12], [14, 7, 15, 8], [16, 22, 17, 21], [18, 2, 19, 1], [20, 6, 21, 5], [22, 9, 23, 10], [24, 18, 1, 17]]"
12n_0752_175,"[[24, 18, 1, 17], [11, 3, 12, 2], [4, 20, 5, 19], [6, 15, 7, 16], [8, 13, 9, 14], [10, 23, 11, 24], [3, 13, 4, 12], [14, 7, 15, 8], [16, 22, 17, 21], [18, 2, 19, 1], [20, 6, 21, 5], [22, 9, 23, 10]]"
12n_0752_176,"[[22, 9, 23, 10], [24, 18, 1, 17], [11, 3, 12, 2], [4, 20, 5, 19], [6, 15, 7, 16], [8, 13, 9, 14], [10, 23, 11, 24], [3, 13, 4, 12], [14, 7, 15, 8], [16, 22, 17, 21], [18, 2, 19, 1], [20, 6, 21, 5]]"
12n_0752_177,"[[20, 6, 21, 5], [22, 9, 23, 10], [24, 18, 1, 17], [11, 3, 12, 2], [4, 20, 5, 19], [6, 15, 7, 16], [8, 13, 9, 14], [10, 23, 11, 24], [3, 13, 4, 12], [14, 7, 15, 8], [16, 22, 17, 21], [18, 2, 19, 1]]"
12n_0752_178,"[[18, 2, 19, 1], [20, 6, 21, 5], [22, 9, 23, 10], [24, 18, 1, 17], [11, 3, 12, 2], [4, 20, 5, 19], [6, 15, 7, 16], [8, 13, 9, 14], [10, 23, 11, 24], [3, 13, 4, 12], [14, 7, 15, 8], [16, 22, 17, 21]]"
12n_0752_179,"[[16, 22, 17, 21], [18, 2, 19, 1], [20, 6, 21, 5], [22, 9, 23, 10], [24, 18, 1, 17], [11, 3, 12, 2], [4, 20, 5, 19], [6, 15, 7, 16], [8, 13, 9, 14], [10, 23, 11, 24], [3, 13, 4, 12], [14, 7, 15, 8]]"
12n_0752_180,"[[15, 8, 16, 9], [17, 23, 18, 22], [19, 3, 20, 2], [21, 7, 22, 6], [23, 10, 24, 11], [1, 19, 2, 18], [12, 4, 13, 3], [5, 21, 6, 20], [7, 16, 8, 17], [9, 14, 10, 15], [11, 24, 12, 1], [4, 14, 5, 13]]"
12n_0752_181,"[[4, 14, 5, 13], [15, 8, 16, 9], [17, 23, 18, 22], [19, 3, 20, 2], [21, 7, 22, 6], [23, 10, 24, 11], [1, 19, 2, 18], [12, 4, 13, 3], [5, 21, 6, 20], [7, 16, 8, 17], [9, 14, 10, 15], [11, 24, 12, 1]]"
12n_0752_182,"[[11, 24, 12, 1], [4, 14, 5, 13], [15, 8, 16, 9], [17, 23, 18, 22], [19, 3, 20, 2], [21, 7, 22, 6], [23, 10, 24, 11], [1, 19, 2, 18], [12, 4, 13, 3], [5, 21, 6, 20], [7, 16, 8, 17], [9, 14, 10, 15]]"
12n_0752_183,"[[9, 14, 10, 15], [11, 24, 12, 1], [4, 14, 5, 13], [15, 8, 16, 9], [17, 23, 18, 22], [19, 3, 20, 2], [21, 7, 22, 6], [23, 10, 24, 11], [1, 19, 2, 18], [12, 4, 13, 3], [5, 21, 6, 20], [7, 16, 8, 17]]"
12n_0752_184,"[[7, 16, 8, 17], [9, 14, 10, 15], [11, 24, 12, 1], [4, 14, 5, 13], [15, 8, 16, 9], [17, 23, 18, 22], [19, 3, 20, 2], [21, 7, 22, 6], [23, 10, 24, 11], [1, 19, 2, 18], [12, 4, 13, 3], [5, 21, 6, 20]]"
12n_0752_185,"[[5, 21, 6, 20], [7, 16, 8, 17], [9, 14, 10, 15], [11, 24, 12, 1], [4, 14, 5, 13], [15, 8, 16, 9], [17, 23, 18, 22], [19, 3, 20, 2], [21, 7, 22, 6], [23, 10, 24, 11], [1, 19, 2, 18], [12, 4, 13, 3]]"
