name,pd_notation
12n_0732_0,"[[24, 15, 1, 16], [2, 8, 3, 7], [11, 5, 12, 4], [6, 14, 7, 13], [8, 24, 9, 23], [10, 21, 11, 22], [19, 12, 20, 13], [14, 1, 15, 2], [16, 10, 17, 9], [18, 4, 19, 3], [5, 21, 6, 20], [22, 18, 23, 17]]"
12n_0732_1,"[[22, 18, 23, 17], [24, 15, 1, 16], [2, 8, 3, 7], [11, 5, 12, 4], [6, 14, 7, 13], [8, 24, 9, 23], [10, 21, 11, 22], [19, 12, 20, 13], [14, 1, 15, 2], [16, 10, 17, 9], [18, 4, 19, 3], [5, 21, 6, 20]]"
12n_0732_2,"[[5, 21, 6, 20], [22, 18, 23, 17], [24, 15, 1, 16], [2, 8, 3, 7], [11, 5, 12, 4], [6, 14, 7, 13], [8, 24, 9, 23], [10, 21, 11, 22], [19, 12, 20, 13], [14, 1, 15, 2], [16, 10, 17, 9], [18, 4, 19, 3]]"
12n_0732_3,"[[18, 4, 19, 3], [5, 21, 6, 20], [22, 18, 23, 17], [24, 15, 1, 16], [2, 8, 3, 7], [11, 5, 12, 4], [6, 14, 7, 13], [8, 24, 9, 23], [10, 21, 11, 22], [19, 12, 20, 13], [14, 1, 15, 2], [16, 10, 17, 9]]"
12n_0732_4,"[[16, 10, 17, 9], [18, 4, 19, 3], [5, 21, 6, 20], [22, 18, 23, 17], [24, 15, 1, 16], [2, 8, 3, 7], [11, 5, 12, 4], [6, 14, 7, 13], [8, 24, 9, 23], [10, 21, 11, 22], [19, 12, 20, 13], [14, 1, 15, 2]]"
12n_0732_5,"[[14, 1, 15, 2], [16, 10, 17, 9], [18, 4, 19, 3], [5, 21, 6, 20], [22, 18, 23, 17], [24, 15, 1, 16], [2, 8, 3, 7], [11, 5, 12, 4], [6, 14, 7, 13], [8, 24, 9, 23], [10, 21, 11, 22], [19, 12, 20, 13]]"
12n_0732_6,"[[19, 12, 20, 13], [14, 1, 15, 2], [16, 10, 17, 9], [18, 4, 19, 3], [5, 21, 6, 20], [22, 18, 23, 17], [24, 15, 1, 16], [2, 8, 3, 7], [11, 5, 12, 4], [6, 14, 7, 13], [8, 24, 9, 23], [10, 21, 11, 22]]"
12n_0732_7,"[[10, 21, 11, 22], [19, 12, 20, 13], [14, 1, 15, 2], [16, 10, 17, 9], [18, 4, 19, 3], [5, 21, 6, 20], [22, 18, 23, 17], [24, 15, 1, 16], [2, 8, 3, 7], [11, 5, 12, 4], [6, 14, 7, 13], [8, 24, 9, 23]]"
12n_0732_8,"[[8, 24, 9, 23], [10, 21, 11, 22], [19, 12, 20, 13], [14, 1, 15, 2], [16, 10, 17, 9], [18, 4, 19, 3], [5, 21, 6, 20], [22, 18, 23, 17], [24, 15, 1, 16], [2, 8, 3, 7], [11, 5, 12, 4], [6, 14, 7, 13]]"
12n_0732_9,"[[6, 14, 7, 13], [8, 24, 9, 23], [10, 21, 11, 22], [19, 12, 20, 13], [14, 1, 15, 2], [16, 10, 17, 9], [18, 4, 19, 3], [5, 21, 6, 20], [22, 18, 23, 17], [24, 15, 1, 16], [2, 8, 3, 7], [11, 5, 12, 4]]"
12n_0732_10,"[[11, 5, 12, 4], [6, 14, 7, 13], [8, 24, 9, 23], [10, 21, 11, 22], [19, 12, 20, 13], [14, 1, 15, 2], [16, 10, 17, 9], [18, 4, 19, 3], [5, 21, 6, 20], [22, 18, 23, 17], [24, 15, 1, 16], [2, 8, 3, 7]]"
12n_0732_11,"[[2, 8, 3, 7], [11, 5, 12, 4], [6, 14, 7, 13], [8, 24, 9, 23], [10, 21, 11, 22], [19, 12, 20, 13], [14, 1, 15, 2], [16, 10, 17, 9], [18, 4, 19, 3], [5, 21, 6, 20], [22, 18, 23, 17], [24, 15, 1, 16]]"
12n_0732_12,"[[1, 16, 2, 17], [3, 9, 4, 8], [12, 6, 13, 5], [7, 15, 8, 14], [9, 1, 10, 24], [11, 22, 12, 23], [20, 13, 21, 14], [15, 2, 16, 3], [17, 11, 18, 10], [19, 5, 20, 4], [6, 22, 7, 21], [23, 19, 24, 18]]"
12n_0732_13,"[[23, 19, 24, 18], [1, 16, 2, 17], [3, 9, 4, 8], [12, 6, 13, 5], [7, 15, 8, 14], [9, 1, 10, 24], [11, 22, 12, 23], [20, 13, 21, 14], [15, 2, 16, 3], [17, 11, 18, 10], [19, 5, 20, 4], [6, 22, 7, 21]]"
12n_0732_14,"[[6, 22, 7, 21], [23, 19, 24, 18], [1, 16, 2, 17], [3, 9, 4, 8], [12, 6, 13, 5], [7, 15, 8, 14], [9, 1, 10, 24], [11, 22, 12, 23], [20, 13, 21, 14], [15, 2, 16, 3], [17, 11, 18, 10], [19, 5, 20, 4]]"
12n_0732_15,"[[19, 5, 20, 4], [6, 22, 7, 21], [23, 19, 24, 18], [1, 16, 2, 17], [3, 9, 4, 8], [12, 6, 13, 5], [7, 15, 8, 14], [9, 1, 10, 24], [11, 22, 12, 23], [20, 13, 21, 14], [15, 2, 16, 3], [17, 11, 18, 10]]"
12n_0732_16,"[[17, 11, 18, 10], [19, 5, 20, 4], [6, 22, 7, 21], [23, 19, 24, 18], [1, 16, 2, 17], [3, 9, 4, 8], [12, 6, 13, 5], [7, 15, 8, 14], [9, 1, 10, 24], [11, 22, 12, 23], [20, 13, 21, 14], [15, 2, 16, 3]]"
12n_0732_17,"[[15, 2, 16, 3], [17, 11, 18, 10], [19, 5, 20, 4], [6, 22, 7, 21], [23, 19, 24, 18], [1, 16, 2, 17], [3, 9, 4, 8], [12, 6, 13, 5], [7, 15, 8, 14], [9, 1, 10, 24], [11, 22, 12, 23], [20, 13, 21, 14]]"
12n_0732_18,"[[20, 13, 21, 14], [15, 2, 16, 3], [17, 11, 18, 10], [19, 5, 20, 4], [6, 22, 7, 21], [23, 19, 24, 18], [1, 16, 2, 17], [3, 9, 4, 8], [12, 6, 13, 5], [7, 15, 8, 14], [9, 1, 10, 24], [11, 22, 12, 23]]"
12n_0732_19,"[[11, 22, 12, 23], [20, 13, 21, 14], [15, 2, 16, 3], [17, 11, 18, 10], [19, 5, 20, 4], [6, 22, 7, 21], [23, 19, 24, 18], [1, 16, 2, 17], [3, 9, 4, 8], [12, 6, 13, 5], [7, 15, 8, 14], [9, 1, 10, 24]]"
12n_0732_20,"[[9, 1, 10, 24], [11, 22, 12, 23], [20, 13, 21, 14], [15, 2, 16, 3], [17, 11, 18, 10], [19, 5, 20, 4], [6, 22, 7, 21], [23, 19, 24, 18], [1, 16, 2, 17], [3, 9, 4, 8], [12, 6, 13, 5], [7, 15, 8, 14]]"
12n_0732_21,"[[7, 15, 8, 14], [9, 1, 10, 24], [11, 22, 12, 23], [20, 13, 21, 14], [15, 2, 16, 3], [17, 11, 18, 10], [19, 5, 20, 4], [6, 22, 7, 21], [23, 19, 24, 18], [1, 16, 2, 17], [3, 9, 4, 8], [12, 6, 13, 5]]"
12n_0732_22,"[[12, 6, 13, 5], [7, 15, 8, 14], [9, 1, 10, 24], [11, 22, 12, 23], [20, 13, 21, 14], [15, 2, 16, 3], [17, 11, 18, 10], [19, 5, 20, 4], [6, 22, 7, 21], [23, 19, 24, 18], [1, 16, 2, 17], [3, 9, 4, 8]]"
12n_0732_23,"[[3, 9, 4, 8], [12, 6, 13, 5], [7, 15, 8, 14], [9, 1, 10, 24], [11, 22, 12, 23], [20, 13, 21, 14], [15, 2, 16, 3], [17, 11, 18, 10], [19, 5, 20, 4], [6, 22, 7, 21], [23, 19, 24, 18], [1, 16, 2, 17]]"
12n_0732_24,"[[2, 17, 3, 18], [4, 10, 5, 9], [13, 7, 14, 6], [8, 16, 9, 15], [10, 2, 11, 1], [12, 23, 13, 24], [21, 14, 22, 15], [16, 3, 17, 4], [18, 12, 19, 11], [20, 6, 21, 5], [7, 23, 8, 22], [24, 20, 1, 19]]"
12n_0732_25,"[[24, 20, 1, 19], [2, 17, 3, 18], [4, 10, 5, 9], [13, 7, 14, 6], [8, 16, 9, 15], [10, 2, 11, 1], [12, 23, 13, 24], [21, 14, 22, 15], [16, 3, 17, 4], [18, 12, 19, 11], [20, 6, 21, 5], [7, 23, 8, 22]]"
12n_0732_26,"[[7, 23, 8, 22], [24, 20, 1, 19], [2, 17, 3, 18], [4, 10, 5, 9], [13, 7, 14, 6], [8, 16, 9, 15], [10, 2, 11, 1], [12, 23, 13, 24], [21, 14, 22, 15], [16, 3, 17, 4], [18, 12, 19, 11], [20, 6, 21, 5]]"
12n_0732_27,"[[20, 6, 21, 5], [7, 23, 8, 22], [24, 20, 1, 19], [2, 17, 3, 18], [4, 10, 5, 9], [13, 7, 14, 6], [8, 16, 9, 15], [10, 2, 11, 1], [12, 23, 13, 24], [21, 14, 22, 15], [16, 3, 17, 4], [18, 12, 19, 11]]"
12n_0732_28,"[[18, 12, 19, 11], [20, 6, 21, 5], [7, 23, 8, 22], [24, 20, 1, 19], [2, 17, 3, 18], [4, 10, 5, 9], [13, 7, 14, 6], [8, 16, 9, 15], [10, 2, 11, 1], [12, 23, 13, 24], [21, 14, 22, 15], [16, 3, 17, 4]]"
12n_0732_29,"[[16, 3, 17, 4], [18, 12, 19, 11], [20, 6, 21, 5], [7, 23, 8, 22], [24, 20, 1, 19], [2, 17, 3, 18], [4, 10, 5, 9], [13, 7, 14, 6], [8, 16, 9, 15], [10, 2, 11, 1], [12, 23, 13, 24], [21, 14, 22, 15]]"
12n_0732_30,"[[21, 14, 22, 15], [16, 3, 17, 4], [18, 12, 19, 11], [20, 6, 21, 5], [7, 23, 8, 22], [24, 20, 1, 19], [2, 17, 3, 18], [4, 10, 5, 9], [13, 7, 14, 6], [8, 16, 9, 15], [10, 2, 11, 1], [12, 23, 13, 24]]"
12n_0732_31,"[[12, 23, 13, 24], [21, 14, 22, 15], [16, 3, 17, 4], [18, 12, 19, 11], [20, 6, 21, 5], [7, 23, 8, 22], [24, 20, 1, 19], [2, 17, 3, 18], [4, 10, 5, 9], [13, 7, 14, 6], [8, 16, 9, 15], [10, 2, 11, 1]]"
12n_0732_32,"[[10, 2, 11, 1], [12, 23, 13, 24], [21, 14, 22, 15], [16, 3, 17, 4], [18, 12, 19, 11], [20, 6, 21, 5], [7, 23, 8, 22], [24, 20, 1, 19], [2, 17, 3, 18], [4, 10, 5, 9], [13, 7, 14, 6], [8, 16, 9, 15]]"
12n_0732_33,"[[8, 16, 9, 15], [10, 2, 11, 1], [12, 23, 13, 24], [21, 14, 22, 15], [16, 3, 17, 4], [18, 12, 19, 11], [20, 6, 21, 5], [7, 23, 8, 22], [24, 20, 1, 19], [2, 17, 3, 18], [4, 10, 5, 9], [13, 7, 14, 6]]"
12n_0732_34,"[[13, 7, 14, 6], [8, 16, 9, 15], [10, 2, 11, 1], [12, 23, 13, 24], [21, 14, 22, 15], [16, 3, 17, 4], [18, 12, 19, 11], [20, 6, 21, 5], [7, 23, 8, 22], [24, 20, 1, 19], [2, 17, 3, 18], [4, 10, 5, 9]]"
12n_0732_35,"[[4, 10, 5, 9], [13, 7, 14, 6], [8, 16, 9, 15], [10, 2, 11, 1], [12, 23, 13, 24], [21, 14, 22, 15], [16, 3, 17, 4], [18, 12, 19, 11], [20, 6, 21, 5], [7, 23, 8, 22], [24, 20, 1, 19], [2, 17, 3, 18]]"
12n_0732_36,"[[3, 18, 4, 19], [5, 11, 6, 10], [14, 8, 15, 7], [9, 17, 10, 16], [11, 3, 12, 2], [13, 24, 14, 1], [22, 15, 23, 16], [17, 4, 18, 5], [19, 13, 20, 12], [21, 7, 22, 6], [8, 24, 9, 23], [1, 21, 2, 20]]"
12n_0732_37,"[[1, 21, 2, 20], [3, 18, 4, 19], [5, 11, 6, 10], [14, 8, 15, 7], [9, 17, 10, 16], [11, 3, 12, 2], [13, 24, 14, 1], [22, 15, 23, 16], [17, 4, 18, 5], [19, 13, 20, 12], [21, 7, 22, 6], [8, 24, 9, 23]]"
12n_0732_38,"[[8, 24, 9, 23], [1, 21, 2, 20], [3, 18, 4, 19], [5, 11, 6, 10], [14, 8, 15, 7], [9, 17, 10, 16], [11, 3, 12, 2], [13, 24, 14, 1], [22, 15, 23, 16], [17, 4, 18, 5], [19, 13, 20, 12], [21, 7, 22, 6]]"
12n_0732_39,"[[21, 7, 22, 6], [8, 24, 9, 23], [1, 21, 2, 20], [3, 18, 4, 19], [5, 11, 6, 10], [14, 8, 15, 7], [9, 17, 10, 16], [11, 3, 12, 2], [13, 24, 14, 1], [22, 15, 23, 16], [17, 4, 18, 5], [19, 13, 20, 12]]"
12n_0732_40,"[[19, 13, 20, 12], [21, 7, 22, 6], [8, 24, 9, 23], [1, 21, 2, 20], [3, 18, 4, 19], [5, 11, 6, 10], [14, 8, 15, 7], [9, 17, 10, 16], [11, 3, 12, 2], [13, 24, 14, 1], [22, 15, 23, 16], [17, 4, 18, 5]]"
12n_0732_41,"[[17, 4, 18, 5], [19, 13, 20, 12], [21, 7, 22, 6], [8, 24, 9, 23], [1, 21, 2, 20], [3, 18, 4, 19], [5, 11, 6, 10], [14, 8, 15, 7], [9, 17, 10, 16], [11, 3, 12, 2], [13, 24, 14, 1], [22, 15, 23, 16]]"
12n_0732_42,"[[22, 15, 23, 16], [17, 4, 18, 5], [19, 13, 20, 12], [21, 7, 22, 6], [8, 24, 9, 23], [1, 21, 2, 20], [3, 18, 4, 19], [5, 11, 6, 10], [14, 8, 15, 7], [9, 17, 10, 16], [11, 3, 12, 2], [13, 24, 14, 1]]"
12n_0732_43,"[[13, 24, 14, 1], [22, 15, 23, 16], [17, 4, 18, 5], [19, 13, 20, 12], [21, 7, 22, 6], [8, 24, 9, 23], [1, 21, 2, 20], [3, 18, 4, 19], [5, 11, 6, 10], [14, 8, 15, 7], [9, 17, 10, 16], [11, 3, 12, 2]]"
12n_0732_44,"[[11, 3, 12, 2], [13, 24, 14, 1], [22, 15, 23, 16], [17, 4, 18, 5], [19, 13, 20, 12], [21, 7, 22, 6], [8, 24, 9, 23], [1, 21, 2, 20], [3, 18, 4, 19], [5, 11, 6, 10], [14, 8, 15, 7], [9, 17, 10, 16]]"
12n_0732_45,"[[9, 17, 10, 16], [11, 3, 12, 2], [13, 24, 14, 1], [22, 15, 23, 16], [17, 4, 18, 5], [19, 13, 20, 12], [21, 7, 22, 6], [8, 24, 9, 23], [1, 21, 2, 20], [3, 18, 4, 19], [5, 11, 6, 10], [14, 8, 15, 7]]"
12n_0732_46,"[[14, 8, 15, 7], [9, 17, 10, 16], [11, 3, 12, 2], [13, 24, 14, 1], [22, 15, 23, 16], [17, 4, 18, 5], [19, 13, 20, 12], [21, 7, 22, 6], [8, 24, 9, 23], [1, 21, 2, 20], [3, 18, 4, 19], [5, 11, 6, 10]]"
12n_0732_47,"[[5, 11, 6, 10], [14, 8, 15, 7], [9, 17, 10, 16], [11, 3, 12, 2], [13, 24, 14, 1], [22, 15, 23, 16], [17, 4, 18, 5], [19, 13, 20, 12], [21, 7, 22, 6], [8, 24, 9, 23], [1, 21, 2, 20], [3, 18, 4, 19]]"
12n_0732_48,"[[4, 19, 5, 20], [6, 12, 7, 11], [15, 9, 16, 8], [10, 18, 11, 17], [12, 4, 13, 3], [14, 1, 15, 2], [23, 16, 24, 17], [18, 5, 19, 6], [20, 14, 21, 13], [22, 8, 23, 7], [9, 1, 10, 24], [2, 22, 3, 21]]"
12n_0732_49,"[[2, 22, 3, 21], [4, 19, 5, 20], [6, 12, 7, 11], [15, 9, 16, 8], [10, 18, 11, 17], [12, 4, 13, 3], [14, 1, 15, 2], [23, 16, 24, 17], [18, 5, 19, 6], [20, 14, 21, 13], [22, 8, 23, 7], [9, 1, 10, 24]]"
12n_0732_50,"[[9, 1, 10, 24], [2, 22, 3, 21], [4, 19, 5, 20], [6, 12, 7, 11], [15, 9, 16, 8], [10, 18, 11, 17], [12, 4, 13, 3], [14, 1, 15, 2], [23, 16, 24, 17], [18, 5, 19, 6], [20, 14, 21, 13], [22, 8, 23, 7]]"
12n_0732_51,"[[22, 8, 23, 7], [9, 1, 10, 24], [2, 22, 3, 21], [4, 19, 5, 20], [6, 12, 7, 11], [15, 9, 16, 8], [10, 18, 11, 17], [12, 4, 13, 3], [14, 1, 15, 2], [23, 16, 24, 17], [18, 5, 19, 6], [20, 14, 21, 13]]"
12n_0732_52,"[[20, 14, 21, 13], [22, 8, 23, 7], [9, 1, 10, 24], [2, 22, 3, 21], [4, 19, 5, 20], [6, 12, 7, 11], [15, 9, 16, 8], [10, 18, 11, 17], [12, 4, 13, 3], [14, 1, 15, 2], [23, 16, 24, 17], [18, 5, 19, 6]]"
12n_0732_53,"[[18, 5, 19, 6], [20, 14, 21, 13], [22, 8, 23, 7], [9, 1, 10, 24], [2, 22, 3, 21], [4, 19, 5, 20], [6, 12, 7, 11], [15, 9, 16, 8], [10, 18, 11, 17], [12, 4, 13, 3], [14, 1, 15, 2], [23, 16, 24, 17]]"
12n_0732_54,"[[23, 16, 24, 17], [18, 5, 19, 6], [20, 14, 21, 13], [22, 8, 23, 7], [9, 1, 10, 24], [2, 22, 3, 21], [4, 19, 5, 20], [6, 12, 7, 11], [15, 9, 16, 8], [10, 18, 11, 17], [12, 4, 13, 3], [14, 1, 15, 2]]"
12n_0732_55,"[[14, 1, 15, 2], [23, 16, 24, 17], [18, 5, 19, 6], [20, 14, 21, 13], [22, 8, 23, 7], [9, 1, 10, 24], [2, 22, 3, 21], [4, 19, 5, 20], [6, 12, 7, 11], [15, 9, 16, 8], [10, 18, 11, 17], [12, 4, 13, 3]]"
12n_0732_56,"[[12, 4, 13, 3], [14, 1, 15, 2], [23, 16, 24, 17], [18, 5, 19, 6], [20, 14, 21, 13], [22, 8, 23, 7], [9, 1, 10, 24], [2, 22, 3, 21], [4, 19, 5, 20], [6, 12, 7, 11], [15, 9, 16, 8], [10, 18, 11, 17]]"
12n_0732_57,"[[10, 18, 11, 17], [12, 4, 13, 3], [14, 1, 15, 2], [23, 16, 24, 17], [18, 5, 19, 6], [20, 14, 21, 13], [22, 8, 23, 7], [9, 1, 10, 24], [2, 22, 3, 21], [4, 19, 5, 20], [6, 12, 7, 11], [15, 9, 16, 8]]"
12n_0732_58,"[[15, 9, 16, 8], [10, 18, 11, 17], [12, 4, 13, 3], [14, 1, 15, 2], [23, 16, 24, 17], [18, 5, 19, 6], [20, 14, 21, 13], [22, 8, 23, 7], [9, 1, 10, 24], [2, 22, 3, 21], [4, 19, 5, 20], [6, 12, 7, 11]]"
12n_0732_59,"[[6, 12, 7, 11], [15, 9, 16, 8], [10, 18, 11, 17], [12, 4, 13, 3], [14, 1, 15, 2], [23, 16, 24, 17], [18, 5, 19, 6], [20, 14, 21, 13], [22, 8, 23, 7], [9, 1, 10, 24], [2, 22, 3, 21], [4, 19, 5, 20]]"
12n_0732_60,"[[5, 20, 6, 21], [7, 13, 8, 12], [16, 10, 17, 9], [11, 19, 12, 18], [13, 5, 14, 4], [15, 2, 16, 3], [24, 17, 1, 18], [19, 6, 20, 7], [21, 15, 22, 14], [23, 9, 24, 8], [10, 2, 11, 1], [3, 23, 4, 22]]"
12n_0732_61,"[[3, 23, 4, 22], [5, 20, 6, 21], [7, 13, 8, 12], [16, 10, 17, 9], [11, 19, 12, 18], [13, 5, 14, 4], [15, 2, 16, 3], [24, 17, 1, 18], [19, 6, 20, 7], [21, 15, 22, 14], [23, 9, 24, 8], [10, 2, 11, 1]]"
12n_0732_62,"[[10, 2, 11, 1], [3, 23, 4, 22], [5, 20, 6, 21], [7, 13, 8, 12], [16, 10, 17, 9], [11, 19, 12, 18], [13, 5, 14, 4], [15, 2, 16, 3], [24, 17, 1, 18], [19, 6, 20, 7], [21, 15, 22, 14], [23, 9, 24, 8]]"
12n_0732_63,"[[23, 9, 24, 8], [10, 2, 11, 1], [3, 23, 4, 22], [5, 20, 6, 21], [7, 13, 8, 12], [16, 10, 17, 9], [11, 19, 12, 18], [13, 5, 14, 4], [15, 2, 16, 3], [24, 17, 1, 18], [19, 6, 20, 7], [21, 15, 22, 14]]"
12n_0732_64,"[[21, 15, 22, 14], [23, 9, 24, 8], [10, 2, 11, 1], [3, 23, 4, 22], [5, 20, 6, 21], [7, 13, 8, 12], [16, 10, 17, 9], [11, 19, 12, 18], [13, 5, 14, 4], [15, 2, 16, 3], [24, 17, 1, 18], [19, 6, 20, 7]]"
12n_0732_65,"[[19, 6, 20, 7], [21, 15, 22, 14], [23, 9, 24, 8], [10, 2, 11, 1], [3, 23, 4, 22], [5, 20, 6, 21], [7, 13, 8, 12], [16, 10, 17, 9], [11, 19, 12, 18], [13, 5, 14, 4], [15, 2, 16, 3], [24, 17, 1, 18]]"
12n_0732_66,"[[24, 17, 1, 18], [19, 6, 20, 7], [21, 15, 22, 14], [23, 9, 24, 8], [10, 2, 11, 1], [3, 23, 4, 22], [5, 20, 6, 21], [7, 13, 8, 12], [16, 10, 17, 9], [11, 19, 12, 18], [13, 5, 14, 4], [15, 2, 16, 3]]"
12n_0732_67,"[[15, 2, 16, 3], [24, 17, 1, 18], [19, 6, 20, 7], [21, 15, 22, 14], [23, 9, 24, 8], [10, 2, 11, 1], [3, 23, 4, 22], [5, 20, 6, 21], [7, 13, 8, 12], [16, 10, 17, 9], [11, 19, 12, 18], [13, 5, 14, 4]]"
12n_0732_68,"[[13, 5, 14, 4], [15, 2, 16, 3], [24, 17, 1, 18], [19, 6, 20, 7], [21, 15, 22, 14], [23, 9, 24, 8], [10, 2, 11, 1], [3, 23, 4, 22], [5, 20, 6, 21], [7, 13, 8, 12], [16, 10, 17, 9], [11, 19, 12, 18]]"
12n_0732_69,"[[11, 19, 12, 18], [13, 5, 14, 4], [15, 2, 16, 3], [24, 17, 1, 18], [19, 6, 20, 7], [21, 15, 22, 14], [23, 9, 24, 8], [10, 2, 11, 1], [3, 23, 4, 22], [5, 20, 6, 21], [7, 13, 8, 12], [16, 10, 17, 9]]"
12n_0732_70,"[[16, 10, 17, 9], [11, 19, 12, 18], [13, 5, 14, 4], [15, 2, 16, 3], [24, 17, 1, 18], [19, 6, 20, 7], [21, 15, 22, 14], [23, 9, 24, 8], [10, 2, 11, 1], [3, 23, 4, 22], [5, 20, 6, 21], [7, 13, 8, 12]]"
12n_0732_71,"[[7, 13, 8, 12], [16, 10, 17, 9], [11, 19, 12, 18], [13, 5, 14, 4], [15, 2, 16, 3], [24, 17, 1, 18], [19, 6, 20, 7], [21, 15, 22, 14], [23, 9, 24, 8], [10, 2, 11, 1], [3, 23, 4, 22], [5, 20, 6, 21]]"
12n_0732_72,"[[6, 21, 7, 22], [8, 14, 9, 13], [17, 11, 18, 10], [12, 20, 13, 19], [14, 6, 15, 5], [16, 3, 17, 4], [1, 18, 2, 19], [20, 7, 21, 8], [22, 16, 23, 15], [24, 10, 1, 9], [11, 3, 12, 2], [4, 24, 5, 23]]"
12n_0732_73,"[[4, 24, 5, 23], [6, 21, 7, 22], [8, 14, 9, 13], [17, 11, 18, 10], [12, 20, 13, 19], [14, 6, 15, 5], [16, 3, 17, 4], [1, 18, 2, 19], [20, 7, 21, 8], [22, 16, 23, 15], [24, 10, 1, 9], [11, 3, 12, 2]]"
12n_0732_74,"[[11, 3, 12, 2], [4, 24, 5, 23], [6, 21, 7, 22], [8, 14, 9, 13], [17, 11, 18, 10], [12, 20, 13, 19], [14, 6, 15, 5], [16, 3, 17, 4], [1, 18, 2, 19], [20, 7, 21, 8], [22, 16, 23, 15], [24, 10, 1, 9]]"
12n_0732_75,"[[24, 10, 1, 9], [11, 3, 12, 2], [4, 24, 5, 23], [6, 21, 7, 22], [8, 14, 9, 13], [17, 11, 18, 10], [12, 20, 13, 19], [14, 6, 15, 5], [16, 3, 17, 4], [1, 18, 2, 19], [20, 7, 21, 8], [22, 16, 23, 15]]"
12n_0732_76,"[[22, 16, 23, 15], [24, 10, 1, 9], [11, 3, 12, 2], [4, 24, 5, 23], [6, 21, 7, 22], [8, 14, 9, 13], [17, 11, 18, 10], [12, 20, 13, 19], [14, 6, 15, 5], [16, 3, 17, 4], [1, 18, 2, 19], [20, 7, 21, 8]]"
12n_0732_77,"[[20, 7, 21, 8], [22, 16, 23, 15], [24, 10, 1, 9], [11, 3, 12, 2], [4, 24, 5, 23], [6, 21, 7, 22], [8, 14, 9, 13], [17, 11, 18, 10], [12, 20, 13, 19], [14, 6, 15, 5], [16, 3, 17, 4], [1, 18, 2, 19]]"
12n_0732_78,"[[1, 18, 2, 19], [20, 7, 21, 8], [22, 16, 23, 15], [24, 10, 1, 9], [11, 3, 12, 2], [4, 24, 5, 23], [6, 21, 7, 22], [8, 14, 9, 13], [17, 11, 18, 10], [12, 20, 13, 19], [14, 6, 15, 5], [16, 3, 17, 4]]"
12n_0732_79,"[[16, 3, 17, 4], [1, 18, 2, 19], [20, 7, 21, 8], [22, 16, 23, 15], [24, 10, 1, 9], [11, 3, 12, 2], [4, 24, 5, 23], [6, 21, 7, 22], [8, 14, 9, 13], [17, 11, 18, 10], [12, 20, 13, 19], [14, 6, 15, 5]]"
12n_0732_80,"[[14, 6, 15, 5], [16, 3, 17, 4], [1, 18, 2, 19], [20, 7, 21, 8], [22, 16, 23, 15], [24, 10, 1, 9], [11, 3, 12, 2], [4, 24, 5, 23], [6, 21, 7, 22], [8, 14, 9, 13], [17, 11, 18, 10], [12, 20, 13, 19]]"
12n_0732_81,"[[12, 20, 13, 19], [14, 6, 15, 5], [16, 3, 17, 4], [1, 18, 2, 19], [20, 7, 21, 8], [22, 16, 23, 15], [24, 10, 1, 9], [11, 3, 12, 2], [4, 24, 5, 23], [6, 21, 7, 22], [8, 14, 9, 13], [17, 11, 18, 10]]"
12n_0732_82,"[[17, 11, 18, 10], [12, 20, 13, 19], [14, 6, 15, 5], [16, 3, 17, 4], [1, 18, 2, 19], [20, 7, 21, 8], [22, 16, 23, 15], [24, 10, 1, 9], [11, 3, 12, 2], [4, 24, 5, 23], [6, 21, 7, 22], [8, 14, 9, 13]]"
12n_0732_83,"[[8, 14, 9, 13], [17, 11, 18, 10], [12, 20, 13, 19], [14, 6, 15, 5], [16, 3, 17, 4], [1, 18, 2, 19], [20, 7, 21, 8], [22, 16, 23, 15], [24, 10, 1, 9], [11, 3, 12, 2], [4, 24, 5, 23], [6, 21, 7, 22]]"
12n_0732_84,"[[7, 22, 8, 23], [9, 15, 10, 14], [18, 12, 19, 11], [13, 21, 14, 20], [15, 7, 16, 6], [17, 4, 18, 5], [2, 19, 3, 20], [21, 8, 22, 9], [23, 17, 24, 16], [1, 11, 2, 10], [12, 4, 13, 3], [5, 1, 6, 24]]"
12n_0732_85,"[[5, 1, 6, 24], [7, 22, 8, 23], [9, 15, 10, 14], [18, 12, 19, 11], [13, 21, 14, 20], [15, 7, 16, 6], [17, 4, 18, 5], [2, 19, 3, 20], [21, 8, 22, 9], [23, 17, 24, 16], [1, 11, 2, 10], [12, 4, 13, 3]]"
12n_0732_86,"[[12, 4, 13, 3], [5, 1, 6, 24], [7, 22, 8, 23], [9, 15, 10, 14], [18, 12, 19, 11], [13, 21, 14, 20], [15, 7, 16, 6], [17, 4, 18, 5], [2, 19, 3, 20], [21, 8, 22, 9], [23, 17, 24, 16], [1, 11, 2, 10]]"
12n_0732_87,"[[1, 11, 2, 10], [12, 4, 13, 3], [5, 1, 6, 24], [7, 22, 8, 23], [9, 15, 10, 14], [18, 12, 19, 11], [13, 21, 14, 20], [15, 7, 16, 6], [17, 4, 18, 5], [2, 19, 3, 20], [21, 8, 22, 9], [23, 17, 24, 16]]"
12n_0732_88,"[[23, 17, 24, 16], [1, 11, 2, 10], [12, 4, 13, 3], [5, 1, 6, 24], [7, 22, 8, 23], [9, 15, 10, 14], [18, 12, 19, 11], [13, 21, 14, 20], [15, 7, 16, 6], [17, 4, 18, 5], [2, 19, 3, 20], [21, 8, 22, 9]]"
12n_0732_89,"[[21, 8, 22, 9], [23, 17, 24, 16], [1, 11, 2, 10], [12, 4, 13, 3], [5, 1, 6, 24], [7, 22, 8, 23], [9, 15, 10, 14], [18, 12, 19, 11], [13, 21, 14, 20], [15, 7, 16, 6], [17, 4, 18, 5], [2, 19, 3, 20]]"
12n_0732_90,"[[2, 19, 3, 20], [21, 8, 22, 9], [23, 17, 24, 16], [1, 11, 2, 10], [12, 4, 13, 3], [5, 1, 6, 24], [7, 22, 8, 23], [9, 15, 10, 14], [18, 12, 19, 11], [13, 21, 14, 20], [15, 7, 16, 6], [17, 4, 18, 5]]"
12n_0732_91,"[[17, 4, 18, 5], [2, 19, 3, 20], [21, 8, 22, 9], [23, 17, 24, 16], [1, 11, 2, 10], [12, 4, 13, 3], [5, 1, 6, 24], [7, 22, 8, 23], [9, 15, 10, 14], [18, 12, 19, 11], [13, 21, 14, 20], [15, 7, 16, 6]]"
12n_0732_92,"[[15, 7, 16, 6], [17, 4, 18, 5], [2, 19, 3, 20], [21, 8, 22, 9], [23, 17, 24, 16], [1, 11, 2, 10], [12, 4, 13, 3], [5, 1, 6, 24], [7, 22, 8, 23], [9, 15, 10, 14], [18, 12, 19, 11], [13, 21, 14, 20]]"
12n_0732_93,"[[13, 21, 14, 20], [15, 7, 16, 6], [17, 4, 18, 5], [2, 19, 3, 20], [21, 8, 22, 9], [23, 17, 24, 16], [1, 11, 2, 10], [12, 4, 13, 3], [5, 1, 6, 24], [7, 22, 8, 23], [9, 15, 10, 14], [18, 12, 19, 11]]"
12n_0732_94,"[[18, 12, 19, 11], [13, 21, 14, 20], [15, 7, 16, 6], [17, 4, 18, 5], [2, 19, 3, 20], [21, 8, 22, 9], [23, 17, 24, 16], [1, 11, 2, 10], [12, 4, 13, 3], [5, 1, 6, 24], [7, 22, 8, 23], [9, 15, 10, 14]]"
12n_0732_95,"[[9, 15, 10, 14], [18, 12, 19, 11], [13, 21, 14, 20], [15, 7, 16, 6], [17, 4, 18, 5], [2, 19, 3, 20], [21, 8, 22, 9], [23, 17, 24, 16], [1, 11, 2, 10], [12, 4, 13, 3], [5, 1, 6, 24], [7, 22, 8, 23]]"
12n_0732_96,"[[8, 23, 9, 24], [10, 16, 11, 15], [19, 13, 20, 12], [14, 22, 15, 21], [16, 8, 17, 7], [18, 5, 19, 6], [3, 20, 4, 21], [22, 9, 23, 10], [24, 18, 1, 17], [2, 12, 3, 11], [13, 5, 14, 4], [6, 2, 7, 1]]"
12n_0732_97,"[[6, 2, 7, 1], [8, 23, 9, 24], [10, 16, 11, 15], [19, 13, 20, 12], [14, 22, 15, 21], [16, 8, 17, 7], [18, 5, 19, 6], [3, 20, 4, 21], [22, 9, 23, 10], [24, 18, 1, 17], [2, 12, 3, 11], [13, 5, 14, 4]]"
12n_0732_98,"[[13, 5, 14, 4], [6, 2, 7, 1], [8, 23, 9, 24], [10, 16, 11, 15], [19, 13, 20, 12], [14, 22, 15, 21], [16, 8, 17, 7], [18, 5, 19, 6], [3, 20, 4, 21], [22, 9, 23, 10], [24, 18, 1, 17], [2, 12, 3, 11]]"
12n_0732_99,"[[2, 12, 3, 11], [13, 5, 14, 4], [6, 2, 7, 1], [8, 23, 9, 24], [10, 16, 11, 15], [19, 13, 20, 12], [14, 22, 15, 21], [16, 8, 17, 7], [18, 5, 19, 6], [3, 20, 4, 21], [22, 9, 23, 10], [24, 18, 1, 17]]"
12n_0732_100,"[[24, 18, 1, 17], [2, 12, 3, 11], [13, 5, 14, 4], [6, 2, 7, 1], [8, 23, 9, 24], [10, 16, 11, 15], [19, 13, 20, 12], [14, 22, 15, 21], [16, 8, 17, 7], [18, 5, 19, 6], [3, 20, 4, 21], [22, 9, 23, 10]]"
12n_0732_101,"[[22, 9, 23, 10], [24, 18, 1, 17], [2, 12, 3, 11], [13, 5, 14, 4], [6, 2, 7, 1], [8, 23, 9, 24], [10, 16, 11, 15], [19, 13, 20, 12], [14, 22, 15, 21], [16, 8, 17, 7], [18, 5, 19, 6], [3, 20, 4, 21]]"
12n_0732_102,"[[3, 20, 4, 21], [22, 9, 23, 10], [24, 18, 1, 17], [2, 12, 3, 11], [13, 5, 14, 4], [6, 2, 7, 1], [8, 23, 9, 24], [10, 16, 11, 15], [19, 13, 20, 12], [14, 22, 15, 21], [16, 8, 17, 7], [18, 5, 19, 6]]"
12n_0732_103,"[[18, 5, 19, 6], [3, 20, 4, 21], [22, 9, 23, 10], [24, 18, 1, 17], [2, 12, 3, 11], [13, 5, 14, 4], [6, 2, 7, 1], [8, 23, 9, 24], [10, 16, 11, 15], [19, 13, 20, 12], [14, 22, 15, 21], [16, 8, 17, 7]]"
12n_0732_104,"[[16, 8, 17, 7], [18, 5, 19, 6], [3, 20, 4, 21], [22, 9, 23, 10], [24, 18, 1, 17], [2, 12, 3, 11], [13, 5, 14, 4], [6, 2, 7, 1], [8, 23, 9, 24], [10, 16, 11, 15], [19, 13, 20, 12], [14, 22, 15, 21]]"
12n_0732_105,"[[14, 22, 15, 21], [16, 8, 17, 7], [18, 5, 19, 6], [3, 20, 4, 21], [22, 9, 23, 10], [24, 18, 1, 17], [2, 12, 3, 11], [13, 5, 14, 4], [6, 2, 7, 1], [8, 23, 9, 24], [10, 16, 11, 15], [19, 13, 20, 12]]"
12n_0732_106,"[[19, 13, 20, 12], [14, 22, 15, 21], [16, 8, 17, 7], [18, 5, 19, 6], [3, 20, 4, 21], [22, 9, 23, 10], [24, 18, 1, 17], [2, 12, 3, 11], [13, 5, 14, 4], [6, 2, 7, 1], [8, 23, 9, 24], [10, 16, 11, 15]]"
12n_0732_107,"[[10, 16, 11, 15], [19, 13, 20, 12], [14, 22, 15, 21], [16, 8, 17, 7], [18, 5, 19, 6], [3, 20, 4, 21], [22, 9, 23, 10], [24, 18, 1, 17], [2, 12, 3, 11], [13, 5, 14, 4], [6, 2, 7, 1], [8, 23, 9, 24]]"
12n_0732_108,"[[9, 24, 10, 1], [11, 17, 12, 16], [20, 14, 21, 13], [15, 23, 16, 22], [17, 9, 18, 8], [19, 6, 20, 7], [4, 21, 5, 22], [23, 10, 24, 11], [1, 19, 2, 18], [3, 13, 4, 12], [14, 6, 15, 5], [7, 3, 8, 2]]"
12n_0732_109,"[[7, 3, 8, 2], [9, 24, 10, 1], [11, 17, 12, 16], [20, 14, 21, 13], [15, 23, 16, 22], [17, 9, 18, 8], [19, 6, 20, 7], [4, 21, 5, 22], [23, 10, 24, 11], [1, 19, 2, 18], [3, 13, 4, 12], [14, 6, 15, 5]]"
12n_0732_110,"[[14, 6, 15, 5], [7, 3, 8, 2], [9, 24, 10, 1], [11, 17, 12, 16], [20, 14, 21, 13], [15, 23, 16, 22], [17, 9, 18, 8], [19, 6, 20, 7], [4, 21, 5, 22], [23, 10, 24, 11], [1, 19, 2, 18], [3, 13, 4, 12]]"
12n_0732_111,"[[3, 13, 4, 12], [14, 6, 15, 5], [7, 3, 8, 2], [9, 24, 10, 1], [11, 17, 12, 16], [20, 14, 21, 13], [15, 23, 16, 22], [17, 9, 18, 8], [19, 6, 20, 7], [4, 21, 5, 22], [23, 10, 24, 11], [1, 19, 2, 18]]"
12n_0732_112,"[[1, 19, 2, 18], [3, 13, 4, 12], [14, 6, 15, 5], [7, 3, 8, 2], [9, 24, 10, 1], [11, 17, 12, 16], [20, 14, 21, 13], [15, 23, 16, 22], [17, 9, 18, 8], [19, 6, 20, 7], [4, 21, 5, 22], [23, 10, 24, 11]]"
12n_0732_113,"[[23, 10, 24, 11], [1, 19, 2, 18], [3, 13, 4, 12], [14, 6, 15, 5], [7, 3, 8, 2], [9, 24, 10, 1], [11, 17, 12, 16], [20, 14, 21, 13], [15, 23, 16, 22], [17, 9, 18, 8], [19, 6, 20, 7], [4, 21, 5, 22]]"
12n_0732_114,"[[4, 21, 5, 22], [23, 10, 24, 11], [1, 19, 2, 18], [3, 13, 4, 12], [14, 6, 15, 5], [7, 3, 8, 2], [9, 24, 10, 1], [11, 17, 12, 16], [20, 14, 21, 13], [15, 23, 16, 22], [17, 9, 18, 8], [19, 6, 20, 7]]"
12n_0732_115,"[[19, 6, 20, 7], [4, 21, 5, 22], [23, 10, 24, 11], [1, 19, 2, 18], [3, 13, 4, 12], [14, 6, 15, 5], [7, 3, 8, 2], [9, 24, 10, 1], [11, 17, 12, 16], [20, 14, 21, 13], [15, 23, 16, 22], [17, 9, 18, 8]]"
12n_0732_116,"[[17, 9, 18, 8], [19, 6, 20, 7], [4, 21, 5, 22], [23, 10, 24, 11], [1, 19, 2, 18], [3, 13, 4, 12], [14, 6, 15, 5], [7, 3, 8, 2], [9, 24, 10, 1], [11, 17, 12, 16], [20, 14, 21, 13], [15, 23, 16, 22]]"
12n_0732_117,"[[15, 23, 16, 22], [17, 9, 18, 8], [19, 6, 20, 7], [4, 21, 5, 22], [23, 10, 24, 11], [1, 19, 2, 18], [3, 13, 4, 12], [14, 6, 15, 5], [7, 3, 8, 2], [9, 24, 10, 1], [11, 17, 12, 16], [20, 14, 21, 13]]"
12n_0732_118,"[[20, 14, 21, 13], [15, 23, 16, 22], [17, 9, 18, 8], [19, 6, 20, 7], [4, 21, 5, 22], [23, 10, 24, 11], [1, 19, 2, 18], [3, 13, 4, 12], [14, 6, 15, 5], [7, 3, 8, 2], [9, 24, 10, 1], [11, 17, 12, 16]]"
12n_0732_119,"[[11, 17, 12, 16], [20, 14, 21, 13], [15, 23, 16, 22], [17, 9, 18, 8], [19, 6, 20, 7], [4, 21, 5, 22], [23, 10, 24, 11], [1, 19, 2, 18], [3, 13, 4, 12], [14, 6, 15, 5], [7, 3, 8, 2], [9, 24, 10, 1]]"
12n_0732_120,"[[10, 1, 11, 2], [12, 18, 13, 17], [21, 15, 22, 14], [16, 24, 17, 23], [18, 10, 19, 9], [20, 7, 21, 8], [5, 22, 6, 23], [24, 11, 1, 12], [2, 20, 3, 19], [4, 14, 5, 13], [15, 7, 16, 6], [8, 4, 9, 3]]"
12n_0732_121,"[[8, 4, 9, 3], [10, 1, 11, 2], [12, 18, 13, 17], [21, 15, 22, 14], [16, 24, 17, 23], [18, 10, 19, 9], [20, 7, 21, 8], [5, 22, 6, 23], [24, 11, 1, 12], [2, 20, 3, 19], [4, 14, 5, 13], [15, 7, 16, 6]]"
12n_0732_122,"[[15, 7, 16, 6], [8, 4, 9, 3], [10, 1, 11, 2], [12, 18, 13, 17], [21, 15, 22, 14], [16, 24, 17, 23], [18, 10, 19, 9], [20, 7, 21, 8], [5, 22, 6, 23], [24, 11, 1, 12], [2, 20, 3, 19], [4, 14, 5, 13]]"
12n_0732_123,"[[4, 14, 5, 13], [15, 7, 16, 6], [8, 4, 9, 3], [10, 1, 11, 2], [12, 18, 13, 17], [21, 15, 22, 14], [16, 24, 17, 23], [18, 10, 19, 9], [20, 7, 21, 8], [5, 22, 6, 23], [24, 11, 1, 12], [2, 20, 3, 19]]"
12n_0732_124,"[[2, 20, 3, 19], [4, 14, 5, 13], [15, 7, 16, 6], [8, 4, 9, 3], [10, 1, 11, 2], [12, 18, 13, 17], [21, 15, 22, 14], [16, 24, 17, 23], [18, 10, 19, 9], [20, 7, 21, 8], [5, 22, 6, 23], [24, 11, 1, 12]]"
12n_0732_125,"[[24, 11, 1, 12], [2, 20, 3, 19], [4, 14, 5, 13], [15, 7, 16, 6], [8, 4, 9, 3], [10, 1, 11, 2], [12, 18, 13, 17], [21, 15, 22, 14], [16, 24, 17, 23], [18, 10, 19, 9], [20, 7, 21, 8], [5, 22, 6, 23]]"
12n_0732_126,"[[5, 22, 6, 23], [24, 11, 1, 12], [2, 20, 3, 19], [4, 14, 5, 13], [15, 7, 16, 6], [8, 4, 9, 3], [10, 1, 11, 2], [12, 18, 13, 17], [21, 15, 22, 14], [16, 24, 17, 23], [18, 10, 19, 9], [20, 7, 21, 8]]"
12n_0732_127,"[[20, 7, 21, 8], [5, 22, 6, 23], [24, 11, 1, 12], [2, 20, 3, 19], [4, 14, 5, 13], [15, 7, 16, 6], [8, 4, 9, 3], [10, 1, 11, 2], [12, 18, 13, 17], [21, 15, 22, 14], [16, 24, 17, 23], [18, 10, 19, 9]]"
12n_0732_128,"[[18, 10, 19, 9], [20, 7, 21, 8], [5, 22, 6, 23], [24, 11, 1, 12], [2, 20, 3, 19], [4, 14, 5, 13], [15, 7, 16, 6], [8, 4, 9, 3], [10, 1, 11, 2], [12, 18, 13, 17], [21, 15, 22, 14], [16, 24, 17, 23]]"
12n_0732_129,"[[16, 24, 17, 23], [18, 10, 19, 9], [20, 7, 21, 8], [5, 22, 6, 23], [24, 11, 1, 12], [2, 20, 3, 19], [4, 14, 5, 13], [15, 7, 16, 6], [8, 4, 9, 3], [10, 1, 11, 2], [12, 18, 13, 17], [21, 15, 22, 14]]"
12n_0732_130,"[[21, 15, 22, 14], [16, 24, 17, 23], [18, 10, 19, 9], [20, 7, 21, 8], [5, 22, 6, 23], [24, 11, 1, 12], [2, 20, 3, 19], [4, 14, 5, 13], [15, 7, 16, 6], [8, 4, 9, 3], [10, 1, 11, 2], [12, 18, 13, 17]]"
12n_0732_131,"[[12, 18, 13, 17], [21, 15, 22, 14], [16, 24, 17, 23], [18, 10, 19, 9], [20, 7, 21, 8], [5, 22, 6, 23], [24, 11, 1, 12], [2, 20, 3, 19], [4, 14, 5, 13], [15, 7, 16, 6], [8, 4, 9, 3], [10, 1, 11, 2]]"
12n_0732_132,"[[11, 2, 12, 3], [13, 19, 14, 18], [22, 16, 23, 15], [17, 1, 18, 24], [19, 11, 20, 10], [21, 8, 22, 9], [6, 23, 7, 24], [1, 12, 2, 13], [3, 21, 4, 20], [5, 15, 6, 14], [16, 8, 17, 7], [9, 5, 10, 4]]"
12n_0732_133,"[[9, 5, 10, 4], [11, 2, 12, 3], [13, 19, 14, 18], [22, 16, 23, 15], [17, 1, 18, 24], [19, 11, 20, 10], [21, 8, 22, 9], [6, 23, 7, 24], [1, 12, 2, 13], [3, 21, 4, 20], [5, 15, 6, 14], [16, 8, 17, 7]]"
12n_0732_134,"[[16, 8, 17, 7], [9, 5, 10, 4], [11, 2, 12, 3], [13, 19, 14, 18], [22, 16, 23, 15], [17, 1, 18, 24], [19, 11, 20, 10], [21, 8, 22, 9], [6, 23, 7, 24], [1, 12, 2, 13], [3, 21, 4, 20], [5, 15, 6, 14]]"
12n_0732_135,"[[5, 15, 6, 14], [16, 8, 17, 7], [9, 5, 10, 4], [11, 2, 12, 3], [13, 19, 14, 18], [22, 16, 23, 15], [17, 1, 18, 24], [19, 11, 20, 10], [21, 8, 22, 9], [6, 23, 7, 24], [1, 12, 2, 13], [3, 21, 4, 20]]"
12n_0732_136,"[[3, 21, 4, 20], [5, 15, 6, 14], [16, 8, 17, 7], [9, 5, 10, 4], [11, 2, 12, 3], [13, 19, 14, 18], [22, 16, 23, 15], [17, 1, 18, 24], [19, 11, 20, 10], [21, 8, 22, 9], [6, 23, 7, 24], [1, 12, 2, 13]]"
12n_0732_137,"[[1, 12, 2, 13], [3, 21, 4, 20], [5, 15, 6, 14], [16, 8, 17, 7], [9, 5, 10, 4], [11, 2, 12, 3], [13, 19, 14, 18], [22, 16, 23, 15], [17, 1, 18, 24], [19, 11, 20, 10], [21, 8, 22, 9], [6, 23, 7, 24]]"
12n_0732_138,"[[6, 23, 7, 24], [1, 12, 2, 13], [3, 21, 4, 20], [5, 15, 6, 14], [16, 8, 17, 7], [9, 5, 10, 4], [11, 2, 12, 3], [13, 19, 14, 18], [22, 16, 23, 15], [17, 1, 18, 24], [19, 11, 20, 10], [21, 8, 22, 9]]"
12n_0732_139,"[[21, 8, 22, 9], [6, 23, 7, 24], [1, 12, 2, 13], [3, 21, 4, 20], [5, 15, 6, 14], [16, 8, 17, 7], [9, 5, 10, 4], [11, 2, 12, 3], [13, 19, 14, 18], [22, 16, 23, 15], [17, 1, 18, 24], [19, 11, 20, 10]]"
12n_0732_140,"[[19, 11, 20, 10], [21, 8, 22, 9], [6, 23, 7, 24], [1, 12, 2, 13], [3, 21, 4, 20], [5, 15, 6, 14], [16, 8, 17, 7], [9, 5, 10, 4], [11, 2, 12, 3], [13, 19, 14, 18], [22, 16, 23, 15], [17, 1, 18, 24]]"
12n_0732_141,"[[17, 1, 18, 24], [19, 11, 20, 10], [21, 8, 22, 9], [6, 23, 7, 24], [1, 12, 2, 13], [3, 21, 4, 20], [5, 15, 6, 14], [16, 8, 17, 7], [9, 5, 10, 4], [11, 2, 12, 3], [13, 19, 14, 18], [22, 16, 23, 15]]"
12n_0732_142,"[[22, 16, 23, 15], [17, 1, 18, 24], [19, 11, 20, 10], [21, 8, 22, 9], [6, 23, 7, 24], [1, 12, 2, 13], [3, 21, 4, 20], [5, 15, 6, 14], [16, 8, 17, 7], [9, 5, 10, 4], [11, 2, 12, 3], [13, 19, 14, 18]]"
12n_0732_143,"[[13, 19, 14, 18], [22, 16, 23, 15], [17, 1, 18, 24], [19, 11, 20, 10], [21, 8, 22, 9], [6, 23, 7, 24], [1, 12, 2, 13], [3, 21, 4, 20], [5, 15, 6, 14], [16, 8, 17, 7], [9, 5, 10, 4], [11, 2, 12, 3]]"
12n_0732_144,"[[12, 3, 13, 4], [14, 20, 15, 19], [23, 17, 24, 16], [18, 2, 19, 1], [20, 12, 21, 11], [22, 9, 23, 10], [7, 24, 8, 1], [2, 13, 3, 14], [4, 22, 5, 21], [6, 16, 7, 15], [17, 9, 18, 8], [10, 6, 11, 5]]"
12n_0732_145,"[[10, 6, 11, 5], [12, 3, 13, 4], [14, 20, 15, 19], [23, 17, 24, 16], [18, 2, 19, 1], [20, 12, 21, 11], [22, 9, 23, 10], [7, 24, 8, 1], [2, 13, 3, 14], [4, 22, 5, 21], [6, 16, 7, 15], [17, 9, 18, 8]]"
12n_0732_146,"[[17, 9, 18, 8], [10, 6, 11, 5], [12, 3, 13, 4], [14, 20, 15, 19], [23, 17, 24, 16], [18, 2, 19, 1], [20, 12, 21, 11], [22, 9, 23, 10], [7, 24, 8, 1], [2, 13, 3, 14], [4, 22, 5, 21], [6, 16, 7, 15]]"
12n_0732_147,"[[6, 16, 7, 15], [17, 9, 18, 8], [10, 6, 11, 5], [12, 3, 13, 4], [14, 20, 15, 19], [23, 17, 24, 16], [18, 2, 19, 1], [20, 12, 21, 11], [22, 9, 23, 10], [7, 24, 8, 1], [2, 13, 3, 14], [4, 22, 5, 21]]"
12n_0732_148,"[[4, 22, 5, 21], [6, 16, 7, 15], [17, 9, 18, 8], [10, 6, 11, 5], [12, 3, 13, 4], [14, 20, 15, 19], [23, 17, 24, 16], [18, 2, 19, 1], [20, 12, 21, 11], [22, 9, 23, 10], [7, 24, 8, 1], [2, 13, 3, 14]]"
12n_0732_149,"[[2, 13, 3, 14], [4, 22, 5, 21], [6, 16, 7, 15], [17, 9, 18, 8], [10, 6, 11, 5], [12, 3, 13, 4], [14, 20, 15, 19], [23, 17, 24, 16], [18, 2, 19, 1], [20, 12, 21, 11], [22, 9, 23, 10], [7, 24, 8, 1]]"
12n_0732_150,"[[7, 24, 8, 1], [2, 13, 3, 14], [4, 22, 5, 21], [6, 16, 7, 15], [17, 9, 18, 8], [10, 6, 11, 5], [12, 3, 13, 4], [14, 20, 15, 19], [23, 17, 24, 16], [18, 2, 19, 1], [20, 12, 21, 11], [22, 9, 23, 10]]"
12n_0732_151,"[[22, 9, 23, 10], [7, 24, 8, 1], [2, 13, 3, 14], [4, 22, 5, 21], [6, 16, 7, 15], [17, 9, 18, 8], [10, 6, 11, 5], [12, 3, 13, 4], [14, 20, 15, 19], [23, 17, 24, 16], [18, 2, 19, 1], [20, 12, 21, 11]]"
12n_0732_152,"[[20, 12, 21, 11], [22, 9, 23, 10], [7, 24, 8, 1], [2, 13, 3, 14], [4, 22, 5, 21], [6, 16, 7, 15], [17, 9, 18, 8], [10, 6, 11, 5], [12, 3, 13, 4], [14, 20, 15, 19], [23, 17, 24, 16], [18, 2, 19, 1]]"
12n_0732_153,"[[18, 2, 19, 1], [20, 12, 21, 11], [22, 9, 23, 10], [7, 24, 8, 1], [2, 13, 3, 14], [4, 22, 5, 21], [6, 16, 7, 15], [17, 9, 18, 8], [10, 6, 11, 5], [12, 3, 13, 4], [14, 20, 15, 19], [23, 17, 24, 16]]"
12n_0732_154,"[[23, 17, 24, 16], [18, 2, 19, 1], [20, 12, 21, 11], [22, 9, 23, 10], [7, 24, 8, 1], [2, 13, 3, 14], [4, 22, 5, 21], [6, 16, 7, 15], [17, 9, 18, 8], [10, 6, 11, 5], [12, 3, 13, 4], [14, 20, 15, 19]]"
12n_0732_155,"[[14, 20, 15, 19], [23, 17, 24, 16], [18, 2, 19, 1], [20, 12, 21, 11], [22, 9, 23, 10], [7, 24, 8, 1], [2, 13, 3, 14], [4, 22, 5, 21], [6, 16, 7, 15], [17, 9, 18, 8], [10, 6, 11, 5], [12, 3, 13, 4]]"
12n_0732_156,"[[13, 4, 14, 5], [15, 21, 16, 20], [24, 18, 1, 17], [19, 3, 20, 2], [21, 13, 22, 12], [23, 10, 24, 11], [8, 1, 9, 2], [3, 14, 4, 15], [5, 23, 6, 22], [7, 17, 8, 16], [18, 10, 19, 9], [11, 7, 12, 6]]"
12n_0732_157,"[[11, 7, 12, 6], [13, 4, 14, 5], [15, 21, 16, 20], [24, 18, 1, 17], [19, 3, 20, 2], [21, 13, 22, 12], [23, 10, 24, 11], [8, 1, 9, 2], [3, 14, 4, 15], [5, 23, 6, 22], [7, 17, 8, 16], [18, 10, 19, 9]]"
12n_0732_158,"[[18, 10, 19, 9], [11, 7, 12, 6], [13, 4, 14, 5], [15, 21, 16, 20], [24, 18, 1, 17], [19, 3, 20, 2], [21, 13, 22, 12], [23, 10, 24, 11], [8, 1, 9, 2], [3, 14, 4, 15], [5, 23, 6, 22], [7, 17, 8, 16]]"
12n_0732_159,"[[7, 17, 8, 16], [18, 10, 19, 9], [11, 7, 12, 6], [13, 4, 14, 5], [15, 21, 16, 20], [24, 18, 1, 17], [19, 3, 20, 2], [21, 13, 22, 12], [23, 10, 24, 11], [8, 1, 9, 2], [3, 14, 4, 15], [5, 23, 6, 22]]"
12n_0732_160,"[[5, 23, 6, 22], [7, 17, 8, 16], [18, 10, 19, 9], [11, 7, 12, 6], [13, 4, 14, 5], [15, 21, 16, 20], [24, 18, 1, 17], [19, 3, 20, 2], [21, 13, 22, 12], [23, 10, 24, 11], [8, 1, 9, 2], [3, 14, 4, 15]]"
12n_0732_161,"[[3, 14, 4, 15], [5, 23, 6, 22], [7, 17, 8, 16], [18, 10, 19, 9], [11, 7, 12, 6], [13, 4, 14, 5], [15, 21, 16, 20], [24, 18, 1, 17], [19, 3, 20, 2], [21, 13, 22, 12], [23, 10, 24, 11], [8, 1, 9, 2]]"
12n_0732_162,"[[8, 1, 9, 2], [3, 14, 4, 15], [5, 23, 6, 22], [7, 17, 8, 16], [18, 10, 19, 9], [11, 7, 12, 6], [13, 4, 14, 5], [15, 21, 16, 20], [24, 18, 1, 17], [19, 3, 20, 2], [21, 13, 22, 12], [23, 10, 24, 11]]"
12n_0732_163,"[[23, 10, 24, 11], [8, 1, 9, 2], [3, 14, 4, 15], [5, 23, 6, 22], [7, 17, 8, 16], [18, 10, 19, 9], [11, 7, 12, 6], [13, 4, 14, 5], [15, 21, 16, 20], [24, 18, 1, 17], [19, 3, 20, 2], [21, 13, 22, 12]]"
12n_0732_164,"[[21, 13, 22, 12], [23, 10, 24, 11], [8, 1, 9, 2], [3, 14, 4, 15], [5, 23, 6, 22], [7, 17, 8, 16], [18, 10, 19, 9], [11, 7, 12, 6], [13, 4, 14, 5], [15, 21, 16, 20], [24, 18, 1, 17], [19, 3, 20, 2]]"
12n_0732_165,"[[19, 3, 20, 2], [21, 13, 22, 12], [23, 10, 24, 11], [8, 1, 9, 2], [3, 14, 4, 15], [5, 23, 6, 22], [7, 17, 8, 16], [18, 10, 19, 9], [11, 7, 12, 6], [13, 4, 14, 5], [15, 21, 16, 20], [24, 18, 1, 17]]"
12n_0732_166,"[[24, 18, 1, 17], [19, 3, 20, 2], [21, 13, 22, 12], [23, 10, 24, 11], [8, 1, 9, 2], [3, 14, 4, 15], [5, 23, 6, 22], [7, 17, 8, 16], [18, 10, 19, 9], [11, 7, 12, 6], [13, 4, 14, 5], [15, 21, 16, 20]]"
12n_0732_167,"[[15, 21, 16, 20], [24, 18, 1, 17], [19, 3, 20, 2], [21, 13, 22, 12], [23, 10, 24, 11], [8, 1, 9, 2], [3, 14, 4, 15], [5, 23, 6, 22], [7, 17, 8, 16], [18, 10, 19, 9], [11, 7, 12, 6], [13, 4, 14, 5]]"
12n_0732_168,"[[14, 5, 15, 6], [16, 22, 17, 21], [1, 19, 2, 18], [20, 4, 21, 3], [22, 14, 23, 13], [24, 11, 1, 12], [9, 2, 10, 3], [4, 15, 5, 16], [6, 24, 7, 23], [8, 18, 9, 17], [19, 11, 20, 10], [12, 8, 13, 7]]"
12n_0732_169,"[[12, 8, 13, 7], [14, 5, 15, 6], [16, 22, 17, 21], [1, 19, 2, 18], [20, 4, 21, 3], [22, 14, 23, 13], [24, 11, 1, 12], [9, 2, 10, 3], [4, 15, 5, 16], [6, 24, 7, 23], [8, 18, 9, 17], [19, 11, 20, 10]]"
12n_0732_170,"[[19, 11, 20, 10], [12, 8, 13, 7], [14, 5, 15, 6], [16, 22, 17, 21], [1, 19, 2, 18], [20, 4, 21, 3], [22, 14, 23, 13], [24, 11, 1, 12], [9, 2, 10, 3], [4, 15, 5, 16], [6, 24, 7, 23], [8, 18, 9, 17]]"
12n_0732_171,"[[8, 18, 9, 17], [19, 11, 20, 10], [12, 8, 13, 7], [14, 5, 15, 6], [16, 22, 17, 21], [1, 19, 2, 18], [20, 4, 21, 3], [22, 14, 23, 13], [24, 11, 1, 12], [9, 2, 10, 3], [4, 15, 5, 16], [6, 24, 7, 23]]"
12n_0732_172,"[[6, 24, 7, 23], [8, 18, 9, 17], [19, 11, 20, 10], [12, 8, 13, 7], [14, 5, 15, 6], [16, 22, 17, 21], [1, 19, 2, 18], [20, 4, 21, 3], [22, 14, 23, 13], [24, 11, 1, 12], [9, 2, 10, 3], [4, 15, 5, 16]]"
12n_0732_173,"[[4, 15, 5, 16], [6, 24, 7, 23], [8, 18, 9, 17], [19, 11, 20, 10], [12, 8, 13, 7], [14, 5, 15, 6], [16, 22, 17, 21], [1, 19, 2, 18], [20, 4, 21, 3], [22, 14, 23, 13], [24, 11, 1, 12], [9, 2, 10, 3]]"
12n_0732_174,"[[9, 2, 10, 3], [4, 15, 5, 16], [6, 24, 7, 23], [8, 18, 9, 17], [19, 11, 20, 10], [12, 8, 13, 7], [14, 5, 15, 6], [16, 22, 17, 21], [1, 19, 2, 18], [20, 4, 21, 3], [22, 14, 23, 13], [24, 11, 1, 12]]"
12n_0732_175,"[[24, 11, 1, 12], [9, 2, 10, 3], [4, 15, 5, 16], [6, 24, 7, 23], [8, 18, 9, 17], [19, 11, 20, 10], [12, 8, 13, 7], [14, 5, 15, 6], [16, 22, 17, 21], [1, 19, 2, 18], [20, 4, 21, 3], [22, 14, 23, 13]]"
12n_0732_176,"[[22, 14, 23, 13], [24, 11, 1, 12], [9, 2, 10, 3], [4, 15, 5, 16], [6, 24, 7, 23], [8, 18, 9, 17], [19, 11, 20, 10], [12, 8, 13, 7], [14, 5, 15, 6], [16, 22, 17, 21], [1, 19, 2, 18], [20, 4, 21, 3]]"
12n_0732_177,"[[20, 4, 21, 3], [22, 14, 23, 13], [24, 11, 1, 12], [9, 2, 10, 3], [4, 15, 5, 16], [6, 24, 7, 23], [8, 18, 9, 17], [19, 11, 20, 10], [12, 8, 13, 7], [14, 5, 15, 6], [16, 22, 17, 21], [1, 19, 2, 18]]"
12n_0732_178,"[[1, 19, 2, 18], [20, 4, 21, 3], [22, 14, 23, 13], [24, 11, 1, 12], [9, 2, 10, 3], [4, 15, 5, 16], [6, 24, 7, 23], [8, 18, 9, 17], [19, 11, 20, 10], [12, 8, 13, 7], [14, 5, 15, 6], [16, 22, 17, 21]]"
12n_0732_179,"[[16, 22, 17, 21], [1, 19, 2, 18], [20, 4, 21, 3], [22, 14, 23, 13], [24, 11, 1, 12], [9, 2, 10, 3], [4, 15, 5, 16], [6, 24, 7, 23], [8, 18, 9, 17], [19, 11, 20, 10], [12, 8, 13, 7], [14, 5, 15, 6]]"
12n_0732_180,"[[15, 6, 16, 7], [17, 23, 18, 22], [2, 20, 3, 19], [21, 5, 22, 4], [23, 15, 24, 14], [1, 12, 2, 13], [10, 3, 11, 4], [5, 16, 6, 17], [7, 1, 8, 24], [9, 19, 10, 18], [20, 12, 21, 11], [13, 9, 14, 8]]"
12n_0732_181,"[[13, 9, 14, 8], [15, 6, 16, 7], [17, 23, 18, 22], [2, 20, 3, 19], [21, 5, 22, 4], [23, 15, 24, 14], [1, 12, 2, 13], [10, 3, 11, 4], [5, 16, 6, 17], [7, 1, 8, 24], [9, 19, 10, 18], [20, 12, 21, 11]]"
12n_0732_182,"[[20, 12, 21, 11], [13, 9, 14, 8], [15, 6, 16, 7], [17, 23, 18, 22], [2, 20, 3, 19], [21, 5, 22, 4], [23, 15, 24, 14], [1, 12, 2, 13], [10, 3, 11, 4], [5, 16, 6, 17], [7, 1, 8, 24], [9, 19, 10, 18]]"
12n_0732_183,"[[9, 19, 10, 18], [20, 12, 21, 11], [13, 9, 14, 8], [15, 6, 16, 7], [17, 23, 18, 22], [2, 20, 3, 19], [21, 5, 22, 4], [23, 15, 24, 14], [1, 12, 2, 13], [10, 3, 11, 4], [5, 16, 6, 17], [7, 1, 8, 24]]"
12n_0732_184,"[[7, 1, 8, 24], [9, 19, 10, 18], [20, 12, 21, 11], [13, 9, 14, 8], [15, 6, 16, 7], [17, 23, 18, 22], [2, 20, 3, 19], [21, 5, 22, 4], [23, 15, 24, 14], [1, 12, 2, 13], [10, 3, 11, 4], [5, 16, 6, 17]]"
12n_0732_185,"[[5, 16, 6, 17], [7, 1, 8, 24], [9, 19, 10, 18], [20, 12, 21, 11], [13, 9, 14, 8], [15, 6, 16, 7], [17, 23, 18, 22], [2, 20, 3, 19], [21, 5, 22, 4], [23, 15, 24, 14], [1, 12, 2, 13], [10, 3, 11, 4]]"
