name,pd_notation
12n_0736_0,"[[24, 19, 1, 20], [2, 8, 3, 7], [4, 11, 5, 12], [6, 14, 7, 13], [8, 2, 9, 1], [10, 23, 11, 24], [12, 17, 13, 18], [21, 14, 22, 15], [16, 6, 17, 5], [18, 3, 19, 4], [20, 9, 21, 10], [15, 22, 16, 23]]"
12n_0736_1,"[[15, 22, 16, 23], [24, 19, 1, 20], [2, 8, 3, 7], [4, 11, 5, 12], [6, 14, 7, 13], [8, 2, 9, 1], [10, 23, 11, 24], [12, 17, 13, 18], [21, 14, 22, 15], [16, 6, 17, 5], [18, 3, 19, 4], [20, 9, 21, 10]]"
12n_0736_2,"[[20, 9, 21, 10], [15, 22, 16, 23], [24, 19, 1, 20], [2, 8, 3, 7], [4, 11, 5, 12], [6, 14, 7, 13], [8, 2, 9, 1], [10, 23, 11, 24], [12, 17, 13, 18], [21, 14, 22, 15], [16, 6, 17, 5], [18, 3, 19, 4]]"
12n_0736_3,"[[18, 3, 19, 4], [20, 9, 21, 10], [15, 22, 16, 23], [24, 19, 1, 20], [2, 8, 3, 7], [4, 11, 5, 12], [6, 14, 7, 13], [8, 2, 9, 1], [10, 23, 11, 24], [12, 17, 13, 18], [21, 14, 22, 15], [16, 6, 17, 5]]"
12n_0736_4,"[[16, 6, 17, 5], [18, 3, 19, 4], [20, 9, 21, 10], [15, 22, 16, 23], [24, 19, 1, 20], [2, 8, 3, 7], [4, 11, 5, 12], [6, 14, 7, 13], [8, 2, 9, 1], [10, 23, 11, 24], [12, 17, 13, 18], [21, 14, 22, 15]]"
12n_0736_5,"[[21, 14, 22, 15], [16, 6, 17, 5], [18, 3, 19, 4], [20, 9, 21, 10], [15, 22, 16, 23], [24, 19, 1, 20], [2, 8, 3, 7], [4, 11, 5, 12], [6, 14, 7, 13], [8, 2, 9, 1], [10, 23, 11, 24], [12, 17, 13, 18]]"
12n_0736_6,"[[12, 17, 13, 18], [21, 14, 22, 15], [16, 6, 17, 5], [18, 3, 19, 4], [20, 9, 21, 10], [15, 22, 16, 23], [24, 19, 1, 20], [2, 8, 3, 7], [4, 11, 5, 12], [6, 14, 7, 13], [8, 2, 9, 1], [10, 23, 11, 24]]"
12n_0736_7,"[[10, 23, 11, 24], [12, 17, 13, 18], [21, 14, 22, 15], [16, 6, 17, 5], [18, 3, 19, 4], [20, 9, 21, 10], [15, 22, 16, 23], [24, 19, 1, 20], [2, 8, 3, 7], [4, 11, 5, 12], [6, 14, 7, 13], [8, 2, 9, 1]]"
12n_0736_8,"[[8, 2, 9, 1], [10, 23, 11, 24], [12, 17, 13, 18], [21, 14, 22, 15], [16, 6, 17, 5], [18, 3, 19, 4], [20, 9, 21, 10], [15, 22, 16, 23], [24, 19, 1, 20], [2, 8, 3, 7], [4, 11, 5, 12], [6, 14, 7, 13]]"
12n_0736_9,"[[6, 14, 7, 13], [8, 2, 9, 1], [10, 23, 11, 24], [12, 17, 13, 18], [21, 14, 22, 15], [16, 6, 17, 5], [18, 3, 19, 4], [20, 9, 21, 10], [15, 22, 16, 23], [24, 19, 1, 20], [2, 8, 3, 7], [4, 11, 5, 12]]"
12n_0736_10,"[[4, 11, 5, 12], [6, 14, 7, 13], [8, 2, 9, 1], [10, 23, 11, 24], [12, 17, 13, 18], [21, 14, 22, 15], [16, 6, 17, 5], [18, 3, 19, 4], [20, 9, 21, 10], [15, 22, 16, 23], [24, 19, 1, 20], [2, 8, 3, 7]]"
12n_0736_11,"[[2, 8, 3, 7], [4, 11, 5, 12], [6, 14, 7, 13], [8, 2, 9, 1], [10, 23, 11, 24], [12, 17, 13, 18], [21, 14, 22, 15], [16, 6, 17, 5], [18, 3, 19, 4], [20, 9, 21, 10], [15, 22, 16, 23], [24, 19, 1, 20]]"
12n_0736_12,"[[1, 20, 2, 21], [3, 9, 4, 8], [5, 12, 6, 13], [7, 15, 8, 14], [9, 3, 10, 2], [11, 24, 12, 1], [13, 18, 14, 19], [22, 15, 23, 16], [17, 7, 18, 6], [19, 4, 20, 5], [21, 10, 22, 11], [16, 23, 17, 24]]"
12n_0736_13,"[[16, 23, 17, 24], [1, 20, 2, 21], [3, 9, 4, 8], [5, 12, 6, 13], [7, 15, 8, 14], [9, 3, 10, 2], [11, 24, 12, 1], [13, 18, 14, 19], [22, 15, 23, 16], [17, 7, 18, 6], [19, 4, 20, 5], [21, 10, 22, 11]]"
12n_0736_14,"[[21, 10, 22, 11], [16, 23, 17, 24], [1, 20, 2, 21], [3, 9, 4, 8], [5, 12, 6, 13], [7, 15, 8, 14], [9, 3, 10, 2], [11, 24, 12, 1], [13, 18, 14, 19], [22, 15, 23, 16], [17, 7, 18, 6], [19, 4, 20, 5]]"
12n_0736_15,"[[19, 4, 20, 5], [21, 10, 22, 11], [16, 23, 17, 24], [1, 20, 2, 21], [3, 9, 4, 8], [5, 12, 6, 13], [7, 15, 8, 14], [9, 3, 10, 2], [11, 24, 12, 1], [13, 18, 14, 19], [22, 15, 23, 16], [17, 7, 18, 6]]"
12n_0736_16,"[[17, 7, 18, 6], [19, 4, 20, 5], [21, 10, 22, 11], [16, 23, 17, 24], [1, 20, 2, 21], [3, 9, 4, 8], [5, 12, 6, 13], [7, 15, 8, 14], [9, 3, 10, 2], [11, 24, 12, 1], [13, 18, 14, 19], [22, 15, 23, 16]]"
12n_0736_17,"[[22, 15, 23, 16], [17, 7, 18, 6], [19, 4, 20, 5], [21, 10, 22, 11], [16, 23, 17, 24], [1, 20, 2, 21], [3, 9, 4, 8], [5, 12, 6, 13], [7, 15, 8, 14], [9, 3, 10, 2], [11, 24, 12, 1], [13, 18, 14, 19]]"
12n_0736_18,"[[13, 18, 14, 19], [22, 15, 23, 16], [17, 7, 18, 6], [19, 4, 20, 5], [21, 10, 22, 11], [16, 23, 17, 24], [1, 20, 2, 21], [3, 9, 4, 8], [5, 12, 6, 13], [7, 15, 8, 14], [9, 3, 10, 2], [11, 24, 12, 1]]"
12n_0736_19,"[[11, 24, 12, 1], [13, 18, 14, 19], [22, 15, 23, 16], [17, 7, 18, 6], [19, 4, 20, 5], [21, 10, 22, 11], [16, 23, 17, 24], [1, 20, 2, 21], [3, 9, 4, 8], [5, 12, 6, 13], [7, 15, 8, 14], [9, 3, 10, 2]]"
12n_0736_20,"[[9, 3, 10, 2], [11, 24, 12, 1], [13, 18, 14, 19], [22, 15, 23, 16], [17, 7, 18, 6], [19, 4, 20, 5], [21, 10, 22, 11], [16, 23, 17, 24], [1, 20, 2, 21], [3, 9, 4, 8], [5, 12, 6, 13], [7, 15, 8, 14]]"
12n_0736_21,"[[7, 15, 8, 14], [9, 3, 10, 2], [11, 24, 12, 1], [13, 18, 14, 19], [22, 15, 23, 16], [17, 7, 18, 6], [19, 4, 20, 5], [21, 10, 22, 11], [16, 23, 17, 24], [1, 20, 2, 21], [3, 9, 4, 8], [5, 12, 6, 13]]"
12n_0736_22,"[[5, 12, 6, 13], [7, 15, 8, 14], [9, 3, 10, 2], [11, 24, 12, 1], [13, 18, 14, 19], [22, 15, 23, 16], [17, 7, 18, 6], [19, 4, 20, 5], [21, 10, 22, 11], [16, 23, 17, 24], [1, 20, 2, 21], [3, 9, 4, 8]]"
12n_0736_23,"[[3, 9, 4, 8], [5, 12, 6, 13], [7, 15, 8, 14], [9, 3, 10, 2], [11, 24, 12, 1], [13, 18, 14, 19], [22, 15, 23, 16], [17, 7, 18, 6], [19, 4, 20, 5], [21, 10, 22, 11], [16, 23, 17, 24], [1, 20, 2, 21]]"
12n_0736_24,"[[2, 21, 3, 22], [4, 10, 5, 9], [6, 13, 7, 14], [8, 16, 9, 15], [10, 4, 11, 3], [12, 1, 13, 2], [14, 19, 15, 20], [23, 16, 24, 17], [18, 8, 19, 7], [20, 5, 21, 6], [22, 11, 23, 12], [17, 24, 18, 1]]"
12n_0736_25,"[[17, 24, 18, 1], [2, 21, 3, 22], [4, 10, 5, 9], [6, 13, 7, 14], [8, 16, 9, 15], [10, 4, 11, 3], [12, 1, 13, 2], [14, 19, 15, 20], [23, 16, 24, 17], [18, 8, 19, 7], [20, 5, 21, 6], [22, 11, 23, 12]]"
12n_0736_26,"[[22, 11, 23, 12], [17, 24, 18, 1], [2, 21, 3, 22], [4, 10, 5, 9], [6, 13, 7, 14], [8, 16, 9, 15], [10, 4, 11, 3], [12, 1, 13, 2], [14, 19, 15, 20], [23, 16, 24, 17], [18, 8, 19, 7], [20, 5, 21, 6]]"
12n_0736_27,"[[20, 5, 21, 6], [22, 11, 23, 12], [17, 24, 18, 1], [2, 21, 3, 22], [4, 10, 5, 9], [6, 13, 7, 14], [8, 16, 9, 15], [10, 4, 11, 3], [12, 1, 13, 2], [14, 19, 15, 20], [23, 16, 24, 17], [18, 8, 19, 7]]"
12n_0736_28,"[[18, 8, 19, 7], [20, 5, 21, 6], [22, 11, 23, 12], [17, 24, 18, 1], [2, 21, 3, 22], [4, 10, 5, 9], [6, 13, 7, 14], [8, 16, 9, 15], [10, 4, 11, 3], [12, 1, 13, 2], [14, 19, 15, 20], [23, 16, 24, 17]]"
12n_0736_29,"[[23, 16, 24, 17], [18, 8, 19, 7], [20, 5, 21, 6], [22, 11, 23, 12], [17, 24, 18, 1], [2, 21, 3, 22], [4, 10, 5, 9], [6, 13, 7, 14], [8, 16, 9, 15], [10, 4, 11, 3], [12, 1, 13, 2], [14, 19, 15, 20]]"
12n_0736_30,"[[14, 19, 15, 20], [23, 16, 24, 17], [18, 8, 19, 7], [20, 5, 21, 6], [22, 11, 23, 12], [17, 24, 18, 1], [2, 21, 3, 22], [4, 10, 5, 9], [6, 13, 7, 14], [8, 16, 9, 15], [10, 4, 11, 3], [12, 1, 13, 2]]"
12n_0736_31,"[[12, 1, 13, 2], [14, 19, 15, 20], [23, 16, 24, 17], [18, 8, 19, 7], [20, 5, 21, 6], [22, 11, 23, 12], [17, 24, 18, 1], [2, 21, 3, 22], [4, 10, 5, 9], [6, 13, 7, 14], [8, 16, 9, 15], [10, 4, 11, 3]]"
12n_0736_32,"[[10, 4, 11, 3], [12, 1, 13, 2], [14, 19, 15, 20], [23, 16, 24, 17], [18, 8, 19, 7], [20, 5, 21, 6], [22, 11, 23, 12], [17, 24, 18, 1], [2, 21, 3, 22], [4, 10, 5, 9], [6, 13, 7, 14], [8, 16, 9, 15]]"
12n_0736_33,"[[8, 16, 9, 15], [10, 4, 11, 3], [12, 1, 13, 2], [14, 19, 15, 20], [23, 16, 24, 17], [18, 8, 19, 7], [20, 5, 21, 6], [22, 11, 23, 12], [17, 24, 18, 1], [2, 21, 3, 22], [4, 10, 5, 9], [6, 13, 7, 14]]"
12n_0736_34,"[[6, 13, 7, 14], [8, 16, 9, 15], [10, 4, 11, 3], [12, 1, 13, 2], [14, 19, 15, 20], [23, 16, 24, 17], [18, 8, 19, 7], [20, 5, 21, 6], [22, 11, 23, 12], [17, 24, 18, 1], [2, 21, 3, 22], [4, 10, 5, 9]]"
12n_0736_35,"[[4, 10, 5, 9], [6, 13, 7, 14], [8, 16, 9, 15], [10, 4, 11, 3], [12, 1, 13, 2], [14, 19, 15, 20], [23, 16, 24, 17], [18, 8, 19, 7], [20, 5, 21, 6], [22, 11, 23, 12], [17, 24, 18, 1], [2, 21, 3, 22]]"
12n_0736_36,"[[3, 22, 4, 23], [5, 11, 6, 10], [7, 14, 8, 15], [9, 17, 10, 16], [11, 5, 12, 4], [13, 2, 14, 3], [15, 20, 16, 21], [24, 17, 1, 18], [19, 9, 20, 8], [21, 6, 22, 7], [23, 12, 24, 13], [18, 1, 19, 2]]"
12n_0736_37,"[[18, 1, 19, 2], [3, 22, 4, 23], [5, 11, 6, 10], [7, 14, 8, 15], [9, 17, 10, 16], [11, 5, 12, 4], [13, 2, 14, 3], [15, 20, 16, 21], [24, 17, 1, 18], [19, 9, 20, 8], [21, 6, 22, 7], [23, 12, 24, 13]]"
12n_0736_38,"[[23, 12, 24, 13], [18, 1, 19, 2], [3, 22, 4, 23], [5, 11, 6, 10], [7, 14, 8, 15], [9, 17, 10, 16], [11, 5, 12, 4], [13, 2, 14, 3], [15, 20, 16, 21], [24, 17, 1, 18], [19, 9, 20, 8], [21, 6, 22, 7]]"
12n_0736_39,"[[21, 6, 22, 7], [23, 12, 24, 13], [18, 1, 19, 2], [3, 22, 4, 23], [5, 11, 6, 10], [7, 14, 8, 15], [9, 17, 10, 16], [11, 5, 12, 4], [13, 2, 14, 3], [15, 20, 16, 21], [24, 17, 1, 18], [19, 9, 20, 8]]"
12n_0736_40,"[[19, 9, 20, 8], [21, 6, 22, 7], [23, 12, 24, 13], [18, 1, 19, 2], [3, 22, 4, 23], [5, 11, 6, 10], [7, 14, 8, 15], [9, 17, 10, 16], [11, 5, 12, 4], [13, 2, 14, 3], [15, 20, 16, 21], [24, 17, 1, 18]]"
12n_0736_41,"[[24, 17, 1, 18], [19, 9, 20, 8], [21, 6, 22, 7], [23, 12, 24, 13], [18, 1, 19, 2], [3, 22, 4, 23], [5, 11, 6, 10], [7, 14, 8, 15], [9, 17, 10, 16], [11, 5, 12, 4], [13, 2, 14, 3], [15, 20, 16, 21]]"
12n_0736_42,"[[15, 20, 16, 21], [24, 17, 1, 18], [19, 9, 20, 8], [21, 6, 22, 7], [23, 12, 24, 13], [18, 1, 19, 2], [3, 22, 4, 23], [5, 11, 6, 10], [7, 14, 8, 15], [9, 17, 10, 16], [11, 5, 12, 4], [13, 2, 14, 3]]"
12n_0736_43,"[[13, 2, 14, 3], [15, 20, 16, 21], [24, 17, 1, 18], [19, 9, 20, 8], [21, 6, 22, 7], [23, 12, 24, 13], [18, 1, 19, 2], [3, 22, 4, 23], [5, 11, 6, 10], [7, 14, 8, 15], [9, 17, 10, 16], [11, 5, 12, 4]]"
12n_0736_44,"[[11, 5, 12, 4], [13, 2, 14, 3], [15, 20, 16, 21], [24, 17, 1, 18], [19, 9, 20, 8], [21, 6, 22, 7], [23, 12, 24, 13], [18, 1, 19, 2], [3, 22, 4, 23], [5, 11, 6, 10], [7, 14, 8, 15], [9, 17, 10, 16]]"
12n_0736_45,"[[9, 17, 10, 16], [11, 5, 12, 4], [13, 2, 14, 3], [15, 20, 16, 21], [24, 17, 1, 18], [19, 9, 20, 8], [21, 6, 22, 7], [23, 12, 24, 13], [18, 1, 19, 2], [3, 22, 4, 23], [5, 11, 6, 10], [7, 14, 8, 15]]"
12n_0736_46,"[[7, 14, 8, 15], [9, 17, 10, 16], [11, 5, 12, 4], [13, 2, 14, 3], [15, 20, 16, 21], [24, 17, 1, 18], [19, 9, 20, 8], [21, 6, 22, 7], [23, 12, 24, 13], [18, 1, 19, 2], [3, 22, 4, 23], [5, 11, 6, 10]]"
12n_0736_47,"[[5, 11, 6, 10], [7, 14, 8, 15], [9, 17, 10, 16], [11, 5, 12, 4], [13, 2, 14, 3], [15, 20, 16, 21], [24, 17, 1, 18], [19, 9, 20, 8], [21, 6, 22, 7], [23, 12, 24, 13], [18, 1, 19, 2], [3, 22, 4, 23]]"
12n_0736_48,"[[4, 23, 5, 24], [6, 12, 7, 11], [8, 15, 9, 16], [10, 18, 11, 17], [12, 6, 13, 5], [14, 3, 15, 4], [16, 21, 17, 22], [1, 18, 2, 19], [20, 10, 21, 9], [22, 7, 23, 8], [24, 13, 1, 14], [19, 2, 20, 3]]"
12n_0736_49,"[[19, 2, 20, 3], [4, 23, 5, 24], [6, 12, 7, 11], [8, 15, 9, 16], [10, 18, 11, 17], [12, 6, 13, 5], [14, 3, 15, 4], [16, 21, 17, 22], [1, 18, 2, 19], [20, 10, 21, 9], [22, 7, 23, 8], [24, 13, 1, 14]]"
12n_0736_50,"[[24, 13, 1, 14], [19, 2, 20, 3], [4, 23, 5, 24], [6, 12, 7, 11], [8, 15, 9, 16], [10, 18, 11, 17], [12, 6, 13, 5], [14, 3, 15, 4], [16, 21, 17, 22], [1, 18, 2, 19], [20, 10, 21, 9], [22, 7, 23, 8]]"
12n_0736_51,"[[22, 7, 23, 8], [24, 13, 1, 14], [19, 2, 20, 3], [4, 23, 5, 24], [6, 12, 7, 11], [8, 15, 9, 16], [10, 18, 11, 17], [12, 6, 13, 5], [14, 3, 15, 4], [16, 21, 17, 22], [1, 18, 2, 19], [20, 10, 21, 9]]"
12n_0736_52,"[[20, 10, 21, 9], [22, 7, 23, 8], [24, 13, 1, 14], [19, 2, 20, 3], [4, 23, 5, 24], [6, 12, 7, 11], [8, 15, 9, 16], [10, 18, 11, 17], [12, 6, 13, 5], [14, 3, 15, 4], [16, 21, 17, 22], [1, 18, 2, 19]]"
12n_0736_53,"[[1, 18, 2, 19], [20, 10, 21, 9], [22, 7, 23, 8], [24, 13, 1, 14], [19, 2, 20, 3], [4, 23, 5, 24], [6, 12, 7, 11], [8, 15, 9, 16], [10, 18, 11, 17], [12, 6, 13, 5], [14, 3, 15, 4], [16, 21, 17, 22]]"
12n_0736_54,"[[16, 21, 17, 22], [1, 18, 2, 19], [20, 10, 21, 9], [22, 7, 23, 8], [24, 13, 1, 14], [19, 2, 20, 3], [4, 23, 5, 24], [6, 12, 7, 11], [8, 15, 9, 16], [10, 18, 11, 17], [12, 6, 13, 5], [14, 3, 15, 4]]"
12n_0736_55,"[[14, 3, 15, 4], [16, 21, 17, 22], [1, 18, 2, 19], [20, 10, 21, 9], [22, 7, 23, 8], [24, 13, 1, 14], [19, 2, 20, 3], [4, 23, 5, 24], [6, 12, 7, 11], [8, 15, 9, 16], [10, 18, 11, 17], [12, 6, 13, 5]]"
12n_0736_56,"[[12, 6, 13, 5], [14, 3, 15, 4], [16, 21, 17, 22], [1, 18, 2, 19], [20, 10, 21, 9], [22, 7, 23, 8], [24, 13, 1, 14], [19, 2, 20, 3], [4, 23, 5, 24], [6, 12, 7, 11], [8, 15, 9, 16], [10, 18, 11, 17]]"
12n_0736_57,"[[10, 18, 11, 17], [12, 6, 13, 5], [14, 3, 15, 4], [16, 21, 17, 22], [1, 18, 2, 19], [20, 10, 21, 9], [22, 7, 23, 8], [24, 13, 1, 14], [19, 2, 20, 3], [4, 23, 5, 24], [6, 12, 7, 11], [8, 15, 9, 16]]"
12n_0736_58,"[[8, 15, 9, 16], [10, 18, 11, 17], [12, 6, 13, 5], [14, 3, 15, 4], [16, 21, 17, 22], [1, 18, 2, 19], [20, 10, 21, 9], [22, 7, 23, 8], [24, 13, 1, 14], [19, 2, 20, 3], [4, 23, 5, 24], [6, 12, 7, 11]]"
12n_0736_59,"[[6, 12, 7, 11], [8, 15, 9, 16], [10, 18, 11, 17], [12, 6, 13, 5], [14, 3, 15, 4], [16, 21, 17, 22], [1, 18, 2, 19], [20, 10, 21, 9], [22, 7, 23, 8], [24, 13, 1, 14], [19, 2, 20, 3], [4, 23, 5, 24]]"
12n_0736_60,"[[5, 24, 6, 1], [7, 13, 8, 12], [9, 16, 10, 17], [11, 19, 12, 18], [13, 7, 14, 6], [15, 4, 16, 5], [17, 22, 18, 23], [2, 19, 3, 20], [21, 11, 22, 10], [23, 8, 24, 9], [1, 14, 2, 15], [20, 3, 21, 4]]"
12n_0736_61,"[[20, 3, 21, 4], [5, 24, 6, 1], [7, 13, 8, 12], [9, 16, 10, 17], [11, 19, 12, 18], [13, 7, 14, 6], [15, 4, 16, 5], [17, 22, 18, 23], [2, 19, 3, 20], [21, 11, 22, 10], [23, 8, 24, 9], [1, 14, 2, 15]]"
12n_0736_62,"[[1, 14, 2, 15], [20, 3, 21, 4], [5, 24, 6, 1], [7, 13, 8, 12], [9, 16, 10, 17], [11, 19, 12, 18], [13, 7, 14, 6], [15, 4, 16, 5], [17, 22, 18, 23], [2, 19, 3, 20], [21, 11, 22, 10], [23, 8, 24, 9]]"
12n_0736_63,"[[23, 8, 24, 9], [1, 14, 2, 15], [20, 3, 21, 4], [5, 24, 6, 1], [7, 13, 8, 12], [9, 16, 10, 17], [11, 19, 12, 18], [13, 7, 14, 6], [15, 4, 16, 5], [17, 22, 18, 23], [2, 19, 3, 20], [21, 11, 22, 10]]"
12n_0736_64,"[[21, 11, 22, 10], [23, 8, 24, 9], [1, 14, 2, 15], [20, 3, 21, 4], [5, 24, 6, 1], [7, 13, 8, 12], [9, 16, 10, 17], [11, 19, 12, 18], [13, 7, 14, 6], [15, 4, 16, 5], [17, 22, 18, 23], [2, 19, 3, 20]]"
12n_0736_65,"[[2, 19, 3, 20], [21, 11, 22, 10], [23, 8, 24, 9], [1, 14, 2, 15], [20, 3, 21, 4], [5, 24, 6, 1], [7, 13, 8, 12], [9, 16, 10, 17], [11, 19, 12, 18], [13, 7, 14, 6], [15, 4, 16, 5], [17, 22, 18, 23]]"
12n_0736_66,"[[17, 22, 18, 23], [2, 19, 3, 20], [21, 11, 22, 10], [23, 8, 24, 9], [1, 14, 2, 15], [20, 3, 21, 4], [5, 24, 6, 1], [7, 13, 8, 12], [9, 16, 10, 17], [11, 19, 12, 18], [13, 7, 14, 6], [15, 4, 16, 5]]"
12n_0736_67,"[[15, 4, 16, 5], [17, 22, 18, 23], [2, 19, 3, 20], [21, 11, 22, 10], [23, 8, 24, 9], [1, 14, 2, 15], [20, 3, 21, 4], [5, 24, 6, 1], [7, 13, 8, 12], [9, 16, 10, 17], [11, 19, 12, 18], [13, 7, 14, 6]]"
12n_0736_68,"[[13, 7, 14, 6], [15, 4, 16, 5], [17, 22, 18, 23], [2, 19, 3, 20], [21, 11, 22, 10], [23, 8, 24, 9], [1, 14, 2, 15], [20, 3, 21, 4], [5, 24, 6, 1], [7, 13, 8, 12], [9, 16, 10, 17], [11, 19, 12, 18]]"
12n_0736_69,"[[11, 19, 12, 18], [13, 7, 14, 6], [15, 4, 16, 5], [17, 22, 18, 23], [2, 19, 3, 20], [21, 11, 22, 10], [23, 8, 24, 9], [1, 14, 2, 15], [20, 3, 21, 4], [5, 24, 6, 1], [7, 13, 8, 12], [9, 16, 10, 17]]"
12n_0736_70,"[[9, 16, 10, 17], [11, 19, 12, 18], [13, 7, 14, 6], [15, 4, 16, 5], [17, 22, 18, 23], [2, 19, 3, 20], [21, 11, 22, 10], [23, 8, 24, 9], [1, 14, 2, 15], [20, 3, 21, 4], [5, 24, 6, 1], [7, 13, 8, 12]]"
12n_0736_71,"[[7, 13, 8, 12], [9, 16, 10, 17], [11, 19, 12, 18], [13, 7, 14, 6], [15, 4, 16, 5], [17, 22, 18, 23], [2, 19, 3, 20], [21, 11, 22, 10], [23, 8, 24, 9], [1, 14, 2, 15], [20, 3, 21, 4], [5, 24, 6, 1]]"
12n_0736_72,"[[6, 1, 7, 2], [8, 14, 9, 13], [10, 17, 11, 18], [12, 20, 13, 19], [14, 8, 15, 7], [16, 5, 17, 6], [18, 23, 19, 24], [3, 20, 4, 21], [22, 12, 23, 11], [24, 9, 1, 10], [2, 15, 3, 16], [21, 4, 22, 5]]"
12n_0736_73,"[[21, 4, 22, 5], [6, 1, 7, 2], [8, 14, 9, 13], [10, 17, 11, 18], [12, 20, 13, 19], [14, 8, 15, 7], [16, 5, 17, 6], [18, 23, 19, 24], [3, 20, 4, 21], [22, 12, 23, 11], [24, 9, 1, 10], [2, 15, 3, 16]]"
12n_0736_74,"[[2, 15, 3, 16], [21, 4, 22, 5], [6, 1, 7, 2], [8, 14, 9, 13], [10, 17, 11, 18], [12, 20, 13, 19], [14, 8, 15, 7], [16, 5, 17, 6], [18, 23, 19, 24], [3, 20, 4, 21], [22, 12, 23, 11], [24, 9, 1, 10]]"
12n_0736_75,"[[24, 9, 1, 10], [2, 15, 3, 16], [21, 4, 22, 5], [6, 1, 7, 2], [8, 14, 9, 13], [10, 17, 11, 18], [12, 20, 13, 19], [14, 8, 15, 7], [16, 5, 17, 6], [18, 23, 19, 24], [3, 20, 4, 21], [22, 12, 23, 11]]"
12n_0736_76,"[[22, 12, 23, 11], [24, 9, 1, 10], [2, 15, 3, 16], [21, 4, 22, 5], [6, 1, 7, 2], [8, 14, 9, 13], [10, 17, 11, 18], [12, 20, 13, 19], [14, 8, 15, 7], [16, 5, 17, 6], [18, 23, 19, 24], [3, 20, 4, 21]]"
12n_0736_77,"[[3, 20, 4, 21], [22, 12, 23, 11], [24, 9, 1, 10], [2, 15, 3, 16], [21, 4, 22, 5], [6, 1, 7, 2], [8, 14, 9, 13], [10, 17, 11, 18], [12, 20, 13, 19], [14, 8, 15, 7], [16, 5, 17, 6], [18, 23, 19, 24]]"
12n_0736_78,"[[18, 23, 19, 24], [3, 20, 4, 21], [22, 12, 23, 11], [24, 9, 1, 10], [2, 15, 3, 16], [21, 4, 22, 5], [6, 1, 7, 2], [8, 14, 9, 13], [10, 17, 11, 18], [12, 20, 13, 19], [14, 8, 15, 7], [16, 5, 17, 6]]"
12n_0736_79,"[[16, 5, 17, 6], [18, 23, 19, 24], [3, 20, 4, 21], [22, 12, 23, 11], [24, 9, 1, 10], [2, 15, 3, 16], [21, 4, 22, 5], [6, 1, 7, 2], [8, 14, 9, 13], [10, 17, 11, 18], [12, 20, 13, 19], [14, 8, 15, 7]]"
12n_0736_80,"[[14, 8, 15, 7], [16, 5, 17, 6], [18, 23, 19, 24], [3, 20, 4, 21], [22, 12, 23, 11], [24, 9, 1, 10], [2, 15, 3, 16], [21, 4, 22, 5], [6, 1, 7, 2], [8, 14, 9, 13], [10, 17, 11, 18], [12, 20, 13, 19]]"
12n_0736_81,"[[12, 20, 13, 19], [14, 8, 15, 7], [16, 5, 17, 6], [18, 23, 19, 24], [3, 20, 4, 21], [22, 12, 23, 11], [24, 9, 1, 10], [2, 15, 3, 16], [21, 4, 22, 5], [6, 1, 7, 2], [8, 14, 9, 13], [10, 17, 11, 18]]"
12n_0736_82,"[[10, 17, 11, 18], [12, 20, 13, 19], [14, 8, 15, 7], [16, 5, 17, 6], [18, 23, 19, 24], [3, 20, 4, 21], [22, 12, 23, 11], [24, 9, 1, 10], [2, 15, 3, 16], [21, 4, 22, 5], [6, 1, 7, 2], [8, 14, 9, 13]]"
12n_0736_83,"[[8, 14, 9, 13], [10, 17, 11, 18], [12, 20, 13, 19], [14, 8, 15, 7], [16, 5, 17, 6], [18, 23, 19, 24], [3, 20, 4, 21], [22, 12, 23, 11], [24, 9, 1, 10], [2, 15, 3, 16], [21, 4, 22, 5], [6, 1, 7, 2]]"
12n_0736_84,"[[7, 2, 8, 3], [9, 15, 10, 14], [11, 18, 12, 19], [13, 21, 14, 20], [15, 9, 16, 8], [17, 6, 18, 7], [19, 24, 20, 1], [4, 21, 5, 22], [23, 13, 24, 12], [1, 10, 2, 11], [3, 16, 4, 17], [22, 5, 23, 6]]"
12n_0736_85,"[[22, 5, 23, 6], [7, 2, 8, 3], [9, 15, 10, 14], [11, 18, 12, 19], [13, 21, 14, 20], [15, 9, 16, 8], [17, 6, 18, 7], [19, 24, 20, 1], [4, 21, 5, 22], [23, 13, 24, 12], [1, 10, 2, 11], [3, 16, 4, 17]]"
12n_0736_86,"[[3, 16, 4, 17], [22, 5, 23, 6], [7, 2, 8, 3], [9, 15, 10, 14], [11, 18, 12, 19], [13, 21, 14, 20], [15, 9, 16, 8], [17, 6, 18, 7], [19, 24, 20, 1], [4, 21, 5, 22], [23, 13, 24, 12], [1, 10, 2, 11]]"
12n_0736_87,"[[1, 10, 2, 11], [3, 16, 4, 17], [22, 5, 23, 6], [7, 2, 8, 3], [9, 15, 10, 14], [11, 18, 12, 19], [13, 21, 14, 20], [15, 9, 16, 8], [17, 6, 18, 7], [19, 24, 20, 1], [4, 21, 5, 22], [23, 13, 24, 12]]"
12n_0736_88,"[[23, 13, 24, 12], [1, 10, 2, 11], [3, 16, 4, 17], [22, 5, 23, 6], [7, 2, 8, 3], [9, 15, 10, 14], [11, 18, 12, 19], [13, 21, 14, 20], [15, 9, 16, 8], [17, 6, 18, 7], [19, 24, 20, 1], [4, 21, 5, 22]]"
12n_0736_89,"[[4, 21, 5, 22], [23, 13, 24, 12], [1, 10, 2, 11], [3, 16, 4, 17], [22, 5, 23, 6], [7, 2, 8, 3], [9, 15, 10, 14], [11, 18, 12, 19], [13, 21, 14, 20], [15, 9, 16, 8], [17, 6, 18, 7], [19, 24, 20, 1]]"
12n_0736_90,"[[19, 24, 20, 1], [4, 21, 5, 22], [23, 13, 24, 12], [1, 10, 2, 11], [3, 16, 4, 17], [22, 5, 23, 6], [7, 2, 8, 3], [9, 15, 10, 14], [11, 18, 12, 19], [13, 21, 14, 20], [15, 9, 16, 8], [17, 6, 18, 7]]"
12n_0736_91,"[[17, 6, 18, 7], [19, 24, 20, 1], [4, 21, 5, 22], [23, 13, 24, 12], [1, 10, 2, 11], [3, 16, 4, 17], [22, 5, 23, 6], [7, 2, 8, 3], [9, 15, 10, 14], [11, 18, 12, 19], [13, 21, 14, 20], [15, 9, 16, 8]]"
12n_0736_92,"[[15, 9, 16, 8], [17, 6, 18, 7], [19, 24, 20, 1], [4, 21, 5, 22], [23, 13, 24, 12], [1, 10, 2, 11], [3, 16, 4, 17], [22, 5, 23, 6], [7, 2, 8, 3], [9, 15, 10, 14], [11, 18, 12, 19], [13, 21, 14, 20]]"
12n_0736_93,"[[13, 21, 14, 20], [15, 9, 16, 8], [17, 6, 18, 7], [19, 24, 20, 1], [4, 21, 5, 22], [23, 13, 24, 12], [1, 10, 2, 11], [3, 16, 4, 17], [22, 5, 23, 6], [7, 2, 8, 3], [9, 15, 10, 14], [11, 18, 12, 19]]"
12n_0736_94,"[[11, 18, 12, 19], [13, 21, 14, 20], [15, 9, 16, 8], [17, 6, 18, 7], [19, 24, 20, 1], [4, 21, 5, 22], [23, 13, 24, 12], [1, 10, 2, 11], [3, 16, 4, 17], [22, 5, 23, 6], [7, 2, 8, 3], [9, 15, 10, 14]]"
12n_0736_95,"[[9, 15, 10, 14], [11, 18, 12, 19], [13, 21, 14, 20], [15, 9, 16, 8], [17, 6, 18, 7], [19, 24, 20, 1], [4, 21, 5, 22], [23, 13, 24, 12], [1, 10, 2, 11], [3, 16, 4, 17], [22, 5, 23, 6], [7, 2, 8, 3]]"
12n_0736_96,"[[8, 3, 9, 4], [10, 16, 11, 15], [12, 19, 13, 20], [14, 22, 15, 21], [16, 10, 17, 9], [18, 7, 19, 8], [20, 1, 21, 2], [5, 22, 6, 23], [24, 14, 1, 13], [2, 11, 3, 12], [4, 17, 5, 18], [23, 6, 24, 7]]"
12n_0736_97,"[[23, 6, 24, 7], [8, 3, 9, 4], [10, 16, 11, 15], [12, 19, 13, 20], [14, 22, 15, 21], [16, 10, 17, 9], [18, 7, 19, 8], [20, 1, 21, 2], [5, 22, 6, 23], [24, 14, 1, 13], [2, 11, 3, 12], [4, 17, 5, 18]]"
12n_0736_98,"[[4, 17, 5, 18], [23, 6, 24, 7], [8, 3, 9, 4], [10, 16, 11, 15], [12, 19, 13, 20], [14, 22, 15, 21], [16, 10, 17, 9], [18, 7, 19, 8], [20, 1, 21, 2], [5, 22, 6, 23], [24, 14, 1, 13], [2, 11, 3, 12]]"
12n_0736_99,"[[2, 11, 3, 12], [4, 17, 5, 18], [23, 6, 24, 7], [8, 3, 9, 4], [10, 16, 11, 15], [12, 19, 13, 20], [14, 22, 15, 21], [16, 10, 17, 9], [18, 7, 19, 8], [20, 1, 21, 2], [5, 22, 6, 23], [24, 14, 1, 13]]"
12n_0736_100,"[[24, 14, 1, 13], [2, 11, 3, 12], [4, 17, 5, 18], [23, 6, 24, 7], [8, 3, 9, 4], [10, 16, 11, 15], [12, 19, 13, 20], [14, 22, 15, 21], [16, 10, 17, 9], [18, 7, 19, 8], [20, 1, 21, 2], [5, 22, 6, 23]]"
12n_0736_101,"[[5, 22, 6, 23], [24, 14, 1, 13], [2, 11, 3, 12], [4, 17, 5, 18], [23, 6, 24, 7], [8, 3, 9, 4], [10, 16, 11, 15], [12, 19, 13, 20], [14, 22, 15, 21], [16, 10, 17, 9], [18, 7, 19, 8], [20, 1, 21, 2]]"
12n_0736_102,"[[20, 1, 21, 2], [5, 22, 6, 23], [24, 14, 1, 13], [2, 11, 3, 12], [4, 17, 5, 18], [23, 6, 24, 7], [8, 3, 9, 4], [10, 16, 11, 15], [12, 19, 13, 20], [14, 22, 15, 21], [16, 10, 17, 9], [18, 7, 19, 8]]"
12n_0736_103,"[[18, 7, 19, 8], [20, 1, 21, 2], [5, 22, 6, 23], [24, 14, 1, 13], [2, 11, 3, 12], [4, 17, 5, 18], [23, 6, 24, 7], [8, 3, 9, 4], [10, 16, 11, 15], [12, 19, 13, 20], [14, 22, 15, 21], [16, 10, 17, 9]]"
12n_0736_104,"[[16, 10, 17, 9], [18, 7, 19, 8], [20, 1, 21, 2], [5, 22, 6, 23], [24, 14, 1, 13], [2, 11, 3, 12], [4, 17, 5, 18], [23, 6, 24, 7], [8, 3, 9, 4], [10, 16, 11, 15], [12, 19, 13, 20], [14, 22, 15, 21]]"
12n_0736_105,"[[14, 22, 15, 21], [16, 10, 17, 9], [18, 7, 19, 8], [20, 1, 21, 2], [5, 22, 6, 23], [24, 14, 1, 13], [2, 11, 3, 12], [4, 17, 5, 18], [23, 6, 24, 7], [8, 3, 9, 4], [10, 16, 11, 15], [12, 19, 13, 20]]"
12n_0736_106,"[[12, 19, 13, 20], [14, 22, 15, 21], [16, 10, 17, 9], [18, 7, 19, 8], [20, 1, 21, 2], [5, 22, 6, 23], [24, 14, 1, 13], [2, 11, 3, 12], [4, 17, 5, 18], [23, 6, 24, 7], [8, 3, 9, 4], [10, 16, 11, 15]]"
12n_0736_107,"[[10, 16, 11, 15], [12, 19, 13, 20], [14, 22, 15, 21], [16, 10, 17, 9], [18, 7, 19, 8], [20, 1, 21, 2], [5, 22, 6, 23], [24, 14, 1, 13], [2, 11, 3, 12], [4, 17, 5, 18], [23, 6, 24, 7], [8, 3, 9, 4]]"
12n_0736_108,"[[9, 4, 10, 5], [11, 17, 12, 16], [13, 20, 14, 21], [15, 23, 16, 22], [17, 11, 18, 10], [19, 8, 20, 9], [21, 2, 22, 3], [6, 23, 7, 24], [1, 15, 2, 14], [3, 12, 4, 13], [5, 18, 6, 19], [24, 7, 1, 8]]"
12n_0736_109,"[[24, 7, 1, 8], [9, 4, 10, 5], [11, 17, 12, 16], [13, 20, 14, 21], [15, 23, 16, 22], [17, 11, 18, 10], [19, 8, 20, 9], [21, 2, 22, 3], [6, 23, 7, 24], [1, 15, 2, 14], [3, 12, 4, 13], [5, 18, 6, 19]]"
12n_0736_110,"[[5, 18, 6, 19], [24, 7, 1, 8], [9, 4, 10, 5], [11, 17, 12, 16], [13, 20, 14, 21], [15, 23, 16, 22], [17, 11, 18, 10], [19, 8, 20, 9], [21, 2, 22, 3], [6, 23, 7, 24], [1, 15, 2, 14], [3, 12, 4, 13]]"
12n_0736_111,"[[3, 12, 4, 13], [5, 18, 6, 19], [24, 7, 1, 8], [9, 4, 10, 5], [11, 17, 12, 16], [13, 20, 14, 21], [15, 23, 16, 22], [17, 11, 18, 10], [19, 8, 20, 9], [21, 2, 22, 3], [6, 23, 7, 24], [1, 15, 2, 14]]"
12n_0736_112,"[[1, 15, 2, 14], [3, 12, 4, 13], [5, 18, 6, 19], [24, 7, 1, 8], [9, 4, 10, 5], [11, 17, 12, 16], [13, 20, 14, 21], [15, 23, 16, 22], [17, 11, 18, 10], [19, 8, 20, 9], [21, 2, 22, 3], [6, 23, 7, 24]]"
12n_0736_113,"[[6, 23, 7, 24], [1, 15, 2, 14], [3, 12, 4, 13], [5, 18, 6, 19], [24, 7, 1, 8], [9, 4, 10, 5], [11, 17, 12, 16], [13, 20, 14, 21], [15, 23, 16, 22], [17, 11, 18, 10], [19, 8, 20, 9], [21, 2, 22, 3]]"
12n_0736_114,"[[21, 2, 22, 3], [6, 23, 7, 24], [1, 15, 2, 14], [3, 12, 4, 13], [5, 18, 6, 19], [24, 7, 1, 8], [9, 4, 10, 5], [11, 17, 12, 16], [13, 20, 14, 21], [15, 23, 16, 22], [17, 11, 18, 10], [19, 8, 20, 9]]"
12n_0736_115,"[[19, 8, 20, 9], [21, 2, 22, 3], [6, 23, 7, 24], [1, 15, 2, 14], [3, 12, 4, 13], [5, 18, 6, 19], [24, 7, 1, 8], [9, 4, 10, 5], [11, 17, 12, 16], [13, 20, 14, 21], [15, 23, 16, 22], [17, 11, 18, 10]]"
12n_0736_116,"[[17, 11, 18, 10], [19, 8, 20, 9], [21, 2, 22, 3], [6, 23, 7, 24], [1, 15, 2, 14], [3, 12, 4, 13], [5, 18, 6, 19], [24, 7, 1, 8], [9, 4, 10, 5], [11, 17, 12, 16], [13, 20, 14, 21], [15, 23, 16, 22]]"
12n_0736_117,"[[15, 23, 16, 22], [17, 11, 18, 10], [19, 8, 20, 9], [21, 2, 22, 3], [6, 23, 7, 24], [1, 15, 2, 14], [3, 12, 4, 13], [5, 18, 6, 19], [24, 7, 1, 8], [9, 4, 10, 5], [11, 17, 12, 16], [13, 20, 14, 21]]"
12n_0736_118,"[[13, 20, 14, 21], [15, 23, 16, 22], [17, 11, 18, 10], [19, 8, 20, 9], [21, 2, 22, 3], [6, 23, 7, 24], [1, 15, 2, 14], [3, 12, 4, 13], [5, 18, 6, 19], [24, 7, 1, 8], [9, 4, 10, 5], [11, 17, 12, 16]]"
12n_0736_119,"[[11, 17, 12, 16], [13, 20, 14, 21], [15, 23, 16, 22], [17, 11, 18, 10], [19, 8, 20, 9], [21, 2, 22, 3], [6, 23, 7, 24], [1, 15, 2, 14], [3, 12, 4, 13], [5, 18, 6, 19], [24, 7, 1, 8], [9, 4, 10, 5]]"
12n_0736_120,"[[10, 5, 11, 6], [12, 18, 13, 17], [14, 21, 15, 22], [16, 24, 17, 23], [18, 12, 19, 11], [20, 9, 21, 10], [22, 3, 23, 4], [7, 24, 8, 1], [2, 16, 3, 15], [4, 13, 5, 14], [6, 19, 7, 20], [1, 8, 2, 9]]"
12n_0736_121,"[[1, 8, 2, 9], [10, 5, 11, 6], [12, 18, 13, 17], [14, 21, 15, 22], [16, 24, 17, 23], [18, 12, 19, 11], [20, 9, 21, 10], [22, 3, 23, 4], [7, 24, 8, 1], [2, 16, 3, 15], [4, 13, 5, 14], [6, 19, 7, 20]]"
12n_0736_122,"[[6, 19, 7, 20], [1, 8, 2, 9], [10, 5, 11, 6], [12, 18, 13, 17], [14, 21, 15, 22], [16, 24, 17, 23], [18, 12, 19, 11], [20, 9, 21, 10], [22, 3, 23, 4], [7, 24, 8, 1], [2, 16, 3, 15], [4, 13, 5, 14]]"
12n_0736_123,"[[4, 13, 5, 14], [6, 19, 7, 20], [1, 8, 2, 9], [10, 5, 11, 6], [12, 18, 13, 17], [14, 21, 15, 22], [16, 24, 17, 23], [18, 12, 19, 11], [20, 9, 21, 10], [22, 3, 23, 4], [7, 24, 8, 1], [2, 16, 3, 15]]"
12n_0736_124,"[[2, 16, 3, 15], [4, 13, 5, 14], [6, 19, 7, 20], [1, 8, 2, 9], [10, 5, 11, 6], [12, 18, 13, 17], [14, 21, 15, 22], [16, 24, 17, 23], [18, 12, 19, 11], [20, 9, 21, 10], [22, 3, 23, 4], [7, 24, 8, 1]]"
12n_0736_125,"[[7, 24, 8, 1], [2, 16, 3, 15], [4, 13, 5, 14], [6, 19, 7, 20], [1, 8, 2, 9], [10, 5, 11, 6], [12, 18, 13, 17], [14, 21, 15, 22], [16, 24, 17, 23], [18, 12, 19, 11], [20, 9, 21, 10], [22, 3, 23, 4]]"
12n_0736_126,"[[22, 3, 23, 4], [7, 24, 8, 1], [2, 16, 3, 15], [4, 13, 5, 14], [6, 19, 7, 20], [1, 8, 2, 9], [10, 5, 11, 6], [12, 18, 13, 17], [14, 21, 15, 22], [16, 24, 17, 23], [18, 12, 19, 11], [20, 9, 21, 10]]"
12n_0736_127,"[[20, 9, 21, 10], [22, 3, 23, 4], [7, 24, 8, 1], [2, 16, 3, 15], [4, 13, 5, 14], [6, 19, 7, 20], [1, 8, 2, 9], [10, 5, 11, 6], [12, 18, 13, 17], [14, 21, 15, 22], [16, 24, 17, 23], [18, 12, 19, 11]]"
12n_0736_128,"[[18, 12, 19, 11], [20, 9, 21, 10], [22, 3, 23, 4], [7, 24, 8, 1], [2, 16, 3, 15], [4, 13, 5, 14], [6, 19, 7, 20], [1, 8, 2, 9], [10, 5, 11, 6], [12, 18, 13, 17], [14, 21, 15, 22], [16, 24, 17, 23]]"
12n_0736_129,"[[16, 24, 17, 23], [18, 12, 19, 11], [20, 9, 21, 10], [22, 3, 23, 4], [7, 24, 8, 1], [2, 16, 3, 15], [4, 13, 5, 14], [6, 19, 7, 20], [1, 8, 2, 9], [10, 5, 11, 6], [12, 18, 13, 17], [14, 21, 15, 22]]"
12n_0736_130,"[[14, 21, 15, 22], [16, 24, 17, 23], [18, 12, 19, 11], [20, 9, 21, 10], [22, 3, 23, 4], [7, 24, 8, 1], [2, 16, 3, 15], [4, 13, 5, 14], [6, 19, 7, 20], [1, 8, 2, 9], [10, 5, 11, 6], [12, 18, 13, 17]]"
12n_0736_131,"[[12, 18, 13, 17], [14, 21, 15, 22], [16, 24, 17, 23], [18, 12, 19, 11], [20, 9, 21, 10], [22, 3, 23, 4], [7, 24, 8, 1], [2, 16, 3, 15], [4, 13, 5, 14], [6, 19, 7, 20], [1, 8, 2, 9], [10, 5, 11, 6]]"
12n_0736_132,"[[11, 6, 12, 7], [13, 19, 14, 18], [15, 22, 16, 23], [17, 1, 18, 24], [19, 13, 20, 12], [21, 10, 22, 11], [23, 4, 24, 5], [8, 1, 9, 2], [3, 17, 4, 16], [5, 14, 6, 15], [7, 20, 8, 21], [2, 9, 3, 10]]"
12n_0736_133,"[[2, 9, 3, 10], [11, 6, 12, 7], [13, 19, 14, 18], [15, 22, 16, 23], [17, 1, 18, 24], [19, 13, 20, 12], [21, 10, 22, 11], [23, 4, 24, 5], [8, 1, 9, 2], [3, 17, 4, 16], [5, 14, 6, 15], [7, 20, 8, 21]]"
12n_0736_134,"[[7, 20, 8, 21], [2, 9, 3, 10], [11, 6, 12, 7], [13, 19, 14, 18], [15, 22, 16, 23], [17, 1, 18, 24], [19, 13, 20, 12], [21, 10, 22, 11], [23, 4, 24, 5], [8, 1, 9, 2], [3, 17, 4, 16], [5, 14, 6, 15]]"
12n_0736_135,"[[5, 14, 6, 15], [7, 20, 8, 21], [2, 9, 3, 10], [11, 6, 12, 7], [13, 19, 14, 18], [15, 22, 16, 23], [17, 1, 18, 24], [19, 13, 20, 12], [21, 10, 22, 11], [23, 4, 24, 5], [8, 1, 9, 2], [3, 17, 4, 16]]"
12n_0736_136,"[[3, 17, 4, 16], [5, 14, 6, 15], [7, 20, 8, 21], [2, 9, 3, 10], [11, 6, 12, 7], [13, 19, 14, 18], [15, 22, 16, 23], [17, 1, 18, 24], [19, 13, 20, 12], [21, 10, 22, 11], [23, 4, 24, 5], [8, 1, 9, 2]]"
12n_0736_137,"[[8, 1, 9, 2], [3, 17, 4, 16], [5, 14, 6, 15], [7, 20, 8, 21], [2, 9, 3, 10], [11, 6, 12, 7], [13, 19, 14, 18], [15, 22, 16, 23], [17, 1, 18, 24], [19, 13, 20, 12], [21, 10, 22, 11], [23, 4, 24, 5]]"
12n_0736_138,"[[23, 4, 24, 5], [8, 1, 9, 2], [3, 17, 4, 16], [5, 14, 6, 15], [7, 20, 8, 21], [2, 9, 3, 10], [11, 6, 12, 7], [13, 19, 14, 18], [15, 22, 16, 23], [17, 1, 18, 24], [19, 13, 20, 12], [21, 10, 22, 11]]"
12n_0736_139,"[[21, 10, 22, 11], [23, 4, 24, 5], [8, 1, 9, 2], [3, 17, 4, 16], [5, 14, 6, 15], [7, 20, 8, 21], [2, 9, 3, 10], [11, 6, 12, 7], [13, 19, 14, 18], [15, 22, 16, 23], [17, 1, 18, 24], [19, 13, 20, 12]]"
12n_0736_140,"[[19, 13, 20, 12], [21, 10, 22, 11], [23, 4, 24, 5], [8, 1, 9, 2], [3, 17, 4, 16], [5, 14, 6, 15], [7, 20, 8, 21], [2, 9, 3, 10], [11, 6, 12, 7], [13, 19, 14, 18], [15, 22, 16, 23], [17, 1, 18, 24]]"
12n_0736_141,"[[17, 1, 18, 24], [19, 13, 20, 12], [21, 10, 22, 11], [23, 4, 24, 5], [8, 1, 9, 2], [3, 17, 4, 16], [5, 14, 6, 15], [7, 20, 8, 21], [2, 9, 3, 10], [11, 6, 12, 7], [13, 19, 14, 18], [15, 22, 16, 23]]"
12n_0736_142,"[[15, 22, 16, 23], [17, 1, 18, 24], [19, 13, 20, 12], [21, 10, 22, 11], [23, 4, 24, 5], [8, 1, 9, 2], [3, 17, 4, 16], [5, 14, 6, 15], [7, 20, 8, 21], [2, 9, 3, 10], [11, 6, 12, 7], [13, 19, 14, 18]]"
12n_0736_143,"[[13, 19, 14, 18], [15, 22, 16, 23], [17, 1, 18, 24], [19, 13, 20, 12], [21, 10, 22, 11], [23, 4, 24, 5], [8, 1, 9, 2], [3, 17, 4, 16], [5, 14, 6, 15], [7, 20, 8, 21], [2, 9, 3, 10], [11, 6, 12, 7]]"
12n_0736_144,"[[12, 7, 13, 8], [14, 20, 15, 19], [16, 23, 17, 24], [18, 2, 19, 1], [20, 14, 21, 13], [22, 11, 23, 12], [24, 5, 1, 6], [9, 2, 10, 3], [4, 18, 5, 17], [6, 15, 7, 16], [8, 21, 9, 22], [3, 10, 4, 11]]"
12n_0736_145,"[[3, 10, 4, 11], [12, 7, 13, 8], [14, 20, 15, 19], [16, 23, 17, 24], [18, 2, 19, 1], [20, 14, 21, 13], [22, 11, 23, 12], [24, 5, 1, 6], [9, 2, 10, 3], [4, 18, 5, 17], [6, 15, 7, 16], [8, 21, 9, 22]]"
12n_0736_146,"[[8, 21, 9, 22], [3, 10, 4, 11], [12, 7, 13, 8], [14, 20, 15, 19], [16, 23, 17, 24], [18, 2, 19, 1], [20, 14, 21, 13], [22, 11, 23, 12], [24, 5, 1, 6], [9, 2, 10, 3], [4, 18, 5, 17], [6, 15, 7, 16]]"
12n_0736_147,"[[6, 15, 7, 16], [8, 21, 9, 22], [3, 10, 4, 11], [12, 7, 13, 8], [14, 20, 15, 19], [16, 23, 17, 24], [18, 2, 19, 1], [20, 14, 21, 13], [22, 11, 23, 12], [24, 5, 1, 6], [9, 2, 10, 3], [4, 18, 5, 17]]"
12n_0736_148,"[[4, 18, 5, 17], [6, 15, 7, 16], [8, 21, 9, 22], [3, 10, 4, 11], [12, 7, 13, 8], [14, 20, 15, 19], [16, 23, 17, 24], [18, 2, 19, 1], [20, 14, 21, 13], [22, 11, 23, 12], [24, 5, 1, 6], [9, 2, 10, 3]]"
12n_0736_149,"[[9, 2, 10, 3], [4, 18, 5, 17], [6, 15, 7, 16], [8, 21, 9, 22], [3, 10, 4, 11], [12, 7, 13, 8], [14, 20, 15, 19], [16, 23, 17, 24], [18, 2, 19, 1], [20, 14, 21, 13], [22, 11, 23, 12], [24, 5, 1, 6]]"
12n_0736_150,"[[24, 5, 1, 6], [9, 2, 10, 3], [4, 18, 5, 17], [6, 15, 7, 16], [8, 21, 9, 22], [3, 10, 4, 11], [12, 7, 13, 8], [14, 20, 15, 19], [16, 23, 17, 24], [18, 2, 19, 1], [20, 14, 21, 13], [22, 11, 23, 12]]"
12n_0736_151,"[[22, 11, 23, 12], [24, 5, 1, 6], [9, 2, 10, 3], [4, 18, 5, 17], [6, 15, 7, 16], [8, 21, 9, 22], [3, 10, 4, 11], [12, 7, 13, 8], [14, 20, 15, 19], [16, 23, 17, 24], [18, 2, 19, 1], [20, 14, 21, 13]]"
12n_0736_152,"[[20, 14, 21, 13], [22, 11, 23, 12], [24, 5, 1, 6], [9, 2, 10, 3], [4, 18, 5, 17], [6, 15, 7, 16], [8, 21, 9, 22], [3, 10, 4, 11], [12, 7, 13, 8], [14, 20, 15, 19], [16, 23, 17, 24], [18, 2, 19, 1]]"
12n_0736_153,"[[18, 2, 19, 1], [20, 14, 21, 13], [22, 11, 23, 12], [24, 5, 1, 6], [9, 2, 10, 3], [4, 18, 5, 17], [6, 15, 7, 16], [8, 21, 9, 22], [3, 10, 4, 11], [12, 7, 13, 8], [14, 20, 15, 19], [16, 23, 17, 24]]"
12n_0736_154,"[[16, 23, 17, 24], [18, 2, 19, 1], [20, 14, 21, 13], [22, 11, 23, 12], [24, 5, 1, 6], [9, 2, 10, 3], [4, 18, 5, 17], [6, 15, 7, 16], [8, 21, 9, 22], [3, 10, 4, 11], [12, 7, 13, 8], [14, 20, 15, 19]]"
12n_0736_155,"[[14, 20, 15, 19], [16, 23, 17, 24], [18, 2, 19, 1], [20, 14, 21, 13], [22, 11, 23, 12], [24, 5, 1, 6], [9, 2, 10, 3], [4, 18, 5, 17], [6, 15, 7, 16], [8, 21, 9, 22], [3, 10, 4, 11], [12, 7, 13, 8]]"
12n_0736_156,"[[13, 8, 14, 9], [15, 21, 16, 20], [17, 24, 18, 1], [19, 3, 20, 2], [21, 15, 22, 14], [23, 12, 24, 13], [1, 6, 2, 7], [10, 3, 11, 4], [5, 19, 6, 18], [7, 16, 8, 17], [9, 22, 10, 23], [4, 11, 5, 12]]"
12n_0736_157,"[[4, 11, 5, 12], [13, 8, 14, 9], [15, 21, 16, 20], [17, 24, 18, 1], [19, 3, 20, 2], [21, 15, 22, 14], [23, 12, 24, 13], [1, 6, 2, 7], [10, 3, 11, 4], [5, 19, 6, 18], [7, 16, 8, 17], [9, 22, 10, 23]]"
12n_0736_158,"[[9, 22, 10, 23], [4, 11, 5, 12], [13, 8, 14, 9], [15, 21, 16, 20], [17, 24, 18, 1], [19, 3, 20, 2], [21, 15, 22, 14], [23, 12, 24, 13], [1, 6, 2, 7], [10, 3, 11, 4], [5, 19, 6, 18], [7, 16, 8, 17]]"
12n_0736_159,"[[7, 16, 8, 17], [9, 22, 10, 23], [4, 11, 5, 12], [13, 8, 14, 9], [15, 21, 16, 20], [17, 24, 18, 1], [19, 3, 20, 2], [21, 15, 22, 14], [23, 12, 24, 13], [1, 6, 2, 7], [10, 3, 11, 4], [5, 19, 6, 18]]"
12n_0736_160,"[[5, 19, 6, 18], [7, 16, 8, 17], [9, 22, 10, 23], [4, 11, 5, 12], [13, 8, 14, 9], [15, 21, 16, 20], [17, 24, 18, 1], [19, 3, 20, 2], [21, 15, 22, 14], [23, 12, 24, 13], [1, 6, 2, 7], [10, 3, 11, 4]]"
12n_0736_161,"[[10, 3, 11, 4], [5, 19, 6, 18], [7, 16, 8, 17], [9, 22, 10, 23], [4, 11, 5, 12], [13, 8, 14, 9], [15, 21, 16, 20], [17, 24, 18, 1], [19, 3, 20, 2], [21, 15, 22, 14], [23, 12, 24, 13], [1, 6, 2, 7]]"
12n_0736_162,"[[1, 6, 2, 7], [10, 3, 11, 4], [5, 19, 6, 18], [7, 16, 8, 17], [9, 22, 10, 23], [4, 11, 5, 12], [13, 8, 14, 9], [15, 21, 16, 20], [17, 24, 18, 1], [19, 3, 20, 2], [21, 15, 22, 14], [23, 12, 24, 13]]"
12n_0736_163,"[[23, 12, 24, 13], [1, 6, 2, 7], [10, 3, 11, 4], [5, 19, 6, 18], [7, 16, 8, 17], [9, 22, 10, 23], [4, 11, 5, 12], [13, 8, 14, 9], [15, 21, 16, 20], [17, 24, 18, 1], [19, 3, 20, 2], [21, 15, 22, 14]]"
12n_0736_164,"[[21, 15, 22, 14], [23, 12, 24, 13], [1, 6, 2, 7], [10, 3, 11, 4], [5, 19, 6, 18], [7, 16, 8, 17], [9, 22, 10, 23], [4, 11, 5, 12], [13, 8, 14, 9], [15, 21, 16, 20], [17, 24, 18, 1], [19, 3, 20, 2]]"
12n_0736_165,"[[19, 3, 20, 2], [21, 15, 22, 14], [23, 12, 24, 13], [1, 6, 2, 7], [10, 3, 11, 4], [5, 19, 6, 18], [7, 16, 8, 17], [9, 22, 10, 23], [4, 11, 5, 12], [13, 8, 14, 9], [15, 21, 16, 20], [17, 24, 18, 1]]"
12n_0736_166,"[[17, 24, 18, 1], [19, 3, 20, 2], [21, 15, 22, 14], [23, 12, 24, 13], [1, 6, 2, 7], [10, 3, 11, 4], [5, 19, 6, 18], [7, 16, 8, 17], [9, 22, 10, 23], [4, 11, 5, 12], [13, 8, 14, 9], [15, 21, 16, 20]]"
12n_0736_167,"[[15, 21, 16, 20], [17, 24, 18, 1], [19, 3, 20, 2], [21, 15, 22, 14], [23, 12, 24, 13], [1, 6, 2, 7], [10, 3, 11, 4], [5, 19, 6, 18], [7, 16, 8, 17], [9, 22, 10, 23], [4, 11, 5, 12], [13, 8, 14, 9]]"
12n_0736_168,"[[14, 9, 15, 10], [16, 22, 17, 21], [18, 1, 19, 2], [20, 4, 21, 3], [22, 16, 23, 15], [24, 13, 1, 14], [2, 7, 3, 8], [11, 4, 12, 5], [6, 20, 7, 19], [8, 17, 9, 18], [10, 23, 11, 24], [5, 12, 6, 13]]"
12n_0736_169,"[[5, 12, 6, 13], [14, 9, 15, 10], [16, 22, 17, 21], [18, 1, 19, 2], [20, 4, 21, 3], [22, 16, 23, 15], [24, 13, 1, 14], [2, 7, 3, 8], [11, 4, 12, 5], [6, 20, 7, 19], [8, 17, 9, 18], [10, 23, 11, 24]]"
12n_0736_170,"[[10, 23, 11, 24], [5, 12, 6, 13], [14, 9, 15, 10], [16, 22, 17, 21], [18, 1, 19, 2], [20, 4, 21, 3], [22, 16, 23, 15], [24, 13, 1, 14], [2, 7, 3, 8], [11, 4, 12, 5], [6, 20, 7, 19], [8, 17, 9, 18]]"
12n_0736_171,"[[8, 17, 9, 18], [10, 23, 11, 24], [5, 12, 6, 13], [14, 9, 15, 10], [16, 22, 17, 21], [18, 1, 19, 2], [20, 4, 21, 3], [22, 16, 23, 15], [24, 13, 1, 14], [2, 7, 3, 8], [11, 4, 12, 5], [6, 20, 7, 19]]"
12n_0736_172,"[[6, 20, 7, 19], [8, 17, 9, 18], [10, 23, 11, 24], [5, 12, 6, 13], [14, 9, 15, 10], [16, 22, 17, 21], [18, 1, 19, 2], [20, 4, 21, 3], [22, 16, 23, 15], [24, 13, 1, 14], [2, 7, 3, 8], [11, 4, 12, 5]]"
12n_0736_173,"[[11, 4, 12, 5], [6, 20, 7, 19], [8, 17, 9, 18], [10, 23, 11, 24], [5, 12, 6, 13], [14, 9, 15, 10], [16, 22, 17, 21], [18, 1, 19, 2], [20, 4, 21, 3], [22, 16, 23, 15], [24, 13, 1, 14], [2, 7, 3, 8]]"
12n_0736_174,"[[2, 7, 3, 8], [11, 4, 12, 5], [6, 20, 7, 19], [8, 17, 9, 18], [10, 23, 11, 24], [5, 12, 6, 13], [14, 9, 15, 10], [16, 22, 17, 21], [18, 1, 19, 2], [20, 4, 21, 3], [22, 16, 23, 15], [24, 13, 1, 14]]"
12n_0736_175,"[[24, 13, 1, 14], [2, 7, 3, 8], [11, 4, 12, 5], [6, 20, 7, 19], [8, 17, 9, 18], [10, 23, 11, 24], [5, 12, 6, 13], [14, 9, 15, 10], [16, 22, 17, 21], [18, 1, 19, 2], [20, 4, 21, 3], [22, 16, 23, 15]]"
12n_0736_176,"[[22, 16, 23, 15], [24, 13, 1, 14], [2, 7, 3, 8], [11, 4, 12, 5], [6, 20, 7, 19], [8, 17, 9, 18], [10, 23, 11, 24], [5, 12, 6, 13], [14, 9, 15, 10], [16, 22, 17, 21], [18, 1, 19, 2], [20, 4, 21, 3]]"
12n_0736_177,"[[20, 4, 21, 3], [22, 16, 23, 15], [24, 13, 1, 14], [2, 7, 3, 8], [11, 4, 12, 5], [6, 20, 7, 19], [8, 17, 9, 18], [10, 23, 11, 24], [5, 12, 6, 13], [14, 9, 15, 10], [16, 22, 17, 21], [18, 1, 19, 2]]"
12n_0736_178,"[[18, 1, 19, 2], [20, 4, 21, 3], [22, 16, 23, 15], [24, 13, 1, 14], [2, 7, 3, 8], [11, 4, 12, 5], [6, 20, 7, 19], [8, 17, 9, 18], [10, 23, 11, 24], [5, 12, 6, 13], [14, 9, 15, 10], [16, 22, 17, 21]]"
12n_0736_179,"[[16, 22, 17, 21], [18, 1, 19, 2], [20, 4, 21, 3], [22, 16, 23, 15], [24, 13, 1, 14], [2, 7, 3, 8], [11, 4, 12, 5], [6, 20, 7, 19], [8, 17, 9, 18], [10, 23, 11, 24], [5, 12, 6, 13], [14, 9, 15, 10]]"
12n_0736_180,"[[15, 10, 16, 11], [17, 23, 18, 22], [19, 2, 20, 3], [21, 5, 22, 4], [23, 17, 24, 16], [1, 14, 2, 15], [3, 8, 4, 9], [12, 5, 13, 6], [7, 21, 8, 20], [9, 18, 10, 19], [11, 24, 12, 1], [6, 13, 7, 14]]"
12n_0736_181,"[[6, 13, 7, 14], [15, 10, 16, 11], [17, 23, 18, 22], [19, 2, 20, 3], [21, 5, 22, 4], [23, 17, 24, 16], [1, 14, 2, 15], [3, 8, 4, 9], [12, 5, 13, 6], [7, 21, 8, 20], [9, 18, 10, 19], [11, 24, 12, 1]]"
12n_0736_182,"[[11, 24, 12, 1], [6, 13, 7, 14], [15, 10, 16, 11], [17, 23, 18, 22], [19, 2, 20, 3], [21, 5, 22, 4], [23, 17, 24, 16], [1, 14, 2, 15], [3, 8, 4, 9], [12, 5, 13, 6], [7, 21, 8, 20], [9, 18, 10, 19]]"
12n_0736_183,"[[9, 18, 10, 19], [11, 24, 12, 1], [6, 13, 7, 14], [15, 10, 16, 11], [17, 23, 18, 22], [19, 2, 20, 3], [21, 5, 22, 4], [23, 17, 24, 16], [1, 14, 2, 15], [3, 8, 4, 9], [12, 5, 13, 6], [7, 21, 8, 20]]"
12n_0736_184,"[[7, 21, 8, 20], [9, 18, 10, 19], [11, 24, 12, 1], [6, 13, 7, 14], [15, 10, 16, 11], [17, 23, 18, 22], [19, 2, 20, 3], [21, 5, 22, 4], [23, 17, 24, 16], [1, 14, 2, 15], [3, 8, 4, 9], [12, 5, 13, 6]]"
12n_0736_185,"[[12, 5, 13, 6], [7, 21, 8, 20], [9, 18, 10, 19], [11, 24, 12, 1], [6, 13, 7, 14], [15, 10, 16, 11], [17, 23, 18, 22], [19, 2, 20, 3], [21, 5, 22, 4], [23, 17, 24, 16], [1, 14, 2, 15], [3, 8, 4, 9]]"
