name,pd_notation
12n_0745_0,"[[24, 9, 1, 10], [2, 8, 3, 7], [11, 5, 12, 4], [6, 16, 7, 15], [8, 17, 9, 18], [10, 23, 11, 24], [21, 12, 22, 13], [19, 14, 20, 15], [16, 1, 17, 2], [18, 4, 19, 3], [13, 20, 14, 21], [5, 23, 6, 22]]"
12n_0745_1,"[[5, 23, 6, 22], [24, 9, 1, 10], [2, 8, 3, 7], [11, 5, 12, 4], [6, 16, 7, 15], [8, 17, 9, 18], [10, 23, 11, 24], [21, 12, 22, 13], [19, 14, 20, 15], [16, 1, 17, 2], [18, 4, 19, 3], [13, 20, 14, 21]]"
12n_0745_2,"[[13, 20, 14, 21], [5, 23, 6, 22], [24, 9, 1, 10], [2, 8, 3, 7], [11, 5, 12, 4], [6, 16, 7, 15], [8, 17, 9, 18], [10, 23, 11, 24], [21, 12, 22, 13], [19, 14, 20, 15], [16, 1, 17, 2], [18, 4, 19, 3]]"
12n_0745_3,"[[18, 4, 19, 3], [13, 20, 14, 21], [5, 23, 6, 22], [24, 9, 1, 10], [2, 8, 3, 7], [11, 5, 12, 4], [6, 16, 7, 15], [8, 17, 9, 18], [10, 23, 11, 24], [21, 12, 22, 13], [19, 14, 20, 15], [16, 1, 17, 2]]"
12n_0745_4,"[[16, 1, 17, 2], [18, 4, 19, 3], [13, 20, 14, 21], [5, 23, 6, 22], [24, 9, 1, 10], [2, 8, 3, 7], [11, 5, 12, 4], [6, 16, 7, 15], [8, 17, 9, 18], [10, 23, 11, 24], [21, 12, 22, 13], [19, 14, 20, 15]]"
12n_0745_5,"[[19, 14, 20, 15], [16, 1, 17, 2], [18, 4, 19, 3], [13, 20, 14, 21], [5, 23, 6, 22], [24, 9, 1, 10], [2, 8, 3, 7], [11, 5, 12, 4], [6, 16, 7, 15], [8, 17, 9, 18], [10, 23, 11, 24], [21, 12, 22, 13]]"
12n_0745_6,"[[21, 12, 22, 13], [19, 14, 20, 15], [16, 1, 17, 2], [18, 4, 19, 3], [13, 20, 14, 21], [5, 23, 6, 22], [24, 9, 1, 10], [2, 8, 3, 7], [11, 5, 12, 4], [6, 16, 7, 15], [8, 17, 9, 18], [10, 23, 11, 24]]"
12n_0745_7,"[[10, 23, 11, 24], [21, 12, 22, 13], [19, 14, 20, 15], [16, 1, 17, 2], [18, 4, 19, 3], [13, 20, 14, 21], [5, 23, 6, 22], [24, 9, 1, 10], [2, 8, 3, 7], [11, 5, 12, 4], [6, 16, 7, 15], [8, 17, 9, 18]]"
12n_0745_8,"[[8, 17, 9, 18], [10, 23, 11, 24], [21, 12, 22, 13], [19, 14, 20, 15], [16, 1, 17, 2], [18, 4, 19, 3], [13, 20, 14, 21], [5, 23, 6, 22], [24, 9, 1, 10], [2, 8, 3, 7], [11, 5, 12, 4], [6, 16, 7, 15]]"
12n_0745_9,"[[6, 16, 7, 15], [8, 17, 9, 18], [10, 23, 11, 24], [21, 12, 22, 13], [19, 14, 20, 15], [16, 1, 17, 2], [18, 4, 19, 3], [13, 20, 14, 21], [5, 23, 6, 22], [24, 9, 1, 10], [2, 8, 3, 7], [11, 5, 12, 4]]"
12n_0745_10,"[[11, 5, 12, 4], [6, 16, 7, 15], [8, 17, 9, 18], [10, 23, 11, 24], [21, 12, 22, 13], [19, 14, 20, 15], [16, 1, 17, 2], [18, 4, 19, 3], [13, 20, 14, 21], [5, 23, 6, 22], [24, 9, 1, 10], [2, 8, 3, 7]]"
12n_0745_11,"[[2, 8, 3, 7], [11, 5, 12, 4], [6, 16, 7, 15], [8, 17, 9, 18], [10, 23, 11, 24], [21, 12, 22, 13], [19, 14, 20, 15], [16, 1, 17, 2], [18, 4, 19, 3], [13, 20, 14, 21], [5, 23, 6, 22], [24, 9, 1, 10]]"
12n_0745_12,"[[1, 10, 2, 11], [3, 9, 4, 8], [12, 6, 13, 5], [7, 17, 8, 16], [9, 18, 10, 19], [11, 24, 12, 1], [22, 13, 23, 14], [20, 15, 21, 16], [17, 2, 18, 3], [19, 5, 20, 4], [14, 21, 15, 22], [6, 24, 7, 23]]"
12n_0745_13,"[[6, 24, 7, 23], [1, 10, 2, 11], [3, 9, 4, 8], [12, 6, 13, 5], [7, 17, 8, 16], [9, 18, 10, 19], [11, 24, 12, 1], [22, 13, 23, 14], [20, 15, 21, 16], [17, 2, 18, 3], [19, 5, 20, 4], [14, 21, 15, 22]]"
12n_0745_14,"[[14, 21, 15, 22], [6, 24, 7, 23], [1, 10, 2, 11], [3, 9, 4, 8], [12, 6, 13, 5], [7, 17, 8, 16], [9, 18, 10, 19], [11, 24, 12, 1], [22, 13, 23, 14], [20, 15, 21, 16], [17, 2, 18, 3], [19, 5, 20, 4]]"
12n_0745_15,"[[19, 5, 20, 4], [14, 21, 15, 22], [6, 24, 7, 23], [1, 10, 2, 11], [3, 9, 4, 8], [12, 6, 13, 5], [7, 17, 8, 16], [9, 18, 10, 19], [11, 24, 12, 1], [22, 13, 23, 14], [20, 15, 21, 16], [17, 2, 18, 3]]"
12n_0745_16,"[[17, 2, 18, 3], [19, 5, 20, 4], [14, 21, 15, 22], [6, 24, 7, 23], [1, 10, 2, 11], [3, 9, 4, 8], [12, 6, 13, 5], [7, 17, 8, 16], [9, 18, 10, 19], [11, 24, 12, 1], [22, 13, 23, 14], [20, 15, 21, 16]]"
12n_0745_17,"[[20, 15, 21, 16], [17, 2, 18, 3], [19, 5, 20, 4], [14, 21, 15, 22], [6, 24, 7, 23], [1, 10, 2, 11], [3, 9, 4, 8], [12, 6, 13, 5], [7, 17, 8, 16], [9, 18, 10, 19], [11, 24, 12, 1], [22, 13, 23, 14]]"
12n_0745_18,"[[22, 13, 23, 14], [20, 15, 21, 16], [17, 2, 18, 3], [19, 5, 20, 4], [14, 21, 15, 22], [6, 24, 7, 23], [1, 10, 2, 11], [3, 9, 4, 8], [12, 6, 13, 5], [7, 17, 8, 16], [9, 18, 10, 19], [11, 24, 12, 1]]"
12n_0745_19,"[[11, 24, 12, 1], [22, 13, 23, 14], [20, 15, 21, 16], [17, 2, 18, 3], [19, 5, 20, 4], [14, 21, 15, 22], [6, 24, 7, 23], [1, 10, 2, 11], [3, 9, 4, 8], [12, 6, 13, 5], [7, 17, 8, 16], [9, 18, 10, 19]]"
12n_0745_20,"[[9, 18, 10, 19], [11, 24, 12, 1], [22, 13, 23, 14], [20, 15, 21, 16], [17, 2, 18, 3], [19, 5, 20, 4], [14, 21, 15, 22], [6, 24, 7, 23], [1, 10, 2, 11], [3, 9, 4, 8], [12, 6, 13, 5], [7, 17, 8, 16]]"
12n_0745_21,"[[7, 17, 8, 16], [9, 18, 10, 19], [11, 24, 12, 1], [22, 13, 23, 14], [20, 15, 21, 16], [17, 2, 18, 3], [19, 5, 20, 4], [14, 21, 15, 22], [6, 24, 7, 23], [1, 10, 2, 11], [3, 9, 4, 8], [12, 6, 13, 5]]"
12n_0745_22,"[[12, 6, 13, 5], [7, 17, 8, 16], [9, 18, 10, 19], [11, 24, 12, 1], [22, 13, 23, 14], [20, 15, 21, 16], [17, 2, 18, 3], [19, 5, 20, 4], [14, 21, 15, 22], [6, 24, 7, 23], [1, 10, 2, 11], [3, 9, 4, 8]]"
12n_0745_23,"[[3, 9, 4, 8], [12, 6, 13, 5], [7, 17, 8, 16], [9, 18, 10, 19], [11, 24, 12, 1], [22, 13, 23, 14], [20, 15, 21, 16], [17, 2, 18, 3], [19, 5, 20, 4], [14, 21, 15, 22], [6, 24, 7, 23], [1, 10, 2, 11]]"
12n_0745_24,"[[2, 11, 3, 12], [4, 10, 5, 9], [13, 7, 14, 6], [8, 18, 9, 17], [10, 19, 11, 20], [12, 1, 13, 2], [23, 14, 24, 15], [21, 16, 22, 17], [18, 3, 19, 4], [20, 6, 21, 5], [15, 22, 16, 23], [7, 1, 8, 24]]"
12n_0745_25,"[[7, 1, 8, 24], [2, 11, 3, 12], [4, 10, 5, 9], [13, 7, 14, 6], [8, 18, 9, 17], [10, 19, 11, 20], [12, 1, 13, 2], [23, 14, 24, 15], [21, 16, 22, 17], [18, 3, 19, 4], [20, 6, 21, 5], [15, 22, 16, 23]]"
12n_0745_26,"[[15, 22, 16, 23], [7, 1, 8, 24], [2, 11, 3, 12], [4, 10, 5, 9], [13, 7, 14, 6], [8, 18, 9, 17], [10, 19, 11, 20], [12, 1, 13, 2], [23, 14, 24, 15], [21, 16, 22, 17], [18, 3, 19, 4], [20, 6, 21, 5]]"
12n_0745_27,"[[20, 6, 21, 5], [15, 22, 16, 23], [7, 1, 8, 24], [2, 11, 3, 12], [4, 10, 5, 9], [13, 7, 14, 6], [8, 18, 9, 17], [10, 19, 11, 20], [12, 1, 13, 2], [23, 14, 24, 15], [21, 16, 22, 17], [18, 3, 19, 4]]"
12n_0745_28,"[[18, 3, 19, 4], [20, 6, 21, 5], [15, 22, 16, 23], [7, 1, 8, 24], [2, 11, 3, 12], [4, 10, 5, 9], [13, 7, 14, 6], [8, 18, 9, 17], [10, 19, 11, 20], [12, 1, 13, 2], [23, 14, 24, 15], [21, 16, 22, 17]]"
12n_0745_29,"[[21, 16, 22, 17], [18, 3, 19, 4], [20, 6, 21, 5], [15, 22, 16, 23], [7, 1, 8, 24], [2, 11, 3, 12], [4, 10, 5, 9], [13, 7, 14, 6], [8, 18, 9, 17], [10, 19, 11, 20], [12, 1, 13, 2], [23, 14, 24, 15]]"
12n_0745_30,"[[23, 14, 24, 15], [21, 16, 22, 17], [18, 3, 19, 4], [20, 6, 21, 5], [15, 22, 16, 23], [7, 1, 8, 24], [2, 11, 3, 12], [4, 10, 5, 9], [13, 7, 14, 6], [8, 18, 9, 17], [10, 19, 11, 20], [12, 1, 13, 2]]"
12n_0745_31,"[[12, 1, 13, 2], [23, 14, 24, 15], [21, 16, 22, 17], [18, 3, 19, 4], [20, 6, 21, 5], [15, 22, 16, 23], [7, 1, 8, 24], [2, 11, 3, 12], [4, 10, 5, 9], [13, 7, 14, 6], [8, 18, 9, 17], [10, 19, 11, 20]]"
12n_0745_32,"[[10, 19, 11, 20], [12, 1, 13, 2], [23, 14, 24, 15], [21, 16, 22, 17], [18, 3, 19, 4], [20, 6, 21, 5], [15, 22, 16, 23], [7, 1, 8, 24], [2, 11, 3, 12], [4, 10, 5, 9], [13, 7, 14, 6], [8, 18, 9, 17]]"
12n_0745_33,"[[8, 18, 9, 17], [10, 19, 11, 20], [12, 1, 13, 2], [23, 14, 24, 15], [21, 16, 22, 17], [18, 3, 19, 4], [20, 6, 21, 5], [15, 22, 16, 23], [7, 1, 8, 24], [2, 11, 3, 12], [4, 10, 5, 9], [13, 7, 14, 6]]"
12n_0745_34,"[[13, 7, 14, 6], [8, 18, 9, 17], [10, 19, 11, 20], [12, 1, 13, 2], [23, 14, 24, 15], [21, 16, 22, 17], [18, 3, 19, 4], [20, 6, 21, 5], [15, 22, 16, 23], [7, 1, 8, 24], [2, 11, 3, 12], [4, 10, 5, 9]]"
12n_0745_35,"[[4, 10, 5, 9], [13, 7, 14, 6], [8, 18, 9, 17], [10, 19, 11, 20], [12, 1, 13, 2], [23, 14, 24, 15], [21, 16, 22, 17], [18, 3, 19, 4], [20, 6, 21, 5], [15, 22, 16, 23], [7, 1, 8, 24], [2, 11, 3, 12]]"
12n_0745_36,"[[3, 12, 4, 13], [5, 11, 6, 10], [14, 8, 15, 7], [9, 19, 10, 18], [11, 20, 12, 21], [13, 2, 14, 3], [24, 15, 1, 16], [22, 17, 23, 18], [19, 4, 20, 5], [21, 7, 22, 6], [16, 23, 17, 24], [8, 2, 9, 1]]"
12n_0745_37,"[[8, 2, 9, 1], [3, 12, 4, 13], [5, 11, 6, 10], [14, 8, 15, 7], [9, 19, 10, 18], [11, 20, 12, 21], [13, 2, 14, 3], [24, 15, 1, 16], [22, 17, 23, 18], [19, 4, 20, 5], [21, 7, 22, 6], [16, 23, 17, 24]]"
12n_0745_38,"[[16, 23, 17, 24], [8, 2, 9, 1], [3, 12, 4, 13], [5, 11, 6, 10], [14, 8, 15, 7], [9, 19, 10, 18], [11, 20, 12, 21], [13, 2, 14, 3], [24, 15, 1, 16], [22, 17, 23, 18], [19, 4, 20, 5], [21, 7, 22, 6]]"
12n_0745_39,"[[21, 7, 22, 6], [16, 23, 17, 24], [8, 2, 9, 1], [3, 12, 4, 13], [5, 11, 6, 10], [14, 8, 15, 7], [9, 19, 10, 18], [11, 20, 12, 21], [13, 2, 14, 3], [24, 15, 1, 16], [22, 17, 23, 18], [19, 4, 20, 5]]"
12n_0745_40,"[[19, 4, 20, 5], [21, 7, 22, 6], [16, 23, 17, 24], [8, 2, 9, 1], [3, 12, 4, 13], [5, 11, 6, 10], [14, 8, 15, 7], [9, 19, 10, 18], [11, 20, 12, 21], [13, 2, 14, 3], [24, 15, 1, 16], [22, 17, 23, 18]]"
12n_0745_41,"[[22, 17, 23, 18], [19, 4, 20, 5], [21, 7, 22, 6], [16, 23, 17, 24], [8, 2, 9, 1], [3, 12, 4, 13], [5, 11, 6, 10], [14, 8, 15, 7], [9, 19, 10, 18], [11, 20, 12, 21], [13, 2, 14, 3], [24, 15, 1, 16]]"
12n_0745_42,"[[24, 15, 1, 16], [22, 17, 23, 18], [19, 4, 20, 5], [21, 7, 22, 6], [16, 23, 17, 24], [8, 2, 9, 1], [3, 12, 4, 13], [5, 11, 6, 10], [14, 8, 15, 7], [9, 19, 10, 18], [11, 20, 12, 21], [13, 2, 14, 3]]"
12n_0745_43,"[[13, 2, 14, 3], [24, 15, 1, 16], [22, 17, 23, 18], [19, 4, 20, 5], [21, 7, 22, 6], [16, 23, 17, 24], [8, 2, 9, 1], [3, 12, 4, 13], [5, 11, 6, 10], [14, 8, 15, 7], [9, 19, 10, 18], [11, 20, 12, 21]]"
12n_0745_44,"[[11, 20, 12, 21], [13, 2, 14, 3], [24, 15, 1, 16], [22, 17, 23, 18], [19, 4, 20, 5], [21, 7, 22, 6], [16, 23, 17, 24], [8, 2, 9, 1], [3, 12, 4, 13], [5, 11, 6, 10], [14, 8, 15, 7], [9, 19, 10, 18]]"
12n_0745_45,"[[9, 19, 10, 18], [11, 20, 12, 21], [13, 2, 14, 3], [24, 15, 1, 16], [22, 17, 23, 18], [19, 4, 20, 5], [21, 7, 22, 6], [16, 23, 17, 24], [8, 2, 9, 1], [3, 12, 4, 13], [5, 11, 6, 10], [14, 8, 15, 7]]"
12n_0745_46,"[[14, 8, 15, 7], [9, 19, 10, 18], [11, 20, 12, 21], [13, 2, 14, 3], [24, 15, 1, 16], [22, 17, 23, 18], [19, 4, 20, 5], [21, 7, 22, 6], [16, 23, 17, 24], [8, 2, 9, 1], [3, 12, 4, 13], [5, 11, 6, 10]]"
12n_0745_47,"[[5, 11, 6, 10], [14, 8, 15, 7], [9, 19, 10, 18], [11, 20, 12, 21], [13, 2, 14, 3], [24, 15, 1, 16], [22, 17, 23, 18], [19, 4, 20, 5], [21, 7, 22, 6], [16, 23, 17, 24], [8, 2, 9, 1], [3, 12, 4, 13]]"
12n_0745_48,"[[4, 13, 5, 14], [6, 12, 7, 11], [15, 9, 16, 8], [10, 20, 11, 19], [12, 21, 13, 22], [14, 3, 15, 4], [1, 16, 2, 17], [23, 18, 24, 19], [20, 5, 21, 6], [22, 8, 23, 7], [17, 24, 18, 1], [9, 3, 10, 2]]"
12n_0745_49,"[[9, 3, 10, 2], [4, 13, 5, 14], [6, 12, 7, 11], [15, 9, 16, 8], [10, 20, 11, 19], [12, 21, 13, 22], [14, 3, 15, 4], [1, 16, 2, 17], [23, 18, 24, 19], [20, 5, 21, 6], [22, 8, 23, 7], [17, 24, 18, 1]]"
12n_0745_50,"[[17, 24, 18, 1], [9, 3, 10, 2], [4, 13, 5, 14], [6, 12, 7, 11], [15, 9, 16, 8], [10, 20, 11, 19], [12, 21, 13, 22], [14, 3, 15, 4], [1, 16, 2, 17], [23, 18, 24, 19], [20, 5, 21, 6], [22, 8, 23, 7]]"
12n_0745_51,"[[22, 8, 23, 7], [17, 24, 18, 1], [9, 3, 10, 2], [4, 13, 5, 14], [6, 12, 7, 11], [15, 9, 16, 8], [10, 20, 11, 19], [12, 21, 13, 22], [14, 3, 15, 4], [1, 16, 2, 17], [23, 18, 24, 19], [20, 5, 21, 6]]"
12n_0745_52,"[[20, 5, 21, 6], [22, 8, 23, 7], [17, 24, 18, 1], [9, 3, 10, 2], [4, 13, 5, 14], [6, 12, 7, 11], [15, 9, 16, 8], [10, 20, 11, 19], [12, 21, 13, 22], [14, 3, 15, 4], [1, 16, 2, 17], [23, 18, 24, 19]]"
12n_0745_53,"[[23, 18, 24, 19], [20, 5, 21, 6], [22, 8, 23, 7], [17, 24, 18, 1], [9, 3, 10, 2], [4, 13, 5, 14], [6, 12, 7, 11], [15, 9, 16, 8], [10, 20, 11, 19], [12, 21, 13, 22], [14, 3, 15, 4], [1, 16, 2, 17]]"
12n_0745_54,"[[1, 16, 2, 17], [23, 18, 24, 19], [20, 5, 21, 6], [22, 8, 23, 7], [17, 24, 18, 1], [9, 3, 10, 2], [4, 13, 5, 14], [6, 12, 7, 11], [15, 9, 16, 8], [10, 20, 11, 19], [12, 21, 13, 22], [14, 3, 15, 4]]"
12n_0745_55,"[[14, 3, 15, 4], [1, 16, 2, 17], [23, 18, 24, 19], [20, 5, 21, 6], [22, 8, 23, 7], [17, 24, 18, 1], [9, 3, 10, 2], [4, 13, 5, 14], [6, 12, 7, 11], [15, 9, 16, 8], [10, 20, 11, 19], [12, 21, 13, 22]]"
12n_0745_56,"[[12, 21, 13, 22], [14, 3, 15, 4], [1, 16, 2, 17], [23, 18, 24, 19], [20, 5, 21, 6], [22, 8, 23, 7], [17, 24, 18, 1], [9, 3, 10, 2], [4, 13, 5, 14], [6, 12, 7, 11], [15, 9, 16, 8], [10, 20, 11, 19]]"
12n_0745_57,"[[10, 20, 11, 19], [12, 21, 13, 22], [14, 3, 15, 4], [1, 16, 2, 17], [23, 18, 24, 19], [20, 5, 21, 6], [22, 8, 23, 7], [17, 24, 18, 1], [9, 3, 10, 2], [4, 13, 5, 14], [6, 12, 7, 11], [15, 9, 16, 8]]"
12n_0745_58,"[[15, 9, 16, 8], [10, 20, 11, 19], [12, 21, 13, 22], [14, 3, 15, 4], [1, 16, 2, 17], [23, 18, 24, 19], [20, 5, 21, 6], [22, 8, 23, 7], [17, 24, 18, 1], [9, 3, 10, 2], [4, 13, 5, 14], [6, 12, 7, 11]]"
12n_0745_59,"[[6, 12, 7, 11], [15, 9, 16, 8], [10, 20, 11, 19], [12, 21, 13, 22], [14, 3, 15, 4], [1, 16, 2, 17], [23, 18, 24, 19], [20, 5, 21, 6], [22, 8, 23, 7], [17, 24, 18, 1], [9, 3, 10, 2], [4, 13, 5, 14]]"
12n_0745_60,"[[5, 14, 6, 15], [7, 13, 8, 12], [16, 10, 17, 9], [11, 21, 12, 20], [13, 22, 14, 23], [15, 4, 16, 5], [2, 17, 3, 18], [24, 19, 1, 20], [21, 6, 22, 7], [23, 9, 24, 8], [18, 1, 19, 2], [10, 4, 11, 3]]"
12n_0745_61,"[[10, 4, 11, 3], [5, 14, 6, 15], [7, 13, 8, 12], [16, 10, 17, 9], [11, 21, 12, 20], [13, 22, 14, 23], [15, 4, 16, 5], [2, 17, 3, 18], [24, 19, 1, 20], [21, 6, 22, 7], [23, 9, 24, 8], [18, 1, 19, 2]]"
12n_0745_62,"[[18, 1, 19, 2], [10, 4, 11, 3], [5, 14, 6, 15], [7, 13, 8, 12], [16, 10, 17, 9], [11, 21, 12, 20], [13, 22, 14, 23], [15, 4, 16, 5], [2, 17, 3, 18], [24, 19, 1, 20], [21, 6, 22, 7], [23, 9, 24, 8]]"
12n_0745_63,"[[23, 9, 24, 8], [18, 1, 19, 2], [10, 4, 11, 3], [5, 14, 6, 15], [7, 13, 8, 12], [16, 10, 17, 9], [11, 21, 12, 20], [13, 22, 14, 23], [15, 4, 16, 5], [2, 17, 3, 18], [24, 19, 1, 20], [21, 6, 22, 7]]"
12n_0745_64,"[[21, 6, 22, 7], [23, 9, 24, 8], [18, 1, 19, 2], [10, 4, 11, 3], [5, 14, 6, 15], [7, 13, 8, 12], [16, 10, 17, 9], [11, 21, 12, 20], [13, 22, 14, 23], [15, 4, 16, 5], [2, 17, 3, 18], [24, 19, 1, 20]]"
12n_0745_65,"[[24, 19, 1, 20], [21, 6, 22, 7], [23, 9, 24, 8], [18, 1, 19, 2], [10, 4, 11, 3], [5, 14, 6, 15], [7, 13, 8, 12], [16, 10, 17, 9], [11, 21, 12, 20], [13, 22, 14, 23], [15, 4, 16, 5], [2, 17, 3, 18]]"
12n_0745_66,"[[2, 17, 3, 18], [24, 19, 1, 20], [21, 6, 22, 7], [23, 9, 24, 8], [18, 1, 19, 2], [10, 4, 11, 3], [5, 14, 6, 15], [7, 13, 8, 12], [16, 10, 17, 9], [11, 21, 12, 20], [13, 22, 14, 23], [15, 4, 16, 5]]"
12n_0745_67,"[[15, 4, 16, 5], [2, 17, 3, 18], [24, 19, 1, 20], [21, 6, 22, 7], [23, 9, 24, 8], [18, 1, 19, 2], [10, 4, 11, 3], [5, 14, 6, 15], [7, 13, 8, 12], [16, 10, 17, 9], [11, 21, 12, 20], [13, 22, 14, 23]]"
12n_0745_68,"[[13, 22, 14, 23], [15, 4, 16, 5], [2, 17, 3, 18], [24, 19, 1, 20], [21, 6, 22, 7], [23, 9, 24, 8], [18, 1, 19, 2], [10, 4, 11, 3], [5, 14, 6, 15], [7, 13, 8, 12], [16, 10, 17, 9], [11, 21, 12, 20]]"
12n_0745_69,"[[11, 21, 12, 20], [13, 22, 14, 23], [15, 4, 16, 5], [2, 17, 3, 18], [24, 19, 1, 20], [21, 6, 22, 7], [23, 9, 24, 8], [18, 1, 19, 2], [10, 4, 11, 3], [5, 14, 6, 15], [7, 13, 8, 12], [16, 10, 17, 9]]"
12n_0745_70,"[[16, 10, 17, 9], [11, 21, 12, 20], [13, 22, 14, 23], [15, 4, 16, 5], [2, 17, 3, 18], [24, 19, 1, 20], [21, 6, 22, 7], [23, 9, 24, 8], [18, 1, 19, 2], [10, 4, 11, 3], [5, 14, 6, 15], [7, 13, 8, 12]]"
12n_0745_71,"[[7, 13, 8, 12], [16, 10, 17, 9], [11, 21, 12, 20], [13, 22, 14, 23], [15, 4, 16, 5], [2, 17, 3, 18], [24, 19, 1, 20], [21, 6, 22, 7], [23, 9, 24, 8], [18, 1, 19, 2], [10, 4, 11, 3], [5, 14, 6, 15]]"
12n_0745_72,"[[6, 15, 7, 16], [8, 14, 9, 13], [17, 11, 18, 10], [12, 22, 13, 21], [14, 23, 15, 24], [16, 5, 17, 6], [3, 18, 4, 19], [1, 20, 2, 21], [22, 7, 23, 8], [24, 10, 1, 9], [19, 2, 20, 3], [11, 5, 12, 4]]"
12n_0745_73,"[[11, 5, 12, 4], [6, 15, 7, 16], [8, 14, 9, 13], [17, 11, 18, 10], [12, 22, 13, 21], [14, 23, 15, 24], [16, 5, 17, 6], [3, 18, 4, 19], [1, 20, 2, 21], [22, 7, 23, 8], [24, 10, 1, 9], [19, 2, 20, 3]]"
12n_0745_74,"[[19, 2, 20, 3], [11, 5, 12, 4], [6, 15, 7, 16], [8, 14, 9, 13], [17, 11, 18, 10], [12, 22, 13, 21], [14, 23, 15, 24], [16, 5, 17, 6], [3, 18, 4, 19], [1, 20, 2, 21], [22, 7, 23, 8], [24, 10, 1, 9]]"
12n_0745_75,"[[24, 10, 1, 9], [19, 2, 20, 3], [11, 5, 12, 4], [6, 15, 7, 16], [8, 14, 9, 13], [17, 11, 18, 10], [12, 22, 13, 21], [14, 23, 15, 24], [16, 5, 17, 6], [3, 18, 4, 19], [1, 20, 2, 21], [22, 7, 23, 8]]"
12n_0745_76,"[[22, 7, 23, 8], [24, 10, 1, 9], [19, 2, 20, 3], [11, 5, 12, 4], [6, 15, 7, 16], [8, 14, 9, 13], [17, 11, 18, 10], [12, 22, 13, 21], [14, 23, 15, 24], [16, 5, 17, 6], [3, 18, 4, 19], [1, 20, 2, 21]]"
12n_0745_77,"[[1, 20, 2, 21], [22, 7, 23, 8], [24, 10, 1, 9], [19, 2, 20, 3], [11, 5, 12, 4], [6, 15, 7, 16], [8, 14, 9, 13], [17, 11, 18, 10], [12, 22, 13, 21], [14, 23, 15, 24], [16, 5, 17, 6], [3, 18, 4, 19]]"
12n_0745_78,"[[3, 18, 4, 19], [1, 20, 2, 21], [22, 7, 23, 8], [24, 10, 1, 9], [19, 2, 20, 3], [11, 5, 12, 4], [6, 15, 7, 16], [8, 14, 9, 13], [17, 11, 18, 10], [12, 22, 13, 21], [14, 23, 15, 24], [16, 5, 17, 6]]"
12n_0745_79,"[[16, 5, 17, 6], [3, 18, 4, 19], [1, 20, 2, 21], [22, 7, 23, 8], [24, 10, 1, 9], [19, 2, 20, 3], [11, 5, 12, 4], [6, 15, 7, 16], [8, 14, 9, 13], [17, 11, 18, 10], [12, 22, 13, 21], [14, 23, 15, 24]]"
12n_0745_80,"[[14, 23, 15, 24], [16, 5, 17, 6], [3, 18, 4, 19], [1, 20, 2, 21], [22, 7, 23, 8], [24, 10, 1, 9], [19, 2, 20, 3], [11, 5, 12, 4], [6, 15, 7, 16], [8, 14, 9, 13], [17, 11, 18, 10], [12, 22, 13, 21]]"
12n_0745_81,"[[12, 22, 13, 21], [14, 23, 15, 24], [16, 5, 17, 6], [3, 18, 4, 19], [1, 20, 2, 21], [22, 7, 23, 8], [24, 10, 1, 9], [19, 2, 20, 3], [11, 5, 12, 4], [6, 15, 7, 16], [8, 14, 9, 13], [17, 11, 18, 10]]"
12n_0745_82,"[[17, 11, 18, 10], [12, 22, 13, 21], [14, 23, 15, 24], [16, 5, 17, 6], [3, 18, 4, 19], [1, 20, 2, 21], [22, 7, 23, 8], [24, 10, 1, 9], [19, 2, 20, 3], [11, 5, 12, 4], [6, 15, 7, 16], [8, 14, 9, 13]]"
12n_0745_83,"[[8, 14, 9, 13], [17, 11, 18, 10], [12, 22, 13, 21], [14, 23, 15, 24], [16, 5, 17, 6], [3, 18, 4, 19], [1, 20, 2, 21], [22, 7, 23, 8], [24, 10, 1, 9], [19, 2, 20, 3], [11, 5, 12, 4], [6, 15, 7, 16]]"
12n_0745_84,"[[7, 16, 8, 17], [9, 15, 10, 14], [18, 12, 19, 11], [13, 23, 14, 22], [15, 24, 16, 1], [17, 6, 18, 7], [4, 19, 5, 20], [2, 21, 3, 22], [23, 8, 24, 9], [1, 11, 2, 10], [20, 3, 21, 4], [12, 6, 13, 5]]"
12n_0745_85,"[[12, 6, 13, 5], [7, 16, 8, 17], [9, 15, 10, 14], [18, 12, 19, 11], [13, 23, 14, 22], [15, 24, 16, 1], [17, 6, 18, 7], [4, 19, 5, 20], [2, 21, 3, 22], [23, 8, 24, 9], [1, 11, 2, 10], [20, 3, 21, 4]]"
12n_0745_86,"[[20, 3, 21, 4], [12, 6, 13, 5], [7, 16, 8, 17], [9, 15, 10, 14], [18, 12, 19, 11], [13, 23, 14, 22], [15, 24, 16, 1], [17, 6, 18, 7], [4, 19, 5, 20], [2, 21, 3, 22], [23, 8, 24, 9], [1, 11, 2, 10]]"
12n_0745_87,"[[1, 11, 2, 10], [20, 3, 21, 4], [12, 6, 13, 5], [7, 16, 8, 17], [9, 15, 10, 14], [18, 12, 19, 11], [13, 23, 14, 22], [15, 24, 16, 1], [17, 6, 18, 7], [4, 19, 5, 20], [2, 21, 3, 22], [23, 8, 24, 9]]"
12n_0745_88,"[[23, 8, 24, 9], [1, 11, 2, 10], [20, 3, 21, 4], [12, 6, 13, 5], [7, 16, 8, 17], [9, 15, 10, 14], [18, 12, 19, 11], [13, 23, 14, 22], [15, 24, 16, 1], [17, 6, 18, 7], [4, 19, 5, 20], [2, 21, 3, 22]]"
12n_0745_89,"[[2, 21, 3, 22], [23, 8, 24, 9], [1, 11, 2, 10], [20, 3, 21, 4], [12, 6, 13, 5], [7, 16, 8, 17], [9, 15, 10, 14], [18, 12, 19, 11], [13, 23, 14, 22], [15, 24, 16, 1], [17, 6, 18, 7], [4, 19, 5, 20]]"
12n_0745_90,"[[4, 19, 5, 20], [2, 21, 3, 22], [23, 8, 24, 9], [1, 11, 2, 10], [20, 3, 21, 4], [12, 6, 13, 5], [7, 16, 8, 17], [9, 15, 10, 14], [18, 12, 19, 11], [13, 23, 14, 22], [15, 24, 16, 1], [17, 6, 18, 7]]"
12n_0745_91,"[[17, 6, 18, 7], [4, 19, 5, 20], [2, 21, 3, 22], [23, 8, 24, 9], [1, 11, 2, 10], [20, 3, 21, 4], [12, 6, 13, 5], [7, 16, 8, 17], [9, 15, 10, 14], [18, 12, 19, 11], [13, 23, 14, 22], [15, 24, 16, 1]]"
12n_0745_92,"[[15, 24, 16, 1], [17, 6, 18, 7], [4, 19, 5, 20], [2, 21, 3, 22], [23, 8, 24, 9], [1, 11, 2, 10], [20, 3, 21, 4], [12, 6, 13, 5], [7, 16, 8, 17], [9, 15, 10, 14], [18, 12, 19, 11], [13, 23, 14, 22]]"
12n_0745_93,"[[13, 23, 14, 22], [15, 24, 16, 1], [17, 6, 18, 7], [4, 19, 5, 20], [2, 21, 3, 22], [23, 8, 24, 9], [1, 11, 2, 10], [20, 3, 21, 4], [12, 6, 13, 5], [7, 16, 8, 17], [9, 15, 10, 14], [18, 12, 19, 11]]"
12n_0745_94,"[[18, 12, 19, 11], [13, 23, 14, 22], [15, 24, 16, 1], [17, 6, 18, 7], [4, 19, 5, 20], [2, 21, 3, 22], [23, 8, 24, 9], [1, 11, 2, 10], [20, 3, 21, 4], [12, 6, 13, 5], [7, 16, 8, 17], [9, 15, 10, 14]]"
12n_0745_95,"[[9, 15, 10, 14], [18, 12, 19, 11], [13, 23, 14, 22], [15, 24, 16, 1], [17, 6, 18, 7], [4, 19, 5, 20], [2, 21, 3, 22], [23, 8, 24, 9], [1, 11, 2, 10], [20, 3, 21, 4], [12, 6, 13, 5], [7, 16, 8, 17]]"
12n_0745_96,"[[8, 17, 9, 18], [10, 16, 11, 15], [19, 13, 20, 12], [14, 24, 15, 23], [16, 1, 17, 2], [18, 7, 19, 8], [5, 20, 6, 21], [3, 22, 4, 23], [24, 9, 1, 10], [2, 12, 3, 11], [21, 4, 22, 5], [13, 7, 14, 6]]"
12n_0745_97,"[[13, 7, 14, 6], [8, 17, 9, 18], [10, 16, 11, 15], [19, 13, 20, 12], [14, 24, 15, 23], [16, 1, 17, 2], [18, 7, 19, 8], [5, 20, 6, 21], [3, 22, 4, 23], [24, 9, 1, 10], [2, 12, 3, 11], [21, 4, 22, 5]]"
12n_0745_98,"[[21, 4, 22, 5], [13, 7, 14, 6], [8, 17, 9, 18], [10, 16, 11, 15], [19, 13, 20, 12], [14, 24, 15, 23], [16, 1, 17, 2], [18, 7, 19, 8], [5, 20, 6, 21], [3, 22, 4, 23], [24, 9, 1, 10], [2, 12, 3, 11]]"
12n_0745_99,"[[2, 12, 3, 11], [21, 4, 22, 5], [13, 7, 14, 6], [8, 17, 9, 18], [10, 16, 11, 15], [19, 13, 20, 12], [14, 24, 15, 23], [16, 1, 17, 2], [18, 7, 19, 8], [5, 20, 6, 21], [3, 22, 4, 23], [24, 9, 1, 10]]"
12n_0745_100,"[[24, 9, 1, 10], [2, 12, 3, 11], [21, 4, 22, 5], [13, 7, 14, 6], [8, 17, 9, 18], [10, 16, 11, 15], [19, 13, 20, 12], [14, 24, 15, 23], [16, 1, 17, 2], [18, 7, 19, 8], [5, 20, 6, 21], [3, 22, 4, 23]]"
12n_0745_101,"[[3, 22, 4, 23], [24, 9, 1, 10], [2, 12, 3, 11], [21, 4, 22, 5], [13, 7, 14, 6], [8, 17, 9, 18], [10, 16, 11, 15], [19, 13, 20, 12], [14, 24, 15, 23], [16, 1, 17, 2], [18, 7, 19, 8], [5, 20, 6, 21]]"
12n_0745_102,"[[5, 20, 6, 21], [3, 22, 4, 23], [24, 9, 1, 10], [2, 12, 3, 11], [21, 4, 22, 5], [13, 7, 14, 6], [8, 17, 9, 18], [10, 16, 11, 15], [19, 13, 20, 12], [14, 24, 15, 23], [16, 1, 17, 2], [18, 7, 19, 8]]"
12n_0745_103,"[[18, 7, 19, 8], [5, 20, 6, 21], [3, 22, 4, 23], [24, 9, 1, 10], [2, 12, 3, 11], [21, 4, 22, 5], [13, 7, 14, 6], [8, 17, 9, 18], [10, 16, 11, 15], [19, 13, 20, 12], [14, 24, 15, 23], [16, 1, 17, 2]]"
12n_0745_104,"[[16, 1, 17, 2], [18, 7, 19, 8], [5, 20, 6, 21], [3, 22, 4, 23], [24, 9, 1, 10], [2, 12, 3, 11], [21, 4, 22, 5], [13, 7, 14, 6], [8, 17, 9, 18], [10, 16, 11, 15], [19, 13, 20, 12], [14, 24, 15, 23]]"
12n_0745_105,"[[14, 24, 15, 23], [16, 1, 17, 2], [18, 7, 19, 8], [5, 20, 6, 21], [3, 22, 4, 23], [24, 9, 1, 10], [2, 12, 3, 11], [21, 4, 22, 5], [13, 7, 14, 6], [8, 17, 9, 18], [10, 16, 11, 15], [19, 13, 20, 12]]"
12n_0745_106,"[[19, 13, 20, 12], [14, 24, 15, 23], [16, 1, 17, 2], [18, 7, 19, 8], [5, 20, 6, 21], [3, 22, 4, 23], [24, 9, 1, 10], [2, 12, 3, 11], [21, 4, 22, 5], [13, 7, 14, 6], [8, 17, 9, 18], [10, 16, 11, 15]]"
12n_0745_107,"[[10, 16, 11, 15], [19, 13, 20, 12], [14, 24, 15, 23], [16, 1, 17, 2], [18, 7, 19, 8], [5, 20, 6, 21], [3, 22, 4, 23], [24, 9, 1, 10], [2, 12, 3, 11], [21, 4, 22, 5], [13, 7, 14, 6], [8, 17, 9, 18]]"
12n_0745_108,"[[9, 18, 10, 19], [11, 17, 12, 16], [20, 14, 21, 13], [15, 1, 16, 24], [17, 2, 18, 3], [19, 8, 20, 9], [6, 21, 7, 22], [4, 23, 5, 24], [1, 10, 2, 11], [3, 13, 4, 12], [22, 5, 23, 6], [14, 8, 15, 7]]"
12n_0745_109,"[[14, 8, 15, 7], [9, 18, 10, 19], [11, 17, 12, 16], [20, 14, 21, 13], [15, 1, 16, 24], [17, 2, 18, 3], [19, 8, 20, 9], [6, 21, 7, 22], [4, 23, 5, 24], [1, 10, 2, 11], [3, 13, 4, 12], [22, 5, 23, 6]]"
12n_0745_110,"[[22, 5, 23, 6], [14, 8, 15, 7], [9, 18, 10, 19], [11, 17, 12, 16], [20, 14, 21, 13], [15, 1, 16, 24], [17, 2, 18, 3], [19, 8, 20, 9], [6, 21, 7, 22], [4, 23, 5, 24], [1, 10, 2, 11], [3, 13, 4, 12]]"
12n_0745_111,"[[3, 13, 4, 12], [22, 5, 23, 6], [14, 8, 15, 7], [9, 18, 10, 19], [11, 17, 12, 16], [20, 14, 21, 13], [15, 1, 16, 24], [17, 2, 18, 3], [19, 8, 20, 9], [6, 21, 7, 22], [4, 23, 5, 24], [1, 10, 2, 11]]"
12n_0745_112,"[[1, 10, 2, 11], [3, 13, 4, 12], [22, 5, 23, 6], [14, 8, 15, 7], [9, 18, 10, 19], [11, 17, 12, 16], [20, 14, 21, 13], [15, 1, 16, 24], [17, 2, 18, 3], [19, 8, 20, 9], [6, 21, 7, 22], [4, 23, 5, 24]]"
12n_0745_113,"[[4, 23, 5, 24], [1, 10, 2, 11], [3, 13, 4, 12], [22, 5, 23, 6], [14, 8, 15, 7], [9, 18, 10, 19], [11, 17, 12, 16], [20, 14, 21, 13], [15, 1, 16, 24], [17, 2, 18, 3], [19, 8, 20, 9], [6, 21, 7, 22]]"
12n_0745_114,"[[6, 21, 7, 22], [4, 23, 5, 24], [1, 10, 2, 11], [3, 13, 4, 12], [22, 5, 23, 6], [14, 8, 15, 7], [9, 18, 10, 19], [11, 17, 12, 16], [20, 14, 21, 13], [15, 1, 16, 24], [17, 2, 18, 3], [19, 8, 20, 9]]"
12n_0745_115,"[[19, 8, 20, 9], [6, 21, 7, 22], [4, 23, 5, 24], [1, 10, 2, 11], [3, 13, 4, 12], [22, 5, 23, 6], [14, 8, 15, 7], [9, 18, 10, 19], [11, 17, 12, 16], [20, 14, 21, 13], [15, 1, 16, 24], [17, 2, 18, 3]]"
12n_0745_116,"[[17, 2, 18, 3], [19, 8, 20, 9], [6, 21, 7, 22], [4, 23, 5, 24], [1, 10, 2, 11], [3, 13, 4, 12], [22, 5, 23, 6], [14, 8, 15, 7], [9, 18, 10, 19], [11, 17, 12, 16], [20, 14, 21, 13], [15, 1, 16, 24]]"
12n_0745_117,"[[15, 1, 16, 24], [17, 2, 18, 3], [19, 8, 20, 9], [6, 21, 7, 22], [4, 23, 5, 24], [1, 10, 2, 11], [3, 13, 4, 12], [22, 5, 23, 6], [14, 8, 15, 7], [9, 18, 10, 19], [11, 17, 12, 16], [20, 14, 21, 13]]"
12n_0745_118,"[[20, 14, 21, 13], [15, 1, 16, 24], [17, 2, 18, 3], [19, 8, 20, 9], [6, 21, 7, 22], [4, 23, 5, 24], [1, 10, 2, 11], [3, 13, 4, 12], [22, 5, 23, 6], [14, 8, 15, 7], [9, 18, 10, 19], [11, 17, 12, 16]]"
12n_0745_119,"[[11, 17, 12, 16], [20, 14, 21, 13], [15, 1, 16, 24], [17, 2, 18, 3], [19, 8, 20, 9], [6, 21, 7, 22], [4, 23, 5, 24], [1, 10, 2, 11], [3, 13, 4, 12], [22, 5, 23, 6], [14, 8, 15, 7], [9, 18, 10, 19]]"
12n_0745_120,"[[10, 19, 11, 20], [12, 18, 13, 17], [21, 15, 22, 14], [16, 2, 17, 1], [18, 3, 19, 4], [20, 9, 21, 10], [7, 22, 8, 23], [5, 24, 6, 1], [2, 11, 3, 12], [4, 14, 5, 13], [23, 6, 24, 7], [15, 9, 16, 8]]"
12n_0745_121,"[[15, 9, 16, 8], [10, 19, 11, 20], [12, 18, 13, 17], [21, 15, 22, 14], [16, 2, 17, 1], [18, 3, 19, 4], [20, 9, 21, 10], [7, 22, 8, 23], [5, 24, 6, 1], [2, 11, 3, 12], [4, 14, 5, 13], [23, 6, 24, 7]]"
12n_0745_122,"[[23, 6, 24, 7], [15, 9, 16, 8], [10, 19, 11, 20], [12, 18, 13, 17], [21, 15, 22, 14], [16, 2, 17, 1], [18, 3, 19, 4], [20, 9, 21, 10], [7, 22, 8, 23], [5, 24, 6, 1], [2, 11, 3, 12], [4, 14, 5, 13]]"
12n_0745_123,"[[4, 14, 5, 13], [23, 6, 24, 7], [15, 9, 16, 8], [10, 19, 11, 20], [12, 18, 13, 17], [21, 15, 22, 14], [16, 2, 17, 1], [18, 3, 19, 4], [20, 9, 21, 10], [7, 22, 8, 23], [5, 24, 6, 1], [2, 11, 3, 12]]"
12n_0745_124,"[[2, 11, 3, 12], [4, 14, 5, 13], [23, 6, 24, 7], [15, 9, 16, 8], [10, 19, 11, 20], [12, 18, 13, 17], [21, 15, 22, 14], [16, 2, 17, 1], [18, 3, 19, 4], [20, 9, 21, 10], [7, 22, 8, 23], [5, 24, 6, 1]]"
12n_0745_125,"[[5, 24, 6, 1], [2, 11, 3, 12], [4, 14, 5, 13], [23, 6, 24, 7], [15, 9, 16, 8], [10, 19, 11, 20], [12, 18, 13, 17], [21, 15, 22, 14], [16, 2, 17, 1], [18, 3, 19, 4], [20, 9, 21, 10], [7, 22, 8, 23]]"
12n_0745_126,"[[7, 22, 8, 23], [5, 24, 6, 1], [2, 11, 3, 12], [4, 14, 5, 13], [23, 6, 24, 7], [15, 9, 16, 8], [10, 19, 11, 20], [12, 18, 13, 17], [21, 15, 22, 14], [16, 2, 17, 1], [18, 3, 19, 4], [20, 9, 21, 10]]"
12n_0745_127,"[[20, 9, 21, 10], [7, 22, 8, 23], [5, 24, 6, 1], [2, 11, 3, 12], [4, 14, 5, 13], [23, 6, 24, 7], [15, 9, 16, 8], [10, 19, 11, 20], [12, 18, 13, 17], [21, 15, 22, 14], [16, 2, 17, 1], [18, 3, 19, 4]]"
12n_0745_128,"[[18, 3, 19, 4], [20, 9, 21, 10], [7, 22, 8, 23], [5, 24, 6, 1], [2, 11, 3, 12], [4, 14, 5, 13], [23, 6, 24, 7], [15, 9, 16, 8], [10, 19, 11, 20], [12, 18, 13, 17], [21, 15, 22, 14], [16, 2, 17, 1]]"
12n_0745_129,"[[16, 2, 17, 1], [18, 3, 19, 4], [20, 9, 21, 10], [7, 22, 8, 23], [5, 24, 6, 1], [2, 11, 3, 12], [4, 14, 5, 13], [23, 6, 24, 7], [15, 9, 16, 8], [10, 19, 11, 20], [12, 18, 13, 17], [21, 15, 22, 14]]"
12n_0745_130,"[[21, 15, 22, 14], [16, 2, 17, 1], [18, 3, 19, 4], [20, 9, 21, 10], [7, 22, 8, 23], [5, 24, 6, 1], [2, 11, 3, 12], [4, 14, 5, 13], [23, 6, 24, 7], [15, 9, 16, 8], [10, 19, 11, 20], [12, 18, 13, 17]]"
12n_0745_131,"[[12, 18, 13, 17], [21, 15, 22, 14], [16, 2, 17, 1], [18, 3, 19, 4], [20, 9, 21, 10], [7, 22, 8, 23], [5, 24, 6, 1], [2, 11, 3, 12], [4, 14, 5, 13], [23, 6, 24, 7], [15, 9, 16, 8], [10, 19, 11, 20]]"
12n_0745_132,"[[11, 20, 12, 21], [13, 19, 14, 18], [22, 16, 23, 15], [17, 3, 18, 2], [19, 4, 20, 5], [21, 10, 22, 11], [8, 23, 9, 24], [6, 1, 7, 2], [3, 12, 4, 13], [5, 15, 6, 14], [24, 7, 1, 8], [16, 10, 17, 9]]"
12n_0745_133,"[[16, 10, 17, 9], [11, 20, 12, 21], [13, 19, 14, 18], [22, 16, 23, 15], [17, 3, 18, 2], [19, 4, 20, 5], [21, 10, 22, 11], [8, 23, 9, 24], [6, 1, 7, 2], [3, 12, 4, 13], [5, 15, 6, 14], [24, 7, 1, 8]]"
12n_0745_134,"[[24, 7, 1, 8], [16, 10, 17, 9], [11, 20, 12, 21], [13, 19, 14, 18], [22, 16, 23, 15], [17, 3, 18, 2], [19, 4, 20, 5], [21, 10, 22, 11], [8, 23, 9, 24], [6, 1, 7, 2], [3, 12, 4, 13], [5, 15, 6, 14]]"
12n_0745_135,"[[5, 15, 6, 14], [24, 7, 1, 8], [16, 10, 17, 9], [11, 20, 12, 21], [13, 19, 14, 18], [22, 16, 23, 15], [17, 3, 18, 2], [19, 4, 20, 5], [21, 10, 22, 11], [8, 23, 9, 24], [6, 1, 7, 2], [3, 12, 4, 13]]"
12n_0745_136,"[[3, 12, 4, 13], [5, 15, 6, 14], [24, 7, 1, 8], [16, 10, 17, 9], [11, 20, 12, 21], [13, 19, 14, 18], [22, 16, 23, 15], [17, 3, 18, 2], [19, 4, 20, 5], [21, 10, 22, 11], [8, 23, 9, 24], [6, 1, 7, 2]]"
12n_0745_137,"[[6, 1, 7, 2], [3, 12, 4, 13], [5, 15, 6, 14], [24, 7, 1, 8], [16, 10, 17, 9], [11, 20, 12, 21], [13, 19, 14, 18], [22, 16, 23, 15], [17, 3, 18, 2], [19, 4, 20, 5], [21, 10, 22, 11], [8, 23, 9, 24]]"
12n_0745_138,"[[8, 23, 9, 24], [6, 1, 7, 2], [3, 12, 4, 13], [5, 15, 6, 14], [24, 7, 1, 8], [16, 10, 17, 9], [11, 20, 12, 21], [13, 19, 14, 18], [22, 16, 23, 15], [17, 3, 18, 2], [19, 4, 20, 5], [21, 10, 22, 11]]"
12n_0745_139,"[[21, 10, 22, 11], [8, 23, 9, 24], [6, 1, 7, 2], [3, 12, 4, 13], [5, 15, 6, 14], [24, 7, 1, 8], [16, 10, 17, 9], [11, 20, 12, 21], [13, 19, 14, 18], [22, 16, 23, 15], [17, 3, 18, 2], [19, 4, 20, 5]]"
12n_0745_140,"[[19, 4, 20, 5], [21, 10, 22, 11], [8, 23, 9, 24], [6, 1, 7, 2], [3, 12, 4, 13], [5, 15, 6, 14], [24, 7, 1, 8], [16, 10, 17, 9], [11, 20, 12, 21], [13, 19, 14, 18], [22, 16, 23, 15], [17, 3, 18, 2]]"
12n_0745_141,"[[17, 3, 18, 2], [19, 4, 20, 5], [21, 10, 22, 11], [8, 23, 9, 24], [6, 1, 7, 2], [3, 12, 4, 13], [5, 15, 6, 14], [24, 7, 1, 8], [16, 10, 17, 9], [11, 20, 12, 21], [13, 19, 14, 18], [22, 16, 23, 15]]"
12n_0745_142,"[[22, 16, 23, 15], [17, 3, 18, 2], [19, 4, 20, 5], [21, 10, 22, 11], [8, 23, 9, 24], [6, 1, 7, 2], [3, 12, 4, 13], [5, 15, 6, 14], [24, 7, 1, 8], [16, 10, 17, 9], [11, 20, 12, 21], [13, 19, 14, 18]]"
12n_0745_143,"[[13, 19, 14, 18], [22, 16, 23, 15], [17, 3, 18, 2], [19, 4, 20, 5], [21, 10, 22, 11], [8, 23, 9, 24], [6, 1, 7, 2], [3, 12, 4, 13], [5, 15, 6, 14], [24, 7, 1, 8], [16, 10, 17, 9], [11, 20, 12, 21]]"
12n_0745_144,"[[12, 21, 13, 22], [14, 20, 15, 19], [23, 17, 24, 16], [18, 4, 19, 3], [20, 5, 21, 6], [22, 11, 23, 12], [9, 24, 10, 1], [7, 2, 8, 3], [4, 13, 5, 14], [6, 16, 7, 15], [1, 8, 2, 9], [17, 11, 18, 10]]"
12n_0745_145,"[[17, 11, 18, 10], [12, 21, 13, 22], [14, 20, 15, 19], [23, 17, 24, 16], [18, 4, 19, 3], [20, 5, 21, 6], [22, 11, 23, 12], [9, 24, 10, 1], [7, 2, 8, 3], [4, 13, 5, 14], [6, 16, 7, 15], [1, 8, 2, 9]]"
12n_0745_146,"[[1, 8, 2, 9], [17, 11, 18, 10], [12, 21, 13, 22], [14, 20, 15, 19], [23, 17, 24, 16], [18, 4, 19, 3], [20, 5, 21, 6], [22, 11, 23, 12], [9, 24, 10, 1], [7, 2, 8, 3], [4, 13, 5, 14], [6, 16, 7, 15]]"
12n_0745_147,"[[6, 16, 7, 15], [1, 8, 2, 9], [17, 11, 18, 10], [12, 21, 13, 22], [14, 20, 15, 19], [23, 17, 24, 16], [18, 4, 19, 3], [20, 5, 21, 6], [22, 11, 23, 12], [9, 24, 10, 1], [7, 2, 8, 3], [4, 13, 5, 14]]"
12n_0745_148,"[[4, 13, 5, 14], [6, 16, 7, 15], [1, 8, 2, 9], [17, 11, 18, 10], [12, 21, 13, 22], [14, 20, 15, 19], [23, 17, 24, 16], [18, 4, 19, 3], [20, 5, 21, 6], [22, 11, 23, 12], [9, 24, 10, 1], [7, 2, 8, 3]]"
12n_0745_149,"[[7, 2, 8, 3], [4, 13, 5, 14], [6, 16, 7, 15], [1, 8, 2, 9], [17, 11, 18, 10], [12, 21, 13, 22], [14, 20, 15, 19], [23, 17, 24, 16], [18, 4, 19, 3], [20, 5, 21, 6], [22, 11, 23, 12], [9, 24, 10, 1]]"
12n_0745_150,"[[9, 24, 10, 1], [7, 2, 8, 3], [4, 13, 5, 14], [6, 16, 7, 15], [1, 8, 2, 9], [17, 11, 18, 10], [12, 21, 13, 22], [14, 20, 15, 19], [23, 17, 24, 16], [18, 4, 19, 3], [20, 5, 21, 6], [22, 11, 23, 12]]"
12n_0745_151,"[[22, 11, 23, 12], [9, 24, 10, 1], [7, 2, 8, 3], [4, 13, 5, 14], [6, 16, 7, 15], [1, 8, 2, 9], [17, 11, 18, 10], [12, 21, 13, 22], [14, 20, 15, 19], [23, 17, 24, 16], [18, 4, 19, 3], [20, 5, 21, 6]]"
12n_0745_152,"[[20, 5, 21, 6], [22, 11, 23, 12], [9, 24, 10, 1], [7, 2, 8, 3], [4, 13, 5, 14], [6, 16, 7, 15], [1, 8, 2, 9], [17, 11, 18, 10], [12, 21, 13, 22], [14, 20, 15, 19], [23, 17, 24, 16], [18, 4, 19, 3]]"
12n_0745_153,"[[18, 4, 19, 3], [20, 5, 21, 6], [22, 11, 23, 12], [9, 24, 10, 1], [7, 2, 8, 3], [4, 13, 5, 14], [6, 16, 7, 15], [1, 8, 2, 9], [17, 11, 18, 10], [12, 21, 13, 22], [14, 20, 15, 19], [23, 17, 24, 16]]"
12n_0745_154,"[[23, 17, 24, 16], [18, 4, 19, 3], [20, 5, 21, 6], [22, 11, 23, 12], [9, 24, 10, 1], [7, 2, 8, 3], [4, 13, 5, 14], [6, 16, 7, 15], [1, 8, 2, 9], [17, 11, 18, 10], [12, 21, 13, 22], [14, 20, 15, 19]]"
12n_0745_155,"[[14, 20, 15, 19], [23, 17, 24, 16], [18, 4, 19, 3], [20, 5, 21, 6], [22, 11, 23, 12], [9, 24, 10, 1], [7, 2, 8, 3], [4, 13, 5, 14], [6, 16, 7, 15], [1, 8, 2, 9], [17, 11, 18, 10], [12, 21, 13, 22]]"
12n_0745_156,"[[13, 22, 14, 23], [15, 21, 16, 20], [24, 18, 1, 17], [19, 5, 20, 4], [21, 6, 22, 7], [23, 12, 24, 13], [10, 1, 11, 2], [8, 3, 9, 4], [5, 14, 6, 15], [7, 17, 8, 16], [2, 9, 3, 10], [18, 12, 19, 11]]"
12n_0745_157,"[[18, 12, 19, 11], [13, 22, 14, 23], [15, 21, 16, 20], [24, 18, 1, 17], [19, 5, 20, 4], [21, 6, 22, 7], [23, 12, 24, 13], [10, 1, 11, 2], [8, 3, 9, 4], [5, 14, 6, 15], [7, 17, 8, 16], [2, 9, 3, 10]]"
12n_0745_158,"[[2, 9, 3, 10], [18, 12, 19, 11], [13, 22, 14, 23], [15, 21, 16, 20], [24, 18, 1, 17], [19, 5, 20, 4], [21, 6, 22, 7], [23, 12, 24, 13], [10, 1, 11, 2], [8, 3, 9, 4], [5, 14, 6, 15], [7, 17, 8, 16]]"
12n_0745_159,"[[7, 17, 8, 16], [2, 9, 3, 10], [18, 12, 19, 11], [13, 22, 14, 23], [15, 21, 16, 20], [24, 18, 1, 17], [19, 5, 20, 4], [21, 6, 22, 7], [23, 12, 24, 13], [10, 1, 11, 2], [8, 3, 9, 4], [5, 14, 6, 15]]"
12n_0745_160,"[[5, 14, 6, 15], [7, 17, 8, 16], [2, 9, 3, 10], [18, 12, 19, 11], [13, 22, 14, 23], [15, 21, 16, 20], [24, 18, 1, 17], [19, 5, 20, 4], [21, 6, 22, 7], [23, 12, 24, 13], [10, 1, 11, 2], [8, 3, 9, 4]]"
12n_0745_161,"[[8, 3, 9, 4], [5, 14, 6, 15], [7, 17, 8, 16], [2, 9, 3, 10], [18, 12, 19, 11], [13, 22, 14, 23], [15, 21, 16, 20], [24, 18, 1, 17], [19, 5, 20, 4], [21, 6, 22, 7], [23, 12, 24, 13], [10, 1, 11, 2]]"
12n_0745_162,"[[10, 1, 11, 2], [8, 3, 9, 4], [5, 14, 6, 15], [7, 17, 8, 16], [2, 9, 3, 10], [18, 12, 19, 11], [13, 22, 14, 23], [15, 21, 16, 20], [24, 18, 1, 17], [19, 5, 20, 4], [21, 6, 22, 7], [23, 12, 24, 13]]"
12n_0745_163,"[[23, 12, 24, 13], [10, 1, 11, 2], [8, 3, 9, 4], [5, 14, 6, 15], [7, 17, 8, 16], [2, 9, 3, 10], [18, 12, 19, 11], [13, 22, 14, 23], [15, 21, 16, 20], [24, 18, 1, 17], [19, 5, 20, 4], [21, 6, 22, 7]]"
12n_0745_164,"[[21, 6, 22, 7], [23, 12, 24, 13], [10, 1, 11, 2], [8, 3, 9, 4], [5, 14, 6, 15], [7, 17, 8, 16], [2, 9, 3, 10], [18, 12, 19, 11], [13, 22, 14, 23], [15, 21, 16, 20], [24, 18, 1, 17], [19, 5, 20, 4]]"
12n_0745_165,"[[19, 5, 20, 4], [21, 6, 22, 7], [23, 12, 24, 13], [10, 1, 11, 2], [8, 3, 9, 4], [5, 14, 6, 15], [7, 17, 8, 16], [2, 9, 3, 10], [18, 12, 19, 11], [13, 22, 14, 23], [15, 21, 16, 20], [24, 18, 1, 17]]"
12n_0745_166,"[[24, 18, 1, 17], [19, 5, 20, 4], [21, 6, 22, 7], [23, 12, 24, 13], [10, 1, 11, 2], [8, 3, 9, 4], [5, 14, 6, 15], [7, 17, 8, 16], [2, 9, 3, 10], [18, 12, 19, 11], [13, 22, 14, 23], [15, 21, 16, 20]]"
12n_0745_167,"[[15, 21, 16, 20], [24, 18, 1, 17], [19, 5, 20, 4], [21, 6, 22, 7], [23, 12, 24, 13], [10, 1, 11, 2], [8, 3, 9, 4], [5, 14, 6, 15], [7, 17, 8, 16], [2, 9, 3, 10], [18, 12, 19, 11], [13, 22, 14, 23]]"
12n_0745_168,"[[14, 23, 15, 24], [16, 22, 17, 21], [1, 19, 2, 18], [20, 6, 21, 5], [22, 7, 23, 8], [24, 13, 1, 14], [11, 2, 12, 3], [9, 4, 10, 5], [6, 15, 7, 16], [8, 18, 9, 17], [3, 10, 4, 11], [19, 13, 20, 12]]"
12n_0745_169,"[[19, 13, 20, 12], [14, 23, 15, 24], [16, 22, 17, 21], [1, 19, 2, 18], [20, 6, 21, 5], [22, 7, 23, 8], [24, 13, 1, 14], [11, 2, 12, 3], [9, 4, 10, 5], [6, 15, 7, 16], [8, 18, 9, 17], [3, 10, 4, 11]]"
12n_0745_170,"[[3, 10, 4, 11], [19, 13, 20, 12], [14, 23, 15, 24], [16, 22, 17, 21], [1, 19, 2, 18], [20, 6, 21, 5], [22, 7, 23, 8], [24, 13, 1, 14], [11, 2, 12, 3], [9, 4, 10, 5], [6, 15, 7, 16], [8, 18, 9, 17]]"
12n_0745_171,"[[8, 18, 9, 17], [3, 10, 4, 11], [19, 13, 20, 12], [14, 23, 15, 24], [16, 22, 17, 21], [1, 19, 2, 18], [20, 6, 21, 5], [22, 7, 23, 8], [24, 13, 1, 14], [11, 2, 12, 3], [9, 4, 10, 5], [6, 15, 7, 16]]"
12n_0745_172,"[[6, 15, 7, 16], [8, 18, 9, 17], [3, 10, 4, 11], [19, 13, 20, 12], [14, 23, 15, 24], [16, 22, 17, 21], [1, 19, 2, 18], [20, 6, 21, 5], [22, 7, 23, 8], [24, 13, 1, 14], [11, 2, 12, 3], [9, 4, 10, 5]]"
12n_0745_173,"[[9, 4, 10, 5], [6, 15, 7, 16], [8, 18, 9, 17], [3, 10, 4, 11], [19, 13, 20, 12], [14, 23, 15, 24], [16, 22, 17, 21], [1, 19, 2, 18], [20, 6, 21, 5], [22, 7, 23, 8], [24, 13, 1, 14], [11, 2, 12, 3]]"
12n_0745_174,"[[11, 2, 12, 3], [9, 4, 10, 5], [6, 15, 7, 16], [8, 18, 9, 17], [3, 10, 4, 11], [19, 13, 20, 12], [14, 23, 15, 24], [16, 22, 17, 21], [1, 19, 2, 18], [20, 6, 21, 5], [22, 7, 23, 8], [24, 13, 1, 14]]"
12n_0745_175,"[[24, 13, 1, 14], [11, 2, 12, 3], [9, 4, 10, 5], [6, 15, 7, 16], [8, 18, 9, 17], [3, 10, 4, 11], [19, 13, 20, 12], [14, 23, 15, 24], [16, 22, 17, 21], [1, 19, 2, 18], [20, 6, 21, 5], [22, 7, 23, 8]]"
12n_0745_176,"[[22, 7, 23, 8], [24, 13, 1, 14], [11, 2, 12, 3], [9, 4, 10, 5], [6, 15, 7, 16], [8, 18, 9, 17], [3, 10, 4, 11], [19, 13, 20, 12], [14, 23, 15, 24], [16, 22, 17, 21], [1, 19, 2, 18], [20, 6, 21, 5]]"
12n_0745_177,"[[20, 6, 21, 5], [22, 7, 23, 8], [24, 13, 1, 14], [11, 2, 12, 3], [9, 4, 10, 5], [6, 15, 7, 16], [8, 18, 9, 17], [3, 10, 4, 11], [19, 13, 20, 12], [14, 23, 15, 24], [16, 22, 17, 21], [1, 19, 2, 18]]"
12n_0745_178,"[[1, 19, 2, 18], [20, 6, 21, 5], [22, 7, 23, 8], [24, 13, 1, 14], [11, 2, 12, 3], [9, 4, 10, 5], [6, 15, 7, 16], [8, 18, 9, 17], [3, 10, 4, 11], [19, 13, 20, 12], [14, 23, 15, 24], [16, 22, 17, 21]]"
12n_0745_179,"[[16, 22, 17, 21], [1, 19, 2, 18], [20, 6, 21, 5], [22, 7, 23, 8], [24, 13, 1, 14], [11, 2, 12, 3], [9, 4, 10, 5], [6, 15, 7, 16], [8, 18, 9, 17], [3, 10, 4, 11], [19, 13, 20, 12], [14, 23, 15, 24]]"
12n_0745_180,"[[15, 24, 16, 1], [17, 23, 18, 22], [2, 20, 3, 19], [21, 7, 22, 6], [23, 8, 24, 9], [1, 14, 2, 15], [12, 3, 13, 4], [10, 5, 11, 6], [7, 16, 8, 17], [9, 19, 10, 18], [4, 11, 5, 12], [20, 14, 21, 13]]"
12n_0745_181,"[[20, 14, 21, 13], [15, 24, 16, 1], [17, 23, 18, 22], [2, 20, 3, 19], [21, 7, 22, 6], [23, 8, 24, 9], [1, 14, 2, 15], [12, 3, 13, 4], [10, 5, 11, 6], [7, 16, 8, 17], [9, 19, 10, 18], [4, 11, 5, 12]]"
12n_0745_182,"[[4, 11, 5, 12], [20, 14, 21, 13], [15, 24, 16, 1], [17, 23, 18, 22], [2, 20, 3, 19], [21, 7, 22, 6], [23, 8, 24, 9], [1, 14, 2, 15], [12, 3, 13, 4], [10, 5, 11, 6], [7, 16, 8, 17], [9, 19, 10, 18]]"
12n_0745_183,"[[9, 19, 10, 18], [4, 11, 5, 12], [20, 14, 21, 13], [15, 24, 16, 1], [17, 23, 18, 22], [2, 20, 3, 19], [21, 7, 22, 6], [23, 8, 24, 9], [1, 14, 2, 15], [12, 3, 13, 4], [10, 5, 11, 6], [7, 16, 8, 17]]"
12n_0745_184,"[[7, 16, 8, 17], [9, 19, 10, 18], [4, 11, 5, 12], [20, 14, 21, 13], [15, 24, 16, 1], [17, 23, 18, 22], [2, 20, 3, 19], [21, 7, 22, 6], [23, 8, 24, 9], [1, 14, 2, 15], [12, 3, 13, 4], [10, 5, 11, 6]]"
12n_0745_185,"[[10, 5, 11, 6], [7, 16, 8, 17], [9, 19, 10, 18], [4, 11, 5, 12], [20, 14, 21, 13], [15, 24, 16, 1], [17, 23, 18, 22], [2, 20, 3, 19], [21, 7, 22, 6], [23, 8, 24, 9], [1, 14, 2, 15], [12, 3, 13, 4]]"
