name,pd_notation
12n_0677_0,"[[24, 16, 1, 15], [2, 8, 3, 7], [4, 10, 5, 9], [6, 14, 7, 13], [8, 4, 9, 3], [19, 10, 20, 11], [12, 6, 13, 5], [14, 22, 15, 21], [16, 24, 17, 23], [11, 18, 12, 19], [20, 2, 21, 1], [22, 18, 23, 17]]"
12n_0677_1,"[[22, 18, 23, 17], [24, 16, 1, 15], [2, 8, 3, 7], [4, 10, 5, 9], [6, 14, 7, 13], [8, 4, 9, 3], [19, 10, 20, 11], [12, 6, 13, 5], [14, 22, 15, 21], [16, 24, 17, 23], [11, 18, 12, 19], [20, 2, 21, 1]]"
12n_0677_2,"[[20, 2, 21, 1], [22, 18, 23, 17], [24, 16, 1, 15], [2, 8, 3, 7], [4, 10, 5, 9], [6, 14, 7, 13], [8, 4, 9, 3], [19, 10, 20, 11], [12, 6, 13, 5], [14, 22, 15, 21], [16, 24, 17, 23], [11, 18, 12, 19]]"
12n_0677_3,"[[11, 18, 12, 19], [20, 2, 21, 1], [22, 18, 23, 17], [24, 16, 1, 15], [2, 8, 3, 7], [4, 10, 5, 9], [6, 14, 7, 13], [8, 4, 9, 3], [19, 10, 20, 11], [12, 6, 13, 5], [14, 22, 15, 21], [16, 24, 17, 23]]"
12n_0677_4,"[[16, 24, 17, 23], [11, 18, 12, 19], [20, 2, 21, 1], [22, 18, 23, 17], [24, 16, 1, 15], [2, 8, 3, 7], [4, 10, 5, 9], [6, 14, 7, 13], [8, 4, 9, 3], [19, 10, 20, 11], [12, 6, 13, 5], [14, 22, 15, 21]]"
12n_0677_5,"[[14, 22, 15, 21], [16, 24, 17, 23], [11, 18, 12, 19], [20, 2, 21, 1], [22, 18, 23, 17], [24, 16, 1, 15], [2, 8, 3, 7], [4, 10, 5, 9], [6, 14, 7, 13], [8, 4, 9, 3], [19, 10, 20, 11], [12, 6, 13, 5]]"
12n_0677_6,"[[12, 6, 13, 5], [14, 22, 15, 21], [16, 24, 17, 23], [11, 18, 12, 19], [20, 2, 21, 1], [22, 18, 23, 17], [24, 16, 1, 15], [2, 8, 3, 7], [4, 10, 5, 9], [6, 14, 7, 13], [8, 4, 9, 3], [19, 10, 20, 11]]"
12n_0677_7,"[[19, 10, 20, 11], [12, 6, 13, 5], [14, 22, 15, 21], [16, 24, 17, 23], [11, 18, 12, 19], [20, 2, 21, 1], [22, 18, 23, 17], [24, 16, 1, 15], [2, 8, 3, 7], [4, 10, 5, 9], [6, 14, 7, 13], [8, 4, 9, 3]]"
12n_0677_8,"[[8, 4, 9, 3], [19, 10, 20, 11], [12, 6, 13, 5], [14, 22, 15, 21], [16, 24, 17, 23], [11, 18, 12, 19], [20, 2, 21, 1], [22, 18, 23, 17], [24, 16, 1, 15], [2, 8, 3, 7], [4, 10, 5, 9], [6, 14, 7, 13]]"
12n_0677_9,"[[6, 14, 7, 13], [8, 4, 9, 3], [19, 10, 20, 11], [12, 6, 13, 5], [14, 22, 15, 21], [16, 24, 17, 23], [11, 18, 12, 19], [20, 2, 21, 1], [22, 18, 23, 17], [24, 16, 1, 15], [2, 8, 3, 7], [4, 10, 5, 9]]"
12n_0677_10,"[[4, 10, 5, 9], [6, 14, 7, 13], [8, 4, 9, 3], [19, 10, 20, 11], [12, 6, 13, 5], [14, 22, 15, 21], [16, 24, 17, 23], [11, 18, 12, 19], [20, 2, 21, 1], [22, 18, 23, 17], [24, 16, 1, 15], [2, 8, 3, 7]]"
12n_0677_11,"[[2, 8, 3, 7], [4, 10, 5, 9], [6, 14, 7, 13], [8, 4, 9, 3], [19, 10, 20, 11], [12, 6, 13, 5], [14, 22, 15, 21], [16, 24, 17, 23], [11, 18, 12, 19], [20, 2, 21, 1], [22, 18, 23, 17], [24, 16, 1, 15]]"
12n_0677_12,"[[1, 17, 2, 16], [3, 9, 4, 8], [5, 11, 6, 10], [7, 15, 8, 14], [9, 5, 10, 4], [20, 11, 21, 12], [13, 7, 14, 6], [15, 23, 16, 22], [17, 1, 18, 24], [12, 19, 13, 20], [21, 3, 22, 2], [23, 19, 24, 18]]"
12n_0677_13,"[[23, 19, 24, 18], [1, 17, 2, 16], [3, 9, 4, 8], [5, 11, 6, 10], [7, 15, 8, 14], [9, 5, 10, 4], [20, 11, 21, 12], [13, 7, 14, 6], [15, 23, 16, 22], [17, 1, 18, 24], [12, 19, 13, 20], [21, 3, 22, 2]]"
12n_0677_14,"[[21, 3, 22, 2], [23, 19, 24, 18], [1, 17, 2, 16], [3, 9, 4, 8], [5, 11, 6, 10], [7, 15, 8, 14], [9, 5, 10, 4], [20, 11, 21, 12], [13, 7, 14, 6], [15, 23, 16, 22], [17, 1, 18, 24], [12, 19, 13, 20]]"
12n_0677_15,"[[12, 19, 13, 20], [21, 3, 22, 2], [23, 19, 24, 18], [1, 17, 2, 16], [3, 9, 4, 8], [5, 11, 6, 10], [7, 15, 8, 14], [9, 5, 10, 4], [20, 11, 21, 12], [13, 7, 14, 6], [15, 23, 16, 22], [17, 1, 18, 24]]"
12n_0677_16,"[[17, 1, 18, 24], [12, 19, 13, 20], [21, 3, 22, 2], [23, 19, 24, 18], [1, 17, 2, 16], [3, 9, 4, 8], [5, 11, 6, 10], [7, 15, 8, 14], [9, 5, 10, 4], [20, 11, 21, 12], [13, 7, 14, 6], [15, 23, 16, 22]]"
12n_0677_17,"[[15, 23, 16, 22], [17, 1, 18, 24], [12, 19, 13, 20], [21, 3, 22, 2], [23, 19, 24, 18], [1, 17, 2, 16], [3, 9, 4, 8], [5, 11, 6, 10], [7, 15, 8, 14], [9, 5, 10, 4], [20, 11, 21, 12], [13, 7, 14, 6]]"
12n_0677_18,"[[13, 7, 14, 6], [15, 23, 16, 22], [17, 1, 18, 24], [12, 19, 13, 20], [21, 3, 22, 2], [23, 19, 24, 18], [1, 17, 2, 16], [3, 9, 4, 8], [5, 11, 6, 10], [7, 15, 8, 14], [9, 5, 10, 4], [20, 11, 21, 12]]"
12n_0677_19,"[[20, 11, 21, 12], [13, 7, 14, 6], [15, 23, 16, 22], [17, 1, 18, 24], [12, 19, 13, 20], [21, 3, 22, 2], [23, 19, 24, 18], [1, 17, 2, 16], [3, 9, 4, 8], [5, 11, 6, 10], [7, 15, 8, 14], [9, 5, 10, 4]]"
12n_0677_20,"[[9, 5, 10, 4], [20, 11, 21, 12], [13, 7, 14, 6], [15, 23, 16, 22], [17, 1, 18, 24], [12, 19, 13, 20], [21, 3, 22, 2], [23, 19, 24, 18], [1, 17, 2, 16], [3, 9, 4, 8], [5, 11, 6, 10], [7, 15, 8, 14]]"
12n_0677_21,"[[7, 15, 8, 14], [9, 5, 10, 4], [20, 11, 21, 12], [13, 7, 14, 6], [15, 23, 16, 22], [17, 1, 18, 24], [12, 19, 13, 20], [21, 3, 22, 2], [23, 19, 24, 18], [1, 17, 2, 16], [3, 9, 4, 8], [5, 11, 6, 10]]"
12n_0677_22,"[[5, 11, 6, 10], [7, 15, 8, 14], [9, 5, 10, 4], [20, 11, 21, 12], [13, 7, 14, 6], [15, 23, 16, 22], [17, 1, 18, 24], [12, 19, 13, 20], [21, 3, 22, 2], [23, 19, 24, 18], [1, 17, 2, 16], [3, 9, 4, 8]]"
12n_0677_23,"[[3, 9, 4, 8], [5, 11, 6, 10], [7, 15, 8, 14], [9, 5, 10, 4], [20, 11, 21, 12], [13, 7, 14, 6], [15, 23, 16, 22], [17, 1, 18, 24], [12, 19, 13, 20], [21, 3, 22, 2], [23, 19, 24, 18], [1, 17, 2, 16]]"
12n_0677_24,"[[2, 18, 3, 17], [4, 10, 5, 9], [6, 12, 7, 11], [8, 16, 9, 15], [10, 6, 11, 5], [21, 12, 22, 13], [14, 8, 15, 7], [16, 24, 17, 23], [18, 2, 19, 1], [13, 20, 14, 21], [22, 4, 23, 3], [24, 20, 1, 19]]"
12n_0677_25,"[[24, 20, 1, 19], [2, 18, 3, 17], [4, 10, 5, 9], [6, 12, 7, 11], [8, 16, 9, 15], [10, 6, 11, 5], [21, 12, 22, 13], [14, 8, 15, 7], [16, 24, 17, 23], [18, 2, 19, 1], [13, 20, 14, 21], [22, 4, 23, 3]]"
12n_0677_26,"[[22, 4, 23, 3], [24, 20, 1, 19], [2, 18, 3, 17], [4, 10, 5, 9], [6, 12, 7, 11], [8, 16, 9, 15], [10, 6, 11, 5], [21, 12, 22, 13], [14, 8, 15, 7], [16, 24, 17, 23], [18, 2, 19, 1], [13, 20, 14, 21]]"
12n_0677_27,"[[13, 20, 14, 21], [22, 4, 23, 3], [24, 20, 1, 19], [2, 18, 3, 17], [4, 10, 5, 9], [6, 12, 7, 11], [8, 16, 9, 15], [10, 6, 11, 5], [21, 12, 22, 13], [14, 8, 15, 7], [16, 24, 17, 23], [18, 2, 19, 1]]"
12n_0677_28,"[[18, 2, 19, 1], [13, 20, 14, 21], [22, 4, 23, 3], [24, 20, 1, 19], [2, 18, 3, 17], [4, 10, 5, 9], [6, 12, 7, 11], [8, 16, 9, 15], [10, 6, 11, 5], [21, 12, 22, 13], [14, 8, 15, 7], [16, 24, 17, 23]]"
12n_0677_29,"[[16, 24, 17, 23], [18, 2, 19, 1], [13, 20, 14, 21], [22, 4, 23, 3], [24, 20, 1, 19], [2, 18, 3, 17], [4, 10, 5, 9], [6, 12, 7, 11], [8, 16, 9, 15], [10, 6, 11, 5], [21, 12, 22, 13], [14, 8, 15, 7]]"
12n_0677_30,"[[14, 8, 15, 7], [16, 24, 17, 23], [18, 2, 19, 1], [13, 20, 14, 21], [22, 4, 23, 3], [24, 20, 1, 19], [2, 18, 3, 17], [4, 10, 5, 9], [6, 12, 7, 11], [8, 16, 9, 15], [10, 6, 11, 5], [21, 12, 22, 13]]"
12n_0677_31,"[[21, 12, 22, 13], [14, 8, 15, 7], [16, 24, 17, 23], [18, 2, 19, 1], [13, 20, 14, 21], [22, 4, 23, 3], [24, 20, 1, 19], [2, 18, 3, 17], [4, 10, 5, 9], [6, 12, 7, 11], [8, 16, 9, 15], [10, 6, 11, 5]]"
12n_0677_32,"[[10, 6, 11, 5], [21, 12, 22, 13], [14, 8, 15, 7], [16, 24, 17, 23], [18, 2, 19, 1], [13, 20, 14, 21], [22, 4, 23, 3], [24, 20, 1, 19], [2, 18, 3, 17], [4, 10, 5, 9], [6, 12, 7, 11], [8, 16, 9, 15]]"
12n_0677_33,"[[8, 16, 9, 15], [10, 6, 11, 5], [21, 12, 22, 13], [14, 8, 15, 7], [16, 24, 17, 23], [18, 2, 19, 1], [13, 20, 14, 21], [22, 4, 23, 3], [24, 20, 1, 19], [2, 18, 3, 17], [4, 10, 5, 9], [6, 12, 7, 11]]"
12n_0677_34,"[[6, 12, 7, 11], [8, 16, 9, 15], [10, 6, 11, 5], [21, 12, 22, 13], [14, 8, 15, 7], [16, 24, 17, 23], [18, 2, 19, 1], [13, 20, 14, 21], [22, 4, 23, 3], [24, 20, 1, 19], [2, 18, 3, 17], [4, 10, 5, 9]]"
12n_0677_35,"[[4, 10, 5, 9], [6, 12, 7, 11], [8, 16, 9, 15], [10, 6, 11, 5], [21, 12, 22, 13], [14, 8, 15, 7], [16, 24, 17, 23], [18, 2, 19, 1], [13, 20, 14, 21], [22, 4, 23, 3], [24, 20, 1, 19], [2, 18, 3, 17]]"
12n_0677_36,"[[3, 19, 4, 18], [5, 11, 6, 10], [7, 13, 8, 12], [9, 17, 10, 16], [11, 7, 12, 6], [22, 13, 23, 14], [15, 9, 16, 8], [17, 1, 18, 24], [19, 3, 20, 2], [14, 21, 15, 22], [23, 5, 24, 4], [1, 21, 2, 20]]"
12n_0677_37,"[[1, 21, 2, 20], [3, 19, 4, 18], [5, 11, 6, 10], [7, 13, 8, 12], [9, 17, 10, 16], [11, 7, 12, 6], [22, 13, 23, 14], [15, 9, 16, 8], [17, 1, 18, 24], [19, 3, 20, 2], [14, 21, 15, 22], [23, 5, 24, 4]]"
12n_0677_38,"[[23, 5, 24, 4], [1, 21, 2, 20], [3, 19, 4, 18], [5, 11, 6, 10], [7, 13, 8, 12], [9, 17, 10, 16], [11, 7, 12, 6], [22, 13, 23, 14], [15, 9, 16, 8], [17, 1, 18, 24], [19, 3, 20, 2], [14, 21, 15, 22]]"
12n_0677_39,"[[14, 21, 15, 22], [23, 5, 24, 4], [1, 21, 2, 20], [3, 19, 4, 18], [5, 11, 6, 10], [7, 13, 8, 12], [9, 17, 10, 16], [11, 7, 12, 6], [22, 13, 23, 14], [15, 9, 16, 8], [17, 1, 18, 24], [19, 3, 20, 2]]"
12n_0677_40,"[[19, 3, 20, 2], [14, 21, 15, 22], [23, 5, 24, 4], [1, 21, 2, 20], [3, 19, 4, 18], [5, 11, 6, 10], [7, 13, 8, 12], [9, 17, 10, 16], [11, 7, 12, 6], [22, 13, 23, 14], [15, 9, 16, 8], [17, 1, 18, 24]]"
12n_0677_41,"[[17, 1, 18, 24], [19, 3, 20, 2], [14, 21, 15, 22], [23, 5, 24, 4], [1, 21, 2, 20], [3, 19, 4, 18], [5, 11, 6, 10], [7, 13, 8, 12], [9, 17, 10, 16], [11, 7, 12, 6], [22, 13, 23, 14], [15, 9, 16, 8]]"
12n_0677_42,"[[15, 9, 16, 8], [17, 1, 18, 24], [19, 3, 20, 2], [14, 21, 15, 22], [23, 5, 24, 4], [1, 21, 2, 20], [3, 19, 4, 18], [5, 11, 6, 10], [7, 13, 8, 12], [9, 17, 10, 16], [11, 7, 12, 6], [22, 13, 23, 14]]"
12n_0677_43,"[[22, 13, 23, 14], [15, 9, 16, 8], [17, 1, 18, 24], [19, 3, 20, 2], [14, 21, 15, 22], [23, 5, 24, 4], [1, 21, 2, 20], [3, 19, 4, 18], [5, 11, 6, 10], [7, 13, 8, 12], [9, 17, 10, 16], [11, 7, 12, 6]]"
12n_0677_44,"[[11, 7, 12, 6], [22, 13, 23, 14], [15, 9, 16, 8], [17, 1, 18, 24], [19, 3, 20, 2], [14, 21, 15, 22], [23, 5, 24, 4], [1, 21, 2, 20], [3, 19, 4, 18], [5, 11, 6, 10], [7, 13, 8, 12], [9, 17, 10, 16]]"
12n_0677_45,"[[9, 17, 10, 16], [11, 7, 12, 6], [22, 13, 23, 14], [15, 9, 16, 8], [17, 1, 18, 24], [19, 3, 20, 2], [14, 21, 15, 22], [23, 5, 24, 4], [1, 21, 2, 20], [3, 19, 4, 18], [5, 11, 6, 10], [7, 13, 8, 12]]"
12n_0677_46,"[[7, 13, 8, 12], [9, 17, 10, 16], [11, 7, 12, 6], [22, 13, 23, 14], [15, 9, 16, 8], [17, 1, 18, 24], [19, 3, 20, 2], [14, 21, 15, 22], [23, 5, 24, 4], [1, 21, 2, 20], [3, 19, 4, 18], [5, 11, 6, 10]]"
12n_0677_47,"[[5, 11, 6, 10], [7, 13, 8, 12], [9, 17, 10, 16], [11, 7, 12, 6], [22, 13, 23, 14], [15, 9, 16, 8], [17, 1, 18, 24], [19, 3, 20, 2], [14, 21, 15, 22], [23, 5, 24, 4], [1, 21, 2, 20], [3, 19, 4, 18]]"
12n_0677_48,"[[4, 20, 5, 19], [6, 12, 7, 11], [8, 14, 9, 13], [10, 18, 11, 17], [12, 8, 13, 7], [23, 14, 24, 15], [16, 10, 17, 9], [18, 2, 19, 1], [20, 4, 21, 3], [15, 22, 16, 23], [24, 6, 1, 5], [2, 22, 3, 21]]"
12n_0677_49,"[[2, 22, 3, 21], [4, 20, 5, 19], [6, 12, 7, 11], [8, 14, 9, 13], [10, 18, 11, 17], [12, 8, 13, 7], [23, 14, 24, 15], [16, 10, 17, 9], [18, 2, 19, 1], [20, 4, 21, 3], [15, 22, 16, 23], [24, 6, 1, 5]]"
12n_0677_50,"[[24, 6, 1, 5], [2, 22, 3, 21], [4, 20, 5, 19], [6, 12, 7, 11], [8, 14, 9, 13], [10, 18, 11, 17], [12, 8, 13, 7], [23, 14, 24, 15], [16, 10, 17, 9], [18, 2, 19, 1], [20, 4, 21, 3], [15, 22, 16, 23]]"
12n_0677_51,"[[15, 22, 16, 23], [24, 6, 1, 5], [2, 22, 3, 21], [4, 20, 5, 19], [6, 12, 7, 11], [8, 14, 9, 13], [10, 18, 11, 17], [12, 8, 13, 7], [23, 14, 24, 15], [16, 10, 17, 9], [18, 2, 19, 1], [20, 4, 21, 3]]"
12n_0677_52,"[[20, 4, 21, 3], [15, 22, 16, 23], [24, 6, 1, 5], [2, 22, 3, 21], [4, 20, 5, 19], [6, 12, 7, 11], [8, 14, 9, 13], [10, 18, 11, 17], [12, 8, 13, 7], [23, 14, 24, 15], [16, 10, 17, 9], [18, 2, 19, 1]]"
12n_0677_53,"[[18, 2, 19, 1], [20, 4, 21, 3], [15, 22, 16, 23], [24, 6, 1, 5], [2, 22, 3, 21], [4, 20, 5, 19], [6, 12, 7, 11], [8, 14, 9, 13], [10, 18, 11, 17], [12, 8, 13, 7], [23, 14, 24, 15], [16, 10, 17, 9]]"
12n_0677_54,"[[16, 10, 17, 9], [18, 2, 19, 1], [20, 4, 21, 3], [15, 22, 16, 23], [24, 6, 1, 5], [2, 22, 3, 21], [4, 20, 5, 19], [6, 12, 7, 11], [8, 14, 9, 13], [10, 18, 11, 17], [12, 8, 13, 7], [23, 14, 24, 15]]"
12n_0677_55,"[[23, 14, 24, 15], [16, 10, 17, 9], [18, 2, 19, 1], [20, 4, 21, 3], [15, 22, 16, 23], [24, 6, 1, 5], [2, 22, 3, 21], [4, 20, 5, 19], [6, 12, 7, 11], [8, 14, 9, 13], [10, 18, 11, 17], [12, 8, 13, 7]]"
12n_0677_56,"[[12, 8, 13, 7], [23, 14, 24, 15], [16, 10, 17, 9], [18, 2, 19, 1], [20, 4, 21, 3], [15, 22, 16, 23], [24, 6, 1, 5], [2, 22, 3, 21], [4, 20, 5, 19], [6, 12, 7, 11], [8, 14, 9, 13], [10, 18, 11, 17]]"
12n_0677_57,"[[10, 18, 11, 17], [12, 8, 13, 7], [23, 14, 24, 15], [16, 10, 17, 9], [18, 2, 19, 1], [20, 4, 21, 3], [15, 22, 16, 23], [24, 6, 1, 5], [2, 22, 3, 21], [4, 20, 5, 19], [6, 12, 7, 11], [8, 14, 9, 13]]"
12n_0677_58,"[[8, 14, 9, 13], [10, 18, 11, 17], [12, 8, 13, 7], [23, 14, 24, 15], [16, 10, 17, 9], [18, 2, 19, 1], [20, 4, 21, 3], [15, 22, 16, 23], [24, 6, 1, 5], [2, 22, 3, 21], [4, 20, 5, 19], [6, 12, 7, 11]]"
12n_0677_59,"[[6, 12, 7, 11], [8, 14, 9, 13], [10, 18, 11, 17], [12, 8, 13, 7], [23, 14, 24, 15], [16, 10, 17, 9], [18, 2, 19, 1], [20, 4, 21, 3], [15, 22, 16, 23], [24, 6, 1, 5], [2, 22, 3, 21], [4, 20, 5, 19]]"
12n_0677_60,"[[5, 21, 6, 20], [7, 13, 8, 12], [9, 15, 10, 14], [11, 19, 12, 18], [13, 9, 14, 8], [24, 15, 1, 16], [17, 11, 18, 10], [19, 3, 20, 2], [21, 5, 22, 4], [16, 23, 17, 24], [1, 7, 2, 6], [3, 23, 4, 22]]"
12n_0677_61,"[[3, 23, 4, 22], [5, 21, 6, 20], [7, 13, 8, 12], [9, 15, 10, 14], [11, 19, 12, 18], [13, 9, 14, 8], [24, 15, 1, 16], [17, 11, 18, 10], [19, 3, 20, 2], [21, 5, 22, 4], [16, 23, 17, 24], [1, 7, 2, 6]]"
12n_0677_62,"[[1, 7, 2, 6], [3, 23, 4, 22], [5, 21, 6, 20], [7, 13, 8, 12], [9, 15, 10, 14], [11, 19, 12, 18], [13, 9, 14, 8], [24, 15, 1, 16], [17, 11, 18, 10], [19, 3, 20, 2], [21, 5, 22, 4], [16, 23, 17, 24]]"
12n_0677_63,"[[16, 23, 17, 24], [1, 7, 2, 6], [3, 23, 4, 22], [5, 21, 6, 20], [7, 13, 8, 12], [9, 15, 10, 14], [11, 19, 12, 18], [13, 9, 14, 8], [24, 15, 1, 16], [17, 11, 18, 10], [19, 3, 20, 2], [21, 5, 22, 4]]"
12n_0677_64,"[[21, 5, 22, 4], [16, 23, 17, 24], [1, 7, 2, 6], [3, 23, 4, 22], [5, 21, 6, 20], [7, 13, 8, 12], [9, 15, 10, 14], [11, 19, 12, 18], [13, 9, 14, 8], [24, 15, 1, 16], [17, 11, 18, 10], [19, 3, 20, 2]]"
12n_0677_65,"[[19, 3, 20, 2], [21, 5, 22, 4], [16, 23, 17, 24], [1, 7, 2, 6], [3, 23, 4, 22], [5, 21, 6, 20], [7, 13, 8, 12], [9, 15, 10, 14], [11, 19, 12, 18], [13, 9, 14, 8], [24, 15, 1, 16], [17, 11, 18, 10]]"
12n_0677_66,"[[17, 11, 18, 10], [19, 3, 20, 2], [21, 5, 22, 4], [16, 23, 17, 24], [1, 7, 2, 6], [3, 23, 4, 22], [5, 21, 6, 20], [7, 13, 8, 12], [9, 15, 10, 14], [11, 19, 12, 18], [13, 9, 14, 8], [24, 15, 1, 16]]"
12n_0677_67,"[[24, 15, 1, 16], [17, 11, 18, 10], [19, 3, 20, 2], [21, 5, 22, 4], [16, 23, 17, 24], [1, 7, 2, 6], [3, 23, 4, 22], [5, 21, 6, 20], [7, 13, 8, 12], [9, 15, 10, 14], [11, 19, 12, 18], [13, 9, 14, 8]]"
12n_0677_68,"[[13, 9, 14, 8], [24, 15, 1, 16], [17, 11, 18, 10], [19, 3, 20, 2], [21, 5, 22, 4], [16, 23, 17, 24], [1, 7, 2, 6], [3, 23, 4, 22], [5, 21, 6, 20], [7, 13, 8, 12], [9, 15, 10, 14], [11, 19, 12, 18]]"
12n_0677_69,"[[11, 19, 12, 18], [13, 9, 14, 8], [24, 15, 1, 16], [17, 11, 18, 10], [19, 3, 20, 2], [21, 5, 22, 4], [16, 23, 17, 24], [1, 7, 2, 6], [3, 23, 4, 22], [5, 21, 6, 20], [7, 13, 8, 12], [9, 15, 10, 14]]"
12n_0677_70,"[[9, 15, 10, 14], [11, 19, 12, 18], [13, 9, 14, 8], [24, 15, 1, 16], [17, 11, 18, 10], [19, 3, 20, 2], [21, 5, 22, 4], [16, 23, 17, 24], [1, 7, 2, 6], [3, 23, 4, 22], [5, 21, 6, 20], [7, 13, 8, 12]]"
12n_0677_71,"[[7, 13, 8, 12], [9, 15, 10, 14], [11, 19, 12, 18], [13, 9, 14, 8], [24, 15, 1, 16], [17, 11, 18, 10], [19, 3, 20, 2], [21, 5, 22, 4], [16, 23, 17, 24], [1, 7, 2, 6], [3, 23, 4, 22], [5, 21, 6, 20]]"
12n_0677_72,"[[6, 22, 7, 21], [8, 14, 9, 13], [10, 16, 11, 15], [12, 20, 13, 19], [14, 10, 15, 9], [1, 16, 2, 17], [18, 12, 19, 11], [20, 4, 21, 3], [22, 6, 23, 5], [17, 24, 18, 1], [2, 8, 3, 7], [4, 24, 5, 23]]"
12n_0677_73,"[[4, 24, 5, 23], [6, 22, 7, 21], [8, 14, 9, 13], [10, 16, 11, 15], [12, 20, 13, 19], [14, 10, 15, 9], [1, 16, 2, 17], [18, 12, 19, 11], [20, 4, 21, 3], [22, 6, 23, 5], [17, 24, 18, 1], [2, 8, 3, 7]]"
12n_0677_74,"[[2, 8, 3, 7], [4, 24, 5, 23], [6, 22, 7, 21], [8, 14, 9, 13], [10, 16, 11, 15], [12, 20, 13, 19], [14, 10, 15, 9], [1, 16, 2, 17], [18, 12, 19, 11], [20, 4, 21, 3], [22, 6, 23, 5], [17, 24, 18, 1]]"
12n_0677_75,"[[17, 24, 18, 1], [2, 8, 3, 7], [4, 24, 5, 23], [6, 22, 7, 21], [8, 14, 9, 13], [10, 16, 11, 15], [12, 20, 13, 19], [14, 10, 15, 9], [1, 16, 2, 17], [18, 12, 19, 11], [20, 4, 21, 3], [22, 6, 23, 5]]"
12n_0677_76,"[[22, 6, 23, 5], [17, 24, 18, 1], [2, 8, 3, 7], [4, 24, 5, 23], [6, 22, 7, 21], [8, 14, 9, 13], [10, 16, 11, 15], [12, 20, 13, 19], [14, 10, 15, 9], [1, 16, 2, 17], [18, 12, 19, 11], [20, 4, 21, 3]]"
12n_0677_77,"[[20, 4, 21, 3], [22, 6, 23, 5], [17, 24, 18, 1], [2, 8, 3, 7], [4, 24, 5, 23], [6, 22, 7, 21], [8, 14, 9, 13], [10, 16, 11, 15], [12, 20, 13, 19], [14, 10, 15, 9], [1, 16, 2, 17], [18, 12, 19, 11]]"
12n_0677_78,"[[18, 12, 19, 11], [20, 4, 21, 3], [22, 6, 23, 5], [17, 24, 18, 1], [2, 8, 3, 7], [4, 24, 5, 23], [6, 22, 7, 21], [8, 14, 9, 13], [10, 16, 11, 15], [12, 20, 13, 19], [14, 10, 15, 9], [1, 16, 2, 17]]"
12n_0677_79,"[[1, 16, 2, 17], [18, 12, 19, 11], [20, 4, 21, 3], [22, 6, 23, 5], [17, 24, 18, 1], [2, 8, 3, 7], [4, 24, 5, 23], [6, 22, 7, 21], [8, 14, 9, 13], [10, 16, 11, 15], [12, 20, 13, 19], [14, 10, 15, 9]]"
12n_0677_80,"[[14, 10, 15, 9], [1, 16, 2, 17], [18, 12, 19, 11], [20, 4, 21, 3], [22, 6, 23, 5], [17, 24, 18, 1], [2, 8, 3, 7], [4, 24, 5, 23], [6, 22, 7, 21], [8, 14, 9, 13], [10, 16, 11, 15], [12, 20, 13, 19]]"
12n_0677_81,"[[12, 20, 13, 19], [14, 10, 15, 9], [1, 16, 2, 17], [18, 12, 19, 11], [20, 4, 21, 3], [22, 6, 23, 5], [17, 24, 18, 1], [2, 8, 3, 7], [4, 24, 5, 23], [6, 22, 7, 21], [8, 14, 9, 13], [10, 16, 11, 15]]"
12n_0677_82,"[[10, 16, 11, 15], [12, 20, 13, 19], [14, 10, 15, 9], [1, 16, 2, 17], [18, 12, 19, 11], [20, 4, 21, 3], [22, 6, 23, 5], [17, 24, 18, 1], [2, 8, 3, 7], [4, 24, 5, 23], [6, 22, 7, 21], [8, 14, 9, 13]]"
12n_0677_83,"[[8, 14, 9, 13], [10, 16, 11, 15], [12, 20, 13, 19], [14, 10, 15, 9], [1, 16, 2, 17], [18, 12, 19, 11], [20, 4, 21, 3], [22, 6, 23, 5], [17, 24, 18, 1], [2, 8, 3, 7], [4, 24, 5, 23], [6, 22, 7, 21]]"
12n_0677_84,"[[7, 23, 8, 22], [9, 15, 10, 14], [11, 17, 12, 16], [13, 21, 14, 20], [15, 11, 16, 10], [2, 17, 3, 18], [19, 13, 20, 12], [21, 5, 22, 4], [23, 7, 24, 6], [18, 1, 19, 2], [3, 9, 4, 8], [5, 1, 6, 24]]"
12n_0677_85,"[[5, 1, 6, 24], [7, 23, 8, 22], [9, 15, 10, 14], [11, 17, 12, 16], [13, 21, 14, 20], [15, 11, 16, 10], [2, 17, 3, 18], [19, 13, 20, 12], [21, 5, 22, 4], [23, 7, 24, 6], [18, 1, 19, 2], [3, 9, 4, 8]]"
12n_0677_86,"[[3, 9, 4, 8], [5, 1, 6, 24], [7, 23, 8, 22], [9, 15, 10, 14], [11, 17, 12, 16], [13, 21, 14, 20], [15, 11, 16, 10], [2, 17, 3, 18], [19, 13, 20, 12], [21, 5, 22, 4], [23, 7, 24, 6], [18, 1, 19, 2]]"
12n_0677_87,"[[18, 1, 19, 2], [3, 9, 4, 8], [5, 1, 6, 24], [7, 23, 8, 22], [9, 15, 10, 14], [11, 17, 12, 16], [13, 21, 14, 20], [15, 11, 16, 10], [2, 17, 3, 18], [19, 13, 20, 12], [21, 5, 22, 4], [23, 7, 24, 6]]"
12n_0677_88,"[[23, 7, 24, 6], [18, 1, 19, 2], [3, 9, 4, 8], [5, 1, 6, 24], [7, 23, 8, 22], [9, 15, 10, 14], [11, 17, 12, 16], [13, 21, 14, 20], [15, 11, 16, 10], [2, 17, 3, 18], [19, 13, 20, 12], [21, 5, 22, 4]]"
12n_0677_89,"[[21, 5, 22, 4], [23, 7, 24, 6], [18, 1, 19, 2], [3, 9, 4, 8], [5, 1, 6, 24], [7, 23, 8, 22], [9, 15, 10, 14], [11, 17, 12, 16], [13, 21, 14, 20], [15, 11, 16, 10], [2, 17, 3, 18], [19, 13, 20, 12]]"
12n_0677_90,"[[19, 13, 20, 12], [21, 5, 22, 4], [23, 7, 24, 6], [18, 1, 19, 2], [3, 9, 4, 8], [5, 1, 6, 24], [7, 23, 8, 22], [9, 15, 10, 14], [11, 17, 12, 16], [13, 21, 14, 20], [15, 11, 16, 10], [2, 17, 3, 18]]"
12n_0677_91,"[[2, 17, 3, 18], [19, 13, 20, 12], [21, 5, 22, 4], [23, 7, 24, 6], [18, 1, 19, 2], [3, 9, 4, 8], [5, 1, 6, 24], [7, 23, 8, 22], [9, 15, 10, 14], [11, 17, 12, 16], [13, 21, 14, 20], [15, 11, 16, 10]]"
12n_0677_92,"[[15, 11, 16, 10], [2, 17, 3, 18], [19, 13, 20, 12], [21, 5, 22, 4], [23, 7, 24, 6], [18, 1, 19, 2], [3, 9, 4, 8], [5, 1, 6, 24], [7, 23, 8, 22], [9, 15, 10, 14], [11, 17, 12, 16], [13, 21, 14, 20]]"
12n_0677_93,"[[13, 21, 14, 20], [15, 11, 16, 10], [2, 17, 3, 18], [19, 13, 20, 12], [21, 5, 22, 4], [23, 7, 24, 6], [18, 1, 19, 2], [3, 9, 4, 8], [5, 1, 6, 24], [7, 23, 8, 22], [9, 15, 10, 14], [11, 17, 12, 16]]"
12n_0677_94,"[[11, 17, 12, 16], [13, 21, 14, 20], [15, 11, 16, 10], [2, 17, 3, 18], [19, 13, 20, 12], [21, 5, 22, 4], [23, 7, 24, 6], [18, 1, 19, 2], [3, 9, 4, 8], [5, 1, 6, 24], [7, 23, 8, 22], [9, 15, 10, 14]]"
12n_0677_95,"[[9, 15, 10, 14], [11, 17, 12, 16], [13, 21, 14, 20], [15, 11, 16, 10], [2, 17, 3, 18], [19, 13, 20, 12], [21, 5, 22, 4], [23, 7, 24, 6], [18, 1, 19, 2], [3, 9, 4, 8], [5, 1, 6, 24], [7, 23, 8, 22]]"
12n_0677_96,"[[8, 24, 9, 23], [10, 16, 11, 15], [12, 18, 13, 17], [14, 22, 15, 21], [16, 12, 17, 11], [3, 18, 4, 19], [20, 14, 21, 13], [22, 6, 23, 5], [24, 8, 1, 7], [19, 2, 20, 3], [4, 10, 5, 9], [6, 2, 7, 1]]"
12n_0677_97,"[[6, 2, 7, 1], [8, 24, 9, 23], [10, 16, 11, 15], [12, 18, 13, 17], [14, 22, 15, 21], [16, 12, 17, 11], [3, 18, 4, 19], [20, 14, 21, 13], [22, 6, 23, 5], [24, 8, 1, 7], [19, 2, 20, 3], [4, 10, 5, 9]]"
12n_0677_98,"[[4, 10, 5, 9], [6, 2, 7, 1], [8, 24, 9, 23], [10, 16, 11, 15], [12, 18, 13, 17], [14, 22, 15, 21], [16, 12, 17, 11], [3, 18, 4, 19], [20, 14, 21, 13], [22, 6, 23, 5], [24, 8, 1, 7], [19, 2, 20, 3]]"
12n_0677_99,"[[19, 2, 20, 3], [4, 10, 5, 9], [6, 2, 7, 1], [8, 24, 9, 23], [10, 16, 11, 15], [12, 18, 13, 17], [14, 22, 15, 21], [16, 12, 17, 11], [3, 18, 4, 19], [20, 14, 21, 13], [22, 6, 23, 5], [24, 8, 1, 7]]"
12n_0677_100,"[[24, 8, 1, 7], [19, 2, 20, 3], [4, 10, 5, 9], [6, 2, 7, 1], [8, 24, 9, 23], [10, 16, 11, 15], [12, 18, 13, 17], [14, 22, 15, 21], [16, 12, 17, 11], [3, 18, 4, 19], [20, 14, 21, 13], [22, 6, 23, 5]]"
12n_0677_101,"[[22, 6, 23, 5], [24, 8, 1, 7], [19, 2, 20, 3], [4, 10, 5, 9], [6, 2, 7, 1], [8, 24, 9, 23], [10, 16, 11, 15], [12, 18, 13, 17], [14, 22, 15, 21], [16, 12, 17, 11], [3, 18, 4, 19], [20, 14, 21, 13]]"
12n_0677_102,"[[20, 14, 21, 13], [22, 6, 23, 5], [24, 8, 1, 7], [19, 2, 20, 3], [4, 10, 5, 9], [6, 2, 7, 1], [8, 24, 9, 23], [10, 16, 11, 15], [12, 18, 13, 17], [14, 22, 15, 21], [16, 12, 17, 11], [3, 18, 4, 19]]"
12n_0677_103,"[[3, 18, 4, 19], [20, 14, 21, 13], [22, 6, 23, 5], [24, 8, 1, 7], [19, 2, 20, 3], [4, 10, 5, 9], [6, 2, 7, 1], [8, 24, 9, 23], [10, 16, 11, 15], [12, 18, 13, 17], [14, 22, 15, 21], [16, 12, 17, 11]]"
12n_0677_104,"[[16, 12, 17, 11], [3, 18, 4, 19], [20, 14, 21, 13], [22, 6, 23, 5], [24, 8, 1, 7], [19, 2, 20, 3], [4, 10, 5, 9], [6, 2, 7, 1], [8, 24, 9, 23], [10, 16, 11, 15], [12, 18, 13, 17], [14, 22, 15, 21]]"
12n_0677_105,"[[14, 22, 15, 21], [16, 12, 17, 11], [3, 18, 4, 19], [20, 14, 21, 13], [22, 6, 23, 5], [24, 8, 1, 7], [19, 2, 20, 3], [4, 10, 5, 9], [6, 2, 7, 1], [8, 24, 9, 23], [10, 16, 11, 15], [12, 18, 13, 17]]"
12n_0677_106,"[[12, 18, 13, 17], [14, 22, 15, 21], [16, 12, 17, 11], [3, 18, 4, 19], [20, 14, 21, 13], [22, 6, 23, 5], [24, 8, 1, 7], [19, 2, 20, 3], [4, 10, 5, 9], [6, 2, 7, 1], [8, 24, 9, 23], [10, 16, 11, 15]]"
12n_0677_107,"[[10, 16, 11, 15], [12, 18, 13, 17], [14, 22, 15, 21], [16, 12, 17, 11], [3, 18, 4, 19], [20, 14, 21, 13], [22, 6, 23, 5], [24, 8, 1, 7], [19, 2, 20, 3], [4, 10, 5, 9], [6, 2, 7, 1], [8, 24, 9, 23]]"
12n_0677_108,"[[9, 1, 10, 24], [11, 17, 12, 16], [13, 19, 14, 18], [15, 23, 16, 22], [17, 13, 18, 12], [4, 19, 5, 20], [21, 15, 22, 14], [23, 7, 24, 6], [1, 9, 2, 8], [20, 3, 21, 4], [5, 11, 6, 10], [7, 3, 8, 2]]"
12n_0677_109,"[[7, 3, 8, 2], [9, 1, 10, 24], [11, 17, 12, 16], [13, 19, 14, 18], [15, 23, 16, 22], [17, 13, 18, 12], [4, 19, 5, 20], [21, 15, 22, 14], [23, 7, 24, 6], [1, 9, 2, 8], [20, 3, 21, 4], [5, 11, 6, 10]]"
12n_0677_110,"[[5, 11, 6, 10], [7, 3, 8, 2], [9, 1, 10, 24], [11, 17, 12, 16], [13, 19, 14, 18], [15, 23, 16, 22], [17, 13, 18, 12], [4, 19, 5, 20], [21, 15, 22, 14], [23, 7, 24, 6], [1, 9, 2, 8], [20, 3, 21, 4]]"
12n_0677_111,"[[20, 3, 21, 4], [5, 11, 6, 10], [7, 3, 8, 2], [9, 1, 10, 24], [11, 17, 12, 16], [13, 19, 14, 18], [15, 23, 16, 22], [17, 13, 18, 12], [4, 19, 5, 20], [21, 15, 22, 14], [23, 7, 24, 6], [1, 9, 2, 8]]"
12n_0677_112,"[[1, 9, 2, 8], [20, 3, 21, 4], [5, 11, 6, 10], [7, 3, 8, 2], [9, 1, 10, 24], [11, 17, 12, 16], [13, 19, 14, 18], [15, 23, 16, 22], [17, 13, 18, 12], [4, 19, 5, 20], [21, 15, 22, 14], [23, 7, 24, 6]]"
12n_0677_113,"[[23, 7, 24, 6], [1, 9, 2, 8], [20, 3, 21, 4], [5, 11, 6, 10], [7, 3, 8, 2], [9, 1, 10, 24], [11, 17, 12, 16], [13, 19, 14, 18], [15, 23, 16, 22], [17, 13, 18, 12], [4, 19, 5, 20], [21, 15, 22, 14]]"
12n_0677_114,"[[21, 15, 22, 14], [23, 7, 24, 6], [1, 9, 2, 8], [20, 3, 21, 4], [5, 11, 6, 10], [7, 3, 8, 2], [9, 1, 10, 24], [11, 17, 12, 16], [13, 19, 14, 18], [15, 23, 16, 22], [17, 13, 18, 12], [4, 19, 5, 20]]"
12n_0677_115,"[[4, 19, 5, 20], [21, 15, 22, 14], [23, 7, 24, 6], [1, 9, 2, 8], [20, 3, 21, 4], [5, 11, 6, 10], [7, 3, 8, 2], [9, 1, 10, 24], [11, 17, 12, 16], [13, 19, 14, 18], [15, 23, 16, 22], [17, 13, 18, 12]]"
12n_0677_116,"[[17, 13, 18, 12], [4, 19, 5, 20], [21, 15, 22, 14], [23, 7, 24, 6], [1, 9, 2, 8], [20, 3, 21, 4], [5, 11, 6, 10], [7, 3, 8, 2], [9, 1, 10, 24], [11, 17, 12, 16], [13, 19, 14, 18], [15, 23, 16, 22]]"
12n_0677_117,"[[15, 23, 16, 22], [17, 13, 18, 12], [4, 19, 5, 20], [21, 15, 22, 14], [23, 7, 24, 6], [1, 9, 2, 8], [20, 3, 21, 4], [5, 11, 6, 10], [7, 3, 8, 2], [9, 1, 10, 24], [11, 17, 12, 16], [13, 19, 14, 18]]"
12n_0677_118,"[[13, 19, 14, 18], [15, 23, 16, 22], [17, 13, 18, 12], [4, 19, 5, 20], [21, 15, 22, 14], [23, 7, 24, 6], [1, 9, 2, 8], [20, 3, 21, 4], [5, 11, 6, 10], [7, 3, 8, 2], [9, 1, 10, 24], [11, 17, 12, 16]]"
12n_0677_119,"[[11, 17, 12, 16], [13, 19, 14, 18], [15, 23, 16, 22], [17, 13, 18, 12], [4, 19, 5, 20], [21, 15, 22, 14], [23, 7, 24, 6], [1, 9, 2, 8], [20, 3, 21, 4], [5, 11, 6, 10], [7, 3, 8, 2], [9, 1, 10, 24]]"
12n_0677_120,"[[10, 2, 11, 1], [12, 18, 13, 17], [14, 20, 15, 19], [16, 24, 17, 23], [18, 14, 19, 13], [5, 20, 6, 21], [22, 16, 23, 15], [24, 8, 1, 7], [2, 10, 3, 9], [21, 4, 22, 5], [6, 12, 7, 11], [8, 4, 9, 3]]"
12n_0677_121,"[[8, 4, 9, 3], [10, 2, 11, 1], [12, 18, 13, 17], [14, 20, 15, 19], [16, 24, 17, 23], [18, 14, 19, 13], [5, 20, 6, 21], [22, 16, 23, 15], [24, 8, 1, 7], [2, 10, 3, 9], [21, 4, 22, 5], [6, 12, 7, 11]]"
12n_0677_122,"[[6, 12, 7, 11], [8, 4, 9, 3], [10, 2, 11, 1], [12, 18, 13, 17], [14, 20, 15, 19], [16, 24, 17, 23], [18, 14, 19, 13], [5, 20, 6, 21], [22, 16, 23, 15], [24, 8, 1, 7], [2, 10, 3, 9], [21, 4, 22, 5]]"
12n_0677_123,"[[21, 4, 22, 5], [6, 12, 7, 11], [8, 4, 9, 3], [10, 2, 11, 1], [12, 18, 13, 17], [14, 20, 15, 19], [16, 24, 17, 23], [18, 14, 19, 13], [5, 20, 6, 21], [22, 16, 23, 15], [24, 8, 1, 7], [2, 10, 3, 9]]"
12n_0677_124,"[[2, 10, 3, 9], [21, 4, 22, 5], [6, 12, 7, 11], [8, 4, 9, 3], [10, 2, 11, 1], [12, 18, 13, 17], [14, 20, 15, 19], [16, 24, 17, 23], [18, 14, 19, 13], [5, 20, 6, 21], [22, 16, 23, 15], [24, 8, 1, 7]]"
12n_0677_125,"[[24, 8, 1, 7], [2, 10, 3, 9], [21, 4, 22, 5], [6, 12, 7, 11], [8, 4, 9, 3], [10, 2, 11, 1], [12, 18, 13, 17], [14, 20, 15, 19], [16, 24, 17, 23], [18, 14, 19, 13], [5, 20, 6, 21], [22, 16, 23, 15]]"
12n_0677_126,"[[22, 16, 23, 15], [24, 8, 1, 7], [2, 10, 3, 9], [21, 4, 22, 5], [6, 12, 7, 11], [8, 4, 9, 3], [10, 2, 11, 1], [12, 18, 13, 17], [14, 20, 15, 19], [16, 24, 17, 23], [18, 14, 19, 13], [5, 20, 6, 21]]"
12n_0677_127,"[[5, 20, 6, 21], [22, 16, 23, 15], [24, 8, 1, 7], [2, 10, 3, 9], [21, 4, 22, 5], [6, 12, 7, 11], [8, 4, 9, 3], [10, 2, 11, 1], [12, 18, 13, 17], [14, 20, 15, 19], [16, 24, 17, 23], [18, 14, 19, 13]]"
12n_0677_128,"[[18, 14, 19, 13], [5, 20, 6, 21], [22, 16, 23, 15], [24, 8, 1, 7], [2, 10, 3, 9], [21, 4, 22, 5], [6, 12, 7, 11], [8, 4, 9, 3], [10, 2, 11, 1], [12, 18, 13, 17], [14, 20, 15, 19], [16, 24, 17, 23]]"
12n_0677_129,"[[16, 24, 17, 23], [18, 14, 19, 13], [5, 20, 6, 21], [22, 16, 23, 15], [24, 8, 1, 7], [2, 10, 3, 9], [21, 4, 22, 5], [6, 12, 7, 11], [8, 4, 9, 3], [10, 2, 11, 1], [12, 18, 13, 17], [14, 20, 15, 19]]"
12n_0677_130,"[[14, 20, 15, 19], [16, 24, 17, 23], [18, 14, 19, 13], [5, 20, 6, 21], [22, 16, 23, 15], [24, 8, 1, 7], [2, 10, 3, 9], [21, 4, 22, 5], [6, 12, 7, 11], [8, 4, 9, 3], [10, 2, 11, 1], [12, 18, 13, 17]]"
12n_0677_131,"[[12, 18, 13, 17], [14, 20, 15, 19], [16, 24, 17, 23], [18, 14, 19, 13], [5, 20, 6, 21], [22, 16, 23, 15], [24, 8, 1, 7], [2, 10, 3, 9], [21, 4, 22, 5], [6, 12, 7, 11], [8, 4, 9, 3], [10, 2, 11, 1]]"
12n_0677_132,"[[11, 3, 12, 2], [13, 19, 14, 18], [15, 21, 16, 20], [17, 1, 18, 24], [19, 15, 20, 14], [6, 21, 7, 22], [23, 17, 24, 16], [1, 9, 2, 8], [3, 11, 4, 10], [22, 5, 23, 6], [7, 13, 8, 12], [9, 5, 10, 4]]"
12n_0677_133,"[[9, 5, 10, 4], [11, 3, 12, 2], [13, 19, 14, 18], [15, 21, 16, 20], [17, 1, 18, 24], [19, 15, 20, 14], [6, 21, 7, 22], [23, 17, 24, 16], [1, 9, 2, 8], [3, 11, 4, 10], [22, 5, 23, 6], [7, 13, 8, 12]]"
12n_0677_134,"[[7, 13, 8, 12], [9, 5, 10, 4], [11, 3, 12, 2], [13, 19, 14, 18], [15, 21, 16, 20], [17, 1, 18, 24], [19, 15, 20, 14], [6, 21, 7, 22], [23, 17, 24, 16], [1, 9, 2, 8], [3, 11, 4, 10], [22, 5, 23, 6]]"
12n_0677_135,"[[22, 5, 23, 6], [7, 13, 8, 12], [9, 5, 10, 4], [11, 3, 12, 2], [13, 19, 14, 18], [15, 21, 16, 20], [17, 1, 18, 24], [19, 15, 20, 14], [6, 21, 7, 22], [23, 17, 24, 16], [1, 9, 2, 8], [3, 11, 4, 10]]"
12n_0677_136,"[[3, 11, 4, 10], [22, 5, 23, 6], [7, 13, 8, 12], [9, 5, 10, 4], [11, 3, 12, 2], [13, 19, 14, 18], [15, 21, 16, 20], [17, 1, 18, 24], [19, 15, 20, 14], [6, 21, 7, 22], [23, 17, 24, 16], [1, 9, 2, 8]]"
12n_0677_137,"[[1, 9, 2, 8], [3, 11, 4, 10], [22, 5, 23, 6], [7, 13, 8, 12], [9, 5, 10, 4], [11, 3, 12, 2], [13, 19, 14, 18], [15, 21, 16, 20], [17, 1, 18, 24], [19, 15, 20, 14], [6, 21, 7, 22], [23, 17, 24, 16]]"
12n_0677_138,"[[23, 17, 24, 16], [1, 9, 2, 8], [3, 11, 4, 10], [22, 5, 23, 6], [7, 13, 8, 12], [9, 5, 10, 4], [11, 3, 12, 2], [13, 19, 14, 18], [15, 21, 16, 20], [17, 1, 18, 24], [19, 15, 20, 14], [6, 21, 7, 22]]"
12n_0677_139,"[[6, 21, 7, 22], [23, 17, 24, 16], [1, 9, 2, 8], [3, 11, 4, 10], [22, 5, 23, 6], [7, 13, 8, 12], [9, 5, 10, 4], [11, 3, 12, 2], [13, 19, 14, 18], [15, 21, 16, 20], [17, 1, 18, 24], [19, 15, 20, 14]]"
12n_0677_140,"[[19, 15, 20, 14], [6, 21, 7, 22], [23, 17, 24, 16], [1, 9, 2, 8], [3, 11, 4, 10], [22, 5, 23, 6], [7, 13, 8, 12], [9, 5, 10, 4], [11, 3, 12, 2], [13, 19, 14, 18], [15, 21, 16, 20], [17, 1, 18, 24]]"
12n_0677_141,"[[17, 1, 18, 24], [19, 15, 20, 14], [6, 21, 7, 22], [23, 17, 24, 16], [1, 9, 2, 8], [3, 11, 4, 10], [22, 5, 23, 6], [7, 13, 8, 12], [9, 5, 10, 4], [11, 3, 12, 2], [13, 19, 14, 18], [15, 21, 16, 20]]"
12n_0677_142,"[[15, 21, 16, 20], [17, 1, 18, 24], [19, 15, 20, 14], [6, 21, 7, 22], [23, 17, 24, 16], [1, 9, 2, 8], [3, 11, 4, 10], [22, 5, 23, 6], [7, 13, 8, 12], [9, 5, 10, 4], [11, 3, 12, 2], [13, 19, 14, 18]]"
12n_0677_143,"[[13, 19, 14, 18], [15, 21, 16, 20], [17, 1, 18, 24], [19, 15, 20, 14], [6, 21, 7, 22], [23, 17, 24, 16], [1, 9, 2, 8], [3, 11, 4, 10], [22, 5, 23, 6], [7, 13, 8, 12], [9, 5, 10, 4], [11, 3, 12, 2]]"
12n_0677_144,"[[12, 4, 13, 3], [14, 20, 15, 19], [16, 22, 17, 21], [18, 2, 19, 1], [20, 16, 21, 15], [7, 22, 8, 23], [24, 18, 1, 17], [2, 10, 3, 9], [4, 12, 5, 11], [23, 6, 24, 7], [8, 14, 9, 13], [10, 6, 11, 5]]"
12n_0677_145,"[[10, 6, 11, 5], [12, 4, 13, 3], [14, 20, 15, 19], [16, 22, 17, 21], [18, 2, 19, 1], [20, 16, 21, 15], [7, 22, 8, 23], [24, 18, 1, 17], [2, 10, 3, 9], [4, 12, 5, 11], [23, 6, 24, 7], [8, 14, 9, 13]]"
12n_0677_146,"[[8, 14, 9, 13], [10, 6, 11, 5], [12, 4, 13, 3], [14, 20, 15, 19], [16, 22, 17, 21], [18, 2, 19, 1], [20, 16, 21, 15], [7, 22, 8, 23], [24, 18, 1, 17], [2, 10, 3, 9], [4, 12, 5, 11], [23, 6, 24, 7]]"
12n_0677_147,"[[23, 6, 24, 7], [8, 14, 9, 13], [10, 6, 11, 5], [12, 4, 13, 3], [14, 20, 15, 19], [16, 22, 17, 21], [18, 2, 19, 1], [20, 16, 21, 15], [7, 22, 8, 23], [24, 18, 1, 17], [2, 10, 3, 9], [4, 12, 5, 11]]"
12n_0677_148,"[[4, 12, 5, 11], [23, 6, 24, 7], [8, 14, 9, 13], [10, 6, 11, 5], [12, 4, 13, 3], [14, 20, 15, 19], [16, 22, 17, 21], [18, 2, 19, 1], [20, 16, 21, 15], [7, 22, 8, 23], [24, 18, 1, 17], [2, 10, 3, 9]]"
12n_0677_149,"[[2, 10, 3, 9], [4, 12, 5, 11], [23, 6, 24, 7], [8, 14, 9, 13], [10, 6, 11, 5], [12, 4, 13, 3], [14, 20, 15, 19], [16, 22, 17, 21], [18, 2, 19, 1], [20, 16, 21, 15], [7, 22, 8, 23], [24, 18, 1, 17]]"
12n_0677_150,"[[24, 18, 1, 17], [2, 10, 3, 9], [4, 12, 5, 11], [23, 6, 24, 7], [8, 14, 9, 13], [10, 6, 11, 5], [12, 4, 13, 3], [14, 20, 15, 19], [16, 22, 17, 21], [18, 2, 19, 1], [20, 16, 21, 15], [7, 22, 8, 23]]"
12n_0677_151,"[[7, 22, 8, 23], [24, 18, 1, 17], [2, 10, 3, 9], [4, 12, 5, 11], [23, 6, 24, 7], [8, 14, 9, 13], [10, 6, 11, 5], [12, 4, 13, 3], [14, 20, 15, 19], [16, 22, 17, 21], [18, 2, 19, 1], [20, 16, 21, 15]]"
12n_0677_152,"[[20, 16, 21, 15], [7, 22, 8, 23], [24, 18, 1, 17], [2, 10, 3, 9], [4, 12, 5, 11], [23, 6, 24, 7], [8, 14, 9, 13], [10, 6, 11, 5], [12, 4, 13, 3], [14, 20, 15, 19], [16, 22, 17, 21], [18, 2, 19, 1]]"
12n_0677_153,"[[18, 2, 19, 1], [20, 16, 21, 15], [7, 22, 8, 23], [24, 18, 1, 17], [2, 10, 3, 9], [4, 12, 5, 11], [23, 6, 24, 7], [8, 14, 9, 13], [10, 6, 11, 5], [12, 4, 13, 3], [14, 20, 15, 19], [16, 22, 17, 21]]"
12n_0677_154,"[[16, 22, 17, 21], [18, 2, 19, 1], [20, 16, 21, 15], [7, 22, 8, 23], [24, 18, 1, 17], [2, 10, 3, 9], [4, 12, 5, 11], [23, 6, 24, 7], [8, 14, 9, 13], [10, 6, 11, 5], [12, 4, 13, 3], [14, 20, 15, 19]]"
12n_0677_155,"[[14, 20, 15, 19], [16, 22, 17, 21], [18, 2, 19, 1], [20, 16, 21, 15], [7, 22, 8, 23], [24, 18, 1, 17], [2, 10, 3, 9], [4, 12, 5, 11], [23, 6, 24, 7], [8, 14, 9, 13], [10, 6, 11, 5], [12, 4, 13, 3]]"
12n_0677_156,"[[13, 5, 14, 4], [15, 21, 16, 20], [17, 23, 18, 22], [19, 3, 20, 2], [21, 17, 22, 16], [8, 23, 9, 24], [1, 19, 2, 18], [3, 11, 4, 10], [5, 13, 6, 12], [24, 7, 1, 8], [9, 15, 10, 14], [11, 7, 12, 6]]"
12n_0677_157,"[[11, 7, 12, 6], [13, 5, 14, 4], [15, 21, 16, 20], [17, 23, 18, 22], [19, 3, 20, 2], [21, 17, 22, 16], [8, 23, 9, 24], [1, 19, 2, 18], [3, 11, 4, 10], [5, 13, 6, 12], [24, 7, 1, 8], [9, 15, 10, 14]]"
12n_0677_158,"[[9, 15, 10, 14], [11, 7, 12, 6], [13, 5, 14, 4], [15, 21, 16, 20], [17, 23, 18, 22], [19, 3, 20, 2], [21, 17, 22, 16], [8, 23, 9, 24], [1, 19, 2, 18], [3, 11, 4, 10], [5, 13, 6, 12], [24, 7, 1, 8]]"
12n_0677_159,"[[24, 7, 1, 8], [9, 15, 10, 14], [11, 7, 12, 6], [13, 5, 14, 4], [15, 21, 16, 20], [17, 23, 18, 22], [19, 3, 20, 2], [21, 17, 22, 16], [8, 23, 9, 24], [1, 19, 2, 18], [3, 11, 4, 10], [5, 13, 6, 12]]"
12n_0677_160,"[[5, 13, 6, 12], [24, 7, 1, 8], [9, 15, 10, 14], [11, 7, 12, 6], [13, 5, 14, 4], [15, 21, 16, 20], [17, 23, 18, 22], [19, 3, 20, 2], [21, 17, 22, 16], [8, 23, 9, 24], [1, 19, 2, 18], [3, 11, 4, 10]]"
12n_0677_161,"[[3, 11, 4, 10], [5, 13, 6, 12], [24, 7, 1, 8], [9, 15, 10, 14], [11, 7, 12, 6], [13, 5, 14, 4], [15, 21, 16, 20], [17, 23, 18, 22], [19, 3, 20, 2], [21, 17, 22, 16], [8, 23, 9, 24], [1, 19, 2, 18]]"
12n_0677_162,"[[1, 19, 2, 18], [3, 11, 4, 10], [5, 13, 6, 12], [24, 7, 1, 8], [9, 15, 10, 14], [11, 7, 12, 6], [13, 5, 14, 4], [15, 21, 16, 20], [17, 23, 18, 22], [19, 3, 20, 2], [21, 17, 22, 16], [8, 23, 9, 24]]"
12n_0677_163,"[[8, 23, 9, 24], [1, 19, 2, 18], [3, 11, 4, 10], [5, 13, 6, 12], [24, 7, 1, 8], [9, 15, 10, 14], [11, 7, 12, 6], [13, 5, 14, 4], [15, 21, 16, 20], [17, 23, 18, 22], [19, 3, 20, 2], [21, 17, 22, 16]]"
12n_0677_164,"[[21, 17, 22, 16], [8, 23, 9, 24], [1, 19, 2, 18], [3, 11, 4, 10], [5, 13, 6, 12], [24, 7, 1, 8], [9, 15, 10, 14], [11, 7, 12, 6], [13, 5, 14, 4], [15, 21, 16, 20], [17, 23, 18, 22], [19, 3, 20, 2]]"
12n_0677_165,"[[19, 3, 20, 2], [21, 17, 22, 16], [8, 23, 9, 24], [1, 19, 2, 18], [3, 11, 4, 10], [5, 13, 6, 12], [24, 7, 1, 8], [9, 15, 10, 14], [11, 7, 12, 6], [13, 5, 14, 4], [15, 21, 16, 20], [17, 23, 18, 22]]"
12n_0677_166,"[[17, 23, 18, 22], [19, 3, 20, 2], [21, 17, 22, 16], [8, 23, 9, 24], [1, 19, 2, 18], [3, 11, 4, 10], [5, 13, 6, 12], [24, 7, 1, 8], [9, 15, 10, 14], [11, 7, 12, 6], [13, 5, 14, 4], [15, 21, 16, 20]]"
12n_0677_167,"[[15, 21, 16, 20], [17, 23, 18, 22], [19, 3, 20, 2], [21, 17, 22, 16], [8, 23, 9, 24], [1, 19, 2, 18], [3, 11, 4, 10], [5, 13, 6, 12], [24, 7, 1, 8], [9, 15, 10, 14], [11, 7, 12, 6], [13, 5, 14, 4]]"
12n_0677_168,"[[14, 6, 15, 5], [16, 22, 17, 21], [18, 24, 19, 23], [20, 4, 21, 3], [22, 18, 23, 17], [9, 24, 10, 1], [2, 20, 3, 19], [4, 12, 5, 11], [6, 14, 7, 13], [1, 8, 2, 9], [10, 16, 11, 15], [12, 8, 13, 7]]"
12n_0677_169,"[[12, 8, 13, 7], [14, 6, 15, 5], [16, 22, 17, 21], [18, 24, 19, 23], [20, 4, 21, 3], [22, 18, 23, 17], [9, 24, 10, 1], [2, 20, 3, 19], [4, 12, 5, 11], [6, 14, 7, 13], [1, 8, 2, 9], [10, 16, 11, 15]]"
12n_0677_170,"[[10, 16, 11, 15], [12, 8, 13, 7], [14, 6, 15, 5], [16, 22, 17, 21], [18, 24, 19, 23], [20, 4, 21, 3], [22, 18, 23, 17], [9, 24, 10, 1], [2, 20, 3, 19], [4, 12, 5, 11], [6, 14, 7, 13], [1, 8, 2, 9]]"
12n_0677_171,"[[1, 8, 2, 9], [10, 16, 11, 15], [12, 8, 13, 7], [14, 6, 15, 5], [16, 22, 17, 21], [18, 24, 19, 23], [20, 4, 21, 3], [22, 18, 23, 17], [9, 24, 10, 1], [2, 20, 3, 19], [4, 12, 5, 11], [6, 14, 7, 13]]"
12n_0677_172,"[[6, 14, 7, 13], [1, 8, 2, 9], [10, 16, 11, 15], [12, 8, 13, 7], [14, 6, 15, 5], [16, 22, 17, 21], [18, 24, 19, 23], [20, 4, 21, 3], [22, 18, 23, 17], [9, 24, 10, 1], [2, 20, 3, 19], [4, 12, 5, 11]]"
12n_0677_173,"[[4, 12, 5, 11], [6, 14, 7, 13], [1, 8, 2, 9], [10, 16, 11, 15], [12, 8, 13, 7], [14, 6, 15, 5], [16, 22, 17, 21], [18, 24, 19, 23], [20, 4, 21, 3], [22, 18, 23, 17], [9, 24, 10, 1], [2, 20, 3, 19]]"
12n_0677_174,"[[2, 20, 3, 19], [4, 12, 5, 11], [6, 14, 7, 13], [1, 8, 2, 9], [10, 16, 11, 15], [12, 8, 13, 7], [14, 6, 15, 5], [16, 22, 17, 21], [18, 24, 19, 23], [20, 4, 21, 3], [22, 18, 23, 17], [9, 24, 10, 1]]"
12n_0677_175,"[[9, 24, 10, 1], [2, 20, 3, 19], [4, 12, 5, 11], [6, 14, 7, 13], [1, 8, 2, 9], [10, 16, 11, 15], [12, 8, 13, 7], [14, 6, 15, 5], [16, 22, 17, 21], [18, 24, 19, 23], [20, 4, 21, 3], [22, 18, 23, 17]]"
12n_0677_176,"[[22, 18, 23, 17], [9, 24, 10, 1], [2, 20, 3, 19], [4, 12, 5, 11], [6, 14, 7, 13], [1, 8, 2, 9], [10, 16, 11, 15], [12, 8, 13, 7], [14, 6, 15, 5], [16, 22, 17, 21], [18, 24, 19, 23], [20, 4, 21, 3]]"
12n_0677_177,"[[20, 4, 21, 3], [22, 18, 23, 17], [9, 24, 10, 1], [2, 20, 3, 19], [4, 12, 5, 11], [6, 14, 7, 13], [1, 8, 2, 9], [10, 16, 11, 15], [12, 8, 13, 7], [14, 6, 15, 5], [16, 22, 17, 21], [18, 24, 19, 23]]"
12n_0677_178,"[[18, 24, 19, 23], [20, 4, 21, 3], [22, 18, 23, 17], [9, 24, 10, 1], [2, 20, 3, 19], [4, 12, 5, 11], [6, 14, 7, 13], [1, 8, 2, 9], [10, 16, 11, 15], [12, 8, 13, 7], [14, 6, 15, 5], [16, 22, 17, 21]]"
12n_0677_179,"[[16, 22, 17, 21], [18, 24, 19, 23], [20, 4, 21, 3], [22, 18, 23, 17], [9, 24, 10, 1], [2, 20, 3, 19], [4, 12, 5, 11], [6, 14, 7, 13], [1, 8, 2, 9], [10, 16, 11, 15], [12, 8, 13, 7], [14, 6, 15, 5]]"
12n_0677_180,"[[15, 7, 16, 6], [17, 23, 18, 22], [19, 1, 20, 24], [21, 5, 22, 4], [23, 19, 24, 18], [10, 1, 11, 2], [3, 21, 4, 20], [5, 13, 6, 12], [7, 15, 8, 14], [2, 9, 3, 10], [11, 17, 12, 16], [13, 9, 14, 8]]"
12n_0677_181,"[[13, 9, 14, 8], [15, 7, 16, 6], [17, 23, 18, 22], [19, 1, 20, 24], [21, 5, 22, 4], [23, 19, 24, 18], [10, 1, 11, 2], [3, 21, 4, 20], [5, 13, 6, 12], [7, 15, 8, 14], [2, 9, 3, 10], [11, 17, 12, 16]]"
12n_0677_182,"[[11, 17, 12, 16], [13, 9, 14, 8], [15, 7, 16, 6], [17, 23, 18, 22], [19, 1, 20, 24], [21, 5, 22, 4], [23, 19, 24, 18], [10, 1, 11, 2], [3, 21, 4, 20], [5, 13, 6, 12], [7, 15, 8, 14], [2, 9, 3, 10]]"
12n_0677_183,"[[2, 9, 3, 10], [11, 17, 12, 16], [13, 9, 14, 8], [15, 7, 16, 6], [17, 23, 18, 22], [19, 1, 20, 24], [21, 5, 22, 4], [23, 19, 24, 18], [10, 1, 11, 2], [3, 21, 4, 20], [5, 13, 6, 12], [7, 15, 8, 14]]"
12n_0677_184,"[[7, 15, 8, 14], [2, 9, 3, 10], [11, 17, 12, 16], [13, 9, 14, 8], [15, 7, 16, 6], [17, 23, 18, 22], [19, 1, 20, 24], [21, 5, 22, 4], [23, 19, 24, 18], [10, 1, 11, 2], [3, 21, 4, 20], [5, 13, 6, 12]]"
12n_0677_185,"[[5, 13, 6, 12], [7, 15, 8, 14], [2, 9, 3, 10], [11, 17, 12, 16], [13, 9, 14, 8], [15, 7, 16, 6], [17, 23, 18, 22], [19, 1, 20, 24], [21, 5, 22, 4], [23, 19, 24, 18], [10, 1, 11, 2], [3, 21, 4, 20]]"
