name,pd_notation
12n_0635_0,"[[24, 19, 1, 20], [2, 6, 3, 5], [4, 15, 5, 16], [6, 11, 7, 12], [8, 24, 9, 23], [10, 1, 11, 2], [12, 18, 13, 17], [21, 15, 22, 14], [16, 3, 17, 4], [18, 7, 19, 8], [20, 10, 21, 9], [13, 23, 14, 22]]"
12n_0635_1,"[[13, 23, 14, 22], [24, 19, 1, 20], [2, 6, 3, 5], [4, 15, 5, 16], [6, 11, 7, 12], [8, 24, 9, 23], [10, 1, 11, 2], [12, 18, 13, 17], [21, 15, 22, 14], [16, 3, 17, 4], [18, 7, 19, 8], [20, 10, 21, 9]]"
12n_0635_2,"[[20, 10, 21, 9], [13, 23, 14, 22], [24, 19, 1, 20], [2, 6, 3, 5], [4, 15, 5, 16], [6, 11, 7, 12], [8, 24, 9, 23], [10, 1, 11, 2], [12, 18, 13, 17], [21, 15, 22, 14], [16, 3, 17, 4], [18, 7, 19, 8]]"
12n_0635_3,"[[18, 7, 19, 8], [20, 10, 21, 9], [13, 23, 14, 22], [24, 19, 1, 20], [2, 6, 3, 5], [4, 15, 5, 16], [6, 11, 7, 12], [8, 24, 9, 23], [10, 1, 11, 2], [12, 18, 13, 17], [21, 15, 22, 14], [16, 3, 17, 4]]"
12n_0635_4,"[[16, 3, 17, 4], [18, 7, 19, 8], [20, 10, 21, 9], [13, 23, 14, 22], [24, 19, 1, 20], [2, 6, 3, 5], [4, 15, 5, 16], [6, 11, 7, 12], [8, 24, 9, 23], [10, 1, 11, 2], [12, 18, 13, 17], [21, 15, 22, 14]]"
12n_0635_5,"[[21, 15, 22, 14], [16, 3, 17, 4], [18, 7, 19, 8], [20, 10, 21, 9], [13, 23, 14, 22], [24, 19, 1, 20], [2, 6, 3, 5], [4, 15, 5, 16], [6, 11, 7, 12], [8, 24, 9, 23], [10, 1, 11, 2], [12, 18, 13, 17]]"
12n_0635_6,"[[12, 18, 13, 17], [21, 15, 22, 14], [16, 3, 17, 4], [18, 7, 19, 8], [20, 10, 21, 9], [13, 23, 14, 22], [24, 19, 1, 20], [2, 6, 3, 5], [4, 15, 5, 16], [6, 11, 7, 12], [8, 24, 9, 23], [10, 1, 11, 2]]"
12n_0635_7,"[[10, 1, 11, 2], [12, 18, 13, 17], [21, 15, 22, 14], [16, 3, 17, 4], [18, 7, 19, 8], [20, 10, 21, 9], [13, 23, 14, 22], [24, 19, 1, 20], [2, 6, 3, 5], [4, 15, 5, 16], [6, 11, 7, 12], [8, 24, 9, 23]]"
12n_0635_8,"[[8, 24, 9, 23], [10, 1, 11, 2], [12, 18, 13, 17], [21, 15, 22, 14], [16, 3, 17, 4], [18, 7, 19, 8], [20, 10, 21, 9], [13, 23, 14, 22], [24, 19, 1, 20], [2, 6, 3, 5], [4, 15, 5, 16], [6, 11, 7, 12]]"
12n_0635_9,"[[6, 11, 7, 12], [8, 24, 9, 23], [10, 1, 11, 2], [12, 18, 13, 17], [21, 15, 22, 14], [16, 3, 17, 4], [18, 7, 19, 8], [20, 10, 21, 9], [13, 23, 14, 22], [24, 19, 1, 20], [2, 6, 3, 5], [4, 15, 5, 16]]"
12n_0635_10,"[[4, 15, 5, 16], [6, 11, 7, 12], [8, 24, 9, 23], [10, 1, 11, 2], [12, 18, 13, 17], [21, 15, 22, 14], [16, 3, 17, 4], [18, 7, 19, 8], [20, 10, 21, 9], [13, 23, 14, 22], [24, 19, 1, 20], [2, 6, 3, 5]]"
12n_0635_11,"[[2, 6, 3, 5], [4, 15, 5, 16], [6, 11, 7, 12], [8, 24, 9, 23], [10, 1, 11, 2], [12, 18, 13, 17], [21, 15, 22, 14], [16, 3, 17, 4], [18, 7, 19, 8], [20, 10, 21, 9], [13, 23, 14, 22], [24, 19, 1, 20]]"
12n_0635_12,"[[1, 20, 2, 21], [3, 7, 4, 6], [5, 16, 6, 17], [7, 12, 8, 13], [9, 1, 10, 24], [11, 2, 12, 3], [13, 19, 14, 18], [22, 16, 23, 15], [17, 4, 18, 5], [19, 8, 20, 9], [21, 11, 22, 10], [14, 24, 15, 23]]"
12n_0635_13,"[[14, 24, 15, 23], [1, 20, 2, 21], [3, 7, 4, 6], [5, 16, 6, 17], [7, 12, 8, 13], [9, 1, 10, 24], [11, 2, 12, 3], [13, 19, 14, 18], [22, 16, 23, 15], [17, 4, 18, 5], [19, 8, 20, 9], [21, 11, 22, 10]]"
12n_0635_14,"[[21, 11, 22, 10], [14, 24, 15, 23], [1, 20, 2, 21], [3, 7, 4, 6], [5, 16, 6, 17], [7, 12, 8, 13], [9, 1, 10, 24], [11, 2, 12, 3], [13, 19, 14, 18], [22, 16, 23, 15], [17, 4, 18, 5], [19, 8, 20, 9]]"
12n_0635_15,"[[19, 8, 20, 9], [21, 11, 22, 10], [14, 24, 15, 23], [1, 20, 2, 21], [3, 7, 4, 6], [5, 16, 6, 17], [7, 12, 8, 13], [9, 1, 10, 24], [11, 2, 12, 3], [13, 19, 14, 18], [22, 16, 23, 15], [17, 4, 18, 5]]"
12n_0635_16,"[[17, 4, 18, 5], [19, 8, 20, 9], [21, 11, 22, 10], [14, 24, 15, 23], [1, 20, 2, 21], [3, 7, 4, 6], [5, 16, 6, 17], [7, 12, 8, 13], [9, 1, 10, 24], [11, 2, 12, 3], [13, 19, 14, 18], [22, 16, 23, 15]]"
12n_0635_17,"[[22, 16, 23, 15], [17, 4, 18, 5], [19, 8, 20, 9], [21, 11, 22, 10], [14, 24, 15, 23], [1, 20, 2, 21], [3, 7, 4, 6], [5, 16, 6, 17], [7, 12, 8, 13], [9, 1, 10, 24], [11, 2, 12, 3], [13, 19, 14, 18]]"
12n_0635_18,"[[13, 19, 14, 18], [22, 16, 23, 15], [17, 4, 18, 5], [19, 8, 20, 9], [21, 11, 22, 10], [14, 24, 15, 23], [1, 20, 2, 21], [3, 7, 4, 6], [5, 16, 6, 17], [7, 12, 8, 13], [9, 1, 10, 24], [11, 2, 12, 3]]"
12n_0635_19,"[[11, 2, 12, 3], [13, 19, 14, 18], [22, 16, 23, 15], [17, 4, 18, 5], [19, 8, 20, 9], [21, 11, 22, 10], [14, 24, 15, 23], [1, 20, 2, 21], [3, 7, 4, 6], [5, 16, 6, 17], [7, 12, 8, 13], [9, 1, 10, 24]]"
12n_0635_20,"[[9, 1, 10, 24], [11, 2, 12, 3], [13, 19, 14, 18], [22, 16, 23, 15], [17, 4, 18, 5], [19, 8, 20, 9], [21, 11, 22, 10], [14, 24, 15, 23], [1, 20, 2, 21], [3, 7, 4, 6], [5, 16, 6, 17], [7, 12, 8, 13]]"
12n_0635_21,"[[7, 12, 8, 13], [9, 1, 10, 24], [11, 2, 12, 3], [13, 19, 14, 18], [22, 16, 23, 15], [17, 4, 18, 5], [19, 8, 20, 9], [21, 11, 22, 10], [14, 24, 15, 23], [1, 20, 2, 21], [3, 7, 4, 6], [5, 16, 6, 17]]"
12n_0635_22,"[[5, 16, 6, 17], [7, 12, 8, 13], [9, 1, 10, 24], [11, 2, 12, 3], [13, 19, 14, 18], [22, 16, 23, 15], [17, 4, 18, 5], [19, 8, 20, 9], [21, 11, 22, 10], [14, 24, 15, 23], [1, 20, 2, 21], [3, 7, 4, 6]]"
12n_0635_23,"[[3, 7, 4, 6], [5, 16, 6, 17], [7, 12, 8, 13], [9, 1, 10, 24], [11, 2, 12, 3], [13, 19, 14, 18], [22, 16, 23, 15], [17, 4, 18, 5], [19, 8, 20, 9], [21, 11, 22, 10], [14, 24, 15, 23], [1, 20, 2, 21]]"
12n_0635_24,"[[2, 21, 3, 22], [4, 8, 5, 7], [6, 17, 7, 18], [8, 13, 9, 14], [10, 2, 11, 1], [12, 3, 13, 4], [14, 20, 15, 19], [23, 17, 24, 16], [18, 5, 19, 6], [20, 9, 21, 10], [22, 12, 23, 11], [15, 1, 16, 24]]"
12n_0635_25,"[[15, 1, 16, 24], [2, 21, 3, 22], [4, 8, 5, 7], [6, 17, 7, 18], [8, 13, 9, 14], [10, 2, 11, 1], [12, 3, 13, 4], [14, 20, 15, 19], [23, 17, 24, 16], [18, 5, 19, 6], [20, 9, 21, 10], [22, 12, 23, 11]]"
12n_0635_26,"[[22, 12, 23, 11], [15, 1, 16, 24], [2, 21, 3, 22], [4, 8, 5, 7], [6, 17, 7, 18], [8, 13, 9, 14], [10, 2, 11, 1], [12, 3, 13, 4], [14, 20, 15, 19], [23, 17, 24, 16], [18, 5, 19, 6], [20, 9, 21, 10]]"
12n_0635_27,"[[20, 9, 21, 10], [22, 12, 23, 11], [15, 1, 16, 24], [2, 21, 3, 22], [4, 8, 5, 7], [6, 17, 7, 18], [8, 13, 9, 14], [10, 2, 11, 1], [12, 3, 13, 4], [14, 20, 15, 19], [23, 17, 24, 16], [18, 5, 19, 6]]"
12n_0635_28,"[[18, 5, 19, 6], [20, 9, 21, 10], [22, 12, 23, 11], [15, 1, 16, 24], [2, 21, 3, 22], [4, 8, 5, 7], [6, 17, 7, 18], [8, 13, 9, 14], [10, 2, 11, 1], [12, 3, 13, 4], [14, 20, 15, 19], [23, 17, 24, 16]]"
12n_0635_29,"[[23, 17, 24, 16], [18, 5, 19, 6], [20, 9, 21, 10], [22, 12, 23, 11], [15, 1, 16, 24], [2, 21, 3, 22], [4, 8, 5, 7], [6, 17, 7, 18], [8, 13, 9, 14], [10, 2, 11, 1], [12, 3, 13, 4], [14, 20, 15, 19]]"
12n_0635_30,"[[14, 20, 15, 19], [23, 17, 24, 16], [18, 5, 19, 6], [20, 9, 21, 10], [22, 12, 23, 11], [15, 1, 16, 24], [2, 21, 3, 22], [4, 8, 5, 7], [6, 17, 7, 18], [8, 13, 9, 14], [10, 2, 11, 1], [12, 3, 13, 4]]"
12n_0635_31,"[[12, 3, 13, 4], [14, 20, 15, 19], [23, 17, 24, 16], [18, 5, 19, 6], [20, 9, 21, 10], [22, 12, 23, 11], [15, 1, 16, 24], [2, 21, 3, 22], [4, 8, 5, 7], [6, 17, 7, 18], [8, 13, 9, 14], [10, 2, 11, 1]]"
12n_0635_32,"[[10, 2, 11, 1], [12, 3, 13, 4], [14, 20, 15, 19], [23, 17, 24, 16], [18, 5, 19, 6], [20, 9, 21, 10], [22, 12, 23, 11], [15, 1, 16, 24], [2, 21, 3, 22], [4, 8, 5, 7], [6, 17, 7, 18], [8, 13, 9, 14]]"
12n_0635_33,"[[8, 13, 9, 14], [10, 2, 11, 1], [12, 3, 13, 4], [14, 20, 15, 19], [23, 17, 24, 16], [18, 5, 19, 6], [20, 9, 21, 10], [22, 12, 23, 11], [15, 1, 16, 24], [2, 21, 3, 22], [4, 8, 5, 7], [6, 17, 7, 18]]"
12n_0635_34,"[[6, 17, 7, 18], [8, 13, 9, 14], [10, 2, 11, 1], [12, 3, 13, 4], [14, 20, 15, 19], [23, 17, 24, 16], [18, 5, 19, 6], [20, 9, 21, 10], [22, 12, 23, 11], [15, 1, 16, 24], [2, 21, 3, 22], [4, 8, 5, 7]]"
12n_0635_35,"[[4, 8, 5, 7], [6, 17, 7, 18], [8, 13, 9, 14], [10, 2, 11, 1], [12, 3, 13, 4], [14, 20, 15, 19], [23, 17, 24, 16], [18, 5, 19, 6], [20, 9, 21, 10], [22, 12, 23, 11], [15, 1, 16, 24], [2, 21, 3, 22]]"
12n_0635_36,"[[3, 22, 4, 23], [5, 9, 6, 8], [7, 18, 8, 19], [9, 14, 10, 15], [11, 3, 12, 2], [13, 4, 14, 5], [15, 21, 16, 20], [24, 18, 1, 17], [19, 6, 20, 7], [21, 10, 22, 11], [23, 13, 24, 12], [16, 2, 17, 1]]"
12n_0635_37,"[[16, 2, 17, 1], [3, 22, 4, 23], [5, 9, 6, 8], [7, 18, 8, 19], [9, 14, 10, 15], [11, 3, 12, 2], [13, 4, 14, 5], [15, 21, 16, 20], [24, 18, 1, 17], [19, 6, 20, 7], [21, 10, 22, 11], [23, 13, 24, 12]]"
12n_0635_38,"[[23, 13, 24, 12], [16, 2, 17, 1], [3, 22, 4, 23], [5, 9, 6, 8], [7, 18, 8, 19], [9, 14, 10, 15], [11, 3, 12, 2], [13, 4, 14, 5], [15, 21, 16, 20], [24, 18, 1, 17], [19, 6, 20, 7], [21, 10, 22, 11]]"
12n_0635_39,"[[21, 10, 22, 11], [23, 13, 24, 12], [16, 2, 17, 1], [3, 22, 4, 23], [5, 9, 6, 8], [7, 18, 8, 19], [9, 14, 10, 15], [11, 3, 12, 2], [13, 4, 14, 5], [15, 21, 16, 20], [24, 18, 1, 17], [19, 6, 20, 7]]"
12n_0635_40,"[[19, 6, 20, 7], [21, 10, 22, 11], [23, 13, 24, 12], [16, 2, 17, 1], [3, 22, 4, 23], [5, 9, 6, 8], [7, 18, 8, 19], [9, 14, 10, 15], [11, 3, 12, 2], [13, 4, 14, 5], [15, 21, 16, 20], [24, 18, 1, 17]]"
12n_0635_41,"[[24, 18, 1, 17], [19, 6, 20, 7], [21, 10, 22, 11], [23, 13, 24, 12], [16, 2, 17, 1], [3, 22, 4, 23], [5, 9, 6, 8], [7, 18, 8, 19], [9, 14, 10, 15], [11, 3, 12, 2], [13, 4, 14, 5], [15, 21, 16, 20]]"
12n_0635_42,"[[15, 21, 16, 20], [24, 18, 1, 17], [19, 6, 20, 7], [21, 10, 22, 11], [23, 13, 24, 12], [16, 2, 17, 1], [3, 22, 4, 23], [5, 9, 6, 8], [7, 18, 8, 19], [9, 14, 10, 15], [11, 3, 12, 2], [13, 4, 14, 5]]"
12n_0635_43,"[[13, 4, 14, 5], [15, 21, 16, 20], [24, 18, 1, 17], [19, 6, 20, 7], [21, 10, 22, 11], [23, 13, 24, 12], [16, 2, 17, 1], [3, 22, 4, 23], [5, 9, 6, 8], [7, 18, 8, 19], [9, 14, 10, 15], [11, 3, 12, 2]]"
12n_0635_44,"[[11, 3, 12, 2], [13, 4, 14, 5], [15, 21, 16, 20], [24, 18, 1, 17], [19, 6, 20, 7], [21, 10, 22, 11], [23, 13, 24, 12], [16, 2, 17, 1], [3, 22, 4, 23], [5, 9, 6, 8], [7, 18, 8, 19], [9, 14, 10, 15]]"
12n_0635_45,"[[9, 14, 10, 15], [11, 3, 12, 2], [13, 4, 14, 5], [15, 21, 16, 20], [24, 18, 1, 17], [19, 6, 20, 7], [21, 10, 22, 11], [23, 13, 24, 12], [16, 2, 17, 1], [3, 22, 4, 23], [5, 9, 6, 8], [7, 18, 8, 19]]"
12n_0635_46,"[[7, 18, 8, 19], [9, 14, 10, 15], [11, 3, 12, 2], [13, 4, 14, 5], [15, 21, 16, 20], [24, 18, 1, 17], [19, 6, 20, 7], [21, 10, 22, 11], [23, 13, 24, 12], [16, 2, 17, 1], [3, 22, 4, 23], [5, 9, 6, 8]]"
12n_0635_47,"[[5, 9, 6, 8], [7, 18, 8, 19], [9, 14, 10, 15], [11, 3, 12, 2], [13, 4, 14, 5], [15, 21, 16, 20], [24, 18, 1, 17], [19, 6, 20, 7], [21, 10, 22, 11], [23, 13, 24, 12], [16, 2, 17, 1], [3, 22, 4, 23]]"
12n_0635_48,"[[4, 23, 5, 24], [6, 10, 7, 9], [8, 19, 9, 20], [10, 15, 11, 16], [12, 4, 13, 3], [14, 5, 15, 6], [16, 22, 17, 21], [1, 19, 2, 18], [20, 7, 21, 8], [22, 11, 23, 12], [24, 14, 1, 13], [17, 3, 18, 2]]"
12n_0635_49,"[[17, 3, 18, 2], [4, 23, 5, 24], [6, 10, 7, 9], [8, 19, 9, 20], [10, 15, 11, 16], [12, 4, 13, 3], [14, 5, 15, 6], [16, 22, 17, 21], [1, 19, 2, 18], [20, 7, 21, 8], [22, 11, 23, 12], [24, 14, 1, 13]]"
12n_0635_50,"[[24, 14, 1, 13], [17, 3, 18, 2], [4, 23, 5, 24], [6, 10, 7, 9], [8, 19, 9, 20], [10, 15, 11, 16], [12, 4, 13, 3], [14, 5, 15, 6], [16, 22, 17, 21], [1, 19, 2, 18], [20, 7, 21, 8], [22, 11, 23, 12]]"
12n_0635_51,"[[22, 11, 23, 12], [24, 14, 1, 13], [17, 3, 18, 2], [4, 23, 5, 24], [6, 10, 7, 9], [8, 19, 9, 20], [10, 15, 11, 16], [12, 4, 13, 3], [14, 5, 15, 6], [16, 22, 17, 21], [1, 19, 2, 18], [20, 7, 21, 8]]"
12n_0635_52,"[[20, 7, 21, 8], [22, 11, 23, 12], [24, 14, 1, 13], [17, 3, 18, 2], [4, 23, 5, 24], [6, 10, 7, 9], [8, 19, 9, 20], [10, 15, 11, 16], [12, 4, 13, 3], [14, 5, 15, 6], [16, 22, 17, 21], [1, 19, 2, 18]]"
12n_0635_53,"[[1, 19, 2, 18], [20, 7, 21, 8], [22, 11, 23, 12], [24, 14, 1, 13], [17, 3, 18, 2], [4, 23, 5, 24], [6, 10, 7, 9], [8, 19, 9, 20], [10, 15, 11, 16], [12, 4, 13, 3], [14, 5, 15, 6], [16, 22, 17, 21]]"
12n_0635_54,"[[16, 22, 17, 21], [1, 19, 2, 18], [20, 7, 21, 8], [22, 11, 23, 12], [24, 14, 1, 13], [17, 3, 18, 2], [4, 23, 5, 24], [6, 10, 7, 9], [8, 19, 9, 20], [10, 15, 11, 16], [12, 4, 13, 3], [14, 5, 15, 6]]"
12n_0635_55,"[[14, 5, 15, 6], [16, 22, 17, 21], [1, 19, 2, 18], [20, 7, 21, 8], [22, 11, 23, 12], [24, 14, 1, 13], [17, 3, 18, 2], [4, 23, 5, 24], [6, 10, 7, 9], [8, 19, 9, 20], [10, 15, 11, 16], [12, 4, 13, 3]]"
12n_0635_56,"[[12, 4, 13, 3], [14, 5, 15, 6], [16, 22, 17, 21], [1, 19, 2, 18], [20, 7, 21, 8], [22, 11, 23, 12], [24, 14, 1, 13], [17, 3, 18, 2], [4, 23, 5, 24], [6, 10, 7, 9], [8, 19, 9, 20], [10, 15, 11, 16]]"
12n_0635_57,"[[10, 15, 11, 16], [12, 4, 13, 3], [14, 5, 15, 6], [16, 22, 17, 21], [1, 19, 2, 18], [20, 7, 21, 8], [22, 11, 23, 12], [24, 14, 1, 13], [17, 3, 18, 2], [4, 23, 5, 24], [6, 10, 7, 9], [8, 19, 9, 20]]"
12n_0635_58,"[[8, 19, 9, 20], [10, 15, 11, 16], [12, 4, 13, 3], [14, 5, 15, 6], [16, 22, 17, 21], [1, 19, 2, 18], [20, 7, 21, 8], [22, 11, 23, 12], [24, 14, 1, 13], [17, 3, 18, 2], [4, 23, 5, 24], [6, 10, 7, 9]]"
12n_0635_59,"[[6, 10, 7, 9], [8, 19, 9, 20], [10, 15, 11, 16], [12, 4, 13, 3], [14, 5, 15, 6], [16, 22, 17, 21], [1, 19, 2, 18], [20, 7, 21, 8], [22, 11, 23, 12], [24, 14, 1, 13], [17, 3, 18, 2], [4, 23, 5, 24]]"
12n_0635_60,"[[5, 24, 6, 1], [7, 11, 8, 10], [9, 20, 10, 21], [11, 16, 12, 17], [13, 5, 14, 4], [15, 6, 16, 7], [17, 23, 18, 22], [2, 20, 3, 19], [21, 8, 22, 9], [23, 12, 24, 13], [1, 15, 2, 14], [18, 4, 19, 3]]"
12n_0635_61,"[[18, 4, 19, 3], [5, 24, 6, 1], [7, 11, 8, 10], [9, 20, 10, 21], [11, 16, 12, 17], [13, 5, 14, 4], [15, 6, 16, 7], [17, 23, 18, 22], [2, 20, 3, 19], [21, 8, 22, 9], [23, 12, 24, 13], [1, 15, 2, 14]]"
12n_0635_62,"[[1, 15, 2, 14], [18, 4, 19, 3], [5, 24, 6, 1], [7, 11, 8, 10], [9, 20, 10, 21], [11, 16, 12, 17], [13, 5, 14, 4], [15, 6, 16, 7], [17, 23, 18, 22], [2, 20, 3, 19], [21, 8, 22, 9], [23, 12, 24, 13]]"
12n_0635_63,"[[23, 12, 24, 13], [1, 15, 2, 14], [18, 4, 19, 3], [5, 24, 6, 1], [7, 11, 8, 10], [9, 20, 10, 21], [11, 16, 12, 17], [13, 5, 14, 4], [15, 6, 16, 7], [17, 23, 18, 22], [2, 20, 3, 19], [21, 8, 22, 9]]"
12n_0635_64,"[[21, 8, 22, 9], [23, 12, 24, 13], [1, 15, 2, 14], [18, 4, 19, 3], [5, 24, 6, 1], [7, 11, 8, 10], [9, 20, 10, 21], [11, 16, 12, 17], [13, 5, 14, 4], [15, 6, 16, 7], [17, 23, 18, 22], [2, 20, 3, 19]]"
12n_0635_65,"[[2, 20, 3, 19], [21, 8, 22, 9], [23, 12, 24, 13], [1, 15, 2, 14], [18, 4, 19, 3], [5, 24, 6, 1], [7, 11, 8, 10], [9, 20, 10, 21], [11, 16, 12, 17], [13, 5, 14, 4], [15, 6, 16, 7], [17, 23, 18, 22]]"
12n_0635_66,"[[17, 23, 18, 22], [2, 20, 3, 19], [21, 8, 22, 9], [23, 12, 24, 13], [1, 15, 2, 14], [18, 4, 19, 3], [5, 24, 6, 1], [7, 11, 8, 10], [9, 20, 10, 21], [11, 16, 12, 17], [13, 5, 14, 4], [15, 6, 16, 7]]"
12n_0635_67,"[[15, 6, 16, 7], [17, 23, 18, 22], [2, 20, 3, 19], [21, 8, 22, 9], [23, 12, 24, 13], [1, 15, 2, 14], [18, 4, 19, 3], [5, 24, 6, 1], [7, 11, 8, 10], [9, 20, 10, 21], [11, 16, 12, 17], [13, 5, 14, 4]]"
12n_0635_68,"[[13, 5, 14, 4], [15, 6, 16, 7], [17, 23, 18, 22], [2, 20, 3, 19], [21, 8, 22, 9], [23, 12, 24, 13], [1, 15, 2, 14], [18, 4, 19, 3], [5, 24, 6, 1], [7, 11, 8, 10], [9, 20, 10, 21], [11, 16, 12, 17]]"
12n_0635_69,"[[11, 16, 12, 17], [13, 5, 14, 4], [15, 6, 16, 7], [17, 23, 18, 22], [2, 20, 3, 19], [21, 8, 22, 9], [23, 12, 24, 13], [1, 15, 2, 14], [18, 4, 19, 3], [5, 24, 6, 1], [7, 11, 8, 10], [9, 20, 10, 21]]"
12n_0635_70,"[[9, 20, 10, 21], [11, 16, 12, 17], [13, 5, 14, 4], [15, 6, 16, 7], [17, 23, 18, 22], [2, 20, 3, 19], [21, 8, 22, 9], [23, 12, 24, 13], [1, 15, 2, 14], [18, 4, 19, 3], [5, 24, 6, 1], [7, 11, 8, 10]]"
12n_0635_71,"[[7, 11, 8, 10], [9, 20, 10, 21], [11, 16, 12, 17], [13, 5, 14, 4], [15, 6, 16, 7], [17, 23, 18, 22], [2, 20, 3, 19], [21, 8, 22, 9], [23, 12, 24, 13], [1, 15, 2, 14], [18, 4, 19, 3], [5, 24, 6, 1]]"
12n_0635_72,"[[6, 1, 7, 2], [8, 12, 9, 11], [10, 21, 11, 22], [12, 17, 13, 18], [14, 6, 15, 5], [16, 7, 17, 8], [18, 24, 19, 23], [3, 21, 4, 20], [22, 9, 23, 10], [24, 13, 1, 14], [2, 16, 3, 15], [19, 5, 20, 4]]"
12n_0635_73,"[[19, 5, 20, 4], [6, 1, 7, 2], [8, 12, 9, 11], [10, 21, 11, 22], [12, 17, 13, 18], [14, 6, 15, 5], [16, 7, 17, 8], [18, 24, 19, 23], [3, 21, 4, 20], [22, 9, 23, 10], [24, 13, 1, 14], [2, 16, 3, 15]]"
12n_0635_74,"[[2, 16, 3, 15], [19, 5, 20, 4], [6, 1, 7, 2], [8, 12, 9, 11], [10, 21, 11, 22], [12, 17, 13, 18], [14, 6, 15, 5], [16, 7, 17, 8], [18, 24, 19, 23], [3, 21, 4, 20], [22, 9, 23, 10], [24, 13, 1, 14]]"
12n_0635_75,"[[24, 13, 1, 14], [2, 16, 3, 15], [19, 5, 20, 4], [6, 1, 7, 2], [8, 12, 9, 11], [10, 21, 11, 22], [12, 17, 13, 18], [14, 6, 15, 5], [16, 7, 17, 8], [18, 24, 19, 23], [3, 21, 4, 20], [22, 9, 23, 10]]"
12n_0635_76,"[[22, 9, 23, 10], [24, 13, 1, 14], [2, 16, 3, 15], [19, 5, 20, 4], [6, 1, 7, 2], [8, 12, 9, 11], [10, 21, 11, 22], [12, 17, 13, 18], [14, 6, 15, 5], [16, 7, 17, 8], [18, 24, 19, 23], [3, 21, 4, 20]]"
12n_0635_77,"[[3, 21, 4, 20], [22, 9, 23, 10], [24, 13, 1, 14], [2, 16, 3, 15], [19, 5, 20, 4], [6, 1, 7, 2], [8, 12, 9, 11], [10, 21, 11, 22], [12, 17, 13, 18], [14, 6, 15, 5], [16, 7, 17, 8], [18, 24, 19, 23]]"
12n_0635_78,"[[18, 24, 19, 23], [3, 21, 4, 20], [22, 9, 23, 10], [24, 13, 1, 14], [2, 16, 3, 15], [19, 5, 20, 4], [6, 1, 7, 2], [8, 12, 9, 11], [10, 21, 11, 22], [12, 17, 13, 18], [14, 6, 15, 5], [16, 7, 17, 8]]"
12n_0635_79,"[[16, 7, 17, 8], [18, 24, 19, 23], [3, 21, 4, 20], [22, 9, 23, 10], [24, 13, 1, 14], [2, 16, 3, 15], [19, 5, 20, 4], [6, 1, 7, 2], [8, 12, 9, 11], [10, 21, 11, 22], [12, 17, 13, 18], [14, 6, 15, 5]]"
12n_0635_80,"[[14, 6, 15, 5], [16, 7, 17, 8], [18, 24, 19, 23], [3, 21, 4, 20], [22, 9, 23, 10], [24, 13, 1, 14], [2, 16, 3, 15], [19, 5, 20, 4], [6, 1, 7, 2], [8, 12, 9, 11], [10, 21, 11, 22], [12, 17, 13, 18]]"
12n_0635_81,"[[12, 17, 13, 18], [14, 6, 15, 5], [16, 7, 17, 8], [18, 24, 19, 23], [3, 21, 4, 20], [22, 9, 23, 10], [24, 13, 1, 14], [2, 16, 3, 15], [19, 5, 20, 4], [6, 1, 7, 2], [8, 12, 9, 11], [10, 21, 11, 22]]"
12n_0635_82,"[[10, 21, 11, 22], [12, 17, 13, 18], [14, 6, 15, 5], [16, 7, 17, 8], [18, 24, 19, 23], [3, 21, 4, 20], [22, 9, 23, 10], [24, 13, 1, 14], [2, 16, 3, 15], [19, 5, 20, 4], [6, 1, 7, 2], [8, 12, 9, 11]]"
12n_0635_83,"[[8, 12, 9, 11], [10, 21, 11, 22], [12, 17, 13, 18], [14, 6, 15, 5], [16, 7, 17, 8], [18, 24, 19, 23], [3, 21, 4, 20], [22, 9, 23, 10], [24, 13, 1, 14], [2, 16, 3, 15], [19, 5, 20, 4], [6, 1, 7, 2]]"
12n_0635_84,"[[7, 2, 8, 3], [9, 13, 10, 12], [11, 22, 12, 23], [13, 18, 14, 19], [15, 7, 16, 6], [17, 8, 18, 9], [19, 1, 20, 24], [4, 22, 5, 21], [23, 10, 24, 11], [1, 14, 2, 15], [3, 17, 4, 16], [20, 6, 21, 5]]"
12n_0635_85,"[[20, 6, 21, 5], [7, 2, 8, 3], [9, 13, 10, 12], [11, 22, 12, 23], [13, 18, 14, 19], [15, 7, 16, 6], [17, 8, 18, 9], [19, 1, 20, 24], [4, 22, 5, 21], [23, 10, 24, 11], [1, 14, 2, 15], [3, 17, 4, 16]]"
12n_0635_86,"[[3, 17, 4, 16], [20, 6, 21, 5], [7, 2, 8, 3], [9, 13, 10, 12], [11, 22, 12, 23], [13, 18, 14, 19], [15, 7, 16, 6], [17, 8, 18, 9], [19, 1, 20, 24], [4, 22, 5, 21], [23, 10, 24, 11], [1, 14, 2, 15]]"
12n_0635_87,"[[1, 14, 2, 15], [3, 17, 4, 16], [20, 6, 21, 5], [7, 2, 8, 3], [9, 13, 10, 12], [11, 22, 12, 23], [13, 18, 14, 19], [15, 7, 16, 6], [17, 8, 18, 9], [19, 1, 20, 24], [4, 22, 5, 21], [23, 10, 24, 11]]"
12n_0635_88,"[[23, 10, 24, 11], [1, 14, 2, 15], [3, 17, 4, 16], [20, 6, 21, 5], [7, 2, 8, 3], [9, 13, 10, 12], [11, 22, 12, 23], [13, 18, 14, 19], [15, 7, 16, 6], [17, 8, 18, 9], [19, 1, 20, 24], [4, 22, 5, 21]]"
12n_0635_89,"[[4, 22, 5, 21], [23, 10, 24, 11], [1, 14, 2, 15], [3, 17, 4, 16], [20, 6, 21, 5], [7, 2, 8, 3], [9, 13, 10, 12], [11, 22, 12, 23], [13, 18, 14, 19], [15, 7, 16, 6], [17, 8, 18, 9], [19, 1, 20, 24]]"
12n_0635_90,"[[19, 1, 20, 24], [4, 22, 5, 21], [23, 10, 24, 11], [1, 14, 2, 15], [3, 17, 4, 16], [20, 6, 21, 5], [7, 2, 8, 3], [9, 13, 10, 12], [11, 22, 12, 23], [13, 18, 14, 19], [15, 7, 16, 6], [17, 8, 18, 9]]"
12n_0635_91,"[[17, 8, 18, 9], [19, 1, 20, 24], [4, 22, 5, 21], [23, 10, 24, 11], [1, 14, 2, 15], [3, 17, 4, 16], [20, 6, 21, 5], [7, 2, 8, 3], [9, 13, 10, 12], [11, 22, 12, 23], [13, 18, 14, 19], [15, 7, 16, 6]]"
12n_0635_92,"[[15, 7, 16, 6], [17, 8, 18, 9], [19, 1, 20, 24], [4, 22, 5, 21], [23, 10, 24, 11], [1, 14, 2, 15], [3, 17, 4, 16], [20, 6, 21, 5], [7, 2, 8, 3], [9, 13, 10, 12], [11, 22, 12, 23], [13, 18, 14, 19]]"
12n_0635_93,"[[13, 18, 14, 19], [15, 7, 16, 6], [17, 8, 18, 9], [19, 1, 20, 24], [4, 22, 5, 21], [23, 10, 24, 11], [1, 14, 2, 15], [3, 17, 4, 16], [20, 6, 21, 5], [7, 2, 8, 3], [9, 13, 10, 12], [11, 22, 12, 23]]"
12n_0635_94,"[[11, 22, 12, 23], [13, 18, 14, 19], [15, 7, 16, 6], [17, 8, 18, 9], [19, 1, 20, 24], [4, 22, 5, 21], [23, 10, 24, 11], [1, 14, 2, 15], [3, 17, 4, 16], [20, 6, 21, 5], [7, 2, 8, 3], [9, 13, 10, 12]]"
12n_0635_95,"[[9, 13, 10, 12], [11, 22, 12, 23], [13, 18, 14, 19], [15, 7, 16, 6], [17, 8, 18, 9], [19, 1, 20, 24], [4, 22, 5, 21], [23, 10, 24, 11], [1, 14, 2, 15], [3, 17, 4, 16], [20, 6, 21, 5], [7, 2, 8, 3]]"
12n_0635_96,"[[8, 3, 9, 4], [10, 14, 11, 13], [12, 23, 13, 24], [14, 19, 15, 20], [16, 8, 17, 7], [18, 9, 19, 10], [20, 2, 21, 1], [5, 23, 6, 22], [24, 11, 1, 12], [2, 15, 3, 16], [4, 18, 5, 17], [21, 7, 22, 6]]"
12n_0635_97,"[[21, 7, 22, 6], [8, 3, 9, 4], [10, 14, 11, 13], [12, 23, 13, 24], [14, 19, 15, 20], [16, 8, 17, 7], [18, 9, 19, 10], [20, 2, 21, 1], [5, 23, 6, 22], [24, 11, 1, 12], [2, 15, 3, 16], [4, 18, 5, 17]]"
12n_0635_98,"[[4, 18, 5, 17], [21, 7, 22, 6], [8, 3, 9, 4], [10, 14, 11, 13], [12, 23, 13, 24], [14, 19, 15, 20], [16, 8, 17, 7], [18, 9, 19, 10], [20, 2, 21, 1], [5, 23, 6, 22], [24, 11, 1, 12], [2, 15, 3, 16]]"
12n_0635_99,"[[2, 15, 3, 16], [4, 18, 5, 17], [21, 7, 22, 6], [8, 3, 9, 4], [10, 14, 11, 13], [12, 23, 13, 24], [14, 19, 15, 20], [16, 8, 17, 7], [18, 9, 19, 10], [20, 2, 21, 1], [5, 23, 6, 22], [24, 11, 1, 12]]"
12n_0635_100,"[[24, 11, 1, 12], [2, 15, 3, 16], [4, 18, 5, 17], [21, 7, 22, 6], [8, 3, 9, 4], [10, 14, 11, 13], [12, 23, 13, 24], [14, 19, 15, 20], [16, 8, 17, 7], [18, 9, 19, 10], [20, 2, 21, 1], [5, 23, 6, 22]]"
12n_0635_101,"[[5, 23, 6, 22], [24, 11, 1, 12], [2, 15, 3, 16], [4, 18, 5, 17], [21, 7, 22, 6], [8, 3, 9, 4], [10, 14, 11, 13], [12, 23, 13, 24], [14, 19, 15, 20], [16, 8, 17, 7], [18, 9, 19, 10], [20, 2, 21, 1]]"
12n_0635_102,"[[20, 2, 21, 1], [5, 23, 6, 22], [24, 11, 1, 12], [2, 15, 3, 16], [4, 18, 5, 17], [21, 7, 22, 6], [8, 3, 9, 4], [10, 14, 11, 13], [12, 23, 13, 24], [14, 19, 15, 20], [16, 8, 17, 7], [18, 9, 19, 10]]"
12n_0635_103,"[[18, 9, 19, 10], [20, 2, 21, 1], [5, 23, 6, 22], [24, 11, 1, 12], [2, 15, 3, 16], [4, 18, 5, 17], [21, 7, 22, 6], [8, 3, 9, 4], [10, 14, 11, 13], [12, 23, 13, 24], [14, 19, 15, 20], [16, 8, 17, 7]]"
12n_0635_104,"[[16, 8, 17, 7], [18, 9, 19, 10], [20, 2, 21, 1], [5, 23, 6, 22], [24, 11, 1, 12], [2, 15, 3, 16], [4, 18, 5, 17], [21, 7, 22, 6], [8, 3, 9, 4], [10, 14, 11, 13], [12, 23, 13, 24], [14, 19, 15, 20]]"
12n_0635_105,"[[14, 19, 15, 20], [16, 8, 17, 7], [18, 9, 19, 10], [20, 2, 21, 1], [5, 23, 6, 22], [24, 11, 1, 12], [2, 15, 3, 16], [4, 18, 5, 17], [21, 7, 22, 6], [8, 3, 9, 4], [10, 14, 11, 13], [12, 23, 13, 24]]"
12n_0635_106,"[[12, 23, 13, 24], [14, 19, 15, 20], [16, 8, 17, 7], [18, 9, 19, 10], [20, 2, 21, 1], [5, 23, 6, 22], [24, 11, 1, 12], [2, 15, 3, 16], [4, 18, 5, 17], [21, 7, 22, 6], [8, 3, 9, 4], [10, 14, 11, 13]]"
12n_0635_107,"[[10, 14, 11, 13], [12, 23, 13, 24], [14, 19, 15, 20], [16, 8, 17, 7], [18, 9, 19, 10], [20, 2, 21, 1], [5, 23, 6, 22], [24, 11, 1, 12], [2, 15, 3, 16], [4, 18, 5, 17], [21, 7, 22, 6], [8, 3, 9, 4]]"
12n_0635_108,"[[9, 4, 10, 5], [11, 15, 12, 14], [13, 24, 14, 1], [15, 20, 16, 21], [17, 9, 18, 8], [19, 10, 20, 11], [21, 3, 22, 2], [6, 24, 7, 23], [1, 12, 2, 13], [3, 16, 4, 17], [5, 19, 6, 18], [22, 8, 23, 7]]"
12n_0635_109,"[[22, 8, 23, 7], [9, 4, 10, 5], [11, 15, 12, 14], [13, 24, 14, 1], [15, 20, 16, 21], [17, 9, 18, 8], [19, 10, 20, 11], [21, 3, 22, 2], [6, 24, 7, 23], [1, 12, 2, 13], [3, 16, 4, 17], [5, 19, 6, 18]]"
12n_0635_110,"[[5, 19, 6, 18], [22, 8, 23, 7], [9, 4, 10, 5], [11, 15, 12, 14], [13, 24, 14, 1], [15, 20, 16, 21], [17, 9, 18, 8], [19, 10, 20, 11], [21, 3, 22, 2], [6, 24, 7, 23], [1, 12, 2, 13], [3, 16, 4, 17]]"
12n_0635_111,"[[3, 16, 4, 17], [5, 19, 6, 18], [22, 8, 23, 7], [9, 4, 10, 5], [11, 15, 12, 14], [13, 24, 14, 1], [15, 20, 16, 21], [17, 9, 18, 8], [19, 10, 20, 11], [21, 3, 22, 2], [6, 24, 7, 23], [1, 12, 2, 13]]"
12n_0635_112,"[[1, 12, 2, 13], [3, 16, 4, 17], [5, 19, 6, 18], [22, 8, 23, 7], [9, 4, 10, 5], [11, 15, 12, 14], [13, 24, 14, 1], [15, 20, 16, 21], [17, 9, 18, 8], [19, 10, 20, 11], [21, 3, 22, 2], [6, 24, 7, 23]]"
12n_0635_113,"[[6, 24, 7, 23], [1, 12, 2, 13], [3, 16, 4, 17], [5, 19, 6, 18], [22, 8, 23, 7], [9, 4, 10, 5], [11, 15, 12, 14], [13, 24, 14, 1], [15, 20, 16, 21], [17, 9, 18, 8], [19, 10, 20, 11], [21, 3, 22, 2]]"
12n_0635_114,"[[21, 3, 22, 2], [6, 24, 7, 23], [1, 12, 2, 13], [3, 16, 4, 17], [5, 19, 6, 18], [22, 8, 23, 7], [9, 4, 10, 5], [11, 15, 12, 14], [13, 24, 14, 1], [15, 20, 16, 21], [17, 9, 18, 8], [19, 10, 20, 11]]"
12n_0635_115,"[[19, 10, 20, 11], [21, 3, 22, 2], [6, 24, 7, 23], [1, 12, 2, 13], [3, 16, 4, 17], [5, 19, 6, 18], [22, 8, 23, 7], [9, 4, 10, 5], [11, 15, 12, 14], [13, 24, 14, 1], [15, 20, 16, 21], [17, 9, 18, 8]]"
12n_0635_116,"[[17, 9, 18, 8], [19, 10, 20, 11], [21, 3, 22, 2], [6, 24, 7, 23], [1, 12, 2, 13], [3, 16, 4, 17], [5, 19, 6, 18], [22, 8, 23, 7], [9, 4, 10, 5], [11, 15, 12, 14], [13, 24, 14, 1], [15, 20, 16, 21]]"
12n_0635_117,"[[15, 20, 16, 21], [17, 9, 18, 8], [19, 10, 20, 11], [21, 3, 22, 2], [6, 24, 7, 23], [1, 12, 2, 13], [3, 16, 4, 17], [5, 19, 6, 18], [22, 8, 23, 7], [9, 4, 10, 5], [11, 15, 12, 14], [13, 24, 14, 1]]"
12n_0635_118,"[[13, 24, 14, 1], [15, 20, 16, 21], [17, 9, 18, 8], [19, 10, 20, 11], [21, 3, 22, 2], [6, 24, 7, 23], [1, 12, 2, 13], [3, 16, 4, 17], [5, 19, 6, 18], [22, 8, 23, 7], [9, 4, 10, 5], [11, 15, 12, 14]]"
12n_0635_119,"[[11, 15, 12, 14], [13, 24, 14, 1], [15, 20, 16, 21], [17, 9, 18, 8], [19, 10, 20, 11], [21, 3, 22, 2], [6, 24, 7, 23], [1, 12, 2, 13], [3, 16, 4, 17], [5, 19, 6, 18], [22, 8, 23, 7], [9, 4, 10, 5]]"
12n_0635_120,"[[10, 5, 11, 6], [12, 16, 13, 15], [14, 1, 15, 2], [16, 21, 17, 22], [18, 10, 19, 9], [20, 11, 21, 12], [22, 4, 23, 3], [7, 1, 8, 24], [2, 13, 3, 14], [4, 17, 5, 18], [6, 20, 7, 19], [23, 9, 24, 8]]"
12n_0635_121,"[[23, 9, 24, 8], [10, 5, 11, 6], [12, 16, 13, 15], [14, 1, 15, 2], [16, 21, 17, 22], [18, 10, 19, 9], [20, 11, 21, 12], [22, 4, 23, 3], [7, 1, 8, 24], [2, 13, 3, 14], [4, 17, 5, 18], [6, 20, 7, 19]]"
12n_0635_122,"[[6, 20, 7, 19], [23, 9, 24, 8], [10, 5, 11, 6], [12, 16, 13, 15], [14, 1, 15, 2], [16, 21, 17, 22], [18, 10, 19, 9], [20, 11, 21, 12], [22, 4, 23, 3], [7, 1, 8, 24], [2, 13, 3, 14], [4, 17, 5, 18]]"
12n_0635_123,"[[4, 17, 5, 18], [6, 20, 7, 19], [23, 9, 24, 8], [10, 5, 11, 6], [12, 16, 13, 15], [14, 1, 15, 2], [16, 21, 17, 22], [18, 10, 19, 9], [20, 11, 21, 12], [22, 4, 23, 3], [7, 1, 8, 24], [2, 13, 3, 14]]"
12n_0635_124,"[[2, 13, 3, 14], [4, 17, 5, 18], [6, 20, 7, 19], [23, 9, 24, 8], [10, 5, 11, 6], [12, 16, 13, 15], [14, 1, 15, 2], [16, 21, 17, 22], [18, 10, 19, 9], [20, 11, 21, 12], [22, 4, 23, 3], [7, 1, 8, 24]]"
12n_0635_125,"[[7, 1, 8, 24], [2, 13, 3, 14], [4, 17, 5, 18], [6, 20, 7, 19], [23, 9, 24, 8], [10, 5, 11, 6], [12, 16, 13, 15], [14, 1, 15, 2], [16, 21, 17, 22], [18, 10, 19, 9], [20, 11, 21, 12], [22, 4, 23, 3]]"
12n_0635_126,"[[22, 4, 23, 3], [7, 1, 8, 24], [2, 13, 3, 14], [4, 17, 5, 18], [6, 20, 7, 19], [23, 9, 24, 8], [10, 5, 11, 6], [12, 16, 13, 15], [14, 1, 15, 2], [16, 21, 17, 22], [18, 10, 19, 9], [20, 11, 21, 12]]"
12n_0635_127,"[[20, 11, 21, 12], [22, 4, 23, 3], [7, 1, 8, 24], [2, 13, 3, 14], [4, 17, 5, 18], [6, 20, 7, 19], [23, 9, 24, 8], [10, 5, 11, 6], [12, 16, 13, 15], [14, 1, 15, 2], [16, 21, 17, 22], [18, 10, 19, 9]]"
12n_0635_128,"[[18, 10, 19, 9], [20, 11, 21, 12], [22, 4, 23, 3], [7, 1, 8, 24], [2, 13, 3, 14], [4, 17, 5, 18], [6, 20, 7, 19], [23, 9, 24, 8], [10, 5, 11, 6], [12, 16, 13, 15], [14, 1, 15, 2], [16, 21, 17, 22]]"
12n_0635_129,"[[16, 21, 17, 22], [18, 10, 19, 9], [20, 11, 21, 12], [22, 4, 23, 3], [7, 1, 8, 24], [2, 13, 3, 14], [4, 17, 5, 18], [6, 20, 7, 19], [23, 9, 24, 8], [10, 5, 11, 6], [12, 16, 13, 15], [14, 1, 15, 2]]"
12n_0635_130,"[[14, 1, 15, 2], [16, 21, 17, 22], [18, 10, 19, 9], [20, 11, 21, 12], [22, 4, 23, 3], [7, 1, 8, 24], [2, 13, 3, 14], [4, 17, 5, 18], [6, 20, 7, 19], [23, 9, 24, 8], [10, 5, 11, 6], [12, 16, 13, 15]]"
12n_0635_131,"[[12, 16, 13, 15], [14, 1, 15, 2], [16, 21, 17, 22], [18, 10, 19, 9], [20, 11, 21, 12], [22, 4, 23, 3], [7, 1, 8, 24], [2, 13, 3, 14], [4, 17, 5, 18], [6, 20, 7, 19], [23, 9, 24, 8], [10, 5, 11, 6]]"
12n_0635_132,"[[11, 6, 12, 7], [13, 17, 14, 16], [15, 2, 16, 3], [17, 22, 18, 23], [19, 11, 20, 10], [21, 12, 22, 13], [23, 5, 24, 4], [8, 2, 9, 1], [3, 14, 4, 15], [5, 18, 6, 19], [7, 21, 8, 20], [24, 10, 1, 9]]"
12n_0635_133,"[[24, 10, 1, 9], [11, 6, 12, 7], [13, 17, 14, 16], [15, 2, 16, 3], [17, 22, 18, 23], [19, 11, 20, 10], [21, 12, 22, 13], [23, 5, 24, 4], [8, 2, 9, 1], [3, 14, 4, 15], [5, 18, 6, 19], [7, 21, 8, 20]]"
12n_0635_134,"[[7, 21, 8, 20], [24, 10, 1, 9], [11, 6, 12, 7], [13, 17, 14, 16], [15, 2, 16, 3], [17, 22, 18, 23], [19, 11, 20, 10], [21, 12, 22, 13], [23, 5, 24, 4], [8, 2, 9, 1], [3, 14, 4, 15], [5, 18, 6, 19]]"
12n_0635_135,"[[5, 18, 6, 19], [7, 21, 8, 20], [24, 10, 1, 9], [11, 6, 12, 7], [13, 17, 14, 16], [15, 2, 16, 3], [17, 22, 18, 23], [19, 11, 20, 10], [21, 12, 22, 13], [23, 5, 24, 4], [8, 2, 9, 1], [3, 14, 4, 15]]"
12n_0635_136,"[[3, 14, 4, 15], [5, 18, 6, 19], [7, 21, 8, 20], [24, 10, 1, 9], [11, 6, 12, 7], [13, 17, 14, 16], [15, 2, 16, 3], [17, 22, 18, 23], [19, 11, 20, 10], [21, 12, 22, 13], [23, 5, 24, 4], [8, 2, 9, 1]]"
12n_0635_137,"[[8, 2, 9, 1], [3, 14, 4, 15], [5, 18, 6, 19], [7, 21, 8, 20], [24, 10, 1, 9], [11, 6, 12, 7], [13, 17, 14, 16], [15, 2, 16, 3], [17, 22, 18, 23], [19, 11, 20, 10], [21, 12, 22, 13], [23, 5, 24, 4]]"
12n_0635_138,"[[23, 5, 24, 4], [8, 2, 9, 1], [3, 14, 4, 15], [5, 18, 6, 19], [7, 21, 8, 20], [24, 10, 1, 9], [11, 6, 12, 7], [13, 17, 14, 16], [15, 2, 16, 3], [17, 22, 18, 23], [19, 11, 20, 10], [21, 12, 22, 13]]"
12n_0635_139,"[[21, 12, 22, 13], [23, 5, 24, 4], [8, 2, 9, 1], [3, 14, 4, 15], [5, 18, 6, 19], [7, 21, 8, 20], [24, 10, 1, 9], [11, 6, 12, 7], [13, 17, 14, 16], [15, 2, 16, 3], [17, 22, 18, 23], [19, 11, 20, 10]]"
12n_0635_140,"[[19, 11, 20, 10], [21, 12, 22, 13], [23, 5, 24, 4], [8, 2, 9, 1], [3, 14, 4, 15], [5, 18, 6, 19], [7, 21, 8, 20], [24, 10, 1, 9], [11, 6, 12, 7], [13, 17, 14, 16], [15, 2, 16, 3], [17, 22, 18, 23]]"
12n_0635_141,"[[17, 22, 18, 23], [19, 11, 20, 10], [21, 12, 22, 13], [23, 5, 24, 4], [8, 2, 9, 1], [3, 14, 4, 15], [5, 18, 6, 19], [7, 21, 8, 20], [24, 10, 1, 9], [11, 6, 12, 7], [13, 17, 14, 16], [15, 2, 16, 3]]"
12n_0635_142,"[[15, 2, 16, 3], [17, 22, 18, 23], [19, 11, 20, 10], [21, 12, 22, 13], [23, 5, 24, 4], [8, 2, 9, 1], [3, 14, 4, 15], [5, 18, 6, 19], [7, 21, 8, 20], [24, 10, 1, 9], [11, 6, 12, 7], [13, 17, 14, 16]]"
12n_0635_143,"[[13, 17, 14, 16], [15, 2, 16, 3], [17, 22, 18, 23], [19, 11, 20, 10], [21, 12, 22, 13], [23, 5, 24, 4], [8, 2, 9, 1], [3, 14, 4, 15], [5, 18, 6, 19], [7, 21, 8, 20], [24, 10, 1, 9], [11, 6, 12, 7]]"
12n_0635_144,"[[12, 7, 13, 8], [14, 18, 15, 17], [16, 3, 17, 4], [18, 23, 19, 24], [20, 12, 21, 11], [22, 13, 23, 14], [24, 6, 1, 5], [9, 3, 10, 2], [4, 15, 5, 16], [6, 19, 7, 20], [8, 22, 9, 21], [1, 11, 2, 10]]"
12n_0635_145,"[[1, 11, 2, 10], [12, 7, 13, 8], [14, 18, 15, 17], [16, 3, 17, 4], [18, 23, 19, 24], [20, 12, 21, 11], [22, 13, 23, 14], [24, 6, 1, 5], [9, 3, 10, 2], [4, 15, 5, 16], [6, 19, 7, 20], [8, 22, 9, 21]]"
12n_0635_146,"[[8, 22, 9, 21], [1, 11, 2, 10], [12, 7, 13, 8], [14, 18, 15, 17], [16, 3, 17, 4], [18, 23, 19, 24], [20, 12, 21, 11], [22, 13, 23, 14], [24, 6, 1, 5], [9, 3, 10, 2], [4, 15, 5, 16], [6, 19, 7, 20]]"
12n_0635_147,"[[6, 19, 7, 20], [8, 22, 9, 21], [1, 11, 2, 10], [12, 7, 13, 8], [14, 18, 15, 17], [16, 3, 17, 4], [18, 23, 19, 24], [20, 12, 21, 11], [22, 13, 23, 14], [24, 6, 1, 5], [9, 3, 10, 2], [4, 15, 5, 16]]"
12n_0635_148,"[[4, 15, 5, 16], [6, 19, 7, 20], [8, 22, 9, 21], [1, 11, 2, 10], [12, 7, 13, 8], [14, 18, 15, 17], [16, 3, 17, 4], [18, 23, 19, 24], [20, 12, 21, 11], [22, 13, 23, 14], [24, 6, 1, 5], [9, 3, 10, 2]]"
12n_0635_149,"[[9, 3, 10, 2], [4, 15, 5, 16], [6, 19, 7, 20], [8, 22, 9, 21], [1, 11, 2, 10], [12, 7, 13, 8], [14, 18, 15, 17], [16, 3, 17, 4], [18, 23, 19, 24], [20, 12, 21, 11], [22, 13, 23, 14], [24, 6, 1, 5]]"
12n_0635_150,"[[24, 6, 1, 5], [9, 3, 10, 2], [4, 15, 5, 16], [6, 19, 7, 20], [8, 22, 9, 21], [1, 11, 2, 10], [12, 7, 13, 8], [14, 18, 15, 17], [16, 3, 17, 4], [18, 23, 19, 24], [20, 12, 21, 11], [22, 13, 23, 14]]"
12n_0635_151,"[[22, 13, 23, 14], [24, 6, 1, 5], [9, 3, 10, 2], [4, 15, 5, 16], [6, 19, 7, 20], [8, 22, 9, 21], [1, 11, 2, 10], [12, 7, 13, 8], [14, 18, 15, 17], [16, 3, 17, 4], [18, 23, 19, 24], [20, 12, 21, 11]]"
12n_0635_152,"[[20, 12, 21, 11], [22, 13, 23, 14], [24, 6, 1, 5], [9, 3, 10, 2], [4, 15, 5, 16], [6, 19, 7, 20], [8, 22, 9, 21], [1, 11, 2, 10], [12, 7, 13, 8], [14, 18, 15, 17], [16, 3, 17, 4], [18, 23, 19, 24]]"
12n_0635_153,"[[18, 23, 19, 24], [20, 12, 21, 11], [22, 13, 23, 14], [24, 6, 1, 5], [9, 3, 10, 2], [4, 15, 5, 16], [6, 19, 7, 20], [8, 22, 9, 21], [1, 11, 2, 10], [12, 7, 13, 8], [14, 18, 15, 17], [16, 3, 17, 4]]"
12n_0635_154,"[[16, 3, 17, 4], [18, 23, 19, 24], [20, 12, 21, 11], [22, 13, 23, 14], [24, 6, 1, 5], [9, 3, 10, 2], [4, 15, 5, 16], [6, 19, 7, 20], [8, 22, 9, 21], [1, 11, 2, 10], [12, 7, 13, 8], [14, 18, 15, 17]]"
12n_0635_155,"[[14, 18, 15, 17], [16, 3, 17, 4], [18, 23, 19, 24], [20, 12, 21, 11], [22, 13, 23, 14], [24, 6, 1, 5], [9, 3, 10, 2], [4, 15, 5, 16], [6, 19, 7, 20], [8, 22, 9, 21], [1, 11, 2, 10], [12, 7, 13, 8]]"
12n_0635_156,"[[13, 8, 14, 9], [15, 19, 16, 18], [17, 4, 18, 5], [19, 24, 20, 1], [21, 13, 22, 12], [23, 14, 24, 15], [1, 7, 2, 6], [10, 4, 11, 3], [5, 16, 6, 17], [7, 20, 8, 21], [9, 23, 10, 22], [2, 12, 3, 11]]"
12n_0635_157,"[[2, 12, 3, 11], [13, 8, 14, 9], [15, 19, 16, 18], [17, 4, 18, 5], [19, 24, 20, 1], [21, 13, 22, 12], [23, 14, 24, 15], [1, 7, 2, 6], [10, 4, 11, 3], [5, 16, 6, 17], [7, 20, 8, 21], [9, 23, 10, 22]]"
12n_0635_158,"[[9, 23, 10, 22], [2, 12, 3, 11], [13, 8, 14, 9], [15, 19, 16, 18], [17, 4, 18, 5], [19, 24, 20, 1], [21, 13, 22, 12], [23, 14, 24, 15], [1, 7, 2, 6], [10, 4, 11, 3], [5, 16, 6, 17], [7, 20, 8, 21]]"
12n_0635_159,"[[7, 20, 8, 21], [9, 23, 10, 22], [2, 12, 3, 11], [13, 8, 14, 9], [15, 19, 16, 18], [17, 4, 18, 5], [19, 24, 20, 1], [21, 13, 22, 12], [23, 14, 24, 15], [1, 7, 2, 6], [10, 4, 11, 3], [5, 16, 6, 17]]"
12n_0635_160,"[[5, 16, 6, 17], [7, 20, 8, 21], [9, 23, 10, 22], [2, 12, 3, 11], [13, 8, 14, 9], [15, 19, 16, 18], [17, 4, 18, 5], [19, 24, 20, 1], [21, 13, 22, 12], [23, 14, 24, 15], [1, 7, 2, 6], [10, 4, 11, 3]]"
12n_0635_161,"[[10, 4, 11, 3], [5, 16, 6, 17], [7, 20, 8, 21], [9, 23, 10, 22], [2, 12, 3, 11], [13, 8, 14, 9], [15, 19, 16, 18], [17, 4, 18, 5], [19, 24, 20, 1], [21, 13, 22, 12], [23, 14, 24, 15], [1, 7, 2, 6]]"
12n_0635_162,"[[1, 7, 2, 6], [10, 4, 11, 3], [5, 16, 6, 17], [7, 20, 8, 21], [9, 23, 10, 22], [2, 12, 3, 11], [13, 8, 14, 9], [15, 19, 16, 18], [17, 4, 18, 5], [19, 24, 20, 1], [21, 13, 22, 12], [23, 14, 24, 15]]"
12n_0635_163,"[[23, 14, 24, 15], [1, 7, 2, 6], [10, 4, 11, 3], [5, 16, 6, 17], [7, 20, 8, 21], [9, 23, 10, 22], [2, 12, 3, 11], [13, 8, 14, 9], [15, 19, 16, 18], [17, 4, 18, 5], [19, 24, 20, 1], [21, 13, 22, 12]]"
12n_0635_164,"[[21, 13, 22, 12], [23, 14, 24, 15], [1, 7, 2, 6], [10, 4, 11, 3], [5, 16, 6, 17], [7, 20, 8, 21], [9, 23, 10, 22], [2, 12, 3, 11], [13, 8, 14, 9], [15, 19, 16, 18], [17, 4, 18, 5], [19, 24, 20, 1]]"
12n_0635_165,"[[19, 24, 20, 1], [21, 13, 22, 12], [23, 14, 24, 15], [1, 7, 2, 6], [10, 4, 11, 3], [5, 16, 6, 17], [7, 20, 8, 21], [9, 23, 10, 22], [2, 12, 3, 11], [13, 8, 14, 9], [15, 19, 16, 18], [17, 4, 18, 5]]"
12n_0635_166,"[[17, 4, 18, 5], [19, 24, 20, 1], [21, 13, 22, 12], [23, 14, 24, 15], [1, 7, 2, 6], [10, 4, 11, 3], [5, 16, 6, 17], [7, 20, 8, 21], [9, 23, 10, 22], [2, 12, 3, 11], [13, 8, 14, 9], [15, 19, 16, 18]]"
12n_0635_167,"[[15, 19, 16, 18], [17, 4, 18, 5], [19, 24, 20, 1], [21, 13, 22, 12], [23, 14, 24, 15], [1, 7, 2, 6], [10, 4, 11, 3], [5, 16, 6, 17], [7, 20, 8, 21], [9, 23, 10, 22], [2, 12, 3, 11], [13, 8, 14, 9]]"
12n_0635_168,"[[14, 9, 15, 10], [16, 20, 17, 19], [18, 5, 19, 6], [20, 1, 21, 2], [22, 14, 23, 13], [24, 15, 1, 16], [2, 8, 3, 7], [11, 5, 12, 4], [6, 17, 7, 18], [8, 21, 9, 22], [10, 24, 11, 23], [3, 13, 4, 12]]"
12n_0635_169,"[[3, 13, 4, 12], [14, 9, 15, 10], [16, 20, 17, 19], [18, 5, 19, 6], [20, 1, 21, 2], [22, 14, 23, 13], [24, 15, 1, 16], [2, 8, 3, 7], [11, 5, 12, 4], [6, 17, 7, 18], [8, 21, 9, 22], [10, 24, 11, 23]]"
12n_0635_170,"[[10, 24, 11, 23], [3, 13, 4, 12], [14, 9, 15, 10], [16, 20, 17, 19], [18, 5, 19, 6], [20, 1, 21, 2], [22, 14, 23, 13], [24, 15, 1, 16], [2, 8, 3, 7], [11, 5, 12, 4], [6, 17, 7, 18], [8, 21, 9, 22]]"
12n_0635_171,"[[8, 21, 9, 22], [10, 24, 11, 23], [3, 13, 4, 12], [14, 9, 15, 10], [16, 20, 17, 19], [18, 5, 19, 6], [20, 1, 21, 2], [22, 14, 23, 13], [24, 15, 1, 16], [2, 8, 3, 7], [11, 5, 12, 4], [6, 17, 7, 18]]"
12n_0635_172,"[[6, 17, 7, 18], [8, 21, 9, 22], [10, 24, 11, 23], [3, 13, 4, 12], [14, 9, 15, 10], [16, 20, 17, 19], [18, 5, 19, 6], [20, 1, 21, 2], [22, 14, 23, 13], [24, 15, 1, 16], [2, 8, 3, 7], [11, 5, 12, 4]]"
12n_0635_173,"[[11, 5, 12, 4], [6, 17, 7, 18], [8, 21, 9, 22], [10, 24, 11, 23], [3, 13, 4, 12], [14, 9, 15, 10], [16, 20, 17, 19], [18, 5, 19, 6], [20, 1, 21, 2], [22, 14, 23, 13], [24, 15, 1, 16], [2, 8, 3, 7]]"
12n_0635_174,"[[2, 8, 3, 7], [11, 5, 12, 4], [6, 17, 7, 18], [8, 21, 9, 22], [10, 24, 11, 23], [3, 13, 4, 12], [14, 9, 15, 10], [16, 20, 17, 19], [18, 5, 19, 6], [20, 1, 21, 2], [22, 14, 23, 13], [24, 15, 1, 16]]"
12n_0635_175,"[[24, 15, 1, 16], [2, 8, 3, 7], [11, 5, 12, 4], [6, 17, 7, 18], [8, 21, 9, 22], [10, 24, 11, 23], [3, 13, 4, 12], [14, 9, 15, 10], [16, 20, 17, 19], [18, 5, 19, 6], [20, 1, 21, 2], [22, 14, 23, 13]]"
12n_0635_176,"[[22, 14, 23, 13], [24, 15, 1, 16], [2, 8, 3, 7], [11, 5, 12, 4], [6, 17, 7, 18], [8, 21, 9, 22], [10, 24, 11, 23], [3, 13, 4, 12], [14, 9, 15, 10], [16, 20, 17, 19], [18, 5, 19, 6], [20, 1, 21, 2]]"
12n_0635_177,"[[20, 1, 21, 2], [22, 14, 23, 13], [24, 15, 1, 16], [2, 8, 3, 7], [11, 5, 12, 4], [6, 17, 7, 18], [8, 21, 9, 22], [10, 24, 11, 23], [3, 13, 4, 12], [14, 9, 15, 10], [16, 20, 17, 19], [18, 5, 19, 6]]"
12n_0635_178,"[[18, 5, 19, 6], [20, 1, 21, 2], [22, 14, 23, 13], [24, 15, 1, 16], [2, 8, 3, 7], [11, 5, 12, 4], [6, 17, 7, 18], [8, 21, 9, 22], [10, 24, 11, 23], [3, 13, 4, 12], [14, 9, 15, 10], [16, 20, 17, 19]]"
12n_0635_179,"[[16, 20, 17, 19], [18, 5, 19, 6], [20, 1, 21, 2], [22, 14, 23, 13], [24, 15, 1, 16], [2, 8, 3, 7], [11, 5, 12, 4], [6, 17, 7, 18], [8, 21, 9, 22], [10, 24, 11, 23], [3, 13, 4, 12], [14, 9, 15, 10]]"
12n_0635_180,"[[15, 10, 16, 11], [17, 21, 18, 20], [19, 6, 20, 7], [21, 2, 22, 3], [23, 15, 24, 14], [1, 16, 2, 17], [3, 9, 4, 8], [12, 6, 13, 5], [7, 18, 8, 19], [9, 22, 10, 23], [11, 1, 12, 24], [4, 14, 5, 13]]"
12n_0635_181,"[[4, 14, 5, 13], [15, 10, 16, 11], [17, 21, 18, 20], [19, 6, 20, 7], [21, 2, 22, 3], [23, 15, 24, 14], [1, 16, 2, 17], [3, 9, 4, 8], [12, 6, 13, 5], [7, 18, 8, 19], [9, 22, 10, 23], [11, 1, 12, 24]]"
12n_0635_182,"[[11, 1, 12, 24], [4, 14, 5, 13], [15, 10, 16, 11], [17, 21, 18, 20], [19, 6, 20, 7], [21, 2, 22, 3], [23, 15, 24, 14], [1, 16, 2, 17], [3, 9, 4, 8], [12, 6, 13, 5], [7, 18, 8, 19], [9, 22, 10, 23]]"
12n_0635_183,"[[9, 22, 10, 23], [11, 1, 12, 24], [4, 14, 5, 13], [15, 10, 16, 11], [17, 21, 18, 20], [19, 6, 20, 7], [21, 2, 22, 3], [23, 15, 24, 14], [1, 16, 2, 17], [3, 9, 4, 8], [12, 6, 13, 5], [7, 18, 8, 19]]"
12n_0635_184,"[[7, 18, 8, 19], [9, 22, 10, 23], [11, 1, 12, 24], [4, 14, 5, 13], [15, 10, 16, 11], [17, 21, 18, 20], [19, 6, 20, 7], [21, 2, 22, 3], [23, 15, 24, 14], [1, 16, 2, 17], [3, 9, 4, 8], [12, 6, 13, 5]]"
12n_0635_185,"[[12, 6, 13, 5], [7, 18, 8, 19], [9, 22, 10, 23], [11, 1, 12, 24], [4, 14, 5, 13], [15, 10, 16, 11], [17, 21, 18, 20], [19, 6, 20, 7], [21, 2, 22, 3], [23, 15, 24, 14], [1, 16, 2, 17], [3, 9, 4, 8]]"
