name,pd_notation
11a_123_0,"[[3, 11, 4, 10], [5, 3, 6, 2], [11, 5, 12, 4], [21, 9, 22, 8], [19, 15, 20, 14], [15, 7, 16, 6], [7, 19, 8, 18], [13, 21, 14, 20], [9, 13, 10, 12], [1, 17, 2, 16], [17, 1, 18, 22]]"
11a_123_1,"[[17, 1, 18, 22], [3, 11, 4, 10], [5, 3, 6, 2], [11, 5, 12, 4], [21, 9, 22, 8], [19, 15, 20, 14], [15, 7, 16, 6], [7, 19, 8, 18], [13, 21, 14, 20], [9, 13, 10, 12], [1, 17, 2, 16]]"
11a_123_2,"[[1, 17, 2, 16], [17, 1, 18, 22], [3, 11, 4, 10], [5, 3, 6, 2], [11, 5, 12, 4], [21, 9, 22, 8], [19, 15, 20, 14], [15, 7, 16, 6], [7, 19, 8, 18], [13, 21, 14, 20], [9, 13, 10, 12]]"
11a_123_3,"[[9, 13, 10, 12], [1, 17, 2, 16], [17, 1, 18, 22], [3, 11, 4, 10], [5, 3, 6, 2], [11, 5, 12, 4], [21, 9, 22, 8], [19, 15, 20, 14], [15, 7, 16, 6], [7, 19, 8, 18], [13, 21, 14, 20]]"
11a_123_4,"[[13, 21, 14, 20], [9, 13, 10, 12], [1, 17, 2, 16], [17, 1, 18, 22], [3, 11, 4, 10], [5, 3, 6, 2], [11, 5, 12, 4], [21, 9, 22, 8], [19, 15, 20, 14], [15, 7, 16, 6], [7, 19, 8, 18]]"
11a_123_5,"[[7, 19, 8, 18], [13, 21, 14, 20], [9, 13, 10, 12], [1, 17, 2, 16], [17, 1, 18, 22], [3, 11, 4, 10], [5, 3, 6, 2], [11, 5, 12, 4], [21, 9, 22, 8], [19, 15, 20, 14], [15, 7, 16, 6]]"
11a_123_6,"[[15, 7, 16, 6], [7, 19, 8, 18], [13, 21, 14, 20], [9, 13, 10, 12], [1, 17, 2, 16], [17, 1, 18, 22], [3, 11, 4, 10], [5, 3, 6, 2], [11, 5, 12, 4], [21, 9, 22, 8], [19, 15, 20, 14]]"
11a_123_7,"[[19, 15, 20, 14], [15, 7, 16, 6], [7, 19, 8, 18], [13, 21, 14, 20], [9, 13, 10, 12], [1, 17, 2, 16], [17, 1, 18, 22], [3, 11, 4, 10], [5, 3, 6, 2], [11, 5, 12, 4], [21, 9, 22, 8]]"
11a_123_8,"[[21, 9, 22, 8], [19, 15, 20, 14], [15, 7, 16, 6], [7, 19, 8, 18], [13, 21, 14, 20], [9, 13, 10, 12], [1, 17, 2, 16], [17, 1, 18, 22], [3, 11, 4, 10], [5, 3, 6, 2], [11, 5, 12, 4]]"
11a_123_9,"[[11, 5, 12, 4], [21, 9, 22, 8], [19, 15, 20, 14], [15, 7, 16, 6], [7, 19, 8, 18], [13, 21, 14, 20], [9, 13, 10, 12], [1, 17, 2, 16], [17, 1, 18, 22], [3, 11, 4, 10], [5, 3, 6, 2]]"
11a_123_10,"[[5, 3, 6, 2], [11, 5, 12, 4], [21, 9, 22, 8], [19, 15, 20, 14], [15, 7, 16, 6], [7, 19, 8, 18], [13, 21, 14, 20], [9, 13, 10, 12], [1, 17, 2, 16], [17, 1, 18, 22], [3, 11, 4, 10]]"
11a_123_11,"[[4, 12, 5, 11], [6, 4, 7, 3], [12, 6, 13, 5], [22, 10, 1, 9], [20, 16, 21, 15], [16, 8, 17, 7], [8, 20, 9, 19], [14, 22, 15, 21], [10, 14, 11, 13], [2, 18, 3, 17], [18, 2, 19, 1]]"
11a_123_12,"[[18, 2, 19, 1], [4, 12, 5, 11], [6, 4, 7, 3], [12, 6, 13, 5], [22, 10, 1, 9], [20, 16, 21, 15], [16, 8, 17, 7], [8, 20, 9, 19], [14, 22, 15, 21], [10, 14, 11, 13], [2, 18, 3, 17]]"
11a_123_13,"[[2, 18, 3, 17], [18, 2, 19, 1], [4, 12, 5, 11], [6, 4, 7, 3], [12, 6, 13, 5], [22, 10, 1, 9], [20, 16, 21, 15], [16, 8, 17, 7], [8, 20, 9, 19], [14, 22, 15, 21], [10, 14, 11, 13]]"
11a_123_14,"[[10, 14, 11, 13], [2, 18, 3, 17], [18, 2, 19, 1], [4, 12, 5, 11], [6, 4, 7, 3], [12, 6, 13, 5], [22, 10, 1, 9], [20, 16, 21, 15], [16, 8, 17, 7], [8, 20, 9, 19], [14, 22, 15, 21]]"
11a_123_15,"[[14, 22, 15, 21], [10, 14, 11, 13], [2, 18, 3, 17], [18, 2, 19, 1], [4, 12, 5, 11], [6, 4, 7, 3], [12, 6, 13, 5], [22, 10, 1, 9], [20, 16, 21, 15], [16, 8, 17, 7], [8, 20, 9, 19]]"
11a_123_16,"[[8, 20, 9, 19], [14, 22, 15, 21], [10, 14, 11, 13], [2, 18, 3, 17], [18, 2, 19, 1], [4, 12, 5, 11], [6, 4, 7, 3], [12, 6, 13, 5], [22, 10, 1, 9], [20, 16, 21, 15], [16, 8, 17, 7]]"
11a_123_17,"[[16, 8, 17, 7], [8, 20, 9, 19], [14, 22, 15, 21], [10, 14, 11, 13], [2, 18, 3, 17], [18, 2, 19, 1], [4, 12, 5, 11], [6, 4, 7, 3], [12, 6, 13, 5], [22, 10, 1, 9], [20, 16, 21, 15]]"
11a_123_18,"[[20, 16, 21, 15], [16, 8, 17, 7], [8, 20, 9, 19], [14, 22, 15, 21], [10, 14, 11, 13], [2, 18, 3, 17], [18, 2, 19, 1], [4, 12, 5, 11], [6, 4, 7, 3], [12, 6, 13, 5], [22, 10, 1, 9]]"
11a_123_19,"[[22, 10, 1, 9], [20, 16, 21, 15], [16, 8, 17, 7], [8, 20, 9, 19], [14, 22, 15, 21], [10, 14, 11, 13], [2, 18, 3, 17], [18, 2, 19, 1], [4, 12, 5, 11], [6, 4, 7, 3], [12, 6, 13, 5]]"
11a_123_20,"[[12, 6, 13, 5], [22, 10, 1, 9], [20, 16, 21, 15], [16, 8, 17, 7], [8, 20, 9, 19], [14, 22, 15, 21], [10, 14, 11, 13], [2, 18, 3, 17], [18, 2, 19, 1], [4, 12, 5, 11], [6, 4, 7, 3]]"
11a_123_21,"[[6, 4, 7, 3], [12, 6, 13, 5], [22, 10, 1, 9], [20, 16, 21, 15], [16, 8, 17, 7], [8, 20, 9, 19], [14, 22, 15, 21], [10, 14, 11, 13], [2, 18, 3, 17], [18, 2, 19, 1], [4, 12, 5, 11]]"
11a_123_22,"[[5, 13, 6, 12], [7, 5, 8, 4], [13, 7, 14, 6], [1, 11, 2, 10], [21, 17, 22, 16], [17, 9, 18, 8], [9, 21, 10, 20], [15, 1, 16, 22], [11, 15, 12, 14], [3, 19, 4, 18], [19, 3, 20, 2]]"
11a_123_23,"[[19, 3, 20, 2], [5, 13, 6, 12], [7, 5, 8, 4], [13, 7, 14, 6], [1, 11, 2, 10], [21, 17, 22, 16], [17, 9, 18, 8], [9, 21, 10, 20], [15, 1, 16, 22], [11, 15, 12, 14], [3, 19, 4, 18]]"
11a_123_24,"[[3, 19, 4, 18], [19, 3, 20, 2], [5, 13, 6, 12], [7, 5, 8, 4], [13, 7, 14, 6], [1, 11, 2, 10], [21, 17, 22, 16], [17, 9, 18, 8], [9, 21, 10, 20], [15, 1, 16, 22], [11, 15, 12, 14]]"
11a_123_25,"[[11, 15, 12, 14], [3, 19, 4, 18], [19, 3, 20, 2], [5, 13, 6, 12], [7, 5, 8, 4], [13, 7, 14, 6], [1, 11, 2, 10], [21, 17, 22, 16], [17, 9, 18, 8], [9, 21, 10, 20], [15, 1, 16, 22]]"
11a_123_26,"[[15, 1, 16, 22], [11, 15, 12, 14], [3, 19, 4, 18], [19, 3, 20, 2], [5, 13, 6, 12], [7, 5, 8, 4], [13, 7, 14, 6], [1, 11, 2, 10], [21, 17, 22, 16], [17, 9, 18, 8], [9, 21, 10, 20]]"
11a_123_27,"[[9, 21, 10, 20], [15, 1, 16, 22], [11, 15, 12, 14], [3, 19, 4, 18], [19, 3, 20, 2], [5, 13, 6, 12], [7, 5, 8, 4], [13, 7, 14, 6], [1, 11, 2, 10], [21, 17, 22, 16], [17, 9, 18, 8]]"
11a_123_28,"[[17, 9, 18, 8], [9, 21, 10, 20], [15, 1, 16, 22], [11, 15, 12, 14], [3, 19, 4, 18], [19, 3, 20, 2], [5, 13, 6, 12], [7, 5, 8, 4], [13, 7, 14, 6], [1, 11, 2, 10], [21, 17, 22, 16]]"
11a_123_29,"[[21, 17, 22, 16], [17, 9, 18, 8], [9, 21, 10, 20], [15, 1, 16, 22], [11, 15, 12, 14], [3, 19, 4, 18], [19, 3, 20, 2], [5, 13, 6, 12], [7, 5, 8, 4], [13, 7, 14, 6], [1, 11, 2, 10]]"
11a_123_30,"[[1, 11, 2, 10], [21, 17, 22, 16], [17, 9, 18, 8], [9, 21, 10, 20], [15, 1, 16, 22], [11, 15, 12, 14], [3, 19, 4, 18], [19, 3, 20, 2], [5, 13, 6, 12], [7, 5, 8, 4], [13, 7, 14, 6]]"
11a_123_31,"[[13, 7, 14, 6], [1, 11, 2, 10], [21, 17, 22, 16], [17, 9, 18, 8], [9, 21, 10, 20], [15, 1, 16, 22], [11, 15, 12, 14], [3, 19, 4, 18], [19, 3, 20, 2], [5, 13, 6, 12], [7, 5, 8, 4]]"
11a_123_32,"[[7, 5, 8, 4], [13, 7, 14, 6], [1, 11, 2, 10], [21, 17, 22, 16], [17, 9, 18, 8], [9, 21, 10, 20], [15, 1, 16, 22], [11, 15, 12, 14], [3, 19, 4, 18], [19, 3, 20, 2], [5, 13, 6, 12]]"
11a_123_33,"[[6, 14, 7, 13], [8, 6, 9, 5], [14, 8, 15, 7], [2, 12, 3, 11], [22, 18, 1, 17], [18, 10, 19, 9], [10, 22, 11, 21], [16, 2, 17, 1], [12, 16, 13, 15], [4, 20, 5, 19], [20, 4, 21, 3]]"
11a_123_34,"[[20, 4, 21, 3], [6, 14, 7, 13], [8, 6, 9, 5], [14, 8, 15, 7], [2, 12, 3, 11], [22, 18, 1, 17], [18, 10, 19, 9], [10, 22, 11, 21], [16, 2, 17, 1], [12, 16, 13, 15], [4, 20, 5, 19]]"
11a_123_35,"[[4, 20, 5, 19], [20, 4, 21, 3], [6, 14, 7, 13], [8, 6, 9, 5], [14, 8, 15, 7], [2, 12, 3, 11], [22, 18, 1, 17], [18, 10, 19, 9], [10, 22, 11, 21], [16, 2, 17, 1], [12, 16, 13, 15]]"
11a_123_36,"[[12, 16, 13, 15], [4, 20, 5, 19], [20, 4, 21, 3], [6, 14, 7, 13], [8, 6, 9, 5], [14, 8, 15, 7], [2, 12, 3, 11], [22, 18, 1, 17], [18, 10, 19, 9], [10, 22, 11, 21], [16, 2, 17, 1]]"
11a_123_37,"[[16, 2, 17, 1], [12, 16, 13, 15], [4, 20, 5, 19], [20, 4, 21, 3], [6, 14, 7, 13], [8, 6, 9, 5], [14, 8, 15, 7], [2, 12, 3, 11], [22, 18, 1, 17], [18, 10, 19, 9], [10, 22, 11, 21]]"
11a_123_38,"[[10, 22, 11, 21], [16, 2, 17, 1], [12, 16, 13, 15], [4, 20, 5, 19], [20, 4, 21, 3], [6, 14, 7, 13], [8, 6, 9, 5], [14, 8, 15, 7], [2, 12, 3, 11], [22, 18, 1, 17], [18, 10, 19, 9]]"
11a_123_39,"[[18, 10, 19, 9], [10, 22, 11, 21], [16, 2, 17, 1], [12, 16, 13, 15], [4, 20, 5, 19], [20, 4, 21, 3], [6, 14, 7, 13], [8, 6, 9, 5], [14, 8, 15, 7], [2, 12, 3, 11], [22, 18, 1, 17]]"
11a_123_40,"[[22, 18, 1, 17], [18, 10, 19, 9], [10, 22, 11, 21], [16, 2, 17, 1], [12, 16, 13, 15], [4, 20, 5, 19], [20, 4, 21, 3], [6, 14, 7, 13], [8, 6, 9, 5], [14, 8, 15, 7], [2, 12, 3, 11]]"
11a_123_41,"[[2, 12, 3, 11], [22, 18, 1, 17], [18, 10, 19, 9], [10, 22, 11, 21], [16, 2, 17, 1], [12, 16, 13, 15], [4, 20, 5, 19], [20, 4, 21, 3], [6, 14, 7, 13], [8, 6, 9, 5], [14, 8, 15, 7]]"
11a_123_42,"[[14, 8, 15, 7], [2, 12, 3, 11], [22, 18, 1, 17], [18, 10, 19, 9], [10, 22, 11, 21], [16, 2, 17, 1], [12, 16, 13, 15], [4, 20, 5, 19], [20, 4, 21, 3], [6, 14, 7, 13], [8, 6, 9, 5]]"
11a_123_43,"[[8, 6, 9, 5], [14, 8, 15, 7], [2, 12, 3, 11], [22, 18, 1, 17], [18, 10, 19, 9], [10, 22, 11, 21], [16, 2, 17, 1], [12, 16, 13, 15], [4, 20, 5, 19], [20, 4, 21, 3], [6, 14, 7, 13]]"
11a_123_44,"[[7, 15, 8, 14], [9, 7, 10, 6], [15, 9, 16, 8], [3, 13, 4, 12], [1, 19, 2, 18], [19, 11, 20, 10], [11, 1, 12, 22], [17, 3, 18, 2], [13, 17, 14, 16], [5, 21, 6, 20], [21, 5, 22, 4]]"
11a_123_45,"[[21, 5, 22, 4], [7, 15, 8, 14], [9, 7, 10, 6], [15, 9, 16, 8], [3, 13, 4, 12], [1, 19, 2, 18], [19, 11, 20, 10], [11, 1, 12, 22], [17, 3, 18, 2], [13, 17, 14, 16], [5, 21, 6, 20]]"
11a_123_46,"[[5, 21, 6, 20], [21, 5, 22, 4], [7, 15, 8, 14], [9, 7, 10, 6], [15, 9, 16, 8], [3, 13, 4, 12], [1, 19, 2, 18], [19, 11, 20, 10], [11, 1, 12, 22], [17, 3, 18, 2], [13, 17, 14, 16]]"
11a_123_47,"[[13, 17, 14, 16], [5, 21, 6, 20], [21, 5, 22, 4], [7, 15, 8, 14], [9, 7, 10, 6], [15, 9, 16, 8], [3, 13, 4, 12], [1, 19, 2, 18], [19, 11, 20, 10], [11, 1, 12, 22], [17, 3, 18, 2]]"
11a_123_48,"[[17, 3, 18, 2], [13, 17, 14, 16], [5, 21, 6, 20], [21, 5, 22, 4], [7, 15, 8, 14], [9, 7, 10, 6], [15, 9, 16, 8], [3, 13, 4, 12], [1, 19, 2, 18], [19, 11, 20, 10], [11, 1, 12, 22]]"
11a_123_49,"[[11, 1, 12, 22], [17, 3, 18, 2], [13, 17, 14, 16], [5, 21, 6, 20], [21, 5, 22, 4], [7, 15, 8, 14], [9, 7, 10, 6], [15, 9, 16, 8], [3, 13, 4, 12], [1, 19, 2, 18], [19, 11, 20, 10]]"
11a_123_50,"[[19, 11, 20, 10], [11, 1, 12, 22], [17, 3, 18, 2], [13, 17, 14, 16], [5, 21, 6, 20], [21, 5, 22, 4], [7, 15, 8, 14], [9, 7, 10, 6], [15, 9, 16, 8], [3, 13, 4, 12], [1, 19, 2, 18]]"
11a_123_51,"[[1, 19, 2, 18], [19, 11, 20, 10], [11, 1, 12, 22], [17, 3, 18, 2], [13, 17, 14, 16], [5, 21, 6, 20], [21, 5, 22, 4], [7, 15, 8, 14], [9, 7, 10, 6], [15, 9, 16, 8], [3, 13, 4, 12]]"
11a_123_52,"[[3, 13, 4, 12], [1, 19, 2, 18], [19, 11, 20, 10], [11, 1, 12, 22], [17, 3, 18, 2], [13, 17, 14, 16], [5, 21, 6, 20], [21, 5, 22, 4], [7, 15, 8, 14], [9, 7, 10, 6], [15, 9, 16, 8]]"
11a_123_53,"[[15, 9, 16, 8], [3, 13, 4, 12], [1, 19, 2, 18], [19, 11, 20, 10], [11, 1, 12, 22], [17, 3, 18, 2], [13, 17, 14, 16], [5, 21, 6, 20], [21, 5, 22, 4], [7, 15, 8, 14], [9, 7, 10, 6]]"
11a_123_54,"[[9, 7, 10, 6], [15, 9, 16, 8], [3, 13, 4, 12], [1, 19, 2, 18], [19, 11, 20, 10], [11, 1, 12, 22], [17, 3, 18, 2], [13, 17, 14, 16], [5, 21, 6, 20], [21, 5, 22, 4], [7, 15, 8, 14]]"
11a_123_55,"[[8, 16, 9, 15], [10, 8, 11, 7], [16, 10, 17, 9], [4, 14, 5, 13], [2, 20, 3, 19], [20, 12, 21, 11], [12, 2, 13, 1], [18, 4, 19, 3], [14, 18, 15, 17], [6, 22, 7, 21], [22, 6, 1, 5]]"
11a_123_56,"[[22, 6, 1, 5], [8, 16, 9, 15], [10, 8, 11, 7], [16, 10, 17, 9], [4, 14, 5, 13], [2, 20, 3, 19], [20, 12, 21, 11], [12, 2, 13, 1], [18, 4, 19, 3], [14, 18, 15, 17], [6, 22, 7, 21]]"
11a_123_57,"[[6, 22, 7, 21], [22, 6, 1, 5], [8, 16, 9, 15], [10, 8, 11, 7], [16, 10, 17, 9], [4, 14, 5, 13], [2, 20, 3, 19], [20, 12, 21, 11], [12, 2, 13, 1], [18, 4, 19, 3], [14, 18, 15, 17]]"
11a_123_58,"[[14, 18, 15, 17], [6, 22, 7, 21], [22, 6, 1, 5], [8, 16, 9, 15], [10, 8, 11, 7], [16, 10, 17, 9], [4, 14, 5, 13], [2, 20, 3, 19], [20, 12, 21, 11], [12, 2, 13, 1], [18, 4, 19, 3]]"
11a_123_59,"[[18, 4, 19, 3], [14, 18, 15, 17], [6, 22, 7, 21], [22, 6, 1, 5], [8, 16, 9, 15], [10, 8, 11, 7], [16, 10, 17, 9], [4, 14, 5, 13], [2, 20, 3, 19], [20, 12, 21, 11], [12, 2, 13, 1]]"
11a_123_60,"[[12, 2, 13, 1], [18, 4, 19, 3], [14, 18, 15, 17], [6, 22, 7, 21], [22, 6, 1, 5], [8, 16, 9, 15], [10, 8, 11, 7], [16, 10, 17, 9], [4, 14, 5, 13], [2, 20, 3, 19], [20, 12, 21, 11]]"
11a_123_61,"[[20, 12, 21, 11], [12, 2, 13, 1], [18, 4, 19, 3], [14, 18, 15, 17], [6, 22, 7, 21], [22, 6, 1, 5], [8, 16, 9, 15], [10, 8, 11, 7], [16, 10, 17, 9], [4, 14, 5, 13], [2, 20, 3, 19]]"
11a_123_62,"[[2, 20, 3, 19], [20, 12, 21, 11], [12, 2, 13, 1], [18, 4, 19, 3], [14, 18, 15, 17], [6, 22, 7, 21], [22, 6, 1, 5], [8, 16, 9, 15], [10, 8, 11, 7], [16, 10, 17, 9], [4, 14, 5, 13]]"
11a_123_63,"[[4, 14, 5, 13], [2, 20, 3, 19], [20, 12, 21, 11], [12, 2, 13, 1], [18, 4, 19, 3], [14, 18, 15, 17], [6, 22, 7, 21], [22, 6, 1, 5], [8, 16, 9, 15], [10, 8, 11, 7], [16, 10, 17, 9]]"
11a_123_64,"[[16, 10, 17, 9], [4, 14, 5, 13], [2, 20, 3, 19], [20, 12, 21, 11], [12, 2, 13, 1], [18, 4, 19, 3], [14, 18, 15, 17], [6, 22, 7, 21], [22, 6, 1, 5], [8, 16, 9, 15], [10, 8, 11, 7]]"
11a_123_65,"[[10, 8, 11, 7], [16, 10, 17, 9], [4, 14, 5, 13], [2, 20, 3, 19], [20, 12, 21, 11], [12, 2, 13, 1], [18, 4, 19, 3], [14, 18, 15, 17], [6, 22, 7, 21], [22, 6, 1, 5], [8, 16, 9, 15]]"
11a_123_66,"[[9, 17, 10, 16], [11, 9, 12, 8], [17, 11, 18, 10], [5, 15, 6, 14], [3, 21, 4, 20], [21, 13, 22, 12], [13, 3, 14, 2], [19, 5, 20, 4], [15, 19, 16, 18], [7, 1, 8, 22], [1, 7, 2, 6]]"
11a_123_67,"[[1, 7, 2, 6], [9, 17, 10, 16], [11, 9, 12, 8], [17, 11, 18, 10], [5, 15, 6, 14], [3, 21, 4, 20], [21, 13, 22, 12], [13, 3, 14, 2], [19, 5, 20, 4], [15, 19, 16, 18], [7, 1, 8, 22]]"
11a_123_68,"[[7, 1, 8, 22], [1, 7, 2, 6], [9, 17, 10, 16], [11, 9, 12, 8], [17, 11, 18, 10], [5, 15, 6, 14], [3, 21, 4, 20], [21, 13, 22, 12], [13, 3, 14, 2], [19, 5, 20, 4], [15, 19, 16, 18]]"
11a_123_69,"[[15, 19, 16, 18], [7, 1, 8, 22], [1, 7, 2, 6], [9, 17, 10, 16], [11, 9, 12, 8], [17, 11, 18, 10], [5, 15, 6, 14], [3, 21, 4, 20], [21, 13, 22, 12], [13, 3, 14, 2], [19, 5, 20, 4]]"
11a_123_70,"[[19, 5, 20, 4], [15, 19, 16, 18], [7, 1, 8, 22], [1, 7, 2, 6], [9, 17, 10, 16], [11, 9, 12, 8], [17, 11, 18, 10], [5, 15, 6, 14], [3, 21, 4, 20], [21, 13, 22, 12], [13, 3, 14, 2]]"
11a_123_71,"[[13, 3, 14, 2], [19, 5, 20, 4], [15, 19, 16, 18], [7, 1, 8, 22], [1, 7, 2, 6], [9, 17, 10, 16], [11, 9, 12, 8], [17, 11, 18, 10], [5, 15, 6, 14], [3, 21, 4, 20], [21, 13, 22, 12]]"
11a_123_72,"[[21, 13, 22, 12], [13, 3, 14, 2], [19, 5, 20, 4], [15, 19, 16, 18], [7, 1, 8, 22], [1, 7, 2, 6], [9, 17, 10, 16], [11, 9, 12, 8], [17, 11, 18, 10], [5, 15, 6, 14], [3, 21, 4, 20]]"
11a_123_73,"[[3, 21, 4, 20], [21, 13, 22, 12], [13, 3, 14, 2], [19, 5, 20, 4], [15, 19, 16, 18], [7, 1, 8, 22], [1, 7, 2, 6], [9, 17, 10, 16], [11, 9, 12, 8], [17, 11, 18, 10], [5, 15, 6, 14]]"
11a_123_74,"[[5, 15, 6, 14], [3, 21, 4, 20], [21, 13, 22, 12], [13, 3, 14, 2], [19, 5, 20, 4], [15, 19, 16, 18], [7, 1, 8, 22], [1, 7, 2, 6], [9, 17, 10, 16], [11, 9, 12, 8], [17, 11, 18, 10]]"
11a_123_75,"[[17, 11, 18, 10], [5, 15, 6, 14], [3, 21, 4, 20], [21, 13, 22, 12], [13, 3, 14, 2], [19, 5, 20, 4], [15, 19, 16, 18], [7, 1, 8, 22], [1, 7, 2, 6], [9, 17, 10, 16], [11, 9, 12, 8]]"
11a_123_76,"[[11, 9, 12, 8], [17, 11, 18, 10], [5, 15, 6, 14], [3, 21, 4, 20], [21, 13, 22, 12], [13, 3, 14, 2], [19, 5, 20, 4], [15, 19, 16, 18], [7, 1, 8, 22], [1, 7, 2, 6], [9, 17, 10, 16]]"
11a_123_77,"[[10, 18, 11, 17], [12, 10, 13, 9], [18, 12, 19, 11], [6, 16, 7, 15], [4, 22, 5, 21], [22, 14, 1, 13], [14, 4, 15, 3], [20, 6, 21, 5], [16, 20, 17, 19], [8, 2, 9, 1], [2, 8, 3, 7]]"
11a_123_78,"[[2, 8, 3, 7], [10, 18, 11, 17], [12, 10, 13, 9], [18, 12, 19, 11], [6, 16, 7, 15], [4, 22, 5, 21], [22, 14, 1, 13], [14, 4, 15, 3], [20, 6, 21, 5], [16, 20, 17, 19], [8, 2, 9, 1]]"
11a_123_79,"[[8, 2, 9, 1], [2, 8, 3, 7], [10, 18, 11, 17], [12, 10, 13, 9], [18, 12, 19, 11], [6, 16, 7, 15], [4, 22, 5, 21], [22, 14, 1, 13], [14, 4, 15, 3], [20, 6, 21, 5], [16, 20, 17, 19]]"
11a_123_80,"[[16, 20, 17, 19], [8, 2, 9, 1], [2, 8, 3, 7], [10, 18, 11, 17], [12, 10, 13, 9], [18, 12, 19, 11], [6, 16, 7, 15], [4, 22, 5, 21], [22, 14, 1, 13], [14, 4, 15, 3], [20, 6, 21, 5]]"
11a_123_81,"[[20, 6, 21, 5], [16, 20, 17, 19], [8, 2, 9, 1], [2, 8, 3, 7], [10, 18, 11, 17], [12, 10, 13, 9], [18, 12, 19, 11], [6, 16, 7, 15], [4, 22, 5, 21], [22, 14, 1, 13], [14, 4, 15, 3]]"
11a_123_82,"[[14, 4, 15, 3], [20, 6, 21, 5], [16, 20, 17, 19], [8, 2, 9, 1], [2, 8, 3, 7], [10, 18, 11, 17], [12, 10, 13, 9], [18, 12, 19, 11], [6, 16, 7, 15], [4, 22, 5, 21], [22, 14, 1, 13]]"
11a_123_83,"[[22, 14, 1, 13], [14, 4, 15, 3], [20, 6, 21, 5], [16, 20, 17, 19], [8, 2, 9, 1], [2, 8, 3, 7], [10, 18, 11, 17], [12, 10, 13, 9], [18, 12, 19, 11], [6, 16, 7, 15], [4, 22, 5, 21]]"
11a_123_84,"[[4, 22, 5, 21], [22, 14, 1, 13], [14, 4, 15, 3], [20, 6, 21, 5], [16, 20, 17, 19], [8, 2, 9, 1], [2, 8, 3, 7], [10, 18, 11, 17], [12, 10, 13, 9], [18, 12, 19, 11], [6, 16, 7, 15]]"
11a_123_85,"[[6, 16, 7, 15], [4, 22, 5, 21], [22, 14, 1, 13], [14, 4, 15, 3], [20, 6, 21, 5], [16, 20, 17, 19], [8, 2, 9, 1], [2, 8, 3, 7], [10, 18, 11, 17], [12, 10, 13, 9], [18, 12, 19, 11]]"
11a_123_86,"[[18, 12, 19, 11], [6, 16, 7, 15], [4, 22, 5, 21], [22, 14, 1, 13], [14, 4, 15, 3], [20, 6, 21, 5], [16, 20, 17, 19], [8, 2, 9, 1], [2, 8, 3, 7], [10, 18, 11, 17], [12, 10, 13, 9]]"
11a_123_87,"[[12, 10, 13, 9], [18, 12, 19, 11], [6, 16, 7, 15], [4, 22, 5, 21], [22, 14, 1, 13], [14, 4, 15, 3], [20, 6, 21, 5], [16, 20, 17, 19], [8, 2, 9, 1], [2, 8, 3, 7], [10, 18, 11, 17]]"
11a_123_88,"[[11, 19, 12, 18], [13, 11, 14, 10], [19, 13, 20, 12], [7, 17, 8, 16], [5, 1, 6, 22], [1, 15, 2, 14], [15, 5, 16, 4], [21, 7, 22, 6], [17, 21, 18, 20], [9, 3, 10, 2], [3, 9, 4, 8]]"
11a_123_89,"[[3, 9, 4, 8], [11, 19, 12, 18], [13, 11, 14, 10], [19, 13, 20, 12], [7, 17, 8, 16], [5, 1, 6, 22], [1, 15, 2, 14], [15, 5, 16, 4], [21, 7, 22, 6], [17, 21, 18, 20], [9, 3, 10, 2]]"
11a_123_90,"[[9, 3, 10, 2], [3, 9, 4, 8], [11, 19, 12, 18], [13, 11, 14, 10], [19, 13, 20, 12], [7, 17, 8, 16], [5, 1, 6, 22], [1, 15, 2, 14], [15, 5, 16, 4], [21, 7, 22, 6], [17, 21, 18, 20]]"
11a_123_91,"[[17, 21, 18, 20], [9, 3, 10, 2], [3, 9, 4, 8], [11, 19, 12, 18], [13, 11, 14, 10], [19, 13, 20, 12], [7, 17, 8, 16], [5, 1, 6, 22], [1, 15, 2, 14], [15, 5, 16, 4], [21, 7, 22, 6]]"
11a_123_92,"[[21, 7, 22, 6], [17, 21, 18, 20], [9, 3, 10, 2], [3, 9, 4, 8], [11, 19, 12, 18], [13, 11, 14, 10], [19, 13, 20, 12], [7, 17, 8, 16], [5, 1, 6, 22], [1, 15, 2, 14], [15, 5, 16, 4]]"
11a_123_93,"[[15, 5, 16, 4], [21, 7, 22, 6], [17, 21, 18, 20], [9, 3, 10, 2], [3, 9, 4, 8], [11, 19, 12, 18], [13, 11, 14, 10], [19, 13, 20, 12], [7, 17, 8, 16], [5, 1, 6, 22], [1, 15, 2, 14]]"
11a_123_94,"[[1, 15, 2, 14], [15, 5, 16, 4], [21, 7, 22, 6], [17, 21, 18, 20], [9, 3, 10, 2], [3, 9, 4, 8], [11, 19, 12, 18], [13, 11, 14, 10], [19, 13, 20, 12], [7, 17, 8, 16], [5, 1, 6, 22]]"
11a_123_95,"[[5, 1, 6, 22], [1, 15, 2, 14], [15, 5, 16, 4], [21, 7, 22, 6], [17, 21, 18, 20], [9, 3, 10, 2], [3, 9, 4, 8], [11, 19, 12, 18], [13, 11, 14, 10], [19, 13, 20, 12], [7, 17, 8, 16]]"
11a_123_96,"[[7, 17, 8, 16], [5, 1, 6, 22], [1, 15, 2, 14], [15, 5, 16, 4], [21, 7, 22, 6], [17, 21, 18, 20], [9, 3, 10, 2], [3, 9, 4, 8], [11, 19, 12, 18], [13, 11, 14, 10], [19, 13, 20, 12]]"
11a_123_97,"[[19, 13, 20, 12], [7, 17, 8, 16], [5, 1, 6, 22], [1, 15, 2, 14], [15, 5, 16, 4], [21, 7, 22, 6], [17, 21, 18, 20], [9, 3, 10, 2], [3, 9, 4, 8], [11, 19, 12, 18], [13, 11, 14, 10]]"
11a_123_98,"[[13, 11, 14, 10], [19, 13, 20, 12], [7, 17, 8, 16], [5, 1, 6, 22], [1, 15, 2, 14], [15, 5, 16, 4], [21, 7, 22, 6], [17, 21, 18, 20], [9, 3, 10, 2], [3, 9, 4, 8], [11, 19, 12, 18]]"
11a_123_99,"[[12, 20, 13, 19], [14, 12, 15, 11], [20, 14, 21, 13], [8, 18, 9, 17], [6, 2, 7, 1], [2, 16, 3, 15], [16, 6, 17, 5], [22, 8, 1, 7], [18, 22, 19, 21], [10, 4, 11, 3], [4, 10, 5, 9]]"
11a_123_100,"[[4, 10, 5, 9], [12, 20, 13, 19], [14, 12, 15, 11], [20, 14, 21, 13], [8, 18, 9, 17], [6, 2, 7, 1], [2, 16, 3, 15], [16, 6, 17, 5], [22, 8, 1, 7], [18, 22, 19, 21], [10, 4, 11, 3]]"
11a_123_101,"[[10, 4, 11, 3], [4, 10, 5, 9], [12, 20, 13, 19], [14, 12, 15, 11], [20, 14, 21, 13], [8, 18, 9, 17], [6, 2, 7, 1], [2, 16, 3, 15], [16, 6, 17, 5], [22, 8, 1, 7], [18, 22, 19, 21]]"
11a_123_102,"[[18, 22, 19, 21], [10, 4, 11, 3], [4, 10, 5, 9], [12, 20, 13, 19], [14, 12, 15, 11], [20, 14, 21, 13], [8, 18, 9, 17], [6, 2, 7, 1], [2, 16, 3, 15], [16, 6, 17, 5], [22, 8, 1, 7]]"
11a_123_103,"[[22, 8, 1, 7], [18, 22, 19, 21], [10, 4, 11, 3], [4, 10, 5, 9], [12, 20, 13, 19], [14, 12, 15, 11], [20, 14, 21, 13], [8, 18, 9, 17], [6, 2, 7, 1], [2, 16, 3, 15], [16, 6, 17, 5]]"
11a_123_104,"[[16, 6, 17, 5], [22, 8, 1, 7], [18, 22, 19, 21], [10, 4, 11, 3], [4, 10, 5, 9], [12, 20, 13, 19], [14, 12, 15, 11], [20, 14, 21, 13], [8, 18, 9, 17], [6, 2, 7, 1], [2, 16, 3, 15]]"
11a_123_105,"[[2, 16, 3, 15], [16, 6, 17, 5], [22, 8, 1, 7], [18, 22, 19, 21], [10, 4, 11, 3], [4, 10, 5, 9], [12, 20, 13, 19], [14, 12, 15, 11], [20, 14, 21, 13], [8, 18, 9, 17], [6, 2, 7, 1]]"
11a_123_106,"[[6, 2, 7, 1], [2, 16, 3, 15], [16, 6, 17, 5], [22, 8, 1, 7], [18, 22, 19, 21], [10, 4, 11, 3], [4, 10, 5, 9], [12, 20, 13, 19], [14, 12, 15, 11], [20, 14, 21, 13], [8, 18, 9, 17]]"
11a_123_107,"[[8, 18, 9, 17], [6, 2, 7, 1], [2, 16, 3, 15], [16, 6, 17, 5], [22, 8, 1, 7], [18, 22, 19, 21], [10, 4, 11, 3], [4, 10, 5, 9], [12, 20, 13, 19], [14, 12, 15, 11], [20, 14, 21, 13]]"
11a_123_108,"[[20, 14, 21, 13], [8, 18, 9, 17], [6, 2, 7, 1], [2, 16, 3, 15], [16, 6, 17, 5], [22, 8, 1, 7], [18, 22, 19, 21], [10, 4, 11, 3], [4, 10, 5, 9], [12, 20, 13, 19], [14, 12, 15, 11]]"
11a_123_109,"[[14, 12, 15, 11], [20, 14, 21, 13], [8, 18, 9, 17], [6, 2, 7, 1], [2, 16, 3, 15], [16, 6, 17, 5], [22, 8, 1, 7], [18, 22, 19, 21], [10, 4, 11, 3], [4, 10, 5, 9], [12, 20, 13, 19]]"
11a_123_110,"[[13, 21, 14, 20], [15, 13, 16, 12], [21, 15, 22, 14], [9, 19, 10, 18], [7, 3, 8, 2], [3, 17, 4, 16], [17, 7, 18, 6], [1, 9, 2, 8], [19, 1, 20, 22], [11, 5, 12, 4], [5, 11, 6, 10]]"
11a_123_111,"[[5, 11, 6, 10], [13, 21, 14, 20], [15, 13, 16, 12], [21, 15, 22, 14], [9, 19, 10, 18], [7, 3, 8, 2], [3, 17, 4, 16], [17, 7, 18, 6], [1, 9, 2, 8], [19, 1, 20, 22], [11, 5, 12, 4]]"
11a_123_112,"[[11, 5, 12, 4], [5, 11, 6, 10], [13, 21, 14, 20], [15, 13, 16, 12], [21, 15, 22, 14], [9, 19, 10, 18], [7, 3, 8, 2], [3, 17, 4, 16], [17, 7, 18, 6], [1, 9, 2, 8], [19, 1, 20, 22]]"
11a_123_113,"[[19, 1, 20, 22], [11, 5, 12, 4], [5, 11, 6, 10], [13, 21, 14, 20], [15, 13, 16, 12], [21, 15, 22, 14], [9, 19, 10, 18], [7, 3, 8, 2], [3, 17, 4, 16], [17, 7, 18, 6], [1, 9, 2, 8]]"
11a_123_114,"[[1, 9, 2, 8], [19, 1, 20, 22], [11, 5, 12, 4], [5, 11, 6, 10], [13, 21, 14, 20], [15, 13, 16, 12], [21, 15, 22, 14], [9, 19, 10, 18], [7, 3, 8, 2], [3, 17, 4, 16], [17, 7, 18, 6]]"
11a_123_115,"[[17, 7, 18, 6], [1, 9, 2, 8], [19, 1, 20, 22], [11, 5, 12, 4], [5, 11, 6, 10], [13, 21, 14, 20], [15, 13, 16, 12], [21, 15, 22, 14], [9, 19, 10, 18], [7, 3, 8, 2], [3, 17, 4, 16]]"
11a_123_116,"[[3, 17, 4, 16], [17, 7, 18, 6], [1, 9, 2, 8], [19, 1, 20, 22], [11, 5, 12, 4], [5, 11, 6, 10], [13, 21, 14, 20], [15, 13, 16, 12], [21, 15, 22, 14], [9, 19, 10, 18], [7, 3, 8, 2]]"
11a_123_117,"[[7, 3, 8, 2], [3, 17, 4, 16], [17, 7, 18, 6], [1, 9, 2, 8], [19, 1, 20, 22], [11, 5, 12, 4], [5, 11, 6, 10], [13, 21, 14, 20], [15, 13, 16, 12], [21, 15, 22, 14], [9, 19, 10, 18]]"
11a_123_118,"[[9, 19, 10, 18], [7, 3, 8, 2], [3, 17, 4, 16], [17, 7, 18, 6], [1, 9, 2, 8], [19, 1, 20, 22], [11, 5, 12, 4], [5, 11, 6, 10], [13, 21, 14, 20], [15, 13, 16, 12], [21, 15, 22, 14]]"
11a_123_119,"[[21, 15, 22, 14], [9, 19, 10, 18], [7, 3, 8, 2], [3, 17, 4, 16], [17, 7, 18, 6], [1, 9, 2, 8], [19, 1, 20, 22], [11, 5, 12, 4], [5, 11, 6, 10], [13, 21, 14, 20], [15, 13, 16, 12]]"
11a_123_120,"[[15, 13, 16, 12], [21, 15, 22, 14], [9, 19, 10, 18], [7, 3, 8, 2], [3, 17, 4, 16], [17, 7, 18, 6], [1, 9, 2, 8], [19, 1, 20, 22], [11, 5, 12, 4], [5, 11, 6, 10], [13, 21, 14, 20]]"
11a_123_121,"[[14, 22, 15, 21], [16, 14, 17, 13], [22, 16, 1, 15], [10, 20, 11, 19], [8, 4, 9, 3], [4, 18, 5, 17], [18, 8, 19, 7], [2, 10, 3, 9], [20, 2, 21, 1], [12, 6, 13, 5], [6, 12, 7, 11]]"
11a_123_122,"[[6, 12, 7, 11], [14, 22, 15, 21], [16, 14, 17, 13], [22, 16, 1, 15], [10, 20, 11, 19], [8, 4, 9, 3], [4, 18, 5, 17], [18, 8, 19, 7], [2, 10, 3, 9], [20, 2, 21, 1], [12, 6, 13, 5]]"
11a_123_123,"[[12, 6, 13, 5], [6, 12, 7, 11], [14, 22, 15, 21], [16, 14, 17, 13], [22, 16, 1, 15], [10, 20, 11, 19], [8, 4, 9, 3], [4, 18, 5, 17], [18, 8, 19, 7], [2, 10, 3, 9], [20, 2, 21, 1]]"
11a_123_124,"[[20, 2, 21, 1], [12, 6, 13, 5], [6, 12, 7, 11], [14, 22, 15, 21], [16, 14, 17, 13], [22, 16, 1, 15], [10, 20, 11, 19], [8, 4, 9, 3], [4, 18, 5, 17], [18, 8, 19, 7], [2, 10, 3, 9]]"
11a_123_125,"[[2, 10, 3, 9], [20, 2, 21, 1], [12, 6, 13, 5], [6, 12, 7, 11], [14, 22, 15, 21], [16, 14, 17, 13], [22, 16, 1, 15], [10, 20, 11, 19], [8, 4, 9, 3], [4, 18, 5, 17], [18, 8, 19, 7]]"
11a_123_126,"[[18, 8, 19, 7], [2, 10, 3, 9], [20, 2, 21, 1], [12, 6, 13, 5], [6, 12, 7, 11], [14, 22, 15, 21], [16, 14, 17, 13], [22, 16, 1, 15], [10, 20, 11, 19], [8, 4, 9, 3], [4, 18, 5, 17]]"
11a_123_127,"[[4, 18, 5, 17], [18, 8, 19, 7], [2, 10, 3, 9], [20, 2, 21, 1], [12, 6, 13, 5], [6, 12, 7, 11], [14, 22, 15, 21], [16, 14, 17, 13], [22, 16, 1, 15], [10, 20, 11, 19], [8, 4, 9, 3]]"
11a_123_128,"[[8, 4, 9, 3], [4, 18, 5, 17], [18, 8, 19, 7], [2, 10, 3, 9], [20, 2, 21, 1], [12, 6, 13, 5], [6, 12, 7, 11], [14, 22, 15, 21], [16, 14, 17, 13], [22, 16, 1, 15], [10, 20, 11, 19]]"
11a_123_129,"[[10, 20, 11, 19], [8, 4, 9, 3], [4, 18, 5, 17], [18, 8, 19, 7], [2, 10, 3, 9], [20, 2, 21, 1], [12, 6, 13, 5], [6, 12, 7, 11], [14, 22, 15, 21], [16, 14, 17, 13], [22, 16, 1, 15]]"
11a_123_130,"[[22, 16, 1, 15], [10, 20, 11, 19], [8, 4, 9, 3], [4, 18, 5, 17], [18, 8, 19, 7], [2, 10, 3, 9], [20, 2, 21, 1], [12, 6, 13, 5], [6, 12, 7, 11], [14, 22, 15, 21], [16, 14, 17, 13]]"
11a_123_131,"[[16, 14, 17, 13], [22, 16, 1, 15], [10, 20, 11, 19], [8, 4, 9, 3], [4, 18, 5, 17], [18, 8, 19, 7], [2, 10, 3, 9], [20, 2, 21, 1], [12, 6, 13, 5], [6, 12, 7, 11], [14, 22, 15, 21]]"
11a_123_132,"[[15, 1, 16, 22], [17, 15, 18, 14], [1, 17, 2, 16], [11, 21, 12, 20], [9, 5, 10, 4], [5, 19, 6, 18], [19, 9, 20, 8], [3, 11, 4, 10], [21, 3, 22, 2], [13, 7, 14, 6], [7, 13, 8, 12]]"
11a_123_133,"[[7, 13, 8, 12], [15, 1, 16, 22], [17, 15, 18, 14], [1, 17, 2, 16], [11, 21, 12, 20], [9, 5, 10, 4], [5, 19, 6, 18], [19, 9, 20, 8], [3, 11, 4, 10], [21, 3, 22, 2], [13, 7, 14, 6]]"
11a_123_134,"[[13, 7, 14, 6], [7, 13, 8, 12], [15, 1, 16, 22], [17, 15, 18, 14], [1, 17, 2, 16], [11, 21, 12, 20], [9, 5, 10, 4], [5, 19, 6, 18], [19, 9, 20, 8], [3, 11, 4, 10], [21, 3, 22, 2]]"
11a_123_135,"[[21, 3, 22, 2], [13, 7, 14, 6], [7, 13, 8, 12], [15, 1, 16, 22], [17, 15, 18, 14], [1, 17, 2, 16], [11, 21, 12, 20], [9, 5, 10, 4], [5, 19, 6, 18], [19, 9, 20, 8], [3, 11, 4, 10]]"
11a_123_136,"[[3, 11, 4, 10], [21, 3, 22, 2], [13, 7, 14, 6], [7, 13, 8, 12], [15, 1, 16, 22], [17, 15, 18, 14], [1, 17, 2, 16], [11, 21, 12, 20], [9, 5, 10, 4], [5, 19, 6, 18], [19, 9, 20, 8]]"
11a_123_137,"[[19, 9, 20, 8], [3, 11, 4, 10], [21, 3, 22, 2], [13, 7, 14, 6], [7, 13, 8, 12], [15, 1, 16, 22], [17, 15, 18, 14], [1, 17, 2, 16], [11, 21, 12, 20], [9, 5, 10, 4], [5, 19, 6, 18]]"
11a_123_138,"[[5, 19, 6, 18], [19, 9, 20, 8], [3, 11, 4, 10], [21, 3, 22, 2], [13, 7, 14, 6], [7, 13, 8, 12], [15, 1, 16, 22], [17, 15, 18, 14], [1, 17, 2, 16], [11, 21, 12, 20], [9, 5, 10, 4]]"
11a_123_139,"[[9, 5, 10, 4], [5, 19, 6, 18], [19, 9, 20, 8], [3, 11, 4, 10], [21, 3, 22, 2], [13, 7, 14, 6], [7, 13, 8, 12], [15, 1, 16, 22], [17, 15, 18, 14], [1, 17, 2, 16], [11, 21, 12, 20]]"
11a_123_140,"[[11, 21, 12, 20], [9, 5, 10, 4], [5, 19, 6, 18], [19, 9, 20, 8], [3, 11, 4, 10], [21, 3, 22, 2], [13, 7, 14, 6], [7, 13, 8, 12], [15, 1, 16, 22], [17, 15, 18, 14], [1, 17, 2, 16]]"
11a_123_141,"[[1, 17, 2, 16], [11, 21, 12, 20], [9, 5, 10, 4], [5, 19, 6, 18], [19, 9, 20, 8], [3, 11, 4, 10], [21, 3, 22, 2], [13, 7, 14, 6], [7, 13, 8, 12], [15, 1, 16, 22], [17, 15, 18, 14]]"
11a_123_142,"[[17, 15, 18, 14], [1, 17, 2, 16], [11, 21, 12, 20], [9, 5, 10, 4], [5, 19, 6, 18], [19, 9, 20, 8], [3, 11, 4, 10], [21, 3, 22, 2], [13, 7, 14, 6], [7, 13, 8, 12], [15, 1, 16, 22]]"
11a_123_143,"[[16, 2, 17, 1], [18, 16, 19, 15], [2, 18, 3, 17], [12, 22, 13, 21], [10, 6, 11, 5], [6, 20, 7, 19], [20, 10, 21, 9], [4, 12, 5, 11], [22, 4, 1, 3], [14, 8, 15, 7], [8, 14, 9, 13]]"
11a_123_144,"[[8, 14, 9, 13], [16, 2, 17, 1], [18, 16, 19, 15], [2, 18, 3, 17], [12, 22, 13, 21], [10, 6, 11, 5], [6, 20, 7, 19], [20, 10, 21, 9], [4, 12, 5, 11], [22, 4, 1, 3], [14, 8, 15, 7]]"
11a_123_145,"[[14, 8, 15, 7], [8, 14, 9, 13], [16, 2, 17, 1], [18, 16, 19, 15], [2, 18, 3, 17], [12, 22, 13, 21], [10, 6, 11, 5], [6, 20, 7, 19], [20, 10, 21, 9], [4, 12, 5, 11], [22, 4, 1, 3]]"
11a_123_146,"[[22, 4, 1, 3], [14, 8, 15, 7], [8, 14, 9, 13], [16, 2, 17, 1], [18, 16, 19, 15], [2, 18, 3, 17], [12, 22, 13, 21], [10, 6, 11, 5], [6, 20, 7, 19], [20, 10, 21, 9], [4, 12, 5, 11]]"
11a_123_147,"[[4, 12, 5, 11], [22, 4, 1, 3], [14, 8, 15, 7], [8, 14, 9, 13], [16, 2, 17, 1], [18, 16, 19, 15], [2, 18, 3, 17], [12, 22, 13, 21], [10, 6, 11, 5], [6, 20, 7, 19], [20, 10, 21, 9]]"
11a_123_148,"[[20, 10, 21, 9], [4, 12, 5, 11], [22, 4, 1, 3], [14, 8, 15, 7], [8, 14, 9, 13], [16, 2, 17, 1], [18, 16, 19, 15], [2, 18, 3, 17], [12, 22, 13, 21], [10, 6, 11, 5], [6, 20, 7, 19]]"
11a_123_149,"[[6, 20, 7, 19], [20, 10, 21, 9], [4, 12, 5, 11], [22, 4, 1, 3], [14, 8, 15, 7], [8, 14, 9, 13], [16, 2, 17, 1], [18, 16, 19, 15], [2, 18, 3, 17], [12, 22, 13, 21], [10, 6, 11, 5]]"
11a_123_150,"[[10, 6, 11, 5], [6, 20, 7, 19], [20, 10, 21, 9], [4, 12, 5, 11], [22, 4, 1, 3], [14, 8, 15, 7], [8, 14, 9, 13], [16, 2, 17, 1], [18, 16, 19, 15], [2, 18, 3, 17], [12, 22, 13, 21]]"
11a_123_151,"[[12, 22, 13, 21], [10, 6, 11, 5], [6, 20, 7, 19], [20, 10, 21, 9], [4, 12, 5, 11], [22, 4, 1, 3], [14, 8, 15, 7], [8, 14, 9, 13], [16, 2, 17, 1], [18, 16, 19, 15], [2, 18, 3, 17]]"
11a_123_152,"[[2, 18, 3, 17], [12, 22, 13, 21], [10, 6, 11, 5], [6, 20, 7, 19], [20, 10, 21, 9], [4, 12, 5, 11], [22, 4, 1, 3], [14, 8, 15, 7], [8, 14, 9, 13], [16, 2, 17, 1], [18, 16, 19, 15]]"
11a_123_153,"[[18, 16, 19, 15], [2, 18, 3, 17], [12, 22, 13, 21], [10, 6, 11, 5], [6, 20, 7, 19], [20, 10, 21, 9], [4, 12, 5, 11], [22, 4, 1, 3], [14, 8, 15, 7], [8, 14, 9, 13], [16, 2, 17, 1]]"
11a_123_154,"[[17, 3, 18, 2], [19, 17, 20, 16], [3, 19, 4, 18], [13, 1, 14, 22], [11, 7, 12, 6], [7, 21, 8, 20], [21, 11, 22, 10], [5, 13, 6, 12], [1, 5, 2, 4], [15, 9, 16, 8], [9, 15, 10, 14]]"
11a_123_155,"[[9, 15, 10, 14], [17, 3, 18, 2], [19, 17, 20, 16], [3, 19, 4, 18], [13, 1, 14, 22], [11, 7, 12, 6], [7, 21, 8, 20], [21, 11, 22, 10], [5, 13, 6, 12], [1, 5, 2, 4], [15, 9, 16, 8]]"
11a_123_156,"[[15, 9, 16, 8], [9, 15, 10, 14], [17, 3, 18, 2], [19, 17, 20, 16], [3, 19, 4, 18], [13, 1, 14, 22], [11, 7, 12, 6], [7, 21, 8, 20], [21, 11, 22, 10], [5, 13, 6, 12], [1, 5, 2, 4]]"
11a_123_157,"[[1, 5, 2, 4], [15, 9, 16, 8], [9, 15, 10, 14], [17, 3, 18, 2], [19, 17, 20, 16], [3, 19, 4, 18], [13, 1, 14, 22], [11, 7, 12, 6], [7, 21, 8, 20], [21, 11, 22, 10], [5, 13, 6, 12]]"
11a_123_158,"[[5, 13, 6, 12], [1, 5, 2, 4], [15, 9, 16, 8], [9, 15, 10, 14], [17, 3, 18, 2], [19, 17, 20, 16], [3, 19, 4, 18], [13, 1, 14, 22], [11, 7, 12, 6], [7, 21, 8, 20], [21, 11, 22, 10]]"
11a_123_159,"[[21, 11, 22, 10], [5, 13, 6, 12], [1, 5, 2, 4], [15, 9, 16, 8], [9, 15, 10, 14], [17, 3, 18, 2], [19, 17, 20, 16], [3, 19, 4, 18], [13, 1, 14, 22], [11, 7, 12, 6], [7, 21, 8, 20]]"
11a_123_160,"[[7, 21, 8, 20], [21, 11, 22, 10], [5, 13, 6, 12], [1, 5, 2, 4], [15, 9, 16, 8], [9, 15, 10, 14], [17, 3, 18, 2], [19, 17, 20, 16], [3, 19, 4, 18], [13, 1, 14, 22], [11, 7, 12, 6]]"
11a_123_161,"[[11, 7, 12, 6], [7, 21, 8, 20], [21, 11, 22, 10], [5, 13, 6, 12], [1, 5, 2, 4], [15, 9, 16, 8], [9, 15, 10, 14], [17, 3, 18, 2], [19, 17, 20, 16], [3, 19, 4, 18], [13, 1, 14, 22]]"
11a_123_162,"[[13, 1, 14, 22], [11, 7, 12, 6], [7, 21, 8, 20], [21, 11, 22, 10], [5, 13, 6, 12], [1, 5, 2, 4], [15, 9, 16, 8], [9, 15, 10, 14], [17, 3, 18, 2], [19, 17, 20, 16], [3, 19, 4, 18]]"
11a_123_163,"[[3, 19, 4, 18], [13, 1, 14, 22], [11, 7, 12, 6], [7, 21, 8, 20], [21, 11, 22, 10], [5, 13, 6, 12], [1, 5, 2, 4], [15, 9, 16, 8], [9, 15, 10, 14], [17, 3, 18, 2], [19, 17, 20, 16]]"
11a_123_164,"[[19, 17, 20, 16], [3, 19, 4, 18], [13, 1, 14, 22], [11, 7, 12, 6], [7, 21, 8, 20], [21, 11, 22, 10], [5, 13, 6, 12], [1, 5, 2, 4], [15, 9, 16, 8], [9, 15, 10, 14], [17, 3, 18, 2]]"
11a_123_165,"[[18, 4, 19, 3], [20, 18, 21, 17], [4, 20, 5, 19], [14, 2, 15, 1], [12, 8, 13, 7], [8, 22, 9, 21], [22, 12, 1, 11], [6, 14, 7, 13], [2, 6, 3, 5], [16, 10, 17, 9], [10, 16, 11, 15]]"
11a_123_166,"[[10, 16, 11, 15], [18, 4, 19, 3], [20, 18, 21, 17], [4, 20, 5, 19], [14, 2, 15, 1], [12, 8, 13, 7], [8, 22, 9, 21], [22, 12, 1, 11], [6, 14, 7, 13], [2, 6, 3, 5], [16, 10, 17, 9]]"
11a_123_167,"[[16, 10, 17, 9], [10, 16, 11, 15], [18, 4, 19, 3], [20, 18, 21, 17], [4, 20, 5, 19], [14, 2, 15, 1], [12, 8, 13, 7], [8, 22, 9, 21], [22, 12, 1, 11], [6, 14, 7, 13], [2, 6, 3, 5]]"
11a_123_168,"[[2, 6, 3, 5], [16, 10, 17, 9], [10, 16, 11, 15], [18, 4, 19, 3], [20, 18, 21, 17], [4, 20, 5, 19], [14, 2, 15, 1], [12, 8, 13, 7], [8, 22, 9, 21], [22, 12, 1, 11], [6, 14, 7, 13]]"
11a_123_169,"[[6, 14, 7, 13], [2, 6, 3, 5], [16, 10, 17, 9], [10, 16, 11, 15], [18, 4, 19, 3], [20, 18, 21, 17], [4, 20, 5, 19], [14, 2, 15, 1], [12, 8, 13, 7], [8, 22, 9, 21], [22, 12, 1, 11]]"
11a_123_170,"[[22, 12, 1, 11], [6, 14, 7, 13], [2, 6, 3, 5], [16, 10, 17, 9], [10, 16, 11, 15], [18, 4, 19, 3], [20, 18, 21, 17], [4, 20, 5, 19], [14, 2, 15, 1], [12, 8, 13, 7], [8, 22, 9, 21]]"
11a_123_171,"[[8, 22, 9, 21], [22, 12, 1, 11], [6, 14, 7, 13], [2, 6, 3, 5], [16, 10, 17, 9], [10, 16, 11, 15], [18, 4, 19, 3], [20, 18, 21, 17], [4, 20, 5, 19], [14, 2, 15, 1], [12, 8, 13, 7]]"
11a_123_172,"[[12, 8, 13, 7], [8, 22, 9, 21], [22, 12, 1, 11], [6, 14, 7, 13], [2, 6, 3, 5], [16, 10, 17, 9], [10, 16, 11, 15], [18, 4, 19, 3], [20, 18, 21, 17], [4, 20, 5, 19], [14, 2, 15, 1]]"
11a_123_173,"[[14, 2, 15, 1], [12, 8, 13, 7], [8, 22, 9, 21], [22, 12, 1, 11], [6, 14, 7, 13], [2, 6, 3, 5], [16, 10, 17, 9], [10, 16, 11, 15], [18, 4, 19, 3], [20, 18, 21, 17], [4, 20, 5, 19]]"
11a_123_174,"[[4, 20, 5, 19], [14, 2, 15, 1], [12, 8, 13, 7], [8, 22, 9, 21], [22, 12, 1, 11], [6, 14, 7, 13], [2, 6, 3, 5], [16, 10, 17, 9], [10, 16, 11, 15], [18, 4, 19, 3], [20, 18, 21, 17]]"
11a_123_175,"[[20, 18, 21, 17], [4, 20, 5, 19], [14, 2, 15, 1], [12, 8, 13, 7], [8, 22, 9, 21], [22, 12, 1, 11], [6, 14, 7, 13], [2, 6, 3, 5], [16, 10, 17, 9], [10, 16, 11, 15], [18, 4, 19, 3]]"
11a_123_176,"[[19, 5, 20, 4], [21, 19, 22, 18], [5, 21, 6, 20], [15, 3, 16, 2], [13, 9, 14, 8], [9, 1, 10, 22], [1, 13, 2, 12], [7, 15, 8, 14], [3, 7, 4, 6], [17, 11, 18, 10], [11, 17, 12, 16]]"
11a_123_177,"[[11, 17, 12, 16], [19, 5, 20, 4], [21, 19, 22, 18], [5, 21, 6, 20], [15, 3, 16, 2], [13, 9, 14, 8], [9, 1, 10, 22], [1, 13, 2, 12], [7, 15, 8, 14], [3, 7, 4, 6], [17, 11, 18, 10]]"
11a_123_178,"[[17, 11, 18, 10], [11, 17, 12, 16], [19, 5, 20, 4], [21, 19, 22, 18], [5, 21, 6, 20], [15, 3, 16, 2], [13, 9, 14, 8], [9, 1, 10, 22], [1, 13, 2, 12], [7, 15, 8, 14], [3, 7, 4, 6]]"
11a_123_179,"[[3, 7, 4, 6], [17, 11, 18, 10], [11, 17, 12, 16], [19, 5, 20, 4], [21, 19, 22, 18], [5, 21, 6, 20], [15, 3, 16, 2], [13, 9, 14, 8], [9, 1, 10, 22], [1, 13, 2, 12], [7, 15, 8, 14]]"
11a_123_180,"[[7, 15, 8, 14], [3, 7, 4, 6], [17, 11, 18, 10], [11, 17, 12, 16], [19, 5, 20, 4], [21, 19, 22, 18], [5, 21, 6, 20], [15, 3, 16, 2], [13, 9, 14, 8], [9, 1, 10, 22], [1, 13, 2, 12]]"
11a_123_181,"[[1, 13, 2, 12], [7, 15, 8, 14], [3, 7, 4, 6], [17, 11, 18, 10], [11, 17, 12, 16], [19, 5, 20, 4], [21, 19, 22, 18], [5, 21, 6, 20], [15, 3, 16, 2], [13, 9, 14, 8], [9, 1, 10, 22]]"
11a_123_182,"[[9, 1, 10, 22], [1, 13, 2, 12], [7, 15, 8, 14], [3, 7, 4, 6], [17, 11, 18, 10], [11, 17, 12, 16], [19, 5, 20, 4], [21, 19, 22, 18], [5, 21, 6, 20], [15, 3, 16, 2], [13, 9, 14, 8]]"
11a_123_183,"[[13, 9, 14, 8], [9, 1, 10, 22], [1, 13, 2, 12], [7, 15, 8, 14], [3, 7, 4, 6], [17, 11, 18, 10], [11, 17, 12, 16], [19, 5, 20, 4], [21, 19, 22, 18], [5, 21, 6, 20], [15, 3, 16, 2]]"
11a_123_184,"[[15, 3, 16, 2], [13, 9, 14, 8], [9, 1, 10, 22], [1, 13, 2, 12], [7, 15, 8, 14], [3, 7, 4, 6], [17, 11, 18, 10], [11, 17, 12, 16], [19, 5, 20, 4], [21, 19, 22, 18], [5, 21, 6, 20]]"
11a_123_185,"[[5, 21, 6, 20], [15, 3, 16, 2], [13, 9, 14, 8], [9, 1, 10, 22], [1, 13, 2, 12], [7, 15, 8, 14], [3, 7, 4, 6], [17, 11, 18, 10], [11, 17, 12, 16], [19, 5, 20, 4], [21, 19, 22, 18]]"
11a_123_186,"[[21, 19, 22, 18], [5, 21, 6, 20], [15, 3, 16, 2], [13, 9, 14, 8], [9, 1, 10, 22], [1, 13, 2, 12], [7, 15, 8, 14], [3, 7, 4, 6], [17, 11, 18, 10], [11, 17, 12, 16], [19, 5, 20, 4]]"
11a_123_187,"[[20, 6, 21, 5], [22, 20, 1, 19], [6, 22, 7, 21], [16, 4, 17, 3], [14, 10, 15, 9], [10, 2, 11, 1], [2, 14, 3, 13], [8, 16, 9, 15], [4, 8, 5, 7], [18, 12, 19, 11], [12, 18, 13, 17]]"
11a_123_188,"[[12, 18, 13, 17], [20, 6, 21, 5], [22, 20, 1, 19], [6, 22, 7, 21], [16, 4, 17, 3], [14, 10, 15, 9], [10, 2, 11, 1], [2, 14, 3, 13], [8, 16, 9, 15], [4, 8, 5, 7], [18, 12, 19, 11]]"
11a_123_189,"[[18, 12, 19, 11], [12, 18, 13, 17], [20, 6, 21, 5], [22, 20, 1, 19], [6, 22, 7, 21], [16, 4, 17, 3], [14, 10, 15, 9], [10, 2, 11, 1], [2, 14, 3, 13], [8, 16, 9, 15], [4, 8, 5, 7]]"
11a_123_190,"[[4, 8, 5, 7], [18, 12, 19, 11], [12, 18, 13, 17], [20, 6, 21, 5], [22, 20, 1, 19], [6, 22, 7, 21], [16, 4, 17, 3], [14, 10, 15, 9], [10, 2, 11, 1], [2, 14, 3, 13], [8, 16, 9, 15]]"
11a_123_191,"[[8, 16, 9, 15], [4, 8, 5, 7], [18, 12, 19, 11], [12, 18, 13, 17], [20, 6, 21, 5], [22, 20, 1, 19], [6, 22, 7, 21], [16, 4, 17, 3], [14, 10, 15, 9], [10, 2, 11, 1], [2, 14, 3, 13]]"
11a_123_192,"[[2, 14, 3, 13], [8, 16, 9, 15], [4, 8, 5, 7], [18, 12, 19, 11], [12, 18, 13, 17], [20, 6, 21, 5], [22, 20, 1, 19], [6, 22, 7, 21], [16, 4, 17, 3], [14, 10, 15, 9], [10, 2, 11, 1]]"
11a_123_193,"[[10, 2, 11, 1], [2, 14, 3, 13], [8, 16, 9, 15], [4, 8, 5, 7], [18, 12, 19, 11], [12, 18, 13, 17], [20, 6, 21, 5], [22, 20, 1, 19], [6, 22, 7, 21], [16, 4, 17, 3], [14, 10, 15, 9]]"
11a_123_194,"[[14, 10, 15, 9], [10, 2, 11, 1], [2, 14, 3, 13], [8, 16, 9, 15], [4, 8, 5, 7], [18, 12, 19, 11], [12, 18, 13, 17], [20, 6, 21, 5], [22, 20, 1, 19], [6, 22, 7, 21], [16, 4, 17, 3]]"
11a_123_195,"[[16, 4, 17, 3], [14, 10, 15, 9], [10, 2, 11, 1], [2, 14, 3, 13], [8, 16, 9, 15], [4, 8, 5, 7], [18, 12, 19, 11], [12, 18, 13, 17], [20, 6, 21, 5], [22, 20, 1, 19], [6, 22, 7, 21]]"
11a_123_196,"[[6, 22, 7, 21], [16, 4, 17, 3], [14, 10, 15, 9], [10, 2, 11, 1], [2, 14, 3, 13], [8, 16, 9, 15], [4, 8, 5, 7], [18, 12, 19, 11], [12, 18, 13, 17], [20, 6, 21, 5], [22, 20, 1, 19]]"
11a_123_197,"[[22, 20, 1, 19], [6, 22, 7, 21], [16, 4, 17, 3], [14, 10, 15, 9], [10, 2, 11, 1], [2, 14, 3, 13], [8, 16, 9, 15], [4, 8, 5, 7], [18, 12, 19, 11], [12, 18, 13, 17], [20, 6, 21, 5]]"
11a_123_198,"[[21, 7, 22, 6], [1, 21, 2, 20], [7, 1, 8, 22], [17, 5, 18, 4], [15, 11, 16, 10], [11, 3, 12, 2], [3, 15, 4, 14], [9, 17, 10, 16], [5, 9, 6, 8], [19, 13, 20, 12], [13, 19, 14, 18]]"
11a_123_199,"[[13, 19, 14, 18], [21, 7, 22, 6], [1, 21, 2, 20], [7, 1, 8, 22], [17, 5, 18, 4], [15, 11, 16, 10], [11, 3, 12, 2], [3, 15, 4, 14], [9, 17, 10, 16], [5, 9, 6, 8], [19, 13, 20, 12]]"
11a_123_200,"[[19, 13, 20, 12], [13, 19, 14, 18], [21, 7, 22, 6], [1, 21, 2, 20], [7, 1, 8, 22], [17, 5, 18, 4], [15, 11, 16, 10], [11, 3, 12, 2], [3, 15, 4, 14], [9, 17, 10, 16], [5, 9, 6, 8]]"
11a_123_201,"[[5, 9, 6, 8], [19, 13, 20, 12], [13, 19, 14, 18], [21, 7, 22, 6], [1, 21, 2, 20], [7, 1, 8, 22], [17, 5, 18, 4], [15, 11, 16, 10], [11, 3, 12, 2], [3, 15, 4, 14], [9, 17, 10, 16]]"
11a_123_202,"[[9, 17, 10, 16], [5, 9, 6, 8], [19, 13, 20, 12], [13, 19, 14, 18], [21, 7, 22, 6], [1, 21, 2, 20], [7, 1, 8, 22], [17, 5, 18, 4], [15, 11, 16, 10], [11, 3, 12, 2], [3, 15, 4, 14]]"
11a_123_203,"[[3, 15, 4, 14], [9, 17, 10, 16], [5, 9, 6, 8], [19, 13, 20, 12], [13, 19, 14, 18], [21, 7, 22, 6], [1, 21, 2, 20], [7, 1, 8, 22], [17, 5, 18, 4], [15, 11, 16, 10], [11, 3, 12, 2]]"
