name,pd_notation
11a_262_0,"[[11, 22, 12, 1], [7, 3, 8, 2], [17, 9, 18, 8], [9, 4, 10, 5], [3, 16, 4, 17], [15, 6, 16, 7], [5, 10, 6, 11], [1, 19, 2, 18], [19, 14, 20, 15], [21, 12, 22, 13], [13, 20, 14, 21]]"
11a_262_1,"[[13, 20, 14, 21], [11, 22, 12, 1], [7, 3, 8, 2], [17, 9, 18, 8], [9, 4, 10, 5], [3, 16, 4, 17], [15, 6, 16, 7], [5, 10, 6, 11], [1, 19, 2, 18], [19, 14, 20, 15], [21, 12, 22, 13]]"
11a_262_2,"[[21, 12, 22, 13], [13, 20, 14, 21], [11, 22, 12, 1], [7, 3, 8, 2], [17, 9, 18, 8], [9, 4, 10, 5], [3, 16, 4, 17], [15, 6, 16, 7], [5, 10, 6, 11], [1, 19, 2, 18], [19, 14, 20, 15]]"
11a_262_3,"[[19, 14, 20, 15], [21, 12, 22, 13], [13, 20, 14, 21], [11, 22, 12, 1], [7, 3, 8, 2], [17, 9, 18, 8], [9, 4, 10, 5], [3, 16, 4, 17], [15, 6, 16, 7], [5, 10, 6, 11], [1, 19, 2, 18]]"
11a_262_4,"[[1, 19, 2, 18], [19, 14, 20, 15], [21, 12, 22, 13], [13, 20, 14, 21], [11, 22, 12, 1], [7, 3, 8, 2], [17, 9, 18, 8], [9, 4, 10, 5], [3, 16, 4, 17], [15, 6, 16, 7], [5, 10, 6, 11]]"
11a_262_5,"[[5, 10, 6, 11], [1, 19, 2, 18], [19, 14, 20, 15], [21, 12, 22, 13], [13, 20, 14, 21], [11, 22, 12, 1], [7, 3, 8, 2], [17, 9, 18, 8], [9, 4, 10, 5], [3, 16, 4, 17], [15, 6, 16, 7]]"
11a_262_6,"[[15, 6, 16, 7], [5, 10, 6, 11], [1, 19, 2, 18], [19, 14, 20, 15], [21, 12, 22, 13], [13, 20, 14, 21], [11, 22, 12, 1], [7, 3, 8, 2], [17, 9, 18, 8], [9, 4, 10, 5], [3, 16, 4, 17]]"
11a_262_7,"[[3, 16, 4, 17], [15, 6, 16, 7], [5, 10, 6, 11], [1, 19, 2, 18], [19, 14, 20, 15], [21, 12, 22, 13], [13, 20, 14, 21], [11, 22, 12, 1], [7, 3, 8, 2], [17, 9, 18, 8], [9, 4, 10, 5]]"
11a_262_8,"[[9, 4, 10, 5], [3, 16, 4, 17], [15, 6, 16, 7], [5, 10, 6, 11], [1, 19, 2, 18], [19, 14, 20, 15], [21, 12, 22, 13], [13, 20, 14, 21], [11, 22, 12, 1], [7, 3, 8, 2], [17, 9, 18, 8]]"
11a_262_9,"[[17, 9, 18, 8], [9, 4, 10, 5], [3, 16, 4, 17], [15, 6, 16, 7], [5, 10, 6, 11], [1, 19, 2, 18], [19, 14, 20, 15], [21, 12, 22, 13], [13, 20, 14, 21], [11, 22, 12, 1], [7, 3, 8, 2]]"
11a_262_10,"[[7, 3, 8, 2], [17, 9, 18, 8], [9, 4, 10, 5], [3, 16, 4, 17], [15, 6, 16, 7], [5, 10, 6, 11], [1, 19, 2, 18], [19, 14, 20, 15], [21, 12, 22, 13], [13, 20, 14, 21], [11, 22, 12, 1]]"
11a_262_11,"[[12, 1, 13, 2], [8, 4, 9, 3], [18, 10, 19, 9], [10, 5, 11, 6], [4, 17, 5, 18], [16, 7, 17, 8], [6, 11, 7, 12], [2, 20, 3, 19], [20, 15, 21, 16], [22, 13, 1, 14], [14, 21, 15, 22]]"
11a_262_12,"[[14, 21, 15, 22], [12, 1, 13, 2], [8, 4, 9, 3], [18, 10, 19, 9], [10, 5, 11, 6], [4, 17, 5, 18], [16, 7, 17, 8], [6, 11, 7, 12], [2, 20, 3, 19], [20, 15, 21, 16], [22, 13, 1, 14]]"
11a_262_13,"[[22, 13, 1, 14], [14, 21, 15, 22], [12, 1, 13, 2], [8, 4, 9, 3], [18, 10, 19, 9], [10, 5, 11, 6], [4, 17, 5, 18], [16, 7, 17, 8], [6, 11, 7, 12], [2, 20, 3, 19], [20, 15, 21, 16]]"
11a_262_14,"[[20, 15, 21, 16], [22, 13, 1, 14], [14, 21, 15, 22], [12, 1, 13, 2], [8, 4, 9, 3], [18, 10, 19, 9], [10, 5, 11, 6], [4, 17, 5, 18], [16, 7, 17, 8], [6, 11, 7, 12], [2, 20, 3, 19]]"
11a_262_15,"[[2, 20, 3, 19], [20, 15, 21, 16], [22, 13, 1, 14], [14, 21, 15, 22], [12, 1, 13, 2], [8, 4, 9, 3], [18, 10, 19, 9], [10, 5, 11, 6], [4, 17, 5, 18], [16, 7, 17, 8], [6, 11, 7, 12]]"
11a_262_16,"[[6, 11, 7, 12], [2, 20, 3, 19], [20, 15, 21, 16], [22, 13, 1, 14], [14, 21, 15, 22], [12, 1, 13, 2], [8, 4, 9, 3], [18, 10, 19, 9], [10, 5, 11, 6], [4, 17, 5, 18], [16, 7, 17, 8]]"
11a_262_17,"[[16, 7, 17, 8], [6, 11, 7, 12], [2, 20, 3, 19], [20, 15, 21, 16], [22, 13, 1, 14], [14, 21, 15, 22], [12, 1, 13, 2], [8, 4, 9, 3], [18, 10, 19, 9], [10, 5, 11, 6], [4, 17, 5, 18]]"
11a_262_18,"[[4, 17, 5, 18], [16, 7, 17, 8], [6, 11, 7, 12], [2, 20, 3, 19], [20, 15, 21, 16], [22, 13, 1, 14], [14, 21, 15, 22], [12, 1, 13, 2], [8, 4, 9, 3], [18, 10, 19, 9], [10, 5, 11, 6]]"
11a_262_19,"[[10, 5, 11, 6], [4, 17, 5, 18], [16, 7, 17, 8], [6, 11, 7, 12], [2, 20, 3, 19], [20, 15, 21, 16], [22, 13, 1, 14], [14, 21, 15, 22], [12, 1, 13, 2], [8, 4, 9, 3], [18, 10, 19, 9]]"
11a_262_20,"[[18, 10, 19, 9], [10, 5, 11, 6], [4, 17, 5, 18], [16, 7, 17, 8], [6, 11, 7, 12], [2, 20, 3, 19], [20, 15, 21, 16], [22, 13, 1, 14], [14, 21, 15, 22], [12, 1, 13, 2], [8, 4, 9, 3]]"
11a_262_21,"[[8, 4, 9, 3], [18, 10, 19, 9], [10, 5, 11, 6], [4, 17, 5, 18], [16, 7, 17, 8], [6, 11, 7, 12], [2, 20, 3, 19], [20, 15, 21, 16], [22, 13, 1, 14], [14, 21, 15, 22], [12, 1, 13, 2]]"
11a_262_22,"[[13, 2, 14, 3], [9, 5, 10, 4], [19, 11, 20, 10], [11, 6, 12, 7], [5, 18, 6, 19], [17, 8, 18, 9], [7, 12, 8, 13], [3, 21, 4, 20], [21, 16, 22, 17], [1, 14, 2, 15], [15, 22, 16, 1]]"
11a_262_23,"[[15, 22, 16, 1], [13, 2, 14, 3], [9, 5, 10, 4], [19, 11, 20, 10], [11, 6, 12, 7], [5, 18, 6, 19], [17, 8, 18, 9], [7, 12, 8, 13], [3, 21, 4, 20], [21, 16, 22, 17], [1, 14, 2, 15]]"
11a_262_24,"[[1, 14, 2, 15], [15, 22, 16, 1], [13, 2, 14, 3], [9, 5, 10, 4], [19, 11, 20, 10], [11, 6, 12, 7], [5, 18, 6, 19], [17, 8, 18, 9], [7, 12, 8, 13], [3, 21, 4, 20], [21, 16, 22, 17]]"
11a_262_25,"[[21, 16, 22, 17], [1, 14, 2, 15], [15, 22, 16, 1], [13, 2, 14, 3], [9, 5, 10, 4], [19, 11, 20, 10], [11, 6, 12, 7], [5, 18, 6, 19], [17, 8, 18, 9], [7, 12, 8, 13], [3, 21, 4, 20]]"
11a_262_26,"[[3, 21, 4, 20], [21, 16, 22, 17], [1, 14, 2, 15], [15, 22, 16, 1], [13, 2, 14, 3], [9, 5, 10, 4], [19, 11, 20, 10], [11, 6, 12, 7], [5, 18, 6, 19], [17, 8, 18, 9], [7, 12, 8, 13]]"
11a_262_27,"[[7, 12, 8, 13], [3, 21, 4, 20], [21, 16, 22, 17], [1, 14, 2, 15], [15, 22, 16, 1], [13, 2, 14, 3], [9, 5, 10, 4], [19, 11, 20, 10], [11, 6, 12, 7], [5, 18, 6, 19], [17, 8, 18, 9]]"
11a_262_28,"[[17, 8, 18, 9], [7, 12, 8, 13], [3, 21, 4, 20], [21, 16, 22, 17], [1, 14, 2, 15], [15, 22, 16, 1], [13, 2, 14, 3], [9, 5, 10, 4], [19, 11, 20, 10], [11, 6, 12, 7], [5, 18, 6, 19]]"
11a_262_29,"[[5, 18, 6, 19], [17, 8, 18, 9], [7, 12, 8, 13], [3, 21, 4, 20], [21, 16, 22, 17], [1, 14, 2, 15], [15, 22, 16, 1], [13, 2, 14, 3], [9, 5, 10, 4], [19, 11, 20, 10], [11, 6, 12, 7]]"
11a_262_30,"[[11, 6, 12, 7], [5, 18, 6, 19], [17, 8, 18, 9], [7, 12, 8, 13], [3, 21, 4, 20], [21, 16, 22, 17], [1, 14, 2, 15], [15, 22, 16, 1], [13, 2, 14, 3], [9, 5, 10, 4], [19, 11, 20, 10]]"
11a_262_31,"[[19, 11, 20, 10], [11, 6, 12, 7], [5, 18, 6, 19], [17, 8, 18, 9], [7, 12, 8, 13], [3, 21, 4, 20], [21, 16, 22, 17], [1, 14, 2, 15], [15, 22, 16, 1], [13, 2, 14, 3], [9, 5, 10, 4]]"
11a_262_32,"[[9, 5, 10, 4], [19, 11, 20, 10], [11, 6, 12, 7], [5, 18, 6, 19], [17, 8, 18, 9], [7, 12, 8, 13], [3, 21, 4, 20], [21, 16, 22, 17], [1, 14, 2, 15], [15, 22, 16, 1], [13, 2, 14, 3]]"
11a_262_33,"[[14, 3, 15, 4], [10, 6, 11, 5], [20, 12, 21, 11], [12, 7, 13, 8], [6, 19, 7, 20], [18, 9, 19, 10], [8, 13, 9, 14], [4, 22, 5, 21], [22, 17, 1, 18], [2, 15, 3, 16], [16, 1, 17, 2]]"
11a_262_34,"[[16, 1, 17, 2], [14, 3, 15, 4], [10, 6, 11, 5], [20, 12, 21, 11], [12, 7, 13, 8], [6, 19, 7, 20], [18, 9, 19, 10], [8, 13, 9, 14], [4, 22, 5, 21], [22, 17, 1, 18], [2, 15, 3, 16]]"
11a_262_35,"[[2, 15, 3, 16], [16, 1, 17, 2], [14, 3, 15, 4], [10, 6, 11, 5], [20, 12, 21, 11], [12, 7, 13, 8], [6, 19, 7, 20], [18, 9, 19, 10], [8, 13, 9, 14], [4, 22, 5, 21], [22, 17, 1, 18]]"
11a_262_36,"[[22, 17, 1, 18], [2, 15, 3, 16], [16, 1, 17, 2], [14, 3, 15, 4], [10, 6, 11, 5], [20, 12, 21, 11], [12, 7, 13, 8], [6, 19, 7, 20], [18, 9, 19, 10], [8, 13, 9, 14], [4, 22, 5, 21]]"
11a_262_37,"[[4, 22, 5, 21], [22, 17, 1, 18], [2, 15, 3, 16], [16, 1, 17, 2], [14, 3, 15, 4], [10, 6, 11, 5], [20, 12, 21, 11], [12, 7, 13, 8], [6, 19, 7, 20], [18, 9, 19, 10], [8, 13, 9, 14]]"
11a_262_38,"[[8, 13, 9, 14], [4, 22, 5, 21], [22, 17, 1, 18], [2, 15, 3, 16], [16, 1, 17, 2], [14, 3, 15, 4], [10, 6, 11, 5], [20, 12, 21, 11], [12, 7, 13, 8], [6, 19, 7, 20], [18, 9, 19, 10]]"
11a_262_39,"[[18, 9, 19, 10], [8, 13, 9, 14], [4, 22, 5, 21], [22, 17, 1, 18], [2, 15, 3, 16], [16, 1, 17, 2], [14, 3, 15, 4], [10, 6, 11, 5], [20, 12, 21, 11], [12, 7, 13, 8], [6, 19, 7, 20]]"
11a_262_40,"[[6, 19, 7, 20], [18, 9, 19, 10], [8, 13, 9, 14], [4, 22, 5, 21], [22, 17, 1, 18], [2, 15, 3, 16], [16, 1, 17, 2], [14, 3, 15, 4], [10, 6, 11, 5], [20, 12, 21, 11], [12, 7, 13, 8]]"
11a_262_41,"[[12, 7, 13, 8], [6, 19, 7, 20], [18, 9, 19, 10], [8, 13, 9, 14], [4, 22, 5, 21], [22, 17, 1, 18], [2, 15, 3, 16], [16, 1, 17, 2], [14, 3, 15, 4], [10, 6, 11, 5], [20, 12, 21, 11]]"
11a_262_42,"[[20, 12, 21, 11], [12, 7, 13, 8], [6, 19, 7, 20], [18, 9, 19, 10], [8, 13, 9, 14], [4, 22, 5, 21], [22, 17, 1, 18], [2, 15, 3, 16], [16, 1, 17, 2], [14, 3, 15, 4], [10, 6, 11, 5]]"
11a_262_43,"[[10, 6, 11, 5], [20, 12, 21, 11], [12, 7, 13, 8], [6, 19, 7, 20], [18, 9, 19, 10], [8, 13, 9, 14], [4, 22, 5, 21], [22, 17, 1, 18], [2, 15, 3, 16], [16, 1, 17, 2], [14, 3, 15, 4]]"
11a_262_44,"[[15, 4, 16, 5], [11, 7, 12, 6], [21, 13, 22, 12], [13, 8, 14, 9], [7, 20, 8, 21], [19, 10, 20, 11], [9, 14, 10, 15], [5, 1, 6, 22], [1, 18, 2, 19], [3, 16, 4, 17], [17, 2, 18, 3]]"
11a_262_45,"[[17, 2, 18, 3], [15, 4, 16, 5], [11, 7, 12, 6], [21, 13, 22, 12], [13, 8, 14, 9], [7, 20, 8, 21], [19, 10, 20, 11], [9, 14, 10, 15], [5, 1, 6, 22], [1, 18, 2, 19], [3, 16, 4, 17]]"
11a_262_46,"[[3, 16, 4, 17], [17, 2, 18, 3], [15, 4, 16, 5], [11, 7, 12, 6], [21, 13, 22, 12], [13, 8, 14, 9], [7, 20, 8, 21], [19, 10, 20, 11], [9, 14, 10, 15], [5, 1, 6, 22], [1, 18, 2, 19]]"
11a_262_47,"[[1, 18, 2, 19], [3, 16, 4, 17], [17, 2, 18, 3], [15, 4, 16, 5], [11, 7, 12, 6], [21, 13, 22, 12], [13, 8, 14, 9], [7, 20, 8, 21], [19, 10, 20, 11], [9, 14, 10, 15], [5, 1, 6, 22]]"
11a_262_48,"[[5, 1, 6, 22], [1, 18, 2, 19], [3, 16, 4, 17], [17, 2, 18, 3], [15, 4, 16, 5], [11, 7, 12, 6], [21, 13, 22, 12], [13, 8, 14, 9], [7, 20, 8, 21], [19, 10, 20, 11], [9, 14, 10, 15]]"
11a_262_49,"[[9, 14, 10, 15], [5, 1, 6, 22], [1, 18, 2, 19], [3, 16, 4, 17], [17, 2, 18, 3], [15, 4, 16, 5], [11, 7, 12, 6], [21, 13, 22, 12], [13, 8, 14, 9], [7, 20, 8, 21], [19, 10, 20, 11]]"
11a_262_50,"[[19, 10, 20, 11], [9, 14, 10, 15], [5, 1, 6, 22], [1, 18, 2, 19], [3, 16, 4, 17], [17, 2, 18, 3], [15, 4, 16, 5], [11, 7, 12, 6], [21, 13, 22, 12], [13, 8, 14, 9], [7, 20, 8, 21]]"
11a_262_51,"[[7, 20, 8, 21], [19, 10, 20, 11], [9, 14, 10, 15], [5, 1, 6, 22], [1, 18, 2, 19], [3, 16, 4, 17], [17, 2, 18, 3], [15, 4, 16, 5], [11, 7, 12, 6], [21, 13, 22, 12], [13, 8, 14, 9]]"
11a_262_52,"[[13, 8, 14, 9], [7, 20, 8, 21], [19, 10, 20, 11], [9, 14, 10, 15], [5, 1, 6, 22], [1, 18, 2, 19], [3, 16, 4, 17], [17, 2, 18, 3], [15, 4, 16, 5], [11, 7, 12, 6], [21, 13, 22, 12]]"
11a_262_53,"[[21, 13, 22, 12], [13, 8, 14, 9], [7, 20, 8, 21], [19, 10, 20, 11], [9, 14, 10, 15], [5, 1, 6, 22], [1, 18, 2, 19], [3, 16, 4, 17], [17, 2, 18, 3], [15, 4, 16, 5], [11, 7, 12, 6]]"
11a_262_54,"[[11, 7, 12, 6], [21, 13, 22, 12], [13, 8, 14, 9], [7, 20, 8, 21], [19, 10, 20, 11], [9, 14, 10, 15], [5, 1, 6, 22], [1, 18, 2, 19], [3, 16, 4, 17], [17, 2, 18, 3], [15, 4, 16, 5]]"
11a_262_55,"[[16, 5, 17, 6], [12, 8, 13, 7], [22, 14, 1, 13], [14, 9, 15, 10], [8, 21, 9, 22], [20, 11, 21, 12], [10, 15, 11, 16], [6, 2, 7, 1], [2, 19, 3, 20], [4, 17, 5, 18], [18, 3, 19, 4]]"
11a_262_56,"[[18, 3, 19, 4], [16, 5, 17, 6], [12, 8, 13, 7], [22, 14, 1, 13], [14, 9, 15, 10], [8, 21, 9, 22], [20, 11, 21, 12], [10, 15, 11, 16], [6, 2, 7, 1], [2, 19, 3, 20], [4, 17, 5, 18]]"
11a_262_57,"[[4, 17, 5, 18], [18, 3, 19, 4], [16, 5, 17, 6], [12, 8, 13, 7], [22, 14, 1, 13], [14, 9, 15, 10], [8, 21, 9, 22], [20, 11, 21, 12], [10, 15, 11, 16], [6, 2, 7, 1], [2, 19, 3, 20]]"
11a_262_58,"[[2, 19, 3, 20], [4, 17, 5, 18], [18, 3, 19, 4], [16, 5, 17, 6], [12, 8, 13, 7], [22, 14, 1, 13], [14, 9, 15, 10], [8, 21, 9, 22], [20, 11, 21, 12], [10, 15, 11, 16], [6, 2, 7, 1]]"
11a_262_59,"[[6, 2, 7, 1], [2, 19, 3, 20], [4, 17, 5, 18], [18, 3, 19, 4], [16, 5, 17, 6], [12, 8, 13, 7], [22, 14, 1, 13], [14, 9, 15, 10], [8, 21, 9, 22], [20, 11, 21, 12], [10, 15, 11, 16]]"
11a_262_60,"[[10, 15, 11, 16], [6, 2, 7, 1], [2, 19, 3, 20], [4, 17, 5, 18], [18, 3, 19, 4], [16, 5, 17, 6], [12, 8, 13, 7], [22, 14, 1, 13], [14, 9, 15, 10], [8, 21, 9, 22], [20, 11, 21, 12]]"
11a_262_61,"[[20, 11, 21, 12], [10, 15, 11, 16], [6, 2, 7, 1], [2, 19, 3, 20], [4, 17, 5, 18], [18, 3, 19, 4], [16, 5, 17, 6], [12, 8, 13, 7], [22, 14, 1, 13], [14, 9, 15, 10], [8, 21, 9, 22]]"
11a_262_62,"[[8, 21, 9, 22], [20, 11, 21, 12], [10, 15, 11, 16], [6, 2, 7, 1], [2, 19, 3, 20], [4, 17, 5, 18], [18, 3, 19, 4], [16, 5, 17, 6], [12, 8, 13, 7], [22, 14, 1, 13], [14, 9, 15, 10]]"
11a_262_63,"[[14, 9, 15, 10], [8, 21, 9, 22], [20, 11, 21, 12], [10, 15, 11, 16], [6, 2, 7, 1], [2, 19, 3, 20], [4, 17, 5, 18], [18, 3, 19, 4], [16, 5, 17, 6], [12, 8, 13, 7], [22, 14, 1, 13]]"
11a_262_64,"[[22, 14, 1, 13], [14, 9, 15, 10], [8, 21, 9, 22], [20, 11, 21, 12], [10, 15, 11, 16], [6, 2, 7, 1], [2, 19, 3, 20], [4, 17, 5, 18], [18, 3, 19, 4], [16, 5, 17, 6], [12, 8, 13, 7]]"
11a_262_65,"[[12, 8, 13, 7], [22, 14, 1, 13], [14, 9, 15, 10], [8, 21, 9, 22], [20, 11, 21, 12], [10, 15, 11, 16], [6, 2, 7, 1], [2, 19, 3, 20], [4, 17, 5, 18], [18, 3, 19, 4], [16, 5, 17, 6]]"
11a_262_66,"[[17, 6, 18, 7], [13, 9, 14, 8], [1, 15, 2, 14], [15, 10, 16, 11], [9, 22, 10, 1], [21, 12, 22, 13], [11, 16, 12, 17], [7, 3, 8, 2], [3, 20, 4, 21], [5, 18, 6, 19], [19, 4, 20, 5]]"
11a_262_67,"[[19, 4, 20, 5], [17, 6, 18, 7], [13, 9, 14, 8], [1, 15, 2, 14], [15, 10, 16, 11], [9, 22, 10, 1], [21, 12, 22, 13], [11, 16, 12, 17], [7, 3, 8, 2], [3, 20, 4, 21], [5, 18, 6, 19]]"
11a_262_68,"[[5, 18, 6, 19], [19, 4, 20, 5], [17, 6, 18, 7], [13, 9, 14, 8], [1, 15, 2, 14], [15, 10, 16, 11], [9, 22, 10, 1], [21, 12, 22, 13], [11, 16, 12, 17], [7, 3, 8, 2], [3, 20, 4, 21]]"
11a_262_69,"[[3, 20, 4, 21], [5, 18, 6, 19], [19, 4, 20, 5], [17, 6, 18, 7], [13, 9, 14, 8], [1, 15, 2, 14], [15, 10, 16, 11], [9, 22, 10, 1], [21, 12, 22, 13], [11, 16, 12, 17], [7, 3, 8, 2]]"
11a_262_70,"[[7, 3, 8, 2], [3, 20, 4, 21], [5, 18, 6, 19], [19, 4, 20, 5], [17, 6, 18, 7], [13, 9, 14, 8], [1, 15, 2, 14], [15, 10, 16, 11], [9, 22, 10, 1], [21, 12, 22, 13], [11, 16, 12, 17]]"
11a_262_71,"[[11, 16, 12, 17], [7, 3, 8, 2], [3, 20, 4, 21], [5, 18, 6, 19], [19, 4, 20, 5], [17, 6, 18, 7], [13, 9, 14, 8], [1, 15, 2, 14], [15, 10, 16, 11], [9, 22, 10, 1], [21, 12, 22, 13]]"
11a_262_72,"[[21, 12, 22, 13], [11, 16, 12, 17], [7, 3, 8, 2], [3, 20, 4, 21], [5, 18, 6, 19], [19, 4, 20, 5], [17, 6, 18, 7], [13, 9, 14, 8], [1, 15, 2, 14], [15, 10, 16, 11], [9, 22, 10, 1]]"
11a_262_73,"[[9, 22, 10, 1], [21, 12, 22, 13], [11, 16, 12, 17], [7, 3, 8, 2], [3, 20, 4, 21], [5, 18, 6, 19], [19, 4, 20, 5], [17, 6, 18, 7], [13, 9, 14, 8], [1, 15, 2, 14], [15, 10, 16, 11]]"
11a_262_74,"[[15, 10, 16, 11], [9, 22, 10, 1], [21, 12, 22, 13], [11, 16, 12, 17], [7, 3, 8, 2], [3, 20, 4, 21], [5, 18, 6, 19], [19, 4, 20, 5], [17, 6, 18, 7], [13, 9, 14, 8], [1, 15, 2, 14]]"
11a_262_75,"[[1, 15, 2, 14], [15, 10, 16, 11], [9, 22, 10, 1], [21, 12, 22, 13], [11, 16, 12, 17], [7, 3, 8, 2], [3, 20, 4, 21], [5, 18, 6, 19], [19, 4, 20, 5], [17, 6, 18, 7], [13, 9, 14, 8]]"
11a_262_76,"[[13, 9, 14, 8], [1, 15, 2, 14], [15, 10, 16, 11], [9, 22, 10, 1], [21, 12, 22, 13], [11, 16, 12, 17], [7, 3, 8, 2], [3, 20, 4, 21], [5, 18, 6, 19], [19, 4, 20, 5], [17, 6, 18, 7]]"
11a_262_77,"[[18, 7, 19, 8], [14, 10, 15, 9], [2, 16, 3, 15], [16, 11, 17, 12], [10, 1, 11, 2], [22, 13, 1, 14], [12, 17, 13, 18], [8, 4, 9, 3], [4, 21, 5, 22], [6, 19, 7, 20], [20, 5, 21, 6]]"
11a_262_78,"[[20, 5, 21, 6], [18, 7, 19, 8], [14, 10, 15, 9], [2, 16, 3, 15], [16, 11, 17, 12], [10, 1, 11, 2], [22, 13, 1, 14], [12, 17, 13, 18], [8, 4, 9, 3], [4, 21, 5, 22], [6, 19, 7, 20]]"
11a_262_79,"[[6, 19, 7, 20], [20, 5, 21, 6], [18, 7, 19, 8], [14, 10, 15, 9], [2, 16, 3, 15], [16, 11, 17, 12], [10, 1, 11, 2], [22, 13, 1, 14], [12, 17, 13, 18], [8, 4, 9, 3], [4, 21, 5, 22]]"
11a_262_80,"[[4, 21, 5, 22], [6, 19, 7, 20], [20, 5, 21, 6], [18, 7, 19, 8], [14, 10, 15, 9], [2, 16, 3, 15], [16, 11, 17, 12], [10, 1, 11, 2], [22, 13, 1, 14], [12, 17, 13, 18], [8, 4, 9, 3]]"
11a_262_81,"[[8, 4, 9, 3], [4, 21, 5, 22], [6, 19, 7, 20], [20, 5, 21, 6], [18, 7, 19, 8], [14, 10, 15, 9], [2, 16, 3, 15], [16, 11, 17, 12], [10, 1, 11, 2], [22, 13, 1, 14], [12, 17, 13, 18]]"
11a_262_82,"[[12, 17, 13, 18], [8, 4, 9, 3], [4, 21, 5, 22], [6, 19, 7, 20], [20, 5, 21, 6], [18, 7, 19, 8], [14, 10, 15, 9], [2, 16, 3, 15], [16, 11, 17, 12], [10, 1, 11, 2], [22, 13, 1, 14]]"
11a_262_83,"[[22, 13, 1, 14], [12, 17, 13, 18], [8, 4, 9, 3], [4, 21, 5, 22], [6, 19, 7, 20], [20, 5, 21, 6], [18, 7, 19, 8], [14, 10, 15, 9], [2, 16, 3, 15], [16, 11, 17, 12], [10, 1, 11, 2]]"
11a_262_84,"[[10, 1, 11, 2], [22, 13, 1, 14], [12, 17, 13, 18], [8, 4, 9, 3], [4, 21, 5, 22], [6, 19, 7, 20], [20, 5, 21, 6], [18, 7, 19, 8], [14, 10, 15, 9], [2, 16, 3, 15], [16, 11, 17, 12]]"
11a_262_85,"[[16, 11, 17, 12], [10, 1, 11, 2], [22, 13, 1, 14], [12, 17, 13, 18], [8, 4, 9, 3], [4, 21, 5, 22], [6, 19, 7, 20], [20, 5, 21, 6], [18, 7, 19, 8], [14, 10, 15, 9], [2, 16, 3, 15]]"
11a_262_86,"[[2, 16, 3, 15], [16, 11, 17, 12], [10, 1, 11, 2], [22, 13, 1, 14], [12, 17, 13, 18], [8, 4, 9, 3], [4, 21, 5, 22], [6, 19, 7, 20], [20, 5, 21, 6], [18, 7, 19, 8], [14, 10, 15, 9]]"
11a_262_87,"[[14, 10, 15, 9], [2, 16, 3, 15], [16, 11, 17, 12], [10, 1, 11, 2], [22, 13, 1, 14], [12, 17, 13, 18], [8, 4, 9, 3], [4, 21, 5, 22], [6, 19, 7, 20], [20, 5, 21, 6], [18, 7, 19, 8]]"
11a_262_88,"[[19, 8, 20, 9], [15, 11, 16, 10], [3, 17, 4, 16], [17, 12, 18, 13], [11, 2, 12, 3], [1, 14, 2, 15], [13, 18, 14, 19], [9, 5, 10, 4], [5, 22, 6, 1], [7, 20, 8, 21], [21, 6, 22, 7]]"
11a_262_89,"[[21, 6, 22, 7], [19, 8, 20, 9], [15, 11, 16, 10], [3, 17, 4, 16], [17, 12, 18, 13], [11, 2, 12, 3], [1, 14, 2, 15], [13, 18, 14, 19], [9, 5, 10, 4], [5, 22, 6, 1], [7, 20, 8, 21]]"
11a_262_90,"[[7, 20, 8, 21], [21, 6, 22, 7], [19, 8, 20, 9], [15, 11, 16, 10], [3, 17, 4, 16], [17, 12, 18, 13], [11, 2, 12, 3], [1, 14, 2, 15], [13, 18, 14, 19], [9, 5, 10, 4], [5, 22, 6, 1]]"
11a_262_91,"[[5, 22, 6, 1], [7, 20, 8, 21], [21, 6, 22, 7], [19, 8, 20, 9], [15, 11, 16, 10], [3, 17, 4, 16], [17, 12, 18, 13], [11, 2, 12, 3], [1, 14, 2, 15], [13, 18, 14, 19], [9, 5, 10, 4]]"
11a_262_92,"[[9, 5, 10, 4], [5, 22, 6, 1], [7, 20, 8, 21], [21, 6, 22, 7], [19, 8, 20, 9], [15, 11, 16, 10], [3, 17, 4, 16], [17, 12, 18, 13], [11, 2, 12, 3], [1, 14, 2, 15], [13, 18, 14, 19]]"
11a_262_93,"[[13, 18, 14, 19], [9, 5, 10, 4], [5, 22, 6, 1], [7, 20, 8, 21], [21, 6, 22, 7], [19, 8, 20, 9], [15, 11, 16, 10], [3, 17, 4, 16], [17, 12, 18, 13], [11, 2, 12, 3], [1, 14, 2, 15]]"
11a_262_94,"[[1, 14, 2, 15], [13, 18, 14, 19], [9, 5, 10, 4], [5, 22, 6, 1], [7, 20, 8, 21], [21, 6, 22, 7], [19, 8, 20, 9], [15, 11, 16, 10], [3, 17, 4, 16], [17, 12, 18, 13], [11, 2, 12, 3]]"
11a_262_95,"[[11, 2, 12, 3], [1, 14, 2, 15], [13, 18, 14, 19], [9, 5, 10, 4], [5, 22, 6, 1], [7, 20, 8, 21], [21, 6, 22, 7], [19, 8, 20, 9], [15, 11, 16, 10], [3, 17, 4, 16], [17, 12, 18, 13]]"
11a_262_96,"[[17, 12, 18, 13], [11, 2, 12, 3], [1, 14, 2, 15], [13, 18, 14, 19], [9, 5, 10, 4], [5, 22, 6, 1], [7, 20, 8, 21], [21, 6, 22, 7], [19, 8, 20, 9], [15, 11, 16, 10], [3, 17, 4, 16]]"
11a_262_97,"[[3, 17, 4, 16], [17, 12, 18, 13], [11, 2, 12, 3], [1, 14, 2, 15], [13, 18, 14, 19], [9, 5, 10, 4], [5, 22, 6, 1], [7, 20, 8, 21], [21, 6, 22, 7], [19, 8, 20, 9], [15, 11, 16, 10]]"
11a_262_98,"[[15, 11, 16, 10], [3, 17, 4, 16], [17, 12, 18, 13], [11, 2, 12, 3], [1, 14, 2, 15], [13, 18, 14, 19], [9, 5, 10, 4], [5, 22, 6, 1], [7, 20, 8, 21], [21, 6, 22, 7], [19, 8, 20, 9]]"
11a_262_99,"[[20, 9, 21, 10], [16, 12, 17, 11], [4, 18, 5, 17], [18, 13, 19, 14], [12, 3, 13, 4], [2, 15, 3, 16], [14, 19, 15, 20], [10, 6, 11, 5], [6, 1, 7, 2], [8, 21, 9, 22], [22, 7, 1, 8]]"
11a_262_100,"[[22, 7, 1, 8], [20, 9, 21, 10], [16, 12, 17, 11], [4, 18, 5, 17], [18, 13, 19, 14], [12, 3, 13, 4], [2, 15, 3, 16], [14, 19, 15, 20], [10, 6, 11, 5], [6, 1, 7, 2], [8, 21, 9, 22]]"
11a_262_101,"[[8, 21, 9, 22], [22, 7, 1, 8], [20, 9, 21, 10], [16, 12, 17, 11], [4, 18, 5, 17], [18, 13, 19, 14], [12, 3, 13, 4], [2, 15, 3, 16], [14, 19, 15, 20], [10, 6, 11, 5], [6, 1, 7, 2]]"
11a_262_102,"[[6, 1, 7, 2], [8, 21, 9, 22], [22, 7, 1, 8], [20, 9, 21, 10], [16, 12, 17, 11], [4, 18, 5, 17], [18, 13, 19, 14], [12, 3, 13, 4], [2, 15, 3, 16], [14, 19, 15, 20], [10, 6, 11, 5]]"
11a_262_103,"[[10, 6, 11, 5], [6, 1, 7, 2], [8, 21, 9, 22], [22, 7, 1, 8], [20, 9, 21, 10], [16, 12, 17, 11], [4, 18, 5, 17], [18, 13, 19, 14], [12, 3, 13, 4], [2, 15, 3, 16], [14, 19, 15, 20]]"
11a_262_104,"[[14, 19, 15, 20], [10, 6, 11, 5], [6, 1, 7, 2], [8, 21, 9, 22], [22, 7, 1, 8], [20, 9, 21, 10], [16, 12, 17, 11], [4, 18, 5, 17], [18, 13, 19, 14], [12, 3, 13, 4], [2, 15, 3, 16]]"
11a_262_105,"[[2, 15, 3, 16], [14, 19, 15, 20], [10, 6, 11, 5], [6, 1, 7, 2], [8, 21, 9, 22], [22, 7, 1, 8], [20, 9, 21, 10], [16, 12, 17, 11], [4, 18, 5, 17], [18, 13, 19, 14], [12, 3, 13, 4]]"
11a_262_106,"[[12, 3, 13, 4], [2, 15, 3, 16], [14, 19, 15, 20], [10, 6, 11, 5], [6, 1, 7, 2], [8, 21, 9, 22], [22, 7, 1, 8], [20, 9, 21, 10], [16, 12, 17, 11], [4, 18, 5, 17], [18, 13, 19, 14]]"
11a_262_107,"[[18, 13, 19, 14], [12, 3, 13, 4], [2, 15, 3, 16], [14, 19, 15, 20], [10, 6, 11, 5], [6, 1, 7, 2], [8, 21, 9, 22], [22, 7, 1, 8], [20, 9, 21, 10], [16, 12, 17, 11], [4, 18, 5, 17]]"
11a_262_108,"[[4, 18, 5, 17], [18, 13, 19, 14], [12, 3, 13, 4], [2, 15, 3, 16], [14, 19, 15, 20], [10, 6, 11, 5], [6, 1, 7, 2], [8, 21, 9, 22], [22, 7, 1, 8], [20, 9, 21, 10], [16, 12, 17, 11]]"
11a_262_109,"[[16, 12, 17, 11], [4, 18, 5, 17], [18, 13, 19, 14], [12, 3, 13, 4], [2, 15, 3, 16], [14, 19, 15, 20], [10, 6, 11, 5], [6, 1, 7, 2], [8, 21, 9, 22], [22, 7, 1, 8], [20, 9, 21, 10]]"
11a_262_110,"[[21, 10, 22, 11], [17, 13, 18, 12], [5, 19, 6, 18], [19, 14, 20, 15], [13, 4, 14, 5], [3, 16, 4, 17], [15, 20, 16, 21], [11, 7, 12, 6], [7, 2, 8, 3], [9, 22, 10, 1], [1, 8, 2, 9]]"
11a_262_111,"[[1, 8, 2, 9], [21, 10, 22, 11], [17, 13, 18, 12], [5, 19, 6, 18], [19, 14, 20, 15], [13, 4, 14, 5], [3, 16, 4, 17], [15, 20, 16, 21], [11, 7, 12, 6], [7, 2, 8, 3], [9, 22, 10, 1]]"
11a_262_112,"[[9, 22, 10, 1], [1, 8, 2, 9], [21, 10, 22, 11], [17, 13, 18, 12], [5, 19, 6, 18], [19, 14, 20, 15], [13, 4, 14, 5], [3, 16, 4, 17], [15, 20, 16, 21], [11, 7, 12, 6], [7, 2, 8, 3]]"
11a_262_113,"[[7, 2, 8, 3], [9, 22, 10, 1], [1, 8, 2, 9], [21, 10, 22, 11], [17, 13, 18, 12], [5, 19, 6, 18], [19, 14, 20, 15], [13, 4, 14, 5], [3, 16, 4, 17], [15, 20, 16, 21], [11, 7, 12, 6]]"
11a_262_114,"[[11, 7, 12, 6], [7, 2, 8, 3], [9, 22, 10, 1], [1, 8, 2, 9], [21, 10, 22, 11], [17, 13, 18, 12], [5, 19, 6, 18], [19, 14, 20, 15], [13, 4, 14, 5], [3, 16, 4, 17], [15, 20, 16, 21]]"
11a_262_115,"[[15, 20, 16, 21], [11, 7, 12, 6], [7, 2, 8, 3], [9, 22, 10, 1], [1, 8, 2, 9], [21, 10, 22, 11], [17, 13, 18, 12], [5, 19, 6, 18], [19, 14, 20, 15], [13, 4, 14, 5], [3, 16, 4, 17]]"
11a_262_116,"[[3, 16, 4, 17], [15, 20, 16, 21], [11, 7, 12, 6], [7, 2, 8, 3], [9, 22, 10, 1], [1, 8, 2, 9], [21, 10, 22, 11], [17, 13, 18, 12], [5, 19, 6, 18], [19, 14, 20, 15], [13, 4, 14, 5]]"
11a_262_117,"[[13, 4, 14, 5], [3, 16, 4, 17], [15, 20, 16, 21], [11, 7, 12, 6], [7, 2, 8, 3], [9, 22, 10, 1], [1, 8, 2, 9], [21, 10, 22, 11], [17, 13, 18, 12], [5, 19, 6, 18], [19, 14, 20, 15]]"
11a_262_118,"[[19, 14, 20, 15], [13, 4, 14, 5], [3, 16, 4, 17], [15, 20, 16, 21], [11, 7, 12, 6], [7, 2, 8, 3], [9, 22, 10, 1], [1, 8, 2, 9], [21, 10, 22, 11], [17, 13, 18, 12], [5, 19, 6, 18]]"
11a_262_119,"[[5, 19, 6, 18], [19, 14, 20, 15], [13, 4, 14, 5], [3, 16, 4, 17], [15, 20, 16, 21], [11, 7, 12, 6], [7, 2, 8, 3], [9, 22, 10, 1], [1, 8, 2, 9], [21, 10, 22, 11], [17, 13, 18, 12]]"
11a_262_120,"[[17, 13, 18, 12], [5, 19, 6, 18], [19, 14, 20, 15], [13, 4, 14, 5], [3, 16, 4, 17], [15, 20, 16, 21], [11, 7, 12, 6], [7, 2, 8, 3], [9, 22, 10, 1], [1, 8, 2, 9], [21, 10, 22, 11]]"
11a_262_121,"[[22, 11, 1, 12], [18, 14, 19, 13], [6, 20, 7, 19], [20, 15, 21, 16], [14, 5, 15, 6], [4, 17, 5, 18], [16, 21, 17, 22], [12, 8, 13, 7], [8, 3, 9, 4], [10, 1, 11, 2], [2, 9, 3, 10]]"
11a_262_122,"[[2, 9, 3, 10], [22, 11, 1, 12], [18, 14, 19, 13], [6, 20, 7, 19], [20, 15, 21, 16], [14, 5, 15, 6], [4, 17, 5, 18], [16, 21, 17, 22], [12, 8, 13, 7], [8, 3, 9, 4], [10, 1, 11, 2]]"
11a_262_123,"[[10, 1, 11, 2], [2, 9, 3, 10], [22, 11, 1, 12], [18, 14, 19, 13], [6, 20, 7, 19], [20, 15, 21, 16], [14, 5, 15, 6], [4, 17, 5, 18], [16, 21, 17, 22], [12, 8, 13, 7], [8, 3, 9, 4]]"
11a_262_124,"[[8, 3, 9, 4], [10, 1, 11, 2], [2, 9, 3, 10], [22, 11, 1, 12], [18, 14, 19, 13], [6, 20, 7, 19], [20, 15, 21, 16], [14, 5, 15, 6], [4, 17, 5, 18], [16, 21, 17, 22], [12, 8, 13, 7]]"
11a_262_125,"[[12, 8, 13, 7], [8, 3, 9, 4], [10, 1, 11, 2], [2, 9, 3, 10], [22, 11, 1, 12], [18, 14, 19, 13], [6, 20, 7, 19], [20, 15, 21, 16], [14, 5, 15, 6], [4, 17, 5, 18], [16, 21, 17, 22]]"
11a_262_126,"[[16, 21, 17, 22], [12, 8, 13, 7], [8, 3, 9, 4], [10, 1, 11, 2], [2, 9, 3, 10], [22, 11, 1, 12], [18, 14, 19, 13], [6, 20, 7, 19], [20, 15, 21, 16], [14, 5, 15, 6], [4, 17, 5, 18]]"
11a_262_127,"[[4, 17, 5, 18], [16, 21, 17, 22], [12, 8, 13, 7], [8, 3, 9, 4], [10, 1, 11, 2], [2, 9, 3, 10], [22, 11, 1, 12], [18, 14, 19, 13], [6, 20, 7, 19], [20, 15, 21, 16], [14, 5, 15, 6]]"
11a_262_128,"[[14, 5, 15, 6], [4, 17, 5, 18], [16, 21, 17, 22], [12, 8, 13, 7], [8, 3, 9, 4], [10, 1, 11, 2], [2, 9, 3, 10], [22, 11, 1, 12], [18, 14, 19, 13], [6, 20, 7, 19], [20, 15, 21, 16]]"
11a_262_129,"[[20, 15, 21, 16], [14, 5, 15, 6], [4, 17, 5, 18], [16, 21, 17, 22], [12, 8, 13, 7], [8, 3, 9, 4], [10, 1, 11, 2], [2, 9, 3, 10], [22, 11, 1, 12], [18, 14, 19, 13], [6, 20, 7, 19]]"
11a_262_130,"[[6, 20, 7, 19], [20, 15, 21, 16], [14, 5, 15, 6], [4, 17, 5, 18], [16, 21, 17, 22], [12, 8, 13, 7], [8, 3, 9, 4], [10, 1, 11, 2], [2, 9, 3, 10], [22, 11, 1, 12], [18, 14, 19, 13]]"
11a_262_131,"[[18, 14, 19, 13], [6, 20, 7, 19], [20, 15, 21, 16], [14, 5, 15, 6], [4, 17, 5, 18], [16, 21, 17, 22], [12, 8, 13, 7], [8, 3, 9, 4], [10, 1, 11, 2], [2, 9, 3, 10], [22, 11, 1, 12]]"
11a_262_132,"[[1, 12, 2, 13], [19, 15, 20, 14], [7, 21, 8, 20], [21, 16, 22, 17], [15, 6, 16, 7], [5, 18, 6, 19], [17, 22, 18, 1], [13, 9, 14, 8], [9, 4, 10, 5], [11, 2, 12, 3], [3, 10, 4, 11]]"
11a_262_133,"[[3, 10, 4, 11], [1, 12, 2, 13], [19, 15, 20, 14], [7, 21, 8, 20], [21, 16, 22, 17], [15, 6, 16, 7], [5, 18, 6, 19], [17, 22, 18, 1], [13, 9, 14, 8], [9, 4, 10, 5], [11, 2, 12, 3]]"
11a_262_134,"[[11, 2, 12, 3], [3, 10, 4, 11], [1, 12, 2, 13], [19, 15, 20, 14], [7, 21, 8, 20], [21, 16, 22, 17], [15, 6, 16, 7], [5, 18, 6, 19], [17, 22, 18, 1], [13, 9, 14, 8], [9, 4, 10, 5]]"
11a_262_135,"[[9, 4, 10, 5], [11, 2, 12, 3], [3, 10, 4, 11], [1, 12, 2, 13], [19, 15, 20, 14], [7, 21, 8, 20], [21, 16, 22, 17], [15, 6, 16, 7], [5, 18, 6, 19], [17, 22, 18, 1], [13, 9, 14, 8]]"
11a_262_136,"[[13, 9, 14, 8], [9, 4, 10, 5], [11, 2, 12, 3], [3, 10, 4, 11], [1, 12, 2, 13], [19, 15, 20, 14], [7, 21, 8, 20], [21, 16, 22, 17], [15, 6, 16, 7], [5, 18, 6, 19], [17, 22, 18, 1]]"
11a_262_137,"[[17, 22, 18, 1], [13, 9, 14, 8], [9, 4, 10, 5], [11, 2, 12, 3], [3, 10, 4, 11], [1, 12, 2, 13], [19, 15, 20, 14], [7, 21, 8, 20], [21, 16, 22, 17], [15, 6, 16, 7], [5, 18, 6, 19]]"
11a_262_138,"[[5, 18, 6, 19], [17, 22, 18, 1], [13, 9, 14, 8], [9, 4, 10, 5], [11, 2, 12, 3], [3, 10, 4, 11], [1, 12, 2, 13], [19, 15, 20, 14], [7, 21, 8, 20], [21, 16, 22, 17], [15, 6, 16, 7]]"
11a_262_139,"[[15, 6, 16, 7], [5, 18, 6, 19], [17, 22, 18, 1], [13, 9, 14, 8], [9, 4, 10, 5], [11, 2, 12, 3], [3, 10, 4, 11], [1, 12, 2, 13], [19, 15, 20, 14], [7, 21, 8, 20], [21, 16, 22, 17]]"
11a_262_140,"[[21, 16, 22, 17], [15, 6, 16, 7], [5, 18, 6, 19], [17, 22, 18, 1], [13, 9, 14, 8], [9, 4, 10, 5], [11, 2, 12, 3], [3, 10, 4, 11], [1, 12, 2, 13], [19, 15, 20, 14], [7, 21, 8, 20]]"
11a_262_141,"[[7, 21, 8, 20], [21, 16, 22, 17], [15, 6, 16, 7], [5, 18, 6, 19], [17, 22, 18, 1], [13, 9, 14, 8], [9, 4, 10, 5], [11, 2, 12, 3], [3, 10, 4, 11], [1, 12, 2, 13], [19, 15, 20, 14]]"
11a_262_142,"[[19, 15, 20, 14], [7, 21, 8, 20], [21, 16, 22, 17], [15, 6, 16, 7], [5, 18, 6, 19], [17, 22, 18, 1], [13, 9, 14, 8], [9, 4, 10, 5], [11, 2, 12, 3], [3, 10, 4, 11], [1, 12, 2, 13]]"
11a_262_143,"[[2, 13, 3, 14], [20, 16, 21, 15], [8, 22, 9, 21], [22, 17, 1, 18], [16, 7, 17, 8], [6, 19, 7, 20], [18, 1, 19, 2], [14, 10, 15, 9], [10, 5, 11, 6], [12, 3, 13, 4], [4, 11, 5, 12]]"
11a_262_144,"[[4, 11, 5, 12], [2, 13, 3, 14], [20, 16, 21, 15], [8, 22, 9, 21], [22, 17, 1, 18], [16, 7, 17, 8], [6, 19, 7, 20], [18, 1, 19, 2], [14, 10, 15, 9], [10, 5, 11, 6], [12, 3, 13, 4]]"
11a_262_145,"[[12, 3, 13, 4], [4, 11, 5, 12], [2, 13, 3, 14], [20, 16, 21, 15], [8, 22, 9, 21], [22, 17, 1, 18], [16, 7, 17, 8], [6, 19, 7, 20], [18, 1, 19, 2], [14, 10, 15, 9], [10, 5, 11, 6]]"
11a_262_146,"[[10, 5, 11, 6], [12, 3, 13, 4], [4, 11, 5, 12], [2, 13, 3, 14], [20, 16, 21, 15], [8, 22, 9, 21], [22, 17, 1, 18], [16, 7, 17, 8], [6, 19, 7, 20], [18, 1, 19, 2], [14, 10, 15, 9]]"
11a_262_147,"[[14, 10, 15, 9], [10, 5, 11, 6], [12, 3, 13, 4], [4, 11, 5, 12], [2, 13, 3, 14], [20, 16, 21, 15], [8, 22, 9, 21], [22, 17, 1, 18], [16, 7, 17, 8], [6, 19, 7, 20], [18, 1, 19, 2]]"
11a_262_148,"[[18, 1, 19, 2], [14, 10, 15, 9], [10, 5, 11, 6], [12, 3, 13, 4], [4, 11, 5, 12], [2, 13, 3, 14], [20, 16, 21, 15], [8, 22, 9, 21], [22, 17, 1, 18], [16, 7, 17, 8], [6, 19, 7, 20]]"
11a_262_149,"[[6, 19, 7, 20], [18, 1, 19, 2], [14, 10, 15, 9], [10, 5, 11, 6], [12, 3, 13, 4], [4, 11, 5, 12], [2, 13, 3, 14], [20, 16, 21, 15], [8, 22, 9, 21], [22, 17, 1, 18], [16, 7, 17, 8]]"
11a_262_150,"[[16, 7, 17, 8], [6, 19, 7, 20], [18, 1, 19, 2], [14, 10, 15, 9], [10, 5, 11, 6], [12, 3, 13, 4], [4, 11, 5, 12], [2, 13, 3, 14], [20, 16, 21, 15], [8, 22, 9, 21], [22, 17, 1, 18]]"
11a_262_151,"[[22, 17, 1, 18], [16, 7, 17, 8], [6, 19, 7, 20], [18, 1, 19, 2], [14, 10, 15, 9], [10, 5, 11, 6], [12, 3, 13, 4], [4, 11, 5, 12], [2, 13, 3, 14], [20, 16, 21, 15], [8, 22, 9, 21]]"
11a_262_152,"[[8, 22, 9, 21], [22, 17, 1, 18], [16, 7, 17, 8], [6, 19, 7, 20], [18, 1, 19, 2], [14, 10, 15, 9], [10, 5, 11, 6], [12, 3, 13, 4], [4, 11, 5, 12], [2, 13, 3, 14], [20, 16, 21, 15]]"
11a_262_153,"[[20, 16, 21, 15], [8, 22, 9, 21], [22, 17, 1, 18], [16, 7, 17, 8], [6, 19, 7, 20], [18, 1, 19, 2], [14, 10, 15, 9], [10, 5, 11, 6], [12, 3, 13, 4], [4, 11, 5, 12], [2, 13, 3, 14]]"
11a_262_154,"[[3, 14, 4, 15], [21, 17, 22, 16], [9, 1, 10, 22], [1, 18, 2, 19], [17, 8, 18, 9], [7, 20, 8, 21], [19, 2, 20, 3], [15, 11, 16, 10], [11, 6, 12, 7], [13, 4, 14, 5], [5, 12, 6, 13]]"
11a_262_155,"[[5, 12, 6, 13], [3, 14, 4, 15], [21, 17, 22, 16], [9, 1, 10, 22], [1, 18, 2, 19], [17, 8, 18, 9], [7, 20, 8, 21], [19, 2, 20, 3], [15, 11, 16, 10], [11, 6, 12, 7], [13, 4, 14, 5]]"
11a_262_156,"[[13, 4, 14, 5], [5, 12, 6, 13], [3, 14, 4, 15], [21, 17, 22, 16], [9, 1, 10, 22], [1, 18, 2, 19], [17, 8, 18, 9], [7, 20, 8, 21], [19, 2, 20, 3], [15, 11, 16, 10], [11, 6, 12, 7]]"
11a_262_157,"[[11, 6, 12, 7], [13, 4, 14, 5], [5, 12, 6, 13], [3, 14, 4, 15], [21, 17, 22, 16], [9, 1, 10, 22], [1, 18, 2, 19], [17, 8, 18, 9], [7, 20, 8, 21], [19, 2, 20, 3], [15, 11, 16, 10]]"
11a_262_158,"[[15, 11, 16, 10], [11, 6, 12, 7], [13, 4, 14, 5], [5, 12, 6, 13], [3, 14, 4, 15], [21, 17, 22, 16], [9, 1, 10, 22], [1, 18, 2, 19], [17, 8, 18, 9], [7, 20, 8, 21], [19, 2, 20, 3]]"
11a_262_159,"[[19, 2, 20, 3], [15, 11, 16, 10], [11, 6, 12, 7], [13, 4, 14, 5], [5, 12, 6, 13], [3, 14, 4, 15], [21, 17, 22, 16], [9, 1, 10, 22], [1, 18, 2, 19], [17, 8, 18, 9], [7, 20, 8, 21]]"
11a_262_160,"[[7, 20, 8, 21], [19, 2, 20, 3], [15, 11, 16, 10], [11, 6, 12, 7], [13, 4, 14, 5], [5, 12, 6, 13], [3, 14, 4, 15], [21, 17, 22, 16], [9, 1, 10, 22], [1, 18, 2, 19], [17, 8, 18, 9]]"
11a_262_161,"[[17, 8, 18, 9], [7, 20, 8, 21], [19, 2, 20, 3], [15, 11, 16, 10], [11, 6, 12, 7], [13, 4, 14, 5], [5, 12, 6, 13], [3, 14, 4, 15], [21, 17, 22, 16], [9, 1, 10, 22], [1, 18, 2, 19]]"
11a_262_162,"[[1, 18, 2, 19], [17, 8, 18, 9], [7, 20, 8, 21], [19, 2, 20, 3], [15, 11, 16, 10], [11, 6, 12, 7], [13, 4, 14, 5], [5, 12, 6, 13], [3, 14, 4, 15], [21, 17, 22, 16], [9, 1, 10, 22]]"
11a_262_163,"[[9, 1, 10, 22], [1, 18, 2, 19], [17, 8, 18, 9], [7, 20, 8, 21], [19, 2, 20, 3], [15, 11, 16, 10], [11, 6, 12, 7], [13, 4, 14, 5], [5, 12, 6, 13], [3, 14, 4, 15], [21, 17, 22, 16]]"
11a_262_164,"[[21, 17, 22, 16], [9, 1, 10, 22], [1, 18, 2, 19], [17, 8, 18, 9], [7, 20, 8, 21], [19, 2, 20, 3], [15, 11, 16, 10], [11, 6, 12, 7], [13, 4, 14, 5], [5, 12, 6, 13], [3, 14, 4, 15]]"
11a_262_165,"[[4, 15, 5, 16], [22, 18, 1, 17], [10, 2, 11, 1], [2, 19, 3, 20], [18, 9, 19, 10], [8, 21, 9, 22], [20, 3, 21, 4], [16, 12, 17, 11], [12, 7, 13, 8], [14, 5, 15, 6], [6, 13, 7, 14]]"
11a_262_166,"[[6, 13, 7, 14], [4, 15, 5, 16], [22, 18, 1, 17], [10, 2, 11, 1], [2, 19, 3, 20], [18, 9, 19, 10], [8, 21, 9, 22], [20, 3, 21, 4], [16, 12, 17, 11], [12, 7, 13, 8], [14, 5, 15, 6]]"
11a_262_167,"[[14, 5, 15, 6], [6, 13, 7, 14], [4, 15, 5, 16], [22, 18, 1, 17], [10, 2, 11, 1], [2, 19, 3, 20], [18, 9, 19, 10], [8, 21, 9, 22], [20, 3, 21, 4], [16, 12, 17, 11], [12, 7, 13, 8]]"
11a_262_168,"[[12, 7, 13, 8], [14, 5, 15, 6], [6, 13, 7, 14], [4, 15, 5, 16], [22, 18, 1, 17], [10, 2, 11, 1], [2, 19, 3, 20], [18, 9, 19, 10], [8, 21, 9, 22], [20, 3, 21, 4], [16, 12, 17, 11]]"
11a_262_169,"[[16, 12, 17, 11], [12, 7, 13, 8], [14, 5, 15, 6], [6, 13, 7, 14], [4, 15, 5, 16], [22, 18, 1, 17], [10, 2, 11, 1], [2, 19, 3, 20], [18, 9, 19, 10], [8, 21, 9, 22], [20, 3, 21, 4]]"
11a_262_170,"[[20, 3, 21, 4], [16, 12, 17, 11], [12, 7, 13, 8], [14, 5, 15, 6], [6, 13, 7, 14], [4, 15, 5, 16], [22, 18, 1, 17], [10, 2, 11, 1], [2, 19, 3, 20], [18, 9, 19, 10], [8, 21, 9, 22]]"
11a_262_171,"[[8, 21, 9, 22], [20, 3, 21, 4], [16, 12, 17, 11], [12, 7, 13, 8], [14, 5, 15, 6], [6, 13, 7, 14], [4, 15, 5, 16], [22, 18, 1, 17], [10, 2, 11, 1], [2, 19, 3, 20], [18, 9, 19, 10]]"
11a_262_172,"[[18, 9, 19, 10], [8, 21, 9, 22], [20, 3, 21, 4], [16, 12, 17, 11], [12, 7, 13, 8], [14, 5, 15, 6], [6, 13, 7, 14], [4, 15, 5, 16], [22, 18, 1, 17], [10, 2, 11, 1], [2, 19, 3, 20]]"
11a_262_173,"[[2, 19, 3, 20], [18, 9, 19, 10], [8, 21, 9, 22], [20, 3, 21, 4], [16, 12, 17, 11], [12, 7, 13, 8], [14, 5, 15, 6], [6, 13, 7, 14], [4, 15, 5, 16], [22, 18, 1, 17], [10, 2, 11, 1]]"
11a_262_174,"[[10, 2, 11, 1], [2, 19, 3, 20], [18, 9, 19, 10], [8, 21, 9, 22], [20, 3, 21, 4], [16, 12, 17, 11], [12, 7, 13, 8], [14, 5, 15, 6], [6, 13, 7, 14], [4, 15, 5, 16], [22, 18, 1, 17]]"
11a_262_175,"[[22, 18, 1, 17], [10, 2, 11, 1], [2, 19, 3, 20], [18, 9, 19, 10], [8, 21, 9, 22], [20, 3, 21, 4], [16, 12, 17, 11], [12, 7, 13, 8], [14, 5, 15, 6], [6, 13, 7, 14], [4, 15, 5, 16]]"
11a_262_176,"[[5, 16, 6, 17], [1, 19, 2, 18], [11, 3, 12, 2], [3, 20, 4, 21], [19, 10, 20, 11], [9, 22, 10, 1], [21, 4, 22, 5], [17, 13, 18, 12], [13, 8, 14, 9], [15, 6, 16, 7], [7, 14, 8, 15]]"
11a_262_177,"[[7, 14, 8, 15], [5, 16, 6, 17], [1, 19, 2, 18], [11, 3, 12, 2], [3, 20, 4, 21], [19, 10, 20, 11], [9, 22, 10, 1], [21, 4, 22, 5], [17, 13, 18, 12], [13, 8, 14, 9], [15, 6, 16, 7]]"
11a_262_178,"[[15, 6, 16, 7], [7, 14, 8, 15], [5, 16, 6, 17], [1, 19, 2, 18], [11, 3, 12, 2], [3, 20, 4, 21], [19, 10, 20, 11], [9, 22, 10, 1], [21, 4, 22, 5], [17, 13, 18, 12], [13, 8, 14, 9]]"
11a_262_179,"[[13, 8, 14, 9], [15, 6, 16, 7], [7, 14, 8, 15], [5, 16, 6, 17], [1, 19, 2, 18], [11, 3, 12, 2], [3, 20, 4, 21], [19, 10, 20, 11], [9, 22, 10, 1], [21, 4, 22, 5], [17, 13, 18, 12]]"
11a_262_180,"[[17, 13, 18, 12], [13, 8, 14, 9], [15, 6, 16, 7], [7, 14, 8, 15], [5, 16, 6, 17], [1, 19, 2, 18], [11, 3, 12, 2], [3, 20, 4, 21], [19, 10, 20, 11], [9, 22, 10, 1], [21, 4, 22, 5]]"
11a_262_181,"[[21, 4, 22, 5], [17, 13, 18, 12], [13, 8, 14, 9], [15, 6, 16, 7], [7, 14, 8, 15], [5, 16, 6, 17], [1, 19, 2, 18], [11, 3, 12, 2], [3, 20, 4, 21], [19, 10, 20, 11], [9, 22, 10, 1]]"
11a_262_182,"[[9, 22, 10, 1], [21, 4, 22, 5], [17, 13, 18, 12], [13, 8, 14, 9], [15, 6, 16, 7], [7, 14, 8, 15], [5, 16, 6, 17], [1, 19, 2, 18], [11, 3, 12, 2], [3, 20, 4, 21], [19, 10, 20, 11]]"
11a_262_183,"[[19, 10, 20, 11], [9, 22, 10, 1], [21, 4, 22, 5], [17, 13, 18, 12], [13, 8, 14, 9], [15, 6, 16, 7], [7, 14, 8, 15], [5, 16, 6, 17], [1, 19, 2, 18], [11, 3, 12, 2], [3, 20, 4, 21]]"
11a_262_184,"[[3, 20, 4, 21], [19, 10, 20, 11], [9, 22, 10, 1], [21, 4, 22, 5], [17, 13, 18, 12], [13, 8, 14, 9], [15, 6, 16, 7], [7, 14, 8, 15], [5, 16, 6, 17], [1, 19, 2, 18], [11, 3, 12, 2]]"
11a_262_185,"[[11, 3, 12, 2], [3, 20, 4, 21], [19, 10, 20, 11], [9, 22, 10, 1], [21, 4, 22, 5], [17, 13, 18, 12], [13, 8, 14, 9], [15, 6, 16, 7], [7, 14, 8, 15], [5, 16, 6, 17], [1, 19, 2, 18]]"
11a_262_186,"[[1, 19, 2, 18], [11, 3, 12, 2], [3, 20, 4, 21], [19, 10, 20, 11], [9, 22, 10, 1], [21, 4, 22, 5], [17, 13, 18, 12], [13, 8, 14, 9], [15, 6, 16, 7], [7, 14, 8, 15], [5, 16, 6, 17]]"
11a_262_187,"[[6, 17, 7, 18], [2, 20, 3, 19], [12, 4, 13, 3], [4, 21, 5, 22], [20, 11, 21, 12], [10, 1, 11, 2], [22, 5, 1, 6], [18, 14, 19, 13], [14, 9, 15, 10], [16, 7, 17, 8], [8, 15, 9, 16]]"
11a_262_188,"[[8, 15, 9, 16], [6, 17, 7, 18], [2, 20, 3, 19], [12, 4, 13, 3], [4, 21, 5, 22], [20, 11, 21, 12], [10, 1, 11, 2], [22, 5, 1, 6], [18, 14, 19, 13], [14, 9, 15, 10], [16, 7, 17, 8]]"
11a_262_189,"[[16, 7, 17, 8], [8, 15, 9, 16], [6, 17, 7, 18], [2, 20, 3, 19], [12, 4, 13, 3], [4, 21, 5, 22], [20, 11, 21, 12], [10, 1, 11, 2], [22, 5, 1, 6], [18, 14, 19, 13], [14, 9, 15, 10]]"
11a_262_190,"[[14, 9, 15, 10], [16, 7, 17, 8], [8, 15, 9, 16], [6, 17, 7, 18], [2, 20, 3, 19], [12, 4, 13, 3], [4, 21, 5, 22], [20, 11, 21, 12], [10, 1, 11, 2], [22, 5, 1, 6], [18, 14, 19, 13]]"
11a_262_191,"[[18, 14, 19, 13], [14, 9, 15, 10], [16, 7, 17, 8], [8, 15, 9, 16], [6, 17, 7, 18], [2, 20, 3, 19], [12, 4, 13, 3], [4, 21, 5, 22], [20, 11, 21, 12], [10, 1, 11, 2], [22, 5, 1, 6]]"
11a_262_192,"[[22, 5, 1, 6], [18, 14, 19, 13], [14, 9, 15, 10], [16, 7, 17, 8], [8, 15, 9, 16], [6, 17, 7, 18], [2, 20, 3, 19], [12, 4, 13, 3], [4, 21, 5, 22], [20, 11, 21, 12], [10, 1, 11, 2]]"
11a_262_193,"[[10, 1, 11, 2], [22, 5, 1, 6], [18, 14, 19, 13], [14, 9, 15, 10], [16, 7, 17, 8], [8, 15, 9, 16], [6, 17, 7, 18], [2, 20, 3, 19], [12, 4, 13, 3], [4, 21, 5, 22], [20, 11, 21, 12]]"
11a_262_194,"[[20, 11, 21, 12], [10, 1, 11, 2], [22, 5, 1, 6], [18, 14, 19, 13], [14, 9, 15, 10], [16, 7, 17, 8], [8, 15, 9, 16], [6, 17, 7, 18], [2, 20, 3, 19], [12, 4, 13, 3], [4, 21, 5, 22]]"
11a_262_195,"[[4, 21, 5, 22], [20, 11, 21, 12], [10, 1, 11, 2], [22, 5, 1, 6], [18, 14, 19, 13], [14, 9, 15, 10], [16, 7, 17, 8], [8, 15, 9, 16], [6, 17, 7, 18], [2, 20, 3, 19], [12, 4, 13, 3]]"
11a_262_196,"[[12, 4, 13, 3], [4, 21, 5, 22], [20, 11, 21, 12], [10, 1, 11, 2], [22, 5, 1, 6], [18, 14, 19, 13], [14, 9, 15, 10], [16, 7, 17, 8], [8, 15, 9, 16], [6, 17, 7, 18], [2, 20, 3, 19]]"
11a_262_197,"[[2, 20, 3, 19], [12, 4, 13, 3], [4, 21, 5, 22], [20, 11, 21, 12], [10, 1, 11, 2], [22, 5, 1, 6], [18, 14, 19, 13], [14, 9, 15, 10], [16, 7, 17, 8], [8, 15, 9, 16], [6, 17, 7, 18]]"
11a_262_198,"[[7, 18, 8, 19], [3, 21, 4, 20], [13, 5, 14, 4], [5, 22, 6, 1], [21, 12, 22, 13], [11, 2, 12, 3], [1, 6, 2, 7], [19, 15, 20, 14], [15, 10, 16, 11], [17, 8, 18, 9], [9, 16, 10, 17]]"
11a_262_199,"[[9, 16, 10, 17], [7, 18, 8, 19], [3, 21, 4, 20], [13, 5, 14, 4], [5, 22, 6, 1], [21, 12, 22, 13], [11, 2, 12, 3], [1, 6, 2, 7], [19, 15, 20, 14], [15, 10, 16, 11], [17, 8, 18, 9]]"
11a_262_200,"[[17, 8, 18, 9], [9, 16, 10, 17], [7, 18, 8, 19], [3, 21, 4, 20], [13, 5, 14, 4], [5, 22, 6, 1], [21, 12, 22, 13], [11, 2, 12, 3], [1, 6, 2, 7], [19, 15, 20, 14], [15, 10, 16, 11]]"
11a_262_201,"[[15, 10, 16, 11], [17, 8, 18, 9], [9, 16, 10, 17], [7, 18, 8, 19], [3, 21, 4, 20], [13, 5, 14, 4], [5, 22, 6, 1], [21, 12, 22, 13], [11, 2, 12, 3], [1, 6, 2, 7], [19, 15, 20, 14]]"
11a_262_202,"[[19, 15, 20, 14], [15, 10, 16, 11], [17, 8, 18, 9], [9, 16, 10, 17], [7, 18, 8, 19], [3, 21, 4, 20], [13, 5, 14, 4], [5, 22, 6, 1], [21, 12, 22, 13], [11, 2, 12, 3], [1, 6, 2, 7]]"
11a_262_203,"[[1, 6, 2, 7], [19, 15, 20, 14], [15, 10, 16, 11], [17, 8, 18, 9], [9, 16, 10, 17], [7, 18, 8, 19], [3, 21, 4, 20], [13, 5, 14, 4], [5, 22, 6, 1], [21, 12, 22, 13], [11, 2, 12, 3]]"
