name,pd_notation
11a_22_0,"[[3, 9, 4, 8], [5, 3, 6, 2], [9, 5, 10, 4], [15, 12, 16, 13], [13, 6, 14, 7], [7, 14, 8, 15], [21, 17, 22, 16], [19, 11, 20, 10], [11, 21, 12, 20], [1, 19, 2, 18], [17, 1, 18, 22]]"
11a_22_1,"[[17, 1, 18, 22], [3, 9, 4, 8], [5, 3, 6, 2], [9, 5, 10, 4], [15, 12, 16, 13], [13, 6, 14, 7], [7, 14, 8, 15], [21, 17, 22, 16], [19, 11, 20, 10], [11, 21, 12, 20], [1, 19, 2, 18]]"
11a_22_2,"[[1, 19, 2, 18], [17, 1, 18, 22], [3, 9, 4, 8], [5, 3, 6, 2], [9, 5, 10, 4], [15, 12, 16, 13], [13, 6, 14, 7], [7, 14, 8, 15], [21, 17, 22, 16], [19, 11, 20, 10], [11, 21, 12, 20]]"
11a_22_3,"[[11, 21, 12, 20], [1, 19, 2, 18], [17, 1, 18, 22], [3, 9, 4, 8], [5, 3, 6, 2], [9, 5, 10, 4], [15, 12, 16, 13], [13, 6, 14, 7], [7, 14, 8, 15], [21, 17, 22, 16], [19, 11, 20, 10]]"
11a_22_4,"[[19, 11, 20, 10], [11, 21, 12, 20], [1, 19, 2, 18], [17, 1, 18, 22], [3, 9, 4, 8], [5, 3, 6, 2], [9, 5, 10, 4], [15, 12, 16, 13], [13, 6, 14, 7], [7, 14, 8, 15], [21, 17, 22, 16]]"
11a_22_5,"[[21, 17, 22, 16], [19, 11, 20, 10], [11, 21, 12, 20], [1, 19, 2, 18], [17, 1, 18, 22], [3, 9, 4, 8], [5, 3, 6, 2], [9, 5, 10, 4], [15, 12, 16, 13], [13, 6, 14, 7], [7, 14, 8, 15]]"
11a_22_6,"[[7, 14, 8, 15], [21, 17, 22, 16], [19, 11, 20, 10], [11, 21, 12, 20], [1, 19, 2, 18], [17, 1, 18, 22], [3, 9, 4, 8], [5, 3, 6, 2], [9, 5, 10, 4], [15, 12, 16, 13], [13, 6, 14, 7]]"
11a_22_7,"[[13, 6, 14, 7], [7, 14, 8, 15], [21, 17, 22, 16], [19, 11, 20, 10], [11, 21, 12, 20], [1, 19, 2, 18], [17, 1, 18, 22], [3, 9, 4, 8], [5, 3, 6, 2], [9, 5, 10, 4], [15, 12, 16, 13]]"
11a_22_8,"[[15, 12, 16, 13], [13, 6, 14, 7], [7, 14, 8, 15], [21, 17, 22, 16], [19, 11, 20, 10], [11, 21, 12, 20], [1, 19, 2, 18], [17, 1, 18, 22], [3, 9, 4, 8], [5, 3, 6, 2], [9, 5, 10, 4]]"
11a_22_9,"[[9, 5, 10, 4], [15, 12, 16, 13], [13, 6, 14, 7], [7, 14, 8, 15], [21, 17, 22, 16], [19, 11, 20, 10], [11, 21, 12, 20], [1, 19, 2, 18], [17, 1, 18, 22], [3, 9, 4, 8], [5, 3, 6, 2]]"
11a_22_10,"[[5, 3, 6, 2], [9, 5, 10, 4], [15, 12, 16, 13], [13, 6, 14, 7], [7, 14, 8, 15], [21, 17, 22, 16], [19, 11, 20, 10], [11, 21, 12, 20], [1, 19, 2, 18], [17, 1, 18, 22], [3, 9, 4, 8]]"
11a_22_11,"[[4, 10, 5, 9], [6, 4, 7, 3], [10, 6, 11, 5], [16, 13, 17, 14], [14, 7, 15, 8], [8, 15, 9, 16], [22, 18, 1, 17], [20, 12, 21, 11], [12, 22, 13, 21], [2, 20, 3, 19], [18, 2, 19, 1]]"
11a_22_12,"[[18, 2, 19, 1], [4, 10, 5, 9], [6, 4, 7, 3], [10, 6, 11, 5], [16, 13, 17, 14], [14, 7, 15, 8], [8, 15, 9, 16], [22, 18, 1, 17], [20, 12, 21, 11], [12, 22, 13, 21], [2, 20, 3, 19]]"
11a_22_13,"[[2, 20, 3, 19], [18, 2, 19, 1], [4, 10, 5, 9], [6, 4, 7, 3], [10, 6, 11, 5], [16, 13, 17, 14], [14, 7, 15, 8], [8, 15, 9, 16], [22, 18, 1, 17], [20, 12, 21, 11], [12, 22, 13, 21]]"
11a_22_14,"[[12, 22, 13, 21], [2, 20, 3, 19], [18, 2, 19, 1], [4, 10, 5, 9], [6, 4, 7, 3], [10, 6, 11, 5], [16, 13, 17, 14], [14, 7, 15, 8], [8, 15, 9, 16], [22, 18, 1, 17], [20, 12, 21, 11]]"
11a_22_15,"[[20, 12, 21, 11], [12, 22, 13, 21], [2, 20, 3, 19], [18, 2, 19, 1], [4, 10, 5, 9], [6, 4, 7, 3], [10, 6, 11, 5], [16, 13, 17, 14], [14, 7, 15, 8], [8, 15, 9, 16], [22, 18, 1, 17]]"
11a_22_16,"[[22, 18, 1, 17], [20, 12, 21, 11], [12, 22, 13, 21], [2, 20, 3, 19], [18, 2, 19, 1], [4, 10, 5, 9], [6, 4, 7, 3], [10, 6, 11, 5], [16, 13, 17, 14], [14, 7, 15, 8], [8, 15, 9, 16]]"
11a_22_17,"[[8, 15, 9, 16], [22, 18, 1, 17], [20, 12, 21, 11], [12, 22, 13, 21], [2, 20, 3, 19], [18, 2, 19, 1], [4, 10, 5, 9], [6, 4, 7, 3], [10, 6, 11, 5], [16, 13, 17, 14], [14, 7, 15, 8]]"
11a_22_18,"[[14, 7, 15, 8], [8, 15, 9, 16], [22, 18, 1, 17], [20, 12, 21, 11], [12, 22, 13, 21], [2, 20, 3, 19], [18, 2, 19, 1], [4, 10, 5, 9], [6, 4, 7, 3], [10, 6, 11, 5], [16, 13, 17, 14]]"
11a_22_19,"[[16, 13, 17, 14], [14, 7, 15, 8], [8, 15, 9, 16], [22, 18, 1, 17], [20, 12, 21, 11], [12, 22, 13, 21], [2, 20, 3, 19], [18, 2, 19, 1], [4, 10, 5, 9], [6, 4, 7, 3], [10, 6, 11, 5]]"
11a_22_20,"[[10, 6, 11, 5], [16, 13, 17, 14], [14, 7, 15, 8], [8, 15, 9, 16], [22, 18, 1, 17], [20, 12, 21, 11], [12, 22, 13, 21], [2, 20, 3, 19], [18, 2, 19, 1], [4, 10, 5, 9], [6, 4, 7, 3]]"
11a_22_21,"[[6, 4, 7, 3], [10, 6, 11, 5], [16, 13, 17, 14], [14, 7, 15, 8], [8, 15, 9, 16], [22, 18, 1, 17], [20, 12, 21, 11], [12, 22, 13, 21], [2, 20, 3, 19], [18, 2, 19, 1], [4, 10, 5, 9]]"
11a_22_22,"[[5, 11, 6, 10], [7, 5, 8, 4], [11, 7, 12, 6], [17, 14, 18, 15], [15, 8, 16, 9], [9, 16, 10, 17], [1, 19, 2, 18], [21, 13, 22, 12], [13, 1, 14, 22], [3, 21, 4, 20], [19, 3, 20, 2]]"
11a_22_23,"[[19, 3, 20, 2], [5, 11, 6, 10], [7, 5, 8, 4], [11, 7, 12, 6], [17, 14, 18, 15], [15, 8, 16, 9], [9, 16, 10, 17], [1, 19, 2, 18], [21, 13, 22, 12], [13, 1, 14, 22], [3, 21, 4, 20]]"
11a_22_24,"[[3, 21, 4, 20], [19, 3, 20, 2], [5, 11, 6, 10], [7, 5, 8, 4], [11, 7, 12, 6], [17, 14, 18, 15], [15, 8, 16, 9], [9, 16, 10, 17], [1, 19, 2, 18], [21, 13, 22, 12], [13, 1, 14, 22]]"
11a_22_25,"[[13, 1, 14, 22], [3, 21, 4, 20], [19, 3, 20, 2], [5, 11, 6, 10], [7, 5, 8, 4], [11, 7, 12, 6], [17, 14, 18, 15], [15, 8, 16, 9], [9, 16, 10, 17], [1, 19, 2, 18], [21, 13, 22, 12]]"
11a_22_26,"[[21, 13, 22, 12], [13, 1, 14, 22], [3, 21, 4, 20], [19, 3, 20, 2], [5, 11, 6, 10], [7, 5, 8, 4], [11, 7, 12, 6], [17, 14, 18, 15], [15, 8, 16, 9], [9, 16, 10, 17], [1, 19, 2, 18]]"
11a_22_27,"[[1, 19, 2, 18], [21, 13, 22, 12], [13, 1, 14, 22], [3, 21, 4, 20], [19, 3, 20, 2], [5, 11, 6, 10], [7, 5, 8, 4], [11, 7, 12, 6], [17, 14, 18, 15], [15, 8, 16, 9], [9, 16, 10, 17]]"
11a_22_28,"[[9, 16, 10, 17], [1, 19, 2, 18], [21, 13, 22, 12], [13, 1, 14, 22], [3, 21, 4, 20], [19, 3, 20, 2], [5, 11, 6, 10], [7, 5, 8, 4], [11, 7, 12, 6], [17, 14, 18, 15], [15, 8, 16, 9]]"
11a_22_29,"[[15, 8, 16, 9], [9, 16, 10, 17], [1, 19, 2, 18], [21, 13, 22, 12], [13, 1, 14, 22], [3, 21, 4, 20], [19, 3, 20, 2], [5, 11, 6, 10], [7, 5, 8, 4], [11, 7, 12, 6], [17, 14, 18, 15]]"
11a_22_30,"[[17, 14, 18, 15], [15, 8, 16, 9], [9, 16, 10, 17], [1, 19, 2, 18], [21, 13, 22, 12], [13, 1, 14, 22], [3, 21, 4, 20], [19, 3, 20, 2], [5, 11, 6, 10], [7, 5, 8, 4], [11, 7, 12, 6]]"
11a_22_31,"[[11, 7, 12, 6], [17, 14, 18, 15], [15, 8, 16, 9], [9, 16, 10, 17], [1, 19, 2, 18], [21, 13, 22, 12], [13, 1, 14, 22], [3, 21, 4, 20], [19, 3, 20, 2], [5, 11, 6, 10], [7, 5, 8, 4]]"
11a_22_32,"[[7, 5, 8, 4], [11, 7, 12, 6], [17, 14, 18, 15], [15, 8, 16, 9], [9, 16, 10, 17], [1, 19, 2, 18], [21, 13, 22, 12], [13, 1, 14, 22], [3, 21, 4, 20], [19, 3, 20, 2], [5, 11, 6, 10]]"
11a_22_33,"[[6, 12, 7, 11], [8, 6, 9, 5], [12, 8, 13, 7], [18, 15, 19, 16], [16, 9, 17, 10], [10, 17, 11, 18], [2, 20, 3, 19], [22, 14, 1, 13], [14, 2, 15, 1], [4, 22, 5, 21], [20, 4, 21, 3]]"
11a_22_34,"[[20, 4, 21, 3], [6, 12, 7, 11], [8, 6, 9, 5], [12, 8, 13, 7], [18, 15, 19, 16], [16, 9, 17, 10], [10, 17, 11, 18], [2, 20, 3, 19], [22, 14, 1, 13], [14, 2, 15, 1], [4, 22, 5, 21]]"
11a_22_35,"[[4, 22, 5, 21], [20, 4, 21, 3], [6, 12, 7, 11], [8, 6, 9, 5], [12, 8, 13, 7], [18, 15, 19, 16], [16, 9, 17, 10], [10, 17, 11, 18], [2, 20, 3, 19], [22, 14, 1, 13], [14, 2, 15, 1]]"
11a_22_36,"[[14, 2, 15, 1], [4, 22, 5, 21], [20, 4, 21, 3], [6, 12, 7, 11], [8, 6, 9, 5], [12, 8, 13, 7], [18, 15, 19, 16], [16, 9, 17, 10], [10, 17, 11, 18], [2, 20, 3, 19], [22, 14, 1, 13]]"
11a_22_37,"[[22, 14, 1, 13], [14, 2, 15, 1], [4, 22, 5, 21], [20, 4, 21, 3], [6, 12, 7, 11], [8, 6, 9, 5], [12, 8, 13, 7], [18, 15, 19, 16], [16, 9, 17, 10], [10, 17, 11, 18], [2, 20, 3, 19]]"
11a_22_38,"[[2, 20, 3, 19], [22, 14, 1, 13], [14, 2, 15, 1], [4, 22, 5, 21], [20, 4, 21, 3], [6, 12, 7, 11], [8, 6, 9, 5], [12, 8, 13, 7], [18, 15, 19, 16], [16, 9, 17, 10], [10, 17, 11, 18]]"
11a_22_39,"[[10, 17, 11, 18], [2, 20, 3, 19], [22, 14, 1, 13], [14, 2, 15, 1], [4, 22, 5, 21], [20, 4, 21, 3], [6, 12, 7, 11], [8, 6, 9, 5], [12, 8, 13, 7], [18, 15, 19, 16], [16, 9, 17, 10]]"
11a_22_40,"[[16, 9, 17, 10], [10, 17, 11, 18], [2, 20, 3, 19], [22, 14, 1, 13], [14, 2, 15, 1], [4, 22, 5, 21], [20, 4, 21, 3], [6, 12, 7, 11], [8, 6, 9, 5], [12, 8, 13, 7], [18, 15, 19, 16]]"
11a_22_41,"[[18, 15, 19, 16], [16, 9, 17, 10], [10, 17, 11, 18], [2, 20, 3, 19], [22, 14, 1, 13], [14, 2, 15, 1], [4, 22, 5, 21], [20, 4, 21, 3], [6, 12, 7, 11], [8, 6, 9, 5], [12, 8, 13, 7]]"
11a_22_42,"[[12, 8, 13, 7], [18, 15, 19, 16], [16, 9, 17, 10], [10, 17, 11, 18], [2, 20, 3, 19], [22, 14, 1, 13], [14, 2, 15, 1], [4, 22, 5, 21], [20, 4, 21, 3], [6, 12, 7, 11], [8, 6, 9, 5]]"
11a_22_43,"[[8, 6, 9, 5], [12, 8, 13, 7], [18, 15, 19, 16], [16, 9, 17, 10], [10, 17, 11, 18], [2, 20, 3, 19], [22, 14, 1, 13], [14, 2, 15, 1], [4, 22, 5, 21], [20, 4, 21, 3], [6, 12, 7, 11]]"
11a_22_44,"[[7, 13, 8, 12], [9, 7, 10, 6], [13, 9, 14, 8], [19, 16, 20, 17], [17, 10, 18, 11], [11, 18, 12, 19], [3, 21, 4, 20], [1, 15, 2, 14], [15, 3, 16, 2], [5, 1, 6, 22], [21, 5, 22, 4]]"
11a_22_45,"[[21, 5, 22, 4], [7, 13, 8, 12], [9, 7, 10, 6], [13, 9, 14, 8], [19, 16, 20, 17], [17, 10, 18, 11], [11, 18, 12, 19], [3, 21, 4, 20], [1, 15, 2, 14], [15, 3, 16, 2], [5, 1, 6, 22]]"
11a_22_46,"[[5, 1, 6, 22], [21, 5, 22, 4], [7, 13, 8, 12], [9, 7, 10, 6], [13, 9, 14, 8], [19, 16, 20, 17], [17, 10, 18, 11], [11, 18, 12, 19], [3, 21, 4, 20], [1, 15, 2, 14], [15, 3, 16, 2]]"
11a_22_47,"[[15, 3, 16, 2], [5, 1, 6, 22], [21, 5, 22, 4], [7, 13, 8, 12], [9, 7, 10, 6], [13, 9, 14, 8], [19, 16, 20, 17], [17, 10, 18, 11], [11, 18, 12, 19], [3, 21, 4, 20], [1, 15, 2, 14]]"
11a_22_48,"[[1, 15, 2, 14], [15, 3, 16, 2], [5, 1, 6, 22], [21, 5, 22, 4], [7, 13, 8, 12], [9, 7, 10, 6], [13, 9, 14, 8], [19, 16, 20, 17], [17, 10, 18, 11], [11, 18, 12, 19], [3, 21, 4, 20]]"
11a_22_49,"[[3, 21, 4, 20], [1, 15, 2, 14], [15, 3, 16, 2], [5, 1, 6, 22], [21, 5, 22, 4], [7, 13, 8, 12], [9, 7, 10, 6], [13, 9, 14, 8], [19, 16, 20, 17], [17, 10, 18, 11], [11, 18, 12, 19]]"
11a_22_50,"[[11, 18, 12, 19], [3, 21, 4, 20], [1, 15, 2, 14], [15, 3, 16, 2], [5, 1, 6, 22], [21, 5, 22, 4], [7, 13, 8, 12], [9, 7, 10, 6], [13, 9, 14, 8], [19, 16, 20, 17], [17, 10, 18, 11]]"
11a_22_51,"[[17, 10, 18, 11], [11, 18, 12, 19], [3, 21, 4, 20], [1, 15, 2, 14], [15, 3, 16, 2], [5, 1, 6, 22], [21, 5, 22, 4], [7, 13, 8, 12], [9, 7, 10, 6], [13, 9, 14, 8], [19, 16, 20, 17]]"
11a_22_52,"[[19, 16, 20, 17], [17, 10, 18, 11], [11, 18, 12, 19], [3, 21, 4, 20], [1, 15, 2, 14], [15, 3, 16, 2], [5, 1, 6, 22], [21, 5, 22, 4], [7, 13, 8, 12], [9, 7, 10, 6], [13, 9, 14, 8]]"
11a_22_53,"[[13, 9, 14, 8], [19, 16, 20, 17], [17, 10, 18, 11], [11, 18, 12, 19], [3, 21, 4, 20], [1, 15, 2, 14], [15, 3, 16, 2], [5, 1, 6, 22], [21, 5, 22, 4], [7, 13, 8, 12], [9, 7, 10, 6]]"
11a_22_54,"[[9, 7, 10, 6], [13, 9, 14, 8], [19, 16, 20, 17], [17, 10, 18, 11], [11, 18, 12, 19], [3, 21, 4, 20], [1, 15, 2, 14], [15, 3, 16, 2], [5, 1, 6, 22], [21, 5, 22, 4], [7, 13, 8, 12]]"
11a_22_55,"[[8, 14, 9, 13], [10, 8, 11, 7], [14, 10, 15, 9], [20, 17, 21, 18], [18, 11, 19, 12], [12, 19, 13, 20], [4, 22, 5, 21], [2, 16, 3, 15], [16, 4, 17, 3], [6, 2, 7, 1], [22, 6, 1, 5]]"
11a_22_56,"[[22, 6, 1, 5], [8, 14, 9, 13], [10, 8, 11, 7], [14, 10, 15, 9], [20, 17, 21, 18], [18, 11, 19, 12], [12, 19, 13, 20], [4, 22, 5, 21], [2, 16, 3, 15], [16, 4, 17, 3], [6, 2, 7, 1]]"
11a_22_57,"[[6, 2, 7, 1], [22, 6, 1, 5], [8, 14, 9, 13], [10, 8, 11, 7], [14, 10, 15, 9], [20, 17, 21, 18], [18, 11, 19, 12], [12, 19, 13, 20], [4, 22, 5, 21], [2, 16, 3, 15], [16, 4, 17, 3]]"
11a_22_58,"[[16, 4, 17, 3], [6, 2, 7, 1], [22, 6, 1, 5], [8, 14, 9, 13], [10, 8, 11, 7], [14, 10, 15, 9], [20, 17, 21, 18], [18, 11, 19, 12], [12, 19, 13, 20], [4, 22, 5, 21], [2, 16, 3, 15]]"
11a_22_59,"[[2, 16, 3, 15], [16, 4, 17, 3], [6, 2, 7, 1], [22, 6, 1, 5], [8, 14, 9, 13], [10, 8, 11, 7], [14, 10, 15, 9], [20, 17, 21, 18], [18, 11, 19, 12], [12, 19, 13, 20], [4, 22, 5, 21]]"
11a_22_60,"[[4, 22, 5, 21], [2, 16, 3, 15], [16, 4, 17, 3], [6, 2, 7, 1], [22, 6, 1, 5], [8, 14, 9, 13], [10, 8, 11, 7], [14, 10, 15, 9], [20, 17, 21, 18], [18, 11, 19, 12], [12, 19, 13, 20]]"
11a_22_61,"[[12, 19, 13, 20], [4, 22, 5, 21], [2, 16, 3, 15], [16, 4, 17, 3], [6, 2, 7, 1], [22, 6, 1, 5], [8, 14, 9, 13], [10, 8, 11, 7], [14, 10, 15, 9], [20, 17, 21, 18], [18, 11, 19, 12]]"
11a_22_62,"[[18, 11, 19, 12], [12, 19, 13, 20], [4, 22, 5, 21], [2, 16, 3, 15], [16, 4, 17, 3], [6, 2, 7, 1], [22, 6, 1, 5], [8, 14, 9, 13], [10, 8, 11, 7], [14, 10, 15, 9], [20, 17, 21, 18]]"
11a_22_63,"[[20, 17, 21, 18], [18, 11, 19, 12], [12, 19, 13, 20], [4, 22, 5, 21], [2, 16, 3, 15], [16, 4, 17, 3], [6, 2, 7, 1], [22, 6, 1, 5], [8, 14, 9, 13], [10, 8, 11, 7], [14, 10, 15, 9]]"
11a_22_64,"[[14, 10, 15, 9], [20, 17, 21, 18], [18, 11, 19, 12], [12, 19, 13, 20], [4, 22, 5, 21], [2, 16, 3, 15], [16, 4, 17, 3], [6, 2, 7, 1], [22, 6, 1, 5], [8, 14, 9, 13], [10, 8, 11, 7]]"
11a_22_65,"[[10, 8, 11, 7], [14, 10, 15, 9], [20, 17, 21, 18], [18, 11, 19, 12], [12, 19, 13, 20], [4, 22, 5, 21], [2, 16, 3, 15], [16, 4, 17, 3], [6, 2, 7, 1], [22, 6, 1, 5], [8, 14, 9, 13]]"
11a_22_66,"[[9, 15, 10, 14], [11, 9, 12, 8], [15, 11, 16, 10], [21, 18, 22, 19], [19, 12, 20, 13], [13, 20, 14, 21], [5, 1, 6, 22], [3, 17, 4, 16], [17, 5, 18, 4], [7, 3, 8, 2], [1, 7, 2, 6]]"
11a_22_67,"[[1, 7, 2, 6], [9, 15, 10, 14], [11, 9, 12, 8], [15, 11, 16, 10], [21, 18, 22, 19], [19, 12, 20, 13], [13, 20, 14, 21], [5, 1, 6, 22], [3, 17, 4, 16], [17, 5, 18, 4], [7, 3, 8, 2]]"
11a_22_68,"[[7, 3, 8, 2], [1, 7, 2, 6], [9, 15, 10, 14], [11, 9, 12, 8], [15, 11, 16, 10], [21, 18, 22, 19], [19, 12, 20, 13], [13, 20, 14, 21], [5, 1, 6, 22], [3, 17, 4, 16], [17, 5, 18, 4]]"
11a_22_69,"[[17, 5, 18, 4], [7, 3, 8, 2], [1, 7, 2, 6], [9, 15, 10, 14], [11, 9, 12, 8], [15, 11, 16, 10], [21, 18, 22, 19], [19, 12, 20, 13], [13, 20, 14, 21], [5, 1, 6, 22], [3, 17, 4, 16]]"
11a_22_70,"[[3, 17, 4, 16], [17, 5, 18, 4], [7, 3, 8, 2], [1, 7, 2, 6], [9, 15, 10, 14], [11, 9, 12, 8], [15, 11, 16, 10], [21, 18, 22, 19], [19, 12, 20, 13], [13, 20, 14, 21], [5, 1, 6, 22]]"
11a_22_71,"[[5, 1, 6, 22], [3, 17, 4, 16], [17, 5, 18, 4], [7, 3, 8, 2], [1, 7, 2, 6], [9, 15, 10, 14], [11, 9, 12, 8], [15, 11, 16, 10], [21, 18, 22, 19], [19, 12, 20, 13], [13, 20, 14, 21]]"
11a_22_72,"[[13, 20, 14, 21], [5, 1, 6, 22], [3, 17, 4, 16], [17, 5, 18, 4], [7, 3, 8, 2], [1, 7, 2, 6], [9, 15, 10, 14], [11, 9, 12, 8], [15, 11, 16, 10], [21, 18, 22, 19], [19, 12, 20, 13]]"
11a_22_73,"[[19, 12, 20, 13], [13, 20, 14, 21], [5, 1, 6, 22], [3, 17, 4, 16], [17, 5, 18, 4], [7, 3, 8, 2], [1, 7, 2, 6], [9, 15, 10, 14], [11, 9, 12, 8], [15, 11, 16, 10], [21, 18, 22, 19]]"
11a_22_74,"[[21, 18, 22, 19], [19, 12, 20, 13], [13, 20, 14, 21], [5, 1, 6, 22], [3, 17, 4, 16], [17, 5, 18, 4], [7, 3, 8, 2], [1, 7, 2, 6], [9, 15, 10, 14], [11, 9, 12, 8], [15, 11, 16, 10]]"
11a_22_75,"[[15, 11, 16, 10], [21, 18, 22, 19], [19, 12, 20, 13], [13, 20, 14, 21], [5, 1, 6, 22], [3, 17, 4, 16], [17, 5, 18, 4], [7, 3, 8, 2], [1, 7, 2, 6], [9, 15, 10, 14], [11, 9, 12, 8]]"
11a_22_76,"[[11, 9, 12, 8], [15, 11, 16, 10], [21, 18, 22, 19], [19, 12, 20, 13], [13, 20, 14, 21], [5, 1, 6, 22], [3, 17, 4, 16], [17, 5, 18, 4], [7, 3, 8, 2], [1, 7, 2, 6], [9, 15, 10, 14]]"
11a_22_77,"[[10, 16, 11, 15], [12, 10, 13, 9], [16, 12, 17, 11], [22, 19, 1, 20], [20, 13, 21, 14], [14, 21, 15, 22], [6, 2, 7, 1], [4, 18, 5, 17], [18, 6, 19, 5], [8, 4, 9, 3], [2, 8, 3, 7]]"
11a_22_78,"[[2, 8, 3, 7], [10, 16, 11, 15], [12, 10, 13, 9], [16, 12, 17, 11], [22, 19, 1, 20], [20, 13, 21, 14], [14, 21, 15, 22], [6, 2, 7, 1], [4, 18, 5, 17], [18, 6, 19, 5], [8, 4, 9, 3]]"
11a_22_79,"[[8, 4, 9, 3], [2, 8, 3, 7], [10, 16, 11, 15], [12, 10, 13, 9], [16, 12, 17, 11], [22, 19, 1, 20], [20, 13, 21, 14], [14, 21, 15, 22], [6, 2, 7, 1], [4, 18, 5, 17], [18, 6, 19, 5]]"
11a_22_80,"[[18, 6, 19, 5], [8, 4, 9, 3], [2, 8, 3, 7], [10, 16, 11, 15], [12, 10, 13, 9], [16, 12, 17, 11], [22, 19, 1, 20], [20, 13, 21, 14], [14, 21, 15, 22], [6, 2, 7, 1], [4, 18, 5, 17]]"
11a_22_81,"[[4, 18, 5, 17], [18, 6, 19, 5], [8, 4, 9, 3], [2, 8, 3, 7], [10, 16, 11, 15], [12, 10, 13, 9], [16, 12, 17, 11], [22, 19, 1, 20], [20, 13, 21, 14], [14, 21, 15, 22], [6, 2, 7, 1]]"
11a_22_82,"[[6, 2, 7, 1], [4, 18, 5, 17], [18, 6, 19, 5], [8, 4, 9, 3], [2, 8, 3, 7], [10, 16, 11, 15], [12, 10, 13, 9], [16, 12, 17, 11], [22, 19, 1, 20], [20, 13, 21, 14], [14, 21, 15, 22]]"
11a_22_83,"[[14, 21, 15, 22], [6, 2, 7, 1], [4, 18, 5, 17], [18, 6, 19, 5], [8, 4, 9, 3], [2, 8, 3, 7], [10, 16, 11, 15], [12, 10, 13, 9], [16, 12, 17, 11], [22, 19, 1, 20], [20, 13, 21, 14]]"
11a_22_84,"[[20, 13, 21, 14], [14, 21, 15, 22], [6, 2, 7, 1], [4, 18, 5, 17], [18, 6, 19, 5], [8, 4, 9, 3], [2, 8, 3, 7], [10, 16, 11, 15], [12, 10, 13, 9], [16, 12, 17, 11], [22, 19, 1, 20]]"
11a_22_85,"[[22, 19, 1, 20], [20, 13, 21, 14], [14, 21, 15, 22], [6, 2, 7, 1], [4, 18, 5, 17], [18, 6, 19, 5], [8, 4, 9, 3], [2, 8, 3, 7], [10, 16, 11, 15], [12, 10, 13, 9], [16, 12, 17, 11]]"
11a_22_86,"[[16, 12, 17, 11], [22, 19, 1, 20], [20, 13, 21, 14], [14, 21, 15, 22], [6, 2, 7, 1], [4, 18, 5, 17], [18, 6, 19, 5], [8, 4, 9, 3], [2, 8, 3, 7], [10, 16, 11, 15], [12, 10, 13, 9]]"
11a_22_87,"[[12, 10, 13, 9], [16, 12, 17, 11], [22, 19, 1, 20], [20, 13, 21, 14], [14, 21, 15, 22], [6, 2, 7, 1], [4, 18, 5, 17], [18, 6, 19, 5], [8, 4, 9, 3], [2, 8, 3, 7], [10, 16, 11, 15]]"
11a_22_88,"[[11, 17, 12, 16], [13, 11, 14, 10], [17, 13, 18, 12], [1, 20, 2, 21], [21, 14, 22, 15], [15, 22, 16, 1], [7, 3, 8, 2], [5, 19, 6, 18], [19, 7, 20, 6], [9, 5, 10, 4], [3, 9, 4, 8]]"
11a_22_89,"[[3, 9, 4, 8], [11, 17, 12, 16], [13, 11, 14, 10], [17, 13, 18, 12], [1, 20, 2, 21], [21, 14, 22, 15], [15, 22, 16, 1], [7, 3, 8, 2], [5, 19, 6, 18], [19, 7, 20, 6], [9, 5, 10, 4]]"
11a_22_90,"[[9, 5, 10, 4], [3, 9, 4, 8], [11, 17, 12, 16], [13, 11, 14, 10], [17, 13, 18, 12], [1, 20, 2, 21], [21, 14, 22, 15], [15, 22, 16, 1], [7, 3, 8, 2], [5, 19, 6, 18], [19, 7, 20, 6]]"
11a_22_91,"[[19, 7, 20, 6], [9, 5, 10, 4], [3, 9, 4, 8], [11, 17, 12, 16], [13, 11, 14, 10], [17, 13, 18, 12], [1, 20, 2, 21], [21, 14, 22, 15], [15, 22, 16, 1], [7, 3, 8, 2], [5, 19, 6, 18]]"
11a_22_92,"[[5, 19, 6, 18], [19, 7, 20, 6], [9, 5, 10, 4], [3, 9, 4, 8], [11, 17, 12, 16], [13, 11, 14, 10], [17, 13, 18, 12], [1, 20, 2, 21], [21, 14, 22, 15], [15, 22, 16, 1], [7, 3, 8, 2]]"
11a_22_93,"[[7, 3, 8, 2], [5, 19, 6, 18], [19, 7, 20, 6], [9, 5, 10, 4], [3, 9, 4, 8], [11, 17, 12, 16], [13, 11, 14, 10], [17, 13, 18, 12], [1, 20, 2, 21], [21, 14, 22, 15], [15, 22, 16, 1]]"
11a_22_94,"[[15, 22, 16, 1], [7, 3, 8, 2], [5, 19, 6, 18], [19, 7, 20, 6], [9, 5, 10, 4], [3, 9, 4, 8], [11, 17, 12, 16], [13, 11, 14, 10], [17, 13, 18, 12], [1, 20, 2, 21], [21, 14, 22, 15]]"
11a_22_95,"[[21, 14, 22, 15], [15, 22, 16, 1], [7, 3, 8, 2], [5, 19, 6, 18], [19, 7, 20, 6], [9, 5, 10, 4], [3, 9, 4, 8], [11, 17, 12, 16], [13, 11, 14, 10], [17, 13, 18, 12], [1, 20, 2, 21]]"
11a_22_96,"[[1, 20, 2, 21], [21, 14, 22, 15], [15, 22, 16, 1], [7, 3, 8, 2], [5, 19, 6, 18], [19, 7, 20, 6], [9, 5, 10, 4], [3, 9, 4, 8], [11, 17, 12, 16], [13, 11, 14, 10], [17, 13, 18, 12]]"
11a_22_97,"[[17, 13, 18, 12], [1, 20, 2, 21], [21, 14, 22, 15], [15, 22, 16, 1], [7, 3, 8, 2], [5, 19, 6, 18], [19, 7, 20, 6], [9, 5, 10, 4], [3, 9, 4, 8], [11, 17, 12, 16], [13, 11, 14, 10]]"
11a_22_98,"[[13, 11, 14, 10], [17, 13, 18, 12], [1, 20, 2, 21], [21, 14, 22, 15], [15, 22, 16, 1], [7, 3, 8, 2], [5, 19, 6, 18], [19, 7, 20, 6], [9, 5, 10, 4], [3, 9, 4, 8], [11, 17, 12, 16]]"
11a_22_99,"[[12, 18, 13, 17], [14, 12, 15, 11], [18, 14, 19, 13], [2, 21, 3, 22], [22, 15, 1, 16], [16, 1, 17, 2], [8, 4, 9, 3], [6, 20, 7, 19], [20, 8, 21, 7], [10, 6, 11, 5], [4, 10, 5, 9]]"
11a_22_100,"[[4, 10, 5, 9], [12, 18, 13, 17], [14, 12, 15, 11], [18, 14, 19, 13], [2, 21, 3, 22], [22, 15, 1, 16], [16, 1, 17, 2], [8, 4, 9, 3], [6, 20, 7, 19], [20, 8, 21, 7], [10, 6, 11, 5]]"
11a_22_101,"[[10, 6, 11, 5], [4, 10, 5, 9], [12, 18, 13, 17], [14, 12, 15, 11], [18, 14, 19, 13], [2, 21, 3, 22], [22, 15, 1, 16], [16, 1, 17, 2], [8, 4, 9, 3], [6, 20, 7, 19], [20, 8, 21, 7]]"
11a_22_102,"[[20, 8, 21, 7], [10, 6, 11, 5], [4, 10, 5, 9], [12, 18, 13, 17], [14, 12, 15, 11], [18, 14, 19, 13], [2, 21, 3, 22], [22, 15, 1, 16], [16, 1, 17, 2], [8, 4, 9, 3], [6, 20, 7, 19]]"
11a_22_103,"[[6, 20, 7, 19], [20, 8, 21, 7], [10, 6, 11, 5], [4, 10, 5, 9], [12, 18, 13, 17], [14, 12, 15, 11], [18, 14, 19, 13], [2, 21, 3, 22], [22, 15, 1, 16], [16, 1, 17, 2], [8, 4, 9, 3]]"
11a_22_104,"[[8, 4, 9, 3], [6, 20, 7, 19], [20, 8, 21, 7], [10, 6, 11, 5], [4, 10, 5, 9], [12, 18, 13, 17], [14, 12, 15, 11], [18, 14, 19, 13], [2, 21, 3, 22], [22, 15, 1, 16], [16, 1, 17, 2]]"
11a_22_105,"[[16, 1, 17, 2], [8, 4, 9, 3], [6, 20, 7, 19], [20, 8, 21, 7], [10, 6, 11, 5], [4, 10, 5, 9], [12, 18, 13, 17], [14, 12, 15, 11], [18, 14, 19, 13], [2, 21, 3, 22], [22, 15, 1, 16]]"
11a_22_106,"[[22, 15, 1, 16], [16, 1, 17, 2], [8, 4, 9, 3], [6, 20, 7, 19], [20, 8, 21, 7], [10, 6, 11, 5], [4, 10, 5, 9], [12, 18, 13, 17], [14, 12, 15, 11], [18, 14, 19, 13], [2, 21, 3, 22]]"
11a_22_107,"[[2, 21, 3, 22], [22, 15, 1, 16], [16, 1, 17, 2], [8, 4, 9, 3], [6, 20, 7, 19], [20, 8, 21, 7], [10, 6, 11, 5], [4, 10, 5, 9], [12, 18, 13, 17], [14, 12, 15, 11], [18, 14, 19, 13]]"
11a_22_108,"[[18, 14, 19, 13], [2, 21, 3, 22], [22, 15, 1, 16], [16, 1, 17, 2], [8, 4, 9, 3], [6, 20, 7, 19], [20, 8, 21, 7], [10, 6, 11, 5], [4, 10, 5, 9], [12, 18, 13, 17], [14, 12, 15, 11]]"
11a_22_109,"[[14, 12, 15, 11], [18, 14, 19, 13], [2, 21, 3, 22], [22, 15, 1, 16], [16, 1, 17, 2], [8, 4, 9, 3], [6, 20, 7, 19], [20, 8, 21, 7], [10, 6, 11, 5], [4, 10, 5, 9], [12, 18, 13, 17]]"
11a_22_110,"[[13, 19, 14, 18], [15, 13, 16, 12], [19, 15, 20, 14], [3, 22, 4, 1], [1, 16, 2, 17], [17, 2, 18, 3], [9, 5, 10, 4], [7, 21, 8, 20], [21, 9, 22, 8], [11, 7, 12, 6], [5, 11, 6, 10]]"
11a_22_111,"[[5, 11, 6, 10], [13, 19, 14, 18], [15, 13, 16, 12], [19, 15, 20, 14], [3, 22, 4, 1], [1, 16, 2, 17], [17, 2, 18, 3], [9, 5, 10, 4], [7, 21, 8, 20], [21, 9, 22, 8], [11, 7, 12, 6]]"
11a_22_112,"[[11, 7, 12, 6], [5, 11, 6, 10], [13, 19, 14, 18], [15, 13, 16, 12], [19, 15, 20, 14], [3, 22, 4, 1], [1, 16, 2, 17], [17, 2, 18, 3], [9, 5, 10, 4], [7, 21, 8, 20], [21, 9, 22, 8]]"
11a_22_113,"[[21, 9, 22, 8], [11, 7, 12, 6], [5, 11, 6, 10], [13, 19, 14, 18], [15, 13, 16, 12], [19, 15, 20, 14], [3, 22, 4, 1], [1, 16, 2, 17], [17, 2, 18, 3], [9, 5, 10, 4], [7, 21, 8, 20]]"
11a_22_114,"[[7, 21, 8, 20], [21, 9, 22, 8], [11, 7, 12, 6], [5, 11, 6, 10], [13, 19, 14, 18], [15, 13, 16, 12], [19, 15, 20, 14], [3, 22, 4, 1], [1, 16, 2, 17], [17, 2, 18, 3], [9, 5, 10, 4]]"
11a_22_115,"[[9, 5, 10, 4], [7, 21, 8, 20], [21, 9, 22, 8], [11, 7, 12, 6], [5, 11, 6, 10], [13, 19, 14, 18], [15, 13, 16, 12], [19, 15, 20, 14], [3, 22, 4, 1], [1, 16, 2, 17], [17, 2, 18, 3]]"
11a_22_116,"[[17, 2, 18, 3], [9, 5, 10, 4], [7, 21, 8, 20], [21, 9, 22, 8], [11, 7, 12, 6], [5, 11, 6, 10], [13, 19, 14, 18], [15, 13, 16, 12], [19, 15, 20, 14], [3, 22, 4, 1], [1, 16, 2, 17]]"
11a_22_117,"[[1, 16, 2, 17], [17, 2, 18, 3], [9, 5, 10, 4], [7, 21, 8, 20], [21, 9, 22, 8], [11, 7, 12, 6], [5, 11, 6, 10], [13, 19, 14, 18], [15, 13, 16, 12], [19, 15, 20, 14], [3, 22, 4, 1]]"
11a_22_118,"[[3, 22, 4, 1], [1, 16, 2, 17], [17, 2, 18, 3], [9, 5, 10, 4], [7, 21, 8, 20], [21, 9, 22, 8], [11, 7, 12, 6], [5, 11, 6, 10], [13, 19, 14, 18], [15, 13, 16, 12], [19, 15, 20, 14]]"
11a_22_119,"[[19, 15, 20, 14], [3, 22, 4, 1], [1, 16, 2, 17], [17, 2, 18, 3], [9, 5, 10, 4], [7, 21, 8, 20], [21, 9, 22, 8], [11, 7, 12, 6], [5, 11, 6, 10], [13, 19, 14, 18], [15, 13, 16, 12]]"
11a_22_120,"[[15, 13, 16, 12], [19, 15, 20, 14], [3, 22, 4, 1], [1, 16, 2, 17], [17, 2, 18, 3], [9, 5, 10, 4], [7, 21, 8, 20], [21, 9, 22, 8], [11, 7, 12, 6], [5, 11, 6, 10], [13, 19, 14, 18]]"
11a_22_121,"[[14, 20, 15, 19], [16, 14, 17, 13], [20, 16, 21, 15], [4, 1, 5, 2], [2, 17, 3, 18], [18, 3, 19, 4], [10, 6, 11, 5], [8, 22, 9, 21], [22, 10, 1, 9], [12, 8, 13, 7], [6, 12, 7, 11]]"
11a_22_122,"[[6, 12, 7, 11], [14, 20, 15, 19], [16, 14, 17, 13], [20, 16, 21, 15], [4, 1, 5, 2], [2, 17, 3, 18], [18, 3, 19, 4], [10, 6, 11, 5], [8, 22, 9, 21], [22, 10, 1, 9], [12, 8, 13, 7]]"
11a_22_123,"[[12, 8, 13, 7], [6, 12, 7, 11], [14, 20, 15, 19], [16, 14, 17, 13], [20, 16, 21, 15], [4, 1, 5, 2], [2, 17, 3, 18], [18, 3, 19, 4], [10, 6, 11, 5], [8, 22, 9, 21], [22, 10, 1, 9]]"
11a_22_124,"[[22, 10, 1, 9], [12, 8, 13, 7], [6, 12, 7, 11], [14, 20, 15, 19], [16, 14, 17, 13], [20, 16, 21, 15], [4, 1, 5, 2], [2, 17, 3, 18], [18, 3, 19, 4], [10, 6, 11, 5], [8, 22, 9, 21]]"
11a_22_125,"[[8, 22, 9, 21], [22, 10, 1, 9], [12, 8, 13, 7], [6, 12, 7, 11], [14, 20, 15, 19], [16, 14, 17, 13], [20, 16, 21, 15], [4, 1, 5, 2], [2, 17, 3, 18], [18, 3, 19, 4], [10, 6, 11, 5]]"
11a_22_126,"[[10, 6, 11, 5], [8, 22, 9, 21], [22, 10, 1, 9], [12, 8, 13, 7], [6, 12, 7, 11], [14, 20, 15, 19], [16, 14, 17, 13], [20, 16, 21, 15], [4, 1, 5, 2], [2, 17, 3, 18], [18, 3, 19, 4]]"
11a_22_127,"[[18, 3, 19, 4], [10, 6, 11, 5], [8, 22, 9, 21], [22, 10, 1, 9], [12, 8, 13, 7], [6, 12, 7, 11], [14, 20, 15, 19], [16, 14, 17, 13], [20, 16, 21, 15], [4, 1, 5, 2], [2, 17, 3, 18]]"
11a_22_128,"[[2, 17, 3, 18], [18, 3, 19, 4], [10, 6, 11, 5], [8, 22, 9, 21], [22, 10, 1, 9], [12, 8, 13, 7], [6, 12, 7, 11], [14, 20, 15, 19], [16, 14, 17, 13], [20, 16, 21, 15], [4, 1, 5, 2]]"
11a_22_129,"[[4, 1, 5, 2], [2, 17, 3, 18], [18, 3, 19, 4], [10, 6, 11, 5], [8, 22, 9, 21], [22, 10, 1, 9], [12, 8, 13, 7], [6, 12, 7, 11], [14, 20, 15, 19], [16, 14, 17, 13], [20, 16, 21, 15]]"
11a_22_130,"[[20, 16, 21, 15], [4, 1, 5, 2], [2, 17, 3, 18], [18, 3, 19, 4], [10, 6, 11, 5], [8, 22, 9, 21], [22, 10, 1, 9], [12, 8, 13, 7], [6, 12, 7, 11], [14, 20, 15, 19], [16, 14, 17, 13]]"
11a_22_131,"[[16, 14, 17, 13], [20, 16, 21, 15], [4, 1, 5, 2], [2, 17, 3, 18], [18, 3, 19, 4], [10, 6, 11, 5], [8, 22, 9, 21], [22, 10, 1, 9], [12, 8, 13, 7], [6, 12, 7, 11], [14, 20, 15, 19]]"
11a_22_132,"[[15, 21, 16, 20], [17, 15, 18, 14], [21, 17, 22, 16], [5, 2, 6, 3], [3, 18, 4, 19], [19, 4, 20, 5], [11, 7, 12, 6], [9, 1, 10, 22], [1, 11, 2, 10], [13, 9, 14, 8], [7, 13, 8, 12]]"
11a_22_133,"[[7, 13, 8, 12], [15, 21, 16, 20], [17, 15, 18, 14], [21, 17, 22, 16], [5, 2, 6, 3], [3, 18, 4, 19], [19, 4, 20, 5], [11, 7, 12, 6], [9, 1, 10, 22], [1, 11, 2, 10], [13, 9, 14, 8]]"
11a_22_134,"[[13, 9, 14, 8], [7, 13, 8, 12], [15, 21, 16, 20], [17, 15, 18, 14], [21, 17, 22, 16], [5, 2, 6, 3], [3, 18, 4, 19], [19, 4, 20, 5], [11, 7, 12, 6], [9, 1, 10, 22], [1, 11, 2, 10]]"
11a_22_135,"[[1, 11, 2, 10], [13, 9, 14, 8], [7, 13, 8, 12], [15, 21, 16, 20], [17, 15, 18, 14], [21, 17, 22, 16], [5, 2, 6, 3], [3, 18, 4, 19], [19, 4, 20, 5], [11, 7, 12, 6], [9, 1, 10, 22]]"
11a_22_136,"[[9, 1, 10, 22], [1, 11, 2, 10], [13, 9, 14, 8], [7, 13, 8, 12], [15, 21, 16, 20], [17, 15, 18, 14], [21, 17, 22, 16], [5, 2, 6, 3], [3, 18, 4, 19], [19, 4, 20, 5], [11, 7, 12, 6]]"
11a_22_137,"[[11, 7, 12, 6], [9, 1, 10, 22], [1, 11, 2, 10], [13, 9, 14, 8], [7, 13, 8, 12], [15, 21, 16, 20], [17, 15, 18, 14], [21, 17, 22, 16], [5, 2, 6, 3], [3, 18, 4, 19], [19, 4, 20, 5]]"
11a_22_138,"[[19, 4, 20, 5], [11, 7, 12, 6], [9, 1, 10, 22], [1, 11, 2, 10], [13, 9, 14, 8], [7, 13, 8, 12], [15, 21, 16, 20], [17, 15, 18, 14], [21, 17, 22, 16], [5, 2, 6, 3], [3, 18, 4, 19]]"
11a_22_139,"[[3, 18, 4, 19], [19, 4, 20, 5], [11, 7, 12, 6], [9, 1, 10, 22], [1, 11, 2, 10], [13, 9, 14, 8], [7, 13, 8, 12], [15, 21, 16, 20], [17, 15, 18, 14], [21, 17, 22, 16], [5, 2, 6, 3]]"
11a_22_140,"[[5, 2, 6, 3], [3, 18, 4, 19], [19, 4, 20, 5], [11, 7, 12, 6], [9, 1, 10, 22], [1, 11, 2, 10], [13, 9, 14, 8], [7, 13, 8, 12], [15, 21, 16, 20], [17, 15, 18, 14], [21, 17, 22, 16]]"
11a_22_141,"[[21, 17, 22, 16], [5, 2, 6, 3], [3, 18, 4, 19], [19, 4, 20, 5], [11, 7, 12, 6], [9, 1, 10, 22], [1, 11, 2, 10], [13, 9, 14, 8], [7, 13, 8, 12], [15, 21, 16, 20], [17, 15, 18, 14]]"
11a_22_142,"[[17, 15, 18, 14], [21, 17, 22, 16], [5, 2, 6, 3], [3, 18, 4, 19], [19, 4, 20, 5], [11, 7, 12, 6], [9, 1, 10, 22], [1, 11, 2, 10], [13, 9, 14, 8], [7, 13, 8, 12], [15, 21, 16, 20]]"
11a_22_143,"[[16, 22, 17, 21], [18, 16, 19, 15], [22, 18, 1, 17], [6, 3, 7, 4], [4, 19, 5, 20], [20, 5, 21, 6], [12, 8, 13, 7], [10, 2, 11, 1], [2, 12, 3, 11], [14, 10, 15, 9], [8, 14, 9, 13]]"
11a_22_144,"[[8, 14, 9, 13], [16, 22, 17, 21], [18, 16, 19, 15], [22, 18, 1, 17], [6, 3, 7, 4], [4, 19, 5, 20], [20, 5, 21, 6], [12, 8, 13, 7], [10, 2, 11, 1], [2, 12, 3, 11], [14, 10, 15, 9]]"
11a_22_145,"[[14, 10, 15, 9], [8, 14, 9, 13], [16, 22, 17, 21], [18, 16, 19, 15], [22, 18, 1, 17], [6, 3, 7, 4], [4, 19, 5, 20], [20, 5, 21, 6], [12, 8, 13, 7], [10, 2, 11, 1], [2, 12, 3, 11]]"
11a_22_146,"[[2, 12, 3, 11], [14, 10, 15, 9], [8, 14, 9, 13], [16, 22, 17, 21], [18, 16, 19, 15], [22, 18, 1, 17], [6, 3, 7, 4], [4, 19, 5, 20], [20, 5, 21, 6], [12, 8, 13, 7], [10, 2, 11, 1]]"
11a_22_147,"[[10, 2, 11, 1], [2, 12, 3, 11], [14, 10, 15, 9], [8, 14, 9, 13], [16, 22, 17, 21], [18, 16, 19, 15], [22, 18, 1, 17], [6, 3, 7, 4], [4, 19, 5, 20], [20, 5, 21, 6], [12, 8, 13, 7]]"
11a_22_148,"[[12, 8, 13, 7], [10, 2, 11, 1], [2, 12, 3, 11], [14, 10, 15, 9], [8, 14, 9, 13], [16, 22, 17, 21], [18, 16, 19, 15], [22, 18, 1, 17], [6, 3, 7, 4], [4, 19, 5, 20], [20, 5, 21, 6]]"
11a_22_149,"[[20, 5, 21, 6], [12, 8, 13, 7], [10, 2, 11, 1], [2, 12, 3, 11], [14, 10, 15, 9], [8, 14, 9, 13], [16, 22, 17, 21], [18, 16, 19, 15], [22, 18, 1, 17], [6, 3, 7, 4], [4, 19, 5, 20]]"
11a_22_150,"[[4, 19, 5, 20], [20, 5, 21, 6], [12, 8, 13, 7], [10, 2, 11, 1], [2, 12, 3, 11], [14, 10, 15, 9], [8, 14, 9, 13], [16, 22, 17, 21], [18, 16, 19, 15], [22, 18, 1, 17], [6, 3, 7, 4]]"
11a_22_151,"[[6, 3, 7, 4], [4, 19, 5, 20], [20, 5, 21, 6], [12, 8, 13, 7], [10, 2, 11, 1], [2, 12, 3, 11], [14, 10, 15, 9], [8, 14, 9, 13], [16, 22, 17, 21], [18, 16, 19, 15], [22, 18, 1, 17]]"
11a_22_152,"[[22, 18, 1, 17], [6, 3, 7, 4], [4, 19, 5, 20], [20, 5, 21, 6], [12, 8, 13, 7], [10, 2, 11, 1], [2, 12, 3, 11], [14, 10, 15, 9], [8, 14, 9, 13], [16, 22, 17, 21], [18, 16, 19, 15]]"
11a_22_153,"[[18, 16, 19, 15], [22, 18, 1, 17], [6, 3, 7, 4], [4, 19, 5, 20], [20, 5, 21, 6], [12, 8, 13, 7], [10, 2, 11, 1], [2, 12, 3, 11], [14, 10, 15, 9], [8, 14, 9, 13], [16, 22, 17, 21]]"
11a_22_154,"[[17, 1, 18, 22], [19, 17, 20, 16], [1, 19, 2, 18], [7, 4, 8, 5], [5, 20, 6, 21], [21, 6, 22, 7], [13, 9, 14, 8], [11, 3, 12, 2], [3, 13, 4, 12], [15, 11, 16, 10], [9, 15, 10, 14]]"
11a_22_155,"[[9, 15, 10, 14], [17, 1, 18, 22], [19, 17, 20, 16], [1, 19, 2, 18], [7, 4, 8, 5], [5, 20, 6, 21], [21, 6, 22, 7], [13, 9, 14, 8], [11, 3, 12, 2], [3, 13, 4, 12], [15, 11, 16, 10]]"
11a_22_156,"[[15, 11, 16, 10], [9, 15, 10, 14], [17, 1, 18, 22], [19, 17, 20, 16], [1, 19, 2, 18], [7, 4, 8, 5], [5, 20, 6, 21], [21, 6, 22, 7], [13, 9, 14, 8], [11, 3, 12, 2], [3, 13, 4, 12]]"
11a_22_157,"[[3, 13, 4, 12], [15, 11, 16, 10], [9, 15, 10, 14], [17, 1, 18, 22], [19, 17, 20, 16], [1, 19, 2, 18], [7, 4, 8, 5], [5, 20, 6, 21], [21, 6, 22, 7], [13, 9, 14, 8], [11, 3, 12, 2]]"
11a_22_158,"[[11, 3, 12, 2], [3, 13, 4, 12], [15, 11, 16, 10], [9, 15, 10, 14], [17, 1, 18, 22], [19, 17, 20, 16], [1, 19, 2, 18], [7, 4, 8, 5], [5, 20, 6, 21], [21, 6, 22, 7], [13, 9, 14, 8]]"
11a_22_159,"[[13, 9, 14, 8], [11, 3, 12, 2], [3, 13, 4, 12], [15, 11, 16, 10], [9, 15, 10, 14], [17, 1, 18, 22], [19, 17, 20, 16], [1, 19, 2, 18], [7, 4, 8, 5], [5, 20, 6, 21], [21, 6, 22, 7]]"
11a_22_160,"[[21, 6, 22, 7], [13, 9, 14, 8], [11, 3, 12, 2], [3, 13, 4, 12], [15, 11, 16, 10], [9, 15, 10, 14], [17, 1, 18, 22], [19, 17, 20, 16], [1, 19, 2, 18], [7, 4, 8, 5], [5, 20, 6, 21]]"
11a_22_161,"[[5, 20, 6, 21], [21, 6, 22, 7], [13, 9, 14, 8], [11, 3, 12, 2], [3, 13, 4, 12], [15, 11, 16, 10], [9, 15, 10, 14], [17, 1, 18, 22], [19, 17, 20, 16], [1, 19, 2, 18], [7, 4, 8, 5]]"
11a_22_162,"[[7, 4, 8, 5], [5, 20, 6, 21], [21, 6, 22, 7], [13, 9, 14, 8], [11, 3, 12, 2], [3, 13, 4, 12], [15, 11, 16, 10], [9, 15, 10, 14], [17, 1, 18, 22], [19, 17, 20, 16], [1, 19, 2, 18]]"
11a_22_163,"[[1, 19, 2, 18], [7, 4, 8, 5], [5, 20, 6, 21], [21, 6, 22, 7], [13, 9, 14, 8], [11, 3, 12, 2], [3, 13, 4, 12], [15, 11, 16, 10], [9, 15, 10, 14], [17, 1, 18, 22], [19, 17, 20, 16]]"
11a_22_164,"[[19, 17, 20, 16], [1, 19, 2, 18], [7, 4, 8, 5], [5, 20, 6, 21], [21, 6, 22, 7], [13, 9, 14, 8], [11, 3, 12, 2], [3, 13, 4, 12], [15, 11, 16, 10], [9, 15, 10, 14], [17, 1, 18, 22]]"
11a_22_165,"[[18, 2, 19, 1], [20, 18, 21, 17], [2, 20, 3, 19], [8, 5, 9, 6], [6, 21, 7, 22], [22, 7, 1, 8], [14, 10, 15, 9], [12, 4, 13, 3], [4, 14, 5, 13], [16, 12, 17, 11], [10, 16, 11, 15]]"
11a_22_166,"[[10, 16, 11, 15], [18, 2, 19, 1], [20, 18, 21, 17], [2, 20, 3, 19], [8, 5, 9, 6], [6, 21, 7, 22], [22, 7, 1, 8], [14, 10, 15, 9], [12, 4, 13, 3], [4, 14, 5, 13], [16, 12, 17, 11]]"
11a_22_167,"[[16, 12, 17, 11], [10, 16, 11, 15], [18, 2, 19, 1], [20, 18, 21, 17], [2, 20, 3, 19], [8, 5, 9, 6], [6, 21, 7, 22], [22, 7, 1, 8], [14, 10, 15, 9], [12, 4, 13, 3], [4, 14, 5, 13]]"
11a_22_168,"[[4, 14, 5, 13], [16, 12, 17, 11], [10, 16, 11, 15], [18, 2, 19, 1], [20, 18, 21, 17], [2, 20, 3, 19], [8, 5, 9, 6], [6, 21, 7, 22], [22, 7, 1, 8], [14, 10, 15, 9], [12, 4, 13, 3]]"
11a_22_169,"[[12, 4, 13, 3], [4, 14, 5, 13], [16, 12, 17, 11], [10, 16, 11, 15], [18, 2, 19, 1], [20, 18, 21, 17], [2, 20, 3, 19], [8, 5, 9, 6], [6, 21, 7, 22], [22, 7, 1, 8], [14, 10, 15, 9]]"
11a_22_170,"[[14, 10, 15, 9], [12, 4, 13, 3], [4, 14, 5, 13], [16, 12, 17, 11], [10, 16, 11, 15], [18, 2, 19, 1], [20, 18, 21, 17], [2, 20, 3, 19], [8, 5, 9, 6], [6, 21, 7, 22], [22, 7, 1, 8]]"
11a_22_171,"[[22, 7, 1, 8], [14, 10, 15, 9], [12, 4, 13, 3], [4, 14, 5, 13], [16, 12, 17, 11], [10, 16, 11, 15], [18, 2, 19, 1], [20, 18, 21, 17], [2, 20, 3, 19], [8, 5, 9, 6], [6, 21, 7, 22]]"
11a_22_172,"[[6, 21, 7, 22], [22, 7, 1, 8], [14, 10, 15, 9], [12, 4, 13, 3], [4, 14, 5, 13], [16, 12, 17, 11], [10, 16, 11, 15], [18, 2, 19, 1], [20, 18, 21, 17], [2, 20, 3, 19], [8, 5, 9, 6]]"
11a_22_173,"[[8, 5, 9, 6], [6, 21, 7, 22], [22, 7, 1, 8], [14, 10, 15, 9], [12, 4, 13, 3], [4, 14, 5, 13], [16, 12, 17, 11], [10, 16, 11, 15], [18, 2, 19, 1], [20, 18, 21, 17], [2, 20, 3, 19]]"
11a_22_174,"[[2, 20, 3, 19], [8, 5, 9, 6], [6, 21, 7, 22], [22, 7, 1, 8], [14, 10, 15, 9], [12, 4, 13, 3], [4, 14, 5, 13], [16, 12, 17, 11], [10, 16, 11, 15], [18, 2, 19, 1], [20, 18, 21, 17]]"
11a_22_175,"[[20, 18, 21, 17], [2, 20, 3, 19], [8, 5, 9, 6], [6, 21, 7, 22], [22, 7, 1, 8], [14, 10, 15, 9], [12, 4, 13, 3], [4, 14, 5, 13], [16, 12, 17, 11], [10, 16, 11, 15], [18, 2, 19, 1]]"
11a_22_176,"[[19, 3, 20, 2], [21, 19, 22, 18], [3, 21, 4, 20], [9, 6, 10, 7], [7, 22, 8, 1], [1, 8, 2, 9], [15, 11, 16, 10], [13, 5, 14, 4], [5, 15, 6, 14], [17, 13, 18, 12], [11, 17, 12, 16]]"
11a_22_177,"[[11, 17, 12, 16], [19, 3, 20, 2], [21, 19, 22, 18], [3, 21, 4, 20], [9, 6, 10, 7], [7, 22, 8, 1], [1, 8, 2, 9], [15, 11, 16, 10], [13, 5, 14, 4], [5, 15, 6, 14], [17, 13, 18, 12]]"
11a_22_178,"[[17, 13, 18, 12], [11, 17, 12, 16], [19, 3, 20, 2], [21, 19, 22, 18], [3, 21, 4, 20], [9, 6, 10, 7], [7, 22, 8, 1], [1, 8, 2, 9], [15, 11, 16, 10], [13, 5, 14, 4], [5, 15, 6, 14]]"
11a_22_179,"[[5, 15, 6, 14], [17, 13, 18, 12], [11, 17, 12, 16], [19, 3, 20, 2], [21, 19, 22, 18], [3, 21, 4, 20], [9, 6, 10, 7], [7, 22, 8, 1], [1, 8, 2, 9], [15, 11, 16, 10], [13, 5, 14, 4]]"
11a_22_180,"[[13, 5, 14, 4], [5, 15, 6, 14], [17, 13, 18, 12], [11, 17, 12, 16], [19, 3, 20, 2], [21, 19, 22, 18], [3, 21, 4, 20], [9, 6, 10, 7], [7, 22, 8, 1], [1, 8, 2, 9], [15, 11, 16, 10]]"
11a_22_181,"[[15, 11, 16, 10], [13, 5, 14, 4], [5, 15, 6, 14], [17, 13, 18, 12], [11, 17, 12, 16], [19, 3, 20, 2], [21, 19, 22, 18], [3, 21, 4, 20], [9, 6, 10, 7], [7, 22, 8, 1], [1, 8, 2, 9]]"
11a_22_182,"[[1, 8, 2, 9], [15, 11, 16, 10], [13, 5, 14, 4], [5, 15, 6, 14], [17, 13, 18, 12], [11, 17, 12, 16], [19, 3, 20, 2], [21, 19, 22, 18], [3, 21, 4, 20], [9, 6, 10, 7], [7, 22, 8, 1]]"
11a_22_183,"[[7, 22, 8, 1], [1, 8, 2, 9], [15, 11, 16, 10], [13, 5, 14, 4], [5, 15, 6, 14], [17, 13, 18, 12], [11, 17, 12, 16], [19, 3, 20, 2], [21, 19, 22, 18], [3, 21, 4, 20], [9, 6, 10, 7]]"
11a_22_184,"[[9, 6, 10, 7], [7, 22, 8, 1], [1, 8, 2, 9], [15, 11, 16, 10], [13, 5, 14, 4], [5, 15, 6, 14], [17, 13, 18, 12], [11, 17, 12, 16], [19, 3, 20, 2], [21, 19, 22, 18], [3, 21, 4, 20]]"
11a_22_185,"[[3, 21, 4, 20], [9, 6, 10, 7], [7, 22, 8, 1], [1, 8, 2, 9], [15, 11, 16, 10], [13, 5, 14, 4], [5, 15, 6, 14], [17, 13, 18, 12], [11, 17, 12, 16], [19, 3, 20, 2], [21, 19, 22, 18]]"
11a_22_186,"[[21, 19, 22, 18], [3, 21, 4, 20], [9, 6, 10, 7], [7, 22, 8, 1], [1, 8, 2, 9], [15, 11, 16, 10], [13, 5, 14, 4], [5, 15, 6, 14], [17, 13, 18, 12], [11, 17, 12, 16], [19, 3, 20, 2]]"
11a_22_187,"[[20, 4, 21, 3], [22, 20, 1, 19], [4, 22, 5, 21], [10, 7, 11, 8], [8, 1, 9, 2], [2, 9, 3, 10], [16, 12, 17, 11], [14, 6, 15, 5], [6, 16, 7, 15], [18, 14, 19, 13], [12, 18, 13, 17]]"
11a_22_188,"[[12, 18, 13, 17], [20, 4, 21, 3], [22, 20, 1, 19], [4, 22, 5, 21], [10, 7, 11, 8], [8, 1, 9, 2], [2, 9, 3, 10], [16, 12, 17, 11], [14, 6, 15, 5], [6, 16, 7, 15], [18, 14, 19, 13]]"
11a_22_189,"[[18, 14, 19, 13], [12, 18, 13, 17], [20, 4, 21, 3], [22, 20, 1, 19], [4, 22, 5, 21], [10, 7, 11, 8], [8, 1, 9, 2], [2, 9, 3, 10], [16, 12, 17, 11], [14, 6, 15, 5], [6, 16, 7, 15]]"
11a_22_190,"[[6, 16, 7, 15], [18, 14, 19, 13], [12, 18, 13, 17], [20, 4, 21, 3], [22, 20, 1, 19], [4, 22, 5, 21], [10, 7, 11, 8], [8, 1, 9, 2], [2, 9, 3, 10], [16, 12, 17, 11], [14, 6, 15, 5]]"
11a_22_191,"[[14, 6, 15, 5], [6, 16, 7, 15], [18, 14, 19, 13], [12, 18, 13, 17], [20, 4, 21, 3], [22, 20, 1, 19], [4, 22, 5, 21], [10, 7, 11, 8], [8, 1, 9, 2], [2, 9, 3, 10], [16, 12, 17, 11]]"
11a_22_192,"[[16, 12, 17, 11], [14, 6, 15, 5], [6, 16, 7, 15], [18, 14, 19, 13], [12, 18, 13, 17], [20, 4, 21, 3], [22, 20, 1, 19], [4, 22, 5, 21], [10, 7, 11, 8], [8, 1, 9, 2], [2, 9, 3, 10]]"
11a_22_193,"[[2, 9, 3, 10], [16, 12, 17, 11], [14, 6, 15, 5], [6, 16, 7, 15], [18, 14, 19, 13], [12, 18, 13, 17], [20, 4, 21, 3], [22, 20, 1, 19], [4, 22, 5, 21], [10, 7, 11, 8], [8, 1, 9, 2]]"
11a_22_194,"[[8, 1, 9, 2], [2, 9, 3, 10], [16, 12, 17, 11], [14, 6, 15, 5], [6, 16, 7, 15], [18, 14, 19, 13], [12, 18, 13, 17], [20, 4, 21, 3], [22, 20, 1, 19], [4, 22, 5, 21], [10, 7, 11, 8]]"
11a_22_195,"[[10, 7, 11, 8], [8, 1, 9, 2], [2, 9, 3, 10], [16, 12, 17, 11], [14, 6, 15, 5], [6, 16, 7, 15], [18, 14, 19, 13], [12, 18, 13, 17], [20, 4, 21, 3], [22, 20, 1, 19], [4, 22, 5, 21]]"
11a_22_196,"[[4, 22, 5, 21], [10, 7, 11, 8], [8, 1, 9, 2], [2, 9, 3, 10], [16, 12, 17, 11], [14, 6, 15, 5], [6, 16, 7, 15], [18, 14, 19, 13], [12, 18, 13, 17], [20, 4, 21, 3], [22, 20, 1, 19]]"
11a_22_197,"[[22, 20, 1, 19], [4, 22, 5, 21], [10, 7, 11, 8], [8, 1, 9, 2], [2, 9, 3, 10], [16, 12, 17, 11], [14, 6, 15, 5], [6, 16, 7, 15], [18, 14, 19, 13], [12, 18, 13, 17], [20, 4, 21, 3]]"
11a_22_198,"[[21, 5, 22, 4], [1, 21, 2, 20], [5, 1, 6, 22], [11, 8, 12, 9], [9, 2, 10, 3], [3, 10, 4, 11], [17, 13, 18, 12], [15, 7, 16, 6], [7, 17, 8, 16], [19, 15, 20, 14], [13, 19, 14, 18]]"
11a_22_199,"[[13, 19, 14, 18], [21, 5, 22, 4], [1, 21, 2, 20], [5, 1, 6, 22], [11, 8, 12, 9], [9, 2, 10, 3], [3, 10, 4, 11], [17, 13, 18, 12], [15, 7, 16, 6], [7, 17, 8, 16], [19, 15, 20, 14]]"
11a_22_200,"[[19, 15, 20, 14], [13, 19, 14, 18], [21, 5, 22, 4], [1, 21, 2, 20], [5, 1, 6, 22], [11, 8, 12, 9], [9, 2, 10, 3], [3, 10, 4, 11], [17, 13, 18, 12], [15, 7, 16, 6], [7, 17, 8, 16]]"
11a_22_201,"[[7, 17, 8, 16], [19, 15, 20, 14], [13, 19, 14, 18], [21, 5, 22, 4], [1, 21, 2, 20], [5, 1, 6, 22], [11, 8, 12, 9], [9, 2, 10, 3], [3, 10, 4, 11], [17, 13, 18, 12], [15, 7, 16, 6]]"
11a_22_202,"[[15, 7, 16, 6], [7, 17, 8, 16], [19, 15, 20, 14], [13, 19, 14, 18], [21, 5, 22, 4], [1, 21, 2, 20], [5, 1, 6, 22], [11, 8, 12, 9], [9, 2, 10, 3], [3, 10, 4, 11], [17, 13, 18, 12]]"
11a_22_203,"[[17, 13, 18, 12], [15, 7, 16, 6], [7, 17, 8, 16], [19, 15, 20, 14], [13, 19, 14, 18], [21, 5, 22, 4], [1, 21, 2, 20], [5, 1, 6, 22], [11, 8, 12, 9], [9, 2, 10, 3], [3, 10, 4, 11]]"
11a_22_204,"[[3, 10, 4, 11], [17, 13, 18, 12], [15, 7, 16, 6], [7, 17, 8, 16], [19, 15, 20, 14], [13, 19, 14, 18], [21, 5, 22, 4], [1, 21, 2, 20], [5, 1, 6, 22], [11, 8, 12, 9], [9, 2, 10, 3]]"
