name,pd_notation
11a_47_0,"[[3, 9, 4, 8], [5, 3, 6, 2], [9, 5, 10, 4], [21, 10, 22, 11], [15, 6, 16, 7], [7, 16, 8, 17], [19, 15, 20, 14], [17, 21, 18, 20], [13, 19, 14, 18], [1, 12, 2, 13], [11, 22, 12, 1]]"
11a_47_1,"[[11, 22, 12, 1], [3, 9, 4, 8], [5, 3, 6, 2], [9, 5, 10, 4], [21, 10, 22, 11], [15, 6, 16, 7], [7, 16, 8, 17], [19, 15, 20, 14], [17, 21, 18, 20], [13, 19, 14, 18], [1, 12, 2, 13]]"
11a_47_2,"[[1, 12, 2, 13], [11, 22, 12, 1], [3, 9, 4, 8], [5, 3, 6, 2], [9, 5, 10, 4], [21, 10, 22, 11], [15, 6, 16, 7], [7, 16, 8, 17], [19, 15, 20, 14], [17, 21, 18, 20], [13, 19, 14, 18]]"
11a_47_3,"[[13, 19, 14, 18], [1, 12, 2, 13], [11, 22, 12, 1], [3, 9, 4, 8], [5, 3, 6, 2], [9, 5, 10, 4], [21, 10, 22, 11], [15, 6, 16, 7], [7, 16, 8, 17], [19, 15, 20, 14], [17, 21, 18, 20]]"
11a_47_4,"[[17, 21, 18, 20], [13, 19, 14, 18], [1, 12, 2, 13], [11, 22, 12, 1], [3, 9, 4, 8], [5, 3, 6, 2], [9, 5, 10, 4], [21, 10, 22, 11], [15, 6, 16, 7], [7, 16, 8, 17], [19, 15, 20, 14]]"
11a_47_5,"[[19, 15, 20, 14], [17, 21, 18, 20], [13, 19, 14, 18], [1, 12, 2, 13], [11, 22, 12, 1], [3, 9, 4, 8], [5, 3, 6, 2], [9, 5, 10, 4], [21, 10, 22, 11], [15, 6, 16, 7], [7, 16, 8, 17]]"
11a_47_6,"[[7, 16, 8, 17], [19, 15, 20, 14], [17, 21, 18, 20], [13, 19, 14, 18], [1, 12, 2, 13], [11, 22, 12, 1], [3, 9, 4, 8], [5, 3, 6, 2], [9, 5, 10, 4], [21, 10, 22, 11], [15, 6, 16, 7]]"
11a_47_7,"[[15, 6, 16, 7], [7, 16, 8, 17], [19, 15, 20, 14], [17, 21, 18, 20], [13, 19, 14, 18], [1, 12, 2, 13], [11, 22, 12, 1], [3, 9, 4, 8], [5, 3, 6, 2], [9, 5, 10, 4], [21, 10, 22, 11]]"
11a_47_8,"[[21, 10, 22, 11], [15, 6, 16, 7], [7, 16, 8, 17], [19, 15, 20, 14], [17, 21, 18, 20], [13, 19, 14, 18], [1, 12, 2, 13], [11, 22, 12, 1], [3, 9, 4, 8], [5, 3, 6, 2], [9, 5, 10, 4]]"
11a_47_9,"[[9, 5, 10, 4], [21, 10, 22, 11], [15, 6, 16, 7], [7, 16, 8, 17], [19, 15, 20, 14], [17, 21, 18, 20], [13, 19, 14, 18], [1, 12, 2, 13], [11, 22, 12, 1], [3, 9, 4, 8], [5, 3, 6, 2]]"
11a_47_10,"[[5, 3, 6, 2], [9, 5, 10, 4], [21, 10, 22, 11], [15, 6, 16, 7], [7, 16, 8, 17], [19, 15, 20, 14], [17, 21, 18, 20], [13, 19, 14, 18], [1, 12, 2, 13], [11, 22, 12, 1], [3, 9, 4, 8]]"
11a_47_11,"[[4, 10, 5, 9], [6, 4, 7, 3], [10, 6, 11, 5], [22, 11, 1, 12], [16, 7, 17, 8], [8, 17, 9, 18], [20, 16, 21, 15], [18, 22, 19, 21], [14, 20, 15, 19], [2, 13, 3, 14], [12, 1, 13, 2]]"
11a_47_12,"[[12, 1, 13, 2], [4, 10, 5, 9], [6, 4, 7, 3], [10, 6, 11, 5], [22, 11, 1, 12], [16, 7, 17, 8], [8, 17, 9, 18], [20, 16, 21, 15], [18, 22, 19, 21], [14, 20, 15, 19], [2, 13, 3, 14]]"
11a_47_13,"[[2, 13, 3, 14], [12, 1, 13, 2], [4, 10, 5, 9], [6, 4, 7, 3], [10, 6, 11, 5], [22, 11, 1, 12], [16, 7, 17, 8], [8, 17, 9, 18], [20, 16, 21, 15], [18, 22, 19, 21], [14, 20, 15, 19]]"
11a_47_14,"[[14, 20, 15, 19], [2, 13, 3, 14], [12, 1, 13, 2], [4, 10, 5, 9], [6, 4, 7, 3], [10, 6, 11, 5], [22, 11, 1, 12], [16, 7, 17, 8], [8, 17, 9, 18], [20, 16, 21, 15], [18, 22, 19, 21]]"
11a_47_15,"[[18, 22, 19, 21], [14, 20, 15, 19], [2, 13, 3, 14], [12, 1, 13, 2], [4, 10, 5, 9], [6, 4, 7, 3], [10, 6, 11, 5], [22, 11, 1, 12], [16, 7, 17, 8], [8, 17, 9, 18], [20, 16, 21, 15]]"
11a_47_16,"[[20, 16, 21, 15], [18, 22, 19, 21], [14, 20, 15, 19], [2, 13, 3, 14], [12, 1, 13, 2], [4, 10, 5, 9], [6, 4, 7, 3], [10, 6, 11, 5], [22, 11, 1, 12], [16, 7, 17, 8], [8, 17, 9, 18]]"
11a_47_17,"[[8, 17, 9, 18], [20, 16, 21, 15], [18, 22, 19, 21], [14, 20, 15, 19], [2, 13, 3, 14], [12, 1, 13, 2], [4, 10, 5, 9], [6, 4, 7, 3], [10, 6, 11, 5], [22, 11, 1, 12], [16, 7, 17, 8]]"
11a_47_18,"[[16, 7, 17, 8], [8, 17, 9, 18], [20, 16, 21, 15], [18, 22, 19, 21], [14, 20, 15, 19], [2, 13, 3, 14], [12, 1, 13, 2], [4, 10, 5, 9], [6, 4, 7, 3], [10, 6, 11, 5], [22, 11, 1, 12]]"
11a_47_19,"[[22, 11, 1, 12], [16, 7, 17, 8], [8, 17, 9, 18], [20, 16, 21, 15], [18, 22, 19, 21], [14, 20, 15, 19], [2, 13, 3, 14], [12, 1, 13, 2], [4, 10, 5, 9], [6, 4, 7, 3], [10, 6, 11, 5]]"
11a_47_20,"[[10, 6, 11, 5], [22, 11, 1, 12], [16, 7, 17, 8], [8, 17, 9, 18], [20, 16, 21, 15], [18, 22, 19, 21], [14, 20, 15, 19], [2, 13, 3, 14], [12, 1, 13, 2], [4, 10, 5, 9], [6, 4, 7, 3]]"
11a_47_21,"[[6, 4, 7, 3], [10, 6, 11, 5], [22, 11, 1, 12], [16, 7, 17, 8], [8, 17, 9, 18], [20, 16, 21, 15], [18, 22, 19, 21], [14, 20, 15, 19], [2, 13, 3, 14], [12, 1, 13, 2], [4, 10, 5, 9]]"
11a_47_22,"[[5, 11, 6, 10], [7, 5, 8, 4], [11, 7, 12, 6], [1, 12, 2, 13], [17, 8, 18, 9], [9, 18, 10, 19], [21, 17, 22, 16], [19, 1, 20, 22], [15, 21, 16, 20], [3, 14, 4, 15], [13, 2, 14, 3]]"
11a_47_23,"[[13, 2, 14, 3], [5, 11, 6, 10], [7, 5, 8, 4], [11, 7, 12, 6], [1, 12, 2, 13], [17, 8, 18, 9], [9, 18, 10, 19], [21, 17, 22, 16], [19, 1, 20, 22], [15, 21, 16, 20], [3, 14, 4, 15]]"
11a_47_24,"[[3, 14, 4, 15], [13, 2, 14, 3], [5, 11, 6, 10], [7, 5, 8, 4], [11, 7, 12, 6], [1, 12, 2, 13], [17, 8, 18, 9], [9, 18, 10, 19], [21, 17, 22, 16], [19, 1, 20, 22], [15, 21, 16, 20]]"
11a_47_25,"[[15, 21, 16, 20], [3, 14, 4, 15], [13, 2, 14, 3], [5, 11, 6, 10], [7, 5, 8, 4], [11, 7, 12, 6], [1, 12, 2, 13], [17, 8, 18, 9], [9, 18, 10, 19], [21, 17, 22, 16], [19, 1, 20, 22]]"
11a_47_26,"[[19, 1, 20, 22], [15, 21, 16, 20], [3, 14, 4, 15], [13, 2, 14, 3], [5, 11, 6, 10], [7, 5, 8, 4], [11, 7, 12, 6], [1, 12, 2, 13], [17, 8, 18, 9], [9, 18, 10, 19], [21, 17, 22, 16]]"
11a_47_27,"[[21, 17, 22, 16], [19, 1, 20, 22], [15, 21, 16, 20], [3, 14, 4, 15], [13, 2, 14, 3], [5, 11, 6, 10], [7, 5, 8, 4], [11, 7, 12, 6], [1, 12, 2, 13], [17, 8, 18, 9], [9, 18, 10, 19]]"
11a_47_28,"[[9, 18, 10, 19], [21, 17, 22, 16], [19, 1, 20, 22], [15, 21, 16, 20], [3, 14, 4, 15], [13, 2, 14, 3], [5, 11, 6, 10], [7, 5, 8, 4], [11, 7, 12, 6], [1, 12, 2, 13], [17, 8, 18, 9]]"
11a_47_29,"[[17, 8, 18, 9], [9, 18, 10, 19], [21, 17, 22, 16], [19, 1, 20, 22], [15, 21, 16, 20], [3, 14, 4, 15], [13, 2, 14, 3], [5, 11, 6, 10], [7, 5, 8, 4], [11, 7, 12, 6], [1, 12, 2, 13]]"
11a_47_30,"[[1, 12, 2, 13], [17, 8, 18, 9], [9, 18, 10, 19], [21, 17, 22, 16], [19, 1, 20, 22], [15, 21, 16, 20], [3, 14, 4, 15], [13, 2, 14, 3], [5, 11, 6, 10], [7, 5, 8, 4], [11, 7, 12, 6]]"
11a_47_31,"[[11, 7, 12, 6], [1, 12, 2, 13], [17, 8, 18, 9], [9, 18, 10, 19], [21, 17, 22, 16], [19, 1, 20, 22], [15, 21, 16, 20], [3, 14, 4, 15], [13, 2, 14, 3], [5, 11, 6, 10], [7, 5, 8, 4]]"
11a_47_32,"[[7, 5, 8, 4], [11, 7, 12, 6], [1, 12, 2, 13], [17, 8, 18, 9], [9, 18, 10, 19], [21, 17, 22, 16], [19, 1, 20, 22], [15, 21, 16, 20], [3, 14, 4, 15], [13, 2, 14, 3], [5, 11, 6, 10]]"
11a_47_33,"[[6, 12, 7, 11], [8, 6, 9, 5], [12, 8, 13, 7], [2, 13, 3, 14], [18, 9, 19, 10], [10, 19, 11, 20], [22, 18, 1, 17], [20, 2, 21, 1], [16, 22, 17, 21], [4, 15, 5, 16], [14, 3, 15, 4]]"
11a_47_34,"[[14, 3, 15, 4], [6, 12, 7, 11], [8, 6, 9, 5], [12, 8, 13, 7], [2, 13, 3, 14], [18, 9, 19, 10], [10, 19, 11, 20], [22, 18, 1, 17], [20, 2, 21, 1], [16, 22, 17, 21], [4, 15, 5, 16]]"
11a_47_35,"[[4, 15, 5, 16], [14, 3, 15, 4], [6, 12, 7, 11], [8, 6, 9, 5], [12, 8, 13, 7], [2, 13, 3, 14], [18, 9, 19, 10], [10, 19, 11, 20], [22, 18, 1, 17], [20, 2, 21, 1], [16, 22, 17, 21]]"
11a_47_36,"[[16, 22, 17, 21], [4, 15, 5, 16], [14, 3, 15, 4], [6, 12, 7, 11], [8, 6, 9, 5], [12, 8, 13, 7], [2, 13, 3, 14], [18, 9, 19, 10], [10, 19, 11, 20], [22, 18, 1, 17], [20, 2, 21, 1]]"
11a_47_37,"[[20, 2, 21, 1], [16, 22, 17, 21], [4, 15, 5, 16], [14, 3, 15, 4], [6, 12, 7, 11], [8, 6, 9, 5], [12, 8, 13, 7], [2, 13, 3, 14], [18, 9, 19, 10], [10, 19, 11, 20], [22, 18, 1, 17]]"
11a_47_38,"[[22, 18, 1, 17], [20, 2, 21, 1], [16, 22, 17, 21], [4, 15, 5, 16], [14, 3, 15, 4], [6, 12, 7, 11], [8, 6, 9, 5], [12, 8, 13, 7], [2, 13, 3, 14], [18, 9, 19, 10], [10, 19, 11, 20]]"
11a_47_39,"[[10, 19, 11, 20], [22, 18, 1, 17], [20, 2, 21, 1], [16, 22, 17, 21], [4, 15, 5, 16], [14, 3, 15, 4], [6, 12, 7, 11], [8, 6, 9, 5], [12, 8, 13, 7], [2, 13, 3, 14], [18, 9, 19, 10]]"
11a_47_40,"[[18, 9, 19, 10], [10, 19, 11, 20], [22, 18, 1, 17], [20, 2, 21, 1], [16, 22, 17, 21], [4, 15, 5, 16], [14, 3, 15, 4], [6, 12, 7, 11], [8, 6, 9, 5], [12, 8, 13, 7], [2, 13, 3, 14]]"
11a_47_41,"[[2, 13, 3, 14], [18, 9, 19, 10], [10, 19, 11, 20], [22, 18, 1, 17], [20, 2, 21, 1], [16, 22, 17, 21], [4, 15, 5, 16], [14, 3, 15, 4], [6, 12, 7, 11], [8, 6, 9, 5], [12, 8, 13, 7]]"
11a_47_42,"[[12, 8, 13, 7], [2, 13, 3, 14], [18, 9, 19, 10], [10, 19, 11, 20], [22, 18, 1, 17], [20, 2, 21, 1], [16, 22, 17, 21], [4, 15, 5, 16], [14, 3, 15, 4], [6, 12, 7, 11], [8, 6, 9, 5]]"
11a_47_43,"[[8, 6, 9, 5], [12, 8, 13, 7], [2, 13, 3, 14], [18, 9, 19, 10], [10, 19, 11, 20], [22, 18, 1, 17], [20, 2, 21, 1], [16, 22, 17, 21], [4, 15, 5, 16], [14, 3, 15, 4], [6, 12, 7, 11]]"
11a_47_44,"[[7, 13, 8, 12], [9, 7, 10, 6], [13, 9, 14, 8], [3, 14, 4, 15], [19, 10, 20, 11], [11, 20, 12, 21], [1, 19, 2, 18], [21, 3, 22, 2], [17, 1, 18, 22], [5, 16, 6, 17], [15, 4, 16, 5]]"
11a_47_45,"[[15, 4, 16, 5], [7, 13, 8, 12], [9, 7, 10, 6], [13, 9, 14, 8], [3, 14, 4, 15], [19, 10, 20, 11], [11, 20, 12, 21], [1, 19, 2, 18], [21, 3, 22, 2], [17, 1, 18, 22], [5, 16, 6, 17]]"
11a_47_46,"[[5, 16, 6, 17], [15, 4, 16, 5], [7, 13, 8, 12], [9, 7, 10, 6], [13, 9, 14, 8], [3, 14, 4, 15], [19, 10, 20, 11], [11, 20, 12, 21], [1, 19, 2, 18], [21, 3, 22, 2], [17, 1, 18, 22]]"
11a_47_47,"[[17, 1, 18, 22], [5, 16, 6, 17], [15, 4, 16, 5], [7, 13, 8, 12], [9, 7, 10, 6], [13, 9, 14, 8], [3, 14, 4, 15], [19, 10, 20, 11], [11, 20, 12, 21], [1, 19, 2, 18], [21, 3, 22, 2]]"
11a_47_48,"[[21, 3, 22, 2], [17, 1, 18, 22], [5, 16, 6, 17], [15, 4, 16, 5], [7, 13, 8, 12], [9, 7, 10, 6], [13, 9, 14, 8], [3, 14, 4, 15], [19, 10, 20, 11], [11, 20, 12, 21], [1, 19, 2, 18]]"
11a_47_49,"[[1, 19, 2, 18], [21, 3, 22, 2], [17, 1, 18, 22], [5, 16, 6, 17], [15, 4, 16, 5], [7, 13, 8, 12], [9, 7, 10, 6], [13, 9, 14, 8], [3, 14, 4, 15], [19, 10, 20, 11], [11, 20, 12, 21]]"
11a_47_50,"[[11, 20, 12, 21], [1, 19, 2, 18], [21, 3, 22, 2], [17, 1, 18, 22], [5, 16, 6, 17], [15, 4, 16, 5], [7, 13, 8, 12], [9, 7, 10, 6], [13, 9, 14, 8], [3, 14, 4, 15], [19, 10, 20, 11]]"
11a_47_51,"[[19, 10, 20, 11], [11, 20, 12, 21], [1, 19, 2, 18], [21, 3, 22, 2], [17, 1, 18, 22], [5, 16, 6, 17], [15, 4, 16, 5], [7, 13, 8, 12], [9, 7, 10, 6], [13, 9, 14, 8], [3, 14, 4, 15]]"
11a_47_52,"[[3, 14, 4, 15], [19, 10, 20, 11], [11, 20, 12, 21], [1, 19, 2, 18], [21, 3, 22, 2], [17, 1, 18, 22], [5, 16, 6, 17], [15, 4, 16, 5], [7, 13, 8, 12], [9, 7, 10, 6], [13, 9, 14, 8]]"
11a_47_53,"[[13, 9, 14, 8], [3, 14, 4, 15], [19, 10, 20, 11], [11, 20, 12, 21], [1, 19, 2, 18], [21, 3, 22, 2], [17, 1, 18, 22], [5, 16, 6, 17], [15, 4, 16, 5], [7, 13, 8, 12], [9, 7, 10, 6]]"
11a_47_54,"[[9, 7, 10, 6], [13, 9, 14, 8], [3, 14, 4, 15], [19, 10, 20, 11], [11, 20, 12, 21], [1, 19, 2, 18], [21, 3, 22, 2], [17, 1, 18, 22], [5, 16, 6, 17], [15, 4, 16, 5], [7, 13, 8, 12]]"
11a_47_55,"[[8, 14, 9, 13], [10, 8, 11, 7], [14, 10, 15, 9], [4, 15, 5, 16], [20, 11, 21, 12], [12, 21, 13, 22], [2, 20, 3, 19], [22, 4, 1, 3], [18, 2, 19, 1], [6, 17, 7, 18], [16, 5, 17, 6]]"
11a_47_56,"[[16, 5, 17, 6], [8, 14, 9, 13], [10, 8, 11, 7], [14, 10, 15, 9], [4, 15, 5, 16], [20, 11, 21, 12], [12, 21, 13, 22], [2, 20, 3, 19], [22, 4, 1, 3], [18, 2, 19, 1], [6, 17, 7, 18]]"
11a_47_57,"[[6, 17, 7, 18], [16, 5, 17, 6], [8, 14, 9, 13], [10, 8, 11, 7], [14, 10, 15, 9], [4, 15, 5, 16], [20, 11, 21, 12], [12, 21, 13, 22], [2, 20, 3, 19], [22, 4, 1, 3], [18, 2, 19, 1]]"
11a_47_58,"[[18, 2, 19, 1], [6, 17, 7, 18], [16, 5, 17, 6], [8, 14, 9, 13], [10, 8, 11, 7], [14, 10, 15, 9], [4, 15, 5, 16], [20, 11, 21, 12], [12, 21, 13, 22], [2, 20, 3, 19], [22, 4, 1, 3]]"
11a_47_59,"[[22, 4, 1, 3], [18, 2, 19, 1], [6, 17, 7, 18], [16, 5, 17, 6], [8, 14, 9, 13], [10, 8, 11, 7], [14, 10, 15, 9], [4, 15, 5, 16], [20, 11, 21, 12], [12, 21, 13, 22], [2, 20, 3, 19]]"
11a_47_60,"[[2, 20, 3, 19], [22, 4, 1, 3], [18, 2, 19, 1], [6, 17, 7, 18], [16, 5, 17, 6], [8, 14, 9, 13], [10, 8, 11, 7], [14, 10, 15, 9], [4, 15, 5, 16], [20, 11, 21, 12], [12, 21, 13, 22]]"
11a_47_61,"[[12, 21, 13, 22], [2, 20, 3, 19], [22, 4, 1, 3], [18, 2, 19, 1], [6, 17, 7, 18], [16, 5, 17, 6], [8, 14, 9, 13], [10, 8, 11, 7], [14, 10, 15, 9], [4, 15, 5, 16], [20, 11, 21, 12]]"
11a_47_62,"[[20, 11, 21, 12], [12, 21, 13, 22], [2, 20, 3, 19], [22, 4, 1, 3], [18, 2, 19, 1], [6, 17, 7, 18], [16, 5, 17, 6], [8, 14, 9, 13], [10, 8, 11, 7], [14, 10, 15, 9], [4, 15, 5, 16]]"
11a_47_63,"[[4, 15, 5, 16], [20, 11, 21, 12], [12, 21, 13, 22], [2, 20, 3, 19], [22, 4, 1, 3], [18, 2, 19, 1], [6, 17, 7, 18], [16, 5, 17, 6], [8, 14, 9, 13], [10, 8, 11, 7], [14, 10, 15, 9]]"
11a_47_64,"[[14, 10, 15, 9], [4, 15, 5, 16], [20, 11, 21, 12], [12, 21, 13, 22], [2, 20, 3, 19], [22, 4, 1, 3], [18, 2, 19, 1], [6, 17, 7, 18], [16, 5, 17, 6], [8, 14, 9, 13], [10, 8, 11, 7]]"
11a_47_65,"[[10, 8, 11, 7], [14, 10, 15, 9], [4, 15, 5, 16], [20, 11, 21, 12], [12, 21, 13, 22], [2, 20, 3, 19], [22, 4, 1, 3], [18, 2, 19, 1], [6, 17, 7, 18], [16, 5, 17, 6], [8, 14, 9, 13]]"
11a_47_66,"[[9, 15, 10, 14], [11, 9, 12, 8], [15, 11, 16, 10], [5, 16, 6, 17], [21, 12, 22, 13], [13, 22, 14, 1], [3, 21, 4, 20], [1, 5, 2, 4], [19, 3, 20, 2], [7, 18, 8, 19], [17, 6, 18, 7]]"
11a_47_67,"[[17, 6, 18, 7], [9, 15, 10, 14], [11, 9, 12, 8], [15, 11, 16, 10], [5, 16, 6, 17], [21, 12, 22, 13], [13, 22, 14, 1], [3, 21, 4, 20], [1, 5, 2, 4], [19, 3, 20, 2], [7, 18, 8, 19]]"
11a_47_68,"[[7, 18, 8, 19], [17, 6, 18, 7], [9, 15, 10, 14], [11, 9, 12, 8], [15, 11, 16, 10], [5, 16, 6, 17], [21, 12, 22, 13], [13, 22, 14, 1], [3, 21, 4, 20], [1, 5, 2, 4], [19, 3, 20, 2]]"
11a_47_69,"[[19, 3, 20, 2], [7, 18, 8, 19], [17, 6, 18, 7], [9, 15, 10, 14], [11, 9, 12, 8], [15, 11, 16, 10], [5, 16, 6, 17], [21, 12, 22, 13], [13, 22, 14, 1], [3, 21, 4, 20], [1, 5, 2, 4]]"
11a_47_70,"[[1, 5, 2, 4], [19, 3, 20, 2], [7, 18, 8, 19], [17, 6, 18, 7], [9, 15, 10, 14], [11, 9, 12, 8], [15, 11, 16, 10], [5, 16, 6, 17], [21, 12, 22, 13], [13, 22, 14, 1], [3, 21, 4, 20]]"
11a_47_71,"[[3, 21, 4, 20], [1, 5, 2, 4], [19, 3, 20, 2], [7, 18, 8, 19], [17, 6, 18, 7], [9, 15, 10, 14], [11, 9, 12, 8], [15, 11, 16, 10], [5, 16, 6, 17], [21, 12, 22, 13], [13, 22, 14, 1]]"
11a_47_72,"[[13, 22, 14, 1], [3, 21, 4, 20], [1, 5, 2, 4], [19, 3, 20, 2], [7, 18, 8, 19], [17, 6, 18, 7], [9, 15, 10, 14], [11, 9, 12, 8], [15, 11, 16, 10], [5, 16, 6, 17], [21, 12, 22, 13]]"
11a_47_73,"[[21, 12, 22, 13], [13, 22, 14, 1], [3, 21, 4, 20], [1, 5, 2, 4], [19, 3, 20, 2], [7, 18, 8, 19], [17, 6, 18, 7], [9, 15, 10, 14], [11, 9, 12, 8], [15, 11, 16, 10], [5, 16, 6, 17]]"
11a_47_74,"[[5, 16, 6, 17], [21, 12, 22, 13], [13, 22, 14, 1], [3, 21, 4, 20], [1, 5, 2, 4], [19, 3, 20, 2], [7, 18, 8, 19], [17, 6, 18, 7], [9, 15, 10, 14], [11, 9, 12, 8], [15, 11, 16, 10]]"
11a_47_75,"[[15, 11, 16, 10], [5, 16, 6, 17], [21, 12, 22, 13], [13, 22, 14, 1], [3, 21, 4, 20], [1, 5, 2, 4], [19, 3, 20, 2], [7, 18, 8, 19], [17, 6, 18, 7], [9, 15, 10, 14], [11, 9, 12, 8]]"
11a_47_76,"[[11, 9, 12, 8], [15, 11, 16, 10], [5, 16, 6, 17], [21, 12, 22, 13], [13, 22, 14, 1], [3, 21, 4, 20], [1, 5, 2, 4], [19, 3, 20, 2], [7, 18, 8, 19], [17, 6, 18, 7], [9, 15, 10, 14]]"
11a_47_77,"[[10, 16, 11, 15], [12, 10, 13, 9], [16, 12, 17, 11], [6, 17, 7, 18], [22, 13, 1, 14], [14, 1, 15, 2], [4, 22, 5, 21], [2, 6, 3, 5], [20, 4, 21, 3], [8, 19, 9, 20], [18, 7, 19, 8]]"
11a_47_78,"[[18, 7, 19, 8], [10, 16, 11, 15], [12, 10, 13, 9], [16, 12, 17, 11], [6, 17, 7, 18], [22, 13, 1, 14], [14, 1, 15, 2], [4, 22, 5, 21], [2, 6, 3, 5], [20, 4, 21, 3], [8, 19, 9, 20]]"
11a_47_79,"[[8, 19, 9, 20], [18, 7, 19, 8], [10, 16, 11, 15], [12, 10, 13, 9], [16, 12, 17, 11], [6, 17, 7, 18], [22, 13, 1, 14], [14, 1, 15, 2], [4, 22, 5, 21], [2, 6, 3, 5], [20, 4, 21, 3]]"
11a_47_80,"[[20, 4, 21, 3], [8, 19, 9, 20], [18, 7, 19, 8], [10, 16, 11, 15], [12, 10, 13, 9], [16, 12, 17, 11], [6, 17, 7, 18], [22, 13, 1, 14], [14, 1, 15, 2], [4, 22, 5, 21], [2, 6, 3, 5]]"
11a_47_81,"[[2, 6, 3, 5], [20, 4, 21, 3], [8, 19, 9, 20], [18, 7, 19, 8], [10, 16, 11, 15], [12, 10, 13, 9], [16, 12, 17, 11], [6, 17, 7, 18], [22, 13, 1, 14], [14, 1, 15, 2], [4, 22, 5, 21]]"
11a_47_82,"[[4, 22, 5, 21], [2, 6, 3, 5], [20, 4, 21, 3], [8, 19, 9, 20], [18, 7, 19, 8], [10, 16, 11, 15], [12, 10, 13, 9], [16, 12, 17, 11], [6, 17, 7, 18], [22, 13, 1, 14], [14, 1, 15, 2]]"
11a_47_83,"[[14, 1, 15, 2], [4, 22, 5, 21], [2, 6, 3, 5], [20, 4, 21, 3], [8, 19, 9, 20], [18, 7, 19, 8], [10, 16, 11, 15], [12, 10, 13, 9], [16, 12, 17, 11], [6, 17, 7, 18], [22, 13, 1, 14]]"
11a_47_84,"[[22, 13, 1, 14], [14, 1, 15, 2], [4, 22, 5, 21], [2, 6, 3, 5], [20, 4, 21, 3], [8, 19, 9, 20], [18, 7, 19, 8], [10, 16, 11, 15], [12, 10, 13, 9], [16, 12, 17, 11], [6, 17, 7, 18]]"
11a_47_85,"[[6, 17, 7, 18], [22, 13, 1, 14], [14, 1, 15, 2], [4, 22, 5, 21], [2, 6, 3, 5], [20, 4, 21, 3], [8, 19, 9, 20], [18, 7, 19, 8], [10, 16, 11, 15], [12, 10, 13, 9], [16, 12, 17, 11]]"
11a_47_86,"[[16, 12, 17, 11], [6, 17, 7, 18], [22, 13, 1, 14], [14, 1, 15, 2], [4, 22, 5, 21], [2, 6, 3, 5], [20, 4, 21, 3], [8, 19, 9, 20], [18, 7, 19, 8], [10, 16, 11, 15], [12, 10, 13, 9]]"
11a_47_87,"[[12, 10, 13, 9], [16, 12, 17, 11], [6, 17, 7, 18], [22, 13, 1, 14], [14, 1, 15, 2], [4, 22, 5, 21], [2, 6, 3, 5], [20, 4, 21, 3], [8, 19, 9, 20], [18, 7, 19, 8], [10, 16, 11, 15]]"
11a_47_88,"[[11, 17, 12, 16], [13, 11, 14, 10], [17, 13, 18, 12], [7, 18, 8, 19], [1, 14, 2, 15], [15, 2, 16, 3], [5, 1, 6, 22], [3, 7, 4, 6], [21, 5, 22, 4], [9, 20, 10, 21], [19, 8, 20, 9]]"
11a_47_89,"[[19, 8, 20, 9], [11, 17, 12, 16], [13, 11, 14, 10], [17, 13, 18, 12], [7, 18, 8, 19], [1, 14, 2, 15], [15, 2, 16, 3], [5, 1, 6, 22], [3, 7, 4, 6], [21, 5, 22, 4], [9, 20, 10, 21]]"
11a_47_90,"[[9, 20, 10, 21], [19, 8, 20, 9], [11, 17, 12, 16], [13, 11, 14, 10], [17, 13, 18, 12], [7, 18, 8, 19], [1, 14, 2, 15], [15, 2, 16, 3], [5, 1, 6, 22], [3, 7, 4, 6], [21, 5, 22, 4]]"
11a_47_91,"[[21, 5, 22, 4], [9, 20, 10, 21], [19, 8, 20, 9], [11, 17, 12, 16], [13, 11, 14, 10], [17, 13, 18, 12], [7, 18, 8, 19], [1, 14, 2, 15], [15, 2, 16, 3], [5, 1, 6, 22], [3, 7, 4, 6]]"
11a_47_92,"[[3, 7, 4, 6], [21, 5, 22, 4], [9, 20, 10, 21], [19, 8, 20, 9], [11, 17, 12, 16], [13, 11, 14, 10], [17, 13, 18, 12], [7, 18, 8, 19], [1, 14, 2, 15], [15, 2, 16, 3], [5, 1, 6, 22]]"
11a_47_93,"[[5, 1, 6, 22], [3, 7, 4, 6], [21, 5, 22, 4], [9, 20, 10, 21], [19, 8, 20, 9], [11, 17, 12, 16], [13, 11, 14, 10], [17, 13, 18, 12], [7, 18, 8, 19], [1, 14, 2, 15], [15, 2, 16, 3]]"
11a_47_94,"[[15, 2, 16, 3], [5, 1, 6, 22], [3, 7, 4, 6], [21, 5, 22, 4], [9, 20, 10, 21], [19, 8, 20, 9], [11, 17, 12, 16], [13, 11, 14, 10], [17, 13, 18, 12], [7, 18, 8, 19], [1, 14, 2, 15]]"
11a_47_95,"[[1, 14, 2, 15], [15, 2, 16, 3], [5, 1, 6, 22], [3, 7, 4, 6], [21, 5, 22, 4], [9, 20, 10, 21], [19, 8, 20, 9], [11, 17, 12, 16], [13, 11, 14, 10], [17, 13, 18, 12], [7, 18, 8, 19]]"
11a_47_96,"[[7, 18, 8, 19], [1, 14, 2, 15], [15, 2, 16, 3], [5, 1, 6, 22], [3, 7, 4, 6], [21, 5, 22, 4], [9, 20, 10, 21], [19, 8, 20, 9], [11, 17, 12, 16], [13, 11, 14, 10], [17, 13, 18, 12]]"
11a_47_97,"[[17, 13, 18, 12], [7, 18, 8, 19], [1, 14, 2, 15], [15, 2, 16, 3], [5, 1, 6, 22], [3, 7, 4, 6], [21, 5, 22, 4], [9, 20, 10, 21], [19, 8, 20, 9], [11, 17, 12, 16], [13, 11, 14, 10]]"
11a_47_98,"[[13, 11, 14, 10], [17, 13, 18, 12], [7, 18, 8, 19], [1, 14, 2, 15], [15, 2, 16, 3], [5, 1, 6, 22], [3, 7, 4, 6], [21, 5, 22, 4], [9, 20, 10, 21], [19, 8, 20, 9], [11, 17, 12, 16]]"
11a_47_99,"[[12, 18, 13, 17], [14, 12, 15, 11], [18, 14, 19, 13], [8, 19, 9, 20], [2, 15, 3, 16], [16, 3, 17, 4], [6, 2, 7, 1], [4, 8, 5, 7], [22, 6, 1, 5], [10, 21, 11, 22], [20, 9, 21, 10]]"
11a_47_100,"[[20, 9, 21, 10], [12, 18, 13, 17], [14, 12, 15, 11], [18, 14, 19, 13], [8, 19, 9, 20], [2, 15, 3, 16], [16, 3, 17, 4], [6, 2, 7, 1], [4, 8, 5, 7], [22, 6, 1, 5], [10, 21, 11, 22]]"
11a_47_101,"[[10, 21, 11, 22], [20, 9, 21, 10], [12, 18, 13, 17], [14, 12, 15, 11], [18, 14, 19, 13], [8, 19, 9, 20], [2, 15, 3, 16], [16, 3, 17, 4], [6, 2, 7, 1], [4, 8, 5, 7], [22, 6, 1, 5]]"
11a_47_102,"[[22, 6, 1, 5], [10, 21, 11, 22], [20, 9, 21, 10], [12, 18, 13, 17], [14, 12, 15, 11], [18, 14, 19, 13], [8, 19, 9, 20], [2, 15, 3, 16], [16, 3, 17, 4], [6, 2, 7, 1], [4, 8, 5, 7]]"
11a_47_103,"[[4, 8, 5, 7], [22, 6, 1, 5], [10, 21, 11, 22], [20, 9, 21, 10], [12, 18, 13, 17], [14, 12, 15, 11], [18, 14, 19, 13], [8, 19, 9, 20], [2, 15, 3, 16], [16, 3, 17, 4], [6, 2, 7, 1]]"
11a_47_104,"[[6, 2, 7, 1], [4, 8, 5, 7], [22, 6, 1, 5], [10, 21, 11, 22], [20, 9, 21, 10], [12, 18, 13, 17], [14, 12, 15, 11], [18, 14, 19, 13], [8, 19, 9, 20], [2, 15, 3, 16], [16, 3, 17, 4]]"
11a_47_105,"[[16, 3, 17, 4], [6, 2, 7, 1], [4, 8, 5, 7], [22, 6, 1, 5], [10, 21, 11, 22], [20, 9, 21, 10], [12, 18, 13, 17], [14, 12, 15, 11], [18, 14, 19, 13], [8, 19, 9, 20], [2, 15, 3, 16]]"
11a_47_106,"[[2, 15, 3, 16], [16, 3, 17, 4], [6, 2, 7, 1], [4, 8, 5, 7], [22, 6, 1, 5], [10, 21, 11, 22], [20, 9, 21, 10], [12, 18, 13, 17], [14, 12, 15, 11], [18, 14, 19, 13], [8, 19, 9, 20]]"
11a_47_107,"[[8, 19, 9, 20], [2, 15, 3, 16], [16, 3, 17, 4], [6, 2, 7, 1], [4, 8, 5, 7], [22, 6, 1, 5], [10, 21, 11, 22], [20, 9, 21, 10], [12, 18, 13, 17], [14, 12, 15, 11], [18, 14, 19, 13]]"
11a_47_108,"[[18, 14, 19, 13], [8, 19, 9, 20], [2, 15, 3, 16], [16, 3, 17, 4], [6, 2, 7, 1], [4, 8, 5, 7], [22, 6, 1, 5], [10, 21, 11, 22], [20, 9, 21, 10], [12, 18, 13, 17], [14, 12, 15, 11]]"
11a_47_109,"[[14, 12, 15, 11], [18, 14, 19, 13], [8, 19, 9, 20], [2, 15, 3, 16], [16, 3, 17, 4], [6, 2, 7, 1], [4, 8, 5, 7], [22, 6, 1, 5], [10, 21, 11, 22], [20, 9, 21, 10], [12, 18, 13, 17]]"
11a_47_110,"[[13, 19, 14, 18], [15, 13, 16, 12], [19, 15, 20, 14], [9, 20, 10, 21], [3, 16, 4, 17], [17, 4, 18, 5], [7, 3, 8, 2], [5, 9, 6, 8], [1, 7, 2, 6], [11, 22, 12, 1], [21, 10, 22, 11]]"
11a_47_111,"[[21, 10, 22, 11], [13, 19, 14, 18], [15, 13, 16, 12], [19, 15, 20, 14], [9, 20, 10, 21], [3, 16, 4, 17], [17, 4, 18, 5], [7, 3, 8, 2], [5, 9, 6, 8], [1, 7, 2, 6], [11, 22, 12, 1]]"
11a_47_112,"[[11, 22, 12, 1], [21, 10, 22, 11], [13, 19, 14, 18], [15, 13, 16, 12], [19, 15, 20, 14], [9, 20, 10, 21], [3, 16, 4, 17], [17, 4, 18, 5], [7, 3, 8, 2], [5, 9, 6, 8], [1, 7, 2, 6]]"
11a_47_113,"[[1, 7, 2, 6], [11, 22, 12, 1], [21, 10, 22, 11], [13, 19, 14, 18], [15, 13, 16, 12], [19, 15, 20, 14], [9, 20, 10, 21], [3, 16, 4, 17], [17, 4, 18, 5], [7, 3, 8, 2], [5, 9, 6, 8]]"
11a_47_114,"[[5, 9, 6, 8], [1, 7, 2, 6], [11, 22, 12, 1], [21, 10, 22, 11], [13, 19, 14, 18], [15, 13, 16, 12], [19, 15, 20, 14], [9, 20, 10, 21], [3, 16, 4, 17], [17, 4, 18, 5], [7, 3, 8, 2]]"
11a_47_115,"[[7, 3, 8, 2], [5, 9, 6, 8], [1, 7, 2, 6], [11, 22, 12, 1], [21, 10, 22, 11], [13, 19, 14, 18], [15, 13, 16, 12], [19, 15, 20, 14], [9, 20, 10, 21], [3, 16, 4, 17], [17, 4, 18, 5]]"
11a_47_116,"[[17, 4, 18, 5], [7, 3, 8, 2], [5, 9, 6, 8], [1, 7, 2, 6], [11, 22, 12, 1], [21, 10, 22, 11], [13, 19, 14, 18], [15, 13, 16, 12], [19, 15, 20, 14], [9, 20, 10, 21], [3, 16, 4, 17]]"
11a_47_117,"[[3, 16, 4, 17], [17, 4, 18, 5], [7, 3, 8, 2], [5, 9, 6, 8], [1, 7, 2, 6], [11, 22, 12, 1], [21, 10, 22, 11], [13, 19, 14, 18], [15, 13, 16, 12], [19, 15, 20, 14], [9, 20, 10, 21]]"
11a_47_118,"[[9, 20, 10, 21], [3, 16, 4, 17], [17, 4, 18, 5], [7, 3, 8, 2], [5, 9, 6, 8], [1, 7, 2, 6], [11, 22, 12, 1], [21, 10, 22, 11], [13, 19, 14, 18], [15, 13, 16, 12], [19, 15, 20, 14]]"
11a_47_119,"[[19, 15, 20, 14], [9, 20, 10, 21], [3, 16, 4, 17], [17, 4, 18, 5], [7, 3, 8, 2], [5, 9, 6, 8], [1, 7, 2, 6], [11, 22, 12, 1], [21, 10, 22, 11], [13, 19, 14, 18], [15, 13, 16, 12]]"
11a_47_120,"[[15, 13, 16, 12], [19, 15, 20, 14], [9, 20, 10, 21], [3, 16, 4, 17], [17, 4, 18, 5], [7, 3, 8, 2], [5, 9, 6, 8], [1, 7, 2, 6], [11, 22, 12, 1], [21, 10, 22, 11], [13, 19, 14, 18]]"
11a_47_121,"[[14, 20, 15, 19], [16, 14, 17, 13], [20, 16, 21, 15], [10, 21, 11, 22], [4, 17, 5, 18], [18, 5, 19, 6], [8, 4, 9, 3], [6, 10, 7, 9], [2, 8, 3, 7], [12, 1, 13, 2], [22, 11, 1, 12]]"
11a_47_122,"[[22, 11, 1, 12], [14, 20, 15, 19], [16, 14, 17, 13], [20, 16, 21, 15], [10, 21, 11, 22], [4, 17, 5, 18], [18, 5, 19, 6], [8, 4, 9, 3], [6, 10, 7, 9], [2, 8, 3, 7], [12, 1, 13, 2]]"
11a_47_123,"[[12, 1, 13, 2], [22, 11, 1, 12], [14, 20, 15, 19], [16, 14, 17, 13], [20, 16, 21, 15], [10, 21, 11, 22], [4, 17, 5, 18], [18, 5, 19, 6], [8, 4, 9, 3], [6, 10, 7, 9], [2, 8, 3, 7]]"
11a_47_124,"[[2, 8, 3, 7], [12, 1, 13, 2], [22, 11, 1, 12], [14, 20, 15, 19], [16, 14, 17, 13], [20, 16, 21, 15], [10, 21, 11, 22], [4, 17, 5, 18], [18, 5, 19, 6], [8, 4, 9, 3], [6, 10, 7, 9]]"
11a_47_125,"[[6, 10, 7, 9], [2, 8, 3, 7], [12, 1, 13, 2], [22, 11, 1, 12], [14, 20, 15, 19], [16, 14, 17, 13], [20, 16, 21, 15], [10, 21, 11, 22], [4, 17, 5, 18], [18, 5, 19, 6], [8, 4, 9, 3]]"
11a_47_126,"[[8, 4, 9, 3], [6, 10, 7, 9], [2, 8, 3, 7], [12, 1, 13, 2], [22, 11, 1, 12], [14, 20, 15, 19], [16, 14, 17, 13], [20, 16, 21, 15], [10, 21, 11, 22], [4, 17, 5, 18], [18, 5, 19, 6]]"
11a_47_127,"[[18, 5, 19, 6], [8, 4, 9, 3], [6, 10, 7, 9], [2, 8, 3, 7], [12, 1, 13, 2], [22, 11, 1, 12], [14, 20, 15, 19], [16, 14, 17, 13], [20, 16, 21, 15], [10, 21, 11, 22], [4, 17, 5, 18]]"
11a_47_128,"[[4, 17, 5, 18], [18, 5, 19, 6], [8, 4, 9, 3], [6, 10, 7, 9], [2, 8, 3, 7], [12, 1, 13, 2], [22, 11, 1, 12], [14, 20, 15, 19], [16, 14, 17, 13], [20, 16, 21, 15], [10, 21, 11, 22]]"
11a_47_129,"[[10, 21, 11, 22], [4, 17, 5, 18], [18, 5, 19, 6], [8, 4, 9, 3], [6, 10, 7, 9], [2, 8, 3, 7], [12, 1, 13, 2], [22, 11, 1, 12], [14, 20, 15, 19], [16, 14, 17, 13], [20, 16, 21, 15]]"
11a_47_130,"[[20, 16, 21, 15], [10, 21, 11, 22], [4, 17, 5, 18], [18, 5, 19, 6], [8, 4, 9, 3], [6, 10, 7, 9], [2, 8, 3, 7], [12, 1, 13, 2], [22, 11, 1, 12], [14, 20, 15, 19], [16, 14, 17, 13]]"
11a_47_131,"[[16, 14, 17, 13], [20, 16, 21, 15], [10, 21, 11, 22], [4, 17, 5, 18], [18, 5, 19, 6], [8, 4, 9, 3], [6, 10, 7, 9], [2, 8, 3, 7], [12, 1, 13, 2], [22, 11, 1, 12], [14, 20, 15, 19]]"
11a_47_132,"[[15, 21, 16, 20], [17, 15, 18, 14], [21, 17, 22, 16], [11, 22, 12, 1], [5, 18, 6, 19], [19, 6, 20, 7], [9, 5, 10, 4], [7, 11, 8, 10], [3, 9, 4, 8], [13, 2, 14, 3], [1, 12, 2, 13]]"
11a_47_133,"[[1, 12, 2, 13], [15, 21, 16, 20], [17, 15, 18, 14], [21, 17, 22, 16], [11, 22, 12, 1], [5, 18, 6, 19], [19, 6, 20, 7], [9, 5, 10, 4], [7, 11, 8, 10], [3, 9, 4, 8], [13, 2, 14, 3]]"
11a_47_134,"[[13, 2, 14, 3], [1, 12, 2, 13], [15, 21, 16, 20], [17, 15, 18, 14], [21, 17, 22, 16], [11, 22, 12, 1], [5, 18, 6, 19], [19, 6, 20, 7], [9, 5, 10, 4], [7, 11, 8, 10], [3, 9, 4, 8]]"
11a_47_135,"[[3, 9, 4, 8], [13, 2, 14, 3], [1, 12, 2, 13], [15, 21, 16, 20], [17, 15, 18, 14], [21, 17, 22, 16], [11, 22, 12, 1], [5, 18, 6, 19], [19, 6, 20, 7], [9, 5, 10, 4], [7, 11, 8, 10]]"
11a_47_136,"[[7, 11, 8, 10], [3, 9, 4, 8], [13, 2, 14, 3], [1, 12, 2, 13], [15, 21, 16, 20], [17, 15, 18, 14], [21, 17, 22, 16], [11, 22, 12, 1], [5, 18, 6, 19], [19, 6, 20, 7], [9, 5, 10, 4]]"
11a_47_137,"[[9, 5, 10, 4], [7, 11, 8, 10], [3, 9, 4, 8], [13, 2, 14, 3], [1, 12, 2, 13], [15, 21, 16, 20], [17, 15, 18, 14], [21, 17, 22, 16], [11, 22, 12, 1], [5, 18, 6, 19], [19, 6, 20, 7]]"
11a_47_138,"[[19, 6, 20, 7], [9, 5, 10, 4], [7, 11, 8, 10], [3, 9, 4, 8], [13, 2, 14, 3], [1, 12, 2, 13], [15, 21, 16, 20], [17, 15, 18, 14], [21, 17, 22, 16], [11, 22, 12, 1], [5, 18, 6, 19]]"
11a_47_139,"[[5, 18, 6, 19], [19, 6, 20, 7], [9, 5, 10, 4], [7, 11, 8, 10], [3, 9, 4, 8], [13, 2, 14, 3], [1, 12, 2, 13], [15, 21, 16, 20], [17, 15, 18, 14], [21, 17, 22, 16], [11, 22, 12, 1]]"
11a_47_140,"[[11, 22, 12, 1], [5, 18, 6, 19], [19, 6, 20, 7], [9, 5, 10, 4], [7, 11, 8, 10], [3, 9, 4, 8], [13, 2, 14, 3], [1, 12, 2, 13], [15, 21, 16, 20], [17, 15, 18, 14], [21, 17, 22, 16]]"
11a_47_141,"[[21, 17, 22, 16], [11, 22, 12, 1], [5, 18, 6, 19], [19, 6, 20, 7], [9, 5, 10, 4], [7, 11, 8, 10], [3, 9, 4, 8], [13, 2, 14, 3], [1, 12, 2, 13], [15, 21, 16, 20], [17, 15, 18, 14]]"
11a_47_142,"[[17, 15, 18, 14], [21, 17, 22, 16], [11, 22, 12, 1], [5, 18, 6, 19], [19, 6, 20, 7], [9, 5, 10, 4], [7, 11, 8, 10], [3, 9, 4, 8], [13, 2, 14, 3], [1, 12, 2, 13], [15, 21, 16, 20]]"
11a_47_143,"[[16, 22, 17, 21], [18, 16, 19, 15], [22, 18, 1, 17], [12, 1, 13, 2], [6, 19, 7, 20], [20, 7, 21, 8], [10, 6, 11, 5], [8, 12, 9, 11], [4, 10, 5, 9], [14, 3, 15, 4], [2, 13, 3, 14]]"
11a_47_144,"[[2, 13, 3, 14], [16, 22, 17, 21], [18, 16, 19, 15], [22, 18, 1, 17], [12, 1, 13, 2], [6, 19, 7, 20], [20, 7, 21, 8], [10, 6, 11, 5], [8, 12, 9, 11], [4, 10, 5, 9], [14, 3, 15, 4]]"
11a_47_145,"[[14, 3, 15, 4], [2, 13, 3, 14], [16, 22, 17, 21], [18, 16, 19, 15], [22, 18, 1, 17], [12, 1, 13, 2], [6, 19, 7, 20], [20, 7, 21, 8], [10, 6, 11, 5], [8, 12, 9, 11], [4, 10, 5, 9]]"
11a_47_146,"[[4, 10, 5, 9], [14, 3, 15, 4], [2, 13, 3, 14], [16, 22, 17, 21], [18, 16, 19, 15], [22, 18, 1, 17], [12, 1, 13, 2], [6, 19, 7, 20], [20, 7, 21, 8], [10, 6, 11, 5], [8, 12, 9, 11]]"
11a_47_147,"[[8, 12, 9, 11], [4, 10, 5, 9], [14, 3, 15, 4], [2, 13, 3, 14], [16, 22, 17, 21], [18, 16, 19, 15], [22, 18, 1, 17], [12, 1, 13, 2], [6, 19, 7, 20], [20, 7, 21, 8], [10, 6, 11, 5]]"
11a_47_148,"[[10, 6, 11, 5], [8, 12, 9, 11], [4, 10, 5, 9], [14, 3, 15, 4], [2, 13, 3, 14], [16, 22, 17, 21], [18, 16, 19, 15], [22, 18, 1, 17], [12, 1, 13, 2], [6, 19, 7, 20], [20, 7, 21, 8]]"
11a_47_149,"[[20, 7, 21, 8], [10, 6, 11, 5], [8, 12, 9, 11], [4, 10, 5, 9], [14, 3, 15, 4], [2, 13, 3, 14], [16, 22, 17, 21], [18, 16, 19, 15], [22, 18, 1, 17], [12, 1, 13, 2], [6, 19, 7, 20]]"
11a_47_150,"[[6, 19, 7, 20], [20, 7, 21, 8], [10, 6, 11, 5], [8, 12, 9, 11], [4, 10, 5, 9], [14, 3, 15, 4], [2, 13, 3, 14], [16, 22, 17, 21], [18, 16, 19, 15], [22, 18, 1, 17], [12, 1, 13, 2]]"
11a_47_151,"[[12, 1, 13, 2], [6, 19, 7, 20], [20, 7, 21, 8], [10, 6, 11, 5], [8, 12, 9, 11], [4, 10, 5, 9], [14, 3, 15, 4], [2, 13, 3, 14], [16, 22, 17, 21], [18, 16, 19, 15], [22, 18, 1, 17]]"
11a_47_152,"[[22, 18, 1, 17], [12, 1, 13, 2], [6, 19, 7, 20], [20, 7, 21, 8], [10, 6, 11, 5], [8, 12, 9, 11], [4, 10, 5, 9], [14, 3, 15, 4], [2, 13, 3, 14], [16, 22, 17, 21], [18, 16, 19, 15]]"
11a_47_153,"[[18, 16, 19, 15], [22, 18, 1, 17], [12, 1, 13, 2], [6, 19, 7, 20], [20, 7, 21, 8], [10, 6, 11, 5], [8, 12, 9, 11], [4, 10, 5, 9], [14, 3, 15, 4], [2, 13, 3, 14], [16, 22, 17, 21]]"
11a_47_154,"[[17, 1, 18, 22], [19, 17, 20, 16], [1, 19, 2, 18], [13, 2, 14, 3], [7, 20, 8, 21], [21, 8, 22, 9], [11, 7, 12, 6], [9, 13, 10, 12], [5, 11, 6, 10], [15, 4, 16, 5], [3, 14, 4, 15]]"
11a_47_155,"[[3, 14, 4, 15], [17, 1, 18, 22], [19, 17, 20, 16], [1, 19, 2, 18], [13, 2, 14, 3], [7, 20, 8, 21], [21, 8, 22, 9], [11, 7, 12, 6], [9, 13, 10, 12], [5, 11, 6, 10], [15, 4, 16, 5]]"
11a_47_156,"[[15, 4, 16, 5], [3, 14, 4, 15], [17, 1, 18, 22], [19, 17, 20, 16], [1, 19, 2, 18], [13, 2, 14, 3], [7, 20, 8, 21], [21, 8, 22, 9], [11, 7, 12, 6], [9, 13, 10, 12], [5, 11, 6, 10]]"
11a_47_157,"[[5, 11, 6, 10], [15, 4, 16, 5], [3, 14, 4, 15], [17, 1, 18, 22], [19, 17, 20, 16], [1, 19, 2, 18], [13, 2, 14, 3], [7, 20, 8, 21], [21, 8, 22, 9], [11, 7, 12, 6], [9, 13, 10, 12]]"
11a_47_158,"[[9, 13, 10, 12], [5, 11, 6, 10], [15, 4, 16, 5], [3, 14, 4, 15], [17, 1, 18, 22], [19, 17, 20, 16], [1, 19, 2, 18], [13, 2, 14, 3], [7, 20, 8, 21], [21, 8, 22, 9], [11, 7, 12, 6]]"
11a_47_159,"[[11, 7, 12, 6], [9, 13, 10, 12], [5, 11, 6, 10], [15, 4, 16, 5], [3, 14, 4, 15], [17, 1, 18, 22], [19, 17, 20, 16], [1, 19, 2, 18], [13, 2, 14, 3], [7, 20, 8, 21], [21, 8, 22, 9]]"
11a_47_160,"[[21, 8, 22, 9], [11, 7, 12, 6], [9, 13, 10, 12], [5, 11, 6, 10], [15, 4, 16, 5], [3, 14, 4, 15], [17, 1, 18, 22], [19, 17, 20, 16], [1, 19, 2, 18], [13, 2, 14, 3], [7, 20, 8, 21]]"
11a_47_161,"[[7, 20, 8, 21], [21, 8, 22, 9], [11, 7, 12, 6], [9, 13, 10, 12], [5, 11, 6, 10], [15, 4, 16, 5], [3, 14, 4, 15], [17, 1, 18, 22], [19, 17, 20, 16], [1, 19, 2, 18], [13, 2, 14, 3]]"
11a_47_162,"[[13, 2, 14, 3], [7, 20, 8, 21], [21, 8, 22, 9], [11, 7, 12, 6], [9, 13, 10, 12], [5, 11, 6, 10], [15, 4, 16, 5], [3, 14, 4, 15], [17, 1, 18, 22], [19, 17, 20, 16], [1, 19, 2, 18]]"
11a_47_163,"[[1, 19, 2, 18], [13, 2, 14, 3], [7, 20, 8, 21], [21, 8, 22, 9], [11, 7, 12, 6], [9, 13, 10, 12], [5, 11, 6, 10], [15, 4, 16, 5], [3, 14, 4, 15], [17, 1, 18, 22], [19, 17, 20, 16]]"
11a_47_164,"[[19, 17, 20, 16], [1, 19, 2, 18], [13, 2, 14, 3], [7, 20, 8, 21], [21, 8, 22, 9], [11, 7, 12, 6], [9, 13, 10, 12], [5, 11, 6, 10], [15, 4, 16, 5], [3, 14, 4, 15], [17, 1, 18, 22]]"
11a_47_165,"[[18, 2, 19, 1], [20, 18, 21, 17], [2, 20, 3, 19], [14, 3, 15, 4], [8, 21, 9, 22], [22, 9, 1, 10], [12, 8, 13, 7], [10, 14, 11, 13], [6, 12, 7, 11], [16, 5, 17, 6], [4, 15, 5, 16]]"
11a_47_166,"[[4, 15, 5, 16], [18, 2, 19, 1], [20, 18, 21, 17], [2, 20, 3, 19], [14, 3, 15, 4], [8, 21, 9, 22], [22, 9, 1, 10], [12, 8, 13, 7], [10, 14, 11, 13], [6, 12, 7, 11], [16, 5, 17, 6]]"
11a_47_167,"[[16, 5, 17, 6], [4, 15, 5, 16], [18, 2, 19, 1], [20, 18, 21, 17], [2, 20, 3, 19], [14, 3, 15, 4], [8, 21, 9, 22], [22, 9, 1, 10], [12, 8, 13, 7], [10, 14, 11, 13], [6, 12, 7, 11]]"
11a_47_168,"[[6, 12, 7, 11], [16, 5, 17, 6], [4, 15, 5, 16], [18, 2, 19, 1], [20, 18, 21, 17], [2, 20, 3, 19], [14, 3, 15, 4], [8, 21, 9, 22], [22, 9, 1, 10], [12, 8, 13, 7], [10, 14, 11, 13]]"
11a_47_169,"[[10, 14, 11, 13], [6, 12, 7, 11], [16, 5, 17, 6], [4, 15, 5, 16], [18, 2, 19, 1], [20, 18, 21, 17], [2, 20, 3, 19], [14, 3, 15, 4], [8, 21, 9, 22], [22, 9, 1, 10], [12, 8, 13, 7]]"
11a_47_170,"[[12, 8, 13, 7], [10, 14, 11, 13], [6, 12, 7, 11], [16, 5, 17, 6], [4, 15, 5, 16], [18, 2, 19, 1], [20, 18, 21, 17], [2, 20, 3, 19], [14, 3, 15, 4], [8, 21, 9, 22], [22, 9, 1, 10]]"
11a_47_171,"[[22, 9, 1, 10], [12, 8, 13, 7], [10, 14, 11, 13], [6, 12, 7, 11], [16, 5, 17, 6], [4, 15, 5, 16], [18, 2, 19, 1], [20, 18, 21, 17], [2, 20, 3, 19], [14, 3, 15, 4], [8, 21, 9, 22]]"
11a_47_172,"[[8, 21, 9, 22], [22, 9, 1, 10], [12, 8, 13, 7], [10, 14, 11, 13], [6, 12, 7, 11], [16, 5, 17, 6], [4, 15, 5, 16], [18, 2, 19, 1], [20, 18, 21, 17], [2, 20, 3, 19], [14, 3, 15, 4]]"
11a_47_173,"[[14, 3, 15, 4], [8, 21, 9, 22], [22, 9, 1, 10], [12, 8, 13, 7], [10, 14, 11, 13], [6, 12, 7, 11], [16, 5, 17, 6], [4, 15, 5, 16], [18, 2, 19, 1], [20, 18, 21, 17], [2, 20, 3, 19]]"
11a_47_174,"[[2, 20, 3, 19], [14, 3, 15, 4], [8, 21, 9, 22], [22, 9, 1, 10], [12, 8, 13, 7], [10, 14, 11, 13], [6, 12, 7, 11], [16, 5, 17, 6], [4, 15, 5, 16], [18, 2, 19, 1], [20, 18, 21, 17]]"
11a_47_175,"[[20, 18, 21, 17], [2, 20, 3, 19], [14, 3, 15, 4], [8, 21, 9, 22], [22, 9, 1, 10], [12, 8, 13, 7], [10, 14, 11, 13], [6, 12, 7, 11], [16, 5, 17, 6], [4, 15, 5, 16], [18, 2, 19, 1]]"
11a_47_176,"[[19, 3, 20, 2], [21, 19, 22, 18], [3, 21, 4, 20], [15, 4, 16, 5], [9, 22, 10, 1], [1, 10, 2, 11], [13, 9, 14, 8], [11, 15, 12, 14], [7, 13, 8, 12], [17, 6, 18, 7], [5, 16, 6, 17]]"
11a_47_177,"[[5, 16, 6, 17], [19, 3, 20, 2], [21, 19, 22, 18], [3, 21, 4, 20], [15, 4, 16, 5], [9, 22, 10, 1], [1, 10, 2, 11], [13, 9, 14, 8], [11, 15, 12, 14], [7, 13, 8, 12], [17, 6, 18, 7]]"
11a_47_178,"[[17, 6, 18, 7], [5, 16, 6, 17], [19, 3, 20, 2], [21, 19, 22, 18], [3, 21, 4, 20], [15, 4, 16, 5], [9, 22, 10, 1], [1, 10, 2, 11], [13, 9, 14, 8], [11, 15, 12, 14], [7, 13, 8, 12]]"
11a_47_179,"[[7, 13, 8, 12], [17, 6, 18, 7], [5, 16, 6, 17], [19, 3, 20, 2], [21, 19, 22, 18], [3, 21, 4, 20], [15, 4, 16, 5], [9, 22, 10, 1], [1, 10, 2, 11], [13, 9, 14, 8], [11, 15, 12, 14]]"
11a_47_180,"[[11, 15, 12, 14], [7, 13, 8, 12], [17, 6, 18, 7], [5, 16, 6, 17], [19, 3, 20, 2], [21, 19, 22, 18], [3, 21, 4, 20], [15, 4, 16, 5], [9, 22, 10, 1], [1, 10, 2, 11], [13, 9, 14, 8]]"
11a_47_181,"[[13, 9, 14, 8], [11, 15, 12, 14], [7, 13, 8, 12], [17, 6, 18, 7], [5, 16, 6, 17], [19, 3, 20, 2], [21, 19, 22, 18], [3, 21, 4, 20], [15, 4, 16, 5], [9, 22, 10, 1], [1, 10, 2, 11]]"
11a_47_182,"[[1, 10, 2, 11], [13, 9, 14, 8], [11, 15, 12, 14], [7, 13, 8, 12], [17, 6, 18, 7], [5, 16, 6, 17], [19, 3, 20, 2], [21, 19, 22, 18], [3, 21, 4, 20], [15, 4, 16, 5], [9, 22, 10, 1]]"
11a_47_183,"[[9, 22, 10, 1], [1, 10, 2, 11], [13, 9, 14, 8], [11, 15, 12, 14], [7, 13, 8, 12], [17, 6, 18, 7], [5, 16, 6, 17], [19, 3, 20, 2], [21, 19, 22, 18], [3, 21, 4, 20], [15, 4, 16, 5]]"
11a_47_184,"[[15, 4, 16, 5], [9, 22, 10, 1], [1, 10, 2, 11], [13, 9, 14, 8], [11, 15, 12, 14], [7, 13, 8, 12], [17, 6, 18, 7], [5, 16, 6, 17], [19, 3, 20, 2], [21, 19, 22, 18], [3, 21, 4, 20]]"
11a_47_185,"[[3, 21, 4, 20], [15, 4, 16, 5], [9, 22, 10, 1], [1, 10, 2, 11], [13, 9, 14, 8], [11, 15, 12, 14], [7, 13, 8, 12], [17, 6, 18, 7], [5, 16, 6, 17], [19, 3, 20, 2], [21, 19, 22, 18]]"
11a_47_186,"[[21, 19, 22, 18], [3, 21, 4, 20], [15, 4, 16, 5], [9, 22, 10, 1], [1, 10, 2, 11], [13, 9, 14, 8], [11, 15, 12, 14], [7, 13, 8, 12], [17, 6, 18, 7], [5, 16, 6, 17], [19, 3, 20, 2]]"
11a_47_187,"[[20, 4, 21, 3], [22, 20, 1, 19], [4, 22, 5, 21], [16, 5, 17, 6], [10, 1, 11, 2], [2, 11, 3, 12], [14, 10, 15, 9], [12, 16, 13, 15], [8, 14, 9, 13], [18, 7, 19, 8], [6, 17, 7, 18]]"
11a_47_188,"[[6, 17, 7, 18], [20, 4, 21, 3], [22, 20, 1, 19], [4, 22, 5, 21], [16, 5, 17, 6], [10, 1, 11, 2], [2, 11, 3, 12], [14, 10, 15, 9], [12, 16, 13, 15], [8, 14, 9, 13], [18, 7, 19, 8]]"
11a_47_189,"[[18, 7, 19, 8], [6, 17, 7, 18], [20, 4, 21, 3], [22, 20, 1, 19], [4, 22, 5, 21], [16, 5, 17, 6], [10, 1, 11, 2], [2, 11, 3, 12], [14, 10, 15, 9], [12, 16, 13, 15], [8, 14, 9, 13]]"
11a_47_190,"[[8, 14, 9, 13], [18, 7, 19, 8], [6, 17, 7, 18], [20, 4, 21, 3], [22, 20, 1, 19], [4, 22, 5, 21], [16, 5, 17, 6], [10, 1, 11, 2], [2, 11, 3, 12], [14, 10, 15, 9], [12, 16, 13, 15]]"
11a_47_191,"[[12, 16, 13, 15], [8, 14, 9, 13], [18, 7, 19, 8], [6, 17, 7, 18], [20, 4, 21, 3], [22, 20, 1, 19], [4, 22, 5, 21], [16, 5, 17, 6], [10, 1, 11, 2], [2, 11, 3, 12], [14, 10, 15, 9]]"
11a_47_192,"[[14, 10, 15, 9], [12, 16, 13, 15], [8, 14, 9, 13], [18, 7, 19, 8], [6, 17, 7, 18], [20, 4, 21, 3], [22, 20, 1, 19], [4, 22, 5, 21], [16, 5, 17, 6], [10, 1, 11, 2], [2, 11, 3, 12]]"
11a_47_193,"[[2, 11, 3, 12], [14, 10, 15, 9], [12, 16, 13, 15], [8, 14, 9, 13], [18, 7, 19, 8], [6, 17, 7, 18], [20, 4, 21, 3], [22, 20, 1, 19], [4, 22, 5, 21], [16, 5, 17, 6], [10, 1, 11, 2]]"
11a_47_194,"[[10, 1, 11, 2], [2, 11, 3, 12], [14, 10, 15, 9], [12, 16, 13, 15], [8, 14, 9, 13], [18, 7, 19, 8], [6, 17, 7, 18], [20, 4, 21, 3], [22, 20, 1, 19], [4, 22, 5, 21], [16, 5, 17, 6]]"
11a_47_195,"[[16, 5, 17, 6], [10, 1, 11, 2], [2, 11, 3, 12], [14, 10, 15, 9], [12, 16, 13, 15], [8, 14, 9, 13], [18, 7, 19, 8], [6, 17, 7, 18], [20, 4, 21, 3], [22, 20, 1, 19], [4, 22, 5, 21]]"
11a_47_196,"[[4, 22, 5, 21], [16, 5, 17, 6], [10, 1, 11, 2], [2, 11, 3, 12], [14, 10, 15, 9], [12, 16, 13, 15], [8, 14, 9, 13], [18, 7, 19, 8], [6, 17, 7, 18], [20, 4, 21, 3], [22, 20, 1, 19]]"
11a_47_197,"[[22, 20, 1, 19], [4, 22, 5, 21], [16, 5, 17, 6], [10, 1, 11, 2], [2, 11, 3, 12], [14, 10, 15, 9], [12, 16, 13, 15], [8, 14, 9, 13], [18, 7, 19, 8], [6, 17, 7, 18], [20, 4, 21, 3]]"
11a_47_198,"[[21, 5, 22, 4], [1, 21, 2, 20], [5, 1, 6, 22], [17, 6, 18, 7], [11, 2, 12, 3], [3, 12, 4, 13], [15, 11, 16, 10], [13, 17, 14, 16], [9, 15, 10, 14], [19, 8, 20, 9], [7, 18, 8, 19]]"
11a_47_199,"[[7, 18, 8, 19], [21, 5, 22, 4], [1, 21, 2, 20], [5, 1, 6, 22], [17, 6, 18, 7], [11, 2, 12, 3], [3, 12, 4, 13], [15, 11, 16, 10], [13, 17, 14, 16], [9, 15, 10, 14], [19, 8, 20, 9]]"
11a_47_200,"[[19, 8, 20, 9], [7, 18, 8, 19], [21, 5, 22, 4], [1, 21, 2, 20], [5, 1, 6, 22], [17, 6, 18, 7], [11, 2, 12, 3], [3, 12, 4, 13], [15, 11, 16, 10], [13, 17, 14, 16], [9, 15, 10, 14]]"
11a_47_201,"[[9, 15, 10, 14], [19, 8, 20, 9], [7, 18, 8, 19], [21, 5, 22, 4], [1, 21, 2, 20], [5, 1, 6, 22], [17, 6, 18, 7], [11, 2, 12, 3], [3, 12, 4, 13], [15, 11, 16, 10], [13, 17, 14, 16]]"
11a_47_202,"[[13, 17, 14, 16], [9, 15, 10, 14], [19, 8, 20, 9], [7, 18, 8, 19], [21, 5, 22, 4], [1, 21, 2, 20], [5, 1, 6, 22], [17, 6, 18, 7], [11, 2, 12, 3], [3, 12, 4, 13], [15, 11, 16, 10]]"
11a_47_203,"[[15, 11, 16, 10], [13, 17, 14, 16], [9, 15, 10, 14], [19, 8, 20, 9], [7, 18, 8, 19], [21, 5, 22, 4], [1, 21, 2, 20], [5, 1, 6, 22], [17, 6, 18, 7], [11, 2, 12, 3], [3, 12, 4, 13]]"
11a_47_204,"[[3, 12, 4, 13], [15, 11, 16, 10], [13, 17, 14, 16], [9, 15, 10, 14], [19, 8, 20, 9], [7, 18, 8, 19], [21, 5, 22, 4], [1, 21, 2, 20], [5, 1, 6, 22], [17, 6, 18, 7], [11, 2, 12, 3]]"
