name,pd_notation
11a_362_0,"[[5, 15, 6, 14], [9, 3, 10, 2], [17, 9, 18, 8], [19, 7, 20, 6], [1, 11, 2, 10], [21, 13, 22, 12], [7, 19, 8, 18], [13, 21, 14, 20], [11, 1, 12, 22], [3, 17, 4, 16], [15, 5, 16, 4]]"
11a_362_1,"[[15, 5, 16, 4], [5, 15, 6, 14], [9, 3, 10, 2], [17, 9, 18, 8], [19, 7, 20, 6], [1, 11, 2, 10], [21, 13, 22, 12], [7, 19, 8, 18], [13, 21, 14, 20], [11, 1, 12, 22], [3, 17, 4, 16]]"
11a_362_2,"[[3, 17, 4, 16], [15, 5, 16, 4], [5, 15, 6, 14], [9, 3, 10, 2], [17, 9, 18, 8], [19, 7, 20, 6], [1, 11, 2, 10], [21, 13, 22, 12], [7, 19, 8, 18], [13, 21, 14, 20], [11, 1, 12, 22]]"
11a_362_3,"[[11, 1, 12, 22], [3, 17, 4, 16], [15, 5, 16, 4], [5, 15, 6, 14], [9, 3, 10, 2], [17, 9, 18, 8], [19, 7, 20, 6], [1, 11, 2, 10], [21, 13, 22, 12], [7, 19, 8, 18], [13, 21, 14, 20]]"
11a_362_4,"[[13, 21, 14, 20], [11, 1, 12, 22], [3, 17, 4, 16], [15, 5, 16, 4], [5, 15, 6, 14], [9, 3, 10, 2], [17, 9, 18, 8], [19, 7, 20, 6], [1, 11, 2, 10], [21, 13, 22, 12], [7, 19, 8, 18]]"
11a_362_5,"[[7, 19, 8, 18], [13, 21, 14, 20], [11, 1, 12, 22], [3, 17, 4, 16], [15, 5, 16, 4], [5, 15, 6, 14], [9, 3, 10, 2], [17, 9, 18, 8], [19, 7, 20, 6], [1, 11, 2, 10], [21, 13, 22, 12]]"
11a_362_6,"[[21, 13, 22, 12], [7, 19, 8, 18], [13, 21, 14, 20], [11, 1, 12, 22], [3, 17, 4, 16], [15, 5, 16, 4], [5, 15, 6, 14], [9, 3, 10, 2], [17, 9, 18, 8], [19, 7, 20, 6], [1, 11, 2, 10]]"
11a_362_7,"[[1, 11, 2, 10], [21, 13, 22, 12], [7, 19, 8, 18], [13, 21, 14, 20], [11, 1, 12, 22], [3, 17, 4, 16], [15, 5, 16, 4], [5, 15, 6, 14], [9, 3, 10, 2], [17, 9, 18, 8], [19, 7, 20, 6]]"
11a_362_8,"[[19, 7, 20, 6], [1, 11, 2, 10], [21, 13, 22, 12], [7, 19, 8, 18], [13, 21, 14, 20], [11, 1, 12, 22], [3, 17, 4, 16], [15, 5, 16, 4], [5, 15, 6, 14], [9, 3, 10, 2], [17, 9, 18, 8]]"
11a_362_9,"[[17, 9, 18, 8], [19, 7, 20, 6], [1, 11, 2, 10], [21, 13, 22, 12], [7, 19, 8, 18], [13, 21, 14, 20], [11, 1, 12, 22], [3, 17, 4, 16], [15, 5, 16, 4], [5, 15, 6, 14], [9, 3, 10, 2]]"
11a_362_10,"[[9, 3, 10, 2], [17, 9, 18, 8], [19, 7, 20, 6], [1, 11, 2, 10], [21, 13, 22, 12], [7, 19, 8, 18], [13, 21, 14, 20], [11, 1, 12, 22], [3, 17, 4, 16], [15, 5, 16, 4], [5, 15, 6, 14]]"
11a_362_11,"[[6, 16, 7, 15], [10, 4, 11, 3], [18, 10, 19, 9], [20, 8, 21, 7], [2, 12, 3, 11], [22, 14, 1, 13], [8, 20, 9, 19], [14, 22, 15, 21], [12, 2, 13, 1], [4, 18, 5, 17], [16, 6, 17, 5]]"
11a_362_12,"[[16, 6, 17, 5], [6, 16, 7, 15], [10, 4, 11, 3], [18, 10, 19, 9], [20, 8, 21, 7], [2, 12, 3, 11], [22, 14, 1, 13], [8, 20, 9, 19], [14, 22, 15, 21], [12, 2, 13, 1], [4, 18, 5, 17]]"
11a_362_13,"[[4, 18, 5, 17], [16, 6, 17, 5], [6, 16, 7, 15], [10, 4, 11, 3], [18, 10, 19, 9], [20, 8, 21, 7], [2, 12, 3, 11], [22, 14, 1, 13], [8, 20, 9, 19], [14, 22, 15, 21], [12, 2, 13, 1]]"
11a_362_14,"[[12, 2, 13, 1], [4, 18, 5, 17], [16, 6, 17, 5], [6, 16, 7, 15], [10, 4, 11, 3], [18, 10, 19, 9], [20, 8, 21, 7], [2, 12, 3, 11], [22, 14, 1, 13], [8, 20, 9, 19], [14, 22, 15, 21]]"
11a_362_15,"[[14, 22, 15, 21], [12, 2, 13, 1], [4, 18, 5, 17], [16, 6, 17, 5], [6, 16, 7, 15], [10, 4, 11, 3], [18, 10, 19, 9], [20, 8, 21, 7], [2, 12, 3, 11], [22, 14, 1, 13], [8, 20, 9, 19]]"
11a_362_16,"[[8, 20, 9, 19], [14, 22, 15, 21], [12, 2, 13, 1], [4, 18, 5, 17], [16, 6, 17, 5], [6, 16, 7, 15], [10, 4, 11, 3], [18, 10, 19, 9], [20, 8, 21, 7], [2, 12, 3, 11], [22, 14, 1, 13]]"
11a_362_17,"[[22, 14, 1, 13], [8, 20, 9, 19], [14, 22, 15, 21], [12, 2, 13, 1], [4, 18, 5, 17], [16, 6, 17, 5], [6, 16, 7, 15], [10, 4, 11, 3], [18, 10, 19, 9], [20, 8, 21, 7], [2, 12, 3, 11]]"
11a_362_18,"[[2, 12, 3, 11], [22, 14, 1, 13], [8, 20, 9, 19], [14, 22, 15, 21], [12, 2, 13, 1], [4, 18, 5, 17], [16, 6, 17, 5], [6, 16, 7, 15], [10, 4, 11, 3], [18, 10, 19, 9], [20, 8, 21, 7]]"
11a_362_19,"[[20, 8, 21, 7], [2, 12, 3, 11], [22, 14, 1, 13], [8, 20, 9, 19], [14, 22, 15, 21], [12, 2, 13, 1], [4, 18, 5, 17], [16, 6, 17, 5], [6, 16, 7, 15], [10, 4, 11, 3], [18, 10, 19, 9]]"
11a_362_20,"[[18, 10, 19, 9], [20, 8, 21, 7], [2, 12, 3, 11], [22, 14, 1, 13], [8, 20, 9, 19], [14, 22, 15, 21], [12, 2, 13, 1], [4, 18, 5, 17], [16, 6, 17, 5], [6, 16, 7, 15], [10, 4, 11, 3]]"
11a_362_21,"[[10, 4, 11, 3], [18, 10, 19, 9], [20, 8, 21, 7], [2, 12, 3, 11], [22, 14, 1, 13], [8, 20, 9, 19], [14, 22, 15, 21], [12, 2, 13, 1], [4, 18, 5, 17], [16, 6, 17, 5], [6, 16, 7, 15]]"
11a_362_22,"[[7, 17, 8, 16], [11, 5, 12, 4], [19, 11, 20, 10], [21, 9, 22, 8], [3, 13, 4, 12], [1, 15, 2, 14], [9, 21, 10, 20], [15, 1, 16, 22], [13, 3, 14, 2], [5, 19, 6, 18], [17, 7, 18, 6]]"
11a_362_23,"[[17, 7, 18, 6], [7, 17, 8, 16], [11, 5, 12, 4], [19, 11, 20, 10], [21, 9, 22, 8], [3, 13, 4, 12], [1, 15, 2, 14], [9, 21, 10, 20], [15, 1, 16, 22], [13, 3, 14, 2], [5, 19, 6, 18]]"
11a_362_24,"[[5, 19, 6, 18], [17, 7, 18, 6], [7, 17, 8, 16], [11, 5, 12, 4], [19, 11, 20, 10], [21, 9, 22, 8], [3, 13, 4, 12], [1, 15, 2, 14], [9, 21, 10, 20], [15, 1, 16, 22], [13, 3, 14, 2]]"
11a_362_25,"[[13, 3, 14, 2], [5, 19, 6, 18], [17, 7, 18, 6], [7, 17, 8, 16], [11, 5, 12, 4], [19, 11, 20, 10], [21, 9, 22, 8], [3, 13, 4, 12], [1, 15, 2, 14], [9, 21, 10, 20], [15, 1, 16, 22]]"
11a_362_26,"[[15, 1, 16, 22], [13, 3, 14, 2], [5, 19, 6, 18], [17, 7, 18, 6], [7, 17, 8, 16], [11, 5, 12, 4], [19, 11, 20, 10], [21, 9, 22, 8], [3, 13, 4, 12], [1, 15, 2, 14], [9, 21, 10, 20]]"
11a_362_27,"[[9, 21, 10, 20], [15, 1, 16, 22], [13, 3, 14, 2], [5, 19, 6, 18], [17, 7, 18, 6], [7, 17, 8, 16], [11, 5, 12, 4], [19, 11, 20, 10], [21, 9, 22, 8], [3, 13, 4, 12], [1, 15, 2, 14]]"
11a_362_28,"[[1, 15, 2, 14], [9, 21, 10, 20], [15, 1, 16, 22], [13, 3, 14, 2], [5, 19, 6, 18], [17, 7, 18, 6], [7, 17, 8, 16], [11, 5, 12, 4], [19, 11, 20, 10], [21, 9, 22, 8], [3, 13, 4, 12]]"
11a_362_29,"[[3, 13, 4, 12], [1, 15, 2, 14], [9, 21, 10, 20], [15, 1, 16, 22], [13, 3, 14, 2], [5, 19, 6, 18], [17, 7, 18, 6], [7, 17, 8, 16], [11, 5, 12, 4], [19, 11, 20, 10], [21, 9, 22, 8]]"
11a_362_30,"[[21, 9, 22, 8], [3, 13, 4, 12], [1, 15, 2, 14], [9, 21, 10, 20], [15, 1, 16, 22], [13, 3, 14, 2], [5, 19, 6, 18], [17, 7, 18, 6], [7, 17, 8, 16], [11, 5, 12, 4], [19, 11, 20, 10]]"
11a_362_31,"[[19, 11, 20, 10], [21, 9, 22, 8], [3, 13, 4, 12], [1, 15, 2, 14], [9, 21, 10, 20], [15, 1, 16, 22], [13, 3, 14, 2], [5, 19, 6, 18], [17, 7, 18, 6], [7, 17, 8, 16], [11, 5, 12, 4]]"
11a_362_32,"[[11, 5, 12, 4], [19, 11, 20, 10], [21, 9, 22, 8], [3, 13, 4, 12], [1, 15, 2, 14], [9, 21, 10, 20], [15, 1, 16, 22], [13, 3, 14, 2], [5, 19, 6, 18], [17, 7, 18, 6], [7, 17, 8, 16]]"
11a_362_33,"[[8, 18, 9, 17], [12, 6, 13, 5], [20, 12, 21, 11], [22, 10, 1, 9], [4, 14, 5, 13], [2, 16, 3, 15], [10, 22, 11, 21], [16, 2, 17, 1], [14, 4, 15, 3], [6, 20, 7, 19], [18, 8, 19, 7]]"
11a_362_34,"[[18, 8, 19, 7], [8, 18, 9, 17], [12, 6, 13, 5], [20, 12, 21, 11], [22, 10, 1, 9], [4, 14, 5, 13], [2, 16, 3, 15], [10, 22, 11, 21], [16, 2, 17, 1], [14, 4, 15, 3], [6, 20, 7, 19]]"
11a_362_35,"[[6, 20, 7, 19], [18, 8, 19, 7], [8, 18, 9, 17], [12, 6, 13, 5], [20, 12, 21, 11], [22, 10, 1, 9], [4, 14, 5, 13], [2, 16, 3, 15], [10, 22, 11, 21], [16, 2, 17, 1], [14, 4, 15, 3]]"
11a_362_36,"[[14, 4, 15, 3], [6, 20, 7, 19], [18, 8, 19, 7], [8, 18, 9, 17], [12, 6, 13, 5], [20, 12, 21, 11], [22, 10, 1, 9], [4, 14, 5, 13], [2, 16, 3, 15], [10, 22, 11, 21], [16, 2, 17, 1]]"
11a_362_37,"[[16, 2, 17, 1], [14, 4, 15, 3], [6, 20, 7, 19], [18, 8, 19, 7], [8, 18, 9, 17], [12, 6, 13, 5], [20, 12, 21, 11], [22, 10, 1, 9], [4, 14, 5, 13], [2, 16, 3, 15], [10, 22, 11, 21]]"
11a_362_38,"[[10, 22, 11, 21], [16, 2, 17, 1], [14, 4, 15, 3], [6, 20, 7, 19], [18, 8, 19, 7], [8, 18, 9, 17], [12, 6, 13, 5], [20, 12, 21, 11], [22, 10, 1, 9], [4, 14, 5, 13], [2, 16, 3, 15]]"
11a_362_39,"[[2, 16, 3, 15], [10, 22, 11, 21], [16, 2, 17, 1], [14, 4, 15, 3], [6, 20, 7, 19], [18, 8, 19, 7], [8, 18, 9, 17], [12, 6, 13, 5], [20, 12, 21, 11], [22, 10, 1, 9], [4, 14, 5, 13]]"
11a_362_40,"[[4, 14, 5, 13], [2, 16, 3, 15], [10, 22, 11, 21], [16, 2, 17, 1], [14, 4, 15, 3], [6, 20, 7, 19], [18, 8, 19, 7], [8, 18, 9, 17], [12, 6, 13, 5], [20, 12, 21, 11], [22, 10, 1, 9]]"
11a_362_41,"[[22, 10, 1, 9], [4, 14, 5, 13], [2, 16, 3, 15], [10, 22, 11, 21], [16, 2, 17, 1], [14, 4, 15, 3], [6, 20, 7, 19], [18, 8, 19, 7], [8, 18, 9, 17], [12, 6, 13, 5], [20, 12, 21, 11]]"
11a_362_42,"[[20, 12, 21, 11], [22, 10, 1, 9], [4, 14, 5, 13], [2, 16, 3, 15], [10, 22, 11, 21], [16, 2, 17, 1], [14, 4, 15, 3], [6, 20, 7, 19], [18, 8, 19, 7], [8, 18, 9, 17], [12, 6, 13, 5]]"
11a_362_43,"[[12, 6, 13, 5], [20, 12, 21, 11], [22, 10, 1, 9], [4, 14, 5, 13], [2, 16, 3, 15], [10, 22, 11, 21], [16, 2, 17, 1], [14, 4, 15, 3], [6, 20, 7, 19], [18, 8, 19, 7], [8, 18, 9, 17]]"
11a_362_44,"[[9, 19, 10, 18], [13, 7, 14, 6], [21, 13, 22, 12], [1, 11, 2, 10], [5, 15, 6, 14], [3, 17, 4, 16], [11, 1, 12, 22], [17, 3, 18, 2], [15, 5, 16, 4], [7, 21, 8, 20], [19, 9, 20, 8]]"
11a_362_45,"[[19, 9, 20, 8], [9, 19, 10, 18], [13, 7, 14, 6], [21, 13, 22, 12], [1, 11, 2, 10], [5, 15, 6, 14], [3, 17, 4, 16], [11, 1, 12, 22], [17, 3, 18, 2], [15, 5, 16, 4], [7, 21, 8, 20]]"
11a_362_46,"[[7, 21, 8, 20], [19, 9, 20, 8], [9, 19, 10, 18], [13, 7, 14, 6], [21, 13, 22, 12], [1, 11, 2, 10], [5, 15, 6, 14], [3, 17, 4, 16], [11, 1, 12, 22], [17, 3, 18, 2], [15, 5, 16, 4]]"
11a_362_47,"[[15, 5, 16, 4], [7, 21, 8, 20], [19, 9, 20, 8], [9, 19, 10, 18], [13, 7, 14, 6], [21, 13, 22, 12], [1, 11, 2, 10], [5, 15, 6, 14], [3, 17, 4, 16], [11, 1, 12, 22], [17, 3, 18, 2]]"
11a_362_48,"[[17, 3, 18, 2], [15, 5, 16, 4], [7, 21, 8, 20], [19, 9, 20, 8], [9, 19, 10, 18], [13, 7, 14, 6], [21, 13, 22, 12], [1, 11, 2, 10], [5, 15, 6, 14], [3, 17, 4, 16], [11, 1, 12, 22]]"
11a_362_49,"[[11, 1, 12, 22], [17, 3, 18, 2], [15, 5, 16, 4], [7, 21, 8, 20], [19, 9, 20, 8], [9, 19, 10, 18], [13, 7, 14, 6], [21, 13, 22, 12], [1, 11, 2, 10], [5, 15, 6, 14], [3, 17, 4, 16]]"
11a_362_50,"[[3, 17, 4, 16], [11, 1, 12, 22], [17, 3, 18, 2], [15, 5, 16, 4], [7, 21, 8, 20], [19, 9, 20, 8], [9, 19, 10, 18], [13, 7, 14, 6], [21, 13, 22, 12], [1, 11, 2, 10], [5, 15, 6, 14]]"
11a_362_51,"[[5, 15, 6, 14], [3, 17, 4, 16], [11, 1, 12, 22], [17, 3, 18, 2], [15, 5, 16, 4], [7, 21, 8, 20], [19, 9, 20, 8], [9, 19, 10, 18], [13, 7, 14, 6], [21, 13, 22, 12], [1, 11, 2, 10]]"
11a_362_52,"[[1, 11, 2, 10], [5, 15, 6, 14], [3, 17, 4, 16], [11, 1, 12, 22], [17, 3, 18, 2], [15, 5, 16, 4], [7, 21, 8, 20], [19, 9, 20, 8], [9, 19, 10, 18], [13, 7, 14, 6], [21, 13, 22, 12]]"
11a_362_53,"[[21, 13, 22, 12], [1, 11, 2, 10], [5, 15, 6, 14], [3, 17, 4, 16], [11, 1, 12, 22], [17, 3, 18, 2], [15, 5, 16, 4], [7, 21, 8, 20], [19, 9, 20, 8], [9, 19, 10, 18], [13, 7, 14, 6]]"
11a_362_54,"[[13, 7, 14, 6], [21, 13, 22, 12], [1, 11, 2, 10], [5, 15, 6, 14], [3, 17, 4, 16], [11, 1, 12, 22], [17, 3, 18, 2], [15, 5, 16, 4], [7, 21, 8, 20], [19, 9, 20, 8], [9, 19, 10, 18]]"
11a_362_55,"[[10, 20, 11, 19], [14, 8, 15, 7], [22, 14, 1, 13], [2, 12, 3, 11], [6, 16, 7, 15], [4, 18, 5, 17], [12, 2, 13, 1], [18, 4, 19, 3], [16, 6, 17, 5], [8, 22, 9, 21], [20, 10, 21, 9]]"
11a_362_56,"[[20, 10, 21, 9], [10, 20, 11, 19], [14, 8, 15, 7], [22, 14, 1, 13], [2, 12, 3, 11], [6, 16, 7, 15], [4, 18, 5, 17], [12, 2, 13, 1], [18, 4, 19, 3], [16, 6, 17, 5], [8, 22, 9, 21]]"
11a_362_57,"[[8, 22, 9, 21], [20, 10, 21, 9], [10, 20, 11, 19], [14, 8, 15, 7], [22, 14, 1, 13], [2, 12, 3, 11], [6, 16, 7, 15], [4, 18, 5, 17], [12, 2, 13, 1], [18, 4, 19, 3], [16, 6, 17, 5]]"
11a_362_58,"[[16, 6, 17, 5], [8, 22, 9, 21], [20, 10, 21, 9], [10, 20, 11, 19], [14, 8, 15, 7], [22, 14, 1, 13], [2, 12, 3, 11], [6, 16, 7, 15], [4, 18, 5, 17], [12, 2, 13, 1], [18, 4, 19, 3]]"
11a_362_59,"[[18, 4, 19, 3], [16, 6, 17, 5], [8, 22, 9, 21], [20, 10, 21, 9], [10, 20, 11, 19], [14, 8, 15, 7], [22, 14, 1, 13], [2, 12, 3, 11], [6, 16, 7, 15], [4, 18, 5, 17], [12, 2, 13, 1]]"
11a_362_60,"[[12, 2, 13, 1], [18, 4, 19, 3], [16, 6, 17, 5], [8, 22, 9, 21], [20, 10, 21, 9], [10, 20, 11, 19], [14, 8, 15, 7], [22, 14, 1, 13], [2, 12, 3, 11], [6, 16, 7, 15], [4, 18, 5, 17]]"
11a_362_61,"[[4, 18, 5, 17], [12, 2, 13, 1], [18, 4, 19, 3], [16, 6, 17, 5], [8, 22, 9, 21], [20, 10, 21, 9], [10, 20, 11, 19], [14, 8, 15, 7], [22, 14, 1, 13], [2, 12, 3, 11], [6, 16, 7, 15]]"
11a_362_62,"[[6, 16, 7, 15], [4, 18, 5, 17], [12, 2, 13, 1], [18, 4, 19, 3], [16, 6, 17, 5], [8, 22, 9, 21], [20, 10, 21, 9], [10, 20, 11, 19], [14, 8, 15, 7], [22, 14, 1, 13], [2, 12, 3, 11]]"
11a_362_63,"[[2, 12, 3, 11], [6, 16, 7, 15], [4, 18, 5, 17], [12, 2, 13, 1], [18, 4, 19, 3], [16, 6, 17, 5], [8, 22, 9, 21], [20, 10, 21, 9], [10, 20, 11, 19], [14, 8, 15, 7], [22, 14, 1, 13]]"
11a_362_64,"[[22, 14, 1, 13], [2, 12, 3, 11], [6, 16, 7, 15], [4, 18, 5, 17], [12, 2, 13, 1], [18, 4, 19, 3], [16, 6, 17, 5], [8, 22, 9, 21], [20, 10, 21, 9], [10, 20, 11, 19], [14, 8, 15, 7]]"
11a_362_65,"[[14, 8, 15, 7], [22, 14, 1, 13], [2, 12, 3, 11], [6, 16, 7, 15], [4, 18, 5, 17], [12, 2, 13, 1], [18, 4, 19, 3], [16, 6, 17, 5], [8, 22, 9, 21], [20, 10, 21, 9], [10, 20, 11, 19]]"
11a_362_66,"[[11, 21, 12, 20], [15, 9, 16, 8], [1, 15, 2, 14], [3, 13, 4, 12], [7, 17, 8, 16], [5, 19, 6, 18], [13, 3, 14, 2], [19, 5, 20, 4], [17, 7, 18, 6], [9, 1, 10, 22], [21, 11, 22, 10]]"
11a_362_67,"[[21, 11, 22, 10], [11, 21, 12, 20], [15, 9, 16, 8], [1, 15, 2, 14], [3, 13, 4, 12], [7, 17, 8, 16], [5, 19, 6, 18], [13, 3, 14, 2], [19, 5, 20, 4], [17, 7, 18, 6], [9, 1, 10, 22]]"
11a_362_68,"[[9, 1, 10, 22], [21, 11, 22, 10], [11, 21, 12, 20], [15, 9, 16, 8], [1, 15, 2, 14], [3, 13, 4, 12], [7, 17, 8, 16], [5, 19, 6, 18], [13, 3, 14, 2], [19, 5, 20, 4], [17, 7, 18, 6]]"
11a_362_69,"[[17, 7, 18, 6], [9, 1, 10, 22], [21, 11, 22, 10], [11, 21, 12, 20], [15, 9, 16, 8], [1, 15, 2, 14], [3, 13, 4, 12], [7, 17, 8, 16], [5, 19, 6, 18], [13, 3, 14, 2], [19, 5, 20, 4]]"
11a_362_70,"[[19, 5, 20, 4], [17, 7, 18, 6], [9, 1, 10, 22], [21, 11, 22, 10], [11, 21, 12, 20], [15, 9, 16, 8], [1, 15, 2, 14], [3, 13, 4, 12], [7, 17, 8, 16], [5, 19, 6, 18], [13, 3, 14, 2]]"
11a_362_71,"[[13, 3, 14, 2], [19, 5, 20, 4], [17, 7, 18, 6], [9, 1, 10, 22], [21, 11, 22, 10], [11, 21, 12, 20], [15, 9, 16, 8], [1, 15, 2, 14], [3, 13, 4, 12], [7, 17, 8, 16], [5, 19, 6, 18]]"
11a_362_72,"[[5, 19, 6, 18], [13, 3, 14, 2], [19, 5, 20, 4], [17, 7, 18, 6], [9, 1, 10, 22], [21, 11, 22, 10], [11, 21, 12, 20], [15, 9, 16, 8], [1, 15, 2, 14], [3, 13, 4, 12], [7, 17, 8, 16]]"
11a_362_73,"[[7, 17, 8, 16], [5, 19, 6, 18], [13, 3, 14, 2], [19, 5, 20, 4], [17, 7, 18, 6], [9, 1, 10, 22], [21, 11, 22, 10], [11, 21, 12, 20], [15, 9, 16, 8], [1, 15, 2, 14], [3, 13, 4, 12]]"
11a_362_74,"[[3, 13, 4, 12], [7, 17, 8, 16], [5, 19, 6, 18], [13, 3, 14, 2], [19, 5, 20, 4], [17, 7, 18, 6], [9, 1, 10, 22], [21, 11, 22, 10], [11, 21, 12, 20], [15, 9, 16, 8], [1, 15, 2, 14]]"
11a_362_75,"[[1, 15, 2, 14], [3, 13, 4, 12], [7, 17, 8, 16], [5, 19, 6, 18], [13, 3, 14, 2], [19, 5, 20, 4], [17, 7, 18, 6], [9, 1, 10, 22], [21, 11, 22, 10], [11, 21, 12, 20], [15, 9, 16, 8]]"
11a_362_76,"[[15, 9, 16, 8], [1, 15, 2, 14], [3, 13, 4, 12], [7, 17, 8, 16], [5, 19, 6, 18], [13, 3, 14, 2], [19, 5, 20, 4], [17, 7, 18, 6], [9, 1, 10, 22], [21, 11, 22, 10], [11, 21, 12, 20]]"
11a_362_77,"[[12, 22, 13, 21], [16, 10, 17, 9], [2, 16, 3, 15], [4, 14, 5, 13], [8, 18, 9, 17], [6, 20, 7, 19], [14, 4, 15, 3], [20, 6, 21, 5], [18, 8, 19, 7], [10, 2, 11, 1], [22, 12, 1, 11]]"
11a_362_78,"[[22, 12, 1, 11], [12, 22, 13, 21], [16, 10, 17, 9], [2, 16, 3, 15], [4, 14, 5, 13], [8, 18, 9, 17], [6, 20, 7, 19], [14, 4, 15, 3], [20, 6, 21, 5], [18, 8, 19, 7], [10, 2, 11, 1]]"
11a_362_79,"[[10, 2, 11, 1], [22, 12, 1, 11], [12, 22, 13, 21], [16, 10, 17, 9], [2, 16, 3, 15], [4, 14, 5, 13], [8, 18, 9, 17], [6, 20, 7, 19], [14, 4, 15, 3], [20, 6, 21, 5], [18, 8, 19, 7]]"
11a_362_80,"[[18, 8, 19, 7], [10, 2, 11, 1], [22, 12, 1, 11], [12, 22, 13, 21], [16, 10, 17, 9], [2, 16, 3, 15], [4, 14, 5, 13], [8, 18, 9, 17], [6, 20, 7, 19], [14, 4, 15, 3], [20, 6, 21, 5]]"
11a_362_81,"[[20, 6, 21, 5], [18, 8, 19, 7], [10, 2, 11, 1], [22, 12, 1, 11], [12, 22, 13, 21], [16, 10, 17, 9], [2, 16, 3, 15], [4, 14, 5, 13], [8, 18, 9, 17], [6, 20, 7, 19], [14, 4, 15, 3]]"
11a_362_82,"[[14, 4, 15, 3], [20, 6, 21, 5], [18, 8, 19, 7], [10, 2, 11, 1], [22, 12, 1, 11], [12, 22, 13, 21], [16, 10, 17, 9], [2, 16, 3, 15], [4, 14, 5, 13], [8, 18, 9, 17], [6, 20, 7, 19]]"
11a_362_83,"[[6, 20, 7, 19], [14, 4, 15, 3], [20, 6, 21, 5], [18, 8, 19, 7], [10, 2, 11, 1], [22, 12, 1, 11], [12, 22, 13, 21], [16, 10, 17, 9], [2, 16, 3, 15], [4, 14, 5, 13], [8, 18, 9, 17]]"
11a_362_84,"[[8, 18, 9, 17], [6, 20, 7, 19], [14, 4, 15, 3], [20, 6, 21, 5], [18, 8, 19, 7], [10, 2, 11, 1], [22, 12, 1, 11], [12, 22, 13, 21], [16, 10, 17, 9], [2, 16, 3, 15], [4, 14, 5, 13]]"
11a_362_85,"[[4, 14, 5, 13], [8, 18, 9, 17], [6, 20, 7, 19], [14, 4, 15, 3], [20, 6, 21, 5], [18, 8, 19, 7], [10, 2, 11, 1], [22, 12, 1, 11], [12, 22, 13, 21], [16, 10, 17, 9], [2, 16, 3, 15]]"
11a_362_86,"[[2, 16, 3, 15], [4, 14, 5, 13], [8, 18, 9, 17], [6, 20, 7, 19], [14, 4, 15, 3], [20, 6, 21, 5], [18, 8, 19, 7], [10, 2, 11, 1], [22, 12, 1, 11], [12, 22, 13, 21], [16, 10, 17, 9]]"
11a_362_87,"[[16, 10, 17, 9], [2, 16, 3, 15], [4, 14, 5, 13], [8, 18, 9, 17], [6, 20, 7, 19], [14, 4, 15, 3], [20, 6, 21, 5], [18, 8, 19, 7], [10, 2, 11, 1], [22, 12, 1, 11], [12, 22, 13, 21]]"
11a_362_88,"[[13, 1, 14, 22], [17, 11, 18, 10], [3, 17, 4, 16], [5, 15, 6, 14], [9, 19, 10, 18], [7, 21, 8, 20], [15, 5, 16, 4], [21, 7, 22, 6], [19, 9, 20, 8], [11, 3, 12, 2], [1, 13, 2, 12]]"
11a_362_89,"[[1, 13, 2, 12], [13, 1, 14, 22], [17, 11, 18, 10], [3, 17, 4, 16], [5, 15, 6, 14], [9, 19, 10, 18], [7, 21, 8, 20], [15, 5, 16, 4], [21, 7, 22, 6], [19, 9, 20, 8], [11, 3, 12, 2]]"
11a_362_90,"[[11, 3, 12, 2], [1, 13, 2, 12], [13, 1, 14, 22], [17, 11, 18, 10], [3, 17, 4, 16], [5, 15, 6, 14], [9, 19, 10, 18], [7, 21, 8, 20], [15, 5, 16, 4], [21, 7, 22, 6], [19, 9, 20, 8]]"
11a_362_91,"[[19, 9, 20, 8], [11, 3, 12, 2], [1, 13, 2, 12], [13, 1, 14, 22], [17, 11, 18, 10], [3, 17, 4, 16], [5, 15, 6, 14], [9, 19, 10, 18], [7, 21, 8, 20], [15, 5, 16, 4], [21, 7, 22, 6]]"
11a_362_92,"[[21, 7, 22, 6], [19, 9, 20, 8], [11, 3, 12, 2], [1, 13, 2, 12], [13, 1, 14, 22], [17, 11, 18, 10], [3, 17, 4, 16], [5, 15, 6, 14], [9, 19, 10, 18], [7, 21, 8, 20], [15, 5, 16, 4]]"
11a_362_93,"[[15, 5, 16, 4], [21, 7, 22, 6], [19, 9, 20, 8], [11, 3, 12, 2], [1, 13, 2, 12], [13, 1, 14, 22], [17, 11, 18, 10], [3, 17, 4, 16], [5, 15, 6, 14], [9, 19, 10, 18], [7, 21, 8, 20]]"
11a_362_94,"[[7, 21, 8, 20], [15, 5, 16, 4], [21, 7, 22, 6], [19, 9, 20, 8], [11, 3, 12, 2], [1, 13, 2, 12], [13, 1, 14, 22], [17, 11, 18, 10], [3, 17, 4, 16], [5, 15, 6, 14], [9, 19, 10, 18]]"
11a_362_95,"[[9, 19, 10, 18], [7, 21, 8, 20], [15, 5, 16, 4], [21, 7, 22, 6], [19, 9, 20, 8], [11, 3, 12, 2], [1, 13, 2, 12], [13, 1, 14, 22], [17, 11, 18, 10], [3, 17, 4, 16], [5, 15, 6, 14]]"
11a_362_96,"[[5, 15, 6, 14], [9, 19, 10, 18], [7, 21, 8, 20], [15, 5, 16, 4], [21, 7, 22, 6], [19, 9, 20, 8], [11, 3, 12, 2], [1, 13, 2, 12], [13, 1, 14, 22], [17, 11, 18, 10], [3, 17, 4, 16]]"
11a_362_97,"[[3, 17, 4, 16], [5, 15, 6, 14], [9, 19, 10, 18], [7, 21, 8, 20], [15, 5, 16, 4], [21, 7, 22, 6], [19, 9, 20, 8], [11, 3, 12, 2], [1, 13, 2, 12], [13, 1, 14, 22], [17, 11, 18, 10]]"
11a_362_98,"[[17, 11, 18, 10], [3, 17, 4, 16], [5, 15, 6, 14], [9, 19, 10, 18], [7, 21, 8, 20], [15, 5, 16, 4], [21, 7, 22, 6], [19, 9, 20, 8], [11, 3, 12, 2], [1, 13, 2, 12], [13, 1, 14, 22]]"
11a_362_99,"[[14, 2, 15, 1], [18, 12, 19, 11], [4, 18, 5, 17], [6, 16, 7, 15], [10, 20, 11, 19], [8, 22, 9, 21], [16, 6, 17, 5], [22, 8, 1, 7], [20, 10, 21, 9], [12, 4, 13, 3], [2, 14, 3, 13]]"
11a_362_100,"[[2, 14, 3, 13], [14, 2, 15, 1], [18, 12, 19, 11], [4, 18, 5, 17], [6, 16, 7, 15], [10, 20, 11, 19], [8, 22, 9, 21], [16, 6, 17, 5], [22, 8, 1, 7], [20, 10, 21, 9], [12, 4, 13, 3]]"
11a_362_101,"[[12, 4, 13, 3], [2, 14, 3, 13], [14, 2, 15, 1], [18, 12, 19, 11], [4, 18, 5, 17], [6, 16, 7, 15], [10, 20, 11, 19], [8, 22, 9, 21], [16, 6, 17, 5], [22, 8, 1, 7], [20, 10, 21, 9]]"
11a_362_102,"[[20, 10, 21, 9], [12, 4, 13, 3], [2, 14, 3, 13], [14, 2, 15, 1], [18, 12, 19, 11], [4, 18, 5, 17], [6, 16, 7, 15], [10, 20, 11, 19], [8, 22, 9, 21], [16, 6, 17, 5], [22, 8, 1, 7]]"
11a_362_103,"[[22, 8, 1, 7], [20, 10, 21, 9], [12, 4, 13, 3], [2, 14, 3, 13], [14, 2, 15, 1], [18, 12, 19, 11], [4, 18, 5, 17], [6, 16, 7, 15], [10, 20, 11, 19], [8, 22, 9, 21], [16, 6, 17, 5]]"
11a_362_104,"[[16, 6, 17, 5], [22, 8, 1, 7], [20, 10, 21, 9], [12, 4, 13, 3], [2, 14, 3, 13], [14, 2, 15, 1], [18, 12, 19, 11], [4, 18, 5, 17], [6, 16, 7, 15], [10, 20, 11, 19], [8, 22, 9, 21]]"
11a_362_105,"[[8, 22, 9, 21], [16, 6, 17, 5], [22, 8, 1, 7], [20, 10, 21, 9], [12, 4, 13, 3], [2, 14, 3, 13], [14, 2, 15, 1], [18, 12, 19, 11], [4, 18, 5, 17], [6, 16, 7, 15], [10, 20, 11, 19]]"
11a_362_106,"[[10, 20, 11, 19], [8, 22, 9, 21], [16, 6, 17, 5], [22, 8, 1, 7], [20, 10, 21, 9], [12, 4, 13, 3], [2, 14, 3, 13], [14, 2, 15, 1], [18, 12, 19, 11], [4, 18, 5, 17], [6, 16, 7, 15]]"
11a_362_107,"[[6, 16, 7, 15], [10, 20, 11, 19], [8, 22, 9, 21], [16, 6, 17, 5], [22, 8, 1, 7], [20, 10, 21, 9], [12, 4, 13, 3], [2, 14, 3, 13], [14, 2, 15, 1], [18, 12, 19, 11], [4, 18, 5, 17]]"
11a_362_108,"[[4, 18, 5, 17], [6, 16, 7, 15], [10, 20, 11, 19], [8, 22, 9, 21], [16, 6, 17, 5], [22, 8, 1, 7], [20, 10, 21, 9], [12, 4, 13, 3], [2, 14, 3, 13], [14, 2, 15, 1], [18, 12, 19, 11]]"
11a_362_109,"[[18, 12, 19, 11], [4, 18, 5, 17], [6, 16, 7, 15], [10, 20, 11, 19], [8, 22, 9, 21], [16, 6, 17, 5], [22, 8, 1, 7], [20, 10, 21, 9], [12, 4, 13, 3], [2, 14, 3, 13], [14, 2, 15, 1]]"
11a_362_110,"[[15, 3, 16, 2], [19, 13, 20, 12], [5, 19, 6, 18], [7, 17, 8, 16], [11, 21, 12, 20], [9, 1, 10, 22], [17, 7, 18, 6], [1, 9, 2, 8], [21, 11, 22, 10], [13, 5, 14, 4], [3, 15, 4, 14]]"
11a_362_111,"[[3, 15, 4, 14], [15, 3, 16, 2], [19, 13, 20, 12], [5, 19, 6, 18], [7, 17, 8, 16], [11, 21, 12, 20], [9, 1, 10, 22], [17, 7, 18, 6], [1, 9, 2, 8], [21, 11, 22, 10], [13, 5, 14, 4]]"
11a_362_112,"[[13, 5, 14, 4], [3, 15, 4, 14], [15, 3, 16, 2], [19, 13, 20, 12], [5, 19, 6, 18], [7, 17, 8, 16], [11, 21, 12, 20], [9, 1, 10, 22], [17, 7, 18, 6], [1, 9, 2, 8], [21, 11, 22, 10]]"
11a_362_113,"[[21, 11, 22, 10], [13, 5, 14, 4], [3, 15, 4, 14], [15, 3, 16, 2], [19, 13, 20, 12], [5, 19, 6, 18], [7, 17, 8, 16], [11, 21, 12, 20], [9, 1, 10, 22], [17, 7, 18, 6], [1, 9, 2, 8]]"
11a_362_114,"[[1, 9, 2, 8], [21, 11, 22, 10], [13, 5, 14, 4], [3, 15, 4, 14], [15, 3, 16, 2], [19, 13, 20, 12], [5, 19, 6, 18], [7, 17, 8, 16], [11, 21, 12, 20], [9, 1, 10, 22], [17, 7, 18, 6]]"
11a_362_115,"[[17, 7, 18, 6], [1, 9, 2, 8], [21, 11, 22, 10], [13, 5, 14, 4], [3, 15, 4, 14], [15, 3, 16, 2], [19, 13, 20, 12], [5, 19, 6, 18], [7, 17, 8, 16], [11, 21, 12, 20], [9, 1, 10, 22]]"
11a_362_116,"[[9, 1, 10, 22], [17, 7, 18, 6], [1, 9, 2, 8], [21, 11, 22, 10], [13, 5, 14, 4], [3, 15, 4, 14], [15, 3, 16, 2], [19, 13, 20, 12], [5, 19, 6, 18], [7, 17, 8, 16], [11, 21, 12, 20]]"
11a_362_117,"[[11, 21, 12, 20], [9, 1, 10, 22], [17, 7, 18, 6], [1, 9, 2, 8], [21, 11, 22, 10], [13, 5, 14, 4], [3, 15, 4, 14], [15, 3, 16, 2], [19, 13, 20, 12], [5, 19, 6, 18], [7, 17, 8, 16]]"
11a_362_118,"[[7, 17, 8, 16], [11, 21, 12, 20], [9, 1, 10, 22], [17, 7, 18, 6], [1, 9, 2, 8], [21, 11, 22, 10], [13, 5, 14, 4], [3, 15, 4, 14], [15, 3, 16, 2], [19, 13, 20, 12], [5, 19, 6, 18]]"
11a_362_119,"[[5, 19, 6, 18], [7, 17, 8, 16], [11, 21, 12, 20], [9, 1, 10, 22], [17, 7, 18, 6], [1, 9, 2, 8], [21, 11, 22, 10], [13, 5, 14, 4], [3, 15, 4, 14], [15, 3, 16, 2], [19, 13, 20, 12]]"
11a_362_120,"[[19, 13, 20, 12], [5, 19, 6, 18], [7, 17, 8, 16], [11, 21, 12, 20], [9, 1, 10, 22], [17, 7, 18, 6], [1, 9, 2, 8], [21, 11, 22, 10], [13, 5, 14, 4], [3, 15, 4, 14], [15, 3, 16, 2]]"
11a_362_121,"[[16, 4, 17, 3], [20, 14, 21, 13], [6, 20, 7, 19], [8, 18, 9, 17], [12, 22, 13, 21], [10, 2, 11, 1], [18, 8, 19, 7], [2, 10, 3, 9], [22, 12, 1, 11], [14, 6, 15, 5], [4, 16, 5, 15]]"
11a_362_122,"[[4, 16, 5, 15], [16, 4, 17, 3], [20, 14, 21, 13], [6, 20, 7, 19], [8, 18, 9, 17], [12, 22, 13, 21], [10, 2, 11, 1], [18, 8, 19, 7], [2, 10, 3, 9], [22, 12, 1, 11], [14, 6, 15, 5]]"
11a_362_123,"[[14, 6, 15, 5], [4, 16, 5, 15], [16, 4, 17, 3], [20, 14, 21, 13], [6, 20, 7, 19], [8, 18, 9, 17], [12, 22, 13, 21], [10, 2, 11, 1], [18, 8, 19, 7], [2, 10, 3, 9], [22, 12, 1, 11]]"
11a_362_124,"[[22, 12, 1, 11], [14, 6, 15, 5], [4, 16, 5, 15], [16, 4, 17, 3], [20, 14, 21, 13], [6, 20, 7, 19], [8, 18, 9, 17], [12, 22, 13, 21], [10, 2, 11, 1], [18, 8, 19, 7], [2, 10, 3, 9]]"
11a_362_125,"[[2, 10, 3, 9], [22, 12, 1, 11], [14, 6, 15, 5], [4, 16, 5, 15], [16, 4, 17, 3], [20, 14, 21, 13], [6, 20, 7, 19], [8, 18, 9, 17], [12, 22, 13, 21], [10, 2, 11, 1], [18, 8, 19, 7]]"
11a_362_126,"[[18, 8, 19, 7], [2, 10, 3, 9], [22, 12, 1, 11], [14, 6, 15, 5], [4, 16, 5, 15], [16, 4, 17, 3], [20, 14, 21, 13], [6, 20, 7, 19], [8, 18, 9, 17], [12, 22, 13, 21], [10, 2, 11, 1]]"
11a_362_127,"[[10, 2, 11, 1], [18, 8, 19, 7], [2, 10, 3, 9], [22, 12, 1, 11], [14, 6, 15, 5], [4, 16, 5, 15], [16, 4, 17, 3], [20, 14, 21, 13], [6, 20, 7, 19], [8, 18, 9, 17], [12, 22, 13, 21]]"
11a_362_128,"[[12, 22, 13, 21], [10, 2, 11, 1], [18, 8, 19, 7], [2, 10, 3, 9], [22, 12, 1, 11], [14, 6, 15, 5], [4, 16, 5, 15], [16, 4, 17, 3], [20, 14, 21, 13], [6, 20, 7, 19], [8, 18, 9, 17]]"
11a_362_129,"[[8, 18, 9, 17], [12, 22, 13, 21], [10, 2, 11, 1], [18, 8, 19, 7], [2, 10, 3, 9], [22, 12, 1, 11], [14, 6, 15, 5], [4, 16, 5, 15], [16, 4, 17, 3], [20, 14, 21, 13], [6, 20, 7, 19]]"
11a_362_130,"[[6, 20, 7, 19], [8, 18, 9, 17], [12, 22, 13, 21], [10, 2, 11, 1], [18, 8, 19, 7], [2, 10, 3, 9], [22, 12, 1, 11], [14, 6, 15, 5], [4, 16, 5, 15], [16, 4, 17, 3], [20, 14, 21, 13]]"
11a_362_131,"[[20, 14, 21, 13], [6, 20, 7, 19], [8, 18, 9, 17], [12, 22, 13, 21], [10, 2, 11, 1], [18, 8, 19, 7], [2, 10, 3, 9], [22, 12, 1, 11], [14, 6, 15, 5], [4, 16, 5, 15], [16, 4, 17, 3]]"
11a_362_132,"[[17, 5, 18, 4], [21, 15, 22, 14], [7, 21, 8, 20], [9, 19, 10, 18], [13, 1, 14, 22], [11, 3, 12, 2], [19, 9, 20, 8], [3, 11, 4, 10], [1, 13, 2, 12], [15, 7, 16, 6], [5, 17, 6, 16]]"
11a_362_133,"[[5, 17, 6, 16], [17, 5, 18, 4], [21, 15, 22, 14], [7, 21, 8, 20], [9, 19, 10, 18], [13, 1, 14, 22], [11, 3, 12, 2], [19, 9, 20, 8], [3, 11, 4, 10], [1, 13, 2, 12], [15, 7, 16, 6]]"
11a_362_134,"[[15, 7, 16, 6], [5, 17, 6, 16], [17, 5, 18, 4], [21, 15, 22, 14], [7, 21, 8, 20], [9, 19, 10, 18], [13, 1, 14, 22], [11, 3, 12, 2], [19, 9, 20, 8], [3, 11, 4, 10], [1, 13, 2, 12]]"
11a_362_135,"[[1, 13, 2, 12], [15, 7, 16, 6], [5, 17, 6, 16], [17, 5, 18, 4], [21, 15, 22, 14], [7, 21, 8, 20], [9, 19, 10, 18], [13, 1, 14, 22], [11, 3, 12, 2], [19, 9, 20, 8], [3, 11, 4, 10]]"
11a_362_136,"[[3, 11, 4, 10], [1, 13, 2, 12], [15, 7, 16, 6], [5, 17, 6, 16], [17, 5, 18, 4], [21, 15, 22, 14], [7, 21, 8, 20], [9, 19, 10, 18], [13, 1, 14, 22], [11, 3, 12, 2], [19, 9, 20, 8]]"
11a_362_137,"[[19, 9, 20, 8], [3, 11, 4, 10], [1, 13, 2, 12], [15, 7, 16, 6], [5, 17, 6, 16], [17, 5, 18, 4], [21, 15, 22, 14], [7, 21, 8, 20], [9, 19, 10, 18], [13, 1, 14, 22], [11, 3, 12, 2]]"
11a_362_138,"[[11, 3, 12, 2], [19, 9, 20, 8], [3, 11, 4, 10], [1, 13, 2, 12], [15, 7, 16, 6], [5, 17, 6, 16], [17, 5, 18, 4], [21, 15, 22, 14], [7, 21, 8, 20], [9, 19, 10, 18], [13, 1, 14, 22]]"
11a_362_139,"[[13, 1, 14, 22], [11, 3, 12, 2], [19, 9, 20, 8], [3, 11, 4, 10], [1, 13, 2, 12], [15, 7, 16, 6], [5, 17, 6, 16], [17, 5, 18, 4], [21, 15, 22, 14], [7, 21, 8, 20], [9, 19, 10, 18]]"
11a_362_140,"[[9, 19, 10, 18], [13, 1, 14, 22], [11, 3, 12, 2], [19, 9, 20, 8], [3, 11, 4, 10], [1, 13, 2, 12], [15, 7, 16, 6], [5, 17, 6, 16], [17, 5, 18, 4], [21, 15, 22, 14], [7, 21, 8, 20]]"
11a_362_141,"[[7, 21, 8, 20], [9, 19, 10, 18], [13, 1, 14, 22], [11, 3, 12, 2], [19, 9, 20, 8], [3, 11, 4, 10], [1, 13, 2, 12], [15, 7, 16, 6], [5, 17, 6, 16], [17, 5, 18, 4], [21, 15, 22, 14]]"
11a_362_142,"[[21, 15, 22, 14], [7, 21, 8, 20], [9, 19, 10, 18], [13, 1, 14, 22], [11, 3, 12, 2], [19, 9, 20, 8], [3, 11, 4, 10], [1, 13, 2, 12], [15, 7, 16, 6], [5, 17, 6, 16], [17, 5, 18, 4]]"
11a_362_143,"[[18, 6, 19, 5], [22, 16, 1, 15], [8, 22, 9, 21], [10, 20, 11, 19], [14, 2, 15, 1], [12, 4, 13, 3], [20, 10, 21, 9], [4, 12, 5, 11], [2, 14, 3, 13], [16, 8, 17, 7], [6, 18, 7, 17]]"
11a_362_144,"[[6, 18, 7, 17], [18, 6, 19, 5], [22, 16, 1, 15], [8, 22, 9, 21], [10, 20, 11, 19], [14, 2, 15, 1], [12, 4, 13, 3], [20, 10, 21, 9], [4, 12, 5, 11], [2, 14, 3, 13], [16, 8, 17, 7]]"
11a_362_145,"[[16, 8, 17, 7], [6, 18, 7, 17], [18, 6, 19, 5], [22, 16, 1, 15], [8, 22, 9, 21], [10, 20, 11, 19], [14, 2, 15, 1], [12, 4, 13, 3], [20, 10, 21, 9], [4, 12, 5, 11], [2, 14, 3, 13]]"
11a_362_146,"[[2, 14, 3, 13], [16, 8, 17, 7], [6, 18, 7, 17], [18, 6, 19, 5], [22, 16, 1, 15], [8, 22, 9, 21], [10, 20, 11, 19], [14, 2, 15, 1], [12, 4, 13, 3], [20, 10, 21, 9], [4, 12, 5, 11]]"
11a_362_147,"[[4, 12, 5, 11], [2, 14, 3, 13], [16, 8, 17, 7], [6, 18, 7, 17], [18, 6, 19, 5], [22, 16, 1, 15], [8, 22, 9, 21], [10, 20, 11, 19], [14, 2, 15, 1], [12, 4, 13, 3], [20, 10, 21, 9]]"
11a_362_148,"[[20, 10, 21, 9], [4, 12, 5, 11], [2, 14, 3, 13], [16, 8, 17, 7], [6, 18, 7, 17], [18, 6, 19, 5], [22, 16, 1, 15], [8, 22, 9, 21], [10, 20, 11, 19], [14, 2, 15, 1], [12, 4, 13, 3]]"
11a_362_149,"[[12, 4, 13, 3], [20, 10, 21, 9], [4, 12, 5, 11], [2, 14, 3, 13], [16, 8, 17, 7], [6, 18, 7, 17], [18, 6, 19, 5], [22, 16, 1, 15], [8, 22, 9, 21], [10, 20, 11, 19], [14, 2, 15, 1]]"
11a_362_150,"[[14, 2, 15, 1], [12, 4, 13, 3], [20, 10, 21, 9], [4, 12, 5, 11], [2, 14, 3, 13], [16, 8, 17, 7], [6, 18, 7, 17], [18, 6, 19, 5], [22, 16, 1, 15], [8, 22, 9, 21], [10, 20, 11, 19]]"
11a_362_151,"[[10, 20, 11, 19], [14, 2, 15, 1], [12, 4, 13, 3], [20, 10, 21, 9], [4, 12, 5, 11], [2, 14, 3, 13], [16, 8, 17, 7], [6, 18, 7, 17], [18, 6, 19, 5], [22, 16, 1, 15], [8, 22, 9, 21]]"
11a_362_152,"[[8, 22, 9, 21], [10, 20, 11, 19], [14, 2, 15, 1], [12, 4, 13, 3], [20, 10, 21, 9], [4, 12, 5, 11], [2, 14, 3, 13], [16, 8, 17, 7], [6, 18, 7, 17], [18, 6, 19, 5], [22, 16, 1, 15]]"
11a_362_153,"[[22, 16, 1, 15], [8, 22, 9, 21], [10, 20, 11, 19], [14, 2, 15, 1], [12, 4, 13, 3], [20, 10, 21, 9], [4, 12, 5, 11], [2, 14, 3, 13], [16, 8, 17, 7], [6, 18, 7, 17], [18, 6, 19, 5]]"
11a_362_154,"[[19, 7, 20, 6], [1, 17, 2, 16], [9, 1, 10, 22], [11, 21, 12, 20], [15, 3, 16, 2], [13, 5, 14, 4], [21, 11, 22, 10], [5, 13, 6, 12], [3, 15, 4, 14], [17, 9, 18, 8], [7, 19, 8, 18]]"
11a_362_155,"[[7, 19, 8, 18], [19, 7, 20, 6], [1, 17, 2, 16], [9, 1, 10, 22], [11, 21, 12, 20], [15, 3, 16, 2], [13, 5, 14, 4], [21, 11, 22, 10], [5, 13, 6, 12], [3, 15, 4, 14], [17, 9, 18, 8]]"
11a_362_156,"[[17, 9, 18, 8], [7, 19, 8, 18], [19, 7, 20, 6], [1, 17, 2, 16], [9, 1, 10, 22], [11, 21, 12, 20], [15, 3, 16, 2], [13, 5, 14, 4], [21, 11, 22, 10], [5, 13, 6, 12], [3, 15, 4, 14]]"
11a_362_157,"[[3, 15, 4, 14], [17, 9, 18, 8], [7, 19, 8, 18], [19, 7, 20, 6], [1, 17, 2, 16], [9, 1, 10, 22], [11, 21, 12, 20], [15, 3, 16, 2], [13, 5, 14, 4], [21, 11, 22, 10], [5, 13, 6, 12]]"
11a_362_158,"[[5, 13, 6, 12], [3, 15, 4, 14], [17, 9, 18, 8], [7, 19, 8, 18], [19, 7, 20, 6], [1, 17, 2, 16], [9, 1, 10, 22], [11, 21, 12, 20], [15, 3, 16, 2], [13, 5, 14, 4], [21, 11, 22, 10]]"
11a_362_159,"[[21, 11, 22, 10], [5, 13, 6, 12], [3, 15, 4, 14], [17, 9, 18, 8], [7, 19, 8, 18], [19, 7, 20, 6], [1, 17, 2, 16], [9, 1, 10, 22], [11, 21, 12, 20], [15, 3, 16, 2], [13, 5, 14, 4]]"
11a_362_160,"[[13, 5, 14, 4], [21, 11, 22, 10], [5, 13, 6, 12], [3, 15, 4, 14], [17, 9, 18, 8], [7, 19, 8, 18], [19, 7, 20, 6], [1, 17, 2, 16], [9, 1, 10, 22], [11, 21, 12, 20], [15, 3, 16, 2]]"
11a_362_161,"[[15, 3, 16, 2], [13, 5, 14, 4], [21, 11, 22, 10], [5, 13, 6, 12], [3, 15, 4, 14], [17, 9, 18, 8], [7, 19, 8, 18], [19, 7, 20, 6], [1, 17, 2, 16], [9, 1, 10, 22], [11, 21, 12, 20]]"
11a_362_162,"[[11, 21, 12, 20], [15, 3, 16, 2], [13, 5, 14, 4], [21, 11, 22, 10], [5, 13, 6, 12], [3, 15, 4, 14], [17, 9, 18, 8], [7, 19, 8, 18], [19, 7, 20, 6], [1, 17, 2, 16], [9, 1, 10, 22]]"
11a_362_163,"[[9, 1, 10, 22], [11, 21, 12, 20], [15, 3, 16, 2], [13, 5, 14, 4], [21, 11, 22, 10], [5, 13, 6, 12], [3, 15, 4, 14], [17, 9, 18, 8], [7, 19, 8, 18], [19, 7, 20, 6], [1, 17, 2, 16]]"
11a_362_164,"[[1, 17, 2, 16], [9, 1, 10, 22], [11, 21, 12, 20], [15, 3, 16, 2], [13, 5, 14, 4], [21, 11, 22, 10], [5, 13, 6, 12], [3, 15, 4, 14], [17, 9, 18, 8], [7, 19, 8, 18], [19, 7, 20, 6]]"
11a_362_165,"[[20, 8, 21, 7], [2, 18, 3, 17], [10, 2, 11, 1], [12, 22, 13, 21], [16, 4, 17, 3], [14, 6, 15, 5], [22, 12, 1, 11], [6, 14, 7, 13], [4, 16, 5, 15], [18, 10, 19, 9], [8, 20, 9, 19]]"
11a_362_166,"[[8, 20, 9, 19], [20, 8, 21, 7], [2, 18, 3, 17], [10, 2, 11, 1], [12, 22, 13, 21], [16, 4, 17, 3], [14, 6, 15, 5], [22, 12, 1, 11], [6, 14, 7, 13], [4, 16, 5, 15], [18, 10, 19, 9]]"
11a_362_167,"[[18, 10, 19, 9], [8, 20, 9, 19], [20, 8, 21, 7], [2, 18, 3, 17], [10, 2, 11, 1], [12, 22, 13, 21], [16, 4, 17, 3], [14, 6, 15, 5], [22, 12, 1, 11], [6, 14, 7, 13], [4, 16, 5, 15]]"
11a_362_168,"[[4, 16, 5, 15], [18, 10, 19, 9], [8, 20, 9, 19], [20, 8, 21, 7], [2, 18, 3, 17], [10, 2, 11, 1], [12, 22, 13, 21], [16, 4, 17, 3], [14, 6, 15, 5], [22, 12, 1, 11], [6, 14, 7, 13]]"
11a_362_169,"[[6, 14, 7, 13], [4, 16, 5, 15], [18, 10, 19, 9], [8, 20, 9, 19], [20, 8, 21, 7], [2, 18, 3, 17], [10, 2, 11, 1], [12, 22, 13, 21], [16, 4, 17, 3], [14, 6, 15, 5], [22, 12, 1, 11]]"
11a_362_170,"[[22, 12, 1, 11], [6, 14, 7, 13], [4, 16, 5, 15], [18, 10, 19, 9], [8, 20, 9, 19], [20, 8, 21, 7], [2, 18, 3, 17], [10, 2, 11, 1], [12, 22, 13, 21], [16, 4, 17, 3], [14, 6, 15, 5]]"
11a_362_171,"[[14, 6, 15, 5], [22, 12, 1, 11], [6, 14, 7, 13], [4, 16, 5, 15], [18, 10, 19, 9], [8, 20, 9, 19], [20, 8, 21, 7], [2, 18, 3, 17], [10, 2, 11, 1], [12, 22, 13, 21], [16, 4, 17, 3]]"
11a_362_172,"[[16, 4, 17, 3], [14, 6, 15, 5], [22, 12, 1, 11], [6, 14, 7, 13], [4, 16, 5, 15], [18, 10, 19, 9], [8, 20, 9, 19], [20, 8, 21, 7], [2, 18, 3, 17], [10, 2, 11, 1], [12, 22, 13, 21]]"
11a_362_173,"[[12, 22, 13, 21], [16, 4, 17, 3], [14, 6, 15, 5], [22, 12, 1, 11], [6, 14, 7, 13], [4, 16, 5, 15], [18, 10, 19, 9], [8, 20, 9, 19], [20, 8, 21, 7], [2, 18, 3, 17], [10, 2, 11, 1]]"
11a_362_174,"[[10, 2, 11, 1], [12, 22, 13, 21], [16, 4, 17, 3], [14, 6, 15, 5], [22, 12, 1, 11], [6, 14, 7, 13], [4, 16, 5, 15], [18, 10, 19, 9], [8, 20, 9, 19], [20, 8, 21, 7], [2, 18, 3, 17]]"
11a_362_175,"[[2, 18, 3, 17], [10, 2, 11, 1], [12, 22, 13, 21], [16, 4, 17, 3], [14, 6, 15, 5], [22, 12, 1, 11], [6, 14, 7, 13], [4, 16, 5, 15], [18, 10, 19, 9], [8, 20, 9, 19], [20, 8, 21, 7]]"
11a_362_176,"[[21, 9, 22, 8], [3, 19, 4, 18], [11, 3, 12, 2], [13, 1, 14, 22], [17, 5, 18, 4], [15, 7, 16, 6], [1, 13, 2, 12], [7, 15, 8, 14], [5, 17, 6, 16], [19, 11, 20, 10], [9, 21, 10, 20]]"
11a_362_177,"[[9, 21, 10, 20], [21, 9, 22, 8], [3, 19, 4, 18], [11, 3, 12, 2], [13, 1, 14, 22], [17, 5, 18, 4], [15, 7, 16, 6], [1, 13, 2, 12], [7, 15, 8, 14], [5, 17, 6, 16], [19, 11, 20, 10]]"
11a_362_178,"[[19, 11, 20, 10], [9, 21, 10, 20], [21, 9, 22, 8], [3, 19, 4, 18], [11, 3, 12, 2], [13, 1, 14, 22], [17, 5, 18, 4], [15, 7, 16, 6], [1, 13, 2, 12], [7, 15, 8, 14], [5, 17, 6, 16]]"
11a_362_179,"[[5, 17, 6, 16], [19, 11, 20, 10], [9, 21, 10, 20], [21, 9, 22, 8], [3, 19, 4, 18], [11, 3, 12, 2], [13, 1, 14, 22], [17, 5, 18, 4], [15, 7, 16, 6], [1, 13, 2, 12], [7, 15, 8, 14]]"
11a_362_180,"[[7, 15, 8, 14], [5, 17, 6, 16], [19, 11, 20, 10], [9, 21, 10, 20], [21, 9, 22, 8], [3, 19, 4, 18], [11, 3, 12, 2], [13, 1, 14, 22], [17, 5, 18, 4], [15, 7, 16, 6], [1, 13, 2, 12]]"
11a_362_181,"[[1, 13, 2, 12], [7, 15, 8, 14], [5, 17, 6, 16], [19, 11, 20, 10], [9, 21, 10, 20], [21, 9, 22, 8], [3, 19, 4, 18], [11, 3, 12, 2], [13, 1, 14, 22], [17, 5, 18, 4], [15, 7, 16, 6]]"
11a_362_182,"[[15, 7, 16, 6], [1, 13, 2, 12], [7, 15, 8, 14], [5, 17, 6, 16], [19, 11, 20, 10], [9, 21, 10, 20], [21, 9, 22, 8], [3, 19, 4, 18], [11, 3, 12, 2], [13, 1, 14, 22], [17, 5, 18, 4]]"
11a_362_183,"[[17, 5, 18, 4], [15, 7, 16, 6], [1, 13, 2, 12], [7, 15, 8, 14], [5, 17, 6, 16], [19, 11, 20, 10], [9, 21, 10, 20], [21, 9, 22, 8], [3, 19, 4, 18], [11, 3, 12, 2], [13, 1, 14, 22]]"
11a_362_184,"[[13, 1, 14, 22], [17, 5, 18, 4], [15, 7, 16, 6], [1, 13, 2, 12], [7, 15, 8, 14], [5, 17, 6, 16], [19, 11, 20, 10], [9, 21, 10, 20], [21, 9, 22, 8], [3, 19, 4, 18], [11, 3, 12, 2]]"
11a_362_185,"[[11, 3, 12, 2], [13, 1, 14, 22], [17, 5, 18, 4], [15, 7, 16, 6], [1, 13, 2, 12], [7, 15, 8, 14], [5, 17, 6, 16], [19, 11, 20, 10], [9, 21, 10, 20], [21, 9, 22, 8], [3, 19, 4, 18]]"
11a_362_186,"[[3, 19, 4, 18], [11, 3, 12, 2], [13, 1, 14, 22], [17, 5, 18, 4], [15, 7, 16, 6], [1, 13, 2, 12], [7, 15, 8, 14], [5, 17, 6, 16], [19, 11, 20, 10], [9, 21, 10, 20], [21, 9, 22, 8]]"
11a_362_187,"[[22, 10, 1, 9], [4, 20, 5, 19], [12, 4, 13, 3], [14, 2, 15, 1], [18, 6, 19, 5], [16, 8, 17, 7], [2, 14, 3, 13], [8, 16, 9, 15], [6, 18, 7, 17], [20, 12, 21, 11], [10, 22, 11, 21]]"
11a_362_188,"[[10, 22, 11, 21], [22, 10, 1, 9], [4, 20, 5, 19], [12, 4, 13, 3], [14, 2, 15, 1], [18, 6, 19, 5], [16, 8, 17, 7], [2, 14, 3, 13], [8, 16, 9, 15], [6, 18, 7, 17], [20, 12, 21, 11]]"
11a_362_189,"[[20, 12, 21, 11], [10, 22, 11, 21], [22, 10, 1, 9], [4, 20, 5, 19], [12, 4, 13, 3], [14, 2, 15, 1], [18, 6, 19, 5], [16, 8, 17, 7], [2, 14, 3, 13], [8, 16, 9, 15], [6, 18, 7, 17]]"
11a_362_190,"[[6, 18, 7, 17], [20, 12, 21, 11], [10, 22, 11, 21], [22, 10, 1, 9], [4, 20, 5, 19], [12, 4, 13, 3], [14, 2, 15, 1], [18, 6, 19, 5], [16, 8, 17, 7], [2, 14, 3, 13], [8, 16, 9, 15]]"
11a_362_191,"[[8, 16, 9, 15], [6, 18, 7, 17], [20, 12, 21, 11], [10, 22, 11, 21], [22, 10, 1, 9], [4, 20, 5, 19], [12, 4, 13, 3], [14, 2, 15, 1], [18, 6, 19, 5], [16, 8, 17, 7], [2, 14, 3, 13]]"
11a_362_192,"[[2, 14, 3, 13], [8, 16, 9, 15], [6, 18, 7, 17], [20, 12, 21, 11], [10, 22, 11, 21], [22, 10, 1, 9], [4, 20, 5, 19], [12, 4, 13, 3], [14, 2, 15, 1], [18, 6, 19, 5], [16, 8, 17, 7]]"
11a_362_193,"[[16, 8, 17, 7], [2, 14, 3, 13], [8, 16, 9, 15], [6, 18, 7, 17], [20, 12, 21, 11], [10, 22, 11, 21], [22, 10, 1, 9], [4, 20, 5, 19], [12, 4, 13, 3], [14, 2, 15, 1], [18, 6, 19, 5]]"
11a_362_194,"[[18, 6, 19, 5], [16, 8, 17, 7], [2, 14, 3, 13], [8, 16, 9, 15], [6, 18, 7, 17], [20, 12, 21, 11], [10, 22, 11, 21], [22, 10, 1, 9], [4, 20, 5, 19], [12, 4, 13, 3], [14, 2, 15, 1]]"
11a_362_195,"[[14, 2, 15, 1], [18, 6, 19, 5], [16, 8, 17, 7], [2, 14, 3, 13], [8, 16, 9, 15], [6, 18, 7, 17], [20, 12, 21, 11], [10, 22, 11, 21], [22, 10, 1, 9], [4, 20, 5, 19], [12, 4, 13, 3]]"
11a_362_196,"[[12, 4, 13, 3], [14, 2, 15, 1], [18, 6, 19, 5], [16, 8, 17, 7], [2, 14, 3, 13], [8, 16, 9, 15], [6, 18, 7, 17], [20, 12, 21, 11], [10, 22, 11, 21], [22, 10, 1, 9], [4, 20, 5, 19]]"
11a_362_197,"[[4, 20, 5, 19], [12, 4, 13, 3], [14, 2, 15, 1], [18, 6, 19, 5], [16, 8, 17, 7], [2, 14, 3, 13], [8, 16, 9, 15], [6, 18, 7, 17], [20, 12, 21, 11], [10, 22, 11, 21], [22, 10, 1, 9]]"
11a_362_198,"[[1, 11, 2, 10], [5, 21, 6, 20], [13, 5, 14, 4], [15, 3, 16, 2], [19, 7, 20, 6], [17, 9, 18, 8], [3, 15, 4, 14], [9, 17, 10, 16], [7, 19, 8, 18], [21, 13, 22, 12], [11, 1, 12, 22]]"
11a_362_199,"[[11, 1, 12, 22], [1, 11, 2, 10], [5, 21, 6, 20], [13, 5, 14, 4], [15, 3, 16, 2], [19, 7, 20, 6], [17, 9, 18, 8], [3, 15, 4, 14], [9, 17, 10, 16], [7, 19, 8, 18], [21, 13, 22, 12]]"
11a_362_200,"[[21, 13, 22, 12], [11, 1, 12, 22], [1, 11, 2, 10], [5, 21, 6, 20], [13, 5, 14, 4], [15, 3, 16, 2], [19, 7, 20, 6], [17, 9, 18, 8], [3, 15, 4, 14], [9, 17, 10, 16], [7, 19, 8, 18]]"
11a_362_201,"[[7, 19, 8, 18], [21, 13, 22, 12], [11, 1, 12, 22], [1, 11, 2, 10], [5, 21, 6, 20], [13, 5, 14, 4], [15, 3, 16, 2], [19, 7, 20, 6], [17, 9, 18, 8], [3, 15, 4, 14], [9, 17, 10, 16]]"
11a_362_202,"[[9, 17, 10, 16], [7, 19, 8, 18], [21, 13, 22, 12], [11, 1, 12, 22], [1, 11, 2, 10], [5, 21, 6, 20], [13, 5, 14, 4], [15, 3, 16, 2], [19, 7, 20, 6], [17, 9, 18, 8], [3, 15, 4, 14]]"
11a_362_203,"[[3, 15, 4, 14], [9, 17, 10, 16], [7, 19, 8, 18], [21, 13, 22, 12], [11, 1, 12, 22], [1, 11, 2, 10], [5, 21, 6, 20], [13, 5, 14, 4], [15, 3, 16, 2], [19, 7, 20, 6], [17, 9, 18, 8]]"
