name,pd_notation
11a_19_0,"[[3, 9, 4, 8], [5, 3, 6, 2], [9, 5, 10, 4], [1, 18, 2, 19], [13, 6, 14, 7], [7, 14, 8, 15], [19, 13, 20, 12], [15, 21, 16, 20], [17, 10, 18, 11], [21, 17, 22, 16], [11, 1, 12, 22]]"
11a_19_1,"[[11, 1, 12, 22], [3, 9, 4, 8], [5, 3, 6, 2], [9, 5, 10, 4], [1, 18, 2, 19], [13, 6, 14, 7], [7, 14, 8, 15], [19, 13, 20, 12], [15, 21, 16, 20], [17, 10, 18, 11], [21, 17, 22, 16]]"
11a_19_2,"[[21, 17, 22, 16], [11, 1, 12, 22], [3, 9, 4, 8], [5, 3, 6, 2], [9, 5, 10, 4], [1, 18, 2, 19], [13, 6, 14, 7], [7, 14, 8, 15], [19, 13, 20, 12], [15, 21, 16, 20], [17, 10, 18, 11]]"
11a_19_3,"[[17, 10, 18, 11], [21, 17, 22, 16], [11, 1, 12, 22], [3, 9, 4, 8], [5, 3, 6, 2], [9, 5, 10, 4], [1, 18, 2, 19], [13, 6, 14, 7], [7, 14, 8, 15], [19, 13, 20, 12], [15, 21, 16, 20]]"
11a_19_4,"[[15, 21, 16, 20], [17, 10, 18, 11], [21, 17, 22, 16], [11, 1, 12, 22], [3, 9, 4, 8], [5, 3, 6, 2], [9, 5, 10, 4], [1, 18, 2, 19], [13, 6, 14, 7], [7, 14, 8, 15], [19, 13, 20, 12]]"
11a_19_5,"[[19, 13, 20, 12], [15, 21, 16, 20], [17, 10, 18, 11], [21, 17, 22, 16], [11, 1, 12, 22], [3, 9, 4, 8], [5, 3, 6, 2], [9, 5, 10, 4], [1, 18, 2, 19], [13, 6, 14, 7], [7, 14, 8, 15]]"
11a_19_6,"[[7, 14, 8, 15], [19, 13, 20, 12], [15, 21, 16, 20], [17, 10, 18, 11], [21, 17, 22, 16], [11, 1, 12, 22], [3, 9, 4, 8], [5, 3, 6, 2], [9, 5, 10, 4], [1, 18, 2, 19], [13, 6, 14, 7]]"
11a_19_7,"[[13, 6, 14, 7], [7, 14, 8, 15], [19, 13, 20, 12], [15, 21, 16, 20], [17, 10, 18, 11], [21, 17, 22, 16], [11, 1, 12, 22], [3, 9, 4, 8], [5, 3, 6, 2], [9, 5, 10, 4], [1, 18, 2, 19]]"
11a_19_8,"[[1, 18, 2, 19], [13, 6, 14, 7], [7, 14, 8, 15], [19, 13, 20, 12], [15, 21, 16, 20], [17, 10, 18, 11], [21, 17, 22, 16], [11, 1, 12, 22], [3, 9, 4, 8], [5, 3, 6, 2], [9, 5, 10, 4]]"
11a_19_9,"[[9, 5, 10, 4], [1, 18, 2, 19], [13, 6, 14, 7], [7, 14, 8, 15], [19, 13, 20, 12], [15, 21, 16, 20], [17, 10, 18, 11], [21, 17, 22, 16], [11, 1, 12, 22], [3, 9, 4, 8], [5, 3, 6, 2]]"
11a_19_10,"[[5, 3, 6, 2], [9, 5, 10, 4], [1, 18, 2, 19], [13, 6, 14, 7], [7, 14, 8, 15], [19, 13, 20, 12], [15, 21, 16, 20], [17, 10, 18, 11], [21, 17, 22, 16], [11, 1, 12, 22], [3, 9, 4, 8]]"
11a_19_11,"[[4, 10, 5, 9], [6, 4, 7, 3], [10, 6, 11, 5], [2, 19, 3, 20], [14, 7, 15, 8], [8, 15, 9, 16], [20, 14, 21, 13], [16, 22, 17, 21], [18, 11, 19, 12], [22, 18, 1, 17], [12, 2, 13, 1]]"
11a_19_12,"[[12, 2, 13, 1], [4, 10, 5, 9], [6, 4, 7, 3], [10, 6, 11, 5], [2, 19, 3, 20], [14, 7, 15, 8], [8, 15, 9, 16], [20, 14, 21, 13], [16, 22, 17, 21], [18, 11, 19, 12], [22, 18, 1, 17]]"
11a_19_13,"[[22, 18, 1, 17], [12, 2, 13, 1], [4, 10, 5, 9], [6, 4, 7, 3], [10, 6, 11, 5], [2, 19, 3, 20], [14, 7, 15, 8], [8, 15, 9, 16], [20, 14, 21, 13], [16, 22, 17, 21], [18, 11, 19, 12]]"
11a_19_14,"[[18, 11, 19, 12], [22, 18, 1, 17], [12, 2, 13, 1], [4, 10, 5, 9], [6, 4, 7, 3], [10, 6, 11, 5], [2, 19, 3, 20], [14, 7, 15, 8], [8, 15, 9, 16], [20, 14, 21, 13], [16, 22, 17, 21]]"
11a_19_15,"[[16, 22, 17, 21], [18, 11, 19, 12], [22, 18, 1, 17], [12, 2, 13, 1], [4, 10, 5, 9], [6, 4, 7, 3], [10, 6, 11, 5], [2, 19, 3, 20], [14, 7, 15, 8], [8, 15, 9, 16], [20, 14, 21, 13]]"
11a_19_16,"[[20, 14, 21, 13], [16, 22, 17, 21], [18, 11, 19, 12], [22, 18, 1, 17], [12, 2, 13, 1], [4, 10, 5, 9], [6, 4, 7, 3], [10, 6, 11, 5], [2, 19, 3, 20], [14, 7, 15, 8], [8, 15, 9, 16]]"
11a_19_17,"[[8, 15, 9, 16], [20, 14, 21, 13], [16, 22, 17, 21], [18, 11, 19, 12], [22, 18, 1, 17], [12, 2, 13, 1], [4, 10, 5, 9], [6, 4, 7, 3], [10, 6, 11, 5], [2, 19, 3, 20], [14, 7, 15, 8]]"
11a_19_18,"[[14, 7, 15, 8], [8, 15, 9, 16], [20, 14, 21, 13], [16, 22, 17, 21], [18, 11, 19, 12], [22, 18, 1, 17], [12, 2, 13, 1], [4, 10, 5, 9], [6, 4, 7, 3], [10, 6, 11, 5], [2, 19, 3, 20]]"
11a_19_19,"[[2, 19, 3, 20], [14, 7, 15, 8], [8, 15, 9, 16], [20, 14, 21, 13], [16, 22, 17, 21], [18, 11, 19, 12], [22, 18, 1, 17], [12, 2, 13, 1], [4, 10, 5, 9], [6, 4, 7, 3], [10, 6, 11, 5]]"
11a_19_20,"[[10, 6, 11, 5], [2, 19, 3, 20], [14, 7, 15, 8], [8, 15, 9, 16], [20, 14, 21, 13], [16, 22, 17, 21], [18, 11, 19, 12], [22, 18, 1, 17], [12, 2, 13, 1], [4, 10, 5, 9], [6, 4, 7, 3]]"
11a_19_21,"[[6, 4, 7, 3], [10, 6, 11, 5], [2, 19, 3, 20], [14, 7, 15, 8], [8, 15, 9, 16], [20, 14, 21, 13], [16, 22, 17, 21], [18, 11, 19, 12], [22, 18, 1, 17], [12, 2, 13, 1], [4, 10, 5, 9]]"
11a_19_22,"[[5, 11, 6, 10], [7, 5, 8, 4], [11, 7, 12, 6], [3, 20, 4, 21], [15, 8, 16, 9], [9, 16, 10, 17], [21, 15, 22, 14], [17, 1, 18, 22], [19, 12, 20, 13], [1, 19, 2, 18], [13, 3, 14, 2]]"
11a_19_23,"[[13, 3, 14, 2], [5, 11, 6, 10], [7, 5, 8, 4], [11, 7, 12, 6], [3, 20, 4, 21], [15, 8, 16, 9], [9, 16, 10, 17], [21, 15, 22, 14], [17, 1, 18, 22], [19, 12, 20, 13], [1, 19, 2, 18]]"
11a_19_24,"[[1, 19, 2, 18], [13, 3, 14, 2], [5, 11, 6, 10], [7, 5, 8, 4], [11, 7, 12, 6], [3, 20, 4, 21], [15, 8, 16, 9], [9, 16, 10, 17], [21, 15, 22, 14], [17, 1, 18, 22], [19, 12, 20, 13]]"
11a_19_25,"[[19, 12, 20, 13], [1, 19, 2, 18], [13, 3, 14, 2], [5, 11, 6, 10], [7, 5, 8, 4], [11, 7, 12, 6], [3, 20, 4, 21], [15, 8, 16, 9], [9, 16, 10, 17], [21, 15, 22, 14], [17, 1, 18, 22]]"
11a_19_26,"[[17, 1, 18, 22], [19, 12, 20, 13], [1, 19, 2, 18], [13, 3, 14, 2], [5, 11, 6, 10], [7, 5, 8, 4], [11, 7, 12, 6], [3, 20, 4, 21], [15, 8, 16, 9], [9, 16, 10, 17], [21, 15, 22, 14]]"
11a_19_27,"[[21, 15, 22, 14], [17, 1, 18, 22], [19, 12, 20, 13], [1, 19, 2, 18], [13, 3, 14, 2], [5, 11, 6, 10], [7, 5, 8, 4], [11, 7, 12, 6], [3, 20, 4, 21], [15, 8, 16, 9], [9, 16, 10, 17]]"
11a_19_28,"[[9, 16, 10, 17], [21, 15, 22, 14], [17, 1, 18, 22], [19, 12, 20, 13], [1, 19, 2, 18], [13, 3, 14, 2], [5, 11, 6, 10], [7, 5, 8, 4], [11, 7, 12, 6], [3, 20, 4, 21], [15, 8, 16, 9]]"
11a_19_29,"[[15, 8, 16, 9], [9, 16, 10, 17], [21, 15, 22, 14], [17, 1, 18, 22], [19, 12, 20, 13], [1, 19, 2, 18], [13, 3, 14, 2], [5, 11, 6, 10], [7, 5, 8, 4], [11, 7, 12, 6], [3, 20, 4, 21]]"
11a_19_30,"[[3, 20, 4, 21], [15, 8, 16, 9], [9, 16, 10, 17], [21, 15, 22, 14], [17, 1, 18, 22], [19, 12, 20, 13], [1, 19, 2, 18], [13, 3, 14, 2], [5, 11, 6, 10], [7, 5, 8, 4], [11, 7, 12, 6]]"
11a_19_31,"[[11, 7, 12, 6], [3, 20, 4, 21], [15, 8, 16, 9], [9, 16, 10, 17], [21, 15, 22, 14], [17, 1, 18, 22], [19, 12, 20, 13], [1, 19, 2, 18], [13, 3, 14, 2], [5, 11, 6, 10], [7, 5, 8, 4]]"
11a_19_32,"[[7, 5, 8, 4], [11, 7, 12, 6], [3, 20, 4, 21], [15, 8, 16, 9], [9, 16, 10, 17], [21, 15, 22, 14], [17, 1, 18, 22], [19, 12, 20, 13], [1, 19, 2, 18], [13, 3, 14, 2], [5, 11, 6, 10]]"
11a_19_33,"[[6, 12, 7, 11], [8, 6, 9, 5], [12, 8, 13, 7], [4, 21, 5, 22], [16, 9, 17, 10], [10, 17, 11, 18], [22, 16, 1, 15], [18, 2, 19, 1], [20, 13, 21, 14], [2, 20, 3, 19], [14, 4, 15, 3]]"
11a_19_34,"[[14, 4, 15, 3], [6, 12, 7, 11], [8, 6, 9, 5], [12, 8, 13, 7], [4, 21, 5, 22], [16, 9, 17, 10], [10, 17, 11, 18], [22, 16, 1, 15], [18, 2, 19, 1], [20, 13, 21, 14], [2, 20, 3, 19]]"
11a_19_35,"[[2, 20, 3, 19], [14, 4, 15, 3], [6, 12, 7, 11], [8, 6, 9, 5], [12, 8, 13, 7], [4, 21, 5, 22], [16, 9, 17, 10], [10, 17, 11, 18], [22, 16, 1, 15], [18, 2, 19, 1], [20, 13, 21, 14]]"
11a_19_36,"[[20, 13, 21, 14], [2, 20, 3, 19], [14, 4, 15, 3], [6, 12, 7, 11], [8, 6, 9, 5], [12, 8, 13, 7], [4, 21, 5, 22], [16, 9, 17, 10], [10, 17, 11, 18], [22, 16, 1, 15], [18, 2, 19, 1]]"
11a_19_37,"[[18, 2, 19, 1], [20, 13, 21, 14], [2, 20, 3, 19], [14, 4, 15, 3], [6, 12, 7, 11], [8, 6, 9, 5], [12, 8, 13, 7], [4, 21, 5, 22], [16, 9, 17, 10], [10, 17, 11, 18], [22, 16, 1, 15]]"
11a_19_38,"[[22, 16, 1, 15], [18, 2, 19, 1], [20, 13, 21, 14], [2, 20, 3, 19], [14, 4, 15, 3], [6, 12, 7, 11], [8, 6, 9, 5], [12, 8, 13, 7], [4, 21, 5, 22], [16, 9, 17, 10], [10, 17, 11, 18]]"
11a_19_39,"[[10, 17, 11, 18], [22, 16, 1, 15], [18, 2, 19, 1], [20, 13, 21, 14], [2, 20, 3, 19], [14, 4, 15, 3], [6, 12, 7, 11], [8, 6, 9, 5], [12, 8, 13, 7], [4, 21, 5, 22], [16, 9, 17, 10]]"
11a_19_40,"[[16, 9, 17, 10], [10, 17, 11, 18], [22, 16, 1, 15], [18, 2, 19, 1], [20, 13, 21, 14], [2, 20, 3, 19], [14, 4, 15, 3], [6, 12, 7, 11], [8, 6, 9, 5], [12, 8, 13, 7], [4, 21, 5, 22]]"
11a_19_41,"[[4, 21, 5, 22], [16, 9, 17, 10], [10, 17, 11, 18], [22, 16, 1, 15], [18, 2, 19, 1], [20, 13, 21, 14], [2, 20, 3, 19], [14, 4, 15, 3], [6, 12, 7, 11], [8, 6, 9, 5], [12, 8, 13, 7]]"
11a_19_42,"[[12, 8, 13, 7], [4, 21, 5, 22], [16, 9, 17, 10], [10, 17, 11, 18], [22, 16, 1, 15], [18, 2, 19, 1], [20, 13, 21, 14], [2, 20, 3, 19], [14, 4, 15, 3], [6, 12, 7, 11], [8, 6, 9, 5]]"
11a_19_43,"[[8, 6, 9, 5], [12, 8, 13, 7], [4, 21, 5, 22], [16, 9, 17, 10], [10, 17, 11, 18], [22, 16, 1, 15], [18, 2, 19, 1], [20, 13, 21, 14], [2, 20, 3, 19], [14, 4, 15, 3], [6, 12, 7, 11]]"
11a_19_44,"[[7, 13, 8, 12], [9, 7, 10, 6], [13, 9, 14, 8], [5, 22, 6, 1], [17, 10, 18, 11], [11, 18, 12, 19], [1, 17, 2, 16], [19, 3, 20, 2], [21, 14, 22, 15], [3, 21, 4, 20], [15, 5, 16, 4]]"
11a_19_45,"[[15, 5, 16, 4], [7, 13, 8, 12], [9, 7, 10, 6], [13, 9, 14, 8], [5, 22, 6, 1], [17, 10, 18, 11], [11, 18, 12, 19], [1, 17, 2, 16], [19, 3, 20, 2], [21, 14, 22, 15], [3, 21, 4, 20]]"
11a_19_46,"[[3, 21, 4, 20], [15, 5, 16, 4], [7, 13, 8, 12], [9, 7, 10, 6], [13, 9, 14, 8], [5, 22, 6, 1], [17, 10, 18, 11], [11, 18, 12, 19], [1, 17, 2, 16], [19, 3, 20, 2], [21, 14, 22, 15]]"
11a_19_47,"[[21, 14, 22, 15], [3, 21, 4, 20], [15, 5, 16, 4], [7, 13, 8, 12], [9, 7, 10, 6], [13, 9, 14, 8], [5, 22, 6, 1], [17, 10, 18, 11], [11, 18, 12, 19], [1, 17, 2, 16], [19, 3, 20, 2]]"
11a_19_48,"[[19, 3, 20, 2], [21, 14, 22, 15], [3, 21, 4, 20], [15, 5, 16, 4], [7, 13, 8, 12], [9, 7, 10, 6], [13, 9, 14, 8], [5, 22, 6, 1], [17, 10, 18, 11], [11, 18, 12, 19], [1, 17, 2, 16]]"
11a_19_49,"[[1, 17, 2, 16], [19, 3, 20, 2], [21, 14, 22, 15], [3, 21, 4, 20], [15, 5, 16, 4], [7, 13, 8, 12], [9, 7, 10, 6], [13, 9, 14, 8], [5, 22, 6, 1], [17, 10, 18, 11], [11, 18, 12, 19]]"
11a_19_50,"[[11, 18, 12, 19], [1, 17, 2, 16], [19, 3, 20, 2], [21, 14, 22, 15], [3, 21, 4, 20], [15, 5, 16, 4], [7, 13, 8, 12], [9, 7, 10, 6], [13, 9, 14, 8], [5, 22, 6, 1], [17, 10, 18, 11]]"
11a_19_51,"[[17, 10, 18, 11], [11, 18, 12, 19], [1, 17, 2, 16], [19, 3, 20, 2], [21, 14, 22, 15], [3, 21, 4, 20], [15, 5, 16, 4], [7, 13, 8, 12], [9, 7, 10, 6], [13, 9, 14, 8], [5, 22, 6, 1]]"
11a_19_52,"[[5, 22, 6, 1], [17, 10, 18, 11], [11, 18, 12, 19], [1, 17, 2, 16], [19, 3, 20, 2], [21, 14, 22, 15], [3, 21, 4, 20], [15, 5, 16, 4], [7, 13, 8, 12], [9, 7, 10, 6], [13, 9, 14, 8]]"
11a_19_53,"[[13, 9, 14, 8], [5, 22, 6, 1], [17, 10, 18, 11], [11, 18, 12, 19], [1, 17, 2, 16], [19, 3, 20, 2], [21, 14, 22, 15], [3, 21, 4, 20], [15, 5, 16, 4], [7, 13, 8, 12], [9, 7, 10, 6]]"
11a_19_54,"[[9, 7, 10, 6], [13, 9, 14, 8], [5, 22, 6, 1], [17, 10, 18, 11], [11, 18, 12, 19], [1, 17, 2, 16], [19, 3, 20, 2], [21, 14, 22, 15], [3, 21, 4, 20], [15, 5, 16, 4], [7, 13, 8, 12]]"
11a_19_55,"[[8, 14, 9, 13], [10, 8, 11, 7], [14, 10, 15, 9], [6, 1, 7, 2], [18, 11, 19, 12], [12, 19, 13, 20], [2, 18, 3, 17], [20, 4, 21, 3], [22, 15, 1, 16], [4, 22, 5, 21], [16, 6, 17, 5]]"
11a_19_56,"[[16, 6, 17, 5], [8, 14, 9, 13], [10, 8, 11, 7], [14, 10, 15, 9], [6, 1, 7, 2], [18, 11, 19, 12], [12, 19, 13, 20], [2, 18, 3, 17], [20, 4, 21, 3], [22, 15, 1, 16], [4, 22, 5, 21]]"
11a_19_57,"[[4, 22, 5, 21], [16, 6, 17, 5], [8, 14, 9, 13], [10, 8, 11, 7], [14, 10, 15, 9], [6, 1, 7, 2], [18, 11, 19, 12], [12, 19, 13, 20], [2, 18, 3, 17], [20, 4, 21, 3], [22, 15, 1, 16]]"
11a_19_58,"[[22, 15, 1, 16], [4, 22, 5, 21], [16, 6, 17, 5], [8, 14, 9, 13], [10, 8, 11, 7], [14, 10, 15, 9], [6, 1, 7, 2], [18, 11, 19, 12], [12, 19, 13, 20], [2, 18, 3, 17], [20, 4, 21, 3]]"
11a_19_59,"[[20, 4, 21, 3], [22, 15, 1, 16], [4, 22, 5, 21], [16, 6, 17, 5], [8, 14, 9, 13], [10, 8, 11, 7], [14, 10, 15, 9], [6, 1, 7, 2], [18, 11, 19, 12], [12, 19, 13, 20], [2, 18, 3, 17]]"
11a_19_60,"[[2, 18, 3, 17], [20, 4, 21, 3], [22, 15, 1, 16], [4, 22, 5, 21], [16, 6, 17, 5], [8, 14, 9, 13], [10, 8, 11, 7], [14, 10, 15, 9], [6, 1, 7, 2], [18, 11, 19, 12], [12, 19, 13, 20]]"
11a_19_61,"[[12, 19, 13, 20], [2, 18, 3, 17], [20, 4, 21, 3], [22, 15, 1, 16], [4, 22, 5, 21], [16, 6, 17, 5], [8, 14, 9, 13], [10, 8, 11, 7], [14, 10, 15, 9], [6, 1, 7, 2], [18, 11, 19, 12]]"
11a_19_62,"[[18, 11, 19, 12], [12, 19, 13, 20], [2, 18, 3, 17], [20, 4, 21, 3], [22, 15, 1, 16], [4, 22, 5, 21], [16, 6, 17, 5], [8, 14, 9, 13], [10, 8, 11, 7], [14, 10, 15, 9], [6, 1, 7, 2]]"
11a_19_63,"[[6, 1, 7, 2], [18, 11, 19, 12], [12, 19, 13, 20], [2, 18, 3, 17], [20, 4, 21, 3], [22, 15, 1, 16], [4, 22, 5, 21], [16, 6, 17, 5], [8, 14, 9, 13], [10, 8, 11, 7], [14, 10, 15, 9]]"
11a_19_64,"[[14, 10, 15, 9], [6, 1, 7, 2], [18, 11, 19, 12], [12, 19, 13, 20], [2, 18, 3, 17], [20, 4, 21, 3], [22, 15, 1, 16], [4, 22, 5, 21], [16, 6, 17, 5], [8, 14, 9, 13], [10, 8, 11, 7]]"
11a_19_65,"[[10, 8, 11, 7], [14, 10, 15, 9], [6, 1, 7, 2], [18, 11, 19, 12], [12, 19, 13, 20], [2, 18, 3, 17], [20, 4, 21, 3], [22, 15, 1, 16], [4, 22, 5, 21], [16, 6, 17, 5], [8, 14, 9, 13]]"
11a_19_66,"[[9, 15, 10, 14], [11, 9, 12, 8], [15, 11, 16, 10], [7, 2, 8, 3], [19, 12, 20, 13], [13, 20, 14, 21], [3, 19, 4, 18], [21, 5, 22, 4], [1, 16, 2, 17], [5, 1, 6, 22], [17, 7, 18, 6]]"
11a_19_67,"[[17, 7, 18, 6], [9, 15, 10, 14], [11, 9, 12, 8], [15, 11, 16, 10], [7, 2, 8, 3], [19, 12, 20, 13], [13, 20, 14, 21], [3, 19, 4, 18], [21, 5, 22, 4], [1, 16, 2, 17], [5, 1, 6, 22]]"
11a_19_68,"[[5, 1, 6, 22], [17, 7, 18, 6], [9, 15, 10, 14], [11, 9, 12, 8], [15, 11, 16, 10], [7, 2, 8, 3], [19, 12, 20, 13], [13, 20, 14, 21], [3, 19, 4, 18], [21, 5, 22, 4], [1, 16, 2, 17]]"
11a_19_69,"[[1, 16, 2, 17], [5, 1, 6, 22], [17, 7, 18, 6], [9, 15, 10, 14], [11, 9, 12, 8], [15, 11, 16, 10], [7, 2, 8, 3], [19, 12, 20, 13], [13, 20, 14, 21], [3, 19, 4, 18], [21, 5, 22, 4]]"
11a_19_70,"[[21, 5, 22, 4], [1, 16, 2, 17], [5, 1, 6, 22], [17, 7, 18, 6], [9, 15, 10, 14], [11, 9, 12, 8], [15, 11, 16, 10], [7, 2, 8, 3], [19, 12, 20, 13], [13, 20, 14, 21], [3, 19, 4, 18]]"
11a_19_71,"[[3, 19, 4, 18], [21, 5, 22, 4], [1, 16, 2, 17], [5, 1, 6, 22], [17, 7, 18, 6], [9, 15, 10, 14], [11, 9, 12, 8], [15, 11, 16, 10], [7, 2, 8, 3], [19, 12, 20, 13], [13, 20, 14, 21]]"
11a_19_72,"[[13, 20, 14, 21], [3, 19, 4, 18], [21, 5, 22, 4], [1, 16, 2, 17], [5, 1, 6, 22], [17, 7, 18, 6], [9, 15, 10, 14], [11, 9, 12, 8], [15, 11, 16, 10], [7, 2, 8, 3], [19, 12, 20, 13]]"
11a_19_73,"[[19, 12, 20, 13], [13, 20, 14, 21], [3, 19, 4, 18], [21, 5, 22, 4], [1, 16, 2, 17], [5, 1, 6, 22], [17, 7, 18, 6], [9, 15, 10, 14], [11, 9, 12, 8], [15, 11, 16, 10], [7, 2, 8, 3]]"
11a_19_74,"[[7, 2, 8, 3], [19, 12, 20, 13], [13, 20, 14, 21], [3, 19, 4, 18], [21, 5, 22, 4], [1, 16, 2, 17], [5, 1, 6, 22], [17, 7, 18, 6], [9, 15, 10, 14], [11, 9, 12, 8], [15, 11, 16, 10]]"
11a_19_75,"[[15, 11, 16, 10], [7, 2, 8, 3], [19, 12, 20, 13], [13, 20, 14, 21], [3, 19, 4, 18], [21, 5, 22, 4], [1, 16, 2, 17], [5, 1, 6, 22], [17, 7, 18, 6], [9, 15, 10, 14], [11, 9, 12, 8]]"
11a_19_76,"[[11, 9, 12, 8], [15, 11, 16, 10], [7, 2, 8, 3], [19, 12, 20, 13], [13, 20, 14, 21], [3, 19, 4, 18], [21, 5, 22, 4], [1, 16, 2, 17], [5, 1, 6, 22], [17, 7, 18, 6], [9, 15, 10, 14]]"
11a_19_77,"[[10, 16, 11, 15], [12, 10, 13, 9], [16, 12, 17, 11], [8, 3, 9, 4], [20, 13, 21, 14], [14, 21, 15, 22], [4, 20, 5, 19], [22, 6, 1, 5], [2, 17, 3, 18], [6, 2, 7, 1], [18, 8, 19, 7]]"
11a_19_78,"[[18, 8, 19, 7], [10, 16, 11, 15], [12, 10, 13, 9], [16, 12, 17, 11], [8, 3, 9, 4], [20, 13, 21, 14], [14, 21, 15, 22], [4, 20, 5, 19], [22, 6, 1, 5], [2, 17, 3, 18], [6, 2, 7, 1]]"
11a_19_79,"[[6, 2, 7, 1], [18, 8, 19, 7], [10, 16, 11, 15], [12, 10, 13, 9], [16, 12, 17, 11], [8, 3, 9, 4], [20, 13, 21, 14], [14, 21, 15, 22], [4, 20, 5, 19], [22, 6, 1, 5], [2, 17, 3, 18]]"
11a_19_80,"[[2, 17, 3, 18], [6, 2, 7, 1], [18, 8, 19, 7], [10, 16, 11, 15], [12, 10, 13, 9], [16, 12, 17, 11], [8, 3, 9, 4], [20, 13, 21, 14], [14, 21, 15, 22], [4, 20, 5, 19], [22, 6, 1, 5]]"
11a_19_81,"[[22, 6, 1, 5], [2, 17, 3, 18], [6, 2, 7, 1], [18, 8, 19, 7], [10, 16, 11, 15], [12, 10, 13, 9], [16, 12, 17, 11], [8, 3, 9, 4], [20, 13, 21, 14], [14, 21, 15, 22], [4, 20, 5, 19]]"
11a_19_82,"[[4, 20, 5, 19], [22, 6, 1, 5], [2, 17, 3, 18], [6, 2, 7, 1], [18, 8, 19, 7], [10, 16, 11, 15], [12, 10, 13, 9], [16, 12, 17, 11], [8, 3, 9, 4], [20, 13, 21, 14], [14, 21, 15, 22]]"
11a_19_83,"[[14, 21, 15, 22], [4, 20, 5, 19], [22, 6, 1, 5], [2, 17, 3, 18], [6, 2, 7, 1], [18, 8, 19, 7], [10, 16, 11, 15], [12, 10, 13, 9], [16, 12, 17, 11], [8, 3, 9, 4], [20, 13, 21, 14]]"
11a_19_84,"[[20, 13, 21, 14], [14, 21, 15, 22], [4, 20, 5, 19], [22, 6, 1, 5], [2, 17, 3, 18], [6, 2, 7, 1], [18, 8, 19, 7], [10, 16, 11, 15], [12, 10, 13, 9], [16, 12, 17, 11], [8, 3, 9, 4]]"
11a_19_85,"[[8, 3, 9, 4], [20, 13, 21, 14], [14, 21, 15, 22], [4, 20, 5, 19], [22, 6, 1, 5], [2, 17, 3, 18], [6, 2, 7, 1], [18, 8, 19, 7], [10, 16, 11, 15], [12, 10, 13, 9], [16, 12, 17, 11]]"
11a_19_86,"[[16, 12, 17, 11], [8, 3, 9, 4], [20, 13, 21, 14], [14, 21, 15, 22], [4, 20, 5, 19], [22, 6, 1, 5], [2, 17, 3, 18], [6, 2, 7, 1], [18, 8, 19, 7], [10, 16, 11, 15], [12, 10, 13, 9]]"
11a_19_87,"[[12, 10, 13, 9], [16, 12, 17, 11], [8, 3, 9, 4], [20, 13, 21, 14], [14, 21, 15, 22], [4, 20, 5, 19], [22, 6, 1, 5], [2, 17, 3, 18], [6, 2, 7, 1], [18, 8, 19, 7], [10, 16, 11, 15]]"
11a_19_88,"[[11, 17, 12, 16], [13, 11, 14, 10], [17, 13, 18, 12], [9, 4, 10, 5], [21, 14, 22, 15], [15, 22, 16, 1], [5, 21, 6, 20], [1, 7, 2, 6], [3, 18, 4, 19], [7, 3, 8, 2], [19, 9, 20, 8]]"
11a_19_89,"[[19, 9, 20, 8], [11, 17, 12, 16], [13, 11, 14, 10], [17, 13, 18, 12], [9, 4, 10, 5], [21, 14, 22, 15], [15, 22, 16, 1], [5, 21, 6, 20], [1, 7, 2, 6], [3, 18, 4, 19], [7, 3, 8, 2]]"
11a_19_90,"[[7, 3, 8, 2], [19, 9, 20, 8], [11, 17, 12, 16], [13, 11, 14, 10], [17, 13, 18, 12], [9, 4, 10, 5], [21, 14, 22, 15], [15, 22, 16, 1], [5, 21, 6, 20], [1, 7, 2, 6], [3, 18, 4, 19]]"
11a_19_91,"[[3, 18, 4, 19], [7, 3, 8, 2], [19, 9, 20, 8], [11, 17, 12, 16], [13, 11, 14, 10], [17, 13, 18, 12], [9, 4, 10, 5], [21, 14, 22, 15], [15, 22, 16, 1], [5, 21, 6, 20], [1, 7, 2, 6]]"
11a_19_92,"[[1, 7, 2, 6], [3, 18, 4, 19], [7, 3, 8, 2], [19, 9, 20, 8], [11, 17, 12, 16], [13, 11, 14, 10], [17, 13, 18, 12], [9, 4, 10, 5], [21, 14, 22, 15], [15, 22, 16, 1], [5, 21, 6, 20]]"
11a_19_93,"[[5, 21, 6, 20], [1, 7, 2, 6], [3, 18, 4, 19], [7, 3, 8, 2], [19, 9, 20, 8], [11, 17, 12, 16], [13, 11, 14, 10], [17, 13, 18, 12], [9, 4, 10, 5], [21, 14, 22, 15], [15, 22, 16, 1]]"
11a_19_94,"[[15, 22, 16, 1], [5, 21, 6, 20], [1, 7, 2, 6], [3, 18, 4, 19], [7, 3, 8, 2], [19, 9, 20, 8], [11, 17, 12, 16], [13, 11, 14, 10], [17, 13, 18, 12], [9, 4, 10, 5], [21, 14, 22, 15]]"
11a_19_95,"[[21, 14, 22, 15], [15, 22, 16, 1], [5, 21, 6, 20], [1, 7, 2, 6], [3, 18, 4, 19], [7, 3, 8, 2], [19, 9, 20, 8], [11, 17, 12, 16], [13, 11, 14, 10], [17, 13, 18, 12], [9, 4, 10, 5]]"
11a_19_96,"[[9, 4, 10, 5], [21, 14, 22, 15], [15, 22, 16, 1], [5, 21, 6, 20], [1, 7, 2, 6], [3, 18, 4, 19], [7, 3, 8, 2], [19, 9, 20, 8], [11, 17, 12, 16], [13, 11, 14, 10], [17, 13, 18, 12]]"
11a_19_97,"[[17, 13, 18, 12], [9, 4, 10, 5], [21, 14, 22, 15], [15, 22, 16, 1], [5, 21, 6, 20], [1, 7, 2, 6], [3, 18, 4, 19], [7, 3, 8, 2], [19, 9, 20, 8], [11, 17, 12, 16], [13, 11, 14, 10]]"
11a_19_98,"[[13, 11, 14, 10], [17, 13, 18, 12], [9, 4, 10, 5], [21, 14, 22, 15], [15, 22, 16, 1], [5, 21, 6, 20], [1, 7, 2, 6], [3, 18, 4, 19], [7, 3, 8, 2], [19, 9, 20, 8], [11, 17, 12, 16]]"
11a_19_99,"[[12, 18, 13, 17], [14, 12, 15, 11], [18, 14, 19, 13], [10, 5, 11, 6], [22, 15, 1, 16], [16, 1, 17, 2], [6, 22, 7, 21], [2, 8, 3, 7], [4, 19, 5, 20], [8, 4, 9, 3], [20, 10, 21, 9]]"
11a_19_100,"[[20, 10, 21, 9], [12, 18, 13, 17], [14, 12, 15, 11], [18, 14, 19, 13], [10, 5, 11, 6], [22, 15, 1, 16], [16, 1, 17, 2], [6, 22, 7, 21], [2, 8, 3, 7], [4, 19, 5, 20], [8, 4, 9, 3]]"
11a_19_101,"[[8, 4, 9, 3], [20, 10, 21, 9], [12, 18, 13, 17], [14, 12, 15, 11], [18, 14, 19, 13], [10, 5, 11, 6], [22, 15, 1, 16], [16, 1, 17, 2], [6, 22, 7, 21], [2, 8, 3, 7], [4, 19, 5, 20]]"
11a_19_102,"[[4, 19, 5, 20], [8, 4, 9, 3], [20, 10, 21, 9], [12, 18, 13, 17], [14, 12, 15, 11], [18, 14, 19, 13], [10, 5, 11, 6], [22, 15, 1, 16], [16, 1, 17, 2], [6, 22, 7, 21], [2, 8, 3, 7]]"
11a_19_103,"[[2, 8, 3, 7], [4, 19, 5, 20], [8, 4, 9, 3], [20, 10, 21, 9], [12, 18, 13, 17], [14, 12, 15, 11], [18, 14, 19, 13], [10, 5, 11, 6], [22, 15, 1, 16], [16, 1, 17, 2], [6, 22, 7, 21]]"
11a_19_104,"[[6, 22, 7, 21], [2, 8, 3, 7], [4, 19, 5, 20], [8, 4, 9, 3], [20, 10, 21, 9], [12, 18, 13, 17], [14, 12, 15, 11], [18, 14, 19, 13], [10, 5, 11, 6], [22, 15, 1, 16], [16, 1, 17, 2]]"
11a_19_105,"[[16, 1, 17, 2], [6, 22, 7, 21], [2, 8, 3, 7], [4, 19, 5, 20], [8, 4, 9, 3], [20, 10, 21, 9], [12, 18, 13, 17], [14, 12, 15, 11], [18, 14, 19, 13], [10, 5, 11, 6], [22, 15, 1, 16]]"
11a_19_106,"[[22, 15, 1, 16], [16, 1, 17, 2], [6, 22, 7, 21], [2, 8, 3, 7], [4, 19, 5, 20], [8, 4, 9, 3], [20, 10, 21, 9], [12, 18, 13, 17], [14, 12, 15, 11], [18, 14, 19, 13], [10, 5, 11, 6]]"
11a_19_107,"[[10, 5, 11, 6], [22, 15, 1, 16], [16, 1, 17, 2], [6, 22, 7, 21], [2, 8, 3, 7], [4, 19, 5, 20], [8, 4, 9, 3], [20, 10, 21, 9], [12, 18, 13, 17], [14, 12, 15, 11], [18, 14, 19, 13]]"
11a_19_108,"[[18, 14, 19, 13], [10, 5, 11, 6], [22, 15, 1, 16], [16, 1, 17, 2], [6, 22, 7, 21], [2, 8, 3, 7], [4, 19, 5, 20], [8, 4, 9, 3], [20, 10, 21, 9], [12, 18, 13, 17], [14, 12, 15, 11]]"
11a_19_109,"[[14, 12, 15, 11], [18, 14, 19, 13], [10, 5, 11, 6], [22, 15, 1, 16], [16, 1, 17, 2], [6, 22, 7, 21], [2, 8, 3, 7], [4, 19, 5, 20], [8, 4, 9, 3], [20, 10, 21, 9], [12, 18, 13, 17]]"
11a_19_110,"[[13, 19, 14, 18], [15, 13, 16, 12], [19, 15, 20, 14], [11, 6, 12, 7], [1, 16, 2, 17], [17, 2, 18, 3], [7, 1, 8, 22], [3, 9, 4, 8], [5, 20, 6, 21], [9, 5, 10, 4], [21, 11, 22, 10]]"
11a_19_111,"[[21, 11, 22, 10], [13, 19, 14, 18], [15, 13, 16, 12], [19, 15, 20, 14], [11, 6, 12, 7], [1, 16, 2, 17], [17, 2, 18, 3], [7, 1, 8, 22], [3, 9, 4, 8], [5, 20, 6, 21], [9, 5, 10, 4]]"
11a_19_112,"[[9, 5, 10, 4], [21, 11, 22, 10], [13, 19, 14, 18], [15, 13, 16, 12], [19, 15, 20, 14], [11, 6, 12, 7], [1, 16, 2, 17], [17, 2, 18, 3], [7, 1, 8, 22], [3, 9, 4, 8], [5, 20, 6, 21]]"
11a_19_113,"[[5, 20, 6, 21], [9, 5, 10, 4], [21, 11, 22, 10], [13, 19, 14, 18], [15, 13, 16, 12], [19, 15, 20, 14], [11, 6, 12, 7], [1, 16, 2, 17], [17, 2, 18, 3], [7, 1, 8, 22], [3, 9, 4, 8]]"
11a_19_114,"[[3, 9, 4, 8], [5, 20, 6, 21], [9, 5, 10, 4], [21, 11, 22, 10], [13, 19, 14, 18], [15, 13, 16, 12], [19, 15, 20, 14], [11, 6, 12, 7], [1, 16, 2, 17], [17, 2, 18, 3], [7, 1, 8, 22]]"
11a_19_115,"[[7, 1, 8, 22], [3, 9, 4, 8], [5, 20, 6, 21], [9, 5, 10, 4], [21, 11, 22, 10], [13, 19, 14, 18], [15, 13, 16, 12], [19, 15, 20, 14], [11, 6, 12, 7], [1, 16, 2, 17], [17, 2, 18, 3]]"
11a_19_116,"[[17, 2, 18, 3], [7, 1, 8, 22], [3, 9, 4, 8], [5, 20, 6, 21], [9, 5, 10, 4], [21, 11, 22, 10], [13, 19, 14, 18], [15, 13, 16, 12], [19, 15, 20, 14], [11, 6, 12, 7], [1, 16, 2, 17]]"
11a_19_117,"[[1, 16, 2, 17], [17, 2, 18, 3], [7, 1, 8, 22], [3, 9, 4, 8], [5, 20, 6, 21], [9, 5, 10, 4], [21, 11, 22, 10], [13, 19, 14, 18], [15, 13, 16, 12], [19, 15, 20, 14], [11, 6, 12, 7]]"
11a_19_118,"[[11, 6, 12, 7], [1, 16, 2, 17], [17, 2, 18, 3], [7, 1, 8, 22], [3, 9, 4, 8], [5, 20, 6, 21], [9, 5, 10, 4], [21, 11, 22, 10], [13, 19, 14, 18], [15, 13, 16, 12], [19, 15, 20, 14]]"
11a_19_119,"[[19, 15, 20, 14], [11, 6, 12, 7], [1, 16, 2, 17], [17, 2, 18, 3], [7, 1, 8, 22], [3, 9, 4, 8], [5, 20, 6, 21], [9, 5, 10, 4], [21, 11, 22, 10], [13, 19, 14, 18], [15, 13, 16, 12]]"
11a_19_120,"[[15, 13, 16, 12], [19, 15, 20, 14], [11, 6, 12, 7], [1, 16, 2, 17], [17, 2, 18, 3], [7, 1, 8, 22], [3, 9, 4, 8], [5, 20, 6, 21], [9, 5, 10, 4], [21, 11, 22, 10], [13, 19, 14, 18]]"
11a_19_121,"[[14, 20, 15, 19], [16, 14, 17, 13], [20, 16, 21, 15], [12, 7, 13, 8], [2, 17, 3, 18], [18, 3, 19, 4], [8, 2, 9, 1], [4, 10, 5, 9], [6, 21, 7, 22], [10, 6, 11, 5], [22, 12, 1, 11]]"
11a_19_122,"[[22, 12, 1, 11], [14, 20, 15, 19], [16, 14, 17, 13], [20, 16, 21, 15], [12, 7, 13, 8], [2, 17, 3, 18], [18, 3, 19, 4], [8, 2, 9, 1], [4, 10, 5, 9], [6, 21, 7, 22], [10, 6, 11, 5]]"
11a_19_123,"[[10, 6, 11, 5], [22, 12, 1, 11], [14, 20, 15, 19], [16, 14, 17, 13], [20, 16, 21, 15], [12, 7, 13, 8], [2, 17, 3, 18], [18, 3, 19, 4], [8, 2, 9, 1], [4, 10, 5, 9], [6, 21, 7, 22]]"
11a_19_124,"[[6, 21, 7, 22], [10, 6, 11, 5], [22, 12, 1, 11], [14, 20, 15, 19], [16, 14, 17, 13], [20, 16, 21, 15], [12, 7, 13, 8], [2, 17, 3, 18], [18, 3, 19, 4], [8, 2, 9, 1], [4, 10, 5, 9]]"
11a_19_125,"[[4, 10, 5, 9], [6, 21, 7, 22], [10, 6, 11, 5], [22, 12, 1, 11], [14, 20, 15, 19], [16, 14, 17, 13], [20, 16, 21, 15], [12, 7, 13, 8], [2, 17, 3, 18], [18, 3, 19, 4], [8, 2, 9, 1]]"
11a_19_126,"[[8, 2, 9, 1], [4, 10, 5, 9], [6, 21, 7, 22], [10, 6, 11, 5], [22, 12, 1, 11], [14, 20, 15, 19], [16, 14, 17, 13], [20, 16, 21, 15], [12, 7, 13, 8], [2, 17, 3, 18], [18, 3, 19, 4]]"
11a_19_127,"[[18, 3, 19, 4], [8, 2, 9, 1], [4, 10, 5, 9], [6, 21, 7, 22], [10, 6, 11, 5], [22, 12, 1, 11], [14, 20, 15, 19], [16, 14, 17, 13], [20, 16, 21, 15], [12, 7, 13, 8], [2, 17, 3, 18]]"
11a_19_128,"[[2, 17, 3, 18], [18, 3, 19, 4], [8, 2, 9, 1], [4, 10, 5, 9], [6, 21, 7, 22], [10, 6, 11, 5], [22, 12, 1, 11], [14, 20, 15, 19], [16, 14, 17, 13], [20, 16, 21, 15], [12, 7, 13, 8]]"
11a_19_129,"[[12, 7, 13, 8], [2, 17, 3, 18], [18, 3, 19, 4], [8, 2, 9, 1], [4, 10, 5, 9], [6, 21, 7, 22], [10, 6, 11, 5], [22, 12, 1, 11], [14, 20, 15, 19], [16, 14, 17, 13], [20, 16, 21, 15]]"
11a_19_130,"[[20, 16, 21, 15], [12, 7, 13, 8], [2, 17, 3, 18], [18, 3, 19, 4], [8, 2, 9, 1], [4, 10, 5, 9], [6, 21, 7, 22], [10, 6, 11, 5], [22, 12, 1, 11], [14, 20, 15, 19], [16, 14, 17, 13]]"
11a_19_131,"[[16, 14, 17, 13], [20, 16, 21, 15], [12, 7, 13, 8], [2, 17, 3, 18], [18, 3, 19, 4], [8, 2, 9, 1], [4, 10, 5, 9], [6, 21, 7, 22], [10, 6, 11, 5], [22, 12, 1, 11], [14, 20, 15, 19]]"
11a_19_132,"[[15, 21, 16, 20], [17, 15, 18, 14], [21, 17, 22, 16], [13, 8, 14, 9], [3, 18, 4, 19], [19, 4, 20, 5], [9, 3, 10, 2], [5, 11, 6, 10], [7, 22, 8, 1], [11, 7, 12, 6], [1, 13, 2, 12]]"
11a_19_133,"[[1, 13, 2, 12], [15, 21, 16, 20], [17, 15, 18, 14], [21, 17, 22, 16], [13, 8, 14, 9], [3, 18, 4, 19], [19, 4, 20, 5], [9, 3, 10, 2], [5, 11, 6, 10], [7, 22, 8, 1], [11, 7, 12, 6]]"
11a_19_134,"[[11, 7, 12, 6], [1, 13, 2, 12], [15, 21, 16, 20], [17, 15, 18, 14], [21, 17, 22, 16], [13, 8, 14, 9], [3, 18, 4, 19], [19, 4, 20, 5], [9, 3, 10, 2], [5, 11, 6, 10], [7, 22, 8, 1]]"
11a_19_135,"[[7, 22, 8, 1], [11, 7, 12, 6], [1, 13, 2, 12], [15, 21, 16, 20], [17, 15, 18, 14], [21, 17, 22, 16], [13, 8, 14, 9], [3, 18, 4, 19], [19, 4, 20, 5], [9, 3, 10, 2], [5, 11, 6, 10]]"
11a_19_136,"[[5, 11, 6, 10], [7, 22, 8, 1], [11, 7, 12, 6], [1, 13, 2, 12], [15, 21, 16, 20], [17, 15, 18, 14], [21, 17, 22, 16], [13, 8, 14, 9], [3, 18, 4, 19], [19, 4, 20, 5], [9, 3, 10, 2]]"
11a_19_137,"[[9, 3, 10, 2], [5, 11, 6, 10], [7, 22, 8, 1], [11, 7, 12, 6], [1, 13, 2, 12], [15, 21, 16, 20], [17, 15, 18, 14], [21, 17, 22, 16], [13, 8, 14, 9], [3, 18, 4, 19], [19, 4, 20, 5]]"
11a_19_138,"[[19, 4, 20, 5], [9, 3, 10, 2], [5, 11, 6, 10], [7, 22, 8, 1], [11, 7, 12, 6], [1, 13, 2, 12], [15, 21, 16, 20], [17, 15, 18, 14], [21, 17, 22, 16], [13, 8, 14, 9], [3, 18, 4, 19]]"
11a_19_139,"[[3, 18, 4, 19], [19, 4, 20, 5], [9, 3, 10, 2], [5, 11, 6, 10], [7, 22, 8, 1], [11, 7, 12, 6], [1, 13, 2, 12], [15, 21, 16, 20], [17, 15, 18, 14], [21, 17, 22, 16], [13, 8, 14, 9]]"
11a_19_140,"[[13, 8, 14, 9], [3, 18, 4, 19], [19, 4, 20, 5], [9, 3, 10, 2], [5, 11, 6, 10], [7, 22, 8, 1], [11, 7, 12, 6], [1, 13, 2, 12], [15, 21, 16, 20], [17, 15, 18, 14], [21, 17, 22, 16]]"
11a_19_141,"[[21, 17, 22, 16], [13, 8, 14, 9], [3, 18, 4, 19], [19, 4, 20, 5], [9, 3, 10, 2], [5, 11, 6, 10], [7, 22, 8, 1], [11, 7, 12, 6], [1, 13, 2, 12], [15, 21, 16, 20], [17, 15, 18, 14]]"
11a_19_142,"[[17, 15, 18, 14], [21, 17, 22, 16], [13, 8, 14, 9], [3, 18, 4, 19], [19, 4, 20, 5], [9, 3, 10, 2], [5, 11, 6, 10], [7, 22, 8, 1], [11, 7, 12, 6], [1, 13, 2, 12], [15, 21, 16, 20]]"
11a_19_143,"[[16, 22, 17, 21], [18, 16, 19, 15], [22, 18, 1, 17], [14, 9, 15, 10], [4, 19, 5, 20], [20, 5, 21, 6], [10, 4, 11, 3], [6, 12, 7, 11], [8, 1, 9, 2], [12, 8, 13, 7], [2, 14, 3, 13]]"
11a_19_144,"[[2, 14, 3, 13], [16, 22, 17, 21], [18, 16, 19, 15], [22, 18, 1, 17], [14, 9, 15, 10], [4, 19, 5, 20], [20, 5, 21, 6], [10, 4, 11, 3], [6, 12, 7, 11], [8, 1, 9, 2], [12, 8, 13, 7]]"
11a_19_145,"[[12, 8, 13, 7], [2, 14, 3, 13], [16, 22, 17, 21], [18, 16, 19, 15], [22, 18, 1, 17], [14, 9, 15, 10], [4, 19, 5, 20], [20, 5, 21, 6], [10, 4, 11, 3], [6, 12, 7, 11], [8, 1, 9, 2]]"
11a_19_146,"[[8, 1, 9, 2], [12, 8, 13, 7], [2, 14, 3, 13], [16, 22, 17, 21], [18, 16, 19, 15], [22, 18, 1, 17], [14, 9, 15, 10], [4, 19, 5, 20], [20, 5, 21, 6], [10, 4, 11, 3], [6, 12, 7, 11]]"
11a_19_147,"[[6, 12, 7, 11], [8, 1, 9, 2], [12, 8, 13, 7], [2, 14, 3, 13], [16, 22, 17, 21], [18, 16, 19, 15], [22, 18, 1, 17], [14, 9, 15, 10], [4, 19, 5, 20], [20, 5, 21, 6], [10, 4, 11, 3]]"
11a_19_148,"[[10, 4, 11, 3], [6, 12, 7, 11], [8, 1, 9, 2], [12, 8, 13, 7], [2, 14, 3, 13], [16, 22, 17, 21], [18, 16, 19, 15], [22, 18, 1, 17], [14, 9, 15, 10], [4, 19, 5, 20], [20, 5, 21, 6]]"
11a_19_149,"[[20, 5, 21, 6], [10, 4, 11, 3], [6, 12, 7, 11], [8, 1, 9, 2], [12, 8, 13, 7], [2, 14, 3, 13], [16, 22, 17, 21], [18, 16, 19, 15], [22, 18, 1, 17], [14, 9, 15, 10], [4, 19, 5, 20]]"
11a_19_150,"[[4, 19, 5, 20], [20, 5, 21, 6], [10, 4, 11, 3], [6, 12, 7, 11], [8, 1, 9, 2], [12, 8, 13, 7], [2, 14, 3, 13], [16, 22, 17, 21], [18, 16, 19, 15], [22, 18, 1, 17], [14, 9, 15, 10]]"
11a_19_151,"[[14, 9, 15, 10], [4, 19, 5, 20], [20, 5, 21, 6], [10, 4, 11, 3], [6, 12, 7, 11], [8, 1, 9, 2], [12, 8, 13, 7], [2, 14, 3, 13], [16, 22, 17, 21], [18, 16, 19, 15], [22, 18, 1, 17]]"
11a_19_152,"[[22, 18, 1, 17], [14, 9, 15, 10], [4, 19, 5, 20], [20, 5, 21, 6], [10, 4, 11, 3], [6, 12, 7, 11], [8, 1, 9, 2], [12, 8, 13, 7], [2, 14, 3, 13], [16, 22, 17, 21], [18, 16, 19, 15]]"
11a_19_153,"[[18, 16, 19, 15], [22, 18, 1, 17], [14, 9, 15, 10], [4, 19, 5, 20], [20, 5, 21, 6], [10, 4, 11, 3], [6, 12, 7, 11], [8, 1, 9, 2], [12, 8, 13, 7], [2, 14, 3, 13], [16, 22, 17, 21]]"
11a_19_154,"[[17, 1, 18, 22], [19, 17, 20, 16], [1, 19, 2, 18], [15, 10, 16, 11], [5, 20, 6, 21], [21, 6, 22, 7], [11, 5, 12, 4], [7, 13, 8, 12], [9, 2, 10, 3], [13, 9, 14, 8], [3, 15, 4, 14]]"
11a_19_155,"[[3, 15, 4, 14], [17, 1, 18, 22], [19, 17, 20, 16], [1, 19, 2, 18], [15, 10, 16, 11], [5, 20, 6, 21], [21, 6, 22, 7], [11, 5, 12, 4], [7, 13, 8, 12], [9, 2, 10, 3], [13, 9, 14, 8]]"
11a_19_156,"[[13, 9, 14, 8], [3, 15, 4, 14], [17, 1, 18, 22], [19, 17, 20, 16], [1, 19, 2, 18], [15, 10, 16, 11], [5, 20, 6, 21], [21, 6, 22, 7], [11, 5, 12, 4], [7, 13, 8, 12], [9, 2, 10, 3]]"
11a_19_157,"[[9, 2, 10, 3], [13, 9, 14, 8], [3, 15, 4, 14], [17, 1, 18, 22], [19, 17, 20, 16], [1, 19, 2, 18], [15, 10, 16, 11], [5, 20, 6, 21], [21, 6, 22, 7], [11, 5, 12, 4], [7, 13, 8, 12]]"
11a_19_158,"[[7, 13, 8, 12], [9, 2, 10, 3], [13, 9, 14, 8], [3, 15, 4, 14], [17, 1, 18, 22], [19, 17, 20, 16], [1, 19, 2, 18], [15, 10, 16, 11], [5, 20, 6, 21], [21, 6, 22, 7], [11, 5, 12, 4]]"
11a_19_159,"[[11, 5, 12, 4], [7, 13, 8, 12], [9, 2, 10, 3], [13, 9, 14, 8], [3, 15, 4, 14], [17, 1, 18, 22], [19, 17, 20, 16], [1, 19, 2, 18], [15, 10, 16, 11], [5, 20, 6, 21], [21, 6, 22, 7]]"
11a_19_160,"[[21, 6, 22, 7], [11, 5, 12, 4], [7, 13, 8, 12], [9, 2, 10, 3], [13, 9, 14, 8], [3, 15, 4, 14], [17, 1, 18, 22], [19, 17, 20, 16], [1, 19, 2, 18], [15, 10, 16, 11], [5, 20, 6, 21]]"
11a_19_161,"[[5, 20, 6, 21], [21, 6, 22, 7], [11, 5, 12, 4], [7, 13, 8, 12], [9, 2, 10, 3], [13, 9, 14, 8], [3, 15, 4, 14], [17, 1, 18, 22], [19, 17, 20, 16], [1, 19, 2, 18], [15, 10, 16, 11]]"
11a_19_162,"[[15, 10, 16, 11], [5, 20, 6, 21], [21, 6, 22, 7], [11, 5, 12, 4], [7, 13, 8, 12], [9, 2, 10, 3], [13, 9, 14, 8], [3, 15, 4, 14], [17, 1, 18, 22], [19, 17, 20, 16], [1, 19, 2, 18]]"
11a_19_163,"[[1, 19, 2, 18], [15, 10, 16, 11], [5, 20, 6, 21], [21, 6, 22, 7], [11, 5, 12, 4], [7, 13, 8, 12], [9, 2, 10, 3], [13, 9, 14, 8], [3, 15, 4, 14], [17, 1, 18, 22], [19, 17, 20, 16]]"
11a_19_164,"[[19, 17, 20, 16], [1, 19, 2, 18], [15, 10, 16, 11], [5, 20, 6, 21], [21, 6, 22, 7], [11, 5, 12, 4], [7, 13, 8, 12], [9, 2, 10, 3], [13, 9, 14, 8], [3, 15, 4, 14], [17, 1, 18, 22]]"
11a_19_165,"[[18, 2, 19, 1], [20, 18, 21, 17], [2, 20, 3, 19], [16, 11, 17, 12], [6, 21, 7, 22], [22, 7, 1, 8], [12, 6, 13, 5], [8, 14, 9, 13], [10, 3, 11, 4], [14, 10, 15, 9], [4, 16, 5, 15]]"
11a_19_166,"[[4, 16, 5, 15], [18, 2, 19, 1], [20, 18, 21, 17], [2, 20, 3, 19], [16, 11, 17, 12], [6, 21, 7, 22], [22, 7, 1, 8], [12, 6, 13, 5], [8, 14, 9, 13], [10, 3, 11, 4], [14, 10, 15, 9]]"
11a_19_167,"[[14, 10, 15, 9], [4, 16, 5, 15], [18, 2, 19, 1], [20, 18, 21, 17], [2, 20, 3, 19], [16, 11, 17, 12], [6, 21, 7, 22], [22, 7, 1, 8], [12, 6, 13, 5], [8, 14, 9, 13], [10, 3, 11, 4]]"
11a_19_168,"[[10, 3, 11, 4], [14, 10, 15, 9], [4, 16, 5, 15], [18, 2, 19, 1], [20, 18, 21, 17], [2, 20, 3, 19], [16, 11, 17, 12], [6, 21, 7, 22], [22, 7, 1, 8], [12, 6, 13, 5], [8, 14, 9, 13]]"
11a_19_169,"[[8, 14, 9, 13], [10, 3, 11, 4], [14, 10, 15, 9], [4, 16, 5, 15], [18, 2, 19, 1], [20, 18, 21, 17], [2, 20, 3, 19], [16, 11, 17, 12], [6, 21, 7, 22], [22, 7, 1, 8], [12, 6, 13, 5]]"
11a_19_170,"[[12, 6, 13, 5], [8, 14, 9, 13], [10, 3, 11, 4], [14, 10, 15, 9], [4, 16, 5, 15], [18, 2, 19, 1], [20, 18, 21, 17], [2, 20, 3, 19], [16, 11, 17, 12], [6, 21, 7, 22], [22, 7, 1, 8]]"
11a_19_171,"[[22, 7, 1, 8], [12, 6, 13, 5], [8, 14, 9, 13], [10, 3, 11, 4], [14, 10, 15, 9], [4, 16, 5, 15], [18, 2, 19, 1], [20, 18, 21, 17], [2, 20, 3, 19], [16, 11, 17, 12], [6, 21, 7, 22]]"
11a_19_172,"[[6, 21, 7, 22], [22, 7, 1, 8], [12, 6, 13, 5], [8, 14, 9, 13], [10, 3, 11, 4], [14, 10, 15, 9], [4, 16, 5, 15], [18, 2, 19, 1], [20, 18, 21, 17], [2, 20, 3, 19], [16, 11, 17, 12]]"
11a_19_173,"[[16, 11, 17, 12], [6, 21, 7, 22], [22, 7, 1, 8], [12, 6, 13, 5], [8, 14, 9, 13], [10, 3, 11, 4], [14, 10, 15, 9], [4, 16, 5, 15], [18, 2, 19, 1], [20, 18, 21, 17], [2, 20, 3, 19]]"
11a_19_174,"[[2, 20, 3, 19], [16, 11, 17, 12], [6, 21, 7, 22], [22, 7, 1, 8], [12, 6, 13, 5], [8, 14, 9, 13], [10, 3, 11, 4], [14, 10, 15, 9], [4, 16, 5, 15], [18, 2, 19, 1], [20, 18, 21, 17]]"
11a_19_175,"[[20, 18, 21, 17], [2, 20, 3, 19], [16, 11, 17, 12], [6, 21, 7, 22], [22, 7, 1, 8], [12, 6, 13, 5], [8, 14, 9, 13], [10, 3, 11, 4], [14, 10, 15, 9], [4, 16, 5, 15], [18, 2, 19, 1]]"
11a_19_176,"[[19, 3, 20, 2], [21, 19, 22, 18], [3, 21, 4, 20], [17, 12, 18, 13], [7, 22, 8, 1], [1, 8, 2, 9], [13, 7, 14, 6], [9, 15, 10, 14], [11, 4, 12, 5], [15, 11, 16, 10], [5, 17, 6, 16]]"
11a_19_177,"[[5, 17, 6, 16], [19, 3, 20, 2], [21, 19, 22, 18], [3, 21, 4, 20], [17, 12, 18, 13], [7, 22, 8, 1], [1, 8, 2, 9], [13, 7, 14, 6], [9, 15, 10, 14], [11, 4, 12, 5], [15, 11, 16, 10]]"
11a_19_178,"[[15, 11, 16, 10], [5, 17, 6, 16], [19, 3, 20, 2], [21, 19, 22, 18], [3, 21, 4, 20], [17, 12, 18, 13], [7, 22, 8, 1], [1, 8, 2, 9], [13, 7, 14, 6], [9, 15, 10, 14], [11, 4, 12, 5]]"
11a_19_179,"[[11, 4, 12, 5], [15, 11, 16, 10], [5, 17, 6, 16], [19, 3, 20, 2], [21, 19, 22, 18], [3, 21, 4, 20], [17, 12, 18, 13], [7, 22, 8, 1], [1, 8, 2, 9], [13, 7, 14, 6], [9, 15, 10, 14]]"
11a_19_180,"[[9, 15, 10, 14], [11, 4, 12, 5], [15, 11, 16, 10], [5, 17, 6, 16], [19, 3, 20, 2], [21, 19, 22, 18], [3, 21, 4, 20], [17, 12, 18, 13], [7, 22, 8, 1], [1, 8, 2, 9], [13, 7, 14, 6]]"
11a_19_181,"[[13, 7, 14, 6], [9, 15, 10, 14], [11, 4, 12, 5], [15, 11, 16, 10], [5, 17, 6, 16], [19, 3, 20, 2], [21, 19, 22, 18], [3, 21, 4, 20], [17, 12, 18, 13], [7, 22, 8, 1], [1, 8, 2, 9]]"
11a_19_182,"[[1, 8, 2, 9], [13, 7, 14, 6], [9, 15, 10, 14], [11, 4, 12, 5], [15, 11, 16, 10], [5, 17, 6, 16], [19, 3, 20, 2], [21, 19, 22, 18], [3, 21, 4, 20], [17, 12, 18, 13], [7, 22, 8, 1]]"
11a_19_183,"[[7, 22, 8, 1], [1, 8, 2, 9], [13, 7, 14, 6], [9, 15, 10, 14], [11, 4, 12, 5], [15, 11, 16, 10], [5, 17, 6, 16], [19, 3, 20, 2], [21, 19, 22, 18], [3, 21, 4, 20], [17, 12, 18, 13]]"
11a_19_184,"[[17, 12, 18, 13], [7, 22, 8, 1], [1, 8, 2, 9], [13, 7, 14, 6], [9, 15, 10, 14], [11, 4, 12, 5], [15, 11, 16, 10], [5, 17, 6, 16], [19, 3, 20, 2], [21, 19, 22, 18], [3, 21, 4, 20]]"
11a_19_185,"[[3, 21, 4, 20], [17, 12, 18, 13], [7, 22, 8, 1], [1, 8, 2, 9], [13, 7, 14, 6], [9, 15, 10, 14], [11, 4, 12, 5], [15, 11, 16, 10], [5, 17, 6, 16], [19, 3, 20, 2], [21, 19, 22, 18]]"
11a_19_186,"[[21, 19, 22, 18], [3, 21, 4, 20], [17, 12, 18, 13], [7, 22, 8, 1], [1, 8, 2, 9], [13, 7, 14, 6], [9, 15, 10, 14], [11, 4, 12, 5], [15, 11, 16, 10], [5, 17, 6, 16], [19, 3, 20, 2]]"
11a_19_187,"[[20, 4, 21, 3], [22, 20, 1, 19], [4, 22, 5, 21], [18, 13, 19, 14], [8, 1, 9, 2], [2, 9, 3, 10], [14, 8, 15, 7], [10, 16, 11, 15], [12, 5, 13, 6], [16, 12, 17, 11], [6, 18, 7, 17]]"
11a_19_188,"[[6, 18, 7, 17], [20, 4, 21, 3], [22, 20, 1, 19], [4, 22, 5, 21], [18, 13, 19, 14], [8, 1, 9, 2], [2, 9, 3, 10], [14, 8, 15, 7], [10, 16, 11, 15], [12, 5, 13, 6], [16, 12, 17, 11]]"
11a_19_189,"[[16, 12, 17, 11], [6, 18, 7, 17], [20, 4, 21, 3], [22, 20, 1, 19], [4, 22, 5, 21], [18, 13, 19, 14], [8, 1, 9, 2], [2, 9, 3, 10], [14, 8, 15, 7], [10, 16, 11, 15], [12, 5, 13, 6]]"
11a_19_190,"[[12, 5, 13, 6], [16, 12, 17, 11], [6, 18, 7, 17], [20, 4, 21, 3], [22, 20, 1, 19], [4, 22, 5, 21], [18, 13, 19, 14], [8, 1, 9, 2], [2, 9, 3, 10], [14, 8, 15, 7], [10, 16, 11, 15]]"
11a_19_191,"[[10, 16, 11, 15], [12, 5, 13, 6], [16, 12, 17, 11], [6, 18, 7, 17], [20, 4, 21, 3], [22, 20, 1, 19], [4, 22, 5, 21], [18, 13, 19, 14], [8, 1, 9, 2], [2, 9, 3, 10], [14, 8, 15, 7]]"
11a_19_192,"[[14, 8, 15, 7], [10, 16, 11, 15], [12, 5, 13, 6], [16, 12, 17, 11], [6, 18, 7, 17], [20, 4, 21, 3], [22, 20, 1, 19], [4, 22, 5, 21], [18, 13, 19, 14], [8, 1, 9, 2], [2, 9, 3, 10]]"
11a_19_193,"[[2, 9, 3, 10], [14, 8, 15, 7], [10, 16, 11, 15], [12, 5, 13, 6], [16, 12, 17, 11], [6, 18, 7, 17], [20, 4, 21, 3], [22, 20, 1, 19], [4, 22, 5, 21], [18, 13, 19, 14], [8, 1, 9, 2]]"
11a_19_194,"[[8, 1, 9, 2], [2, 9, 3, 10], [14, 8, 15, 7], [10, 16, 11, 15], [12, 5, 13, 6], [16, 12, 17, 11], [6, 18, 7, 17], [20, 4, 21, 3], [22, 20, 1, 19], [4, 22, 5, 21], [18, 13, 19, 14]]"
11a_19_195,"[[18, 13, 19, 14], [8, 1, 9, 2], [2, 9, 3, 10], [14, 8, 15, 7], [10, 16, 11, 15], [12, 5, 13, 6], [16, 12, 17, 11], [6, 18, 7, 17], [20, 4, 21, 3], [22, 20, 1, 19], [4, 22, 5, 21]]"
11a_19_196,"[[4, 22, 5, 21], [18, 13, 19, 14], [8, 1, 9, 2], [2, 9, 3, 10], [14, 8, 15, 7], [10, 16, 11, 15], [12, 5, 13, 6], [16, 12, 17, 11], [6, 18, 7, 17], [20, 4, 21, 3], [22, 20, 1, 19]]"
11a_19_197,"[[22, 20, 1, 19], [4, 22, 5, 21], [18, 13, 19, 14], [8, 1, 9, 2], [2, 9, 3, 10], [14, 8, 15, 7], [10, 16, 11, 15], [12, 5, 13, 6], [16, 12, 17, 11], [6, 18, 7, 17], [20, 4, 21, 3]]"
11a_19_198,"[[21, 5, 22, 4], [1, 21, 2, 20], [5, 1, 6, 22], [19, 14, 20, 15], [9, 2, 10, 3], [3, 10, 4, 11], [15, 9, 16, 8], [11, 17, 12, 16], [13, 6, 14, 7], [17, 13, 18, 12], [7, 19, 8, 18]]"
11a_19_199,"[[7, 19, 8, 18], [21, 5, 22, 4], [1, 21, 2, 20], [5, 1, 6, 22], [19, 14, 20, 15], [9, 2, 10, 3], [3, 10, 4, 11], [15, 9, 16, 8], [11, 17, 12, 16], [13, 6, 14, 7], [17, 13, 18, 12]]"
11a_19_200,"[[17, 13, 18, 12], [7, 19, 8, 18], [21, 5, 22, 4], [1, 21, 2, 20], [5, 1, 6, 22], [19, 14, 20, 15], [9, 2, 10, 3], [3, 10, 4, 11], [15, 9, 16, 8], [11, 17, 12, 16], [13, 6, 14, 7]]"
11a_19_201,"[[13, 6, 14, 7], [17, 13, 18, 12], [7, 19, 8, 18], [21, 5, 22, 4], [1, 21, 2, 20], [5, 1, 6, 22], [19, 14, 20, 15], [9, 2, 10, 3], [3, 10, 4, 11], [15, 9, 16, 8], [11, 17, 12, 16]]"
11a_19_202,"[[11, 17, 12, 16], [13, 6, 14, 7], [17, 13, 18, 12], [7, 19, 8, 18], [21, 5, 22, 4], [1, 21, 2, 20], [5, 1, 6, 22], [19, 14, 20, 15], [9, 2, 10, 3], [3, 10, 4, 11], [15, 9, 16, 8]]"
11a_19_203,"[[15, 9, 16, 8], [11, 17, 12, 16], [13, 6, 14, 7], [17, 13, 18, 12], [7, 19, 8, 18], [21, 5, 22, 4], [1, 21, 2, 20], [5, 1, 6, 22], [19, 14, 20, 15], [9, 2, 10, 3], [3, 10, 4, 11]]"
11a_19_204,"[[3, 10, 4, 11], [15, 9, 16, 8], [11, 17, 12, 16], [13, 6, 14, 7], [17, 13, 18, 12], [7, 19, 8, 18], [21, 5, 22, 4], [1, 21, 2, 20], [5, 1, 6, 22], [19, 14, 20, 15], [9, 2, 10, 3]]"
