name,pd_notation
11a_165_0,"[[3, 11, 4, 10], [5, 3, 6, 2], [11, 5, 12, 4], [19, 7, 20, 6], [21, 12, 22, 13], [1, 14, 2, 15], [13, 22, 14, 1], [15, 20, 16, 21], [17, 9, 18, 8], [9, 17, 10, 16], [7, 19, 8, 18]]"
11a_165_1,"[[7, 19, 8, 18], [3, 11, 4, 10], [5, 3, 6, 2], [11, 5, 12, 4], [19, 7, 20, 6], [21, 12, 22, 13], [1, 14, 2, 15], [13, 22, 14, 1], [15, 20, 16, 21], [17, 9, 18, 8], [9, 17, 10, 16]]"
11a_165_2,"[[9, 17, 10, 16], [7, 19, 8, 18], [3, 11, 4, 10], [5, 3, 6, 2], [11, 5, 12, 4], [19, 7, 20, 6], [21, 12, 22, 13], [1, 14, 2, 15], [13, 22, 14, 1], [15, 20, 16, 21], [17, 9, 18, 8]]"
11a_165_3,"[[17, 9, 18, 8], [9, 17, 10, 16], [7, 19, 8, 18], [3, 11, 4, 10], [5, 3, 6, 2], [11, 5, 12, 4], [19, 7, 20, 6], [21, 12, 22, 13], [1, 14, 2, 15], [13, 22, 14, 1], [15, 20, 16, 21]]"
11a_165_4,"[[15, 20, 16, 21], [17, 9, 18, 8], [9, 17, 10, 16], [7, 19, 8, 18], [3, 11, 4, 10], [5, 3, 6, 2], [11, 5, 12, 4], [19, 7, 20, 6], [21, 12, 22, 13], [1, 14, 2, 15], [13, 22, 14, 1]]"
11a_165_5,"[[13, 22, 14, 1], [15, 20, 16, 21], [17, 9, 18, 8], [9, 17, 10, 16], [7, 19, 8, 18], [3, 11, 4, 10], [5, 3, 6, 2], [11, 5, 12, 4], [19, 7, 20, 6], [21, 12, 22, 13], [1, 14, 2, 15]]"
11a_165_6,"[[1, 14, 2, 15], [13, 22, 14, 1], [15, 20, 16, 21], [17, 9, 18, 8], [9, 17, 10, 16], [7, 19, 8, 18], [3, 11, 4, 10], [5, 3, 6, 2], [11, 5, 12, 4], [19, 7, 20, 6], [21, 12, 22, 13]]"
11a_165_7,"[[21, 12, 22, 13], [1, 14, 2, 15], [13, 22, 14, 1], [15, 20, 16, 21], [17, 9, 18, 8], [9, 17, 10, 16], [7, 19, 8, 18], [3, 11, 4, 10], [5, 3, 6, 2], [11, 5, 12, 4], [19, 7, 20, 6]]"
11a_165_8,"[[19, 7, 20, 6], [21, 12, 22, 13], [1, 14, 2, 15], [13, 22, 14, 1], [15, 20, 16, 21], [17, 9, 18, 8], [9, 17, 10, 16], [7, 19, 8, 18], [3, 11, 4, 10], [5, 3, 6, 2], [11, 5, 12, 4]]"
11a_165_9,"[[11, 5, 12, 4], [19, 7, 20, 6], [21, 12, 22, 13], [1, 14, 2, 15], [13, 22, 14, 1], [15, 20, 16, 21], [17, 9, 18, 8], [9, 17, 10, 16], [7, 19, 8, 18], [3, 11, 4, 10], [5, 3, 6, 2]]"
11a_165_10,"[[5, 3, 6, 2], [11, 5, 12, 4], [19, 7, 20, 6], [21, 12, 22, 13], [1, 14, 2, 15], [13, 22, 14, 1], [15, 20, 16, 21], [17, 9, 18, 8], [9, 17, 10, 16], [7, 19, 8, 18], [3, 11, 4, 10]]"
11a_165_11,"[[4, 12, 5, 11], [6, 4, 7, 3], [12, 6, 13, 5], [20, 8, 21, 7], [22, 13, 1, 14], [2, 15, 3, 16], [14, 1, 15, 2], [16, 21, 17, 22], [18, 10, 19, 9], [10, 18, 11, 17], [8, 20, 9, 19]]"
11a_165_12,"[[8, 20, 9, 19], [4, 12, 5, 11], [6, 4, 7, 3], [12, 6, 13, 5], [20, 8, 21, 7], [22, 13, 1, 14], [2, 15, 3, 16], [14, 1, 15, 2], [16, 21, 17, 22], [18, 10, 19, 9], [10, 18, 11, 17]]"
11a_165_13,"[[10, 18, 11, 17], [8, 20, 9, 19], [4, 12, 5, 11], [6, 4, 7, 3], [12, 6, 13, 5], [20, 8, 21, 7], [22, 13, 1, 14], [2, 15, 3, 16], [14, 1, 15, 2], [16, 21, 17, 22], [18, 10, 19, 9]]"
11a_165_14,"[[18, 10, 19, 9], [10, 18, 11, 17], [8, 20, 9, 19], [4, 12, 5, 11], [6, 4, 7, 3], [12, 6, 13, 5], [20, 8, 21, 7], [22, 13, 1, 14], [2, 15, 3, 16], [14, 1, 15, 2], [16, 21, 17, 22]]"
11a_165_15,"[[16, 21, 17, 22], [18, 10, 19, 9], [10, 18, 11, 17], [8, 20, 9, 19], [4, 12, 5, 11], [6, 4, 7, 3], [12, 6, 13, 5], [20, 8, 21, 7], [22, 13, 1, 14], [2, 15, 3, 16], [14, 1, 15, 2]]"
11a_165_16,"[[14, 1, 15, 2], [16, 21, 17, 22], [18, 10, 19, 9], [10, 18, 11, 17], [8, 20, 9, 19], [4, 12, 5, 11], [6, 4, 7, 3], [12, 6, 13, 5], [20, 8, 21, 7], [22, 13, 1, 14], [2, 15, 3, 16]]"
11a_165_17,"[[2, 15, 3, 16], [14, 1, 15, 2], [16, 21, 17, 22], [18, 10, 19, 9], [10, 18, 11, 17], [8, 20, 9, 19], [4, 12, 5, 11], [6, 4, 7, 3], [12, 6, 13, 5], [20, 8, 21, 7], [22, 13, 1, 14]]"
11a_165_18,"[[22, 13, 1, 14], [2, 15, 3, 16], [14, 1, 15, 2], [16, 21, 17, 22], [18, 10, 19, 9], [10, 18, 11, 17], [8, 20, 9, 19], [4, 12, 5, 11], [6, 4, 7, 3], [12, 6, 13, 5], [20, 8, 21, 7]]"
11a_165_19,"[[20, 8, 21, 7], [22, 13, 1, 14], [2, 15, 3, 16], [14, 1, 15, 2], [16, 21, 17, 22], [18, 10, 19, 9], [10, 18, 11, 17], [8, 20, 9, 19], [4, 12, 5, 11], [6, 4, 7, 3], [12, 6, 13, 5]]"
11a_165_20,"[[12, 6, 13, 5], [20, 8, 21, 7], [22, 13, 1, 14], [2, 15, 3, 16], [14, 1, 15, 2], [16, 21, 17, 22], [18, 10, 19, 9], [10, 18, 11, 17], [8, 20, 9, 19], [4, 12, 5, 11], [6, 4, 7, 3]]"
11a_165_21,"[[6, 4, 7, 3], [12, 6, 13, 5], [20, 8, 21, 7], [22, 13, 1, 14], [2, 15, 3, 16], [14, 1, 15, 2], [16, 21, 17, 22], [18, 10, 19, 9], [10, 18, 11, 17], [8, 20, 9, 19], [4, 12, 5, 11]]"
11a_165_22,"[[5, 13, 6, 12], [7, 5, 8, 4], [13, 7, 14, 6], [21, 9, 22, 8], [1, 14, 2, 15], [3, 16, 4, 17], [15, 2, 16, 3], [17, 22, 18, 1], [19, 11, 20, 10], [11, 19, 12, 18], [9, 21, 10, 20]]"
11a_165_23,"[[9, 21, 10, 20], [5, 13, 6, 12], [7, 5, 8, 4], [13, 7, 14, 6], [21, 9, 22, 8], [1, 14, 2, 15], [3, 16, 4, 17], [15, 2, 16, 3], [17, 22, 18, 1], [19, 11, 20, 10], [11, 19, 12, 18]]"
11a_165_24,"[[11, 19, 12, 18], [9, 21, 10, 20], [5, 13, 6, 12], [7, 5, 8, 4], [13, 7, 14, 6], [21, 9, 22, 8], [1, 14, 2, 15], [3, 16, 4, 17], [15, 2, 16, 3], [17, 22, 18, 1], [19, 11, 20, 10]]"
11a_165_25,"[[19, 11, 20, 10], [11, 19, 12, 18], [9, 21, 10, 20], [5, 13, 6, 12], [7, 5, 8, 4], [13, 7, 14, 6], [21, 9, 22, 8], [1, 14, 2, 15], [3, 16, 4, 17], [15, 2, 16, 3], [17, 22, 18, 1]]"
11a_165_26,"[[17, 22, 18, 1], [19, 11, 20, 10], [11, 19, 12, 18], [9, 21, 10, 20], [5, 13, 6, 12], [7, 5, 8, 4], [13, 7, 14, 6], [21, 9, 22, 8], [1, 14, 2, 15], [3, 16, 4, 17], [15, 2, 16, 3]]"
11a_165_27,"[[15, 2, 16, 3], [17, 22, 18, 1], [19, 11, 20, 10], [11, 19, 12, 18], [9, 21, 10, 20], [5, 13, 6, 12], [7, 5, 8, 4], [13, 7, 14, 6], [21, 9, 22, 8], [1, 14, 2, 15], [3, 16, 4, 17]]"
11a_165_28,"[[3, 16, 4, 17], [15, 2, 16, 3], [17, 22, 18, 1], [19, 11, 20, 10], [11, 19, 12, 18], [9, 21, 10, 20], [5, 13, 6, 12], [7, 5, 8, 4], [13, 7, 14, 6], [21, 9, 22, 8], [1, 14, 2, 15]]"
11a_165_29,"[[1, 14, 2, 15], [3, 16, 4, 17], [15, 2, 16, 3], [17, 22, 18, 1], [19, 11, 20, 10], [11, 19, 12, 18], [9, 21, 10, 20], [5, 13, 6, 12], [7, 5, 8, 4], [13, 7, 14, 6], [21, 9, 22, 8]]"
11a_165_30,"[[21, 9, 22, 8], [1, 14, 2, 15], [3, 16, 4, 17], [15, 2, 16, 3], [17, 22, 18, 1], [19, 11, 20, 10], [11, 19, 12, 18], [9, 21, 10, 20], [5, 13, 6, 12], [7, 5, 8, 4], [13, 7, 14, 6]]"
11a_165_31,"[[13, 7, 14, 6], [21, 9, 22, 8], [1, 14, 2, 15], [3, 16, 4, 17], [15, 2, 16, 3], [17, 22, 18, 1], [19, 11, 20, 10], [11, 19, 12, 18], [9, 21, 10, 20], [5, 13, 6, 12], [7, 5, 8, 4]]"
11a_165_32,"[[7, 5, 8, 4], [13, 7, 14, 6], [21, 9, 22, 8], [1, 14, 2, 15], [3, 16, 4, 17], [15, 2, 16, 3], [17, 22, 18, 1], [19, 11, 20, 10], [11, 19, 12, 18], [9, 21, 10, 20], [5, 13, 6, 12]]"
11a_165_33,"[[6, 14, 7, 13], [8, 6, 9, 5], [14, 8, 15, 7], [22, 10, 1, 9], [2, 15, 3, 16], [4, 17, 5, 18], [16, 3, 17, 4], [18, 1, 19, 2], [20, 12, 21, 11], [12, 20, 13, 19], [10, 22, 11, 21]]"
11a_165_34,"[[10, 22, 11, 21], [6, 14, 7, 13], [8, 6, 9, 5], [14, 8, 15, 7], [22, 10, 1, 9], [2, 15, 3, 16], [4, 17, 5, 18], [16, 3, 17, 4], [18, 1, 19, 2], [20, 12, 21, 11], [12, 20, 13, 19]]"
11a_165_35,"[[12, 20, 13, 19], [10, 22, 11, 21], [6, 14, 7, 13], [8, 6, 9, 5], [14, 8, 15, 7], [22, 10, 1, 9], [2, 15, 3, 16], [4, 17, 5, 18], [16, 3, 17, 4], [18, 1, 19, 2], [20, 12, 21, 11]]"
11a_165_36,"[[20, 12, 21, 11], [12, 20, 13, 19], [10, 22, 11, 21], [6, 14, 7, 13], [8, 6, 9, 5], [14, 8, 15, 7], [22, 10, 1, 9], [2, 15, 3, 16], [4, 17, 5, 18], [16, 3, 17, 4], [18, 1, 19, 2]]"
11a_165_37,"[[18, 1, 19, 2], [20, 12, 21, 11], [12, 20, 13, 19], [10, 22, 11, 21], [6, 14, 7, 13], [8, 6, 9, 5], [14, 8, 15, 7], [22, 10, 1, 9], [2, 15, 3, 16], [4, 17, 5, 18], [16, 3, 17, 4]]"
11a_165_38,"[[16, 3, 17, 4], [18, 1, 19, 2], [20, 12, 21, 11], [12, 20, 13, 19], [10, 22, 11, 21], [6, 14, 7, 13], [8, 6, 9, 5], [14, 8, 15, 7], [22, 10, 1, 9], [2, 15, 3, 16], [4, 17, 5, 18]]"
11a_165_39,"[[4, 17, 5, 18], [16, 3, 17, 4], [18, 1, 19, 2], [20, 12, 21, 11], [12, 20, 13, 19], [10, 22, 11, 21], [6, 14, 7, 13], [8, 6, 9, 5], [14, 8, 15, 7], [22, 10, 1, 9], [2, 15, 3, 16]]"
11a_165_40,"[[2, 15, 3, 16], [4, 17, 5, 18], [16, 3, 17, 4], [18, 1, 19, 2], [20, 12, 21, 11], [12, 20, 13, 19], [10, 22, 11, 21], [6, 14, 7, 13], [8, 6, 9, 5], [14, 8, 15, 7], [22, 10, 1, 9]]"
11a_165_41,"[[22, 10, 1, 9], [2, 15, 3, 16], [4, 17, 5, 18], [16, 3, 17, 4], [18, 1, 19, 2], [20, 12, 21, 11], [12, 20, 13, 19], [10, 22, 11, 21], [6, 14, 7, 13], [8, 6, 9, 5], [14, 8, 15, 7]]"
11a_165_42,"[[14, 8, 15, 7], [22, 10, 1, 9], [2, 15, 3, 16], [4, 17, 5, 18], [16, 3, 17, 4], [18, 1, 19, 2], [20, 12, 21, 11], [12, 20, 13, 19], [10, 22, 11, 21], [6, 14, 7, 13], [8, 6, 9, 5]]"
11a_165_43,"[[8, 6, 9, 5], [14, 8, 15, 7], [22, 10, 1, 9], [2, 15, 3, 16], [4, 17, 5, 18], [16, 3, 17, 4], [18, 1, 19, 2], [20, 12, 21, 11], [12, 20, 13, 19], [10, 22, 11, 21], [6, 14, 7, 13]]"
11a_165_44,"[[7, 15, 8, 14], [9, 7, 10, 6], [15, 9, 16, 8], [1, 11, 2, 10], [3, 16, 4, 17], [5, 18, 6, 19], [17, 4, 18, 5], [19, 2, 20, 3], [21, 13, 22, 12], [13, 21, 14, 20], [11, 1, 12, 22]]"
11a_165_45,"[[11, 1, 12, 22], [7, 15, 8, 14], [9, 7, 10, 6], [15, 9, 16, 8], [1, 11, 2, 10], [3, 16, 4, 17], [5, 18, 6, 19], [17, 4, 18, 5], [19, 2, 20, 3], [21, 13, 22, 12], [13, 21, 14, 20]]"
11a_165_46,"[[13, 21, 14, 20], [11, 1, 12, 22], [7, 15, 8, 14], [9, 7, 10, 6], [15, 9, 16, 8], [1, 11, 2, 10], [3, 16, 4, 17], [5, 18, 6, 19], [17, 4, 18, 5], [19, 2, 20, 3], [21, 13, 22, 12]]"
11a_165_47,"[[21, 13, 22, 12], [13, 21, 14, 20], [11, 1, 12, 22], [7, 15, 8, 14], [9, 7, 10, 6], [15, 9, 16, 8], [1, 11, 2, 10], [3, 16, 4, 17], [5, 18, 6, 19], [17, 4, 18, 5], [19, 2, 20, 3]]"
11a_165_48,"[[19, 2, 20, 3], [21, 13, 22, 12], [13, 21, 14, 20], [11, 1, 12, 22], [7, 15, 8, 14], [9, 7, 10, 6], [15, 9, 16, 8], [1, 11, 2, 10], [3, 16, 4, 17], [5, 18, 6, 19], [17, 4, 18, 5]]"
11a_165_49,"[[17, 4, 18, 5], [19, 2, 20, 3], [21, 13, 22, 12], [13, 21, 14, 20], [11, 1, 12, 22], [7, 15, 8, 14], [9, 7, 10, 6], [15, 9, 16, 8], [1, 11, 2, 10], [3, 16, 4, 17], [5, 18, 6, 19]]"
11a_165_50,"[[5, 18, 6, 19], [17, 4, 18, 5], [19, 2, 20, 3], [21, 13, 22, 12], [13, 21, 14, 20], [11, 1, 12, 22], [7, 15, 8, 14], [9, 7, 10, 6], [15, 9, 16, 8], [1, 11, 2, 10], [3, 16, 4, 17]]"
11a_165_51,"[[3, 16, 4, 17], [5, 18, 6, 19], [17, 4, 18, 5], [19, 2, 20, 3], [21, 13, 22, 12], [13, 21, 14, 20], [11, 1, 12, 22], [7, 15, 8, 14], [9, 7, 10, 6], [15, 9, 16, 8], [1, 11, 2, 10]]"
11a_165_52,"[[1, 11, 2, 10], [3, 16, 4, 17], [5, 18, 6, 19], [17, 4, 18, 5], [19, 2, 20, 3], [21, 13, 22, 12], [13, 21, 14, 20], [11, 1, 12, 22], [7, 15, 8, 14], [9, 7, 10, 6], [15, 9, 16, 8]]"
11a_165_53,"[[15, 9, 16, 8], [1, 11, 2, 10], [3, 16, 4, 17], [5, 18, 6, 19], [17, 4, 18, 5], [19, 2, 20, 3], [21, 13, 22, 12], [13, 21, 14, 20], [11, 1, 12, 22], [7, 15, 8, 14], [9, 7, 10, 6]]"
11a_165_54,"[[9, 7, 10, 6], [15, 9, 16, 8], [1, 11, 2, 10], [3, 16, 4, 17], [5, 18, 6, 19], [17, 4, 18, 5], [19, 2, 20, 3], [21, 13, 22, 12], [13, 21, 14, 20], [11, 1, 12, 22], [7, 15, 8, 14]]"
11a_165_55,"[[8, 16, 9, 15], [10, 8, 11, 7], [16, 10, 17, 9], [2, 12, 3, 11], [4, 17, 5, 18], [6, 19, 7, 20], [18, 5, 19, 6], [20, 3, 21, 4], [22, 14, 1, 13], [14, 22, 15, 21], [12, 2, 13, 1]]"
11a_165_56,"[[12, 2, 13, 1], [8, 16, 9, 15], [10, 8, 11, 7], [16, 10, 17, 9], [2, 12, 3, 11], [4, 17, 5, 18], [6, 19, 7, 20], [18, 5, 19, 6], [20, 3, 21, 4], [22, 14, 1, 13], [14, 22, 15, 21]]"
11a_165_57,"[[14, 22, 15, 21], [12, 2, 13, 1], [8, 16, 9, 15], [10, 8, 11, 7], [16, 10, 17, 9], [2, 12, 3, 11], [4, 17, 5, 18], [6, 19, 7, 20], [18, 5, 19, 6], [20, 3, 21, 4], [22, 14, 1, 13]]"
11a_165_58,"[[22, 14, 1, 13], [14, 22, 15, 21], [12, 2, 13, 1], [8, 16, 9, 15], [10, 8, 11, 7], [16, 10, 17, 9], [2, 12, 3, 11], [4, 17, 5, 18], [6, 19, 7, 20], [18, 5, 19, 6], [20, 3, 21, 4]]"
11a_165_59,"[[20, 3, 21, 4], [22, 14, 1, 13], [14, 22, 15, 21], [12, 2, 13, 1], [8, 16, 9, 15], [10, 8, 11, 7], [16, 10, 17, 9], [2, 12, 3, 11], [4, 17, 5, 18], [6, 19, 7, 20], [18, 5, 19, 6]]"
11a_165_60,"[[18, 5, 19, 6], [20, 3, 21, 4], [22, 14, 1, 13], [14, 22, 15, 21], [12, 2, 13, 1], [8, 16, 9, 15], [10, 8, 11, 7], [16, 10, 17, 9], [2, 12, 3, 11], [4, 17, 5, 18], [6, 19, 7, 20]]"
11a_165_61,"[[6, 19, 7, 20], [18, 5, 19, 6], [20, 3, 21, 4], [22, 14, 1, 13], [14, 22, 15, 21], [12, 2, 13, 1], [8, 16, 9, 15], [10, 8, 11, 7], [16, 10, 17, 9], [2, 12, 3, 11], [4, 17, 5, 18]]"
11a_165_62,"[[4, 17, 5, 18], [6, 19, 7, 20], [18, 5, 19, 6], [20, 3, 21, 4], [22, 14, 1, 13], [14, 22, 15, 21], [12, 2, 13, 1], [8, 16, 9, 15], [10, 8, 11, 7], [16, 10, 17, 9], [2, 12, 3, 11]]"
11a_165_63,"[[2, 12, 3, 11], [4, 17, 5, 18], [6, 19, 7, 20], [18, 5, 19, 6], [20, 3, 21, 4], [22, 14, 1, 13], [14, 22, 15, 21], [12, 2, 13, 1], [8, 16, 9, 15], [10, 8, 11, 7], [16, 10, 17, 9]]"
11a_165_64,"[[16, 10, 17, 9], [2, 12, 3, 11], [4, 17, 5, 18], [6, 19, 7, 20], [18, 5, 19, 6], [20, 3, 21, 4], [22, 14, 1, 13], [14, 22, 15, 21], [12, 2, 13, 1], [8, 16, 9, 15], [10, 8, 11, 7]]"
11a_165_65,"[[10, 8, 11, 7], [16, 10, 17, 9], [2, 12, 3, 11], [4, 17, 5, 18], [6, 19, 7, 20], [18, 5, 19, 6], [20, 3, 21, 4], [22, 14, 1, 13], [14, 22, 15, 21], [12, 2, 13, 1], [8, 16, 9, 15]]"
11a_165_66,"[[9, 17, 10, 16], [11, 9, 12, 8], [17, 11, 18, 10], [3, 13, 4, 12], [5, 18, 6, 19], [7, 20, 8, 21], [19, 6, 20, 7], [21, 4, 22, 5], [1, 15, 2, 14], [15, 1, 16, 22], [13, 3, 14, 2]]"
11a_165_67,"[[13, 3, 14, 2], [9, 17, 10, 16], [11, 9, 12, 8], [17, 11, 18, 10], [3, 13, 4, 12], [5, 18, 6, 19], [7, 20, 8, 21], [19, 6, 20, 7], [21, 4, 22, 5], [1, 15, 2, 14], [15, 1, 16, 22]]"
11a_165_68,"[[15, 1, 16, 22], [13, 3, 14, 2], [9, 17, 10, 16], [11, 9, 12, 8], [17, 11, 18, 10], [3, 13, 4, 12], [5, 18, 6, 19], [7, 20, 8, 21], [19, 6, 20, 7], [21, 4, 22, 5], [1, 15, 2, 14]]"
11a_165_69,"[[1, 15, 2, 14], [15, 1, 16, 22], [13, 3, 14, 2], [9, 17, 10, 16], [11, 9, 12, 8], [17, 11, 18, 10], [3, 13, 4, 12], [5, 18, 6, 19], [7, 20, 8, 21], [19, 6, 20, 7], [21, 4, 22, 5]]"
11a_165_70,"[[21, 4, 22, 5], [1, 15, 2, 14], [15, 1, 16, 22], [13, 3, 14, 2], [9, 17, 10, 16], [11, 9, 12, 8], [17, 11, 18, 10], [3, 13, 4, 12], [5, 18, 6, 19], [7, 20, 8, 21], [19, 6, 20, 7]]"
11a_165_71,"[[19, 6, 20, 7], [21, 4, 22, 5], [1, 15, 2, 14], [15, 1, 16, 22], [13, 3, 14, 2], [9, 17, 10, 16], [11, 9, 12, 8], [17, 11, 18, 10], [3, 13, 4, 12], [5, 18, 6, 19], [7, 20, 8, 21]]"
11a_165_72,"[[7, 20, 8, 21], [19, 6, 20, 7], [21, 4, 22, 5], [1, 15, 2, 14], [15, 1, 16, 22], [13, 3, 14, 2], [9, 17, 10, 16], [11, 9, 12, 8], [17, 11, 18, 10], [3, 13, 4, 12], [5, 18, 6, 19]]"
11a_165_73,"[[5, 18, 6, 19], [7, 20, 8, 21], [19, 6, 20, 7], [21, 4, 22, 5], [1, 15, 2, 14], [15, 1, 16, 22], [13, 3, 14, 2], [9, 17, 10, 16], [11, 9, 12, 8], [17, 11, 18, 10], [3, 13, 4, 12]]"
11a_165_74,"[[3, 13, 4, 12], [5, 18, 6, 19], [7, 20, 8, 21], [19, 6, 20, 7], [21, 4, 22, 5], [1, 15, 2, 14], [15, 1, 16, 22], [13, 3, 14, 2], [9, 17, 10, 16], [11, 9, 12, 8], [17, 11, 18, 10]]"
11a_165_75,"[[17, 11, 18, 10], [3, 13, 4, 12], [5, 18, 6, 19], [7, 20, 8, 21], [19, 6, 20, 7], [21, 4, 22, 5], [1, 15, 2, 14], [15, 1, 16, 22], [13, 3, 14, 2], [9, 17, 10, 16], [11, 9, 12, 8]]"
11a_165_76,"[[11, 9, 12, 8], [17, 11, 18, 10], [3, 13, 4, 12], [5, 18, 6, 19], [7, 20, 8, 21], [19, 6, 20, 7], [21, 4, 22, 5], [1, 15, 2, 14], [15, 1, 16, 22], [13, 3, 14, 2], [9, 17, 10, 16]]"
11a_165_77,"[[10, 18, 11, 17], [12, 10, 13, 9], [18, 12, 19, 11], [4, 14, 5, 13], [6, 19, 7, 20], [8, 21, 9, 22], [20, 7, 21, 8], [22, 5, 1, 6], [2, 16, 3, 15], [16, 2, 17, 1], [14, 4, 15, 3]]"
11a_165_78,"[[14, 4, 15, 3], [10, 18, 11, 17], [12, 10, 13, 9], [18, 12, 19, 11], [4, 14, 5, 13], [6, 19, 7, 20], [8, 21, 9, 22], [20, 7, 21, 8], [22, 5, 1, 6], [2, 16, 3, 15], [16, 2, 17, 1]]"
11a_165_79,"[[16, 2, 17, 1], [14, 4, 15, 3], [10, 18, 11, 17], [12, 10, 13, 9], [18, 12, 19, 11], [4, 14, 5, 13], [6, 19, 7, 20], [8, 21, 9, 22], [20, 7, 21, 8], [22, 5, 1, 6], [2, 16, 3, 15]]"
11a_165_80,"[[2, 16, 3, 15], [16, 2, 17, 1], [14, 4, 15, 3], [10, 18, 11, 17], [12, 10, 13, 9], [18, 12, 19, 11], [4, 14, 5, 13], [6, 19, 7, 20], [8, 21, 9, 22], [20, 7, 21, 8], [22, 5, 1, 6]]"
11a_165_81,"[[22, 5, 1, 6], [2, 16, 3, 15], [16, 2, 17, 1], [14, 4, 15, 3], [10, 18, 11, 17], [12, 10, 13, 9], [18, 12, 19, 11], [4, 14, 5, 13], [6, 19, 7, 20], [8, 21, 9, 22], [20, 7, 21, 8]]"
11a_165_82,"[[20, 7, 21, 8], [22, 5, 1, 6], [2, 16, 3, 15], [16, 2, 17, 1], [14, 4, 15, 3], [10, 18, 11, 17], [12, 10, 13, 9], [18, 12, 19, 11], [4, 14, 5, 13], [6, 19, 7, 20], [8, 21, 9, 22]]"
11a_165_83,"[[8, 21, 9, 22], [20, 7, 21, 8], [22, 5, 1, 6], [2, 16, 3, 15], [16, 2, 17, 1], [14, 4, 15, 3], [10, 18, 11, 17], [12, 10, 13, 9], [18, 12, 19, 11], [4, 14, 5, 13], [6, 19, 7, 20]]"
11a_165_84,"[[6, 19, 7, 20], [8, 21, 9, 22], [20, 7, 21, 8], [22, 5, 1, 6], [2, 16, 3, 15], [16, 2, 17, 1], [14, 4, 15, 3], [10, 18, 11, 17], [12, 10, 13, 9], [18, 12, 19, 11], [4, 14, 5, 13]]"
11a_165_85,"[[4, 14, 5, 13], [6, 19, 7, 20], [8, 21, 9, 22], [20, 7, 21, 8], [22, 5, 1, 6], [2, 16, 3, 15], [16, 2, 17, 1], [14, 4, 15, 3], [10, 18, 11, 17], [12, 10, 13, 9], [18, 12, 19, 11]]"
11a_165_86,"[[18, 12, 19, 11], [4, 14, 5, 13], [6, 19, 7, 20], [8, 21, 9, 22], [20, 7, 21, 8], [22, 5, 1, 6], [2, 16, 3, 15], [16, 2, 17, 1], [14, 4, 15, 3], [10, 18, 11, 17], [12, 10, 13, 9]]"
11a_165_87,"[[12, 10, 13, 9], [18, 12, 19, 11], [4, 14, 5, 13], [6, 19, 7, 20], [8, 21, 9, 22], [20, 7, 21, 8], [22, 5, 1, 6], [2, 16, 3, 15], [16, 2, 17, 1], [14, 4, 15, 3], [10, 18, 11, 17]]"
11a_165_88,"[[11, 19, 12, 18], [13, 11, 14, 10], [19, 13, 20, 12], [5, 15, 6, 14], [7, 20, 8, 21], [9, 22, 10, 1], [21, 8, 22, 9], [1, 6, 2, 7], [3, 17, 4, 16], [17, 3, 18, 2], [15, 5, 16, 4]]"
11a_165_89,"[[15, 5, 16, 4], [11, 19, 12, 18], [13, 11, 14, 10], [19, 13, 20, 12], [5, 15, 6, 14], [7, 20, 8, 21], [9, 22, 10, 1], [21, 8, 22, 9], [1, 6, 2, 7], [3, 17, 4, 16], [17, 3, 18, 2]]"
11a_165_90,"[[17, 3, 18, 2], [15, 5, 16, 4], [11, 19, 12, 18], [13, 11, 14, 10], [19, 13, 20, 12], [5, 15, 6, 14], [7, 20, 8, 21], [9, 22, 10, 1], [21, 8, 22, 9], [1, 6, 2, 7], [3, 17, 4, 16]]"
11a_165_91,"[[3, 17, 4, 16], [17, 3, 18, 2], [15, 5, 16, 4], [11, 19, 12, 18], [13, 11, 14, 10], [19, 13, 20, 12], [5, 15, 6, 14], [7, 20, 8, 21], [9, 22, 10, 1], [21, 8, 22, 9], [1, 6, 2, 7]]"
11a_165_92,"[[1, 6, 2, 7], [3, 17, 4, 16], [17, 3, 18, 2], [15, 5, 16, 4], [11, 19, 12, 18], [13, 11, 14, 10], [19, 13, 20, 12], [5, 15, 6, 14], [7, 20, 8, 21], [9, 22, 10, 1], [21, 8, 22, 9]]"
11a_165_93,"[[21, 8, 22, 9], [1, 6, 2, 7], [3, 17, 4, 16], [17, 3, 18, 2], [15, 5, 16, 4], [11, 19, 12, 18], [13, 11, 14, 10], [19, 13, 20, 12], [5, 15, 6, 14], [7, 20, 8, 21], [9, 22, 10, 1]]"
11a_165_94,"[[9, 22, 10, 1], [21, 8, 22, 9], [1, 6, 2, 7], [3, 17, 4, 16], [17, 3, 18, 2], [15, 5, 16, 4], [11, 19, 12, 18], [13, 11, 14, 10], [19, 13, 20, 12], [5, 15, 6, 14], [7, 20, 8, 21]]"
11a_165_95,"[[7, 20, 8, 21], [9, 22, 10, 1], [21, 8, 22, 9], [1, 6, 2, 7], [3, 17, 4, 16], [17, 3, 18, 2], [15, 5, 16, 4], [11, 19, 12, 18], [13, 11, 14, 10], [19, 13, 20, 12], [5, 15, 6, 14]]"
11a_165_96,"[[5, 15, 6, 14], [7, 20, 8, 21], [9, 22, 10, 1], [21, 8, 22, 9], [1, 6, 2, 7], [3, 17, 4, 16], [17, 3, 18, 2], [15, 5, 16, 4], [11, 19, 12, 18], [13, 11, 14, 10], [19, 13, 20, 12]]"
11a_165_97,"[[19, 13, 20, 12], [5, 15, 6, 14], [7, 20, 8, 21], [9, 22, 10, 1], [21, 8, 22, 9], [1, 6, 2, 7], [3, 17, 4, 16], [17, 3, 18, 2], [15, 5, 16, 4], [11, 19, 12, 18], [13, 11, 14, 10]]"
11a_165_98,"[[13, 11, 14, 10], [19, 13, 20, 12], [5, 15, 6, 14], [7, 20, 8, 21], [9, 22, 10, 1], [21, 8, 22, 9], [1, 6, 2, 7], [3, 17, 4, 16], [17, 3, 18, 2], [15, 5, 16, 4], [11, 19, 12, 18]]"
11a_165_99,"[[12, 20, 13, 19], [14, 12, 15, 11], [20, 14, 21, 13], [6, 16, 7, 15], [8, 21, 9, 22], [10, 1, 11, 2], [22, 9, 1, 10], [2, 7, 3, 8], [4, 18, 5, 17], [18, 4, 19, 3], [16, 6, 17, 5]]"
11a_165_100,"[[16, 6, 17, 5], [12, 20, 13, 19], [14, 12, 15, 11], [20, 14, 21, 13], [6, 16, 7, 15], [8, 21, 9, 22], [10, 1, 11, 2], [22, 9, 1, 10], [2, 7, 3, 8], [4, 18, 5, 17], [18, 4, 19, 3]]"
11a_165_101,"[[18, 4, 19, 3], [16, 6, 17, 5], [12, 20, 13, 19], [14, 12, 15, 11], [20, 14, 21, 13], [6, 16, 7, 15], [8, 21, 9, 22], [10, 1, 11, 2], [22, 9, 1, 10], [2, 7, 3, 8], [4, 18, 5, 17]]"
11a_165_102,"[[4, 18, 5, 17], [18, 4, 19, 3], [16, 6, 17, 5], [12, 20, 13, 19], [14, 12, 15, 11], [20, 14, 21, 13], [6, 16, 7, 15], [8, 21, 9, 22], [10, 1, 11, 2], [22, 9, 1, 10], [2, 7, 3, 8]]"
11a_165_103,"[[2, 7, 3, 8], [4, 18, 5, 17], [18, 4, 19, 3], [16, 6, 17, 5], [12, 20, 13, 19], [14, 12, 15, 11], [20, 14, 21, 13], [6, 16, 7, 15], [8, 21, 9, 22], [10, 1, 11, 2], [22, 9, 1, 10]]"
11a_165_104,"[[22, 9, 1, 10], [2, 7, 3, 8], [4, 18, 5, 17], [18, 4, 19, 3], [16, 6, 17, 5], [12, 20, 13, 19], [14, 12, 15, 11], [20, 14, 21, 13], [6, 16, 7, 15], [8, 21, 9, 22], [10, 1, 11, 2]]"
11a_165_105,"[[10, 1, 11, 2], [22, 9, 1, 10], [2, 7, 3, 8], [4, 18, 5, 17], [18, 4, 19, 3], [16, 6, 17, 5], [12, 20, 13, 19], [14, 12, 15, 11], [20, 14, 21, 13], [6, 16, 7, 15], [8, 21, 9, 22]]"
11a_165_106,"[[8, 21, 9, 22], [10, 1, 11, 2], [22, 9, 1, 10], [2, 7, 3, 8], [4, 18, 5, 17], [18, 4, 19, 3], [16, 6, 17, 5], [12, 20, 13, 19], [14, 12, 15, 11], [20, 14, 21, 13], [6, 16, 7, 15]]"
11a_165_107,"[[6, 16, 7, 15], [8, 21, 9, 22], [10, 1, 11, 2], [22, 9, 1, 10], [2, 7, 3, 8], [4, 18, 5, 17], [18, 4, 19, 3], [16, 6, 17, 5], [12, 20, 13, 19], [14, 12, 15, 11], [20, 14, 21, 13]]"
11a_165_108,"[[20, 14, 21, 13], [6, 16, 7, 15], [8, 21, 9, 22], [10, 1, 11, 2], [22, 9, 1, 10], [2, 7, 3, 8], [4, 18, 5, 17], [18, 4, 19, 3], [16, 6, 17, 5], [12, 20, 13, 19], [14, 12, 15, 11]]"
11a_165_109,"[[14, 12, 15, 11], [20, 14, 21, 13], [6, 16, 7, 15], [8, 21, 9, 22], [10, 1, 11, 2], [22, 9, 1, 10], [2, 7, 3, 8], [4, 18, 5, 17], [18, 4, 19, 3], [16, 6, 17, 5], [12, 20, 13, 19]]"
11a_165_110,"[[13, 21, 14, 20], [15, 13, 16, 12], [21, 15, 22, 14], [7, 17, 8, 16], [9, 22, 10, 1], [11, 2, 12, 3], [1, 10, 2, 11], [3, 8, 4, 9], [5, 19, 6, 18], [19, 5, 20, 4], [17, 7, 18, 6]]"
11a_165_111,"[[17, 7, 18, 6], [13, 21, 14, 20], [15, 13, 16, 12], [21, 15, 22, 14], [7, 17, 8, 16], [9, 22, 10, 1], [11, 2, 12, 3], [1, 10, 2, 11], [3, 8, 4, 9], [5, 19, 6, 18], [19, 5, 20, 4]]"
11a_165_112,"[[19, 5, 20, 4], [17, 7, 18, 6], [13, 21, 14, 20], [15, 13, 16, 12], [21, 15, 22, 14], [7, 17, 8, 16], [9, 22, 10, 1], [11, 2, 12, 3], [1, 10, 2, 11], [3, 8, 4, 9], [5, 19, 6, 18]]"
11a_165_113,"[[5, 19, 6, 18], [19, 5, 20, 4], [17, 7, 18, 6], [13, 21, 14, 20], [15, 13, 16, 12], [21, 15, 22, 14], [7, 17, 8, 16], [9, 22, 10, 1], [11, 2, 12, 3], [1, 10, 2, 11], [3, 8, 4, 9]]"
11a_165_114,"[[3, 8, 4, 9], [5, 19, 6, 18], [19, 5, 20, 4], [17, 7, 18, 6], [13, 21, 14, 20], [15, 13, 16, 12], [21, 15, 22, 14], [7, 17, 8, 16], [9, 22, 10, 1], [11, 2, 12, 3], [1, 10, 2, 11]]"
11a_165_115,"[[1, 10, 2, 11], [3, 8, 4, 9], [5, 19, 6, 18], [19, 5, 20, 4], [17, 7, 18, 6], [13, 21, 14, 20], [15, 13, 16, 12], [21, 15, 22, 14], [7, 17, 8, 16], [9, 22, 10, 1], [11, 2, 12, 3]]"
11a_165_116,"[[11, 2, 12, 3], [1, 10, 2, 11], [3, 8, 4, 9], [5, 19, 6, 18], [19, 5, 20, 4], [17, 7, 18, 6], [13, 21, 14, 20], [15, 13, 16, 12], [21, 15, 22, 14], [7, 17, 8, 16], [9, 22, 10, 1]]"
11a_165_117,"[[9, 22, 10, 1], [11, 2, 12, 3], [1, 10, 2, 11], [3, 8, 4, 9], [5, 19, 6, 18], [19, 5, 20, 4], [17, 7, 18, 6], [13, 21, 14, 20], [15, 13, 16, 12], [21, 15, 22, 14], [7, 17, 8, 16]]"
11a_165_118,"[[7, 17, 8, 16], [9, 22, 10, 1], [11, 2, 12, 3], [1, 10, 2, 11], [3, 8, 4, 9], [5, 19, 6, 18], [19, 5, 20, 4], [17, 7, 18, 6], [13, 21, 14, 20], [15, 13, 16, 12], [21, 15, 22, 14]]"
11a_165_119,"[[21, 15, 22, 14], [7, 17, 8, 16], [9, 22, 10, 1], [11, 2, 12, 3], [1, 10, 2, 11], [3, 8, 4, 9], [5, 19, 6, 18], [19, 5, 20, 4], [17, 7, 18, 6], [13, 21, 14, 20], [15, 13, 16, 12]]"
11a_165_120,"[[15, 13, 16, 12], [21, 15, 22, 14], [7, 17, 8, 16], [9, 22, 10, 1], [11, 2, 12, 3], [1, 10, 2, 11], [3, 8, 4, 9], [5, 19, 6, 18], [19, 5, 20, 4], [17, 7, 18, 6], [13, 21, 14, 20]]"
11a_165_121,"[[14, 22, 15, 21], [16, 14, 17, 13], [22, 16, 1, 15], [8, 18, 9, 17], [10, 1, 11, 2], [12, 3, 13, 4], [2, 11, 3, 12], [4, 9, 5, 10], [6, 20, 7, 19], [20, 6, 21, 5], [18, 8, 19, 7]]"
11a_165_122,"[[18, 8, 19, 7], [14, 22, 15, 21], [16, 14, 17, 13], [22, 16, 1, 15], [8, 18, 9, 17], [10, 1, 11, 2], [12, 3, 13, 4], [2, 11, 3, 12], [4, 9, 5, 10], [6, 20, 7, 19], [20, 6, 21, 5]]"
11a_165_123,"[[20, 6, 21, 5], [18, 8, 19, 7], [14, 22, 15, 21], [16, 14, 17, 13], [22, 16, 1, 15], [8, 18, 9, 17], [10, 1, 11, 2], [12, 3, 13, 4], [2, 11, 3, 12], [4, 9, 5, 10], [6, 20, 7, 19]]"
11a_165_124,"[[6, 20, 7, 19], [20, 6, 21, 5], [18, 8, 19, 7], [14, 22, 15, 21], [16, 14, 17, 13], [22, 16, 1, 15], [8, 18, 9, 17], [10, 1, 11, 2], [12, 3, 13, 4], [2, 11, 3, 12], [4, 9, 5, 10]]"
11a_165_125,"[[4, 9, 5, 10], [6, 20, 7, 19], [20, 6, 21, 5], [18, 8, 19, 7], [14, 22, 15, 21], [16, 14, 17, 13], [22, 16, 1, 15], [8, 18, 9, 17], [10, 1, 11, 2], [12, 3, 13, 4], [2, 11, 3, 12]]"
11a_165_126,"[[2, 11, 3, 12], [4, 9, 5, 10], [6, 20, 7, 19], [20, 6, 21, 5], [18, 8, 19, 7], [14, 22, 15, 21], [16, 14, 17, 13], [22, 16, 1, 15], [8, 18, 9, 17], [10, 1, 11, 2], [12, 3, 13, 4]]"
11a_165_127,"[[12, 3, 13, 4], [2, 11, 3, 12], [4, 9, 5, 10], [6, 20, 7, 19], [20, 6, 21, 5], [18, 8, 19, 7], [14, 22, 15, 21], [16, 14, 17, 13], [22, 16, 1, 15], [8, 18, 9, 17], [10, 1, 11, 2]]"
11a_165_128,"[[10, 1, 11, 2], [12, 3, 13, 4], [2, 11, 3, 12], [4, 9, 5, 10], [6, 20, 7, 19], [20, 6, 21, 5], [18, 8, 19, 7], [14, 22, 15, 21], [16, 14, 17, 13], [22, 16, 1, 15], [8, 18, 9, 17]]"
11a_165_129,"[[8, 18, 9, 17], [10, 1, 11, 2], [12, 3, 13, 4], [2, 11, 3, 12], [4, 9, 5, 10], [6, 20, 7, 19], [20, 6, 21, 5], [18, 8, 19, 7], [14, 22, 15, 21], [16, 14, 17, 13], [22, 16, 1, 15]]"
11a_165_130,"[[22, 16, 1, 15], [8, 18, 9, 17], [10, 1, 11, 2], [12, 3, 13, 4], [2, 11, 3, 12], [4, 9, 5, 10], [6, 20, 7, 19], [20, 6, 21, 5], [18, 8, 19, 7], [14, 22, 15, 21], [16, 14, 17, 13]]"
11a_165_131,"[[16, 14, 17, 13], [22, 16, 1, 15], [8, 18, 9, 17], [10, 1, 11, 2], [12, 3, 13, 4], [2, 11, 3, 12], [4, 9, 5, 10], [6, 20, 7, 19], [20, 6, 21, 5], [18, 8, 19, 7], [14, 22, 15, 21]]"
11a_165_132,"[[15, 1, 16, 22], [17, 15, 18, 14], [1, 17, 2, 16], [9, 19, 10, 18], [11, 2, 12, 3], [13, 4, 14, 5], [3, 12, 4, 13], [5, 10, 6, 11], [7, 21, 8, 20], [21, 7, 22, 6], [19, 9, 20, 8]]"
11a_165_133,"[[19, 9, 20, 8], [15, 1, 16, 22], [17, 15, 18, 14], [1, 17, 2, 16], [9, 19, 10, 18], [11, 2, 12, 3], [13, 4, 14, 5], [3, 12, 4, 13], [5, 10, 6, 11], [7, 21, 8, 20], [21, 7, 22, 6]]"
11a_165_134,"[[21, 7, 22, 6], [19, 9, 20, 8], [15, 1, 16, 22], [17, 15, 18, 14], [1, 17, 2, 16], [9, 19, 10, 18], [11, 2, 12, 3], [13, 4, 14, 5], [3, 12, 4, 13], [5, 10, 6, 11], [7, 21, 8, 20]]"
11a_165_135,"[[7, 21, 8, 20], [21, 7, 22, 6], [19, 9, 20, 8], [15, 1, 16, 22], [17, 15, 18, 14], [1, 17, 2, 16], [9, 19, 10, 18], [11, 2, 12, 3], [13, 4, 14, 5], [3, 12, 4, 13], [5, 10, 6, 11]]"
11a_165_136,"[[5, 10, 6, 11], [7, 21, 8, 20], [21, 7, 22, 6], [19, 9, 20, 8], [15, 1, 16, 22], [17, 15, 18, 14], [1, 17, 2, 16], [9, 19, 10, 18], [11, 2, 12, 3], [13, 4, 14, 5], [3, 12, 4, 13]]"
11a_165_137,"[[3, 12, 4, 13], [5, 10, 6, 11], [7, 21, 8, 20], [21, 7, 22, 6], [19, 9, 20, 8], [15, 1, 16, 22], [17, 15, 18, 14], [1, 17, 2, 16], [9, 19, 10, 18], [11, 2, 12, 3], [13, 4, 14, 5]]"
11a_165_138,"[[13, 4, 14, 5], [3, 12, 4, 13], [5, 10, 6, 11], [7, 21, 8, 20], [21, 7, 22, 6], [19, 9, 20, 8], [15, 1, 16, 22], [17, 15, 18, 14], [1, 17, 2, 16], [9, 19, 10, 18], [11, 2, 12, 3]]"
11a_165_139,"[[11, 2, 12, 3], [13, 4, 14, 5], [3, 12, 4, 13], [5, 10, 6, 11], [7, 21, 8, 20], [21, 7, 22, 6], [19, 9, 20, 8], [15, 1, 16, 22], [17, 15, 18, 14], [1, 17, 2, 16], [9, 19, 10, 18]]"
11a_165_140,"[[9, 19, 10, 18], [11, 2, 12, 3], [13, 4, 14, 5], [3, 12, 4, 13], [5, 10, 6, 11], [7, 21, 8, 20], [21, 7, 22, 6], [19, 9, 20, 8], [15, 1, 16, 22], [17, 15, 18, 14], [1, 17, 2, 16]]"
11a_165_141,"[[1, 17, 2, 16], [9, 19, 10, 18], [11, 2, 12, 3], [13, 4, 14, 5], [3, 12, 4, 13], [5, 10, 6, 11], [7, 21, 8, 20], [21, 7, 22, 6], [19, 9, 20, 8], [15, 1, 16, 22], [17, 15, 18, 14]]"
11a_165_142,"[[17, 15, 18, 14], [1, 17, 2, 16], [9, 19, 10, 18], [11, 2, 12, 3], [13, 4, 14, 5], [3, 12, 4, 13], [5, 10, 6, 11], [7, 21, 8, 20], [21, 7, 22, 6], [19, 9, 20, 8], [15, 1, 16, 22]]"
11a_165_143,"[[16, 2, 17, 1], [18, 16, 19, 15], [2, 18, 3, 17], [10, 20, 11, 19], [12, 3, 13, 4], [14, 5, 15, 6], [4, 13, 5, 14], [6, 11, 7, 12], [8, 22, 9, 21], [22, 8, 1, 7], [20, 10, 21, 9]]"
11a_165_144,"[[20, 10, 21, 9], [16, 2, 17, 1], [18, 16, 19, 15], [2, 18, 3, 17], [10, 20, 11, 19], [12, 3, 13, 4], [14, 5, 15, 6], [4, 13, 5, 14], [6, 11, 7, 12], [8, 22, 9, 21], [22, 8, 1, 7]]"
11a_165_145,"[[22, 8, 1, 7], [20, 10, 21, 9], [16, 2, 17, 1], [18, 16, 19, 15], [2, 18, 3, 17], [10, 20, 11, 19], [12, 3, 13, 4], [14, 5, 15, 6], [4, 13, 5, 14], [6, 11, 7, 12], [8, 22, 9, 21]]"
11a_165_146,"[[8, 22, 9, 21], [22, 8, 1, 7], [20, 10, 21, 9], [16, 2, 17, 1], [18, 16, 19, 15], [2, 18, 3, 17], [10, 20, 11, 19], [12, 3, 13, 4], [14, 5, 15, 6], [4, 13, 5, 14], [6, 11, 7, 12]]"
11a_165_147,"[[6, 11, 7, 12], [8, 22, 9, 21], [22, 8, 1, 7], [20, 10, 21, 9], [16, 2, 17, 1], [18, 16, 19, 15], [2, 18, 3, 17], [10, 20, 11, 19], [12, 3, 13, 4], [14, 5, 15, 6], [4, 13, 5, 14]]"
11a_165_148,"[[4, 13, 5, 14], [6, 11, 7, 12], [8, 22, 9, 21], [22, 8, 1, 7], [20, 10, 21, 9], [16, 2, 17, 1], [18, 16, 19, 15], [2, 18, 3, 17], [10, 20, 11, 19], [12, 3, 13, 4], [14, 5, 15, 6]]"
11a_165_149,"[[14, 5, 15, 6], [4, 13, 5, 14], [6, 11, 7, 12], [8, 22, 9, 21], [22, 8, 1, 7], [20, 10, 21, 9], [16, 2, 17, 1], [18, 16, 19, 15], [2, 18, 3, 17], [10, 20, 11, 19], [12, 3, 13, 4]]"
11a_165_150,"[[12, 3, 13, 4], [14, 5, 15, 6], [4, 13, 5, 14], [6, 11, 7, 12], [8, 22, 9, 21], [22, 8, 1, 7], [20, 10, 21, 9], [16, 2, 17, 1], [18, 16, 19, 15], [2, 18, 3, 17], [10, 20, 11, 19]]"
11a_165_151,"[[10, 20, 11, 19], [12, 3, 13, 4], [14, 5, 15, 6], [4, 13, 5, 14], [6, 11, 7, 12], [8, 22, 9, 21], [22, 8, 1, 7], [20, 10, 21, 9], [16, 2, 17, 1], [18, 16, 19, 15], [2, 18, 3, 17]]"
11a_165_152,"[[2, 18, 3, 17], [10, 20, 11, 19], [12, 3, 13, 4], [14, 5, 15, 6], [4, 13, 5, 14], [6, 11, 7, 12], [8, 22, 9, 21], [22, 8, 1, 7], [20, 10, 21, 9], [16, 2, 17, 1], [18, 16, 19, 15]]"
11a_165_153,"[[18, 16, 19, 15], [2, 18, 3, 17], [10, 20, 11, 19], [12, 3, 13, 4], [14, 5, 15, 6], [4, 13, 5, 14], [6, 11, 7, 12], [8, 22, 9, 21], [22, 8, 1, 7], [20, 10, 21, 9], [16, 2, 17, 1]]"
11a_165_154,"[[17, 3, 18, 2], [19, 17, 20, 16], [3, 19, 4, 18], [11, 21, 12, 20], [13, 4, 14, 5], [15, 6, 16, 7], [5, 14, 6, 15], [7, 12, 8, 13], [9, 1, 10, 22], [1, 9, 2, 8], [21, 11, 22, 10]]"
11a_165_155,"[[21, 11, 22, 10], [17, 3, 18, 2], [19, 17, 20, 16], [3, 19, 4, 18], [11, 21, 12, 20], [13, 4, 14, 5], [15, 6, 16, 7], [5, 14, 6, 15], [7, 12, 8, 13], [9, 1, 10, 22], [1, 9, 2, 8]]"
11a_165_156,"[[1, 9, 2, 8], [21, 11, 22, 10], [17, 3, 18, 2], [19, 17, 20, 16], [3, 19, 4, 18], [11, 21, 12, 20], [13, 4, 14, 5], [15, 6, 16, 7], [5, 14, 6, 15], [7, 12, 8, 13], [9, 1, 10, 22]]"
11a_165_157,"[[9, 1, 10, 22], [1, 9, 2, 8], [21, 11, 22, 10], [17, 3, 18, 2], [19, 17, 20, 16], [3, 19, 4, 18], [11, 21, 12, 20], [13, 4, 14, 5], [15, 6, 16, 7], [5, 14, 6, 15], [7, 12, 8, 13]]"
11a_165_158,"[[7, 12, 8, 13], [9, 1, 10, 22], [1, 9, 2, 8], [21, 11, 22, 10], [17, 3, 18, 2], [19, 17, 20, 16], [3, 19, 4, 18], [11, 21, 12, 20], [13, 4, 14, 5], [15, 6, 16, 7], [5, 14, 6, 15]]"
11a_165_159,"[[5, 14, 6, 15], [7, 12, 8, 13], [9, 1, 10, 22], [1, 9, 2, 8], [21, 11, 22, 10], [17, 3, 18, 2], [19, 17, 20, 16], [3, 19, 4, 18], [11, 21, 12, 20], [13, 4, 14, 5], [15, 6, 16, 7]]"
11a_165_160,"[[15, 6, 16, 7], [5, 14, 6, 15], [7, 12, 8, 13], [9, 1, 10, 22], [1, 9, 2, 8], [21, 11, 22, 10], [17, 3, 18, 2], [19, 17, 20, 16], [3, 19, 4, 18], [11, 21, 12, 20], [13, 4, 14, 5]]"
11a_165_161,"[[13, 4, 14, 5], [15, 6, 16, 7], [5, 14, 6, 15], [7, 12, 8, 13], [9, 1, 10, 22], [1, 9, 2, 8], [21, 11, 22, 10], [17, 3, 18, 2], [19, 17, 20, 16], [3, 19, 4, 18], [11, 21, 12, 20]]"
11a_165_162,"[[11, 21, 12, 20], [13, 4, 14, 5], [15, 6, 16, 7], [5, 14, 6, 15], [7, 12, 8, 13], [9, 1, 10, 22], [1, 9, 2, 8], [21, 11, 22, 10], [17, 3, 18, 2], [19, 17, 20, 16], [3, 19, 4, 18]]"
11a_165_163,"[[3, 19, 4, 18], [11, 21, 12, 20], [13, 4, 14, 5], [15, 6, 16, 7], [5, 14, 6, 15], [7, 12, 8, 13], [9, 1, 10, 22], [1, 9, 2, 8], [21, 11, 22, 10], [17, 3, 18, 2], [19, 17, 20, 16]]"
11a_165_164,"[[19, 17, 20, 16], [3, 19, 4, 18], [11, 21, 12, 20], [13, 4, 14, 5], [15, 6, 16, 7], [5, 14, 6, 15], [7, 12, 8, 13], [9, 1, 10, 22], [1, 9, 2, 8], [21, 11, 22, 10], [17, 3, 18, 2]]"
11a_165_165,"[[18, 4, 19, 3], [20, 18, 21, 17], [4, 20, 5, 19], [12, 22, 13, 21], [14, 5, 15, 6], [16, 7, 17, 8], [6, 15, 7, 16], [8, 13, 9, 14], [10, 2, 11, 1], [2, 10, 3, 9], [22, 12, 1, 11]]"
11a_165_166,"[[22, 12, 1, 11], [18, 4, 19, 3], [20, 18, 21, 17], [4, 20, 5, 19], [12, 22, 13, 21], [14, 5, 15, 6], [16, 7, 17, 8], [6, 15, 7, 16], [8, 13, 9, 14], [10, 2, 11, 1], [2, 10, 3, 9]]"
11a_165_167,"[[2, 10, 3, 9], [22, 12, 1, 11], [18, 4, 19, 3], [20, 18, 21, 17], [4, 20, 5, 19], [12, 22, 13, 21], [14, 5, 15, 6], [16, 7, 17, 8], [6, 15, 7, 16], [8, 13, 9, 14], [10, 2, 11, 1]]"
11a_165_168,"[[10, 2, 11, 1], [2, 10, 3, 9], [22, 12, 1, 11], [18, 4, 19, 3], [20, 18, 21, 17], [4, 20, 5, 19], [12, 22, 13, 21], [14, 5, 15, 6], [16, 7, 17, 8], [6, 15, 7, 16], [8, 13, 9, 14]]"
11a_165_169,"[[8, 13, 9, 14], [10, 2, 11, 1], [2, 10, 3, 9], [22, 12, 1, 11], [18, 4, 19, 3], [20, 18, 21, 17], [4, 20, 5, 19], [12, 22, 13, 21], [14, 5, 15, 6], [16, 7, 17, 8], [6, 15, 7, 16]]"
11a_165_170,"[[6, 15, 7, 16], [8, 13, 9, 14], [10, 2, 11, 1], [2, 10, 3, 9], [22, 12, 1, 11], [18, 4, 19, 3], [20, 18, 21, 17], [4, 20, 5, 19], [12, 22, 13, 21], [14, 5, 15, 6], [16, 7, 17, 8]]"
11a_165_171,"[[16, 7, 17, 8], [6, 15, 7, 16], [8, 13, 9, 14], [10, 2, 11, 1], [2, 10, 3, 9], [22, 12, 1, 11], [18, 4, 19, 3], [20, 18, 21, 17], [4, 20, 5, 19], [12, 22, 13, 21], [14, 5, 15, 6]]"
11a_165_172,"[[14, 5, 15, 6], [16, 7, 17, 8], [6, 15, 7, 16], [8, 13, 9, 14], [10, 2, 11, 1], [2, 10, 3, 9], [22, 12, 1, 11], [18, 4, 19, 3], [20, 18, 21, 17], [4, 20, 5, 19], [12, 22, 13, 21]]"
11a_165_173,"[[12, 22, 13, 21], [14, 5, 15, 6], [16, 7, 17, 8], [6, 15, 7, 16], [8, 13, 9, 14], [10, 2, 11, 1], [2, 10, 3, 9], [22, 12, 1, 11], [18, 4, 19, 3], [20, 18, 21, 17], [4, 20, 5, 19]]"
11a_165_174,"[[4, 20, 5, 19], [12, 22, 13, 21], [14, 5, 15, 6], [16, 7, 17, 8], [6, 15, 7, 16], [8, 13, 9, 14], [10, 2, 11, 1], [2, 10, 3, 9], [22, 12, 1, 11], [18, 4, 19, 3], [20, 18, 21, 17]]"
11a_165_175,"[[20, 18, 21, 17], [4, 20, 5, 19], [12, 22, 13, 21], [14, 5, 15, 6], [16, 7, 17, 8], [6, 15, 7, 16], [8, 13, 9, 14], [10, 2, 11, 1], [2, 10, 3, 9], [22, 12, 1, 11], [18, 4, 19, 3]]"
11a_165_176,"[[19, 5, 20, 4], [21, 19, 22, 18], [5, 21, 6, 20], [13, 1, 14, 22], [15, 6, 16, 7], [17, 8, 18, 9], [7, 16, 8, 17], [9, 14, 10, 15], [11, 3, 12, 2], [3, 11, 4, 10], [1, 13, 2, 12]]"
11a_165_177,"[[1, 13, 2, 12], [19, 5, 20, 4], [21, 19, 22, 18], [5, 21, 6, 20], [13, 1, 14, 22], [15, 6, 16, 7], [17, 8, 18, 9], [7, 16, 8, 17], [9, 14, 10, 15], [11, 3, 12, 2], [3, 11, 4, 10]]"
11a_165_178,"[[3, 11, 4, 10], [1, 13, 2, 12], [19, 5, 20, 4], [21, 19, 22, 18], [5, 21, 6, 20], [13, 1, 14, 22], [15, 6, 16, 7], [17, 8, 18, 9], [7, 16, 8, 17], [9, 14, 10, 15], [11, 3, 12, 2]]"
11a_165_179,"[[11, 3, 12, 2], [3, 11, 4, 10], [1, 13, 2, 12], [19, 5, 20, 4], [21, 19, 22, 18], [5, 21, 6, 20], [13, 1, 14, 22], [15, 6, 16, 7], [17, 8, 18, 9], [7, 16, 8, 17], [9, 14, 10, 15]]"
11a_165_180,"[[9, 14, 10, 15], [11, 3, 12, 2], [3, 11, 4, 10], [1, 13, 2, 12], [19, 5, 20, 4], [21, 19, 22, 18], [5, 21, 6, 20], [13, 1, 14, 22], [15, 6, 16, 7], [17, 8, 18, 9], [7, 16, 8, 17]]"
11a_165_181,"[[7, 16, 8, 17], [9, 14, 10, 15], [11, 3, 12, 2], [3, 11, 4, 10], [1, 13, 2, 12], [19, 5, 20, 4], [21, 19, 22, 18], [5, 21, 6, 20], [13, 1, 14, 22], [15, 6, 16, 7], [17, 8, 18, 9]]"
11a_165_182,"[[17, 8, 18, 9], [7, 16, 8, 17], [9, 14, 10, 15], [11, 3, 12, 2], [3, 11, 4, 10], [1, 13, 2, 12], [19, 5, 20, 4], [21, 19, 22, 18], [5, 21, 6, 20], [13, 1, 14, 22], [15, 6, 16, 7]]"
11a_165_183,"[[15, 6, 16, 7], [17, 8, 18, 9], [7, 16, 8, 17], [9, 14, 10, 15], [11, 3, 12, 2], [3, 11, 4, 10], [1, 13, 2, 12], [19, 5, 20, 4], [21, 19, 22, 18], [5, 21, 6, 20], [13, 1, 14, 22]]"
11a_165_184,"[[13, 1, 14, 22], [15, 6, 16, 7], [17, 8, 18, 9], [7, 16, 8, 17], [9, 14, 10, 15], [11, 3, 12, 2], [3, 11, 4, 10], [1, 13, 2, 12], [19, 5, 20, 4], [21, 19, 22, 18], [5, 21, 6, 20]]"
11a_165_185,"[[5, 21, 6, 20], [13, 1, 14, 22], [15, 6, 16, 7], [17, 8, 18, 9], [7, 16, 8, 17], [9, 14, 10, 15], [11, 3, 12, 2], [3, 11, 4, 10], [1, 13, 2, 12], [19, 5, 20, 4], [21, 19, 22, 18]]"
11a_165_186,"[[21, 19, 22, 18], [5, 21, 6, 20], [13, 1, 14, 22], [15, 6, 16, 7], [17, 8, 18, 9], [7, 16, 8, 17], [9, 14, 10, 15], [11, 3, 12, 2], [3, 11, 4, 10], [1, 13, 2, 12], [19, 5, 20, 4]]"
11a_165_187,"[[20, 6, 21, 5], [22, 20, 1, 19], [6, 22, 7, 21], [14, 2, 15, 1], [16, 7, 17, 8], [18, 9, 19, 10], [8, 17, 9, 18], [10, 15, 11, 16], [12, 4, 13, 3], [4, 12, 5, 11], [2, 14, 3, 13]]"
11a_165_188,"[[2, 14, 3, 13], [20, 6, 21, 5], [22, 20, 1, 19], [6, 22, 7, 21], [14, 2, 15, 1], [16, 7, 17, 8], [18, 9, 19, 10], [8, 17, 9, 18], [10, 15, 11, 16], [12, 4, 13, 3], [4, 12, 5, 11]]"
11a_165_189,"[[4, 12, 5, 11], [2, 14, 3, 13], [20, 6, 21, 5], [22, 20, 1, 19], [6, 22, 7, 21], [14, 2, 15, 1], [16, 7, 17, 8], [18, 9, 19, 10], [8, 17, 9, 18], [10, 15, 11, 16], [12, 4, 13, 3]]"
11a_165_190,"[[12, 4, 13, 3], [4, 12, 5, 11], [2, 14, 3, 13], [20, 6, 21, 5], [22, 20, 1, 19], [6, 22, 7, 21], [14, 2, 15, 1], [16, 7, 17, 8], [18, 9, 19, 10], [8, 17, 9, 18], [10, 15, 11, 16]]"
11a_165_191,"[[10, 15, 11, 16], [12, 4, 13, 3], [4, 12, 5, 11], [2, 14, 3, 13], [20, 6, 21, 5], [22, 20, 1, 19], [6, 22, 7, 21], [14, 2, 15, 1], [16, 7, 17, 8], [18, 9, 19, 10], [8, 17, 9, 18]]"
11a_165_192,"[[8, 17, 9, 18], [10, 15, 11, 16], [12, 4, 13, 3], [4, 12, 5, 11], [2, 14, 3, 13], [20, 6, 21, 5], [22, 20, 1, 19], [6, 22, 7, 21], [14, 2, 15, 1], [16, 7, 17, 8], [18, 9, 19, 10]]"
11a_165_193,"[[18, 9, 19, 10], [8, 17, 9, 18], [10, 15, 11, 16], [12, 4, 13, 3], [4, 12, 5, 11], [2, 14, 3, 13], [20, 6, 21, 5], [22, 20, 1, 19], [6, 22, 7, 21], [14, 2, 15, 1], [16, 7, 17, 8]]"
11a_165_194,"[[16, 7, 17, 8], [18, 9, 19, 10], [8, 17, 9, 18], [10, 15, 11, 16], [12, 4, 13, 3], [4, 12, 5, 11], [2, 14, 3, 13], [20, 6, 21, 5], [22, 20, 1, 19], [6, 22, 7, 21], [14, 2, 15, 1]]"
11a_165_195,"[[14, 2, 15, 1], [16, 7, 17, 8], [18, 9, 19, 10], [8, 17, 9, 18], [10, 15, 11, 16], [12, 4, 13, 3], [4, 12, 5, 11], [2, 14, 3, 13], [20, 6, 21, 5], [22, 20, 1, 19], [6, 22, 7, 21]]"
11a_165_196,"[[6, 22, 7, 21], [14, 2, 15, 1], [16, 7, 17, 8], [18, 9, 19, 10], [8, 17, 9, 18], [10, 15, 11, 16], [12, 4, 13, 3], [4, 12, 5, 11], [2, 14, 3, 13], [20, 6, 21, 5], [22, 20, 1, 19]]"
11a_165_197,"[[22, 20, 1, 19], [6, 22, 7, 21], [14, 2, 15, 1], [16, 7, 17, 8], [18, 9, 19, 10], [8, 17, 9, 18], [10, 15, 11, 16], [12, 4, 13, 3], [4, 12, 5, 11], [2, 14, 3, 13], [20, 6, 21, 5]]"
11a_165_198,"[[21, 7, 22, 6], [1, 21, 2, 20], [7, 1, 8, 22], [15, 3, 16, 2], [17, 8, 18, 9], [19, 10, 20, 11], [9, 18, 10, 19], [11, 16, 12, 17], [13, 5, 14, 4], [5, 13, 6, 12], [3, 15, 4, 14]]"
11a_165_199,"[[3, 15, 4, 14], [21, 7, 22, 6], [1, 21, 2, 20], [7, 1, 8, 22], [15, 3, 16, 2], [17, 8, 18, 9], [19, 10, 20, 11], [9, 18, 10, 19], [11, 16, 12, 17], [13, 5, 14, 4], [5, 13, 6, 12]]"
11a_165_200,"[[5, 13, 6, 12], [3, 15, 4, 14], [21, 7, 22, 6], [1, 21, 2, 20], [7, 1, 8, 22], [15, 3, 16, 2], [17, 8, 18, 9], [19, 10, 20, 11], [9, 18, 10, 19], [11, 16, 12, 17], [13, 5, 14, 4]]"
11a_165_201,"[[13, 5, 14, 4], [5, 13, 6, 12], [3, 15, 4, 14], [21, 7, 22, 6], [1, 21, 2, 20], [7, 1, 8, 22], [15, 3, 16, 2], [17, 8, 18, 9], [19, 10, 20, 11], [9, 18, 10, 19], [11, 16, 12, 17]]"
11a_165_202,"[[11, 16, 12, 17], [13, 5, 14, 4], [5, 13, 6, 12], [3, 15, 4, 14], [21, 7, 22, 6], [1, 21, 2, 20], [7, 1, 8, 22], [15, 3, 16, 2], [17, 8, 18, 9], [19, 10, 20, 11], [9, 18, 10, 19]]"
11a_165_203,"[[9, 18, 10, 19], [11, 16, 12, 17], [13, 5, 14, 4], [5, 13, 6, 12], [3, 15, 4, 14], [21, 7, 22, 6], [1, 21, 2, 20], [7, 1, 8, 22], [15, 3, 16, 2], [17, 8, 18, 9], [19, 10, 20, 11]]"
