name,pd_notation
11a_207_0,"[[11, 20, 12, 21], [5, 3, 6, 2], [15, 13, 16, 12], [13, 4, 14, 5], [3, 14, 4, 15], [1, 16, 2, 17], [17, 6, 18, 7], [19, 8, 20, 9], [7, 18, 8, 19], [9, 22, 10, 1], [21, 10, 22, 11]]"
11a_207_1,"[[21, 10, 22, 11], [11, 20, 12, 21], [5, 3, 6, 2], [15, 13, 16, 12], [13, 4, 14, 5], [3, 14, 4, 15], [1, 16, 2, 17], [17, 6, 18, 7], [19, 8, 20, 9], [7, 18, 8, 19], [9, 22, 10, 1]]"
11a_207_2,"[[9, 22, 10, 1], [21, 10, 22, 11], [11, 20, 12, 21], [5, 3, 6, 2], [15, 13, 16, 12], [13, 4, 14, 5], [3, 14, 4, 15], [1, 16, 2, 17], [17, 6, 18, 7], [19, 8, 20, 9], [7, 18, 8, 19]]"
11a_207_3,"[[7, 18, 8, 19], [9, 22, 10, 1], [21, 10, 22, 11], [11, 20, 12, 21], [5, 3, 6, 2], [15, 13, 16, 12], [13, 4, 14, 5], [3, 14, 4, 15], [1, 16, 2, 17], [17, 6, 18, 7], [19, 8, 20, 9]]"
11a_207_4,"[[19, 8, 20, 9], [7, 18, 8, 19], [9, 22, 10, 1], [21, 10, 22, 11], [11, 20, 12, 21], [5, 3, 6, 2], [15, 13, 16, 12], [13, 4, 14, 5], [3, 14, 4, 15], [1, 16, 2, 17], [17, 6, 18, 7]]"
11a_207_5,"[[17, 6, 18, 7], [19, 8, 20, 9], [7, 18, 8, 19], [9, 22, 10, 1], [21, 10, 22, 11], [11, 20, 12, 21], [5, 3, 6, 2], [15, 13, 16, 12], [13, 4, 14, 5], [3, 14, 4, 15], [1, 16, 2, 17]]"
11a_207_6,"[[1, 16, 2, 17], [17, 6, 18, 7], [19, 8, 20, 9], [7, 18, 8, 19], [9, 22, 10, 1], [21, 10, 22, 11], [11, 20, 12, 21], [5, 3, 6, 2], [15, 13, 16, 12], [13, 4, 14, 5], [3, 14, 4, 15]]"
11a_207_7,"[[3, 14, 4, 15], [1, 16, 2, 17], [17, 6, 18, 7], [19, 8, 20, 9], [7, 18, 8, 19], [9, 22, 10, 1], [21, 10, 22, 11], [11, 20, 12, 21], [5, 3, 6, 2], [15, 13, 16, 12], [13, 4, 14, 5]]"
11a_207_8,"[[13, 4, 14, 5], [3, 14, 4, 15], [1, 16, 2, 17], [17, 6, 18, 7], [19, 8, 20, 9], [7, 18, 8, 19], [9, 22, 10, 1], [21, 10, 22, 11], [11, 20, 12, 21], [5, 3, 6, 2], [15, 13, 16, 12]]"
11a_207_9,"[[15, 13, 16, 12], [13, 4, 14, 5], [3, 14, 4, 15], [1, 16, 2, 17], [17, 6, 18, 7], [19, 8, 20, 9], [7, 18, 8, 19], [9, 22, 10, 1], [21, 10, 22, 11], [11, 20, 12, 21], [5, 3, 6, 2]]"
11a_207_10,"[[5, 3, 6, 2], [15, 13, 16, 12], [13, 4, 14, 5], [3, 14, 4, 15], [1, 16, 2, 17], [17, 6, 18, 7], [19, 8, 20, 9], [7, 18, 8, 19], [9, 22, 10, 1], [21, 10, 22, 11], [11, 20, 12, 21]]"
11a_207_11,"[[12, 21, 13, 22], [6, 4, 7, 3], [16, 14, 17, 13], [14, 5, 15, 6], [4, 15, 5, 16], [2, 17, 3, 18], [18, 7, 19, 8], [20, 9, 21, 10], [8, 19, 9, 20], [10, 1, 11, 2], [22, 11, 1, 12]]"
11a_207_12,"[[22, 11, 1, 12], [12, 21, 13, 22], [6, 4, 7, 3], [16, 14, 17, 13], [14, 5, 15, 6], [4, 15, 5, 16], [2, 17, 3, 18], [18, 7, 19, 8], [20, 9, 21, 10], [8, 19, 9, 20], [10, 1, 11, 2]]"
11a_207_13,"[[10, 1, 11, 2], [22, 11, 1, 12], [12, 21, 13, 22], [6, 4, 7, 3], [16, 14, 17, 13], [14, 5, 15, 6], [4, 15, 5, 16], [2, 17, 3, 18], [18, 7, 19, 8], [20, 9, 21, 10], [8, 19, 9, 20]]"
11a_207_14,"[[8, 19, 9, 20], [10, 1, 11, 2], [22, 11, 1, 12], [12, 21, 13, 22], [6, 4, 7, 3], [16, 14, 17, 13], [14, 5, 15, 6], [4, 15, 5, 16], [2, 17, 3, 18], [18, 7, 19, 8], [20, 9, 21, 10]]"
11a_207_15,"[[20, 9, 21, 10], [8, 19, 9, 20], [10, 1, 11, 2], [22, 11, 1, 12], [12, 21, 13, 22], [6, 4, 7, 3], [16, 14, 17, 13], [14, 5, 15, 6], [4, 15, 5, 16], [2, 17, 3, 18], [18, 7, 19, 8]]"
11a_207_16,"[[18, 7, 19, 8], [20, 9, 21, 10], [8, 19, 9, 20], [10, 1, 11, 2], [22, 11, 1, 12], [12, 21, 13, 22], [6, 4, 7, 3], [16, 14, 17, 13], [14, 5, 15, 6], [4, 15, 5, 16], [2, 17, 3, 18]]"
11a_207_17,"[[2, 17, 3, 18], [18, 7, 19, 8], [20, 9, 21, 10], [8, 19, 9, 20], [10, 1, 11, 2], [22, 11, 1, 12], [12, 21, 13, 22], [6, 4, 7, 3], [16, 14, 17, 13], [14, 5, 15, 6], [4, 15, 5, 16]]"
11a_207_18,"[[4, 15, 5, 16], [2, 17, 3, 18], [18, 7, 19, 8], [20, 9, 21, 10], [8, 19, 9, 20], [10, 1, 11, 2], [22, 11, 1, 12], [12, 21, 13, 22], [6, 4, 7, 3], [16, 14, 17, 13], [14, 5, 15, 6]]"
11a_207_19,"[[14, 5, 15, 6], [4, 15, 5, 16], [2, 17, 3, 18], [18, 7, 19, 8], [20, 9, 21, 10], [8, 19, 9, 20], [10, 1, 11, 2], [22, 11, 1, 12], [12, 21, 13, 22], [6, 4, 7, 3], [16, 14, 17, 13]]"
11a_207_20,"[[16, 14, 17, 13], [14, 5, 15, 6], [4, 15, 5, 16], [2, 17, 3, 18], [18, 7, 19, 8], [20, 9, 21, 10], [8, 19, 9, 20], [10, 1, 11, 2], [22, 11, 1, 12], [12, 21, 13, 22], [6, 4, 7, 3]]"
11a_207_21,"[[6, 4, 7, 3], [16, 14, 17, 13], [14, 5, 15, 6], [4, 15, 5, 16], [2, 17, 3, 18], [18, 7, 19, 8], [20, 9, 21, 10], [8, 19, 9, 20], [10, 1, 11, 2], [22, 11, 1, 12], [12, 21, 13, 22]]"
11a_207_22,"[[13, 22, 14, 1], [7, 5, 8, 4], [17, 15, 18, 14], [15, 6, 16, 7], [5, 16, 6, 17], [3, 18, 4, 19], [19, 8, 20, 9], [21, 10, 22, 11], [9, 20, 10, 21], [11, 2, 12, 3], [1, 12, 2, 13]]"
11a_207_23,"[[1, 12, 2, 13], [13, 22, 14, 1], [7, 5, 8, 4], [17, 15, 18, 14], [15, 6, 16, 7], [5, 16, 6, 17], [3, 18, 4, 19], [19, 8, 20, 9], [21, 10, 22, 11], [9, 20, 10, 21], [11, 2, 12, 3]]"
11a_207_24,"[[11, 2, 12, 3], [1, 12, 2, 13], [13, 22, 14, 1], [7, 5, 8, 4], [17, 15, 18, 14], [15, 6, 16, 7], [5, 16, 6, 17], [3, 18, 4, 19], [19, 8, 20, 9], [21, 10, 22, 11], [9, 20, 10, 21]]"
11a_207_25,"[[9, 20, 10, 21], [11, 2, 12, 3], [1, 12, 2, 13], [13, 22, 14, 1], [7, 5, 8, 4], [17, 15, 18, 14], [15, 6, 16, 7], [5, 16, 6, 17], [3, 18, 4, 19], [19, 8, 20, 9], [21, 10, 22, 11]]"
11a_207_26,"[[21, 10, 22, 11], [9, 20, 10, 21], [11, 2, 12, 3], [1, 12, 2, 13], [13, 22, 14, 1], [7, 5, 8, 4], [17, 15, 18, 14], [15, 6, 16, 7], [5, 16, 6, 17], [3, 18, 4, 19], [19, 8, 20, 9]]"
11a_207_27,"[[19, 8, 20, 9], [21, 10, 22, 11], [9, 20, 10, 21], [11, 2, 12, 3], [1, 12, 2, 13], [13, 22, 14, 1], [7, 5, 8, 4], [17, 15, 18, 14], [15, 6, 16, 7], [5, 16, 6, 17], [3, 18, 4, 19]]"
11a_207_28,"[[3, 18, 4, 19], [19, 8, 20, 9], [21, 10, 22, 11], [9, 20, 10, 21], [11, 2, 12, 3], [1, 12, 2, 13], [13, 22, 14, 1], [7, 5, 8, 4], [17, 15, 18, 14], [15, 6, 16, 7], [5, 16, 6, 17]]"
11a_207_29,"[[5, 16, 6, 17], [3, 18, 4, 19], [19, 8, 20, 9], [21, 10, 22, 11], [9, 20, 10, 21], [11, 2, 12, 3], [1, 12, 2, 13], [13, 22, 14, 1], [7, 5, 8, 4], [17, 15, 18, 14], [15, 6, 16, 7]]"
11a_207_30,"[[15, 6, 16, 7], [5, 16, 6, 17], [3, 18, 4, 19], [19, 8, 20, 9], [21, 10, 22, 11], [9, 20, 10, 21], [11, 2, 12, 3], [1, 12, 2, 13], [13, 22, 14, 1], [7, 5, 8, 4], [17, 15, 18, 14]]"
11a_207_31,"[[17, 15, 18, 14], [15, 6, 16, 7], [5, 16, 6, 17], [3, 18, 4, 19], [19, 8, 20, 9], [21, 10, 22, 11], [9, 20, 10, 21], [11, 2, 12, 3], [1, 12, 2, 13], [13, 22, 14, 1], [7, 5, 8, 4]]"
11a_207_32,"[[7, 5, 8, 4], [17, 15, 18, 14], [15, 6, 16, 7], [5, 16, 6, 17], [3, 18, 4, 19], [19, 8, 20, 9], [21, 10, 22, 11], [9, 20, 10, 21], [11, 2, 12, 3], [1, 12, 2, 13], [13, 22, 14, 1]]"
11a_207_33,"[[14, 1, 15, 2], [8, 6, 9, 5], [18, 16, 19, 15], [16, 7, 17, 8], [6, 17, 7, 18], [4, 19, 5, 20], [20, 9, 21, 10], [22, 11, 1, 12], [10, 21, 11, 22], [12, 3, 13, 4], [2, 13, 3, 14]]"
11a_207_34,"[[2, 13, 3, 14], [14, 1, 15, 2], [8, 6, 9, 5], [18, 16, 19, 15], [16, 7, 17, 8], [6, 17, 7, 18], [4, 19, 5, 20], [20, 9, 21, 10], [22, 11, 1, 12], [10, 21, 11, 22], [12, 3, 13, 4]]"
11a_207_35,"[[12, 3, 13, 4], [2, 13, 3, 14], [14, 1, 15, 2], [8, 6, 9, 5], [18, 16, 19, 15], [16, 7, 17, 8], [6, 17, 7, 18], [4, 19, 5, 20], [20, 9, 21, 10], [22, 11, 1, 12], [10, 21, 11, 22]]"
11a_207_36,"[[10, 21, 11, 22], [12, 3, 13, 4], [2, 13, 3, 14], [14, 1, 15, 2], [8, 6, 9, 5], [18, 16, 19, 15], [16, 7, 17, 8], [6, 17, 7, 18], [4, 19, 5, 20], [20, 9, 21, 10], [22, 11, 1, 12]]"
11a_207_37,"[[22, 11, 1, 12], [10, 21, 11, 22], [12, 3, 13, 4], [2, 13, 3, 14], [14, 1, 15, 2], [8, 6, 9, 5], [18, 16, 19, 15], [16, 7, 17, 8], [6, 17, 7, 18], [4, 19, 5, 20], [20, 9, 21, 10]]"
11a_207_38,"[[20, 9, 21, 10], [22, 11, 1, 12], [10, 21, 11, 22], [12, 3, 13, 4], [2, 13, 3, 14], [14, 1, 15, 2], [8, 6, 9, 5], [18, 16, 19, 15], [16, 7, 17, 8], [6, 17, 7, 18], [4, 19, 5, 20]]"
11a_207_39,"[[4, 19, 5, 20], [20, 9, 21, 10], [22, 11, 1, 12], [10, 21, 11, 22], [12, 3, 13, 4], [2, 13, 3, 14], [14, 1, 15, 2], [8, 6, 9, 5], [18, 16, 19, 15], [16, 7, 17, 8], [6, 17, 7, 18]]"
11a_207_40,"[[6, 17, 7, 18], [4, 19, 5, 20], [20, 9, 21, 10], [22, 11, 1, 12], [10, 21, 11, 22], [12, 3, 13, 4], [2, 13, 3, 14], [14, 1, 15, 2], [8, 6, 9, 5], [18, 16, 19, 15], [16, 7, 17, 8]]"
11a_207_41,"[[16, 7, 17, 8], [6, 17, 7, 18], [4, 19, 5, 20], [20, 9, 21, 10], [22, 11, 1, 12], [10, 21, 11, 22], [12, 3, 13, 4], [2, 13, 3, 14], [14, 1, 15, 2], [8, 6, 9, 5], [18, 16, 19, 15]]"
11a_207_42,"[[18, 16, 19, 15], [16, 7, 17, 8], [6, 17, 7, 18], [4, 19, 5, 20], [20, 9, 21, 10], [22, 11, 1, 12], [10, 21, 11, 22], [12, 3, 13, 4], [2, 13, 3, 14], [14, 1, 15, 2], [8, 6, 9, 5]]"
11a_207_43,"[[8, 6, 9, 5], [18, 16, 19, 15], [16, 7, 17, 8], [6, 17, 7, 18], [4, 19, 5, 20], [20, 9, 21, 10], [22, 11, 1, 12], [10, 21, 11, 22], [12, 3, 13, 4], [2, 13, 3, 14], [14, 1, 15, 2]]"
11a_207_44,"[[15, 2, 16, 3], [9, 7, 10, 6], [19, 17, 20, 16], [17, 8, 18, 9], [7, 18, 8, 19], [5, 20, 6, 21], [21, 10, 22, 11], [1, 12, 2, 13], [11, 22, 12, 1], [13, 4, 14, 5], [3, 14, 4, 15]]"
11a_207_45,"[[3, 14, 4, 15], [15, 2, 16, 3], [9, 7, 10, 6], [19, 17, 20, 16], [17, 8, 18, 9], [7, 18, 8, 19], [5, 20, 6, 21], [21, 10, 22, 11], [1, 12, 2, 13], [11, 22, 12, 1], [13, 4, 14, 5]]"
11a_207_46,"[[13, 4, 14, 5], [3, 14, 4, 15], [15, 2, 16, 3], [9, 7, 10, 6], [19, 17, 20, 16], [17, 8, 18, 9], [7, 18, 8, 19], [5, 20, 6, 21], [21, 10, 22, 11], [1, 12, 2, 13], [11, 22, 12, 1]]"
11a_207_47,"[[11, 22, 12, 1], [13, 4, 14, 5], [3, 14, 4, 15], [15, 2, 16, 3], [9, 7, 10, 6], [19, 17, 20, 16], [17, 8, 18, 9], [7, 18, 8, 19], [5, 20, 6, 21], [21, 10, 22, 11], [1, 12, 2, 13]]"
11a_207_48,"[[1, 12, 2, 13], [11, 22, 12, 1], [13, 4, 14, 5], [3, 14, 4, 15], [15, 2, 16, 3], [9, 7, 10, 6], [19, 17, 20, 16], [17, 8, 18, 9], [7, 18, 8, 19], [5, 20, 6, 21], [21, 10, 22, 11]]"
11a_207_49,"[[21, 10, 22, 11], [1, 12, 2, 13], [11, 22, 12, 1], [13, 4, 14, 5], [3, 14, 4, 15], [15, 2, 16, 3], [9, 7, 10, 6], [19, 17, 20, 16], [17, 8, 18, 9], [7, 18, 8, 19], [5, 20, 6, 21]]"
11a_207_50,"[[5, 20, 6, 21], [21, 10, 22, 11], [1, 12, 2, 13], [11, 22, 12, 1], [13, 4, 14, 5], [3, 14, 4, 15], [15, 2, 16, 3], [9, 7, 10, 6], [19, 17, 20, 16], [17, 8, 18, 9], [7, 18, 8, 19]]"
11a_207_51,"[[7, 18, 8, 19], [5, 20, 6, 21], [21, 10, 22, 11], [1, 12, 2, 13], [11, 22, 12, 1], [13, 4, 14, 5], [3, 14, 4, 15], [15, 2, 16, 3], [9, 7, 10, 6], [19, 17, 20, 16], [17, 8, 18, 9]]"
11a_207_52,"[[17, 8, 18, 9], [7, 18, 8, 19], [5, 20, 6, 21], [21, 10, 22, 11], [1, 12, 2, 13], [11, 22, 12, 1], [13, 4, 14, 5], [3, 14, 4, 15], [15, 2, 16, 3], [9, 7, 10, 6], [19, 17, 20, 16]]"
11a_207_53,"[[19, 17, 20, 16], [17, 8, 18, 9], [7, 18, 8, 19], [5, 20, 6, 21], [21, 10, 22, 11], [1, 12, 2, 13], [11, 22, 12, 1], [13, 4, 14, 5], [3, 14, 4, 15], [15, 2, 16, 3], [9, 7, 10, 6]]"
11a_207_54,"[[9, 7, 10, 6], [19, 17, 20, 16], [17, 8, 18, 9], [7, 18, 8, 19], [5, 20, 6, 21], [21, 10, 22, 11], [1, 12, 2, 13], [11, 22, 12, 1], [13, 4, 14, 5], [3, 14, 4, 15], [15, 2, 16, 3]]"
11a_207_55,"[[16, 3, 17, 4], [10, 8, 11, 7], [20, 18, 21, 17], [18, 9, 19, 10], [8, 19, 9, 20], [6, 21, 7, 22], [22, 11, 1, 12], [2, 13, 3, 14], [12, 1, 13, 2], [14, 5, 15, 6], [4, 15, 5, 16]]"
11a_207_56,"[[4, 15, 5, 16], [16, 3, 17, 4], [10, 8, 11, 7], [20, 18, 21, 17], [18, 9, 19, 10], [8, 19, 9, 20], [6, 21, 7, 22], [22, 11, 1, 12], [2, 13, 3, 14], [12, 1, 13, 2], [14, 5, 15, 6]]"
11a_207_57,"[[14, 5, 15, 6], [4, 15, 5, 16], [16, 3, 17, 4], [10, 8, 11, 7], [20, 18, 21, 17], [18, 9, 19, 10], [8, 19, 9, 20], [6, 21, 7, 22], [22, 11, 1, 12], [2, 13, 3, 14], [12, 1, 13, 2]]"
11a_207_58,"[[12, 1, 13, 2], [14, 5, 15, 6], [4, 15, 5, 16], [16, 3, 17, 4], [10, 8, 11, 7], [20, 18, 21, 17], [18, 9, 19, 10], [8, 19, 9, 20], [6, 21, 7, 22], [22, 11, 1, 12], [2, 13, 3, 14]]"
11a_207_59,"[[2, 13, 3, 14], [12, 1, 13, 2], [14, 5, 15, 6], [4, 15, 5, 16], [16, 3, 17, 4], [10, 8, 11, 7], [20, 18, 21, 17], [18, 9, 19, 10], [8, 19, 9, 20], [6, 21, 7, 22], [22, 11, 1, 12]]"
11a_207_60,"[[22, 11, 1, 12], [2, 13, 3, 14], [12, 1, 13, 2], [14, 5, 15, 6], [4, 15, 5, 16], [16, 3, 17, 4], [10, 8, 11, 7], [20, 18, 21, 17], [18, 9, 19, 10], [8, 19, 9, 20], [6, 21, 7, 22]]"
11a_207_61,"[[6, 21, 7, 22], [22, 11, 1, 12], [2, 13, 3, 14], [12, 1, 13, 2], [14, 5, 15, 6], [4, 15, 5, 16], [16, 3, 17, 4], [10, 8, 11, 7], [20, 18, 21, 17], [18, 9, 19, 10], [8, 19, 9, 20]]"
11a_207_62,"[[8, 19, 9, 20], [6, 21, 7, 22], [22, 11, 1, 12], [2, 13, 3, 14], [12, 1, 13, 2], [14, 5, 15, 6], [4, 15, 5, 16], [16, 3, 17, 4], [10, 8, 11, 7], [20, 18, 21, 17], [18, 9, 19, 10]]"
11a_207_63,"[[18, 9, 19, 10], [8, 19, 9, 20], [6, 21, 7, 22], [22, 11, 1, 12], [2, 13, 3, 14], [12, 1, 13, 2], [14, 5, 15, 6], [4, 15, 5, 16], [16, 3, 17, 4], [10, 8, 11, 7], [20, 18, 21, 17]]"
11a_207_64,"[[20, 18, 21, 17], [18, 9, 19, 10], [8, 19, 9, 20], [6, 21, 7, 22], [22, 11, 1, 12], [2, 13, 3, 14], [12, 1, 13, 2], [14, 5, 15, 6], [4, 15, 5, 16], [16, 3, 17, 4], [10, 8, 11, 7]]"
11a_207_65,"[[10, 8, 11, 7], [20, 18, 21, 17], [18, 9, 19, 10], [8, 19, 9, 20], [6, 21, 7, 22], [22, 11, 1, 12], [2, 13, 3, 14], [12, 1, 13, 2], [14, 5, 15, 6], [4, 15, 5, 16], [16, 3, 17, 4]]"
11a_207_66,"[[17, 4, 18, 5], [11, 9, 12, 8], [21, 19, 22, 18], [19, 10, 20, 11], [9, 20, 10, 21], [7, 22, 8, 1], [1, 12, 2, 13], [3, 14, 4, 15], [13, 2, 14, 3], [15, 6, 16, 7], [5, 16, 6, 17]]"
11a_207_67,"[[5, 16, 6, 17], [17, 4, 18, 5], [11, 9, 12, 8], [21, 19, 22, 18], [19, 10, 20, 11], [9, 20, 10, 21], [7, 22, 8, 1], [1, 12, 2, 13], [3, 14, 4, 15], [13, 2, 14, 3], [15, 6, 16, 7]]"
11a_207_68,"[[15, 6, 16, 7], [5, 16, 6, 17], [17, 4, 18, 5], [11, 9, 12, 8], [21, 19, 22, 18], [19, 10, 20, 11], [9, 20, 10, 21], [7, 22, 8, 1], [1, 12, 2, 13], [3, 14, 4, 15], [13, 2, 14, 3]]"
11a_207_69,"[[13, 2, 14, 3], [15, 6, 16, 7], [5, 16, 6, 17], [17, 4, 18, 5], [11, 9, 12, 8], [21, 19, 22, 18], [19, 10, 20, 11], [9, 20, 10, 21], [7, 22, 8, 1], [1, 12, 2, 13], [3, 14, 4, 15]]"
11a_207_70,"[[3, 14, 4, 15], [13, 2, 14, 3], [15, 6, 16, 7], [5, 16, 6, 17], [17, 4, 18, 5], [11, 9, 12, 8], [21, 19, 22, 18], [19, 10, 20, 11], [9, 20, 10, 21], [7, 22, 8, 1], [1, 12, 2, 13]]"
11a_207_71,"[[1, 12, 2, 13], [3, 14, 4, 15], [13, 2, 14, 3], [15, 6, 16, 7], [5, 16, 6, 17], [17, 4, 18, 5], [11, 9, 12, 8], [21, 19, 22, 18], [19, 10, 20, 11], [9, 20, 10, 21], [7, 22, 8, 1]]"
11a_207_72,"[[7, 22, 8, 1], [1, 12, 2, 13], [3, 14, 4, 15], [13, 2, 14, 3], [15, 6, 16, 7], [5, 16, 6, 17], [17, 4, 18, 5], [11, 9, 12, 8], [21, 19, 22, 18], [19, 10, 20, 11], [9, 20, 10, 21]]"
11a_207_73,"[[9, 20, 10, 21], [7, 22, 8, 1], [1, 12, 2, 13], [3, 14, 4, 15], [13, 2, 14, 3], [15, 6, 16, 7], [5, 16, 6, 17], [17, 4, 18, 5], [11, 9, 12, 8], [21, 19, 22, 18], [19, 10, 20, 11]]"
11a_207_74,"[[19, 10, 20, 11], [9, 20, 10, 21], [7, 22, 8, 1], [1, 12, 2, 13], [3, 14, 4, 15], [13, 2, 14, 3], [15, 6, 16, 7], [5, 16, 6, 17], [17, 4, 18, 5], [11, 9, 12, 8], [21, 19, 22, 18]]"
11a_207_75,"[[21, 19, 22, 18], [19, 10, 20, 11], [9, 20, 10, 21], [7, 22, 8, 1], [1, 12, 2, 13], [3, 14, 4, 15], [13, 2, 14, 3], [15, 6, 16, 7], [5, 16, 6, 17], [17, 4, 18, 5], [11, 9, 12, 8]]"
11a_207_76,"[[11, 9, 12, 8], [21, 19, 22, 18], [19, 10, 20, 11], [9, 20, 10, 21], [7, 22, 8, 1], [1, 12, 2, 13], [3, 14, 4, 15], [13, 2, 14, 3], [15, 6, 16, 7], [5, 16, 6, 17], [17, 4, 18, 5]]"
11a_207_77,"[[18, 5, 19, 6], [12, 10, 13, 9], [22, 20, 1, 19], [20, 11, 21, 12], [10, 21, 11, 22], [8, 1, 9, 2], [2, 13, 3, 14], [4, 15, 5, 16], [14, 3, 15, 4], [16, 7, 17, 8], [6, 17, 7, 18]]"
11a_207_78,"[[6, 17, 7, 18], [18, 5, 19, 6], [12, 10, 13, 9], [22, 20, 1, 19], [20, 11, 21, 12], [10, 21, 11, 22], [8, 1, 9, 2], [2, 13, 3, 14], [4, 15, 5, 16], [14, 3, 15, 4], [16, 7, 17, 8]]"
11a_207_79,"[[16, 7, 17, 8], [6, 17, 7, 18], [18, 5, 19, 6], [12, 10, 13, 9], [22, 20, 1, 19], [20, 11, 21, 12], [10, 21, 11, 22], [8, 1, 9, 2], [2, 13, 3, 14], [4, 15, 5, 16], [14, 3, 15, 4]]"
11a_207_80,"[[14, 3, 15, 4], [16, 7, 17, 8], [6, 17, 7, 18], [18, 5, 19, 6], [12, 10, 13, 9], [22, 20, 1, 19], [20, 11, 21, 12], [10, 21, 11, 22], [8, 1, 9, 2], [2, 13, 3, 14], [4, 15, 5, 16]]"
11a_207_81,"[[4, 15, 5, 16], [14, 3, 15, 4], [16, 7, 17, 8], [6, 17, 7, 18], [18, 5, 19, 6], [12, 10, 13, 9], [22, 20, 1, 19], [20, 11, 21, 12], [10, 21, 11, 22], [8, 1, 9, 2], [2, 13, 3, 14]]"
11a_207_82,"[[2, 13, 3, 14], [4, 15, 5, 16], [14, 3, 15, 4], [16, 7, 17, 8], [6, 17, 7, 18], [18, 5, 19, 6], [12, 10, 13, 9], [22, 20, 1, 19], [20, 11, 21, 12], [10, 21, 11, 22], [8, 1, 9, 2]]"
11a_207_83,"[[8, 1, 9, 2], [2, 13, 3, 14], [4, 15, 5, 16], [14, 3, 15, 4], [16, 7, 17, 8], [6, 17, 7, 18], [18, 5, 19, 6], [12, 10, 13, 9], [22, 20, 1, 19], [20, 11, 21, 12], [10, 21, 11, 22]]"
11a_207_84,"[[10, 21, 11, 22], [8, 1, 9, 2], [2, 13, 3, 14], [4, 15, 5, 16], [14, 3, 15, 4], [16, 7, 17, 8], [6, 17, 7, 18], [18, 5, 19, 6], [12, 10, 13, 9], [22, 20, 1, 19], [20, 11, 21, 12]]"
11a_207_85,"[[20, 11, 21, 12], [10, 21, 11, 22], [8, 1, 9, 2], [2, 13, 3, 14], [4, 15, 5, 16], [14, 3, 15, 4], [16, 7, 17, 8], [6, 17, 7, 18], [18, 5, 19, 6], [12, 10, 13, 9], [22, 20, 1, 19]]"
11a_207_86,"[[22, 20, 1, 19], [20, 11, 21, 12], [10, 21, 11, 22], [8, 1, 9, 2], [2, 13, 3, 14], [4, 15, 5, 16], [14, 3, 15, 4], [16, 7, 17, 8], [6, 17, 7, 18], [18, 5, 19, 6], [12, 10, 13, 9]]"
11a_207_87,"[[12, 10, 13, 9], [22, 20, 1, 19], [20, 11, 21, 12], [10, 21, 11, 22], [8, 1, 9, 2], [2, 13, 3, 14], [4, 15, 5, 16], [14, 3, 15, 4], [16, 7, 17, 8], [6, 17, 7, 18], [18, 5, 19, 6]]"
11a_207_88,"[[19, 6, 20, 7], [13, 11, 14, 10], [1, 21, 2, 20], [21, 12, 22, 13], [11, 22, 12, 1], [9, 2, 10, 3], [3, 14, 4, 15], [5, 16, 6, 17], [15, 4, 16, 5], [17, 8, 18, 9], [7, 18, 8, 19]]"
11a_207_89,"[[7, 18, 8, 19], [19, 6, 20, 7], [13, 11, 14, 10], [1, 21, 2, 20], [21, 12, 22, 13], [11, 22, 12, 1], [9, 2, 10, 3], [3, 14, 4, 15], [5, 16, 6, 17], [15, 4, 16, 5], [17, 8, 18, 9]]"
11a_207_90,"[[17, 8, 18, 9], [7, 18, 8, 19], [19, 6, 20, 7], [13, 11, 14, 10], [1, 21, 2, 20], [21, 12, 22, 13], [11, 22, 12, 1], [9, 2, 10, 3], [3, 14, 4, 15], [5, 16, 6, 17], [15, 4, 16, 5]]"
11a_207_91,"[[15, 4, 16, 5], [17, 8, 18, 9], [7, 18, 8, 19], [19, 6, 20, 7], [13, 11, 14, 10], [1, 21, 2, 20], [21, 12, 22, 13], [11, 22, 12, 1], [9, 2, 10, 3], [3, 14, 4, 15], [5, 16, 6, 17]]"
11a_207_92,"[[5, 16, 6, 17], [15, 4, 16, 5], [17, 8, 18, 9], [7, 18, 8, 19], [19, 6, 20, 7], [13, 11, 14, 10], [1, 21, 2, 20], [21, 12, 22, 13], [11, 22, 12, 1], [9, 2, 10, 3], [3, 14, 4, 15]]"
11a_207_93,"[[3, 14, 4, 15], [5, 16, 6, 17], [15, 4, 16, 5], [17, 8, 18, 9], [7, 18, 8, 19], [19, 6, 20, 7], [13, 11, 14, 10], [1, 21, 2, 20], [21, 12, 22, 13], [11, 22, 12, 1], [9, 2, 10, 3]]"
11a_207_94,"[[9, 2, 10, 3], [3, 14, 4, 15], [5, 16, 6, 17], [15, 4, 16, 5], [17, 8, 18, 9], [7, 18, 8, 19], [19, 6, 20, 7], [13, 11, 14, 10], [1, 21, 2, 20], [21, 12, 22, 13], [11, 22, 12, 1]]"
11a_207_95,"[[11, 22, 12, 1], [9, 2, 10, 3], [3, 14, 4, 15], [5, 16, 6, 17], [15, 4, 16, 5], [17, 8, 18, 9], [7, 18, 8, 19], [19, 6, 20, 7], [13, 11, 14, 10], [1, 21, 2, 20], [21, 12, 22, 13]]"
11a_207_96,"[[21, 12, 22, 13], [11, 22, 12, 1], [9, 2, 10, 3], [3, 14, 4, 15], [5, 16, 6, 17], [15, 4, 16, 5], [17, 8, 18, 9], [7, 18, 8, 19], [19, 6, 20, 7], [13, 11, 14, 10], [1, 21, 2, 20]]"
11a_207_97,"[[1, 21, 2, 20], [21, 12, 22, 13], [11, 22, 12, 1], [9, 2, 10, 3], [3, 14, 4, 15], [5, 16, 6, 17], [15, 4, 16, 5], [17, 8, 18, 9], [7, 18, 8, 19], [19, 6, 20, 7], [13, 11, 14, 10]]"
11a_207_98,"[[13, 11, 14, 10], [1, 21, 2, 20], [21, 12, 22, 13], [11, 22, 12, 1], [9, 2, 10, 3], [3, 14, 4, 15], [5, 16, 6, 17], [15, 4, 16, 5], [17, 8, 18, 9], [7, 18, 8, 19], [19, 6, 20, 7]]"
11a_207_99,"[[20, 7, 21, 8], [14, 12, 15, 11], [2, 22, 3, 21], [22, 13, 1, 14], [12, 1, 13, 2], [10, 3, 11, 4], [4, 15, 5, 16], [6, 17, 7, 18], [16, 5, 17, 6], [18, 9, 19, 10], [8, 19, 9, 20]]"
11a_207_100,"[[8, 19, 9, 20], [20, 7, 21, 8], [14, 12, 15, 11], [2, 22, 3, 21], [22, 13, 1, 14], [12, 1, 13, 2], [10, 3, 11, 4], [4, 15, 5, 16], [6, 17, 7, 18], [16, 5, 17, 6], [18, 9, 19, 10]]"
11a_207_101,"[[18, 9, 19, 10], [8, 19, 9, 20], [20, 7, 21, 8], [14, 12, 15, 11], [2, 22, 3, 21], [22, 13, 1, 14], [12, 1, 13, 2], [10, 3, 11, 4], [4, 15, 5, 16], [6, 17, 7, 18], [16, 5, 17, 6]]"
11a_207_102,"[[16, 5, 17, 6], [18, 9, 19, 10], [8, 19, 9, 20], [20, 7, 21, 8], [14, 12, 15, 11], [2, 22, 3, 21], [22, 13, 1, 14], [12, 1, 13, 2], [10, 3, 11, 4], [4, 15, 5, 16], [6, 17, 7, 18]]"
11a_207_103,"[[6, 17, 7, 18], [16, 5, 17, 6], [18, 9, 19, 10], [8, 19, 9, 20], [20, 7, 21, 8], [14, 12, 15, 11], [2, 22, 3, 21], [22, 13, 1, 14], [12, 1, 13, 2], [10, 3, 11, 4], [4, 15, 5, 16]]"
11a_207_104,"[[4, 15, 5, 16], [6, 17, 7, 18], [16, 5, 17, 6], [18, 9, 19, 10], [8, 19, 9, 20], [20, 7, 21, 8], [14, 12, 15, 11], [2, 22, 3, 21], [22, 13, 1, 14], [12, 1, 13, 2], [10, 3, 11, 4]]"
11a_207_105,"[[10, 3, 11, 4], [4, 15, 5, 16], [6, 17, 7, 18], [16, 5, 17, 6], [18, 9, 19, 10], [8, 19, 9, 20], [20, 7, 21, 8], [14, 12, 15, 11], [2, 22, 3, 21], [22, 13, 1, 14], [12, 1, 13, 2]]"
11a_207_106,"[[12, 1, 13, 2], [10, 3, 11, 4], [4, 15, 5, 16], [6, 17, 7, 18], [16, 5, 17, 6], [18, 9, 19, 10], [8, 19, 9, 20], [20, 7, 21, 8], [14, 12, 15, 11], [2, 22, 3, 21], [22, 13, 1, 14]]"
11a_207_107,"[[22, 13, 1, 14], [12, 1, 13, 2], [10, 3, 11, 4], [4, 15, 5, 16], [6, 17, 7, 18], [16, 5, 17, 6], [18, 9, 19, 10], [8, 19, 9, 20], [20, 7, 21, 8], [14, 12, 15, 11], [2, 22, 3, 21]]"
11a_207_108,"[[2, 22, 3, 21], [22, 13, 1, 14], [12, 1, 13, 2], [10, 3, 11, 4], [4, 15, 5, 16], [6, 17, 7, 18], [16, 5, 17, 6], [18, 9, 19, 10], [8, 19, 9, 20], [20, 7, 21, 8], [14, 12, 15, 11]]"
11a_207_109,"[[14, 12, 15, 11], [2, 22, 3, 21], [22, 13, 1, 14], [12, 1, 13, 2], [10, 3, 11, 4], [4, 15, 5, 16], [6, 17, 7, 18], [16, 5, 17, 6], [18, 9, 19, 10], [8, 19, 9, 20], [20, 7, 21, 8]]"
11a_207_110,"[[21, 8, 22, 9], [15, 13, 16, 12], [3, 1, 4, 22], [1, 14, 2, 15], [13, 2, 14, 3], [11, 4, 12, 5], [5, 16, 6, 17], [7, 18, 8, 19], [17, 6, 18, 7], [19, 10, 20, 11], [9, 20, 10, 21]]"
11a_207_111,"[[9, 20, 10, 21], [21, 8, 22, 9], [15, 13, 16, 12], [3, 1, 4, 22], [1, 14, 2, 15], [13, 2, 14, 3], [11, 4, 12, 5], [5, 16, 6, 17], [7, 18, 8, 19], [17, 6, 18, 7], [19, 10, 20, 11]]"
11a_207_112,"[[19, 10, 20, 11], [9, 20, 10, 21], [21, 8, 22, 9], [15, 13, 16, 12], [3, 1, 4, 22], [1, 14, 2, 15], [13, 2, 14, 3], [11, 4, 12, 5], [5, 16, 6, 17], [7, 18, 8, 19], [17, 6, 18, 7]]"
11a_207_113,"[[17, 6, 18, 7], [19, 10, 20, 11], [9, 20, 10, 21], [21, 8, 22, 9], [15, 13, 16, 12], [3, 1, 4, 22], [1, 14, 2, 15], [13, 2, 14, 3], [11, 4, 12, 5], [5, 16, 6, 17], [7, 18, 8, 19]]"
11a_207_114,"[[7, 18, 8, 19], [17, 6, 18, 7], [19, 10, 20, 11], [9, 20, 10, 21], [21, 8, 22, 9], [15, 13, 16, 12], [3, 1, 4, 22], [1, 14, 2, 15], [13, 2, 14, 3], [11, 4, 12, 5], [5, 16, 6, 17]]"
11a_207_115,"[[5, 16, 6, 17], [7, 18, 8, 19], [17, 6, 18, 7], [19, 10, 20, 11], [9, 20, 10, 21], [21, 8, 22, 9], [15, 13, 16, 12], [3, 1, 4, 22], [1, 14, 2, 15], [13, 2, 14, 3], [11, 4, 12, 5]]"
11a_207_116,"[[11, 4, 12, 5], [5, 16, 6, 17], [7, 18, 8, 19], [17, 6, 18, 7], [19, 10, 20, 11], [9, 20, 10, 21], [21, 8, 22, 9], [15, 13, 16, 12], [3, 1, 4, 22], [1, 14, 2, 15], [13, 2, 14, 3]]"
11a_207_117,"[[13, 2, 14, 3], [11, 4, 12, 5], [5, 16, 6, 17], [7, 18, 8, 19], [17, 6, 18, 7], [19, 10, 20, 11], [9, 20, 10, 21], [21, 8, 22, 9], [15, 13, 16, 12], [3, 1, 4, 22], [1, 14, 2, 15]]"
11a_207_118,"[[1, 14, 2, 15], [13, 2, 14, 3], [11, 4, 12, 5], [5, 16, 6, 17], [7, 18, 8, 19], [17, 6, 18, 7], [19, 10, 20, 11], [9, 20, 10, 21], [21, 8, 22, 9], [15, 13, 16, 12], [3, 1, 4, 22]]"
11a_207_119,"[[3, 1, 4, 22], [1, 14, 2, 15], [13, 2, 14, 3], [11, 4, 12, 5], [5, 16, 6, 17], [7, 18, 8, 19], [17, 6, 18, 7], [19, 10, 20, 11], [9, 20, 10, 21], [21, 8, 22, 9], [15, 13, 16, 12]]"
11a_207_120,"[[15, 13, 16, 12], [3, 1, 4, 22], [1, 14, 2, 15], [13, 2, 14, 3], [11, 4, 12, 5], [5, 16, 6, 17], [7, 18, 8, 19], [17, 6, 18, 7], [19, 10, 20, 11], [9, 20, 10, 21], [21, 8, 22, 9]]"
11a_207_121,"[[22, 9, 1, 10], [16, 14, 17, 13], [4, 2, 5, 1], [2, 15, 3, 16], [14, 3, 15, 4], [12, 5, 13, 6], [6, 17, 7, 18], [8, 19, 9, 20], [18, 7, 19, 8], [20, 11, 21, 12], [10, 21, 11, 22]]"
11a_207_122,"[[10, 21, 11, 22], [22, 9, 1, 10], [16, 14, 17, 13], [4, 2, 5, 1], [2, 15, 3, 16], [14, 3, 15, 4], [12, 5, 13, 6], [6, 17, 7, 18], [8, 19, 9, 20], [18, 7, 19, 8], [20, 11, 21, 12]]"
11a_207_123,"[[20, 11, 21, 12], [10, 21, 11, 22], [22, 9, 1, 10], [16, 14, 17, 13], [4, 2, 5, 1], [2, 15, 3, 16], [14, 3, 15, 4], [12, 5, 13, 6], [6, 17, 7, 18], [8, 19, 9, 20], [18, 7, 19, 8]]"
11a_207_124,"[[18, 7, 19, 8], [20, 11, 21, 12], [10, 21, 11, 22], [22, 9, 1, 10], [16, 14, 17, 13], [4, 2, 5, 1], [2, 15, 3, 16], [14, 3, 15, 4], [12, 5, 13, 6], [6, 17, 7, 18], [8, 19, 9, 20]]"
11a_207_125,"[[8, 19, 9, 20], [18, 7, 19, 8], [20, 11, 21, 12], [10, 21, 11, 22], [22, 9, 1, 10], [16, 14, 17, 13], [4, 2, 5, 1], [2, 15, 3, 16], [14, 3, 15, 4], [12, 5, 13, 6], [6, 17, 7, 18]]"
11a_207_126,"[[6, 17, 7, 18], [8, 19, 9, 20], [18, 7, 19, 8], [20, 11, 21, 12], [10, 21, 11, 22], [22, 9, 1, 10], [16, 14, 17, 13], [4, 2, 5, 1], [2, 15, 3, 16], [14, 3, 15, 4], [12, 5, 13, 6]]"
11a_207_127,"[[12, 5, 13, 6], [6, 17, 7, 18], [8, 19, 9, 20], [18, 7, 19, 8], [20, 11, 21, 12], [10, 21, 11, 22], [22, 9, 1, 10], [16, 14, 17, 13], [4, 2, 5, 1], [2, 15, 3, 16], [14, 3, 15, 4]]"
11a_207_128,"[[14, 3, 15, 4], [12, 5, 13, 6], [6, 17, 7, 18], [8, 19, 9, 20], [18, 7, 19, 8], [20, 11, 21, 12], [10, 21, 11, 22], [22, 9, 1, 10], [16, 14, 17, 13], [4, 2, 5, 1], [2, 15, 3, 16]]"
11a_207_129,"[[2, 15, 3, 16], [14, 3, 15, 4], [12, 5, 13, 6], [6, 17, 7, 18], [8, 19, 9, 20], [18, 7, 19, 8], [20, 11, 21, 12], [10, 21, 11, 22], [22, 9, 1, 10], [16, 14, 17, 13], [4, 2, 5, 1]]"
11a_207_130,"[[4, 2, 5, 1], [2, 15, 3, 16], [14, 3, 15, 4], [12, 5, 13, 6], [6, 17, 7, 18], [8, 19, 9, 20], [18, 7, 19, 8], [20, 11, 21, 12], [10, 21, 11, 22], [22, 9, 1, 10], [16, 14, 17, 13]]"
11a_207_131,"[[16, 14, 17, 13], [4, 2, 5, 1], [2, 15, 3, 16], [14, 3, 15, 4], [12, 5, 13, 6], [6, 17, 7, 18], [8, 19, 9, 20], [18, 7, 19, 8], [20, 11, 21, 12], [10, 21, 11, 22], [22, 9, 1, 10]]"
11a_207_132,"[[1, 10, 2, 11], [17, 15, 18, 14], [5, 3, 6, 2], [3, 16, 4, 17], [15, 4, 16, 5], [13, 6, 14, 7], [7, 18, 8, 19], [9, 20, 10, 21], [19, 8, 20, 9], [21, 12, 22, 13], [11, 22, 12, 1]]"
11a_207_133,"[[11, 22, 12, 1], [1, 10, 2, 11], [17, 15, 18, 14], [5, 3, 6, 2], [3, 16, 4, 17], [15, 4, 16, 5], [13, 6, 14, 7], [7, 18, 8, 19], [9, 20, 10, 21], [19, 8, 20, 9], [21, 12, 22, 13]]"
11a_207_134,"[[21, 12, 22, 13], [11, 22, 12, 1], [1, 10, 2, 11], [17, 15, 18, 14], [5, 3, 6, 2], [3, 16, 4, 17], [15, 4, 16, 5], [13, 6, 14, 7], [7, 18, 8, 19], [9, 20, 10, 21], [19, 8, 20, 9]]"
11a_207_135,"[[19, 8, 20, 9], [21, 12, 22, 13], [11, 22, 12, 1], [1, 10, 2, 11], [17, 15, 18, 14], [5, 3, 6, 2], [3, 16, 4, 17], [15, 4, 16, 5], [13, 6, 14, 7], [7, 18, 8, 19], [9, 20, 10, 21]]"
11a_207_136,"[[9, 20, 10, 21], [19, 8, 20, 9], [21, 12, 22, 13], [11, 22, 12, 1], [1, 10, 2, 11], [17, 15, 18, 14], [5, 3, 6, 2], [3, 16, 4, 17], [15, 4, 16, 5], [13, 6, 14, 7], [7, 18, 8, 19]]"
11a_207_137,"[[7, 18, 8, 19], [9, 20, 10, 21], [19, 8, 20, 9], [21, 12, 22, 13], [11, 22, 12, 1], [1, 10, 2, 11], [17, 15, 18, 14], [5, 3, 6, 2], [3, 16, 4, 17], [15, 4, 16, 5], [13, 6, 14, 7]]"
11a_207_138,"[[13, 6, 14, 7], [7, 18, 8, 19], [9, 20, 10, 21], [19, 8, 20, 9], [21, 12, 22, 13], [11, 22, 12, 1], [1, 10, 2, 11], [17, 15, 18, 14], [5, 3, 6, 2], [3, 16, 4, 17], [15, 4, 16, 5]]"
11a_207_139,"[[15, 4, 16, 5], [13, 6, 14, 7], [7, 18, 8, 19], [9, 20, 10, 21], [19, 8, 20, 9], [21, 12, 22, 13], [11, 22, 12, 1], [1, 10, 2, 11], [17, 15, 18, 14], [5, 3, 6, 2], [3, 16, 4, 17]]"
11a_207_140,"[[3, 16, 4, 17], [15, 4, 16, 5], [13, 6, 14, 7], [7, 18, 8, 19], [9, 20, 10, 21], [19, 8, 20, 9], [21, 12, 22, 13], [11, 22, 12, 1], [1, 10, 2, 11], [17, 15, 18, 14], [5, 3, 6, 2]]"
11a_207_141,"[[5, 3, 6, 2], [3, 16, 4, 17], [15, 4, 16, 5], [13, 6, 14, 7], [7, 18, 8, 19], [9, 20, 10, 21], [19, 8, 20, 9], [21, 12, 22, 13], [11, 22, 12, 1], [1, 10, 2, 11], [17, 15, 18, 14]]"
11a_207_142,"[[17, 15, 18, 14], [5, 3, 6, 2], [3, 16, 4, 17], [15, 4, 16, 5], [13, 6, 14, 7], [7, 18, 8, 19], [9, 20, 10, 21], [19, 8, 20, 9], [21, 12, 22, 13], [11, 22, 12, 1], [1, 10, 2, 11]]"
11a_207_143,"[[2, 11, 3, 12], [18, 16, 19, 15], [6, 4, 7, 3], [4, 17, 5, 18], [16, 5, 17, 6], [14, 7, 15, 8], [8, 19, 9, 20], [10, 21, 11, 22], [20, 9, 21, 10], [22, 13, 1, 14], [12, 1, 13, 2]]"
11a_207_144,"[[12, 1, 13, 2], [2, 11, 3, 12], [18, 16, 19, 15], [6, 4, 7, 3], [4, 17, 5, 18], [16, 5, 17, 6], [14, 7, 15, 8], [8, 19, 9, 20], [10, 21, 11, 22], [20, 9, 21, 10], [22, 13, 1, 14]]"
11a_207_145,"[[22, 13, 1, 14], [12, 1, 13, 2], [2, 11, 3, 12], [18, 16, 19, 15], [6, 4, 7, 3], [4, 17, 5, 18], [16, 5, 17, 6], [14, 7, 15, 8], [8, 19, 9, 20], [10, 21, 11, 22], [20, 9, 21, 10]]"
11a_207_146,"[[20, 9, 21, 10], [22, 13, 1, 14], [12, 1, 13, 2], [2, 11, 3, 12], [18, 16, 19, 15], [6, 4, 7, 3], [4, 17, 5, 18], [16, 5, 17, 6], [14, 7, 15, 8], [8, 19, 9, 20], [10, 21, 11, 22]]"
11a_207_147,"[[10, 21, 11, 22], [20, 9, 21, 10], [22, 13, 1, 14], [12, 1, 13, 2], [2, 11, 3, 12], [18, 16, 19, 15], [6, 4, 7, 3], [4, 17, 5, 18], [16, 5, 17, 6], [14, 7, 15, 8], [8, 19, 9, 20]]"
11a_207_148,"[[8, 19, 9, 20], [10, 21, 11, 22], [20, 9, 21, 10], [22, 13, 1, 14], [12, 1, 13, 2], [2, 11, 3, 12], [18, 16, 19, 15], [6, 4, 7, 3], [4, 17, 5, 18], [16, 5, 17, 6], [14, 7, 15, 8]]"
11a_207_149,"[[14, 7, 15, 8], [8, 19, 9, 20], [10, 21, 11, 22], [20, 9, 21, 10], [22, 13, 1, 14], [12, 1, 13, 2], [2, 11, 3, 12], [18, 16, 19, 15], [6, 4, 7, 3], [4, 17, 5, 18], [16, 5, 17, 6]]"
11a_207_150,"[[16, 5, 17, 6], [14, 7, 15, 8], [8, 19, 9, 20], [10, 21, 11, 22], [20, 9, 21, 10], [22, 13, 1, 14], [12, 1, 13, 2], [2, 11, 3, 12], [18, 16, 19, 15], [6, 4, 7, 3], [4, 17, 5, 18]]"
11a_207_151,"[[4, 17, 5, 18], [16, 5, 17, 6], [14, 7, 15, 8], [8, 19, 9, 20], [10, 21, 11, 22], [20, 9, 21, 10], [22, 13, 1, 14], [12, 1, 13, 2], [2, 11, 3, 12], [18, 16, 19, 15], [6, 4, 7, 3]]"
11a_207_152,"[[6, 4, 7, 3], [4, 17, 5, 18], [16, 5, 17, 6], [14, 7, 15, 8], [8, 19, 9, 20], [10, 21, 11, 22], [20, 9, 21, 10], [22, 13, 1, 14], [12, 1, 13, 2], [2, 11, 3, 12], [18, 16, 19, 15]]"
11a_207_153,"[[18, 16, 19, 15], [6, 4, 7, 3], [4, 17, 5, 18], [16, 5, 17, 6], [14, 7, 15, 8], [8, 19, 9, 20], [10, 21, 11, 22], [20, 9, 21, 10], [22, 13, 1, 14], [12, 1, 13, 2], [2, 11, 3, 12]]"
11a_207_154,"[[3, 12, 4, 13], [19, 17, 20, 16], [7, 5, 8, 4], [5, 18, 6, 19], [17, 6, 18, 7], [15, 8, 16, 9], [9, 20, 10, 21], [11, 22, 12, 1], [21, 10, 22, 11], [1, 14, 2, 15], [13, 2, 14, 3]]"
11a_207_155,"[[13, 2, 14, 3], [3, 12, 4, 13], [19, 17, 20, 16], [7, 5, 8, 4], [5, 18, 6, 19], [17, 6, 18, 7], [15, 8, 16, 9], [9, 20, 10, 21], [11, 22, 12, 1], [21, 10, 22, 11], [1, 14, 2, 15]]"
11a_207_156,"[[1, 14, 2, 15], [13, 2, 14, 3], [3, 12, 4, 13], [19, 17, 20, 16], [7, 5, 8, 4], [5, 18, 6, 19], [17, 6, 18, 7], [15, 8, 16, 9], [9, 20, 10, 21], [11, 22, 12, 1], [21, 10, 22, 11]]"
11a_207_157,"[[21, 10, 22, 11], [1, 14, 2, 15], [13, 2, 14, 3], [3, 12, 4, 13], [19, 17, 20, 16], [7, 5, 8, 4], [5, 18, 6, 19], [17, 6, 18, 7], [15, 8, 16, 9], [9, 20, 10, 21], [11, 22, 12, 1]]"
11a_207_158,"[[11, 22, 12, 1], [21, 10, 22, 11], [1, 14, 2, 15], [13, 2, 14, 3], [3, 12, 4, 13], [19, 17, 20, 16], [7, 5, 8, 4], [5, 18, 6, 19], [17, 6, 18, 7], [15, 8, 16, 9], [9, 20, 10, 21]]"
11a_207_159,"[[9, 20, 10, 21], [11, 22, 12, 1], [21, 10, 22, 11], [1, 14, 2, 15], [13, 2, 14, 3], [3, 12, 4, 13], [19, 17, 20, 16], [7, 5, 8, 4], [5, 18, 6, 19], [17, 6, 18, 7], [15, 8, 16, 9]]"
11a_207_160,"[[15, 8, 16, 9], [9, 20, 10, 21], [11, 22, 12, 1], [21, 10, 22, 11], [1, 14, 2, 15], [13, 2, 14, 3], [3, 12, 4, 13], [19, 17, 20, 16], [7, 5, 8, 4], [5, 18, 6, 19], [17, 6, 18, 7]]"
11a_207_161,"[[17, 6, 18, 7], [15, 8, 16, 9], [9, 20, 10, 21], [11, 22, 12, 1], [21, 10, 22, 11], [1, 14, 2, 15], [13, 2, 14, 3], [3, 12, 4, 13], [19, 17, 20, 16], [7, 5, 8, 4], [5, 18, 6, 19]]"
11a_207_162,"[[5, 18, 6, 19], [17, 6, 18, 7], [15, 8, 16, 9], [9, 20, 10, 21], [11, 22, 12, 1], [21, 10, 22, 11], [1, 14, 2, 15], [13, 2, 14, 3], [3, 12, 4, 13], [19, 17, 20, 16], [7, 5, 8, 4]]"
11a_207_163,"[[7, 5, 8, 4], [5, 18, 6, 19], [17, 6, 18, 7], [15, 8, 16, 9], [9, 20, 10, 21], [11, 22, 12, 1], [21, 10, 22, 11], [1, 14, 2, 15], [13, 2, 14, 3], [3, 12, 4, 13], [19, 17, 20, 16]]"
11a_207_164,"[[19, 17, 20, 16], [7, 5, 8, 4], [5, 18, 6, 19], [17, 6, 18, 7], [15, 8, 16, 9], [9, 20, 10, 21], [11, 22, 12, 1], [21, 10, 22, 11], [1, 14, 2, 15], [13, 2, 14, 3], [3, 12, 4, 13]]"
11a_207_165,"[[4, 13, 5, 14], [20, 18, 21, 17], [8, 6, 9, 5], [6, 19, 7, 20], [18, 7, 19, 8], [16, 9, 17, 10], [10, 21, 11, 22], [12, 1, 13, 2], [22, 11, 1, 12], [2, 15, 3, 16], [14, 3, 15, 4]]"
11a_207_166,"[[14, 3, 15, 4], [4, 13, 5, 14], [20, 18, 21, 17], [8, 6, 9, 5], [6, 19, 7, 20], [18, 7, 19, 8], [16, 9, 17, 10], [10, 21, 11, 22], [12, 1, 13, 2], [22, 11, 1, 12], [2, 15, 3, 16]]"
11a_207_167,"[[2, 15, 3, 16], [14, 3, 15, 4], [4, 13, 5, 14], [20, 18, 21, 17], [8, 6, 9, 5], [6, 19, 7, 20], [18, 7, 19, 8], [16, 9, 17, 10], [10, 21, 11, 22], [12, 1, 13, 2], [22, 11, 1, 12]]"
11a_207_168,"[[22, 11, 1, 12], [2, 15, 3, 16], [14, 3, 15, 4], [4, 13, 5, 14], [20, 18, 21, 17], [8, 6, 9, 5], [6, 19, 7, 20], [18, 7, 19, 8], [16, 9, 17, 10], [10, 21, 11, 22], [12, 1, 13, 2]]"
11a_207_169,"[[12, 1, 13, 2], [22, 11, 1, 12], [2, 15, 3, 16], [14, 3, 15, 4], [4, 13, 5, 14], [20, 18, 21, 17], [8, 6, 9, 5], [6, 19, 7, 20], [18, 7, 19, 8], [16, 9, 17, 10], [10, 21, 11, 22]]"
11a_207_170,"[[10, 21, 11, 22], [12, 1, 13, 2], [22, 11, 1, 12], [2, 15, 3, 16], [14, 3, 15, 4], [4, 13, 5, 14], [20, 18, 21, 17], [8, 6, 9, 5], [6, 19, 7, 20], [18, 7, 19, 8], [16, 9, 17, 10]]"
11a_207_171,"[[16, 9, 17, 10], [10, 21, 11, 22], [12, 1, 13, 2], [22, 11, 1, 12], [2, 15, 3, 16], [14, 3, 15, 4], [4, 13, 5, 14], [20, 18, 21, 17], [8, 6, 9, 5], [6, 19, 7, 20], [18, 7, 19, 8]]"
11a_207_172,"[[18, 7, 19, 8], [16, 9, 17, 10], [10, 21, 11, 22], [12, 1, 13, 2], [22, 11, 1, 12], [2, 15, 3, 16], [14, 3, 15, 4], [4, 13, 5, 14], [20, 18, 21, 17], [8, 6, 9, 5], [6, 19, 7, 20]]"
11a_207_173,"[[6, 19, 7, 20], [18, 7, 19, 8], [16, 9, 17, 10], [10, 21, 11, 22], [12, 1, 13, 2], [22, 11, 1, 12], [2, 15, 3, 16], [14, 3, 15, 4], [4, 13, 5, 14], [20, 18, 21, 17], [8, 6, 9, 5]]"
11a_207_174,"[[8, 6, 9, 5], [6, 19, 7, 20], [18, 7, 19, 8], [16, 9, 17, 10], [10, 21, 11, 22], [12, 1, 13, 2], [22, 11, 1, 12], [2, 15, 3, 16], [14, 3, 15, 4], [4, 13, 5, 14], [20, 18, 21, 17]]"
11a_207_175,"[[20, 18, 21, 17], [8, 6, 9, 5], [6, 19, 7, 20], [18, 7, 19, 8], [16, 9, 17, 10], [10, 21, 11, 22], [12, 1, 13, 2], [22, 11, 1, 12], [2, 15, 3, 16], [14, 3, 15, 4], [4, 13, 5, 14]]"
11a_207_176,"[[5, 14, 6, 15], [21, 19, 22, 18], [9, 7, 10, 6], [7, 20, 8, 21], [19, 8, 20, 9], [17, 10, 18, 11], [11, 22, 12, 1], [13, 2, 14, 3], [1, 12, 2, 13], [3, 16, 4, 17], [15, 4, 16, 5]]"
11a_207_177,"[[15, 4, 16, 5], [5, 14, 6, 15], [21, 19, 22, 18], [9, 7, 10, 6], [7, 20, 8, 21], [19, 8, 20, 9], [17, 10, 18, 11], [11, 22, 12, 1], [13, 2, 14, 3], [1, 12, 2, 13], [3, 16, 4, 17]]"
11a_207_178,"[[3, 16, 4, 17], [15, 4, 16, 5], [5, 14, 6, 15], [21, 19, 22, 18], [9, 7, 10, 6], [7, 20, 8, 21], [19, 8, 20, 9], [17, 10, 18, 11], [11, 22, 12, 1], [13, 2, 14, 3], [1, 12, 2, 13]]"
11a_207_179,"[[1, 12, 2, 13], [3, 16, 4, 17], [15, 4, 16, 5], [5, 14, 6, 15], [21, 19, 22, 18], [9, 7, 10, 6], [7, 20, 8, 21], [19, 8, 20, 9], [17, 10, 18, 11], [11, 22, 12, 1], [13, 2, 14, 3]]"
11a_207_180,"[[13, 2, 14, 3], [1, 12, 2, 13], [3, 16, 4, 17], [15, 4, 16, 5], [5, 14, 6, 15], [21, 19, 22, 18], [9, 7, 10, 6], [7, 20, 8, 21], [19, 8, 20, 9], [17, 10, 18, 11], [11, 22, 12, 1]]"
11a_207_181,"[[11, 22, 12, 1], [13, 2, 14, 3], [1, 12, 2, 13], [3, 16, 4, 17], [15, 4, 16, 5], [5, 14, 6, 15], [21, 19, 22, 18], [9, 7, 10, 6], [7, 20, 8, 21], [19, 8, 20, 9], [17, 10, 18, 11]]"
11a_207_182,"[[17, 10, 18, 11], [11, 22, 12, 1], [13, 2, 14, 3], [1, 12, 2, 13], [3, 16, 4, 17], [15, 4, 16, 5], [5, 14, 6, 15], [21, 19, 22, 18], [9, 7, 10, 6], [7, 20, 8, 21], [19, 8, 20, 9]]"
11a_207_183,"[[19, 8, 20, 9], [17, 10, 18, 11], [11, 22, 12, 1], [13, 2, 14, 3], [1, 12, 2, 13], [3, 16, 4, 17], [15, 4, 16, 5], [5, 14, 6, 15], [21, 19, 22, 18], [9, 7, 10, 6], [7, 20, 8, 21]]"
11a_207_184,"[[7, 20, 8, 21], [19, 8, 20, 9], [17, 10, 18, 11], [11, 22, 12, 1], [13, 2, 14, 3], [1, 12, 2, 13], [3, 16, 4, 17], [15, 4, 16, 5], [5, 14, 6, 15], [21, 19, 22, 18], [9, 7, 10, 6]]"
11a_207_185,"[[9, 7, 10, 6], [7, 20, 8, 21], [19, 8, 20, 9], [17, 10, 18, 11], [11, 22, 12, 1], [13, 2, 14, 3], [1, 12, 2, 13], [3, 16, 4, 17], [15, 4, 16, 5], [5, 14, 6, 15], [21, 19, 22, 18]]"
11a_207_186,"[[21, 19, 22, 18], [9, 7, 10, 6], [7, 20, 8, 21], [19, 8, 20, 9], [17, 10, 18, 11], [11, 22, 12, 1], [13, 2, 14, 3], [1, 12, 2, 13], [3, 16, 4, 17], [15, 4, 16, 5], [5, 14, 6, 15]]"
11a_207_187,"[[6, 15, 7, 16], [22, 20, 1, 19], [10, 8, 11, 7], [8, 21, 9, 22], [20, 9, 21, 10], [18, 11, 19, 12], [12, 1, 13, 2], [14, 3, 15, 4], [2, 13, 3, 14], [4, 17, 5, 18], [16, 5, 17, 6]]"
11a_207_188,"[[16, 5, 17, 6], [6, 15, 7, 16], [22, 20, 1, 19], [10, 8, 11, 7], [8, 21, 9, 22], [20, 9, 21, 10], [18, 11, 19, 12], [12, 1, 13, 2], [14, 3, 15, 4], [2, 13, 3, 14], [4, 17, 5, 18]]"
11a_207_189,"[[4, 17, 5, 18], [16, 5, 17, 6], [6, 15, 7, 16], [22, 20, 1, 19], [10, 8, 11, 7], [8, 21, 9, 22], [20, 9, 21, 10], [18, 11, 19, 12], [12, 1, 13, 2], [14, 3, 15, 4], [2, 13, 3, 14]]"
11a_207_190,"[[2, 13, 3, 14], [4, 17, 5, 18], [16, 5, 17, 6], [6, 15, 7, 16], [22, 20, 1, 19], [10, 8, 11, 7], [8, 21, 9, 22], [20, 9, 21, 10], [18, 11, 19, 12], [12, 1, 13, 2], [14, 3, 15, 4]]"
11a_207_191,"[[14, 3, 15, 4], [2, 13, 3, 14], [4, 17, 5, 18], [16, 5, 17, 6], [6, 15, 7, 16], [22, 20, 1, 19], [10, 8, 11, 7], [8, 21, 9, 22], [20, 9, 21, 10], [18, 11, 19, 12], [12, 1, 13, 2]]"
11a_207_192,"[[12, 1, 13, 2], [14, 3, 15, 4], [2, 13, 3, 14], [4, 17, 5, 18], [16, 5, 17, 6], [6, 15, 7, 16], [22, 20, 1, 19], [10, 8, 11, 7], [8, 21, 9, 22], [20, 9, 21, 10], [18, 11, 19, 12]]"
11a_207_193,"[[18, 11, 19, 12], [12, 1, 13, 2], [14, 3, 15, 4], [2, 13, 3, 14], [4, 17, 5, 18], [16, 5, 17, 6], [6, 15, 7, 16], [22, 20, 1, 19], [10, 8, 11, 7], [8, 21, 9, 22], [20, 9, 21, 10]]"
11a_207_194,"[[20, 9, 21, 10], [18, 11, 19, 12], [12, 1, 13, 2], [14, 3, 15, 4], [2, 13, 3, 14], [4, 17, 5, 18], [16, 5, 17, 6], [6, 15, 7, 16], [22, 20, 1, 19], [10, 8, 11, 7], [8, 21, 9, 22]]"
11a_207_195,"[[8, 21, 9, 22], [20, 9, 21, 10], [18, 11, 19, 12], [12, 1, 13, 2], [14, 3, 15, 4], [2, 13, 3, 14], [4, 17, 5, 18], [16, 5, 17, 6], [6, 15, 7, 16], [22, 20, 1, 19], [10, 8, 11, 7]]"
11a_207_196,"[[10, 8, 11, 7], [8, 21, 9, 22], [20, 9, 21, 10], [18, 11, 19, 12], [12, 1, 13, 2], [14, 3, 15, 4], [2, 13, 3, 14], [4, 17, 5, 18], [16, 5, 17, 6], [6, 15, 7, 16], [22, 20, 1, 19]]"
11a_207_197,"[[22, 20, 1, 19], [10, 8, 11, 7], [8, 21, 9, 22], [20, 9, 21, 10], [18, 11, 19, 12], [12, 1, 13, 2], [14, 3, 15, 4], [2, 13, 3, 14], [4, 17, 5, 18], [16, 5, 17, 6], [6, 15, 7, 16]]"
11a_207_198,"[[7, 16, 8, 17], [1, 21, 2, 20], [11, 9, 12, 8], [9, 22, 10, 1], [21, 10, 22, 11], [19, 12, 20, 13], [13, 2, 14, 3], [15, 4, 16, 5], [3, 14, 4, 15], [5, 18, 6, 19], [17, 6, 18, 7]]"
11a_207_199,"[[17, 6, 18, 7], [7, 16, 8, 17], [1, 21, 2, 20], [11, 9, 12, 8], [9, 22, 10, 1], [21, 10, 22, 11], [19, 12, 20, 13], [13, 2, 14, 3], [15, 4, 16, 5], [3, 14, 4, 15], [5, 18, 6, 19]]"
11a_207_200,"[[5, 18, 6, 19], [17, 6, 18, 7], [7, 16, 8, 17], [1, 21, 2, 20], [11, 9, 12, 8], [9, 22, 10, 1], [21, 10, 22, 11], [19, 12, 20, 13], [13, 2, 14, 3], [15, 4, 16, 5], [3, 14, 4, 15]]"
11a_207_201,"[[3, 14, 4, 15], [5, 18, 6, 19], [17, 6, 18, 7], [7, 16, 8, 17], [1, 21, 2, 20], [11, 9, 12, 8], [9, 22, 10, 1], [21, 10, 22, 11], [19, 12, 20, 13], [13, 2, 14, 3], [15, 4, 16, 5]]"
11a_207_202,"[[15, 4, 16, 5], [3, 14, 4, 15], [5, 18, 6, 19], [17, 6, 18, 7], [7, 16, 8, 17], [1, 21, 2, 20], [11, 9, 12, 8], [9, 22, 10, 1], [21, 10, 22, 11], [19, 12, 20, 13], [13, 2, 14, 3]]"
11a_207_203,"[[13, 2, 14, 3], [15, 4, 16, 5], [3, 14, 4, 15], [5, 18, 6, 19], [17, 6, 18, 7], [7, 16, 8, 17], [1, 21, 2, 20], [11, 9, 12, 8], [9, 22, 10, 1], [21, 10, 22, 11], [19, 12, 20, 13]]"
