name,pd_notation
11a_295_0,"[[9, 16, 10, 17], [7, 3, 8, 2], [11, 4, 12, 5], [1, 9, 2, 8], [21, 14, 22, 15], [13, 20, 14, 21], [15, 22, 16, 1], [19, 10, 20, 11], [17, 6, 18, 7], [5, 18, 6, 19], [3, 12, 4, 13]]"
11a_295_1,"[[3, 12, 4, 13], [9, 16, 10, 17], [7, 3, 8, 2], [11, 4, 12, 5], [1, 9, 2, 8], [21, 14, 22, 15], [13, 20, 14, 21], [15, 22, 16, 1], [19, 10, 20, 11], [17, 6, 18, 7], [5, 18, 6, 19]]"
11a_295_2,"[[5, 18, 6, 19], [3, 12, 4, 13], [9, 16, 10, 17], [7, 3, 8, 2], [11, 4, 12, 5], [1, 9, 2, 8], [21, 14, 22, 15], [13, 20, 14, 21], [15, 22, 16, 1], [19, 10, 20, 11], [17, 6, 18, 7]]"
11a_295_3,"[[17, 6, 18, 7], [5, 18, 6, 19], [3, 12, 4, 13], [9, 16, 10, 17], [7, 3, 8, 2], [11, 4, 12, 5], [1, 9, 2, 8], [21, 14, 22, 15], [13, 20, 14, 21], [15, 22, 16, 1], [19, 10, 20, 11]]"
11a_295_4,"[[19, 10, 20, 11], [17, 6, 18, 7], [5, 18, 6, 19], [3, 12, 4, 13], [9, 16, 10, 17], [7, 3, 8, 2], [11, 4, 12, 5], [1, 9, 2, 8], [21, 14, 22, 15], [13, 20, 14, 21], [15, 22, 16, 1]]"
11a_295_5,"[[15, 22, 16, 1], [19, 10, 20, 11], [17, 6, 18, 7], [5, 18, 6, 19], [3, 12, 4, 13], [9, 16, 10, 17], [7, 3, 8, 2], [11, 4, 12, 5], [1, 9, 2, 8], [21, 14, 22, 15], [13, 20, 14, 21]]"
11a_295_6,"[[13, 20, 14, 21], [15, 22, 16, 1], [19, 10, 20, 11], [17, 6, 18, 7], [5, 18, 6, 19], [3, 12, 4, 13], [9, 16, 10, 17], [7, 3, 8, 2], [11, 4, 12, 5], [1, 9, 2, 8], [21, 14, 22, 15]]"
11a_295_7,"[[21, 14, 22, 15], [13, 20, 14, 21], [15, 22, 16, 1], [19, 10, 20, 11], [17, 6, 18, 7], [5, 18, 6, 19], [3, 12, 4, 13], [9, 16, 10, 17], [7, 3, 8, 2], [11, 4, 12, 5], [1, 9, 2, 8]]"
11a_295_8,"[[1, 9, 2, 8], [21, 14, 22, 15], [13, 20, 14, 21], [15, 22, 16, 1], [19, 10, 20, 11], [17, 6, 18, 7], [5, 18, 6, 19], [3, 12, 4, 13], [9, 16, 10, 17], [7, 3, 8, 2], [11, 4, 12, 5]]"
11a_295_9,"[[11, 4, 12, 5], [1, 9, 2, 8], [21, 14, 22, 15], [13, 20, 14, 21], [15, 22, 16, 1], [19, 10, 20, 11], [17, 6, 18, 7], [5, 18, 6, 19], [3, 12, 4, 13], [9, 16, 10, 17], [7, 3, 8, 2]]"
11a_295_10,"[[7, 3, 8, 2], [11, 4, 12, 5], [1, 9, 2, 8], [21, 14, 22, 15], [13, 20, 14, 21], [15, 22, 16, 1], [19, 10, 20, 11], [17, 6, 18, 7], [5, 18, 6, 19], [3, 12, 4, 13], [9, 16, 10, 17]]"
11a_295_11,"[[10, 17, 11, 18], [8, 4, 9, 3], [12, 5, 13, 6], [2, 10, 3, 9], [22, 15, 1, 16], [14, 21, 15, 22], [16, 1, 17, 2], [20, 11, 21, 12], [18, 7, 19, 8], [6, 19, 7, 20], [4, 13, 5, 14]]"
11a_295_12,"[[4, 13, 5, 14], [10, 17, 11, 18], [8, 4, 9, 3], [12, 5, 13, 6], [2, 10, 3, 9], [22, 15, 1, 16], [14, 21, 15, 22], [16, 1, 17, 2], [20, 11, 21, 12], [18, 7, 19, 8], [6, 19, 7, 20]]"
11a_295_13,"[[6, 19, 7, 20], [4, 13, 5, 14], [10, 17, 11, 18], [8, 4, 9, 3], [12, 5, 13, 6], [2, 10, 3, 9], [22, 15, 1, 16], [14, 21, 15, 22], [16, 1, 17, 2], [20, 11, 21, 12], [18, 7, 19, 8]]"
11a_295_14,"[[18, 7, 19, 8], [6, 19, 7, 20], [4, 13, 5, 14], [10, 17, 11, 18], [8, 4, 9, 3], [12, 5, 13, 6], [2, 10, 3, 9], [22, 15, 1, 16], [14, 21, 15, 22], [16, 1, 17, 2], [20, 11, 21, 12]]"
11a_295_15,"[[20, 11, 21, 12], [18, 7, 19, 8], [6, 19, 7, 20], [4, 13, 5, 14], [10, 17, 11, 18], [8, 4, 9, 3], [12, 5, 13, 6], [2, 10, 3, 9], [22, 15, 1, 16], [14, 21, 15, 22], [16, 1, 17, 2]]"
11a_295_16,"[[16, 1, 17, 2], [20, 11, 21, 12], [18, 7, 19, 8], [6, 19, 7, 20], [4, 13, 5, 14], [10, 17, 11, 18], [8, 4, 9, 3], [12, 5, 13, 6], [2, 10, 3, 9], [22, 15, 1, 16], [14, 21, 15, 22]]"
11a_295_17,"[[14, 21, 15, 22], [16, 1, 17, 2], [20, 11, 21, 12], [18, 7, 19, 8], [6, 19, 7, 20], [4, 13, 5, 14], [10, 17, 11, 18], [8, 4, 9, 3], [12, 5, 13, 6], [2, 10, 3, 9], [22, 15, 1, 16]]"
11a_295_18,"[[22, 15, 1, 16], [14, 21, 15, 22], [16, 1, 17, 2], [20, 11, 21, 12], [18, 7, 19, 8], [6, 19, 7, 20], [4, 13, 5, 14], [10, 17, 11, 18], [8, 4, 9, 3], [12, 5, 13, 6], [2, 10, 3, 9]]"
11a_295_19,"[[2, 10, 3, 9], [22, 15, 1, 16], [14, 21, 15, 22], [16, 1, 17, 2], [20, 11, 21, 12], [18, 7, 19, 8], [6, 19, 7, 20], [4, 13, 5, 14], [10, 17, 11, 18], [8, 4, 9, 3], [12, 5, 13, 6]]"
11a_295_20,"[[12, 5, 13, 6], [2, 10, 3, 9], [22, 15, 1, 16], [14, 21, 15, 22], [16, 1, 17, 2], [20, 11, 21, 12], [18, 7, 19, 8], [6, 19, 7, 20], [4, 13, 5, 14], [10, 17, 11, 18], [8, 4, 9, 3]]"
11a_295_21,"[[8, 4, 9, 3], [12, 5, 13, 6], [2, 10, 3, 9], [22, 15, 1, 16], [14, 21, 15, 22], [16, 1, 17, 2], [20, 11, 21, 12], [18, 7, 19, 8], [6, 19, 7, 20], [4, 13, 5, 14], [10, 17, 11, 18]]"
11a_295_22,"[[11, 18, 12, 19], [9, 5, 10, 4], [13, 6, 14, 7], [3, 11, 4, 10], [1, 16, 2, 17], [15, 22, 16, 1], [17, 2, 18, 3], [21, 12, 22, 13], [19, 8, 20, 9], [7, 20, 8, 21], [5, 14, 6, 15]]"
11a_295_23,"[[5, 14, 6, 15], [11, 18, 12, 19], [9, 5, 10, 4], [13, 6, 14, 7], [3, 11, 4, 10], [1, 16, 2, 17], [15, 22, 16, 1], [17, 2, 18, 3], [21, 12, 22, 13], [19, 8, 20, 9], [7, 20, 8, 21]]"
11a_295_24,"[[7, 20, 8, 21], [5, 14, 6, 15], [11, 18, 12, 19], [9, 5, 10, 4], [13, 6, 14, 7], [3, 11, 4, 10], [1, 16, 2, 17], [15, 22, 16, 1], [17, 2, 18, 3], [21, 12, 22, 13], [19, 8, 20, 9]]"
11a_295_25,"[[19, 8, 20, 9], [7, 20, 8, 21], [5, 14, 6, 15], [11, 18, 12, 19], [9, 5, 10, 4], [13, 6, 14, 7], [3, 11, 4, 10], [1, 16, 2, 17], [15, 22, 16, 1], [17, 2, 18, 3], [21, 12, 22, 13]]"
11a_295_26,"[[21, 12, 22, 13], [19, 8, 20, 9], [7, 20, 8, 21], [5, 14, 6, 15], [11, 18, 12, 19], [9, 5, 10, 4], [13, 6, 14, 7], [3, 11, 4, 10], [1, 16, 2, 17], [15, 22, 16, 1], [17, 2, 18, 3]]"
11a_295_27,"[[17, 2, 18, 3], [21, 12, 22, 13], [19, 8, 20, 9], [7, 20, 8, 21], [5, 14, 6, 15], [11, 18, 12, 19], [9, 5, 10, 4], [13, 6, 14, 7], [3, 11, 4, 10], [1, 16, 2, 17], [15, 22, 16, 1]]"
11a_295_28,"[[15, 22, 16, 1], [17, 2, 18, 3], [21, 12, 22, 13], [19, 8, 20, 9], [7, 20, 8, 21], [5, 14, 6, 15], [11, 18, 12, 19], [9, 5, 10, 4], [13, 6, 14, 7], [3, 11, 4, 10], [1, 16, 2, 17]]"
11a_295_29,"[[1, 16, 2, 17], [15, 22, 16, 1], [17, 2, 18, 3], [21, 12, 22, 13], [19, 8, 20, 9], [7, 20, 8, 21], [5, 14, 6, 15], [11, 18, 12, 19], [9, 5, 10, 4], [13, 6, 14, 7], [3, 11, 4, 10]]"
11a_295_30,"[[3, 11, 4, 10], [1, 16, 2, 17], [15, 22, 16, 1], [17, 2, 18, 3], [21, 12, 22, 13], [19, 8, 20, 9], [7, 20, 8, 21], [5, 14, 6, 15], [11, 18, 12, 19], [9, 5, 10, 4], [13, 6, 14, 7]]"
11a_295_31,"[[13, 6, 14, 7], [3, 11, 4, 10], [1, 16, 2, 17], [15, 22, 16, 1], [17, 2, 18, 3], [21, 12, 22, 13], [19, 8, 20, 9], [7, 20, 8, 21], [5, 14, 6, 15], [11, 18, 12, 19], [9, 5, 10, 4]]"
11a_295_32,"[[9, 5, 10, 4], [13, 6, 14, 7], [3, 11, 4, 10], [1, 16, 2, 17], [15, 22, 16, 1], [17, 2, 18, 3], [21, 12, 22, 13], [19, 8, 20, 9], [7, 20, 8, 21], [5, 14, 6, 15], [11, 18, 12, 19]]"
11a_295_33,"[[12, 19, 13, 20], [10, 6, 11, 5], [14, 7, 15, 8], [4, 12, 5, 11], [2, 17, 3, 18], [16, 1, 17, 2], [18, 3, 19, 4], [22, 13, 1, 14], [20, 9, 21, 10], [8, 21, 9, 22], [6, 15, 7, 16]]"
11a_295_34,"[[6, 15, 7, 16], [12, 19, 13, 20], [10, 6, 11, 5], [14, 7, 15, 8], [4, 12, 5, 11], [2, 17, 3, 18], [16, 1, 17, 2], [18, 3, 19, 4], [22, 13, 1, 14], [20, 9, 21, 10], [8, 21, 9, 22]]"
11a_295_35,"[[8, 21, 9, 22], [6, 15, 7, 16], [12, 19, 13, 20], [10, 6, 11, 5], [14, 7, 15, 8], [4, 12, 5, 11], [2, 17, 3, 18], [16, 1, 17, 2], [18, 3, 19, 4], [22, 13, 1, 14], [20, 9, 21, 10]]"
11a_295_36,"[[20, 9, 21, 10], [8, 21, 9, 22], [6, 15, 7, 16], [12, 19, 13, 20], [10, 6, 11, 5], [14, 7, 15, 8], [4, 12, 5, 11], [2, 17, 3, 18], [16, 1, 17, 2], [18, 3, 19, 4], [22, 13, 1, 14]]"
11a_295_37,"[[22, 13, 1, 14], [20, 9, 21, 10], [8, 21, 9, 22], [6, 15, 7, 16], [12, 19, 13, 20], [10, 6, 11, 5], [14, 7, 15, 8], [4, 12, 5, 11], [2, 17, 3, 18], [16, 1, 17, 2], [18, 3, 19, 4]]"
11a_295_38,"[[18, 3, 19, 4], [22, 13, 1, 14], [20, 9, 21, 10], [8, 21, 9, 22], [6, 15, 7, 16], [12, 19, 13, 20], [10, 6, 11, 5], [14, 7, 15, 8], [4, 12, 5, 11], [2, 17, 3, 18], [16, 1, 17, 2]]"
11a_295_39,"[[16, 1, 17, 2], [18, 3, 19, 4], [22, 13, 1, 14], [20, 9, 21, 10], [8, 21, 9, 22], [6, 15, 7, 16], [12, 19, 13, 20], [10, 6, 11, 5], [14, 7, 15, 8], [4, 12, 5, 11], [2, 17, 3, 18]]"
11a_295_40,"[[2, 17, 3, 18], [16, 1, 17, 2], [18, 3, 19, 4], [22, 13, 1, 14], [20, 9, 21, 10], [8, 21, 9, 22], [6, 15, 7, 16], [12, 19, 13, 20], [10, 6, 11, 5], [14, 7, 15, 8], [4, 12, 5, 11]]"
11a_295_41,"[[4, 12, 5, 11], [2, 17, 3, 18], [16, 1, 17, 2], [18, 3, 19, 4], [22, 13, 1, 14], [20, 9, 21, 10], [8, 21, 9, 22], [6, 15, 7, 16], [12, 19, 13, 20], [10, 6, 11, 5], [14, 7, 15, 8]]"
11a_295_42,"[[14, 7, 15, 8], [4, 12, 5, 11], [2, 17, 3, 18], [16, 1, 17, 2], [18, 3, 19, 4], [22, 13, 1, 14], [20, 9, 21, 10], [8, 21, 9, 22], [6, 15, 7, 16], [12, 19, 13, 20], [10, 6, 11, 5]]"
11a_295_43,"[[10, 6, 11, 5], [14, 7, 15, 8], [4, 12, 5, 11], [2, 17, 3, 18], [16, 1, 17, 2], [18, 3, 19, 4], [22, 13, 1, 14], [20, 9, 21, 10], [8, 21, 9, 22], [6, 15, 7, 16], [12, 19, 13, 20]]"
11a_295_44,"[[13, 20, 14, 21], [11, 7, 12, 6], [15, 8, 16, 9], [5, 13, 6, 12], [3, 18, 4, 19], [17, 2, 18, 3], [19, 4, 20, 5], [1, 14, 2, 15], [21, 10, 22, 11], [9, 22, 10, 1], [7, 16, 8, 17]]"
11a_295_45,"[[7, 16, 8, 17], [13, 20, 14, 21], [11, 7, 12, 6], [15, 8, 16, 9], [5, 13, 6, 12], [3, 18, 4, 19], [17, 2, 18, 3], [19, 4, 20, 5], [1, 14, 2, 15], [21, 10, 22, 11], [9, 22, 10, 1]]"
11a_295_46,"[[9, 22, 10, 1], [7, 16, 8, 17], [13, 20, 14, 21], [11, 7, 12, 6], [15, 8, 16, 9], [5, 13, 6, 12], [3, 18, 4, 19], [17, 2, 18, 3], [19, 4, 20, 5], [1, 14, 2, 15], [21, 10, 22, 11]]"
11a_295_47,"[[21, 10, 22, 11], [9, 22, 10, 1], [7, 16, 8, 17], [13, 20, 14, 21], [11, 7, 12, 6], [15, 8, 16, 9], [5, 13, 6, 12], [3, 18, 4, 19], [17, 2, 18, 3], [19, 4, 20, 5], [1, 14, 2, 15]]"
11a_295_48,"[[1, 14, 2, 15], [21, 10, 22, 11], [9, 22, 10, 1], [7, 16, 8, 17], [13, 20, 14, 21], [11, 7, 12, 6], [15, 8, 16, 9], [5, 13, 6, 12], [3, 18, 4, 19], [17, 2, 18, 3], [19, 4, 20, 5]]"
11a_295_49,"[[19, 4, 20, 5], [1, 14, 2, 15], [21, 10, 22, 11], [9, 22, 10, 1], [7, 16, 8, 17], [13, 20, 14, 21], [11, 7, 12, 6], [15, 8, 16, 9], [5, 13, 6, 12], [3, 18, 4, 19], [17, 2, 18, 3]]"
11a_295_50,"[[17, 2, 18, 3], [19, 4, 20, 5], [1, 14, 2, 15], [21, 10, 22, 11], [9, 22, 10, 1], [7, 16, 8, 17], [13, 20, 14, 21], [11, 7, 12, 6], [15, 8, 16, 9], [5, 13, 6, 12], [3, 18, 4, 19]]"
11a_295_51,"[[3, 18, 4, 19], [17, 2, 18, 3], [19, 4, 20, 5], [1, 14, 2, 15], [21, 10, 22, 11], [9, 22, 10, 1], [7, 16, 8, 17], [13, 20, 14, 21], [11, 7, 12, 6], [15, 8, 16, 9], [5, 13, 6, 12]]"
11a_295_52,"[[5, 13, 6, 12], [3, 18, 4, 19], [17, 2, 18, 3], [19, 4, 20, 5], [1, 14, 2, 15], [21, 10, 22, 11], [9, 22, 10, 1], [7, 16, 8, 17], [13, 20, 14, 21], [11, 7, 12, 6], [15, 8, 16, 9]]"
11a_295_53,"[[15, 8, 16, 9], [5, 13, 6, 12], [3, 18, 4, 19], [17, 2, 18, 3], [19, 4, 20, 5], [1, 14, 2, 15], [21, 10, 22, 11], [9, 22, 10, 1], [7, 16, 8, 17], [13, 20, 14, 21], [11, 7, 12, 6]]"
11a_295_54,"[[11, 7, 12, 6], [15, 8, 16, 9], [5, 13, 6, 12], [3, 18, 4, 19], [17, 2, 18, 3], [19, 4, 20, 5], [1, 14, 2, 15], [21, 10, 22, 11], [9, 22, 10, 1], [7, 16, 8, 17], [13, 20, 14, 21]]"
11a_295_55,"[[14, 21, 15, 22], [12, 8, 13, 7], [16, 9, 17, 10], [6, 14, 7, 13], [4, 19, 5, 20], [18, 3, 19, 4], [20, 5, 21, 6], [2, 15, 3, 16], [22, 11, 1, 12], [10, 1, 11, 2], [8, 17, 9, 18]]"
11a_295_56,"[[8, 17, 9, 18], [14, 21, 15, 22], [12, 8, 13, 7], [16, 9, 17, 10], [6, 14, 7, 13], [4, 19, 5, 20], [18, 3, 19, 4], [20, 5, 21, 6], [2, 15, 3, 16], [22, 11, 1, 12], [10, 1, 11, 2]]"
11a_295_57,"[[10, 1, 11, 2], [8, 17, 9, 18], [14, 21, 15, 22], [12, 8, 13, 7], [16, 9, 17, 10], [6, 14, 7, 13], [4, 19, 5, 20], [18, 3, 19, 4], [20, 5, 21, 6], [2, 15, 3, 16], [22, 11, 1, 12]]"
11a_295_58,"[[22, 11, 1, 12], [10, 1, 11, 2], [8, 17, 9, 18], [14, 21, 15, 22], [12, 8, 13, 7], [16, 9, 17, 10], [6, 14, 7, 13], [4, 19, 5, 20], [18, 3, 19, 4], [20, 5, 21, 6], [2, 15, 3, 16]]"
11a_295_59,"[[2, 15, 3, 16], [22, 11, 1, 12], [10, 1, 11, 2], [8, 17, 9, 18], [14, 21, 15, 22], [12, 8, 13, 7], [16, 9, 17, 10], [6, 14, 7, 13], [4, 19, 5, 20], [18, 3, 19, 4], [20, 5, 21, 6]]"
11a_295_60,"[[20, 5, 21, 6], [2, 15, 3, 16], [22, 11, 1, 12], [10, 1, 11, 2], [8, 17, 9, 18], [14, 21, 15, 22], [12, 8, 13, 7], [16, 9, 17, 10], [6, 14, 7, 13], [4, 19, 5, 20], [18, 3, 19, 4]]"
11a_295_61,"[[18, 3, 19, 4], [20, 5, 21, 6], [2, 15, 3, 16], [22, 11, 1, 12], [10, 1, 11, 2], [8, 17, 9, 18], [14, 21, 15, 22], [12, 8, 13, 7], [16, 9, 17, 10], [6, 14, 7, 13], [4, 19, 5, 20]]"
11a_295_62,"[[4, 19, 5, 20], [18, 3, 19, 4], [20, 5, 21, 6], [2, 15, 3, 16], [22, 11, 1, 12], [10, 1, 11, 2], [8, 17, 9, 18], [14, 21, 15, 22], [12, 8, 13, 7], [16, 9, 17, 10], [6, 14, 7, 13]]"
11a_295_63,"[[6, 14, 7, 13], [4, 19, 5, 20], [18, 3, 19, 4], [20, 5, 21, 6], [2, 15, 3, 16], [22, 11, 1, 12], [10, 1, 11, 2], [8, 17, 9, 18], [14, 21, 15, 22], [12, 8, 13, 7], [16, 9, 17, 10]]"
11a_295_64,"[[16, 9, 17, 10], [6, 14, 7, 13], [4, 19, 5, 20], [18, 3, 19, 4], [20, 5, 21, 6], [2, 15, 3, 16], [22, 11, 1, 12], [10, 1, 11, 2], [8, 17, 9, 18], [14, 21, 15, 22], [12, 8, 13, 7]]"
11a_295_65,"[[12, 8, 13, 7], [16, 9, 17, 10], [6, 14, 7, 13], [4, 19, 5, 20], [18, 3, 19, 4], [20, 5, 21, 6], [2, 15, 3, 16], [22, 11, 1, 12], [10, 1, 11, 2], [8, 17, 9, 18], [14, 21, 15, 22]]"
11a_295_66,"[[15, 22, 16, 1], [13, 9, 14, 8], [17, 10, 18, 11], [7, 15, 8, 14], [5, 20, 6, 21], [19, 4, 20, 5], [21, 6, 22, 7], [3, 16, 4, 17], [1, 12, 2, 13], [11, 2, 12, 3], [9, 18, 10, 19]]"
11a_295_67,"[[9, 18, 10, 19], [15, 22, 16, 1], [13, 9, 14, 8], [17, 10, 18, 11], [7, 15, 8, 14], [5, 20, 6, 21], [19, 4, 20, 5], [21, 6, 22, 7], [3, 16, 4, 17], [1, 12, 2, 13], [11, 2, 12, 3]]"
11a_295_68,"[[11, 2, 12, 3], [9, 18, 10, 19], [15, 22, 16, 1], [13, 9, 14, 8], [17, 10, 18, 11], [7, 15, 8, 14], [5, 20, 6, 21], [19, 4, 20, 5], [21, 6, 22, 7], [3, 16, 4, 17], [1, 12, 2, 13]]"
11a_295_69,"[[1, 12, 2, 13], [11, 2, 12, 3], [9, 18, 10, 19], [15, 22, 16, 1], [13, 9, 14, 8], [17, 10, 18, 11], [7, 15, 8, 14], [5, 20, 6, 21], [19, 4, 20, 5], [21, 6, 22, 7], [3, 16, 4, 17]]"
11a_295_70,"[[3, 16, 4, 17], [1, 12, 2, 13], [11, 2, 12, 3], [9, 18, 10, 19], [15, 22, 16, 1], [13, 9, 14, 8], [17, 10, 18, 11], [7, 15, 8, 14], [5, 20, 6, 21], [19, 4, 20, 5], [21, 6, 22, 7]]"
11a_295_71,"[[21, 6, 22, 7], [3, 16, 4, 17], [1, 12, 2, 13], [11, 2, 12, 3], [9, 18, 10, 19], [15, 22, 16, 1], [13, 9, 14, 8], [17, 10, 18, 11], [7, 15, 8, 14], [5, 20, 6, 21], [19, 4, 20, 5]]"
11a_295_72,"[[19, 4, 20, 5], [21, 6, 22, 7], [3, 16, 4, 17], [1, 12, 2, 13], [11, 2, 12, 3], [9, 18, 10, 19], [15, 22, 16, 1], [13, 9, 14, 8], [17, 10, 18, 11], [7, 15, 8, 14], [5, 20, 6, 21]]"
11a_295_73,"[[5, 20, 6, 21], [19, 4, 20, 5], [21, 6, 22, 7], [3, 16, 4, 17], [1, 12, 2, 13], [11, 2, 12, 3], [9, 18, 10, 19], [15, 22, 16, 1], [13, 9, 14, 8], [17, 10, 18, 11], [7, 15, 8, 14]]"
11a_295_74,"[[7, 15, 8, 14], [5, 20, 6, 21], [19, 4, 20, 5], [21, 6, 22, 7], [3, 16, 4, 17], [1, 12, 2, 13], [11, 2, 12, 3], [9, 18, 10, 19], [15, 22, 16, 1], [13, 9, 14, 8], [17, 10, 18, 11]]"
11a_295_75,"[[17, 10, 18, 11], [7, 15, 8, 14], [5, 20, 6, 21], [19, 4, 20, 5], [21, 6, 22, 7], [3, 16, 4, 17], [1, 12, 2, 13], [11, 2, 12, 3], [9, 18, 10, 19], [15, 22, 16, 1], [13, 9, 14, 8]]"
11a_295_76,"[[13, 9, 14, 8], [17, 10, 18, 11], [7, 15, 8, 14], [5, 20, 6, 21], [19, 4, 20, 5], [21, 6, 22, 7], [3, 16, 4, 17], [1, 12, 2, 13], [11, 2, 12, 3], [9, 18, 10, 19], [15, 22, 16, 1]]"
11a_295_77,"[[16, 1, 17, 2], [14, 10, 15, 9], [18, 11, 19, 12], [8, 16, 9, 15], [6, 21, 7, 22], [20, 5, 21, 6], [22, 7, 1, 8], [4, 17, 5, 18], [2, 13, 3, 14], [12, 3, 13, 4], [10, 19, 11, 20]]"
11a_295_78,"[[10, 19, 11, 20], [16, 1, 17, 2], [14, 10, 15, 9], [18, 11, 19, 12], [8, 16, 9, 15], [6, 21, 7, 22], [20, 5, 21, 6], [22, 7, 1, 8], [4, 17, 5, 18], [2, 13, 3, 14], [12, 3, 13, 4]]"
11a_295_79,"[[12, 3, 13, 4], [10, 19, 11, 20], [16, 1, 17, 2], [14, 10, 15, 9], [18, 11, 19, 12], [8, 16, 9, 15], [6, 21, 7, 22], [20, 5, 21, 6], [22, 7, 1, 8], [4, 17, 5, 18], [2, 13, 3, 14]]"
11a_295_80,"[[2, 13, 3, 14], [12, 3, 13, 4], [10, 19, 11, 20], [16, 1, 17, 2], [14, 10, 15, 9], [18, 11, 19, 12], [8, 16, 9, 15], [6, 21, 7, 22], [20, 5, 21, 6], [22, 7, 1, 8], [4, 17, 5, 18]]"
11a_295_81,"[[4, 17, 5, 18], [2, 13, 3, 14], [12, 3, 13, 4], [10, 19, 11, 20], [16, 1, 17, 2], [14, 10, 15, 9], [18, 11, 19, 12], [8, 16, 9, 15], [6, 21, 7, 22], [20, 5, 21, 6], [22, 7, 1, 8]]"
11a_295_82,"[[22, 7, 1, 8], [4, 17, 5, 18], [2, 13, 3, 14], [12, 3, 13, 4], [10, 19, 11, 20], [16, 1, 17, 2], [14, 10, 15, 9], [18, 11, 19, 12], [8, 16, 9, 15], [6, 21, 7, 22], [20, 5, 21, 6]]"
11a_295_83,"[[20, 5, 21, 6], [22, 7, 1, 8], [4, 17, 5, 18], [2, 13, 3, 14], [12, 3, 13, 4], [10, 19, 11, 20], [16, 1, 17, 2], [14, 10, 15, 9], [18, 11, 19, 12], [8, 16, 9, 15], [6, 21, 7, 22]]"
11a_295_84,"[[6, 21, 7, 22], [20, 5, 21, 6], [22, 7, 1, 8], [4, 17, 5, 18], [2, 13, 3, 14], [12, 3, 13, 4], [10, 19, 11, 20], [16, 1, 17, 2], [14, 10, 15, 9], [18, 11, 19, 12], [8, 16, 9, 15]]"
11a_295_85,"[[8, 16, 9, 15], [6, 21, 7, 22], [20, 5, 21, 6], [22, 7, 1, 8], [4, 17, 5, 18], [2, 13, 3, 14], [12, 3, 13, 4], [10, 19, 11, 20], [16, 1, 17, 2], [14, 10, 15, 9], [18, 11, 19, 12]]"
11a_295_86,"[[18, 11, 19, 12], [8, 16, 9, 15], [6, 21, 7, 22], [20, 5, 21, 6], [22, 7, 1, 8], [4, 17, 5, 18], [2, 13, 3, 14], [12, 3, 13, 4], [10, 19, 11, 20], [16, 1, 17, 2], [14, 10, 15, 9]]"
11a_295_87,"[[14, 10, 15, 9], [18, 11, 19, 12], [8, 16, 9, 15], [6, 21, 7, 22], [20, 5, 21, 6], [22, 7, 1, 8], [4, 17, 5, 18], [2, 13, 3, 14], [12, 3, 13, 4], [10, 19, 11, 20], [16, 1, 17, 2]]"
11a_295_88,"[[17, 2, 18, 3], [15, 11, 16, 10], [19, 12, 20, 13], [9, 17, 10, 16], [7, 22, 8, 1], [21, 6, 22, 7], [1, 8, 2, 9], [5, 18, 6, 19], [3, 14, 4, 15], [13, 4, 14, 5], [11, 20, 12, 21]]"
11a_295_89,"[[11, 20, 12, 21], [17, 2, 18, 3], [15, 11, 16, 10], [19, 12, 20, 13], [9, 17, 10, 16], [7, 22, 8, 1], [21, 6, 22, 7], [1, 8, 2, 9], [5, 18, 6, 19], [3, 14, 4, 15], [13, 4, 14, 5]]"
11a_295_90,"[[13, 4, 14, 5], [11, 20, 12, 21], [17, 2, 18, 3], [15, 11, 16, 10], [19, 12, 20, 13], [9, 17, 10, 16], [7, 22, 8, 1], [21, 6, 22, 7], [1, 8, 2, 9], [5, 18, 6, 19], [3, 14, 4, 15]]"
11a_295_91,"[[3, 14, 4, 15], [13, 4, 14, 5], [11, 20, 12, 21], [17, 2, 18, 3], [15, 11, 16, 10], [19, 12, 20, 13], [9, 17, 10, 16], [7, 22, 8, 1], [21, 6, 22, 7], [1, 8, 2, 9], [5, 18, 6, 19]]"
11a_295_92,"[[5, 18, 6, 19], [3, 14, 4, 15], [13, 4, 14, 5], [11, 20, 12, 21], [17, 2, 18, 3], [15, 11, 16, 10], [19, 12, 20, 13], [9, 17, 10, 16], [7, 22, 8, 1], [21, 6, 22, 7], [1, 8, 2, 9]]"
11a_295_93,"[[1, 8, 2, 9], [5, 18, 6, 19], [3, 14, 4, 15], [13, 4, 14, 5], [11, 20, 12, 21], [17, 2, 18, 3], [15, 11, 16, 10], [19, 12, 20, 13], [9, 17, 10, 16], [7, 22, 8, 1], [21, 6, 22, 7]]"
11a_295_94,"[[21, 6, 22, 7], [1, 8, 2, 9], [5, 18, 6, 19], [3, 14, 4, 15], [13, 4, 14, 5], [11, 20, 12, 21], [17, 2, 18, 3], [15, 11, 16, 10], [19, 12, 20, 13], [9, 17, 10, 16], [7, 22, 8, 1]]"
11a_295_95,"[[7, 22, 8, 1], [21, 6, 22, 7], [1, 8, 2, 9], [5, 18, 6, 19], [3, 14, 4, 15], [13, 4, 14, 5], [11, 20, 12, 21], [17, 2, 18, 3], [15, 11, 16, 10], [19, 12, 20, 13], [9, 17, 10, 16]]"
11a_295_96,"[[9, 17, 10, 16], [7, 22, 8, 1], [21, 6, 22, 7], [1, 8, 2, 9], [5, 18, 6, 19], [3, 14, 4, 15], [13, 4, 14, 5], [11, 20, 12, 21], [17, 2, 18, 3], [15, 11, 16, 10], [19, 12, 20, 13]]"
11a_295_97,"[[19, 12, 20, 13], [9, 17, 10, 16], [7, 22, 8, 1], [21, 6, 22, 7], [1, 8, 2, 9], [5, 18, 6, 19], [3, 14, 4, 15], [13, 4, 14, 5], [11, 20, 12, 21], [17, 2, 18, 3], [15, 11, 16, 10]]"
11a_295_98,"[[15, 11, 16, 10], [19, 12, 20, 13], [9, 17, 10, 16], [7, 22, 8, 1], [21, 6, 22, 7], [1, 8, 2, 9], [5, 18, 6, 19], [3, 14, 4, 15], [13, 4, 14, 5], [11, 20, 12, 21], [17, 2, 18, 3]]"
11a_295_99,"[[18, 3, 19, 4], [16, 12, 17, 11], [20, 13, 21, 14], [10, 18, 11, 17], [8, 1, 9, 2], [22, 7, 1, 8], [2, 9, 3, 10], [6, 19, 7, 20], [4, 15, 5, 16], [14, 5, 15, 6], [12, 21, 13, 22]]"
11a_295_100,"[[12, 21, 13, 22], [18, 3, 19, 4], [16, 12, 17, 11], [20, 13, 21, 14], [10, 18, 11, 17], [8, 1, 9, 2], [22, 7, 1, 8], [2, 9, 3, 10], [6, 19, 7, 20], [4, 15, 5, 16], [14, 5, 15, 6]]"
11a_295_101,"[[14, 5, 15, 6], [12, 21, 13, 22], [18, 3, 19, 4], [16, 12, 17, 11], [20, 13, 21, 14], [10, 18, 11, 17], [8, 1, 9, 2], [22, 7, 1, 8], [2, 9, 3, 10], [6, 19, 7, 20], [4, 15, 5, 16]]"
11a_295_102,"[[4, 15, 5, 16], [14, 5, 15, 6], [12, 21, 13, 22], [18, 3, 19, 4], [16, 12, 17, 11], [20, 13, 21, 14], [10, 18, 11, 17], [8, 1, 9, 2], [22, 7, 1, 8], [2, 9, 3, 10], [6, 19, 7, 20]]"
11a_295_103,"[[6, 19, 7, 20], [4, 15, 5, 16], [14, 5, 15, 6], [12, 21, 13, 22], [18, 3, 19, 4], [16, 12, 17, 11], [20, 13, 21, 14], [10, 18, 11, 17], [8, 1, 9, 2], [22, 7, 1, 8], [2, 9, 3, 10]]"
11a_295_104,"[[2, 9, 3, 10], [6, 19, 7, 20], [4, 15, 5, 16], [14, 5, 15, 6], [12, 21, 13, 22], [18, 3, 19, 4], [16, 12, 17, 11], [20, 13, 21, 14], [10, 18, 11, 17], [8, 1, 9, 2], [22, 7, 1, 8]]"
11a_295_105,"[[22, 7, 1, 8], [2, 9, 3, 10], [6, 19, 7, 20], [4, 15, 5, 16], [14, 5, 15, 6], [12, 21, 13, 22], [18, 3, 19, 4], [16, 12, 17, 11], [20, 13, 21, 14], [10, 18, 11, 17], [8, 1, 9, 2]]"
11a_295_106,"[[8, 1, 9, 2], [22, 7, 1, 8], [2, 9, 3, 10], [6, 19, 7, 20], [4, 15, 5, 16], [14, 5, 15, 6], [12, 21, 13, 22], [18, 3, 19, 4], [16, 12, 17, 11], [20, 13, 21, 14], [10, 18, 11, 17]]"
11a_295_107,"[[10, 18, 11, 17], [8, 1, 9, 2], [22, 7, 1, 8], [2, 9, 3, 10], [6, 19, 7, 20], [4, 15, 5, 16], [14, 5, 15, 6], [12, 21, 13, 22], [18, 3, 19, 4], [16, 12, 17, 11], [20, 13, 21, 14]]"
11a_295_108,"[[20, 13, 21, 14], [10, 18, 11, 17], [8, 1, 9, 2], [22, 7, 1, 8], [2, 9, 3, 10], [6, 19, 7, 20], [4, 15, 5, 16], [14, 5, 15, 6], [12, 21, 13, 22], [18, 3, 19, 4], [16, 12, 17, 11]]"
11a_295_109,"[[16, 12, 17, 11], [20, 13, 21, 14], [10, 18, 11, 17], [8, 1, 9, 2], [22, 7, 1, 8], [2, 9, 3, 10], [6, 19, 7, 20], [4, 15, 5, 16], [14, 5, 15, 6], [12, 21, 13, 22], [18, 3, 19, 4]]"
11a_295_110,"[[19, 4, 20, 5], [17, 13, 18, 12], [21, 14, 22, 15], [11, 19, 12, 18], [9, 2, 10, 3], [1, 8, 2, 9], [3, 10, 4, 11], [7, 20, 8, 21], [5, 16, 6, 17], [15, 6, 16, 7], [13, 22, 14, 1]]"
11a_295_111,"[[13, 22, 14, 1], [19, 4, 20, 5], [17, 13, 18, 12], [21, 14, 22, 15], [11, 19, 12, 18], [9, 2, 10, 3], [1, 8, 2, 9], [3, 10, 4, 11], [7, 20, 8, 21], [5, 16, 6, 17], [15, 6, 16, 7]]"
11a_295_112,"[[15, 6, 16, 7], [13, 22, 14, 1], [19, 4, 20, 5], [17, 13, 18, 12], [21, 14, 22, 15], [11, 19, 12, 18], [9, 2, 10, 3], [1, 8, 2, 9], [3, 10, 4, 11], [7, 20, 8, 21], [5, 16, 6, 17]]"
11a_295_113,"[[5, 16, 6, 17], [15, 6, 16, 7], [13, 22, 14, 1], [19, 4, 20, 5], [17, 13, 18, 12], [21, 14, 22, 15], [11, 19, 12, 18], [9, 2, 10, 3], [1, 8, 2, 9], [3, 10, 4, 11], [7, 20, 8, 21]]"
11a_295_114,"[[7, 20, 8, 21], [5, 16, 6, 17], [15, 6, 16, 7], [13, 22, 14, 1], [19, 4, 20, 5], [17, 13, 18, 12], [21, 14, 22, 15], [11, 19, 12, 18], [9, 2, 10, 3], [1, 8, 2, 9], [3, 10, 4, 11]]"
11a_295_115,"[[3, 10, 4, 11], [7, 20, 8, 21], [5, 16, 6, 17], [15, 6, 16, 7], [13, 22, 14, 1], [19, 4, 20, 5], [17, 13, 18, 12], [21, 14, 22, 15], [11, 19, 12, 18], [9, 2, 10, 3], [1, 8, 2, 9]]"
11a_295_116,"[[1, 8, 2, 9], [3, 10, 4, 11], [7, 20, 8, 21], [5, 16, 6, 17], [15, 6, 16, 7], [13, 22, 14, 1], [19, 4, 20, 5], [17, 13, 18, 12], [21, 14, 22, 15], [11, 19, 12, 18], [9, 2, 10, 3]]"
11a_295_117,"[[9, 2, 10, 3], [1, 8, 2, 9], [3, 10, 4, 11], [7, 20, 8, 21], [5, 16, 6, 17], [15, 6, 16, 7], [13, 22, 14, 1], [19, 4, 20, 5], [17, 13, 18, 12], [21, 14, 22, 15], [11, 19, 12, 18]]"
11a_295_118,"[[11, 19, 12, 18], [9, 2, 10, 3], [1, 8, 2, 9], [3, 10, 4, 11], [7, 20, 8, 21], [5, 16, 6, 17], [15, 6, 16, 7], [13, 22, 14, 1], [19, 4, 20, 5], [17, 13, 18, 12], [21, 14, 22, 15]]"
11a_295_119,"[[21, 14, 22, 15], [11, 19, 12, 18], [9, 2, 10, 3], [1, 8, 2, 9], [3, 10, 4, 11], [7, 20, 8, 21], [5, 16, 6, 17], [15, 6, 16, 7], [13, 22, 14, 1], [19, 4, 20, 5], [17, 13, 18, 12]]"
11a_295_120,"[[17, 13, 18, 12], [21, 14, 22, 15], [11, 19, 12, 18], [9, 2, 10, 3], [1, 8, 2, 9], [3, 10, 4, 11], [7, 20, 8, 21], [5, 16, 6, 17], [15, 6, 16, 7], [13, 22, 14, 1], [19, 4, 20, 5]]"
11a_295_121,"[[20, 5, 21, 6], [18, 14, 19, 13], [22, 15, 1, 16], [12, 20, 13, 19], [10, 3, 11, 4], [2, 9, 3, 10], [4, 11, 5, 12], [8, 21, 9, 22], [6, 17, 7, 18], [16, 7, 17, 8], [14, 1, 15, 2]]"
11a_295_122,"[[14, 1, 15, 2], [20, 5, 21, 6], [18, 14, 19, 13], [22, 15, 1, 16], [12, 20, 13, 19], [10, 3, 11, 4], [2, 9, 3, 10], [4, 11, 5, 12], [8, 21, 9, 22], [6, 17, 7, 18], [16, 7, 17, 8]]"
11a_295_123,"[[16, 7, 17, 8], [14, 1, 15, 2], [20, 5, 21, 6], [18, 14, 19, 13], [22, 15, 1, 16], [12, 20, 13, 19], [10, 3, 11, 4], [2, 9, 3, 10], [4, 11, 5, 12], [8, 21, 9, 22], [6, 17, 7, 18]]"
11a_295_124,"[[6, 17, 7, 18], [16, 7, 17, 8], [14, 1, 15, 2], [20, 5, 21, 6], [18, 14, 19, 13], [22, 15, 1, 16], [12, 20, 13, 19], [10, 3, 11, 4], [2, 9, 3, 10], [4, 11, 5, 12], [8, 21, 9, 22]]"
11a_295_125,"[[8, 21, 9, 22], [6, 17, 7, 18], [16, 7, 17, 8], [14, 1, 15, 2], [20, 5, 21, 6], [18, 14, 19, 13], [22, 15, 1, 16], [12, 20, 13, 19], [10, 3, 11, 4], [2, 9, 3, 10], [4, 11, 5, 12]]"
11a_295_126,"[[4, 11, 5, 12], [8, 21, 9, 22], [6, 17, 7, 18], [16, 7, 17, 8], [14, 1, 15, 2], [20, 5, 21, 6], [18, 14, 19, 13], [22, 15, 1, 16], [12, 20, 13, 19], [10, 3, 11, 4], [2, 9, 3, 10]]"
11a_295_127,"[[2, 9, 3, 10], [4, 11, 5, 12], [8, 21, 9, 22], [6, 17, 7, 18], [16, 7, 17, 8], [14, 1, 15, 2], [20, 5, 21, 6], [18, 14, 19, 13], [22, 15, 1, 16], [12, 20, 13, 19], [10, 3, 11, 4]]"
11a_295_128,"[[10, 3, 11, 4], [2, 9, 3, 10], [4, 11, 5, 12], [8, 21, 9, 22], [6, 17, 7, 18], [16, 7, 17, 8], [14, 1, 15, 2], [20, 5, 21, 6], [18, 14, 19, 13], [22, 15, 1, 16], [12, 20, 13, 19]]"
11a_295_129,"[[12, 20, 13, 19], [10, 3, 11, 4], [2, 9, 3, 10], [4, 11, 5, 12], [8, 21, 9, 22], [6, 17, 7, 18], [16, 7, 17, 8], [14, 1, 15, 2], [20, 5, 21, 6], [18, 14, 19, 13], [22, 15, 1, 16]]"
11a_295_130,"[[22, 15, 1, 16], [12, 20, 13, 19], [10, 3, 11, 4], [2, 9, 3, 10], [4, 11, 5, 12], [8, 21, 9, 22], [6, 17, 7, 18], [16, 7, 17, 8], [14, 1, 15, 2], [20, 5, 21, 6], [18, 14, 19, 13]]"
11a_295_131,"[[18, 14, 19, 13], [22, 15, 1, 16], [12, 20, 13, 19], [10, 3, 11, 4], [2, 9, 3, 10], [4, 11, 5, 12], [8, 21, 9, 22], [6, 17, 7, 18], [16, 7, 17, 8], [14, 1, 15, 2], [20, 5, 21, 6]]"
11a_295_132,"[[21, 6, 22, 7], [19, 15, 20, 14], [1, 16, 2, 17], [13, 21, 14, 20], [11, 4, 12, 5], [3, 10, 4, 11], [5, 12, 6, 13], [9, 22, 10, 1], [7, 18, 8, 19], [17, 8, 18, 9], [15, 2, 16, 3]]"
11a_295_133,"[[15, 2, 16, 3], [21, 6, 22, 7], [19, 15, 20, 14], [1, 16, 2, 17], [13, 21, 14, 20], [11, 4, 12, 5], [3, 10, 4, 11], [5, 12, 6, 13], [9, 22, 10, 1], [7, 18, 8, 19], [17, 8, 18, 9]]"
11a_295_134,"[[17, 8, 18, 9], [15, 2, 16, 3], [21, 6, 22, 7], [19, 15, 20, 14], [1, 16, 2, 17], [13, 21, 14, 20], [11, 4, 12, 5], [3, 10, 4, 11], [5, 12, 6, 13], [9, 22, 10, 1], [7, 18, 8, 19]]"
11a_295_135,"[[7, 18, 8, 19], [17, 8, 18, 9], [15, 2, 16, 3], [21, 6, 22, 7], [19, 15, 20, 14], [1, 16, 2, 17], [13, 21, 14, 20], [11, 4, 12, 5], [3, 10, 4, 11], [5, 12, 6, 13], [9, 22, 10, 1]]"
11a_295_136,"[[9, 22, 10, 1], [7, 18, 8, 19], [17, 8, 18, 9], [15, 2, 16, 3], [21, 6, 22, 7], [19, 15, 20, 14], [1, 16, 2, 17], [13, 21, 14, 20], [11, 4, 12, 5], [3, 10, 4, 11], [5, 12, 6, 13]]"
11a_295_137,"[[5, 12, 6, 13], [9, 22, 10, 1], [7, 18, 8, 19], [17, 8, 18, 9], [15, 2, 16, 3], [21, 6, 22, 7], [19, 15, 20, 14], [1, 16, 2, 17], [13, 21, 14, 20], [11, 4, 12, 5], [3, 10, 4, 11]]"
11a_295_138,"[[3, 10, 4, 11], [5, 12, 6, 13], [9, 22, 10, 1], [7, 18, 8, 19], [17, 8, 18, 9], [15, 2, 16, 3], [21, 6, 22, 7], [19, 15, 20, 14], [1, 16, 2, 17], [13, 21, 14, 20], [11, 4, 12, 5]]"
11a_295_139,"[[11, 4, 12, 5], [3, 10, 4, 11], [5, 12, 6, 13], [9, 22, 10, 1], [7, 18, 8, 19], [17, 8, 18, 9], [15, 2, 16, 3], [21, 6, 22, 7], [19, 15, 20, 14], [1, 16, 2, 17], [13, 21, 14, 20]]"
11a_295_140,"[[13, 21, 14, 20], [11, 4, 12, 5], [3, 10, 4, 11], [5, 12, 6, 13], [9, 22, 10, 1], [7, 18, 8, 19], [17, 8, 18, 9], [15, 2, 16, 3], [21, 6, 22, 7], [19, 15, 20, 14], [1, 16, 2, 17]]"
11a_295_141,"[[1, 16, 2, 17], [13, 21, 14, 20], [11, 4, 12, 5], [3, 10, 4, 11], [5, 12, 6, 13], [9, 22, 10, 1], [7, 18, 8, 19], [17, 8, 18, 9], [15, 2, 16, 3], [21, 6, 22, 7], [19, 15, 20, 14]]"
11a_295_142,"[[19, 15, 20, 14], [1, 16, 2, 17], [13, 21, 14, 20], [11, 4, 12, 5], [3, 10, 4, 11], [5, 12, 6, 13], [9, 22, 10, 1], [7, 18, 8, 19], [17, 8, 18, 9], [15, 2, 16, 3], [21, 6, 22, 7]]"
11a_295_143,"[[22, 7, 1, 8], [20, 16, 21, 15], [2, 17, 3, 18], [14, 22, 15, 21], [12, 5, 13, 6], [4, 11, 5, 12], [6, 13, 7, 14], [10, 1, 11, 2], [8, 19, 9, 20], [18, 9, 19, 10], [16, 3, 17, 4]]"
11a_295_144,"[[16, 3, 17, 4], [22, 7, 1, 8], [20, 16, 21, 15], [2, 17, 3, 18], [14, 22, 15, 21], [12, 5, 13, 6], [4, 11, 5, 12], [6, 13, 7, 14], [10, 1, 11, 2], [8, 19, 9, 20], [18, 9, 19, 10]]"
11a_295_145,"[[18, 9, 19, 10], [16, 3, 17, 4], [22, 7, 1, 8], [20, 16, 21, 15], [2, 17, 3, 18], [14, 22, 15, 21], [12, 5, 13, 6], [4, 11, 5, 12], [6, 13, 7, 14], [10, 1, 11, 2], [8, 19, 9, 20]]"
11a_295_146,"[[8, 19, 9, 20], [18, 9, 19, 10], [16, 3, 17, 4], [22, 7, 1, 8], [20, 16, 21, 15], [2, 17, 3, 18], [14, 22, 15, 21], [12, 5, 13, 6], [4, 11, 5, 12], [6, 13, 7, 14], [10, 1, 11, 2]]"
11a_295_147,"[[10, 1, 11, 2], [8, 19, 9, 20], [18, 9, 19, 10], [16, 3, 17, 4], [22, 7, 1, 8], [20, 16, 21, 15], [2, 17, 3, 18], [14, 22, 15, 21], [12, 5, 13, 6], [4, 11, 5, 12], [6, 13, 7, 14]]"
11a_295_148,"[[6, 13, 7, 14], [10, 1, 11, 2], [8, 19, 9, 20], [18, 9, 19, 10], [16, 3, 17, 4], [22, 7, 1, 8], [20, 16, 21, 15], [2, 17, 3, 18], [14, 22, 15, 21], [12, 5, 13, 6], [4, 11, 5, 12]]"
11a_295_149,"[[4, 11, 5, 12], [6, 13, 7, 14], [10, 1, 11, 2], [8, 19, 9, 20], [18, 9, 19, 10], [16, 3, 17, 4], [22, 7, 1, 8], [20, 16, 21, 15], [2, 17, 3, 18], [14, 22, 15, 21], [12, 5, 13, 6]]"
11a_295_150,"[[12, 5, 13, 6], [4, 11, 5, 12], [6, 13, 7, 14], [10, 1, 11, 2], [8, 19, 9, 20], [18, 9, 19, 10], [16, 3, 17, 4], [22, 7, 1, 8], [20, 16, 21, 15], [2, 17, 3, 18], [14, 22, 15, 21]]"
11a_295_151,"[[14, 22, 15, 21], [12, 5, 13, 6], [4, 11, 5, 12], [6, 13, 7, 14], [10, 1, 11, 2], [8, 19, 9, 20], [18, 9, 19, 10], [16, 3, 17, 4], [22, 7, 1, 8], [20, 16, 21, 15], [2, 17, 3, 18]]"
11a_295_152,"[[2, 17, 3, 18], [14, 22, 15, 21], [12, 5, 13, 6], [4, 11, 5, 12], [6, 13, 7, 14], [10, 1, 11, 2], [8, 19, 9, 20], [18, 9, 19, 10], [16, 3, 17, 4], [22, 7, 1, 8], [20, 16, 21, 15]]"
11a_295_153,"[[20, 16, 21, 15], [2, 17, 3, 18], [14, 22, 15, 21], [12, 5, 13, 6], [4, 11, 5, 12], [6, 13, 7, 14], [10, 1, 11, 2], [8, 19, 9, 20], [18, 9, 19, 10], [16, 3, 17, 4], [22, 7, 1, 8]]"
11a_295_154,"[[1, 8, 2, 9], [21, 17, 22, 16], [3, 18, 4, 19], [15, 1, 16, 22], [13, 6, 14, 7], [5, 12, 6, 13], [7, 14, 8, 15], [11, 2, 12, 3], [9, 20, 10, 21], [19, 10, 20, 11], [17, 4, 18, 5]]"
11a_295_155,"[[17, 4, 18, 5], [1, 8, 2, 9], [21, 17, 22, 16], [3, 18, 4, 19], [15, 1, 16, 22], [13, 6, 14, 7], [5, 12, 6, 13], [7, 14, 8, 15], [11, 2, 12, 3], [9, 20, 10, 21], [19, 10, 20, 11]]"
11a_295_156,"[[19, 10, 20, 11], [17, 4, 18, 5], [1, 8, 2, 9], [21, 17, 22, 16], [3, 18, 4, 19], [15, 1, 16, 22], [13, 6, 14, 7], [5, 12, 6, 13], [7, 14, 8, 15], [11, 2, 12, 3], [9, 20, 10, 21]]"
11a_295_157,"[[9, 20, 10, 21], [19, 10, 20, 11], [17, 4, 18, 5], [1, 8, 2, 9], [21, 17, 22, 16], [3, 18, 4, 19], [15, 1, 16, 22], [13, 6, 14, 7], [5, 12, 6, 13], [7, 14, 8, 15], [11, 2, 12, 3]]"
11a_295_158,"[[11, 2, 12, 3], [9, 20, 10, 21], [19, 10, 20, 11], [17, 4, 18, 5], [1, 8, 2, 9], [21, 17, 22, 16], [3, 18, 4, 19], [15, 1, 16, 22], [13, 6, 14, 7], [5, 12, 6, 13], [7, 14, 8, 15]]"
11a_295_159,"[[7, 14, 8, 15], [11, 2, 12, 3], [9, 20, 10, 21], [19, 10, 20, 11], [17, 4, 18, 5], [1, 8, 2, 9], [21, 17, 22, 16], [3, 18, 4, 19], [15, 1, 16, 22], [13, 6, 14, 7], [5, 12, 6, 13]]"
11a_295_160,"[[5, 12, 6, 13], [7, 14, 8, 15], [11, 2, 12, 3], [9, 20, 10, 21], [19, 10, 20, 11], [17, 4, 18, 5], [1, 8, 2, 9], [21, 17, 22, 16], [3, 18, 4, 19], [15, 1, 16, 22], [13, 6, 14, 7]]"
11a_295_161,"[[13, 6, 14, 7], [5, 12, 6, 13], [7, 14, 8, 15], [11, 2, 12, 3], [9, 20, 10, 21], [19, 10, 20, 11], [17, 4, 18, 5], [1, 8, 2, 9], [21, 17, 22, 16], [3, 18, 4, 19], [15, 1, 16, 22]]"
11a_295_162,"[[15, 1, 16, 22], [13, 6, 14, 7], [5, 12, 6, 13], [7, 14, 8, 15], [11, 2, 12, 3], [9, 20, 10, 21], [19, 10, 20, 11], [17, 4, 18, 5], [1, 8, 2, 9], [21, 17, 22, 16], [3, 18, 4, 19]]"
11a_295_163,"[[3, 18, 4, 19], [15, 1, 16, 22], [13, 6, 14, 7], [5, 12, 6, 13], [7, 14, 8, 15], [11, 2, 12, 3], [9, 20, 10, 21], [19, 10, 20, 11], [17, 4, 18, 5], [1, 8, 2, 9], [21, 17, 22, 16]]"
11a_295_164,"[[21, 17, 22, 16], [3, 18, 4, 19], [15, 1, 16, 22], [13, 6, 14, 7], [5, 12, 6, 13], [7, 14, 8, 15], [11, 2, 12, 3], [9, 20, 10, 21], [19, 10, 20, 11], [17, 4, 18, 5], [1, 8, 2, 9]]"
11a_295_165,"[[2, 9, 3, 10], [22, 18, 1, 17], [4, 19, 5, 20], [16, 2, 17, 1], [14, 7, 15, 8], [6, 13, 7, 14], [8, 15, 9, 16], [12, 3, 13, 4], [10, 21, 11, 22], [20, 11, 21, 12], [18, 5, 19, 6]]"
11a_295_166,"[[18, 5, 19, 6], [2, 9, 3, 10], [22, 18, 1, 17], [4, 19, 5, 20], [16, 2, 17, 1], [14, 7, 15, 8], [6, 13, 7, 14], [8, 15, 9, 16], [12, 3, 13, 4], [10, 21, 11, 22], [20, 11, 21, 12]]"
11a_295_167,"[[20, 11, 21, 12], [18, 5, 19, 6], [2, 9, 3, 10], [22, 18, 1, 17], [4, 19, 5, 20], [16, 2, 17, 1], [14, 7, 15, 8], [6, 13, 7, 14], [8, 15, 9, 16], [12, 3, 13, 4], [10, 21, 11, 22]]"
11a_295_168,"[[10, 21, 11, 22], [20, 11, 21, 12], [18, 5, 19, 6], [2, 9, 3, 10], [22, 18, 1, 17], [4, 19, 5, 20], [16, 2, 17, 1], [14, 7, 15, 8], [6, 13, 7, 14], [8, 15, 9, 16], [12, 3, 13, 4]]"
11a_295_169,"[[12, 3, 13, 4], [10, 21, 11, 22], [20, 11, 21, 12], [18, 5, 19, 6], [2, 9, 3, 10], [22, 18, 1, 17], [4, 19, 5, 20], [16, 2, 17, 1], [14, 7, 15, 8], [6, 13, 7, 14], [8, 15, 9, 16]]"
11a_295_170,"[[8, 15, 9, 16], [12, 3, 13, 4], [10, 21, 11, 22], [20, 11, 21, 12], [18, 5, 19, 6], [2, 9, 3, 10], [22, 18, 1, 17], [4, 19, 5, 20], [16, 2, 17, 1], [14, 7, 15, 8], [6, 13, 7, 14]]"
11a_295_171,"[[6, 13, 7, 14], [8, 15, 9, 16], [12, 3, 13, 4], [10, 21, 11, 22], [20, 11, 21, 12], [18, 5, 19, 6], [2, 9, 3, 10], [22, 18, 1, 17], [4, 19, 5, 20], [16, 2, 17, 1], [14, 7, 15, 8]]"
11a_295_172,"[[14, 7, 15, 8], [6, 13, 7, 14], [8, 15, 9, 16], [12, 3, 13, 4], [10, 21, 11, 22], [20, 11, 21, 12], [18, 5, 19, 6], [2, 9, 3, 10], [22, 18, 1, 17], [4, 19, 5, 20], [16, 2, 17, 1]]"
11a_295_173,"[[16, 2, 17, 1], [14, 7, 15, 8], [6, 13, 7, 14], [8, 15, 9, 16], [12, 3, 13, 4], [10, 21, 11, 22], [20, 11, 21, 12], [18, 5, 19, 6], [2, 9, 3, 10], [22, 18, 1, 17], [4, 19, 5, 20]]"
11a_295_174,"[[4, 19, 5, 20], [16, 2, 17, 1], [14, 7, 15, 8], [6, 13, 7, 14], [8, 15, 9, 16], [12, 3, 13, 4], [10, 21, 11, 22], [20, 11, 21, 12], [18, 5, 19, 6], [2, 9, 3, 10], [22, 18, 1, 17]]"
11a_295_175,"[[22, 18, 1, 17], [4, 19, 5, 20], [16, 2, 17, 1], [14, 7, 15, 8], [6, 13, 7, 14], [8, 15, 9, 16], [12, 3, 13, 4], [10, 21, 11, 22], [20, 11, 21, 12], [18, 5, 19, 6], [2, 9, 3, 10]]"
11a_295_176,"[[3, 10, 4, 11], [1, 19, 2, 18], [5, 20, 6, 21], [17, 3, 18, 2], [15, 8, 16, 9], [7, 14, 8, 15], [9, 16, 10, 17], [13, 4, 14, 5], [11, 22, 12, 1], [21, 12, 22, 13], [19, 6, 20, 7]]"
11a_295_177,"[[19, 6, 20, 7], [3, 10, 4, 11], [1, 19, 2, 18], [5, 20, 6, 21], [17, 3, 18, 2], [15, 8, 16, 9], [7, 14, 8, 15], [9, 16, 10, 17], [13, 4, 14, 5], [11, 22, 12, 1], [21, 12, 22, 13]]"
11a_295_178,"[[21, 12, 22, 13], [19, 6, 20, 7], [3, 10, 4, 11], [1, 19, 2, 18], [5, 20, 6, 21], [17, 3, 18, 2], [15, 8, 16, 9], [7, 14, 8, 15], [9, 16, 10, 17], [13, 4, 14, 5], [11, 22, 12, 1]]"
11a_295_179,"[[11, 22, 12, 1], [21, 12, 22, 13], [19, 6, 20, 7], [3, 10, 4, 11], [1, 19, 2, 18], [5, 20, 6, 21], [17, 3, 18, 2], [15, 8, 16, 9], [7, 14, 8, 15], [9, 16, 10, 17], [13, 4, 14, 5]]"
11a_295_180,"[[13, 4, 14, 5], [11, 22, 12, 1], [21, 12, 22, 13], [19, 6, 20, 7], [3, 10, 4, 11], [1, 19, 2, 18], [5, 20, 6, 21], [17, 3, 18, 2], [15, 8, 16, 9], [7, 14, 8, 15], [9, 16, 10, 17]]"
11a_295_181,"[[9, 16, 10, 17], [13, 4, 14, 5], [11, 22, 12, 1], [21, 12, 22, 13], [19, 6, 20, 7], [3, 10, 4, 11], [1, 19, 2, 18], [5, 20, 6, 21], [17, 3, 18, 2], [15, 8, 16, 9], [7, 14, 8, 15]]"
11a_295_182,"[[7, 14, 8, 15], [9, 16, 10, 17], [13, 4, 14, 5], [11, 22, 12, 1], [21, 12, 22, 13], [19, 6, 20, 7], [3, 10, 4, 11], [1, 19, 2, 18], [5, 20, 6, 21], [17, 3, 18, 2], [15, 8, 16, 9]]"
11a_295_183,"[[15, 8, 16, 9], [7, 14, 8, 15], [9, 16, 10, 17], [13, 4, 14, 5], [11, 22, 12, 1], [21, 12, 22, 13], [19, 6, 20, 7], [3, 10, 4, 11], [1, 19, 2, 18], [5, 20, 6, 21], [17, 3, 18, 2]]"
11a_295_184,"[[17, 3, 18, 2], [15, 8, 16, 9], [7, 14, 8, 15], [9, 16, 10, 17], [13, 4, 14, 5], [11, 22, 12, 1], [21, 12, 22, 13], [19, 6, 20, 7], [3, 10, 4, 11], [1, 19, 2, 18], [5, 20, 6, 21]]"
11a_295_185,"[[5, 20, 6, 21], [17, 3, 18, 2], [15, 8, 16, 9], [7, 14, 8, 15], [9, 16, 10, 17], [13, 4, 14, 5], [11, 22, 12, 1], [21, 12, 22, 13], [19, 6, 20, 7], [3, 10, 4, 11], [1, 19, 2, 18]]"
11a_295_186,"[[1, 19, 2, 18], [5, 20, 6, 21], [17, 3, 18, 2], [15, 8, 16, 9], [7, 14, 8, 15], [9, 16, 10, 17], [13, 4, 14, 5], [11, 22, 12, 1], [21, 12, 22, 13], [19, 6, 20, 7], [3, 10, 4, 11]]"
11a_295_187,"[[4, 11, 5, 12], [2, 20, 3, 19], [6, 21, 7, 22], [18, 4, 19, 3], [16, 9, 17, 10], [8, 15, 9, 16], [10, 17, 11, 18], [14, 5, 15, 6], [12, 1, 13, 2], [22, 13, 1, 14], [20, 7, 21, 8]]"
11a_295_188,"[[20, 7, 21, 8], [4, 11, 5, 12], [2, 20, 3, 19], [6, 21, 7, 22], [18, 4, 19, 3], [16, 9, 17, 10], [8, 15, 9, 16], [10, 17, 11, 18], [14, 5, 15, 6], [12, 1, 13, 2], [22, 13, 1, 14]]"
11a_295_189,"[[22, 13, 1, 14], [20, 7, 21, 8], [4, 11, 5, 12], [2, 20, 3, 19], [6, 21, 7, 22], [18, 4, 19, 3], [16, 9, 17, 10], [8, 15, 9, 16], [10, 17, 11, 18], [14, 5, 15, 6], [12, 1, 13, 2]]"
11a_295_190,"[[12, 1, 13, 2], [22, 13, 1, 14], [20, 7, 21, 8], [4, 11, 5, 12], [2, 20, 3, 19], [6, 21, 7, 22], [18, 4, 19, 3], [16, 9, 17, 10], [8, 15, 9, 16], [10, 17, 11, 18], [14, 5, 15, 6]]"
11a_295_191,"[[14, 5, 15, 6], [12, 1, 13, 2], [22, 13, 1, 14], [20, 7, 21, 8], [4, 11, 5, 12], [2, 20, 3, 19], [6, 21, 7, 22], [18, 4, 19, 3], [16, 9, 17, 10], [8, 15, 9, 16], [10, 17, 11, 18]]"
11a_295_192,"[[10, 17, 11, 18], [14, 5, 15, 6], [12, 1, 13, 2], [22, 13, 1, 14], [20, 7, 21, 8], [4, 11, 5, 12], [2, 20, 3, 19], [6, 21, 7, 22], [18, 4, 19, 3], [16, 9, 17, 10], [8, 15, 9, 16]]"
11a_295_193,"[[8, 15, 9, 16], [10, 17, 11, 18], [14, 5, 15, 6], [12, 1, 13, 2], [22, 13, 1, 14], [20, 7, 21, 8], [4, 11, 5, 12], [2, 20, 3, 19], [6, 21, 7, 22], [18, 4, 19, 3], [16, 9, 17, 10]]"
11a_295_194,"[[16, 9, 17, 10], [8, 15, 9, 16], [10, 17, 11, 18], [14, 5, 15, 6], [12, 1, 13, 2], [22, 13, 1, 14], [20, 7, 21, 8], [4, 11, 5, 12], [2, 20, 3, 19], [6, 21, 7, 22], [18, 4, 19, 3]]"
11a_295_195,"[[18, 4, 19, 3], [16, 9, 17, 10], [8, 15, 9, 16], [10, 17, 11, 18], [14, 5, 15, 6], [12, 1, 13, 2], [22, 13, 1, 14], [20, 7, 21, 8], [4, 11, 5, 12], [2, 20, 3, 19], [6, 21, 7, 22]]"
11a_295_196,"[[6, 21, 7, 22], [18, 4, 19, 3], [16, 9, 17, 10], [8, 15, 9, 16], [10, 17, 11, 18], [14, 5, 15, 6], [12, 1, 13, 2], [22, 13, 1, 14], [20, 7, 21, 8], [4, 11, 5, 12], [2, 20, 3, 19]]"
11a_295_197,"[[2, 20, 3, 19], [6, 21, 7, 22], [18, 4, 19, 3], [16, 9, 17, 10], [8, 15, 9, 16], [10, 17, 11, 18], [14, 5, 15, 6], [12, 1, 13, 2], [22, 13, 1, 14], [20, 7, 21, 8], [4, 11, 5, 12]]"
11a_295_198,"[[5, 12, 6, 13], [3, 21, 4, 20], [7, 22, 8, 1], [19, 5, 20, 4], [17, 10, 18, 11], [9, 16, 10, 17], [11, 18, 12, 19], [15, 6, 16, 7], [13, 2, 14, 3], [1, 14, 2, 15], [21, 8, 22, 9]]"
11a_295_199,"[[21, 8, 22, 9], [5, 12, 6, 13], [3, 21, 4, 20], [7, 22, 8, 1], [19, 5, 20, 4], [17, 10, 18, 11], [9, 16, 10, 17], [11, 18, 12, 19], [15, 6, 16, 7], [13, 2, 14, 3], [1, 14, 2, 15]]"
11a_295_200,"[[1, 14, 2, 15], [21, 8, 22, 9], [5, 12, 6, 13], [3, 21, 4, 20], [7, 22, 8, 1], [19, 5, 20, 4], [17, 10, 18, 11], [9, 16, 10, 17], [11, 18, 12, 19], [15, 6, 16, 7], [13, 2, 14, 3]]"
11a_295_201,"[[13, 2, 14, 3], [1, 14, 2, 15], [21, 8, 22, 9], [5, 12, 6, 13], [3, 21, 4, 20], [7, 22, 8, 1], [19, 5, 20, 4], [17, 10, 18, 11], [9, 16, 10, 17], [11, 18, 12, 19], [15, 6, 16, 7]]"
11a_295_202,"[[15, 6, 16, 7], [13, 2, 14, 3], [1, 14, 2, 15], [21, 8, 22, 9], [5, 12, 6, 13], [3, 21, 4, 20], [7, 22, 8, 1], [19, 5, 20, 4], [17, 10, 18, 11], [9, 16, 10, 17], [11, 18, 12, 19]]"
11a_295_203,"[[11, 18, 12, 19], [15, 6, 16, 7], [13, 2, 14, 3], [1, 14, 2, 15], [21, 8, 22, 9], [5, 12, 6, 13], [3, 21, 4, 20], [7, 22, 8, 1], [19, 5, 20, 4], [17, 10, 18, 11], [9, 16, 10, 17]]"
