name,pd_notation
11a_234_0,"[[3, 15, 4, 14], [5, 3, 6, 2], [15, 5, 16, 4], [17, 7, 18, 6], [19, 9, 20, 8], [21, 11, 22, 10], [1, 13, 2, 12], [7, 19, 8, 18], [9, 21, 10, 20], [11, 1, 12, 22], [13, 17, 14, 16]]"
11a_234_1,"[[13, 17, 14, 16], [3, 15, 4, 14], [5, 3, 6, 2], [15, 5, 16, 4], [17, 7, 18, 6], [19, 9, 20, 8], [21, 11, 22, 10], [1, 13, 2, 12], [7, 19, 8, 18], [9, 21, 10, 20], [11, 1, 12, 22]]"
11a_234_2,"[[11, 1, 12, 22], [13, 17, 14, 16], [3, 15, 4, 14], [5, 3, 6, 2], [15, 5, 16, 4], [17, 7, 18, 6], [19, 9, 20, 8], [21, 11, 22, 10], [1, 13, 2, 12], [7, 19, 8, 18], [9, 21, 10, 20]]"
11a_234_3,"[[9, 21, 10, 20], [11, 1, 12, 22], [13, 17, 14, 16], [3, 15, 4, 14], [5, 3, 6, 2], [15, 5, 16, 4], [17, 7, 18, 6], [19, 9, 20, 8], [21, 11, 22, 10], [1, 13, 2, 12], [7, 19, 8, 18]]"
11a_234_4,"[[7, 19, 8, 18], [9, 21, 10, 20], [11, 1, 12, 22], [13, 17, 14, 16], [3, 15, 4, 14], [5, 3, 6, 2], [15, 5, 16, 4], [17, 7, 18, 6], [19, 9, 20, 8], [21, 11, 22, 10], [1, 13, 2, 12]]"
11a_234_5,"[[1, 13, 2, 12], [7, 19, 8, 18], [9, 21, 10, 20], [11, 1, 12, 22], [13, 17, 14, 16], [3, 15, 4, 14], [5, 3, 6, 2], [15, 5, 16, 4], [17, 7, 18, 6], [19, 9, 20, 8], [21, 11, 22, 10]]"
11a_234_6,"[[21, 11, 22, 10], [1, 13, 2, 12], [7, 19, 8, 18], [9, 21, 10, 20], [11, 1, 12, 22], [13, 17, 14, 16], [3, 15, 4, 14], [5, 3, 6, 2], [15, 5, 16, 4], [17, 7, 18, 6], [19, 9, 20, 8]]"
11a_234_7,"[[19, 9, 20, 8], [21, 11, 22, 10], [1, 13, 2, 12], [7, 19, 8, 18], [9, 21, 10, 20], [11, 1, 12, 22], [13, 17, 14, 16], [3, 15, 4, 14], [5, 3, 6, 2], [15, 5, 16, 4], [17, 7, 18, 6]]"
11a_234_8,"[[17, 7, 18, 6], [19, 9, 20, 8], [21, 11, 22, 10], [1, 13, 2, 12], [7, 19, 8, 18], [9, 21, 10, 20], [11, 1, 12, 22], [13, 17, 14, 16], [3, 15, 4, 14], [5, 3, 6, 2], [15, 5, 16, 4]]"
11a_234_9,"[[15, 5, 16, 4], [17, 7, 18, 6], [19, 9, 20, 8], [21, 11, 22, 10], [1, 13, 2, 12], [7, 19, 8, 18], [9, 21, 10, 20], [11, 1, 12, 22], [13, 17, 14, 16], [3, 15, 4, 14], [5, 3, 6, 2]]"
11a_234_10,"[[5, 3, 6, 2], [15, 5, 16, 4], [17, 7, 18, 6], [19, 9, 20, 8], [21, 11, 22, 10], [1, 13, 2, 12], [7, 19, 8, 18], [9, 21, 10, 20], [11, 1, 12, 22], [13, 17, 14, 16], [3, 15, 4, 14]]"
11a_234_11,"[[4, 16, 5, 15], [6, 4, 7, 3], [16, 6, 17, 5], [18, 8, 19, 7], [20, 10, 21, 9], [22, 12, 1, 11], [2, 14, 3, 13], [8, 20, 9, 19], [10, 22, 11, 21], [12, 2, 13, 1], [14, 18, 15, 17]]"
11a_234_12,"[[14, 18, 15, 17], [4, 16, 5, 15], [6, 4, 7, 3], [16, 6, 17, 5], [18, 8, 19, 7], [20, 10, 21, 9], [22, 12, 1, 11], [2, 14, 3, 13], [8, 20, 9, 19], [10, 22, 11, 21], [12, 2, 13, 1]]"
11a_234_13,"[[12, 2, 13, 1], [14, 18, 15, 17], [4, 16, 5, 15], [6, 4, 7, 3], [16, 6, 17, 5], [18, 8, 19, 7], [20, 10, 21, 9], [22, 12, 1, 11], [2, 14, 3, 13], [8, 20, 9, 19], [10, 22, 11, 21]]"
11a_234_14,"[[10, 22, 11, 21], [12, 2, 13, 1], [14, 18, 15, 17], [4, 16, 5, 15], [6, 4, 7, 3], [16, 6, 17, 5], [18, 8, 19, 7], [20, 10, 21, 9], [22, 12, 1, 11], [2, 14, 3, 13], [8, 20, 9, 19]]"
11a_234_15,"[[8, 20, 9, 19], [10, 22, 11, 21], [12, 2, 13, 1], [14, 18, 15, 17], [4, 16, 5, 15], [6, 4, 7, 3], [16, 6, 17, 5], [18, 8, 19, 7], [20, 10, 21, 9], [22, 12, 1, 11], [2, 14, 3, 13]]"
11a_234_16,"[[2, 14, 3, 13], [8, 20, 9, 19], [10, 22, 11, 21], [12, 2, 13, 1], [14, 18, 15, 17], [4, 16, 5, 15], [6, 4, 7, 3], [16, 6, 17, 5], [18, 8, 19, 7], [20, 10, 21, 9], [22, 12, 1, 11]]"
11a_234_17,"[[22, 12, 1, 11], [2, 14, 3, 13], [8, 20, 9, 19], [10, 22, 11, 21], [12, 2, 13, 1], [14, 18, 15, 17], [4, 16, 5, 15], [6, 4, 7, 3], [16, 6, 17, 5], [18, 8, 19, 7], [20, 10, 21, 9]]"
11a_234_18,"[[20, 10, 21, 9], [22, 12, 1, 11], [2, 14, 3, 13], [8, 20, 9, 19], [10, 22, 11, 21], [12, 2, 13, 1], [14, 18, 15, 17], [4, 16, 5, 15], [6, 4, 7, 3], [16, 6, 17, 5], [18, 8, 19, 7]]"
11a_234_19,"[[18, 8, 19, 7], [20, 10, 21, 9], [22, 12, 1, 11], [2, 14, 3, 13], [8, 20, 9, 19], [10, 22, 11, 21], [12, 2, 13, 1], [14, 18, 15, 17], [4, 16, 5, 15], [6, 4, 7, 3], [16, 6, 17, 5]]"
11a_234_20,"[[16, 6, 17, 5], [18, 8, 19, 7], [20, 10, 21, 9], [22, 12, 1, 11], [2, 14, 3, 13], [8, 20, 9, 19], [10, 22, 11, 21], [12, 2, 13, 1], [14, 18, 15, 17], [4, 16, 5, 15], [6, 4, 7, 3]]"
11a_234_21,"[[6, 4, 7, 3], [16, 6, 17, 5], [18, 8, 19, 7], [20, 10, 21, 9], [22, 12, 1, 11], [2, 14, 3, 13], [8, 20, 9, 19], [10, 22, 11, 21], [12, 2, 13, 1], [14, 18, 15, 17], [4, 16, 5, 15]]"
11a_234_22,"[[5, 17, 6, 16], [7, 5, 8, 4], [17, 7, 18, 6], [19, 9, 20, 8], [21, 11, 22, 10], [1, 13, 2, 12], [3, 15, 4, 14], [9, 21, 10, 20], [11, 1, 12, 22], [13, 3, 14, 2], [15, 19, 16, 18]]"
11a_234_23,"[[15, 19, 16, 18], [5, 17, 6, 16], [7, 5, 8, 4], [17, 7, 18, 6], [19, 9, 20, 8], [21, 11, 22, 10], [1, 13, 2, 12], [3, 15, 4, 14], [9, 21, 10, 20], [11, 1, 12, 22], [13, 3, 14, 2]]"
11a_234_24,"[[13, 3, 14, 2], [15, 19, 16, 18], [5, 17, 6, 16], [7, 5, 8, 4], [17, 7, 18, 6], [19, 9, 20, 8], [21, 11, 22, 10], [1, 13, 2, 12], [3, 15, 4, 14], [9, 21, 10, 20], [11, 1, 12, 22]]"
11a_234_25,"[[11, 1, 12, 22], [13, 3, 14, 2], [15, 19, 16, 18], [5, 17, 6, 16], [7, 5, 8, 4], [17, 7, 18, 6], [19, 9, 20, 8], [21, 11, 22, 10], [1, 13, 2, 12], [3, 15, 4, 14], [9, 21, 10, 20]]"
11a_234_26,"[[9, 21, 10, 20], [11, 1, 12, 22], [13, 3, 14, 2], [15, 19, 16, 18], [5, 17, 6, 16], [7, 5, 8, 4], [17, 7, 18, 6], [19, 9, 20, 8], [21, 11, 22, 10], [1, 13, 2, 12], [3, 15, 4, 14]]"
11a_234_27,"[[3, 15, 4, 14], [9, 21, 10, 20], [11, 1, 12, 22], [13, 3, 14, 2], [15, 19, 16, 18], [5, 17, 6, 16], [7, 5, 8, 4], [17, 7, 18, 6], [19, 9, 20, 8], [21, 11, 22, 10], [1, 13, 2, 12]]"
11a_234_28,"[[1, 13, 2, 12], [3, 15, 4, 14], [9, 21, 10, 20], [11, 1, 12, 22], [13, 3, 14, 2], [15, 19, 16, 18], [5, 17, 6, 16], [7, 5, 8, 4], [17, 7, 18, 6], [19, 9, 20, 8], [21, 11, 22, 10]]"
11a_234_29,"[[21, 11, 22, 10], [1, 13, 2, 12], [3, 15, 4, 14], [9, 21, 10, 20], [11, 1, 12, 22], [13, 3, 14, 2], [15, 19, 16, 18], [5, 17, 6, 16], [7, 5, 8, 4], [17, 7, 18, 6], [19, 9, 20, 8]]"
11a_234_30,"[[19, 9, 20, 8], [21, 11, 22, 10], [1, 13, 2, 12], [3, 15, 4, 14], [9, 21, 10, 20], [11, 1, 12, 22], [13, 3, 14, 2], [15, 19, 16, 18], [5, 17, 6, 16], [7, 5, 8, 4], [17, 7, 18, 6]]"
11a_234_31,"[[17, 7, 18, 6], [19, 9, 20, 8], [21, 11, 22, 10], [1, 13, 2, 12], [3, 15, 4, 14], [9, 21, 10, 20], [11, 1, 12, 22], [13, 3, 14, 2], [15, 19, 16, 18], [5, 17, 6, 16], [7, 5, 8, 4]]"
11a_234_32,"[[7, 5, 8, 4], [17, 7, 18, 6], [19, 9, 20, 8], [21, 11, 22, 10], [1, 13, 2, 12], [3, 15, 4, 14], [9, 21, 10, 20], [11, 1, 12, 22], [13, 3, 14, 2], [15, 19, 16, 18], [5, 17, 6, 16]]"
11a_234_33,"[[6, 18, 7, 17], [8, 6, 9, 5], [18, 8, 19, 7], [20, 10, 21, 9], [22, 12, 1, 11], [2, 14, 3, 13], [4, 16, 5, 15], [10, 22, 11, 21], [12, 2, 13, 1], [14, 4, 15, 3], [16, 20, 17, 19]]"
11a_234_34,"[[16, 20, 17, 19], [6, 18, 7, 17], [8, 6, 9, 5], [18, 8, 19, 7], [20, 10, 21, 9], [22, 12, 1, 11], [2, 14, 3, 13], [4, 16, 5, 15], [10, 22, 11, 21], [12, 2, 13, 1], [14, 4, 15, 3]]"
11a_234_35,"[[14, 4, 15, 3], [16, 20, 17, 19], [6, 18, 7, 17], [8, 6, 9, 5], [18, 8, 19, 7], [20, 10, 21, 9], [22, 12, 1, 11], [2, 14, 3, 13], [4, 16, 5, 15], [10, 22, 11, 21], [12, 2, 13, 1]]"
11a_234_36,"[[12, 2, 13, 1], [14, 4, 15, 3], [16, 20, 17, 19], [6, 18, 7, 17], [8, 6, 9, 5], [18, 8, 19, 7], [20, 10, 21, 9], [22, 12, 1, 11], [2, 14, 3, 13], [4, 16, 5, 15], [10, 22, 11, 21]]"
11a_234_37,"[[10, 22, 11, 21], [12, 2, 13, 1], [14, 4, 15, 3], [16, 20, 17, 19], [6, 18, 7, 17], [8, 6, 9, 5], [18, 8, 19, 7], [20, 10, 21, 9], [22, 12, 1, 11], [2, 14, 3, 13], [4, 16, 5, 15]]"
11a_234_38,"[[4, 16, 5, 15], [10, 22, 11, 21], [12, 2, 13, 1], [14, 4, 15, 3], [16, 20, 17, 19], [6, 18, 7, 17], [8, 6, 9, 5], [18, 8, 19, 7], [20, 10, 21, 9], [22, 12, 1, 11], [2, 14, 3, 13]]"
11a_234_39,"[[2, 14, 3, 13], [4, 16, 5, 15], [10, 22, 11, 21], [12, 2, 13, 1], [14, 4, 15, 3], [16, 20, 17, 19], [6, 18, 7, 17], [8, 6, 9, 5], [18, 8, 19, 7], [20, 10, 21, 9], [22, 12, 1, 11]]"
11a_234_40,"[[22, 12, 1, 11], [2, 14, 3, 13], [4, 16, 5, 15], [10, 22, 11, 21], [12, 2, 13, 1], [14, 4, 15, 3], [16, 20, 17, 19], [6, 18, 7, 17], [8, 6, 9, 5], [18, 8, 19, 7], [20, 10, 21, 9]]"
11a_234_41,"[[20, 10, 21, 9], [22, 12, 1, 11], [2, 14, 3, 13], [4, 16, 5, 15], [10, 22, 11, 21], [12, 2, 13, 1], [14, 4, 15, 3], [16, 20, 17, 19], [6, 18, 7, 17], [8, 6, 9, 5], [18, 8, 19, 7]]"
11a_234_42,"[[18, 8, 19, 7], [20, 10, 21, 9], [22, 12, 1, 11], [2, 14, 3, 13], [4, 16, 5, 15], [10, 22, 11, 21], [12, 2, 13, 1], [14, 4, 15, 3], [16, 20, 17, 19], [6, 18, 7, 17], [8, 6, 9, 5]]"
11a_234_43,"[[8, 6, 9, 5], [18, 8, 19, 7], [20, 10, 21, 9], [22, 12, 1, 11], [2, 14, 3, 13], [4, 16, 5, 15], [10, 22, 11, 21], [12, 2, 13, 1], [14, 4, 15, 3], [16, 20, 17, 19], [6, 18, 7, 17]]"
11a_234_44,"[[7, 19, 8, 18], [9, 7, 10, 6], [19, 9, 20, 8], [21, 11, 22, 10], [1, 13, 2, 12], [3, 15, 4, 14], [5, 17, 6, 16], [11, 1, 12, 22], [13, 3, 14, 2], [15, 5, 16, 4], [17, 21, 18, 20]]"
11a_234_45,"[[17, 21, 18, 20], [7, 19, 8, 18], [9, 7, 10, 6], [19, 9, 20, 8], [21, 11, 22, 10], [1, 13, 2, 12], [3, 15, 4, 14], [5, 17, 6, 16], [11, 1, 12, 22], [13, 3, 14, 2], [15, 5, 16, 4]]"
11a_234_46,"[[15, 5, 16, 4], [17, 21, 18, 20], [7, 19, 8, 18], [9, 7, 10, 6], [19, 9, 20, 8], [21, 11, 22, 10], [1, 13, 2, 12], [3, 15, 4, 14], [5, 17, 6, 16], [11, 1, 12, 22], [13, 3, 14, 2]]"
11a_234_47,"[[13, 3, 14, 2], [15, 5, 16, 4], [17, 21, 18, 20], [7, 19, 8, 18], [9, 7, 10, 6], [19, 9, 20, 8], [21, 11, 22, 10], [1, 13, 2, 12], [3, 15, 4, 14], [5, 17, 6, 16], [11, 1, 12, 22]]"
11a_234_48,"[[11, 1, 12, 22], [13, 3, 14, 2], [15, 5, 16, 4], [17, 21, 18, 20], [7, 19, 8, 18], [9, 7, 10, 6], [19, 9, 20, 8], [21, 11, 22, 10], [1, 13, 2, 12], [3, 15, 4, 14], [5, 17, 6, 16]]"
11a_234_49,"[[5, 17, 6, 16], [11, 1, 12, 22], [13, 3, 14, 2], [15, 5, 16, 4], [17, 21, 18, 20], [7, 19, 8, 18], [9, 7, 10, 6], [19, 9, 20, 8], [21, 11, 22, 10], [1, 13, 2, 12], [3, 15, 4, 14]]"
11a_234_50,"[[3, 15, 4, 14], [5, 17, 6, 16], [11, 1, 12, 22], [13, 3, 14, 2], [15, 5, 16, 4], [17, 21, 18, 20], [7, 19, 8, 18], [9, 7, 10, 6], [19, 9, 20, 8], [21, 11, 22, 10], [1, 13, 2, 12]]"
11a_234_51,"[[1, 13, 2, 12], [3, 15, 4, 14], [5, 17, 6, 16], [11, 1, 12, 22], [13, 3, 14, 2], [15, 5, 16, 4], [17, 21, 18, 20], [7, 19, 8, 18], [9, 7, 10, 6], [19, 9, 20, 8], [21, 11, 22, 10]]"
11a_234_52,"[[21, 11, 22, 10], [1, 13, 2, 12], [3, 15, 4, 14], [5, 17, 6, 16], [11, 1, 12, 22], [13, 3, 14, 2], [15, 5, 16, 4], [17, 21, 18, 20], [7, 19, 8, 18], [9, 7, 10, 6], [19, 9, 20, 8]]"
11a_234_53,"[[19, 9, 20, 8], [21, 11, 22, 10], [1, 13, 2, 12], [3, 15, 4, 14], [5, 17, 6, 16], [11, 1, 12, 22], [13, 3, 14, 2], [15, 5, 16, 4], [17, 21, 18, 20], [7, 19, 8, 18], [9, 7, 10, 6]]"
11a_234_54,"[[9, 7, 10, 6], [19, 9, 20, 8], [21, 11, 22, 10], [1, 13, 2, 12], [3, 15, 4, 14], [5, 17, 6, 16], [11, 1, 12, 22], [13, 3, 14, 2], [15, 5, 16, 4], [17, 21, 18, 20], [7, 19, 8, 18]]"
11a_234_55,"[[8, 20, 9, 19], [10, 8, 11, 7], [20, 10, 21, 9], [22, 12, 1, 11], [2, 14, 3, 13], [4, 16, 5, 15], [6, 18, 7, 17], [12, 2, 13, 1], [14, 4, 15, 3], [16, 6, 17, 5], [18, 22, 19, 21]]"
11a_234_56,"[[18, 22, 19, 21], [8, 20, 9, 19], [10, 8, 11, 7], [20, 10, 21, 9], [22, 12, 1, 11], [2, 14, 3, 13], [4, 16, 5, 15], [6, 18, 7, 17], [12, 2, 13, 1], [14, 4, 15, 3], [16, 6, 17, 5]]"
11a_234_57,"[[16, 6, 17, 5], [18, 22, 19, 21], [8, 20, 9, 19], [10, 8, 11, 7], [20, 10, 21, 9], [22, 12, 1, 11], [2, 14, 3, 13], [4, 16, 5, 15], [6, 18, 7, 17], [12, 2, 13, 1], [14, 4, 15, 3]]"
11a_234_58,"[[14, 4, 15, 3], [16, 6, 17, 5], [18, 22, 19, 21], [8, 20, 9, 19], [10, 8, 11, 7], [20, 10, 21, 9], [22, 12, 1, 11], [2, 14, 3, 13], [4, 16, 5, 15], [6, 18, 7, 17], [12, 2, 13, 1]]"
11a_234_59,"[[12, 2, 13, 1], [14, 4, 15, 3], [16, 6, 17, 5], [18, 22, 19, 21], [8, 20, 9, 19], [10, 8, 11, 7], [20, 10, 21, 9], [22, 12, 1, 11], [2, 14, 3, 13], [4, 16, 5, 15], [6, 18, 7, 17]]"
11a_234_60,"[[6, 18, 7, 17], [12, 2, 13, 1], [14, 4, 15, 3], [16, 6, 17, 5], [18, 22, 19, 21], [8, 20, 9, 19], [10, 8, 11, 7], [20, 10, 21, 9], [22, 12, 1, 11], [2, 14, 3, 13], [4, 16, 5, 15]]"
11a_234_61,"[[4, 16, 5, 15], [6, 18, 7, 17], [12, 2, 13, 1], [14, 4, 15, 3], [16, 6, 17, 5], [18, 22, 19, 21], [8, 20, 9, 19], [10, 8, 11, 7], [20, 10, 21, 9], [22, 12, 1, 11], [2, 14, 3, 13]]"
11a_234_62,"[[2, 14, 3, 13], [4, 16, 5, 15], [6, 18, 7, 17], [12, 2, 13, 1], [14, 4, 15, 3], [16, 6, 17, 5], [18, 22, 19, 21], [8, 20, 9, 19], [10, 8, 11, 7], [20, 10, 21, 9], [22, 12, 1, 11]]"
11a_234_63,"[[22, 12, 1, 11], [2, 14, 3, 13], [4, 16, 5, 15], [6, 18, 7, 17], [12, 2, 13, 1], [14, 4, 15, 3], [16, 6, 17, 5], [18, 22, 19, 21], [8, 20, 9, 19], [10, 8, 11, 7], [20, 10, 21, 9]]"
11a_234_64,"[[20, 10, 21, 9], [22, 12, 1, 11], [2, 14, 3, 13], [4, 16, 5, 15], [6, 18, 7, 17], [12, 2, 13, 1], [14, 4, 15, 3], [16, 6, 17, 5], [18, 22, 19, 21], [8, 20, 9, 19], [10, 8, 11, 7]]"
11a_234_65,"[[10, 8, 11, 7], [20, 10, 21, 9], [22, 12, 1, 11], [2, 14, 3, 13], [4, 16, 5, 15], [6, 18, 7, 17], [12, 2, 13, 1], [14, 4, 15, 3], [16, 6, 17, 5], [18, 22, 19, 21], [8, 20, 9, 19]]"
11a_234_66,"[[9, 21, 10, 20], [11, 9, 12, 8], [21, 11, 22, 10], [1, 13, 2, 12], [3, 15, 4, 14], [5, 17, 6, 16], [7, 19, 8, 18], [13, 3, 14, 2], [15, 5, 16, 4], [17, 7, 18, 6], [19, 1, 20, 22]]"
11a_234_67,"[[19, 1, 20, 22], [9, 21, 10, 20], [11, 9, 12, 8], [21, 11, 22, 10], [1, 13, 2, 12], [3, 15, 4, 14], [5, 17, 6, 16], [7, 19, 8, 18], [13, 3, 14, 2], [15, 5, 16, 4], [17, 7, 18, 6]]"
11a_234_68,"[[17, 7, 18, 6], [19, 1, 20, 22], [9, 21, 10, 20], [11, 9, 12, 8], [21, 11, 22, 10], [1, 13, 2, 12], [3, 15, 4, 14], [5, 17, 6, 16], [7, 19, 8, 18], [13, 3, 14, 2], [15, 5, 16, 4]]"
11a_234_69,"[[15, 5, 16, 4], [17, 7, 18, 6], [19, 1, 20, 22], [9, 21, 10, 20], [11, 9, 12, 8], [21, 11, 22, 10], [1, 13, 2, 12], [3, 15, 4, 14], [5, 17, 6, 16], [7, 19, 8, 18], [13, 3, 14, 2]]"
11a_234_70,"[[13, 3, 14, 2], [15, 5, 16, 4], [17, 7, 18, 6], [19, 1, 20, 22], [9, 21, 10, 20], [11, 9, 12, 8], [21, 11, 22, 10], [1, 13, 2, 12], [3, 15, 4, 14], [5, 17, 6, 16], [7, 19, 8, 18]]"
11a_234_71,"[[7, 19, 8, 18], [13, 3, 14, 2], [15, 5, 16, 4], [17, 7, 18, 6], [19, 1, 20, 22], [9, 21, 10, 20], [11, 9, 12, 8], [21, 11, 22, 10], [1, 13, 2, 12], [3, 15, 4, 14], [5, 17, 6, 16]]"
11a_234_72,"[[5, 17, 6, 16], [7, 19, 8, 18], [13, 3, 14, 2], [15, 5, 16, 4], [17, 7, 18, 6], [19, 1, 20, 22], [9, 21, 10, 20], [11, 9, 12, 8], [21, 11, 22, 10], [1, 13, 2, 12], [3, 15, 4, 14]]"
11a_234_73,"[[3, 15, 4, 14], [5, 17, 6, 16], [7, 19, 8, 18], [13, 3, 14, 2], [15, 5, 16, 4], [17, 7, 18, 6], [19, 1, 20, 22], [9, 21, 10, 20], [11, 9, 12, 8], [21, 11, 22, 10], [1, 13, 2, 12]]"
11a_234_74,"[[1, 13, 2, 12], [3, 15, 4, 14], [5, 17, 6, 16], [7, 19, 8, 18], [13, 3, 14, 2], [15, 5, 16, 4], [17, 7, 18, 6], [19, 1, 20, 22], [9, 21, 10, 20], [11, 9, 12, 8], [21, 11, 22, 10]]"
11a_234_75,"[[21, 11, 22, 10], [1, 13, 2, 12], [3, 15, 4, 14], [5, 17, 6, 16], [7, 19, 8, 18], [13, 3, 14, 2], [15, 5, 16, 4], [17, 7, 18, 6], [19, 1, 20, 22], [9, 21, 10, 20], [11, 9, 12, 8]]"
11a_234_76,"[[11, 9, 12, 8], [21, 11, 22, 10], [1, 13, 2, 12], [3, 15, 4, 14], [5, 17, 6, 16], [7, 19, 8, 18], [13, 3, 14, 2], [15, 5, 16, 4], [17, 7, 18, 6], [19, 1, 20, 22], [9, 21, 10, 20]]"
11a_234_77,"[[10, 22, 11, 21], [12, 10, 13, 9], [22, 12, 1, 11], [2, 14, 3, 13], [4, 16, 5, 15], [6, 18, 7, 17], [8, 20, 9, 19], [14, 4, 15, 3], [16, 6, 17, 5], [18, 8, 19, 7], [20, 2, 21, 1]]"
11a_234_78,"[[20, 2, 21, 1], [10, 22, 11, 21], [12, 10, 13, 9], [22, 12, 1, 11], [2, 14, 3, 13], [4, 16, 5, 15], [6, 18, 7, 17], [8, 20, 9, 19], [14, 4, 15, 3], [16, 6, 17, 5], [18, 8, 19, 7]]"
11a_234_79,"[[18, 8, 19, 7], [20, 2, 21, 1], [10, 22, 11, 21], [12, 10, 13, 9], [22, 12, 1, 11], [2, 14, 3, 13], [4, 16, 5, 15], [6, 18, 7, 17], [8, 20, 9, 19], [14, 4, 15, 3], [16, 6, 17, 5]]"
11a_234_80,"[[16, 6, 17, 5], [18, 8, 19, 7], [20, 2, 21, 1], [10, 22, 11, 21], [12, 10, 13, 9], [22, 12, 1, 11], [2, 14, 3, 13], [4, 16, 5, 15], [6, 18, 7, 17], [8, 20, 9, 19], [14, 4, 15, 3]]"
11a_234_81,"[[14, 4, 15, 3], [16, 6, 17, 5], [18, 8, 19, 7], [20, 2, 21, 1], [10, 22, 11, 21], [12, 10, 13, 9], [22, 12, 1, 11], [2, 14, 3, 13], [4, 16, 5, 15], [6, 18, 7, 17], [8, 20, 9, 19]]"
11a_234_82,"[[8, 20, 9, 19], [14, 4, 15, 3], [16, 6, 17, 5], [18, 8, 19, 7], [20, 2, 21, 1], [10, 22, 11, 21], [12, 10, 13, 9], [22, 12, 1, 11], [2, 14, 3, 13], [4, 16, 5, 15], [6, 18, 7, 17]]"
11a_234_83,"[[6, 18, 7, 17], [8, 20, 9, 19], [14, 4, 15, 3], [16, 6, 17, 5], [18, 8, 19, 7], [20, 2, 21, 1], [10, 22, 11, 21], [12, 10, 13, 9], [22, 12, 1, 11], [2, 14, 3, 13], [4, 16, 5, 15]]"
11a_234_84,"[[4, 16, 5, 15], [6, 18, 7, 17], [8, 20, 9, 19], [14, 4, 15, 3], [16, 6, 17, 5], [18, 8, 19, 7], [20, 2, 21, 1], [10, 22, 11, 21], [12, 10, 13, 9], [22, 12, 1, 11], [2, 14, 3, 13]]"
11a_234_85,"[[2, 14, 3, 13], [4, 16, 5, 15], [6, 18, 7, 17], [8, 20, 9, 19], [14, 4, 15, 3], [16, 6, 17, 5], [18, 8, 19, 7], [20, 2, 21, 1], [10, 22, 11, 21], [12, 10, 13, 9], [22, 12, 1, 11]]"
11a_234_86,"[[22, 12, 1, 11], [2, 14, 3, 13], [4, 16, 5, 15], [6, 18, 7, 17], [8, 20, 9, 19], [14, 4, 15, 3], [16, 6, 17, 5], [18, 8, 19, 7], [20, 2, 21, 1], [10, 22, 11, 21], [12, 10, 13, 9]]"
11a_234_87,"[[12, 10, 13, 9], [22, 12, 1, 11], [2, 14, 3, 13], [4, 16, 5, 15], [6, 18, 7, 17], [8, 20, 9, 19], [14, 4, 15, 3], [16, 6, 17, 5], [18, 8, 19, 7], [20, 2, 21, 1], [10, 22, 11, 21]]"
11a_234_88,"[[11, 1, 12, 22], [13, 11, 14, 10], [1, 13, 2, 12], [3, 15, 4, 14], [5, 17, 6, 16], [7, 19, 8, 18], [9, 21, 10, 20], [15, 5, 16, 4], [17, 7, 18, 6], [19, 9, 20, 8], [21, 3, 22, 2]]"
11a_234_89,"[[21, 3, 22, 2], [11, 1, 12, 22], [13, 11, 14, 10], [1, 13, 2, 12], [3, 15, 4, 14], [5, 17, 6, 16], [7, 19, 8, 18], [9, 21, 10, 20], [15, 5, 16, 4], [17, 7, 18, 6], [19, 9, 20, 8]]"
11a_234_90,"[[19, 9, 20, 8], [21, 3, 22, 2], [11, 1, 12, 22], [13, 11, 14, 10], [1, 13, 2, 12], [3, 15, 4, 14], [5, 17, 6, 16], [7, 19, 8, 18], [9, 21, 10, 20], [15, 5, 16, 4], [17, 7, 18, 6]]"
11a_234_91,"[[17, 7, 18, 6], [19, 9, 20, 8], [21, 3, 22, 2], [11, 1, 12, 22], [13, 11, 14, 10], [1, 13, 2, 12], [3, 15, 4, 14], [5, 17, 6, 16], [7, 19, 8, 18], [9, 21, 10, 20], [15, 5, 16, 4]]"
11a_234_92,"[[15, 5, 16, 4], [17, 7, 18, 6], [19, 9, 20, 8], [21, 3, 22, 2], [11, 1, 12, 22], [13, 11, 14, 10], [1, 13, 2, 12], [3, 15, 4, 14], [5, 17, 6, 16], [7, 19, 8, 18], [9, 21, 10, 20]]"
11a_234_93,"[[9, 21, 10, 20], [15, 5, 16, 4], [17, 7, 18, 6], [19, 9, 20, 8], [21, 3, 22, 2], [11, 1, 12, 22], [13, 11, 14, 10], [1, 13, 2, 12], [3, 15, 4, 14], [5, 17, 6, 16], [7, 19, 8, 18]]"
11a_234_94,"[[7, 19, 8, 18], [9, 21, 10, 20], [15, 5, 16, 4], [17, 7, 18, 6], [19, 9, 20, 8], [21, 3, 22, 2], [11, 1, 12, 22], [13, 11, 14, 10], [1, 13, 2, 12], [3, 15, 4, 14], [5, 17, 6, 16]]"
11a_234_95,"[[5, 17, 6, 16], [7, 19, 8, 18], [9, 21, 10, 20], [15, 5, 16, 4], [17, 7, 18, 6], [19, 9, 20, 8], [21, 3, 22, 2], [11, 1, 12, 22], [13, 11, 14, 10], [1, 13, 2, 12], [3, 15, 4, 14]]"
11a_234_96,"[[3, 15, 4, 14], [5, 17, 6, 16], [7, 19, 8, 18], [9, 21, 10, 20], [15, 5, 16, 4], [17, 7, 18, 6], [19, 9, 20, 8], [21, 3, 22, 2], [11, 1, 12, 22], [13, 11, 14, 10], [1, 13, 2, 12]]"
11a_234_97,"[[1, 13, 2, 12], [3, 15, 4, 14], [5, 17, 6, 16], [7, 19, 8, 18], [9, 21, 10, 20], [15, 5, 16, 4], [17, 7, 18, 6], [19, 9, 20, 8], [21, 3, 22, 2], [11, 1, 12, 22], [13, 11, 14, 10]]"
11a_234_98,"[[13, 11, 14, 10], [1, 13, 2, 12], [3, 15, 4, 14], [5, 17, 6, 16], [7, 19, 8, 18], [9, 21, 10, 20], [15, 5, 16, 4], [17, 7, 18, 6], [19, 9, 20, 8], [21, 3, 22, 2], [11, 1, 12, 22]]"
11a_234_99,"[[12, 2, 13, 1], [14, 12, 15, 11], [2, 14, 3, 13], [4, 16, 5, 15], [6, 18, 7, 17], [8, 20, 9, 19], [10, 22, 11, 21], [16, 6, 17, 5], [18, 8, 19, 7], [20, 10, 21, 9], [22, 4, 1, 3]]"
11a_234_100,"[[22, 4, 1, 3], [12, 2, 13, 1], [14, 12, 15, 11], [2, 14, 3, 13], [4, 16, 5, 15], [6, 18, 7, 17], [8, 20, 9, 19], [10, 22, 11, 21], [16, 6, 17, 5], [18, 8, 19, 7], [20, 10, 21, 9]]"
11a_234_101,"[[20, 10, 21, 9], [22, 4, 1, 3], [12, 2, 13, 1], [14, 12, 15, 11], [2, 14, 3, 13], [4, 16, 5, 15], [6, 18, 7, 17], [8, 20, 9, 19], [10, 22, 11, 21], [16, 6, 17, 5], [18, 8, 19, 7]]"
11a_234_102,"[[18, 8, 19, 7], [20, 10, 21, 9], [22, 4, 1, 3], [12, 2, 13, 1], [14, 12, 15, 11], [2, 14, 3, 13], [4, 16, 5, 15], [6, 18, 7, 17], [8, 20, 9, 19], [10, 22, 11, 21], [16, 6, 17, 5]]"
11a_234_103,"[[16, 6, 17, 5], [18, 8, 19, 7], [20, 10, 21, 9], [22, 4, 1, 3], [12, 2, 13, 1], [14, 12, 15, 11], [2, 14, 3, 13], [4, 16, 5, 15], [6, 18, 7, 17], [8, 20, 9, 19], [10, 22, 11, 21]]"
11a_234_104,"[[10, 22, 11, 21], [16, 6, 17, 5], [18, 8, 19, 7], [20, 10, 21, 9], [22, 4, 1, 3], [12, 2, 13, 1], [14, 12, 15, 11], [2, 14, 3, 13], [4, 16, 5, 15], [6, 18, 7, 17], [8, 20, 9, 19]]"
11a_234_105,"[[8, 20, 9, 19], [10, 22, 11, 21], [16, 6, 17, 5], [18, 8, 19, 7], [20, 10, 21, 9], [22, 4, 1, 3], [12, 2, 13, 1], [14, 12, 15, 11], [2, 14, 3, 13], [4, 16, 5, 15], [6, 18, 7, 17]]"
11a_234_106,"[[6, 18, 7, 17], [8, 20, 9, 19], [10, 22, 11, 21], [16, 6, 17, 5], [18, 8, 19, 7], [20, 10, 21, 9], [22, 4, 1, 3], [12, 2, 13, 1], [14, 12, 15, 11], [2, 14, 3, 13], [4, 16, 5, 15]]"
11a_234_107,"[[4, 16, 5, 15], [6, 18, 7, 17], [8, 20, 9, 19], [10, 22, 11, 21], [16, 6, 17, 5], [18, 8, 19, 7], [20, 10, 21, 9], [22, 4, 1, 3], [12, 2, 13, 1], [14, 12, 15, 11], [2, 14, 3, 13]]"
11a_234_108,"[[2, 14, 3, 13], [4, 16, 5, 15], [6, 18, 7, 17], [8, 20, 9, 19], [10, 22, 11, 21], [16, 6, 17, 5], [18, 8, 19, 7], [20, 10, 21, 9], [22, 4, 1, 3], [12, 2, 13, 1], [14, 12, 15, 11]]"
11a_234_109,"[[14, 12, 15, 11], [2, 14, 3, 13], [4, 16, 5, 15], [6, 18, 7, 17], [8, 20, 9, 19], [10, 22, 11, 21], [16, 6, 17, 5], [18, 8, 19, 7], [20, 10, 21, 9], [22, 4, 1, 3], [12, 2, 13, 1]]"
11a_234_110,"[[13, 3, 14, 2], [15, 13, 16, 12], [3, 15, 4, 14], [5, 17, 6, 16], [7, 19, 8, 18], [9, 21, 10, 20], [11, 1, 12, 22], [17, 7, 18, 6], [19, 9, 20, 8], [21, 11, 22, 10], [1, 5, 2, 4]]"
11a_234_111,"[[1, 5, 2, 4], [13, 3, 14, 2], [15, 13, 16, 12], [3, 15, 4, 14], [5, 17, 6, 16], [7, 19, 8, 18], [9, 21, 10, 20], [11, 1, 12, 22], [17, 7, 18, 6], [19, 9, 20, 8], [21, 11, 22, 10]]"
11a_234_112,"[[21, 11, 22, 10], [1, 5, 2, 4], [13, 3, 14, 2], [15, 13, 16, 12], [3, 15, 4, 14], [5, 17, 6, 16], [7, 19, 8, 18], [9, 21, 10, 20], [11, 1, 12, 22], [17, 7, 18, 6], [19, 9, 20, 8]]"
11a_234_113,"[[19, 9, 20, 8], [21, 11, 22, 10], [1, 5, 2, 4], [13, 3, 14, 2], [15, 13, 16, 12], [3, 15, 4, 14], [5, 17, 6, 16], [7, 19, 8, 18], [9, 21, 10, 20], [11, 1, 12, 22], [17, 7, 18, 6]]"
11a_234_114,"[[17, 7, 18, 6], [19, 9, 20, 8], [21, 11, 22, 10], [1, 5, 2, 4], [13, 3, 14, 2], [15, 13, 16, 12], [3, 15, 4, 14], [5, 17, 6, 16], [7, 19, 8, 18], [9, 21, 10, 20], [11, 1, 12, 22]]"
11a_234_115,"[[11, 1, 12, 22], [17, 7, 18, 6], [19, 9, 20, 8], [21, 11, 22, 10], [1, 5, 2, 4], [13, 3, 14, 2], [15, 13, 16, 12], [3, 15, 4, 14], [5, 17, 6, 16], [7, 19, 8, 18], [9, 21, 10, 20]]"
11a_234_116,"[[9, 21, 10, 20], [11, 1, 12, 22], [17, 7, 18, 6], [19, 9, 20, 8], [21, 11, 22, 10], [1, 5, 2, 4], [13, 3, 14, 2], [15, 13, 16, 12], [3, 15, 4, 14], [5, 17, 6, 16], [7, 19, 8, 18]]"
11a_234_117,"[[7, 19, 8, 18], [9, 21, 10, 20], [11, 1, 12, 22], [17, 7, 18, 6], [19, 9, 20, 8], [21, 11, 22, 10], [1, 5, 2, 4], [13, 3, 14, 2], [15, 13, 16, 12], [3, 15, 4, 14], [5, 17, 6, 16]]"
11a_234_118,"[[5, 17, 6, 16], [7, 19, 8, 18], [9, 21, 10, 20], [11, 1, 12, 22], [17, 7, 18, 6], [19, 9, 20, 8], [21, 11, 22, 10], [1, 5, 2, 4], [13, 3, 14, 2], [15, 13, 16, 12], [3, 15, 4, 14]]"
11a_234_119,"[[3, 15, 4, 14], [5, 17, 6, 16], [7, 19, 8, 18], [9, 21, 10, 20], [11, 1, 12, 22], [17, 7, 18, 6], [19, 9, 20, 8], [21, 11, 22, 10], [1, 5, 2, 4], [13, 3, 14, 2], [15, 13, 16, 12]]"
11a_234_120,"[[15, 13, 16, 12], [3, 15, 4, 14], [5, 17, 6, 16], [7, 19, 8, 18], [9, 21, 10, 20], [11, 1, 12, 22], [17, 7, 18, 6], [19, 9, 20, 8], [21, 11, 22, 10], [1, 5, 2, 4], [13, 3, 14, 2]]"
11a_234_121,"[[14, 4, 15, 3], [16, 14, 17, 13], [4, 16, 5, 15], [6, 18, 7, 17], [8, 20, 9, 19], [10, 22, 11, 21], [12, 2, 13, 1], [18, 8, 19, 7], [20, 10, 21, 9], [22, 12, 1, 11], [2, 6, 3, 5]]"
11a_234_122,"[[2, 6, 3, 5], [14, 4, 15, 3], [16, 14, 17, 13], [4, 16, 5, 15], [6, 18, 7, 17], [8, 20, 9, 19], [10, 22, 11, 21], [12, 2, 13, 1], [18, 8, 19, 7], [20, 10, 21, 9], [22, 12, 1, 11]]"
11a_234_123,"[[22, 12, 1, 11], [2, 6, 3, 5], [14, 4, 15, 3], [16, 14, 17, 13], [4, 16, 5, 15], [6, 18, 7, 17], [8, 20, 9, 19], [10, 22, 11, 21], [12, 2, 13, 1], [18, 8, 19, 7], [20, 10, 21, 9]]"
11a_234_124,"[[20, 10, 21, 9], [22, 12, 1, 11], [2, 6, 3, 5], [14, 4, 15, 3], [16, 14, 17, 13], [4, 16, 5, 15], [6, 18, 7, 17], [8, 20, 9, 19], [10, 22, 11, 21], [12, 2, 13, 1], [18, 8, 19, 7]]"
11a_234_125,"[[18, 8, 19, 7], [20, 10, 21, 9], [22, 12, 1, 11], [2, 6, 3, 5], [14, 4, 15, 3], [16, 14, 17, 13], [4, 16, 5, 15], [6, 18, 7, 17], [8, 20, 9, 19], [10, 22, 11, 21], [12, 2, 13, 1]]"
11a_234_126,"[[12, 2, 13, 1], [18, 8, 19, 7], [20, 10, 21, 9], [22, 12, 1, 11], [2, 6, 3, 5], [14, 4, 15, 3], [16, 14, 17, 13], [4, 16, 5, 15], [6, 18, 7, 17], [8, 20, 9, 19], [10, 22, 11, 21]]"
11a_234_127,"[[10, 22, 11, 21], [12, 2, 13, 1], [18, 8, 19, 7], [20, 10, 21, 9], [22, 12, 1, 11], [2, 6, 3, 5], [14, 4, 15, 3], [16, 14, 17, 13], [4, 16, 5, 15], [6, 18, 7, 17], [8, 20, 9, 19]]"
11a_234_128,"[[8, 20, 9, 19], [10, 22, 11, 21], [12, 2, 13, 1], [18, 8, 19, 7], [20, 10, 21, 9], [22, 12, 1, 11], [2, 6, 3, 5], [14, 4, 15, 3], [16, 14, 17, 13], [4, 16, 5, 15], [6, 18, 7, 17]]"
11a_234_129,"[[6, 18, 7, 17], [8, 20, 9, 19], [10, 22, 11, 21], [12, 2, 13, 1], [18, 8, 19, 7], [20, 10, 21, 9], [22, 12, 1, 11], [2, 6, 3, 5], [14, 4, 15, 3], [16, 14, 17, 13], [4, 16, 5, 15]]"
11a_234_130,"[[4, 16, 5, 15], [6, 18, 7, 17], [8, 20, 9, 19], [10, 22, 11, 21], [12, 2, 13, 1], [18, 8, 19, 7], [20, 10, 21, 9], [22, 12, 1, 11], [2, 6, 3, 5], [14, 4, 15, 3], [16, 14, 17, 13]]"
11a_234_131,"[[16, 14, 17, 13], [4, 16, 5, 15], [6, 18, 7, 17], [8, 20, 9, 19], [10, 22, 11, 21], [12, 2, 13, 1], [18, 8, 19, 7], [20, 10, 21, 9], [22, 12, 1, 11], [2, 6, 3, 5], [14, 4, 15, 3]]"
11a_234_132,"[[15, 5, 16, 4], [17, 15, 18, 14], [5, 17, 6, 16], [7, 19, 8, 18], [9, 21, 10, 20], [11, 1, 12, 22], [13, 3, 14, 2], [19, 9, 20, 8], [21, 11, 22, 10], [1, 13, 2, 12], [3, 7, 4, 6]]"
11a_234_133,"[[3, 7, 4, 6], [15, 5, 16, 4], [17, 15, 18, 14], [5, 17, 6, 16], [7, 19, 8, 18], [9, 21, 10, 20], [11, 1, 12, 22], [13, 3, 14, 2], [19, 9, 20, 8], [21, 11, 22, 10], [1, 13, 2, 12]]"
11a_234_134,"[[1, 13, 2, 12], [3, 7, 4, 6], [15, 5, 16, 4], [17, 15, 18, 14], [5, 17, 6, 16], [7, 19, 8, 18], [9, 21, 10, 20], [11, 1, 12, 22], [13, 3, 14, 2], [19, 9, 20, 8], [21, 11, 22, 10]]"
11a_234_135,"[[21, 11, 22, 10], [1, 13, 2, 12], [3, 7, 4, 6], [15, 5, 16, 4], [17, 15, 18, 14], [5, 17, 6, 16], [7, 19, 8, 18], [9, 21, 10, 20], [11, 1, 12, 22], [13, 3, 14, 2], [19, 9, 20, 8]]"
11a_234_136,"[[19, 9, 20, 8], [21, 11, 22, 10], [1, 13, 2, 12], [3, 7, 4, 6], [15, 5, 16, 4], [17, 15, 18, 14], [5, 17, 6, 16], [7, 19, 8, 18], [9, 21, 10, 20], [11, 1, 12, 22], [13, 3, 14, 2]]"
11a_234_137,"[[13, 3, 14, 2], [19, 9, 20, 8], [21, 11, 22, 10], [1, 13, 2, 12], [3, 7, 4, 6], [15, 5, 16, 4], [17, 15, 18, 14], [5, 17, 6, 16], [7, 19, 8, 18], [9, 21, 10, 20], [11, 1, 12, 22]]"
11a_234_138,"[[11, 1, 12, 22], [13, 3, 14, 2], [19, 9, 20, 8], [21, 11, 22, 10], [1, 13, 2, 12], [3, 7, 4, 6], [15, 5, 16, 4], [17, 15, 18, 14], [5, 17, 6, 16], [7, 19, 8, 18], [9, 21, 10, 20]]"
11a_234_139,"[[9, 21, 10, 20], [11, 1, 12, 22], [13, 3, 14, 2], [19, 9, 20, 8], [21, 11, 22, 10], [1, 13, 2, 12], [3, 7, 4, 6], [15, 5, 16, 4], [17, 15, 18, 14], [5, 17, 6, 16], [7, 19, 8, 18]]"
11a_234_140,"[[7, 19, 8, 18], [9, 21, 10, 20], [11, 1, 12, 22], [13, 3, 14, 2], [19, 9, 20, 8], [21, 11, 22, 10], [1, 13, 2, 12], [3, 7, 4, 6], [15, 5, 16, 4], [17, 15, 18, 14], [5, 17, 6, 16]]"
11a_234_141,"[[5, 17, 6, 16], [7, 19, 8, 18], [9, 21, 10, 20], [11, 1, 12, 22], [13, 3, 14, 2], [19, 9, 20, 8], [21, 11, 22, 10], [1, 13, 2, 12], [3, 7, 4, 6], [15, 5, 16, 4], [17, 15, 18, 14]]"
11a_234_142,"[[17, 15, 18, 14], [5, 17, 6, 16], [7, 19, 8, 18], [9, 21, 10, 20], [11, 1, 12, 22], [13, 3, 14, 2], [19, 9, 20, 8], [21, 11, 22, 10], [1, 13, 2, 12], [3, 7, 4, 6], [15, 5, 16, 4]]"
11a_234_143,"[[16, 6, 17, 5], [18, 16, 19, 15], [6, 18, 7, 17], [8, 20, 9, 19], [10, 22, 11, 21], [12, 2, 13, 1], [14, 4, 15, 3], [20, 10, 21, 9], [22, 12, 1, 11], [2, 14, 3, 13], [4, 8, 5, 7]]"
11a_234_144,"[[4, 8, 5, 7], [16, 6, 17, 5], [18, 16, 19, 15], [6, 18, 7, 17], [8, 20, 9, 19], [10, 22, 11, 21], [12, 2, 13, 1], [14, 4, 15, 3], [20, 10, 21, 9], [22, 12, 1, 11], [2, 14, 3, 13]]"
11a_234_145,"[[2, 14, 3, 13], [4, 8, 5, 7], [16, 6, 17, 5], [18, 16, 19, 15], [6, 18, 7, 17], [8, 20, 9, 19], [10, 22, 11, 21], [12, 2, 13, 1], [14, 4, 15, 3], [20, 10, 21, 9], [22, 12, 1, 11]]"
11a_234_146,"[[22, 12, 1, 11], [2, 14, 3, 13], [4, 8, 5, 7], [16, 6, 17, 5], [18, 16, 19, 15], [6, 18, 7, 17], [8, 20, 9, 19], [10, 22, 11, 21], [12, 2, 13, 1], [14, 4, 15, 3], [20, 10, 21, 9]]"
11a_234_147,"[[20, 10, 21, 9], [22, 12, 1, 11], [2, 14, 3, 13], [4, 8, 5, 7], [16, 6, 17, 5], [18, 16, 19, 15], [6, 18, 7, 17], [8, 20, 9, 19], [10, 22, 11, 21], [12, 2, 13, 1], [14, 4, 15, 3]]"
11a_234_148,"[[14, 4, 15, 3], [20, 10, 21, 9], [22, 12, 1, 11], [2, 14, 3, 13], [4, 8, 5, 7], [16, 6, 17, 5], [18, 16, 19, 15], [6, 18, 7, 17], [8, 20, 9, 19], [10, 22, 11, 21], [12, 2, 13, 1]]"
11a_234_149,"[[12, 2, 13, 1], [14, 4, 15, 3], [20, 10, 21, 9], [22, 12, 1, 11], [2, 14, 3, 13], [4, 8, 5, 7], [16, 6, 17, 5], [18, 16, 19, 15], [6, 18, 7, 17], [8, 20, 9, 19], [10, 22, 11, 21]]"
11a_234_150,"[[10, 22, 11, 21], [12, 2, 13, 1], [14, 4, 15, 3], [20, 10, 21, 9], [22, 12, 1, 11], [2, 14, 3, 13], [4, 8, 5, 7], [16, 6, 17, 5], [18, 16, 19, 15], [6, 18, 7, 17], [8, 20, 9, 19]]"
11a_234_151,"[[8, 20, 9, 19], [10, 22, 11, 21], [12, 2, 13, 1], [14, 4, 15, 3], [20, 10, 21, 9], [22, 12, 1, 11], [2, 14, 3, 13], [4, 8, 5, 7], [16, 6, 17, 5], [18, 16, 19, 15], [6, 18, 7, 17]]"
11a_234_152,"[[6, 18, 7, 17], [8, 20, 9, 19], [10, 22, 11, 21], [12, 2, 13, 1], [14, 4, 15, 3], [20, 10, 21, 9], [22, 12, 1, 11], [2, 14, 3, 13], [4, 8, 5, 7], [16, 6, 17, 5], [18, 16, 19, 15]]"
11a_234_153,"[[18, 16, 19, 15], [6, 18, 7, 17], [8, 20, 9, 19], [10, 22, 11, 21], [12, 2, 13, 1], [14, 4, 15, 3], [20, 10, 21, 9], [22, 12, 1, 11], [2, 14, 3, 13], [4, 8, 5, 7], [16, 6, 17, 5]]"
11a_234_154,"[[17, 7, 18, 6], [19, 17, 20, 16], [7, 19, 8, 18], [9, 21, 10, 20], [11, 1, 12, 22], [13, 3, 14, 2], [15, 5, 16, 4], [21, 11, 22, 10], [1, 13, 2, 12], [3, 15, 4, 14], [5, 9, 6, 8]]"
11a_234_155,"[[5, 9, 6, 8], [17, 7, 18, 6], [19, 17, 20, 16], [7, 19, 8, 18], [9, 21, 10, 20], [11, 1, 12, 22], [13, 3, 14, 2], [15, 5, 16, 4], [21, 11, 22, 10], [1, 13, 2, 12], [3, 15, 4, 14]]"
11a_234_156,"[[3, 15, 4, 14], [5, 9, 6, 8], [17, 7, 18, 6], [19, 17, 20, 16], [7, 19, 8, 18], [9, 21, 10, 20], [11, 1, 12, 22], [13, 3, 14, 2], [15, 5, 16, 4], [21, 11, 22, 10], [1, 13, 2, 12]]"
11a_234_157,"[[1, 13, 2, 12], [3, 15, 4, 14], [5, 9, 6, 8], [17, 7, 18, 6], [19, 17, 20, 16], [7, 19, 8, 18], [9, 21, 10, 20], [11, 1, 12, 22], [13, 3, 14, 2], [15, 5, 16, 4], [21, 11, 22, 10]]"
11a_234_158,"[[21, 11, 22, 10], [1, 13, 2, 12], [3, 15, 4, 14], [5, 9, 6, 8], [17, 7, 18, 6], [19, 17, 20, 16], [7, 19, 8, 18], [9, 21, 10, 20], [11, 1, 12, 22], [13, 3, 14, 2], [15, 5, 16, 4]]"
11a_234_159,"[[15, 5, 16, 4], [21, 11, 22, 10], [1, 13, 2, 12], [3, 15, 4, 14], [5, 9, 6, 8], [17, 7, 18, 6], [19, 17, 20, 16], [7, 19, 8, 18], [9, 21, 10, 20], [11, 1, 12, 22], [13, 3, 14, 2]]"
11a_234_160,"[[13, 3, 14, 2], [15, 5, 16, 4], [21, 11, 22, 10], [1, 13, 2, 12], [3, 15, 4, 14], [5, 9, 6, 8], [17, 7, 18, 6], [19, 17, 20, 16], [7, 19, 8, 18], [9, 21, 10, 20], [11, 1, 12, 22]]"
11a_234_161,"[[11, 1, 12, 22], [13, 3, 14, 2], [15, 5, 16, 4], [21, 11, 22, 10], [1, 13, 2, 12], [3, 15, 4, 14], [5, 9, 6, 8], [17, 7, 18, 6], [19, 17, 20, 16], [7, 19, 8, 18], [9, 21, 10, 20]]"
11a_234_162,"[[9, 21, 10, 20], [11, 1, 12, 22], [13, 3, 14, 2], [15, 5, 16, 4], [21, 11, 22, 10], [1, 13, 2, 12], [3, 15, 4, 14], [5, 9, 6, 8], [17, 7, 18, 6], [19, 17, 20, 16], [7, 19, 8, 18]]"
11a_234_163,"[[7, 19, 8, 18], [9, 21, 10, 20], [11, 1, 12, 22], [13, 3, 14, 2], [15, 5, 16, 4], [21, 11, 22, 10], [1, 13, 2, 12], [3, 15, 4, 14], [5, 9, 6, 8], [17, 7, 18, 6], [19, 17, 20, 16]]"
11a_234_164,"[[19, 17, 20, 16], [7, 19, 8, 18], [9, 21, 10, 20], [11, 1, 12, 22], [13, 3, 14, 2], [15, 5, 16, 4], [21, 11, 22, 10], [1, 13, 2, 12], [3, 15, 4, 14], [5, 9, 6, 8], [17, 7, 18, 6]]"
11a_234_165,"[[18, 8, 19, 7], [20, 18, 21, 17], [8, 20, 9, 19], [10, 22, 11, 21], [12, 2, 13, 1], [14, 4, 15, 3], [16, 6, 17, 5], [22, 12, 1, 11], [2, 14, 3, 13], [4, 16, 5, 15], [6, 10, 7, 9]]"
11a_234_166,"[[6, 10, 7, 9], [18, 8, 19, 7], [20, 18, 21, 17], [8, 20, 9, 19], [10, 22, 11, 21], [12, 2, 13, 1], [14, 4, 15, 3], [16, 6, 17, 5], [22, 12, 1, 11], [2, 14, 3, 13], [4, 16, 5, 15]]"
11a_234_167,"[[4, 16, 5, 15], [6, 10, 7, 9], [18, 8, 19, 7], [20, 18, 21, 17], [8, 20, 9, 19], [10, 22, 11, 21], [12, 2, 13, 1], [14, 4, 15, 3], [16, 6, 17, 5], [22, 12, 1, 11], [2, 14, 3, 13]]"
11a_234_168,"[[2, 14, 3, 13], [4, 16, 5, 15], [6, 10, 7, 9], [18, 8, 19, 7], [20, 18, 21, 17], [8, 20, 9, 19], [10, 22, 11, 21], [12, 2, 13, 1], [14, 4, 15, 3], [16, 6, 17, 5], [22, 12, 1, 11]]"
11a_234_169,"[[22, 12, 1, 11], [2, 14, 3, 13], [4, 16, 5, 15], [6, 10, 7, 9], [18, 8, 19, 7], [20, 18, 21, 17], [8, 20, 9, 19], [10, 22, 11, 21], [12, 2, 13, 1], [14, 4, 15, 3], [16, 6, 17, 5]]"
11a_234_170,"[[16, 6, 17, 5], [22, 12, 1, 11], [2, 14, 3, 13], [4, 16, 5, 15], [6, 10, 7, 9], [18, 8, 19, 7], [20, 18, 21, 17], [8, 20, 9, 19], [10, 22, 11, 21], [12, 2, 13, 1], [14, 4, 15, 3]]"
11a_234_171,"[[14, 4, 15, 3], [16, 6, 17, 5], [22, 12, 1, 11], [2, 14, 3, 13], [4, 16, 5, 15], [6, 10, 7, 9], [18, 8, 19, 7], [20, 18, 21, 17], [8, 20, 9, 19], [10, 22, 11, 21], [12, 2, 13, 1]]"
11a_234_172,"[[12, 2, 13, 1], [14, 4, 15, 3], [16, 6, 17, 5], [22, 12, 1, 11], [2, 14, 3, 13], [4, 16, 5, 15], [6, 10, 7, 9], [18, 8, 19, 7], [20, 18, 21, 17], [8, 20, 9, 19], [10, 22, 11, 21]]"
11a_234_173,"[[10, 22, 11, 21], [12, 2, 13, 1], [14, 4, 15, 3], [16, 6, 17, 5], [22, 12, 1, 11], [2, 14, 3, 13], [4, 16, 5, 15], [6, 10, 7, 9], [18, 8, 19, 7], [20, 18, 21, 17], [8, 20, 9, 19]]"
11a_234_174,"[[8, 20, 9, 19], [10, 22, 11, 21], [12, 2, 13, 1], [14, 4, 15, 3], [16, 6, 17, 5], [22, 12, 1, 11], [2, 14, 3, 13], [4, 16, 5, 15], [6, 10, 7, 9], [18, 8, 19, 7], [20, 18, 21, 17]]"
11a_234_175,"[[20, 18, 21, 17], [8, 20, 9, 19], [10, 22, 11, 21], [12, 2, 13, 1], [14, 4, 15, 3], [16, 6, 17, 5], [22, 12, 1, 11], [2, 14, 3, 13], [4, 16, 5, 15], [6, 10, 7, 9], [18, 8, 19, 7]]"
11a_234_176,"[[19, 9, 20, 8], [21, 19, 22, 18], [9, 21, 10, 20], [11, 1, 12, 22], [13, 3, 14, 2], [15, 5, 16, 4], [17, 7, 18, 6], [1, 13, 2, 12], [3, 15, 4, 14], [5, 17, 6, 16], [7, 11, 8, 10]]"
11a_234_177,"[[7, 11, 8, 10], [19, 9, 20, 8], [21, 19, 22, 18], [9, 21, 10, 20], [11, 1, 12, 22], [13, 3, 14, 2], [15, 5, 16, 4], [17, 7, 18, 6], [1, 13, 2, 12], [3, 15, 4, 14], [5, 17, 6, 16]]"
11a_234_178,"[[5, 17, 6, 16], [7, 11, 8, 10], [19, 9, 20, 8], [21, 19, 22, 18], [9, 21, 10, 20], [11, 1, 12, 22], [13, 3, 14, 2], [15, 5, 16, 4], [17, 7, 18, 6], [1, 13, 2, 12], [3, 15, 4, 14]]"
11a_234_179,"[[3, 15, 4, 14], [5, 17, 6, 16], [7, 11, 8, 10], [19, 9, 20, 8], [21, 19, 22, 18], [9, 21, 10, 20], [11, 1, 12, 22], [13, 3, 14, 2], [15, 5, 16, 4], [17, 7, 18, 6], [1, 13, 2, 12]]"
11a_234_180,"[[1, 13, 2, 12], [3, 15, 4, 14], [5, 17, 6, 16], [7, 11, 8, 10], [19, 9, 20, 8], [21, 19, 22, 18], [9, 21, 10, 20], [11, 1, 12, 22], [13, 3, 14, 2], [15, 5, 16, 4], [17, 7, 18, 6]]"
11a_234_181,"[[17, 7, 18, 6], [1, 13, 2, 12], [3, 15, 4, 14], [5, 17, 6, 16], [7, 11, 8, 10], [19, 9, 20, 8], [21, 19, 22, 18], [9, 21, 10, 20], [11, 1, 12, 22], [13, 3, 14, 2], [15, 5, 16, 4]]"
11a_234_182,"[[15, 5, 16, 4], [17, 7, 18, 6], [1, 13, 2, 12], [3, 15, 4, 14], [5, 17, 6, 16], [7, 11, 8, 10], [19, 9, 20, 8], [21, 19, 22, 18], [9, 21, 10, 20], [11, 1, 12, 22], [13, 3, 14, 2]]"
11a_234_183,"[[13, 3, 14, 2], [15, 5, 16, 4], [17, 7, 18, 6], [1, 13, 2, 12], [3, 15, 4, 14], [5, 17, 6, 16], [7, 11, 8, 10], [19, 9, 20, 8], [21, 19, 22, 18], [9, 21, 10, 20], [11, 1, 12, 22]]"
11a_234_184,"[[11, 1, 12, 22], [13, 3, 14, 2], [15, 5, 16, 4], [17, 7, 18, 6], [1, 13, 2, 12], [3, 15, 4, 14], [5, 17, 6, 16], [7, 11, 8, 10], [19, 9, 20, 8], [21, 19, 22, 18], [9, 21, 10, 20]]"
11a_234_185,"[[9, 21, 10, 20], [11, 1, 12, 22], [13, 3, 14, 2], [15, 5, 16, 4], [17, 7, 18, 6], [1, 13, 2, 12], [3, 15, 4, 14], [5, 17, 6, 16], [7, 11, 8, 10], [19, 9, 20, 8], [21, 19, 22, 18]]"
11a_234_186,"[[21, 19, 22, 18], [9, 21, 10, 20], [11, 1, 12, 22], [13, 3, 14, 2], [15, 5, 16, 4], [17, 7, 18, 6], [1, 13, 2, 12], [3, 15, 4, 14], [5, 17, 6, 16], [7, 11, 8, 10], [19, 9, 20, 8]]"
11a_234_187,"[[20, 10, 21, 9], [22, 20, 1, 19], [10, 22, 11, 21], [12, 2, 13, 1], [14, 4, 15, 3], [16, 6, 17, 5], [18, 8, 19, 7], [2, 14, 3, 13], [4, 16, 5, 15], [6, 18, 7, 17], [8, 12, 9, 11]]"
11a_234_188,"[[8, 12, 9, 11], [20, 10, 21, 9], [22, 20, 1, 19], [10, 22, 11, 21], [12, 2, 13, 1], [14, 4, 15, 3], [16, 6, 17, 5], [18, 8, 19, 7], [2, 14, 3, 13], [4, 16, 5, 15], [6, 18, 7, 17]]"
11a_234_189,"[[6, 18, 7, 17], [8, 12, 9, 11], [20, 10, 21, 9], [22, 20, 1, 19], [10, 22, 11, 21], [12, 2, 13, 1], [14, 4, 15, 3], [16, 6, 17, 5], [18, 8, 19, 7], [2, 14, 3, 13], [4, 16, 5, 15]]"
11a_234_190,"[[4, 16, 5, 15], [6, 18, 7, 17], [8, 12, 9, 11], [20, 10, 21, 9], [22, 20, 1, 19], [10, 22, 11, 21], [12, 2, 13, 1], [14, 4, 15, 3], [16, 6, 17, 5], [18, 8, 19, 7], [2, 14, 3, 13]]"
11a_234_191,"[[2, 14, 3, 13], [4, 16, 5, 15], [6, 18, 7, 17], [8, 12, 9, 11], [20, 10, 21, 9], [22, 20, 1, 19], [10, 22, 11, 21], [12, 2, 13, 1], [14, 4, 15, 3], [16, 6, 17, 5], [18, 8, 19, 7]]"
11a_234_192,"[[18, 8, 19, 7], [2, 14, 3, 13], [4, 16, 5, 15], [6, 18, 7, 17], [8, 12, 9, 11], [20, 10, 21, 9], [22, 20, 1, 19], [10, 22, 11, 21], [12, 2, 13, 1], [14, 4, 15, 3], [16, 6, 17, 5]]"
11a_234_193,"[[16, 6, 17, 5], [18, 8, 19, 7], [2, 14, 3, 13], [4, 16, 5, 15], [6, 18, 7, 17], [8, 12, 9, 11], [20, 10, 21, 9], [22, 20, 1, 19], [10, 22, 11, 21], [12, 2, 13, 1], [14, 4, 15, 3]]"
11a_234_194,"[[14, 4, 15, 3], [16, 6, 17, 5], [18, 8, 19, 7], [2, 14, 3, 13], [4, 16, 5, 15], [6, 18, 7, 17], [8, 12, 9, 11], [20, 10, 21, 9], [22, 20, 1, 19], [10, 22, 11, 21], [12, 2, 13, 1]]"
11a_234_195,"[[12, 2, 13, 1], [14, 4, 15, 3], [16, 6, 17, 5], [18, 8, 19, 7], [2, 14, 3, 13], [4, 16, 5, 15], [6, 18, 7, 17], [8, 12, 9, 11], [20, 10, 21, 9], [22, 20, 1, 19], [10, 22, 11, 21]]"
11a_234_196,"[[10, 22, 11, 21], [12, 2, 13, 1], [14, 4, 15, 3], [16, 6, 17, 5], [18, 8, 19, 7], [2, 14, 3, 13], [4, 16, 5, 15], [6, 18, 7, 17], [8, 12, 9, 11], [20, 10, 21, 9], [22, 20, 1, 19]]"
11a_234_197,"[[22, 20, 1, 19], [10, 22, 11, 21], [12, 2, 13, 1], [14, 4, 15, 3], [16, 6, 17, 5], [18, 8, 19, 7], [2, 14, 3, 13], [4, 16, 5, 15], [6, 18, 7, 17], [8, 12, 9, 11], [20, 10, 21, 9]]"
11a_234_198,"[[21, 11, 22, 10], [1, 21, 2, 20], [11, 1, 12, 22], [13, 3, 14, 2], [15, 5, 16, 4], [17, 7, 18, 6], [19, 9, 20, 8], [3, 15, 4, 14], [5, 17, 6, 16], [7, 19, 8, 18], [9, 13, 10, 12]]"
11a_234_199,"[[9, 13, 10, 12], [21, 11, 22, 10], [1, 21, 2, 20], [11, 1, 12, 22], [13, 3, 14, 2], [15, 5, 16, 4], [17, 7, 18, 6], [19, 9, 20, 8], [3, 15, 4, 14], [5, 17, 6, 16], [7, 19, 8, 18]]"
11a_234_200,"[[7, 19, 8, 18], [9, 13, 10, 12], [21, 11, 22, 10], [1, 21, 2, 20], [11, 1, 12, 22], [13, 3, 14, 2], [15, 5, 16, 4], [17, 7, 18, 6], [19, 9, 20, 8], [3, 15, 4, 14], [5, 17, 6, 16]]"
11a_234_201,"[[5, 17, 6, 16], [7, 19, 8, 18], [9, 13, 10, 12], [21, 11, 22, 10], [1, 21, 2, 20], [11, 1, 12, 22], [13, 3, 14, 2], [15, 5, 16, 4], [17, 7, 18, 6], [19, 9, 20, 8], [3, 15, 4, 14]]"
11a_234_202,"[[3, 15, 4, 14], [5, 17, 6, 16], [7, 19, 8, 18], [9, 13, 10, 12], [21, 11, 22, 10], [1, 21, 2, 20], [11, 1, 12, 22], [13, 3, 14, 2], [15, 5, 16, 4], [17, 7, 18, 6], [19, 9, 20, 8]]"
11a_234_203,"[[19, 9, 20, 8], [3, 15, 4, 14], [5, 17, 6, 16], [7, 19, 8, 18], [9, 13, 10, 12], [21, 11, 22, 10], [1, 21, 2, 20], [11, 1, 12, 22], [13, 3, 14, 2], [15, 5, 16, 4], [17, 7, 18, 6]]"
