name,pd_notation
11a_264_0,"[[3, 17, 4, 16], [7, 3, 8, 2], [17, 7, 18, 6], [1, 18, 2, 19], [15, 8, 16, 9], [9, 4, 10, 5], [5, 10, 6, 11], [19, 13, 20, 12], [11, 1, 12, 22], [21, 15, 22, 14], [13, 21, 14, 20]]"
11a_264_1,"[[13, 21, 14, 20], [3, 17, 4, 16], [7, 3, 8, 2], [17, 7, 18, 6], [1, 18, 2, 19], [15, 8, 16, 9], [9, 4, 10, 5], [5, 10, 6, 11], [19, 13, 20, 12], [11, 1, 12, 22], [21, 15, 22, 14]]"
11a_264_2,"[[21, 15, 22, 14], [13, 21, 14, 20], [3, 17, 4, 16], [7, 3, 8, 2], [17, 7, 18, 6], [1, 18, 2, 19], [15, 8, 16, 9], [9, 4, 10, 5], [5, 10, 6, 11], [19, 13, 20, 12], [11, 1, 12, 22]]"
11a_264_3,"[[11, 1, 12, 22], [21, 15, 22, 14], [13, 21, 14, 20], [3, 17, 4, 16], [7, 3, 8, 2], [17, 7, 18, 6], [1, 18, 2, 19], [15, 8, 16, 9], [9, 4, 10, 5], [5, 10, 6, 11], [19, 13, 20, 12]]"
11a_264_4,"[[19, 13, 20, 12], [11, 1, 12, 22], [21, 15, 22, 14], [13, 21, 14, 20], [3, 17, 4, 16], [7, 3, 8, 2], [17, 7, 18, 6], [1, 18, 2, 19], [15, 8, 16, 9], [9, 4, 10, 5], [5, 10, 6, 11]]"
11a_264_5,"[[5, 10, 6, 11], [19, 13, 20, 12], [11, 1, 12, 22], [21, 15, 22, 14], [13, 21, 14, 20], [3, 17, 4, 16], [7, 3, 8, 2], [17, 7, 18, 6], [1, 18, 2, 19], [15, 8, 16, 9], [9, 4, 10, 5]]"
11a_264_6,"[[9, 4, 10, 5], [5, 10, 6, 11], [19, 13, 20, 12], [11, 1, 12, 22], [21, 15, 22, 14], [13, 21, 14, 20], [3, 17, 4, 16], [7, 3, 8, 2], [17, 7, 18, 6], [1, 18, 2, 19], [15, 8, 16, 9]]"
11a_264_7,"[[15, 8, 16, 9], [9, 4, 10, 5], [5, 10, 6, 11], [19, 13, 20, 12], [11, 1, 12, 22], [21, 15, 22, 14], [13, 21, 14, 20], [3, 17, 4, 16], [7, 3, 8, 2], [17, 7, 18, 6], [1, 18, 2, 19]]"
11a_264_8,"[[1, 18, 2, 19], [15, 8, 16, 9], [9, 4, 10, 5], [5, 10, 6, 11], [19, 13, 20, 12], [11, 1, 12, 22], [21, 15, 22, 14], [13, 21, 14, 20], [3, 17, 4, 16], [7, 3, 8, 2], [17, 7, 18, 6]]"
11a_264_9,"[[17, 7, 18, 6], [1, 18, 2, 19], [15, 8, 16, 9], [9, 4, 10, 5], [5, 10, 6, 11], [19, 13, 20, 12], [11, 1, 12, 22], [21, 15, 22, 14], [13, 21, 14, 20], [3, 17, 4, 16], [7, 3, 8, 2]]"
11a_264_10,"[[7, 3, 8, 2], [17, 7, 18, 6], [1, 18, 2, 19], [15, 8, 16, 9], [9, 4, 10, 5], [5, 10, 6, 11], [19, 13, 20, 12], [11, 1, 12, 22], [21, 15, 22, 14], [13, 21, 14, 20], [3, 17, 4, 16]]"
11a_264_11,"[[4, 18, 5, 17], [8, 4, 9, 3], [18, 8, 19, 7], [2, 19, 3, 20], [16, 9, 17, 10], [10, 5, 11, 6], [6, 11, 7, 12], [20, 14, 21, 13], [12, 2, 13, 1], [22, 16, 1, 15], [14, 22, 15, 21]]"
11a_264_12,"[[14, 22, 15, 21], [4, 18, 5, 17], [8, 4, 9, 3], [18, 8, 19, 7], [2, 19, 3, 20], [16, 9, 17, 10], [10, 5, 11, 6], [6, 11, 7, 12], [20, 14, 21, 13], [12, 2, 13, 1], [22, 16, 1, 15]]"
11a_264_13,"[[22, 16, 1, 15], [14, 22, 15, 21], [4, 18, 5, 17], [8, 4, 9, 3], [18, 8, 19, 7], [2, 19, 3, 20], [16, 9, 17, 10], [10, 5, 11, 6], [6, 11, 7, 12], [20, 14, 21, 13], [12, 2, 13, 1]]"
11a_264_14,"[[12, 2, 13, 1], [22, 16, 1, 15], [14, 22, 15, 21], [4, 18, 5, 17], [8, 4, 9, 3], [18, 8, 19, 7], [2, 19, 3, 20], [16, 9, 17, 10], [10, 5, 11, 6], [6, 11, 7, 12], [20, 14, 21, 13]]"
11a_264_15,"[[20, 14, 21, 13], [12, 2, 13, 1], [22, 16, 1, 15], [14, 22, 15, 21], [4, 18, 5, 17], [8, 4, 9, 3], [18, 8, 19, 7], [2, 19, 3, 20], [16, 9, 17, 10], [10, 5, 11, 6], [6, 11, 7, 12]]"
11a_264_16,"[[6, 11, 7, 12], [20, 14, 21, 13], [12, 2, 13, 1], [22, 16, 1, 15], [14, 22, 15, 21], [4, 18, 5, 17], [8, 4, 9, 3], [18, 8, 19, 7], [2, 19, 3, 20], [16, 9, 17, 10], [10, 5, 11, 6]]"
11a_264_17,"[[10, 5, 11, 6], [6, 11, 7, 12], [20, 14, 21, 13], [12, 2, 13, 1], [22, 16, 1, 15], [14, 22, 15, 21], [4, 18, 5, 17], [8, 4, 9, 3], [18, 8, 19, 7], [2, 19, 3, 20], [16, 9, 17, 10]]"
11a_264_18,"[[16, 9, 17, 10], [10, 5, 11, 6], [6, 11, 7, 12], [20, 14, 21, 13], [12, 2, 13, 1], [22, 16, 1, 15], [14, 22, 15, 21], [4, 18, 5, 17], [8, 4, 9, 3], [18, 8, 19, 7], [2, 19, 3, 20]]"
11a_264_19,"[[2, 19, 3, 20], [16, 9, 17, 10], [10, 5, 11, 6], [6, 11, 7, 12], [20, 14, 21, 13], [12, 2, 13, 1], [22, 16, 1, 15], [14, 22, 15, 21], [4, 18, 5, 17], [8, 4, 9, 3], [18, 8, 19, 7]]"
11a_264_20,"[[18, 8, 19, 7], [2, 19, 3, 20], [16, 9, 17, 10], [10, 5, 11, 6], [6, 11, 7, 12], [20, 14, 21, 13], [12, 2, 13, 1], [22, 16, 1, 15], [14, 22, 15, 21], [4, 18, 5, 17], [8, 4, 9, 3]]"
11a_264_21,"[[8, 4, 9, 3], [18, 8, 19, 7], [2, 19, 3, 20], [16, 9, 17, 10], [10, 5, 11, 6], [6, 11, 7, 12], [20, 14, 21, 13], [12, 2, 13, 1], [22, 16, 1, 15], [14, 22, 15, 21], [4, 18, 5, 17]]"
11a_264_22,"[[5, 19, 6, 18], [9, 5, 10, 4], [19, 9, 20, 8], [3, 20, 4, 21], [17, 10, 18, 11], [11, 6, 12, 7], [7, 12, 8, 13], [21, 15, 22, 14], [13, 3, 14, 2], [1, 17, 2, 16], [15, 1, 16, 22]]"
11a_264_23,"[[15, 1, 16, 22], [5, 19, 6, 18], [9, 5, 10, 4], [19, 9, 20, 8], [3, 20, 4, 21], [17, 10, 18, 11], [11, 6, 12, 7], [7, 12, 8, 13], [21, 15, 22, 14], [13, 3, 14, 2], [1, 17, 2, 16]]"
11a_264_24,"[[1, 17, 2, 16], [15, 1, 16, 22], [5, 19, 6, 18], [9, 5, 10, 4], [19, 9, 20, 8], [3, 20, 4, 21], [17, 10, 18, 11], [11, 6, 12, 7], [7, 12, 8, 13], [21, 15, 22, 14], [13, 3, 14, 2]]"
11a_264_25,"[[13, 3, 14, 2], [1, 17, 2, 16], [15, 1, 16, 22], [5, 19, 6, 18], [9, 5, 10, 4], [19, 9, 20, 8], [3, 20, 4, 21], [17, 10, 18, 11], [11, 6, 12, 7], [7, 12, 8, 13], [21, 15, 22, 14]]"
11a_264_26,"[[21, 15, 22, 14], [13, 3, 14, 2], [1, 17, 2, 16], [15, 1, 16, 22], [5, 19, 6, 18], [9, 5, 10, 4], [19, 9, 20, 8], [3, 20, 4, 21], [17, 10, 18, 11], [11, 6, 12, 7], [7, 12, 8, 13]]"
11a_264_27,"[[7, 12, 8, 13], [21, 15, 22, 14], [13, 3, 14, 2], [1, 17, 2, 16], [15, 1, 16, 22], [5, 19, 6, 18], [9, 5, 10, 4], [19, 9, 20, 8], [3, 20, 4, 21], [17, 10, 18, 11], [11, 6, 12, 7]]"
11a_264_28,"[[11, 6, 12, 7], [7, 12, 8, 13], [21, 15, 22, 14], [13, 3, 14, 2], [1, 17, 2, 16], [15, 1, 16, 22], [5, 19, 6, 18], [9, 5, 10, 4], [19, 9, 20, 8], [3, 20, 4, 21], [17, 10, 18, 11]]"
11a_264_29,"[[17, 10, 18, 11], [11, 6, 12, 7], [7, 12, 8, 13], [21, 15, 22, 14], [13, 3, 14, 2], [1, 17, 2, 16], [15, 1, 16, 22], [5, 19, 6, 18], [9, 5, 10, 4], [19, 9, 20, 8], [3, 20, 4, 21]]"
11a_264_30,"[[3, 20, 4, 21], [17, 10, 18, 11], [11, 6, 12, 7], [7, 12, 8, 13], [21, 15, 22, 14], [13, 3, 14, 2], [1, 17, 2, 16], [15, 1, 16, 22], [5, 19, 6, 18], [9, 5, 10, 4], [19, 9, 20, 8]]"
11a_264_31,"[[19, 9, 20, 8], [3, 20, 4, 21], [17, 10, 18, 11], [11, 6, 12, 7], [7, 12, 8, 13], [21, 15, 22, 14], [13, 3, 14, 2], [1, 17, 2, 16], [15, 1, 16, 22], [5, 19, 6, 18], [9, 5, 10, 4]]"
11a_264_32,"[[9, 5, 10, 4], [19, 9, 20, 8], [3, 20, 4, 21], [17, 10, 18, 11], [11, 6, 12, 7], [7, 12, 8, 13], [21, 15, 22, 14], [13, 3, 14, 2], [1, 17, 2, 16], [15, 1, 16, 22], [5, 19, 6, 18]]"
11a_264_33,"[[6, 20, 7, 19], [10, 6, 11, 5], [20, 10, 21, 9], [4, 21, 5, 22], [18, 11, 19, 12], [12, 7, 13, 8], [8, 13, 9, 14], [22, 16, 1, 15], [14, 4, 15, 3], [2, 18, 3, 17], [16, 2, 17, 1]]"
11a_264_34,"[[16, 2, 17, 1], [6, 20, 7, 19], [10, 6, 11, 5], [20, 10, 21, 9], [4, 21, 5, 22], [18, 11, 19, 12], [12, 7, 13, 8], [8, 13, 9, 14], [22, 16, 1, 15], [14, 4, 15, 3], [2, 18, 3, 17]]"
11a_264_35,"[[2, 18, 3, 17], [16, 2, 17, 1], [6, 20, 7, 19], [10, 6, 11, 5], [20, 10, 21, 9], [4, 21, 5, 22], [18, 11, 19, 12], [12, 7, 13, 8], [8, 13, 9, 14], [22, 16, 1, 15], [14, 4, 15, 3]]"
11a_264_36,"[[14, 4, 15, 3], [2, 18, 3, 17], [16, 2, 17, 1], [6, 20, 7, 19], [10, 6, 11, 5], [20, 10, 21, 9], [4, 21, 5, 22], [18, 11, 19, 12], [12, 7, 13, 8], [8, 13, 9, 14], [22, 16, 1, 15]]"
11a_264_37,"[[22, 16, 1, 15], [14, 4, 15, 3], [2, 18, 3, 17], [16, 2, 17, 1], [6, 20, 7, 19], [10, 6, 11, 5], [20, 10, 21, 9], [4, 21, 5, 22], [18, 11, 19, 12], [12, 7, 13, 8], [8, 13, 9, 14]]"
11a_264_38,"[[8, 13, 9, 14], [22, 16, 1, 15], [14, 4, 15, 3], [2, 18, 3, 17], [16, 2, 17, 1], [6, 20, 7, 19], [10, 6, 11, 5], [20, 10, 21, 9], [4, 21, 5, 22], [18, 11, 19, 12], [12, 7, 13, 8]]"
11a_264_39,"[[12, 7, 13, 8], [8, 13, 9, 14], [22, 16, 1, 15], [14, 4, 15, 3], [2, 18, 3, 17], [16, 2, 17, 1], [6, 20, 7, 19], [10, 6, 11, 5], [20, 10, 21, 9], [4, 21, 5, 22], [18, 11, 19, 12]]"
11a_264_40,"[[18, 11, 19, 12], [12, 7, 13, 8], [8, 13, 9, 14], [22, 16, 1, 15], [14, 4, 15, 3], [2, 18, 3, 17], [16, 2, 17, 1], [6, 20, 7, 19], [10, 6, 11, 5], [20, 10, 21, 9], [4, 21, 5, 22]]"
11a_264_41,"[[4, 21, 5, 22], [18, 11, 19, 12], [12, 7, 13, 8], [8, 13, 9, 14], [22, 16, 1, 15], [14, 4, 15, 3], [2, 18, 3, 17], [16, 2, 17, 1], [6, 20, 7, 19], [10, 6, 11, 5], [20, 10, 21, 9]]"
11a_264_42,"[[20, 10, 21, 9], [4, 21, 5, 22], [18, 11, 19, 12], [12, 7, 13, 8], [8, 13, 9, 14], [22, 16, 1, 15], [14, 4, 15, 3], [2, 18, 3, 17], [16, 2, 17, 1], [6, 20, 7, 19], [10, 6, 11, 5]]"
11a_264_43,"[[10, 6, 11, 5], [20, 10, 21, 9], [4, 21, 5, 22], [18, 11, 19, 12], [12, 7, 13, 8], [8, 13, 9, 14], [22, 16, 1, 15], [14, 4, 15, 3], [2, 18, 3, 17], [16, 2, 17, 1], [6, 20, 7, 19]]"
11a_264_44,"[[7, 21, 8, 20], [11, 7, 12, 6], [21, 11, 22, 10], [5, 22, 6, 1], [19, 12, 20, 13], [13, 8, 14, 9], [9, 14, 10, 15], [1, 17, 2, 16], [15, 5, 16, 4], [3, 19, 4, 18], [17, 3, 18, 2]]"
11a_264_45,"[[17, 3, 18, 2], [7, 21, 8, 20], [11, 7, 12, 6], [21, 11, 22, 10], [5, 22, 6, 1], [19, 12, 20, 13], [13, 8, 14, 9], [9, 14, 10, 15], [1, 17, 2, 16], [15, 5, 16, 4], [3, 19, 4, 18]]"
11a_264_46,"[[3, 19, 4, 18], [17, 3, 18, 2], [7, 21, 8, 20], [11, 7, 12, 6], [21, 11, 22, 10], [5, 22, 6, 1], [19, 12, 20, 13], [13, 8, 14, 9], [9, 14, 10, 15], [1, 17, 2, 16], [15, 5, 16, 4]]"
11a_264_47,"[[15, 5, 16, 4], [3, 19, 4, 18], [17, 3, 18, 2], [7, 21, 8, 20], [11, 7, 12, 6], [21, 11, 22, 10], [5, 22, 6, 1], [19, 12, 20, 13], [13, 8, 14, 9], [9, 14, 10, 15], [1, 17, 2, 16]]"
11a_264_48,"[[1, 17, 2, 16], [15, 5, 16, 4], [3, 19, 4, 18], [17, 3, 18, 2], [7, 21, 8, 20], [11, 7, 12, 6], [21, 11, 22, 10], [5, 22, 6, 1], [19, 12, 20, 13], [13, 8, 14, 9], [9, 14, 10, 15]]"
11a_264_49,"[[9, 14, 10, 15], [1, 17, 2, 16], [15, 5, 16, 4], [3, 19, 4, 18], [17, 3, 18, 2], [7, 21, 8, 20], [11, 7, 12, 6], [21, 11, 22, 10], [5, 22, 6, 1], [19, 12, 20, 13], [13, 8, 14, 9]]"
11a_264_50,"[[13, 8, 14, 9], [9, 14, 10, 15], [1, 17, 2, 16], [15, 5, 16, 4], [3, 19, 4, 18], [17, 3, 18, 2], [7, 21, 8, 20], [11, 7, 12, 6], [21, 11, 22, 10], [5, 22, 6, 1], [19, 12, 20, 13]]"
11a_264_51,"[[19, 12, 20, 13], [13, 8, 14, 9], [9, 14, 10, 15], [1, 17, 2, 16], [15, 5, 16, 4], [3, 19, 4, 18], [17, 3, 18, 2], [7, 21, 8, 20], [11, 7, 12, 6], [21, 11, 22, 10], [5, 22, 6, 1]]"
11a_264_52,"[[5, 22, 6, 1], [19, 12, 20, 13], [13, 8, 14, 9], [9, 14, 10, 15], [1, 17, 2, 16], [15, 5, 16, 4], [3, 19, 4, 18], [17, 3, 18, 2], [7, 21, 8, 20], [11, 7, 12, 6], [21, 11, 22, 10]]"
11a_264_53,"[[21, 11, 22, 10], [5, 22, 6, 1], [19, 12, 20, 13], [13, 8, 14, 9], [9, 14, 10, 15], [1, 17, 2, 16], [15, 5, 16, 4], [3, 19, 4, 18], [17, 3, 18, 2], [7, 21, 8, 20], [11, 7, 12, 6]]"
11a_264_54,"[[11, 7, 12, 6], [21, 11, 22, 10], [5, 22, 6, 1], [19, 12, 20, 13], [13, 8, 14, 9], [9, 14, 10, 15], [1, 17, 2, 16], [15, 5, 16, 4], [3, 19, 4, 18], [17, 3, 18, 2], [7, 21, 8, 20]]"
11a_264_55,"[[8, 22, 9, 21], [12, 8, 13, 7], [22, 12, 1, 11], [6, 1, 7, 2], [20, 13, 21, 14], [14, 9, 15, 10], [10, 15, 11, 16], [2, 18, 3, 17], [16, 6, 17, 5], [4, 20, 5, 19], [18, 4, 19, 3]]"
11a_264_56,"[[18, 4, 19, 3], [8, 22, 9, 21], [12, 8, 13, 7], [22, 12, 1, 11], [6, 1, 7, 2], [20, 13, 21, 14], [14, 9, 15, 10], [10, 15, 11, 16], [2, 18, 3, 17], [16, 6, 17, 5], [4, 20, 5, 19]]"
11a_264_57,"[[4, 20, 5, 19], [18, 4, 19, 3], [8, 22, 9, 21], [12, 8, 13, 7], [22, 12, 1, 11], [6, 1, 7, 2], [20, 13, 21, 14], [14, 9, 15, 10], [10, 15, 11, 16], [2, 18, 3, 17], [16, 6, 17, 5]]"
11a_264_58,"[[16, 6, 17, 5], [4, 20, 5, 19], [18, 4, 19, 3], [8, 22, 9, 21], [12, 8, 13, 7], [22, 12, 1, 11], [6, 1, 7, 2], [20, 13, 21, 14], [14, 9, 15, 10], [10, 15, 11, 16], [2, 18, 3, 17]]"
11a_264_59,"[[2, 18, 3, 17], [16, 6, 17, 5], [4, 20, 5, 19], [18, 4, 19, 3], [8, 22, 9, 21], [12, 8, 13, 7], [22, 12, 1, 11], [6, 1, 7, 2], [20, 13, 21, 14], [14, 9, 15, 10], [10, 15, 11, 16]]"
11a_264_60,"[[10, 15, 11, 16], [2, 18, 3, 17], [16, 6, 17, 5], [4, 20, 5, 19], [18, 4, 19, 3], [8, 22, 9, 21], [12, 8, 13, 7], [22, 12, 1, 11], [6, 1, 7, 2], [20, 13, 21, 14], [14, 9, 15, 10]]"
11a_264_61,"[[14, 9, 15, 10], [10, 15, 11, 16], [2, 18, 3, 17], [16, 6, 17, 5], [4, 20, 5, 19], [18, 4, 19, 3], [8, 22, 9, 21], [12, 8, 13, 7], [22, 12, 1, 11], [6, 1, 7, 2], [20, 13, 21, 14]]"
11a_264_62,"[[20, 13, 21, 14], [14, 9, 15, 10], [10, 15, 11, 16], [2, 18, 3, 17], [16, 6, 17, 5], [4, 20, 5, 19], [18, 4, 19, 3], [8, 22, 9, 21], [12, 8, 13, 7], [22, 12, 1, 11], [6, 1, 7, 2]]"
11a_264_63,"[[6, 1, 7, 2], [20, 13, 21, 14], [14, 9, 15, 10], [10, 15, 11, 16], [2, 18, 3, 17], [16, 6, 17, 5], [4, 20, 5, 19], [18, 4, 19, 3], [8, 22, 9, 21], [12, 8, 13, 7], [22, 12, 1, 11]]"
11a_264_64,"[[22, 12, 1, 11], [6, 1, 7, 2], [20, 13, 21, 14], [14, 9, 15, 10], [10, 15, 11, 16], [2, 18, 3, 17], [16, 6, 17, 5], [4, 20, 5, 19], [18, 4, 19, 3], [8, 22, 9, 21], [12, 8, 13, 7]]"
11a_264_65,"[[12, 8, 13, 7], [22, 12, 1, 11], [6, 1, 7, 2], [20, 13, 21, 14], [14, 9, 15, 10], [10, 15, 11, 16], [2, 18, 3, 17], [16, 6, 17, 5], [4, 20, 5, 19], [18, 4, 19, 3], [8, 22, 9, 21]]"
11a_264_66,"[[9, 1, 10, 22], [13, 9, 14, 8], [1, 13, 2, 12], [7, 2, 8, 3], [21, 14, 22, 15], [15, 10, 16, 11], [11, 16, 12, 17], [3, 19, 4, 18], [17, 7, 18, 6], [5, 21, 6, 20], [19, 5, 20, 4]]"
11a_264_67,"[[19, 5, 20, 4], [9, 1, 10, 22], [13, 9, 14, 8], [1, 13, 2, 12], [7, 2, 8, 3], [21, 14, 22, 15], [15, 10, 16, 11], [11, 16, 12, 17], [3, 19, 4, 18], [17, 7, 18, 6], [5, 21, 6, 20]]"
11a_264_68,"[[5, 21, 6, 20], [19, 5, 20, 4], [9, 1, 10, 22], [13, 9, 14, 8], [1, 13, 2, 12], [7, 2, 8, 3], [21, 14, 22, 15], [15, 10, 16, 11], [11, 16, 12, 17], [3, 19, 4, 18], [17, 7, 18, 6]]"
11a_264_69,"[[17, 7, 18, 6], [5, 21, 6, 20], [19, 5, 20, 4], [9, 1, 10, 22], [13, 9, 14, 8], [1, 13, 2, 12], [7, 2, 8, 3], [21, 14, 22, 15], [15, 10, 16, 11], [11, 16, 12, 17], [3, 19, 4, 18]]"
11a_264_70,"[[3, 19, 4, 18], [17, 7, 18, 6], [5, 21, 6, 20], [19, 5, 20, 4], [9, 1, 10, 22], [13, 9, 14, 8], [1, 13, 2, 12], [7, 2, 8, 3], [21, 14, 22, 15], [15, 10, 16, 11], [11, 16, 12, 17]]"
11a_264_71,"[[11, 16, 12, 17], [3, 19, 4, 18], [17, 7, 18, 6], [5, 21, 6, 20], [19, 5, 20, 4], [9, 1, 10, 22], [13, 9, 14, 8], [1, 13, 2, 12], [7, 2, 8, 3], [21, 14, 22, 15], [15, 10, 16, 11]]"
11a_264_72,"[[15, 10, 16, 11], [11, 16, 12, 17], [3, 19, 4, 18], [17, 7, 18, 6], [5, 21, 6, 20], [19, 5, 20, 4], [9, 1, 10, 22], [13, 9, 14, 8], [1, 13, 2, 12], [7, 2, 8, 3], [21, 14, 22, 15]]"
11a_264_73,"[[21, 14, 22, 15], [15, 10, 16, 11], [11, 16, 12, 17], [3, 19, 4, 18], [17, 7, 18, 6], [5, 21, 6, 20], [19, 5, 20, 4], [9, 1, 10, 22], [13, 9, 14, 8], [1, 13, 2, 12], [7, 2, 8, 3]]"
11a_264_74,"[[7, 2, 8, 3], [21, 14, 22, 15], [15, 10, 16, 11], [11, 16, 12, 17], [3, 19, 4, 18], [17, 7, 18, 6], [5, 21, 6, 20], [19, 5, 20, 4], [9, 1, 10, 22], [13, 9, 14, 8], [1, 13, 2, 12]]"
11a_264_75,"[[1, 13, 2, 12], [7, 2, 8, 3], [21, 14, 22, 15], [15, 10, 16, 11], [11, 16, 12, 17], [3, 19, 4, 18], [17, 7, 18, 6], [5, 21, 6, 20], [19, 5, 20, 4], [9, 1, 10, 22], [13, 9, 14, 8]]"
11a_264_76,"[[13, 9, 14, 8], [1, 13, 2, 12], [7, 2, 8, 3], [21, 14, 22, 15], [15, 10, 16, 11], [11, 16, 12, 17], [3, 19, 4, 18], [17, 7, 18, 6], [5, 21, 6, 20], [19, 5, 20, 4], [9, 1, 10, 22]]"
11a_264_77,"[[10, 2, 11, 1], [14, 10, 15, 9], [2, 14, 3, 13], [8, 3, 9, 4], [22, 15, 1, 16], [16, 11, 17, 12], [12, 17, 13, 18], [4, 20, 5, 19], [18, 8, 19, 7], [6, 22, 7, 21], [20, 6, 21, 5]]"
11a_264_78,"[[20, 6, 21, 5], [10, 2, 11, 1], [14, 10, 15, 9], [2, 14, 3, 13], [8, 3, 9, 4], [22, 15, 1, 16], [16, 11, 17, 12], [12, 17, 13, 18], [4, 20, 5, 19], [18, 8, 19, 7], [6, 22, 7, 21]]"
11a_264_79,"[[6, 22, 7, 21], [20, 6, 21, 5], [10, 2, 11, 1], [14, 10, 15, 9], [2, 14, 3, 13], [8, 3, 9, 4], [22, 15, 1, 16], [16, 11, 17, 12], [12, 17, 13, 18], [4, 20, 5, 19], [18, 8, 19, 7]]"
11a_264_80,"[[18, 8, 19, 7], [6, 22, 7, 21], [20, 6, 21, 5], [10, 2, 11, 1], [14, 10, 15, 9], [2, 14, 3, 13], [8, 3, 9, 4], [22, 15, 1, 16], [16, 11, 17, 12], [12, 17, 13, 18], [4, 20, 5, 19]]"
11a_264_81,"[[4, 20, 5, 19], [18, 8, 19, 7], [6, 22, 7, 21], [20, 6, 21, 5], [10, 2, 11, 1], [14, 10, 15, 9], [2, 14, 3, 13], [8, 3, 9, 4], [22, 15, 1, 16], [16, 11, 17, 12], [12, 17, 13, 18]]"
11a_264_82,"[[12, 17, 13, 18], [4, 20, 5, 19], [18, 8, 19, 7], [6, 22, 7, 21], [20, 6, 21, 5], [10, 2, 11, 1], [14, 10, 15, 9], [2, 14, 3, 13], [8, 3, 9, 4], [22, 15, 1, 16], [16, 11, 17, 12]]"
11a_264_83,"[[16, 11, 17, 12], [12, 17, 13, 18], [4, 20, 5, 19], [18, 8, 19, 7], [6, 22, 7, 21], [20, 6, 21, 5], [10, 2, 11, 1], [14, 10, 15, 9], [2, 14, 3, 13], [8, 3, 9, 4], [22, 15, 1, 16]]"
11a_264_84,"[[22, 15, 1, 16], [16, 11, 17, 12], [12, 17, 13, 18], [4, 20, 5, 19], [18, 8, 19, 7], [6, 22, 7, 21], [20, 6, 21, 5], [10, 2, 11, 1], [14, 10, 15, 9], [2, 14, 3, 13], [8, 3, 9, 4]]"
11a_264_85,"[[8, 3, 9, 4], [22, 15, 1, 16], [16, 11, 17, 12], [12, 17, 13, 18], [4, 20, 5, 19], [18, 8, 19, 7], [6, 22, 7, 21], [20, 6, 21, 5], [10, 2, 11, 1], [14, 10, 15, 9], [2, 14, 3, 13]]"
11a_264_86,"[[2, 14, 3, 13], [8, 3, 9, 4], [22, 15, 1, 16], [16, 11, 17, 12], [12, 17, 13, 18], [4, 20, 5, 19], [18, 8, 19, 7], [6, 22, 7, 21], [20, 6, 21, 5], [10, 2, 11, 1], [14, 10, 15, 9]]"
11a_264_87,"[[14, 10, 15, 9], [2, 14, 3, 13], [8, 3, 9, 4], [22, 15, 1, 16], [16, 11, 17, 12], [12, 17, 13, 18], [4, 20, 5, 19], [18, 8, 19, 7], [6, 22, 7, 21], [20, 6, 21, 5], [10, 2, 11, 1]]"
11a_264_88,"[[11, 3, 12, 2], [15, 11, 16, 10], [3, 15, 4, 14], [9, 4, 10, 5], [1, 16, 2, 17], [17, 12, 18, 13], [13, 18, 14, 19], [5, 21, 6, 20], [19, 9, 20, 8], [7, 1, 8, 22], [21, 7, 22, 6]]"
11a_264_89,"[[21, 7, 22, 6], [11, 3, 12, 2], [15, 11, 16, 10], [3, 15, 4, 14], [9, 4, 10, 5], [1, 16, 2, 17], [17, 12, 18, 13], [13, 18, 14, 19], [5, 21, 6, 20], [19, 9, 20, 8], [7, 1, 8, 22]]"
11a_264_90,"[[7, 1, 8, 22], [21, 7, 22, 6], [11, 3, 12, 2], [15, 11, 16, 10], [3, 15, 4, 14], [9, 4, 10, 5], [1, 16, 2, 17], [17, 12, 18, 13], [13, 18, 14, 19], [5, 21, 6, 20], [19, 9, 20, 8]]"
11a_264_91,"[[19, 9, 20, 8], [7, 1, 8, 22], [21, 7, 22, 6], [11, 3, 12, 2], [15, 11, 16, 10], [3, 15, 4, 14], [9, 4, 10, 5], [1, 16, 2, 17], [17, 12, 18, 13], [13, 18, 14, 19], [5, 21, 6, 20]]"
11a_264_92,"[[5, 21, 6, 20], [19, 9, 20, 8], [7, 1, 8, 22], [21, 7, 22, 6], [11, 3, 12, 2], [15, 11, 16, 10], [3, 15, 4, 14], [9, 4, 10, 5], [1, 16, 2, 17], [17, 12, 18, 13], [13, 18, 14, 19]]"
11a_264_93,"[[13, 18, 14, 19], [5, 21, 6, 20], [19, 9, 20, 8], [7, 1, 8, 22], [21, 7, 22, 6], [11, 3, 12, 2], [15, 11, 16, 10], [3, 15, 4, 14], [9, 4, 10, 5], [1, 16, 2, 17], [17, 12, 18, 13]]"
11a_264_94,"[[17, 12, 18, 13], [13, 18, 14, 19], [5, 21, 6, 20], [19, 9, 20, 8], [7, 1, 8, 22], [21, 7, 22, 6], [11, 3, 12, 2], [15, 11, 16, 10], [3, 15, 4, 14], [9, 4, 10, 5], [1, 16, 2, 17]]"
11a_264_95,"[[1, 16, 2, 17], [17, 12, 18, 13], [13, 18, 14, 19], [5, 21, 6, 20], [19, 9, 20, 8], [7, 1, 8, 22], [21, 7, 22, 6], [11, 3, 12, 2], [15, 11, 16, 10], [3, 15, 4, 14], [9, 4, 10, 5]]"
11a_264_96,"[[9, 4, 10, 5], [1, 16, 2, 17], [17, 12, 18, 13], [13, 18, 14, 19], [5, 21, 6, 20], [19, 9, 20, 8], [7, 1, 8, 22], [21, 7, 22, 6], [11, 3, 12, 2], [15, 11, 16, 10], [3, 15, 4, 14]]"
11a_264_97,"[[3, 15, 4, 14], [9, 4, 10, 5], [1, 16, 2, 17], [17, 12, 18, 13], [13, 18, 14, 19], [5, 21, 6, 20], [19, 9, 20, 8], [7, 1, 8, 22], [21, 7, 22, 6], [11, 3, 12, 2], [15, 11, 16, 10]]"
11a_264_98,"[[15, 11, 16, 10], [3, 15, 4, 14], [9, 4, 10, 5], [1, 16, 2, 17], [17, 12, 18, 13], [13, 18, 14, 19], [5, 21, 6, 20], [19, 9, 20, 8], [7, 1, 8, 22], [21, 7, 22, 6], [11, 3, 12, 2]]"
11a_264_99,"[[12, 4, 13, 3], [16, 12, 17, 11], [4, 16, 5, 15], [10, 5, 11, 6], [2, 17, 3, 18], [18, 13, 19, 14], [14, 19, 15, 20], [6, 22, 7, 21], [20, 10, 21, 9], [8, 2, 9, 1], [22, 8, 1, 7]]"
11a_264_100,"[[22, 8, 1, 7], [12, 4, 13, 3], [16, 12, 17, 11], [4, 16, 5, 15], [10, 5, 11, 6], [2, 17, 3, 18], [18, 13, 19, 14], [14, 19, 15, 20], [6, 22, 7, 21], [20, 10, 21, 9], [8, 2, 9, 1]]"
11a_264_101,"[[8, 2, 9, 1], [22, 8, 1, 7], [12, 4, 13, 3], [16, 12, 17, 11], [4, 16, 5, 15], [10, 5, 11, 6], [2, 17, 3, 18], [18, 13, 19, 14], [14, 19, 15, 20], [6, 22, 7, 21], [20, 10, 21, 9]]"
11a_264_102,"[[20, 10, 21, 9], [8, 2, 9, 1], [22, 8, 1, 7], [12, 4, 13, 3], [16, 12, 17, 11], [4, 16, 5, 15], [10, 5, 11, 6], [2, 17, 3, 18], [18, 13, 19, 14], [14, 19, 15, 20], [6, 22, 7, 21]]"
11a_264_103,"[[6, 22, 7, 21], [20, 10, 21, 9], [8, 2, 9, 1], [22, 8, 1, 7], [12, 4, 13, 3], [16, 12, 17, 11], [4, 16, 5, 15], [10, 5, 11, 6], [2, 17, 3, 18], [18, 13, 19, 14], [14, 19, 15, 20]]"
11a_264_104,"[[14, 19, 15, 20], [6, 22, 7, 21], [20, 10, 21, 9], [8, 2, 9, 1], [22, 8, 1, 7], [12, 4, 13, 3], [16, 12, 17, 11], [4, 16, 5, 15], [10, 5, 11, 6], [2, 17, 3, 18], [18, 13, 19, 14]]"
11a_264_105,"[[18, 13, 19, 14], [14, 19, 15, 20], [6, 22, 7, 21], [20, 10, 21, 9], [8, 2, 9, 1], [22, 8, 1, 7], [12, 4, 13, 3], [16, 12, 17, 11], [4, 16, 5, 15], [10, 5, 11, 6], [2, 17, 3, 18]]"
11a_264_106,"[[2, 17, 3, 18], [18, 13, 19, 14], [14, 19, 15, 20], [6, 22, 7, 21], [20, 10, 21, 9], [8, 2, 9, 1], [22, 8, 1, 7], [12, 4, 13, 3], [16, 12, 17, 11], [4, 16, 5, 15], [10, 5, 11, 6]]"
11a_264_107,"[[10, 5, 11, 6], [2, 17, 3, 18], [18, 13, 19, 14], [14, 19, 15, 20], [6, 22, 7, 21], [20, 10, 21, 9], [8, 2, 9, 1], [22, 8, 1, 7], [12, 4, 13, 3], [16, 12, 17, 11], [4, 16, 5, 15]]"
11a_264_108,"[[4, 16, 5, 15], [10, 5, 11, 6], [2, 17, 3, 18], [18, 13, 19, 14], [14, 19, 15, 20], [6, 22, 7, 21], [20, 10, 21, 9], [8, 2, 9, 1], [22, 8, 1, 7], [12, 4, 13, 3], [16, 12, 17, 11]]"
11a_264_109,"[[16, 12, 17, 11], [4, 16, 5, 15], [10, 5, 11, 6], [2, 17, 3, 18], [18, 13, 19, 14], [14, 19, 15, 20], [6, 22, 7, 21], [20, 10, 21, 9], [8, 2, 9, 1], [22, 8, 1, 7], [12, 4, 13, 3]]"
11a_264_110,"[[13, 5, 14, 4], [17, 13, 18, 12], [5, 17, 6, 16], [11, 6, 12, 7], [3, 18, 4, 19], [19, 14, 20, 15], [15, 20, 16, 21], [7, 1, 8, 22], [21, 11, 22, 10], [9, 3, 10, 2], [1, 9, 2, 8]]"
11a_264_111,"[[1, 9, 2, 8], [13, 5, 14, 4], [17, 13, 18, 12], [5, 17, 6, 16], [11, 6, 12, 7], [3, 18, 4, 19], [19, 14, 20, 15], [15, 20, 16, 21], [7, 1, 8, 22], [21, 11, 22, 10], [9, 3, 10, 2]]"
11a_264_112,"[[9, 3, 10, 2], [1, 9, 2, 8], [13, 5, 14, 4], [17, 13, 18, 12], [5, 17, 6, 16], [11, 6, 12, 7], [3, 18, 4, 19], [19, 14, 20, 15], [15, 20, 16, 21], [7, 1, 8, 22], [21, 11, 22, 10]]"
11a_264_113,"[[21, 11, 22, 10], [9, 3, 10, 2], [1, 9, 2, 8], [13, 5, 14, 4], [17, 13, 18, 12], [5, 17, 6, 16], [11, 6, 12, 7], [3, 18, 4, 19], [19, 14, 20, 15], [15, 20, 16, 21], [7, 1, 8, 22]]"
11a_264_114,"[[7, 1, 8, 22], [21, 11, 22, 10], [9, 3, 10, 2], [1, 9, 2, 8], [13, 5, 14, 4], [17, 13, 18, 12], [5, 17, 6, 16], [11, 6, 12, 7], [3, 18, 4, 19], [19, 14, 20, 15], [15, 20, 16, 21]]"
11a_264_115,"[[15, 20, 16, 21], [7, 1, 8, 22], [21, 11, 22, 10], [9, 3, 10, 2], [1, 9, 2, 8], [13, 5, 14, 4], [17, 13, 18, 12], [5, 17, 6, 16], [11, 6, 12, 7], [3, 18, 4, 19], [19, 14, 20, 15]]"
11a_264_116,"[[19, 14, 20, 15], [15, 20, 16, 21], [7, 1, 8, 22], [21, 11, 22, 10], [9, 3, 10, 2], [1, 9, 2, 8], [13, 5, 14, 4], [17, 13, 18, 12], [5, 17, 6, 16], [11, 6, 12, 7], [3, 18, 4, 19]]"
11a_264_117,"[[3, 18, 4, 19], [19, 14, 20, 15], [15, 20, 16, 21], [7, 1, 8, 22], [21, 11, 22, 10], [9, 3, 10, 2], [1, 9, 2, 8], [13, 5, 14, 4], [17, 13, 18, 12], [5, 17, 6, 16], [11, 6, 12, 7]]"
11a_264_118,"[[11, 6, 12, 7], [3, 18, 4, 19], [19, 14, 20, 15], [15, 20, 16, 21], [7, 1, 8, 22], [21, 11, 22, 10], [9, 3, 10, 2], [1, 9, 2, 8], [13, 5, 14, 4], [17, 13, 18, 12], [5, 17, 6, 16]]"
11a_264_119,"[[5, 17, 6, 16], [11, 6, 12, 7], [3, 18, 4, 19], [19, 14, 20, 15], [15, 20, 16, 21], [7, 1, 8, 22], [21, 11, 22, 10], [9, 3, 10, 2], [1, 9, 2, 8], [13, 5, 14, 4], [17, 13, 18, 12]]"
11a_264_120,"[[17, 13, 18, 12], [5, 17, 6, 16], [11, 6, 12, 7], [3, 18, 4, 19], [19, 14, 20, 15], [15, 20, 16, 21], [7, 1, 8, 22], [21, 11, 22, 10], [9, 3, 10, 2], [1, 9, 2, 8], [13, 5, 14, 4]]"
11a_264_121,"[[14, 6, 15, 5], [18, 14, 19, 13], [6, 18, 7, 17], [12, 7, 13, 8], [4, 19, 5, 20], [20, 15, 21, 16], [16, 21, 17, 22], [8, 2, 9, 1], [22, 12, 1, 11], [10, 4, 11, 3], [2, 10, 3, 9]]"
11a_264_122,"[[2, 10, 3, 9], [14, 6, 15, 5], [18, 14, 19, 13], [6, 18, 7, 17], [12, 7, 13, 8], [4, 19, 5, 20], [20, 15, 21, 16], [16, 21, 17, 22], [8, 2, 9, 1], [22, 12, 1, 11], [10, 4, 11, 3]]"
11a_264_123,"[[10, 4, 11, 3], [2, 10, 3, 9], [14, 6, 15, 5], [18, 14, 19, 13], [6, 18, 7, 17], [12, 7, 13, 8], [4, 19, 5, 20], [20, 15, 21, 16], [16, 21, 17, 22], [8, 2, 9, 1], [22, 12, 1, 11]]"
11a_264_124,"[[22, 12, 1, 11], [10, 4, 11, 3], [2, 10, 3, 9], [14, 6, 15, 5], [18, 14, 19, 13], [6, 18, 7, 17], [12, 7, 13, 8], [4, 19, 5, 20], [20, 15, 21, 16], [16, 21, 17, 22], [8, 2, 9, 1]]"
11a_264_125,"[[8, 2, 9, 1], [22, 12, 1, 11], [10, 4, 11, 3], [2, 10, 3, 9], [14, 6, 15, 5], [18, 14, 19, 13], [6, 18, 7, 17], [12, 7, 13, 8], [4, 19, 5, 20], [20, 15, 21, 16], [16, 21, 17, 22]]"
11a_264_126,"[[16, 21, 17, 22], [8, 2, 9, 1], [22, 12, 1, 11], [10, 4, 11, 3], [2, 10, 3, 9], [14, 6, 15, 5], [18, 14, 19, 13], [6, 18, 7, 17], [12, 7, 13, 8], [4, 19, 5, 20], [20, 15, 21, 16]]"
11a_264_127,"[[20, 15, 21, 16], [16, 21, 17, 22], [8, 2, 9, 1], [22, 12, 1, 11], [10, 4, 11, 3], [2, 10, 3, 9], [14, 6, 15, 5], [18, 14, 19, 13], [6, 18, 7, 17], [12, 7, 13, 8], [4, 19, 5, 20]]"
11a_264_128,"[[4, 19, 5, 20], [20, 15, 21, 16], [16, 21, 17, 22], [8, 2, 9, 1], [22, 12, 1, 11], [10, 4, 11, 3], [2, 10, 3, 9], [14, 6, 15, 5], [18, 14, 19, 13], [6, 18, 7, 17], [12, 7, 13, 8]]"
11a_264_129,"[[12, 7, 13, 8], [4, 19, 5, 20], [20, 15, 21, 16], [16, 21, 17, 22], [8, 2, 9, 1], [22, 12, 1, 11], [10, 4, 11, 3], [2, 10, 3, 9], [14, 6, 15, 5], [18, 14, 19, 13], [6, 18, 7, 17]]"
11a_264_130,"[[6, 18, 7, 17], [12, 7, 13, 8], [4, 19, 5, 20], [20, 15, 21, 16], [16, 21, 17, 22], [8, 2, 9, 1], [22, 12, 1, 11], [10, 4, 11, 3], [2, 10, 3, 9], [14, 6, 15, 5], [18, 14, 19, 13]]"
11a_264_131,"[[18, 14, 19, 13], [6, 18, 7, 17], [12, 7, 13, 8], [4, 19, 5, 20], [20, 15, 21, 16], [16, 21, 17, 22], [8, 2, 9, 1], [22, 12, 1, 11], [10, 4, 11, 3], [2, 10, 3, 9], [14, 6, 15, 5]]"
11a_264_132,"[[15, 7, 16, 6], [19, 15, 20, 14], [7, 19, 8, 18], [13, 8, 14, 9], [5, 20, 6, 21], [21, 16, 22, 17], [17, 22, 18, 1], [9, 3, 10, 2], [1, 13, 2, 12], [11, 5, 12, 4], [3, 11, 4, 10]]"
11a_264_133,"[[3, 11, 4, 10], [15, 7, 16, 6], [19, 15, 20, 14], [7, 19, 8, 18], [13, 8, 14, 9], [5, 20, 6, 21], [21, 16, 22, 17], [17, 22, 18, 1], [9, 3, 10, 2], [1, 13, 2, 12], [11, 5, 12, 4]]"
11a_264_134,"[[11, 5, 12, 4], [3, 11, 4, 10], [15, 7, 16, 6], [19, 15, 20, 14], [7, 19, 8, 18], [13, 8, 14, 9], [5, 20, 6, 21], [21, 16, 22, 17], [17, 22, 18, 1], [9, 3, 10, 2], [1, 13, 2, 12]]"
11a_264_135,"[[1, 13, 2, 12], [11, 5, 12, 4], [3, 11, 4, 10], [15, 7, 16, 6], [19, 15, 20, 14], [7, 19, 8, 18], [13, 8, 14, 9], [5, 20, 6, 21], [21, 16, 22, 17], [17, 22, 18, 1], [9, 3, 10, 2]]"
11a_264_136,"[[9, 3, 10, 2], [1, 13, 2, 12], [11, 5, 12, 4], [3, 11, 4, 10], [15, 7, 16, 6], [19, 15, 20, 14], [7, 19, 8, 18], [13, 8, 14, 9], [5, 20, 6, 21], [21, 16, 22, 17], [17, 22, 18, 1]]"
11a_264_137,"[[17, 22, 18, 1], [9, 3, 10, 2], [1, 13, 2, 12], [11, 5, 12, 4], [3, 11, 4, 10], [15, 7, 16, 6], [19, 15, 20, 14], [7, 19, 8, 18], [13, 8, 14, 9], [5, 20, 6, 21], [21, 16, 22, 17]]"
11a_264_138,"[[21, 16, 22, 17], [17, 22, 18, 1], [9, 3, 10, 2], [1, 13, 2, 12], [11, 5, 12, 4], [3, 11, 4, 10], [15, 7, 16, 6], [19, 15, 20, 14], [7, 19, 8, 18], [13, 8, 14, 9], [5, 20, 6, 21]]"
11a_264_139,"[[5, 20, 6, 21], [21, 16, 22, 17], [17, 22, 18, 1], [9, 3, 10, 2], [1, 13, 2, 12], [11, 5, 12, 4], [3, 11, 4, 10], [15, 7, 16, 6], [19, 15, 20, 14], [7, 19, 8, 18], [13, 8, 14, 9]]"
11a_264_140,"[[13, 8, 14, 9], [5, 20, 6, 21], [21, 16, 22, 17], [17, 22, 18, 1], [9, 3, 10, 2], [1, 13, 2, 12], [11, 5, 12, 4], [3, 11, 4, 10], [15, 7, 16, 6], [19, 15, 20, 14], [7, 19, 8, 18]]"
11a_264_141,"[[7, 19, 8, 18], [13, 8, 14, 9], [5, 20, 6, 21], [21, 16, 22, 17], [17, 22, 18, 1], [9, 3, 10, 2], [1, 13, 2, 12], [11, 5, 12, 4], [3, 11, 4, 10], [15, 7, 16, 6], [19, 15, 20, 14]]"
11a_264_142,"[[19, 15, 20, 14], [7, 19, 8, 18], [13, 8, 14, 9], [5, 20, 6, 21], [21, 16, 22, 17], [17, 22, 18, 1], [9, 3, 10, 2], [1, 13, 2, 12], [11, 5, 12, 4], [3, 11, 4, 10], [15, 7, 16, 6]]"
11a_264_143,"[[16, 8, 17, 7], [20, 16, 21, 15], [8, 20, 9, 19], [14, 9, 15, 10], [6, 21, 7, 22], [22, 17, 1, 18], [18, 1, 19, 2], [10, 4, 11, 3], [2, 14, 3, 13], [12, 6, 13, 5], [4, 12, 5, 11]]"
11a_264_144,"[[4, 12, 5, 11], [16, 8, 17, 7], [20, 16, 21, 15], [8, 20, 9, 19], [14, 9, 15, 10], [6, 21, 7, 22], [22, 17, 1, 18], [18, 1, 19, 2], [10, 4, 11, 3], [2, 14, 3, 13], [12, 6, 13, 5]]"
11a_264_145,"[[12, 6, 13, 5], [4, 12, 5, 11], [16, 8, 17, 7], [20, 16, 21, 15], [8, 20, 9, 19], [14, 9, 15, 10], [6, 21, 7, 22], [22, 17, 1, 18], [18, 1, 19, 2], [10, 4, 11, 3], [2, 14, 3, 13]]"
11a_264_146,"[[2, 14, 3, 13], [12, 6, 13, 5], [4, 12, 5, 11], [16, 8, 17, 7], [20, 16, 21, 15], [8, 20, 9, 19], [14, 9, 15, 10], [6, 21, 7, 22], [22, 17, 1, 18], [18, 1, 19, 2], [10, 4, 11, 3]]"
11a_264_147,"[[10, 4, 11, 3], [2, 14, 3, 13], [12, 6, 13, 5], [4, 12, 5, 11], [16, 8, 17, 7], [20, 16, 21, 15], [8, 20, 9, 19], [14, 9, 15, 10], [6, 21, 7, 22], [22, 17, 1, 18], [18, 1, 19, 2]]"
11a_264_148,"[[18, 1, 19, 2], [10, 4, 11, 3], [2, 14, 3, 13], [12, 6, 13, 5], [4, 12, 5, 11], [16, 8, 17, 7], [20, 16, 21, 15], [8, 20, 9, 19], [14, 9, 15, 10], [6, 21, 7, 22], [22, 17, 1, 18]]"
11a_264_149,"[[22, 17, 1, 18], [18, 1, 19, 2], [10, 4, 11, 3], [2, 14, 3, 13], [12, 6, 13, 5], [4, 12, 5, 11], [16, 8, 17, 7], [20, 16, 21, 15], [8, 20, 9, 19], [14, 9, 15, 10], [6, 21, 7, 22]]"
11a_264_150,"[[6, 21, 7, 22], [22, 17, 1, 18], [18, 1, 19, 2], [10, 4, 11, 3], [2, 14, 3, 13], [12, 6, 13, 5], [4, 12, 5, 11], [16, 8, 17, 7], [20, 16, 21, 15], [8, 20, 9, 19], [14, 9, 15, 10]]"
11a_264_151,"[[14, 9, 15, 10], [6, 21, 7, 22], [22, 17, 1, 18], [18, 1, 19, 2], [10, 4, 11, 3], [2, 14, 3, 13], [12, 6, 13, 5], [4, 12, 5, 11], [16, 8, 17, 7], [20, 16, 21, 15], [8, 20, 9, 19]]"
11a_264_152,"[[8, 20, 9, 19], [14, 9, 15, 10], [6, 21, 7, 22], [22, 17, 1, 18], [18, 1, 19, 2], [10, 4, 11, 3], [2, 14, 3, 13], [12, 6, 13, 5], [4, 12, 5, 11], [16, 8, 17, 7], [20, 16, 21, 15]]"
11a_264_153,"[[20, 16, 21, 15], [8, 20, 9, 19], [14, 9, 15, 10], [6, 21, 7, 22], [22, 17, 1, 18], [18, 1, 19, 2], [10, 4, 11, 3], [2, 14, 3, 13], [12, 6, 13, 5], [4, 12, 5, 11], [16, 8, 17, 7]]"
11a_264_154,"[[17, 9, 18, 8], [21, 17, 22, 16], [9, 21, 10, 20], [15, 10, 16, 11], [7, 22, 8, 1], [1, 18, 2, 19], [19, 2, 20, 3], [11, 5, 12, 4], [3, 15, 4, 14], [13, 7, 14, 6], [5, 13, 6, 12]]"
11a_264_155,"[[5, 13, 6, 12], [17, 9, 18, 8], [21, 17, 22, 16], [9, 21, 10, 20], [15, 10, 16, 11], [7, 22, 8, 1], [1, 18, 2, 19], [19, 2, 20, 3], [11, 5, 12, 4], [3, 15, 4, 14], [13, 7, 14, 6]]"
11a_264_156,"[[13, 7, 14, 6], [5, 13, 6, 12], [17, 9, 18, 8], [21, 17, 22, 16], [9, 21, 10, 20], [15, 10, 16, 11], [7, 22, 8, 1], [1, 18, 2, 19], [19, 2, 20, 3], [11, 5, 12, 4], [3, 15, 4, 14]]"
11a_264_157,"[[3, 15, 4, 14], [13, 7, 14, 6], [5, 13, 6, 12], [17, 9, 18, 8], [21, 17, 22, 16], [9, 21, 10, 20], [15, 10, 16, 11], [7, 22, 8, 1], [1, 18, 2, 19], [19, 2, 20, 3], [11, 5, 12, 4]]"
11a_264_158,"[[11, 5, 12, 4], [3, 15, 4, 14], [13, 7, 14, 6], [5, 13, 6, 12], [17, 9, 18, 8], [21, 17, 22, 16], [9, 21, 10, 20], [15, 10, 16, 11], [7, 22, 8, 1], [1, 18, 2, 19], [19, 2, 20, 3]]"
11a_264_159,"[[19, 2, 20, 3], [11, 5, 12, 4], [3, 15, 4, 14], [13, 7, 14, 6], [5, 13, 6, 12], [17, 9, 18, 8], [21, 17, 22, 16], [9, 21, 10, 20], [15, 10, 16, 11], [7, 22, 8, 1], [1, 18, 2, 19]]"
11a_264_160,"[[1, 18, 2, 19], [19, 2, 20, 3], [11, 5, 12, 4], [3, 15, 4, 14], [13, 7, 14, 6], [5, 13, 6, 12], [17, 9, 18, 8], [21, 17, 22, 16], [9, 21, 10, 20], [15, 10, 16, 11], [7, 22, 8, 1]]"
11a_264_161,"[[7, 22, 8, 1], [1, 18, 2, 19], [19, 2, 20, 3], [11, 5, 12, 4], [3, 15, 4, 14], [13, 7, 14, 6], [5, 13, 6, 12], [17, 9, 18, 8], [21, 17, 22, 16], [9, 21, 10, 20], [15, 10, 16, 11]]"
11a_264_162,"[[15, 10, 16, 11], [7, 22, 8, 1], [1, 18, 2, 19], [19, 2, 20, 3], [11, 5, 12, 4], [3, 15, 4, 14], [13, 7, 14, 6], [5, 13, 6, 12], [17, 9, 18, 8], [21, 17, 22, 16], [9, 21, 10, 20]]"
11a_264_163,"[[9, 21, 10, 20], [15, 10, 16, 11], [7, 22, 8, 1], [1, 18, 2, 19], [19, 2, 20, 3], [11, 5, 12, 4], [3, 15, 4, 14], [13, 7, 14, 6], [5, 13, 6, 12], [17, 9, 18, 8], [21, 17, 22, 16]]"
11a_264_164,"[[21, 17, 22, 16], [9, 21, 10, 20], [15, 10, 16, 11], [7, 22, 8, 1], [1, 18, 2, 19], [19, 2, 20, 3], [11, 5, 12, 4], [3, 15, 4, 14], [13, 7, 14, 6], [5, 13, 6, 12], [17, 9, 18, 8]]"
11a_264_165,"[[18, 10, 19, 9], [22, 18, 1, 17], [10, 22, 11, 21], [16, 11, 17, 12], [8, 1, 9, 2], [2, 19, 3, 20], [20, 3, 21, 4], [12, 6, 13, 5], [4, 16, 5, 15], [14, 8, 15, 7], [6, 14, 7, 13]]"
11a_264_166,"[[6, 14, 7, 13], [18, 10, 19, 9], [22, 18, 1, 17], [10, 22, 11, 21], [16, 11, 17, 12], [8, 1, 9, 2], [2, 19, 3, 20], [20, 3, 21, 4], [12, 6, 13, 5], [4, 16, 5, 15], [14, 8, 15, 7]]"
11a_264_167,"[[14, 8, 15, 7], [6, 14, 7, 13], [18, 10, 19, 9], [22, 18, 1, 17], [10, 22, 11, 21], [16, 11, 17, 12], [8, 1, 9, 2], [2, 19, 3, 20], [20, 3, 21, 4], [12, 6, 13, 5], [4, 16, 5, 15]]"
11a_264_168,"[[4, 16, 5, 15], [14, 8, 15, 7], [6, 14, 7, 13], [18, 10, 19, 9], [22, 18, 1, 17], [10, 22, 11, 21], [16, 11, 17, 12], [8, 1, 9, 2], [2, 19, 3, 20], [20, 3, 21, 4], [12, 6, 13, 5]]"
11a_264_169,"[[12, 6, 13, 5], [4, 16, 5, 15], [14, 8, 15, 7], [6, 14, 7, 13], [18, 10, 19, 9], [22, 18, 1, 17], [10, 22, 11, 21], [16, 11, 17, 12], [8, 1, 9, 2], [2, 19, 3, 20], [20, 3, 21, 4]]"
11a_264_170,"[[20, 3, 21, 4], [12, 6, 13, 5], [4, 16, 5, 15], [14, 8, 15, 7], [6, 14, 7, 13], [18, 10, 19, 9], [22, 18, 1, 17], [10, 22, 11, 21], [16, 11, 17, 12], [8, 1, 9, 2], [2, 19, 3, 20]]"
11a_264_171,"[[2, 19, 3, 20], [20, 3, 21, 4], [12, 6, 13, 5], [4, 16, 5, 15], [14, 8, 15, 7], [6, 14, 7, 13], [18, 10, 19, 9], [22, 18, 1, 17], [10, 22, 11, 21], [16, 11, 17, 12], [8, 1, 9, 2]]"
11a_264_172,"[[8, 1, 9, 2], [2, 19, 3, 20], [20, 3, 21, 4], [12, 6, 13, 5], [4, 16, 5, 15], [14, 8, 15, 7], [6, 14, 7, 13], [18, 10, 19, 9], [22, 18, 1, 17], [10, 22, 11, 21], [16, 11, 17, 12]]"
11a_264_173,"[[16, 11, 17, 12], [8, 1, 9, 2], [2, 19, 3, 20], [20, 3, 21, 4], [12, 6, 13, 5], [4, 16, 5, 15], [14, 8, 15, 7], [6, 14, 7, 13], [18, 10, 19, 9], [22, 18, 1, 17], [10, 22, 11, 21]]"
11a_264_174,"[[10, 22, 11, 21], [16, 11, 17, 12], [8, 1, 9, 2], [2, 19, 3, 20], [20, 3, 21, 4], [12, 6, 13, 5], [4, 16, 5, 15], [14, 8, 15, 7], [6, 14, 7, 13], [18, 10, 19, 9], [22, 18, 1, 17]]"
11a_264_175,"[[22, 18, 1, 17], [10, 22, 11, 21], [16, 11, 17, 12], [8, 1, 9, 2], [2, 19, 3, 20], [20, 3, 21, 4], [12, 6, 13, 5], [4, 16, 5, 15], [14, 8, 15, 7], [6, 14, 7, 13], [18, 10, 19, 9]]"
11a_264_176,"[[19, 11, 20, 10], [1, 19, 2, 18], [11, 1, 12, 22], [17, 12, 18, 13], [9, 2, 10, 3], [3, 20, 4, 21], [21, 4, 22, 5], [13, 7, 14, 6], [5, 17, 6, 16], [15, 9, 16, 8], [7, 15, 8, 14]]"
11a_264_177,"[[7, 15, 8, 14], [19, 11, 20, 10], [1, 19, 2, 18], [11, 1, 12, 22], [17, 12, 18, 13], [9, 2, 10, 3], [3, 20, 4, 21], [21, 4, 22, 5], [13, 7, 14, 6], [5, 17, 6, 16], [15, 9, 16, 8]]"
11a_264_178,"[[15, 9, 16, 8], [7, 15, 8, 14], [19, 11, 20, 10], [1, 19, 2, 18], [11, 1, 12, 22], [17, 12, 18, 13], [9, 2, 10, 3], [3, 20, 4, 21], [21, 4, 22, 5], [13, 7, 14, 6], [5, 17, 6, 16]]"
11a_264_179,"[[5, 17, 6, 16], [15, 9, 16, 8], [7, 15, 8, 14], [19, 11, 20, 10], [1, 19, 2, 18], [11, 1, 12, 22], [17, 12, 18, 13], [9, 2, 10, 3], [3, 20, 4, 21], [21, 4, 22, 5], [13, 7, 14, 6]]"
11a_264_180,"[[13, 7, 14, 6], [5, 17, 6, 16], [15, 9, 16, 8], [7, 15, 8, 14], [19, 11, 20, 10], [1, 19, 2, 18], [11, 1, 12, 22], [17, 12, 18, 13], [9, 2, 10, 3], [3, 20, 4, 21], [21, 4, 22, 5]]"
11a_264_181,"[[21, 4, 22, 5], [13, 7, 14, 6], [5, 17, 6, 16], [15, 9, 16, 8], [7, 15, 8, 14], [19, 11, 20, 10], [1, 19, 2, 18], [11, 1, 12, 22], [17, 12, 18, 13], [9, 2, 10, 3], [3, 20, 4, 21]]"
11a_264_182,"[[3, 20, 4, 21], [21, 4, 22, 5], [13, 7, 14, 6], [5, 17, 6, 16], [15, 9, 16, 8], [7, 15, 8, 14], [19, 11, 20, 10], [1, 19, 2, 18], [11, 1, 12, 22], [17, 12, 18, 13], [9, 2, 10, 3]]"
11a_264_183,"[[9, 2, 10, 3], [3, 20, 4, 21], [21, 4, 22, 5], [13, 7, 14, 6], [5, 17, 6, 16], [15, 9, 16, 8], [7, 15, 8, 14], [19, 11, 20, 10], [1, 19, 2, 18], [11, 1, 12, 22], [17, 12, 18, 13]]"
11a_264_184,"[[17, 12, 18, 13], [9, 2, 10, 3], [3, 20, 4, 21], [21, 4, 22, 5], [13, 7, 14, 6], [5, 17, 6, 16], [15, 9, 16, 8], [7, 15, 8, 14], [19, 11, 20, 10], [1, 19, 2, 18], [11, 1, 12, 22]]"
11a_264_185,"[[11, 1, 12, 22], [17, 12, 18, 13], [9, 2, 10, 3], [3, 20, 4, 21], [21, 4, 22, 5], [13, 7, 14, 6], [5, 17, 6, 16], [15, 9, 16, 8], [7, 15, 8, 14], [19, 11, 20, 10], [1, 19, 2, 18]]"
11a_264_186,"[[1, 19, 2, 18], [11, 1, 12, 22], [17, 12, 18, 13], [9, 2, 10, 3], [3, 20, 4, 21], [21, 4, 22, 5], [13, 7, 14, 6], [5, 17, 6, 16], [15, 9, 16, 8], [7, 15, 8, 14], [19, 11, 20, 10]]"
11a_264_187,"[[20, 12, 21, 11], [2, 20, 3, 19], [12, 2, 13, 1], [18, 13, 19, 14], [10, 3, 11, 4], [4, 21, 5, 22], [22, 5, 1, 6], [14, 8, 15, 7], [6, 18, 7, 17], [16, 10, 17, 9], [8, 16, 9, 15]]"
11a_264_188,"[[8, 16, 9, 15], [20, 12, 21, 11], [2, 20, 3, 19], [12, 2, 13, 1], [18, 13, 19, 14], [10, 3, 11, 4], [4, 21, 5, 22], [22, 5, 1, 6], [14, 8, 15, 7], [6, 18, 7, 17], [16, 10, 17, 9]]"
11a_264_189,"[[16, 10, 17, 9], [8, 16, 9, 15], [20, 12, 21, 11], [2, 20, 3, 19], [12, 2, 13, 1], [18, 13, 19, 14], [10, 3, 11, 4], [4, 21, 5, 22], [22, 5, 1, 6], [14, 8, 15, 7], [6, 18, 7, 17]]"
11a_264_190,"[[6, 18, 7, 17], [16, 10, 17, 9], [8, 16, 9, 15], [20, 12, 21, 11], [2, 20, 3, 19], [12, 2, 13, 1], [18, 13, 19, 14], [10, 3, 11, 4], [4, 21, 5, 22], [22, 5, 1, 6], [14, 8, 15, 7]]"
11a_264_191,"[[14, 8, 15, 7], [6, 18, 7, 17], [16, 10, 17, 9], [8, 16, 9, 15], [20, 12, 21, 11], [2, 20, 3, 19], [12, 2, 13, 1], [18, 13, 19, 14], [10, 3, 11, 4], [4, 21, 5, 22], [22, 5, 1, 6]]"
11a_264_192,"[[22, 5, 1, 6], [14, 8, 15, 7], [6, 18, 7, 17], [16, 10, 17, 9], [8, 16, 9, 15], [20, 12, 21, 11], [2, 20, 3, 19], [12, 2, 13, 1], [18, 13, 19, 14], [10, 3, 11, 4], [4, 21, 5, 22]]"
11a_264_193,"[[4, 21, 5, 22], [22, 5, 1, 6], [14, 8, 15, 7], [6, 18, 7, 17], [16, 10, 17, 9], [8, 16, 9, 15], [20, 12, 21, 11], [2, 20, 3, 19], [12, 2, 13, 1], [18, 13, 19, 14], [10, 3, 11, 4]]"
11a_264_194,"[[10, 3, 11, 4], [4, 21, 5, 22], [22, 5, 1, 6], [14, 8, 15, 7], [6, 18, 7, 17], [16, 10, 17, 9], [8, 16, 9, 15], [20, 12, 21, 11], [2, 20, 3, 19], [12, 2, 13, 1], [18, 13, 19, 14]]"
11a_264_195,"[[18, 13, 19, 14], [10, 3, 11, 4], [4, 21, 5, 22], [22, 5, 1, 6], [14, 8, 15, 7], [6, 18, 7, 17], [16, 10, 17, 9], [8, 16, 9, 15], [20, 12, 21, 11], [2, 20, 3, 19], [12, 2, 13, 1]]"
11a_264_196,"[[12, 2, 13, 1], [18, 13, 19, 14], [10, 3, 11, 4], [4, 21, 5, 22], [22, 5, 1, 6], [14, 8, 15, 7], [6, 18, 7, 17], [16, 10, 17, 9], [8, 16, 9, 15], [20, 12, 21, 11], [2, 20, 3, 19]]"
11a_264_197,"[[2, 20, 3, 19], [12, 2, 13, 1], [18, 13, 19, 14], [10, 3, 11, 4], [4, 21, 5, 22], [22, 5, 1, 6], [14, 8, 15, 7], [6, 18, 7, 17], [16, 10, 17, 9], [8, 16, 9, 15], [20, 12, 21, 11]]"
11a_264_198,"[[21, 13, 22, 12], [3, 21, 4, 20], [13, 3, 14, 2], [19, 14, 20, 15], [11, 4, 12, 5], [5, 22, 6, 1], [1, 6, 2, 7], [15, 9, 16, 8], [7, 19, 8, 18], [17, 11, 18, 10], [9, 17, 10, 16]]"
11a_264_199,"[[9, 17, 10, 16], [21, 13, 22, 12], [3, 21, 4, 20], [13, 3, 14, 2], [19, 14, 20, 15], [11, 4, 12, 5], [5, 22, 6, 1], [1, 6, 2, 7], [15, 9, 16, 8], [7, 19, 8, 18], [17, 11, 18, 10]]"
11a_264_200,"[[17, 11, 18, 10], [9, 17, 10, 16], [21, 13, 22, 12], [3, 21, 4, 20], [13, 3, 14, 2], [19, 14, 20, 15], [11, 4, 12, 5], [5, 22, 6, 1], [1, 6, 2, 7], [15, 9, 16, 8], [7, 19, 8, 18]]"
11a_264_201,"[[7, 19, 8, 18], [17, 11, 18, 10], [9, 17, 10, 16], [21, 13, 22, 12], [3, 21, 4, 20], [13, 3, 14, 2], [19, 14, 20, 15], [11, 4, 12, 5], [5, 22, 6, 1], [1, 6, 2, 7], [15, 9, 16, 8]]"
11a_264_202,"[[15, 9, 16, 8], [7, 19, 8, 18], [17, 11, 18, 10], [9, 17, 10, 16], [21, 13, 22, 12], [3, 21, 4, 20], [13, 3, 14, 2], [19, 14, 20, 15], [11, 4, 12, 5], [5, 22, 6, 1], [1, 6, 2, 7]]"
11a_264_203,"[[1, 6, 2, 7], [15, 9, 16, 8], [7, 19, 8, 18], [17, 11, 18, 10], [9, 17, 10, 16], [21, 13, 22, 12], [3, 21, 4, 20], [13, 3, 14, 2], [19, 14, 20, 15], [11, 4, 12, 5], [5, 22, 6, 1]]"
