name,pd_notation
11a_105_0,"[[3, 11, 4, 10], [5, 3, 6, 2], [11, 5, 12, 4], [15, 7, 16, 6], [17, 9, 18, 8], [21, 12, 22, 13], [1, 19, 2, 18], [19, 1, 20, 22], [7, 17, 8, 16], [13, 20, 14, 21], [9, 15, 10, 14]]"
11a_105_1,"[[9, 15, 10, 14], [3, 11, 4, 10], [5, 3, 6, 2], [11, 5, 12, 4], [15, 7, 16, 6], [17, 9, 18, 8], [21, 12, 22, 13], [1, 19, 2, 18], [19, 1, 20, 22], [7, 17, 8, 16], [13, 20, 14, 21]]"
11a_105_2,"[[13, 20, 14, 21], [9, 15, 10, 14], [3, 11, 4, 10], [5, 3, 6, 2], [11, 5, 12, 4], [15, 7, 16, 6], [17, 9, 18, 8], [21, 12, 22, 13], [1, 19, 2, 18], [19, 1, 20, 22], [7, 17, 8, 16]]"
11a_105_3,"[[7, 17, 8, 16], [13, 20, 14, 21], [9, 15, 10, 14], [3, 11, 4, 10], [5, 3, 6, 2], [11, 5, 12, 4], [15, 7, 16, 6], [17, 9, 18, 8], [21, 12, 22, 13], [1, 19, 2, 18], [19, 1, 20, 22]]"
11a_105_4,"[[19, 1, 20, 22], [7, 17, 8, 16], [13, 20, 14, 21], [9, 15, 10, 14], [3, 11, 4, 10], [5, 3, 6, 2], [11, 5, 12, 4], [15, 7, 16, 6], [17, 9, 18, 8], [21, 12, 22, 13], [1, 19, 2, 18]]"
11a_105_5,"[[1, 19, 2, 18], [19, 1, 20, 22], [7, 17, 8, 16], [13, 20, 14, 21], [9, 15, 10, 14], [3, 11, 4, 10], [5, 3, 6, 2], [11, 5, 12, 4], [15, 7, 16, 6], [17, 9, 18, 8], [21, 12, 22, 13]]"
11a_105_6,"[[21, 12, 22, 13], [1, 19, 2, 18], [19, 1, 20, 22], [7, 17, 8, 16], [13, 20, 14, 21], [9, 15, 10, 14], [3, 11, 4, 10], [5, 3, 6, 2], [11, 5, 12, 4], [15, 7, 16, 6], [17, 9, 18, 8]]"
11a_105_7,"[[17, 9, 18, 8], [21, 12, 22, 13], [1, 19, 2, 18], [19, 1, 20, 22], [7, 17, 8, 16], [13, 20, 14, 21], [9, 15, 10, 14], [3, 11, 4, 10], [5, 3, 6, 2], [11, 5, 12, 4], [15, 7, 16, 6]]"
11a_105_8,"[[15, 7, 16, 6], [17, 9, 18, 8], [21, 12, 22, 13], [1, 19, 2, 18], [19, 1, 20, 22], [7, 17, 8, 16], [13, 20, 14, 21], [9, 15, 10, 14], [3, 11, 4, 10], [5, 3, 6, 2], [11, 5, 12, 4]]"
11a_105_9,"[[11, 5, 12, 4], [15, 7, 16, 6], [17, 9, 18, 8], [21, 12, 22, 13], [1, 19, 2, 18], [19, 1, 20, 22], [7, 17, 8, 16], [13, 20, 14, 21], [9, 15, 10, 14], [3, 11, 4, 10], [5, 3, 6, 2]]"
11a_105_10,"[[5, 3, 6, 2], [11, 5, 12, 4], [15, 7, 16, 6], [17, 9, 18, 8], [21, 12, 22, 13], [1, 19, 2, 18], [19, 1, 20, 22], [7, 17, 8, 16], [13, 20, 14, 21], [9, 15, 10, 14], [3, 11, 4, 10]]"
11a_105_11,"[[4, 12, 5, 11], [6, 4, 7, 3], [12, 6, 13, 5], [16, 8, 17, 7], [18, 10, 19, 9], [22, 13, 1, 14], [2, 20, 3, 19], [20, 2, 21, 1], [8, 18, 9, 17], [14, 21, 15, 22], [10, 16, 11, 15]]"
11a_105_12,"[[10, 16, 11, 15], [4, 12, 5, 11], [6, 4, 7, 3], [12, 6, 13, 5], [16, 8, 17, 7], [18, 10, 19, 9], [22, 13, 1, 14], [2, 20, 3, 19], [20, 2, 21, 1], [8, 18, 9, 17], [14, 21, 15, 22]]"
11a_105_13,"[[14, 21, 15, 22], [10, 16, 11, 15], [4, 12, 5, 11], [6, 4, 7, 3], [12, 6, 13, 5], [16, 8, 17, 7], [18, 10, 19, 9], [22, 13, 1, 14], [2, 20, 3, 19], [20, 2, 21, 1], [8, 18, 9, 17]]"
11a_105_14,"[[8, 18, 9, 17], [14, 21, 15, 22], [10, 16, 11, 15], [4, 12, 5, 11], [6, 4, 7, 3], [12, 6, 13, 5], [16, 8, 17, 7], [18, 10, 19, 9], [22, 13, 1, 14], [2, 20, 3, 19], [20, 2, 21, 1]]"
11a_105_15,"[[20, 2, 21, 1], [8, 18, 9, 17], [14, 21, 15, 22], [10, 16, 11, 15], [4, 12, 5, 11], [6, 4, 7, 3], [12, 6, 13, 5], [16, 8, 17, 7], [18, 10, 19, 9], [22, 13, 1, 14], [2, 20, 3, 19]]"
11a_105_16,"[[2, 20, 3, 19], [20, 2, 21, 1], [8, 18, 9, 17], [14, 21, 15, 22], [10, 16, 11, 15], [4, 12, 5, 11], [6, 4, 7, 3], [12, 6, 13, 5], [16, 8, 17, 7], [18, 10, 19, 9], [22, 13, 1, 14]]"
11a_105_17,"[[22, 13, 1, 14], [2, 20, 3, 19], [20, 2, 21, 1], [8, 18, 9, 17], [14, 21, 15, 22], [10, 16, 11, 15], [4, 12, 5, 11], [6, 4, 7, 3], [12, 6, 13, 5], [16, 8, 17, 7], [18, 10, 19, 9]]"
11a_105_18,"[[18, 10, 19, 9], [22, 13, 1, 14], [2, 20, 3, 19], [20, 2, 21, 1], [8, 18, 9, 17], [14, 21, 15, 22], [10, 16, 11, 15], [4, 12, 5, 11], [6, 4, 7, 3], [12, 6, 13, 5], [16, 8, 17, 7]]"
11a_105_19,"[[16, 8, 17, 7], [18, 10, 19, 9], [22, 13, 1, 14], [2, 20, 3, 19], [20, 2, 21, 1], [8, 18, 9, 17], [14, 21, 15, 22], [10, 16, 11, 15], [4, 12, 5, 11], [6, 4, 7, 3], [12, 6, 13, 5]]"
11a_105_20,"[[12, 6, 13, 5], [16, 8, 17, 7], [18, 10, 19, 9], [22, 13, 1, 14], [2, 20, 3, 19], [20, 2, 21, 1], [8, 18, 9, 17], [14, 21, 15, 22], [10, 16, 11, 15], [4, 12, 5, 11], [6, 4, 7, 3]]"
11a_105_21,"[[6, 4, 7, 3], [12, 6, 13, 5], [16, 8, 17, 7], [18, 10, 19, 9], [22, 13, 1, 14], [2, 20, 3, 19], [20, 2, 21, 1], [8, 18, 9, 17], [14, 21, 15, 22], [10, 16, 11, 15], [4, 12, 5, 11]]"
11a_105_22,"[[5, 13, 6, 12], [7, 5, 8, 4], [13, 7, 14, 6], [17, 9, 18, 8], [19, 11, 20, 10], [1, 14, 2, 15], [3, 21, 4, 20], [21, 3, 22, 2], [9, 19, 10, 18], [15, 22, 16, 1], [11, 17, 12, 16]]"
11a_105_23,"[[11, 17, 12, 16], [5, 13, 6, 12], [7, 5, 8, 4], [13, 7, 14, 6], [17, 9, 18, 8], [19, 11, 20, 10], [1, 14, 2, 15], [3, 21, 4, 20], [21, 3, 22, 2], [9, 19, 10, 18], [15, 22, 16, 1]]"
11a_105_24,"[[15, 22, 16, 1], [11, 17, 12, 16], [5, 13, 6, 12], [7, 5, 8, 4], [13, 7, 14, 6], [17, 9, 18, 8], [19, 11, 20, 10], [1, 14, 2, 15], [3, 21, 4, 20], [21, 3, 22, 2], [9, 19, 10, 18]]"
11a_105_25,"[[9, 19, 10, 18], [15, 22, 16, 1], [11, 17, 12, 16], [5, 13, 6, 12], [7, 5, 8, 4], [13, 7, 14, 6], [17, 9, 18, 8], [19, 11, 20, 10], [1, 14, 2, 15], [3, 21, 4, 20], [21, 3, 22, 2]]"
11a_105_26,"[[21, 3, 22, 2], [9, 19, 10, 18], [15, 22, 16, 1], [11, 17, 12, 16], [5, 13, 6, 12], [7, 5, 8, 4], [13, 7, 14, 6], [17, 9, 18, 8], [19, 11, 20, 10], [1, 14, 2, 15], [3, 21, 4, 20]]"
11a_105_27,"[[3, 21, 4, 20], [21, 3, 22, 2], [9, 19, 10, 18], [15, 22, 16, 1], [11, 17, 12, 16], [5, 13, 6, 12], [7, 5, 8, 4], [13, 7, 14, 6], [17, 9, 18, 8], [19, 11, 20, 10], [1, 14, 2, 15]]"
11a_105_28,"[[1, 14, 2, 15], [3, 21, 4, 20], [21, 3, 22, 2], [9, 19, 10, 18], [15, 22, 16, 1], [11, 17, 12, 16], [5, 13, 6, 12], [7, 5, 8, 4], [13, 7, 14, 6], [17, 9, 18, 8], [19, 11, 20, 10]]"
11a_105_29,"[[19, 11, 20, 10], [1, 14, 2, 15], [3, 21, 4, 20], [21, 3, 22, 2], [9, 19, 10, 18], [15, 22, 16, 1], [11, 17, 12, 16], [5, 13, 6, 12], [7, 5, 8, 4], [13, 7, 14, 6], [17, 9, 18, 8]]"
11a_105_30,"[[17, 9, 18, 8], [19, 11, 20, 10], [1, 14, 2, 15], [3, 21, 4, 20], [21, 3, 22, 2], [9, 19, 10, 18], [15, 22, 16, 1], [11, 17, 12, 16], [5, 13, 6, 12], [7, 5, 8, 4], [13, 7, 14, 6]]"
11a_105_31,"[[13, 7, 14, 6], [17, 9, 18, 8], [19, 11, 20, 10], [1, 14, 2, 15], [3, 21, 4, 20], [21, 3, 22, 2], [9, 19, 10, 18], [15, 22, 16, 1], [11, 17, 12, 16], [5, 13, 6, 12], [7, 5, 8, 4]]"
11a_105_32,"[[7, 5, 8, 4], [13, 7, 14, 6], [17, 9, 18, 8], [19, 11, 20, 10], [1, 14, 2, 15], [3, 21, 4, 20], [21, 3, 22, 2], [9, 19, 10, 18], [15, 22, 16, 1], [11, 17, 12, 16], [5, 13, 6, 12]]"
11a_105_33,"[[6, 14, 7, 13], [8, 6, 9, 5], [14, 8, 15, 7], [18, 10, 19, 9], [20, 12, 21, 11], [2, 15, 3, 16], [4, 22, 5, 21], [22, 4, 1, 3], [10, 20, 11, 19], [16, 1, 17, 2], [12, 18, 13, 17]]"
11a_105_34,"[[12, 18, 13, 17], [6, 14, 7, 13], [8, 6, 9, 5], [14, 8, 15, 7], [18, 10, 19, 9], [20, 12, 21, 11], [2, 15, 3, 16], [4, 22, 5, 21], [22, 4, 1, 3], [10, 20, 11, 19], [16, 1, 17, 2]]"
11a_105_35,"[[16, 1, 17, 2], [12, 18, 13, 17], [6, 14, 7, 13], [8, 6, 9, 5], [14, 8, 15, 7], [18, 10, 19, 9], [20, 12, 21, 11], [2, 15, 3, 16], [4, 22, 5, 21], [22, 4, 1, 3], [10, 20, 11, 19]]"
11a_105_36,"[[10, 20, 11, 19], [16, 1, 17, 2], [12, 18, 13, 17], [6, 14, 7, 13], [8, 6, 9, 5], [14, 8, 15, 7], [18, 10, 19, 9], [20, 12, 21, 11], [2, 15, 3, 16], [4, 22, 5, 21], [22, 4, 1, 3]]"
11a_105_37,"[[22, 4, 1, 3], [10, 20, 11, 19], [16, 1, 17, 2], [12, 18, 13, 17], [6, 14, 7, 13], [8, 6, 9, 5], [14, 8, 15, 7], [18, 10, 19, 9], [20, 12, 21, 11], [2, 15, 3, 16], [4, 22, 5, 21]]"
11a_105_38,"[[4, 22, 5, 21], [22, 4, 1, 3], [10, 20, 11, 19], [16, 1, 17, 2], [12, 18, 13, 17], [6, 14, 7, 13], [8, 6, 9, 5], [14, 8, 15, 7], [18, 10, 19, 9], [20, 12, 21, 11], [2, 15, 3, 16]]"
11a_105_39,"[[2, 15, 3, 16], [4, 22, 5, 21], [22, 4, 1, 3], [10, 20, 11, 19], [16, 1, 17, 2], [12, 18, 13, 17], [6, 14, 7, 13], [8, 6, 9, 5], [14, 8, 15, 7], [18, 10, 19, 9], [20, 12, 21, 11]]"
11a_105_40,"[[20, 12, 21, 11], [2, 15, 3, 16], [4, 22, 5, 21], [22, 4, 1, 3], [10, 20, 11, 19], [16, 1, 17, 2], [12, 18, 13, 17], [6, 14, 7, 13], [8, 6, 9, 5], [14, 8, 15, 7], [18, 10, 19, 9]]"
11a_105_41,"[[18, 10, 19, 9], [20, 12, 21, 11], [2, 15, 3, 16], [4, 22, 5, 21], [22, 4, 1, 3], [10, 20, 11, 19], [16, 1, 17, 2], [12, 18, 13, 17], [6, 14, 7, 13], [8, 6, 9, 5], [14, 8, 15, 7]]"
11a_105_42,"[[14, 8, 15, 7], [18, 10, 19, 9], [20, 12, 21, 11], [2, 15, 3, 16], [4, 22, 5, 21], [22, 4, 1, 3], [10, 20, 11, 19], [16, 1, 17, 2], [12, 18, 13, 17], [6, 14, 7, 13], [8, 6, 9, 5]]"
11a_105_43,"[[8, 6, 9, 5], [14, 8, 15, 7], [18, 10, 19, 9], [20, 12, 21, 11], [2, 15, 3, 16], [4, 22, 5, 21], [22, 4, 1, 3], [10, 20, 11, 19], [16, 1, 17, 2], [12, 18, 13, 17], [6, 14, 7, 13]]"
11a_105_44,"[[7, 15, 8, 14], [9, 7, 10, 6], [15, 9, 16, 8], [19, 11, 20, 10], [21, 13, 22, 12], [3, 16, 4, 17], [5, 1, 6, 22], [1, 5, 2, 4], [11, 21, 12, 20], [17, 2, 18, 3], [13, 19, 14, 18]]"
11a_105_45,"[[13, 19, 14, 18], [7, 15, 8, 14], [9, 7, 10, 6], [15, 9, 16, 8], [19, 11, 20, 10], [21, 13, 22, 12], [3, 16, 4, 17], [5, 1, 6, 22], [1, 5, 2, 4], [11, 21, 12, 20], [17, 2, 18, 3]]"
11a_105_46,"[[17, 2, 18, 3], [13, 19, 14, 18], [7, 15, 8, 14], [9, 7, 10, 6], [15, 9, 16, 8], [19, 11, 20, 10], [21, 13, 22, 12], [3, 16, 4, 17], [5, 1, 6, 22], [1, 5, 2, 4], [11, 21, 12, 20]]"
11a_105_47,"[[11, 21, 12, 20], [17, 2, 18, 3], [13, 19, 14, 18], [7, 15, 8, 14], [9, 7, 10, 6], [15, 9, 16, 8], [19, 11, 20, 10], [21, 13, 22, 12], [3, 16, 4, 17], [5, 1, 6, 22], [1, 5, 2, 4]]"
11a_105_48,"[[1, 5, 2, 4], [11, 21, 12, 20], [17, 2, 18, 3], [13, 19, 14, 18], [7, 15, 8, 14], [9, 7, 10, 6], [15, 9, 16, 8], [19, 11, 20, 10], [21, 13, 22, 12], [3, 16, 4, 17], [5, 1, 6, 22]]"
11a_105_49,"[[5, 1, 6, 22], [1, 5, 2, 4], [11, 21, 12, 20], [17, 2, 18, 3], [13, 19, 14, 18], [7, 15, 8, 14], [9, 7, 10, 6], [15, 9, 16, 8], [19, 11, 20, 10], [21, 13, 22, 12], [3, 16, 4, 17]]"
11a_105_50,"[[3, 16, 4, 17], [5, 1, 6, 22], [1, 5, 2, 4], [11, 21, 12, 20], [17, 2, 18, 3], [13, 19, 14, 18], [7, 15, 8, 14], [9, 7, 10, 6], [15, 9, 16, 8], [19, 11, 20, 10], [21, 13, 22, 12]]"
11a_105_51,"[[21, 13, 22, 12], [3, 16, 4, 17], [5, 1, 6, 22], [1, 5, 2, 4], [11, 21, 12, 20], [17, 2, 18, 3], [13, 19, 14, 18], [7, 15, 8, 14], [9, 7, 10, 6], [15, 9, 16, 8], [19, 11, 20, 10]]"
11a_105_52,"[[19, 11, 20, 10], [21, 13, 22, 12], [3, 16, 4, 17], [5, 1, 6, 22], [1, 5, 2, 4], [11, 21, 12, 20], [17, 2, 18, 3], [13, 19, 14, 18], [7, 15, 8, 14], [9, 7, 10, 6], [15, 9, 16, 8]]"
11a_105_53,"[[15, 9, 16, 8], [19, 11, 20, 10], [21, 13, 22, 12], [3, 16, 4, 17], [5, 1, 6, 22], [1, 5, 2, 4], [11, 21, 12, 20], [17, 2, 18, 3], [13, 19, 14, 18], [7, 15, 8, 14], [9, 7, 10, 6]]"
11a_105_54,"[[9, 7, 10, 6], [15, 9, 16, 8], [19, 11, 20, 10], [21, 13, 22, 12], [3, 16, 4, 17], [5, 1, 6, 22], [1, 5, 2, 4], [11, 21, 12, 20], [17, 2, 18, 3], [13, 19, 14, 18], [7, 15, 8, 14]]"
11a_105_55,"[[8, 16, 9, 15], [10, 8, 11, 7], [16, 10, 17, 9], [20, 12, 21, 11], [22, 14, 1, 13], [4, 17, 5, 18], [6, 2, 7, 1], [2, 6, 3, 5], [12, 22, 13, 21], [18, 3, 19, 4], [14, 20, 15, 19]]"
11a_105_56,"[[14, 20, 15, 19], [8, 16, 9, 15], [10, 8, 11, 7], [16, 10, 17, 9], [20, 12, 21, 11], [22, 14, 1, 13], [4, 17, 5, 18], [6, 2, 7, 1], [2, 6, 3, 5], [12, 22, 13, 21], [18, 3, 19, 4]]"
11a_105_57,"[[18, 3, 19, 4], [14, 20, 15, 19], [8, 16, 9, 15], [10, 8, 11, 7], [16, 10, 17, 9], [20, 12, 21, 11], [22, 14, 1, 13], [4, 17, 5, 18], [6, 2, 7, 1], [2, 6, 3, 5], [12, 22, 13, 21]]"
11a_105_58,"[[12, 22, 13, 21], [18, 3, 19, 4], [14, 20, 15, 19], [8, 16, 9, 15], [10, 8, 11, 7], [16, 10, 17, 9], [20, 12, 21, 11], [22, 14, 1, 13], [4, 17, 5, 18], [6, 2, 7, 1], [2, 6, 3, 5]]"
11a_105_59,"[[2, 6, 3, 5], [12, 22, 13, 21], [18, 3, 19, 4], [14, 20, 15, 19], [8, 16, 9, 15], [10, 8, 11, 7], [16, 10, 17, 9], [20, 12, 21, 11], [22, 14, 1, 13], [4, 17, 5, 18], [6, 2, 7, 1]]"
11a_105_60,"[[6, 2, 7, 1], [2, 6, 3, 5], [12, 22, 13, 21], [18, 3, 19, 4], [14, 20, 15, 19], [8, 16, 9, 15], [10, 8, 11, 7], [16, 10, 17, 9], [20, 12, 21, 11], [22, 14, 1, 13], [4, 17, 5, 18]]"
11a_105_61,"[[4, 17, 5, 18], [6, 2, 7, 1], [2, 6, 3, 5], [12, 22, 13, 21], [18, 3, 19, 4], [14, 20, 15, 19], [8, 16, 9, 15], [10, 8, 11, 7], [16, 10, 17, 9], [20, 12, 21, 11], [22, 14, 1, 13]]"
11a_105_62,"[[22, 14, 1, 13], [4, 17, 5, 18], [6, 2, 7, 1], [2, 6, 3, 5], [12, 22, 13, 21], [18, 3, 19, 4], [14, 20, 15, 19], [8, 16, 9, 15], [10, 8, 11, 7], [16, 10, 17, 9], [20, 12, 21, 11]]"
11a_105_63,"[[20, 12, 21, 11], [22, 14, 1, 13], [4, 17, 5, 18], [6, 2, 7, 1], [2, 6, 3, 5], [12, 22, 13, 21], [18, 3, 19, 4], [14, 20, 15, 19], [8, 16, 9, 15], [10, 8, 11, 7], [16, 10, 17, 9]]"
11a_105_64,"[[16, 10, 17, 9], [20, 12, 21, 11], [22, 14, 1, 13], [4, 17, 5, 18], [6, 2, 7, 1], [2, 6, 3, 5], [12, 22, 13, 21], [18, 3, 19, 4], [14, 20, 15, 19], [8, 16, 9, 15], [10, 8, 11, 7]]"
11a_105_65,"[[10, 8, 11, 7], [16, 10, 17, 9], [20, 12, 21, 11], [22, 14, 1, 13], [4, 17, 5, 18], [6, 2, 7, 1], [2, 6, 3, 5], [12, 22, 13, 21], [18, 3, 19, 4], [14, 20, 15, 19], [8, 16, 9, 15]]"
11a_105_66,"[[9, 17, 10, 16], [11, 9, 12, 8], [17, 11, 18, 10], [21, 13, 22, 12], [1, 15, 2, 14], [5, 18, 6, 19], [7, 3, 8, 2], [3, 7, 4, 6], [13, 1, 14, 22], [19, 4, 20, 5], [15, 21, 16, 20]]"
11a_105_67,"[[15, 21, 16, 20], [9, 17, 10, 16], [11, 9, 12, 8], [17, 11, 18, 10], [21, 13, 22, 12], [1, 15, 2, 14], [5, 18, 6, 19], [7, 3, 8, 2], [3, 7, 4, 6], [13, 1, 14, 22], [19, 4, 20, 5]]"
11a_105_68,"[[19, 4, 20, 5], [15, 21, 16, 20], [9, 17, 10, 16], [11, 9, 12, 8], [17, 11, 18, 10], [21, 13, 22, 12], [1, 15, 2, 14], [5, 18, 6, 19], [7, 3, 8, 2], [3, 7, 4, 6], [13, 1, 14, 22]]"
11a_105_69,"[[13, 1, 14, 22], [19, 4, 20, 5], [15, 21, 16, 20], [9, 17, 10, 16], [11, 9, 12, 8], [17, 11, 18, 10], [21, 13, 22, 12], [1, 15, 2, 14], [5, 18, 6, 19], [7, 3, 8, 2], [3, 7, 4, 6]]"
11a_105_70,"[[3, 7, 4, 6], [13, 1, 14, 22], [19, 4, 20, 5], [15, 21, 16, 20], [9, 17, 10, 16], [11, 9, 12, 8], [17, 11, 18, 10], [21, 13, 22, 12], [1, 15, 2, 14], [5, 18, 6, 19], [7, 3, 8, 2]]"
11a_105_71,"[[7, 3, 8, 2], [3, 7, 4, 6], [13, 1, 14, 22], [19, 4, 20, 5], [15, 21, 16, 20], [9, 17, 10, 16], [11, 9, 12, 8], [17, 11, 18, 10], [21, 13, 22, 12], [1, 15, 2, 14], [5, 18, 6, 19]]"
11a_105_72,"[[5, 18, 6, 19], [7, 3, 8, 2], [3, 7, 4, 6], [13, 1, 14, 22], [19, 4, 20, 5], [15, 21, 16, 20], [9, 17, 10, 16], [11, 9, 12, 8], [17, 11, 18, 10], [21, 13, 22, 12], [1, 15, 2, 14]]"
11a_105_73,"[[1, 15, 2, 14], [5, 18, 6, 19], [7, 3, 8, 2], [3, 7, 4, 6], [13, 1, 14, 22], [19, 4, 20, 5], [15, 21, 16, 20], [9, 17, 10, 16], [11, 9, 12, 8], [17, 11, 18, 10], [21, 13, 22, 12]]"
11a_105_74,"[[21, 13, 22, 12], [1, 15, 2, 14], [5, 18, 6, 19], [7, 3, 8, 2], [3, 7, 4, 6], [13, 1, 14, 22], [19, 4, 20, 5], [15, 21, 16, 20], [9, 17, 10, 16], [11, 9, 12, 8], [17, 11, 18, 10]]"
11a_105_75,"[[17, 11, 18, 10], [21, 13, 22, 12], [1, 15, 2, 14], [5, 18, 6, 19], [7, 3, 8, 2], [3, 7, 4, 6], [13, 1, 14, 22], [19, 4, 20, 5], [15, 21, 16, 20], [9, 17, 10, 16], [11, 9, 12, 8]]"
11a_105_76,"[[11, 9, 12, 8], [17, 11, 18, 10], [21, 13, 22, 12], [1, 15, 2, 14], [5, 18, 6, 19], [7, 3, 8, 2], [3, 7, 4, 6], [13, 1, 14, 22], [19, 4, 20, 5], [15, 21, 16, 20], [9, 17, 10, 16]]"
11a_105_77,"[[10, 18, 11, 17], [12, 10, 13, 9], [18, 12, 19, 11], [22, 14, 1, 13], [2, 16, 3, 15], [6, 19, 7, 20], [8, 4, 9, 3], [4, 8, 5, 7], [14, 2, 15, 1], [20, 5, 21, 6], [16, 22, 17, 21]]"
11a_105_78,"[[16, 22, 17, 21], [10, 18, 11, 17], [12, 10, 13, 9], [18, 12, 19, 11], [22, 14, 1, 13], [2, 16, 3, 15], [6, 19, 7, 20], [8, 4, 9, 3], [4, 8, 5, 7], [14, 2, 15, 1], [20, 5, 21, 6]]"
11a_105_79,"[[20, 5, 21, 6], [16, 22, 17, 21], [10, 18, 11, 17], [12, 10, 13, 9], [18, 12, 19, 11], [22, 14, 1, 13], [2, 16, 3, 15], [6, 19, 7, 20], [8, 4, 9, 3], [4, 8, 5, 7], [14, 2, 15, 1]]"
11a_105_80,"[[14, 2, 15, 1], [20, 5, 21, 6], [16, 22, 17, 21], [10, 18, 11, 17], [12, 10, 13, 9], [18, 12, 19, 11], [22, 14, 1, 13], [2, 16, 3, 15], [6, 19, 7, 20], [8, 4, 9, 3], [4, 8, 5, 7]]"
11a_105_81,"[[4, 8, 5, 7], [14, 2, 15, 1], [20, 5, 21, 6], [16, 22, 17, 21], [10, 18, 11, 17], [12, 10, 13, 9], [18, 12, 19, 11], [22, 14, 1, 13], [2, 16, 3, 15], [6, 19, 7, 20], [8, 4, 9, 3]]"
11a_105_82,"[[8, 4, 9, 3], [4, 8, 5, 7], [14, 2, 15, 1], [20, 5, 21, 6], [16, 22, 17, 21], [10, 18, 11, 17], [12, 10, 13, 9], [18, 12, 19, 11], [22, 14, 1, 13], [2, 16, 3, 15], [6, 19, 7, 20]]"
11a_105_83,"[[6, 19, 7, 20], [8, 4, 9, 3], [4, 8, 5, 7], [14, 2, 15, 1], [20, 5, 21, 6], [16, 22, 17, 21], [10, 18, 11, 17], [12, 10, 13, 9], [18, 12, 19, 11], [22, 14, 1, 13], [2, 16, 3, 15]]"
11a_105_84,"[[2, 16, 3, 15], [6, 19, 7, 20], [8, 4, 9, 3], [4, 8, 5, 7], [14, 2, 15, 1], [20, 5, 21, 6], [16, 22, 17, 21], [10, 18, 11, 17], [12, 10, 13, 9], [18, 12, 19, 11], [22, 14, 1, 13]]"
11a_105_85,"[[22, 14, 1, 13], [2, 16, 3, 15], [6, 19, 7, 20], [8, 4, 9, 3], [4, 8, 5, 7], [14, 2, 15, 1], [20, 5, 21, 6], [16, 22, 17, 21], [10, 18, 11, 17], [12, 10, 13, 9], [18, 12, 19, 11]]"
11a_105_86,"[[18, 12, 19, 11], [22, 14, 1, 13], [2, 16, 3, 15], [6, 19, 7, 20], [8, 4, 9, 3], [4, 8, 5, 7], [14, 2, 15, 1], [20, 5, 21, 6], [16, 22, 17, 21], [10, 18, 11, 17], [12, 10, 13, 9]]"
11a_105_87,"[[12, 10, 13, 9], [18, 12, 19, 11], [22, 14, 1, 13], [2, 16, 3, 15], [6, 19, 7, 20], [8, 4, 9, 3], [4, 8, 5, 7], [14, 2, 15, 1], [20, 5, 21, 6], [16, 22, 17, 21], [10, 18, 11, 17]]"
11a_105_88,"[[11, 19, 12, 18], [13, 11, 14, 10], [19, 13, 20, 12], [1, 15, 2, 14], [3, 17, 4, 16], [7, 20, 8, 21], [9, 5, 10, 4], [5, 9, 6, 8], [15, 3, 16, 2], [21, 6, 22, 7], [17, 1, 18, 22]]"
11a_105_89,"[[17, 1, 18, 22], [11, 19, 12, 18], [13, 11, 14, 10], [19, 13, 20, 12], [1, 15, 2, 14], [3, 17, 4, 16], [7, 20, 8, 21], [9, 5, 10, 4], [5, 9, 6, 8], [15, 3, 16, 2], [21, 6, 22, 7]]"
11a_105_90,"[[21, 6, 22, 7], [17, 1, 18, 22], [11, 19, 12, 18], [13, 11, 14, 10], [19, 13, 20, 12], [1, 15, 2, 14], [3, 17, 4, 16], [7, 20, 8, 21], [9, 5, 10, 4], [5, 9, 6, 8], [15, 3, 16, 2]]"
11a_105_91,"[[15, 3, 16, 2], [21, 6, 22, 7], [17, 1, 18, 22], [11, 19, 12, 18], [13, 11, 14, 10], [19, 13, 20, 12], [1, 15, 2, 14], [3, 17, 4, 16], [7, 20, 8, 21], [9, 5, 10, 4], [5, 9, 6, 8]]"
11a_105_92,"[[5, 9, 6, 8], [15, 3, 16, 2], [21, 6, 22, 7], [17, 1, 18, 22], [11, 19, 12, 18], [13, 11, 14, 10], [19, 13, 20, 12], [1, 15, 2, 14], [3, 17, 4, 16], [7, 20, 8, 21], [9, 5, 10, 4]]"
11a_105_93,"[[9, 5, 10, 4], [5, 9, 6, 8], [15, 3, 16, 2], [21, 6, 22, 7], [17, 1, 18, 22], [11, 19, 12, 18], [13, 11, 14, 10], [19, 13, 20, 12], [1, 15, 2, 14], [3, 17, 4, 16], [7, 20, 8, 21]]"
11a_105_94,"[[7, 20, 8, 21], [9, 5, 10, 4], [5, 9, 6, 8], [15, 3, 16, 2], [21, 6, 22, 7], [17, 1, 18, 22], [11, 19, 12, 18], [13, 11, 14, 10], [19, 13, 20, 12], [1, 15, 2, 14], [3, 17, 4, 16]]"
11a_105_95,"[[3, 17, 4, 16], [7, 20, 8, 21], [9, 5, 10, 4], [5, 9, 6, 8], [15, 3, 16, 2], [21, 6, 22, 7], [17, 1, 18, 22], [11, 19, 12, 18], [13, 11, 14, 10], [19, 13, 20, 12], [1, 15, 2, 14]]"
11a_105_96,"[[1, 15, 2, 14], [3, 17, 4, 16], [7, 20, 8, 21], [9, 5, 10, 4], [5, 9, 6, 8], [15, 3, 16, 2], [21, 6, 22, 7], [17, 1, 18, 22], [11, 19, 12, 18], [13, 11, 14, 10], [19, 13, 20, 12]]"
11a_105_97,"[[19, 13, 20, 12], [1, 15, 2, 14], [3, 17, 4, 16], [7, 20, 8, 21], [9, 5, 10, 4], [5, 9, 6, 8], [15, 3, 16, 2], [21, 6, 22, 7], [17, 1, 18, 22], [11, 19, 12, 18], [13, 11, 14, 10]]"
11a_105_98,"[[13, 11, 14, 10], [19, 13, 20, 12], [1, 15, 2, 14], [3, 17, 4, 16], [7, 20, 8, 21], [9, 5, 10, 4], [5, 9, 6, 8], [15, 3, 16, 2], [21, 6, 22, 7], [17, 1, 18, 22], [11, 19, 12, 18]]"
11a_105_99,"[[12, 20, 13, 19], [14, 12, 15, 11], [20, 14, 21, 13], [2, 16, 3, 15], [4, 18, 5, 17], [8, 21, 9, 22], [10, 6, 11, 5], [6, 10, 7, 9], [16, 4, 17, 3], [22, 7, 1, 8], [18, 2, 19, 1]]"
11a_105_100,"[[18, 2, 19, 1], [12, 20, 13, 19], [14, 12, 15, 11], [20, 14, 21, 13], [2, 16, 3, 15], [4, 18, 5, 17], [8, 21, 9, 22], [10, 6, 11, 5], [6, 10, 7, 9], [16, 4, 17, 3], [22, 7, 1, 8]]"
11a_105_101,"[[22, 7, 1, 8], [18, 2, 19, 1], [12, 20, 13, 19], [14, 12, 15, 11], [20, 14, 21, 13], [2, 16, 3, 15], [4, 18, 5, 17], [8, 21, 9, 22], [10, 6, 11, 5], [6, 10, 7, 9], [16, 4, 17, 3]]"
11a_105_102,"[[16, 4, 17, 3], [22, 7, 1, 8], [18, 2, 19, 1], [12, 20, 13, 19], [14, 12, 15, 11], [20, 14, 21, 13], [2, 16, 3, 15], [4, 18, 5, 17], [8, 21, 9, 22], [10, 6, 11, 5], [6, 10, 7, 9]]"
11a_105_103,"[[6, 10, 7, 9], [16, 4, 17, 3], [22, 7, 1, 8], [18, 2, 19, 1], [12, 20, 13, 19], [14, 12, 15, 11], [20, 14, 21, 13], [2, 16, 3, 15], [4, 18, 5, 17], [8, 21, 9, 22], [10, 6, 11, 5]]"
11a_105_104,"[[10, 6, 11, 5], [6, 10, 7, 9], [16, 4, 17, 3], [22, 7, 1, 8], [18, 2, 19, 1], [12, 20, 13, 19], [14, 12, 15, 11], [20, 14, 21, 13], [2, 16, 3, 15], [4, 18, 5, 17], [8, 21, 9, 22]]"
11a_105_105,"[[8, 21, 9, 22], [10, 6, 11, 5], [6, 10, 7, 9], [16, 4, 17, 3], [22, 7, 1, 8], [18, 2, 19, 1], [12, 20, 13, 19], [14, 12, 15, 11], [20, 14, 21, 13], [2, 16, 3, 15], [4, 18, 5, 17]]"
11a_105_106,"[[4, 18, 5, 17], [8, 21, 9, 22], [10, 6, 11, 5], [6, 10, 7, 9], [16, 4, 17, 3], [22, 7, 1, 8], [18, 2, 19, 1], [12, 20, 13, 19], [14, 12, 15, 11], [20, 14, 21, 13], [2, 16, 3, 15]]"
11a_105_107,"[[2, 16, 3, 15], [4, 18, 5, 17], [8, 21, 9, 22], [10, 6, 11, 5], [6, 10, 7, 9], [16, 4, 17, 3], [22, 7, 1, 8], [18, 2, 19, 1], [12, 20, 13, 19], [14, 12, 15, 11], [20, 14, 21, 13]]"
11a_105_108,"[[20, 14, 21, 13], [2, 16, 3, 15], [4, 18, 5, 17], [8, 21, 9, 22], [10, 6, 11, 5], [6, 10, 7, 9], [16, 4, 17, 3], [22, 7, 1, 8], [18, 2, 19, 1], [12, 20, 13, 19], [14, 12, 15, 11]]"
11a_105_109,"[[14, 12, 15, 11], [20, 14, 21, 13], [2, 16, 3, 15], [4, 18, 5, 17], [8, 21, 9, 22], [10, 6, 11, 5], [6, 10, 7, 9], [16, 4, 17, 3], [22, 7, 1, 8], [18, 2, 19, 1], [12, 20, 13, 19]]"
11a_105_110,"[[13, 21, 14, 20], [15, 13, 16, 12], [21, 15, 22, 14], [3, 17, 4, 16], [5, 19, 6, 18], [9, 22, 10, 1], [11, 7, 12, 6], [7, 11, 8, 10], [17, 5, 18, 4], [1, 8, 2, 9], [19, 3, 20, 2]]"
11a_105_111,"[[19, 3, 20, 2], [13, 21, 14, 20], [15, 13, 16, 12], [21, 15, 22, 14], [3, 17, 4, 16], [5, 19, 6, 18], [9, 22, 10, 1], [11, 7, 12, 6], [7, 11, 8, 10], [17, 5, 18, 4], [1, 8, 2, 9]]"
11a_105_112,"[[1, 8, 2, 9], [19, 3, 20, 2], [13, 21, 14, 20], [15, 13, 16, 12], [21, 15, 22, 14], [3, 17, 4, 16], [5, 19, 6, 18], [9, 22, 10, 1], [11, 7, 12, 6], [7, 11, 8, 10], [17, 5, 18, 4]]"
11a_105_113,"[[17, 5, 18, 4], [1, 8, 2, 9], [19, 3, 20, 2], [13, 21, 14, 20], [15, 13, 16, 12], [21, 15, 22, 14], [3, 17, 4, 16], [5, 19, 6, 18], [9, 22, 10, 1], [11, 7, 12, 6], [7, 11, 8, 10]]"
11a_105_114,"[[7, 11, 8, 10], [17, 5, 18, 4], [1, 8, 2, 9], [19, 3, 20, 2], [13, 21, 14, 20], [15, 13, 16, 12], [21, 15, 22, 14], [3, 17, 4, 16], [5, 19, 6, 18], [9, 22, 10, 1], [11, 7, 12, 6]]"
11a_105_115,"[[11, 7, 12, 6], [7, 11, 8, 10], [17, 5, 18, 4], [1, 8, 2, 9], [19, 3, 20, 2], [13, 21, 14, 20], [15, 13, 16, 12], [21, 15, 22, 14], [3, 17, 4, 16], [5, 19, 6, 18], [9, 22, 10, 1]]"
11a_105_116,"[[9, 22, 10, 1], [11, 7, 12, 6], [7, 11, 8, 10], [17, 5, 18, 4], [1, 8, 2, 9], [19, 3, 20, 2], [13, 21, 14, 20], [15, 13, 16, 12], [21, 15, 22, 14], [3, 17, 4, 16], [5, 19, 6, 18]]"
11a_105_117,"[[5, 19, 6, 18], [9, 22, 10, 1], [11, 7, 12, 6], [7, 11, 8, 10], [17, 5, 18, 4], [1, 8, 2, 9], [19, 3, 20, 2], [13, 21, 14, 20], [15, 13, 16, 12], [21, 15, 22, 14], [3, 17, 4, 16]]"
11a_105_118,"[[3, 17, 4, 16], [5, 19, 6, 18], [9, 22, 10, 1], [11, 7, 12, 6], [7, 11, 8, 10], [17, 5, 18, 4], [1, 8, 2, 9], [19, 3, 20, 2], [13, 21, 14, 20], [15, 13, 16, 12], [21, 15, 22, 14]]"
11a_105_119,"[[21, 15, 22, 14], [3, 17, 4, 16], [5, 19, 6, 18], [9, 22, 10, 1], [11, 7, 12, 6], [7, 11, 8, 10], [17, 5, 18, 4], [1, 8, 2, 9], [19, 3, 20, 2], [13, 21, 14, 20], [15, 13, 16, 12]]"
11a_105_120,"[[15, 13, 16, 12], [21, 15, 22, 14], [3, 17, 4, 16], [5, 19, 6, 18], [9, 22, 10, 1], [11, 7, 12, 6], [7, 11, 8, 10], [17, 5, 18, 4], [1, 8, 2, 9], [19, 3, 20, 2], [13, 21, 14, 20]]"
11a_105_121,"[[14, 22, 15, 21], [16, 14, 17, 13], [22, 16, 1, 15], [4, 18, 5, 17], [6, 20, 7, 19], [10, 1, 11, 2], [12, 8, 13, 7], [8, 12, 9, 11], [18, 6, 19, 5], [2, 9, 3, 10], [20, 4, 21, 3]]"
11a_105_122,"[[20, 4, 21, 3], [14, 22, 15, 21], [16, 14, 17, 13], [22, 16, 1, 15], [4, 18, 5, 17], [6, 20, 7, 19], [10, 1, 11, 2], [12, 8, 13, 7], [8, 12, 9, 11], [18, 6, 19, 5], [2, 9, 3, 10]]"
11a_105_123,"[[2, 9, 3, 10], [20, 4, 21, 3], [14, 22, 15, 21], [16, 14, 17, 13], [22, 16, 1, 15], [4, 18, 5, 17], [6, 20, 7, 19], [10, 1, 11, 2], [12, 8, 13, 7], [8, 12, 9, 11], [18, 6, 19, 5]]"
11a_105_124,"[[18, 6, 19, 5], [2, 9, 3, 10], [20, 4, 21, 3], [14, 22, 15, 21], [16, 14, 17, 13], [22, 16, 1, 15], [4, 18, 5, 17], [6, 20, 7, 19], [10, 1, 11, 2], [12, 8, 13, 7], [8, 12, 9, 11]]"
11a_105_125,"[[8, 12, 9, 11], [18, 6, 19, 5], [2, 9, 3, 10], [20, 4, 21, 3], [14, 22, 15, 21], [16, 14, 17, 13], [22, 16, 1, 15], [4, 18, 5, 17], [6, 20, 7, 19], [10, 1, 11, 2], [12, 8, 13, 7]]"
11a_105_126,"[[12, 8, 13, 7], [8, 12, 9, 11], [18, 6, 19, 5], [2, 9, 3, 10], [20, 4, 21, 3], [14, 22, 15, 21], [16, 14, 17, 13], [22, 16, 1, 15], [4, 18, 5, 17], [6, 20, 7, 19], [10, 1, 11, 2]]"
11a_105_127,"[[10, 1, 11, 2], [12, 8, 13, 7], [8, 12, 9, 11], [18, 6, 19, 5], [2, 9, 3, 10], [20, 4, 21, 3], [14, 22, 15, 21], [16, 14, 17, 13], [22, 16, 1, 15], [4, 18, 5, 17], [6, 20, 7, 19]]"
11a_105_128,"[[6, 20, 7, 19], [10, 1, 11, 2], [12, 8, 13, 7], [8, 12, 9, 11], [18, 6, 19, 5], [2, 9, 3, 10], [20, 4, 21, 3], [14, 22, 15, 21], [16, 14, 17, 13], [22, 16, 1, 15], [4, 18, 5, 17]]"
11a_105_129,"[[4, 18, 5, 17], [6, 20, 7, 19], [10, 1, 11, 2], [12, 8, 13, 7], [8, 12, 9, 11], [18, 6, 19, 5], [2, 9, 3, 10], [20, 4, 21, 3], [14, 22, 15, 21], [16, 14, 17, 13], [22, 16, 1, 15]]"
11a_105_130,"[[22, 16, 1, 15], [4, 18, 5, 17], [6, 20, 7, 19], [10, 1, 11, 2], [12, 8, 13, 7], [8, 12, 9, 11], [18, 6, 19, 5], [2, 9, 3, 10], [20, 4, 21, 3], [14, 22, 15, 21], [16, 14, 17, 13]]"
11a_105_131,"[[16, 14, 17, 13], [22, 16, 1, 15], [4, 18, 5, 17], [6, 20, 7, 19], [10, 1, 11, 2], [12, 8, 13, 7], [8, 12, 9, 11], [18, 6, 19, 5], [2, 9, 3, 10], [20, 4, 21, 3], [14, 22, 15, 21]]"
11a_105_132,"[[15, 1, 16, 22], [17, 15, 18, 14], [1, 17, 2, 16], [5, 19, 6, 18], [7, 21, 8, 20], [11, 2, 12, 3], [13, 9, 14, 8], [9, 13, 10, 12], [19, 7, 20, 6], [3, 10, 4, 11], [21, 5, 22, 4]]"
11a_105_133,"[[21, 5, 22, 4], [15, 1, 16, 22], [17, 15, 18, 14], [1, 17, 2, 16], [5, 19, 6, 18], [7, 21, 8, 20], [11, 2, 12, 3], [13, 9, 14, 8], [9, 13, 10, 12], [19, 7, 20, 6], [3, 10, 4, 11]]"
11a_105_134,"[[3, 10, 4, 11], [21, 5, 22, 4], [15, 1, 16, 22], [17, 15, 18, 14], [1, 17, 2, 16], [5, 19, 6, 18], [7, 21, 8, 20], [11, 2, 12, 3], [13, 9, 14, 8], [9, 13, 10, 12], [19, 7, 20, 6]]"
11a_105_135,"[[19, 7, 20, 6], [3, 10, 4, 11], [21, 5, 22, 4], [15, 1, 16, 22], [17, 15, 18, 14], [1, 17, 2, 16], [5, 19, 6, 18], [7, 21, 8, 20], [11, 2, 12, 3], [13, 9, 14, 8], [9, 13, 10, 12]]"
11a_105_136,"[[9, 13, 10, 12], [19, 7, 20, 6], [3, 10, 4, 11], [21, 5, 22, 4], [15, 1, 16, 22], [17, 15, 18, 14], [1, 17, 2, 16], [5, 19, 6, 18], [7, 21, 8, 20], [11, 2, 12, 3], [13, 9, 14, 8]]"
11a_105_137,"[[13, 9, 14, 8], [9, 13, 10, 12], [19, 7, 20, 6], [3, 10, 4, 11], [21, 5, 22, 4], [15, 1, 16, 22], [17, 15, 18, 14], [1, 17, 2, 16], [5, 19, 6, 18], [7, 21, 8, 20], [11, 2, 12, 3]]"
11a_105_138,"[[11, 2, 12, 3], [13, 9, 14, 8], [9, 13, 10, 12], [19, 7, 20, 6], [3, 10, 4, 11], [21, 5, 22, 4], [15, 1, 16, 22], [17, 15, 18, 14], [1, 17, 2, 16], [5, 19, 6, 18], [7, 21, 8, 20]]"
11a_105_139,"[[7, 21, 8, 20], [11, 2, 12, 3], [13, 9, 14, 8], [9, 13, 10, 12], [19, 7, 20, 6], [3, 10, 4, 11], [21, 5, 22, 4], [15, 1, 16, 22], [17, 15, 18, 14], [1, 17, 2, 16], [5, 19, 6, 18]]"
11a_105_140,"[[5, 19, 6, 18], [7, 21, 8, 20], [11, 2, 12, 3], [13, 9, 14, 8], [9, 13, 10, 12], [19, 7, 20, 6], [3, 10, 4, 11], [21, 5, 22, 4], [15, 1, 16, 22], [17, 15, 18, 14], [1, 17, 2, 16]]"
11a_105_141,"[[1, 17, 2, 16], [5, 19, 6, 18], [7, 21, 8, 20], [11, 2, 12, 3], [13, 9, 14, 8], [9, 13, 10, 12], [19, 7, 20, 6], [3, 10, 4, 11], [21, 5, 22, 4], [15, 1, 16, 22], [17, 15, 18, 14]]"
11a_105_142,"[[17, 15, 18, 14], [1, 17, 2, 16], [5, 19, 6, 18], [7, 21, 8, 20], [11, 2, 12, 3], [13, 9, 14, 8], [9, 13, 10, 12], [19, 7, 20, 6], [3, 10, 4, 11], [21, 5, 22, 4], [15, 1, 16, 22]]"
11a_105_143,"[[16, 2, 17, 1], [18, 16, 19, 15], [2, 18, 3, 17], [6, 20, 7, 19], [8, 22, 9, 21], [12, 3, 13, 4], [14, 10, 15, 9], [10, 14, 11, 13], [20, 8, 21, 7], [4, 11, 5, 12], [22, 6, 1, 5]]"
11a_105_144,"[[22, 6, 1, 5], [16, 2, 17, 1], [18, 16, 19, 15], [2, 18, 3, 17], [6, 20, 7, 19], [8, 22, 9, 21], [12, 3, 13, 4], [14, 10, 15, 9], [10, 14, 11, 13], [20, 8, 21, 7], [4, 11, 5, 12]]"
11a_105_145,"[[4, 11, 5, 12], [22, 6, 1, 5], [16, 2, 17, 1], [18, 16, 19, 15], [2, 18, 3, 17], [6, 20, 7, 19], [8, 22, 9, 21], [12, 3, 13, 4], [14, 10, 15, 9], [10, 14, 11, 13], [20, 8, 21, 7]]"
11a_105_146,"[[20, 8, 21, 7], [4, 11, 5, 12], [22, 6, 1, 5], [16, 2, 17, 1], [18, 16, 19, 15], [2, 18, 3, 17], [6, 20, 7, 19], [8, 22, 9, 21], [12, 3, 13, 4], [14, 10, 15, 9], [10, 14, 11, 13]]"
11a_105_147,"[[10, 14, 11, 13], [20, 8, 21, 7], [4, 11, 5, 12], [22, 6, 1, 5], [16, 2, 17, 1], [18, 16, 19, 15], [2, 18, 3, 17], [6, 20, 7, 19], [8, 22, 9, 21], [12, 3, 13, 4], [14, 10, 15, 9]]"
11a_105_148,"[[14, 10, 15, 9], [10, 14, 11, 13], [20, 8, 21, 7], [4, 11, 5, 12], [22, 6, 1, 5], [16, 2, 17, 1], [18, 16, 19, 15], [2, 18, 3, 17], [6, 20, 7, 19], [8, 22, 9, 21], [12, 3, 13, 4]]"
11a_105_149,"[[12, 3, 13, 4], [14, 10, 15, 9], [10, 14, 11, 13], [20, 8, 21, 7], [4, 11, 5, 12], [22, 6, 1, 5], [16, 2, 17, 1], [18, 16, 19, 15], [2, 18, 3, 17], [6, 20, 7, 19], [8, 22, 9, 21]]"
11a_105_150,"[[8, 22, 9, 21], [12, 3, 13, 4], [14, 10, 15, 9], [10, 14, 11, 13], [20, 8, 21, 7], [4, 11, 5, 12], [22, 6, 1, 5], [16, 2, 17, 1], [18, 16, 19, 15], [2, 18, 3, 17], [6, 20, 7, 19]]"
11a_105_151,"[[6, 20, 7, 19], [8, 22, 9, 21], [12, 3, 13, 4], [14, 10, 15, 9], [10, 14, 11, 13], [20, 8, 21, 7], [4, 11, 5, 12], [22, 6, 1, 5], [16, 2, 17, 1], [18, 16, 19, 15], [2, 18, 3, 17]]"
11a_105_152,"[[2, 18, 3, 17], [6, 20, 7, 19], [8, 22, 9, 21], [12, 3, 13, 4], [14, 10, 15, 9], [10, 14, 11, 13], [20, 8, 21, 7], [4, 11, 5, 12], [22, 6, 1, 5], [16, 2, 17, 1], [18, 16, 19, 15]]"
11a_105_153,"[[18, 16, 19, 15], [2, 18, 3, 17], [6, 20, 7, 19], [8, 22, 9, 21], [12, 3, 13, 4], [14, 10, 15, 9], [10, 14, 11, 13], [20, 8, 21, 7], [4, 11, 5, 12], [22, 6, 1, 5], [16, 2, 17, 1]]"
11a_105_154,"[[17, 3, 18, 2], [19, 17, 20, 16], [3, 19, 4, 18], [7, 21, 8, 20], [9, 1, 10, 22], [13, 4, 14, 5], [15, 11, 16, 10], [11, 15, 12, 14], [21, 9, 22, 8], [5, 12, 6, 13], [1, 7, 2, 6]]"
11a_105_155,"[[1, 7, 2, 6], [17, 3, 18, 2], [19, 17, 20, 16], [3, 19, 4, 18], [7, 21, 8, 20], [9, 1, 10, 22], [13, 4, 14, 5], [15, 11, 16, 10], [11, 15, 12, 14], [21, 9, 22, 8], [5, 12, 6, 13]]"
11a_105_156,"[[5, 12, 6, 13], [1, 7, 2, 6], [17, 3, 18, 2], [19, 17, 20, 16], [3, 19, 4, 18], [7, 21, 8, 20], [9, 1, 10, 22], [13, 4, 14, 5], [15, 11, 16, 10], [11, 15, 12, 14], [21, 9, 22, 8]]"
11a_105_157,"[[21, 9, 22, 8], [5, 12, 6, 13], [1, 7, 2, 6], [17, 3, 18, 2], [19, 17, 20, 16], [3, 19, 4, 18], [7, 21, 8, 20], [9, 1, 10, 22], [13, 4, 14, 5], [15, 11, 16, 10], [11, 15, 12, 14]]"
11a_105_158,"[[11, 15, 12, 14], [21, 9, 22, 8], [5, 12, 6, 13], [1, 7, 2, 6], [17, 3, 18, 2], [19, 17, 20, 16], [3, 19, 4, 18], [7, 21, 8, 20], [9, 1, 10, 22], [13, 4, 14, 5], [15, 11, 16, 10]]"
11a_105_159,"[[15, 11, 16, 10], [11, 15, 12, 14], [21, 9, 22, 8], [5, 12, 6, 13], [1, 7, 2, 6], [17, 3, 18, 2], [19, 17, 20, 16], [3, 19, 4, 18], [7, 21, 8, 20], [9, 1, 10, 22], [13, 4, 14, 5]]"
11a_105_160,"[[13, 4, 14, 5], [15, 11, 16, 10], [11, 15, 12, 14], [21, 9, 22, 8], [5, 12, 6, 13], [1, 7, 2, 6], [17, 3, 18, 2], [19, 17, 20, 16], [3, 19, 4, 18], [7, 21, 8, 20], [9, 1, 10, 22]]"
11a_105_161,"[[9, 1, 10, 22], [13, 4, 14, 5], [15, 11, 16, 10], [11, 15, 12, 14], [21, 9, 22, 8], [5, 12, 6, 13], [1, 7, 2, 6], [17, 3, 18, 2], [19, 17, 20, 16], [3, 19, 4, 18], [7, 21, 8, 20]]"
11a_105_162,"[[7, 21, 8, 20], [9, 1, 10, 22], [13, 4, 14, 5], [15, 11, 16, 10], [11, 15, 12, 14], [21, 9, 22, 8], [5, 12, 6, 13], [1, 7, 2, 6], [17, 3, 18, 2], [19, 17, 20, 16], [3, 19, 4, 18]]"
11a_105_163,"[[3, 19, 4, 18], [7, 21, 8, 20], [9, 1, 10, 22], [13, 4, 14, 5], [15, 11, 16, 10], [11, 15, 12, 14], [21, 9, 22, 8], [5, 12, 6, 13], [1, 7, 2, 6], [17, 3, 18, 2], [19, 17, 20, 16]]"
11a_105_164,"[[19, 17, 20, 16], [3, 19, 4, 18], [7, 21, 8, 20], [9, 1, 10, 22], [13, 4, 14, 5], [15, 11, 16, 10], [11, 15, 12, 14], [21, 9, 22, 8], [5, 12, 6, 13], [1, 7, 2, 6], [17, 3, 18, 2]]"
11a_105_165,"[[18, 4, 19, 3], [20, 18, 21, 17], [4, 20, 5, 19], [8, 22, 9, 21], [10, 2, 11, 1], [14, 5, 15, 6], [16, 12, 17, 11], [12, 16, 13, 15], [22, 10, 1, 9], [6, 13, 7, 14], [2, 8, 3, 7]]"
11a_105_166,"[[2, 8, 3, 7], [18, 4, 19, 3], [20, 18, 21, 17], [4, 20, 5, 19], [8, 22, 9, 21], [10, 2, 11, 1], [14, 5, 15, 6], [16, 12, 17, 11], [12, 16, 13, 15], [22, 10, 1, 9], [6, 13, 7, 14]]"
11a_105_167,"[[6, 13, 7, 14], [2, 8, 3, 7], [18, 4, 19, 3], [20, 18, 21, 17], [4, 20, 5, 19], [8, 22, 9, 21], [10, 2, 11, 1], [14, 5, 15, 6], [16, 12, 17, 11], [12, 16, 13, 15], [22, 10, 1, 9]]"
11a_105_168,"[[22, 10, 1, 9], [6, 13, 7, 14], [2, 8, 3, 7], [18, 4, 19, 3], [20, 18, 21, 17], [4, 20, 5, 19], [8, 22, 9, 21], [10, 2, 11, 1], [14, 5, 15, 6], [16, 12, 17, 11], [12, 16, 13, 15]]"
11a_105_169,"[[12, 16, 13, 15], [22, 10, 1, 9], [6, 13, 7, 14], [2, 8, 3, 7], [18, 4, 19, 3], [20, 18, 21, 17], [4, 20, 5, 19], [8, 22, 9, 21], [10, 2, 11, 1], [14, 5, 15, 6], [16, 12, 17, 11]]"
11a_105_170,"[[16, 12, 17, 11], [12, 16, 13, 15], [22, 10, 1, 9], [6, 13, 7, 14], [2, 8, 3, 7], [18, 4, 19, 3], [20, 18, 21, 17], [4, 20, 5, 19], [8, 22, 9, 21], [10, 2, 11, 1], [14, 5, 15, 6]]"
11a_105_171,"[[14, 5, 15, 6], [16, 12, 17, 11], [12, 16, 13, 15], [22, 10, 1, 9], [6, 13, 7, 14], [2, 8, 3, 7], [18, 4, 19, 3], [20, 18, 21, 17], [4, 20, 5, 19], [8, 22, 9, 21], [10, 2, 11, 1]]"
11a_105_172,"[[10, 2, 11, 1], [14, 5, 15, 6], [16, 12, 17, 11], [12, 16, 13, 15], [22, 10, 1, 9], [6, 13, 7, 14], [2, 8, 3, 7], [18, 4, 19, 3], [20, 18, 21, 17], [4, 20, 5, 19], [8, 22, 9, 21]]"
11a_105_173,"[[8, 22, 9, 21], [10, 2, 11, 1], [14, 5, 15, 6], [16, 12, 17, 11], [12, 16, 13, 15], [22, 10, 1, 9], [6, 13, 7, 14], [2, 8, 3, 7], [18, 4, 19, 3], [20, 18, 21, 17], [4, 20, 5, 19]]"
11a_105_174,"[[4, 20, 5, 19], [8, 22, 9, 21], [10, 2, 11, 1], [14, 5, 15, 6], [16, 12, 17, 11], [12, 16, 13, 15], [22, 10, 1, 9], [6, 13, 7, 14], [2, 8, 3, 7], [18, 4, 19, 3], [20, 18, 21, 17]]"
11a_105_175,"[[20, 18, 21, 17], [4, 20, 5, 19], [8, 22, 9, 21], [10, 2, 11, 1], [14, 5, 15, 6], [16, 12, 17, 11], [12, 16, 13, 15], [22, 10, 1, 9], [6, 13, 7, 14], [2, 8, 3, 7], [18, 4, 19, 3]]"
11a_105_176,"[[19, 5, 20, 4], [21, 19, 22, 18], [5, 21, 6, 20], [9, 1, 10, 22], [11, 3, 12, 2], [15, 6, 16, 7], [17, 13, 18, 12], [13, 17, 14, 16], [1, 11, 2, 10], [7, 14, 8, 15], [3, 9, 4, 8]]"
11a_105_177,"[[3, 9, 4, 8], [19, 5, 20, 4], [21, 19, 22, 18], [5, 21, 6, 20], [9, 1, 10, 22], [11, 3, 12, 2], [15, 6, 16, 7], [17, 13, 18, 12], [13, 17, 14, 16], [1, 11, 2, 10], [7, 14, 8, 15]]"
11a_105_178,"[[7, 14, 8, 15], [3, 9, 4, 8], [19, 5, 20, 4], [21, 19, 22, 18], [5, 21, 6, 20], [9, 1, 10, 22], [11, 3, 12, 2], [15, 6, 16, 7], [17, 13, 18, 12], [13, 17, 14, 16], [1, 11, 2, 10]]"
11a_105_179,"[[1, 11, 2, 10], [7, 14, 8, 15], [3, 9, 4, 8], [19, 5, 20, 4], [21, 19, 22, 18], [5, 21, 6, 20], [9, 1, 10, 22], [11, 3, 12, 2], [15, 6, 16, 7], [17, 13, 18, 12], [13, 17, 14, 16]]"
11a_105_180,"[[13, 17, 14, 16], [1, 11, 2, 10], [7, 14, 8, 15], [3, 9, 4, 8], [19, 5, 20, 4], [21, 19, 22, 18], [5, 21, 6, 20], [9, 1, 10, 22], [11, 3, 12, 2], [15, 6, 16, 7], [17, 13, 18, 12]]"
11a_105_181,"[[17, 13, 18, 12], [13, 17, 14, 16], [1, 11, 2, 10], [7, 14, 8, 15], [3, 9, 4, 8], [19, 5, 20, 4], [21, 19, 22, 18], [5, 21, 6, 20], [9, 1, 10, 22], [11, 3, 12, 2], [15, 6, 16, 7]]"
11a_105_182,"[[15, 6, 16, 7], [17, 13, 18, 12], [13, 17, 14, 16], [1, 11, 2, 10], [7, 14, 8, 15], [3, 9, 4, 8], [19, 5, 20, 4], [21, 19, 22, 18], [5, 21, 6, 20], [9, 1, 10, 22], [11, 3, 12, 2]]"
11a_105_183,"[[11, 3, 12, 2], [15, 6, 16, 7], [17, 13, 18, 12], [13, 17, 14, 16], [1, 11, 2, 10], [7, 14, 8, 15], [3, 9, 4, 8], [19, 5, 20, 4], [21, 19, 22, 18], [5, 21, 6, 20], [9, 1, 10, 22]]"
11a_105_184,"[[9, 1, 10, 22], [11, 3, 12, 2], [15, 6, 16, 7], [17, 13, 18, 12], [13, 17, 14, 16], [1, 11, 2, 10], [7, 14, 8, 15], [3, 9, 4, 8], [19, 5, 20, 4], [21, 19, 22, 18], [5, 21, 6, 20]]"
11a_105_185,"[[5, 21, 6, 20], [9, 1, 10, 22], [11, 3, 12, 2], [15, 6, 16, 7], [17, 13, 18, 12], [13, 17, 14, 16], [1, 11, 2, 10], [7, 14, 8, 15], [3, 9, 4, 8], [19, 5, 20, 4], [21, 19, 22, 18]]"
11a_105_186,"[[21, 19, 22, 18], [5, 21, 6, 20], [9, 1, 10, 22], [11, 3, 12, 2], [15, 6, 16, 7], [17, 13, 18, 12], [13, 17, 14, 16], [1, 11, 2, 10], [7, 14, 8, 15], [3, 9, 4, 8], [19, 5, 20, 4]]"
11a_105_187,"[[20, 6, 21, 5], [22, 20, 1, 19], [6, 22, 7, 21], [10, 2, 11, 1], [12, 4, 13, 3], [16, 7, 17, 8], [18, 14, 19, 13], [14, 18, 15, 17], [2, 12, 3, 11], [8, 15, 9, 16], [4, 10, 5, 9]]"
11a_105_188,"[[4, 10, 5, 9], [20, 6, 21, 5], [22, 20, 1, 19], [6, 22, 7, 21], [10, 2, 11, 1], [12, 4, 13, 3], [16, 7, 17, 8], [18, 14, 19, 13], [14, 18, 15, 17], [2, 12, 3, 11], [8, 15, 9, 16]]"
11a_105_189,"[[8, 15, 9, 16], [4, 10, 5, 9], [20, 6, 21, 5], [22, 20, 1, 19], [6, 22, 7, 21], [10, 2, 11, 1], [12, 4, 13, 3], [16, 7, 17, 8], [18, 14, 19, 13], [14, 18, 15, 17], [2, 12, 3, 11]]"
11a_105_190,"[[2, 12, 3, 11], [8, 15, 9, 16], [4, 10, 5, 9], [20, 6, 21, 5], [22, 20, 1, 19], [6, 22, 7, 21], [10, 2, 11, 1], [12, 4, 13, 3], [16, 7, 17, 8], [18, 14, 19, 13], [14, 18, 15, 17]]"
11a_105_191,"[[14, 18, 15, 17], [2, 12, 3, 11], [8, 15, 9, 16], [4, 10, 5, 9], [20, 6, 21, 5], [22, 20, 1, 19], [6, 22, 7, 21], [10, 2, 11, 1], [12, 4, 13, 3], [16, 7, 17, 8], [18, 14, 19, 13]]"
11a_105_192,"[[18, 14, 19, 13], [14, 18, 15, 17], [2, 12, 3, 11], [8, 15, 9, 16], [4, 10, 5, 9], [20, 6, 21, 5], [22, 20, 1, 19], [6, 22, 7, 21], [10, 2, 11, 1], [12, 4, 13, 3], [16, 7, 17, 8]]"
11a_105_193,"[[16, 7, 17, 8], [18, 14, 19, 13], [14, 18, 15, 17], [2, 12, 3, 11], [8, 15, 9, 16], [4, 10, 5, 9], [20, 6, 21, 5], [22, 20, 1, 19], [6, 22, 7, 21], [10, 2, 11, 1], [12, 4, 13, 3]]"
11a_105_194,"[[12, 4, 13, 3], [16, 7, 17, 8], [18, 14, 19, 13], [14, 18, 15, 17], [2, 12, 3, 11], [8, 15, 9, 16], [4, 10, 5, 9], [20, 6, 21, 5], [22, 20, 1, 19], [6, 22, 7, 21], [10, 2, 11, 1]]"
11a_105_195,"[[10, 2, 11, 1], [12, 4, 13, 3], [16, 7, 17, 8], [18, 14, 19, 13], [14, 18, 15, 17], [2, 12, 3, 11], [8, 15, 9, 16], [4, 10, 5, 9], [20, 6, 21, 5], [22, 20, 1, 19], [6, 22, 7, 21]]"
11a_105_196,"[[6, 22, 7, 21], [10, 2, 11, 1], [12, 4, 13, 3], [16, 7, 17, 8], [18, 14, 19, 13], [14, 18, 15, 17], [2, 12, 3, 11], [8, 15, 9, 16], [4, 10, 5, 9], [20, 6, 21, 5], [22, 20, 1, 19]]"
11a_105_197,"[[22, 20, 1, 19], [6, 22, 7, 21], [10, 2, 11, 1], [12, 4, 13, 3], [16, 7, 17, 8], [18, 14, 19, 13], [14, 18, 15, 17], [2, 12, 3, 11], [8, 15, 9, 16], [4, 10, 5, 9], [20, 6, 21, 5]]"
11a_105_198,"[[21, 7, 22, 6], [1, 21, 2, 20], [7, 1, 8, 22], [11, 3, 12, 2], [13, 5, 14, 4], [17, 8, 18, 9], [19, 15, 20, 14], [15, 19, 16, 18], [3, 13, 4, 12], [9, 16, 10, 17], [5, 11, 6, 10]]"
11a_105_199,"[[5, 11, 6, 10], [21, 7, 22, 6], [1, 21, 2, 20], [7, 1, 8, 22], [11, 3, 12, 2], [13, 5, 14, 4], [17, 8, 18, 9], [19, 15, 20, 14], [15, 19, 16, 18], [3, 13, 4, 12], [9, 16, 10, 17]]"
11a_105_200,"[[9, 16, 10, 17], [5, 11, 6, 10], [21, 7, 22, 6], [1, 21, 2, 20], [7, 1, 8, 22], [11, 3, 12, 2], [13, 5, 14, 4], [17, 8, 18, 9], [19, 15, 20, 14], [15, 19, 16, 18], [3, 13, 4, 12]]"
11a_105_201,"[[3, 13, 4, 12], [9, 16, 10, 17], [5, 11, 6, 10], [21, 7, 22, 6], [1, 21, 2, 20], [7, 1, 8, 22], [11, 3, 12, 2], [13, 5, 14, 4], [17, 8, 18, 9], [19, 15, 20, 14], [15, 19, 16, 18]]"
11a_105_202,"[[15, 19, 16, 18], [3, 13, 4, 12], [9, 16, 10, 17], [5, 11, 6, 10], [21, 7, 22, 6], [1, 21, 2, 20], [7, 1, 8, 22], [11, 3, 12, 2], [13, 5, 14, 4], [17, 8, 18, 9], [19, 15, 20, 14]]"
11a_105_203,"[[19, 15, 20, 14], [15, 19, 16, 18], [3, 13, 4, 12], [9, 16, 10, 17], [5, 11, 6, 10], [21, 7, 22, 6], [1, 21, 2, 20], [7, 1, 8, 22], [11, 3, 12, 2], [13, 5, 14, 4], [17, 8, 18, 9]]"
