name,pd_notation
11a_236_0,"[[3, 15, 4, 14], [5, 3, 6, 2], [15, 5, 16, 4], [17, 7, 18, 6], [1, 13, 2, 12], [7, 1, 8, 22], [21, 11, 22, 10], [19, 9, 20, 8], [9, 21, 10, 20], [11, 19, 12, 18], [13, 17, 14, 16]]"
11a_236_1,"[[13, 17, 14, 16], [3, 15, 4, 14], [5, 3, 6, 2], [15, 5, 16, 4], [17, 7, 18, 6], [1, 13, 2, 12], [7, 1, 8, 22], [21, 11, 22, 10], [19, 9, 20, 8], [9, 21, 10, 20], [11, 19, 12, 18]]"
11a_236_2,"[[11, 19, 12, 18], [13, 17, 14, 16], [3, 15, 4, 14], [5, 3, 6, 2], [15, 5, 16, 4], [17, 7, 18, 6], [1, 13, 2, 12], [7, 1, 8, 22], [21, 11, 22, 10], [19, 9, 20, 8], [9, 21, 10, 20]]"
11a_236_3,"[[9, 21, 10, 20], [11, 19, 12, 18], [13, 17, 14, 16], [3, 15, 4, 14], [5, 3, 6, 2], [15, 5, 16, 4], [17, 7, 18, 6], [1, 13, 2, 12], [7, 1, 8, 22], [21, 11, 22, 10], [19, 9, 20, 8]]"
11a_236_4,"[[19, 9, 20, 8], [9, 21, 10, 20], [11, 19, 12, 18], [13, 17, 14, 16], [3, 15, 4, 14], [5, 3, 6, 2], [15, 5, 16, 4], [17, 7, 18, 6], [1, 13, 2, 12], [7, 1, 8, 22], [21, 11, 22, 10]]"
11a_236_5,"[[21, 11, 22, 10], [19, 9, 20, 8], [9, 21, 10, 20], [11, 19, 12, 18], [13, 17, 14, 16], [3, 15, 4, 14], [5, 3, 6, 2], [15, 5, 16, 4], [17, 7, 18, 6], [1, 13, 2, 12], [7, 1, 8, 22]]"
11a_236_6,"[[7, 1, 8, 22], [21, 11, 22, 10], [19, 9, 20, 8], [9, 21, 10, 20], [11, 19, 12, 18], [13, 17, 14, 16], [3, 15, 4, 14], [5, 3, 6, 2], [15, 5, 16, 4], [17, 7, 18, 6], [1, 13, 2, 12]]"
11a_236_7,"[[1, 13, 2, 12], [7, 1, 8, 22], [21, 11, 22, 10], [19, 9, 20, 8], [9, 21, 10, 20], [11, 19, 12, 18], [13, 17, 14, 16], [3, 15, 4, 14], [5, 3, 6, 2], [15, 5, 16, 4], [17, 7, 18, 6]]"
11a_236_8,"[[17, 7, 18, 6], [1, 13, 2, 12], [7, 1, 8, 22], [21, 11, 22, 10], [19, 9, 20, 8], [9, 21, 10, 20], [11, 19, 12, 18], [13, 17, 14, 16], [3, 15, 4, 14], [5, 3, 6, 2], [15, 5, 16, 4]]"
11a_236_9,"[[15, 5, 16, 4], [17, 7, 18, 6], [1, 13, 2, 12], [7, 1, 8, 22], [21, 11, 22, 10], [19, 9, 20, 8], [9, 21, 10, 20], [11, 19, 12, 18], [13, 17, 14, 16], [3, 15, 4, 14], [5, 3, 6, 2]]"
11a_236_10,"[[5, 3, 6, 2], [15, 5, 16, 4], [17, 7, 18, 6], [1, 13, 2, 12], [7, 1, 8, 22], [21, 11, 22, 10], [19, 9, 20, 8], [9, 21, 10, 20], [11, 19, 12, 18], [13, 17, 14, 16], [3, 15, 4, 14]]"
11a_236_11,"[[4, 16, 5, 15], [6, 4, 7, 3], [16, 6, 17, 5], [18, 8, 19, 7], [2, 14, 3, 13], [8, 2, 9, 1], [22, 12, 1, 11], [20, 10, 21, 9], [10, 22, 11, 21], [12, 20, 13, 19], [14, 18, 15, 17]]"
11a_236_12,"[[14, 18, 15, 17], [4, 16, 5, 15], [6, 4, 7, 3], [16, 6, 17, 5], [18, 8, 19, 7], [2, 14, 3, 13], [8, 2, 9, 1], [22, 12, 1, 11], [20, 10, 21, 9], [10, 22, 11, 21], [12, 20, 13, 19]]"
11a_236_13,"[[12, 20, 13, 19], [14, 18, 15, 17], [4, 16, 5, 15], [6, 4, 7, 3], [16, 6, 17, 5], [18, 8, 19, 7], [2, 14, 3, 13], [8, 2, 9, 1], [22, 12, 1, 11], [20, 10, 21, 9], [10, 22, 11, 21]]"
11a_236_14,"[[10, 22, 11, 21], [12, 20, 13, 19], [14, 18, 15, 17], [4, 16, 5, 15], [6, 4, 7, 3], [16, 6, 17, 5], [18, 8, 19, 7], [2, 14, 3, 13], [8, 2, 9, 1], [22, 12, 1, 11], [20, 10, 21, 9]]"
11a_236_15,"[[20, 10, 21, 9], [10, 22, 11, 21], [12, 20, 13, 19], [14, 18, 15, 17], [4, 16, 5, 15], [6, 4, 7, 3], [16, 6, 17, 5], [18, 8, 19, 7], [2, 14, 3, 13], [8, 2, 9, 1], [22, 12, 1, 11]]"
11a_236_16,"[[22, 12, 1, 11], [20, 10, 21, 9], [10, 22, 11, 21], [12, 20, 13, 19], [14, 18, 15, 17], [4, 16, 5, 15], [6, 4, 7, 3], [16, 6, 17, 5], [18, 8, 19, 7], [2, 14, 3, 13], [8, 2, 9, 1]]"
11a_236_17,"[[8, 2, 9, 1], [22, 12, 1, 11], [20, 10, 21, 9], [10, 22, 11, 21], [12, 20, 13, 19], [14, 18, 15, 17], [4, 16, 5, 15], [6, 4, 7, 3], [16, 6, 17, 5], [18, 8, 19, 7], [2, 14, 3, 13]]"
11a_236_18,"[[2, 14, 3, 13], [8, 2, 9, 1], [22, 12, 1, 11], [20, 10, 21, 9], [10, 22, 11, 21], [12, 20, 13, 19], [14, 18, 15, 17], [4, 16, 5, 15], [6, 4, 7, 3], [16, 6, 17, 5], [18, 8, 19, 7]]"
11a_236_19,"[[18, 8, 19, 7], [2, 14, 3, 13], [8, 2, 9, 1], [22, 12, 1, 11], [20, 10, 21, 9], [10, 22, 11, 21], [12, 20, 13, 19], [14, 18, 15, 17], [4, 16, 5, 15], [6, 4, 7, 3], [16, 6, 17, 5]]"
11a_236_20,"[[16, 6, 17, 5], [18, 8, 19, 7], [2, 14, 3, 13], [8, 2, 9, 1], [22, 12, 1, 11], [20, 10, 21, 9], [10, 22, 11, 21], [12, 20, 13, 19], [14, 18, 15, 17], [4, 16, 5, 15], [6, 4, 7, 3]]"
11a_236_21,"[[6, 4, 7, 3], [16, 6, 17, 5], [18, 8, 19, 7], [2, 14, 3, 13], [8, 2, 9, 1], [22, 12, 1, 11], [20, 10, 21, 9], [10, 22, 11, 21], [12, 20, 13, 19], [14, 18, 15, 17], [4, 16, 5, 15]]"
11a_236_22,"[[5, 17, 6, 16], [7, 5, 8, 4], [17, 7, 18, 6], [19, 9, 20, 8], [3, 15, 4, 14], [9, 3, 10, 2], [1, 13, 2, 12], [21, 11, 22, 10], [11, 1, 12, 22], [13, 21, 14, 20], [15, 19, 16, 18]]"
11a_236_23,"[[15, 19, 16, 18], [5, 17, 6, 16], [7, 5, 8, 4], [17, 7, 18, 6], [19, 9, 20, 8], [3, 15, 4, 14], [9, 3, 10, 2], [1, 13, 2, 12], [21, 11, 22, 10], [11, 1, 12, 22], [13, 21, 14, 20]]"
11a_236_24,"[[13, 21, 14, 20], [15, 19, 16, 18], [5, 17, 6, 16], [7, 5, 8, 4], [17, 7, 18, 6], [19, 9, 20, 8], [3, 15, 4, 14], [9, 3, 10, 2], [1, 13, 2, 12], [21, 11, 22, 10], [11, 1, 12, 22]]"
11a_236_25,"[[11, 1, 12, 22], [13, 21, 14, 20], [15, 19, 16, 18], [5, 17, 6, 16], [7, 5, 8, 4], [17, 7, 18, 6], [19, 9, 20, 8], [3, 15, 4, 14], [9, 3, 10, 2], [1, 13, 2, 12], [21, 11, 22, 10]]"
11a_236_26,"[[21, 11, 22, 10], [11, 1, 12, 22], [13, 21, 14, 20], [15, 19, 16, 18], [5, 17, 6, 16], [7, 5, 8, 4], [17, 7, 18, 6], [19, 9, 20, 8], [3, 15, 4, 14], [9, 3, 10, 2], [1, 13, 2, 12]]"
11a_236_27,"[[1, 13, 2, 12], [21, 11, 22, 10], [11, 1, 12, 22], [13, 21, 14, 20], [15, 19, 16, 18], [5, 17, 6, 16], [7, 5, 8, 4], [17, 7, 18, 6], [19, 9, 20, 8], [3, 15, 4, 14], [9, 3, 10, 2]]"
11a_236_28,"[[9, 3, 10, 2], [1, 13, 2, 12], [21, 11, 22, 10], [11, 1, 12, 22], [13, 21, 14, 20], [15, 19, 16, 18], [5, 17, 6, 16], [7, 5, 8, 4], [17, 7, 18, 6], [19, 9, 20, 8], [3, 15, 4, 14]]"
11a_236_29,"[[3, 15, 4, 14], [9, 3, 10, 2], [1, 13, 2, 12], [21, 11, 22, 10], [11, 1, 12, 22], [13, 21, 14, 20], [15, 19, 16, 18], [5, 17, 6, 16], [7, 5, 8, 4], [17, 7, 18, 6], [19, 9, 20, 8]]"
11a_236_30,"[[19, 9, 20, 8], [3, 15, 4, 14], [9, 3, 10, 2], [1, 13, 2, 12], [21, 11, 22, 10], [11, 1, 12, 22], [13, 21, 14, 20], [15, 19, 16, 18], [5, 17, 6, 16], [7, 5, 8, 4], [17, 7, 18, 6]]"
11a_236_31,"[[17, 7, 18, 6], [19, 9, 20, 8], [3, 15, 4, 14], [9, 3, 10, 2], [1, 13, 2, 12], [21, 11, 22, 10], [11, 1, 12, 22], [13, 21, 14, 20], [15, 19, 16, 18], [5, 17, 6, 16], [7, 5, 8, 4]]"
11a_236_32,"[[7, 5, 8, 4], [17, 7, 18, 6], [19, 9, 20, 8], [3, 15, 4, 14], [9, 3, 10, 2], [1, 13, 2, 12], [21, 11, 22, 10], [11, 1, 12, 22], [13, 21, 14, 20], [15, 19, 16, 18], [5, 17, 6, 16]]"
11a_236_33,"[[6, 18, 7, 17], [8, 6, 9, 5], [18, 8, 19, 7], [20, 10, 21, 9], [4, 16, 5, 15], [10, 4, 11, 3], [2, 14, 3, 13], [22, 12, 1, 11], [12, 2, 13, 1], [14, 22, 15, 21], [16, 20, 17, 19]]"
11a_236_34,"[[16, 20, 17, 19], [6, 18, 7, 17], [8, 6, 9, 5], [18, 8, 19, 7], [20, 10, 21, 9], [4, 16, 5, 15], [10, 4, 11, 3], [2, 14, 3, 13], [22, 12, 1, 11], [12, 2, 13, 1], [14, 22, 15, 21]]"
11a_236_35,"[[14, 22, 15, 21], [16, 20, 17, 19], [6, 18, 7, 17], [8, 6, 9, 5], [18, 8, 19, 7], [20, 10, 21, 9], [4, 16, 5, 15], [10, 4, 11, 3], [2, 14, 3, 13], [22, 12, 1, 11], [12, 2, 13, 1]]"
11a_236_36,"[[12, 2, 13, 1], [14, 22, 15, 21], [16, 20, 17, 19], [6, 18, 7, 17], [8, 6, 9, 5], [18, 8, 19, 7], [20, 10, 21, 9], [4, 16, 5, 15], [10, 4, 11, 3], [2, 14, 3, 13], [22, 12, 1, 11]]"
11a_236_37,"[[22, 12, 1, 11], [12, 2, 13, 1], [14, 22, 15, 21], [16, 20, 17, 19], [6, 18, 7, 17], [8, 6, 9, 5], [18, 8, 19, 7], [20, 10, 21, 9], [4, 16, 5, 15], [10, 4, 11, 3], [2, 14, 3, 13]]"
11a_236_38,"[[2, 14, 3, 13], [22, 12, 1, 11], [12, 2, 13, 1], [14, 22, 15, 21], [16, 20, 17, 19], [6, 18, 7, 17], [8, 6, 9, 5], [18, 8, 19, 7], [20, 10, 21, 9], [4, 16, 5, 15], [10, 4, 11, 3]]"
11a_236_39,"[[10, 4, 11, 3], [2, 14, 3, 13], [22, 12, 1, 11], [12, 2, 13, 1], [14, 22, 15, 21], [16, 20, 17, 19], [6, 18, 7, 17], [8, 6, 9, 5], [18, 8, 19, 7], [20, 10, 21, 9], [4, 16, 5, 15]]"
11a_236_40,"[[4, 16, 5, 15], [10, 4, 11, 3], [2, 14, 3, 13], [22, 12, 1, 11], [12, 2, 13, 1], [14, 22, 15, 21], [16, 20, 17, 19], [6, 18, 7, 17], [8, 6, 9, 5], [18, 8, 19, 7], [20, 10, 21, 9]]"
11a_236_41,"[[20, 10, 21, 9], [4, 16, 5, 15], [10, 4, 11, 3], [2, 14, 3, 13], [22, 12, 1, 11], [12, 2, 13, 1], [14, 22, 15, 21], [16, 20, 17, 19], [6, 18, 7, 17], [8, 6, 9, 5], [18, 8, 19, 7]]"
11a_236_42,"[[18, 8, 19, 7], [20, 10, 21, 9], [4, 16, 5, 15], [10, 4, 11, 3], [2, 14, 3, 13], [22, 12, 1, 11], [12, 2, 13, 1], [14, 22, 15, 21], [16, 20, 17, 19], [6, 18, 7, 17], [8, 6, 9, 5]]"
11a_236_43,"[[8, 6, 9, 5], [18, 8, 19, 7], [20, 10, 21, 9], [4, 16, 5, 15], [10, 4, 11, 3], [2, 14, 3, 13], [22, 12, 1, 11], [12, 2, 13, 1], [14, 22, 15, 21], [16, 20, 17, 19], [6, 18, 7, 17]]"
11a_236_44,"[[7, 19, 8, 18], [9, 7, 10, 6], [19, 9, 20, 8], [21, 11, 22, 10], [5, 17, 6, 16], [11, 5, 12, 4], [3, 15, 4, 14], [1, 13, 2, 12], [13, 3, 14, 2], [15, 1, 16, 22], [17, 21, 18, 20]]"
11a_236_45,"[[17, 21, 18, 20], [7, 19, 8, 18], [9, 7, 10, 6], [19, 9, 20, 8], [21, 11, 22, 10], [5, 17, 6, 16], [11, 5, 12, 4], [3, 15, 4, 14], [1, 13, 2, 12], [13, 3, 14, 2], [15, 1, 16, 22]]"
11a_236_46,"[[15, 1, 16, 22], [17, 21, 18, 20], [7, 19, 8, 18], [9, 7, 10, 6], [19, 9, 20, 8], [21, 11, 22, 10], [5, 17, 6, 16], [11, 5, 12, 4], [3, 15, 4, 14], [1, 13, 2, 12], [13, 3, 14, 2]]"
11a_236_47,"[[13, 3, 14, 2], [15, 1, 16, 22], [17, 21, 18, 20], [7, 19, 8, 18], [9, 7, 10, 6], [19, 9, 20, 8], [21, 11, 22, 10], [5, 17, 6, 16], [11, 5, 12, 4], [3, 15, 4, 14], [1, 13, 2, 12]]"
11a_236_48,"[[1, 13, 2, 12], [13, 3, 14, 2], [15, 1, 16, 22], [17, 21, 18, 20], [7, 19, 8, 18], [9, 7, 10, 6], [19, 9, 20, 8], [21, 11, 22, 10], [5, 17, 6, 16], [11, 5, 12, 4], [3, 15, 4, 14]]"
11a_236_49,"[[3, 15, 4, 14], [1, 13, 2, 12], [13, 3, 14, 2], [15, 1, 16, 22], [17, 21, 18, 20], [7, 19, 8, 18], [9, 7, 10, 6], [19, 9, 20, 8], [21, 11, 22, 10], [5, 17, 6, 16], [11, 5, 12, 4]]"
11a_236_50,"[[11, 5, 12, 4], [3, 15, 4, 14], [1, 13, 2, 12], [13, 3, 14, 2], [15, 1, 16, 22], [17, 21, 18, 20], [7, 19, 8, 18], [9, 7, 10, 6], [19, 9, 20, 8], [21, 11, 22, 10], [5, 17, 6, 16]]"
11a_236_51,"[[5, 17, 6, 16], [11, 5, 12, 4], [3, 15, 4, 14], [1, 13, 2, 12], [13, 3, 14, 2], [15, 1, 16, 22], [17, 21, 18, 20], [7, 19, 8, 18], [9, 7, 10, 6], [19, 9, 20, 8], [21, 11, 22, 10]]"
11a_236_52,"[[21, 11, 22, 10], [5, 17, 6, 16], [11, 5, 12, 4], [3, 15, 4, 14], [1, 13, 2, 12], [13, 3, 14, 2], [15, 1, 16, 22], [17, 21, 18, 20], [7, 19, 8, 18], [9, 7, 10, 6], [19, 9, 20, 8]]"
11a_236_53,"[[19, 9, 20, 8], [21, 11, 22, 10], [5, 17, 6, 16], [11, 5, 12, 4], [3, 15, 4, 14], [1, 13, 2, 12], [13, 3, 14, 2], [15, 1, 16, 22], [17, 21, 18, 20], [7, 19, 8, 18], [9, 7, 10, 6]]"
11a_236_54,"[[9, 7, 10, 6], [19, 9, 20, 8], [21, 11, 22, 10], [5, 17, 6, 16], [11, 5, 12, 4], [3, 15, 4, 14], [1, 13, 2, 12], [13, 3, 14, 2], [15, 1, 16, 22], [17, 21, 18, 20], [7, 19, 8, 18]]"
11a_236_55,"[[8, 20, 9, 19], [10, 8, 11, 7], [20, 10, 21, 9], [22, 12, 1, 11], [6, 18, 7, 17], [12, 6, 13, 5], [4, 16, 5, 15], [2, 14, 3, 13], [14, 4, 15, 3], [16, 2, 17, 1], [18, 22, 19, 21]]"
11a_236_56,"[[18, 22, 19, 21], [8, 20, 9, 19], [10, 8, 11, 7], [20, 10, 21, 9], [22, 12, 1, 11], [6, 18, 7, 17], [12, 6, 13, 5], [4, 16, 5, 15], [2, 14, 3, 13], [14, 4, 15, 3], [16, 2, 17, 1]]"
11a_236_57,"[[16, 2, 17, 1], [18, 22, 19, 21], [8, 20, 9, 19], [10, 8, 11, 7], [20, 10, 21, 9], [22, 12, 1, 11], [6, 18, 7, 17], [12, 6, 13, 5], [4, 16, 5, 15], [2, 14, 3, 13], [14, 4, 15, 3]]"
11a_236_58,"[[14, 4, 15, 3], [16, 2, 17, 1], [18, 22, 19, 21], [8, 20, 9, 19], [10, 8, 11, 7], [20, 10, 21, 9], [22, 12, 1, 11], [6, 18, 7, 17], [12, 6, 13, 5], [4, 16, 5, 15], [2, 14, 3, 13]]"
11a_236_59,"[[2, 14, 3, 13], [14, 4, 15, 3], [16, 2, 17, 1], [18, 22, 19, 21], [8, 20, 9, 19], [10, 8, 11, 7], [20, 10, 21, 9], [22, 12, 1, 11], [6, 18, 7, 17], [12, 6, 13, 5], [4, 16, 5, 15]]"
11a_236_60,"[[4, 16, 5, 15], [2, 14, 3, 13], [14, 4, 15, 3], [16, 2, 17, 1], [18, 22, 19, 21], [8, 20, 9, 19], [10, 8, 11, 7], [20, 10, 21, 9], [22, 12, 1, 11], [6, 18, 7, 17], [12, 6, 13, 5]]"
11a_236_61,"[[12, 6, 13, 5], [4, 16, 5, 15], [2, 14, 3, 13], [14, 4, 15, 3], [16, 2, 17, 1], [18, 22, 19, 21], [8, 20, 9, 19], [10, 8, 11, 7], [20, 10, 21, 9], [22, 12, 1, 11], [6, 18, 7, 17]]"
11a_236_62,"[[6, 18, 7, 17], [12, 6, 13, 5], [4, 16, 5, 15], [2, 14, 3, 13], [14, 4, 15, 3], [16, 2, 17, 1], [18, 22, 19, 21], [8, 20, 9, 19], [10, 8, 11, 7], [20, 10, 21, 9], [22, 12, 1, 11]]"
11a_236_63,"[[22, 12, 1, 11], [6, 18, 7, 17], [12, 6, 13, 5], [4, 16, 5, 15], [2, 14, 3, 13], [14, 4, 15, 3], [16, 2, 17, 1], [18, 22, 19, 21], [8, 20, 9, 19], [10, 8, 11, 7], [20, 10, 21, 9]]"
11a_236_64,"[[20, 10, 21, 9], [22, 12, 1, 11], [6, 18, 7, 17], [12, 6, 13, 5], [4, 16, 5, 15], [2, 14, 3, 13], [14, 4, 15, 3], [16, 2, 17, 1], [18, 22, 19, 21], [8, 20, 9, 19], [10, 8, 11, 7]]"
11a_236_65,"[[10, 8, 11, 7], [20, 10, 21, 9], [22, 12, 1, 11], [6, 18, 7, 17], [12, 6, 13, 5], [4, 16, 5, 15], [2, 14, 3, 13], [14, 4, 15, 3], [16, 2, 17, 1], [18, 22, 19, 21], [8, 20, 9, 19]]"
11a_236_66,"[[9, 21, 10, 20], [11, 9, 12, 8], [21, 11, 22, 10], [1, 13, 2, 12], [7, 19, 8, 18], [13, 7, 14, 6], [5, 17, 6, 16], [3, 15, 4, 14], [15, 5, 16, 4], [17, 3, 18, 2], [19, 1, 20, 22]]"
11a_236_67,"[[19, 1, 20, 22], [9, 21, 10, 20], [11, 9, 12, 8], [21, 11, 22, 10], [1, 13, 2, 12], [7, 19, 8, 18], [13, 7, 14, 6], [5, 17, 6, 16], [3, 15, 4, 14], [15, 5, 16, 4], [17, 3, 18, 2]]"
11a_236_68,"[[17, 3, 18, 2], [19, 1, 20, 22], [9, 21, 10, 20], [11, 9, 12, 8], [21, 11, 22, 10], [1, 13, 2, 12], [7, 19, 8, 18], [13, 7, 14, 6], [5, 17, 6, 16], [3, 15, 4, 14], [15, 5, 16, 4]]"
11a_236_69,"[[15, 5, 16, 4], [17, 3, 18, 2], [19, 1, 20, 22], [9, 21, 10, 20], [11, 9, 12, 8], [21, 11, 22, 10], [1, 13, 2, 12], [7, 19, 8, 18], [13, 7, 14, 6], [5, 17, 6, 16], [3, 15, 4, 14]]"
11a_236_70,"[[3, 15, 4, 14], [15, 5, 16, 4], [17, 3, 18, 2], [19, 1, 20, 22], [9, 21, 10, 20], [11, 9, 12, 8], [21, 11, 22, 10], [1, 13, 2, 12], [7, 19, 8, 18], [13, 7, 14, 6], [5, 17, 6, 16]]"
11a_236_71,"[[5, 17, 6, 16], [3, 15, 4, 14], [15, 5, 16, 4], [17, 3, 18, 2], [19, 1, 20, 22], [9, 21, 10, 20], [11, 9, 12, 8], [21, 11, 22, 10], [1, 13, 2, 12], [7, 19, 8, 18], [13, 7, 14, 6]]"
11a_236_72,"[[13, 7, 14, 6], [5, 17, 6, 16], [3, 15, 4, 14], [15, 5, 16, 4], [17, 3, 18, 2], [19, 1, 20, 22], [9, 21, 10, 20], [11, 9, 12, 8], [21, 11, 22, 10], [1, 13, 2, 12], [7, 19, 8, 18]]"
11a_236_73,"[[7, 19, 8, 18], [13, 7, 14, 6], [5, 17, 6, 16], [3, 15, 4, 14], [15, 5, 16, 4], [17, 3, 18, 2], [19, 1, 20, 22], [9, 21, 10, 20], [11, 9, 12, 8], [21, 11, 22, 10], [1, 13, 2, 12]]"
11a_236_74,"[[1, 13, 2, 12], [7, 19, 8, 18], [13, 7, 14, 6], [5, 17, 6, 16], [3, 15, 4, 14], [15, 5, 16, 4], [17, 3, 18, 2], [19, 1, 20, 22], [9, 21, 10, 20], [11, 9, 12, 8], [21, 11, 22, 10]]"
11a_236_75,"[[21, 11, 22, 10], [1, 13, 2, 12], [7, 19, 8, 18], [13, 7, 14, 6], [5, 17, 6, 16], [3, 15, 4, 14], [15, 5, 16, 4], [17, 3, 18, 2], [19, 1, 20, 22], [9, 21, 10, 20], [11, 9, 12, 8]]"
11a_236_76,"[[11, 9, 12, 8], [21, 11, 22, 10], [1, 13, 2, 12], [7, 19, 8, 18], [13, 7, 14, 6], [5, 17, 6, 16], [3, 15, 4, 14], [15, 5, 16, 4], [17, 3, 18, 2], [19, 1, 20, 22], [9, 21, 10, 20]]"
11a_236_77,"[[10, 22, 11, 21], [12, 10, 13, 9], [22, 12, 1, 11], [2, 14, 3, 13], [8, 20, 9, 19], [14, 8, 15, 7], [6, 18, 7, 17], [4, 16, 5, 15], [16, 6, 17, 5], [18, 4, 19, 3], [20, 2, 21, 1]]"
11a_236_78,"[[20, 2, 21, 1], [10, 22, 11, 21], [12, 10, 13, 9], [22, 12, 1, 11], [2, 14, 3, 13], [8, 20, 9, 19], [14, 8, 15, 7], [6, 18, 7, 17], [4, 16, 5, 15], [16, 6, 17, 5], [18, 4, 19, 3]]"
11a_236_79,"[[18, 4, 19, 3], [20, 2, 21, 1], [10, 22, 11, 21], [12, 10, 13, 9], [22, 12, 1, 11], [2, 14, 3, 13], [8, 20, 9, 19], [14, 8, 15, 7], [6, 18, 7, 17], [4, 16, 5, 15], [16, 6, 17, 5]]"
11a_236_80,"[[16, 6, 17, 5], [18, 4, 19, 3], [20, 2, 21, 1], [10, 22, 11, 21], [12, 10, 13, 9], [22, 12, 1, 11], [2, 14, 3, 13], [8, 20, 9, 19], [14, 8, 15, 7], [6, 18, 7, 17], [4, 16, 5, 15]]"
11a_236_81,"[[4, 16, 5, 15], [16, 6, 17, 5], [18, 4, 19, 3], [20, 2, 21, 1], [10, 22, 11, 21], [12, 10, 13, 9], [22, 12, 1, 11], [2, 14, 3, 13], [8, 20, 9, 19], [14, 8, 15, 7], [6, 18, 7, 17]]"
11a_236_82,"[[6, 18, 7, 17], [4, 16, 5, 15], [16, 6, 17, 5], [18, 4, 19, 3], [20, 2, 21, 1], [10, 22, 11, 21], [12, 10, 13, 9], [22, 12, 1, 11], [2, 14, 3, 13], [8, 20, 9, 19], [14, 8, 15, 7]]"
11a_236_83,"[[14, 8, 15, 7], [6, 18, 7, 17], [4, 16, 5, 15], [16, 6, 17, 5], [18, 4, 19, 3], [20, 2, 21, 1], [10, 22, 11, 21], [12, 10, 13, 9], [22, 12, 1, 11], [2, 14, 3, 13], [8, 20, 9, 19]]"
11a_236_84,"[[8, 20, 9, 19], [14, 8, 15, 7], [6, 18, 7, 17], [4, 16, 5, 15], [16, 6, 17, 5], [18, 4, 19, 3], [20, 2, 21, 1], [10, 22, 11, 21], [12, 10, 13, 9], [22, 12, 1, 11], [2, 14, 3, 13]]"
11a_236_85,"[[2, 14, 3, 13], [8, 20, 9, 19], [14, 8, 15, 7], [6, 18, 7, 17], [4, 16, 5, 15], [16, 6, 17, 5], [18, 4, 19, 3], [20, 2, 21, 1], [10, 22, 11, 21], [12, 10, 13, 9], [22, 12, 1, 11]]"
11a_236_86,"[[22, 12, 1, 11], [2, 14, 3, 13], [8, 20, 9, 19], [14, 8, 15, 7], [6, 18, 7, 17], [4, 16, 5, 15], [16, 6, 17, 5], [18, 4, 19, 3], [20, 2, 21, 1], [10, 22, 11, 21], [12, 10, 13, 9]]"
11a_236_87,"[[12, 10, 13, 9], [22, 12, 1, 11], [2, 14, 3, 13], [8, 20, 9, 19], [14, 8, 15, 7], [6, 18, 7, 17], [4, 16, 5, 15], [16, 6, 17, 5], [18, 4, 19, 3], [20, 2, 21, 1], [10, 22, 11, 21]]"
11a_236_88,"[[11, 1, 12, 22], [13, 11, 14, 10], [1, 13, 2, 12], [3, 15, 4, 14], [9, 21, 10, 20], [15, 9, 16, 8], [7, 19, 8, 18], [5, 17, 6, 16], [17, 7, 18, 6], [19, 5, 20, 4], [21, 3, 22, 2]]"
11a_236_89,"[[21, 3, 22, 2], [11, 1, 12, 22], [13, 11, 14, 10], [1, 13, 2, 12], [3, 15, 4, 14], [9, 21, 10, 20], [15, 9, 16, 8], [7, 19, 8, 18], [5, 17, 6, 16], [17, 7, 18, 6], [19, 5, 20, 4]]"
11a_236_90,"[[19, 5, 20, 4], [21, 3, 22, 2], [11, 1, 12, 22], [13, 11, 14, 10], [1, 13, 2, 12], [3, 15, 4, 14], [9, 21, 10, 20], [15, 9, 16, 8], [7, 19, 8, 18], [5, 17, 6, 16], [17, 7, 18, 6]]"
11a_236_91,"[[17, 7, 18, 6], [19, 5, 20, 4], [21, 3, 22, 2], [11, 1, 12, 22], [13, 11, 14, 10], [1, 13, 2, 12], [3, 15, 4, 14], [9, 21, 10, 20], [15, 9, 16, 8], [7, 19, 8, 18], [5, 17, 6, 16]]"
11a_236_92,"[[5, 17, 6, 16], [17, 7, 18, 6], [19, 5, 20, 4], [21, 3, 22, 2], [11, 1, 12, 22], [13, 11, 14, 10], [1, 13, 2, 12], [3, 15, 4, 14], [9, 21, 10, 20], [15, 9, 16, 8], [7, 19, 8, 18]]"
11a_236_93,"[[7, 19, 8, 18], [5, 17, 6, 16], [17, 7, 18, 6], [19, 5, 20, 4], [21, 3, 22, 2], [11, 1, 12, 22], [13, 11, 14, 10], [1, 13, 2, 12], [3, 15, 4, 14], [9, 21, 10, 20], [15, 9, 16, 8]]"
11a_236_94,"[[15, 9, 16, 8], [7, 19, 8, 18], [5, 17, 6, 16], [17, 7, 18, 6], [19, 5, 20, 4], [21, 3, 22, 2], [11, 1, 12, 22], [13, 11, 14, 10], [1, 13, 2, 12], [3, 15, 4, 14], [9, 21, 10, 20]]"
11a_236_95,"[[9, 21, 10, 20], [15, 9, 16, 8], [7, 19, 8, 18], [5, 17, 6, 16], [17, 7, 18, 6], [19, 5, 20, 4], [21, 3, 22, 2], [11, 1, 12, 22], [13, 11, 14, 10], [1, 13, 2, 12], [3, 15, 4, 14]]"
11a_236_96,"[[3, 15, 4, 14], [9, 21, 10, 20], [15, 9, 16, 8], [7, 19, 8, 18], [5, 17, 6, 16], [17, 7, 18, 6], [19, 5, 20, 4], [21, 3, 22, 2], [11, 1, 12, 22], [13, 11, 14, 10], [1, 13, 2, 12]]"
11a_236_97,"[[1, 13, 2, 12], [3, 15, 4, 14], [9, 21, 10, 20], [15, 9, 16, 8], [7, 19, 8, 18], [5, 17, 6, 16], [17, 7, 18, 6], [19, 5, 20, 4], [21, 3, 22, 2], [11, 1, 12, 22], [13, 11, 14, 10]]"
11a_236_98,"[[13, 11, 14, 10], [1, 13, 2, 12], [3, 15, 4, 14], [9, 21, 10, 20], [15, 9, 16, 8], [7, 19, 8, 18], [5, 17, 6, 16], [17, 7, 18, 6], [19, 5, 20, 4], [21, 3, 22, 2], [11, 1, 12, 22]]"
11a_236_99,"[[12, 2, 13, 1], [14, 12, 15, 11], [2, 14, 3, 13], [4, 16, 5, 15], [10, 22, 11, 21], [16, 10, 17, 9], [8, 20, 9, 19], [6, 18, 7, 17], [18, 8, 19, 7], [20, 6, 21, 5], [22, 4, 1, 3]]"
11a_236_100,"[[22, 4, 1, 3], [12, 2, 13, 1], [14, 12, 15, 11], [2, 14, 3, 13], [4, 16, 5, 15], [10, 22, 11, 21], [16, 10, 17, 9], [8, 20, 9, 19], [6, 18, 7, 17], [18, 8, 19, 7], [20, 6, 21, 5]]"
11a_236_101,"[[20, 6, 21, 5], [22, 4, 1, 3], [12, 2, 13, 1], [14, 12, 15, 11], [2, 14, 3, 13], [4, 16, 5, 15], [10, 22, 11, 21], [16, 10, 17, 9], [8, 20, 9, 19], [6, 18, 7, 17], [18, 8, 19, 7]]"
11a_236_102,"[[18, 8, 19, 7], [20, 6, 21, 5], [22, 4, 1, 3], [12, 2, 13, 1], [14, 12, 15, 11], [2, 14, 3, 13], [4, 16, 5, 15], [10, 22, 11, 21], [16, 10, 17, 9], [8, 20, 9, 19], [6, 18, 7, 17]]"
11a_236_103,"[[6, 18, 7, 17], [18, 8, 19, 7], [20, 6, 21, 5], [22, 4, 1, 3], [12, 2, 13, 1], [14, 12, 15, 11], [2, 14, 3, 13], [4, 16, 5, 15], [10, 22, 11, 21], [16, 10, 17, 9], [8, 20, 9, 19]]"
11a_236_104,"[[8, 20, 9, 19], [6, 18, 7, 17], [18, 8, 19, 7], [20, 6, 21, 5], [22, 4, 1, 3], [12, 2, 13, 1], [14, 12, 15, 11], [2, 14, 3, 13], [4, 16, 5, 15], [10, 22, 11, 21], [16, 10, 17, 9]]"
11a_236_105,"[[16, 10, 17, 9], [8, 20, 9, 19], [6, 18, 7, 17], [18, 8, 19, 7], [20, 6, 21, 5], [22, 4, 1, 3], [12, 2, 13, 1], [14, 12, 15, 11], [2, 14, 3, 13], [4, 16, 5, 15], [10, 22, 11, 21]]"
11a_236_106,"[[10, 22, 11, 21], [16, 10, 17, 9], [8, 20, 9, 19], [6, 18, 7, 17], [18, 8, 19, 7], [20, 6, 21, 5], [22, 4, 1, 3], [12, 2, 13, 1], [14, 12, 15, 11], [2, 14, 3, 13], [4, 16, 5, 15]]"
11a_236_107,"[[4, 16, 5, 15], [10, 22, 11, 21], [16, 10, 17, 9], [8, 20, 9, 19], [6, 18, 7, 17], [18, 8, 19, 7], [20, 6, 21, 5], [22, 4, 1, 3], [12, 2, 13, 1], [14, 12, 15, 11], [2, 14, 3, 13]]"
11a_236_108,"[[2, 14, 3, 13], [4, 16, 5, 15], [10, 22, 11, 21], [16, 10, 17, 9], [8, 20, 9, 19], [6, 18, 7, 17], [18, 8, 19, 7], [20, 6, 21, 5], [22, 4, 1, 3], [12, 2, 13, 1], [14, 12, 15, 11]]"
11a_236_109,"[[14, 12, 15, 11], [2, 14, 3, 13], [4, 16, 5, 15], [10, 22, 11, 21], [16, 10, 17, 9], [8, 20, 9, 19], [6, 18, 7, 17], [18, 8, 19, 7], [20, 6, 21, 5], [22, 4, 1, 3], [12, 2, 13, 1]]"
11a_236_110,"[[13, 3, 14, 2], [15, 13, 16, 12], [3, 15, 4, 14], [5, 17, 6, 16], [11, 1, 12, 22], [17, 11, 18, 10], [9, 21, 10, 20], [7, 19, 8, 18], [19, 9, 20, 8], [21, 7, 22, 6], [1, 5, 2, 4]]"
11a_236_111,"[[1, 5, 2, 4], [13, 3, 14, 2], [15, 13, 16, 12], [3, 15, 4, 14], [5, 17, 6, 16], [11, 1, 12, 22], [17, 11, 18, 10], [9, 21, 10, 20], [7, 19, 8, 18], [19, 9, 20, 8], [21, 7, 22, 6]]"
11a_236_112,"[[21, 7, 22, 6], [1, 5, 2, 4], [13, 3, 14, 2], [15, 13, 16, 12], [3, 15, 4, 14], [5, 17, 6, 16], [11, 1, 12, 22], [17, 11, 18, 10], [9, 21, 10, 20], [7, 19, 8, 18], [19, 9, 20, 8]]"
11a_236_113,"[[19, 9, 20, 8], [21, 7, 22, 6], [1, 5, 2, 4], [13, 3, 14, 2], [15, 13, 16, 12], [3, 15, 4, 14], [5, 17, 6, 16], [11, 1, 12, 22], [17, 11, 18, 10], [9, 21, 10, 20], [7, 19, 8, 18]]"
11a_236_114,"[[7, 19, 8, 18], [19, 9, 20, 8], [21, 7, 22, 6], [1, 5, 2, 4], [13, 3, 14, 2], [15, 13, 16, 12], [3, 15, 4, 14], [5, 17, 6, 16], [11, 1, 12, 22], [17, 11, 18, 10], [9, 21, 10, 20]]"
11a_236_115,"[[9, 21, 10, 20], [7, 19, 8, 18], [19, 9, 20, 8], [21, 7, 22, 6], [1, 5, 2, 4], [13, 3, 14, 2], [15, 13, 16, 12], [3, 15, 4, 14], [5, 17, 6, 16], [11, 1, 12, 22], [17, 11, 18, 10]]"
11a_236_116,"[[17, 11, 18, 10], [9, 21, 10, 20], [7, 19, 8, 18], [19, 9, 20, 8], [21, 7, 22, 6], [1, 5, 2, 4], [13, 3, 14, 2], [15, 13, 16, 12], [3, 15, 4, 14], [5, 17, 6, 16], [11, 1, 12, 22]]"
11a_236_117,"[[11, 1, 12, 22], [17, 11, 18, 10], [9, 21, 10, 20], [7, 19, 8, 18], [19, 9, 20, 8], [21, 7, 22, 6], [1, 5, 2, 4], [13, 3, 14, 2], [15, 13, 16, 12], [3, 15, 4, 14], [5, 17, 6, 16]]"
11a_236_118,"[[5, 17, 6, 16], [11, 1, 12, 22], [17, 11, 18, 10], [9, 21, 10, 20], [7, 19, 8, 18], [19, 9, 20, 8], [21, 7, 22, 6], [1, 5, 2, 4], [13, 3, 14, 2], [15, 13, 16, 12], [3, 15, 4, 14]]"
11a_236_119,"[[3, 15, 4, 14], [5, 17, 6, 16], [11, 1, 12, 22], [17, 11, 18, 10], [9, 21, 10, 20], [7, 19, 8, 18], [19, 9, 20, 8], [21, 7, 22, 6], [1, 5, 2, 4], [13, 3, 14, 2], [15, 13, 16, 12]]"
11a_236_120,"[[15, 13, 16, 12], [3, 15, 4, 14], [5, 17, 6, 16], [11, 1, 12, 22], [17, 11, 18, 10], [9, 21, 10, 20], [7, 19, 8, 18], [19, 9, 20, 8], [21, 7, 22, 6], [1, 5, 2, 4], [13, 3, 14, 2]]"
11a_236_121,"[[14, 4, 15, 3], [16, 14, 17, 13], [4, 16, 5, 15], [6, 18, 7, 17], [12, 2, 13, 1], [18, 12, 19, 11], [10, 22, 11, 21], [8, 20, 9, 19], [20, 10, 21, 9], [22, 8, 1, 7], [2, 6, 3, 5]]"
11a_236_122,"[[2, 6, 3, 5], [14, 4, 15, 3], [16, 14, 17, 13], [4, 16, 5, 15], [6, 18, 7, 17], [12, 2, 13, 1], [18, 12, 19, 11], [10, 22, 11, 21], [8, 20, 9, 19], [20, 10, 21, 9], [22, 8, 1, 7]]"
11a_236_123,"[[22, 8, 1, 7], [2, 6, 3, 5], [14, 4, 15, 3], [16, 14, 17, 13], [4, 16, 5, 15], [6, 18, 7, 17], [12, 2, 13, 1], [18, 12, 19, 11], [10, 22, 11, 21], [8, 20, 9, 19], [20, 10, 21, 9]]"
11a_236_124,"[[20, 10, 21, 9], [22, 8, 1, 7], [2, 6, 3, 5], [14, 4, 15, 3], [16, 14, 17, 13], [4, 16, 5, 15], [6, 18, 7, 17], [12, 2, 13, 1], [18, 12, 19, 11], [10, 22, 11, 21], [8, 20, 9, 19]]"
11a_236_125,"[[8, 20, 9, 19], [20, 10, 21, 9], [22, 8, 1, 7], [2, 6, 3, 5], [14, 4, 15, 3], [16, 14, 17, 13], [4, 16, 5, 15], [6, 18, 7, 17], [12, 2, 13, 1], [18, 12, 19, 11], [10, 22, 11, 21]]"
11a_236_126,"[[10, 22, 11, 21], [8, 20, 9, 19], [20, 10, 21, 9], [22, 8, 1, 7], [2, 6, 3, 5], [14, 4, 15, 3], [16, 14, 17, 13], [4, 16, 5, 15], [6, 18, 7, 17], [12, 2, 13, 1], [18, 12, 19, 11]]"
11a_236_127,"[[18, 12, 19, 11], [10, 22, 11, 21], [8, 20, 9, 19], [20, 10, 21, 9], [22, 8, 1, 7], [2, 6, 3, 5], [14, 4, 15, 3], [16, 14, 17, 13], [4, 16, 5, 15], [6, 18, 7, 17], [12, 2, 13, 1]]"
11a_236_128,"[[12, 2, 13, 1], [18, 12, 19, 11], [10, 22, 11, 21], [8, 20, 9, 19], [20, 10, 21, 9], [22, 8, 1, 7], [2, 6, 3, 5], [14, 4, 15, 3], [16, 14, 17, 13], [4, 16, 5, 15], [6, 18, 7, 17]]"
11a_236_129,"[[6, 18, 7, 17], [12, 2, 13, 1], [18, 12, 19, 11], [10, 22, 11, 21], [8, 20, 9, 19], [20, 10, 21, 9], [22, 8, 1, 7], [2, 6, 3, 5], [14, 4, 15, 3], [16, 14, 17, 13], [4, 16, 5, 15]]"
11a_236_130,"[[4, 16, 5, 15], [6, 18, 7, 17], [12, 2, 13, 1], [18, 12, 19, 11], [10, 22, 11, 21], [8, 20, 9, 19], [20, 10, 21, 9], [22, 8, 1, 7], [2, 6, 3, 5], [14, 4, 15, 3], [16, 14, 17, 13]]"
11a_236_131,"[[16, 14, 17, 13], [4, 16, 5, 15], [6, 18, 7, 17], [12, 2, 13, 1], [18, 12, 19, 11], [10, 22, 11, 21], [8, 20, 9, 19], [20, 10, 21, 9], [22, 8, 1, 7], [2, 6, 3, 5], [14, 4, 15, 3]]"
11a_236_132,"[[15, 5, 16, 4], [17, 15, 18, 14], [5, 17, 6, 16], [7, 19, 8, 18], [13, 3, 14, 2], [19, 13, 20, 12], [11, 1, 12, 22], [9, 21, 10, 20], [21, 11, 22, 10], [1, 9, 2, 8], [3, 7, 4, 6]]"
11a_236_133,"[[3, 7, 4, 6], [15, 5, 16, 4], [17, 15, 18, 14], [5, 17, 6, 16], [7, 19, 8, 18], [13, 3, 14, 2], [19, 13, 20, 12], [11, 1, 12, 22], [9, 21, 10, 20], [21, 11, 22, 10], [1, 9, 2, 8]]"
11a_236_134,"[[1, 9, 2, 8], [3, 7, 4, 6], [15, 5, 16, 4], [17, 15, 18, 14], [5, 17, 6, 16], [7, 19, 8, 18], [13, 3, 14, 2], [19, 13, 20, 12], [11, 1, 12, 22], [9, 21, 10, 20], [21, 11, 22, 10]]"
11a_236_135,"[[21, 11, 22, 10], [1, 9, 2, 8], [3, 7, 4, 6], [15, 5, 16, 4], [17, 15, 18, 14], [5, 17, 6, 16], [7, 19, 8, 18], [13, 3, 14, 2], [19, 13, 20, 12], [11, 1, 12, 22], [9, 21, 10, 20]]"
11a_236_136,"[[9, 21, 10, 20], [21, 11, 22, 10], [1, 9, 2, 8], [3, 7, 4, 6], [15, 5, 16, 4], [17, 15, 18, 14], [5, 17, 6, 16], [7, 19, 8, 18], [13, 3, 14, 2], [19, 13, 20, 12], [11, 1, 12, 22]]"
11a_236_137,"[[11, 1, 12, 22], [9, 21, 10, 20], [21, 11, 22, 10], [1, 9, 2, 8], [3, 7, 4, 6], [15, 5, 16, 4], [17, 15, 18, 14], [5, 17, 6, 16], [7, 19, 8, 18], [13, 3, 14, 2], [19, 13, 20, 12]]"
11a_236_138,"[[19, 13, 20, 12], [11, 1, 12, 22], [9, 21, 10, 20], [21, 11, 22, 10], [1, 9, 2, 8], [3, 7, 4, 6], [15, 5, 16, 4], [17, 15, 18, 14], [5, 17, 6, 16], [7, 19, 8, 18], [13, 3, 14, 2]]"
11a_236_139,"[[13, 3, 14, 2], [19, 13, 20, 12], [11, 1, 12, 22], [9, 21, 10, 20], [21, 11, 22, 10], [1, 9, 2, 8], [3, 7, 4, 6], [15, 5, 16, 4], [17, 15, 18, 14], [5, 17, 6, 16], [7, 19, 8, 18]]"
11a_236_140,"[[7, 19, 8, 18], [13, 3, 14, 2], [19, 13, 20, 12], [11, 1, 12, 22], [9, 21, 10, 20], [21, 11, 22, 10], [1, 9, 2, 8], [3, 7, 4, 6], [15, 5, 16, 4], [17, 15, 18, 14], [5, 17, 6, 16]]"
11a_236_141,"[[5, 17, 6, 16], [7, 19, 8, 18], [13, 3, 14, 2], [19, 13, 20, 12], [11, 1, 12, 22], [9, 21, 10, 20], [21, 11, 22, 10], [1, 9, 2, 8], [3, 7, 4, 6], [15, 5, 16, 4], [17, 15, 18, 14]]"
11a_236_142,"[[17, 15, 18, 14], [5, 17, 6, 16], [7, 19, 8, 18], [13, 3, 14, 2], [19, 13, 20, 12], [11, 1, 12, 22], [9, 21, 10, 20], [21, 11, 22, 10], [1, 9, 2, 8], [3, 7, 4, 6], [15, 5, 16, 4]]"
11a_236_143,"[[16, 6, 17, 5], [18, 16, 19, 15], [6, 18, 7, 17], [8, 20, 9, 19], [14, 4, 15, 3], [20, 14, 21, 13], [12, 2, 13, 1], [10, 22, 11, 21], [22, 12, 1, 11], [2, 10, 3, 9], [4, 8, 5, 7]]"
11a_236_144,"[[4, 8, 5, 7], [16, 6, 17, 5], [18, 16, 19, 15], [6, 18, 7, 17], [8, 20, 9, 19], [14, 4, 15, 3], [20, 14, 21, 13], [12, 2, 13, 1], [10, 22, 11, 21], [22, 12, 1, 11], [2, 10, 3, 9]]"
11a_236_145,"[[2, 10, 3, 9], [4, 8, 5, 7], [16, 6, 17, 5], [18, 16, 19, 15], [6, 18, 7, 17], [8, 20, 9, 19], [14, 4, 15, 3], [20, 14, 21, 13], [12, 2, 13, 1], [10, 22, 11, 21], [22, 12, 1, 11]]"
11a_236_146,"[[22, 12, 1, 11], [2, 10, 3, 9], [4, 8, 5, 7], [16, 6, 17, 5], [18, 16, 19, 15], [6, 18, 7, 17], [8, 20, 9, 19], [14, 4, 15, 3], [20, 14, 21, 13], [12, 2, 13, 1], [10, 22, 11, 21]]"
11a_236_147,"[[10, 22, 11, 21], [22, 12, 1, 11], [2, 10, 3, 9], [4, 8, 5, 7], [16, 6, 17, 5], [18, 16, 19, 15], [6, 18, 7, 17], [8, 20, 9, 19], [14, 4, 15, 3], [20, 14, 21, 13], [12, 2, 13, 1]]"
11a_236_148,"[[12, 2, 13, 1], [10, 22, 11, 21], [22, 12, 1, 11], [2, 10, 3, 9], [4, 8, 5, 7], [16, 6, 17, 5], [18, 16, 19, 15], [6, 18, 7, 17], [8, 20, 9, 19], [14, 4, 15, 3], [20, 14, 21, 13]]"
11a_236_149,"[[20, 14, 21, 13], [12, 2, 13, 1], [10, 22, 11, 21], [22, 12, 1, 11], [2, 10, 3, 9], [4, 8, 5, 7], [16, 6, 17, 5], [18, 16, 19, 15], [6, 18, 7, 17], [8, 20, 9, 19], [14, 4, 15, 3]]"
11a_236_150,"[[14, 4, 15, 3], [20, 14, 21, 13], [12, 2, 13, 1], [10, 22, 11, 21], [22, 12, 1, 11], [2, 10, 3, 9], [4, 8, 5, 7], [16, 6, 17, 5], [18, 16, 19, 15], [6, 18, 7, 17], [8, 20, 9, 19]]"
11a_236_151,"[[8, 20, 9, 19], [14, 4, 15, 3], [20, 14, 21, 13], [12, 2, 13, 1], [10, 22, 11, 21], [22, 12, 1, 11], [2, 10, 3, 9], [4, 8, 5, 7], [16, 6, 17, 5], [18, 16, 19, 15], [6, 18, 7, 17]]"
11a_236_152,"[[6, 18, 7, 17], [8, 20, 9, 19], [14, 4, 15, 3], [20, 14, 21, 13], [12, 2, 13, 1], [10, 22, 11, 21], [22, 12, 1, 11], [2, 10, 3, 9], [4, 8, 5, 7], [16, 6, 17, 5], [18, 16, 19, 15]]"
11a_236_153,"[[18, 16, 19, 15], [6, 18, 7, 17], [8, 20, 9, 19], [14, 4, 15, 3], [20, 14, 21, 13], [12, 2, 13, 1], [10, 22, 11, 21], [22, 12, 1, 11], [2, 10, 3, 9], [4, 8, 5, 7], [16, 6, 17, 5]]"
11a_236_154,"[[17, 7, 18, 6], [19, 17, 20, 16], [7, 19, 8, 18], [9, 21, 10, 20], [15, 5, 16, 4], [21, 15, 22, 14], [13, 3, 14, 2], [11, 1, 12, 22], [1, 13, 2, 12], [3, 11, 4, 10], [5, 9, 6, 8]]"
11a_236_155,"[[5, 9, 6, 8], [17, 7, 18, 6], [19, 17, 20, 16], [7, 19, 8, 18], [9, 21, 10, 20], [15, 5, 16, 4], [21, 15, 22, 14], [13, 3, 14, 2], [11, 1, 12, 22], [1, 13, 2, 12], [3, 11, 4, 10]]"
11a_236_156,"[[3, 11, 4, 10], [5, 9, 6, 8], [17, 7, 18, 6], [19, 17, 20, 16], [7, 19, 8, 18], [9, 21, 10, 20], [15, 5, 16, 4], [21, 15, 22, 14], [13, 3, 14, 2], [11, 1, 12, 22], [1, 13, 2, 12]]"
11a_236_157,"[[1, 13, 2, 12], [3, 11, 4, 10], [5, 9, 6, 8], [17, 7, 18, 6], [19, 17, 20, 16], [7, 19, 8, 18], [9, 21, 10, 20], [15, 5, 16, 4], [21, 15, 22, 14], [13, 3, 14, 2], [11, 1, 12, 22]]"
11a_236_158,"[[11, 1, 12, 22], [1, 13, 2, 12], [3, 11, 4, 10], [5, 9, 6, 8], [17, 7, 18, 6], [19, 17, 20, 16], [7, 19, 8, 18], [9, 21, 10, 20], [15, 5, 16, 4], [21, 15, 22, 14], [13, 3, 14, 2]]"
11a_236_159,"[[13, 3, 14, 2], [11, 1, 12, 22], [1, 13, 2, 12], [3, 11, 4, 10], [5, 9, 6, 8], [17, 7, 18, 6], [19, 17, 20, 16], [7, 19, 8, 18], [9, 21, 10, 20], [15, 5, 16, 4], [21, 15, 22, 14]]"
11a_236_160,"[[21, 15, 22, 14], [13, 3, 14, 2], [11, 1, 12, 22], [1, 13, 2, 12], [3, 11, 4, 10], [5, 9, 6, 8], [17, 7, 18, 6], [19, 17, 20, 16], [7, 19, 8, 18], [9, 21, 10, 20], [15, 5, 16, 4]]"
11a_236_161,"[[15, 5, 16, 4], [21, 15, 22, 14], [13, 3, 14, 2], [11, 1, 12, 22], [1, 13, 2, 12], [3, 11, 4, 10], [5, 9, 6, 8], [17, 7, 18, 6], [19, 17, 20, 16], [7, 19, 8, 18], [9, 21, 10, 20]]"
11a_236_162,"[[9, 21, 10, 20], [15, 5, 16, 4], [21, 15, 22, 14], [13, 3, 14, 2], [11, 1, 12, 22], [1, 13, 2, 12], [3, 11, 4, 10], [5, 9, 6, 8], [17, 7, 18, 6], [19, 17, 20, 16], [7, 19, 8, 18]]"
11a_236_163,"[[7, 19, 8, 18], [9, 21, 10, 20], [15, 5, 16, 4], [21, 15, 22, 14], [13, 3, 14, 2], [11, 1, 12, 22], [1, 13, 2, 12], [3, 11, 4, 10], [5, 9, 6, 8], [17, 7, 18, 6], [19, 17, 20, 16]]"
11a_236_164,"[[19, 17, 20, 16], [7, 19, 8, 18], [9, 21, 10, 20], [15, 5, 16, 4], [21, 15, 22, 14], [13, 3, 14, 2], [11, 1, 12, 22], [1, 13, 2, 12], [3, 11, 4, 10], [5, 9, 6, 8], [17, 7, 18, 6]]"
11a_236_165,"[[18, 8, 19, 7], [20, 18, 21, 17], [8, 20, 9, 19], [10, 22, 11, 21], [16, 6, 17, 5], [22, 16, 1, 15], [14, 4, 15, 3], [12, 2, 13, 1], [2, 14, 3, 13], [4, 12, 5, 11], [6, 10, 7, 9]]"
11a_236_166,"[[6, 10, 7, 9], [18, 8, 19, 7], [20, 18, 21, 17], [8, 20, 9, 19], [10, 22, 11, 21], [16, 6, 17, 5], [22, 16, 1, 15], [14, 4, 15, 3], [12, 2, 13, 1], [2, 14, 3, 13], [4, 12, 5, 11]]"
11a_236_167,"[[4, 12, 5, 11], [6, 10, 7, 9], [18, 8, 19, 7], [20, 18, 21, 17], [8, 20, 9, 19], [10, 22, 11, 21], [16, 6, 17, 5], [22, 16, 1, 15], [14, 4, 15, 3], [12, 2, 13, 1], [2, 14, 3, 13]]"
11a_236_168,"[[2, 14, 3, 13], [4, 12, 5, 11], [6, 10, 7, 9], [18, 8, 19, 7], [20, 18, 21, 17], [8, 20, 9, 19], [10, 22, 11, 21], [16, 6, 17, 5], [22, 16, 1, 15], [14, 4, 15, 3], [12, 2, 13, 1]]"
11a_236_169,"[[12, 2, 13, 1], [2, 14, 3, 13], [4, 12, 5, 11], [6, 10, 7, 9], [18, 8, 19, 7], [20, 18, 21, 17], [8, 20, 9, 19], [10, 22, 11, 21], [16, 6, 17, 5], [22, 16, 1, 15], [14, 4, 15, 3]]"
11a_236_170,"[[14, 4, 15, 3], [12, 2, 13, 1], [2, 14, 3, 13], [4, 12, 5, 11], [6, 10, 7, 9], [18, 8, 19, 7], [20, 18, 21, 17], [8, 20, 9, 19], [10, 22, 11, 21], [16, 6, 17, 5], [22, 16, 1, 15]]"
11a_236_171,"[[22, 16, 1, 15], [14, 4, 15, 3], [12, 2, 13, 1], [2, 14, 3, 13], [4, 12, 5, 11], [6, 10, 7, 9], [18, 8, 19, 7], [20, 18, 21, 17], [8, 20, 9, 19], [10, 22, 11, 21], [16, 6, 17, 5]]"
11a_236_172,"[[16, 6, 17, 5], [22, 16, 1, 15], [14, 4, 15, 3], [12, 2, 13, 1], [2, 14, 3, 13], [4, 12, 5, 11], [6, 10, 7, 9], [18, 8, 19, 7], [20, 18, 21, 17], [8, 20, 9, 19], [10, 22, 11, 21]]"
11a_236_173,"[[10, 22, 11, 21], [16, 6, 17, 5], [22, 16, 1, 15], [14, 4, 15, 3], [12, 2, 13, 1], [2, 14, 3, 13], [4, 12, 5, 11], [6, 10, 7, 9], [18, 8, 19, 7], [20, 18, 21, 17], [8, 20, 9, 19]]"
11a_236_174,"[[8, 20, 9, 19], [10, 22, 11, 21], [16, 6, 17, 5], [22, 16, 1, 15], [14, 4, 15, 3], [12, 2, 13, 1], [2, 14, 3, 13], [4, 12, 5, 11], [6, 10, 7, 9], [18, 8, 19, 7], [20, 18, 21, 17]]"
11a_236_175,"[[20, 18, 21, 17], [8, 20, 9, 19], [10, 22, 11, 21], [16, 6, 17, 5], [22, 16, 1, 15], [14, 4, 15, 3], [12, 2, 13, 1], [2, 14, 3, 13], [4, 12, 5, 11], [6, 10, 7, 9], [18, 8, 19, 7]]"
11a_236_176,"[[19, 9, 20, 8], [21, 19, 22, 18], [9, 21, 10, 20], [11, 1, 12, 22], [17, 7, 18, 6], [1, 17, 2, 16], [15, 5, 16, 4], [13, 3, 14, 2], [3, 15, 4, 14], [5, 13, 6, 12], [7, 11, 8, 10]]"
11a_236_177,"[[7, 11, 8, 10], [19, 9, 20, 8], [21, 19, 22, 18], [9, 21, 10, 20], [11, 1, 12, 22], [17, 7, 18, 6], [1, 17, 2, 16], [15, 5, 16, 4], [13, 3, 14, 2], [3, 15, 4, 14], [5, 13, 6, 12]]"
11a_236_178,"[[5, 13, 6, 12], [7, 11, 8, 10], [19, 9, 20, 8], [21, 19, 22, 18], [9, 21, 10, 20], [11, 1, 12, 22], [17, 7, 18, 6], [1, 17, 2, 16], [15, 5, 16, 4], [13, 3, 14, 2], [3, 15, 4, 14]]"
11a_236_179,"[[3, 15, 4, 14], [5, 13, 6, 12], [7, 11, 8, 10], [19, 9, 20, 8], [21, 19, 22, 18], [9, 21, 10, 20], [11, 1, 12, 22], [17, 7, 18, 6], [1, 17, 2, 16], [15, 5, 16, 4], [13, 3, 14, 2]]"
11a_236_180,"[[13, 3, 14, 2], [3, 15, 4, 14], [5, 13, 6, 12], [7, 11, 8, 10], [19, 9, 20, 8], [21, 19, 22, 18], [9, 21, 10, 20], [11, 1, 12, 22], [17, 7, 18, 6], [1, 17, 2, 16], [15, 5, 16, 4]]"
11a_236_181,"[[15, 5, 16, 4], [13, 3, 14, 2], [3, 15, 4, 14], [5, 13, 6, 12], [7, 11, 8, 10], [19, 9, 20, 8], [21, 19, 22, 18], [9, 21, 10, 20], [11, 1, 12, 22], [17, 7, 18, 6], [1, 17, 2, 16]]"
11a_236_182,"[[1, 17, 2, 16], [15, 5, 16, 4], [13, 3, 14, 2], [3, 15, 4, 14], [5, 13, 6, 12], [7, 11, 8, 10], [19, 9, 20, 8], [21, 19, 22, 18], [9, 21, 10, 20], [11, 1, 12, 22], [17, 7, 18, 6]]"
11a_236_183,"[[17, 7, 18, 6], [1, 17, 2, 16], [15, 5, 16, 4], [13, 3, 14, 2], [3, 15, 4, 14], [5, 13, 6, 12], [7, 11, 8, 10], [19, 9, 20, 8], [21, 19, 22, 18], [9, 21, 10, 20], [11, 1, 12, 22]]"
11a_236_184,"[[11, 1, 12, 22], [17, 7, 18, 6], [1, 17, 2, 16], [15, 5, 16, 4], [13, 3, 14, 2], [3, 15, 4, 14], [5, 13, 6, 12], [7, 11, 8, 10], [19, 9, 20, 8], [21, 19, 22, 18], [9, 21, 10, 20]]"
11a_236_185,"[[9, 21, 10, 20], [11, 1, 12, 22], [17, 7, 18, 6], [1, 17, 2, 16], [15, 5, 16, 4], [13, 3, 14, 2], [3, 15, 4, 14], [5, 13, 6, 12], [7, 11, 8, 10], [19, 9, 20, 8], [21, 19, 22, 18]]"
11a_236_186,"[[21, 19, 22, 18], [9, 21, 10, 20], [11, 1, 12, 22], [17, 7, 18, 6], [1, 17, 2, 16], [15, 5, 16, 4], [13, 3, 14, 2], [3, 15, 4, 14], [5, 13, 6, 12], [7, 11, 8, 10], [19, 9, 20, 8]]"
11a_236_187,"[[20, 10, 21, 9], [22, 20, 1, 19], [10, 22, 11, 21], [12, 2, 13, 1], [18, 8, 19, 7], [2, 18, 3, 17], [16, 6, 17, 5], [14, 4, 15, 3], [4, 16, 5, 15], [6, 14, 7, 13], [8, 12, 9, 11]]"
11a_236_188,"[[8, 12, 9, 11], [20, 10, 21, 9], [22, 20, 1, 19], [10, 22, 11, 21], [12, 2, 13, 1], [18, 8, 19, 7], [2, 18, 3, 17], [16, 6, 17, 5], [14, 4, 15, 3], [4, 16, 5, 15], [6, 14, 7, 13]]"
11a_236_189,"[[6, 14, 7, 13], [8, 12, 9, 11], [20, 10, 21, 9], [22, 20, 1, 19], [10, 22, 11, 21], [12, 2, 13, 1], [18, 8, 19, 7], [2, 18, 3, 17], [16, 6, 17, 5], [14, 4, 15, 3], [4, 16, 5, 15]]"
11a_236_190,"[[4, 16, 5, 15], [6, 14, 7, 13], [8, 12, 9, 11], [20, 10, 21, 9], [22, 20, 1, 19], [10, 22, 11, 21], [12, 2, 13, 1], [18, 8, 19, 7], [2, 18, 3, 17], [16, 6, 17, 5], [14, 4, 15, 3]]"
11a_236_191,"[[14, 4, 15, 3], [4, 16, 5, 15], [6, 14, 7, 13], [8, 12, 9, 11], [20, 10, 21, 9], [22, 20, 1, 19], [10, 22, 11, 21], [12, 2, 13, 1], [18, 8, 19, 7], [2, 18, 3, 17], [16, 6, 17, 5]]"
11a_236_192,"[[16, 6, 17, 5], [14, 4, 15, 3], [4, 16, 5, 15], [6, 14, 7, 13], [8, 12, 9, 11], [20, 10, 21, 9], [22, 20, 1, 19], [10, 22, 11, 21], [12, 2, 13, 1], [18, 8, 19, 7], [2, 18, 3, 17]]"
11a_236_193,"[[2, 18, 3, 17], [16, 6, 17, 5], [14, 4, 15, 3], [4, 16, 5, 15], [6, 14, 7, 13], [8, 12, 9, 11], [20, 10, 21, 9], [22, 20, 1, 19], [10, 22, 11, 21], [12, 2, 13, 1], [18, 8, 19, 7]]"
11a_236_194,"[[18, 8, 19, 7], [2, 18, 3, 17], [16, 6, 17, 5], [14, 4, 15, 3], [4, 16, 5, 15], [6, 14, 7, 13], [8, 12, 9, 11], [20, 10, 21, 9], [22, 20, 1, 19], [10, 22, 11, 21], [12, 2, 13, 1]]"
11a_236_195,"[[12, 2, 13, 1], [18, 8, 19, 7], [2, 18, 3, 17], [16, 6, 17, 5], [14, 4, 15, 3], [4, 16, 5, 15], [6, 14, 7, 13], [8, 12, 9, 11], [20, 10, 21, 9], [22, 20, 1, 19], [10, 22, 11, 21]]"
11a_236_196,"[[10, 22, 11, 21], [12, 2, 13, 1], [18, 8, 19, 7], [2, 18, 3, 17], [16, 6, 17, 5], [14, 4, 15, 3], [4, 16, 5, 15], [6, 14, 7, 13], [8, 12, 9, 11], [20, 10, 21, 9], [22, 20, 1, 19]]"
11a_236_197,"[[22, 20, 1, 19], [10, 22, 11, 21], [12, 2, 13, 1], [18, 8, 19, 7], [2, 18, 3, 17], [16, 6, 17, 5], [14, 4, 15, 3], [4, 16, 5, 15], [6, 14, 7, 13], [8, 12, 9, 11], [20, 10, 21, 9]]"
11a_236_198,"[[21, 11, 22, 10], [1, 21, 2, 20], [11, 1, 12, 22], [13, 3, 14, 2], [19, 9, 20, 8], [3, 19, 4, 18], [17, 7, 18, 6], [15, 5, 16, 4], [5, 17, 6, 16], [7, 15, 8, 14], [9, 13, 10, 12]]"
11a_236_199,"[[9, 13, 10, 12], [21, 11, 22, 10], [1, 21, 2, 20], [11, 1, 12, 22], [13, 3, 14, 2], [19, 9, 20, 8], [3, 19, 4, 18], [17, 7, 18, 6], [15, 5, 16, 4], [5, 17, 6, 16], [7, 15, 8, 14]]"
11a_236_200,"[[7, 15, 8, 14], [9, 13, 10, 12], [21, 11, 22, 10], [1, 21, 2, 20], [11, 1, 12, 22], [13, 3, 14, 2], [19, 9, 20, 8], [3, 19, 4, 18], [17, 7, 18, 6], [15, 5, 16, 4], [5, 17, 6, 16]]"
11a_236_201,"[[5, 17, 6, 16], [7, 15, 8, 14], [9, 13, 10, 12], [21, 11, 22, 10], [1, 21, 2, 20], [11, 1, 12, 22], [13, 3, 14, 2], [19, 9, 20, 8], [3, 19, 4, 18], [17, 7, 18, 6], [15, 5, 16, 4]]"
11a_236_202,"[[15, 5, 16, 4], [5, 17, 6, 16], [7, 15, 8, 14], [9, 13, 10, 12], [21, 11, 22, 10], [1, 21, 2, 20], [11, 1, 12, 22], [13, 3, 14, 2], [19, 9, 20, 8], [3, 19, 4, 18], [17, 7, 18, 6]]"
11a_236_203,"[[17, 7, 18, 6], [15, 5, 16, 4], [5, 17, 6, 16], [7, 15, 8, 14], [9, 13, 10, 12], [21, 11, 22, 10], [1, 21, 2, 20], [11, 1, 12, 22], [13, 3, 14, 2], [19, 9, 20, 8], [3, 19, 4, 18]]"
