name,pd_notation
11a_99_0,"[[7, 21, 8, 20], [5, 3, 6, 2], [13, 7, 14, 6], [11, 4, 12, 5], [3, 12, 4, 13], [21, 9, 22, 8], [1, 18, 2, 19], [19, 14, 20, 15], [15, 22, 16, 1], [17, 11, 18, 10], [9, 17, 10, 16]]"
11a_99_1,"[[9, 17, 10, 16], [7, 21, 8, 20], [5, 3, 6, 2], [13, 7, 14, 6], [11, 4, 12, 5], [3, 12, 4, 13], [21, 9, 22, 8], [1, 18, 2, 19], [19, 14, 20, 15], [15, 22, 16, 1], [17, 11, 18, 10]]"
11a_99_2,"[[17, 11, 18, 10], [9, 17, 10, 16], [7, 21, 8, 20], [5, 3, 6, 2], [13, 7, 14, 6], [11, 4, 12, 5], [3, 12, 4, 13], [21, 9, 22, 8], [1, 18, 2, 19], [19, 14, 20, 15], [15, 22, 16, 1]]"
11a_99_3,"[[15, 22, 16, 1], [17, 11, 18, 10], [9, 17, 10, 16], [7, 21, 8, 20], [5, 3, 6, 2], [13, 7, 14, 6], [11, 4, 12, 5], [3, 12, 4, 13], [21, 9, 22, 8], [1, 18, 2, 19], [19, 14, 20, 15]]"
11a_99_4,"[[19, 14, 20, 15], [15, 22, 16, 1], [17, 11, 18, 10], [9, 17, 10, 16], [7, 21, 8, 20], [5, 3, 6, 2], [13, 7, 14, 6], [11, 4, 12, 5], [3, 12, 4, 13], [21, 9, 22, 8], [1, 18, 2, 19]]"
11a_99_5,"[[1, 18, 2, 19], [19, 14, 20, 15], [15, 22, 16, 1], [17, 11, 18, 10], [9, 17, 10, 16], [7, 21, 8, 20], [5, 3, 6, 2], [13, 7, 14, 6], [11, 4, 12, 5], [3, 12, 4, 13], [21, 9, 22, 8]]"
11a_99_6,"[[21, 9, 22, 8], [1, 18, 2, 19], [19, 14, 20, 15], [15, 22, 16, 1], [17, 11, 18, 10], [9, 17, 10, 16], [7, 21, 8, 20], [5, 3, 6, 2], [13, 7, 14, 6], [11, 4, 12, 5], [3, 12, 4, 13]]"
11a_99_7,"[[3, 12, 4, 13], [21, 9, 22, 8], [1, 18, 2, 19], [19, 14, 20, 15], [15, 22, 16, 1], [17, 11, 18, 10], [9, 17, 10, 16], [7, 21, 8, 20], [5, 3, 6, 2], [13, 7, 14, 6], [11, 4, 12, 5]]"
11a_99_8,"[[11, 4, 12, 5], [3, 12, 4, 13], [21, 9, 22, 8], [1, 18, 2, 19], [19, 14, 20, 15], [15, 22, 16, 1], [17, 11, 18, 10], [9, 17, 10, 16], [7, 21, 8, 20], [5, 3, 6, 2], [13, 7, 14, 6]]"
11a_99_9,"[[13, 7, 14, 6], [11, 4, 12, 5], [3, 12, 4, 13], [21, 9, 22, 8], [1, 18, 2, 19], [19, 14, 20, 15], [15, 22, 16, 1], [17, 11, 18, 10], [9, 17, 10, 16], [7, 21, 8, 20], [5, 3, 6, 2]]"
11a_99_10,"[[5, 3, 6, 2], [13, 7, 14, 6], [11, 4, 12, 5], [3, 12, 4, 13], [21, 9, 22, 8], [1, 18, 2, 19], [19, 14, 20, 15], [15, 22, 16, 1], [17, 11, 18, 10], [9, 17, 10, 16], [7, 21, 8, 20]]"
11a_99_11,"[[8, 22, 9, 21], [6, 4, 7, 3], [14, 8, 15, 7], [12, 5, 13, 6], [4, 13, 5, 14], [22, 10, 1, 9], [2, 19, 3, 20], [20, 15, 21, 16], [16, 1, 17, 2], [18, 12, 19, 11], [10, 18, 11, 17]]"
11a_99_12,"[[10, 18, 11, 17], [8, 22, 9, 21], [6, 4, 7, 3], [14, 8, 15, 7], [12, 5, 13, 6], [4, 13, 5, 14], [22, 10, 1, 9], [2, 19, 3, 20], [20, 15, 21, 16], [16, 1, 17, 2], [18, 12, 19, 11]]"
11a_99_13,"[[18, 12, 19, 11], [10, 18, 11, 17], [8, 22, 9, 21], [6, 4, 7, 3], [14, 8, 15, 7], [12, 5, 13, 6], [4, 13, 5, 14], [22, 10, 1, 9], [2, 19, 3, 20], [20, 15, 21, 16], [16, 1, 17, 2]]"
11a_99_14,"[[16, 1, 17, 2], [18, 12, 19, 11], [10, 18, 11, 17], [8, 22, 9, 21], [6, 4, 7, 3], [14, 8, 15, 7], [12, 5, 13, 6], [4, 13, 5, 14], [22, 10, 1, 9], [2, 19, 3, 20], [20, 15, 21, 16]]"
11a_99_15,"[[20, 15, 21, 16], [16, 1, 17, 2], [18, 12, 19, 11], [10, 18, 11, 17], [8, 22, 9, 21], [6, 4, 7, 3], [14, 8, 15, 7], [12, 5, 13, 6], [4, 13, 5, 14], [22, 10, 1, 9], [2, 19, 3, 20]]"
11a_99_16,"[[2, 19, 3, 20], [20, 15, 21, 16], [16, 1, 17, 2], [18, 12, 19, 11], [10, 18, 11, 17], [8, 22, 9, 21], [6, 4, 7, 3], [14, 8, 15, 7], [12, 5, 13, 6], [4, 13, 5, 14], [22, 10, 1, 9]]"
11a_99_17,"[[22, 10, 1, 9], [2, 19, 3, 20], [20, 15, 21, 16], [16, 1, 17, 2], [18, 12, 19, 11], [10, 18, 11, 17], [8, 22, 9, 21], [6, 4, 7, 3], [14, 8, 15, 7], [12, 5, 13, 6], [4, 13, 5, 14]]"
11a_99_18,"[[4, 13, 5, 14], [22, 10, 1, 9], [2, 19, 3, 20], [20, 15, 21, 16], [16, 1, 17, 2], [18, 12, 19, 11], [10, 18, 11, 17], [8, 22, 9, 21], [6, 4, 7, 3], [14, 8, 15, 7], [12, 5, 13, 6]]"
11a_99_19,"[[12, 5, 13, 6], [4, 13, 5, 14], [22, 10, 1, 9], [2, 19, 3, 20], [20, 15, 21, 16], [16, 1, 17, 2], [18, 12, 19, 11], [10, 18, 11, 17], [8, 22, 9, 21], [6, 4, 7, 3], [14, 8, 15, 7]]"
11a_99_20,"[[14, 8, 15, 7], [12, 5, 13, 6], [4, 13, 5, 14], [22, 10, 1, 9], [2, 19, 3, 20], [20, 15, 21, 16], [16, 1, 17, 2], [18, 12, 19, 11], [10, 18, 11, 17], [8, 22, 9, 21], [6, 4, 7, 3]]"
11a_99_21,"[[6, 4, 7, 3], [14, 8, 15, 7], [12, 5, 13, 6], [4, 13, 5, 14], [22, 10, 1, 9], [2, 19, 3, 20], [20, 15, 21, 16], [16, 1, 17, 2], [18, 12, 19, 11], [10, 18, 11, 17], [8, 22, 9, 21]]"
11a_99_22,"[[9, 1, 10, 22], [7, 5, 8, 4], [15, 9, 16, 8], [13, 6, 14, 7], [5, 14, 6, 15], [1, 11, 2, 10], [3, 20, 4, 21], [21, 16, 22, 17], [17, 2, 18, 3], [19, 13, 20, 12], [11, 19, 12, 18]]"
11a_99_23,"[[11, 19, 12, 18], [9, 1, 10, 22], [7, 5, 8, 4], [15, 9, 16, 8], [13, 6, 14, 7], [5, 14, 6, 15], [1, 11, 2, 10], [3, 20, 4, 21], [21, 16, 22, 17], [17, 2, 18, 3], [19, 13, 20, 12]]"
11a_99_24,"[[19, 13, 20, 12], [11, 19, 12, 18], [9, 1, 10, 22], [7, 5, 8, 4], [15, 9, 16, 8], [13, 6, 14, 7], [5, 14, 6, 15], [1, 11, 2, 10], [3, 20, 4, 21], [21, 16, 22, 17], [17, 2, 18, 3]]"
11a_99_25,"[[17, 2, 18, 3], [19, 13, 20, 12], [11, 19, 12, 18], [9, 1, 10, 22], [7, 5, 8, 4], [15, 9, 16, 8], [13, 6, 14, 7], [5, 14, 6, 15], [1, 11, 2, 10], [3, 20, 4, 21], [21, 16, 22, 17]]"
11a_99_26,"[[21, 16, 22, 17], [17, 2, 18, 3], [19, 13, 20, 12], [11, 19, 12, 18], [9, 1, 10, 22], [7, 5, 8, 4], [15, 9, 16, 8], [13, 6, 14, 7], [5, 14, 6, 15], [1, 11, 2, 10], [3, 20, 4, 21]]"
11a_99_27,"[[3, 20, 4, 21], [21, 16, 22, 17], [17, 2, 18, 3], [19, 13, 20, 12], [11, 19, 12, 18], [9, 1, 10, 22], [7, 5, 8, 4], [15, 9, 16, 8], [13, 6, 14, 7], [5, 14, 6, 15], [1, 11, 2, 10]]"
11a_99_28,"[[1, 11, 2, 10], [3, 20, 4, 21], [21, 16, 22, 17], [17, 2, 18, 3], [19, 13, 20, 12], [11, 19, 12, 18], [9, 1, 10, 22], [7, 5, 8, 4], [15, 9, 16, 8], [13, 6, 14, 7], [5, 14, 6, 15]]"
11a_99_29,"[[5, 14, 6, 15], [1, 11, 2, 10], [3, 20, 4, 21], [21, 16, 22, 17], [17, 2, 18, 3], [19, 13, 20, 12], [11, 19, 12, 18], [9, 1, 10, 22], [7, 5, 8, 4], [15, 9, 16, 8], [13, 6, 14, 7]]"
11a_99_30,"[[13, 6, 14, 7], [5, 14, 6, 15], [1, 11, 2, 10], [3, 20, 4, 21], [21, 16, 22, 17], [17, 2, 18, 3], [19, 13, 20, 12], [11, 19, 12, 18], [9, 1, 10, 22], [7, 5, 8, 4], [15, 9, 16, 8]]"
11a_99_31,"[[15, 9, 16, 8], [13, 6, 14, 7], [5, 14, 6, 15], [1, 11, 2, 10], [3, 20, 4, 21], [21, 16, 22, 17], [17, 2, 18, 3], [19, 13, 20, 12], [11, 19, 12, 18], [9, 1, 10, 22], [7, 5, 8, 4]]"
11a_99_32,"[[7, 5, 8, 4], [15, 9, 16, 8], [13, 6, 14, 7], [5, 14, 6, 15], [1, 11, 2, 10], [3, 20, 4, 21], [21, 16, 22, 17], [17, 2, 18, 3], [19, 13, 20, 12], [11, 19, 12, 18], [9, 1, 10, 22]]"
11a_99_33,"[[10, 2, 11, 1], [8, 6, 9, 5], [16, 10, 17, 9], [14, 7, 15, 8], [6, 15, 7, 16], [2, 12, 3, 11], [4, 21, 5, 22], [22, 17, 1, 18], [18, 3, 19, 4], [20, 14, 21, 13], [12, 20, 13, 19]]"
11a_99_34,"[[12, 20, 13, 19], [10, 2, 11, 1], [8, 6, 9, 5], [16, 10, 17, 9], [14, 7, 15, 8], [6, 15, 7, 16], [2, 12, 3, 11], [4, 21, 5, 22], [22, 17, 1, 18], [18, 3, 19, 4], [20, 14, 21, 13]]"
11a_99_35,"[[20, 14, 21, 13], [12, 20, 13, 19], [10, 2, 11, 1], [8, 6, 9, 5], [16, 10, 17, 9], [14, 7, 15, 8], [6, 15, 7, 16], [2, 12, 3, 11], [4, 21, 5, 22], [22, 17, 1, 18], [18, 3, 19, 4]]"
11a_99_36,"[[18, 3, 19, 4], [20, 14, 21, 13], [12, 20, 13, 19], [10, 2, 11, 1], [8, 6, 9, 5], [16, 10, 17, 9], [14, 7, 15, 8], [6, 15, 7, 16], [2, 12, 3, 11], [4, 21, 5, 22], [22, 17, 1, 18]]"
11a_99_37,"[[22, 17, 1, 18], [18, 3, 19, 4], [20, 14, 21, 13], [12, 20, 13, 19], [10, 2, 11, 1], [8, 6, 9, 5], [16, 10, 17, 9], [14, 7, 15, 8], [6, 15, 7, 16], [2, 12, 3, 11], [4, 21, 5, 22]]"
11a_99_38,"[[4, 21, 5, 22], [22, 17, 1, 18], [18, 3, 19, 4], [20, 14, 21, 13], [12, 20, 13, 19], [10, 2, 11, 1], [8, 6, 9, 5], [16, 10, 17, 9], [14, 7, 15, 8], [6, 15, 7, 16], [2, 12, 3, 11]]"
11a_99_39,"[[2, 12, 3, 11], [4, 21, 5, 22], [22, 17, 1, 18], [18, 3, 19, 4], [20, 14, 21, 13], [12, 20, 13, 19], [10, 2, 11, 1], [8, 6, 9, 5], [16, 10, 17, 9], [14, 7, 15, 8], [6, 15, 7, 16]]"
11a_99_40,"[[6, 15, 7, 16], [2, 12, 3, 11], [4, 21, 5, 22], [22, 17, 1, 18], [18, 3, 19, 4], [20, 14, 21, 13], [12, 20, 13, 19], [10, 2, 11, 1], [8, 6, 9, 5], [16, 10, 17, 9], [14, 7, 15, 8]]"
11a_99_41,"[[14, 7, 15, 8], [6, 15, 7, 16], [2, 12, 3, 11], [4, 21, 5, 22], [22, 17, 1, 18], [18, 3, 19, 4], [20, 14, 21, 13], [12, 20, 13, 19], [10, 2, 11, 1], [8, 6, 9, 5], [16, 10, 17, 9]]"
11a_99_42,"[[16, 10, 17, 9], [14, 7, 15, 8], [6, 15, 7, 16], [2, 12, 3, 11], [4, 21, 5, 22], [22, 17, 1, 18], [18, 3, 19, 4], [20, 14, 21, 13], [12, 20, 13, 19], [10, 2, 11, 1], [8, 6, 9, 5]]"
11a_99_43,"[[8, 6, 9, 5], [16, 10, 17, 9], [14, 7, 15, 8], [6, 15, 7, 16], [2, 12, 3, 11], [4, 21, 5, 22], [22, 17, 1, 18], [18, 3, 19, 4], [20, 14, 21, 13], [12, 20, 13, 19], [10, 2, 11, 1]]"
11a_99_44,"[[11, 3, 12, 2], [9, 7, 10, 6], [17, 11, 18, 10], [15, 8, 16, 9], [7, 16, 8, 17], [3, 13, 4, 12], [5, 22, 6, 1], [1, 18, 2, 19], [19, 4, 20, 5], [21, 15, 22, 14], [13, 21, 14, 20]]"
11a_99_45,"[[13, 21, 14, 20], [11, 3, 12, 2], [9, 7, 10, 6], [17, 11, 18, 10], [15, 8, 16, 9], [7, 16, 8, 17], [3, 13, 4, 12], [5, 22, 6, 1], [1, 18, 2, 19], [19, 4, 20, 5], [21, 15, 22, 14]]"
11a_99_46,"[[21, 15, 22, 14], [13, 21, 14, 20], [11, 3, 12, 2], [9, 7, 10, 6], [17, 11, 18, 10], [15, 8, 16, 9], [7, 16, 8, 17], [3, 13, 4, 12], [5, 22, 6, 1], [1, 18, 2, 19], [19, 4, 20, 5]]"
11a_99_47,"[[19, 4, 20, 5], [21, 15, 22, 14], [13, 21, 14, 20], [11, 3, 12, 2], [9, 7, 10, 6], [17, 11, 18, 10], [15, 8, 16, 9], [7, 16, 8, 17], [3, 13, 4, 12], [5, 22, 6, 1], [1, 18, 2, 19]]"
11a_99_48,"[[1, 18, 2, 19], [19, 4, 20, 5], [21, 15, 22, 14], [13, 21, 14, 20], [11, 3, 12, 2], [9, 7, 10, 6], [17, 11, 18, 10], [15, 8, 16, 9], [7, 16, 8, 17], [3, 13, 4, 12], [5, 22, 6, 1]]"
11a_99_49,"[[5, 22, 6, 1], [1, 18, 2, 19], [19, 4, 20, 5], [21, 15, 22, 14], [13, 21, 14, 20], [11, 3, 12, 2], [9, 7, 10, 6], [17, 11, 18, 10], [15, 8, 16, 9], [7, 16, 8, 17], [3, 13, 4, 12]]"
11a_99_50,"[[3, 13, 4, 12], [5, 22, 6, 1], [1, 18, 2, 19], [19, 4, 20, 5], [21, 15, 22, 14], [13, 21, 14, 20], [11, 3, 12, 2], [9, 7, 10, 6], [17, 11, 18, 10], [15, 8, 16, 9], [7, 16, 8, 17]]"
11a_99_51,"[[7, 16, 8, 17], [3, 13, 4, 12], [5, 22, 6, 1], [1, 18, 2, 19], [19, 4, 20, 5], [21, 15, 22, 14], [13, 21, 14, 20], [11, 3, 12, 2], [9, 7, 10, 6], [17, 11, 18, 10], [15, 8, 16, 9]]"
11a_99_52,"[[15, 8, 16, 9], [7, 16, 8, 17], [3, 13, 4, 12], [5, 22, 6, 1], [1, 18, 2, 19], [19, 4, 20, 5], [21, 15, 22, 14], [13, 21, 14, 20], [11, 3, 12, 2], [9, 7, 10, 6], [17, 11, 18, 10]]"
11a_99_53,"[[17, 11, 18, 10], [15, 8, 16, 9], [7, 16, 8, 17], [3, 13, 4, 12], [5, 22, 6, 1], [1, 18, 2, 19], [19, 4, 20, 5], [21, 15, 22, 14], [13, 21, 14, 20], [11, 3, 12, 2], [9, 7, 10, 6]]"
11a_99_54,"[[9, 7, 10, 6], [17, 11, 18, 10], [15, 8, 16, 9], [7, 16, 8, 17], [3, 13, 4, 12], [5, 22, 6, 1], [1, 18, 2, 19], [19, 4, 20, 5], [21, 15, 22, 14], [13, 21, 14, 20], [11, 3, 12, 2]]"
11a_99_55,"[[12, 4, 13, 3], [10, 8, 11, 7], [18, 12, 19, 11], [16, 9, 17, 10], [8, 17, 9, 18], [4, 14, 5, 13], [6, 1, 7, 2], [2, 19, 3, 20], [20, 5, 21, 6], [22, 16, 1, 15], [14, 22, 15, 21]]"
11a_99_56,"[[14, 22, 15, 21], [12, 4, 13, 3], [10, 8, 11, 7], [18, 12, 19, 11], [16, 9, 17, 10], [8, 17, 9, 18], [4, 14, 5, 13], [6, 1, 7, 2], [2, 19, 3, 20], [20, 5, 21, 6], [22, 16, 1, 15]]"
11a_99_57,"[[22, 16, 1, 15], [14, 22, 15, 21], [12, 4, 13, 3], [10, 8, 11, 7], [18, 12, 19, 11], [16, 9, 17, 10], [8, 17, 9, 18], [4, 14, 5, 13], [6, 1, 7, 2], [2, 19, 3, 20], [20, 5, 21, 6]]"
11a_99_58,"[[20, 5, 21, 6], [22, 16, 1, 15], [14, 22, 15, 21], [12, 4, 13, 3], [10, 8, 11, 7], [18, 12, 19, 11], [16, 9, 17, 10], [8, 17, 9, 18], [4, 14, 5, 13], [6, 1, 7, 2], [2, 19, 3, 20]]"
11a_99_59,"[[2, 19, 3, 20], [20, 5, 21, 6], [22, 16, 1, 15], [14, 22, 15, 21], [12, 4, 13, 3], [10, 8, 11, 7], [18, 12, 19, 11], [16, 9, 17, 10], [8, 17, 9, 18], [4, 14, 5, 13], [6, 1, 7, 2]]"
11a_99_60,"[[6, 1, 7, 2], [2, 19, 3, 20], [20, 5, 21, 6], [22, 16, 1, 15], [14, 22, 15, 21], [12, 4, 13, 3], [10, 8, 11, 7], [18, 12, 19, 11], [16, 9, 17, 10], [8, 17, 9, 18], [4, 14, 5, 13]]"
11a_99_61,"[[4, 14, 5, 13], [6, 1, 7, 2], [2, 19, 3, 20], [20, 5, 21, 6], [22, 16, 1, 15], [14, 22, 15, 21], [12, 4, 13, 3], [10, 8, 11, 7], [18, 12, 19, 11], [16, 9, 17, 10], [8, 17, 9, 18]]"
11a_99_62,"[[8, 17, 9, 18], [4, 14, 5, 13], [6, 1, 7, 2], [2, 19, 3, 20], [20, 5, 21, 6], [22, 16, 1, 15], [14, 22, 15, 21], [12, 4, 13, 3], [10, 8, 11, 7], [18, 12, 19, 11], [16, 9, 17, 10]]"
11a_99_63,"[[16, 9, 17, 10], [8, 17, 9, 18], [4, 14, 5, 13], [6, 1, 7, 2], [2, 19, 3, 20], [20, 5, 21, 6], [22, 16, 1, 15], [14, 22, 15, 21], [12, 4, 13, 3], [10, 8, 11, 7], [18, 12, 19, 11]]"
11a_99_64,"[[18, 12, 19, 11], [16, 9, 17, 10], [8, 17, 9, 18], [4, 14, 5, 13], [6, 1, 7, 2], [2, 19, 3, 20], [20, 5, 21, 6], [22, 16, 1, 15], [14, 22, 15, 21], [12, 4, 13, 3], [10, 8, 11, 7]]"
11a_99_65,"[[10, 8, 11, 7], [18, 12, 19, 11], [16, 9, 17, 10], [8, 17, 9, 18], [4, 14, 5, 13], [6, 1, 7, 2], [2, 19, 3, 20], [20, 5, 21, 6], [22, 16, 1, 15], [14, 22, 15, 21], [12, 4, 13, 3]]"
11a_99_66,"[[13, 5, 14, 4], [11, 9, 12, 8], [19, 13, 20, 12], [17, 10, 18, 11], [9, 18, 10, 19], [5, 15, 6, 14], [7, 2, 8, 3], [3, 20, 4, 21], [21, 6, 22, 7], [1, 17, 2, 16], [15, 1, 16, 22]]"
11a_99_67,"[[15, 1, 16, 22], [13, 5, 14, 4], [11, 9, 12, 8], [19, 13, 20, 12], [17, 10, 18, 11], [9, 18, 10, 19], [5, 15, 6, 14], [7, 2, 8, 3], [3, 20, 4, 21], [21, 6, 22, 7], [1, 17, 2, 16]]"
11a_99_68,"[[1, 17, 2, 16], [15, 1, 16, 22], [13, 5, 14, 4], [11, 9, 12, 8], [19, 13, 20, 12], [17, 10, 18, 11], [9, 18, 10, 19], [5, 15, 6, 14], [7, 2, 8, 3], [3, 20, 4, 21], [21, 6, 22, 7]]"
11a_99_69,"[[21, 6, 22, 7], [1, 17, 2, 16], [15, 1, 16, 22], [13, 5, 14, 4], [11, 9, 12, 8], [19, 13, 20, 12], [17, 10, 18, 11], [9, 18, 10, 19], [5, 15, 6, 14], [7, 2, 8, 3], [3, 20, 4, 21]]"
11a_99_70,"[[3, 20, 4, 21], [21, 6, 22, 7], [1, 17, 2, 16], [15, 1, 16, 22], [13, 5, 14, 4], [11, 9, 12, 8], [19, 13, 20, 12], [17, 10, 18, 11], [9, 18, 10, 19], [5, 15, 6, 14], [7, 2, 8, 3]]"
11a_99_71,"[[7, 2, 8, 3], [3, 20, 4, 21], [21, 6, 22, 7], [1, 17, 2, 16], [15, 1, 16, 22], [13, 5, 14, 4], [11, 9, 12, 8], [19, 13, 20, 12], [17, 10, 18, 11], [9, 18, 10, 19], [5, 15, 6, 14]]"
11a_99_72,"[[5, 15, 6, 14], [7, 2, 8, 3], [3, 20, 4, 21], [21, 6, 22, 7], [1, 17, 2, 16], [15, 1, 16, 22], [13, 5, 14, 4], [11, 9, 12, 8], [19, 13, 20, 12], [17, 10, 18, 11], [9, 18, 10, 19]]"
11a_99_73,"[[9, 18, 10, 19], [5, 15, 6, 14], [7, 2, 8, 3], [3, 20, 4, 21], [21, 6, 22, 7], [1, 17, 2, 16], [15, 1, 16, 22], [13, 5, 14, 4], [11, 9, 12, 8], [19, 13, 20, 12], [17, 10, 18, 11]]"
11a_99_74,"[[17, 10, 18, 11], [9, 18, 10, 19], [5, 15, 6, 14], [7, 2, 8, 3], [3, 20, 4, 21], [21, 6, 22, 7], [1, 17, 2, 16], [15, 1, 16, 22], [13, 5, 14, 4], [11, 9, 12, 8], [19, 13, 20, 12]]"
11a_99_75,"[[19, 13, 20, 12], [17, 10, 18, 11], [9, 18, 10, 19], [5, 15, 6, 14], [7, 2, 8, 3], [3, 20, 4, 21], [21, 6, 22, 7], [1, 17, 2, 16], [15, 1, 16, 22], [13, 5, 14, 4], [11, 9, 12, 8]]"
11a_99_76,"[[11, 9, 12, 8], [19, 13, 20, 12], [17, 10, 18, 11], [9, 18, 10, 19], [5, 15, 6, 14], [7, 2, 8, 3], [3, 20, 4, 21], [21, 6, 22, 7], [1, 17, 2, 16], [15, 1, 16, 22], [13, 5, 14, 4]]"
11a_99_77,"[[14, 6, 15, 5], [12, 10, 13, 9], [20, 14, 21, 13], [18, 11, 19, 12], [10, 19, 11, 20], [6, 16, 7, 15], [8, 3, 9, 4], [4, 21, 5, 22], [22, 7, 1, 8], [2, 18, 3, 17], [16, 2, 17, 1]]"
11a_99_78,"[[16, 2, 17, 1], [14, 6, 15, 5], [12, 10, 13, 9], [20, 14, 21, 13], [18, 11, 19, 12], [10, 19, 11, 20], [6, 16, 7, 15], [8, 3, 9, 4], [4, 21, 5, 22], [22, 7, 1, 8], [2, 18, 3, 17]]"
11a_99_79,"[[2, 18, 3, 17], [16, 2, 17, 1], [14, 6, 15, 5], [12, 10, 13, 9], [20, 14, 21, 13], [18, 11, 19, 12], [10, 19, 11, 20], [6, 16, 7, 15], [8, 3, 9, 4], [4, 21, 5, 22], [22, 7, 1, 8]]"
11a_99_80,"[[22, 7, 1, 8], [2, 18, 3, 17], [16, 2, 17, 1], [14, 6, 15, 5], [12, 10, 13, 9], [20, 14, 21, 13], [18, 11, 19, 12], [10, 19, 11, 20], [6, 16, 7, 15], [8, 3, 9, 4], [4, 21, 5, 22]]"
11a_99_81,"[[4, 21, 5, 22], [22, 7, 1, 8], [2, 18, 3, 17], [16, 2, 17, 1], [14, 6, 15, 5], [12, 10, 13, 9], [20, 14, 21, 13], [18, 11, 19, 12], [10, 19, 11, 20], [6, 16, 7, 15], [8, 3, 9, 4]]"
11a_99_82,"[[8, 3, 9, 4], [4, 21, 5, 22], [22, 7, 1, 8], [2, 18, 3, 17], [16, 2, 17, 1], [14, 6, 15, 5], [12, 10, 13, 9], [20, 14, 21, 13], [18, 11, 19, 12], [10, 19, 11, 20], [6, 16, 7, 15]]"
11a_99_83,"[[6, 16, 7, 15], [8, 3, 9, 4], [4, 21, 5, 22], [22, 7, 1, 8], [2, 18, 3, 17], [16, 2, 17, 1], [14, 6, 15, 5], [12, 10, 13, 9], [20, 14, 21, 13], [18, 11, 19, 12], [10, 19, 11, 20]]"
11a_99_84,"[[10, 19, 11, 20], [6, 16, 7, 15], [8, 3, 9, 4], [4, 21, 5, 22], [22, 7, 1, 8], [2, 18, 3, 17], [16, 2, 17, 1], [14, 6, 15, 5], [12, 10, 13, 9], [20, 14, 21, 13], [18, 11, 19, 12]]"
11a_99_85,"[[18, 11, 19, 12], [10, 19, 11, 20], [6, 16, 7, 15], [8, 3, 9, 4], [4, 21, 5, 22], [22, 7, 1, 8], [2, 18, 3, 17], [16, 2, 17, 1], [14, 6, 15, 5], [12, 10, 13, 9], [20, 14, 21, 13]]"
11a_99_86,"[[20, 14, 21, 13], [18, 11, 19, 12], [10, 19, 11, 20], [6, 16, 7, 15], [8, 3, 9, 4], [4, 21, 5, 22], [22, 7, 1, 8], [2, 18, 3, 17], [16, 2, 17, 1], [14, 6, 15, 5], [12, 10, 13, 9]]"
11a_99_87,"[[12, 10, 13, 9], [20, 14, 21, 13], [18, 11, 19, 12], [10, 19, 11, 20], [6, 16, 7, 15], [8, 3, 9, 4], [4, 21, 5, 22], [22, 7, 1, 8], [2, 18, 3, 17], [16, 2, 17, 1], [14, 6, 15, 5]]"
11a_99_88,"[[15, 7, 16, 6], [13, 11, 14, 10], [21, 15, 22, 14], [19, 12, 20, 13], [11, 20, 12, 21], [7, 17, 8, 16], [9, 4, 10, 5], [5, 22, 6, 1], [1, 8, 2, 9], [3, 19, 4, 18], [17, 3, 18, 2]]"
11a_99_89,"[[17, 3, 18, 2], [15, 7, 16, 6], [13, 11, 14, 10], [21, 15, 22, 14], [19, 12, 20, 13], [11, 20, 12, 21], [7, 17, 8, 16], [9, 4, 10, 5], [5, 22, 6, 1], [1, 8, 2, 9], [3, 19, 4, 18]]"
11a_99_90,"[[3, 19, 4, 18], [17, 3, 18, 2], [15, 7, 16, 6], [13, 11, 14, 10], [21, 15, 22, 14], [19, 12, 20, 13], [11, 20, 12, 21], [7, 17, 8, 16], [9, 4, 10, 5], [5, 22, 6, 1], [1, 8, 2, 9]]"
11a_99_91,"[[1, 8, 2, 9], [3, 19, 4, 18], [17, 3, 18, 2], [15, 7, 16, 6], [13, 11, 14, 10], [21, 15, 22, 14], [19, 12, 20, 13], [11, 20, 12, 21], [7, 17, 8, 16], [9, 4, 10, 5], [5, 22, 6, 1]]"
11a_99_92,"[[5, 22, 6, 1], [1, 8, 2, 9], [3, 19, 4, 18], [17, 3, 18, 2], [15, 7, 16, 6], [13, 11, 14, 10], [21, 15, 22, 14], [19, 12, 20, 13], [11, 20, 12, 21], [7, 17, 8, 16], [9, 4, 10, 5]]"
11a_99_93,"[[9, 4, 10, 5], [5, 22, 6, 1], [1, 8, 2, 9], [3, 19, 4, 18], [17, 3, 18, 2], [15, 7, 16, 6], [13, 11, 14, 10], [21, 15, 22, 14], [19, 12, 20, 13], [11, 20, 12, 21], [7, 17, 8, 16]]"
11a_99_94,"[[7, 17, 8, 16], [9, 4, 10, 5], [5, 22, 6, 1], [1, 8, 2, 9], [3, 19, 4, 18], [17, 3, 18, 2], [15, 7, 16, 6], [13, 11, 14, 10], [21, 15, 22, 14], [19, 12, 20, 13], [11, 20, 12, 21]]"
11a_99_95,"[[11, 20, 12, 21], [7, 17, 8, 16], [9, 4, 10, 5], [5, 22, 6, 1], [1, 8, 2, 9], [3, 19, 4, 18], [17, 3, 18, 2], [15, 7, 16, 6], [13, 11, 14, 10], [21, 15, 22, 14], [19, 12, 20, 13]]"
11a_99_96,"[[19, 12, 20, 13], [11, 20, 12, 21], [7, 17, 8, 16], [9, 4, 10, 5], [5, 22, 6, 1], [1, 8, 2, 9], [3, 19, 4, 18], [17, 3, 18, 2], [15, 7, 16, 6], [13, 11, 14, 10], [21, 15, 22, 14]]"
11a_99_97,"[[21, 15, 22, 14], [19, 12, 20, 13], [11, 20, 12, 21], [7, 17, 8, 16], [9, 4, 10, 5], [5, 22, 6, 1], [1, 8, 2, 9], [3, 19, 4, 18], [17, 3, 18, 2], [15, 7, 16, 6], [13, 11, 14, 10]]"
11a_99_98,"[[13, 11, 14, 10], [21, 15, 22, 14], [19, 12, 20, 13], [11, 20, 12, 21], [7, 17, 8, 16], [9, 4, 10, 5], [5, 22, 6, 1], [1, 8, 2, 9], [3, 19, 4, 18], [17, 3, 18, 2], [15, 7, 16, 6]]"
11a_99_99,"[[16, 8, 17, 7], [14, 12, 15, 11], [22, 16, 1, 15], [20, 13, 21, 14], [12, 21, 13, 22], [8, 18, 9, 17], [10, 5, 11, 6], [6, 1, 7, 2], [2, 9, 3, 10], [4, 20, 5, 19], [18, 4, 19, 3]]"
11a_99_100,"[[18, 4, 19, 3], [16, 8, 17, 7], [14, 12, 15, 11], [22, 16, 1, 15], [20, 13, 21, 14], [12, 21, 13, 22], [8, 18, 9, 17], [10, 5, 11, 6], [6, 1, 7, 2], [2, 9, 3, 10], [4, 20, 5, 19]]"
11a_99_101,"[[4, 20, 5, 19], [18, 4, 19, 3], [16, 8, 17, 7], [14, 12, 15, 11], [22, 16, 1, 15], [20, 13, 21, 14], [12, 21, 13, 22], [8, 18, 9, 17], [10, 5, 11, 6], [6, 1, 7, 2], [2, 9, 3, 10]]"
11a_99_102,"[[2, 9, 3, 10], [4, 20, 5, 19], [18, 4, 19, 3], [16, 8, 17, 7], [14, 12, 15, 11], [22, 16, 1, 15], [20, 13, 21, 14], [12, 21, 13, 22], [8, 18, 9, 17], [10, 5, 11, 6], [6, 1, 7, 2]]"
11a_99_103,"[[6, 1, 7, 2], [2, 9, 3, 10], [4, 20, 5, 19], [18, 4, 19, 3], [16, 8, 17, 7], [14, 12, 15, 11], [22, 16, 1, 15], [20, 13, 21, 14], [12, 21, 13, 22], [8, 18, 9, 17], [10, 5, 11, 6]]"
11a_99_104,"[[10, 5, 11, 6], [6, 1, 7, 2], [2, 9, 3, 10], [4, 20, 5, 19], [18, 4, 19, 3], [16, 8, 17, 7], [14, 12, 15, 11], [22, 16, 1, 15], [20, 13, 21, 14], [12, 21, 13, 22], [8, 18, 9, 17]]"
11a_99_105,"[[8, 18, 9, 17], [10, 5, 11, 6], [6, 1, 7, 2], [2, 9, 3, 10], [4, 20, 5, 19], [18, 4, 19, 3], [16, 8, 17, 7], [14, 12, 15, 11], [22, 16, 1, 15], [20, 13, 21, 14], [12, 21, 13, 22]]"
11a_99_106,"[[12, 21, 13, 22], [8, 18, 9, 17], [10, 5, 11, 6], [6, 1, 7, 2], [2, 9, 3, 10], [4, 20, 5, 19], [18, 4, 19, 3], [16, 8, 17, 7], [14, 12, 15, 11], [22, 16, 1, 15], [20, 13, 21, 14]]"
11a_99_107,"[[20, 13, 21, 14], [12, 21, 13, 22], [8, 18, 9, 17], [10, 5, 11, 6], [6, 1, 7, 2], [2, 9, 3, 10], [4, 20, 5, 19], [18, 4, 19, 3], [16, 8, 17, 7], [14, 12, 15, 11], [22, 16, 1, 15]]"
11a_99_108,"[[22, 16, 1, 15], [20, 13, 21, 14], [12, 21, 13, 22], [8, 18, 9, 17], [10, 5, 11, 6], [6, 1, 7, 2], [2, 9, 3, 10], [4, 20, 5, 19], [18, 4, 19, 3], [16, 8, 17, 7], [14, 12, 15, 11]]"
11a_99_109,"[[14, 12, 15, 11], [22, 16, 1, 15], [20, 13, 21, 14], [12, 21, 13, 22], [8, 18, 9, 17], [10, 5, 11, 6], [6, 1, 7, 2], [2, 9, 3, 10], [4, 20, 5, 19], [18, 4, 19, 3], [16, 8, 17, 7]]"
11a_99_110,"[[17, 9, 18, 8], [15, 13, 16, 12], [1, 17, 2, 16], [21, 14, 22, 15], [13, 22, 14, 1], [9, 19, 10, 18], [11, 6, 12, 7], [7, 2, 8, 3], [3, 10, 4, 11], [5, 21, 6, 20], [19, 5, 20, 4]]"
11a_99_111,"[[19, 5, 20, 4], [17, 9, 18, 8], [15, 13, 16, 12], [1, 17, 2, 16], [21, 14, 22, 15], [13, 22, 14, 1], [9, 19, 10, 18], [11, 6, 12, 7], [7, 2, 8, 3], [3, 10, 4, 11], [5, 21, 6, 20]]"
11a_99_112,"[[5, 21, 6, 20], [19, 5, 20, 4], [17, 9, 18, 8], [15, 13, 16, 12], [1, 17, 2, 16], [21, 14, 22, 15], [13, 22, 14, 1], [9, 19, 10, 18], [11, 6, 12, 7], [7, 2, 8, 3], [3, 10, 4, 11]]"
11a_99_113,"[[3, 10, 4, 11], [5, 21, 6, 20], [19, 5, 20, 4], [17, 9, 18, 8], [15, 13, 16, 12], [1, 17, 2, 16], [21, 14, 22, 15], [13, 22, 14, 1], [9, 19, 10, 18], [11, 6, 12, 7], [7, 2, 8, 3]]"
11a_99_114,"[[7, 2, 8, 3], [3, 10, 4, 11], [5, 21, 6, 20], [19, 5, 20, 4], [17, 9, 18, 8], [15, 13, 16, 12], [1, 17, 2, 16], [21, 14, 22, 15], [13, 22, 14, 1], [9, 19, 10, 18], [11, 6, 12, 7]]"
11a_99_115,"[[11, 6, 12, 7], [7, 2, 8, 3], [3, 10, 4, 11], [5, 21, 6, 20], [19, 5, 20, 4], [17, 9, 18, 8], [15, 13, 16, 12], [1, 17, 2, 16], [21, 14, 22, 15], [13, 22, 14, 1], [9, 19, 10, 18]]"
11a_99_116,"[[9, 19, 10, 18], [11, 6, 12, 7], [7, 2, 8, 3], [3, 10, 4, 11], [5, 21, 6, 20], [19, 5, 20, 4], [17, 9, 18, 8], [15, 13, 16, 12], [1, 17, 2, 16], [21, 14, 22, 15], [13, 22, 14, 1]]"
11a_99_117,"[[13, 22, 14, 1], [9, 19, 10, 18], [11, 6, 12, 7], [7, 2, 8, 3], [3, 10, 4, 11], [5, 21, 6, 20], [19, 5, 20, 4], [17, 9, 18, 8], [15, 13, 16, 12], [1, 17, 2, 16], [21, 14, 22, 15]]"
11a_99_118,"[[21, 14, 22, 15], [13, 22, 14, 1], [9, 19, 10, 18], [11, 6, 12, 7], [7, 2, 8, 3], [3, 10, 4, 11], [5, 21, 6, 20], [19, 5, 20, 4], [17, 9, 18, 8], [15, 13, 16, 12], [1, 17, 2, 16]]"
11a_99_119,"[[1, 17, 2, 16], [21, 14, 22, 15], [13, 22, 14, 1], [9, 19, 10, 18], [11, 6, 12, 7], [7, 2, 8, 3], [3, 10, 4, 11], [5, 21, 6, 20], [19, 5, 20, 4], [17, 9, 18, 8], [15, 13, 16, 12]]"
11a_99_120,"[[15, 13, 16, 12], [1, 17, 2, 16], [21, 14, 22, 15], [13, 22, 14, 1], [9, 19, 10, 18], [11, 6, 12, 7], [7, 2, 8, 3], [3, 10, 4, 11], [5, 21, 6, 20], [19, 5, 20, 4], [17, 9, 18, 8]]"
11a_99_121,"[[18, 10, 19, 9], [16, 14, 17, 13], [2, 18, 3, 17], [22, 15, 1, 16], [14, 1, 15, 2], [10, 20, 11, 19], [12, 7, 13, 8], [8, 3, 9, 4], [4, 11, 5, 12], [6, 22, 7, 21], [20, 6, 21, 5]]"
11a_99_122,"[[20, 6, 21, 5], [18, 10, 19, 9], [16, 14, 17, 13], [2, 18, 3, 17], [22, 15, 1, 16], [14, 1, 15, 2], [10, 20, 11, 19], [12, 7, 13, 8], [8, 3, 9, 4], [4, 11, 5, 12], [6, 22, 7, 21]]"
11a_99_123,"[[6, 22, 7, 21], [20, 6, 21, 5], [18, 10, 19, 9], [16, 14, 17, 13], [2, 18, 3, 17], [22, 15, 1, 16], [14, 1, 15, 2], [10, 20, 11, 19], [12, 7, 13, 8], [8, 3, 9, 4], [4, 11, 5, 12]]"
11a_99_124,"[[4, 11, 5, 12], [6, 22, 7, 21], [20, 6, 21, 5], [18, 10, 19, 9], [16, 14, 17, 13], [2, 18, 3, 17], [22, 15, 1, 16], [14, 1, 15, 2], [10, 20, 11, 19], [12, 7, 13, 8], [8, 3, 9, 4]]"
11a_99_125,"[[8, 3, 9, 4], [4, 11, 5, 12], [6, 22, 7, 21], [20, 6, 21, 5], [18, 10, 19, 9], [16, 14, 17, 13], [2, 18, 3, 17], [22, 15, 1, 16], [14, 1, 15, 2], [10, 20, 11, 19], [12, 7, 13, 8]]"
11a_99_126,"[[12, 7, 13, 8], [8, 3, 9, 4], [4, 11, 5, 12], [6, 22, 7, 21], [20, 6, 21, 5], [18, 10, 19, 9], [16, 14, 17, 13], [2, 18, 3, 17], [22, 15, 1, 16], [14, 1, 15, 2], [10, 20, 11, 19]]"
11a_99_127,"[[10, 20, 11, 19], [12, 7, 13, 8], [8, 3, 9, 4], [4, 11, 5, 12], [6, 22, 7, 21], [20, 6, 21, 5], [18, 10, 19, 9], [16, 14, 17, 13], [2, 18, 3, 17], [22, 15, 1, 16], [14, 1, 15, 2]]"
11a_99_128,"[[14, 1, 15, 2], [10, 20, 11, 19], [12, 7, 13, 8], [8, 3, 9, 4], [4, 11, 5, 12], [6, 22, 7, 21], [20, 6, 21, 5], [18, 10, 19, 9], [16, 14, 17, 13], [2, 18, 3, 17], [22, 15, 1, 16]]"
11a_99_129,"[[22, 15, 1, 16], [14, 1, 15, 2], [10, 20, 11, 19], [12, 7, 13, 8], [8, 3, 9, 4], [4, 11, 5, 12], [6, 22, 7, 21], [20, 6, 21, 5], [18, 10, 19, 9], [16, 14, 17, 13], [2, 18, 3, 17]]"
11a_99_130,"[[2, 18, 3, 17], [22, 15, 1, 16], [14, 1, 15, 2], [10, 20, 11, 19], [12, 7, 13, 8], [8, 3, 9, 4], [4, 11, 5, 12], [6, 22, 7, 21], [20, 6, 21, 5], [18, 10, 19, 9], [16, 14, 17, 13]]"
11a_99_131,"[[16, 14, 17, 13], [2, 18, 3, 17], [22, 15, 1, 16], [14, 1, 15, 2], [10, 20, 11, 19], [12, 7, 13, 8], [8, 3, 9, 4], [4, 11, 5, 12], [6, 22, 7, 21], [20, 6, 21, 5], [18, 10, 19, 9]]"
11a_99_132,"[[19, 11, 20, 10], [17, 15, 18, 14], [3, 19, 4, 18], [1, 16, 2, 17], [15, 2, 16, 3], [11, 21, 12, 20], [13, 8, 14, 9], [9, 4, 10, 5], [5, 12, 6, 13], [7, 1, 8, 22], [21, 7, 22, 6]]"
11a_99_133,"[[21, 7, 22, 6], [19, 11, 20, 10], [17, 15, 18, 14], [3, 19, 4, 18], [1, 16, 2, 17], [15, 2, 16, 3], [11, 21, 12, 20], [13, 8, 14, 9], [9, 4, 10, 5], [5, 12, 6, 13], [7, 1, 8, 22]]"
11a_99_134,"[[7, 1, 8, 22], [21, 7, 22, 6], [19, 11, 20, 10], [17, 15, 18, 14], [3, 19, 4, 18], [1, 16, 2, 17], [15, 2, 16, 3], [11, 21, 12, 20], [13, 8, 14, 9], [9, 4, 10, 5], [5, 12, 6, 13]]"
11a_99_135,"[[5, 12, 6, 13], [7, 1, 8, 22], [21, 7, 22, 6], [19, 11, 20, 10], [17, 15, 18, 14], [3, 19, 4, 18], [1, 16, 2, 17], [15, 2, 16, 3], [11, 21, 12, 20], [13, 8, 14, 9], [9, 4, 10, 5]]"
11a_99_136,"[[9, 4, 10, 5], [5, 12, 6, 13], [7, 1, 8, 22], [21, 7, 22, 6], [19, 11, 20, 10], [17, 15, 18, 14], [3, 19, 4, 18], [1, 16, 2, 17], [15, 2, 16, 3], [11, 21, 12, 20], [13, 8, 14, 9]]"
11a_99_137,"[[13, 8, 14, 9], [9, 4, 10, 5], [5, 12, 6, 13], [7, 1, 8, 22], [21, 7, 22, 6], [19, 11, 20, 10], [17, 15, 18, 14], [3, 19, 4, 18], [1, 16, 2, 17], [15, 2, 16, 3], [11, 21, 12, 20]]"
11a_99_138,"[[11, 21, 12, 20], [13, 8, 14, 9], [9, 4, 10, 5], [5, 12, 6, 13], [7, 1, 8, 22], [21, 7, 22, 6], [19, 11, 20, 10], [17, 15, 18, 14], [3, 19, 4, 18], [1, 16, 2, 17], [15, 2, 16, 3]]"
11a_99_139,"[[15, 2, 16, 3], [11, 21, 12, 20], [13, 8, 14, 9], [9, 4, 10, 5], [5, 12, 6, 13], [7, 1, 8, 22], [21, 7, 22, 6], [19, 11, 20, 10], [17, 15, 18, 14], [3, 19, 4, 18], [1, 16, 2, 17]]"
11a_99_140,"[[1, 16, 2, 17], [15, 2, 16, 3], [11, 21, 12, 20], [13, 8, 14, 9], [9, 4, 10, 5], [5, 12, 6, 13], [7, 1, 8, 22], [21, 7, 22, 6], [19, 11, 20, 10], [17, 15, 18, 14], [3, 19, 4, 18]]"
11a_99_141,"[[3, 19, 4, 18], [1, 16, 2, 17], [15, 2, 16, 3], [11, 21, 12, 20], [13, 8, 14, 9], [9, 4, 10, 5], [5, 12, 6, 13], [7, 1, 8, 22], [21, 7, 22, 6], [19, 11, 20, 10], [17, 15, 18, 14]]"
11a_99_142,"[[17, 15, 18, 14], [3, 19, 4, 18], [1, 16, 2, 17], [15, 2, 16, 3], [11, 21, 12, 20], [13, 8, 14, 9], [9, 4, 10, 5], [5, 12, 6, 13], [7, 1, 8, 22], [21, 7, 22, 6], [19, 11, 20, 10]]"
11a_99_143,"[[20, 12, 21, 11], [18, 16, 19, 15], [4, 20, 5, 19], [2, 17, 3, 18], [16, 3, 17, 4], [12, 22, 13, 21], [14, 9, 15, 10], [10, 5, 11, 6], [6, 13, 7, 14], [8, 2, 9, 1], [22, 8, 1, 7]]"
11a_99_144,"[[22, 8, 1, 7], [20, 12, 21, 11], [18, 16, 19, 15], [4, 20, 5, 19], [2, 17, 3, 18], [16, 3, 17, 4], [12, 22, 13, 21], [14, 9, 15, 10], [10, 5, 11, 6], [6, 13, 7, 14], [8, 2, 9, 1]]"
11a_99_145,"[[8, 2, 9, 1], [22, 8, 1, 7], [20, 12, 21, 11], [18, 16, 19, 15], [4, 20, 5, 19], [2, 17, 3, 18], [16, 3, 17, 4], [12, 22, 13, 21], [14, 9, 15, 10], [10, 5, 11, 6], [6, 13, 7, 14]]"
11a_99_146,"[[6, 13, 7, 14], [8, 2, 9, 1], [22, 8, 1, 7], [20, 12, 21, 11], [18, 16, 19, 15], [4, 20, 5, 19], [2, 17, 3, 18], [16, 3, 17, 4], [12, 22, 13, 21], [14, 9, 15, 10], [10, 5, 11, 6]]"
11a_99_147,"[[10, 5, 11, 6], [6, 13, 7, 14], [8, 2, 9, 1], [22, 8, 1, 7], [20, 12, 21, 11], [18, 16, 19, 15], [4, 20, 5, 19], [2, 17, 3, 18], [16, 3, 17, 4], [12, 22, 13, 21], [14, 9, 15, 10]]"
11a_99_148,"[[14, 9, 15, 10], [10, 5, 11, 6], [6, 13, 7, 14], [8, 2, 9, 1], [22, 8, 1, 7], [20, 12, 21, 11], [18, 16, 19, 15], [4, 20, 5, 19], [2, 17, 3, 18], [16, 3, 17, 4], [12, 22, 13, 21]]"
11a_99_149,"[[12, 22, 13, 21], [14, 9, 15, 10], [10, 5, 11, 6], [6, 13, 7, 14], [8, 2, 9, 1], [22, 8, 1, 7], [20, 12, 21, 11], [18, 16, 19, 15], [4, 20, 5, 19], [2, 17, 3, 18], [16, 3, 17, 4]]"
11a_99_150,"[[16, 3, 17, 4], [12, 22, 13, 21], [14, 9, 15, 10], [10, 5, 11, 6], [6, 13, 7, 14], [8, 2, 9, 1], [22, 8, 1, 7], [20, 12, 21, 11], [18, 16, 19, 15], [4, 20, 5, 19], [2, 17, 3, 18]]"
11a_99_151,"[[2, 17, 3, 18], [16, 3, 17, 4], [12, 22, 13, 21], [14, 9, 15, 10], [10, 5, 11, 6], [6, 13, 7, 14], [8, 2, 9, 1], [22, 8, 1, 7], [20, 12, 21, 11], [18, 16, 19, 15], [4, 20, 5, 19]]"
11a_99_152,"[[4, 20, 5, 19], [2, 17, 3, 18], [16, 3, 17, 4], [12, 22, 13, 21], [14, 9, 15, 10], [10, 5, 11, 6], [6, 13, 7, 14], [8, 2, 9, 1], [22, 8, 1, 7], [20, 12, 21, 11], [18, 16, 19, 15]]"
11a_99_153,"[[18, 16, 19, 15], [4, 20, 5, 19], [2, 17, 3, 18], [16, 3, 17, 4], [12, 22, 13, 21], [14, 9, 15, 10], [10, 5, 11, 6], [6, 13, 7, 14], [8, 2, 9, 1], [22, 8, 1, 7], [20, 12, 21, 11]]"
11a_99_154,"[[21, 13, 22, 12], [19, 17, 20, 16], [5, 21, 6, 20], [3, 18, 4, 19], [17, 4, 18, 5], [13, 1, 14, 22], [15, 10, 16, 11], [11, 6, 12, 7], [7, 14, 8, 15], [9, 3, 10, 2], [1, 9, 2, 8]]"
11a_99_155,"[[1, 9, 2, 8], [21, 13, 22, 12], [19, 17, 20, 16], [5, 21, 6, 20], [3, 18, 4, 19], [17, 4, 18, 5], [13, 1, 14, 22], [15, 10, 16, 11], [11, 6, 12, 7], [7, 14, 8, 15], [9, 3, 10, 2]]"
11a_99_156,"[[9, 3, 10, 2], [1, 9, 2, 8], [21, 13, 22, 12], [19, 17, 20, 16], [5, 21, 6, 20], [3, 18, 4, 19], [17, 4, 18, 5], [13, 1, 14, 22], [15, 10, 16, 11], [11, 6, 12, 7], [7, 14, 8, 15]]"
11a_99_157,"[[7, 14, 8, 15], [9, 3, 10, 2], [1, 9, 2, 8], [21, 13, 22, 12], [19, 17, 20, 16], [5, 21, 6, 20], [3, 18, 4, 19], [17, 4, 18, 5], [13, 1, 14, 22], [15, 10, 16, 11], [11, 6, 12, 7]]"
11a_99_158,"[[11, 6, 12, 7], [7, 14, 8, 15], [9, 3, 10, 2], [1, 9, 2, 8], [21, 13, 22, 12], [19, 17, 20, 16], [5, 21, 6, 20], [3, 18, 4, 19], [17, 4, 18, 5], [13, 1, 14, 22], [15, 10, 16, 11]]"
11a_99_159,"[[15, 10, 16, 11], [11, 6, 12, 7], [7, 14, 8, 15], [9, 3, 10, 2], [1, 9, 2, 8], [21, 13, 22, 12], [19, 17, 20, 16], [5, 21, 6, 20], [3, 18, 4, 19], [17, 4, 18, 5], [13, 1, 14, 22]]"
11a_99_160,"[[13, 1, 14, 22], [15, 10, 16, 11], [11, 6, 12, 7], [7, 14, 8, 15], [9, 3, 10, 2], [1, 9, 2, 8], [21, 13, 22, 12], [19, 17, 20, 16], [5, 21, 6, 20], [3, 18, 4, 19], [17, 4, 18, 5]]"
11a_99_161,"[[17, 4, 18, 5], [13, 1, 14, 22], [15, 10, 16, 11], [11, 6, 12, 7], [7, 14, 8, 15], [9, 3, 10, 2], [1, 9, 2, 8], [21, 13, 22, 12], [19, 17, 20, 16], [5, 21, 6, 20], [3, 18, 4, 19]]"
11a_99_162,"[[3, 18, 4, 19], [17, 4, 18, 5], [13, 1, 14, 22], [15, 10, 16, 11], [11, 6, 12, 7], [7, 14, 8, 15], [9, 3, 10, 2], [1, 9, 2, 8], [21, 13, 22, 12], [19, 17, 20, 16], [5, 21, 6, 20]]"
11a_99_163,"[[5, 21, 6, 20], [3, 18, 4, 19], [17, 4, 18, 5], [13, 1, 14, 22], [15, 10, 16, 11], [11, 6, 12, 7], [7, 14, 8, 15], [9, 3, 10, 2], [1, 9, 2, 8], [21, 13, 22, 12], [19, 17, 20, 16]]"
11a_99_164,"[[19, 17, 20, 16], [5, 21, 6, 20], [3, 18, 4, 19], [17, 4, 18, 5], [13, 1, 14, 22], [15, 10, 16, 11], [11, 6, 12, 7], [7, 14, 8, 15], [9, 3, 10, 2], [1, 9, 2, 8], [21, 13, 22, 12]]"
11a_99_165,"[[22, 14, 1, 13], [20, 18, 21, 17], [6, 22, 7, 21], [4, 19, 5, 20], [18, 5, 19, 6], [14, 2, 15, 1], [16, 11, 17, 12], [12, 7, 13, 8], [8, 15, 9, 16], [10, 4, 11, 3], [2, 10, 3, 9]]"
11a_99_166,"[[2, 10, 3, 9], [22, 14, 1, 13], [20, 18, 21, 17], [6, 22, 7, 21], [4, 19, 5, 20], [18, 5, 19, 6], [14, 2, 15, 1], [16, 11, 17, 12], [12, 7, 13, 8], [8, 15, 9, 16], [10, 4, 11, 3]]"
11a_99_167,"[[10, 4, 11, 3], [2, 10, 3, 9], [22, 14, 1, 13], [20, 18, 21, 17], [6, 22, 7, 21], [4, 19, 5, 20], [18, 5, 19, 6], [14, 2, 15, 1], [16, 11, 17, 12], [12, 7, 13, 8], [8, 15, 9, 16]]"
11a_99_168,"[[8, 15, 9, 16], [10, 4, 11, 3], [2, 10, 3, 9], [22, 14, 1, 13], [20, 18, 21, 17], [6, 22, 7, 21], [4, 19, 5, 20], [18, 5, 19, 6], [14, 2, 15, 1], [16, 11, 17, 12], [12, 7, 13, 8]]"
11a_99_169,"[[12, 7, 13, 8], [8, 15, 9, 16], [10, 4, 11, 3], [2, 10, 3, 9], [22, 14, 1, 13], [20, 18, 21, 17], [6, 22, 7, 21], [4, 19, 5, 20], [18, 5, 19, 6], [14, 2, 15, 1], [16, 11, 17, 12]]"
11a_99_170,"[[16, 11, 17, 12], [12, 7, 13, 8], [8, 15, 9, 16], [10, 4, 11, 3], [2, 10, 3, 9], [22, 14, 1, 13], [20, 18, 21, 17], [6, 22, 7, 21], [4, 19, 5, 20], [18, 5, 19, 6], [14, 2, 15, 1]]"
11a_99_171,"[[14, 2, 15, 1], [16, 11, 17, 12], [12, 7, 13, 8], [8, 15, 9, 16], [10, 4, 11, 3], [2, 10, 3, 9], [22, 14, 1, 13], [20, 18, 21, 17], [6, 22, 7, 21], [4, 19, 5, 20], [18, 5, 19, 6]]"
11a_99_172,"[[18, 5, 19, 6], [14, 2, 15, 1], [16, 11, 17, 12], [12, 7, 13, 8], [8, 15, 9, 16], [10, 4, 11, 3], [2, 10, 3, 9], [22, 14, 1, 13], [20, 18, 21, 17], [6, 22, 7, 21], [4, 19, 5, 20]]"
11a_99_173,"[[4, 19, 5, 20], [18, 5, 19, 6], [14, 2, 15, 1], [16, 11, 17, 12], [12, 7, 13, 8], [8, 15, 9, 16], [10, 4, 11, 3], [2, 10, 3, 9], [22, 14, 1, 13], [20, 18, 21, 17], [6, 22, 7, 21]]"
11a_99_174,"[[6, 22, 7, 21], [4, 19, 5, 20], [18, 5, 19, 6], [14, 2, 15, 1], [16, 11, 17, 12], [12, 7, 13, 8], [8, 15, 9, 16], [10, 4, 11, 3], [2, 10, 3, 9], [22, 14, 1, 13], [20, 18, 21, 17]]"
11a_99_175,"[[20, 18, 21, 17], [6, 22, 7, 21], [4, 19, 5, 20], [18, 5, 19, 6], [14, 2, 15, 1], [16, 11, 17, 12], [12, 7, 13, 8], [8, 15, 9, 16], [10, 4, 11, 3], [2, 10, 3, 9], [22, 14, 1, 13]]"
11a_99_176,"[[1, 15, 2, 14], [21, 19, 22, 18], [7, 1, 8, 22], [5, 20, 6, 21], [19, 6, 20, 7], [15, 3, 16, 2], [17, 12, 18, 13], [13, 8, 14, 9], [9, 16, 10, 17], [11, 5, 12, 4], [3, 11, 4, 10]]"
11a_99_177,"[[3, 11, 4, 10], [1, 15, 2, 14], [21, 19, 22, 18], [7, 1, 8, 22], [5, 20, 6, 21], [19, 6, 20, 7], [15, 3, 16, 2], [17, 12, 18, 13], [13, 8, 14, 9], [9, 16, 10, 17], [11, 5, 12, 4]]"
11a_99_178,"[[11, 5, 12, 4], [3, 11, 4, 10], [1, 15, 2, 14], [21, 19, 22, 18], [7, 1, 8, 22], [5, 20, 6, 21], [19, 6, 20, 7], [15, 3, 16, 2], [17, 12, 18, 13], [13, 8, 14, 9], [9, 16, 10, 17]]"
11a_99_179,"[[9, 16, 10, 17], [11, 5, 12, 4], [3, 11, 4, 10], [1, 15, 2, 14], [21, 19, 22, 18], [7, 1, 8, 22], [5, 20, 6, 21], [19, 6, 20, 7], [15, 3, 16, 2], [17, 12, 18, 13], [13, 8, 14, 9]]"
11a_99_180,"[[13, 8, 14, 9], [9, 16, 10, 17], [11, 5, 12, 4], [3, 11, 4, 10], [1, 15, 2, 14], [21, 19, 22, 18], [7, 1, 8, 22], [5, 20, 6, 21], [19, 6, 20, 7], [15, 3, 16, 2], [17, 12, 18, 13]]"
11a_99_181,"[[17, 12, 18, 13], [13, 8, 14, 9], [9, 16, 10, 17], [11, 5, 12, 4], [3, 11, 4, 10], [1, 15, 2, 14], [21, 19, 22, 18], [7, 1, 8, 22], [5, 20, 6, 21], [19, 6, 20, 7], [15, 3, 16, 2]]"
11a_99_182,"[[15, 3, 16, 2], [17, 12, 18, 13], [13, 8, 14, 9], [9, 16, 10, 17], [11, 5, 12, 4], [3, 11, 4, 10], [1, 15, 2, 14], [21, 19, 22, 18], [7, 1, 8, 22], [5, 20, 6, 21], [19, 6, 20, 7]]"
11a_99_183,"[[19, 6, 20, 7], [15, 3, 16, 2], [17, 12, 18, 13], [13, 8, 14, 9], [9, 16, 10, 17], [11, 5, 12, 4], [3, 11, 4, 10], [1, 15, 2, 14], [21, 19, 22, 18], [7, 1, 8, 22], [5, 20, 6, 21]]"
11a_99_184,"[[5, 20, 6, 21], [19, 6, 20, 7], [15, 3, 16, 2], [17, 12, 18, 13], [13, 8, 14, 9], [9, 16, 10, 17], [11, 5, 12, 4], [3, 11, 4, 10], [1, 15, 2, 14], [21, 19, 22, 18], [7, 1, 8, 22]]"
11a_99_185,"[[7, 1, 8, 22], [5, 20, 6, 21], [19, 6, 20, 7], [15, 3, 16, 2], [17, 12, 18, 13], [13, 8, 14, 9], [9, 16, 10, 17], [11, 5, 12, 4], [3, 11, 4, 10], [1, 15, 2, 14], [21, 19, 22, 18]]"
11a_99_186,"[[21, 19, 22, 18], [7, 1, 8, 22], [5, 20, 6, 21], [19, 6, 20, 7], [15, 3, 16, 2], [17, 12, 18, 13], [13, 8, 14, 9], [9, 16, 10, 17], [11, 5, 12, 4], [3, 11, 4, 10], [1, 15, 2, 14]]"
11a_99_187,"[[2, 16, 3, 15], [22, 20, 1, 19], [8, 2, 9, 1], [6, 21, 7, 22], [20, 7, 21, 8], [16, 4, 17, 3], [18, 13, 19, 14], [14, 9, 15, 10], [10, 17, 11, 18], [12, 6, 13, 5], [4, 12, 5, 11]]"
11a_99_188,"[[4, 12, 5, 11], [2, 16, 3, 15], [22, 20, 1, 19], [8, 2, 9, 1], [6, 21, 7, 22], [20, 7, 21, 8], [16, 4, 17, 3], [18, 13, 19, 14], [14, 9, 15, 10], [10, 17, 11, 18], [12, 6, 13, 5]]"
11a_99_189,"[[12, 6, 13, 5], [4, 12, 5, 11], [2, 16, 3, 15], [22, 20, 1, 19], [8, 2, 9, 1], [6, 21, 7, 22], [20, 7, 21, 8], [16, 4, 17, 3], [18, 13, 19, 14], [14, 9, 15, 10], [10, 17, 11, 18]]"
11a_99_190,"[[10, 17, 11, 18], [12, 6, 13, 5], [4, 12, 5, 11], [2, 16, 3, 15], [22, 20, 1, 19], [8, 2, 9, 1], [6, 21, 7, 22], [20, 7, 21, 8], [16, 4, 17, 3], [18, 13, 19, 14], [14, 9, 15, 10]]"
11a_99_191,"[[14, 9, 15, 10], [10, 17, 11, 18], [12, 6, 13, 5], [4, 12, 5, 11], [2, 16, 3, 15], [22, 20, 1, 19], [8, 2, 9, 1], [6, 21, 7, 22], [20, 7, 21, 8], [16, 4, 17, 3], [18, 13, 19, 14]]"
11a_99_192,"[[18, 13, 19, 14], [14, 9, 15, 10], [10, 17, 11, 18], [12, 6, 13, 5], [4, 12, 5, 11], [2, 16, 3, 15], [22, 20, 1, 19], [8, 2, 9, 1], [6, 21, 7, 22], [20, 7, 21, 8], [16, 4, 17, 3]]"
11a_99_193,"[[16, 4, 17, 3], [18, 13, 19, 14], [14, 9, 15, 10], [10, 17, 11, 18], [12, 6, 13, 5], [4, 12, 5, 11], [2, 16, 3, 15], [22, 20, 1, 19], [8, 2, 9, 1], [6, 21, 7, 22], [20, 7, 21, 8]]"
11a_99_194,"[[20, 7, 21, 8], [16, 4, 17, 3], [18, 13, 19, 14], [14, 9, 15, 10], [10, 17, 11, 18], [12, 6, 13, 5], [4, 12, 5, 11], [2, 16, 3, 15], [22, 20, 1, 19], [8, 2, 9, 1], [6, 21, 7, 22]]"
11a_99_195,"[[6, 21, 7, 22], [20, 7, 21, 8], [16, 4, 17, 3], [18, 13, 19, 14], [14, 9, 15, 10], [10, 17, 11, 18], [12, 6, 13, 5], [4, 12, 5, 11], [2, 16, 3, 15], [22, 20, 1, 19], [8, 2, 9, 1]]"
11a_99_196,"[[8, 2, 9, 1], [6, 21, 7, 22], [20, 7, 21, 8], [16, 4, 17, 3], [18, 13, 19, 14], [14, 9, 15, 10], [10, 17, 11, 18], [12, 6, 13, 5], [4, 12, 5, 11], [2, 16, 3, 15], [22, 20, 1, 19]]"
11a_99_197,"[[22, 20, 1, 19], [8, 2, 9, 1], [6, 21, 7, 22], [20, 7, 21, 8], [16, 4, 17, 3], [18, 13, 19, 14], [14, 9, 15, 10], [10, 17, 11, 18], [12, 6, 13, 5], [4, 12, 5, 11], [2, 16, 3, 15]]"
11a_99_198,"[[3, 17, 4, 16], [1, 21, 2, 20], [9, 3, 10, 2], [7, 22, 8, 1], [21, 8, 22, 9], [17, 5, 18, 4], [19, 14, 20, 15], [15, 10, 16, 11], [11, 18, 12, 19], [13, 7, 14, 6], [5, 13, 6, 12]]"
11a_99_199,"[[5, 13, 6, 12], [3, 17, 4, 16], [1, 21, 2, 20], [9, 3, 10, 2], [7, 22, 8, 1], [21, 8, 22, 9], [17, 5, 18, 4], [19, 14, 20, 15], [15, 10, 16, 11], [11, 18, 12, 19], [13, 7, 14, 6]]"
11a_99_200,"[[13, 7, 14, 6], [5, 13, 6, 12], [3, 17, 4, 16], [1, 21, 2, 20], [9, 3, 10, 2], [7, 22, 8, 1], [21, 8, 22, 9], [17, 5, 18, 4], [19, 14, 20, 15], [15, 10, 16, 11], [11, 18, 12, 19]]"
11a_99_201,"[[11, 18, 12, 19], [13, 7, 14, 6], [5, 13, 6, 12], [3, 17, 4, 16], [1, 21, 2, 20], [9, 3, 10, 2], [7, 22, 8, 1], [21, 8, 22, 9], [17, 5, 18, 4], [19, 14, 20, 15], [15, 10, 16, 11]]"
11a_99_202,"[[15, 10, 16, 11], [11, 18, 12, 19], [13, 7, 14, 6], [5, 13, 6, 12], [3, 17, 4, 16], [1, 21, 2, 20], [9, 3, 10, 2], [7, 22, 8, 1], [21, 8, 22, 9], [17, 5, 18, 4], [19, 14, 20, 15]]"
11a_99_203,"[[19, 14, 20, 15], [15, 10, 16, 11], [11, 18, 12, 19], [13, 7, 14, 6], [5, 13, 6, 12], [3, 17, 4, 16], [1, 21, 2, 20], [9, 3, 10, 2], [7, 22, 8, 1], [21, 8, 22, 9], [17, 5, 18, 4]]"
11a_99_204,"[[17, 5, 18, 4], [19, 14, 20, 15], [15, 10, 16, 11], [11, 18, 12, 19], [13, 7, 14, 6], [5, 13, 6, 12], [3, 17, 4, 16], [1, 21, 2, 20], [9, 3, 10, 2], [7, 22, 8, 1], [21, 8, 22, 9]]"
