name,pd_notation
11a_20_0,"[[3, 9, 4, 8], [5, 3, 6, 2], [9, 5, 10, 4], [13, 7, 14, 6], [19, 10, 20, 11], [21, 15, 22, 14], [1, 17, 2, 16], [15, 1, 16, 22], [17, 21, 18, 20], [11, 18, 12, 19], [7, 13, 8, 12]]"
11a_20_1,"[[7, 13, 8, 12], [3, 9, 4, 8], [5, 3, 6, 2], [9, 5, 10, 4], [13, 7, 14, 6], [19, 10, 20, 11], [21, 15, 22, 14], [1, 17, 2, 16], [15, 1, 16, 22], [17, 21, 18, 20], [11, 18, 12, 19]]"
11a_20_2,"[[11, 18, 12, 19], [7, 13, 8, 12], [3, 9, 4, 8], [5, 3, 6, 2], [9, 5, 10, 4], [13, 7, 14, 6], [19, 10, 20, 11], [21, 15, 22, 14], [1, 17, 2, 16], [15, 1, 16, 22], [17, 21, 18, 20]]"
11a_20_3,"[[17, 21, 18, 20], [11, 18, 12, 19], [7, 13, 8, 12], [3, 9, 4, 8], [5, 3, 6, 2], [9, 5, 10, 4], [13, 7, 14, 6], [19, 10, 20, 11], [21, 15, 22, 14], [1, 17, 2, 16], [15, 1, 16, 22]]"
11a_20_4,"[[15, 1, 16, 22], [17, 21, 18, 20], [11, 18, 12, 19], [7, 13, 8, 12], [3, 9, 4, 8], [5, 3, 6, 2], [9, 5, 10, 4], [13, 7, 14, 6], [19, 10, 20, 11], [21, 15, 22, 14], [1, 17, 2, 16]]"
11a_20_5,"[[1, 17, 2, 16], [15, 1, 16, 22], [17, 21, 18, 20], [11, 18, 12, 19], [7, 13, 8, 12], [3, 9, 4, 8], [5, 3, 6, 2], [9, 5, 10, 4], [13, 7, 14, 6], [19, 10, 20, 11], [21, 15, 22, 14]]"
11a_20_6,"[[21, 15, 22, 14], [1, 17, 2, 16], [15, 1, 16, 22], [17, 21, 18, 20], [11, 18, 12, 19], [7, 13, 8, 12], [3, 9, 4, 8], [5, 3, 6, 2], [9, 5, 10, 4], [13, 7, 14, 6], [19, 10, 20, 11]]"
11a_20_7,"[[19, 10, 20, 11], [21, 15, 22, 14], [1, 17, 2, 16], [15, 1, 16, 22], [17, 21, 18, 20], [11, 18, 12, 19], [7, 13, 8, 12], [3, 9, 4, 8], [5, 3, 6, 2], [9, 5, 10, 4], [13, 7, 14, 6]]"
11a_20_8,"[[13, 7, 14, 6], [19, 10, 20, 11], [21, 15, 22, 14], [1, 17, 2, 16], [15, 1, 16, 22], [17, 21, 18, 20], [11, 18, 12, 19], [7, 13, 8, 12], [3, 9, 4, 8], [5, 3, 6, 2], [9, 5, 10, 4]]"
11a_20_9,"[[9, 5, 10, 4], [13, 7, 14, 6], [19, 10, 20, 11], [21, 15, 22, 14], [1, 17, 2, 16], [15, 1, 16, 22], [17, 21, 18, 20], [11, 18, 12, 19], [7, 13, 8, 12], [3, 9, 4, 8], [5, 3, 6, 2]]"
11a_20_10,"[[5, 3, 6, 2], [9, 5, 10, 4], [13, 7, 14, 6], [19, 10, 20, 11], [21, 15, 22, 14], [1, 17, 2, 16], [15, 1, 16, 22], [17, 21, 18, 20], [11, 18, 12, 19], [7, 13, 8, 12], [3, 9, 4, 8]]"
11a_20_11,"[[4, 10, 5, 9], [6, 4, 7, 3], [10, 6, 11, 5], [14, 8, 15, 7], [20, 11, 21, 12], [22, 16, 1, 15], [2, 18, 3, 17], [16, 2, 17, 1], [18, 22, 19, 21], [12, 19, 13, 20], [8, 14, 9, 13]]"
11a_20_12,"[[8, 14, 9, 13], [4, 10, 5, 9], [6, 4, 7, 3], [10, 6, 11, 5], [14, 8, 15, 7], [20, 11, 21, 12], [22, 16, 1, 15], [2, 18, 3, 17], [16, 2, 17, 1], [18, 22, 19, 21], [12, 19, 13, 20]]"
11a_20_13,"[[12, 19, 13, 20], [8, 14, 9, 13], [4, 10, 5, 9], [6, 4, 7, 3], [10, 6, 11, 5], [14, 8, 15, 7], [20, 11, 21, 12], [22, 16, 1, 15], [2, 18, 3, 17], [16, 2, 17, 1], [18, 22, 19, 21]]"
11a_20_14,"[[18, 22, 19, 21], [12, 19, 13, 20], [8, 14, 9, 13], [4, 10, 5, 9], [6, 4, 7, 3], [10, 6, 11, 5], [14, 8, 15, 7], [20, 11, 21, 12], [22, 16, 1, 15], [2, 18, 3, 17], [16, 2, 17, 1]]"
11a_20_15,"[[16, 2, 17, 1], [18, 22, 19, 21], [12, 19, 13, 20], [8, 14, 9, 13], [4, 10, 5, 9], [6, 4, 7, 3], [10, 6, 11, 5], [14, 8, 15, 7], [20, 11, 21, 12], [22, 16, 1, 15], [2, 18, 3, 17]]"
11a_20_16,"[[2, 18, 3, 17], [16, 2, 17, 1], [18, 22, 19, 21], [12, 19, 13, 20], [8, 14, 9, 13], [4, 10, 5, 9], [6, 4, 7, 3], [10, 6, 11, 5], [14, 8, 15, 7], [20, 11, 21, 12], [22, 16, 1, 15]]"
11a_20_17,"[[22, 16, 1, 15], [2, 18, 3, 17], [16, 2, 17, 1], [18, 22, 19, 21], [12, 19, 13, 20], [8, 14, 9, 13], [4, 10, 5, 9], [6, 4, 7, 3], [10, 6, 11, 5], [14, 8, 15, 7], [20, 11, 21, 12]]"
11a_20_18,"[[20, 11, 21, 12], [22, 16, 1, 15], [2, 18, 3, 17], [16, 2, 17, 1], [18, 22, 19, 21], [12, 19, 13, 20], [8, 14, 9, 13], [4, 10, 5, 9], [6, 4, 7, 3], [10, 6, 11, 5], [14, 8, 15, 7]]"
11a_20_19,"[[14, 8, 15, 7], [20, 11, 21, 12], [22, 16, 1, 15], [2, 18, 3, 17], [16, 2, 17, 1], [18, 22, 19, 21], [12, 19, 13, 20], [8, 14, 9, 13], [4, 10, 5, 9], [6, 4, 7, 3], [10, 6, 11, 5]]"
11a_20_20,"[[10, 6, 11, 5], [14, 8, 15, 7], [20, 11, 21, 12], [22, 16, 1, 15], [2, 18, 3, 17], [16, 2, 17, 1], [18, 22, 19, 21], [12, 19, 13, 20], [8, 14, 9, 13], [4, 10, 5, 9], [6, 4, 7, 3]]"
11a_20_21,"[[6, 4, 7, 3], [10, 6, 11, 5], [14, 8, 15, 7], [20, 11, 21, 12], [22, 16, 1, 15], [2, 18, 3, 17], [16, 2, 17, 1], [18, 22, 19, 21], [12, 19, 13, 20], [8, 14, 9, 13], [4, 10, 5, 9]]"
11a_20_22,"[[5, 11, 6, 10], [7, 5, 8, 4], [11, 7, 12, 6], [15, 9, 16, 8], [21, 12, 22, 13], [1, 17, 2, 16], [3, 19, 4, 18], [17, 3, 18, 2], [19, 1, 20, 22], [13, 20, 14, 21], [9, 15, 10, 14]]"
11a_20_23,"[[9, 15, 10, 14], [5, 11, 6, 10], [7, 5, 8, 4], [11, 7, 12, 6], [15, 9, 16, 8], [21, 12, 22, 13], [1, 17, 2, 16], [3, 19, 4, 18], [17, 3, 18, 2], [19, 1, 20, 22], [13, 20, 14, 21]]"
11a_20_24,"[[13, 20, 14, 21], [9, 15, 10, 14], [5, 11, 6, 10], [7, 5, 8, 4], [11, 7, 12, 6], [15, 9, 16, 8], [21, 12, 22, 13], [1, 17, 2, 16], [3, 19, 4, 18], [17, 3, 18, 2], [19, 1, 20, 22]]"
11a_20_25,"[[19, 1, 20, 22], [13, 20, 14, 21], [9, 15, 10, 14], [5, 11, 6, 10], [7, 5, 8, 4], [11, 7, 12, 6], [15, 9, 16, 8], [21, 12, 22, 13], [1, 17, 2, 16], [3, 19, 4, 18], [17, 3, 18, 2]]"
11a_20_26,"[[17, 3, 18, 2], [19, 1, 20, 22], [13, 20, 14, 21], [9, 15, 10, 14], [5, 11, 6, 10], [7, 5, 8, 4], [11, 7, 12, 6], [15, 9, 16, 8], [21, 12, 22, 13], [1, 17, 2, 16], [3, 19, 4, 18]]"
11a_20_27,"[[3, 19, 4, 18], [17, 3, 18, 2], [19, 1, 20, 22], [13, 20, 14, 21], [9, 15, 10, 14], [5, 11, 6, 10], [7, 5, 8, 4], [11, 7, 12, 6], [15, 9, 16, 8], [21, 12, 22, 13], [1, 17, 2, 16]]"
11a_20_28,"[[1, 17, 2, 16], [3, 19, 4, 18], [17, 3, 18, 2], [19, 1, 20, 22], [13, 20, 14, 21], [9, 15, 10, 14], [5, 11, 6, 10], [7, 5, 8, 4], [11, 7, 12, 6], [15, 9, 16, 8], [21, 12, 22, 13]]"
11a_20_29,"[[21, 12, 22, 13], [1, 17, 2, 16], [3, 19, 4, 18], [17, 3, 18, 2], [19, 1, 20, 22], [13, 20, 14, 21], [9, 15, 10, 14], [5, 11, 6, 10], [7, 5, 8, 4], [11, 7, 12, 6], [15, 9, 16, 8]]"
11a_20_30,"[[15, 9, 16, 8], [21, 12, 22, 13], [1, 17, 2, 16], [3, 19, 4, 18], [17, 3, 18, 2], [19, 1, 20, 22], [13, 20, 14, 21], [9, 15, 10, 14], [5, 11, 6, 10], [7, 5, 8, 4], [11, 7, 12, 6]]"
11a_20_31,"[[11, 7, 12, 6], [15, 9, 16, 8], [21, 12, 22, 13], [1, 17, 2, 16], [3, 19, 4, 18], [17, 3, 18, 2], [19, 1, 20, 22], [13, 20, 14, 21], [9, 15, 10, 14], [5, 11, 6, 10], [7, 5, 8, 4]]"
11a_20_32,"[[7, 5, 8, 4], [11, 7, 12, 6], [15, 9, 16, 8], [21, 12, 22, 13], [1, 17, 2, 16], [3, 19, 4, 18], [17, 3, 18, 2], [19, 1, 20, 22], [13, 20, 14, 21], [9, 15, 10, 14], [5, 11, 6, 10]]"
11a_20_33,"[[6, 12, 7, 11], [8, 6, 9, 5], [12, 8, 13, 7], [16, 10, 17, 9], [22, 13, 1, 14], [2, 18, 3, 17], [4, 20, 5, 19], [18, 4, 19, 3], [20, 2, 21, 1], [14, 21, 15, 22], [10, 16, 11, 15]]"
11a_20_34,"[[10, 16, 11, 15], [6, 12, 7, 11], [8, 6, 9, 5], [12, 8, 13, 7], [16, 10, 17, 9], [22, 13, 1, 14], [2, 18, 3, 17], [4, 20, 5, 19], [18, 4, 19, 3], [20, 2, 21, 1], [14, 21, 15, 22]]"
11a_20_35,"[[14, 21, 15, 22], [10, 16, 11, 15], [6, 12, 7, 11], [8, 6, 9, 5], [12, 8, 13, 7], [16, 10, 17, 9], [22, 13, 1, 14], [2, 18, 3, 17], [4, 20, 5, 19], [18, 4, 19, 3], [20, 2, 21, 1]]"
11a_20_36,"[[20, 2, 21, 1], [14, 21, 15, 22], [10, 16, 11, 15], [6, 12, 7, 11], [8, 6, 9, 5], [12, 8, 13, 7], [16, 10, 17, 9], [22, 13, 1, 14], [2, 18, 3, 17], [4, 20, 5, 19], [18, 4, 19, 3]]"
11a_20_37,"[[18, 4, 19, 3], [20, 2, 21, 1], [14, 21, 15, 22], [10, 16, 11, 15], [6, 12, 7, 11], [8, 6, 9, 5], [12, 8, 13, 7], [16, 10, 17, 9], [22, 13, 1, 14], [2, 18, 3, 17], [4, 20, 5, 19]]"
11a_20_38,"[[4, 20, 5, 19], [18, 4, 19, 3], [20, 2, 21, 1], [14, 21, 15, 22], [10, 16, 11, 15], [6, 12, 7, 11], [8, 6, 9, 5], [12, 8, 13, 7], [16, 10, 17, 9], [22, 13, 1, 14], [2, 18, 3, 17]]"
11a_20_39,"[[2, 18, 3, 17], [4, 20, 5, 19], [18, 4, 19, 3], [20, 2, 21, 1], [14, 21, 15, 22], [10, 16, 11, 15], [6, 12, 7, 11], [8, 6, 9, 5], [12, 8, 13, 7], [16, 10, 17, 9], [22, 13, 1, 14]]"
11a_20_40,"[[22, 13, 1, 14], [2, 18, 3, 17], [4, 20, 5, 19], [18, 4, 19, 3], [20, 2, 21, 1], [14, 21, 15, 22], [10, 16, 11, 15], [6, 12, 7, 11], [8, 6, 9, 5], [12, 8, 13, 7], [16, 10, 17, 9]]"
11a_20_41,"[[16, 10, 17, 9], [22, 13, 1, 14], [2, 18, 3, 17], [4, 20, 5, 19], [18, 4, 19, 3], [20, 2, 21, 1], [14, 21, 15, 22], [10, 16, 11, 15], [6, 12, 7, 11], [8, 6, 9, 5], [12, 8, 13, 7]]"
11a_20_42,"[[12, 8, 13, 7], [16, 10, 17, 9], [22, 13, 1, 14], [2, 18, 3, 17], [4, 20, 5, 19], [18, 4, 19, 3], [20, 2, 21, 1], [14, 21, 15, 22], [10, 16, 11, 15], [6, 12, 7, 11], [8, 6, 9, 5]]"
11a_20_43,"[[8, 6, 9, 5], [12, 8, 13, 7], [16, 10, 17, 9], [22, 13, 1, 14], [2, 18, 3, 17], [4, 20, 5, 19], [18, 4, 19, 3], [20, 2, 21, 1], [14, 21, 15, 22], [10, 16, 11, 15], [6, 12, 7, 11]]"
11a_20_44,"[[7, 13, 8, 12], [9, 7, 10, 6], [13, 9, 14, 8], [17, 11, 18, 10], [1, 14, 2, 15], [3, 19, 4, 18], [5, 21, 6, 20], [19, 5, 20, 4], [21, 3, 22, 2], [15, 22, 16, 1], [11, 17, 12, 16]]"
11a_20_45,"[[11, 17, 12, 16], [7, 13, 8, 12], [9, 7, 10, 6], [13, 9, 14, 8], [17, 11, 18, 10], [1, 14, 2, 15], [3, 19, 4, 18], [5, 21, 6, 20], [19, 5, 20, 4], [21, 3, 22, 2], [15, 22, 16, 1]]"
11a_20_46,"[[15, 22, 16, 1], [11, 17, 12, 16], [7, 13, 8, 12], [9, 7, 10, 6], [13, 9, 14, 8], [17, 11, 18, 10], [1, 14, 2, 15], [3, 19, 4, 18], [5, 21, 6, 20], [19, 5, 20, 4], [21, 3, 22, 2]]"
11a_20_47,"[[21, 3, 22, 2], [15, 22, 16, 1], [11, 17, 12, 16], [7, 13, 8, 12], [9, 7, 10, 6], [13, 9, 14, 8], [17, 11, 18, 10], [1, 14, 2, 15], [3, 19, 4, 18], [5, 21, 6, 20], [19, 5, 20, 4]]"
11a_20_48,"[[19, 5, 20, 4], [21, 3, 22, 2], [15, 22, 16, 1], [11, 17, 12, 16], [7, 13, 8, 12], [9, 7, 10, 6], [13, 9, 14, 8], [17, 11, 18, 10], [1, 14, 2, 15], [3, 19, 4, 18], [5, 21, 6, 20]]"
11a_20_49,"[[5, 21, 6, 20], [19, 5, 20, 4], [21, 3, 22, 2], [15, 22, 16, 1], [11, 17, 12, 16], [7, 13, 8, 12], [9, 7, 10, 6], [13, 9, 14, 8], [17, 11, 18, 10], [1, 14, 2, 15], [3, 19, 4, 18]]"
11a_20_50,"[[3, 19, 4, 18], [5, 21, 6, 20], [19, 5, 20, 4], [21, 3, 22, 2], [15, 22, 16, 1], [11, 17, 12, 16], [7, 13, 8, 12], [9, 7, 10, 6], [13, 9, 14, 8], [17, 11, 18, 10], [1, 14, 2, 15]]"
11a_20_51,"[[1, 14, 2, 15], [3, 19, 4, 18], [5, 21, 6, 20], [19, 5, 20, 4], [21, 3, 22, 2], [15, 22, 16, 1], [11, 17, 12, 16], [7, 13, 8, 12], [9, 7, 10, 6], [13, 9, 14, 8], [17, 11, 18, 10]]"
11a_20_52,"[[17, 11, 18, 10], [1, 14, 2, 15], [3, 19, 4, 18], [5, 21, 6, 20], [19, 5, 20, 4], [21, 3, 22, 2], [15, 22, 16, 1], [11, 17, 12, 16], [7, 13, 8, 12], [9, 7, 10, 6], [13, 9, 14, 8]]"
11a_20_53,"[[13, 9, 14, 8], [17, 11, 18, 10], [1, 14, 2, 15], [3, 19, 4, 18], [5, 21, 6, 20], [19, 5, 20, 4], [21, 3, 22, 2], [15, 22, 16, 1], [11, 17, 12, 16], [7, 13, 8, 12], [9, 7, 10, 6]]"
11a_20_54,"[[9, 7, 10, 6], [13, 9, 14, 8], [17, 11, 18, 10], [1, 14, 2, 15], [3, 19, 4, 18], [5, 21, 6, 20], [19, 5, 20, 4], [21, 3, 22, 2], [15, 22, 16, 1], [11, 17, 12, 16], [7, 13, 8, 12]]"
11a_20_55,"[[8, 14, 9, 13], [10, 8, 11, 7], [14, 10, 15, 9], [18, 12, 19, 11], [2, 15, 3, 16], [4, 20, 5, 19], [6, 22, 7, 21], [20, 6, 21, 5], [22, 4, 1, 3], [16, 1, 17, 2], [12, 18, 13, 17]]"
11a_20_56,"[[12, 18, 13, 17], [8, 14, 9, 13], [10, 8, 11, 7], [14, 10, 15, 9], [18, 12, 19, 11], [2, 15, 3, 16], [4, 20, 5, 19], [6, 22, 7, 21], [20, 6, 21, 5], [22, 4, 1, 3], [16, 1, 17, 2]]"
11a_20_57,"[[16, 1, 17, 2], [12, 18, 13, 17], [8, 14, 9, 13], [10, 8, 11, 7], [14, 10, 15, 9], [18, 12, 19, 11], [2, 15, 3, 16], [4, 20, 5, 19], [6, 22, 7, 21], [20, 6, 21, 5], [22, 4, 1, 3]]"
11a_20_58,"[[22, 4, 1, 3], [16, 1, 17, 2], [12, 18, 13, 17], [8, 14, 9, 13], [10, 8, 11, 7], [14, 10, 15, 9], [18, 12, 19, 11], [2, 15, 3, 16], [4, 20, 5, 19], [6, 22, 7, 21], [20, 6, 21, 5]]"
11a_20_59,"[[20, 6, 21, 5], [22, 4, 1, 3], [16, 1, 17, 2], [12, 18, 13, 17], [8, 14, 9, 13], [10, 8, 11, 7], [14, 10, 15, 9], [18, 12, 19, 11], [2, 15, 3, 16], [4, 20, 5, 19], [6, 22, 7, 21]]"
11a_20_60,"[[6, 22, 7, 21], [20, 6, 21, 5], [22, 4, 1, 3], [16, 1, 17, 2], [12, 18, 13, 17], [8, 14, 9, 13], [10, 8, 11, 7], [14, 10, 15, 9], [18, 12, 19, 11], [2, 15, 3, 16], [4, 20, 5, 19]]"
11a_20_61,"[[4, 20, 5, 19], [6, 22, 7, 21], [20, 6, 21, 5], [22, 4, 1, 3], [16, 1, 17, 2], [12, 18, 13, 17], [8, 14, 9, 13], [10, 8, 11, 7], [14, 10, 15, 9], [18, 12, 19, 11], [2, 15, 3, 16]]"
11a_20_62,"[[2, 15, 3, 16], [4, 20, 5, 19], [6, 22, 7, 21], [20, 6, 21, 5], [22, 4, 1, 3], [16, 1, 17, 2], [12, 18, 13, 17], [8, 14, 9, 13], [10, 8, 11, 7], [14, 10, 15, 9], [18, 12, 19, 11]]"
11a_20_63,"[[18, 12, 19, 11], [2, 15, 3, 16], [4, 20, 5, 19], [6, 22, 7, 21], [20, 6, 21, 5], [22, 4, 1, 3], [16, 1, 17, 2], [12, 18, 13, 17], [8, 14, 9, 13], [10, 8, 11, 7], [14, 10, 15, 9]]"
11a_20_64,"[[14, 10, 15, 9], [18, 12, 19, 11], [2, 15, 3, 16], [4, 20, 5, 19], [6, 22, 7, 21], [20, 6, 21, 5], [22, 4, 1, 3], [16, 1, 17, 2], [12, 18, 13, 17], [8, 14, 9, 13], [10, 8, 11, 7]]"
11a_20_65,"[[10, 8, 11, 7], [14, 10, 15, 9], [18, 12, 19, 11], [2, 15, 3, 16], [4, 20, 5, 19], [6, 22, 7, 21], [20, 6, 21, 5], [22, 4, 1, 3], [16, 1, 17, 2], [12, 18, 13, 17], [8, 14, 9, 13]]"
11a_20_66,"[[9, 15, 10, 14], [11, 9, 12, 8], [15, 11, 16, 10], [19, 13, 20, 12], [3, 16, 4, 17], [5, 21, 6, 20], [7, 1, 8, 22], [21, 7, 22, 6], [1, 5, 2, 4], [17, 2, 18, 3], [13, 19, 14, 18]]"
11a_20_67,"[[13, 19, 14, 18], [9, 15, 10, 14], [11, 9, 12, 8], [15, 11, 16, 10], [19, 13, 20, 12], [3, 16, 4, 17], [5, 21, 6, 20], [7, 1, 8, 22], [21, 7, 22, 6], [1, 5, 2, 4], [17, 2, 18, 3]]"
11a_20_68,"[[17, 2, 18, 3], [13, 19, 14, 18], [9, 15, 10, 14], [11, 9, 12, 8], [15, 11, 16, 10], [19, 13, 20, 12], [3, 16, 4, 17], [5, 21, 6, 20], [7, 1, 8, 22], [21, 7, 22, 6], [1, 5, 2, 4]]"
11a_20_69,"[[1, 5, 2, 4], [17, 2, 18, 3], [13, 19, 14, 18], [9, 15, 10, 14], [11, 9, 12, 8], [15, 11, 16, 10], [19, 13, 20, 12], [3, 16, 4, 17], [5, 21, 6, 20], [7, 1, 8, 22], [21, 7, 22, 6]]"
11a_20_70,"[[21, 7, 22, 6], [1, 5, 2, 4], [17, 2, 18, 3], [13, 19, 14, 18], [9, 15, 10, 14], [11, 9, 12, 8], [15, 11, 16, 10], [19, 13, 20, 12], [3, 16, 4, 17], [5, 21, 6, 20], [7, 1, 8, 22]]"
11a_20_71,"[[7, 1, 8, 22], [21, 7, 22, 6], [1, 5, 2, 4], [17, 2, 18, 3], [13, 19, 14, 18], [9, 15, 10, 14], [11, 9, 12, 8], [15, 11, 16, 10], [19, 13, 20, 12], [3, 16, 4, 17], [5, 21, 6, 20]]"
11a_20_72,"[[5, 21, 6, 20], [7, 1, 8, 22], [21, 7, 22, 6], [1, 5, 2, 4], [17, 2, 18, 3], [13, 19, 14, 18], [9, 15, 10, 14], [11, 9, 12, 8], [15, 11, 16, 10], [19, 13, 20, 12], [3, 16, 4, 17]]"
11a_20_73,"[[3, 16, 4, 17], [5, 21, 6, 20], [7, 1, 8, 22], [21, 7, 22, 6], [1, 5, 2, 4], [17, 2, 18, 3], [13, 19, 14, 18], [9, 15, 10, 14], [11, 9, 12, 8], [15, 11, 16, 10], [19, 13, 20, 12]]"
11a_20_74,"[[19, 13, 20, 12], [3, 16, 4, 17], [5, 21, 6, 20], [7, 1, 8, 22], [21, 7, 22, 6], [1, 5, 2, 4], [17, 2, 18, 3], [13, 19, 14, 18], [9, 15, 10, 14], [11, 9, 12, 8], [15, 11, 16, 10]]"
11a_20_75,"[[15, 11, 16, 10], [19, 13, 20, 12], [3, 16, 4, 17], [5, 21, 6, 20], [7, 1, 8, 22], [21, 7, 22, 6], [1, 5, 2, 4], [17, 2, 18, 3], [13, 19, 14, 18], [9, 15, 10, 14], [11, 9, 12, 8]]"
11a_20_76,"[[11, 9, 12, 8], [15, 11, 16, 10], [19, 13, 20, 12], [3, 16, 4, 17], [5, 21, 6, 20], [7, 1, 8, 22], [21, 7, 22, 6], [1, 5, 2, 4], [17, 2, 18, 3], [13, 19, 14, 18], [9, 15, 10, 14]]"
11a_20_77,"[[10, 16, 11, 15], [12, 10, 13, 9], [16, 12, 17, 11], [20, 14, 21, 13], [4, 17, 5, 18], [6, 22, 7, 21], [8, 2, 9, 1], [22, 8, 1, 7], [2, 6, 3, 5], [18, 3, 19, 4], [14, 20, 15, 19]]"
11a_20_78,"[[14, 20, 15, 19], [10, 16, 11, 15], [12, 10, 13, 9], [16, 12, 17, 11], [20, 14, 21, 13], [4, 17, 5, 18], [6, 22, 7, 21], [8, 2, 9, 1], [22, 8, 1, 7], [2, 6, 3, 5], [18, 3, 19, 4]]"
11a_20_79,"[[18, 3, 19, 4], [14, 20, 15, 19], [10, 16, 11, 15], [12, 10, 13, 9], [16, 12, 17, 11], [20, 14, 21, 13], [4, 17, 5, 18], [6, 22, 7, 21], [8, 2, 9, 1], [22, 8, 1, 7], [2, 6, 3, 5]]"
11a_20_80,"[[2, 6, 3, 5], [18, 3, 19, 4], [14, 20, 15, 19], [10, 16, 11, 15], [12, 10, 13, 9], [16, 12, 17, 11], [20, 14, 21, 13], [4, 17, 5, 18], [6, 22, 7, 21], [8, 2, 9, 1], [22, 8, 1, 7]]"
11a_20_81,"[[22, 8, 1, 7], [2, 6, 3, 5], [18, 3, 19, 4], [14, 20, 15, 19], [10, 16, 11, 15], [12, 10, 13, 9], [16, 12, 17, 11], [20, 14, 21, 13], [4, 17, 5, 18], [6, 22, 7, 21], [8, 2, 9, 1]]"
11a_20_82,"[[8, 2, 9, 1], [22, 8, 1, 7], [2, 6, 3, 5], [18, 3, 19, 4], [14, 20, 15, 19], [10, 16, 11, 15], [12, 10, 13, 9], [16, 12, 17, 11], [20, 14, 21, 13], [4, 17, 5, 18], [6, 22, 7, 21]]"
11a_20_83,"[[6, 22, 7, 21], [8, 2, 9, 1], [22, 8, 1, 7], [2, 6, 3, 5], [18, 3, 19, 4], [14, 20, 15, 19], [10, 16, 11, 15], [12, 10, 13, 9], [16, 12, 17, 11], [20, 14, 21, 13], [4, 17, 5, 18]]"
11a_20_84,"[[4, 17, 5, 18], [6, 22, 7, 21], [8, 2, 9, 1], [22, 8, 1, 7], [2, 6, 3, 5], [18, 3, 19, 4], [14, 20, 15, 19], [10, 16, 11, 15], [12, 10, 13, 9], [16, 12, 17, 11], [20, 14, 21, 13]]"
11a_20_85,"[[20, 14, 21, 13], [4, 17, 5, 18], [6, 22, 7, 21], [8, 2, 9, 1], [22, 8, 1, 7], [2, 6, 3, 5], [18, 3, 19, 4], [14, 20, 15, 19], [10, 16, 11, 15], [12, 10, 13, 9], [16, 12, 17, 11]]"
11a_20_86,"[[16, 12, 17, 11], [20, 14, 21, 13], [4, 17, 5, 18], [6, 22, 7, 21], [8, 2, 9, 1], [22, 8, 1, 7], [2, 6, 3, 5], [18, 3, 19, 4], [14, 20, 15, 19], [10, 16, 11, 15], [12, 10, 13, 9]]"
11a_20_87,"[[12, 10, 13, 9], [16, 12, 17, 11], [20, 14, 21, 13], [4, 17, 5, 18], [6, 22, 7, 21], [8, 2, 9, 1], [22, 8, 1, 7], [2, 6, 3, 5], [18, 3, 19, 4], [14, 20, 15, 19], [10, 16, 11, 15]]"
11a_20_88,"[[11, 17, 12, 16], [13, 11, 14, 10], [17, 13, 18, 12], [21, 15, 22, 14], [5, 18, 6, 19], [7, 1, 8, 22], [9, 3, 10, 2], [1, 9, 2, 8], [3, 7, 4, 6], [19, 4, 20, 5], [15, 21, 16, 20]]"
11a_20_89,"[[15, 21, 16, 20], [11, 17, 12, 16], [13, 11, 14, 10], [17, 13, 18, 12], [21, 15, 22, 14], [5, 18, 6, 19], [7, 1, 8, 22], [9, 3, 10, 2], [1, 9, 2, 8], [3, 7, 4, 6], [19, 4, 20, 5]]"
11a_20_90,"[[19, 4, 20, 5], [15, 21, 16, 20], [11, 17, 12, 16], [13, 11, 14, 10], [17, 13, 18, 12], [21, 15, 22, 14], [5, 18, 6, 19], [7, 1, 8, 22], [9, 3, 10, 2], [1, 9, 2, 8], [3, 7, 4, 6]]"
11a_20_91,"[[3, 7, 4, 6], [19, 4, 20, 5], [15, 21, 16, 20], [11, 17, 12, 16], [13, 11, 14, 10], [17, 13, 18, 12], [21, 15, 22, 14], [5, 18, 6, 19], [7, 1, 8, 22], [9, 3, 10, 2], [1, 9, 2, 8]]"
11a_20_92,"[[1, 9, 2, 8], [3, 7, 4, 6], [19, 4, 20, 5], [15, 21, 16, 20], [11, 17, 12, 16], [13, 11, 14, 10], [17, 13, 18, 12], [21, 15, 22, 14], [5, 18, 6, 19], [7, 1, 8, 22], [9, 3, 10, 2]]"
11a_20_93,"[[9, 3, 10, 2], [1, 9, 2, 8], [3, 7, 4, 6], [19, 4, 20, 5], [15, 21, 16, 20], [11, 17, 12, 16], [13, 11, 14, 10], [17, 13, 18, 12], [21, 15, 22, 14], [5, 18, 6, 19], [7, 1, 8, 22]]"
11a_20_94,"[[7, 1, 8, 22], [9, 3, 10, 2], [1, 9, 2, 8], [3, 7, 4, 6], [19, 4, 20, 5], [15, 21, 16, 20], [11, 17, 12, 16], [13, 11, 14, 10], [17, 13, 18, 12], [21, 15, 22, 14], [5, 18, 6, 19]]"
11a_20_95,"[[5, 18, 6, 19], [7, 1, 8, 22], [9, 3, 10, 2], [1, 9, 2, 8], [3, 7, 4, 6], [19, 4, 20, 5], [15, 21, 16, 20], [11, 17, 12, 16], [13, 11, 14, 10], [17, 13, 18, 12], [21, 15, 22, 14]]"
11a_20_96,"[[21, 15, 22, 14], [5, 18, 6, 19], [7, 1, 8, 22], [9, 3, 10, 2], [1, 9, 2, 8], [3, 7, 4, 6], [19, 4, 20, 5], [15, 21, 16, 20], [11, 17, 12, 16], [13, 11, 14, 10], [17, 13, 18, 12]]"
11a_20_97,"[[17, 13, 18, 12], [21, 15, 22, 14], [5, 18, 6, 19], [7, 1, 8, 22], [9, 3, 10, 2], [1, 9, 2, 8], [3, 7, 4, 6], [19, 4, 20, 5], [15, 21, 16, 20], [11, 17, 12, 16], [13, 11, 14, 10]]"
11a_20_98,"[[13, 11, 14, 10], [17, 13, 18, 12], [21, 15, 22, 14], [5, 18, 6, 19], [7, 1, 8, 22], [9, 3, 10, 2], [1, 9, 2, 8], [3, 7, 4, 6], [19, 4, 20, 5], [15, 21, 16, 20], [11, 17, 12, 16]]"
11a_20_99,"[[12, 18, 13, 17], [14, 12, 15, 11], [18, 14, 19, 13], [22, 16, 1, 15], [6, 19, 7, 20], [8, 2, 9, 1], [10, 4, 11, 3], [2, 10, 3, 9], [4, 8, 5, 7], [20, 5, 21, 6], [16, 22, 17, 21]]"
11a_20_100,"[[16, 22, 17, 21], [12, 18, 13, 17], [14, 12, 15, 11], [18, 14, 19, 13], [22, 16, 1, 15], [6, 19, 7, 20], [8, 2, 9, 1], [10, 4, 11, 3], [2, 10, 3, 9], [4, 8, 5, 7], [20, 5, 21, 6]]"
11a_20_101,"[[20, 5, 21, 6], [16, 22, 17, 21], [12, 18, 13, 17], [14, 12, 15, 11], [18, 14, 19, 13], [22, 16, 1, 15], [6, 19, 7, 20], [8, 2, 9, 1], [10, 4, 11, 3], [2, 10, 3, 9], [4, 8, 5, 7]]"
11a_20_102,"[[4, 8, 5, 7], [20, 5, 21, 6], [16, 22, 17, 21], [12, 18, 13, 17], [14, 12, 15, 11], [18, 14, 19, 13], [22, 16, 1, 15], [6, 19, 7, 20], [8, 2, 9, 1], [10, 4, 11, 3], [2, 10, 3, 9]]"
11a_20_103,"[[2, 10, 3, 9], [4, 8, 5, 7], [20, 5, 21, 6], [16, 22, 17, 21], [12, 18, 13, 17], [14, 12, 15, 11], [18, 14, 19, 13], [22, 16, 1, 15], [6, 19, 7, 20], [8, 2, 9, 1], [10, 4, 11, 3]]"
11a_20_104,"[[10, 4, 11, 3], [2, 10, 3, 9], [4, 8, 5, 7], [20, 5, 21, 6], [16, 22, 17, 21], [12, 18, 13, 17], [14, 12, 15, 11], [18, 14, 19, 13], [22, 16, 1, 15], [6, 19, 7, 20], [8, 2, 9, 1]]"
11a_20_105,"[[8, 2, 9, 1], [10, 4, 11, 3], [2, 10, 3, 9], [4, 8, 5, 7], [20, 5, 21, 6], [16, 22, 17, 21], [12, 18, 13, 17], [14, 12, 15, 11], [18, 14, 19, 13], [22, 16, 1, 15], [6, 19, 7, 20]]"
11a_20_106,"[[6, 19, 7, 20], [8, 2, 9, 1], [10, 4, 11, 3], [2, 10, 3, 9], [4, 8, 5, 7], [20, 5, 21, 6], [16, 22, 17, 21], [12, 18, 13, 17], [14, 12, 15, 11], [18, 14, 19, 13], [22, 16, 1, 15]]"
11a_20_107,"[[22, 16, 1, 15], [6, 19, 7, 20], [8, 2, 9, 1], [10, 4, 11, 3], [2, 10, 3, 9], [4, 8, 5, 7], [20, 5, 21, 6], [16, 22, 17, 21], [12, 18, 13, 17], [14, 12, 15, 11], [18, 14, 19, 13]]"
11a_20_108,"[[18, 14, 19, 13], [22, 16, 1, 15], [6, 19, 7, 20], [8, 2, 9, 1], [10, 4, 11, 3], [2, 10, 3, 9], [4, 8, 5, 7], [20, 5, 21, 6], [16, 22, 17, 21], [12, 18, 13, 17], [14, 12, 15, 11]]"
11a_20_109,"[[14, 12, 15, 11], [18, 14, 19, 13], [22, 16, 1, 15], [6, 19, 7, 20], [8, 2, 9, 1], [10, 4, 11, 3], [2, 10, 3, 9], [4, 8, 5, 7], [20, 5, 21, 6], [16, 22, 17, 21], [12, 18, 13, 17]]"
11a_20_110,"[[13, 19, 14, 18], [15, 13, 16, 12], [19, 15, 20, 14], [1, 17, 2, 16], [7, 20, 8, 21], [9, 3, 10, 2], [11, 5, 12, 4], [3, 11, 4, 10], [5, 9, 6, 8], [21, 6, 22, 7], [17, 1, 18, 22]]"
11a_20_111,"[[17, 1, 18, 22], [13, 19, 14, 18], [15, 13, 16, 12], [19, 15, 20, 14], [1, 17, 2, 16], [7, 20, 8, 21], [9, 3, 10, 2], [11, 5, 12, 4], [3, 11, 4, 10], [5, 9, 6, 8], [21, 6, 22, 7]]"
11a_20_112,"[[21, 6, 22, 7], [17, 1, 18, 22], [13, 19, 14, 18], [15, 13, 16, 12], [19, 15, 20, 14], [1, 17, 2, 16], [7, 20, 8, 21], [9, 3, 10, 2], [11, 5, 12, 4], [3, 11, 4, 10], [5, 9, 6, 8]]"
11a_20_113,"[[5, 9, 6, 8], [21, 6, 22, 7], [17, 1, 18, 22], [13, 19, 14, 18], [15, 13, 16, 12], [19, 15, 20, 14], [1, 17, 2, 16], [7, 20, 8, 21], [9, 3, 10, 2], [11, 5, 12, 4], [3, 11, 4, 10]]"
11a_20_114,"[[3, 11, 4, 10], [5, 9, 6, 8], [21, 6, 22, 7], [17, 1, 18, 22], [13, 19, 14, 18], [15, 13, 16, 12], [19, 15, 20, 14], [1, 17, 2, 16], [7, 20, 8, 21], [9, 3, 10, 2], [11, 5, 12, 4]]"
11a_20_115,"[[11, 5, 12, 4], [3, 11, 4, 10], [5, 9, 6, 8], [21, 6, 22, 7], [17, 1, 18, 22], [13, 19, 14, 18], [15, 13, 16, 12], [19, 15, 20, 14], [1, 17, 2, 16], [7, 20, 8, 21], [9, 3, 10, 2]]"
11a_20_116,"[[9, 3, 10, 2], [11, 5, 12, 4], [3, 11, 4, 10], [5, 9, 6, 8], [21, 6, 22, 7], [17, 1, 18, 22], [13, 19, 14, 18], [15, 13, 16, 12], [19, 15, 20, 14], [1, 17, 2, 16], [7, 20, 8, 21]]"
11a_20_117,"[[7, 20, 8, 21], [9, 3, 10, 2], [11, 5, 12, 4], [3, 11, 4, 10], [5, 9, 6, 8], [21, 6, 22, 7], [17, 1, 18, 22], [13, 19, 14, 18], [15, 13, 16, 12], [19, 15, 20, 14], [1, 17, 2, 16]]"
11a_20_118,"[[1, 17, 2, 16], [7, 20, 8, 21], [9, 3, 10, 2], [11, 5, 12, 4], [3, 11, 4, 10], [5, 9, 6, 8], [21, 6, 22, 7], [17, 1, 18, 22], [13, 19, 14, 18], [15, 13, 16, 12], [19, 15, 20, 14]]"
11a_20_119,"[[19, 15, 20, 14], [1, 17, 2, 16], [7, 20, 8, 21], [9, 3, 10, 2], [11, 5, 12, 4], [3, 11, 4, 10], [5, 9, 6, 8], [21, 6, 22, 7], [17, 1, 18, 22], [13, 19, 14, 18], [15, 13, 16, 12]]"
11a_20_120,"[[15, 13, 16, 12], [19, 15, 20, 14], [1, 17, 2, 16], [7, 20, 8, 21], [9, 3, 10, 2], [11, 5, 12, 4], [3, 11, 4, 10], [5, 9, 6, 8], [21, 6, 22, 7], [17, 1, 18, 22], [13, 19, 14, 18]]"
11a_20_121,"[[14, 20, 15, 19], [16, 14, 17, 13], [20, 16, 21, 15], [2, 18, 3, 17], [8, 21, 9, 22], [10, 4, 11, 3], [12, 6, 13, 5], [4, 12, 5, 11], [6, 10, 7, 9], [22, 7, 1, 8], [18, 2, 19, 1]]"
11a_20_122,"[[18, 2, 19, 1], [14, 20, 15, 19], [16, 14, 17, 13], [20, 16, 21, 15], [2, 18, 3, 17], [8, 21, 9, 22], [10, 4, 11, 3], [12, 6, 13, 5], [4, 12, 5, 11], [6, 10, 7, 9], [22, 7, 1, 8]]"
11a_20_123,"[[22, 7, 1, 8], [18, 2, 19, 1], [14, 20, 15, 19], [16, 14, 17, 13], [20, 16, 21, 15], [2, 18, 3, 17], [8, 21, 9, 22], [10, 4, 11, 3], [12, 6, 13, 5], [4, 12, 5, 11], [6, 10, 7, 9]]"
11a_20_124,"[[6, 10, 7, 9], [22, 7, 1, 8], [18, 2, 19, 1], [14, 20, 15, 19], [16, 14, 17, 13], [20, 16, 21, 15], [2, 18, 3, 17], [8, 21, 9, 22], [10, 4, 11, 3], [12, 6, 13, 5], [4, 12, 5, 11]]"
11a_20_125,"[[4, 12, 5, 11], [6, 10, 7, 9], [22, 7, 1, 8], [18, 2, 19, 1], [14, 20, 15, 19], [16, 14, 17, 13], [20, 16, 21, 15], [2, 18, 3, 17], [8, 21, 9, 22], [10, 4, 11, 3], [12, 6, 13, 5]]"
11a_20_126,"[[12, 6, 13, 5], [4, 12, 5, 11], [6, 10, 7, 9], [22, 7, 1, 8], [18, 2, 19, 1], [14, 20, 15, 19], [16, 14, 17, 13], [20, 16, 21, 15], [2, 18, 3, 17], [8, 21, 9, 22], [10, 4, 11, 3]]"
11a_20_127,"[[10, 4, 11, 3], [12, 6, 13, 5], [4, 12, 5, 11], [6, 10, 7, 9], [22, 7, 1, 8], [18, 2, 19, 1], [14, 20, 15, 19], [16, 14, 17, 13], [20, 16, 21, 15], [2, 18, 3, 17], [8, 21, 9, 22]]"
11a_20_128,"[[8, 21, 9, 22], [10, 4, 11, 3], [12, 6, 13, 5], [4, 12, 5, 11], [6, 10, 7, 9], [22, 7, 1, 8], [18, 2, 19, 1], [14, 20, 15, 19], [16, 14, 17, 13], [20, 16, 21, 15], [2, 18, 3, 17]]"
11a_20_129,"[[2, 18, 3, 17], [8, 21, 9, 22], [10, 4, 11, 3], [12, 6, 13, 5], [4, 12, 5, 11], [6, 10, 7, 9], [22, 7, 1, 8], [18, 2, 19, 1], [14, 20, 15, 19], [16, 14, 17, 13], [20, 16, 21, 15]]"
11a_20_130,"[[20, 16, 21, 15], [2, 18, 3, 17], [8, 21, 9, 22], [10, 4, 11, 3], [12, 6, 13, 5], [4, 12, 5, 11], [6, 10, 7, 9], [22, 7, 1, 8], [18, 2, 19, 1], [14, 20, 15, 19], [16, 14, 17, 13]]"
11a_20_131,"[[16, 14, 17, 13], [20, 16, 21, 15], [2, 18, 3, 17], [8, 21, 9, 22], [10, 4, 11, 3], [12, 6, 13, 5], [4, 12, 5, 11], [6, 10, 7, 9], [22, 7, 1, 8], [18, 2, 19, 1], [14, 20, 15, 19]]"
11a_20_132,"[[15, 21, 16, 20], [17, 15, 18, 14], [21, 17, 22, 16], [3, 19, 4, 18], [9, 22, 10, 1], [11, 5, 12, 4], [13, 7, 14, 6], [5, 13, 6, 12], [7, 11, 8, 10], [1, 8, 2, 9], [19, 3, 20, 2]]"
11a_20_133,"[[19, 3, 20, 2], [15, 21, 16, 20], [17, 15, 18, 14], [21, 17, 22, 16], [3, 19, 4, 18], [9, 22, 10, 1], [11, 5, 12, 4], [13, 7, 14, 6], [5, 13, 6, 12], [7, 11, 8, 10], [1, 8, 2, 9]]"
11a_20_134,"[[1, 8, 2, 9], [19, 3, 20, 2], [15, 21, 16, 20], [17, 15, 18, 14], [21, 17, 22, 16], [3, 19, 4, 18], [9, 22, 10, 1], [11, 5, 12, 4], [13, 7, 14, 6], [5, 13, 6, 12], [7, 11, 8, 10]]"
11a_20_135,"[[7, 11, 8, 10], [1, 8, 2, 9], [19, 3, 20, 2], [15, 21, 16, 20], [17, 15, 18, 14], [21, 17, 22, 16], [3, 19, 4, 18], [9, 22, 10, 1], [11, 5, 12, 4], [13, 7, 14, 6], [5, 13, 6, 12]]"
11a_20_136,"[[5, 13, 6, 12], [7, 11, 8, 10], [1, 8, 2, 9], [19, 3, 20, 2], [15, 21, 16, 20], [17, 15, 18, 14], [21, 17, 22, 16], [3, 19, 4, 18], [9, 22, 10, 1], [11, 5, 12, 4], [13, 7, 14, 6]]"
11a_20_137,"[[13, 7, 14, 6], [5, 13, 6, 12], [7, 11, 8, 10], [1, 8, 2, 9], [19, 3, 20, 2], [15, 21, 16, 20], [17, 15, 18, 14], [21, 17, 22, 16], [3, 19, 4, 18], [9, 22, 10, 1], [11, 5, 12, 4]]"
11a_20_138,"[[11, 5, 12, 4], [13, 7, 14, 6], [5, 13, 6, 12], [7, 11, 8, 10], [1, 8, 2, 9], [19, 3, 20, 2], [15, 21, 16, 20], [17, 15, 18, 14], [21, 17, 22, 16], [3, 19, 4, 18], [9, 22, 10, 1]]"
11a_20_139,"[[9, 22, 10, 1], [11, 5, 12, 4], [13, 7, 14, 6], [5, 13, 6, 12], [7, 11, 8, 10], [1, 8, 2, 9], [19, 3, 20, 2], [15, 21, 16, 20], [17, 15, 18, 14], [21, 17, 22, 16], [3, 19, 4, 18]]"
11a_20_140,"[[3, 19, 4, 18], [9, 22, 10, 1], [11, 5, 12, 4], [13, 7, 14, 6], [5, 13, 6, 12], [7, 11, 8, 10], [1, 8, 2, 9], [19, 3, 20, 2], [15, 21, 16, 20], [17, 15, 18, 14], [21, 17, 22, 16]]"
11a_20_141,"[[21, 17, 22, 16], [3, 19, 4, 18], [9, 22, 10, 1], [11, 5, 12, 4], [13, 7, 14, 6], [5, 13, 6, 12], [7, 11, 8, 10], [1, 8, 2, 9], [19, 3, 20, 2], [15, 21, 16, 20], [17, 15, 18, 14]]"
11a_20_142,"[[17, 15, 18, 14], [21, 17, 22, 16], [3, 19, 4, 18], [9, 22, 10, 1], [11, 5, 12, 4], [13, 7, 14, 6], [5, 13, 6, 12], [7, 11, 8, 10], [1, 8, 2, 9], [19, 3, 20, 2], [15, 21, 16, 20]]"
11a_20_143,"[[16, 22, 17, 21], [18, 16, 19, 15], [22, 18, 1, 17], [4, 20, 5, 19], [10, 1, 11, 2], [12, 6, 13, 5], [14, 8, 15, 7], [6, 14, 7, 13], [8, 12, 9, 11], [2, 9, 3, 10], [20, 4, 21, 3]]"
11a_20_144,"[[20, 4, 21, 3], [16, 22, 17, 21], [18, 16, 19, 15], [22, 18, 1, 17], [4, 20, 5, 19], [10, 1, 11, 2], [12, 6, 13, 5], [14, 8, 15, 7], [6, 14, 7, 13], [8, 12, 9, 11], [2, 9, 3, 10]]"
11a_20_145,"[[2, 9, 3, 10], [20, 4, 21, 3], [16, 22, 17, 21], [18, 16, 19, 15], [22, 18, 1, 17], [4, 20, 5, 19], [10, 1, 11, 2], [12, 6, 13, 5], [14, 8, 15, 7], [6, 14, 7, 13], [8, 12, 9, 11]]"
11a_20_146,"[[8, 12, 9, 11], [2, 9, 3, 10], [20, 4, 21, 3], [16, 22, 17, 21], [18, 16, 19, 15], [22, 18, 1, 17], [4, 20, 5, 19], [10, 1, 11, 2], [12, 6, 13, 5], [14, 8, 15, 7], [6, 14, 7, 13]]"
11a_20_147,"[[6, 14, 7, 13], [8, 12, 9, 11], [2, 9, 3, 10], [20, 4, 21, 3], [16, 22, 17, 21], [18, 16, 19, 15], [22, 18, 1, 17], [4, 20, 5, 19], [10, 1, 11, 2], [12, 6, 13, 5], [14, 8, 15, 7]]"
11a_20_148,"[[14, 8, 15, 7], [6, 14, 7, 13], [8, 12, 9, 11], [2, 9, 3, 10], [20, 4, 21, 3], [16, 22, 17, 21], [18, 16, 19, 15], [22, 18, 1, 17], [4, 20, 5, 19], [10, 1, 11, 2], [12, 6, 13, 5]]"
11a_20_149,"[[12, 6, 13, 5], [14, 8, 15, 7], [6, 14, 7, 13], [8, 12, 9, 11], [2, 9, 3, 10], [20, 4, 21, 3], [16, 22, 17, 21], [18, 16, 19, 15], [22, 18, 1, 17], [4, 20, 5, 19], [10, 1, 11, 2]]"
11a_20_150,"[[10, 1, 11, 2], [12, 6, 13, 5], [14, 8, 15, 7], [6, 14, 7, 13], [8, 12, 9, 11], [2, 9, 3, 10], [20, 4, 21, 3], [16, 22, 17, 21], [18, 16, 19, 15], [22, 18, 1, 17], [4, 20, 5, 19]]"
11a_20_151,"[[4, 20, 5, 19], [10, 1, 11, 2], [12, 6, 13, 5], [14, 8, 15, 7], [6, 14, 7, 13], [8, 12, 9, 11], [2, 9, 3, 10], [20, 4, 21, 3], [16, 22, 17, 21], [18, 16, 19, 15], [22, 18, 1, 17]]"
11a_20_152,"[[22, 18, 1, 17], [4, 20, 5, 19], [10, 1, 11, 2], [12, 6, 13, 5], [14, 8, 15, 7], [6, 14, 7, 13], [8, 12, 9, 11], [2, 9, 3, 10], [20, 4, 21, 3], [16, 22, 17, 21], [18, 16, 19, 15]]"
11a_20_153,"[[18, 16, 19, 15], [22, 18, 1, 17], [4, 20, 5, 19], [10, 1, 11, 2], [12, 6, 13, 5], [14, 8, 15, 7], [6, 14, 7, 13], [8, 12, 9, 11], [2, 9, 3, 10], [20, 4, 21, 3], [16, 22, 17, 21]]"
11a_20_154,"[[17, 1, 18, 22], [19, 17, 20, 16], [1, 19, 2, 18], [5, 21, 6, 20], [11, 2, 12, 3], [13, 7, 14, 6], [15, 9, 16, 8], [7, 15, 8, 14], [9, 13, 10, 12], [3, 10, 4, 11], [21, 5, 22, 4]]"
11a_20_155,"[[21, 5, 22, 4], [17, 1, 18, 22], [19, 17, 20, 16], [1, 19, 2, 18], [5, 21, 6, 20], [11, 2, 12, 3], [13, 7, 14, 6], [15, 9, 16, 8], [7, 15, 8, 14], [9, 13, 10, 12], [3, 10, 4, 11]]"
11a_20_156,"[[3, 10, 4, 11], [21, 5, 22, 4], [17, 1, 18, 22], [19, 17, 20, 16], [1, 19, 2, 18], [5, 21, 6, 20], [11, 2, 12, 3], [13, 7, 14, 6], [15, 9, 16, 8], [7, 15, 8, 14], [9, 13, 10, 12]]"
11a_20_157,"[[9, 13, 10, 12], [3, 10, 4, 11], [21, 5, 22, 4], [17, 1, 18, 22], [19, 17, 20, 16], [1, 19, 2, 18], [5, 21, 6, 20], [11, 2, 12, 3], [13, 7, 14, 6], [15, 9, 16, 8], [7, 15, 8, 14]]"
11a_20_158,"[[7, 15, 8, 14], [9, 13, 10, 12], [3, 10, 4, 11], [21, 5, 22, 4], [17, 1, 18, 22], [19, 17, 20, 16], [1, 19, 2, 18], [5, 21, 6, 20], [11, 2, 12, 3], [13, 7, 14, 6], [15, 9, 16, 8]]"
11a_20_159,"[[15, 9, 16, 8], [7, 15, 8, 14], [9, 13, 10, 12], [3, 10, 4, 11], [21, 5, 22, 4], [17, 1, 18, 22], [19, 17, 20, 16], [1, 19, 2, 18], [5, 21, 6, 20], [11, 2, 12, 3], [13, 7, 14, 6]]"
11a_20_160,"[[13, 7, 14, 6], [15, 9, 16, 8], [7, 15, 8, 14], [9, 13, 10, 12], [3, 10, 4, 11], [21, 5, 22, 4], [17, 1, 18, 22], [19, 17, 20, 16], [1, 19, 2, 18], [5, 21, 6, 20], [11, 2, 12, 3]]"
11a_20_161,"[[11, 2, 12, 3], [13, 7, 14, 6], [15, 9, 16, 8], [7, 15, 8, 14], [9, 13, 10, 12], [3, 10, 4, 11], [21, 5, 22, 4], [17, 1, 18, 22], [19, 17, 20, 16], [1, 19, 2, 18], [5, 21, 6, 20]]"
11a_20_162,"[[5, 21, 6, 20], [11, 2, 12, 3], [13, 7, 14, 6], [15, 9, 16, 8], [7, 15, 8, 14], [9, 13, 10, 12], [3, 10, 4, 11], [21, 5, 22, 4], [17, 1, 18, 22], [19, 17, 20, 16], [1, 19, 2, 18]]"
11a_20_163,"[[1, 19, 2, 18], [5, 21, 6, 20], [11, 2, 12, 3], [13, 7, 14, 6], [15, 9, 16, 8], [7, 15, 8, 14], [9, 13, 10, 12], [3, 10, 4, 11], [21, 5, 22, 4], [17, 1, 18, 22], [19, 17, 20, 16]]"
11a_20_164,"[[19, 17, 20, 16], [1, 19, 2, 18], [5, 21, 6, 20], [11, 2, 12, 3], [13, 7, 14, 6], [15, 9, 16, 8], [7, 15, 8, 14], [9, 13, 10, 12], [3, 10, 4, 11], [21, 5, 22, 4], [17, 1, 18, 22]]"
11a_20_165,"[[18, 2, 19, 1], [20, 18, 21, 17], [2, 20, 3, 19], [6, 22, 7, 21], [12, 3, 13, 4], [14, 8, 15, 7], [16, 10, 17, 9], [8, 16, 9, 15], [10, 14, 11, 13], [4, 11, 5, 12], [22, 6, 1, 5]]"
11a_20_166,"[[22, 6, 1, 5], [18, 2, 19, 1], [20, 18, 21, 17], [2, 20, 3, 19], [6, 22, 7, 21], [12, 3, 13, 4], [14, 8, 15, 7], [16, 10, 17, 9], [8, 16, 9, 15], [10, 14, 11, 13], [4, 11, 5, 12]]"
11a_20_167,"[[4, 11, 5, 12], [22, 6, 1, 5], [18, 2, 19, 1], [20, 18, 21, 17], [2, 20, 3, 19], [6, 22, 7, 21], [12, 3, 13, 4], [14, 8, 15, 7], [16, 10, 17, 9], [8, 16, 9, 15], [10, 14, 11, 13]]"
11a_20_168,"[[10, 14, 11, 13], [4, 11, 5, 12], [22, 6, 1, 5], [18, 2, 19, 1], [20, 18, 21, 17], [2, 20, 3, 19], [6, 22, 7, 21], [12, 3, 13, 4], [14, 8, 15, 7], [16, 10, 17, 9], [8, 16, 9, 15]]"
11a_20_169,"[[8, 16, 9, 15], [10, 14, 11, 13], [4, 11, 5, 12], [22, 6, 1, 5], [18, 2, 19, 1], [20, 18, 21, 17], [2, 20, 3, 19], [6, 22, 7, 21], [12, 3, 13, 4], [14, 8, 15, 7], [16, 10, 17, 9]]"
11a_20_170,"[[16, 10, 17, 9], [8, 16, 9, 15], [10, 14, 11, 13], [4, 11, 5, 12], [22, 6, 1, 5], [18, 2, 19, 1], [20, 18, 21, 17], [2, 20, 3, 19], [6, 22, 7, 21], [12, 3, 13, 4], [14, 8, 15, 7]]"
11a_20_171,"[[14, 8, 15, 7], [16, 10, 17, 9], [8, 16, 9, 15], [10, 14, 11, 13], [4, 11, 5, 12], [22, 6, 1, 5], [18, 2, 19, 1], [20, 18, 21, 17], [2, 20, 3, 19], [6, 22, 7, 21], [12, 3, 13, 4]]"
11a_20_172,"[[12, 3, 13, 4], [14, 8, 15, 7], [16, 10, 17, 9], [8, 16, 9, 15], [10, 14, 11, 13], [4, 11, 5, 12], [22, 6, 1, 5], [18, 2, 19, 1], [20, 18, 21, 17], [2, 20, 3, 19], [6, 22, 7, 21]]"
11a_20_173,"[[6, 22, 7, 21], [12, 3, 13, 4], [14, 8, 15, 7], [16, 10, 17, 9], [8, 16, 9, 15], [10, 14, 11, 13], [4, 11, 5, 12], [22, 6, 1, 5], [18, 2, 19, 1], [20, 18, 21, 17], [2, 20, 3, 19]]"
11a_20_174,"[[2, 20, 3, 19], [6, 22, 7, 21], [12, 3, 13, 4], [14, 8, 15, 7], [16, 10, 17, 9], [8, 16, 9, 15], [10, 14, 11, 13], [4, 11, 5, 12], [22, 6, 1, 5], [18, 2, 19, 1], [20, 18, 21, 17]]"
11a_20_175,"[[20, 18, 21, 17], [2, 20, 3, 19], [6, 22, 7, 21], [12, 3, 13, 4], [14, 8, 15, 7], [16, 10, 17, 9], [8, 16, 9, 15], [10, 14, 11, 13], [4, 11, 5, 12], [22, 6, 1, 5], [18, 2, 19, 1]]"
11a_20_176,"[[19, 3, 20, 2], [21, 19, 22, 18], [3, 21, 4, 20], [7, 1, 8, 22], [13, 4, 14, 5], [15, 9, 16, 8], [17, 11, 18, 10], [9, 17, 10, 16], [11, 15, 12, 14], [5, 12, 6, 13], [1, 7, 2, 6]]"
11a_20_177,"[[1, 7, 2, 6], [19, 3, 20, 2], [21, 19, 22, 18], [3, 21, 4, 20], [7, 1, 8, 22], [13, 4, 14, 5], [15, 9, 16, 8], [17, 11, 18, 10], [9, 17, 10, 16], [11, 15, 12, 14], [5, 12, 6, 13]]"
11a_20_178,"[[5, 12, 6, 13], [1, 7, 2, 6], [19, 3, 20, 2], [21, 19, 22, 18], [3, 21, 4, 20], [7, 1, 8, 22], [13, 4, 14, 5], [15, 9, 16, 8], [17, 11, 18, 10], [9, 17, 10, 16], [11, 15, 12, 14]]"
11a_20_179,"[[11, 15, 12, 14], [5, 12, 6, 13], [1, 7, 2, 6], [19, 3, 20, 2], [21, 19, 22, 18], [3, 21, 4, 20], [7, 1, 8, 22], [13, 4, 14, 5], [15, 9, 16, 8], [17, 11, 18, 10], [9, 17, 10, 16]]"
11a_20_180,"[[9, 17, 10, 16], [11, 15, 12, 14], [5, 12, 6, 13], [1, 7, 2, 6], [19, 3, 20, 2], [21, 19, 22, 18], [3, 21, 4, 20], [7, 1, 8, 22], [13, 4, 14, 5], [15, 9, 16, 8], [17, 11, 18, 10]]"
11a_20_181,"[[17, 11, 18, 10], [9, 17, 10, 16], [11, 15, 12, 14], [5, 12, 6, 13], [1, 7, 2, 6], [19, 3, 20, 2], [21, 19, 22, 18], [3, 21, 4, 20], [7, 1, 8, 22], [13, 4, 14, 5], [15, 9, 16, 8]]"
11a_20_182,"[[15, 9, 16, 8], [17, 11, 18, 10], [9, 17, 10, 16], [11, 15, 12, 14], [5, 12, 6, 13], [1, 7, 2, 6], [19, 3, 20, 2], [21, 19, 22, 18], [3, 21, 4, 20], [7, 1, 8, 22], [13, 4, 14, 5]]"
11a_20_183,"[[13, 4, 14, 5], [15, 9, 16, 8], [17, 11, 18, 10], [9, 17, 10, 16], [11, 15, 12, 14], [5, 12, 6, 13], [1, 7, 2, 6], [19, 3, 20, 2], [21, 19, 22, 18], [3, 21, 4, 20], [7, 1, 8, 22]]"
11a_20_184,"[[7, 1, 8, 22], [13, 4, 14, 5], [15, 9, 16, 8], [17, 11, 18, 10], [9, 17, 10, 16], [11, 15, 12, 14], [5, 12, 6, 13], [1, 7, 2, 6], [19, 3, 20, 2], [21, 19, 22, 18], [3, 21, 4, 20]]"
11a_20_185,"[[3, 21, 4, 20], [7, 1, 8, 22], [13, 4, 14, 5], [15, 9, 16, 8], [17, 11, 18, 10], [9, 17, 10, 16], [11, 15, 12, 14], [5, 12, 6, 13], [1, 7, 2, 6], [19, 3, 20, 2], [21, 19, 22, 18]]"
11a_20_186,"[[21, 19, 22, 18], [3, 21, 4, 20], [7, 1, 8, 22], [13, 4, 14, 5], [15, 9, 16, 8], [17, 11, 18, 10], [9, 17, 10, 16], [11, 15, 12, 14], [5, 12, 6, 13], [1, 7, 2, 6], [19, 3, 20, 2]]"
11a_20_187,"[[20, 4, 21, 3], [22, 20, 1, 19], [4, 22, 5, 21], [8, 2, 9, 1], [14, 5, 15, 6], [16, 10, 17, 9], [18, 12, 19, 11], [10, 18, 11, 17], [12, 16, 13, 15], [6, 13, 7, 14], [2, 8, 3, 7]]"
11a_20_188,"[[2, 8, 3, 7], [20, 4, 21, 3], [22, 20, 1, 19], [4, 22, 5, 21], [8, 2, 9, 1], [14, 5, 15, 6], [16, 10, 17, 9], [18, 12, 19, 11], [10, 18, 11, 17], [12, 16, 13, 15], [6, 13, 7, 14]]"
11a_20_189,"[[6, 13, 7, 14], [2, 8, 3, 7], [20, 4, 21, 3], [22, 20, 1, 19], [4, 22, 5, 21], [8, 2, 9, 1], [14, 5, 15, 6], [16, 10, 17, 9], [18, 12, 19, 11], [10, 18, 11, 17], [12, 16, 13, 15]]"
11a_20_190,"[[12, 16, 13, 15], [6, 13, 7, 14], [2, 8, 3, 7], [20, 4, 21, 3], [22, 20, 1, 19], [4, 22, 5, 21], [8, 2, 9, 1], [14, 5, 15, 6], [16, 10, 17, 9], [18, 12, 19, 11], [10, 18, 11, 17]]"
11a_20_191,"[[10, 18, 11, 17], [12, 16, 13, 15], [6, 13, 7, 14], [2, 8, 3, 7], [20, 4, 21, 3], [22, 20, 1, 19], [4, 22, 5, 21], [8, 2, 9, 1], [14, 5, 15, 6], [16, 10, 17, 9], [18, 12, 19, 11]]"
11a_20_192,"[[18, 12, 19, 11], [10, 18, 11, 17], [12, 16, 13, 15], [6, 13, 7, 14], [2, 8, 3, 7], [20, 4, 21, 3], [22, 20, 1, 19], [4, 22, 5, 21], [8, 2, 9, 1], [14, 5, 15, 6], [16, 10, 17, 9]]"
11a_20_193,"[[16, 10, 17, 9], [18, 12, 19, 11], [10, 18, 11, 17], [12, 16, 13, 15], [6, 13, 7, 14], [2, 8, 3, 7], [20, 4, 21, 3], [22, 20, 1, 19], [4, 22, 5, 21], [8, 2, 9, 1], [14, 5, 15, 6]]"
11a_20_194,"[[14, 5, 15, 6], [16, 10, 17, 9], [18, 12, 19, 11], [10, 18, 11, 17], [12, 16, 13, 15], [6, 13, 7, 14], [2, 8, 3, 7], [20, 4, 21, 3], [22, 20, 1, 19], [4, 22, 5, 21], [8, 2, 9, 1]]"
11a_20_195,"[[8, 2, 9, 1], [14, 5, 15, 6], [16, 10, 17, 9], [18, 12, 19, 11], [10, 18, 11, 17], [12, 16, 13, 15], [6, 13, 7, 14], [2, 8, 3, 7], [20, 4, 21, 3], [22, 20, 1, 19], [4, 22, 5, 21]]"
11a_20_196,"[[4, 22, 5, 21], [8, 2, 9, 1], [14, 5, 15, 6], [16, 10, 17, 9], [18, 12, 19, 11], [10, 18, 11, 17], [12, 16, 13, 15], [6, 13, 7, 14], [2, 8, 3, 7], [20, 4, 21, 3], [22, 20, 1, 19]]"
11a_20_197,"[[22, 20, 1, 19], [4, 22, 5, 21], [8, 2, 9, 1], [14, 5, 15, 6], [16, 10, 17, 9], [18, 12, 19, 11], [10, 18, 11, 17], [12, 16, 13, 15], [6, 13, 7, 14], [2, 8, 3, 7], [20, 4, 21, 3]]"
11a_20_198,"[[21, 5, 22, 4], [1, 21, 2, 20], [5, 1, 6, 22], [9, 3, 10, 2], [15, 6, 16, 7], [17, 11, 18, 10], [19, 13, 20, 12], [11, 19, 12, 18], [13, 17, 14, 16], [7, 14, 8, 15], [3, 9, 4, 8]]"
11a_20_199,"[[3, 9, 4, 8], [21, 5, 22, 4], [1, 21, 2, 20], [5, 1, 6, 22], [9, 3, 10, 2], [15, 6, 16, 7], [17, 11, 18, 10], [19, 13, 20, 12], [11, 19, 12, 18], [13, 17, 14, 16], [7, 14, 8, 15]]"
11a_20_200,"[[7, 14, 8, 15], [3, 9, 4, 8], [21, 5, 22, 4], [1, 21, 2, 20], [5, 1, 6, 22], [9, 3, 10, 2], [15, 6, 16, 7], [17, 11, 18, 10], [19, 13, 20, 12], [11, 19, 12, 18], [13, 17, 14, 16]]"
11a_20_201,"[[13, 17, 14, 16], [7, 14, 8, 15], [3, 9, 4, 8], [21, 5, 22, 4], [1, 21, 2, 20], [5, 1, 6, 22], [9, 3, 10, 2], [15, 6, 16, 7], [17, 11, 18, 10], [19, 13, 20, 12], [11, 19, 12, 18]]"
11a_20_202,"[[11, 19, 12, 18], [13, 17, 14, 16], [7, 14, 8, 15], [3, 9, 4, 8], [21, 5, 22, 4], [1, 21, 2, 20], [5, 1, 6, 22], [9, 3, 10, 2], [15, 6, 16, 7], [17, 11, 18, 10], [19, 13, 20, 12]]"
11a_20_203,"[[19, 13, 20, 12], [11, 19, 12, 18], [13, 17, 14, 16], [7, 14, 8, 15], [3, 9, 4, 8], [21, 5, 22, 4], [1, 21, 2, 20], [5, 1, 6, 22], [9, 3, 10, 2], [15, 6, 16, 7], [17, 11, 18, 10]]"
11a_20_204,"[[17, 11, 18, 10], [19, 13, 20, 12], [11, 19, 12, 18], [13, 17, 14, 16], [7, 14, 8, 15], [3, 9, 4, 8], [21, 5, 22, 4], [1, 21, 2, 20], [5, 1, 6, 22], [9, 3, 10, 2], [15, 6, 16, 7]]"
