name,pd_notation
11a_33_0,"[[3, 9, 4, 8], [5, 3, 6, 2], [9, 5, 10, 4], [17, 10, 18, 11], [15, 6, 16, 7], [7, 16, 8, 17], [19, 12, 20, 13], [11, 18, 12, 19], [1, 20, 2, 21], [21, 15, 22, 14], [13, 1, 14, 22]]"
11a_33_1,"[[13, 1, 14, 22], [3, 9, 4, 8], [5, 3, 6, 2], [9, 5, 10, 4], [17, 10, 18, 11], [15, 6, 16, 7], [7, 16, 8, 17], [19, 12, 20, 13], [11, 18, 12, 19], [1, 20, 2, 21], [21, 15, 22, 14]]"
11a_33_2,"[[21, 15, 22, 14], [13, 1, 14, 22], [3, 9, 4, 8], [5, 3, 6, 2], [9, 5, 10, 4], [17, 10, 18, 11], [15, 6, 16, 7], [7, 16, 8, 17], [19, 12, 20, 13], [11, 18, 12, 19], [1, 20, 2, 21]]"
11a_33_3,"[[1, 20, 2, 21], [21, 15, 22, 14], [13, 1, 14, 22], [3, 9, 4, 8], [5, 3, 6, 2], [9, 5, 10, 4], [17, 10, 18, 11], [15, 6, 16, 7], [7, 16, 8, 17], [19, 12, 20, 13], [11, 18, 12, 19]]"
11a_33_4,"[[11, 18, 12, 19], [1, 20, 2, 21], [21, 15, 22, 14], [13, 1, 14, 22], [3, 9, 4, 8], [5, 3, 6, 2], [9, 5, 10, 4], [17, 10, 18, 11], [15, 6, 16, 7], [7, 16, 8, 17], [19, 12, 20, 13]]"
11a_33_5,"[[19, 12, 20, 13], [11, 18, 12, 19], [1, 20, 2, 21], [21, 15, 22, 14], [13, 1, 14, 22], [3, 9, 4, 8], [5, 3, 6, 2], [9, 5, 10, 4], [17, 10, 18, 11], [15, 6, 16, 7], [7, 16, 8, 17]]"
11a_33_6,"[[7, 16, 8, 17], [19, 12, 20, 13], [11, 18, 12, 19], [1, 20, 2, 21], [21, 15, 22, 14], [13, 1, 14, 22], [3, 9, 4, 8], [5, 3, 6, 2], [9, 5, 10, 4], [17, 10, 18, 11], [15, 6, 16, 7]]"
11a_33_7,"[[15, 6, 16, 7], [7, 16, 8, 17], [19, 12, 20, 13], [11, 18, 12, 19], [1, 20, 2, 21], [21, 15, 22, 14], [13, 1, 14, 22], [3, 9, 4, 8], [5, 3, 6, 2], [9, 5, 10, 4], [17, 10, 18, 11]]"
11a_33_8,"[[17, 10, 18, 11], [15, 6, 16, 7], [7, 16, 8, 17], [19, 12, 20, 13], [11, 18, 12, 19], [1, 20, 2, 21], [21, 15, 22, 14], [13, 1, 14, 22], [3, 9, 4, 8], [5, 3, 6, 2], [9, 5, 10, 4]]"
11a_33_9,"[[9, 5, 10, 4], [17, 10, 18, 11], [15, 6, 16, 7], [7, 16, 8, 17], [19, 12, 20, 13], [11, 18, 12, 19], [1, 20, 2, 21], [21, 15, 22, 14], [13, 1, 14, 22], [3, 9, 4, 8], [5, 3, 6, 2]]"
11a_33_10,"[[5, 3, 6, 2], [9, 5, 10, 4], [17, 10, 18, 11], [15, 6, 16, 7], [7, 16, 8, 17], [19, 12, 20, 13], [11, 18, 12, 19], [1, 20, 2, 21], [21, 15, 22, 14], [13, 1, 14, 22], [3, 9, 4, 8]]"
11a_33_11,"[[4, 10, 5, 9], [6, 4, 7, 3], [10, 6, 11, 5], [18, 11, 19, 12], [16, 7, 17, 8], [8, 17, 9, 18], [20, 13, 21, 14], [12, 19, 13, 20], [2, 21, 3, 22], [22, 16, 1, 15], [14, 2, 15, 1]]"
11a_33_12,"[[14, 2, 15, 1], [4, 10, 5, 9], [6, 4, 7, 3], [10, 6, 11, 5], [18, 11, 19, 12], [16, 7, 17, 8], [8, 17, 9, 18], [20, 13, 21, 14], [12, 19, 13, 20], [2, 21, 3, 22], [22, 16, 1, 15]]"
11a_33_13,"[[22, 16, 1, 15], [14, 2, 15, 1], [4, 10, 5, 9], [6, 4, 7, 3], [10, 6, 11, 5], [18, 11, 19, 12], [16, 7, 17, 8], [8, 17, 9, 18], [20, 13, 21, 14], [12, 19, 13, 20], [2, 21, 3, 22]]"
11a_33_14,"[[2, 21, 3, 22], [22, 16, 1, 15], [14, 2, 15, 1], [4, 10, 5, 9], [6, 4, 7, 3], [10, 6, 11, 5], [18, 11, 19, 12], [16, 7, 17, 8], [8, 17, 9, 18], [20, 13, 21, 14], [12, 19, 13, 20]]"
11a_33_15,"[[12, 19, 13, 20], [2, 21, 3, 22], [22, 16, 1, 15], [14, 2, 15, 1], [4, 10, 5, 9], [6, 4, 7, 3], [10, 6, 11, 5], [18, 11, 19, 12], [16, 7, 17, 8], [8, 17, 9, 18], [20, 13, 21, 14]]"
11a_33_16,"[[20, 13, 21, 14], [12, 19, 13, 20], [2, 21, 3, 22], [22, 16, 1, 15], [14, 2, 15, 1], [4, 10, 5, 9], [6, 4, 7, 3], [10, 6, 11, 5], [18, 11, 19, 12], [16, 7, 17, 8], [8, 17, 9, 18]]"
11a_33_17,"[[8, 17, 9, 18], [20, 13, 21, 14], [12, 19, 13, 20], [2, 21, 3, 22], [22, 16, 1, 15], [14, 2, 15, 1], [4, 10, 5, 9], [6, 4, 7, 3], [10, 6, 11, 5], [18, 11, 19, 12], [16, 7, 17, 8]]"
11a_33_18,"[[16, 7, 17, 8], [8, 17, 9, 18], [20, 13, 21, 14], [12, 19, 13, 20], [2, 21, 3, 22], [22, 16, 1, 15], [14, 2, 15, 1], [4, 10, 5, 9], [6, 4, 7, 3], [10, 6, 11, 5], [18, 11, 19, 12]]"
11a_33_19,"[[18, 11, 19, 12], [16, 7, 17, 8], [8, 17, 9, 18], [20, 13, 21, 14], [12, 19, 13, 20], [2, 21, 3, 22], [22, 16, 1, 15], [14, 2, 15, 1], [4, 10, 5, 9], [6, 4, 7, 3], [10, 6, 11, 5]]"
11a_33_20,"[[10, 6, 11, 5], [18, 11, 19, 12], [16, 7, 17, 8], [8, 17, 9, 18], [20, 13, 21, 14], [12, 19, 13, 20], [2, 21, 3, 22], [22, 16, 1, 15], [14, 2, 15, 1], [4, 10, 5, 9], [6, 4, 7, 3]]"
11a_33_21,"[[6, 4, 7, 3], [10, 6, 11, 5], [18, 11, 19, 12], [16, 7, 17, 8], [8, 17, 9, 18], [20, 13, 21, 14], [12, 19, 13, 20], [2, 21, 3, 22], [22, 16, 1, 15], [14, 2, 15, 1], [4, 10, 5, 9]]"
11a_33_22,"[[5, 11, 6, 10], [7, 5, 8, 4], [11, 7, 12, 6], [19, 12, 20, 13], [17, 8, 18, 9], [9, 18, 10, 19], [21, 14, 22, 15], [13, 20, 14, 21], [3, 22, 4, 1], [1, 17, 2, 16], [15, 3, 16, 2]]"
11a_33_23,"[[15, 3, 16, 2], [5, 11, 6, 10], [7, 5, 8, 4], [11, 7, 12, 6], [19, 12, 20, 13], [17, 8, 18, 9], [9, 18, 10, 19], [21, 14, 22, 15], [13, 20, 14, 21], [3, 22, 4, 1], [1, 17, 2, 16]]"
11a_33_24,"[[1, 17, 2, 16], [15, 3, 16, 2], [5, 11, 6, 10], [7, 5, 8, 4], [11, 7, 12, 6], [19, 12, 20, 13], [17, 8, 18, 9], [9, 18, 10, 19], [21, 14, 22, 15], [13, 20, 14, 21], [3, 22, 4, 1]]"
11a_33_25,"[[3, 22, 4, 1], [1, 17, 2, 16], [15, 3, 16, 2], [5, 11, 6, 10], [7, 5, 8, 4], [11, 7, 12, 6], [19, 12, 20, 13], [17, 8, 18, 9], [9, 18, 10, 19], [21, 14, 22, 15], [13, 20, 14, 21]]"
11a_33_26,"[[13, 20, 14, 21], [3, 22, 4, 1], [1, 17, 2, 16], [15, 3, 16, 2], [5, 11, 6, 10], [7, 5, 8, 4], [11, 7, 12, 6], [19, 12, 20, 13], [17, 8, 18, 9], [9, 18, 10, 19], [21, 14, 22, 15]]"
11a_33_27,"[[21, 14, 22, 15], [13, 20, 14, 21], [3, 22, 4, 1], [1, 17, 2, 16], [15, 3, 16, 2], [5, 11, 6, 10], [7, 5, 8, 4], [11, 7, 12, 6], [19, 12, 20, 13], [17, 8, 18, 9], [9, 18, 10, 19]]"
11a_33_28,"[[9, 18, 10, 19], [21, 14, 22, 15], [13, 20, 14, 21], [3, 22, 4, 1], [1, 17, 2, 16], [15, 3, 16, 2], [5, 11, 6, 10], [7, 5, 8, 4], [11, 7, 12, 6], [19, 12, 20, 13], [17, 8, 18, 9]]"
11a_33_29,"[[17, 8, 18, 9], [9, 18, 10, 19], [21, 14, 22, 15], [13, 20, 14, 21], [3, 22, 4, 1], [1, 17, 2, 16], [15, 3, 16, 2], [5, 11, 6, 10], [7, 5, 8, 4], [11, 7, 12, 6], [19, 12, 20, 13]]"
11a_33_30,"[[19, 12, 20, 13], [17, 8, 18, 9], [9, 18, 10, 19], [21, 14, 22, 15], [13, 20, 14, 21], [3, 22, 4, 1], [1, 17, 2, 16], [15, 3, 16, 2], [5, 11, 6, 10], [7, 5, 8, 4], [11, 7, 12, 6]]"
11a_33_31,"[[11, 7, 12, 6], [19, 12, 20, 13], [17, 8, 18, 9], [9, 18, 10, 19], [21, 14, 22, 15], [13, 20, 14, 21], [3, 22, 4, 1], [1, 17, 2, 16], [15, 3, 16, 2], [5, 11, 6, 10], [7, 5, 8, 4]]"
11a_33_32,"[[7, 5, 8, 4], [11, 7, 12, 6], [19, 12, 20, 13], [17, 8, 18, 9], [9, 18, 10, 19], [21, 14, 22, 15], [13, 20, 14, 21], [3, 22, 4, 1], [1, 17, 2, 16], [15, 3, 16, 2], [5, 11, 6, 10]]"
11a_33_33,"[[6, 12, 7, 11], [8, 6, 9, 5], [12, 8, 13, 7], [20, 13, 21, 14], [18, 9, 19, 10], [10, 19, 11, 20], [22, 15, 1, 16], [14, 21, 15, 22], [4, 1, 5, 2], [2, 18, 3, 17], [16, 4, 17, 3]]"
11a_33_34,"[[16, 4, 17, 3], [6, 12, 7, 11], [8, 6, 9, 5], [12, 8, 13, 7], [20, 13, 21, 14], [18, 9, 19, 10], [10, 19, 11, 20], [22, 15, 1, 16], [14, 21, 15, 22], [4, 1, 5, 2], [2, 18, 3, 17]]"
11a_33_35,"[[2, 18, 3, 17], [16, 4, 17, 3], [6, 12, 7, 11], [8, 6, 9, 5], [12, 8, 13, 7], [20, 13, 21, 14], [18, 9, 19, 10], [10, 19, 11, 20], [22, 15, 1, 16], [14, 21, 15, 22], [4, 1, 5, 2]]"
11a_33_36,"[[4, 1, 5, 2], [2, 18, 3, 17], [16, 4, 17, 3], [6, 12, 7, 11], [8, 6, 9, 5], [12, 8, 13, 7], [20, 13, 21, 14], [18, 9, 19, 10], [10, 19, 11, 20], [22, 15, 1, 16], [14, 21, 15, 22]]"
11a_33_37,"[[14, 21, 15, 22], [4, 1, 5, 2], [2, 18, 3, 17], [16, 4, 17, 3], [6, 12, 7, 11], [8, 6, 9, 5], [12, 8, 13, 7], [20, 13, 21, 14], [18, 9, 19, 10], [10, 19, 11, 20], [22, 15, 1, 16]]"
11a_33_38,"[[22, 15, 1, 16], [14, 21, 15, 22], [4, 1, 5, 2], [2, 18, 3, 17], [16, 4, 17, 3], [6, 12, 7, 11], [8, 6, 9, 5], [12, 8, 13, 7], [20, 13, 21, 14], [18, 9, 19, 10], [10, 19, 11, 20]]"
11a_33_39,"[[10, 19, 11, 20], [22, 15, 1, 16], [14, 21, 15, 22], [4, 1, 5, 2], [2, 18, 3, 17], [16, 4, 17, 3], [6, 12, 7, 11], [8, 6, 9, 5], [12, 8, 13, 7], [20, 13, 21, 14], [18, 9, 19, 10]]"
11a_33_40,"[[18, 9, 19, 10], [10, 19, 11, 20], [22, 15, 1, 16], [14, 21, 15, 22], [4, 1, 5, 2], [2, 18, 3, 17], [16, 4, 17, 3], [6, 12, 7, 11], [8, 6, 9, 5], [12, 8, 13, 7], [20, 13, 21, 14]]"
11a_33_41,"[[20, 13, 21, 14], [18, 9, 19, 10], [10, 19, 11, 20], [22, 15, 1, 16], [14, 21, 15, 22], [4, 1, 5, 2], [2, 18, 3, 17], [16, 4, 17, 3], [6, 12, 7, 11], [8, 6, 9, 5], [12, 8, 13, 7]]"
11a_33_42,"[[12, 8, 13, 7], [20, 13, 21, 14], [18, 9, 19, 10], [10, 19, 11, 20], [22, 15, 1, 16], [14, 21, 15, 22], [4, 1, 5, 2], [2, 18, 3, 17], [16, 4, 17, 3], [6, 12, 7, 11], [8, 6, 9, 5]]"
11a_33_43,"[[8, 6, 9, 5], [12, 8, 13, 7], [20, 13, 21, 14], [18, 9, 19, 10], [10, 19, 11, 20], [22, 15, 1, 16], [14, 21, 15, 22], [4, 1, 5, 2], [2, 18, 3, 17], [16, 4, 17, 3], [6, 12, 7, 11]]"
11a_33_44,"[[7, 13, 8, 12], [9, 7, 10, 6], [13, 9, 14, 8], [21, 14, 22, 15], [19, 10, 20, 11], [11, 20, 12, 21], [1, 16, 2, 17], [15, 22, 16, 1], [5, 2, 6, 3], [3, 19, 4, 18], [17, 5, 18, 4]]"
11a_33_45,"[[17, 5, 18, 4], [7, 13, 8, 12], [9, 7, 10, 6], [13, 9, 14, 8], [21, 14, 22, 15], [19, 10, 20, 11], [11, 20, 12, 21], [1, 16, 2, 17], [15, 22, 16, 1], [5, 2, 6, 3], [3, 19, 4, 18]]"
11a_33_46,"[[3, 19, 4, 18], [17, 5, 18, 4], [7, 13, 8, 12], [9, 7, 10, 6], [13, 9, 14, 8], [21, 14, 22, 15], [19, 10, 20, 11], [11, 20, 12, 21], [1, 16, 2, 17], [15, 22, 16, 1], [5, 2, 6, 3]]"
11a_33_47,"[[5, 2, 6, 3], [3, 19, 4, 18], [17, 5, 18, 4], [7, 13, 8, 12], [9, 7, 10, 6], [13, 9, 14, 8], [21, 14, 22, 15], [19, 10, 20, 11], [11, 20, 12, 21], [1, 16, 2, 17], [15, 22, 16, 1]]"
11a_33_48,"[[15, 22, 16, 1], [5, 2, 6, 3], [3, 19, 4, 18], [17, 5, 18, 4], [7, 13, 8, 12], [9, 7, 10, 6], [13, 9, 14, 8], [21, 14, 22, 15], [19, 10, 20, 11], [11, 20, 12, 21], [1, 16, 2, 17]]"
11a_33_49,"[[1, 16, 2, 17], [15, 22, 16, 1], [5, 2, 6, 3], [3, 19, 4, 18], [17, 5, 18, 4], [7, 13, 8, 12], [9, 7, 10, 6], [13, 9, 14, 8], [21, 14, 22, 15], [19, 10, 20, 11], [11, 20, 12, 21]]"
11a_33_50,"[[11, 20, 12, 21], [1, 16, 2, 17], [15, 22, 16, 1], [5, 2, 6, 3], [3, 19, 4, 18], [17, 5, 18, 4], [7, 13, 8, 12], [9, 7, 10, 6], [13, 9, 14, 8], [21, 14, 22, 15], [19, 10, 20, 11]]"
11a_33_51,"[[19, 10, 20, 11], [11, 20, 12, 21], [1, 16, 2, 17], [15, 22, 16, 1], [5, 2, 6, 3], [3, 19, 4, 18], [17, 5, 18, 4], [7, 13, 8, 12], [9, 7, 10, 6], [13, 9, 14, 8], [21, 14, 22, 15]]"
11a_33_52,"[[21, 14, 22, 15], [19, 10, 20, 11], [11, 20, 12, 21], [1, 16, 2, 17], [15, 22, 16, 1], [5, 2, 6, 3], [3, 19, 4, 18], [17, 5, 18, 4], [7, 13, 8, 12], [9, 7, 10, 6], [13, 9, 14, 8]]"
11a_33_53,"[[13, 9, 14, 8], [21, 14, 22, 15], [19, 10, 20, 11], [11, 20, 12, 21], [1, 16, 2, 17], [15, 22, 16, 1], [5, 2, 6, 3], [3, 19, 4, 18], [17, 5, 18, 4], [7, 13, 8, 12], [9, 7, 10, 6]]"
11a_33_54,"[[9, 7, 10, 6], [13, 9, 14, 8], [21, 14, 22, 15], [19, 10, 20, 11], [11, 20, 12, 21], [1, 16, 2, 17], [15, 22, 16, 1], [5, 2, 6, 3], [3, 19, 4, 18], [17, 5, 18, 4], [7, 13, 8, 12]]"
11a_33_55,"[[8, 14, 9, 13], [10, 8, 11, 7], [14, 10, 15, 9], [22, 15, 1, 16], [20, 11, 21, 12], [12, 21, 13, 22], [2, 17, 3, 18], [16, 1, 17, 2], [6, 3, 7, 4], [4, 20, 5, 19], [18, 6, 19, 5]]"
11a_33_56,"[[18, 6, 19, 5], [8, 14, 9, 13], [10, 8, 11, 7], [14, 10, 15, 9], [22, 15, 1, 16], [20, 11, 21, 12], [12, 21, 13, 22], [2, 17, 3, 18], [16, 1, 17, 2], [6, 3, 7, 4], [4, 20, 5, 19]]"
11a_33_57,"[[4, 20, 5, 19], [18, 6, 19, 5], [8, 14, 9, 13], [10, 8, 11, 7], [14, 10, 15, 9], [22, 15, 1, 16], [20, 11, 21, 12], [12, 21, 13, 22], [2, 17, 3, 18], [16, 1, 17, 2], [6, 3, 7, 4]]"
11a_33_58,"[[6, 3, 7, 4], [4, 20, 5, 19], [18, 6, 19, 5], [8, 14, 9, 13], [10, 8, 11, 7], [14, 10, 15, 9], [22, 15, 1, 16], [20, 11, 21, 12], [12, 21, 13, 22], [2, 17, 3, 18], [16, 1, 17, 2]]"
11a_33_59,"[[16, 1, 17, 2], [6, 3, 7, 4], [4, 20, 5, 19], [18, 6, 19, 5], [8, 14, 9, 13], [10, 8, 11, 7], [14, 10, 15, 9], [22, 15, 1, 16], [20, 11, 21, 12], [12, 21, 13, 22], [2, 17, 3, 18]]"
11a_33_60,"[[2, 17, 3, 18], [16, 1, 17, 2], [6, 3, 7, 4], [4, 20, 5, 19], [18, 6, 19, 5], [8, 14, 9, 13], [10, 8, 11, 7], [14, 10, 15, 9], [22, 15, 1, 16], [20, 11, 21, 12], [12, 21, 13, 22]]"
11a_33_61,"[[12, 21, 13, 22], [2, 17, 3, 18], [16, 1, 17, 2], [6, 3, 7, 4], [4, 20, 5, 19], [18, 6, 19, 5], [8, 14, 9, 13], [10, 8, 11, 7], [14, 10, 15, 9], [22, 15, 1, 16], [20, 11, 21, 12]]"
11a_33_62,"[[20, 11, 21, 12], [12, 21, 13, 22], [2, 17, 3, 18], [16, 1, 17, 2], [6, 3, 7, 4], [4, 20, 5, 19], [18, 6, 19, 5], [8, 14, 9, 13], [10, 8, 11, 7], [14, 10, 15, 9], [22, 15, 1, 16]]"
11a_33_63,"[[22, 15, 1, 16], [20, 11, 21, 12], [12, 21, 13, 22], [2, 17, 3, 18], [16, 1, 17, 2], [6, 3, 7, 4], [4, 20, 5, 19], [18, 6, 19, 5], [8, 14, 9, 13], [10, 8, 11, 7], [14, 10, 15, 9]]"
11a_33_64,"[[14, 10, 15, 9], [22, 15, 1, 16], [20, 11, 21, 12], [12, 21, 13, 22], [2, 17, 3, 18], [16, 1, 17, 2], [6, 3, 7, 4], [4, 20, 5, 19], [18, 6, 19, 5], [8, 14, 9, 13], [10, 8, 11, 7]]"
11a_33_65,"[[10, 8, 11, 7], [14, 10, 15, 9], [22, 15, 1, 16], [20, 11, 21, 12], [12, 21, 13, 22], [2, 17, 3, 18], [16, 1, 17, 2], [6, 3, 7, 4], [4, 20, 5, 19], [18, 6, 19, 5], [8, 14, 9, 13]]"
11a_33_66,"[[9, 15, 10, 14], [11, 9, 12, 8], [15, 11, 16, 10], [1, 16, 2, 17], [21, 12, 22, 13], [13, 22, 14, 1], [3, 18, 4, 19], [17, 2, 18, 3], [7, 4, 8, 5], [5, 21, 6, 20], [19, 7, 20, 6]]"
11a_33_67,"[[19, 7, 20, 6], [9, 15, 10, 14], [11, 9, 12, 8], [15, 11, 16, 10], [1, 16, 2, 17], [21, 12, 22, 13], [13, 22, 14, 1], [3, 18, 4, 19], [17, 2, 18, 3], [7, 4, 8, 5], [5, 21, 6, 20]]"
11a_33_68,"[[5, 21, 6, 20], [19, 7, 20, 6], [9, 15, 10, 14], [11, 9, 12, 8], [15, 11, 16, 10], [1, 16, 2, 17], [21, 12, 22, 13], [13, 22, 14, 1], [3, 18, 4, 19], [17, 2, 18, 3], [7, 4, 8, 5]]"
11a_33_69,"[[7, 4, 8, 5], [5, 21, 6, 20], [19, 7, 20, 6], [9, 15, 10, 14], [11, 9, 12, 8], [15, 11, 16, 10], [1, 16, 2, 17], [21, 12, 22, 13], [13, 22, 14, 1], [3, 18, 4, 19], [17, 2, 18, 3]]"
11a_33_70,"[[17, 2, 18, 3], [7, 4, 8, 5], [5, 21, 6, 20], [19, 7, 20, 6], [9, 15, 10, 14], [11, 9, 12, 8], [15, 11, 16, 10], [1, 16, 2, 17], [21, 12, 22, 13], [13, 22, 14, 1], [3, 18, 4, 19]]"
11a_33_71,"[[3, 18, 4, 19], [17, 2, 18, 3], [7, 4, 8, 5], [5, 21, 6, 20], [19, 7, 20, 6], [9, 15, 10, 14], [11, 9, 12, 8], [15, 11, 16, 10], [1, 16, 2, 17], [21, 12, 22, 13], [13, 22, 14, 1]]"
11a_33_72,"[[13, 22, 14, 1], [3, 18, 4, 19], [17, 2, 18, 3], [7, 4, 8, 5], [5, 21, 6, 20], [19, 7, 20, 6], [9, 15, 10, 14], [11, 9, 12, 8], [15, 11, 16, 10], [1, 16, 2, 17], [21, 12, 22, 13]]"
11a_33_73,"[[21, 12, 22, 13], [13, 22, 14, 1], [3, 18, 4, 19], [17, 2, 18, 3], [7, 4, 8, 5], [5, 21, 6, 20], [19, 7, 20, 6], [9, 15, 10, 14], [11, 9, 12, 8], [15, 11, 16, 10], [1, 16, 2, 17]]"
11a_33_74,"[[1, 16, 2, 17], [21, 12, 22, 13], [13, 22, 14, 1], [3, 18, 4, 19], [17, 2, 18, 3], [7, 4, 8, 5], [5, 21, 6, 20], [19, 7, 20, 6], [9, 15, 10, 14], [11, 9, 12, 8], [15, 11, 16, 10]]"
11a_33_75,"[[15, 11, 16, 10], [1, 16, 2, 17], [21, 12, 22, 13], [13, 22, 14, 1], [3, 18, 4, 19], [17, 2, 18, 3], [7, 4, 8, 5], [5, 21, 6, 20], [19, 7, 20, 6], [9, 15, 10, 14], [11, 9, 12, 8]]"
11a_33_76,"[[11, 9, 12, 8], [15, 11, 16, 10], [1, 16, 2, 17], [21, 12, 22, 13], [13, 22, 14, 1], [3, 18, 4, 19], [17, 2, 18, 3], [7, 4, 8, 5], [5, 21, 6, 20], [19, 7, 20, 6], [9, 15, 10, 14]]"
11a_33_77,"[[10, 16, 11, 15], [12, 10, 13, 9], [16, 12, 17, 11], [2, 17, 3, 18], [22, 13, 1, 14], [14, 1, 15, 2], [4, 19, 5, 20], [18, 3, 19, 4], [8, 5, 9, 6], [6, 22, 7, 21], [20, 8, 21, 7]]"
11a_33_78,"[[20, 8, 21, 7], [10, 16, 11, 15], [12, 10, 13, 9], [16, 12, 17, 11], [2, 17, 3, 18], [22, 13, 1, 14], [14, 1, 15, 2], [4, 19, 5, 20], [18, 3, 19, 4], [8, 5, 9, 6], [6, 22, 7, 21]]"
11a_33_79,"[[6, 22, 7, 21], [20, 8, 21, 7], [10, 16, 11, 15], [12, 10, 13, 9], [16, 12, 17, 11], [2, 17, 3, 18], [22, 13, 1, 14], [14, 1, 15, 2], [4, 19, 5, 20], [18, 3, 19, 4], [8, 5, 9, 6]]"
11a_33_80,"[[8, 5, 9, 6], [6, 22, 7, 21], [20, 8, 21, 7], [10, 16, 11, 15], [12, 10, 13, 9], [16, 12, 17, 11], [2, 17, 3, 18], [22, 13, 1, 14], [14, 1, 15, 2], [4, 19, 5, 20], [18, 3, 19, 4]]"
11a_33_81,"[[18, 3, 19, 4], [8, 5, 9, 6], [6, 22, 7, 21], [20, 8, 21, 7], [10, 16, 11, 15], [12, 10, 13, 9], [16, 12, 17, 11], [2, 17, 3, 18], [22, 13, 1, 14], [14, 1, 15, 2], [4, 19, 5, 20]]"
11a_33_82,"[[4, 19, 5, 20], [18, 3, 19, 4], [8, 5, 9, 6], [6, 22, 7, 21], [20, 8, 21, 7], [10, 16, 11, 15], [12, 10, 13, 9], [16, 12, 17, 11], [2, 17, 3, 18], [22, 13, 1, 14], [14, 1, 15, 2]]"
11a_33_83,"[[14, 1, 15, 2], [4, 19, 5, 20], [18, 3, 19, 4], [8, 5, 9, 6], [6, 22, 7, 21], [20, 8, 21, 7], [10, 16, 11, 15], [12, 10, 13, 9], [16, 12, 17, 11], [2, 17, 3, 18], [22, 13, 1, 14]]"
11a_33_84,"[[22, 13, 1, 14], [14, 1, 15, 2], [4, 19, 5, 20], [18, 3, 19, 4], [8, 5, 9, 6], [6, 22, 7, 21], [20, 8, 21, 7], [10, 16, 11, 15], [12, 10, 13, 9], [16, 12, 17, 11], [2, 17, 3, 18]]"
11a_33_85,"[[2, 17, 3, 18], [22, 13, 1, 14], [14, 1, 15, 2], [4, 19, 5, 20], [18, 3, 19, 4], [8, 5, 9, 6], [6, 22, 7, 21], [20, 8, 21, 7], [10, 16, 11, 15], [12, 10, 13, 9], [16, 12, 17, 11]]"
11a_33_86,"[[16, 12, 17, 11], [2, 17, 3, 18], [22, 13, 1, 14], [14, 1, 15, 2], [4, 19, 5, 20], [18, 3, 19, 4], [8, 5, 9, 6], [6, 22, 7, 21], [20, 8, 21, 7], [10, 16, 11, 15], [12, 10, 13, 9]]"
11a_33_87,"[[12, 10, 13, 9], [16, 12, 17, 11], [2, 17, 3, 18], [22, 13, 1, 14], [14, 1, 15, 2], [4, 19, 5, 20], [18, 3, 19, 4], [8, 5, 9, 6], [6, 22, 7, 21], [20, 8, 21, 7], [10, 16, 11, 15]]"
11a_33_88,"[[11, 17, 12, 16], [13, 11, 14, 10], [17, 13, 18, 12], [3, 18, 4, 19], [1, 14, 2, 15], [15, 2, 16, 3], [5, 20, 6, 21], [19, 4, 20, 5], [9, 6, 10, 7], [7, 1, 8, 22], [21, 9, 22, 8]]"
11a_33_89,"[[21, 9, 22, 8], [11, 17, 12, 16], [13, 11, 14, 10], [17, 13, 18, 12], [3, 18, 4, 19], [1, 14, 2, 15], [15, 2, 16, 3], [5, 20, 6, 21], [19, 4, 20, 5], [9, 6, 10, 7], [7, 1, 8, 22]]"
11a_33_90,"[[7, 1, 8, 22], [21, 9, 22, 8], [11, 17, 12, 16], [13, 11, 14, 10], [17, 13, 18, 12], [3, 18, 4, 19], [1, 14, 2, 15], [15, 2, 16, 3], [5, 20, 6, 21], [19, 4, 20, 5], [9, 6, 10, 7]]"
11a_33_91,"[[9, 6, 10, 7], [7, 1, 8, 22], [21, 9, 22, 8], [11, 17, 12, 16], [13, 11, 14, 10], [17, 13, 18, 12], [3, 18, 4, 19], [1, 14, 2, 15], [15, 2, 16, 3], [5, 20, 6, 21], [19, 4, 20, 5]]"
11a_33_92,"[[19, 4, 20, 5], [9, 6, 10, 7], [7, 1, 8, 22], [21, 9, 22, 8], [11, 17, 12, 16], [13, 11, 14, 10], [17, 13, 18, 12], [3, 18, 4, 19], [1, 14, 2, 15], [15, 2, 16, 3], [5, 20, 6, 21]]"
11a_33_93,"[[5, 20, 6, 21], [19, 4, 20, 5], [9, 6, 10, 7], [7, 1, 8, 22], [21, 9, 22, 8], [11, 17, 12, 16], [13, 11, 14, 10], [17, 13, 18, 12], [3, 18, 4, 19], [1, 14, 2, 15], [15, 2, 16, 3]]"
11a_33_94,"[[15, 2, 16, 3], [5, 20, 6, 21], [19, 4, 20, 5], [9, 6, 10, 7], [7, 1, 8, 22], [21, 9, 22, 8], [11, 17, 12, 16], [13, 11, 14, 10], [17, 13, 18, 12], [3, 18, 4, 19], [1, 14, 2, 15]]"
11a_33_95,"[[1, 14, 2, 15], [15, 2, 16, 3], [5, 20, 6, 21], [19, 4, 20, 5], [9, 6, 10, 7], [7, 1, 8, 22], [21, 9, 22, 8], [11, 17, 12, 16], [13, 11, 14, 10], [17, 13, 18, 12], [3, 18, 4, 19]]"
11a_33_96,"[[3, 18, 4, 19], [1, 14, 2, 15], [15, 2, 16, 3], [5, 20, 6, 21], [19, 4, 20, 5], [9, 6, 10, 7], [7, 1, 8, 22], [21, 9, 22, 8], [11, 17, 12, 16], [13, 11, 14, 10], [17, 13, 18, 12]]"
11a_33_97,"[[17, 13, 18, 12], [3, 18, 4, 19], [1, 14, 2, 15], [15, 2, 16, 3], [5, 20, 6, 21], [19, 4, 20, 5], [9, 6, 10, 7], [7, 1, 8, 22], [21, 9, 22, 8], [11, 17, 12, 16], [13, 11, 14, 10]]"
11a_33_98,"[[13, 11, 14, 10], [17, 13, 18, 12], [3, 18, 4, 19], [1, 14, 2, 15], [15, 2, 16, 3], [5, 20, 6, 21], [19, 4, 20, 5], [9, 6, 10, 7], [7, 1, 8, 22], [21, 9, 22, 8], [11, 17, 12, 16]]"
11a_33_99,"[[12, 18, 13, 17], [14, 12, 15, 11], [18, 14, 19, 13], [4, 19, 5, 20], [2, 15, 3, 16], [16, 3, 17, 4], [6, 21, 7, 22], [20, 5, 21, 6], [10, 7, 11, 8], [8, 2, 9, 1], [22, 10, 1, 9]]"
11a_33_100,"[[22, 10, 1, 9], [12, 18, 13, 17], [14, 12, 15, 11], [18, 14, 19, 13], [4, 19, 5, 20], [2, 15, 3, 16], [16, 3, 17, 4], [6, 21, 7, 22], [20, 5, 21, 6], [10, 7, 11, 8], [8, 2, 9, 1]]"
11a_33_101,"[[8, 2, 9, 1], [22, 10, 1, 9], [12, 18, 13, 17], [14, 12, 15, 11], [18, 14, 19, 13], [4, 19, 5, 20], [2, 15, 3, 16], [16, 3, 17, 4], [6, 21, 7, 22], [20, 5, 21, 6], [10, 7, 11, 8]]"
11a_33_102,"[[10, 7, 11, 8], [8, 2, 9, 1], [22, 10, 1, 9], [12, 18, 13, 17], [14, 12, 15, 11], [18, 14, 19, 13], [4, 19, 5, 20], [2, 15, 3, 16], [16, 3, 17, 4], [6, 21, 7, 22], [20, 5, 21, 6]]"
11a_33_103,"[[20, 5, 21, 6], [10, 7, 11, 8], [8, 2, 9, 1], [22, 10, 1, 9], [12, 18, 13, 17], [14, 12, 15, 11], [18, 14, 19, 13], [4, 19, 5, 20], [2, 15, 3, 16], [16, 3, 17, 4], [6, 21, 7, 22]]"
11a_33_104,"[[6, 21, 7, 22], [20, 5, 21, 6], [10, 7, 11, 8], [8, 2, 9, 1], [22, 10, 1, 9], [12, 18, 13, 17], [14, 12, 15, 11], [18, 14, 19, 13], [4, 19, 5, 20], [2, 15, 3, 16], [16, 3, 17, 4]]"
11a_33_105,"[[16, 3, 17, 4], [6, 21, 7, 22], [20, 5, 21, 6], [10, 7, 11, 8], [8, 2, 9, 1], [22, 10, 1, 9], [12, 18, 13, 17], [14, 12, 15, 11], [18, 14, 19, 13], [4, 19, 5, 20], [2, 15, 3, 16]]"
11a_33_106,"[[2, 15, 3, 16], [16, 3, 17, 4], [6, 21, 7, 22], [20, 5, 21, 6], [10, 7, 11, 8], [8, 2, 9, 1], [22, 10, 1, 9], [12, 18, 13, 17], [14, 12, 15, 11], [18, 14, 19, 13], [4, 19, 5, 20]]"
11a_33_107,"[[4, 19, 5, 20], [2, 15, 3, 16], [16, 3, 17, 4], [6, 21, 7, 22], [20, 5, 21, 6], [10, 7, 11, 8], [8, 2, 9, 1], [22, 10, 1, 9], [12, 18, 13, 17], [14, 12, 15, 11], [18, 14, 19, 13]]"
11a_33_108,"[[18, 14, 19, 13], [4, 19, 5, 20], [2, 15, 3, 16], [16, 3, 17, 4], [6, 21, 7, 22], [20, 5, 21, 6], [10, 7, 11, 8], [8, 2, 9, 1], [22, 10, 1, 9], [12, 18, 13, 17], [14, 12, 15, 11]]"
11a_33_109,"[[14, 12, 15, 11], [18, 14, 19, 13], [4, 19, 5, 20], [2, 15, 3, 16], [16, 3, 17, 4], [6, 21, 7, 22], [20, 5, 21, 6], [10, 7, 11, 8], [8, 2, 9, 1], [22, 10, 1, 9], [12, 18, 13, 17]]"
11a_33_110,"[[13, 19, 14, 18], [15, 13, 16, 12], [19, 15, 20, 14], [5, 20, 6, 21], [3, 16, 4, 17], [17, 4, 18, 5], [7, 22, 8, 1], [21, 6, 22, 7], [11, 8, 12, 9], [9, 3, 10, 2], [1, 11, 2, 10]]"
11a_33_111,"[[1, 11, 2, 10], [13, 19, 14, 18], [15, 13, 16, 12], [19, 15, 20, 14], [5, 20, 6, 21], [3, 16, 4, 17], [17, 4, 18, 5], [7, 22, 8, 1], [21, 6, 22, 7], [11, 8, 12, 9], [9, 3, 10, 2]]"
11a_33_112,"[[9, 3, 10, 2], [1, 11, 2, 10], [13, 19, 14, 18], [15, 13, 16, 12], [19, 15, 20, 14], [5, 20, 6, 21], [3, 16, 4, 17], [17, 4, 18, 5], [7, 22, 8, 1], [21, 6, 22, 7], [11, 8, 12, 9]]"
11a_33_113,"[[11, 8, 12, 9], [9, 3, 10, 2], [1, 11, 2, 10], [13, 19, 14, 18], [15, 13, 16, 12], [19, 15, 20, 14], [5, 20, 6, 21], [3, 16, 4, 17], [17, 4, 18, 5], [7, 22, 8, 1], [21, 6, 22, 7]]"
11a_33_114,"[[21, 6, 22, 7], [11, 8, 12, 9], [9, 3, 10, 2], [1, 11, 2, 10], [13, 19, 14, 18], [15, 13, 16, 12], [19, 15, 20, 14], [5, 20, 6, 21], [3, 16, 4, 17], [17, 4, 18, 5], [7, 22, 8, 1]]"
11a_33_115,"[[7, 22, 8, 1], [21, 6, 22, 7], [11, 8, 12, 9], [9, 3, 10, 2], [1, 11, 2, 10], [13, 19, 14, 18], [15, 13, 16, 12], [19, 15, 20, 14], [5, 20, 6, 21], [3, 16, 4, 17], [17, 4, 18, 5]]"
11a_33_116,"[[17, 4, 18, 5], [7, 22, 8, 1], [21, 6, 22, 7], [11, 8, 12, 9], [9, 3, 10, 2], [1, 11, 2, 10], [13, 19, 14, 18], [15, 13, 16, 12], [19, 15, 20, 14], [5, 20, 6, 21], [3, 16, 4, 17]]"
11a_33_117,"[[3, 16, 4, 17], [17, 4, 18, 5], [7, 22, 8, 1], [21, 6, 22, 7], [11, 8, 12, 9], [9, 3, 10, 2], [1, 11, 2, 10], [13, 19, 14, 18], [15, 13, 16, 12], [19, 15, 20, 14], [5, 20, 6, 21]]"
11a_33_118,"[[5, 20, 6, 21], [3, 16, 4, 17], [17, 4, 18, 5], [7, 22, 8, 1], [21, 6, 22, 7], [11, 8, 12, 9], [9, 3, 10, 2], [1, 11, 2, 10], [13, 19, 14, 18], [15, 13, 16, 12], [19, 15, 20, 14]]"
11a_33_119,"[[19, 15, 20, 14], [5, 20, 6, 21], [3, 16, 4, 17], [17, 4, 18, 5], [7, 22, 8, 1], [21, 6, 22, 7], [11, 8, 12, 9], [9, 3, 10, 2], [1, 11, 2, 10], [13, 19, 14, 18], [15, 13, 16, 12]]"
11a_33_120,"[[15, 13, 16, 12], [19, 15, 20, 14], [5, 20, 6, 21], [3, 16, 4, 17], [17, 4, 18, 5], [7, 22, 8, 1], [21, 6, 22, 7], [11, 8, 12, 9], [9, 3, 10, 2], [1, 11, 2, 10], [13, 19, 14, 18]]"
11a_33_121,"[[14, 20, 15, 19], [16, 14, 17, 13], [20, 16, 21, 15], [6, 21, 7, 22], [4, 17, 5, 18], [18, 5, 19, 6], [8, 1, 9, 2], [22, 7, 1, 8], [12, 9, 13, 10], [10, 4, 11, 3], [2, 12, 3, 11]]"
11a_33_122,"[[2, 12, 3, 11], [14, 20, 15, 19], [16, 14, 17, 13], [20, 16, 21, 15], [6, 21, 7, 22], [4, 17, 5, 18], [18, 5, 19, 6], [8, 1, 9, 2], [22, 7, 1, 8], [12, 9, 13, 10], [10, 4, 11, 3]]"
11a_33_123,"[[10, 4, 11, 3], [2, 12, 3, 11], [14, 20, 15, 19], [16, 14, 17, 13], [20, 16, 21, 15], [6, 21, 7, 22], [4, 17, 5, 18], [18, 5, 19, 6], [8, 1, 9, 2], [22, 7, 1, 8], [12, 9, 13, 10]]"
11a_33_124,"[[12, 9, 13, 10], [10, 4, 11, 3], [2, 12, 3, 11], [14, 20, 15, 19], [16, 14, 17, 13], [20, 16, 21, 15], [6, 21, 7, 22], [4, 17, 5, 18], [18, 5, 19, 6], [8, 1, 9, 2], [22, 7, 1, 8]]"
11a_33_125,"[[22, 7, 1, 8], [12, 9, 13, 10], [10, 4, 11, 3], [2, 12, 3, 11], [14, 20, 15, 19], [16, 14, 17, 13], [20, 16, 21, 15], [6, 21, 7, 22], [4, 17, 5, 18], [18, 5, 19, 6], [8, 1, 9, 2]]"
11a_33_126,"[[8, 1, 9, 2], [22, 7, 1, 8], [12, 9, 13, 10], [10, 4, 11, 3], [2, 12, 3, 11], [14, 20, 15, 19], [16, 14, 17, 13], [20, 16, 21, 15], [6, 21, 7, 22], [4, 17, 5, 18], [18, 5, 19, 6]]"
11a_33_127,"[[18, 5, 19, 6], [8, 1, 9, 2], [22, 7, 1, 8], [12, 9, 13, 10], [10, 4, 11, 3], [2, 12, 3, 11], [14, 20, 15, 19], [16, 14, 17, 13], [20, 16, 21, 15], [6, 21, 7, 22], [4, 17, 5, 18]]"
11a_33_128,"[[4, 17, 5, 18], [18, 5, 19, 6], [8, 1, 9, 2], [22, 7, 1, 8], [12, 9, 13, 10], [10, 4, 11, 3], [2, 12, 3, 11], [14, 20, 15, 19], [16, 14, 17, 13], [20, 16, 21, 15], [6, 21, 7, 22]]"
11a_33_129,"[[6, 21, 7, 22], [4, 17, 5, 18], [18, 5, 19, 6], [8, 1, 9, 2], [22, 7, 1, 8], [12, 9, 13, 10], [10, 4, 11, 3], [2, 12, 3, 11], [14, 20, 15, 19], [16, 14, 17, 13], [20, 16, 21, 15]]"
11a_33_130,"[[20, 16, 21, 15], [6, 21, 7, 22], [4, 17, 5, 18], [18, 5, 19, 6], [8, 1, 9, 2], [22, 7, 1, 8], [12, 9, 13, 10], [10, 4, 11, 3], [2, 12, 3, 11], [14, 20, 15, 19], [16, 14, 17, 13]]"
11a_33_131,"[[16, 14, 17, 13], [20, 16, 21, 15], [6, 21, 7, 22], [4, 17, 5, 18], [18, 5, 19, 6], [8, 1, 9, 2], [22, 7, 1, 8], [12, 9, 13, 10], [10, 4, 11, 3], [2, 12, 3, 11], [14, 20, 15, 19]]"
11a_33_132,"[[15, 21, 16, 20], [17, 15, 18, 14], [21, 17, 22, 16], [7, 22, 8, 1], [5, 18, 6, 19], [19, 6, 20, 7], [9, 2, 10, 3], [1, 8, 2, 9], [13, 10, 14, 11], [11, 5, 12, 4], [3, 13, 4, 12]]"
11a_33_133,"[[3, 13, 4, 12], [15, 21, 16, 20], [17, 15, 18, 14], [21, 17, 22, 16], [7, 22, 8, 1], [5, 18, 6, 19], [19, 6, 20, 7], [9, 2, 10, 3], [1, 8, 2, 9], [13, 10, 14, 11], [11, 5, 12, 4]]"
11a_33_134,"[[11, 5, 12, 4], [3, 13, 4, 12], [15, 21, 16, 20], [17, 15, 18, 14], [21, 17, 22, 16], [7, 22, 8, 1], [5, 18, 6, 19], [19, 6, 20, 7], [9, 2, 10, 3], [1, 8, 2, 9], [13, 10, 14, 11]]"
11a_33_135,"[[13, 10, 14, 11], [11, 5, 12, 4], [3, 13, 4, 12], [15, 21, 16, 20], [17, 15, 18, 14], [21, 17, 22, 16], [7, 22, 8, 1], [5, 18, 6, 19], [19, 6, 20, 7], [9, 2, 10, 3], [1, 8, 2, 9]]"
11a_33_136,"[[1, 8, 2, 9], [13, 10, 14, 11], [11, 5, 12, 4], [3, 13, 4, 12], [15, 21, 16, 20], [17, 15, 18, 14], [21, 17, 22, 16], [7, 22, 8, 1], [5, 18, 6, 19], [19, 6, 20, 7], [9, 2, 10, 3]]"
11a_33_137,"[[9, 2, 10, 3], [1, 8, 2, 9], [13, 10, 14, 11], [11, 5, 12, 4], [3, 13, 4, 12], [15, 21, 16, 20], [17, 15, 18, 14], [21, 17, 22, 16], [7, 22, 8, 1], [5, 18, 6, 19], [19, 6, 20, 7]]"
11a_33_138,"[[19, 6, 20, 7], [9, 2, 10, 3], [1, 8, 2, 9], [13, 10, 14, 11], [11, 5, 12, 4], [3, 13, 4, 12], [15, 21, 16, 20], [17, 15, 18, 14], [21, 17, 22, 16], [7, 22, 8, 1], [5, 18, 6, 19]]"
11a_33_139,"[[5, 18, 6, 19], [19, 6, 20, 7], [9, 2, 10, 3], [1, 8, 2, 9], [13, 10, 14, 11], [11, 5, 12, 4], [3, 13, 4, 12], [15, 21, 16, 20], [17, 15, 18, 14], [21, 17, 22, 16], [7, 22, 8, 1]]"
11a_33_140,"[[7, 22, 8, 1], [5, 18, 6, 19], [19, 6, 20, 7], [9, 2, 10, 3], [1, 8, 2, 9], [13, 10, 14, 11], [11, 5, 12, 4], [3, 13, 4, 12], [15, 21, 16, 20], [17, 15, 18, 14], [21, 17, 22, 16]]"
11a_33_141,"[[21, 17, 22, 16], [7, 22, 8, 1], [5, 18, 6, 19], [19, 6, 20, 7], [9, 2, 10, 3], [1, 8, 2, 9], [13, 10, 14, 11], [11, 5, 12, 4], [3, 13, 4, 12], [15, 21, 16, 20], [17, 15, 18, 14]]"
11a_33_142,"[[17, 15, 18, 14], [21, 17, 22, 16], [7, 22, 8, 1], [5, 18, 6, 19], [19, 6, 20, 7], [9, 2, 10, 3], [1, 8, 2, 9], [13, 10, 14, 11], [11, 5, 12, 4], [3, 13, 4, 12], [15, 21, 16, 20]]"
11a_33_143,"[[16, 22, 17, 21], [18, 16, 19, 15], [22, 18, 1, 17], [8, 1, 9, 2], [6, 19, 7, 20], [20, 7, 21, 8], [10, 3, 11, 4], [2, 9, 3, 10], [14, 11, 15, 12], [12, 6, 13, 5], [4, 14, 5, 13]]"
11a_33_144,"[[4, 14, 5, 13], [16, 22, 17, 21], [18, 16, 19, 15], [22, 18, 1, 17], [8, 1, 9, 2], [6, 19, 7, 20], [20, 7, 21, 8], [10, 3, 11, 4], [2, 9, 3, 10], [14, 11, 15, 12], [12, 6, 13, 5]]"
11a_33_145,"[[12, 6, 13, 5], [4, 14, 5, 13], [16, 22, 17, 21], [18, 16, 19, 15], [22, 18, 1, 17], [8, 1, 9, 2], [6, 19, 7, 20], [20, 7, 21, 8], [10, 3, 11, 4], [2, 9, 3, 10], [14, 11, 15, 12]]"
11a_33_146,"[[14, 11, 15, 12], [12, 6, 13, 5], [4, 14, 5, 13], [16, 22, 17, 21], [18, 16, 19, 15], [22, 18, 1, 17], [8, 1, 9, 2], [6, 19, 7, 20], [20, 7, 21, 8], [10, 3, 11, 4], [2, 9, 3, 10]]"
11a_33_147,"[[2, 9, 3, 10], [14, 11, 15, 12], [12, 6, 13, 5], [4, 14, 5, 13], [16, 22, 17, 21], [18, 16, 19, 15], [22, 18, 1, 17], [8, 1, 9, 2], [6, 19, 7, 20], [20, 7, 21, 8], [10, 3, 11, 4]]"
11a_33_148,"[[10, 3, 11, 4], [2, 9, 3, 10], [14, 11, 15, 12], [12, 6, 13, 5], [4, 14, 5, 13], [16, 22, 17, 21], [18, 16, 19, 15], [22, 18, 1, 17], [8, 1, 9, 2], [6, 19, 7, 20], [20, 7, 21, 8]]"
11a_33_149,"[[20, 7, 21, 8], [10, 3, 11, 4], [2, 9, 3, 10], [14, 11, 15, 12], [12, 6, 13, 5], [4, 14, 5, 13], [16, 22, 17, 21], [18, 16, 19, 15], [22, 18, 1, 17], [8, 1, 9, 2], [6, 19, 7, 20]]"
11a_33_150,"[[6, 19, 7, 20], [20, 7, 21, 8], [10, 3, 11, 4], [2, 9, 3, 10], [14, 11, 15, 12], [12, 6, 13, 5], [4, 14, 5, 13], [16, 22, 17, 21], [18, 16, 19, 15], [22, 18, 1, 17], [8, 1, 9, 2]]"
11a_33_151,"[[8, 1, 9, 2], [6, 19, 7, 20], [20, 7, 21, 8], [10, 3, 11, 4], [2, 9, 3, 10], [14, 11, 15, 12], [12, 6, 13, 5], [4, 14, 5, 13], [16, 22, 17, 21], [18, 16, 19, 15], [22, 18, 1, 17]]"
11a_33_152,"[[22, 18, 1, 17], [8, 1, 9, 2], [6, 19, 7, 20], [20, 7, 21, 8], [10, 3, 11, 4], [2, 9, 3, 10], [14, 11, 15, 12], [12, 6, 13, 5], [4, 14, 5, 13], [16, 22, 17, 21], [18, 16, 19, 15]]"
11a_33_153,"[[18, 16, 19, 15], [22, 18, 1, 17], [8, 1, 9, 2], [6, 19, 7, 20], [20, 7, 21, 8], [10, 3, 11, 4], [2, 9, 3, 10], [14, 11, 15, 12], [12, 6, 13, 5], [4, 14, 5, 13], [16, 22, 17, 21]]"
11a_33_154,"[[17, 1, 18, 22], [19, 17, 20, 16], [1, 19, 2, 18], [9, 2, 10, 3], [7, 20, 8, 21], [21, 8, 22, 9], [11, 4, 12, 5], [3, 10, 4, 11], [15, 12, 16, 13], [13, 7, 14, 6], [5, 15, 6, 14]]"
11a_33_155,"[[5, 15, 6, 14], [17, 1, 18, 22], [19, 17, 20, 16], [1, 19, 2, 18], [9, 2, 10, 3], [7, 20, 8, 21], [21, 8, 22, 9], [11, 4, 12, 5], [3, 10, 4, 11], [15, 12, 16, 13], [13, 7, 14, 6]]"
11a_33_156,"[[13, 7, 14, 6], [5, 15, 6, 14], [17, 1, 18, 22], [19, 17, 20, 16], [1, 19, 2, 18], [9, 2, 10, 3], [7, 20, 8, 21], [21, 8, 22, 9], [11, 4, 12, 5], [3, 10, 4, 11], [15, 12, 16, 13]]"
11a_33_157,"[[15, 12, 16, 13], [13, 7, 14, 6], [5, 15, 6, 14], [17, 1, 18, 22], [19, 17, 20, 16], [1, 19, 2, 18], [9, 2, 10, 3], [7, 20, 8, 21], [21, 8, 22, 9], [11, 4, 12, 5], [3, 10, 4, 11]]"
11a_33_158,"[[3, 10, 4, 11], [15, 12, 16, 13], [13, 7, 14, 6], [5, 15, 6, 14], [17, 1, 18, 22], [19, 17, 20, 16], [1, 19, 2, 18], [9, 2, 10, 3], [7, 20, 8, 21], [21, 8, 22, 9], [11, 4, 12, 5]]"
11a_33_159,"[[11, 4, 12, 5], [3, 10, 4, 11], [15, 12, 16, 13], [13, 7, 14, 6], [5, 15, 6, 14], [17, 1, 18, 22], [19, 17, 20, 16], [1, 19, 2, 18], [9, 2, 10, 3], [7, 20, 8, 21], [21, 8, 22, 9]]"
11a_33_160,"[[21, 8, 22, 9], [11, 4, 12, 5], [3, 10, 4, 11], [15, 12, 16, 13], [13, 7, 14, 6], [5, 15, 6, 14], [17, 1, 18, 22], [19, 17, 20, 16], [1, 19, 2, 18], [9, 2, 10, 3], [7, 20, 8, 21]]"
11a_33_161,"[[7, 20, 8, 21], [21, 8, 22, 9], [11, 4, 12, 5], [3, 10, 4, 11], [15, 12, 16, 13], [13, 7, 14, 6], [5, 15, 6, 14], [17, 1, 18, 22], [19, 17, 20, 16], [1, 19, 2, 18], [9, 2, 10, 3]]"
11a_33_162,"[[9, 2, 10, 3], [7, 20, 8, 21], [21, 8, 22, 9], [11, 4, 12, 5], [3, 10, 4, 11], [15, 12, 16, 13], [13, 7, 14, 6], [5, 15, 6, 14], [17, 1, 18, 22], [19, 17, 20, 16], [1, 19, 2, 18]]"
11a_33_163,"[[1, 19, 2, 18], [9, 2, 10, 3], [7, 20, 8, 21], [21, 8, 22, 9], [11, 4, 12, 5], [3, 10, 4, 11], [15, 12, 16, 13], [13, 7, 14, 6], [5, 15, 6, 14], [17, 1, 18, 22], [19, 17, 20, 16]]"
11a_33_164,"[[19, 17, 20, 16], [1, 19, 2, 18], [9, 2, 10, 3], [7, 20, 8, 21], [21, 8, 22, 9], [11, 4, 12, 5], [3, 10, 4, 11], [15, 12, 16, 13], [13, 7, 14, 6], [5, 15, 6, 14], [17, 1, 18, 22]]"
11a_33_165,"[[18, 2, 19, 1], [20, 18, 21, 17], [2, 20, 3, 19], [10, 3, 11, 4], [8, 21, 9, 22], [22, 9, 1, 10], [12, 5, 13, 6], [4, 11, 5, 12], [16, 13, 17, 14], [14, 8, 15, 7], [6, 16, 7, 15]]"
11a_33_166,"[[6, 16, 7, 15], [18, 2, 19, 1], [20, 18, 21, 17], [2, 20, 3, 19], [10, 3, 11, 4], [8, 21, 9, 22], [22, 9, 1, 10], [12, 5, 13, 6], [4, 11, 5, 12], [16, 13, 17, 14], [14, 8, 15, 7]]"
11a_33_167,"[[14, 8, 15, 7], [6, 16, 7, 15], [18, 2, 19, 1], [20, 18, 21, 17], [2, 20, 3, 19], [10, 3, 11, 4], [8, 21, 9, 22], [22, 9, 1, 10], [12, 5, 13, 6], [4, 11, 5, 12], [16, 13, 17, 14]]"
11a_33_168,"[[16, 13, 17, 14], [14, 8, 15, 7], [6, 16, 7, 15], [18, 2, 19, 1], [20, 18, 21, 17], [2, 20, 3, 19], [10, 3, 11, 4], [8, 21, 9, 22], [22, 9, 1, 10], [12, 5, 13, 6], [4, 11, 5, 12]]"
11a_33_169,"[[4, 11, 5, 12], [16, 13, 17, 14], [14, 8, 15, 7], [6, 16, 7, 15], [18, 2, 19, 1], [20, 18, 21, 17], [2, 20, 3, 19], [10, 3, 11, 4], [8, 21, 9, 22], [22, 9, 1, 10], [12, 5, 13, 6]]"
11a_33_170,"[[12, 5, 13, 6], [4, 11, 5, 12], [16, 13, 17, 14], [14, 8, 15, 7], [6, 16, 7, 15], [18, 2, 19, 1], [20, 18, 21, 17], [2, 20, 3, 19], [10, 3, 11, 4], [8, 21, 9, 22], [22, 9, 1, 10]]"
11a_33_171,"[[22, 9, 1, 10], [12, 5, 13, 6], [4, 11, 5, 12], [16, 13, 17, 14], [14, 8, 15, 7], [6, 16, 7, 15], [18, 2, 19, 1], [20, 18, 21, 17], [2, 20, 3, 19], [10, 3, 11, 4], [8, 21, 9, 22]]"
11a_33_172,"[[8, 21, 9, 22], [22, 9, 1, 10], [12, 5, 13, 6], [4, 11, 5, 12], [16, 13, 17, 14], [14, 8, 15, 7], [6, 16, 7, 15], [18, 2, 19, 1], [20, 18, 21, 17], [2, 20, 3, 19], [10, 3, 11, 4]]"
11a_33_173,"[[10, 3, 11, 4], [8, 21, 9, 22], [22, 9, 1, 10], [12, 5, 13, 6], [4, 11, 5, 12], [16, 13, 17, 14], [14, 8, 15, 7], [6, 16, 7, 15], [18, 2, 19, 1], [20, 18, 21, 17], [2, 20, 3, 19]]"
11a_33_174,"[[2, 20, 3, 19], [10, 3, 11, 4], [8, 21, 9, 22], [22, 9, 1, 10], [12, 5, 13, 6], [4, 11, 5, 12], [16, 13, 17, 14], [14, 8, 15, 7], [6, 16, 7, 15], [18, 2, 19, 1], [20, 18, 21, 17]]"
11a_33_175,"[[20, 18, 21, 17], [2, 20, 3, 19], [10, 3, 11, 4], [8, 21, 9, 22], [22, 9, 1, 10], [12, 5, 13, 6], [4, 11, 5, 12], [16, 13, 17, 14], [14, 8, 15, 7], [6, 16, 7, 15], [18, 2, 19, 1]]"
11a_33_176,"[[19, 3, 20, 2], [21, 19, 22, 18], [3, 21, 4, 20], [11, 4, 12, 5], [9, 22, 10, 1], [1, 10, 2, 11], [13, 6, 14, 7], [5, 12, 6, 13], [17, 14, 18, 15], [15, 9, 16, 8], [7, 17, 8, 16]]"
11a_33_177,"[[7, 17, 8, 16], [19, 3, 20, 2], [21, 19, 22, 18], [3, 21, 4, 20], [11, 4, 12, 5], [9, 22, 10, 1], [1, 10, 2, 11], [13, 6, 14, 7], [5, 12, 6, 13], [17, 14, 18, 15], [15, 9, 16, 8]]"
11a_33_178,"[[15, 9, 16, 8], [7, 17, 8, 16], [19, 3, 20, 2], [21, 19, 22, 18], [3, 21, 4, 20], [11, 4, 12, 5], [9, 22, 10, 1], [1, 10, 2, 11], [13, 6, 14, 7], [5, 12, 6, 13], [17, 14, 18, 15]]"
11a_33_179,"[[17, 14, 18, 15], [15, 9, 16, 8], [7, 17, 8, 16], [19, 3, 20, 2], [21, 19, 22, 18], [3, 21, 4, 20], [11, 4, 12, 5], [9, 22, 10, 1], [1, 10, 2, 11], [13, 6, 14, 7], [5, 12, 6, 13]]"
11a_33_180,"[[5, 12, 6, 13], [17, 14, 18, 15], [15, 9, 16, 8], [7, 17, 8, 16], [19, 3, 20, 2], [21, 19, 22, 18], [3, 21, 4, 20], [11, 4, 12, 5], [9, 22, 10, 1], [1, 10, 2, 11], [13, 6, 14, 7]]"
11a_33_181,"[[13, 6, 14, 7], [5, 12, 6, 13], [17, 14, 18, 15], [15, 9, 16, 8], [7, 17, 8, 16], [19, 3, 20, 2], [21, 19, 22, 18], [3, 21, 4, 20], [11, 4, 12, 5], [9, 22, 10, 1], [1, 10, 2, 11]]"
11a_33_182,"[[1, 10, 2, 11], [13, 6, 14, 7], [5, 12, 6, 13], [17, 14, 18, 15], [15, 9, 16, 8], [7, 17, 8, 16], [19, 3, 20, 2], [21, 19, 22, 18], [3, 21, 4, 20], [11, 4, 12, 5], [9, 22, 10, 1]]"
11a_33_183,"[[9, 22, 10, 1], [1, 10, 2, 11], [13, 6, 14, 7], [5, 12, 6, 13], [17, 14, 18, 15], [15, 9, 16, 8], [7, 17, 8, 16], [19, 3, 20, 2], [21, 19, 22, 18], [3, 21, 4, 20], [11, 4, 12, 5]]"
11a_33_184,"[[11, 4, 12, 5], [9, 22, 10, 1], [1, 10, 2, 11], [13, 6, 14, 7], [5, 12, 6, 13], [17, 14, 18, 15], [15, 9, 16, 8], [7, 17, 8, 16], [19, 3, 20, 2], [21, 19, 22, 18], [3, 21, 4, 20]]"
11a_33_185,"[[3, 21, 4, 20], [11, 4, 12, 5], [9, 22, 10, 1], [1, 10, 2, 11], [13, 6, 14, 7], [5, 12, 6, 13], [17, 14, 18, 15], [15, 9, 16, 8], [7, 17, 8, 16], [19, 3, 20, 2], [21, 19, 22, 18]]"
11a_33_186,"[[21, 19, 22, 18], [3, 21, 4, 20], [11, 4, 12, 5], [9, 22, 10, 1], [1, 10, 2, 11], [13, 6, 14, 7], [5, 12, 6, 13], [17, 14, 18, 15], [15, 9, 16, 8], [7, 17, 8, 16], [19, 3, 20, 2]]"
11a_33_187,"[[20, 4, 21, 3], [22, 20, 1, 19], [4, 22, 5, 21], [12, 5, 13, 6], [10, 1, 11, 2], [2, 11, 3, 12], [14, 7, 15, 8], [6, 13, 7, 14], [18, 15, 19, 16], [16, 10, 17, 9], [8, 18, 9, 17]]"
11a_33_188,"[[8, 18, 9, 17], [20, 4, 21, 3], [22, 20, 1, 19], [4, 22, 5, 21], [12, 5, 13, 6], [10, 1, 11, 2], [2, 11, 3, 12], [14, 7, 15, 8], [6, 13, 7, 14], [18, 15, 19, 16], [16, 10, 17, 9]]"
11a_33_189,"[[16, 10, 17, 9], [8, 18, 9, 17], [20, 4, 21, 3], [22, 20, 1, 19], [4, 22, 5, 21], [12, 5, 13, 6], [10, 1, 11, 2], [2, 11, 3, 12], [14, 7, 15, 8], [6, 13, 7, 14], [18, 15, 19, 16]]"
11a_33_190,"[[18, 15, 19, 16], [16, 10, 17, 9], [8, 18, 9, 17], [20, 4, 21, 3], [22, 20, 1, 19], [4, 22, 5, 21], [12, 5, 13, 6], [10, 1, 11, 2], [2, 11, 3, 12], [14, 7, 15, 8], [6, 13, 7, 14]]"
11a_33_191,"[[6, 13, 7, 14], [18, 15, 19, 16], [16, 10, 17, 9], [8, 18, 9, 17], [20, 4, 21, 3], [22, 20, 1, 19], [4, 22, 5, 21], [12, 5, 13, 6], [10, 1, 11, 2], [2, 11, 3, 12], [14, 7, 15, 8]]"
11a_33_192,"[[14, 7, 15, 8], [6, 13, 7, 14], [18, 15, 19, 16], [16, 10, 17, 9], [8, 18, 9, 17], [20, 4, 21, 3], [22, 20, 1, 19], [4, 22, 5, 21], [12, 5, 13, 6], [10, 1, 11, 2], [2, 11, 3, 12]]"
11a_33_193,"[[2, 11, 3, 12], [14, 7, 15, 8], [6, 13, 7, 14], [18, 15, 19, 16], [16, 10, 17, 9], [8, 18, 9, 17], [20, 4, 21, 3], [22, 20, 1, 19], [4, 22, 5, 21], [12, 5, 13, 6], [10, 1, 11, 2]]"
11a_33_194,"[[10, 1, 11, 2], [2, 11, 3, 12], [14, 7, 15, 8], [6, 13, 7, 14], [18, 15, 19, 16], [16, 10, 17, 9], [8, 18, 9, 17], [20, 4, 21, 3], [22, 20, 1, 19], [4, 22, 5, 21], [12, 5, 13, 6]]"
11a_33_195,"[[12, 5, 13, 6], [10, 1, 11, 2], [2, 11, 3, 12], [14, 7, 15, 8], [6, 13, 7, 14], [18, 15, 19, 16], [16, 10, 17, 9], [8, 18, 9, 17], [20, 4, 21, 3], [22, 20, 1, 19], [4, 22, 5, 21]]"
11a_33_196,"[[4, 22, 5, 21], [12, 5, 13, 6], [10, 1, 11, 2], [2, 11, 3, 12], [14, 7, 15, 8], [6, 13, 7, 14], [18, 15, 19, 16], [16, 10, 17, 9], [8, 18, 9, 17], [20, 4, 21, 3], [22, 20, 1, 19]]"
11a_33_197,"[[22, 20, 1, 19], [4, 22, 5, 21], [12, 5, 13, 6], [10, 1, 11, 2], [2, 11, 3, 12], [14, 7, 15, 8], [6, 13, 7, 14], [18, 15, 19, 16], [16, 10, 17, 9], [8, 18, 9, 17], [20, 4, 21, 3]]"
11a_33_198,"[[21, 5, 22, 4], [1, 21, 2, 20], [5, 1, 6, 22], [13, 6, 14, 7], [11, 2, 12, 3], [3, 12, 4, 13], [15, 8, 16, 9], [7, 14, 8, 15], [19, 16, 20, 17], [17, 11, 18, 10], [9, 19, 10, 18]]"
11a_33_199,"[[9, 19, 10, 18], [21, 5, 22, 4], [1, 21, 2, 20], [5, 1, 6, 22], [13, 6, 14, 7], [11, 2, 12, 3], [3, 12, 4, 13], [15, 8, 16, 9], [7, 14, 8, 15], [19, 16, 20, 17], [17, 11, 18, 10]]"
11a_33_200,"[[17, 11, 18, 10], [9, 19, 10, 18], [21, 5, 22, 4], [1, 21, 2, 20], [5, 1, 6, 22], [13, 6, 14, 7], [11, 2, 12, 3], [3, 12, 4, 13], [15, 8, 16, 9], [7, 14, 8, 15], [19, 16, 20, 17]]"
11a_33_201,"[[19, 16, 20, 17], [17, 11, 18, 10], [9, 19, 10, 18], [21, 5, 22, 4], [1, 21, 2, 20], [5, 1, 6, 22], [13, 6, 14, 7], [11, 2, 12, 3], [3, 12, 4, 13], [15, 8, 16, 9], [7, 14, 8, 15]]"
11a_33_202,"[[7, 14, 8, 15], [19, 16, 20, 17], [17, 11, 18, 10], [9, 19, 10, 18], [21, 5, 22, 4], [1, 21, 2, 20], [5, 1, 6, 22], [13, 6, 14, 7], [11, 2, 12, 3], [3, 12, 4, 13], [15, 8, 16, 9]]"
11a_33_203,"[[15, 8, 16, 9], [7, 14, 8, 15], [19, 16, 20, 17], [17, 11, 18, 10], [9, 19, 10, 18], [21, 5, 22, 4], [1, 21, 2, 20], [5, 1, 6, 22], [13, 6, 14, 7], [11, 2, 12, 3], [3, 12, 4, 13]]"
11a_33_204,"[[3, 12, 4, 13], [15, 8, 16, 9], [7, 14, 8, 15], [19, 16, 20, 17], [17, 11, 18, 10], [9, 19, 10, 18], [21, 5, 22, 4], [1, 21, 2, 20], [5, 1, 6, 22], [13, 6, 14, 7], [11, 2, 12, 3]]"
