name,pd_notation
11a_34_0,"[[3, 9, 4, 8], [5, 3, 6, 2], [9, 5, 10, 4], [17, 10, 18, 11], [15, 6, 16, 7], [7, 16, 8, 17], [1, 18, 2, 19], [19, 13, 20, 12], [11, 1, 12, 22], [21, 15, 22, 14], [13, 21, 14, 20]]"
11a_34_1,"[[13, 21, 14, 20], [3, 9, 4, 8], [5, 3, 6, 2], [9, 5, 10, 4], [17, 10, 18, 11], [15, 6, 16, 7], [7, 16, 8, 17], [1, 18, 2, 19], [19, 13, 20, 12], [11, 1, 12, 22], [21, 15, 22, 14]]"
11a_34_2,"[[21, 15, 22, 14], [13, 21, 14, 20], [3, 9, 4, 8], [5, 3, 6, 2], [9, 5, 10, 4], [17, 10, 18, 11], [15, 6, 16, 7], [7, 16, 8, 17], [1, 18, 2, 19], [19, 13, 20, 12], [11, 1, 12, 22]]"
11a_34_3,"[[11, 1, 12, 22], [21, 15, 22, 14], [13, 21, 14, 20], [3, 9, 4, 8], [5, 3, 6, 2], [9, 5, 10, 4], [17, 10, 18, 11], [15, 6, 16, 7], [7, 16, 8, 17], [1, 18, 2, 19], [19, 13, 20, 12]]"
11a_34_4,"[[19, 13, 20, 12], [11, 1, 12, 22], [21, 15, 22, 14], [13, 21, 14, 20], [3, 9, 4, 8], [5, 3, 6, 2], [9, 5, 10, 4], [17, 10, 18, 11], [15, 6, 16, 7], [7, 16, 8, 17], [1, 18, 2, 19]]"
11a_34_5,"[[1, 18, 2, 19], [19, 13, 20, 12], [11, 1, 12, 22], [21, 15, 22, 14], [13, 21, 14, 20], [3, 9, 4, 8], [5, 3, 6, 2], [9, 5, 10, 4], [17, 10, 18, 11], [15, 6, 16, 7], [7, 16, 8, 17]]"
11a_34_6,"[[7, 16, 8, 17], [1, 18, 2, 19], [19, 13, 20, 12], [11, 1, 12, 22], [21, 15, 22, 14], [13, 21, 14, 20], [3, 9, 4, 8], [5, 3, 6, 2], [9, 5, 10, 4], [17, 10, 18, 11], [15, 6, 16, 7]]"
11a_34_7,"[[15, 6, 16, 7], [7, 16, 8, 17], [1, 18, 2, 19], [19, 13, 20, 12], [11, 1, 12, 22], [21, 15, 22, 14], [13, 21, 14, 20], [3, 9, 4, 8], [5, 3, 6, 2], [9, 5, 10, 4], [17, 10, 18, 11]]"
11a_34_8,"[[17, 10, 18, 11], [15, 6, 16, 7], [7, 16, 8, 17], [1, 18, 2, 19], [19, 13, 20, 12], [11, 1, 12, 22], [21, 15, 22, 14], [13, 21, 14, 20], [3, 9, 4, 8], [5, 3, 6, 2], [9, 5, 10, 4]]"
11a_34_9,"[[9, 5, 10, 4], [17, 10, 18, 11], [15, 6, 16, 7], [7, 16, 8, 17], [1, 18, 2, 19], [19, 13, 20, 12], [11, 1, 12, 22], [21, 15, 22, 14], [13, 21, 14, 20], [3, 9, 4, 8], [5, 3, 6, 2]]"
11a_34_10,"[[5, 3, 6, 2], [9, 5, 10, 4], [17, 10, 18, 11], [15, 6, 16, 7], [7, 16, 8, 17], [1, 18, 2, 19], [19, 13, 20, 12], [11, 1, 12, 22], [21, 15, 22, 14], [13, 21, 14, 20], [3, 9, 4, 8]]"
11a_34_11,"[[4, 10, 5, 9], [6, 4, 7, 3], [10, 6, 11, 5], [18, 11, 19, 12], [16, 7, 17, 8], [8, 17, 9, 18], [2, 19, 3, 20], [20, 14, 21, 13], [12, 2, 13, 1], [22, 16, 1, 15], [14, 22, 15, 21]]"
11a_34_12,"[[14, 22, 15, 21], [4, 10, 5, 9], [6, 4, 7, 3], [10, 6, 11, 5], [18, 11, 19, 12], [16, 7, 17, 8], [8, 17, 9, 18], [2, 19, 3, 20], [20, 14, 21, 13], [12, 2, 13, 1], [22, 16, 1, 15]]"
11a_34_13,"[[22, 16, 1, 15], [14, 22, 15, 21], [4, 10, 5, 9], [6, 4, 7, 3], [10, 6, 11, 5], [18, 11, 19, 12], [16, 7, 17, 8], [8, 17, 9, 18], [2, 19, 3, 20], [20, 14, 21, 13], [12, 2, 13, 1]]"
11a_34_14,"[[12, 2, 13, 1], [22, 16, 1, 15], [14, 22, 15, 21], [4, 10, 5, 9], [6, 4, 7, 3], [10, 6, 11, 5], [18, 11, 19, 12], [16, 7, 17, 8], [8, 17, 9, 18], [2, 19, 3, 20], [20, 14, 21, 13]]"
11a_34_15,"[[20, 14, 21, 13], [12, 2, 13, 1], [22, 16, 1, 15], [14, 22, 15, 21], [4, 10, 5, 9], [6, 4, 7, 3], [10, 6, 11, 5], [18, 11, 19, 12], [16, 7, 17, 8], [8, 17, 9, 18], [2, 19, 3, 20]]"
11a_34_16,"[[2, 19, 3, 20], [20, 14, 21, 13], [12, 2, 13, 1], [22, 16, 1, 15], [14, 22, 15, 21], [4, 10, 5, 9], [6, 4, 7, 3], [10, 6, 11, 5], [18, 11, 19, 12], [16, 7, 17, 8], [8, 17, 9, 18]]"
11a_34_17,"[[8, 17, 9, 18], [2, 19, 3, 20], [20, 14, 21, 13], [12, 2, 13, 1], [22, 16, 1, 15], [14, 22, 15, 21], [4, 10, 5, 9], [6, 4, 7, 3], [10, 6, 11, 5], [18, 11, 19, 12], [16, 7, 17, 8]]"
11a_34_18,"[[16, 7, 17, 8], [8, 17, 9, 18], [2, 19, 3, 20], [20, 14, 21, 13], [12, 2, 13, 1], [22, 16, 1, 15], [14, 22, 15, 21], [4, 10, 5, 9], [6, 4, 7, 3], [10, 6, 11, 5], [18, 11, 19, 12]]"
11a_34_19,"[[18, 11, 19, 12], [16, 7, 17, 8], [8, 17, 9, 18], [2, 19, 3, 20], [20, 14, 21, 13], [12, 2, 13, 1], [22, 16, 1, 15], [14, 22, 15, 21], [4, 10, 5, 9], [6, 4, 7, 3], [10, 6, 11, 5]]"
11a_34_20,"[[10, 6, 11, 5], [18, 11, 19, 12], [16, 7, 17, 8], [8, 17, 9, 18], [2, 19, 3, 20], [20, 14, 21, 13], [12, 2, 13, 1], [22, 16, 1, 15], [14, 22, 15, 21], [4, 10, 5, 9], [6, 4, 7, 3]]"
11a_34_21,"[[6, 4, 7, 3], [10, 6, 11, 5], [18, 11, 19, 12], [16, 7, 17, 8], [8, 17, 9, 18], [2, 19, 3, 20], [20, 14, 21, 13], [12, 2, 13, 1], [22, 16, 1, 15], [14, 22, 15, 21], [4, 10, 5, 9]]"
11a_34_22,"[[5, 11, 6, 10], [7, 5, 8, 4], [11, 7, 12, 6], [19, 12, 20, 13], [17, 8, 18, 9], [9, 18, 10, 19], [3, 20, 4, 21], [21, 15, 22, 14], [13, 3, 14, 2], [1, 17, 2, 16], [15, 1, 16, 22]]"
11a_34_23,"[[15, 1, 16, 22], [5, 11, 6, 10], [7, 5, 8, 4], [11, 7, 12, 6], [19, 12, 20, 13], [17, 8, 18, 9], [9, 18, 10, 19], [3, 20, 4, 21], [21, 15, 22, 14], [13, 3, 14, 2], [1, 17, 2, 16]]"
11a_34_24,"[[1, 17, 2, 16], [15, 1, 16, 22], [5, 11, 6, 10], [7, 5, 8, 4], [11, 7, 12, 6], [19, 12, 20, 13], [17, 8, 18, 9], [9, 18, 10, 19], [3, 20, 4, 21], [21, 15, 22, 14], [13, 3, 14, 2]]"
11a_34_25,"[[13, 3, 14, 2], [1, 17, 2, 16], [15, 1, 16, 22], [5, 11, 6, 10], [7, 5, 8, 4], [11, 7, 12, 6], [19, 12, 20, 13], [17, 8, 18, 9], [9, 18, 10, 19], [3, 20, 4, 21], [21, 15, 22, 14]]"
11a_34_26,"[[21, 15, 22, 14], [13, 3, 14, 2], [1, 17, 2, 16], [15, 1, 16, 22], [5, 11, 6, 10], [7, 5, 8, 4], [11, 7, 12, 6], [19, 12, 20, 13], [17, 8, 18, 9], [9, 18, 10, 19], [3, 20, 4, 21]]"
11a_34_27,"[[3, 20, 4, 21], [21, 15, 22, 14], [13, 3, 14, 2], [1, 17, 2, 16], [15, 1, 16, 22], [5, 11, 6, 10], [7, 5, 8, 4], [11, 7, 12, 6], [19, 12, 20, 13], [17, 8, 18, 9], [9, 18, 10, 19]]"
11a_34_28,"[[9, 18, 10, 19], [3, 20, 4, 21], [21, 15, 22, 14], [13, 3, 14, 2], [1, 17, 2, 16], [15, 1, 16, 22], [5, 11, 6, 10], [7, 5, 8, 4], [11, 7, 12, 6], [19, 12, 20, 13], [17, 8, 18, 9]]"
11a_34_29,"[[17, 8, 18, 9], [9, 18, 10, 19], [3, 20, 4, 21], [21, 15, 22, 14], [13, 3, 14, 2], [1, 17, 2, 16], [15, 1, 16, 22], [5, 11, 6, 10], [7, 5, 8, 4], [11, 7, 12, 6], [19, 12, 20, 13]]"
11a_34_30,"[[19, 12, 20, 13], [17, 8, 18, 9], [9, 18, 10, 19], [3, 20, 4, 21], [21, 15, 22, 14], [13, 3, 14, 2], [1, 17, 2, 16], [15, 1, 16, 22], [5, 11, 6, 10], [7, 5, 8, 4], [11, 7, 12, 6]]"
11a_34_31,"[[11, 7, 12, 6], [19, 12, 20, 13], [17, 8, 18, 9], [9, 18, 10, 19], [3, 20, 4, 21], [21, 15, 22, 14], [13, 3, 14, 2], [1, 17, 2, 16], [15, 1, 16, 22], [5, 11, 6, 10], [7, 5, 8, 4]]"
11a_34_32,"[[7, 5, 8, 4], [11, 7, 12, 6], [19, 12, 20, 13], [17, 8, 18, 9], [9, 18, 10, 19], [3, 20, 4, 21], [21, 15, 22, 14], [13, 3, 14, 2], [1, 17, 2, 16], [15, 1, 16, 22], [5, 11, 6, 10]]"
11a_34_33,"[[6, 12, 7, 11], [8, 6, 9, 5], [12, 8, 13, 7], [20, 13, 21, 14], [18, 9, 19, 10], [10, 19, 11, 20], [4, 21, 5, 22], [22, 16, 1, 15], [14, 4, 15, 3], [2, 18, 3, 17], [16, 2, 17, 1]]"
11a_34_34,"[[16, 2, 17, 1], [6, 12, 7, 11], [8, 6, 9, 5], [12, 8, 13, 7], [20, 13, 21, 14], [18, 9, 19, 10], [10, 19, 11, 20], [4, 21, 5, 22], [22, 16, 1, 15], [14, 4, 15, 3], [2, 18, 3, 17]]"
11a_34_35,"[[2, 18, 3, 17], [16, 2, 17, 1], [6, 12, 7, 11], [8, 6, 9, 5], [12, 8, 13, 7], [20, 13, 21, 14], [18, 9, 19, 10], [10, 19, 11, 20], [4, 21, 5, 22], [22, 16, 1, 15], [14, 4, 15, 3]]"
11a_34_36,"[[14, 4, 15, 3], [2, 18, 3, 17], [16, 2, 17, 1], [6, 12, 7, 11], [8, 6, 9, 5], [12, 8, 13, 7], [20, 13, 21, 14], [18, 9, 19, 10], [10, 19, 11, 20], [4, 21, 5, 22], [22, 16, 1, 15]]"
11a_34_37,"[[22, 16, 1, 15], [14, 4, 15, 3], [2, 18, 3, 17], [16, 2, 17, 1], [6, 12, 7, 11], [8, 6, 9, 5], [12, 8, 13, 7], [20, 13, 21, 14], [18, 9, 19, 10], [10, 19, 11, 20], [4, 21, 5, 22]]"
11a_34_38,"[[4, 21, 5, 22], [22, 16, 1, 15], [14, 4, 15, 3], [2, 18, 3, 17], [16, 2, 17, 1], [6, 12, 7, 11], [8, 6, 9, 5], [12, 8, 13, 7], [20, 13, 21, 14], [18, 9, 19, 10], [10, 19, 11, 20]]"
11a_34_39,"[[10, 19, 11, 20], [4, 21, 5, 22], [22, 16, 1, 15], [14, 4, 15, 3], [2, 18, 3, 17], [16, 2, 17, 1], [6, 12, 7, 11], [8, 6, 9, 5], [12, 8, 13, 7], [20, 13, 21, 14], [18, 9, 19, 10]]"
11a_34_40,"[[18, 9, 19, 10], [10, 19, 11, 20], [4, 21, 5, 22], [22, 16, 1, 15], [14, 4, 15, 3], [2, 18, 3, 17], [16, 2, 17, 1], [6, 12, 7, 11], [8, 6, 9, 5], [12, 8, 13, 7], [20, 13, 21, 14]]"
11a_34_41,"[[20, 13, 21, 14], [18, 9, 19, 10], [10, 19, 11, 20], [4, 21, 5, 22], [22, 16, 1, 15], [14, 4, 15, 3], [2, 18, 3, 17], [16, 2, 17, 1], [6, 12, 7, 11], [8, 6, 9, 5], [12, 8, 13, 7]]"
11a_34_42,"[[12, 8, 13, 7], [20, 13, 21, 14], [18, 9, 19, 10], [10, 19, 11, 20], [4, 21, 5, 22], [22, 16, 1, 15], [14, 4, 15, 3], [2, 18, 3, 17], [16, 2, 17, 1], [6, 12, 7, 11], [8, 6, 9, 5]]"
11a_34_43,"[[8, 6, 9, 5], [12, 8, 13, 7], [20, 13, 21, 14], [18, 9, 19, 10], [10, 19, 11, 20], [4, 21, 5, 22], [22, 16, 1, 15], [14, 4, 15, 3], [2, 18, 3, 17], [16, 2, 17, 1], [6, 12, 7, 11]]"
11a_34_44,"[[7, 13, 8, 12], [9, 7, 10, 6], [13, 9, 14, 8], [21, 14, 22, 15], [19, 10, 20, 11], [11, 20, 12, 21], [5, 22, 6, 1], [1, 17, 2, 16], [15, 5, 16, 4], [3, 19, 4, 18], [17, 3, 18, 2]]"
11a_34_45,"[[17, 3, 18, 2], [7, 13, 8, 12], [9, 7, 10, 6], [13, 9, 14, 8], [21, 14, 22, 15], [19, 10, 20, 11], [11, 20, 12, 21], [5, 22, 6, 1], [1, 17, 2, 16], [15, 5, 16, 4], [3, 19, 4, 18]]"
11a_34_46,"[[3, 19, 4, 18], [17, 3, 18, 2], [7, 13, 8, 12], [9, 7, 10, 6], [13, 9, 14, 8], [21, 14, 22, 15], [19, 10, 20, 11], [11, 20, 12, 21], [5, 22, 6, 1], [1, 17, 2, 16], [15, 5, 16, 4]]"
11a_34_47,"[[15, 5, 16, 4], [3, 19, 4, 18], [17, 3, 18, 2], [7, 13, 8, 12], [9, 7, 10, 6], [13, 9, 14, 8], [21, 14, 22, 15], [19, 10, 20, 11], [11, 20, 12, 21], [5, 22, 6, 1], [1, 17, 2, 16]]"
11a_34_48,"[[1, 17, 2, 16], [15, 5, 16, 4], [3, 19, 4, 18], [17, 3, 18, 2], [7, 13, 8, 12], [9, 7, 10, 6], [13, 9, 14, 8], [21, 14, 22, 15], [19, 10, 20, 11], [11, 20, 12, 21], [5, 22, 6, 1]]"
11a_34_49,"[[5, 22, 6, 1], [1, 17, 2, 16], [15, 5, 16, 4], [3, 19, 4, 18], [17, 3, 18, 2], [7, 13, 8, 12], [9, 7, 10, 6], [13, 9, 14, 8], [21, 14, 22, 15], [19, 10, 20, 11], [11, 20, 12, 21]]"
11a_34_50,"[[11, 20, 12, 21], [5, 22, 6, 1], [1, 17, 2, 16], [15, 5, 16, 4], [3, 19, 4, 18], [17, 3, 18, 2], [7, 13, 8, 12], [9, 7, 10, 6], [13, 9, 14, 8], [21, 14, 22, 15], [19, 10, 20, 11]]"
11a_34_51,"[[19, 10, 20, 11], [11, 20, 12, 21], [5, 22, 6, 1], [1, 17, 2, 16], [15, 5, 16, 4], [3, 19, 4, 18], [17, 3, 18, 2], [7, 13, 8, 12], [9, 7, 10, 6], [13, 9, 14, 8], [21, 14, 22, 15]]"
11a_34_52,"[[21, 14, 22, 15], [19, 10, 20, 11], [11, 20, 12, 21], [5, 22, 6, 1], [1, 17, 2, 16], [15, 5, 16, 4], [3, 19, 4, 18], [17, 3, 18, 2], [7, 13, 8, 12], [9, 7, 10, 6], [13, 9, 14, 8]]"
11a_34_53,"[[13, 9, 14, 8], [21, 14, 22, 15], [19, 10, 20, 11], [11, 20, 12, 21], [5, 22, 6, 1], [1, 17, 2, 16], [15, 5, 16, 4], [3, 19, 4, 18], [17, 3, 18, 2], [7, 13, 8, 12], [9, 7, 10, 6]]"
11a_34_54,"[[9, 7, 10, 6], [13, 9, 14, 8], [21, 14, 22, 15], [19, 10, 20, 11], [11, 20, 12, 21], [5, 22, 6, 1], [1, 17, 2, 16], [15, 5, 16, 4], [3, 19, 4, 18], [17, 3, 18, 2], [7, 13, 8, 12]]"
11a_34_55,"[[8, 14, 9, 13], [10, 8, 11, 7], [14, 10, 15, 9], [22, 15, 1, 16], [20, 11, 21, 12], [12, 21, 13, 22], [6, 1, 7, 2], [2, 18, 3, 17], [16, 6, 17, 5], [4, 20, 5, 19], [18, 4, 19, 3]]"
11a_34_56,"[[18, 4, 19, 3], [8, 14, 9, 13], [10, 8, 11, 7], [14, 10, 15, 9], [22, 15, 1, 16], [20, 11, 21, 12], [12, 21, 13, 22], [6, 1, 7, 2], [2, 18, 3, 17], [16, 6, 17, 5], [4, 20, 5, 19]]"
11a_34_57,"[[4, 20, 5, 19], [18, 4, 19, 3], [8, 14, 9, 13], [10, 8, 11, 7], [14, 10, 15, 9], [22, 15, 1, 16], [20, 11, 21, 12], [12, 21, 13, 22], [6, 1, 7, 2], [2, 18, 3, 17], [16, 6, 17, 5]]"
11a_34_58,"[[16, 6, 17, 5], [4, 20, 5, 19], [18, 4, 19, 3], [8, 14, 9, 13], [10, 8, 11, 7], [14, 10, 15, 9], [22, 15, 1, 16], [20, 11, 21, 12], [12, 21, 13, 22], [6, 1, 7, 2], [2, 18, 3, 17]]"
11a_34_59,"[[2, 18, 3, 17], [16, 6, 17, 5], [4, 20, 5, 19], [18, 4, 19, 3], [8, 14, 9, 13], [10, 8, 11, 7], [14, 10, 15, 9], [22, 15, 1, 16], [20, 11, 21, 12], [12, 21, 13, 22], [6, 1, 7, 2]]"
11a_34_60,"[[6, 1, 7, 2], [2, 18, 3, 17], [16, 6, 17, 5], [4, 20, 5, 19], [18, 4, 19, 3], [8, 14, 9, 13], [10, 8, 11, 7], [14, 10, 15, 9], [22, 15, 1, 16], [20, 11, 21, 12], [12, 21, 13, 22]]"
11a_34_61,"[[12, 21, 13, 22], [6, 1, 7, 2], [2, 18, 3, 17], [16, 6, 17, 5], [4, 20, 5, 19], [18, 4, 19, 3], [8, 14, 9, 13], [10, 8, 11, 7], [14, 10, 15, 9], [22, 15, 1, 16], [20, 11, 21, 12]]"
11a_34_62,"[[20, 11, 21, 12], [12, 21, 13, 22], [6, 1, 7, 2], [2, 18, 3, 17], [16, 6, 17, 5], [4, 20, 5, 19], [18, 4, 19, 3], [8, 14, 9, 13], [10, 8, 11, 7], [14, 10, 15, 9], [22, 15, 1, 16]]"
11a_34_63,"[[22, 15, 1, 16], [20, 11, 21, 12], [12, 21, 13, 22], [6, 1, 7, 2], [2, 18, 3, 17], [16, 6, 17, 5], [4, 20, 5, 19], [18, 4, 19, 3], [8, 14, 9, 13], [10, 8, 11, 7], [14, 10, 15, 9]]"
11a_34_64,"[[14, 10, 15, 9], [22, 15, 1, 16], [20, 11, 21, 12], [12, 21, 13, 22], [6, 1, 7, 2], [2, 18, 3, 17], [16, 6, 17, 5], [4, 20, 5, 19], [18, 4, 19, 3], [8, 14, 9, 13], [10, 8, 11, 7]]"
11a_34_65,"[[10, 8, 11, 7], [14, 10, 15, 9], [22, 15, 1, 16], [20, 11, 21, 12], [12, 21, 13, 22], [6, 1, 7, 2], [2, 18, 3, 17], [16, 6, 17, 5], [4, 20, 5, 19], [18, 4, 19, 3], [8, 14, 9, 13]]"
11a_34_66,"[[9, 15, 10, 14], [11, 9, 12, 8], [15, 11, 16, 10], [1, 16, 2, 17], [21, 12, 22, 13], [13, 22, 14, 1], [7, 2, 8, 3], [3, 19, 4, 18], [17, 7, 18, 6], [5, 21, 6, 20], [19, 5, 20, 4]]"
11a_34_67,"[[19, 5, 20, 4], [9, 15, 10, 14], [11, 9, 12, 8], [15, 11, 16, 10], [1, 16, 2, 17], [21, 12, 22, 13], [13, 22, 14, 1], [7, 2, 8, 3], [3, 19, 4, 18], [17, 7, 18, 6], [5, 21, 6, 20]]"
11a_34_68,"[[5, 21, 6, 20], [19, 5, 20, 4], [9, 15, 10, 14], [11, 9, 12, 8], [15, 11, 16, 10], [1, 16, 2, 17], [21, 12, 22, 13], [13, 22, 14, 1], [7, 2, 8, 3], [3, 19, 4, 18], [17, 7, 18, 6]]"
11a_34_69,"[[17, 7, 18, 6], [5, 21, 6, 20], [19, 5, 20, 4], [9, 15, 10, 14], [11, 9, 12, 8], [15, 11, 16, 10], [1, 16, 2, 17], [21, 12, 22, 13], [13, 22, 14, 1], [7, 2, 8, 3], [3, 19, 4, 18]]"
11a_34_70,"[[3, 19, 4, 18], [17, 7, 18, 6], [5, 21, 6, 20], [19, 5, 20, 4], [9, 15, 10, 14], [11, 9, 12, 8], [15, 11, 16, 10], [1, 16, 2, 17], [21, 12, 22, 13], [13, 22, 14, 1], [7, 2, 8, 3]]"
11a_34_71,"[[7, 2, 8, 3], [3, 19, 4, 18], [17, 7, 18, 6], [5, 21, 6, 20], [19, 5, 20, 4], [9, 15, 10, 14], [11, 9, 12, 8], [15, 11, 16, 10], [1, 16, 2, 17], [21, 12, 22, 13], [13, 22, 14, 1]]"
11a_34_72,"[[13, 22, 14, 1], [7, 2, 8, 3], [3, 19, 4, 18], [17, 7, 18, 6], [5, 21, 6, 20], [19, 5, 20, 4], [9, 15, 10, 14], [11, 9, 12, 8], [15, 11, 16, 10], [1, 16, 2, 17], [21, 12, 22, 13]]"
11a_34_73,"[[21, 12, 22, 13], [13, 22, 14, 1], [7, 2, 8, 3], [3, 19, 4, 18], [17, 7, 18, 6], [5, 21, 6, 20], [19, 5, 20, 4], [9, 15, 10, 14], [11, 9, 12, 8], [15, 11, 16, 10], [1, 16, 2, 17]]"
11a_34_74,"[[1, 16, 2, 17], [21, 12, 22, 13], [13, 22, 14, 1], [7, 2, 8, 3], [3, 19, 4, 18], [17, 7, 18, 6], [5, 21, 6, 20], [19, 5, 20, 4], [9, 15, 10, 14], [11, 9, 12, 8], [15, 11, 16, 10]]"
11a_34_75,"[[15, 11, 16, 10], [1, 16, 2, 17], [21, 12, 22, 13], [13, 22, 14, 1], [7, 2, 8, 3], [3, 19, 4, 18], [17, 7, 18, 6], [5, 21, 6, 20], [19, 5, 20, 4], [9, 15, 10, 14], [11, 9, 12, 8]]"
11a_34_76,"[[11, 9, 12, 8], [15, 11, 16, 10], [1, 16, 2, 17], [21, 12, 22, 13], [13, 22, 14, 1], [7, 2, 8, 3], [3, 19, 4, 18], [17, 7, 18, 6], [5, 21, 6, 20], [19, 5, 20, 4], [9, 15, 10, 14]]"
11a_34_77,"[[10, 16, 11, 15], [12, 10, 13, 9], [16, 12, 17, 11], [2, 17, 3, 18], [22, 13, 1, 14], [14, 1, 15, 2], [8, 3, 9, 4], [4, 20, 5, 19], [18, 8, 19, 7], [6, 22, 7, 21], [20, 6, 21, 5]]"
11a_34_78,"[[20, 6, 21, 5], [10, 16, 11, 15], [12, 10, 13, 9], [16, 12, 17, 11], [2, 17, 3, 18], [22, 13, 1, 14], [14, 1, 15, 2], [8, 3, 9, 4], [4, 20, 5, 19], [18, 8, 19, 7], [6, 22, 7, 21]]"
11a_34_79,"[[6, 22, 7, 21], [20, 6, 21, 5], [10, 16, 11, 15], [12, 10, 13, 9], [16, 12, 17, 11], [2, 17, 3, 18], [22, 13, 1, 14], [14, 1, 15, 2], [8, 3, 9, 4], [4, 20, 5, 19], [18, 8, 19, 7]]"
11a_34_80,"[[18, 8, 19, 7], [6, 22, 7, 21], [20, 6, 21, 5], [10, 16, 11, 15], [12, 10, 13, 9], [16, 12, 17, 11], [2, 17, 3, 18], [22, 13, 1, 14], [14, 1, 15, 2], [8, 3, 9, 4], [4, 20, 5, 19]]"
11a_34_81,"[[4, 20, 5, 19], [18, 8, 19, 7], [6, 22, 7, 21], [20, 6, 21, 5], [10, 16, 11, 15], [12, 10, 13, 9], [16, 12, 17, 11], [2, 17, 3, 18], [22, 13, 1, 14], [14, 1, 15, 2], [8, 3, 9, 4]]"
11a_34_82,"[[8, 3, 9, 4], [4, 20, 5, 19], [18, 8, 19, 7], [6, 22, 7, 21], [20, 6, 21, 5], [10, 16, 11, 15], [12, 10, 13, 9], [16, 12, 17, 11], [2, 17, 3, 18], [22, 13, 1, 14], [14, 1, 15, 2]]"
11a_34_83,"[[14, 1, 15, 2], [8, 3, 9, 4], [4, 20, 5, 19], [18, 8, 19, 7], [6, 22, 7, 21], [20, 6, 21, 5], [10, 16, 11, 15], [12, 10, 13, 9], [16, 12, 17, 11], [2, 17, 3, 18], [22, 13, 1, 14]]"
11a_34_84,"[[22, 13, 1, 14], [14, 1, 15, 2], [8, 3, 9, 4], [4, 20, 5, 19], [18, 8, 19, 7], [6, 22, 7, 21], [20, 6, 21, 5], [10, 16, 11, 15], [12, 10, 13, 9], [16, 12, 17, 11], [2, 17, 3, 18]]"
11a_34_85,"[[2, 17, 3, 18], [22, 13, 1, 14], [14, 1, 15, 2], [8, 3, 9, 4], [4, 20, 5, 19], [18, 8, 19, 7], [6, 22, 7, 21], [20, 6, 21, 5], [10, 16, 11, 15], [12, 10, 13, 9], [16, 12, 17, 11]]"
11a_34_86,"[[16, 12, 17, 11], [2, 17, 3, 18], [22, 13, 1, 14], [14, 1, 15, 2], [8, 3, 9, 4], [4, 20, 5, 19], [18, 8, 19, 7], [6, 22, 7, 21], [20, 6, 21, 5], [10, 16, 11, 15], [12, 10, 13, 9]]"
11a_34_87,"[[12, 10, 13, 9], [16, 12, 17, 11], [2, 17, 3, 18], [22, 13, 1, 14], [14, 1, 15, 2], [8, 3, 9, 4], [4, 20, 5, 19], [18, 8, 19, 7], [6, 22, 7, 21], [20, 6, 21, 5], [10, 16, 11, 15]]"
11a_34_88,"[[11, 17, 12, 16], [13, 11, 14, 10], [17, 13, 18, 12], [3, 18, 4, 19], [1, 14, 2, 15], [15, 2, 16, 3], [9, 4, 10, 5], [5, 21, 6, 20], [19, 9, 20, 8], [7, 1, 8, 22], [21, 7, 22, 6]]"
11a_34_89,"[[21, 7, 22, 6], [11, 17, 12, 16], [13, 11, 14, 10], [17, 13, 18, 12], [3, 18, 4, 19], [1, 14, 2, 15], [15, 2, 16, 3], [9, 4, 10, 5], [5, 21, 6, 20], [19, 9, 20, 8], [7, 1, 8, 22]]"
11a_34_90,"[[7, 1, 8, 22], [21, 7, 22, 6], [11, 17, 12, 16], [13, 11, 14, 10], [17, 13, 18, 12], [3, 18, 4, 19], [1, 14, 2, 15], [15, 2, 16, 3], [9, 4, 10, 5], [5, 21, 6, 20], [19, 9, 20, 8]]"
11a_34_91,"[[19, 9, 20, 8], [7, 1, 8, 22], [21, 7, 22, 6], [11, 17, 12, 16], [13, 11, 14, 10], [17, 13, 18, 12], [3, 18, 4, 19], [1, 14, 2, 15], [15, 2, 16, 3], [9, 4, 10, 5], [5, 21, 6, 20]]"
11a_34_92,"[[5, 21, 6, 20], [19, 9, 20, 8], [7, 1, 8, 22], [21, 7, 22, 6], [11, 17, 12, 16], [13, 11, 14, 10], [17, 13, 18, 12], [3, 18, 4, 19], [1, 14, 2, 15], [15, 2, 16, 3], [9, 4, 10, 5]]"
11a_34_93,"[[9, 4, 10, 5], [5, 21, 6, 20], [19, 9, 20, 8], [7, 1, 8, 22], [21, 7, 22, 6], [11, 17, 12, 16], [13, 11, 14, 10], [17, 13, 18, 12], [3, 18, 4, 19], [1, 14, 2, 15], [15, 2, 16, 3]]"
11a_34_94,"[[15, 2, 16, 3], [9, 4, 10, 5], [5, 21, 6, 20], [19, 9, 20, 8], [7, 1, 8, 22], [21, 7, 22, 6], [11, 17, 12, 16], [13, 11, 14, 10], [17, 13, 18, 12], [3, 18, 4, 19], [1, 14, 2, 15]]"
11a_34_95,"[[1, 14, 2, 15], [15, 2, 16, 3], [9, 4, 10, 5], [5, 21, 6, 20], [19, 9, 20, 8], [7, 1, 8, 22], [21, 7, 22, 6], [11, 17, 12, 16], [13, 11, 14, 10], [17, 13, 18, 12], [3, 18, 4, 19]]"
11a_34_96,"[[3, 18, 4, 19], [1, 14, 2, 15], [15, 2, 16, 3], [9, 4, 10, 5], [5, 21, 6, 20], [19, 9, 20, 8], [7, 1, 8, 22], [21, 7, 22, 6], [11, 17, 12, 16], [13, 11, 14, 10], [17, 13, 18, 12]]"
11a_34_97,"[[17, 13, 18, 12], [3, 18, 4, 19], [1, 14, 2, 15], [15, 2, 16, 3], [9, 4, 10, 5], [5, 21, 6, 20], [19, 9, 20, 8], [7, 1, 8, 22], [21, 7, 22, 6], [11, 17, 12, 16], [13, 11, 14, 10]]"
11a_34_98,"[[13, 11, 14, 10], [17, 13, 18, 12], [3, 18, 4, 19], [1, 14, 2, 15], [15, 2, 16, 3], [9, 4, 10, 5], [5, 21, 6, 20], [19, 9, 20, 8], [7, 1, 8, 22], [21, 7, 22, 6], [11, 17, 12, 16]]"
11a_34_99,"[[12, 18, 13, 17], [14, 12, 15, 11], [18, 14, 19, 13], [4, 19, 5, 20], [2, 15, 3, 16], [16, 3, 17, 4], [10, 5, 11, 6], [6, 22, 7, 21], [20, 10, 21, 9], [8, 2, 9, 1], [22, 8, 1, 7]]"
11a_34_100,"[[22, 8, 1, 7], [12, 18, 13, 17], [14, 12, 15, 11], [18, 14, 19, 13], [4, 19, 5, 20], [2, 15, 3, 16], [16, 3, 17, 4], [10, 5, 11, 6], [6, 22, 7, 21], [20, 10, 21, 9], [8, 2, 9, 1]]"
11a_34_101,"[[8, 2, 9, 1], [22, 8, 1, 7], [12, 18, 13, 17], [14, 12, 15, 11], [18, 14, 19, 13], [4, 19, 5, 20], [2, 15, 3, 16], [16, 3, 17, 4], [10, 5, 11, 6], [6, 22, 7, 21], [20, 10, 21, 9]]"
11a_34_102,"[[20, 10, 21, 9], [8, 2, 9, 1], [22, 8, 1, 7], [12, 18, 13, 17], [14, 12, 15, 11], [18, 14, 19, 13], [4, 19, 5, 20], [2, 15, 3, 16], [16, 3, 17, 4], [10, 5, 11, 6], [6, 22, 7, 21]]"
11a_34_103,"[[6, 22, 7, 21], [20, 10, 21, 9], [8, 2, 9, 1], [22, 8, 1, 7], [12, 18, 13, 17], [14, 12, 15, 11], [18, 14, 19, 13], [4, 19, 5, 20], [2, 15, 3, 16], [16, 3, 17, 4], [10, 5, 11, 6]]"
11a_34_104,"[[10, 5, 11, 6], [6, 22, 7, 21], [20, 10, 21, 9], [8, 2, 9, 1], [22, 8, 1, 7], [12, 18, 13, 17], [14, 12, 15, 11], [18, 14, 19, 13], [4, 19, 5, 20], [2, 15, 3, 16], [16, 3, 17, 4]]"
11a_34_105,"[[16, 3, 17, 4], [10, 5, 11, 6], [6, 22, 7, 21], [20, 10, 21, 9], [8, 2, 9, 1], [22, 8, 1, 7], [12, 18, 13, 17], [14, 12, 15, 11], [18, 14, 19, 13], [4, 19, 5, 20], [2, 15, 3, 16]]"
11a_34_106,"[[2, 15, 3, 16], [16, 3, 17, 4], [10, 5, 11, 6], [6, 22, 7, 21], [20, 10, 21, 9], [8, 2, 9, 1], [22, 8, 1, 7], [12, 18, 13, 17], [14, 12, 15, 11], [18, 14, 19, 13], [4, 19, 5, 20]]"
11a_34_107,"[[4, 19, 5, 20], [2, 15, 3, 16], [16, 3, 17, 4], [10, 5, 11, 6], [6, 22, 7, 21], [20, 10, 21, 9], [8, 2, 9, 1], [22, 8, 1, 7], [12, 18, 13, 17], [14, 12, 15, 11], [18, 14, 19, 13]]"
11a_34_108,"[[18, 14, 19, 13], [4, 19, 5, 20], [2, 15, 3, 16], [16, 3, 17, 4], [10, 5, 11, 6], [6, 22, 7, 21], [20, 10, 21, 9], [8, 2, 9, 1], [22, 8, 1, 7], [12, 18, 13, 17], [14, 12, 15, 11]]"
11a_34_109,"[[14, 12, 15, 11], [18, 14, 19, 13], [4, 19, 5, 20], [2, 15, 3, 16], [16, 3, 17, 4], [10, 5, 11, 6], [6, 22, 7, 21], [20, 10, 21, 9], [8, 2, 9, 1], [22, 8, 1, 7], [12, 18, 13, 17]]"
11a_34_110,"[[13, 19, 14, 18], [15, 13, 16, 12], [19, 15, 20, 14], [5, 20, 6, 21], [3, 16, 4, 17], [17, 4, 18, 5], [11, 6, 12, 7], [7, 1, 8, 22], [21, 11, 22, 10], [9, 3, 10, 2], [1, 9, 2, 8]]"
11a_34_111,"[[1, 9, 2, 8], [13, 19, 14, 18], [15, 13, 16, 12], [19, 15, 20, 14], [5, 20, 6, 21], [3, 16, 4, 17], [17, 4, 18, 5], [11, 6, 12, 7], [7, 1, 8, 22], [21, 11, 22, 10], [9, 3, 10, 2]]"
11a_34_112,"[[9, 3, 10, 2], [1, 9, 2, 8], [13, 19, 14, 18], [15, 13, 16, 12], [19, 15, 20, 14], [5, 20, 6, 21], [3, 16, 4, 17], [17, 4, 18, 5], [11, 6, 12, 7], [7, 1, 8, 22], [21, 11, 22, 10]]"
11a_34_113,"[[21, 11, 22, 10], [9, 3, 10, 2], [1, 9, 2, 8], [13, 19, 14, 18], [15, 13, 16, 12], [19, 15, 20, 14], [5, 20, 6, 21], [3, 16, 4, 17], [17, 4, 18, 5], [11, 6, 12, 7], [7, 1, 8, 22]]"
11a_34_114,"[[7, 1, 8, 22], [21, 11, 22, 10], [9, 3, 10, 2], [1, 9, 2, 8], [13, 19, 14, 18], [15, 13, 16, 12], [19, 15, 20, 14], [5, 20, 6, 21], [3, 16, 4, 17], [17, 4, 18, 5], [11, 6, 12, 7]]"
11a_34_115,"[[11, 6, 12, 7], [7, 1, 8, 22], [21, 11, 22, 10], [9, 3, 10, 2], [1, 9, 2, 8], [13, 19, 14, 18], [15, 13, 16, 12], [19, 15, 20, 14], [5, 20, 6, 21], [3, 16, 4, 17], [17, 4, 18, 5]]"
11a_34_116,"[[17, 4, 18, 5], [11, 6, 12, 7], [7, 1, 8, 22], [21, 11, 22, 10], [9, 3, 10, 2], [1, 9, 2, 8], [13, 19, 14, 18], [15, 13, 16, 12], [19, 15, 20, 14], [5, 20, 6, 21], [3, 16, 4, 17]]"
11a_34_117,"[[3, 16, 4, 17], [17, 4, 18, 5], [11, 6, 12, 7], [7, 1, 8, 22], [21, 11, 22, 10], [9, 3, 10, 2], [1, 9, 2, 8], [13, 19, 14, 18], [15, 13, 16, 12], [19, 15, 20, 14], [5, 20, 6, 21]]"
11a_34_118,"[[5, 20, 6, 21], [3, 16, 4, 17], [17, 4, 18, 5], [11, 6, 12, 7], [7, 1, 8, 22], [21, 11, 22, 10], [9, 3, 10, 2], [1, 9, 2, 8], [13, 19, 14, 18], [15, 13, 16, 12], [19, 15, 20, 14]]"
11a_34_119,"[[19, 15, 20, 14], [5, 20, 6, 21], [3, 16, 4, 17], [17, 4, 18, 5], [11, 6, 12, 7], [7, 1, 8, 22], [21, 11, 22, 10], [9, 3, 10, 2], [1, 9, 2, 8], [13, 19, 14, 18], [15, 13, 16, 12]]"
11a_34_120,"[[15, 13, 16, 12], [19, 15, 20, 14], [5, 20, 6, 21], [3, 16, 4, 17], [17, 4, 18, 5], [11, 6, 12, 7], [7, 1, 8, 22], [21, 11, 22, 10], [9, 3, 10, 2], [1, 9, 2, 8], [13, 19, 14, 18]]"
11a_34_121,"[[14, 20, 15, 19], [16, 14, 17, 13], [20, 16, 21, 15], [6, 21, 7, 22], [4, 17, 5, 18], [18, 5, 19, 6], [12, 7, 13, 8], [8, 2, 9, 1], [22, 12, 1, 11], [10, 4, 11, 3], [2, 10, 3, 9]]"
11a_34_122,"[[2, 10, 3, 9], [14, 20, 15, 19], [16, 14, 17, 13], [20, 16, 21, 15], [6, 21, 7, 22], [4, 17, 5, 18], [18, 5, 19, 6], [12, 7, 13, 8], [8, 2, 9, 1], [22, 12, 1, 11], [10, 4, 11, 3]]"
11a_34_123,"[[10, 4, 11, 3], [2, 10, 3, 9], [14, 20, 15, 19], [16, 14, 17, 13], [20, 16, 21, 15], [6, 21, 7, 22], [4, 17, 5, 18], [18, 5, 19, 6], [12, 7, 13, 8], [8, 2, 9, 1], [22, 12, 1, 11]]"
11a_34_124,"[[22, 12, 1, 11], [10, 4, 11, 3], [2, 10, 3, 9], [14, 20, 15, 19], [16, 14, 17, 13], [20, 16, 21, 15], [6, 21, 7, 22], [4, 17, 5, 18], [18, 5, 19, 6], [12, 7, 13, 8], [8, 2, 9, 1]]"
11a_34_125,"[[8, 2, 9, 1], [22, 12, 1, 11], [10, 4, 11, 3], [2, 10, 3, 9], [14, 20, 15, 19], [16, 14, 17, 13], [20, 16, 21, 15], [6, 21, 7, 22], [4, 17, 5, 18], [18, 5, 19, 6], [12, 7, 13, 8]]"
11a_34_126,"[[12, 7, 13, 8], [8, 2, 9, 1], [22, 12, 1, 11], [10, 4, 11, 3], [2, 10, 3, 9], [14, 20, 15, 19], [16, 14, 17, 13], [20, 16, 21, 15], [6, 21, 7, 22], [4, 17, 5, 18], [18, 5, 19, 6]]"
11a_34_127,"[[18, 5, 19, 6], [12, 7, 13, 8], [8, 2, 9, 1], [22, 12, 1, 11], [10, 4, 11, 3], [2, 10, 3, 9], [14, 20, 15, 19], [16, 14, 17, 13], [20, 16, 21, 15], [6, 21, 7, 22], [4, 17, 5, 18]]"
11a_34_128,"[[4, 17, 5, 18], [18, 5, 19, 6], [12, 7, 13, 8], [8, 2, 9, 1], [22, 12, 1, 11], [10, 4, 11, 3], [2, 10, 3, 9], [14, 20, 15, 19], [16, 14, 17, 13], [20, 16, 21, 15], [6, 21, 7, 22]]"
11a_34_129,"[[6, 21, 7, 22], [4, 17, 5, 18], [18, 5, 19, 6], [12, 7, 13, 8], [8, 2, 9, 1], [22, 12, 1, 11], [10, 4, 11, 3], [2, 10, 3, 9], [14, 20, 15, 19], [16, 14, 17, 13], [20, 16, 21, 15]]"
11a_34_130,"[[20, 16, 21, 15], [6, 21, 7, 22], [4, 17, 5, 18], [18, 5, 19, 6], [12, 7, 13, 8], [8, 2, 9, 1], [22, 12, 1, 11], [10, 4, 11, 3], [2, 10, 3, 9], [14, 20, 15, 19], [16, 14, 17, 13]]"
11a_34_131,"[[16, 14, 17, 13], [20, 16, 21, 15], [6, 21, 7, 22], [4, 17, 5, 18], [18, 5, 19, 6], [12, 7, 13, 8], [8, 2, 9, 1], [22, 12, 1, 11], [10, 4, 11, 3], [2, 10, 3, 9], [14, 20, 15, 19]]"
11a_34_132,"[[15, 21, 16, 20], [17, 15, 18, 14], [21, 17, 22, 16], [7, 22, 8, 1], [5, 18, 6, 19], [19, 6, 20, 7], [13, 8, 14, 9], [9, 3, 10, 2], [1, 13, 2, 12], [11, 5, 12, 4], [3, 11, 4, 10]]"
11a_34_133,"[[3, 11, 4, 10], [15, 21, 16, 20], [17, 15, 18, 14], [21, 17, 22, 16], [7, 22, 8, 1], [5, 18, 6, 19], [19, 6, 20, 7], [13, 8, 14, 9], [9, 3, 10, 2], [1, 13, 2, 12], [11, 5, 12, 4]]"
11a_34_134,"[[11, 5, 12, 4], [3, 11, 4, 10], [15, 21, 16, 20], [17, 15, 18, 14], [21, 17, 22, 16], [7, 22, 8, 1], [5, 18, 6, 19], [19, 6, 20, 7], [13, 8, 14, 9], [9, 3, 10, 2], [1, 13, 2, 12]]"
11a_34_135,"[[1, 13, 2, 12], [11, 5, 12, 4], [3, 11, 4, 10], [15, 21, 16, 20], [17, 15, 18, 14], [21, 17, 22, 16], [7, 22, 8, 1], [5, 18, 6, 19], [19, 6, 20, 7], [13, 8, 14, 9], [9, 3, 10, 2]]"
11a_34_136,"[[9, 3, 10, 2], [1, 13, 2, 12], [11, 5, 12, 4], [3, 11, 4, 10], [15, 21, 16, 20], [17, 15, 18, 14], [21, 17, 22, 16], [7, 22, 8, 1], [5, 18, 6, 19], [19, 6, 20, 7], [13, 8, 14, 9]]"
11a_34_137,"[[13, 8, 14, 9], [9, 3, 10, 2], [1, 13, 2, 12], [11, 5, 12, 4], [3, 11, 4, 10], [15, 21, 16, 20], [17, 15, 18, 14], [21, 17, 22, 16], [7, 22, 8, 1], [5, 18, 6, 19], [19, 6, 20, 7]]"
11a_34_138,"[[19, 6, 20, 7], [13, 8, 14, 9], [9, 3, 10, 2], [1, 13, 2, 12], [11, 5, 12, 4], [3, 11, 4, 10], [15, 21, 16, 20], [17, 15, 18, 14], [21, 17, 22, 16], [7, 22, 8, 1], [5, 18, 6, 19]]"
11a_34_139,"[[5, 18, 6, 19], [19, 6, 20, 7], [13, 8, 14, 9], [9, 3, 10, 2], [1, 13, 2, 12], [11, 5, 12, 4], [3, 11, 4, 10], [15, 21, 16, 20], [17, 15, 18, 14], [21, 17, 22, 16], [7, 22, 8, 1]]"
11a_34_140,"[[7, 22, 8, 1], [5, 18, 6, 19], [19, 6, 20, 7], [13, 8, 14, 9], [9, 3, 10, 2], [1, 13, 2, 12], [11, 5, 12, 4], [3, 11, 4, 10], [15, 21, 16, 20], [17, 15, 18, 14], [21, 17, 22, 16]]"
11a_34_141,"[[21, 17, 22, 16], [7, 22, 8, 1], [5, 18, 6, 19], [19, 6, 20, 7], [13, 8, 14, 9], [9, 3, 10, 2], [1, 13, 2, 12], [11, 5, 12, 4], [3, 11, 4, 10], [15, 21, 16, 20], [17, 15, 18, 14]]"
11a_34_142,"[[17, 15, 18, 14], [21, 17, 22, 16], [7, 22, 8, 1], [5, 18, 6, 19], [19, 6, 20, 7], [13, 8, 14, 9], [9, 3, 10, 2], [1, 13, 2, 12], [11, 5, 12, 4], [3, 11, 4, 10], [15, 21, 16, 20]]"
11a_34_143,"[[16, 22, 17, 21], [18, 16, 19, 15], [22, 18, 1, 17], [8, 1, 9, 2], [6, 19, 7, 20], [20, 7, 21, 8], [14, 9, 15, 10], [10, 4, 11, 3], [2, 14, 3, 13], [12, 6, 13, 5], [4, 12, 5, 11]]"
11a_34_144,"[[4, 12, 5, 11], [16, 22, 17, 21], [18, 16, 19, 15], [22, 18, 1, 17], [8, 1, 9, 2], [6, 19, 7, 20], [20, 7, 21, 8], [14, 9, 15, 10], [10, 4, 11, 3], [2, 14, 3, 13], [12, 6, 13, 5]]"
11a_34_145,"[[12, 6, 13, 5], [4, 12, 5, 11], [16, 22, 17, 21], [18, 16, 19, 15], [22, 18, 1, 17], [8, 1, 9, 2], [6, 19, 7, 20], [20, 7, 21, 8], [14, 9, 15, 10], [10, 4, 11, 3], [2, 14, 3, 13]]"
11a_34_146,"[[2, 14, 3, 13], [12, 6, 13, 5], [4, 12, 5, 11], [16, 22, 17, 21], [18, 16, 19, 15], [22, 18, 1, 17], [8, 1, 9, 2], [6, 19, 7, 20], [20, 7, 21, 8], [14, 9, 15, 10], [10, 4, 11, 3]]"
11a_34_147,"[[10, 4, 11, 3], [2, 14, 3, 13], [12, 6, 13, 5], [4, 12, 5, 11], [16, 22, 17, 21], [18, 16, 19, 15], [22, 18, 1, 17], [8, 1, 9, 2], [6, 19, 7, 20], [20, 7, 21, 8], [14, 9, 15, 10]]"
11a_34_148,"[[14, 9, 15, 10], [10, 4, 11, 3], [2, 14, 3, 13], [12, 6, 13, 5], [4, 12, 5, 11], [16, 22, 17, 21], [18, 16, 19, 15], [22, 18, 1, 17], [8, 1, 9, 2], [6, 19, 7, 20], [20, 7, 21, 8]]"
11a_34_149,"[[20, 7, 21, 8], [14, 9, 15, 10], [10, 4, 11, 3], [2, 14, 3, 13], [12, 6, 13, 5], [4, 12, 5, 11], [16, 22, 17, 21], [18, 16, 19, 15], [22, 18, 1, 17], [8, 1, 9, 2], [6, 19, 7, 20]]"
11a_34_150,"[[6, 19, 7, 20], [20, 7, 21, 8], [14, 9, 15, 10], [10, 4, 11, 3], [2, 14, 3, 13], [12, 6, 13, 5], [4, 12, 5, 11], [16, 22, 17, 21], [18, 16, 19, 15], [22, 18, 1, 17], [8, 1, 9, 2]]"
11a_34_151,"[[8, 1, 9, 2], [6, 19, 7, 20], [20, 7, 21, 8], [14, 9, 15, 10], [10, 4, 11, 3], [2, 14, 3, 13], [12, 6, 13, 5], [4, 12, 5, 11], [16, 22, 17, 21], [18, 16, 19, 15], [22, 18, 1, 17]]"
11a_34_152,"[[22, 18, 1, 17], [8, 1, 9, 2], [6, 19, 7, 20], [20, 7, 21, 8], [14, 9, 15, 10], [10, 4, 11, 3], [2, 14, 3, 13], [12, 6, 13, 5], [4, 12, 5, 11], [16, 22, 17, 21], [18, 16, 19, 15]]"
11a_34_153,"[[18, 16, 19, 15], [22, 18, 1, 17], [8, 1, 9, 2], [6, 19, 7, 20], [20, 7, 21, 8], [14, 9, 15, 10], [10, 4, 11, 3], [2, 14, 3, 13], [12, 6, 13, 5], [4, 12, 5, 11], [16, 22, 17, 21]]"
11a_34_154,"[[17, 1, 18, 22], [19, 17, 20, 16], [1, 19, 2, 18], [9, 2, 10, 3], [7, 20, 8, 21], [21, 8, 22, 9], [15, 10, 16, 11], [11, 5, 12, 4], [3, 15, 4, 14], [13, 7, 14, 6], [5, 13, 6, 12]]"
11a_34_155,"[[5, 13, 6, 12], [17, 1, 18, 22], [19, 17, 20, 16], [1, 19, 2, 18], [9, 2, 10, 3], [7, 20, 8, 21], [21, 8, 22, 9], [15, 10, 16, 11], [11, 5, 12, 4], [3, 15, 4, 14], [13, 7, 14, 6]]"
11a_34_156,"[[13, 7, 14, 6], [5, 13, 6, 12], [17, 1, 18, 22], [19, 17, 20, 16], [1, 19, 2, 18], [9, 2, 10, 3], [7, 20, 8, 21], [21, 8, 22, 9], [15, 10, 16, 11], [11, 5, 12, 4], [3, 15, 4, 14]]"
11a_34_157,"[[3, 15, 4, 14], [13, 7, 14, 6], [5, 13, 6, 12], [17, 1, 18, 22], [19, 17, 20, 16], [1, 19, 2, 18], [9, 2, 10, 3], [7, 20, 8, 21], [21, 8, 22, 9], [15, 10, 16, 11], [11, 5, 12, 4]]"
11a_34_158,"[[11, 5, 12, 4], [3, 15, 4, 14], [13, 7, 14, 6], [5, 13, 6, 12], [17, 1, 18, 22], [19, 17, 20, 16], [1, 19, 2, 18], [9, 2, 10, 3], [7, 20, 8, 21], [21, 8, 22, 9], [15, 10, 16, 11]]"
11a_34_159,"[[15, 10, 16, 11], [11, 5, 12, 4], [3, 15, 4, 14], [13, 7, 14, 6], [5, 13, 6, 12], [17, 1, 18, 22], [19, 17, 20, 16], [1, 19, 2, 18], [9, 2, 10, 3], [7, 20, 8, 21], [21, 8, 22, 9]]"
11a_34_160,"[[21, 8, 22, 9], [15, 10, 16, 11], [11, 5, 12, 4], [3, 15, 4, 14], [13, 7, 14, 6], [5, 13, 6, 12], [17, 1, 18, 22], [19, 17, 20, 16], [1, 19, 2, 18], [9, 2, 10, 3], [7, 20, 8, 21]]"
11a_34_161,"[[7, 20, 8, 21], [21, 8, 22, 9], [15, 10, 16, 11], [11, 5, 12, 4], [3, 15, 4, 14], [13, 7, 14, 6], [5, 13, 6, 12], [17, 1, 18, 22], [19, 17, 20, 16], [1, 19, 2, 18], [9, 2, 10, 3]]"
11a_34_162,"[[9, 2, 10, 3], [7, 20, 8, 21], [21, 8, 22, 9], [15, 10, 16, 11], [11, 5, 12, 4], [3, 15, 4, 14], [13, 7, 14, 6], [5, 13, 6, 12], [17, 1, 18, 22], [19, 17, 20, 16], [1, 19, 2, 18]]"
11a_34_163,"[[1, 19, 2, 18], [9, 2, 10, 3], [7, 20, 8, 21], [21, 8, 22, 9], [15, 10, 16, 11], [11, 5, 12, 4], [3, 15, 4, 14], [13, 7, 14, 6], [5, 13, 6, 12], [17, 1, 18, 22], [19, 17, 20, 16]]"
11a_34_164,"[[19, 17, 20, 16], [1, 19, 2, 18], [9, 2, 10, 3], [7, 20, 8, 21], [21, 8, 22, 9], [15, 10, 16, 11], [11, 5, 12, 4], [3, 15, 4, 14], [13, 7, 14, 6], [5, 13, 6, 12], [17, 1, 18, 22]]"
11a_34_165,"[[18, 2, 19, 1], [20, 18, 21, 17], [2, 20, 3, 19], [10, 3, 11, 4], [8, 21, 9, 22], [22, 9, 1, 10], [16, 11, 17, 12], [12, 6, 13, 5], [4, 16, 5, 15], [14, 8, 15, 7], [6, 14, 7, 13]]"
11a_34_166,"[[6, 14, 7, 13], [18, 2, 19, 1], [20, 18, 21, 17], [2, 20, 3, 19], [10, 3, 11, 4], [8, 21, 9, 22], [22, 9, 1, 10], [16, 11, 17, 12], [12, 6, 13, 5], [4, 16, 5, 15], [14, 8, 15, 7]]"
11a_34_167,"[[14, 8, 15, 7], [6, 14, 7, 13], [18, 2, 19, 1], [20, 18, 21, 17], [2, 20, 3, 19], [10, 3, 11, 4], [8, 21, 9, 22], [22, 9, 1, 10], [16, 11, 17, 12], [12, 6, 13, 5], [4, 16, 5, 15]]"
11a_34_168,"[[4, 16, 5, 15], [14, 8, 15, 7], [6, 14, 7, 13], [18, 2, 19, 1], [20, 18, 21, 17], [2, 20, 3, 19], [10, 3, 11, 4], [8, 21, 9, 22], [22, 9, 1, 10], [16, 11, 17, 12], [12, 6, 13, 5]]"
11a_34_169,"[[12, 6, 13, 5], [4, 16, 5, 15], [14, 8, 15, 7], [6, 14, 7, 13], [18, 2, 19, 1], [20, 18, 21, 17], [2, 20, 3, 19], [10, 3, 11, 4], [8, 21, 9, 22], [22, 9, 1, 10], [16, 11, 17, 12]]"
11a_34_170,"[[16, 11, 17, 12], [12, 6, 13, 5], [4, 16, 5, 15], [14, 8, 15, 7], [6, 14, 7, 13], [18, 2, 19, 1], [20, 18, 21, 17], [2, 20, 3, 19], [10, 3, 11, 4], [8, 21, 9, 22], [22, 9, 1, 10]]"
11a_34_171,"[[22, 9, 1, 10], [16, 11, 17, 12], [12, 6, 13, 5], [4, 16, 5, 15], [14, 8, 15, 7], [6, 14, 7, 13], [18, 2, 19, 1], [20, 18, 21, 17], [2, 20, 3, 19], [10, 3, 11, 4], [8, 21, 9, 22]]"
11a_34_172,"[[8, 21, 9, 22], [22, 9, 1, 10], [16, 11, 17, 12], [12, 6, 13, 5], [4, 16, 5, 15], [14, 8, 15, 7], [6, 14, 7, 13], [18, 2, 19, 1], [20, 18, 21, 17], [2, 20, 3, 19], [10, 3, 11, 4]]"
11a_34_173,"[[10, 3, 11, 4], [8, 21, 9, 22], [22, 9, 1, 10], [16, 11, 17, 12], [12, 6, 13, 5], [4, 16, 5, 15], [14, 8, 15, 7], [6, 14, 7, 13], [18, 2, 19, 1], [20, 18, 21, 17], [2, 20, 3, 19]]"
11a_34_174,"[[2, 20, 3, 19], [10, 3, 11, 4], [8, 21, 9, 22], [22, 9, 1, 10], [16, 11, 17, 12], [12, 6, 13, 5], [4, 16, 5, 15], [14, 8, 15, 7], [6, 14, 7, 13], [18, 2, 19, 1], [20, 18, 21, 17]]"
11a_34_175,"[[20, 18, 21, 17], [2, 20, 3, 19], [10, 3, 11, 4], [8, 21, 9, 22], [22, 9, 1, 10], [16, 11, 17, 12], [12, 6, 13, 5], [4, 16, 5, 15], [14, 8, 15, 7], [6, 14, 7, 13], [18, 2, 19, 1]]"
11a_34_176,"[[19, 3, 20, 2], [21, 19, 22, 18], [3, 21, 4, 20], [11, 4, 12, 5], [9, 22, 10, 1], [1, 10, 2, 11], [17, 12, 18, 13], [13, 7, 14, 6], [5, 17, 6, 16], [15, 9, 16, 8], [7, 15, 8, 14]]"
11a_34_177,"[[7, 15, 8, 14], [19, 3, 20, 2], [21, 19, 22, 18], [3, 21, 4, 20], [11, 4, 12, 5], [9, 22, 10, 1], [1, 10, 2, 11], [17, 12, 18, 13], [13, 7, 14, 6], [5, 17, 6, 16], [15, 9, 16, 8]]"
11a_34_178,"[[15, 9, 16, 8], [7, 15, 8, 14], [19, 3, 20, 2], [21, 19, 22, 18], [3, 21, 4, 20], [11, 4, 12, 5], [9, 22, 10, 1], [1, 10, 2, 11], [17, 12, 18, 13], [13, 7, 14, 6], [5, 17, 6, 16]]"
11a_34_179,"[[5, 17, 6, 16], [15, 9, 16, 8], [7, 15, 8, 14], [19, 3, 20, 2], [21, 19, 22, 18], [3, 21, 4, 20], [11, 4, 12, 5], [9, 22, 10, 1], [1, 10, 2, 11], [17, 12, 18, 13], [13, 7, 14, 6]]"
11a_34_180,"[[13, 7, 14, 6], [5, 17, 6, 16], [15, 9, 16, 8], [7, 15, 8, 14], [19, 3, 20, 2], [21, 19, 22, 18], [3, 21, 4, 20], [11, 4, 12, 5], [9, 22, 10, 1], [1, 10, 2, 11], [17, 12, 18, 13]]"
11a_34_181,"[[17, 12, 18, 13], [13, 7, 14, 6], [5, 17, 6, 16], [15, 9, 16, 8], [7, 15, 8, 14], [19, 3, 20, 2], [21, 19, 22, 18], [3, 21, 4, 20], [11, 4, 12, 5], [9, 22, 10, 1], [1, 10, 2, 11]]"
11a_34_182,"[[1, 10, 2, 11], [17, 12, 18, 13], [13, 7, 14, 6], [5, 17, 6, 16], [15, 9, 16, 8], [7, 15, 8, 14], [19, 3, 20, 2], [21, 19, 22, 18], [3, 21, 4, 20], [11, 4, 12, 5], [9, 22, 10, 1]]"
11a_34_183,"[[9, 22, 10, 1], [1, 10, 2, 11], [17, 12, 18, 13], [13, 7, 14, 6], [5, 17, 6, 16], [15, 9, 16, 8], [7, 15, 8, 14], [19, 3, 20, 2], [21, 19, 22, 18], [3, 21, 4, 20], [11, 4, 12, 5]]"
11a_34_184,"[[11, 4, 12, 5], [9, 22, 10, 1], [1, 10, 2, 11], [17, 12, 18, 13], [13, 7, 14, 6], [5, 17, 6, 16], [15, 9, 16, 8], [7, 15, 8, 14], [19, 3, 20, 2], [21, 19, 22, 18], [3, 21, 4, 20]]"
11a_34_185,"[[3, 21, 4, 20], [11, 4, 12, 5], [9, 22, 10, 1], [1, 10, 2, 11], [17, 12, 18, 13], [13, 7, 14, 6], [5, 17, 6, 16], [15, 9, 16, 8], [7, 15, 8, 14], [19, 3, 20, 2], [21, 19, 22, 18]]"
11a_34_186,"[[21, 19, 22, 18], [3, 21, 4, 20], [11, 4, 12, 5], [9, 22, 10, 1], [1, 10, 2, 11], [17, 12, 18, 13], [13, 7, 14, 6], [5, 17, 6, 16], [15, 9, 16, 8], [7, 15, 8, 14], [19, 3, 20, 2]]"
11a_34_187,"[[20, 4, 21, 3], [22, 20, 1, 19], [4, 22, 5, 21], [12, 5, 13, 6], [10, 1, 11, 2], [2, 11, 3, 12], [18, 13, 19, 14], [14, 8, 15, 7], [6, 18, 7, 17], [16, 10, 17, 9], [8, 16, 9, 15]]"
11a_34_188,"[[8, 16, 9, 15], [20, 4, 21, 3], [22, 20, 1, 19], [4, 22, 5, 21], [12, 5, 13, 6], [10, 1, 11, 2], [2, 11, 3, 12], [18, 13, 19, 14], [14, 8, 15, 7], [6, 18, 7, 17], [16, 10, 17, 9]]"
11a_34_189,"[[16, 10, 17, 9], [8, 16, 9, 15], [20, 4, 21, 3], [22, 20, 1, 19], [4, 22, 5, 21], [12, 5, 13, 6], [10, 1, 11, 2], [2, 11, 3, 12], [18, 13, 19, 14], [14, 8, 15, 7], [6, 18, 7, 17]]"
11a_34_190,"[[6, 18, 7, 17], [16, 10, 17, 9], [8, 16, 9, 15], [20, 4, 21, 3], [22, 20, 1, 19], [4, 22, 5, 21], [12, 5, 13, 6], [10, 1, 11, 2], [2, 11, 3, 12], [18, 13, 19, 14], [14, 8, 15, 7]]"
11a_34_191,"[[14, 8, 15, 7], [6, 18, 7, 17], [16, 10, 17, 9], [8, 16, 9, 15], [20, 4, 21, 3], [22, 20, 1, 19], [4, 22, 5, 21], [12, 5, 13, 6], [10, 1, 11, 2], [2, 11, 3, 12], [18, 13, 19, 14]]"
11a_34_192,"[[18, 13, 19, 14], [14, 8, 15, 7], [6, 18, 7, 17], [16, 10, 17, 9], [8, 16, 9, 15], [20, 4, 21, 3], [22, 20, 1, 19], [4, 22, 5, 21], [12, 5, 13, 6], [10, 1, 11, 2], [2, 11, 3, 12]]"
11a_34_193,"[[2, 11, 3, 12], [18, 13, 19, 14], [14, 8, 15, 7], [6, 18, 7, 17], [16, 10, 17, 9], [8, 16, 9, 15], [20, 4, 21, 3], [22, 20, 1, 19], [4, 22, 5, 21], [12, 5, 13, 6], [10, 1, 11, 2]]"
11a_34_194,"[[10, 1, 11, 2], [2, 11, 3, 12], [18, 13, 19, 14], [14, 8, 15, 7], [6, 18, 7, 17], [16, 10, 17, 9], [8, 16, 9, 15], [20, 4, 21, 3], [22, 20, 1, 19], [4, 22, 5, 21], [12, 5, 13, 6]]"
11a_34_195,"[[12, 5, 13, 6], [10, 1, 11, 2], [2, 11, 3, 12], [18, 13, 19, 14], [14, 8, 15, 7], [6, 18, 7, 17], [16, 10, 17, 9], [8, 16, 9, 15], [20, 4, 21, 3], [22, 20, 1, 19], [4, 22, 5, 21]]"
11a_34_196,"[[4, 22, 5, 21], [12, 5, 13, 6], [10, 1, 11, 2], [2, 11, 3, 12], [18, 13, 19, 14], [14, 8, 15, 7], [6, 18, 7, 17], [16, 10, 17, 9], [8, 16, 9, 15], [20, 4, 21, 3], [22, 20, 1, 19]]"
11a_34_197,"[[22, 20, 1, 19], [4, 22, 5, 21], [12, 5, 13, 6], [10, 1, 11, 2], [2, 11, 3, 12], [18, 13, 19, 14], [14, 8, 15, 7], [6, 18, 7, 17], [16, 10, 17, 9], [8, 16, 9, 15], [20, 4, 21, 3]]"
11a_34_198,"[[21, 5, 22, 4], [1, 21, 2, 20], [5, 1, 6, 22], [13, 6, 14, 7], [11, 2, 12, 3], [3, 12, 4, 13], [19, 14, 20, 15], [15, 9, 16, 8], [7, 19, 8, 18], [17, 11, 18, 10], [9, 17, 10, 16]]"
11a_34_199,"[[9, 17, 10, 16], [21, 5, 22, 4], [1, 21, 2, 20], [5, 1, 6, 22], [13, 6, 14, 7], [11, 2, 12, 3], [3, 12, 4, 13], [19, 14, 20, 15], [15, 9, 16, 8], [7, 19, 8, 18], [17, 11, 18, 10]]"
11a_34_200,"[[17, 11, 18, 10], [9, 17, 10, 16], [21, 5, 22, 4], [1, 21, 2, 20], [5, 1, 6, 22], [13, 6, 14, 7], [11, 2, 12, 3], [3, 12, 4, 13], [19, 14, 20, 15], [15, 9, 16, 8], [7, 19, 8, 18]]"
11a_34_201,"[[7, 19, 8, 18], [17, 11, 18, 10], [9, 17, 10, 16], [21, 5, 22, 4], [1, 21, 2, 20], [5, 1, 6, 22], [13, 6, 14, 7], [11, 2, 12, 3], [3, 12, 4, 13], [19, 14, 20, 15], [15, 9, 16, 8]]"
11a_34_202,"[[15, 9, 16, 8], [7, 19, 8, 18], [17, 11, 18, 10], [9, 17, 10, 16], [21, 5, 22, 4], [1, 21, 2, 20], [5, 1, 6, 22], [13, 6, 14, 7], [11, 2, 12, 3], [3, 12, 4, 13], [19, 14, 20, 15]]"
11a_34_203,"[[19, 14, 20, 15], [15, 9, 16, 8], [7, 19, 8, 18], [17, 11, 18, 10], [9, 17, 10, 16], [21, 5, 22, 4], [1, 21, 2, 20], [5, 1, 6, 22], [13, 6, 14, 7], [11, 2, 12, 3], [3, 12, 4, 13]]"
11a_34_204,"[[3, 12, 4, 13], [19, 14, 20, 15], [15, 9, 16, 8], [7, 19, 8, 18], [17, 11, 18, 10], [9, 17, 10, 16], [21, 5, 22, 4], [1, 21, 2, 20], [5, 1, 6, 22], [13, 6, 14, 7], [11, 2, 12, 3]]"
