name,pd_notation
11a_355_0,"[[7, 19, 8, 18], [9, 3, 10, 2], [15, 5, 16, 4], [21, 11, 22, 10], [1, 13, 2, 12], [11, 1, 12, 22], [13, 21, 14, 20], [17, 7, 18, 6], [19, 9, 20, 8], [3, 15, 4, 14], [5, 17, 6, 16]]"
11a_355_1,"[[5, 17, 6, 16], [7, 19, 8, 18], [9, 3, 10, 2], [15, 5, 16, 4], [21, 11, 22, 10], [1, 13, 2, 12], [11, 1, 12, 22], [13, 21, 14, 20], [17, 7, 18, 6], [19, 9, 20, 8], [3, 15, 4, 14]]"
11a_355_2,"[[3, 15, 4, 14], [5, 17, 6, 16], [7, 19, 8, 18], [9, 3, 10, 2], [15, 5, 16, 4], [21, 11, 22, 10], [1, 13, 2, 12], [11, 1, 12, 22], [13, 21, 14, 20], [17, 7, 18, 6], [19, 9, 20, 8]]"
11a_355_3,"[[19, 9, 20, 8], [3, 15, 4, 14], [5, 17, 6, 16], [7, 19, 8, 18], [9, 3, 10, 2], [15, 5, 16, 4], [21, 11, 22, 10], [1, 13, 2, 12], [11, 1, 12, 22], [13, 21, 14, 20], [17, 7, 18, 6]]"
11a_355_4,"[[17, 7, 18, 6], [19, 9, 20, 8], [3, 15, 4, 14], [5, 17, 6, 16], [7, 19, 8, 18], [9, 3, 10, 2], [15, 5, 16, 4], [21, 11, 22, 10], [1, 13, 2, 12], [11, 1, 12, 22], [13, 21, 14, 20]]"
11a_355_5,"[[13, 21, 14, 20], [17, 7, 18, 6], [19, 9, 20, 8], [3, 15, 4, 14], [5, 17, 6, 16], [7, 19, 8, 18], [9, 3, 10, 2], [15, 5, 16, 4], [21, 11, 22, 10], [1, 13, 2, 12], [11, 1, 12, 22]]"
11a_355_6,"[[11, 1, 12, 22], [13, 21, 14, 20], [17, 7, 18, 6], [19, 9, 20, 8], [3, 15, 4, 14], [5, 17, 6, 16], [7, 19, 8, 18], [9, 3, 10, 2], [15, 5, 16, 4], [21, 11, 22, 10], [1, 13, 2, 12]]"
11a_355_7,"[[1, 13, 2, 12], [11, 1, 12, 22], [13, 21, 14, 20], [17, 7, 18, 6], [19, 9, 20, 8], [3, 15, 4, 14], [5, 17, 6, 16], [7, 19, 8, 18], [9, 3, 10, 2], [15, 5, 16, 4], [21, 11, 22, 10]]"
11a_355_8,"[[21, 11, 22, 10], [1, 13, 2, 12], [11, 1, 12, 22], [13, 21, 14, 20], [17, 7, 18, 6], [19, 9, 20, 8], [3, 15, 4, 14], [5, 17, 6, 16], [7, 19, 8, 18], [9, 3, 10, 2], [15, 5, 16, 4]]"
11a_355_9,"[[15, 5, 16, 4], [21, 11, 22, 10], [1, 13, 2, 12], [11, 1, 12, 22], [13, 21, 14, 20], [17, 7, 18, 6], [19, 9, 20, 8], [3, 15, 4, 14], [5, 17, 6, 16], [7, 19, 8, 18], [9, 3, 10, 2]]"
11a_355_10,"[[9, 3, 10, 2], [15, 5, 16, 4], [21, 11, 22, 10], [1, 13, 2, 12], [11, 1, 12, 22], [13, 21, 14, 20], [17, 7, 18, 6], [19, 9, 20, 8], [3, 15, 4, 14], [5, 17, 6, 16], [7, 19, 8, 18]]"
11a_355_11,"[[8, 20, 9, 19], [10, 4, 11, 3], [16, 6, 17, 5], [22, 12, 1, 11], [2, 14, 3, 13], [12, 2, 13, 1], [14, 22, 15, 21], [18, 8, 19, 7], [20, 10, 21, 9], [4, 16, 5, 15], [6, 18, 7, 17]]"
11a_355_12,"[[6, 18, 7, 17], [8, 20, 9, 19], [10, 4, 11, 3], [16, 6, 17, 5], [22, 12, 1, 11], [2, 14, 3, 13], [12, 2, 13, 1], [14, 22, 15, 21], [18, 8, 19, 7], [20, 10, 21, 9], [4, 16, 5, 15]]"
11a_355_13,"[[4, 16, 5, 15], [6, 18, 7, 17], [8, 20, 9, 19], [10, 4, 11, 3], [16, 6, 17, 5], [22, 12, 1, 11], [2, 14, 3, 13], [12, 2, 13, 1], [14, 22, 15, 21], [18, 8, 19, 7], [20, 10, 21, 9]]"
11a_355_14,"[[20, 10, 21, 9], [4, 16, 5, 15], [6, 18, 7, 17], [8, 20, 9, 19], [10, 4, 11, 3], [16, 6, 17, 5], [22, 12, 1, 11], [2, 14, 3, 13], [12, 2, 13, 1], [14, 22, 15, 21], [18, 8, 19, 7]]"
11a_355_15,"[[18, 8, 19, 7], [20, 10, 21, 9], [4, 16, 5, 15], [6, 18, 7, 17], [8, 20, 9, 19], [10, 4, 11, 3], [16, 6, 17, 5], [22, 12, 1, 11], [2, 14, 3, 13], [12, 2, 13, 1], [14, 22, 15, 21]]"
11a_355_16,"[[14, 22, 15, 21], [18, 8, 19, 7], [20, 10, 21, 9], [4, 16, 5, 15], [6, 18, 7, 17], [8, 20, 9, 19], [10, 4, 11, 3], [16, 6, 17, 5], [22, 12, 1, 11], [2, 14, 3, 13], [12, 2, 13, 1]]"
11a_355_17,"[[12, 2, 13, 1], [14, 22, 15, 21], [18, 8, 19, 7], [20, 10, 21, 9], [4, 16, 5, 15], [6, 18, 7, 17], [8, 20, 9, 19], [10, 4, 11, 3], [16, 6, 17, 5], [22, 12, 1, 11], [2, 14, 3, 13]]"
11a_355_18,"[[2, 14, 3, 13], [12, 2, 13, 1], [14, 22, 15, 21], [18, 8, 19, 7], [20, 10, 21, 9], [4, 16, 5, 15], [6, 18, 7, 17], [8, 20, 9, 19], [10, 4, 11, 3], [16, 6, 17, 5], [22, 12, 1, 11]]"
11a_355_19,"[[22, 12, 1, 11], [2, 14, 3, 13], [12, 2, 13, 1], [14, 22, 15, 21], [18, 8, 19, 7], [20, 10, 21, 9], [4, 16, 5, 15], [6, 18, 7, 17], [8, 20, 9, 19], [10, 4, 11, 3], [16, 6, 17, 5]]"
11a_355_20,"[[16, 6, 17, 5], [22, 12, 1, 11], [2, 14, 3, 13], [12, 2, 13, 1], [14, 22, 15, 21], [18, 8, 19, 7], [20, 10, 21, 9], [4, 16, 5, 15], [6, 18, 7, 17], [8, 20, 9, 19], [10, 4, 11, 3]]"
11a_355_21,"[[10, 4, 11, 3], [16, 6, 17, 5], [22, 12, 1, 11], [2, 14, 3, 13], [12, 2, 13, 1], [14, 22, 15, 21], [18, 8, 19, 7], [20, 10, 21, 9], [4, 16, 5, 15], [6, 18, 7, 17], [8, 20, 9, 19]]"
11a_355_22,"[[9, 21, 10, 20], [11, 5, 12, 4], [17, 7, 18, 6], [1, 13, 2, 12], [3, 15, 4, 14], [13, 3, 14, 2], [15, 1, 16, 22], [19, 9, 20, 8], [21, 11, 22, 10], [5, 17, 6, 16], [7, 19, 8, 18]]"
11a_355_23,"[[7, 19, 8, 18], [9, 21, 10, 20], [11, 5, 12, 4], [17, 7, 18, 6], [1, 13, 2, 12], [3, 15, 4, 14], [13, 3, 14, 2], [15, 1, 16, 22], [19, 9, 20, 8], [21, 11, 22, 10], [5, 17, 6, 16]]"
11a_355_24,"[[5, 17, 6, 16], [7, 19, 8, 18], [9, 21, 10, 20], [11, 5, 12, 4], [17, 7, 18, 6], [1, 13, 2, 12], [3, 15, 4, 14], [13, 3, 14, 2], [15, 1, 16, 22], [19, 9, 20, 8], [21, 11, 22, 10]]"
11a_355_25,"[[21, 11, 22, 10], [5, 17, 6, 16], [7, 19, 8, 18], [9, 21, 10, 20], [11, 5, 12, 4], [17, 7, 18, 6], [1, 13, 2, 12], [3, 15, 4, 14], [13, 3, 14, 2], [15, 1, 16, 22], [19, 9, 20, 8]]"
11a_355_26,"[[19, 9, 20, 8], [21, 11, 22, 10], [5, 17, 6, 16], [7, 19, 8, 18], [9, 21, 10, 20], [11, 5, 12, 4], [17, 7, 18, 6], [1, 13, 2, 12], [3, 15, 4, 14], [13, 3, 14, 2], [15, 1, 16, 22]]"
11a_355_27,"[[15, 1, 16, 22], [19, 9, 20, 8], [21, 11, 22, 10], [5, 17, 6, 16], [7, 19, 8, 18], [9, 21, 10, 20], [11, 5, 12, 4], [17, 7, 18, 6], [1, 13, 2, 12], [3, 15, 4, 14], [13, 3, 14, 2]]"
11a_355_28,"[[13, 3, 14, 2], [15, 1, 16, 22], [19, 9, 20, 8], [21, 11, 22, 10], [5, 17, 6, 16], [7, 19, 8, 18], [9, 21, 10, 20], [11, 5, 12, 4], [17, 7, 18, 6], [1, 13, 2, 12], [3, 15, 4, 14]]"
11a_355_29,"[[3, 15, 4, 14], [13, 3, 14, 2], [15, 1, 16, 22], [19, 9, 20, 8], [21, 11, 22, 10], [5, 17, 6, 16], [7, 19, 8, 18], [9, 21, 10, 20], [11, 5, 12, 4], [17, 7, 18, 6], [1, 13, 2, 12]]"
11a_355_30,"[[1, 13, 2, 12], [3, 15, 4, 14], [13, 3, 14, 2], [15, 1, 16, 22], [19, 9, 20, 8], [21, 11, 22, 10], [5, 17, 6, 16], [7, 19, 8, 18], [9, 21, 10, 20], [11, 5, 12, 4], [17, 7, 18, 6]]"
11a_355_31,"[[17, 7, 18, 6], [1, 13, 2, 12], [3, 15, 4, 14], [13, 3, 14, 2], [15, 1, 16, 22], [19, 9, 20, 8], [21, 11, 22, 10], [5, 17, 6, 16], [7, 19, 8, 18], [9, 21, 10, 20], [11, 5, 12, 4]]"
11a_355_32,"[[11, 5, 12, 4], [17, 7, 18, 6], [1, 13, 2, 12], [3, 15, 4, 14], [13, 3, 14, 2], [15, 1, 16, 22], [19, 9, 20, 8], [21, 11, 22, 10], [5, 17, 6, 16], [7, 19, 8, 18], [9, 21, 10, 20]]"
11a_355_33,"[[10, 22, 11, 21], [12, 6, 13, 5], [18, 8, 19, 7], [2, 14, 3, 13], [4, 16, 5, 15], [14, 4, 15, 3], [16, 2, 17, 1], [20, 10, 21, 9], [22, 12, 1, 11], [6, 18, 7, 17], [8, 20, 9, 19]]"
11a_355_34,"[[8, 20, 9, 19], [10, 22, 11, 21], [12, 6, 13, 5], [18, 8, 19, 7], [2, 14, 3, 13], [4, 16, 5, 15], [14, 4, 15, 3], [16, 2, 17, 1], [20, 10, 21, 9], [22, 12, 1, 11], [6, 18, 7, 17]]"
11a_355_35,"[[6, 18, 7, 17], [8, 20, 9, 19], [10, 22, 11, 21], [12, 6, 13, 5], [18, 8, 19, 7], [2, 14, 3, 13], [4, 16, 5, 15], [14, 4, 15, 3], [16, 2, 17, 1], [20, 10, 21, 9], [22, 12, 1, 11]]"
11a_355_36,"[[22, 12, 1, 11], [6, 18, 7, 17], [8, 20, 9, 19], [10, 22, 11, 21], [12, 6, 13, 5], [18, 8, 19, 7], [2, 14, 3, 13], [4, 16, 5, 15], [14, 4, 15, 3], [16, 2, 17, 1], [20, 10, 21, 9]]"
11a_355_37,"[[20, 10, 21, 9], [22, 12, 1, 11], [6, 18, 7, 17], [8, 20, 9, 19], [10, 22, 11, 21], [12, 6, 13, 5], [18, 8, 19, 7], [2, 14, 3, 13], [4, 16, 5, 15], [14, 4, 15, 3], [16, 2, 17, 1]]"
11a_355_38,"[[16, 2, 17, 1], [20, 10, 21, 9], [22, 12, 1, 11], [6, 18, 7, 17], [8, 20, 9, 19], [10, 22, 11, 21], [12, 6, 13, 5], [18, 8, 19, 7], [2, 14, 3, 13], [4, 16, 5, 15], [14, 4, 15, 3]]"
11a_355_39,"[[14, 4, 15, 3], [16, 2, 17, 1], [20, 10, 21, 9], [22, 12, 1, 11], [6, 18, 7, 17], [8, 20, 9, 19], [10, 22, 11, 21], [12, 6, 13, 5], [18, 8, 19, 7], [2, 14, 3, 13], [4, 16, 5, 15]]"
11a_355_40,"[[4, 16, 5, 15], [14, 4, 15, 3], [16, 2, 17, 1], [20, 10, 21, 9], [22, 12, 1, 11], [6, 18, 7, 17], [8, 20, 9, 19], [10, 22, 11, 21], [12, 6, 13, 5], [18, 8, 19, 7], [2, 14, 3, 13]]"
11a_355_41,"[[2, 14, 3, 13], [4, 16, 5, 15], [14, 4, 15, 3], [16, 2, 17, 1], [20, 10, 21, 9], [22, 12, 1, 11], [6, 18, 7, 17], [8, 20, 9, 19], [10, 22, 11, 21], [12, 6, 13, 5], [18, 8, 19, 7]]"
11a_355_42,"[[18, 8, 19, 7], [2, 14, 3, 13], [4, 16, 5, 15], [14, 4, 15, 3], [16, 2, 17, 1], [20, 10, 21, 9], [22, 12, 1, 11], [6, 18, 7, 17], [8, 20, 9, 19], [10, 22, 11, 21], [12, 6, 13, 5]]"
11a_355_43,"[[12, 6, 13, 5], [18, 8, 19, 7], [2, 14, 3, 13], [4, 16, 5, 15], [14, 4, 15, 3], [16, 2, 17, 1], [20, 10, 21, 9], [22, 12, 1, 11], [6, 18, 7, 17], [8, 20, 9, 19], [10, 22, 11, 21]]"
11a_355_44,"[[11, 1, 12, 22], [13, 7, 14, 6], [19, 9, 20, 8], [3, 15, 4, 14], [5, 17, 6, 16], [15, 5, 16, 4], [17, 3, 18, 2], [21, 11, 22, 10], [1, 13, 2, 12], [7, 19, 8, 18], [9, 21, 10, 20]]"
11a_355_45,"[[9, 21, 10, 20], [11, 1, 12, 22], [13, 7, 14, 6], [19, 9, 20, 8], [3, 15, 4, 14], [5, 17, 6, 16], [15, 5, 16, 4], [17, 3, 18, 2], [21, 11, 22, 10], [1, 13, 2, 12], [7, 19, 8, 18]]"
11a_355_46,"[[7, 19, 8, 18], [9, 21, 10, 20], [11, 1, 12, 22], [13, 7, 14, 6], [19, 9, 20, 8], [3, 15, 4, 14], [5, 17, 6, 16], [15, 5, 16, 4], [17, 3, 18, 2], [21, 11, 22, 10], [1, 13, 2, 12]]"
11a_355_47,"[[1, 13, 2, 12], [7, 19, 8, 18], [9, 21, 10, 20], [11, 1, 12, 22], [13, 7, 14, 6], [19, 9, 20, 8], [3, 15, 4, 14], [5, 17, 6, 16], [15, 5, 16, 4], [17, 3, 18, 2], [21, 11, 22, 10]]"
11a_355_48,"[[21, 11, 22, 10], [1, 13, 2, 12], [7, 19, 8, 18], [9, 21, 10, 20], [11, 1, 12, 22], [13, 7, 14, 6], [19, 9, 20, 8], [3, 15, 4, 14], [5, 17, 6, 16], [15, 5, 16, 4], [17, 3, 18, 2]]"
11a_355_49,"[[17, 3, 18, 2], [21, 11, 22, 10], [1, 13, 2, 12], [7, 19, 8, 18], [9, 21, 10, 20], [11, 1, 12, 22], [13, 7, 14, 6], [19, 9, 20, 8], [3, 15, 4, 14], [5, 17, 6, 16], [15, 5, 16, 4]]"
11a_355_50,"[[15, 5, 16, 4], [17, 3, 18, 2], [21, 11, 22, 10], [1, 13, 2, 12], [7, 19, 8, 18], [9, 21, 10, 20], [11, 1, 12, 22], [13, 7, 14, 6], [19, 9, 20, 8], [3, 15, 4, 14], [5, 17, 6, 16]]"
11a_355_51,"[[5, 17, 6, 16], [15, 5, 16, 4], [17, 3, 18, 2], [21, 11, 22, 10], [1, 13, 2, 12], [7, 19, 8, 18], [9, 21, 10, 20], [11, 1, 12, 22], [13, 7, 14, 6], [19, 9, 20, 8], [3, 15, 4, 14]]"
11a_355_52,"[[3, 15, 4, 14], [5, 17, 6, 16], [15, 5, 16, 4], [17, 3, 18, 2], [21, 11, 22, 10], [1, 13, 2, 12], [7, 19, 8, 18], [9, 21, 10, 20], [11, 1, 12, 22], [13, 7, 14, 6], [19, 9, 20, 8]]"
11a_355_53,"[[19, 9, 20, 8], [3, 15, 4, 14], [5, 17, 6, 16], [15, 5, 16, 4], [17, 3, 18, 2], [21, 11, 22, 10], [1, 13, 2, 12], [7, 19, 8, 18], [9, 21, 10, 20], [11, 1, 12, 22], [13, 7, 14, 6]]"
11a_355_54,"[[13, 7, 14, 6], [19, 9, 20, 8], [3, 15, 4, 14], [5, 17, 6, 16], [15, 5, 16, 4], [17, 3, 18, 2], [21, 11, 22, 10], [1, 13, 2, 12], [7, 19, 8, 18], [9, 21, 10, 20], [11, 1, 12, 22]]"
11a_355_55,"[[12, 2, 13, 1], [14, 8, 15, 7], [20, 10, 21, 9], [4, 16, 5, 15], [6, 18, 7, 17], [16, 6, 17, 5], [18, 4, 19, 3], [22, 12, 1, 11], [2, 14, 3, 13], [8, 20, 9, 19], [10, 22, 11, 21]]"
11a_355_56,"[[10, 22, 11, 21], [12, 2, 13, 1], [14, 8, 15, 7], [20, 10, 21, 9], [4, 16, 5, 15], [6, 18, 7, 17], [16, 6, 17, 5], [18, 4, 19, 3], [22, 12, 1, 11], [2, 14, 3, 13], [8, 20, 9, 19]]"
11a_355_57,"[[8, 20, 9, 19], [10, 22, 11, 21], [12, 2, 13, 1], [14, 8, 15, 7], [20, 10, 21, 9], [4, 16, 5, 15], [6, 18, 7, 17], [16, 6, 17, 5], [18, 4, 19, 3], [22, 12, 1, 11], [2, 14, 3, 13]]"
11a_355_58,"[[2, 14, 3, 13], [8, 20, 9, 19], [10, 22, 11, 21], [12, 2, 13, 1], [14, 8, 15, 7], [20, 10, 21, 9], [4, 16, 5, 15], [6, 18, 7, 17], [16, 6, 17, 5], [18, 4, 19, 3], [22, 12, 1, 11]]"
11a_355_59,"[[22, 12, 1, 11], [2, 14, 3, 13], [8, 20, 9, 19], [10, 22, 11, 21], [12, 2, 13, 1], [14, 8, 15, 7], [20, 10, 21, 9], [4, 16, 5, 15], [6, 18, 7, 17], [16, 6, 17, 5], [18, 4, 19, 3]]"
11a_355_60,"[[18, 4, 19, 3], [22, 12, 1, 11], [2, 14, 3, 13], [8, 20, 9, 19], [10, 22, 11, 21], [12, 2, 13, 1], [14, 8, 15, 7], [20, 10, 21, 9], [4, 16, 5, 15], [6, 18, 7, 17], [16, 6, 17, 5]]"
11a_355_61,"[[16, 6, 17, 5], [18, 4, 19, 3], [22, 12, 1, 11], [2, 14, 3, 13], [8, 20, 9, 19], [10, 22, 11, 21], [12, 2, 13, 1], [14, 8, 15, 7], [20, 10, 21, 9], [4, 16, 5, 15], [6, 18, 7, 17]]"
11a_355_62,"[[6, 18, 7, 17], [16, 6, 17, 5], [18, 4, 19, 3], [22, 12, 1, 11], [2, 14, 3, 13], [8, 20, 9, 19], [10, 22, 11, 21], [12, 2, 13, 1], [14, 8, 15, 7], [20, 10, 21, 9], [4, 16, 5, 15]]"
11a_355_63,"[[4, 16, 5, 15], [6, 18, 7, 17], [16, 6, 17, 5], [18, 4, 19, 3], [22, 12, 1, 11], [2, 14, 3, 13], [8, 20, 9, 19], [10, 22, 11, 21], [12, 2, 13, 1], [14, 8, 15, 7], [20, 10, 21, 9]]"
11a_355_64,"[[20, 10, 21, 9], [4, 16, 5, 15], [6, 18, 7, 17], [16, 6, 17, 5], [18, 4, 19, 3], [22, 12, 1, 11], [2, 14, 3, 13], [8, 20, 9, 19], [10, 22, 11, 21], [12, 2, 13, 1], [14, 8, 15, 7]]"
11a_355_65,"[[14, 8, 15, 7], [20, 10, 21, 9], [4, 16, 5, 15], [6, 18, 7, 17], [16, 6, 17, 5], [18, 4, 19, 3], [22, 12, 1, 11], [2, 14, 3, 13], [8, 20, 9, 19], [10, 22, 11, 21], [12, 2, 13, 1]]"
11a_355_66,"[[13, 3, 14, 2], [15, 9, 16, 8], [21, 11, 22, 10], [5, 17, 6, 16], [7, 19, 8, 18], [17, 7, 18, 6], [19, 5, 20, 4], [1, 13, 2, 12], [3, 15, 4, 14], [9, 21, 10, 20], [11, 1, 12, 22]]"
11a_355_67,"[[11, 1, 12, 22], [13, 3, 14, 2], [15, 9, 16, 8], [21, 11, 22, 10], [5, 17, 6, 16], [7, 19, 8, 18], [17, 7, 18, 6], [19, 5, 20, 4], [1, 13, 2, 12], [3, 15, 4, 14], [9, 21, 10, 20]]"
11a_355_68,"[[9, 21, 10, 20], [11, 1, 12, 22], [13, 3, 14, 2], [15, 9, 16, 8], [21, 11, 22, 10], [5, 17, 6, 16], [7, 19, 8, 18], [17, 7, 18, 6], [19, 5, 20, 4], [1, 13, 2, 12], [3, 15, 4, 14]]"
11a_355_69,"[[3, 15, 4, 14], [9, 21, 10, 20], [11, 1, 12, 22], [13, 3, 14, 2], [15, 9, 16, 8], [21, 11, 22, 10], [5, 17, 6, 16], [7, 19, 8, 18], [17, 7, 18, 6], [19, 5, 20, 4], [1, 13, 2, 12]]"
11a_355_70,"[[1, 13, 2, 12], [3, 15, 4, 14], [9, 21, 10, 20], [11, 1, 12, 22], [13, 3, 14, 2], [15, 9, 16, 8], [21, 11, 22, 10], [5, 17, 6, 16], [7, 19, 8, 18], [17, 7, 18, 6], [19, 5, 20, 4]]"
11a_355_71,"[[19, 5, 20, 4], [1, 13, 2, 12], [3, 15, 4, 14], [9, 21, 10, 20], [11, 1, 12, 22], [13, 3, 14, 2], [15, 9, 16, 8], [21, 11, 22, 10], [5, 17, 6, 16], [7, 19, 8, 18], [17, 7, 18, 6]]"
11a_355_72,"[[17, 7, 18, 6], [19, 5, 20, 4], [1, 13, 2, 12], [3, 15, 4, 14], [9, 21, 10, 20], [11, 1, 12, 22], [13, 3, 14, 2], [15, 9, 16, 8], [21, 11, 22, 10], [5, 17, 6, 16], [7, 19, 8, 18]]"
11a_355_73,"[[7, 19, 8, 18], [17, 7, 18, 6], [19, 5, 20, 4], [1, 13, 2, 12], [3, 15, 4, 14], [9, 21, 10, 20], [11, 1, 12, 22], [13, 3, 14, 2], [15, 9, 16, 8], [21, 11, 22, 10], [5, 17, 6, 16]]"
11a_355_74,"[[5, 17, 6, 16], [7, 19, 8, 18], [17, 7, 18, 6], [19, 5, 20, 4], [1, 13, 2, 12], [3, 15, 4, 14], [9, 21, 10, 20], [11, 1, 12, 22], [13, 3, 14, 2], [15, 9, 16, 8], [21, 11, 22, 10]]"
11a_355_75,"[[21, 11, 22, 10], [5, 17, 6, 16], [7, 19, 8, 18], [17, 7, 18, 6], [19, 5, 20, 4], [1, 13, 2, 12], [3, 15, 4, 14], [9, 21, 10, 20], [11, 1, 12, 22], [13, 3, 14, 2], [15, 9, 16, 8]]"
11a_355_76,"[[15, 9, 16, 8], [21, 11, 22, 10], [5, 17, 6, 16], [7, 19, 8, 18], [17, 7, 18, 6], [19, 5, 20, 4], [1, 13, 2, 12], [3, 15, 4, 14], [9, 21, 10, 20], [11, 1, 12, 22], [13, 3, 14, 2]]"
11a_355_77,"[[14, 4, 15, 3], [16, 10, 17, 9], [22, 12, 1, 11], [6, 18, 7, 17], [8, 20, 9, 19], [18, 8, 19, 7], [20, 6, 21, 5], [2, 14, 3, 13], [4, 16, 5, 15], [10, 22, 11, 21], [12, 2, 13, 1]]"
11a_355_78,"[[12, 2, 13, 1], [14, 4, 15, 3], [16, 10, 17, 9], [22, 12, 1, 11], [6, 18, 7, 17], [8, 20, 9, 19], [18, 8, 19, 7], [20, 6, 21, 5], [2, 14, 3, 13], [4, 16, 5, 15], [10, 22, 11, 21]]"
11a_355_79,"[[10, 22, 11, 21], [12, 2, 13, 1], [14, 4, 15, 3], [16, 10, 17, 9], [22, 12, 1, 11], [6, 18, 7, 17], [8, 20, 9, 19], [18, 8, 19, 7], [20, 6, 21, 5], [2, 14, 3, 13], [4, 16, 5, 15]]"
11a_355_80,"[[4, 16, 5, 15], [10, 22, 11, 21], [12, 2, 13, 1], [14, 4, 15, 3], [16, 10, 17, 9], [22, 12, 1, 11], [6, 18, 7, 17], [8, 20, 9, 19], [18, 8, 19, 7], [20, 6, 21, 5], [2, 14, 3, 13]]"
11a_355_81,"[[2, 14, 3, 13], [4, 16, 5, 15], [10, 22, 11, 21], [12, 2, 13, 1], [14, 4, 15, 3], [16, 10, 17, 9], [22, 12, 1, 11], [6, 18, 7, 17], [8, 20, 9, 19], [18, 8, 19, 7], [20, 6, 21, 5]]"
11a_355_82,"[[20, 6, 21, 5], [2, 14, 3, 13], [4, 16, 5, 15], [10, 22, 11, 21], [12, 2, 13, 1], [14, 4, 15, 3], [16, 10, 17, 9], [22, 12, 1, 11], [6, 18, 7, 17], [8, 20, 9, 19], [18, 8, 19, 7]]"
11a_355_83,"[[18, 8, 19, 7], [20, 6, 21, 5], [2, 14, 3, 13], [4, 16, 5, 15], [10, 22, 11, 21], [12, 2, 13, 1], [14, 4, 15, 3], [16, 10, 17, 9], [22, 12, 1, 11], [6, 18, 7, 17], [8, 20, 9, 19]]"
11a_355_84,"[[8, 20, 9, 19], [18, 8, 19, 7], [20, 6, 21, 5], [2, 14, 3, 13], [4, 16, 5, 15], [10, 22, 11, 21], [12, 2, 13, 1], [14, 4, 15, 3], [16, 10, 17, 9], [22, 12, 1, 11], [6, 18, 7, 17]]"
11a_355_85,"[[6, 18, 7, 17], [8, 20, 9, 19], [18, 8, 19, 7], [20, 6, 21, 5], [2, 14, 3, 13], [4, 16, 5, 15], [10, 22, 11, 21], [12, 2, 13, 1], [14, 4, 15, 3], [16, 10, 17, 9], [22, 12, 1, 11]]"
11a_355_86,"[[22, 12, 1, 11], [6, 18, 7, 17], [8, 20, 9, 19], [18, 8, 19, 7], [20, 6, 21, 5], [2, 14, 3, 13], [4, 16, 5, 15], [10, 22, 11, 21], [12, 2, 13, 1], [14, 4, 15, 3], [16, 10, 17, 9]]"
11a_355_87,"[[16, 10, 17, 9], [22, 12, 1, 11], [6, 18, 7, 17], [8, 20, 9, 19], [18, 8, 19, 7], [20, 6, 21, 5], [2, 14, 3, 13], [4, 16, 5, 15], [10, 22, 11, 21], [12, 2, 13, 1], [14, 4, 15, 3]]"
11a_355_88,"[[15, 5, 16, 4], [17, 11, 18, 10], [1, 13, 2, 12], [7, 19, 8, 18], [9, 21, 10, 20], [19, 9, 20, 8], [21, 7, 22, 6], [3, 15, 4, 14], [5, 17, 6, 16], [11, 1, 12, 22], [13, 3, 14, 2]]"
11a_355_89,"[[13, 3, 14, 2], [15, 5, 16, 4], [17, 11, 18, 10], [1, 13, 2, 12], [7, 19, 8, 18], [9, 21, 10, 20], [19, 9, 20, 8], [21, 7, 22, 6], [3, 15, 4, 14], [5, 17, 6, 16], [11, 1, 12, 22]]"
11a_355_90,"[[11, 1, 12, 22], [13, 3, 14, 2], [15, 5, 16, 4], [17, 11, 18, 10], [1, 13, 2, 12], [7, 19, 8, 18], [9, 21, 10, 20], [19, 9, 20, 8], [21, 7, 22, 6], [3, 15, 4, 14], [5, 17, 6, 16]]"
11a_355_91,"[[5, 17, 6, 16], [11, 1, 12, 22], [13, 3, 14, 2], [15, 5, 16, 4], [17, 11, 18, 10], [1, 13, 2, 12], [7, 19, 8, 18], [9, 21, 10, 20], [19, 9, 20, 8], [21, 7, 22, 6], [3, 15, 4, 14]]"
11a_355_92,"[[3, 15, 4, 14], [5, 17, 6, 16], [11, 1, 12, 22], [13, 3, 14, 2], [15, 5, 16, 4], [17, 11, 18, 10], [1, 13, 2, 12], [7, 19, 8, 18], [9, 21, 10, 20], [19, 9, 20, 8], [21, 7, 22, 6]]"
11a_355_93,"[[21, 7, 22, 6], [3, 15, 4, 14], [5, 17, 6, 16], [11, 1, 12, 22], [13, 3, 14, 2], [15, 5, 16, 4], [17, 11, 18, 10], [1, 13, 2, 12], [7, 19, 8, 18], [9, 21, 10, 20], [19, 9, 20, 8]]"
11a_355_94,"[[19, 9, 20, 8], [21, 7, 22, 6], [3, 15, 4, 14], [5, 17, 6, 16], [11, 1, 12, 22], [13, 3, 14, 2], [15, 5, 16, 4], [17, 11, 18, 10], [1, 13, 2, 12], [7, 19, 8, 18], [9, 21, 10, 20]]"
11a_355_95,"[[9, 21, 10, 20], [19, 9, 20, 8], [21, 7, 22, 6], [3, 15, 4, 14], [5, 17, 6, 16], [11, 1, 12, 22], [13, 3, 14, 2], [15, 5, 16, 4], [17, 11, 18, 10], [1, 13, 2, 12], [7, 19, 8, 18]]"
11a_355_96,"[[7, 19, 8, 18], [9, 21, 10, 20], [19, 9, 20, 8], [21, 7, 22, 6], [3, 15, 4, 14], [5, 17, 6, 16], [11, 1, 12, 22], [13, 3, 14, 2], [15, 5, 16, 4], [17, 11, 18, 10], [1, 13, 2, 12]]"
11a_355_97,"[[1, 13, 2, 12], [7, 19, 8, 18], [9, 21, 10, 20], [19, 9, 20, 8], [21, 7, 22, 6], [3, 15, 4, 14], [5, 17, 6, 16], [11, 1, 12, 22], [13, 3, 14, 2], [15, 5, 16, 4], [17, 11, 18, 10]]"
11a_355_98,"[[17, 11, 18, 10], [1, 13, 2, 12], [7, 19, 8, 18], [9, 21, 10, 20], [19, 9, 20, 8], [21, 7, 22, 6], [3, 15, 4, 14], [5, 17, 6, 16], [11, 1, 12, 22], [13, 3, 14, 2], [15, 5, 16, 4]]"
11a_355_99,"[[16, 6, 17, 5], [18, 12, 19, 11], [2, 14, 3, 13], [8, 20, 9, 19], [10, 22, 11, 21], [20, 10, 21, 9], [22, 8, 1, 7], [4, 16, 5, 15], [6, 18, 7, 17], [12, 2, 13, 1], [14, 4, 15, 3]]"
11a_355_100,"[[14, 4, 15, 3], [16, 6, 17, 5], [18, 12, 19, 11], [2, 14, 3, 13], [8, 20, 9, 19], [10, 22, 11, 21], [20, 10, 21, 9], [22, 8, 1, 7], [4, 16, 5, 15], [6, 18, 7, 17], [12, 2, 13, 1]]"
11a_355_101,"[[12, 2, 13, 1], [14, 4, 15, 3], [16, 6, 17, 5], [18, 12, 19, 11], [2, 14, 3, 13], [8, 20, 9, 19], [10, 22, 11, 21], [20, 10, 21, 9], [22, 8, 1, 7], [4, 16, 5, 15], [6, 18, 7, 17]]"
11a_355_102,"[[6, 18, 7, 17], [12, 2, 13, 1], [14, 4, 15, 3], [16, 6, 17, 5], [18, 12, 19, 11], [2, 14, 3, 13], [8, 20, 9, 19], [10, 22, 11, 21], [20, 10, 21, 9], [22, 8, 1, 7], [4, 16, 5, 15]]"
11a_355_103,"[[4, 16, 5, 15], [6, 18, 7, 17], [12, 2, 13, 1], [14, 4, 15, 3], [16, 6, 17, 5], [18, 12, 19, 11], [2, 14, 3, 13], [8, 20, 9, 19], [10, 22, 11, 21], [20, 10, 21, 9], [22, 8, 1, 7]]"
11a_355_104,"[[22, 8, 1, 7], [4, 16, 5, 15], [6, 18, 7, 17], [12, 2, 13, 1], [14, 4, 15, 3], [16, 6, 17, 5], [18, 12, 19, 11], [2, 14, 3, 13], [8, 20, 9, 19], [10, 22, 11, 21], [20, 10, 21, 9]]"
11a_355_105,"[[20, 10, 21, 9], [22, 8, 1, 7], [4, 16, 5, 15], [6, 18, 7, 17], [12, 2, 13, 1], [14, 4, 15, 3], [16, 6, 17, 5], [18, 12, 19, 11], [2, 14, 3, 13], [8, 20, 9, 19], [10, 22, 11, 21]]"
11a_355_106,"[[10, 22, 11, 21], [20, 10, 21, 9], [22, 8, 1, 7], [4, 16, 5, 15], [6, 18, 7, 17], [12, 2, 13, 1], [14, 4, 15, 3], [16, 6, 17, 5], [18, 12, 19, 11], [2, 14, 3, 13], [8, 20, 9, 19]]"
11a_355_107,"[[8, 20, 9, 19], [10, 22, 11, 21], [20, 10, 21, 9], [22, 8, 1, 7], [4, 16, 5, 15], [6, 18, 7, 17], [12, 2, 13, 1], [14, 4, 15, 3], [16, 6, 17, 5], [18, 12, 19, 11], [2, 14, 3, 13]]"
11a_355_108,"[[2, 14, 3, 13], [8, 20, 9, 19], [10, 22, 11, 21], [20, 10, 21, 9], [22, 8, 1, 7], [4, 16, 5, 15], [6, 18, 7, 17], [12, 2, 13, 1], [14, 4, 15, 3], [16, 6, 17, 5], [18, 12, 19, 11]]"
11a_355_109,"[[18, 12, 19, 11], [2, 14, 3, 13], [8, 20, 9, 19], [10, 22, 11, 21], [20, 10, 21, 9], [22, 8, 1, 7], [4, 16, 5, 15], [6, 18, 7, 17], [12, 2, 13, 1], [14, 4, 15, 3], [16, 6, 17, 5]]"
11a_355_110,"[[17, 7, 18, 6], [19, 13, 20, 12], [3, 15, 4, 14], [9, 21, 10, 20], [11, 1, 12, 22], [21, 11, 22, 10], [1, 9, 2, 8], [5, 17, 6, 16], [7, 19, 8, 18], [13, 3, 14, 2], [15, 5, 16, 4]]"
11a_355_111,"[[15, 5, 16, 4], [17, 7, 18, 6], [19, 13, 20, 12], [3, 15, 4, 14], [9, 21, 10, 20], [11, 1, 12, 22], [21, 11, 22, 10], [1, 9, 2, 8], [5, 17, 6, 16], [7, 19, 8, 18], [13, 3, 14, 2]]"
11a_355_112,"[[13, 3, 14, 2], [15, 5, 16, 4], [17, 7, 18, 6], [19, 13, 20, 12], [3, 15, 4, 14], [9, 21, 10, 20], [11, 1, 12, 22], [21, 11, 22, 10], [1, 9, 2, 8], [5, 17, 6, 16], [7, 19, 8, 18]]"
11a_355_113,"[[7, 19, 8, 18], [13, 3, 14, 2], [15, 5, 16, 4], [17, 7, 18, 6], [19, 13, 20, 12], [3, 15, 4, 14], [9, 21, 10, 20], [11, 1, 12, 22], [21, 11, 22, 10], [1, 9, 2, 8], [5, 17, 6, 16]]"
11a_355_114,"[[5, 17, 6, 16], [7, 19, 8, 18], [13, 3, 14, 2], [15, 5, 16, 4], [17, 7, 18, 6], [19, 13, 20, 12], [3, 15, 4, 14], [9, 21, 10, 20], [11, 1, 12, 22], [21, 11, 22, 10], [1, 9, 2, 8]]"
11a_355_115,"[[1, 9, 2, 8], [5, 17, 6, 16], [7, 19, 8, 18], [13, 3, 14, 2], [15, 5, 16, 4], [17, 7, 18, 6], [19, 13, 20, 12], [3, 15, 4, 14], [9, 21, 10, 20], [11, 1, 12, 22], [21, 11, 22, 10]]"
11a_355_116,"[[21, 11, 22, 10], [1, 9, 2, 8], [5, 17, 6, 16], [7, 19, 8, 18], [13, 3, 14, 2], [15, 5, 16, 4], [17, 7, 18, 6], [19, 13, 20, 12], [3, 15, 4, 14], [9, 21, 10, 20], [11, 1, 12, 22]]"
11a_355_117,"[[11, 1, 12, 22], [21, 11, 22, 10], [1, 9, 2, 8], [5, 17, 6, 16], [7, 19, 8, 18], [13, 3, 14, 2], [15, 5, 16, 4], [17, 7, 18, 6], [19, 13, 20, 12], [3, 15, 4, 14], [9, 21, 10, 20]]"
11a_355_118,"[[9, 21, 10, 20], [11, 1, 12, 22], [21, 11, 22, 10], [1, 9, 2, 8], [5, 17, 6, 16], [7, 19, 8, 18], [13, 3, 14, 2], [15, 5, 16, 4], [17, 7, 18, 6], [19, 13, 20, 12], [3, 15, 4, 14]]"
11a_355_119,"[[3, 15, 4, 14], [9, 21, 10, 20], [11, 1, 12, 22], [21, 11, 22, 10], [1, 9, 2, 8], [5, 17, 6, 16], [7, 19, 8, 18], [13, 3, 14, 2], [15, 5, 16, 4], [17, 7, 18, 6], [19, 13, 20, 12]]"
11a_355_120,"[[19, 13, 20, 12], [3, 15, 4, 14], [9, 21, 10, 20], [11, 1, 12, 22], [21, 11, 22, 10], [1, 9, 2, 8], [5, 17, 6, 16], [7, 19, 8, 18], [13, 3, 14, 2], [15, 5, 16, 4], [17, 7, 18, 6]]"
11a_355_121,"[[18, 8, 19, 7], [20, 14, 21, 13], [4, 16, 5, 15], [10, 22, 11, 21], [12, 2, 13, 1], [22, 12, 1, 11], [2, 10, 3, 9], [6, 18, 7, 17], [8, 20, 9, 19], [14, 4, 15, 3], [16, 6, 17, 5]]"
11a_355_122,"[[16, 6, 17, 5], [18, 8, 19, 7], [20, 14, 21, 13], [4, 16, 5, 15], [10, 22, 11, 21], [12, 2, 13, 1], [22, 12, 1, 11], [2, 10, 3, 9], [6, 18, 7, 17], [8, 20, 9, 19], [14, 4, 15, 3]]"
11a_355_123,"[[14, 4, 15, 3], [16, 6, 17, 5], [18, 8, 19, 7], [20, 14, 21, 13], [4, 16, 5, 15], [10, 22, 11, 21], [12, 2, 13, 1], [22, 12, 1, 11], [2, 10, 3, 9], [6, 18, 7, 17], [8, 20, 9, 19]]"
11a_355_124,"[[8, 20, 9, 19], [14, 4, 15, 3], [16, 6, 17, 5], [18, 8, 19, 7], [20, 14, 21, 13], [4, 16, 5, 15], [10, 22, 11, 21], [12, 2, 13, 1], [22, 12, 1, 11], [2, 10, 3, 9], [6, 18, 7, 17]]"
11a_355_125,"[[6, 18, 7, 17], [8, 20, 9, 19], [14, 4, 15, 3], [16, 6, 17, 5], [18, 8, 19, 7], [20, 14, 21, 13], [4, 16, 5, 15], [10, 22, 11, 21], [12, 2, 13, 1], [22, 12, 1, 11], [2, 10, 3, 9]]"
11a_355_126,"[[2, 10, 3, 9], [6, 18, 7, 17], [8, 20, 9, 19], [14, 4, 15, 3], [16, 6, 17, 5], [18, 8, 19, 7], [20, 14, 21, 13], [4, 16, 5, 15], [10, 22, 11, 21], [12, 2, 13, 1], [22, 12, 1, 11]]"
11a_355_127,"[[22, 12, 1, 11], [2, 10, 3, 9], [6, 18, 7, 17], [8, 20, 9, 19], [14, 4, 15, 3], [16, 6, 17, 5], [18, 8, 19, 7], [20, 14, 21, 13], [4, 16, 5, 15], [10, 22, 11, 21], [12, 2, 13, 1]]"
11a_355_128,"[[12, 2, 13, 1], [22, 12, 1, 11], [2, 10, 3, 9], [6, 18, 7, 17], [8, 20, 9, 19], [14, 4, 15, 3], [16, 6, 17, 5], [18, 8, 19, 7], [20, 14, 21, 13], [4, 16, 5, 15], [10, 22, 11, 21]]"
11a_355_129,"[[10, 22, 11, 21], [12, 2, 13, 1], [22, 12, 1, 11], [2, 10, 3, 9], [6, 18, 7, 17], [8, 20, 9, 19], [14, 4, 15, 3], [16, 6, 17, 5], [18, 8, 19, 7], [20, 14, 21, 13], [4, 16, 5, 15]]"
11a_355_130,"[[4, 16, 5, 15], [10, 22, 11, 21], [12, 2, 13, 1], [22, 12, 1, 11], [2, 10, 3, 9], [6, 18, 7, 17], [8, 20, 9, 19], [14, 4, 15, 3], [16, 6, 17, 5], [18, 8, 19, 7], [20, 14, 21, 13]]"
11a_355_131,"[[20, 14, 21, 13], [4, 16, 5, 15], [10, 22, 11, 21], [12, 2, 13, 1], [22, 12, 1, 11], [2, 10, 3, 9], [6, 18, 7, 17], [8, 20, 9, 19], [14, 4, 15, 3], [16, 6, 17, 5], [18, 8, 19, 7]]"
11a_355_132,"[[19, 9, 20, 8], [21, 15, 22, 14], [5, 17, 6, 16], [11, 1, 12, 22], [13, 3, 14, 2], [1, 13, 2, 12], [3, 11, 4, 10], [7, 19, 8, 18], [9, 21, 10, 20], [15, 5, 16, 4], [17, 7, 18, 6]]"
11a_355_133,"[[17, 7, 18, 6], [19, 9, 20, 8], [21, 15, 22, 14], [5, 17, 6, 16], [11, 1, 12, 22], [13, 3, 14, 2], [1, 13, 2, 12], [3, 11, 4, 10], [7, 19, 8, 18], [9, 21, 10, 20], [15, 5, 16, 4]]"
11a_355_134,"[[15, 5, 16, 4], [17, 7, 18, 6], [19, 9, 20, 8], [21, 15, 22, 14], [5, 17, 6, 16], [11, 1, 12, 22], [13, 3, 14, 2], [1, 13, 2, 12], [3, 11, 4, 10], [7, 19, 8, 18], [9, 21, 10, 20]]"
11a_355_135,"[[9, 21, 10, 20], [15, 5, 16, 4], [17, 7, 18, 6], [19, 9, 20, 8], [21, 15, 22, 14], [5, 17, 6, 16], [11, 1, 12, 22], [13, 3, 14, 2], [1, 13, 2, 12], [3, 11, 4, 10], [7, 19, 8, 18]]"
11a_355_136,"[[7, 19, 8, 18], [9, 21, 10, 20], [15, 5, 16, 4], [17, 7, 18, 6], [19, 9, 20, 8], [21, 15, 22, 14], [5, 17, 6, 16], [11, 1, 12, 22], [13, 3, 14, 2], [1, 13, 2, 12], [3, 11, 4, 10]]"
11a_355_137,"[[3, 11, 4, 10], [7, 19, 8, 18], [9, 21, 10, 20], [15, 5, 16, 4], [17, 7, 18, 6], [19, 9, 20, 8], [21, 15, 22, 14], [5, 17, 6, 16], [11, 1, 12, 22], [13, 3, 14, 2], [1, 13, 2, 12]]"
11a_355_138,"[[1, 13, 2, 12], [3, 11, 4, 10], [7, 19, 8, 18], [9, 21, 10, 20], [15, 5, 16, 4], [17, 7, 18, 6], [19, 9, 20, 8], [21, 15, 22, 14], [5, 17, 6, 16], [11, 1, 12, 22], [13, 3, 14, 2]]"
11a_355_139,"[[13, 3, 14, 2], [1, 13, 2, 12], [3, 11, 4, 10], [7, 19, 8, 18], [9, 21, 10, 20], [15, 5, 16, 4], [17, 7, 18, 6], [19, 9, 20, 8], [21, 15, 22, 14], [5, 17, 6, 16], [11, 1, 12, 22]]"
11a_355_140,"[[11, 1, 12, 22], [13, 3, 14, 2], [1, 13, 2, 12], [3, 11, 4, 10], [7, 19, 8, 18], [9, 21, 10, 20], [15, 5, 16, 4], [17, 7, 18, 6], [19, 9, 20, 8], [21, 15, 22, 14], [5, 17, 6, 16]]"
11a_355_141,"[[5, 17, 6, 16], [11, 1, 12, 22], [13, 3, 14, 2], [1, 13, 2, 12], [3, 11, 4, 10], [7, 19, 8, 18], [9, 21, 10, 20], [15, 5, 16, 4], [17, 7, 18, 6], [19, 9, 20, 8], [21, 15, 22, 14]]"
11a_355_142,"[[21, 15, 22, 14], [5, 17, 6, 16], [11, 1, 12, 22], [13, 3, 14, 2], [1, 13, 2, 12], [3, 11, 4, 10], [7, 19, 8, 18], [9, 21, 10, 20], [15, 5, 16, 4], [17, 7, 18, 6], [19, 9, 20, 8]]"
11a_355_143,"[[20, 10, 21, 9], [22, 16, 1, 15], [6, 18, 7, 17], [12, 2, 13, 1], [14, 4, 15, 3], [2, 14, 3, 13], [4, 12, 5, 11], [8, 20, 9, 19], [10, 22, 11, 21], [16, 6, 17, 5], [18, 8, 19, 7]]"
11a_355_144,"[[18, 8, 19, 7], [20, 10, 21, 9], [22, 16, 1, 15], [6, 18, 7, 17], [12, 2, 13, 1], [14, 4, 15, 3], [2, 14, 3, 13], [4, 12, 5, 11], [8, 20, 9, 19], [10, 22, 11, 21], [16, 6, 17, 5]]"
11a_355_145,"[[16, 6, 17, 5], [18, 8, 19, 7], [20, 10, 21, 9], [22, 16, 1, 15], [6, 18, 7, 17], [12, 2, 13, 1], [14, 4, 15, 3], [2, 14, 3, 13], [4, 12, 5, 11], [8, 20, 9, 19], [10, 22, 11, 21]]"
11a_355_146,"[[10, 22, 11, 21], [16, 6, 17, 5], [18, 8, 19, 7], [20, 10, 21, 9], [22, 16, 1, 15], [6, 18, 7, 17], [12, 2, 13, 1], [14, 4, 15, 3], [2, 14, 3, 13], [4, 12, 5, 11], [8, 20, 9, 19]]"
11a_355_147,"[[8, 20, 9, 19], [10, 22, 11, 21], [16, 6, 17, 5], [18, 8, 19, 7], [20, 10, 21, 9], [22, 16, 1, 15], [6, 18, 7, 17], [12, 2, 13, 1], [14, 4, 15, 3], [2, 14, 3, 13], [4, 12, 5, 11]]"
11a_355_148,"[[4, 12, 5, 11], [8, 20, 9, 19], [10, 22, 11, 21], [16, 6, 17, 5], [18, 8, 19, 7], [20, 10, 21, 9], [22, 16, 1, 15], [6, 18, 7, 17], [12, 2, 13, 1], [14, 4, 15, 3], [2, 14, 3, 13]]"
11a_355_149,"[[2, 14, 3, 13], [4, 12, 5, 11], [8, 20, 9, 19], [10, 22, 11, 21], [16, 6, 17, 5], [18, 8, 19, 7], [20, 10, 21, 9], [22, 16, 1, 15], [6, 18, 7, 17], [12, 2, 13, 1], [14, 4, 15, 3]]"
11a_355_150,"[[14, 4, 15, 3], [2, 14, 3, 13], [4, 12, 5, 11], [8, 20, 9, 19], [10, 22, 11, 21], [16, 6, 17, 5], [18, 8, 19, 7], [20, 10, 21, 9], [22, 16, 1, 15], [6, 18, 7, 17], [12, 2, 13, 1]]"
11a_355_151,"[[12, 2, 13, 1], [14, 4, 15, 3], [2, 14, 3, 13], [4, 12, 5, 11], [8, 20, 9, 19], [10, 22, 11, 21], [16, 6, 17, 5], [18, 8, 19, 7], [20, 10, 21, 9], [22, 16, 1, 15], [6, 18, 7, 17]]"
11a_355_152,"[[6, 18, 7, 17], [12, 2, 13, 1], [14, 4, 15, 3], [2, 14, 3, 13], [4, 12, 5, 11], [8, 20, 9, 19], [10, 22, 11, 21], [16, 6, 17, 5], [18, 8, 19, 7], [20, 10, 21, 9], [22, 16, 1, 15]]"
11a_355_153,"[[22, 16, 1, 15], [6, 18, 7, 17], [12, 2, 13, 1], [14, 4, 15, 3], [2, 14, 3, 13], [4, 12, 5, 11], [8, 20, 9, 19], [10, 22, 11, 21], [16, 6, 17, 5], [18, 8, 19, 7], [20, 10, 21, 9]]"
11a_355_154,"[[21, 11, 22, 10], [1, 17, 2, 16], [7, 19, 8, 18], [13, 3, 14, 2], [15, 5, 16, 4], [3, 15, 4, 14], [5, 13, 6, 12], [9, 21, 10, 20], [11, 1, 12, 22], [17, 7, 18, 6], [19, 9, 20, 8]]"
11a_355_155,"[[19, 9, 20, 8], [21, 11, 22, 10], [1, 17, 2, 16], [7, 19, 8, 18], [13, 3, 14, 2], [15, 5, 16, 4], [3, 15, 4, 14], [5, 13, 6, 12], [9, 21, 10, 20], [11, 1, 12, 22], [17, 7, 18, 6]]"
11a_355_156,"[[17, 7, 18, 6], [19, 9, 20, 8], [21, 11, 22, 10], [1, 17, 2, 16], [7, 19, 8, 18], [13, 3, 14, 2], [15, 5, 16, 4], [3, 15, 4, 14], [5, 13, 6, 12], [9, 21, 10, 20], [11, 1, 12, 22]]"
11a_355_157,"[[11, 1, 12, 22], [17, 7, 18, 6], [19, 9, 20, 8], [21, 11, 22, 10], [1, 17, 2, 16], [7, 19, 8, 18], [13, 3, 14, 2], [15, 5, 16, 4], [3, 15, 4, 14], [5, 13, 6, 12], [9, 21, 10, 20]]"
11a_355_158,"[[9, 21, 10, 20], [11, 1, 12, 22], [17, 7, 18, 6], [19, 9, 20, 8], [21, 11, 22, 10], [1, 17, 2, 16], [7, 19, 8, 18], [13, 3, 14, 2], [15, 5, 16, 4], [3, 15, 4, 14], [5, 13, 6, 12]]"
11a_355_159,"[[5, 13, 6, 12], [9, 21, 10, 20], [11, 1, 12, 22], [17, 7, 18, 6], [19, 9, 20, 8], [21, 11, 22, 10], [1, 17, 2, 16], [7, 19, 8, 18], [13, 3, 14, 2], [15, 5, 16, 4], [3, 15, 4, 14]]"
11a_355_160,"[[3, 15, 4, 14], [5, 13, 6, 12], [9, 21, 10, 20], [11, 1, 12, 22], [17, 7, 18, 6], [19, 9, 20, 8], [21, 11, 22, 10], [1, 17, 2, 16], [7, 19, 8, 18], [13, 3, 14, 2], [15, 5, 16, 4]]"
11a_355_161,"[[15, 5, 16, 4], [3, 15, 4, 14], [5, 13, 6, 12], [9, 21, 10, 20], [11, 1, 12, 22], [17, 7, 18, 6], [19, 9, 20, 8], [21, 11, 22, 10], [1, 17, 2, 16], [7, 19, 8, 18], [13, 3, 14, 2]]"
11a_355_162,"[[13, 3, 14, 2], [15, 5, 16, 4], [3, 15, 4, 14], [5, 13, 6, 12], [9, 21, 10, 20], [11, 1, 12, 22], [17, 7, 18, 6], [19, 9, 20, 8], [21, 11, 22, 10], [1, 17, 2, 16], [7, 19, 8, 18]]"
11a_355_163,"[[7, 19, 8, 18], [13, 3, 14, 2], [15, 5, 16, 4], [3, 15, 4, 14], [5, 13, 6, 12], [9, 21, 10, 20], [11, 1, 12, 22], [17, 7, 18, 6], [19, 9, 20, 8], [21, 11, 22, 10], [1, 17, 2, 16]]"
11a_355_164,"[[1, 17, 2, 16], [7, 19, 8, 18], [13, 3, 14, 2], [15, 5, 16, 4], [3, 15, 4, 14], [5, 13, 6, 12], [9, 21, 10, 20], [11, 1, 12, 22], [17, 7, 18, 6], [19, 9, 20, 8], [21, 11, 22, 10]]"
11a_355_165,"[[22, 12, 1, 11], [2, 18, 3, 17], [8, 20, 9, 19], [14, 4, 15, 3], [16, 6, 17, 5], [4, 16, 5, 15], [6, 14, 7, 13], [10, 22, 11, 21], [12, 2, 13, 1], [18, 8, 19, 7], [20, 10, 21, 9]]"
11a_355_166,"[[20, 10, 21, 9], [22, 12, 1, 11], [2, 18, 3, 17], [8, 20, 9, 19], [14, 4, 15, 3], [16, 6, 17, 5], [4, 16, 5, 15], [6, 14, 7, 13], [10, 22, 11, 21], [12, 2, 13, 1], [18, 8, 19, 7]]"
11a_355_167,"[[18, 8, 19, 7], [20, 10, 21, 9], [22, 12, 1, 11], [2, 18, 3, 17], [8, 20, 9, 19], [14, 4, 15, 3], [16, 6, 17, 5], [4, 16, 5, 15], [6, 14, 7, 13], [10, 22, 11, 21], [12, 2, 13, 1]]"
11a_355_168,"[[12, 2, 13, 1], [18, 8, 19, 7], [20, 10, 21, 9], [22, 12, 1, 11], [2, 18, 3, 17], [8, 20, 9, 19], [14, 4, 15, 3], [16, 6, 17, 5], [4, 16, 5, 15], [6, 14, 7, 13], [10, 22, 11, 21]]"
11a_355_169,"[[10, 22, 11, 21], [12, 2, 13, 1], [18, 8, 19, 7], [20, 10, 21, 9], [22, 12, 1, 11], [2, 18, 3, 17], [8, 20, 9, 19], [14, 4, 15, 3], [16, 6, 17, 5], [4, 16, 5, 15], [6, 14, 7, 13]]"
11a_355_170,"[[6, 14, 7, 13], [10, 22, 11, 21], [12, 2, 13, 1], [18, 8, 19, 7], [20, 10, 21, 9], [22, 12, 1, 11], [2, 18, 3, 17], [8, 20, 9, 19], [14, 4, 15, 3], [16, 6, 17, 5], [4, 16, 5, 15]]"
11a_355_171,"[[4, 16, 5, 15], [6, 14, 7, 13], [10, 22, 11, 21], [12, 2, 13, 1], [18, 8, 19, 7], [20, 10, 21, 9], [22, 12, 1, 11], [2, 18, 3, 17], [8, 20, 9, 19], [14, 4, 15, 3], [16, 6, 17, 5]]"
11a_355_172,"[[16, 6, 17, 5], [4, 16, 5, 15], [6, 14, 7, 13], [10, 22, 11, 21], [12, 2, 13, 1], [18, 8, 19, 7], [20, 10, 21, 9], [22, 12, 1, 11], [2, 18, 3, 17], [8, 20, 9, 19], [14, 4, 15, 3]]"
11a_355_173,"[[14, 4, 15, 3], [16, 6, 17, 5], [4, 16, 5, 15], [6, 14, 7, 13], [10, 22, 11, 21], [12, 2, 13, 1], [18, 8, 19, 7], [20, 10, 21, 9], [22, 12, 1, 11], [2, 18, 3, 17], [8, 20, 9, 19]]"
11a_355_174,"[[8, 20, 9, 19], [14, 4, 15, 3], [16, 6, 17, 5], [4, 16, 5, 15], [6, 14, 7, 13], [10, 22, 11, 21], [12, 2, 13, 1], [18, 8, 19, 7], [20, 10, 21, 9], [22, 12, 1, 11], [2, 18, 3, 17]]"
11a_355_175,"[[2, 18, 3, 17], [8, 20, 9, 19], [14, 4, 15, 3], [16, 6, 17, 5], [4, 16, 5, 15], [6, 14, 7, 13], [10, 22, 11, 21], [12, 2, 13, 1], [18, 8, 19, 7], [20, 10, 21, 9], [22, 12, 1, 11]]"
11a_355_176,"[[1, 13, 2, 12], [3, 19, 4, 18], [9, 21, 10, 20], [15, 5, 16, 4], [17, 7, 18, 6], [5, 17, 6, 16], [7, 15, 8, 14], [11, 1, 12, 22], [13, 3, 14, 2], [19, 9, 20, 8], [21, 11, 22, 10]]"
11a_355_177,"[[21, 11, 22, 10], [1, 13, 2, 12], [3, 19, 4, 18], [9, 21, 10, 20], [15, 5, 16, 4], [17, 7, 18, 6], [5, 17, 6, 16], [7, 15, 8, 14], [11, 1, 12, 22], [13, 3, 14, 2], [19, 9, 20, 8]]"
11a_355_178,"[[19, 9, 20, 8], [21, 11, 22, 10], [1, 13, 2, 12], [3, 19, 4, 18], [9, 21, 10, 20], [15, 5, 16, 4], [17, 7, 18, 6], [5, 17, 6, 16], [7, 15, 8, 14], [11, 1, 12, 22], [13, 3, 14, 2]]"
11a_355_179,"[[13, 3, 14, 2], [19, 9, 20, 8], [21, 11, 22, 10], [1, 13, 2, 12], [3, 19, 4, 18], [9, 21, 10, 20], [15, 5, 16, 4], [17, 7, 18, 6], [5, 17, 6, 16], [7, 15, 8, 14], [11, 1, 12, 22]]"
11a_355_180,"[[11, 1, 12, 22], [13, 3, 14, 2], [19, 9, 20, 8], [21, 11, 22, 10], [1, 13, 2, 12], [3, 19, 4, 18], [9, 21, 10, 20], [15, 5, 16, 4], [17, 7, 18, 6], [5, 17, 6, 16], [7, 15, 8, 14]]"
11a_355_181,"[[7, 15, 8, 14], [11, 1, 12, 22], [13, 3, 14, 2], [19, 9, 20, 8], [21, 11, 22, 10], [1, 13, 2, 12], [3, 19, 4, 18], [9, 21, 10, 20], [15, 5, 16, 4], [17, 7, 18, 6], [5, 17, 6, 16]]"
11a_355_182,"[[5, 17, 6, 16], [7, 15, 8, 14], [11, 1, 12, 22], [13, 3, 14, 2], [19, 9, 20, 8], [21, 11, 22, 10], [1, 13, 2, 12], [3, 19, 4, 18], [9, 21, 10, 20], [15, 5, 16, 4], [17, 7, 18, 6]]"
11a_355_183,"[[17, 7, 18, 6], [5, 17, 6, 16], [7, 15, 8, 14], [11, 1, 12, 22], [13, 3, 14, 2], [19, 9, 20, 8], [21, 11, 22, 10], [1, 13, 2, 12], [3, 19, 4, 18], [9, 21, 10, 20], [15, 5, 16, 4]]"
11a_355_184,"[[15, 5, 16, 4], [17, 7, 18, 6], [5, 17, 6, 16], [7, 15, 8, 14], [11, 1, 12, 22], [13, 3, 14, 2], [19, 9, 20, 8], [21, 11, 22, 10], [1, 13, 2, 12], [3, 19, 4, 18], [9, 21, 10, 20]]"
11a_355_185,"[[9, 21, 10, 20], [15, 5, 16, 4], [17, 7, 18, 6], [5, 17, 6, 16], [7, 15, 8, 14], [11, 1, 12, 22], [13, 3, 14, 2], [19, 9, 20, 8], [21, 11, 22, 10], [1, 13, 2, 12], [3, 19, 4, 18]]"
11a_355_186,"[[3, 19, 4, 18], [9, 21, 10, 20], [15, 5, 16, 4], [17, 7, 18, 6], [5, 17, 6, 16], [7, 15, 8, 14], [11, 1, 12, 22], [13, 3, 14, 2], [19, 9, 20, 8], [21, 11, 22, 10], [1, 13, 2, 12]]"
11a_355_187,"[[2, 14, 3, 13], [4, 20, 5, 19], [10, 22, 11, 21], [16, 6, 17, 5], [18, 8, 19, 7], [6, 18, 7, 17], [8, 16, 9, 15], [12, 2, 13, 1], [14, 4, 15, 3], [20, 10, 21, 9], [22, 12, 1, 11]]"
11a_355_188,"[[22, 12, 1, 11], [2, 14, 3, 13], [4, 20, 5, 19], [10, 22, 11, 21], [16, 6, 17, 5], [18, 8, 19, 7], [6, 18, 7, 17], [8, 16, 9, 15], [12, 2, 13, 1], [14, 4, 15, 3], [20, 10, 21, 9]]"
11a_355_189,"[[20, 10, 21, 9], [22, 12, 1, 11], [2, 14, 3, 13], [4, 20, 5, 19], [10, 22, 11, 21], [16, 6, 17, 5], [18, 8, 19, 7], [6, 18, 7, 17], [8, 16, 9, 15], [12, 2, 13, 1], [14, 4, 15, 3]]"
11a_355_190,"[[14, 4, 15, 3], [20, 10, 21, 9], [22, 12, 1, 11], [2, 14, 3, 13], [4, 20, 5, 19], [10, 22, 11, 21], [16, 6, 17, 5], [18, 8, 19, 7], [6, 18, 7, 17], [8, 16, 9, 15], [12, 2, 13, 1]]"
11a_355_191,"[[12, 2, 13, 1], [14, 4, 15, 3], [20, 10, 21, 9], [22, 12, 1, 11], [2, 14, 3, 13], [4, 20, 5, 19], [10, 22, 11, 21], [16, 6, 17, 5], [18, 8, 19, 7], [6, 18, 7, 17], [8, 16, 9, 15]]"
11a_355_192,"[[8, 16, 9, 15], [12, 2, 13, 1], [14, 4, 15, 3], [20, 10, 21, 9], [22, 12, 1, 11], [2, 14, 3, 13], [4, 20, 5, 19], [10, 22, 11, 21], [16, 6, 17, 5], [18, 8, 19, 7], [6, 18, 7, 17]]"
11a_355_193,"[[6, 18, 7, 17], [8, 16, 9, 15], [12, 2, 13, 1], [14, 4, 15, 3], [20, 10, 21, 9], [22, 12, 1, 11], [2, 14, 3, 13], [4, 20, 5, 19], [10, 22, 11, 21], [16, 6, 17, 5], [18, 8, 19, 7]]"
11a_355_194,"[[18, 8, 19, 7], [6, 18, 7, 17], [8, 16, 9, 15], [12, 2, 13, 1], [14, 4, 15, 3], [20, 10, 21, 9], [22, 12, 1, 11], [2, 14, 3, 13], [4, 20, 5, 19], [10, 22, 11, 21], [16, 6, 17, 5]]"
11a_355_195,"[[16, 6, 17, 5], [18, 8, 19, 7], [6, 18, 7, 17], [8, 16, 9, 15], [12, 2, 13, 1], [14, 4, 15, 3], [20, 10, 21, 9], [22, 12, 1, 11], [2, 14, 3, 13], [4, 20, 5, 19], [10, 22, 11, 21]]"
11a_355_196,"[[10, 22, 11, 21], [16, 6, 17, 5], [18, 8, 19, 7], [6, 18, 7, 17], [8, 16, 9, 15], [12, 2, 13, 1], [14, 4, 15, 3], [20, 10, 21, 9], [22, 12, 1, 11], [2, 14, 3, 13], [4, 20, 5, 19]]"
11a_355_197,"[[4, 20, 5, 19], [10, 22, 11, 21], [16, 6, 17, 5], [18, 8, 19, 7], [6, 18, 7, 17], [8, 16, 9, 15], [12, 2, 13, 1], [14, 4, 15, 3], [20, 10, 21, 9], [22, 12, 1, 11], [2, 14, 3, 13]]"
11a_355_198,"[[3, 15, 4, 14], [5, 21, 6, 20], [11, 1, 12, 22], [17, 7, 18, 6], [19, 9, 20, 8], [7, 19, 8, 18], [9, 17, 10, 16], [13, 3, 14, 2], [15, 5, 16, 4], [21, 11, 22, 10], [1, 13, 2, 12]]"
11a_355_199,"[[1, 13, 2, 12], [3, 15, 4, 14], [5, 21, 6, 20], [11, 1, 12, 22], [17, 7, 18, 6], [19, 9, 20, 8], [7, 19, 8, 18], [9, 17, 10, 16], [13, 3, 14, 2], [15, 5, 16, 4], [21, 11, 22, 10]]"
11a_355_200,"[[21, 11, 22, 10], [1, 13, 2, 12], [3, 15, 4, 14], [5, 21, 6, 20], [11, 1, 12, 22], [17, 7, 18, 6], [19, 9, 20, 8], [7, 19, 8, 18], [9, 17, 10, 16], [13, 3, 14, 2], [15, 5, 16, 4]]"
11a_355_201,"[[15, 5, 16, 4], [21, 11, 22, 10], [1, 13, 2, 12], [3, 15, 4, 14], [5, 21, 6, 20], [11, 1, 12, 22], [17, 7, 18, 6], [19, 9, 20, 8], [7, 19, 8, 18], [9, 17, 10, 16], [13, 3, 14, 2]]"
11a_355_202,"[[13, 3, 14, 2], [15, 5, 16, 4], [21, 11, 22, 10], [1, 13, 2, 12], [3, 15, 4, 14], [5, 21, 6, 20], [11, 1, 12, 22], [17, 7, 18, 6], [19, 9, 20, 8], [7, 19, 8, 18], [9, 17, 10, 16]]"
11a_355_203,"[[9, 17, 10, 16], [13, 3, 14, 2], [15, 5, 16, 4], [21, 11, 22, 10], [1, 13, 2, 12], [3, 15, 4, 14], [5, 21, 6, 20], [11, 1, 12, 22], [17, 7, 18, 6], [19, 9, 20, 8], [7, 19, 8, 18]]"
