name,pd_notation
11a_147_0,"[[3, 11, 4, 10], [5, 3, 6, 2], [11, 5, 12, 4], [17, 7, 18, 6], [21, 9, 22, 8], [19, 14, 20, 15], [13, 18, 14, 19], [1, 12, 2, 13], [7, 21, 8, 20], [15, 22, 16, 1], [9, 17, 10, 16]]"
11a_147_1,"[[9, 17, 10, 16], [3, 11, 4, 10], [5, 3, 6, 2], [11, 5, 12, 4], [17, 7, 18, 6], [21, 9, 22, 8], [19, 14, 20, 15], [13, 18, 14, 19], [1, 12, 2, 13], [7, 21, 8, 20], [15, 22, 16, 1]]"
11a_147_2,"[[15, 22, 16, 1], [9, 17, 10, 16], [3, 11, 4, 10], [5, 3, 6, 2], [11, 5, 12, 4], [17, 7, 18, 6], [21, 9, 22, 8], [19, 14, 20, 15], [13, 18, 14, 19], [1, 12, 2, 13], [7, 21, 8, 20]]"
11a_147_3,"[[7, 21, 8, 20], [15, 22, 16, 1], [9, 17, 10, 16], [3, 11, 4, 10], [5, 3, 6, 2], [11, 5, 12, 4], [17, 7, 18, 6], [21, 9, 22, 8], [19, 14, 20, 15], [13, 18, 14, 19], [1, 12, 2, 13]]"
11a_147_4,"[[1, 12, 2, 13], [7, 21, 8, 20], [15, 22, 16, 1], [9, 17, 10, 16], [3, 11, 4, 10], [5, 3, 6, 2], [11, 5, 12, 4], [17, 7, 18, 6], [21, 9, 22, 8], [19, 14, 20, 15], [13, 18, 14, 19]]"
11a_147_5,"[[13, 18, 14, 19], [1, 12, 2, 13], [7, 21, 8, 20], [15, 22, 16, 1], [9, 17, 10, 16], [3, 11, 4, 10], [5, 3, 6, 2], [11, 5, 12, 4], [17, 7, 18, 6], [21, 9, 22, 8], [19, 14, 20, 15]]"
11a_147_6,"[[19, 14, 20, 15], [13, 18, 14, 19], [1, 12, 2, 13], [7, 21, 8, 20], [15, 22, 16, 1], [9, 17, 10, 16], [3, 11, 4, 10], [5, 3, 6, 2], [11, 5, 12, 4], [17, 7, 18, 6], [21, 9, 22, 8]]"
11a_147_7,"[[21, 9, 22, 8], [19, 14, 20, 15], [13, 18, 14, 19], [1, 12, 2, 13], [7, 21, 8, 20], [15, 22, 16, 1], [9, 17, 10, 16], [3, 11, 4, 10], [5, 3, 6, 2], [11, 5, 12, 4], [17, 7, 18, 6]]"
11a_147_8,"[[17, 7, 18, 6], [21, 9, 22, 8], [19, 14, 20, 15], [13, 18, 14, 19], [1, 12, 2, 13], [7, 21, 8, 20], [15, 22, 16, 1], [9, 17, 10, 16], [3, 11, 4, 10], [5, 3, 6, 2], [11, 5, 12, 4]]"
11a_147_9,"[[11, 5, 12, 4], [17, 7, 18, 6], [21, 9, 22, 8], [19, 14, 20, 15], [13, 18, 14, 19], [1, 12, 2, 13], [7, 21, 8, 20], [15, 22, 16, 1], [9, 17, 10, 16], [3, 11, 4, 10], [5, 3, 6, 2]]"
11a_147_10,"[[5, 3, 6, 2], [11, 5, 12, 4], [17, 7, 18, 6], [21, 9, 22, 8], [19, 14, 20, 15], [13, 18, 14, 19], [1, 12, 2, 13], [7, 21, 8, 20], [15, 22, 16, 1], [9, 17, 10, 16], [3, 11, 4, 10]]"
11a_147_11,"[[4, 12, 5, 11], [6, 4, 7, 3], [12, 6, 13, 5], [18, 8, 19, 7], [22, 10, 1, 9], [20, 15, 21, 16], [14, 19, 15, 20], [2, 13, 3, 14], [8, 22, 9, 21], [16, 1, 17, 2], [10, 18, 11, 17]]"
11a_147_12,"[[10, 18, 11, 17], [4, 12, 5, 11], [6, 4, 7, 3], [12, 6, 13, 5], [18, 8, 19, 7], [22, 10, 1, 9], [20, 15, 21, 16], [14, 19, 15, 20], [2, 13, 3, 14], [8, 22, 9, 21], [16, 1, 17, 2]]"
11a_147_13,"[[16, 1, 17, 2], [10, 18, 11, 17], [4, 12, 5, 11], [6, 4, 7, 3], [12, 6, 13, 5], [18, 8, 19, 7], [22, 10, 1, 9], [20, 15, 21, 16], [14, 19, 15, 20], [2, 13, 3, 14], [8, 22, 9, 21]]"
11a_147_14,"[[8, 22, 9, 21], [16, 1, 17, 2], [10, 18, 11, 17], [4, 12, 5, 11], [6, 4, 7, 3], [12, 6, 13, 5], [18, 8, 19, 7], [22, 10, 1, 9], [20, 15, 21, 16], [14, 19, 15, 20], [2, 13, 3, 14]]"
11a_147_15,"[[2, 13, 3, 14], [8, 22, 9, 21], [16, 1, 17, 2], [10, 18, 11, 17], [4, 12, 5, 11], [6, 4, 7, 3], [12, 6, 13, 5], [18, 8, 19, 7], [22, 10, 1, 9], [20, 15, 21, 16], [14, 19, 15, 20]]"
11a_147_16,"[[14, 19, 15, 20], [2, 13, 3, 14], [8, 22, 9, 21], [16, 1, 17, 2], [10, 18, 11, 17], [4, 12, 5, 11], [6, 4, 7, 3], [12, 6, 13, 5], [18, 8, 19, 7], [22, 10, 1, 9], [20, 15, 21, 16]]"
11a_147_17,"[[20, 15, 21, 16], [14, 19, 15, 20], [2, 13, 3, 14], [8, 22, 9, 21], [16, 1, 17, 2], [10, 18, 11, 17], [4, 12, 5, 11], [6, 4, 7, 3], [12, 6, 13, 5], [18, 8, 19, 7], [22, 10, 1, 9]]"
11a_147_18,"[[22, 10, 1, 9], [20, 15, 21, 16], [14, 19, 15, 20], [2, 13, 3, 14], [8, 22, 9, 21], [16, 1, 17, 2], [10, 18, 11, 17], [4, 12, 5, 11], [6, 4, 7, 3], [12, 6, 13, 5], [18, 8, 19, 7]]"
11a_147_19,"[[18, 8, 19, 7], [22, 10, 1, 9], [20, 15, 21, 16], [14, 19, 15, 20], [2, 13, 3, 14], [8, 22, 9, 21], [16, 1, 17, 2], [10, 18, 11, 17], [4, 12, 5, 11], [6, 4, 7, 3], [12, 6, 13, 5]]"
11a_147_20,"[[12, 6, 13, 5], [18, 8, 19, 7], [22, 10, 1, 9], [20, 15, 21, 16], [14, 19, 15, 20], [2, 13, 3, 14], [8, 22, 9, 21], [16, 1, 17, 2], [10, 18, 11, 17], [4, 12, 5, 11], [6, 4, 7, 3]]"
11a_147_21,"[[6, 4, 7, 3], [12, 6, 13, 5], [18, 8, 19, 7], [22, 10, 1, 9], [20, 15, 21, 16], [14, 19, 15, 20], [2, 13, 3, 14], [8, 22, 9, 21], [16, 1, 17, 2], [10, 18, 11, 17], [4, 12, 5, 11]]"
11a_147_22,"[[5, 13, 6, 12], [7, 5, 8, 4], [13, 7, 14, 6], [19, 9, 20, 8], [1, 11, 2, 10], [21, 16, 22, 17], [15, 20, 16, 21], [3, 14, 4, 15], [9, 1, 10, 22], [17, 2, 18, 3], [11, 19, 12, 18]]"
11a_147_23,"[[11, 19, 12, 18], [5, 13, 6, 12], [7, 5, 8, 4], [13, 7, 14, 6], [19, 9, 20, 8], [1, 11, 2, 10], [21, 16, 22, 17], [15, 20, 16, 21], [3, 14, 4, 15], [9, 1, 10, 22], [17, 2, 18, 3]]"
11a_147_24,"[[17, 2, 18, 3], [11, 19, 12, 18], [5, 13, 6, 12], [7, 5, 8, 4], [13, 7, 14, 6], [19, 9, 20, 8], [1, 11, 2, 10], [21, 16, 22, 17], [15, 20, 16, 21], [3, 14, 4, 15], [9, 1, 10, 22]]"
11a_147_25,"[[9, 1, 10, 22], [17, 2, 18, 3], [11, 19, 12, 18], [5, 13, 6, 12], [7, 5, 8, 4], [13, 7, 14, 6], [19, 9, 20, 8], [1, 11, 2, 10], [21, 16, 22, 17], [15, 20, 16, 21], [3, 14, 4, 15]]"
11a_147_26,"[[3, 14, 4, 15], [9, 1, 10, 22], [17, 2, 18, 3], [11, 19, 12, 18], [5, 13, 6, 12], [7, 5, 8, 4], [13, 7, 14, 6], [19, 9, 20, 8], [1, 11, 2, 10], [21, 16, 22, 17], [15, 20, 16, 21]]"
11a_147_27,"[[15, 20, 16, 21], [3, 14, 4, 15], [9, 1, 10, 22], [17, 2, 18, 3], [11, 19, 12, 18], [5, 13, 6, 12], [7, 5, 8, 4], [13, 7, 14, 6], [19, 9, 20, 8], [1, 11, 2, 10], [21, 16, 22, 17]]"
11a_147_28,"[[21, 16, 22, 17], [15, 20, 16, 21], [3, 14, 4, 15], [9, 1, 10, 22], [17, 2, 18, 3], [11, 19, 12, 18], [5, 13, 6, 12], [7, 5, 8, 4], [13, 7, 14, 6], [19, 9, 20, 8], [1, 11, 2, 10]]"
11a_147_29,"[[1, 11, 2, 10], [21, 16, 22, 17], [15, 20, 16, 21], [3, 14, 4, 15], [9, 1, 10, 22], [17, 2, 18, 3], [11, 19, 12, 18], [5, 13, 6, 12], [7, 5, 8, 4], [13, 7, 14, 6], [19, 9, 20, 8]]"
11a_147_30,"[[19, 9, 20, 8], [1, 11, 2, 10], [21, 16, 22, 17], [15, 20, 16, 21], [3, 14, 4, 15], [9, 1, 10, 22], [17, 2, 18, 3], [11, 19, 12, 18], [5, 13, 6, 12], [7, 5, 8, 4], [13, 7, 14, 6]]"
11a_147_31,"[[13, 7, 14, 6], [19, 9, 20, 8], [1, 11, 2, 10], [21, 16, 22, 17], [15, 20, 16, 21], [3, 14, 4, 15], [9, 1, 10, 22], [17, 2, 18, 3], [11, 19, 12, 18], [5, 13, 6, 12], [7, 5, 8, 4]]"
11a_147_32,"[[7, 5, 8, 4], [13, 7, 14, 6], [19, 9, 20, 8], [1, 11, 2, 10], [21, 16, 22, 17], [15, 20, 16, 21], [3, 14, 4, 15], [9, 1, 10, 22], [17, 2, 18, 3], [11, 19, 12, 18], [5, 13, 6, 12]]"
11a_147_33,"[[6, 14, 7, 13], [8, 6, 9, 5], [14, 8, 15, 7], [20, 10, 21, 9], [2, 12, 3, 11], [22, 17, 1, 18], [16, 21, 17, 22], [4, 15, 5, 16], [10, 2, 11, 1], [18, 3, 19, 4], [12, 20, 13, 19]]"
11a_147_34,"[[12, 20, 13, 19], [6, 14, 7, 13], [8, 6, 9, 5], [14, 8, 15, 7], [20, 10, 21, 9], [2, 12, 3, 11], [22, 17, 1, 18], [16, 21, 17, 22], [4, 15, 5, 16], [10, 2, 11, 1], [18, 3, 19, 4]]"
11a_147_35,"[[18, 3, 19, 4], [12, 20, 13, 19], [6, 14, 7, 13], [8, 6, 9, 5], [14, 8, 15, 7], [20, 10, 21, 9], [2, 12, 3, 11], [22, 17, 1, 18], [16, 21, 17, 22], [4, 15, 5, 16], [10, 2, 11, 1]]"
11a_147_36,"[[10, 2, 11, 1], [18, 3, 19, 4], [12, 20, 13, 19], [6, 14, 7, 13], [8, 6, 9, 5], [14, 8, 15, 7], [20, 10, 21, 9], [2, 12, 3, 11], [22, 17, 1, 18], [16, 21, 17, 22], [4, 15, 5, 16]]"
11a_147_37,"[[4, 15, 5, 16], [10, 2, 11, 1], [18, 3, 19, 4], [12, 20, 13, 19], [6, 14, 7, 13], [8, 6, 9, 5], [14, 8, 15, 7], [20, 10, 21, 9], [2, 12, 3, 11], [22, 17, 1, 18], [16, 21, 17, 22]]"
11a_147_38,"[[16, 21, 17, 22], [4, 15, 5, 16], [10, 2, 11, 1], [18, 3, 19, 4], [12, 20, 13, 19], [6, 14, 7, 13], [8, 6, 9, 5], [14, 8, 15, 7], [20, 10, 21, 9], [2, 12, 3, 11], [22, 17, 1, 18]]"
11a_147_39,"[[22, 17, 1, 18], [16, 21, 17, 22], [4, 15, 5, 16], [10, 2, 11, 1], [18, 3, 19, 4], [12, 20, 13, 19], [6, 14, 7, 13], [8, 6, 9, 5], [14, 8, 15, 7], [20, 10, 21, 9], [2, 12, 3, 11]]"
11a_147_40,"[[2, 12, 3, 11], [22, 17, 1, 18], [16, 21, 17, 22], [4, 15, 5, 16], [10, 2, 11, 1], [18, 3, 19, 4], [12, 20, 13, 19], [6, 14, 7, 13], [8, 6, 9, 5], [14, 8, 15, 7], [20, 10, 21, 9]]"
11a_147_41,"[[20, 10, 21, 9], [2, 12, 3, 11], [22, 17, 1, 18], [16, 21, 17, 22], [4, 15, 5, 16], [10, 2, 11, 1], [18, 3, 19, 4], [12, 20, 13, 19], [6, 14, 7, 13], [8, 6, 9, 5], [14, 8, 15, 7]]"
11a_147_42,"[[14, 8, 15, 7], [20, 10, 21, 9], [2, 12, 3, 11], [22, 17, 1, 18], [16, 21, 17, 22], [4, 15, 5, 16], [10, 2, 11, 1], [18, 3, 19, 4], [12, 20, 13, 19], [6, 14, 7, 13], [8, 6, 9, 5]]"
11a_147_43,"[[8, 6, 9, 5], [14, 8, 15, 7], [20, 10, 21, 9], [2, 12, 3, 11], [22, 17, 1, 18], [16, 21, 17, 22], [4, 15, 5, 16], [10, 2, 11, 1], [18, 3, 19, 4], [12, 20, 13, 19], [6, 14, 7, 13]]"
11a_147_44,"[[7, 15, 8, 14], [9, 7, 10, 6], [15, 9, 16, 8], [21, 11, 22, 10], [3, 13, 4, 12], [1, 18, 2, 19], [17, 22, 18, 1], [5, 16, 6, 17], [11, 3, 12, 2], [19, 4, 20, 5], [13, 21, 14, 20]]"
11a_147_45,"[[13, 21, 14, 20], [7, 15, 8, 14], [9, 7, 10, 6], [15, 9, 16, 8], [21, 11, 22, 10], [3, 13, 4, 12], [1, 18, 2, 19], [17, 22, 18, 1], [5, 16, 6, 17], [11, 3, 12, 2], [19, 4, 20, 5]]"
11a_147_46,"[[19, 4, 20, 5], [13, 21, 14, 20], [7, 15, 8, 14], [9, 7, 10, 6], [15, 9, 16, 8], [21, 11, 22, 10], [3, 13, 4, 12], [1, 18, 2, 19], [17, 22, 18, 1], [5, 16, 6, 17], [11, 3, 12, 2]]"
11a_147_47,"[[11, 3, 12, 2], [19, 4, 20, 5], [13, 21, 14, 20], [7, 15, 8, 14], [9, 7, 10, 6], [15, 9, 16, 8], [21, 11, 22, 10], [3, 13, 4, 12], [1, 18, 2, 19], [17, 22, 18, 1], [5, 16, 6, 17]]"
11a_147_48,"[[5, 16, 6, 17], [11, 3, 12, 2], [19, 4, 20, 5], [13, 21, 14, 20], [7, 15, 8, 14], [9, 7, 10, 6], [15, 9, 16, 8], [21, 11, 22, 10], [3, 13, 4, 12], [1, 18, 2, 19], [17, 22, 18, 1]]"
11a_147_49,"[[17, 22, 18, 1], [5, 16, 6, 17], [11, 3, 12, 2], [19, 4, 20, 5], [13, 21, 14, 20], [7, 15, 8, 14], [9, 7, 10, 6], [15, 9, 16, 8], [21, 11, 22, 10], [3, 13, 4, 12], [1, 18, 2, 19]]"
11a_147_50,"[[1, 18, 2, 19], [17, 22, 18, 1], [5, 16, 6, 17], [11, 3, 12, 2], [19, 4, 20, 5], [13, 21, 14, 20], [7, 15, 8, 14], [9, 7, 10, 6], [15, 9, 16, 8], [21, 11, 22, 10], [3, 13, 4, 12]]"
11a_147_51,"[[3, 13, 4, 12], [1, 18, 2, 19], [17, 22, 18, 1], [5, 16, 6, 17], [11, 3, 12, 2], [19, 4, 20, 5], [13, 21, 14, 20], [7, 15, 8, 14], [9, 7, 10, 6], [15, 9, 16, 8], [21, 11, 22, 10]]"
11a_147_52,"[[21, 11, 22, 10], [3, 13, 4, 12], [1, 18, 2, 19], [17, 22, 18, 1], [5, 16, 6, 17], [11, 3, 12, 2], [19, 4, 20, 5], [13, 21, 14, 20], [7, 15, 8, 14], [9, 7, 10, 6], [15, 9, 16, 8]]"
11a_147_53,"[[15, 9, 16, 8], [21, 11, 22, 10], [3, 13, 4, 12], [1, 18, 2, 19], [17, 22, 18, 1], [5, 16, 6, 17], [11, 3, 12, 2], [19, 4, 20, 5], [13, 21, 14, 20], [7, 15, 8, 14], [9, 7, 10, 6]]"
11a_147_54,"[[9, 7, 10, 6], [15, 9, 16, 8], [21, 11, 22, 10], [3, 13, 4, 12], [1, 18, 2, 19], [17, 22, 18, 1], [5, 16, 6, 17], [11, 3, 12, 2], [19, 4, 20, 5], [13, 21, 14, 20], [7, 15, 8, 14]]"
11a_147_55,"[[8, 16, 9, 15], [10, 8, 11, 7], [16, 10, 17, 9], [22, 12, 1, 11], [4, 14, 5, 13], [2, 19, 3, 20], [18, 1, 19, 2], [6, 17, 7, 18], [12, 4, 13, 3], [20, 5, 21, 6], [14, 22, 15, 21]]"
11a_147_56,"[[14, 22, 15, 21], [8, 16, 9, 15], [10, 8, 11, 7], [16, 10, 17, 9], [22, 12, 1, 11], [4, 14, 5, 13], [2, 19, 3, 20], [18, 1, 19, 2], [6, 17, 7, 18], [12, 4, 13, 3], [20, 5, 21, 6]]"
11a_147_57,"[[20, 5, 21, 6], [14, 22, 15, 21], [8, 16, 9, 15], [10, 8, 11, 7], [16, 10, 17, 9], [22, 12, 1, 11], [4, 14, 5, 13], [2, 19, 3, 20], [18, 1, 19, 2], [6, 17, 7, 18], [12, 4, 13, 3]]"
11a_147_58,"[[12, 4, 13, 3], [20, 5, 21, 6], [14, 22, 15, 21], [8, 16, 9, 15], [10, 8, 11, 7], [16, 10, 17, 9], [22, 12, 1, 11], [4, 14, 5, 13], [2, 19, 3, 20], [18, 1, 19, 2], [6, 17, 7, 18]]"
11a_147_59,"[[6, 17, 7, 18], [12, 4, 13, 3], [20, 5, 21, 6], [14, 22, 15, 21], [8, 16, 9, 15], [10, 8, 11, 7], [16, 10, 17, 9], [22, 12, 1, 11], [4, 14, 5, 13], [2, 19, 3, 20], [18, 1, 19, 2]]"
11a_147_60,"[[18, 1, 19, 2], [6, 17, 7, 18], [12, 4, 13, 3], [20, 5, 21, 6], [14, 22, 15, 21], [8, 16, 9, 15], [10, 8, 11, 7], [16, 10, 17, 9], [22, 12, 1, 11], [4, 14, 5, 13], [2, 19, 3, 20]]"
11a_147_61,"[[2, 19, 3, 20], [18, 1, 19, 2], [6, 17, 7, 18], [12, 4, 13, 3], [20, 5, 21, 6], [14, 22, 15, 21], [8, 16, 9, 15], [10, 8, 11, 7], [16, 10, 17, 9], [22, 12, 1, 11], [4, 14, 5, 13]]"
11a_147_62,"[[4, 14, 5, 13], [2, 19, 3, 20], [18, 1, 19, 2], [6, 17, 7, 18], [12, 4, 13, 3], [20, 5, 21, 6], [14, 22, 15, 21], [8, 16, 9, 15], [10, 8, 11, 7], [16, 10, 17, 9], [22, 12, 1, 11]]"
11a_147_63,"[[22, 12, 1, 11], [4, 14, 5, 13], [2, 19, 3, 20], [18, 1, 19, 2], [6, 17, 7, 18], [12, 4, 13, 3], [20, 5, 21, 6], [14, 22, 15, 21], [8, 16, 9, 15], [10, 8, 11, 7], [16, 10, 17, 9]]"
11a_147_64,"[[16, 10, 17, 9], [22, 12, 1, 11], [4, 14, 5, 13], [2, 19, 3, 20], [18, 1, 19, 2], [6, 17, 7, 18], [12, 4, 13, 3], [20, 5, 21, 6], [14, 22, 15, 21], [8, 16, 9, 15], [10, 8, 11, 7]]"
11a_147_65,"[[10, 8, 11, 7], [16, 10, 17, 9], [22, 12, 1, 11], [4, 14, 5, 13], [2, 19, 3, 20], [18, 1, 19, 2], [6, 17, 7, 18], [12, 4, 13, 3], [20, 5, 21, 6], [14, 22, 15, 21], [8, 16, 9, 15]]"
11a_147_66,"[[9, 17, 10, 16], [11, 9, 12, 8], [17, 11, 18, 10], [1, 13, 2, 12], [5, 15, 6, 14], [3, 20, 4, 21], [19, 2, 20, 3], [7, 18, 8, 19], [13, 5, 14, 4], [21, 6, 22, 7], [15, 1, 16, 22]]"
11a_147_67,"[[15, 1, 16, 22], [9, 17, 10, 16], [11, 9, 12, 8], [17, 11, 18, 10], [1, 13, 2, 12], [5, 15, 6, 14], [3, 20, 4, 21], [19, 2, 20, 3], [7, 18, 8, 19], [13, 5, 14, 4], [21, 6, 22, 7]]"
11a_147_68,"[[21, 6, 22, 7], [15, 1, 16, 22], [9, 17, 10, 16], [11, 9, 12, 8], [17, 11, 18, 10], [1, 13, 2, 12], [5, 15, 6, 14], [3, 20, 4, 21], [19, 2, 20, 3], [7, 18, 8, 19], [13, 5, 14, 4]]"
11a_147_69,"[[13, 5, 14, 4], [21, 6, 22, 7], [15, 1, 16, 22], [9, 17, 10, 16], [11, 9, 12, 8], [17, 11, 18, 10], [1, 13, 2, 12], [5, 15, 6, 14], [3, 20, 4, 21], [19, 2, 20, 3], [7, 18, 8, 19]]"
11a_147_70,"[[7, 18, 8, 19], [13, 5, 14, 4], [21, 6, 22, 7], [15, 1, 16, 22], [9, 17, 10, 16], [11, 9, 12, 8], [17, 11, 18, 10], [1, 13, 2, 12], [5, 15, 6, 14], [3, 20, 4, 21], [19, 2, 20, 3]]"
11a_147_71,"[[19, 2, 20, 3], [7, 18, 8, 19], [13, 5, 14, 4], [21, 6, 22, 7], [15, 1, 16, 22], [9, 17, 10, 16], [11, 9, 12, 8], [17, 11, 18, 10], [1, 13, 2, 12], [5, 15, 6, 14], [3, 20, 4, 21]]"
11a_147_72,"[[3, 20, 4, 21], [19, 2, 20, 3], [7, 18, 8, 19], [13, 5, 14, 4], [21, 6, 22, 7], [15, 1, 16, 22], [9, 17, 10, 16], [11, 9, 12, 8], [17, 11, 18, 10], [1, 13, 2, 12], [5, 15, 6, 14]]"
11a_147_73,"[[5, 15, 6, 14], [3, 20, 4, 21], [19, 2, 20, 3], [7, 18, 8, 19], [13, 5, 14, 4], [21, 6, 22, 7], [15, 1, 16, 22], [9, 17, 10, 16], [11, 9, 12, 8], [17, 11, 18, 10], [1, 13, 2, 12]]"
11a_147_74,"[[1, 13, 2, 12], [5, 15, 6, 14], [3, 20, 4, 21], [19, 2, 20, 3], [7, 18, 8, 19], [13, 5, 14, 4], [21, 6, 22, 7], [15, 1, 16, 22], [9, 17, 10, 16], [11, 9, 12, 8], [17, 11, 18, 10]]"
11a_147_75,"[[17, 11, 18, 10], [1, 13, 2, 12], [5, 15, 6, 14], [3, 20, 4, 21], [19, 2, 20, 3], [7, 18, 8, 19], [13, 5, 14, 4], [21, 6, 22, 7], [15, 1, 16, 22], [9, 17, 10, 16], [11, 9, 12, 8]]"
11a_147_76,"[[11, 9, 12, 8], [17, 11, 18, 10], [1, 13, 2, 12], [5, 15, 6, 14], [3, 20, 4, 21], [19, 2, 20, 3], [7, 18, 8, 19], [13, 5, 14, 4], [21, 6, 22, 7], [15, 1, 16, 22], [9, 17, 10, 16]]"
11a_147_77,"[[10, 18, 11, 17], [12, 10, 13, 9], [18, 12, 19, 11], [2, 14, 3, 13], [6, 16, 7, 15], [4, 21, 5, 22], [20, 3, 21, 4], [8, 19, 9, 20], [14, 6, 15, 5], [22, 7, 1, 8], [16, 2, 17, 1]]"
11a_147_78,"[[16, 2, 17, 1], [10, 18, 11, 17], [12, 10, 13, 9], [18, 12, 19, 11], [2, 14, 3, 13], [6, 16, 7, 15], [4, 21, 5, 22], [20, 3, 21, 4], [8, 19, 9, 20], [14, 6, 15, 5], [22, 7, 1, 8]]"
11a_147_79,"[[22, 7, 1, 8], [16, 2, 17, 1], [10, 18, 11, 17], [12, 10, 13, 9], [18, 12, 19, 11], [2, 14, 3, 13], [6, 16, 7, 15], [4, 21, 5, 22], [20, 3, 21, 4], [8, 19, 9, 20], [14, 6, 15, 5]]"
11a_147_80,"[[14, 6, 15, 5], [22, 7, 1, 8], [16, 2, 17, 1], [10, 18, 11, 17], [12, 10, 13, 9], [18, 12, 19, 11], [2, 14, 3, 13], [6, 16, 7, 15], [4, 21, 5, 22], [20, 3, 21, 4], [8, 19, 9, 20]]"
11a_147_81,"[[8, 19, 9, 20], [14, 6, 15, 5], [22, 7, 1, 8], [16, 2, 17, 1], [10, 18, 11, 17], [12, 10, 13, 9], [18, 12, 19, 11], [2, 14, 3, 13], [6, 16, 7, 15], [4, 21, 5, 22], [20, 3, 21, 4]]"
11a_147_82,"[[20, 3, 21, 4], [8, 19, 9, 20], [14, 6, 15, 5], [22, 7, 1, 8], [16, 2, 17, 1], [10, 18, 11, 17], [12, 10, 13, 9], [18, 12, 19, 11], [2, 14, 3, 13], [6, 16, 7, 15], [4, 21, 5, 22]]"
11a_147_83,"[[4, 21, 5, 22], [20, 3, 21, 4], [8, 19, 9, 20], [14, 6, 15, 5], [22, 7, 1, 8], [16, 2, 17, 1], [10, 18, 11, 17], [12, 10, 13, 9], [18, 12, 19, 11], [2, 14, 3, 13], [6, 16, 7, 15]]"
11a_147_84,"[[6, 16, 7, 15], [4, 21, 5, 22], [20, 3, 21, 4], [8, 19, 9, 20], [14, 6, 15, 5], [22, 7, 1, 8], [16, 2, 17, 1], [10, 18, 11, 17], [12, 10, 13, 9], [18, 12, 19, 11], [2, 14, 3, 13]]"
11a_147_85,"[[2, 14, 3, 13], [6, 16, 7, 15], [4, 21, 5, 22], [20, 3, 21, 4], [8, 19, 9, 20], [14, 6, 15, 5], [22, 7, 1, 8], [16, 2, 17, 1], [10, 18, 11, 17], [12, 10, 13, 9], [18, 12, 19, 11]]"
11a_147_86,"[[18, 12, 19, 11], [2, 14, 3, 13], [6, 16, 7, 15], [4, 21, 5, 22], [20, 3, 21, 4], [8, 19, 9, 20], [14, 6, 15, 5], [22, 7, 1, 8], [16, 2, 17, 1], [10, 18, 11, 17], [12, 10, 13, 9]]"
11a_147_87,"[[12, 10, 13, 9], [18, 12, 19, 11], [2, 14, 3, 13], [6, 16, 7, 15], [4, 21, 5, 22], [20, 3, 21, 4], [8, 19, 9, 20], [14, 6, 15, 5], [22, 7, 1, 8], [16, 2, 17, 1], [10, 18, 11, 17]]"
11a_147_88,"[[11, 19, 12, 18], [13, 11, 14, 10], [19, 13, 20, 12], [3, 15, 4, 14], [7, 17, 8, 16], [5, 22, 6, 1], [21, 4, 22, 5], [9, 20, 10, 21], [15, 7, 16, 6], [1, 8, 2, 9], [17, 3, 18, 2]]"
11a_147_89,"[[17, 3, 18, 2], [11, 19, 12, 18], [13, 11, 14, 10], [19, 13, 20, 12], [3, 15, 4, 14], [7, 17, 8, 16], [5, 22, 6, 1], [21, 4, 22, 5], [9, 20, 10, 21], [15, 7, 16, 6], [1, 8, 2, 9]]"
11a_147_90,"[[1, 8, 2, 9], [17, 3, 18, 2], [11, 19, 12, 18], [13, 11, 14, 10], [19, 13, 20, 12], [3, 15, 4, 14], [7, 17, 8, 16], [5, 22, 6, 1], [21, 4, 22, 5], [9, 20, 10, 21], [15, 7, 16, 6]]"
11a_147_91,"[[15, 7, 16, 6], [1, 8, 2, 9], [17, 3, 18, 2], [11, 19, 12, 18], [13, 11, 14, 10], [19, 13, 20, 12], [3, 15, 4, 14], [7, 17, 8, 16], [5, 22, 6, 1], [21, 4, 22, 5], [9, 20, 10, 21]]"
11a_147_92,"[[9, 20, 10, 21], [15, 7, 16, 6], [1, 8, 2, 9], [17, 3, 18, 2], [11, 19, 12, 18], [13, 11, 14, 10], [19, 13, 20, 12], [3, 15, 4, 14], [7, 17, 8, 16], [5, 22, 6, 1], [21, 4, 22, 5]]"
11a_147_93,"[[21, 4, 22, 5], [9, 20, 10, 21], [15, 7, 16, 6], [1, 8, 2, 9], [17, 3, 18, 2], [11, 19, 12, 18], [13, 11, 14, 10], [19, 13, 20, 12], [3, 15, 4, 14], [7, 17, 8, 16], [5, 22, 6, 1]]"
11a_147_94,"[[5, 22, 6, 1], [21, 4, 22, 5], [9, 20, 10, 21], [15, 7, 16, 6], [1, 8, 2, 9], [17, 3, 18, 2], [11, 19, 12, 18], [13, 11, 14, 10], [19, 13, 20, 12], [3, 15, 4, 14], [7, 17, 8, 16]]"
11a_147_95,"[[7, 17, 8, 16], [5, 22, 6, 1], [21, 4, 22, 5], [9, 20, 10, 21], [15, 7, 16, 6], [1, 8, 2, 9], [17, 3, 18, 2], [11, 19, 12, 18], [13, 11, 14, 10], [19, 13, 20, 12], [3, 15, 4, 14]]"
11a_147_96,"[[3, 15, 4, 14], [7, 17, 8, 16], [5, 22, 6, 1], [21, 4, 22, 5], [9, 20, 10, 21], [15, 7, 16, 6], [1, 8, 2, 9], [17, 3, 18, 2], [11, 19, 12, 18], [13, 11, 14, 10], [19, 13, 20, 12]]"
11a_147_97,"[[19, 13, 20, 12], [3, 15, 4, 14], [7, 17, 8, 16], [5, 22, 6, 1], [21, 4, 22, 5], [9, 20, 10, 21], [15, 7, 16, 6], [1, 8, 2, 9], [17, 3, 18, 2], [11, 19, 12, 18], [13, 11, 14, 10]]"
11a_147_98,"[[13, 11, 14, 10], [19, 13, 20, 12], [3, 15, 4, 14], [7, 17, 8, 16], [5, 22, 6, 1], [21, 4, 22, 5], [9, 20, 10, 21], [15, 7, 16, 6], [1, 8, 2, 9], [17, 3, 18, 2], [11, 19, 12, 18]]"
11a_147_99,"[[12, 20, 13, 19], [14, 12, 15, 11], [20, 14, 21, 13], [4, 16, 5, 15], [8, 18, 9, 17], [6, 1, 7, 2], [22, 5, 1, 6], [10, 21, 11, 22], [16, 8, 17, 7], [2, 9, 3, 10], [18, 4, 19, 3]]"
11a_147_100,"[[18, 4, 19, 3], [12, 20, 13, 19], [14, 12, 15, 11], [20, 14, 21, 13], [4, 16, 5, 15], [8, 18, 9, 17], [6, 1, 7, 2], [22, 5, 1, 6], [10, 21, 11, 22], [16, 8, 17, 7], [2, 9, 3, 10]]"
11a_147_101,"[[2, 9, 3, 10], [18, 4, 19, 3], [12, 20, 13, 19], [14, 12, 15, 11], [20, 14, 21, 13], [4, 16, 5, 15], [8, 18, 9, 17], [6, 1, 7, 2], [22, 5, 1, 6], [10, 21, 11, 22], [16, 8, 17, 7]]"
11a_147_102,"[[16, 8, 17, 7], [2, 9, 3, 10], [18, 4, 19, 3], [12, 20, 13, 19], [14, 12, 15, 11], [20, 14, 21, 13], [4, 16, 5, 15], [8, 18, 9, 17], [6, 1, 7, 2], [22, 5, 1, 6], [10, 21, 11, 22]]"
11a_147_103,"[[10, 21, 11, 22], [16, 8, 17, 7], [2, 9, 3, 10], [18, 4, 19, 3], [12, 20, 13, 19], [14, 12, 15, 11], [20, 14, 21, 13], [4, 16, 5, 15], [8, 18, 9, 17], [6, 1, 7, 2], [22, 5, 1, 6]]"
11a_147_104,"[[22, 5, 1, 6], [10, 21, 11, 22], [16, 8, 17, 7], [2, 9, 3, 10], [18, 4, 19, 3], [12, 20, 13, 19], [14, 12, 15, 11], [20, 14, 21, 13], [4, 16, 5, 15], [8, 18, 9, 17], [6, 1, 7, 2]]"
11a_147_105,"[[6, 1, 7, 2], [22, 5, 1, 6], [10, 21, 11, 22], [16, 8, 17, 7], [2, 9, 3, 10], [18, 4, 19, 3], [12, 20, 13, 19], [14, 12, 15, 11], [20, 14, 21, 13], [4, 16, 5, 15], [8, 18, 9, 17]]"
11a_147_106,"[[8, 18, 9, 17], [6, 1, 7, 2], [22, 5, 1, 6], [10, 21, 11, 22], [16, 8, 17, 7], [2, 9, 3, 10], [18, 4, 19, 3], [12, 20, 13, 19], [14, 12, 15, 11], [20, 14, 21, 13], [4, 16, 5, 15]]"
11a_147_107,"[[4, 16, 5, 15], [8, 18, 9, 17], [6, 1, 7, 2], [22, 5, 1, 6], [10, 21, 11, 22], [16, 8, 17, 7], [2, 9, 3, 10], [18, 4, 19, 3], [12, 20, 13, 19], [14, 12, 15, 11], [20, 14, 21, 13]]"
11a_147_108,"[[20, 14, 21, 13], [4, 16, 5, 15], [8, 18, 9, 17], [6, 1, 7, 2], [22, 5, 1, 6], [10, 21, 11, 22], [16, 8, 17, 7], [2, 9, 3, 10], [18, 4, 19, 3], [12, 20, 13, 19], [14, 12, 15, 11]]"
11a_147_109,"[[14, 12, 15, 11], [20, 14, 21, 13], [4, 16, 5, 15], [8, 18, 9, 17], [6, 1, 7, 2], [22, 5, 1, 6], [10, 21, 11, 22], [16, 8, 17, 7], [2, 9, 3, 10], [18, 4, 19, 3], [12, 20, 13, 19]]"
11a_147_110,"[[13, 21, 14, 20], [15, 13, 16, 12], [21, 15, 22, 14], [5, 17, 6, 16], [9, 19, 10, 18], [7, 2, 8, 3], [1, 6, 2, 7], [11, 22, 12, 1], [17, 9, 18, 8], [3, 10, 4, 11], [19, 5, 20, 4]]"
11a_147_111,"[[19, 5, 20, 4], [13, 21, 14, 20], [15, 13, 16, 12], [21, 15, 22, 14], [5, 17, 6, 16], [9, 19, 10, 18], [7, 2, 8, 3], [1, 6, 2, 7], [11, 22, 12, 1], [17, 9, 18, 8], [3, 10, 4, 11]]"
11a_147_112,"[[3, 10, 4, 11], [19, 5, 20, 4], [13, 21, 14, 20], [15, 13, 16, 12], [21, 15, 22, 14], [5, 17, 6, 16], [9, 19, 10, 18], [7, 2, 8, 3], [1, 6, 2, 7], [11, 22, 12, 1], [17, 9, 18, 8]]"
11a_147_113,"[[17, 9, 18, 8], [3, 10, 4, 11], [19, 5, 20, 4], [13, 21, 14, 20], [15, 13, 16, 12], [21, 15, 22, 14], [5, 17, 6, 16], [9, 19, 10, 18], [7, 2, 8, 3], [1, 6, 2, 7], [11, 22, 12, 1]]"
11a_147_114,"[[11, 22, 12, 1], [17, 9, 18, 8], [3, 10, 4, 11], [19, 5, 20, 4], [13, 21, 14, 20], [15, 13, 16, 12], [21, 15, 22, 14], [5, 17, 6, 16], [9, 19, 10, 18], [7, 2, 8, 3], [1, 6, 2, 7]]"
11a_147_115,"[[1, 6, 2, 7], [11, 22, 12, 1], [17, 9, 18, 8], [3, 10, 4, 11], [19, 5, 20, 4], [13, 21, 14, 20], [15, 13, 16, 12], [21, 15, 22, 14], [5, 17, 6, 16], [9, 19, 10, 18], [7, 2, 8, 3]]"
11a_147_116,"[[7, 2, 8, 3], [1, 6, 2, 7], [11, 22, 12, 1], [17, 9, 18, 8], [3, 10, 4, 11], [19, 5, 20, 4], [13, 21, 14, 20], [15, 13, 16, 12], [21, 15, 22, 14], [5, 17, 6, 16], [9, 19, 10, 18]]"
11a_147_117,"[[9, 19, 10, 18], [7, 2, 8, 3], [1, 6, 2, 7], [11, 22, 12, 1], [17, 9, 18, 8], [3, 10, 4, 11], [19, 5, 20, 4], [13, 21, 14, 20], [15, 13, 16, 12], [21, 15, 22, 14], [5, 17, 6, 16]]"
11a_147_118,"[[5, 17, 6, 16], [9, 19, 10, 18], [7, 2, 8, 3], [1, 6, 2, 7], [11, 22, 12, 1], [17, 9, 18, 8], [3, 10, 4, 11], [19, 5, 20, 4], [13, 21, 14, 20], [15, 13, 16, 12], [21, 15, 22, 14]]"
11a_147_119,"[[21, 15, 22, 14], [5, 17, 6, 16], [9, 19, 10, 18], [7, 2, 8, 3], [1, 6, 2, 7], [11, 22, 12, 1], [17, 9, 18, 8], [3, 10, 4, 11], [19, 5, 20, 4], [13, 21, 14, 20], [15, 13, 16, 12]]"
11a_147_120,"[[15, 13, 16, 12], [21, 15, 22, 14], [5, 17, 6, 16], [9, 19, 10, 18], [7, 2, 8, 3], [1, 6, 2, 7], [11, 22, 12, 1], [17, 9, 18, 8], [3, 10, 4, 11], [19, 5, 20, 4], [13, 21, 14, 20]]"
11a_147_121,"[[14, 22, 15, 21], [16, 14, 17, 13], [22, 16, 1, 15], [6, 18, 7, 17], [10, 20, 11, 19], [8, 3, 9, 4], [2, 7, 3, 8], [12, 1, 13, 2], [18, 10, 19, 9], [4, 11, 5, 12], [20, 6, 21, 5]]"
11a_147_122,"[[20, 6, 21, 5], [14, 22, 15, 21], [16, 14, 17, 13], [22, 16, 1, 15], [6, 18, 7, 17], [10, 20, 11, 19], [8, 3, 9, 4], [2, 7, 3, 8], [12, 1, 13, 2], [18, 10, 19, 9], [4, 11, 5, 12]]"
11a_147_123,"[[4, 11, 5, 12], [20, 6, 21, 5], [14, 22, 15, 21], [16, 14, 17, 13], [22, 16, 1, 15], [6, 18, 7, 17], [10, 20, 11, 19], [8, 3, 9, 4], [2, 7, 3, 8], [12, 1, 13, 2], [18, 10, 19, 9]]"
11a_147_124,"[[18, 10, 19, 9], [4, 11, 5, 12], [20, 6, 21, 5], [14, 22, 15, 21], [16, 14, 17, 13], [22, 16, 1, 15], [6, 18, 7, 17], [10, 20, 11, 19], [8, 3, 9, 4], [2, 7, 3, 8], [12, 1, 13, 2]]"
11a_147_125,"[[12, 1, 13, 2], [18, 10, 19, 9], [4, 11, 5, 12], [20, 6, 21, 5], [14, 22, 15, 21], [16, 14, 17, 13], [22, 16, 1, 15], [6, 18, 7, 17], [10, 20, 11, 19], [8, 3, 9, 4], [2, 7, 3, 8]]"
11a_147_126,"[[2, 7, 3, 8], [12, 1, 13, 2], [18, 10, 19, 9], [4, 11, 5, 12], [20, 6, 21, 5], [14, 22, 15, 21], [16, 14, 17, 13], [22, 16, 1, 15], [6, 18, 7, 17], [10, 20, 11, 19], [8, 3, 9, 4]]"
11a_147_127,"[[8, 3, 9, 4], [2, 7, 3, 8], [12, 1, 13, 2], [18, 10, 19, 9], [4, 11, 5, 12], [20, 6, 21, 5], [14, 22, 15, 21], [16, 14, 17, 13], [22, 16, 1, 15], [6, 18, 7, 17], [10, 20, 11, 19]]"
11a_147_128,"[[10, 20, 11, 19], [8, 3, 9, 4], [2, 7, 3, 8], [12, 1, 13, 2], [18, 10, 19, 9], [4, 11, 5, 12], [20, 6, 21, 5], [14, 22, 15, 21], [16, 14, 17, 13], [22, 16, 1, 15], [6, 18, 7, 17]]"
11a_147_129,"[[6, 18, 7, 17], [10, 20, 11, 19], [8, 3, 9, 4], [2, 7, 3, 8], [12, 1, 13, 2], [18, 10, 19, 9], [4, 11, 5, 12], [20, 6, 21, 5], [14, 22, 15, 21], [16, 14, 17, 13], [22, 16, 1, 15]]"
11a_147_130,"[[22, 16, 1, 15], [6, 18, 7, 17], [10, 20, 11, 19], [8, 3, 9, 4], [2, 7, 3, 8], [12, 1, 13, 2], [18, 10, 19, 9], [4, 11, 5, 12], [20, 6, 21, 5], [14, 22, 15, 21], [16, 14, 17, 13]]"
11a_147_131,"[[16, 14, 17, 13], [22, 16, 1, 15], [6, 18, 7, 17], [10, 20, 11, 19], [8, 3, 9, 4], [2, 7, 3, 8], [12, 1, 13, 2], [18, 10, 19, 9], [4, 11, 5, 12], [20, 6, 21, 5], [14, 22, 15, 21]]"
11a_147_132,"[[15, 1, 16, 22], [17, 15, 18, 14], [1, 17, 2, 16], [7, 19, 8, 18], [11, 21, 12, 20], [9, 4, 10, 5], [3, 8, 4, 9], [13, 2, 14, 3], [19, 11, 20, 10], [5, 12, 6, 13], [21, 7, 22, 6]]"
11a_147_133,"[[21, 7, 22, 6], [15, 1, 16, 22], [17, 15, 18, 14], [1, 17, 2, 16], [7, 19, 8, 18], [11, 21, 12, 20], [9, 4, 10, 5], [3, 8, 4, 9], [13, 2, 14, 3], [19, 11, 20, 10], [5, 12, 6, 13]]"
11a_147_134,"[[5, 12, 6, 13], [21, 7, 22, 6], [15, 1, 16, 22], [17, 15, 18, 14], [1, 17, 2, 16], [7, 19, 8, 18], [11, 21, 12, 20], [9, 4, 10, 5], [3, 8, 4, 9], [13, 2, 14, 3], [19, 11, 20, 10]]"
11a_147_135,"[[19, 11, 20, 10], [5, 12, 6, 13], [21, 7, 22, 6], [15, 1, 16, 22], [17, 15, 18, 14], [1, 17, 2, 16], [7, 19, 8, 18], [11, 21, 12, 20], [9, 4, 10, 5], [3, 8, 4, 9], [13, 2, 14, 3]]"
11a_147_136,"[[13, 2, 14, 3], [19, 11, 20, 10], [5, 12, 6, 13], [21, 7, 22, 6], [15, 1, 16, 22], [17, 15, 18, 14], [1, 17, 2, 16], [7, 19, 8, 18], [11, 21, 12, 20], [9, 4, 10, 5], [3, 8, 4, 9]]"
11a_147_137,"[[3, 8, 4, 9], [13, 2, 14, 3], [19, 11, 20, 10], [5, 12, 6, 13], [21, 7, 22, 6], [15, 1, 16, 22], [17, 15, 18, 14], [1, 17, 2, 16], [7, 19, 8, 18], [11, 21, 12, 20], [9, 4, 10, 5]]"
11a_147_138,"[[9, 4, 10, 5], [3, 8, 4, 9], [13, 2, 14, 3], [19, 11, 20, 10], [5, 12, 6, 13], [21, 7, 22, 6], [15, 1, 16, 22], [17, 15, 18, 14], [1, 17, 2, 16], [7, 19, 8, 18], [11, 21, 12, 20]]"
11a_147_139,"[[11, 21, 12, 20], [9, 4, 10, 5], [3, 8, 4, 9], [13, 2, 14, 3], [19, 11, 20, 10], [5, 12, 6, 13], [21, 7, 22, 6], [15, 1, 16, 22], [17, 15, 18, 14], [1, 17, 2, 16], [7, 19, 8, 18]]"
11a_147_140,"[[7, 19, 8, 18], [11, 21, 12, 20], [9, 4, 10, 5], [3, 8, 4, 9], [13, 2, 14, 3], [19, 11, 20, 10], [5, 12, 6, 13], [21, 7, 22, 6], [15, 1, 16, 22], [17, 15, 18, 14], [1, 17, 2, 16]]"
11a_147_141,"[[1, 17, 2, 16], [7, 19, 8, 18], [11, 21, 12, 20], [9, 4, 10, 5], [3, 8, 4, 9], [13, 2, 14, 3], [19, 11, 20, 10], [5, 12, 6, 13], [21, 7, 22, 6], [15, 1, 16, 22], [17, 15, 18, 14]]"
11a_147_142,"[[17, 15, 18, 14], [1, 17, 2, 16], [7, 19, 8, 18], [11, 21, 12, 20], [9, 4, 10, 5], [3, 8, 4, 9], [13, 2, 14, 3], [19, 11, 20, 10], [5, 12, 6, 13], [21, 7, 22, 6], [15, 1, 16, 22]]"
11a_147_143,"[[16, 2, 17, 1], [18, 16, 19, 15], [2, 18, 3, 17], [8, 20, 9, 19], [12, 22, 13, 21], [10, 5, 11, 6], [4, 9, 5, 10], [14, 3, 15, 4], [20, 12, 21, 11], [6, 13, 7, 14], [22, 8, 1, 7]]"
11a_147_144,"[[22, 8, 1, 7], [16, 2, 17, 1], [18, 16, 19, 15], [2, 18, 3, 17], [8, 20, 9, 19], [12, 22, 13, 21], [10, 5, 11, 6], [4, 9, 5, 10], [14, 3, 15, 4], [20, 12, 21, 11], [6, 13, 7, 14]]"
11a_147_145,"[[6, 13, 7, 14], [22, 8, 1, 7], [16, 2, 17, 1], [18, 16, 19, 15], [2, 18, 3, 17], [8, 20, 9, 19], [12, 22, 13, 21], [10, 5, 11, 6], [4, 9, 5, 10], [14, 3, 15, 4], [20, 12, 21, 11]]"
11a_147_146,"[[20, 12, 21, 11], [6, 13, 7, 14], [22, 8, 1, 7], [16, 2, 17, 1], [18, 16, 19, 15], [2, 18, 3, 17], [8, 20, 9, 19], [12, 22, 13, 21], [10, 5, 11, 6], [4, 9, 5, 10], [14, 3, 15, 4]]"
11a_147_147,"[[14, 3, 15, 4], [20, 12, 21, 11], [6, 13, 7, 14], [22, 8, 1, 7], [16, 2, 17, 1], [18, 16, 19, 15], [2, 18, 3, 17], [8, 20, 9, 19], [12, 22, 13, 21], [10, 5, 11, 6], [4, 9, 5, 10]]"
11a_147_148,"[[4, 9, 5, 10], [14, 3, 15, 4], [20, 12, 21, 11], [6, 13, 7, 14], [22, 8, 1, 7], [16, 2, 17, 1], [18, 16, 19, 15], [2, 18, 3, 17], [8, 20, 9, 19], [12, 22, 13, 21], [10, 5, 11, 6]]"
11a_147_149,"[[10, 5, 11, 6], [4, 9, 5, 10], [14, 3, 15, 4], [20, 12, 21, 11], [6, 13, 7, 14], [22, 8, 1, 7], [16, 2, 17, 1], [18, 16, 19, 15], [2, 18, 3, 17], [8, 20, 9, 19], [12, 22, 13, 21]]"
11a_147_150,"[[12, 22, 13, 21], [10, 5, 11, 6], [4, 9, 5, 10], [14, 3, 15, 4], [20, 12, 21, 11], [6, 13, 7, 14], [22, 8, 1, 7], [16, 2, 17, 1], [18, 16, 19, 15], [2, 18, 3, 17], [8, 20, 9, 19]]"
11a_147_151,"[[8, 20, 9, 19], [12, 22, 13, 21], [10, 5, 11, 6], [4, 9, 5, 10], [14, 3, 15, 4], [20, 12, 21, 11], [6, 13, 7, 14], [22, 8, 1, 7], [16, 2, 17, 1], [18, 16, 19, 15], [2, 18, 3, 17]]"
11a_147_152,"[[2, 18, 3, 17], [8, 20, 9, 19], [12, 22, 13, 21], [10, 5, 11, 6], [4, 9, 5, 10], [14, 3, 15, 4], [20, 12, 21, 11], [6, 13, 7, 14], [22, 8, 1, 7], [16, 2, 17, 1], [18, 16, 19, 15]]"
11a_147_153,"[[18, 16, 19, 15], [2, 18, 3, 17], [8, 20, 9, 19], [12, 22, 13, 21], [10, 5, 11, 6], [4, 9, 5, 10], [14, 3, 15, 4], [20, 12, 21, 11], [6, 13, 7, 14], [22, 8, 1, 7], [16, 2, 17, 1]]"
11a_147_154,"[[17, 3, 18, 2], [19, 17, 20, 16], [3, 19, 4, 18], [9, 21, 10, 20], [13, 1, 14, 22], [11, 6, 12, 7], [5, 10, 6, 11], [15, 4, 16, 5], [21, 13, 22, 12], [7, 14, 8, 15], [1, 9, 2, 8]]"
11a_147_155,"[[1, 9, 2, 8], [17, 3, 18, 2], [19, 17, 20, 16], [3, 19, 4, 18], [9, 21, 10, 20], [13, 1, 14, 22], [11, 6, 12, 7], [5, 10, 6, 11], [15, 4, 16, 5], [21, 13, 22, 12], [7, 14, 8, 15]]"
11a_147_156,"[[7, 14, 8, 15], [1, 9, 2, 8], [17, 3, 18, 2], [19, 17, 20, 16], [3, 19, 4, 18], [9, 21, 10, 20], [13, 1, 14, 22], [11, 6, 12, 7], [5, 10, 6, 11], [15, 4, 16, 5], [21, 13, 22, 12]]"
11a_147_157,"[[21, 13, 22, 12], [7, 14, 8, 15], [1, 9, 2, 8], [17, 3, 18, 2], [19, 17, 20, 16], [3, 19, 4, 18], [9, 21, 10, 20], [13, 1, 14, 22], [11, 6, 12, 7], [5, 10, 6, 11], [15, 4, 16, 5]]"
11a_147_158,"[[15, 4, 16, 5], [21, 13, 22, 12], [7, 14, 8, 15], [1, 9, 2, 8], [17, 3, 18, 2], [19, 17, 20, 16], [3, 19, 4, 18], [9, 21, 10, 20], [13, 1, 14, 22], [11, 6, 12, 7], [5, 10, 6, 11]]"
11a_147_159,"[[5, 10, 6, 11], [15, 4, 16, 5], [21, 13, 22, 12], [7, 14, 8, 15], [1, 9, 2, 8], [17, 3, 18, 2], [19, 17, 20, 16], [3, 19, 4, 18], [9, 21, 10, 20], [13, 1, 14, 22], [11, 6, 12, 7]]"
11a_147_160,"[[11, 6, 12, 7], [5, 10, 6, 11], [15, 4, 16, 5], [21, 13, 22, 12], [7, 14, 8, 15], [1, 9, 2, 8], [17, 3, 18, 2], [19, 17, 20, 16], [3, 19, 4, 18], [9, 21, 10, 20], [13, 1, 14, 22]]"
11a_147_161,"[[13, 1, 14, 22], [11, 6, 12, 7], [5, 10, 6, 11], [15, 4, 16, 5], [21, 13, 22, 12], [7, 14, 8, 15], [1, 9, 2, 8], [17, 3, 18, 2], [19, 17, 20, 16], [3, 19, 4, 18], [9, 21, 10, 20]]"
11a_147_162,"[[9, 21, 10, 20], [13, 1, 14, 22], [11, 6, 12, 7], [5, 10, 6, 11], [15, 4, 16, 5], [21, 13, 22, 12], [7, 14, 8, 15], [1, 9, 2, 8], [17, 3, 18, 2], [19, 17, 20, 16], [3, 19, 4, 18]]"
11a_147_163,"[[3, 19, 4, 18], [9, 21, 10, 20], [13, 1, 14, 22], [11, 6, 12, 7], [5, 10, 6, 11], [15, 4, 16, 5], [21, 13, 22, 12], [7, 14, 8, 15], [1, 9, 2, 8], [17, 3, 18, 2], [19, 17, 20, 16]]"
11a_147_164,"[[19, 17, 20, 16], [3, 19, 4, 18], [9, 21, 10, 20], [13, 1, 14, 22], [11, 6, 12, 7], [5, 10, 6, 11], [15, 4, 16, 5], [21, 13, 22, 12], [7, 14, 8, 15], [1, 9, 2, 8], [17, 3, 18, 2]]"
11a_147_165,"[[18, 4, 19, 3], [20, 18, 21, 17], [4, 20, 5, 19], [10, 22, 11, 21], [14, 2, 15, 1], [12, 7, 13, 8], [6, 11, 7, 12], [16, 5, 17, 6], [22, 14, 1, 13], [8, 15, 9, 16], [2, 10, 3, 9]]"
11a_147_166,"[[2, 10, 3, 9], [18, 4, 19, 3], [20, 18, 21, 17], [4, 20, 5, 19], [10, 22, 11, 21], [14, 2, 15, 1], [12, 7, 13, 8], [6, 11, 7, 12], [16, 5, 17, 6], [22, 14, 1, 13], [8, 15, 9, 16]]"
11a_147_167,"[[8, 15, 9, 16], [2, 10, 3, 9], [18, 4, 19, 3], [20, 18, 21, 17], [4, 20, 5, 19], [10, 22, 11, 21], [14, 2, 15, 1], [12, 7, 13, 8], [6, 11, 7, 12], [16, 5, 17, 6], [22, 14, 1, 13]]"
11a_147_168,"[[22, 14, 1, 13], [8, 15, 9, 16], [2, 10, 3, 9], [18, 4, 19, 3], [20, 18, 21, 17], [4, 20, 5, 19], [10, 22, 11, 21], [14, 2, 15, 1], [12, 7, 13, 8], [6, 11, 7, 12], [16, 5, 17, 6]]"
11a_147_169,"[[16, 5, 17, 6], [22, 14, 1, 13], [8, 15, 9, 16], [2, 10, 3, 9], [18, 4, 19, 3], [20, 18, 21, 17], [4, 20, 5, 19], [10, 22, 11, 21], [14, 2, 15, 1], [12, 7, 13, 8], [6, 11, 7, 12]]"
11a_147_170,"[[6, 11, 7, 12], [16, 5, 17, 6], [22, 14, 1, 13], [8, 15, 9, 16], [2, 10, 3, 9], [18, 4, 19, 3], [20, 18, 21, 17], [4, 20, 5, 19], [10, 22, 11, 21], [14, 2, 15, 1], [12, 7, 13, 8]]"
11a_147_171,"[[12, 7, 13, 8], [6, 11, 7, 12], [16, 5, 17, 6], [22, 14, 1, 13], [8, 15, 9, 16], [2, 10, 3, 9], [18, 4, 19, 3], [20, 18, 21, 17], [4, 20, 5, 19], [10, 22, 11, 21], [14, 2, 15, 1]]"
11a_147_172,"[[14, 2, 15, 1], [12, 7, 13, 8], [6, 11, 7, 12], [16, 5, 17, 6], [22, 14, 1, 13], [8, 15, 9, 16], [2, 10, 3, 9], [18, 4, 19, 3], [20, 18, 21, 17], [4, 20, 5, 19], [10, 22, 11, 21]]"
11a_147_173,"[[10, 22, 11, 21], [14, 2, 15, 1], [12, 7, 13, 8], [6, 11, 7, 12], [16, 5, 17, 6], [22, 14, 1, 13], [8, 15, 9, 16], [2, 10, 3, 9], [18, 4, 19, 3], [20, 18, 21, 17], [4, 20, 5, 19]]"
11a_147_174,"[[4, 20, 5, 19], [10, 22, 11, 21], [14, 2, 15, 1], [12, 7, 13, 8], [6, 11, 7, 12], [16, 5, 17, 6], [22, 14, 1, 13], [8, 15, 9, 16], [2, 10, 3, 9], [18, 4, 19, 3], [20, 18, 21, 17]]"
11a_147_175,"[[20, 18, 21, 17], [4, 20, 5, 19], [10, 22, 11, 21], [14, 2, 15, 1], [12, 7, 13, 8], [6, 11, 7, 12], [16, 5, 17, 6], [22, 14, 1, 13], [8, 15, 9, 16], [2, 10, 3, 9], [18, 4, 19, 3]]"
11a_147_176,"[[19, 5, 20, 4], [21, 19, 22, 18], [5, 21, 6, 20], [11, 1, 12, 22], [15, 3, 16, 2], [13, 8, 14, 9], [7, 12, 8, 13], [17, 6, 18, 7], [1, 15, 2, 14], [9, 16, 10, 17], [3, 11, 4, 10]]"
11a_147_177,"[[3, 11, 4, 10], [19, 5, 20, 4], [21, 19, 22, 18], [5, 21, 6, 20], [11, 1, 12, 22], [15, 3, 16, 2], [13, 8, 14, 9], [7, 12, 8, 13], [17, 6, 18, 7], [1, 15, 2, 14], [9, 16, 10, 17]]"
11a_147_178,"[[9, 16, 10, 17], [3, 11, 4, 10], [19, 5, 20, 4], [21, 19, 22, 18], [5, 21, 6, 20], [11, 1, 12, 22], [15, 3, 16, 2], [13, 8, 14, 9], [7, 12, 8, 13], [17, 6, 18, 7], [1, 15, 2, 14]]"
11a_147_179,"[[1, 15, 2, 14], [9, 16, 10, 17], [3, 11, 4, 10], [19, 5, 20, 4], [21, 19, 22, 18], [5, 21, 6, 20], [11, 1, 12, 22], [15, 3, 16, 2], [13, 8, 14, 9], [7, 12, 8, 13], [17, 6, 18, 7]]"
11a_147_180,"[[17, 6, 18, 7], [1, 15, 2, 14], [9, 16, 10, 17], [3, 11, 4, 10], [19, 5, 20, 4], [21, 19, 22, 18], [5, 21, 6, 20], [11, 1, 12, 22], [15, 3, 16, 2], [13, 8, 14, 9], [7, 12, 8, 13]]"
11a_147_181,"[[7, 12, 8, 13], [17, 6, 18, 7], [1, 15, 2, 14], [9, 16, 10, 17], [3, 11, 4, 10], [19, 5, 20, 4], [21, 19, 22, 18], [5, 21, 6, 20], [11, 1, 12, 22], [15, 3, 16, 2], [13, 8, 14, 9]]"
11a_147_182,"[[13, 8, 14, 9], [7, 12, 8, 13], [17, 6, 18, 7], [1, 15, 2, 14], [9, 16, 10, 17], [3, 11, 4, 10], [19, 5, 20, 4], [21, 19, 22, 18], [5, 21, 6, 20], [11, 1, 12, 22], [15, 3, 16, 2]]"
11a_147_183,"[[15, 3, 16, 2], [13, 8, 14, 9], [7, 12, 8, 13], [17, 6, 18, 7], [1, 15, 2, 14], [9, 16, 10, 17], [3, 11, 4, 10], [19, 5, 20, 4], [21, 19, 22, 18], [5, 21, 6, 20], [11, 1, 12, 22]]"
11a_147_184,"[[11, 1, 12, 22], [15, 3, 16, 2], [13, 8, 14, 9], [7, 12, 8, 13], [17, 6, 18, 7], [1, 15, 2, 14], [9, 16, 10, 17], [3, 11, 4, 10], [19, 5, 20, 4], [21, 19, 22, 18], [5, 21, 6, 20]]"
11a_147_185,"[[5, 21, 6, 20], [11, 1, 12, 22], [15, 3, 16, 2], [13, 8, 14, 9], [7, 12, 8, 13], [17, 6, 18, 7], [1, 15, 2, 14], [9, 16, 10, 17], [3, 11, 4, 10], [19, 5, 20, 4], [21, 19, 22, 18]]"
11a_147_186,"[[21, 19, 22, 18], [5, 21, 6, 20], [11, 1, 12, 22], [15, 3, 16, 2], [13, 8, 14, 9], [7, 12, 8, 13], [17, 6, 18, 7], [1, 15, 2, 14], [9, 16, 10, 17], [3, 11, 4, 10], [19, 5, 20, 4]]"
11a_147_187,"[[20, 6, 21, 5], [22, 20, 1, 19], [6, 22, 7, 21], [12, 2, 13, 1], [16, 4, 17, 3], [14, 9, 15, 10], [8, 13, 9, 14], [18, 7, 19, 8], [2, 16, 3, 15], [10, 17, 11, 18], [4, 12, 5, 11]]"
11a_147_188,"[[4, 12, 5, 11], [20, 6, 21, 5], [22, 20, 1, 19], [6, 22, 7, 21], [12, 2, 13, 1], [16, 4, 17, 3], [14, 9, 15, 10], [8, 13, 9, 14], [18, 7, 19, 8], [2, 16, 3, 15], [10, 17, 11, 18]]"
11a_147_189,"[[10, 17, 11, 18], [4, 12, 5, 11], [20, 6, 21, 5], [22, 20, 1, 19], [6, 22, 7, 21], [12, 2, 13, 1], [16, 4, 17, 3], [14, 9, 15, 10], [8, 13, 9, 14], [18, 7, 19, 8], [2, 16, 3, 15]]"
11a_147_190,"[[2, 16, 3, 15], [10, 17, 11, 18], [4, 12, 5, 11], [20, 6, 21, 5], [22, 20, 1, 19], [6, 22, 7, 21], [12, 2, 13, 1], [16, 4, 17, 3], [14, 9, 15, 10], [8, 13, 9, 14], [18, 7, 19, 8]]"
11a_147_191,"[[18, 7, 19, 8], [2, 16, 3, 15], [10, 17, 11, 18], [4, 12, 5, 11], [20, 6, 21, 5], [22, 20, 1, 19], [6, 22, 7, 21], [12, 2, 13, 1], [16, 4, 17, 3], [14, 9, 15, 10], [8, 13, 9, 14]]"
11a_147_192,"[[8, 13, 9, 14], [18, 7, 19, 8], [2, 16, 3, 15], [10, 17, 11, 18], [4, 12, 5, 11], [20, 6, 21, 5], [22, 20, 1, 19], [6, 22, 7, 21], [12, 2, 13, 1], [16, 4, 17, 3], [14, 9, 15, 10]]"
11a_147_193,"[[14, 9, 15, 10], [8, 13, 9, 14], [18, 7, 19, 8], [2, 16, 3, 15], [10, 17, 11, 18], [4, 12, 5, 11], [20, 6, 21, 5], [22, 20, 1, 19], [6, 22, 7, 21], [12, 2, 13, 1], [16, 4, 17, 3]]"
11a_147_194,"[[16, 4, 17, 3], [14, 9, 15, 10], [8, 13, 9, 14], [18, 7, 19, 8], [2, 16, 3, 15], [10, 17, 11, 18], [4, 12, 5, 11], [20, 6, 21, 5], [22, 20, 1, 19], [6, 22, 7, 21], [12, 2, 13, 1]]"
11a_147_195,"[[12, 2, 13, 1], [16, 4, 17, 3], [14, 9, 15, 10], [8, 13, 9, 14], [18, 7, 19, 8], [2, 16, 3, 15], [10, 17, 11, 18], [4, 12, 5, 11], [20, 6, 21, 5], [22, 20, 1, 19], [6, 22, 7, 21]]"
11a_147_196,"[[6, 22, 7, 21], [12, 2, 13, 1], [16, 4, 17, 3], [14, 9, 15, 10], [8, 13, 9, 14], [18, 7, 19, 8], [2, 16, 3, 15], [10, 17, 11, 18], [4, 12, 5, 11], [20, 6, 21, 5], [22, 20, 1, 19]]"
11a_147_197,"[[22, 20, 1, 19], [6, 22, 7, 21], [12, 2, 13, 1], [16, 4, 17, 3], [14, 9, 15, 10], [8, 13, 9, 14], [18, 7, 19, 8], [2, 16, 3, 15], [10, 17, 11, 18], [4, 12, 5, 11], [20, 6, 21, 5]]"
11a_147_198,"[[21, 7, 22, 6], [1, 21, 2, 20], [7, 1, 8, 22], [13, 3, 14, 2], [17, 5, 18, 4], [15, 10, 16, 11], [9, 14, 10, 15], [19, 8, 20, 9], [3, 17, 4, 16], [11, 18, 12, 19], [5, 13, 6, 12]]"
11a_147_199,"[[5, 13, 6, 12], [21, 7, 22, 6], [1, 21, 2, 20], [7, 1, 8, 22], [13, 3, 14, 2], [17, 5, 18, 4], [15, 10, 16, 11], [9, 14, 10, 15], [19, 8, 20, 9], [3, 17, 4, 16], [11, 18, 12, 19]]"
11a_147_200,"[[11, 18, 12, 19], [5, 13, 6, 12], [21, 7, 22, 6], [1, 21, 2, 20], [7, 1, 8, 22], [13, 3, 14, 2], [17, 5, 18, 4], [15, 10, 16, 11], [9, 14, 10, 15], [19, 8, 20, 9], [3, 17, 4, 16]]"
11a_147_201,"[[3, 17, 4, 16], [11, 18, 12, 19], [5, 13, 6, 12], [21, 7, 22, 6], [1, 21, 2, 20], [7, 1, 8, 22], [13, 3, 14, 2], [17, 5, 18, 4], [15, 10, 16, 11], [9, 14, 10, 15], [19, 8, 20, 9]]"
11a_147_202,"[[19, 8, 20, 9], [3, 17, 4, 16], [11, 18, 12, 19], [5, 13, 6, 12], [21, 7, 22, 6], [1, 21, 2, 20], [7, 1, 8, 22], [13, 3, 14, 2], [17, 5, 18, 4], [15, 10, 16, 11], [9, 14, 10, 15]]"
11a_147_203,"[[9, 14, 10, 15], [19, 8, 20, 9], [3, 17, 4, 16], [11, 18, 12, 19], [5, 13, 6, 12], [21, 7, 22, 6], [1, 21, 2, 20], [7, 1, 8, 22], [13, 3, 14, 2], [17, 5, 18, 4], [15, 10, 16, 11]]"
