name,pd_notation
11a_260_0,"[[5, 15, 6, 14], [7, 3, 8, 2], [9, 5, 10, 4], [15, 7, 16, 6], [21, 11, 22, 10], [1, 16, 2, 17], [17, 22, 18, 1], [19, 13, 20, 12], [13, 19, 14, 18], [11, 21, 12, 20], [3, 9, 4, 8]]"
11a_260_1,"[[3, 9, 4, 8], [5, 15, 6, 14], [7, 3, 8, 2], [9, 5, 10, 4], [15, 7, 16, 6], [21, 11, 22, 10], [1, 16, 2, 17], [17, 22, 18, 1], [19, 13, 20, 12], [13, 19, 14, 18], [11, 21, 12, 20]]"
11a_260_2,"[[11, 21, 12, 20], [3, 9, 4, 8], [5, 15, 6, 14], [7, 3, 8, 2], [9, 5, 10, 4], [15, 7, 16, 6], [21, 11, 22, 10], [1, 16, 2, 17], [17, 22, 18, 1], [19, 13, 20, 12], [13, 19, 14, 18]]"
11a_260_3,"[[13, 19, 14, 18], [11, 21, 12, 20], [3, 9, 4, 8], [5, 15, 6, 14], [7, 3, 8, 2], [9, 5, 10, 4], [15, 7, 16, 6], [21, 11, 22, 10], [1, 16, 2, 17], [17, 22, 18, 1], [19, 13, 20, 12]]"
11a_260_4,"[[19, 13, 20, 12], [13, 19, 14, 18], [11, 21, 12, 20], [3, 9, 4, 8], [5, 15, 6, 14], [7, 3, 8, 2], [9, 5, 10, 4], [15, 7, 16, 6], [21, 11, 22, 10], [1, 16, 2, 17], [17, 22, 18, 1]]"
11a_260_5,"[[17, 22, 18, 1], [19, 13, 20, 12], [13, 19, 14, 18], [11, 21, 12, 20], [3, 9, 4, 8], [5, 15, 6, 14], [7, 3, 8, 2], [9, 5, 10, 4], [15, 7, 16, 6], [21, 11, 22, 10], [1, 16, 2, 17]]"
11a_260_6,"[[1, 16, 2, 17], [17, 22, 18, 1], [19, 13, 20, 12], [13, 19, 14, 18], [11, 21, 12, 20], [3, 9, 4, 8], [5, 15, 6, 14], [7, 3, 8, 2], [9, 5, 10, 4], [15, 7, 16, 6], [21, 11, 22, 10]]"
11a_260_7,"[[21, 11, 22, 10], [1, 16, 2, 17], [17, 22, 18, 1], [19, 13, 20, 12], [13, 19, 14, 18], [11, 21, 12, 20], [3, 9, 4, 8], [5, 15, 6, 14], [7, 3, 8, 2], [9, 5, 10, 4], [15, 7, 16, 6]]"
11a_260_8,"[[15, 7, 16, 6], [21, 11, 22, 10], [1, 16, 2, 17], [17, 22, 18, 1], [19, 13, 20, 12], [13, 19, 14, 18], [11, 21, 12, 20], [3, 9, 4, 8], [5, 15, 6, 14], [7, 3, 8, 2], [9, 5, 10, 4]]"
11a_260_9,"[[9, 5, 10, 4], [15, 7, 16, 6], [21, 11, 22, 10], [1, 16, 2, 17], [17, 22, 18, 1], [19, 13, 20, 12], [13, 19, 14, 18], [11, 21, 12, 20], [3, 9, 4, 8], [5, 15, 6, 14], [7, 3, 8, 2]]"
11a_260_10,"[[7, 3, 8, 2], [9, 5, 10, 4], [15, 7, 16, 6], [21, 11, 22, 10], [1, 16, 2, 17], [17, 22, 18, 1], [19, 13, 20, 12], [13, 19, 14, 18], [11, 21, 12, 20], [3, 9, 4, 8], [5, 15, 6, 14]]"
11a_260_11,"[[6, 16, 7, 15], [8, 4, 9, 3], [10, 6, 11, 5], [16, 8, 17, 7], [22, 12, 1, 11], [2, 17, 3, 18], [18, 1, 19, 2], [20, 14, 21, 13], [14, 20, 15, 19], [12, 22, 13, 21], [4, 10, 5, 9]]"
11a_260_12,"[[4, 10, 5, 9], [6, 16, 7, 15], [8, 4, 9, 3], [10, 6, 11, 5], [16, 8, 17, 7], [22, 12, 1, 11], [2, 17, 3, 18], [18, 1, 19, 2], [20, 14, 21, 13], [14, 20, 15, 19], [12, 22, 13, 21]]"
11a_260_13,"[[12, 22, 13, 21], [4, 10, 5, 9], [6, 16, 7, 15], [8, 4, 9, 3], [10, 6, 11, 5], [16, 8, 17, 7], [22, 12, 1, 11], [2, 17, 3, 18], [18, 1, 19, 2], [20, 14, 21, 13], [14, 20, 15, 19]]"
11a_260_14,"[[14, 20, 15, 19], [12, 22, 13, 21], [4, 10, 5, 9], [6, 16, 7, 15], [8, 4, 9, 3], [10, 6, 11, 5], [16, 8, 17, 7], [22, 12, 1, 11], [2, 17, 3, 18], [18, 1, 19, 2], [20, 14, 21, 13]]"
11a_260_15,"[[20, 14, 21, 13], [14, 20, 15, 19], [12, 22, 13, 21], [4, 10, 5, 9], [6, 16, 7, 15], [8, 4, 9, 3], [10, 6, 11, 5], [16, 8, 17, 7], [22, 12, 1, 11], [2, 17, 3, 18], [18, 1, 19, 2]]"
11a_260_16,"[[18, 1, 19, 2], [20, 14, 21, 13], [14, 20, 15, 19], [12, 22, 13, 21], [4, 10, 5, 9], [6, 16, 7, 15], [8, 4, 9, 3], [10, 6, 11, 5], [16, 8, 17, 7], [22, 12, 1, 11], [2, 17, 3, 18]]"
11a_260_17,"[[2, 17, 3, 18], [18, 1, 19, 2], [20, 14, 21, 13], [14, 20, 15, 19], [12, 22, 13, 21], [4, 10, 5, 9], [6, 16, 7, 15], [8, 4, 9, 3], [10, 6, 11, 5], [16, 8, 17, 7], [22, 12, 1, 11]]"
11a_260_18,"[[22, 12, 1, 11], [2, 17, 3, 18], [18, 1, 19, 2], [20, 14, 21, 13], [14, 20, 15, 19], [12, 22, 13, 21], [4, 10, 5, 9], [6, 16, 7, 15], [8, 4, 9, 3], [10, 6, 11, 5], [16, 8, 17, 7]]"
11a_260_19,"[[16, 8, 17, 7], [22, 12, 1, 11], [2, 17, 3, 18], [18, 1, 19, 2], [20, 14, 21, 13], [14, 20, 15, 19], [12, 22, 13, 21], [4, 10, 5, 9], [6, 16, 7, 15], [8, 4, 9, 3], [10, 6, 11, 5]]"
11a_260_20,"[[10, 6, 11, 5], [16, 8, 17, 7], [22, 12, 1, 11], [2, 17, 3, 18], [18, 1, 19, 2], [20, 14, 21, 13], [14, 20, 15, 19], [12, 22, 13, 21], [4, 10, 5, 9], [6, 16, 7, 15], [8, 4, 9, 3]]"
11a_260_21,"[[8, 4, 9, 3], [10, 6, 11, 5], [16, 8, 17, 7], [22, 12, 1, 11], [2, 17, 3, 18], [18, 1, 19, 2], [20, 14, 21, 13], [14, 20, 15, 19], [12, 22, 13, 21], [4, 10, 5, 9], [6, 16, 7, 15]]"
11a_260_22,"[[7, 17, 8, 16], [9, 5, 10, 4], [11, 7, 12, 6], [17, 9, 18, 8], [1, 13, 2, 12], [3, 18, 4, 19], [19, 2, 20, 3], [21, 15, 22, 14], [15, 21, 16, 20], [13, 1, 14, 22], [5, 11, 6, 10]]"
11a_260_23,"[[5, 11, 6, 10], [7, 17, 8, 16], [9, 5, 10, 4], [11, 7, 12, 6], [17, 9, 18, 8], [1, 13, 2, 12], [3, 18, 4, 19], [19, 2, 20, 3], [21, 15, 22, 14], [15, 21, 16, 20], [13, 1, 14, 22]]"
11a_260_24,"[[13, 1, 14, 22], [5, 11, 6, 10], [7, 17, 8, 16], [9, 5, 10, 4], [11, 7, 12, 6], [17, 9, 18, 8], [1, 13, 2, 12], [3, 18, 4, 19], [19, 2, 20, 3], [21, 15, 22, 14], [15, 21, 16, 20]]"
11a_260_25,"[[15, 21, 16, 20], [13, 1, 14, 22], [5, 11, 6, 10], [7, 17, 8, 16], [9, 5, 10, 4], [11, 7, 12, 6], [17, 9, 18, 8], [1, 13, 2, 12], [3, 18, 4, 19], [19, 2, 20, 3], [21, 15, 22, 14]]"
11a_260_26,"[[21, 15, 22, 14], [15, 21, 16, 20], [13, 1, 14, 22], [5, 11, 6, 10], [7, 17, 8, 16], [9, 5, 10, 4], [11, 7, 12, 6], [17, 9, 18, 8], [1, 13, 2, 12], [3, 18, 4, 19], [19, 2, 20, 3]]"
11a_260_27,"[[19, 2, 20, 3], [21, 15, 22, 14], [15, 21, 16, 20], [13, 1, 14, 22], [5, 11, 6, 10], [7, 17, 8, 16], [9, 5, 10, 4], [11, 7, 12, 6], [17, 9, 18, 8], [1, 13, 2, 12], [3, 18, 4, 19]]"
11a_260_28,"[[3, 18, 4, 19], [19, 2, 20, 3], [21, 15, 22, 14], [15, 21, 16, 20], [13, 1, 14, 22], [5, 11, 6, 10], [7, 17, 8, 16], [9, 5, 10, 4], [11, 7, 12, 6], [17, 9, 18, 8], [1, 13, 2, 12]]"
11a_260_29,"[[1, 13, 2, 12], [3, 18, 4, 19], [19, 2, 20, 3], [21, 15, 22, 14], [15, 21, 16, 20], [13, 1, 14, 22], [5, 11, 6, 10], [7, 17, 8, 16], [9, 5, 10, 4], [11, 7, 12, 6], [17, 9, 18, 8]]"
11a_260_30,"[[17, 9, 18, 8], [1, 13, 2, 12], [3, 18, 4, 19], [19, 2, 20, 3], [21, 15, 22, 14], [15, 21, 16, 20], [13, 1, 14, 22], [5, 11, 6, 10], [7, 17, 8, 16], [9, 5, 10, 4], [11, 7, 12, 6]]"
11a_260_31,"[[11, 7, 12, 6], [17, 9, 18, 8], [1, 13, 2, 12], [3, 18, 4, 19], [19, 2, 20, 3], [21, 15, 22, 14], [15, 21, 16, 20], [13, 1, 14, 22], [5, 11, 6, 10], [7, 17, 8, 16], [9, 5, 10, 4]]"
11a_260_32,"[[9, 5, 10, 4], [11, 7, 12, 6], [17, 9, 18, 8], [1, 13, 2, 12], [3, 18, 4, 19], [19, 2, 20, 3], [21, 15, 22, 14], [15, 21, 16, 20], [13, 1, 14, 22], [5, 11, 6, 10], [7, 17, 8, 16]]"
11a_260_33,"[[8, 18, 9, 17], [10, 6, 11, 5], [12, 8, 13, 7], [18, 10, 19, 9], [2, 14, 3, 13], [4, 19, 5, 20], [20, 3, 21, 4], [22, 16, 1, 15], [16, 22, 17, 21], [14, 2, 15, 1], [6, 12, 7, 11]]"
11a_260_34,"[[6, 12, 7, 11], [8, 18, 9, 17], [10, 6, 11, 5], [12, 8, 13, 7], [18, 10, 19, 9], [2, 14, 3, 13], [4, 19, 5, 20], [20, 3, 21, 4], [22, 16, 1, 15], [16, 22, 17, 21], [14, 2, 15, 1]]"
11a_260_35,"[[14, 2, 15, 1], [6, 12, 7, 11], [8, 18, 9, 17], [10, 6, 11, 5], [12, 8, 13, 7], [18, 10, 19, 9], [2, 14, 3, 13], [4, 19, 5, 20], [20, 3, 21, 4], [22, 16, 1, 15], [16, 22, 17, 21]]"
11a_260_36,"[[16, 22, 17, 21], [14, 2, 15, 1], [6, 12, 7, 11], [8, 18, 9, 17], [10, 6, 11, 5], [12, 8, 13, 7], [18, 10, 19, 9], [2, 14, 3, 13], [4, 19, 5, 20], [20, 3, 21, 4], [22, 16, 1, 15]]"
11a_260_37,"[[22, 16, 1, 15], [16, 22, 17, 21], [14, 2, 15, 1], [6, 12, 7, 11], [8, 18, 9, 17], [10, 6, 11, 5], [12, 8, 13, 7], [18, 10, 19, 9], [2, 14, 3, 13], [4, 19, 5, 20], [20, 3, 21, 4]]"
11a_260_38,"[[20, 3, 21, 4], [22, 16, 1, 15], [16, 22, 17, 21], [14, 2, 15, 1], [6, 12, 7, 11], [8, 18, 9, 17], [10, 6, 11, 5], [12, 8, 13, 7], [18, 10, 19, 9], [2, 14, 3, 13], [4, 19, 5, 20]]"
11a_260_39,"[[4, 19, 5, 20], [20, 3, 21, 4], [22, 16, 1, 15], [16, 22, 17, 21], [14, 2, 15, 1], [6, 12, 7, 11], [8, 18, 9, 17], [10, 6, 11, 5], [12, 8, 13, 7], [18, 10, 19, 9], [2, 14, 3, 13]]"
11a_260_40,"[[2, 14, 3, 13], [4, 19, 5, 20], [20, 3, 21, 4], [22, 16, 1, 15], [16, 22, 17, 21], [14, 2, 15, 1], [6, 12, 7, 11], [8, 18, 9, 17], [10, 6, 11, 5], [12, 8, 13, 7], [18, 10, 19, 9]]"
11a_260_41,"[[18, 10, 19, 9], [2, 14, 3, 13], [4, 19, 5, 20], [20, 3, 21, 4], [22, 16, 1, 15], [16, 22, 17, 21], [14, 2, 15, 1], [6, 12, 7, 11], [8, 18, 9, 17], [10, 6, 11, 5], [12, 8, 13, 7]]"
11a_260_42,"[[12, 8, 13, 7], [18, 10, 19, 9], [2, 14, 3, 13], [4, 19, 5, 20], [20, 3, 21, 4], [22, 16, 1, 15], [16, 22, 17, 21], [14, 2, 15, 1], [6, 12, 7, 11], [8, 18, 9, 17], [10, 6, 11, 5]]"
11a_260_43,"[[10, 6, 11, 5], [12, 8, 13, 7], [18, 10, 19, 9], [2, 14, 3, 13], [4, 19, 5, 20], [20, 3, 21, 4], [22, 16, 1, 15], [16, 22, 17, 21], [14, 2, 15, 1], [6, 12, 7, 11], [8, 18, 9, 17]]"
11a_260_44,"[[9, 19, 10, 18], [11, 7, 12, 6], [13, 9, 14, 8], [19, 11, 20, 10], [3, 15, 4, 14], [5, 20, 6, 21], [21, 4, 22, 5], [1, 17, 2, 16], [17, 1, 18, 22], [15, 3, 16, 2], [7, 13, 8, 12]]"
11a_260_45,"[[7, 13, 8, 12], [9, 19, 10, 18], [11, 7, 12, 6], [13, 9, 14, 8], [19, 11, 20, 10], [3, 15, 4, 14], [5, 20, 6, 21], [21, 4, 22, 5], [1, 17, 2, 16], [17, 1, 18, 22], [15, 3, 16, 2]]"
11a_260_46,"[[15, 3, 16, 2], [7, 13, 8, 12], [9, 19, 10, 18], [11, 7, 12, 6], [13, 9, 14, 8], [19, 11, 20, 10], [3, 15, 4, 14], [5, 20, 6, 21], [21, 4, 22, 5], [1, 17, 2, 16], [17, 1, 18, 22]]"
11a_260_47,"[[17, 1, 18, 22], [15, 3, 16, 2], [7, 13, 8, 12], [9, 19, 10, 18], [11, 7, 12, 6], [13, 9, 14, 8], [19, 11, 20, 10], [3, 15, 4, 14], [5, 20, 6, 21], [21, 4, 22, 5], [1, 17, 2, 16]]"
11a_260_48,"[[1, 17, 2, 16], [17, 1, 18, 22], [15, 3, 16, 2], [7, 13, 8, 12], [9, 19, 10, 18], [11, 7, 12, 6], [13, 9, 14, 8], [19, 11, 20, 10], [3, 15, 4, 14], [5, 20, 6, 21], [21, 4, 22, 5]]"
11a_260_49,"[[21, 4, 22, 5], [1, 17, 2, 16], [17, 1, 18, 22], [15, 3, 16, 2], [7, 13, 8, 12], [9, 19, 10, 18], [11, 7, 12, 6], [13, 9, 14, 8], [19, 11, 20, 10], [3, 15, 4, 14], [5, 20, 6, 21]]"
11a_260_50,"[[5, 20, 6, 21], [21, 4, 22, 5], [1, 17, 2, 16], [17, 1, 18, 22], [15, 3, 16, 2], [7, 13, 8, 12], [9, 19, 10, 18], [11, 7, 12, 6], [13, 9, 14, 8], [19, 11, 20, 10], [3, 15, 4, 14]]"
11a_260_51,"[[3, 15, 4, 14], [5, 20, 6, 21], [21, 4, 22, 5], [1, 17, 2, 16], [17, 1, 18, 22], [15, 3, 16, 2], [7, 13, 8, 12], [9, 19, 10, 18], [11, 7, 12, 6], [13, 9, 14, 8], [19, 11, 20, 10]]"
11a_260_52,"[[19, 11, 20, 10], [3, 15, 4, 14], [5, 20, 6, 21], [21, 4, 22, 5], [1, 17, 2, 16], [17, 1, 18, 22], [15, 3, 16, 2], [7, 13, 8, 12], [9, 19, 10, 18], [11, 7, 12, 6], [13, 9, 14, 8]]"
11a_260_53,"[[13, 9, 14, 8], [19, 11, 20, 10], [3, 15, 4, 14], [5, 20, 6, 21], [21, 4, 22, 5], [1, 17, 2, 16], [17, 1, 18, 22], [15, 3, 16, 2], [7, 13, 8, 12], [9, 19, 10, 18], [11, 7, 12, 6]]"
11a_260_54,"[[11, 7, 12, 6], [13, 9, 14, 8], [19, 11, 20, 10], [3, 15, 4, 14], [5, 20, 6, 21], [21, 4, 22, 5], [1, 17, 2, 16], [17, 1, 18, 22], [15, 3, 16, 2], [7, 13, 8, 12], [9, 19, 10, 18]]"
11a_260_55,"[[10, 20, 11, 19], [12, 8, 13, 7], [14, 10, 15, 9], [20, 12, 21, 11], [4, 16, 5, 15], [6, 21, 7, 22], [22, 5, 1, 6], [2, 18, 3, 17], [18, 2, 19, 1], [16, 4, 17, 3], [8, 14, 9, 13]]"
11a_260_56,"[[8, 14, 9, 13], [10, 20, 11, 19], [12, 8, 13, 7], [14, 10, 15, 9], [20, 12, 21, 11], [4, 16, 5, 15], [6, 21, 7, 22], [22, 5, 1, 6], [2, 18, 3, 17], [18, 2, 19, 1], [16, 4, 17, 3]]"
11a_260_57,"[[16, 4, 17, 3], [8, 14, 9, 13], [10, 20, 11, 19], [12, 8, 13, 7], [14, 10, 15, 9], [20, 12, 21, 11], [4, 16, 5, 15], [6, 21, 7, 22], [22, 5, 1, 6], [2, 18, 3, 17], [18, 2, 19, 1]]"
11a_260_58,"[[18, 2, 19, 1], [16, 4, 17, 3], [8, 14, 9, 13], [10, 20, 11, 19], [12, 8, 13, 7], [14, 10, 15, 9], [20, 12, 21, 11], [4, 16, 5, 15], [6, 21, 7, 22], [22, 5, 1, 6], [2, 18, 3, 17]]"
11a_260_59,"[[2, 18, 3, 17], [18, 2, 19, 1], [16, 4, 17, 3], [8, 14, 9, 13], [10, 20, 11, 19], [12, 8, 13, 7], [14, 10, 15, 9], [20, 12, 21, 11], [4, 16, 5, 15], [6, 21, 7, 22], [22, 5, 1, 6]]"
11a_260_60,"[[22, 5, 1, 6], [2, 18, 3, 17], [18, 2, 19, 1], [16, 4, 17, 3], [8, 14, 9, 13], [10, 20, 11, 19], [12, 8, 13, 7], [14, 10, 15, 9], [20, 12, 21, 11], [4, 16, 5, 15], [6, 21, 7, 22]]"
11a_260_61,"[[6, 21, 7, 22], [22, 5, 1, 6], [2, 18, 3, 17], [18, 2, 19, 1], [16, 4, 17, 3], [8, 14, 9, 13], [10, 20, 11, 19], [12, 8, 13, 7], [14, 10, 15, 9], [20, 12, 21, 11], [4, 16, 5, 15]]"
11a_260_62,"[[4, 16, 5, 15], [6, 21, 7, 22], [22, 5, 1, 6], [2, 18, 3, 17], [18, 2, 19, 1], [16, 4, 17, 3], [8, 14, 9, 13], [10, 20, 11, 19], [12, 8, 13, 7], [14, 10, 15, 9], [20, 12, 21, 11]]"
11a_260_63,"[[20, 12, 21, 11], [4, 16, 5, 15], [6, 21, 7, 22], [22, 5, 1, 6], [2, 18, 3, 17], [18, 2, 19, 1], [16, 4, 17, 3], [8, 14, 9, 13], [10, 20, 11, 19], [12, 8, 13, 7], [14, 10, 15, 9]]"
11a_260_64,"[[14, 10, 15, 9], [20, 12, 21, 11], [4, 16, 5, 15], [6, 21, 7, 22], [22, 5, 1, 6], [2, 18, 3, 17], [18, 2, 19, 1], [16, 4, 17, 3], [8, 14, 9, 13], [10, 20, 11, 19], [12, 8, 13, 7]]"
11a_260_65,"[[12, 8, 13, 7], [14, 10, 15, 9], [20, 12, 21, 11], [4, 16, 5, 15], [6, 21, 7, 22], [22, 5, 1, 6], [2, 18, 3, 17], [18, 2, 19, 1], [16, 4, 17, 3], [8, 14, 9, 13], [10, 20, 11, 19]]"
11a_260_66,"[[11, 21, 12, 20], [13, 9, 14, 8], [15, 11, 16, 10], [21, 13, 22, 12], [5, 17, 6, 16], [7, 22, 8, 1], [1, 6, 2, 7], [3, 19, 4, 18], [19, 3, 20, 2], [17, 5, 18, 4], [9, 15, 10, 14]]"
11a_260_67,"[[9, 15, 10, 14], [11, 21, 12, 20], [13, 9, 14, 8], [15, 11, 16, 10], [21, 13, 22, 12], [5, 17, 6, 16], [7, 22, 8, 1], [1, 6, 2, 7], [3, 19, 4, 18], [19, 3, 20, 2], [17, 5, 18, 4]]"
11a_260_68,"[[17, 5, 18, 4], [9, 15, 10, 14], [11, 21, 12, 20], [13, 9, 14, 8], [15, 11, 16, 10], [21, 13, 22, 12], [5, 17, 6, 16], [7, 22, 8, 1], [1, 6, 2, 7], [3, 19, 4, 18], [19, 3, 20, 2]]"
11a_260_69,"[[19, 3, 20, 2], [17, 5, 18, 4], [9, 15, 10, 14], [11, 21, 12, 20], [13, 9, 14, 8], [15, 11, 16, 10], [21, 13, 22, 12], [5, 17, 6, 16], [7, 22, 8, 1], [1, 6, 2, 7], [3, 19, 4, 18]]"
11a_260_70,"[[3, 19, 4, 18], [19, 3, 20, 2], [17, 5, 18, 4], [9, 15, 10, 14], [11, 21, 12, 20], [13, 9, 14, 8], [15, 11, 16, 10], [21, 13, 22, 12], [5, 17, 6, 16], [7, 22, 8, 1], [1, 6, 2, 7]]"
11a_260_71,"[[1, 6, 2, 7], [3, 19, 4, 18], [19, 3, 20, 2], [17, 5, 18, 4], [9, 15, 10, 14], [11, 21, 12, 20], [13, 9, 14, 8], [15, 11, 16, 10], [21, 13, 22, 12], [5, 17, 6, 16], [7, 22, 8, 1]]"
11a_260_72,"[[7, 22, 8, 1], [1, 6, 2, 7], [3, 19, 4, 18], [19, 3, 20, 2], [17, 5, 18, 4], [9, 15, 10, 14], [11, 21, 12, 20], [13, 9, 14, 8], [15, 11, 16, 10], [21, 13, 22, 12], [5, 17, 6, 16]]"
11a_260_73,"[[5, 17, 6, 16], [7, 22, 8, 1], [1, 6, 2, 7], [3, 19, 4, 18], [19, 3, 20, 2], [17, 5, 18, 4], [9, 15, 10, 14], [11, 21, 12, 20], [13, 9, 14, 8], [15, 11, 16, 10], [21, 13, 22, 12]]"
11a_260_74,"[[21, 13, 22, 12], [5, 17, 6, 16], [7, 22, 8, 1], [1, 6, 2, 7], [3, 19, 4, 18], [19, 3, 20, 2], [17, 5, 18, 4], [9, 15, 10, 14], [11, 21, 12, 20], [13, 9, 14, 8], [15, 11, 16, 10]]"
11a_260_75,"[[15, 11, 16, 10], [21, 13, 22, 12], [5, 17, 6, 16], [7, 22, 8, 1], [1, 6, 2, 7], [3, 19, 4, 18], [19, 3, 20, 2], [17, 5, 18, 4], [9, 15, 10, 14], [11, 21, 12, 20], [13, 9, 14, 8]]"
11a_260_76,"[[13, 9, 14, 8], [15, 11, 16, 10], [21, 13, 22, 12], [5, 17, 6, 16], [7, 22, 8, 1], [1, 6, 2, 7], [3, 19, 4, 18], [19, 3, 20, 2], [17, 5, 18, 4], [9, 15, 10, 14], [11, 21, 12, 20]]"
11a_260_77,"[[12, 22, 13, 21], [14, 10, 15, 9], [16, 12, 17, 11], [22, 14, 1, 13], [6, 18, 7, 17], [8, 1, 9, 2], [2, 7, 3, 8], [4, 20, 5, 19], [20, 4, 21, 3], [18, 6, 19, 5], [10, 16, 11, 15]]"
11a_260_78,"[[10, 16, 11, 15], [12, 22, 13, 21], [14, 10, 15, 9], [16, 12, 17, 11], [22, 14, 1, 13], [6, 18, 7, 17], [8, 1, 9, 2], [2, 7, 3, 8], [4, 20, 5, 19], [20, 4, 21, 3], [18, 6, 19, 5]]"
11a_260_79,"[[18, 6, 19, 5], [10, 16, 11, 15], [12, 22, 13, 21], [14, 10, 15, 9], [16, 12, 17, 11], [22, 14, 1, 13], [6, 18, 7, 17], [8, 1, 9, 2], [2, 7, 3, 8], [4, 20, 5, 19], [20, 4, 21, 3]]"
11a_260_80,"[[20, 4, 21, 3], [18, 6, 19, 5], [10, 16, 11, 15], [12, 22, 13, 21], [14, 10, 15, 9], [16, 12, 17, 11], [22, 14, 1, 13], [6, 18, 7, 17], [8, 1, 9, 2], [2, 7, 3, 8], [4, 20, 5, 19]]"
11a_260_81,"[[4, 20, 5, 19], [20, 4, 21, 3], [18, 6, 19, 5], [10, 16, 11, 15], [12, 22, 13, 21], [14, 10, 15, 9], [16, 12, 17, 11], [22, 14, 1, 13], [6, 18, 7, 17], [8, 1, 9, 2], [2, 7, 3, 8]]"
11a_260_82,"[[2, 7, 3, 8], [4, 20, 5, 19], [20, 4, 21, 3], [18, 6, 19, 5], [10, 16, 11, 15], [12, 22, 13, 21], [14, 10, 15, 9], [16, 12, 17, 11], [22, 14, 1, 13], [6, 18, 7, 17], [8, 1, 9, 2]]"
11a_260_83,"[[8, 1, 9, 2], [2, 7, 3, 8], [4, 20, 5, 19], [20, 4, 21, 3], [18, 6, 19, 5], [10, 16, 11, 15], [12, 22, 13, 21], [14, 10, 15, 9], [16, 12, 17, 11], [22, 14, 1, 13], [6, 18, 7, 17]]"
11a_260_84,"[[6, 18, 7, 17], [8, 1, 9, 2], [2, 7, 3, 8], [4, 20, 5, 19], [20, 4, 21, 3], [18, 6, 19, 5], [10, 16, 11, 15], [12, 22, 13, 21], [14, 10, 15, 9], [16, 12, 17, 11], [22, 14, 1, 13]]"
11a_260_85,"[[22, 14, 1, 13], [6, 18, 7, 17], [8, 1, 9, 2], [2, 7, 3, 8], [4, 20, 5, 19], [20, 4, 21, 3], [18, 6, 19, 5], [10, 16, 11, 15], [12, 22, 13, 21], [14, 10, 15, 9], [16, 12, 17, 11]]"
11a_260_86,"[[16, 12, 17, 11], [22, 14, 1, 13], [6, 18, 7, 17], [8, 1, 9, 2], [2, 7, 3, 8], [4, 20, 5, 19], [20, 4, 21, 3], [18, 6, 19, 5], [10, 16, 11, 15], [12, 22, 13, 21], [14, 10, 15, 9]]"
11a_260_87,"[[14, 10, 15, 9], [16, 12, 17, 11], [22, 14, 1, 13], [6, 18, 7, 17], [8, 1, 9, 2], [2, 7, 3, 8], [4, 20, 5, 19], [20, 4, 21, 3], [18, 6, 19, 5], [10, 16, 11, 15], [12, 22, 13, 21]]"
11a_260_88,"[[13, 1, 14, 22], [15, 11, 16, 10], [17, 13, 18, 12], [1, 15, 2, 14], [7, 19, 8, 18], [9, 2, 10, 3], [3, 8, 4, 9], [5, 21, 6, 20], [21, 5, 22, 4], [19, 7, 20, 6], [11, 17, 12, 16]]"
11a_260_89,"[[11, 17, 12, 16], [13, 1, 14, 22], [15, 11, 16, 10], [17, 13, 18, 12], [1, 15, 2, 14], [7, 19, 8, 18], [9, 2, 10, 3], [3, 8, 4, 9], [5, 21, 6, 20], [21, 5, 22, 4], [19, 7, 20, 6]]"
11a_260_90,"[[19, 7, 20, 6], [11, 17, 12, 16], [13, 1, 14, 22], [15, 11, 16, 10], [17, 13, 18, 12], [1, 15, 2, 14], [7, 19, 8, 18], [9, 2, 10, 3], [3, 8, 4, 9], [5, 21, 6, 20], [21, 5, 22, 4]]"
11a_260_91,"[[21, 5, 22, 4], [19, 7, 20, 6], [11, 17, 12, 16], [13, 1, 14, 22], [15, 11, 16, 10], [17, 13, 18, 12], [1, 15, 2, 14], [7, 19, 8, 18], [9, 2, 10, 3], [3, 8, 4, 9], [5, 21, 6, 20]]"
11a_260_92,"[[5, 21, 6, 20], [21, 5, 22, 4], [19, 7, 20, 6], [11, 17, 12, 16], [13, 1, 14, 22], [15, 11, 16, 10], [17, 13, 18, 12], [1, 15, 2, 14], [7, 19, 8, 18], [9, 2, 10, 3], [3, 8, 4, 9]]"
11a_260_93,"[[3, 8, 4, 9], [5, 21, 6, 20], [21, 5, 22, 4], [19, 7, 20, 6], [11, 17, 12, 16], [13, 1, 14, 22], [15, 11, 16, 10], [17, 13, 18, 12], [1, 15, 2, 14], [7, 19, 8, 18], [9, 2, 10, 3]]"
11a_260_94,"[[9, 2, 10, 3], [3, 8, 4, 9], [5, 21, 6, 20], [21, 5, 22, 4], [19, 7, 20, 6], [11, 17, 12, 16], [13, 1, 14, 22], [15, 11, 16, 10], [17, 13, 18, 12], [1, 15, 2, 14], [7, 19, 8, 18]]"
11a_260_95,"[[7, 19, 8, 18], [9, 2, 10, 3], [3, 8, 4, 9], [5, 21, 6, 20], [21, 5, 22, 4], [19, 7, 20, 6], [11, 17, 12, 16], [13, 1, 14, 22], [15, 11, 16, 10], [17, 13, 18, 12], [1, 15, 2, 14]]"
11a_260_96,"[[1, 15, 2, 14], [7, 19, 8, 18], [9, 2, 10, 3], [3, 8, 4, 9], [5, 21, 6, 20], [21, 5, 22, 4], [19, 7, 20, 6], [11, 17, 12, 16], [13, 1, 14, 22], [15, 11, 16, 10], [17, 13, 18, 12]]"
11a_260_97,"[[17, 13, 18, 12], [1, 15, 2, 14], [7, 19, 8, 18], [9, 2, 10, 3], [3, 8, 4, 9], [5, 21, 6, 20], [21, 5, 22, 4], [19, 7, 20, 6], [11, 17, 12, 16], [13, 1, 14, 22], [15, 11, 16, 10]]"
11a_260_98,"[[15, 11, 16, 10], [17, 13, 18, 12], [1, 15, 2, 14], [7, 19, 8, 18], [9, 2, 10, 3], [3, 8, 4, 9], [5, 21, 6, 20], [21, 5, 22, 4], [19, 7, 20, 6], [11, 17, 12, 16], [13, 1, 14, 22]]"
11a_260_99,"[[14, 2, 15, 1], [16, 12, 17, 11], [18, 14, 19, 13], [2, 16, 3, 15], [8, 20, 9, 19], [10, 3, 11, 4], [4, 9, 5, 10], [6, 22, 7, 21], [22, 6, 1, 5], [20, 8, 21, 7], [12, 18, 13, 17]]"
11a_260_100,"[[12, 18, 13, 17], [14, 2, 15, 1], [16, 12, 17, 11], [18, 14, 19, 13], [2, 16, 3, 15], [8, 20, 9, 19], [10, 3, 11, 4], [4, 9, 5, 10], [6, 22, 7, 21], [22, 6, 1, 5], [20, 8, 21, 7]]"
11a_260_101,"[[20, 8, 21, 7], [12, 18, 13, 17], [14, 2, 15, 1], [16, 12, 17, 11], [18, 14, 19, 13], [2, 16, 3, 15], [8, 20, 9, 19], [10, 3, 11, 4], [4, 9, 5, 10], [6, 22, 7, 21], [22, 6, 1, 5]]"
11a_260_102,"[[22, 6, 1, 5], [20, 8, 21, 7], [12, 18, 13, 17], [14, 2, 15, 1], [16, 12, 17, 11], [18, 14, 19, 13], [2, 16, 3, 15], [8, 20, 9, 19], [10, 3, 11, 4], [4, 9, 5, 10], [6, 22, 7, 21]]"
11a_260_103,"[[6, 22, 7, 21], [22, 6, 1, 5], [20, 8, 21, 7], [12, 18, 13, 17], [14, 2, 15, 1], [16, 12, 17, 11], [18, 14, 19, 13], [2, 16, 3, 15], [8, 20, 9, 19], [10, 3, 11, 4], [4, 9, 5, 10]]"
11a_260_104,"[[4, 9, 5, 10], [6, 22, 7, 21], [22, 6, 1, 5], [20, 8, 21, 7], [12, 18, 13, 17], [14, 2, 15, 1], [16, 12, 17, 11], [18, 14, 19, 13], [2, 16, 3, 15], [8, 20, 9, 19], [10, 3, 11, 4]]"
11a_260_105,"[[10, 3, 11, 4], [4, 9, 5, 10], [6, 22, 7, 21], [22, 6, 1, 5], [20, 8, 21, 7], [12, 18, 13, 17], [14, 2, 15, 1], [16, 12, 17, 11], [18, 14, 19, 13], [2, 16, 3, 15], [8, 20, 9, 19]]"
11a_260_106,"[[8, 20, 9, 19], [10, 3, 11, 4], [4, 9, 5, 10], [6, 22, 7, 21], [22, 6, 1, 5], [20, 8, 21, 7], [12, 18, 13, 17], [14, 2, 15, 1], [16, 12, 17, 11], [18, 14, 19, 13], [2, 16, 3, 15]]"
11a_260_107,"[[2, 16, 3, 15], [8, 20, 9, 19], [10, 3, 11, 4], [4, 9, 5, 10], [6, 22, 7, 21], [22, 6, 1, 5], [20, 8, 21, 7], [12, 18, 13, 17], [14, 2, 15, 1], [16, 12, 17, 11], [18, 14, 19, 13]]"
11a_260_108,"[[18, 14, 19, 13], [2, 16, 3, 15], [8, 20, 9, 19], [10, 3, 11, 4], [4, 9, 5, 10], [6, 22, 7, 21], [22, 6, 1, 5], [20, 8, 21, 7], [12, 18, 13, 17], [14, 2, 15, 1], [16, 12, 17, 11]]"
11a_260_109,"[[16, 12, 17, 11], [18, 14, 19, 13], [2, 16, 3, 15], [8, 20, 9, 19], [10, 3, 11, 4], [4, 9, 5, 10], [6, 22, 7, 21], [22, 6, 1, 5], [20, 8, 21, 7], [12, 18, 13, 17], [14, 2, 15, 1]]"
11a_260_110,"[[15, 3, 16, 2], [17, 13, 18, 12], [19, 15, 20, 14], [3, 17, 4, 16], [9, 21, 10, 20], [11, 4, 12, 5], [5, 10, 6, 11], [7, 1, 8, 22], [1, 7, 2, 6], [21, 9, 22, 8], [13, 19, 14, 18]]"
11a_260_111,"[[13, 19, 14, 18], [15, 3, 16, 2], [17, 13, 18, 12], [19, 15, 20, 14], [3, 17, 4, 16], [9, 21, 10, 20], [11, 4, 12, 5], [5, 10, 6, 11], [7, 1, 8, 22], [1, 7, 2, 6], [21, 9, 22, 8]]"
11a_260_112,"[[21, 9, 22, 8], [13, 19, 14, 18], [15, 3, 16, 2], [17, 13, 18, 12], [19, 15, 20, 14], [3, 17, 4, 16], [9, 21, 10, 20], [11, 4, 12, 5], [5, 10, 6, 11], [7, 1, 8, 22], [1, 7, 2, 6]]"
11a_260_113,"[[1, 7, 2, 6], [21, 9, 22, 8], [13, 19, 14, 18], [15, 3, 16, 2], [17, 13, 18, 12], [19, 15, 20, 14], [3, 17, 4, 16], [9, 21, 10, 20], [11, 4, 12, 5], [5, 10, 6, 11], [7, 1, 8, 22]]"
11a_260_114,"[[7, 1, 8, 22], [1, 7, 2, 6], [21, 9, 22, 8], [13, 19, 14, 18], [15, 3, 16, 2], [17, 13, 18, 12], [19, 15, 20, 14], [3, 17, 4, 16], [9, 21, 10, 20], [11, 4, 12, 5], [5, 10, 6, 11]]"
11a_260_115,"[[5, 10, 6, 11], [7, 1, 8, 22], [1, 7, 2, 6], [21, 9, 22, 8], [13, 19, 14, 18], [15, 3, 16, 2], [17, 13, 18, 12], [19, 15, 20, 14], [3, 17, 4, 16], [9, 21, 10, 20], [11, 4, 12, 5]]"
11a_260_116,"[[11, 4, 12, 5], [5, 10, 6, 11], [7, 1, 8, 22], [1, 7, 2, 6], [21, 9, 22, 8], [13, 19, 14, 18], [15, 3, 16, 2], [17, 13, 18, 12], [19, 15, 20, 14], [3, 17, 4, 16], [9, 21, 10, 20]]"
11a_260_117,"[[9, 21, 10, 20], [11, 4, 12, 5], [5, 10, 6, 11], [7, 1, 8, 22], [1, 7, 2, 6], [21, 9, 22, 8], [13, 19, 14, 18], [15, 3, 16, 2], [17, 13, 18, 12], [19, 15, 20, 14], [3, 17, 4, 16]]"
11a_260_118,"[[3, 17, 4, 16], [9, 21, 10, 20], [11, 4, 12, 5], [5, 10, 6, 11], [7, 1, 8, 22], [1, 7, 2, 6], [21, 9, 22, 8], [13, 19, 14, 18], [15, 3, 16, 2], [17, 13, 18, 12], [19, 15, 20, 14]]"
11a_260_119,"[[19, 15, 20, 14], [3, 17, 4, 16], [9, 21, 10, 20], [11, 4, 12, 5], [5, 10, 6, 11], [7, 1, 8, 22], [1, 7, 2, 6], [21, 9, 22, 8], [13, 19, 14, 18], [15, 3, 16, 2], [17, 13, 18, 12]]"
11a_260_120,"[[17, 13, 18, 12], [19, 15, 20, 14], [3, 17, 4, 16], [9, 21, 10, 20], [11, 4, 12, 5], [5, 10, 6, 11], [7, 1, 8, 22], [1, 7, 2, 6], [21, 9, 22, 8], [13, 19, 14, 18], [15, 3, 16, 2]]"
11a_260_121,"[[16, 4, 17, 3], [18, 14, 19, 13], [20, 16, 21, 15], [4, 18, 5, 17], [10, 22, 11, 21], [12, 5, 13, 6], [6, 11, 7, 12], [8, 2, 9, 1], [2, 8, 3, 7], [22, 10, 1, 9], [14, 20, 15, 19]]"
11a_260_122,"[[14, 20, 15, 19], [16, 4, 17, 3], [18, 14, 19, 13], [20, 16, 21, 15], [4, 18, 5, 17], [10, 22, 11, 21], [12, 5, 13, 6], [6, 11, 7, 12], [8, 2, 9, 1], [2, 8, 3, 7], [22, 10, 1, 9]]"
11a_260_123,"[[22, 10, 1, 9], [14, 20, 15, 19], [16, 4, 17, 3], [18, 14, 19, 13], [20, 16, 21, 15], [4, 18, 5, 17], [10, 22, 11, 21], [12, 5, 13, 6], [6, 11, 7, 12], [8, 2, 9, 1], [2, 8, 3, 7]]"
11a_260_124,"[[2, 8, 3, 7], [22, 10, 1, 9], [14, 20, 15, 19], [16, 4, 17, 3], [18, 14, 19, 13], [20, 16, 21, 15], [4, 18, 5, 17], [10, 22, 11, 21], [12, 5, 13, 6], [6, 11, 7, 12], [8, 2, 9, 1]]"
11a_260_125,"[[8, 2, 9, 1], [2, 8, 3, 7], [22, 10, 1, 9], [14, 20, 15, 19], [16, 4, 17, 3], [18, 14, 19, 13], [20, 16, 21, 15], [4, 18, 5, 17], [10, 22, 11, 21], [12, 5, 13, 6], [6, 11, 7, 12]]"
11a_260_126,"[[6, 11, 7, 12], [8, 2, 9, 1], [2, 8, 3, 7], [22, 10, 1, 9], [14, 20, 15, 19], [16, 4, 17, 3], [18, 14, 19, 13], [20, 16, 21, 15], [4, 18, 5, 17], [10, 22, 11, 21], [12, 5, 13, 6]]"
11a_260_127,"[[12, 5, 13, 6], [6, 11, 7, 12], [8, 2, 9, 1], [2, 8, 3, 7], [22, 10, 1, 9], [14, 20, 15, 19], [16, 4, 17, 3], [18, 14, 19, 13], [20, 16, 21, 15], [4, 18, 5, 17], [10, 22, 11, 21]]"
11a_260_128,"[[10, 22, 11, 21], [12, 5, 13, 6], [6, 11, 7, 12], [8, 2, 9, 1], [2, 8, 3, 7], [22, 10, 1, 9], [14, 20, 15, 19], [16, 4, 17, 3], [18, 14, 19, 13], [20, 16, 21, 15], [4, 18, 5, 17]]"
11a_260_129,"[[4, 18, 5, 17], [10, 22, 11, 21], [12, 5, 13, 6], [6, 11, 7, 12], [8, 2, 9, 1], [2, 8, 3, 7], [22, 10, 1, 9], [14, 20, 15, 19], [16, 4, 17, 3], [18, 14, 19, 13], [20, 16, 21, 15]]"
11a_260_130,"[[20, 16, 21, 15], [4, 18, 5, 17], [10, 22, 11, 21], [12, 5, 13, 6], [6, 11, 7, 12], [8, 2, 9, 1], [2, 8, 3, 7], [22, 10, 1, 9], [14, 20, 15, 19], [16, 4, 17, 3], [18, 14, 19, 13]]"
11a_260_131,"[[18, 14, 19, 13], [20, 16, 21, 15], [4, 18, 5, 17], [10, 22, 11, 21], [12, 5, 13, 6], [6, 11, 7, 12], [8, 2, 9, 1], [2, 8, 3, 7], [22, 10, 1, 9], [14, 20, 15, 19], [16, 4, 17, 3]]"
11a_260_132,"[[17, 5, 18, 4], [19, 15, 20, 14], [21, 17, 22, 16], [5, 19, 6, 18], [11, 1, 12, 22], [13, 6, 14, 7], [7, 12, 8, 13], [9, 3, 10, 2], [3, 9, 4, 8], [1, 11, 2, 10], [15, 21, 16, 20]]"
11a_260_133,"[[15, 21, 16, 20], [17, 5, 18, 4], [19, 15, 20, 14], [21, 17, 22, 16], [5, 19, 6, 18], [11, 1, 12, 22], [13, 6, 14, 7], [7, 12, 8, 13], [9, 3, 10, 2], [3, 9, 4, 8], [1, 11, 2, 10]]"
11a_260_134,"[[1, 11, 2, 10], [15, 21, 16, 20], [17, 5, 18, 4], [19, 15, 20, 14], [21, 17, 22, 16], [5, 19, 6, 18], [11, 1, 12, 22], [13, 6, 14, 7], [7, 12, 8, 13], [9, 3, 10, 2], [3, 9, 4, 8]]"
11a_260_135,"[[3, 9, 4, 8], [1, 11, 2, 10], [15, 21, 16, 20], [17, 5, 18, 4], [19, 15, 20, 14], [21, 17, 22, 16], [5, 19, 6, 18], [11, 1, 12, 22], [13, 6, 14, 7], [7, 12, 8, 13], [9, 3, 10, 2]]"
11a_260_136,"[[9, 3, 10, 2], [3, 9, 4, 8], [1, 11, 2, 10], [15, 21, 16, 20], [17, 5, 18, 4], [19, 15, 20, 14], [21, 17, 22, 16], [5, 19, 6, 18], [11, 1, 12, 22], [13, 6, 14, 7], [7, 12, 8, 13]]"
11a_260_137,"[[7, 12, 8, 13], [9, 3, 10, 2], [3, 9, 4, 8], [1, 11, 2, 10], [15, 21, 16, 20], [17, 5, 18, 4], [19, 15, 20, 14], [21, 17, 22, 16], [5, 19, 6, 18], [11, 1, 12, 22], [13, 6, 14, 7]]"
11a_260_138,"[[13, 6, 14, 7], [7, 12, 8, 13], [9, 3, 10, 2], [3, 9, 4, 8], [1, 11, 2, 10], [15, 21, 16, 20], [17, 5, 18, 4], [19, 15, 20, 14], [21, 17, 22, 16], [5, 19, 6, 18], [11, 1, 12, 22]]"
11a_260_139,"[[11, 1, 12, 22], [13, 6, 14, 7], [7, 12, 8, 13], [9, 3, 10, 2], [3, 9, 4, 8], [1, 11, 2, 10], [15, 21, 16, 20], [17, 5, 18, 4], [19, 15, 20, 14], [21, 17, 22, 16], [5, 19, 6, 18]]"
11a_260_140,"[[5, 19, 6, 18], [11, 1, 12, 22], [13, 6, 14, 7], [7, 12, 8, 13], [9, 3, 10, 2], [3, 9, 4, 8], [1, 11, 2, 10], [15, 21, 16, 20], [17, 5, 18, 4], [19, 15, 20, 14], [21, 17, 22, 16]]"
11a_260_141,"[[21, 17, 22, 16], [5, 19, 6, 18], [11, 1, 12, 22], [13, 6, 14, 7], [7, 12, 8, 13], [9, 3, 10, 2], [3, 9, 4, 8], [1, 11, 2, 10], [15, 21, 16, 20], [17, 5, 18, 4], [19, 15, 20, 14]]"
11a_260_142,"[[19, 15, 20, 14], [21, 17, 22, 16], [5, 19, 6, 18], [11, 1, 12, 22], [13, 6, 14, 7], [7, 12, 8, 13], [9, 3, 10, 2], [3, 9, 4, 8], [1, 11, 2, 10], [15, 21, 16, 20], [17, 5, 18, 4]]"
11a_260_143,"[[18, 6, 19, 5], [20, 16, 21, 15], [22, 18, 1, 17], [6, 20, 7, 19], [12, 2, 13, 1], [14, 7, 15, 8], [8, 13, 9, 14], [10, 4, 11, 3], [4, 10, 5, 9], [2, 12, 3, 11], [16, 22, 17, 21]]"
11a_260_144,"[[16, 22, 17, 21], [18, 6, 19, 5], [20, 16, 21, 15], [22, 18, 1, 17], [6, 20, 7, 19], [12, 2, 13, 1], [14, 7, 15, 8], [8, 13, 9, 14], [10, 4, 11, 3], [4, 10, 5, 9], [2, 12, 3, 11]]"
11a_260_145,"[[2, 12, 3, 11], [16, 22, 17, 21], [18, 6, 19, 5], [20, 16, 21, 15], [22, 18, 1, 17], [6, 20, 7, 19], [12, 2, 13, 1], [14, 7, 15, 8], [8, 13, 9, 14], [10, 4, 11, 3], [4, 10, 5, 9]]"
11a_260_146,"[[4, 10, 5, 9], [2, 12, 3, 11], [16, 22, 17, 21], [18, 6, 19, 5], [20, 16, 21, 15], [22, 18, 1, 17], [6, 20, 7, 19], [12, 2, 13, 1], [14, 7, 15, 8], [8, 13, 9, 14], [10, 4, 11, 3]]"
11a_260_147,"[[10, 4, 11, 3], [4, 10, 5, 9], [2, 12, 3, 11], [16, 22, 17, 21], [18, 6, 19, 5], [20, 16, 21, 15], [22, 18, 1, 17], [6, 20, 7, 19], [12, 2, 13, 1], [14, 7, 15, 8], [8, 13, 9, 14]]"
11a_260_148,"[[8, 13, 9, 14], [10, 4, 11, 3], [4, 10, 5, 9], [2, 12, 3, 11], [16, 22, 17, 21], [18, 6, 19, 5], [20, 16, 21, 15], [22, 18, 1, 17], [6, 20, 7, 19], [12, 2, 13, 1], [14, 7, 15, 8]]"
11a_260_149,"[[14, 7, 15, 8], [8, 13, 9, 14], [10, 4, 11, 3], [4, 10, 5, 9], [2, 12, 3, 11], [16, 22, 17, 21], [18, 6, 19, 5], [20, 16, 21, 15], [22, 18, 1, 17], [6, 20, 7, 19], [12, 2, 13, 1]]"
11a_260_150,"[[12, 2, 13, 1], [14, 7, 15, 8], [8, 13, 9, 14], [10, 4, 11, 3], [4, 10, 5, 9], [2, 12, 3, 11], [16, 22, 17, 21], [18, 6, 19, 5], [20, 16, 21, 15], [22, 18, 1, 17], [6, 20, 7, 19]]"
11a_260_151,"[[6, 20, 7, 19], [12, 2, 13, 1], [14, 7, 15, 8], [8, 13, 9, 14], [10, 4, 11, 3], [4, 10, 5, 9], [2, 12, 3, 11], [16, 22, 17, 21], [18, 6, 19, 5], [20, 16, 21, 15], [22, 18, 1, 17]]"
11a_260_152,"[[22, 18, 1, 17], [6, 20, 7, 19], [12, 2, 13, 1], [14, 7, 15, 8], [8, 13, 9, 14], [10, 4, 11, 3], [4, 10, 5, 9], [2, 12, 3, 11], [16, 22, 17, 21], [18, 6, 19, 5], [20, 16, 21, 15]]"
11a_260_153,"[[20, 16, 21, 15], [22, 18, 1, 17], [6, 20, 7, 19], [12, 2, 13, 1], [14, 7, 15, 8], [8, 13, 9, 14], [10, 4, 11, 3], [4, 10, 5, 9], [2, 12, 3, 11], [16, 22, 17, 21], [18, 6, 19, 5]]"
11a_260_154,"[[19, 7, 20, 6], [21, 17, 22, 16], [1, 19, 2, 18], [7, 21, 8, 20], [13, 3, 14, 2], [15, 8, 16, 9], [9, 14, 10, 15], [11, 5, 12, 4], [5, 11, 6, 10], [3, 13, 4, 12], [17, 1, 18, 22]]"
11a_260_155,"[[17, 1, 18, 22], [19, 7, 20, 6], [21, 17, 22, 16], [1, 19, 2, 18], [7, 21, 8, 20], [13, 3, 14, 2], [15, 8, 16, 9], [9, 14, 10, 15], [11, 5, 12, 4], [5, 11, 6, 10], [3, 13, 4, 12]]"
11a_260_156,"[[3, 13, 4, 12], [17, 1, 18, 22], [19, 7, 20, 6], [21, 17, 22, 16], [1, 19, 2, 18], [7, 21, 8, 20], [13, 3, 14, 2], [15, 8, 16, 9], [9, 14, 10, 15], [11, 5, 12, 4], [5, 11, 6, 10]]"
11a_260_157,"[[5, 11, 6, 10], [3, 13, 4, 12], [17, 1, 18, 22], [19, 7, 20, 6], [21, 17, 22, 16], [1, 19, 2, 18], [7, 21, 8, 20], [13, 3, 14, 2], [15, 8, 16, 9], [9, 14, 10, 15], [11, 5, 12, 4]]"
11a_260_158,"[[11, 5, 12, 4], [5, 11, 6, 10], [3, 13, 4, 12], [17, 1, 18, 22], [19, 7, 20, 6], [21, 17, 22, 16], [1, 19, 2, 18], [7, 21, 8, 20], [13, 3, 14, 2], [15, 8, 16, 9], [9, 14, 10, 15]]"
11a_260_159,"[[9, 14, 10, 15], [11, 5, 12, 4], [5, 11, 6, 10], [3, 13, 4, 12], [17, 1, 18, 22], [19, 7, 20, 6], [21, 17, 22, 16], [1, 19, 2, 18], [7, 21, 8, 20], [13, 3, 14, 2], [15, 8, 16, 9]]"
11a_260_160,"[[15, 8, 16, 9], [9, 14, 10, 15], [11, 5, 12, 4], [5, 11, 6, 10], [3, 13, 4, 12], [17, 1, 18, 22], [19, 7, 20, 6], [21, 17, 22, 16], [1, 19, 2, 18], [7, 21, 8, 20], [13, 3, 14, 2]]"
11a_260_161,"[[13, 3, 14, 2], [15, 8, 16, 9], [9, 14, 10, 15], [11, 5, 12, 4], [5, 11, 6, 10], [3, 13, 4, 12], [17, 1, 18, 22], [19, 7, 20, 6], [21, 17, 22, 16], [1, 19, 2, 18], [7, 21, 8, 20]]"
11a_260_162,"[[7, 21, 8, 20], [13, 3, 14, 2], [15, 8, 16, 9], [9, 14, 10, 15], [11, 5, 12, 4], [5, 11, 6, 10], [3, 13, 4, 12], [17, 1, 18, 22], [19, 7, 20, 6], [21, 17, 22, 16], [1, 19, 2, 18]]"
11a_260_163,"[[1, 19, 2, 18], [7, 21, 8, 20], [13, 3, 14, 2], [15, 8, 16, 9], [9, 14, 10, 15], [11, 5, 12, 4], [5, 11, 6, 10], [3, 13, 4, 12], [17, 1, 18, 22], [19, 7, 20, 6], [21, 17, 22, 16]]"
11a_260_164,"[[21, 17, 22, 16], [1, 19, 2, 18], [7, 21, 8, 20], [13, 3, 14, 2], [15, 8, 16, 9], [9, 14, 10, 15], [11, 5, 12, 4], [5, 11, 6, 10], [3, 13, 4, 12], [17, 1, 18, 22], [19, 7, 20, 6]]"
11a_260_165,"[[20, 8, 21, 7], [22, 18, 1, 17], [2, 20, 3, 19], [8, 22, 9, 21], [14, 4, 15, 3], [16, 9, 17, 10], [10, 15, 11, 16], [12, 6, 13, 5], [6, 12, 7, 11], [4, 14, 5, 13], [18, 2, 19, 1]]"
11a_260_166,"[[18, 2, 19, 1], [20, 8, 21, 7], [22, 18, 1, 17], [2, 20, 3, 19], [8, 22, 9, 21], [14, 4, 15, 3], [16, 9, 17, 10], [10, 15, 11, 16], [12, 6, 13, 5], [6, 12, 7, 11], [4, 14, 5, 13]]"
11a_260_167,"[[4, 14, 5, 13], [18, 2, 19, 1], [20, 8, 21, 7], [22, 18, 1, 17], [2, 20, 3, 19], [8, 22, 9, 21], [14, 4, 15, 3], [16, 9, 17, 10], [10, 15, 11, 16], [12, 6, 13, 5], [6, 12, 7, 11]]"
11a_260_168,"[[6, 12, 7, 11], [4, 14, 5, 13], [18, 2, 19, 1], [20, 8, 21, 7], [22, 18, 1, 17], [2, 20, 3, 19], [8, 22, 9, 21], [14, 4, 15, 3], [16, 9, 17, 10], [10, 15, 11, 16], [12, 6, 13, 5]]"
11a_260_169,"[[12, 6, 13, 5], [6, 12, 7, 11], [4, 14, 5, 13], [18, 2, 19, 1], [20, 8, 21, 7], [22, 18, 1, 17], [2, 20, 3, 19], [8, 22, 9, 21], [14, 4, 15, 3], [16, 9, 17, 10], [10, 15, 11, 16]]"
11a_260_170,"[[10, 15, 11, 16], [12, 6, 13, 5], [6, 12, 7, 11], [4, 14, 5, 13], [18, 2, 19, 1], [20, 8, 21, 7], [22, 18, 1, 17], [2, 20, 3, 19], [8, 22, 9, 21], [14, 4, 15, 3], [16, 9, 17, 10]]"
11a_260_171,"[[16, 9, 17, 10], [10, 15, 11, 16], [12, 6, 13, 5], [6, 12, 7, 11], [4, 14, 5, 13], [18, 2, 19, 1], [20, 8, 21, 7], [22, 18, 1, 17], [2, 20, 3, 19], [8, 22, 9, 21], [14, 4, 15, 3]]"
11a_260_172,"[[14, 4, 15, 3], [16, 9, 17, 10], [10, 15, 11, 16], [12, 6, 13, 5], [6, 12, 7, 11], [4, 14, 5, 13], [18, 2, 19, 1], [20, 8, 21, 7], [22, 18, 1, 17], [2, 20, 3, 19], [8, 22, 9, 21]]"
11a_260_173,"[[8, 22, 9, 21], [14, 4, 15, 3], [16, 9, 17, 10], [10, 15, 11, 16], [12, 6, 13, 5], [6, 12, 7, 11], [4, 14, 5, 13], [18, 2, 19, 1], [20, 8, 21, 7], [22, 18, 1, 17], [2, 20, 3, 19]]"
11a_260_174,"[[2, 20, 3, 19], [8, 22, 9, 21], [14, 4, 15, 3], [16, 9, 17, 10], [10, 15, 11, 16], [12, 6, 13, 5], [6, 12, 7, 11], [4, 14, 5, 13], [18, 2, 19, 1], [20, 8, 21, 7], [22, 18, 1, 17]]"
11a_260_175,"[[22, 18, 1, 17], [2, 20, 3, 19], [8, 22, 9, 21], [14, 4, 15, 3], [16, 9, 17, 10], [10, 15, 11, 16], [12, 6, 13, 5], [6, 12, 7, 11], [4, 14, 5, 13], [18, 2, 19, 1], [20, 8, 21, 7]]"
11a_260_176,"[[21, 9, 22, 8], [1, 19, 2, 18], [3, 21, 4, 20], [9, 1, 10, 22], [15, 5, 16, 4], [17, 10, 18, 11], [11, 16, 12, 17], [13, 7, 14, 6], [7, 13, 8, 12], [5, 15, 6, 14], [19, 3, 20, 2]]"
11a_260_177,"[[19, 3, 20, 2], [21, 9, 22, 8], [1, 19, 2, 18], [3, 21, 4, 20], [9, 1, 10, 22], [15, 5, 16, 4], [17, 10, 18, 11], [11, 16, 12, 17], [13, 7, 14, 6], [7, 13, 8, 12], [5, 15, 6, 14]]"
11a_260_178,"[[5, 15, 6, 14], [19, 3, 20, 2], [21, 9, 22, 8], [1, 19, 2, 18], [3, 21, 4, 20], [9, 1, 10, 22], [15, 5, 16, 4], [17, 10, 18, 11], [11, 16, 12, 17], [13, 7, 14, 6], [7, 13, 8, 12]]"
11a_260_179,"[[7, 13, 8, 12], [5, 15, 6, 14], [19, 3, 20, 2], [21, 9, 22, 8], [1, 19, 2, 18], [3, 21, 4, 20], [9, 1, 10, 22], [15, 5, 16, 4], [17, 10, 18, 11], [11, 16, 12, 17], [13, 7, 14, 6]]"
11a_260_180,"[[13, 7, 14, 6], [7, 13, 8, 12], [5, 15, 6, 14], [19, 3, 20, 2], [21, 9, 22, 8], [1, 19, 2, 18], [3, 21, 4, 20], [9, 1, 10, 22], [15, 5, 16, 4], [17, 10, 18, 11], [11, 16, 12, 17]]"
11a_260_181,"[[11, 16, 12, 17], [13, 7, 14, 6], [7, 13, 8, 12], [5, 15, 6, 14], [19, 3, 20, 2], [21, 9, 22, 8], [1, 19, 2, 18], [3, 21, 4, 20], [9, 1, 10, 22], [15, 5, 16, 4], [17, 10, 18, 11]]"
11a_260_182,"[[17, 10, 18, 11], [11, 16, 12, 17], [13, 7, 14, 6], [7, 13, 8, 12], [5, 15, 6, 14], [19, 3, 20, 2], [21, 9, 22, 8], [1, 19, 2, 18], [3, 21, 4, 20], [9, 1, 10, 22], [15, 5, 16, 4]]"
11a_260_183,"[[15, 5, 16, 4], [17, 10, 18, 11], [11, 16, 12, 17], [13, 7, 14, 6], [7, 13, 8, 12], [5, 15, 6, 14], [19, 3, 20, 2], [21, 9, 22, 8], [1, 19, 2, 18], [3, 21, 4, 20], [9, 1, 10, 22]]"
11a_260_184,"[[9, 1, 10, 22], [15, 5, 16, 4], [17, 10, 18, 11], [11, 16, 12, 17], [13, 7, 14, 6], [7, 13, 8, 12], [5, 15, 6, 14], [19, 3, 20, 2], [21, 9, 22, 8], [1, 19, 2, 18], [3, 21, 4, 20]]"
11a_260_185,"[[3, 21, 4, 20], [9, 1, 10, 22], [15, 5, 16, 4], [17, 10, 18, 11], [11, 16, 12, 17], [13, 7, 14, 6], [7, 13, 8, 12], [5, 15, 6, 14], [19, 3, 20, 2], [21, 9, 22, 8], [1, 19, 2, 18]]"
11a_260_186,"[[1, 19, 2, 18], [3, 21, 4, 20], [9, 1, 10, 22], [15, 5, 16, 4], [17, 10, 18, 11], [11, 16, 12, 17], [13, 7, 14, 6], [7, 13, 8, 12], [5, 15, 6, 14], [19, 3, 20, 2], [21, 9, 22, 8]]"
11a_260_187,"[[22, 10, 1, 9], [2, 20, 3, 19], [4, 22, 5, 21], [10, 2, 11, 1], [16, 6, 17, 5], [18, 11, 19, 12], [12, 17, 13, 18], [14, 8, 15, 7], [8, 14, 9, 13], [6, 16, 7, 15], [20, 4, 21, 3]]"
11a_260_188,"[[20, 4, 21, 3], [22, 10, 1, 9], [2, 20, 3, 19], [4, 22, 5, 21], [10, 2, 11, 1], [16, 6, 17, 5], [18, 11, 19, 12], [12, 17, 13, 18], [14, 8, 15, 7], [8, 14, 9, 13], [6, 16, 7, 15]]"
11a_260_189,"[[6, 16, 7, 15], [20, 4, 21, 3], [22, 10, 1, 9], [2, 20, 3, 19], [4, 22, 5, 21], [10, 2, 11, 1], [16, 6, 17, 5], [18, 11, 19, 12], [12, 17, 13, 18], [14, 8, 15, 7], [8, 14, 9, 13]]"
11a_260_190,"[[8, 14, 9, 13], [6, 16, 7, 15], [20, 4, 21, 3], [22, 10, 1, 9], [2, 20, 3, 19], [4, 22, 5, 21], [10, 2, 11, 1], [16, 6, 17, 5], [18, 11, 19, 12], [12, 17, 13, 18], [14, 8, 15, 7]]"
11a_260_191,"[[14, 8, 15, 7], [8, 14, 9, 13], [6, 16, 7, 15], [20, 4, 21, 3], [22, 10, 1, 9], [2, 20, 3, 19], [4, 22, 5, 21], [10, 2, 11, 1], [16, 6, 17, 5], [18, 11, 19, 12], [12, 17, 13, 18]]"
11a_260_192,"[[12, 17, 13, 18], [14, 8, 15, 7], [8, 14, 9, 13], [6, 16, 7, 15], [20, 4, 21, 3], [22, 10, 1, 9], [2, 20, 3, 19], [4, 22, 5, 21], [10, 2, 11, 1], [16, 6, 17, 5], [18, 11, 19, 12]]"
11a_260_193,"[[18, 11, 19, 12], [12, 17, 13, 18], [14, 8, 15, 7], [8, 14, 9, 13], [6, 16, 7, 15], [20, 4, 21, 3], [22, 10, 1, 9], [2, 20, 3, 19], [4, 22, 5, 21], [10, 2, 11, 1], [16, 6, 17, 5]]"
11a_260_194,"[[16, 6, 17, 5], [18, 11, 19, 12], [12, 17, 13, 18], [14, 8, 15, 7], [8, 14, 9, 13], [6, 16, 7, 15], [20, 4, 21, 3], [22, 10, 1, 9], [2, 20, 3, 19], [4, 22, 5, 21], [10, 2, 11, 1]]"
11a_260_195,"[[10, 2, 11, 1], [16, 6, 17, 5], [18, 11, 19, 12], [12, 17, 13, 18], [14, 8, 15, 7], [8, 14, 9, 13], [6, 16, 7, 15], [20, 4, 21, 3], [22, 10, 1, 9], [2, 20, 3, 19], [4, 22, 5, 21]]"
11a_260_196,"[[4, 22, 5, 21], [10, 2, 11, 1], [16, 6, 17, 5], [18, 11, 19, 12], [12, 17, 13, 18], [14, 8, 15, 7], [8, 14, 9, 13], [6, 16, 7, 15], [20, 4, 21, 3], [22, 10, 1, 9], [2, 20, 3, 19]]"
11a_260_197,"[[2, 20, 3, 19], [4, 22, 5, 21], [10, 2, 11, 1], [16, 6, 17, 5], [18, 11, 19, 12], [12, 17, 13, 18], [14, 8, 15, 7], [8, 14, 9, 13], [6, 16, 7, 15], [20, 4, 21, 3], [22, 10, 1, 9]]"
11a_260_198,"[[1, 11, 2, 10], [3, 21, 4, 20], [5, 1, 6, 22], [11, 3, 12, 2], [17, 7, 18, 6], [19, 12, 20, 13], [13, 18, 14, 19], [15, 9, 16, 8], [9, 15, 10, 14], [7, 17, 8, 16], [21, 5, 22, 4]]"
11a_260_199,"[[21, 5, 22, 4], [1, 11, 2, 10], [3, 21, 4, 20], [5, 1, 6, 22], [11, 3, 12, 2], [17, 7, 18, 6], [19, 12, 20, 13], [13, 18, 14, 19], [15, 9, 16, 8], [9, 15, 10, 14], [7, 17, 8, 16]]"
11a_260_200,"[[7, 17, 8, 16], [21, 5, 22, 4], [1, 11, 2, 10], [3, 21, 4, 20], [5, 1, 6, 22], [11, 3, 12, 2], [17, 7, 18, 6], [19, 12, 20, 13], [13, 18, 14, 19], [15, 9, 16, 8], [9, 15, 10, 14]]"
11a_260_201,"[[9, 15, 10, 14], [7, 17, 8, 16], [21, 5, 22, 4], [1, 11, 2, 10], [3, 21, 4, 20], [5, 1, 6, 22], [11, 3, 12, 2], [17, 7, 18, 6], [19, 12, 20, 13], [13, 18, 14, 19], [15, 9, 16, 8]]"
11a_260_202,"[[15, 9, 16, 8], [9, 15, 10, 14], [7, 17, 8, 16], [21, 5, 22, 4], [1, 11, 2, 10], [3, 21, 4, 20], [5, 1, 6, 22], [11, 3, 12, 2], [17, 7, 18, 6], [19, 12, 20, 13], [13, 18, 14, 19]]"
11a_260_203,"[[13, 18, 14, 19], [15, 9, 16, 8], [9, 15, 10, 14], [7, 17, 8, 16], [21, 5, 22, 4], [1, 11, 2, 10], [3, 21, 4, 20], [5, 1, 6, 22], [11, 3, 12, 2], [17, 7, 18, 6], [19, 12, 20, 13]]"
