name,pd_notation
11a_80_0,"[[21, 16, 22, 17], [5, 3, 6, 2], [13, 7, 14, 6], [11, 4, 12, 5], [3, 12, 4, 13], [1, 11, 2, 10], [7, 18, 8, 19], [15, 8, 16, 9], [19, 15, 20, 14], [9, 21, 10, 20], [17, 22, 18, 1]]"
11a_80_1,"[[17, 22, 18, 1], [21, 16, 22, 17], [5, 3, 6, 2], [13, 7, 14, 6], [11, 4, 12, 5], [3, 12, 4, 13], [1, 11, 2, 10], [7, 18, 8, 19], [15, 8, 16, 9], [19, 15, 20, 14], [9, 21, 10, 20]]"
11a_80_2,"[[9, 21, 10, 20], [17, 22, 18, 1], [21, 16, 22, 17], [5, 3, 6, 2], [13, 7, 14, 6], [11, 4, 12, 5], [3, 12, 4, 13], [1, 11, 2, 10], [7, 18, 8, 19], [15, 8, 16, 9], [19, 15, 20, 14]]"
11a_80_3,"[[19, 15, 20, 14], [9, 21, 10, 20], [17, 22, 18, 1], [21, 16, 22, 17], [5, 3, 6, 2], [13, 7, 14, 6], [11, 4, 12, 5], [3, 12, 4, 13], [1, 11, 2, 10], [7, 18, 8, 19], [15, 8, 16, 9]]"
11a_80_4,"[[15, 8, 16, 9], [19, 15, 20, 14], [9, 21, 10, 20], [17, 22, 18, 1], [21, 16, 22, 17], [5, 3, 6, 2], [13, 7, 14, 6], [11, 4, 12, 5], [3, 12, 4, 13], [1, 11, 2, 10], [7, 18, 8, 19]]"
11a_80_5,"[[7, 18, 8, 19], [15, 8, 16, 9], [19, 15, 20, 14], [9, 21, 10, 20], [17, 22, 18, 1], [21, 16, 22, 17], [5, 3, 6, 2], [13, 7, 14, 6], [11, 4, 12, 5], [3, 12, 4, 13], [1, 11, 2, 10]]"
11a_80_6,"[[1, 11, 2, 10], [7, 18, 8, 19], [15, 8, 16, 9], [19, 15, 20, 14], [9, 21, 10, 20], [17, 22, 18, 1], [21, 16, 22, 17], [5, 3, 6, 2], [13, 7, 14, 6], [11, 4, 12, 5], [3, 12, 4, 13]]"
11a_80_7,"[[3, 12, 4, 13], [1, 11, 2, 10], [7, 18, 8, 19], [15, 8, 16, 9], [19, 15, 20, 14], [9, 21, 10, 20], [17, 22, 18, 1], [21, 16, 22, 17], [5, 3, 6, 2], [13, 7, 14, 6], [11, 4, 12, 5]]"
11a_80_8,"[[11, 4, 12, 5], [3, 12, 4, 13], [1, 11, 2, 10], [7, 18, 8, 19], [15, 8, 16, 9], [19, 15, 20, 14], [9, 21, 10, 20], [17, 22, 18, 1], [21, 16, 22, 17], [5, 3, 6, 2], [13, 7, 14, 6]]"
11a_80_9,"[[13, 7, 14, 6], [11, 4, 12, 5], [3, 12, 4, 13], [1, 11, 2, 10], [7, 18, 8, 19], [15, 8, 16, 9], [19, 15, 20, 14], [9, 21, 10, 20], [17, 22, 18, 1], [21, 16, 22, 17], [5, 3, 6, 2]]"
11a_80_10,"[[5, 3, 6, 2], [13, 7, 14, 6], [11, 4, 12, 5], [3, 12, 4, 13], [1, 11, 2, 10], [7, 18, 8, 19], [15, 8, 16, 9], [19, 15, 20, 14], [9, 21, 10, 20], [17, 22, 18, 1], [21, 16, 22, 17]]"
11a_80_11,"[[22, 17, 1, 18], [6, 4, 7, 3], [14, 8, 15, 7], [12, 5, 13, 6], [4, 13, 5, 14], [2, 12, 3, 11], [8, 19, 9, 20], [16, 9, 17, 10], [20, 16, 21, 15], [10, 22, 11, 21], [18, 1, 19, 2]]"
11a_80_12,"[[18, 1, 19, 2], [22, 17, 1, 18], [6, 4, 7, 3], [14, 8, 15, 7], [12, 5, 13, 6], [4, 13, 5, 14], [2, 12, 3, 11], [8, 19, 9, 20], [16, 9, 17, 10], [20, 16, 21, 15], [10, 22, 11, 21]]"
11a_80_13,"[[10, 22, 11, 21], [18, 1, 19, 2], [22, 17, 1, 18], [6, 4, 7, 3], [14, 8, 15, 7], [12, 5, 13, 6], [4, 13, 5, 14], [2, 12, 3, 11], [8, 19, 9, 20], [16, 9, 17, 10], [20, 16, 21, 15]]"
11a_80_14,"[[20, 16, 21, 15], [10, 22, 11, 21], [18, 1, 19, 2], [22, 17, 1, 18], [6, 4, 7, 3], [14, 8, 15, 7], [12, 5, 13, 6], [4, 13, 5, 14], [2, 12, 3, 11], [8, 19, 9, 20], [16, 9, 17, 10]]"
11a_80_15,"[[16, 9, 17, 10], [20, 16, 21, 15], [10, 22, 11, 21], [18, 1, 19, 2], [22, 17, 1, 18], [6, 4, 7, 3], [14, 8, 15, 7], [12, 5, 13, 6], [4, 13, 5, 14], [2, 12, 3, 11], [8, 19, 9, 20]]"
11a_80_16,"[[8, 19, 9, 20], [16, 9, 17, 10], [20, 16, 21, 15], [10, 22, 11, 21], [18, 1, 19, 2], [22, 17, 1, 18], [6, 4, 7, 3], [14, 8, 15, 7], [12, 5, 13, 6], [4, 13, 5, 14], [2, 12, 3, 11]]"
11a_80_17,"[[2, 12, 3, 11], [8, 19, 9, 20], [16, 9, 17, 10], [20, 16, 21, 15], [10, 22, 11, 21], [18, 1, 19, 2], [22, 17, 1, 18], [6, 4, 7, 3], [14, 8, 15, 7], [12, 5, 13, 6], [4, 13, 5, 14]]"
11a_80_18,"[[4, 13, 5, 14], [2, 12, 3, 11], [8, 19, 9, 20], [16, 9, 17, 10], [20, 16, 21, 15], [10, 22, 11, 21], [18, 1, 19, 2], [22, 17, 1, 18], [6, 4, 7, 3], [14, 8, 15, 7], [12, 5, 13, 6]]"
11a_80_19,"[[12, 5, 13, 6], [4, 13, 5, 14], [2, 12, 3, 11], [8, 19, 9, 20], [16, 9, 17, 10], [20, 16, 21, 15], [10, 22, 11, 21], [18, 1, 19, 2], [22, 17, 1, 18], [6, 4, 7, 3], [14, 8, 15, 7]]"
11a_80_20,"[[14, 8, 15, 7], [12, 5, 13, 6], [4, 13, 5, 14], [2, 12, 3, 11], [8, 19, 9, 20], [16, 9, 17, 10], [20, 16, 21, 15], [10, 22, 11, 21], [18, 1, 19, 2], [22, 17, 1, 18], [6, 4, 7, 3]]"
11a_80_21,"[[6, 4, 7, 3], [14, 8, 15, 7], [12, 5, 13, 6], [4, 13, 5, 14], [2, 12, 3, 11], [8, 19, 9, 20], [16, 9, 17, 10], [20, 16, 21, 15], [10, 22, 11, 21], [18, 1, 19, 2], [22, 17, 1, 18]]"
11a_80_22,"[[1, 18, 2, 19], [7, 5, 8, 4], [15, 9, 16, 8], [13, 6, 14, 7], [5, 14, 6, 15], [3, 13, 4, 12], [9, 20, 10, 21], [17, 10, 18, 11], [21, 17, 22, 16], [11, 1, 12, 22], [19, 2, 20, 3]]"
11a_80_23,"[[19, 2, 20, 3], [1, 18, 2, 19], [7, 5, 8, 4], [15, 9, 16, 8], [13, 6, 14, 7], [5, 14, 6, 15], [3, 13, 4, 12], [9, 20, 10, 21], [17, 10, 18, 11], [21, 17, 22, 16], [11, 1, 12, 22]]"
11a_80_24,"[[11, 1, 12, 22], [19, 2, 20, 3], [1, 18, 2, 19], [7, 5, 8, 4], [15, 9, 16, 8], [13, 6, 14, 7], [5, 14, 6, 15], [3, 13, 4, 12], [9, 20, 10, 21], [17, 10, 18, 11], [21, 17, 22, 16]]"
11a_80_25,"[[21, 17, 22, 16], [11, 1, 12, 22], [19, 2, 20, 3], [1, 18, 2, 19], [7, 5, 8, 4], [15, 9, 16, 8], [13, 6, 14, 7], [5, 14, 6, 15], [3, 13, 4, 12], [9, 20, 10, 21], [17, 10, 18, 11]]"
11a_80_26,"[[17, 10, 18, 11], [21, 17, 22, 16], [11, 1, 12, 22], [19, 2, 20, 3], [1, 18, 2, 19], [7, 5, 8, 4], [15, 9, 16, 8], [13, 6, 14, 7], [5, 14, 6, 15], [3, 13, 4, 12], [9, 20, 10, 21]]"
11a_80_27,"[[9, 20, 10, 21], [17, 10, 18, 11], [21, 17, 22, 16], [11, 1, 12, 22], [19, 2, 20, 3], [1, 18, 2, 19], [7, 5, 8, 4], [15, 9, 16, 8], [13, 6, 14, 7], [5, 14, 6, 15], [3, 13, 4, 12]]"
11a_80_28,"[[3, 13, 4, 12], [9, 20, 10, 21], [17, 10, 18, 11], [21, 17, 22, 16], [11, 1, 12, 22], [19, 2, 20, 3], [1, 18, 2, 19], [7, 5, 8, 4], [15, 9, 16, 8], [13, 6, 14, 7], [5, 14, 6, 15]]"
11a_80_29,"[[5, 14, 6, 15], [3, 13, 4, 12], [9, 20, 10, 21], [17, 10, 18, 11], [21, 17, 22, 16], [11, 1, 12, 22], [19, 2, 20, 3], [1, 18, 2, 19], [7, 5, 8, 4], [15, 9, 16, 8], [13, 6, 14, 7]]"
11a_80_30,"[[13, 6, 14, 7], [5, 14, 6, 15], [3, 13, 4, 12], [9, 20, 10, 21], [17, 10, 18, 11], [21, 17, 22, 16], [11, 1, 12, 22], [19, 2, 20, 3], [1, 18, 2, 19], [7, 5, 8, 4], [15, 9, 16, 8]]"
11a_80_31,"[[15, 9, 16, 8], [13, 6, 14, 7], [5, 14, 6, 15], [3, 13, 4, 12], [9, 20, 10, 21], [17, 10, 18, 11], [21, 17, 22, 16], [11, 1, 12, 22], [19, 2, 20, 3], [1, 18, 2, 19], [7, 5, 8, 4]]"
11a_80_32,"[[7, 5, 8, 4], [15, 9, 16, 8], [13, 6, 14, 7], [5, 14, 6, 15], [3, 13, 4, 12], [9, 20, 10, 21], [17, 10, 18, 11], [21, 17, 22, 16], [11, 1, 12, 22], [19, 2, 20, 3], [1, 18, 2, 19]]"
11a_80_33,"[[2, 19, 3, 20], [8, 6, 9, 5], [16, 10, 17, 9], [14, 7, 15, 8], [6, 15, 7, 16], [4, 14, 5, 13], [10, 21, 11, 22], [18, 11, 19, 12], [22, 18, 1, 17], [12, 2, 13, 1], [20, 3, 21, 4]]"
11a_80_34,"[[20, 3, 21, 4], [2, 19, 3, 20], [8, 6, 9, 5], [16, 10, 17, 9], [14, 7, 15, 8], [6, 15, 7, 16], [4, 14, 5, 13], [10, 21, 11, 22], [18, 11, 19, 12], [22, 18, 1, 17], [12, 2, 13, 1]]"
11a_80_35,"[[12, 2, 13, 1], [20, 3, 21, 4], [2, 19, 3, 20], [8, 6, 9, 5], [16, 10, 17, 9], [14, 7, 15, 8], [6, 15, 7, 16], [4, 14, 5, 13], [10, 21, 11, 22], [18, 11, 19, 12], [22, 18, 1, 17]]"
11a_80_36,"[[22, 18, 1, 17], [12, 2, 13, 1], [20, 3, 21, 4], [2, 19, 3, 20], [8, 6, 9, 5], [16, 10, 17, 9], [14, 7, 15, 8], [6, 15, 7, 16], [4, 14, 5, 13], [10, 21, 11, 22], [18, 11, 19, 12]]"
11a_80_37,"[[18, 11, 19, 12], [22, 18, 1, 17], [12, 2, 13, 1], [20, 3, 21, 4], [2, 19, 3, 20], [8, 6, 9, 5], [16, 10, 17, 9], [14, 7, 15, 8], [6, 15, 7, 16], [4, 14, 5, 13], [10, 21, 11, 22]]"
11a_80_38,"[[10, 21, 11, 22], [18, 11, 19, 12], [22, 18, 1, 17], [12, 2, 13, 1], [20, 3, 21, 4], [2, 19, 3, 20], [8, 6, 9, 5], [16, 10, 17, 9], [14, 7, 15, 8], [6, 15, 7, 16], [4, 14, 5, 13]]"
11a_80_39,"[[4, 14, 5, 13], [10, 21, 11, 22], [18, 11, 19, 12], [22, 18, 1, 17], [12, 2, 13, 1], [20, 3, 21, 4], [2, 19, 3, 20], [8, 6, 9, 5], [16, 10, 17, 9], [14, 7, 15, 8], [6, 15, 7, 16]]"
11a_80_40,"[[6, 15, 7, 16], [4, 14, 5, 13], [10, 21, 11, 22], [18, 11, 19, 12], [22, 18, 1, 17], [12, 2, 13, 1], [20, 3, 21, 4], [2, 19, 3, 20], [8, 6, 9, 5], [16, 10, 17, 9], [14, 7, 15, 8]]"
11a_80_41,"[[14, 7, 15, 8], [6, 15, 7, 16], [4, 14, 5, 13], [10, 21, 11, 22], [18, 11, 19, 12], [22, 18, 1, 17], [12, 2, 13, 1], [20, 3, 21, 4], [2, 19, 3, 20], [8, 6, 9, 5], [16, 10, 17, 9]]"
11a_80_42,"[[16, 10, 17, 9], [14, 7, 15, 8], [6, 15, 7, 16], [4, 14, 5, 13], [10, 21, 11, 22], [18, 11, 19, 12], [22, 18, 1, 17], [12, 2, 13, 1], [20, 3, 21, 4], [2, 19, 3, 20], [8, 6, 9, 5]]"
11a_80_43,"[[8, 6, 9, 5], [16, 10, 17, 9], [14, 7, 15, 8], [6, 15, 7, 16], [4, 14, 5, 13], [10, 21, 11, 22], [18, 11, 19, 12], [22, 18, 1, 17], [12, 2, 13, 1], [20, 3, 21, 4], [2, 19, 3, 20]]"
11a_80_44,"[[3, 20, 4, 21], [9, 7, 10, 6], [17, 11, 18, 10], [15, 8, 16, 9], [7, 16, 8, 17], [5, 15, 6, 14], [11, 22, 12, 1], [19, 12, 20, 13], [1, 19, 2, 18], [13, 3, 14, 2], [21, 4, 22, 5]]"
11a_80_45,"[[21, 4, 22, 5], [3, 20, 4, 21], [9, 7, 10, 6], [17, 11, 18, 10], [15, 8, 16, 9], [7, 16, 8, 17], [5, 15, 6, 14], [11, 22, 12, 1], [19, 12, 20, 13], [1, 19, 2, 18], [13, 3, 14, 2]]"
11a_80_46,"[[13, 3, 14, 2], [21, 4, 22, 5], [3, 20, 4, 21], [9, 7, 10, 6], [17, 11, 18, 10], [15, 8, 16, 9], [7, 16, 8, 17], [5, 15, 6, 14], [11, 22, 12, 1], [19, 12, 20, 13], [1, 19, 2, 18]]"
11a_80_47,"[[1, 19, 2, 18], [13, 3, 14, 2], [21, 4, 22, 5], [3, 20, 4, 21], [9, 7, 10, 6], [17, 11, 18, 10], [15, 8, 16, 9], [7, 16, 8, 17], [5, 15, 6, 14], [11, 22, 12, 1], [19, 12, 20, 13]]"
11a_80_48,"[[19, 12, 20, 13], [1, 19, 2, 18], [13, 3, 14, 2], [21, 4, 22, 5], [3, 20, 4, 21], [9, 7, 10, 6], [17, 11, 18, 10], [15, 8, 16, 9], [7, 16, 8, 17], [5, 15, 6, 14], [11, 22, 12, 1]]"
11a_80_49,"[[11, 22, 12, 1], [19, 12, 20, 13], [1, 19, 2, 18], [13, 3, 14, 2], [21, 4, 22, 5], [3, 20, 4, 21], [9, 7, 10, 6], [17, 11, 18, 10], [15, 8, 16, 9], [7, 16, 8, 17], [5, 15, 6, 14]]"
11a_80_50,"[[5, 15, 6, 14], [11, 22, 12, 1], [19, 12, 20, 13], [1, 19, 2, 18], [13, 3, 14, 2], [21, 4, 22, 5], [3, 20, 4, 21], [9, 7, 10, 6], [17, 11, 18, 10], [15, 8, 16, 9], [7, 16, 8, 17]]"
11a_80_51,"[[7, 16, 8, 17], [5, 15, 6, 14], [11, 22, 12, 1], [19, 12, 20, 13], [1, 19, 2, 18], [13, 3, 14, 2], [21, 4, 22, 5], [3, 20, 4, 21], [9, 7, 10, 6], [17, 11, 18, 10], [15, 8, 16, 9]]"
11a_80_52,"[[15, 8, 16, 9], [7, 16, 8, 17], [5, 15, 6, 14], [11, 22, 12, 1], [19, 12, 20, 13], [1, 19, 2, 18], [13, 3, 14, 2], [21, 4, 22, 5], [3, 20, 4, 21], [9, 7, 10, 6], [17, 11, 18, 10]]"
11a_80_53,"[[17, 11, 18, 10], [15, 8, 16, 9], [7, 16, 8, 17], [5, 15, 6, 14], [11, 22, 12, 1], [19, 12, 20, 13], [1, 19, 2, 18], [13, 3, 14, 2], [21, 4, 22, 5], [3, 20, 4, 21], [9, 7, 10, 6]]"
11a_80_54,"[[9, 7, 10, 6], [17, 11, 18, 10], [15, 8, 16, 9], [7, 16, 8, 17], [5, 15, 6, 14], [11, 22, 12, 1], [19, 12, 20, 13], [1, 19, 2, 18], [13, 3, 14, 2], [21, 4, 22, 5], [3, 20, 4, 21]]"
11a_80_55,"[[4, 21, 5, 22], [10, 8, 11, 7], [18, 12, 19, 11], [16, 9, 17, 10], [8, 17, 9, 18], [6, 16, 7, 15], [12, 1, 13, 2], [20, 13, 21, 14], [2, 20, 3, 19], [14, 4, 15, 3], [22, 5, 1, 6]]"
11a_80_56,"[[22, 5, 1, 6], [4, 21, 5, 22], [10, 8, 11, 7], [18, 12, 19, 11], [16, 9, 17, 10], [8, 17, 9, 18], [6, 16, 7, 15], [12, 1, 13, 2], [20, 13, 21, 14], [2, 20, 3, 19], [14, 4, 15, 3]]"
11a_80_57,"[[14, 4, 15, 3], [22, 5, 1, 6], [4, 21, 5, 22], [10, 8, 11, 7], [18, 12, 19, 11], [16, 9, 17, 10], [8, 17, 9, 18], [6, 16, 7, 15], [12, 1, 13, 2], [20, 13, 21, 14], [2, 20, 3, 19]]"
11a_80_58,"[[2, 20, 3, 19], [14, 4, 15, 3], [22, 5, 1, 6], [4, 21, 5, 22], [10, 8, 11, 7], [18, 12, 19, 11], [16, 9, 17, 10], [8, 17, 9, 18], [6, 16, 7, 15], [12, 1, 13, 2], [20, 13, 21, 14]]"
11a_80_59,"[[20, 13, 21, 14], [2, 20, 3, 19], [14, 4, 15, 3], [22, 5, 1, 6], [4, 21, 5, 22], [10, 8, 11, 7], [18, 12, 19, 11], [16, 9, 17, 10], [8, 17, 9, 18], [6, 16, 7, 15], [12, 1, 13, 2]]"
11a_80_60,"[[12, 1, 13, 2], [20, 13, 21, 14], [2, 20, 3, 19], [14, 4, 15, 3], [22, 5, 1, 6], [4, 21, 5, 22], [10, 8, 11, 7], [18, 12, 19, 11], [16, 9, 17, 10], [8, 17, 9, 18], [6, 16, 7, 15]]"
11a_80_61,"[[6, 16, 7, 15], [12, 1, 13, 2], [20, 13, 21, 14], [2, 20, 3, 19], [14, 4, 15, 3], [22, 5, 1, 6], [4, 21, 5, 22], [10, 8, 11, 7], [18, 12, 19, 11], [16, 9, 17, 10], [8, 17, 9, 18]]"
11a_80_62,"[[8, 17, 9, 18], [6, 16, 7, 15], [12, 1, 13, 2], [20, 13, 21, 14], [2, 20, 3, 19], [14, 4, 15, 3], [22, 5, 1, 6], [4, 21, 5, 22], [10, 8, 11, 7], [18, 12, 19, 11], [16, 9, 17, 10]]"
11a_80_63,"[[16, 9, 17, 10], [8, 17, 9, 18], [6, 16, 7, 15], [12, 1, 13, 2], [20, 13, 21, 14], [2, 20, 3, 19], [14, 4, 15, 3], [22, 5, 1, 6], [4, 21, 5, 22], [10, 8, 11, 7], [18, 12, 19, 11]]"
11a_80_64,"[[18, 12, 19, 11], [16, 9, 17, 10], [8, 17, 9, 18], [6, 16, 7, 15], [12, 1, 13, 2], [20, 13, 21, 14], [2, 20, 3, 19], [14, 4, 15, 3], [22, 5, 1, 6], [4, 21, 5, 22], [10, 8, 11, 7]]"
11a_80_65,"[[10, 8, 11, 7], [18, 12, 19, 11], [16, 9, 17, 10], [8, 17, 9, 18], [6, 16, 7, 15], [12, 1, 13, 2], [20, 13, 21, 14], [2, 20, 3, 19], [14, 4, 15, 3], [22, 5, 1, 6], [4, 21, 5, 22]]"
11a_80_66,"[[5, 22, 6, 1], [11, 9, 12, 8], [19, 13, 20, 12], [17, 10, 18, 11], [9, 18, 10, 19], [7, 17, 8, 16], [13, 2, 14, 3], [21, 14, 22, 15], [3, 21, 4, 20], [15, 5, 16, 4], [1, 6, 2, 7]]"
11a_80_67,"[[1, 6, 2, 7], [5, 22, 6, 1], [11, 9, 12, 8], [19, 13, 20, 12], [17, 10, 18, 11], [9, 18, 10, 19], [7, 17, 8, 16], [13, 2, 14, 3], [21, 14, 22, 15], [3, 21, 4, 20], [15, 5, 16, 4]]"
11a_80_68,"[[15, 5, 16, 4], [1, 6, 2, 7], [5, 22, 6, 1], [11, 9, 12, 8], [19, 13, 20, 12], [17, 10, 18, 11], [9, 18, 10, 19], [7, 17, 8, 16], [13, 2, 14, 3], [21, 14, 22, 15], [3, 21, 4, 20]]"
11a_80_69,"[[3, 21, 4, 20], [15, 5, 16, 4], [1, 6, 2, 7], [5, 22, 6, 1], [11, 9, 12, 8], [19, 13, 20, 12], [17, 10, 18, 11], [9, 18, 10, 19], [7, 17, 8, 16], [13, 2, 14, 3], [21, 14, 22, 15]]"
11a_80_70,"[[21, 14, 22, 15], [3, 21, 4, 20], [15, 5, 16, 4], [1, 6, 2, 7], [5, 22, 6, 1], [11, 9, 12, 8], [19, 13, 20, 12], [17, 10, 18, 11], [9, 18, 10, 19], [7, 17, 8, 16], [13, 2, 14, 3]]"
11a_80_71,"[[13, 2, 14, 3], [21, 14, 22, 15], [3, 21, 4, 20], [15, 5, 16, 4], [1, 6, 2, 7], [5, 22, 6, 1], [11, 9, 12, 8], [19, 13, 20, 12], [17, 10, 18, 11], [9, 18, 10, 19], [7, 17, 8, 16]]"
11a_80_72,"[[7, 17, 8, 16], [13, 2, 14, 3], [21, 14, 22, 15], [3, 21, 4, 20], [15, 5, 16, 4], [1, 6, 2, 7], [5, 22, 6, 1], [11, 9, 12, 8], [19, 13, 20, 12], [17, 10, 18, 11], [9, 18, 10, 19]]"
11a_80_73,"[[9, 18, 10, 19], [7, 17, 8, 16], [13, 2, 14, 3], [21, 14, 22, 15], [3, 21, 4, 20], [15, 5, 16, 4], [1, 6, 2, 7], [5, 22, 6, 1], [11, 9, 12, 8], [19, 13, 20, 12], [17, 10, 18, 11]]"
11a_80_74,"[[17, 10, 18, 11], [9, 18, 10, 19], [7, 17, 8, 16], [13, 2, 14, 3], [21, 14, 22, 15], [3, 21, 4, 20], [15, 5, 16, 4], [1, 6, 2, 7], [5, 22, 6, 1], [11, 9, 12, 8], [19, 13, 20, 12]]"
11a_80_75,"[[19, 13, 20, 12], [17, 10, 18, 11], [9, 18, 10, 19], [7, 17, 8, 16], [13, 2, 14, 3], [21, 14, 22, 15], [3, 21, 4, 20], [15, 5, 16, 4], [1, 6, 2, 7], [5, 22, 6, 1], [11, 9, 12, 8]]"
11a_80_76,"[[11, 9, 12, 8], [19, 13, 20, 12], [17, 10, 18, 11], [9, 18, 10, 19], [7, 17, 8, 16], [13, 2, 14, 3], [21, 14, 22, 15], [3, 21, 4, 20], [15, 5, 16, 4], [1, 6, 2, 7], [5, 22, 6, 1]]"
11a_80_77,"[[6, 1, 7, 2], [12, 10, 13, 9], [20, 14, 21, 13], [18, 11, 19, 12], [10, 19, 11, 20], [8, 18, 9, 17], [14, 3, 15, 4], [22, 15, 1, 16], [4, 22, 5, 21], [16, 6, 17, 5], [2, 7, 3, 8]]"
11a_80_78,"[[2, 7, 3, 8], [6, 1, 7, 2], [12, 10, 13, 9], [20, 14, 21, 13], [18, 11, 19, 12], [10, 19, 11, 20], [8, 18, 9, 17], [14, 3, 15, 4], [22, 15, 1, 16], [4, 22, 5, 21], [16, 6, 17, 5]]"
11a_80_79,"[[16, 6, 17, 5], [2, 7, 3, 8], [6, 1, 7, 2], [12, 10, 13, 9], [20, 14, 21, 13], [18, 11, 19, 12], [10, 19, 11, 20], [8, 18, 9, 17], [14, 3, 15, 4], [22, 15, 1, 16], [4, 22, 5, 21]]"
11a_80_80,"[[4, 22, 5, 21], [16, 6, 17, 5], [2, 7, 3, 8], [6, 1, 7, 2], [12, 10, 13, 9], [20, 14, 21, 13], [18, 11, 19, 12], [10, 19, 11, 20], [8, 18, 9, 17], [14, 3, 15, 4], [22, 15, 1, 16]]"
11a_80_81,"[[22, 15, 1, 16], [4, 22, 5, 21], [16, 6, 17, 5], [2, 7, 3, 8], [6, 1, 7, 2], [12, 10, 13, 9], [20, 14, 21, 13], [18, 11, 19, 12], [10, 19, 11, 20], [8, 18, 9, 17], [14, 3, 15, 4]]"
11a_80_82,"[[14, 3, 15, 4], [22, 15, 1, 16], [4, 22, 5, 21], [16, 6, 17, 5], [2, 7, 3, 8], [6, 1, 7, 2], [12, 10, 13, 9], [20, 14, 21, 13], [18, 11, 19, 12], [10, 19, 11, 20], [8, 18, 9, 17]]"
11a_80_83,"[[8, 18, 9, 17], [14, 3, 15, 4], [22, 15, 1, 16], [4, 22, 5, 21], [16, 6, 17, 5], [2, 7, 3, 8], [6, 1, 7, 2], [12, 10, 13, 9], [20, 14, 21, 13], [18, 11, 19, 12], [10, 19, 11, 20]]"
11a_80_84,"[[10, 19, 11, 20], [8, 18, 9, 17], [14, 3, 15, 4], [22, 15, 1, 16], [4, 22, 5, 21], [16, 6, 17, 5], [2, 7, 3, 8], [6, 1, 7, 2], [12, 10, 13, 9], [20, 14, 21, 13], [18, 11, 19, 12]]"
11a_80_85,"[[18, 11, 19, 12], [10, 19, 11, 20], [8, 18, 9, 17], [14, 3, 15, 4], [22, 15, 1, 16], [4, 22, 5, 21], [16, 6, 17, 5], [2, 7, 3, 8], [6, 1, 7, 2], [12, 10, 13, 9], [20, 14, 21, 13]]"
11a_80_86,"[[20, 14, 21, 13], [18, 11, 19, 12], [10, 19, 11, 20], [8, 18, 9, 17], [14, 3, 15, 4], [22, 15, 1, 16], [4, 22, 5, 21], [16, 6, 17, 5], [2, 7, 3, 8], [6, 1, 7, 2], [12, 10, 13, 9]]"
11a_80_87,"[[12, 10, 13, 9], [20, 14, 21, 13], [18, 11, 19, 12], [10, 19, 11, 20], [8, 18, 9, 17], [14, 3, 15, 4], [22, 15, 1, 16], [4, 22, 5, 21], [16, 6, 17, 5], [2, 7, 3, 8], [6, 1, 7, 2]]"
11a_80_88,"[[7, 2, 8, 3], [13, 11, 14, 10], [21, 15, 22, 14], [19, 12, 20, 13], [11, 20, 12, 21], [9, 19, 10, 18], [15, 4, 16, 5], [1, 16, 2, 17], [5, 1, 6, 22], [17, 7, 18, 6], [3, 8, 4, 9]]"
11a_80_89,"[[3, 8, 4, 9], [7, 2, 8, 3], [13, 11, 14, 10], [21, 15, 22, 14], [19, 12, 20, 13], [11, 20, 12, 21], [9, 19, 10, 18], [15, 4, 16, 5], [1, 16, 2, 17], [5, 1, 6, 22], [17, 7, 18, 6]]"
11a_80_90,"[[17, 7, 18, 6], [3, 8, 4, 9], [7, 2, 8, 3], [13, 11, 14, 10], [21, 15, 22, 14], [19, 12, 20, 13], [11, 20, 12, 21], [9, 19, 10, 18], [15, 4, 16, 5], [1, 16, 2, 17], [5, 1, 6, 22]]"
11a_80_91,"[[5, 1, 6, 22], [17, 7, 18, 6], [3, 8, 4, 9], [7, 2, 8, 3], [13, 11, 14, 10], [21, 15, 22, 14], [19, 12, 20, 13], [11, 20, 12, 21], [9, 19, 10, 18], [15, 4, 16, 5], [1, 16, 2, 17]]"
11a_80_92,"[[1, 16, 2, 17], [5, 1, 6, 22], [17, 7, 18, 6], [3, 8, 4, 9], [7, 2, 8, 3], [13, 11, 14, 10], [21, 15, 22, 14], [19, 12, 20, 13], [11, 20, 12, 21], [9, 19, 10, 18], [15, 4, 16, 5]]"
11a_80_93,"[[15, 4, 16, 5], [1, 16, 2, 17], [5, 1, 6, 22], [17, 7, 18, 6], [3, 8, 4, 9], [7, 2, 8, 3], [13, 11, 14, 10], [21, 15, 22, 14], [19, 12, 20, 13], [11, 20, 12, 21], [9, 19, 10, 18]]"
11a_80_94,"[[9, 19, 10, 18], [15, 4, 16, 5], [1, 16, 2, 17], [5, 1, 6, 22], [17, 7, 18, 6], [3, 8, 4, 9], [7, 2, 8, 3], [13, 11, 14, 10], [21, 15, 22, 14], [19, 12, 20, 13], [11, 20, 12, 21]]"
11a_80_95,"[[11, 20, 12, 21], [9, 19, 10, 18], [15, 4, 16, 5], [1, 16, 2, 17], [5, 1, 6, 22], [17, 7, 18, 6], [3, 8, 4, 9], [7, 2, 8, 3], [13, 11, 14, 10], [21, 15, 22, 14], [19, 12, 20, 13]]"
11a_80_96,"[[19, 12, 20, 13], [11, 20, 12, 21], [9, 19, 10, 18], [15, 4, 16, 5], [1, 16, 2, 17], [5, 1, 6, 22], [17, 7, 18, 6], [3, 8, 4, 9], [7, 2, 8, 3], [13, 11, 14, 10], [21, 15, 22, 14]]"
11a_80_97,"[[21, 15, 22, 14], [19, 12, 20, 13], [11, 20, 12, 21], [9, 19, 10, 18], [15, 4, 16, 5], [1, 16, 2, 17], [5, 1, 6, 22], [17, 7, 18, 6], [3, 8, 4, 9], [7, 2, 8, 3], [13, 11, 14, 10]]"
11a_80_98,"[[13, 11, 14, 10], [21, 15, 22, 14], [19, 12, 20, 13], [11, 20, 12, 21], [9, 19, 10, 18], [15, 4, 16, 5], [1, 16, 2, 17], [5, 1, 6, 22], [17, 7, 18, 6], [3, 8, 4, 9], [7, 2, 8, 3]]"
11a_80_99,"[[8, 3, 9, 4], [14, 12, 15, 11], [22, 16, 1, 15], [20, 13, 21, 14], [12, 21, 13, 22], [10, 20, 11, 19], [16, 5, 17, 6], [2, 17, 3, 18], [6, 2, 7, 1], [18, 8, 19, 7], [4, 9, 5, 10]]"
11a_80_100,"[[4, 9, 5, 10], [8, 3, 9, 4], [14, 12, 15, 11], [22, 16, 1, 15], [20, 13, 21, 14], [12, 21, 13, 22], [10, 20, 11, 19], [16, 5, 17, 6], [2, 17, 3, 18], [6, 2, 7, 1], [18, 8, 19, 7]]"
11a_80_101,"[[18, 8, 19, 7], [4, 9, 5, 10], [8, 3, 9, 4], [14, 12, 15, 11], [22, 16, 1, 15], [20, 13, 21, 14], [12, 21, 13, 22], [10, 20, 11, 19], [16, 5, 17, 6], [2, 17, 3, 18], [6, 2, 7, 1]]"
11a_80_102,"[[6, 2, 7, 1], [18, 8, 19, 7], [4, 9, 5, 10], [8, 3, 9, 4], [14, 12, 15, 11], [22, 16, 1, 15], [20, 13, 21, 14], [12, 21, 13, 22], [10, 20, 11, 19], [16, 5, 17, 6], [2, 17, 3, 18]]"
11a_80_103,"[[2, 17, 3, 18], [6, 2, 7, 1], [18, 8, 19, 7], [4, 9, 5, 10], [8, 3, 9, 4], [14, 12, 15, 11], [22, 16, 1, 15], [20, 13, 21, 14], [12, 21, 13, 22], [10, 20, 11, 19], [16, 5, 17, 6]]"
11a_80_104,"[[16, 5, 17, 6], [2, 17, 3, 18], [6, 2, 7, 1], [18, 8, 19, 7], [4, 9, 5, 10], [8, 3, 9, 4], [14, 12, 15, 11], [22, 16, 1, 15], [20, 13, 21, 14], [12, 21, 13, 22], [10, 20, 11, 19]]"
11a_80_105,"[[10, 20, 11, 19], [16, 5, 17, 6], [2, 17, 3, 18], [6, 2, 7, 1], [18, 8, 19, 7], [4, 9, 5, 10], [8, 3, 9, 4], [14, 12, 15, 11], [22, 16, 1, 15], [20, 13, 21, 14], [12, 21, 13, 22]]"
11a_80_106,"[[12, 21, 13, 22], [10, 20, 11, 19], [16, 5, 17, 6], [2, 17, 3, 18], [6, 2, 7, 1], [18, 8, 19, 7], [4, 9, 5, 10], [8, 3, 9, 4], [14, 12, 15, 11], [22, 16, 1, 15], [20, 13, 21, 14]]"
11a_80_107,"[[20, 13, 21, 14], [12, 21, 13, 22], [10, 20, 11, 19], [16, 5, 17, 6], [2, 17, 3, 18], [6, 2, 7, 1], [18, 8, 19, 7], [4, 9, 5, 10], [8, 3, 9, 4], [14, 12, 15, 11], [22, 16, 1, 15]]"
11a_80_108,"[[22, 16, 1, 15], [20, 13, 21, 14], [12, 21, 13, 22], [10, 20, 11, 19], [16, 5, 17, 6], [2, 17, 3, 18], [6, 2, 7, 1], [18, 8, 19, 7], [4, 9, 5, 10], [8, 3, 9, 4], [14, 12, 15, 11]]"
11a_80_109,"[[14, 12, 15, 11], [22, 16, 1, 15], [20, 13, 21, 14], [12, 21, 13, 22], [10, 20, 11, 19], [16, 5, 17, 6], [2, 17, 3, 18], [6, 2, 7, 1], [18, 8, 19, 7], [4, 9, 5, 10], [8, 3, 9, 4]]"
11a_80_110,"[[9, 4, 10, 5], [15, 13, 16, 12], [1, 17, 2, 16], [21, 14, 22, 15], [13, 22, 14, 1], [11, 21, 12, 20], [17, 6, 18, 7], [3, 18, 4, 19], [7, 3, 8, 2], [19, 9, 20, 8], [5, 10, 6, 11]]"
11a_80_111,"[[5, 10, 6, 11], [9, 4, 10, 5], [15, 13, 16, 12], [1, 17, 2, 16], [21, 14, 22, 15], [13, 22, 14, 1], [11, 21, 12, 20], [17, 6, 18, 7], [3, 18, 4, 19], [7, 3, 8, 2], [19, 9, 20, 8]]"
11a_80_112,"[[19, 9, 20, 8], [5, 10, 6, 11], [9, 4, 10, 5], [15, 13, 16, 12], [1, 17, 2, 16], [21, 14, 22, 15], [13, 22, 14, 1], [11, 21, 12, 20], [17, 6, 18, 7], [3, 18, 4, 19], [7, 3, 8, 2]]"
11a_80_113,"[[7, 3, 8, 2], [19, 9, 20, 8], [5, 10, 6, 11], [9, 4, 10, 5], [15, 13, 16, 12], [1, 17, 2, 16], [21, 14, 22, 15], [13, 22, 14, 1], [11, 21, 12, 20], [17, 6, 18, 7], [3, 18, 4, 19]]"
11a_80_114,"[[3, 18, 4, 19], [7, 3, 8, 2], [19, 9, 20, 8], [5, 10, 6, 11], [9, 4, 10, 5], [15, 13, 16, 12], [1, 17, 2, 16], [21, 14, 22, 15], [13, 22, 14, 1], [11, 21, 12, 20], [17, 6, 18, 7]]"
11a_80_115,"[[17, 6, 18, 7], [3, 18, 4, 19], [7, 3, 8, 2], [19, 9, 20, 8], [5, 10, 6, 11], [9, 4, 10, 5], [15, 13, 16, 12], [1, 17, 2, 16], [21, 14, 22, 15], [13, 22, 14, 1], [11, 21, 12, 20]]"
11a_80_116,"[[11, 21, 12, 20], [17, 6, 18, 7], [3, 18, 4, 19], [7, 3, 8, 2], [19, 9, 20, 8], [5, 10, 6, 11], [9, 4, 10, 5], [15, 13, 16, 12], [1, 17, 2, 16], [21, 14, 22, 15], [13, 22, 14, 1]]"
11a_80_117,"[[13, 22, 14, 1], [11, 21, 12, 20], [17, 6, 18, 7], [3, 18, 4, 19], [7, 3, 8, 2], [19, 9, 20, 8], [5, 10, 6, 11], [9, 4, 10, 5], [15, 13, 16, 12], [1, 17, 2, 16], [21, 14, 22, 15]]"
11a_80_118,"[[21, 14, 22, 15], [13, 22, 14, 1], [11, 21, 12, 20], [17, 6, 18, 7], [3, 18, 4, 19], [7, 3, 8, 2], [19, 9, 20, 8], [5, 10, 6, 11], [9, 4, 10, 5], [15, 13, 16, 12], [1, 17, 2, 16]]"
11a_80_119,"[[1, 17, 2, 16], [21, 14, 22, 15], [13, 22, 14, 1], [11, 21, 12, 20], [17, 6, 18, 7], [3, 18, 4, 19], [7, 3, 8, 2], [19, 9, 20, 8], [5, 10, 6, 11], [9, 4, 10, 5], [15, 13, 16, 12]]"
11a_80_120,"[[15, 13, 16, 12], [1, 17, 2, 16], [21, 14, 22, 15], [13, 22, 14, 1], [11, 21, 12, 20], [17, 6, 18, 7], [3, 18, 4, 19], [7, 3, 8, 2], [19, 9, 20, 8], [5, 10, 6, 11], [9, 4, 10, 5]]"
11a_80_121,"[[10, 5, 11, 6], [16, 14, 17, 13], [2, 18, 3, 17], [22, 15, 1, 16], [14, 1, 15, 2], [12, 22, 13, 21], [18, 7, 19, 8], [4, 19, 5, 20], [8, 4, 9, 3], [20, 10, 21, 9], [6, 11, 7, 12]]"
11a_80_122,"[[6, 11, 7, 12], [10, 5, 11, 6], [16, 14, 17, 13], [2, 18, 3, 17], [22, 15, 1, 16], [14, 1, 15, 2], [12, 22, 13, 21], [18, 7, 19, 8], [4, 19, 5, 20], [8, 4, 9, 3], [20, 10, 21, 9]]"
11a_80_123,"[[20, 10, 21, 9], [6, 11, 7, 12], [10, 5, 11, 6], [16, 14, 17, 13], [2, 18, 3, 17], [22, 15, 1, 16], [14, 1, 15, 2], [12, 22, 13, 21], [18, 7, 19, 8], [4, 19, 5, 20], [8, 4, 9, 3]]"
11a_80_124,"[[8, 4, 9, 3], [20, 10, 21, 9], [6, 11, 7, 12], [10, 5, 11, 6], [16, 14, 17, 13], [2, 18, 3, 17], [22, 15, 1, 16], [14, 1, 15, 2], [12, 22, 13, 21], [18, 7, 19, 8], [4, 19, 5, 20]]"
11a_80_125,"[[4, 19, 5, 20], [8, 4, 9, 3], [20, 10, 21, 9], [6, 11, 7, 12], [10, 5, 11, 6], [16, 14, 17, 13], [2, 18, 3, 17], [22, 15, 1, 16], [14, 1, 15, 2], [12, 22, 13, 21], [18, 7, 19, 8]]"
11a_80_126,"[[18, 7, 19, 8], [4, 19, 5, 20], [8, 4, 9, 3], [20, 10, 21, 9], [6, 11, 7, 12], [10, 5, 11, 6], [16, 14, 17, 13], [2, 18, 3, 17], [22, 15, 1, 16], [14, 1, 15, 2], [12, 22, 13, 21]]"
11a_80_127,"[[12, 22, 13, 21], [18, 7, 19, 8], [4, 19, 5, 20], [8, 4, 9, 3], [20, 10, 21, 9], [6, 11, 7, 12], [10, 5, 11, 6], [16, 14, 17, 13], [2, 18, 3, 17], [22, 15, 1, 16], [14, 1, 15, 2]]"
11a_80_128,"[[14, 1, 15, 2], [12, 22, 13, 21], [18, 7, 19, 8], [4, 19, 5, 20], [8, 4, 9, 3], [20, 10, 21, 9], [6, 11, 7, 12], [10, 5, 11, 6], [16, 14, 17, 13], [2, 18, 3, 17], [22, 15, 1, 16]]"
11a_80_129,"[[22, 15, 1, 16], [14, 1, 15, 2], [12, 22, 13, 21], [18, 7, 19, 8], [4, 19, 5, 20], [8, 4, 9, 3], [20, 10, 21, 9], [6, 11, 7, 12], [10, 5, 11, 6], [16, 14, 17, 13], [2, 18, 3, 17]]"
11a_80_130,"[[2, 18, 3, 17], [22, 15, 1, 16], [14, 1, 15, 2], [12, 22, 13, 21], [18, 7, 19, 8], [4, 19, 5, 20], [8, 4, 9, 3], [20, 10, 21, 9], [6, 11, 7, 12], [10, 5, 11, 6], [16, 14, 17, 13]]"
11a_80_131,"[[16, 14, 17, 13], [2, 18, 3, 17], [22, 15, 1, 16], [14, 1, 15, 2], [12, 22, 13, 21], [18, 7, 19, 8], [4, 19, 5, 20], [8, 4, 9, 3], [20, 10, 21, 9], [6, 11, 7, 12], [10, 5, 11, 6]]"
11a_80_132,"[[11, 6, 12, 7], [17, 15, 18, 14], [3, 19, 4, 18], [1, 16, 2, 17], [15, 2, 16, 3], [13, 1, 14, 22], [19, 8, 20, 9], [5, 20, 6, 21], [9, 5, 10, 4], [21, 11, 22, 10], [7, 12, 8, 13]]"
11a_80_133,"[[7, 12, 8, 13], [11, 6, 12, 7], [17, 15, 18, 14], [3, 19, 4, 18], [1, 16, 2, 17], [15, 2, 16, 3], [13, 1, 14, 22], [19, 8, 20, 9], [5, 20, 6, 21], [9, 5, 10, 4], [21, 11, 22, 10]]"
11a_80_134,"[[21, 11, 22, 10], [7, 12, 8, 13], [11, 6, 12, 7], [17, 15, 18, 14], [3, 19, 4, 18], [1, 16, 2, 17], [15, 2, 16, 3], [13, 1, 14, 22], [19, 8, 20, 9], [5, 20, 6, 21], [9, 5, 10, 4]]"
11a_80_135,"[[9, 5, 10, 4], [21, 11, 22, 10], [7, 12, 8, 13], [11, 6, 12, 7], [17, 15, 18, 14], [3, 19, 4, 18], [1, 16, 2, 17], [15, 2, 16, 3], [13, 1, 14, 22], [19, 8, 20, 9], [5, 20, 6, 21]]"
11a_80_136,"[[5, 20, 6, 21], [9, 5, 10, 4], [21, 11, 22, 10], [7, 12, 8, 13], [11, 6, 12, 7], [17, 15, 18, 14], [3, 19, 4, 18], [1, 16, 2, 17], [15, 2, 16, 3], [13, 1, 14, 22], [19, 8, 20, 9]]"
11a_80_137,"[[19, 8, 20, 9], [5, 20, 6, 21], [9, 5, 10, 4], [21, 11, 22, 10], [7, 12, 8, 13], [11, 6, 12, 7], [17, 15, 18, 14], [3, 19, 4, 18], [1, 16, 2, 17], [15, 2, 16, 3], [13, 1, 14, 22]]"
11a_80_138,"[[13, 1, 14, 22], [19, 8, 20, 9], [5, 20, 6, 21], [9, 5, 10, 4], [21, 11, 22, 10], [7, 12, 8, 13], [11, 6, 12, 7], [17, 15, 18, 14], [3, 19, 4, 18], [1, 16, 2, 17], [15, 2, 16, 3]]"
11a_80_139,"[[15, 2, 16, 3], [13, 1, 14, 22], [19, 8, 20, 9], [5, 20, 6, 21], [9, 5, 10, 4], [21, 11, 22, 10], [7, 12, 8, 13], [11, 6, 12, 7], [17, 15, 18, 14], [3, 19, 4, 18], [1, 16, 2, 17]]"
11a_80_140,"[[1, 16, 2, 17], [15, 2, 16, 3], [13, 1, 14, 22], [19, 8, 20, 9], [5, 20, 6, 21], [9, 5, 10, 4], [21, 11, 22, 10], [7, 12, 8, 13], [11, 6, 12, 7], [17, 15, 18, 14], [3, 19, 4, 18]]"
11a_80_141,"[[3, 19, 4, 18], [1, 16, 2, 17], [15, 2, 16, 3], [13, 1, 14, 22], [19, 8, 20, 9], [5, 20, 6, 21], [9, 5, 10, 4], [21, 11, 22, 10], [7, 12, 8, 13], [11, 6, 12, 7], [17, 15, 18, 14]]"
11a_80_142,"[[17, 15, 18, 14], [3, 19, 4, 18], [1, 16, 2, 17], [15, 2, 16, 3], [13, 1, 14, 22], [19, 8, 20, 9], [5, 20, 6, 21], [9, 5, 10, 4], [21, 11, 22, 10], [7, 12, 8, 13], [11, 6, 12, 7]]"
11a_80_143,"[[12, 7, 13, 8], [18, 16, 19, 15], [4, 20, 5, 19], [2, 17, 3, 18], [16, 3, 17, 4], [14, 2, 15, 1], [20, 9, 21, 10], [6, 21, 7, 22], [10, 6, 11, 5], [22, 12, 1, 11], [8, 13, 9, 14]]"
11a_80_144,"[[8, 13, 9, 14], [12, 7, 13, 8], [18, 16, 19, 15], [4, 20, 5, 19], [2, 17, 3, 18], [16, 3, 17, 4], [14, 2, 15, 1], [20, 9, 21, 10], [6, 21, 7, 22], [10, 6, 11, 5], [22, 12, 1, 11]]"
11a_80_145,"[[22, 12, 1, 11], [8, 13, 9, 14], [12, 7, 13, 8], [18, 16, 19, 15], [4, 20, 5, 19], [2, 17, 3, 18], [16, 3, 17, 4], [14, 2, 15, 1], [20, 9, 21, 10], [6, 21, 7, 22], [10, 6, 11, 5]]"
11a_80_146,"[[10, 6, 11, 5], [22, 12, 1, 11], [8, 13, 9, 14], [12, 7, 13, 8], [18, 16, 19, 15], [4, 20, 5, 19], [2, 17, 3, 18], [16, 3, 17, 4], [14, 2, 15, 1], [20, 9, 21, 10], [6, 21, 7, 22]]"
11a_80_147,"[[6, 21, 7, 22], [10, 6, 11, 5], [22, 12, 1, 11], [8, 13, 9, 14], [12, 7, 13, 8], [18, 16, 19, 15], [4, 20, 5, 19], [2, 17, 3, 18], [16, 3, 17, 4], [14, 2, 15, 1], [20, 9, 21, 10]]"
11a_80_148,"[[20, 9, 21, 10], [6, 21, 7, 22], [10, 6, 11, 5], [22, 12, 1, 11], [8, 13, 9, 14], [12, 7, 13, 8], [18, 16, 19, 15], [4, 20, 5, 19], [2, 17, 3, 18], [16, 3, 17, 4], [14, 2, 15, 1]]"
11a_80_149,"[[14, 2, 15, 1], [20, 9, 21, 10], [6, 21, 7, 22], [10, 6, 11, 5], [22, 12, 1, 11], [8, 13, 9, 14], [12, 7, 13, 8], [18, 16, 19, 15], [4, 20, 5, 19], [2, 17, 3, 18], [16, 3, 17, 4]]"
11a_80_150,"[[16, 3, 17, 4], [14, 2, 15, 1], [20, 9, 21, 10], [6, 21, 7, 22], [10, 6, 11, 5], [22, 12, 1, 11], [8, 13, 9, 14], [12, 7, 13, 8], [18, 16, 19, 15], [4, 20, 5, 19], [2, 17, 3, 18]]"
11a_80_151,"[[2, 17, 3, 18], [16, 3, 17, 4], [14, 2, 15, 1], [20, 9, 21, 10], [6, 21, 7, 22], [10, 6, 11, 5], [22, 12, 1, 11], [8, 13, 9, 14], [12, 7, 13, 8], [18, 16, 19, 15], [4, 20, 5, 19]]"
11a_80_152,"[[4, 20, 5, 19], [2, 17, 3, 18], [16, 3, 17, 4], [14, 2, 15, 1], [20, 9, 21, 10], [6, 21, 7, 22], [10, 6, 11, 5], [22, 12, 1, 11], [8, 13, 9, 14], [12, 7, 13, 8], [18, 16, 19, 15]]"
11a_80_153,"[[18, 16, 19, 15], [4, 20, 5, 19], [2, 17, 3, 18], [16, 3, 17, 4], [14, 2, 15, 1], [20, 9, 21, 10], [6, 21, 7, 22], [10, 6, 11, 5], [22, 12, 1, 11], [8, 13, 9, 14], [12, 7, 13, 8]]"
11a_80_154,"[[13, 8, 14, 9], [19, 17, 20, 16], [5, 21, 6, 20], [3, 18, 4, 19], [17, 4, 18, 5], [15, 3, 16, 2], [21, 10, 22, 11], [7, 22, 8, 1], [11, 7, 12, 6], [1, 13, 2, 12], [9, 14, 10, 15]]"
11a_80_155,"[[9, 14, 10, 15], [13, 8, 14, 9], [19, 17, 20, 16], [5, 21, 6, 20], [3, 18, 4, 19], [17, 4, 18, 5], [15, 3, 16, 2], [21, 10, 22, 11], [7, 22, 8, 1], [11, 7, 12, 6], [1, 13, 2, 12]]"
11a_80_156,"[[1, 13, 2, 12], [9, 14, 10, 15], [13, 8, 14, 9], [19, 17, 20, 16], [5, 21, 6, 20], [3, 18, 4, 19], [17, 4, 18, 5], [15, 3, 16, 2], [21, 10, 22, 11], [7, 22, 8, 1], [11, 7, 12, 6]]"
11a_80_157,"[[11, 7, 12, 6], [1, 13, 2, 12], [9, 14, 10, 15], [13, 8, 14, 9], [19, 17, 20, 16], [5, 21, 6, 20], [3, 18, 4, 19], [17, 4, 18, 5], [15, 3, 16, 2], [21, 10, 22, 11], [7, 22, 8, 1]]"
11a_80_158,"[[7, 22, 8, 1], [11, 7, 12, 6], [1, 13, 2, 12], [9, 14, 10, 15], [13, 8, 14, 9], [19, 17, 20, 16], [5, 21, 6, 20], [3, 18, 4, 19], [17, 4, 18, 5], [15, 3, 16, 2], [21, 10, 22, 11]]"
11a_80_159,"[[21, 10, 22, 11], [7, 22, 8, 1], [11, 7, 12, 6], [1, 13, 2, 12], [9, 14, 10, 15], [13, 8, 14, 9], [19, 17, 20, 16], [5, 21, 6, 20], [3, 18, 4, 19], [17, 4, 18, 5], [15, 3, 16, 2]]"
11a_80_160,"[[15, 3, 16, 2], [21, 10, 22, 11], [7, 22, 8, 1], [11, 7, 12, 6], [1, 13, 2, 12], [9, 14, 10, 15], [13, 8, 14, 9], [19, 17, 20, 16], [5, 21, 6, 20], [3, 18, 4, 19], [17, 4, 18, 5]]"
11a_80_161,"[[17, 4, 18, 5], [15, 3, 16, 2], [21, 10, 22, 11], [7, 22, 8, 1], [11, 7, 12, 6], [1, 13, 2, 12], [9, 14, 10, 15], [13, 8, 14, 9], [19, 17, 20, 16], [5, 21, 6, 20], [3, 18, 4, 19]]"
11a_80_162,"[[3, 18, 4, 19], [17, 4, 18, 5], [15, 3, 16, 2], [21, 10, 22, 11], [7, 22, 8, 1], [11, 7, 12, 6], [1, 13, 2, 12], [9, 14, 10, 15], [13, 8, 14, 9], [19, 17, 20, 16], [5, 21, 6, 20]]"
11a_80_163,"[[5, 21, 6, 20], [3, 18, 4, 19], [17, 4, 18, 5], [15, 3, 16, 2], [21, 10, 22, 11], [7, 22, 8, 1], [11, 7, 12, 6], [1, 13, 2, 12], [9, 14, 10, 15], [13, 8, 14, 9], [19, 17, 20, 16]]"
11a_80_164,"[[19, 17, 20, 16], [5, 21, 6, 20], [3, 18, 4, 19], [17, 4, 18, 5], [15, 3, 16, 2], [21, 10, 22, 11], [7, 22, 8, 1], [11, 7, 12, 6], [1, 13, 2, 12], [9, 14, 10, 15], [13, 8, 14, 9]]"
11a_80_165,"[[14, 9, 15, 10], [20, 18, 21, 17], [6, 22, 7, 21], [4, 19, 5, 20], [18, 5, 19, 6], [16, 4, 17, 3], [22, 11, 1, 12], [8, 1, 9, 2], [12, 8, 13, 7], [2, 14, 3, 13], [10, 15, 11, 16]]"
11a_80_166,"[[10, 15, 11, 16], [14, 9, 15, 10], [20, 18, 21, 17], [6, 22, 7, 21], [4, 19, 5, 20], [18, 5, 19, 6], [16, 4, 17, 3], [22, 11, 1, 12], [8, 1, 9, 2], [12, 8, 13, 7], [2, 14, 3, 13]]"
11a_80_167,"[[2, 14, 3, 13], [10, 15, 11, 16], [14, 9, 15, 10], [20, 18, 21, 17], [6, 22, 7, 21], [4, 19, 5, 20], [18, 5, 19, 6], [16, 4, 17, 3], [22, 11, 1, 12], [8, 1, 9, 2], [12, 8, 13, 7]]"
11a_80_168,"[[12, 8, 13, 7], [2, 14, 3, 13], [10, 15, 11, 16], [14, 9, 15, 10], [20, 18, 21, 17], [6, 22, 7, 21], [4, 19, 5, 20], [18, 5, 19, 6], [16, 4, 17, 3], [22, 11, 1, 12], [8, 1, 9, 2]]"
11a_80_169,"[[8, 1, 9, 2], [12, 8, 13, 7], [2, 14, 3, 13], [10, 15, 11, 16], [14, 9, 15, 10], [20, 18, 21, 17], [6, 22, 7, 21], [4, 19, 5, 20], [18, 5, 19, 6], [16, 4, 17, 3], [22, 11, 1, 12]]"
11a_80_170,"[[22, 11, 1, 12], [8, 1, 9, 2], [12, 8, 13, 7], [2, 14, 3, 13], [10, 15, 11, 16], [14, 9, 15, 10], [20, 18, 21, 17], [6, 22, 7, 21], [4, 19, 5, 20], [18, 5, 19, 6], [16, 4, 17, 3]]"
11a_80_171,"[[16, 4, 17, 3], [22, 11, 1, 12], [8, 1, 9, 2], [12, 8, 13, 7], [2, 14, 3, 13], [10, 15, 11, 16], [14, 9, 15, 10], [20, 18, 21, 17], [6, 22, 7, 21], [4, 19, 5, 20], [18, 5, 19, 6]]"
11a_80_172,"[[18, 5, 19, 6], [16, 4, 17, 3], [22, 11, 1, 12], [8, 1, 9, 2], [12, 8, 13, 7], [2, 14, 3, 13], [10, 15, 11, 16], [14, 9, 15, 10], [20, 18, 21, 17], [6, 22, 7, 21], [4, 19, 5, 20]]"
11a_80_173,"[[4, 19, 5, 20], [18, 5, 19, 6], [16, 4, 17, 3], [22, 11, 1, 12], [8, 1, 9, 2], [12, 8, 13, 7], [2, 14, 3, 13], [10, 15, 11, 16], [14, 9, 15, 10], [20, 18, 21, 17], [6, 22, 7, 21]]"
11a_80_174,"[[6, 22, 7, 21], [4, 19, 5, 20], [18, 5, 19, 6], [16, 4, 17, 3], [22, 11, 1, 12], [8, 1, 9, 2], [12, 8, 13, 7], [2, 14, 3, 13], [10, 15, 11, 16], [14, 9, 15, 10], [20, 18, 21, 17]]"
11a_80_175,"[[20, 18, 21, 17], [6, 22, 7, 21], [4, 19, 5, 20], [18, 5, 19, 6], [16, 4, 17, 3], [22, 11, 1, 12], [8, 1, 9, 2], [12, 8, 13, 7], [2, 14, 3, 13], [10, 15, 11, 16], [14, 9, 15, 10]]"
11a_80_176,"[[15, 10, 16, 11], [21, 19, 22, 18], [7, 1, 8, 22], [5, 20, 6, 21], [19, 6, 20, 7], [17, 5, 18, 4], [1, 12, 2, 13], [9, 2, 10, 3], [13, 9, 14, 8], [3, 15, 4, 14], [11, 16, 12, 17]]"
11a_80_177,"[[11, 16, 12, 17], [15, 10, 16, 11], [21, 19, 22, 18], [7, 1, 8, 22], [5, 20, 6, 21], [19, 6, 20, 7], [17, 5, 18, 4], [1, 12, 2, 13], [9, 2, 10, 3], [13, 9, 14, 8], [3, 15, 4, 14]]"
11a_80_178,"[[3, 15, 4, 14], [11, 16, 12, 17], [15, 10, 16, 11], [21, 19, 22, 18], [7, 1, 8, 22], [5, 20, 6, 21], [19, 6, 20, 7], [17, 5, 18, 4], [1, 12, 2, 13], [9, 2, 10, 3], [13, 9, 14, 8]]"
11a_80_179,"[[13, 9, 14, 8], [3, 15, 4, 14], [11, 16, 12, 17], [15, 10, 16, 11], [21, 19, 22, 18], [7, 1, 8, 22], [5, 20, 6, 21], [19, 6, 20, 7], [17, 5, 18, 4], [1, 12, 2, 13], [9, 2, 10, 3]]"
11a_80_180,"[[9, 2, 10, 3], [13, 9, 14, 8], [3, 15, 4, 14], [11, 16, 12, 17], [15, 10, 16, 11], [21, 19, 22, 18], [7, 1, 8, 22], [5, 20, 6, 21], [19, 6, 20, 7], [17, 5, 18, 4], [1, 12, 2, 13]]"
11a_80_181,"[[1, 12, 2, 13], [9, 2, 10, 3], [13, 9, 14, 8], [3, 15, 4, 14], [11, 16, 12, 17], [15, 10, 16, 11], [21, 19, 22, 18], [7, 1, 8, 22], [5, 20, 6, 21], [19, 6, 20, 7], [17, 5, 18, 4]]"
11a_80_182,"[[17, 5, 18, 4], [1, 12, 2, 13], [9, 2, 10, 3], [13, 9, 14, 8], [3, 15, 4, 14], [11, 16, 12, 17], [15, 10, 16, 11], [21, 19, 22, 18], [7, 1, 8, 22], [5, 20, 6, 21], [19, 6, 20, 7]]"
11a_80_183,"[[19, 6, 20, 7], [17, 5, 18, 4], [1, 12, 2, 13], [9, 2, 10, 3], [13, 9, 14, 8], [3, 15, 4, 14], [11, 16, 12, 17], [15, 10, 16, 11], [21, 19, 22, 18], [7, 1, 8, 22], [5, 20, 6, 21]]"
11a_80_184,"[[5, 20, 6, 21], [19, 6, 20, 7], [17, 5, 18, 4], [1, 12, 2, 13], [9, 2, 10, 3], [13, 9, 14, 8], [3, 15, 4, 14], [11, 16, 12, 17], [15, 10, 16, 11], [21, 19, 22, 18], [7, 1, 8, 22]]"
11a_80_185,"[[7, 1, 8, 22], [5, 20, 6, 21], [19, 6, 20, 7], [17, 5, 18, 4], [1, 12, 2, 13], [9, 2, 10, 3], [13, 9, 14, 8], [3, 15, 4, 14], [11, 16, 12, 17], [15, 10, 16, 11], [21, 19, 22, 18]]"
11a_80_186,"[[21, 19, 22, 18], [7, 1, 8, 22], [5, 20, 6, 21], [19, 6, 20, 7], [17, 5, 18, 4], [1, 12, 2, 13], [9, 2, 10, 3], [13, 9, 14, 8], [3, 15, 4, 14], [11, 16, 12, 17], [15, 10, 16, 11]]"
11a_80_187,"[[16, 11, 17, 12], [22, 20, 1, 19], [8, 2, 9, 1], [6, 21, 7, 22], [20, 7, 21, 8], [18, 6, 19, 5], [2, 13, 3, 14], [10, 3, 11, 4], [14, 10, 15, 9], [4, 16, 5, 15], [12, 17, 13, 18]]"
11a_80_188,"[[12, 17, 13, 18], [16, 11, 17, 12], [22, 20, 1, 19], [8, 2, 9, 1], [6, 21, 7, 22], [20, 7, 21, 8], [18, 6, 19, 5], [2, 13, 3, 14], [10, 3, 11, 4], [14, 10, 15, 9], [4, 16, 5, 15]]"
11a_80_189,"[[4, 16, 5, 15], [12, 17, 13, 18], [16, 11, 17, 12], [22, 20, 1, 19], [8, 2, 9, 1], [6, 21, 7, 22], [20, 7, 21, 8], [18, 6, 19, 5], [2, 13, 3, 14], [10, 3, 11, 4], [14, 10, 15, 9]]"
11a_80_190,"[[14, 10, 15, 9], [4, 16, 5, 15], [12, 17, 13, 18], [16, 11, 17, 12], [22, 20, 1, 19], [8, 2, 9, 1], [6, 21, 7, 22], [20, 7, 21, 8], [18, 6, 19, 5], [2, 13, 3, 14], [10, 3, 11, 4]]"
11a_80_191,"[[10, 3, 11, 4], [14, 10, 15, 9], [4, 16, 5, 15], [12, 17, 13, 18], [16, 11, 17, 12], [22, 20, 1, 19], [8, 2, 9, 1], [6, 21, 7, 22], [20, 7, 21, 8], [18, 6, 19, 5], [2, 13, 3, 14]]"
11a_80_192,"[[2, 13, 3, 14], [10, 3, 11, 4], [14, 10, 15, 9], [4, 16, 5, 15], [12, 17, 13, 18], [16, 11, 17, 12], [22, 20, 1, 19], [8, 2, 9, 1], [6, 21, 7, 22], [20, 7, 21, 8], [18, 6, 19, 5]]"
11a_80_193,"[[18, 6, 19, 5], [2, 13, 3, 14], [10, 3, 11, 4], [14, 10, 15, 9], [4, 16, 5, 15], [12, 17, 13, 18], [16, 11, 17, 12], [22, 20, 1, 19], [8, 2, 9, 1], [6, 21, 7, 22], [20, 7, 21, 8]]"
11a_80_194,"[[20, 7, 21, 8], [18, 6, 19, 5], [2, 13, 3, 14], [10, 3, 11, 4], [14, 10, 15, 9], [4, 16, 5, 15], [12, 17, 13, 18], [16, 11, 17, 12], [22, 20, 1, 19], [8, 2, 9, 1], [6, 21, 7, 22]]"
11a_80_195,"[[6, 21, 7, 22], [20, 7, 21, 8], [18, 6, 19, 5], [2, 13, 3, 14], [10, 3, 11, 4], [14, 10, 15, 9], [4, 16, 5, 15], [12, 17, 13, 18], [16, 11, 17, 12], [22, 20, 1, 19], [8, 2, 9, 1]]"
11a_80_196,"[[8, 2, 9, 1], [6, 21, 7, 22], [20, 7, 21, 8], [18, 6, 19, 5], [2, 13, 3, 14], [10, 3, 11, 4], [14, 10, 15, 9], [4, 16, 5, 15], [12, 17, 13, 18], [16, 11, 17, 12], [22, 20, 1, 19]]"
11a_80_197,"[[22, 20, 1, 19], [8, 2, 9, 1], [6, 21, 7, 22], [20, 7, 21, 8], [18, 6, 19, 5], [2, 13, 3, 14], [10, 3, 11, 4], [14, 10, 15, 9], [4, 16, 5, 15], [12, 17, 13, 18], [16, 11, 17, 12]]"
11a_80_198,"[[17, 12, 18, 13], [1, 21, 2, 20], [9, 3, 10, 2], [7, 22, 8, 1], [21, 8, 22, 9], [19, 7, 20, 6], [3, 14, 4, 15], [11, 4, 12, 5], [15, 11, 16, 10], [5, 17, 6, 16], [13, 18, 14, 19]]"
11a_80_199,"[[13, 18, 14, 19], [17, 12, 18, 13], [1, 21, 2, 20], [9, 3, 10, 2], [7, 22, 8, 1], [21, 8, 22, 9], [19, 7, 20, 6], [3, 14, 4, 15], [11, 4, 12, 5], [15, 11, 16, 10], [5, 17, 6, 16]]"
11a_80_200,"[[5, 17, 6, 16], [13, 18, 14, 19], [17, 12, 18, 13], [1, 21, 2, 20], [9, 3, 10, 2], [7, 22, 8, 1], [21, 8, 22, 9], [19, 7, 20, 6], [3, 14, 4, 15], [11, 4, 12, 5], [15, 11, 16, 10]]"
11a_80_201,"[[15, 11, 16, 10], [5, 17, 6, 16], [13, 18, 14, 19], [17, 12, 18, 13], [1, 21, 2, 20], [9, 3, 10, 2], [7, 22, 8, 1], [21, 8, 22, 9], [19, 7, 20, 6], [3, 14, 4, 15], [11, 4, 12, 5]]"
11a_80_202,"[[11, 4, 12, 5], [15, 11, 16, 10], [5, 17, 6, 16], [13, 18, 14, 19], [17, 12, 18, 13], [1, 21, 2, 20], [9, 3, 10, 2], [7, 22, 8, 1], [21, 8, 22, 9], [19, 7, 20, 6], [3, 14, 4, 15]]"
11a_80_203,"[[3, 14, 4, 15], [11, 4, 12, 5], [15, 11, 16, 10], [5, 17, 6, 16], [13, 18, 14, 19], [17, 12, 18, 13], [1, 21, 2, 20], [9, 3, 10, 2], [7, 22, 8, 1], [21, 8, 22, 9], [19, 7, 20, 6]]"
11a_80_204,"[[19, 7, 20, 6], [3, 14, 4, 15], [11, 4, 12, 5], [15, 11, 16, 10], [5, 17, 6, 16], [13, 18, 14, 19], [17, 12, 18, 13], [1, 21, 2, 20], [9, 3, 10, 2], [7, 22, 8, 1], [21, 8, 22, 9]]"
