name,pd_notation
11a_180_0,"[[11, 20, 12, 21], [5, 3, 6, 2], [15, 7, 16, 6], [13, 4, 14, 5], [3, 14, 4, 15], [17, 9, 18, 8], [7, 17, 8, 16], [1, 19, 2, 18], [19, 10, 20, 11], [9, 22, 10, 1], [21, 12, 22, 13]]"
11a_180_1,"[[21, 12, 22, 13], [11, 20, 12, 21], [5, 3, 6, 2], [15, 7, 16, 6], [13, 4, 14, 5], [3, 14, 4, 15], [17, 9, 18, 8], [7, 17, 8, 16], [1, 19, 2, 18], [19, 10, 20, 11], [9, 22, 10, 1]]"
11a_180_2,"[[9, 22, 10, 1], [21, 12, 22, 13], [11, 20, 12, 21], [5, 3, 6, 2], [15, 7, 16, 6], [13, 4, 14, 5], [3, 14, 4, 15], [17, 9, 18, 8], [7, 17, 8, 16], [1, 19, 2, 18], [19, 10, 20, 11]]"
11a_180_3,"[[19, 10, 20, 11], [9, 22, 10, 1], [21, 12, 22, 13], [11, 20, 12, 21], [5, 3, 6, 2], [15, 7, 16, 6], [13, 4, 14, 5], [3, 14, 4, 15], [17, 9, 18, 8], [7, 17, 8, 16], [1, 19, 2, 18]]"
11a_180_4,"[[1, 19, 2, 18], [19, 10, 20, 11], [9, 22, 10, 1], [21, 12, 22, 13], [11, 20, 12, 21], [5, 3, 6, 2], [15, 7, 16, 6], [13, 4, 14, 5], [3, 14, 4, 15], [17, 9, 18, 8], [7, 17, 8, 16]]"
11a_180_5,"[[7, 17, 8, 16], [1, 19, 2, 18], [19, 10, 20, 11], [9, 22, 10, 1], [21, 12, 22, 13], [11, 20, 12, 21], [5, 3, 6, 2], [15, 7, 16, 6], [13, 4, 14, 5], [3, 14, 4, 15], [17, 9, 18, 8]]"
11a_180_6,"[[17, 9, 18, 8], [7, 17, 8, 16], [1, 19, 2, 18], [19, 10, 20, 11], [9, 22, 10, 1], [21, 12, 22, 13], [11, 20, 12, 21], [5, 3, 6, 2], [15, 7, 16, 6], [13, 4, 14, 5], [3, 14, 4, 15]]"
11a_180_7,"[[3, 14, 4, 15], [17, 9, 18, 8], [7, 17, 8, 16], [1, 19, 2, 18], [19, 10, 20, 11], [9, 22, 10, 1], [21, 12, 22, 13], [11, 20, 12, 21], [5, 3, 6, 2], [15, 7, 16, 6], [13, 4, 14, 5]]"
11a_180_8,"[[13, 4, 14, 5], [3, 14, 4, 15], [17, 9, 18, 8], [7, 17, 8, 16], [1, 19, 2, 18], [19, 10, 20, 11], [9, 22, 10, 1], [21, 12, 22, 13], [11, 20, 12, 21], [5, 3, 6, 2], [15, 7, 16, 6]]"
11a_180_9,"[[15, 7, 16, 6], [13, 4, 14, 5], [3, 14, 4, 15], [17, 9, 18, 8], [7, 17, 8, 16], [1, 19, 2, 18], [19, 10, 20, 11], [9, 22, 10, 1], [21, 12, 22, 13], [11, 20, 12, 21], [5, 3, 6, 2]]"
11a_180_10,"[[5, 3, 6, 2], [15, 7, 16, 6], [13, 4, 14, 5], [3, 14, 4, 15], [17, 9, 18, 8], [7, 17, 8, 16], [1, 19, 2, 18], [19, 10, 20, 11], [9, 22, 10, 1], [21, 12, 22, 13], [11, 20, 12, 21]]"
11a_180_11,"[[12, 21, 13, 22], [6, 4, 7, 3], [16, 8, 17, 7], [14, 5, 15, 6], [4, 15, 5, 16], [18, 10, 19, 9], [8, 18, 9, 17], [2, 20, 3, 19], [20, 11, 21, 12], [10, 1, 11, 2], [22, 13, 1, 14]]"
11a_180_12,"[[22, 13, 1, 14], [12, 21, 13, 22], [6, 4, 7, 3], [16, 8, 17, 7], [14, 5, 15, 6], [4, 15, 5, 16], [18, 10, 19, 9], [8, 18, 9, 17], [2, 20, 3, 19], [20, 11, 21, 12], [10, 1, 11, 2]]"
11a_180_13,"[[10, 1, 11, 2], [22, 13, 1, 14], [12, 21, 13, 22], [6, 4, 7, 3], [16, 8, 17, 7], [14, 5, 15, 6], [4, 15, 5, 16], [18, 10, 19, 9], [8, 18, 9, 17], [2, 20, 3, 19], [20, 11, 21, 12]]"
11a_180_14,"[[20, 11, 21, 12], [10, 1, 11, 2], [22, 13, 1, 14], [12, 21, 13, 22], [6, 4, 7, 3], [16, 8, 17, 7], [14, 5, 15, 6], [4, 15, 5, 16], [18, 10, 19, 9], [8, 18, 9, 17], [2, 20, 3, 19]]"
11a_180_15,"[[2, 20, 3, 19], [20, 11, 21, 12], [10, 1, 11, 2], [22, 13, 1, 14], [12, 21, 13, 22], [6, 4, 7, 3], [16, 8, 17, 7], [14, 5, 15, 6], [4, 15, 5, 16], [18, 10, 19, 9], [8, 18, 9, 17]]"
11a_180_16,"[[8, 18, 9, 17], [2, 20, 3, 19], [20, 11, 21, 12], [10, 1, 11, 2], [22, 13, 1, 14], [12, 21, 13, 22], [6, 4, 7, 3], [16, 8, 17, 7], [14, 5, 15, 6], [4, 15, 5, 16], [18, 10, 19, 9]]"
11a_180_17,"[[18, 10, 19, 9], [8, 18, 9, 17], [2, 20, 3, 19], [20, 11, 21, 12], [10, 1, 11, 2], [22, 13, 1, 14], [12, 21, 13, 22], [6, 4, 7, 3], [16, 8, 17, 7], [14, 5, 15, 6], [4, 15, 5, 16]]"
11a_180_18,"[[4, 15, 5, 16], [18, 10, 19, 9], [8, 18, 9, 17], [2, 20, 3, 19], [20, 11, 21, 12], [10, 1, 11, 2], [22, 13, 1, 14], [12, 21, 13, 22], [6, 4, 7, 3], [16, 8, 17, 7], [14, 5, 15, 6]]"
11a_180_19,"[[14, 5, 15, 6], [4, 15, 5, 16], [18, 10, 19, 9], [8, 18, 9, 17], [2, 20, 3, 19], [20, 11, 21, 12], [10, 1, 11, 2], [22, 13, 1, 14], [12, 21, 13, 22], [6, 4, 7, 3], [16, 8, 17, 7]]"
11a_180_20,"[[16, 8, 17, 7], [14, 5, 15, 6], [4, 15, 5, 16], [18, 10, 19, 9], [8, 18, 9, 17], [2, 20, 3, 19], [20, 11, 21, 12], [10, 1, 11, 2], [22, 13, 1, 14], [12, 21, 13, 22], [6, 4, 7, 3]]"
11a_180_21,"[[6, 4, 7, 3], [16, 8, 17, 7], [14, 5, 15, 6], [4, 15, 5, 16], [18, 10, 19, 9], [8, 18, 9, 17], [2, 20, 3, 19], [20, 11, 21, 12], [10, 1, 11, 2], [22, 13, 1, 14], [12, 21, 13, 22]]"
11a_180_22,"[[13, 22, 14, 1], [7, 5, 8, 4], [17, 9, 18, 8], [15, 6, 16, 7], [5, 16, 6, 17], [19, 11, 20, 10], [9, 19, 10, 18], [3, 21, 4, 20], [21, 12, 22, 13], [11, 2, 12, 3], [1, 14, 2, 15]]"
11a_180_23,"[[1, 14, 2, 15], [13, 22, 14, 1], [7, 5, 8, 4], [17, 9, 18, 8], [15, 6, 16, 7], [5, 16, 6, 17], [19, 11, 20, 10], [9, 19, 10, 18], [3, 21, 4, 20], [21, 12, 22, 13], [11, 2, 12, 3]]"
11a_180_24,"[[11, 2, 12, 3], [1, 14, 2, 15], [13, 22, 14, 1], [7, 5, 8, 4], [17, 9, 18, 8], [15, 6, 16, 7], [5, 16, 6, 17], [19, 11, 20, 10], [9, 19, 10, 18], [3, 21, 4, 20], [21, 12, 22, 13]]"
11a_180_25,"[[21, 12, 22, 13], [11, 2, 12, 3], [1, 14, 2, 15], [13, 22, 14, 1], [7, 5, 8, 4], [17, 9, 18, 8], [15, 6, 16, 7], [5, 16, 6, 17], [19, 11, 20, 10], [9, 19, 10, 18], [3, 21, 4, 20]]"
11a_180_26,"[[3, 21, 4, 20], [21, 12, 22, 13], [11, 2, 12, 3], [1, 14, 2, 15], [13, 22, 14, 1], [7, 5, 8, 4], [17, 9, 18, 8], [15, 6, 16, 7], [5, 16, 6, 17], [19, 11, 20, 10], [9, 19, 10, 18]]"
11a_180_27,"[[9, 19, 10, 18], [3, 21, 4, 20], [21, 12, 22, 13], [11, 2, 12, 3], [1, 14, 2, 15], [13, 22, 14, 1], [7, 5, 8, 4], [17, 9, 18, 8], [15, 6, 16, 7], [5, 16, 6, 17], [19, 11, 20, 10]]"
11a_180_28,"[[19, 11, 20, 10], [9, 19, 10, 18], [3, 21, 4, 20], [21, 12, 22, 13], [11, 2, 12, 3], [1, 14, 2, 15], [13, 22, 14, 1], [7, 5, 8, 4], [17, 9, 18, 8], [15, 6, 16, 7], [5, 16, 6, 17]]"
11a_180_29,"[[5, 16, 6, 17], [19, 11, 20, 10], [9, 19, 10, 18], [3, 21, 4, 20], [21, 12, 22, 13], [11, 2, 12, 3], [1, 14, 2, 15], [13, 22, 14, 1], [7, 5, 8, 4], [17, 9, 18, 8], [15, 6, 16, 7]]"
11a_180_30,"[[15, 6, 16, 7], [5, 16, 6, 17], [19, 11, 20, 10], [9, 19, 10, 18], [3, 21, 4, 20], [21, 12, 22, 13], [11, 2, 12, 3], [1, 14, 2, 15], [13, 22, 14, 1], [7, 5, 8, 4], [17, 9, 18, 8]]"
11a_180_31,"[[17, 9, 18, 8], [15, 6, 16, 7], [5, 16, 6, 17], [19, 11, 20, 10], [9, 19, 10, 18], [3, 21, 4, 20], [21, 12, 22, 13], [11, 2, 12, 3], [1, 14, 2, 15], [13, 22, 14, 1], [7, 5, 8, 4]]"
11a_180_32,"[[7, 5, 8, 4], [17, 9, 18, 8], [15, 6, 16, 7], [5, 16, 6, 17], [19, 11, 20, 10], [9, 19, 10, 18], [3, 21, 4, 20], [21, 12, 22, 13], [11, 2, 12, 3], [1, 14, 2, 15], [13, 22, 14, 1]]"
11a_180_33,"[[14, 1, 15, 2], [8, 6, 9, 5], [18, 10, 19, 9], [16, 7, 17, 8], [6, 17, 7, 18], [20, 12, 21, 11], [10, 20, 11, 19], [4, 22, 5, 21], [22, 13, 1, 14], [12, 3, 13, 4], [2, 15, 3, 16]]"
11a_180_34,"[[2, 15, 3, 16], [14, 1, 15, 2], [8, 6, 9, 5], [18, 10, 19, 9], [16, 7, 17, 8], [6, 17, 7, 18], [20, 12, 21, 11], [10, 20, 11, 19], [4, 22, 5, 21], [22, 13, 1, 14], [12, 3, 13, 4]]"
11a_180_35,"[[12, 3, 13, 4], [2, 15, 3, 16], [14, 1, 15, 2], [8, 6, 9, 5], [18, 10, 19, 9], [16, 7, 17, 8], [6, 17, 7, 18], [20, 12, 21, 11], [10, 20, 11, 19], [4, 22, 5, 21], [22, 13, 1, 14]]"
11a_180_36,"[[22, 13, 1, 14], [12, 3, 13, 4], [2, 15, 3, 16], [14, 1, 15, 2], [8, 6, 9, 5], [18, 10, 19, 9], [16, 7, 17, 8], [6, 17, 7, 18], [20, 12, 21, 11], [10, 20, 11, 19], [4, 22, 5, 21]]"
11a_180_37,"[[4, 22, 5, 21], [22, 13, 1, 14], [12, 3, 13, 4], [2, 15, 3, 16], [14, 1, 15, 2], [8, 6, 9, 5], [18, 10, 19, 9], [16, 7, 17, 8], [6, 17, 7, 18], [20, 12, 21, 11], [10, 20, 11, 19]]"
11a_180_38,"[[10, 20, 11, 19], [4, 22, 5, 21], [22, 13, 1, 14], [12, 3, 13, 4], [2, 15, 3, 16], [14, 1, 15, 2], [8, 6, 9, 5], [18, 10, 19, 9], [16, 7, 17, 8], [6, 17, 7, 18], [20, 12, 21, 11]]"
11a_180_39,"[[20, 12, 21, 11], [10, 20, 11, 19], [4, 22, 5, 21], [22, 13, 1, 14], [12, 3, 13, 4], [2, 15, 3, 16], [14, 1, 15, 2], [8, 6, 9, 5], [18, 10, 19, 9], [16, 7, 17, 8], [6, 17, 7, 18]]"
11a_180_40,"[[6, 17, 7, 18], [20, 12, 21, 11], [10, 20, 11, 19], [4, 22, 5, 21], [22, 13, 1, 14], [12, 3, 13, 4], [2, 15, 3, 16], [14, 1, 15, 2], [8, 6, 9, 5], [18, 10, 19, 9], [16, 7, 17, 8]]"
11a_180_41,"[[16, 7, 17, 8], [6, 17, 7, 18], [20, 12, 21, 11], [10, 20, 11, 19], [4, 22, 5, 21], [22, 13, 1, 14], [12, 3, 13, 4], [2, 15, 3, 16], [14, 1, 15, 2], [8, 6, 9, 5], [18, 10, 19, 9]]"
11a_180_42,"[[18, 10, 19, 9], [16, 7, 17, 8], [6, 17, 7, 18], [20, 12, 21, 11], [10, 20, 11, 19], [4, 22, 5, 21], [22, 13, 1, 14], [12, 3, 13, 4], [2, 15, 3, 16], [14, 1, 15, 2], [8, 6, 9, 5]]"
11a_180_43,"[[8, 6, 9, 5], [18, 10, 19, 9], [16, 7, 17, 8], [6, 17, 7, 18], [20, 12, 21, 11], [10, 20, 11, 19], [4, 22, 5, 21], [22, 13, 1, 14], [12, 3, 13, 4], [2, 15, 3, 16], [14, 1, 15, 2]]"
11a_180_44,"[[15, 2, 16, 3], [9, 7, 10, 6], [19, 11, 20, 10], [17, 8, 18, 9], [7, 18, 8, 19], [21, 13, 22, 12], [11, 21, 12, 20], [5, 1, 6, 22], [1, 14, 2, 15], [13, 4, 14, 5], [3, 16, 4, 17]]"
11a_180_45,"[[3, 16, 4, 17], [15, 2, 16, 3], [9, 7, 10, 6], [19, 11, 20, 10], [17, 8, 18, 9], [7, 18, 8, 19], [21, 13, 22, 12], [11, 21, 12, 20], [5, 1, 6, 22], [1, 14, 2, 15], [13, 4, 14, 5]]"
11a_180_46,"[[13, 4, 14, 5], [3, 16, 4, 17], [15, 2, 16, 3], [9, 7, 10, 6], [19, 11, 20, 10], [17, 8, 18, 9], [7, 18, 8, 19], [21, 13, 22, 12], [11, 21, 12, 20], [5, 1, 6, 22], [1, 14, 2, 15]]"
11a_180_47,"[[1, 14, 2, 15], [13, 4, 14, 5], [3, 16, 4, 17], [15, 2, 16, 3], [9, 7, 10, 6], [19, 11, 20, 10], [17, 8, 18, 9], [7, 18, 8, 19], [21, 13, 22, 12], [11, 21, 12, 20], [5, 1, 6, 22]]"
11a_180_48,"[[5, 1, 6, 22], [1, 14, 2, 15], [13, 4, 14, 5], [3, 16, 4, 17], [15, 2, 16, 3], [9, 7, 10, 6], [19, 11, 20, 10], [17, 8, 18, 9], [7, 18, 8, 19], [21, 13, 22, 12], [11, 21, 12, 20]]"
11a_180_49,"[[11, 21, 12, 20], [5, 1, 6, 22], [1, 14, 2, 15], [13, 4, 14, 5], [3, 16, 4, 17], [15, 2, 16, 3], [9, 7, 10, 6], [19, 11, 20, 10], [17, 8, 18, 9], [7, 18, 8, 19], [21, 13, 22, 12]]"
11a_180_50,"[[21, 13, 22, 12], [11, 21, 12, 20], [5, 1, 6, 22], [1, 14, 2, 15], [13, 4, 14, 5], [3, 16, 4, 17], [15, 2, 16, 3], [9, 7, 10, 6], [19, 11, 20, 10], [17, 8, 18, 9], [7, 18, 8, 19]]"
11a_180_51,"[[7, 18, 8, 19], [21, 13, 22, 12], [11, 21, 12, 20], [5, 1, 6, 22], [1, 14, 2, 15], [13, 4, 14, 5], [3, 16, 4, 17], [15, 2, 16, 3], [9, 7, 10, 6], [19, 11, 20, 10], [17, 8, 18, 9]]"
11a_180_52,"[[17, 8, 18, 9], [7, 18, 8, 19], [21, 13, 22, 12], [11, 21, 12, 20], [5, 1, 6, 22], [1, 14, 2, 15], [13, 4, 14, 5], [3, 16, 4, 17], [15, 2, 16, 3], [9, 7, 10, 6], [19, 11, 20, 10]]"
11a_180_53,"[[19, 11, 20, 10], [17, 8, 18, 9], [7, 18, 8, 19], [21, 13, 22, 12], [11, 21, 12, 20], [5, 1, 6, 22], [1, 14, 2, 15], [13, 4, 14, 5], [3, 16, 4, 17], [15, 2, 16, 3], [9, 7, 10, 6]]"
11a_180_54,"[[9, 7, 10, 6], [19, 11, 20, 10], [17, 8, 18, 9], [7, 18, 8, 19], [21, 13, 22, 12], [11, 21, 12, 20], [5, 1, 6, 22], [1, 14, 2, 15], [13, 4, 14, 5], [3, 16, 4, 17], [15, 2, 16, 3]]"
11a_180_55,"[[16, 3, 17, 4], [10, 8, 11, 7], [20, 12, 21, 11], [18, 9, 19, 10], [8, 19, 9, 20], [22, 14, 1, 13], [12, 22, 13, 21], [6, 2, 7, 1], [2, 15, 3, 16], [14, 5, 15, 6], [4, 17, 5, 18]]"
11a_180_56,"[[4, 17, 5, 18], [16, 3, 17, 4], [10, 8, 11, 7], [20, 12, 21, 11], [18, 9, 19, 10], [8, 19, 9, 20], [22, 14, 1, 13], [12, 22, 13, 21], [6, 2, 7, 1], [2, 15, 3, 16], [14, 5, 15, 6]]"
11a_180_57,"[[14, 5, 15, 6], [4, 17, 5, 18], [16, 3, 17, 4], [10, 8, 11, 7], [20, 12, 21, 11], [18, 9, 19, 10], [8, 19, 9, 20], [22, 14, 1, 13], [12, 22, 13, 21], [6, 2, 7, 1], [2, 15, 3, 16]]"
11a_180_58,"[[2, 15, 3, 16], [14, 5, 15, 6], [4, 17, 5, 18], [16, 3, 17, 4], [10, 8, 11, 7], [20, 12, 21, 11], [18, 9, 19, 10], [8, 19, 9, 20], [22, 14, 1, 13], [12, 22, 13, 21], [6, 2, 7, 1]]"
11a_180_59,"[[6, 2, 7, 1], [2, 15, 3, 16], [14, 5, 15, 6], [4, 17, 5, 18], [16, 3, 17, 4], [10, 8, 11, 7], [20, 12, 21, 11], [18, 9, 19, 10], [8, 19, 9, 20], [22, 14, 1, 13], [12, 22, 13, 21]]"
11a_180_60,"[[12, 22, 13, 21], [6, 2, 7, 1], [2, 15, 3, 16], [14, 5, 15, 6], [4, 17, 5, 18], [16, 3, 17, 4], [10, 8, 11, 7], [20, 12, 21, 11], [18, 9, 19, 10], [8, 19, 9, 20], [22, 14, 1, 13]]"
11a_180_61,"[[22, 14, 1, 13], [12, 22, 13, 21], [6, 2, 7, 1], [2, 15, 3, 16], [14, 5, 15, 6], [4, 17, 5, 18], [16, 3, 17, 4], [10, 8, 11, 7], [20, 12, 21, 11], [18, 9, 19, 10], [8, 19, 9, 20]]"
11a_180_62,"[[8, 19, 9, 20], [22, 14, 1, 13], [12, 22, 13, 21], [6, 2, 7, 1], [2, 15, 3, 16], [14, 5, 15, 6], [4, 17, 5, 18], [16, 3, 17, 4], [10, 8, 11, 7], [20, 12, 21, 11], [18, 9, 19, 10]]"
11a_180_63,"[[18, 9, 19, 10], [8, 19, 9, 20], [22, 14, 1, 13], [12, 22, 13, 21], [6, 2, 7, 1], [2, 15, 3, 16], [14, 5, 15, 6], [4, 17, 5, 18], [16, 3, 17, 4], [10, 8, 11, 7], [20, 12, 21, 11]]"
11a_180_64,"[[20, 12, 21, 11], [18, 9, 19, 10], [8, 19, 9, 20], [22, 14, 1, 13], [12, 22, 13, 21], [6, 2, 7, 1], [2, 15, 3, 16], [14, 5, 15, 6], [4, 17, 5, 18], [16, 3, 17, 4], [10, 8, 11, 7]]"
11a_180_65,"[[10, 8, 11, 7], [20, 12, 21, 11], [18, 9, 19, 10], [8, 19, 9, 20], [22, 14, 1, 13], [12, 22, 13, 21], [6, 2, 7, 1], [2, 15, 3, 16], [14, 5, 15, 6], [4, 17, 5, 18], [16, 3, 17, 4]]"
11a_180_66,"[[17, 4, 18, 5], [11, 9, 12, 8], [21, 13, 22, 12], [19, 10, 20, 11], [9, 20, 10, 21], [1, 15, 2, 14], [13, 1, 14, 22], [7, 3, 8, 2], [3, 16, 4, 17], [15, 6, 16, 7], [5, 18, 6, 19]]"
11a_180_67,"[[5, 18, 6, 19], [17, 4, 18, 5], [11, 9, 12, 8], [21, 13, 22, 12], [19, 10, 20, 11], [9, 20, 10, 21], [1, 15, 2, 14], [13, 1, 14, 22], [7, 3, 8, 2], [3, 16, 4, 17], [15, 6, 16, 7]]"
11a_180_68,"[[15, 6, 16, 7], [5, 18, 6, 19], [17, 4, 18, 5], [11, 9, 12, 8], [21, 13, 22, 12], [19, 10, 20, 11], [9, 20, 10, 21], [1, 15, 2, 14], [13, 1, 14, 22], [7, 3, 8, 2], [3, 16, 4, 17]]"
11a_180_69,"[[3, 16, 4, 17], [15, 6, 16, 7], [5, 18, 6, 19], [17, 4, 18, 5], [11, 9, 12, 8], [21, 13, 22, 12], [19, 10, 20, 11], [9, 20, 10, 21], [1, 15, 2, 14], [13, 1, 14, 22], [7, 3, 8, 2]]"
11a_180_70,"[[7, 3, 8, 2], [3, 16, 4, 17], [15, 6, 16, 7], [5, 18, 6, 19], [17, 4, 18, 5], [11, 9, 12, 8], [21, 13, 22, 12], [19, 10, 20, 11], [9, 20, 10, 21], [1, 15, 2, 14], [13, 1, 14, 22]]"
11a_180_71,"[[13, 1, 14, 22], [7, 3, 8, 2], [3, 16, 4, 17], [15, 6, 16, 7], [5, 18, 6, 19], [17, 4, 18, 5], [11, 9, 12, 8], [21, 13, 22, 12], [19, 10, 20, 11], [9, 20, 10, 21], [1, 15, 2, 14]]"
11a_180_72,"[[1, 15, 2, 14], [13, 1, 14, 22], [7, 3, 8, 2], [3, 16, 4, 17], [15, 6, 16, 7], [5, 18, 6, 19], [17, 4, 18, 5], [11, 9, 12, 8], [21, 13, 22, 12], [19, 10, 20, 11], [9, 20, 10, 21]]"
11a_180_73,"[[9, 20, 10, 21], [1, 15, 2, 14], [13, 1, 14, 22], [7, 3, 8, 2], [3, 16, 4, 17], [15, 6, 16, 7], [5, 18, 6, 19], [17, 4, 18, 5], [11, 9, 12, 8], [21, 13, 22, 12], [19, 10, 20, 11]]"
11a_180_74,"[[19, 10, 20, 11], [9, 20, 10, 21], [1, 15, 2, 14], [13, 1, 14, 22], [7, 3, 8, 2], [3, 16, 4, 17], [15, 6, 16, 7], [5, 18, 6, 19], [17, 4, 18, 5], [11, 9, 12, 8], [21, 13, 22, 12]]"
11a_180_75,"[[21, 13, 22, 12], [19, 10, 20, 11], [9, 20, 10, 21], [1, 15, 2, 14], [13, 1, 14, 22], [7, 3, 8, 2], [3, 16, 4, 17], [15, 6, 16, 7], [5, 18, 6, 19], [17, 4, 18, 5], [11, 9, 12, 8]]"
11a_180_76,"[[11, 9, 12, 8], [21, 13, 22, 12], [19, 10, 20, 11], [9, 20, 10, 21], [1, 15, 2, 14], [13, 1, 14, 22], [7, 3, 8, 2], [3, 16, 4, 17], [15, 6, 16, 7], [5, 18, 6, 19], [17, 4, 18, 5]]"
11a_180_77,"[[18, 5, 19, 6], [12, 10, 13, 9], [22, 14, 1, 13], [20, 11, 21, 12], [10, 21, 11, 22], [2, 16, 3, 15], [14, 2, 15, 1], [8, 4, 9, 3], [4, 17, 5, 18], [16, 7, 17, 8], [6, 19, 7, 20]]"
11a_180_78,"[[6, 19, 7, 20], [18, 5, 19, 6], [12, 10, 13, 9], [22, 14, 1, 13], [20, 11, 21, 12], [10, 21, 11, 22], [2, 16, 3, 15], [14, 2, 15, 1], [8, 4, 9, 3], [4, 17, 5, 18], [16, 7, 17, 8]]"
11a_180_79,"[[16, 7, 17, 8], [6, 19, 7, 20], [18, 5, 19, 6], [12, 10, 13, 9], [22, 14, 1, 13], [20, 11, 21, 12], [10, 21, 11, 22], [2, 16, 3, 15], [14, 2, 15, 1], [8, 4, 9, 3], [4, 17, 5, 18]]"
11a_180_80,"[[4, 17, 5, 18], [16, 7, 17, 8], [6, 19, 7, 20], [18, 5, 19, 6], [12, 10, 13, 9], [22, 14, 1, 13], [20, 11, 21, 12], [10, 21, 11, 22], [2, 16, 3, 15], [14, 2, 15, 1], [8, 4, 9, 3]]"
11a_180_81,"[[8, 4, 9, 3], [4, 17, 5, 18], [16, 7, 17, 8], [6, 19, 7, 20], [18, 5, 19, 6], [12, 10, 13, 9], [22, 14, 1, 13], [20, 11, 21, 12], [10, 21, 11, 22], [2, 16, 3, 15], [14, 2, 15, 1]]"
11a_180_82,"[[14, 2, 15, 1], [8, 4, 9, 3], [4, 17, 5, 18], [16, 7, 17, 8], [6, 19, 7, 20], [18, 5, 19, 6], [12, 10, 13, 9], [22, 14, 1, 13], [20, 11, 21, 12], [10, 21, 11, 22], [2, 16, 3, 15]]"
11a_180_83,"[[2, 16, 3, 15], [14, 2, 15, 1], [8, 4, 9, 3], [4, 17, 5, 18], [16, 7, 17, 8], [6, 19, 7, 20], [18, 5, 19, 6], [12, 10, 13, 9], [22, 14, 1, 13], [20, 11, 21, 12], [10, 21, 11, 22]]"
11a_180_84,"[[10, 21, 11, 22], [2, 16, 3, 15], [14, 2, 15, 1], [8, 4, 9, 3], [4, 17, 5, 18], [16, 7, 17, 8], [6, 19, 7, 20], [18, 5, 19, 6], [12, 10, 13, 9], [22, 14, 1, 13], [20, 11, 21, 12]]"
11a_180_85,"[[20, 11, 21, 12], [10, 21, 11, 22], [2, 16, 3, 15], [14, 2, 15, 1], [8, 4, 9, 3], [4, 17, 5, 18], [16, 7, 17, 8], [6, 19, 7, 20], [18, 5, 19, 6], [12, 10, 13, 9], [22, 14, 1, 13]]"
11a_180_86,"[[22, 14, 1, 13], [20, 11, 21, 12], [10, 21, 11, 22], [2, 16, 3, 15], [14, 2, 15, 1], [8, 4, 9, 3], [4, 17, 5, 18], [16, 7, 17, 8], [6, 19, 7, 20], [18, 5, 19, 6], [12, 10, 13, 9]]"
11a_180_87,"[[12, 10, 13, 9], [22, 14, 1, 13], [20, 11, 21, 12], [10, 21, 11, 22], [2, 16, 3, 15], [14, 2, 15, 1], [8, 4, 9, 3], [4, 17, 5, 18], [16, 7, 17, 8], [6, 19, 7, 20], [18, 5, 19, 6]]"
11a_180_88,"[[19, 6, 20, 7], [13, 11, 14, 10], [1, 15, 2, 14], [21, 12, 22, 13], [11, 22, 12, 1], [3, 17, 4, 16], [15, 3, 16, 2], [9, 5, 10, 4], [5, 18, 6, 19], [17, 8, 18, 9], [7, 20, 8, 21]]"
11a_180_89,"[[7, 20, 8, 21], [19, 6, 20, 7], [13, 11, 14, 10], [1, 15, 2, 14], [21, 12, 22, 13], [11, 22, 12, 1], [3, 17, 4, 16], [15, 3, 16, 2], [9, 5, 10, 4], [5, 18, 6, 19], [17, 8, 18, 9]]"
11a_180_90,"[[17, 8, 18, 9], [7, 20, 8, 21], [19, 6, 20, 7], [13, 11, 14, 10], [1, 15, 2, 14], [21, 12, 22, 13], [11, 22, 12, 1], [3, 17, 4, 16], [15, 3, 16, 2], [9, 5, 10, 4], [5, 18, 6, 19]]"
11a_180_91,"[[5, 18, 6, 19], [17, 8, 18, 9], [7, 20, 8, 21], [19, 6, 20, 7], [13, 11, 14, 10], [1, 15, 2, 14], [21, 12, 22, 13], [11, 22, 12, 1], [3, 17, 4, 16], [15, 3, 16, 2], [9, 5, 10, 4]]"
11a_180_92,"[[9, 5, 10, 4], [5, 18, 6, 19], [17, 8, 18, 9], [7, 20, 8, 21], [19, 6, 20, 7], [13, 11, 14, 10], [1, 15, 2, 14], [21, 12, 22, 13], [11, 22, 12, 1], [3, 17, 4, 16], [15, 3, 16, 2]]"
11a_180_93,"[[15, 3, 16, 2], [9, 5, 10, 4], [5, 18, 6, 19], [17, 8, 18, 9], [7, 20, 8, 21], [19, 6, 20, 7], [13, 11, 14, 10], [1, 15, 2, 14], [21, 12, 22, 13], [11, 22, 12, 1], [3, 17, 4, 16]]"
11a_180_94,"[[3, 17, 4, 16], [15, 3, 16, 2], [9, 5, 10, 4], [5, 18, 6, 19], [17, 8, 18, 9], [7, 20, 8, 21], [19, 6, 20, 7], [13, 11, 14, 10], [1, 15, 2, 14], [21, 12, 22, 13], [11, 22, 12, 1]]"
11a_180_95,"[[11, 22, 12, 1], [3, 17, 4, 16], [15, 3, 16, 2], [9, 5, 10, 4], [5, 18, 6, 19], [17, 8, 18, 9], [7, 20, 8, 21], [19, 6, 20, 7], [13, 11, 14, 10], [1, 15, 2, 14], [21, 12, 22, 13]]"
11a_180_96,"[[21, 12, 22, 13], [11, 22, 12, 1], [3, 17, 4, 16], [15, 3, 16, 2], [9, 5, 10, 4], [5, 18, 6, 19], [17, 8, 18, 9], [7, 20, 8, 21], [19, 6, 20, 7], [13, 11, 14, 10], [1, 15, 2, 14]]"
11a_180_97,"[[1, 15, 2, 14], [21, 12, 22, 13], [11, 22, 12, 1], [3, 17, 4, 16], [15, 3, 16, 2], [9, 5, 10, 4], [5, 18, 6, 19], [17, 8, 18, 9], [7, 20, 8, 21], [19, 6, 20, 7], [13, 11, 14, 10]]"
11a_180_98,"[[13, 11, 14, 10], [1, 15, 2, 14], [21, 12, 22, 13], [11, 22, 12, 1], [3, 17, 4, 16], [15, 3, 16, 2], [9, 5, 10, 4], [5, 18, 6, 19], [17, 8, 18, 9], [7, 20, 8, 21], [19, 6, 20, 7]]"
11a_180_99,"[[20, 7, 21, 8], [14, 12, 15, 11], [2, 16, 3, 15], [22, 13, 1, 14], [12, 1, 13, 2], [4, 18, 5, 17], [16, 4, 17, 3], [10, 6, 11, 5], [6, 19, 7, 20], [18, 9, 19, 10], [8, 21, 9, 22]]"
11a_180_100,"[[8, 21, 9, 22], [20, 7, 21, 8], [14, 12, 15, 11], [2, 16, 3, 15], [22, 13, 1, 14], [12, 1, 13, 2], [4, 18, 5, 17], [16, 4, 17, 3], [10, 6, 11, 5], [6, 19, 7, 20], [18, 9, 19, 10]]"
11a_180_101,"[[18, 9, 19, 10], [8, 21, 9, 22], [20, 7, 21, 8], [14, 12, 15, 11], [2, 16, 3, 15], [22, 13, 1, 14], [12, 1, 13, 2], [4, 18, 5, 17], [16, 4, 17, 3], [10, 6, 11, 5], [6, 19, 7, 20]]"
11a_180_102,"[[6, 19, 7, 20], [18, 9, 19, 10], [8, 21, 9, 22], [20, 7, 21, 8], [14, 12, 15, 11], [2, 16, 3, 15], [22, 13, 1, 14], [12, 1, 13, 2], [4, 18, 5, 17], [16, 4, 17, 3], [10, 6, 11, 5]]"
11a_180_103,"[[10, 6, 11, 5], [6, 19, 7, 20], [18, 9, 19, 10], [8, 21, 9, 22], [20, 7, 21, 8], [14, 12, 15, 11], [2, 16, 3, 15], [22, 13, 1, 14], [12, 1, 13, 2], [4, 18, 5, 17], [16, 4, 17, 3]]"
11a_180_104,"[[16, 4, 17, 3], [10, 6, 11, 5], [6, 19, 7, 20], [18, 9, 19, 10], [8, 21, 9, 22], [20, 7, 21, 8], [14, 12, 15, 11], [2, 16, 3, 15], [22, 13, 1, 14], [12, 1, 13, 2], [4, 18, 5, 17]]"
11a_180_105,"[[4, 18, 5, 17], [16, 4, 17, 3], [10, 6, 11, 5], [6, 19, 7, 20], [18, 9, 19, 10], [8, 21, 9, 22], [20, 7, 21, 8], [14, 12, 15, 11], [2, 16, 3, 15], [22, 13, 1, 14], [12, 1, 13, 2]]"
11a_180_106,"[[12, 1, 13, 2], [4, 18, 5, 17], [16, 4, 17, 3], [10, 6, 11, 5], [6, 19, 7, 20], [18, 9, 19, 10], [8, 21, 9, 22], [20, 7, 21, 8], [14, 12, 15, 11], [2, 16, 3, 15], [22, 13, 1, 14]]"
11a_180_107,"[[22, 13, 1, 14], [12, 1, 13, 2], [4, 18, 5, 17], [16, 4, 17, 3], [10, 6, 11, 5], [6, 19, 7, 20], [18, 9, 19, 10], [8, 21, 9, 22], [20, 7, 21, 8], [14, 12, 15, 11], [2, 16, 3, 15]]"
11a_180_108,"[[2, 16, 3, 15], [22, 13, 1, 14], [12, 1, 13, 2], [4, 18, 5, 17], [16, 4, 17, 3], [10, 6, 11, 5], [6, 19, 7, 20], [18, 9, 19, 10], [8, 21, 9, 22], [20, 7, 21, 8], [14, 12, 15, 11]]"
11a_180_109,"[[14, 12, 15, 11], [2, 16, 3, 15], [22, 13, 1, 14], [12, 1, 13, 2], [4, 18, 5, 17], [16, 4, 17, 3], [10, 6, 11, 5], [6, 19, 7, 20], [18, 9, 19, 10], [8, 21, 9, 22], [20, 7, 21, 8]]"
11a_180_110,"[[21, 8, 22, 9], [15, 13, 16, 12], [3, 17, 4, 16], [1, 14, 2, 15], [13, 2, 14, 3], [5, 19, 6, 18], [17, 5, 18, 4], [11, 7, 12, 6], [7, 20, 8, 21], [19, 10, 20, 11], [9, 22, 10, 1]]"
11a_180_111,"[[9, 22, 10, 1], [21, 8, 22, 9], [15, 13, 16, 12], [3, 17, 4, 16], [1, 14, 2, 15], [13, 2, 14, 3], [5, 19, 6, 18], [17, 5, 18, 4], [11, 7, 12, 6], [7, 20, 8, 21], [19, 10, 20, 11]]"
11a_180_112,"[[19, 10, 20, 11], [9, 22, 10, 1], [21, 8, 22, 9], [15, 13, 16, 12], [3, 17, 4, 16], [1, 14, 2, 15], [13, 2, 14, 3], [5, 19, 6, 18], [17, 5, 18, 4], [11, 7, 12, 6], [7, 20, 8, 21]]"
11a_180_113,"[[7, 20, 8, 21], [19, 10, 20, 11], [9, 22, 10, 1], [21, 8, 22, 9], [15, 13, 16, 12], [3, 17, 4, 16], [1, 14, 2, 15], [13, 2, 14, 3], [5, 19, 6, 18], [17, 5, 18, 4], [11, 7, 12, 6]]"
11a_180_114,"[[11, 7, 12, 6], [7, 20, 8, 21], [19, 10, 20, 11], [9, 22, 10, 1], [21, 8, 22, 9], [15, 13, 16, 12], [3, 17, 4, 16], [1, 14, 2, 15], [13, 2, 14, 3], [5, 19, 6, 18], [17, 5, 18, 4]]"
11a_180_115,"[[17, 5, 18, 4], [11, 7, 12, 6], [7, 20, 8, 21], [19, 10, 20, 11], [9, 22, 10, 1], [21, 8, 22, 9], [15, 13, 16, 12], [3, 17, 4, 16], [1, 14, 2, 15], [13, 2, 14, 3], [5, 19, 6, 18]]"
11a_180_116,"[[5, 19, 6, 18], [17, 5, 18, 4], [11, 7, 12, 6], [7, 20, 8, 21], [19, 10, 20, 11], [9, 22, 10, 1], [21, 8, 22, 9], [15, 13, 16, 12], [3, 17, 4, 16], [1, 14, 2, 15], [13, 2, 14, 3]]"
11a_180_117,"[[13, 2, 14, 3], [5, 19, 6, 18], [17, 5, 18, 4], [11, 7, 12, 6], [7, 20, 8, 21], [19, 10, 20, 11], [9, 22, 10, 1], [21, 8, 22, 9], [15, 13, 16, 12], [3, 17, 4, 16], [1, 14, 2, 15]]"
11a_180_118,"[[1, 14, 2, 15], [13, 2, 14, 3], [5, 19, 6, 18], [17, 5, 18, 4], [11, 7, 12, 6], [7, 20, 8, 21], [19, 10, 20, 11], [9, 22, 10, 1], [21, 8, 22, 9], [15, 13, 16, 12], [3, 17, 4, 16]]"
11a_180_119,"[[3, 17, 4, 16], [1, 14, 2, 15], [13, 2, 14, 3], [5, 19, 6, 18], [17, 5, 18, 4], [11, 7, 12, 6], [7, 20, 8, 21], [19, 10, 20, 11], [9, 22, 10, 1], [21, 8, 22, 9], [15, 13, 16, 12]]"
11a_180_120,"[[15, 13, 16, 12], [3, 17, 4, 16], [1, 14, 2, 15], [13, 2, 14, 3], [5, 19, 6, 18], [17, 5, 18, 4], [11, 7, 12, 6], [7, 20, 8, 21], [19, 10, 20, 11], [9, 22, 10, 1], [21, 8, 22, 9]]"
11a_180_121,"[[22, 9, 1, 10], [16, 14, 17, 13], [4, 18, 5, 17], [2, 15, 3, 16], [14, 3, 15, 4], [6, 20, 7, 19], [18, 6, 19, 5], [12, 8, 13, 7], [8, 21, 9, 22], [20, 11, 21, 12], [10, 1, 11, 2]]"
11a_180_122,"[[10, 1, 11, 2], [22, 9, 1, 10], [16, 14, 17, 13], [4, 18, 5, 17], [2, 15, 3, 16], [14, 3, 15, 4], [6, 20, 7, 19], [18, 6, 19, 5], [12, 8, 13, 7], [8, 21, 9, 22], [20, 11, 21, 12]]"
11a_180_123,"[[20, 11, 21, 12], [10, 1, 11, 2], [22, 9, 1, 10], [16, 14, 17, 13], [4, 18, 5, 17], [2, 15, 3, 16], [14, 3, 15, 4], [6, 20, 7, 19], [18, 6, 19, 5], [12, 8, 13, 7], [8, 21, 9, 22]]"
11a_180_124,"[[8, 21, 9, 22], [20, 11, 21, 12], [10, 1, 11, 2], [22, 9, 1, 10], [16, 14, 17, 13], [4, 18, 5, 17], [2, 15, 3, 16], [14, 3, 15, 4], [6, 20, 7, 19], [18, 6, 19, 5], [12, 8, 13, 7]]"
11a_180_125,"[[12, 8, 13, 7], [8, 21, 9, 22], [20, 11, 21, 12], [10, 1, 11, 2], [22, 9, 1, 10], [16, 14, 17, 13], [4, 18, 5, 17], [2, 15, 3, 16], [14, 3, 15, 4], [6, 20, 7, 19], [18, 6, 19, 5]]"
11a_180_126,"[[18, 6, 19, 5], [12, 8, 13, 7], [8, 21, 9, 22], [20, 11, 21, 12], [10, 1, 11, 2], [22, 9, 1, 10], [16, 14, 17, 13], [4, 18, 5, 17], [2, 15, 3, 16], [14, 3, 15, 4], [6, 20, 7, 19]]"
11a_180_127,"[[6, 20, 7, 19], [18, 6, 19, 5], [12, 8, 13, 7], [8, 21, 9, 22], [20, 11, 21, 12], [10, 1, 11, 2], [22, 9, 1, 10], [16, 14, 17, 13], [4, 18, 5, 17], [2, 15, 3, 16], [14, 3, 15, 4]]"
11a_180_128,"[[14, 3, 15, 4], [6, 20, 7, 19], [18, 6, 19, 5], [12, 8, 13, 7], [8, 21, 9, 22], [20, 11, 21, 12], [10, 1, 11, 2], [22, 9, 1, 10], [16, 14, 17, 13], [4, 18, 5, 17], [2, 15, 3, 16]]"
11a_180_129,"[[2, 15, 3, 16], [14, 3, 15, 4], [6, 20, 7, 19], [18, 6, 19, 5], [12, 8, 13, 7], [8, 21, 9, 22], [20, 11, 21, 12], [10, 1, 11, 2], [22, 9, 1, 10], [16, 14, 17, 13], [4, 18, 5, 17]]"
11a_180_130,"[[4, 18, 5, 17], [2, 15, 3, 16], [14, 3, 15, 4], [6, 20, 7, 19], [18, 6, 19, 5], [12, 8, 13, 7], [8, 21, 9, 22], [20, 11, 21, 12], [10, 1, 11, 2], [22, 9, 1, 10], [16, 14, 17, 13]]"
11a_180_131,"[[16, 14, 17, 13], [4, 18, 5, 17], [2, 15, 3, 16], [14, 3, 15, 4], [6, 20, 7, 19], [18, 6, 19, 5], [12, 8, 13, 7], [8, 21, 9, 22], [20, 11, 21, 12], [10, 1, 11, 2], [22, 9, 1, 10]]"
11a_180_132,"[[1, 10, 2, 11], [17, 15, 18, 14], [5, 19, 6, 18], [3, 16, 4, 17], [15, 4, 16, 5], [7, 21, 8, 20], [19, 7, 20, 6], [13, 9, 14, 8], [9, 22, 10, 1], [21, 12, 22, 13], [11, 2, 12, 3]]"
11a_180_133,"[[11, 2, 12, 3], [1, 10, 2, 11], [17, 15, 18, 14], [5, 19, 6, 18], [3, 16, 4, 17], [15, 4, 16, 5], [7, 21, 8, 20], [19, 7, 20, 6], [13, 9, 14, 8], [9, 22, 10, 1], [21, 12, 22, 13]]"
11a_180_134,"[[21, 12, 22, 13], [11, 2, 12, 3], [1, 10, 2, 11], [17, 15, 18, 14], [5, 19, 6, 18], [3, 16, 4, 17], [15, 4, 16, 5], [7, 21, 8, 20], [19, 7, 20, 6], [13, 9, 14, 8], [9, 22, 10, 1]]"
11a_180_135,"[[9, 22, 10, 1], [21, 12, 22, 13], [11, 2, 12, 3], [1, 10, 2, 11], [17, 15, 18, 14], [5, 19, 6, 18], [3, 16, 4, 17], [15, 4, 16, 5], [7, 21, 8, 20], [19, 7, 20, 6], [13, 9, 14, 8]]"
11a_180_136,"[[13, 9, 14, 8], [9, 22, 10, 1], [21, 12, 22, 13], [11, 2, 12, 3], [1, 10, 2, 11], [17, 15, 18, 14], [5, 19, 6, 18], [3, 16, 4, 17], [15, 4, 16, 5], [7, 21, 8, 20], [19, 7, 20, 6]]"
11a_180_137,"[[19, 7, 20, 6], [13, 9, 14, 8], [9, 22, 10, 1], [21, 12, 22, 13], [11, 2, 12, 3], [1, 10, 2, 11], [17, 15, 18, 14], [5, 19, 6, 18], [3, 16, 4, 17], [15, 4, 16, 5], [7, 21, 8, 20]]"
11a_180_138,"[[7, 21, 8, 20], [19, 7, 20, 6], [13, 9, 14, 8], [9, 22, 10, 1], [21, 12, 22, 13], [11, 2, 12, 3], [1, 10, 2, 11], [17, 15, 18, 14], [5, 19, 6, 18], [3, 16, 4, 17], [15, 4, 16, 5]]"
11a_180_139,"[[15, 4, 16, 5], [7, 21, 8, 20], [19, 7, 20, 6], [13, 9, 14, 8], [9, 22, 10, 1], [21, 12, 22, 13], [11, 2, 12, 3], [1, 10, 2, 11], [17, 15, 18, 14], [5, 19, 6, 18], [3, 16, 4, 17]]"
11a_180_140,"[[3, 16, 4, 17], [15, 4, 16, 5], [7, 21, 8, 20], [19, 7, 20, 6], [13, 9, 14, 8], [9, 22, 10, 1], [21, 12, 22, 13], [11, 2, 12, 3], [1, 10, 2, 11], [17, 15, 18, 14], [5, 19, 6, 18]]"
11a_180_141,"[[5, 19, 6, 18], [3, 16, 4, 17], [15, 4, 16, 5], [7, 21, 8, 20], [19, 7, 20, 6], [13, 9, 14, 8], [9, 22, 10, 1], [21, 12, 22, 13], [11, 2, 12, 3], [1, 10, 2, 11], [17, 15, 18, 14]]"
11a_180_142,"[[17, 15, 18, 14], [5, 19, 6, 18], [3, 16, 4, 17], [15, 4, 16, 5], [7, 21, 8, 20], [19, 7, 20, 6], [13, 9, 14, 8], [9, 22, 10, 1], [21, 12, 22, 13], [11, 2, 12, 3], [1, 10, 2, 11]]"
11a_180_143,"[[2, 11, 3, 12], [18, 16, 19, 15], [6, 20, 7, 19], [4, 17, 5, 18], [16, 5, 17, 6], [8, 22, 9, 21], [20, 8, 21, 7], [14, 10, 15, 9], [10, 1, 11, 2], [22, 13, 1, 14], [12, 3, 13, 4]]"
11a_180_144,"[[12, 3, 13, 4], [2, 11, 3, 12], [18, 16, 19, 15], [6, 20, 7, 19], [4, 17, 5, 18], [16, 5, 17, 6], [8, 22, 9, 21], [20, 8, 21, 7], [14, 10, 15, 9], [10, 1, 11, 2], [22, 13, 1, 14]]"
11a_180_145,"[[22, 13, 1, 14], [12, 3, 13, 4], [2, 11, 3, 12], [18, 16, 19, 15], [6, 20, 7, 19], [4, 17, 5, 18], [16, 5, 17, 6], [8, 22, 9, 21], [20, 8, 21, 7], [14, 10, 15, 9], [10, 1, 11, 2]]"
11a_180_146,"[[10, 1, 11, 2], [22, 13, 1, 14], [12, 3, 13, 4], [2, 11, 3, 12], [18, 16, 19, 15], [6, 20, 7, 19], [4, 17, 5, 18], [16, 5, 17, 6], [8, 22, 9, 21], [20, 8, 21, 7], [14, 10, 15, 9]]"
11a_180_147,"[[14, 10, 15, 9], [10, 1, 11, 2], [22, 13, 1, 14], [12, 3, 13, 4], [2, 11, 3, 12], [18, 16, 19, 15], [6, 20, 7, 19], [4, 17, 5, 18], [16, 5, 17, 6], [8, 22, 9, 21], [20, 8, 21, 7]]"
11a_180_148,"[[20, 8, 21, 7], [14, 10, 15, 9], [10, 1, 11, 2], [22, 13, 1, 14], [12, 3, 13, 4], [2, 11, 3, 12], [18, 16, 19, 15], [6, 20, 7, 19], [4, 17, 5, 18], [16, 5, 17, 6], [8, 22, 9, 21]]"
11a_180_149,"[[8, 22, 9, 21], [20, 8, 21, 7], [14, 10, 15, 9], [10, 1, 11, 2], [22, 13, 1, 14], [12, 3, 13, 4], [2, 11, 3, 12], [18, 16, 19, 15], [6, 20, 7, 19], [4, 17, 5, 18], [16, 5, 17, 6]]"
11a_180_150,"[[16, 5, 17, 6], [8, 22, 9, 21], [20, 8, 21, 7], [14, 10, 15, 9], [10, 1, 11, 2], [22, 13, 1, 14], [12, 3, 13, 4], [2, 11, 3, 12], [18, 16, 19, 15], [6, 20, 7, 19], [4, 17, 5, 18]]"
11a_180_151,"[[4, 17, 5, 18], [16, 5, 17, 6], [8, 22, 9, 21], [20, 8, 21, 7], [14, 10, 15, 9], [10, 1, 11, 2], [22, 13, 1, 14], [12, 3, 13, 4], [2, 11, 3, 12], [18, 16, 19, 15], [6, 20, 7, 19]]"
11a_180_152,"[[6, 20, 7, 19], [4, 17, 5, 18], [16, 5, 17, 6], [8, 22, 9, 21], [20, 8, 21, 7], [14, 10, 15, 9], [10, 1, 11, 2], [22, 13, 1, 14], [12, 3, 13, 4], [2, 11, 3, 12], [18, 16, 19, 15]]"
11a_180_153,"[[18, 16, 19, 15], [6, 20, 7, 19], [4, 17, 5, 18], [16, 5, 17, 6], [8, 22, 9, 21], [20, 8, 21, 7], [14, 10, 15, 9], [10, 1, 11, 2], [22, 13, 1, 14], [12, 3, 13, 4], [2, 11, 3, 12]]"
11a_180_154,"[[3, 12, 4, 13], [19, 17, 20, 16], [7, 21, 8, 20], [5, 18, 6, 19], [17, 6, 18, 7], [9, 1, 10, 22], [21, 9, 22, 8], [15, 11, 16, 10], [11, 2, 12, 3], [1, 14, 2, 15], [13, 4, 14, 5]]"
11a_180_155,"[[13, 4, 14, 5], [3, 12, 4, 13], [19, 17, 20, 16], [7, 21, 8, 20], [5, 18, 6, 19], [17, 6, 18, 7], [9, 1, 10, 22], [21, 9, 22, 8], [15, 11, 16, 10], [11, 2, 12, 3], [1, 14, 2, 15]]"
11a_180_156,"[[1, 14, 2, 15], [13, 4, 14, 5], [3, 12, 4, 13], [19, 17, 20, 16], [7, 21, 8, 20], [5, 18, 6, 19], [17, 6, 18, 7], [9, 1, 10, 22], [21, 9, 22, 8], [15, 11, 16, 10], [11, 2, 12, 3]]"
11a_180_157,"[[11, 2, 12, 3], [1, 14, 2, 15], [13, 4, 14, 5], [3, 12, 4, 13], [19, 17, 20, 16], [7, 21, 8, 20], [5, 18, 6, 19], [17, 6, 18, 7], [9, 1, 10, 22], [21, 9, 22, 8], [15, 11, 16, 10]]"
11a_180_158,"[[15, 11, 16, 10], [11, 2, 12, 3], [1, 14, 2, 15], [13, 4, 14, 5], [3, 12, 4, 13], [19, 17, 20, 16], [7, 21, 8, 20], [5, 18, 6, 19], [17, 6, 18, 7], [9, 1, 10, 22], [21, 9, 22, 8]]"
11a_180_159,"[[21, 9, 22, 8], [15, 11, 16, 10], [11, 2, 12, 3], [1, 14, 2, 15], [13, 4, 14, 5], [3, 12, 4, 13], [19, 17, 20, 16], [7, 21, 8, 20], [5, 18, 6, 19], [17, 6, 18, 7], [9, 1, 10, 22]]"
11a_180_160,"[[9, 1, 10, 22], [21, 9, 22, 8], [15, 11, 16, 10], [11, 2, 12, 3], [1, 14, 2, 15], [13, 4, 14, 5], [3, 12, 4, 13], [19, 17, 20, 16], [7, 21, 8, 20], [5, 18, 6, 19], [17, 6, 18, 7]]"
11a_180_161,"[[17, 6, 18, 7], [9, 1, 10, 22], [21, 9, 22, 8], [15, 11, 16, 10], [11, 2, 12, 3], [1, 14, 2, 15], [13, 4, 14, 5], [3, 12, 4, 13], [19, 17, 20, 16], [7, 21, 8, 20], [5, 18, 6, 19]]"
11a_180_162,"[[5, 18, 6, 19], [17, 6, 18, 7], [9, 1, 10, 22], [21, 9, 22, 8], [15, 11, 16, 10], [11, 2, 12, 3], [1, 14, 2, 15], [13, 4, 14, 5], [3, 12, 4, 13], [19, 17, 20, 16], [7, 21, 8, 20]]"
11a_180_163,"[[7, 21, 8, 20], [5, 18, 6, 19], [17, 6, 18, 7], [9, 1, 10, 22], [21, 9, 22, 8], [15, 11, 16, 10], [11, 2, 12, 3], [1, 14, 2, 15], [13, 4, 14, 5], [3, 12, 4, 13], [19, 17, 20, 16]]"
11a_180_164,"[[19, 17, 20, 16], [7, 21, 8, 20], [5, 18, 6, 19], [17, 6, 18, 7], [9, 1, 10, 22], [21, 9, 22, 8], [15, 11, 16, 10], [11, 2, 12, 3], [1, 14, 2, 15], [13, 4, 14, 5], [3, 12, 4, 13]]"
11a_180_165,"[[4, 13, 5, 14], [20, 18, 21, 17], [8, 22, 9, 21], [6, 19, 7, 20], [18, 7, 19, 8], [10, 2, 11, 1], [22, 10, 1, 9], [16, 12, 17, 11], [12, 3, 13, 4], [2, 15, 3, 16], [14, 5, 15, 6]]"
11a_180_166,"[[14, 5, 15, 6], [4, 13, 5, 14], [20, 18, 21, 17], [8, 22, 9, 21], [6, 19, 7, 20], [18, 7, 19, 8], [10, 2, 11, 1], [22, 10, 1, 9], [16, 12, 17, 11], [12, 3, 13, 4], [2, 15, 3, 16]]"
11a_180_167,"[[2, 15, 3, 16], [14, 5, 15, 6], [4, 13, 5, 14], [20, 18, 21, 17], [8, 22, 9, 21], [6, 19, 7, 20], [18, 7, 19, 8], [10, 2, 11, 1], [22, 10, 1, 9], [16, 12, 17, 11], [12, 3, 13, 4]]"
11a_180_168,"[[12, 3, 13, 4], [2, 15, 3, 16], [14, 5, 15, 6], [4, 13, 5, 14], [20, 18, 21, 17], [8, 22, 9, 21], [6, 19, 7, 20], [18, 7, 19, 8], [10, 2, 11, 1], [22, 10, 1, 9], [16, 12, 17, 11]]"
11a_180_169,"[[16, 12, 17, 11], [12, 3, 13, 4], [2, 15, 3, 16], [14, 5, 15, 6], [4, 13, 5, 14], [20, 18, 21, 17], [8, 22, 9, 21], [6, 19, 7, 20], [18, 7, 19, 8], [10, 2, 11, 1], [22, 10, 1, 9]]"
11a_180_170,"[[22, 10, 1, 9], [16, 12, 17, 11], [12, 3, 13, 4], [2, 15, 3, 16], [14, 5, 15, 6], [4, 13, 5, 14], [20, 18, 21, 17], [8, 22, 9, 21], [6, 19, 7, 20], [18, 7, 19, 8], [10, 2, 11, 1]]"
11a_180_171,"[[10, 2, 11, 1], [22, 10, 1, 9], [16, 12, 17, 11], [12, 3, 13, 4], [2, 15, 3, 16], [14, 5, 15, 6], [4, 13, 5, 14], [20, 18, 21, 17], [8, 22, 9, 21], [6, 19, 7, 20], [18, 7, 19, 8]]"
11a_180_172,"[[18, 7, 19, 8], [10, 2, 11, 1], [22, 10, 1, 9], [16, 12, 17, 11], [12, 3, 13, 4], [2, 15, 3, 16], [14, 5, 15, 6], [4, 13, 5, 14], [20, 18, 21, 17], [8, 22, 9, 21], [6, 19, 7, 20]]"
11a_180_173,"[[6, 19, 7, 20], [18, 7, 19, 8], [10, 2, 11, 1], [22, 10, 1, 9], [16, 12, 17, 11], [12, 3, 13, 4], [2, 15, 3, 16], [14, 5, 15, 6], [4, 13, 5, 14], [20, 18, 21, 17], [8, 22, 9, 21]]"
11a_180_174,"[[8, 22, 9, 21], [6, 19, 7, 20], [18, 7, 19, 8], [10, 2, 11, 1], [22, 10, 1, 9], [16, 12, 17, 11], [12, 3, 13, 4], [2, 15, 3, 16], [14, 5, 15, 6], [4, 13, 5, 14], [20, 18, 21, 17]]"
11a_180_175,"[[20, 18, 21, 17], [8, 22, 9, 21], [6, 19, 7, 20], [18, 7, 19, 8], [10, 2, 11, 1], [22, 10, 1, 9], [16, 12, 17, 11], [12, 3, 13, 4], [2, 15, 3, 16], [14, 5, 15, 6], [4, 13, 5, 14]]"
11a_180_176,"[[5, 14, 6, 15], [21, 19, 22, 18], [9, 1, 10, 22], [7, 20, 8, 21], [19, 8, 20, 9], [11, 3, 12, 2], [1, 11, 2, 10], [17, 13, 18, 12], [13, 4, 14, 5], [3, 16, 4, 17], [15, 6, 16, 7]]"
11a_180_177,"[[15, 6, 16, 7], [5, 14, 6, 15], [21, 19, 22, 18], [9, 1, 10, 22], [7, 20, 8, 21], [19, 8, 20, 9], [11, 3, 12, 2], [1, 11, 2, 10], [17, 13, 18, 12], [13, 4, 14, 5], [3, 16, 4, 17]]"
11a_180_178,"[[3, 16, 4, 17], [15, 6, 16, 7], [5, 14, 6, 15], [21, 19, 22, 18], [9, 1, 10, 22], [7, 20, 8, 21], [19, 8, 20, 9], [11, 3, 12, 2], [1, 11, 2, 10], [17, 13, 18, 12], [13, 4, 14, 5]]"
11a_180_179,"[[13, 4, 14, 5], [3, 16, 4, 17], [15, 6, 16, 7], [5, 14, 6, 15], [21, 19, 22, 18], [9, 1, 10, 22], [7, 20, 8, 21], [19, 8, 20, 9], [11, 3, 12, 2], [1, 11, 2, 10], [17, 13, 18, 12]]"
11a_180_180,"[[17, 13, 18, 12], [13, 4, 14, 5], [3, 16, 4, 17], [15, 6, 16, 7], [5, 14, 6, 15], [21, 19, 22, 18], [9, 1, 10, 22], [7, 20, 8, 21], [19, 8, 20, 9], [11, 3, 12, 2], [1, 11, 2, 10]]"
11a_180_181,"[[1, 11, 2, 10], [17, 13, 18, 12], [13, 4, 14, 5], [3, 16, 4, 17], [15, 6, 16, 7], [5, 14, 6, 15], [21, 19, 22, 18], [9, 1, 10, 22], [7, 20, 8, 21], [19, 8, 20, 9], [11, 3, 12, 2]]"
11a_180_182,"[[11, 3, 12, 2], [1, 11, 2, 10], [17, 13, 18, 12], [13, 4, 14, 5], [3, 16, 4, 17], [15, 6, 16, 7], [5, 14, 6, 15], [21, 19, 22, 18], [9, 1, 10, 22], [7, 20, 8, 21], [19, 8, 20, 9]]"
11a_180_183,"[[19, 8, 20, 9], [11, 3, 12, 2], [1, 11, 2, 10], [17, 13, 18, 12], [13, 4, 14, 5], [3, 16, 4, 17], [15, 6, 16, 7], [5, 14, 6, 15], [21, 19, 22, 18], [9, 1, 10, 22], [7, 20, 8, 21]]"
11a_180_184,"[[7, 20, 8, 21], [19, 8, 20, 9], [11, 3, 12, 2], [1, 11, 2, 10], [17, 13, 18, 12], [13, 4, 14, 5], [3, 16, 4, 17], [15, 6, 16, 7], [5, 14, 6, 15], [21, 19, 22, 18], [9, 1, 10, 22]]"
11a_180_185,"[[9, 1, 10, 22], [7, 20, 8, 21], [19, 8, 20, 9], [11, 3, 12, 2], [1, 11, 2, 10], [17, 13, 18, 12], [13, 4, 14, 5], [3, 16, 4, 17], [15, 6, 16, 7], [5, 14, 6, 15], [21, 19, 22, 18]]"
11a_180_186,"[[21, 19, 22, 18], [9, 1, 10, 22], [7, 20, 8, 21], [19, 8, 20, 9], [11, 3, 12, 2], [1, 11, 2, 10], [17, 13, 18, 12], [13, 4, 14, 5], [3, 16, 4, 17], [15, 6, 16, 7], [5, 14, 6, 15]]"
11a_180_187,"[[6, 15, 7, 16], [22, 20, 1, 19], [10, 2, 11, 1], [8, 21, 9, 22], [20, 9, 21, 10], [12, 4, 13, 3], [2, 12, 3, 11], [18, 14, 19, 13], [14, 5, 15, 6], [4, 17, 5, 18], [16, 7, 17, 8]]"
11a_180_188,"[[16, 7, 17, 8], [6, 15, 7, 16], [22, 20, 1, 19], [10, 2, 11, 1], [8, 21, 9, 22], [20, 9, 21, 10], [12, 4, 13, 3], [2, 12, 3, 11], [18, 14, 19, 13], [14, 5, 15, 6], [4, 17, 5, 18]]"
11a_180_189,"[[4, 17, 5, 18], [16, 7, 17, 8], [6, 15, 7, 16], [22, 20, 1, 19], [10, 2, 11, 1], [8, 21, 9, 22], [20, 9, 21, 10], [12, 4, 13, 3], [2, 12, 3, 11], [18, 14, 19, 13], [14, 5, 15, 6]]"
11a_180_190,"[[14, 5, 15, 6], [4, 17, 5, 18], [16, 7, 17, 8], [6, 15, 7, 16], [22, 20, 1, 19], [10, 2, 11, 1], [8, 21, 9, 22], [20, 9, 21, 10], [12, 4, 13, 3], [2, 12, 3, 11], [18, 14, 19, 13]]"
11a_180_191,"[[18, 14, 19, 13], [14, 5, 15, 6], [4, 17, 5, 18], [16, 7, 17, 8], [6, 15, 7, 16], [22, 20, 1, 19], [10, 2, 11, 1], [8, 21, 9, 22], [20, 9, 21, 10], [12, 4, 13, 3], [2, 12, 3, 11]]"
11a_180_192,"[[2, 12, 3, 11], [18, 14, 19, 13], [14, 5, 15, 6], [4, 17, 5, 18], [16, 7, 17, 8], [6, 15, 7, 16], [22, 20, 1, 19], [10, 2, 11, 1], [8, 21, 9, 22], [20, 9, 21, 10], [12, 4, 13, 3]]"
11a_180_193,"[[12, 4, 13, 3], [2, 12, 3, 11], [18, 14, 19, 13], [14, 5, 15, 6], [4, 17, 5, 18], [16, 7, 17, 8], [6, 15, 7, 16], [22, 20, 1, 19], [10, 2, 11, 1], [8, 21, 9, 22], [20, 9, 21, 10]]"
11a_180_194,"[[20, 9, 21, 10], [12, 4, 13, 3], [2, 12, 3, 11], [18, 14, 19, 13], [14, 5, 15, 6], [4, 17, 5, 18], [16, 7, 17, 8], [6, 15, 7, 16], [22, 20, 1, 19], [10, 2, 11, 1], [8, 21, 9, 22]]"
11a_180_195,"[[8, 21, 9, 22], [20, 9, 21, 10], [12, 4, 13, 3], [2, 12, 3, 11], [18, 14, 19, 13], [14, 5, 15, 6], [4, 17, 5, 18], [16, 7, 17, 8], [6, 15, 7, 16], [22, 20, 1, 19], [10, 2, 11, 1]]"
11a_180_196,"[[10, 2, 11, 1], [8, 21, 9, 22], [20, 9, 21, 10], [12, 4, 13, 3], [2, 12, 3, 11], [18, 14, 19, 13], [14, 5, 15, 6], [4, 17, 5, 18], [16, 7, 17, 8], [6, 15, 7, 16], [22, 20, 1, 19]]"
11a_180_197,"[[22, 20, 1, 19], [10, 2, 11, 1], [8, 21, 9, 22], [20, 9, 21, 10], [12, 4, 13, 3], [2, 12, 3, 11], [18, 14, 19, 13], [14, 5, 15, 6], [4, 17, 5, 18], [16, 7, 17, 8], [6, 15, 7, 16]]"
11a_180_198,"[[7, 16, 8, 17], [1, 21, 2, 20], [11, 3, 12, 2], [9, 22, 10, 1], [21, 10, 22, 11], [13, 5, 14, 4], [3, 13, 4, 12], [19, 15, 20, 14], [15, 6, 16, 7], [5, 18, 6, 19], [17, 8, 18, 9]]"
11a_180_199,"[[17, 8, 18, 9], [7, 16, 8, 17], [1, 21, 2, 20], [11, 3, 12, 2], [9, 22, 10, 1], [21, 10, 22, 11], [13, 5, 14, 4], [3, 13, 4, 12], [19, 15, 20, 14], [15, 6, 16, 7], [5, 18, 6, 19]]"
11a_180_200,"[[5, 18, 6, 19], [17, 8, 18, 9], [7, 16, 8, 17], [1, 21, 2, 20], [11, 3, 12, 2], [9, 22, 10, 1], [21, 10, 22, 11], [13, 5, 14, 4], [3, 13, 4, 12], [19, 15, 20, 14], [15, 6, 16, 7]]"
11a_180_201,"[[15, 6, 16, 7], [5, 18, 6, 19], [17, 8, 18, 9], [7, 16, 8, 17], [1, 21, 2, 20], [11, 3, 12, 2], [9, 22, 10, 1], [21, 10, 22, 11], [13, 5, 14, 4], [3, 13, 4, 12], [19, 15, 20, 14]]"
11a_180_202,"[[19, 15, 20, 14], [15, 6, 16, 7], [5, 18, 6, 19], [17, 8, 18, 9], [7, 16, 8, 17], [1, 21, 2, 20], [11, 3, 12, 2], [9, 22, 10, 1], [21, 10, 22, 11], [13, 5, 14, 4], [3, 13, 4, 12]]"
11a_180_203,"[[3, 13, 4, 12], [19, 15, 20, 14], [15, 6, 16, 7], [5, 18, 6, 19], [17, 8, 18, 9], [7, 16, 8, 17], [1, 21, 2, 20], [11, 3, 12, 2], [9, 22, 10, 1], [21, 10, 22, 11], [13, 5, 14, 4]]"
