name,pd_notation
11a_66_0,"[[11, 19, 12, 18], [5, 3, 6, 2], [13, 9, 14, 8], [9, 4, 10, 5], [3, 10, 4, 11], [21, 14, 22, 15], [17, 6, 18, 7], [7, 20, 8, 21], [1, 16, 2, 17], [15, 22, 16, 1], [19, 13, 20, 12]]"
11a_66_1,"[[19, 13, 20, 12], [11, 19, 12, 18], [5, 3, 6, 2], [13, 9, 14, 8], [9, 4, 10, 5], [3, 10, 4, 11], [21, 14, 22, 15], [17, 6, 18, 7], [7, 20, 8, 21], [1, 16, 2, 17], [15, 22, 16, 1]]"
11a_66_2,"[[15, 22, 16, 1], [19, 13, 20, 12], [11, 19, 12, 18], [5, 3, 6, 2], [13, 9, 14, 8], [9, 4, 10, 5], [3, 10, 4, 11], [21, 14, 22, 15], [17, 6, 18, 7], [7, 20, 8, 21], [1, 16, 2, 17]]"
11a_66_3,"[[1, 16, 2, 17], [15, 22, 16, 1], [19, 13, 20, 12], [11, 19, 12, 18], [5, 3, 6, 2], [13, 9, 14, 8], [9, 4, 10, 5], [3, 10, 4, 11], [21, 14, 22, 15], [17, 6, 18, 7], [7, 20, 8, 21]]"
11a_66_4,"[[7, 20, 8, 21], [1, 16, 2, 17], [15, 22, 16, 1], [19, 13, 20, 12], [11, 19, 12, 18], [5, 3, 6, 2], [13, 9, 14, 8], [9, 4, 10, 5], [3, 10, 4, 11], [21, 14, 22, 15], [17, 6, 18, 7]]"
11a_66_5,"[[17, 6, 18, 7], [7, 20, 8, 21], [1, 16, 2, 17], [15, 22, 16, 1], [19, 13, 20, 12], [11, 19, 12, 18], [5, 3, 6, 2], [13, 9, 14, 8], [9, 4, 10, 5], [3, 10, 4, 11], [21, 14, 22, 15]]"
11a_66_6,"[[21, 14, 22, 15], [17, 6, 18, 7], [7, 20, 8, 21], [1, 16, 2, 17], [15, 22, 16, 1], [19, 13, 20, 12], [11, 19, 12, 18], [5, 3, 6, 2], [13, 9, 14, 8], [9, 4, 10, 5], [3, 10, 4, 11]]"
11a_66_7,"[[3, 10, 4, 11], [21, 14, 22, 15], [17, 6, 18, 7], [7, 20, 8, 21], [1, 16, 2, 17], [15, 22, 16, 1], [19, 13, 20, 12], [11, 19, 12, 18], [5, 3, 6, 2], [13, 9, 14, 8], [9, 4, 10, 5]]"
11a_66_8,"[[9, 4, 10, 5], [3, 10, 4, 11], [21, 14, 22, 15], [17, 6, 18, 7], [7, 20, 8, 21], [1, 16, 2, 17], [15, 22, 16, 1], [19, 13, 20, 12], [11, 19, 12, 18], [5, 3, 6, 2], [13, 9, 14, 8]]"
11a_66_9,"[[13, 9, 14, 8], [9, 4, 10, 5], [3, 10, 4, 11], [21, 14, 22, 15], [17, 6, 18, 7], [7, 20, 8, 21], [1, 16, 2, 17], [15, 22, 16, 1], [19, 13, 20, 12], [11, 19, 12, 18], [5, 3, 6, 2]]"
11a_66_10,"[[5, 3, 6, 2], [13, 9, 14, 8], [9, 4, 10, 5], [3, 10, 4, 11], [21, 14, 22, 15], [17, 6, 18, 7], [7, 20, 8, 21], [1, 16, 2, 17], [15, 22, 16, 1], [19, 13, 20, 12], [11, 19, 12, 18]]"
11a_66_11,"[[12, 20, 13, 19], [6, 4, 7, 3], [14, 10, 15, 9], [10, 5, 11, 6], [4, 11, 5, 12], [22, 15, 1, 16], [18, 7, 19, 8], [8, 21, 9, 22], [2, 17, 3, 18], [16, 1, 17, 2], [20, 14, 21, 13]]"
11a_66_12,"[[20, 14, 21, 13], [12, 20, 13, 19], [6, 4, 7, 3], [14, 10, 15, 9], [10, 5, 11, 6], [4, 11, 5, 12], [22, 15, 1, 16], [18, 7, 19, 8], [8, 21, 9, 22], [2, 17, 3, 18], [16, 1, 17, 2]]"
11a_66_13,"[[16, 1, 17, 2], [20, 14, 21, 13], [12, 20, 13, 19], [6, 4, 7, 3], [14, 10, 15, 9], [10, 5, 11, 6], [4, 11, 5, 12], [22, 15, 1, 16], [18, 7, 19, 8], [8, 21, 9, 22], [2, 17, 3, 18]]"
11a_66_14,"[[2, 17, 3, 18], [16, 1, 17, 2], [20, 14, 21, 13], [12, 20, 13, 19], [6, 4, 7, 3], [14, 10, 15, 9], [10, 5, 11, 6], [4, 11, 5, 12], [22, 15, 1, 16], [18, 7, 19, 8], [8, 21, 9, 22]]"
11a_66_15,"[[8, 21, 9, 22], [2, 17, 3, 18], [16, 1, 17, 2], [20, 14, 21, 13], [12, 20, 13, 19], [6, 4, 7, 3], [14, 10, 15, 9], [10, 5, 11, 6], [4, 11, 5, 12], [22, 15, 1, 16], [18, 7, 19, 8]]"
11a_66_16,"[[18, 7, 19, 8], [8, 21, 9, 22], [2, 17, 3, 18], [16, 1, 17, 2], [20, 14, 21, 13], [12, 20, 13, 19], [6, 4, 7, 3], [14, 10, 15, 9], [10, 5, 11, 6], [4, 11, 5, 12], [22, 15, 1, 16]]"
11a_66_17,"[[22, 15, 1, 16], [18, 7, 19, 8], [8, 21, 9, 22], [2, 17, 3, 18], [16, 1, 17, 2], [20, 14, 21, 13], [12, 20, 13, 19], [6, 4, 7, 3], [14, 10, 15, 9], [10, 5, 11, 6], [4, 11, 5, 12]]"
11a_66_18,"[[4, 11, 5, 12], [22, 15, 1, 16], [18, 7, 19, 8], [8, 21, 9, 22], [2, 17, 3, 18], [16, 1, 17, 2], [20, 14, 21, 13], [12, 20, 13, 19], [6, 4, 7, 3], [14, 10, 15, 9], [10, 5, 11, 6]]"
11a_66_19,"[[10, 5, 11, 6], [4, 11, 5, 12], [22, 15, 1, 16], [18, 7, 19, 8], [8, 21, 9, 22], [2, 17, 3, 18], [16, 1, 17, 2], [20, 14, 21, 13], [12, 20, 13, 19], [6, 4, 7, 3], [14, 10, 15, 9]]"
11a_66_20,"[[14, 10, 15, 9], [10, 5, 11, 6], [4, 11, 5, 12], [22, 15, 1, 16], [18, 7, 19, 8], [8, 21, 9, 22], [2, 17, 3, 18], [16, 1, 17, 2], [20, 14, 21, 13], [12, 20, 13, 19], [6, 4, 7, 3]]"
11a_66_21,"[[6, 4, 7, 3], [14, 10, 15, 9], [10, 5, 11, 6], [4, 11, 5, 12], [22, 15, 1, 16], [18, 7, 19, 8], [8, 21, 9, 22], [2, 17, 3, 18], [16, 1, 17, 2], [20, 14, 21, 13], [12, 20, 13, 19]]"
11a_66_22,"[[13, 21, 14, 20], [7, 5, 8, 4], [15, 11, 16, 10], [11, 6, 12, 7], [5, 12, 6, 13], [1, 16, 2, 17], [19, 8, 20, 9], [9, 22, 10, 1], [3, 18, 4, 19], [17, 2, 18, 3], [21, 15, 22, 14]]"
11a_66_23,"[[21, 15, 22, 14], [13, 21, 14, 20], [7, 5, 8, 4], [15, 11, 16, 10], [11, 6, 12, 7], [5, 12, 6, 13], [1, 16, 2, 17], [19, 8, 20, 9], [9, 22, 10, 1], [3, 18, 4, 19], [17, 2, 18, 3]]"
11a_66_24,"[[17, 2, 18, 3], [21, 15, 22, 14], [13, 21, 14, 20], [7, 5, 8, 4], [15, 11, 16, 10], [11, 6, 12, 7], [5, 12, 6, 13], [1, 16, 2, 17], [19, 8, 20, 9], [9, 22, 10, 1], [3, 18, 4, 19]]"
11a_66_25,"[[3, 18, 4, 19], [17, 2, 18, 3], [21, 15, 22, 14], [13, 21, 14, 20], [7, 5, 8, 4], [15, 11, 16, 10], [11, 6, 12, 7], [5, 12, 6, 13], [1, 16, 2, 17], [19, 8, 20, 9], [9, 22, 10, 1]]"
11a_66_26,"[[9, 22, 10, 1], [3, 18, 4, 19], [17, 2, 18, 3], [21, 15, 22, 14], [13, 21, 14, 20], [7, 5, 8, 4], [15, 11, 16, 10], [11, 6, 12, 7], [5, 12, 6, 13], [1, 16, 2, 17], [19, 8, 20, 9]]"
11a_66_27,"[[19, 8, 20, 9], [9, 22, 10, 1], [3, 18, 4, 19], [17, 2, 18, 3], [21, 15, 22, 14], [13, 21, 14, 20], [7, 5, 8, 4], [15, 11, 16, 10], [11, 6, 12, 7], [5, 12, 6, 13], [1, 16, 2, 17]]"
11a_66_28,"[[1, 16, 2, 17], [19, 8, 20, 9], [9, 22, 10, 1], [3, 18, 4, 19], [17, 2, 18, 3], [21, 15, 22, 14], [13, 21, 14, 20], [7, 5, 8, 4], [15, 11, 16, 10], [11, 6, 12, 7], [5, 12, 6, 13]]"
11a_66_29,"[[5, 12, 6, 13], [1, 16, 2, 17], [19, 8, 20, 9], [9, 22, 10, 1], [3, 18, 4, 19], [17, 2, 18, 3], [21, 15, 22, 14], [13, 21, 14, 20], [7, 5, 8, 4], [15, 11, 16, 10], [11, 6, 12, 7]]"
11a_66_30,"[[11, 6, 12, 7], [5, 12, 6, 13], [1, 16, 2, 17], [19, 8, 20, 9], [9, 22, 10, 1], [3, 18, 4, 19], [17, 2, 18, 3], [21, 15, 22, 14], [13, 21, 14, 20], [7, 5, 8, 4], [15, 11, 16, 10]]"
11a_66_31,"[[15, 11, 16, 10], [11, 6, 12, 7], [5, 12, 6, 13], [1, 16, 2, 17], [19, 8, 20, 9], [9, 22, 10, 1], [3, 18, 4, 19], [17, 2, 18, 3], [21, 15, 22, 14], [13, 21, 14, 20], [7, 5, 8, 4]]"
11a_66_32,"[[7, 5, 8, 4], [15, 11, 16, 10], [11, 6, 12, 7], [5, 12, 6, 13], [1, 16, 2, 17], [19, 8, 20, 9], [9, 22, 10, 1], [3, 18, 4, 19], [17, 2, 18, 3], [21, 15, 22, 14], [13, 21, 14, 20]]"
11a_66_33,"[[14, 22, 15, 21], [8, 6, 9, 5], [16, 12, 17, 11], [12, 7, 13, 8], [6, 13, 7, 14], [2, 17, 3, 18], [20, 9, 21, 10], [10, 1, 11, 2], [4, 19, 5, 20], [18, 3, 19, 4], [22, 16, 1, 15]]"
11a_66_34,"[[22, 16, 1, 15], [14, 22, 15, 21], [8, 6, 9, 5], [16, 12, 17, 11], [12, 7, 13, 8], [6, 13, 7, 14], [2, 17, 3, 18], [20, 9, 21, 10], [10, 1, 11, 2], [4, 19, 5, 20], [18, 3, 19, 4]]"
11a_66_35,"[[18, 3, 19, 4], [22, 16, 1, 15], [14, 22, 15, 21], [8, 6, 9, 5], [16, 12, 17, 11], [12, 7, 13, 8], [6, 13, 7, 14], [2, 17, 3, 18], [20, 9, 21, 10], [10, 1, 11, 2], [4, 19, 5, 20]]"
11a_66_36,"[[4, 19, 5, 20], [18, 3, 19, 4], [22, 16, 1, 15], [14, 22, 15, 21], [8, 6, 9, 5], [16, 12, 17, 11], [12, 7, 13, 8], [6, 13, 7, 14], [2, 17, 3, 18], [20, 9, 21, 10], [10, 1, 11, 2]]"
11a_66_37,"[[10, 1, 11, 2], [4, 19, 5, 20], [18, 3, 19, 4], [22, 16, 1, 15], [14, 22, 15, 21], [8, 6, 9, 5], [16, 12, 17, 11], [12, 7, 13, 8], [6, 13, 7, 14], [2, 17, 3, 18], [20, 9, 21, 10]]"
11a_66_38,"[[20, 9, 21, 10], [10, 1, 11, 2], [4, 19, 5, 20], [18, 3, 19, 4], [22, 16, 1, 15], [14, 22, 15, 21], [8, 6, 9, 5], [16, 12, 17, 11], [12, 7, 13, 8], [6, 13, 7, 14], [2, 17, 3, 18]]"
11a_66_39,"[[2, 17, 3, 18], [20, 9, 21, 10], [10, 1, 11, 2], [4, 19, 5, 20], [18, 3, 19, 4], [22, 16, 1, 15], [14, 22, 15, 21], [8, 6, 9, 5], [16, 12, 17, 11], [12, 7, 13, 8], [6, 13, 7, 14]]"
11a_66_40,"[[6, 13, 7, 14], [2, 17, 3, 18], [20, 9, 21, 10], [10, 1, 11, 2], [4, 19, 5, 20], [18, 3, 19, 4], [22, 16, 1, 15], [14, 22, 15, 21], [8, 6, 9, 5], [16, 12, 17, 11], [12, 7, 13, 8]]"
11a_66_41,"[[12, 7, 13, 8], [6, 13, 7, 14], [2, 17, 3, 18], [20, 9, 21, 10], [10, 1, 11, 2], [4, 19, 5, 20], [18, 3, 19, 4], [22, 16, 1, 15], [14, 22, 15, 21], [8, 6, 9, 5], [16, 12, 17, 11]]"
11a_66_42,"[[16, 12, 17, 11], [12, 7, 13, 8], [6, 13, 7, 14], [2, 17, 3, 18], [20, 9, 21, 10], [10, 1, 11, 2], [4, 19, 5, 20], [18, 3, 19, 4], [22, 16, 1, 15], [14, 22, 15, 21], [8, 6, 9, 5]]"
11a_66_43,"[[8, 6, 9, 5], [16, 12, 17, 11], [12, 7, 13, 8], [6, 13, 7, 14], [2, 17, 3, 18], [20, 9, 21, 10], [10, 1, 11, 2], [4, 19, 5, 20], [18, 3, 19, 4], [22, 16, 1, 15], [14, 22, 15, 21]]"
11a_66_44,"[[15, 1, 16, 22], [9, 7, 10, 6], [17, 13, 18, 12], [13, 8, 14, 9], [7, 14, 8, 15], [3, 18, 4, 19], [21, 10, 22, 11], [11, 2, 12, 3], [5, 20, 6, 21], [19, 4, 20, 5], [1, 17, 2, 16]]"
11a_66_45,"[[1, 17, 2, 16], [15, 1, 16, 22], [9, 7, 10, 6], [17, 13, 18, 12], [13, 8, 14, 9], [7, 14, 8, 15], [3, 18, 4, 19], [21, 10, 22, 11], [11, 2, 12, 3], [5, 20, 6, 21], [19, 4, 20, 5]]"
11a_66_46,"[[19, 4, 20, 5], [1, 17, 2, 16], [15, 1, 16, 22], [9, 7, 10, 6], [17, 13, 18, 12], [13, 8, 14, 9], [7, 14, 8, 15], [3, 18, 4, 19], [21, 10, 22, 11], [11, 2, 12, 3], [5, 20, 6, 21]]"
11a_66_47,"[[5, 20, 6, 21], [19, 4, 20, 5], [1, 17, 2, 16], [15, 1, 16, 22], [9, 7, 10, 6], [17, 13, 18, 12], [13, 8, 14, 9], [7, 14, 8, 15], [3, 18, 4, 19], [21, 10, 22, 11], [11, 2, 12, 3]]"
11a_66_48,"[[11, 2, 12, 3], [5, 20, 6, 21], [19, 4, 20, 5], [1, 17, 2, 16], [15, 1, 16, 22], [9, 7, 10, 6], [17, 13, 18, 12], [13, 8, 14, 9], [7, 14, 8, 15], [3, 18, 4, 19], [21, 10, 22, 11]]"
11a_66_49,"[[21, 10, 22, 11], [11, 2, 12, 3], [5, 20, 6, 21], [19, 4, 20, 5], [1, 17, 2, 16], [15, 1, 16, 22], [9, 7, 10, 6], [17, 13, 18, 12], [13, 8, 14, 9], [7, 14, 8, 15], [3, 18, 4, 19]]"
11a_66_50,"[[3, 18, 4, 19], [21, 10, 22, 11], [11, 2, 12, 3], [5, 20, 6, 21], [19, 4, 20, 5], [1, 17, 2, 16], [15, 1, 16, 22], [9, 7, 10, 6], [17, 13, 18, 12], [13, 8, 14, 9], [7, 14, 8, 15]]"
11a_66_51,"[[7, 14, 8, 15], [3, 18, 4, 19], [21, 10, 22, 11], [11, 2, 12, 3], [5, 20, 6, 21], [19, 4, 20, 5], [1, 17, 2, 16], [15, 1, 16, 22], [9, 7, 10, 6], [17, 13, 18, 12], [13, 8, 14, 9]]"
11a_66_52,"[[13, 8, 14, 9], [7, 14, 8, 15], [3, 18, 4, 19], [21, 10, 22, 11], [11, 2, 12, 3], [5, 20, 6, 21], [19, 4, 20, 5], [1, 17, 2, 16], [15, 1, 16, 22], [9, 7, 10, 6], [17, 13, 18, 12]]"
11a_66_53,"[[17, 13, 18, 12], [13, 8, 14, 9], [7, 14, 8, 15], [3, 18, 4, 19], [21, 10, 22, 11], [11, 2, 12, 3], [5, 20, 6, 21], [19, 4, 20, 5], [1, 17, 2, 16], [15, 1, 16, 22], [9, 7, 10, 6]]"
11a_66_54,"[[9, 7, 10, 6], [17, 13, 18, 12], [13, 8, 14, 9], [7, 14, 8, 15], [3, 18, 4, 19], [21, 10, 22, 11], [11, 2, 12, 3], [5, 20, 6, 21], [19, 4, 20, 5], [1, 17, 2, 16], [15, 1, 16, 22]]"
11a_66_55,"[[16, 2, 17, 1], [10, 8, 11, 7], [18, 14, 19, 13], [14, 9, 15, 10], [8, 15, 9, 16], [4, 19, 5, 20], [22, 11, 1, 12], [12, 3, 13, 4], [6, 21, 7, 22], [20, 5, 21, 6], [2, 18, 3, 17]]"
11a_66_56,"[[2, 18, 3, 17], [16, 2, 17, 1], [10, 8, 11, 7], [18, 14, 19, 13], [14, 9, 15, 10], [8, 15, 9, 16], [4, 19, 5, 20], [22, 11, 1, 12], [12, 3, 13, 4], [6, 21, 7, 22], [20, 5, 21, 6]]"
11a_66_57,"[[20, 5, 21, 6], [2, 18, 3, 17], [16, 2, 17, 1], [10, 8, 11, 7], [18, 14, 19, 13], [14, 9, 15, 10], [8, 15, 9, 16], [4, 19, 5, 20], [22, 11, 1, 12], [12, 3, 13, 4], [6, 21, 7, 22]]"
11a_66_58,"[[6, 21, 7, 22], [20, 5, 21, 6], [2, 18, 3, 17], [16, 2, 17, 1], [10, 8, 11, 7], [18, 14, 19, 13], [14, 9, 15, 10], [8, 15, 9, 16], [4, 19, 5, 20], [22, 11, 1, 12], [12, 3, 13, 4]]"
11a_66_59,"[[12, 3, 13, 4], [6, 21, 7, 22], [20, 5, 21, 6], [2, 18, 3, 17], [16, 2, 17, 1], [10, 8, 11, 7], [18, 14, 19, 13], [14, 9, 15, 10], [8, 15, 9, 16], [4, 19, 5, 20], [22, 11, 1, 12]]"
11a_66_60,"[[22, 11, 1, 12], [12, 3, 13, 4], [6, 21, 7, 22], [20, 5, 21, 6], [2, 18, 3, 17], [16, 2, 17, 1], [10, 8, 11, 7], [18, 14, 19, 13], [14, 9, 15, 10], [8, 15, 9, 16], [4, 19, 5, 20]]"
11a_66_61,"[[4, 19, 5, 20], [22, 11, 1, 12], [12, 3, 13, 4], [6, 21, 7, 22], [20, 5, 21, 6], [2, 18, 3, 17], [16, 2, 17, 1], [10, 8, 11, 7], [18, 14, 19, 13], [14, 9, 15, 10], [8, 15, 9, 16]]"
11a_66_62,"[[8, 15, 9, 16], [4, 19, 5, 20], [22, 11, 1, 12], [12, 3, 13, 4], [6, 21, 7, 22], [20, 5, 21, 6], [2, 18, 3, 17], [16, 2, 17, 1], [10, 8, 11, 7], [18, 14, 19, 13], [14, 9, 15, 10]]"
11a_66_63,"[[14, 9, 15, 10], [8, 15, 9, 16], [4, 19, 5, 20], [22, 11, 1, 12], [12, 3, 13, 4], [6, 21, 7, 22], [20, 5, 21, 6], [2, 18, 3, 17], [16, 2, 17, 1], [10, 8, 11, 7], [18, 14, 19, 13]]"
11a_66_64,"[[18, 14, 19, 13], [14, 9, 15, 10], [8, 15, 9, 16], [4, 19, 5, 20], [22, 11, 1, 12], [12, 3, 13, 4], [6, 21, 7, 22], [20, 5, 21, 6], [2, 18, 3, 17], [16, 2, 17, 1], [10, 8, 11, 7]]"
11a_66_65,"[[10, 8, 11, 7], [18, 14, 19, 13], [14, 9, 15, 10], [8, 15, 9, 16], [4, 19, 5, 20], [22, 11, 1, 12], [12, 3, 13, 4], [6, 21, 7, 22], [20, 5, 21, 6], [2, 18, 3, 17], [16, 2, 17, 1]]"
11a_66_66,"[[17, 3, 18, 2], [11, 9, 12, 8], [19, 15, 20, 14], [15, 10, 16, 11], [9, 16, 10, 17], [5, 20, 6, 21], [1, 12, 2, 13], [13, 4, 14, 5], [7, 22, 8, 1], [21, 6, 22, 7], [3, 19, 4, 18]]"
11a_66_67,"[[3, 19, 4, 18], [17, 3, 18, 2], [11, 9, 12, 8], [19, 15, 20, 14], [15, 10, 16, 11], [9, 16, 10, 17], [5, 20, 6, 21], [1, 12, 2, 13], [13, 4, 14, 5], [7, 22, 8, 1], [21, 6, 22, 7]]"
11a_66_68,"[[21, 6, 22, 7], [3, 19, 4, 18], [17, 3, 18, 2], [11, 9, 12, 8], [19, 15, 20, 14], [15, 10, 16, 11], [9, 16, 10, 17], [5, 20, 6, 21], [1, 12, 2, 13], [13, 4, 14, 5], [7, 22, 8, 1]]"
11a_66_69,"[[7, 22, 8, 1], [21, 6, 22, 7], [3, 19, 4, 18], [17, 3, 18, 2], [11, 9, 12, 8], [19, 15, 20, 14], [15, 10, 16, 11], [9, 16, 10, 17], [5, 20, 6, 21], [1, 12, 2, 13], [13, 4, 14, 5]]"
11a_66_70,"[[13, 4, 14, 5], [7, 22, 8, 1], [21, 6, 22, 7], [3, 19, 4, 18], [17, 3, 18, 2], [11, 9, 12, 8], [19, 15, 20, 14], [15, 10, 16, 11], [9, 16, 10, 17], [5, 20, 6, 21], [1, 12, 2, 13]]"
11a_66_71,"[[1, 12, 2, 13], [13, 4, 14, 5], [7, 22, 8, 1], [21, 6, 22, 7], [3, 19, 4, 18], [17, 3, 18, 2], [11, 9, 12, 8], [19, 15, 20, 14], [15, 10, 16, 11], [9, 16, 10, 17], [5, 20, 6, 21]]"
11a_66_72,"[[5, 20, 6, 21], [1, 12, 2, 13], [13, 4, 14, 5], [7, 22, 8, 1], [21, 6, 22, 7], [3, 19, 4, 18], [17, 3, 18, 2], [11, 9, 12, 8], [19, 15, 20, 14], [15, 10, 16, 11], [9, 16, 10, 17]]"
11a_66_73,"[[9, 16, 10, 17], [5, 20, 6, 21], [1, 12, 2, 13], [13, 4, 14, 5], [7, 22, 8, 1], [21, 6, 22, 7], [3, 19, 4, 18], [17, 3, 18, 2], [11, 9, 12, 8], [19, 15, 20, 14], [15, 10, 16, 11]]"
11a_66_74,"[[15, 10, 16, 11], [9, 16, 10, 17], [5, 20, 6, 21], [1, 12, 2, 13], [13, 4, 14, 5], [7, 22, 8, 1], [21, 6, 22, 7], [3, 19, 4, 18], [17, 3, 18, 2], [11, 9, 12, 8], [19, 15, 20, 14]]"
11a_66_75,"[[19, 15, 20, 14], [15, 10, 16, 11], [9, 16, 10, 17], [5, 20, 6, 21], [1, 12, 2, 13], [13, 4, 14, 5], [7, 22, 8, 1], [21, 6, 22, 7], [3, 19, 4, 18], [17, 3, 18, 2], [11, 9, 12, 8]]"
11a_66_76,"[[11, 9, 12, 8], [19, 15, 20, 14], [15, 10, 16, 11], [9, 16, 10, 17], [5, 20, 6, 21], [1, 12, 2, 13], [13, 4, 14, 5], [7, 22, 8, 1], [21, 6, 22, 7], [3, 19, 4, 18], [17, 3, 18, 2]]"
11a_66_77,"[[18, 4, 19, 3], [12, 10, 13, 9], [20, 16, 21, 15], [16, 11, 17, 12], [10, 17, 11, 18], [6, 21, 7, 22], [2, 13, 3, 14], [14, 5, 15, 6], [8, 1, 9, 2], [22, 7, 1, 8], [4, 20, 5, 19]]"
11a_66_78,"[[4, 20, 5, 19], [18, 4, 19, 3], [12, 10, 13, 9], [20, 16, 21, 15], [16, 11, 17, 12], [10, 17, 11, 18], [6, 21, 7, 22], [2, 13, 3, 14], [14, 5, 15, 6], [8, 1, 9, 2], [22, 7, 1, 8]]"
11a_66_79,"[[22, 7, 1, 8], [4, 20, 5, 19], [18, 4, 19, 3], [12, 10, 13, 9], [20, 16, 21, 15], [16, 11, 17, 12], [10, 17, 11, 18], [6, 21, 7, 22], [2, 13, 3, 14], [14, 5, 15, 6], [8, 1, 9, 2]]"
11a_66_80,"[[8, 1, 9, 2], [22, 7, 1, 8], [4, 20, 5, 19], [18, 4, 19, 3], [12, 10, 13, 9], [20, 16, 21, 15], [16, 11, 17, 12], [10, 17, 11, 18], [6, 21, 7, 22], [2, 13, 3, 14], [14, 5, 15, 6]]"
11a_66_81,"[[14, 5, 15, 6], [8, 1, 9, 2], [22, 7, 1, 8], [4, 20, 5, 19], [18, 4, 19, 3], [12, 10, 13, 9], [20, 16, 21, 15], [16, 11, 17, 12], [10, 17, 11, 18], [6, 21, 7, 22], [2, 13, 3, 14]]"
11a_66_82,"[[2, 13, 3, 14], [14, 5, 15, 6], [8, 1, 9, 2], [22, 7, 1, 8], [4, 20, 5, 19], [18, 4, 19, 3], [12, 10, 13, 9], [20, 16, 21, 15], [16, 11, 17, 12], [10, 17, 11, 18], [6, 21, 7, 22]]"
11a_66_83,"[[6, 21, 7, 22], [2, 13, 3, 14], [14, 5, 15, 6], [8, 1, 9, 2], [22, 7, 1, 8], [4, 20, 5, 19], [18, 4, 19, 3], [12, 10, 13, 9], [20, 16, 21, 15], [16, 11, 17, 12], [10, 17, 11, 18]]"
11a_66_84,"[[10, 17, 11, 18], [6, 21, 7, 22], [2, 13, 3, 14], [14, 5, 15, 6], [8, 1, 9, 2], [22, 7, 1, 8], [4, 20, 5, 19], [18, 4, 19, 3], [12, 10, 13, 9], [20, 16, 21, 15], [16, 11, 17, 12]]"
11a_66_85,"[[16, 11, 17, 12], [10, 17, 11, 18], [6, 21, 7, 22], [2, 13, 3, 14], [14, 5, 15, 6], [8, 1, 9, 2], [22, 7, 1, 8], [4, 20, 5, 19], [18, 4, 19, 3], [12, 10, 13, 9], [20, 16, 21, 15]]"
11a_66_86,"[[20, 16, 21, 15], [16, 11, 17, 12], [10, 17, 11, 18], [6, 21, 7, 22], [2, 13, 3, 14], [14, 5, 15, 6], [8, 1, 9, 2], [22, 7, 1, 8], [4, 20, 5, 19], [18, 4, 19, 3], [12, 10, 13, 9]]"
11a_66_87,"[[12, 10, 13, 9], [20, 16, 21, 15], [16, 11, 17, 12], [10, 17, 11, 18], [6, 21, 7, 22], [2, 13, 3, 14], [14, 5, 15, 6], [8, 1, 9, 2], [22, 7, 1, 8], [4, 20, 5, 19], [18, 4, 19, 3]]"
11a_66_88,"[[19, 5, 20, 4], [13, 11, 14, 10], [21, 17, 22, 16], [17, 12, 18, 13], [11, 18, 12, 19], [7, 22, 8, 1], [3, 14, 4, 15], [15, 6, 16, 7], [9, 2, 10, 3], [1, 8, 2, 9], [5, 21, 6, 20]]"
11a_66_89,"[[5, 21, 6, 20], [19, 5, 20, 4], [13, 11, 14, 10], [21, 17, 22, 16], [17, 12, 18, 13], [11, 18, 12, 19], [7, 22, 8, 1], [3, 14, 4, 15], [15, 6, 16, 7], [9, 2, 10, 3], [1, 8, 2, 9]]"
11a_66_90,"[[1, 8, 2, 9], [5, 21, 6, 20], [19, 5, 20, 4], [13, 11, 14, 10], [21, 17, 22, 16], [17, 12, 18, 13], [11, 18, 12, 19], [7, 22, 8, 1], [3, 14, 4, 15], [15, 6, 16, 7], [9, 2, 10, 3]]"
11a_66_91,"[[9, 2, 10, 3], [1, 8, 2, 9], [5, 21, 6, 20], [19, 5, 20, 4], [13, 11, 14, 10], [21, 17, 22, 16], [17, 12, 18, 13], [11, 18, 12, 19], [7, 22, 8, 1], [3, 14, 4, 15], [15, 6, 16, 7]]"
11a_66_92,"[[15, 6, 16, 7], [9, 2, 10, 3], [1, 8, 2, 9], [5, 21, 6, 20], [19, 5, 20, 4], [13, 11, 14, 10], [21, 17, 22, 16], [17, 12, 18, 13], [11, 18, 12, 19], [7, 22, 8, 1], [3, 14, 4, 15]]"
11a_66_93,"[[3, 14, 4, 15], [15, 6, 16, 7], [9, 2, 10, 3], [1, 8, 2, 9], [5, 21, 6, 20], [19, 5, 20, 4], [13, 11, 14, 10], [21, 17, 22, 16], [17, 12, 18, 13], [11, 18, 12, 19], [7, 22, 8, 1]]"
11a_66_94,"[[7, 22, 8, 1], [3, 14, 4, 15], [15, 6, 16, 7], [9, 2, 10, 3], [1, 8, 2, 9], [5, 21, 6, 20], [19, 5, 20, 4], [13, 11, 14, 10], [21, 17, 22, 16], [17, 12, 18, 13], [11, 18, 12, 19]]"
11a_66_95,"[[11, 18, 12, 19], [7, 22, 8, 1], [3, 14, 4, 15], [15, 6, 16, 7], [9, 2, 10, 3], [1, 8, 2, 9], [5, 21, 6, 20], [19, 5, 20, 4], [13, 11, 14, 10], [21, 17, 22, 16], [17, 12, 18, 13]]"
11a_66_96,"[[17, 12, 18, 13], [11, 18, 12, 19], [7, 22, 8, 1], [3, 14, 4, 15], [15, 6, 16, 7], [9, 2, 10, 3], [1, 8, 2, 9], [5, 21, 6, 20], [19, 5, 20, 4], [13, 11, 14, 10], [21, 17, 22, 16]]"
11a_66_97,"[[21, 17, 22, 16], [17, 12, 18, 13], [11, 18, 12, 19], [7, 22, 8, 1], [3, 14, 4, 15], [15, 6, 16, 7], [9, 2, 10, 3], [1, 8, 2, 9], [5, 21, 6, 20], [19, 5, 20, 4], [13, 11, 14, 10]]"
11a_66_98,"[[13, 11, 14, 10], [21, 17, 22, 16], [17, 12, 18, 13], [11, 18, 12, 19], [7, 22, 8, 1], [3, 14, 4, 15], [15, 6, 16, 7], [9, 2, 10, 3], [1, 8, 2, 9], [5, 21, 6, 20], [19, 5, 20, 4]]"
11a_66_99,"[[20, 6, 21, 5], [14, 12, 15, 11], [22, 18, 1, 17], [18, 13, 19, 14], [12, 19, 13, 20], [8, 1, 9, 2], [4, 15, 5, 16], [16, 7, 17, 8], [10, 3, 11, 4], [2, 9, 3, 10], [6, 22, 7, 21]]"
11a_66_100,"[[6, 22, 7, 21], [20, 6, 21, 5], [14, 12, 15, 11], [22, 18, 1, 17], [18, 13, 19, 14], [12, 19, 13, 20], [8, 1, 9, 2], [4, 15, 5, 16], [16, 7, 17, 8], [10, 3, 11, 4], [2, 9, 3, 10]]"
11a_66_101,"[[2, 9, 3, 10], [6, 22, 7, 21], [20, 6, 21, 5], [14, 12, 15, 11], [22, 18, 1, 17], [18, 13, 19, 14], [12, 19, 13, 20], [8, 1, 9, 2], [4, 15, 5, 16], [16, 7, 17, 8], [10, 3, 11, 4]]"
11a_66_102,"[[10, 3, 11, 4], [2, 9, 3, 10], [6, 22, 7, 21], [20, 6, 21, 5], [14, 12, 15, 11], [22, 18, 1, 17], [18, 13, 19, 14], [12, 19, 13, 20], [8, 1, 9, 2], [4, 15, 5, 16], [16, 7, 17, 8]]"
11a_66_103,"[[16, 7, 17, 8], [10, 3, 11, 4], [2, 9, 3, 10], [6, 22, 7, 21], [20, 6, 21, 5], [14, 12, 15, 11], [22, 18, 1, 17], [18, 13, 19, 14], [12, 19, 13, 20], [8, 1, 9, 2], [4, 15, 5, 16]]"
11a_66_104,"[[4, 15, 5, 16], [16, 7, 17, 8], [10, 3, 11, 4], [2, 9, 3, 10], [6, 22, 7, 21], [20, 6, 21, 5], [14, 12, 15, 11], [22, 18, 1, 17], [18, 13, 19, 14], [12, 19, 13, 20], [8, 1, 9, 2]]"
11a_66_105,"[[8, 1, 9, 2], [4, 15, 5, 16], [16, 7, 17, 8], [10, 3, 11, 4], [2, 9, 3, 10], [6, 22, 7, 21], [20, 6, 21, 5], [14, 12, 15, 11], [22, 18, 1, 17], [18, 13, 19, 14], [12, 19, 13, 20]]"
11a_66_106,"[[12, 19, 13, 20], [8, 1, 9, 2], [4, 15, 5, 16], [16, 7, 17, 8], [10, 3, 11, 4], [2, 9, 3, 10], [6, 22, 7, 21], [20, 6, 21, 5], [14, 12, 15, 11], [22, 18, 1, 17], [18, 13, 19, 14]]"
11a_66_107,"[[18, 13, 19, 14], [12, 19, 13, 20], [8, 1, 9, 2], [4, 15, 5, 16], [16, 7, 17, 8], [10, 3, 11, 4], [2, 9, 3, 10], [6, 22, 7, 21], [20, 6, 21, 5], [14, 12, 15, 11], [22, 18, 1, 17]]"
11a_66_108,"[[22, 18, 1, 17], [18, 13, 19, 14], [12, 19, 13, 20], [8, 1, 9, 2], [4, 15, 5, 16], [16, 7, 17, 8], [10, 3, 11, 4], [2, 9, 3, 10], [6, 22, 7, 21], [20, 6, 21, 5], [14, 12, 15, 11]]"
11a_66_109,"[[14, 12, 15, 11], [22, 18, 1, 17], [18, 13, 19, 14], [12, 19, 13, 20], [8, 1, 9, 2], [4, 15, 5, 16], [16, 7, 17, 8], [10, 3, 11, 4], [2, 9, 3, 10], [6, 22, 7, 21], [20, 6, 21, 5]]"
11a_66_110,"[[21, 7, 22, 6], [15, 13, 16, 12], [1, 19, 2, 18], [19, 14, 20, 15], [13, 20, 14, 21], [9, 2, 10, 3], [5, 16, 6, 17], [17, 8, 18, 9], [11, 4, 12, 5], [3, 10, 4, 11], [7, 1, 8, 22]]"
11a_66_111,"[[7, 1, 8, 22], [21, 7, 22, 6], [15, 13, 16, 12], [1, 19, 2, 18], [19, 14, 20, 15], [13, 20, 14, 21], [9, 2, 10, 3], [5, 16, 6, 17], [17, 8, 18, 9], [11, 4, 12, 5], [3, 10, 4, 11]]"
11a_66_112,"[[3, 10, 4, 11], [7, 1, 8, 22], [21, 7, 22, 6], [15, 13, 16, 12], [1, 19, 2, 18], [19, 14, 20, 15], [13, 20, 14, 21], [9, 2, 10, 3], [5, 16, 6, 17], [17, 8, 18, 9], [11, 4, 12, 5]]"
11a_66_113,"[[11, 4, 12, 5], [3, 10, 4, 11], [7, 1, 8, 22], [21, 7, 22, 6], [15, 13, 16, 12], [1, 19, 2, 18], [19, 14, 20, 15], [13, 20, 14, 21], [9, 2, 10, 3], [5, 16, 6, 17], [17, 8, 18, 9]]"
11a_66_114,"[[17, 8, 18, 9], [11, 4, 12, 5], [3, 10, 4, 11], [7, 1, 8, 22], [21, 7, 22, 6], [15, 13, 16, 12], [1, 19, 2, 18], [19, 14, 20, 15], [13, 20, 14, 21], [9, 2, 10, 3], [5, 16, 6, 17]]"
11a_66_115,"[[5, 16, 6, 17], [17, 8, 18, 9], [11, 4, 12, 5], [3, 10, 4, 11], [7, 1, 8, 22], [21, 7, 22, 6], [15, 13, 16, 12], [1, 19, 2, 18], [19, 14, 20, 15], [13, 20, 14, 21], [9, 2, 10, 3]]"
11a_66_116,"[[9, 2, 10, 3], [5, 16, 6, 17], [17, 8, 18, 9], [11, 4, 12, 5], [3, 10, 4, 11], [7, 1, 8, 22], [21, 7, 22, 6], [15, 13, 16, 12], [1, 19, 2, 18], [19, 14, 20, 15], [13, 20, 14, 21]]"
11a_66_117,"[[13, 20, 14, 21], [9, 2, 10, 3], [5, 16, 6, 17], [17, 8, 18, 9], [11, 4, 12, 5], [3, 10, 4, 11], [7, 1, 8, 22], [21, 7, 22, 6], [15, 13, 16, 12], [1, 19, 2, 18], [19, 14, 20, 15]]"
11a_66_118,"[[19, 14, 20, 15], [13, 20, 14, 21], [9, 2, 10, 3], [5, 16, 6, 17], [17, 8, 18, 9], [11, 4, 12, 5], [3, 10, 4, 11], [7, 1, 8, 22], [21, 7, 22, 6], [15, 13, 16, 12], [1, 19, 2, 18]]"
11a_66_119,"[[1, 19, 2, 18], [19, 14, 20, 15], [13, 20, 14, 21], [9, 2, 10, 3], [5, 16, 6, 17], [17, 8, 18, 9], [11, 4, 12, 5], [3, 10, 4, 11], [7, 1, 8, 22], [21, 7, 22, 6], [15, 13, 16, 12]]"
11a_66_120,"[[15, 13, 16, 12], [1, 19, 2, 18], [19, 14, 20, 15], [13, 20, 14, 21], [9, 2, 10, 3], [5, 16, 6, 17], [17, 8, 18, 9], [11, 4, 12, 5], [3, 10, 4, 11], [7, 1, 8, 22], [21, 7, 22, 6]]"
11a_66_121,"[[22, 8, 1, 7], [16, 14, 17, 13], [2, 20, 3, 19], [20, 15, 21, 16], [14, 21, 15, 22], [10, 3, 11, 4], [6, 17, 7, 18], [18, 9, 19, 10], [12, 5, 13, 6], [4, 11, 5, 12], [8, 2, 9, 1]]"
11a_66_122,"[[8, 2, 9, 1], [22, 8, 1, 7], [16, 14, 17, 13], [2, 20, 3, 19], [20, 15, 21, 16], [14, 21, 15, 22], [10, 3, 11, 4], [6, 17, 7, 18], [18, 9, 19, 10], [12, 5, 13, 6], [4, 11, 5, 12]]"
11a_66_123,"[[4, 11, 5, 12], [8, 2, 9, 1], [22, 8, 1, 7], [16, 14, 17, 13], [2, 20, 3, 19], [20, 15, 21, 16], [14, 21, 15, 22], [10, 3, 11, 4], [6, 17, 7, 18], [18, 9, 19, 10], [12, 5, 13, 6]]"
11a_66_124,"[[12, 5, 13, 6], [4, 11, 5, 12], [8, 2, 9, 1], [22, 8, 1, 7], [16, 14, 17, 13], [2, 20, 3, 19], [20, 15, 21, 16], [14, 21, 15, 22], [10, 3, 11, 4], [6, 17, 7, 18], [18, 9, 19, 10]]"
11a_66_125,"[[18, 9, 19, 10], [12, 5, 13, 6], [4, 11, 5, 12], [8, 2, 9, 1], [22, 8, 1, 7], [16, 14, 17, 13], [2, 20, 3, 19], [20, 15, 21, 16], [14, 21, 15, 22], [10, 3, 11, 4], [6, 17, 7, 18]]"
11a_66_126,"[[6, 17, 7, 18], [18, 9, 19, 10], [12, 5, 13, 6], [4, 11, 5, 12], [8, 2, 9, 1], [22, 8, 1, 7], [16, 14, 17, 13], [2, 20, 3, 19], [20, 15, 21, 16], [14, 21, 15, 22], [10, 3, 11, 4]]"
11a_66_127,"[[10, 3, 11, 4], [6, 17, 7, 18], [18, 9, 19, 10], [12, 5, 13, 6], [4, 11, 5, 12], [8, 2, 9, 1], [22, 8, 1, 7], [16, 14, 17, 13], [2, 20, 3, 19], [20, 15, 21, 16], [14, 21, 15, 22]]"
11a_66_128,"[[14, 21, 15, 22], [10, 3, 11, 4], [6, 17, 7, 18], [18, 9, 19, 10], [12, 5, 13, 6], [4, 11, 5, 12], [8, 2, 9, 1], [22, 8, 1, 7], [16, 14, 17, 13], [2, 20, 3, 19], [20, 15, 21, 16]]"
11a_66_129,"[[20, 15, 21, 16], [14, 21, 15, 22], [10, 3, 11, 4], [6, 17, 7, 18], [18, 9, 19, 10], [12, 5, 13, 6], [4, 11, 5, 12], [8, 2, 9, 1], [22, 8, 1, 7], [16, 14, 17, 13], [2, 20, 3, 19]]"
11a_66_130,"[[2, 20, 3, 19], [20, 15, 21, 16], [14, 21, 15, 22], [10, 3, 11, 4], [6, 17, 7, 18], [18, 9, 19, 10], [12, 5, 13, 6], [4, 11, 5, 12], [8, 2, 9, 1], [22, 8, 1, 7], [16, 14, 17, 13]]"
11a_66_131,"[[16, 14, 17, 13], [2, 20, 3, 19], [20, 15, 21, 16], [14, 21, 15, 22], [10, 3, 11, 4], [6, 17, 7, 18], [18, 9, 19, 10], [12, 5, 13, 6], [4, 11, 5, 12], [8, 2, 9, 1], [22, 8, 1, 7]]"
11a_66_132,"[[1, 9, 2, 8], [17, 15, 18, 14], [3, 21, 4, 20], [21, 16, 22, 17], [15, 22, 16, 1], [11, 4, 12, 5], [7, 18, 8, 19], [19, 10, 20, 11], [13, 6, 14, 7], [5, 12, 6, 13], [9, 3, 10, 2]]"
11a_66_133,"[[9, 3, 10, 2], [1, 9, 2, 8], [17, 15, 18, 14], [3, 21, 4, 20], [21, 16, 22, 17], [15, 22, 16, 1], [11, 4, 12, 5], [7, 18, 8, 19], [19, 10, 20, 11], [13, 6, 14, 7], [5, 12, 6, 13]]"
11a_66_134,"[[5, 12, 6, 13], [9, 3, 10, 2], [1, 9, 2, 8], [17, 15, 18, 14], [3, 21, 4, 20], [21, 16, 22, 17], [15, 22, 16, 1], [11, 4, 12, 5], [7, 18, 8, 19], [19, 10, 20, 11], [13, 6, 14, 7]]"
11a_66_135,"[[13, 6, 14, 7], [5, 12, 6, 13], [9, 3, 10, 2], [1, 9, 2, 8], [17, 15, 18, 14], [3, 21, 4, 20], [21, 16, 22, 17], [15, 22, 16, 1], [11, 4, 12, 5], [7, 18, 8, 19], [19, 10, 20, 11]]"
11a_66_136,"[[19, 10, 20, 11], [13, 6, 14, 7], [5, 12, 6, 13], [9, 3, 10, 2], [1, 9, 2, 8], [17, 15, 18, 14], [3, 21, 4, 20], [21, 16, 22, 17], [15, 22, 16, 1], [11, 4, 12, 5], [7, 18, 8, 19]]"
11a_66_137,"[[7, 18, 8, 19], [19, 10, 20, 11], [13, 6, 14, 7], [5, 12, 6, 13], [9, 3, 10, 2], [1, 9, 2, 8], [17, 15, 18, 14], [3, 21, 4, 20], [21, 16, 22, 17], [15, 22, 16, 1], [11, 4, 12, 5]]"
11a_66_138,"[[11, 4, 12, 5], [7, 18, 8, 19], [19, 10, 20, 11], [13, 6, 14, 7], [5, 12, 6, 13], [9, 3, 10, 2], [1, 9, 2, 8], [17, 15, 18, 14], [3, 21, 4, 20], [21, 16, 22, 17], [15, 22, 16, 1]]"
11a_66_139,"[[15, 22, 16, 1], [11, 4, 12, 5], [7, 18, 8, 19], [19, 10, 20, 11], [13, 6, 14, 7], [5, 12, 6, 13], [9, 3, 10, 2], [1, 9, 2, 8], [17, 15, 18, 14], [3, 21, 4, 20], [21, 16, 22, 17]]"
11a_66_140,"[[21, 16, 22, 17], [15, 22, 16, 1], [11, 4, 12, 5], [7, 18, 8, 19], [19, 10, 20, 11], [13, 6, 14, 7], [5, 12, 6, 13], [9, 3, 10, 2], [1, 9, 2, 8], [17, 15, 18, 14], [3, 21, 4, 20]]"
11a_66_141,"[[3, 21, 4, 20], [21, 16, 22, 17], [15, 22, 16, 1], [11, 4, 12, 5], [7, 18, 8, 19], [19, 10, 20, 11], [13, 6, 14, 7], [5, 12, 6, 13], [9, 3, 10, 2], [1, 9, 2, 8], [17, 15, 18, 14]]"
11a_66_142,"[[17, 15, 18, 14], [3, 21, 4, 20], [21, 16, 22, 17], [15, 22, 16, 1], [11, 4, 12, 5], [7, 18, 8, 19], [19, 10, 20, 11], [13, 6, 14, 7], [5, 12, 6, 13], [9, 3, 10, 2], [1, 9, 2, 8]]"
11a_66_143,"[[2, 10, 3, 9], [18, 16, 19, 15], [4, 22, 5, 21], [22, 17, 1, 18], [16, 1, 17, 2], [12, 5, 13, 6], [8, 19, 9, 20], [20, 11, 21, 12], [14, 7, 15, 8], [6, 13, 7, 14], [10, 4, 11, 3]]"
11a_66_144,"[[10, 4, 11, 3], [2, 10, 3, 9], [18, 16, 19, 15], [4, 22, 5, 21], [22, 17, 1, 18], [16, 1, 17, 2], [12, 5, 13, 6], [8, 19, 9, 20], [20, 11, 21, 12], [14, 7, 15, 8], [6, 13, 7, 14]]"
11a_66_145,"[[6, 13, 7, 14], [10, 4, 11, 3], [2, 10, 3, 9], [18, 16, 19, 15], [4, 22, 5, 21], [22, 17, 1, 18], [16, 1, 17, 2], [12, 5, 13, 6], [8, 19, 9, 20], [20, 11, 21, 12], [14, 7, 15, 8]]"
11a_66_146,"[[14, 7, 15, 8], [6, 13, 7, 14], [10, 4, 11, 3], [2, 10, 3, 9], [18, 16, 19, 15], [4, 22, 5, 21], [22, 17, 1, 18], [16, 1, 17, 2], [12, 5, 13, 6], [8, 19, 9, 20], [20, 11, 21, 12]]"
11a_66_147,"[[20, 11, 21, 12], [14, 7, 15, 8], [6, 13, 7, 14], [10, 4, 11, 3], [2, 10, 3, 9], [18, 16, 19, 15], [4, 22, 5, 21], [22, 17, 1, 18], [16, 1, 17, 2], [12, 5, 13, 6], [8, 19, 9, 20]]"
11a_66_148,"[[8, 19, 9, 20], [20, 11, 21, 12], [14, 7, 15, 8], [6, 13, 7, 14], [10, 4, 11, 3], [2, 10, 3, 9], [18, 16, 19, 15], [4, 22, 5, 21], [22, 17, 1, 18], [16, 1, 17, 2], [12, 5, 13, 6]]"
11a_66_149,"[[12, 5, 13, 6], [8, 19, 9, 20], [20, 11, 21, 12], [14, 7, 15, 8], [6, 13, 7, 14], [10, 4, 11, 3], [2, 10, 3, 9], [18, 16, 19, 15], [4, 22, 5, 21], [22, 17, 1, 18], [16, 1, 17, 2]]"
11a_66_150,"[[16, 1, 17, 2], [12, 5, 13, 6], [8, 19, 9, 20], [20, 11, 21, 12], [14, 7, 15, 8], [6, 13, 7, 14], [10, 4, 11, 3], [2, 10, 3, 9], [18, 16, 19, 15], [4, 22, 5, 21], [22, 17, 1, 18]]"
11a_66_151,"[[22, 17, 1, 18], [16, 1, 17, 2], [12, 5, 13, 6], [8, 19, 9, 20], [20, 11, 21, 12], [14, 7, 15, 8], [6, 13, 7, 14], [10, 4, 11, 3], [2, 10, 3, 9], [18, 16, 19, 15], [4, 22, 5, 21]]"
11a_66_152,"[[4, 22, 5, 21], [22, 17, 1, 18], [16, 1, 17, 2], [12, 5, 13, 6], [8, 19, 9, 20], [20, 11, 21, 12], [14, 7, 15, 8], [6, 13, 7, 14], [10, 4, 11, 3], [2, 10, 3, 9], [18, 16, 19, 15]]"
11a_66_153,"[[18, 16, 19, 15], [4, 22, 5, 21], [22, 17, 1, 18], [16, 1, 17, 2], [12, 5, 13, 6], [8, 19, 9, 20], [20, 11, 21, 12], [14, 7, 15, 8], [6, 13, 7, 14], [10, 4, 11, 3], [2, 10, 3, 9]]"
11a_66_154,"[[3, 11, 4, 10], [19, 17, 20, 16], [5, 1, 6, 22], [1, 18, 2, 19], [17, 2, 18, 3], [13, 6, 14, 7], [9, 20, 10, 21], [21, 12, 22, 13], [15, 8, 16, 9], [7, 14, 8, 15], [11, 5, 12, 4]]"
11a_66_155,"[[11, 5, 12, 4], [3, 11, 4, 10], [19, 17, 20, 16], [5, 1, 6, 22], [1, 18, 2, 19], [17, 2, 18, 3], [13, 6, 14, 7], [9, 20, 10, 21], [21, 12, 22, 13], [15, 8, 16, 9], [7, 14, 8, 15]]"
11a_66_156,"[[7, 14, 8, 15], [11, 5, 12, 4], [3, 11, 4, 10], [19, 17, 20, 16], [5, 1, 6, 22], [1, 18, 2, 19], [17, 2, 18, 3], [13, 6, 14, 7], [9, 20, 10, 21], [21, 12, 22, 13], [15, 8, 16, 9]]"
11a_66_157,"[[15, 8, 16, 9], [7, 14, 8, 15], [11, 5, 12, 4], [3, 11, 4, 10], [19, 17, 20, 16], [5, 1, 6, 22], [1, 18, 2, 19], [17, 2, 18, 3], [13, 6, 14, 7], [9, 20, 10, 21], [21, 12, 22, 13]]"
11a_66_158,"[[21, 12, 22, 13], [15, 8, 16, 9], [7, 14, 8, 15], [11, 5, 12, 4], [3, 11, 4, 10], [19, 17, 20, 16], [5, 1, 6, 22], [1, 18, 2, 19], [17, 2, 18, 3], [13, 6, 14, 7], [9, 20, 10, 21]]"
11a_66_159,"[[9, 20, 10, 21], [21, 12, 22, 13], [15, 8, 16, 9], [7, 14, 8, 15], [11, 5, 12, 4], [3, 11, 4, 10], [19, 17, 20, 16], [5, 1, 6, 22], [1, 18, 2, 19], [17, 2, 18, 3], [13, 6, 14, 7]]"
11a_66_160,"[[13, 6, 14, 7], [9, 20, 10, 21], [21, 12, 22, 13], [15, 8, 16, 9], [7, 14, 8, 15], [11, 5, 12, 4], [3, 11, 4, 10], [19, 17, 20, 16], [5, 1, 6, 22], [1, 18, 2, 19], [17, 2, 18, 3]]"
11a_66_161,"[[17, 2, 18, 3], [13, 6, 14, 7], [9, 20, 10, 21], [21, 12, 22, 13], [15, 8, 16, 9], [7, 14, 8, 15], [11, 5, 12, 4], [3, 11, 4, 10], [19, 17, 20, 16], [5, 1, 6, 22], [1, 18, 2, 19]]"
11a_66_162,"[[1, 18, 2, 19], [17, 2, 18, 3], [13, 6, 14, 7], [9, 20, 10, 21], [21, 12, 22, 13], [15, 8, 16, 9], [7, 14, 8, 15], [11, 5, 12, 4], [3, 11, 4, 10], [19, 17, 20, 16], [5, 1, 6, 22]]"
11a_66_163,"[[5, 1, 6, 22], [1, 18, 2, 19], [17, 2, 18, 3], [13, 6, 14, 7], [9, 20, 10, 21], [21, 12, 22, 13], [15, 8, 16, 9], [7, 14, 8, 15], [11, 5, 12, 4], [3, 11, 4, 10], [19, 17, 20, 16]]"
11a_66_164,"[[19, 17, 20, 16], [5, 1, 6, 22], [1, 18, 2, 19], [17, 2, 18, 3], [13, 6, 14, 7], [9, 20, 10, 21], [21, 12, 22, 13], [15, 8, 16, 9], [7, 14, 8, 15], [11, 5, 12, 4], [3, 11, 4, 10]]"
11a_66_165,"[[4, 12, 5, 11], [20, 18, 21, 17], [6, 2, 7, 1], [2, 19, 3, 20], [18, 3, 19, 4], [14, 7, 15, 8], [10, 21, 11, 22], [22, 13, 1, 14], [16, 9, 17, 10], [8, 15, 9, 16], [12, 6, 13, 5]]"
11a_66_166,"[[12, 6, 13, 5], [4, 12, 5, 11], [20, 18, 21, 17], [6, 2, 7, 1], [2, 19, 3, 20], [18, 3, 19, 4], [14, 7, 15, 8], [10, 21, 11, 22], [22, 13, 1, 14], [16, 9, 17, 10], [8, 15, 9, 16]]"
11a_66_167,"[[8, 15, 9, 16], [12, 6, 13, 5], [4, 12, 5, 11], [20, 18, 21, 17], [6, 2, 7, 1], [2, 19, 3, 20], [18, 3, 19, 4], [14, 7, 15, 8], [10, 21, 11, 22], [22, 13, 1, 14], [16, 9, 17, 10]]"
11a_66_168,"[[16, 9, 17, 10], [8, 15, 9, 16], [12, 6, 13, 5], [4, 12, 5, 11], [20, 18, 21, 17], [6, 2, 7, 1], [2, 19, 3, 20], [18, 3, 19, 4], [14, 7, 15, 8], [10, 21, 11, 22], [22, 13, 1, 14]]"
11a_66_169,"[[22, 13, 1, 14], [16, 9, 17, 10], [8, 15, 9, 16], [12, 6, 13, 5], [4, 12, 5, 11], [20, 18, 21, 17], [6, 2, 7, 1], [2, 19, 3, 20], [18, 3, 19, 4], [14, 7, 15, 8], [10, 21, 11, 22]]"
11a_66_170,"[[10, 21, 11, 22], [22, 13, 1, 14], [16, 9, 17, 10], [8, 15, 9, 16], [12, 6, 13, 5], [4, 12, 5, 11], [20, 18, 21, 17], [6, 2, 7, 1], [2, 19, 3, 20], [18, 3, 19, 4], [14, 7, 15, 8]]"
11a_66_171,"[[14, 7, 15, 8], [10, 21, 11, 22], [22, 13, 1, 14], [16, 9, 17, 10], [8, 15, 9, 16], [12, 6, 13, 5], [4, 12, 5, 11], [20, 18, 21, 17], [6, 2, 7, 1], [2, 19, 3, 20], [18, 3, 19, 4]]"
11a_66_172,"[[18, 3, 19, 4], [14, 7, 15, 8], [10, 21, 11, 22], [22, 13, 1, 14], [16, 9, 17, 10], [8, 15, 9, 16], [12, 6, 13, 5], [4, 12, 5, 11], [20, 18, 21, 17], [6, 2, 7, 1], [2, 19, 3, 20]]"
11a_66_173,"[[2, 19, 3, 20], [18, 3, 19, 4], [14, 7, 15, 8], [10, 21, 11, 22], [22, 13, 1, 14], [16, 9, 17, 10], [8, 15, 9, 16], [12, 6, 13, 5], [4, 12, 5, 11], [20, 18, 21, 17], [6, 2, 7, 1]]"
11a_66_174,"[[6, 2, 7, 1], [2, 19, 3, 20], [18, 3, 19, 4], [14, 7, 15, 8], [10, 21, 11, 22], [22, 13, 1, 14], [16, 9, 17, 10], [8, 15, 9, 16], [12, 6, 13, 5], [4, 12, 5, 11], [20, 18, 21, 17]]"
11a_66_175,"[[20, 18, 21, 17], [6, 2, 7, 1], [2, 19, 3, 20], [18, 3, 19, 4], [14, 7, 15, 8], [10, 21, 11, 22], [22, 13, 1, 14], [16, 9, 17, 10], [8, 15, 9, 16], [12, 6, 13, 5], [4, 12, 5, 11]]"
11a_66_176,"[[5, 13, 6, 12], [21, 19, 22, 18], [7, 3, 8, 2], [3, 20, 4, 21], [19, 4, 20, 5], [15, 8, 16, 9], [11, 22, 12, 1], [1, 14, 2, 15], [17, 10, 18, 11], [9, 16, 10, 17], [13, 7, 14, 6]]"
11a_66_177,"[[13, 7, 14, 6], [5, 13, 6, 12], [21, 19, 22, 18], [7, 3, 8, 2], [3, 20, 4, 21], [19, 4, 20, 5], [15, 8, 16, 9], [11, 22, 12, 1], [1, 14, 2, 15], [17, 10, 18, 11], [9, 16, 10, 17]]"
11a_66_178,"[[9, 16, 10, 17], [13, 7, 14, 6], [5, 13, 6, 12], [21, 19, 22, 18], [7, 3, 8, 2], [3, 20, 4, 21], [19, 4, 20, 5], [15, 8, 16, 9], [11, 22, 12, 1], [1, 14, 2, 15], [17, 10, 18, 11]]"
11a_66_179,"[[17, 10, 18, 11], [9, 16, 10, 17], [13, 7, 14, 6], [5, 13, 6, 12], [21, 19, 22, 18], [7, 3, 8, 2], [3, 20, 4, 21], [19, 4, 20, 5], [15, 8, 16, 9], [11, 22, 12, 1], [1, 14, 2, 15]]"
11a_66_180,"[[1, 14, 2, 15], [17, 10, 18, 11], [9, 16, 10, 17], [13, 7, 14, 6], [5, 13, 6, 12], [21, 19, 22, 18], [7, 3, 8, 2], [3, 20, 4, 21], [19, 4, 20, 5], [15, 8, 16, 9], [11, 22, 12, 1]]"
11a_66_181,"[[11, 22, 12, 1], [1, 14, 2, 15], [17, 10, 18, 11], [9, 16, 10, 17], [13, 7, 14, 6], [5, 13, 6, 12], [21, 19, 22, 18], [7, 3, 8, 2], [3, 20, 4, 21], [19, 4, 20, 5], [15, 8, 16, 9]]"
11a_66_182,"[[15, 8, 16, 9], [11, 22, 12, 1], [1, 14, 2, 15], [17, 10, 18, 11], [9, 16, 10, 17], [13, 7, 14, 6], [5, 13, 6, 12], [21, 19, 22, 18], [7, 3, 8, 2], [3, 20, 4, 21], [19, 4, 20, 5]]"
11a_66_183,"[[19, 4, 20, 5], [15, 8, 16, 9], [11, 22, 12, 1], [1, 14, 2, 15], [17, 10, 18, 11], [9, 16, 10, 17], [13, 7, 14, 6], [5, 13, 6, 12], [21, 19, 22, 18], [7, 3, 8, 2], [3, 20, 4, 21]]"
11a_66_184,"[[3, 20, 4, 21], [19, 4, 20, 5], [15, 8, 16, 9], [11, 22, 12, 1], [1, 14, 2, 15], [17, 10, 18, 11], [9, 16, 10, 17], [13, 7, 14, 6], [5, 13, 6, 12], [21, 19, 22, 18], [7, 3, 8, 2]]"
11a_66_185,"[[7, 3, 8, 2], [3, 20, 4, 21], [19, 4, 20, 5], [15, 8, 16, 9], [11, 22, 12, 1], [1, 14, 2, 15], [17, 10, 18, 11], [9, 16, 10, 17], [13, 7, 14, 6], [5, 13, 6, 12], [21, 19, 22, 18]]"
11a_66_186,"[[21, 19, 22, 18], [7, 3, 8, 2], [3, 20, 4, 21], [19, 4, 20, 5], [15, 8, 16, 9], [11, 22, 12, 1], [1, 14, 2, 15], [17, 10, 18, 11], [9, 16, 10, 17], [13, 7, 14, 6], [5, 13, 6, 12]]"
11a_66_187,"[[6, 14, 7, 13], [22, 20, 1, 19], [8, 4, 9, 3], [4, 21, 5, 22], [20, 5, 21, 6], [16, 9, 17, 10], [12, 1, 13, 2], [2, 15, 3, 16], [18, 11, 19, 12], [10, 17, 11, 18], [14, 8, 15, 7]]"
11a_66_188,"[[14, 8, 15, 7], [6, 14, 7, 13], [22, 20, 1, 19], [8, 4, 9, 3], [4, 21, 5, 22], [20, 5, 21, 6], [16, 9, 17, 10], [12, 1, 13, 2], [2, 15, 3, 16], [18, 11, 19, 12], [10, 17, 11, 18]]"
11a_66_189,"[[10, 17, 11, 18], [14, 8, 15, 7], [6, 14, 7, 13], [22, 20, 1, 19], [8, 4, 9, 3], [4, 21, 5, 22], [20, 5, 21, 6], [16, 9, 17, 10], [12, 1, 13, 2], [2, 15, 3, 16], [18, 11, 19, 12]]"
11a_66_190,"[[18, 11, 19, 12], [10, 17, 11, 18], [14, 8, 15, 7], [6, 14, 7, 13], [22, 20, 1, 19], [8, 4, 9, 3], [4, 21, 5, 22], [20, 5, 21, 6], [16, 9, 17, 10], [12, 1, 13, 2], [2, 15, 3, 16]]"
11a_66_191,"[[2, 15, 3, 16], [18, 11, 19, 12], [10, 17, 11, 18], [14, 8, 15, 7], [6, 14, 7, 13], [22, 20, 1, 19], [8, 4, 9, 3], [4, 21, 5, 22], [20, 5, 21, 6], [16, 9, 17, 10], [12, 1, 13, 2]]"
11a_66_192,"[[12, 1, 13, 2], [2, 15, 3, 16], [18, 11, 19, 12], [10, 17, 11, 18], [14, 8, 15, 7], [6, 14, 7, 13], [22, 20, 1, 19], [8, 4, 9, 3], [4, 21, 5, 22], [20, 5, 21, 6], [16, 9, 17, 10]]"
11a_66_193,"[[16, 9, 17, 10], [12, 1, 13, 2], [2, 15, 3, 16], [18, 11, 19, 12], [10, 17, 11, 18], [14, 8, 15, 7], [6, 14, 7, 13], [22, 20, 1, 19], [8, 4, 9, 3], [4, 21, 5, 22], [20, 5, 21, 6]]"
11a_66_194,"[[20, 5, 21, 6], [16, 9, 17, 10], [12, 1, 13, 2], [2, 15, 3, 16], [18, 11, 19, 12], [10, 17, 11, 18], [14, 8, 15, 7], [6, 14, 7, 13], [22, 20, 1, 19], [8, 4, 9, 3], [4, 21, 5, 22]]"
11a_66_195,"[[4, 21, 5, 22], [20, 5, 21, 6], [16, 9, 17, 10], [12, 1, 13, 2], [2, 15, 3, 16], [18, 11, 19, 12], [10, 17, 11, 18], [14, 8, 15, 7], [6, 14, 7, 13], [22, 20, 1, 19], [8, 4, 9, 3]]"
11a_66_196,"[[8, 4, 9, 3], [4, 21, 5, 22], [20, 5, 21, 6], [16, 9, 17, 10], [12, 1, 13, 2], [2, 15, 3, 16], [18, 11, 19, 12], [10, 17, 11, 18], [14, 8, 15, 7], [6, 14, 7, 13], [22, 20, 1, 19]]"
11a_66_197,"[[22, 20, 1, 19], [8, 4, 9, 3], [4, 21, 5, 22], [20, 5, 21, 6], [16, 9, 17, 10], [12, 1, 13, 2], [2, 15, 3, 16], [18, 11, 19, 12], [10, 17, 11, 18], [14, 8, 15, 7], [6, 14, 7, 13]]"
11a_66_198,"[[7, 15, 8, 14], [1, 21, 2, 20], [9, 5, 10, 4], [5, 22, 6, 1], [21, 6, 22, 7], [17, 10, 18, 11], [13, 2, 14, 3], [3, 16, 4, 17], [19, 12, 20, 13], [11, 18, 12, 19], [15, 9, 16, 8]]"
11a_66_199,"[[15, 9, 16, 8], [7, 15, 8, 14], [1, 21, 2, 20], [9, 5, 10, 4], [5, 22, 6, 1], [21, 6, 22, 7], [17, 10, 18, 11], [13, 2, 14, 3], [3, 16, 4, 17], [19, 12, 20, 13], [11, 18, 12, 19]]"
11a_66_200,"[[11, 18, 12, 19], [15, 9, 16, 8], [7, 15, 8, 14], [1, 21, 2, 20], [9, 5, 10, 4], [5, 22, 6, 1], [21, 6, 22, 7], [17, 10, 18, 11], [13, 2, 14, 3], [3, 16, 4, 17], [19, 12, 20, 13]]"
11a_66_201,"[[19, 12, 20, 13], [11, 18, 12, 19], [15, 9, 16, 8], [7, 15, 8, 14], [1, 21, 2, 20], [9, 5, 10, 4], [5, 22, 6, 1], [21, 6, 22, 7], [17, 10, 18, 11], [13, 2, 14, 3], [3, 16, 4, 17]]"
11a_66_202,"[[3, 16, 4, 17], [19, 12, 20, 13], [11, 18, 12, 19], [15, 9, 16, 8], [7, 15, 8, 14], [1, 21, 2, 20], [9, 5, 10, 4], [5, 22, 6, 1], [21, 6, 22, 7], [17, 10, 18, 11], [13, 2, 14, 3]]"
11a_66_203,"[[13, 2, 14, 3], [3, 16, 4, 17], [19, 12, 20, 13], [11, 18, 12, 19], [15, 9, 16, 8], [7, 15, 8, 14], [1, 21, 2, 20], [9, 5, 10, 4], [5, 22, 6, 1], [21, 6, 22, 7], [17, 10, 18, 11]]"
11a_66_204,"[[17, 10, 18, 11], [13, 2, 14, 3], [3, 16, 4, 17], [19, 12, 20, 13], [11, 18, 12, 19], [15, 9, 16, 8], [7, 15, 8, 14], [1, 21, 2, 20], [9, 5, 10, 4], [5, 22, 6, 1], [21, 6, 22, 7]]"
