name,pd_notation
11a_88_0,"[[15, 1, 16, 22], [5, 3, 6, 2], [13, 7, 14, 6], [11, 4, 12, 5], [3, 12, 4, 13], [21, 15, 22, 14], [17, 8, 18, 9], [7, 20, 8, 21], [19, 10, 20, 11], [9, 18, 10, 19], [1, 17, 2, 16]]"
11a_88_1,"[[1, 17, 2, 16], [15, 1, 16, 22], [5, 3, 6, 2], [13, 7, 14, 6], [11, 4, 12, 5], [3, 12, 4, 13], [21, 15, 22, 14], [17, 8, 18, 9], [7, 20, 8, 21], [19, 10, 20, 11], [9, 18, 10, 19]]"
11a_88_2,"[[9, 18, 10, 19], [1, 17, 2, 16], [15, 1, 16, 22], [5, 3, 6, 2], [13, 7, 14, 6], [11, 4, 12, 5], [3, 12, 4, 13], [21, 15, 22, 14], [17, 8, 18, 9], [7, 20, 8, 21], [19, 10, 20, 11]]"
11a_88_3,"[[19, 10, 20, 11], [9, 18, 10, 19], [1, 17, 2, 16], [15, 1, 16, 22], [5, 3, 6, 2], [13, 7, 14, 6], [11, 4, 12, 5], [3, 12, 4, 13], [21, 15, 22, 14], [17, 8, 18, 9], [7, 20, 8, 21]]"
11a_88_4,"[[7, 20, 8, 21], [19, 10, 20, 11], [9, 18, 10, 19], [1, 17, 2, 16], [15, 1, 16, 22], [5, 3, 6, 2], [13, 7, 14, 6], [11, 4, 12, 5], [3, 12, 4, 13], [21, 15, 22, 14], [17, 8, 18, 9]]"
11a_88_5,"[[17, 8, 18, 9], [7, 20, 8, 21], [19, 10, 20, 11], [9, 18, 10, 19], [1, 17, 2, 16], [15, 1, 16, 22], [5, 3, 6, 2], [13, 7, 14, 6], [11, 4, 12, 5], [3, 12, 4, 13], [21, 15, 22, 14]]"
11a_88_6,"[[21, 15, 22, 14], [17, 8, 18, 9], [7, 20, 8, 21], [19, 10, 20, 11], [9, 18, 10, 19], [1, 17, 2, 16], [15, 1, 16, 22], [5, 3, 6, 2], [13, 7, 14, 6], [11, 4, 12, 5], [3, 12, 4, 13]]"
11a_88_7,"[[3, 12, 4, 13], [21, 15, 22, 14], [17, 8, 18, 9], [7, 20, 8, 21], [19, 10, 20, 11], [9, 18, 10, 19], [1, 17, 2, 16], [15, 1, 16, 22], [5, 3, 6, 2], [13, 7, 14, 6], [11, 4, 12, 5]]"
11a_88_8,"[[11, 4, 12, 5], [3, 12, 4, 13], [21, 15, 22, 14], [17, 8, 18, 9], [7, 20, 8, 21], [19, 10, 20, 11], [9, 18, 10, 19], [1, 17, 2, 16], [15, 1, 16, 22], [5, 3, 6, 2], [13, 7, 14, 6]]"
11a_88_9,"[[13, 7, 14, 6], [11, 4, 12, 5], [3, 12, 4, 13], [21, 15, 22, 14], [17, 8, 18, 9], [7, 20, 8, 21], [19, 10, 20, 11], [9, 18, 10, 19], [1, 17, 2, 16], [15, 1, 16, 22], [5, 3, 6, 2]]"
11a_88_10,"[[5, 3, 6, 2], [13, 7, 14, 6], [11, 4, 12, 5], [3, 12, 4, 13], [21, 15, 22, 14], [17, 8, 18, 9], [7, 20, 8, 21], [19, 10, 20, 11], [9, 18, 10, 19], [1, 17, 2, 16], [15, 1, 16, 22]]"
11a_88_11,"[[16, 2, 17, 1], [6, 4, 7, 3], [14, 8, 15, 7], [12, 5, 13, 6], [4, 13, 5, 14], [22, 16, 1, 15], [18, 9, 19, 10], [8, 21, 9, 22], [20, 11, 21, 12], [10, 19, 11, 20], [2, 18, 3, 17]]"
11a_88_12,"[[2, 18, 3, 17], [16, 2, 17, 1], [6, 4, 7, 3], [14, 8, 15, 7], [12, 5, 13, 6], [4, 13, 5, 14], [22, 16, 1, 15], [18, 9, 19, 10], [8, 21, 9, 22], [20, 11, 21, 12], [10, 19, 11, 20]]"
11a_88_13,"[[10, 19, 11, 20], [2, 18, 3, 17], [16, 2, 17, 1], [6, 4, 7, 3], [14, 8, 15, 7], [12, 5, 13, 6], [4, 13, 5, 14], [22, 16, 1, 15], [18, 9, 19, 10], [8, 21, 9, 22], [20, 11, 21, 12]]"
11a_88_14,"[[20, 11, 21, 12], [10, 19, 11, 20], [2, 18, 3, 17], [16, 2, 17, 1], [6, 4, 7, 3], [14, 8, 15, 7], [12, 5, 13, 6], [4, 13, 5, 14], [22, 16, 1, 15], [18, 9, 19, 10], [8, 21, 9, 22]]"
11a_88_15,"[[8, 21, 9, 22], [20, 11, 21, 12], [10, 19, 11, 20], [2, 18, 3, 17], [16, 2, 17, 1], [6, 4, 7, 3], [14, 8, 15, 7], [12, 5, 13, 6], [4, 13, 5, 14], [22, 16, 1, 15], [18, 9, 19, 10]]"
11a_88_16,"[[18, 9, 19, 10], [8, 21, 9, 22], [20, 11, 21, 12], [10, 19, 11, 20], [2, 18, 3, 17], [16, 2, 17, 1], [6, 4, 7, 3], [14, 8, 15, 7], [12, 5, 13, 6], [4, 13, 5, 14], [22, 16, 1, 15]]"
11a_88_17,"[[22, 16, 1, 15], [18, 9, 19, 10], [8, 21, 9, 22], [20, 11, 21, 12], [10, 19, 11, 20], [2, 18, 3, 17], [16, 2, 17, 1], [6, 4, 7, 3], [14, 8, 15, 7], [12, 5, 13, 6], [4, 13, 5, 14]]"
11a_88_18,"[[4, 13, 5, 14], [22, 16, 1, 15], [18, 9, 19, 10], [8, 21, 9, 22], [20, 11, 21, 12], [10, 19, 11, 20], [2, 18, 3, 17], [16, 2, 17, 1], [6, 4, 7, 3], [14, 8, 15, 7], [12, 5, 13, 6]]"
11a_88_19,"[[12, 5, 13, 6], [4, 13, 5, 14], [22, 16, 1, 15], [18, 9, 19, 10], [8, 21, 9, 22], [20, 11, 21, 12], [10, 19, 11, 20], [2, 18, 3, 17], [16, 2, 17, 1], [6, 4, 7, 3], [14, 8, 15, 7]]"
11a_88_20,"[[14, 8, 15, 7], [12, 5, 13, 6], [4, 13, 5, 14], [22, 16, 1, 15], [18, 9, 19, 10], [8, 21, 9, 22], [20, 11, 21, 12], [10, 19, 11, 20], [2, 18, 3, 17], [16, 2, 17, 1], [6, 4, 7, 3]]"
11a_88_21,"[[6, 4, 7, 3], [14, 8, 15, 7], [12, 5, 13, 6], [4, 13, 5, 14], [22, 16, 1, 15], [18, 9, 19, 10], [8, 21, 9, 22], [20, 11, 21, 12], [10, 19, 11, 20], [2, 18, 3, 17], [16, 2, 17, 1]]"
11a_88_22,"[[17, 3, 18, 2], [7, 5, 8, 4], [15, 9, 16, 8], [13, 6, 14, 7], [5, 14, 6, 15], [1, 17, 2, 16], [19, 10, 20, 11], [9, 22, 10, 1], [21, 12, 22, 13], [11, 20, 12, 21], [3, 19, 4, 18]]"
11a_88_23,"[[3, 19, 4, 18], [17, 3, 18, 2], [7, 5, 8, 4], [15, 9, 16, 8], [13, 6, 14, 7], [5, 14, 6, 15], [1, 17, 2, 16], [19, 10, 20, 11], [9, 22, 10, 1], [21, 12, 22, 13], [11, 20, 12, 21]]"
11a_88_24,"[[11, 20, 12, 21], [3, 19, 4, 18], [17, 3, 18, 2], [7, 5, 8, 4], [15, 9, 16, 8], [13, 6, 14, 7], [5, 14, 6, 15], [1, 17, 2, 16], [19, 10, 20, 11], [9, 22, 10, 1], [21, 12, 22, 13]]"
11a_88_25,"[[21, 12, 22, 13], [11, 20, 12, 21], [3, 19, 4, 18], [17, 3, 18, 2], [7, 5, 8, 4], [15, 9, 16, 8], [13, 6, 14, 7], [5, 14, 6, 15], [1, 17, 2, 16], [19, 10, 20, 11], [9, 22, 10, 1]]"
11a_88_26,"[[9, 22, 10, 1], [21, 12, 22, 13], [11, 20, 12, 21], [3, 19, 4, 18], [17, 3, 18, 2], [7, 5, 8, 4], [15, 9, 16, 8], [13, 6, 14, 7], [5, 14, 6, 15], [1, 17, 2, 16], [19, 10, 20, 11]]"
11a_88_27,"[[19, 10, 20, 11], [9, 22, 10, 1], [21, 12, 22, 13], [11, 20, 12, 21], [3, 19, 4, 18], [17, 3, 18, 2], [7, 5, 8, 4], [15, 9, 16, 8], [13, 6, 14, 7], [5, 14, 6, 15], [1, 17, 2, 16]]"
11a_88_28,"[[1, 17, 2, 16], [19, 10, 20, 11], [9, 22, 10, 1], [21, 12, 22, 13], [11, 20, 12, 21], [3, 19, 4, 18], [17, 3, 18, 2], [7, 5, 8, 4], [15, 9, 16, 8], [13, 6, 14, 7], [5, 14, 6, 15]]"
11a_88_29,"[[5, 14, 6, 15], [1, 17, 2, 16], [19, 10, 20, 11], [9, 22, 10, 1], [21, 12, 22, 13], [11, 20, 12, 21], [3, 19, 4, 18], [17, 3, 18, 2], [7, 5, 8, 4], [15, 9, 16, 8], [13, 6, 14, 7]]"
11a_88_30,"[[13, 6, 14, 7], [5, 14, 6, 15], [1, 17, 2, 16], [19, 10, 20, 11], [9, 22, 10, 1], [21, 12, 22, 13], [11, 20, 12, 21], [3, 19, 4, 18], [17, 3, 18, 2], [7, 5, 8, 4], [15, 9, 16, 8]]"
11a_88_31,"[[15, 9, 16, 8], [13, 6, 14, 7], [5, 14, 6, 15], [1, 17, 2, 16], [19, 10, 20, 11], [9, 22, 10, 1], [21, 12, 22, 13], [11, 20, 12, 21], [3, 19, 4, 18], [17, 3, 18, 2], [7, 5, 8, 4]]"
11a_88_32,"[[7, 5, 8, 4], [15, 9, 16, 8], [13, 6, 14, 7], [5, 14, 6, 15], [1, 17, 2, 16], [19, 10, 20, 11], [9, 22, 10, 1], [21, 12, 22, 13], [11, 20, 12, 21], [3, 19, 4, 18], [17, 3, 18, 2]]"
11a_88_33,"[[18, 4, 19, 3], [8, 6, 9, 5], [16, 10, 17, 9], [14, 7, 15, 8], [6, 15, 7, 16], [2, 18, 3, 17], [20, 11, 21, 12], [10, 1, 11, 2], [22, 13, 1, 14], [12, 21, 13, 22], [4, 20, 5, 19]]"
11a_88_34,"[[4, 20, 5, 19], [18, 4, 19, 3], [8, 6, 9, 5], [16, 10, 17, 9], [14, 7, 15, 8], [6, 15, 7, 16], [2, 18, 3, 17], [20, 11, 21, 12], [10, 1, 11, 2], [22, 13, 1, 14], [12, 21, 13, 22]]"
11a_88_35,"[[12, 21, 13, 22], [4, 20, 5, 19], [18, 4, 19, 3], [8, 6, 9, 5], [16, 10, 17, 9], [14, 7, 15, 8], [6, 15, 7, 16], [2, 18, 3, 17], [20, 11, 21, 12], [10, 1, 11, 2], [22, 13, 1, 14]]"
11a_88_36,"[[22, 13, 1, 14], [12, 21, 13, 22], [4, 20, 5, 19], [18, 4, 19, 3], [8, 6, 9, 5], [16, 10, 17, 9], [14, 7, 15, 8], [6, 15, 7, 16], [2, 18, 3, 17], [20, 11, 21, 12], [10, 1, 11, 2]]"
11a_88_37,"[[10, 1, 11, 2], [22, 13, 1, 14], [12, 21, 13, 22], [4, 20, 5, 19], [18, 4, 19, 3], [8, 6, 9, 5], [16, 10, 17, 9], [14, 7, 15, 8], [6, 15, 7, 16], [2, 18, 3, 17], [20, 11, 21, 12]]"
11a_88_38,"[[20, 11, 21, 12], [10, 1, 11, 2], [22, 13, 1, 14], [12, 21, 13, 22], [4, 20, 5, 19], [18, 4, 19, 3], [8, 6, 9, 5], [16, 10, 17, 9], [14, 7, 15, 8], [6, 15, 7, 16], [2, 18, 3, 17]]"
11a_88_39,"[[2, 18, 3, 17], [20, 11, 21, 12], [10, 1, 11, 2], [22, 13, 1, 14], [12, 21, 13, 22], [4, 20, 5, 19], [18, 4, 19, 3], [8, 6, 9, 5], [16, 10, 17, 9], [14, 7, 15, 8], [6, 15, 7, 16]]"
11a_88_40,"[[6, 15, 7, 16], [2, 18, 3, 17], [20, 11, 21, 12], [10, 1, 11, 2], [22, 13, 1, 14], [12, 21, 13, 22], [4, 20, 5, 19], [18, 4, 19, 3], [8, 6, 9, 5], [16, 10, 17, 9], [14, 7, 15, 8]]"
11a_88_41,"[[14, 7, 15, 8], [6, 15, 7, 16], [2, 18, 3, 17], [20, 11, 21, 12], [10, 1, 11, 2], [22, 13, 1, 14], [12, 21, 13, 22], [4, 20, 5, 19], [18, 4, 19, 3], [8, 6, 9, 5], [16, 10, 17, 9]]"
11a_88_42,"[[16, 10, 17, 9], [14, 7, 15, 8], [6, 15, 7, 16], [2, 18, 3, 17], [20, 11, 21, 12], [10, 1, 11, 2], [22, 13, 1, 14], [12, 21, 13, 22], [4, 20, 5, 19], [18, 4, 19, 3], [8, 6, 9, 5]]"
11a_88_43,"[[8, 6, 9, 5], [16, 10, 17, 9], [14, 7, 15, 8], [6, 15, 7, 16], [2, 18, 3, 17], [20, 11, 21, 12], [10, 1, 11, 2], [22, 13, 1, 14], [12, 21, 13, 22], [4, 20, 5, 19], [18, 4, 19, 3]]"
11a_88_44,"[[19, 5, 20, 4], [9, 7, 10, 6], [17, 11, 18, 10], [15, 8, 16, 9], [7, 16, 8, 17], [3, 19, 4, 18], [21, 12, 22, 13], [11, 2, 12, 3], [1, 14, 2, 15], [13, 22, 14, 1], [5, 21, 6, 20]]"
11a_88_45,"[[5, 21, 6, 20], [19, 5, 20, 4], [9, 7, 10, 6], [17, 11, 18, 10], [15, 8, 16, 9], [7, 16, 8, 17], [3, 19, 4, 18], [21, 12, 22, 13], [11, 2, 12, 3], [1, 14, 2, 15], [13, 22, 14, 1]]"
11a_88_46,"[[13, 22, 14, 1], [5, 21, 6, 20], [19, 5, 20, 4], [9, 7, 10, 6], [17, 11, 18, 10], [15, 8, 16, 9], [7, 16, 8, 17], [3, 19, 4, 18], [21, 12, 22, 13], [11, 2, 12, 3], [1, 14, 2, 15]]"
11a_88_47,"[[1, 14, 2, 15], [13, 22, 14, 1], [5, 21, 6, 20], [19, 5, 20, 4], [9, 7, 10, 6], [17, 11, 18, 10], [15, 8, 16, 9], [7, 16, 8, 17], [3, 19, 4, 18], [21, 12, 22, 13], [11, 2, 12, 3]]"
11a_88_48,"[[11, 2, 12, 3], [1, 14, 2, 15], [13, 22, 14, 1], [5, 21, 6, 20], [19, 5, 20, 4], [9, 7, 10, 6], [17, 11, 18, 10], [15, 8, 16, 9], [7, 16, 8, 17], [3, 19, 4, 18], [21, 12, 22, 13]]"
11a_88_49,"[[21, 12, 22, 13], [11, 2, 12, 3], [1, 14, 2, 15], [13, 22, 14, 1], [5, 21, 6, 20], [19, 5, 20, 4], [9, 7, 10, 6], [17, 11, 18, 10], [15, 8, 16, 9], [7, 16, 8, 17], [3, 19, 4, 18]]"
11a_88_50,"[[3, 19, 4, 18], [21, 12, 22, 13], [11, 2, 12, 3], [1, 14, 2, 15], [13, 22, 14, 1], [5, 21, 6, 20], [19, 5, 20, 4], [9, 7, 10, 6], [17, 11, 18, 10], [15, 8, 16, 9], [7, 16, 8, 17]]"
11a_88_51,"[[7, 16, 8, 17], [3, 19, 4, 18], [21, 12, 22, 13], [11, 2, 12, 3], [1, 14, 2, 15], [13, 22, 14, 1], [5, 21, 6, 20], [19, 5, 20, 4], [9, 7, 10, 6], [17, 11, 18, 10], [15, 8, 16, 9]]"
11a_88_52,"[[15, 8, 16, 9], [7, 16, 8, 17], [3, 19, 4, 18], [21, 12, 22, 13], [11, 2, 12, 3], [1, 14, 2, 15], [13, 22, 14, 1], [5, 21, 6, 20], [19, 5, 20, 4], [9, 7, 10, 6], [17, 11, 18, 10]]"
11a_88_53,"[[17, 11, 18, 10], [15, 8, 16, 9], [7, 16, 8, 17], [3, 19, 4, 18], [21, 12, 22, 13], [11, 2, 12, 3], [1, 14, 2, 15], [13, 22, 14, 1], [5, 21, 6, 20], [19, 5, 20, 4], [9, 7, 10, 6]]"
11a_88_54,"[[9, 7, 10, 6], [17, 11, 18, 10], [15, 8, 16, 9], [7, 16, 8, 17], [3, 19, 4, 18], [21, 12, 22, 13], [11, 2, 12, 3], [1, 14, 2, 15], [13, 22, 14, 1], [5, 21, 6, 20], [19, 5, 20, 4]]"
11a_88_55,"[[20, 6, 21, 5], [10, 8, 11, 7], [18, 12, 19, 11], [16, 9, 17, 10], [8, 17, 9, 18], [4, 20, 5, 19], [22, 13, 1, 14], [12, 3, 13, 4], [2, 15, 3, 16], [14, 1, 15, 2], [6, 22, 7, 21]]"
11a_88_56,"[[6, 22, 7, 21], [20, 6, 21, 5], [10, 8, 11, 7], [18, 12, 19, 11], [16, 9, 17, 10], [8, 17, 9, 18], [4, 20, 5, 19], [22, 13, 1, 14], [12, 3, 13, 4], [2, 15, 3, 16], [14, 1, 15, 2]]"
11a_88_57,"[[14, 1, 15, 2], [6, 22, 7, 21], [20, 6, 21, 5], [10, 8, 11, 7], [18, 12, 19, 11], [16, 9, 17, 10], [8, 17, 9, 18], [4, 20, 5, 19], [22, 13, 1, 14], [12, 3, 13, 4], [2, 15, 3, 16]]"
11a_88_58,"[[2, 15, 3, 16], [14, 1, 15, 2], [6, 22, 7, 21], [20, 6, 21, 5], [10, 8, 11, 7], [18, 12, 19, 11], [16, 9, 17, 10], [8, 17, 9, 18], [4, 20, 5, 19], [22, 13, 1, 14], [12, 3, 13, 4]]"
11a_88_59,"[[12, 3, 13, 4], [2, 15, 3, 16], [14, 1, 15, 2], [6, 22, 7, 21], [20, 6, 21, 5], [10, 8, 11, 7], [18, 12, 19, 11], [16, 9, 17, 10], [8, 17, 9, 18], [4, 20, 5, 19], [22, 13, 1, 14]]"
11a_88_60,"[[22, 13, 1, 14], [12, 3, 13, 4], [2, 15, 3, 16], [14, 1, 15, 2], [6, 22, 7, 21], [20, 6, 21, 5], [10, 8, 11, 7], [18, 12, 19, 11], [16, 9, 17, 10], [8, 17, 9, 18], [4, 20, 5, 19]]"
11a_88_61,"[[4, 20, 5, 19], [22, 13, 1, 14], [12, 3, 13, 4], [2, 15, 3, 16], [14, 1, 15, 2], [6, 22, 7, 21], [20, 6, 21, 5], [10, 8, 11, 7], [18, 12, 19, 11], [16, 9, 17, 10], [8, 17, 9, 18]]"
11a_88_62,"[[8, 17, 9, 18], [4, 20, 5, 19], [22, 13, 1, 14], [12, 3, 13, 4], [2, 15, 3, 16], [14, 1, 15, 2], [6, 22, 7, 21], [20, 6, 21, 5], [10, 8, 11, 7], [18, 12, 19, 11], [16, 9, 17, 10]]"
11a_88_63,"[[16, 9, 17, 10], [8, 17, 9, 18], [4, 20, 5, 19], [22, 13, 1, 14], [12, 3, 13, 4], [2, 15, 3, 16], [14, 1, 15, 2], [6, 22, 7, 21], [20, 6, 21, 5], [10, 8, 11, 7], [18, 12, 19, 11]]"
11a_88_64,"[[18, 12, 19, 11], [16, 9, 17, 10], [8, 17, 9, 18], [4, 20, 5, 19], [22, 13, 1, 14], [12, 3, 13, 4], [2, 15, 3, 16], [14, 1, 15, 2], [6, 22, 7, 21], [20, 6, 21, 5], [10, 8, 11, 7]]"
11a_88_65,"[[10, 8, 11, 7], [18, 12, 19, 11], [16, 9, 17, 10], [8, 17, 9, 18], [4, 20, 5, 19], [22, 13, 1, 14], [12, 3, 13, 4], [2, 15, 3, 16], [14, 1, 15, 2], [6, 22, 7, 21], [20, 6, 21, 5]]"
11a_88_66,"[[21, 7, 22, 6], [11, 9, 12, 8], [19, 13, 20, 12], [17, 10, 18, 11], [9, 18, 10, 19], [5, 21, 6, 20], [1, 14, 2, 15], [13, 4, 14, 5], [3, 16, 4, 17], [15, 2, 16, 3], [7, 1, 8, 22]]"
11a_88_67,"[[7, 1, 8, 22], [21, 7, 22, 6], [11, 9, 12, 8], [19, 13, 20, 12], [17, 10, 18, 11], [9, 18, 10, 19], [5, 21, 6, 20], [1, 14, 2, 15], [13, 4, 14, 5], [3, 16, 4, 17], [15, 2, 16, 3]]"
11a_88_68,"[[15, 2, 16, 3], [7, 1, 8, 22], [21, 7, 22, 6], [11, 9, 12, 8], [19, 13, 20, 12], [17, 10, 18, 11], [9, 18, 10, 19], [5, 21, 6, 20], [1, 14, 2, 15], [13, 4, 14, 5], [3, 16, 4, 17]]"
11a_88_69,"[[3, 16, 4, 17], [15, 2, 16, 3], [7, 1, 8, 22], [21, 7, 22, 6], [11, 9, 12, 8], [19, 13, 20, 12], [17, 10, 18, 11], [9, 18, 10, 19], [5, 21, 6, 20], [1, 14, 2, 15], [13, 4, 14, 5]]"
11a_88_70,"[[13, 4, 14, 5], [3, 16, 4, 17], [15, 2, 16, 3], [7, 1, 8, 22], [21, 7, 22, 6], [11, 9, 12, 8], [19, 13, 20, 12], [17, 10, 18, 11], [9, 18, 10, 19], [5, 21, 6, 20], [1, 14, 2, 15]]"
11a_88_71,"[[1, 14, 2, 15], [13, 4, 14, 5], [3, 16, 4, 17], [15, 2, 16, 3], [7, 1, 8, 22], [21, 7, 22, 6], [11, 9, 12, 8], [19, 13, 20, 12], [17, 10, 18, 11], [9, 18, 10, 19], [5, 21, 6, 20]]"
11a_88_72,"[[5, 21, 6, 20], [1, 14, 2, 15], [13, 4, 14, 5], [3, 16, 4, 17], [15, 2, 16, 3], [7, 1, 8, 22], [21, 7, 22, 6], [11, 9, 12, 8], [19, 13, 20, 12], [17, 10, 18, 11], [9, 18, 10, 19]]"
11a_88_73,"[[9, 18, 10, 19], [5, 21, 6, 20], [1, 14, 2, 15], [13, 4, 14, 5], [3, 16, 4, 17], [15, 2, 16, 3], [7, 1, 8, 22], [21, 7, 22, 6], [11, 9, 12, 8], [19, 13, 20, 12], [17, 10, 18, 11]]"
11a_88_74,"[[17, 10, 18, 11], [9, 18, 10, 19], [5, 21, 6, 20], [1, 14, 2, 15], [13, 4, 14, 5], [3, 16, 4, 17], [15, 2, 16, 3], [7, 1, 8, 22], [21, 7, 22, 6], [11, 9, 12, 8], [19, 13, 20, 12]]"
11a_88_75,"[[19, 13, 20, 12], [17, 10, 18, 11], [9, 18, 10, 19], [5, 21, 6, 20], [1, 14, 2, 15], [13, 4, 14, 5], [3, 16, 4, 17], [15, 2, 16, 3], [7, 1, 8, 22], [21, 7, 22, 6], [11, 9, 12, 8]]"
11a_88_76,"[[11, 9, 12, 8], [19, 13, 20, 12], [17, 10, 18, 11], [9, 18, 10, 19], [5, 21, 6, 20], [1, 14, 2, 15], [13, 4, 14, 5], [3, 16, 4, 17], [15, 2, 16, 3], [7, 1, 8, 22], [21, 7, 22, 6]]"
11a_88_77,"[[22, 8, 1, 7], [12, 10, 13, 9], [20, 14, 21, 13], [18, 11, 19, 12], [10, 19, 11, 20], [6, 22, 7, 21], [2, 15, 3, 16], [14, 5, 15, 6], [4, 17, 5, 18], [16, 3, 17, 4], [8, 2, 9, 1]]"
11a_88_78,"[[8, 2, 9, 1], [22, 8, 1, 7], [12, 10, 13, 9], [20, 14, 21, 13], [18, 11, 19, 12], [10, 19, 11, 20], [6, 22, 7, 21], [2, 15, 3, 16], [14, 5, 15, 6], [4, 17, 5, 18], [16, 3, 17, 4]]"
11a_88_79,"[[16, 3, 17, 4], [8, 2, 9, 1], [22, 8, 1, 7], [12, 10, 13, 9], [20, 14, 21, 13], [18, 11, 19, 12], [10, 19, 11, 20], [6, 22, 7, 21], [2, 15, 3, 16], [14, 5, 15, 6], [4, 17, 5, 18]]"
11a_88_80,"[[4, 17, 5, 18], [16, 3, 17, 4], [8, 2, 9, 1], [22, 8, 1, 7], [12, 10, 13, 9], [20, 14, 21, 13], [18, 11, 19, 12], [10, 19, 11, 20], [6, 22, 7, 21], [2, 15, 3, 16], [14, 5, 15, 6]]"
11a_88_81,"[[14, 5, 15, 6], [4, 17, 5, 18], [16, 3, 17, 4], [8, 2, 9, 1], [22, 8, 1, 7], [12, 10, 13, 9], [20, 14, 21, 13], [18, 11, 19, 12], [10, 19, 11, 20], [6, 22, 7, 21], [2, 15, 3, 16]]"
11a_88_82,"[[2, 15, 3, 16], [14, 5, 15, 6], [4, 17, 5, 18], [16, 3, 17, 4], [8, 2, 9, 1], [22, 8, 1, 7], [12, 10, 13, 9], [20, 14, 21, 13], [18, 11, 19, 12], [10, 19, 11, 20], [6, 22, 7, 21]]"
11a_88_83,"[[6, 22, 7, 21], [2, 15, 3, 16], [14, 5, 15, 6], [4, 17, 5, 18], [16, 3, 17, 4], [8, 2, 9, 1], [22, 8, 1, 7], [12, 10, 13, 9], [20, 14, 21, 13], [18, 11, 19, 12], [10, 19, 11, 20]]"
11a_88_84,"[[10, 19, 11, 20], [6, 22, 7, 21], [2, 15, 3, 16], [14, 5, 15, 6], [4, 17, 5, 18], [16, 3, 17, 4], [8, 2, 9, 1], [22, 8, 1, 7], [12, 10, 13, 9], [20, 14, 21, 13], [18, 11, 19, 12]]"
11a_88_85,"[[18, 11, 19, 12], [10, 19, 11, 20], [6, 22, 7, 21], [2, 15, 3, 16], [14, 5, 15, 6], [4, 17, 5, 18], [16, 3, 17, 4], [8, 2, 9, 1], [22, 8, 1, 7], [12, 10, 13, 9], [20, 14, 21, 13]]"
11a_88_86,"[[20, 14, 21, 13], [18, 11, 19, 12], [10, 19, 11, 20], [6, 22, 7, 21], [2, 15, 3, 16], [14, 5, 15, 6], [4, 17, 5, 18], [16, 3, 17, 4], [8, 2, 9, 1], [22, 8, 1, 7], [12, 10, 13, 9]]"
11a_88_87,"[[12, 10, 13, 9], [20, 14, 21, 13], [18, 11, 19, 12], [10, 19, 11, 20], [6, 22, 7, 21], [2, 15, 3, 16], [14, 5, 15, 6], [4, 17, 5, 18], [16, 3, 17, 4], [8, 2, 9, 1], [22, 8, 1, 7]]"
11a_88_88,"[[1, 9, 2, 8], [13, 11, 14, 10], [21, 15, 22, 14], [19, 12, 20, 13], [11, 20, 12, 21], [7, 1, 8, 22], [3, 16, 4, 17], [15, 6, 16, 7], [5, 18, 6, 19], [17, 4, 18, 5], [9, 3, 10, 2]]"
11a_88_89,"[[9, 3, 10, 2], [1, 9, 2, 8], [13, 11, 14, 10], [21, 15, 22, 14], [19, 12, 20, 13], [11, 20, 12, 21], [7, 1, 8, 22], [3, 16, 4, 17], [15, 6, 16, 7], [5, 18, 6, 19], [17, 4, 18, 5]]"
11a_88_90,"[[17, 4, 18, 5], [9, 3, 10, 2], [1, 9, 2, 8], [13, 11, 14, 10], [21, 15, 22, 14], [19, 12, 20, 13], [11, 20, 12, 21], [7, 1, 8, 22], [3, 16, 4, 17], [15, 6, 16, 7], [5, 18, 6, 19]]"
11a_88_91,"[[5, 18, 6, 19], [17, 4, 18, 5], [9, 3, 10, 2], [1, 9, 2, 8], [13, 11, 14, 10], [21, 15, 22, 14], [19, 12, 20, 13], [11, 20, 12, 21], [7, 1, 8, 22], [3, 16, 4, 17], [15, 6, 16, 7]]"
11a_88_92,"[[15, 6, 16, 7], [5, 18, 6, 19], [17, 4, 18, 5], [9, 3, 10, 2], [1, 9, 2, 8], [13, 11, 14, 10], [21, 15, 22, 14], [19, 12, 20, 13], [11, 20, 12, 21], [7, 1, 8, 22], [3, 16, 4, 17]]"
11a_88_93,"[[3, 16, 4, 17], [15, 6, 16, 7], [5, 18, 6, 19], [17, 4, 18, 5], [9, 3, 10, 2], [1, 9, 2, 8], [13, 11, 14, 10], [21, 15, 22, 14], [19, 12, 20, 13], [11, 20, 12, 21], [7, 1, 8, 22]]"
11a_88_94,"[[7, 1, 8, 22], [3, 16, 4, 17], [15, 6, 16, 7], [5, 18, 6, 19], [17, 4, 18, 5], [9, 3, 10, 2], [1, 9, 2, 8], [13, 11, 14, 10], [21, 15, 22, 14], [19, 12, 20, 13], [11, 20, 12, 21]]"
11a_88_95,"[[11, 20, 12, 21], [7, 1, 8, 22], [3, 16, 4, 17], [15, 6, 16, 7], [5, 18, 6, 19], [17, 4, 18, 5], [9, 3, 10, 2], [1, 9, 2, 8], [13, 11, 14, 10], [21, 15, 22, 14], [19, 12, 20, 13]]"
11a_88_96,"[[19, 12, 20, 13], [11, 20, 12, 21], [7, 1, 8, 22], [3, 16, 4, 17], [15, 6, 16, 7], [5, 18, 6, 19], [17, 4, 18, 5], [9, 3, 10, 2], [1, 9, 2, 8], [13, 11, 14, 10], [21, 15, 22, 14]]"
11a_88_97,"[[21, 15, 22, 14], [19, 12, 20, 13], [11, 20, 12, 21], [7, 1, 8, 22], [3, 16, 4, 17], [15, 6, 16, 7], [5, 18, 6, 19], [17, 4, 18, 5], [9, 3, 10, 2], [1, 9, 2, 8], [13, 11, 14, 10]]"
11a_88_98,"[[13, 11, 14, 10], [21, 15, 22, 14], [19, 12, 20, 13], [11, 20, 12, 21], [7, 1, 8, 22], [3, 16, 4, 17], [15, 6, 16, 7], [5, 18, 6, 19], [17, 4, 18, 5], [9, 3, 10, 2], [1, 9, 2, 8]]"
11a_88_99,"[[2, 10, 3, 9], [14, 12, 15, 11], [22, 16, 1, 15], [20, 13, 21, 14], [12, 21, 13, 22], [8, 2, 9, 1], [4, 17, 5, 18], [16, 7, 17, 8], [6, 19, 7, 20], [18, 5, 19, 6], [10, 4, 11, 3]]"
11a_88_100,"[[10, 4, 11, 3], [2, 10, 3, 9], [14, 12, 15, 11], [22, 16, 1, 15], [20, 13, 21, 14], [12, 21, 13, 22], [8, 2, 9, 1], [4, 17, 5, 18], [16, 7, 17, 8], [6, 19, 7, 20], [18, 5, 19, 6]]"
11a_88_101,"[[18, 5, 19, 6], [10, 4, 11, 3], [2, 10, 3, 9], [14, 12, 15, 11], [22, 16, 1, 15], [20, 13, 21, 14], [12, 21, 13, 22], [8, 2, 9, 1], [4, 17, 5, 18], [16, 7, 17, 8], [6, 19, 7, 20]]"
11a_88_102,"[[6, 19, 7, 20], [18, 5, 19, 6], [10, 4, 11, 3], [2, 10, 3, 9], [14, 12, 15, 11], [22, 16, 1, 15], [20, 13, 21, 14], [12, 21, 13, 22], [8, 2, 9, 1], [4, 17, 5, 18], [16, 7, 17, 8]]"
11a_88_103,"[[16, 7, 17, 8], [6, 19, 7, 20], [18, 5, 19, 6], [10, 4, 11, 3], [2, 10, 3, 9], [14, 12, 15, 11], [22, 16, 1, 15], [20, 13, 21, 14], [12, 21, 13, 22], [8, 2, 9, 1], [4, 17, 5, 18]]"
11a_88_104,"[[4, 17, 5, 18], [16, 7, 17, 8], [6, 19, 7, 20], [18, 5, 19, 6], [10, 4, 11, 3], [2, 10, 3, 9], [14, 12, 15, 11], [22, 16, 1, 15], [20, 13, 21, 14], [12, 21, 13, 22], [8, 2, 9, 1]]"
11a_88_105,"[[8, 2, 9, 1], [4, 17, 5, 18], [16, 7, 17, 8], [6, 19, 7, 20], [18, 5, 19, 6], [10, 4, 11, 3], [2, 10, 3, 9], [14, 12, 15, 11], [22, 16, 1, 15], [20, 13, 21, 14], [12, 21, 13, 22]]"
11a_88_106,"[[12, 21, 13, 22], [8, 2, 9, 1], [4, 17, 5, 18], [16, 7, 17, 8], [6, 19, 7, 20], [18, 5, 19, 6], [10, 4, 11, 3], [2, 10, 3, 9], [14, 12, 15, 11], [22, 16, 1, 15], [20, 13, 21, 14]]"
11a_88_107,"[[20, 13, 21, 14], [12, 21, 13, 22], [8, 2, 9, 1], [4, 17, 5, 18], [16, 7, 17, 8], [6, 19, 7, 20], [18, 5, 19, 6], [10, 4, 11, 3], [2, 10, 3, 9], [14, 12, 15, 11], [22, 16, 1, 15]]"
11a_88_108,"[[22, 16, 1, 15], [20, 13, 21, 14], [12, 21, 13, 22], [8, 2, 9, 1], [4, 17, 5, 18], [16, 7, 17, 8], [6, 19, 7, 20], [18, 5, 19, 6], [10, 4, 11, 3], [2, 10, 3, 9], [14, 12, 15, 11]]"
11a_88_109,"[[14, 12, 15, 11], [22, 16, 1, 15], [20, 13, 21, 14], [12, 21, 13, 22], [8, 2, 9, 1], [4, 17, 5, 18], [16, 7, 17, 8], [6, 19, 7, 20], [18, 5, 19, 6], [10, 4, 11, 3], [2, 10, 3, 9]]"
11a_88_110,"[[3, 11, 4, 10], [15, 13, 16, 12], [1, 17, 2, 16], [21, 14, 22, 15], [13, 22, 14, 1], [9, 3, 10, 2], [5, 18, 6, 19], [17, 8, 18, 9], [7, 20, 8, 21], [19, 6, 20, 7], [11, 5, 12, 4]]"
11a_88_111,"[[11, 5, 12, 4], [3, 11, 4, 10], [15, 13, 16, 12], [1, 17, 2, 16], [21, 14, 22, 15], [13, 22, 14, 1], [9, 3, 10, 2], [5, 18, 6, 19], [17, 8, 18, 9], [7, 20, 8, 21], [19, 6, 20, 7]]"
11a_88_112,"[[19, 6, 20, 7], [11, 5, 12, 4], [3, 11, 4, 10], [15, 13, 16, 12], [1, 17, 2, 16], [21, 14, 22, 15], [13, 22, 14, 1], [9, 3, 10, 2], [5, 18, 6, 19], [17, 8, 18, 9], [7, 20, 8, 21]]"
11a_88_113,"[[7, 20, 8, 21], [19, 6, 20, 7], [11, 5, 12, 4], [3, 11, 4, 10], [15, 13, 16, 12], [1, 17, 2, 16], [21, 14, 22, 15], [13, 22, 14, 1], [9, 3, 10, 2], [5, 18, 6, 19], [17, 8, 18, 9]]"
11a_88_114,"[[17, 8, 18, 9], [7, 20, 8, 21], [19, 6, 20, 7], [11, 5, 12, 4], [3, 11, 4, 10], [15, 13, 16, 12], [1, 17, 2, 16], [21, 14, 22, 15], [13, 22, 14, 1], [9, 3, 10, 2], [5, 18, 6, 19]]"
11a_88_115,"[[5, 18, 6, 19], [17, 8, 18, 9], [7, 20, 8, 21], [19, 6, 20, 7], [11, 5, 12, 4], [3, 11, 4, 10], [15, 13, 16, 12], [1, 17, 2, 16], [21, 14, 22, 15], [13, 22, 14, 1], [9, 3, 10, 2]]"
11a_88_116,"[[9, 3, 10, 2], [5, 18, 6, 19], [17, 8, 18, 9], [7, 20, 8, 21], [19, 6, 20, 7], [11, 5, 12, 4], [3, 11, 4, 10], [15, 13, 16, 12], [1, 17, 2, 16], [21, 14, 22, 15], [13, 22, 14, 1]]"
11a_88_117,"[[13, 22, 14, 1], [9, 3, 10, 2], [5, 18, 6, 19], [17, 8, 18, 9], [7, 20, 8, 21], [19, 6, 20, 7], [11, 5, 12, 4], [3, 11, 4, 10], [15, 13, 16, 12], [1, 17, 2, 16], [21, 14, 22, 15]]"
11a_88_118,"[[21, 14, 22, 15], [13, 22, 14, 1], [9, 3, 10, 2], [5, 18, 6, 19], [17, 8, 18, 9], [7, 20, 8, 21], [19, 6, 20, 7], [11, 5, 12, 4], [3, 11, 4, 10], [15, 13, 16, 12], [1, 17, 2, 16]]"
11a_88_119,"[[1, 17, 2, 16], [21, 14, 22, 15], [13, 22, 14, 1], [9, 3, 10, 2], [5, 18, 6, 19], [17, 8, 18, 9], [7, 20, 8, 21], [19, 6, 20, 7], [11, 5, 12, 4], [3, 11, 4, 10], [15, 13, 16, 12]]"
11a_88_120,"[[15, 13, 16, 12], [1, 17, 2, 16], [21, 14, 22, 15], [13, 22, 14, 1], [9, 3, 10, 2], [5, 18, 6, 19], [17, 8, 18, 9], [7, 20, 8, 21], [19, 6, 20, 7], [11, 5, 12, 4], [3, 11, 4, 10]]"
11a_88_121,"[[4, 12, 5, 11], [16, 14, 17, 13], [2, 18, 3, 17], [22, 15, 1, 16], [14, 1, 15, 2], [10, 4, 11, 3], [6, 19, 7, 20], [18, 9, 19, 10], [8, 21, 9, 22], [20, 7, 21, 8], [12, 6, 13, 5]]"
11a_88_122,"[[12, 6, 13, 5], [4, 12, 5, 11], [16, 14, 17, 13], [2, 18, 3, 17], [22, 15, 1, 16], [14, 1, 15, 2], [10, 4, 11, 3], [6, 19, 7, 20], [18, 9, 19, 10], [8, 21, 9, 22], [20, 7, 21, 8]]"
11a_88_123,"[[20, 7, 21, 8], [12, 6, 13, 5], [4, 12, 5, 11], [16, 14, 17, 13], [2, 18, 3, 17], [22, 15, 1, 16], [14, 1, 15, 2], [10, 4, 11, 3], [6, 19, 7, 20], [18, 9, 19, 10], [8, 21, 9, 22]]"
11a_88_124,"[[8, 21, 9, 22], [20, 7, 21, 8], [12, 6, 13, 5], [4, 12, 5, 11], [16, 14, 17, 13], [2, 18, 3, 17], [22, 15, 1, 16], [14, 1, 15, 2], [10, 4, 11, 3], [6, 19, 7, 20], [18, 9, 19, 10]]"
11a_88_125,"[[18, 9, 19, 10], [8, 21, 9, 22], [20, 7, 21, 8], [12, 6, 13, 5], [4, 12, 5, 11], [16, 14, 17, 13], [2, 18, 3, 17], [22, 15, 1, 16], [14, 1, 15, 2], [10, 4, 11, 3], [6, 19, 7, 20]]"
11a_88_126,"[[6, 19, 7, 20], [18, 9, 19, 10], [8, 21, 9, 22], [20, 7, 21, 8], [12, 6, 13, 5], [4, 12, 5, 11], [16, 14, 17, 13], [2, 18, 3, 17], [22, 15, 1, 16], [14, 1, 15, 2], [10, 4, 11, 3]]"
11a_88_127,"[[10, 4, 11, 3], [6, 19, 7, 20], [18, 9, 19, 10], [8, 21, 9, 22], [20, 7, 21, 8], [12, 6, 13, 5], [4, 12, 5, 11], [16, 14, 17, 13], [2, 18, 3, 17], [22, 15, 1, 16], [14, 1, 15, 2]]"
11a_88_128,"[[14, 1, 15, 2], [10, 4, 11, 3], [6, 19, 7, 20], [18, 9, 19, 10], [8, 21, 9, 22], [20, 7, 21, 8], [12, 6, 13, 5], [4, 12, 5, 11], [16, 14, 17, 13], [2, 18, 3, 17], [22, 15, 1, 16]]"
11a_88_129,"[[22, 15, 1, 16], [14, 1, 15, 2], [10, 4, 11, 3], [6, 19, 7, 20], [18, 9, 19, 10], [8, 21, 9, 22], [20, 7, 21, 8], [12, 6, 13, 5], [4, 12, 5, 11], [16, 14, 17, 13], [2, 18, 3, 17]]"
11a_88_130,"[[2, 18, 3, 17], [22, 15, 1, 16], [14, 1, 15, 2], [10, 4, 11, 3], [6, 19, 7, 20], [18, 9, 19, 10], [8, 21, 9, 22], [20, 7, 21, 8], [12, 6, 13, 5], [4, 12, 5, 11], [16, 14, 17, 13]]"
11a_88_131,"[[16, 14, 17, 13], [2, 18, 3, 17], [22, 15, 1, 16], [14, 1, 15, 2], [10, 4, 11, 3], [6, 19, 7, 20], [18, 9, 19, 10], [8, 21, 9, 22], [20, 7, 21, 8], [12, 6, 13, 5], [4, 12, 5, 11]]"
11a_88_132,"[[5, 13, 6, 12], [17, 15, 18, 14], [3, 19, 4, 18], [1, 16, 2, 17], [15, 2, 16, 3], [11, 5, 12, 4], [7, 20, 8, 21], [19, 10, 20, 11], [9, 22, 10, 1], [21, 8, 22, 9], [13, 7, 14, 6]]"
11a_88_133,"[[13, 7, 14, 6], [5, 13, 6, 12], [17, 15, 18, 14], [3, 19, 4, 18], [1, 16, 2, 17], [15, 2, 16, 3], [11, 5, 12, 4], [7, 20, 8, 21], [19, 10, 20, 11], [9, 22, 10, 1], [21, 8, 22, 9]]"
11a_88_134,"[[21, 8, 22, 9], [13, 7, 14, 6], [5, 13, 6, 12], [17, 15, 18, 14], [3, 19, 4, 18], [1, 16, 2, 17], [15, 2, 16, 3], [11, 5, 12, 4], [7, 20, 8, 21], [19, 10, 20, 11], [9, 22, 10, 1]]"
11a_88_135,"[[9, 22, 10, 1], [21, 8, 22, 9], [13, 7, 14, 6], [5, 13, 6, 12], [17, 15, 18, 14], [3, 19, 4, 18], [1, 16, 2, 17], [15, 2, 16, 3], [11, 5, 12, 4], [7, 20, 8, 21], [19, 10, 20, 11]]"
11a_88_136,"[[19, 10, 20, 11], [9, 22, 10, 1], [21, 8, 22, 9], [13, 7, 14, 6], [5, 13, 6, 12], [17, 15, 18, 14], [3, 19, 4, 18], [1, 16, 2, 17], [15, 2, 16, 3], [11, 5, 12, 4], [7, 20, 8, 21]]"
11a_88_137,"[[7, 20, 8, 21], [19, 10, 20, 11], [9, 22, 10, 1], [21, 8, 22, 9], [13, 7, 14, 6], [5, 13, 6, 12], [17, 15, 18, 14], [3, 19, 4, 18], [1, 16, 2, 17], [15, 2, 16, 3], [11, 5, 12, 4]]"
11a_88_138,"[[11, 5, 12, 4], [7, 20, 8, 21], [19, 10, 20, 11], [9, 22, 10, 1], [21, 8, 22, 9], [13, 7, 14, 6], [5, 13, 6, 12], [17, 15, 18, 14], [3, 19, 4, 18], [1, 16, 2, 17], [15, 2, 16, 3]]"
11a_88_139,"[[15, 2, 16, 3], [11, 5, 12, 4], [7, 20, 8, 21], [19, 10, 20, 11], [9, 22, 10, 1], [21, 8, 22, 9], [13, 7, 14, 6], [5, 13, 6, 12], [17, 15, 18, 14], [3, 19, 4, 18], [1, 16, 2, 17]]"
11a_88_140,"[[1, 16, 2, 17], [15, 2, 16, 3], [11, 5, 12, 4], [7, 20, 8, 21], [19, 10, 20, 11], [9, 22, 10, 1], [21, 8, 22, 9], [13, 7, 14, 6], [5, 13, 6, 12], [17, 15, 18, 14], [3, 19, 4, 18]]"
11a_88_141,"[[3, 19, 4, 18], [1, 16, 2, 17], [15, 2, 16, 3], [11, 5, 12, 4], [7, 20, 8, 21], [19, 10, 20, 11], [9, 22, 10, 1], [21, 8, 22, 9], [13, 7, 14, 6], [5, 13, 6, 12], [17, 15, 18, 14]]"
11a_88_142,"[[17, 15, 18, 14], [3, 19, 4, 18], [1, 16, 2, 17], [15, 2, 16, 3], [11, 5, 12, 4], [7, 20, 8, 21], [19, 10, 20, 11], [9, 22, 10, 1], [21, 8, 22, 9], [13, 7, 14, 6], [5, 13, 6, 12]]"
11a_88_143,"[[6, 14, 7, 13], [18, 16, 19, 15], [4, 20, 5, 19], [2, 17, 3, 18], [16, 3, 17, 4], [12, 6, 13, 5], [8, 21, 9, 22], [20, 11, 21, 12], [10, 1, 11, 2], [22, 9, 1, 10], [14, 8, 15, 7]]"
11a_88_144,"[[14, 8, 15, 7], [6, 14, 7, 13], [18, 16, 19, 15], [4, 20, 5, 19], [2, 17, 3, 18], [16, 3, 17, 4], [12, 6, 13, 5], [8, 21, 9, 22], [20, 11, 21, 12], [10, 1, 11, 2], [22, 9, 1, 10]]"
11a_88_145,"[[22, 9, 1, 10], [14, 8, 15, 7], [6, 14, 7, 13], [18, 16, 19, 15], [4, 20, 5, 19], [2, 17, 3, 18], [16, 3, 17, 4], [12, 6, 13, 5], [8, 21, 9, 22], [20, 11, 21, 12], [10, 1, 11, 2]]"
11a_88_146,"[[10, 1, 11, 2], [22, 9, 1, 10], [14, 8, 15, 7], [6, 14, 7, 13], [18, 16, 19, 15], [4, 20, 5, 19], [2, 17, 3, 18], [16, 3, 17, 4], [12, 6, 13, 5], [8, 21, 9, 22], [20, 11, 21, 12]]"
11a_88_147,"[[20, 11, 21, 12], [10, 1, 11, 2], [22, 9, 1, 10], [14, 8, 15, 7], [6, 14, 7, 13], [18, 16, 19, 15], [4, 20, 5, 19], [2, 17, 3, 18], [16, 3, 17, 4], [12, 6, 13, 5], [8, 21, 9, 22]]"
11a_88_148,"[[8, 21, 9, 22], [20, 11, 21, 12], [10, 1, 11, 2], [22, 9, 1, 10], [14, 8, 15, 7], [6, 14, 7, 13], [18, 16, 19, 15], [4, 20, 5, 19], [2, 17, 3, 18], [16, 3, 17, 4], [12, 6, 13, 5]]"
11a_88_149,"[[12, 6, 13, 5], [8, 21, 9, 22], [20, 11, 21, 12], [10, 1, 11, 2], [22, 9, 1, 10], [14, 8, 15, 7], [6, 14, 7, 13], [18, 16, 19, 15], [4, 20, 5, 19], [2, 17, 3, 18], [16, 3, 17, 4]]"
11a_88_150,"[[16, 3, 17, 4], [12, 6, 13, 5], [8, 21, 9, 22], [20, 11, 21, 12], [10, 1, 11, 2], [22, 9, 1, 10], [14, 8, 15, 7], [6, 14, 7, 13], [18, 16, 19, 15], [4, 20, 5, 19], [2, 17, 3, 18]]"
11a_88_151,"[[2, 17, 3, 18], [16, 3, 17, 4], [12, 6, 13, 5], [8, 21, 9, 22], [20, 11, 21, 12], [10, 1, 11, 2], [22, 9, 1, 10], [14, 8, 15, 7], [6, 14, 7, 13], [18, 16, 19, 15], [4, 20, 5, 19]]"
11a_88_152,"[[4, 20, 5, 19], [2, 17, 3, 18], [16, 3, 17, 4], [12, 6, 13, 5], [8, 21, 9, 22], [20, 11, 21, 12], [10, 1, 11, 2], [22, 9, 1, 10], [14, 8, 15, 7], [6, 14, 7, 13], [18, 16, 19, 15]]"
11a_88_153,"[[18, 16, 19, 15], [4, 20, 5, 19], [2, 17, 3, 18], [16, 3, 17, 4], [12, 6, 13, 5], [8, 21, 9, 22], [20, 11, 21, 12], [10, 1, 11, 2], [22, 9, 1, 10], [14, 8, 15, 7], [6, 14, 7, 13]]"
11a_88_154,"[[7, 15, 8, 14], [19, 17, 20, 16], [5, 21, 6, 20], [3, 18, 4, 19], [17, 4, 18, 5], [13, 7, 14, 6], [9, 22, 10, 1], [21, 12, 22, 13], [11, 2, 12, 3], [1, 10, 2, 11], [15, 9, 16, 8]]"
11a_88_155,"[[15, 9, 16, 8], [7, 15, 8, 14], [19, 17, 20, 16], [5, 21, 6, 20], [3, 18, 4, 19], [17, 4, 18, 5], [13, 7, 14, 6], [9, 22, 10, 1], [21, 12, 22, 13], [11, 2, 12, 3], [1, 10, 2, 11]]"
11a_88_156,"[[1, 10, 2, 11], [15, 9, 16, 8], [7, 15, 8, 14], [19, 17, 20, 16], [5, 21, 6, 20], [3, 18, 4, 19], [17, 4, 18, 5], [13, 7, 14, 6], [9, 22, 10, 1], [21, 12, 22, 13], [11, 2, 12, 3]]"
11a_88_157,"[[11, 2, 12, 3], [1, 10, 2, 11], [15, 9, 16, 8], [7, 15, 8, 14], [19, 17, 20, 16], [5, 21, 6, 20], [3, 18, 4, 19], [17, 4, 18, 5], [13, 7, 14, 6], [9, 22, 10, 1], [21, 12, 22, 13]]"
11a_88_158,"[[21, 12, 22, 13], [11, 2, 12, 3], [1, 10, 2, 11], [15, 9, 16, 8], [7, 15, 8, 14], [19, 17, 20, 16], [5, 21, 6, 20], [3, 18, 4, 19], [17, 4, 18, 5], [13, 7, 14, 6], [9, 22, 10, 1]]"
11a_88_159,"[[9, 22, 10, 1], [21, 12, 22, 13], [11, 2, 12, 3], [1, 10, 2, 11], [15, 9, 16, 8], [7, 15, 8, 14], [19, 17, 20, 16], [5, 21, 6, 20], [3, 18, 4, 19], [17, 4, 18, 5], [13, 7, 14, 6]]"
11a_88_160,"[[13, 7, 14, 6], [9, 22, 10, 1], [21, 12, 22, 13], [11, 2, 12, 3], [1, 10, 2, 11], [15, 9, 16, 8], [7, 15, 8, 14], [19, 17, 20, 16], [5, 21, 6, 20], [3, 18, 4, 19], [17, 4, 18, 5]]"
11a_88_161,"[[17, 4, 18, 5], [13, 7, 14, 6], [9, 22, 10, 1], [21, 12, 22, 13], [11, 2, 12, 3], [1, 10, 2, 11], [15, 9, 16, 8], [7, 15, 8, 14], [19, 17, 20, 16], [5, 21, 6, 20], [3, 18, 4, 19]]"
11a_88_162,"[[3, 18, 4, 19], [17, 4, 18, 5], [13, 7, 14, 6], [9, 22, 10, 1], [21, 12, 22, 13], [11, 2, 12, 3], [1, 10, 2, 11], [15, 9, 16, 8], [7, 15, 8, 14], [19, 17, 20, 16], [5, 21, 6, 20]]"
11a_88_163,"[[5, 21, 6, 20], [3, 18, 4, 19], [17, 4, 18, 5], [13, 7, 14, 6], [9, 22, 10, 1], [21, 12, 22, 13], [11, 2, 12, 3], [1, 10, 2, 11], [15, 9, 16, 8], [7, 15, 8, 14], [19, 17, 20, 16]]"
11a_88_164,"[[19, 17, 20, 16], [5, 21, 6, 20], [3, 18, 4, 19], [17, 4, 18, 5], [13, 7, 14, 6], [9, 22, 10, 1], [21, 12, 22, 13], [11, 2, 12, 3], [1, 10, 2, 11], [15, 9, 16, 8], [7, 15, 8, 14]]"
11a_88_165,"[[8, 16, 9, 15], [20, 18, 21, 17], [6, 22, 7, 21], [4, 19, 5, 20], [18, 5, 19, 6], [14, 8, 15, 7], [10, 1, 11, 2], [22, 13, 1, 14], [12, 3, 13, 4], [2, 11, 3, 12], [16, 10, 17, 9]]"
11a_88_166,"[[16, 10, 17, 9], [8, 16, 9, 15], [20, 18, 21, 17], [6, 22, 7, 21], [4, 19, 5, 20], [18, 5, 19, 6], [14, 8, 15, 7], [10, 1, 11, 2], [22, 13, 1, 14], [12, 3, 13, 4], [2, 11, 3, 12]]"
11a_88_167,"[[2, 11, 3, 12], [16, 10, 17, 9], [8, 16, 9, 15], [20, 18, 21, 17], [6, 22, 7, 21], [4, 19, 5, 20], [18, 5, 19, 6], [14, 8, 15, 7], [10, 1, 11, 2], [22, 13, 1, 14], [12, 3, 13, 4]]"
11a_88_168,"[[12, 3, 13, 4], [2, 11, 3, 12], [16, 10, 17, 9], [8, 16, 9, 15], [20, 18, 21, 17], [6, 22, 7, 21], [4, 19, 5, 20], [18, 5, 19, 6], [14, 8, 15, 7], [10, 1, 11, 2], [22, 13, 1, 14]]"
11a_88_169,"[[22, 13, 1, 14], [12, 3, 13, 4], [2, 11, 3, 12], [16, 10, 17, 9], [8, 16, 9, 15], [20, 18, 21, 17], [6, 22, 7, 21], [4, 19, 5, 20], [18, 5, 19, 6], [14, 8, 15, 7], [10, 1, 11, 2]]"
11a_88_170,"[[10, 1, 11, 2], [22, 13, 1, 14], [12, 3, 13, 4], [2, 11, 3, 12], [16, 10, 17, 9], [8, 16, 9, 15], [20, 18, 21, 17], [6, 22, 7, 21], [4, 19, 5, 20], [18, 5, 19, 6], [14, 8, 15, 7]]"
11a_88_171,"[[14, 8, 15, 7], [10, 1, 11, 2], [22, 13, 1, 14], [12, 3, 13, 4], [2, 11, 3, 12], [16, 10, 17, 9], [8, 16, 9, 15], [20, 18, 21, 17], [6, 22, 7, 21], [4, 19, 5, 20], [18, 5, 19, 6]]"
11a_88_172,"[[18, 5, 19, 6], [14, 8, 15, 7], [10, 1, 11, 2], [22, 13, 1, 14], [12, 3, 13, 4], [2, 11, 3, 12], [16, 10, 17, 9], [8, 16, 9, 15], [20, 18, 21, 17], [6, 22, 7, 21], [4, 19, 5, 20]]"
11a_88_173,"[[4, 19, 5, 20], [18, 5, 19, 6], [14, 8, 15, 7], [10, 1, 11, 2], [22, 13, 1, 14], [12, 3, 13, 4], [2, 11, 3, 12], [16, 10, 17, 9], [8, 16, 9, 15], [20, 18, 21, 17], [6, 22, 7, 21]]"
11a_88_174,"[[6, 22, 7, 21], [4, 19, 5, 20], [18, 5, 19, 6], [14, 8, 15, 7], [10, 1, 11, 2], [22, 13, 1, 14], [12, 3, 13, 4], [2, 11, 3, 12], [16, 10, 17, 9], [8, 16, 9, 15], [20, 18, 21, 17]]"
11a_88_175,"[[20, 18, 21, 17], [6, 22, 7, 21], [4, 19, 5, 20], [18, 5, 19, 6], [14, 8, 15, 7], [10, 1, 11, 2], [22, 13, 1, 14], [12, 3, 13, 4], [2, 11, 3, 12], [16, 10, 17, 9], [8, 16, 9, 15]]"
11a_88_176,"[[9, 17, 10, 16], [21, 19, 22, 18], [7, 1, 8, 22], [5, 20, 6, 21], [19, 6, 20, 7], [15, 9, 16, 8], [11, 2, 12, 3], [1, 14, 2, 15], [13, 4, 14, 5], [3, 12, 4, 13], [17, 11, 18, 10]]"
11a_88_177,"[[17, 11, 18, 10], [9, 17, 10, 16], [21, 19, 22, 18], [7, 1, 8, 22], [5, 20, 6, 21], [19, 6, 20, 7], [15, 9, 16, 8], [11, 2, 12, 3], [1, 14, 2, 15], [13, 4, 14, 5], [3, 12, 4, 13]]"
11a_88_178,"[[3, 12, 4, 13], [17, 11, 18, 10], [9, 17, 10, 16], [21, 19, 22, 18], [7, 1, 8, 22], [5, 20, 6, 21], [19, 6, 20, 7], [15, 9, 16, 8], [11, 2, 12, 3], [1, 14, 2, 15], [13, 4, 14, 5]]"
11a_88_179,"[[13, 4, 14, 5], [3, 12, 4, 13], [17, 11, 18, 10], [9, 17, 10, 16], [21, 19, 22, 18], [7, 1, 8, 22], [5, 20, 6, 21], [19, 6, 20, 7], [15, 9, 16, 8], [11, 2, 12, 3], [1, 14, 2, 15]]"
11a_88_180,"[[1, 14, 2, 15], [13, 4, 14, 5], [3, 12, 4, 13], [17, 11, 18, 10], [9, 17, 10, 16], [21, 19, 22, 18], [7, 1, 8, 22], [5, 20, 6, 21], [19, 6, 20, 7], [15, 9, 16, 8], [11, 2, 12, 3]]"
11a_88_181,"[[11, 2, 12, 3], [1, 14, 2, 15], [13, 4, 14, 5], [3, 12, 4, 13], [17, 11, 18, 10], [9, 17, 10, 16], [21, 19, 22, 18], [7, 1, 8, 22], [5, 20, 6, 21], [19, 6, 20, 7], [15, 9, 16, 8]]"
11a_88_182,"[[15, 9, 16, 8], [11, 2, 12, 3], [1, 14, 2, 15], [13, 4, 14, 5], [3, 12, 4, 13], [17, 11, 18, 10], [9, 17, 10, 16], [21, 19, 22, 18], [7, 1, 8, 22], [5, 20, 6, 21], [19, 6, 20, 7]]"
11a_88_183,"[[19, 6, 20, 7], [15, 9, 16, 8], [11, 2, 12, 3], [1, 14, 2, 15], [13, 4, 14, 5], [3, 12, 4, 13], [17, 11, 18, 10], [9, 17, 10, 16], [21, 19, 22, 18], [7, 1, 8, 22], [5, 20, 6, 21]]"
11a_88_184,"[[5, 20, 6, 21], [19, 6, 20, 7], [15, 9, 16, 8], [11, 2, 12, 3], [1, 14, 2, 15], [13, 4, 14, 5], [3, 12, 4, 13], [17, 11, 18, 10], [9, 17, 10, 16], [21, 19, 22, 18], [7, 1, 8, 22]]"
11a_88_185,"[[7, 1, 8, 22], [5, 20, 6, 21], [19, 6, 20, 7], [15, 9, 16, 8], [11, 2, 12, 3], [1, 14, 2, 15], [13, 4, 14, 5], [3, 12, 4, 13], [17, 11, 18, 10], [9, 17, 10, 16], [21, 19, 22, 18]]"
11a_88_186,"[[21, 19, 22, 18], [7, 1, 8, 22], [5, 20, 6, 21], [19, 6, 20, 7], [15, 9, 16, 8], [11, 2, 12, 3], [1, 14, 2, 15], [13, 4, 14, 5], [3, 12, 4, 13], [17, 11, 18, 10], [9, 17, 10, 16]]"
11a_88_187,"[[10, 18, 11, 17], [22, 20, 1, 19], [8, 2, 9, 1], [6, 21, 7, 22], [20, 7, 21, 8], [16, 10, 17, 9], [12, 3, 13, 4], [2, 15, 3, 16], [14, 5, 15, 6], [4, 13, 5, 14], [18, 12, 19, 11]]"
11a_88_188,"[[18, 12, 19, 11], [10, 18, 11, 17], [22, 20, 1, 19], [8, 2, 9, 1], [6, 21, 7, 22], [20, 7, 21, 8], [16, 10, 17, 9], [12, 3, 13, 4], [2, 15, 3, 16], [14, 5, 15, 6], [4, 13, 5, 14]]"
11a_88_189,"[[4, 13, 5, 14], [18, 12, 19, 11], [10, 18, 11, 17], [22, 20, 1, 19], [8, 2, 9, 1], [6, 21, 7, 22], [20, 7, 21, 8], [16, 10, 17, 9], [12, 3, 13, 4], [2, 15, 3, 16], [14, 5, 15, 6]]"
11a_88_190,"[[14, 5, 15, 6], [4, 13, 5, 14], [18, 12, 19, 11], [10, 18, 11, 17], [22, 20, 1, 19], [8, 2, 9, 1], [6, 21, 7, 22], [20, 7, 21, 8], [16, 10, 17, 9], [12, 3, 13, 4], [2, 15, 3, 16]]"
11a_88_191,"[[2, 15, 3, 16], [14, 5, 15, 6], [4, 13, 5, 14], [18, 12, 19, 11], [10, 18, 11, 17], [22, 20, 1, 19], [8, 2, 9, 1], [6, 21, 7, 22], [20, 7, 21, 8], [16, 10, 17, 9], [12, 3, 13, 4]]"
11a_88_192,"[[12, 3, 13, 4], [2, 15, 3, 16], [14, 5, 15, 6], [4, 13, 5, 14], [18, 12, 19, 11], [10, 18, 11, 17], [22, 20, 1, 19], [8, 2, 9, 1], [6, 21, 7, 22], [20, 7, 21, 8], [16, 10, 17, 9]]"
11a_88_193,"[[16, 10, 17, 9], [12, 3, 13, 4], [2, 15, 3, 16], [14, 5, 15, 6], [4, 13, 5, 14], [18, 12, 19, 11], [10, 18, 11, 17], [22, 20, 1, 19], [8, 2, 9, 1], [6, 21, 7, 22], [20, 7, 21, 8]]"
11a_88_194,"[[20, 7, 21, 8], [16, 10, 17, 9], [12, 3, 13, 4], [2, 15, 3, 16], [14, 5, 15, 6], [4, 13, 5, 14], [18, 12, 19, 11], [10, 18, 11, 17], [22, 20, 1, 19], [8, 2, 9, 1], [6, 21, 7, 22]]"
11a_88_195,"[[6, 21, 7, 22], [20, 7, 21, 8], [16, 10, 17, 9], [12, 3, 13, 4], [2, 15, 3, 16], [14, 5, 15, 6], [4, 13, 5, 14], [18, 12, 19, 11], [10, 18, 11, 17], [22, 20, 1, 19], [8, 2, 9, 1]]"
11a_88_196,"[[8, 2, 9, 1], [6, 21, 7, 22], [20, 7, 21, 8], [16, 10, 17, 9], [12, 3, 13, 4], [2, 15, 3, 16], [14, 5, 15, 6], [4, 13, 5, 14], [18, 12, 19, 11], [10, 18, 11, 17], [22, 20, 1, 19]]"
11a_88_197,"[[22, 20, 1, 19], [8, 2, 9, 1], [6, 21, 7, 22], [20, 7, 21, 8], [16, 10, 17, 9], [12, 3, 13, 4], [2, 15, 3, 16], [14, 5, 15, 6], [4, 13, 5, 14], [18, 12, 19, 11], [10, 18, 11, 17]]"
11a_88_198,"[[11, 19, 12, 18], [1, 21, 2, 20], [9, 3, 10, 2], [7, 22, 8, 1], [21, 8, 22, 9], [17, 11, 18, 10], [13, 4, 14, 5], [3, 16, 4, 17], [15, 6, 16, 7], [5, 14, 6, 15], [19, 13, 20, 12]]"
11a_88_199,"[[19, 13, 20, 12], [11, 19, 12, 18], [1, 21, 2, 20], [9, 3, 10, 2], [7, 22, 8, 1], [21, 8, 22, 9], [17, 11, 18, 10], [13, 4, 14, 5], [3, 16, 4, 17], [15, 6, 16, 7], [5, 14, 6, 15]]"
11a_88_200,"[[5, 14, 6, 15], [19, 13, 20, 12], [11, 19, 12, 18], [1, 21, 2, 20], [9, 3, 10, 2], [7, 22, 8, 1], [21, 8, 22, 9], [17, 11, 18, 10], [13, 4, 14, 5], [3, 16, 4, 17], [15, 6, 16, 7]]"
11a_88_201,"[[15, 6, 16, 7], [5, 14, 6, 15], [19, 13, 20, 12], [11, 19, 12, 18], [1, 21, 2, 20], [9, 3, 10, 2], [7, 22, 8, 1], [21, 8, 22, 9], [17, 11, 18, 10], [13, 4, 14, 5], [3, 16, 4, 17]]"
11a_88_202,"[[3, 16, 4, 17], [15, 6, 16, 7], [5, 14, 6, 15], [19, 13, 20, 12], [11, 19, 12, 18], [1, 21, 2, 20], [9, 3, 10, 2], [7, 22, 8, 1], [21, 8, 22, 9], [17, 11, 18, 10], [13, 4, 14, 5]]"
11a_88_203,"[[13, 4, 14, 5], [3, 16, 4, 17], [15, 6, 16, 7], [5, 14, 6, 15], [19, 13, 20, 12], [11, 19, 12, 18], [1, 21, 2, 20], [9, 3, 10, 2], [7, 22, 8, 1], [21, 8, 22, 9], [17, 11, 18, 10]]"
11a_88_204,"[[17, 11, 18, 10], [13, 4, 14, 5], [3, 16, 4, 17], [15, 6, 16, 7], [5, 14, 6, 15], [19, 13, 20, 12], [11, 19, 12, 18], [1, 21, 2, 20], [9, 3, 10, 2], [7, 22, 8, 1], [21, 8, 22, 9]]"
