name,pd_notation
11a_160_0,"[[3, 11, 4, 10], [5, 3, 6, 2], [11, 5, 12, 4], [15, 8, 16, 9], [1, 12, 2, 13], [17, 1, 18, 22], [21, 15, 22, 14], [19, 6, 20, 7], [7, 20, 8, 21], [9, 16, 10, 17], [13, 19, 14, 18]]"
11a_160_1,"[[13, 19, 14, 18], [3, 11, 4, 10], [5, 3, 6, 2], [11, 5, 12, 4], [15, 8, 16, 9], [1, 12, 2, 13], [17, 1, 18, 22], [21, 15, 22, 14], [19, 6, 20, 7], [7, 20, 8, 21], [9, 16, 10, 17]]"
11a_160_2,"[[9, 16, 10, 17], [13, 19, 14, 18], [3, 11, 4, 10], [5, 3, 6, 2], [11, 5, 12, 4], [15, 8, 16, 9], [1, 12, 2, 13], [17, 1, 18, 22], [21, 15, 22, 14], [19, 6, 20, 7], [7, 20, 8, 21]]"
11a_160_3,"[[7, 20, 8, 21], [9, 16, 10, 17], [13, 19, 14, 18], [3, 11, 4, 10], [5, 3, 6, 2], [11, 5, 12, 4], [15, 8, 16, 9], [1, 12, 2, 13], [17, 1, 18, 22], [21, 15, 22, 14], [19, 6, 20, 7]]"
11a_160_4,"[[19, 6, 20, 7], [7, 20, 8, 21], [9, 16, 10, 17], [13, 19, 14, 18], [3, 11, 4, 10], [5, 3, 6, 2], [11, 5, 12, 4], [15, 8, 16, 9], [1, 12, 2, 13], [17, 1, 18, 22], [21, 15, 22, 14]]"
11a_160_5,"[[21, 15, 22, 14], [19, 6, 20, 7], [7, 20, 8, 21], [9, 16, 10, 17], [13, 19, 14, 18], [3, 11, 4, 10], [5, 3, 6, 2], [11, 5, 12, 4], [15, 8, 16, 9], [1, 12, 2, 13], [17, 1, 18, 22]]"
11a_160_6,"[[17, 1, 18, 22], [21, 15, 22, 14], [19, 6, 20, 7], [7, 20, 8, 21], [9, 16, 10, 17], [13, 19, 14, 18], [3, 11, 4, 10], [5, 3, 6, 2], [11, 5, 12, 4], [15, 8, 16, 9], [1, 12, 2, 13]]"
11a_160_7,"[[1, 12, 2, 13], [17, 1, 18, 22], [21, 15, 22, 14], [19, 6, 20, 7], [7, 20, 8, 21], [9, 16, 10, 17], [13, 19, 14, 18], [3, 11, 4, 10], [5, 3, 6, 2], [11, 5, 12, 4], [15, 8, 16, 9]]"
11a_160_8,"[[15, 8, 16, 9], [1, 12, 2, 13], [17, 1, 18, 22], [21, 15, 22, 14], [19, 6, 20, 7], [7, 20, 8, 21], [9, 16, 10, 17], [13, 19, 14, 18], [3, 11, 4, 10], [5, 3, 6, 2], [11, 5, 12, 4]]"
11a_160_9,"[[11, 5, 12, 4], [15, 8, 16, 9], [1, 12, 2, 13], [17, 1, 18, 22], [21, 15, 22, 14], [19, 6, 20, 7], [7, 20, 8, 21], [9, 16, 10, 17], [13, 19, 14, 18], [3, 11, 4, 10], [5, 3, 6, 2]]"
11a_160_10,"[[5, 3, 6, 2], [11, 5, 12, 4], [15, 8, 16, 9], [1, 12, 2, 13], [17, 1, 18, 22], [21, 15, 22, 14], [19, 6, 20, 7], [7, 20, 8, 21], [9, 16, 10, 17], [13, 19, 14, 18], [3, 11, 4, 10]]"
11a_160_11,"[[4, 12, 5, 11], [6, 4, 7, 3], [12, 6, 13, 5], [16, 9, 17, 10], [2, 13, 3, 14], [18, 2, 19, 1], [22, 16, 1, 15], [20, 7, 21, 8], [8, 21, 9, 22], [10, 17, 11, 18], [14, 20, 15, 19]]"
11a_160_12,"[[14, 20, 15, 19], [4, 12, 5, 11], [6, 4, 7, 3], [12, 6, 13, 5], [16, 9, 17, 10], [2, 13, 3, 14], [18, 2, 19, 1], [22, 16, 1, 15], [20, 7, 21, 8], [8, 21, 9, 22], [10, 17, 11, 18]]"
11a_160_13,"[[10, 17, 11, 18], [14, 20, 15, 19], [4, 12, 5, 11], [6, 4, 7, 3], [12, 6, 13, 5], [16, 9, 17, 10], [2, 13, 3, 14], [18, 2, 19, 1], [22, 16, 1, 15], [20, 7, 21, 8], [8, 21, 9, 22]]"
11a_160_14,"[[8, 21, 9, 22], [10, 17, 11, 18], [14, 20, 15, 19], [4, 12, 5, 11], [6, 4, 7, 3], [12, 6, 13, 5], [16, 9, 17, 10], [2, 13, 3, 14], [18, 2, 19, 1], [22, 16, 1, 15], [20, 7, 21, 8]]"
11a_160_15,"[[20, 7, 21, 8], [8, 21, 9, 22], [10, 17, 11, 18], [14, 20, 15, 19], [4, 12, 5, 11], [6, 4, 7, 3], [12, 6, 13, 5], [16, 9, 17, 10], [2, 13, 3, 14], [18, 2, 19, 1], [22, 16, 1, 15]]"
11a_160_16,"[[22, 16, 1, 15], [20, 7, 21, 8], [8, 21, 9, 22], [10, 17, 11, 18], [14, 20, 15, 19], [4, 12, 5, 11], [6, 4, 7, 3], [12, 6, 13, 5], [16, 9, 17, 10], [2, 13, 3, 14], [18, 2, 19, 1]]"
11a_160_17,"[[18, 2, 19, 1], [22, 16, 1, 15], [20, 7, 21, 8], [8, 21, 9, 22], [10, 17, 11, 18], [14, 20, 15, 19], [4, 12, 5, 11], [6, 4, 7, 3], [12, 6, 13, 5], [16, 9, 17, 10], [2, 13, 3, 14]]"
11a_160_18,"[[2, 13, 3, 14], [18, 2, 19, 1], [22, 16, 1, 15], [20, 7, 21, 8], [8, 21, 9, 22], [10, 17, 11, 18], [14, 20, 15, 19], [4, 12, 5, 11], [6, 4, 7, 3], [12, 6, 13, 5], [16, 9, 17, 10]]"
11a_160_19,"[[16, 9, 17, 10], [2, 13, 3, 14], [18, 2, 19, 1], [22, 16, 1, 15], [20, 7, 21, 8], [8, 21, 9, 22], [10, 17, 11, 18], [14, 20, 15, 19], [4, 12, 5, 11], [6, 4, 7, 3], [12, 6, 13, 5]]"
11a_160_20,"[[12, 6, 13, 5], [16, 9, 17, 10], [2, 13, 3, 14], [18, 2, 19, 1], [22, 16, 1, 15], [20, 7, 21, 8], [8, 21, 9, 22], [10, 17, 11, 18], [14, 20, 15, 19], [4, 12, 5, 11], [6, 4, 7, 3]]"
11a_160_21,"[[6, 4, 7, 3], [12, 6, 13, 5], [16, 9, 17, 10], [2, 13, 3, 14], [18, 2, 19, 1], [22, 16, 1, 15], [20, 7, 21, 8], [8, 21, 9, 22], [10, 17, 11, 18], [14, 20, 15, 19], [4, 12, 5, 11]]"
11a_160_22,"[[5, 13, 6, 12], [7, 5, 8, 4], [13, 7, 14, 6], [17, 10, 18, 11], [3, 14, 4, 15], [19, 3, 20, 2], [1, 17, 2, 16], [21, 8, 22, 9], [9, 22, 10, 1], [11, 18, 12, 19], [15, 21, 16, 20]]"
11a_160_23,"[[15, 21, 16, 20], [5, 13, 6, 12], [7, 5, 8, 4], [13, 7, 14, 6], [17, 10, 18, 11], [3, 14, 4, 15], [19, 3, 20, 2], [1, 17, 2, 16], [21, 8, 22, 9], [9, 22, 10, 1], [11, 18, 12, 19]]"
11a_160_24,"[[11, 18, 12, 19], [15, 21, 16, 20], [5, 13, 6, 12], [7, 5, 8, 4], [13, 7, 14, 6], [17, 10, 18, 11], [3, 14, 4, 15], [19, 3, 20, 2], [1, 17, 2, 16], [21, 8, 22, 9], [9, 22, 10, 1]]"
11a_160_25,"[[9, 22, 10, 1], [11, 18, 12, 19], [15, 21, 16, 20], [5, 13, 6, 12], [7, 5, 8, 4], [13, 7, 14, 6], [17, 10, 18, 11], [3, 14, 4, 15], [19, 3, 20, 2], [1, 17, 2, 16], [21, 8, 22, 9]]"
11a_160_26,"[[21, 8, 22, 9], [9, 22, 10, 1], [11, 18, 12, 19], [15, 21, 16, 20], [5, 13, 6, 12], [7, 5, 8, 4], [13, 7, 14, 6], [17, 10, 18, 11], [3, 14, 4, 15], [19, 3, 20, 2], [1, 17, 2, 16]]"
11a_160_27,"[[1, 17, 2, 16], [21, 8, 22, 9], [9, 22, 10, 1], [11, 18, 12, 19], [15, 21, 16, 20], [5, 13, 6, 12], [7, 5, 8, 4], [13, 7, 14, 6], [17, 10, 18, 11], [3, 14, 4, 15], [19, 3, 20, 2]]"
11a_160_28,"[[19, 3, 20, 2], [1, 17, 2, 16], [21, 8, 22, 9], [9, 22, 10, 1], [11, 18, 12, 19], [15, 21, 16, 20], [5, 13, 6, 12], [7, 5, 8, 4], [13, 7, 14, 6], [17, 10, 18, 11], [3, 14, 4, 15]]"
11a_160_29,"[[3, 14, 4, 15], [19, 3, 20, 2], [1, 17, 2, 16], [21, 8, 22, 9], [9, 22, 10, 1], [11, 18, 12, 19], [15, 21, 16, 20], [5, 13, 6, 12], [7, 5, 8, 4], [13, 7, 14, 6], [17, 10, 18, 11]]"
11a_160_30,"[[17, 10, 18, 11], [3, 14, 4, 15], [19, 3, 20, 2], [1, 17, 2, 16], [21, 8, 22, 9], [9, 22, 10, 1], [11, 18, 12, 19], [15, 21, 16, 20], [5, 13, 6, 12], [7, 5, 8, 4], [13, 7, 14, 6]]"
11a_160_31,"[[13, 7, 14, 6], [17, 10, 18, 11], [3, 14, 4, 15], [19, 3, 20, 2], [1, 17, 2, 16], [21, 8, 22, 9], [9, 22, 10, 1], [11, 18, 12, 19], [15, 21, 16, 20], [5, 13, 6, 12], [7, 5, 8, 4]]"
11a_160_32,"[[7, 5, 8, 4], [13, 7, 14, 6], [17, 10, 18, 11], [3, 14, 4, 15], [19, 3, 20, 2], [1, 17, 2, 16], [21, 8, 22, 9], [9, 22, 10, 1], [11, 18, 12, 19], [15, 21, 16, 20], [5, 13, 6, 12]]"
11a_160_33,"[[6, 14, 7, 13], [8, 6, 9, 5], [14, 8, 15, 7], [18, 11, 19, 12], [4, 15, 5, 16], [20, 4, 21, 3], [2, 18, 3, 17], [22, 9, 1, 10], [10, 1, 11, 2], [12, 19, 13, 20], [16, 22, 17, 21]]"
11a_160_34,"[[16, 22, 17, 21], [6, 14, 7, 13], [8, 6, 9, 5], [14, 8, 15, 7], [18, 11, 19, 12], [4, 15, 5, 16], [20, 4, 21, 3], [2, 18, 3, 17], [22, 9, 1, 10], [10, 1, 11, 2], [12, 19, 13, 20]]"
11a_160_35,"[[12, 19, 13, 20], [16, 22, 17, 21], [6, 14, 7, 13], [8, 6, 9, 5], [14, 8, 15, 7], [18, 11, 19, 12], [4, 15, 5, 16], [20, 4, 21, 3], [2, 18, 3, 17], [22, 9, 1, 10], [10, 1, 11, 2]]"
11a_160_36,"[[10, 1, 11, 2], [12, 19, 13, 20], [16, 22, 17, 21], [6, 14, 7, 13], [8, 6, 9, 5], [14, 8, 15, 7], [18, 11, 19, 12], [4, 15, 5, 16], [20, 4, 21, 3], [2, 18, 3, 17], [22, 9, 1, 10]]"
11a_160_37,"[[22, 9, 1, 10], [10, 1, 11, 2], [12, 19, 13, 20], [16, 22, 17, 21], [6, 14, 7, 13], [8, 6, 9, 5], [14, 8, 15, 7], [18, 11, 19, 12], [4, 15, 5, 16], [20, 4, 21, 3], [2, 18, 3, 17]]"
11a_160_38,"[[2, 18, 3, 17], [22, 9, 1, 10], [10, 1, 11, 2], [12, 19, 13, 20], [16, 22, 17, 21], [6, 14, 7, 13], [8, 6, 9, 5], [14, 8, 15, 7], [18, 11, 19, 12], [4, 15, 5, 16], [20, 4, 21, 3]]"
11a_160_39,"[[20, 4, 21, 3], [2, 18, 3, 17], [22, 9, 1, 10], [10, 1, 11, 2], [12, 19, 13, 20], [16, 22, 17, 21], [6, 14, 7, 13], [8, 6, 9, 5], [14, 8, 15, 7], [18, 11, 19, 12], [4, 15, 5, 16]]"
11a_160_40,"[[4, 15, 5, 16], [20, 4, 21, 3], [2, 18, 3, 17], [22, 9, 1, 10], [10, 1, 11, 2], [12, 19, 13, 20], [16, 22, 17, 21], [6, 14, 7, 13], [8, 6, 9, 5], [14, 8, 15, 7], [18, 11, 19, 12]]"
11a_160_41,"[[18, 11, 19, 12], [4, 15, 5, 16], [20, 4, 21, 3], [2, 18, 3, 17], [22, 9, 1, 10], [10, 1, 11, 2], [12, 19, 13, 20], [16, 22, 17, 21], [6, 14, 7, 13], [8, 6, 9, 5], [14, 8, 15, 7]]"
11a_160_42,"[[14, 8, 15, 7], [18, 11, 19, 12], [4, 15, 5, 16], [20, 4, 21, 3], [2, 18, 3, 17], [22, 9, 1, 10], [10, 1, 11, 2], [12, 19, 13, 20], [16, 22, 17, 21], [6, 14, 7, 13], [8, 6, 9, 5]]"
11a_160_43,"[[8, 6, 9, 5], [14, 8, 15, 7], [18, 11, 19, 12], [4, 15, 5, 16], [20, 4, 21, 3], [2, 18, 3, 17], [22, 9, 1, 10], [10, 1, 11, 2], [12, 19, 13, 20], [16, 22, 17, 21], [6, 14, 7, 13]]"
11a_160_44,"[[7, 15, 8, 14], [9, 7, 10, 6], [15, 9, 16, 8], [19, 12, 20, 13], [5, 16, 6, 17], [21, 5, 22, 4], [3, 19, 4, 18], [1, 10, 2, 11], [11, 2, 12, 3], [13, 20, 14, 21], [17, 1, 18, 22]]"
11a_160_45,"[[17, 1, 18, 22], [7, 15, 8, 14], [9, 7, 10, 6], [15, 9, 16, 8], [19, 12, 20, 13], [5, 16, 6, 17], [21, 5, 22, 4], [3, 19, 4, 18], [1, 10, 2, 11], [11, 2, 12, 3], [13, 20, 14, 21]]"
11a_160_46,"[[13, 20, 14, 21], [17, 1, 18, 22], [7, 15, 8, 14], [9, 7, 10, 6], [15, 9, 16, 8], [19, 12, 20, 13], [5, 16, 6, 17], [21, 5, 22, 4], [3, 19, 4, 18], [1, 10, 2, 11], [11, 2, 12, 3]]"
11a_160_47,"[[11, 2, 12, 3], [13, 20, 14, 21], [17, 1, 18, 22], [7, 15, 8, 14], [9, 7, 10, 6], [15, 9, 16, 8], [19, 12, 20, 13], [5, 16, 6, 17], [21, 5, 22, 4], [3, 19, 4, 18], [1, 10, 2, 11]]"
11a_160_48,"[[1, 10, 2, 11], [11, 2, 12, 3], [13, 20, 14, 21], [17, 1, 18, 22], [7, 15, 8, 14], [9, 7, 10, 6], [15, 9, 16, 8], [19, 12, 20, 13], [5, 16, 6, 17], [21, 5, 22, 4], [3, 19, 4, 18]]"
11a_160_49,"[[3, 19, 4, 18], [1, 10, 2, 11], [11, 2, 12, 3], [13, 20, 14, 21], [17, 1, 18, 22], [7, 15, 8, 14], [9, 7, 10, 6], [15, 9, 16, 8], [19, 12, 20, 13], [5, 16, 6, 17], [21, 5, 22, 4]]"
11a_160_50,"[[21, 5, 22, 4], [3, 19, 4, 18], [1, 10, 2, 11], [11, 2, 12, 3], [13, 20, 14, 21], [17, 1, 18, 22], [7, 15, 8, 14], [9, 7, 10, 6], [15, 9, 16, 8], [19, 12, 20, 13], [5, 16, 6, 17]]"
11a_160_51,"[[5, 16, 6, 17], [21, 5, 22, 4], [3, 19, 4, 18], [1, 10, 2, 11], [11, 2, 12, 3], [13, 20, 14, 21], [17, 1, 18, 22], [7, 15, 8, 14], [9, 7, 10, 6], [15, 9, 16, 8], [19, 12, 20, 13]]"
11a_160_52,"[[19, 12, 20, 13], [5, 16, 6, 17], [21, 5, 22, 4], [3, 19, 4, 18], [1, 10, 2, 11], [11, 2, 12, 3], [13, 20, 14, 21], [17, 1, 18, 22], [7, 15, 8, 14], [9, 7, 10, 6], [15, 9, 16, 8]]"
11a_160_53,"[[15, 9, 16, 8], [19, 12, 20, 13], [5, 16, 6, 17], [21, 5, 22, 4], [3, 19, 4, 18], [1, 10, 2, 11], [11, 2, 12, 3], [13, 20, 14, 21], [17, 1, 18, 22], [7, 15, 8, 14], [9, 7, 10, 6]]"
11a_160_54,"[[9, 7, 10, 6], [15, 9, 16, 8], [19, 12, 20, 13], [5, 16, 6, 17], [21, 5, 22, 4], [3, 19, 4, 18], [1, 10, 2, 11], [11, 2, 12, 3], [13, 20, 14, 21], [17, 1, 18, 22], [7, 15, 8, 14]]"
11a_160_55,"[[8, 16, 9, 15], [10, 8, 11, 7], [16, 10, 17, 9], [20, 13, 21, 14], [6, 17, 7, 18], [22, 6, 1, 5], [4, 20, 5, 19], [2, 11, 3, 12], [12, 3, 13, 4], [14, 21, 15, 22], [18, 2, 19, 1]]"
11a_160_56,"[[18, 2, 19, 1], [8, 16, 9, 15], [10, 8, 11, 7], [16, 10, 17, 9], [20, 13, 21, 14], [6, 17, 7, 18], [22, 6, 1, 5], [4, 20, 5, 19], [2, 11, 3, 12], [12, 3, 13, 4], [14, 21, 15, 22]]"
11a_160_57,"[[14, 21, 15, 22], [18, 2, 19, 1], [8, 16, 9, 15], [10, 8, 11, 7], [16, 10, 17, 9], [20, 13, 21, 14], [6, 17, 7, 18], [22, 6, 1, 5], [4, 20, 5, 19], [2, 11, 3, 12], [12, 3, 13, 4]]"
11a_160_58,"[[12, 3, 13, 4], [14, 21, 15, 22], [18, 2, 19, 1], [8, 16, 9, 15], [10, 8, 11, 7], [16, 10, 17, 9], [20, 13, 21, 14], [6, 17, 7, 18], [22, 6, 1, 5], [4, 20, 5, 19], [2, 11, 3, 12]]"
11a_160_59,"[[2, 11, 3, 12], [12, 3, 13, 4], [14, 21, 15, 22], [18, 2, 19, 1], [8, 16, 9, 15], [10, 8, 11, 7], [16, 10, 17, 9], [20, 13, 21, 14], [6, 17, 7, 18], [22, 6, 1, 5], [4, 20, 5, 19]]"
11a_160_60,"[[4, 20, 5, 19], [2, 11, 3, 12], [12, 3, 13, 4], [14, 21, 15, 22], [18, 2, 19, 1], [8, 16, 9, 15], [10, 8, 11, 7], [16, 10, 17, 9], [20, 13, 21, 14], [6, 17, 7, 18], [22, 6, 1, 5]]"
11a_160_61,"[[22, 6, 1, 5], [4, 20, 5, 19], [2, 11, 3, 12], [12, 3, 13, 4], [14, 21, 15, 22], [18, 2, 19, 1], [8, 16, 9, 15], [10, 8, 11, 7], [16, 10, 17, 9], [20, 13, 21, 14], [6, 17, 7, 18]]"
11a_160_62,"[[6, 17, 7, 18], [22, 6, 1, 5], [4, 20, 5, 19], [2, 11, 3, 12], [12, 3, 13, 4], [14, 21, 15, 22], [18, 2, 19, 1], [8, 16, 9, 15], [10, 8, 11, 7], [16, 10, 17, 9], [20, 13, 21, 14]]"
11a_160_63,"[[20, 13, 21, 14], [6, 17, 7, 18], [22, 6, 1, 5], [4, 20, 5, 19], [2, 11, 3, 12], [12, 3, 13, 4], [14, 21, 15, 22], [18, 2, 19, 1], [8, 16, 9, 15], [10, 8, 11, 7], [16, 10, 17, 9]]"
11a_160_64,"[[16, 10, 17, 9], [20, 13, 21, 14], [6, 17, 7, 18], [22, 6, 1, 5], [4, 20, 5, 19], [2, 11, 3, 12], [12, 3, 13, 4], [14, 21, 15, 22], [18, 2, 19, 1], [8, 16, 9, 15], [10, 8, 11, 7]]"
11a_160_65,"[[10, 8, 11, 7], [16, 10, 17, 9], [20, 13, 21, 14], [6, 17, 7, 18], [22, 6, 1, 5], [4, 20, 5, 19], [2, 11, 3, 12], [12, 3, 13, 4], [14, 21, 15, 22], [18, 2, 19, 1], [8, 16, 9, 15]]"
11a_160_66,"[[9, 17, 10, 16], [11, 9, 12, 8], [17, 11, 18, 10], [21, 14, 22, 15], [7, 18, 8, 19], [1, 7, 2, 6], [5, 21, 6, 20], [3, 12, 4, 13], [13, 4, 14, 5], [15, 22, 16, 1], [19, 3, 20, 2]]"
11a_160_67,"[[19, 3, 20, 2], [9, 17, 10, 16], [11, 9, 12, 8], [17, 11, 18, 10], [21, 14, 22, 15], [7, 18, 8, 19], [1, 7, 2, 6], [5, 21, 6, 20], [3, 12, 4, 13], [13, 4, 14, 5], [15, 22, 16, 1]]"
11a_160_68,"[[15, 22, 16, 1], [19, 3, 20, 2], [9, 17, 10, 16], [11, 9, 12, 8], [17, 11, 18, 10], [21, 14, 22, 15], [7, 18, 8, 19], [1, 7, 2, 6], [5, 21, 6, 20], [3, 12, 4, 13], [13, 4, 14, 5]]"
11a_160_69,"[[13, 4, 14, 5], [15, 22, 16, 1], [19, 3, 20, 2], [9, 17, 10, 16], [11, 9, 12, 8], [17, 11, 18, 10], [21, 14, 22, 15], [7, 18, 8, 19], [1, 7, 2, 6], [5, 21, 6, 20], [3, 12, 4, 13]]"
11a_160_70,"[[3, 12, 4, 13], [13, 4, 14, 5], [15, 22, 16, 1], [19, 3, 20, 2], [9, 17, 10, 16], [11, 9, 12, 8], [17, 11, 18, 10], [21, 14, 22, 15], [7, 18, 8, 19], [1, 7, 2, 6], [5, 21, 6, 20]]"
11a_160_71,"[[5, 21, 6, 20], [3, 12, 4, 13], [13, 4, 14, 5], [15, 22, 16, 1], [19, 3, 20, 2], [9, 17, 10, 16], [11, 9, 12, 8], [17, 11, 18, 10], [21, 14, 22, 15], [7, 18, 8, 19], [1, 7, 2, 6]]"
11a_160_72,"[[1, 7, 2, 6], [5, 21, 6, 20], [3, 12, 4, 13], [13, 4, 14, 5], [15, 22, 16, 1], [19, 3, 20, 2], [9, 17, 10, 16], [11, 9, 12, 8], [17, 11, 18, 10], [21, 14, 22, 15], [7, 18, 8, 19]]"
11a_160_73,"[[7, 18, 8, 19], [1, 7, 2, 6], [5, 21, 6, 20], [3, 12, 4, 13], [13, 4, 14, 5], [15, 22, 16, 1], [19, 3, 20, 2], [9, 17, 10, 16], [11, 9, 12, 8], [17, 11, 18, 10], [21, 14, 22, 15]]"
11a_160_74,"[[21, 14, 22, 15], [7, 18, 8, 19], [1, 7, 2, 6], [5, 21, 6, 20], [3, 12, 4, 13], [13, 4, 14, 5], [15, 22, 16, 1], [19, 3, 20, 2], [9, 17, 10, 16], [11, 9, 12, 8], [17, 11, 18, 10]]"
11a_160_75,"[[17, 11, 18, 10], [21, 14, 22, 15], [7, 18, 8, 19], [1, 7, 2, 6], [5, 21, 6, 20], [3, 12, 4, 13], [13, 4, 14, 5], [15, 22, 16, 1], [19, 3, 20, 2], [9, 17, 10, 16], [11, 9, 12, 8]]"
11a_160_76,"[[11, 9, 12, 8], [17, 11, 18, 10], [21, 14, 22, 15], [7, 18, 8, 19], [1, 7, 2, 6], [5, 21, 6, 20], [3, 12, 4, 13], [13, 4, 14, 5], [15, 22, 16, 1], [19, 3, 20, 2], [9, 17, 10, 16]]"
11a_160_77,"[[10, 18, 11, 17], [12, 10, 13, 9], [18, 12, 19, 11], [22, 15, 1, 16], [8, 19, 9, 20], [2, 8, 3, 7], [6, 22, 7, 21], [4, 13, 5, 14], [14, 5, 15, 6], [16, 1, 17, 2], [20, 4, 21, 3]]"
11a_160_78,"[[20, 4, 21, 3], [10, 18, 11, 17], [12, 10, 13, 9], [18, 12, 19, 11], [22, 15, 1, 16], [8, 19, 9, 20], [2, 8, 3, 7], [6, 22, 7, 21], [4, 13, 5, 14], [14, 5, 15, 6], [16, 1, 17, 2]]"
11a_160_79,"[[16, 1, 17, 2], [20, 4, 21, 3], [10, 18, 11, 17], [12, 10, 13, 9], [18, 12, 19, 11], [22, 15, 1, 16], [8, 19, 9, 20], [2, 8, 3, 7], [6, 22, 7, 21], [4, 13, 5, 14], [14, 5, 15, 6]]"
11a_160_80,"[[14, 5, 15, 6], [16, 1, 17, 2], [20, 4, 21, 3], [10, 18, 11, 17], [12, 10, 13, 9], [18, 12, 19, 11], [22, 15, 1, 16], [8, 19, 9, 20], [2, 8, 3, 7], [6, 22, 7, 21], [4, 13, 5, 14]]"
11a_160_81,"[[4, 13, 5, 14], [14, 5, 15, 6], [16, 1, 17, 2], [20, 4, 21, 3], [10, 18, 11, 17], [12, 10, 13, 9], [18, 12, 19, 11], [22, 15, 1, 16], [8, 19, 9, 20], [2, 8, 3, 7], [6, 22, 7, 21]]"
11a_160_82,"[[6, 22, 7, 21], [4, 13, 5, 14], [14, 5, 15, 6], [16, 1, 17, 2], [20, 4, 21, 3], [10, 18, 11, 17], [12, 10, 13, 9], [18, 12, 19, 11], [22, 15, 1, 16], [8, 19, 9, 20], [2, 8, 3, 7]]"
11a_160_83,"[[2, 8, 3, 7], [6, 22, 7, 21], [4, 13, 5, 14], [14, 5, 15, 6], [16, 1, 17, 2], [20, 4, 21, 3], [10, 18, 11, 17], [12, 10, 13, 9], [18, 12, 19, 11], [22, 15, 1, 16], [8, 19, 9, 20]]"
11a_160_84,"[[8, 19, 9, 20], [2, 8, 3, 7], [6, 22, 7, 21], [4, 13, 5, 14], [14, 5, 15, 6], [16, 1, 17, 2], [20, 4, 21, 3], [10, 18, 11, 17], [12, 10, 13, 9], [18, 12, 19, 11], [22, 15, 1, 16]]"
11a_160_85,"[[22, 15, 1, 16], [8, 19, 9, 20], [2, 8, 3, 7], [6, 22, 7, 21], [4, 13, 5, 14], [14, 5, 15, 6], [16, 1, 17, 2], [20, 4, 21, 3], [10, 18, 11, 17], [12, 10, 13, 9], [18, 12, 19, 11]]"
11a_160_86,"[[18, 12, 19, 11], [22, 15, 1, 16], [8, 19, 9, 20], [2, 8, 3, 7], [6, 22, 7, 21], [4, 13, 5, 14], [14, 5, 15, 6], [16, 1, 17, 2], [20, 4, 21, 3], [10, 18, 11, 17], [12, 10, 13, 9]]"
11a_160_87,"[[12, 10, 13, 9], [18, 12, 19, 11], [22, 15, 1, 16], [8, 19, 9, 20], [2, 8, 3, 7], [6, 22, 7, 21], [4, 13, 5, 14], [14, 5, 15, 6], [16, 1, 17, 2], [20, 4, 21, 3], [10, 18, 11, 17]]"
11a_160_88,"[[11, 19, 12, 18], [13, 11, 14, 10], [19, 13, 20, 12], [1, 16, 2, 17], [9, 20, 10, 21], [3, 9, 4, 8], [7, 1, 8, 22], [5, 14, 6, 15], [15, 6, 16, 7], [17, 2, 18, 3], [21, 5, 22, 4]]"
11a_160_89,"[[21, 5, 22, 4], [11, 19, 12, 18], [13, 11, 14, 10], [19, 13, 20, 12], [1, 16, 2, 17], [9, 20, 10, 21], [3, 9, 4, 8], [7, 1, 8, 22], [5, 14, 6, 15], [15, 6, 16, 7], [17, 2, 18, 3]]"
11a_160_90,"[[17, 2, 18, 3], [21, 5, 22, 4], [11, 19, 12, 18], [13, 11, 14, 10], [19, 13, 20, 12], [1, 16, 2, 17], [9, 20, 10, 21], [3, 9, 4, 8], [7, 1, 8, 22], [5, 14, 6, 15], [15, 6, 16, 7]]"
11a_160_91,"[[15, 6, 16, 7], [17, 2, 18, 3], [21, 5, 22, 4], [11, 19, 12, 18], [13, 11, 14, 10], [19, 13, 20, 12], [1, 16, 2, 17], [9, 20, 10, 21], [3, 9, 4, 8], [7, 1, 8, 22], [5, 14, 6, 15]]"
11a_160_92,"[[5, 14, 6, 15], [15, 6, 16, 7], [17, 2, 18, 3], [21, 5, 22, 4], [11, 19, 12, 18], [13, 11, 14, 10], [19, 13, 20, 12], [1, 16, 2, 17], [9, 20, 10, 21], [3, 9, 4, 8], [7, 1, 8, 22]]"
11a_160_93,"[[7, 1, 8, 22], [5, 14, 6, 15], [15, 6, 16, 7], [17, 2, 18, 3], [21, 5, 22, 4], [11, 19, 12, 18], [13, 11, 14, 10], [19, 13, 20, 12], [1, 16, 2, 17], [9, 20, 10, 21], [3, 9, 4, 8]]"
11a_160_94,"[[3, 9, 4, 8], [7, 1, 8, 22], [5, 14, 6, 15], [15, 6, 16, 7], [17, 2, 18, 3], [21, 5, 22, 4], [11, 19, 12, 18], [13, 11, 14, 10], [19, 13, 20, 12], [1, 16, 2, 17], [9, 20, 10, 21]]"
11a_160_95,"[[9, 20, 10, 21], [3, 9, 4, 8], [7, 1, 8, 22], [5, 14, 6, 15], [15, 6, 16, 7], [17, 2, 18, 3], [21, 5, 22, 4], [11, 19, 12, 18], [13, 11, 14, 10], [19, 13, 20, 12], [1, 16, 2, 17]]"
11a_160_96,"[[1, 16, 2, 17], [9, 20, 10, 21], [3, 9, 4, 8], [7, 1, 8, 22], [5, 14, 6, 15], [15, 6, 16, 7], [17, 2, 18, 3], [21, 5, 22, 4], [11, 19, 12, 18], [13, 11, 14, 10], [19, 13, 20, 12]]"
11a_160_97,"[[19, 13, 20, 12], [1, 16, 2, 17], [9, 20, 10, 21], [3, 9, 4, 8], [7, 1, 8, 22], [5, 14, 6, 15], [15, 6, 16, 7], [17, 2, 18, 3], [21, 5, 22, 4], [11, 19, 12, 18], [13, 11, 14, 10]]"
11a_160_98,"[[13, 11, 14, 10], [19, 13, 20, 12], [1, 16, 2, 17], [9, 20, 10, 21], [3, 9, 4, 8], [7, 1, 8, 22], [5, 14, 6, 15], [15, 6, 16, 7], [17, 2, 18, 3], [21, 5, 22, 4], [11, 19, 12, 18]]"
11a_160_99,"[[12, 20, 13, 19], [14, 12, 15, 11], [20, 14, 21, 13], [2, 17, 3, 18], [10, 21, 11, 22], [4, 10, 5, 9], [8, 2, 9, 1], [6, 15, 7, 16], [16, 7, 17, 8], [18, 3, 19, 4], [22, 6, 1, 5]]"
11a_160_100,"[[22, 6, 1, 5], [12, 20, 13, 19], [14, 12, 15, 11], [20, 14, 21, 13], [2, 17, 3, 18], [10, 21, 11, 22], [4, 10, 5, 9], [8, 2, 9, 1], [6, 15, 7, 16], [16, 7, 17, 8], [18, 3, 19, 4]]"
11a_160_101,"[[18, 3, 19, 4], [22, 6, 1, 5], [12, 20, 13, 19], [14, 12, 15, 11], [20, 14, 21, 13], [2, 17, 3, 18], [10, 21, 11, 22], [4, 10, 5, 9], [8, 2, 9, 1], [6, 15, 7, 16], [16, 7, 17, 8]]"
11a_160_102,"[[16, 7, 17, 8], [18, 3, 19, 4], [22, 6, 1, 5], [12, 20, 13, 19], [14, 12, 15, 11], [20, 14, 21, 13], [2, 17, 3, 18], [10, 21, 11, 22], [4, 10, 5, 9], [8, 2, 9, 1], [6, 15, 7, 16]]"
11a_160_103,"[[6, 15, 7, 16], [16, 7, 17, 8], [18, 3, 19, 4], [22, 6, 1, 5], [12, 20, 13, 19], [14, 12, 15, 11], [20, 14, 21, 13], [2, 17, 3, 18], [10, 21, 11, 22], [4, 10, 5, 9], [8, 2, 9, 1]]"
11a_160_104,"[[8, 2, 9, 1], [6, 15, 7, 16], [16, 7, 17, 8], [18, 3, 19, 4], [22, 6, 1, 5], [12, 20, 13, 19], [14, 12, 15, 11], [20, 14, 21, 13], [2, 17, 3, 18], [10, 21, 11, 22], [4, 10, 5, 9]]"
11a_160_105,"[[4, 10, 5, 9], [8, 2, 9, 1], [6, 15, 7, 16], [16, 7, 17, 8], [18, 3, 19, 4], [22, 6, 1, 5], [12, 20, 13, 19], [14, 12, 15, 11], [20, 14, 21, 13], [2, 17, 3, 18], [10, 21, 11, 22]]"
11a_160_106,"[[10, 21, 11, 22], [4, 10, 5, 9], [8, 2, 9, 1], [6, 15, 7, 16], [16, 7, 17, 8], [18, 3, 19, 4], [22, 6, 1, 5], [12, 20, 13, 19], [14, 12, 15, 11], [20, 14, 21, 13], [2, 17, 3, 18]]"
11a_160_107,"[[2, 17, 3, 18], [10, 21, 11, 22], [4, 10, 5, 9], [8, 2, 9, 1], [6, 15, 7, 16], [16, 7, 17, 8], [18, 3, 19, 4], [22, 6, 1, 5], [12, 20, 13, 19], [14, 12, 15, 11], [20, 14, 21, 13]]"
11a_160_108,"[[20, 14, 21, 13], [2, 17, 3, 18], [10, 21, 11, 22], [4, 10, 5, 9], [8, 2, 9, 1], [6, 15, 7, 16], [16, 7, 17, 8], [18, 3, 19, 4], [22, 6, 1, 5], [12, 20, 13, 19], [14, 12, 15, 11]]"
11a_160_109,"[[14, 12, 15, 11], [20, 14, 21, 13], [2, 17, 3, 18], [10, 21, 11, 22], [4, 10, 5, 9], [8, 2, 9, 1], [6, 15, 7, 16], [16, 7, 17, 8], [18, 3, 19, 4], [22, 6, 1, 5], [12, 20, 13, 19]]"
11a_160_110,"[[13, 21, 14, 20], [15, 13, 16, 12], [21, 15, 22, 14], [3, 18, 4, 19], [11, 22, 12, 1], [5, 11, 6, 10], [9, 3, 10, 2], [7, 16, 8, 17], [17, 8, 18, 9], [19, 4, 20, 5], [1, 7, 2, 6]]"
11a_160_111,"[[1, 7, 2, 6], [13, 21, 14, 20], [15, 13, 16, 12], [21, 15, 22, 14], [3, 18, 4, 19], [11, 22, 12, 1], [5, 11, 6, 10], [9, 3, 10, 2], [7, 16, 8, 17], [17, 8, 18, 9], [19, 4, 20, 5]]"
11a_160_112,"[[19, 4, 20, 5], [1, 7, 2, 6], [13, 21, 14, 20], [15, 13, 16, 12], [21, 15, 22, 14], [3, 18, 4, 19], [11, 22, 12, 1], [5, 11, 6, 10], [9, 3, 10, 2], [7, 16, 8, 17], [17, 8, 18, 9]]"
11a_160_113,"[[17, 8, 18, 9], [19, 4, 20, 5], [1, 7, 2, 6], [13, 21, 14, 20], [15, 13, 16, 12], [21, 15, 22, 14], [3, 18, 4, 19], [11, 22, 12, 1], [5, 11, 6, 10], [9, 3, 10, 2], [7, 16, 8, 17]]"
11a_160_114,"[[7, 16, 8, 17], [17, 8, 18, 9], [19, 4, 20, 5], [1, 7, 2, 6], [13, 21, 14, 20], [15, 13, 16, 12], [21, 15, 22, 14], [3, 18, 4, 19], [11, 22, 12, 1], [5, 11, 6, 10], [9, 3, 10, 2]]"
11a_160_115,"[[9, 3, 10, 2], [7, 16, 8, 17], [17, 8, 18, 9], [19, 4, 20, 5], [1, 7, 2, 6], [13, 21, 14, 20], [15, 13, 16, 12], [21, 15, 22, 14], [3, 18, 4, 19], [11, 22, 12, 1], [5, 11, 6, 10]]"
11a_160_116,"[[5, 11, 6, 10], [9, 3, 10, 2], [7, 16, 8, 17], [17, 8, 18, 9], [19, 4, 20, 5], [1, 7, 2, 6], [13, 21, 14, 20], [15, 13, 16, 12], [21, 15, 22, 14], [3, 18, 4, 19], [11, 22, 12, 1]]"
11a_160_117,"[[11, 22, 12, 1], [5, 11, 6, 10], [9, 3, 10, 2], [7, 16, 8, 17], [17, 8, 18, 9], [19, 4, 20, 5], [1, 7, 2, 6], [13, 21, 14, 20], [15, 13, 16, 12], [21, 15, 22, 14], [3, 18, 4, 19]]"
11a_160_118,"[[3, 18, 4, 19], [11, 22, 12, 1], [5, 11, 6, 10], [9, 3, 10, 2], [7, 16, 8, 17], [17, 8, 18, 9], [19, 4, 20, 5], [1, 7, 2, 6], [13, 21, 14, 20], [15, 13, 16, 12], [21, 15, 22, 14]]"
11a_160_119,"[[21, 15, 22, 14], [3, 18, 4, 19], [11, 22, 12, 1], [5, 11, 6, 10], [9, 3, 10, 2], [7, 16, 8, 17], [17, 8, 18, 9], [19, 4, 20, 5], [1, 7, 2, 6], [13, 21, 14, 20], [15, 13, 16, 12]]"
11a_160_120,"[[15, 13, 16, 12], [21, 15, 22, 14], [3, 18, 4, 19], [11, 22, 12, 1], [5, 11, 6, 10], [9, 3, 10, 2], [7, 16, 8, 17], [17, 8, 18, 9], [19, 4, 20, 5], [1, 7, 2, 6], [13, 21, 14, 20]]"
11a_160_121,"[[14, 22, 15, 21], [16, 14, 17, 13], [22, 16, 1, 15], [4, 19, 5, 20], [12, 1, 13, 2], [6, 12, 7, 11], [10, 4, 11, 3], [8, 17, 9, 18], [18, 9, 19, 10], [20, 5, 21, 6], [2, 8, 3, 7]]"
11a_160_122,"[[2, 8, 3, 7], [14, 22, 15, 21], [16, 14, 17, 13], [22, 16, 1, 15], [4, 19, 5, 20], [12, 1, 13, 2], [6, 12, 7, 11], [10, 4, 11, 3], [8, 17, 9, 18], [18, 9, 19, 10], [20, 5, 21, 6]]"
11a_160_123,"[[20, 5, 21, 6], [2, 8, 3, 7], [14, 22, 15, 21], [16, 14, 17, 13], [22, 16, 1, 15], [4, 19, 5, 20], [12, 1, 13, 2], [6, 12, 7, 11], [10, 4, 11, 3], [8, 17, 9, 18], [18, 9, 19, 10]]"
11a_160_124,"[[18, 9, 19, 10], [20, 5, 21, 6], [2, 8, 3, 7], [14, 22, 15, 21], [16, 14, 17, 13], [22, 16, 1, 15], [4, 19, 5, 20], [12, 1, 13, 2], [6, 12, 7, 11], [10, 4, 11, 3], [8, 17, 9, 18]]"
11a_160_125,"[[8, 17, 9, 18], [18, 9, 19, 10], [20, 5, 21, 6], [2, 8, 3, 7], [14, 22, 15, 21], [16, 14, 17, 13], [22, 16, 1, 15], [4, 19, 5, 20], [12, 1, 13, 2], [6, 12, 7, 11], [10, 4, 11, 3]]"
11a_160_126,"[[10, 4, 11, 3], [8, 17, 9, 18], [18, 9, 19, 10], [20, 5, 21, 6], [2, 8, 3, 7], [14, 22, 15, 21], [16, 14, 17, 13], [22, 16, 1, 15], [4, 19, 5, 20], [12, 1, 13, 2], [6, 12, 7, 11]]"
11a_160_127,"[[6, 12, 7, 11], [10, 4, 11, 3], [8, 17, 9, 18], [18, 9, 19, 10], [20, 5, 21, 6], [2, 8, 3, 7], [14, 22, 15, 21], [16, 14, 17, 13], [22, 16, 1, 15], [4, 19, 5, 20], [12, 1, 13, 2]]"
11a_160_128,"[[12, 1, 13, 2], [6, 12, 7, 11], [10, 4, 11, 3], [8, 17, 9, 18], [18, 9, 19, 10], [20, 5, 21, 6], [2, 8, 3, 7], [14, 22, 15, 21], [16, 14, 17, 13], [22, 16, 1, 15], [4, 19, 5, 20]]"
11a_160_129,"[[4, 19, 5, 20], [12, 1, 13, 2], [6, 12, 7, 11], [10, 4, 11, 3], [8, 17, 9, 18], [18, 9, 19, 10], [20, 5, 21, 6], [2, 8, 3, 7], [14, 22, 15, 21], [16, 14, 17, 13], [22, 16, 1, 15]]"
11a_160_130,"[[22, 16, 1, 15], [4, 19, 5, 20], [12, 1, 13, 2], [6, 12, 7, 11], [10, 4, 11, 3], [8, 17, 9, 18], [18, 9, 19, 10], [20, 5, 21, 6], [2, 8, 3, 7], [14, 22, 15, 21], [16, 14, 17, 13]]"
11a_160_131,"[[16, 14, 17, 13], [22, 16, 1, 15], [4, 19, 5, 20], [12, 1, 13, 2], [6, 12, 7, 11], [10, 4, 11, 3], [8, 17, 9, 18], [18, 9, 19, 10], [20, 5, 21, 6], [2, 8, 3, 7], [14, 22, 15, 21]]"
11a_160_132,"[[15, 1, 16, 22], [17, 15, 18, 14], [1, 17, 2, 16], [5, 20, 6, 21], [13, 2, 14, 3], [7, 13, 8, 12], [11, 5, 12, 4], [9, 18, 10, 19], [19, 10, 20, 11], [21, 6, 22, 7], [3, 9, 4, 8]]"
11a_160_133,"[[3, 9, 4, 8], [15, 1, 16, 22], [17, 15, 18, 14], [1, 17, 2, 16], [5, 20, 6, 21], [13, 2, 14, 3], [7, 13, 8, 12], [11, 5, 12, 4], [9, 18, 10, 19], [19, 10, 20, 11], [21, 6, 22, 7]]"
11a_160_134,"[[21, 6, 22, 7], [3, 9, 4, 8], [15, 1, 16, 22], [17, 15, 18, 14], [1, 17, 2, 16], [5, 20, 6, 21], [13, 2, 14, 3], [7, 13, 8, 12], [11, 5, 12, 4], [9, 18, 10, 19], [19, 10, 20, 11]]"
11a_160_135,"[[19, 10, 20, 11], [21, 6, 22, 7], [3, 9, 4, 8], [15, 1, 16, 22], [17, 15, 18, 14], [1, 17, 2, 16], [5, 20, 6, 21], [13, 2, 14, 3], [7, 13, 8, 12], [11, 5, 12, 4], [9, 18, 10, 19]]"
11a_160_136,"[[9, 18, 10, 19], [19, 10, 20, 11], [21, 6, 22, 7], [3, 9, 4, 8], [15, 1, 16, 22], [17, 15, 18, 14], [1, 17, 2, 16], [5, 20, 6, 21], [13, 2, 14, 3], [7, 13, 8, 12], [11, 5, 12, 4]]"
11a_160_137,"[[11, 5, 12, 4], [9, 18, 10, 19], [19, 10, 20, 11], [21, 6, 22, 7], [3, 9, 4, 8], [15, 1, 16, 22], [17, 15, 18, 14], [1, 17, 2, 16], [5, 20, 6, 21], [13, 2, 14, 3], [7, 13, 8, 12]]"
11a_160_138,"[[7, 13, 8, 12], [11, 5, 12, 4], [9, 18, 10, 19], [19, 10, 20, 11], [21, 6, 22, 7], [3, 9, 4, 8], [15, 1, 16, 22], [17, 15, 18, 14], [1, 17, 2, 16], [5, 20, 6, 21], [13, 2, 14, 3]]"
11a_160_139,"[[13, 2, 14, 3], [7, 13, 8, 12], [11, 5, 12, 4], [9, 18, 10, 19], [19, 10, 20, 11], [21, 6, 22, 7], [3, 9, 4, 8], [15, 1, 16, 22], [17, 15, 18, 14], [1, 17, 2, 16], [5, 20, 6, 21]]"
11a_160_140,"[[5, 20, 6, 21], [13, 2, 14, 3], [7, 13, 8, 12], [11, 5, 12, 4], [9, 18, 10, 19], [19, 10, 20, 11], [21, 6, 22, 7], [3, 9, 4, 8], [15, 1, 16, 22], [17, 15, 18, 14], [1, 17, 2, 16]]"
11a_160_141,"[[1, 17, 2, 16], [5, 20, 6, 21], [13, 2, 14, 3], [7, 13, 8, 12], [11, 5, 12, 4], [9, 18, 10, 19], [19, 10, 20, 11], [21, 6, 22, 7], [3, 9, 4, 8], [15, 1, 16, 22], [17, 15, 18, 14]]"
11a_160_142,"[[17, 15, 18, 14], [1, 17, 2, 16], [5, 20, 6, 21], [13, 2, 14, 3], [7, 13, 8, 12], [11, 5, 12, 4], [9, 18, 10, 19], [19, 10, 20, 11], [21, 6, 22, 7], [3, 9, 4, 8], [15, 1, 16, 22]]"
11a_160_143,"[[16, 2, 17, 1], [18, 16, 19, 15], [2, 18, 3, 17], [6, 21, 7, 22], [14, 3, 15, 4], [8, 14, 9, 13], [12, 6, 13, 5], [10, 19, 11, 20], [20, 11, 21, 12], [22, 7, 1, 8], [4, 10, 5, 9]]"
11a_160_144,"[[4, 10, 5, 9], [16, 2, 17, 1], [18, 16, 19, 15], [2, 18, 3, 17], [6, 21, 7, 22], [14, 3, 15, 4], [8, 14, 9, 13], [12, 6, 13, 5], [10, 19, 11, 20], [20, 11, 21, 12], [22, 7, 1, 8]]"
11a_160_145,"[[22, 7, 1, 8], [4, 10, 5, 9], [16, 2, 17, 1], [18, 16, 19, 15], [2, 18, 3, 17], [6, 21, 7, 22], [14, 3, 15, 4], [8, 14, 9, 13], [12, 6, 13, 5], [10, 19, 11, 20], [20, 11, 21, 12]]"
11a_160_146,"[[20, 11, 21, 12], [22, 7, 1, 8], [4, 10, 5, 9], [16, 2, 17, 1], [18, 16, 19, 15], [2, 18, 3, 17], [6, 21, 7, 22], [14, 3, 15, 4], [8, 14, 9, 13], [12, 6, 13, 5], [10, 19, 11, 20]]"
11a_160_147,"[[10, 19, 11, 20], [20, 11, 21, 12], [22, 7, 1, 8], [4, 10, 5, 9], [16, 2, 17, 1], [18, 16, 19, 15], [2, 18, 3, 17], [6, 21, 7, 22], [14, 3, 15, 4], [8, 14, 9, 13], [12, 6, 13, 5]]"
11a_160_148,"[[12, 6, 13, 5], [10, 19, 11, 20], [20, 11, 21, 12], [22, 7, 1, 8], [4, 10, 5, 9], [16, 2, 17, 1], [18, 16, 19, 15], [2, 18, 3, 17], [6, 21, 7, 22], [14, 3, 15, 4], [8, 14, 9, 13]]"
11a_160_149,"[[8, 14, 9, 13], [12, 6, 13, 5], [10, 19, 11, 20], [20, 11, 21, 12], [22, 7, 1, 8], [4, 10, 5, 9], [16, 2, 17, 1], [18, 16, 19, 15], [2, 18, 3, 17], [6, 21, 7, 22], [14, 3, 15, 4]]"
11a_160_150,"[[14, 3, 15, 4], [8, 14, 9, 13], [12, 6, 13, 5], [10, 19, 11, 20], [20, 11, 21, 12], [22, 7, 1, 8], [4, 10, 5, 9], [16, 2, 17, 1], [18, 16, 19, 15], [2, 18, 3, 17], [6, 21, 7, 22]]"
11a_160_151,"[[6, 21, 7, 22], [14, 3, 15, 4], [8, 14, 9, 13], [12, 6, 13, 5], [10, 19, 11, 20], [20, 11, 21, 12], [22, 7, 1, 8], [4, 10, 5, 9], [16, 2, 17, 1], [18, 16, 19, 15], [2, 18, 3, 17]]"
11a_160_152,"[[2, 18, 3, 17], [6, 21, 7, 22], [14, 3, 15, 4], [8, 14, 9, 13], [12, 6, 13, 5], [10, 19, 11, 20], [20, 11, 21, 12], [22, 7, 1, 8], [4, 10, 5, 9], [16, 2, 17, 1], [18, 16, 19, 15]]"
11a_160_153,"[[18, 16, 19, 15], [2, 18, 3, 17], [6, 21, 7, 22], [14, 3, 15, 4], [8, 14, 9, 13], [12, 6, 13, 5], [10, 19, 11, 20], [20, 11, 21, 12], [22, 7, 1, 8], [4, 10, 5, 9], [16, 2, 17, 1]]"
11a_160_154,"[[17, 3, 18, 2], [19, 17, 20, 16], [3, 19, 4, 18], [7, 22, 8, 1], [15, 4, 16, 5], [9, 15, 10, 14], [13, 7, 14, 6], [11, 20, 12, 21], [21, 12, 22, 13], [1, 8, 2, 9], [5, 11, 6, 10]]"
11a_160_155,"[[5, 11, 6, 10], [17, 3, 18, 2], [19, 17, 20, 16], [3, 19, 4, 18], [7, 22, 8, 1], [15, 4, 16, 5], [9, 15, 10, 14], [13, 7, 14, 6], [11, 20, 12, 21], [21, 12, 22, 13], [1, 8, 2, 9]]"
11a_160_156,"[[1, 8, 2, 9], [5, 11, 6, 10], [17, 3, 18, 2], [19, 17, 20, 16], [3, 19, 4, 18], [7, 22, 8, 1], [15, 4, 16, 5], [9, 15, 10, 14], [13, 7, 14, 6], [11, 20, 12, 21], [21, 12, 22, 13]]"
11a_160_157,"[[21, 12, 22, 13], [1, 8, 2, 9], [5, 11, 6, 10], [17, 3, 18, 2], [19, 17, 20, 16], [3, 19, 4, 18], [7, 22, 8, 1], [15, 4, 16, 5], [9, 15, 10, 14], [13, 7, 14, 6], [11, 20, 12, 21]]"
11a_160_158,"[[11, 20, 12, 21], [21, 12, 22, 13], [1, 8, 2, 9], [5, 11, 6, 10], [17, 3, 18, 2], [19, 17, 20, 16], [3, 19, 4, 18], [7, 22, 8, 1], [15, 4, 16, 5], [9, 15, 10, 14], [13, 7, 14, 6]]"
11a_160_159,"[[13, 7, 14, 6], [11, 20, 12, 21], [21, 12, 22, 13], [1, 8, 2, 9], [5, 11, 6, 10], [17, 3, 18, 2], [19, 17, 20, 16], [3, 19, 4, 18], [7, 22, 8, 1], [15, 4, 16, 5], [9, 15, 10, 14]]"
11a_160_160,"[[9, 15, 10, 14], [13, 7, 14, 6], [11, 20, 12, 21], [21, 12, 22, 13], [1, 8, 2, 9], [5, 11, 6, 10], [17, 3, 18, 2], [19, 17, 20, 16], [3, 19, 4, 18], [7, 22, 8, 1], [15, 4, 16, 5]]"
11a_160_161,"[[15, 4, 16, 5], [9, 15, 10, 14], [13, 7, 14, 6], [11, 20, 12, 21], [21, 12, 22, 13], [1, 8, 2, 9], [5, 11, 6, 10], [17, 3, 18, 2], [19, 17, 20, 16], [3, 19, 4, 18], [7, 22, 8, 1]]"
11a_160_162,"[[7, 22, 8, 1], [15, 4, 16, 5], [9, 15, 10, 14], [13, 7, 14, 6], [11, 20, 12, 21], [21, 12, 22, 13], [1, 8, 2, 9], [5, 11, 6, 10], [17, 3, 18, 2], [19, 17, 20, 16], [3, 19, 4, 18]]"
11a_160_163,"[[3, 19, 4, 18], [7, 22, 8, 1], [15, 4, 16, 5], [9, 15, 10, 14], [13, 7, 14, 6], [11, 20, 12, 21], [21, 12, 22, 13], [1, 8, 2, 9], [5, 11, 6, 10], [17, 3, 18, 2], [19, 17, 20, 16]]"
11a_160_164,"[[19, 17, 20, 16], [3, 19, 4, 18], [7, 22, 8, 1], [15, 4, 16, 5], [9, 15, 10, 14], [13, 7, 14, 6], [11, 20, 12, 21], [21, 12, 22, 13], [1, 8, 2, 9], [5, 11, 6, 10], [17, 3, 18, 2]]"
11a_160_165,"[[18, 4, 19, 3], [20, 18, 21, 17], [4, 20, 5, 19], [8, 1, 9, 2], [16, 5, 17, 6], [10, 16, 11, 15], [14, 8, 15, 7], [12, 21, 13, 22], [22, 13, 1, 14], [2, 9, 3, 10], [6, 12, 7, 11]]"
11a_160_166,"[[6, 12, 7, 11], [18, 4, 19, 3], [20, 18, 21, 17], [4, 20, 5, 19], [8, 1, 9, 2], [16, 5, 17, 6], [10, 16, 11, 15], [14, 8, 15, 7], [12, 21, 13, 22], [22, 13, 1, 14], [2, 9, 3, 10]]"
11a_160_167,"[[2, 9, 3, 10], [6, 12, 7, 11], [18, 4, 19, 3], [20, 18, 21, 17], [4, 20, 5, 19], [8, 1, 9, 2], [16, 5, 17, 6], [10, 16, 11, 15], [14, 8, 15, 7], [12, 21, 13, 22], [22, 13, 1, 14]]"
11a_160_168,"[[22, 13, 1, 14], [2, 9, 3, 10], [6, 12, 7, 11], [18, 4, 19, 3], [20, 18, 21, 17], [4, 20, 5, 19], [8, 1, 9, 2], [16, 5, 17, 6], [10, 16, 11, 15], [14, 8, 15, 7], [12, 21, 13, 22]]"
11a_160_169,"[[12, 21, 13, 22], [22, 13, 1, 14], [2, 9, 3, 10], [6, 12, 7, 11], [18, 4, 19, 3], [20, 18, 21, 17], [4, 20, 5, 19], [8, 1, 9, 2], [16, 5, 17, 6], [10, 16, 11, 15], [14, 8, 15, 7]]"
11a_160_170,"[[14, 8, 15, 7], [12, 21, 13, 22], [22, 13, 1, 14], [2, 9, 3, 10], [6, 12, 7, 11], [18, 4, 19, 3], [20, 18, 21, 17], [4, 20, 5, 19], [8, 1, 9, 2], [16, 5, 17, 6], [10, 16, 11, 15]]"
11a_160_171,"[[10, 16, 11, 15], [14, 8, 15, 7], [12, 21, 13, 22], [22, 13, 1, 14], [2, 9, 3, 10], [6, 12, 7, 11], [18, 4, 19, 3], [20, 18, 21, 17], [4, 20, 5, 19], [8, 1, 9, 2], [16, 5, 17, 6]]"
11a_160_172,"[[16, 5, 17, 6], [10, 16, 11, 15], [14, 8, 15, 7], [12, 21, 13, 22], [22, 13, 1, 14], [2, 9, 3, 10], [6, 12, 7, 11], [18, 4, 19, 3], [20, 18, 21, 17], [4, 20, 5, 19], [8, 1, 9, 2]]"
11a_160_173,"[[8, 1, 9, 2], [16, 5, 17, 6], [10, 16, 11, 15], [14, 8, 15, 7], [12, 21, 13, 22], [22, 13, 1, 14], [2, 9, 3, 10], [6, 12, 7, 11], [18, 4, 19, 3], [20, 18, 21, 17], [4, 20, 5, 19]]"
11a_160_174,"[[4, 20, 5, 19], [8, 1, 9, 2], [16, 5, 17, 6], [10, 16, 11, 15], [14, 8, 15, 7], [12, 21, 13, 22], [22, 13, 1, 14], [2, 9, 3, 10], [6, 12, 7, 11], [18, 4, 19, 3], [20, 18, 21, 17]]"
11a_160_175,"[[20, 18, 21, 17], [4, 20, 5, 19], [8, 1, 9, 2], [16, 5, 17, 6], [10, 16, 11, 15], [14, 8, 15, 7], [12, 21, 13, 22], [22, 13, 1, 14], [2, 9, 3, 10], [6, 12, 7, 11], [18, 4, 19, 3]]"
11a_160_176,"[[19, 5, 20, 4], [21, 19, 22, 18], [5, 21, 6, 20], [9, 2, 10, 3], [17, 6, 18, 7], [11, 17, 12, 16], [15, 9, 16, 8], [13, 22, 14, 1], [1, 14, 2, 15], [3, 10, 4, 11], [7, 13, 8, 12]]"
11a_160_177,"[[7, 13, 8, 12], [19, 5, 20, 4], [21, 19, 22, 18], [5, 21, 6, 20], [9, 2, 10, 3], [17, 6, 18, 7], [11, 17, 12, 16], [15, 9, 16, 8], [13, 22, 14, 1], [1, 14, 2, 15], [3, 10, 4, 11]]"
11a_160_178,"[[3, 10, 4, 11], [7, 13, 8, 12], [19, 5, 20, 4], [21, 19, 22, 18], [5, 21, 6, 20], [9, 2, 10, 3], [17, 6, 18, 7], [11, 17, 12, 16], [15, 9, 16, 8], [13, 22, 14, 1], [1, 14, 2, 15]]"
11a_160_179,"[[1, 14, 2, 15], [3, 10, 4, 11], [7, 13, 8, 12], [19, 5, 20, 4], [21, 19, 22, 18], [5, 21, 6, 20], [9, 2, 10, 3], [17, 6, 18, 7], [11, 17, 12, 16], [15, 9, 16, 8], [13, 22, 14, 1]]"
11a_160_180,"[[13, 22, 14, 1], [1, 14, 2, 15], [3, 10, 4, 11], [7, 13, 8, 12], [19, 5, 20, 4], [21, 19, 22, 18], [5, 21, 6, 20], [9, 2, 10, 3], [17, 6, 18, 7], [11, 17, 12, 16], [15, 9, 16, 8]]"
11a_160_181,"[[15, 9, 16, 8], [13, 22, 14, 1], [1, 14, 2, 15], [3, 10, 4, 11], [7, 13, 8, 12], [19, 5, 20, 4], [21, 19, 22, 18], [5, 21, 6, 20], [9, 2, 10, 3], [17, 6, 18, 7], [11, 17, 12, 16]]"
11a_160_182,"[[11, 17, 12, 16], [15, 9, 16, 8], [13, 22, 14, 1], [1, 14, 2, 15], [3, 10, 4, 11], [7, 13, 8, 12], [19, 5, 20, 4], [21, 19, 22, 18], [5, 21, 6, 20], [9, 2, 10, 3], [17, 6, 18, 7]]"
11a_160_183,"[[17, 6, 18, 7], [11, 17, 12, 16], [15, 9, 16, 8], [13, 22, 14, 1], [1, 14, 2, 15], [3, 10, 4, 11], [7, 13, 8, 12], [19, 5, 20, 4], [21, 19, 22, 18], [5, 21, 6, 20], [9, 2, 10, 3]]"
11a_160_184,"[[9, 2, 10, 3], [17, 6, 18, 7], [11, 17, 12, 16], [15, 9, 16, 8], [13, 22, 14, 1], [1, 14, 2, 15], [3, 10, 4, 11], [7, 13, 8, 12], [19, 5, 20, 4], [21, 19, 22, 18], [5, 21, 6, 20]]"
11a_160_185,"[[5, 21, 6, 20], [9, 2, 10, 3], [17, 6, 18, 7], [11, 17, 12, 16], [15, 9, 16, 8], [13, 22, 14, 1], [1, 14, 2, 15], [3, 10, 4, 11], [7, 13, 8, 12], [19, 5, 20, 4], [21, 19, 22, 18]]"
11a_160_186,"[[21, 19, 22, 18], [5, 21, 6, 20], [9, 2, 10, 3], [17, 6, 18, 7], [11, 17, 12, 16], [15, 9, 16, 8], [13, 22, 14, 1], [1, 14, 2, 15], [3, 10, 4, 11], [7, 13, 8, 12], [19, 5, 20, 4]]"
11a_160_187,"[[20, 6, 21, 5], [22, 20, 1, 19], [6, 22, 7, 21], [10, 3, 11, 4], [18, 7, 19, 8], [12, 18, 13, 17], [16, 10, 17, 9], [14, 1, 15, 2], [2, 15, 3, 16], [4, 11, 5, 12], [8, 14, 9, 13]]"
11a_160_188,"[[8, 14, 9, 13], [20, 6, 21, 5], [22, 20, 1, 19], [6, 22, 7, 21], [10, 3, 11, 4], [18, 7, 19, 8], [12, 18, 13, 17], [16, 10, 17, 9], [14, 1, 15, 2], [2, 15, 3, 16], [4, 11, 5, 12]]"
11a_160_189,"[[4, 11, 5, 12], [8, 14, 9, 13], [20, 6, 21, 5], [22, 20, 1, 19], [6, 22, 7, 21], [10, 3, 11, 4], [18, 7, 19, 8], [12, 18, 13, 17], [16, 10, 17, 9], [14, 1, 15, 2], [2, 15, 3, 16]]"
11a_160_190,"[[2, 15, 3, 16], [4, 11, 5, 12], [8, 14, 9, 13], [20, 6, 21, 5], [22, 20, 1, 19], [6, 22, 7, 21], [10, 3, 11, 4], [18, 7, 19, 8], [12, 18, 13, 17], [16, 10, 17, 9], [14, 1, 15, 2]]"
11a_160_191,"[[14, 1, 15, 2], [2, 15, 3, 16], [4, 11, 5, 12], [8, 14, 9, 13], [20, 6, 21, 5], [22, 20, 1, 19], [6, 22, 7, 21], [10, 3, 11, 4], [18, 7, 19, 8], [12, 18, 13, 17], [16, 10, 17, 9]]"
11a_160_192,"[[16, 10, 17, 9], [14, 1, 15, 2], [2, 15, 3, 16], [4, 11, 5, 12], [8, 14, 9, 13], [20, 6, 21, 5], [22, 20, 1, 19], [6, 22, 7, 21], [10, 3, 11, 4], [18, 7, 19, 8], [12, 18, 13, 17]]"
11a_160_193,"[[12, 18, 13, 17], [16, 10, 17, 9], [14, 1, 15, 2], [2, 15, 3, 16], [4, 11, 5, 12], [8, 14, 9, 13], [20, 6, 21, 5], [22, 20, 1, 19], [6, 22, 7, 21], [10, 3, 11, 4], [18, 7, 19, 8]]"
11a_160_194,"[[18, 7, 19, 8], [12, 18, 13, 17], [16, 10, 17, 9], [14, 1, 15, 2], [2, 15, 3, 16], [4, 11, 5, 12], [8, 14, 9, 13], [20, 6, 21, 5], [22, 20, 1, 19], [6, 22, 7, 21], [10, 3, 11, 4]]"
11a_160_195,"[[10, 3, 11, 4], [18, 7, 19, 8], [12, 18, 13, 17], [16, 10, 17, 9], [14, 1, 15, 2], [2, 15, 3, 16], [4, 11, 5, 12], [8, 14, 9, 13], [20, 6, 21, 5], [22, 20, 1, 19], [6, 22, 7, 21]]"
11a_160_196,"[[6, 22, 7, 21], [10, 3, 11, 4], [18, 7, 19, 8], [12, 18, 13, 17], [16, 10, 17, 9], [14, 1, 15, 2], [2, 15, 3, 16], [4, 11, 5, 12], [8, 14, 9, 13], [20, 6, 21, 5], [22, 20, 1, 19]]"
11a_160_197,"[[22, 20, 1, 19], [6, 22, 7, 21], [10, 3, 11, 4], [18, 7, 19, 8], [12, 18, 13, 17], [16, 10, 17, 9], [14, 1, 15, 2], [2, 15, 3, 16], [4, 11, 5, 12], [8, 14, 9, 13], [20, 6, 21, 5]]"
11a_160_198,"[[21, 7, 22, 6], [1, 21, 2, 20], [7, 1, 8, 22], [11, 4, 12, 5], [19, 8, 20, 9], [13, 19, 14, 18], [17, 11, 18, 10], [15, 2, 16, 3], [3, 16, 4, 17], [5, 12, 6, 13], [9, 15, 10, 14]]"
11a_160_199,"[[9, 15, 10, 14], [21, 7, 22, 6], [1, 21, 2, 20], [7, 1, 8, 22], [11, 4, 12, 5], [19, 8, 20, 9], [13, 19, 14, 18], [17, 11, 18, 10], [15, 2, 16, 3], [3, 16, 4, 17], [5, 12, 6, 13]]"
11a_160_200,"[[5, 12, 6, 13], [9, 15, 10, 14], [21, 7, 22, 6], [1, 21, 2, 20], [7, 1, 8, 22], [11, 4, 12, 5], [19, 8, 20, 9], [13, 19, 14, 18], [17, 11, 18, 10], [15, 2, 16, 3], [3, 16, 4, 17]]"
11a_160_201,"[[3, 16, 4, 17], [5, 12, 6, 13], [9, 15, 10, 14], [21, 7, 22, 6], [1, 21, 2, 20], [7, 1, 8, 22], [11, 4, 12, 5], [19, 8, 20, 9], [13, 19, 14, 18], [17, 11, 18, 10], [15, 2, 16, 3]]"
11a_160_202,"[[15, 2, 16, 3], [3, 16, 4, 17], [5, 12, 6, 13], [9, 15, 10, 14], [21, 7, 22, 6], [1, 21, 2, 20], [7, 1, 8, 22], [11, 4, 12, 5], [19, 8, 20, 9], [13, 19, 14, 18], [17, 11, 18, 10]]"
11a_160_203,"[[17, 11, 18, 10], [15, 2, 16, 3], [3, 16, 4, 17], [5, 12, 6, 13], [9, 15, 10, 14], [21, 7, 22, 6], [1, 21, 2, 20], [7, 1, 8, 22], [11, 4, 12, 5], [19, 8, 20, 9], [13, 19, 14, 18]]"
