name,pd_notation
11a_345_0,"[[3, 19, 4, 18], [7, 3, 8, 2], [19, 7, 20, 6], [1, 11, 2, 10], [17, 8, 18, 9], [15, 5, 16, 4], [5, 15, 6, 14], [9, 16, 10, 17], [21, 13, 22, 12], [13, 21, 14, 20], [11, 1, 12, 22]]"
11a_345_1,"[[11, 1, 12, 22], [3, 19, 4, 18], [7, 3, 8, 2], [19, 7, 20, 6], [1, 11, 2, 10], [17, 8, 18, 9], [15, 5, 16, 4], [5, 15, 6, 14], [9, 16, 10, 17], [21, 13, 22, 12], [13, 21, 14, 20]]"
11a_345_2,"[[13, 21, 14, 20], [11, 1, 12, 22], [3, 19, 4, 18], [7, 3, 8, 2], [19, 7, 20, 6], [1, 11, 2, 10], [17, 8, 18, 9], [15, 5, 16, 4], [5, 15, 6, 14], [9, 16, 10, 17], [21, 13, 22, 12]]"
11a_345_3,"[[21, 13, 22, 12], [13, 21, 14, 20], [11, 1, 12, 22], [3, 19, 4, 18], [7, 3, 8, 2], [19, 7, 20, 6], [1, 11, 2, 10], [17, 8, 18, 9], [15, 5, 16, 4], [5, 15, 6, 14], [9, 16, 10, 17]]"
11a_345_4,"[[9, 16, 10, 17], [21, 13, 22, 12], [13, 21, 14, 20], [11, 1, 12, 22], [3, 19, 4, 18], [7, 3, 8, 2], [19, 7, 20, 6], [1, 11, 2, 10], [17, 8, 18, 9], [15, 5, 16, 4], [5, 15, 6, 14]]"
11a_345_5,"[[5, 15, 6, 14], [9, 16, 10, 17], [21, 13, 22, 12], [13, 21, 14, 20], [11, 1, 12, 22], [3, 19, 4, 18], [7, 3, 8, 2], [19, 7, 20, 6], [1, 11, 2, 10], [17, 8, 18, 9], [15, 5, 16, 4]]"
11a_345_6,"[[15, 5, 16, 4], [5, 15, 6, 14], [9, 16, 10, 17], [21, 13, 22, 12], [13, 21, 14, 20], [11, 1, 12, 22], [3, 19, 4, 18], [7, 3, 8, 2], [19, 7, 20, 6], [1, 11, 2, 10], [17, 8, 18, 9]]"
11a_345_7,"[[17, 8, 18, 9], [15, 5, 16, 4], [5, 15, 6, 14], [9, 16, 10, 17], [21, 13, 22, 12], [13, 21, 14, 20], [11, 1, 12, 22], [3, 19, 4, 18], [7, 3, 8, 2], [19, 7, 20, 6], [1, 11, 2, 10]]"
11a_345_8,"[[1, 11, 2, 10], [17, 8, 18, 9], [15, 5, 16, 4], [5, 15, 6, 14], [9, 16, 10, 17], [21, 13, 22, 12], [13, 21, 14, 20], [11, 1, 12, 22], [3, 19, 4, 18], [7, 3, 8, 2], [19, 7, 20, 6]]"
11a_345_9,"[[19, 7, 20, 6], [1, 11, 2, 10], [17, 8, 18, 9], [15, 5, 16, 4], [5, 15, 6, 14], [9, 16, 10, 17], [21, 13, 22, 12], [13, 21, 14, 20], [11, 1, 12, 22], [3, 19, 4, 18], [7, 3, 8, 2]]"
11a_345_10,"[[7, 3, 8, 2], [19, 7, 20, 6], [1, 11, 2, 10], [17, 8, 18, 9], [15, 5, 16, 4], [5, 15, 6, 14], [9, 16, 10, 17], [21, 13, 22, 12], [13, 21, 14, 20], [11, 1, 12, 22], [3, 19, 4, 18]]"
11a_345_11,"[[4, 20, 5, 19], [8, 4, 9, 3], [20, 8, 21, 7], [2, 12, 3, 11], [18, 9, 19, 10], [16, 6, 17, 5], [6, 16, 7, 15], [10, 17, 11, 18], [22, 14, 1, 13], [14, 22, 15, 21], [12, 2, 13, 1]]"
11a_345_12,"[[12, 2, 13, 1], [4, 20, 5, 19], [8, 4, 9, 3], [20, 8, 21, 7], [2, 12, 3, 11], [18, 9, 19, 10], [16, 6, 17, 5], [6, 16, 7, 15], [10, 17, 11, 18], [22, 14, 1, 13], [14, 22, 15, 21]]"
11a_345_13,"[[14, 22, 15, 21], [12, 2, 13, 1], [4, 20, 5, 19], [8, 4, 9, 3], [20, 8, 21, 7], [2, 12, 3, 11], [18, 9, 19, 10], [16, 6, 17, 5], [6, 16, 7, 15], [10, 17, 11, 18], [22, 14, 1, 13]]"
11a_345_14,"[[22, 14, 1, 13], [14, 22, 15, 21], [12, 2, 13, 1], [4, 20, 5, 19], [8, 4, 9, 3], [20, 8, 21, 7], [2, 12, 3, 11], [18, 9, 19, 10], [16, 6, 17, 5], [6, 16, 7, 15], [10, 17, 11, 18]]"
11a_345_15,"[[10, 17, 11, 18], [22, 14, 1, 13], [14, 22, 15, 21], [12, 2, 13, 1], [4, 20, 5, 19], [8, 4, 9, 3], [20, 8, 21, 7], [2, 12, 3, 11], [18, 9, 19, 10], [16, 6, 17, 5], [6, 16, 7, 15]]"
11a_345_16,"[[6, 16, 7, 15], [10, 17, 11, 18], [22, 14, 1, 13], [14, 22, 15, 21], [12, 2, 13, 1], [4, 20, 5, 19], [8, 4, 9, 3], [20, 8, 21, 7], [2, 12, 3, 11], [18, 9, 19, 10], [16, 6, 17, 5]]"
11a_345_17,"[[16, 6, 17, 5], [6, 16, 7, 15], [10, 17, 11, 18], [22, 14, 1, 13], [14, 22, 15, 21], [12, 2, 13, 1], [4, 20, 5, 19], [8, 4, 9, 3], [20, 8, 21, 7], [2, 12, 3, 11], [18, 9, 19, 10]]"
11a_345_18,"[[18, 9, 19, 10], [16, 6, 17, 5], [6, 16, 7, 15], [10, 17, 11, 18], [22, 14, 1, 13], [14, 22, 15, 21], [12, 2, 13, 1], [4, 20, 5, 19], [8, 4, 9, 3], [20, 8, 21, 7], [2, 12, 3, 11]]"
11a_345_19,"[[2, 12, 3, 11], [18, 9, 19, 10], [16, 6, 17, 5], [6, 16, 7, 15], [10, 17, 11, 18], [22, 14, 1, 13], [14, 22, 15, 21], [12, 2, 13, 1], [4, 20, 5, 19], [8, 4, 9, 3], [20, 8, 21, 7]]"
11a_345_20,"[[20, 8, 21, 7], [2, 12, 3, 11], [18, 9, 19, 10], [16, 6, 17, 5], [6, 16, 7, 15], [10, 17, 11, 18], [22, 14, 1, 13], [14, 22, 15, 21], [12, 2, 13, 1], [4, 20, 5, 19], [8, 4, 9, 3]]"
11a_345_21,"[[8, 4, 9, 3], [20, 8, 21, 7], [2, 12, 3, 11], [18, 9, 19, 10], [16, 6, 17, 5], [6, 16, 7, 15], [10, 17, 11, 18], [22, 14, 1, 13], [14, 22, 15, 21], [12, 2, 13, 1], [4, 20, 5, 19]]"
11a_345_22,"[[5, 21, 6, 20], [9, 5, 10, 4], [21, 9, 22, 8], [3, 13, 4, 12], [19, 10, 20, 11], [17, 7, 18, 6], [7, 17, 8, 16], [11, 18, 12, 19], [1, 15, 2, 14], [15, 1, 16, 22], [13, 3, 14, 2]]"
11a_345_23,"[[13, 3, 14, 2], [5, 21, 6, 20], [9, 5, 10, 4], [21, 9, 22, 8], [3, 13, 4, 12], [19, 10, 20, 11], [17, 7, 18, 6], [7, 17, 8, 16], [11, 18, 12, 19], [1, 15, 2, 14], [15, 1, 16, 22]]"
11a_345_24,"[[15, 1, 16, 22], [13, 3, 14, 2], [5, 21, 6, 20], [9, 5, 10, 4], [21, 9, 22, 8], [3, 13, 4, 12], [19, 10, 20, 11], [17, 7, 18, 6], [7, 17, 8, 16], [11, 18, 12, 19], [1, 15, 2, 14]]"
11a_345_25,"[[1, 15, 2, 14], [15, 1, 16, 22], [13, 3, 14, 2], [5, 21, 6, 20], [9, 5, 10, 4], [21, 9, 22, 8], [3, 13, 4, 12], [19, 10, 20, 11], [17, 7, 18, 6], [7, 17, 8, 16], [11, 18, 12, 19]]"
11a_345_26,"[[11, 18, 12, 19], [1, 15, 2, 14], [15, 1, 16, 22], [13, 3, 14, 2], [5, 21, 6, 20], [9, 5, 10, 4], [21, 9, 22, 8], [3, 13, 4, 12], [19, 10, 20, 11], [17, 7, 18, 6], [7, 17, 8, 16]]"
11a_345_27,"[[7, 17, 8, 16], [11, 18, 12, 19], [1, 15, 2, 14], [15, 1, 16, 22], [13, 3, 14, 2], [5, 21, 6, 20], [9, 5, 10, 4], [21, 9, 22, 8], [3, 13, 4, 12], [19, 10, 20, 11], [17, 7, 18, 6]]"
11a_345_28,"[[17, 7, 18, 6], [7, 17, 8, 16], [11, 18, 12, 19], [1, 15, 2, 14], [15, 1, 16, 22], [13, 3, 14, 2], [5, 21, 6, 20], [9, 5, 10, 4], [21, 9, 22, 8], [3, 13, 4, 12], [19, 10, 20, 11]]"
11a_345_29,"[[19, 10, 20, 11], [17, 7, 18, 6], [7, 17, 8, 16], [11, 18, 12, 19], [1, 15, 2, 14], [15, 1, 16, 22], [13, 3, 14, 2], [5, 21, 6, 20], [9, 5, 10, 4], [21, 9, 22, 8], [3, 13, 4, 12]]"
11a_345_30,"[[3, 13, 4, 12], [19, 10, 20, 11], [17, 7, 18, 6], [7, 17, 8, 16], [11, 18, 12, 19], [1, 15, 2, 14], [15, 1, 16, 22], [13, 3, 14, 2], [5, 21, 6, 20], [9, 5, 10, 4], [21, 9, 22, 8]]"
11a_345_31,"[[21, 9, 22, 8], [3, 13, 4, 12], [19, 10, 20, 11], [17, 7, 18, 6], [7, 17, 8, 16], [11, 18, 12, 19], [1, 15, 2, 14], [15, 1, 16, 22], [13, 3, 14, 2], [5, 21, 6, 20], [9, 5, 10, 4]]"
11a_345_32,"[[9, 5, 10, 4], [21, 9, 22, 8], [3, 13, 4, 12], [19, 10, 20, 11], [17, 7, 18, 6], [7, 17, 8, 16], [11, 18, 12, 19], [1, 15, 2, 14], [15, 1, 16, 22], [13, 3, 14, 2], [5, 21, 6, 20]]"
11a_345_33,"[[6, 22, 7, 21], [10, 6, 11, 5], [22, 10, 1, 9], [4, 14, 5, 13], [20, 11, 21, 12], [18, 8, 19, 7], [8, 18, 9, 17], [12, 19, 13, 20], [2, 16, 3, 15], [16, 2, 17, 1], [14, 4, 15, 3]]"
11a_345_34,"[[14, 4, 15, 3], [6, 22, 7, 21], [10, 6, 11, 5], [22, 10, 1, 9], [4, 14, 5, 13], [20, 11, 21, 12], [18, 8, 19, 7], [8, 18, 9, 17], [12, 19, 13, 20], [2, 16, 3, 15], [16, 2, 17, 1]]"
11a_345_35,"[[16, 2, 17, 1], [14, 4, 15, 3], [6, 22, 7, 21], [10, 6, 11, 5], [22, 10, 1, 9], [4, 14, 5, 13], [20, 11, 21, 12], [18, 8, 19, 7], [8, 18, 9, 17], [12, 19, 13, 20], [2, 16, 3, 15]]"
11a_345_36,"[[2, 16, 3, 15], [16, 2, 17, 1], [14, 4, 15, 3], [6, 22, 7, 21], [10, 6, 11, 5], [22, 10, 1, 9], [4, 14, 5, 13], [20, 11, 21, 12], [18, 8, 19, 7], [8, 18, 9, 17], [12, 19, 13, 20]]"
11a_345_37,"[[12, 19, 13, 20], [2, 16, 3, 15], [16, 2, 17, 1], [14, 4, 15, 3], [6, 22, 7, 21], [10, 6, 11, 5], [22, 10, 1, 9], [4, 14, 5, 13], [20, 11, 21, 12], [18, 8, 19, 7], [8, 18, 9, 17]]"
11a_345_38,"[[8, 18, 9, 17], [12, 19, 13, 20], [2, 16, 3, 15], [16, 2, 17, 1], [14, 4, 15, 3], [6, 22, 7, 21], [10, 6, 11, 5], [22, 10, 1, 9], [4, 14, 5, 13], [20, 11, 21, 12], [18, 8, 19, 7]]"
11a_345_39,"[[18, 8, 19, 7], [8, 18, 9, 17], [12, 19, 13, 20], [2, 16, 3, 15], [16, 2, 17, 1], [14, 4, 15, 3], [6, 22, 7, 21], [10, 6, 11, 5], [22, 10, 1, 9], [4, 14, 5, 13], [20, 11, 21, 12]]"
11a_345_40,"[[20, 11, 21, 12], [18, 8, 19, 7], [8, 18, 9, 17], [12, 19, 13, 20], [2, 16, 3, 15], [16, 2, 17, 1], [14, 4, 15, 3], [6, 22, 7, 21], [10, 6, 11, 5], [22, 10, 1, 9], [4, 14, 5, 13]]"
11a_345_41,"[[4, 14, 5, 13], [20, 11, 21, 12], [18, 8, 19, 7], [8, 18, 9, 17], [12, 19, 13, 20], [2, 16, 3, 15], [16, 2, 17, 1], [14, 4, 15, 3], [6, 22, 7, 21], [10, 6, 11, 5], [22, 10, 1, 9]]"
11a_345_42,"[[22, 10, 1, 9], [4, 14, 5, 13], [20, 11, 21, 12], [18, 8, 19, 7], [8, 18, 9, 17], [12, 19, 13, 20], [2, 16, 3, 15], [16, 2, 17, 1], [14, 4, 15, 3], [6, 22, 7, 21], [10, 6, 11, 5]]"
11a_345_43,"[[10, 6, 11, 5], [22, 10, 1, 9], [4, 14, 5, 13], [20, 11, 21, 12], [18, 8, 19, 7], [8, 18, 9, 17], [12, 19, 13, 20], [2, 16, 3, 15], [16, 2, 17, 1], [14, 4, 15, 3], [6, 22, 7, 21]]"
11a_345_44,"[[7, 1, 8, 22], [11, 7, 12, 6], [1, 11, 2, 10], [5, 15, 6, 14], [21, 12, 22, 13], [19, 9, 20, 8], [9, 19, 10, 18], [13, 20, 14, 21], [3, 17, 4, 16], [17, 3, 18, 2], [15, 5, 16, 4]]"
11a_345_45,"[[15, 5, 16, 4], [7, 1, 8, 22], [11, 7, 12, 6], [1, 11, 2, 10], [5, 15, 6, 14], [21, 12, 22, 13], [19, 9, 20, 8], [9, 19, 10, 18], [13, 20, 14, 21], [3, 17, 4, 16], [17, 3, 18, 2]]"
11a_345_46,"[[17, 3, 18, 2], [15, 5, 16, 4], [7, 1, 8, 22], [11, 7, 12, 6], [1, 11, 2, 10], [5, 15, 6, 14], [21, 12, 22, 13], [19, 9, 20, 8], [9, 19, 10, 18], [13, 20, 14, 21], [3, 17, 4, 16]]"
11a_345_47,"[[3, 17, 4, 16], [17, 3, 18, 2], [15, 5, 16, 4], [7, 1, 8, 22], [11, 7, 12, 6], [1, 11, 2, 10], [5, 15, 6, 14], [21, 12, 22, 13], [19, 9, 20, 8], [9, 19, 10, 18], [13, 20, 14, 21]]"
11a_345_48,"[[13, 20, 14, 21], [3, 17, 4, 16], [17, 3, 18, 2], [15, 5, 16, 4], [7, 1, 8, 22], [11, 7, 12, 6], [1, 11, 2, 10], [5, 15, 6, 14], [21, 12, 22, 13], [19, 9, 20, 8], [9, 19, 10, 18]]"
11a_345_49,"[[9, 19, 10, 18], [13, 20, 14, 21], [3, 17, 4, 16], [17, 3, 18, 2], [15, 5, 16, 4], [7, 1, 8, 22], [11, 7, 12, 6], [1, 11, 2, 10], [5, 15, 6, 14], [21, 12, 22, 13], [19, 9, 20, 8]]"
11a_345_50,"[[19, 9, 20, 8], [9, 19, 10, 18], [13, 20, 14, 21], [3, 17, 4, 16], [17, 3, 18, 2], [15, 5, 16, 4], [7, 1, 8, 22], [11, 7, 12, 6], [1, 11, 2, 10], [5, 15, 6, 14], [21, 12, 22, 13]]"
11a_345_51,"[[21, 12, 22, 13], [19, 9, 20, 8], [9, 19, 10, 18], [13, 20, 14, 21], [3, 17, 4, 16], [17, 3, 18, 2], [15, 5, 16, 4], [7, 1, 8, 22], [11, 7, 12, 6], [1, 11, 2, 10], [5, 15, 6, 14]]"
11a_345_52,"[[5, 15, 6, 14], [21, 12, 22, 13], [19, 9, 20, 8], [9, 19, 10, 18], [13, 20, 14, 21], [3, 17, 4, 16], [17, 3, 18, 2], [15, 5, 16, 4], [7, 1, 8, 22], [11, 7, 12, 6], [1, 11, 2, 10]]"
11a_345_53,"[[1, 11, 2, 10], [5, 15, 6, 14], [21, 12, 22, 13], [19, 9, 20, 8], [9, 19, 10, 18], [13, 20, 14, 21], [3, 17, 4, 16], [17, 3, 18, 2], [15, 5, 16, 4], [7, 1, 8, 22], [11, 7, 12, 6]]"
11a_345_54,"[[11, 7, 12, 6], [1, 11, 2, 10], [5, 15, 6, 14], [21, 12, 22, 13], [19, 9, 20, 8], [9, 19, 10, 18], [13, 20, 14, 21], [3, 17, 4, 16], [17, 3, 18, 2], [15, 5, 16, 4], [7, 1, 8, 22]]"
11a_345_55,"[[8, 2, 9, 1], [12, 8, 13, 7], [2, 12, 3, 11], [6, 16, 7, 15], [22, 13, 1, 14], [20, 10, 21, 9], [10, 20, 11, 19], [14, 21, 15, 22], [4, 18, 5, 17], [18, 4, 19, 3], [16, 6, 17, 5]]"
11a_345_56,"[[16, 6, 17, 5], [8, 2, 9, 1], [12, 8, 13, 7], [2, 12, 3, 11], [6, 16, 7, 15], [22, 13, 1, 14], [20, 10, 21, 9], [10, 20, 11, 19], [14, 21, 15, 22], [4, 18, 5, 17], [18, 4, 19, 3]]"
11a_345_57,"[[18, 4, 19, 3], [16, 6, 17, 5], [8, 2, 9, 1], [12, 8, 13, 7], [2, 12, 3, 11], [6, 16, 7, 15], [22, 13, 1, 14], [20, 10, 21, 9], [10, 20, 11, 19], [14, 21, 15, 22], [4, 18, 5, 17]]"
11a_345_58,"[[4, 18, 5, 17], [18, 4, 19, 3], [16, 6, 17, 5], [8, 2, 9, 1], [12, 8, 13, 7], [2, 12, 3, 11], [6, 16, 7, 15], [22, 13, 1, 14], [20, 10, 21, 9], [10, 20, 11, 19], [14, 21, 15, 22]]"
11a_345_59,"[[14, 21, 15, 22], [4, 18, 5, 17], [18, 4, 19, 3], [16, 6, 17, 5], [8, 2, 9, 1], [12, 8, 13, 7], [2, 12, 3, 11], [6, 16, 7, 15], [22, 13, 1, 14], [20, 10, 21, 9], [10, 20, 11, 19]]"
11a_345_60,"[[10, 20, 11, 19], [14, 21, 15, 22], [4, 18, 5, 17], [18, 4, 19, 3], [16, 6, 17, 5], [8, 2, 9, 1], [12, 8, 13, 7], [2, 12, 3, 11], [6, 16, 7, 15], [22, 13, 1, 14], [20, 10, 21, 9]]"
11a_345_61,"[[20, 10, 21, 9], [10, 20, 11, 19], [14, 21, 15, 22], [4, 18, 5, 17], [18, 4, 19, 3], [16, 6, 17, 5], [8, 2, 9, 1], [12, 8, 13, 7], [2, 12, 3, 11], [6, 16, 7, 15], [22, 13, 1, 14]]"
11a_345_62,"[[22, 13, 1, 14], [20, 10, 21, 9], [10, 20, 11, 19], [14, 21, 15, 22], [4, 18, 5, 17], [18, 4, 19, 3], [16, 6, 17, 5], [8, 2, 9, 1], [12, 8, 13, 7], [2, 12, 3, 11], [6, 16, 7, 15]]"
11a_345_63,"[[6, 16, 7, 15], [22, 13, 1, 14], [20, 10, 21, 9], [10, 20, 11, 19], [14, 21, 15, 22], [4, 18, 5, 17], [18, 4, 19, 3], [16, 6, 17, 5], [8, 2, 9, 1], [12, 8, 13, 7], [2, 12, 3, 11]]"
11a_345_64,"[[2, 12, 3, 11], [6, 16, 7, 15], [22, 13, 1, 14], [20, 10, 21, 9], [10, 20, 11, 19], [14, 21, 15, 22], [4, 18, 5, 17], [18, 4, 19, 3], [16, 6, 17, 5], [8, 2, 9, 1], [12, 8, 13, 7]]"
11a_345_65,"[[12, 8, 13, 7], [2, 12, 3, 11], [6, 16, 7, 15], [22, 13, 1, 14], [20, 10, 21, 9], [10, 20, 11, 19], [14, 21, 15, 22], [4, 18, 5, 17], [18, 4, 19, 3], [16, 6, 17, 5], [8, 2, 9, 1]]"
11a_345_66,"[[9, 3, 10, 2], [13, 9, 14, 8], [3, 13, 4, 12], [7, 17, 8, 16], [1, 14, 2, 15], [21, 11, 22, 10], [11, 21, 12, 20], [15, 22, 16, 1], [5, 19, 6, 18], [19, 5, 20, 4], [17, 7, 18, 6]]"
11a_345_67,"[[17, 7, 18, 6], [9, 3, 10, 2], [13, 9, 14, 8], [3, 13, 4, 12], [7, 17, 8, 16], [1, 14, 2, 15], [21, 11, 22, 10], [11, 21, 12, 20], [15, 22, 16, 1], [5, 19, 6, 18], [19, 5, 20, 4]]"
11a_345_68,"[[19, 5, 20, 4], [17, 7, 18, 6], [9, 3, 10, 2], [13, 9, 14, 8], [3, 13, 4, 12], [7, 17, 8, 16], [1, 14, 2, 15], [21, 11, 22, 10], [11, 21, 12, 20], [15, 22, 16, 1], [5, 19, 6, 18]]"
11a_345_69,"[[5, 19, 6, 18], [19, 5, 20, 4], [17, 7, 18, 6], [9, 3, 10, 2], [13, 9, 14, 8], [3, 13, 4, 12], [7, 17, 8, 16], [1, 14, 2, 15], [21, 11, 22, 10], [11, 21, 12, 20], [15, 22, 16, 1]]"
11a_345_70,"[[15, 22, 16, 1], [5, 19, 6, 18], [19, 5, 20, 4], [17, 7, 18, 6], [9, 3, 10, 2], [13, 9, 14, 8], [3, 13, 4, 12], [7, 17, 8, 16], [1, 14, 2, 15], [21, 11, 22, 10], [11, 21, 12, 20]]"
11a_345_71,"[[11, 21, 12, 20], [15, 22, 16, 1], [5, 19, 6, 18], [19, 5, 20, 4], [17, 7, 18, 6], [9, 3, 10, 2], [13, 9, 14, 8], [3, 13, 4, 12], [7, 17, 8, 16], [1, 14, 2, 15], [21, 11, 22, 10]]"
11a_345_72,"[[21, 11, 22, 10], [11, 21, 12, 20], [15, 22, 16, 1], [5, 19, 6, 18], [19, 5, 20, 4], [17, 7, 18, 6], [9, 3, 10, 2], [13, 9, 14, 8], [3, 13, 4, 12], [7, 17, 8, 16], [1, 14, 2, 15]]"
11a_345_73,"[[1, 14, 2, 15], [21, 11, 22, 10], [11, 21, 12, 20], [15, 22, 16, 1], [5, 19, 6, 18], [19, 5, 20, 4], [17, 7, 18, 6], [9, 3, 10, 2], [13, 9, 14, 8], [3, 13, 4, 12], [7, 17, 8, 16]]"
11a_345_74,"[[7, 17, 8, 16], [1, 14, 2, 15], [21, 11, 22, 10], [11, 21, 12, 20], [15, 22, 16, 1], [5, 19, 6, 18], [19, 5, 20, 4], [17, 7, 18, 6], [9, 3, 10, 2], [13, 9, 14, 8], [3, 13, 4, 12]]"
11a_345_75,"[[3, 13, 4, 12], [7, 17, 8, 16], [1, 14, 2, 15], [21, 11, 22, 10], [11, 21, 12, 20], [15, 22, 16, 1], [5, 19, 6, 18], [19, 5, 20, 4], [17, 7, 18, 6], [9, 3, 10, 2], [13, 9, 14, 8]]"
11a_345_76,"[[13, 9, 14, 8], [3, 13, 4, 12], [7, 17, 8, 16], [1, 14, 2, 15], [21, 11, 22, 10], [11, 21, 12, 20], [15, 22, 16, 1], [5, 19, 6, 18], [19, 5, 20, 4], [17, 7, 18, 6], [9, 3, 10, 2]]"
11a_345_77,"[[10, 4, 11, 3], [14, 10, 15, 9], [4, 14, 5, 13], [8, 18, 9, 17], [2, 15, 3, 16], [22, 12, 1, 11], [12, 22, 13, 21], [16, 1, 17, 2], [6, 20, 7, 19], [20, 6, 21, 5], [18, 8, 19, 7]]"
11a_345_78,"[[18, 8, 19, 7], [10, 4, 11, 3], [14, 10, 15, 9], [4, 14, 5, 13], [8, 18, 9, 17], [2, 15, 3, 16], [22, 12, 1, 11], [12, 22, 13, 21], [16, 1, 17, 2], [6, 20, 7, 19], [20, 6, 21, 5]]"
11a_345_79,"[[20, 6, 21, 5], [18, 8, 19, 7], [10, 4, 11, 3], [14, 10, 15, 9], [4, 14, 5, 13], [8, 18, 9, 17], [2, 15, 3, 16], [22, 12, 1, 11], [12, 22, 13, 21], [16, 1, 17, 2], [6, 20, 7, 19]]"
11a_345_80,"[[6, 20, 7, 19], [20, 6, 21, 5], [18, 8, 19, 7], [10, 4, 11, 3], [14, 10, 15, 9], [4, 14, 5, 13], [8, 18, 9, 17], [2, 15, 3, 16], [22, 12, 1, 11], [12, 22, 13, 21], [16, 1, 17, 2]]"
11a_345_81,"[[16, 1, 17, 2], [6, 20, 7, 19], [20, 6, 21, 5], [18, 8, 19, 7], [10, 4, 11, 3], [14, 10, 15, 9], [4, 14, 5, 13], [8, 18, 9, 17], [2, 15, 3, 16], [22, 12, 1, 11], [12, 22, 13, 21]]"
11a_345_82,"[[12, 22, 13, 21], [16, 1, 17, 2], [6, 20, 7, 19], [20, 6, 21, 5], [18, 8, 19, 7], [10, 4, 11, 3], [14, 10, 15, 9], [4, 14, 5, 13], [8, 18, 9, 17], [2, 15, 3, 16], [22, 12, 1, 11]]"
11a_345_83,"[[22, 12, 1, 11], [12, 22, 13, 21], [16, 1, 17, 2], [6, 20, 7, 19], [20, 6, 21, 5], [18, 8, 19, 7], [10, 4, 11, 3], [14, 10, 15, 9], [4, 14, 5, 13], [8, 18, 9, 17], [2, 15, 3, 16]]"
11a_345_84,"[[2, 15, 3, 16], [22, 12, 1, 11], [12, 22, 13, 21], [16, 1, 17, 2], [6, 20, 7, 19], [20, 6, 21, 5], [18, 8, 19, 7], [10, 4, 11, 3], [14, 10, 15, 9], [4, 14, 5, 13], [8, 18, 9, 17]]"
11a_345_85,"[[8, 18, 9, 17], [2, 15, 3, 16], [22, 12, 1, 11], [12, 22, 13, 21], [16, 1, 17, 2], [6, 20, 7, 19], [20, 6, 21, 5], [18, 8, 19, 7], [10, 4, 11, 3], [14, 10, 15, 9], [4, 14, 5, 13]]"
11a_345_86,"[[4, 14, 5, 13], [8, 18, 9, 17], [2, 15, 3, 16], [22, 12, 1, 11], [12, 22, 13, 21], [16, 1, 17, 2], [6, 20, 7, 19], [20, 6, 21, 5], [18, 8, 19, 7], [10, 4, 11, 3], [14, 10, 15, 9]]"
11a_345_87,"[[14, 10, 15, 9], [4, 14, 5, 13], [8, 18, 9, 17], [2, 15, 3, 16], [22, 12, 1, 11], [12, 22, 13, 21], [16, 1, 17, 2], [6, 20, 7, 19], [20, 6, 21, 5], [18, 8, 19, 7], [10, 4, 11, 3]]"
11a_345_88,"[[11, 5, 12, 4], [15, 11, 16, 10], [5, 15, 6, 14], [9, 19, 10, 18], [3, 16, 4, 17], [1, 13, 2, 12], [13, 1, 14, 22], [17, 2, 18, 3], [7, 21, 8, 20], [21, 7, 22, 6], [19, 9, 20, 8]]"
11a_345_89,"[[19, 9, 20, 8], [11, 5, 12, 4], [15, 11, 16, 10], [5, 15, 6, 14], [9, 19, 10, 18], [3, 16, 4, 17], [1, 13, 2, 12], [13, 1, 14, 22], [17, 2, 18, 3], [7, 21, 8, 20], [21, 7, 22, 6]]"
11a_345_90,"[[21, 7, 22, 6], [19, 9, 20, 8], [11, 5, 12, 4], [15, 11, 16, 10], [5, 15, 6, 14], [9, 19, 10, 18], [3, 16, 4, 17], [1, 13, 2, 12], [13, 1, 14, 22], [17, 2, 18, 3], [7, 21, 8, 20]]"
11a_345_91,"[[7, 21, 8, 20], [21, 7, 22, 6], [19, 9, 20, 8], [11, 5, 12, 4], [15, 11, 16, 10], [5, 15, 6, 14], [9, 19, 10, 18], [3, 16, 4, 17], [1, 13, 2, 12], [13, 1, 14, 22], [17, 2, 18, 3]]"
11a_345_92,"[[17, 2, 18, 3], [7, 21, 8, 20], [21, 7, 22, 6], [19, 9, 20, 8], [11, 5, 12, 4], [15, 11, 16, 10], [5, 15, 6, 14], [9, 19, 10, 18], [3, 16, 4, 17], [1, 13, 2, 12], [13, 1, 14, 22]]"
11a_345_93,"[[13, 1, 14, 22], [17, 2, 18, 3], [7, 21, 8, 20], [21, 7, 22, 6], [19, 9, 20, 8], [11, 5, 12, 4], [15, 11, 16, 10], [5, 15, 6, 14], [9, 19, 10, 18], [3, 16, 4, 17], [1, 13, 2, 12]]"
11a_345_94,"[[1, 13, 2, 12], [13, 1, 14, 22], [17, 2, 18, 3], [7, 21, 8, 20], [21, 7, 22, 6], [19, 9, 20, 8], [11, 5, 12, 4], [15, 11, 16, 10], [5, 15, 6, 14], [9, 19, 10, 18], [3, 16, 4, 17]]"
11a_345_95,"[[3, 16, 4, 17], [1, 13, 2, 12], [13, 1, 14, 22], [17, 2, 18, 3], [7, 21, 8, 20], [21, 7, 22, 6], [19, 9, 20, 8], [11, 5, 12, 4], [15, 11, 16, 10], [5, 15, 6, 14], [9, 19, 10, 18]]"
11a_345_96,"[[9, 19, 10, 18], [3, 16, 4, 17], [1, 13, 2, 12], [13, 1, 14, 22], [17, 2, 18, 3], [7, 21, 8, 20], [21, 7, 22, 6], [19, 9, 20, 8], [11, 5, 12, 4], [15, 11, 16, 10], [5, 15, 6, 14]]"
11a_345_97,"[[5, 15, 6, 14], [9, 19, 10, 18], [3, 16, 4, 17], [1, 13, 2, 12], [13, 1, 14, 22], [17, 2, 18, 3], [7, 21, 8, 20], [21, 7, 22, 6], [19, 9, 20, 8], [11, 5, 12, 4], [15, 11, 16, 10]]"
11a_345_98,"[[15, 11, 16, 10], [5, 15, 6, 14], [9, 19, 10, 18], [3, 16, 4, 17], [1, 13, 2, 12], [13, 1, 14, 22], [17, 2, 18, 3], [7, 21, 8, 20], [21, 7, 22, 6], [19, 9, 20, 8], [11, 5, 12, 4]]"
11a_345_99,"[[12, 6, 13, 5], [16, 12, 17, 11], [6, 16, 7, 15], [10, 20, 11, 19], [4, 17, 5, 18], [2, 14, 3, 13], [14, 2, 15, 1], [18, 3, 19, 4], [8, 22, 9, 21], [22, 8, 1, 7], [20, 10, 21, 9]]"
11a_345_100,"[[20, 10, 21, 9], [12, 6, 13, 5], [16, 12, 17, 11], [6, 16, 7, 15], [10, 20, 11, 19], [4, 17, 5, 18], [2, 14, 3, 13], [14, 2, 15, 1], [18, 3, 19, 4], [8, 22, 9, 21], [22, 8, 1, 7]]"
11a_345_101,"[[22, 8, 1, 7], [20, 10, 21, 9], [12, 6, 13, 5], [16, 12, 17, 11], [6, 16, 7, 15], [10, 20, 11, 19], [4, 17, 5, 18], [2, 14, 3, 13], [14, 2, 15, 1], [18, 3, 19, 4], [8, 22, 9, 21]]"
11a_345_102,"[[8, 22, 9, 21], [22, 8, 1, 7], [20, 10, 21, 9], [12, 6, 13, 5], [16, 12, 17, 11], [6, 16, 7, 15], [10, 20, 11, 19], [4, 17, 5, 18], [2, 14, 3, 13], [14, 2, 15, 1], [18, 3, 19, 4]]"
11a_345_103,"[[18, 3, 19, 4], [8, 22, 9, 21], [22, 8, 1, 7], [20, 10, 21, 9], [12, 6, 13, 5], [16, 12, 17, 11], [6, 16, 7, 15], [10, 20, 11, 19], [4, 17, 5, 18], [2, 14, 3, 13], [14, 2, 15, 1]]"
11a_345_104,"[[14, 2, 15, 1], [18, 3, 19, 4], [8, 22, 9, 21], [22, 8, 1, 7], [20, 10, 21, 9], [12, 6, 13, 5], [16, 12, 17, 11], [6, 16, 7, 15], [10, 20, 11, 19], [4, 17, 5, 18], [2, 14, 3, 13]]"
11a_345_105,"[[2, 14, 3, 13], [14, 2, 15, 1], [18, 3, 19, 4], [8, 22, 9, 21], [22, 8, 1, 7], [20, 10, 21, 9], [12, 6, 13, 5], [16, 12, 17, 11], [6, 16, 7, 15], [10, 20, 11, 19], [4, 17, 5, 18]]"
11a_345_106,"[[4, 17, 5, 18], [2, 14, 3, 13], [14, 2, 15, 1], [18, 3, 19, 4], [8, 22, 9, 21], [22, 8, 1, 7], [20, 10, 21, 9], [12, 6, 13, 5], [16, 12, 17, 11], [6, 16, 7, 15], [10, 20, 11, 19]]"
11a_345_107,"[[10, 20, 11, 19], [4, 17, 5, 18], [2, 14, 3, 13], [14, 2, 15, 1], [18, 3, 19, 4], [8, 22, 9, 21], [22, 8, 1, 7], [20, 10, 21, 9], [12, 6, 13, 5], [16, 12, 17, 11], [6, 16, 7, 15]]"
11a_345_108,"[[6, 16, 7, 15], [10, 20, 11, 19], [4, 17, 5, 18], [2, 14, 3, 13], [14, 2, 15, 1], [18, 3, 19, 4], [8, 22, 9, 21], [22, 8, 1, 7], [20, 10, 21, 9], [12, 6, 13, 5], [16, 12, 17, 11]]"
11a_345_109,"[[16, 12, 17, 11], [6, 16, 7, 15], [10, 20, 11, 19], [4, 17, 5, 18], [2, 14, 3, 13], [14, 2, 15, 1], [18, 3, 19, 4], [8, 22, 9, 21], [22, 8, 1, 7], [20, 10, 21, 9], [12, 6, 13, 5]]"
11a_345_110,"[[13, 7, 14, 6], [17, 13, 18, 12], [7, 17, 8, 16], [11, 21, 12, 20], [5, 18, 6, 19], [3, 15, 4, 14], [15, 3, 16, 2], [19, 4, 20, 5], [9, 1, 10, 22], [1, 9, 2, 8], [21, 11, 22, 10]]"
11a_345_111,"[[21, 11, 22, 10], [13, 7, 14, 6], [17, 13, 18, 12], [7, 17, 8, 16], [11, 21, 12, 20], [5, 18, 6, 19], [3, 15, 4, 14], [15, 3, 16, 2], [19, 4, 20, 5], [9, 1, 10, 22], [1, 9, 2, 8]]"
11a_345_112,"[[1, 9, 2, 8], [21, 11, 22, 10], [13, 7, 14, 6], [17, 13, 18, 12], [7, 17, 8, 16], [11, 21, 12, 20], [5, 18, 6, 19], [3, 15, 4, 14], [15, 3, 16, 2], [19, 4, 20, 5], [9, 1, 10, 22]]"
11a_345_113,"[[9, 1, 10, 22], [1, 9, 2, 8], [21, 11, 22, 10], [13, 7, 14, 6], [17, 13, 18, 12], [7, 17, 8, 16], [11, 21, 12, 20], [5, 18, 6, 19], [3, 15, 4, 14], [15, 3, 16, 2], [19, 4, 20, 5]]"
11a_345_114,"[[19, 4, 20, 5], [9, 1, 10, 22], [1, 9, 2, 8], [21, 11, 22, 10], [13, 7, 14, 6], [17, 13, 18, 12], [7, 17, 8, 16], [11, 21, 12, 20], [5, 18, 6, 19], [3, 15, 4, 14], [15, 3, 16, 2]]"
11a_345_115,"[[15, 3, 16, 2], [19, 4, 20, 5], [9, 1, 10, 22], [1, 9, 2, 8], [21, 11, 22, 10], [13, 7, 14, 6], [17, 13, 18, 12], [7, 17, 8, 16], [11, 21, 12, 20], [5, 18, 6, 19], [3, 15, 4, 14]]"
11a_345_116,"[[3, 15, 4, 14], [15, 3, 16, 2], [19, 4, 20, 5], [9, 1, 10, 22], [1, 9, 2, 8], [21, 11, 22, 10], [13, 7, 14, 6], [17, 13, 18, 12], [7, 17, 8, 16], [11, 21, 12, 20], [5, 18, 6, 19]]"
11a_345_117,"[[5, 18, 6, 19], [3, 15, 4, 14], [15, 3, 16, 2], [19, 4, 20, 5], [9, 1, 10, 22], [1, 9, 2, 8], [21, 11, 22, 10], [13, 7, 14, 6], [17, 13, 18, 12], [7, 17, 8, 16], [11, 21, 12, 20]]"
11a_345_118,"[[11, 21, 12, 20], [5, 18, 6, 19], [3, 15, 4, 14], [15, 3, 16, 2], [19, 4, 20, 5], [9, 1, 10, 22], [1, 9, 2, 8], [21, 11, 22, 10], [13, 7, 14, 6], [17, 13, 18, 12], [7, 17, 8, 16]]"
11a_345_119,"[[7, 17, 8, 16], [11, 21, 12, 20], [5, 18, 6, 19], [3, 15, 4, 14], [15, 3, 16, 2], [19, 4, 20, 5], [9, 1, 10, 22], [1, 9, 2, 8], [21, 11, 22, 10], [13, 7, 14, 6], [17, 13, 18, 12]]"
11a_345_120,"[[17, 13, 18, 12], [7, 17, 8, 16], [11, 21, 12, 20], [5, 18, 6, 19], [3, 15, 4, 14], [15, 3, 16, 2], [19, 4, 20, 5], [9, 1, 10, 22], [1, 9, 2, 8], [21, 11, 22, 10], [13, 7, 14, 6]]"
11a_345_121,"[[14, 8, 15, 7], [18, 14, 19, 13], [8, 18, 9, 17], [12, 22, 13, 21], [6, 19, 7, 20], [4, 16, 5, 15], [16, 4, 17, 3], [20, 5, 21, 6], [10, 2, 11, 1], [2, 10, 3, 9], [22, 12, 1, 11]]"
11a_345_122,"[[22, 12, 1, 11], [14, 8, 15, 7], [18, 14, 19, 13], [8, 18, 9, 17], [12, 22, 13, 21], [6, 19, 7, 20], [4, 16, 5, 15], [16, 4, 17, 3], [20, 5, 21, 6], [10, 2, 11, 1], [2, 10, 3, 9]]"
11a_345_123,"[[2, 10, 3, 9], [22, 12, 1, 11], [14, 8, 15, 7], [18, 14, 19, 13], [8, 18, 9, 17], [12, 22, 13, 21], [6, 19, 7, 20], [4, 16, 5, 15], [16, 4, 17, 3], [20, 5, 21, 6], [10, 2, 11, 1]]"
11a_345_124,"[[10, 2, 11, 1], [2, 10, 3, 9], [22, 12, 1, 11], [14, 8, 15, 7], [18, 14, 19, 13], [8, 18, 9, 17], [12, 22, 13, 21], [6, 19, 7, 20], [4, 16, 5, 15], [16, 4, 17, 3], [20, 5, 21, 6]]"
11a_345_125,"[[20, 5, 21, 6], [10, 2, 11, 1], [2, 10, 3, 9], [22, 12, 1, 11], [14, 8, 15, 7], [18, 14, 19, 13], [8, 18, 9, 17], [12, 22, 13, 21], [6, 19, 7, 20], [4, 16, 5, 15], [16, 4, 17, 3]]"
11a_345_126,"[[16, 4, 17, 3], [20, 5, 21, 6], [10, 2, 11, 1], [2, 10, 3, 9], [22, 12, 1, 11], [14, 8, 15, 7], [18, 14, 19, 13], [8, 18, 9, 17], [12, 22, 13, 21], [6, 19, 7, 20], [4, 16, 5, 15]]"
11a_345_127,"[[4, 16, 5, 15], [16, 4, 17, 3], [20, 5, 21, 6], [10, 2, 11, 1], [2, 10, 3, 9], [22, 12, 1, 11], [14, 8, 15, 7], [18, 14, 19, 13], [8, 18, 9, 17], [12, 22, 13, 21], [6, 19, 7, 20]]"
11a_345_128,"[[6, 19, 7, 20], [4, 16, 5, 15], [16, 4, 17, 3], [20, 5, 21, 6], [10, 2, 11, 1], [2, 10, 3, 9], [22, 12, 1, 11], [14, 8, 15, 7], [18, 14, 19, 13], [8, 18, 9, 17], [12, 22, 13, 21]]"
11a_345_129,"[[12, 22, 13, 21], [6, 19, 7, 20], [4, 16, 5, 15], [16, 4, 17, 3], [20, 5, 21, 6], [10, 2, 11, 1], [2, 10, 3, 9], [22, 12, 1, 11], [14, 8, 15, 7], [18, 14, 19, 13], [8, 18, 9, 17]]"
11a_345_130,"[[8, 18, 9, 17], [12, 22, 13, 21], [6, 19, 7, 20], [4, 16, 5, 15], [16, 4, 17, 3], [20, 5, 21, 6], [10, 2, 11, 1], [2, 10, 3, 9], [22, 12, 1, 11], [14, 8, 15, 7], [18, 14, 19, 13]]"
11a_345_131,"[[18, 14, 19, 13], [8, 18, 9, 17], [12, 22, 13, 21], [6, 19, 7, 20], [4, 16, 5, 15], [16, 4, 17, 3], [20, 5, 21, 6], [10, 2, 11, 1], [2, 10, 3, 9], [22, 12, 1, 11], [14, 8, 15, 7]]"
11a_345_132,"[[15, 9, 16, 8], [19, 15, 20, 14], [9, 19, 10, 18], [13, 1, 14, 22], [7, 20, 8, 21], [5, 17, 6, 16], [17, 5, 18, 4], [21, 6, 22, 7], [11, 3, 12, 2], [3, 11, 4, 10], [1, 13, 2, 12]]"
11a_345_133,"[[1, 13, 2, 12], [15, 9, 16, 8], [19, 15, 20, 14], [9, 19, 10, 18], [13, 1, 14, 22], [7, 20, 8, 21], [5, 17, 6, 16], [17, 5, 18, 4], [21, 6, 22, 7], [11, 3, 12, 2], [3, 11, 4, 10]]"
11a_345_134,"[[3, 11, 4, 10], [1, 13, 2, 12], [15, 9, 16, 8], [19, 15, 20, 14], [9, 19, 10, 18], [13, 1, 14, 22], [7, 20, 8, 21], [5, 17, 6, 16], [17, 5, 18, 4], [21, 6, 22, 7], [11, 3, 12, 2]]"
11a_345_135,"[[11, 3, 12, 2], [3, 11, 4, 10], [1, 13, 2, 12], [15, 9, 16, 8], [19, 15, 20, 14], [9, 19, 10, 18], [13, 1, 14, 22], [7, 20, 8, 21], [5, 17, 6, 16], [17, 5, 18, 4], [21, 6, 22, 7]]"
11a_345_136,"[[21, 6, 22, 7], [11, 3, 12, 2], [3, 11, 4, 10], [1, 13, 2, 12], [15, 9, 16, 8], [19, 15, 20, 14], [9, 19, 10, 18], [13, 1, 14, 22], [7, 20, 8, 21], [5, 17, 6, 16], [17, 5, 18, 4]]"
11a_345_137,"[[17, 5, 18, 4], [21, 6, 22, 7], [11, 3, 12, 2], [3, 11, 4, 10], [1, 13, 2, 12], [15, 9, 16, 8], [19, 15, 20, 14], [9, 19, 10, 18], [13, 1, 14, 22], [7, 20, 8, 21], [5, 17, 6, 16]]"
11a_345_138,"[[5, 17, 6, 16], [17, 5, 18, 4], [21, 6, 22, 7], [11, 3, 12, 2], [3, 11, 4, 10], [1, 13, 2, 12], [15, 9, 16, 8], [19, 15, 20, 14], [9, 19, 10, 18], [13, 1, 14, 22], [7, 20, 8, 21]]"
11a_345_139,"[[7, 20, 8, 21], [5, 17, 6, 16], [17, 5, 18, 4], [21, 6, 22, 7], [11, 3, 12, 2], [3, 11, 4, 10], [1, 13, 2, 12], [15, 9, 16, 8], [19, 15, 20, 14], [9, 19, 10, 18], [13, 1, 14, 22]]"
11a_345_140,"[[13, 1, 14, 22], [7, 20, 8, 21], [5, 17, 6, 16], [17, 5, 18, 4], [21, 6, 22, 7], [11, 3, 12, 2], [3, 11, 4, 10], [1, 13, 2, 12], [15, 9, 16, 8], [19, 15, 20, 14], [9, 19, 10, 18]]"
11a_345_141,"[[9, 19, 10, 18], [13, 1, 14, 22], [7, 20, 8, 21], [5, 17, 6, 16], [17, 5, 18, 4], [21, 6, 22, 7], [11, 3, 12, 2], [3, 11, 4, 10], [1, 13, 2, 12], [15, 9, 16, 8], [19, 15, 20, 14]]"
11a_345_142,"[[19, 15, 20, 14], [9, 19, 10, 18], [13, 1, 14, 22], [7, 20, 8, 21], [5, 17, 6, 16], [17, 5, 18, 4], [21, 6, 22, 7], [11, 3, 12, 2], [3, 11, 4, 10], [1, 13, 2, 12], [15, 9, 16, 8]]"
11a_345_143,"[[16, 10, 17, 9], [20, 16, 21, 15], [10, 20, 11, 19], [14, 2, 15, 1], [8, 21, 9, 22], [6, 18, 7, 17], [18, 6, 19, 5], [22, 7, 1, 8], [12, 4, 13, 3], [4, 12, 5, 11], [2, 14, 3, 13]]"
11a_345_144,"[[2, 14, 3, 13], [16, 10, 17, 9], [20, 16, 21, 15], [10, 20, 11, 19], [14, 2, 15, 1], [8, 21, 9, 22], [6, 18, 7, 17], [18, 6, 19, 5], [22, 7, 1, 8], [12, 4, 13, 3], [4, 12, 5, 11]]"
11a_345_145,"[[4, 12, 5, 11], [2, 14, 3, 13], [16, 10, 17, 9], [20, 16, 21, 15], [10, 20, 11, 19], [14, 2, 15, 1], [8, 21, 9, 22], [6, 18, 7, 17], [18, 6, 19, 5], [22, 7, 1, 8], [12, 4, 13, 3]]"
11a_345_146,"[[12, 4, 13, 3], [4, 12, 5, 11], [2, 14, 3, 13], [16, 10, 17, 9], [20, 16, 21, 15], [10, 20, 11, 19], [14, 2, 15, 1], [8, 21, 9, 22], [6, 18, 7, 17], [18, 6, 19, 5], [22, 7, 1, 8]]"
11a_345_147,"[[22, 7, 1, 8], [12, 4, 13, 3], [4, 12, 5, 11], [2, 14, 3, 13], [16, 10, 17, 9], [20, 16, 21, 15], [10, 20, 11, 19], [14, 2, 15, 1], [8, 21, 9, 22], [6, 18, 7, 17], [18, 6, 19, 5]]"
11a_345_148,"[[18, 6, 19, 5], [22, 7, 1, 8], [12, 4, 13, 3], [4, 12, 5, 11], [2, 14, 3, 13], [16, 10, 17, 9], [20, 16, 21, 15], [10, 20, 11, 19], [14, 2, 15, 1], [8, 21, 9, 22], [6, 18, 7, 17]]"
11a_345_149,"[[6, 18, 7, 17], [18, 6, 19, 5], [22, 7, 1, 8], [12, 4, 13, 3], [4, 12, 5, 11], [2, 14, 3, 13], [16, 10, 17, 9], [20, 16, 21, 15], [10, 20, 11, 19], [14, 2, 15, 1], [8, 21, 9, 22]]"
11a_345_150,"[[8, 21, 9, 22], [6, 18, 7, 17], [18, 6, 19, 5], [22, 7, 1, 8], [12, 4, 13, 3], [4, 12, 5, 11], [2, 14, 3, 13], [16, 10, 17, 9], [20, 16, 21, 15], [10, 20, 11, 19], [14, 2, 15, 1]]"
11a_345_151,"[[14, 2, 15, 1], [8, 21, 9, 22], [6, 18, 7, 17], [18, 6, 19, 5], [22, 7, 1, 8], [12, 4, 13, 3], [4, 12, 5, 11], [2, 14, 3, 13], [16, 10, 17, 9], [20, 16, 21, 15], [10, 20, 11, 19]]"
11a_345_152,"[[10, 20, 11, 19], [14, 2, 15, 1], [8, 21, 9, 22], [6, 18, 7, 17], [18, 6, 19, 5], [22, 7, 1, 8], [12, 4, 13, 3], [4, 12, 5, 11], [2, 14, 3, 13], [16, 10, 17, 9], [20, 16, 21, 15]]"
11a_345_153,"[[20, 16, 21, 15], [10, 20, 11, 19], [14, 2, 15, 1], [8, 21, 9, 22], [6, 18, 7, 17], [18, 6, 19, 5], [22, 7, 1, 8], [12, 4, 13, 3], [4, 12, 5, 11], [2, 14, 3, 13], [16, 10, 17, 9]]"
11a_345_154,"[[17, 11, 18, 10], [21, 17, 22, 16], [11, 21, 12, 20], [15, 3, 16, 2], [9, 22, 10, 1], [7, 19, 8, 18], [19, 7, 20, 6], [1, 8, 2, 9], [13, 5, 14, 4], [5, 13, 6, 12], [3, 15, 4, 14]]"
11a_345_155,"[[3, 15, 4, 14], [17, 11, 18, 10], [21, 17, 22, 16], [11, 21, 12, 20], [15, 3, 16, 2], [9, 22, 10, 1], [7, 19, 8, 18], [19, 7, 20, 6], [1, 8, 2, 9], [13, 5, 14, 4], [5, 13, 6, 12]]"
11a_345_156,"[[5, 13, 6, 12], [3, 15, 4, 14], [17, 11, 18, 10], [21, 17, 22, 16], [11, 21, 12, 20], [15, 3, 16, 2], [9, 22, 10, 1], [7, 19, 8, 18], [19, 7, 20, 6], [1, 8, 2, 9], [13, 5, 14, 4]]"
11a_345_157,"[[13, 5, 14, 4], [5, 13, 6, 12], [3, 15, 4, 14], [17, 11, 18, 10], [21, 17, 22, 16], [11, 21, 12, 20], [15, 3, 16, 2], [9, 22, 10, 1], [7, 19, 8, 18], [19, 7, 20, 6], [1, 8, 2, 9]]"
11a_345_158,"[[1, 8, 2, 9], [13, 5, 14, 4], [5, 13, 6, 12], [3, 15, 4, 14], [17, 11, 18, 10], [21, 17, 22, 16], [11, 21, 12, 20], [15, 3, 16, 2], [9, 22, 10, 1], [7, 19, 8, 18], [19, 7, 20, 6]]"
11a_345_159,"[[19, 7, 20, 6], [1, 8, 2, 9], [13, 5, 14, 4], [5, 13, 6, 12], [3, 15, 4, 14], [17, 11, 18, 10], [21, 17, 22, 16], [11, 21, 12, 20], [15, 3, 16, 2], [9, 22, 10, 1], [7, 19, 8, 18]]"
11a_345_160,"[[7, 19, 8, 18], [19, 7, 20, 6], [1, 8, 2, 9], [13, 5, 14, 4], [5, 13, 6, 12], [3, 15, 4, 14], [17, 11, 18, 10], [21, 17, 22, 16], [11, 21, 12, 20], [15, 3, 16, 2], [9, 22, 10, 1]]"
11a_345_161,"[[9, 22, 10, 1], [7, 19, 8, 18], [19, 7, 20, 6], [1, 8, 2, 9], [13, 5, 14, 4], [5, 13, 6, 12], [3, 15, 4, 14], [17, 11, 18, 10], [21, 17, 22, 16], [11, 21, 12, 20], [15, 3, 16, 2]]"
11a_345_162,"[[15, 3, 16, 2], [9, 22, 10, 1], [7, 19, 8, 18], [19, 7, 20, 6], [1, 8, 2, 9], [13, 5, 14, 4], [5, 13, 6, 12], [3, 15, 4, 14], [17, 11, 18, 10], [21, 17, 22, 16], [11, 21, 12, 20]]"
11a_345_163,"[[11, 21, 12, 20], [15, 3, 16, 2], [9, 22, 10, 1], [7, 19, 8, 18], [19, 7, 20, 6], [1, 8, 2, 9], [13, 5, 14, 4], [5, 13, 6, 12], [3, 15, 4, 14], [17, 11, 18, 10], [21, 17, 22, 16]]"
11a_345_164,"[[21, 17, 22, 16], [11, 21, 12, 20], [15, 3, 16, 2], [9, 22, 10, 1], [7, 19, 8, 18], [19, 7, 20, 6], [1, 8, 2, 9], [13, 5, 14, 4], [5, 13, 6, 12], [3, 15, 4, 14], [17, 11, 18, 10]]"
11a_345_165,"[[18, 12, 19, 11], [22, 18, 1, 17], [12, 22, 13, 21], [16, 4, 17, 3], [10, 1, 11, 2], [8, 20, 9, 19], [20, 8, 21, 7], [2, 9, 3, 10], [14, 6, 15, 5], [6, 14, 7, 13], [4, 16, 5, 15]]"
11a_345_166,"[[4, 16, 5, 15], [18, 12, 19, 11], [22, 18, 1, 17], [12, 22, 13, 21], [16, 4, 17, 3], [10, 1, 11, 2], [8, 20, 9, 19], [20, 8, 21, 7], [2, 9, 3, 10], [14, 6, 15, 5], [6, 14, 7, 13]]"
11a_345_167,"[[6, 14, 7, 13], [4, 16, 5, 15], [18, 12, 19, 11], [22, 18, 1, 17], [12, 22, 13, 21], [16, 4, 17, 3], [10, 1, 11, 2], [8, 20, 9, 19], [20, 8, 21, 7], [2, 9, 3, 10], [14, 6, 15, 5]]"
11a_345_168,"[[14, 6, 15, 5], [6, 14, 7, 13], [4, 16, 5, 15], [18, 12, 19, 11], [22, 18, 1, 17], [12, 22, 13, 21], [16, 4, 17, 3], [10, 1, 11, 2], [8, 20, 9, 19], [20, 8, 21, 7], [2, 9, 3, 10]]"
11a_345_169,"[[2, 9, 3, 10], [14, 6, 15, 5], [6, 14, 7, 13], [4, 16, 5, 15], [18, 12, 19, 11], [22, 18, 1, 17], [12, 22, 13, 21], [16, 4, 17, 3], [10, 1, 11, 2], [8, 20, 9, 19], [20, 8, 21, 7]]"
11a_345_170,"[[20, 8, 21, 7], [2, 9, 3, 10], [14, 6, 15, 5], [6, 14, 7, 13], [4, 16, 5, 15], [18, 12, 19, 11], [22, 18, 1, 17], [12, 22, 13, 21], [16, 4, 17, 3], [10, 1, 11, 2], [8, 20, 9, 19]]"
11a_345_171,"[[8, 20, 9, 19], [20, 8, 21, 7], [2, 9, 3, 10], [14, 6, 15, 5], [6, 14, 7, 13], [4, 16, 5, 15], [18, 12, 19, 11], [22, 18, 1, 17], [12, 22, 13, 21], [16, 4, 17, 3], [10, 1, 11, 2]]"
11a_345_172,"[[10, 1, 11, 2], [8, 20, 9, 19], [20, 8, 21, 7], [2, 9, 3, 10], [14, 6, 15, 5], [6, 14, 7, 13], [4, 16, 5, 15], [18, 12, 19, 11], [22, 18, 1, 17], [12, 22, 13, 21], [16, 4, 17, 3]]"
11a_345_173,"[[16, 4, 17, 3], [10, 1, 11, 2], [8, 20, 9, 19], [20, 8, 21, 7], [2, 9, 3, 10], [14, 6, 15, 5], [6, 14, 7, 13], [4, 16, 5, 15], [18, 12, 19, 11], [22, 18, 1, 17], [12, 22, 13, 21]]"
11a_345_174,"[[12, 22, 13, 21], [16, 4, 17, 3], [10, 1, 11, 2], [8, 20, 9, 19], [20, 8, 21, 7], [2, 9, 3, 10], [14, 6, 15, 5], [6, 14, 7, 13], [4, 16, 5, 15], [18, 12, 19, 11], [22, 18, 1, 17]]"
11a_345_175,"[[22, 18, 1, 17], [12, 22, 13, 21], [16, 4, 17, 3], [10, 1, 11, 2], [8, 20, 9, 19], [20, 8, 21, 7], [2, 9, 3, 10], [14, 6, 15, 5], [6, 14, 7, 13], [4, 16, 5, 15], [18, 12, 19, 11]]"
11a_345_176,"[[19, 13, 20, 12], [1, 19, 2, 18], [13, 1, 14, 22], [17, 5, 18, 4], [11, 2, 12, 3], [9, 21, 10, 20], [21, 9, 22, 8], [3, 10, 4, 11], [15, 7, 16, 6], [7, 15, 8, 14], [5, 17, 6, 16]]"
11a_345_177,"[[5, 17, 6, 16], [19, 13, 20, 12], [1, 19, 2, 18], [13, 1, 14, 22], [17, 5, 18, 4], [11, 2, 12, 3], [9, 21, 10, 20], [21, 9, 22, 8], [3, 10, 4, 11], [15, 7, 16, 6], [7, 15, 8, 14]]"
11a_345_178,"[[7, 15, 8, 14], [5, 17, 6, 16], [19, 13, 20, 12], [1, 19, 2, 18], [13, 1, 14, 22], [17, 5, 18, 4], [11, 2, 12, 3], [9, 21, 10, 20], [21, 9, 22, 8], [3, 10, 4, 11], [15, 7, 16, 6]]"
11a_345_179,"[[15, 7, 16, 6], [7, 15, 8, 14], [5, 17, 6, 16], [19, 13, 20, 12], [1, 19, 2, 18], [13, 1, 14, 22], [17, 5, 18, 4], [11, 2, 12, 3], [9, 21, 10, 20], [21, 9, 22, 8], [3, 10, 4, 11]]"
11a_345_180,"[[3, 10, 4, 11], [15, 7, 16, 6], [7, 15, 8, 14], [5, 17, 6, 16], [19, 13, 20, 12], [1, 19, 2, 18], [13, 1, 14, 22], [17, 5, 18, 4], [11, 2, 12, 3], [9, 21, 10, 20], [21, 9, 22, 8]]"
11a_345_181,"[[21, 9, 22, 8], [3, 10, 4, 11], [15, 7, 16, 6], [7, 15, 8, 14], [5, 17, 6, 16], [19, 13, 20, 12], [1, 19, 2, 18], [13, 1, 14, 22], [17, 5, 18, 4], [11, 2, 12, 3], [9, 21, 10, 20]]"
11a_345_182,"[[9, 21, 10, 20], [21, 9, 22, 8], [3, 10, 4, 11], [15, 7, 16, 6], [7, 15, 8, 14], [5, 17, 6, 16], [19, 13, 20, 12], [1, 19, 2, 18], [13, 1, 14, 22], [17, 5, 18, 4], [11, 2, 12, 3]]"
11a_345_183,"[[11, 2, 12, 3], [9, 21, 10, 20], [21, 9, 22, 8], [3, 10, 4, 11], [15, 7, 16, 6], [7, 15, 8, 14], [5, 17, 6, 16], [19, 13, 20, 12], [1, 19, 2, 18], [13, 1, 14, 22], [17, 5, 18, 4]]"
11a_345_184,"[[17, 5, 18, 4], [11, 2, 12, 3], [9, 21, 10, 20], [21, 9, 22, 8], [3, 10, 4, 11], [15, 7, 16, 6], [7, 15, 8, 14], [5, 17, 6, 16], [19, 13, 20, 12], [1, 19, 2, 18], [13, 1, 14, 22]]"
11a_345_185,"[[13, 1, 14, 22], [17, 5, 18, 4], [11, 2, 12, 3], [9, 21, 10, 20], [21, 9, 22, 8], [3, 10, 4, 11], [15, 7, 16, 6], [7, 15, 8, 14], [5, 17, 6, 16], [19, 13, 20, 12], [1, 19, 2, 18]]"
11a_345_186,"[[1, 19, 2, 18], [13, 1, 14, 22], [17, 5, 18, 4], [11, 2, 12, 3], [9, 21, 10, 20], [21, 9, 22, 8], [3, 10, 4, 11], [15, 7, 16, 6], [7, 15, 8, 14], [5, 17, 6, 16], [19, 13, 20, 12]]"
11a_345_187,"[[20, 14, 21, 13], [2, 20, 3, 19], [14, 2, 15, 1], [18, 6, 19, 5], [12, 3, 13, 4], [10, 22, 11, 21], [22, 10, 1, 9], [4, 11, 5, 12], [16, 8, 17, 7], [8, 16, 9, 15], [6, 18, 7, 17]]"
11a_345_188,"[[6, 18, 7, 17], [20, 14, 21, 13], [2, 20, 3, 19], [14, 2, 15, 1], [18, 6, 19, 5], [12, 3, 13, 4], [10, 22, 11, 21], [22, 10, 1, 9], [4, 11, 5, 12], [16, 8, 17, 7], [8, 16, 9, 15]]"
11a_345_189,"[[8, 16, 9, 15], [6, 18, 7, 17], [20, 14, 21, 13], [2, 20, 3, 19], [14, 2, 15, 1], [18, 6, 19, 5], [12, 3, 13, 4], [10, 22, 11, 21], [22, 10, 1, 9], [4, 11, 5, 12], [16, 8, 17, 7]]"
11a_345_190,"[[16, 8, 17, 7], [8, 16, 9, 15], [6, 18, 7, 17], [20, 14, 21, 13], [2, 20, 3, 19], [14, 2, 15, 1], [18, 6, 19, 5], [12, 3, 13, 4], [10, 22, 11, 21], [22, 10, 1, 9], [4, 11, 5, 12]]"
11a_345_191,"[[4, 11, 5, 12], [16, 8, 17, 7], [8, 16, 9, 15], [6, 18, 7, 17], [20, 14, 21, 13], [2, 20, 3, 19], [14, 2, 15, 1], [18, 6, 19, 5], [12, 3, 13, 4], [10, 22, 11, 21], [22, 10, 1, 9]]"
11a_345_192,"[[22, 10, 1, 9], [4, 11, 5, 12], [16, 8, 17, 7], [8, 16, 9, 15], [6, 18, 7, 17], [20, 14, 21, 13], [2, 20, 3, 19], [14, 2, 15, 1], [18, 6, 19, 5], [12, 3, 13, 4], [10, 22, 11, 21]]"
11a_345_193,"[[10, 22, 11, 21], [22, 10, 1, 9], [4, 11, 5, 12], [16, 8, 17, 7], [8, 16, 9, 15], [6, 18, 7, 17], [20, 14, 21, 13], [2, 20, 3, 19], [14, 2, 15, 1], [18, 6, 19, 5], [12, 3, 13, 4]]"
11a_345_194,"[[12, 3, 13, 4], [10, 22, 11, 21], [22, 10, 1, 9], [4, 11, 5, 12], [16, 8, 17, 7], [8, 16, 9, 15], [6, 18, 7, 17], [20, 14, 21, 13], [2, 20, 3, 19], [14, 2, 15, 1], [18, 6, 19, 5]]"
11a_345_195,"[[18, 6, 19, 5], [12, 3, 13, 4], [10, 22, 11, 21], [22, 10, 1, 9], [4, 11, 5, 12], [16, 8, 17, 7], [8, 16, 9, 15], [6, 18, 7, 17], [20, 14, 21, 13], [2, 20, 3, 19], [14, 2, 15, 1]]"
11a_345_196,"[[14, 2, 15, 1], [18, 6, 19, 5], [12, 3, 13, 4], [10, 22, 11, 21], [22, 10, 1, 9], [4, 11, 5, 12], [16, 8, 17, 7], [8, 16, 9, 15], [6, 18, 7, 17], [20, 14, 21, 13], [2, 20, 3, 19]]"
11a_345_197,"[[2, 20, 3, 19], [14, 2, 15, 1], [18, 6, 19, 5], [12, 3, 13, 4], [10, 22, 11, 21], [22, 10, 1, 9], [4, 11, 5, 12], [16, 8, 17, 7], [8, 16, 9, 15], [6, 18, 7, 17], [20, 14, 21, 13]]"
11a_345_198,"[[21, 15, 22, 14], [3, 21, 4, 20], [15, 3, 16, 2], [19, 7, 20, 6], [13, 4, 14, 5], [11, 1, 12, 22], [1, 11, 2, 10], [5, 12, 6, 13], [17, 9, 18, 8], [9, 17, 10, 16], [7, 19, 8, 18]]"
11a_345_199,"[[7, 19, 8, 18], [21, 15, 22, 14], [3, 21, 4, 20], [15, 3, 16, 2], [19, 7, 20, 6], [13, 4, 14, 5], [11, 1, 12, 22], [1, 11, 2, 10], [5, 12, 6, 13], [17, 9, 18, 8], [9, 17, 10, 16]]"
11a_345_200,"[[9, 17, 10, 16], [7, 19, 8, 18], [21, 15, 22, 14], [3, 21, 4, 20], [15, 3, 16, 2], [19, 7, 20, 6], [13, 4, 14, 5], [11, 1, 12, 22], [1, 11, 2, 10], [5, 12, 6, 13], [17, 9, 18, 8]]"
11a_345_201,"[[17, 9, 18, 8], [9, 17, 10, 16], [7, 19, 8, 18], [21, 15, 22, 14], [3, 21, 4, 20], [15, 3, 16, 2], [19, 7, 20, 6], [13, 4, 14, 5], [11, 1, 12, 22], [1, 11, 2, 10], [5, 12, 6, 13]]"
11a_345_202,"[[5, 12, 6, 13], [17, 9, 18, 8], [9, 17, 10, 16], [7, 19, 8, 18], [21, 15, 22, 14], [3, 21, 4, 20], [15, 3, 16, 2], [19, 7, 20, 6], [13, 4, 14, 5], [11, 1, 12, 22], [1, 11, 2, 10]]"
11a_345_203,"[[1, 11, 2, 10], [5, 12, 6, 13], [17, 9, 18, 8], [9, 17, 10, 16], [7, 19, 8, 18], [21, 15, 22, 14], [3, 21, 4, 20], [15, 3, 16, 2], [19, 7, 20, 6], [13, 4, 14, 5], [11, 1, 12, 22]]"
