name,pd_notation
11a_108_0,"[[3, 11, 4, 10], [5, 3, 6, 2], [11, 5, 12, 4], [21, 12, 22, 13], [15, 6, 16, 7], [19, 16, 20, 17], [17, 9, 18, 8], [7, 19, 8, 18], [9, 20, 10, 21], [1, 14, 2, 15], [13, 22, 14, 1]]"
11a_108_1,"[[13, 22, 14, 1], [3, 11, 4, 10], [5, 3, 6, 2], [11, 5, 12, 4], [21, 12, 22, 13], [15, 6, 16, 7], [19, 16, 20, 17], [17, 9, 18, 8], [7, 19, 8, 18], [9, 20, 10, 21], [1, 14, 2, 15]]"
11a_108_2,"[[1, 14, 2, 15], [13, 22, 14, 1], [3, 11, 4, 10], [5, 3, 6, 2], [11, 5, 12, 4], [21, 12, 22, 13], [15, 6, 16, 7], [19, 16, 20, 17], [17, 9, 18, 8], [7, 19, 8, 18], [9, 20, 10, 21]]"
11a_108_3,"[[9, 20, 10, 21], [1, 14, 2, 15], [13, 22, 14, 1], [3, 11, 4, 10], [5, 3, 6, 2], [11, 5, 12, 4], [21, 12, 22, 13], [15, 6, 16, 7], [19, 16, 20, 17], [17, 9, 18, 8], [7, 19, 8, 18]]"
11a_108_4,"[[7, 19, 8, 18], [9, 20, 10, 21], [1, 14, 2, 15], [13, 22, 14, 1], [3, 11, 4, 10], [5, 3, 6, 2], [11, 5, 12, 4], [21, 12, 22, 13], [15, 6, 16, 7], [19, 16, 20, 17], [17, 9, 18, 8]]"
11a_108_5,"[[17, 9, 18, 8], [7, 19, 8, 18], [9, 20, 10, 21], [1, 14, 2, 15], [13, 22, 14, 1], [3, 11, 4, 10], [5, 3, 6, 2], [11, 5, 12, 4], [21, 12, 22, 13], [15, 6, 16, 7], [19, 16, 20, 17]]"
11a_108_6,"[[19, 16, 20, 17], [17, 9, 18, 8], [7, 19, 8, 18], [9, 20, 10, 21], [1, 14, 2, 15], [13, 22, 14, 1], [3, 11, 4, 10], [5, 3, 6, 2], [11, 5, 12, 4], [21, 12, 22, 13], [15, 6, 16, 7]]"
11a_108_7,"[[15, 6, 16, 7], [19, 16, 20, 17], [17, 9, 18, 8], [7, 19, 8, 18], [9, 20, 10, 21], [1, 14, 2, 15], [13, 22, 14, 1], [3, 11, 4, 10], [5, 3, 6, 2], [11, 5, 12, 4], [21, 12, 22, 13]]"
11a_108_8,"[[21, 12, 22, 13], [15, 6, 16, 7], [19, 16, 20, 17], [17, 9, 18, 8], [7, 19, 8, 18], [9, 20, 10, 21], [1, 14, 2, 15], [13, 22, 14, 1], [3, 11, 4, 10], [5, 3, 6, 2], [11, 5, 12, 4]]"
11a_108_9,"[[11, 5, 12, 4], [21, 12, 22, 13], [15, 6, 16, 7], [19, 16, 20, 17], [17, 9, 18, 8], [7, 19, 8, 18], [9, 20, 10, 21], [1, 14, 2, 15], [13, 22, 14, 1], [3, 11, 4, 10], [5, 3, 6, 2]]"
11a_108_10,"[[5, 3, 6, 2], [11, 5, 12, 4], [21, 12, 22, 13], [15, 6, 16, 7], [19, 16, 20, 17], [17, 9, 18, 8], [7, 19, 8, 18], [9, 20, 10, 21], [1, 14, 2, 15], [13, 22, 14, 1], [3, 11, 4, 10]]"
11a_108_11,"[[4, 12, 5, 11], [6, 4, 7, 3], [12, 6, 13, 5], [22, 13, 1, 14], [16, 7, 17, 8], [20, 17, 21, 18], [18, 10, 19, 9], [8, 20, 9, 19], [10, 21, 11, 22], [2, 15, 3, 16], [14, 1, 15, 2]]"
11a_108_12,"[[14, 1, 15, 2], [4, 12, 5, 11], [6, 4, 7, 3], [12, 6, 13, 5], [22, 13, 1, 14], [16, 7, 17, 8], [20, 17, 21, 18], [18, 10, 19, 9], [8, 20, 9, 19], [10, 21, 11, 22], [2, 15, 3, 16]]"
11a_108_13,"[[2, 15, 3, 16], [14, 1, 15, 2], [4, 12, 5, 11], [6, 4, 7, 3], [12, 6, 13, 5], [22, 13, 1, 14], [16, 7, 17, 8], [20, 17, 21, 18], [18, 10, 19, 9], [8, 20, 9, 19], [10, 21, 11, 22]]"
11a_108_14,"[[10, 21, 11, 22], [2, 15, 3, 16], [14, 1, 15, 2], [4, 12, 5, 11], [6, 4, 7, 3], [12, 6, 13, 5], [22, 13, 1, 14], [16, 7, 17, 8], [20, 17, 21, 18], [18, 10, 19, 9], [8, 20, 9, 19]]"
11a_108_15,"[[8, 20, 9, 19], [10, 21, 11, 22], [2, 15, 3, 16], [14, 1, 15, 2], [4, 12, 5, 11], [6, 4, 7, 3], [12, 6, 13, 5], [22, 13, 1, 14], [16, 7, 17, 8], [20, 17, 21, 18], [18, 10, 19, 9]]"
11a_108_16,"[[18, 10, 19, 9], [8, 20, 9, 19], [10, 21, 11, 22], [2, 15, 3, 16], [14, 1, 15, 2], [4, 12, 5, 11], [6, 4, 7, 3], [12, 6, 13, 5], [22, 13, 1, 14], [16, 7, 17, 8], [20, 17, 21, 18]]"
11a_108_17,"[[20, 17, 21, 18], [18, 10, 19, 9], [8, 20, 9, 19], [10, 21, 11, 22], [2, 15, 3, 16], [14, 1, 15, 2], [4, 12, 5, 11], [6, 4, 7, 3], [12, 6, 13, 5], [22, 13, 1, 14], [16, 7, 17, 8]]"
11a_108_18,"[[16, 7, 17, 8], [20, 17, 21, 18], [18, 10, 19, 9], [8, 20, 9, 19], [10, 21, 11, 22], [2, 15, 3, 16], [14, 1, 15, 2], [4, 12, 5, 11], [6, 4, 7, 3], [12, 6, 13, 5], [22, 13, 1, 14]]"
11a_108_19,"[[22, 13, 1, 14], [16, 7, 17, 8], [20, 17, 21, 18], [18, 10, 19, 9], [8, 20, 9, 19], [10, 21, 11, 22], [2, 15, 3, 16], [14, 1, 15, 2], [4, 12, 5, 11], [6, 4, 7, 3], [12, 6, 13, 5]]"
11a_108_20,"[[12, 6, 13, 5], [22, 13, 1, 14], [16, 7, 17, 8], [20, 17, 21, 18], [18, 10, 19, 9], [8, 20, 9, 19], [10, 21, 11, 22], [2, 15, 3, 16], [14, 1, 15, 2], [4, 12, 5, 11], [6, 4, 7, 3]]"
11a_108_21,"[[6, 4, 7, 3], [12, 6, 13, 5], [22, 13, 1, 14], [16, 7, 17, 8], [20, 17, 21, 18], [18, 10, 19, 9], [8, 20, 9, 19], [10, 21, 11, 22], [2, 15, 3, 16], [14, 1, 15, 2], [4, 12, 5, 11]]"
11a_108_22,"[[5, 13, 6, 12], [7, 5, 8, 4], [13, 7, 14, 6], [1, 14, 2, 15], [17, 8, 18, 9], [21, 18, 22, 19], [19, 11, 20, 10], [9, 21, 10, 20], [11, 22, 12, 1], [3, 16, 4, 17], [15, 2, 16, 3]]"
11a_108_23,"[[15, 2, 16, 3], [5, 13, 6, 12], [7, 5, 8, 4], [13, 7, 14, 6], [1, 14, 2, 15], [17, 8, 18, 9], [21, 18, 22, 19], [19, 11, 20, 10], [9, 21, 10, 20], [11, 22, 12, 1], [3, 16, 4, 17]]"
11a_108_24,"[[3, 16, 4, 17], [15, 2, 16, 3], [5, 13, 6, 12], [7, 5, 8, 4], [13, 7, 14, 6], [1, 14, 2, 15], [17, 8, 18, 9], [21, 18, 22, 19], [19, 11, 20, 10], [9, 21, 10, 20], [11, 22, 12, 1]]"
11a_108_25,"[[11, 22, 12, 1], [3, 16, 4, 17], [15, 2, 16, 3], [5, 13, 6, 12], [7, 5, 8, 4], [13, 7, 14, 6], [1, 14, 2, 15], [17, 8, 18, 9], [21, 18, 22, 19], [19, 11, 20, 10], [9, 21, 10, 20]]"
11a_108_26,"[[9, 21, 10, 20], [11, 22, 12, 1], [3, 16, 4, 17], [15, 2, 16, 3], [5, 13, 6, 12], [7, 5, 8, 4], [13, 7, 14, 6], [1, 14, 2, 15], [17, 8, 18, 9], [21, 18, 22, 19], [19, 11, 20, 10]]"
11a_108_27,"[[19, 11, 20, 10], [9, 21, 10, 20], [11, 22, 12, 1], [3, 16, 4, 17], [15, 2, 16, 3], [5, 13, 6, 12], [7, 5, 8, 4], [13, 7, 14, 6], [1, 14, 2, 15], [17, 8, 18, 9], [21, 18, 22, 19]]"
11a_108_28,"[[21, 18, 22, 19], [19, 11, 20, 10], [9, 21, 10, 20], [11, 22, 12, 1], [3, 16, 4, 17], [15, 2, 16, 3], [5, 13, 6, 12], [7, 5, 8, 4], [13, 7, 14, 6], [1, 14, 2, 15], [17, 8, 18, 9]]"
11a_108_29,"[[17, 8, 18, 9], [21, 18, 22, 19], [19, 11, 20, 10], [9, 21, 10, 20], [11, 22, 12, 1], [3, 16, 4, 17], [15, 2, 16, 3], [5, 13, 6, 12], [7, 5, 8, 4], [13, 7, 14, 6], [1, 14, 2, 15]]"
11a_108_30,"[[1, 14, 2, 15], [17, 8, 18, 9], [21, 18, 22, 19], [19, 11, 20, 10], [9, 21, 10, 20], [11, 22, 12, 1], [3, 16, 4, 17], [15, 2, 16, 3], [5, 13, 6, 12], [7, 5, 8, 4], [13, 7, 14, 6]]"
11a_108_31,"[[13, 7, 14, 6], [1, 14, 2, 15], [17, 8, 18, 9], [21, 18, 22, 19], [19, 11, 20, 10], [9, 21, 10, 20], [11, 22, 12, 1], [3, 16, 4, 17], [15, 2, 16, 3], [5, 13, 6, 12], [7, 5, 8, 4]]"
11a_108_32,"[[7, 5, 8, 4], [13, 7, 14, 6], [1, 14, 2, 15], [17, 8, 18, 9], [21, 18, 22, 19], [19, 11, 20, 10], [9, 21, 10, 20], [11, 22, 12, 1], [3, 16, 4, 17], [15, 2, 16, 3], [5, 13, 6, 12]]"
11a_108_33,"[[6, 14, 7, 13], [8, 6, 9, 5], [14, 8, 15, 7], [2, 15, 3, 16], [18, 9, 19, 10], [22, 19, 1, 20], [20, 12, 21, 11], [10, 22, 11, 21], [12, 1, 13, 2], [4, 17, 5, 18], [16, 3, 17, 4]]"
11a_108_34,"[[16, 3, 17, 4], [6, 14, 7, 13], [8, 6, 9, 5], [14, 8, 15, 7], [2, 15, 3, 16], [18, 9, 19, 10], [22, 19, 1, 20], [20, 12, 21, 11], [10, 22, 11, 21], [12, 1, 13, 2], [4, 17, 5, 18]]"
11a_108_35,"[[4, 17, 5, 18], [16, 3, 17, 4], [6, 14, 7, 13], [8, 6, 9, 5], [14, 8, 15, 7], [2, 15, 3, 16], [18, 9, 19, 10], [22, 19, 1, 20], [20, 12, 21, 11], [10, 22, 11, 21], [12, 1, 13, 2]]"
11a_108_36,"[[12, 1, 13, 2], [4, 17, 5, 18], [16, 3, 17, 4], [6, 14, 7, 13], [8, 6, 9, 5], [14, 8, 15, 7], [2, 15, 3, 16], [18, 9, 19, 10], [22, 19, 1, 20], [20, 12, 21, 11], [10, 22, 11, 21]]"
11a_108_37,"[[10, 22, 11, 21], [12, 1, 13, 2], [4, 17, 5, 18], [16, 3, 17, 4], [6, 14, 7, 13], [8, 6, 9, 5], [14, 8, 15, 7], [2, 15, 3, 16], [18, 9, 19, 10], [22, 19, 1, 20], [20, 12, 21, 11]]"
11a_108_38,"[[20, 12, 21, 11], [10, 22, 11, 21], [12, 1, 13, 2], [4, 17, 5, 18], [16, 3, 17, 4], [6, 14, 7, 13], [8, 6, 9, 5], [14, 8, 15, 7], [2, 15, 3, 16], [18, 9, 19, 10], [22, 19, 1, 20]]"
11a_108_39,"[[22, 19, 1, 20], [20, 12, 21, 11], [10, 22, 11, 21], [12, 1, 13, 2], [4, 17, 5, 18], [16, 3, 17, 4], [6, 14, 7, 13], [8, 6, 9, 5], [14, 8, 15, 7], [2, 15, 3, 16], [18, 9, 19, 10]]"
11a_108_40,"[[18, 9, 19, 10], [22, 19, 1, 20], [20, 12, 21, 11], [10, 22, 11, 21], [12, 1, 13, 2], [4, 17, 5, 18], [16, 3, 17, 4], [6, 14, 7, 13], [8, 6, 9, 5], [14, 8, 15, 7], [2, 15, 3, 16]]"
11a_108_41,"[[2, 15, 3, 16], [18, 9, 19, 10], [22, 19, 1, 20], [20, 12, 21, 11], [10, 22, 11, 21], [12, 1, 13, 2], [4, 17, 5, 18], [16, 3, 17, 4], [6, 14, 7, 13], [8, 6, 9, 5], [14, 8, 15, 7]]"
11a_108_42,"[[14, 8, 15, 7], [2, 15, 3, 16], [18, 9, 19, 10], [22, 19, 1, 20], [20, 12, 21, 11], [10, 22, 11, 21], [12, 1, 13, 2], [4, 17, 5, 18], [16, 3, 17, 4], [6, 14, 7, 13], [8, 6, 9, 5]]"
11a_108_43,"[[8, 6, 9, 5], [14, 8, 15, 7], [2, 15, 3, 16], [18, 9, 19, 10], [22, 19, 1, 20], [20, 12, 21, 11], [10, 22, 11, 21], [12, 1, 13, 2], [4, 17, 5, 18], [16, 3, 17, 4], [6, 14, 7, 13]]"
11a_108_44,"[[7, 15, 8, 14], [9, 7, 10, 6], [15, 9, 16, 8], [3, 16, 4, 17], [19, 10, 20, 11], [1, 20, 2, 21], [21, 13, 22, 12], [11, 1, 12, 22], [13, 2, 14, 3], [5, 18, 6, 19], [17, 4, 18, 5]]"
11a_108_45,"[[17, 4, 18, 5], [7, 15, 8, 14], [9, 7, 10, 6], [15, 9, 16, 8], [3, 16, 4, 17], [19, 10, 20, 11], [1, 20, 2, 21], [21, 13, 22, 12], [11, 1, 12, 22], [13, 2, 14, 3], [5, 18, 6, 19]]"
11a_108_46,"[[5, 18, 6, 19], [17, 4, 18, 5], [7, 15, 8, 14], [9, 7, 10, 6], [15, 9, 16, 8], [3, 16, 4, 17], [19, 10, 20, 11], [1, 20, 2, 21], [21, 13, 22, 12], [11, 1, 12, 22], [13, 2, 14, 3]]"
11a_108_47,"[[13, 2, 14, 3], [5, 18, 6, 19], [17, 4, 18, 5], [7, 15, 8, 14], [9, 7, 10, 6], [15, 9, 16, 8], [3, 16, 4, 17], [19, 10, 20, 11], [1, 20, 2, 21], [21, 13, 22, 12], [11, 1, 12, 22]]"
11a_108_48,"[[11, 1, 12, 22], [13, 2, 14, 3], [5, 18, 6, 19], [17, 4, 18, 5], [7, 15, 8, 14], [9, 7, 10, 6], [15, 9, 16, 8], [3, 16, 4, 17], [19, 10, 20, 11], [1, 20, 2, 21], [21, 13, 22, 12]]"
11a_108_49,"[[21, 13, 22, 12], [11, 1, 12, 22], [13, 2, 14, 3], [5, 18, 6, 19], [17, 4, 18, 5], [7, 15, 8, 14], [9, 7, 10, 6], [15, 9, 16, 8], [3, 16, 4, 17], [19, 10, 20, 11], [1, 20, 2, 21]]"
11a_108_50,"[[1, 20, 2, 21], [21, 13, 22, 12], [11, 1, 12, 22], [13, 2, 14, 3], [5, 18, 6, 19], [17, 4, 18, 5], [7, 15, 8, 14], [9, 7, 10, 6], [15, 9, 16, 8], [3, 16, 4, 17], [19, 10, 20, 11]]"
11a_108_51,"[[19, 10, 20, 11], [1, 20, 2, 21], [21, 13, 22, 12], [11, 1, 12, 22], [13, 2, 14, 3], [5, 18, 6, 19], [17, 4, 18, 5], [7, 15, 8, 14], [9, 7, 10, 6], [15, 9, 16, 8], [3, 16, 4, 17]]"
11a_108_52,"[[3, 16, 4, 17], [19, 10, 20, 11], [1, 20, 2, 21], [21, 13, 22, 12], [11, 1, 12, 22], [13, 2, 14, 3], [5, 18, 6, 19], [17, 4, 18, 5], [7, 15, 8, 14], [9, 7, 10, 6], [15, 9, 16, 8]]"
11a_108_53,"[[15, 9, 16, 8], [3, 16, 4, 17], [19, 10, 20, 11], [1, 20, 2, 21], [21, 13, 22, 12], [11, 1, 12, 22], [13, 2, 14, 3], [5, 18, 6, 19], [17, 4, 18, 5], [7, 15, 8, 14], [9, 7, 10, 6]]"
11a_108_54,"[[9, 7, 10, 6], [15, 9, 16, 8], [3, 16, 4, 17], [19, 10, 20, 11], [1, 20, 2, 21], [21, 13, 22, 12], [11, 1, 12, 22], [13, 2, 14, 3], [5, 18, 6, 19], [17, 4, 18, 5], [7, 15, 8, 14]]"
11a_108_55,"[[8, 16, 9, 15], [10, 8, 11, 7], [16, 10, 17, 9], [4, 17, 5, 18], [20, 11, 21, 12], [2, 21, 3, 22], [22, 14, 1, 13], [12, 2, 13, 1], [14, 3, 15, 4], [6, 19, 7, 20], [18, 5, 19, 6]]"
11a_108_56,"[[18, 5, 19, 6], [8, 16, 9, 15], [10, 8, 11, 7], [16, 10, 17, 9], [4, 17, 5, 18], [20, 11, 21, 12], [2, 21, 3, 22], [22, 14, 1, 13], [12, 2, 13, 1], [14, 3, 15, 4], [6, 19, 7, 20]]"
11a_108_57,"[[6, 19, 7, 20], [18, 5, 19, 6], [8, 16, 9, 15], [10, 8, 11, 7], [16, 10, 17, 9], [4, 17, 5, 18], [20, 11, 21, 12], [2, 21, 3, 22], [22, 14, 1, 13], [12, 2, 13, 1], [14, 3, 15, 4]]"
11a_108_58,"[[14, 3, 15, 4], [6, 19, 7, 20], [18, 5, 19, 6], [8, 16, 9, 15], [10, 8, 11, 7], [16, 10, 17, 9], [4, 17, 5, 18], [20, 11, 21, 12], [2, 21, 3, 22], [22, 14, 1, 13], [12, 2, 13, 1]]"
11a_108_59,"[[12, 2, 13, 1], [14, 3, 15, 4], [6, 19, 7, 20], [18, 5, 19, 6], [8, 16, 9, 15], [10, 8, 11, 7], [16, 10, 17, 9], [4, 17, 5, 18], [20, 11, 21, 12], [2, 21, 3, 22], [22, 14, 1, 13]]"
11a_108_60,"[[22, 14, 1, 13], [12, 2, 13, 1], [14, 3, 15, 4], [6, 19, 7, 20], [18, 5, 19, 6], [8, 16, 9, 15], [10, 8, 11, 7], [16, 10, 17, 9], [4, 17, 5, 18], [20, 11, 21, 12], [2, 21, 3, 22]]"
11a_108_61,"[[2, 21, 3, 22], [22, 14, 1, 13], [12, 2, 13, 1], [14, 3, 15, 4], [6, 19, 7, 20], [18, 5, 19, 6], [8, 16, 9, 15], [10, 8, 11, 7], [16, 10, 17, 9], [4, 17, 5, 18], [20, 11, 21, 12]]"
11a_108_62,"[[20, 11, 21, 12], [2, 21, 3, 22], [22, 14, 1, 13], [12, 2, 13, 1], [14, 3, 15, 4], [6, 19, 7, 20], [18, 5, 19, 6], [8, 16, 9, 15], [10, 8, 11, 7], [16, 10, 17, 9], [4, 17, 5, 18]]"
11a_108_63,"[[4, 17, 5, 18], [20, 11, 21, 12], [2, 21, 3, 22], [22, 14, 1, 13], [12, 2, 13, 1], [14, 3, 15, 4], [6, 19, 7, 20], [18, 5, 19, 6], [8, 16, 9, 15], [10, 8, 11, 7], [16, 10, 17, 9]]"
11a_108_64,"[[16, 10, 17, 9], [4, 17, 5, 18], [20, 11, 21, 12], [2, 21, 3, 22], [22, 14, 1, 13], [12, 2, 13, 1], [14, 3, 15, 4], [6, 19, 7, 20], [18, 5, 19, 6], [8, 16, 9, 15], [10, 8, 11, 7]]"
11a_108_65,"[[10, 8, 11, 7], [16, 10, 17, 9], [4, 17, 5, 18], [20, 11, 21, 12], [2, 21, 3, 22], [22, 14, 1, 13], [12, 2, 13, 1], [14, 3, 15, 4], [6, 19, 7, 20], [18, 5, 19, 6], [8, 16, 9, 15]]"
11a_108_66,"[[9, 17, 10, 16], [11, 9, 12, 8], [17, 11, 18, 10], [5, 18, 6, 19], [21, 12, 22, 13], [3, 22, 4, 1], [1, 15, 2, 14], [13, 3, 14, 2], [15, 4, 16, 5], [7, 20, 8, 21], [19, 6, 20, 7]]"
11a_108_67,"[[19, 6, 20, 7], [9, 17, 10, 16], [11, 9, 12, 8], [17, 11, 18, 10], [5, 18, 6, 19], [21, 12, 22, 13], [3, 22, 4, 1], [1, 15, 2, 14], [13, 3, 14, 2], [15, 4, 16, 5], [7, 20, 8, 21]]"
11a_108_68,"[[7, 20, 8, 21], [19, 6, 20, 7], [9, 17, 10, 16], [11, 9, 12, 8], [17, 11, 18, 10], [5, 18, 6, 19], [21, 12, 22, 13], [3, 22, 4, 1], [1, 15, 2, 14], [13, 3, 14, 2], [15, 4, 16, 5]]"
11a_108_69,"[[15, 4, 16, 5], [7, 20, 8, 21], [19, 6, 20, 7], [9, 17, 10, 16], [11, 9, 12, 8], [17, 11, 18, 10], [5, 18, 6, 19], [21, 12, 22, 13], [3, 22, 4, 1], [1, 15, 2, 14], [13, 3, 14, 2]]"
11a_108_70,"[[13, 3, 14, 2], [15, 4, 16, 5], [7, 20, 8, 21], [19, 6, 20, 7], [9, 17, 10, 16], [11, 9, 12, 8], [17, 11, 18, 10], [5, 18, 6, 19], [21, 12, 22, 13], [3, 22, 4, 1], [1, 15, 2, 14]]"
11a_108_71,"[[1, 15, 2, 14], [13, 3, 14, 2], [15, 4, 16, 5], [7, 20, 8, 21], [19, 6, 20, 7], [9, 17, 10, 16], [11, 9, 12, 8], [17, 11, 18, 10], [5, 18, 6, 19], [21, 12, 22, 13], [3, 22, 4, 1]]"
11a_108_72,"[[3, 22, 4, 1], [1, 15, 2, 14], [13, 3, 14, 2], [15, 4, 16, 5], [7, 20, 8, 21], [19, 6, 20, 7], [9, 17, 10, 16], [11, 9, 12, 8], [17, 11, 18, 10], [5, 18, 6, 19], [21, 12, 22, 13]]"
11a_108_73,"[[21, 12, 22, 13], [3, 22, 4, 1], [1, 15, 2, 14], [13, 3, 14, 2], [15, 4, 16, 5], [7, 20, 8, 21], [19, 6, 20, 7], [9, 17, 10, 16], [11, 9, 12, 8], [17, 11, 18, 10], [5, 18, 6, 19]]"
11a_108_74,"[[5, 18, 6, 19], [21, 12, 22, 13], [3, 22, 4, 1], [1, 15, 2, 14], [13, 3, 14, 2], [15, 4, 16, 5], [7, 20, 8, 21], [19, 6, 20, 7], [9, 17, 10, 16], [11, 9, 12, 8], [17, 11, 18, 10]]"
11a_108_75,"[[17, 11, 18, 10], [5, 18, 6, 19], [21, 12, 22, 13], [3, 22, 4, 1], [1, 15, 2, 14], [13, 3, 14, 2], [15, 4, 16, 5], [7, 20, 8, 21], [19, 6, 20, 7], [9, 17, 10, 16], [11, 9, 12, 8]]"
11a_108_76,"[[11, 9, 12, 8], [17, 11, 18, 10], [5, 18, 6, 19], [21, 12, 22, 13], [3, 22, 4, 1], [1, 15, 2, 14], [13, 3, 14, 2], [15, 4, 16, 5], [7, 20, 8, 21], [19, 6, 20, 7], [9, 17, 10, 16]]"
11a_108_77,"[[10, 18, 11, 17], [12, 10, 13, 9], [18, 12, 19, 11], [6, 19, 7, 20], [22, 13, 1, 14], [4, 1, 5, 2], [2, 16, 3, 15], [14, 4, 15, 3], [16, 5, 17, 6], [8, 21, 9, 22], [20, 7, 21, 8]]"
11a_108_78,"[[20, 7, 21, 8], [10, 18, 11, 17], [12, 10, 13, 9], [18, 12, 19, 11], [6, 19, 7, 20], [22, 13, 1, 14], [4, 1, 5, 2], [2, 16, 3, 15], [14, 4, 15, 3], [16, 5, 17, 6], [8, 21, 9, 22]]"
11a_108_79,"[[8, 21, 9, 22], [20, 7, 21, 8], [10, 18, 11, 17], [12, 10, 13, 9], [18, 12, 19, 11], [6, 19, 7, 20], [22, 13, 1, 14], [4, 1, 5, 2], [2, 16, 3, 15], [14, 4, 15, 3], [16, 5, 17, 6]]"
11a_108_80,"[[16, 5, 17, 6], [8, 21, 9, 22], [20, 7, 21, 8], [10, 18, 11, 17], [12, 10, 13, 9], [18, 12, 19, 11], [6, 19, 7, 20], [22, 13, 1, 14], [4, 1, 5, 2], [2, 16, 3, 15], [14, 4, 15, 3]]"
11a_108_81,"[[14, 4, 15, 3], [16, 5, 17, 6], [8, 21, 9, 22], [20, 7, 21, 8], [10, 18, 11, 17], [12, 10, 13, 9], [18, 12, 19, 11], [6, 19, 7, 20], [22, 13, 1, 14], [4, 1, 5, 2], [2, 16, 3, 15]]"
11a_108_82,"[[2, 16, 3, 15], [14, 4, 15, 3], [16, 5, 17, 6], [8, 21, 9, 22], [20, 7, 21, 8], [10, 18, 11, 17], [12, 10, 13, 9], [18, 12, 19, 11], [6, 19, 7, 20], [22, 13, 1, 14], [4, 1, 5, 2]]"
11a_108_83,"[[4, 1, 5, 2], [2, 16, 3, 15], [14, 4, 15, 3], [16, 5, 17, 6], [8, 21, 9, 22], [20, 7, 21, 8], [10, 18, 11, 17], [12, 10, 13, 9], [18, 12, 19, 11], [6, 19, 7, 20], [22, 13, 1, 14]]"
11a_108_84,"[[22, 13, 1, 14], [4, 1, 5, 2], [2, 16, 3, 15], [14, 4, 15, 3], [16, 5, 17, 6], [8, 21, 9, 22], [20, 7, 21, 8], [10, 18, 11, 17], [12, 10, 13, 9], [18, 12, 19, 11], [6, 19, 7, 20]]"
11a_108_85,"[[6, 19, 7, 20], [22, 13, 1, 14], [4, 1, 5, 2], [2, 16, 3, 15], [14, 4, 15, 3], [16, 5, 17, 6], [8, 21, 9, 22], [20, 7, 21, 8], [10, 18, 11, 17], [12, 10, 13, 9], [18, 12, 19, 11]]"
11a_108_86,"[[18, 12, 19, 11], [6, 19, 7, 20], [22, 13, 1, 14], [4, 1, 5, 2], [2, 16, 3, 15], [14, 4, 15, 3], [16, 5, 17, 6], [8, 21, 9, 22], [20, 7, 21, 8], [10, 18, 11, 17], [12, 10, 13, 9]]"
11a_108_87,"[[12, 10, 13, 9], [18, 12, 19, 11], [6, 19, 7, 20], [22, 13, 1, 14], [4, 1, 5, 2], [2, 16, 3, 15], [14, 4, 15, 3], [16, 5, 17, 6], [8, 21, 9, 22], [20, 7, 21, 8], [10, 18, 11, 17]]"
11a_108_88,"[[11, 19, 12, 18], [13, 11, 14, 10], [19, 13, 20, 12], [7, 20, 8, 21], [1, 14, 2, 15], [5, 2, 6, 3], [3, 17, 4, 16], [15, 5, 16, 4], [17, 6, 18, 7], [9, 22, 10, 1], [21, 8, 22, 9]]"
11a_108_89,"[[21, 8, 22, 9], [11, 19, 12, 18], [13, 11, 14, 10], [19, 13, 20, 12], [7, 20, 8, 21], [1, 14, 2, 15], [5, 2, 6, 3], [3, 17, 4, 16], [15, 5, 16, 4], [17, 6, 18, 7], [9, 22, 10, 1]]"
11a_108_90,"[[9, 22, 10, 1], [21, 8, 22, 9], [11, 19, 12, 18], [13, 11, 14, 10], [19, 13, 20, 12], [7, 20, 8, 21], [1, 14, 2, 15], [5, 2, 6, 3], [3, 17, 4, 16], [15, 5, 16, 4], [17, 6, 18, 7]]"
11a_108_91,"[[17, 6, 18, 7], [9, 22, 10, 1], [21, 8, 22, 9], [11, 19, 12, 18], [13, 11, 14, 10], [19, 13, 20, 12], [7, 20, 8, 21], [1, 14, 2, 15], [5, 2, 6, 3], [3, 17, 4, 16], [15, 5, 16, 4]]"
11a_108_92,"[[15, 5, 16, 4], [17, 6, 18, 7], [9, 22, 10, 1], [21, 8, 22, 9], [11, 19, 12, 18], [13, 11, 14, 10], [19, 13, 20, 12], [7, 20, 8, 21], [1, 14, 2, 15], [5, 2, 6, 3], [3, 17, 4, 16]]"
11a_108_93,"[[3, 17, 4, 16], [15, 5, 16, 4], [17, 6, 18, 7], [9, 22, 10, 1], [21, 8, 22, 9], [11, 19, 12, 18], [13, 11, 14, 10], [19, 13, 20, 12], [7, 20, 8, 21], [1, 14, 2, 15], [5, 2, 6, 3]]"
11a_108_94,"[[5, 2, 6, 3], [3, 17, 4, 16], [15, 5, 16, 4], [17, 6, 18, 7], [9, 22, 10, 1], [21, 8, 22, 9], [11, 19, 12, 18], [13, 11, 14, 10], [19, 13, 20, 12], [7, 20, 8, 21], [1, 14, 2, 15]]"
11a_108_95,"[[1, 14, 2, 15], [5, 2, 6, 3], [3, 17, 4, 16], [15, 5, 16, 4], [17, 6, 18, 7], [9, 22, 10, 1], [21, 8, 22, 9], [11, 19, 12, 18], [13, 11, 14, 10], [19, 13, 20, 12], [7, 20, 8, 21]]"
11a_108_96,"[[7, 20, 8, 21], [1, 14, 2, 15], [5, 2, 6, 3], [3, 17, 4, 16], [15, 5, 16, 4], [17, 6, 18, 7], [9, 22, 10, 1], [21, 8, 22, 9], [11, 19, 12, 18], [13, 11, 14, 10], [19, 13, 20, 12]]"
11a_108_97,"[[19, 13, 20, 12], [7, 20, 8, 21], [1, 14, 2, 15], [5, 2, 6, 3], [3, 17, 4, 16], [15, 5, 16, 4], [17, 6, 18, 7], [9, 22, 10, 1], [21, 8, 22, 9], [11, 19, 12, 18], [13, 11, 14, 10]]"
11a_108_98,"[[13, 11, 14, 10], [19, 13, 20, 12], [7, 20, 8, 21], [1, 14, 2, 15], [5, 2, 6, 3], [3, 17, 4, 16], [15, 5, 16, 4], [17, 6, 18, 7], [9, 22, 10, 1], [21, 8, 22, 9], [11, 19, 12, 18]]"
11a_108_99,"[[12, 20, 13, 19], [14, 12, 15, 11], [20, 14, 21, 13], [8, 21, 9, 22], [2, 15, 3, 16], [6, 3, 7, 4], [4, 18, 5, 17], [16, 6, 17, 5], [18, 7, 19, 8], [10, 1, 11, 2], [22, 9, 1, 10]]"
11a_108_100,"[[22, 9, 1, 10], [12, 20, 13, 19], [14, 12, 15, 11], [20, 14, 21, 13], [8, 21, 9, 22], [2, 15, 3, 16], [6, 3, 7, 4], [4, 18, 5, 17], [16, 6, 17, 5], [18, 7, 19, 8], [10, 1, 11, 2]]"
11a_108_101,"[[10, 1, 11, 2], [22, 9, 1, 10], [12, 20, 13, 19], [14, 12, 15, 11], [20, 14, 21, 13], [8, 21, 9, 22], [2, 15, 3, 16], [6, 3, 7, 4], [4, 18, 5, 17], [16, 6, 17, 5], [18, 7, 19, 8]]"
11a_108_102,"[[18, 7, 19, 8], [10, 1, 11, 2], [22, 9, 1, 10], [12, 20, 13, 19], [14, 12, 15, 11], [20, 14, 21, 13], [8, 21, 9, 22], [2, 15, 3, 16], [6, 3, 7, 4], [4, 18, 5, 17], [16, 6, 17, 5]]"
11a_108_103,"[[16, 6, 17, 5], [18, 7, 19, 8], [10, 1, 11, 2], [22, 9, 1, 10], [12, 20, 13, 19], [14, 12, 15, 11], [20, 14, 21, 13], [8, 21, 9, 22], [2, 15, 3, 16], [6, 3, 7, 4], [4, 18, 5, 17]]"
11a_108_104,"[[4, 18, 5, 17], [16, 6, 17, 5], [18, 7, 19, 8], [10, 1, 11, 2], [22, 9, 1, 10], [12, 20, 13, 19], [14, 12, 15, 11], [20, 14, 21, 13], [8, 21, 9, 22], [2, 15, 3, 16], [6, 3, 7, 4]]"
11a_108_105,"[[6, 3, 7, 4], [4, 18, 5, 17], [16, 6, 17, 5], [18, 7, 19, 8], [10, 1, 11, 2], [22, 9, 1, 10], [12, 20, 13, 19], [14, 12, 15, 11], [20, 14, 21, 13], [8, 21, 9, 22], [2, 15, 3, 16]]"
11a_108_106,"[[2, 15, 3, 16], [6, 3, 7, 4], [4, 18, 5, 17], [16, 6, 17, 5], [18, 7, 19, 8], [10, 1, 11, 2], [22, 9, 1, 10], [12, 20, 13, 19], [14, 12, 15, 11], [20, 14, 21, 13], [8, 21, 9, 22]]"
11a_108_107,"[[8, 21, 9, 22], [2, 15, 3, 16], [6, 3, 7, 4], [4, 18, 5, 17], [16, 6, 17, 5], [18, 7, 19, 8], [10, 1, 11, 2], [22, 9, 1, 10], [12, 20, 13, 19], [14, 12, 15, 11], [20, 14, 21, 13]]"
11a_108_108,"[[20, 14, 21, 13], [8, 21, 9, 22], [2, 15, 3, 16], [6, 3, 7, 4], [4, 18, 5, 17], [16, 6, 17, 5], [18, 7, 19, 8], [10, 1, 11, 2], [22, 9, 1, 10], [12, 20, 13, 19], [14, 12, 15, 11]]"
11a_108_109,"[[14, 12, 15, 11], [20, 14, 21, 13], [8, 21, 9, 22], [2, 15, 3, 16], [6, 3, 7, 4], [4, 18, 5, 17], [16, 6, 17, 5], [18, 7, 19, 8], [10, 1, 11, 2], [22, 9, 1, 10], [12, 20, 13, 19]]"
11a_108_110,"[[13, 21, 14, 20], [15, 13, 16, 12], [21, 15, 22, 14], [9, 22, 10, 1], [3, 16, 4, 17], [7, 4, 8, 5], [5, 19, 6, 18], [17, 7, 18, 6], [19, 8, 20, 9], [11, 2, 12, 3], [1, 10, 2, 11]]"
11a_108_111,"[[1, 10, 2, 11], [13, 21, 14, 20], [15, 13, 16, 12], [21, 15, 22, 14], [9, 22, 10, 1], [3, 16, 4, 17], [7, 4, 8, 5], [5, 19, 6, 18], [17, 7, 18, 6], [19, 8, 20, 9], [11, 2, 12, 3]]"
11a_108_112,"[[11, 2, 12, 3], [1, 10, 2, 11], [13, 21, 14, 20], [15, 13, 16, 12], [21, 15, 22, 14], [9, 22, 10, 1], [3, 16, 4, 17], [7, 4, 8, 5], [5, 19, 6, 18], [17, 7, 18, 6], [19, 8, 20, 9]]"
11a_108_113,"[[19, 8, 20, 9], [11, 2, 12, 3], [1, 10, 2, 11], [13, 21, 14, 20], [15, 13, 16, 12], [21, 15, 22, 14], [9, 22, 10, 1], [3, 16, 4, 17], [7, 4, 8, 5], [5, 19, 6, 18], [17, 7, 18, 6]]"
11a_108_114,"[[17, 7, 18, 6], [19, 8, 20, 9], [11, 2, 12, 3], [1, 10, 2, 11], [13, 21, 14, 20], [15, 13, 16, 12], [21, 15, 22, 14], [9, 22, 10, 1], [3, 16, 4, 17], [7, 4, 8, 5], [5, 19, 6, 18]]"
11a_108_115,"[[5, 19, 6, 18], [17, 7, 18, 6], [19, 8, 20, 9], [11, 2, 12, 3], [1, 10, 2, 11], [13, 21, 14, 20], [15, 13, 16, 12], [21, 15, 22, 14], [9, 22, 10, 1], [3, 16, 4, 17], [7, 4, 8, 5]]"
11a_108_116,"[[7, 4, 8, 5], [5, 19, 6, 18], [17, 7, 18, 6], [19, 8, 20, 9], [11, 2, 12, 3], [1, 10, 2, 11], [13, 21, 14, 20], [15, 13, 16, 12], [21, 15, 22, 14], [9, 22, 10, 1], [3, 16, 4, 17]]"
11a_108_117,"[[3, 16, 4, 17], [7, 4, 8, 5], [5, 19, 6, 18], [17, 7, 18, 6], [19, 8, 20, 9], [11, 2, 12, 3], [1, 10, 2, 11], [13, 21, 14, 20], [15, 13, 16, 12], [21, 15, 22, 14], [9, 22, 10, 1]]"
11a_108_118,"[[9, 22, 10, 1], [3, 16, 4, 17], [7, 4, 8, 5], [5, 19, 6, 18], [17, 7, 18, 6], [19, 8, 20, 9], [11, 2, 12, 3], [1, 10, 2, 11], [13, 21, 14, 20], [15, 13, 16, 12], [21, 15, 22, 14]]"
11a_108_119,"[[21, 15, 22, 14], [9, 22, 10, 1], [3, 16, 4, 17], [7, 4, 8, 5], [5, 19, 6, 18], [17, 7, 18, 6], [19, 8, 20, 9], [11, 2, 12, 3], [1, 10, 2, 11], [13, 21, 14, 20], [15, 13, 16, 12]]"
11a_108_120,"[[15, 13, 16, 12], [21, 15, 22, 14], [9, 22, 10, 1], [3, 16, 4, 17], [7, 4, 8, 5], [5, 19, 6, 18], [17, 7, 18, 6], [19, 8, 20, 9], [11, 2, 12, 3], [1, 10, 2, 11], [13, 21, 14, 20]]"
11a_108_121,"[[14, 22, 15, 21], [16, 14, 17, 13], [22, 16, 1, 15], [10, 1, 11, 2], [4, 17, 5, 18], [8, 5, 9, 6], [6, 20, 7, 19], [18, 8, 19, 7], [20, 9, 21, 10], [12, 3, 13, 4], [2, 11, 3, 12]]"
11a_108_122,"[[2, 11, 3, 12], [14, 22, 15, 21], [16, 14, 17, 13], [22, 16, 1, 15], [10, 1, 11, 2], [4, 17, 5, 18], [8, 5, 9, 6], [6, 20, 7, 19], [18, 8, 19, 7], [20, 9, 21, 10], [12, 3, 13, 4]]"
11a_108_123,"[[12, 3, 13, 4], [2, 11, 3, 12], [14, 22, 15, 21], [16, 14, 17, 13], [22, 16, 1, 15], [10, 1, 11, 2], [4, 17, 5, 18], [8, 5, 9, 6], [6, 20, 7, 19], [18, 8, 19, 7], [20, 9, 21, 10]]"
11a_108_124,"[[20, 9, 21, 10], [12, 3, 13, 4], [2, 11, 3, 12], [14, 22, 15, 21], [16, 14, 17, 13], [22, 16, 1, 15], [10, 1, 11, 2], [4, 17, 5, 18], [8, 5, 9, 6], [6, 20, 7, 19], [18, 8, 19, 7]]"
11a_108_125,"[[18, 8, 19, 7], [20, 9, 21, 10], [12, 3, 13, 4], [2, 11, 3, 12], [14, 22, 15, 21], [16, 14, 17, 13], [22, 16, 1, 15], [10, 1, 11, 2], [4, 17, 5, 18], [8, 5, 9, 6], [6, 20, 7, 19]]"
11a_108_126,"[[6, 20, 7, 19], [18, 8, 19, 7], [20, 9, 21, 10], [12, 3, 13, 4], [2, 11, 3, 12], [14, 22, 15, 21], [16, 14, 17, 13], [22, 16, 1, 15], [10, 1, 11, 2], [4, 17, 5, 18], [8, 5, 9, 6]]"
11a_108_127,"[[8, 5, 9, 6], [6, 20, 7, 19], [18, 8, 19, 7], [20, 9, 21, 10], [12, 3, 13, 4], [2, 11, 3, 12], [14, 22, 15, 21], [16, 14, 17, 13], [22, 16, 1, 15], [10, 1, 11, 2], [4, 17, 5, 18]]"
11a_108_128,"[[4, 17, 5, 18], [8, 5, 9, 6], [6, 20, 7, 19], [18, 8, 19, 7], [20, 9, 21, 10], [12, 3, 13, 4], [2, 11, 3, 12], [14, 22, 15, 21], [16, 14, 17, 13], [22, 16, 1, 15], [10, 1, 11, 2]]"
11a_108_129,"[[10, 1, 11, 2], [4, 17, 5, 18], [8, 5, 9, 6], [6, 20, 7, 19], [18, 8, 19, 7], [20, 9, 21, 10], [12, 3, 13, 4], [2, 11, 3, 12], [14, 22, 15, 21], [16, 14, 17, 13], [22, 16, 1, 15]]"
11a_108_130,"[[22, 16, 1, 15], [10, 1, 11, 2], [4, 17, 5, 18], [8, 5, 9, 6], [6, 20, 7, 19], [18, 8, 19, 7], [20, 9, 21, 10], [12, 3, 13, 4], [2, 11, 3, 12], [14, 22, 15, 21], [16, 14, 17, 13]]"
11a_108_131,"[[16, 14, 17, 13], [22, 16, 1, 15], [10, 1, 11, 2], [4, 17, 5, 18], [8, 5, 9, 6], [6, 20, 7, 19], [18, 8, 19, 7], [20, 9, 21, 10], [12, 3, 13, 4], [2, 11, 3, 12], [14, 22, 15, 21]]"
11a_108_132,"[[15, 1, 16, 22], [17, 15, 18, 14], [1, 17, 2, 16], [11, 2, 12, 3], [5, 18, 6, 19], [9, 6, 10, 7], [7, 21, 8, 20], [19, 9, 20, 8], [21, 10, 22, 11], [13, 4, 14, 5], [3, 12, 4, 13]]"
11a_108_133,"[[3, 12, 4, 13], [15, 1, 16, 22], [17, 15, 18, 14], [1, 17, 2, 16], [11, 2, 12, 3], [5, 18, 6, 19], [9, 6, 10, 7], [7, 21, 8, 20], [19, 9, 20, 8], [21, 10, 22, 11], [13, 4, 14, 5]]"
11a_108_134,"[[13, 4, 14, 5], [3, 12, 4, 13], [15, 1, 16, 22], [17, 15, 18, 14], [1, 17, 2, 16], [11, 2, 12, 3], [5, 18, 6, 19], [9, 6, 10, 7], [7, 21, 8, 20], [19, 9, 20, 8], [21, 10, 22, 11]]"
11a_108_135,"[[21, 10, 22, 11], [13, 4, 14, 5], [3, 12, 4, 13], [15, 1, 16, 22], [17, 15, 18, 14], [1, 17, 2, 16], [11, 2, 12, 3], [5, 18, 6, 19], [9, 6, 10, 7], [7, 21, 8, 20], [19, 9, 20, 8]]"
11a_108_136,"[[19, 9, 20, 8], [21, 10, 22, 11], [13, 4, 14, 5], [3, 12, 4, 13], [15, 1, 16, 22], [17, 15, 18, 14], [1, 17, 2, 16], [11, 2, 12, 3], [5, 18, 6, 19], [9, 6, 10, 7], [7, 21, 8, 20]]"
11a_108_137,"[[7, 21, 8, 20], [19, 9, 20, 8], [21, 10, 22, 11], [13, 4, 14, 5], [3, 12, 4, 13], [15, 1, 16, 22], [17, 15, 18, 14], [1, 17, 2, 16], [11, 2, 12, 3], [5, 18, 6, 19], [9, 6, 10, 7]]"
11a_108_138,"[[9, 6, 10, 7], [7, 21, 8, 20], [19, 9, 20, 8], [21, 10, 22, 11], [13, 4, 14, 5], [3, 12, 4, 13], [15, 1, 16, 22], [17, 15, 18, 14], [1, 17, 2, 16], [11, 2, 12, 3], [5, 18, 6, 19]]"
11a_108_139,"[[5, 18, 6, 19], [9, 6, 10, 7], [7, 21, 8, 20], [19, 9, 20, 8], [21, 10, 22, 11], [13, 4, 14, 5], [3, 12, 4, 13], [15, 1, 16, 22], [17, 15, 18, 14], [1, 17, 2, 16], [11, 2, 12, 3]]"
11a_108_140,"[[11, 2, 12, 3], [5, 18, 6, 19], [9, 6, 10, 7], [7, 21, 8, 20], [19, 9, 20, 8], [21, 10, 22, 11], [13, 4, 14, 5], [3, 12, 4, 13], [15, 1, 16, 22], [17, 15, 18, 14], [1, 17, 2, 16]]"
11a_108_141,"[[1, 17, 2, 16], [11, 2, 12, 3], [5, 18, 6, 19], [9, 6, 10, 7], [7, 21, 8, 20], [19, 9, 20, 8], [21, 10, 22, 11], [13, 4, 14, 5], [3, 12, 4, 13], [15, 1, 16, 22], [17, 15, 18, 14]]"
11a_108_142,"[[17, 15, 18, 14], [1, 17, 2, 16], [11, 2, 12, 3], [5, 18, 6, 19], [9, 6, 10, 7], [7, 21, 8, 20], [19, 9, 20, 8], [21, 10, 22, 11], [13, 4, 14, 5], [3, 12, 4, 13], [15, 1, 16, 22]]"
11a_108_143,"[[16, 2, 17, 1], [18, 16, 19, 15], [2, 18, 3, 17], [12, 3, 13, 4], [6, 19, 7, 20], [10, 7, 11, 8], [8, 22, 9, 21], [20, 10, 21, 9], [22, 11, 1, 12], [14, 5, 15, 6], [4, 13, 5, 14]]"
11a_108_144,"[[4, 13, 5, 14], [16, 2, 17, 1], [18, 16, 19, 15], [2, 18, 3, 17], [12, 3, 13, 4], [6, 19, 7, 20], [10, 7, 11, 8], [8, 22, 9, 21], [20, 10, 21, 9], [22, 11, 1, 12], [14, 5, 15, 6]]"
11a_108_145,"[[14, 5, 15, 6], [4, 13, 5, 14], [16, 2, 17, 1], [18, 16, 19, 15], [2, 18, 3, 17], [12, 3, 13, 4], [6, 19, 7, 20], [10, 7, 11, 8], [8, 22, 9, 21], [20, 10, 21, 9], [22, 11, 1, 12]]"
11a_108_146,"[[22, 11, 1, 12], [14, 5, 15, 6], [4, 13, 5, 14], [16, 2, 17, 1], [18, 16, 19, 15], [2, 18, 3, 17], [12, 3, 13, 4], [6, 19, 7, 20], [10, 7, 11, 8], [8, 22, 9, 21], [20, 10, 21, 9]]"
11a_108_147,"[[20, 10, 21, 9], [22, 11, 1, 12], [14, 5, 15, 6], [4, 13, 5, 14], [16, 2, 17, 1], [18, 16, 19, 15], [2, 18, 3, 17], [12, 3, 13, 4], [6, 19, 7, 20], [10, 7, 11, 8], [8, 22, 9, 21]]"
11a_108_148,"[[8, 22, 9, 21], [20, 10, 21, 9], [22, 11, 1, 12], [14, 5, 15, 6], [4, 13, 5, 14], [16, 2, 17, 1], [18, 16, 19, 15], [2, 18, 3, 17], [12, 3, 13, 4], [6, 19, 7, 20], [10, 7, 11, 8]]"
11a_108_149,"[[10, 7, 11, 8], [8, 22, 9, 21], [20, 10, 21, 9], [22, 11, 1, 12], [14, 5, 15, 6], [4, 13, 5, 14], [16, 2, 17, 1], [18, 16, 19, 15], [2, 18, 3, 17], [12, 3, 13, 4], [6, 19, 7, 20]]"
11a_108_150,"[[6, 19, 7, 20], [10, 7, 11, 8], [8, 22, 9, 21], [20, 10, 21, 9], [22, 11, 1, 12], [14, 5, 15, 6], [4, 13, 5, 14], [16, 2, 17, 1], [18, 16, 19, 15], [2, 18, 3, 17], [12, 3, 13, 4]]"
11a_108_151,"[[12, 3, 13, 4], [6, 19, 7, 20], [10, 7, 11, 8], [8, 22, 9, 21], [20, 10, 21, 9], [22, 11, 1, 12], [14, 5, 15, 6], [4, 13, 5, 14], [16, 2, 17, 1], [18, 16, 19, 15], [2, 18, 3, 17]]"
11a_108_152,"[[2, 18, 3, 17], [12, 3, 13, 4], [6, 19, 7, 20], [10, 7, 11, 8], [8, 22, 9, 21], [20, 10, 21, 9], [22, 11, 1, 12], [14, 5, 15, 6], [4, 13, 5, 14], [16, 2, 17, 1], [18, 16, 19, 15]]"
11a_108_153,"[[18, 16, 19, 15], [2, 18, 3, 17], [12, 3, 13, 4], [6, 19, 7, 20], [10, 7, 11, 8], [8, 22, 9, 21], [20, 10, 21, 9], [22, 11, 1, 12], [14, 5, 15, 6], [4, 13, 5, 14], [16, 2, 17, 1]]"
11a_108_154,"[[17, 3, 18, 2], [19, 17, 20, 16], [3, 19, 4, 18], [13, 4, 14, 5], [7, 20, 8, 21], [11, 8, 12, 9], [9, 1, 10, 22], [21, 11, 22, 10], [1, 12, 2, 13], [15, 6, 16, 7], [5, 14, 6, 15]]"
11a_108_155,"[[5, 14, 6, 15], [17, 3, 18, 2], [19, 17, 20, 16], [3, 19, 4, 18], [13, 4, 14, 5], [7, 20, 8, 21], [11, 8, 12, 9], [9, 1, 10, 22], [21, 11, 22, 10], [1, 12, 2, 13], [15, 6, 16, 7]]"
11a_108_156,"[[15, 6, 16, 7], [5, 14, 6, 15], [17, 3, 18, 2], [19, 17, 20, 16], [3, 19, 4, 18], [13, 4, 14, 5], [7, 20, 8, 21], [11, 8, 12, 9], [9, 1, 10, 22], [21, 11, 22, 10], [1, 12, 2, 13]]"
11a_108_157,"[[1, 12, 2, 13], [15, 6, 16, 7], [5, 14, 6, 15], [17, 3, 18, 2], [19, 17, 20, 16], [3, 19, 4, 18], [13, 4, 14, 5], [7, 20, 8, 21], [11, 8, 12, 9], [9, 1, 10, 22], [21, 11, 22, 10]]"
11a_108_158,"[[21, 11, 22, 10], [1, 12, 2, 13], [15, 6, 16, 7], [5, 14, 6, 15], [17, 3, 18, 2], [19, 17, 20, 16], [3, 19, 4, 18], [13, 4, 14, 5], [7, 20, 8, 21], [11, 8, 12, 9], [9, 1, 10, 22]]"
11a_108_159,"[[9, 1, 10, 22], [21, 11, 22, 10], [1, 12, 2, 13], [15, 6, 16, 7], [5, 14, 6, 15], [17, 3, 18, 2], [19, 17, 20, 16], [3, 19, 4, 18], [13, 4, 14, 5], [7, 20, 8, 21], [11, 8, 12, 9]]"
11a_108_160,"[[11, 8, 12, 9], [9, 1, 10, 22], [21, 11, 22, 10], [1, 12, 2, 13], [15, 6, 16, 7], [5, 14, 6, 15], [17, 3, 18, 2], [19, 17, 20, 16], [3, 19, 4, 18], [13, 4, 14, 5], [7, 20, 8, 21]]"
11a_108_161,"[[7, 20, 8, 21], [11, 8, 12, 9], [9, 1, 10, 22], [21, 11, 22, 10], [1, 12, 2, 13], [15, 6, 16, 7], [5, 14, 6, 15], [17, 3, 18, 2], [19, 17, 20, 16], [3, 19, 4, 18], [13, 4, 14, 5]]"
11a_108_162,"[[13, 4, 14, 5], [7, 20, 8, 21], [11, 8, 12, 9], [9, 1, 10, 22], [21, 11, 22, 10], [1, 12, 2, 13], [15, 6, 16, 7], [5, 14, 6, 15], [17, 3, 18, 2], [19, 17, 20, 16], [3, 19, 4, 18]]"
11a_108_163,"[[3, 19, 4, 18], [13, 4, 14, 5], [7, 20, 8, 21], [11, 8, 12, 9], [9, 1, 10, 22], [21, 11, 22, 10], [1, 12, 2, 13], [15, 6, 16, 7], [5, 14, 6, 15], [17, 3, 18, 2], [19, 17, 20, 16]]"
11a_108_164,"[[19, 17, 20, 16], [3, 19, 4, 18], [13, 4, 14, 5], [7, 20, 8, 21], [11, 8, 12, 9], [9, 1, 10, 22], [21, 11, 22, 10], [1, 12, 2, 13], [15, 6, 16, 7], [5, 14, 6, 15], [17, 3, 18, 2]]"
11a_108_165,"[[18, 4, 19, 3], [20, 18, 21, 17], [4, 20, 5, 19], [14, 5, 15, 6], [8, 21, 9, 22], [12, 9, 13, 10], [10, 2, 11, 1], [22, 12, 1, 11], [2, 13, 3, 14], [16, 7, 17, 8], [6, 15, 7, 16]]"
11a_108_166,"[[6, 15, 7, 16], [18, 4, 19, 3], [20, 18, 21, 17], [4, 20, 5, 19], [14, 5, 15, 6], [8, 21, 9, 22], [12, 9, 13, 10], [10, 2, 11, 1], [22, 12, 1, 11], [2, 13, 3, 14], [16, 7, 17, 8]]"
11a_108_167,"[[16, 7, 17, 8], [6, 15, 7, 16], [18, 4, 19, 3], [20, 18, 21, 17], [4, 20, 5, 19], [14, 5, 15, 6], [8, 21, 9, 22], [12, 9, 13, 10], [10, 2, 11, 1], [22, 12, 1, 11], [2, 13, 3, 14]]"
11a_108_168,"[[2, 13, 3, 14], [16, 7, 17, 8], [6, 15, 7, 16], [18, 4, 19, 3], [20, 18, 21, 17], [4, 20, 5, 19], [14, 5, 15, 6], [8, 21, 9, 22], [12, 9, 13, 10], [10, 2, 11, 1], [22, 12, 1, 11]]"
11a_108_169,"[[22, 12, 1, 11], [2, 13, 3, 14], [16, 7, 17, 8], [6, 15, 7, 16], [18, 4, 19, 3], [20, 18, 21, 17], [4, 20, 5, 19], [14, 5, 15, 6], [8, 21, 9, 22], [12, 9, 13, 10], [10, 2, 11, 1]]"
11a_108_170,"[[10, 2, 11, 1], [22, 12, 1, 11], [2, 13, 3, 14], [16, 7, 17, 8], [6, 15, 7, 16], [18, 4, 19, 3], [20, 18, 21, 17], [4, 20, 5, 19], [14, 5, 15, 6], [8, 21, 9, 22], [12, 9, 13, 10]]"
11a_108_171,"[[12, 9, 13, 10], [10, 2, 11, 1], [22, 12, 1, 11], [2, 13, 3, 14], [16, 7, 17, 8], [6, 15, 7, 16], [18, 4, 19, 3], [20, 18, 21, 17], [4, 20, 5, 19], [14, 5, 15, 6], [8, 21, 9, 22]]"
11a_108_172,"[[8, 21, 9, 22], [12, 9, 13, 10], [10, 2, 11, 1], [22, 12, 1, 11], [2, 13, 3, 14], [16, 7, 17, 8], [6, 15, 7, 16], [18, 4, 19, 3], [20, 18, 21, 17], [4, 20, 5, 19], [14, 5, 15, 6]]"
11a_108_173,"[[14, 5, 15, 6], [8, 21, 9, 22], [12, 9, 13, 10], [10, 2, 11, 1], [22, 12, 1, 11], [2, 13, 3, 14], [16, 7, 17, 8], [6, 15, 7, 16], [18, 4, 19, 3], [20, 18, 21, 17], [4, 20, 5, 19]]"
11a_108_174,"[[4, 20, 5, 19], [14, 5, 15, 6], [8, 21, 9, 22], [12, 9, 13, 10], [10, 2, 11, 1], [22, 12, 1, 11], [2, 13, 3, 14], [16, 7, 17, 8], [6, 15, 7, 16], [18, 4, 19, 3], [20, 18, 21, 17]]"
11a_108_175,"[[20, 18, 21, 17], [4, 20, 5, 19], [14, 5, 15, 6], [8, 21, 9, 22], [12, 9, 13, 10], [10, 2, 11, 1], [22, 12, 1, 11], [2, 13, 3, 14], [16, 7, 17, 8], [6, 15, 7, 16], [18, 4, 19, 3]]"
11a_108_176,"[[19, 5, 20, 4], [21, 19, 22, 18], [5, 21, 6, 20], [15, 6, 16, 7], [9, 22, 10, 1], [13, 10, 14, 11], [11, 3, 12, 2], [1, 13, 2, 12], [3, 14, 4, 15], [17, 8, 18, 9], [7, 16, 8, 17]]"
11a_108_177,"[[7, 16, 8, 17], [19, 5, 20, 4], [21, 19, 22, 18], [5, 21, 6, 20], [15, 6, 16, 7], [9, 22, 10, 1], [13, 10, 14, 11], [11, 3, 12, 2], [1, 13, 2, 12], [3, 14, 4, 15], [17, 8, 18, 9]]"
11a_108_178,"[[17, 8, 18, 9], [7, 16, 8, 17], [19, 5, 20, 4], [21, 19, 22, 18], [5, 21, 6, 20], [15, 6, 16, 7], [9, 22, 10, 1], [13, 10, 14, 11], [11, 3, 12, 2], [1, 13, 2, 12], [3, 14, 4, 15]]"
11a_108_179,"[[3, 14, 4, 15], [17, 8, 18, 9], [7, 16, 8, 17], [19, 5, 20, 4], [21, 19, 22, 18], [5, 21, 6, 20], [15, 6, 16, 7], [9, 22, 10, 1], [13, 10, 14, 11], [11, 3, 12, 2], [1, 13, 2, 12]]"
11a_108_180,"[[1, 13, 2, 12], [3, 14, 4, 15], [17, 8, 18, 9], [7, 16, 8, 17], [19, 5, 20, 4], [21, 19, 22, 18], [5, 21, 6, 20], [15, 6, 16, 7], [9, 22, 10, 1], [13, 10, 14, 11], [11, 3, 12, 2]]"
11a_108_181,"[[11, 3, 12, 2], [1, 13, 2, 12], [3, 14, 4, 15], [17, 8, 18, 9], [7, 16, 8, 17], [19, 5, 20, 4], [21, 19, 22, 18], [5, 21, 6, 20], [15, 6, 16, 7], [9, 22, 10, 1], [13, 10, 14, 11]]"
11a_108_182,"[[13, 10, 14, 11], [11, 3, 12, 2], [1, 13, 2, 12], [3, 14, 4, 15], [17, 8, 18, 9], [7, 16, 8, 17], [19, 5, 20, 4], [21, 19, 22, 18], [5, 21, 6, 20], [15, 6, 16, 7], [9, 22, 10, 1]]"
11a_108_183,"[[9, 22, 10, 1], [13, 10, 14, 11], [11, 3, 12, 2], [1, 13, 2, 12], [3, 14, 4, 15], [17, 8, 18, 9], [7, 16, 8, 17], [19, 5, 20, 4], [21, 19, 22, 18], [5, 21, 6, 20], [15, 6, 16, 7]]"
11a_108_184,"[[15, 6, 16, 7], [9, 22, 10, 1], [13, 10, 14, 11], [11, 3, 12, 2], [1, 13, 2, 12], [3, 14, 4, 15], [17, 8, 18, 9], [7, 16, 8, 17], [19, 5, 20, 4], [21, 19, 22, 18], [5, 21, 6, 20]]"
11a_108_185,"[[5, 21, 6, 20], [15, 6, 16, 7], [9, 22, 10, 1], [13, 10, 14, 11], [11, 3, 12, 2], [1, 13, 2, 12], [3, 14, 4, 15], [17, 8, 18, 9], [7, 16, 8, 17], [19, 5, 20, 4], [21, 19, 22, 18]]"
11a_108_186,"[[21, 19, 22, 18], [5, 21, 6, 20], [15, 6, 16, 7], [9, 22, 10, 1], [13, 10, 14, 11], [11, 3, 12, 2], [1, 13, 2, 12], [3, 14, 4, 15], [17, 8, 18, 9], [7, 16, 8, 17], [19, 5, 20, 4]]"
11a_108_187,"[[20, 6, 21, 5], [22, 20, 1, 19], [6, 22, 7, 21], [16, 7, 17, 8], [10, 1, 11, 2], [14, 11, 15, 12], [12, 4, 13, 3], [2, 14, 3, 13], [4, 15, 5, 16], [18, 9, 19, 10], [8, 17, 9, 18]]"
11a_108_188,"[[8, 17, 9, 18], [20, 6, 21, 5], [22, 20, 1, 19], [6, 22, 7, 21], [16, 7, 17, 8], [10, 1, 11, 2], [14, 11, 15, 12], [12, 4, 13, 3], [2, 14, 3, 13], [4, 15, 5, 16], [18, 9, 19, 10]]"
11a_108_189,"[[18, 9, 19, 10], [8, 17, 9, 18], [20, 6, 21, 5], [22, 20, 1, 19], [6, 22, 7, 21], [16, 7, 17, 8], [10, 1, 11, 2], [14, 11, 15, 12], [12, 4, 13, 3], [2, 14, 3, 13], [4, 15, 5, 16]]"
11a_108_190,"[[4, 15, 5, 16], [18, 9, 19, 10], [8, 17, 9, 18], [20, 6, 21, 5], [22, 20, 1, 19], [6, 22, 7, 21], [16, 7, 17, 8], [10, 1, 11, 2], [14, 11, 15, 12], [12, 4, 13, 3], [2, 14, 3, 13]]"
11a_108_191,"[[2, 14, 3, 13], [4, 15, 5, 16], [18, 9, 19, 10], [8, 17, 9, 18], [20, 6, 21, 5], [22, 20, 1, 19], [6, 22, 7, 21], [16, 7, 17, 8], [10, 1, 11, 2], [14, 11, 15, 12], [12, 4, 13, 3]]"
11a_108_192,"[[12, 4, 13, 3], [2, 14, 3, 13], [4, 15, 5, 16], [18, 9, 19, 10], [8, 17, 9, 18], [20, 6, 21, 5], [22, 20, 1, 19], [6, 22, 7, 21], [16, 7, 17, 8], [10, 1, 11, 2], [14, 11, 15, 12]]"
11a_108_193,"[[14, 11, 15, 12], [12, 4, 13, 3], [2, 14, 3, 13], [4, 15, 5, 16], [18, 9, 19, 10], [8, 17, 9, 18], [20, 6, 21, 5], [22, 20, 1, 19], [6, 22, 7, 21], [16, 7, 17, 8], [10, 1, 11, 2]]"
11a_108_194,"[[10, 1, 11, 2], [14, 11, 15, 12], [12, 4, 13, 3], [2, 14, 3, 13], [4, 15, 5, 16], [18, 9, 19, 10], [8, 17, 9, 18], [20, 6, 21, 5], [22, 20, 1, 19], [6, 22, 7, 21], [16, 7, 17, 8]]"
11a_108_195,"[[16, 7, 17, 8], [10, 1, 11, 2], [14, 11, 15, 12], [12, 4, 13, 3], [2, 14, 3, 13], [4, 15, 5, 16], [18, 9, 19, 10], [8, 17, 9, 18], [20, 6, 21, 5], [22, 20, 1, 19], [6, 22, 7, 21]]"
11a_108_196,"[[6, 22, 7, 21], [16, 7, 17, 8], [10, 1, 11, 2], [14, 11, 15, 12], [12, 4, 13, 3], [2, 14, 3, 13], [4, 15, 5, 16], [18, 9, 19, 10], [8, 17, 9, 18], [20, 6, 21, 5], [22, 20, 1, 19]]"
11a_108_197,"[[22, 20, 1, 19], [6, 22, 7, 21], [16, 7, 17, 8], [10, 1, 11, 2], [14, 11, 15, 12], [12, 4, 13, 3], [2, 14, 3, 13], [4, 15, 5, 16], [18, 9, 19, 10], [8, 17, 9, 18], [20, 6, 21, 5]]"
11a_108_198,"[[21, 7, 22, 6], [1, 21, 2, 20], [7, 1, 8, 22], [17, 8, 18, 9], [11, 2, 12, 3], [15, 12, 16, 13], [13, 5, 14, 4], [3, 15, 4, 14], [5, 16, 6, 17], [19, 10, 20, 11], [9, 18, 10, 19]]"
11a_108_199,"[[9, 18, 10, 19], [21, 7, 22, 6], [1, 21, 2, 20], [7, 1, 8, 22], [17, 8, 18, 9], [11, 2, 12, 3], [15, 12, 16, 13], [13, 5, 14, 4], [3, 15, 4, 14], [5, 16, 6, 17], [19, 10, 20, 11]]"
11a_108_200,"[[19, 10, 20, 11], [9, 18, 10, 19], [21, 7, 22, 6], [1, 21, 2, 20], [7, 1, 8, 22], [17, 8, 18, 9], [11, 2, 12, 3], [15, 12, 16, 13], [13, 5, 14, 4], [3, 15, 4, 14], [5, 16, 6, 17]]"
11a_108_201,"[[5, 16, 6, 17], [19, 10, 20, 11], [9, 18, 10, 19], [21, 7, 22, 6], [1, 21, 2, 20], [7, 1, 8, 22], [17, 8, 18, 9], [11, 2, 12, 3], [15, 12, 16, 13], [13, 5, 14, 4], [3, 15, 4, 14]]"
11a_108_202,"[[3, 15, 4, 14], [5, 16, 6, 17], [19, 10, 20, 11], [9, 18, 10, 19], [21, 7, 22, 6], [1, 21, 2, 20], [7, 1, 8, 22], [17, 8, 18, 9], [11, 2, 12, 3], [15, 12, 16, 13], [13, 5, 14, 4]]"
11a_108_203,"[[13, 5, 14, 4], [3, 15, 4, 14], [5, 16, 6, 17], [19, 10, 20, 11], [9, 18, 10, 19], [21, 7, 22, 6], [1, 21, 2, 20], [7, 1, 8, 22], [17, 8, 18, 9], [11, 2, 12, 3], [15, 12, 16, 13]]"
