name,pd_notation
11a_155_0,"[[3, 11, 4, 10], [5, 3, 6, 2], [11, 5, 12, 4], [17, 12, 18, 13], [13, 8, 14, 9], [9, 16, 10, 17], [21, 14, 22, 15], [7, 22, 8, 1], [19, 6, 20, 7], [15, 20, 16, 21], [1, 18, 2, 19]]"
11a_155_1,"[[1, 18, 2, 19], [3, 11, 4, 10], [5, 3, 6, 2], [11, 5, 12, 4], [17, 12, 18, 13], [13, 8, 14, 9], [9, 16, 10, 17], [21, 14, 22, 15], [7, 22, 8, 1], [19, 6, 20, 7], [15, 20, 16, 21]]"
11a_155_2,"[[15, 20, 16, 21], [1, 18, 2, 19], [3, 11, 4, 10], [5, 3, 6, 2], [11, 5, 12, 4], [17, 12, 18, 13], [13, 8, 14, 9], [9, 16, 10, 17], [21, 14, 22, 15], [7, 22, 8, 1], [19, 6, 20, 7]]"
11a_155_3,"[[19, 6, 20, 7], [15, 20, 16, 21], [1, 18, 2, 19], [3, 11, 4, 10], [5, 3, 6, 2], [11, 5, 12, 4], [17, 12, 18, 13], [13, 8, 14, 9], [9, 16, 10, 17], [21, 14, 22, 15], [7, 22, 8, 1]]"
11a_155_4,"[[7, 22, 8, 1], [19, 6, 20, 7], [15, 20, 16, 21], [1, 18, 2, 19], [3, 11, 4, 10], [5, 3, 6, 2], [11, 5, 12, 4], [17, 12, 18, 13], [13, 8, 14, 9], [9, 16, 10, 17], [21, 14, 22, 15]]"
11a_155_5,"[[21, 14, 22, 15], [7, 22, 8, 1], [19, 6, 20, 7], [15, 20, 16, 21], [1, 18, 2, 19], [3, 11, 4, 10], [5, 3, 6, 2], [11, 5, 12, 4], [17, 12, 18, 13], [13, 8, 14, 9], [9, 16, 10, 17]]"
11a_155_6,"[[9, 16, 10, 17], [21, 14, 22, 15], [7, 22, 8, 1], [19, 6, 20, 7], [15, 20, 16, 21], [1, 18, 2, 19], [3, 11, 4, 10], [5, 3, 6, 2], [11, 5, 12, 4], [17, 12, 18, 13], [13, 8, 14, 9]]"
11a_155_7,"[[13, 8, 14, 9], [9, 16, 10, 17], [21, 14, 22, 15], [7, 22, 8, 1], [19, 6, 20, 7], [15, 20, 16, 21], [1, 18, 2, 19], [3, 11, 4, 10], [5, 3, 6, 2], [11, 5, 12, 4], [17, 12, 18, 13]]"
11a_155_8,"[[17, 12, 18, 13], [13, 8, 14, 9], [9, 16, 10, 17], [21, 14, 22, 15], [7, 22, 8, 1], [19, 6, 20, 7], [15, 20, 16, 21], [1, 18, 2, 19], [3, 11, 4, 10], [5, 3, 6, 2], [11, 5, 12, 4]]"
11a_155_9,"[[11, 5, 12, 4], [17, 12, 18, 13], [13, 8, 14, 9], [9, 16, 10, 17], [21, 14, 22, 15], [7, 22, 8, 1], [19, 6, 20, 7], [15, 20, 16, 21], [1, 18, 2, 19], [3, 11, 4, 10], [5, 3, 6, 2]]"
11a_155_10,"[[5, 3, 6, 2], [11, 5, 12, 4], [17, 12, 18, 13], [13, 8, 14, 9], [9, 16, 10, 17], [21, 14, 22, 15], [7, 22, 8, 1], [19, 6, 20, 7], [15, 20, 16, 21], [1, 18, 2, 19], [3, 11, 4, 10]]"
11a_155_11,"[[4, 12, 5, 11], [6, 4, 7, 3], [12, 6, 13, 5], [18, 13, 19, 14], [14, 9, 15, 10], [10, 17, 11, 18], [22, 15, 1, 16], [8, 1, 9, 2], [20, 7, 21, 8], [16, 21, 17, 22], [2, 19, 3, 20]]"
11a_155_12,"[[2, 19, 3, 20], [4, 12, 5, 11], [6, 4, 7, 3], [12, 6, 13, 5], [18, 13, 19, 14], [14, 9, 15, 10], [10, 17, 11, 18], [22, 15, 1, 16], [8, 1, 9, 2], [20, 7, 21, 8], [16, 21, 17, 22]]"
11a_155_13,"[[16, 21, 17, 22], [2, 19, 3, 20], [4, 12, 5, 11], [6, 4, 7, 3], [12, 6, 13, 5], [18, 13, 19, 14], [14, 9, 15, 10], [10, 17, 11, 18], [22, 15, 1, 16], [8, 1, 9, 2], [20, 7, 21, 8]]"
11a_155_14,"[[20, 7, 21, 8], [16, 21, 17, 22], [2, 19, 3, 20], [4, 12, 5, 11], [6, 4, 7, 3], [12, 6, 13, 5], [18, 13, 19, 14], [14, 9, 15, 10], [10, 17, 11, 18], [22, 15, 1, 16], [8, 1, 9, 2]]"
11a_155_15,"[[8, 1, 9, 2], [20, 7, 21, 8], [16, 21, 17, 22], [2, 19, 3, 20], [4, 12, 5, 11], [6, 4, 7, 3], [12, 6, 13, 5], [18, 13, 19, 14], [14, 9, 15, 10], [10, 17, 11, 18], [22, 15, 1, 16]]"
11a_155_16,"[[22, 15, 1, 16], [8, 1, 9, 2], [20, 7, 21, 8], [16, 21, 17, 22], [2, 19, 3, 20], [4, 12, 5, 11], [6, 4, 7, 3], [12, 6, 13, 5], [18, 13, 19, 14], [14, 9, 15, 10], [10, 17, 11, 18]]"
11a_155_17,"[[10, 17, 11, 18], [22, 15, 1, 16], [8, 1, 9, 2], [20, 7, 21, 8], [16, 21, 17, 22], [2, 19, 3, 20], [4, 12, 5, 11], [6, 4, 7, 3], [12, 6, 13, 5], [18, 13, 19, 14], [14, 9, 15, 10]]"
11a_155_18,"[[14, 9, 15, 10], [10, 17, 11, 18], [22, 15, 1, 16], [8, 1, 9, 2], [20, 7, 21, 8], [16, 21, 17, 22], [2, 19, 3, 20], [4, 12, 5, 11], [6, 4, 7, 3], [12, 6, 13, 5], [18, 13, 19, 14]]"
11a_155_19,"[[18, 13, 19, 14], [14, 9, 15, 10], [10, 17, 11, 18], [22, 15, 1, 16], [8, 1, 9, 2], [20, 7, 21, 8], [16, 21, 17, 22], [2, 19, 3, 20], [4, 12, 5, 11], [6, 4, 7, 3], [12, 6, 13, 5]]"
11a_155_20,"[[12, 6, 13, 5], [18, 13, 19, 14], [14, 9, 15, 10], [10, 17, 11, 18], [22, 15, 1, 16], [8, 1, 9, 2], [20, 7, 21, 8], [16, 21, 17, 22], [2, 19, 3, 20], [4, 12, 5, 11], [6, 4, 7, 3]]"
11a_155_21,"[[6, 4, 7, 3], [12, 6, 13, 5], [18, 13, 19, 14], [14, 9, 15, 10], [10, 17, 11, 18], [22, 15, 1, 16], [8, 1, 9, 2], [20, 7, 21, 8], [16, 21, 17, 22], [2, 19, 3, 20], [4, 12, 5, 11]]"
11a_155_22,"[[5, 13, 6, 12], [7, 5, 8, 4], [13, 7, 14, 6], [19, 14, 20, 15], [15, 10, 16, 11], [11, 18, 12, 19], [1, 16, 2, 17], [9, 2, 10, 3], [21, 8, 22, 9], [17, 22, 18, 1], [3, 20, 4, 21]]"
11a_155_23,"[[3, 20, 4, 21], [5, 13, 6, 12], [7, 5, 8, 4], [13, 7, 14, 6], [19, 14, 20, 15], [15, 10, 16, 11], [11, 18, 12, 19], [1, 16, 2, 17], [9, 2, 10, 3], [21, 8, 22, 9], [17, 22, 18, 1]]"
11a_155_24,"[[17, 22, 18, 1], [3, 20, 4, 21], [5, 13, 6, 12], [7, 5, 8, 4], [13, 7, 14, 6], [19, 14, 20, 15], [15, 10, 16, 11], [11, 18, 12, 19], [1, 16, 2, 17], [9, 2, 10, 3], [21, 8, 22, 9]]"
11a_155_25,"[[21, 8, 22, 9], [17, 22, 18, 1], [3, 20, 4, 21], [5, 13, 6, 12], [7, 5, 8, 4], [13, 7, 14, 6], [19, 14, 20, 15], [15, 10, 16, 11], [11, 18, 12, 19], [1, 16, 2, 17], [9, 2, 10, 3]]"
11a_155_26,"[[9, 2, 10, 3], [21, 8, 22, 9], [17, 22, 18, 1], [3, 20, 4, 21], [5, 13, 6, 12], [7, 5, 8, 4], [13, 7, 14, 6], [19, 14, 20, 15], [15, 10, 16, 11], [11, 18, 12, 19], [1, 16, 2, 17]]"
11a_155_27,"[[1, 16, 2, 17], [9, 2, 10, 3], [21, 8, 22, 9], [17, 22, 18, 1], [3, 20, 4, 21], [5, 13, 6, 12], [7, 5, 8, 4], [13, 7, 14, 6], [19, 14, 20, 15], [15, 10, 16, 11], [11, 18, 12, 19]]"
11a_155_28,"[[11, 18, 12, 19], [1, 16, 2, 17], [9, 2, 10, 3], [21, 8, 22, 9], [17, 22, 18, 1], [3, 20, 4, 21], [5, 13, 6, 12], [7, 5, 8, 4], [13, 7, 14, 6], [19, 14, 20, 15], [15, 10, 16, 11]]"
11a_155_29,"[[15, 10, 16, 11], [11, 18, 12, 19], [1, 16, 2, 17], [9, 2, 10, 3], [21, 8, 22, 9], [17, 22, 18, 1], [3, 20, 4, 21], [5, 13, 6, 12], [7, 5, 8, 4], [13, 7, 14, 6], [19, 14, 20, 15]]"
11a_155_30,"[[19, 14, 20, 15], [15, 10, 16, 11], [11, 18, 12, 19], [1, 16, 2, 17], [9, 2, 10, 3], [21, 8, 22, 9], [17, 22, 18, 1], [3, 20, 4, 21], [5, 13, 6, 12], [7, 5, 8, 4], [13, 7, 14, 6]]"
11a_155_31,"[[13, 7, 14, 6], [19, 14, 20, 15], [15, 10, 16, 11], [11, 18, 12, 19], [1, 16, 2, 17], [9, 2, 10, 3], [21, 8, 22, 9], [17, 22, 18, 1], [3, 20, 4, 21], [5, 13, 6, 12], [7, 5, 8, 4]]"
11a_155_32,"[[7, 5, 8, 4], [13, 7, 14, 6], [19, 14, 20, 15], [15, 10, 16, 11], [11, 18, 12, 19], [1, 16, 2, 17], [9, 2, 10, 3], [21, 8, 22, 9], [17, 22, 18, 1], [3, 20, 4, 21], [5, 13, 6, 12]]"
11a_155_33,"[[6, 14, 7, 13], [8, 6, 9, 5], [14, 8, 15, 7], [20, 15, 21, 16], [16, 11, 17, 12], [12, 19, 13, 20], [2, 17, 3, 18], [10, 3, 11, 4], [22, 9, 1, 10], [18, 1, 19, 2], [4, 21, 5, 22]]"
11a_155_34,"[[4, 21, 5, 22], [6, 14, 7, 13], [8, 6, 9, 5], [14, 8, 15, 7], [20, 15, 21, 16], [16, 11, 17, 12], [12, 19, 13, 20], [2, 17, 3, 18], [10, 3, 11, 4], [22, 9, 1, 10], [18, 1, 19, 2]]"
11a_155_35,"[[18, 1, 19, 2], [4, 21, 5, 22], [6, 14, 7, 13], [8, 6, 9, 5], [14, 8, 15, 7], [20, 15, 21, 16], [16, 11, 17, 12], [12, 19, 13, 20], [2, 17, 3, 18], [10, 3, 11, 4], [22, 9, 1, 10]]"
11a_155_36,"[[22, 9, 1, 10], [18, 1, 19, 2], [4, 21, 5, 22], [6, 14, 7, 13], [8, 6, 9, 5], [14, 8, 15, 7], [20, 15, 21, 16], [16, 11, 17, 12], [12, 19, 13, 20], [2, 17, 3, 18], [10, 3, 11, 4]]"
11a_155_37,"[[10, 3, 11, 4], [22, 9, 1, 10], [18, 1, 19, 2], [4, 21, 5, 22], [6, 14, 7, 13], [8, 6, 9, 5], [14, 8, 15, 7], [20, 15, 21, 16], [16, 11, 17, 12], [12, 19, 13, 20], [2, 17, 3, 18]]"
11a_155_38,"[[2, 17, 3, 18], [10, 3, 11, 4], [22, 9, 1, 10], [18, 1, 19, 2], [4, 21, 5, 22], [6, 14, 7, 13], [8, 6, 9, 5], [14, 8, 15, 7], [20, 15, 21, 16], [16, 11, 17, 12], [12, 19, 13, 20]]"
11a_155_39,"[[12, 19, 13, 20], [2, 17, 3, 18], [10, 3, 11, 4], [22, 9, 1, 10], [18, 1, 19, 2], [4, 21, 5, 22], [6, 14, 7, 13], [8, 6, 9, 5], [14, 8, 15, 7], [20, 15, 21, 16], [16, 11, 17, 12]]"
11a_155_40,"[[16, 11, 17, 12], [12, 19, 13, 20], [2, 17, 3, 18], [10, 3, 11, 4], [22, 9, 1, 10], [18, 1, 19, 2], [4, 21, 5, 22], [6, 14, 7, 13], [8, 6, 9, 5], [14, 8, 15, 7], [20, 15, 21, 16]]"
11a_155_41,"[[20, 15, 21, 16], [16, 11, 17, 12], [12, 19, 13, 20], [2, 17, 3, 18], [10, 3, 11, 4], [22, 9, 1, 10], [18, 1, 19, 2], [4, 21, 5, 22], [6, 14, 7, 13], [8, 6, 9, 5], [14, 8, 15, 7]]"
11a_155_42,"[[14, 8, 15, 7], [20, 15, 21, 16], [16, 11, 17, 12], [12, 19, 13, 20], [2, 17, 3, 18], [10, 3, 11, 4], [22, 9, 1, 10], [18, 1, 19, 2], [4, 21, 5, 22], [6, 14, 7, 13], [8, 6, 9, 5]]"
11a_155_43,"[[8, 6, 9, 5], [14, 8, 15, 7], [20, 15, 21, 16], [16, 11, 17, 12], [12, 19, 13, 20], [2, 17, 3, 18], [10, 3, 11, 4], [22, 9, 1, 10], [18, 1, 19, 2], [4, 21, 5, 22], [6, 14, 7, 13]]"
11a_155_44,"[[7, 15, 8, 14], [9, 7, 10, 6], [15, 9, 16, 8], [21, 16, 22, 17], [17, 12, 18, 13], [13, 20, 14, 21], [3, 18, 4, 19], [11, 4, 12, 5], [1, 10, 2, 11], [19, 2, 20, 3], [5, 22, 6, 1]]"
11a_155_45,"[[5, 22, 6, 1], [7, 15, 8, 14], [9, 7, 10, 6], [15, 9, 16, 8], [21, 16, 22, 17], [17, 12, 18, 13], [13, 20, 14, 21], [3, 18, 4, 19], [11, 4, 12, 5], [1, 10, 2, 11], [19, 2, 20, 3]]"
11a_155_46,"[[19, 2, 20, 3], [5, 22, 6, 1], [7, 15, 8, 14], [9, 7, 10, 6], [15, 9, 16, 8], [21, 16, 22, 17], [17, 12, 18, 13], [13, 20, 14, 21], [3, 18, 4, 19], [11, 4, 12, 5], [1, 10, 2, 11]]"
11a_155_47,"[[1, 10, 2, 11], [19, 2, 20, 3], [5, 22, 6, 1], [7, 15, 8, 14], [9, 7, 10, 6], [15, 9, 16, 8], [21, 16, 22, 17], [17, 12, 18, 13], [13, 20, 14, 21], [3, 18, 4, 19], [11, 4, 12, 5]]"
11a_155_48,"[[11, 4, 12, 5], [1, 10, 2, 11], [19, 2, 20, 3], [5, 22, 6, 1], [7, 15, 8, 14], [9, 7, 10, 6], [15, 9, 16, 8], [21, 16, 22, 17], [17, 12, 18, 13], [13, 20, 14, 21], [3, 18, 4, 19]]"
11a_155_49,"[[3, 18, 4, 19], [11, 4, 12, 5], [1, 10, 2, 11], [19, 2, 20, 3], [5, 22, 6, 1], [7, 15, 8, 14], [9, 7, 10, 6], [15, 9, 16, 8], [21, 16, 22, 17], [17, 12, 18, 13], [13, 20, 14, 21]]"
11a_155_50,"[[13, 20, 14, 21], [3, 18, 4, 19], [11, 4, 12, 5], [1, 10, 2, 11], [19, 2, 20, 3], [5, 22, 6, 1], [7, 15, 8, 14], [9, 7, 10, 6], [15, 9, 16, 8], [21, 16, 22, 17], [17, 12, 18, 13]]"
11a_155_51,"[[17, 12, 18, 13], [13, 20, 14, 21], [3, 18, 4, 19], [11, 4, 12, 5], [1, 10, 2, 11], [19, 2, 20, 3], [5, 22, 6, 1], [7, 15, 8, 14], [9, 7, 10, 6], [15, 9, 16, 8], [21, 16, 22, 17]]"
11a_155_52,"[[21, 16, 22, 17], [17, 12, 18, 13], [13, 20, 14, 21], [3, 18, 4, 19], [11, 4, 12, 5], [1, 10, 2, 11], [19, 2, 20, 3], [5, 22, 6, 1], [7, 15, 8, 14], [9, 7, 10, 6], [15, 9, 16, 8]]"
11a_155_53,"[[15, 9, 16, 8], [21, 16, 22, 17], [17, 12, 18, 13], [13, 20, 14, 21], [3, 18, 4, 19], [11, 4, 12, 5], [1, 10, 2, 11], [19, 2, 20, 3], [5, 22, 6, 1], [7, 15, 8, 14], [9, 7, 10, 6]]"
11a_155_54,"[[9, 7, 10, 6], [15, 9, 16, 8], [21, 16, 22, 17], [17, 12, 18, 13], [13, 20, 14, 21], [3, 18, 4, 19], [11, 4, 12, 5], [1, 10, 2, 11], [19, 2, 20, 3], [5, 22, 6, 1], [7, 15, 8, 14]]"
11a_155_55,"[[8, 16, 9, 15], [10, 8, 11, 7], [16, 10, 17, 9], [22, 17, 1, 18], [18, 13, 19, 14], [14, 21, 15, 22], [4, 19, 5, 20], [12, 5, 13, 6], [2, 11, 3, 12], [20, 3, 21, 4], [6, 1, 7, 2]]"
11a_155_56,"[[6, 1, 7, 2], [8, 16, 9, 15], [10, 8, 11, 7], [16, 10, 17, 9], [22, 17, 1, 18], [18, 13, 19, 14], [14, 21, 15, 22], [4, 19, 5, 20], [12, 5, 13, 6], [2, 11, 3, 12], [20, 3, 21, 4]]"
11a_155_57,"[[20, 3, 21, 4], [6, 1, 7, 2], [8, 16, 9, 15], [10, 8, 11, 7], [16, 10, 17, 9], [22, 17, 1, 18], [18, 13, 19, 14], [14, 21, 15, 22], [4, 19, 5, 20], [12, 5, 13, 6], [2, 11, 3, 12]]"
11a_155_58,"[[2, 11, 3, 12], [20, 3, 21, 4], [6, 1, 7, 2], [8, 16, 9, 15], [10, 8, 11, 7], [16, 10, 17, 9], [22, 17, 1, 18], [18, 13, 19, 14], [14, 21, 15, 22], [4, 19, 5, 20], [12, 5, 13, 6]]"
11a_155_59,"[[12, 5, 13, 6], [2, 11, 3, 12], [20, 3, 21, 4], [6, 1, 7, 2], [8, 16, 9, 15], [10, 8, 11, 7], [16, 10, 17, 9], [22, 17, 1, 18], [18, 13, 19, 14], [14, 21, 15, 22], [4, 19, 5, 20]]"
11a_155_60,"[[4, 19, 5, 20], [12, 5, 13, 6], [2, 11, 3, 12], [20, 3, 21, 4], [6, 1, 7, 2], [8, 16, 9, 15], [10, 8, 11, 7], [16, 10, 17, 9], [22, 17, 1, 18], [18, 13, 19, 14], [14, 21, 15, 22]]"
11a_155_61,"[[14, 21, 15, 22], [4, 19, 5, 20], [12, 5, 13, 6], [2, 11, 3, 12], [20, 3, 21, 4], [6, 1, 7, 2], [8, 16, 9, 15], [10, 8, 11, 7], [16, 10, 17, 9], [22, 17, 1, 18], [18, 13, 19, 14]]"
11a_155_62,"[[18, 13, 19, 14], [14, 21, 15, 22], [4, 19, 5, 20], [12, 5, 13, 6], [2, 11, 3, 12], [20, 3, 21, 4], [6, 1, 7, 2], [8, 16, 9, 15], [10, 8, 11, 7], [16, 10, 17, 9], [22, 17, 1, 18]]"
11a_155_63,"[[22, 17, 1, 18], [18, 13, 19, 14], [14, 21, 15, 22], [4, 19, 5, 20], [12, 5, 13, 6], [2, 11, 3, 12], [20, 3, 21, 4], [6, 1, 7, 2], [8, 16, 9, 15], [10, 8, 11, 7], [16, 10, 17, 9]]"
11a_155_64,"[[16, 10, 17, 9], [22, 17, 1, 18], [18, 13, 19, 14], [14, 21, 15, 22], [4, 19, 5, 20], [12, 5, 13, 6], [2, 11, 3, 12], [20, 3, 21, 4], [6, 1, 7, 2], [8, 16, 9, 15], [10, 8, 11, 7]]"
11a_155_65,"[[10, 8, 11, 7], [16, 10, 17, 9], [22, 17, 1, 18], [18, 13, 19, 14], [14, 21, 15, 22], [4, 19, 5, 20], [12, 5, 13, 6], [2, 11, 3, 12], [20, 3, 21, 4], [6, 1, 7, 2], [8, 16, 9, 15]]"
11a_155_66,"[[9, 17, 10, 16], [11, 9, 12, 8], [17, 11, 18, 10], [1, 18, 2, 19], [19, 14, 20, 15], [15, 22, 16, 1], [5, 20, 6, 21], [13, 6, 14, 7], [3, 12, 4, 13], [21, 4, 22, 5], [7, 2, 8, 3]]"
11a_155_67,"[[7, 2, 8, 3], [9, 17, 10, 16], [11, 9, 12, 8], [17, 11, 18, 10], [1, 18, 2, 19], [19, 14, 20, 15], [15, 22, 16, 1], [5, 20, 6, 21], [13, 6, 14, 7], [3, 12, 4, 13], [21, 4, 22, 5]]"
11a_155_68,"[[21, 4, 22, 5], [7, 2, 8, 3], [9, 17, 10, 16], [11, 9, 12, 8], [17, 11, 18, 10], [1, 18, 2, 19], [19, 14, 20, 15], [15, 22, 16, 1], [5, 20, 6, 21], [13, 6, 14, 7], [3, 12, 4, 13]]"
11a_155_69,"[[3, 12, 4, 13], [21, 4, 22, 5], [7, 2, 8, 3], [9, 17, 10, 16], [11, 9, 12, 8], [17, 11, 18, 10], [1, 18, 2, 19], [19, 14, 20, 15], [15, 22, 16, 1], [5, 20, 6, 21], [13, 6, 14, 7]]"
11a_155_70,"[[13, 6, 14, 7], [3, 12, 4, 13], [21, 4, 22, 5], [7, 2, 8, 3], [9, 17, 10, 16], [11, 9, 12, 8], [17, 11, 18, 10], [1, 18, 2, 19], [19, 14, 20, 15], [15, 22, 16, 1], [5, 20, 6, 21]]"
11a_155_71,"[[5, 20, 6, 21], [13, 6, 14, 7], [3, 12, 4, 13], [21, 4, 22, 5], [7, 2, 8, 3], [9, 17, 10, 16], [11, 9, 12, 8], [17, 11, 18, 10], [1, 18, 2, 19], [19, 14, 20, 15], [15, 22, 16, 1]]"
11a_155_72,"[[15, 22, 16, 1], [5, 20, 6, 21], [13, 6, 14, 7], [3, 12, 4, 13], [21, 4, 22, 5], [7, 2, 8, 3], [9, 17, 10, 16], [11, 9, 12, 8], [17, 11, 18, 10], [1, 18, 2, 19], [19, 14, 20, 15]]"
11a_155_73,"[[19, 14, 20, 15], [15, 22, 16, 1], [5, 20, 6, 21], [13, 6, 14, 7], [3, 12, 4, 13], [21, 4, 22, 5], [7, 2, 8, 3], [9, 17, 10, 16], [11, 9, 12, 8], [17, 11, 18, 10], [1, 18, 2, 19]]"
11a_155_74,"[[1, 18, 2, 19], [19, 14, 20, 15], [15, 22, 16, 1], [5, 20, 6, 21], [13, 6, 14, 7], [3, 12, 4, 13], [21, 4, 22, 5], [7, 2, 8, 3], [9, 17, 10, 16], [11, 9, 12, 8], [17, 11, 18, 10]]"
11a_155_75,"[[17, 11, 18, 10], [1, 18, 2, 19], [19, 14, 20, 15], [15, 22, 16, 1], [5, 20, 6, 21], [13, 6, 14, 7], [3, 12, 4, 13], [21, 4, 22, 5], [7, 2, 8, 3], [9, 17, 10, 16], [11, 9, 12, 8]]"
11a_155_76,"[[11, 9, 12, 8], [17, 11, 18, 10], [1, 18, 2, 19], [19, 14, 20, 15], [15, 22, 16, 1], [5, 20, 6, 21], [13, 6, 14, 7], [3, 12, 4, 13], [21, 4, 22, 5], [7, 2, 8, 3], [9, 17, 10, 16]]"
11a_155_77,"[[10, 18, 11, 17], [12, 10, 13, 9], [18, 12, 19, 11], [2, 19, 3, 20], [20, 15, 21, 16], [16, 1, 17, 2], [6, 21, 7, 22], [14, 7, 15, 8], [4, 13, 5, 14], [22, 5, 1, 6], [8, 3, 9, 4]]"
11a_155_78,"[[8, 3, 9, 4], [10, 18, 11, 17], [12, 10, 13, 9], [18, 12, 19, 11], [2, 19, 3, 20], [20, 15, 21, 16], [16, 1, 17, 2], [6, 21, 7, 22], [14, 7, 15, 8], [4, 13, 5, 14], [22, 5, 1, 6]]"
11a_155_79,"[[22, 5, 1, 6], [8, 3, 9, 4], [10, 18, 11, 17], [12, 10, 13, 9], [18, 12, 19, 11], [2, 19, 3, 20], [20, 15, 21, 16], [16, 1, 17, 2], [6, 21, 7, 22], [14, 7, 15, 8], [4, 13, 5, 14]]"
11a_155_80,"[[4, 13, 5, 14], [22, 5, 1, 6], [8, 3, 9, 4], [10, 18, 11, 17], [12, 10, 13, 9], [18, 12, 19, 11], [2, 19, 3, 20], [20, 15, 21, 16], [16, 1, 17, 2], [6, 21, 7, 22], [14, 7, 15, 8]]"
11a_155_81,"[[14, 7, 15, 8], [4, 13, 5, 14], [22, 5, 1, 6], [8, 3, 9, 4], [10, 18, 11, 17], [12, 10, 13, 9], [18, 12, 19, 11], [2, 19, 3, 20], [20, 15, 21, 16], [16, 1, 17, 2], [6, 21, 7, 22]]"
11a_155_82,"[[6, 21, 7, 22], [14, 7, 15, 8], [4, 13, 5, 14], [22, 5, 1, 6], [8, 3, 9, 4], [10, 18, 11, 17], [12, 10, 13, 9], [18, 12, 19, 11], [2, 19, 3, 20], [20, 15, 21, 16], [16, 1, 17, 2]]"
11a_155_83,"[[16, 1, 17, 2], [6, 21, 7, 22], [14, 7, 15, 8], [4, 13, 5, 14], [22, 5, 1, 6], [8, 3, 9, 4], [10, 18, 11, 17], [12, 10, 13, 9], [18, 12, 19, 11], [2, 19, 3, 20], [20, 15, 21, 16]]"
11a_155_84,"[[20, 15, 21, 16], [16, 1, 17, 2], [6, 21, 7, 22], [14, 7, 15, 8], [4, 13, 5, 14], [22, 5, 1, 6], [8, 3, 9, 4], [10, 18, 11, 17], [12, 10, 13, 9], [18, 12, 19, 11], [2, 19, 3, 20]]"
11a_155_85,"[[2, 19, 3, 20], [20, 15, 21, 16], [16, 1, 17, 2], [6, 21, 7, 22], [14, 7, 15, 8], [4, 13, 5, 14], [22, 5, 1, 6], [8, 3, 9, 4], [10, 18, 11, 17], [12, 10, 13, 9], [18, 12, 19, 11]]"
11a_155_86,"[[18, 12, 19, 11], [2, 19, 3, 20], [20, 15, 21, 16], [16, 1, 17, 2], [6, 21, 7, 22], [14, 7, 15, 8], [4, 13, 5, 14], [22, 5, 1, 6], [8, 3, 9, 4], [10, 18, 11, 17], [12, 10, 13, 9]]"
11a_155_87,"[[12, 10, 13, 9], [18, 12, 19, 11], [2, 19, 3, 20], [20, 15, 21, 16], [16, 1, 17, 2], [6, 21, 7, 22], [14, 7, 15, 8], [4, 13, 5, 14], [22, 5, 1, 6], [8, 3, 9, 4], [10, 18, 11, 17]]"
11a_155_88,"[[11, 19, 12, 18], [13, 11, 14, 10], [19, 13, 20, 12], [3, 20, 4, 21], [21, 16, 22, 17], [17, 2, 18, 3], [7, 22, 8, 1], [15, 8, 16, 9], [5, 14, 6, 15], [1, 6, 2, 7], [9, 4, 10, 5]]"
11a_155_89,"[[9, 4, 10, 5], [11, 19, 12, 18], [13, 11, 14, 10], [19, 13, 20, 12], [3, 20, 4, 21], [21, 16, 22, 17], [17, 2, 18, 3], [7, 22, 8, 1], [15, 8, 16, 9], [5, 14, 6, 15], [1, 6, 2, 7]]"
11a_155_90,"[[1, 6, 2, 7], [9, 4, 10, 5], [11, 19, 12, 18], [13, 11, 14, 10], [19, 13, 20, 12], [3, 20, 4, 21], [21, 16, 22, 17], [17, 2, 18, 3], [7, 22, 8, 1], [15, 8, 16, 9], [5, 14, 6, 15]]"
11a_155_91,"[[5, 14, 6, 15], [1, 6, 2, 7], [9, 4, 10, 5], [11, 19, 12, 18], [13, 11, 14, 10], [19, 13, 20, 12], [3, 20, 4, 21], [21, 16, 22, 17], [17, 2, 18, 3], [7, 22, 8, 1], [15, 8, 16, 9]]"
11a_155_92,"[[15, 8, 16, 9], [5, 14, 6, 15], [1, 6, 2, 7], [9, 4, 10, 5], [11, 19, 12, 18], [13, 11, 14, 10], [19, 13, 20, 12], [3, 20, 4, 21], [21, 16, 22, 17], [17, 2, 18, 3], [7, 22, 8, 1]]"
11a_155_93,"[[7, 22, 8, 1], [15, 8, 16, 9], [5, 14, 6, 15], [1, 6, 2, 7], [9, 4, 10, 5], [11, 19, 12, 18], [13, 11, 14, 10], [19, 13, 20, 12], [3, 20, 4, 21], [21, 16, 22, 17], [17, 2, 18, 3]]"
11a_155_94,"[[17, 2, 18, 3], [7, 22, 8, 1], [15, 8, 16, 9], [5, 14, 6, 15], [1, 6, 2, 7], [9, 4, 10, 5], [11, 19, 12, 18], [13, 11, 14, 10], [19, 13, 20, 12], [3, 20, 4, 21], [21, 16, 22, 17]]"
11a_155_95,"[[21, 16, 22, 17], [17, 2, 18, 3], [7, 22, 8, 1], [15, 8, 16, 9], [5, 14, 6, 15], [1, 6, 2, 7], [9, 4, 10, 5], [11, 19, 12, 18], [13, 11, 14, 10], [19, 13, 20, 12], [3, 20, 4, 21]]"
11a_155_96,"[[3, 20, 4, 21], [21, 16, 22, 17], [17, 2, 18, 3], [7, 22, 8, 1], [15, 8, 16, 9], [5, 14, 6, 15], [1, 6, 2, 7], [9, 4, 10, 5], [11, 19, 12, 18], [13, 11, 14, 10], [19, 13, 20, 12]]"
11a_155_97,"[[19, 13, 20, 12], [3, 20, 4, 21], [21, 16, 22, 17], [17, 2, 18, 3], [7, 22, 8, 1], [15, 8, 16, 9], [5, 14, 6, 15], [1, 6, 2, 7], [9, 4, 10, 5], [11, 19, 12, 18], [13, 11, 14, 10]]"
11a_155_98,"[[13, 11, 14, 10], [19, 13, 20, 12], [3, 20, 4, 21], [21, 16, 22, 17], [17, 2, 18, 3], [7, 22, 8, 1], [15, 8, 16, 9], [5, 14, 6, 15], [1, 6, 2, 7], [9, 4, 10, 5], [11, 19, 12, 18]]"
11a_155_99,"[[12, 20, 13, 19], [14, 12, 15, 11], [20, 14, 21, 13], [4, 21, 5, 22], [22, 17, 1, 18], [18, 3, 19, 4], [8, 1, 9, 2], [16, 9, 17, 10], [6, 15, 7, 16], [2, 7, 3, 8], [10, 5, 11, 6]]"
11a_155_100,"[[10, 5, 11, 6], [12, 20, 13, 19], [14, 12, 15, 11], [20, 14, 21, 13], [4, 21, 5, 22], [22, 17, 1, 18], [18, 3, 19, 4], [8, 1, 9, 2], [16, 9, 17, 10], [6, 15, 7, 16], [2, 7, 3, 8]]"
11a_155_101,"[[2, 7, 3, 8], [10, 5, 11, 6], [12, 20, 13, 19], [14, 12, 15, 11], [20, 14, 21, 13], [4, 21, 5, 22], [22, 17, 1, 18], [18, 3, 19, 4], [8, 1, 9, 2], [16, 9, 17, 10], [6, 15, 7, 16]]"
11a_155_102,"[[6, 15, 7, 16], [2, 7, 3, 8], [10, 5, 11, 6], [12, 20, 13, 19], [14, 12, 15, 11], [20, 14, 21, 13], [4, 21, 5, 22], [22, 17, 1, 18], [18, 3, 19, 4], [8, 1, 9, 2], [16, 9, 17, 10]]"
11a_155_103,"[[16, 9, 17, 10], [6, 15, 7, 16], [2, 7, 3, 8], [10, 5, 11, 6], [12, 20, 13, 19], [14, 12, 15, 11], [20, 14, 21, 13], [4, 21, 5, 22], [22, 17, 1, 18], [18, 3, 19, 4], [8, 1, 9, 2]]"
11a_155_104,"[[8, 1, 9, 2], [16, 9, 17, 10], [6, 15, 7, 16], [2, 7, 3, 8], [10, 5, 11, 6], [12, 20, 13, 19], [14, 12, 15, 11], [20, 14, 21, 13], [4, 21, 5, 22], [22, 17, 1, 18], [18, 3, 19, 4]]"
11a_155_105,"[[18, 3, 19, 4], [8, 1, 9, 2], [16, 9, 17, 10], [6, 15, 7, 16], [2, 7, 3, 8], [10, 5, 11, 6], [12, 20, 13, 19], [14, 12, 15, 11], [20, 14, 21, 13], [4, 21, 5, 22], [22, 17, 1, 18]]"
11a_155_106,"[[22, 17, 1, 18], [18, 3, 19, 4], [8, 1, 9, 2], [16, 9, 17, 10], [6, 15, 7, 16], [2, 7, 3, 8], [10, 5, 11, 6], [12, 20, 13, 19], [14, 12, 15, 11], [20, 14, 21, 13], [4, 21, 5, 22]]"
11a_155_107,"[[4, 21, 5, 22], [22, 17, 1, 18], [18, 3, 19, 4], [8, 1, 9, 2], [16, 9, 17, 10], [6, 15, 7, 16], [2, 7, 3, 8], [10, 5, 11, 6], [12, 20, 13, 19], [14, 12, 15, 11], [20, 14, 21, 13]]"
11a_155_108,"[[20, 14, 21, 13], [4, 21, 5, 22], [22, 17, 1, 18], [18, 3, 19, 4], [8, 1, 9, 2], [16, 9, 17, 10], [6, 15, 7, 16], [2, 7, 3, 8], [10, 5, 11, 6], [12, 20, 13, 19], [14, 12, 15, 11]]"
11a_155_109,"[[14, 12, 15, 11], [20, 14, 21, 13], [4, 21, 5, 22], [22, 17, 1, 18], [18, 3, 19, 4], [8, 1, 9, 2], [16, 9, 17, 10], [6, 15, 7, 16], [2, 7, 3, 8], [10, 5, 11, 6], [12, 20, 13, 19]]"
11a_155_110,"[[13, 21, 14, 20], [15, 13, 16, 12], [21, 15, 22, 14], [5, 22, 6, 1], [1, 18, 2, 19], [19, 4, 20, 5], [9, 2, 10, 3], [17, 10, 18, 11], [7, 16, 8, 17], [3, 8, 4, 9], [11, 6, 12, 7]]"
11a_155_111,"[[11, 6, 12, 7], [13, 21, 14, 20], [15, 13, 16, 12], [21, 15, 22, 14], [5, 22, 6, 1], [1, 18, 2, 19], [19, 4, 20, 5], [9, 2, 10, 3], [17, 10, 18, 11], [7, 16, 8, 17], [3, 8, 4, 9]]"
11a_155_112,"[[3, 8, 4, 9], [11, 6, 12, 7], [13, 21, 14, 20], [15, 13, 16, 12], [21, 15, 22, 14], [5, 22, 6, 1], [1, 18, 2, 19], [19, 4, 20, 5], [9, 2, 10, 3], [17, 10, 18, 11], [7, 16, 8, 17]]"
11a_155_113,"[[7, 16, 8, 17], [3, 8, 4, 9], [11, 6, 12, 7], [13, 21, 14, 20], [15, 13, 16, 12], [21, 15, 22, 14], [5, 22, 6, 1], [1, 18, 2, 19], [19, 4, 20, 5], [9, 2, 10, 3], [17, 10, 18, 11]]"
11a_155_114,"[[17, 10, 18, 11], [7, 16, 8, 17], [3, 8, 4, 9], [11, 6, 12, 7], [13, 21, 14, 20], [15, 13, 16, 12], [21, 15, 22, 14], [5, 22, 6, 1], [1, 18, 2, 19], [19, 4, 20, 5], [9, 2, 10, 3]]"
11a_155_115,"[[9, 2, 10, 3], [17, 10, 18, 11], [7, 16, 8, 17], [3, 8, 4, 9], [11, 6, 12, 7], [13, 21, 14, 20], [15, 13, 16, 12], [21, 15, 22, 14], [5, 22, 6, 1], [1, 18, 2, 19], [19, 4, 20, 5]]"
11a_155_116,"[[19, 4, 20, 5], [9, 2, 10, 3], [17, 10, 18, 11], [7, 16, 8, 17], [3, 8, 4, 9], [11, 6, 12, 7], [13, 21, 14, 20], [15, 13, 16, 12], [21, 15, 22, 14], [5, 22, 6, 1], [1, 18, 2, 19]]"
11a_155_117,"[[1, 18, 2, 19], [19, 4, 20, 5], [9, 2, 10, 3], [17, 10, 18, 11], [7, 16, 8, 17], [3, 8, 4, 9], [11, 6, 12, 7], [13, 21, 14, 20], [15, 13, 16, 12], [21, 15, 22, 14], [5, 22, 6, 1]]"
11a_155_118,"[[5, 22, 6, 1], [1, 18, 2, 19], [19, 4, 20, 5], [9, 2, 10, 3], [17, 10, 18, 11], [7, 16, 8, 17], [3, 8, 4, 9], [11, 6, 12, 7], [13, 21, 14, 20], [15, 13, 16, 12], [21, 15, 22, 14]]"
11a_155_119,"[[21, 15, 22, 14], [5, 22, 6, 1], [1, 18, 2, 19], [19, 4, 20, 5], [9, 2, 10, 3], [17, 10, 18, 11], [7, 16, 8, 17], [3, 8, 4, 9], [11, 6, 12, 7], [13, 21, 14, 20], [15, 13, 16, 12]]"
11a_155_120,"[[15, 13, 16, 12], [21, 15, 22, 14], [5, 22, 6, 1], [1, 18, 2, 19], [19, 4, 20, 5], [9, 2, 10, 3], [17, 10, 18, 11], [7, 16, 8, 17], [3, 8, 4, 9], [11, 6, 12, 7], [13, 21, 14, 20]]"
11a_155_121,"[[14, 22, 15, 21], [16, 14, 17, 13], [22, 16, 1, 15], [6, 1, 7, 2], [2, 19, 3, 20], [20, 5, 21, 6], [10, 3, 11, 4], [18, 11, 19, 12], [8, 17, 9, 18], [4, 9, 5, 10], [12, 7, 13, 8]]"
11a_155_122,"[[12, 7, 13, 8], [14, 22, 15, 21], [16, 14, 17, 13], [22, 16, 1, 15], [6, 1, 7, 2], [2, 19, 3, 20], [20, 5, 21, 6], [10, 3, 11, 4], [18, 11, 19, 12], [8, 17, 9, 18], [4, 9, 5, 10]]"
11a_155_123,"[[4, 9, 5, 10], [12, 7, 13, 8], [14, 22, 15, 21], [16, 14, 17, 13], [22, 16, 1, 15], [6, 1, 7, 2], [2, 19, 3, 20], [20, 5, 21, 6], [10, 3, 11, 4], [18, 11, 19, 12], [8, 17, 9, 18]]"
11a_155_124,"[[8, 17, 9, 18], [4, 9, 5, 10], [12, 7, 13, 8], [14, 22, 15, 21], [16, 14, 17, 13], [22, 16, 1, 15], [6, 1, 7, 2], [2, 19, 3, 20], [20, 5, 21, 6], [10, 3, 11, 4], [18, 11, 19, 12]]"
11a_155_125,"[[18, 11, 19, 12], [8, 17, 9, 18], [4, 9, 5, 10], [12, 7, 13, 8], [14, 22, 15, 21], [16, 14, 17, 13], [22, 16, 1, 15], [6, 1, 7, 2], [2, 19, 3, 20], [20, 5, 21, 6], [10, 3, 11, 4]]"
11a_155_126,"[[10, 3, 11, 4], [18, 11, 19, 12], [8, 17, 9, 18], [4, 9, 5, 10], [12, 7, 13, 8], [14, 22, 15, 21], [16, 14, 17, 13], [22, 16, 1, 15], [6, 1, 7, 2], [2, 19, 3, 20], [20, 5, 21, 6]]"
11a_155_127,"[[20, 5, 21, 6], [10, 3, 11, 4], [18, 11, 19, 12], [8, 17, 9, 18], [4, 9, 5, 10], [12, 7, 13, 8], [14, 22, 15, 21], [16, 14, 17, 13], [22, 16, 1, 15], [6, 1, 7, 2], [2, 19, 3, 20]]"
11a_155_128,"[[2, 19, 3, 20], [20, 5, 21, 6], [10, 3, 11, 4], [18, 11, 19, 12], [8, 17, 9, 18], [4, 9, 5, 10], [12, 7, 13, 8], [14, 22, 15, 21], [16, 14, 17, 13], [22, 16, 1, 15], [6, 1, 7, 2]]"
11a_155_129,"[[6, 1, 7, 2], [2, 19, 3, 20], [20, 5, 21, 6], [10, 3, 11, 4], [18, 11, 19, 12], [8, 17, 9, 18], [4, 9, 5, 10], [12, 7, 13, 8], [14, 22, 15, 21], [16, 14, 17, 13], [22, 16, 1, 15]]"
11a_155_130,"[[22, 16, 1, 15], [6, 1, 7, 2], [2, 19, 3, 20], [20, 5, 21, 6], [10, 3, 11, 4], [18, 11, 19, 12], [8, 17, 9, 18], [4, 9, 5, 10], [12, 7, 13, 8], [14, 22, 15, 21], [16, 14, 17, 13]]"
11a_155_131,"[[16, 14, 17, 13], [22, 16, 1, 15], [6, 1, 7, 2], [2, 19, 3, 20], [20, 5, 21, 6], [10, 3, 11, 4], [18, 11, 19, 12], [8, 17, 9, 18], [4, 9, 5, 10], [12, 7, 13, 8], [14, 22, 15, 21]]"
11a_155_132,"[[15, 1, 16, 22], [17, 15, 18, 14], [1, 17, 2, 16], [7, 2, 8, 3], [3, 20, 4, 21], [21, 6, 22, 7], [11, 4, 12, 5], [19, 12, 20, 13], [9, 18, 10, 19], [5, 10, 6, 11], [13, 8, 14, 9]]"
11a_155_133,"[[13, 8, 14, 9], [15, 1, 16, 22], [17, 15, 18, 14], [1, 17, 2, 16], [7, 2, 8, 3], [3, 20, 4, 21], [21, 6, 22, 7], [11, 4, 12, 5], [19, 12, 20, 13], [9, 18, 10, 19], [5, 10, 6, 11]]"
11a_155_134,"[[5, 10, 6, 11], [13, 8, 14, 9], [15, 1, 16, 22], [17, 15, 18, 14], [1, 17, 2, 16], [7, 2, 8, 3], [3, 20, 4, 21], [21, 6, 22, 7], [11, 4, 12, 5], [19, 12, 20, 13], [9, 18, 10, 19]]"
11a_155_135,"[[9, 18, 10, 19], [5, 10, 6, 11], [13, 8, 14, 9], [15, 1, 16, 22], [17, 15, 18, 14], [1, 17, 2, 16], [7, 2, 8, 3], [3, 20, 4, 21], [21, 6, 22, 7], [11, 4, 12, 5], [19, 12, 20, 13]]"
11a_155_136,"[[19, 12, 20, 13], [9, 18, 10, 19], [5, 10, 6, 11], [13, 8, 14, 9], [15, 1, 16, 22], [17, 15, 18, 14], [1, 17, 2, 16], [7, 2, 8, 3], [3, 20, 4, 21], [21, 6, 22, 7], [11, 4, 12, 5]]"
11a_155_137,"[[11, 4, 12, 5], [19, 12, 20, 13], [9, 18, 10, 19], [5, 10, 6, 11], [13, 8, 14, 9], [15, 1, 16, 22], [17, 15, 18, 14], [1, 17, 2, 16], [7, 2, 8, 3], [3, 20, 4, 21], [21, 6, 22, 7]]"
11a_155_138,"[[21, 6, 22, 7], [11, 4, 12, 5], [19, 12, 20, 13], [9, 18, 10, 19], [5, 10, 6, 11], [13, 8, 14, 9], [15, 1, 16, 22], [17, 15, 18, 14], [1, 17, 2, 16], [7, 2, 8, 3], [3, 20, 4, 21]]"
11a_155_139,"[[3, 20, 4, 21], [21, 6, 22, 7], [11, 4, 12, 5], [19, 12, 20, 13], [9, 18, 10, 19], [5, 10, 6, 11], [13, 8, 14, 9], [15, 1, 16, 22], [17, 15, 18, 14], [1, 17, 2, 16], [7, 2, 8, 3]]"
11a_155_140,"[[7, 2, 8, 3], [3, 20, 4, 21], [21, 6, 22, 7], [11, 4, 12, 5], [19, 12, 20, 13], [9, 18, 10, 19], [5, 10, 6, 11], [13, 8, 14, 9], [15, 1, 16, 22], [17, 15, 18, 14], [1, 17, 2, 16]]"
11a_155_141,"[[1, 17, 2, 16], [7, 2, 8, 3], [3, 20, 4, 21], [21, 6, 22, 7], [11, 4, 12, 5], [19, 12, 20, 13], [9, 18, 10, 19], [5, 10, 6, 11], [13, 8, 14, 9], [15, 1, 16, 22], [17, 15, 18, 14]]"
11a_155_142,"[[17, 15, 18, 14], [1, 17, 2, 16], [7, 2, 8, 3], [3, 20, 4, 21], [21, 6, 22, 7], [11, 4, 12, 5], [19, 12, 20, 13], [9, 18, 10, 19], [5, 10, 6, 11], [13, 8, 14, 9], [15, 1, 16, 22]]"
11a_155_143,"[[16, 2, 17, 1], [18, 16, 19, 15], [2, 18, 3, 17], [8, 3, 9, 4], [4, 21, 5, 22], [22, 7, 1, 8], [12, 5, 13, 6], [20, 13, 21, 14], [10, 19, 11, 20], [6, 11, 7, 12], [14, 9, 15, 10]]"
11a_155_144,"[[14, 9, 15, 10], [16, 2, 17, 1], [18, 16, 19, 15], [2, 18, 3, 17], [8, 3, 9, 4], [4, 21, 5, 22], [22, 7, 1, 8], [12, 5, 13, 6], [20, 13, 21, 14], [10, 19, 11, 20], [6, 11, 7, 12]]"
11a_155_145,"[[6, 11, 7, 12], [14, 9, 15, 10], [16, 2, 17, 1], [18, 16, 19, 15], [2, 18, 3, 17], [8, 3, 9, 4], [4, 21, 5, 22], [22, 7, 1, 8], [12, 5, 13, 6], [20, 13, 21, 14], [10, 19, 11, 20]]"
11a_155_146,"[[10, 19, 11, 20], [6, 11, 7, 12], [14, 9, 15, 10], [16, 2, 17, 1], [18, 16, 19, 15], [2, 18, 3, 17], [8, 3, 9, 4], [4, 21, 5, 22], [22, 7, 1, 8], [12, 5, 13, 6], [20, 13, 21, 14]]"
11a_155_147,"[[20, 13, 21, 14], [10, 19, 11, 20], [6, 11, 7, 12], [14, 9, 15, 10], [16, 2, 17, 1], [18, 16, 19, 15], [2, 18, 3, 17], [8, 3, 9, 4], [4, 21, 5, 22], [22, 7, 1, 8], [12, 5, 13, 6]]"
11a_155_148,"[[12, 5, 13, 6], [20, 13, 21, 14], [10, 19, 11, 20], [6, 11, 7, 12], [14, 9, 15, 10], [16, 2, 17, 1], [18, 16, 19, 15], [2, 18, 3, 17], [8, 3, 9, 4], [4, 21, 5, 22], [22, 7, 1, 8]]"
11a_155_149,"[[22, 7, 1, 8], [12, 5, 13, 6], [20, 13, 21, 14], [10, 19, 11, 20], [6, 11, 7, 12], [14, 9, 15, 10], [16, 2, 17, 1], [18, 16, 19, 15], [2, 18, 3, 17], [8, 3, 9, 4], [4, 21, 5, 22]]"
11a_155_150,"[[4, 21, 5, 22], [22, 7, 1, 8], [12, 5, 13, 6], [20, 13, 21, 14], [10, 19, 11, 20], [6, 11, 7, 12], [14, 9, 15, 10], [16, 2, 17, 1], [18, 16, 19, 15], [2, 18, 3, 17], [8, 3, 9, 4]]"
11a_155_151,"[[8, 3, 9, 4], [4, 21, 5, 22], [22, 7, 1, 8], [12, 5, 13, 6], [20, 13, 21, 14], [10, 19, 11, 20], [6, 11, 7, 12], [14, 9, 15, 10], [16, 2, 17, 1], [18, 16, 19, 15], [2, 18, 3, 17]]"
11a_155_152,"[[2, 18, 3, 17], [8, 3, 9, 4], [4, 21, 5, 22], [22, 7, 1, 8], [12, 5, 13, 6], [20, 13, 21, 14], [10, 19, 11, 20], [6, 11, 7, 12], [14, 9, 15, 10], [16, 2, 17, 1], [18, 16, 19, 15]]"
11a_155_153,"[[18, 16, 19, 15], [2, 18, 3, 17], [8, 3, 9, 4], [4, 21, 5, 22], [22, 7, 1, 8], [12, 5, 13, 6], [20, 13, 21, 14], [10, 19, 11, 20], [6, 11, 7, 12], [14, 9, 15, 10], [16, 2, 17, 1]]"
11a_155_154,"[[17, 3, 18, 2], [19, 17, 20, 16], [3, 19, 4, 18], [9, 4, 10, 5], [5, 22, 6, 1], [1, 8, 2, 9], [13, 6, 14, 7], [21, 14, 22, 15], [11, 20, 12, 21], [7, 12, 8, 13], [15, 10, 16, 11]]"
11a_155_155,"[[15, 10, 16, 11], [17, 3, 18, 2], [19, 17, 20, 16], [3, 19, 4, 18], [9, 4, 10, 5], [5, 22, 6, 1], [1, 8, 2, 9], [13, 6, 14, 7], [21, 14, 22, 15], [11, 20, 12, 21], [7, 12, 8, 13]]"
11a_155_156,"[[7, 12, 8, 13], [15, 10, 16, 11], [17, 3, 18, 2], [19, 17, 20, 16], [3, 19, 4, 18], [9, 4, 10, 5], [5, 22, 6, 1], [1, 8, 2, 9], [13, 6, 14, 7], [21, 14, 22, 15], [11, 20, 12, 21]]"
11a_155_157,"[[11, 20, 12, 21], [7, 12, 8, 13], [15, 10, 16, 11], [17, 3, 18, 2], [19, 17, 20, 16], [3, 19, 4, 18], [9, 4, 10, 5], [5, 22, 6, 1], [1, 8, 2, 9], [13, 6, 14, 7], [21, 14, 22, 15]]"
11a_155_158,"[[21, 14, 22, 15], [11, 20, 12, 21], [7, 12, 8, 13], [15, 10, 16, 11], [17, 3, 18, 2], [19, 17, 20, 16], [3, 19, 4, 18], [9, 4, 10, 5], [5, 22, 6, 1], [1, 8, 2, 9], [13, 6, 14, 7]]"
11a_155_159,"[[13, 6, 14, 7], [21, 14, 22, 15], [11, 20, 12, 21], [7, 12, 8, 13], [15, 10, 16, 11], [17, 3, 18, 2], [19, 17, 20, 16], [3, 19, 4, 18], [9, 4, 10, 5], [5, 22, 6, 1], [1, 8, 2, 9]]"
11a_155_160,"[[1, 8, 2, 9], [13, 6, 14, 7], [21, 14, 22, 15], [11, 20, 12, 21], [7, 12, 8, 13], [15, 10, 16, 11], [17, 3, 18, 2], [19, 17, 20, 16], [3, 19, 4, 18], [9, 4, 10, 5], [5, 22, 6, 1]]"
11a_155_161,"[[5, 22, 6, 1], [1, 8, 2, 9], [13, 6, 14, 7], [21, 14, 22, 15], [11, 20, 12, 21], [7, 12, 8, 13], [15, 10, 16, 11], [17, 3, 18, 2], [19, 17, 20, 16], [3, 19, 4, 18], [9, 4, 10, 5]]"
11a_155_162,"[[9, 4, 10, 5], [5, 22, 6, 1], [1, 8, 2, 9], [13, 6, 14, 7], [21, 14, 22, 15], [11, 20, 12, 21], [7, 12, 8, 13], [15, 10, 16, 11], [17, 3, 18, 2], [19, 17, 20, 16], [3, 19, 4, 18]]"
11a_155_163,"[[3, 19, 4, 18], [9, 4, 10, 5], [5, 22, 6, 1], [1, 8, 2, 9], [13, 6, 14, 7], [21, 14, 22, 15], [11, 20, 12, 21], [7, 12, 8, 13], [15, 10, 16, 11], [17, 3, 18, 2], [19, 17, 20, 16]]"
11a_155_164,"[[19, 17, 20, 16], [3, 19, 4, 18], [9, 4, 10, 5], [5, 22, 6, 1], [1, 8, 2, 9], [13, 6, 14, 7], [21, 14, 22, 15], [11, 20, 12, 21], [7, 12, 8, 13], [15, 10, 16, 11], [17, 3, 18, 2]]"
11a_155_165,"[[18, 4, 19, 3], [20, 18, 21, 17], [4, 20, 5, 19], [10, 5, 11, 6], [6, 1, 7, 2], [2, 9, 3, 10], [14, 7, 15, 8], [22, 15, 1, 16], [12, 21, 13, 22], [8, 13, 9, 14], [16, 11, 17, 12]]"
11a_155_166,"[[16, 11, 17, 12], [18, 4, 19, 3], [20, 18, 21, 17], [4, 20, 5, 19], [10, 5, 11, 6], [6, 1, 7, 2], [2, 9, 3, 10], [14, 7, 15, 8], [22, 15, 1, 16], [12, 21, 13, 22], [8, 13, 9, 14]]"
11a_155_167,"[[8, 13, 9, 14], [16, 11, 17, 12], [18, 4, 19, 3], [20, 18, 21, 17], [4, 20, 5, 19], [10, 5, 11, 6], [6, 1, 7, 2], [2, 9, 3, 10], [14, 7, 15, 8], [22, 15, 1, 16], [12, 21, 13, 22]]"
11a_155_168,"[[12, 21, 13, 22], [8, 13, 9, 14], [16, 11, 17, 12], [18, 4, 19, 3], [20, 18, 21, 17], [4, 20, 5, 19], [10, 5, 11, 6], [6, 1, 7, 2], [2, 9, 3, 10], [14, 7, 15, 8], [22, 15, 1, 16]]"
11a_155_169,"[[22, 15, 1, 16], [12, 21, 13, 22], [8, 13, 9, 14], [16, 11, 17, 12], [18, 4, 19, 3], [20, 18, 21, 17], [4, 20, 5, 19], [10, 5, 11, 6], [6, 1, 7, 2], [2, 9, 3, 10], [14, 7, 15, 8]]"
11a_155_170,"[[14, 7, 15, 8], [22, 15, 1, 16], [12, 21, 13, 22], [8, 13, 9, 14], [16, 11, 17, 12], [18, 4, 19, 3], [20, 18, 21, 17], [4, 20, 5, 19], [10, 5, 11, 6], [6, 1, 7, 2], [2, 9, 3, 10]]"
11a_155_171,"[[2, 9, 3, 10], [14, 7, 15, 8], [22, 15, 1, 16], [12, 21, 13, 22], [8, 13, 9, 14], [16, 11, 17, 12], [18, 4, 19, 3], [20, 18, 21, 17], [4, 20, 5, 19], [10, 5, 11, 6], [6, 1, 7, 2]]"
11a_155_172,"[[6, 1, 7, 2], [2, 9, 3, 10], [14, 7, 15, 8], [22, 15, 1, 16], [12, 21, 13, 22], [8, 13, 9, 14], [16, 11, 17, 12], [18, 4, 19, 3], [20, 18, 21, 17], [4, 20, 5, 19], [10, 5, 11, 6]]"
11a_155_173,"[[10, 5, 11, 6], [6, 1, 7, 2], [2, 9, 3, 10], [14, 7, 15, 8], [22, 15, 1, 16], [12, 21, 13, 22], [8, 13, 9, 14], [16, 11, 17, 12], [18, 4, 19, 3], [20, 18, 21, 17], [4, 20, 5, 19]]"
11a_155_174,"[[4, 20, 5, 19], [10, 5, 11, 6], [6, 1, 7, 2], [2, 9, 3, 10], [14, 7, 15, 8], [22, 15, 1, 16], [12, 21, 13, 22], [8, 13, 9, 14], [16, 11, 17, 12], [18, 4, 19, 3], [20, 18, 21, 17]]"
11a_155_175,"[[20, 18, 21, 17], [4, 20, 5, 19], [10, 5, 11, 6], [6, 1, 7, 2], [2, 9, 3, 10], [14, 7, 15, 8], [22, 15, 1, 16], [12, 21, 13, 22], [8, 13, 9, 14], [16, 11, 17, 12], [18, 4, 19, 3]]"
11a_155_176,"[[19, 5, 20, 4], [21, 19, 22, 18], [5, 21, 6, 20], [11, 6, 12, 7], [7, 2, 8, 3], [3, 10, 4, 11], [15, 8, 16, 9], [1, 16, 2, 17], [13, 22, 14, 1], [9, 14, 10, 15], [17, 12, 18, 13]]"
11a_155_177,"[[17, 12, 18, 13], [19, 5, 20, 4], [21, 19, 22, 18], [5, 21, 6, 20], [11, 6, 12, 7], [7, 2, 8, 3], [3, 10, 4, 11], [15, 8, 16, 9], [1, 16, 2, 17], [13, 22, 14, 1], [9, 14, 10, 15]]"
11a_155_178,"[[9, 14, 10, 15], [17, 12, 18, 13], [19, 5, 20, 4], [21, 19, 22, 18], [5, 21, 6, 20], [11, 6, 12, 7], [7, 2, 8, 3], [3, 10, 4, 11], [15, 8, 16, 9], [1, 16, 2, 17], [13, 22, 14, 1]]"
11a_155_179,"[[13, 22, 14, 1], [9, 14, 10, 15], [17, 12, 18, 13], [19, 5, 20, 4], [21, 19, 22, 18], [5, 21, 6, 20], [11, 6, 12, 7], [7, 2, 8, 3], [3, 10, 4, 11], [15, 8, 16, 9], [1, 16, 2, 17]]"
11a_155_180,"[[1, 16, 2, 17], [13, 22, 14, 1], [9, 14, 10, 15], [17, 12, 18, 13], [19, 5, 20, 4], [21, 19, 22, 18], [5, 21, 6, 20], [11, 6, 12, 7], [7, 2, 8, 3], [3, 10, 4, 11], [15, 8, 16, 9]]"
11a_155_181,"[[15, 8, 16, 9], [1, 16, 2, 17], [13, 22, 14, 1], [9, 14, 10, 15], [17, 12, 18, 13], [19, 5, 20, 4], [21, 19, 22, 18], [5, 21, 6, 20], [11, 6, 12, 7], [7, 2, 8, 3], [3, 10, 4, 11]]"
11a_155_182,"[[3, 10, 4, 11], [15, 8, 16, 9], [1, 16, 2, 17], [13, 22, 14, 1], [9, 14, 10, 15], [17, 12, 18, 13], [19, 5, 20, 4], [21, 19, 22, 18], [5, 21, 6, 20], [11, 6, 12, 7], [7, 2, 8, 3]]"
11a_155_183,"[[7, 2, 8, 3], [3, 10, 4, 11], [15, 8, 16, 9], [1, 16, 2, 17], [13, 22, 14, 1], [9, 14, 10, 15], [17, 12, 18, 13], [19, 5, 20, 4], [21, 19, 22, 18], [5, 21, 6, 20], [11, 6, 12, 7]]"
11a_155_184,"[[11, 6, 12, 7], [7, 2, 8, 3], [3, 10, 4, 11], [15, 8, 16, 9], [1, 16, 2, 17], [13, 22, 14, 1], [9, 14, 10, 15], [17, 12, 18, 13], [19, 5, 20, 4], [21, 19, 22, 18], [5, 21, 6, 20]]"
11a_155_185,"[[5, 21, 6, 20], [11, 6, 12, 7], [7, 2, 8, 3], [3, 10, 4, 11], [15, 8, 16, 9], [1, 16, 2, 17], [13, 22, 14, 1], [9, 14, 10, 15], [17, 12, 18, 13], [19, 5, 20, 4], [21, 19, 22, 18]]"
11a_155_186,"[[21, 19, 22, 18], [5, 21, 6, 20], [11, 6, 12, 7], [7, 2, 8, 3], [3, 10, 4, 11], [15, 8, 16, 9], [1, 16, 2, 17], [13, 22, 14, 1], [9, 14, 10, 15], [17, 12, 18, 13], [19, 5, 20, 4]]"
11a_155_187,"[[20, 6, 21, 5], [22, 20, 1, 19], [6, 22, 7, 21], [12, 7, 13, 8], [8, 3, 9, 4], [4, 11, 5, 12], [16, 9, 17, 10], [2, 17, 3, 18], [14, 1, 15, 2], [10, 15, 11, 16], [18, 13, 19, 14]]"
11a_155_188,"[[18, 13, 19, 14], [20, 6, 21, 5], [22, 20, 1, 19], [6, 22, 7, 21], [12, 7, 13, 8], [8, 3, 9, 4], [4, 11, 5, 12], [16, 9, 17, 10], [2, 17, 3, 18], [14, 1, 15, 2], [10, 15, 11, 16]]"
11a_155_189,"[[10, 15, 11, 16], [18, 13, 19, 14], [20, 6, 21, 5], [22, 20, 1, 19], [6, 22, 7, 21], [12, 7, 13, 8], [8, 3, 9, 4], [4, 11, 5, 12], [16, 9, 17, 10], [2, 17, 3, 18], [14, 1, 15, 2]]"
11a_155_190,"[[14, 1, 15, 2], [10, 15, 11, 16], [18, 13, 19, 14], [20, 6, 21, 5], [22, 20, 1, 19], [6, 22, 7, 21], [12, 7, 13, 8], [8, 3, 9, 4], [4, 11, 5, 12], [16, 9, 17, 10], [2, 17, 3, 18]]"
11a_155_191,"[[2, 17, 3, 18], [14, 1, 15, 2], [10, 15, 11, 16], [18, 13, 19, 14], [20, 6, 21, 5], [22, 20, 1, 19], [6, 22, 7, 21], [12, 7, 13, 8], [8, 3, 9, 4], [4, 11, 5, 12], [16, 9, 17, 10]]"
11a_155_192,"[[16, 9, 17, 10], [2, 17, 3, 18], [14, 1, 15, 2], [10, 15, 11, 16], [18, 13, 19, 14], [20, 6, 21, 5], [22, 20, 1, 19], [6, 22, 7, 21], [12, 7, 13, 8], [8, 3, 9, 4], [4, 11, 5, 12]]"
11a_155_193,"[[4, 11, 5, 12], [16, 9, 17, 10], [2, 17, 3, 18], [14, 1, 15, 2], [10, 15, 11, 16], [18, 13, 19, 14], [20, 6, 21, 5], [22, 20, 1, 19], [6, 22, 7, 21], [12, 7, 13, 8], [8, 3, 9, 4]]"
11a_155_194,"[[8, 3, 9, 4], [4, 11, 5, 12], [16, 9, 17, 10], [2, 17, 3, 18], [14, 1, 15, 2], [10, 15, 11, 16], [18, 13, 19, 14], [20, 6, 21, 5], [22, 20, 1, 19], [6, 22, 7, 21], [12, 7, 13, 8]]"
11a_155_195,"[[12, 7, 13, 8], [8, 3, 9, 4], [4, 11, 5, 12], [16, 9, 17, 10], [2, 17, 3, 18], [14, 1, 15, 2], [10, 15, 11, 16], [18, 13, 19, 14], [20, 6, 21, 5], [22, 20, 1, 19], [6, 22, 7, 21]]"
11a_155_196,"[[6, 22, 7, 21], [12, 7, 13, 8], [8, 3, 9, 4], [4, 11, 5, 12], [16, 9, 17, 10], [2, 17, 3, 18], [14, 1, 15, 2], [10, 15, 11, 16], [18, 13, 19, 14], [20, 6, 21, 5], [22, 20, 1, 19]]"
11a_155_197,"[[22, 20, 1, 19], [6, 22, 7, 21], [12, 7, 13, 8], [8, 3, 9, 4], [4, 11, 5, 12], [16, 9, 17, 10], [2, 17, 3, 18], [14, 1, 15, 2], [10, 15, 11, 16], [18, 13, 19, 14], [20, 6, 21, 5]]"
11a_155_198,"[[21, 7, 22, 6], [1, 21, 2, 20], [7, 1, 8, 22], [13, 8, 14, 9], [9, 4, 10, 5], [5, 12, 6, 13], [17, 10, 18, 11], [3, 18, 4, 19], [15, 2, 16, 3], [11, 16, 12, 17], [19, 14, 20, 15]]"
11a_155_199,"[[19, 14, 20, 15], [21, 7, 22, 6], [1, 21, 2, 20], [7, 1, 8, 22], [13, 8, 14, 9], [9, 4, 10, 5], [5, 12, 6, 13], [17, 10, 18, 11], [3, 18, 4, 19], [15, 2, 16, 3], [11, 16, 12, 17]]"
11a_155_200,"[[11, 16, 12, 17], [19, 14, 20, 15], [21, 7, 22, 6], [1, 21, 2, 20], [7, 1, 8, 22], [13, 8, 14, 9], [9, 4, 10, 5], [5, 12, 6, 13], [17, 10, 18, 11], [3, 18, 4, 19], [15, 2, 16, 3]]"
11a_155_201,"[[15, 2, 16, 3], [11, 16, 12, 17], [19, 14, 20, 15], [21, 7, 22, 6], [1, 21, 2, 20], [7, 1, 8, 22], [13, 8, 14, 9], [9, 4, 10, 5], [5, 12, 6, 13], [17, 10, 18, 11], [3, 18, 4, 19]]"
11a_155_202,"[[3, 18, 4, 19], [15, 2, 16, 3], [11, 16, 12, 17], [19, 14, 20, 15], [21, 7, 22, 6], [1, 21, 2, 20], [7, 1, 8, 22], [13, 8, 14, 9], [9, 4, 10, 5], [5, 12, 6, 13], [17, 10, 18, 11]]"
11a_155_203,"[[17, 10, 18, 11], [3, 18, 4, 19], [15, 2, 16, 3], [11, 16, 12, 17], [19, 14, 20, 15], [21, 7, 22, 6], [1, 21, 2, 20], [7, 1, 8, 22], [13, 8, 14, 9], [9, 4, 10, 5], [5, 12, 6, 13]]"
