name,pd_notation
11a_336_0,"[[5, 15, 6, 14], [7, 3, 8, 2], [17, 7, 18, 6], [19, 9, 20, 8], [21, 11, 22, 10], [1, 13, 2, 12], [9, 21, 10, 20], [11, 1, 12, 22], [13, 19, 14, 18], [3, 17, 4, 16], [15, 5, 16, 4]]"
11a_336_1,"[[15, 5, 16, 4], [5, 15, 6, 14], [7, 3, 8, 2], [17, 7, 18, 6], [19, 9, 20, 8], [21, 11, 22, 10], [1, 13, 2, 12], [9, 21, 10, 20], [11, 1, 12, 22], [13, 19, 14, 18], [3, 17, 4, 16]]"
11a_336_2,"[[3, 17, 4, 16], [15, 5, 16, 4], [5, 15, 6, 14], [7, 3, 8, 2], [17, 7, 18, 6], [19, 9, 20, 8], [21, 11, 22, 10], [1, 13, 2, 12], [9, 21, 10, 20], [11, 1, 12, 22], [13, 19, 14, 18]]"
11a_336_3,"[[13, 19, 14, 18], [3, 17, 4, 16], [15, 5, 16, 4], [5, 15, 6, 14], [7, 3, 8, 2], [17, 7, 18, 6], [19, 9, 20, 8], [21, 11, 22, 10], [1, 13, 2, 12], [9, 21, 10, 20], [11, 1, 12, 22]]"
11a_336_4,"[[11, 1, 12, 22], [13, 19, 14, 18], [3, 17, 4, 16], [15, 5, 16, 4], [5, 15, 6, 14], [7, 3, 8, 2], [17, 7, 18, 6], [19, 9, 20, 8], [21, 11, 22, 10], [1, 13, 2, 12], [9, 21, 10, 20]]"
11a_336_5,"[[9, 21, 10, 20], [11, 1, 12, 22], [13, 19, 14, 18], [3, 17, 4, 16], [15, 5, 16, 4], [5, 15, 6, 14], [7, 3, 8, 2], [17, 7, 18, 6], [19, 9, 20, 8], [21, 11, 22, 10], [1, 13, 2, 12]]"
11a_336_6,"[[1, 13, 2, 12], [9, 21, 10, 20], [11, 1, 12, 22], [13, 19, 14, 18], [3, 17, 4, 16], [15, 5, 16, 4], [5, 15, 6, 14], [7, 3, 8, 2], [17, 7, 18, 6], [19, 9, 20, 8], [21, 11, 22, 10]]"
11a_336_7,"[[21, 11, 22, 10], [1, 13, 2, 12], [9, 21, 10, 20], [11, 1, 12, 22], [13, 19, 14, 18], [3, 17, 4, 16], [15, 5, 16, 4], [5, 15, 6, 14], [7, 3, 8, 2], [17, 7, 18, 6], [19, 9, 20, 8]]"
11a_336_8,"[[19, 9, 20, 8], [21, 11, 22, 10], [1, 13, 2, 12], [9, 21, 10, 20], [11, 1, 12, 22], [13, 19, 14, 18], [3, 17, 4, 16], [15, 5, 16, 4], [5, 15, 6, 14], [7, 3, 8, 2], [17, 7, 18, 6]]"
11a_336_9,"[[17, 7, 18, 6], [19, 9, 20, 8], [21, 11, 22, 10], [1, 13, 2, 12], [9, 21, 10, 20], [11, 1, 12, 22], [13, 19, 14, 18], [3, 17, 4, 16], [15, 5, 16, 4], [5, 15, 6, 14], [7, 3, 8, 2]]"
11a_336_10,"[[7, 3, 8, 2], [17, 7, 18, 6], [19, 9, 20, 8], [21, 11, 22, 10], [1, 13, 2, 12], [9, 21, 10, 20], [11, 1, 12, 22], [13, 19, 14, 18], [3, 17, 4, 16], [15, 5, 16, 4], [5, 15, 6, 14]]"
11a_336_11,"[[6, 16, 7, 15], [8, 4, 9, 3], [18, 8, 19, 7], [20, 10, 21, 9], [22, 12, 1, 11], [2, 14, 3, 13], [10, 22, 11, 21], [12, 2, 13, 1], [14, 20, 15, 19], [4, 18, 5, 17], [16, 6, 17, 5]]"
11a_336_12,"[[16, 6, 17, 5], [6, 16, 7, 15], [8, 4, 9, 3], [18, 8, 19, 7], [20, 10, 21, 9], [22, 12, 1, 11], [2, 14, 3, 13], [10, 22, 11, 21], [12, 2, 13, 1], [14, 20, 15, 19], [4, 18, 5, 17]]"
11a_336_13,"[[4, 18, 5, 17], [16, 6, 17, 5], [6, 16, 7, 15], [8, 4, 9, 3], [18, 8, 19, 7], [20, 10, 21, 9], [22, 12, 1, 11], [2, 14, 3, 13], [10, 22, 11, 21], [12, 2, 13, 1], [14, 20, 15, 19]]"
11a_336_14,"[[14, 20, 15, 19], [4, 18, 5, 17], [16, 6, 17, 5], [6, 16, 7, 15], [8, 4, 9, 3], [18, 8, 19, 7], [20, 10, 21, 9], [22, 12, 1, 11], [2, 14, 3, 13], [10, 22, 11, 21], [12, 2, 13, 1]]"
11a_336_15,"[[12, 2, 13, 1], [14, 20, 15, 19], [4, 18, 5, 17], [16, 6, 17, 5], [6, 16, 7, 15], [8, 4, 9, 3], [18, 8, 19, 7], [20, 10, 21, 9], [22, 12, 1, 11], [2, 14, 3, 13], [10, 22, 11, 21]]"
11a_336_16,"[[10, 22, 11, 21], [12, 2, 13, 1], [14, 20, 15, 19], [4, 18, 5, 17], [16, 6, 17, 5], [6, 16, 7, 15], [8, 4, 9, 3], [18, 8, 19, 7], [20, 10, 21, 9], [22, 12, 1, 11], [2, 14, 3, 13]]"
11a_336_17,"[[2, 14, 3, 13], [10, 22, 11, 21], [12, 2, 13, 1], [14, 20, 15, 19], [4, 18, 5, 17], [16, 6, 17, 5], [6, 16, 7, 15], [8, 4, 9, 3], [18, 8, 19, 7], [20, 10, 21, 9], [22, 12, 1, 11]]"
11a_336_18,"[[22, 12, 1, 11], [2, 14, 3, 13], [10, 22, 11, 21], [12, 2, 13, 1], [14, 20, 15, 19], [4, 18, 5, 17], [16, 6, 17, 5], [6, 16, 7, 15], [8, 4, 9, 3], [18, 8, 19, 7], [20, 10, 21, 9]]"
11a_336_19,"[[20, 10, 21, 9], [22, 12, 1, 11], [2, 14, 3, 13], [10, 22, 11, 21], [12, 2, 13, 1], [14, 20, 15, 19], [4, 18, 5, 17], [16, 6, 17, 5], [6, 16, 7, 15], [8, 4, 9, 3], [18, 8, 19, 7]]"
11a_336_20,"[[18, 8, 19, 7], [20, 10, 21, 9], [22, 12, 1, 11], [2, 14, 3, 13], [10, 22, 11, 21], [12, 2, 13, 1], [14, 20, 15, 19], [4, 18, 5, 17], [16, 6, 17, 5], [6, 16, 7, 15], [8, 4, 9, 3]]"
11a_336_21,"[[8, 4, 9, 3], [18, 8, 19, 7], [20, 10, 21, 9], [22, 12, 1, 11], [2, 14, 3, 13], [10, 22, 11, 21], [12, 2, 13, 1], [14, 20, 15, 19], [4, 18, 5, 17], [16, 6, 17, 5], [6, 16, 7, 15]]"
11a_336_22,"[[7, 17, 8, 16], [9, 5, 10, 4], [19, 9, 20, 8], [21, 11, 22, 10], [1, 13, 2, 12], [3, 15, 4, 14], [11, 1, 12, 22], [13, 3, 14, 2], [15, 21, 16, 20], [5, 19, 6, 18], [17, 7, 18, 6]]"
11a_336_23,"[[17, 7, 18, 6], [7, 17, 8, 16], [9, 5, 10, 4], [19, 9, 20, 8], [21, 11, 22, 10], [1, 13, 2, 12], [3, 15, 4, 14], [11, 1, 12, 22], [13, 3, 14, 2], [15, 21, 16, 20], [5, 19, 6, 18]]"
11a_336_24,"[[5, 19, 6, 18], [17, 7, 18, 6], [7, 17, 8, 16], [9, 5, 10, 4], [19, 9, 20, 8], [21, 11, 22, 10], [1, 13, 2, 12], [3, 15, 4, 14], [11, 1, 12, 22], [13, 3, 14, 2], [15, 21, 16, 20]]"
11a_336_25,"[[15, 21, 16, 20], [5, 19, 6, 18], [17, 7, 18, 6], [7, 17, 8, 16], [9, 5, 10, 4], [19, 9, 20, 8], [21, 11, 22, 10], [1, 13, 2, 12], [3, 15, 4, 14], [11, 1, 12, 22], [13, 3, 14, 2]]"
11a_336_26,"[[13, 3, 14, 2], [15, 21, 16, 20], [5, 19, 6, 18], [17, 7, 18, 6], [7, 17, 8, 16], [9, 5, 10, 4], [19, 9, 20, 8], [21, 11, 22, 10], [1, 13, 2, 12], [3, 15, 4, 14], [11, 1, 12, 22]]"
11a_336_27,"[[11, 1, 12, 22], [13, 3, 14, 2], [15, 21, 16, 20], [5, 19, 6, 18], [17, 7, 18, 6], [7, 17, 8, 16], [9, 5, 10, 4], [19, 9, 20, 8], [21, 11, 22, 10], [1, 13, 2, 12], [3, 15, 4, 14]]"
11a_336_28,"[[3, 15, 4, 14], [11, 1, 12, 22], [13, 3, 14, 2], [15, 21, 16, 20], [5, 19, 6, 18], [17, 7, 18, 6], [7, 17, 8, 16], [9, 5, 10, 4], [19, 9, 20, 8], [21, 11, 22, 10], [1, 13, 2, 12]]"
11a_336_29,"[[1, 13, 2, 12], [3, 15, 4, 14], [11, 1, 12, 22], [13, 3, 14, 2], [15, 21, 16, 20], [5, 19, 6, 18], [17, 7, 18, 6], [7, 17, 8, 16], [9, 5, 10, 4], [19, 9, 20, 8], [21, 11, 22, 10]]"
11a_336_30,"[[21, 11, 22, 10], [1, 13, 2, 12], [3, 15, 4, 14], [11, 1, 12, 22], [13, 3, 14, 2], [15, 21, 16, 20], [5, 19, 6, 18], [17, 7, 18, 6], [7, 17, 8, 16], [9, 5, 10, 4], [19, 9, 20, 8]]"
11a_336_31,"[[19, 9, 20, 8], [21, 11, 22, 10], [1, 13, 2, 12], [3, 15, 4, 14], [11, 1, 12, 22], [13, 3, 14, 2], [15, 21, 16, 20], [5, 19, 6, 18], [17, 7, 18, 6], [7, 17, 8, 16], [9, 5, 10, 4]]"
11a_336_32,"[[9, 5, 10, 4], [19, 9, 20, 8], [21, 11, 22, 10], [1, 13, 2, 12], [3, 15, 4, 14], [11, 1, 12, 22], [13, 3, 14, 2], [15, 21, 16, 20], [5, 19, 6, 18], [17, 7, 18, 6], [7, 17, 8, 16]]"
11a_336_33,"[[8, 18, 9, 17], [10, 6, 11, 5], [20, 10, 21, 9], [22, 12, 1, 11], [2, 14, 3, 13], [4, 16, 5, 15], [12, 2, 13, 1], [14, 4, 15, 3], [16, 22, 17, 21], [6, 20, 7, 19], [18, 8, 19, 7]]"
11a_336_34,"[[18, 8, 19, 7], [8, 18, 9, 17], [10, 6, 11, 5], [20, 10, 21, 9], [22, 12, 1, 11], [2, 14, 3, 13], [4, 16, 5, 15], [12, 2, 13, 1], [14, 4, 15, 3], [16, 22, 17, 21], [6, 20, 7, 19]]"
11a_336_35,"[[6, 20, 7, 19], [18, 8, 19, 7], [8, 18, 9, 17], [10, 6, 11, 5], [20, 10, 21, 9], [22, 12, 1, 11], [2, 14, 3, 13], [4, 16, 5, 15], [12, 2, 13, 1], [14, 4, 15, 3], [16, 22, 17, 21]]"
11a_336_36,"[[16, 22, 17, 21], [6, 20, 7, 19], [18, 8, 19, 7], [8, 18, 9, 17], [10, 6, 11, 5], [20, 10, 21, 9], [22, 12, 1, 11], [2, 14, 3, 13], [4, 16, 5, 15], [12, 2, 13, 1], [14, 4, 15, 3]]"
11a_336_37,"[[14, 4, 15, 3], [16, 22, 17, 21], [6, 20, 7, 19], [18, 8, 19, 7], [8, 18, 9, 17], [10, 6, 11, 5], [20, 10, 21, 9], [22, 12, 1, 11], [2, 14, 3, 13], [4, 16, 5, 15], [12, 2, 13, 1]]"
11a_336_38,"[[12, 2, 13, 1], [14, 4, 15, 3], [16, 22, 17, 21], [6, 20, 7, 19], [18, 8, 19, 7], [8, 18, 9, 17], [10, 6, 11, 5], [20, 10, 21, 9], [22, 12, 1, 11], [2, 14, 3, 13], [4, 16, 5, 15]]"
11a_336_39,"[[4, 16, 5, 15], [12, 2, 13, 1], [14, 4, 15, 3], [16, 22, 17, 21], [6, 20, 7, 19], [18, 8, 19, 7], [8, 18, 9, 17], [10, 6, 11, 5], [20, 10, 21, 9], [22, 12, 1, 11], [2, 14, 3, 13]]"
11a_336_40,"[[2, 14, 3, 13], [4, 16, 5, 15], [12, 2, 13, 1], [14, 4, 15, 3], [16, 22, 17, 21], [6, 20, 7, 19], [18, 8, 19, 7], [8, 18, 9, 17], [10, 6, 11, 5], [20, 10, 21, 9], [22, 12, 1, 11]]"
11a_336_41,"[[22, 12, 1, 11], [2, 14, 3, 13], [4, 16, 5, 15], [12, 2, 13, 1], [14, 4, 15, 3], [16, 22, 17, 21], [6, 20, 7, 19], [18, 8, 19, 7], [8, 18, 9, 17], [10, 6, 11, 5], [20, 10, 21, 9]]"
11a_336_42,"[[20, 10, 21, 9], [22, 12, 1, 11], [2, 14, 3, 13], [4, 16, 5, 15], [12, 2, 13, 1], [14, 4, 15, 3], [16, 22, 17, 21], [6, 20, 7, 19], [18, 8, 19, 7], [8, 18, 9, 17], [10, 6, 11, 5]]"
11a_336_43,"[[10, 6, 11, 5], [20, 10, 21, 9], [22, 12, 1, 11], [2, 14, 3, 13], [4, 16, 5, 15], [12, 2, 13, 1], [14, 4, 15, 3], [16, 22, 17, 21], [6, 20, 7, 19], [18, 8, 19, 7], [8, 18, 9, 17]]"
11a_336_44,"[[9, 19, 10, 18], [11, 7, 12, 6], [21, 11, 22, 10], [1, 13, 2, 12], [3, 15, 4, 14], [5, 17, 6, 16], [13, 3, 14, 2], [15, 5, 16, 4], [17, 1, 18, 22], [7, 21, 8, 20], [19, 9, 20, 8]]"
11a_336_45,"[[19, 9, 20, 8], [9, 19, 10, 18], [11, 7, 12, 6], [21, 11, 22, 10], [1, 13, 2, 12], [3, 15, 4, 14], [5, 17, 6, 16], [13, 3, 14, 2], [15, 5, 16, 4], [17, 1, 18, 22], [7, 21, 8, 20]]"
11a_336_46,"[[7, 21, 8, 20], [19, 9, 20, 8], [9, 19, 10, 18], [11, 7, 12, 6], [21, 11, 22, 10], [1, 13, 2, 12], [3, 15, 4, 14], [5, 17, 6, 16], [13, 3, 14, 2], [15, 5, 16, 4], [17, 1, 18, 22]]"
11a_336_47,"[[17, 1, 18, 22], [7, 21, 8, 20], [19, 9, 20, 8], [9, 19, 10, 18], [11, 7, 12, 6], [21, 11, 22, 10], [1, 13, 2, 12], [3, 15, 4, 14], [5, 17, 6, 16], [13, 3, 14, 2], [15, 5, 16, 4]]"
11a_336_48,"[[15, 5, 16, 4], [17, 1, 18, 22], [7, 21, 8, 20], [19, 9, 20, 8], [9, 19, 10, 18], [11, 7, 12, 6], [21, 11, 22, 10], [1, 13, 2, 12], [3, 15, 4, 14], [5, 17, 6, 16], [13, 3, 14, 2]]"
11a_336_49,"[[13, 3, 14, 2], [15, 5, 16, 4], [17, 1, 18, 22], [7, 21, 8, 20], [19, 9, 20, 8], [9, 19, 10, 18], [11, 7, 12, 6], [21, 11, 22, 10], [1, 13, 2, 12], [3, 15, 4, 14], [5, 17, 6, 16]]"
11a_336_50,"[[5, 17, 6, 16], [13, 3, 14, 2], [15, 5, 16, 4], [17, 1, 18, 22], [7, 21, 8, 20], [19, 9, 20, 8], [9, 19, 10, 18], [11, 7, 12, 6], [21, 11, 22, 10], [1, 13, 2, 12], [3, 15, 4, 14]]"
11a_336_51,"[[3, 15, 4, 14], [5, 17, 6, 16], [13, 3, 14, 2], [15, 5, 16, 4], [17, 1, 18, 22], [7, 21, 8, 20], [19, 9, 20, 8], [9, 19, 10, 18], [11, 7, 12, 6], [21, 11, 22, 10], [1, 13, 2, 12]]"
11a_336_52,"[[1, 13, 2, 12], [3, 15, 4, 14], [5, 17, 6, 16], [13, 3, 14, 2], [15, 5, 16, 4], [17, 1, 18, 22], [7, 21, 8, 20], [19, 9, 20, 8], [9, 19, 10, 18], [11, 7, 12, 6], [21, 11, 22, 10]]"
11a_336_53,"[[21, 11, 22, 10], [1, 13, 2, 12], [3, 15, 4, 14], [5, 17, 6, 16], [13, 3, 14, 2], [15, 5, 16, 4], [17, 1, 18, 22], [7, 21, 8, 20], [19, 9, 20, 8], [9, 19, 10, 18], [11, 7, 12, 6]]"
11a_336_54,"[[11, 7, 12, 6], [21, 11, 22, 10], [1, 13, 2, 12], [3, 15, 4, 14], [5, 17, 6, 16], [13, 3, 14, 2], [15, 5, 16, 4], [17, 1, 18, 22], [7, 21, 8, 20], [19, 9, 20, 8], [9, 19, 10, 18]]"
11a_336_55,"[[10, 20, 11, 19], [12, 8, 13, 7], [22, 12, 1, 11], [2, 14, 3, 13], [4, 16, 5, 15], [6, 18, 7, 17], [14, 4, 15, 3], [16, 6, 17, 5], [18, 2, 19, 1], [8, 22, 9, 21], [20, 10, 21, 9]]"
11a_336_56,"[[20, 10, 21, 9], [10, 20, 11, 19], [12, 8, 13, 7], [22, 12, 1, 11], [2, 14, 3, 13], [4, 16, 5, 15], [6, 18, 7, 17], [14, 4, 15, 3], [16, 6, 17, 5], [18, 2, 19, 1], [8, 22, 9, 21]]"
11a_336_57,"[[8, 22, 9, 21], [20, 10, 21, 9], [10, 20, 11, 19], [12, 8, 13, 7], [22, 12, 1, 11], [2, 14, 3, 13], [4, 16, 5, 15], [6, 18, 7, 17], [14, 4, 15, 3], [16, 6, 17, 5], [18, 2, 19, 1]]"
11a_336_58,"[[18, 2, 19, 1], [8, 22, 9, 21], [20, 10, 21, 9], [10, 20, 11, 19], [12, 8, 13, 7], [22, 12, 1, 11], [2, 14, 3, 13], [4, 16, 5, 15], [6, 18, 7, 17], [14, 4, 15, 3], [16, 6, 17, 5]]"
11a_336_59,"[[16, 6, 17, 5], [18, 2, 19, 1], [8, 22, 9, 21], [20, 10, 21, 9], [10, 20, 11, 19], [12, 8, 13, 7], [22, 12, 1, 11], [2, 14, 3, 13], [4, 16, 5, 15], [6, 18, 7, 17], [14, 4, 15, 3]]"
11a_336_60,"[[14, 4, 15, 3], [16, 6, 17, 5], [18, 2, 19, 1], [8, 22, 9, 21], [20, 10, 21, 9], [10, 20, 11, 19], [12, 8, 13, 7], [22, 12, 1, 11], [2, 14, 3, 13], [4, 16, 5, 15], [6, 18, 7, 17]]"
11a_336_61,"[[6, 18, 7, 17], [14, 4, 15, 3], [16, 6, 17, 5], [18, 2, 19, 1], [8, 22, 9, 21], [20, 10, 21, 9], [10, 20, 11, 19], [12, 8, 13, 7], [22, 12, 1, 11], [2, 14, 3, 13], [4, 16, 5, 15]]"
11a_336_62,"[[4, 16, 5, 15], [6, 18, 7, 17], [14, 4, 15, 3], [16, 6, 17, 5], [18, 2, 19, 1], [8, 22, 9, 21], [20, 10, 21, 9], [10, 20, 11, 19], [12, 8, 13, 7], [22, 12, 1, 11], [2, 14, 3, 13]]"
11a_336_63,"[[2, 14, 3, 13], [4, 16, 5, 15], [6, 18, 7, 17], [14, 4, 15, 3], [16, 6, 17, 5], [18, 2, 19, 1], [8, 22, 9, 21], [20, 10, 21, 9], [10, 20, 11, 19], [12, 8, 13, 7], [22, 12, 1, 11]]"
11a_336_64,"[[22, 12, 1, 11], [2, 14, 3, 13], [4, 16, 5, 15], [6, 18, 7, 17], [14, 4, 15, 3], [16, 6, 17, 5], [18, 2, 19, 1], [8, 22, 9, 21], [20, 10, 21, 9], [10, 20, 11, 19], [12, 8, 13, 7]]"
11a_336_65,"[[12, 8, 13, 7], [22, 12, 1, 11], [2, 14, 3, 13], [4, 16, 5, 15], [6, 18, 7, 17], [14, 4, 15, 3], [16, 6, 17, 5], [18, 2, 19, 1], [8, 22, 9, 21], [20, 10, 21, 9], [10, 20, 11, 19]]"
11a_336_66,"[[11, 21, 12, 20], [13, 9, 14, 8], [1, 13, 2, 12], [3, 15, 4, 14], [5, 17, 6, 16], [7, 19, 8, 18], [15, 5, 16, 4], [17, 7, 18, 6], [19, 3, 20, 2], [9, 1, 10, 22], [21, 11, 22, 10]]"
11a_336_67,"[[21, 11, 22, 10], [11, 21, 12, 20], [13, 9, 14, 8], [1, 13, 2, 12], [3, 15, 4, 14], [5, 17, 6, 16], [7, 19, 8, 18], [15, 5, 16, 4], [17, 7, 18, 6], [19, 3, 20, 2], [9, 1, 10, 22]]"
11a_336_68,"[[9, 1, 10, 22], [21, 11, 22, 10], [11, 21, 12, 20], [13, 9, 14, 8], [1, 13, 2, 12], [3, 15, 4, 14], [5, 17, 6, 16], [7, 19, 8, 18], [15, 5, 16, 4], [17, 7, 18, 6], [19, 3, 20, 2]]"
11a_336_69,"[[19, 3, 20, 2], [9, 1, 10, 22], [21, 11, 22, 10], [11, 21, 12, 20], [13, 9, 14, 8], [1, 13, 2, 12], [3, 15, 4, 14], [5, 17, 6, 16], [7, 19, 8, 18], [15, 5, 16, 4], [17, 7, 18, 6]]"
11a_336_70,"[[17, 7, 18, 6], [19, 3, 20, 2], [9, 1, 10, 22], [21, 11, 22, 10], [11, 21, 12, 20], [13, 9, 14, 8], [1, 13, 2, 12], [3, 15, 4, 14], [5, 17, 6, 16], [7, 19, 8, 18], [15, 5, 16, 4]]"
11a_336_71,"[[15, 5, 16, 4], [17, 7, 18, 6], [19, 3, 20, 2], [9, 1, 10, 22], [21, 11, 22, 10], [11, 21, 12, 20], [13, 9, 14, 8], [1, 13, 2, 12], [3, 15, 4, 14], [5, 17, 6, 16], [7, 19, 8, 18]]"
11a_336_72,"[[7, 19, 8, 18], [15, 5, 16, 4], [17, 7, 18, 6], [19, 3, 20, 2], [9, 1, 10, 22], [21, 11, 22, 10], [11, 21, 12, 20], [13, 9, 14, 8], [1, 13, 2, 12], [3, 15, 4, 14], [5, 17, 6, 16]]"
11a_336_73,"[[5, 17, 6, 16], [7, 19, 8, 18], [15, 5, 16, 4], [17, 7, 18, 6], [19, 3, 20, 2], [9, 1, 10, 22], [21, 11, 22, 10], [11, 21, 12, 20], [13, 9, 14, 8], [1, 13, 2, 12], [3, 15, 4, 14]]"
11a_336_74,"[[3, 15, 4, 14], [5, 17, 6, 16], [7, 19, 8, 18], [15, 5, 16, 4], [17, 7, 18, 6], [19, 3, 20, 2], [9, 1, 10, 22], [21, 11, 22, 10], [11, 21, 12, 20], [13, 9, 14, 8], [1, 13, 2, 12]]"
11a_336_75,"[[1, 13, 2, 12], [3, 15, 4, 14], [5, 17, 6, 16], [7, 19, 8, 18], [15, 5, 16, 4], [17, 7, 18, 6], [19, 3, 20, 2], [9, 1, 10, 22], [21, 11, 22, 10], [11, 21, 12, 20], [13, 9, 14, 8]]"
11a_336_76,"[[13, 9, 14, 8], [1, 13, 2, 12], [3, 15, 4, 14], [5, 17, 6, 16], [7, 19, 8, 18], [15, 5, 16, 4], [17, 7, 18, 6], [19, 3, 20, 2], [9, 1, 10, 22], [21, 11, 22, 10], [11, 21, 12, 20]]"
11a_336_77,"[[12, 22, 13, 21], [14, 10, 15, 9], [2, 14, 3, 13], [4, 16, 5, 15], [6, 18, 7, 17], [8, 20, 9, 19], [16, 6, 17, 5], [18, 8, 19, 7], [20, 4, 21, 3], [10, 2, 11, 1], [22, 12, 1, 11]]"
11a_336_78,"[[22, 12, 1, 11], [12, 22, 13, 21], [14, 10, 15, 9], [2, 14, 3, 13], [4, 16, 5, 15], [6, 18, 7, 17], [8, 20, 9, 19], [16, 6, 17, 5], [18, 8, 19, 7], [20, 4, 21, 3], [10, 2, 11, 1]]"
11a_336_79,"[[10, 2, 11, 1], [22, 12, 1, 11], [12, 22, 13, 21], [14, 10, 15, 9], [2, 14, 3, 13], [4, 16, 5, 15], [6, 18, 7, 17], [8, 20, 9, 19], [16, 6, 17, 5], [18, 8, 19, 7], [20, 4, 21, 3]]"
11a_336_80,"[[20, 4, 21, 3], [10, 2, 11, 1], [22, 12, 1, 11], [12, 22, 13, 21], [14, 10, 15, 9], [2, 14, 3, 13], [4, 16, 5, 15], [6, 18, 7, 17], [8, 20, 9, 19], [16, 6, 17, 5], [18, 8, 19, 7]]"
11a_336_81,"[[18, 8, 19, 7], [20, 4, 21, 3], [10, 2, 11, 1], [22, 12, 1, 11], [12, 22, 13, 21], [14, 10, 15, 9], [2, 14, 3, 13], [4, 16, 5, 15], [6, 18, 7, 17], [8, 20, 9, 19], [16, 6, 17, 5]]"
11a_336_82,"[[16, 6, 17, 5], [18, 8, 19, 7], [20, 4, 21, 3], [10, 2, 11, 1], [22, 12, 1, 11], [12, 22, 13, 21], [14, 10, 15, 9], [2, 14, 3, 13], [4, 16, 5, 15], [6, 18, 7, 17], [8, 20, 9, 19]]"
11a_336_83,"[[8, 20, 9, 19], [16, 6, 17, 5], [18, 8, 19, 7], [20, 4, 21, 3], [10, 2, 11, 1], [22, 12, 1, 11], [12, 22, 13, 21], [14, 10, 15, 9], [2, 14, 3, 13], [4, 16, 5, 15], [6, 18, 7, 17]]"
11a_336_84,"[[6, 18, 7, 17], [8, 20, 9, 19], [16, 6, 17, 5], [18, 8, 19, 7], [20, 4, 21, 3], [10, 2, 11, 1], [22, 12, 1, 11], [12, 22, 13, 21], [14, 10, 15, 9], [2, 14, 3, 13], [4, 16, 5, 15]]"
11a_336_85,"[[4, 16, 5, 15], [6, 18, 7, 17], [8, 20, 9, 19], [16, 6, 17, 5], [18, 8, 19, 7], [20, 4, 21, 3], [10, 2, 11, 1], [22, 12, 1, 11], [12, 22, 13, 21], [14, 10, 15, 9], [2, 14, 3, 13]]"
11a_336_86,"[[2, 14, 3, 13], [4, 16, 5, 15], [6, 18, 7, 17], [8, 20, 9, 19], [16, 6, 17, 5], [18, 8, 19, 7], [20, 4, 21, 3], [10, 2, 11, 1], [22, 12, 1, 11], [12, 22, 13, 21], [14, 10, 15, 9]]"
11a_336_87,"[[14, 10, 15, 9], [2, 14, 3, 13], [4, 16, 5, 15], [6, 18, 7, 17], [8, 20, 9, 19], [16, 6, 17, 5], [18, 8, 19, 7], [20, 4, 21, 3], [10, 2, 11, 1], [22, 12, 1, 11], [12, 22, 13, 21]]"
11a_336_88,"[[13, 1, 14, 22], [15, 11, 16, 10], [3, 15, 4, 14], [5, 17, 6, 16], [7, 19, 8, 18], [9, 21, 10, 20], [17, 7, 18, 6], [19, 9, 20, 8], [21, 5, 22, 4], [11, 3, 12, 2], [1, 13, 2, 12]]"
11a_336_89,"[[1, 13, 2, 12], [13, 1, 14, 22], [15, 11, 16, 10], [3, 15, 4, 14], [5, 17, 6, 16], [7, 19, 8, 18], [9, 21, 10, 20], [17, 7, 18, 6], [19, 9, 20, 8], [21, 5, 22, 4], [11, 3, 12, 2]]"
11a_336_90,"[[11, 3, 12, 2], [1, 13, 2, 12], [13, 1, 14, 22], [15, 11, 16, 10], [3, 15, 4, 14], [5, 17, 6, 16], [7, 19, 8, 18], [9, 21, 10, 20], [17, 7, 18, 6], [19, 9, 20, 8], [21, 5, 22, 4]]"
11a_336_91,"[[21, 5, 22, 4], [11, 3, 12, 2], [1, 13, 2, 12], [13, 1, 14, 22], [15, 11, 16, 10], [3, 15, 4, 14], [5, 17, 6, 16], [7, 19, 8, 18], [9, 21, 10, 20], [17, 7, 18, 6], [19, 9, 20, 8]]"
11a_336_92,"[[19, 9, 20, 8], [21, 5, 22, 4], [11, 3, 12, 2], [1, 13, 2, 12], [13, 1, 14, 22], [15, 11, 16, 10], [3, 15, 4, 14], [5, 17, 6, 16], [7, 19, 8, 18], [9, 21, 10, 20], [17, 7, 18, 6]]"
11a_336_93,"[[17, 7, 18, 6], [19, 9, 20, 8], [21, 5, 22, 4], [11, 3, 12, 2], [1, 13, 2, 12], [13, 1, 14, 22], [15, 11, 16, 10], [3, 15, 4, 14], [5, 17, 6, 16], [7, 19, 8, 18], [9, 21, 10, 20]]"
11a_336_94,"[[9, 21, 10, 20], [17, 7, 18, 6], [19, 9, 20, 8], [21, 5, 22, 4], [11, 3, 12, 2], [1, 13, 2, 12], [13, 1, 14, 22], [15, 11, 16, 10], [3, 15, 4, 14], [5, 17, 6, 16], [7, 19, 8, 18]]"
11a_336_95,"[[7, 19, 8, 18], [9, 21, 10, 20], [17, 7, 18, 6], [19, 9, 20, 8], [21, 5, 22, 4], [11, 3, 12, 2], [1, 13, 2, 12], [13, 1, 14, 22], [15, 11, 16, 10], [3, 15, 4, 14], [5, 17, 6, 16]]"
11a_336_96,"[[5, 17, 6, 16], [7, 19, 8, 18], [9, 21, 10, 20], [17, 7, 18, 6], [19, 9, 20, 8], [21, 5, 22, 4], [11, 3, 12, 2], [1, 13, 2, 12], [13, 1, 14, 22], [15, 11, 16, 10], [3, 15, 4, 14]]"
11a_336_97,"[[3, 15, 4, 14], [5, 17, 6, 16], [7, 19, 8, 18], [9, 21, 10, 20], [17, 7, 18, 6], [19, 9, 20, 8], [21, 5, 22, 4], [11, 3, 12, 2], [1, 13, 2, 12], [13, 1, 14, 22], [15, 11, 16, 10]]"
11a_336_98,"[[15, 11, 16, 10], [3, 15, 4, 14], [5, 17, 6, 16], [7, 19, 8, 18], [9, 21, 10, 20], [17, 7, 18, 6], [19, 9, 20, 8], [21, 5, 22, 4], [11, 3, 12, 2], [1, 13, 2, 12], [13, 1, 14, 22]]"
11a_336_99,"[[14, 2, 15, 1], [16, 12, 17, 11], [4, 16, 5, 15], [6, 18, 7, 17], [8, 20, 9, 19], [10, 22, 11, 21], [18, 8, 19, 7], [20, 10, 21, 9], [22, 6, 1, 5], [12, 4, 13, 3], [2, 14, 3, 13]]"
11a_336_100,"[[2, 14, 3, 13], [14, 2, 15, 1], [16, 12, 17, 11], [4, 16, 5, 15], [6, 18, 7, 17], [8, 20, 9, 19], [10, 22, 11, 21], [18, 8, 19, 7], [20, 10, 21, 9], [22, 6, 1, 5], [12, 4, 13, 3]]"
11a_336_101,"[[12, 4, 13, 3], [2, 14, 3, 13], [14, 2, 15, 1], [16, 12, 17, 11], [4, 16, 5, 15], [6, 18, 7, 17], [8, 20, 9, 19], [10, 22, 11, 21], [18, 8, 19, 7], [20, 10, 21, 9], [22, 6, 1, 5]]"
11a_336_102,"[[22, 6, 1, 5], [12, 4, 13, 3], [2, 14, 3, 13], [14, 2, 15, 1], [16, 12, 17, 11], [4, 16, 5, 15], [6, 18, 7, 17], [8, 20, 9, 19], [10, 22, 11, 21], [18, 8, 19, 7], [20, 10, 21, 9]]"
11a_336_103,"[[20, 10, 21, 9], [22, 6, 1, 5], [12, 4, 13, 3], [2, 14, 3, 13], [14, 2, 15, 1], [16, 12, 17, 11], [4, 16, 5, 15], [6, 18, 7, 17], [8, 20, 9, 19], [10, 22, 11, 21], [18, 8, 19, 7]]"
11a_336_104,"[[18, 8, 19, 7], [20, 10, 21, 9], [22, 6, 1, 5], [12, 4, 13, 3], [2, 14, 3, 13], [14, 2, 15, 1], [16, 12, 17, 11], [4, 16, 5, 15], [6, 18, 7, 17], [8, 20, 9, 19], [10, 22, 11, 21]]"
11a_336_105,"[[10, 22, 11, 21], [18, 8, 19, 7], [20, 10, 21, 9], [22, 6, 1, 5], [12, 4, 13, 3], [2, 14, 3, 13], [14, 2, 15, 1], [16, 12, 17, 11], [4, 16, 5, 15], [6, 18, 7, 17], [8, 20, 9, 19]]"
11a_336_106,"[[8, 20, 9, 19], [10, 22, 11, 21], [18, 8, 19, 7], [20, 10, 21, 9], [22, 6, 1, 5], [12, 4, 13, 3], [2, 14, 3, 13], [14, 2, 15, 1], [16, 12, 17, 11], [4, 16, 5, 15], [6, 18, 7, 17]]"
11a_336_107,"[[6, 18, 7, 17], [8, 20, 9, 19], [10, 22, 11, 21], [18, 8, 19, 7], [20, 10, 21, 9], [22, 6, 1, 5], [12, 4, 13, 3], [2, 14, 3, 13], [14, 2, 15, 1], [16, 12, 17, 11], [4, 16, 5, 15]]"
11a_336_108,"[[4, 16, 5, 15], [6, 18, 7, 17], [8, 20, 9, 19], [10, 22, 11, 21], [18, 8, 19, 7], [20, 10, 21, 9], [22, 6, 1, 5], [12, 4, 13, 3], [2, 14, 3, 13], [14, 2, 15, 1], [16, 12, 17, 11]]"
11a_336_109,"[[16, 12, 17, 11], [4, 16, 5, 15], [6, 18, 7, 17], [8, 20, 9, 19], [10, 22, 11, 21], [18, 8, 19, 7], [20, 10, 21, 9], [22, 6, 1, 5], [12, 4, 13, 3], [2, 14, 3, 13], [14, 2, 15, 1]]"
11a_336_110,"[[15, 3, 16, 2], [17, 13, 18, 12], [5, 17, 6, 16], [7, 19, 8, 18], [9, 21, 10, 20], [11, 1, 12, 22], [19, 9, 20, 8], [21, 11, 22, 10], [1, 7, 2, 6], [13, 5, 14, 4], [3, 15, 4, 14]]"
11a_336_111,"[[3, 15, 4, 14], [15, 3, 16, 2], [17, 13, 18, 12], [5, 17, 6, 16], [7, 19, 8, 18], [9, 21, 10, 20], [11, 1, 12, 22], [19, 9, 20, 8], [21, 11, 22, 10], [1, 7, 2, 6], [13, 5, 14, 4]]"
11a_336_112,"[[13, 5, 14, 4], [3, 15, 4, 14], [15, 3, 16, 2], [17, 13, 18, 12], [5, 17, 6, 16], [7, 19, 8, 18], [9, 21, 10, 20], [11, 1, 12, 22], [19, 9, 20, 8], [21, 11, 22, 10], [1, 7, 2, 6]]"
11a_336_113,"[[1, 7, 2, 6], [13, 5, 14, 4], [3, 15, 4, 14], [15, 3, 16, 2], [17, 13, 18, 12], [5, 17, 6, 16], [7, 19, 8, 18], [9, 21, 10, 20], [11, 1, 12, 22], [19, 9, 20, 8], [21, 11, 22, 10]]"
11a_336_114,"[[21, 11, 22, 10], [1, 7, 2, 6], [13, 5, 14, 4], [3, 15, 4, 14], [15, 3, 16, 2], [17, 13, 18, 12], [5, 17, 6, 16], [7, 19, 8, 18], [9, 21, 10, 20], [11, 1, 12, 22], [19, 9, 20, 8]]"
11a_336_115,"[[19, 9, 20, 8], [21, 11, 22, 10], [1, 7, 2, 6], [13, 5, 14, 4], [3, 15, 4, 14], [15, 3, 16, 2], [17, 13, 18, 12], [5, 17, 6, 16], [7, 19, 8, 18], [9, 21, 10, 20], [11, 1, 12, 22]]"
11a_336_116,"[[11, 1, 12, 22], [19, 9, 20, 8], [21, 11, 22, 10], [1, 7, 2, 6], [13, 5, 14, 4], [3, 15, 4, 14], [15, 3, 16, 2], [17, 13, 18, 12], [5, 17, 6, 16], [7, 19, 8, 18], [9, 21, 10, 20]]"
11a_336_117,"[[9, 21, 10, 20], [11, 1, 12, 22], [19, 9, 20, 8], [21, 11, 22, 10], [1, 7, 2, 6], [13, 5, 14, 4], [3, 15, 4, 14], [15, 3, 16, 2], [17, 13, 18, 12], [5, 17, 6, 16], [7, 19, 8, 18]]"
11a_336_118,"[[7, 19, 8, 18], [9, 21, 10, 20], [11, 1, 12, 22], [19, 9, 20, 8], [21, 11, 22, 10], [1, 7, 2, 6], [13, 5, 14, 4], [3, 15, 4, 14], [15, 3, 16, 2], [17, 13, 18, 12], [5, 17, 6, 16]]"
11a_336_119,"[[5, 17, 6, 16], [7, 19, 8, 18], [9, 21, 10, 20], [11, 1, 12, 22], [19, 9, 20, 8], [21, 11, 22, 10], [1, 7, 2, 6], [13, 5, 14, 4], [3, 15, 4, 14], [15, 3, 16, 2], [17, 13, 18, 12]]"
11a_336_120,"[[17, 13, 18, 12], [5, 17, 6, 16], [7, 19, 8, 18], [9, 21, 10, 20], [11, 1, 12, 22], [19, 9, 20, 8], [21, 11, 22, 10], [1, 7, 2, 6], [13, 5, 14, 4], [3, 15, 4, 14], [15, 3, 16, 2]]"
11a_336_121,"[[16, 4, 17, 3], [18, 14, 19, 13], [6, 18, 7, 17], [8, 20, 9, 19], [10, 22, 11, 21], [12, 2, 13, 1], [20, 10, 21, 9], [22, 12, 1, 11], [2, 8, 3, 7], [14, 6, 15, 5], [4, 16, 5, 15]]"
11a_336_122,"[[4, 16, 5, 15], [16, 4, 17, 3], [18, 14, 19, 13], [6, 18, 7, 17], [8, 20, 9, 19], [10, 22, 11, 21], [12, 2, 13, 1], [20, 10, 21, 9], [22, 12, 1, 11], [2, 8, 3, 7], [14, 6, 15, 5]]"
11a_336_123,"[[14, 6, 15, 5], [4, 16, 5, 15], [16, 4, 17, 3], [18, 14, 19, 13], [6, 18, 7, 17], [8, 20, 9, 19], [10, 22, 11, 21], [12, 2, 13, 1], [20, 10, 21, 9], [22, 12, 1, 11], [2, 8, 3, 7]]"
11a_336_124,"[[2, 8, 3, 7], [14, 6, 15, 5], [4, 16, 5, 15], [16, 4, 17, 3], [18, 14, 19, 13], [6, 18, 7, 17], [8, 20, 9, 19], [10, 22, 11, 21], [12, 2, 13, 1], [20, 10, 21, 9], [22, 12, 1, 11]]"
11a_336_125,"[[22, 12, 1, 11], [2, 8, 3, 7], [14, 6, 15, 5], [4, 16, 5, 15], [16, 4, 17, 3], [18, 14, 19, 13], [6, 18, 7, 17], [8, 20, 9, 19], [10, 22, 11, 21], [12, 2, 13, 1], [20, 10, 21, 9]]"
11a_336_126,"[[20, 10, 21, 9], [22, 12, 1, 11], [2, 8, 3, 7], [14, 6, 15, 5], [4, 16, 5, 15], [16, 4, 17, 3], [18, 14, 19, 13], [6, 18, 7, 17], [8, 20, 9, 19], [10, 22, 11, 21], [12, 2, 13, 1]]"
11a_336_127,"[[12, 2, 13, 1], [20, 10, 21, 9], [22, 12, 1, 11], [2, 8, 3, 7], [14, 6, 15, 5], [4, 16, 5, 15], [16, 4, 17, 3], [18, 14, 19, 13], [6, 18, 7, 17], [8, 20, 9, 19], [10, 22, 11, 21]]"
11a_336_128,"[[10, 22, 11, 21], [12, 2, 13, 1], [20, 10, 21, 9], [22, 12, 1, 11], [2, 8, 3, 7], [14, 6, 15, 5], [4, 16, 5, 15], [16, 4, 17, 3], [18, 14, 19, 13], [6, 18, 7, 17], [8, 20, 9, 19]]"
11a_336_129,"[[8, 20, 9, 19], [10, 22, 11, 21], [12, 2, 13, 1], [20, 10, 21, 9], [22, 12, 1, 11], [2, 8, 3, 7], [14, 6, 15, 5], [4, 16, 5, 15], [16, 4, 17, 3], [18, 14, 19, 13], [6, 18, 7, 17]]"
11a_336_130,"[[6, 18, 7, 17], [8, 20, 9, 19], [10, 22, 11, 21], [12, 2, 13, 1], [20, 10, 21, 9], [22, 12, 1, 11], [2, 8, 3, 7], [14, 6, 15, 5], [4, 16, 5, 15], [16, 4, 17, 3], [18, 14, 19, 13]]"
11a_336_131,"[[18, 14, 19, 13], [6, 18, 7, 17], [8, 20, 9, 19], [10, 22, 11, 21], [12, 2, 13, 1], [20, 10, 21, 9], [22, 12, 1, 11], [2, 8, 3, 7], [14, 6, 15, 5], [4, 16, 5, 15], [16, 4, 17, 3]]"
11a_336_132,"[[17, 5, 18, 4], [19, 15, 20, 14], [7, 19, 8, 18], [9, 21, 10, 20], [11, 1, 12, 22], [13, 3, 14, 2], [21, 11, 22, 10], [1, 13, 2, 12], [3, 9, 4, 8], [15, 7, 16, 6], [5, 17, 6, 16]]"
11a_336_133,"[[5, 17, 6, 16], [17, 5, 18, 4], [19, 15, 20, 14], [7, 19, 8, 18], [9, 21, 10, 20], [11, 1, 12, 22], [13, 3, 14, 2], [21, 11, 22, 10], [1, 13, 2, 12], [3, 9, 4, 8], [15, 7, 16, 6]]"
11a_336_134,"[[15, 7, 16, 6], [5, 17, 6, 16], [17, 5, 18, 4], [19, 15, 20, 14], [7, 19, 8, 18], [9, 21, 10, 20], [11, 1, 12, 22], [13, 3, 14, 2], [21, 11, 22, 10], [1, 13, 2, 12], [3, 9, 4, 8]]"
11a_336_135,"[[3, 9, 4, 8], [15, 7, 16, 6], [5, 17, 6, 16], [17, 5, 18, 4], [19, 15, 20, 14], [7, 19, 8, 18], [9, 21, 10, 20], [11, 1, 12, 22], [13, 3, 14, 2], [21, 11, 22, 10], [1, 13, 2, 12]]"
11a_336_136,"[[1, 13, 2, 12], [3, 9, 4, 8], [15, 7, 16, 6], [5, 17, 6, 16], [17, 5, 18, 4], [19, 15, 20, 14], [7, 19, 8, 18], [9, 21, 10, 20], [11, 1, 12, 22], [13, 3, 14, 2], [21, 11, 22, 10]]"
11a_336_137,"[[21, 11, 22, 10], [1, 13, 2, 12], [3, 9, 4, 8], [15, 7, 16, 6], [5, 17, 6, 16], [17, 5, 18, 4], [19, 15, 20, 14], [7, 19, 8, 18], [9, 21, 10, 20], [11, 1, 12, 22], [13, 3, 14, 2]]"
11a_336_138,"[[13, 3, 14, 2], [21, 11, 22, 10], [1, 13, 2, 12], [3, 9, 4, 8], [15, 7, 16, 6], [5, 17, 6, 16], [17, 5, 18, 4], [19, 15, 20, 14], [7, 19, 8, 18], [9, 21, 10, 20], [11, 1, 12, 22]]"
11a_336_139,"[[11, 1, 12, 22], [13, 3, 14, 2], [21, 11, 22, 10], [1, 13, 2, 12], [3, 9, 4, 8], [15, 7, 16, 6], [5, 17, 6, 16], [17, 5, 18, 4], [19, 15, 20, 14], [7, 19, 8, 18], [9, 21, 10, 20]]"
11a_336_140,"[[9, 21, 10, 20], [11, 1, 12, 22], [13, 3, 14, 2], [21, 11, 22, 10], [1, 13, 2, 12], [3, 9, 4, 8], [15, 7, 16, 6], [5, 17, 6, 16], [17, 5, 18, 4], [19, 15, 20, 14], [7, 19, 8, 18]]"
11a_336_141,"[[7, 19, 8, 18], [9, 21, 10, 20], [11, 1, 12, 22], [13, 3, 14, 2], [21, 11, 22, 10], [1, 13, 2, 12], [3, 9, 4, 8], [15, 7, 16, 6], [5, 17, 6, 16], [17, 5, 18, 4], [19, 15, 20, 14]]"
11a_336_142,"[[19, 15, 20, 14], [7, 19, 8, 18], [9, 21, 10, 20], [11, 1, 12, 22], [13, 3, 14, 2], [21, 11, 22, 10], [1, 13, 2, 12], [3, 9, 4, 8], [15, 7, 16, 6], [5, 17, 6, 16], [17, 5, 18, 4]]"
11a_336_143,"[[18, 6, 19, 5], [20, 16, 21, 15], [8, 20, 9, 19], [10, 22, 11, 21], [12, 2, 13, 1], [14, 4, 15, 3], [22, 12, 1, 11], [2, 14, 3, 13], [4, 10, 5, 9], [16, 8, 17, 7], [6, 18, 7, 17]]"
11a_336_144,"[[6, 18, 7, 17], [18, 6, 19, 5], [20, 16, 21, 15], [8, 20, 9, 19], [10, 22, 11, 21], [12, 2, 13, 1], [14, 4, 15, 3], [22, 12, 1, 11], [2, 14, 3, 13], [4, 10, 5, 9], [16, 8, 17, 7]]"
11a_336_145,"[[16, 8, 17, 7], [6, 18, 7, 17], [18, 6, 19, 5], [20, 16, 21, 15], [8, 20, 9, 19], [10, 22, 11, 21], [12, 2, 13, 1], [14, 4, 15, 3], [22, 12, 1, 11], [2, 14, 3, 13], [4, 10, 5, 9]]"
11a_336_146,"[[4, 10, 5, 9], [16, 8, 17, 7], [6, 18, 7, 17], [18, 6, 19, 5], [20, 16, 21, 15], [8, 20, 9, 19], [10, 22, 11, 21], [12, 2, 13, 1], [14, 4, 15, 3], [22, 12, 1, 11], [2, 14, 3, 13]]"
11a_336_147,"[[2, 14, 3, 13], [4, 10, 5, 9], [16, 8, 17, 7], [6, 18, 7, 17], [18, 6, 19, 5], [20, 16, 21, 15], [8, 20, 9, 19], [10, 22, 11, 21], [12, 2, 13, 1], [14, 4, 15, 3], [22, 12, 1, 11]]"
11a_336_148,"[[22, 12, 1, 11], [2, 14, 3, 13], [4, 10, 5, 9], [16, 8, 17, 7], [6, 18, 7, 17], [18, 6, 19, 5], [20, 16, 21, 15], [8, 20, 9, 19], [10, 22, 11, 21], [12, 2, 13, 1], [14, 4, 15, 3]]"
11a_336_149,"[[14, 4, 15, 3], [22, 12, 1, 11], [2, 14, 3, 13], [4, 10, 5, 9], [16, 8, 17, 7], [6, 18, 7, 17], [18, 6, 19, 5], [20, 16, 21, 15], [8, 20, 9, 19], [10, 22, 11, 21], [12, 2, 13, 1]]"
11a_336_150,"[[12, 2, 13, 1], [14, 4, 15, 3], [22, 12, 1, 11], [2, 14, 3, 13], [4, 10, 5, 9], [16, 8, 17, 7], [6, 18, 7, 17], [18, 6, 19, 5], [20, 16, 21, 15], [8, 20, 9, 19], [10, 22, 11, 21]]"
11a_336_151,"[[10, 22, 11, 21], [12, 2, 13, 1], [14, 4, 15, 3], [22, 12, 1, 11], [2, 14, 3, 13], [4, 10, 5, 9], [16, 8, 17, 7], [6, 18, 7, 17], [18, 6, 19, 5], [20, 16, 21, 15], [8, 20, 9, 19]]"
11a_336_152,"[[8, 20, 9, 19], [10, 22, 11, 21], [12, 2, 13, 1], [14, 4, 15, 3], [22, 12, 1, 11], [2, 14, 3, 13], [4, 10, 5, 9], [16, 8, 17, 7], [6, 18, 7, 17], [18, 6, 19, 5], [20, 16, 21, 15]]"
11a_336_153,"[[20, 16, 21, 15], [8, 20, 9, 19], [10, 22, 11, 21], [12, 2, 13, 1], [14, 4, 15, 3], [22, 12, 1, 11], [2, 14, 3, 13], [4, 10, 5, 9], [16, 8, 17, 7], [6, 18, 7, 17], [18, 6, 19, 5]]"
11a_336_154,"[[19, 7, 20, 6], [21, 17, 22, 16], [9, 21, 10, 20], [11, 1, 12, 22], [13, 3, 14, 2], [15, 5, 16, 4], [1, 13, 2, 12], [3, 15, 4, 14], [5, 11, 6, 10], [17, 9, 18, 8], [7, 19, 8, 18]]"
11a_336_155,"[[7, 19, 8, 18], [19, 7, 20, 6], [21, 17, 22, 16], [9, 21, 10, 20], [11, 1, 12, 22], [13, 3, 14, 2], [15, 5, 16, 4], [1, 13, 2, 12], [3, 15, 4, 14], [5, 11, 6, 10], [17, 9, 18, 8]]"
11a_336_156,"[[17, 9, 18, 8], [7, 19, 8, 18], [19, 7, 20, 6], [21, 17, 22, 16], [9, 21, 10, 20], [11, 1, 12, 22], [13, 3, 14, 2], [15, 5, 16, 4], [1, 13, 2, 12], [3, 15, 4, 14], [5, 11, 6, 10]]"
11a_336_157,"[[5, 11, 6, 10], [17, 9, 18, 8], [7, 19, 8, 18], [19, 7, 20, 6], [21, 17, 22, 16], [9, 21, 10, 20], [11, 1, 12, 22], [13, 3, 14, 2], [15, 5, 16, 4], [1, 13, 2, 12], [3, 15, 4, 14]]"
11a_336_158,"[[3, 15, 4, 14], [5, 11, 6, 10], [17, 9, 18, 8], [7, 19, 8, 18], [19, 7, 20, 6], [21, 17, 22, 16], [9, 21, 10, 20], [11, 1, 12, 22], [13, 3, 14, 2], [15, 5, 16, 4], [1, 13, 2, 12]]"
11a_336_159,"[[1, 13, 2, 12], [3, 15, 4, 14], [5, 11, 6, 10], [17, 9, 18, 8], [7, 19, 8, 18], [19, 7, 20, 6], [21, 17, 22, 16], [9, 21, 10, 20], [11, 1, 12, 22], [13, 3, 14, 2], [15, 5, 16, 4]]"
11a_336_160,"[[15, 5, 16, 4], [1, 13, 2, 12], [3, 15, 4, 14], [5, 11, 6, 10], [17, 9, 18, 8], [7, 19, 8, 18], [19, 7, 20, 6], [21, 17, 22, 16], [9, 21, 10, 20], [11, 1, 12, 22], [13, 3, 14, 2]]"
11a_336_161,"[[13, 3, 14, 2], [15, 5, 16, 4], [1, 13, 2, 12], [3, 15, 4, 14], [5, 11, 6, 10], [17, 9, 18, 8], [7, 19, 8, 18], [19, 7, 20, 6], [21, 17, 22, 16], [9, 21, 10, 20], [11, 1, 12, 22]]"
11a_336_162,"[[11, 1, 12, 22], [13, 3, 14, 2], [15, 5, 16, 4], [1, 13, 2, 12], [3, 15, 4, 14], [5, 11, 6, 10], [17, 9, 18, 8], [7, 19, 8, 18], [19, 7, 20, 6], [21, 17, 22, 16], [9, 21, 10, 20]]"
11a_336_163,"[[9, 21, 10, 20], [11, 1, 12, 22], [13, 3, 14, 2], [15, 5, 16, 4], [1, 13, 2, 12], [3, 15, 4, 14], [5, 11, 6, 10], [17, 9, 18, 8], [7, 19, 8, 18], [19, 7, 20, 6], [21, 17, 22, 16]]"
11a_336_164,"[[21, 17, 22, 16], [9, 21, 10, 20], [11, 1, 12, 22], [13, 3, 14, 2], [15, 5, 16, 4], [1, 13, 2, 12], [3, 15, 4, 14], [5, 11, 6, 10], [17, 9, 18, 8], [7, 19, 8, 18], [19, 7, 20, 6]]"
11a_336_165,"[[20, 8, 21, 7], [22, 18, 1, 17], [10, 22, 11, 21], [12, 2, 13, 1], [14, 4, 15, 3], [16, 6, 17, 5], [2, 14, 3, 13], [4, 16, 5, 15], [6, 12, 7, 11], [18, 10, 19, 9], [8, 20, 9, 19]]"
11a_336_166,"[[8, 20, 9, 19], [20, 8, 21, 7], [22, 18, 1, 17], [10, 22, 11, 21], [12, 2, 13, 1], [14, 4, 15, 3], [16, 6, 17, 5], [2, 14, 3, 13], [4, 16, 5, 15], [6, 12, 7, 11], [18, 10, 19, 9]]"
11a_336_167,"[[18, 10, 19, 9], [8, 20, 9, 19], [20, 8, 21, 7], [22, 18, 1, 17], [10, 22, 11, 21], [12, 2, 13, 1], [14, 4, 15, 3], [16, 6, 17, 5], [2, 14, 3, 13], [4, 16, 5, 15], [6, 12, 7, 11]]"
11a_336_168,"[[6, 12, 7, 11], [18, 10, 19, 9], [8, 20, 9, 19], [20, 8, 21, 7], [22, 18, 1, 17], [10, 22, 11, 21], [12, 2, 13, 1], [14, 4, 15, 3], [16, 6, 17, 5], [2, 14, 3, 13], [4, 16, 5, 15]]"
11a_336_169,"[[4, 16, 5, 15], [6, 12, 7, 11], [18, 10, 19, 9], [8, 20, 9, 19], [20, 8, 21, 7], [22, 18, 1, 17], [10, 22, 11, 21], [12, 2, 13, 1], [14, 4, 15, 3], [16, 6, 17, 5], [2, 14, 3, 13]]"
11a_336_170,"[[2, 14, 3, 13], [4, 16, 5, 15], [6, 12, 7, 11], [18, 10, 19, 9], [8, 20, 9, 19], [20, 8, 21, 7], [22, 18, 1, 17], [10, 22, 11, 21], [12, 2, 13, 1], [14, 4, 15, 3], [16, 6, 17, 5]]"
11a_336_171,"[[16, 6, 17, 5], [2, 14, 3, 13], [4, 16, 5, 15], [6, 12, 7, 11], [18, 10, 19, 9], [8, 20, 9, 19], [20, 8, 21, 7], [22, 18, 1, 17], [10, 22, 11, 21], [12, 2, 13, 1], [14, 4, 15, 3]]"
11a_336_172,"[[14, 4, 15, 3], [16, 6, 17, 5], [2, 14, 3, 13], [4, 16, 5, 15], [6, 12, 7, 11], [18, 10, 19, 9], [8, 20, 9, 19], [20, 8, 21, 7], [22, 18, 1, 17], [10, 22, 11, 21], [12, 2, 13, 1]]"
11a_336_173,"[[12, 2, 13, 1], [14, 4, 15, 3], [16, 6, 17, 5], [2, 14, 3, 13], [4, 16, 5, 15], [6, 12, 7, 11], [18, 10, 19, 9], [8, 20, 9, 19], [20, 8, 21, 7], [22, 18, 1, 17], [10, 22, 11, 21]]"
11a_336_174,"[[10, 22, 11, 21], [12, 2, 13, 1], [14, 4, 15, 3], [16, 6, 17, 5], [2, 14, 3, 13], [4, 16, 5, 15], [6, 12, 7, 11], [18, 10, 19, 9], [8, 20, 9, 19], [20, 8, 21, 7], [22, 18, 1, 17]]"
11a_336_175,"[[22, 18, 1, 17], [10, 22, 11, 21], [12, 2, 13, 1], [14, 4, 15, 3], [16, 6, 17, 5], [2, 14, 3, 13], [4, 16, 5, 15], [6, 12, 7, 11], [18, 10, 19, 9], [8, 20, 9, 19], [20, 8, 21, 7]]"
11a_336_176,"[[21, 9, 22, 8], [1, 19, 2, 18], [11, 1, 12, 22], [13, 3, 14, 2], [15, 5, 16, 4], [17, 7, 18, 6], [3, 15, 4, 14], [5, 17, 6, 16], [7, 13, 8, 12], [19, 11, 20, 10], [9, 21, 10, 20]]"
11a_336_177,"[[9, 21, 10, 20], [21, 9, 22, 8], [1, 19, 2, 18], [11, 1, 12, 22], [13, 3, 14, 2], [15, 5, 16, 4], [17, 7, 18, 6], [3, 15, 4, 14], [5, 17, 6, 16], [7, 13, 8, 12], [19, 11, 20, 10]]"
11a_336_178,"[[19, 11, 20, 10], [9, 21, 10, 20], [21, 9, 22, 8], [1, 19, 2, 18], [11, 1, 12, 22], [13, 3, 14, 2], [15, 5, 16, 4], [17, 7, 18, 6], [3, 15, 4, 14], [5, 17, 6, 16], [7, 13, 8, 12]]"
11a_336_179,"[[7, 13, 8, 12], [19, 11, 20, 10], [9, 21, 10, 20], [21, 9, 22, 8], [1, 19, 2, 18], [11, 1, 12, 22], [13, 3, 14, 2], [15, 5, 16, 4], [17, 7, 18, 6], [3, 15, 4, 14], [5, 17, 6, 16]]"
11a_336_180,"[[5, 17, 6, 16], [7, 13, 8, 12], [19, 11, 20, 10], [9, 21, 10, 20], [21, 9, 22, 8], [1, 19, 2, 18], [11, 1, 12, 22], [13, 3, 14, 2], [15, 5, 16, 4], [17, 7, 18, 6], [3, 15, 4, 14]]"
11a_336_181,"[[3, 15, 4, 14], [5, 17, 6, 16], [7, 13, 8, 12], [19, 11, 20, 10], [9, 21, 10, 20], [21, 9, 22, 8], [1, 19, 2, 18], [11, 1, 12, 22], [13, 3, 14, 2], [15, 5, 16, 4], [17, 7, 18, 6]]"
11a_336_182,"[[17, 7, 18, 6], [3, 15, 4, 14], [5, 17, 6, 16], [7, 13, 8, 12], [19, 11, 20, 10], [9, 21, 10, 20], [21, 9, 22, 8], [1, 19, 2, 18], [11, 1, 12, 22], [13, 3, 14, 2], [15, 5, 16, 4]]"
11a_336_183,"[[15, 5, 16, 4], [17, 7, 18, 6], [3, 15, 4, 14], [5, 17, 6, 16], [7, 13, 8, 12], [19, 11, 20, 10], [9, 21, 10, 20], [21, 9, 22, 8], [1, 19, 2, 18], [11, 1, 12, 22], [13, 3, 14, 2]]"
11a_336_184,"[[13, 3, 14, 2], [15, 5, 16, 4], [17, 7, 18, 6], [3, 15, 4, 14], [5, 17, 6, 16], [7, 13, 8, 12], [19, 11, 20, 10], [9, 21, 10, 20], [21, 9, 22, 8], [1, 19, 2, 18], [11, 1, 12, 22]]"
11a_336_185,"[[11, 1, 12, 22], [13, 3, 14, 2], [15, 5, 16, 4], [17, 7, 18, 6], [3, 15, 4, 14], [5, 17, 6, 16], [7, 13, 8, 12], [19, 11, 20, 10], [9, 21, 10, 20], [21, 9, 22, 8], [1, 19, 2, 18]]"
11a_336_186,"[[1, 19, 2, 18], [11, 1, 12, 22], [13, 3, 14, 2], [15, 5, 16, 4], [17, 7, 18, 6], [3, 15, 4, 14], [5, 17, 6, 16], [7, 13, 8, 12], [19, 11, 20, 10], [9, 21, 10, 20], [21, 9, 22, 8]]"
11a_336_187,"[[22, 10, 1, 9], [2, 20, 3, 19], [12, 2, 13, 1], [14, 4, 15, 3], [16, 6, 17, 5], [18, 8, 19, 7], [4, 16, 5, 15], [6, 18, 7, 17], [8, 14, 9, 13], [20, 12, 21, 11], [10, 22, 11, 21]]"
11a_336_188,"[[10, 22, 11, 21], [22, 10, 1, 9], [2, 20, 3, 19], [12, 2, 13, 1], [14, 4, 15, 3], [16, 6, 17, 5], [18, 8, 19, 7], [4, 16, 5, 15], [6, 18, 7, 17], [8, 14, 9, 13], [20, 12, 21, 11]]"
11a_336_189,"[[20, 12, 21, 11], [10, 22, 11, 21], [22, 10, 1, 9], [2, 20, 3, 19], [12, 2, 13, 1], [14, 4, 15, 3], [16, 6, 17, 5], [18, 8, 19, 7], [4, 16, 5, 15], [6, 18, 7, 17], [8, 14, 9, 13]]"
11a_336_190,"[[8, 14, 9, 13], [20, 12, 21, 11], [10, 22, 11, 21], [22, 10, 1, 9], [2, 20, 3, 19], [12, 2, 13, 1], [14, 4, 15, 3], [16, 6, 17, 5], [18, 8, 19, 7], [4, 16, 5, 15], [6, 18, 7, 17]]"
11a_336_191,"[[6, 18, 7, 17], [8, 14, 9, 13], [20, 12, 21, 11], [10, 22, 11, 21], [22, 10, 1, 9], [2, 20, 3, 19], [12, 2, 13, 1], [14, 4, 15, 3], [16, 6, 17, 5], [18, 8, 19, 7], [4, 16, 5, 15]]"
11a_336_192,"[[4, 16, 5, 15], [6, 18, 7, 17], [8, 14, 9, 13], [20, 12, 21, 11], [10, 22, 11, 21], [22, 10, 1, 9], [2, 20, 3, 19], [12, 2, 13, 1], [14, 4, 15, 3], [16, 6, 17, 5], [18, 8, 19, 7]]"
11a_336_193,"[[18, 8, 19, 7], [4, 16, 5, 15], [6, 18, 7, 17], [8, 14, 9, 13], [20, 12, 21, 11], [10, 22, 11, 21], [22, 10, 1, 9], [2, 20, 3, 19], [12, 2, 13, 1], [14, 4, 15, 3], [16, 6, 17, 5]]"
11a_336_194,"[[16, 6, 17, 5], [18, 8, 19, 7], [4, 16, 5, 15], [6, 18, 7, 17], [8, 14, 9, 13], [20, 12, 21, 11], [10, 22, 11, 21], [22, 10, 1, 9], [2, 20, 3, 19], [12, 2, 13, 1], [14, 4, 15, 3]]"
11a_336_195,"[[14, 4, 15, 3], [16, 6, 17, 5], [18, 8, 19, 7], [4, 16, 5, 15], [6, 18, 7, 17], [8, 14, 9, 13], [20, 12, 21, 11], [10, 22, 11, 21], [22, 10, 1, 9], [2, 20, 3, 19], [12, 2, 13, 1]]"
11a_336_196,"[[12, 2, 13, 1], [14, 4, 15, 3], [16, 6, 17, 5], [18, 8, 19, 7], [4, 16, 5, 15], [6, 18, 7, 17], [8, 14, 9, 13], [20, 12, 21, 11], [10, 22, 11, 21], [22, 10, 1, 9], [2, 20, 3, 19]]"
11a_336_197,"[[2, 20, 3, 19], [12, 2, 13, 1], [14, 4, 15, 3], [16, 6, 17, 5], [18, 8, 19, 7], [4, 16, 5, 15], [6, 18, 7, 17], [8, 14, 9, 13], [20, 12, 21, 11], [10, 22, 11, 21], [22, 10, 1, 9]]"
11a_336_198,"[[1, 11, 2, 10], [3, 21, 4, 20], [13, 3, 14, 2], [15, 5, 16, 4], [17, 7, 18, 6], [19, 9, 20, 8], [5, 17, 6, 16], [7, 19, 8, 18], [9, 15, 10, 14], [21, 13, 22, 12], [11, 1, 12, 22]]"
11a_336_199,"[[11, 1, 12, 22], [1, 11, 2, 10], [3, 21, 4, 20], [13, 3, 14, 2], [15, 5, 16, 4], [17, 7, 18, 6], [19, 9, 20, 8], [5, 17, 6, 16], [7, 19, 8, 18], [9, 15, 10, 14], [21, 13, 22, 12]]"
11a_336_200,"[[21, 13, 22, 12], [11, 1, 12, 22], [1, 11, 2, 10], [3, 21, 4, 20], [13, 3, 14, 2], [15, 5, 16, 4], [17, 7, 18, 6], [19, 9, 20, 8], [5, 17, 6, 16], [7, 19, 8, 18], [9, 15, 10, 14]]"
11a_336_201,"[[9, 15, 10, 14], [21, 13, 22, 12], [11, 1, 12, 22], [1, 11, 2, 10], [3, 21, 4, 20], [13, 3, 14, 2], [15, 5, 16, 4], [17, 7, 18, 6], [19, 9, 20, 8], [5, 17, 6, 16], [7, 19, 8, 18]]"
11a_336_202,"[[7, 19, 8, 18], [9, 15, 10, 14], [21, 13, 22, 12], [11, 1, 12, 22], [1, 11, 2, 10], [3, 21, 4, 20], [13, 3, 14, 2], [15, 5, 16, 4], [17, 7, 18, 6], [19, 9, 20, 8], [5, 17, 6, 16]]"
11a_336_203,"[[5, 17, 6, 16], [7, 19, 8, 18], [9, 15, 10, 14], [21, 13, 22, 12], [11, 1, 12, 22], [1, 11, 2, 10], [3, 21, 4, 20], [13, 3, 14, 2], [15, 5, 16, 4], [17, 7, 18, 6], [19, 9, 20, 8]]"
