name,pd_notation
11a_159_0,"[[3, 11, 4, 10], [5, 3, 6, 2], [11, 5, 12, 4], [19, 7, 20, 6], [1, 12, 2, 13], [21, 16, 22, 17], [17, 20, 18, 21], [13, 22, 14, 1], [15, 9, 16, 8], [9, 15, 10, 14], [7, 19, 8, 18]]"
11a_159_1,"[[7, 19, 8, 18], [3, 11, 4, 10], [5, 3, 6, 2], [11, 5, 12, 4], [19, 7, 20, 6], [1, 12, 2, 13], [21, 16, 22, 17], [17, 20, 18, 21], [13, 22, 14, 1], [15, 9, 16, 8], [9, 15, 10, 14]]"
11a_159_2,"[[9, 15, 10, 14], [7, 19, 8, 18], [3, 11, 4, 10], [5, 3, 6, 2], [11, 5, 12, 4], [19, 7, 20, 6], [1, 12, 2, 13], [21, 16, 22, 17], [17, 20, 18, 21], [13, 22, 14, 1], [15, 9, 16, 8]]"
11a_159_3,"[[15, 9, 16, 8], [9, 15, 10, 14], [7, 19, 8, 18], [3, 11, 4, 10], [5, 3, 6, 2], [11, 5, 12, 4], [19, 7, 20, 6], [1, 12, 2, 13], [21, 16, 22, 17], [17, 20, 18, 21], [13, 22, 14, 1]]"
11a_159_4,"[[13, 22, 14, 1], [15, 9, 16, 8], [9, 15, 10, 14], [7, 19, 8, 18], [3, 11, 4, 10], [5, 3, 6, 2], [11, 5, 12, 4], [19, 7, 20, 6], [1, 12, 2, 13], [21, 16, 22, 17], [17, 20, 18, 21]]"
11a_159_5,"[[17, 20, 18, 21], [13, 22, 14, 1], [15, 9, 16, 8], [9, 15, 10, 14], [7, 19, 8, 18], [3, 11, 4, 10], [5, 3, 6, 2], [11, 5, 12, 4], [19, 7, 20, 6], [1, 12, 2, 13], [21, 16, 22, 17]]"
11a_159_6,"[[21, 16, 22, 17], [17, 20, 18, 21], [13, 22, 14, 1], [15, 9, 16, 8], [9, 15, 10, 14], [7, 19, 8, 18], [3, 11, 4, 10], [5, 3, 6, 2], [11, 5, 12, 4], [19, 7, 20, 6], [1, 12, 2, 13]]"
11a_159_7,"[[1, 12, 2, 13], [21, 16, 22, 17], [17, 20, 18, 21], [13, 22, 14, 1], [15, 9, 16, 8], [9, 15, 10, 14], [7, 19, 8, 18], [3, 11, 4, 10], [5, 3, 6, 2], [11, 5, 12, 4], [19, 7, 20, 6]]"
11a_159_8,"[[19, 7, 20, 6], [1, 12, 2, 13], [21, 16, 22, 17], [17, 20, 18, 21], [13, 22, 14, 1], [15, 9, 16, 8], [9, 15, 10, 14], [7, 19, 8, 18], [3, 11, 4, 10], [5, 3, 6, 2], [11, 5, 12, 4]]"
11a_159_9,"[[11, 5, 12, 4], [19, 7, 20, 6], [1, 12, 2, 13], [21, 16, 22, 17], [17, 20, 18, 21], [13, 22, 14, 1], [15, 9, 16, 8], [9, 15, 10, 14], [7, 19, 8, 18], [3, 11, 4, 10], [5, 3, 6, 2]]"
11a_159_10,"[[5, 3, 6, 2], [11, 5, 12, 4], [19, 7, 20, 6], [1, 12, 2, 13], [21, 16, 22, 17], [17, 20, 18, 21], [13, 22, 14, 1], [15, 9, 16, 8], [9, 15, 10, 14], [7, 19, 8, 18], [3, 11, 4, 10]]"
11a_159_11,"[[4, 12, 5, 11], [6, 4, 7, 3], [12, 6, 13, 5], [20, 8, 21, 7], [2, 13, 3, 14], [22, 17, 1, 18], [18, 21, 19, 22], [14, 1, 15, 2], [16, 10, 17, 9], [10, 16, 11, 15], [8, 20, 9, 19]]"
11a_159_12,"[[8, 20, 9, 19], [4, 12, 5, 11], [6, 4, 7, 3], [12, 6, 13, 5], [20, 8, 21, 7], [2, 13, 3, 14], [22, 17, 1, 18], [18, 21, 19, 22], [14, 1, 15, 2], [16, 10, 17, 9], [10, 16, 11, 15]]"
11a_159_13,"[[10, 16, 11, 15], [8, 20, 9, 19], [4, 12, 5, 11], [6, 4, 7, 3], [12, 6, 13, 5], [20, 8, 21, 7], [2, 13, 3, 14], [22, 17, 1, 18], [18, 21, 19, 22], [14, 1, 15, 2], [16, 10, 17, 9]]"
11a_159_14,"[[16, 10, 17, 9], [10, 16, 11, 15], [8, 20, 9, 19], [4, 12, 5, 11], [6, 4, 7, 3], [12, 6, 13, 5], [20, 8, 21, 7], [2, 13, 3, 14], [22, 17, 1, 18], [18, 21, 19, 22], [14, 1, 15, 2]]"
11a_159_15,"[[14, 1, 15, 2], [16, 10, 17, 9], [10, 16, 11, 15], [8, 20, 9, 19], [4, 12, 5, 11], [6, 4, 7, 3], [12, 6, 13, 5], [20, 8, 21, 7], [2, 13, 3, 14], [22, 17, 1, 18], [18, 21, 19, 22]]"
11a_159_16,"[[18, 21, 19, 22], [14, 1, 15, 2], [16, 10, 17, 9], [10, 16, 11, 15], [8, 20, 9, 19], [4, 12, 5, 11], [6, 4, 7, 3], [12, 6, 13, 5], [20, 8, 21, 7], [2, 13, 3, 14], [22, 17, 1, 18]]"
11a_159_17,"[[22, 17, 1, 18], [18, 21, 19, 22], [14, 1, 15, 2], [16, 10, 17, 9], [10, 16, 11, 15], [8, 20, 9, 19], [4, 12, 5, 11], [6, 4, 7, 3], [12, 6, 13, 5], [20, 8, 21, 7], [2, 13, 3, 14]]"
11a_159_18,"[[2, 13, 3, 14], [22, 17, 1, 18], [18, 21, 19, 22], [14, 1, 15, 2], [16, 10, 17, 9], [10, 16, 11, 15], [8, 20, 9, 19], [4, 12, 5, 11], [6, 4, 7, 3], [12, 6, 13, 5], [20, 8, 21, 7]]"
11a_159_19,"[[20, 8, 21, 7], [2, 13, 3, 14], [22, 17, 1, 18], [18, 21, 19, 22], [14, 1, 15, 2], [16, 10, 17, 9], [10, 16, 11, 15], [8, 20, 9, 19], [4, 12, 5, 11], [6, 4, 7, 3], [12, 6, 13, 5]]"
11a_159_20,"[[12, 6, 13, 5], [20, 8, 21, 7], [2, 13, 3, 14], [22, 17, 1, 18], [18, 21, 19, 22], [14, 1, 15, 2], [16, 10, 17, 9], [10, 16, 11, 15], [8, 20, 9, 19], [4, 12, 5, 11], [6, 4, 7, 3]]"
11a_159_21,"[[6, 4, 7, 3], [12, 6, 13, 5], [20, 8, 21, 7], [2, 13, 3, 14], [22, 17, 1, 18], [18, 21, 19, 22], [14, 1, 15, 2], [16, 10, 17, 9], [10, 16, 11, 15], [8, 20, 9, 19], [4, 12, 5, 11]]"
11a_159_22,"[[5, 13, 6, 12], [7, 5, 8, 4], [13, 7, 14, 6], [21, 9, 22, 8], [3, 14, 4, 15], [1, 18, 2, 19], [19, 22, 20, 1], [15, 2, 16, 3], [17, 11, 18, 10], [11, 17, 12, 16], [9, 21, 10, 20]]"
11a_159_23,"[[9, 21, 10, 20], [5, 13, 6, 12], [7, 5, 8, 4], [13, 7, 14, 6], [21, 9, 22, 8], [3, 14, 4, 15], [1, 18, 2, 19], [19, 22, 20, 1], [15, 2, 16, 3], [17, 11, 18, 10], [11, 17, 12, 16]]"
11a_159_24,"[[11, 17, 12, 16], [9, 21, 10, 20], [5, 13, 6, 12], [7, 5, 8, 4], [13, 7, 14, 6], [21, 9, 22, 8], [3, 14, 4, 15], [1, 18, 2, 19], [19, 22, 20, 1], [15, 2, 16, 3], [17, 11, 18, 10]]"
11a_159_25,"[[17, 11, 18, 10], [11, 17, 12, 16], [9, 21, 10, 20], [5, 13, 6, 12], [7, 5, 8, 4], [13, 7, 14, 6], [21, 9, 22, 8], [3, 14, 4, 15], [1, 18, 2, 19], [19, 22, 20, 1], [15, 2, 16, 3]]"
11a_159_26,"[[15, 2, 16, 3], [17, 11, 18, 10], [11, 17, 12, 16], [9, 21, 10, 20], [5, 13, 6, 12], [7, 5, 8, 4], [13, 7, 14, 6], [21, 9, 22, 8], [3, 14, 4, 15], [1, 18, 2, 19], [19, 22, 20, 1]]"
11a_159_27,"[[19, 22, 20, 1], [15, 2, 16, 3], [17, 11, 18, 10], [11, 17, 12, 16], [9, 21, 10, 20], [5, 13, 6, 12], [7, 5, 8, 4], [13, 7, 14, 6], [21, 9, 22, 8], [3, 14, 4, 15], [1, 18, 2, 19]]"
11a_159_28,"[[1, 18, 2, 19], [19, 22, 20, 1], [15, 2, 16, 3], [17, 11, 18, 10], [11, 17, 12, 16], [9, 21, 10, 20], [5, 13, 6, 12], [7, 5, 8, 4], [13, 7, 14, 6], [21, 9, 22, 8], [3, 14, 4, 15]]"
11a_159_29,"[[3, 14, 4, 15], [1, 18, 2, 19], [19, 22, 20, 1], [15, 2, 16, 3], [17, 11, 18, 10], [11, 17, 12, 16], [9, 21, 10, 20], [5, 13, 6, 12], [7, 5, 8, 4], [13, 7, 14, 6], [21, 9, 22, 8]]"
11a_159_30,"[[21, 9, 22, 8], [3, 14, 4, 15], [1, 18, 2, 19], [19, 22, 20, 1], [15, 2, 16, 3], [17, 11, 18, 10], [11, 17, 12, 16], [9, 21, 10, 20], [5, 13, 6, 12], [7, 5, 8, 4], [13, 7, 14, 6]]"
11a_159_31,"[[13, 7, 14, 6], [21, 9, 22, 8], [3, 14, 4, 15], [1, 18, 2, 19], [19, 22, 20, 1], [15, 2, 16, 3], [17, 11, 18, 10], [11, 17, 12, 16], [9, 21, 10, 20], [5, 13, 6, 12], [7, 5, 8, 4]]"
11a_159_32,"[[7, 5, 8, 4], [13, 7, 14, 6], [21, 9, 22, 8], [3, 14, 4, 15], [1, 18, 2, 19], [19, 22, 20, 1], [15, 2, 16, 3], [17, 11, 18, 10], [11, 17, 12, 16], [9, 21, 10, 20], [5, 13, 6, 12]]"
11a_159_33,"[[6, 14, 7, 13], [8, 6, 9, 5], [14, 8, 15, 7], [22, 10, 1, 9], [4, 15, 5, 16], [2, 19, 3, 20], [20, 1, 21, 2], [16, 3, 17, 4], [18, 12, 19, 11], [12, 18, 13, 17], [10, 22, 11, 21]]"
11a_159_34,"[[10, 22, 11, 21], [6, 14, 7, 13], [8, 6, 9, 5], [14, 8, 15, 7], [22, 10, 1, 9], [4, 15, 5, 16], [2, 19, 3, 20], [20, 1, 21, 2], [16, 3, 17, 4], [18, 12, 19, 11], [12, 18, 13, 17]]"
11a_159_35,"[[12, 18, 13, 17], [10, 22, 11, 21], [6, 14, 7, 13], [8, 6, 9, 5], [14, 8, 15, 7], [22, 10, 1, 9], [4, 15, 5, 16], [2, 19, 3, 20], [20, 1, 21, 2], [16, 3, 17, 4], [18, 12, 19, 11]]"
11a_159_36,"[[18, 12, 19, 11], [12, 18, 13, 17], [10, 22, 11, 21], [6, 14, 7, 13], [8, 6, 9, 5], [14, 8, 15, 7], [22, 10, 1, 9], [4, 15, 5, 16], [2, 19, 3, 20], [20, 1, 21, 2], [16, 3, 17, 4]]"
11a_159_37,"[[16, 3, 17, 4], [18, 12, 19, 11], [12, 18, 13, 17], [10, 22, 11, 21], [6, 14, 7, 13], [8, 6, 9, 5], [14, 8, 15, 7], [22, 10, 1, 9], [4, 15, 5, 16], [2, 19, 3, 20], [20, 1, 21, 2]]"
11a_159_38,"[[20, 1, 21, 2], [16, 3, 17, 4], [18, 12, 19, 11], [12, 18, 13, 17], [10, 22, 11, 21], [6, 14, 7, 13], [8, 6, 9, 5], [14, 8, 15, 7], [22, 10, 1, 9], [4, 15, 5, 16], [2, 19, 3, 20]]"
11a_159_39,"[[2, 19, 3, 20], [20, 1, 21, 2], [16, 3, 17, 4], [18, 12, 19, 11], [12, 18, 13, 17], [10, 22, 11, 21], [6, 14, 7, 13], [8, 6, 9, 5], [14, 8, 15, 7], [22, 10, 1, 9], [4, 15, 5, 16]]"
11a_159_40,"[[4, 15, 5, 16], [2, 19, 3, 20], [20, 1, 21, 2], [16, 3, 17, 4], [18, 12, 19, 11], [12, 18, 13, 17], [10, 22, 11, 21], [6, 14, 7, 13], [8, 6, 9, 5], [14, 8, 15, 7], [22, 10, 1, 9]]"
11a_159_41,"[[22, 10, 1, 9], [4, 15, 5, 16], [2, 19, 3, 20], [20, 1, 21, 2], [16, 3, 17, 4], [18, 12, 19, 11], [12, 18, 13, 17], [10, 22, 11, 21], [6, 14, 7, 13], [8, 6, 9, 5], [14, 8, 15, 7]]"
11a_159_42,"[[14, 8, 15, 7], [22, 10, 1, 9], [4, 15, 5, 16], [2, 19, 3, 20], [20, 1, 21, 2], [16, 3, 17, 4], [18, 12, 19, 11], [12, 18, 13, 17], [10, 22, 11, 21], [6, 14, 7, 13], [8, 6, 9, 5]]"
11a_159_43,"[[8, 6, 9, 5], [14, 8, 15, 7], [22, 10, 1, 9], [4, 15, 5, 16], [2, 19, 3, 20], [20, 1, 21, 2], [16, 3, 17, 4], [18, 12, 19, 11], [12, 18, 13, 17], [10, 22, 11, 21], [6, 14, 7, 13]]"
11a_159_44,"[[7, 15, 8, 14], [9, 7, 10, 6], [15, 9, 16, 8], [1, 11, 2, 10], [5, 16, 6, 17], [3, 20, 4, 21], [21, 2, 22, 3], [17, 4, 18, 5], [19, 13, 20, 12], [13, 19, 14, 18], [11, 1, 12, 22]]"
11a_159_45,"[[11, 1, 12, 22], [7, 15, 8, 14], [9, 7, 10, 6], [15, 9, 16, 8], [1, 11, 2, 10], [5, 16, 6, 17], [3, 20, 4, 21], [21, 2, 22, 3], [17, 4, 18, 5], [19, 13, 20, 12], [13, 19, 14, 18]]"
11a_159_46,"[[13, 19, 14, 18], [11, 1, 12, 22], [7, 15, 8, 14], [9, 7, 10, 6], [15, 9, 16, 8], [1, 11, 2, 10], [5, 16, 6, 17], [3, 20, 4, 21], [21, 2, 22, 3], [17, 4, 18, 5], [19, 13, 20, 12]]"
11a_159_47,"[[19, 13, 20, 12], [13, 19, 14, 18], [11, 1, 12, 22], [7, 15, 8, 14], [9, 7, 10, 6], [15, 9, 16, 8], [1, 11, 2, 10], [5, 16, 6, 17], [3, 20, 4, 21], [21, 2, 22, 3], [17, 4, 18, 5]]"
11a_159_48,"[[17, 4, 18, 5], [19, 13, 20, 12], [13, 19, 14, 18], [11, 1, 12, 22], [7, 15, 8, 14], [9, 7, 10, 6], [15, 9, 16, 8], [1, 11, 2, 10], [5, 16, 6, 17], [3, 20, 4, 21], [21, 2, 22, 3]]"
11a_159_49,"[[21, 2, 22, 3], [17, 4, 18, 5], [19, 13, 20, 12], [13, 19, 14, 18], [11, 1, 12, 22], [7, 15, 8, 14], [9, 7, 10, 6], [15, 9, 16, 8], [1, 11, 2, 10], [5, 16, 6, 17], [3, 20, 4, 21]]"
11a_159_50,"[[3, 20, 4, 21], [21, 2, 22, 3], [17, 4, 18, 5], [19, 13, 20, 12], [13, 19, 14, 18], [11, 1, 12, 22], [7, 15, 8, 14], [9, 7, 10, 6], [15, 9, 16, 8], [1, 11, 2, 10], [5, 16, 6, 17]]"
11a_159_51,"[[5, 16, 6, 17], [3, 20, 4, 21], [21, 2, 22, 3], [17, 4, 18, 5], [19, 13, 20, 12], [13, 19, 14, 18], [11, 1, 12, 22], [7, 15, 8, 14], [9, 7, 10, 6], [15, 9, 16, 8], [1, 11, 2, 10]]"
11a_159_52,"[[1, 11, 2, 10], [5, 16, 6, 17], [3, 20, 4, 21], [21, 2, 22, 3], [17, 4, 18, 5], [19, 13, 20, 12], [13, 19, 14, 18], [11, 1, 12, 22], [7, 15, 8, 14], [9, 7, 10, 6], [15, 9, 16, 8]]"
11a_159_53,"[[15, 9, 16, 8], [1, 11, 2, 10], [5, 16, 6, 17], [3, 20, 4, 21], [21, 2, 22, 3], [17, 4, 18, 5], [19, 13, 20, 12], [13, 19, 14, 18], [11, 1, 12, 22], [7, 15, 8, 14], [9, 7, 10, 6]]"
11a_159_54,"[[9, 7, 10, 6], [15, 9, 16, 8], [1, 11, 2, 10], [5, 16, 6, 17], [3, 20, 4, 21], [21, 2, 22, 3], [17, 4, 18, 5], [19, 13, 20, 12], [13, 19, 14, 18], [11, 1, 12, 22], [7, 15, 8, 14]]"
11a_159_55,"[[8, 16, 9, 15], [10, 8, 11, 7], [16, 10, 17, 9], [2, 12, 3, 11], [6, 17, 7, 18], [4, 21, 5, 22], [22, 3, 1, 4], [18, 5, 19, 6], [20, 14, 21, 13], [14, 20, 15, 19], [12, 2, 13, 1]]"
11a_159_56,"[[12, 2, 13, 1], [8, 16, 9, 15], [10, 8, 11, 7], [16, 10, 17, 9], [2, 12, 3, 11], [6, 17, 7, 18], [4, 21, 5, 22], [22, 3, 1, 4], [18, 5, 19, 6], [20, 14, 21, 13], [14, 20, 15, 19]]"
11a_159_57,"[[14, 20, 15, 19], [12, 2, 13, 1], [8, 16, 9, 15], [10, 8, 11, 7], [16, 10, 17, 9], [2, 12, 3, 11], [6, 17, 7, 18], [4, 21, 5, 22], [22, 3, 1, 4], [18, 5, 19, 6], [20, 14, 21, 13]]"
11a_159_58,"[[20, 14, 21, 13], [14, 20, 15, 19], [12, 2, 13, 1], [8, 16, 9, 15], [10, 8, 11, 7], [16, 10, 17, 9], [2, 12, 3, 11], [6, 17, 7, 18], [4, 21, 5, 22], [22, 3, 1, 4], [18, 5, 19, 6]]"
11a_159_59,"[[18, 5, 19, 6], [20, 14, 21, 13], [14, 20, 15, 19], [12, 2, 13, 1], [8, 16, 9, 15], [10, 8, 11, 7], [16, 10, 17, 9], [2, 12, 3, 11], [6, 17, 7, 18], [4, 21, 5, 22], [22, 3, 1, 4]]"
11a_159_60,"[[22, 3, 1, 4], [18, 5, 19, 6], [20, 14, 21, 13], [14, 20, 15, 19], [12, 2, 13, 1], [8, 16, 9, 15], [10, 8, 11, 7], [16, 10, 17, 9], [2, 12, 3, 11], [6, 17, 7, 18], [4, 21, 5, 22]]"
11a_159_61,"[[4, 21, 5, 22], [22, 3, 1, 4], [18, 5, 19, 6], [20, 14, 21, 13], [14, 20, 15, 19], [12, 2, 13, 1], [8, 16, 9, 15], [10, 8, 11, 7], [16, 10, 17, 9], [2, 12, 3, 11], [6, 17, 7, 18]]"
11a_159_62,"[[6, 17, 7, 18], [4, 21, 5, 22], [22, 3, 1, 4], [18, 5, 19, 6], [20, 14, 21, 13], [14, 20, 15, 19], [12, 2, 13, 1], [8, 16, 9, 15], [10, 8, 11, 7], [16, 10, 17, 9], [2, 12, 3, 11]]"
11a_159_63,"[[2, 12, 3, 11], [6, 17, 7, 18], [4, 21, 5, 22], [22, 3, 1, 4], [18, 5, 19, 6], [20, 14, 21, 13], [14, 20, 15, 19], [12, 2, 13, 1], [8, 16, 9, 15], [10, 8, 11, 7], [16, 10, 17, 9]]"
11a_159_64,"[[16, 10, 17, 9], [2, 12, 3, 11], [6, 17, 7, 18], [4, 21, 5, 22], [22, 3, 1, 4], [18, 5, 19, 6], [20, 14, 21, 13], [14, 20, 15, 19], [12, 2, 13, 1], [8, 16, 9, 15], [10, 8, 11, 7]]"
11a_159_65,"[[10, 8, 11, 7], [16, 10, 17, 9], [2, 12, 3, 11], [6, 17, 7, 18], [4, 21, 5, 22], [22, 3, 1, 4], [18, 5, 19, 6], [20, 14, 21, 13], [14, 20, 15, 19], [12, 2, 13, 1], [8, 16, 9, 15]]"
11a_159_66,"[[9, 17, 10, 16], [11, 9, 12, 8], [17, 11, 18, 10], [3, 13, 4, 12], [7, 18, 8, 19], [5, 22, 6, 1], [1, 4, 2, 5], [19, 6, 20, 7], [21, 15, 22, 14], [15, 21, 16, 20], [13, 3, 14, 2]]"
11a_159_67,"[[13, 3, 14, 2], [9, 17, 10, 16], [11, 9, 12, 8], [17, 11, 18, 10], [3, 13, 4, 12], [7, 18, 8, 19], [5, 22, 6, 1], [1, 4, 2, 5], [19, 6, 20, 7], [21, 15, 22, 14], [15, 21, 16, 20]]"
11a_159_68,"[[15, 21, 16, 20], [13, 3, 14, 2], [9, 17, 10, 16], [11, 9, 12, 8], [17, 11, 18, 10], [3, 13, 4, 12], [7, 18, 8, 19], [5, 22, 6, 1], [1, 4, 2, 5], [19, 6, 20, 7], [21, 15, 22, 14]]"
11a_159_69,"[[21, 15, 22, 14], [15, 21, 16, 20], [13, 3, 14, 2], [9, 17, 10, 16], [11, 9, 12, 8], [17, 11, 18, 10], [3, 13, 4, 12], [7, 18, 8, 19], [5, 22, 6, 1], [1, 4, 2, 5], [19, 6, 20, 7]]"
11a_159_70,"[[19, 6, 20, 7], [21, 15, 22, 14], [15, 21, 16, 20], [13, 3, 14, 2], [9, 17, 10, 16], [11, 9, 12, 8], [17, 11, 18, 10], [3, 13, 4, 12], [7, 18, 8, 19], [5, 22, 6, 1], [1, 4, 2, 5]]"
11a_159_71,"[[1, 4, 2, 5], [19, 6, 20, 7], [21, 15, 22, 14], [15, 21, 16, 20], [13, 3, 14, 2], [9, 17, 10, 16], [11, 9, 12, 8], [17, 11, 18, 10], [3, 13, 4, 12], [7, 18, 8, 19], [5, 22, 6, 1]]"
11a_159_72,"[[5, 22, 6, 1], [1, 4, 2, 5], [19, 6, 20, 7], [21, 15, 22, 14], [15, 21, 16, 20], [13, 3, 14, 2], [9, 17, 10, 16], [11, 9, 12, 8], [17, 11, 18, 10], [3, 13, 4, 12], [7, 18, 8, 19]]"
11a_159_73,"[[7, 18, 8, 19], [5, 22, 6, 1], [1, 4, 2, 5], [19, 6, 20, 7], [21, 15, 22, 14], [15, 21, 16, 20], [13, 3, 14, 2], [9, 17, 10, 16], [11, 9, 12, 8], [17, 11, 18, 10], [3, 13, 4, 12]]"
11a_159_74,"[[3, 13, 4, 12], [7, 18, 8, 19], [5, 22, 6, 1], [1, 4, 2, 5], [19, 6, 20, 7], [21, 15, 22, 14], [15, 21, 16, 20], [13, 3, 14, 2], [9, 17, 10, 16], [11, 9, 12, 8], [17, 11, 18, 10]]"
11a_159_75,"[[17, 11, 18, 10], [3, 13, 4, 12], [7, 18, 8, 19], [5, 22, 6, 1], [1, 4, 2, 5], [19, 6, 20, 7], [21, 15, 22, 14], [15, 21, 16, 20], [13, 3, 14, 2], [9, 17, 10, 16], [11, 9, 12, 8]]"
11a_159_76,"[[11, 9, 12, 8], [17, 11, 18, 10], [3, 13, 4, 12], [7, 18, 8, 19], [5, 22, 6, 1], [1, 4, 2, 5], [19, 6, 20, 7], [21, 15, 22, 14], [15, 21, 16, 20], [13, 3, 14, 2], [9, 17, 10, 16]]"
11a_159_77,"[[10, 18, 11, 17], [12, 10, 13, 9], [18, 12, 19, 11], [4, 14, 5, 13], [8, 19, 9, 20], [6, 1, 7, 2], [2, 5, 3, 6], [20, 7, 21, 8], [22, 16, 1, 15], [16, 22, 17, 21], [14, 4, 15, 3]]"
11a_159_78,"[[14, 4, 15, 3], [10, 18, 11, 17], [12, 10, 13, 9], [18, 12, 19, 11], [4, 14, 5, 13], [8, 19, 9, 20], [6, 1, 7, 2], [2, 5, 3, 6], [20, 7, 21, 8], [22, 16, 1, 15], [16, 22, 17, 21]]"
11a_159_79,"[[16, 22, 17, 21], [14, 4, 15, 3], [10, 18, 11, 17], [12, 10, 13, 9], [18, 12, 19, 11], [4, 14, 5, 13], [8, 19, 9, 20], [6, 1, 7, 2], [2, 5, 3, 6], [20, 7, 21, 8], [22, 16, 1, 15]]"
11a_159_80,"[[22, 16, 1, 15], [16, 22, 17, 21], [14, 4, 15, 3], [10, 18, 11, 17], [12, 10, 13, 9], [18, 12, 19, 11], [4, 14, 5, 13], [8, 19, 9, 20], [6, 1, 7, 2], [2, 5, 3, 6], [20, 7, 21, 8]]"
11a_159_81,"[[20, 7, 21, 8], [22, 16, 1, 15], [16, 22, 17, 21], [14, 4, 15, 3], [10, 18, 11, 17], [12, 10, 13, 9], [18, 12, 19, 11], [4, 14, 5, 13], [8, 19, 9, 20], [6, 1, 7, 2], [2, 5, 3, 6]]"
11a_159_82,"[[2, 5, 3, 6], [20, 7, 21, 8], [22, 16, 1, 15], [16, 22, 17, 21], [14, 4, 15, 3], [10, 18, 11, 17], [12, 10, 13, 9], [18, 12, 19, 11], [4, 14, 5, 13], [8, 19, 9, 20], [6, 1, 7, 2]]"
11a_159_83,"[[6, 1, 7, 2], [2, 5, 3, 6], [20, 7, 21, 8], [22, 16, 1, 15], [16, 22, 17, 21], [14, 4, 15, 3], [10, 18, 11, 17], [12, 10, 13, 9], [18, 12, 19, 11], [4, 14, 5, 13], [8, 19, 9, 20]]"
11a_159_84,"[[8, 19, 9, 20], [6, 1, 7, 2], [2, 5, 3, 6], [20, 7, 21, 8], [22, 16, 1, 15], [16, 22, 17, 21], [14, 4, 15, 3], [10, 18, 11, 17], [12, 10, 13, 9], [18, 12, 19, 11], [4, 14, 5, 13]]"
11a_159_85,"[[4, 14, 5, 13], [8, 19, 9, 20], [6, 1, 7, 2], [2, 5, 3, 6], [20, 7, 21, 8], [22, 16, 1, 15], [16, 22, 17, 21], [14, 4, 15, 3], [10, 18, 11, 17], [12, 10, 13, 9], [18, 12, 19, 11]]"
11a_159_86,"[[18, 12, 19, 11], [4, 14, 5, 13], [8, 19, 9, 20], [6, 1, 7, 2], [2, 5, 3, 6], [20, 7, 21, 8], [22, 16, 1, 15], [16, 22, 17, 21], [14, 4, 15, 3], [10, 18, 11, 17], [12, 10, 13, 9]]"
11a_159_87,"[[12, 10, 13, 9], [18, 12, 19, 11], [4, 14, 5, 13], [8, 19, 9, 20], [6, 1, 7, 2], [2, 5, 3, 6], [20, 7, 21, 8], [22, 16, 1, 15], [16, 22, 17, 21], [14, 4, 15, 3], [10, 18, 11, 17]]"
11a_159_88,"[[11, 19, 12, 18], [13, 11, 14, 10], [19, 13, 20, 12], [5, 15, 6, 14], [9, 20, 10, 21], [7, 2, 8, 3], [3, 6, 4, 7], [21, 8, 22, 9], [1, 17, 2, 16], [17, 1, 18, 22], [15, 5, 16, 4]]"
11a_159_89,"[[15, 5, 16, 4], [11, 19, 12, 18], [13, 11, 14, 10], [19, 13, 20, 12], [5, 15, 6, 14], [9, 20, 10, 21], [7, 2, 8, 3], [3, 6, 4, 7], [21, 8, 22, 9], [1, 17, 2, 16], [17, 1, 18, 22]]"
11a_159_90,"[[17, 1, 18, 22], [15, 5, 16, 4], [11, 19, 12, 18], [13, 11, 14, 10], [19, 13, 20, 12], [5, 15, 6, 14], [9, 20, 10, 21], [7, 2, 8, 3], [3, 6, 4, 7], [21, 8, 22, 9], [1, 17, 2, 16]]"
11a_159_91,"[[1, 17, 2, 16], [17, 1, 18, 22], [15, 5, 16, 4], [11, 19, 12, 18], [13, 11, 14, 10], [19, 13, 20, 12], [5, 15, 6, 14], [9, 20, 10, 21], [7, 2, 8, 3], [3, 6, 4, 7], [21, 8, 22, 9]]"
11a_159_92,"[[21, 8, 22, 9], [1, 17, 2, 16], [17, 1, 18, 22], [15, 5, 16, 4], [11, 19, 12, 18], [13, 11, 14, 10], [19, 13, 20, 12], [5, 15, 6, 14], [9, 20, 10, 21], [7, 2, 8, 3], [3, 6, 4, 7]]"
11a_159_93,"[[3, 6, 4, 7], [21, 8, 22, 9], [1, 17, 2, 16], [17, 1, 18, 22], [15, 5, 16, 4], [11, 19, 12, 18], [13, 11, 14, 10], [19, 13, 20, 12], [5, 15, 6, 14], [9, 20, 10, 21], [7, 2, 8, 3]]"
11a_159_94,"[[7, 2, 8, 3], [3, 6, 4, 7], [21, 8, 22, 9], [1, 17, 2, 16], [17, 1, 18, 22], [15, 5, 16, 4], [11, 19, 12, 18], [13, 11, 14, 10], [19, 13, 20, 12], [5, 15, 6, 14], [9, 20, 10, 21]]"
11a_159_95,"[[9, 20, 10, 21], [7, 2, 8, 3], [3, 6, 4, 7], [21, 8, 22, 9], [1, 17, 2, 16], [17, 1, 18, 22], [15, 5, 16, 4], [11, 19, 12, 18], [13, 11, 14, 10], [19, 13, 20, 12], [5, 15, 6, 14]]"
11a_159_96,"[[5, 15, 6, 14], [9, 20, 10, 21], [7, 2, 8, 3], [3, 6, 4, 7], [21, 8, 22, 9], [1, 17, 2, 16], [17, 1, 18, 22], [15, 5, 16, 4], [11, 19, 12, 18], [13, 11, 14, 10], [19, 13, 20, 12]]"
11a_159_97,"[[19, 13, 20, 12], [5, 15, 6, 14], [9, 20, 10, 21], [7, 2, 8, 3], [3, 6, 4, 7], [21, 8, 22, 9], [1, 17, 2, 16], [17, 1, 18, 22], [15, 5, 16, 4], [11, 19, 12, 18], [13, 11, 14, 10]]"
11a_159_98,"[[13, 11, 14, 10], [19, 13, 20, 12], [5, 15, 6, 14], [9, 20, 10, 21], [7, 2, 8, 3], [3, 6, 4, 7], [21, 8, 22, 9], [1, 17, 2, 16], [17, 1, 18, 22], [15, 5, 16, 4], [11, 19, 12, 18]]"
11a_159_99,"[[12, 20, 13, 19], [14, 12, 15, 11], [20, 14, 21, 13], [6, 16, 7, 15], [10, 21, 11, 22], [8, 3, 9, 4], [4, 7, 5, 8], [22, 9, 1, 10], [2, 18, 3, 17], [18, 2, 19, 1], [16, 6, 17, 5]]"
11a_159_100,"[[16, 6, 17, 5], [12, 20, 13, 19], [14, 12, 15, 11], [20, 14, 21, 13], [6, 16, 7, 15], [10, 21, 11, 22], [8, 3, 9, 4], [4, 7, 5, 8], [22, 9, 1, 10], [2, 18, 3, 17], [18, 2, 19, 1]]"
11a_159_101,"[[18, 2, 19, 1], [16, 6, 17, 5], [12, 20, 13, 19], [14, 12, 15, 11], [20, 14, 21, 13], [6, 16, 7, 15], [10, 21, 11, 22], [8, 3, 9, 4], [4, 7, 5, 8], [22, 9, 1, 10], [2, 18, 3, 17]]"
11a_159_102,"[[2, 18, 3, 17], [18, 2, 19, 1], [16, 6, 17, 5], [12, 20, 13, 19], [14, 12, 15, 11], [20, 14, 21, 13], [6, 16, 7, 15], [10, 21, 11, 22], [8, 3, 9, 4], [4, 7, 5, 8], [22, 9, 1, 10]]"
11a_159_103,"[[22, 9, 1, 10], [2, 18, 3, 17], [18, 2, 19, 1], [16, 6, 17, 5], [12, 20, 13, 19], [14, 12, 15, 11], [20, 14, 21, 13], [6, 16, 7, 15], [10, 21, 11, 22], [8, 3, 9, 4], [4, 7, 5, 8]]"
11a_159_104,"[[4, 7, 5, 8], [22, 9, 1, 10], [2, 18, 3, 17], [18, 2, 19, 1], [16, 6, 17, 5], [12, 20, 13, 19], [14, 12, 15, 11], [20, 14, 21, 13], [6, 16, 7, 15], [10, 21, 11, 22], [8, 3, 9, 4]]"
11a_159_105,"[[8, 3, 9, 4], [4, 7, 5, 8], [22, 9, 1, 10], [2, 18, 3, 17], [18, 2, 19, 1], [16, 6, 17, 5], [12, 20, 13, 19], [14, 12, 15, 11], [20, 14, 21, 13], [6, 16, 7, 15], [10, 21, 11, 22]]"
11a_159_106,"[[10, 21, 11, 22], [8, 3, 9, 4], [4, 7, 5, 8], [22, 9, 1, 10], [2, 18, 3, 17], [18, 2, 19, 1], [16, 6, 17, 5], [12, 20, 13, 19], [14, 12, 15, 11], [20, 14, 21, 13], [6, 16, 7, 15]]"
11a_159_107,"[[6, 16, 7, 15], [10, 21, 11, 22], [8, 3, 9, 4], [4, 7, 5, 8], [22, 9, 1, 10], [2, 18, 3, 17], [18, 2, 19, 1], [16, 6, 17, 5], [12, 20, 13, 19], [14, 12, 15, 11], [20, 14, 21, 13]]"
11a_159_108,"[[20, 14, 21, 13], [6, 16, 7, 15], [10, 21, 11, 22], [8, 3, 9, 4], [4, 7, 5, 8], [22, 9, 1, 10], [2, 18, 3, 17], [18, 2, 19, 1], [16, 6, 17, 5], [12, 20, 13, 19], [14, 12, 15, 11]]"
11a_159_109,"[[14, 12, 15, 11], [20, 14, 21, 13], [6, 16, 7, 15], [10, 21, 11, 22], [8, 3, 9, 4], [4, 7, 5, 8], [22, 9, 1, 10], [2, 18, 3, 17], [18, 2, 19, 1], [16, 6, 17, 5], [12, 20, 13, 19]]"
11a_159_110,"[[13, 21, 14, 20], [15, 13, 16, 12], [21, 15, 22, 14], [7, 17, 8, 16], [11, 22, 12, 1], [9, 4, 10, 5], [5, 8, 6, 9], [1, 10, 2, 11], [3, 19, 4, 18], [19, 3, 20, 2], [17, 7, 18, 6]]"
11a_159_111,"[[17, 7, 18, 6], [13, 21, 14, 20], [15, 13, 16, 12], [21, 15, 22, 14], [7, 17, 8, 16], [11, 22, 12, 1], [9, 4, 10, 5], [5, 8, 6, 9], [1, 10, 2, 11], [3, 19, 4, 18], [19, 3, 20, 2]]"
11a_159_112,"[[19, 3, 20, 2], [17, 7, 18, 6], [13, 21, 14, 20], [15, 13, 16, 12], [21, 15, 22, 14], [7, 17, 8, 16], [11, 22, 12, 1], [9, 4, 10, 5], [5, 8, 6, 9], [1, 10, 2, 11], [3, 19, 4, 18]]"
11a_159_113,"[[3, 19, 4, 18], [19, 3, 20, 2], [17, 7, 18, 6], [13, 21, 14, 20], [15, 13, 16, 12], [21, 15, 22, 14], [7, 17, 8, 16], [11, 22, 12, 1], [9, 4, 10, 5], [5, 8, 6, 9], [1, 10, 2, 11]]"
11a_159_114,"[[1, 10, 2, 11], [3, 19, 4, 18], [19, 3, 20, 2], [17, 7, 18, 6], [13, 21, 14, 20], [15, 13, 16, 12], [21, 15, 22, 14], [7, 17, 8, 16], [11, 22, 12, 1], [9, 4, 10, 5], [5, 8, 6, 9]]"
11a_159_115,"[[5, 8, 6, 9], [1, 10, 2, 11], [3, 19, 4, 18], [19, 3, 20, 2], [17, 7, 18, 6], [13, 21, 14, 20], [15, 13, 16, 12], [21, 15, 22, 14], [7, 17, 8, 16], [11, 22, 12, 1], [9, 4, 10, 5]]"
11a_159_116,"[[9, 4, 10, 5], [5, 8, 6, 9], [1, 10, 2, 11], [3, 19, 4, 18], [19, 3, 20, 2], [17, 7, 18, 6], [13, 21, 14, 20], [15, 13, 16, 12], [21, 15, 22, 14], [7, 17, 8, 16], [11, 22, 12, 1]]"
11a_159_117,"[[11, 22, 12, 1], [9, 4, 10, 5], [5, 8, 6, 9], [1, 10, 2, 11], [3, 19, 4, 18], [19, 3, 20, 2], [17, 7, 18, 6], [13, 21, 14, 20], [15, 13, 16, 12], [21, 15, 22, 14], [7, 17, 8, 16]]"
11a_159_118,"[[7, 17, 8, 16], [11, 22, 12, 1], [9, 4, 10, 5], [5, 8, 6, 9], [1, 10, 2, 11], [3, 19, 4, 18], [19, 3, 20, 2], [17, 7, 18, 6], [13, 21, 14, 20], [15, 13, 16, 12], [21, 15, 22, 14]]"
11a_159_119,"[[21, 15, 22, 14], [7, 17, 8, 16], [11, 22, 12, 1], [9, 4, 10, 5], [5, 8, 6, 9], [1, 10, 2, 11], [3, 19, 4, 18], [19, 3, 20, 2], [17, 7, 18, 6], [13, 21, 14, 20], [15, 13, 16, 12]]"
11a_159_120,"[[15, 13, 16, 12], [21, 15, 22, 14], [7, 17, 8, 16], [11, 22, 12, 1], [9, 4, 10, 5], [5, 8, 6, 9], [1, 10, 2, 11], [3, 19, 4, 18], [19, 3, 20, 2], [17, 7, 18, 6], [13, 21, 14, 20]]"
11a_159_121,"[[14, 22, 15, 21], [16, 14, 17, 13], [22, 16, 1, 15], [8, 18, 9, 17], [12, 1, 13, 2], [10, 5, 11, 6], [6, 9, 7, 10], [2, 11, 3, 12], [4, 20, 5, 19], [20, 4, 21, 3], [18, 8, 19, 7]]"
11a_159_122,"[[18, 8, 19, 7], [14, 22, 15, 21], [16, 14, 17, 13], [22, 16, 1, 15], [8, 18, 9, 17], [12, 1, 13, 2], [10, 5, 11, 6], [6, 9, 7, 10], [2, 11, 3, 12], [4, 20, 5, 19], [20, 4, 21, 3]]"
11a_159_123,"[[20, 4, 21, 3], [18, 8, 19, 7], [14, 22, 15, 21], [16, 14, 17, 13], [22, 16, 1, 15], [8, 18, 9, 17], [12, 1, 13, 2], [10, 5, 11, 6], [6, 9, 7, 10], [2, 11, 3, 12], [4, 20, 5, 19]]"
11a_159_124,"[[4, 20, 5, 19], [20, 4, 21, 3], [18, 8, 19, 7], [14, 22, 15, 21], [16, 14, 17, 13], [22, 16, 1, 15], [8, 18, 9, 17], [12, 1, 13, 2], [10, 5, 11, 6], [6, 9, 7, 10], [2, 11, 3, 12]]"
11a_159_125,"[[2, 11, 3, 12], [4, 20, 5, 19], [20, 4, 21, 3], [18, 8, 19, 7], [14, 22, 15, 21], [16, 14, 17, 13], [22, 16, 1, 15], [8, 18, 9, 17], [12, 1, 13, 2], [10, 5, 11, 6], [6, 9, 7, 10]]"
11a_159_126,"[[6, 9, 7, 10], [2, 11, 3, 12], [4, 20, 5, 19], [20, 4, 21, 3], [18, 8, 19, 7], [14, 22, 15, 21], [16, 14, 17, 13], [22, 16, 1, 15], [8, 18, 9, 17], [12, 1, 13, 2], [10, 5, 11, 6]]"
11a_159_127,"[[10, 5, 11, 6], [6, 9, 7, 10], [2, 11, 3, 12], [4, 20, 5, 19], [20, 4, 21, 3], [18, 8, 19, 7], [14, 22, 15, 21], [16, 14, 17, 13], [22, 16, 1, 15], [8, 18, 9, 17], [12, 1, 13, 2]]"
11a_159_128,"[[12, 1, 13, 2], [10, 5, 11, 6], [6, 9, 7, 10], [2, 11, 3, 12], [4, 20, 5, 19], [20, 4, 21, 3], [18, 8, 19, 7], [14, 22, 15, 21], [16, 14, 17, 13], [22, 16, 1, 15], [8, 18, 9, 17]]"
11a_159_129,"[[8, 18, 9, 17], [12, 1, 13, 2], [10, 5, 11, 6], [6, 9, 7, 10], [2, 11, 3, 12], [4, 20, 5, 19], [20, 4, 21, 3], [18, 8, 19, 7], [14, 22, 15, 21], [16, 14, 17, 13], [22, 16, 1, 15]]"
11a_159_130,"[[22, 16, 1, 15], [8, 18, 9, 17], [12, 1, 13, 2], [10, 5, 11, 6], [6, 9, 7, 10], [2, 11, 3, 12], [4, 20, 5, 19], [20, 4, 21, 3], [18, 8, 19, 7], [14, 22, 15, 21], [16, 14, 17, 13]]"
11a_159_131,"[[16, 14, 17, 13], [22, 16, 1, 15], [8, 18, 9, 17], [12, 1, 13, 2], [10, 5, 11, 6], [6, 9, 7, 10], [2, 11, 3, 12], [4, 20, 5, 19], [20, 4, 21, 3], [18, 8, 19, 7], [14, 22, 15, 21]]"
11a_159_132,"[[15, 1, 16, 22], [17, 15, 18, 14], [1, 17, 2, 16], [9, 19, 10, 18], [13, 2, 14, 3], [11, 6, 12, 7], [7, 10, 8, 11], [3, 12, 4, 13], [5, 21, 6, 20], [21, 5, 22, 4], [19, 9, 20, 8]]"
11a_159_133,"[[19, 9, 20, 8], [15, 1, 16, 22], [17, 15, 18, 14], [1, 17, 2, 16], [9, 19, 10, 18], [13, 2, 14, 3], [11, 6, 12, 7], [7, 10, 8, 11], [3, 12, 4, 13], [5, 21, 6, 20], [21, 5, 22, 4]]"
11a_159_134,"[[21, 5, 22, 4], [19, 9, 20, 8], [15, 1, 16, 22], [17, 15, 18, 14], [1, 17, 2, 16], [9, 19, 10, 18], [13, 2, 14, 3], [11, 6, 12, 7], [7, 10, 8, 11], [3, 12, 4, 13], [5, 21, 6, 20]]"
11a_159_135,"[[5, 21, 6, 20], [21, 5, 22, 4], [19, 9, 20, 8], [15, 1, 16, 22], [17, 15, 18, 14], [1, 17, 2, 16], [9, 19, 10, 18], [13, 2, 14, 3], [11, 6, 12, 7], [7, 10, 8, 11], [3, 12, 4, 13]]"
11a_159_136,"[[3, 12, 4, 13], [5, 21, 6, 20], [21, 5, 22, 4], [19, 9, 20, 8], [15, 1, 16, 22], [17, 15, 18, 14], [1, 17, 2, 16], [9, 19, 10, 18], [13, 2, 14, 3], [11, 6, 12, 7], [7, 10, 8, 11]]"
11a_159_137,"[[7, 10, 8, 11], [3, 12, 4, 13], [5, 21, 6, 20], [21, 5, 22, 4], [19, 9, 20, 8], [15, 1, 16, 22], [17, 15, 18, 14], [1, 17, 2, 16], [9, 19, 10, 18], [13, 2, 14, 3], [11, 6, 12, 7]]"
11a_159_138,"[[11, 6, 12, 7], [7, 10, 8, 11], [3, 12, 4, 13], [5, 21, 6, 20], [21, 5, 22, 4], [19, 9, 20, 8], [15, 1, 16, 22], [17, 15, 18, 14], [1, 17, 2, 16], [9, 19, 10, 18], [13, 2, 14, 3]]"
11a_159_139,"[[13, 2, 14, 3], [11, 6, 12, 7], [7, 10, 8, 11], [3, 12, 4, 13], [5, 21, 6, 20], [21, 5, 22, 4], [19, 9, 20, 8], [15, 1, 16, 22], [17, 15, 18, 14], [1, 17, 2, 16], [9, 19, 10, 18]]"
11a_159_140,"[[9, 19, 10, 18], [13, 2, 14, 3], [11, 6, 12, 7], [7, 10, 8, 11], [3, 12, 4, 13], [5, 21, 6, 20], [21, 5, 22, 4], [19, 9, 20, 8], [15, 1, 16, 22], [17, 15, 18, 14], [1, 17, 2, 16]]"
11a_159_141,"[[1, 17, 2, 16], [9, 19, 10, 18], [13, 2, 14, 3], [11, 6, 12, 7], [7, 10, 8, 11], [3, 12, 4, 13], [5, 21, 6, 20], [21, 5, 22, 4], [19, 9, 20, 8], [15, 1, 16, 22], [17, 15, 18, 14]]"
11a_159_142,"[[17, 15, 18, 14], [1, 17, 2, 16], [9, 19, 10, 18], [13, 2, 14, 3], [11, 6, 12, 7], [7, 10, 8, 11], [3, 12, 4, 13], [5, 21, 6, 20], [21, 5, 22, 4], [19, 9, 20, 8], [15, 1, 16, 22]]"
11a_159_143,"[[16, 2, 17, 1], [18, 16, 19, 15], [2, 18, 3, 17], [10, 20, 11, 19], [14, 3, 15, 4], [12, 7, 13, 8], [8, 11, 9, 12], [4, 13, 5, 14], [6, 22, 7, 21], [22, 6, 1, 5], [20, 10, 21, 9]]"
11a_159_144,"[[20, 10, 21, 9], [16, 2, 17, 1], [18, 16, 19, 15], [2, 18, 3, 17], [10, 20, 11, 19], [14, 3, 15, 4], [12, 7, 13, 8], [8, 11, 9, 12], [4, 13, 5, 14], [6, 22, 7, 21], [22, 6, 1, 5]]"
11a_159_145,"[[22, 6, 1, 5], [20, 10, 21, 9], [16, 2, 17, 1], [18, 16, 19, 15], [2, 18, 3, 17], [10, 20, 11, 19], [14, 3, 15, 4], [12, 7, 13, 8], [8, 11, 9, 12], [4, 13, 5, 14], [6, 22, 7, 21]]"
11a_159_146,"[[6, 22, 7, 21], [22, 6, 1, 5], [20, 10, 21, 9], [16, 2, 17, 1], [18, 16, 19, 15], [2, 18, 3, 17], [10, 20, 11, 19], [14, 3, 15, 4], [12, 7, 13, 8], [8, 11, 9, 12], [4, 13, 5, 14]]"
11a_159_147,"[[4, 13, 5, 14], [6, 22, 7, 21], [22, 6, 1, 5], [20, 10, 21, 9], [16, 2, 17, 1], [18, 16, 19, 15], [2, 18, 3, 17], [10, 20, 11, 19], [14, 3, 15, 4], [12, 7, 13, 8], [8, 11, 9, 12]]"
11a_159_148,"[[8, 11, 9, 12], [4, 13, 5, 14], [6, 22, 7, 21], [22, 6, 1, 5], [20, 10, 21, 9], [16, 2, 17, 1], [18, 16, 19, 15], [2, 18, 3, 17], [10, 20, 11, 19], [14, 3, 15, 4], [12, 7, 13, 8]]"
11a_159_149,"[[12, 7, 13, 8], [8, 11, 9, 12], [4, 13, 5, 14], [6, 22, 7, 21], [22, 6, 1, 5], [20, 10, 21, 9], [16, 2, 17, 1], [18, 16, 19, 15], [2, 18, 3, 17], [10, 20, 11, 19], [14, 3, 15, 4]]"
11a_159_150,"[[14, 3, 15, 4], [12, 7, 13, 8], [8, 11, 9, 12], [4, 13, 5, 14], [6, 22, 7, 21], [22, 6, 1, 5], [20, 10, 21, 9], [16, 2, 17, 1], [18, 16, 19, 15], [2, 18, 3, 17], [10, 20, 11, 19]]"
11a_159_151,"[[10, 20, 11, 19], [14, 3, 15, 4], [12, 7, 13, 8], [8, 11, 9, 12], [4, 13, 5, 14], [6, 22, 7, 21], [22, 6, 1, 5], [20, 10, 21, 9], [16, 2, 17, 1], [18, 16, 19, 15], [2, 18, 3, 17]]"
11a_159_152,"[[2, 18, 3, 17], [10, 20, 11, 19], [14, 3, 15, 4], [12, 7, 13, 8], [8, 11, 9, 12], [4, 13, 5, 14], [6, 22, 7, 21], [22, 6, 1, 5], [20, 10, 21, 9], [16, 2, 17, 1], [18, 16, 19, 15]]"
11a_159_153,"[[18, 16, 19, 15], [2, 18, 3, 17], [10, 20, 11, 19], [14, 3, 15, 4], [12, 7, 13, 8], [8, 11, 9, 12], [4, 13, 5, 14], [6, 22, 7, 21], [22, 6, 1, 5], [20, 10, 21, 9], [16, 2, 17, 1]]"
11a_159_154,"[[17, 3, 18, 2], [19, 17, 20, 16], [3, 19, 4, 18], [11, 21, 12, 20], [15, 4, 16, 5], [13, 8, 14, 9], [9, 12, 10, 13], [5, 14, 6, 15], [7, 1, 8, 22], [1, 7, 2, 6], [21, 11, 22, 10]]"
11a_159_155,"[[21, 11, 22, 10], [17, 3, 18, 2], [19, 17, 20, 16], [3, 19, 4, 18], [11, 21, 12, 20], [15, 4, 16, 5], [13, 8, 14, 9], [9, 12, 10, 13], [5, 14, 6, 15], [7, 1, 8, 22], [1, 7, 2, 6]]"
11a_159_156,"[[1, 7, 2, 6], [21, 11, 22, 10], [17, 3, 18, 2], [19, 17, 20, 16], [3, 19, 4, 18], [11, 21, 12, 20], [15, 4, 16, 5], [13, 8, 14, 9], [9, 12, 10, 13], [5, 14, 6, 15], [7, 1, 8, 22]]"
11a_159_157,"[[7, 1, 8, 22], [1, 7, 2, 6], [21, 11, 22, 10], [17, 3, 18, 2], [19, 17, 20, 16], [3, 19, 4, 18], [11, 21, 12, 20], [15, 4, 16, 5], [13, 8, 14, 9], [9, 12, 10, 13], [5, 14, 6, 15]]"
11a_159_158,"[[5, 14, 6, 15], [7, 1, 8, 22], [1, 7, 2, 6], [21, 11, 22, 10], [17, 3, 18, 2], [19, 17, 20, 16], [3, 19, 4, 18], [11, 21, 12, 20], [15, 4, 16, 5], [13, 8, 14, 9], [9, 12, 10, 13]]"
11a_159_159,"[[9, 12, 10, 13], [5, 14, 6, 15], [7, 1, 8, 22], [1, 7, 2, 6], [21, 11, 22, 10], [17, 3, 18, 2], [19, 17, 20, 16], [3, 19, 4, 18], [11, 21, 12, 20], [15, 4, 16, 5], [13, 8, 14, 9]]"
11a_159_160,"[[13, 8, 14, 9], [9, 12, 10, 13], [5, 14, 6, 15], [7, 1, 8, 22], [1, 7, 2, 6], [21, 11, 22, 10], [17, 3, 18, 2], [19, 17, 20, 16], [3, 19, 4, 18], [11, 21, 12, 20], [15, 4, 16, 5]]"
11a_159_161,"[[15, 4, 16, 5], [13, 8, 14, 9], [9, 12, 10, 13], [5, 14, 6, 15], [7, 1, 8, 22], [1, 7, 2, 6], [21, 11, 22, 10], [17, 3, 18, 2], [19, 17, 20, 16], [3, 19, 4, 18], [11, 21, 12, 20]]"
11a_159_162,"[[11, 21, 12, 20], [15, 4, 16, 5], [13, 8, 14, 9], [9, 12, 10, 13], [5, 14, 6, 15], [7, 1, 8, 22], [1, 7, 2, 6], [21, 11, 22, 10], [17, 3, 18, 2], [19, 17, 20, 16], [3, 19, 4, 18]]"
11a_159_163,"[[3, 19, 4, 18], [11, 21, 12, 20], [15, 4, 16, 5], [13, 8, 14, 9], [9, 12, 10, 13], [5, 14, 6, 15], [7, 1, 8, 22], [1, 7, 2, 6], [21, 11, 22, 10], [17, 3, 18, 2], [19, 17, 20, 16]]"
11a_159_164,"[[19, 17, 20, 16], [3, 19, 4, 18], [11, 21, 12, 20], [15, 4, 16, 5], [13, 8, 14, 9], [9, 12, 10, 13], [5, 14, 6, 15], [7, 1, 8, 22], [1, 7, 2, 6], [21, 11, 22, 10], [17, 3, 18, 2]]"
11a_159_165,"[[18, 4, 19, 3], [20, 18, 21, 17], [4, 20, 5, 19], [12, 22, 13, 21], [16, 5, 17, 6], [14, 9, 15, 10], [10, 13, 11, 14], [6, 15, 7, 16], [8, 2, 9, 1], [2, 8, 3, 7], [22, 12, 1, 11]]"
11a_159_166,"[[22, 12, 1, 11], [18, 4, 19, 3], [20, 18, 21, 17], [4, 20, 5, 19], [12, 22, 13, 21], [16, 5, 17, 6], [14, 9, 15, 10], [10, 13, 11, 14], [6, 15, 7, 16], [8, 2, 9, 1], [2, 8, 3, 7]]"
11a_159_167,"[[2, 8, 3, 7], [22, 12, 1, 11], [18, 4, 19, 3], [20, 18, 21, 17], [4, 20, 5, 19], [12, 22, 13, 21], [16, 5, 17, 6], [14, 9, 15, 10], [10, 13, 11, 14], [6, 15, 7, 16], [8, 2, 9, 1]]"
11a_159_168,"[[8, 2, 9, 1], [2, 8, 3, 7], [22, 12, 1, 11], [18, 4, 19, 3], [20, 18, 21, 17], [4, 20, 5, 19], [12, 22, 13, 21], [16, 5, 17, 6], [14, 9, 15, 10], [10, 13, 11, 14], [6, 15, 7, 16]]"
11a_159_169,"[[6, 15, 7, 16], [8, 2, 9, 1], [2, 8, 3, 7], [22, 12, 1, 11], [18, 4, 19, 3], [20, 18, 21, 17], [4, 20, 5, 19], [12, 22, 13, 21], [16, 5, 17, 6], [14, 9, 15, 10], [10, 13, 11, 14]]"
11a_159_170,"[[10, 13, 11, 14], [6, 15, 7, 16], [8, 2, 9, 1], [2, 8, 3, 7], [22, 12, 1, 11], [18, 4, 19, 3], [20, 18, 21, 17], [4, 20, 5, 19], [12, 22, 13, 21], [16, 5, 17, 6], [14, 9, 15, 10]]"
11a_159_171,"[[14, 9, 15, 10], [10, 13, 11, 14], [6, 15, 7, 16], [8, 2, 9, 1], [2, 8, 3, 7], [22, 12, 1, 11], [18, 4, 19, 3], [20, 18, 21, 17], [4, 20, 5, 19], [12, 22, 13, 21], [16, 5, 17, 6]]"
11a_159_172,"[[16, 5, 17, 6], [14, 9, 15, 10], [10, 13, 11, 14], [6, 15, 7, 16], [8, 2, 9, 1], [2, 8, 3, 7], [22, 12, 1, 11], [18, 4, 19, 3], [20, 18, 21, 17], [4, 20, 5, 19], [12, 22, 13, 21]]"
11a_159_173,"[[12, 22, 13, 21], [16, 5, 17, 6], [14, 9, 15, 10], [10, 13, 11, 14], [6, 15, 7, 16], [8, 2, 9, 1], [2, 8, 3, 7], [22, 12, 1, 11], [18, 4, 19, 3], [20, 18, 21, 17], [4, 20, 5, 19]]"
11a_159_174,"[[4, 20, 5, 19], [12, 22, 13, 21], [16, 5, 17, 6], [14, 9, 15, 10], [10, 13, 11, 14], [6, 15, 7, 16], [8, 2, 9, 1], [2, 8, 3, 7], [22, 12, 1, 11], [18, 4, 19, 3], [20, 18, 21, 17]]"
11a_159_175,"[[20, 18, 21, 17], [4, 20, 5, 19], [12, 22, 13, 21], [16, 5, 17, 6], [14, 9, 15, 10], [10, 13, 11, 14], [6, 15, 7, 16], [8, 2, 9, 1], [2, 8, 3, 7], [22, 12, 1, 11], [18, 4, 19, 3]]"
11a_159_176,"[[19, 5, 20, 4], [21, 19, 22, 18], [5, 21, 6, 20], [13, 1, 14, 22], [17, 6, 18, 7], [15, 10, 16, 11], [11, 14, 12, 15], [7, 16, 8, 17], [9, 3, 10, 2], [3, 9, 4, 8], [1, 13, 2, 12]]"
11a_159_177,"[[1, 13, 2, 12], [19, 5, 20, 4], [21, 19, 22, 18], [5, 21, 6, 20], [13, 1, 14, 22], [17, 6, 18, 7], [15, 10, 16, 11], [11, 14, 12, 15], [7, 16, 8, 17], [9, 3, 10, 2], [3, 9, 4, 8]]"
11a_159_178,"[[3, 9, 4, 8], [1, 13, 2, 12], [19, 5, 20, 4], [21, 19, 22, 18], [5, 21, 6, 20], [13, 1, 14, 22], [17, 6, 18, 7], [15, 10, 16, 11], [11, 14, 12, 15], [7, 16, 8, 17], [9, 3, 10, 2]]"
11a_159_179,"[[9, 3, 10, 2], [3, 9, 4, 8], [1, 13, 2, 12], [19, 5, 20, 4], [21, 19, 22, 18], [5, 21, 6, 20], [13, 1, 14, 22], [17, 6, 18, 7], [15, 10, 16, 11], [11, 14, 12, 15], [7, 16, 8, 17]]"
11a_159_180,"[[7, 16, 8, 17], [9, 3, 10, 2], [3, 9, 4, 8], [1, 13, 2, 12], [19, 5, 20, 4], [21, 19, 22, 18], [5, 21, 6, 20], [13, 1, 14, 22], [17, 6, 18, 7], [15, 10, 16, 11], [11, 14, 12, 15]]"
11a_159_181,"[[11, 14, 12, 15], [7, 16, 8, 17], [9, 3, 10, 2], [3, 9, 4, 8], [1, 13, 2, 12], [19, 5, 20, 4], [21, 19, 22, 18], [5, 21, 6, 20], [13, 1, 14, 22], [17, 6, 18, 7], [15, 10, 16, 11]]"
11a_159_182,"[[15, 10, 16, 11], [11, 14, 12, 15], [7, 16, 8, 17], [9, 3, 10, 2], [3, 9, 4, 8], [1, 13, 2, 12], [19, 5, 20, 4], [21, 19, 22, 18], [5, 21, 6, 20], [13, 1, 14, 22], [17, 6, 18, 7]]"
11a_159_183,"[[17, 6, 18, 7], [15, 10, 16, 11], [11, 14, 12, 15], [7, 16, 8, 17], [9, 3, 10, 2], [3, 9, 4, 8], [1, 13, 2, 12], [19, 5, 20, 4], [21, 19, 22, 18], [5, 21, 6, 20], [13, 1, 14, 22]]"
11a_159_184,"[[13, 1, 14, 22], [17, 6, 18, 7], [15, 10, 16, 11], [11, 14, 12, 15], [7, 16, 8, 17], [9, 3, 10, 2], [3, 9, 4, 8], [1, 13, 2, 12], [19, 5, 20, 4], [21, 19, 22, 18], [5, 21, 6, 20]]"
11a_159_185,"[[5, 21, 6, 20], [13, 1, 14, 22], [17, 6, 18, 7], [15, 10, 16, 11], [11, 14, 12, 15], [7, 16, 8, 17], [9, 3, 10, 2], [3, 9, 4, 8], [1, 13, 2, 12], [19, 5, 20, 4], [21, 19, 22, 18]]"
11a_159_186,"[[21, 19, 22, 18], [5, 21, 6, 20], [13, 1, 14, 22], [17, 6, 18, 7], [15, 10, 16, 11], [11, 14, 12, 15], [7, 16, 8, 17], [9, 3, 10, 2], [3, 9, 4, 8], [1, 13, 2, 12], [19, 5, 20, 4]]"
11a_159_187,"[[20, 6, 21, 5], [22, 20, 1, 19], [6, 22, 7, 21], [14, 2, 15, 1], [18, 7, 19, 8], [16, 11, 17, 12], [12, 15, 13, 16], [8, 17, 9, 18], [10, 4, 11, 3], [4, 10, 5, 9], [2, 14, 3, 13]]"
11a_159_188,"[[2, 14, 3, 13], [20, 6, 21, 5], [22, 20, 1, 19], [6, 22, 7, 21], [14, 2, 15, 1], [18, 7, 19, 8], [16, 11, 17, 12], [12, 15, 13, 16], [8, 17, 9, 18], [10, 4, 11, 3], [4, 10, 5, 9]]"
11a_159_189,"[[4, 10, 5, 9], [2, 14, 3, 13], [20, 6, 21, 5], [22, 20, 1, 19], [6, 22, 7, 21], [14, 2, 15, 1], [18, 7, 19, 8], [16, 11, 17, 12], [12, 15, 13, 16], [8, 17, 9, 18], [10, 4, 11, 3]]"
11a_159_190,"[[10, 4, 11, 3], [4, 10, 5, 9], [2, 14, 3, 13], [20, 6, 21, 5], [22, 20, 1, 19], [6, 22, 7, 21], [14, 2, 15, 1], [18, 7, 19, 8], [16, 11, 17, 12], [12, 15, 13, 16], [8, 17, 9, 18]]"
11a_159_191,"[[8, 17, 9, 18], [10, 4, 11, 3], [4, 10, 5, 9], [2, 14, 3, 13], [20, 6, 21, 5], [22, 20, 1, 19], [6, 22, 7, 21], [14, 2, 15, 1], [18, 7, 19, 8], [16, 11, 17, 12], [12, 15, 13, 16]]"
11a_159_192,"[[12, 15, 13, 16], [8, 17, 9, 18], [10, 4, 11, 3], [4, 10, 5, 9], [2, 14, 3, 13], [20, 6, 21, 5], [22, 20, 1, 19], [6, 22, 7, 21], [14, 2, 15, 1], [18, 7, 19, 8], [16, 11, 17, 12]]"
11a_159_193,"[[16, 11, 17, 12], [12, 15, 13, 16], [8, 17, 9, 18], [10, 4, 11, 3], [4, 10, 5, 9], [2, 14, 3, 13], [20, 6, 21, 5], [22, 20, 1, 19], [6, 22, 7, 21], [14, 2, 15, 1], [18, 7, 19, 8]]"
11a_159_194,"[[18, 7, 19, 8], [16, 11, 17, 12], [12, 15, 13, 16], [8, 17, 9, 18], [10, 4, 11, 3], [4, 10, 5, 9], [2, 14, 3, 13], [20, 6, 21, 5], [22, 20, 1, 19], [6, 22, 7, 21], [14, 2, 15, 1]]"
11a_159_195,"[[14, 2, 15, 1], [18, 7, 19, 8], [16, 11, 17, 12], [12, 15, 13, 16], [8, 17, 9, 18], [10, 4, 11, 3], [4, 10, 5, 9], [2, 14, 3, 13], [20, 6, 21, 5], [22, 20, 1, 19], [6, 22, 7, 21]]"
11a_159_196,"[[6, 22, 7, 21], [14, 2, 15, 1], [18, 7, 19, 8], [16, 11, 17, 12], [12, 15, 13, 16], [8, 17, 9, 18], [10, 4, 11, 3], [4, 10, 5, 9], [2, 14, 3, 13], [20, 6, 21, 5], [22, 20, 1, 19]]"
11a_159_197,"[[22, 20, 1, 19], [6, 22, 7, 21], [14, 2, 15, 1], [18, 7, 19, 8], [16, 11, 17, 12], [12, 15, 13, 16], [8, 17, 9, 18], [10, 4, 11, 3], [4, 10, 5, 9], [2, 14, 3, 13], [20, 6, 21, 5]]"
11a_159_198,"[[21, 7, 22, 6], [1, 21, 2, 20], [7, 1, 8, 22], [15, 3, 16, 2], [19, 8, 20, 9], [17, 12, 18, 13], [13, 16, 14, 17], [9, 18, 10, 19], [11, 5, 12, 4], [5, 11, 6, 10], [3, 15, 4, 14]]"
11a_159_199,"[[3, 15, 4, 14], [21, 7, 22, 6], [1, 21, 2, 20], [7, 1, 8, 22], [15, 3, 16, 2], [19, 8, 20, 9], [17, 12, 18, 13], [13, 16, 14, 17], [9, 18, 10, 19], [11, 5, 12, 4], [5, 11, 6, 10]]"
11a_159_200,"[[5, 11, 6, 10], [3, 15, 4, 14], [21, 7, 22, 6], [1, 21, 2, 20], [7, 1, 8, 22], [15, 3, 16, 2], [19, 8, 20, 9], [17, 12, 18, 13], [13, 16, 14, 17], [9, 18, 10, 19], [11, 5, 12, 4]]"
11a_159_201,"[[11, 5, 12, 4], [5, 11, 6, 10], [3, 15, 4, 14], [21, 7, 22, 6], [1, 21, 2, 20], [7, 1, 8, 22], [15, 3, 16, 2], [19, 8, 20, 9], [17, 12, 18, 13], [13, 16, 14, 17], [9, 18, 10, 19]]"
11a_159_202,"[[9, 18, 10, 19], [11, 5, 12, 4], [5, 11, 6, 10], [3, 15, 4, 14], [21, 7, 22, 6], [1, 21, 2, 20], [7, 1, 8, 22], [15, 3, 16, 2], [19, 8, 20, 9], [17, 12, 18, 13], [13, 16, 14, 17]]"
11a_159_203,"[[13, 16, 14, 17], [9, 18, 10, 19], [11, 5, 12, 4], [5, 11, 6, 10], [3, 15, 4, 14], [21, 7, 22, 6], [1, 21, 2, 20], [7, 1, 8, 22], [15, 3, 16, 2], [19, 8, 20, 9], [17, 12, 18, 13]]"
