name,pd_notation
11a_167_0,"[[7, 22, 8, 1], [5, 3, 6, 2], [13, 11, 14, 10], [11, 4, 12, 5], [3, 12, 4, 13], [9, 15, 10, 14], [1, 18, 2, 19], [19, 6, 20, 7], [15, 21, 16, 20], [17, 9, 18, 8], [21, 17, 22, 16]]"
11a_167_1,"[[21, 17, 22, 16], [7, 22, 8, 1], [5, 3, 6, 2], [13, 11, 14, 10], [11, 4, 12, 5], [3, 12, 4, 13], [9, 15, 10, 14], [1, 18, 2, 19], [19, 6, 20, 7], [15, 21, 16, 20], [17, 9, 18, 8]]"
11a_167_2,"[[17, 9, 18, 8], [21, 17, 22, 16], [7, 22, 8, 1], [5, 3, 6, 2], [13, 11, 14, 10], [11, 4, 12, 5], [3, 12, 4, 13], [9, 15, 10, 14], [1, 18, 2, 19], [19, 6, 20, 7], [15, 21, 16, 20]]"
11a_167_3,"[[15, 21, 16, 20], [17, 9, 18, 8], [21, 17, 22, 16], [7, 22, 8, 1], [5, 3, 6, 2], [13, 11, 14, 10], [11, 4, 12, 5], [3, 12, 4, 13], [9, 15, 10, 14], [1, 18, 2, 19], [19, 6, 20, 7]]"
11a_167_4,"[[19, 6, 20, 7], [15, 21, 16, 20], [17, 9, 18, 8], [21, 17, 22, 16], [7, 22, 8, 1], [5, 3, 6, 2], [13, 11, 14, 10], [11, 4, 12, 5], [3, 12, 4, 13], [9, 15, 10, 14], [1, 18, 2, 19]]"
11a_167_5,"[[1, 18, 2, 19], [19, 6, 20, 7], [15, 21, 16, 20], [17, 9, 18, 8], [21, 17, 22, 16], [7, 22, 8, 1], [5, 3, 6, 2], [13, 11, 14, 10], [11, 4, 12, 5], [3, 12, 4, 13], [9, 15, 10, 14]]"
11a_167_6,"[[9, 15, 10, 14], [1, 18, 2, 19], [19, 6, 20, 7], [15, 21, 16, 20], [17, 9, 18, 8], [21, 17, 22, 16], [7, 22, 8, 1], [5, 3, 6, 2], [13, 11, 14, 10], [11, 4, 12, 5], [3, 12, 4, 13]]"
11a_167_7,"[[3, 12, 4, 13], [9, 15, 10, 14], [1, 18, 2, 19], [19, 6, 20, 7], [15, 21, 16, 20], [17, 9, 18, 8], [21, 17, 22, 16], [7, 22, 8, 1], [5, 3, 6, 2], [13, 11, 14, 10], [11, 4, 12, 5]]"
11a_167_8,"[[11, 4, 12, 5], [3, 12, 4, 13], [9, 15, 10, 14], [1, 18, 2, 19], [19, 6, 20, 7], [15, 21, 16, 20], [17, 9, 18, 8], [21, 17, 22, 16], [7, 22, 8, 1], [5, 3, 6, 2], [13, 11, 14, 10]]"
11a_167_9,"[[13, 11, 14, 10], [11, 4, 12, 5], [3, 12, 4, 13], [9, 15, 10, 14], [1, 18, 2, 19], [19, 6, 20, 7], [15, 21, 16, 20], [17, 9, 18, 8], [21, 17, 22, 16], [7, 22, 8, 1], [5, 3, 6, 2]]"
11a_167_10,"[[5, 3, 6, 2], [13, 11, 14, 10], [11, 4, 12, 5], [3, 12, 4, 13], [9, 15, 10, 14], [1, 18, 2, 19], [19, 6, 20, 7], [15, 21, 16, 20], [17, 9, 18, 8], [21, 17, 22, 16], [7, 22, 8, 1]]"
11a_167_11,"[[8, 1, 9, 2], [6, 4, 7, 3], [14, 12, 15, 11], [12, 5, 13, 6], [4, 13, 5, 14], [10, 16, 11, 15], [2, 19, 3, 20], [20, 7, 21, 8], [16, 22, 17, 21], [18, 10, 19, 9], [22, 18, 1, 17]]"
11a_167_12,"[[22, 18, 1, 17], [8, 1, 9, 2], [6, 4, 7, 3], [14, 12, 15, 11], [12, 5, 13, 6], [4, 13, 5, 14], [10, 16, 11, 15], [2, 19, 3, 20], [20, 7, 21, 8], [16, 22, 17, 21], [18, 10, 19, 9]]"
11a_167_13,"[[18, 10, 19, 9], [22, 18, 1, 17], [8, 1, 9, 2], [6, 4, 7, 3], [14, 12, 15, 11], [12, 5, 13, 6], [4, 13, 5, 14], [10, 16, 11, 15], [2, 19, 3, 20], [20, 7, 21, 8], [16, 22, 17, 21]]"
11a_167_14,"[[16, 22, 17, 21], [18, 10, 19, 9], [22, 18, 1, 17], [8, 1, 9, 2], [6, 4, 7, 3], [14, 12, 15, 11], [12, 5, 13, 6], [4, 13, 5, 14], [10, 16, 11, 15], [2, 19, 3, 20], [20, 7, 21, 8]]"
11a_167_15,"[[20, 7, 21, 8], [16, 22, 17, 21], [18, 10, 19, 9], [22, 18, 1, 17], [8, 1, 9, 2], [6, 4, 7, 3], [14, 12, 15, 11], [12, 5, 13, 6], [4, 13, 5, 14], [10, 16, 11, 15], [2, 19, 3, 20]]"
11a_167_16,"[[2, 19, 3, 20], [20, 7, 21, 8], [16, 22, 17, 21], [18, 10, 19, 9], [22, 18, 1, 17], [8, 1, 9, 2], [6, 4, 7, 3], [14, 12, 15, 11], [12, 5, 13, 6], [4, 13, 5, 14], [10, 16, 11, 15]]"
11a_167_17,"[[10, 16, 11, 15], [2, 19, 3, 20], [20, 7, 21, 8], [16, 22, 17, 21], [18, 10, 19, 9], [22, 18, 1, 17], [8, 1, 9, 2], [6, 4, 7, 3], [14, 12, 15, 11], [12, 5, 13, 6], [4, 13, 5, 14]]"
11a_167_18,"[[4, 13, 5, 14], [10, 16, 11, 15], [2, 19, 3, 20], [20, 7, 21, 8], [16, 22, 17, 21], [18, 10, 19, 9], [22, 18, 1, 17], [8, 1, 9, 2], [6, 4, 7, 3], [14, 12, 15, 11], [12, 5, 13, 6]]"
11a_167_19,"[[12, 5, 13, 6], [4, 13, 5, 14], [10, 16, 11, 15], [2, 19, 3, 20], [20, 7, 21, 8], [16, 22, 17, 21], [18, 10, 19, 9], [22, 18, 1, 17], [8, 1, 9, 2], [6, 4, 7, 3], [14, 12, 15, 11]]"
11a_167_20,"[[14, 12, 15, 11], [12, 5, 13, 6], [4, 13, 5, 14], [10, 16, 11, 15], [2, 19, 3, 20], [20, 7, 21, 8], [16, 22, 17, 21], [18, 10, 19, 9], [22, 18, 1, 17], [8, 1, 9, 2], [6, 4, 7, 3]]"
11a_167_21,"[[6, 4, 7, 3], [14, 12, 15, 11], [12, 5, 13, 6], [4, 13, 5, 14], [10, 16, 11, 15], [2, 19, 3, 20], [20, 7, 21, 8], [16, 22, 17, 21], [18, 10, 19, 9], [22, 18, 1, 17], [8, 1, 9, 2]]"
11a_167_22,"[[9, 2, 10, 3], [7, 5, 8, 4], [15, 13, 16, 12], [13, 6, 14, 7], [5, 14, 6, 15], [11, 17, 12, 16], [3, 20, 4, 21], [21, 8, 22, 9], [17, 1, 18, 22], [19, 11, 20, 10], [1, 19, 2, 18]]"
11a_167_23,"[[1, 19, 2, 18], [9, 2, 10, 3], [7, 5, 8, 4], [15, 13, 16, 12], [13, 6, 14, 7], [5, 14, 6, 15], [11, 17, 12, 16], [3, 20, 4, 21], [21, 8, 22, 9], [17, 1, 18, 22], [19, 11, 20, 10]]"
11a_167_24,"[[19, 11, 20, 10], [1, 19, 2, 18], [9, 2, 10, 3], [7, 5, 8, 4], [15, 13, 16, 12], [13, 6, 14, 7], [5, 14, 6, 15], [11, 17, 12, 16], [3, 20, 4, 21], [21, 8, 22, 9], [17, 1, 18, 22]]"
11a_167_25,"[[17, 1, 18, 22], [19, 11, 20, 10], [1, 19, 2, 18], [9, 2, 10, 3], [7, 5, 8, 4], [15, 13, 16, 12], [13, 6, 14, 7], [5, 14, 6, 15], [11, 17, 12, 16], [3, 20, 4, 21], [21, 8, 22, 9]]"
11a_167_26,"[[21, 8, 22, 9], [17, 1, 18, 22], [19, 11, 20, 10], [1, 19, 2, 18], [9, 2, 10, 3], [7, 5, 8, 4], [15, 13, 16, 12], [13, 6, 14, 7], [5, 14, 6, 15], [11, 17, 12, 16], [3, 20, 4, 21]]"
11a_167_27,"[[3, 20, 4, 21], [21, 8, 22, 9], [17, 1, 18, 22], [19, 11, 20, 10], [1, 19, 2, 18], [9, 2, 10, 3], [7, 5, 8, 4], [15, 13, 16, 12], [13, 6, 14, 7], [5, 14, 6, 15], [11, 17, 12, 16]]"
11a_167_28,"[[11, 17, 12, 16], [3, 20, 4, 21], [21, 8, 22, 9], [17, 1, 18, 22], [19, 11, 20, 10], [1, 19, 2, 18], [9, 2, 10, 3], [7, 5, 8, 4], [15, 13, 16, 12], [13, 6, 14, 7], [5, 14, 6, 15]]"
11a_167_29,"[[5, 14, 6, 15], [11, 17, 12, 16], [3, 20, 4, 21], [21, 8, 22, 9], [17, 1, 18, 22], [19, 11, 20, 10], [1, 19, 2, 18], [9, 2, 10, 3], [7, 5, 8, 4], [15, 13, 16, 12], [13, 6, 14, 7]]"
11a_167_30,"[[13, 6, 14, 7], [5, 14, 6, 15], [11, 17, 12, 16], [3, 20, 4, 21], [21, 8, 22, 9], [17, 1, 18, 22], [19, 11, 20, 10], [1, 19, 2, 18], [9, 2, 10, 3], [7, 5, 8, 4], [15, 13, 16, 12]]"
11a_167_31,"[[15, 13, 16, 12], [13, 6, 14, 7], [5, 14, 6, 15], [11, 17, 12, 16], [3, 20, 4, 21], [21, 8, 22, 9], [17, 1, 18, 22], [19, 11, 20, 10], [1, 19, 2, 18], [9, 2, 10, 3], [7, 5, 8, 4]]"
11a_167_32,"[[7, 5, 8, 4], [15, 13, 16, 12], [13, 6, 14, 7], [5, 14, 6, 15], [11, 17, 12, 16], [3, 20, 4, 21], [21, 8, 22, 9], [17, 1, 18, 22], [19, 11, 20, 10], [1, 19, 2, 18], [9, 2, 10, 3]]"
11a_167_33,"[[10, 3, 11, 4], [8, 6, 9, 5], [16, 14, 17, 13], [14, 7, 15, 8], [6, 15, 7, 16], [12, 18, 13, 17], [4, 21, 5, 22], [22, 9, 1, 10], [18, 2, 19, 1], [20, 12, 21, 11], [2, 20, 3, 19]]"
11a_167_34,"[[2, 20, 3, 19], [10, 3, 11, 4], [8, 6, 9, 5], [16, 14, 17, 13], [14, 7, 15, 8], [6, 15, 7, 16], [12, 18, 13, 17], [4, 21, 5, 22], [22, 9, 1, 10], [18, 2, 19, 1], [20, 12, 21, 11]]"
11a_167_35,"[[20, 12, 21, 11], [2, 20, 3, 19], [10, 3, 11, 4], [8, 6, 9, 5], [16, 14, 17, 13], [14, 7, 15, 8], [6, 15, 7, 16], [12, 18, 13, 17], [4, 21, 5, 22], [22, 9, 1, 10], [18, 2, 19, 1]]"
11a_167_36,"[[18, 2, 19, 1], [20, 12, 21, 11], [2, 20, 3, 19], [10, 3, 11, 4], [8, 6, 9, 5], [16, 14, 17, 13], [14, 7, 15, 8], [6, 15, 7, 16], [12, 18, 13, 17], [4, 21, 5, 22], [22, 9, 1, 10]]"
11a_167_37,"[[22, 9, 1, 10], [18, 2, 19, 1], [20, 12, 21, 11], [2, 20, 3, 19], [10, 3, 11, 4], [8, 6, 9, 5], [16, 14, 17, 13], [14, 7, 15, 8], [6, 15, 7, 16], [12, 18, 13, 17], [4, 21, 5, 22]]"
11a_167_38,"[[4, 21, 5, 22], [22, 9, 1, 10], [18, 2, 19, 1], [20, 12, 21, 11], [2, 20, 3, 19], [10, 3, 11, 4], [8, 6, 9, 5], [16, 14, 17, 13], [14, 7, 15, 8], [6, 15, 7, 16], [12, 18, 13, 17]]"
11a_167_39,"[[12, 18, 13, 17], [4, 21, 5, 22], [22, 9, 1, 10], [18, 2, 19, 1], [20, 12, 21, 11], [2, 20, 3, 19], [10, 3, 11, 4], [8, 6, 9, 5], [16, 14, 17, 13], [14, 7, 15, 8], [6, 15, 7, 16]]"
11a_167_40,"[[6, 15, 7, 16], [12, 18, 13, 17], [4, 21, 5, 22], [22, 9, 1, 10], [18, 2, 19, 1], [20, 12, 21, 11], [2, 20, 3, 19], [10, 3, 11, 4], [8, 6, 9, 5], [16, 14, 17, 13], [14, 7, 15, 8]]"
11a_167_41,"[[14, 7, 15, 8], [6, 15, 7, 16], [12, 18, 13, 17], [4, 21, 5, 22], [22, 9, 1, 10], [18, 2, 19, 1], [20, 12, 21, 11], [2, 20, 3, 19], [10, 3, 11, 4], [8, 6, 9, 5], [16, 14, 17, 13]]"
11a_167_42,"[[16, 14, 17, 13], [14, 7, 15, 8], [6, 15, 7, 16], [12, 18, 13, 17], [4, 21, 5, 22], [22, 9, 1, 10], [18, 2, 19, 1], [20, 12, 21, 11], [2, 20, 3, 19], [10, 3, 11, 4], [8, 6, 9, 5]]"
11a_167_43,"[[8, 6, 9, 5], [16, 14, 17, 13], [14, 7, 15, 8], [6, 15, 7, 16], [12, 18, 13, 17], [4, 21, 5, 22], [22, 9, 1, 10], [18, 2, 19, 1], [20, 12, 21, 11], [2, 20, 3, 19], [10, 3, 11, 4]]"
11a_167_44,"[[11, 4, 12, 5], [9, 7, 10, 6], [17, 15, 18, 14], [15, 8, 16, 9], [7, 16, 8, 17], [13, 19, 14, 18], [5, 22, 6, 1], [1, 10, 2, 11], [19, 3, 20, 2], [21, 13, 22, 12], [3, 21, 4, 20]]"
11a_167_45,"[[3, 21, 4, 20], [11, 4, 12, 5], [9, 7, 10, 6], [17, 15, 18, 14], [15, 8, 16, 9], [7, 16, 8, 17], [13, 19, 14, 18], [5, 22, 6, 1], [1, 10, 2, 11], [19, 3, 20, 2], [21, 13, 22, 12]]"
11a_167_46,"[[21, 13, 22, 12], [3, 21, 4, 20], [11, 4, 12, 5], [9, 7, 10, 6], [17, 15, 18, 14], [15, 8, 16, 9], [7, 16, 8, 17], [13, 19, 14, 18], [5, 22, 6, 1], [1, 10, 2, 11], [19, 3, 20, 2]]"
11a_167_47,"[[19, 3, 20, 2], [21, 13, 22, 12], [3, 21, 4, 20], [11, 4, 12, 5], [9, 7, 10, 6], [17, 15, 18, 14], [15, 8, 16, 9], [7, 16, 8, 17], [13, 19, 14, 18], [5, 22, 6, 1], [1, 10, 2, 11]]"
11a_167_48,"[[1, 10, 2, 11], [19, 3, 20, 2], [21, 13, 22, 12], [3, 21, 4, 20], [11, 4, 12, 5], [9, 7, 10, 6], [17, 15, 18, 14], [15, 8, 16, 9], [7, 16, 8, 17], [13, 19, 14, 18], [5, 22, 6, 1]]"
11a_167_49,"[[5, 22, 6, 1], [1, 10, 2, 11], [19, 3, 20, 2], [21, 13, 22, 12], [3, 21, 4, 20], [11, 4, 12, 5], [9, 7, 10, 6], [17, 15, 18, 14], [15, 8, 16, 9], [7, 16, 8, 17], [13, 19, 14, 18]]"
11a_167_50,"[[13, 19, 14, 18], [5, 22, 6, 1], [1, 10, 2, 11], [19, 3, 20, 2], [21, 13, 22, 12], [3, 21, 4, 20], [11, 4, 12, 5], [9, 7, 10, 6], [17, 15, 18, 14], [15, 8, 16, 9], [7, 16, 8, 17]]"
11a_167_51,"[[7, 16, 8, 17], [13, 19, 14, 18], [5, 22, 6, 1], [1, 10, 2, 11], [19, 3, 20, 2], [21, 13, 22, 12], [3, 21, 4, 20], [11, 4, 12, 5], [9, 7, 10, 6], [17, 15, 18, 14], [15, 8, 16, 9]]"
11a_167_52,"[[15, 8, 16, 9], [7, 16, 8, 17], [13, 19, 14, 18], [5, 22, 6, 1], [1, 10, 2, 11], [19, 3, 20, 2], [21, 13, 22, 12], [3, 21, 4, 20], [11, 4, 12, 5], [9, 7, 10, 6], [17, 15, 18, 14]]"
11a_167_53,"[[17, 15, 18, 14], [15, 8, 16, 9], [7, 16, 8, 17], [13, 19, 14, 18], [5, 22, 6, 1], [1, 10, 2, 11], [19, 3, 20, 2], [21, 13, 22, 12], [3, 21, 4, 20], [11, 4, 12, 5], [9, 7, 10, 6]]"
11a_167_54,"[[9, 7, 10, 6], [17, 15, 18, 14], [15, 8, 16, 9], [7, 16, 8, 17], [13, 19, 14, 18], [5, 22, 6, 1], [1, 10, 2, 11], [19, 3, 20, 2], [21, 13, 22, 12], [3, 21, 4, 20], [11, 4, 12, 5]]"
11a_167_55,"[[12, 5, 13, 6], [10, 8, 11, 7], [18, 16, 19, 15], [16, 9, 17, 10], [8, 17, 9, 18], [14, 20, 15, 19], [6, 1, 7, 2], [2, 11, 3, 12], [20, 4, 21, 3], [22, 14, 1, 13], [4, 22, 5, 21]]"
11a_167_56,"[[4, 22, 5, 21], [12, 5, 13, 6], [10, 8, 11, 7], [18, 16, 19, 15], [16, 9, 17, 10], [8, 17, 9, 18], [14, 20, 15, 19], [6, 1, 7, 2], [2, 11, 3, 12], [20, 4, 21, 3], [22, 14, 1, 13]]"
11a_167_57,"[[22, 14, 1, 13], [4, 22, 5, 21], [12, 5, 13, 6], [10, 8, 11, 7], [18, 16, 19, 15], [16, 9, 17, 10], [8, 17, 9, 18], [14, 20, 15, 19], [6, 1, 7, 2], [2, 11, 3, 12], [20, 4, 21, 3]]"
11a_167_58,"[[20, 4, 21, 3], [22, 14, 1, 13], [4, 22, 5, 21], [12, 5, 13, 6], [10, 8, 11, 7], [18, 16, 19, 15], [16, 9, 17, 10], [8, 17, 9, 18], [14, 20, 15, 19], [6, 1, 7, 2], [2, 11, 3, 12]]"
11a_167_59,"[[2, 11, 3, 12], [20, 4, 21, 3], [22, 14, 1, 13], [4, 22, 5, 21], [12, 5, 13, 6], [10, 8, 11, 7], [18, 16, 19, 15], [16, 9, 17, 10], [8, 17, 9, 18], [14, 20, 15, 19], [6, 1, 7, 2]]"
11a_167_60,"[[6, 1, 7, 2], [2, 11, 3, 12], [20, 4, 21, 3], [22, 14, 1, 13], [4, 22, 5, 21], [12, 5, 13, 6], [10, 8, 11, 7], [18, 16, 19, 15], [16, 9, 17, 10], [8, 17, 9, 18], [14, 20, 15, 19]]"
11a_167_61,"[[14, 20, 15, 19], [6, 1, 7, 2], [2, 11, 3, 12], [20, 4, 21, 3], [22, 14, 1, 13], [4, 22, 5, 21], [12, 5, 13, 6], [10, 8, 11, 7], [18, 16, 19, 15], [16, 9, 17, 10], [8, 17, 9, 18]]"
11a_167_62,"[[8, 17, 9, 18], [14, 20, 15, 19], [6, 1, 7, 2], [2, 11, 3, 12], [20, 4, 21, 3], [22, 14, 1, 13], [4, 22, 5, 21], [12, 5, 13, 6], [10, 8, 11, 7], [18, 16, 19, 15], [16, 9, 17, 10]]"
11a_167_63,"[[16, 9, 17, 10], [8, 17, 9, 18], [14, 20, 15, 19], [6, 1, 7, 2], [2, 11, 3, 12], [20, 4, 21, 3], [22, 14, 1, 13], [4, 22, 5, 21], [12, 5, 13, 6], [10, 8, 11, 7], [18, 16, 19, 15]]"
11a_167_64,"[[18, 16, 19, 15], [16, 9, 17, 10], [8, 17, 9, 18], [14, 20, 15, 19], [6, 1, 7, 2], [2, 11, 3, 12], [20, 4, 21, 3], [22, 14, 1, 13], [4, 22, 5, 21], [12, 5, 13, 6], [10, 8, 11, 7]]"
11a_167_65,"[[10, 8, 11, 7], [18, 16, 19, 15], [16, 9, 17, 10], [8, 17, 9, 18], [14, 20, 15, 19], [6, 1, 7, 2], [2, 11, 3, 12], [20, 4, 21, 3], [22, 14, 1, 13], [4, 22, 5, 21], [12, 5, 13, 6]]"
11a_167_66,"[[13, 6, 14, 7], [11, 9, 12, 8], [19, 17, 20, 16], [17, 10, 18, 11], [9, 18, 10, 19], [15, 21, 16, 20], [7, 2, 8, 3], [3, 12, 4, 13], [21, 5, 22, 4], [1, 15, 2, 14], [5, 1, 6, 22]]"
11a_167_67,"[[5, 1, 6, 22], [13, 6, 14, 7], [11, 9, 12, 8], [19, 17, 20, 16], [17, 10, 18, 11], [9, 18, 10, 19], [15, 21, 16, 20], [7, 2, 8, 3], [3, 12, 4, 13], [21, 5, 22, 4], [1, 15, 2, 14]]"
11a_167_68,"[[1, 15, 2, 14], [5, 1, 6, 22], [13, 6, 14, 7], [11, 9, 12, 8], [19, 17, 20, 16], [17, 10, 18, 11], [9, 18, 10, 19], [15, 21, 16, 20], [7, 2, 8, 3], [3, 12, 4, 13], [21, 5, 22, 4]]"
11a_167_69,"[[21, 5, 22, 4], [1, 15, 2, 14], [5, 1, 6, 22], [13, 6, 14, 7], [11, 9, 12, 8], [19, 17, 20, 16], [17, 10, 18, 11], [9, 18, 10, 19], [15, 21, 16, 20], [7, 2, 8, 3], [3, 12, 4, 13]]"
11a_167_70,"[[3, 12, 4, 13], [21, 5, 22, 4], [1, 15, 2, 14], [5, 1, 6, 22], [13, 6, 14, 7], [11, 9, 12, 8], [19, 17, 20, 16], [17, 10, 18, 11], [9, 18, 10, 19], [15, 21, 16, 20], [7, 2, 8, 3]]"
11a_167_71,"[[7, 2, 8, 3], [3, 12, 4, 13], [21, 5, 22, 4], [1, 15, 2, 14], [5, 1, 6, 22], [13, 6, 14, 7], [11, 9, 12, 8], [19, 17, 20, 16], [17, 10, 18, 11], [9, 18, 10, 19], [15, 21, 16, 20]]"
11a_167_72,"[[15, 21, 16, 20], [7, 2, 8, 3], [3, 12, 4, 13], [21, 5, 22, 4], [1, 15, 2, 14], [5, 1, 6, 22], [13, 6, 14, 7], [11, 9, 12, 8], [19, 17, 20, 16], [17, 10, 18, 11], [9, 18, 10, 19]]"
11a_167_73,"[[9, 18, 10, 19], [15, 21, 16, 20], [7, 2, 8, 3], [3, 12, 4, 13], [21, 5, 22, 4], [1, 15, 2, 14], [5, 1, 6, 22], [13, 6, 14, 7], [11, 9, 12, 8], [19, 17, 20, 16], [17, 10, 18, 11]]"
11a_167_74,"[[17, 10, 18, 11], [9, 18, 10, 19], [15, 21, 16, 20], [7, 2, 8, 3], [3, 12, 4, 13], [21, 5, 22, 4], [1, 15, 2, 14], [5, 1, 6, 22], [13, 6, 14, 7], [11, 9, 12, 8], [19, 17, 20, 16]]"
11a_167_75,"[[19, 17, 20, 16], [17, 10, 18, 11], [9, 18, 10, 19], [15, 21, 16, 20], [7, 2, 8, 3], [3, 12, 4, 13], [21, 5, 22, 4], [1, 15, 2, 14], [5, 1, 6, 22], [13, 6, 14, 7], [11, 9, 12, 8]]"
11a_167_76,"[[11, 9, 12, 8], [19, 17, 20, 16], [17, 10, 18, 11], [9, 18, 10, 19], [15, 21, 16, 20], [7, 2, 8, 3], [3, 12, 4, 13], [21, 5, 22, 4], [1, 15, 2, 14], [5, 1, 6, 22], [13, 6, 14, 7]]"
11a_167_77,"[[14, 7, 15, 8], [12, 10, 13, 9], [20, 18, 21, 17], [18, 11, 19, 12], [10, 19, 11, 20], [16, 22, 17, 21], [8, 3, 9, 4], [4, 13, 5, 14], [22, 6, 1, 5], [2, 16, 3, 15], [6, 2, 7, 1]]"
11a_167_78,"[[6, 2, 7, 1], [14, 7, 15, 8], [12, 10, 13, 9], [20, 18, 21, 17], [18, 11, 19, 12], [10, 19, 11, 20], [16, 22, 17, 21], [8, 3, 9, 4], [4, 13, 5, 14], [22, 6, 1, 5], [2, 16, 3, 15]]"
11a_167_79,"[[2, 16, 3, 15], [6, 2, 7, 1], [14, 7, 15, 8], [12, 10, 13, 9], [20, 18, 21, 17], [18, 11, 19, 12], [10, 19, 11, 20], [16, 22, 17, 21], [8, 3, 9, 4], [4, 13, 5, 14], [22, 6, 1, 5]]"
11a_167_80,"[[22, 6, 1, 5], [2, 16, 3, 15], [6, 2, 7, 1], [14, 7, 15, 8], [12, 10, 13, 9], [20, 18, 21, 17], [18, 11, 19, 12], [10, 19, 11, 20], [16, 22, 17, 21], [8, 3, 9, 4], [4, 13, 5, 14]]"
11a_167_81,"[[4, 13, 5, 14], [22, 6, 1, 5], [2, 16, 3, 15], [6, 2, 7, 1], [14, 7, 15, 8], [12, 10, 13, 9], [20, 18, 21, 17], [18, 11, 19, 12], [10, 19, 11, 20], [16, 22, 17, 21], [8, 3, 9, 4]]"
11a_167_82,"[[8, 3, 9, 4], [4, 13, 5, 14], [22, 6, 1, 5], [2, 16, 3, 15], [6, 2, 7, 1], [14, 7, 15, 8], [12, 10, 13, 9], [20, 18, 21, 17], [18, 11, 19, 12], [10, 19, 11, 20], [16, 22, 17, 21]]"
11a_167_83,"[[16, 22, 17, 21], [8, 3, 9, 4], [4, 13, 5, 14], [22, 6, 1, 5], [2, 16, 3, 15], [6, 2, 7, 1], [14, 7, 15, 8], [12, 10, 13, 9], [20, 18, 21, 17], [18, 11, 19, 12], [10, 19, 11, 20]]"
11a_167_84,"[[10, 19, 11, 20], [16, 22, 17, 21], [8, 3, 9, 4], [4, 13, 5, 14], [22, 6, 1, 5], [2, 16, 3, 15], [6, 2, 7, 1], [14, 7, 15, 8], [12, 10, 13, 9], [20, 18, 21, 17], [18, 11, 19, 12]]"
11a_167_85,"[[18, 11, 19, 12], [10, 19, 11, 20], [16, 22, 17, 21], [8, 3, 9, 4], [4, 13, 5, 14], [22, 6, 1, 5], [2, 16, 3, 15], [6, 2, 7, 1], [14, 7, 15, 8], [12, 10, 13, 9], [20, 18, 21, 17]]"
11a_167_86,"[[20, 18, 21, 17], [18, 11, 19, 12], [10, 19, 11, 20], [16, 22, 17, 21], [8, 3, 9, 4], [4, 13, 5, 14], [22, 6, 1, 5], [2, 16, 3, 15], [6, 2, 7, 1], [14, 7, 15, 8], [12, 10, 13, 9]]"
11a_167_87,"[[12, 10, 13, 9], [20, 18, 21, 17], [18, 11, 19, 12], [10, 19, 11, 20], [16, 22, 17, 21], [8, 3, 9, 4], [4, 13, 5, 14], [22, 6, 1, 5], [2, 16, 3, 15], [6, 2, 7, 1], [14, 7, 15, 8]]"
11a_167_88,"[[15, 8, 16, 9], [13, 11, 14, 10], [21, 19, 22, 18], [19, 12, 20, 13], [11, 20, 12, 21], [17, 1, 18, 22], [9, 4, 10, 5], [5, 14, 6, 15], [1, 7, 2, 6], [3, 17, 4, 16], [7, 3, 8, 2]]"
11a_167_89,"[[7, 3, 8, 2], [15, 8, 16, 9], [13, 11, 14, 10], [21, 19, 22, 18], [19, 12, 20, 13], [11, 20, 12, 21], [17, 1, 18, 22], [9, 4, 10, 5], [5, 14, 6, 15], [1, 7, 2, 6], [3, 17, 4, 16]]"
11a_167_90,"[[3, 17, 4, 16], [7, 3, 8, 2], [15, 8, 16, 9], [13, 11, 14, 10], [21, 19, 22, 18], [19, 12, 20, 13], [11, 20, 12, 21], [17, 1, 18, 22], [9, 4, 10, 5], [5, 14, 6, 15], [1, 7, 2, 6]]"
11a_167_91,"[[1, 7, 2, 6], [3, 17, 4, 16], [7, 3, 8, 2], [15, 8, 16, 9], [13, 11, 14, 10], [21, 19, 22, 18], [19, 12, 20, 13], [11, 20, 12, 21], [17, 1, 18, 22], [9, 4, 10, 5], [5, 14, 6, 15]]"
11a_167_92,"[[5, 14, 6, 15], [1, 7, 2, 6], [3, 17, 4, 16], [7, 3, 8, 2], [15, 8, 16, 9], [13, 11, 14, 10], [21, 19, 22, 18], [19, 12, 20, 13], [11, 20, 12, 21], [17, 1, 18, 22], [9, 4, 10, 5]]"
11a_167_93,"[[9, 4, 10, 5], [5, 14, 6, 15], [1, 7, 2, 6], [3, 17, 4, 16], [7, 3, 8, 2], [15, 8, 16, 9], [13, 11, 14, 10], [21, 19, 22, 18], [19, 12, 20, 13], [11, 20, 12, 21], [17, 1, 18, 22]]"
11a_167_94,"[[17, 1, 18, 22], [9, 4, 10, 5], [5, 14, 6, 15], [1, 7, 2, 6], [3, 17, 4, 16], [7, 3, 8, 2], [15, 8, 16, 9], [13, 11, 14, 10], [21, 19, 22, 18], [19, 12, 20, 13], [11, 20, 12, 21]]"
11a_167_95,"[[11, 20, 12, 21], [17, 1, 18, 22], [9, 4, 10, 5], [5, 14, 6, 15], [1, 7, 2, 6], [3, 17, 4, 16], [7, 3, 8, 2], [15, 8, 16, 9], [13, 11, 14, 10], [21, 19, 22, 18], [19, 12, 20, 13]]"
11a_167_96,"[[19, 12, 20, 13], [11, 20, 12, 21], [17, 1, 18, 22], [9, 4, 10, 5], [5, 14, 6, 15], [1, 7, 2, 6], [3, 17, 4, 16], [7, 3, 8, 2], [15, 8, 16, 9], [13, 11, 14, 10], [21, 19, 22, 18]]"
11a_167_97,"[[21, 19, 22, 18], [19, 12, 20, 13], [11, 20, 12, 21], [17, 1, 18, 22], [9, 4, 10, 5], [5, 14, 6, 15], [1, 7, 2, 6], [3, 17, 4, 16], [7, 3, 8, 2], [15, 8, 16, 9], [13, 11, 14, 10]]"
11a_167_98,"[[13, 11, 14, 10], [21, 19, 22, 18], [19, 12, 20, 13], [11, 20, 12, 21], [17, 1, 18, 22], [9, 4, 10, 5], [5, 14, 6, 15], [1, 7, 2, 6], [3, 17, 4, 16], [7, 3, 8, 2], [15, 8, 16, 9]]"
11a_167_99,"[[16, 9, 17, 10], [14, 12, 15, 11], [22, 20, 1, 19], [20, 13, 21, 14], [12, 21, 13, 22], [18, 2, 19, 1], [10, 5, 11, 6], [6, 15, 7, 16], [2, 8, 3, 7], [4, 18, 5, 17], [8, 4, 9, 3]]"
11a_167_100,"[[8, 4, 9, 3], [16, 9, 17, 10], [14, 12, 15, 11], [22, 20, 1, 19], [20, 13, 21, 14], [12, 21, 13, 22], [18, 2, 19, 1], [10, 5, 11, 6], [6, 15, 7, 16], [2, 8, 3, 7], [4, 18, 5, 17]]"
11a_167_101,"[[4, 18, 5, 17], [8, 4, 9, 3], [16, 9, 17, 10], [14, 12, 15, 11], [22, 20, 1, 19], [20, 13, 21, 14], [12, 21, 13, 22], [18, 2, 19, 1], [10, 5, 11, 6], [6, 15, 7, 16], [2, 8, 3, 7]]"
11a_167_102,"[[2, 8, 3, 7], [4, 18, 5, 17], [8, 4, 9, 3], [16, 9, 17, 10], [14, 12, 15, 11], [22, 20, 1, 19], [20, 13, 21, 14], [12, 21, 13, 22], [18, 2, 19, 1], [10, 5, 11, 6], [6, 15, 7, 16]]"
11a_167_103,"[[6, 15, 7, 16], [2, 8, 3, 7], [4, 18, 5, 17], [8, 4, 9, 3], [16, 9, 17, 10], [14, 12, 15, 11], [22, 20, 1, 19], [20, 13, 21, 14], [12, 21, 13, 22], [18, 2, 19, 1], [10, 5, 11, 6]]"
11a_167_104,"[[10, 5, 11, 6], [6, 15, 7, 16], [2, 8, 3, 7], [4, 18, 5, 17], [8, 4, 9, 3], [16, 9, 17, 10], [14, 12, 15, 11], [22, 20, 1, 19], [20, 13, 21, 14], [12, 21, 13, 22], [18, 2, 19, 1]]"
11a_167_105,"[[18, 2, 19, 1], [10, 5, 11, 6], [6, 15, 7, 16], [2, 8, 3, 7], [4, 18, 5, 17], [8, 4, 9, 3], [16, 9, 17, 10], [14, 12, 15, 11], [22, 20, 1, 19], [20, 13, 21, 14], [12, 21, 13, 22]]"
11a_167_106,"[[12, 21, 13, 22], [18, 2, 19, 1], [10, 5, 11, 6], [6, 15, 7, 16], [2, 8, 3, 7], [4, 18, 5, 17], [8, 4, 9, 3], [16, 9, 17, 10], [14, 12, 15, 11], [22, 20, 1, 19], [20, 13, 21, 14]]"
11a_167_107,"[[20, 13, 21, 14], [12, 21, 13, 22], [18, 2, 19, 1], [10, 5, 11, 6], [6, 15, 7, 16], [2, 8, 3, 7], [4, 18, 5, 17], [8, 4, 9, 3], [16, 9, 17, 10], [14, 12, 15, 11], [22, 20, 1, 19]]"
11a_167_108,"[[22, 20, 1, 19], [20, 13, 21, 14], [12, 21, 13, 22], [18, 2, 19, 1], [10, 5, 11, 6], [6, 15, 7, 16], [2, 8, 3, 7], [4, 18, 5, 17], [8, 4, 9, 3], [16, 9, 17, 10], [14, 12, 15, 11]]"
11a_167_109,"[[14, 12, 15, 11], [22, 20, 1, 19], [20, 13, 21, 14], [12, 21, 13, 22], [18, 2, 19, 1], [10, 5, 11, 6], [6, 15, 7, 16], [2, 8, 3, 7], [4, 18, 5, 17], [8, 4, 9, 3], [16, 9, 17, 10]]"
11a_167_110,"[[17, 10, 18, 11], [15, 13, 16, 12], [1, 21, 2, 20], [21, 14, 22, 15], [13, 22, 14, 1], [19, 3, 20, 2], [11, 6, 12, 7], [7, 16, 8, 17], [3, 9, 4, 8], [5, 19, 6, 18], [9, 5, 10, 4]]"
11a_167_111,"[[9, 5, 10, 4], [17, 10, 18, 11], [15, 13, 16, 12], [1, 21, 2, 20], [21, 14, 22, 15], [13, 22, 14, 1], [19, 3, 20, 2], [11, 6, 12, 7], [7, 16, 8, 17], [3, 9, 4, 8], [5, 19, 6, 18]]"
11a_167_112,"[[5, 19, 6, 18], [9, 5, 10, 4], [17, 10, 18, 11], [15, 13, 16, 12], [1, 21, 2, 20], [21, 14, 22, 15], [13, 22, 14, 1], [19, 3, 20, 2], [11, 6, 12, 7], [7, 16, 8, 17], [3, 9, 4, 8]]"
11a_167_113,"[[3, 9, 4, 8], [5, 19, 6, 18], [9, 5, 10, 4], [17, 10, 18, 11], [15, 13, 16, 12], [1, 21, 2, 20], [21, 14, 22, 15], [13, 22, 14, 1], [19, 3, 20, 2], [11, 6, 12, 7], [7, 16, 8, 17]]"
11a_167_114,"[[7, 16, 8, 17], [3, 9, 4, 8], [5, 19, 6, 18], [9, 5, 10, 4], [17, 10, 18, 11], [15, 13, 16, 12], [1, 21, 2, 20], [21, 14, 22, 15], [13, 22, 14, 1], [19, 3, 20, 2], [11, 6, 12, 7]]"
11a_167_115,"[[11, 6, 12, 7], [7, 16, 8, 17], [3, 9, 4, 8], [5, 19, 6, 18], [9, 5, 10, 4], [17, 10, 18, 11], [15, 13, 16, 12], [1, 21, 2, 20], [21, 14, 22, 15], [13, 22, 14, 1], [19, 3, 20, 2]]"
11a_167_116,"[[19, 3, 20, 2], [11, 6, 12, 7], [7, 16, 8, 17], [3, 9, 4, 8], [5, 19, 6, 18], [9, 5, 10, 4], [17, 10, 18, 11], [15, 13, 16, 12], [1, 21, 2, 20], [21, 14, 22, 15], [13, 22, 14, 1]]"
11a_167_117,"[[13, 22, 14, 1], [19, 3, 20, 2], [11, 6, 12, 7], [7, 16, 8, 17], [3, 9, 4, 8], [5, 19, 6, 18], [9, 5, 10, 4], [17, 10, 18, 11], [15, 13, 16, 12], [1, 21, 2, 20], [21, 14, 22, 15]]"
11a_167_118,"[[21, 14, 22, 15], [13, 22, 14, 1], [19, 3, 20, 2], [11, 6, 12, 7], [7, 16, 8, 17], [3, 9, 4, 8], [5, 19, 6, 18], [9, 5, 10, 4], [17, 10, 18, 11], [15, 13, 16, 12], [1, 21, 2, 20]]"
11a_167_119,"[[1, 21, 2, 20], [21, 14, 22, 15], [13, 22, 14, 1], [19, 3, 20, 2], [11, 6, 12, 7], [7, 16, 8, 17], [3, 9, 4, 8], [5, 19, 6, 18], [9, 5, 10, 4], [17, 10, 18, 11], [15, 13, 16, 12]]"
11a_167_120,"[[15, 13, 16, 12], [1, 21, 2, 20], [21, 14, 22, 15], [13, 22, 14, 1], [19, 3, 20, 2], [11, 6, 12, 7], [7, 16, 8, 17], [3, 9, 4, 8], [5, 19, 6, 18], [9, 5, 10, 4], [17, 10, 18, 11]]"
11a_167_121,"[[18, 11, 19, 12], [16, 14, 17, 13], [2, 22, 3, 21], [22, 15, 1, 16], [14, 1, 15, 2], [20, 4, 21, 3], [12, 7, 13, 8], [8, 17, 9, 18], [4, 10, 5, 9], [6, 20, 7, 19], [10, 6, 11, 5]]"
11a_167_122,"[[10, 6, 11, 5], [18, 11, 19, 12], [16, 14, 17, 13], [2, 22, 3, 21], [22, 15, 1, 16], [14, 1, 15, 2], [20, 4, 21, 3], [12, 7, 13, 8], [8, 17, 9, 18], [4, 10, 5, 9], [6, 20, 7, 19]]"
11a_167_123,"[[6, 20, 7, 19], [10, 6, 11, 5], [18, 11, 19, 12], [16, 14, 17, 13], [2, 22, 3, 21], [22, 15, 1, 16], [14, 1, 15, 2], [20, 4, 21, 3], [12, 7, 13, 8], [8, 17, 9, 18], [4, 10, 5, 9]]"
11a_167_124,"[[4, 10, 5, 9], [6, 20, 7, 19], [10, 6, 11, 5], [18, 11, 19, 12], [16, 14, 17, 13], [2, 22, 3, 21], [22, 15, 1, 16], [14, 1, 15, 2], [20, 4, 21, 3], [12, 7, 13, 8], [8, 17, 9, 18]]"
11a_167_125,"[[8, 17, 9, 18], [4, 10, 5, 9], [6, 20, 7, 19], [10, 6, 11, 5], [18, 11, 19, 12], [16, 14, 17, 13], [2, 22, 3, 21], [22, 15, 1, 16], [14, 1, 15, 2], [20, 4, 21, 3], [12, 7, 13, 8]]"
11a_167_126,"[[12, 7, 13, 8], [8, 17, 9, 18], [4, 10, 5, 9], [6, 20, 7, 19], [10, 6, 11, 5], [18, 11, 19, 12], [16, 14, 17, 13], [2, 22, 3, 21], [22, 15, 1, 16], [14, 1, 15, 2], [20, 4, 21, 3]]"
11a_167_127,"[[20, 4, 21, 3], [12, 7, 13, 8], [8, 17, 9, 18], [4, 10, 5, 9], [6, 20, 7, 19], [10, 6, 11, 5], [18, 11, 19, 12], [16, 14, 17, 13], [2, 22, 3, 21], [22, 15, 1, 16], [14, 1, 15, 2]]"
11a_167_128,"[[14, 1, 15, 2], [20, 4, 21, 3], [12, 7, 13, 8], [8, 17, 9, 18], [4, 10, 5, 9], [6, 20, 7, 19], [10, 6, 11, 5], [18, 11, 19, 12], [16, 14, 17, 13], [2, 22, 3, 21], [22, 15, 1, 16]]"
11a_167_129,"[[22, 15, 1, 16], [14, 1, 15, 2], [20, 4, 21, 3], [12, 7, 13, 8], [8, 17, 9, 18], [4, 10, 5, 9], [6, 20, 7, 19], [10, 6, 11, 5], [18, 11, 19, 12], [16, 14, 17, 13], [2, 22, 3, 21]]"
11a_167_130,"[[2, 22, 3, 21], [22, 15, 1, 16], [14, 1, 15, 2], [20, 4, 21, 3], [12, 7, 13, 8], [8, 17, 9, 18], [4, 10, 5, 9], [6, 20, 7, 19], [10, 6, 11, 5], [18, 11, 19, 12], [16, 14, 17, 13]]"
11a_167_131,"[[16, 14, 17, 13], [2, 22, 3, 21], [22, 15, 1, 16], [14, 1, 15, 2], [20, 4, 21, 3], [12, 7, 13, 8], [8, 17, 9, 18], [4, 10, 5, 9], [6, 20, 7, 19], [10, 6, 11, 5], [18, 11, 19, 12]]"
11a_167_132,"[[19, 12, 20, 13], [17, 15, 18, 14], [3, 1, 4, 22], [1, 16, 2, 17], [15, 2, 16, 3], [21, 5, 22, 4], [13, 8, 14, 9], [9, 18, 10, 19], [5, 11, 6, 10], [7, 21, 8, 20], [11, 7, 12, 6]]"
11a_167_133,"[[11, 7, 12, 6], [19, 12, 20, 13], [17, 15, 18, 14], [3, 1, 4, 22], [1, 16, 2, 17], [15, 2, 16, 3], [21, 5, 22, 4], [13, 8, 14, 9], [9, 18, 10, 19], [5, 11, 6, 10], [7, 21, 8, 20]]"
11a_167_134,"[[7, 21, 8, 20], [11, 7, 12, 6], [19, 12, 20, 13], [17, 15, 18, 14], [3, 1, 4, 22], [1, 16, 2, 17], [15, 2, 16, 3], [21, 5, 22, 4], [13, 8, 14, 9], [9, 18, 10, 19], [5, 11, 6, 10]]"
11a_167_135,"[[5, 11, 6, 10], [7, 21, 8, 20], [11, 7, 12, 6], [19, 12, 20, 13], [17, 15, 18, 14], [3, 1, 4, 22], [1, 16, 2, 17], [15, 2, 16, 3], [21, 5, 22, 4], [13, 8, 14, 9], [9, 18, 10, 19]]"
11a_167_136,"[[9, 18, 10, 19], [5, 11, 6, 10], [7, 21, 8, 20], [11, 7, 12, 6], [19, 12, 20, 13], [17, 15, 18, 14], [3, 1, 4, 22], [1, 16, 2, 17], [15, 2, 16, 3], [21, 5, 22, 4], [13, 8, 14, 9]]"
11a_167_137,"[[13, 8, 14, 9], [9, 18, 10, 19], [5, 11, 6, 10], [7, 21, 8, 20], [11, 7, 12, 6], [19, 12, 20, 13], [17, 15, 18, 14], [3, 1, 4, 22], [1, 16, 2, 17], [15, 2, 16, 3], [21, 5, 22, 4]]"
11a_167_138,"[[21, 5, 22, 4], [13, 8, 14, 9], [9, 18, 10, 19], [5, 11, 6, 10], [7, 21, 8, 20], [11, 7, 12, 6], [19, 12, 20, 13], [17, 15, 18, 14], [3, 1, 4, 22], [1, 16, 2, 17], [15, 2, 16, 3]]"
11a_167_139,"[[15, 2, 16, 3], [21, 5, 22, 4], [13, 8, 14, 9], [9, 18, 10, 19], [5, 11, 6, 10], [7, 21, 8, 20], [11, 7, 12, 6], [19, 12, 20, 13], [17, 15, 18, 14], [3, 1, 4, 22], [1, 16, 2, 17]]"
11a_167_140,"[[1, 16, 2, 17], [15, 2, 16, 3], [21, 5, 22, 4], [13, 8, 14, 9], [9, 18, 10, 19], [5, 11, 6, 10], [7, 21, 8, 20], [11, 7, 12, 6], [19, 12, 20, 13], [17, 15, 18, 14], [3, 1, 4, 22]]"
11a_167_141,"[[3, 1, 4, 22], [1, 16, 2, 17], [15, 2, 16, 3], [21, 5, 22, 4], [13, 8, 14, 9], [9, 18, 10, 19], [5, 11, 6, 10], [7, 21, 8, 20], [11, 7, 12, 6], [19, 12, 20, 13], [17, 15, 18, 14]]"
11a_167_142,"[[17, 15, 18, 14], [3, 1, 4, 22], [1, 16, 2, 17], [15, 2, 16, 3], [21, 5, 22, 4], [13, 8, 14, 9], [9, 18, 10, 19], [5, 11, 6, 10], [7, 21, 8, 20], [11, 7, 12, 6], [19, 12, 20, 13]]"
11a_167_143,"[[20, 13, 21, 14], [18, 16, 19, 15], [4, 2, 5, 1], [2, 17, 3, 18], [16, 3, 17, 4], [22, 6, 1, 5], [14, 9, 15, 10], [10, 19, 11, 20], [6, 12, 7, 11], [8, 22, 9, 21], [12, 8, 13, 7]]"
11a_167_144,"[[12, 8, 13, 7], [20, 13, 21, 14], [18, 16, 19, 15], [4, 2, 5, 1], [2, 17, 3, 18], [16, 3, 17, 4], [22, 6, 1, 5], [14, 9, 15, 10], [10, 19, 11, 20], [6, 12, 7, 11], [8, 22, 9, 21]]"
11a_167_145,"[[8, 22, 9, 21], [12, 8, 13, 7], [20, 13, 21, 14], [18, 16, 19, 15], [4, 2, 5, 1], [2, 17, 3, 18], [16, 3, 17, 4], [22, 6, 1, 5], [14, 9, 15, 10], [10, 19, 11, 20], [6, 12, 7, 11]]"
11a_167_146,"[[6, 12, 7, 11], [8, 22, 9, 21], [12, 8, 13, 7], [20, 13, 21, 14], [18, 16, 19, 15], [4, 2, 5, 1], [2, 17, 3, 18], [16, 3, 17, 4], [22, 6, 1, 5], [14, 9, 15, 10], [10, 19, 11, 20]]"
11a_167_147,"[[10, 19, 11, 20], [6, 12, 7, 11], [8, 22, 9, 21], [12, 8, 13, 7], [20, 13, 21, 14], [18, 16, 19, 15], [4, 2, 5, 1], [2, 17, 3, 18], [16, 3, 17, 4], [22, 6, 1, 5], [14, 9, 15, 10]]"
11a_167_148,"[[14, 9, 15, 10], [10, 19, 11, 20], [6, 12, 7, 11], [8, 22, 9, 21], [12, 8, 13, 7], [20, 13, 21, 14], [18, 16, 19, 15], [4, 2, 5, 1], [2, 17, 3, 18], [16, 3, 17, 4], [22, 6, 1, 5]]"
11a_167_149,"[[22, 6, 1, 5], [14, 9, 15, 10], [10, 19, 11, 20], [6, 12, 7, 11], [8, 22, 9, 21], [12, 8, 13, 7], [20, 13, 21, 14], [18, 16, 19, 15], [4, 2, 5, 1], [2, 17, 3, 18], [16, 3, 17, 4]]"
11a_167_150,"[[16, 3, 17, 4], [22, 6, 1, 5], [14, 9, 15, 10], [10, 19, 11, 20], [6, 12, 7, 11], [8, 22, 9, 21], [12, 8, 13, 7], [20, 13, 21, 14], [18, 16, 19, 15], [4, 2, 5, 1], [2, 17, 3, 18]]"
11a_167_151,"[[2, 17, 3, 18], [16, 3, 17, 4], [22, 6, 1, 5], [14, 9, 15, 10], [10, 19, 11, 20], [6, 12, 7, 11], [8, 22, 9, 21], [12, 8, 13, 7], [20, 13, 21, 14], [18, 16, 19, 15], [4, 2, 5, 1]]"
11a_167_152,"[[4, 2, 5, 1], [2, 17, 3, 18], [16, 3, 17, 4], [22, 6, 1, 5], [14, 9, 15, 10], [10, 19, 11, 20], [6, 12, 7, 11], [8, 22, 9, 21], [12, 8, 13, 7], [20, 13, 21, 14], [18, 16, 19, 15]]"
11a_167_153,"[[18, 16, 19, 15], [4, 2, 5, 1], [2, 17, 3, 18], [16, 3, 17, 4], [22, 6, 1, 5], [14, 9, 15, 10], [10, 19, 11, 20], [6, 12, 7, 11], [8, 22, 9, 21], [12, 8, 13, 7], [20, 13, 21, 14]]"
11a_167_154,"[[21, 14, 22, 15], [19, 17, 20, 16], [5, 3, 6, 2], [3, 18, 4, 19], [17, 4, 18, 5], [1, 7, 2, 6], [15, 10, 16, 11], [11, 20, 12, 21], [7, 13, 8, 12], [9, 1, 10, 22], [13, 9, 14, 8]]"
11a_167_155,"[[13, 9, 14, 8], [21, 14, 22, 15], [19, 17, 20, 16], [5, 3, 6, 2], [3, 18, 4, 19], [17, 4, 18, 5], [1, 7, 2, 6], [15, 10, 16, 11], [11, 20, 12, 21], [7, 13, 8, 12], [9, 1, 10, 22]]"
11a_167_156,"[[9, 1, 10, 22], [13, 9, 14, 8], [21, 14, 22, 15], [19, 17, 20, 16], [5, 3, 6, 2], [3, 18, 4, 19], [17, 4, 18, 5], [1, 7, 2, 6], [15, 10, 16, 11], [11, 20, 12, 21], [7, 13, 8, 12]]"
11a_167_157,"[[7, 13, 8, 12], [9, 1, 10, 22], [13, 9, 14, 8], [21, 14, 22, 15], [19, 17, 20, 16], [5, 3, 6, 2], [3, 18, 4, 19], [17, 4, 18, 5], [1, 7, 2, 6], [15, 10, 16, 11], [11, 20, 12, 21]]"
11a_167_158,"[[11, 20, 12, 21], [7, 13, 8, 12], [9, 1, 10, 22], [13, 9, 14, 8], [21, 14, 22, 15], [19, 17, 20, 16], [5, 3, 6, 2], [3, 18, 4, 19], [17, 4, 18, 5], [1, 7, 2, 6], [15, 10, 16, 11]]"
11a_167_159,"[[15, 10, 16, 11], [11, 20, 12, 21], [7, 13, 8, 12], [9, 1, 10, 22], [13, 9, 14, 8], [21, 14, 22, 15], [19, 17, 20, 16], [5, 3, 6, 2], [3, 18, 4, 19], [17, 4, 18, 5], [1, 7, 2, 6]]"
11a_167_160,"[[1, 7, 2, 6], [15, 10, 16, 11], [11, 20, 12, 21], [7, 13, 8, 12], [9, 1, 10, 22], [13, 9, 14, 8], [21, 14, 22, 15], [19, 17, 20, 16], [5, 3, 6, 2], [3, 18, 4, 19], [17, 4, 18, 5]]"
11a_167_161,"[[17, 4, 18, 5], [1, 7, 2, 6], [15, 10, 16, 11], [11, 20, 12, 21], [7, 13, 8, 12], [9, 1, 10, 22], [13, 9, 14, 8], [21, 14, 22, 15], [19, 17, 20, 16], [5, 3, 6, 2], [3, 18, 4, 19]]"
11a_167_162,"[[3, 18, 4, 19], [17, 4, 18, 5], [1, 7, 2, 6], [15, 10, 16, 11], [11, 20, 12, 21], [7, 13, 8, 12], [9, 1, 10, 22], [13, 9, 14, 8], [21, 14, 22, 15], [19, 17, 20, 16], [5, 3, 6, 2]]"
11a_167_163,"[[5, 3, 6, 2], [3, 18, 4, 19], [17, 4, 18, 5], [1, 7, 2, 6], [15, 10, 16, 11], [11, 20, 12, 21], [7, 13, 8, 12], [9, 1, 10, 22], [13, 9, 14, 8], [21, 14, 22, 15], [19, 17, 20, 16]]"
11a_167_164,"[[19, 17, 20, 16], [5, 3, 6, 2], [3, 18, 4, 19], [17, 4, 18, 5], [1, 7, 2, 6], [15, 10, 16, 11], [11, 20, 12, 21], [7, 13, 8, 12], [9, 1, 10, 22], [13, 9, 14, 8], [21, 14, 22, 15]]"
11a_167_165,"[[22, 15, 1, 16], [20, 18, 21, 17], [6, 4, 7, 3], [4, 19, 5, 20], [18, 5, 19, 6], [2, 8, 3, 7], [16, 11, 17, 12], [12, 21, 13, 22], [8, 14, 9, 13], [10, 2, 11, 1], [14, 10, 15, 9]]"
11a_167_166,"[[14, 10, 15, 9], [22, 15, 1, 16], [20, 18, 21, 17], [6, 4, 7, 3], [4, 19, 5, 20], [18, 5, 19, 6], [2, 8, 3, 7], [16, 11, 17, 12], [12, 21, 13, 22], [8, 14, 9, 13], [10, 2, 11, 1]]"
11a_167_167,"[[10, 2, 11, 1], [14, 10, 15, 9], [22, 15, 1, 16], [20, 18, 21, 17], [6, 4, 7, 3], [4, 19, 5, 20], [18, 5, 19, 6], [2, 8, 3, 7], [16, 11, 17, 12], [12, 21, 13, 22], [8, 14, 9, 13]]"
11a_167_168,"[[8, 14, 9, 13], [10, 2, 11, 1], [14, 10, 15, 9], [22, 15, 1, 16], [20, 18, 21, 17], [6, 4, 7, 3], [4, 19, 5, 20], [18, 5, 19, 6], [2, 8, 3, 7], [16, 11, 17, 12], [12, 21, 13, 22]]"
11a_167_169,"[[12, 21, 13, 22], [8, 14, 9, 13], [10, 2, 11, 1], [14, 10, 15, 9], [22, 15, 1, 16], [20, 18, 21, 17], [6, 4, 7, 3], [4, 19, 5, 20], [18, 5, 19, 6], [2, 8, 3, 7], [16, 11, 17, 12]]"
11a_167_170,"[[16, 11, 17, 12], [12, 21, 13, 22], [8, 14, 9, 13], [10, 2, 11, 1], [14, 10, 15, 9], [22, 15, 1, 16], [20, 18, 21, 17], [6, 4, 7, 3], [4, 19, 5, 20], [18, 5, 19, 6], [2, 8, 3, 7]]"
11a_167_171,"[[2, 8, 3, 7], [16, 11, 17, 12], [12, 21, 13, 22], [8, 14, 9, 13], [10, 2, 11, 1], [14, 10, 15, 9], [22, 15, 1, 16], [20, 18, 21, 17], [6, 4, 7, 3], [4, 19, 5, 20], [18, 5, 19, 6]]"
11a_167_172,"[[18, 5, 19, 6], [2, 8, 3, 7], [16, 11, 17, 12], [12, 21, 13, 22], [8, 14, 9, 13], [10, 2, 11, 1], [14, 10, 15, 9], [22, 15, 1, 16], [20, 18, 21, 17], [6, 4, 7, 3], [4, 19, 5, 20]]"
11a_167_173,"[[4, 19, 5, 20], [18, 5, 19, 6], [2, 8, 3, 7], [16, 11, 17, 12], [12, 21, 13, 22], [8, 14, 9, 13], [10, 2, 11, 1], [14, 10, 15, 9], [22, 15, 1, 16], [20, 18, 21, 17], [6, 4, 7, 3]]"
11a_167_174,"[[6, 4, 7, 3], [4, 19, 5, 20], [18, 5, 19, 6], [2, 8, 3, 7], [16, 11, 17, 12], [12, 21, 13, 22], [8, 14, 9, 13], [10, 2, 11, 1], [14, 10, 15, 9], [22, 15, 1, 16], [20, 18, 21, 17]]"
11a_167_175,"[[20, 18, 21, 17], [6, 4, 7, 3], [4, 19, 5, 20], [18, 5, 19, 6], [2, 8, 3, 7], [16, 11, 17, 12], [12, 21, 13, 22], [8, 14, 9, 13], [10, 2, 11, 1], [14, 10, 15, 9], [22, 15, 1, 16]]"
11a_167_176,"[[1, 16, 2, 17], [21, 19, 22, 18], [7, 5, 8, 4], [5, 20, 6, 21], [19, 6, 20, 7], [3, 9, 4, 8], [17, 12, 18, 13], [13, 22, 14, 1], [9, 15, 10, 14], [11, 3, 12, 2], [15, 11, 16, 10]]"
11a_167_177,"[[15, 11, 16, 10], [1, 16, 2, 17], [21, 19, 22, 18], [7, 5, 8, 4], [5, 20, 6, 21], [19, 6, 20, 7], [3, 9, 4, 8], [17, 12, 18, 13], [13, 22, 14, 1], [9, 15, 10, 14], [11, 3, 12, 2]]"
11a_167_178,"[[11, 3, 12, 2], [15, 11, 16, 10], [1, 16, 2, 17], [21, 19, 22, 18], [7, 5, 8, 4], [5, 20, 6, 21], [19, 6, 20, 7], [3, 9, 4, 8], [17, 12, 18, 13], [13, 22, 14, 1], [9, 15, 10, 14]]"
11a_167_179,"[[9, 15, 10, 14], [11, 3, 12, 2], [15, 11, 16, 10], [1, 16, 2, 17], [21, 19, 22, 18], [7, 5, 8, 4], [5, 20, 6, 21], [19, 6, 20, 7], [3, 9, 4, 8], [17, 12, 18, 13], [13, 22, 14, 1]]"
11a_167_180,"[[13, 22, 14, 1], [9, 15, 10, 14], [11, 3, 12, 2], [15, 11, 16, 10], [1, 16, 2, 17], [21, 19, 22, 18], [7, 5, 8, 4], [5, 20, 6, 21], [19, 6, 20, 7], [3, 9, 4, 8], [17, 12, 18, 13]]"
11a_167_181,"[[17, 12, 18, 13], [13, 22, 14, 1], [9, 15, 10, 14], [11, 3, 12, 2], [15, 11, 16, 10], [1, 16, 2, 17], [21, 19, 22, 18], [7, 5, 8, 4], [5, 20, 6, 21], [19, 6, 20, 7], [3, 9, 4, 8]]"
11a_167_182,"[[3, 9, 4, 8], [17, 12, 18, 13], [13, 22, 14, 1], [9, 15, 10, 14], [11, 3, 12, 2], [15, 11, 16, 10], [1, 16, 2, 17], [21, 19, 22, 18], [7, 5, 8, 4], [5, 20, 6, 21], [19, 6, 20, 7]]"
11a_167_183,"[[19, 6, 20, 7], [3, 9, 4, 8], [17, 12, 18, 13], [13, 22, 14, 1], [9, 15, 10, 14], [11, 3, 12, 2], [15, 11, 16, 10], [1, 16, 2, 17], [21, 19, 22, 18], [7, 5, 8, 4], [5, 20, 6, 21]]"
11a_167_184,"[[5, 20, 6, 21], [19, 6, 20, 7], [3, 9, 4, 8], [17, 12, 18, 13], [13, 22, 14, 1], [9, 15, 10, 14], [11, 3, 12, 2], [15, 11, 16, 10], [1, 16, 2, 17], [21, 19, 22, 18], [7, 5, 8, 4]]"
11a_167_185,"[[7, 5, 8, 4], [5, 20, 6, 21], [19, 6, 20, 7], [3, 9, 4, 8], [17, 12, 18, 13], [13, 22, 14, 1], [9, 15, 10, 14], [11, 3, 12, 2], [15, 11, 16, 10], [1, 16, 2, 17], [21, 19, 22, 18]]"
11a_167_186,"[[21, 19, 22, 18], [7, 5, 8, 4], [5, 20, 6, 21], [19, 6, 20, 7], [3, 9, 4, 8], [17, 12, 18, 13], [13, 22, 14, 1], [9, 15, 10, 14], [11, 3, 12, 2], [15, 11, 16, 10], [1, 16, 2, 17]]"
11a_167_187,"[[2, 17, 3, 18], [22, 20, 1, 19], [8, 6, 9, 5], [6, 21, 7, 22], [20, 7, 21, 8], [4, 10, 5, 9], [18, 13, 19, 14], [14, 1, 15, 2], [10, 16, 11, 15], [12, 4, 13, 3], [16, 12, 17, 11]]"
11a_167_188,"[[16, 12, 17, 11], [2, 17, 3, 18], [22, 20, 1, 19], [8, 6, 9, 5], [6, 21, 7, 22], [20, 7, 21, 8], [4, 10, 5, 9], [18, 13, 19, 14], [14, 1, 15, 2], [10, 16, 11, 15], [12, 4, 13, 3]]"
11a_167_189,"[[12, 4, 13, 3], [16, 12, 17, 11], [2, 17, 3, 18], [22, 20, 1, 19], [8, 6, 9, 5], [6, 21, 7, 22], [20, 7, 21, 8], [4, 10, 5, 9], [18, 13, 19, 14], [14, 1, 15, 2], [10, 16, 11, 15]]"
11a_167_190,"[[10, 16, 11, 15], [12, 4, 13, 3], [16, 12, 17, 11], [2, 17, 3, 18], [22, 20, 1, 19], [8, 6, 9, 5], [6, 21, 7, 22], [20, 7, 21, 8], [4, 10, 5, 9], [18, 13, 19, 14], [14, 1, 15, 2]]"
11a_167_191,"[[14, 1, 15, 2], [10, 16, 11, 15], [12, 4, 13, 3], [16, 12, 17, 11], [2, 17, 3, 18], [22, 20, 1, 19], [8, 6, 9, 5], [6, 21, 7, 22], [20, 7, 21, 8], [4, 10, 5, 9], [18, 13, 19, 14]]"
11a_167_192,"[[18, 13, 19, 14], [14, 1, 15, 2], [10, 16, 11, 15], [12, 4, 13, 3], [16, 12, 17, 11], [2, 17, 3, 18], [22, 20, 1, 19], [8, 6, 9, 5], [6, 21, 7, 22], [20, 7, 21, 8], [4, 10, 5, 9]]"
11a_167_193,"[[4, 10, 5, 9], [18, 13, 19, 14], [14, 1, 15, 2], [10, 16, 11, 15], [12, 4, 13, 3], [16, 12, 17, 11], [2, 17, 3, 18], [22, 20, 1, 19], [8, 6, 9, 5], [6, 21, 7, 22], [20, 7, 21, 8]]"
11a_167_194,"[[20, 7, 21, 8], [4, 10, 5, 9], [18, 13, 19, 14], [14, 1, 15, 2], [10, 16, 11, 15], [12, 4, 13, 3], [16, 12, 17, 11], [2, 17, 3, 18], [22, 20, 1, 19], [8, 6, 9, 5], [6, 21, 7, 22]]"
11a_167_195,"[[6, 21, 7, 22], [20, 7, 21, 8], [4, 10, 5, 9], [18, 13, 19, 14], [14, 1, 15, 2], [10, 16, 11, 15], [12, 4, 13, 3], [16, 12, 17, 11], [2, 17, 3, 18], [22, 20, 1, 19], [8, 6, 9, 5]]"
11a_167_196,"[[8, 6, 9, 5], [6, 21, 7, 22], [20, 7, 21, 8], [4, 10, 5, 9], [18, 13, 19, 14], [14, 1, 15, 2], [10, 16, 11, 15], [12, 4, 13, 3], [16, 12, 17, 11], [2, 17, 3, 18], [22, 20, 1, 19]]"
11a_167_197,"[[22, 20, 1, 19], [8, 6, 9, 5], [6, 21, 7, 22], [20, 7, 21, 8], [4, 10, 5, 9], [18, 13, 19, 14], [14, 1, 15, 2], [10, 16, 11, 15], [12, 4, 13, 3], [16, 12, 17, 11], [2, 17, 3, 18]]"
11a_167_198,"[[3, 18, 4, 19], [1, 21, 2, 20], [9, 7, 10, 6], [7, 22, 8, 1], [21, 8, 22, 9], [5, 11, 6, 10], [19, 14, 20, 15], [15, 2, 16, 3], [11, 17, 12, 16], [13, 5, 14, 4], [17, 13, 18, 12]]"
11a_167_199,"[[17, 13, 18, 12], [3, 18, 4, 19], [1, 21, 2, 20], [9, 7, 10, 6], [7, 22, 8, 1], [21, 8, 22, 9], [5, 11, 6, 10], [19, 14, 20, 15], [15, 2, 16, 3], [11, 17, 12, 16], [13, 5, 14, 4]]"
11a_167_200,"[[13, 5, 14, 4], [17, 13, 18, 12], [3, 18, 4, 19], [1, 21, 2, 20], [9, 7, 10, 6], [7, 22, 8, 1], [21, 8, 22, 9], [5, 11, 6, 10], [19, 14, 20, 15], [15, 2, 16, 3], [11, 17, 12, 16]]"
11a_167_201,"[[11, 17, 12, 16], [13, 5, 14, 4], [17, 13, 18, 12], [3, 18, 4, 19], [1, 21, 2, 20], [9, 7, 10, 6], [7, 22, 8, 1], [21, 8, 22, 9], [5, 11, 6, 10], [19, 14, 20, 15], [15, 2, 16, 3]]"
11a_167_202,"[[15, 2, 16, 3], [11, 17, 12, 16], [13, 5, 14, 4], [17, 13, 18, 12], [3, 18, 4, 19], [1, 21, 2, 20], [9, 7, 10, 6], [7, 22, 8, 1], [21, 8, 22, 9], [5, 11, 6, 10], [19, 14, 20, 15]]"
11a_167_203,"[[19, 14, 20, 15], [15, 2, 16, 3], [11, 17, 12, 16], [13, 5, 14, 4], [17, 13, 18, 12], [3, 18, 4, 19], [1, 21, 2, 20], [9, 7, 10, 6], [7, 22, 8, 1], [21, 8, 22, 9], [5, 11, 6, 10]]"
