name,pd_notation
11a_287_0,"[[5, 17, 6, 16], [7, 3, 8, 2], [17, 7, 18, 6], [1, 18, 2, 19], [19, 8, 20, 9], [11, 4, 12, 5], [3, 12, 4, 13], [13, 21, 14, 20], [21, 11, 22, 10], [15, 22, 16, 1], [9, 14, 10, 15]]"
11a_287_1,"[[9, 14, 10, 15], [5, 17, 6, 16], [7, 3, 8, 2], [17, 7, 18, 6], [1, 18, 2, 19], [19, 8, 20, 9], [11, 4, 12, 5], [3, 12, 4, 13], [13, 21, 14, 20], [21, 11, 22, 10], [15, 22, 16, 1]]"
11a_287_2,"[[15, 22, 16, 1], [9, 14, 10, 15], [5, 17, 6, 16], [7, 3, 8, 2], [17, 7, 18, 6], [1, 18, 2, 19], [19, 8, 20, 9], [11, 4, 12, 5], [3, 12, 4, 13], [13, 21, 14, 20], [21, 11, 22, 10]]"
11a_287_3,"[[21, 11, 22, 10], [15, 22, 16, 1], [9, 14, 10, 15], [5, 17, 6, 16], [7, 3, 8, 2], [17, 7, 18, 6], [1, 18, 2, 19], [19, 8, 20, 9], [11, 4, 12, 5], [3, 12, 4, 13], [13, 21, 14, 20]]"
11a_287_4,"[[13, 21, 14, 20], [21, 11, 22, 10], [15, 22, 16, 1], [9, 14, 10, 15], [5, 17, 6, 16], [7, 3, 8, 2], [17, 7, 18, 6], [1, 18, 2, 19], [19, 8, 20, 9], [11, 4, 12, 5], [3, 12, 4, 13]]"
11a_287_5,"[[3, 12, 4, 13], [13, 21, 14, 20], [21, 11, 22, 10], [15, 22, 16, 1], [9, 14, 10, 15], [5, 17, 6, 16], [7, 3, 8, 2], [17, 7, 18, 6], [1, 18, 2, 19], [19, 8, 20, 9], [11, 4, 12, 5]]"
11a_287_6,"[[11, 4, 12, 5], [3, 12, 4, 13], [13, 21, 14, 20], [21, 11, 22, 10], [15, 22, 16, 1], [9, 14, 10, 15], [5, 17, 6, 16], [7, 3, 8, 2], [17, 7, 18, 6], [1, 18, 2, 19], [19, 8, 20, 9]]"
11a_287_7,"[[19, 8, 20, 9], [11, 4, 12, 5], [3, 12, 4, 13], [13, 21, 14, 20], [21, 11, 22, 10], [15, 22, 16, 1], [9, 14, 10, 15], [5, 17, 6, 16], [7, 3, 8, 2], [17, 7, 18, 6], [1, 18, 2, 19]]"
11a_287_8,"[[1, 18, 2, 19], [19, 8, 20, 9], [11, 4, 12, 5], [3, 12, 4, 13], [13, 21, 14, 20], [21, 11, 22, 10], [15, 22, 16, 1], [9, 14, 10, 15], [5, 17, 6, 16], [7, 3, 8, 2], [17, 7, 18, 6]]"
11a_287_9,"[[17, 7, 18, 6], [1, 18, 2, 19], [19, 8, 20, 9], [11, 4, 12, 5], [3, 12, 4, 13], [13, 21, 14, 20], [21, 11, 22, 10], [15, 22, 16, 1], [9, 14, 10, 15], [5, 17, 6, 16], [7, 3, 8, 2]]"
11a_287_10,"[[7, 3, 8, 2], [17, 7, 18, 6], [1, 18, 2, 19], [19, 8, 20, 9], [11, 4, 12, 5], [3, 12, 4, 13], [13, 21, 14, 20], [21, 11, 22, 10], [15, 22, 16, 1], [9, 14, 10, 15], [5, 17, 6, 16]]"
11a_287_11,"[[6, 18, 7, 17], [8, 4, 9, 3], [18, 8, 19, 7], [2, 19, 3, 20], [20, 9, 21, 10], [12, 5, 13, 6], [4, 13, 5, 14], [14, 22, 15, 21], [22, 12, 1, 11], [16, 1, 17, 2], [10, 15, 11, 16]]"
11a_287_12,"[[10, 15, 11, 16], [6, 18, 7, 17], [8, 4, 9, 3], [18, 8, 19, 7], [2, 19, 3, 20], [20, 9, 21, 10], [12, 5, 13, 6], [4, 13, 5, 14], [14, 22, 15, 21], [22, 12, 1, 11], [16, 1, 17, 2]]"
11a_287_13,"[[16, 1, 17, 2], [10, 15, 11, 16], [6, 18, 7, 17], [8, 4, 9, 3], [18, 8, 19, 7], [2, 19, 3, 20], [20, 9, 21, 10], [12, 5, 13, 6], [4, 13, 5, 14], [14, 22, 15, 21], [22, 12, 1, 11]]"
11a_287_14,"[[22, 12, 1, 11], [16, 1, 17, 2], [10, 15, 11, 16], [6, 18, 7, 17], [8, 4, 9, 3], [18, 8, 19, 7], [2, 19, 3, 20], [20, 9, 21, 10], [12, 5, 13, 6], [4, 13, 5, 14], [14, 22, 15, 21]]"
11a_287_15,"[[14, 22, 15, 21], [22, 12, 1, 11], [16, 1, 17, 2], [10, 15, 11, 16], [6, 18, 7, 17], [8, 4, 9, 3], [18, 8, 19, 7], [2, 19, 3, 20], [20, 9, 21, 10], [12, 5, 13, 6], [4, 13, 5, 14]]"
11a_287_16,"[[4, 13, 5, 14], [14, 22, 15, 21], [22, 12, 1, 11], [16, 1, 17, 2], [10, 15, 11, 16], [6, 18, 7, 17], [8, 4, 9, 3], [18, 8, 19, 7], [2, 19, 3, 20], [20, 9, 21, 10], [12, 5, 13, 6]]"
11a_287_17,"[[12, 5, 13, 6], [4, 13, 5, 14], [14, 22, 15, 21], [22, 12, 1, 11], [16, 1, 17, 2], [10, 15, 11, 16], [6, 18, 7, 17], [8, 4, 9, 3], [18, 8, 19, 7], [2, 19, 3, 20], [20, 9, 21, 10]]"
11a_287_18,"[[20, 9, 21, 10], [12, 5, 13, 6], [4, 13, 5, 14], [14, 22, 15, 21], [22, 12, 1, 11], [16, 1, 17, 2], [10, 15, 11, 16], [6, 18, 7, 17], [8, 4, 9, 3], [18, 8, 19, 7], [2, 19, 3, 20]]"
11a_287_19,"[[2, 19, 3, 20], [20, 9, 21, 10], [12, 5, 13, 6], [4, 13, 5, 14], [14, 22, 15, 21], [22, 12, 1, 11], [16, 1, 17, 2], [10, 15, 11, 16], [6, 18, 7, 17], [8, 4, 9, 3], [18, 8, 19, 7]]"
11a_287_20,"[[18, 8, 19, 7], [2, 19, 3, 20], [20, 9, 21, 10], [12, 5, 13, 6], [4, 13, 5, 14], [14, 22, 15, 21], [22, 12, 1, 11], [16, 1, 17, 2], [10, 15, 11, 16], [6, 18, 7, 17], [8, 4, 9, 3]]"
11a_287_21,"[[8, 4, 9, 3], [18, 8, 19, 7], [2, 19, 3, 20], [20, 9, 21, 10], [12, 5, 13, 6], [4, 13, 5, 14], [14, 22, 15, 21], [22, 12, 1, 11], [16, 1, 17, 2], [10, 15, 11, 16], [6, 18, 7, 17]]"
11a_287_22,"[[7, 19, 8, 18], [9, 5, 10, 4], [19, 9, 20, 8], [3, 20, 4, 21], [21, 10, 22, 11], [13, 6, 14, 7], [5, 14, 6, 15], [15, 1, 16, 22], [1, 13, 2, 12], [17, 2, 18, 3], [11, 16, 12, 17]]"
11a_287_23,"[[11, 16, 12, 17], [7, 19, 8, 18], [9, 5, 10, 4], [19, 9, 20, 8], [3, 20, 4, 21], [21, 10, 22, 11], [13, 6, 14, 7], [5, 14, 6, 15], [15, 1, 16, 22], [1, 13, 2, 12], [17, 2, 18, 3]]"
11a_287_24,"[[17, 2, 18, 3], [11, 16, 12, 17], [7, 19, 8, 18], [9, 5, 10, 4], [19, 9, 20, 8], [3, 20, 4, 21], [21, 10, 22, 11], [13, 6, 14, 7], [5, 14, 6, 15], [15, 1, 16, 22], [1, 13, 2, 12]]"
11a_287_25,"[[1, 13, 2, 12], [17, 2, 18, 3], [11, 16, 12, 17], [7, 19, 8, 18], [9, 5, 10, 4], [19, 9, 20, 8], [3, 20, 4, 21], [21, 10, 22, 11], [13, 6, 14, 7], [5, 14, 6, 15], [15, 1, 16, 22]]"
11a_287_26,"[[15, 1, 16, 22], [1, 13, 2, 12], [17, 2, 18, 3], [11, 16, 12, 17], [7, 19, 8, 18], [9, 5, 10, 4], [19, 9, 20, 8], [3, 20, 4, 21], [21, 10, 22, 11], [13, 6, 14, 7], [5, 14, 6, 15]]"
11a_287_27,"[[5, 14, 6, 15], [15, 1, 16, 22], [1, 13, 2, 12], [17, 2, 18, 3], [11, 16, 12, 17], [7, 19, 8, 18], [9, 5, 10, 4], [19, 9, 20, 8], [3, 20, 4, 21], [21, 10, 22, 11], [13, 6, 14, 7]]"
11a_287_28,"[[13, 6, 14, 7], [5, 14, 6, 15], [15, 1, 16, 22], [1, 13, 2, 12], [17, 2, 18, 3], [11, 16, 12, 17], [7, 19, 8, 18], [9, 5, 10, 4], [19, 9, 20, 8], [3, 20, 4, 21], [21, 10, 22, 11]]"
11a_287_29,"[[21, 10, 22, 11], [13, 6, 14, 7], [5, 14, 6, 15], [15, 1, 16, 22], [1, 13, 2, 12], [17, 2, 18, 3], [11, 16, 12, 17], [7, 19, 8, 18], [9, 5, 10, 4], [19, 9, 20, 8], [3, 20, 4, 21]]"
11a_287_30,"[[3, 20, 4, 21], [21, 10, 22, 11], [13, 6, 14, 7], [5, 14, 6, 15], [15, 1, 16, 22], [1, 13, 2, 12], [17, 2, 18, 3], [11, 16, 12, 17], [7, 19, 8, 18], [9, 5, 10, 4], [19, 9, 20, 8]]"
11a_287_31,"[[19, 9, 20, 8], [3, 20, 4, 21], [21, 10, 22, 11], [13, 6, 14, 7], [5, 14, 6, 15], [15, 1, 16, 22], [1, 13, 2, 12], [17, 2, 18, 3], [11, 16, 12, 17], [7, 19, 8, 18], [9, 5, 10, 4]]"
11a_287_32,"[[9, 5, 10, 4], [19, 9, 20, 8], [3, 20, 4, 21], [21, 10, 22, 11], [13, 6, 14, 7], [5, 14, 6, 15], [15, 1, 16, 22], [1, 13, 2, 12], [17, 2, 18, 3], [11, 16, 12, 17], [7, 19, 8, 18]]"
11a_287_33,"[[8, 20, 9, 19], [10, 6, 11, 5], [20, 10, 21, 9], [4, 21, 5, 22], [22, 11, 1, 12], [14, 7, 15, 8], [6, 15, 7, 16], [16, 2, 17, 1], [2, 14, 3, 13], [18, 3, 19, 4], [12, 17, 13, 18]]"
11a_287_34,"[[12, 17, 13, 18], [8, 20, 9, 19], [10, 6, 11, 5], [20, 10, 21, 9], [4, 21, 5, 22], [22, 11, 1, 12], [14, 7, 15, 8], [6, 15, 7, 16], [16, 2, 17, 1], [2, 14, 3, 13], [18, 3, 19, 4]]"
11a_287_35,"[[18, 3, 19, 4], [12, 17, 13, 18], [8, 20, 9, 19], [10, 6, 11, 5], [20, 10, 21, 9], [4, 21, 5, 22], [22, 11, 1, 12], [14, 7, 15, 8], [6, 15, 7, 16], [16, 2, 17, 1], [2, 14, 3, 13]]"
11a_287_36,"[[2, 14, 3, 13], [18, 3, 19, 4], [12, 17, 13, 18], [8, 20, 9, 19], [10, 6, 11, 5], [20, 10, 21, 9], [4, 21, 5, 22], [22, 11, 1, 12], [14, 7, 15, 8], [6, 15, 7, 16], [16, 2, 17, 1]]"
11a_287_37,"[[16, 2, 17, 1], [2, 14, 3, 13], [18, 3, 19, 4], [12, 17, 13, 18], [8, 20, 9, 19], [10, 6, 11, 5], [20, 10, 21, 9], [4, 21, 5, 22], [22, 11, 1, 12], [14, 7, 15, 8], [6, 15, 7, 16]]"
11a_287_38,"[[6, 15, 7, 16], [16, 2, 17, 1], [2, 14, 3, 13], [18, 3, 19, 4], [12, 17, 13, 18], [8, 20, 9, 19], [10, 6, 11, 5], [20, 10, 21, 9], [4, 21, 5, 22], [22, 11, 1, 12], [14, 7, 15, 8]]"
11a_287_39,"[[14, 7, 15, 8], [6, 15, 7, 16], [16, 2, 17, 1], [2, 14, 3, 13], [18, 3, 19, 4], [12, 17, 13, 18], [8, 20, 9, 19], [10, 6, 11, 5], [20, 10, 21, 9], [4, 21, 5, 22], [22, 11, 1, 12]]"
11a_287_40,"[[22, 11, 1, 12], [14, 7, 15, 8], [6, 15, 7, 16], [16, 2, 17, 1], [2, 14, 3, 13], [18, 3, 19, 4], [12, 17, 13, 18], [8, 20, 9, 19], [10, 6, 11, 5], [20, 10, 21, 9], [4, 21, 5, 22]]"
11a_287_41,"[[4, 21, 5, 22], [22, 11, 1, 12], [14, 7, 15, 8], [6, 15, 7, 16], [16, 2, 17, 1], [2, 14, 3, 13], [18, 3, 19, 4], [12, 17, 13, 18], [8, 20, 9, 19], [10, 6, 11, 5], [20, 10, 21, 9]]"
11a_287_42,"[[20, 10, 21, 9], [4, 21, 5, 22], [22, 11, 1, 12], [14, 7, 15, 8], [6, 15, 7, 16], [16, 2, 17, 1], [2, 14, 3, 13], [18, 3, 19, 4], [12, 17, 13, 18], [8, 20, 9, 19], [10, 6, 11, 5]]"
11a_287_43,"[[10, 6, 11, 5], [20, 10, 21, 9], [4, 21, 5, 22], [22, 11, 1, 12], [14, 7, 15, 8], [6, 15, 7, 16], [16, 2, 17, 1], [2, 14, 3, 13], [18, 3, 19, 4], [12, 17, 13, 18], [8, 20, 9, 19]]"
11a_287_44,"[[9, 21, 10, 20], [11, 7, 12, 6], [21, 11, 22, 10], [5, 22, 6, 1], [1, 12, 2, 13], [15, 8, 16, 9], [7, 16, 8, 17], [17, 3, 18, 2], [3, 15, 4, 14], [19, 4, 20, 5], [13, 18, 14, 19]]"
11a_287_45,"[[13, 18, 14, 19], [9, 21, 10, 20], [11, 7, 12, 6], [21, 11, 22, 10], [5, 22, 6, 1], [1, 12, 2, 13], [15, 8, 16, 9], [7, 16, 8, 17], [17, 3, 18, 2], [3, 15, 4, 14], [19, 4, 20, 5]]"
11a_287_46,"[[19, 4, 20, 5], [13, 18, 14, 19], [9, 21, 10, 20], [11, 7, 12, 6], [21, 11, 22, 10], [5, 22, 6, 1], [1, 12, 2, 13], [15, 8, 16, 9], [7, 16, 8, 17], [17, 3, 18, 2], [3, 15, 4, 14]]"
11a_287_47,"[[3, 15, 4, 14], [19, 4, 20, 5], [13, 18, 14, 19], [9, 21, 10, 20], [11, 7, 12, 6], [21, 11, 22, 10], [5, 22, 6, 1], [1, 12, 2, 13], [15, 8, 16, 9], [7, 16, 8, 17], [17, 3, 18, 2]]"
11a_287_48,"[[17, 3, 18, 2], [3, 15, 4, 14], [19, 4, 20, 5], [13, 18, 14, 19], [9, 21, 10, 20], [11, 7, 12, 6], [21, 11, 22, 10], [5, 22, 6, 1], [1, 12, 2, 13], [15, 8, 16, 9], [7, 16, 8, 17]]"
11a_287_49,"[[7, 16, 8, 17], [17, 3, 18, 2], [3, 15, 4, 14], [19, 4, 20, 5], [13, 18, 14, 19], [9, 21, 10, 20], [11, 7, 12, 6], [21, 11, 22, 10], [5, 22, 6, 1], [1, 12, 2, 13], [15, 8, 16, 9]]"
11a_287_50,"[[15, 8, 16, 9], [7, 16, 8, 17], [17, 3, 18, 2], [3, 15, 4, 14], [19, 4, 20, 5], [13, 18, 14, 19], [9, 21, 10, 20], [11, 7, 12, 6], [21, 11, 22, 10], [5, 22, 6, 1], [1, 12, 2, 13]]"
11a_287_51,"[[1, 12, 2, 13], [15, 8, 16, 9], [7, 16, 8, 17], [17, 3, 18, 2], [3, 15, 4, 14], [19, 4, 20, 5], [13, 18, 14, 19], [9, 21, 10, 20], [11, 7, 12, 6], [21, 11, 22, 10], [5, 22, 6, 1]]"
11a_287_52,"[[5, 22, 6, 1], [1, 12, 2, 13], [15, 8, 16, 9], [7, 16, 8, 17], [17, 3, 18, 2], [3, 15, 4, 14], [19, 4, 20, 5], [13, 18, 14, 19], [9, 21, 10, 20], [11, 7, 12, 6], [21, 11, 22, 10]]"
11a_287_53,"[[21, 11, 22, 10], [5, 22, 6, 1], [1, 12, 2, 13], [15, 8, 16, 9], [7, 16, 8, 17], [17, 3, 18, 2], [3, 15, 4, 14], [19, 4, 20, 5], [13, 18, 14, 19], [9, 21, 10, 20], [11, 7, 12, 6]]"
11a_287_54,"[[11, 7, 12, 6], [21, 11, 22, 10], [5, 22, 6, 1], [1, 12, 2, 13], [15, 8, 16, 9], [7, 16, 8, 17], [17, 3, 18, 2], [3, 15, 4, 14], [19, 4, 20, 5], [13, 18, 14, 19], [9, 21, 10, 20]]"
11a_287_55,"[[10, 22, 11, 21], [12, 8, 13, 7], [22, 12, 1, 11], [6, 1, 7, 2], [2, 13, 3, 14], [16, 9, 17, 10], [8, 17, 9, 18], [18, 4, 19, 3], [4, 16, 5, 15], [20, 5, 21, 6], [14, 19, 15, 20]]"
11a_287_56,"[[14, 19, 15, 20], [10, 22, 11, 21], [12, 8, 13, 7], [22, 12, 1, 11], [6, 1, 7, 2], [2, 13, 3, 14], [16, 9, 17, 10], [8, 17, 9, 18], [18, 4, 19, 3], [4, 16, 5, 15], [20, 5, 21, 6]]"
11a_287_57,"[[20, 5, 21, 6], [14, 19, 15, 20], [10, 22, 11, 21], [12, 8, 13, 7], [22, 12, 1, 11], [6, 1, 7, 2], [2, 13, 3, 14], [16, 9, 17, 10], [8, 17, 9, 18], [18, 4, 19, 3], [4, 16, 5, 15]]"
11a_287_58,"[[4, 16, 5, 15], [20, 5, 21, 6], [14, 19, 15, 20], [10, 22, 11, 21], [12, 8, 13, 7], [22, 12, 1, 11], [6, 1, 7, 2], [2, 13, 3, 14], [16, 9, 17, 10], [8, 17, 9, 18], [18, 4, 19, 3]]"
11a_287_59,"[[18, 4, 19, 3], [4, 16, 5, 15], [20, 5, 21, 6], [14, 19, 15, 20], [10, 22, 11, 21], [12, 8, 13, 7], [22, 12, 1, 11], [6, 1, 7, 2], [2, 13, 3, 14], [16, 9, 17, 10], [8, 17, 9, 18]]"
11a_287_60,"[[8, 17, 9, 18], [18, 4, 19, 3], [4, 16, 5, 15], [20, 5, 21, 6], [14, 19, 15, 20], [10, 22, 11, 21], [12, 8, 13, 7], [22, 12, 1, 11], [6, 1, 7, 2], [2, 13, 3, 14], [16, 9, 17, 10]]"
11a_287_61,"[[16, 9, 17, 10], [8, 17, 9, 18], [18, 4, 19, 3], [4, 16, 5, 15], [20, 5, 21, 6], [14, 19, 15, 20], [10, 22, 11, 21], [12, 8, 13, 7], [22, 12, 1, 11], [6, 1, 7, 2], [2, 13, 3, 14]]"
11a_287_62,"[[2, 13, 3, 14], [16, 9, 17, 10], [8, 17, 9, 18], [18, 4, 19, 3], [4, 16, 5, 15], [20, 5, 21, 6], [14, 19, 15, 20], [10, 22, 11, 21], [12, 8, 13, 7], [22, 12, 1, 11], [6, 1, 7, 2]]"
11a_287_63,"[[6, 1, 7, 2], [2, 13, 3, 14], [16, 9, 17, 10], [8, 17, 9, 18], [18, 4, 19, 3], [4, 16, 5, 15], [20, 5, 21, 6], [14, 19, 15, 20], [10, 22, 11, 21], [12, 8, 13, 7], [22, 12, 1, 11]]"
11a_287_64,"[[22, 12, 1, 11], [6, 1, 7, 2], [2, 13, 3, 14], [16, 9, 17, 10], [8, 17, 9, 18], [18, 4, 19, 3], [4, 16, 5, 15], [20, 5, 21, 6], [14, 19, 15, 20], [10, 22, 11, 21], [12, 8, 13, 7]]"
11a_287_65,"[[12, 8, 13, 7], [22, 12, 1, 11], [6, 1, 7, 2], [2, 13, 3, 14], [16, 9, 17, 10], [8, 17, 9, 18], [18, 4, 19, 3], [4, 16, 5, 15], [20, 5, 21, 6], [14, 19, 15, 20], [10, 22, 11, 21]]"
11a_287_66,"[[11, 1, 12, 22], [13, 9, 14, 8], [1, 13, 2, 12], [7, 2, 8, 3], [3, 14, 4, 15], [17, 10, 18, 11], [9, 18, 10, 19], [19, 5, 20, 4], [5, 17, 6, 16], [21, 6, 22, 7], [15, 20, 16, 21]]"
11a_287_67,"[[15, 20, 16, 21], [11, 1, 12, 22], [13, 9, 14, 8], [1, 13, 2, 12], [7, 2, 8, 3], [3, 14, 4, 15], [17, 10, 18, 11], [9, 18, 10, 19], [19, 5, 20, 4], [5, 17, 6, 16], [21, 6, 22, 7]]"
11a_287_68,"[[21, 6, 22, 7], [15, 20, 16, 21], [11, 1, 12, 22], [13, 9, 14, 8], [1, 13, 2, 12], [7, 2, 8, 3], [3, 14, 4, 15], [17, 10, 18, 11], [9, 18, 10, 19], [19, 5, 20, 4], [5, 17, 6, 16]]"
11a_287_69,"[[5, 17, 6, 16], [21, 6, 22, 7], [15, 20, 16, 21], [11, 1, 12, 22], [13, 9, 14, 8], [1, 13, 2, 12], [7, 2, 8, 3], [3, 14, 4, 15], [17, 10, 18, 11], [9, 18, 10, 19], [19, 5, 20, 4]]"
11a_287_70,"[[19, 5, 20, 4], [5, 17, 6, 16], [21, 6, 22, 7], [15, 20, 16, 21], [11, 1, 12, 22], [13, 9, 14, 8], [1, 13, 2, 12], [7, 2, 8, 3], [3, 14, 4, 15], [17, 10, 18, 11], [9, 18, 10, 19]]"
11a_287_71,"[[9, 18, 10, 19], [19, 5, 20, 4], [5, 17, 6, 16], [21, 6, 22, 7], [15, 20, 16, 21], [11, 1, 12, 22], [13, 9, 14, 8], [1, 13, 2, 12], [7, 2, 8, 3], [3, 14, 4, 15], [17, 10, 18, 11]]"
11a_287_72,"[[17, 10, 18, 11], [9, 18, 10, 19], [19, 5, 20, 4], [5, 17, 6, 16], [21, 6, 22, 7], [15, 20, 16, 21], [11, 1, 12, 22], [13, 9, 14, 8], [1, 13, 2, 12], [7, 2, 8, 3], [3, 14, 4, 15]]"
11a_287_73,"[[3, 14, 4, 15], [17, 10, 18, 11], [9, 18, 10, 19], [19, 5, 20, 4], [5, 17, 6, 16], [21, 6, 22, 7], [15, 20, 16, 21], [11, 1, 12, 22], [13, 9, 14, 8], [1, 13, 2, 12], [7, 2, 8, 3]]"
11a_287_74,"[[7, 2, 8, 3], [3, 14, 4, 15], [17, 10, 18, 11], [9, 18, 10, 19], [19, 5, 20, 4], [5, 17, 6, 16], [21, 6, 22, 7], [15, 20, 16, 21], [11, 1, 12, 22], [13, 9, 14, 8], [1, 13, 2, 12]]"
11a_287_75,"[[1, 13, 2, 12], [7, 2, 8, 3], [3, 14, 4, 15], [17, 10, 18, 11], [9, 18, 10, 19], [19, 5, 20, 4], [5, 17, 6, 16], [21, 6, 22, 7], [15, 20, 16, 21], [11, 1, 12, 22], [13, 9, 14, 8]]"
11a_287_76,"[[13, 9, 14, 8], [1, 13, 2, 12], [7, 2, 8, 3], [3, 14, 4, 15], [17, 10, 18, 11], [9, 18, 10, 19], [19, 5, 20, 4], [5, 17, 6, 16], [21, 6, 22, 7], [15, 20, 16, 21], [11, 1, 12, 22]]"
11a_287_77,"[[12, 2, 13, 1], [14, 10, 15, 9], [2, 14, 3, 13], [8, 3, 9, 4], [4, 15, 5, 16], [18, 11, 19, 12], [10, 19, 11, 20], [20, 6, 21, 5], [6, 18, 7, 17], [22, 7, 1, 8], [16, 21, 17, 22]]"
11a_287_78,"[[16, 21, 17, 22], [12, 2, 13, 1], [14, 10, 15, 9], [2, 14, 3, 13], [8, 3, 9, 4], [4, 15, 5, 16], [18, 11, 19, 12], [10, 19, 11, 20], [20, 6, 21, 5], [6, 18, 7, 17], [22, 7, 1, 8]]"
11a_287_79,"[[22, 7, 1, 8], [16, 21, 17, 22], [12, 2, 13, 1], [14, 10, 15, 9], [2, 14, 3, 13], [8, 3, 9, 4], [4, 15, 5, 16], [18, 11, 19, 12], [10, 19, 11, 20], [20, 6, 21, 5], [6, 18, 7, 17]]"
11a_287_80,"[[6, 18, 7, 17], [22, 7, 1, 8], [16, 21, 17, 22], [12, 2, 13, 1], [14, 10, 15, 9], [2, 14, 3, 13], [8, 3, 9, 4], [4, 15, 5, 16], [18, 11, 19, 12], [10, 19, 11, 20], [20, 6, 21, 5]]"
11a_287_81,"[[20, 6, 21, 5], [6, 18, 7, 17], [22, 7, 1, 8], [16, 21, 17, 22], [12, 2, 13, 1], [14, 10, 15, 9], [2, 14, 3, 13], [8, 3, 9, 4], [4, 15, 5, 16], [18, 11, 19, 12], [10, 19, 11, 20]]"
11a_287_82,"[[10, 19, 11, 20], [20, 6, 21, 5], [6, 18, 7, 17], [22, 7, 1, 8], [16, 21, 17, 22], [12, 2, 13, 1], [14, 10, 15, 9], [2, 14, 3, 13], [8, 3, 9, 4], [4, 15, 5, 16], [18, 11, 19, 12]]"
11a_287_83,"[[18, 11, 19, 12], [10, 19, 11, 20], [20, 6, 21, 5], [6, 18, 7, 17], [22, 7, 1, 8], [16, 21, 17, 22], [12, 2, 13, 1], [14, 10, 15, 9], [2, 14, 3, 13], [8, 3, 9, 4], [4, 15, 5, 16]]"
11a_287_84,"[[4, 15, 5, 16], [18, 11, 19, 12], [10, 19, 11, 20], [20, 6, 21, 5], [6, 18, 7, 17], [22, 7, 1, 8], [16, 21, 17, 22], [12, 2, 13, 1], [14, 10, 15, 9], [2, 14, 3, 13], [8, 3, 9, 4]]"
11a_287_85,"[[8, 3, 9, 4], [4, 15, 5, 16], [18, 11, 19, 12], [10, 19, 11, 20], [20, 6, 21, 5], [6, 18, 7, 17], [22, 7, 1, 8], [16, 21, 17, 22], [12, 2, 13, 1], [14, 10, 15, 9], [2, 14, 3, 13]]"
11a_287_86,"[[2, 14, 3, 13], [8, 3, 9, 4], [4, 15, 5, 16], [18, 11, 19, 12], [10, 19, 11, 20], [20, 6, 21, 5], [6, 18, 7, 17], [22, 7, 1, 8], [16, 21, 17, 22], [12, 2, 13, 1], [14, 10, 15, 9]]"
11a_287_87,"[[14, 10, 15, 9], [2, 14, 3, 13], [8, 3, 9, 4], [4, 15, 5, 16], [18, 11, 19, 12], [10, 19, 11, 20], [20, 6, 21, 5], [6, 18, 7, 17], [22, 7, 1, 8], [16, 21, 17, 22], [12, 2, 13, 1]]"
11a_287_88,"[[13, 3, 14, 2], [15, 11, 16, 10], [3, 15, 4, 14], [9, 4, 10, 5], [5, 16, 6, 17], [19, 12, 20, 13], [11, 20, 12, 21], [21, 7, 22, 6], [7, 19, 8, 18], [1, 8, 2, 9], [17, 22, 18, 1]]"
11a_287_89,"[[17, 22, 18, 1], [13, 3, 14, 2], [15, 11, 16, 10], [3, 15, 4, 14], [9, 4, 10, 5], [5, 16, 6, 17], [19, 12, 20, 13], [11, 20, 12, 21], [21, 7, 22, 6], [7, 19, 8, 18], [1, 8, 2, 9]]"
11a_287_90,"[[1, 8, 2, 9], [17, 22, 18, 1], [13, 3, 14, 2], [15, 11, 16, 10], [3, 15, 4, 14], [9, 4, 10, 5], [5, 16, 6, 17], [19, 12, 20, 13], [11, 20, 12, 21], [21, 7, 22, 6], [7, 19, 8, 18]]"
11a_287_91,"[[7, 19, 8, 18], [1, 8, 2, 9], [17, 22, 18, 1], [13, 3, 14, 2], [15, 11, 16, 10], [3, 15, 4, 14], [9, 4, 10, 5], [5, 16, 6, 17], [19, 12, 20, 13], [11, 20, 12, 21], [21, 7, 22, 6]]"
11a_287_92,"[[21, 7, 22, 6], [7, 19, 8, 18], [1, 8, 2, 9], [17, 22, 18, 1], [13, 3, 14, 2], [15, 11, 16, 10], [3, 15, 4, 14], [9, 4, 10, 5], [5, 16, 6, 17], [19, 12, 20, 13], [11, 20, 12, 21]]"
11a_287_93,"[[11, 20, 12, 21], [21, 7, 22, 6], [7, 19, 8, 18], [1, 8, 2, 9], [17, 22, 18, 1], [13, 3, 14, 2], [15, 11, 16, 10], [3, 15, 4, 14], [9, 4, 10, 5], [5, 16, 6, 17], [19, 12, 20, 13]]"
11a_287_94,"[[19, 12, 20, 13], [11, 20, 12, 21], [21, 7, 22, 6], [7, 19, 8, 18], [1, 8, 2, 9], [17, 22, 18, 1], [13, 3, 14, 2], [15, 11, 16, 10], [3, 15, 4, 14], [9, 4, 10, 5], [5, 16, 6, 17]]"
11a_287_95,"[[5, 16, 6, 17], [19, 12, 20, 13], [11, 20, 12, 21], [21, 7, 22, 6], [7, 19, 8, 18], [1, 8, 2, 9], [17, 22, 18, 1], [13, 3, 14, 2], [15, 11, 16, 10], [3, 15, 4, 14], [9, 4, 10, 5]]"
11a_287_96,"[[9, 4, 10, 5], [5, 16, 6, 17], [19, 12, 20, 13], [11, 20, 12, 21], [21, 7, 22, 6], [7, 19, 8, 18], [1, 8, 2, 9], [17, 22, 18, 1], [13, 3, 14, 2], [15, 11, 16, 10], [3, 15, 4, 14]]"
11a_287_97,"[[3, 15, 4, 14], [9, 4, 10, 5], [5, 16, 6, 17], [19, 12, 20, 13], [11, 20, 12, 21], [21, 7, 22, 6], [7, 19, 8, 18], [1, 8, 2, 9], [17, 22, 18, 1], [13, 3, 14, 2], [15, 11, 16, 10]]"
11a_287_98,"[[15, 11, 16, 10], [3, 15, 4, 14], [9, 4, 10, 5], [5, 16, 6, 17], [19, 12, 20, 13], [11, 20, 12, 21], [21, 7, 22, 6], [7, 19, 8, 18], [1, 8, 2, 9], [17, 22, 18, 1], [13, 3, 14, 2]]"
11a_287_99,"[[14, 4, 15, 3], [16, 12, 17, 11], [4, 16, 5, 15], [10, 5, 11, 6], [6, 17, 7, 18], [20, 13, 21, 14], [12, 21, 13, 22], [22, 8, 1, 7], [8, 20, 9, 19], [2, 9, 3, 10], [18, 1, 19, 2]]"
11a_287_100,"[[18, 1, 19, 2], [14, 4, 15, 3], [16, 12, 17, 11], [4, 16, 5, 15], [10, 5, 11, 6], [6, 17, 7, 18], [20, 13, 21, 14], [12, 21, 13, 22], [22, 8, 1, 7], [8, 20, 9, 19], [2, 9, 3, 10]]"
11a_287_101,"[[2, 9, 3, 10], [18, 1, 19, 2], [14, 4, 15, 3], [16, 12, 17, 11], [4, 16, 5, 15], [10, 5, 11, 6], [6, 17, 7, 18], [20, 13, 21, 14], [12, 21, 13, 22], [22, 8, 1, 7], [8, 20, 9, 19]]"
11a_287_102,"[[8, 20, 9, 19], [2, 9, 3, 10], [18, 1, 19, 2], [14, 4, 15, 3], [16, 12, 17, 11], [4, 16, 5, 15], [10, 5, 11, 6], [6, 17, 7, 18], [20, 13, 21, 14], [12, 21, 13, 22], [22, 8, 1, 7]]"
11a_287_103,"[[22, 8, 1, 7], [8, 20, 9, 19], [2, 9, 3, 10], [18, 1, 19, 2], [14, 4, 15, 3], [16, 12, 17, 11], [4, 16, 5, 15], [10, 5, 11, 6], [6, 17, 7, 18], [20, 13, 21, 14], [12, 21, 13, 22]]"
11a_287_104,"[[12, 21, 13, 22], [22, 8, 1, 7], [8, 20, 9, 19], [2, 9, 3, 10], [18, 1, 19, 2], [14, 4, 15, 3], [16, 12, 17, 11], [4, 16, 5, 15], [10, 5, 11, 6], [6, 17, 7, 18], [20, 13, 21, 14]]"
11a_287_105,"[[20, 13, 21, 14], [12, 21, 13, 22], [22, 8, 1, 7], [8, 20, 9, 19], [2, 9, 3, 10], [18, 1, 19, 2], [14, 4, 15, 3], [16, 12, 17, 11], [4, 16, 5, 15], [10, 5, 11, 6], [6, 17, 7, 18]]"
11a_287_106,"[[6, 17, 7, 18], [20, 13, 21, 14], [12, 21, 13, 22], [22, 8, 1, 7], [8, 20, 9, 19], [2, 9, 3, 10], [18, 1, 19, 2], [14, 4, 15, 3], [16, 12, 17, 11], [4, 16, 5, 15], [10, 5, 11, 6]]"
11a_287_107,"[[10, 5, 11, 6], [6, 17, 7, 18], [20, 13, 21, 14], [12, 21, 13, 22], [22, 8, 1, 7], [8, 20, 9, 19], [2, 9, 3, 10], [18, 1, 19, 2], [14, 4, 15, 3], [16, 12, 17, 11], [4, 16, 5, 15]]"
11a_287_108,"[[4, 16, 5, 15], [10, 5, 11, 6], [6, 17, 7, 18], [20, 13, 21, 14], [12, 21, 13, 22], [22, 8, 1, 7], [8, 20, 9, 19], [2, 9, 3, 10], [18, 1, 19, 2], [14, 4, 15, 3], [16, 12, 17, 11]]"
11a_287_109,"[[16, 12, 17, 11], [4, 16, 5, 15], [10, 5, 11, 6], [6, 17, 7, 18], [20, 13, 21, 14], [12, 21, 13, 22], [22, 8, 1, 7], [8, 20, 9, 19], [2, 9, 3, 10], [18, 1, 19, 2], [14, 4, 15, 3]]"
11a_287_110,"[[15, 5, 16, 4], [17, 13, 18, 12], [5, 17, 6, 16], [11, 6, 12, 7], [7, 18, 8, 19], [21, 14, 22, 15], [13, 22, 14, 1], [1, 9, 2, 8], [9, 21, 10, 20], [3, 10, 4, 11], [19, 2, 20, 3]]"
11a_287_111,"[[19, 2, 20, 3], [15, 5, 16, 4], [17, 13, 18, 12], [5, 17, 6, 16], [11, 6, 12, 7], [7, 18, 8, 19], [21, 14, 22, 15], [13, 22, 14, 1], [1, 9, 2, 8], [9, 21, 10, 20], [3, 10, 4, 11]]"
11a_287_112,"[[3, 10, 4, 11], [19, 2, 20, 3], [15, 5, 16, 4], [17, 13, 18, 12], [5, 17, 6, 16], [11, 6, 12, 7], [7, 18, 8, 19], [21, 14, 22, 15], [13, 22, 14, 1], [1, 9, 2, 8], [9, 21, 10, 20]]"
11a_287_113,"[[9, 21, 10, 20], [3, 10, 4, 11], [19, 2, 20, 3], [15, 5, 16, 4], [17, 13, 18, 12], [5, 17, 6, 16], [11, 6, 12, 7], [7, 18, 8, 19], [21, 14, 22, 15], [13, 22, 14, 1], [1, 9, 2, 8]]"
11a_287_114,"[[1, 9, 2, 8], [9, 21, 10, 20], [3, 10, 4, 11], [19, 2, 20, 3], [15, 5, 16, 4], [17, 13, 18, 12], [5, 17, 6, 16], [11, 6, 12, 7], [7, 18, 8, 19], [21, 14, 22, 15], [13, 22, 14, 1]]"
11a_287_115,"[[13, 22, 14, 1], [1, 9, 2, 8], [9, 21, 10, 20], [3, 10, 4, 11], [19, 2, 20, 3], [15, 5, 16, 4], [17, 13, 18, 12], [5, 17, 6, 16], [11, 6, 12, 7], [7, 18, 8, 19], [21, 14, 22, 15]]"
11a_287_116,"[[21, 14, 22, 15], [13, 22, 14, 1], [1, 9, 2, 8], [9, 21, 10, 20], [3, 10, 4, 11], [19, 2, 20, 3], [15, 5, 16, 4], [17, 13, 18, 12], [5, 17, 6, 16], [11, 6, 12, 7], [7, 18, 8, 19]]"
11a_287_117,"[[7, 18, 8, 19], [21, 14, 22, 15], [13, 22, 14, 1], [1, 9, 2, 8], [9, 21, 10, 20], [3, 10, 4, 11], [19, 2, 20, 3], [15, 5, 16, 4], [17, 13, 18, 12], [5, 17, 6, 16], [11, 6, 12, 7]]"
11a_287_118,"[[11, 6, 12, 7], [7, 18, 8, 19], [21, 14, 22, 15], [13, 22, 14, 1], [1, 9, 2, 8], [9, 21, 10, 20], [3, 10, 4, 11], [19, 2, 20, 3], [15, 5, 16, 4], [17, 13, 18, 12], [5, 17, 6, 16]]"
11a_287_119,"[[5, 17, 6, 16], [11, 6, 12, 7], [7, 18, 8, 19], [21, 14, 22, 15], [13, 22, 14, 1], [1, 9, 2, 8], [9, 21, 10, 20], [3, 10, 4, 11], [19, 2, 20, 3], [15, 5, 16, 4], [17, 13, 18, 12]]"
11a_287_120,"[[17, 13, 18, 12], [5, 17, 6, 16], [11, 6, 12, 7], [7, 18, 8, 19], [21, 14, 22, 15], [13, 22, 14, 1], [1, 9, 2, 8], [9, 21, 10, 20], [3, 10, 4, 11], [19, 2, 20, 3], [15, 5, 16, 4]]"
11a_287_121,"[[16, 6, 17, 5], [18, 14, 19, 13], [6, 18, 7, 17], [12, 7, 13, 8], [8, 19, 9, 20], [22, 15, 1, 16], [14, 1, 15, 2], [2, 10, 3, 9], [10, 22, 11, 21], [4, 11, 5, 12], [20, 3, 21, 4]]"
11a_287_122,"[[20, 3, 21, 4], [16, 6, 17, 5], [18, 14, 19, 13], [6, 18, 7, 17], [12, 7, 13, 8], [8, 19, 9, 20], [22, 15, 1, 16], [14, 1, 15, 2], [2, 10, 3, 9], [10, 22, 11, 21], [4, 11, 5, 12]]"
11a_287_123,"[[4, 11, 5, 12], [20, 3, 21, 4], [16, 6, 17, 5], [18, 14, 19, 13], [6, 18, 7, 17], [12, 7, 13, 8], [8, 19, 9, 20], [22, 15, 1, 16], [14, 1, 15, 2], [2, 10, 3, 9], [10, 22, 11, 21]]"
11a_287_124,"[[10, 22, 11, 21], [4, 11, 5, 12], [20, 3, 21, 4], [16, 6, 17, 5], [18, 14, 19, 13], [6, 18, 7, 17], [12, 7, 13, 8], [8, 19, 9, 20], [22, 15, 1, 16], [14, 1, 15, 2], [2, 10, 3, 9]]"
11a_287_125,"[[2, 10, 3, 9], [10, 22, 11, 21], [4, 11, 5, 12], [20, 3, 21, 4], [16, 6, 17, 5], [18, 14, 19, 13], [6, 18, 7, 17], [12, 7, 13, 8], [8, 19, 9, 20], [22, 15, 1, 16], [14, 1, 15, 2]]"
11a_287_126,"[[14, 1, 15, 2], [2, 10, 3, 9], [10, 22, 11, 21], [4, 11, 5, 12], [20, 3, 21, 4], [16, 6, 17, 5], [18, 14, 19, 13], [6, 18, 7, 17], [12, 7, 13, 8], [8, 19, 9, 20], [22, 15, 1, 16]]"
11a_287_127,"[[22, 15, 1, 16], [14, 1, 15, 2], [2, 10, 3, 9], [10, 22, 11, 21], [4, 11, 5, 12], [20, 3, 21, 4], [16, 6, 17, 5], [18, 14, 19, 13], [6, 18, 7, 17], [12, 7, 13, 8], [8, 19, 9, 20]]"
11a_287_128,"[[8, 19, 9, 20], [22, 15, 1, 16], [14, 1, 15, 2], [2, 10, 3, 9], [10, 22, 11, 21], [4, 11, 5, 12], [20, 3, 21, 4], [16, 6, 17, 5], [18, 14, 19, 13], [6, 18, 7, 17], [12, 7, 13, 8]]"
11a_287_129,"[[12, 7, 13, 8], [8, 19, 9, 20], [22, 15, 1, 16], [14, 1, 15, 2], [2, 10, 3, 9], [10, 22, 11, 21], [4, 11, 5, 12], [20, 3, 21, 4], [16, 6, 17, 5], [18, 14, 19, 13], [6, 18, 7, 17]]"
11a_287_130,"[[6, 18, 7, 17], [12, 7, 13, 8], [8, 19, 9, 20], [22, 15, 1, 16], [14, 1, 15, 2], [2, 10, 3, 9], [10, 22, 11, 21], [4, 11, 5, 12], [20, 3, 21, 4], [16, 6, 17, 5], [18, 14, 19, 13]]"
11a_287_131,"[[18, 14, 19, 13], [6, 18, 7, 17], [12, 7, 13, 8], [8, 19, 9, 20], [22, 15, 1, 16], [14, 1, 15, 2], [2, 10, 3, 9], [10, 22, 11, 21], [4, 11, 5, 12], [20, 3, 21, 4], [16, 6, 17, 5]]"
11a_287_132,"[[17, 7, 18, 6], [19, 15, 20, 14], [7, 19, 8, 18], [13, 8, 14, 9], [9, 20, 10, 21], [1, 16, 2, 17], [15, 2, 16, 3], [3, 11, 4, 10], [11, 1, 12, 22], [5, 12, 6, 13], [21, 4, 22, 5]]"
11a_287_133,"[[21, 4, 22, 5], [17, 7, 18, 6], [19, 15, 20, 14], [7, 19, 8, 18], [13, 8, 14, 9], [9, 20, 10, 21], [1, 16, 2, 17], [15, 2, 16, 3], [3, 11, 4, 10], [11, 1, 12, 22], [5, 12, 6, 13]]"
11a_287_134,"[[5, 12, 6, 13], [21, 4, 22, 5], [17, 7, 18, 6], [19, 15, 20, 14], [7, 19, 8, 18], [13, 8, 14, 9], [9, 20, 10, 21], [1, 16, 2, 17], [15, 2, 16, 3], [3, 11, 4, 10], [11, 1, 12, 22]]"
11a_287_135,"[[11, 1, 12, 22], [5, 12, 6, 13], [21, 4, 22, 5], [17, 7, 18, 6], [19, 15, 20, 14], [7, 19, 8, 18], [13, 8, 14, 9], [9, 20, 10, 21], [1, 16, 2, 17], [15, 2, 16, 3], [3, 11, 4, 10]]"
11a_287_136,"[[3, 11, 4, 10], [11, 1, 12, 22], [5, 12, 6, 13], [21, 4, 22, 5], [17, 7, 18, 6], [19, 15, 20, 14], [7, 19, 8, 18], [13, 8, 14, 9], [9, 20, 10, 21], [1, 16, 2, 17], [15, 2, 16, 3]]"
11a_287_137,"[[15, 2, 16, 3], [3, 11, 4, 10], [11, 1, 12, 22], [5, 12, 6, 13], [21, 4, 22, 5], [17, 7, 18, 6], [19, 15, 20, 14], [7, 19, 8, 18], [13, 8, 14, 9], [9, 20, 10, 21], [1, 16, 2, 17]]"
11a_287_138,"[[1, 16, 2, 17], [15, 2, 16, 3], [3, 11, 4, 10], [11, 1, 12, 22], [5, 12, 6, 13], [21, 4, 22, 5], [17, 7, 18, 6], [19, 15, 20, 14], [7, 19, 8, 18], [13, 8, 14, 9], [9, 20, 10, 21]]"
11a_287_139,"[[9, 20, 10, 21], [1, 16, 2, 17], [15, 2, 16, 3], [3, 11, 4, 10], [11, 1, 12, 22], [5, 12, 6, 13], [21, 4, 22, 5], [17, 7, 18, 6], [19, 15, 20, 14], [7, 19, 8, 18], [13, 8, 14, 9]]"
11a_287_140,"[[13, 8, 14, 9], [9, 20, 10, 21], [1, 16, 2, 17], [15, 2, 16, 3], [3, 11, 4, 10], [11, 1, 12, 22], [5, 12, 6, 13], [21, 4, 22, 5], [17, 7, 18, 6], [19, 15, 20, 14], [7, 19, 8, 18]]"
11a_287_141,"[[7, 19, 8, 18], [13, 8, 14, 9], [9, 20, 10, 21], [1, 16, 2, 17], [15, 2, 16, 3], [3, 11, 4, 10], [11, 1, 12, 22], [5, 12, 6, 13], [21, 4, 22, 5], [17, 7, 18, 6], [19, 15, 20, 14]]"
11a_287_142,"[[19, 15, 20, 14], [7, 19, 8, 18], [13, 8, 14, 9], [9, 20, 10, 21], [1, 16, 2, 17], [15, 2, 16, 3], [3, 11, 4, 10], [11, 1, 12, 22], [5, 12, 6, 13], [21, 4, 22, 5], [17, 7, 18, 6]]"
11a_287_143,"[[18, 8, 19, 7], [20, 16, 21, 15], [8, 20, 9, 19], [14, 9, 15, 10], [10, 21, 11, 22], [2, 17, 3, 18], [16, 3, 17, 4], [4, 12, 5, 11], [12, 2, 13, 1], [6, 13, 7, 14], [22, 5, 1, 6]]"
11a_287_144,"[[22, 5, 1, 6], [18, 8, 19, 7], [20, 16, 21, 15], [8, 20, 9, 19], [14, 9, 15, 10], [10, 21, 11, 22], [2, 17, 3, 18], [16, 3, 17, 4], [4, 12, 5, 11], [12, 2, 13, 1], [6, 13, 7, 14]]"
11a_287_145,"[[6, 13, 7, 14], [22, 5, 1, 6], [18, 8, 19, 7], [20, 16, 21, 15], [8, 20, 9, 19], [14, 9, 15, 10], [10, 21, 11, 22], [2, 17, 3, 18], [16, 3, 17, 4], [4, 12, 5, 11], [12, 2, 13, 1]]"
11a_287_146,"[[12, 2, 13, 1], [6, 13, 7, 14], [22, 5, 1, 6], [18, 8, 19, 7], [20, 16, 21, 15], [8, 20, 9, 19], [14, 9, 15, 10], [10, 21, 11, 22], [2, 17, 3, 18], [16, 3, 17, 4], [4, 12, 5, 11]]"
11a_287_147,"[[4, 12, 5, 11], [12, 2, 13, 1], [6, 13, 7, 14], [22, 5, 1, 6], [18, 8, 19, 7], [20, 16, 21, 15], [8, 20, 9, 19], [14, 9, 15, 10], [10, 21, 11, 22], [2, 17, 3, 18], [16, 3, 17, 4]]"
11a_287_148,"[[16, 3, 17, 4], [4, 12, 5, 11], [12, 2, 13, 1], [6, 13, 7, 14], [22, 5, 1, 6], [18, 8, 19, 7], [20, 16, 21, 15], [8, 20, 9, 19], [14, 9, 15, 10], [10, 21, 11, 22], [2, 17, 3, 18]]"
11a_287_149,"[[2, 17, 3, 18], [16, 3, 17, 4], [4, 12, 5, 11], [12, 2, 13, 1], [6, 13, 7, 14], [22, 5, 1, 6], [18, 8, 19, 7], [20, 16, 21, 15], [8, 20, 9, 19], [14, 9, 15, 10], [10, 21, 11, 22]]"
11a_287_150,"[[10, 21, 11, 22], [2, 17, 3, 18], [16, 3, 17, 4], [4, 12, 5, 11], [12, 2, 13, 1], [6, 13, 7, 14], [22, 5, 1, 6], [18, 8, 19, 7], [20, 16, 21, 15], [8, 20, 9, 19], [14, 9, 15, 10]]"
11a_287_151,"[[14, 9, 15, 10], [10, 21, 11, 22], [2, 17, 3, 18], [16, 3, 17, 4], [4, 12, 5, 11], [12, 2, 13, 1], [6, 13, 7, 14], [22, 5, 1, 6], [18, 8, 19, 7], [20, 16, 21, 15], [8, 20, 9, 19]]"
11a_287_152,"[[8, 20, 9, 19], [14, 9, 15, 10], [10, 21, 11, 22], [2, 17, 3, 18], [16, 3, 17, 4], [4, 12, 5, 11], [12, 2, 13, 1], [6, 13, 7, 14], [22, 5, 1, 6], [18, 8, 19, 7], [20, 16, 21, 15]]"
11a_287_153,"[[20, 16, 21, 15], [8, 20, 9, 19], [14, 9, 15, 10], [10, 21, 11, 22], [2, 17, 3, 18], [16, 3, 17, 4], [4, 12, 5, 11], [12, 2, 13, 1], [6, 13, 7, 14], [22, 5, 1, 6], [18, 8, 19, 7]]"
11a_287_154,"[[19, 9, 20, 8], [21, 17, 22, 16], [9, 21, 10, 20], [15, 10, 16, 11], [11, 22, 12, 1], [3, 18, 4, 19], [17, 4, 18, 5], [5, 13, 6, 12], [13, 3, 14, 2], [7, 14, 8, 15], [1, 6, 2, 7]]"
11a_287_155,"[[1, 6, 2, 7], [19, 9, 20, 8], [21, 17, 22, 16], [9, 21, 10, 20], [15, 10, 16, 11], [11, 22, 12, 1], [3, 18, 4, 19], [17, 4, 18, 5], [5, 13, 6, 12], [13, 3, 14, 2], [7, 14, 8, 15]]"
11a_287_156,"[[7, 14, 8, 15], [1, 6, 2, 7], [19, 9, 20, 8], [21, 17, 22, 16], [9, 21, 10, 20], [15, 10, 16, 11], [11, 22, 12, 1], [3, 18, 4, 19], [17, 4, 18, 5], [5, 13, 6, 12], [13, 3, 14, 2]]"
11a_287_157,"[[13, 3, 14, 2], [7, 14, 8, 15], [1, 6, 2, 7], [19, 9, 20, 8], [21, 17, 22, 16], [9, 21, 10, 20], [15, 10, 16, 11], [11, 22, 12, 1], [3, 18, 4, 19], [17, 4, 18, 5], [5, 13, 6, 12]]"
11a_287_158,"[[5, 13, 6, 12], [13, 3, 14, 2], [7, 14, 8, 15], [1, 6, 2, 7], [19, 9, 20, 8], [21, 17, 22, 16], [9, 21, 10, 20], [15, 10, 16, 11], [11, 22, 12, 1], [3, 18, 4, 19], [17, 4, 18, 5]]"
11a_287_159,"[[17, 4, 18, 5], [5, 13, 6, 12], [13, 3, 14, 2], [7, 14, 8, 15], [1, 6, 2, 7], [19, 9, 20, 8], [21, 17, 22, 16], [9, 21, 10, 20], [15, 10, 16, 11], [11, 22, 12, 1], [3, 18, 4, 19]]"
11a_287_160,"[[3, 18, 4, 19], [17, 4, 18, 5], [5, 13, 6, 12], [13, 3, 14, 2], [7, 14, 8, 15], [1, 6, 2, 7], [19, 9, 20, 8], [21, 17, 22, 16], [9, 21, 10, 20], [15, 10, 16, 11], [11, 22, 12, 1]]"
11a_287_161,"[[11, 22, 12, 1], [3, 18, 4, 19], [17, 4, 18, 5], [5, 13, 6, 12], [13, 3, 14, 2], [7, 14, 8, 15], [1, 6, 2, 7], [19, 9, 20, 8], [21, 17, 22, 16], [9, 21, 10, 20], [15, 10, 16, 11]]"
11a_287_162,"[[15, 10, 16, 11], [11, 22, 12, 1], [3, 18, 4, 19], [17, 4, 18, 5], [5, 13, 6, 12], [13, 3, 14, 2], [7, 14, 8, 15], [1, 6, 2, 7], [19, 9, 20, 8], [21, 17, 22, 16], [9, 21, 10, 20]]"
11a_287_163,"[[9, 21, 10, 20], [15, 10, 16, 11], [11, 22, 12, 1], [3, 18, 4, 19], [17, 4, 18, 5], [5, 13, 6, 12], [13, 3, 14, 2], [7, 14, 8, 15], [1, 6, 2, 7], [19, 9, 20, 8], [21, 17, 22, 16]]"
11a_287_164,"[[21, 17, 22, 16], [9, 21, 10, 20], [15, 10, 16, 11], [11, 22, 12, 1], [3, 18, 4, 19], [17, 4, 18, 5], [5, 13, 6, 12], [13, 3, 14, 2], [7, 14, 8, 15], [1, 6, 2, 7], [19, 9, 20, 8]]"
11a_287_165,"[[20, 10, 21, 9], [22, 18, 1, 17], [10, 22, 11, 21], [16, 11, 17, 12], [12, 1, 13, 2], [4, 19, 5, 20], [18, 5, 19, 6], [6, 14, 7, 13], [14, 4, 15, 3], [8, 15, 9, 16], [2, 7, 3, 8]]"
11a_287_166,"[[2, 7, 3, 8], [20, 10, 21, 9], [22, 18, 1, 17], [10, 22, 11, 21], [16, 11, 17, 12], [12, 1, 13, 2], [4, 19, 5, 20], [18, 5, 19, 6], [6, 14, 7, 13], [14, 4, 15, 3], [8, 15, 9, 16]]"
11a_287_167,"[[8, 15, 9, 16], [2, 7, 3, 8], [20, 10, 21, 9], [22, 18, 1, 17], [10, 22, 11, 21], [16, 11, 17, 12], [12, 1, 13, 2], [4, 19, 5, 20], [18, 5, 19, 6], [6, 14, 7, 13], [14, 4, 15, 3]]"
11a_287_168,"[[14, 4, 15, 3], [8, 15, 9, 16], [2, 7, 3, 8], [20, 10, 21, 9], [22, 18, 1, 17], [10, 22, 11, 21], [16, 11, 17, 12], [12, 1, 13, 2], [4, 19, 5, 20], [18, 5, 19, 6], [6, 14, 7, 13]]"
11a_287_169,"[[6, 14, 7, 13], [14, 4, 15, 3], [8, 15, 9, 16], [2, 7, 3, 8], [20, 10, 21, 9], [22, 18, 1, 17], [10, 22, 11, 21], [16, 11, 17, 12], [12, 1, 13, 2], [4, 19, 5, 20], [18, 5, 19, 6]]"
11a_287_170,"[[18, 5, 19, 6], [6, 14, 7, 13], [14, 4, 15, 3], [8, 15, 9, 16], [2, 7, 3, 8], [20, 10, 21, 9], [22, 18, 1, 17], [10, 22, 11, 21], [16, 11, 17, 12], [12, 1, 13, 2], [4, 19, 5, 20]]"
11a_287_171,"[[4, 19, 5, 20], [18, 5, 19, 6], [6, 14, 7, 13], [14, 4, 15, 3], [8, 15, 9, 16], [2, 7, 3, 8], [20, 10, 21, 9], [22, 18, 1, 17], [10, 22, 11, 21], [16, 11, 17, 12], [12, 1, 13, 2]]"
11a_287_172,"[[12, 1, 13, 2], [4, 19, 5, 20], [18, 5, 19, 6], [6, 14, 7, 13], [14, 4, 15, 3], [8, 15, 9, 16], [2, 7, 3, 8], [20, 10, 21, 9], [22, 18, 1, 17], [10, 22, 11, 21], [16, 11, 17, 12]]"
11a_287_173,"[[16, 11, 17, 12], [12, 1, 13, 2], [4, 19, 5, 20], [18, 5, 19, 6], [6, 14, 7, 13], [14, 4, 15, 3], [8, 15, 9, 16], [2, 7, 3, 8], [20, 10, 21, 9], [22, 18, 1, 17], [10, 22, 11, 21]]"
11a_287_174,"[[10, 22, 11, 21], [16, 11, 17, 12], [12, 1, 13, 2], [4, 19, 5, 20], [18, 5, 19, 6], [6, 14, 7, 13], [14, 4, 15, 3], [8, 15, 9, 16], [2, 7, 3, 8], [20, 10, 21, 9], [22, 18, 1, 17]]"
11a_287_175,"[[22, 18, 1, 17], [10, 22, 11, 21], [16, 11, 17, 12], [12, 1, 13, 2], [4, 19, 5, 20], [18, 5, 19, 6], [6, 14, 7, 13], [14, 4, 15, 3], [8, 15, 9, 16], [2, 7, 3, 8], [20, 10, 21, 9]]"
11a_287_176,"[[21, 11, 22, 10], [1, 19, 2, 18], [11, 1, 12, 22], [17, 12, 18, 13], [13, 2, 14, 3], [5, 20, 6, 21], [19, 6, 20, 7], [7, 15, 8, 14], [15, 5, 16, 4], [9, 16, 10, 17], [3, 8, 4, 9]]"
11a_287_177,"[[3, 8, 4, 9], [21, 11, 22, 10], [1, 19, 2, 18], [11, 1, 12, 22], [17, 12, 18, 13], [13, 2, 14, 3], [5, 20, 6, 21], [19, 6, 20, 7], [7, 15, 8, 14], [15, 5, 16, 4], [9, 16, 10, 17]]"
11a_287_178,"[[9, 16, 10, 17], [3, 8, 4, 9], [21, 11, 22, 10], [1, 19, 2, 18], [11, 1, 12, 22], [17, 12, 18, 13], [13, 2, 14, 3], [5, 20, 6, 21], [19, 6, 20, 7], [7, 15, 8, 14], [15, 5, 16, 4]]"
11a_287_179,"[[15, 5, 16, 4], [9, 16, 10, 17], [3, 8, 4, 9], [21, 11, 22, 10], [1, 19, 2, 18], [11, 1, 12, 22], [17, 12, 18, 13], [13, 2, 14, 3], [5, 20, 6, 21], [19, 6, 20, 7], [7, 15, 8, 14]]"
11a_287_180,"[[7, 15, 8, 14], [15, 5, 16, 4], [9, 16, 10, 17], [3, 8, 4, 9], [21, 11, 22, 10], [1, 19, 2, 18], [11, 1, 12, 22], [17, 12, 18, 13], [13, 2, 14, 3], [5, 20, 6, 21], [19, 6, 20, 7]]"
11a_287_181,"[[19, 6, 20, 7], [7, 15, 8, 14], [15, 5, 16, 4], [9, 16, 10, 17], [3, 8, 4, 9], [21, 11, 22, 10], [1, 19, 2, 18], [11, 1, 12, 22], [17, 12, 18, 13], [13, 2, 14, 3], [5, 20, 6, 21]]"
11a_287_182,"[[5, 20, 6, 21], [19, 6, 20, 7], [7, 15, 8, 14], [15, 5, 16, 4], [9, 16, 10, 17], [3, 8, 4, 9], [21, 11, 22, 10], [1, 19, 2, 18], [11, 1, 12, 22], [17, 12, 18, 13], [13, 2, 14, 3]]"
11a_287_183,"[[13, 2, 14, 3], [5, 20, 6, 21], [19, 6, 20, 7], [7, 15, 8, 14], [15, 5, 16, 4], [9, 16, 10, 17], [3, 8, 4, 9], [21, 11, 22, 10], [1, 19, 2, 18], [11, 1, 12, 22], [17, 12, 18, 13]]"
11a_287_184,"[[17, 12, 18, 13], [13, 2, 14, 3], [5, 20, 6, 21], [19, 6, 20, 7], [7, 15, 8, 14], [15, 5, 16, 4], [9, 16, 10, 17], [3, 8, 4, 9], [21, 11, 22, 10], [1, 19, 2, 18], [11, 1, 12, 22]]"
11a_287_185,"[[11, 1, 12, 22], [17, 12, 18, 13], [13, 2, 14, 3], [5, 20, 6, 21], [19, 6, 20, 7], [7, 15, 8, 14], [15, 5, 16, 4], [9, 16, 10, 17], [3, 8, 4, 9], [21, 11, 22, 10], [1, 19, 2, 18]]"
11a_287_186,"[[1, 19, 2, 18], [11, 1, 12, 22], [17, 12, 18, 13], [13, 2, 14, 3], [5, 20, 6, 21], [19, 6, 20, 7], [7, 15, 8, 14], [15, 5, 16, 4], [9, 16, 10, 17], [3, 8, 4, 9], [21, 11, 22, 10]]"
11a_287_187,"[[22, 12, 1, 11], [2, 20, 3, 19], [12, 2, 13, 1], [18, 13, 19, 14], [14, 3, 15, 4], [6, 21, 7, 22], [20, 7, 21, 8], [8, 16, 9, 15], [16, 6, 17, 5], [10, 17, 11, 18], [4, 9, 5, 10]]"
11a_287_188,"[[4, 9, 5, 10], [22, 12, 1, 11], [2, 20, 3, 19], [12, 2, 13, 1], [18, 13, 19, 14], [14, 3, 15, 4], [6, 21, 7, 22], [20, 7, 21, 8], [8, 16, 9, 15], [16, 6, 17, 5], [10, 17, 11, 18]]"
11a_287_189,"[[10, 17, 11, 18], [4, 9, 5, 10], [22, 12, 1, 11], [2, 20, 3, 19], [12, 2, 13, 1], [18, 13, 19, 14], [14, 3, 15, 4], [6, 21, 7, 22], [20, 7, 21, 8], [8, 16, 9, 15], [16, 6, 17, 5]]"
11a_287_190,"[[16, 6, 17, 5], [10, 17, 11, 18], [4, 9, 5, 10], [22, 12, 1, 11], [2, 20, 3, 19], [12, 2, 13, 1], [18, 13, 19, 14], [14, 3, 15, 4], [6, 21, 7, 22], [20, 7, 21, 8], [8, 16, 9, 15]]"
11a_287_191,"[[8, 16, 9, 15], [16, 6, 17, 5], [10, 17, 11, 18], [4, 9, 5, 10], [22, 12, 1, 11], [2, 20, 3, 19], [12, 2, 13, 1], [18, 13, 19, 14], [14, 3, 15, 4], [6, 21, 7, 22], [20, 7, 21, 8]]"
11a_287_192,"[[20, 7, 21, 8], [8, 16, 9, 15], [16, 6, 17, 5], [10, 17, 11, 18], [4, 9, 5, 10], [22, 12, 1, 11], [2, 20, 3, 19], [12, 2, 13, 1], [18, 13, 19, 14], [14, 3, 15, 4], [6, 21, 7, 22]]"
11a_287_193,"[[6, 21, 7, 22], [20, 7, 21, 8], [8, 16, 9, 15], [16, 6, 17, 5], [10, 17, 11, 18], [4, 9, 5, 10], [22, 12, 1, 11], [2, 20, 3, 19], [12, 2, 13, 1], [18, 13, 19, 14], [14, 3, 15, 4]]"
11a_287_194,"[[14, 3, 15, 4], [6, 21, 7, 22], [20, 7, 21, 8], [8, 16, 9, 15], [16, 6, 17, 5], [10, 17, 11, 18], [4, 9, 5, 10], [22, 12, 1, 11], [2, 20, 3, 19], [12, 2, 13, 1], [18, 13, 19, 14]]"
11a_287_195,"[[18, 13, 19, 14], [14, 3, 15, 4], [6, 21, 7, 22], [20, 7, 21, 8], [8, 16, 9, 15], [16, 6, 17, 5], [10, 17, 11, 18], [4, 9, 5, 10], [22, 12, 1, 11], [2, 20, 3, 19], [12, 2, 13, 1]]"
11a_287_196,"[[12, 2, 13, 1], [18, 13, 19, 14], [14, 3, 15, 4], [6, 21, 7, 22], [20, 7, 21, 8], [8, 16, 9, 15], [16, 6, 17, 5], [10, 17, 11, 18], [4, 9, 5, 10], [22, 12, 1, 11], [2, 20, 3, 19]]"
11a_287_197,"[[2, 20, 3, 19], [12, 2, 13, 1], [18, 13, 19, 14], [14, 3, 15, 4], [6, 21, 7, 22], [20, 7, 21, 8], [8, 16, 9, 15], [16, 6, 17, 5], [10, 17, 11, 18], [4, 9, 5, 10], [22, 12, 1, 11]]"
11a_287_198,"[[1, 13, 2, 12], [3, 21, 4, 20], [13, 3, 14, 2], [19, 14, 20, 15], [15, 4, 16, 5], [7, 22, 8, 1], [21, 8, 22, 9], [9, 17, 10, 16], [17, 7, 18, 6], [11, 18, 12, 19], [5, 10, 6, 11]]"
11a_287_199,"[[5, 10, 6, 11], [1, 13, 2, 12], [3, 21, 4, 20], [13, 3, 14, 2], [19, 14, 20, 15], [15, 4, 16, 5], [7, 22, 8, 1], [21, 8, 22, 9], [9, 17, 10, 16], [17, 7, 18, 6], [11, 18, 12, 19]]"
11a_287_200,"[[11, 18, 12, 19], [5, 10, 6, 11], [1, 13, 2, 12], [3, 21, 4, 20], [13, 3, 14, 2], [19, 14, 20, 15], [15, 4, 16, 5], [7, 22, 8, 1], [21, 8, 22, 9], [9, 17, 10, 16], [17, 7, 18, 6]]"
11a_287_201,"[[17, 7, 18, 6], [11, 18, 12, 19], [5, 10, 6, 11], [1, 13, 2, 12], [3, 21, 4, 20], [13, 3, 14, 2], [19, 14, 20, 15], [15, 4, 16, 5], [7, 22, 8, 1], [21, 8, 22, 9], [9, 17, 10, 16]]"
11a_287_202,"[[9, 17, 10, 16], [17, 7, 18, 6], [11, 18, 12, 19], [5, 10, 6, 11], [1, 13, 2, 12], [3, 21, 4, 20], [13, 3, 14, 2], [19, 14, 20, 15], [15, 4, 16, 5], [7, 22, 8, 1], [21, 8, 22, 9]]"
11a_287_203,"[[21, 8, 22, 9], [9, 17, 10, 16], [17, 7, 18, 6], [11, 18, 12, 19], [5, 10, 6, 11], [1, 13, 2, 12], [3, 21, 4, 20], [13, 3, 14, 2], [19, 14, 20, 15], [15, 4, 16, 5], [7, 22, 8, 1]]"
