name,pd_notation
11a_148_0,"[[9, 21, 10, 20], [5, 3, 6, 2], [13, 11, 14, 10], [11, 4, 12, 5], [3, 12, 4, 13], [17, 7, 18, 6], [1, 19, 2, 18], [19, 15, 20, 14], [15, 1, 16, 22], [21, 9, 22, 8], [7, 17, 8, 16]]"
11a_148_1,"[[7, 17, 8, 16], [9, 21, 10, 20], [5, 3, 6, 2], [13, 11, 14, 10], [11, 4, 12, 5], [3, 12, 4, 13], [17, 7, 18, 6], [1, 19, 2, 18], [19, 15, 20, 14], [15, 1, 16, 22], [21, 9, 22, 8]]"
11a_148_2,"[[21, 9, 22, 8], [7, 17, 8, 16], [9, 21, 10, 20], [5, 3, 6, 2], [13, 11, 14, 10], [11, 4, 12, 5], [3, 12, 4, 13], [17, 7, 18, 6], [1, 19, 2, 18], [19, 15, 20, 14], [15, 1, 16, 22]]"
11a_148_3,"[[15, 1, 16, 22], [21, 9, 22, 8], [7, 17, 8, 16], [9, 21, 10, 20], [5, 3, 6, 2], [13, 11, 14, 10], [11, 4, 12, 5], [3, 12, 4, 13], [17, 7, 18, 6], [1, 19, 2, 18], [19, 15, 20, 14]]"
11a_148_4,"[[19, 15, 20, 14], [15, 1, 16, 22], [21, 9, 22, 8], [7, 17, 8, 16], [9, 21, 10, 20], [5, 3, 6, 2], [13, 11, 14, 10], [11, 4, 12, 5], [3, 12, 4, 13], [17, 7, 18, 6], [1, 19, 2, 18]]"
11a_148_5,"[[1, 19, 2, 18], [19, 15, 20, 14], [15, 1, 16, 22], [21, 9, 22, 8], [7, 17, 8, 16], [9, 21, 10, 20], [5, 3, 6, 2], [13, 11, 14, 10], [11, 4, 12, 5], [3, 12, 4, 13], [17, 7, 18, 6]]"
11a_148_6,"[[17, 7, 18, 6], [1, 19, 2, 18], [19, 15, 20, 14], [15, 1, 16, 22], [21, 9, 22, 8], [7, 17, 8, 16], [9, 21, 10, 20], [5, 3, 6, 2], [13, 11, 14, 10], [11, 4, 12, 5], [3, 12, 4, 13]]"
11a_148_7,"[[3, 12, 4, 13], [17, 7, 18, 6], [1, 19, 2, 18], [19, 15, 20, 14], [15, 1, 16, 22], [21, 9, 22, 8], [7, 17, 8, 16], [9, 21, 10, 20], [5, 3, 6, 2], [13, 11, 14, 10], [11, 4, 12, 5]]"
11a_148_8,"[[11, 4, 12, 5], [3, 12, 4, 13], [17, 7, 18, 6], [1, 19, 2, 18], [19, 15, 20, 14], [15, 1, 16, 22], [21, 9, 22, 8], [7, 17, 8, 16], [9, 21, 10, 20], [5, 3, 6, 2], [13, 11, 14, 10]]"
11a_148_9,"[[13, 11, 14, 10], [11, 4, 12, 5], [3, 12, 4, 13], [17, 7, 18, 6], [1, 19, 2, 18], [19, 15, 20, 14], [15, 1, 16, 22], [21, 9, 22, 8], [7, 17, 8, 16], [9, 21, 10, 20], [5, 3, 6, 2]]"
11a_148_10,"[[5, 3, 6, 2], [13, 11, 14, 10], [11, 4, 12, 5], [3, 12, 4, 13], [17, 7, 18, 6], [1, 19, 2, 18], [19, 15, 20, 14], [15, 1, 16, 22], [21, 9, 22, 8], [7, 17, 8, 16], [9, 21, 10, 20]]"
11a_148_11,"[[10, 22, 11, 21], [6, 4, 7, 3], [14, 12, 15, 11], [12, 5, 13, 6], [4, 13, 5, 14], [18, 8, 19, 7], [2, 20, 3, 19], [20, 16, 21, 15], [16, 2, 17, 1], [22, 10, 1, 9], [8, 18, 9, 17]]"
11a_148_12,"[[8, 18, 9, 17], [10, 22, 11, 21], [6, 4, 7, 3], [14, 12, 15, 11], [12, 5, 13, 6], [4, 13, 5, 14], [18, 8, 19, 7], [2, 20, 3, 19], [20, 16, 21, 15], [16, 2, 17, 1], [22, 10, 1, 9]]"
11a_148_13,"[[22, 10, 1, 9], [8, 18, 9, 17], [10, 22, 11, 21], [6, 4, 7, 3], [14, 12, 15, 11], [12, 5, 13, 6], [4, 13, 5, 14], [18, 8, 19, 7], [2, 20, 3, 19], [20, 16, 21, 15], [16, 2, 17, 1]]"
11a_148_14,"[[16, 2, 17, 1], [22, 10, 1, 9], [8, 18, 9, 17], [10, 22, 11, 21], [6, 4, 7, 3], [14, 12, 15, 11], [12, 5, 13, 6], [4, 13, 5, 14], [18, 8, 19, 7], [2, 20, 3, 19], [20, 16, 21, 15]]"
11a_148_15,"[[20, 16, 21, 15], [16, 2, 17, 1], [22, 10, 1, 9], [8, 18, 9, 17], [10, 22, 11, 21], [6, 4, 7, 3], [14, 12, 15, 11], [12, 5, 13, 6], [4, 13, 5, 14], [18, 8, 19, 7], [2, 20, 3, 19]]"
11a_148_16,"[[2, 20, 3, 19], [20, 16, 21, 15], [16, 2, 17, 1], [22, 10, 1, 9], [8, 18, 9, 17], [10, 22, 11, 21], [6, 4, 7, 3], [14, 12, 15, 11], [12, 5, 13, 6], [4, 13, 5, 14], [18, 8, 19, 7]]"
11a_148_17,"[[18, 8, 19, 7], [2, 20, 3, 19], [20, 16, 21, 15], [16, 2, 17, 1], [22, 10, 1, 9], [8, 18, 9, 17], [10, 22, 11, 21], [6, 4, 7, 3], [14, 12, 15, 11], [12, 5, 13, 6], [4, 13, 5, 14]]"
11a_148_18,"[[4, 13, 5, 14], [18, 8, 19, 7], [2, 20, 3, 19], [20, 16, 21, 15], [16, 2, 17, 1], [22, 10, 1, 9], [8, 18, 9, 17], [10, 22, 11, 21], [6, 4, 7, 3], [14, 12, 15, 11], [12, 5, 13, 6]]"
11a_148_19,"[[12, 5, 13, 6], [4, 13, 5, 14], [18, 8, 19, 7], [2, 20, 3, 19], [20, 16, 21, 15], [16, 2, 17, 1], [22, 10, 1, 9], [8, 18, 9, 17], [10, 22, 11, 21], [6, 4, 7, 3], [14, 12, 15, 11]]"
11a_148_20,"[[14, 12, 15, 11], [12, 5, 13, 6], [4, 13, 5, 14], [18, 8, 19, 7], [2, 20, 3, 19], [20, 16, 21, 15], [16, 2, 17, 1], [22, 10, 1, 9], [8, 18, 9, 17], [10, 22, 11, 21], [6, 4, 7, 3]]"
11a_148_21,"[[6, 4, 7, 3], [14, 12, 15, 11], [12, 5, 13, 6], [4, 13, 5, 14], [18, 8, 19, 7], [2, 20, 3, 19], [20, 16, 21, 15], [16, 2, 17, 1], [22, 10, 1, 9], [8, 18, 9, 17], [10, 22, 11, 21]]"
11a_148_22,"[[11, 1, 12, 22], [7, 5, 8, 4], [15, 13, 16, 12], [13, 6, 14, 7], [5, 14, 6, 15], [19, 9, 20, 8], [3, 21, 4, 20], [21, 17, 22, 16], [17, 3, 18, 2], [1, 11, 2, 10], [9, 19, 10, 18]]"
11a_148_23,"[[9, 19, 10, 18], [11, 1, 12, 22], [7, 5, 8, 4], [15, 13, 16, 12], [13, 6, 14, 7], [5, 14, 6, 15], [19, 9, 20, 8], [3, 21, 4, 20], [21, 17, 22, 16], [17, 3, 18, 2], [1, 11, 2, 10]]"
11a_148_24,"[[1, 11, 2, 10], [9, 19, 10, 18], [11, 1, 12, 22], [7, 5, 8, 4], [15, 13, 16, 12], [13, 6, 14, 7], [5, 14, 6, 15], [19, 9, 20, 8], [3, 21, 4, 20], [21, 17, 22, 16], [17, 3, 18, 2]]"
11a_148_25,"[[17, 3, 18, 2], [1, 11, 2, 10], [9, 19, 10, 18], [11, 1, 12, 22], [7, 5, 8, 4], [15, 13, 16, 12], [13, 6, 14, 7], [5, 14, 6, 15], [19, 9, 20, 8], [3, 21, 4, 20], [21, 17, 22, 16]]"
11a_148_26,"[[21, 17, 22, 16], [17, 3, 18, 2], [1, 11, 2, 10], [9, 19, 10, 18], [11, 1, 12, 22], [7, 5, 8, 4], [15, 13, 16, 12], [13, 6, 14, 7], [5, 14, 6, 15], [19, 9, 20, 8], [3, 21, 4, 20]]"
11a_148_27,"[[3, 21, 4, 20], [21, 17, 22, 16], [17, 3, 18, 2], [1, 11, 2, 10], [9, 19, 10, 18], [11, 1, 12, 22], [7, 5, 8, 4], [15, 13, 16, 12], [13, 6, 14, 7], [5, 14, 6, 15], [19, 9, 20, 8]]"
11a_148_28,"[[19, 9, 20, 8], [3, 21, 4, 20], [21, 17, 22, 16], [17, 3, 18, 2], [1, 11, 2, 10], [9, 19, 10, 18], [11, 1, 12, 22], [7, 5, 8, 4], [15, 13, 16, 12], [13, 6, 14, 7], [5, 14, 6, 15]]"
11a_148_29,"[[5, 14, 6, 15], [19, 9, 20, 8], [3, 21, 4, 20], [21, 17, 22, 16], [17, 3, 18, 2], [1, 11, 2, 10], [9, 19, 10, 18], [11, 1, 12, 22], [7, 5, 8, 4], [15, 13, 16, 12], [13, 6, 14, 7]]"
11a_148_30,"[[13, 6, 14, 7], [5, 14, 6, 15], [19, 9, 20, 8], [3, 21, 4, 20], [21, 17, 22, 16], [17, 3, 18, 2], [1, 11, 2, 10], [9, 19, 10, 18], [11, 1, 12, 22], [7, 5, 8, 4], [15, 13, 16, 12]]"
11a_148_31,"[[15, 13, 16, 12], [13, 6, 14, 7], [5, 14, 6, 15], [19, 9, 20, 8], [3, 21, 4, 20], [21, 17, 22, 16], [17, 3, 18, 2], [1, 11, 2, 10], [9, 19, 10, 18], [11, 1, 12, 22], [7, 5, 8, 4]]"
11a_148_32,"[[7, 5, 8, 4], [15, 13, 16, 12], [13, 6, 14, 7], [5, 14, 6, 15], [19, 9, 20, 8], [3, 21, 4, 20], [21, 17, 22, 16], [17, 3, 18, 2], [1, 11, 2, 10], [9, 19, 10, 18], [11, 1, 12, 22]]"
11a_148_33,"[[12, 2, 13, 1], [8, 6, 9, 5], [16, 14, 17, 13], [14, 7, 15, 8], [6, 15, 7, 16], [20, 10, 21, 9], [4, 22, 5, 21], [22, 18, 1, 17], [18, 4, 19, 3], [2, 12, 3, 11], [10, 20, 11, 19]]"
11a_148_34,"[[10, 20, 11, 19], [12, 2, 13, 1], [8, 6, 9, 5], [16, 14, 17, 13], [14, 7, 15, 8], [6, 15, 7, 16], [20, 10, 21, 9], [4, 22, 5, 21], [22, 18, 1, 17], [18, 4, 19, 3], [2, 12, 3, 11]]"
11a_148_35,"[[2, 12, 3, 11], [10, 20, 11, 19], [12, 2, 13, 1], [8, 6, 9, 5], [16, 14, 17, 13], [14, 7, 15, 8], [6, 15, 7, 16], [20, 10, 21, 9], [4, 22, 5, 21], [22, 18, 1, 17], [18, 4, 19, 3]]"
11a_148_36,"[[18, 4, 19, 3], [2, 12, 3, 11], [10, 20, 11, 19], [12, 2, 13, 1], [8, 6, 9, 5], [16, 14, 17, 13], [14, 7, 15, 8], [6, 15, 7, 16], [20, 10, 21, 9], [4, 22, 5, 21], [22, 18, 1, 17]]"
11a_148_37,"[[22, 18, 1, 17], [18, 4, 19, 3], [2, 12, 3, 11], [10, 20, 11, 19], [12, 2, 13, 1], [8, 6, 9, 5], [16, 14, 17, 13], [14, 7, 15, 8], [6, 15, 7, 16], [20, 10, 21, 9], [4, 22, 5, 21]]"
11a_148_38,"[[4, 22, 5, 21], [22, 18, 1, 17], [18, 4, 19, 3], [2, 12, 3, 11], [10, 20, 11, 19], [12, 2, 13, 1], [8, 6, 9, 5], [16, 14, 17, 13], [14, 7, 15, 8], [6, 15, 7, 16], [20, 10, 21, 9]]"
11a_148_39,"[[20, 10, 21, 9], [4, 22, 5, 21], [22, 18, 1, 17], [18, 4, 19, 3], [2, 12, 3, 11], [10, 20, 11, 19], [12, 2, 13, 1], [8, 6, 9, 5], [16, 14, 17, 13], [14, 7, 15, 8], [6, 15, 7, 16]]"
11a_148_40,"[[6, 15, 7, 16], [20, 10, 21, 9], [4, 22, 5, 21], [22, 18, 1, 17], [18, 4, 19, 3], [2, 12, 3, 11], [10, 20, 11, 19], [12, 2, 13, 1], [8, 6, 9, 5], [16, 14, 17, 13], [14, 7, 15, 8]]"
11a_148_41,"[[14, 7, 15, 8], [6, 15, 7, 16], [20, 10, 21, 9], [4, 22, 5, 21], [22, 18, 1, 17], [18, 4, 19, 3], [2, 12, 3, 11], [10, 20, 11, 19], [12, 2, 13, 1], [8, 6, 9, 5], [16, 14, 17, 13]]"
11a_148_42,"[[16, 14, 17, 13], [14, 7, 15, 8], [6, 15, 7, 16], [20, 10, 21, 9], [4, 22, 5, 21], [22, 18, 1, 17], [18, 4, 19, 3], [2, 12, 3, 11], [10, 20, 11, 19], [12, 2, 13, 1], [8, 6, 9, 5]]"
11a_148_43,"[[8, 6, 9, 5], [16, 14, 17, 13], [14, 7, 15, 8], [6, 15, 7, 16], [20, 10, 21, 9], [4, 22, 5, 21], [22, 18, 1, 17], [18, 4, 19, 3], [2, 12, 3, 11], [10, 20, 11, 19], [12, 2, 13, 1]]"
11a_148_44,"[[13, 3, 14, 2], [9, 7, 10, 6], [17, 15, 18, 14], [15, 8, 16, 9], [7, 16, 8, 17], [21, 11, 22, 10], [5, 1, 6, 22], [1, 19, 2, 18], [19, 5, 20, 4], [3, 13, 4, 12], [11, 21, 12, 20]]"
11a_148_45,"[[11, 21, 12, 20], [13, 3, 14, 2], [9, 7, 10, 6], [17, 15, 18, 14], [15, 8, 16, 9], [7, 16, 8, 17], [21, 11, 22, 10], [5, 1, 6, 22], [1, 19, 2, 18], [19, 5, 20, 4], [3, 13, 4, 12]]"
11a_148_46,"[[3, 13, 4, 12], [11, 21, 12, 20], [13, 3, 14, 2], [9, 7, 10, 6], [17, 15, 18, 14], [15, 8, 16, 9], [7, 16, 8, 17], [21, 11, 22, 10], [5, 1, 6, 22], [1, 19, 2, 18], [19, 5, 20, 4]]"
11a_148_47,"[[19, 5, 20, 4], [3, 13, 4, 12], [11, 21, 12, 20], [13, 3, 14, 2], [9, 7, 10, 6], [17, 15, 18, 14], [15, 8, 16, 9], [7, 16, 8, 17], [21, 11, 22, 10], [5, 1, 6, 22], [1, 19, 2, 18]]"
11a_148_48,"[[1, 19, 2, 18], [19, 5, 20, 4], [3, 13, 4, 12], [11, 21, 12, 20], [13, 3, 14, 2], [9, 7, 10, 6], [17, 15, 18, 14], [15, 8, 16, 9], [7, 16, 8, 17], [21, 11, 22, 10], [5, 1, 6, 22]]"
11a_148_49,"[[5, 1, 6, 22], [1, 19, 2, 18], [19, 5, 20, 4], [3, 13, 4, 12], [11, 21, 12, 20], [13, 3, 14, 2], [9, 7, 10, 6], [17, 15, 18, 14], [15, 8, 16, 9], [7, 16, 8, 17], [21, 11, 22, 10]]"
11a_148_50,"[[21, 11, 22, 10], [5, 1, 6, 22], [1, 19, 2, 18], [19, 5, 20, 4], [3, 13, 4, 12], [11, 21, 12, 20], [13, 3, 14, 2], [9, 7, 10, 6], [17, 15, 18, 14], [15, 8, 16, 9], [7, 16, 8, 17]]"
11a_148_51,"[[7, 16, 8, 17], [21, 11, 22, 10], [5, 1, 6, 22], [1, 19, 2, 18], [19, 5, 20, 4], [3, 13, 4, 12], [11, 21, 12, 20], [13, 3, 14, 2], [9, 7, 10, 6], [17, 15, 18, 14], [15, 8, 16, 9]]"
11a_148_52,"[[15, 8, 16, 9], [7, 16, 8, 17], [21, 11, 22, 10], [5, 1, 6, 22], [1, 19, 2, 18], [19, 5, 20, 4], [3, 13, 4, 12], [11, 21, 12, 20], [13, 3, 14, 2], [9, 7, 10, 6], [17, 15, 18, 14]]"
11a_148_53,"[[17, 15, 18, 14], [15, 8, 16, 9], [7, 16, 8, 17], [21, 11, 22, 10], [5, 1, 6, 22], [1, 19, 2, 18], [19, 5, 20, 4], [3, 13, 4, 12], [11, 21, 12, 20], [13, 3, 14, 2], [9, 7, 10, 6]]"
11a_148_54,"[[9, 7, 10, 6], [17, 15, 18, 14], [15, 8, 16, 9], [7, 16, 8, 17], [21, 11, 22, 10], [5, 1, 6, 22], [1, 19, 2, 18], [19, 5, 20, 4], [3, 13, 4, 12], [11, 21, 12, 20], [13, 3, 14, 2]]"
11a_148_55,"[[14, 4, 15, 3], [10, 8, 11, 7], [18, 16, 19, 15], [16, 9, 17, 10], [8, 17, 9, 18], [22, 12, 1, 11], [6, 2, 7, 1], [2, 20, 3, 19], [20, 6, 21, 5], [4, 14, 5, 13], [12, 22, 13, 21]]"
11a_148_56,"[[12, 22, 13, 21], [14, 4, 15, 3], [10, 8, 11, 7], [18, 16, 19, 15], [16, 9, 17, 10], [8, 17, 9, 18], [22, 12, 1, 11], [6, 2, 7, 1], [2, 20, 3, 19], [20, 6, 21, 5], [4, 14, 5, 13]]"
11a_148_57,"[[4, 14, 5, 13], [12, 22, 13, 21], [14, 4, 15, 3], [10, 8, 11, 7], [18, 16, 19, 15], [16, 9, 17, 10], [8, 17, 9, 18], [22, 12, 1, 11], [6, 2, 7, 1], [2, 20, 3, 19], [20, 6, 21, 5]]"
11a_148_58,"[[20, 6, 21, 5], [4, 14, 5, 13], [12, 22, 13, 21], [14, 4, 15, 3], [10, 8, 11, 7], [18, 16, 19, 15], [16, 9, 17, 10], [8, 17, 9, 18], [22, 12, 1, 11], [6, 2, 7, 1], [2, 20, 3, 19]]"
11a_148_59,"[[2, 20, 3, 19], [20, 6, 21, 5], [4, 14, 5, 13], [12, 22, 13, 21], [14, 4, 15, 3], [10, 8, 11, 7], [18, 16, 19, 15], [16, 9, 17, 10], [8, 17, 9, 18], [22, 12, 1, 11], [6, 2, 7, 1]]"
11a_148_60,"[[6, 2, 7, 1], [2, 20, 3, 19], [20, 6, 21, 5], [4, 14, 5, 13], [12, 22, 13, 21], [14, 4, 15, 3], [10, 8, 11, 7], [18, 16, 19, 15], [16, 9, 17, 10], [8, 17, 9, 18], [22, 12, 1, 11]]"
11a_148_61,"[[22, 12, 1, 11], [6, 2, 7, 1], [2, 20, 3, 19], [20, 6, 21, 5], [4, 14, 5, 13], [12, 22, 13, 21], [14, 4, 15, 3], [10, 8, 11, 7], [18, 16, 19, 15], [16, 9, 17, 10], [8, 17, 9, 18]]"
11a_148_62,"[[8, 17, 9, 18], [22, 12, 1, 11], [6, 2, 7, 1], [2, 20, 3, 19], [20, 6, 21, 5], [4, 14, 5, 13], [12, 22, 13, 21], [14, 4, 15, 3], [10, 8, 11, 7], [18, 16, 19, 15], [16, 9, 17, 10]]"
11a_148_63,"[[16, 9, 17, 10], [8, 17, 9, 18], [22, 12, 1, 11], [6, 2, 7, 1], [2, 20, 3, 19], [20, 6, 21, 5], [4, 14, 5, 13], [12, 22, 13, 21], [14, 4, 15, 3], [10, 8, 11, 7], [18, 16, 19, 15]]"
11a_148_64,"[[18, 16, 19, 15], [16, 9, 17, 10], [8, 17, 9, 18], [22, 12, 1, 11], [6, 2, 7, 1], [2, 20, 3, 19], [20, 6, 21, 5], [4, 14, 5, 13], [12, 22, 13, 21], [14, 4, 15, 3], [10, 8, 11, 7]]"
11a_148_65,"[[10, 8, 11, 7], [18, 16, 19, 15], [16, 9, 17, 10], [8, 17, 9, 18], [22, 12, 1, 11], [6, 2, 7, 1], [2, 20, 3, 19], [20, 6, 21, 5], [4, 14, 5, 13], [12, 22, 13, 21], [14, 4, 15, 3]]"
11a_148_66,"[[15, 5, 16, 4], [11, 9, 12, 8], [19, 17, 20, 16], [17, 10, 18, 11], [9, 18, 10, 19], [1, 13, 2, 12], [7, 3, 8, 2], [3, 21, 4, 20], [21, 7, 22, 6], [5, 15, 6, 14], [13, 1, 14, 22]]"
11a_148_67,"[[13, 1, 14, 22], [15, 5, 16, 4], [11, 9, 12, 8], [19, 17, 20, 16], [17, 10, 18, 11], [9, 18, 10, 19], [1, 13, 2, 12], [7, 3, 8, 2], [3, 21, 4, 20], [21, 7, 22, 6], [5, 15, 6, 14]]"
11a_148_68,"[[5, 15, 6, 14], [13, 1, 14, 22], [15, 5, 16, 4], [11, 9, 12, 8], [19, 17, 20, 16], [17, 10, 18, 11], [9, 18, 10, 19], [1, 13, 2, 12], [7, 3, 8, 2], [3, 21, 4, 20], [21, 7, 22, 6]]"
11a_148_69,"[[21, 7, 22, 6], [5, 15, 6, 14], [13, 1, 14, 22], [15, 5, 16, 4], [11, 9, 12, 8], [19, 17, 20, 16], [17, 10, 18, 11], [9, 18, 10, 19], [1, 13, 2, 12], [7, 3, 8, 2], [3, 21, 4, 20]]"
11a_148_70,"[[3, 21, 4, 20], [21, 7, 22, 6], [5, 15, 6, 14], [13, 1, 14, 22], [15, 5, 16, 4], [11, 9, 12, 8], [19, 17, 20, 16], [17, 10, 18, 11], [9, 18, 10, 19], [1, 13, 2, 12], [7, 3, 8, 2]]"
11a_148_71,"[[7, 3, 8, 2], [3, 21, 4, 20], [21, 7, 22, 6], [5, 15, 6, 14], [13, 1, 14, 22], [15, 5, 16, 4], [11, 9, 12, 8], [19, 17, 20, 16], [17, 10, 18, 11], [9, 18, 10, 19], [1, 13, 2, 12]]"
11a_148_72,"[[1, 13, 2, 12], [7, 3, 8, 2], [3, 21, 4, 20], [21, 7, 22, 6], [5, 15, 6, 14], [13, 1, 14, 22], [15, 5, 16, 4], [11, 9, 12, 8], [19, 17, 20, 16], [17, 10, 18, 11], [9, 18, 10, 19]]"
11a_148_73,"[[9, 18, 10, 19], [1, 13, 2, 12], [7, 3, 8, 2], [3, 21, 4, 20], [21, 7, 22, 6], [5, 15, 6, 14], [13, 1, 14, 22], [15, 5, 16, 4], [11, 9, 12, 8], [19, 17, 20, 16], [17, 10, 18, 11]]"
11a_148_74,"[[17, 10, 18, 11], [9, 18, 10, 19], [1, 13, 2, 12], [7, 3, 8, 2], [3, 21, 4, 20], [21, 7, 22, 6], [5, 15, 6, 14], [13, 1, 14, 22], [15, 5, 16, 4], [11, 9, 12, 8], [19, 17, 20, 16]]"
11a_148_75,"[[19, 17, 20, 16], [17, 10, 18, 11], [9, 18, 10, 19], [1, 13, 2, 12], [7, 3, 8, 2], [3, 21, 4, 20], [21, 7, 22, 6], [5, 15, 6, 14], [13, 1, 14, 22], [15, 5, 16, 4], [11, 9, 12, 8]]"
11a_148_76,"[[11, 9, 12, 8], [19, 17, 20, 16], [17, 10, 18, 11], [9, 18, 10, 19], [1, 13, 2, 12], [7, 3, 8, 2], [3, 21, 4, 20], [21, 7, 22, 6], [5, 15, 6, 14], [13, 1, 14, 22], [15, 5, 16, 4]]"
11a_148_77,"[[16, 6, 17, 5], [12, 10, 13, 9], [20, 18, 21, 17], [18, 11, 19, 12], [10, 19, 11, 20], [2, 14, 3, 13], [8, 4, 9, 3], [4, 22, 5, 21], [22, 8, 1, 7], [6, 16, 7, 15], [14, 2, 15, 1]]"
11a_148_78,"[[14, 2, 15, 1], [16, 6, 17, 5], [12, 10, 13, 9], [20, 18, 21, 17], [18, 11, 19, 12], [10, 19, 11, 20], [2, 14, 3, 13], [8, 4, 9, 3], [4, 22, 5, 21], [22, 8, 1, 7], [6, 16, 7, 15]]"
11a_148_79,"[[6, 16, 7, 15], [14, 2, 15, 1], [16, 6, 17, 5], [12, 10, 13, 9], [20, 18, 21, 17], [18, 11, 19, 12], [10, 19, 11, 20], [2, 14, 3, 13], [8, 4, 9, 3], [4, 22, 5, 21], [22, 8, 1, 7]]"
11a_148_80,"[[22, 8, 1, 7], [6, 16, 7, 15], [14, 2, 15, 1], [16, 6, 17, 5], [12, 10, 13, 9], [20, 18, 21, 17], [18, 11, 19, 12], [10, 19, 11, 20], [2, 14, 3, 13], [8, 4, 9, 3], [4, 22, 5, 21]]"
11a_148_81,"[[4, 22, 5, 21], [22, 8, 1, 7], [6, 16, 7, 15], [14, 2, 15, 1], [16, 6, 17, 5], [12, 10, 13, 9], [20, 18, 21, 17], [18, 11, 19, 12], [10, 19, 11, 20], [2, 14, 3, 13], [8, 4, 9, 3]]"
11a_148_82,"[[8, 4, 9, 3], [4, 22, 5, 21], [22, 8, 1, 7], [6, 16, 7, 15], [14, 2, 15, 1], [16, 6, 17, 5], [12, 10, 13, 9], [20, 18, 21, 17], [18, 11, 19, 12], [10, 19, 11, 20], [2, 14, 3, 13]]"
11a_148_83,"[[2, 14, 3, 13], [8, 4, 9, 3], [4, 22, 5, 21], [22, 8, 1, 7], [6, 16, 7, 15], [14, 2, 15, 1], [16, 6, 17, 5], [12, 10, 13, 9], [20, 18, 21, 17], [18, 11, 19, 12], [10, 19, 11, 20]]"
11a_148_84,"[[10, 19, 11, 20], [2, 14, 3, 13], [8, 4, 9, 3], [4, 22, 5, 21], [22, 8, 1, 7], [6, 16, 7, 15], [14, 2, 15, 1], [16, 6, 17, 5], [12, 10, 13, 9], [20, 18, 21, 17], [18, 11, 19, 12]]"
11a_148_85,"[[18, 11, 19, 12], [10, 19, 11, 20], [2, 14, 3, 13], [8, 4, 9, 3], [4, 22, 5, 21], [22, 8, 1, 7], [6, 16, 7, 15], [14, 2, 15, 1], [16, 6, 17, 5], [12, 10, 13, 9], [20, 18, 21, 17]]"
11a_148_86,"[[20, 18, 21, 17], [18, 11, 19, 12], [10, 19, 11, 20], [2, 14, 3, 13], [8, 4, 9, 3], [4, 22, 5, 21], [22, 8, 1, 7], [6, 16, 7, 15], [14, 2, 15, 1], [16, 6, 17, 5], [12, 10, 13, 9]]"
11a_148_87,"[[12, 10, 13, 9], [20, 18, 21, 17], [18, 11, 19, 12], [10, 19, 11, 20], [2, 14, 3, 13], [8, 4, 9, 3], [4, 22, 5, 21], [22, 8, 1, 7], [6, 16, 7, 15], [14, 2, 15, 1], [16, 6, 17, 5]]"
11a_148_88,"[[17, 7, 18, 6], [13, 11, 14, 10], [21, 19, 22, 18], [19, 12, 20, 13], [11, 20, 12, 21], [3, 15, 4, 14], [9, 5, 10, 4], [5, 1, 6, 22], [1, 9, 2, 8], [7, 17, 8, 16], [15, 3, 16, 2]]"
11a_148_89,"[[15, 3, 16, 2], [17, 7, 18, 6], [13, 11, 14, 10], [21, 19, 22, 18], [19, 12, 20, 13], [11, 20, 12, 21], [3, 15, 4, 14], [9, 5, 10, 4], [5, 1, 6, 22], [1, 9, 2, 8], [7, 17, 8, 16]]"
11a_148_90,"[[7, 17, 8, 16], [15, 3, 16, 2], [17, 7, 18, 6], [13, 11, 14, 10], [21, 19, 22, 18], [19, 12, 20, 13], [11, 20, 12, 21], [3, 15, 4, 14], [9, 5, 10, 4], [5, 1, 6, 22], [1, 9, 2, 8]]"
11a_148_91,"[[1, 9, 2, 8], [7, 17, 8, 16], [15, 3, 16, 2], [17, 7, 18, 6], [13, 11, 14, 10], [21, 19, 22, 18], [19, 12, 20, 13], [11, 20, 12, 21], [3, 15, 4, 14], [9, 5, 10, 4], [5, 1, 6, 22]]"
11a_148_92,"[[5, 1, 6, 22], [1, 9, 2, 8], [7, 17, 8, 16], [15, 3, 16, 2], [17, 7, 18, 6], [13, 11, 14, 10], [21, 19, 22, 18], [19, 12, 20, 13], [11, 20, 12, 21], [3, 15, 4, 14], [9, 5, 10, 4]]"
11a_148_93,"[[9, 5, 10, 4], [5, 1, 6, 22], [1, 9, 2, 8], [7, 17, 8, 16], [15, 3, 16, 2], [17, 7, 18, 6], [13, 11, 14, 10], [21, 19, 22, 18], [19, 12, 20, 13], [11, 20, 12, 21], [3, 15, 4, 14]]"
11a_148_94,"[[3, 15, 4, 14], [9, 5, 10, 4], [5, 1, 6, 22], [1, 9, 2, 8], [7, 17, 8, 16], [15, 3, 16, 2], [17, 7, 18, 6], [13, 11, 14, 10], [21, 19, 22, 18], [19, 12, 20, 13], [11, 20, 12, 21]]"
11a_148_95,"[[11, 20, 12, 21], [3, 15, 4, 14], [9, 5, 10, 4], [5, 1, 6, 22], [1, 9, 2, 8], [7, 17, 8, 16], [15, 3, 16, 2], [17, 7, 18, 6], [13, 11, 14, 10], [21, 19, 22, 18], [19, 12, 20, 13]]"
11a_148_96,"[[19, 12, 20, 13], [11, 20, 12, 21], [3, 15, 4, 14], [9, 5, 10, 4], [5, 1, 6, 22], [1, 9, 2, 8], [7, 17, 8, 16], [15, 3, 16, 2], [17, 7, 18, 6], [13, 11, 14, 10], [21, 19, 22, 18]]"
11a_148_97,"[[21, 19, 22, 18], [19, 12, 20, 13], [11, 20, 12, 21], [3, 15, 4, 14], [9, 5, 10, 4], [5, 1, 6, 22], [1, 9, 2, 8], [7, 17, 8, 16], [15, 3, 16, 2], [17, 7, 18, 6], [13, 11, 14, 10]]"
11a_148_98,"[[13, 11, 14, 10], [21, 19, 22, 18], [19, 12, 20, 13], [11, 20, 12, 21], [3, 15, 4, 14], [9, 5, 10, 4], [5, 1, 6, 22], [1, 9, 2, 8], [7, 17, 8, 16], [15, 3, 16, 2], [17, 7, 18, 6]]"
11a_148_99,"[[18, 8, 19, 7], [14, 12, 15, 11], [22, 20, 1, 19], [20, 13, 21, 14], [12, 21, 13, 22], [4, 16, 5, 15], [10, 6, 11, 5], [6, 2, 7, 1], [2, 10, 3, 9], [8, 18, 9, 17], [16, 4, 17, 3]]"
11a_148_100,"[[16, 4, 17, 3], [18, 8, 19, 7], [14, 12, 15, 11], [22, 20, 1, 19], [20, 13, 21, 14], [12, 21, 13, 22], [4, 16, 5, 15], [10, 6, 11, 5], [6, 2, 7, 1], [2, 10, 3, 9], [8, 18, 9, 17]]"
11a_148_101,"[[8, 18, 9, 17], [16, 4, 17, 3], [18, 8, 19, 7], [14, 12, 15, 11], [22, 20, 1, 19], [20, 13, 21, 14], [12, 21, 13, 22], [4, 16, 5, 15], [10, 6, 11, 5], [6, 2, 7, 1], [2, 10, 3, 9]]"
11a_148_102,"[[2, 10, 3, 9], [8, 18, 9, 17], [16, 4, 17, 3], [18, 8, 19, 7], [14, 12, 15, 11], [22, 20, 1, 19], [20, 13, 21, 14], [12, 21, 13, 22], [4, 16, 5, 15], [10, 6, 11, 5], [6, 2, 7, 1]]"
11a_148_103,"[[6, 2, 7, 1], [2, 10, 3, 9], [8, 18, 9, 17], [16, 4, 17, 3], [18, 8, 19, 7], [14, 12, 15, 11], [22, 20, 1, 19], [20, 13, 21, 14], [12, 21, 13, 22], [4, 16, 5, 15], [10, 6, 11, 5]]"
11a_148_104,"[[10, 6, 11, 5], [6, 2, 7, 1], [2, 10, 3, 9], [8, 18, 9, 17], [16, 4, 17, 3], [18, 8, 19, 7], [14, 12, 15, 11], [22, 20, 1, 19], [20, 13, 21, 14], [12, 21, 13, 22], [4, 16, 5, 15]]"
11a_148_105,"[[4, 16, 5, 15], [10, 6, 11, 5], [6, 2, 7, 1], [2, 10, 3, 9], [8, 18, 9, 17], [16, 4, 17, 3], [18, 8, 19, 7], [14, 12, 15, 11], [22, 20, 1, 19], [20, 13, 21, 14], [12, 21, 13, 22]]"
11a_148_106,"[[12, 21, 13, 22], [4, 16, 5, 15], [10, 6, 11, 5], [6, 2, 7, 1], [2, 10, 3, 9], [8, 18, 9, 17], [16, 4, 17, 3], [18, 8, 19, 7], [14, 12, 15, 11], [22, 20, 1, 19], [20, 13, 21, 14]]"
11a_148_107,"[[20, 13, 21, 14], [12, 21, 13, 22], [4, 16, 5, 15], [10, 6, 11, 5], [6, 2, 7, 1], [2, 10, 3, 9], [8, 18, 9, 17], [16, 4, 17, 3], [18, 8, 19, 7], [14, 12, 15, 11], [22, 20, 1, 19]]"
11a_148_108,"[[22, 20, 1, 19], [20, 13, 21, 14], [12, 21, 13, 22], [4, 16, 5, 15], [10, 6, 11, 5], [6, 2, 7, 1], [2, 10, 3, 9], [8, 18, 9, 17], [16, 4, 17, 3], [18, 8, 19, 7], [14, 12, 15, 11]]"
11a_148_109,"[[14, 12, 15, 11], [22, 20, 1, 19], [20, 13, 21, 14], [12, 21, 13, 22], [4, 16, 5, 15], [10, 6, 11, 5], [6, 2, 7, 1], [2, 10, 3, 9], [8, 18, 9, 17], [16, 4, 17, 3], [18, 8, 19, 7]]"
11a_148_110,"[[19, 9, 20, 8], [15, 13, 16, 12], [1, 21, 2, 20], [21, 14, 22, 15], [13, 22, 14, 1], [5, 17, 6, 16], [11, 7, 12, 6], [7, 3, 8, 2], [3, 11, 4, 10], [9, 19, 10, 18], [17, 5, 18, 4]]"
11a_148_111,"[[17, 5, 18, 4], [19, 9, 20, 8], [15, 13, 16, 12], [1, 21, 2, 20], [21, 14, 22, 15], [13, 22, 14, 1], [5, 17, 6, 16], [11, 7, 12, 6], [7, 3, 8, 2], [3, 11, 4, 10], [9, 19, 10, 18]]"
11a_148_112,"[[9, 19, 10, 18], [17, 5, 18, 4], [19, 9, 20, 8], [15, 13, 16, 12], [1, 21, 2, 20], [21, 14, 22, 15], [13, 22, 14, 1], [5, 17, 6, 16], [11, 7, 12, 6], [7, 3, 8, 2], [3, 11, 4, 10]]"
11a_148_113,"[[3, 11, 4, 10], [9, 19, 10, 18], [17, 5, 18, 4], [19, 9, 20, 8], [15, 13, 16, 12], [1, 21, 2, 20], [21, 14, 22, 15], [13, 22, 14, 1], [5, 17, 6, 16], [11, 7, 12, 6], [7, 3, 8, 2]]"
11a_148_114,"[[7, 3, 8, 2], [3, 11, 4, 10], [9, 19, 10, 18], [17, 5, 18, 4], [19, 9, 20, 8], [15, 13, 16, 12], [1, 21, 2, 20], [21, 14, 22, 15], [13, 22, 14, 1], [5, 17, 6, 16], [11, 7, 12, 6]]"
11a_148_115,"[[11, 7, 12, 6], [7, 3, 8, 2], [3, 11, 4, 10], [9, 19, 10, 18], [17, 5, 18, 4], [19, 9, 20, 8], [15, 13, 16, 12], [1, 21, 2, 20], [21, 14, 22, 15], [13, 22, 14, 1], [5, 17, 6, 16]]"
11a_148_116,"[[5, 17, 6, 16], [11, 7, 12, 6], [7, 3, 8, 2], [3, 11, 4, 10], [9, 19, 10, 18], [17, 5, 18, 4], [19, 9, 20, 8], [15, 13, 16, 12], [1, 21, 2, 20], [21, 14, 22, 15], [13, 22, 14, 1]]"
11a_148_117,"[[13, 22, 14, 1], [5, 17, 6, 16], [11, 7, 12, 6], [7, 3, 8, 2], [3, 11, 4, 10], [9, 19, 10, 18], [17, 5, 18, 4], [19, 9, 20, 8], [15, 13, 16, 12], [1, 21, 2, 20], [21, 14, 22, 15]]"
11a_148_118,"[[21, 14, 22, 15], [13, 22, 14, 1], [5, 17, 6, 16], [11, 7, 12, 6], [7, 3, 8, 2], [3, 11, 4, 10], [9, 19, 10, 18], [17, 5, 18, 4], [19, 9, 20, 8], [15, 13, 16, 12], [1, 21, 2, 20]]"
11a_148_119,"[[1, 21, 2, 20], [21, 14, 22, 15], [13, 22, 14, 1], [5, 17, 6, 16], [11, 7, 12, 6], [7, 3, 8, 2], [3, 11, 4, 10], [9, 19, 10, 18], [17, 5, 18, 4], [19, 9, 20, 8], [15, 13, 16, 12]]"
11a_148_120,"[[15, 13, 16, 12], [1, 21, 2, 20], [21, 14, 22, 15], [13, 22, 14, 1], [5, 17, 6, 16], [11, 7, 12, 6], [7, 3, 8, 2], [3, 11, 4, 10], [9, 19, 10, 18], [17, 5, 18, 4], [19, 9, 20, 8]]"
11a_148_121,"[[20, 10, 21, 9], [16, 14, 17, 13], [2, 22, 3, 21], [22, 15, 1, 16], [14, 1, 15, 2], [6, 18, 7, 17], [12, 8, 13, 7], [8, 4, 9, 3], [4, 12, 5, 11], [10, 20, 11, 19], [18, 6, 19, 5]]"
11a_148_122,"[[18, 6, 19, 5], [20, 10, 21, 9], [16, 14, 17, 13], [2, 22, 3, 21], [22, 15, 1, 16], [14, 1, 15, 2], [6, 18, 7, 17], [12, 8, 13, 7], [8, 4, 9, 3], [4, 12, 5, 11], [10, 20, 11, 19]]"
11a_148_123,"[[10, 20, 11, 19], [18, 6, 19, 5], [20, 10, 21, 9], [16, 14, 17, 13], [2, 22, 3, 21], [22, 15, 1, 16], [14, 1, 15, 2], [6, 18, 7, 17], [12, 8, 13, 7], [8, 4, 9, 3], [4, 12, 5, 11]]"
11a_148_124,"[[4, 12, 5, 11], [10, 20, 11, 19], [18, 6, 19, 5], [20, 10, 21, 9], [16, 14, 17, 13], [2, 22, 3, 21], [22, 15, 1, 16], [14, 1, 15, 2], [6, 18, 7, 17], [12, 8, 13, 7], [8, 4, 9, 3]]"
11a_148_125,"[[8, 4, 9, 3], [4, 12, 5, 11], [10, 20, 11, 19], [18, 6, 19, 5], [20, 10, 21, 9], [16, 14, 17, 13], [2, 22, 3, 21], [22, 15, 1, 16], [14, 1, 15, 2], [6, 18, 7, 17], [12, 8, 13, 7]]"
11a_148_126,"[[12, 8, 13, 7], [8, 4, 9, 3], [4, 12, 5, 11], [10, 20, 11, 19], [18, 6, 19, 5], [20, 10, 21, 9], [16, 14, 17, 13], [2, 22, 3, 21], [22, 15, 1, 16], [14, 1, 15, 2], [6, 18, 7, 17]]"
11a_148_127,"[[6, 18, 7, 17], [12, 8, 13, 7], [8, 4, 9, 3], [4, 12, 5, 11], [10, 20, 11, 19], [18, 6, 19, 5], [20, 10, 21, 9], [16, 14, 17, 13], [2, 22, 3, 21], [22, 15, 1, 16], [14, 1, 15, 2]]"
11a_148_128,"[[14, 1, 15, 2], [6, 18, 7, 17], [12, 8, 13, 7], [8, 4, 9, 3], [4, 12, 5, 11], [10, 20, 11, 19], [18, 6, 19, 5], [20, 10, 21, 9], [16, 14, 17, 13], [2, 22, 3, 21], [22, 15, 1, 16]]"
11a_148_129,"[[22, 15, 1, 16], [14, 1, 15, 2], [6, 18, 7, 17], [12, 8, 13, 7], [8, 4, 9, 3], [4, 12, 5, 11], [10, 20, 11, 19], [18, 6, 19, 5], [20, 10, 21, 9], [16, 14, 17, 13], [2, 22, 3, 21]]"
11a_148_130,"[[2, 22, 3, 21], [22, 15, 1, 16], [14, 1, 15, 2], [6, 18, 7, 17], [12, 8, 13, 7], [8, 4, 9, 3], [4, 12, 5, 11], [10, 20, 11, 19], [18, 6, 19, 5], [20, 10, 21, 9], [16, 14, 17, 13]]"
11a_148_131,"[[16, 14, 17, 13], [2, 22, 3, 21], [22, 15, 1, 16], [14, 1, 15, 2], [6, 18, 7, 17], [12, 8, 13, 7], [8, 4, 9, 3], [4, 12, 5, 11], [10, 20, 11, 19], [18, 6, 19, 5], [20, 10, 21, 9]]"
11a_148_132,"[[21, 11, 22, 10], [17, 15, 18, 14], [3, 1, 4, 22], [1, 16, 2, 17], [15, 2, 16, 3], [7, 19, 8, 18], [13, 9, 14, 8], [9, 5, 10, 4], [5, 13, 6, 12], [11, 21, 12, 20], [19, 7, 20, 6]]"
11a_148_133,"[[19, 7, 20, 6], [21, 11, 22, 10], [17, 15, 18, 14], [3, 1, 4, 22], [1, 16, 2, 17], [15, 2, 16, 3], [7, 19, 8, 18], [13, 9, 14, 8], [9, 5, 10, 4], [5, 13, 6, 12], [11, 21, 12, 20]]"
11a_148_134,"[[11, 21, 12, 20], [19, 7, 20, 6], [21, 11, 22, 10], [17, 15, 18, 14], [3, 1, 4, 22], [1, 16, 2, 17], [15, 2, 16, 3], [7, 19, 8, 18], [13, 9, 14, 8], [9, 5, 10, 4], [5, 13, 6, 12]]"
11a_148_135,"[[5, 13, 6, 12], [11, 21, 12, 20], [19, 7, 20, 6], [21, 11, 22, 10], [17, 15, 18, 14], [3, 1, 4, 22], [1, 16, 2, 17], [15, 2, 16, 3], [7, 19, 8, 18], [13, 9, 14, 8], [9, 5, 10, 4]]"
11a_148_136,"[[9, 5, 10, 4], [5, 13, 6, 12], [11, 21, 12, 20], [19, 7, 20, 6], [21, 11, 22, 10], [17, 15, 18, 14], [3, 1, 4, 22], [1, 16, 2, 17], [15, 2, 16, 3], [7, 19, 8, 18], [13, 9, 14, 8]]"
11a_148_137,"[[13, 9, 14, 8], [9, 5, 10, 4], [5, 13, 6, 12], [11, 21, 12, 20], [19, 7, 20, 6], [21, 11, 22, 10], [17, 15, 18, 14], [3, 1, 4, 22], [1, 16, 2, 17], [15, 2, 16, 3], [7, 19, 8, 18]]"
11a_148_138,"[[7, 19, 8, 18], [13, 9, 14, 8], [9, 5, 10, 4], [5, 13, 6, 12], [11, 21, 12, 20], [19, 7, 20, 6], [21, 11, 22, 10], [17, 15, 18, 14], [3, 1, 4, 22], [1, 16, 2, 17], [15, 2, 16, 3]]"
11a_148_139,"[[15, 2, 16, 3], [7, 19, 8, 18], [13, 9, 14, 8], [9, 5, 10, 4], [5, 13, 6, 12], [11, 21, 12, 20], [19, 7, 20, 6], [21, 11, 22, 10], [17, 15, 18, 14], [3, 1, 4, 22], [1, 16, 2, 17]]"
11a_148_140,"[[1, 16, 2, 17], [15, 2, 16, 3], [7, 19, 8, 18], [13, 9, 14, 8], [9, 5, 10, 4], [5, 13, 6, 12], [11, 21, 12, 20], [19, 7, 20, 6], [21, 11, 22, 10], [17, 15, 18, 14], [3, 1, 4, 22]]"
11a_148_141,"[[3, 1, 4, 22], [1, 16, 2, 17], [15, 2, 16, 3], [7, 19, 8, 18], [13, 9, 14, 8], [9, 5, 10, 4], [5, 13, 6, 12], [11, 21, 12, 20], [19, 7, 20, 6], [21, 11, 22, 10], [17, 15, 18, 14]]"
11a_148_142,"[[17, 15, 18, 14], [3, 1, 4, 22], [1, 16, 2, 17], [15, 2, 16, 3], [7, 19, 8, 18], [13, 9, 14, 8], [9, 5, 10, 4], [5, 13, 6, 12], [11, 21, 12, 20], [19, 7, 20, 6], [21, 11, 22, 10]]"
11a_148_143,"[[22, 12, 1, 11], [18, 16, 19, 15], [4, 2, 5, 1], [2, 17, 3, 18], [16, 3, 17, 4], [8, 20, 9, 19], [14, 10, 15, 9], [10, 6, 11, 5], [6, 14, 7, 13], [12, 22, 13, 21], [20, 8, 21, 7]]"
11a_148_144,"[[20, 8, 21, 7], [22, 12, 1, 11], [18, 16, 19, 15], [4, 2, 5, 1], [2, 17, 3, 18], [16, 3, 17, 4], [8, 20, 9, 19], [14, 10, 15, 9], [10, 6, 11, 5], [6, 14, 7, 13], [12, 22, 13, 21]]"
11a_148_145,"[[12, 22, 13, 21], [20, 8, 21, 7], [22, 12, 1, 11], [18, 16, 19, 15], [4, 2, 5, 1], [2, 17, 3, 18], [16, 3, 17, 4], [8, 20, 9, 19], [14, 10, 15, 9], [10, 6, 11, 5], [6, 14, 7, 13]]"
11a_148_146,"[[6, 14, 7, 13], [12, 22, 13, 21], [20, 8, 21, 7], [22, 12, 1, 11], [18, 16, 19, 15], [4, 2, 5, 1], [2, 17, 3, 18], [16, 3, 17, 4], [8, 20, 9, 19], [14, 10, 15, 9], [10, 6, 11, 5]]"
11a_148_147,"[[10, 6, 11, 5], [6, 14, 7, 13], [12, 22, 13, 21], [20, 8, 21, 7], [22, 12, 1, 11], [18, 16, 19, 15], [4, 2, 5, 1], [2, 17, 3, 18], [16, 3, 17, 4], [8, 20, 9, 19], [14, 10, 15, 9]]"
11a_148_148,"[[14, 10, 15, 9], [10, 6, 11, 5], [6, 14, 7, 13], [12, 22, 13, 21], [20, 8, 21, 7], [22, 12, 1, 11], [18, 16, 19, 15], [4, 2, 5, 1], [2, 17, 3, 18], [16, 3, 17, 4], [8, 20, 9, 19]]"
11a_148_149,"[[8, 20, 9, 19], [14, 10, 15, 9], [10, 6, 11, 5], [6, 14, 7, 13], [12, 22, 13, 21], [20, 8, 21, 7], [22, 12, 1, 11], [18, 16, 19, 15], [4, 2, 5, 1], [2, 17, 3, 18], [16, 3, 17, 4]]"
11a_148_150,"[[16, 3, 17, 4], [8, 20, 9, 19], [14, 10, 15, 9], [10, 6, 11, 5], [6, 14, 7, 13], [12, 22, 13, 21], [20, 8, 21, 7], [22, 12, 1, 11], [18, 16, 19, 15], [4, 2, 5, 1], [2, 17, 3, 18]]"
11a_148_151,"[[2, 17, 3, 18], [16, 3, 17, 4], [8, 20, 9, 19], [14, 10, 15, 9], [10, 6, 11, 5], [6, 14, 7, 13], [12, 22, 13, 21], [20, 8, 21, 7], [22, 12, 1, 11], [18, 16, 19, 15], [4, 2, 5, 1]]"
11a_148_152,"[[4, 2, 5, 1], [2, 17, 3, 18], [16, 3, 17, 4], [8, 20, 9, 19], [14, 10, 15, 9], [10, 6, 11, 5], [6, 14, 7, 13], [12, 22, 13, 21], [20, 8, 21, 7], [22, 12, 1, 11], [18, 16, 19, 15]]"
11a_148_153,"[[18, 16, 19, 15], [4, 2, 5, 1], [2, 17, 3, 18], [16, 3, 17, 4], [8, 20, 9, 19], [14, 10, 15, 9], [10, 6, 11, 5], [6, 14, 7, 13], [12, 22, 13, 21], [20, 8, 21, 7], [22, 12, 1, 11]]"
11a_148_154,"[[1, 13, 2, 12], [19, 17, 20, 16], [5, 3, 6, 2], [3, 18, 4, 19], [17, 4, 18, 5], [9, 21, 10, 20], [15, 11, 16, 10], [11, 7, 12, 6], [7, 15, 8, 14], [13, 1, 14, 22], [21, 9, 22, 8]]"
11a_148_155,"[[21, 9, 22, 8], [1, 13, 2, 12], [19, 17, 20, 16], [5, 3, 6, 2], [3, 18, 4, 19], [17, 4, 18, 5], [9, 21, 10, 20], [15, 11, 16, 10], [11, 7, 12, 6], [7, 15, 8, 14], [13, 1, 14, 22]]"
11a_148_156,"[[13, 1, 14, 22], [21, 9, 22, 8], [1, 13, 2, 12], [19, 17, 20, 16], [5, 3, 6, 2], [3, 18, 4, 19], [17, 4, 18, 5], [9, 21, 10, 20], [15, 11, 16, 10], [11, 7, 12, 6], [7, 15, 8, 14]]"
11a_148_157,"[[7, 15, 8, 14], [13, 1, 14, 22], [21, 9, 22, 8], [1, 13, 2, 12], [19, 17, 20, 16], [5, 3, 6, 2], [3, 18, 4, 19], [17, 4, 18, 5], [9, 21, 10, 20], [15, 11, 16, 10], [11, 7, 12, 6]]"
11a_148_158,"[[11, 7, 12, 6], [7, 15, 8, 14], [13, 1, 14, 22], [21, 9, 22, 8], [1, 13, 2, 12], [19, 17, 20, 16], [5, 3, 6, 2], [3, 18, 4, 19], [17, 4, 18, 5], [9, 21, 10, 20], [15, 11, 16, 10]]"
11a_148_159,"[[15, 11, 16, 10], [11, 7, 12, 6], [7, 15, 8, 14], [13, 1, 14, 22], [21, 9, 22, 8], [1, 13, 2, 12], [19, 17, 20, 16], [5, 3, 6, 2], [3, 18, 4, 19], [17, 4, 18, 5], [9, 21, 10, 20]]"
11a_148_160,"[[9, 21, 10, 20], [15, 11, 16, 10], [11, 7, 12, 6], [7, 15, 8, 14], [13, 1, 14, 22], [21, 9, 22, 8], [1, 13, 2, 12], [19, 17, 20, 16], [5, 3, 6, 2], [3, 18, 4, 19], [17, 4, 18, 5]]"
11a_148_161,"[[17, 4, 18, 5], [9, 21, 10, 20], [15, 11, 16, 10], [11, 7, 12, 6], [7, 15, 8, 14], [13, 1, 14, 22], [21, 9, 22, 8], [1, 13, 2, 12], [19, 17, 20, 16], [5, 3, 6, 2], [3, 18, 4, 19]]"
11a_148_162,"[[3, 18, 4, 19], [17, 4, 18, 5], [9, 21, 10, 20], [15, 11, 16, 10], [11, 7, 12, 6], [7, 15, 8, 14], [13, 1, 14, 22], [21, 9, 22, 8], [1, 13, 2, 12], [19, 17, 20, 16], [5, 3, 6, 2]]"
11a_148_163,"[[5, 3, 6, 2], [3, 18, 4, 19], [17, 4, 18, 5], [9, 21, 10, 20], [15, 11, 16, 10], [11, 7, 12, 6], [7, 15, 8, 14], [13, 1, 14, 22], [21, 9, 22, 8], [1, 13, 2, 12], [19, 17, 20, 16]]"
11a_148_164,"[[19, 17, 20, 16], [5, 3, 6, 2], [3, 18, 4, 19], [17, 4, 18, 5], [9, 21, 10, 20], [15, 11, 16, 10], [11, 7, 12, 6], [7, 15, 8, 14], [13, 1, 14, 22], [21, 9, 22, 8], [1, 13, 2, 12]]"
11a_148_165,"[[2, 14, 3, 13], [20, 18, 21, 17], [6, 4, 7, 3], [4, 19, 5, 20], [18, 5, 19, 6], [10, 22, 11, 21], [16, 12, 17, 11], [12, 8, 13, 7], [8, 16, 9, 15], [14, 2, 15, 1], [22, 10, 1, 9]]"
11a_148_166,"[[22, 10, 1, 9], [2, 14, 3, 13], [20, 18, 21, 17], [6, 4, 7, 3], [4, 19, 5, 20], [18, 5, 19, 6], [10, 22, 11, 21], [16, 12, 17, 11], [12, 8, 13, 7], [8, 16, 9, 15], [14, 2, 15, 1]]"
11a_148_167,"[[14, 2, 15, 1], [22, 10, 1, 9], [2, 14, 3, 13], [20, 18, 21, 17], [6, 4, 7, 3], [4, 19, 5, 20], [18, 5, 19, 6], [10, 22, 11, 21], [16, 12, 17, 11], [12, 8, 13, 7], [8, 16, 9, 15]]"
11a_148_168,"[[8, 16, 9, 15], [14, 2, 15, 1], [22, 10, 1, 9], [2, 14, 3, 13], [20, 18, 21, 17], [6, 4, 7, 3], [4, 19, 5, 20], [18, 5, 19, 6], [10, 22, 11, 21], [16, 12, 17, 11], [12, 8, 13, 7]]"
11a_148_169,"[[12, 8, 13, 7], [8, 16, 9, 15], [14, 2, 15, 1], [22, 10, 1, 9], [2, 14, 3, 13], [20, 18, 21, 17], [6, 4, 7, 3], [4, 19, 5, 20], [18, 5, 19, 6], [10, 22, 11, 21], [16, 12, 17, 11]]"
11a_148_170,"[[16, 12, 17, 11], [12, 8, 13, 7], [8, 16, 9, 15], [14, 2, 15, 1], [22, 10, 1, 9], [2, 14, 3, 13], [20, 18, 21, 17], [6, 4, 7, 3], [4, 19, 5, 20], [18, 5, 19, 6], [10, 22, 11, 21]]"
11a_148_171,"[[10, 22, 11, 21], [16, 12, 17, 11], [12, 8, 13, 7], [8, 16, 9, 15], [14, 2, 15, 1], [22, 10, 1, 9], [2, 14, 3, 13], [20, 18, 21, 17], [6, 4, 7, 3], [4, 19, 5, 20], [18, 5, 19, 6]]"
11a_148_172,"[[18, 5, 19, 6], [10, 22, 11, 21], [16, 12, 17, 11], [12, 8, 13, 7], [8, 16, 9, 15], [14, 2, 15, 1], [22, 10, 1, 9], [2, 14, 3, 13], [20, 18, 21, 17], [6, 4, 7, 3], [4, 19, 5, 20]]"
11a_148_173,"[[4, 19, 5, 20], [18, 5, 19, 6], [10, 22, 11, 21], [16, 12, 17, 11], [12, 8, 13, 7], [8, 16, 9, 15], [14, 2, 15, 1], [22, 10, 1, 9], [2, 14, 3, 13], [20, 18, 21, 17], [6, 4, 7, 3]]"
11a_148_174,"[[6, 4, 7, 3], [4, 19, 5, 20], [18, 5, 19, 6], [10, 22, 11, 21], [16, 12, 17, 11], [12, 8, 13, 7], [8, 16, 9, 15], [14, 2, 15, 1], [22, 10, 1, 9], [2, 14, 3, 13], [20, 18, 21, 17]]"
11a_148_175,"[[20, 18, 21, 17], [6, 4, 7, 3], [4, 19, 5, 20], [18, 5, 19, 6], [10, 22, 11, 21], [16, 12, 17, 11], [12, 8, 13, 7], [8, 16, 9, 15], [14, 2, 15, 1], [22, 10, 1, 9], [2, 14, 3, 13]]"
11a_148_176,"[[3, 15, 4, 14], [21, 19, 22, 18], [7, 5, 8, 4], [5, 20, 6, 21], [19, 6, 20, 7], [11, 1, 12, 22], [17, 13, 18, 12], [13, 9, 14, 8], [9, 17, 10, 16], [15, 3, 16, 2], [1, 11, 2, 10]]"
11a_148_177,"[[1, 11, 2, 10], [3, 15, 4, 14], [21, 19, 22, 18], [7, 5, 8, 4], [5, 20, 6, 21], [19, 6, 20, 7], [11, 1, 12, 22], [17, 13, 18, 12], [13, 9, 14, 8], [9, 17, 10, 16], [15, 3, 16, 2]]"
11a_148_178,"[[15, 3, 16, 2], [1, 11, 2, 10], [3, 15, 4, 14], [21, 19, 22, 18], [7, 5, 8, 4], [5, 20, 6, 21], [19, 6, 20, 7], [11, 1, 12, 22], [17, 13, 18, 12], [13, 9, 14, 8], [9, 17, 10, 16]]"
11a_148_179,"[[9, 17, 10, 16], [15, 3, 16, 2], [1, 11, 2, 10], [3, 15, 4, 14], [21, 19, 22, 18], [7, 5, 8, 4], [5, 20, 6, 21], [19, 6, 20, 7], [11, 1, 12, 22], [17, 13, 18, 12], [13, 9, 14, 8]]"
11a_148_180,"[[13, 9, 14, 8], [9, 17, 10, 16], [15, 3, 16, 2], [1, 11, 2, 10], [3, 15, 4, 14], [21, 19, 22, 18], [7, 5, 8, 4], [5, 20, 6, 21], [19, 6, 20, 7], [11, 1, 12, 22], [17, 13, 18, 12]]"
11a_148_181,"[[17, 13, 18, 12], [13, 9, 14, 8], [9, 17, 10, 16], [15, 3, 16, 2], [1, 11, 2, 10], [3, 15, 4, 14], [21, 19, 22, 18], [7, 5, 8, 4], [5, 20, 6, 21], [19, 6, 20, 7], [11, 1, 12, 22]]"
11a_148_182,"[[11, 1, 12, 22], [17, 13, 18, 12], [13, 9, 14, 8], [9, 17, 10, 16], [15, 3, 16, 2], [1, 11, 2, 10], [3, 15, 4, 14], [21, 19, 22, 18], [7, 5, 8, 4], [5, 20, 6, 21], [19, 6, 20, 7]]"
11a_148_183,"[[19, 6, 20, 7], [11, 1, 12, 22], [17, 13, 18, 12], [13, 9, 14, 8], [9, 17, 10, 16], [15, 3, 16, 2], [1, 11, 2, 10], [3, 15, 4, 14], [21, 19, 22, 18], [7, 5, 8, 4], [5, 20, 6, 21]]"
11a_148_184,"[[5, 20, 6, 21], [19, 6, 20, 7], [11, 1, 12, 22], [17, 13, 18, 12], [13, 9, 14, 8], [9, 17, 10, 16], [15, 3, 16, 2], [1, 11, 2, 10], [3, 15, 4, 14], [21, 19, 22, 18], [7, 5, 8, 4]]"
11a_148_185,"[[7, 5, 8, 4], [5, 20, 6, 21], [19, 6, 20, 7], [11, 1, 12, 22], [17, 13, 18, 12], [13, 9, 14, 8], [9, 17, 10, 16], [15, 3, 16, 2], [1, 11, 2, 10], [3, 15, 4, 14], [21, 19, 22, 18]]"
11a_148_186,"[[21, 19, 22, 18], [7, 5, 8, 4], [5, 20, 6, 21], [19, 6, 20, 7], [11, 1, 12, 22], [17, 13, 18, 12], [13, 9, 14, 8], [9, 17, 10, 16], [15, 3, 16, 2], [1, 11, 2, 10], [3, 15, 4, 14]]"
11a_148_187,"[[4, 16, 5, 15], [22, 20, 1, 19], [8, 6, 9, 5], [6, 21, 7, 22], [20, 7, 21, 8], [12, 2, 13, 1], [18, 14, 19, 13], [14, 10, 15, 9], [10, 18, 11, 17], [16, 4, 17, 3], [2, 12, 3, 11]]"
11a_148_188,"[[2, 12, 3, 11], [4, 16, 5, 15], [22, 20, 1, 19], [8, 6, 9, 5], [6, 21, 7, 22], [20, 7, 21, 8], [12, 2, 13, 1], [18, 14, 19, 13], [14, 10, 15, 9], [10, 18, 11, 17], [16, 4, 17, 3]]"
11a_148_189,"[[16, 4, 17, 3], [2, 12, 3, 11], [4, 16, 5, 15], [22, 20, 1, 19], [8, 6, 9, 5], [6, 21, 7, 22], [20, 7, 21, 8], [12, 2, 13, 1], [18, 14, 19, 13], [14, 10, 15, 9], [10, 18, 11, 17]]"
11a_148_190,"[[10, 18, 11, 17], [16, 4, 17, 3], [2, 12, 3, 11], [4, 16, 5, 15], [22, 20, 1, 19], [8, 6, 9, 5], [6, 21, 7, 22], [20, 7, 21, 8], [12, 2, 13, 1], [18, 14, 19, 13], [14, 10, 15, 9]]"
11a_148_191,"[[14, 10, 15, 9], [10, 18, 11, 17], [16, 4, 17, 3], [2, 12, 3, 11], [4, 16, 5, 15], [22, 20, 1, 19], [8, 6, 9, 5], [6, 21, 7, 22], [20, 7, 21, 8], [12, 2, 13, 1], [18, 14, 19, 13]]"
11a_148_192,"[[18, 14, 19, 13], [14, 10, 15, 9], [10, 18, 11, 17], [16, 4, 17, 3], [2, 12, 3, 11], [4, 16, 5, 15], [22, 20, 1, 19], [8, 6, 9, 5], [6, 21, 7, 22], [20, 7, 21, 8], [12, 2, 13, 1]]"
11a_148_193,"[[12, 2, 13, 1], [18, 14, 19, 13], [14, 10, 15, 9], [10, 18, 11, 17], [16, 4, 17, 3], [2, 12, 3, 11], [4, 16, 5, 15], [22, 20, 1, 19], [8, 6, 9, 5], [6, 21, 7, 22], [20, 7, 21, 8]]"
11a_148_194,"[[20, 7, 21, 8], [12, 2, 13, 1], [18, 14, 19, 13], [14, 10, 15, 9], [10, 18, 11, 17], [16, 4, 17, 3], [2, 12, 3, 11], [4, 16, 5, 15], [22, 20, 1, 19], [8, 6, 9, 5], [6, 21, 7, 22]]"
11a_148_195,"[[6, 21, 7, 22], [20, 7, 21, 8], [12, 2, 13, 1], [18, 14, 19, 13], [14, 10, 15, 9], [10, 18, 11, 17], [16, 4, 17, 3], [2, 12, 3, 11], [4, 16, 5, 15], [22, 20, 1, 19], [8, 6, 9, 5]]"
11a_148_196,"[[8, 6, 9, 5], [6, 21, 7, 22], [20, 7, 21, 8], [12, 2, 13, 1], [18, 14, 19, 13], [14, 10, 15, 9], [10, 18, 11, 17], [16, 4, 17, 3], [2, 12, 3, 11], [4, 16, 5, 15], [22, 20, 1, 19]]"
11a_148_197,"[[22, 20, 1, 19], [8, 6, 9, 5], [6, 21, 7, 22], [20, 7, 21, 8], [12, 2, 13, 1], [18, 14, 19, 13], [14, 10, 15, 9], [10, 18, 11, 17], [16, 4, 17, 3], [2, 12, 3, 11], [4, 16, 5, 15]]"
11a_148_198,"[[5, 17, 6, 16], [1, 21, 2, 20], [9, 7, 10, 6], [7, 22, 8, 1], [21, 8, 22, 9], [13, 3, 14, 2], [19, 15, 20, 14], [15, 11, 16, 10], [11, 19, 12, 18], [17, 5, 18, 4], [3, 13, 4, 12]]"
11a_148_199,"[[3, 13, 4, 12], [5, 17, 6, 16], [1, 21, 2, 20], [9, 7, 10, 6], [7, 22, 8, 1], [21, 8, 22, 9], [13, 3, 14, 2], [19, 15, 20, 14], [15, 11, 16, 10], [11, 19, 12, 18], [17, 5, 18, 4]]"
11a_148_200,"[[17, 5, 18, 4], [3, 13, 4, 12], [5, 17, 6, 16], [1, 21, 2, 20], [9, 7, 10, 6], [7, 22, 8, 1], [21, 8, 22, 9], [13, 3, 14, 2], [19, 15, 20, 14], [15, 11, 16, 10], [11, 19, 12, 18]]"
11a_148_201,"[[11, 19, 12, 18], [17, 5, 18, 4], [3, 13, 4, 12], [5, 17, 6, 16], [1, 21, 2, 20], [9, 7, 10, 6], [7, 22, 8, 1], [21, 8, 22, 9], [13, 3, 14, 2], [19, 15, 20, 14], [15, 11, 16, 10]]"
11a_148_202,"[[15, 11, 16, 10], [11, 19, 12, 18], [17, 5, 18, 4], [3, 13, 4, 12], [5, 17, 6, 16], [1, 21, 2, 20], [9, 7, 10, 6], [7, 22, 8, 1], [21, 8, 22, 9], [13, 3, 14, 2], [19, 15, 20, 14]]"
11a_148_203,"[[19, 15, 20, 14], [15, 11, 16, 10], [11, 19, 12, 18], [17, 5, 18, 4], [3, 13, 4, 12], [5, 17, 6, 16], [1, 21, 2, 20], [9, 7, 10, 6], [7, 22, 8, 1], [21, 8, 22, 9], [13, 3, 14, 2]]"
