name,pd_notation
11a_221_0,"[[11, 17, 12, 16], [5, 3, 6, 2], [15, 11, 16, 10], [13, 4, 14, 5], [3, 14, 4, 15], [1, 18, 2, 19], [19, 6, 20, 7], [21, 8, 22, 9], [7, 20, 8, 21], [9, 22, 10, 1], [17, 13, 18, 12]]"
11a_221_1,"[[17, 13, 18, 12], [11, 17, 12, 16], [5, 3, 6, 2], [15, 11, 16, 10], [13, 4, 14, 5], [3, 14, 4, 15], [1, 18, 2, 19], [19, 6, 20, 7], [21, 8, 22, 9], [7, 20, 8, 21], [9, 22, 10, 1]]"
11a_221_2,"[[9, 22, 10, 1], [17, 13, 18, 12], [11, 17, 12, 16], [5, 3, 6, 2], [15, 11, 16, 10], [13, 4, 14, 5], [3, 14, 4, 15], [1, 18, 2, 19], [19, 6, 20, 7], [21, 8, 22, 9], [7, 20, 8, 21]]"
11a_221_3,"[[7, 20, 8, 21], [9, 22, 10, 1], [17, 13, 18, 12], [11, 17, 12, 16], [5, 3, 6, 2], [15, 11, 16, 10], [13, 4, 14, 5], [3, 14, 4, 15], [1, 18, 2, 19], [19, 6, 20, 7], [21, 8, 22, 9]]"
11a_221_4,"[[21, 8, 22, 9], [7, 20, 8, 21], [9, 22, 10, 1], [17, 13, 18, 12], [11, 17, 12, 16], [5, 3, 6, 2], [15, 11, 16, 10], [13, 4, 14, 5], [3, 14, 4, 15], [1, 18, 2, 19], [19, 6, 20, 7]]"
11a_221_5,"[[19, 6, 20, 7], [21, 8, 22, 9], [7, 20, 8, 21], [9, 22, 10, 1], [17, 13, 18, 12], [11, 17, 12, 16], [5, 3, 6, 2], [15, 11, 16, 10], [13, 4, 14, 5], [3, 14, 4, 15], [1, 18, 2, 19]]"
11a_221_6,"[[1, 18, 2, 19], [19, 6, 20, 7], [21, 8, 22, 9], [7, 20, 8, 21], [9, 22, 10, 1], [17, 13, 18, 12], [11, 17, 12, 16], [5, 3, 6, 2], [15, 11, 16, 10], [13, 4, 14, 5], [3, 14, 4, 15]]"
11a_221_7,"[[3, 14, 4, 15], [1, 18, 2, 19], [19, 6, 20, 7], [21, 8, 22, 9], [7, 20, 8, 21], [9, 22, 10, 1], [17, 13, 18, 12], [11, 17, 12, 16], [5, 3, 6, 2], [15, 11, 16, 10], [13, 4, 14, 5]]"
11a_221_8,"[[13, 4, 14, 5], [3, 14, 4, 15], [1, 18, 2, 19], [19, 6, 20, 7], [21, 8, 22, 9], [7, 20, 8, 21], [9, 22, 10, 1], [17, 13, 18, 12], [11, 17, 12, 16], [5, 3, 6, 2], [15, 11, 16, 10]]"
11a_221_9,"[[15, 11, 16, 10], [13, 4, 14, 5], [3, 14, 4, 15], [1, 18, 2, 19], [19, 6, 20, 7], [21, 8, 22, 9], [7, 20, 8, 21], [9, 22, 10, 1], [17, 13, 18, 12], [11, 17, 12, 16], [5, 3, 6, 2]]"
11a_221_10,"[[5, 3, 6, 2], [15, 11, 16, 10], [13, 4, 14, 5], [3, 14, 4, 15], [1, 18, 2, 19], [19, 6, 20, 7], [21, 8, 22, 9], [7, 20, 8, 21], [9, 22, 10, 1], [17, 13, 18, 12], [11, 17, 12, 16]]"
11a_221_11,"[[12, 18, 13, 17], [6, 4, 7, 3], [16, 12, 17, 11], [14, 5, 15, 6], [4, 15, 5, 16], [2, 19, 3, 20], [20, 7, 21, 8], [22, 9, 1, 10], [8, 21, 9, 22], [10, 1, 11, 2], [18, 14, 19, 13]]"
11a_221_12,"[[18, 14, 19, 13], [12, 18, 13, 17], [6, 4, 7, 3], [16, 12, 17, 11], [14, 5, 15, 6], [4, 15, 5, 16], [2, 19, 3, 20], [20, 7, 21, 8], [22, 9, 1, 10], [8, 21, 9, 22], [10, 1, 11, 2]]"
11a_221_13,"[[10, 1, 11, 2], [18, 14, 19, 13], [12, 18, 13, 17], [6, 4, 7, 3], [16, 12, 17, 11], [14, 5, 15, 6], [4, 15, 5, 16], [2, 19, 3, 20], [20, 7, 21, 8], [22, 9, 1, 10], [8, 21, 9, 22]]"
11a_221_14,"[[8, 21, 9, 22], [10, 1, 11, 2], [18, 14, 19, 13], [12, 18, 13, 17], [6, 4, 7, 3], [16, 12, 17, 11], [14, 5, 15, 6], [4, 15, 5, 16], [2, 19, 3, 20], [20, 7, 21, 8], [22, 9, 1, 10]]"
11a_221_15,"[[22, 9, 1, 10], [8, 21, 9, 22], [10, 1, 11, 2], [18, 14, 19, 13], [12, 18, 13, 17], [6, 4, 7, 3], [16, 12, 17, 11], [14, 5, 15, 6], [4, 15, 5, 16], [2, 19, 3, 20], [20, 7, 21, 8]]"
11a_221_16,"[[20, 7, 21, 8], [22, 9, 1, 10], [8, 21, 9, 22], [10, 1, 11, 2], [18, 14, 19, 13], [12, 18, 13, 17], [6, 4, 7, 3], [16, 12, 17, 11], [14, 5, 15, 6], [4, 15, 5, 16], [2, 19, 3, 20]]"
11a_221_17,"[[2, 19, 3, 20], [20, 7, 21, 8], [22, 9, 1, 10], [8, 21, 9, 22], [10, 1, 11, 2], [18, 14, 19, 13], [12, 18, 13, 17], [6, 4, 7, 3], [16, 12, 17, 11], [14, 5, 15, 6], [4, 15, 5, 16]]"
11a_221_18,"[[4, 15, 5, 16], [2, 19, 3, 20], [20, 7, 21, 8], [22, 9, 1, 10], [8, 21, 9, 22], [10, 1, 11, 2], [18, 14, 19, 13], [12, 18, 13, 17], [6, 4, 7, 3], [16, 12, 17, 11], [14, 5, 15, 6]]"
11a_221_19,"[[14, 5, 15, 6], [4, 15, 5, 16], [2, 19, 3, 20], [20, 7, 21, 8], [22, 9, 1, 10], [8, 21, 9, 22], [10, 1, 11, 2], [18, 14, 19, 13], [12, 18, 13, 17], [6, 4, 7, 3], [16, 12, 17, 11]]"
11a_221_20,"[[16, 12, 17, 11], [14, 5, 15, 6], [4, 15, 5, 16], [2, 19, 3, 20], [20, 7, 21, 8], [22, 9, 1, 10], [8, 21, 9, 22], [10, 1, 11, 2], [18, 14, 19, 13], [12, 18, 13, 17], [6, 4, 7, 3]]"
11a_221_21,"[[6, 4, 7, 3], [16, 12, 17, 11], [14, 5, 15, 6], [4, 15, 5, 16], [2, 19, 3, 20], [20, 7, 21, 8], [22, 9, 1, 10], [8, 21, 9, 22], [10, 1, 11, 2], [18, 14, 19, 13], [12, 18, 13, 17]]"
11a_221_22,"[[13, 19, 14, 18], [7, 5, 8, 4], [17, 13, 18, 12], [15, 6, 16, 7], [5, 16, 6, 17], [3, 20, 4, 21], [21, 8, 22, 9], [1, 10, 2, 11], [9, 22, 10, 1], [11, 2, 12, 3], [19, 15, 20, 14]]"
11a_221_23,"[[19, 15, 20, 14], [13, 19, 14, 18], [7, 5, 8, 4], [17, 13, 18, 12], [15, 6, 16, 7], [5, 16, 6, 17], [3, 20, 4, 21], [21, 8, 22, 9], [1, 10, 2, 11], [9, 22, 10, 1], [11, 2, 12, 3]]"
11a_221_24,"[[11, 2, 12, 3], [19, 15, 20, 14], [13, 19, 14, 18], [7, 5, 8, 4], [17, 13, 18, 12], [15, 6, 16, 7], [5, 16, 6, 17], [3, 20, 4, 21], [21, 8, 22, 9], [1, 10, 2, 11], [9, 22, 10, 1]]"
11a_221_25,"[[9, 22, 10, 1], [11, 2, 12, 3], [19, 15, 20, 14], [13, 19, 14, 18], [7, 5, 8, 4], [17, 13, 18, 12], [15, 6, 16, 7], [5, 16, 6, 17], [3, 20, 4, 21], [21, 8, 22, 9], [1, 10, 2, 11]]"
11a_221_26,"[[1, 10, 2, 11], [9, 22, 10, 1], [11, 2, 12, 3], [19, 15, 20, 14], [13, 19, 14, 18], [7, 5, 8, 4], [17, 13, 18, 12], [15, 6, 16, 7], [5, 16, 6, 17], [3, 20, 4, 21], [21, 8, 22, 9]]"
11a_221_27,"[[21, 8, 22, 9], [1, 10, 2, 11], [9, 22, 10, 1], [11, 2, 12, 3], [19, 15, 20, 14], [13, 19, 14, 18], [7, 5, 8, 4], [17, 13, 18, 12], [15, 6, 16, 7], [5, 16, 6, 17], [3, 20, 4, 21]]"
11a_221_28,"[[3, 20, 4, 21], [21, 8, 22, 9], [1, 10, 2, 11], [9, 22, 10, 1], [11, 2, 12, 3], [19, 15, 20, 14], [13, 19, 14, 18], [7, 5, 8, 4], [17, 13, 18, 12], [15, 6, 16, 7], [5, 16, 6, 17]]"
11a_221_29,"[[5, 16, 6, 17], [3, 20, 4, 21], [21, 8, 22, 9], [1, 10, 2, 11], [9, 22, 10, 1], [11, 2, 12, 3], [19, 15, 20, 14], [13, 19, 14, 18], [7, 5, 8, 4], [17, 13, 18, 12], [15, 6, 16, 7]]"
11a_221_30,"[[15, 6, 16, 7], [5, 16, 6, 17], [3, 20, 4, 21], [21, 8, 22, 9], [1, 10, 2, 11], [9, 22, 10, 1], [11, 2, 12, 3], [19, 15, 20, 14], [13, 19, 14, 18], [7, 5, 8, 4], [17, 13, 18, 12]]"
11a_221_31,"[[17, 13, 18, 12], [15, 6, 16, 7], [5, 16, 6, 17], [3, 20, 4, 21], [21, 8, 22, 9], [1, 10, 2, 11], [9, 22, 10, 1], [11, 2, 12, 3], [19, 15, 20, 14], [13, 19, 14, 18], [7, 5, 8, 4]]"
11a_221_32,"[[7, 5, 8, 4], [17, 13, 18, 12], [15, 6, 16, 7], [5, 16, 6, 17], [3, 20, 4, 21], [21, 8, 22, 9], [1, 10, 2, 11], [9, 22, 10, 1], [11, 2, 12, 3], [19, 15, 20, 14], [13, 19, 14, 18]]"
11a_221_33,"[[14, 20, 15, 19], [8, 6, 9, 5], [18, 14, 19, 13], [16, 7, 17, 8], [6, 17, 7, 18], [4, 21, 5, 22], [22, 9, 1, 10], [2, 11, 3, 12], [10, 1, 11, 2], [12, 3, 13, 4], [20, 16, 21, 15]]"
11a_221_34,"[[20, 16, 21, 15], [14, 20, 15, 19], [8, 6, 9, 5], [18, 14, 19, 13], [16, 7, 17, 8], [6, 17, 7, 18], [4, 21, 5, 22], [22, 9, 1, 10], [2, 11, 3, 12], [10, 1, 11, 2], [12, 3, 13, 4]]"
11a_221_35,"[[12, 3, 13, 4], [20, 16, 21, 15], [14, 20, 15, 19], [8, 6, 9, 5], [18, 14, 19, 13], [16, 7, 17, 8], [6, 17, 7, 18], [4, 21, 5, 22], [22, 9, 1, 10], [2, 11, 3, 12], [10, 1, 11, 2]]"
11a_221_36,"[[10, 1, 11, 2], [12, 3, 13, 4], [20, 16, 21, 15], [14, 20, 15, 19], [8, 6, 9, 5], [18, 14, 19, 13], [16, 7, 17, 8], [6, 17, 7, 18], [4, 21, 5, 22], [22, 9, 1, 10], [2, 11, 3, 12]]"
11a_221_37,"[[2, 11, 3, 12], [10, 1, 11, 2], [12, 3, 13, 4], [20, 16, 21, 15], [14, 20, 15, 19], [8, 6, 9, 5], [18, 14, 19, 13], [16, 7, 17, 8], [6, 17, 7, 18], [4, 21, 5, 22], [22, 9, 1, 10]]"
11a_221_38,"[[22, 9, 1, 10], [2, 11, 3, 12], [10, 1, 11, 2], [12, 3, 13, 4], [20, 16, 21, 15], [14, 20, 15, 19], [8, 6, 9, 5], [18, 14, 19, 13], [16, 7, 17, 8], [6, 17, 7, 18], [4, 21, 5, 22]]"
11a_221_39,"[[4, 21, 5, 22], [22, 9, 1, 10], [2, 11, 3, 12], [10, 1, 11, 2], [12, 3, 13, 4], [20, 16, 21, 15], [14, 20, 15, 19], [8, 6, 9, 5], [18, 14, 19, 13], [16, 7, 17, 8], [6, 17, 7, 18]]"
11a_221_40,"[[6, 17, 7, 18], [4, 21, 5, 22], [22, 9, 1, 10], [2, 11, 3, 12], [10, 1, 11, 2], [12, 3, 13, 4], [20, 16, 21, 15], [14, 20, 15, 19], [8, 6, 9, 5], [18, 14, 19, 13], [16, 7, 17, 8]]"
11a_221_41,"[[16, 7, 17, 8], [6, 17, 7, 18], [4, 21, 5, 22], [22, 9, 1, 10], [2, 11, 3, 12], [10, 1, 11, 2], [12, 3, 13, 4], [20, 16, 21, 15], [14, 20, 15, 19], [8, 6, 9, 5], [18, 14, 19, 13]]"
11a_221_42,"[[18, 14, 19, 13], [16, 7, 17, 8], [6, 17, 7, 18], [4, 21, 5, 22], [22, 9, 1, 10], [2, 11, 3, 12], [10, 1, 11, 2], [12, 3, 13, 4], [20, 16, 21, 15], [14, 20, 15, 19], [8, 6, 9, 5]]"
11a_221_43,"[[8, 6, 9, 5], [18, 14, 19, 13], [16, 7, 17, 8], [6, 17, 7, 18], [4, 21, 5, 22], [22, 9, 1, 10], [2, 11, 3, 12], [10, 1, 11, 2], [12, 3, 13, 4], [20, 16, 21, 15], [14, 20, 15, 19]]"
11a_221_44,"[[15, 21, 16, 20], [9, 7, 10, 6], [19, 15, 20, 14], [17, 8, 18, 9], [7, 18, 8, 19], [5, 22, 6, 1], [1, 10, 2, 11], [3, 12, 4, 13], [11, 2, 12, 3], [13, 4, 14, 5], [21, 17, 22, 16]]"
11a_221_45,"[[21, 17, 22, 16], [15, 21, 16, 20], [9, 7, 10, 6], [19, 15, 20, 14], [17, 8, 18, 9], [7, 18, 8, 19], [5, 22, 6, 1], [1, 10, 2, 11], [3, 12, 4, 13], [11, 2, 12, 3], [13, 4, 14, 5]]"
11a_221_46,"[[13, 4, 14, 5], [21, 17, 22, 16], [15, 21, 16, 20], [9, 7, 10, 6], [19, 15, 20, 14], [17, 8, 18, 9], [7, 18, 8, 19], [5, 22, 6, 1], [1, 10, 2, 11], [3, 12, 4, 13], [11, 2, 12, 3]]"
11a_221_47,"[[11, 2, 12, 3], [13, 4, 14, 5], [21, 17, 22, 16], [15, 21, 16, 20], [9, 7, 10, 6], [19, 15, 20, 14], [17, 8, 18, 9], [7, 18, 8, 19], [5, 22, 6, 1], [1, 10, 2, 11], [3, 12, 4, 13]]"
11a_221_48,"[[3, 12, 4, 13], [11, 2, 12, 3], [13, 4, 14, 5], [21, 17, 22, 16], [15, 21, 16, 20], [9, 7, 10, 6], [19, 15, 20, 14], [17, 8, 18, 9], [7, 18, 8, 19], [5, 22, 6, 1], [1, 10, 2, 11]]"
11a_221_49,"[[1, 10, 2, 11], [3, 12, 4, 13], [11, 2, 12, 3], [13, 4, 14, 5], [21, 17, 22, 16], [15, 21, 16, 20], [9, 7, 10, 6], [19, 15, 20, 14], [17, 8, 18, 9], [7, 18, 8, 19], [5, 22, 6, 1]]"
11a_221_50,"[[5, 22, 6, 1], [1, 10, 2, 11], [3, 12, 4, 13], [11, 2, 12, 3], [13, 4, 14, 5], [21, 17, 22, 16], [15, 21, 16, 20], [9, 7, 10, 6], [19, 15, 20, 14], [17, 8, 18, 9], [7, 18, 8, 19]]"
11a_221_51,"[[7, 18, 8, 19], [5, 22, 6, 1], [1, 10, 2, 11], [3, 12, 4, 13], [11, 2, 12, 3], [13, 4, 14, 5], [21, 17, 22, 16], [15, 21, 16, 20], [9, 7, 10, 6], [19, 15, 20, 14], [17, 8, 18, 9]]"
11a_221_52,"[[17, 8, 18, 9], [7, 18, 8, 19], [5, 22, 6, 1], [1, 10, 2, 11], [3, 12, 4, 13], [11, 2, 12, 3], [13, 4, 14, 5], [21, 17, 22, 16], [15, 21, 16, 20], [9, 7, 10, 6], [19, 15, 20, 14]]"
11a_221_53,"[[19, 15, 20, 14], [17, 8, 18, 9], [7, 18, 8, 19], [5, 22, 6, 1], [1, 10, 2, 11], [3, 12, 4, 13], [11, 2, 12, 3], [13, 4, 14, 5], [21, 17, 22, 16], [15, 21, 16, 20], [9, 7, 10, 6]]"
11a_221_54,"[[9, 7, 10, 6], [19, 15, 20, 14], [17, 8, 18, 9], [7, 18, 8, 19], [5, 22, 6, 1], [1, 10, 2, 11], [3, 12, 4, 13], [11, 2, 12, 3], [13, 4, 14, 5], [21, 17, 22, 16], [15, 21, 16, 20]]"
11a_221_55,"[[16, 22, 17, 21], [10, 8, 11, 7], [20, 16, 21, 15], [18, 9, 19, 10], [8, 19, 9, 20], [6, 1, 7, 2], [2, 11, 3, 12], [4, 13, 5, 14], [12, 3, 13, 4], [14, 5, 15, 6], [22, 18, 1, 17]]"
11a_221_56,"[[22, 18, 1, 17], [16, 22, 17, 21], [10, 8, 11, 7], [20, 16, 21, 15], [18, 9, 19, 10], [8, 19, 9, 20], [6, 1, 7, 2], [2, 11, 3, 12], [4, 13, 5, 14], [12, 3, 13, 4], [14, 5, 15, 6]]"
11a_221_57,"[[14, 5, 15, 6], [22, 18, 1, 17], [16, 22, 17, 21], [10, 8, 11, 7], [20, 16, 21, 15], [18, 9, 19, 10], [8, 19, 9, 20], [6, 1, 7, 2], [2, 11, 3, 12], [4, 13, 5, 14], [12, 3, 13, 4]]"
11a_221_58,"[[12, 3, 13, 4], [14, 5, 15, 6], [22, 18, 1, 17], [16, 22, 17, 21], [10, 8, 11, 7], [20, 16, 21, 15], [18, 9, 19, 10], [8, 19, 9, 20], [6, 1, 7, 2], [2, 11, 3, 12], [4, 13, 5, 14]]"
11a_221_59,"[[4, 13, 5, 14], [12, 3, 13, 4], [14, 5, 15, 6], [22, 18, 1, 17], [16, 22, 17, 21], [10, 8, 11, 7], [20, 16, 21, 15], [18, 9, 19, 10], [8, 19, 9, 20], [6, 1, 7, 2], [2, 11, 3, 12]]"
11a_221_60,"[[2, 11, 3, 12], [4, 13, 5, 14], [12, 3, 13, 4], [14, 5, 15, 6], [22, 18, 1, 17], [16, 22, 17, 21], [10, 8, 11, 7], [20, 16, 21, 15], [18, 9, 19, 10], [8, 19, 9, 20], [6, 1, 7, 2]]"
11a_221_61,"[[6, 1, 7, 2], [2, 11, 3, 12], [4, 13, 5, 14], [12, 3, 13, 4], [14, 5, 15, 6], [22, 18, 1, 17], [16, 22, 17, 21], [10, 8, 11, 7], [20, 16, 21, 15], [18, 9, 19, 10], [8, 19, 9, 20]]"
11a_221_62,"[[8, 19, 9, 20], [6, 1, 7, 2], [2, 11, 3, 12], [4, 13, 5, 14], [12, 3, 13, 4], [14, 5, 15, 6], [22, 18, 1, 17], [16, 22, 17, 21], [10, 8, 11, 7], [20, 16, 21, 15], [18, 9, 19, 10]]"
11a_221_63,"[[18, 9, 19, 10], [8, 19, 9, 20], [6, 1, 7, 2], [2, 11, 3, 12], [4, 13, 5, 14], [12, 3, 13, 4], [14, 5, 15, 6], [22, 18, 1, 17], [16, 22, 17, 21], [10, 8, 11, 7], [20, 16, 21, 15]]"
11a_221_64,"[[20, 16, 21, 15], [18, 9, 19, 10], [8, 19, 9, 20], [6, 1, 7, 2], [2, 11, 3, 12], [4, 13, 5, 14], [12, 3, 13, 4], [14, 5, 15, 6], [22, 18, 1, 17], [16, 22, 17, 21], [10, 8, 11, 7]]"
11a_221_65,"[[10, 8, 11, 7], [20, 16, 21, 15], [18, 9, 19, 10], [8, 19, 9, 20], [6, 1, 7, 2], [2, 11, 3, 12], [4, 13, 5, 14], [12, 3, 13, 4], [14, 5, 15, 6], [22, 18, 1, 17], [16, 22, 17, 21]]"
11a_221_66,"[[17, 1, 18, 22], [11, 9, 12, 8], [21, 17, 22, 16], [19, 10, 20, 11], [9, 20, 10, 21], [7, 2, 8, 3], [3, 12, 4, 13], [5, 14, 6, 15], [13, 4, 14, 5], [15, 6, 16, 7], [1, 19, 2, 18]]"
11a_221_67,"[[1, 19, 2, 18], [17, 1, 18, 22], [11, 9, 12, 8], [21, 17, 22, 16], [19, 10, 20, 11], [9, 20, 10, 21], [7, 2, 8, 3], [3, 12, 4, 13], [5, 14, 6, 15], [13, 4, 14, 5], [15, 6, 16, 7]]"
11a_221_68,"[[15, 6, 16, 7], [1, 19, 2, 18], [17, 1, 18, 22], [11, 9, 12, 8], [21, 17, 22, 16], [19, 10, 20, 11], [9, 20, 10, 21], [7, 2, 8, 3], [3, 12, 4, 13], [5, 14, 6, 15], [13, 4, 14, 5]]"
11a_221_69,"[[13, 4, 14, 5], [15, 6, 16, 7], [1, 19, 2, 18], [17, 1, 18, 22], [11, 9, 12, 8], [21, 17, 22, 16], [19, 10, 20, 11], [9, 20, 10, 21], [7, 2, 8, 3], [3, 12, 4, 13], [5, 14, 6, 15]]"
11a_221_70,"[[5, 14, 6, 15], [13, 4, 14, 5], [15, 6, 16, 7], [1, 19, 2, 18], [17, 1, 18, 22], [11, 9, 12, 8], [21, 17, 22, 16], [19, 10, 20, 11], [9, 20, 10, 21], [7, 2, 8, 3], [3, 12, 4, 13]]"
11a_221_71,"[[3, 12, 4, 13], [5, 14, 6, 15], [13, 4, 14, 5], [15, 6, 16, 7], [1, 19, 2, 18], [17, 1, 18, 22], [11, 9, 12, 8], [21, 17, 22, 16], [19, 10, 20, 11], [9, 20, 10, 21], [7, 2, 8, 3]]"
11a_221_72,"[[7, 2, 8, 3], [3, 12, 4, 13], [5, 14, 6, 15], [13, 4, 14, 5], [15, 6, 16, 7], [1, 19, 2, 18], [17, 1, 18, 22], [11, 9, 12, 8], [21, 17, 22, 16], [19, 10, 20, 11], [9, 20, 10, 21]]"
11a_221_73,"[[9, 20, 10, 21], [7, 2, 8, 3], [3, 12, 4, 13], [5, 14, 6, 15], [13, 4, 14, 5], [15, 6, 16, 7], [1, 19, 2, 18], [17, 1, 18, 22], [11, 9, 12, 8], [21, 17, 22, 16], [19, 10, 20, 11]]"
11a_221_74,"[[19, 10, 20, 11], [9, 20, 10, 21], [7, 2, 8, 3], [3, 12, 4, 13], [5, 14, 6, 15], [13, 4, 14, 5], [15, 6, 16, 7], [1, 19, 2, 18], [17, 1, 18, 22], [11, 9, 12, 8], [21, 17, 22, 16]]"
11a_221_75,"[[21, 17, 22, 16], [19, 10, 20, 11], [9, 20, 10, 21], [7, 2, 8, 3], [3, 12, 4, 13], [5, 14, 6, 15], [13, 4, 14, 5], [15, 6, 16, 7], [1, 19, 2, 18], [17, 1, 18, 22], [11, 9, 12, 8]]"
11a_221_76,"[[11, 9, 12, 8], [21, 17, 22, 16], [19, 10, 20, 11], [9, 20, 10, 21], [7, 2, 8, 3], [3, 12, 4, 13], [5, 14, 6, 15], [13, 4, 14, 5], [15, 6, 16, 7], [1, 19, 2, 18], [17, 1, 18, 22]]"
11a_221_77,"[[18, 2, 19, 1], [12, 10, 13, 9], [22, 18, 1, 17], [20, 11, 21, 12], [10, 21, 11, 22], [8, 3, 9, 4], [4, 13, 5, 14], [6, 15, 7, 16], [14, 5, 15, 6], [16, 7, 17, 8], [2, 20, 3, 19]]"
11a_221_78,"[[2, 20, 3, 19], [18, 2, 19, 1], [12, 10, 13, 9], [22, 18, 1, 17], [20, 11, 21, 12], [10, 21, 11, 22], [8, 3, 9, 4], [4, 13, 5, 14], [6, 15, 7, 16], [14, 5, 15, 6], [16, 7, 17, 8]]"
11a_221_79,"[[16, 7, 17, 8], [2, 20, 3, 19], [18, 2, 19, 1], [12, 10, 13, 9], [22, 18, 1, 17], [20, 11, 21, 12], [10, 21, 11, 22], [8, 3, 9, 4], [4, 13, 5, 14], [6, 15, 7, 16], [14, 5, 15, 6]]"
11a_221_80,"[[14, 5, 15, 6], [16, 7, 17, 8], [2, 20, 3, 19], [18, 2, 19, 1], [12, 10, 13, 9], [22, 18, 1, 17], [20, 11, 21, 12], [10, 21, 11, 22], [8, 3, 9, 4], [4, 13, 5, 14], [6, 15, 7, 16]]"
11a_221_81,"[[6, 15, 7, 16], [14, 5, 15, 6], [16, 7, 17, 8], [2, 20, 3, 19], [18, 2, 19, 1], [12, 10, 13, 9], [22, 18, 1, 17], [20, 11, 21, 12], [10, 21, 11, 22], [8, 3, 9, 4], [4, 13, 5, 14]]"
11a_221_82,"[[4, 13, 5, 14], [6, 15, 7, 16], [14, 5, 15, 6], [16, 7, 17, 8], [2, 20, 3, 19], [18, 2, 19, 1], [12, 10, 13, 9], [22, 18, 1, 17], [20, 11, 21, 12], [10, 21, 11, 22], [8, 3, 9, 4]]"
11a_221_83,"[[8, 3, 9, 4], [4, 13, 5, 14], [6, 15, 7, 16], [14, 5, 15, 6], [16, 7, 17, 8], [2, 20, 3, 19], [18, 2, 19, 1], [12, 10, 13, 9], [22, 18, 1, 17], [20, 11, 21, 12], [10, 21, 11, 22]]"
11a_221_84,"[[10, 21, 11, 22], [8, 3, 9, 4], [4, 13, 5, 14], [6, 15, 7, 16], [14, 5, 15, 6], [16, 7, 17, 8], [2, 20, 3, 19], [18, 2, 19, 1], [12, 10, 13, 9], [22, 18, 1, 17], [20, 11, 21, 12]]"
11a_221_85,"[[20, 11, 21, 12], [10, 21, 11, 22], [8, 3, 9, 4], [4, 13, 5, 14], [6, 15, 7, 16], [14, 5, 15, 6], [16, 7, 17, 8], [2, 20, 3, 19], [18, 2, 19, 1], [12, 10, 13, 9], [22, 18, 1, 17]]"
11a_221_86,"[[22, 18, 1, 17], [20, 11, 21, 12], [10, 21, 11, 22], [8, 3, 9, 4], [4, 13, 5, 14], [6, 15, 7, 16], [14, 5, 15, 6], [16, 7, 17, 8], [2, 20, 3, 19], [18, 2, 19, 1], [12, 10, 13, 9]]"
11a_221_87,"[[12, 10, 13, 9], [22, 18, 1, 17], [20, 11, 21, 12], [10, 21, 11, 22], [8, 3, 9, 4], [4, 13, 5, 14], [6, 15, 7, 16], [14, 5, 15, 6], [16, 7, 17, 8], [2, 20, 3, 19], [18, 2, 19, 1]]"
11a_221_88,"[[19, 3, 20, 2], [13, 11, 14, 10], [1, 19, 2, 18], [21, 12, 22, 13], [11, 22, 12, 1], [9, 4, 10, 5], [5, 14, 6, 15], [7, 16, 8, 17], [15, 6, 16, 7], [17, 8, 18, 9], [3, 21, 4, 20]]"
11a_221_89,"[[3, 21, 4, 20], [19, 3, 20, 2], [13, 11, 14, 10], [1, 19, 2, 18], [21, 12, 22, 13], [11, 22, 12, 1], [9, 4, 10, 5], [5, 14, 6, 15], [7, 16, 8, 17], [15, 6, 16, 7], [17, 8, 18, 9]]"
11a_221_90,"[[17, 8, 18, 9], [3, 21, 4, 20], [19, 3, 20, 2], [13, 11, 14, 10], [1, 19, 2, 18], [21, 12, 22, 13], [11, 22, 12, 1], [9, 4, 10, 5], [5, 14, 6, 15], [7, 16, 8, 17], [15, 6, 16, 7]]"
11a_221_91,"[[15, 6, 16, 7], [17, 8, 18, 9], [3, 21, 4, 20], [19, 3, 20, 2], [13, 11, 14, 10], [1, 19, 2, 18], [21, 12, 22, 13], [11, 22, 12, 1], [9, 4, 10, 5], [5, 14, 6, 15], [7, 16, 8, 17]]"
11a_221_92,"[[7, 16, 8, 17], [15, 6, 16, 7], [17, 8, 18, 9], [3, 21, 4, 20], [19, 3, 20, 2], [13, 11, 14, 10], [1, 19, 2, 18], [21, 12, 22, 13], [11, 22, 12, 1], [9, 4, 10, 5], [5, 14, 6, 15]]"
11a_221_93,"[[5, 14, 6, 15], [7, 16, 8, 17], [15, 6, 16, 7], [17, 8, 18, 9], [3, 21, 4, 20], [19, 3, 20, 2], [13, 11, 14, 10], [1, 19, 2, 18], [21, 12, 22, 13], [11, 22, 12, 1], [9, 4, 10, 5]]"
11a_221_94,"[[9, 4, 10, 5], [5, 14, 6, 15], [7, 16, 8, 17], [15, 6, 16, 7], [17, 8, 18, 9], [3, 21, 4, 20], [19, 3, 20, 2], [13, 11, 14, 10], [1, 19, 2, 18], [21, 12, 22, 13], [11, 22, 12, 1]]"
11a_221_95,"[[11, 22, 12, 1], [9, 4, 10, 5], [5, 14, 6, 15], [7, 16, 8, 17], [15, 6, 16, 7], [17, 8, 18, 9], [3, 21, 4, 20], [19, 3, 20, 2], [13, 11, 14, 10], [1, 19, 2, 18], [21, 12, 22, 13]]"
11a_221_96,"[[21, 12, 22, 13], [11, 22, 12, 1], [9, 4, 10, 5], [5, 14, 6, 15], [7, 16, 8, 17], [15, 6, 16, 7], [17, 8, 18, 9], [3, 21, 4, 20], [19, 3, 20, 2], [13, 11, 14, 10], [1, 19, 2, 18]]"
11a_221_97,"[[1, 19, 2, 18], [21, 12, 22, 13], [11, 22, 12, 1], [9, 4, 10, 5], [5, 14, 6, 15], [7, 16, 8, 17], [15, 6, 16, 7], [17, 8, 18, 9], [3, 21, 4, 20], [19, 3, 20, 2], [13, 11, 14, 10]]"
11a_221_98,"[[13, 11, 14, 10], [1, 19, 2, 18], [21, 12, 22, 13], [11, 22, 12, 1], [9, 4, 10, 5], [5, 14, 6, 15], [7, 16, 8, 17], [15, 6, 16, 7], [17, 8, 18, 9], [3, 21, 4, 20], [19, 3, 20, 2]]"
11a_221_99,"[[20, 4, 21, 3], [14, 12, 15, 11], [2, 20, 3, 19], [22, 13, 1, 14], [12, 1, 13, 2], [10, 5, 11, 6], [6, 15, 7, 16], [8, 17, 9, 18], [16, 7, 17, 8], [18, 9, 19, 10], [4, 22, 5, 21]]"
11a_221_100,"[[4, 22, 5, 21], [20, 4, 21, 3], [14, 12, 15, 11], [2, 20, 3, 19], [22, 13, 1, 14], [12, 1, 13, 2], [10, 5, 11, 6], [6, 15, 7, 16], [8, 17, 9, 18], [16, 7, 17, 8], [18, 9, 19, 10]]"
11a_221_101,"[[18, 9, 19, 10], [4, 22, 5, 21], [20, 4, 21, 3], [14, 12, 15, 11], [2, 20, 3, 19], [22, 13, 1, 14], [12, 1, 13, 2], [10, 5, 11, 6], [6, 15, 7, 16], [8, 17, 9, 18], [16, 7, 17, 8]]"
11a_221_102,"[[16, 7, 17, 8], [18, 9, 19, 10], [4, 22, 5, 21], [20, 4, 21, 3], [14, 12, 15, 11], [2, 20, 3, 19], [22, 13, 1, 14], [12, 1, 13, 2], [10, 5, 11, 6], [6, 15, 7, 16], [8, 17, 9, 18]]"
11a_221_103,"[[8, 17, 9, 18], [16, 7, 17, 8], [18, 9, 19, 10], [4, 22, 5, 21], [20, 4, 21, 3], [14, 12, 15, 11], [2, 20, 3, 19], [22, 13, 1, 14], [12, 1, 13, 2], [10, 5, 11, 6], [6, 15, 7, 16]]"
11a_221_104,"[[6, 15, 7, 16], [8, 17, 9, 18], [16, 7, 17, 8], [18, 9, 19, 10], [4, 22, 5, 21], [20, 4, 21, 3], [14, 12, 15, 11], [2, 20, 3, 19], [22, 13, 1, 14], [12, 1, 13, 2], [10, 5, 11, 6]]"
11a_221_105,"[[10, 5, 11, 6], [6, 15, 7, 16], [8, 17, 9, 18], [16, 7, 17, 8], [18, 9, 19, 10], [4, 22, 5, 21], [20, 4, 21, 3], [14, 12, 15, 11], [2, 20, 3, 19], [22, 13, 1, 14], [12, 1, 13, 2]]"
11a_221_106,"[[12, 1, 13, 2], [10, 5, 11, 6], [6, 15, 7, 16], [8, 17, 9, 18], [16, 7, 17, 8], [18, 9, 19, 10], [4, 22, 5, 21], [20, 4, 21, 3], [14, 12, 15, 11], [2, 20, 3, 19], [22, 13, 1, 14]]"
11a_221_107,"[[22, 13, 1, 14], [12, 1, 13, 2], [10, 5, 11, 6], [6, 15, 7, 16], [8, 17, 9, 18], [16, 7, 17, 8], [18, 9, 19, 10], [4, 22, 5, 21], [20, 4, 21, 3], [14, 12, 15, 11], [2, 20, 3, 19]]"
11a_221_108,"[[2, 20, 3, 19], [22, 13, 1, 14], [12, 1, 13, 2], [10, 5, 11, 6], [6, 15, 7, 16], [8, 17, 9, 18], [16, 7, 17, 8], [18, 9, 19, 10], [4, 22, 5, 21], [20, 4, 21, 3], [14, 12, 15, 11]]"
11a_221_109,"[[14, 12, 15, 11], [2, 20, 3, 19], [22, 13, 1, 14], [12, 1, 13, 2], [10, 5, 11, 6], [6, 15, 7, 16], [8, 17, 9, 18], [16, 7, 17, 8], [18, 9, 19, 10], [4, 22, 5, 21], [20, 4, 21, 3]]"
11a_221_110,"[[21, 5, 22, 4], [15, 13, 16, 12], [3, 21, 4, 20], [1, 14, 2, 15], [13, 2, 14, 3], [11, 6, 12, 7], [7, 16, 8, 17], [9, 18, 10, 19], [17, 8, 18, 9], [19, 10, 20, 11], [5, 1, 6, 22]]"
11a_221_111,"[[5, 1, 6, 22], [21, 5, 22, 4], [15, 13, 16, 12], [3, 21, 4, 20], [1, 14, 2, 15], [13, 2, 14, 3], [11, 6, 12, 7], [7, 16, 8, 17], [9, 18, 10, 19], [17, 8, 18, 9], [19, 10, 20, 11]]"
11a_221_112,"[[19, 10, 20, 11], [5, 1, 6, 22], [21, 5, 22, 4], [15, 13, 16, 12], [3, 21, 4, 20], [1, 14, 2, 15], [13, 2, 14, 3], [11, 6, 12, 7], [7, 16, 8, 17], [9, 18, 10, 19], [17, 8, 18, 9]]"
11a_221_113,"[[17, 8, 18, 9], [19, 10, 20, 11], [5, 1, 6, 22], [21, 5, 22, 4], [15, 13, 16, 12], [3, 21, 4, 20], [1, 14, 2, 15], [13, 2, 14, 3], [11, 6, 12, 7], [7, 16, 8, 17], [9, 18, 10, 19]]"
11a_221_114,"[[9, 18, 10, 19], [17, 8, 18, 9], [19, 10, 20, 11], [5, 1, 6, 22], [21, 5, 22, 4], [15, 13, 16, 12], [3, 21, 4, 20], [1, 14, 2, 15], [13, 2, 14, 3], [11, 6, 12, 7], [7, 16, 8, 17]]"
11a_221_115,"[[7, 16, 8, 17], [9, 18, 10, 19], [17, 8, 18, 9], [19, 10, 20, 11], [5, 1, 6, 22], [21, 5, 22, 4], [15, 13, 16, 12], [3, 21, 4, 20], [1, 14, 2, 15], [13, 2, 14, 3], [11, 6, 12, 7]]"
11a_221_116,"[[11, 6, 12, 7], [7, 16, 8, 17], [9, 18, 10, 19], [17, 8, 18, 9], [19, 10, 20, 11], [5, 1, 6, 22], [21, 5, 22, 4], [15, 13, 16, 12], [3, 21, 4, 20], [1, 14, 2, 15], [13, 2, 14, 3]]"
11a_221_117,"[[13, 2, 14, 3], [11, 6, 12, 7], [7, 16, 8, 17], [9, 18, 10, 19], [17, 8, 18, 9], [19, 10, 20, 11], [5, 1, 6, 22], [21, 5, 22, 4], [15, 13, 16, 12], [3, 21, 4, 20], [1, 14, 2, 15]]"
11a_221_118,"[[1, 14, 2, 15], [13, 2, 14, 3], [11, 6, 12, 7], [7, 16, 8, 17], [9, 18, 10, 19], [17, 8, 18, 9], [19, 10, 20, 11], [5, 1, 6, 22], [21, 5, 22, 4], [15, 13, 16, 12], [3, 21, 4, 20]]"
11a_221_119,"[[3, 21, 4, 20], [1, 14, 2, 15], [13, 2, 14, 3], [11, 6, 12, 7], [7, 16, 8, 17], [9, 18, 10, 19], [17, 8, 18, 9], [19, 10, 20, 11], [5, 1, 6, 22], [21, 5, 22, 4], [15, 13, 16, 12]]"
11a_221_120,"[[15, 13, 16, 12], [3, 21, 4, 20], [1, 14, 2, 15], [13, 2, 14, 3], [11, 6, 12, 7], [7, 16, 8, 17], [9, 18, 10, 19], [17, 8, 18, 9], [19, 10, 20, 11], [5, 1, 6, 22], [21, 5, 22, 4]]"
11a_221_121,"[[22, 6, 1, 5], [16, 14, 17, 13], [4, 22, 5, 21], [2, 15, 3, 16], [14, 3, 15, 4], [12, 7, 13, 8], [8, 17, 9, 18], [10, 19, 11, 20], [18, 9, 19, 10], [20, 11, 21, 12], [6, 2, 7, 1]]"
11a_221_122,"[[6, 2, 7, 1], [22, 6, 1, 5], [16, 14, 17, 13], [4, 22, 5, 21], [2, 15, 3, 16], [14, 3, 15, 4], [12, 7, 13, 8], [8, 17, 9, 18], [10, 19, 11, 20], [18, 9, 19, 10], [20, 11, 21, 12]]"
11a_221_123,"[[20, 11, 21, 12], [6, 2, 7, 1], [22, 6, 1, 5], [16, 14, 17, 13], [4, 22, 5, 21], [2, 15, 3, 16], [14, 3, 15, 4], [12, 7, 13, 8], [8, 17, 9, 18], [10, 19, 11, 20], [18, 9, 19, 10]]"
11a_221_124,"[[18, 9, 19, 10], [20, 11, 21, 12], [6, 2, 7, 1], [22, 6, 1, 5], [16, 14, 17, 13], [4, 22, 5, 21], [2, 15, 3, 16], [14, 3, 15, 4], [12, 7, 13, 8], [8, 17, 9, 18], [10, 19, 11, 20]]"
11a_221_125,"[[10, 19, 11, 20], [18, 9, 19, 10], [20, 11, 21, 12], [6, 2, 7, 1], [22, 6, 1, 5], [16, 14, 17, 13], [4, 22, 5, 21], [2, 15, 3, 16], [14, 3, 15, 4], [12, 7, 13, 8], [8, 17, 9, 18]]"
11a_221_126,"[[8, 17, 9, 18], [10, 19, 11, 20], [18, 9, 19, 10], [20, 11, 21, 12], [6, 2, 7, 1], [22, 6, 1, 5], [16, 14, 17, 13], [4, 22, 5, 21], [2, 15, 3, 16], [14, 3, 15, 4], [12, 7, 13, 8]]"
11a_221_127,"[[12, 7, 13, 8], [8, 17, 9, 18], [10, 19, 11, 20], [18, 9, 19, 10], [20, 11, 21, 12], [6, 2, 7, 1], [22, 6, 1, 5], [16, 14, 17, 13], [4, 22, 5, 21], [2, 15, 3, 16], [14, 3, 15, 4]]"
11a_221_128,"[[14, 3, 15, 4], [12, 7, 13, 8], [8, 17, 9, 18], [10, 19, 11, 20], [18, 9, 19, 10], [20, 11, 21, 12], [6, 2, 7, 1], [22, 6, 1, 5], [16, 14, 17, 13], [4, 22, 5, 21], [2, 15, 3, 16]]"
11a_221_129,"[[2, 15, 3, 16], [14, 3, 15, 4], [12, 7, 13, 8], [8, 17, 9, 18], [10, 19, 11, 20], [18, 9, 19, 10], [20, 11, 21, 12], [6, 2, 7, 1], [22, 6, 1, 5], [16, 14, 17, 13], [4, 22, 5, 21]]"
11a_221_130,"[[4, 22, 5, 21], [2, 15, 3, 16], [14, 3, 15, 4], [12, 7, 13, 8], [8, 17, 9, 18], [10, 19, 11, 20], [18, 9, 19, 10], [20, 11, 21, 12], [6, 2, 7, 1], [22, 6, 1, 5], [16, 14, 17, 13]]"
11a_221_131,"[[16, 14, 17, 13], [4, 22, 5, 21], [2, 15, 3, 16], [14, 3, 15, 4], [12, 7, 13, 8], [8, 17, 9, 18], [10, 19, 11, 20], [18, 9, 19, 10], [20, 11, 21, 12], [6, 2, 7, 1], [22, 6, 1, 5]]"
11a_221_132,"[[1, 7, 2, 6], [17, 15, 18, 14], [5, 1, 6, 22], [3, 16, 4, 17], [15, 4, 16, 5], [13, 8, 14, 9], [9, 18, 10, 19], [11, 20, 12, 21], [19, 10, 20, 11], [21, 12, 22, 13], [7, 3, 8, 2]]"
11a_221_133,"[[7, 3, 8, 2], [1, 7, 2, 6], [17, 15, 18, 14], [5, 1, 6, 22], [3, 16, 4, 17], [15, 4, 16, 5], [13, 8, 14, 9], [9, 18, 10, 19], [11, 20, 12, 21], [19, 10, 20, 11], [21, 12, 22, 13]]"
11a_221_134,"[[21, 12, 22, 13], [7, 3, 8, 2], [1, 7, 2, 6], [17, 15, 18, 14], [5, 1, 6, 22], [3, 16, 4, 17], [15, 4, 16, 5], [13, 8, 14, 9], [9, 18, 10, 19], [11, 20, 12, 21], [19, 10, 20, 11]]"
11a_221_135,"[[19, 10, 20, 11], [21, 12, 22, 13], [7, 3, 8, 2], [1, 7, 2, 6], [17, 15, 18, 14], [5, 1, 6, 22], [3, 16, 4, 17], [15, 4, 16, 5], [13, 8, 14, 9], [9, 18, 10, 19], [11, 20, 12, 21]]"
11a_221_136,"[[11, 20, 12, 21], [19, 10, 20, 11], [21, 12, 22, 13], [7, 3, 8, 2], [1, 7, 2, 6], [17, 15, 18, 14], [5, 1, 6, 22], [3, 16, 4, 17], [15, 4, 16, 5], [13, 8, 14, 9], [9, 18, 10, 19]]"
11a_221_137,"[[9, 18, 10, 19], [11, 20, 12, 21], [19, 10, 20, 11], [21, 12, 22, 13], [7, 3, 8, 2], [1, 7, 2, 6], [17, 15, 18, 14], [5, 1, 6, 22], [3, 16, 4, 17], [15, 4, 16, 5], [13, 8, 14, 9]]"
11a_221_138,"[[13, 8, 14, 9], [9, 18, 10, 19], [11, 20, 12, 21], [19, 10, 20, 11], [21, 12, 22, 13], [7, 3, 8, 2], [1, 7, 2, 6], [17, 15, 18, 14], [5, 1, 6, 22], [3, 16, 4, 17], [15, 4, 16, 5]]"
11a_221_139,"[[15, 4, 16, 5], [13, 8, 14, 9], [9, 18, 10, 19], [11, 20, 12, 21], [19, 10, 20, 11], [21, 12, 22, 13], [7, 3, 8, 2], [1, 7, 2, 6], [17, 15, 18, 14], [5, 1, 6, 22], [3, 16, 4, 17]]"
11a_221_140,"[[3, 16, 4, 17], [15, 4, 16, 5], [13, 8, 14, 9], [9, 18, 10, 19], [11, 20, 12, 21], [19, 10, 20, 11], [21, 12, 22, 13], [7, 3, 8, 2], [1, 7, 2, 6], [17, 15, 18, 14], [5, 1, 6, 22]]"
11a_221_141,"[[5, 1, 6, 22], [3, 16, 4, 17], [15, 4, 16, 5], [13, 8, 14, 9], [9, 18, 10, 19], [11, 20, 12, 21], [19, 10, 20, 11], [21, 12, 22, 13], [7, 3, 8, 2], [1, 7, 2, 6], [17, 15, 18, 14]]"
11a_221_142,"[[17, 15, 18, 14], [5, 1, 6, 22], [3, 16, 4, 17], [15, 4, 16, 5], [13, 8, 14, 9], [9, 18, 10, 19], [11, 20, 12, 21], [19, 10, 20, 11], [21, 12, 22, 13], [7, 3, 8, 2], [1, 7, 2, 6]]"
11a_221_143,"[[2, 8, 3, 7], [18, 16, 19, 15], [6, 2, 7, 1], [4, 17, 5, 18], [16, 5, 17, 6], [14, 9, 15, 10], [10, 19, 11, 20], [12, 21, 13, 22], [20, 11, 21, 12], [22, 13, 1, 14], [8, 4, 9, 3]]"
11a_221_144,"[[8, 4, 9, 3], [2, 8, 3, 7], [18, 16, 19, 15], [6, 2, 7, 1], [4, 17, 5, 18], [16, 5, 17, 6], [14, 9, 15, 10], [10, 19, 11, 20], [12, 21, 13, 22], [20, 11, 21, 12], [22, 13, 1, 14]]"
11a_221_145,"[[22, 13, 1, 14], [8, 4, 9, 3], [2, 8, 3, 7], [18, 16, 19, 15], [6, 2, 7, 1], [4, 17, 5, 18], [16, 5, 17, 6], [14, 9, 15, 10], [10, 19, 11, 20], [12, 21, 13, 22], [20, 11, 21, 12]]"
11a_221_146,"[[20, 11, 21, 12], [22, 13, 1, 14], [8, 4, 9, 3], [2, 8, 3, 7], [18, 16, 19, 15], [6, 2, 7, 1], [4, 17, 5, 18], [16, 5, 17, 6], [14, 9, 15, 10], [10, 19, 11, 20], [12, 21, 13, 22]]"
11a_221_147,"[[12, 21, 13, 22], [20, 11, 21, 12], [22, 13, 1, 14], [8, 4, 9, 3], [2, 8, 3, 7], [18, 16, 19, 15], [6, 2, 7, 1], [4, 17, 5, 18], [16, 5, 17, 6], [14, 9, 15, 10], [10, 19, 11, 20]]"
11a_221_148,"[[10, 19, 11, 20], [12, 21, 13, 22], [20, 11, 21, 12], [22, 13, 1, 14], [8, 4, 9, 3], [2, 8, 3, 7], [18, 16, 19, 15], [6, 2, 7, 1], [4, 17, 5, 18], [16, 5, 17, 6], [14, 9, 15, 10]]"
11a_221_149,"[[14, 9, 15, 10], [10, 19, 11, 20], [12, 21, 13, 22], [20, 11, 21, 12], [22, 13, 1, 14], [8, 4, 9, 3], [2, 8, 3, 7], [18, 16, 19, 15], [6, 2, 7, 1], [4, 17, 5, 18], [16, 5, 17, 6]]"
11a_221_150,"[[16, 5, 17, 6], [14, 9, 15, 10], [10, 19, 11, 20], [12, 21, 13, 22], [20, 11, 21, 12], [22, 13, 1, 14], [8, 4, 9, 3], [2, 8, 3, 7], [18, 16, 19, 15], [6, 2, 7, 1], [4, 17, 5, 18]]"
11a_221_151,"[[4, 17, 5, 18], [16, 5, 17, 6], [14, 9, 15, 10], [10, 19, 11, 20], [12, 21, 13, 22], [20, 11, 21, 12], [22, 13, 1, 14], [8, 4, 9, 3], [2, 8, 3, 7], [18, 16, 19, 15], [6, 2, 7, 1]]"
11a_221_152,"[[6, 2, 7, 1], [4, 17, 5, 18], [16, 5, 17, 6], [14, 9, 15, 10], [10, 19, 11, 20], [12, 21, 13, 22], [20, 11, 21, 12], [22, 13, 1, 14], [8, 4, 9, 3], [2, 8, 3, 7], [18, 16, 19, 15]]"
11a_221_153,"[[18, 16, 19, 15], [6, 2, 7, 1], [4, 17, 5, 18], [16, 5, 17, 6], [14, 9, 15, 10], [10, 19, 11, 20], [12, 21, 13, 22], [20, 11, 21, 12], [22, 13, 1, 14], [8, 4, 9, 3], [2, 8, 3, 7]]"
11a_221_154,"[[3, 9, 4, 8], [19, 17, 20, 16], [7, 3, 8, 2], [5, 18, 6, 19], [17, 6, 18, 7], [15, 10, 16, 11], [11, 20, 12, 21], [13, 22, 14, 1], [21, 12, 22, 13], [1, 14, 2, 15], [9, 5, 10, 4]]"
11a_221_155,"[[9, 5, 10, 4], [3, 9, 4, 8], [19, 17, 20, 16], [7, 3, 8, 2], [5, 18, 6, 19], [17, 6, 18, 7], [15, 10, 16, 11], [11, 20, 12, 21], [13, 22, 14, 1], [21, 12, 22, 13], [1, 14, 2, 15]]"
11a_221_156,"[[1, 14, 2, 15], [9, 5, 10, 4], [3, 9, 4, 8], [19, 17, 20, 16], [7, 3, 8, 2], [5, 18, 6, 19], [17, 6, 18, 7], [15, 10, 16, 11], [11, 20, 12, 21], [13, 22, 14, 1], [21, 12, 22, 13]]"
11a_221_157,"[[21, 12, 22, 13], [1, 14, 2, 15], [9, 5, 10, 4], [3, 9, 4, 8], [19, 17, 20, 16], [7, 3, 8, 2], [5, 18, 6, 19], [17, 6, 18, 7], [15, 10, 16, 11], [11, 20, 12, 21], [13, 22, 14, 1]]"
11a_221_158,"[[13, 22, 14, 1], [21, 12, 22, 13], [1, 14, 2, 15], [9, 5, 10, 4], [3, 9, 4, 8], [19, 17, 20, 16], [7, 3, 8, 2], [5, 18, 6, 19], [17, 6, 18, 7], [15, 10, 16, 11], [11, 20, 12, 21]]"
11a_221_159,"[[11, 20, 12, 21], [13, 22, 14, 1], [21, 12, 22, 13], [1, 14, 2, 15], [9, 5, 10, 4], [3, 9, 4, 8], [19, 17, 20, 16], [7, 3, 8, 2], [5, 18, 6, 19], [17, 6, 18, 7], [15, 10, 16, 11]]"
11a_221_160,"[[15, 10, 16, 11], [11, 20, 12, 21], [13, 22, 14, 1], [21, 12, 22, 13], [1, 14, 2, 15], [9, 5, 10, 4], [3, 9, 4, 8], [19, 17, 20, 16], [7, 3, 8, 2], [5, 18, 6, 19], [17, 6, 18, 7]]"
11a_221_161,"[[17, 6, 18, 7], [15, 10, 16, 11], [11, 20, 12, 21], [13, 22, 14, 1], [21, 12, 22, 13], [1, 14, 2, 15], [9, 5, 10, 4], [3, 9, 4, 8], [19, 17, 20, 16], [7, 3, 8, 2], [5, 18, 6, 19]]"
11a_221_162,"[[5, 18, 6, 19], [17, 6, 18, 7], [15, 10, 16, 11], [11, 20, 12, 21], [13, 22, 14, 1], [21, 12, 22, 13], [1, 14, 2, 15], [9, 5, 10, 4], [3, 9, 4, 8], [19, 17, 20, 16], [7, 3, 8, 2]]"
11a_221_163,"[[7, 3, 8, 2], [5, 18, 6, 19], [17, 6, 18, 7], [15, 10, 16, 11], [11, 20, 12, 21], [13, 22, 14, 1], [21, 12, 22, 13], [1, 14, 2, 15], [9, 5, 10, 4], [3, 9, 4, 8], [19, 17, 20, 16]]"
11a_221_164,"[[19, 17, 20, 16], [7, 3, 8, 2], [5, 18, 6, 19], [17, 6, 18, 7], [15, 10, 16, 11], [11, 20, 12, 21], [13, 22, 14, 1], [21, 12, 22, 13], [1, 14, 2, 15], [9, 5, 10, 4], [3, 9, 4, 8]]"
11a_221_165,"[[4, 10, 5, 9], [20, 18, 21, 17], [8, 4, 9, 3], [6, 19, 7, 20], [18, 7, 19, 8], [16, 11, 17, 12], [12, 21, 13, 22], [14, 1, 15, 2], [22, 13, 1, 14], [2, 15, 3, 16], [10, 6, 11, 5]]"
11a_221_166,"[[10, 6, 11, 5], [4, 10, 5, 9], [20, 18, 21, 17], [8, 4, 9, 3], [6, 19, 7, 20], [18, 7, 19, 8], [16, 11, 17, 12], [12, 21, 13, 22], [14, 1, 15, 2], [22, 13, 1, 14], [2, 15, 3, 16]]"
11a_221_167,"[[2, 15, 3, 16], [10, 6, 11, 5], [4, 10, 5, 9], [20, 18, 21, 17], [8, 4, 9, 3], [6, 19, 7, 20], [18, 7, 19, 8], [16, 11, 17, 12], [12, 21, 13, 22], [14, 1, 15, 2], [22, 13, 1, 14]]"
11a_221_168,"[[22, 13, 1, 14], [2, 15, 3, 16], [10, 6, 11, 5], [4, 10, 5, 9], [20, 18, 21, 17], [8, 4, 9, 3], [6, 19, 7, 20], [18, 7, 19, 8], [16, 11, 17, 12], [12, 21, 13, 22], [14, 1, 15, 2]]"
11a_221_169,"[[14, 1, 15, 2], [22, 13, 1, 14], [2, 15, 3, 16], [10, 6, 11, 5], [4, 10, 5, 9], [20, 18, 21, 17], [8, 4, 9, 3], [6, 19, 7, 20], [18, 7, 19, 8], [16, 11, 17, 12], [12, 21, 13, 22]]"
11a_221_170,"[[12, 21, 13, 22], [14, 1, 15, 2], [22, 13, 1, 14], [2, 15, 3, 16], [10, 6, 11, 5], [4, 10, 5, 9], [20, 18, 21, 17], [8, 4, 9, 3], [6, 19, 7, 20], [18, 7, 19, 8], [16, 11, 17, 12]]"
11a_221_171,"[[16, 11, 17, 12], [12, 21, 13, 22], [14, 1, 15, 2], [22, 13, 1, 14], [2, 15, 3, 16], [10, 6, 11, 5], [4, 10, 5, 9], [20, 18, 21, 17], [8, 4, 9, 3], [6, 19, 7, 20], [18, 7, 19, 8]]"
11a_221_172,"[[18, 7, 19, 8], [16, 11, 17, 12], [12, 21, 13, 22], [14, 1, 15, 2], [22, 13, 1, 14], [2, 15, 3, 16], [10, 6, 11, 5], [4, 10, 5, 9], [20, 18, 21, 17], [8, 4, 9, 3], [6, 19, 7, 20]]"
11a_221_173,"[[6, 19, 7, 20], [18, 7, 19, 8], [16, 11, 17, 12], [12, 21, 13, 22], [14, 1, 15, 2], [22, 13, 1, 14], [2, 15, 3, 16], [10, 6, 11, 5], [4, 10, 5, 9], [20, 18, 21, 17], [8, 4, 9, 3]]"
11a_221_174,"[[8, 4, 9, 3], [6, 19, 7, 20], [18, 7, 19, 8], [16, 11, 17, 12], [12, 21, 13, 22], [14, 1, 15, 2], [22, 13, 1, 14], [2, 15, 3, 16], [10, 6, 11, 5], [4, 10, 5, 9], [20, 18, 21, 17]]"
11a_221_175,"[[20, 18, 21, 17], [8, 4, 9, 3], [6, 19, 7, 20], [18, 7, 19, 8], [16, 11, 17, 12], [12, 21, 13, 22], [14, 1, 15, 2], [22, 13, 1, 14], [2, 15, 3, 16], [10, 6, 11, 5], [4, 10, 5, 9]]"
11a_221_176,"[[5, 11, 6, 10], [21, 19, 22, 18], [9, 5, 10, 4], [7, 20, 8, 21], [19, 8, 20, 9], [17, 12, 18, 13], [13, 22, 14, 1], [15, 2, 16, 3], [1, 14, 2, 15], [3, 16, 4, 17], [11, 7, 12, 6]]"
11a_221_177,"[[11, 7, 12, 6], [5, 11, 6, 10], [21, 19, 22, 18], [9, 5, 10, 4], [7, 20, 8, 21], [19, 8, 20, 9], [17, 12, 18, 13], [13, 22, 14, 1], [15, 2, 16, 3], [1, 14, 2, 15], [3, 16, 4, 17]]"
11a_221_178,"[[3, 16, 4, 17], [11, 7, 12, 6], [5, 11, 6, 10], [21, 19, 22, 18], [9, 5, 10, 4], [7, 20, 8, 21], [19, 8, 20, 9], [17, 12, 18, 13], [13, 22, 14, 1], [15, 2, 16, 3], [1, 14, 2, 15]]"
11a_221_179,"[[1, 14, 2, 15], [3, 16, 4, 17], [11, 7, 12, 6], [5, 11, 6, 10], [21, 19, 22, 18], [9, 5, 10, 4], [7, 20, 8, 21], [19, 8, 20, 9], [17, 12, 18, 13], [13, 22, 14, 1], [15, 2, 16, 3]]"
11a_221_180,"[[15, 2, 16, 3], [1, 14, 2, 15], [3, 16, 4, 17], [11, 7, 12, 6], [5, 11, 6, 10], [21, 19, 22, 18], [9, 5, 10, 4], [7, 20, 8, 21], [19, 8, 20, 9], [17, 12, 18, 13], [13, 22, 14, 1]]"
11a_221_181,"[[13, 22, 14, 1], [15, 2, 16, 3], [1, 14, 2, 15], [3, 16, 4, 17], [11, 7, 12, 6], [5, 11, 6, 10], [21, 19, 22, 18], [9, 5, 10, 4], [7, 20, 8, 21], [19, 8, 20, 9], [17, 12, 18, 13]]"
11a_221_182,"[[17, 12, 18, 13], [13, 22, 14, 1], [15, 2, 16, 3], [1, 14, 2, 15], [3, 16, 4, 17], [11, 7, 12, 6], [5, 11, 6, 10], [21, 19, 22, 18], [9, 5, 10, 4], [7, 20, 8, 21], [19, 8, 20, 9]]"
11a_221_183,"[[19, 8, 20, 9], [17, 12, 18, 13], [13, 22, 14, 1], [15, 2, 16, 3], [1, 14, 2, 15], [3, 16, 4, 17], [11, 7, 12, 6], [5, 11, 6, 10], [21, 19, 22, 18], [9, 5, 10, 4], [7, 20, 8, 21]]"
11a_221_184,"[[7, 20, 8, 21], [19, 8, 20, 9], [17, 12, 18, 13], [13, 22, 14, 1], [15, 2, 16, 3], [1, 14, 2, 15], [3, 16, 4, 17], [11, 7, 12, 6], [5, 11, 6, 10], [21, 19, 22, 18], [9, 5, 10, 4]]"
11a_221_185,"[[9, 5, 10, 4], [7, 20, 8, 21], [19, 8, 20, 9], [17, 12, 18, 13], [13, 22, 14, 1], [15, 2, 16, 3], [1, 14, 2, 15], [3, 16, 4, 17], [11, 7, 12, 6], [5, 11, 6, 10], [21, 19, 22, 18]]"
11a_221_186,"[[21, 19, 22, 18], [9, 5, 10, 4], [7, 20, 8, 21], [19, 8, 20, 9], [17, 12, 18, 13], [13, 22, 14, 1], [15, 2, 16, 3], [1, 14, 2, 15], [3, 16, 4, 17], [11, 7, 12, 6], [5, 11, 6, 10]]"
11a_221_187,"[[6, 12, 7, 11], [22, 20, 1, 19], [10, 6, 11, 5], [8, 21, 9, 22], [20, 9, 21, 10], [18, 13, 19, 14], [14, 1, 15, 2], [16, 3, 17, 4], [2, 15, 3, 16], [4, 17, 5, 18], [12, 8, 13, 7]]"
11a_221_188,"[[12, 8, 13, 7], [6, 12, 7, 11], [22, 20, 1, 19], [10, 6, 11, 5], [8, 21, 9, 22], [20, 9, 21, 10], [18, 13, 19, 14], [14, 1, 15, 2], [16, 3, 17, 4], [2, 15, 3, 16], [4, 17, 5, 18]]"
11a_221_189,"[[4, 17, 5, 18], [12, 8, 13, 7], [6, 12, 7, 11], [22, 20, 1, 19], [10, 6, 11, 5], [8, 21, 9, 22], [20, 9, 21, 10], [18, 13, 19, 14], [14, 1, 15, 2], [16, 3, 17, 4], [2, 15, 3, 16]]"
11a_221_190,"[[2, 15, 3, 16], [4, 17, 5, 18], [12, 8, 13, 7], [6, 12, 7, 11], [22, 20, 1, 19], [10, 6, 11, 5], [8, 21, 9, 22], [20, 9, 21, 10], [18, 13, 19, 14], [14, 1, 15, 2], [16, 3, 17, 4]]"
11a_221_191,"[[16, 3, 17, 4], [2, 15, 3, 16], [4, 17, 5, 18], [12, 8, 13, 7], [6, 12, 7, 11], [22, 20, 1, 19], [10, 6, 11, 5], [8, 21, 9, 22], [20, 9, 21, 10], [18, 13, 19, 14], [14, 1, 15, 2]]"
11a_221_192,"[[14, 1, 15, 2], [16, 3, 17, 4], [2, 15, 3, 16], [4, 17, 5, 18], [12, 8, 13, 7], [6, 12, 7, 11], [22, 20, 1, 19], [10, 6, 11, 5], [8, 21, 9, 22], [20, 9, 21, 10], [18, 13, 19, 14]]"
11a_221_193,"[[18, 13, 19, 14], [14, 1, 15, 2], [16, 3, 17, 4], [2, 15, 3, 16], [4, 17, 5, 18], [12, 8, 13, 7], [6, 12, 7, 11], [22, 20, 1, 19], [10, 6, 11, 5], [8, 21, 9, 22], [20, 9, 21, 10]]"
11a_221_194,"[[20, 9, 21, 10], [18, 13, 19, 14], [14, 1, 15, 2], [16, 3, 17, 4], [2, 15, 3, 16], [4, 17, 5, 18], [12, 8, 13, 7], [6, 12, 7, 11], [22, 20, 1, 19], [10, 6, 11, 5], [8, 21, 9, 22]]"
11a_221_195,"[[8, 21, 9, 22], [20, 9, 21, 10], [18, 13, 19, 14], [14, 1, 15, 2], [16, 3, 17, 4], [2, 15, 3, 16], [4, 17, 5, 18], [12, 8, 13, 7], [6, 12, 7, 11], [22, 20, 1, 19], [10, 6, 11, 5]]"
11a_221_196,"[[10, 6, 11, 5], [8, 21, 9, 22], [20, 9, 21, 10], [18, 13, 19, 14], [14, 1, 15, 2], [16, 3, 17, 4], [2, 15, 3, 16], [4, 17, 5, 18], [12, 8, 13, 7], [6, 12, 7, 11], [22, 20, 1, 19]]"
11a_221_197,"[[22, 20, 1, 19], [10, 6, 11, 5], [8, 21, 9, 22], [20, 9, 21, 10], [18, 13, 19, 14], [14, 1, 15, 2], [16, 3, 17, 4], [2, 15, 3, 16], [4, 17, 5, 18], [12, 8, 13, 7], [6, 12, 7, 11]]"
11a_221_198,"[[7, 13, 8, 12], [1, 21, 2, 20], [11, 7, 12, 6], [9, 22, 10, 1], [21, 10, 22, 11], [19, 14, 20, 15], [15, 2, 16, 3], [17, 4, 18, 5], [3, 16, 4, 17], [5, 18, 6, 19], [13, 9, 14, 8]]"
11a_221_199,"[[13, 9, 14, 8], [7, 13, 8, 12], [1, 21, 2, 20], [11, 7, 12, 6], [9, 22, 10, 1], [21, 10, 22, 11], [19, 14, 20, 15], [15, 2, 16, 3], [17, 4, 18, 5], [3, 16, 4, 17], [5, 18, 6, 19]]"
11a_221_200,"[[5, 18, 6, 19], [13, 9, 14, 8], [7, 13, 8, 12], [1, 21, 2, 20], [11, 7, 12, 6], [9, 22, 10, 1], [21, 10, 22, 11], [19, 14, 20, 15], [15, 2, 16, 3], [17, 4, 18, 5], [3, 16, 4, 17]]"
11a_221_201,"[[3, 16, 4, 17], [5, 18, 6, 19], [13, 9, 14, 8], [7, 13, 8, 12], [1, 21, 2, 20], [11, 7, 12, 6], [9, 22, 10, 1], [21, 10, 22, 11], [19, 14, 20, 15], [15, 2, 16, 3], [17, 4, 18, 5]]"
11a_221_202,"[[17, 4, 18, 5], [3, 16, 4, 17], [5, 18, 6, 19], [13, 9, 14, 8], [7, 13, 8, 12], [1, 21, 2, 20], [11, 7, 12, 6], [9, 22, 10, 1], [21, 10, 22, 11], [19, 14, 20, 15], [15, 2, 16, 3]]"
11a_221_203,"[[15, 2, 16, 3], [17, 4, 18, 5], [3, 16, 4, 17], [5, 18, 6, 19], [13, 9, 14, 8], [7, 13, 8, 12], [1, 21, 2, 20], [11, 7, 12, 6], [9, 22, 10, 1], [21, 10, 22, 11], [19, 14, 20, 15]]"
