name,pd_notation
11a_28_0,"[[15, 1, 16, 22], [5, 3, 6, 2], [21, 15, 22, 14], [9, 4, 10, 5], [3, 10, 4, 11], [17, 8, 18, 9], [1, 17, 2, 16], [11, 18, 12, 19], [13, 7, 14, 6], [19, 12, 20, 13], [7, 20, 8, 21]]"
11a_28_1,"[[7, 20, 8, 21], [15, 1, 16, 22], [5, 3, 6, 2], [21, 15, 22, 14], [9, 4, 10, 5], [3, 10, 4, 11], [17, 8, 18, 9], [1, 17, 2, 16], [11, 18, 12, 19], [13, 7, 14, 6], [19, 12, 20, 13]]"
11a_28_2,"[[19, 12, 20, 13], [7, 20, 8, 21], [15, 1, 16, 22], [5, 3, 6, 2], [21, 15, 22, 14], [9, 4, 10, 5], [3, 10, 4, 11], [17, 8, 18, 9], [1, 17, 2, 16], [11, 18, 12, 19], [13, 7, 14, 6]]"
11a_28_3,"[[13, 7, 14, 6], [19, 12, 20, 13], [7, 20, 8, 21], [15, 1, 16, 22], [5, 3, 6, 2], [21, 15, 22, 14], [9, 4, 10, 5], [3, 10, 4, 11], [17, 8, 18, 9], [1, 17, 2, 16], [11, 18, 12, 19]]"
11a_28_4,"[[11, 18, 12, 19], [13, 7, 14, 6], [19, 12, 20, 13], [7, 20, 8, 21], [15, 1, 16, 22], [5, 3, 6, 2], [21, 15, 22, 14], [9, 4, 10, 5], [3, 10, 4, 11], [17, 8, 18, 9], [1, 17, 2, 16]]"
11a_28_5,"[[1, 17, 2, 16], [11, 18, 12, 19], [13, 7, 14, 6], [19, 12, 20, 13], [7, 20, 8, 21], [15, 1, 16, 22], [5, 3, 6, 2], [21, 15, 22, 14], [9, 4, 10, 5], [3, 10, 4, 11], [17, 8, 18, 9]]"
11a_28_6,"[[17, 8, 18, 9], [1, 17, 2, 16], [11, 18, 12, 19], [13, 7, 14, 6], [19, 12, 20, 13], [7, 20, 8, 21], [15, 1, 16, 22], [5, 3, 6, 2], [21, 15, 22, 14], [9, 4, 10, 5], [3, 10, 4, 11]]"
11a_28_7,"[[3, 10, 4, 11], [17, 8, 18, 9], [1, 17, 2, 16], [11, 18, 12, 19], [13, 7, 14, 6], [19, 12, 20, 13], [7, 20, 8, 21], [15, 1, 16, 22], [5, 3, 6, 2], [21, 15, 22, 14], [9, 4, 10, 5]]"
11a_28_8,"[[9, 4, 10, 5], [3, 10, 4, 11], [17, 8, 18, 9], [1, 17, 2, 16], [11, 18, 12, 19], [13, 7, 14, 6], [19, 12, 20, 13], [7, 20, 8, 21], [15, 1, 16, 22], [5, 3, 6, 2], [21, 15, 22, 14]]"
11a_28_9,"[[21, 15, 22, 14], [9, 4, 10, 5], [3, 10, 4, 11], [17, 8, 18, 9], [1, 17, 2, 16], [11, 18, 12, 19], [13, 7, 14, 6], [19, 12, 20, 13], [7, 20, 8, 21], [15, 1, 16, 22], [5, 3, 6, 2]]"
11a_28_10,"[[5, 3, 6, 2], [21, 15, 22, 14], [9, 4, 10, 5], [3, 10, 4, 11], [17, 8, 18, 9], [1, 17, 2, 16], [11, 18, 12, 19], [13, 7, 14, 6], [19, 12, 20, 13], [7, 20, 8, 21], [15, 1, 16, 22]]"
11a_28_11,"[[16, 2, 17, 1], [6, 4, 7, 3], [22, 16, 1, 15], [10, 5, 11, 6], [4, 11, 5, 12], [18, 9, 19, 10], [2, 18, 3, 17], [12, 19, 13, 20], [14, 8, 15, 7], [20, 13, 21, 14], [8, 21, 9, 22]]"
11a_28_12,"[[8, 21, 9, 22], [16, 2, 17, 1], [6, 4, 7, 3], [22, 16, 1, 15], [10, 5, 11, 6], [4, 11, 5, 12], [18, 9, 19, 10], [2, 18, 3, 17], [12, 19, 13, 20], [14, 8, 15, 7], [20, 13, 21, 14]]"
11a_28_13,"[[20, 13, 21, 14], [8, 21, 9, 22], [16, 2, 17, 1], [6, 4, 7, 3], [22, 16, 1, 15], [10, 5, 11, 6], [4, 11, 5, 12], [18, 9, 19, 10], [2, 18, 3, 17], [12, 19, 13, 20], [14, 8, 15, 7]]"
11a_28_14,"[[14, 8, 15, 7], [20, 13, 21, 14], [8, 21, 9, 22], [16, 2, 17, 1], [6, 4, 7, 3], [22, 16, 1, 15], [10, 5, 11, 6], [4, 11, 5, 12], [18, 9, 19, 10], [2, 18, 3, 17], [12, 19, 13, 20]]"
11a_28_15,"[[12, 19, 13, 20], [14, 8, 15, 7], [20, 13, 21, 14], [8, 21, 9, 22], [16, 2, 17, 1], [6, 4, 7, 3], [22, 16, 1, 15], [10, 5, 11, 6], [4, 11, 5, 12], [18, 9, 19, 10], [2, 18, 3, 17]]"
11a_28_16,"[[2, 18, 3, 17], [12, 19, 13, 20], [14, 8, 15, 7], [20, 13, 21, 14], [8, 21, 9, 22], [16, 2, 17, 1], [6, 4, 7, 3], [22, 16, 1, 15], [10, 5, 11, 6], [4, 11, 5, 12], [18, 9, 19, 10]]"
11a_28_17,"[[18, 9, 19, 10], [2, 18, 3, 17], [12, 19, 13, 20], [14, 8, 15, 7], [20, 13, 21, 14], [8, 21, 9, 22], [16, 2, 17, 1], [6, 4, 7, 3], [22, 16, 1, 15], [10, 5, 11, 6], [4, 11, 5, 12]]"
11a_28_18,"[[4, 11, 5, 12], [18, 9, 19, 10], [2, 18, 3, 17], [12, 19, 13, 20], [14, 8, 15, 7], [20, 13, 21, 14], [8, 21, 9, 22], [16, 2, 17, 1], [6, 4, 7, 3], [22, 16, 1, 15], [10, 5, 11, 6]]"
11a_28_19,"[[10, 5, 11, 6], [4, 11, 5, 12], [18, 9, 19, 10], [2, 18, 3, 17], [12, 19, 13, 20], [14, 8, 15, 7], [20, 13, 21, 14], [8, 21, 9, 22], [16, 2, 17, 1], [6, 4, 7, 3], [22, 16, 1, 15]]"
11a_28_20,"[[22, 16, 1, 15], [10, 5, 11, 6], [4, 11, 5, 12], [18, 9, 19, 10], [2, 18, 3, 17], [12, 19, 13, 20], [14, 8, 15, 7], [20, 13, 21, 14], [8, 21, 9, 22], [16, 2, 17, 1], [6, 4, 7, 3]]"
11a_28_21,"[[6, 4, 7, 3], [22, 16, 1, 15], [10, 5, 11, 6], [4, 11, 5, 12], [18, 9, 19, 10], [2, 18, 3, 17], [12, 19, 13, 20], [14, 8, 15, 7], [20, 13, 21, 14], [8, 21, 9, 22], [16, 2, 17, 1]]"
11a_28_22,"[[17, 3, 18, 2], [7, 5, 8, 4], [1, 17, 2, 16], [11, 6, 12, 7], [5, 12, 6, 13], [19, 10, 20, 11], [3, 19, 4, 18], [13, 20, 14, 21], [15, 9, 16, 8], [21, 14, 22, 15], [9, 22, 10, 1]]"
11a_28_23,"[[9, 22, 10, 1], [17, 3, 18, 2], [7, 5, 8, 4], [1, 17, 2, 16], [11, 6, 12, 7], [5, 12, 6, 13], [19, 10, 20, 11], [3, 19, 4, 18], [13, 20, 14, 21], [15, 9, 16, 8], [21, 14, 22, 15]]"
11a_28_24,"[[21, 14, 22, 15], [9, 22, 10, 1], [17, 3, 18, 2], [7, 5, 8, 4], [1, 17, 2, 16], [11, 6, 12, 7], [5, 12, 6, 13], [19, 10, 20, 11], [3, 19, 4, 18], [13, 20, 14, 21], [15, 9, 16, 8]]"
11a_28_25,"[[15, 9, 16, 8], [21, 14, 22, 15], [9, 22, 10, 1], [17, 3, 18, 2], [7, 5, 8, 4], [1, 17, 2, 16], [11, 6, 12, 7], [5, 12, 6, 13], [19, 10, 20, 11], [3, 19, 4, 18], [13, 20, 14, 21]]"
11a_28_26,"[[13, 20, 14, 21], [15, 9, 16, 8], [21, 14, 22, 15], [9, 22, 10, 1], [17, 3, 18, 2], [7, 5, 8, 4], [1, 17, 2, 16], [11, 6, 12, 7], [5, 12, 6, 13], [19, 10, 20, 11], [3, 19, 4, 18]]"
11a_28_27,"[[3, 19, 4, 18], [13, 20, 14, 21], [15, 9, 16, 8], [21, 14, 22, 15], [9, 22, 10, 1], [17, 3, 18, 2], [7, 5, 8, 4], [1, 17, 2, 16], [11, 6, 12, 7], [5, 12, 6, 13], [19, 10, 20, 11]]"
11a_28_28,"[[19, 10, 20, 11], [3, 19, 4, 18], [13, 20, 14, 21], [15, 9, 16, 8], [21, 14, 22, 15], [9, 22, 10, 1], [17, 3, 18, 2], [7, 5, 8, 4], [1, 17, 2, 16], [11, 6, 12, 7], [5, 12, 6, 13]]"
11a_28_29,"[[5, 12, 6, 13], [19, 10, 20, 11], [3, 19, 4, 18], [13, 20, 14, 21], [15, 9, 16, 8], [21, 14, 22, 15], [9, 22, 10, 1], [17, 3, 18, 2], [7, 5, 8, 4], [1, 17, 2, 16], [11, 6, 12, 7]]"
11a_28_30,"[[11, 6, 12, 7], [5, 12, 6, 13], [19, 10, 20, 11], [3, 19, 4, 18], [13, 20, 14, 21], [15, 9, 16, 8], [21, 14, 22, 15], [9, 22, 10, 1], [17, 3, 18, 2], [7, 5, 8, 4], [1, 17, 2, 16]]"
11a_28_31,"[[1, 17, 2, 16], [11, 6, 12, 7], [5, 12, 6, 13], [19, 10, 20, 11], [3, 19, 4, 18], [13, 20, 14, 21], [15, 9, 16, 8], [21, 14, 22, 15], [9, 22, 10, 1], [17, 3, 18, 2], [7, 5, 8, 4]]"
11a_28_32,"[[7, 5, 8, 4], [1, 17, 2, 16], [11, 6, 12, 7], [5, 12, 6, 13], [19, 10, 20, 11], [3, 19, 4, 18], [13, 20, 14, 21], [15, 9, 16, 8], [21, 14, 22, 15], [9, 22, 10, 1], [17, 3, 18, 2]]"
11a_28_33,"[[18, 4, 19, 3], [8, 6, 9, 5], [2, 18, 3, 17], [12, 7, 13, 8], [6, 13, 7, 14], [20, 11, 21, 12], [4, 20, 5, 19], [14, 21, 15, 22], [16, 10, 17, 9], [22, 15, 1, 16], [10, 1, 11, 2]]"
11a_28_34,"[[10, 1, 11, 2], [18, 4, 19, 3], [8, 6, 9, 5], [2, 18, 3, 17], [12, 7, 13, 8], [6, 13, 7, 14], [20, 11, 21, 12], [4, 20, 5, 19], [14, 21, 15, 22], [16, 10, 17, 9], [22, 15, 1, 16]]"
11a_28_35,"[[22, 15, 1, 16], [10, 1, 11, 2], [18, 4, 19, 3], [8, 6, 9, 5], [2, 18, 3, 17], [12, 7, 13, 8], [6, 13, 7, 14], [20, 11, 21, 12], [4, 20, 5, 19], [14, 21, 15, 22], [16, 10, 17, 9]]"
11a_28_36,"[[16, 10, 17, 9], [22, 15, 1, 16], [10, 1, 11, 2], [18, 4, 19, 3], [8, 6, 9, 5], [2, 18, 3, 17], [12, 7, 13, 8], [6, 13, 7, 14], [20, 11, 21, 12], [4, 20, 5, 19], [14, 21, 15, 22]]"
11a_28_37,"[[14, 21, 15, 22], [16, 10, 17, 9], [22, 15, 1, 16], [10, 1, 11, 2], [18, 4, 19, 3], [8, 6, 9, 5], [2, 18, 3, 17], [12, 7, 13, 8], [6, 13, 7, 14], [20, 11, 21, 12], [4, 20, 5, 19]]"
11a_28_38,"[[4, 20, 5, 19], [14, 21, 15, 22], [16, 10, 17, 9], [22, 15, 1, 16], [10, 1, 11, 2], [18, 4, 19, 3], [8, 6, 9, 5], [2, 18, 3, 17], [12, 7, 13, 8], [6, 13, 7, 14], [20, 11, 21, 12]]"
11a_28_39,"[[20, 11, 21, 12], [4, 20, 5, 19], [14, 21, 15, 22], [16, 10, 17, 9], [22, 15, 1, 16], [10, 1, 11, 2], [18, 4, 19, 3], [8, 6, 9, 5], [2, 18, 3, 17], [12, 7, 13, 8], [6, 13, 7, 14]]"
11a_28_40,"[[6, 13, 7, 14], [20, 11, 21, 12], [4, 20, 5, 19], [14, 21, 15, 22], [16, 10, 17, 9], [22, 15, 1, 16], [10, 1, 11, 2], [18, 4, 19, 3], [8, 6, 9, 5], [2, 18, 3, 17], [12, 7, 13, 8]]"
11a_28_41,"[[12, 7, 13, 8], [6, 13, 7, 14], [20, 11, 21, 12], [4, 20, 5, 19], [14, 21, 15, 22], [16, 10, 17, 9], [22, 15, 1, 16], [10, 1, 11, 2], [18, 4, 19, 3], [8, 6, 9, 5], [2, 18, 3, 17]]"
11a_28_42,"[[2, 18, 3, 17], [12, 7, 13, 8], [6, 13, 7, 14], [20, 11, 21, 12], [4, 20, 5, 19], [14, 21, 15, 22], [16, 10, 17, 9], [22, 15, 1, 16], [10, 1, 11, 2], [18, 4, 19, 3], [8, 6, 9, 5]]"
11a_28_43,"[[8, 6, 9, 5], [2, 18, 3, 17], [12, 7, 13, 8], [6, 13, 7, 14], [20, 11, 21, 12], [4, 20, 5, 19], [14, 21, 15, 22], [16, 10, 17, 9], [22, 15, 1, 16], [10, 1, 11, 2], [18, 4, 19, 3]]"
11a_28_44,"[[19, 5, 20, 4], [9, 7, 10, 6], [3, 19, 4, 18], [13, 8, 14, 9], [7, 14, 8, 15], [21, 12, 22, 13], [5, 21, 6, 20], [15, 22, 16, 1], [17, 11, 18, 10], [1, 16, 2, 17], [11, 2, 12, 3]]"
11a_28_45,"[[11, 2, 12, 3], [19, 5, 20, 4], [9, 7, 10, 6], [3, 19, 4, 18], [13, 8, 14, 9], [7, 14, 8, 15], [21, 12, 22, 13], [5, 21, 6, 20], [15, 22, 16, 1], [17, 11, 18, 10], [1, 16, 2, 17]]"
11a_28_46,"[[1, 16, 2, 17], [11, 2, 12, 3], [19, 5, 20, 4], [9, 7, 10, 6], [3, 19, 4, 18], [13, 8, 14, 9], [7, 14, 8, 15], [21, 12, 22, 13], [5, 21, 6, 20], [15, 22, 16, 1], [17, 11, 18, 10]]"
11a_28_47,"[[17, 11, 18, 10], [1, 16, 2, 17], [11, 2, 12, 3], [19, 5, 20, 4], [9, 7, 10, 6], [3, 19, 4, 18], [13, 8, 14, 9], [7, 14, 8, 15], [21, 12, 22, 13], [5, 21, 6, 20], [15, 22, 16, 1]]"
11a_28_48,"[[15, 22, 16, 1], [17, 11, 18, 10], [1, 16, 2, 17], [11, 2, 12, 3], [19, 5, 20, 4], [9, 7, 10, 6], [3, 19, 4, 18], [13, 8, 14, 9], [7, 14, 8, 15], [21, 12, 22, 13], [5, 21, 6, 20]]"
11a_28_49,"[[5, 21, 6, 20], [15, 22, 16, 1], [17, 11, 18, 10], [1, 16, 2, 17], [11, 2, 12, 3], [19, 5, 20, 4], [9, 7, 10, 6], [3, 19, 4, 18], [13, 8, 14, 9], [7, 14, 8, 15], [21, 12, 22, 13]]"
11a_28_50,"[[21, 12, 22, 13], [5, 21, 6, 20], [15, 22, 16, 1], [17, 11, 18, 10], [1, 16, 2, 17], [11, 2, 12, 3], [19, 5, 20, 4], [9, 7, 10, 6], [3, 19, 4, 18], [13, 8, 14, 9], [7, 14, 8, 15]]"
11a_28_51,"[[7, 14, 8, 15], [21, 12, 22, 13], [5, 21, 6, 20], [15, 22, 16, 1], [17, 11, 18, 10], [1, 16, 2, 17], [11, 2, 12, 3], [19, 5, 20, 4], [9, 7, 10, 6], [3, 19, 4, 18], [13, 8, 14, 9]]"
11a_28_52,"[[13, 8, 14, 9], [7, 14, 8, 15], [21, 12, 22, 13], [5, 21, 6, 20], [15, 22, 16, 1], [17, 11, 18, 10], [1, 16, 2, 17], [11, 2, 12, 3], [19, 5, 20, 4], [9, 7, 10, 6], [3, 19, 4, 18]]"
11a_28_53,"[[3, 19, 4, 18], [13, 8, 14, 9], [7, 14, 8, 15], [21, 12, 22, 13], [5, 21, 6, 20], [15, 22, 16, 1], [17, 11, 18, 10], [1, 16, 2, 17], [11, 2, 12, 3], [19, 5, 20, 4], [9, 7, 10, 6]]"
11a_28_54,"[[9, 7, 10, 6], [3, 19, 4, 18], [13, 8, 14, 9], [7, 14, 8, 15], [21, 12, 22, 13], [5, 21, 6, 20], [15, 22, 16, 1], [17, 11, 18, 10], [1, 16, 2, 17], [11, 2, 12, 3], [19, 5, 20, 4]]"
11a_28_55,"[[20, 6, 21, 5], [10, 8, 11, 7], [4, 20, 5, 19], [14, 9, 15, 10], [8, 15, 9, 16], [22, 13, 1, 14], [6, 22, 7, 21], [16, 1, 17, 2], [18, 12, 19, 11], [2, 17, 3, 18], [12, 3, 13, 4]]"
11a_28_56,"[[12, 3, 13, 4], [20, 6, 21, 5], [10, 8, 11, 7], [4, 20, 5, 19], [14, 9, 15, 10], [8, 15, 9, 16], [22, 13, 1, 14], [6, 22, 7, 21], [16, 1, 17, 2], [18, 12, 19, 11], [2, 17, 3, 18]]"
11a_28_57,"[[2, 17, 3, 18], [12, 3, 13, 4], [20, 6, 21, 5], [10, 8, 11, 7], [4, 20, 5, 19], [14, 9, 15, 10], [8, 15, 9, 16], [22, 13, 1, 14], [6, 22, 7, 21], [16, 1, 17, 2], [18, 12, 19, 11]]"
11a_28_58,"[[18, 12, 19, 11], [2, 17, 3, 18], [12, 3, 13, 4], [20, 6, 21, 5], [10, 8, 11, 7], [4, 20, 5, 19], [14, 9, 15, 10], [8, 15, 9, 16], [22, 13, 1, 14], [6, 22, 7, 21], [16, 1, 17, 2]]"
11a_28_59,"[[16, 1, 17, 2], [18, 12, 19, 11], [2, 17, 3, 18], [12, 3, 13, 4], [20, 6, 21, 5], [10, 8, 11, 7], [4, 20, 5, 19], [14, 9, 15, 10], [8, 15, 9, 16], [22, 13, 1, 14], [6, 22, 7, 21]]"
11a_28_60,"[[6, 22, 7, 21], [16, 1, 17, 2], [18, 12, 19, 11], [2, 17, 3, 18], [12, 3, 13, 4], [20, 6, 21, 5], [10, 8, 11, 7], [4, 20, 5, 19], [14, 9, 15, 10], [8, 15, 9, 16], [22, 13, 1, 14]]"
11a_28_61,"[[22, 13, 1, 14], [6, 22, 7, 21], [16, 1, 17, 2], [18, 12, 19, 11], [2, 17, 3, 18], [12, 3, 13, 4], [20, 6, 21, 5], [10, 8, 11, 7], [4, 20, 5, 19], [14, 9, 15, 10], [8, 15, 9, 16]]"
11a_28_62,"[[8, 15, 9, 16], [22, 13, 1, 14], [6, 22, 7, 21], [16, 1, 17, 2], [18, 12, 19, 11], [2, 17, 3, 18], [12, 3, 13, 4], [20, 6, 21, 5], [10, 8, 11, 7], [4, 20, 5, 19], [14, 9, 15, 10]]"
11a_28_63,"[[14, 9, 15, 10], [8, 15, 9, 16], [22, 13, 1, 14], [6, 22, 7, 21], [16, 1, 17, 2], [18, 12, 19, 11], [2, 17, 3, 18], [12, 3, 13, 4], [20, 6, 21, 5], [10, 8, 11, 7], [4, 20, 5, 19]]"
11a_28_64,"[[4, 20, 5, 19], [14, 9, 15, 10], [8, 15, 9, 16], [22, 13, 1, 14], [6, 22, 7, 21], [16, 1, 17, 2], [18, 12, 19, 11], [2, 17, 3, 18], [12, 3, 13, 4], [20, 6, 21, 5], [10, 8, 11, 7]]"
11a_28_65,"[[10, 8, 11, 7], [4, 20, 5, 19], [14, 9, 15, 10], [8, 15, 9, 16], [22, 13, 1, 14], [6, 22, 7, 21], [16, 1, 17, 2], [18, 12, 19, 11], [2, 17, 3, 18], [12, 3, 13, 4], [20, 6, 21, 5]]"
11a_28_66,"[[21, 7, 22, 6], [11, 9, 12, 8], [5, 21, 6, 20], [15, 10, 16, 11], [9, 16, 10, 17], [1, 14, 2, 15], [7, 1, 8, 22], [17, 2, 18, 3], [19, 13, 20, 12], [3, 18, 4, 19], [13, 4, 14, 5]]"
11a_28_67,"[[13, 4, 14, 5], [21, 7, 22, 6], [11, 9, 12, 8], [5, 21, 6, 20], [15, 10, 16, 11], [9, 16, 10, 17], [1, 14, 2, 15], [7, 1, 8, 22], [17, 2, 18, 3], [19, 13, 20, 12], [3, 18, 4, 19]]"
11a_28_68,"[[3, 18, 4, 19], [13, 4, 14, 5], [21, 7, 22, 6], [11, 9, 12, 8], [5, 21, 6, 20], [15, 10, 16, 11], [9, 16, 10, 17], [1, 14, 2, 15], [7, 1, 8, 22], [17, 2, 18, 3], [19, 13, 20, 12]]"
11a_28_69,"[[19, 13, 20, 12], [3, 18, 4, 19], [13, 4, 14, 5], [21, 7, 22, 6], [11, 9, 12, 8], [5, 21, 6, 20], [15, 10, 16, 11], [9, 16, 10, 17], [1, 14, 2, 15], [7, 1, 8, 22], [17, 2, 18, 3]]"
11a_28_70,"[[17, 2, 18, 3], [19, 13, 20, 12], [3, 18, 4, 19], [13, 4, 14, 5], [21, 7, 22, 6], [11, 9, 12, 8], [5, 21, 6, 20], [15, 10, 16, 11], [9, 16, 10, 17], [1, 14, 2, 15], [7, 1, 8, 22]]"
11a_28_71,"[[7, 1, 8, 22], [17, 2, 18, 3], [19, 13, 20, 12], [3, 18, 4, 19], [13, 4, 14, 5], [21, 7, 22, 6], [11, 9, 12, 8], [5, 21, 6, 20], [15, 10, 16, 11], [9, 16, 10, 17], [1, 14, 2, 15]]"
11a_28_72,"[[1, 14, 2, 15], [7, 1, 8, 22], [17, 2, 18, 3], [19, 13, 20, 12], [3, 18, 4, 19], [13, 4, 14, 5], [21, 7, 22, 6], [11, 9, 12, 8], [5, 21, 6, 20], [15, 10, 16, 11], [9, 16, 10, 17]]"
11a_28_73,"[[9, 16, 10, 17], [1, 14, 2, 15], [7, 1, 8, 22], [17, 2, 18, 3], [19, 13, 20, 12], [3, 18, 4, 19], [13, 4, 14, 5], [21, 7, 22, 6], [11, 9, 12, 8], [5, 21, 6, 20], [15, 10, 16, 11]]"
11a_28_74,"[[15, 10, 16, 11], [9, 16, 10, 17], [1, 14, 2, 15], [7, 1, 8, 22], [17, 2, 18, 3], [19, 13, 20, 12], [3, 18, 4, 19], [13, 4, 14, 5], [21, 7, 22, 6], [11, 9, 12, 8], [5, 21, 6, 20]]"
11a_28_75,"[[5, 21, 6, 20], [15, 10, 16, 11], [9, 16, 10, 17], [1, 14, 2, 15], [7, 1, 8, 22], [17, 2, 18, 3], [19, 13, 20, 12], [3, 18, 4, 19], [13, 4, 14, 5], [21, 7, 22, 6], [11, 9, 12, 8]]"
11a_28_76,"[[11, 9, 12, 8], [5, 21, 6, 20], [15, 10, 16, 11], [9, 16, 10, 17], [1, 14, 2, 15], [7, 1, 8, 22], [17, 2, 18, 3], [19, 13, 20, 12], [3, 18, 4, 19], [13, 4, 14, 5], [21, 7, 22, 6]]"
11a_28_77,"[[22, 8, 1, 7], [12, 10, 13, 9], [6, 22, 7, 21], [16, 11, 17, 12], [10, 17, 11, 18], [2, 15, 3, 16], [8, 2, 9, 1], [18, 3, 19, 4], [20, 14, 21, 13], [4, 19, 5, 20], [14, 5, 15, 6]]"
11a_28_78,"[[14, 5, 15, 6], [22, 8, 1, 7], [12, 10, 13, 9], [6, 22, 7, 21], [16, 11, 17, 12], [10, 17, 11, 18], [2, 15, 3, 16], [8, 2, 9, 1], [18, 3, 19, 4], [20, 14, 21, 13], [4, 19, 5, 20]]"
11a_28_79,"[[4, 19, 5, 20], [14, 5, 15, 6], [22, 8, 1, 7], [12, 10, 13, 9], [6, 22, 7, 21], [16, 11, 17, 12], [10, 17, 11, 18], [2, 15, 3, 16], [8, 2, 9, 1], [18, 3, 19, 4], [20, 14, 21, 13]]"
11a_28_80,"[[20, 14, 21, 13], [4, 19, 5, 20], [14, 5, 15, 6], [22, 8, 1, 7], [12, 10, 13, 9], [6, 22, 7, 21], [16, 11, 17, 12], [10, 17, 11, 18], [2, 15, 3, 16], [8, 2, 9, 1], [18, 3, 19, 4]]"
11a_28_81,"[[18, 3, 19, 4], [20, 14, 21, 13], [4, 19, 5, 20], [14, 5, 15, 6], [22, 8, 1, 7], [12, 10, 13, 9], [6, 22, 7, 21], [16, 11, 17, 12], [10, 17, 11, 18], [2, 15, 3, 16], [8, 2, 9, 1]]"
11a_28_82,"[[8, 2, 9, 1], [18, 3, 19, 4], [20, 14, 21, 13], [4, 19, 5, 20], [14, 5, 15, 6], [22, 8, 1, 7], [12, 10, 13, 9], [6, 22, 7, 21], [16, 11, 17, 12], [10, 17, 11, 18], [2, 15, 3, 16]]"
11a_28_83,"[[2, 15, 3, 16], [8, 2, 9, 1], [18, 3, 19, 4], [20, 14, 21, 13], [4, 19, 5, 20], [14, 5, 15, 6], [22, 8, 1, 7], [12, 10, 13, 9], [6, 22, 7, 21], [16, 11, 17, 12], [10, 17, 11, 18]]"
11a_28_84,"[[10, 17, 11, 18], [2, 15, 3, 16], [8, 2, 9, 1], [18, 3, 19, 4], [20, 14, 21, 13], [4, 19, 5, 20], [14, 5, 15, 6], [22, 8, 1, 7], [12, 10, 13, 9], [6, 22, 7, 21], [16, 11, 17, 12]]"
11a_28_85,"[[16, 11, 17, 12], [10, 17, 11, 18], [2, 15, 3, 16], [8, 2, 9, 1], [18, 3, 19, 4], [20, 14, 21, 13], [4, 19, 5, 20], [14, 5, 15, 6], [22, 8, 1, 7], [12, 10, 13, 9], [6, 22, 7, 21]]"
11a_28_86,"[[6, 22, 7, 21], [16, 11, 17, 12], [10, 17, 11, 18], [2, 15, 3, 16], [8, 2, 9, 1], [18, 3, 19, 4], [20, 14, 21, 13], [4, 19, 5, 20], [14, 5, 15, 6], [22, 8, 1, 7], [12, 10, 13, 9]]"
11a_28_87,"[[12, 10, 13, 9], [6, 22, 7, 21], [16, 11, 17, 12], [10, 17, 11, 18], [2, 15, 3, 16], [8, 2, 9, 1], [18, 3, 19, 4], [20, 14, 21, 13], [4, 19, 5, 20], [14, 5, 15, 6], [22, 8, 1, 7]]"
11a_28_88,"[[1, 9, 2, 8], [13, 11, 14, 10], [7, 1, 8, 22], [17, 12, 18, 13], [11, 18, 12, 19], [3, 16, 4, 17], [9, 3, 10, 2], [19, 4, 20, 5], [21, 15, 22, 14], [5, 20, 6, 21], [15, 6, 16, 7]]"
11a_28_89,"[[15, 6, 16, 7], [1, 9, 2, 8], [13, 11, 14, 10], [7, 1, 8, 22], [17, 12, 18, 13], [11, 18, 12, 19], [3, 16, 4, 17], [9, 3, 10, 2], [19, 4, 20, 5], [21, 15, 22, 14], [5, 20, 6, 21]]"
11a_28_90,"[[5, 20, 6, 21], [15, 6, 16, 7], [1, 9, 2, 8], [13, 11, 14, 10], [7, 1, 8, 22], [17, 12, 18, 13], [11, 18, 12, 19], [3, 16, 4, 17], [9, 3, 10, 2], [19, 4, 20, 5], [21, 15, 22, 14]]"
11a_28_91,"[[21, 15, 22, 14], [5, 20, 6, 21], [15, 6, 16, 7], [1, 9, 2, 8], [13, 11, 14, 10], [7, 1, 8, 22], [17, 12, 18, 13], [11, 18, 12, 19], [3, 16, 4, 17], [9, 3, 10, 2], [19, 4, 20, 5]]"
11a_28_92,"[[19, 4, 20, 5], [21, 15, 22, 14], [5, 20, 6, 21], [15, 6, 16, 7], [1, 9, 2, 8], [13, 11, 14, 10], [7, 1, 8, 22], [17, 12, 18, 13], [11, 18, 12, 19], [3, 16, 4, 17], [9, 3, 10, 2]]"
11a_28_93,"[[9, 3, 10, 2], [19, 4, 20, 5], [21, 15, 22, 14], [5, 20, 6, 21], [15, 6, 16, 7], [1, 9, 2, 8], [13, 11, 14, 10], [7, 1, 8, 22], [17, 12, 18, 13], [11, 18, 12, 19], [3, 16, 4, 17]]"
11a_28_94,"[[3, 16, 4, 17], [9, 3, 10, 2], [19, 4, 20, 5], [21, 15, 22, 14], [5, 20, 6, 21], [15, 6, 16, 7], [1, 9, 2, 8], [13, 11, 14, 10], [7, 1, 8, 22], [17, 12, 18, 13], [11, 18, 12, 19]]"
11a_28_95,"[[11, 18, 12, 19], [3, 16, 4, 17], [9, 3, 10, 2], [19, 4, 20, 5], [21, 15, 22, 14], [5, 20, 6, 21], [15, 6, 16, 7], [1, 9, 2, 8], [13, 11, 14, 10], [7, 1, 8, 22], [17, 12, 18, 13]]"
11a_28_96,"[[17, 12, 18, 13], [11, 18, 12, 19], [3, 16, 4, 17], [9, 3, 10, 2], [19, 4, 20, 5], [21, 15, 22, 14], [5, 20, 6, 21], [15, 6, 16, 7], [1, 9, 2, 8], [13, 11, 14, 10], [7, 1, 8, 22]]"
11a_28_97,"[[7, 1, 8, 22], [17, 12, 18, 13], [11, 18, 12, 19], [3, 16, 4, 17], [9, 3, 10, 2], [19, 4, 20, 5], [21, 15, 22, 14], [5, 20, 6, 21], [15, 6, 16, 7], [1, 9, 2, 8], [13, 11, 14, 10]]"
11a_28_98,"[[13, 11, 14, 10], [7, 1, 8, 22], [17, 12, 18, 13], [11, 18, 12, 19], [3, 16, 4, 17], [9, 3, 10, 2], [19, 4, 20, 5], [21, 15, 22, 14], [5, 20, 6, 21], [15, 6, 16, 7], [1, 9, 2, 8]]"
11a_28_99,"[[2, 10, 3, 9], [14, 12, 15, 11], [8, 2, 9, 1], [18, 13, 19, 14], [12, 19, 13, 20], [4, 17, 5, 18], [10, 4, 11, 3], [20, 5, 21, 6], [22, 16, 1, 15], [6, 21, 7, 22], [16, 7, 17, 8]]"
11a_28_100,"[[16, 7, 17, 8], [2, 10, 3, 9], [14, 12, 15, 11], [8, 2, 9, 1], [18, 13, 19, 14], [12, 19, 13, 20], [4, 17, 5, 18], [10, 4, 11, 3], [20, 5, 21, 6], [22, 16, 1, 15], [6, 21, 7, 22]]"
11a_28_101,"[[6, 21, 7, 22], [16, 7, 17, 8], [2, 10, 3, 9], [14, 12, 15, 11], [8, 2, 9, 1], [18, 13, 19, 14], [12, 19, 13, 20], [4, 17, 5, 18], [10, 4, 11, 3], [20, 5, 21, 6], [22, 16, 1, 15]]"
11a_28_102,"[[22, 16, 1, 15], [6, 21, 7, 22], [16, 7, 17, 8], [2, 10, 3, 9], [14, 12, 15, 11], [8, 2, 9, 1], [18, 13, 19, 14], [12, 19, 13, 20], [4, 17, 5, 18], [10, 4, 11, 3], [20, 5, 21, 6]]"
11a_28_103,"[[20, 5, 21, 6], [22, 16, 1, 15], [6, 21, 7, 22], [16, 7, 17, 8], [2, 10, 3, 9], [14, 12, 15, 11], [8, 2, 9, 1], [18, 13, 19, 14], [12, 19, 13, 20], [4, 17, 5, 18], [10, 4, 11, 3]]"
11a_28_104,"[[10, 4, 11, 3], [20, 5, 21, 6], [22, 16, 1, 15], [6, 21, 7, 22], [16, 7, 17, 8], [2, 10, 3, 9], [14, 12, 15, 11], [8, 2, 9, 1], [18, 13, 19, 14], [12, 19, 13, 20], [4, 17, 5, 18]]"
11a_28_105,"[[4, 17, 5, 18], [10, 4, 11, 3], [20, 5, 21, 6], [22, 16, 1, 15], [6, 21, 7, 22], [16, 7, 17, 8], [2, 10, 3, 9], [14, 12, 15, 11], [8, 2, 9, 1], [18, 13, 19, 14], [12, 19, 13, 20]]"
11a_28_106,"[[12, 19, 13, 20], [4, 17, 5, 18], [10, 4, 11, 3], [20, 5, 21, 6], [22, 16, 1, 15], [6, 21, 7, 22], [16, 7, 17, 8], [2, 10, 3, 9], [14, 12, 15, 11], [8, 2, 9, 1], [18, 13, 19, 14]]"
11a_28_107,"[[18, 13, 19, 14], [12, 19, 13, 20], [4, 17, 5, 18], [10, 4, 11, 3], [20, 5, 21, 6], [22, 16, 1, 15], [6, 21, 7, 22], [16, 7, 17, 8], [2, 10, 3, 9], [14, 12, 15, 11], [8, 2, 9, 1]]"
11a_28_108,"[[8, 2, 9, 1], [18, 13, 19, 14], [12, 19, 13, 20], [4, 17, 5, 18], [10, 4, 11, 3], [20, 5, 21, 6], [22, 16, 1, 15], [6, 21, 7, 22], [16, 7, 17, 8], [2, 10, 3, 9], [14, 12, 15, 11]]"
11a_28_109,"[[14, 12, 15, 11], [8, 2, 9, 1], [18, 13, 19, 14], [12, 19, 13, 20], [4, 17, 5, 18], [10, 4, 11, 3], [20, 5, 21, 6], [22, 16, 1, 15], [6, 21, 7, 22], [16, 7, 17, 8], [2, 10, 3, 9]]"
11a_28_110,"[[3, 11, 4, 10], [15, 13, 16, 12], [9, 3, 10, 2], [19, 14, 20, 15], [13, 20, 14, 21], [5, 18, 6, 19], [11, 5, 12, 4], [21, 6, 22, 7], [1, 17, 2, 16], [7, 22, 8, 1], [17, 8, 18, 9]]"
11a_28_111,"[[17, 8, 18, 9], [3, 11, 4, 10], [15, 13, 16, 12], [9, 3, 10, 2], [19, 14, 20, 15], [13, 20, 14, 21], [5, 18, 6, 19], [11, 5, 12, 4], [21, 6, 22, 7], [1, 17, 2, 16], [7, 22, 8, 1]]"
11a_28_112,"[[7, 22, 8, 1], [17, 8, 18, 9], [3, 11, 4, 10], [15, 13, 16, 12], [9, 3, 10, 2], [19, 14, 20, 15], [13, 20, 14, 21], [5, 18, 6, 19], [11, 5, 12, 4], [21, 6, 22, 7], [1, 17, 2, 16]]"
11a_28_113,"[[1, 17, 2, 16], [7, 22, 8, 1], [17, 8, 18, 9], [3, 11, 4, 10], [15, 13, 16, 12], [9, 3, 10, 2], [19, 14, 20, 15], [13, 20, 14, 21], [5, 18, 6, 19], [11, 5, 12, 4], [21, 6, 22, 7]]"
11a_28_114,"[[21, 6, 22, 7], [1, 17, 2, 16], [7, 22, 8, 1], [17, 8, 18, 9], [3, 11, 4, 10], [15, 13, 16, 12], [9, 3, 10, 2], [19, 14, 20, 15], [13, 20, 14, 21], [5, 18, 6, 19], [11, 5, 12, 4]]"
11a_28_115,"[[11, 5, 12, 4], [21, 6, 22, 7], [1, 17, 2, 16], [7, 22, 8, 1], [17, 8, 18, 9], [3, 11, 4, 10], [15, 13, 16, 12], [9, 3, 10, 2], [19, 14, 20, 15], [13, 20, 14, 21], [5, 18, 6, 19]]"
11a_28_116,"[[5, 18, 6, 19], [11, 5, 12, 4], [21, 6, 22, 7], [1, 17, 2, 16], [7, 22, 8, 1], [17, 8, 18, 9], [3, 11, 4, 10], [15, 13, 16, 12], [9, 3, 10, 2], [19, 14, 20, 15], [13, 20, 14, 21]]"
11a_28_117,"[[13, 20, 14, 21], [5, 18, 6, 19], [11, 5, 12, 4], [21, 6, 22, 7], [1, 17, 2, 16], [7, 22, 8, 1], [17, 8, 18, 9], [3, 11, 4, 10], [15, 13, 16, 12], [9, 3, 10, 2], [19, 14, 20, 15]]"
11a_28_118,"[[19, 14, 20, 15], [13, 20, 14, 21], [5, 18, 6, 19], [11, 5, 12, 4], [21, 6, 22, 7], [1, 17, 2, 16], [7, 22, 8, 1], [17, 8, 18, 9], [3, 11, 4, 10], [15, 13, 16, 12], [9, 3, 10, 2]]"
11a_28_119,"[[9, 3, 10, 2], [19, 14, 20, 15], [13, 20, 14, 21], [5, 18, 6, 19], [11, 5, 12, 4], [21, 6, 22, 7], [1, 17, 2, 16], [7, 22, 8, 1], [17, 8, 18, 9], [3, 11, 4, 10], [15, 13, 16, 12]]"
11a_28_120,"[[15, 13, 16, 12], [9, 3, 10, 2], [19, 14, 20, 15], [13, 20, 14, 21], [5, 18, 6, 19], [11, 5, 12, 4], [21, 6, 22, 7], [1, 17, 2, 16], [7, 22, 8, 1], [17, 8, 18, 9], [3, 11, 4, 10]]"
11a_28_121,"[[4, 12, 5, 11], [16, 14, 17, 13], [10, 4, 11, 3], [20, 15, 21, 16], [14, 21, 15, 22], [6, 19, 7, 20], [12, 6, 13, 5], [22, 7, 1, 8], [2, 18, 3, 17], [8, 1, 9, 2], [18, 9, 19, 10]]"
11a_28_122,"[[18, 9, 19, 10], [4, 12, 5, 11], [16, 14, 17, 13], [10, 4, 11, 3], [20, 15, 21, 16], [14, 21, 15, 22], [6, 19, 7, 20], [12, 6, 13, 5], [22, 7, 1, 8], [2, 18, 3, 17], [8, 1, 9, 2]]"
11a_28_123,"[[8, 1, 9, 2], [18, 9, 19, 10], [4, 12, 5, 11], [16, 14, 17, 13], [10, 4, 11, 3], [20, 15, 21, 16], [14, 21, 15, 22], [6, 19, 7, 20], [12, 6, 13, 5], [22, 7, 1, 8], [2, 18, 3, 17]]"
11a_28_124,"[[2, 18, 3, 17], [8, 1, 9, 2], [18, 9, 19, 10], [4, 12, 5, 11], [16, 14, 17, 13], [10, 4, 11, 3], [20, 15, 21, 16], [14, 21, 15, 22], [6, 19, 7, 20], [12, 6, 13, 5], [22, 7, 1, 8]]"
11a_28_125,"[[22, 7, 1, 8], [2, 18, 3, 17], [8, 1, 9, 2], [18, 9, 19, 10], [4, 12, 5, 11], [16, 14, 17, 13], [10, 4, 11, 3], [20, 15, 21, 16], [14, 21, 15, 22], [6, 19, 7, 20], [12, 6, 13, 5]]"
11a_28_126,"[[12, 6, 13, 5], [22, 7, 1, 8], [2, 18, 3, 17], [8, 1, 9, 2], [18, 9, 19, 10], [4, 12, 5, 11], [16, 14, 17, 13], [10, 4, 11, 3], [20, 15, 21, 16], [14, 21, 15, 22], [6, 19, 7, 20]]"
11a_28_127,"[[6, 19, 7, 20], [12, 6, 13, 5], [22, 7, 1, 8], [2, 18, 3, 17], [8, 1, 9, 2], [18, 9, 19, 10], [4, 12, 5, 11], [16, 14, 17, 13], [10, 4, 11, 3], [20, 15, 21, 16], [14, 21, 15, 22]]"
11a_28_128,"[[14, 21, 15, 22], [6, 19, 7, 20], [12, 6, 13, 5], [22, 7, 1, 8], [2, 18, 3, 17], [8, 1, 9, 2], [18, 9, 19, 10], [4, 12, 5, 11], [16, 14, 17, 13], [10, 4, 11, 3], [20, 15, 21, 16]]"
11a_28_129,"[[20, 15, 21, 16], [14, 21, 15, 22], [6, 19, 7, 20], [12, 6, 13, 5], [22, 7, 1, 8], [2, 18, 3, 17], [8, 1, 9, 2], [18, 9, 19, 10], [4, 12, 5, 11], [16, 14, 17, 13], [10, 4, 11, 3]]"
11a_28_130,"[[10, 4, 11, 3], [20, 15, 21, 16], [14, 21, 15, 22], [6, 19, 7, 20], [12, 6, 13, 5], [22, 7, 1, 8], [2, 18, 3, 17], [8, 1, 9, 2], [18, 9, 19, 10], [4, 12, 5, 11], [16, 14, 17, 13]]"
11a_28_131,"[[16, 14, 17, 13], [10, 4, 11, 3], [20, 15, 21, 16], [14, 21, 15, 22], [6, 19, 7, 20], [12, 6, 13, 5], [22, 7, 1, 8], [2, 18, 3, 17], [8, 1, 9, 2], [18, 9, 19, 10], [4, 12, 5, 11]]"
11a_28_132,"[[5, 13, 6, 12], [17, 15, 18, 14], [11, 5, 12, 4], [21, 16, 22, 17], [15, 22, 16, 1], [7, 20, 8, 21], [13, 7, 14, 6], [1, 8, 2, 9], [3, 19, 4, 18], [9, 2, 10, 3], [19, 10, 20, 11]]"
11a_28_133,"[[19, 10, 20, 11], [5, 13, 6, 12], [17, 15, 18, 14], [11, 5, 12, 4], [21, 16, 22, 17], [15, 22, 16, 1], [7, 20, 8, 21], [13, 7, 14, 6], [1, 8, 2, 9], [3, 19, 4, 18], [9, 2, 10, 3]]"
11a_28_134,"[[9, 2, 10, 3], [19, 10, 20, 11], [5, 13, 6, 12], [17, 15, 18, 14], [11, 5, 12, 4], [21, 16, 22, 17], [15, 22, 16, 1], [7, 20, 8, 21], [13, 7, 14, 6], [1, 8, 2, 9], [3, 19, 4, 18]]"
11a_28_135,"[[3, 19, 4, 18], [9, 2, 10, 3], [19, 10, 20, 11], [5, 13, 6, 12], [17, 15, 18, 14], [11, 5, 12, 4], [21, 16, 22, 17], [15, 22, 16, 1], [7, 20, 8, 21], [13, 7, 14, 6], [1, 8, 2, 9]]"
11a_28_136,"[[1, 8, 2, 9], [3, 19, 4, 18], [9, 2, 10, 3], [19, 10, 20, 11], [5, 13, 6, 12], [17, 15, 18, 14], [11, 5, 12, 4], [21, 16, 22, 17], [15, 22, 16, 1], [7, 20, 8, 21], [13, 7, 14, 6]]"
11a_28_137,"[[13, 7, 14, 6], [1, 8, 2, 9], [3, 19, 4, 18], [9, 2, 10, 3], [19, 10, 20, 11], [5, 13, 6, 12], [17, 15, 18, 14], [11, 5, 12, 4], [21, 16, 22, 17], [15, 22, 16, 1], [7, 20, 8, 21]]"
11a_28_138,"[[7, 20, 8, 21], [13, 7, 14, 6], [1, 8, 2, 9], [3, 19, 4, 18], [9, 2, 10, 3], [19, 10, 20, 11], [5, 13, 6, 12], [17, 15, 18, 14], [11, 5, 12, 4], [21, 16, 22, 17], [15, 22, 16, 1]]"
11a_28_139,"[[15, 22, 16, 1], [7, 20, 8, 21], [13, 7, 14, 6], [1, 8, 2, 9], [3, 19, 4, 18], [9, 2, 10, 3], [19, 10, 20, 11], [5, 13, 6, 12], [17, 15, 18, 14], [11, 5, 12, 4], [21, 16, 22, 17]]"
11a_28_140,"[[21, 16, 22, 17], [15, 22, 16, 1], [7, 20, 8, 21], [13, 7, 14, 6], [1, 8, 2, 9], [3, 19, 4, 18], [9, 2, 10, 3], [19, 10, 20, 11], [5, 13, 6, 12], [17, 15, 18, 14], [11, 5, 12, 4]]"
11a_28_141,"[[11, 5, 12, 4], [21, 16, 22, 17], [15, 22, 16, 1], [7, 20, 8, 21], [13, 7, 14, 6], [1, 8, 2, 9], [3, 19, 4, 18], [9, 2, 10, 3], [19, 10, 20, 11], [5, 13, 6, 12], [17, 15, 18, 14]]"
11a_28_142,"[[17, 15, 18, 14], [11, 5, 12, 4], [21, 16, 22, 17], [15, 22, 16, 1], [7, 20, 8, 21], [13, 7, 14, 6], [1, 8, 2, 9], [3, 19, 4, 18], [9, 2, 10, 3], [19, 10, 20, 11], [5, 13, 6, 12]]"
11a_28_143,"[[6, 14, 7, 13], [18, 16, 19, 15], [12, 6, 13, 5], [22, 17, 1, 18], [16, 1, 17, 2], [8, 21, 9, 22], [14, 8, 15, 7], [2, 9, 3, 10], [4, 20, 5, 19], [10, 3, 11, 4], [20, 11, 21, 12]]"
11a_28_144,"[[20, 11, 21, 12], [6, 14, 7, 13], [18, 16, 19, 15], [12, 6, 13, 5], [22, 17, 1, 18], [16, 1, 17, 2], [8, 21, 9, 22], [14, 8, 15, 7], [2, 9, 3, 10], [4, 20, 5, 19], [10, 3, 11, 4]]"
11a_28_145,"[[10, 3, 11, 4], [20, 11, 21, 12], [6, 14, 7, 13], [18, 16, 19, 15], [12, 6, 13, 5], [22, 17, 1, 18], [16, 1, 17, 2], [8, 21, 9, 22], [14, 8, 15, 7], [2, 9, 3, 10], [4, 20, 5, 19]]"
11a_28_146,"[[4, 20, 5, 19], [10, 3, 11, 4], [20, 11, 21, 12], [6, 14, 7, 13], [18, 16, 19, 15], [12, 6, 13, 5], [22, 17, 1, 18], [16, 1, 17, 2], [8, 21, 9, 22], [14, 8, 15, 7], [2, 9, 3, 10]]"
11a_28_147,"[[2, 9, 3, 10], [4, 20, 5, 19], [10, 3, 11, 4], [20, 11, 21, 12], [6, 14, 7, 13], [18, 16, 19, 15], [12, 6, 13, 5], [22, 17, 1, 18], [16, 1, 17, 2], [8, 21, 9, 22], [14, 8, 15, 7]]"
11a_28_148,"[[14, 8, 15, 7], [2, 9, 3, 10], [4, 20, 5, 19], [10, 3, 11, 4], [20, 11, 21, 12], [6, 14, 7, 13], [18, 16, 19, 15], [12, 6, 13, 5], [22, 17, 1, 18], [16, 1, 17, 2], [8, 21, 9, 22]]"
11a_28_149,"[[8, 21, 9, 22], [14, 8, 15, 7], [2, 9, 3, 10], [4, 20, 5, 19], [10, 3, 11, 4], [20, 11, 21, 12], [6, 14, 7, 13], [18, 16, 19, 15], [12, 6, 13, 5], [22, 17, 1, 18], [16, 1, 17, 2]]"
11a_28_150,"[[16, 1, 17, 2], [8, 21, 9, 22], [14, 8, 15, 7], [2, 9, 3, 10], [4, 20, 5, 19], [10, 3, 11, 4], [20, 11, 21, 12], [6, 14, 7, 13], [18, 16, 19, 15], [12, 6, 13, 5], [22, 17, 1, 18]]"
11a_28_151,"[[22, 17, 1, 18], [16, 1, 17, 2], [8, 21, 9, 22], [14, 8, 15, 7], [2, 9, 3, 10], [4, 20, 5, 19], [10, 3, 11, 4], [20, 11, 21, 12], [6, 14, 7, 13], [18, 16, 19, 15], [12, 6, 13, 5]]"
11a_28_152,"[[12, 6, 13, 5], [22, 17, 1, 18], [16, 1, 17, 2], [8, 21, 9, 22], [14, 8, 15, 7], [2, 9, 3, 10], [4, 20, 5, 19], [10, 3, 11, 4], [20, 11, 21, 12], [6, 14, 7, 13], [18, 16, 19, 15]]"
11a_28_153,"[[18, 16, 19, 15], [12, 6, 13, 5], [22, 17, 1, 18], [16, 1, 17, 2], [8, 21, 9, 22], [14, 8, 15, 7], [2, 9, 3, 10], [4, 20, 5, 19], [10, 3, 11, 4], [20, 11, 21, 12], [6, 14, 7, 13]]"
11a_28_154,"[[7, 15, 8, 14], [19, 17, 20, 16], [13, 7, 14, 6], [1, 18, 2, 19], [17, 2, 18, 3], [9, 22, 10, 1], [15, 9, 16, 8], [3, 10, 4, 11], [5, 21, 6, 20], [11, 4, 12, 5], [21, 12, 22, 13]]"
11a_28_155,"[[21, 12, 22, 13], [7, 15, 8, 14], [19, 17, 20, 16], [13, 7, 14, 6], [1, 18, 2, 19], [17, 2, 18, 3], [9, 22, 10, 1], [15, 9, 16, 8], [3, 10, 4, 11], [5, 21, 6, 20], [11, 4, 12, 5]]"
11a_28_156,"[[11, 4, 12, 5], [21, 12, 22, 13], [7, 15, 8, 14], [19, 17, 20, 16], [13, 7, 14, 6], [1, 18, 2, 19], [17, 2, 18, 3], [9, 22, 10, 1], [15, 9, 16, 8], [3, 10, 4, 11], [5, 21, 6, 20]]"
11a_28_157,"[[5, 21, 6, 20], [11, 4, 12, 5], [21, 12, 22, 13], [7, 15, 8, 14], [19, 17, 20, 16], [13, 7, 14, 6], [1, 18, 2, 19], [17, 2, 18, 3], [9, 22, 10, 1], [15, 9, 16, 8], [3, 10, 4, 11]]"
11a_28_158,"[[3, 10, 4, 11], [5, 21, 6, 20], [11, 4, 12, 5], [21, 12, 22, 13], [7, 15, 8, 14], [19, 17, 20, 16], [13, 7, 14, 6], [1, 18, 2, 19], [17, 2, 18, 3], [9, 22, 10, 1], [15, 9, 16, 8]]"
11a_28_159,"[[15, 9, 16, 8], [3, 10, 4, 11], [5, 21, 6, 20], [11, 4, 12, 5], [21, 12, 22, 13], [7, 15, 8, 14], [19, 17, 20, 16], [13, 7, 14, 6], [1, 18, 2, 19], [17, 2, 18, 3], [9, 22, 10, 1]]"
11a_28_160,"[[9, 22, 10, 1], [15, 9, 16, 8], [3, 10, 4, 11], [5, 21, 6, 20], [11, 4, 12, 5], [21, 12, 22, 13], [7, 15, 8, 14], [19, 17, 20, 16], [13, 7, 14, 6], [1, 18, 2, 19], [17, 2, 18, 3]]"
11a_28_161,"[[17, 2, 18, 3], [9, 22, 10, 1], [15, 9, 16, 8], [3, 10, 4, 11], [5, 21, 6, 20], [11, 4, 12, 5], [21, 12, 22, 13], [7, 15, 8, 14], [19, 17, 20, 16], [13, 7, 14, 6], [1, 18, 2, 19]]"
11a_28_162,"[[1, 18, 2, 19], [17, 2, 18, 3], [9, 22, 10, 1], [15, 9, 16, 8], [3, 10, 4, 11], [5, 21, 6, 20], [11, 4, 12, 5], [21, 12, 22, 13], [7, 15, 8, 14], [19, 17, 20, 16], [13, 7, 14, 6]]"
11a_28_163,"[[13, 7, 14, 6], [1, 18, 2, 19], [17, 2, 18, 3], [9, 22, 10, 1], [15, 9, 16, 8], [3, 10, 4, 11], [5, 21, 6, 20], [11, 4, 12, 5], [21, 12, 22, 13], [7, 15, 8, 14], [19, 17, 20, 16]]"
11a_28_164,"[[19, 17, 20, 16], [13, 7, 14, 6], [1, 18, 2, 19], [17, 2, 18, 3], [9, 22, 10, 1], [15, 9, 16, 8], [3, 10, 4, 11], [5, 21, 6, 20], [11, 4, 12, 5], [21, 12, 22, 13], [7, 15, 8, 14]]"
11a_28_165,"[[8, 16, 9, 15], [20, 18, 21, 17], [14, 8, 15, 7], [2, 19, 3, 20], [18, 3, 19, 4], [10, 1, 11, 2], [16, 10, 17, 9], [4, 11, 5, 12], [6, 22, 7, 21], [12, 5, 13, 6], [22, 13, 1, 14]]"
11a_28_166,"[[22, 13, 1, 14], [8, 16, 9, 15], [20, 18, 21, 17], [14, 8, 15, 7], [2, 19, 3, 20], [18, 3, 19, 4], [10, 1, 11, 2], [16, 10, 17, 9], [4, 11, 5, 12], [6, 22, 7, 21], [12, 5, 13, 6]]"
11a_28_167,"[[12, 5, 13, 6], [22, 13, 1, 14], [8, 16, 9, 15], [20, 18, 21, 17], [14, 8, 15, 7], [2, 19, 3, 20], [18, 3, 19, 4], [10, 1, 11, 2], [16, 10, 17, 9], [4, 11, 5, 12], [6, 22, 7, 21]]"
11a_28_168,"[[6, 22, 7, 21], [12, 5, 13, 6], [22, 13, 1, 14], [8, 16, 9, 15], [20, 18, 21, 17], [14, 8, 15, 7], [2, 19, 3, 20], [18, 3, 19, 4], [10, 1, 11, 2], [16, 10, 17, 9], [4, 11, 5, 12]]"
11a_28_169,"[[4, 11, 5, 12], [6, 22, 7, 21], [12, 5, 13, 6], [22, 13, 1, 14], [8, 16, 9, 15], [20, 18, 21, 17], [14, 8, 15, 7], [2, 19, 3, 20], [18, 3, 19, 4], [10, 1, 11, 2], [16, 10, 17, 9]]"
11a_28_170,"[[16, 10, 17, 9], [4, 11, 5, 12], [6, 22, 7, 21], [12, 5, 13, 6], [22, 13, 1, 14], [8, 16, 9, 15], [20, 18, 21, 17], [14, 8, 15, 7], [2, 19, 3, 20], [18, 3, 19, 4], [10, 1, 11, 2]]"
11a_28_171,"[[10, 1, 11, 2], [16, 10, 17, 9], [4, 11, 5, 12], [6, 22, 7, 21], [12, 5, 13, 6], [22, 13, 1, 14], [8, 16, 9, 15], [20, 18, 21, 17], [14, 8, 15, 7], [2, 19, 3, 20], [18, 3, 19, 4]]"
11a_28_172,"[[18, 3, 19, 4], [10, 1, 11, 2], [16, 10, 17, 9], [4, 11, 5, 12], [6, 22, 7, 21], [12, 5, 13, 6], [22, 13, 1, 14], [8, 16, 9, 15], [20, 18, 21, 17], [14, 8, 15, 7], [2, 19, 3, 20]]"
11a_28_173,"[[2, 19, 3, 20], [18, 3, 19, 4], [10, 1, 11, 2], [16, 10, 17, 9], [4, 11, 5, 12], [6, 22, 7, 21], [12, 5, 13, 6], [22, 13, 1, 14], [8, 16, 9, 15], [20, 18, 21, 17], [14, 8, 15, 7]]"
11a_28_174,"[[14, 8, 15, 7], [2, 19, 3, 20], [18, 3, 19, 4], [10, 1, 11, 2], [16, 10, 17, 9], [4, 11, 5, 12], [6, 22, 7, 21], [12, 5, 13, 6], [22, 13, 1, 14], [8, 16, 9, 15], [20, 18, 21, 17]]"
11a_28_175,"[[20, 18, 21, 17], [14, 8, 15, 7], [2, 19, 3, 20], [18, 3, 19, 4], [10, 1, 11, 2], [16, 10, 17, 9], [4, 11, 5, 12], [6, 22, 7, 21], [12, 5, 13, 6], [22, 13, 1, 14], [8, 16, 9, 15]]"
11a_28_176,"[[9, 17, 10, 16], [21, 19, 22, 18], [15, 9, 16, 8], [3, 20, 4, 21], [19, 4, 20, 5], [11, 2, 12, 3], [17, 11, 18, 10], [5, 12, 6, 13], [7, 1, 8, 22], [13, 6, 14, 7], [1, 14, 2, 15]]"
11a_28_177,"[[1, 14, 2, 15], [9, 17, 10, 16], [21, 19, 22, 18], [15, 9, 16, 8], [3, 20, 4, 21], [19, 4, 20, 5], [11, 2, 12, 3], [17, 11, 18, 10], [5, 12, 6, 13], [7, 1, 8, 22], [13, 6, 14, 7]]"
11a_28_178,"[[13, 6, 14, 7], [1, 14, 2, 15], [9, 17, 10, 16], [21, 19, 22, 18], [15, 9, 16, 8], [3, 20, 4, 21], [19, 4, 20, 5], [11, 2, 12, 3], [17, 11, 18, 10], [5, 12, 6, 13], [7, 1, 8, 22]]"
11a_28_179,"[[7, 1, 8, 22], [13, 6, 14, 7], [1, 14, 2, 15], [9, 17, 10, 16], [21, 19, 22, 18], [15, 9, 16, 8], [3, 20, 4, 21], [19, 4, 20, 5], [11, 2, 12, 3], [17, 11, 18, 10], [5, 12, 6, 13]]"
11a_28_180,"[[5, 12, 6, 13], [7, 1, 8, 22], [13, 6, 14, 7], [1, 14, 2, 15], [9, 17, 10, 16], [21, 19, 22, 18], [15, 9, 16, 8], [3, 20, 4, 21], [19, 4, 20, 5], [11, 2, 12, 3], [17, 11, 18, 10]]"
11a_28_181,"[[17, 11, 18, 10], [5, 12, 6, 13], [7, 1, 8, 22], [13, 6, 14, 7], [1, 14, 2, 15], [9, 17, 10, 16], [21, 19, 22, 18], [15, 9, 16, 8], [3, 20, 4, 21], [19, 4, 20, 5], [11, 2, 12, 3]]"
11a_28_182,"[[11, 2, 12, 3], [17, 11, 18, 10], [5, 12, 6, 13], [7, 1, 8, 22], [13, 6, 14, 7], [1, 14, 2, 15], [9, 17, 10, 16], [21, 19, 22, 18], [15, 9, 16, 8], [3, 20, 4, 21], [19, 4, 20, 5]]"
11a_28_183,"[[19, 4, 20, 5], [11, 2, 12, 3], [17, 11, 18, 10], [5, 12, 6, 13], [7, 1, 8, 22], [13, 6, 14, 7], [1, 14, 2, 15], [9, 17, 10, 16], [21, 19, 22, 18], [15, 9, 16, 8], [3, 20, 4, 21]]"
11a_28_184,"[[3, 20, 4, 21], [19, 4, 20, 5], [11, 2, 12, 3], [17, 11, 18, 10], [5, 12, 6, 13], [7, 1, 8, 22], [13, 6, 14, 7], [1, 14, 2, 15], [9, 17, 10, 16], [21, 19, 22, 18], [15, 9, 16, 8]]"
11a_28_185,"[[15, 9, 16, 8], [3, 20, 4, 21], [19, 4, 20, 5], [11, 2, 12, 3], [17, 11, 18, 10], [5, 12, 6, 13], [7, 1, 8, 22], [13, 6, 14, 7], [1, 14, 2, 15], [9, 17, 10, 16], [21, 19, 22, 18]]"
11a_28_186,"[[21, 19, 22, 18], [15, 9, 16, 8], [3, 20, 4, 21], [19, 4, 20, 5], [11, 2, 12, 3], [17, 11, 18, 10], [5, 12, 6, 13], [7, 1, 8, 22], [13, 6, 14, 7], [1, 14, 2, 15], [9, 17, 10, 16]]"
11a_28_187,"[[10, 18, 11, 17], [22, 20, 1, 19], [16, 10, 17, 9], [4, 21, 5, 22], [20, 5, 21, 6], [12, 3, 13, 4], [18, 12, 19, 11], [6, 13, 7, 14], [8, 2, 9, 1], [14, 7, 15, 8], [2, 15, 3, 16]]"
11a_28_188,"[[2, 15, 3, 16], [10, 18, 11, 17], [22, 20, 1, 19], [16, 10, 17, 9], [4, 21, 5, 22], [20, 5, 21, 6], [12, 3, 13, 4], [18, 12, 19, 11], [6, 13, 7, 14], [8, 2, 9, 1], [14, 7, 15, 8]]"
11a_28_189,"[[14, 7, 15, 8], [2, 15, 3, 16], [10, 18, 11, 17], [22, 20, 1, 19], [16, 10, 17, 9], [4, 21, 5, 22], [20, 5, 21, 6], [12, 3, 13, 4], [18, 12, 19, 11], [6, 13, 7, 14], [8, 2, 9, 1]]"
11a_28_190,"[[8, 2, 9, 1], [14, 7, 15, 8], [2, 15, 3, 16], [10, 18, 11, 17], [22, 20, 1, 19], [16, 10, 17, 9], [4, 21, 5, 22], [20, 5, 21, 6], [12, 3, 13, 4], [18, 12, 19, 11], [6, 13, 7, 14]]"
11a_28_191,"[[6, 13, 7, 14], [8, 2, 9, 1], [14, 7, 15, 8], [2, 15, 3, 16], [10, 18, 11, 17], [22, 20, 1, 19], [16, 10, 17, 9], [4, 21, 5, 22], [20, 5, 21, 6], [12, 3, 13, 4], [18, 12, 19, 11]]"
11a_28_192,"[[18, 12, 19, 11], [6, 13, 7, 14], [8, 2, 9, 1], [14, 7, 15, 8], [2, 15, 3, 16], [10, 18, 11, 17], [22, 20, 1, 19], [16, 10, 17, 9], [4, 21, 5, 22], [20, 5, 21, 6], [12, 3, 13, 4]]"
11a_28_193,"[[12, 3, 13, 4], [18, 12, 19, 11], [6, 13, 7, 14], [8, 2, 9, 1], [14, 7, 15, 8], [2, 15, 3, 16], [10, 18, 11, 17], [22, 20, 1, 19], [16, 10, 17, 9], [4, 21, 5, 22], [20, 5, 21, 6]]"
11a_28_194,"[[20, 5, 21, 6], [12, 3, 13, 4], [18, 12, 19, 11], [6, 13, 7, 14], [8, 2, 9, 1], [14, 7, 15, 8], [2, 15, 3, 16], [10, 18, 11, 17], [22, 20, 1, 19], [16, 10, 17, 9], [4, 21, 5, 22]]"
11a_28_195,"[[4, 21, 5, 22], [20, 5, 21, 6], [12, 3, 13, 4], [18, 12, 19, 11], [6, 13, 7, 14], [8, 2, 9, 1], [14, 7, 15, 8], [2, 15, 3, 16], [10, 18, 11, 17], [22, 20, 1, 19], [16, 10, 17, 9]]"
11a_28_196,"[[16, 10, 17, 9], [4, 21, 5, 22], [20, 5, 21, 6], [12, 3, 13, 4], [18, 12, 19, 11], [6, 13, 7, 14], [8, 2, 9, 1], [14, 7, 15, 8], [2, 15, 3, 16], [10, 18, 11, 17], [22, 20, 1, 19]]"
11a_28_197,"[[22, 20, 1, 19], [16, 10, 17, 9], [4, 21, 5, 22], [20, 5, 21, 6], [12, 3, 13, 4], [18, 12, 19, 11], [6, 13, 7, 14], [8, 2, 9, 1], [14, 7, 15, 8], [2, 15, 3, 16], [10, 18, 11, 17]]"
11a_28_198,"[[11, 19, 12, 18], [1, 21, 2, 20], [17, 11, 18, 10], [5, 22, 6, 1], [21, 6, 22, 7], [13, 4, 14, 5], [19, 13, 20, 12], [7, 14, 8, 15], [9, 3, 10, 2], [15, 8, 16, 9], [3, 16, 4, 17]]"
11a_28_199,"[[3, 16, 4, 17], [11, 19, 12, 18], [1, 21, 2, 20], [17, 11, 18, 10], [5, 22, 6, 1], [21, 6, 22, 7], [13, 4, 14, 5], [19, 13, 20, 12], [7, 14, 8, 15], [9, 3, 10, 2], [15, 8, 16, 9]]"
11a_28_200,"[[15, 8, 16, 9], [3, 16, 4, 17], [11, 19, 12, 18], [1, 21, 2, 20], [17, 11, 18, 10], [5, 22, 6, 1], [21, 6, 22, 7], [13, 4, 14, 5], [19, 13, 20, 12], [7, 14, 8, 15], [9, 3, 10, 2]]"
11a_28_201,"[[9, 3, 10, 2], [15, 8, 16, 9], [3, 16, 4, 17], [11, 19, 12, 18], [1, 21, 2, 20], [17, 11, 18, 10], [5, 22, 6, 1], [21, 6, 22, 7], [13, 4, 14, 5], [19, 13, 20, 12], [7, 14, 8, 15]]"
11a_28_202,"[[7, 14, 8, 15], [9, 3, 10, 2], [15, 8, 16, 9], [3, 16, 4, 17], [11, 19, 12, 18], [1, 21, 2, 20], [17, 11, 18, 10], [5, 22, 6, 1], [21, 6, 22, 7], [13, 4, 14, 5], [19, 13, 20, 12]]"
11a_28_203,"[[19, 13, 20, 12], [7, 14, 8, 15], [9, 3, 10, 2], [15, 8, 16, 9], [3, 16, 4, 17], [11, 19, 12, 18], [1, 21, 2, 20], [17, 11, 18, 10], [5, 22, 6, 1], [21, 6, 22, 7], [13, 4, 14, 5]]"
11a_28_204,"[[13, 4, 14, 5], [19, 13, 20, 12], [7, 14, 8, 15], [9, 3, 10, 2], [15, 8, 16, 9], [3, 16, 4, 17], [11, 19, 12, 18], [1, 21, 2, 20], [17, 11, 18, 10], [5, 22, 6, 1], [21, 6, 22, 7]]"
