name,pd_notation
11a_37_0,"[[3, 9, 4, 8], [5, 3, 6, 2], [9, 5, 10, 4], [17, 10, 18, 11], [15, 6, 16, 7], [7, 16, 8, 17], [1, 18, 2, 19], [19, 15, 20, 14], [21, 13, 22, 12], [13, 21, 14, 20], [11, 1, 12, 22]]"
11a_37_1,"[[11, 1, 12, 22], [3, 9, 4, 8], [5, 3, 6, 2], [9, 5, 10, 4], [17, 10, 18, 11], [15, 6, 16, 7], [7, 16, 8, 17], [1, 18, 2, 19], [19, 15, 20, 14], [21, 13, 22, 12], [13, 21, 14, 20]]"
11a_37_2,"[[13, 21, 14, 20], [11, 1, 12, 22], [3, 9, 4, 8], [5, 3, 6, 2], [9, 5, 10, 4], [17, 10, 18, 11], [15, 6, 16, 7], [7, 16, 8, 17], [1, 18, 2, 19], [19, 15, 20, 14], [21, 13, 22, 12]]"
11a_37_3,"[[21, 13, 22, 12], [13, 21, 14, 20], [11, 1, 12, 22], [3, 9, 4, 8], [5, 3, 6, 2], [9, 5, 10, 4], [17, 10, 18, 11], [15, 6, 16, 7], [7, 16, 8, 17], [1, 18, 2, 19], [19, 15, 20, 14]]"
11a_37_4,"[[19, 15, 20, 14], [21, 13, 22, 12], [13, 21, 14, 20], [11, 1, 12, 22], [3, 9, 4, 8], [5, 3, 6, 2], [9, 5, 10, 4], [17, 10, 18, 11], [15, 6, 16, 7], [7, 16, 8, 17], [1, 18, 2, 19]]"
11a_37_5,"[[1, 18, 2, 19], [19, 15, 20, 14], [21, 13, 22, 12], [13, 21, 14, 20], [11, 1, 12, 22], [3, 9, 4, 8], [5, 3, 6, 2], [9, 5, 10, 4], [17, 10, 18, 11], [15, 6, 16, 7], [7, 16, 8, 17]]"
11a_37_6,"[[7, 16, 8, 17], [1, 18, 2, 19], [19, 15, 20, 14], [21, 13, 22, 12], [13, 21, 14, 20], [11, 1, 12, 22], [3, 9, 4, 8], [5, 3, 6, 2], [9, 5, 10, 4], [17, 10, 18, 11], [15, 6, 16, 7]]"
11a_37_7,"[[15, 6, 16, 7], [7, 16, 8, 17], [1, 18, 2, 19], [19, 15, 20, 14], [21, 13, 22, 12], [13, 21, 14, 20], [11, 1, 12, 22], [3, 9, 4, 8], [5, 3, 6, 2], [9, 5, 10, 4], [17, 10, 18, 11]]"
11a_37_8,"[[17, 10, 18, 11], [15, 6, 16, 7], [7, 16, 8, 17], [1, 18, 2, 19], [19, 15, 20, 14], [21, 13, 22, 12], [13, 21, 14, 20], [11, 1, 12, 22], [3, 9, 4, 8], [5, 3, 6, 2], [9, 5, 10, 4]]"
11a_37_9,"[[9, 5, 10, 4], [17, 10, 18, 11], [15, 6, 16, 7], [7, 16, 8, 17], [1, 18, 2, 19], [19, 15, 20, 14], [21, 13, 22, 12], [13, 21, 14, 20], [11, 1, 12, 22], [3, 9, 4, 8], [5, 3, 6, 2]]"
11a_37_10,"[[5, 3, 6, 2], [9, 5, 10, 4], [17, 10, 18, 11], [15, 6, 16, 7], [7, 16, 8, 17], [1, 18, 2, 19], [19, 15, 20, 14], [21, 13, 22, 12], [13, 21, 14, 20], [11, 1, 12, 22], [3, 9, 4, 8]]"
11a_37_11,"[[4, 10, 5, 9], [6, 4, 7, 3], [10, 6, 11, 5], [18, 11, 19, 12], [16, 7, 17, 8], [8, 17, 9, 18], [2, 19, 3, 20], [20, 16, 21, 15], [22, 14, 1, 13], [14, 22, 15, 21], [12, 2, 13, 1]]"
11a_37_12,"[[12, 2, 13, 1], [4, 10, 5, 9], [6, 4, 7, 3], [10, 6, 11, 5], [18, 11, 19, 12], [16, 7, 17, 8], [8, 17, 9, 18], [2, 19, 3, 20], [20, 16, 21, 15], [22, 14, 1, 13], [14, 22, 15, 21]]"
11a_37_13,"[[14, 22, 15, 21], [12, 2, 13, 1], [4, 10, 5, 9], [6, 4, 7, 3], [10, 6, 11, 5], [18, 11, 19, 12], [16, 7, 17, 8], [8, 17, 9, 18], [2, 19, 3, 20], [20, 16, 21, 15], [22, 14, 1, 13]]"
11a_37_14,"[[22, 14, 1, 13], [14, 22, 15, 21], [12, 2, 13, 1], [4, 10, 5, 9], [6, 4, 7, 3], [10, 6, 11, 5], [18, 11, 19, 12], [16, 7, 17, 8], [8, 17, 9, 18], [2, 19, 3, 20], [20, 16, 21, 15]]"
11a_37_15,"[[20, 16, 21, 15], [22, 14, 1, 13], [14, 22, 15, 21], [12, 2, 13, 1], [4, 10, 5, 9], [6, 4, 7, 3], [10, 6, 11, 5], [18, 11, 19, 12], [16, 7, 17, 8], [8, 17, 9, 18], [2, 19, 3, 20]]"
11a_37_16,"[[2, 19, 3, 20], [20, 16, 21, 15], [22, 14, 1, 13], [14, 22, 15, 21], [12, 2, 13, 1], [4, 10, 5, 9], [6, 4, 7, 3], [10, 6, 11, 5], [18, 11, 19, 12], [16, 7, 17, 8], [8, 17, 9, 18]]"
11a_37_17,"[[8, 17, 9, 18], [2, 19, 3, 20], [20, 16, 21, 15], [22, 14, 1, 13], [14, 22, 15, 21], [12, 2, 13, 1], [4, 10, 5, 9], [6, 4, 7, 3], [10, 6, 11, 5], [18, 11, 19, 12], [16, 7, 17, 8]]"
11a_37_18,"[[16, 7, 17, 8], [8, 17, 9, 18], [2, 19, 3, 20], [20, 16, 21, 15], [22, 14, 1, 13], [14, 22, 15, 21], [12, 2, 13, 1], [4, 10, 5, 9], [6, 4, 7, 3], [10, 6, 11, 5], [18, 11, 19, 12]]"
11a_37_19,"[[18, 11, 19, 12], [16, 7, 17, 8], [8, 17, 9, 18], [2, 19, 3, 20], [20, 16, 21, 15], [22, 14, 1, 13], [14, 22, 15, 21], [12, 2, 13, 1], [4, 10, 5, 9], [6, 4, 7, 3], [10, 6, 11, 5]]"
11a_37_20,"[[10, 6, 11, 5], [18, 11, 19, 12], [16, 7, 17, 8], [8, 17, 9, 18], [2, 19, 3, 20], [20, 16, 21, 15], [22, 14, 1, 13], [14, 22, 15, 21], [12, 2, 13, 1], [4, 10, 5, 9], [6, 4, 7, 3]]"
11a_37_21,"[[6, 4, 7, 3], [10, 6, 11, 5], [18, 11, 19, 12], [16, 7, 17, 8], [8, 17, 9, 18], [2, 19, 3, 20], [20, 16, 21, 15], [22, 14, 1, 13], [14, 22, 15, 21], [12, 2, 13, 1], [4, 10, 5, 9]]"
11a_37_22,"[[5, 11, 6, 10], [7, 5, 8, 4], [11, 7, 12, 6], [19, 12, 20, 13], [17, 8, 18, 9], [9, 18, 10, 19], [3, 20, 4, 21], [21, 17, 22, 16], [1, 15, 2, 14], [15, 1, 16, 22], [13, 3, 14, 2]]"
11a_37_23,"[[13, 3, 14, 2], [5, 11, 6, 10], [7, 5, 8, 4], [11, 7, 12, 6], [19, 12, 20, 13], [17, 8, 18, 9], [9, 18, 10, 19], [3, 20, 4, 21], [21, 17, 22, 16], [1, 15, 2, 14], [15, 1, 16, 22]]"
11a_37_24,"[[15, 1, 16, 22], [13, 3, 14, 2], [5, 11, 6, 10], [7, 5, 8, 4], [11, 7, 12, 6], [19, 12, 20, 13], [17, 8, 18, 9], [9, 18, 10, 19], [3, 20, 4, 21], [21, 17, 22, 16], [1, 15, 2, 14]]"
11a_37_25,"[[1, 15, 2, 14], [15, 1, 16, 22], [13, 3, 14, 2], [5, 11, 6, 10], [7, 5, 8, 4], [11, 7, 12, 6], [19, 12, 20, 13], [17, 8, 18, 9], [9, 18, 10, 19], [3, 20, 4, 21], [21, 17, 22, 16]]"
11a_37_26,"[[21, 17, 22, 16], [1, 15, 2, 14], [15, 1, 16, 22], [13, 3, 14, 2], [5, 11, 6, 10], [7, 5, 8, 4], [11, 7, 12, 6], [19, 12, 20, 13], [17, 8, 18, 9], [9, 18, 10, 19], [3, 20, 4, 21]]"
11a_37_27,"[[3, 20, 4, 21], [21, 17, 22, 16], [1, 15, 2, 14], [15, 1, 16, 22], [13, 3, 14, 2], [5, 11, 6, 10], [7, 5, 8, 4], [11, 7, 12, 6], [19, 12, 20, 13], [17, 8, 18, 9], [9, 18, 10, 19]]"
11a_37_28,"[[9, 18, 10, 19], [3, 20, 4, 21], [21, 17, 22, 16], [1, 15, 2, 14], [15, 1, 16, 22], [13, 3, 14, 2], [5, 11, 6, 10], [7, 5, 8, 4], [11, 7, 12, 6], [19, 12, 20, 13], [17, 8, 18, 9]]"
11a_37_29,"[[17, 8, 18, 9], [9, 18, 10, 19], [3, 20, 4, 21], [21, 17, 22, 16], [1, 15, 2, 14], [15, 1, 16, 22], [13, 3, 14, 2], [5, 11, 6, 10], [7, 5, 8, 4], [11, 7, 12, 6], [19, 12, 20, 13]]"
11a_37_30,"[[19, 12, 20, 13], [17, 8, 18, 9], [9, 18, 10, 19], [3, 20, 4, 21], [21, 17, 22, 16], [1, 15, 2, 14], [15, 1, 16, 22], [13, 3, 14, 2], [5, 11, 6, 10], [7, 5, 8, 4], [11, 7, 12, 6]]"
11a_37_31,"[[11, 7, 12, 6], [19, 12, 20, 13], [17, 8, 18, 9], [9, 18, 10, 19], [3, 20, 4, 21], [21, 17, 22, 16], [1, 15, 2, 14], [15, 1, 16, 22], [13, 3, 14, 2], [5, 11, 6, 10], [7, 5, 8, 4]]"
11a_37_32,"[[7, 5, 8, 4], [11, 7, 12, 6], [19, 12, 20, 13], [17, 8, 18, 9], [9, 18, 10, 19], [3, 20, 4, 21], [21, 17, 22, 16], [1, 15, 2, 14], [15, 1, 16, 22], [13, 3, 14, 2], [5, 11, 6, 10]]"
11a_37_33,"[[6, 12, 7, 11], [8, 6, 9, 5], [12, 8, 13, 7], [20, 13, 21, 14], [18, 9, 19, 10], [10, 19, 11, 20], [4, 21, 5, 22], [22, 18, 1, 17], [2, 16, 3, 15], [16, 2, 17, 1], [14, 4, 15, 3]]"
11a_37_34,"[[14, 4, 15, 3], [6, 12, 7, 11], [8, 6, 9, 5], [12, 8, 13, 7], [20, 13, 21, 14], [18, 9, 19, 10], [10, 19, 11, 20], [4, 21, 5, 22], [22, 18, 1, 17], [2, 16, 3, 15], [16, 2, 17, 1]]"
11a_37_35,"[[16, 2, 17, 1], [14, 4, 15, 3], [6, 12, 7, 11], [8, 6, 9, 5], [12, 8, 13, 7], [20, 13, 21, 14], [18, 9, 19, 10], [10, 19, 11, 20], [4, 21, 5, 22], [22, 18, 1, 17], [2, 16, 3, 15]]"
11a_37_36,"[[2, 16, 3, 15], [16, 2, 17, 1], [14, 4, 15, 3], [6, 12, 7, 11], [8, 6, 9, 5], [12, 8, 13, 7], [20, 13, 21, 14], [18, 9, 19, 10], [10, 19, 11, 20], [4, 21, 5, 22], [22, 18, 1, 17]]"
11a_37_37,"[[22, 18, 1, 17], [2, 16, 3, 15], [16, 2, 17, 1], [14, 4, 15, 3], [6, 12, 7, 11], [8, 6, 9, 5], [12, 8, 13, 7], [20, 13, 21, 14], [18, 9, 19, 10], [10, 19, 11, 20], [4, 21, 5, 22]]"
11a_37_38,"[[4, 21, 5, 22], [22, 18, 1, 17], [2, 16, 3, 15], [16, 2, 17, 1], [14, 4, 15, 3], [6, 12, 7, 11], [8, 6, 9, 5], [12, 8, 13, 7], [20, 13, 21, 14], [18, 9, 19, 10], [10, 19, 11, 20]]"
11a_37_39,"[[10, 19, 11, 20], [4, 21, 5, 22], [22, 18, 1, 17], [2, 16, 3, 15], [16, 2, 17, 1], [14, 4, 15, 3], [6, 12, 7, 11], [8, 6, 9, 5], [12, 8, 13, 7], [20, 13, 21, 14], [18, 9, 19, 10]]"
11a_37_40,"[[18, 9, 19, 10], [10, 19, 11, 20], [4, 21, 5, 22], [22, 18, 1, 17], [2, 16, 3, 15], [16, 2, 17, 1], [14, 4, 15, 3], [6, 12, 7, 11], [8, 6, 9, 5], [12, 8, 13, 7], [20, 13, 21, 14]]"
11a_37_41,"[[20, 13, 21, 14], [18, 9, 19, 10], [10, 19, 11, 20], [4, 21, 5, 22], [22, 18, 1, 17], [2, 16, 3, 15], [16, 2, 17, 1], [14, 4, 15, 3], [6, 12, 7, 11], [8, 6, 9, 5], [12, 8, 13, 7]]"
11a_37_42,"[[12, 8, 13, 7], [20, 13, 21, 14], [18, 9, 19, 10], [10, 19, 11, 20], [4, 21, 5, 22], [22, 18, 1, 17], [2, 16, 3, 15], [16, 2, 17, 1], [14, 4, 15, 3], [6, 12, 7, 11], [8, 6, 9, 5]]"
11a_37_43,"[[8, 6, 9, 5], [12, 8, 13, 7], [20, 13, 21, 14], [18, 9, 19, 10], [10, 19, 11, 20], [4, 21, 5, 22], [22, 18, 1, 17], [2, 16, 3, 15], [16, 2, 17, 1], [14, 4, 15, 3], [6, 12, 7, 11]]"
11a_37_44,"[[7, 13, 8, 12], [9, 7, 10, 6], [13, 9, 14, 8], [21, 14, 22, 15], [19, 10, 20, 11], [11, 20, 12, 21], [5, 22, 6, 1], [1, 19, 2, 18], [3, 17, 4, 16], [17, 3, 18, 2], [15, 5, 16, 4]]"
11a_37_45,"[[15, 5, 16, 4], [7, 13, 8, 12], [9, 7, 10, 6], [13, 9, 14, 8], [21, 14, 22, 15], [19, 10, 20, 11], [11, 20, 12, 21], [5, 22, 6, 1], [1, 19, 2, 18], [3, 17, 4, 16], [17, 3, 18, 2]]"
11a_37_46,"[[17, 3, 18, 2], [15, 5, 16, 4], [7, 13, 8, 12], [9, 7, 10, 6], [13, 9, 14, 8], [21, 14, 22, 15], [19, 10, 20, 11], [11, 20, 12, 21], [5, 22, 6, 1], [1, 19, 2, 18], [3, 17, 4, 16]]"
11a_37_47,"[[3, 17, 4, 16], [17, 3, 18, 2], [15, 5, 16, 4], [7, 13, 8, 12], [9, 7, 10, 6], [13, 9, 14, 8], [21, 14, 22, 15], [19, 10, 20, 11], [11, 20, 12, 21], [5, 22, 6, 1], [1, 19, 2, 18]]"
11a_37_48,"[[1, 19, 2, 18], [3, 17, 4, 16], [17, 3, 18, 2], [15, 5, 16, 4], [7, 13, 8, 12], [9, 7, 10, 6], [13, 9, 14, 8], [21, 14, 22, 15], [19, 10, 20, 11], [11, 20, 12, 21], [5, 22, 6, 1]]"
11a_37_49,"[[5, 22, 6, 1], [1, 19, 2, 18], [3, 17, 4, 16], [17, 3, 18, 2], [15, 5, 16, 4], [7, 13, 8, 12], [9, 7, 10, 6], [13, 9, 14, 8], [21, 14, 22, 15], [19, 10, 20, 11], [11, 20, 12, 21]]"
11a_37_50,"[[11, 20, 12, 21], [5, 22, 6, 1], [1, 19, 2, 18], [3, 17, 4, 16], [17, 3, 18, 2], [15, 5, 16, 4], [7, 13, 8, 12], [9, 7, 10, 6], [13, 9, 14, 8], [21, 14, 22, 15], [19, 10, 20, 11]]"
11a_37_51,"[[19, 10, 20, 11], [11, 20, 12, 21], [5, 22, 6, 1], [1, 19, 2, 18], [3, 17, 4, 16], [17, 3, 18, 2], [15, 5, 16, 4], [7, 13, 8, 12], [9, 7, 10, 6], [13, 9, 14, 8], [21, 14, 22, 15]]"
11a_37_52,"[[21, 14, 22, 15], [19, 10, 20, 11], [11, 20, 12, 21], [5, 22, 6, 1], [1, 19, 2, 18], [3, 17, 4, 16], [17, 3, 18, 2], [15, 5, 16, 4], [7, 13, 8, 12], [9, 7, 10, 6], [13, 9, 14, 8]]"
11a_37_53,"[[13, 9, 14, 8], [21, 14, 22, 15], [19, 10, 20, 11], [11, 20, 12, 21], [5, 22, 6, 1], [1, 19, 2, 18], [3, 17, 4, 16], [17, 3, 18, 2], [15, 5, 16, 4], [7, 13, 8, 12], [9, 7, 10, 6]]"
11a_37_54,"[[9, 7, 10, 6], [13, 9, 14, 8], [21, 14, 22, 15], [19, 10, 20, 11], [11, 20, 12, 21], [5, 22, 6, 1], [1, 19, 2, 18], [3, 17, 4, 16], [17, 3, 18, 2], [15, 5, 16, 4], [7, 13, 8, 12]]"
11a_37_55,"[[8, 14, 9, 13], [10, 8, 11, 7], [14, 10, 15, 9], [22, 15, 1, 16], [20, 11, 21, 12], [12, 21, 13, 22], [6, 1, 7, 2], [2, 20, 3, 19], [4, 18, 5, 17], [18, 4, 19, 3], [16, 6, 17, 5]]"
11a_37_56,"[[16, 6, 17, 5], [8, 14, 9, 13], [10, 8, 11, 7], [14, 10, 15, 9], [22, 15, 1, 16], [20, 11, 21, 12], [12, 21, 13, 22], [6, 1, 7, 2], [2, 20, 3, 19], [4, 18, 5, 17], [18, 4, 19, 3]]"
11a_37_57,"[[18, 4, 19, 3], [16, 6, 17, 5], [8, 14, 9, 13], [10, 8, 11, 7], [14, 10, 15, 9], [22, 15, 1, 16], [20, 11, 21, 12], [12, 21, 13, 22], [6, 1, 7, 2], [2, 20, 3, 19], [4, 18, 5, 17]]"
11a_37_58,"[[4, 18, 5, 17], [18, 4, 19, 3], [16, 6, 17, 5], [8, 14, 9, 13], [10, 8, 11, 7], [14, 10, 15, 9], [22, 15, 1, 16], [20, 11, 21, 12], [12, 21, 13, 22], [6, 1, 7, 2], [2, 20, 3, 19]]"
11a_37_59,"[[2, 20, 3, 19], [4, 18, 5, 17], [18, 4, 19, 3], [16, 6, 17, 5], [8, 14, 9, 13], [10, 8, 11, 7], [14, 10, 15, 9], [22, 15, 1, 16], [20, 11, 21, 12], [12, 21, 13, 22], [6, 1, 7, 2]]"
11a_37_60,"[[6, 1, 7, 2], [2, 20, 3, 19], [4, 18, 5, 17], [18, 4, 19, 3], [16, 6, 17, 5], [8, 14, 9, 13], [10, 8, 11, 7], [14, 10, 15, 9], [22, 15, 1, 16], [20, 11, 21, 12], [12, 21, 13, 22]]"
11a_37_61,"[[12, 21, 13, 22], [6, 1, 7, 2], [2, 20, 3, 19], [4, 18, 5, 17], [18, 4, 19, 3], [16, 6, 17, 5], [8, 14, 9, 13], [10, 8, 11, 7], [14, 10, 15, 9], [22, 15, 1, 16], [20, 11, 21, 12]]"
11a_37_62,"[[20, 11, 21, 12], [12, 21, 13, 22], [6, 1, 7, 2], [2, 20, 3, 19], [4, 18, 5, 17], [18, 4, 19, 3], [16, 6, 17, 5], [8, 14, 9, 13], [10, 8, 11, 7], [14, 10, 15, 9], [22, 15, 1, 16]]"
11a_37_63,"[[22, 15, 1, 16], [20, 11, 21, 12], [12, 21, 13, 22], [6, 1, 7, 2], [2, 20, 3, 19], [4, 18, 5, 17], [18, 4, 19, 3], [16, 6, 17, 5], [8, 14, 9, 13], [10, 8, 11, 7], [14, 10, 15, 9]]"
11a_37_64,"[[14, 10, 15, 9], [22, 15, 1, 16], [20, 11, 21, 12], [12, 21, 13, 22], [6, 1, 7, 2], [2, 20, 3, 19], [4, 18, 5, 17], [18, 4, 19, 3], [16, 6, 17, 5], [8, 14, 9, 13], [10, 8, 11, 7]]"
11a_37_65,"[[10, 8, 11, 7], [14, 10, 15, 9], [22, 15, 1, 16], [20, 11, 21, 12], [12, 21, 13, 22], [6, 1, 7, 2], [2, 20, 3, 19], [4, 18, 5, 17], [18, 4, 19, 3], [16, 6, 17, 5], [8, 14, 9, 13]]"
11a_37_66,"[[9, 15, 10, 14], [11, 9, 12, 8], [15, 11, 16, 10], [1, 16, 2, 17], [21, 12, 22, 13], [13, 22, 14, 1], [7, 2, 8, 3], [3, 21, 4, 20], [5, 19, 6, 18], [19, 5, 20, 4], [17, 7, 18, 6]]"
11a_37_67,"[[17, 7, 18, 6], [9, 15, 10, 14], [11, 9, 12, 8], [15, 11, 16, 10], [1, 16, 2, 17], [21, 12, 22, 13], [13, 22, 14, 1], [7, 2, 8, 3], [3, 21, 4, 20], [5, 19, 6, 18], [19, 5, 20, 4]]"
11a_37_68,"[[19, 5, 20, 4], [17, 7, 18, 6], [9, 15, 10, 14], [11, 9, 12, 8], [15, 11, 16, 10], [1, 16, 2, 17], [21, 12, 22, 13], [13, 22, 14, 1], [7, 2, 8, 3], [3, 21, 4, 20], [5, 19, 6, 18]]"
11a_37_69,"[[5, 19, 6, 18], [19, 5, 20, 4], [17, 7, 18, 6], [9, 15, 10, 14], [11, 9, 12, 8], [15, 11, 16, 10], [1, 16, 2, 17], [21, 12, 22, 13], [13, 22, 14, 1], [7, 2, 8, 3], [3, 21, 4, 20]]"
11a_37_70,"[[3, 21, 4, 20], [5, 19, 6, 18], [19, 5, 20, 4], [17, 7, 18, 6], [9, 15, 10, 14], [11, 9, 12, 8], [15, 11, 16, 10], [1, 16, 2, 17], [21, 12, 22, 13], [13, 22, 14, 1], [7, 2, 8, 3]]"
11a_37_71,"[[7, 2, 8, 3], [3, 21, 4, 20], [5, 19, 6, 18], [19, 5, 20, 4], [17, 7, 18, 6], [9, 15, 10, 14], [11, 9, 12, 8], [15, 11, 16, 10], [1, 16, 2, 17], [21, 12, 22, 13], [13, 22, 14, 1]]"
11a_37_72,"[[13, 22, 14, 1], [7, 2, 8, 3], [3, 21, 4, 20], [5, 19, 6, 18], [19, 5, 20, 4], [17, 7, 18, 6], [9, 15, 10, 14], [11, 9, 12, 8], [15, 11, 16, 10], [1, 16, 2, 17], [21, 12, 22, 13]]"
11a_37_73,"[[21, 12, 22, 13], [13, 22, 14, 1], [7, 2, 8, 3], [3, 21, 4, 20], [5, 19, 6, 18], [19, 5, 20, 4], [17, 7, 18, 6], [9, 15, 10, 14], [11, 9, 12, 8], [15, 11, 16, 10], [1, 16, 2, 17]]"
11a_37_74,"[[1, 16, 2, 17], [21, 12, 22, 13], [13, 22, 14, 1], [7, 2, 8, 3], [3, 21, 4, 20], [5, 19, 6, 18], [19, 5, 20, 4], [17, 7, 18, 6], [9, 15, 10, 14], [11, 9, 12, 8], [15, 11, 16, 10]]"
11a_37_75,"[[15, 11, 16, 10], [1, 16, 2, 17], [21, 12, 22, 13], [13, 22, 14, 1], [7, 2, 8, 3], [3, 21, 4, 20], [5, 19, 6, 18], [19, 5, 20, 4], [17, 7, 18, 6], [9, 15, 10, 14], [11, 9, 12, 8]]"
11a_37_76,"[[11, 9, 12, 8], [15, 11, 16, 10], [1, 16, 2, 17], [21, 12, 22, 13], [13, 22, 14, 1], [7, 2, 8, 3], [3, 21, 4, 20], [5, 19, 6, 18], [19, 5, 20, 4], [17, 7, 18, 6], [9, 15, 10, 14]]"
11a_37_77,"[[10, 16, 11, 15], [12, 10, 13, 9], [16, 12, 17, 11], [2, 17, 3, 18], [22, 13, 1, 14], [14, 1, 15, 2], [8, 3, 9, 4], [4, 22, 5, 21], [6, 20, 7, 19], [20, 6, 21, 5], [18, 8, 19, 7]]"
11a_37_78,"[[18, 8, 19, 7], [10, 16, 11, 15], [12, 10, 13, 9], [16, 12, 17, 11], [2, 17, 3, 18], [22, 13, 1, 14], [14, 1, 15, 2], [8, 3, 9, 4], [4, 22, 5, 21], [6, 20, 7, 19], [20, 6, 21, 5]]"
11a_37_79,"[[20, 6, 21, 5], [18, 8, 19, 7], [10, 16, 11, 15], [12, 10, 13, 9], [16, 12, 17, 11], [2, 17, 3, 18], [22, 13, 1, 14], [14, 1, 15, 2], [8, 3, 9, 4], [4, 22, 5, 21], [6, 20, 7, 19]]"
11a_37_80,"[[6, 20, 7, 19], [20, 6, 21, 5], [18, 8, 19, 7], [10, 16, 11, 15], [12, 10, 13, 9], [16, 12, 17, 11], [2, 17, 3, 18], [22, 13, 1, 14], [14, 1, 15, 2], [8, 3, 9, 4], [4, 22, 5, 21]]"
11a_37_81,"[[4, 22, 5, 21], [6, 20, 7, 19], [20, 6, 21, 5], [18, 8, 19, 7], [10, 16, 11, 15], [12, 10, 13, 9], [16, 12, 17, 11], [2, 17, 3, 18], [22, 13, 1, 14], [14, 1, 15, 2], [8, 3, 9, 4]]"
11a_37_82,"[[8, 3, 9, 4], [4, 22, 5, 21], [6, 20, 7, 19], [20, 6, 21, 5], [18, 8, 19, 7], [10, 16, 11, 15], [12, 10, 13, 9], [16, 12, 17, 11], [2, 17, 3, 18], [22, 13, 1, 14], [14, 1, 15, 2]]"
11a_37_83,"[[14, 1, 15, 2], [8, 3, 9, 4], [4, 22, 5, 21], [6, 20, 7, 19], [20, 6, 21, 5], [18, 8, 19, 7], [10, 16, 11, 15], [12, 10, 13, 9], [16, 12, 17, 11], [2, 17, 3, 18], [22, 13, 1, 14]]"
11a_37_84,"[[22, 13, 1, 14], [14, 1, 15, 2], [8, 3, 9, 4], [4, 22, 5, 21], [6, 20, 7, 19], [20, 6, 21, 5], [18, 8, 19, 7], [10, 16, 11, 15], [12, 10, 13, 9], [16, 12, 17, 11], [2, 17, 3, 18]]"
11a_37_85,"[[2, 17, 3, 18], [22, 13, 1, 14], [14, 1, 15, 2], [8, 3, 9, 4], [4, 22, 5, 21], [6, 20, 7, 19], [20, 6, 21, 5], [18, 8, 19, 7], [10, 16, 11, 15], [12, 10, 13, 9], [16, 12, 17, 11]]"
11a_37_86,"[[16, 12, 17, 11], [2, 17, 3, 18], [22, 13, 1, 14], [14, 1, 15, 2], [8, 3, 9, 4], [4, 22, 5, 21], [6, 20, 7, 19], [20, 6, 21, 5], [18, 8, 19, 7], [10, 16, 11, 15], [12, 10, 13, 9]]"
11a_37_87,"[[12, 10, 13, 9], [16, 12, 17, 11], [2, 17, 3, 18], [22, 13, 1, 14], [14, 1, 15, 2], [8, 3, 9, 4], [4, 22, 5, 21], [6, 20, 7, 19], [20, 6, 21, 5], [18, 8, 19, 7], [10, 16, 11, 15]]"
11a_37_88,"[[11, 17, 12, 16], [13, 11, 14, 10], [17, 13, 18, 12], [3, 18, 4, 19], [1, 14, 2, 15], [15, 2, 16, 3], [9, 4, 10, 5], [5, 1, 6, 22], [7, 21, 8, 20], [21, 7, 22, 6], [19, 9, 20, 8]]"
11a_37_89,"[[19, 9, 20, 8], [11, 17, 12, 16], [13, 11, 14, 10], [17, 13, 18, 12], [3, 18, 4, 19], [1, 14, 2, 15], [15, 2, 16, 3], [9, 4, 10, 5], [5, 1, 6, 22], [7, 21, 8, 20], [21, 7, 22, 6]]"
11a_37_90,"[[21, 7, 22, 6], [19, 9, 20, 8], [11, 17, 12, 16], [13, 11, 14, 10], [17, 13, 18, 12], [3, 18, 4, 19], [1, 14, 2, 15], [15, 2, 16, 3], [9, 4, 10, 5], [5, 1, 6, 22], [7, 21, 8, 20]]"
11a_37_91,"[[7, 21, 8, 20], [21, 7, 22, 6], [19, 9, 20, 8], [11, 17, 12, 16], [13, 11, 14, 10], [17, 13, 18, 12], [3, 18, 4, 19], [1, 14, 2, 15], [15, 2, 16, 3], [9, 4, 10, 5], [5, 1, 6, 22]]"
11a_37_92,"[[5, 1, 6, 22], [7, 21, 8, 20], [21, 7, 22, 6], [19, 9, 20, 8], [11, 17, 12, 16], [13, 11, 14, 10], [17, 13, 18, 12], [3, 18, 4, 19], [1, 14, 2, 15], [15, 2, 16, 3], [9, 4, 10, 5]]"
11a_37_93,"[[9, 4, 10, 5], [5, 1, 6, 22], [7, 21, 8, 20], [21, 7, 22, 6], [19, 9, 20, 8], [11, 17, 12, 16], [13, 11, 14, 10], [17, 13, 18, 12], [3, 18, 4, 19], [1, 14, 2, 15], [15, 2, 16, 3]]"
11a_37_94,"[[15, 2, 16, 3], [9, 4, 10, 5], [5, 1, 6, 22], [7, 21, 8, 20], [21, 7, 22, 6], [19, 9, 20, 8], [11, 17, 12, 16], [13, 11, 14, 10], [17, 13, 18, 12], [3, 18, 4, 19], [1, 14, 2, 15]]"
11a_37_95,"[[1, 14, 2, 15], [15, 2, 16, 3], [9, 4, 10, 5], [5, 1, 6, 22], [7, 21, 8, 20], [21, 7, 22, 6], [19, 9, 20, 8], [11, 17, 12, 16], [13, 11, 14, 10], [17, 13, 18, 12], [3, 18, 4, 19]]"
11a_37_96,"[[3, 18, 4, 19], [1, 14, 2, 15], [15, 2, 16, 3], [9, 4, 10, 5], [5, 1, 6, 22], [7, 21, 8, 20], [21, 7, 22, 6], [19, 9, 20, 8], [11, 17, 12, 16], [13, 11, 14, 10], [17, 13, 18, 12]]"
11a_37_97,"[[17, 13, 18, 12], [3, 18, 4, 19], [1, 14, 2, 15], [15, 2, 16, 3], [9, 4, 10, 5], [5, 1, 6, 22], [7, 21, 8, 20], [21, 7, 22, 6], [19, 9, 20, 8], [11, 17, 12, 16], [13, 11, 14, 10]]"
11a_37_98,"[[13, 11, 14, 10], [17, 13, 18, 12], [3, 18, 4, 19], [1, 14, 2, 15], [15, 2, 16, 3], [9, 4, 10, 5], [5, 1, 6, 22], [7, 21, 8, 20], [21, 7, 22, 6], [19, 9, 20, 8], [11, 17, 12, 16]]"
11a_37_99,"[[12, 18, 13, 17], [14, 12, 15, 11], [18, 14, 19, 13], [4, 19, 5, 20], [2, 15, 3, 16], [16, 3, 17, 4], [10, 5, 11, 6], [6, 2, 7, 1], [8, 22, 9, 21], [22, 8, 1, 7], [20, 10, 21, 9]]"
11a_37_100,"[[20, 10, 21, 9], [12, 18, 13, 17], [14, 12, 15, 11], [18, 14, 19, 13], [4, 19, 5, 20], [2, 15, 3, 16], [16, 3, 17, 4], [10, 5, 11, 6], [6, 2, 7, 1], [8, 22, 9, 21], [22, 8, 1, 7]]"
11a_37_101,"[[22, 8, 1, 7], [20, 10, 21, 9], [12, 18, 13, 17], [14, 12, 15, 11], [18, 14, 19, 13], [4, 19, 5, 20], [2, 15, 3, 16], [16, 3, 17, 4], [10, 5, 11, 6], [6, 2, 7, 1], [8, 22, 9, 21]]"
11a_37_102,"[[8, 22, 9, 21], [22, 8, 1, 7], [20, 10, 21, 9], [12, 18, 13, 17], [14, 12, 15, 11], [18, 14, 19, 13], [4, 19, 5, 20], [2, 15, 3, 16], [16, 3, 17, 4], [10, 5, 11, 6], [6, 2, 7, 1]]"
11a_37_103,"[[6, 2, 7, 1], [8, 22, 9, 21], [22, 8, 1, 7], [20, 10, 21, 9], [12, 18, 13, 17], [14, 12, 15, 11], [18, 14, 19, 13], [4, 19, 5, 20], [2, 15, 3, 16], [16, 3, 17, 4], [10, 5, 11, 6]]"
11a_37_104,"[[10, 5, 11, 6], [6, 2, 7, 1], [8, 22, 9, 21], [22, 8, 1, 7], [20, 10, 21, 9], [12, 18, 13, 17], [14, 12, 15, 11], [18, 14, 19, 13], [4, 19, 5, 20], [2, 15, 3, 16], [16, 3, 17, 4]]"
11a_37_105,"[[16, 3, 17, 4], [10, 5, 11, 6], [6, 2, 7, 1], [8, 22, 9, 21], [22, 8, 1, 7], [20, 10, 21, 9], [12, 18, 13, 17], [14, 12, 15, 11], [18, 14, 19, 13], [4, 19, 5, 20], [2, 15, 3, 16]]"
11a_37_106,"[[2, 15, 3, 16], [16, 3, 17, 4], [10, 5, 11, 6], [6, 2, 7, 1], [8, 22, 9, 21], [22, 8, 1, 7], [20, 10, 21, 9], [12, 18, 13, 17], [14, 12, 15, 11], [18, 14, 19, 13], [4, 19, 5, 20]]"
11a_37_107,"[[4, 19, 5, 20], [2, 15, 3, 16], [16, 3, 17, 4], [10, 5, 11, 6], [6, 2, 7, 1], [8, 22, 9, 21], [22, 8, 1, 7], [20, 10, 21, 9], [12, 18, 13, 17], [14, 12, 15, 11], [18, 14, 19, 13]]"
11a_37_108,"[[18, 14, 19, 13], [4, 19, 5, 20], [2, 15, 3, 16], [16, 3, 17, 4], [10, 5, 11, 6], [6, 2, 7, 1], [8, 22, 9, 21], [22, 8, 1, 7], [20, 10, 21, 9], [12, 18, 13, 17], [14, 12, 15, 11]]"
11a_37_109,"[[14, 12, 15, 11], [18, 14, 19, 13], [4, 19, 5, 20], [2, 15, 3, 16], [16, 3, 17, 4], [10, 5, 11, 6], [6, 2, 7, 1], [8, 22, 9, 21], [22, 8, 1, 7], [20, 10, 21, 9], [12, 18, 13, 17]]"
11a_37_110,"[[13, 19, 14, 18], [15, 13, 16, 12], [19, 15, 20, 14], [5, 20, 6, 21], [3, 16, 4, 17], [17, 4, 18, 5], [11, 6, 12, 7], [7, 3, 8, 2], [9, 1, 10, 22], [1, 9, 2, 8], [21, 11, 22, 10]]"
11a_37_111,"[[21, 11, 22, 10], [13, 19, 14, 18], [15, 13, 16, 12], [19, 15, 20, 14], [5, 20, 6, 21], [3, 16, 4, 17], [17, 4, 18, 5], [11, 6, 12, 7], [7, 3, 8, 2], [9, 1, 10, 22], [1, 9, 2, 8]]"
11a_37_112,"[[1, 9, 2, 8], [21, 11, 22, 10], [13, 19, 14, 18], [15, 13, 16, 12], [19, 15, 20, 14], [5, 20, 6, 21], [3, 16, 4, 17], [17, 4, 18, 5], [11, 6, 12, 7], [7, 3, 8, 2], [9, 1, 10, 22]]"
11a_37_113,"[[9, 1, 10, 22], [1, 9, 2, 8], [21, 11, 22, 10], [13, 19, 14, 18], [15, 13, 16, 12], [19, 15, 20, 14], [5, 20, 6, 21], [3, 16, 4, 17], [17, 4, 18, 5], [11, 6, 12, 7], [7, 3, 8, 2]]"
11a_37_114,"[[7, 3, 8, 2], [9, 1, 10, 22], [1, 9, 2, 8], [21, 11, 22, 10], [13, 19, 14, 18], [15, 13, 16, 12], [19, 15, 20, 14], [5, 20, 6, 21], [3, 16, 4, 17], [17, 4, 18, 5], [11, 6, 12, 7]]"
11a_37_115,"[[11, 6, 12, 7], [7, 3, 8, 2], [9, 1, 10, 22], [1, 9, 2, 8], [21, 11, 22, 10], [13, 19, 14, 18], [15, 13, 16, 12], [19, 15, 20, 14], [5, 20, 6, 21], [3, 16, 4, 17], [17, 4, 18, 5]]"
11a_37_116,"[[17, 4, 18, 5], [11, 6, 12, 7], [7, 3, 8, 2], [9, 1, 10, 22], [1, 9, 2, 8], [21, 11, 22, 10], [13, 19, 14, 18], [15, 13, 16, 12], [19, 15, 20, 14], [5, 20, 6, 21], [3, 16, 4, 17]]"
11a_37_117,"[[3, 16, 4, 17], [17, 4, 18, 5], [11, 6, 12, 7], [7, 3, 8, 2], [9, 1, 10, 22], [1, 9, 2, 8], [21, 11, 22, 10], [13, 19, 14, 18], [15, 13, 16, 12], [19, 15, 20, 14], [5, 20, 6, 21]]"
11a_37_118,"[[5, 20, 6, 21], [3, 16, 4, 17], [17, 4, 18, 5], [11, 6, 12, 7], [7, 3, 8, 2], [9, 1, 10, 22], [1, 9, 2, 8], [21, 11, 22, 10], [13, 19, 14, 18], [15, 13, 16, 12], [19, 15, 20, 14]]"
11a_37_119,"[[19, 15, 20, 14], [5, 20, 6, 21], [3, 16, 4, 17], [17, 4, 18, 5], [11, 6, 12, 7], [7, 3, 8, 2], [9, 1, 10, 22], [1, 9, 2, 8], [21, 11, 22, 10], [13, 19, 14, 18], [15, 13, 16, 12]]"
11a_37_120,"[[15, 13, 16, 12], [19, 15, 20, 14], [5, 20, 6, 21], [3, 16, 4, 17], [17, 4, 18, 5], [11, 6, 12, 7], [7, 3, 8, 2], [9, 1, 10, 22], [1, 9, 2, 8], [21, 11, 22, 10], [13, 19, 14, 18]]"
11a_37_121,"[[14, 20, 15, 19], [16, 14, 17, 13], [20, 16, 21, 15], [6, 21, 7, 22], [4, 17, 5, 18], [18, 5, 19, 6], [12, 7, 13, 8], [8, 4, 9, 3], [10, 2, 11, 1], [2, 10, 3, 9], [22, 12, 1, 11]]"
11a_37_122,"[[22, 12, 1, 11], [14, 20, 15, 19], [16, 14, 17, 13], [20, 16, 21, 15], [6, 21, 7, 22], [4, 17, 5, 18], [18, 5, 19, 6], [12, 7, 13, 8], [8, 4, 9, 3], [10, 2, 11, 1], [2, 10, 3, 9]]"
11a_37_123,"[[2, 10, 3, 9], [22, 12, 1, 11], [14, 20, 15, 19], [16, 14, 17, 13], [20, 16, 21, 15], [6, 21, 7, 22], [4, 17, 5, 18], [18, 5, 19, 6], [12, 7, 13, 8], [8, 4, 9, 3], [10, 2, 11, 1]]"
11a_37_124,"[[10, 2, 11, 1], [2, 10, 3, 9], [22, 12, 1, 11], [14, 20, 15, 19], [16, 14, 17, 13], [20, 16, 21, 15], [6, 21, 7, 22], [4, 17, 5, 18], [18, 5, 19, 6], [12, 7, 13, 8], [8, 4, 9, 3]]"
11a_37_125,"[[8, 4, 9, 3], [10, 2, 11, 1], [2, 10, 3, 9], [22, 12, 1, 11], [14, 20, 15, 19], [16, 14, 17, 13], [20, 16, 21, 15], [6, 21, 7, 22], [4, 17, 5, 18], [18, 5, 19, 6], [12, 7, 13, 8]]"
11a_37_126,"[[12, 7, 13, 8], [8, 4, 9, 3], [10, 2, 11, 1], [2, 10, 3, 9], [22, 12, 1, 11], [14, 20, 15, 19], [16, 14, 17, 13], [20, 16, 21, 15], [6, 21, 7, 22], [4, 17, 5, 18], [18, 5, 19, 6]]"
11a_37_127,"[[18, 5, 19, 6], [12, 7, 13, 8], [8, 4, 9, 3], [10, 2, 11, 1], [2, 10, 3, 9], [22, 12, 1, 11], [14, 20, 15, 19], [16, 14, 17, 13], [20, 16, 21, 15], [6, 21, 7, 22], [4, 17, 5, 18]]"
11a_37_128,"[[4, 17, 5, 18], [18, 5, 19, 6], [12, 7, 13, 8], [8, 4, 9, 3], [10, 2, 11, 1], [2, 10, 3, 9], [22, 12, 1, 11], [14, 20, 15, 19], [16, 14, 17, 13], [20, 16, 21, 15], [6, 21, 7, 22]]"
11a_37_129,"[[6, 21, 7, 22], [4, 17, 5, 18], [18, 5, 19, 6], [12, 7, 13, 8], [8, 4, 9, 3], [10, 2, 11, 1], [2, 10, 3, 9], [22, 12, 1, 11], [14, 20, 15, 19], [16, 14, 17, 13], [20, 16, 21, 15]]"
11a_37_130,"[[20, 16, 21, 15], [6, 21, 7, 22], [4, 17, 5, 18], [18, 5, 19, 6], [12, 7, 13, 8], [8, 4, 9, 3], [10, 2, 11, 1], [2, 10, 3, 9], [22, 12, 1, 11], [14, 20, 15, 19], [16, 14, 17, 13]]"
11a_37_131,"[[16, 14, 17, 13], [20, 16, 21, 15], [6, 21, 7, 22], [4, 17, 5, 18], [18, 5, 19, 6], [12, 7, 13, 8], [8, 4, 9, 3], [10, 2, 11, 1], [2, 10, 3, 9], [22, 12, 1, 11], [14, 20, 15, 19]]"
11a_37_132,"[[15, 21, 16, 20], [17, 15, 18, 14], [21, 17, 22, 16], [7, 22, 8, 1], [5, 18, 6, 19], [19, 6, 20, 7], [13, 8, 14, 9], [9, 5, 10, 4], [11, 3, 12, 2], [3, 11, 4, 10], [1, 13, 2, 12]]"
11a_37_133,"[[1, 13, 2, 12], [15, 21, 16, 20], [17, 15, 18, 14], [21, 17, 22, 16], [7, 22, 8, 1], [5, 18, 6, 19], [19, 6, 20, 7], [13, 8, 14, 9], [9, 5, 10, 4], [11, 3, 12, 2], [3, 11, 4, 10]]"
11a_37_134,"[[3, 11, 4, 10], [1, 13, 2, 12], [15, 21, 16, 20], [17, 15, 18, 14], [21, 17, 22, 16], [7, 22, 8, 1], [5, 18, 6, 19], [19, 6, 20, 7], [13, 8, 14, 9], [9, 5, 10, 4], [11, 3, 12, 2]]"
11a_37_135,"[[11, 3, 12, 2], [3, 11, 4, 10], [1, 13, 2, 12], [15, 21, 16, 20], [17, 15, 18, 14], [21, 17, 22, 16], [7, 22, 8, 1], [5, 18, 6, 19], [19, 6, 20, 7], [13, 8, 14, 9], [9, 5, 10, 4]]"
11a_37_136,"[[9, 5, 10, 4], [11, 3, 12, 2], [3, 11, 4, 10], [1, 13, 2, 12], [15, 21, 16, 20], [17, 15, 18, 14], [21, 17, 22, 16], [7, 22, 8, 1], [5, 18, 6, 19], [19, 6, 20, 7], [13, 8, 14, 9]]"
11a_37_137,"[[13, 8, 14, 9], [9, 5, 10, 4], [11, 3, 12, 2], [3, 11, 4, 10], [1, 13, 2, 12], [15, 21, 16, 20], [17, 15, 18, 14], [21, 17, 22, 16], [7, 22, 8, 1], [5, 18, 6, 19], [19, 6, 20, 7]]"
11a_37_138,"[[19, 6, 20, 7], [13, 8, 14, 9], [9, 5, 10, 4], [11, 3, 12, 2], [3, 11, 4, 10], [1, 13, 2, 12], [15, 21, 16, 20], [17, 15, 18, 14], [21, 17, 22, 16], [7, 22, 8, 1], [5, 18, 6, 19]]"
11a_37_139,"[[5, 18, 6, 19], [19, 6, 20, 7], [13, 8, 14, 9], [9, 5, 10, 4], [11, 3, 12, 2], [3, 11, 4, 10], [1, 13, 2, 12], [15, 21, 16, 20], [17, 15, 18, 14], [21, 17, 22, 16], [7, 22, 8, 1]]"
11a_37_140,"[[7, 22, 8, 1], [5, 18, 6, 19], [19, 6, 20, 7], [13, 8, 14, 9], [9, 5, 10, 4], [11, 3, 12, 2], [3, 11, 4, 10], [1, 13, 2, 12], [15, 21, 16, 20], [17, 15, 18, 14], [21, 17, 22, 16]]"
11a_37_141,"[[21, 17, 22, 16], [7, 22, 8, 1], [5, 18, 6, 19], [19, 6, 20, 7], [13, 8, 14, 9], [9, 5, 10, 4], [11, 3, 12, 2], [3, 11, 4, 10], [1, 13, 2, 12], [15, 21, 16, 20], [17, 15, 18, 14]]"
11a_37_142,"[[17, 15, 18, 14], [21, 17, 22, 16], [7, 22, 8, 1], [5, 18, 6, 19], [19, 6, 20, 7], [13, 8, 14, 9], [9, 5, 10, 4], [11, 3, 12, 2], [3, 11, 4, 10], [1, 13, 2, 12], [15, 21, 16, 20]]"
11a_37_143,"[[16, 22, 17, 21], [18, 16, 19, 15], [22, 18, 1, 17], [8, 1, 9, 2], [6, 19, 7, 20], [20, 7, 21, 8], [14, 9, 15, 10], [10, 6, 11, 5], [12, 4, 13, 3], [4, 12, 5, 11], [2, 14, 3, 13]]"
11a_37_144,"[[2, 14, 3, 13], [16, 22, 17, 21], [18, 16, 19, 15], [22, 18, 1, 17], [8, 1, 9, 2], [6, 19, 7, 20], [20, 7, 21, 8], [14, 9, 15, 10], [10, 6, 11, 5], [12, 4, 13, 3], [4, 12, 5, 11]]"
11a_37_145,"[[4, 12, 5, 11], [2, 14, 3, 13], [16, 22, 17, 21], [18, 16, 19, 15], [22, 18, 1, 17], [8, 1, 9, 2], [6, 19, 7, 20], [20, 7, 21, 8], [14, 9, 15, 10], [10, 6, 11, 5], [12, 4, 13, 3]]"
11a_37_146,"[[12, 4, 13, 3], [4, 12, 5, 11], [2, 14, 3, 13], [16, 22, 17, 21], [18, 16, 19, 15], [22, 18, 1, 17], [8, 1, 9, 2], [6, 19, 7, 20], [20, 7, 21, 8], [14, 9, 15, 10], [10, 6, 11, 5]]"
11a_37_147,"[[10, 6, 11, 5], [12, 4, 13, 3], [4, 12, 5, 11], [2, 14, 3, 13], [16, 22, 17, 21], [18, 16, 19, 15], [22, 18, 1, 17], [8, 1, 9, 2], [6, 19, 7, 20], [20, 7, 21, 8], [14, 9, 15, 10]]"
11a_37_148,"[[14, 9, 15, 10], [10, 6, 11, 5], [12, 4, 13, 3], [4, 12, 5, 11], [2, 14, 3, 13], [16, 22, 17, 21], [18, 16, 19, 15], [22, 18, 1, 17], [8, 1, 9, 2], [6, 19, 7, 20], [20, 7, 21, 8]]"
11a_37_149,"[[20, 7, 21, 8], [14, 9, 15, 10], [10, 6, 11, 5], [12, 4, 13, 3], [4, 12, 5, 11], [2, 14, 3, 13], [16, 22, 17, 21], [18, 16, 19, 15], [22, 18, 1, 17], [8, 1, 9, 2], [6, 19, 7, 20]]"
11a_37_150,"[[6, 19, 7, 20], [20, 7, 21, 8], [14, 9, 15, 10], [10, 6, 11, 5], [12, 4, 13, 3], [4, 12, 5, 11], [2, 14, 3, 13], [16, 22, 17, 21], [18, 16, 19, 15], [22, 18, 1, 17], [8, 1, 9, 2]]"
11a_37_151,"[[8, 1, 9, 2], [6, 19, 7, 20], [20, 7, 21, 8], [14, 9, 15, 10], [10, 6, 11, 5], [12, 4, 13, 3], [4, 12, 5, 11], [2, 14, 3, 13], [16, 22, 17, 21], [18, 16, 19, 15], [22, 18, 1, 17]]"
11a_37_152,"[[22, 18, 1, 17], [8, 1, 9, 2], [6, 19, 7, 20], [20, 7, 21, 8], [14, 9, 15, 10], [10, 6, 11, 5], [12, 4, 13, 3], [4, 12, 5, 11], [2, 14, 3, 13], [16, 22, 17, 21], [18, 16, 19, 15]]"
11a_37_153,"[[18, 16, 19, 15], [22, 18, 1, 17], [8, 1, 9, 2], [6, 19, 7, 20], [20, 7, 21, 8], [14, 9, 15, 10], [10, 6, 11, 5], [12, 4, 13, 3], [4, 12, 5, 11], [2, 14, 3, 13], [16, 22, 17, 21]]"
11a_37_154,"[[17, 1, 18, 22], [19, 17, 20, 16], [1, 19, 2, 18], [9, 2, 10, 3], [7, 20, 8, 21], [21, 8, 22, 9], [15, 10, 16, 11], [11, 7, 12, 6], [13, 5, 14, 4], [5, 13, 6, 12], [3, 15, 4, 14]]"
11a_37_155,"[[3, 15, 4, 14], [17, 1, 18, 22], [19, 17, 20, 16], [1, 19, 2, 18], [9, 2, 10, 3], [7, 20, 8, 21], [21, 8, 22, 9], [15, 10, 16, 11], [11, 7, 12, 6], [13, 5, 14, 4], [5, 13, 6, 12]]"
11a_37_156,"[[5, 13, 6, 12], [3, 15, 4, 14], [17, 1, 18, 22], [19, 17, 20, 16], [1, 19, 2, 18], [9, 2, 10, 3], [7, 20, 8, 21], [21, 8, 22, 9], [15, 10, 16, 11], [11, 7, 12, 6], [13, 5, 14, 4]]"
11a_37_157,"[[13, 5, 14, 4], [5, 13, 6, 12], [3, 15, 4, 14], [17, 1, 18, 22], [19, 17, 20, 16], [1, 19, 2, 18], [9, 2, 10, 3], [7, 20, 8, 21], [21, 8, 22, 9], [15, 10, 16, 11], [11, 7, 12, 6]]"
11a_37_158,"[[11, 7, 12, 6], [13, 5, 14, 4], [5, 13, 6, 12], [3, 15, 4, 14], [17, 1, 18, 22], [19, 17, 20, 16], [1, 19, 2, 18], [9, 2, 10, 3], [7, 20, 8, 21], [21, 8, 22, 9], [15, 10, 16, 11]]"
11a_37_159,"[[15, 10, 16, 11], [11, 7, 12, 6], [13, 5, 14, 4], [5, 13, 6, 12], [3, 15, 4, 14], [17, 1, 18, 22], [19, 17, 20, 16], [1, 19, 2, 18], [9, 2, 10, 3], [7, 20, 8, 21], [21, 8, 22, 9]]"
11a_37_160,"[[21, 8, 22, 9], [15, 10, 16, 11], [11, 7, 12, 6], [13, 5, 14, 4], [5, 13, 6, 12], [3, 15, 4, 14], [17, 1, 18, 22], [19, 17, 20, 16], [1, 19, 2, 18], [9, 2, 10, 3], [7, 20, 8, 21]]"
11a_37_161,"[[7, 20, 8, 21], [21, 8, 22, 9], [15, 10, 16, 11], [11, 7, 12, 6], [13, 5, 14, 4], [5, 13, 6, 12], [3, 15, 4, 14], [17, 1, 18, 22], [19, 17, 20, 16], [1, 19, 2, 18], [9, 2, 10, 3]]"
11a_37_162,"[[9, 2, 10, 3], [7, 20, 8, 21], [21, 8, 22, 9], [15, 10, 16, 11], [11, 7, 12, 6], [13, 5, 14, 4], [5, 13, 6, 12], [3, 15, 4, 14], [17, 1, 18, 22], [19, 17, 20, 16], [1, 19, 2, 18]]"
11a_37_163,"[[1, 19, 2, 18], [9, 2, 10, 3], [7, 20, 8, 21], [21, 8, 22, 9], [15, 10, 16, 11], [11, 7, 12, 6], [13, 5, 14, 4], [5, 13, 6, 12], [3, 15, 4, 14], [17, 1, 18, 22], [19, 17, 20, 16]]"
11a_37_164,"[[19, 17, 20, 16], [1, 19, 2, 18], [9, 2, 10, 3], [7, 20, 8, 21], [21, 8, 22, 9], [15, 10, 16, 11], [11, 7, 12, 6], [13, 5, 14, 4], [5, 13, 6, 12], [3, 15, 4, 14], [17, 1, 18, 22]]"
11a_37_165,"[[18, 2, 19, 1], [20, 18, 21, 17], [2, 20, 3, 19], [10, 3, 11, 4], [8, 21, 9, 22], [22, 9, 1, 10], [16, 11, 17, 12], [12, 8, 13, 7], [14, 6, 15, 5], [6, 14, 7, 13], [4, 16, 5, 15]]"
11a_37_166,"[[4, 16, 5, 15], [18, 2, 19, 1], [20, 18, 21, 17], [2, 20, 3, 19], [10, 3, 11, 4], [8, 21, 9, 22], [22, 9, 1, 10], [16, 11, 17, 12], [12, 8, 13, 7], [14, 6, 15, 5], [6, 14, 7, 13]]"
11a_37_167,"[[6, 14, 7, 13], [4, 16, 5, 15], [18, 2, 19, 1], [20, 18, 21, 17], [2, 20, 3, 19], [10, 3, 11, 4], [8, 21, 9, 22], [22, 9, 1, 10], [16, 11, 17, 12], [12, 8, 13, 7], [14, 6, 15, 5]]"
11a_37_168,"[[14, 6, 15, 5], [6, 14, 7, 13], [4, 16, 5, 15], [18, 2, 19, 1], [20, 18, 21, 17], [2, 20, 3, 19], [10, 3, 11, 4], [8, 21, 9, 22], [22, 9, 1, 10], [16, 11, 17, 12], [12, 8, 13, 7]]"
11a_37_169,"[[12, 8, 13, 7], [14, 6, 15, 5], [6, 14, 7, 13], [4, 16, 5, 15], [18, 2, 19, 1], [20, 18, 21, 17], [2, 20, 3, 19], [10, 3, 11, 4], [8, 21, 9, 22], [22, 9, 1, 10], [16, 11, 17, 12]]"
11a_37_170,"[[16, 11, 17, 12], [12, 8, 13, 7], [14, 6, 15, 5], [6, 14, 7, 13], [4, 16, 5, 15], [18, 2, 19, 1], [20, 18, 21, 17], [2, 20, 3, 19], [10, 3, 11, 4], [8, 21, 9, 22], [22, 9, 1, 10]]"
11a_37_171,"[[22, 9, 1, 10], [16, 11, 17, 12], [12, 8, 13, 7], [14, 6, 15, 5], [6, 14, 7, 13], [4, 16, 5, 15], [18, 2, 19, 1], [20, 18, 21, 17], [2, 20, 3, 19], [10, 3, 11, 4], [8, 21, 9, 22]]"
11a_37_172,"[[8, 21, 9, 22], [22, 9, 1, 10], [16, 11, 17, 12], [12, 8, 13, 7], [14, 6, 15, 5], [6, 14, 7, 13], [4, 16, 5, 15], [18, 2, 19, 1], [20, 18, 21, 17], [2, 20, 3, 19], [10, 3, 11, 4]]"
11a_37_173,"[[10, 3, 11, 4], [8, 21, 9, 22], [22, 9, 1, 10], [16, 11, 17, 12], [12, 8, 13, 7], [14, 6, 15, 5], [6, 14, 7, 13], [4, 16, 5, 15], [18, 2, 19, 1], [20, 18, 21, 17], [2, 20, 3, 19]]"
11a_37_174,"[[2, 20, 3, 19], [10, 3, 11, 4], [8, 21, 9, 22], [22, 9, 1, 10], [16, 11, 17, 12], [12, 8, 13, 7], [14, 6, 15, 5], [6, 14, 7, 13], [4, 16, 5, 15], [18, 2, 19, 1], [20, 18, 21, 17]]"
11a_37_175,"[[20, 18, 21, 17], [2, 20, 3, 19], [10, 3, 11, 4], [8, 21, 9, 22], [22, 9, 1, 10], [16, 11, 17, 12], [12, 8, 13, 7], [14, 6, 15, 5], [6, 14, 7, 13], [4, 16, 5, 15], [18, 2, 19, 1]]"
11a_37_176,"[[19, 3, 20, 2], [21, 19, 22, 18], [3, 21, 4, 20], [11, 4, 12, 5], [9, 22, 10, 1], [1, 10, 2, 11], [17, 12, 18, 13], [13, 9, 14, 8], [15, 7, 16, 6], [7, 15, 8, 14], [5, 17, 6, 16]]"
11a_37_177,"[[5, 17, 6, 16], [19, 3, 20, 2], [21, 19, 22, 18], [3, 21, 4, 20], [11, 4, 12, 5], [9, 22, 10, 1], [1, 10, 2, 11], [17, 12, 18, 13], [13, 9, 14, 8], [15, 7, 16, 6], [7, 15, 8, 14]]"
11a_37_178,"[[7, 15, 8, 14], [5, 17, 6, 16], [19, 3, 20, 2], [21, 19, 22, 18], [3, 21, 4, 20], [11, 4, 12, 5], [9, 22, 10, 1], [1, 10, 2, 11], [17, 12, 18, 13], [13, 9, 14, 8], [15, 7, 16, 6]]"
11a_37_179,"[[15, 7, 16, 6], [7, 15, 8, 14], [5, 17, 6, 16], [19, 3, 20, 2], [21, 19, 22, 18], [3, 21, 4, 20], [11, 4, 12, 5], [9, 22, 10, 1], [1, 10, 2, 11], [17, 12, 18, 13], [13, 9, 14, 8]]"
11a_37_180,"[[13, 9, 14, 8], [15, 7, 16, 6], [7, 15, 8, 14], [5, 17, 6, 16], [19, 3, 20, 2], [21, 19, 22, 18], [3, 21, 4, 20], [11, 4, 12, 5], [9, 22, 10, 1], [1, 10, 2, 11], [17, 12, 18, 13]]"
11a_37_181,"[[17, 12, 18, 13], [13, 9, 14, 8], [15, 7, 16, 6], [7, 15, 8, 14], [5, 17, 6, 16], [19, 3, 20, 2], [21, 19, 22, 18], [3, 21, 4, 20], [11, 4, 12, 5], [9, 22, 10, 1], [1, 10, 2, 11]]"
11a_37_182,"[[1, 10, 2, 11], [17, 12, 18, 13], [13, 9, 14, 8], [15, 7, 16, 6], [7, 15, 8, 14], [5, 17, 6, 16], [19, 3, 20, 2], [21, 19, 22, 18], [3, 21, 4, 20], [11, 4, 12, 5], [9, 22, 10, 1]]"
11a_37_183,"[[9, 22, 10, 1], [1, 10, 2, 11], [17, 12, 18, 13], [13, 9, 14, 8], [15, 7, 16, 6], [7, 15, 8, 14], [5, 17, 6, 16], [19, 3, 20, 2], [21, 19, 22, 18], [3, 21, 4, 20], [11, 4, 12, 5]]"
11a_37_184,"[[11, 4, 12, 5], [9, 22, 10, 1], [1, 10, 2, 11], [17, 12, 18, 13], [13, 9, 14, 8], [15, 7, 16, 6], [7, 15, 8, 14], [5, 17, 6, 16], [19, 3, 20, 2], [21, 19, 22, 18], [3, 21, 4, 20]]"
11a_37_185,"[[3, 21, 4, 20], [11, 4, 12, 5], [9, 22, 10, 1], [1, 10, 2, 11], [17, 12, 18, 13], [13, 9, 14, 8], [15, 7, 16, 6], [7, 15, 8, 14], [5, 17, 6, 16], [19, 3, 20, 2], [21, 19, 22, 18]]"
11a_37_186,"[[21, 19, 22, 18], [3, 21, 4, 20], [11, 4, 12, 5], [9, 22, 10, 1], [1, 10, 2, 11], [17, 12, 18, 13], [13, 9, 14, 8], [15, 7, 16, 6], [7, 15, 8, 14], [5, 17, 6, 16], [19, 3, 20, 2]]"
11a_37_187,"[[20, 4, 21, 3], [22, 20, 1, 19], [4, 22, 5, 21], [12, 5, 13, 6], [10, 1, 11, 2], [2, 11, 3, 12], [18, 13, 19, 14], [14, 10, 15, 9], [16, 8, 17, 7], [8, 16, 9, 15], [6, 18, 7, 17]]"
11a_37_188,"[[6, 18, 7, 17], [20, 4, 21, 3], [22, 20, 1, 19], [4, 22, 5, 21], [12, 5, 13, 6], [10, 1, 11, 2], [2, 11, 3, 12], [18, 13, 19, 14], [14, 10, 15, 9], [16, 8, 17, 7], [8, 16, 9, 15]]"
11a_37_189,"[[8, 16, 9, 15], [6, 18, 7, 17], [20, 4, 21, 3], [22, 20, 1, 19], [4, 22, 5, 21], [12, 5, 13, 6], [10, 1, 11, 2], [2, 11, 3, 12], [18, 13, 19, 14], [14, 10, 15, 9], [16, 8, 17, 7]]"
11a_37_190,"[[16, 8, 17, 7], [8, 16, 9, 15], [6, 18, 7, 17], [20, 4, 21, 3], [22, 20, 1, 19], [4, 22, 5, 21], [12, 5, 13, 6], [10, 1, 11, 2], [2, 11, 3, 12], [18, 13, 19, 14], [14, 10, 15, 9]]"
11a_37_191,"[[14, 10, 15, 9], [16, 8, 17, 7], [8, 16, 9, 15], [6, 18, 7, 17], [20, 4, 21, 3], [22, 20, 1, 19], [4, 22, 5, 21], [12, 5, 13, 6], [10, 1, 11, 2], [2, 11, 3, 12], [18, 13, 19, 14]]"
11a_37_192,"[[18, 13, 19, 14], [14, 10, 15, 9], [16, 8, 17, 7], [8, 16, 9, 15], [6, 18, 7, 17], [20, 4, 21, 3], [22, 20, 1, 19], [4, 22, 5, 21], [12, 5, 13, 6], [10, 1, 11, 2], [2, 11, 3, 12]]"
11a_37_193,"[[2, 11, 3, 12], [18, 13, 19, 14], [14, 10, 15, 9], [16, 8, 17, 7], [8, 16, 9, 15], [6, 18, 7, 17], [20, 4, 21, 3], [22, 20, 1, 19], [4, 22, 5, 21], [12, 5, 13, 6], [10, 1, 11, 2]]"
11a_37_194,"[[10, 1, 11, 2], [2, 11, 3, 12], [18, 13, 19, 14], [14, 10, 15, 9], [16, 8, 17, 7], [8, 16, 9, 15], [6, 18, 7, 17], [20, 4, 21, 3], [22, 20, 1, 19], [4, 22, 5, 21], [12, 5, 13, 6]]"
11a_37_195,"[[12, 5, 13, 6], [10, 1, 11, 2], [2, 11, 3, 12], [18, 13, 19, 14], [14, 10, 15, 9], [16, 8, 17, 7], [8, 16, 9, 15], [6, 18, 7, 17], [20, 4, 21, 3], [22, 20, 1, 19], [4, 22, 5, 21]]"
11a_37_196,"[[4, 22, 5, 21], [12, 5, 13, 6], [10, 1, 11, 2], [2, 11, 3, 12], [18, 13, 19, 14], [14, 10, 15, 9], [16, 8, 17, 7], [8, 16, 9, 15], [6, 18, 7, 17], [20, 4, 21, 3], [22, 20, 1, 19]]"
11a_37_197,"[[22, 20, 1, 19], [4, 22, 5, 21], [12, 5, 13, 6], [10, 1, 11, 2], [2, 11, 3, 12], [18, 13, 19, 14], [14, 10, 15, 9], [16, 8, 17, 7], [8, 16, 9, 15], [6, 18, 7, 17], [20, 4, 21, 3]]"
11a_37_198,"[[21, 5, 22, 4], [1, 21, 2, 20], [5, 1, 6, 22], [13, 6, 14, 7], [11, 2, 12, 3], [3, 12, 4, 13], [19, 14, 20, 15], [15, 11, 16, 10], [17, 9, 18, 8], [9, 17, 10, 16], [7, 19, 8, 18]]"
11a_37_199,"[[7, 19, 8, 18], [21, 5, 22, 4], [1, 21, 2, 20], [5, 1, 6, 22], [13, 6, 14, 7], [11, 2, 12, 3], [3, 12, 4, 13], [19, 14, 20, 15], [15, 11, 16, 10], [17, 9, 18, 8], [9, 17, 10, 16]]"
11a_37_200,"[[9, 17, 10, 16], [7, 19, 8, 18], [21, 5, 22, 4], [1, 21, 2, 20], [5, 1, 6, 22], [13, 6, 14, 7], [11, 2, 12, 3], [3, 12, 4, 13], [19, 14, 20, 15], [15, 11, 16, 10], [17, 9, 18, 8]]"
11a_37_201,"[[17, 9, 18, 8], [9, 17, 10, 16], [7, 19, 8, 18], [21, 5, 22, 4], [1, 21, 2, 20], [5, 1, 6, 22], [13, 6, 14, 7], [11, 2, 12, 3], [3, 12, 4, 13], [19, 14, 20, 15], [15, 11, 16, 10]]"
11a_37_202,"[[15, 11, 16, 10], [17, 9, 18, 8], [9, 17, 10, 16], [7, 19, 8, 18], [21, 5, 22, 4], [1, 21, 2, 20], [5, 1, 6, 22], [13, 6, 14, 7], [11, 2, 12, 3], [3, 12, 4, 13], [19, 14, 20, 15]]"
11a_37_203,"[[19, 14, 20, 15], [15, 11, 16, 10], [17, 9, 18, 8], [9, 17, 10, 16], [7, 19, 8, 18], [21, 5, 22, 4], [1, 21, 2, 20], [5, 1, 6, 22], [13, 6, 14, 7], [11, 2, 12, 3], [3, 12, 4, 13]]"
11a_37_204,"[[3, 12, 4, 13], [19, 14, 20, 15], [15, 11, 16, 10], [17, 9, 18, 8], [9, 17, 10, 16], [7, 19, 8, 18], [21, 5, 22, 4], [1, 21, 2, 20], [5, 1, 6, 22], [13, 6, 14, 7], [11, 2, 12, 3]]"
