name,pd_notation
11a_128_0,"[[7, 14, 8, 15], [5, 3, 6, 2], [15, 6, 16, 7], [11, 4, 12, 5], [3, 12, 4, 13], [13, 17, 14, 16], [17, 11, 18, 10], [21, 9, 22, 8], [1, 18, 2, 19], [19, 22, 20, 1], [9, 21, 10, 20]]"
11a_128_1,"[[9, 21, 10, 20], [7, 14, 8, 15], [5, 3, 6, 2], [15, 6, 16, 7], [11, 4, 12, 5], [3, 12, 4, 13], [13, 17, 14, 16], [17, 11, 18, 10], [21, 9, 22, 8], [1, 18, 2, 19], [19, 22, 20, 1]]"
11a_128_2,"[[19, 22, 20, 1], [9, 21, 10, 20], [7, 14, 8, 15], [5, 3, 6, 2], [15, 6, 16, 7], [11, 4, 12, 5], [3, 12, 4, 13], [13, 17, 14, 16], [17, 11, 18, 10], [21, 9, 22, 8], [1, 18, 2, 19]]"
11a_128_3,"[[1, 18, 2, 19], [19, 22, 20, 1], [9, 21, 10, 20], [7, 14, 8, 15], [5, 3, 6, 2], [15, 6, 16, 7], [11, 4, 12, 5], [3, 12, 4, 13], [13, 17, 14, 16], [17, 11, 18, 10], [21, 9, 22, 8]]"
11a_128_4,"[[21, 9, 22, 8], [1, 18, 2, 19], [19, 22, 20, 1], [9, 21, 10, 20], [7, 14, 8, 15], [5, 3, 6, 2], [15, 6, 16, 7], [11, 4, 12, 5], [3, 12, 4, 13], [13, 17, 14, 16], [17, 11, 18, 10]]"
11a_128_5,"[[17, 11, 18, 10], [21, 9, 22, 8], [1, 18, 2, 19], [19, 22, 20, 1], [9, 21, 10, 20], [7, 14, 8, 15], [5, 3, 6, 2], [15, 6, 16, 7], [11, 4, 12, 5], [3, 12, 4, 13], [13, 17, 14, 16]]"
11a_128_6,"[[13, 17, 14, 16], [17, 11, 18, 10], [21, 9, 22, 8], [1, 18, 2, 19], [19, 22, 20, 1], [9, 21, 10, 20], [7, 14, 8, 15], [5, 3, 6, 2], [15, 6, 16, 7], [11, 4, 12, 5], [3, 12, 4, 13]]"
11a_128_7,"[[3, 12, 4, 13], [13, 17, 14, 16], [17, 11, 18, 10], [21, 9, 22, 8], [1, 18, 2, 19], [19, 22, 20, 1], [9, 21, 10, 20], [7, 14, 8, 15], [5, 3, 6, 2], [15, 6, 16, 7], [11, 4, 12, 5]]"
11a_128_8,"[[11, 4, 12, 5], [3, 12, 4, 13], [13, 17, 14, 16], [17, 11, 18, 10], [21, 9, 22, 8], [1, 18, 2, 19], [19, 22, 20, 1], [9, 21, 10, 20], [7, 14, 8, 15], [5, 3, 6, 2], [15, 6, 16, 7]]"
11a_128_9,"[[15, 6, 16, 7], [11, 4, 12, 5], [3, 12, 4, 13], [13, 17, 14, 16], [17, 11, 18, 10], [21, 9, 22, 8], [1, 18, 2, 19], [19, 22, 20, 1], [9, 21, 10, 20], [7, 14, 8, 15], [5, 3, 6, 2]]"
11a_128_10,"[[5, 3, 6, 2], [15, 6, 16, 7], [11, 4, 12, 5], [3, 12, 4, 13], [13, 17, 14, 16], [17, 11, 18, 10], [21, 9, 22, 8], [1, 18, 2, 19], [19, 22, 20, 1], [9, 21, 10, 20], [7, 14, 8, 15]]"
11a_128_11,"[[8, 15, 9, 16], [6, 4, 7, 3], [16, 7, 17, 8], [12, 5, 13, 6], [4, 13, 5, 14], [14, 18, 15, 17], [18, 12, 19, 11], [22, 10, 1, 9], [2, 19, 3, 20], [20, 1, 21, 2], [10, 22, 11, 21]]"
11a_128_12,"[[10, 22, 11, 21], [8, 15, 9, 16], [6, 4, 7, 3], [16, 7, 17, 8], [12, 5, 13, 6], [4, 13, 5, 14], [14, 18, 15, 17], [18, 12, 19, 11], [22, 10, 1, 9], [2, 19, 3, 20], [20, 1, 21, 2]]"
11a_128_13,"[[20, 1, 21, 2], [10, 22, 11, 21], [8, 15, 9, 16], [6, 4, 7, 3], [16, 7, 17, 8], [12, 5, 13, 6], [4, 13, 5, 14], [14, 18, 15, 17], [18, 12, 19, 11], [22, 10, 1, 9], [2, 19, 3, 20]]"
11a_128_14,"[[2, 19, 3, 20], [20, 1, 21, 2], [10, 22, 11, 21], [8, 15, 9, 16], [6, 4, 7, 3], [16, 7, 17, 8], [12, 5, 13, 6], [4, 13, 5, 14], [14, 18, 15, 17], [18, 12, 19, 11], [22, 10, 1, 9]]"
11a_128_15,"[[22, 10, 1, 9], [2, 19, 3, 20], [20, 1, 21, 2], [10, 22, 11, 21], [8, 15, 9, 16], [6, 4, 7, 3], [16, 7, 17, 8], [12, 5, 13, 6], [4, 13, 5, 14], [14, 18, 15, 17], [18, 12, 19, 11]]"
11a_128_16,"[[18, 12, 19, 11], [22, 10, 1, 9], [2, 19, 3, 20], [20, 1, 21, 2], [10, 22, 11, 21], [8, 15, 9, 16], [6, 4, 7, 3], [16, 7, 17, 8], [12, 5, 13, 6], [4, 13, 5, 14], [14, 18, 15, 17]]"
11a_128_17,"[[14, 18, 15, 17], [18, 12, 19, 11], [22, 10, 1, 9], [2, 19, 3, 20], [20, 1, 21, 2], [10, 22, 11, 21], [8, 15, 9, 16], [6, 4, 7, 3], [16, 7, 17, 8], [12, 5, 13, 6], [4, 13, 5, 14]]"
11a_128_18,"[[4, 13, 5, 14], [14, 18, 15, 17], [18, 12, 19, 11], [22, 10, 1, 9], [2, 19, 3, 20], [20, 1, 21, 2], [10, 22, 11, 21], [8, 15, 9, 16], [6, 4, 7, 3], [16, 7, 17, 8], [12, 5, 13, 6]]"
11a_128_19,"[[12, 5, 13, 6], [4, 13, 5, 14], [14, 18, 15, 17], [18, 12, 19, 11], [22, 10, 1, 9], [2, 19, 3, 20], [20, 1, 21, 2], [10, 22, 11, 21], [8, 15, 9, 16], [6, 4, 7, 3], [16, 7, 17, 8]]"
11a_128_20,"[[16, 7, 17, 8], [12, 5, 13, 6], [4, 13, 5, 14], [14, 18, 15, 17], [18, 12, 19, 11], [22, 10, 1, 9], [2, 19, 3, 20], [20, 1, 21, 2], [10, 22, 11, 21], [8, 15, 9, 16], [6, 4, 7, 3]]"
11a_128_21,"[[6, 4, 7, 3], [16, 7, 17, 8], [12, 5, 13, 6], [4, 13, 5, 14], [14, 18, 15, 17], [18, 12, 19, 11], [22, 10, 1, 9], [2, 19, 3, 20], [20, 1, 21, 2], [10, 22, 11, 21], [8, 15, 9, 16]]"
11a_128_22,"[[9, 16, 10, 17], [7, 5, 8, 4], [17, 8, 18, 9], [13, 6, 14, 7], [5, 14, 6, 15], [15, 19, 16, 18], [19, 13, 20, 12], [1, 11, 2, 10], [3, 20, 4, 21], [21, 2, 22, 3], [11, 1, 12, 22]]"
11a_128_23,"[[11, 1, 12, 22], [9, 16, 10, 17], [7, 5, 8, 4], [17, 8, 18, 9], [13, 6, 14, 7], [5, 14, 6, 15], [15, 19, 16, 18], [19, 13, 20, 12], [1, 11, 2, 10], [3, 20, 4, 21], [21, 2, 22, 3]]"
11a_128_24,"[[21, 2, 22, 3], [11, 1, 12, 22], [9, 16, 10, 17], [7, 5, 8, 4], [17, 8, 18, 9], [13, 6, 14, 7], [5, 14, 6, 15], [15, 19, 16, 18], [19, 13, 20, 12], [1, 11, 2, 10], [3, 20, 4, 21]]"
11a_128_25,"[[3, 20, 4, 21], [21, 2, 22, 3], [11, 1, 12, 22], [9, 16, 10, 17], [7, 5, 8, 4], [17, 8, 18, 9], [13, 6, 14, 7], [5, 14, 6, 15], [15, 19, 16, 18], [19, 13, 20, 12], [1, 11, 2, 10]]"
11a_128_26,"[[1, 11, 2, 10], [3, 20, 4, 21], [21, 2, 22, 3], [11, 1, 12, 22], [9, 16, 10, 17], [7, 5, 8, 4], [17, 8, 18, 9], [13, 6, 14, 7], [5, 14, 6, 15], [15, 19, 16, 18], [19, 13, 20, 12]]"
11a_128_27,"[[19, 13, 20, 12], [1, 11, 2, 10], [3, 20, 4, 21], [21, 2, 22, 3], [11, 1, 12, 22], [9, 16, 10, 17], [7, 5, 8, 4], [17, 8, 18, 9], [13, 6, 14, 7], [5, 14, 6, 15], [15, 19, 16, 18]]"
11a_128_28,"[[15, 19, 16, 18], [19, 13, 20, 12], [1, 11, 2, 10], [3, 20, 4, 21], [21, 2, 22, 3], [11, 1, 12, 22], [9, 16, 10, 17], [7, 5, 8, 4], [17, 8, 18, 9], [13, 6, 14, 7], [5, 14, 6, 15]]"
11a_128_29,"[[5, 14, 6, 15], [15, 19, 16, 18], [19, 13, 20, 12], [1, 11, 2, 10], [3, 20, 4, 21], [21, 2, 22, 3], [11, 1, 12, 22], [9, 16, 10, 17], [7, 5, 8, 4], [17, 8, 18, 9], [13, 6, 14, 7]]"
11a_128_30,"[[13, 6, 14, 7], [5, 14, 6, 15], [15, 19, 16, 18], [19, 13, 20, 12], [1, 11, 2, 10], [3, 20, 4, 21], [21, 2, 22, 3], [11, 1, 12, 22], [9, 16, 10, 17], [7, 5, 8, 4], [17, 8, 18, 9]]"
11a_128_31,"[[17, 8, 18, 9], [13, 6, 14, 7], [5, 14, 6, 15], [15, 19, 16, 18], [19, 13, 20, 12], [1, 11, 2, 10], [3, 20, 4, 21], [21, 2, 22, 3], [11, 1, 12, 22], [9, 16, 10, 17], [7, 5, 8, 4]]"
11a_128_32,"[[7, 5, 8, 4], [17, 8, 18, 9], [13, 6, 14, 7], [5, 14, 6, 15], [15, 19, 16, 18], [19, 13, 20, 12], [1, 11, 2, 10], [3, 20, 4, 21], [21, 2, 22, 3], [11, 1, 12, 22], [9, 16, 10, 17]]"
11a_128_33,"[[10, 17, 11, 18], [8, 6, 9, 5], [18, 9, 19, 10], [14, 7, 15, 8], [6, 15, 7, 16], [16, 20, 17, 19], [20, 14, 21, 13], [2, 12, 3, 11], [4, 21, 5, 22], [22, 3, 1, 4], [12, 2, 13, 1]]"
11a_128_34,"[[12, 2, 13, 1], [10, 17, 11, 18], [8, 6, 9, 5], [18, 9, 19, 10], [14, 7, 15, 8], [6, 15, 7, 16], [16, 20, 17, 19], [20, 14, 21, 13], [2, 12, 3, 11], [4, 21, 5, 22], [22, 3, 1, 4]]"
11a_128_35,"[[22, 3, 1, 4], [12, 2, 13, 1], [10, 17, 11, 18], [8, 6, 9, 5], [18, 9, 19, 10], [14, 7, 15, 8], [6, 15, 7, 16], [16, 20, 17, 19], [20, 14, 21, 13], [2, 12, 3, 11], [4, 21, 5, 22]]"
11a_128_36,"[[4, 21, 5, 22], [22, 3, 1, 4], [12, 2, 13, 1], [10, 17, 11, 18], [8, 6, 9, 5], [18, 9, 19, 10], [14, 7, 15, 8], [6, 15, 7, 16], [16, 20, 17, 19], [20, 14, 21, 13], [2, 12, 3, 11]]"
11a_128_37,"[[2, 12, 3, 11], [4, 21, 5, 22], [22, 3, 1, 4], [12, 2, 13, 1], [10, 17, 11, 18], [8, 6, 9, 5], [18, 9, 19, 10], [14, 7, 15, 8], [6, 15, 7, 16], [16, 20, 17, 19], [20, 14, 21, 13]]"
11a_128_38,"[[20, 14, 21, 13], [2, 12, 3, 11], [4, 21, 5, 22], [22, 3, 1, 4], [12, 2, 13, 1], [10, 17, 11, 18], [8, 6, 9, 5], [18, 9, 19, 10], [14, 7, 15, 8], [6, 15, 7, 16], [16, 20, 17, 19]]"
11a_128_39,"[[16, 20, 17, 19], [20, 14, 21, 13], [2, 12, 3, 11], [4, 21, 5, 22], [22, 3, 1, 4], [12, 2, 13, 1], [10, 17, 11, 18], [8, 6, 9, 5], [18, 9, 19, 10], [14, 7, 15, 8], [6, 15, 7, 16]]"
11a_128_40,"[[6, 15, 7, 16], [16, 20, 17, 19], [20, 14, 21, 13], [2, 12, 3, 11], [4, 21, 5, 22], [22, 3, 1, 4], [12, 2, 13, 1], [10, 17, 11, 18], [8, 6, 9, 5], [18, 9, 19, 10], [14, 7, 15, 8]]"
11a_128_41,"[[14, 7, 15, 8], [6, 15, 7, 16], [16, 20, 17, 19], [20, 14, 21, 13], [2, 12, 3, 11], [4, 21, 5, 22], [22, 3, 1, 4], [12, 2, 13, 1], [10, 17, 11, 18], [8, 6, 9, 5], [18, 9, 19, 10]]"
11a_128_42,"[[18, 9, 19, 10], [14, 7, 15, 8], [6, 15, 7, 16], [16, 20, 17, 19], [20, 14, 21, 13], [2, 12, 3, 11], [4, 21, 5, 22], [22, 3, 1, 4], [12, 2, 13, 1], [10, 17, 11, 18], [8, 6, 9, 5]]"
11a_128_43,"[[8, 6, 9, 5], [18, 9, 19, 10], [14, 7, 15, 8], [6, 15, 7, 16], [16, 20, 17, 19], [20, 14, 21, 13], [2, 12, 3, 11], [4, 21, 5, 22], [22, 3, 1, 4], [12, 2, 13, 1], [10, 17, 11, 18]]"
11a_128_44,"[[11, 18, 12, 19], [9, 7, 10, 6], [19, 10, 20, 11], [15, 8, 16, 9], [7, 16, 8, 17], [17, 21, 18, 20], [21, 15, 22, 14], [3, 13, 4, 12], [5, 22, 6, 1], [1, 4, 2, 5], [13, 3, 14, 2]]"
11a_128_45,"[[13, 3, 14, 2], [11, 18, 12, 19], [9, 7, 10, 6], [19, 10, 20, 11], [15, 8, 16, 9], [7, 16, 8, 17], [17, 21, 18, 20], [21, 15, 22, 14], [3, 13, 4, 12], [5, 22, 6, 1], [1, 4, 2, 5]]"
11a_128_46,"[[1, 4, 2, 5], [13, 3, 14, 2], [11, 18, 12, 19], [9, 7, 10, 6], [19, 10, 20, 11], [15, 8, 16, 9], [7, 16, 8, 17], [17, 21, 18, 20], [21, 15, 22, 14], [3, 13, 4, 12], [5, 22, 6, 1]]"
11a_128_47,"[[5, 22, 6, 1], [1, 4, 2, 5], [13, 3, 14, 2], [11, 18, 12, 19], [9, 7, 10, 6], [19, 10, 20, 11], [15, 8, 16, 9], [7, 16, 8, 17], [17, 21, 18, 20], [21, 15, 22, 14], [3, 13, 4, 12]]"
11a_128_48,"[[3, 13, 4, 12], [5, 22, 6, 1], [1, 4, 2, 5], [13, 3, 14, 2], [11, 18, 12, 19], [9, 7, 10, 6], [19, 10, 20, 11], [15, 8, 16, 9], [7, 16, 8, 17], [17, 21, 18, 20], [21, 15, 22, 14]]"
11a_128_49,"[[21, 15, 22, 14], [3, 13, 4, 12], [5, 22, 6, 1], [1, 4, 2, 5], [13, 3, 14, 2], [11, 18, 12, 19], [9, 7, 10, 6], [19, 10, 20, 11], [15, 8, 16, 9], [7, 16, 8, 17], [17, 21, 18, 20]]"
11a_128_50,"[[17, 21, 18, 20], [21, 15, 22, 14], [3, 13, 4, 12], [5, 22, 6, 1], [1, 4, 2, 5], [13, 3, 14, 2], [11, 18, 12, 19], [9, 7, 10, 6], [19, 10, 20, 11], [15, 8, 16, 9], [7, 16, 8, 17]]"
11a_128_51,"[[7, 16, 8, 17], [17, 21, 18, 20], [21, 15, 22, 14], [3, 13, 4, 12], [5, 22, 6, 1], [1, 4, 2, 5], [13, 3, 14, 2], [11, 18, 12, 19], [9, 7, 10, 6], [19, 10, 20, 11], [15, 8, 16, 9]]"
11a_128_52,"[[15, 8, 16, 9], [7, 16, 8, 17], [17, 21, 18, 20], [21, 15, 22, 14], [3, 13, 4, 12], [5, 22, 6, 1], [1, 4, 2, 5], [13, 3, 14, 2], [11, 18, 12, 19], [9, 7, 10, 6], [19, 10, 20, 11]]"
11a_128_53,"[[19, 10, 20, 11], [15, 8, 16, 9], [7, 16, 8, 17], [17, 21, 18, 20], [21, 15, 22, 14], [3, 13, 4, 12], [5, 22, 6, 1], [1, 4, 2, 5], [13, 3, 14, 2], [11, 18, 12, 19], [9, 7, 10, 6]]"
11a_128_54,"[[9, 7, 10, 6], [19, 10, 20, 11], [15, 8, 16, 9], [7, 16, 8, 17], [17, 21, 18, 20], [21, 15, 22, 14], [3, 13, 4, 12], [5, 22, 6, 1], [1, 4, 2, 5], [13, 3, 14, 2], [11, 18, 12, 19]]"
11a_128_55,"[[12, 19, 13, 20], [10, 8, 11, 7], [20, 11, 21, 12], [16, 9, 17, 10], [8, 17, 9, 18], [18, 22, 19, 21], [22, 16, 1, 15], [4, 14, 5, 13], [6, 1, 7, 2], [2, 5, 3, 6], [14, 4, 15, 3]]"
11a_128_56,"[[14, 4, 15, 3], [12, 19, 13, 20], [10, 8, 11, 7], [20, 11, 21, 12], [16, 9, 17, 10], [8, 17, 9, 18], [18, 22, 19, 21], [22, 16, 1, 15], [4, 14, 5, 13], [6, 1, 7, 2], [2, 5, 3, 6]]"
11a_128_57,"[[2, 5, 3, 6], [14, 4, 15, 3], [12, 19, 13, 20], [10, 8, 11, 7], [20, 11, 21, 12], [16, 9, 17, 10], [8, 17, 9, 18], [18, 22, 19, 21], [22, 16, 1, 15], [4, 14, 5, 13], [6, 1, 7, 2]]"
11a_128_58,"[[6, 1, 7, 2], [2, 5, 3, 6], [14, 4, 15, 3], [12, 19, 13, 20], [10, 8, 11, 7], [20, 11, 21, 12], [16, 9, 17, 10], [8, 17, 9, 18], [18, 22, 19, 21], [22, 16, 1, 15], [4, 14, 5, 13]]"
11a_128_59,"[[4, 14, 5, 13], [6, 1, 7, 2], [2, 5, 3, 6], [14, 4, 15, 3], [12, 19, 13, 20], [10, 8, 11, 7], [20, 11, 21, 12], [16, 9, 17, 10], [8, 17, 9, 18], [18, 22, 19, 21], [22, 16, 1, 15]]"
11a_128_60,"[[22, 16, 1, 15], [4, 14, 5, 13], [6, 1, 7, 2], [2, 5, 3, 6], [14, 4, 15, 3], [12, 19, 13, 20], [10, 8, 11, 7], [20, 11, 21, 12], [16, 9, 17, 10], [8, 17, 9, 18], [18, 22, 19, 21]]"
11a_128_61,"[[18, 22, 19, 21], [22, 16, 1, 15], [4, 14, 5, 13], [6, 1, 7, 2], [2, 5, 3, 6], [14, 4, 15, 3], [12, 19, 13, 20], [10, 8, 11, 7], [20, 11, 21, 12], [16, 9, 17, 10], [8, 17, 9, 18]]"
11a_128_62,"[[8, 17, 9, 18], [18, 22, 19, 21], [22, 16, 1, 15], [4, 14, 5, 13], [6, 1, 7, 2], [2, 5, 3, 6], [14, 4, 15, 3], [12, 19, 13, 20], [10, 8, 11, 7], [20, 11, 21, 12], [16, 9, 17, 10]]"
11a_128_63,"[[16, 9, 17, 10], [8, 17, 9, 18], [18, 22, 19, 21], [22, 16, 1, 15], [4, 14, 5, 13], [6, 1, 7, 2], [2, 5, 3, 6], [14, 4, 15, 3], [12, 19, 13, 20], [10, 8, 11, 7], [20, 11, 21, 12]]"
11a_128_64,"[[20, 11, 21, 12], [16, 9, 17, 10], [8, 17, 9, 18], [18, 22, 19, 21], [22, 16, 1, 15], [4, 14, 5, 13], [6, 1, 7, 2], [2, 5, 3, 6], [14, 4, 15, 3], [12, 19, 13, 20], [10, 8, 11, 7]]"
11a_128_65,"[[10, 8, 11, 7], [20, 11, 21, 12], [16, 9, 17, 10], [8, 17, 9, 18], [18, 22, 19, 21], [22, 16, 1, 15], [4, 14, 5, 13], [6, 1, 7, 2], [2, 5, 3, 6], [14, 4, 15, 3], [12, 19, 13, 20]]"
11a_128_66,"[[13, 20, 14, 21], [11, 9, 12, 8], [21, 12, 22, 13], [17, 10, 18, 11], [9, 18, 10, 19], [19, 1, 20, 22], [1, 17, 2, 16], [5, 15, 6, 14], [7, 2, 8, 3], [3, 6, 4, 7], [15, 5, 16, 4]]"
11a_128_67,"[[15, 5, 16, 4], [13, 20, 14, 21], [11, 9, 12, 8], [21, 12, 22, 13], [17, 10, 18, 11], [9, 18, 10, 19], [19, 1, 20, 22], [1, 17, 2, 16], [5, 15, 6, 14], [7, 2, 8, 3], [3, 6, 4, 7]]"
11a_128_68,"[[3, 6, 4, 7], [15, 5, 16, 4], [13, 20, 14, 21], [11, 9, 12, 8], [21, 12, 22, 13], [17, 10, 18, 11], [9, 18, 10, 19], [19, 1, 20, 22], [1, 17, 2, 16], [5, 15, 6, 14], [7, 2, 8, 3]]"
11a_128_69,"[[7, 2, 8, 3], [3, 6, 4, 7], [15, 5, 16, 4], [13, 20, 14, 21], [11, 9, 12, 8], [21, 12, 22, 13], [17, 10, 18, 11], [9, 18, 10, 19], [19, 1, 20, 22], [1, 17, 2, 16], [5, 15, 6, 14]]"
11a_128_70,"[[5, 15, 6, 14], [7, 2, 8, 3], [3, 6, 4, 7], [15, 5, 16, 4], [13, 20, 14, 21], [11, 9, 12, 8], [21, 12, 22, 13], [17, 10, 18, 11], [9, 18, 10, 19], [19, 1, 20, 22], [1, 17, 2, 16]]"
11a_128_71,"[[1, 17, 2, 16], [5, 15, 6, 14], [7, 2, 8, 3], [3, 6, 4, 7], [15, 5, 16, 4], [13, 20, 14, 21], [11, 9, 12, 8], [21, 12, 22, 13], [17, 10, 18, 11], [9, 18, 10, 19], [19, 1, 20, 22]]"
11a_128_72,"[[19, 1, 20, 22], [1, 17, 2, 16], [5, 15, 6, 14], [7, 2, 8, 3], [3, 6, 4, 7], [15, 5, 16, 4], [13, 20, 14, 21], [11, 9, 12, 8], [21, 12, 22, 13], [17, 10, 18, 11], [9, 18, 10, 19]]"
11a_128_73,"[[9, 18, 10, 19], [19, 1, 20, 22], [1, 17, 2, 16], [5, 15, 6, 14], [7, 2, 8, 3], [3, 6, 4, 7], [15, 5, 16, 4], [13, 20, 14, 21], [11, 9, 12, 8], [21, 12, 22, 13], [17, 10, 18, 11]]"
11a_128_74,"[[17, 10, 18, 11], [9, 18, 10, 19], [19, 1, 20, 22], [1, 17, 2, 16], [5, 15, 6, 14], [7, 2, 8, 3], [3, 6, 4, 7], [15, 5, 16, 4], [13, 20, 14, 21], [11, 9, 12, 8], [21, 12, 22, 13]]"
11a_128_75,"[[21, 12, 22, 13], [17, 10, 18, 11], [9, 18, 10, 19], [19, 1, 20, 22], [1, 17, 2, 16], [5, 15, 6, 14], [7, 2, 8, 3], [3, 6, 4, 7], [15, 5, 16, 4], [13, 20, 14, 21], [11, 9, 12, 8]]"
11a_128_76,"[[11, 9, 12, 8], [21, 12, 22, 13], [17, 10, 18, 11], [9, 18, 10, 19], [19, 1, 20, 22], [1, 17, 2, 16], [5, 15, 6, 14], [7, 2, 8, 3], [3, 6, 4, 7], [15, 5, 16, 4], [13, 20, 14, 21]]"
11a_128_77,"[[14, 21, 15, 22], [12, 10, 13, 9], [22, 13, 1, 14], [18, 11, 19, 12], [10, 19, 11, 20], [20, 2, 21, 1], [2, 18, 3, 17], [6, 16, 7, 15], [8, 3, 9, 4], [4, 7, 5, 8], [16, 6, 17, 5]]"
11a_128_78,"[[16, 6, 17, 5], [14, 21, 15, 22], [12, 10, 13, 9], [22, 13, 1, 14], [18, 11, 19, 12], [10, 19, 11, 20], [20, 2, 21, 1], [2, 18, 3, 17], [6, 16, 7, 15], [8, 3, 9, 4], [4, 7, 5, 8]]"
11a_128_79,"[[4, 7, 5, 8], [16, 6, 17, 5], [14, 21, 15, 22], [12, 10, 13, 9], [22, 13, 1, 14], [18, 11, 19, 12], [10, 19, 11, 20], [20, 2, 21, 1], [2, 18, 3, 17], [6, 16, 7, 15], [8, 3, 9, 4]]"
11a_128_80,"[[8, 3, 9, 4], [4, 7, 5, 8], [16, 6, 17, 5], [14, 21, 15, 22], [12, 10, 13, 9], [22, 13, 1, 14], [18, 11, 19, 12], [10, 19, 11, 20], [20, 2, 21, 1], [2, 18, 3, 17], [6, 16, 7, 15]]"
11a_128_81,"[[6, 16, 7, 15], [8, 3, 9, 4], [4, 7, 5, 8], [16, 6, 17, 5], [14, 21, 15, 22], [12, 10, 13, 9], [22, 13, 1, 14], [18, 11, 19, 12], [10, 19, 11, 20], [20, 2, 21, 1], [2, 18, 3, 17]]"
11a_128_82,"[[2, 18, 3, 17], [6, 16, 7, 15], [8, 3, 9, 4], [4, 7, 5, 8], [16, 6, 17, 5], [14, 21, 15, 22], [12, 10, 13, 9], [22, 13, 1, 14], [18, 11, 19, 12], [10, 19, 11, 20], [20, 2, 21, 1]]"
11a_128_83,"[[20, 2, 21, 1], [2, 18, 3, 17], [6, 16, 7, 15], [8, 3, 9, 4], [4, 7, 5, 8], [16, 6, 17, 5], [14, 21, 15, 22], [12, 10, 13, 9], [22, 13, 1, 14], [18, 11, 19, 12], [10, 19, 11, 20]]"
11a_128_84,"[[10, 19, 11, 20], [20, 2, 21, 1], [2, 18, 3, 17], [6, 16, 7, 15], [8, 3, 9, 4], [4, 7, 5, 8], [16, 6, 17, 5], [14, 21, 15, 22], [12, 10, 13, 9], [22, 13, 1, 14], [18, 11, 19, 12]]"
11a_128_85,"[[18, 11, 19, 12], [10, 19, 11, 20], [20, 2, 21, 1], [2, 18, 3, 17], [6, 16, 7, 15], [8, 3, 9, 4], [4, 7, 5, 8], [16, 6, 17, 5], [14, 21, 15, 22], [12, 10, 13, 9], [22, 13, 1, 14]]"
11a_128_86,"[[22, 13, 1, 14], [18, 11, 19, 12], [10, 19, 11, 20], [20, 2, 21, 1], [2, 18, 3, 17], [6, 16, 7, 15], [8, 3, 9, 4], [4, 7, 5, 8], [16, 6, 17, 5], [14, 21, 15, 22], [12, 10, 13, 9]]"
11a_128_87,"[[12, 10, 13, 9], [22, 13, 1, 14], [18, 11, 19, 12], [10, 19, 11, 20], [20, 2, 21, 1], [2, 18, 3, 17], [6, 16, 7, 15], [8, 3, 9, 4], [4, 7, 5, 8], [16, 6, 17, 5], [14, 21, 15, 22]]"
11a_128_88,"[[15, 22, 16, 1], [13, 11, 14, 10], [1, 14, 2, 15], [19, 12, 20, 13], [11, 20, 12, 21], [21, 3, 22, 2], [3, 19, 4, 18], [7, 17, 8, 16], [9, 4, 10, 5], [5, 8, 6, 9], [17, 7, 18, 6]]"
11a_128_89,"[[17, 7, 18, 6], [15, 22, 16, 1], [13, 11, 14, 10], [1, 14, 2, 15], [19, 12, 20, 13], [11, 20, 12, 21], [21, 3, 22, 2], [3, 19, 4, 18], [7, 17, 8, 16], [9, 4, 10, 5], [5, 8, 6, 9]]"
11a_128_90,"[[5, 8, 6, 9], [17, 7, 18, 6], [15, 22, 16, 1], [13, 11, 14, 10], [1, 14, 2, 15], [19, 12, 20, 13], [11, 20, 12, 21], [21, 3, 22, 2], [3, 19, 4, 18], [7, 17, 8, 16], [9, 4, 10, 5]]"
11a_128_91,"[[9, 4, 10, 5], [5, 8, 6, 9], [17, 7, 18, 6], [15, 22, 16, 1], [13, 11, 14, 10], [1, 14, 2, 15], [19, 12, 20, 13], [11, 20, 12, 21], [21, 3, 22, 2], [3, 19, 4, 18], [7, 17, 8, 16]]"
11a_128_92,"[[7, 17, 8, 16], [9, 4, 10, 5], [5, 8, 6, 9], [17, 7, 18, 6], [15, 22, 16, 1], [13, 11, 14, 10], [1, 14, 2, 15], [19, 12, 20, 13], [11, 20, 12, 21], [21, 3, 22, 2], [3, 19, 4, 18]]"
11a_128_93,"[[3, 19, 4, 18], [7, 17, 8, 16], [9, 4, 10, 5], [5, 8, 6, 9], [17, 7, 18, 6], [15, 22, 16, 1], [13, 11, 14, 10], [1, 14, 2, 15], [19, 12, 20, 13], [11, 20, 12, 21], [21, 3, 22, 2]]"
11a_128_94,"[[21, 3, 22, 2], [3, 19, 4, 18], [7, 17, 8, 16], [9, 4, 10, 5], [5, 8, 6, 9], [17, 7, 18, 6], [15, 22, 16, 1], [13, 11, 14, 10], [1, 14, 2, 15], [19, 12, 20, 13], [11, 20, 12, 21]]"
11a_128_95,"[[11, 20, 12, 21], [21, 3, 22, 2], [3, 19, 4, 18], [7, 17, 8, 16], [9, 4, 10, 5], [5, 8, 6, 9], [17, 7, 18, 6], [15, 22, 16, 1], [13, 11, 14, 10], [1, 14, 2, 15], [19, 12, 20, 13]]"
11a_128_96,"[[19, 12, 20, 13], [11, 20, 12, 21], [21, 3, 22, 2], [3, 19, 4, 18], [7, 17, 8, 16], [9, 4, 10, 5], [5, 8, 6, 9], [17, 7, 18, 6], [15, 22, 16, 1], [13, 11, 14, 10], [1, 14, 2, 15]]"
11a_128_97,"[[1, 14, 2, 15], [19, 12, 20, 13], [11, 20, 12, 21], [21, 3, 22, 2], [3, 19, 4, 18], [7, 17, 8, 16], [9, 4, 10, 5], [5, 8, 6, 9], [17, 7, 18, 6], [15, 22, 16, 1], [13, 11, 14, 10]]"
11a_128_98,"[[13, 11, 14, 10], [1, 14, 2, 15], [19, 12, 20, 13], [11, 20, 12, 21], [21, 3, 22, 2], [3, 19, 4, 18], [7, 17, 8, 16], [9, 4, 10, 5], [5, 8, 6, 9], [17, 7, 18, 6], [15, 22, 16, 1]]"
11a_128_99,"[[16, 1, 17, 2], [14, 12, 15, 11], [2, 15, 3, 16], [20, 13, 21, 14], [12, 21, 13, 22], [22, 4, 1, 3], [4, 20, 5, 19], [8, 18, 9, 17], [10, 5, 11, 6], [6, 9, 7, 10], [18, 8, 19, 7]]"
11a_128_100,"[[18, 8, 19, 7], [16, 1, 17, 2], [14, 12, 15, 11], [2, 15, 3, 16], [20, 13, 21, 14], [12, 21, 13, 22], [22, 4, 1, 3], [4, 20, 5, 19], [8, 18, 9, 17], [10, 5, 11, 6], [6, 9, 7, 10]]"
11a_128_101,"[[6, 9, 7, 10], [18, 8, 19, 7], [16, 1, 17, 2], [14, 12, 15, 11], [2, 15, 3, 16], [20, 13, 21, 14], [12, 21, 13, 22], [22, 4, 1, 3], [4, 20, 5, 19], [8, 18, 9, 17], [10, 5, 11, 6]]"
11a_128_102,"[[10, 5, 11, 6], [6, 9, 7, 10], [18, 8, 19, 7], [16, 1, 17, 2], [14, 12, 15, 11], [2, 15, 3, 16], [20, 13, 21, 14], [12, 21, 13, 22], [22, 4, 1, 3], [4, 20, 5, 19], [8, 18, 9, 17]]"
11a_128_103,"[[8, 18, 9, 17], [10, 5, 11, 6], [6, 9, 7, 10], [18, 8, 19, 7], [16, 1, 17, 2], [14, 12, 15, 11], [2, 15, 3, 16], [20, 13, 21, 14], [12, 21, 13, 22], [22, 4, 1, 3], [4, 20, 5, 19]]"
11a_128_104,"[[4, 20, 5, 19], [8, 18, 9, 17], [10, 5, 11, 6], [6, 9, 7, 10], [18, 8, 19, 7], [16, 1, 17, 2], [14, 12, 15, 11], [2, 15, 3, 16], [20, 13, 21, 14], [12, 21, 13, 22], [22, 4, 1, 3]]"
11a_128_105,"[[22, 4, 1, 3], [4, 20, 5, 19], [8, 18, 9, 17], [10, 5, 11, 6], [6, 9, 7, 10], [18, 8, 19, 7], [16, 1, 17, 2], [14, 12, 15, 11], [2, 15, 3, 16], [20, 13, 21, 14], [12, 21, 13, 22]]"
11a_128_106,"[[12, 21, 13, 22], [22, 4, 1, 3], [4, 20, 5, 19], [8, 18, 9, 17], [10, 5, 11, 6], [6, 9, 7, 10], [18, 8, 19, 7], [16, 1, 17, 2], [14, 12, 15, 11], [2, 15, 3, 16], [20, 13, 21, 14]]"
11a_128_107,"[[20, 13, 21, 14], [12, 21, 13, 22], [22, 4, 1, 3], [4, 20, 5, 19], [8, 18, 9, 17], [10, 5, 11, 6], [6, 9, 7, 10], [18, 8, 19, 7], [16, 1, 17, 2], [14, 12, 15, 11], [2, 15, 3, 16]]"
11a_128_108,"[[2, 15, 3, 16], [20, 13, 21, 14], [12, 21, 13, 22], [22, 4, 1, 3], [4, 20, 5, 19], [8, 18, 9, 17], [10, 5, 11, 6], [6, 9, 7, 10], [18, 8, 19, 7], [16, 1, 17, 2], [14, 12, 15, 11]]"
11a_128_109,"[[14, 12, 15, 11], [2, 15, 3, 16], [20, 13, 21, 14], [12, 21, 13, 22], [22, 4, 1, 3], [4, 20, 5, 19], [8, 18, 9, 17], [10, 5, 11, 6], [6, 9, 7, 10], [18, 8, 19, 7], [16, 1, 17, 2]]"
11a_128_110,"[[17, 2, 18, 3], [15, 13, 16, 12], [3, 16, 4, 17], [21, 14, 22, 15], [13, 22, 14, 1], [1, 5, 2, 4], [5, 21, 6, 20], [9, 19, 10, 18], [11, 6, 12, 7], [7, 10, 8, 11], [19, 9, 20, 8]]"
11a_128_111,"[[19, 9, 20, 8], [17, 2, 18, 3], [15, 13, 16, 12], [3, 16, 4, 17], [21, 14, 22, 15], [13, 22, 14, 1], [1, 5, 2, 4], [5, 21, 6, 20], [9, 19, 10, 18], [11, 6, 12, 7], [7, 10, 8, 11]]"
11a_128_112,"[[7, 10, 8, 11], [19, 9, 20, 8], [17, 2, 18, 3], [15, 13, 16, 12], [3, 16, 4, 17], [21, 14, 22, 15], [13, 22, 14, 1], [1, 5, 2, 4], [5, 21, 6, 20], [9, 19, 10, 18], [11, 6, 12, 7]]"
11a_128_113,"[[11, 6, 12, 7], [7, 10, 8, 11], [19, 9, 20, 8], [17, 2, 18, 3], [15, 13, 16, 12], [3, 16, 4, 17], [21, 14, 22, 15], [13, 22, 14, 1], [1, 5, 2, 4], [5, 21, 6, 20], [9, 19, 10, 18]]"
11a_128_114,"[[9, 19, 10, 18], [11, 6, 12, 7], [7, 10, 8, 11], [19, 9, 20, 8], [17, 2, 18, 3], [15, 13, 16, 12], [3, 16, 4, 17], [21, 14, 22, 15], [13, 22, 14, 1], [1, 5, 2, 4], [5, 21, 6, 20]]"
11a_128_115,"[[5, 21, 6, 20], [9, 19, 10, 18], [11, 6, 12, 7], [7, 10, 8, 11], [19, 9, 20, 8], [17, 2, 18, 3], [15, 13, 16, 12], [3, 16, 4, 17], [21, 14, 22, 15], [13, 22, 14, 1], [1, 5, 2, 4]]"
11a_128_116,"[[1, 5, 2, 4], [5, 21, 6, 20], [9, 19, 10, 18], [11, 6, 12, 7], [7, 10, 8, 11], [19, 9, 20, 8], [17, 2, 18, 3], [15, 13, 16, 12], [3, 16, 4, 17], [21, 14, 22, 15], [13, 22, 14, 1]]"
11a_128_117,"[[13, 22, 14, 1], [1, 5, 2, 4], [5, 21, 6, 20], [9, 19, 10, 18], [11, 6, 12, 7], [7, 10, 8, 11], [19, 9, 20, 8], [17, 2, 18, 3], [15, 13, 16, 12], [3, 16, 4, 17], [21, 14, 22, 15]]"
11a_128_118,"[[21, 14, 22, 15], [13, 22, 14, 1], [1, 5, 2, 4], [5, 21, 6, 20], [9, 19, 10, 18], [11, 6, 12, 7], [7, 10, 8, 11], [19, 9, 20, 8], [17, 2, 18, 3], [15, 13, 16, 12], [3, 16, 4, 17]]"
11a_128_119,"[[3, 16, 4, 17], [21, 14, 22, 15], [13, 22, 14, 1], [1, 5, 2, 4], [5, 21, 6, 20], [9, 19, 10, 18], [11, 6, 12, 7], [7, 10, 8, 11], [19, 9, 20, 8], [17, 2, 18, 3], [15, 13, 16, 12]]"
11a_128_120,"[[15, 13, 16, 12], [3, 16, 4, 17], [21, 14, 22, 15], [13, 22, 14, 1], [1, 5, 2, 4], [5, 21, 6, 20], [9, 19, 10, 18], [11, 6, 12, 7], [7, 10, 8, 11], [19, 9, 20, 8], [17, 2, 18, 3]]"
11a_128_121,"[[18, 3, 19, 4], [16, 14, 17, 13], [4, 17, 5, 18], [22, 15, 1, 16], [14, 1, 15, 2], [2, 6, 3, 5], [6, 22, 7, 21], [10, 20, 11, 19], [12, 7, 13, 8], [8, 11, 9, 12], [20, 10, 21, 9]]"
11a_128_122,"[[20, 10, 21, 9], [18, 3, 19, 4], [16, 14, 17, 13], [4, 17, 5, 18], [22, 15, 1, 16], [14, 1, 15, 2], [2, 6, 3, 5], [6, 22, 7, 21], [10, 20, 11, 19], [12, 7, 13, 8], [8, 11, 9, 12]]"
11a_128_123,"[[8, 11, 9, 12], [20, 10, 21, 9], [18, 3, 19, 4], [16, 14, 17, 13], [4, 17, 5, 18], [22, 15, 1, 16], [14, 1, 15, 2], [2, 6, 3, 5], [6, 22, 7, 21], [10, 20, 11, 19], [12, 7, 13, 8]]"
11a_128_124,"[[12, 7, 13, 8], [8, 11, 9, 12], [20, 10, 21, 9], [18, 3, 19, 4], [16, 14, 17, 13], [4, 17, 5, 18], [22, 15, 1, 16], [14, 1, 15, 2], [2, 6, 3, 5], [6, 22, 7, 21], [10, 20, 11, 19]]"
11a_128_125,"[[10, 20, 11, 19], [12, 7, 13, 8], [8, 11, 9, 12], [20, 10, 21, 9], [18, 3, 19, 4], [16, 14, 17, 13], [4, 17, 5, 18], [22, 15, 1, 16], [14, 1, 15, 2], [2, 6, 3, 5], [6, 22, 7, 21]]"
11a_128_126,"[[6, 22, 7, 21], [10, 20, 11, 19], [12, 7, 13, 8], [8, 11, 9, 12], [20, 10, 21, 9], [18, 3, 19, 4], [16, 14, 17, 13], [4, 17, 5, 18], [22, 15, 1, 16], [14, 1, 15, 2], [2, 6, 3, 5]]"
11a_128_127,"[[2, 6, 3, 5], [6, 22, 7, 21], [10, 20, 11, 19], [12, 7, 13, 8], [8, 11, 9, 12], [20, 10, 21, 9], [18, 3, 19, 4], [16, 14, 17, 13], [4, 17, 5, 18], [22, 15, 1, 16], [14, 1, 15, 2]]"
11a_128_128,"[[14, 1, 15, 2], [2, 6, 3, 5], [6, 22, 7, 21], [10, 20, 11, 19], [12, 7, 13, 8], [8, 11, 9, 12], [20, 10, 21, 9], [18, 3, 19, 4], [16, 14, 17, 13], [4, 17, 5, 18], [22, 15, 1, 16]]"
11a_128_129,"[[22, 15, 1, 16], [14, 1, 15, 2], [2, 6, 3, 5], [6, 22, 7, 21], [10, 20, 11, 19], [12, 7, 13, 8], [8, 11, 9, 12], [20, 10, 21, 9], [18, 3, 19, 4], [16, 14, 17, 13], [4, 17, 5, 18]]"
11a_128_130,"[[4, 17, 5, 18], [22, 15, 1, 16], [14, 1, 15, 2], [2, 6, 3, 5], [6, 22, 7, 21], [10, 20, 11, 19], [12, 7, 13, 8], [8, 11, 9, 12], [20, 10, 21, 9], [18, 3, 19, 4], [16, 14, 17, 13]]"
11a_128_131,"[[16, 14, 17, 13], [4, 17, 5, 18], [22, 15, 1, 16], [14, 1, 15, 2], [2, 6, 3, 5], [6, 22, 7, 21], [10, 20, 11, 19], [12, 7, 13, 8], [8, 11, 9, 12], [20, 10, 21, 9], [18, 3, 19, 4]]"
11a_128_132,"[[19, 4, 20, 5], [17, 15, 18, 14], [5, 18, 6, 19], [1, 16, 2, 17], [15, 2, 16, 3], [3, 7, 4, 6], [7, 1, 8, 22], [11, 21, 12, 20], [13, 8, 14, 9], [9, 12, 10, 13], [21, 11, 22, 10]]"
11a_128_133,"[[21, 11, 22, 10], [19, 4, 20, 5], [17, 15, 18, 14], [5, 18, 6, 19], [1, 16, 2, 17], [15, 2, 16, 3], [3, 7, 4, 6], [7, 1, 8, 22], [11, 21, 12, 20], [13, 8, 14, 9], [9, 12, 10, 13]]"
11a_128_134,"[[9, 12, 10, 13], [21, 11, 22, 10], [19, 4, 20, 5], [17, 15, 18, 14], [5, 18, 6, 19], [1, 16, 2, 17], [15, 2, 16, 3], [3, 7, 4, 6], [7, 1, 8, 22], [11, 21, 12, 20], [13, 8, 14, 9]]"
11a_128_135,"[[13, 8, 14, 9], [9, 12, 10, 13], [21, 11, 22, 10], [19, 4, 20, 5], [17, 15, 18, 14], [5, 18, 6, 19], [1, 16, 2, 17], [15, 2, 16, 3], [3, 7, 4, 6], [7, 1, 8, 22], [11, 21, 12, 20]]"
11a_128_136,"[[11, 21, 12, 20], [13, 8, 14, 9], [9, 12, 10, 13], [21, 11, 22, 10], [19, 4, 20, 5], [17, 15, 18, 14], [5, 18, 6, 19], [1, 16, 2, 17], [15, 2, 16, 3], [3, 7, 4, 6], [7, 1, 8, 22]]"
11a_128_137,"[[7, 1, 8, 22], [11, 21, 12, 20], [13, 8, 14, 9], [9, 12, 10, 13], [21, 11, 22, 10], [19, 4, 20, 5], [17, 15, 18, 14], [5, 18, 6, 19], [1, 16, 2, 17], [15, 2, 16, 3], [3, 7, 4, 6]]"
11a_128_138,"[[3, 7, 4, 6], [7, 1, 8, 22], [11, 21, 12, 20], [13, 8, 14, 9], [9, 12, 10, 13], [21, 11, 22, 10], [19, 4, 20, 5], [17, 15, 18, 14], [5, 18, 6, 19], [1, 16, 2, 17], [15, 2, 16, 3]]"
11a_128_139,"[[15, 2, 16, 3], [3, 7, 4, 6], [7, 1, 8, 22], [11, 21, 12, 20], [13, 8, 14, 9], [9, 12, 10, 13], [21, 11, 22, 10], [19, 4, 20, 5], [17, 15, 18, 14], [5, 18, 6, 19], [1, 16, 2, 17]]"
11a_128_140,"[[1, 16, 2, 17], [15, 2, 16, 3], [3, 7, 4, 6], [7, 1, 8, 22], [11, 21, 12, 20], [13, 8, 14, 9], [9, 12, 10, 13], [21, 11, 22, 10], [19, 4, 20, 5], [17, 15, 18, 14], [5, 18, 6, 19]]"
11a_128_141,"[[5, 18, 6, 19], [1, 16, 2, 17], [15, 2, 16, 3], [3, 7, 4, 6], [7, 1, 8, 22], [11, 21, 12, 20], [13, 8, 14, 9], [9, 12, 10, 13], [21, 11, 22, 10], [19, 4, 20, 5], [17, 15, 18, 14]]"
11a_128_142,"[[17, 15, 18, 14], [5, 18, 6, 19], [1, 16, 2, 17], [15, 2, 16, 3], [3, 7, 4, 6], [7, 1, 8, 22], [11, 21, 12, 20], [13, 8, 14, 9], [9, 12, 10, 13], [21, 11, 22, 10], [19, 4, 20, 5]]"
11a_128_143,"[[20, 5, 21, 6], [18, 16, 19, 15], [6, 19, 7, 20], [2, 17, 3, 18], [16, 3, 17, 4], [4, 8, 5, 7], [8, 2, 9, 1], [12, 22, 13, 21], [14, 9, 15, 10], [10, 13, 11, 14], [22, 12, 1, 11]]"
11a_128_144,"[[22, 12, 1, 11], [20, 5, 21, 6], [18, 16, 19, 15], [6, 19, 7, 20], [2, 17, 3, 18], [16, 3, 17, 4], [4, 8, 5, 7], [8, 2, 9, 1], [12, 22, 13, 21], [14, 9, 15, 10], [10, 13, 11, 14]]"
11a_128_145,"[[10, 13, 11, 14], [22, 12, 1, 11], [20, 5, 21, 6], [18, 16, 19, 15], [6, 19, 7, 20], [2, 17, 3, 18], [16, 3, 17, 4], [4, 8, 5, 7], [8, 2, 9, 1], [12, 22, 13, 21], [14, 9, 15, 10]]"
11a_128_146,"[[14, 9, 15, 10], [10, 13, 11, 14], [22, 12, 1, 11], [20, 5, 21, 6], [18, 16, 19, 15], [6, 19, 7, 20], [2, 17, 3, 18], [16, 3, 17, 4], [4, 8, 5, 7], [8, 2, 9, 1], [12, 22, 13, 21]]"
11a_128_147,"[[12, 22, 13, 21], [14, 9, 15, 10], [10, 13, 11, 14], [22, 12, 1, 11], [20, 5, 21, 6], [18, 16, 19, 15], [6, 19, 7, 20], [2, 17, 3, 18], [16, 3, 17, 4], [4, 8, 5, 7], [8, 2, 9, 1]]"
11a_128_148,"[[8, 2, 9, 1], [12, 22, 13, 21], [14, 9, 15, 10], [10, 13, 11, 14], [22, 12, 1, 11], [20, 5, 21, 6], [18, 16, 19, 15], [6, 19, 7, 20], [2, 17, 3, 18], [16, 3, 17, 4], [4, 8, 5, 7]]"
11a_128_149,"[[4, 8, 5, 7], [8, 2, 9, 1], [12, 22, 13, 21], [14, 9, 15, 10], [10, 13, 11, 14], [22, 12, 1, 11], [20, 5, 21, 6], [18, 16, 19, 15], [6, 19, 7, 20], [2, 17, 3, 18], [16, 3, 17, 4]]"
11a_128_150,"[[16, 3, 17, 4], [4, 8, 5, 7], [8, 2, 9, 1], [12, 22, 13, 21], [14, 9, 15, 10], [10, 13, 11, 14], [22, 12, 1, 11], [20, 5, 21, 6], [18, 16, 19, 15], [6, 19, 7, 20], [2, 17, 3, 18]]"
11a_128_151,"[[2, 17, 3, 18], [16, 3, 17, 4], [4, 8, 5, 7], [8, 2, 9, 1], [12, 22, 13, 21], [14, 9, 15, 10], [10, 13, 11, 14], [22, 12, 1, 11], [20, 5, 21, 6], [18, 16, 19, 15], [6, 19, 7, 20]]"
11a_128_152,"[[6, 19, 7, 20], [2, 17, 3, 18], [16, 3, 17, 4], [4, 8, 5, 7], [8, 2, 9, 1], [12, 22, 13, 21], [14, 9, 15, 10], [10, 13, 11, 14], [22, 12, 1, 11], [20, 5, 21, 6], [18, 16, 19, 15]]"
11a_128_153,"[[18, 16, 19, 15], [6, 19, 7, 20], [2, 17, 3, 18], [16, 3, 17, 4], [4, 8, 5, 7], [8, 2, 9, 1], [12, 22, 13, 21], [14, 9, 15, 10], [10, 13, 11, 14], [22, 12, 1, 11], [20, 5, 21, 6]]"
11a_128_154,"[[21, 6, 22, 7], [19, 17, 20, 16], [7, 20, 8, 21], [3, 18, 4, 19], [17, 4, 18, 5], [5, 9, 6, 8], [9, 3, 10, 2], [13, 1, 14, 22], [15, 10, 16, 11], [11, 14, 12, 15], [1, 13, 2, 12]]"
11a_128_155,"[[1, 13, 2, 12], [21, 6, 22, 7], [19, 17, 20, 16], [7, 20, 8, 21], [3, 18, 4, 19], [17, 4, 18, 5], [5, 9, 6, 8], [9, 3, 10, 2], [13, 1, 14, 22], [15, 10, 16, 11], [11, 14, 12, 15]]"
11a_128_156,"[[11, 14, 12, 15], [1, 13, 2, 12], [21, 6, 22, 7], [19, 17, 20, 16], [7, 20, 8, 21], [3, 18, 4, 19], [17, 4, 18, 5], [5, 9, 6, 8], [9, 3, 10, 2], [13, 1, 14, 22], [15, 10, 16, 11]]"
11a_128_157,"[[15, 10, 16, 11], [11, 14, 12, 15], [1, 13, 2, 12], [21, 6, 22, 7], [19, 17, 20, 16], [7, 20, 8, 21], [3, 18, 4, 19], [17, 4, 18, 5], [5, 9, 6, 8], [9, 3, 10, 2], [13, 1, 14, 22]]"
11a_128_158,"[[13, 1, 14, 22], [15, 10, 16, 11], [11, 14, 12, 15], [1, 13, 2, 12], [21, 6, 22, 7], [19, 17, 20, 16], [7, 20, 8, 21], [3, 18, 4, 19], [17, 4, 18, 5], [5, 9, 6, 8], [9, 3, 10, 2]]"
11a_128_159,"[[9, 3, 10, 2], [13, 1, 14, 22], [15, 10, 16, 11], [11, 14, 12, 15], [1, 13, 2, 12], [21, 6, 22, 7], [19, 17, 20, 16], [7, 20, 8, 21], [3, 18, 4, 19], [17, 4, 18, 5], [5, 9, 6, 8]]"
11a_128_160,"[[5, 9, 6, 8], [9, 3, 10, 2], [13, 1, 14, 22], [15, 10, 16, 11], [11, 14, 12, 15], [1, 13, 2, 12], [21, 6, 22, 7], [19, 17, 20, 16], [7, 20, 8, 21], [3, 18, 4, 19], [17, 4, 18, 5]]"
11a_128_161,"[[17, 4, 18, 5], [5, 9, 6, 8], [9, 3, 10, 2], [13, 1, 14, 22], [15, 10, 16, 11], [11, 14, 12, 15], [1, 13, 2, 12], [21, 6, 22, 7], [19, 17, 20, 16], [7, 20, 8, 21], [3, 18, 4, 19]]"
11a_128_162,"[[3, 18, 4, 19], [17, 4, 18, 5], [5, 9, 6, 8], [9, 3, 10, 2], [13, 1, 14, 22], [15, 10, 16, 11], [11, 14, 12, 15], [1, 13, 2, 12], [21, 6, 22, 7], [19, 17, 20, 16], [7, 20, 8, 21]]"
11a_128_163,"[[7, 20, 8, 21], [3, 18, 4, 19], [17, 4, 18, 5], [5, 9, 6, 8], [9, 3, 10, 2], [13, 1, 14, 22], [15, 10, 16, 11], [11, 14, 12, 15], [1, 13, 2, 12], [21, 6, 22, 7], [19, 17, 20, 16]]"
11a_128_164,"[[19, 17, 20, 16], [7, 20, 8, 21], [3, 18, 4, 19], [17, 4, 18, 5], [5, 9, 6, 8], [9, 3, 10, 2], [13, 1, 14, 22], [15, 10, 16, 11], [11, 14, 12, 15], [1, 13, 2, 12], [21, 6, 22, 7]]"
11a_128_165,"[[22, 7, 1, 8], [20, 18, 21, 17], [8, 21, 9, 22], [4, 19, 5, 20], [18, 5, 19, 6], [6, 10, 7, 9], [10, 4, 11, 3], [14, 2, 15, 1], [16, 11, 17, 12], [12, 15, 13, 16], [2, 14, 3, 13]]"
11a_128_166,"[[2, 14, 3, 13], [22, 7, 1, 8], [20, 18, 21, 17], [8, 21, 9, 22], [4, 19, 5, 20], [18, 5, 19, 6], [6, 10, 7, 9], [10, 4, 11, 3], [14, 2, 15, 1], [16, 11, 17, 12], [12, 15, 13, 16]]"
11a_128_167,"[[12, 15, 13, 16], [2, 14, 3, 13], [22, 7, 1, 8], [20, 18, 21, 17], [8, 21, 9, 22], [4, 19, 5, 20], [18, 5, 19, 6], [6, 10, 7, 9], [10, 4, 11, 3], [14, 2, 15, 1], [16, 11, 17, 12]]"
11a_128_168,"[[16, 11, 17, 12], [12, 15, 13, 16], [2, 14, 3, 13], [22, 7, 1, 8], [20, 18, 21, 17], [8, 21, 9, 22], [4, 19, 5, 20], [18, 5, 19, 6], [6, 10, 7, 9], [10, 4, 11, 3], [14, 2, 15, 1]]"
11a_128_169,"[[14, 2, 15, 1], [16, 11, 17, 12], [12, 15, 13, 16], [2, 14, 3, 13], [22, 7, 1, 8], [20, 18, 21, 17], [8, 21, 9, 22], [4, 19, 5, 20], [18, 5, 19, 6], [6, 10, 7, 9], [10, 4, 11, 3]]"
11a_128_170,"[[10, 4, 11, 3], [14, 2, 15, 1], [16, 11, 17, 12], [12, 15, 13, 16], [2, 14, 3, 13], [22, 7, 1, 8], [20, 18, 21, 17], [8, 21, 9, 22], [4, 19, 5, 20], [18, 5, 19, 6], [6, 10, 7, 9]]"
11a_128_171,"[[6, 10, 7, 9], [10, 4, 11, 3], [14, 2, 15, 1], [16, 11, 17, 12], [12, 15, 13, 16], [2, 14, 3, 13], [22, 7, 1, 8], [20, 18, 21, 17], [8, 21, 9, 22], [4, 19, 5, 20], [18, 5, 19, 6]]"
11a_128_172,"[[18, 5, 19, 6], [6, 10, 7, 9], [10, 4, 11, 3], [14, 2, 15, 1], [16, 11, 17, 12], [12, 15, 13, 16], [2, 14, 3, 13], [22, 7, 1, 8], [20, 18, 21, 17], [8, 21, 9, 22], [4, 19, 5, 20]]"
11a_128_173,"[[4, 19, 5, 20], [18, 5, 19, 6], [6, 10, 7, 9], [10, 4, 11, 3], [14, 2, 15, 1], [16, 11, 17, 12], [12, 15, 13, 16], [2, 14, 3, 13], [22, 7, 1, 8], [20, 18, 21, 17], [8, 21, 9, 22]]"
11a_128_174,"[[8, 21, 9, 22], [4, 19, 5, 20], [18, 5, 19, 6], [6, 10, 7, 9], [10, 4, 11, 3], [14, 2, 15, 1], [16, 11, 17, 12], [12, 15, 13, 16], [2, 14, 3, 13], [22, 7, 1, 8], [20, 18, 21, 17]]"
11a_128_175,"[[20, 18, 21, 17], [8, 21, 9, 22], [4, 19, 5, 20], [18, 5, 19, 6], [6, 10, 7, 9], [10, 4, 11, 3], [14, 2, 15, 1], [16, 11, 17, 12], [12, 15, 13, 16], [2, 14, 3, 13], [22, 7, 1, 8]]"
11a_128_176,"[[1, 8, 2, 9], [21, 19, 22, 18], [9, 22, 10, 1], [5, 20, 6, 21], [19, 6, 20, 7], [7, 11, 8, 10], [11, 5, 12, 4], [15, 3, 16, 2], [17, 12, 18, 13], [13, 16, 14, 17], [3, 15, 4, 14]]"
11a_128_177,"[[3, 15, 4, 14], [1, 8, 2, 9], [21, 19, 22, 18], [9, 22, 10, 1], [5, 20, 6, 21], [19, 6, 20, 7], [7, 11, 8, 10], [11, 5, 12, 4], [15, 3, 16, 2], [17, 12, 18, 13], [13, 16, 14, 17]]"
11a_128_178,"[[13, 16, 14, 17], [3, 15, 4, 14], [1, 8, 2, 9], [21, 19, 22, 18], [9, 22, 10, 1], [5, 20, 6, 21], [19, 6, 20, 7], [7, 11, 8, 10], [11, 5, 12, 4], [15, 3, 16, 2], [17, 12, 18, 13]]"
11a_128_179,"[[17, 12, 18, 13], [13, 16, 14, 17], [3, 15, 4, 14], [1, 8, 2, 9], [21, 19, 22, 18], [9, 22, 10, 1], [5, 20, 6, 21], [19, 6, 20, 7], [7, 11, 8, 10], [11, 5, 12, 4], [15, 3, 16, 2]]"
11a_128_180,"[[15, 3, 16, 2], [17, 12, 18, 13], [13, 16, 14, 17], [3, 15, 4, 14], [1, 8, 2, 9], [21, 19, 22, 18], [9, 22, 10, 1], [5, 20, 6, 21], [19, 6, 20, 7], [7, 11, 8, 10], [11, 5, 12, 4]]"
11a_128_181,"[[11, 5, 12, 4], [15, 3, 16, 2], [17, 12, 18, 13], [13, 16, 14, 17], [3, 15, 4, 14], [1, 8, 2, 9], [21, 19, 22, 18], [9, 22, 10, 1], [5, 20, 6, 21], [19, 6, 20, 7], [7, 11, 8, 10]]"
11a_128_182,"[[7, 11, 8, 10], [11, 5, 12, 4], [15, 3, 16, 2], [17, 12, 18, 13], [13, 16, 14, 17], [3, 15, 4, 14], [1, 8, 2, 9], [21, 19, 22, 18], [9, 22, 10, 1], [5, 20, 6, 21], [19, 6, 20, 7]]"
11a_128_183,"[[19, 6, 20, 7], [7, 11, 8, 10], [11, 5, 12, 4], [15, 3, 16, 2], [17, 12, 18, 13], [13, 16, 14, 17], [3, 15, 4, 14], [1, 8, 2, 9], [21, 19, 22, 18], [9, 22, 10, 1], [5, 20, 6, 21]]"
11a_128_184,"[[5, 20, 6, 21], [19, 6, 20, 7], [7, 11, 8, 10], [11, 5, 12, 4], [15, 3, 16, 2], [17, 12, 18, 13], [13, 16, 14, 17], [3, 15, 4, 14], [1, 8, 2, 9], [21, 19, 22, 18], [9, 22, 10, 1]]"
11a_128_185,"[[9, 22, 10, 1], [5, 20, 6, 21], [19, 6, 20, 7], [7, 11, 8, 10], [11, 5, 12, 4], [15, 3, 16, 2], [17, 12, 18, 13], [13, 16, 14, 17], [3, 15, 4, 14], [1, 8, 2, 9], [21, 19, 22, 18]]"
11a_128_186,"[[21, 19, 22, 18], [9, 22, 10, 1], [5, 20, 6, 21], [19, 6, 20, 7], [7, 11, 8, 10], [11, 5, 12, 4], [15, 3, 16, 2], [17, 12, 18, 13], [13, 16, 14, 17], [3, 15, 4, 14], [1, 8, 2, 9]]"
11a_128_187,"[[2, 9, 3, 10], [22, 20, 1, 19], [10, 1, 11, 2], [6, 21, 7, 22], [20, 7, 21, 8], [8, 12, 9, 11], [12, 6, 13, 5], [16, 4, 17, 3], [18, 13, 19, 14], [14, 17, 15, 18], [4, 16, 5, 15]]"
11a_128_188,"[[4, 16, 5, 15], [2, 9, 3, 10], [22, 20, 1, 19], [10, 1, 11, 2], [6, 21, 7, 22], [20, 7, 21, 8], [8, 12, 9, 11], [12, 6, 13, 5], [16, 4, 17, 3], [18, 13, 19, 14], [14, 17, 15, 18]]"
11a_128_189,"[[14, 17, 15, 18], [4, 16, 5, 15], [2, 9, 3, 10], [22, 20, 1, 19], [10, 1, 11, 2], [6, 21, 7, 22], [20, 7, 21, 8], [8, 12, 9, 11], [12, 6, 13, 5], [16, 4, 17, 3], [18, 13, 19, 14]]"
11a_128_190,"[[18, 13, 19, 14], [14, 17, 15, 18], [4, 16, 5, 15], [2, 9, 3, 10], [22, 20, 1, 19], [10, 1, 11, 2], [6, 21, 7, 22], [20, 7, 21, 8], [8, 12, 9, 11], [12, 6, 13, 5], [16, 4, 17, 3]]"
11a_128_191,"[[16, 4, 17, 3], [18, 13, 19, 14], [14, 17, 15, 18], [4, 16, 5, 15], [2, 9, 3, 10], [22, 20, 1, 19], [10, 1, 11, 2], [6, 21, 7, 22], [20, 7, 21, 8], [8, 12, 9, 11], [12, 6, 13, 5]]"
11a_128_192,"[[12, 6, 13, 5], [16, 4, 17, 3], [18, 13, 19, 14], [14, 17, 15, 18], [4, 16, 5, 15], [2, 9, 3, 10], [22, 20, 1, 19], [10, 1, 11, 2], [6, 21, 7, 22], [20, 7, 21, 8], [8, 12, 9, 11]]"
11a_128_193,"[[8, 12, 9, 11], [12, 6, 13, 5], [16, 4, 17, 3], [18, 13, 19, 14], [14, 17, 15, 18], [4, 16, 5, 15], [2, 9, 3, 10], [22, 20, 1, 19], [10, 1, 11, 2], [6, 21, 7, 22], [20, 7, 21, 8]]"
11a_128_194,"[[20, 7, 21, 8], [8, 12, 9, 11], [12, 6, 13, 5], [16, 4, 17, 3], [18, 13, 19, 14], [14, 17, 15, 18], [4, 16, 5, 15], [2, 9, 3, 10], [22, 20, 1, 19], [10, 1, 11, 2], [6, 21, 7, 22]]"
11a_128_195,"[[6, 21, 7, 22], [20, 7, 21, 8], [8, 12, 9, 11], [12, 6, 13, 5], [16, 4, 17, 3], [18, 13, 19, 14], [14, 17, 15, 18], [4, 16, 5, 15], [2, 9, 3, 10], [22, 20, 1, 19], [10, 1, 11, 2]]"
11a_128_196,"[[10, 1, 11, 2], [6, 21, 7, 22], [20, 7, 21, 8], [8, 12, 9, 11], [12, 6, 13, 5], [16, 4, 17, 3], [18, 13, 19, 14], [14, 17, 15, 18], [4, 16, 5, 15], [2, 9, 3, 10], [22, 20, 1, 19]]"
11a_128_197,"[[22, 20, 1, 19], [10, 1, 11, 2], [6, 21, 7, 22], [20, 7, 21, 8], [8, 12, 9, 11], [12, 6, 13, 5], [16, 4, 17, 3], [18, 13, 19, 14], [14, 17, 15, 18], [4, 16, 5, 15], [2, 9, 3, 10]]"
11a_128_198,"[[3, 10, 4, 11], [1, 21, 2, 20], [11, 2, 12, 3], [7, 22, 8, 1], [21, 8, 22, 9], [9, 13, 10, 12], [13, 7, 14, 6], [17, 5, 18, 4], [19, 14, 20, 15], [15, 18, 16, 19], [5, 17, 6, 16]]"
11a_128_199,"[[5, 17, 6, 16], [3, 10, 4, 11], [1, 21, 2, 20], [11, 2, 12, 3], [7, 22, 8, 1], [21, 8, 22, 9], [9, 13, 10, 12], [13, 7, 14, 6], [17, 5, 18, 4], [19, 14, 20, 15], [15, 18, 16, 19]]"
11a_128_200,"[[15, 18, 16, 19], [5, 17, 6, 16], [3, 10, 4, 11], [1, 21, 2, 20], [11, 2, 12, 3], [7, 22, 8, 1], [21, 8, 22, 9], [9, 13, 10, 12], [13, 7, 14, 6], [17, 5, 18, 4], [19, 14, 20, 15]]"
11a_128_201,"[[19, 14, 20, 15], [15, 18, 16, 19], [5, 17, 6, 16], [3, 10, 4, 11], [1, 21, 2, 20], [11, 2, 12, 3], [7, 22, 8, 1], [21, 8, 22, 9], [9, 13, 10, 12], [13, 7, 14, 6], [17, 5, 18, 4]]"
11a_128_202,"[[17, 5, 18, 4], [19, 14, 20, 15], [15, 18, 16, 19], [5, 17, 6, 16], [3, 10, 4, 11], [1, 21, 2, 20], [11, 2, 12, 3], [7, 22, 8, 1], [21, 8, 22, 9], [9, 13, 10, 12], [13, 7, 14, 6]]"
11a_128_203,"[[13, 7, 14, 6], [17, 5, 18, 4], [19, 14, 20, 15], [15, 18, 16, 19], [5, 17, 6, 16], [3, 10, 4, 11], [1, 21, 2, 20], [11, 2, 12, 3], [7, 22, 8, 1], [21, 8, 22, 9], [9, 13, 10, 12]]"
