name,pd_notation
11a_136_0,"[[7, 22, 8, 1], [5, 3, 6, 2], [15, 8, 16, 9], [11, 4, 12, 5], [3, 12, 4, 13], [17, 7, 18, 6], [19, 10, 20, 11], [21, 16, 22, 17], [9, 14, 10, 15], [1, 19, 2, 18], [13, 20, 14, 21]]"
11a_136_1,"[[13, 20, 14, 21], [7, 22, 8, 1], [5, 3, 6, 2], [15, 8, 16, 9], [11, 4, 12, 5], [3, 12, 4, 13], [17, 7, 18, 6], [19, 10, 20, 11], [21, 16, 22, 17], [9, 14, 10, 15], [1, 19, 2, 18]]"
11a_136_2,"[[1, 19, 2, 18], [13, 20, 14, 21], [7, 22, 8, 1], [5, 3, 6, 2], [15, 8, 16, 9], [11, 4, 12, 5], [3, 12, 4, 13], [17, 7, 18, 6], [19, 10, 20, 11], [21, 16, 22, 17], [9, 14, 10, 15]]"
11a_136_3,"[[9, 14, 10, 15], [1, 19, 2, 18], [13, 20, 14, 21], [7, 22, 8, 1], [5, 3, 6, 2], [15, 8, 16, 9], [11, 4, 12, 5], [3, 12, 4, 13], [17, 7, 18, 6], [19, 10, 20, 11], [21, 16, 22, 17]]"
11a_136_4,"[[21, 16, 22, 17], [9, 14, 10, 15], [1, 19, 2, 18], [13, 20, 14, 21], [7, 22, 8, 1], [5, 3, 6, 2], [15, 8, 16, 9], [11, 4, 12, 5], [3, 12, 4, 13], [17, 7, 18, 6], [19, 10, 20, 11]]"
11a_136_5,"[[19, 10, 20, 11], [21, 16, 22, 17], [9, 14, 10, 15], [1, 19, 2, 18], [13, 20, 14, 21], [7, 22, 8, 1], [5, 3, 6, 2], [15, 8, 16, 9], [11, 4, 12, 5], [3, 12, 4, 13], [17, 7, 18, 6]]"
11a_136_6,"[[17, 7, 18, 6], [19, 10, 20, 11], [21, 16, 22, 17], [9, 14, 10, 15], [1, 19, 2, 18], [13, 20, 14, 21], [7, 22, 8, 1], [5, 3, 6, 2], [15, 8, 16, 9], [11, 4, 12, 5], [3, 12, 4, 13]]"
11a_136_7,"[[3, 12, 4, 13], [17, 7, 18, 6], [19, 10, 20, 11], [21, 16, 22, 17], [9, 14, 10, 15], [1, 19, 2, 18], [13, 20, 14, 21], [7, 22, 8, 1], [5, 3, 6, 2], [15, 8, 16, 9], [11, 4, 12, 5]]"
11a_136_8,"[[11, 4, 12, 5], [3, 12, 4, 13], [17, 7, 18, 6], [19, 10, 20, 11], [21, 16, 22, 17], [9, 14, 10, 15], [1, 19, 2, 18], [13, 20, 14, 21], [7, 22, 8, 1], [5, 3, 6, 2], [15, 8, 16, 9]]"
11a_136_9,"[[15, 8, 16, 9], [11, 4, 12, 5], [3, 12, 4, 13], [17, 7, 18, 6], [19, 10, 20, 11], [21, 16, 22, 17], [9, 14, 10, 15], [1, 19, 2, 18], [13, 20, 14, 21], [7, 22, 8, 1], [5, 3, 6, 2]]"
11a_136_10,"[[5, 3, 6, 2], [15, 8, 16, 9], [11, 4, 12, 5], [3, 12, 4, 13], [17, 7, 18, 6], [19, 10, 20, 11], [21, 16, 22, 17], [9, 14, 10, 15], [1, 19, 2, 18], [13, 20, 14, 21], [7, 22, 8, 1]]"
11a_136_11,"[[8, 1, 9, 2], [6, 4, 7, 3], [16, 9, 17, 10], [12, 5, 13, 6], [4, 13, 5, 14], [18, 8, 19, 7], [20, 11, 21, 12], [22, 17, 1, 18], [10, 15, 11, 16], [2, 20, 3, 19], [14, 21, 15, 22]]"
11a_136_12,"[[14, 21, 15, 22], [8, 1, 9, 2], [6, 4, 7, 3], [16, 9, 17, 10], [12, 5, 13, 6], [4, 13, 5, 14], [18, 8, 19, 7], [20, 11, 21, 12], [22, 17, 1, 18], [10, 15, 11, 16], [2, 20, 3, 19]]"
11a_136_13,"[[2, 20, 3, 19], [14, 21, 15, 22], [8, 1, 9, 2], [6, 4, 7, 3], [16, 9, 17, 10], [12, 5, 13, 6], [4, 13, 5, 14], [18, 8, 19, 7], [20, 11, 21, 12], [22, 17, 1, 18], [10, 15, 11, 16]]"
11a_136_14,"[[10, 15, 11, 16], [2, 20, 3, 19], [14, 21, 15, 22], [8, 1, 9, 2], [6, 4, 7, 3], [16, 9, 17, 10], [12, 5, 13, 6], [4, 13, 5, 14], [18, 8, 19, 7], [20, 11, 21, 12], [22, 17, 1, 18]]"
11a_136_15,"[[22, 17, 1, 18], [10, 15, 11, 16], [2, 20, 3, 19], [14, 21, 15, 22], [8, 1, 9, 2], [6, 4, 7, 3], [16, 9, 17, 10], [12, 5, 13, 6], [4, 13, 5, 14], [18, 8, 19, 7], [20, 11, 21, 12]]"
11a_136_16,"[[20, 11, 21, 12], [22, 17, 1, 18], [10, 15, 11, 16], [2, 20, 3, 19], [14, 21, 15, 22], [8, 1, 9, 2], [6, 4, 7, 3], [16, 9, 17, 10], [12, 5, 13, 6], [4, 13, 5, 14], [18, 8, 19, 7]]"
11a_136_17,"[[18, 8, 19, 7], [20, 11, 21, 12], [22, 17, 1, 18], [10, 15, 11, 16], [2, 20, 3, 19], [14, 21, 15, 22], [8, 1, 9, 2], [6, 4, 7, 3], [16, 9, 17, 10], [12, 5, 13, 6], [4, 13, 5, 14]]"
11a_136_18,"[[4, 13, 5, 14], [18, 8, 19, 7], [20, 11, 21, 12], [22, 17, 1, 18], [10, 15, 11, 16], [2, 20, 3, 19], [14, 21, 15, 22], [8, 1, 9, 2], [6, 4, 7, 3], [16, 9, 17, 10], [12, 5, 13, 6]]"
11a_136_19,"[[12, 5, 13, 6], [4, 13, 5, 14], [18, 8, 19, 7], [20, 11, 21, 12], [22, 17, 1, 18], [10, 15, 11, 16], [2, 20, 3, 19], [14, 21, 15, 22], [8, 1, 9, 2], [6, 4, 7, 3], [16, 9, 17, 10]]"
11a_136_20,"[[16, 9, 17, 10], [12, 5, 13, 6], [4, 13, 5, 14], [18, 8, 19, 7], [20, 11, 21, 12], [22, 17, 1, 18], [10, 15, 11, 16], [2, 20, 3, 19], [14, 21, 15, 22], [8, 1, 9, 2], [6, 4, 7, 3]]"
11a_136_21,"[[6, 4, 7, 3], [16, 9, 17, 10], [12, 5, 13, 6], [4, 13, 5, 14], [18, 8, 19, 7], [20, 11, 21, 12], [22, 17, 1, 18], [10, 15, 11, 16], [2, 20, 3, 19], [14, 21, 15, 22], [8, 1, 9, 2]]"
11a_136_22,"[[9, 2, 10, 3], [7, 5, 8, 4], [17, 10, 18, 11], [13, 6, 14, 7], [5, 14, 6, 15], [19, 9, 20, 8], [21, 12, 22, 13], [1, 18, 2, 19], [11, 16, 12, 17], [3, 21, 4, 20], [15, 22, 16, 1]]"
11a_136_23,"[[15, 22, 16, 1], [9, 2, 10, 3], [7, 5, 8, 4], [17, 10, 18, 11], [13, 6, 14, 7], [5, 14, 6, 15], [19, 9, 20, 8], [21, 12, 22, 13], [1, 18, 2, 19], [11, 16, 12, 17], [3, 21, 4, 20]]"
11a_136_24,"[[3, 21, 4, 20], [15, 22, 16, 1], [9, 2, 10, 3], [7, 5, 8, 4], [17, 10, 18, 11], [13, 6, 14, 7], [5, 14, 6, 15], [19, 9, 20, 8], [21, 12, 22, 13], [1, 18, 2, 19], [11, 16, 12, 17]]"
11a_136_25,"[[11, 16, 12, 17], [3, 21, 4, 20], [15, 22, 16, 1], [9, 2, 10, 3], [7, 5, 8, 4], [17, 10, 18, 11], [13, 6, 14, 7], [5, 14, 6, 15], [19, 9, 20, 8], [21, 12, 22, 13], [1, 18, 2, 19]]"
11a_136_26,"[[1, 18, 2, 19], [11, 16, 12, 17], [3, 21, 4, 20], [15, 22, 16, 1], [9, 2, 10, 3], [7, 5, 8, 4], [17, 10, 18, 11], [13, 6, 14, 7], [5, 14, 6, 15], [19, 9, 20, 8], [21, 12, 22, 13]]"
11a_136_27,"[[21, 12, 22, 13], [1, 18, 2, 19], [11, 16, 12, 17], [3, 21, 4, 20], [15, 22, 16, 1], [9, 2, 10, 3], [7, 5, 8, 4], [17, 10, 18, 11], [13, 6, 14, 7], [5, 14, 6, 15], [19, 9, 20, 8]]"
11a_136_28,"[[19, 9, 20, 8], [21, 12, 22, 13], [1, 18, 2, 19], [11, 16, 12, 17], [3, 21, 4, 20], [15, 22, 16, 1], [9, 2, 10, 3], [7, 5, 8, 4], [17, 10, 18, 11], [13, 6, 14, 7], [5, 14, 6, 15]]"
11a_136_29,"[[5, 14, 6, 15], [19, 9, 20, 8], [21, 12, 22, 13], [1, 18, 2, 19], [11, 16, 12, 17], [3, 21, 4, 20], [15, 22, 16, 1], [9, 2, 10, 3], [7, 5, 8, 4], [17, 10, 18, 11], [13, 6, 14, 7]]"
11a_136_30,"[[13, 6, 14, 7], [5, 14, 6, 15], [19, 9, 20, 8], [21, 12, 22, 13], [1, 18, 2, 19], [11, 16, 12, 17], [3, 21, 4, 20], [15, 22, 16, 1], [9, 2, 10, 3], [7, 5, 8, 4], [17, 10, 18, 11]]"
11a_136_31,"[[17, 10, 18, 11], [13, 6, 14, 7], [5, 14, 6, 15], [19, 9, 20, 8], [21, 12, 22, 13], [1, 18, 2, 19], [11, 16, 12, 17], [3, 21, 4, 20], [15, 22, 16, 1], [9, 2, 10, 3], [7, 5, 8, 4]]"
11a_136_32,"[[7, 5, 8, 4], [17, 10, 18, 11], [13, 6, 14, 7], [5, 14, 6, 15], [19, 9, 20, 8], [21, 12, 22, 13], [1, 18, 2, 19], [11, 16, 12, 17], [3, 21, 4, 20], [15, 22, 16, 1], [9, 2, 10, 3]]"
11a_136_33,"[[10, 3, 11, 4], [8, 6, 9, 5], [18, 11, 19, 12], [14, 7, 15, 8], [6, 15, 7, 16], [20, 10, 21, 9], [22, 13, 1, 14], [2, 19, 3, 20], [12, 17, 13, 18], [4, 22, 5, 21], [16, 1, 17, 2]]"
11a_136_34,"[[16, 1, 17, 2], [10, 3, 11, 4], [8, 6, 9, 5], [18, 11, 19, 12], [14, 7, 15, 8], [6, 15, 7, 16], [20, 10, 21, 9], [22, 13, 1, 14], [2, 19, 3, 20], [12, 17, 13, 18], [4, 22, 5, 21]]"
11a_136_35,"[[4, 22, 5, 21], [16, 1, 17, 2], [10, 3, 11, 4], [8, 6, 9, 5], [18, 11, 19, 12], [14, 7, 15, 8], [6, 15, 7, 16], [20, 10, 21, 9], [22, 13, 1, 14], [2, 19, 3, 20], [12, 17, 13, 18]]"
11a_136_36,"[[12, 17, 13, 18], [4, 22, 5, 21], [16, 1, 17, 2], [10, 3, 11, 4], [8, 6, 9, 5], [18, 11, 19, 12], [14, 7, 15, 8], [6, 15, 7, 16], [20, 10, 21, 9], [22, 13, 1, 14], [2, 19, 3, 20]]"
11a_136_37,"[[2, 19, 3, 20], [12, 17, 13, 18], [4, 22, 5, 21], [16, 1, 17, 2], [10, 3, 11, 4], [8, 6, 9, 5], [18, 11, 19, 12], [14, 7, 15, 8], [6, 15, 7, 16], [20, 10, 21, 9], [22, 13, 1, 14]]"
11a_136_38,"[[22, 13, 1, 14], [2, 19, 3, 20], [12, 17, 13, 18], [4, 22, 5, 21], [16, 1, 17, 2], [10, 3, 11, 4], [8, 6, 9, 5], [18, 11, 19, 12], [14, 7, 15, 8], [6, 15, 7, 16], [20, 10, 21, 9]]"
11a_136_39,"[[20, 10, 21, 9], [22, 13, 1, 14], [2, 19, 3, 20], [12, 17, 13, 18], [4, 22, 5, 21], [16, 1, 17, 2], [10, 3, 11, 4], [8, 6, 9, 5], [18, 11, 19, 12], [14, 7, 15, 8], [6, 15, 7, 16]]"
11a_136_40,"[[6, 15, 7, 16], [20, 10, 21, 9], [22, 13, 1, 14], [2, 19, 3, 20], [12, 17, 13, 18], [4, 22, 5, 21], [16, 1, 17, 2], [10, 3, 11, 4], [8, 6, 9, 5], [18, 11, 19, 12], [14, 7, 15, 8]]"
11a_136_41,"[[14, 7, 15, 8], [6, 15, 7, 16], [20, 10, 21, 9], [22, 13, 1, 14], [2, 19, 3, 20], [12, 17, 13, 18], [4, 22, 5, 21], [16, 1, 17, 2], [10, 3, 11, 4], [8, 6, 9, 5], [18, 11, 19, 12]]"
11a_136_42,"[[18, 11, 19, 12], [14, 7, 15, 8], [6, 15, 7, 16], [20, 10, 21, 9], [22, 13, 1, 14], [2, 19, 3, 20], [12, 17, 13, 18], [4, 22, 5, 21], [16, 1, 17, 2], [10, 3, 11, 4], [8, 6, 9, 5]]"
11a_136_43,"[[8, 6, 9, 5], [18, 11, 19, 12], [14, 7, 15, 8], [6, 15, 7, 16], [20, 10, 21, 9], [22, 13, 1, 14], [2, 19, 3, 20], [12, 17, 13, 18], [4, 22, 5, 21], [16, 1, 17, 2], [10, 3, 11, 4]]"
11a_136_44,"[[11, 4, 12, 5], [9, 7, 10, 6], [19, 12, 20, 13], [15, 8, 16, 9], [7, 16, 8, 17], [21, 11, 22, 10], [1, 14, 2, 15], [3, 20, 4, 21], [13, 18, 14, 19], [5, 1, 6, 22], [17, 2, 18, 3]]"
11a_136_45,"[[17, 2, 18, 3], [11, 4, 12, 5], [9, 7, 10, 6], [19, 12, 20, 13], [15, 8, 16, 9], [7, 16, 8, 17], [21, 11, 22, 10], [1, 14, 2, 15], [3, 20, 4, 21], [13, 18, 14, 19], [5, 1, 6, 22]]"
11a_136_46,"[[5, 1, 6, 22], [17, 2, 18, 3], [11, 4, 12, 5], [9, 7, 10, 6], [19, 12, 20, 13], [15, 8, 16, 9], [7, 16, 8, 17], [21, 11, 22, 10], [1, 14, 2, 15], [3, 20, 4, 21], [13, 18, 14, 19]]"
11a_136_47,"[[13, 18, 14, 19], [5, 1, 6, 22], [17, 2, 18, 3], [11, 4, 12, 5], [9, 7, 10, 6], [19, 12, 20, 13], [15, 8, 16, 9], [7, 16, 8, 17], [21, 11, 22, 10], [1, 14, 2, 15], [3, 20, 4, 21]]"
11a_136_48,"[[3, 20, 4, 21], [13, 18, 14, 19], [5, 1, 6, 22], [17, 2, 18, 3], [11, 4, 12, 5], [9, 7, 10, 6], [19, 12, 20, 13], [15, 8, 16, 9], [7, 16, 8, 17], [21, 11, 22, 10], [1, 14, 2, 15]]"
11a_136_49,"[[1, 14, 2, 15], [3, 20, 4, 21], [13, 18, 14, 19], [5, 1, 6, 22], [17, 2, 18, 3], [11, 4, 12, 5], [9, 7, 10, 6], [19, 12, 20, 13], [15, 8, 16, 9], [7, 16, 8, 17], [21, 11, 22, 10]]"
11a_136_50,"[[21, 11, 22, 10], [1, 14, 2, 15], [3, 20, 4, 21], [13, 18, 14, 19], [5, 1, 6, 22], [17, 2, 18, 3], [11, 4, 12, 5], [9, 7, 10, 6], [19, 12, 20, 13], [15, 8, 16, 9], [7, 16, 8, 17]]"
11a_136_51,"[[7, 16, 8, 17], [21, 11, 22, 10], [1, 14, 2, 15], [3, 20, 4, 21], [13, 18, 14, 19], [5, 1, 6, 22], [17, 2, 18, 3], [11, 4, 12, 5], [9, 7, 10, 6], [19, 12, 20, 13], [15, 8, 16, 9]]"
11a_136_52,"[[15, 8, 16, 9], [7, 16, 8, 17], [21, 11, 22, 10], [1, 14, 2, 15], [3, 20, 4, 21], [13, 18, 14, 19], [5, 1, 6, 22], [17, 2, 18, 3], [11, 4, 12, 5], [9, 7, 10, 6], [19, 12, 20, 13]]"
11a_136_53,"[[19, 12, 20, 13], [15, 8, 16, 9], [7, 16, 8, 17], [21, 11, 22, 10], [1, 14, 2, 15], [3, 20, 4, 21], [13, 18, 14, 19], [5, 1, 6, 22], [17, 2, 18, 3], [11, 4, 12, 5], [9, 7, 10, 6]]"
11a_136_54,"[[9, 7, 10, 6], [19, 12, 20, 13], [15, 8, 16, 9], [7, 16, 8, 17], [21, 11, 22, 10], [1, 14, 2, 15], [3, 20, 4, 21], [13, 18, 14, 19], [5, 1, 6, 22], [17, 2, 18, 3], [11, 4, 12, 5]]"
11a_136_55,"[[12, 5, 13, 6], [10, 8, 11, 7], [20, 13, 21, 14], [16, 9, 17, 10], [8, 17, 9, 18], [22, 12, 1, 11], [2, 15, 3, 16], [4, 21, 5, 22], [14, 19, 15, 20], [6, 2, 7, 1], [18, 3, 19, 4]]"
11a_136_56,"[[18, 3, 19, 4], [12, 5, 13, 6], [10, 8, 11, 7], [20, 13, 21, 14], [16, 9, 17, 10], [8, 17, 9, 18], [22, 12, 1, 11], [2, 15, 3, 16], [4, 21, 5, 22], [14, 19, 15, 20], [6, 2, 7, 1]]"
11a_136_57,"[[6, 2, 7, 1], [18, 3, 19, 4], [12, 5, 13, 6], [10, 8, 11, 7], [20, 13, 21, 14], [16, 9, 17, 10], [8, 17, 9, 18], [22, 12, 1, 11], [2, 15, 3, 16], [4, 21, 5, 22], [14, 19, 15, 20]]"
11a_136_58,"[[14, 19, 15, 20], [6, 2, 7, 1], [18, 3, 19, 4], [12, 5, 13, 6], [10, 8, 11, 7], [20, 13, 21, 14], [16, 9, 17, 10], [8, 17, 9, 18], [22, 12, 1, 11], [2, 15, 3, 16], [4, 21, 5, 22]]"
11a_136_59,"[[4, 21, 5, 22], [14, 19, 15, 20], [6, 2, 7, 1], [18, 3, 19, 4], [12, 5, 13, 6], [10, 8, 11, 7], [20, 13, 21, 14], [16, 9, 17, 10], [8, 17, 9, 18], [22, 12, 1, 11], [2, 15, 3, 16]]"
11a_136_60,"[[2, 15, 3, 16], [4, 21, 5, 22], [14, 19, 15, 20], [6, 2, 7, 1], [18, 3, 19, 4], [12, 5, 13, 6], [10, 8, 11, 7], [20, 13, 21, 14], [16, 9, 17, 10], [8, 17, 9, 18], [22, 12, 1, 11]]"
11a_136_61,"[[22, 12, 1, 11], [2, 15, 3, 16], [4, 21, 5, 22], [14, 19, 15, 20], [6, 2, 7, 1], [18, 3, 19, 4], [12, 5, 13, 6], [10, 8, 11, 7], [20, 13, 21, 14], [16, 9, 17, 10], [8, 17, 9, 18]]"
11a_136_62,"[[8, 17, 9, 18], [22, 12, 1, 11], [2, 15, 3, 16], [4, 21, 5, 22], [14, 19, 15, 20], [6, 2, 7, 1], [18, 3, 19, 4], [12, 5, 13, 6], [10, 8, 11, 7], [20, 13, 21, 14], [16, 9, 17, 10]]"
11a_136_63,"[[16, 9, 17, 10], [8, 17, 9, 18], [22, 12, 1, 11], [2, 15, 3, 16], [4, 21, 5, 22], [14, 19, 15, 20], [6, 2, 7, 1], [18, 3, 19, 4], [12, 5, 13, 6], [10, 8, 11, 7], [20, 13, 21, 14]]"
11a_136_64,"[[20, 13, 21, 14], [16, 9, 17, 10], [8, 17, 9, 18], [22, 12, 1, 11], [2, 15, 3, 16], [4, 21, 5, 22], [14, 19, 15, 20], [6, 2, 7, 1], [18, 3, 19, 4], [12, 5, 13, 6], [10, 8, 11, 7]]"
11a_136_65,"[[10, 8, 11, 7], [20, 13, 21, 14], [16, 9, 17, 10], [8, 17, 9, 18], [22, 12, 1, 11], [2, 15, 3, 16], [4, 21, 5, 22], [14, 19, 15, 20], [6, 2, 7, 1], [18, 3, 19, 4], [12, 5, 13, 6]]"
11a_136_66,"[[13, 6, 14, 7], [11, 9, 12, 8], [21, 14, 22, 15], [17, 10, 18, 11], [9, 18, 10, 19], [1, 13, 2, 12], [3, 16, 4, 17], [5, 22, 6, 1], [15, 20, 16, 21], [7, 3, 8, 2], [19, 4, 20, 5]]"
11a_136_67,"[[19, 4, 20, 5], [13, 6, 14, 7], [11, 9, 12, 8], [21, 14, 22, 15], [17, 10, 18, 11], [9, 18, 10, 19], [1, 13, 2, 12], [3, 16, 4, 17], [5, 22, 6, 1], [15, 20, 16, 21], [7, 3, 8, 2]]"
11a_136_68,"[[7, 3, 8, 2], [19, 4, 20, 5], [13, 6, 14, 7], [11, 9, 12, 8], [21, 14, 22, 15], [17, 10, 18, 11], [9, 18, 10, 19], [1, 13, 2, 12], [3, 16, 4, 17], [5, 22, 6, 1], [15, 20, 16, 21]]"
11a_136_69,"[[15, 20, 16, 21], [7, 3, 8, 2], [19, 4, 20, 5], [13, 6, 14, 7], [11, 9, 12, 8], [21, 14, 22, 15], [17, 10, 18, 11], [9, 18, 10, 19], [1, 13, 2, 12], [3, 16, 4, 17], [5, 22, 6, 1]]"
11a_136_70,"[[5, 22, 6, 1], [15, 20, 16, 21], [7, 3, 8, 2], [19, 4, 20, 5], [13, 6, 14, 7], [11, 9, 12, 8], [21, 14, 22, 15], [17, 10, 18, 11], [9, 18, 10, 19], [1, 13, 2, 12], [3, 16, 4, 17]]"
11a_136_71,"[[3, 16, 4, 17], [5, 22, 6, 1], [15, 20, 16, 21], [7, 3, 8, 2], [19, 4, 20, 5], [13, 6, 14, 7], [11, 9, 12, 8], [21, 14, 22, 15], [17, 10, 18, 11], [9, 18, 10, 19], [1, 13, 2, 12]]"
11a_136_72,"[[1, 13, 2, 12], [3, 16, 4, 17], [5, 22, 6, 1], [15, 20, 16, 21], [7, 3, 8, 2], [19, 4, 20, 5], [13, 6, 14, 7], [11, 9, 12, 8], [21, 14, 22, 15], [17, 10, 18, 11], [9, 18, 10, 19]]"
11a_136_73,"[[9, 18, 10, 19], [1, 13, 2, 12], [3, 16, 4, 17], [5, 22, 6, 1], [15, 20, 16, 21], [7, 3, 8, 2], [19, 4, 20, 5], [13, 6, 14, 7], [11, 9, 12, 8], [21, 14, 22, 15], [17, 10, 18, 11]]"
11a_136_74,"[[17, 10, 18, 11], [9, 18, 10, 19], [1, 13, 2, 12], [3, 16, 4, 17], [5, 22, 6, 1], [15, 20, 16, 21], [7, 3, 8, 2], [19, 4, 20, 5], [13, 6, 14, 7], [11, 9, 12, 8], [21, 14, 22, 15]]"
11a_136_75,"[[21, 14, 22, 15], [17, 10, 18, 11], [9, 18, 10, 19], [1, 13, 2, 12], [3, 16, 4, 17], [5, 22, 6, 1], [15, 20, 16, 21], [7, 3, 8, 2], [19, 4, 20, 5], [13, 6, 14, 7], [11, 9, 12, 8]]"
11a_136_76,"[[11, 9, 12, 8], [21, 14, 22, 15], [17, 10, 18, 11], [9, 18, 10, 19], [1, 13, 2, 12], [3, 16, 4, 17], [5, 22, 6, 1], [15, 20, 16, 21], [7, 3, 8, 2], [19, 4, 20, 5], [13, 6, 14, 7]]"
11a_136_77,"[[14, 7, 15, 8], [12, 10, 13, 9], [22, 15, 1, 16], [18, 11, 19, 12], [10, 19, 11, 20], [2, 14, 3, 13], [4, 17, 5, 18], [6, 1, 7, 2], [16, 21, 17, 22], [8, 4, 9, 3], [20, 5, 21, 6]]"
11a_136_78,"[[20, 5, 21, 6], [14, 7, 15, 8], [12, 10, 13, 9], [22, 15, 1, 16], [18, 11, 19, 12], [10, 19, 11, 20], [2, 14, 3, 13], [4, 17, 5, 18], [6, 1, 7, 2], [16, 21, 17, 22], [8, 4, 9, 3]]"
11a_136_79,"[[8, 4, 9, 3], [20, 5, 21, 6], [14, 7, 15, 8], [12, 10, 13, 9], [22, 15, 1, 16], [18, 11, 19, 12], [10, 19, 11, 20], [2, 14, 3, 13], [4, 17, 5, 18], [6, 1, 7, 2], [16, 21, 17, 22]]"
11a_136_80,"[[16, 21, 17, 22], [8, 4, 9, 3], [20, 5, 21, 6], [14, 7, 15, 8], [12, 10, 13, 9], [22, 15, 1, 16], [18, 11, 19, 12], [10, 19, 11, 20], [2, 14, 3, 13], [4, 17, 5, 18], [6, 1, 7, 2]]"
11a_136_81,"[[6, 1, 7, 2], [16, 21, 17, 22], [8, 4, 9, 3], [20, 5, 21, 6], [14, 7, 15, 8], [12, 10, 13, 9], [22, 15, 1, 16], [18, 11, 19, 12], [10, 19, 11, 20], [2, 14, 3, 13], [4, 17, 5, 18]]"
11a_136_82,"[[4, 17, 5, 18], [6, 1, 7, 2], [16, 21, 17, 22], [8, 4, 9, 3], [20, 5, 21, 6], [14, 7, 15, 8], [12, 10, 13, 9], [22, 15, 1, 16], [18, 11, 19, 12], [10, 19, 11, 20], [2, 14, 3, 13]]"
11a_136_83,"[[2, 14, 3, 13], [4, 17, 5, 18], [6, 1, 7, 2], [16, 21, 17, 22], [8, 4, 9, 3], [20, 5, 21, 6], [14, 7, 15, 8], [12, 10, 13, 9], [22, 15, 1, 16], [18, 11, 19, 12], [10, 19, 11, 20]]"
11a_136_84,"[[10, 19, 11, 20], [2, 14, 3, 13], [4, 17, 5, 18], [6, 1, 7, 2], [16, 21, 17, 22], [8, 4, 9, 3], [20, 5, 21, 6], [14, 7, 15, 8], [12, 10, 13, 9], [22, 15, 1, 16], [18, 11, 19, 12]]"
11a_136_85,"[[18, 11, 19, 12], [10, 19, 11, 20], [2, 14, 3, 13], [4, 17, 5, 18], [6, 1, 7, 2], [16, 21, 17, 22], [8, 4, 9, 3], [20, 5, 21, 6], [14, 7, 15, 8], [12, 10, 13, 9], [22, 15, 1, 16]]"
11a_136_86,"[[22, 15, 1, 16], [18, 11, 19, 12], [10, 19, 11, 20], [2, 14, 3, 13], [4, 17, 5, 18], [6, 1, 7, 2], [16, 21, 17, 22], [8, 4, 9, 3], [20, 5, 21, 6], [14, 7, 15, 8], [12, 10, 13, 9]]"
11a_136_87,"[[12, 10, 13, 9], [22, 15, 1, 16], [18, 11, 19, 12], [10, 19, 11, 20], [2, 14, 3, 13], [4, 17, 5, 18], [6, 1, 7, 2], [16, 21, 17, 22], [8, 4, 9, 3], [20, 5, 21, 6], [14, 7, 15, 8]]"
11a_136_88,"[[15, 8, 16, 9], [13, 11, 14, 10], [1, 16, 2, 17], [19, 12, 20, 13], [11, 20, 12, 21], [3, 15, 4, 14], [5, 18, 6, 19], [7, 2, 8, 3], [17, 22, 18, 1], [9, 5, 10, 4], [21, 6, 22, 7]]"
11a_136_89,"[[21, 6, 22, 7], [15, 8, 16, 9], [13, 11, 14, 10], [1, 16, 2, 17], [19, 12, 20, 13], [11, 20, 12, 21], [3, 15, 4, 14], [5, 18, 6, 19], [7, 2, 8, 3], [17, 22, 18, 1], [9, 5, 10, 4]]"
11a_136_90,"[[9, 5, 10, 4], [21, 6, 22, 7], [15, 8, 16, 9], [13, 11, 14, 10], [1, 16, 2, 17], [19, 12, 20, 13], [11, 20, 12, 21], [3, 15, 4, 14], [5, 18, 6, 19], [7, 2, 8, 3], [17, 22, 18, 1]]"
11a_136_91,"[[17, 22, 18, 1], [9, 5, 10, 4], [21, 6, 22, 7], [15, 8, 16, 9], [13, 11, 14, 10], [1, 16, 2, 17], [19, 12, 20, 13], [11, 20, 12, 21], [3, 15, 4, 14], [5, 18, 6, 19], [7, 2, 8, 3]]"
11a_136_92,"[[7, 2, 8, 3], [17, 22, 18, 1], [9, 5, 10, 4], [21, 6, 22, 7], [15, 8, 16, 9], [13, 11, 14, 10], [1, 16, 2, 17], [19, 12, 20, 13], [11, 20, 12, 21], [3, 15, 4, 14], [5, 18, 6, 19]]"
11a_136_93,"[[5, 18, 6, 19], [7, 2, 8, 3], [17, 22, 18, 1], [9, 5, 10, 4], [21, 6, 22, 7], [15, 8, 16, 9], [13, 11, 14, 10], [1, 16, 2, 17], [19, 12, 20, 13], [11, 20, 12, 21], [3, 15, 4, 14]]"
11a_136_94,"[[3, 15, 4, 14], [5, 18, 6, 19], [7, 2, 8, 3], [17, 22, 18, 1], [9, 5, 10, 4], [21, 6, 22, 7], [15, 8, 16, 9], [13, 11, 14, 10], [1, 16, 2, 17], [19, 12, 20, 13], [11, 20, 12, 21]]"
11a_136_95,"[[11, 20, 12, 21], [3, 15, 4, 14], [5, 18, 6, 19], [7, 2, 8, 3], [17, 22, 18, 1], [9, 5, 10, 4], [21, 6, 22, 7], [15, 8, 16, 9], [13, 11, 14, 10], [1, 16, 2, 17], [19, 12, 20, 13]]"
11a_136_96,"[[19, 12, 20, 13], [11, 20, 12, 21], [3, 15, 4, 14], [5, 18, 6, 19], [7, 2, 8, 3], [17, 22, 18, 1], [9, 5, 10, 4], [21, 6, 22, 7], [15, 8, 16, 9], [13, 11, 14, 10], [1, 16, 2, 17]]"
11a_136_97,"[[1, 16, 2, 17], [19, 12, 20, 13], [11, 20, 12, 21], [3, 15, 4, 14], [5, 18, 6, 19], [7, 2, 8, 3], [17, 22, 18, 1], [9, 5, 10, 4], [21, 6, 22, 7], [15, 8, 16, 9], [13, 11, 14, 10]]"
11a_136_98,"[[13, 11, 14, 10], [1, 16, 2, 17], [19, 12, 20, 13], [11, 20, 12, 21], [3, 15, 4, 14], [5, 18, 6, 19], [7, 2, 8, 3], [17, 22, 18, 1], [9, 5, 10, 4], [21, 6, 22, 7], [15, 8, 16, 9]]"
11a_136_99,"[[16, 9, 17, 10], [14, 12, 15, 11], [2, 17, 3, 18], [20, 13, 21, 14], [12, 21, 13, 22], [4, 16, 5, 15], [6, 19, 7, 20], [8, 3, 9, 4], [18, 1, 19, 2], [10, 6, 11, 5], [22, 7, 1, 8]]"
11a_136_100,"[[22, 7, 1, 8], [16, 9, 17, 10], [14, 12, 15, 11], [2, 17, 3, 18], [20, 13, 21, 14], [12, 21, 13, 22], [4, 16, 5, 15], [6, 19, 7, 20], [8, 3, 9, 4], [18, 1, 19, 2], [10, 6, 11, 5]]"
11a_136_101,"[[10, 6, 11, 5], [22, 7, 1, 8], [16, 9, 17, 10], [14, 12, 15, 11], [2, 17, 3, 18], [20, 13, 21, 14], [12, 21, 13, 22], [4, 16, 5, 15], [6, 19, 7, 20], [8, 3, 9, 4], [18, 1, 19, 2]]"
11a_136_102,"[[18, 1, 19, 2], [10, 6, 11, 5], [22, 7, 1, 8], [16, 9, 17, 10], [14, 12, 15, 11], [2, 17, 3, 18], [20, 13, 21, 14], [12, 21, 13, 22], [4, 16, 5, 15], [6, 19, 7, 20], [8, 3, 9, 4]]"
11a_136_103,"[[8, 3, 9, 4], [18, 1, 19, 2], [10, 6, 11, 5], [22, 7, 1, 8], [16, 9, 17, 10], [14, 12, 15, 11], [2, 17, 3, 18], [20, 13, 21, 14], [12, 21, 13, 22], [4, 16, 5, 15], [6, 19, 7, 20]]"
11a_136_104,"[[6, 19, 7, 20], [8, 3, 9, 4], [18, 1, 19, 2], [10, 6, 11, 5], [22, 7, 1, 8], [16, 9, 17, 10], [14, 12, 15, 11], [2, 17, 3, 18], [20, 13, 21, 14], [12, 21, 13, 22], [4, 16, 5, 15]]"
11a_136_105,"[[4, 16, 5, 15], [6, 19, 7, 20], [8, 3, 9, 4], [18, 1, 19, 2], [10, 6, 11, 5], [22, 7, 1, 8], [16, 9, 17, 10], [14, 12, 15, 11], [2, 17, 3, 18], [20, 13, 21, 14], [12, 21, 13, 22]]"
11a_136_106,"[[12, 21, 13, 22], [4, 16, 5, 15], [6, 19, 7, 20], [8, 3, 9, 4], [18, 1, 19, 2], [10, 6, 11, 5], [22, 7, 1, 8], [16, 9, 17, 10], [14, 12, 15, 11], [2, 17, 3, 18], [20, 13, 21, 14]]"
11a_136_107,"[[20, 13, 21, 14], [12, 21, 13, 22], [4, 16, 5, 15], [6, 19, 7, 20], [8, 3, 9, 4], [18, 1, 19, 2], [10, 6, 11, 5], [22, 7, 1, 8], [16, 9, 17, 10], [14, 12, 15, 11], [2, 17, 3, 18]]"
11a_136_108,"[[2, 17, 3, 18], [20, 13, 21, 14], [12, 21, 13, 22], [4, 16, 5, 15], [6, 19, 7, 20], [8, 3, 9, 4], [18, 1, 19, 2], [10, 6, 11, 5], [22, 7, 1, 8], [16, 9, 17, 10], [14, 12, 15, 11]]"
11a_136_109,"[[14, 12, 15, 11], [2, 17, 3, 18], [20, 13, 21, 14], [12, 21, 13, 22], [4, 16, 5, 15], [6, 19, 7, 20], [8, 3, 9, 4], [18, 1, 19, 2], [10, 6, 11, 5], [22, 7, 1, 8], [16, 9, 17, 10]]"
11a_136_110,"[[17, 10, 18, 11], [15, 13, 16, 12], [3, 18, 4, 19], [21, 14, 22, 15], [13, 22, 14, 1], [5, 17, 6, 16], [7, 20, 8, 21], [9, 4, 10, 5], [19, 2, 20, 3], [11, 7, 12, 6], [1, 8, 2, 9]]"
11a_136_111,"[[1, 8, 2, 9], [17, 10, 18, 11], [15, 13, 16, 12], [3, 18, 4, 19], [21, 14, 22, 15], [13, 22, 14, 1], [5, 17, 6, 16], [7, 20, 8, 21], [9, 4, 10, 5], [19, 2, 20, 3], [11, 7, 12, 6]]"
11a_136_112,"[[11, 7, 12, 6], [1, 8, 2, 9], [17, 10, 18, 11], [15, 13, 16, 12], [3, 18, 4, 19], [21, 14, 22, 15], [13, 22, 14, 1], [5, 17, 6, 16], [7, 20, 8, 21], [9, 4, 10, 5], [19, 2, 20, 3]]"
11a_136_113,"[[19, 2, 20, 3], [11, 7, 12, 6], [1, 8, 2, 9], [17, 10, 18, 11], [15, 13, 16, 12], [3, 18, 4, 19], [21, 14, 22, 15], [13, 22, 14, 1], [5, 17, 6, 16], [7, 20, 8, 21], [9, 4, 10, 5]]"
11a_136_114,"[[9, 4, 10, 5], [19, 2, 20, 3], [11, 7, 12, 6], [1, 8, 2, 9], [17, 10, 18, 11], [15, 13, 16, 12], [3, 18, 4, 19], [21, 14, 22, 15], [13, 22, 14, 1], [5, 17, 6, 16], [7, 20, 8, 21]]"
11a_136_115,"[[7, 20, 8, 21], [9, 4, 10, 5], [19, 2, 20, 3], [11, 7, 12, 6], [1, 8, 2, 9], [17, 10, 18, 11], [15, 13, 16, 12], [3, 18, 4, 19], [21, 14, 22, 15], [13, 22, 14, 1], [5, 17, 6, 16]]"
11a_136_116,"[[5, 17, 6, 16], [7, 20, 8, 21], [9, 4, 10, 5], [19, 2, 20, 3], [11, 7, 12, 6], [1, 8, 2, 9], [17, 10, 18, 11], [15, 13, 16, 12], [3, 18, 4, 19], [21, 14, 22, 15], [13, 22, 14, 1]]"
11a_136_117,"[[13, 22, 14, 1], [5, 17, 6, 16], [7, 20, 8, 21], [9, 4, 10, 5], [19, 2, 20, 3], [11, 7, 12, 6], [1, 8, 2, 9], [17, 10, 18, 11], [15, 13, 16, 12], [3, 18, 4, 19], [21, 14, 22, 15]]"
11a_136_118,"[[21, 14, 22, 15], [13, 22, 14, 1], [5, 17, 6, 16], [7, 20, 8, 21], [9, 4, 10, 5], [19, 2, 20, 3], [11, 7, 12, 6], [1, 8, 2, 9], [17, 10, 18, 11], [15, 13, 16, 12], [3, 18, 4, 19]]"
11a_136_119,"[[3, 18, 4, 19], [21, 14, 22, 15], [13, 22, 14, 1], [5, 17, 6, 16], [7, 20, 8, 21], [9, 4, 10, 5], [19, 2, 20, 3], [11, 7, 12, 6], [1, 8, 2, 9], [17, 10, 18, 11], [15, 13, 16, 12]]"
11a_136_120,"[[15, 13, 16, 12], [3, 18, 4, 19], [21, 14, 22, 15], [13, 22, 14, 1], [5, 17, 6, 16], [7, 20, 8, 21], [9, 4, 10, 5], [19, 2, 20, 3], [11, 7, 12, 6], [1, 8, 2, 9], [17, 10, 18, 11]]"
11a_136_121,"[[18, 11, 19, 12], [16, 14, 17, 13], [4, 19, 5, 20], [22, 15, 1, 16], [14, 1, 15, 2], [6, 18, 7, 17], [8, 21, 9, 22], [10, 5, 11, 6], [20, 3, 21, 4], [12, 8, 13, 7], [2, 9, 3, 10]]"
11a_136_122,"[[2, 9, 3, 10], [18, 11, 19, 12], [16, 14, 17, 13], [4, 19, 5, 20], [22, 15, 1, 16], [14, 1, 15, 2], [6, 18, 7, 17], [8, 21, 9, 22], [10, 5, 11, 6], [20, 3, 21, 4], [12, 8, 13, 7]]"
11a_136_123,"[[12, 8, 13, 7], [2, 9, 3, 10], [18, 11, 19, 12], [16, 14, 17, 13], [4, 19, 5, 20], [22, 15, 1, 16], [14, 1, 15, 2], [6, 18, 7, 17], [8, 21, 9, 22], [10, 5, 11, 6], [20, 3, 21, 4]]"
11a_136_124,"[[20, 3, 21, 4], [12, 8, 13, 7], [2, 9, 3, 10], [18, 11, 19, 12], [16, 14, 17, 13], [4, 19, 5, 20], [22, 15, 1, 16], [14, 1, 15, 2], [6, 18, 7, 17], [8, 21, 9, 22], [10, 5, 11, 6]]"
11a_136_125,"[[10, 5, 11, 6], [20, 3, 21, 4], [12, 8, 13, 7], [2, 9, 3, 10], [18, 11, 19, 12], [16, 14, 17, 13], [4, 19, 5, 20], [22, 15, 1, 16], [14, 1, 15, 2], [6, 18, 7, 17], [8, 21, 9, 22]]"
11a_136_126,"[[8, 21, 9, 22], [10, 5, 11, 6], [20, 3, 21, 4], [12, 8, 13, 7], [2, 9, 3, 10], [18, 11, 19, 12], [16, 14, 17, 13], [4, 19, 5, 20], [22, 15, 1, 16], [14, 1, 15, 2], [6, 18, 7, 17]]"
11a_136_127,"[[6, 18, 7, 17], [8, 21, 9, 22], [10, 5, 11, 6], [20, 3, 21, 4], [12, 8, 13, 7], [2, 9, 3, 10], [18, 11, 19, 12], [16, 14, 17, 13], [4, 19, 5, 20], [22, 15, 1, 16], [14, 1, 15, 2]]"
11a_136_128,"[[14, 1, 15, 2], [6, 18, 7, 17], [8, 21, 9, 22], [10, 5, 11, 6], [20, 3, 21, 4], [12, 8, 13, 7], [2, 9, 3, 10], [18, 11, 19, 12], [16, 14, 17, 13], [4, 19, 5, 20], [22, 15, 1, 16]]"
11a_136_129,"[[22, 15, 1, 16], [14, 1, 15, 2], [6, 18, 7, 17], [8, 21, 9, 22], [10, 5, 11, 6], [20, 3, 21, 4], [12, 8, 13, 7], [2, 9, 3, 10], [18, 11, 19, 12], [16, 14, 17, 13], [4, 19, 5, 20]]"
11a_136_130,"[[4, 19, 5, 20], [22, 15, 1, 16], [14, 1, 15, 2], [6, 18, 7, 17], [8, 21, 9, 22], [10, 5, 11, 6], [20, 3, 21, 4], [12, 8, 13, 7], [2, 9, 3, 10], [18, 11, 19, 12], [16, 14, 17, 13]]"
11a_136_131,"[[16, 14, 17, 13], [4, 19, 5, 20], [22, 15, 1, 16], [14, 1, 15, 2], [6, 18, 7, 17], [8, 21, 9, 22], [10, 5, 11, 6], [20, 3, 21, 4], [12, 8, 13, 7], [2, 9, 3, 10], [18, 11, 19, 12]]"
11a_136_132,"[[19, 12, 20, 13], [17, 15, 18, 14], [5, 20, 6, 21], [1, 16, 2, 17], [15, 2, 16, 3], [7, 19, 8, 18], [9, 22, 10, 1], [11, 6, 12, 7], [21, 4, 22, 5], [13, 9, 14, 8], [3, 10, 4, 11]]"
11a_136_133,"[[3, 10, 4, 11], [19, 12, 20, 13], [17, 15, 18, 14], [5, 20, 6, 21], [1, 16, 2, 17], [15, 2, 16, 3], [7, 19, 8, 18], [9, 22, 10, 1], [11, 6, 12, 7], [21, 4, 22, 5], [13, 9, 14, 8]]"
11a_136_134,"[[13, 9, 14, 8], [3, 10, 4, 11], [19, 12, 20, 13], [17, 15, 18, 14], [5, 20, 6, 21], [1, 16, 2, 17], [15, 2, 16, 3], [7, 19, 8, 18], [9, 22, 10, 1], [11, 6, 12, 7], [21, 4, 22, 5]]"
11a_136_135,"[[21, 4, 22, 5], [13, 9, 14, 8], [3, 10, 4, 11], [19, 12, 20, 13], [17, 15, 18, 14], [5, 20, 6, 21], [1, 16, 2, 17], [15, 2, 16, 3], [7, 19, 8, 18], [9, 22, 10, 1], [11, 6, 12, 7]]"
11a_136_136,"[[11, 6, 12, 7], [21, 4, 22, 5], [13, 9, 14, 8], [3, 10, 4, 11], [19, 12, 20, 13], [17, 15, 18, 14], [5, 20, 6, 21], [1, 16, 2, 17], [15, 2, 16, 3], [7, 19, 8, 18], [9, 22, 10, 1]]"
11a_136_137,"[[9, 22, 10, 1], [11, 6, 12, 7], [21, 4, 22, 5], [13, 9, 14, 8], [3, 10, 4, 11], [19, 12, 20, 13], [17, 15, 18, 14], [5, 20, 6, 21], [1, 16, 2, 17], [15, 2, 16, 3], [7, 19, 8, 18]]"
11a_136_138,"[[7, 19, 8, 18], [9, 22, 10, 1], [11, 6, 12, 7], [21, 4, 22, 5], [13, 9, 14, 8], [3, 10, 4, 11], [19, 12, 20, 13], [17, 15, 18, 14], [5, 20, 6, 21], [1, 16, 2, 17], [15, 2, 16, 3]]"
11a_136_139,"[[15, 2, 16, 3], [7, 19, 8, 18], [9, 22, 10, 1], [11, 6, 12, 7], [21, 4, 22, 5], [13, 9, 14, 8], [3, 10, 4, 11], [19, 12, 20, 13], [17, 15, 18, 14], [5, 20, 6, 21], [1, 16, 2, 17]]"
11a_136_140,"[[1, 16, 2, 17], [15, 2, 16, 3], [7, 19, 8, 18], [9, 22, 10, 1], [11, 6, 12, 7], [21, 4, 22, 5], [13, 9, 14, 8], [3, 10, 4, 11], [19, 12, 20, 13], [17, 15, 18, 14], [5, 20, 6, 21]]"
11a_136_141,"[[5, 20, 6, 21], [1, 16, 2, 17], [15, 2, 16, 3], [7, 19, 8, 18], [9, 22, 10, 1], [11, 6, 12, 7], [21, 4, 22, 5], [13, 9, 14, 8], [3, 10, 4, 11], [19, 12, 20, 13], [17, 15, 18, 14]]"
11a_136_142,"[[17, 15, 18, 14], [5, 20, 6, 21], [1, 16, 2, 17], [15, 2, 16, 3], [7, 19, 8, 18], [9, 22, 10, 1], [11, 6, 12, 7], [21, 4, 22, 5], [13, 9, 14, 8], [3, 10, 4, 11], [19, 12, 20, 13]]"
11a_136_143,"[[20, 13, 21, 14], [18, 16, 19, 15], [6, 21, 7, 22], [2, 17, 3, 18], [16, 3, 17, 4], [8, 20, 9, 19], [10, 1, 11, 2], [12, 7, 13, 8], [22, 5, 1, 6], [14, 10, 15, 9], [4, 11, 5, 12]]"
11a_136_144,"[[4, 11, 5, 12], [20, 13, 21, 14], [18, 16, 19, 15], [6, 21, 7, 22], [2, 17, 3, 18], [16, 3, 17, 4], [8, 20, 9, 19], [10, 1, 11, 2], [12, 7, 13, 8], [22, 5, 1, 6], [14, 10, 15, 9]]"
11a_136_145,"[[14, 10, 15, 9], [4, 11, 5, 12], [20, 13, 21, 14], [18, 16, 19, 15], [6, 21, 7, 22], [2, 17, 3, 18], [16, 3, 17, 4], [8, 20, 9, 19], [10, 1, 11, 2], [12, 7, 13, 8], [22, 5, 1, 6]]"
11a_136_146,"[[22, 5, 1, 6], [14, 10, 15, 9], [4, 11, 5, 12], [20, 13, 21, 14], [18, 16, 19, 15], [6, 21, 7, 22], [2, 17, 3, 18], [16, 3, 17, 4], [8, 20, 9, 19], [10, 1, 11, 2], [12, 7, 13, 8]]"
11a_136_147,"[[12, 7, 13, 8], [22, 5, 1, 6], [14, 10, 15, 9], [4, 11, 5, 12], [20, 13, 21, 14], [18, 16, 19, 15], [6, 21, 7, 22], [2, 17, 3, 18], [16, 3, 17, 4], [8, 20, 9, 19], [10, 1, 11, 2]]"
11a_136_148,"[[10, 1, 11, 2], [12, 7, 13, 8], [22, 5, 1, 6], [14, 10, 15, 9], [4, 11, 5, 12], [20, 13, 21, 14], [18, 16, 19, 15], [6, 21, 7, 22], [2, 17, 3, 18], [16, 3, 17, 4], [8, 20, 9, 19]]"
11a_136_149,"[[8, 20, 9, 19], [10, 1, 11, 2], [12, 7, 13, 8], [22, 5, 1, 6], [14, 10, 15, 9], [4, 11, 5, 12], [20, 13, 21, 14], [18, 16, 19, 15], [6, 21, 7, 22], [2, 17, 3, 18], [16, 3, 17, 4]]"
11a_136_150,"[[16, 3, 17, 4], [8, 20, 9, 19], [10, 1, 11, 2], [12, 7, 13, 8], [22, 5, 1, 6], [14, 10, 15, 9], [4, 11, 5, 12], [20, 13, 21, 14], [18, 16, 19, 15], [6, 21, 7, 22], [2, 17, 3, 18]]"
11a_136_151,"[[2, 17, 3, 18], [16, 3, 17, 4], [8, 20, 9, 19], [10, 1, 11, 2], [12, 7, 13, 8], [22, 5, 1, 6], [14, 10, 15, 9], [4, 11, 5, 12], [20, 13, 21, 14], [18, 16, 19, 15], [6, 21, 7, 22]]"
11a_136_152,"[[6, 21, 7, 22], [2, 17, 3, 18], [16, 3, 17, 4], [8, 20, 9, 19], [10, 1, 11, 2], [12, 7, 13, 8], [22, 5, 1, 6], [14, 10, 15, 9], [4, 11, 5, 12], [20, 13, 21, 14], [18, 16, 19, 15]]"
11a_136_153,"[[18, 16, 19, 15], [6, 21, 7, 22], [2, 17, 3, 18], [16, 3, 17, 4], [8, 20, 9, 19], [10, 1, 11, 2], [12, 7, 13, 8], [22, 5, 1, 6], [14, 10, 15, 9], [4, 11, 5, 12], [20, 13, 21, 14]]"
11a_136_154,"[[21, 14, 22, 15], [19, 17, 20, 16], [7, 22, 8, 1], [3, 18, 4, 19], [17, 4, 18, 5], [9, 21, 10, 20], [11, 2, 12, 3], [13, 8, 14, 9], [1, 6, 2, 7], [15, 11, 16, 10], [5, 12, 6, 13]]"
11a_136_155,"[[5, 12, 6, 13], [21, 14, 22, 15], [19, 17, 20, 16], [7, 22, 8, 1], [3, 18, 4, 19], [17, 4, 18, 5], [9, 21, 10, 20], [11, 2, 12, 3], [13, 8, 14, 9], [1, 6, 2, 7], [15, 11, 16, 10]]"
11a_136_156,"[[15, 11, 16, 10], [5, 12, 6, 13], [21, 14, 22, 15], [19, 17, 20, 16], [7, 22, 8, 1], [3, 18, 4, 19], [17, 4, 18, 5], [9, 21, 10, 20], [11, 2, 12, 3], [13, 8, 14, 9], [1, 6, 2, 7]]"
11a_136_157,"[[1, 6, 2, 7], [15, 11, 16, 10], [5, 12, 6, 13], [21, 14, 22, 15], [19, 17, 20, 16], [7, 22, 8, 1], [3, 18, 4, 19], [17, 4, 18, 5], [9, 21, 10, 20], [11, 2, 12, 3], [13, 8, 14, 9]]"
11a_136_158,"[[13, 8, 14, 9], [1, 6, 2, 7], [15, 11, 16, 10], [5, 12, 6, 13], [21, 14, 22, 15], [19, 17, 20, 16], [7, 22, 8, 1], [3, 18, 4, 19], [17, 4, 18, 5], [9, 21, 10, 20], [11, 2, 12, 3]]"
11a_136_159,"[[11, 2, 12, 3], [13, 8, 14, 9], [1, 6, 2, 7], [15, 11, 16, 10], [5, 12, 6, 13], [21, 14, 22, 15], [19, 17, 20, 16], [7, 22, 8, 1], [3, 18, 4, 19], [17, 4, 18, 5], [9, 21, 10, 20]]"
11a_136_160,"[[9, 21, 10, 20], [11, 2, 12, 3], [13, 8, 14, 9], [1, 6, 2, 7], [15, 11, 16, 10], [5, 12, 6, 13], [21, 14, 22, 15], [19, 17, 20, 16], [7, 22, 8, 1], [3, 18, 4, 19], [17, 4, 18, 5]]"
11a_136_161,"[[17, 4, 18, 5], [9, 21, 10, 20], [11, 2, 12, 3], [13, 8, 14, 9], [1, 6, 2, 7], [15, 11, 16, 10], [5, 12, 6, 13], [21, 14, 22, 15], [19, 17, 20, 16], [7, 22, 8, 1], [3, 18, 4, 19]]"
11a_136_162,"[[3, 18, 4, 19], [17, 4, 18, 5], [9, 21, 10, 20], [11, 2, 12, 3], [13, 8, 14, 9], [1, 6, 2, 7], [15, 11, 16, 10], [5, 12, 6, 13], [21, 14, 22, 15], [19, 17, 20, 16], [7, 22, 8, 1]]"
11a_136_163,"[[7, 22, 8, 1], [3, 18, 4, 19], [17, 4, 18, 5], [9, 21, 10, 20], [11, 2, 12, 3], [13, 8, 14, 9], [1, 6, 2, 7], [15, 11, 16, 10], [5, 12, 6, 13], [21, 14, 22, 15], [19, 17, 20, 16]]"
11a_136_164,"[[19, 17, 20, 16], [7, 22, 8, 1], [3, 18, 4, 19], [17, 4, 18, 5], [9, 21, 10, 20], [11, 2, 12, 3], [13, 8, 14, 9], [1, 6, 2, 7], [15, 11, 16, 10], [5, 12, 6, 13], [21, 14, 22, 15]]"
11a_136_165,"[[22, 15, 1, 16], [20, 18, 21, 17], [8, 1, 9, 2], [4, 19, 5, 20], [18, 5, 19, 6], [10, 22, 11, 21], [12, 3, 13, 4], [14, 9, 15, 10], [2, 7, 3, 8], [16, 12, 17, 11], [6, 13, 7, 14]]"
11a_136_166,"[[6, 13, 7, 14], [22, 15, 1, 16], [20, 18, 21, 17], [8, 1, 9, 2], [4, 19, 5, 20], [18, 5, 19, 6], [10, 22, 11, 21], [12, 3, 13, 4], [14, 9, 15, 10], [2, 7, 3, 8], [16, 12, 17, 11]]"
11a_136_167,"[[16, 12, 17, 11], [6, 13, 7, 14], [22, 15, 1, 16], [20, 18, 21, 17], [8, 1, 9, 2], [4, 19, 5, 20], [18, 5, 19, 6], [10, 22, 11, 21], [12, 3, 13, 4], [14, 9, 15, 10], [2, 7, 3, 8]]"
11a_136_168,"[[2, 7, 3, 8], [16, 12, 17, 11], [6, 13, 7, 14], [22, 15, 1, 16], [20, 18, 21, 17], [8, 1, 9, 2], [4, 19, 5, 20], [18, 5, 19, 6], [10, 22, 11, 21], [12, 3, 13, 4], [14, 9, 15, 10]]"
11a_136_169,"[[14, 9, 15, 10], [2, 7, 3, 8], [16, 12, 17, 11], [6, 13, 7, 14], [22, 15, 1, 16], [20, 18, 21, 17], [8, 1, 9, 2], [4, 19, 5, 20], [18, 5, 19, 6], [10, 22, 11, 21], [12, 3, 13, 4]]"
11a_136_170,"[[12, 3, 13, 4], [14, 9, 15, 10], [2, 7, 3, 8], [16, 12, 17, 11], [6, 13, 7, 14], [22, 15, 1, 16], [20, 18, 21, 17], [8, 1, 9, 2], [4, 19, 5, 20], [18, 5, 19, 6], [10, 22, 11, 21]]"
11a_136_171,"[[10, 22, 11, 21], [12, 3, 13, 4], [14, 9, 15, 10], [2, 7, 3, 8], [16, 12, 17, 11], [6, 13, 7, 14], [22, 15, 1, 16], [20, 18, 21, 17], [8, 1, 9, 2], [4, 19, 5, 20], [18, 5, 19, 6]]"
11a_136_172,"[[18, 5, 19, 6], [10, 22, 11, 21], [12, 3, 13, 4], [14, 9, 15, 10], [2, 7, 3, 8], [16, 12, 17, 11], [6, 13, 7, 14], [22, 15, 1, 16], [20, 18, 21, 17], [8, 1, 9, 2], [4, 19, 5, 20]]"
11a_136_173,"[[4, 19, 5, 20], [18, 5, 19, 6], [10, 22, 11, 21], [12, 3, 13, 4], [14, 9, 15, 10], [2, 7, 3, 8], [16, 12, 17, 11], [6, 13, 7, 14], [22, 15, 1, 16], [20, 18, 21, 17], [8, 1, 9, 2]]"
11a_136_174,"[[8, 1, 9, 2], [4, 19, 5, 20], [18, 5, 19, 6], [10, 22, 11, 21], [12, 3, 13, 4], [14, 9, 15, 10], [2, 7, 3, 8], [16, 12, 17, 11], [6, 13, 7, 14], [22, 15, 1, 16], [20, 18, 21, 17]]"
11a_136_175,"[[20, 18, 21, 17], [8, 1, 9, 2], [4, 19, 5, 20], [18, 5, 19, 6], [10, 22, 11, 21], [12, 3, 13, 4], [14, 9, 15, 10], [2, 7, 3, 8], [16, 12, 17, 11], [6, 13, 7, 14], [22, 15, 1, 16]]"
11a_136_176,"[[1, 16, 2, 17], [21, 19, 22, 18], [9, 2, 10, 3], [5, 20, 6, 21], [19, 6, 20, 7], [11, 1, 12, 22], [13, 4, 14, 5], [15, 10, 16, 11], [3, 8, 4, 9], [17, 13, 18, 12], [7, 14, 8, 15]]"
11a_136_177,"[[7, 14, 8, 15], [1, 16, 2, 17], [21, 19, 22, 18], [9, 2, 10, 3], [5, 20, 6, 21], [19, 6, 20, 7], [11, 1, 12, 22], [13, 4, 14, 5], [15, 10, 16, 11], [3, 8, 4, 9], [17, 13, 18, 12]]"
11a_136_178,"[[17, 13, 18, 12], [7, 14, 8, 15], [1, 16, 2, 17], [21, 19, 22, 18], [9, 2, 10, 3], [5, 20, 6, 21], [19, 6, 20, 7], [11, 1, 12, 22], [13, 4, 14, 5], [15, 10, 16, 11], [3, 8, 4, 9]]"
11a_136_179,"[[3, 8, 4, 9], [17, 13, 18, 12], [7, 14, 8, 15], [1, 16, 2, 17], [21, 19, 22, 18], [9, 2, 10, 3], [5, 20, 6, 21], [19, 6, 20, 7], [11, 1, 12, 22], [13, 4, 14, 5], [15, 10, 16, 11]]"
11a_136_180,"[[15, 10, 16, 11], [3, 8, 4, 9], [17, 13, 18, 12], [7, 14, 8, 15], [1, 16, 2, 17], [21, 19, 22, 18], [9, 2, 10, 3], [5, 20, 6, 21], [19, 6, 20, 7], [11, 1, 12, 22], [13, 4, 14, 5]]"
11a_136_181,"[[13, 4, 14, 5], [15, 10, 16, 11], [3, 8, 4, 9], [17, 13, 18, 12], [7, 14, 8, 15], [1, 16, 2, 17], [21, 19, 22, 18], [9, 2, 10, 3], [5, 20, 6, 21], [19, 6, 20, 7], [11, 1, 12, 22]]"
11a_136_182,"[[11, 1, 12, 22], [13, 4, 14, 5], [15, 10, 16, 11], [3, 8, 4, 9], [17, 13, 18, 12], [7, 14, 8, 15], [1, 16, 2, 17], [21, 19, 22, 18], [9, 2, 10, 3], [5, 20, 6, 21], [19, 6, 20, 7]]"
11a_136_183,"[[19, 6, 20, 7], [11, 1, 12, 22], [13, 4, 14, 5], [15, 10, 16, 11], [3, 8, 4, 9], [17, 13, 18, 12], [7, 14, 8, 15], [1, 16, 2, 17], [21, 19, 22, 18], [9, 2, 10, 3], [5, 20, 6, 21]]"
11a_136_184,"[[5, 20, 6, 21], [19, 6, 20, 7], [11, 1, 12, 22], [13, 4, 14, 5], [15, 10, 16, 11], [3, 8, 4, 9], [17, 13, 18, 12], [7, 14, 8, 15], [1, 16, 2, 17], [21, 19, 22, 18], [9, 2, 10, 3]]"
11a_136_185,"[[9, 2, 10, 3], [5, 20, 6, 21], [19, 6, 20, 7], [11, 1, 12, 22], [13, 4, 14, 5], [15, 10, 16, 11], [3, 8, 4, 9], [17, 13, 18, 12], [7, 14, 8, 15], [1, 16, 2, 17], [21, 19, 22, 18]]"
11a_136_186,"[[21, 19, 22, 18], [9, 2, 10, 3], [5, 20, 6, 21], [19, 6, 20, 7], [11, 1, 12, 22], [13, 4, 14, 5], [15, 10, 16, 11], [3, 8, 4, 9], [17, 13, 18, 12], [7, 14, 8, 15], [1, 16, 2, 17]]"
11a_136_187,"[[2, 17, 3, 18], [22, 20, 1, 19], [10, 3, 11, 4], [6, 21, 7, 22], [20, 7, 21, 8], [12, 2, 13, 1], [14, 5, 15, 6], [16, 11, 17, 12], [4, 9, 5, 10], [18, 14, 19, 13], [8, 15, 9, 16]]"
11a_136_188,"[[8, 15, 9, 16], [2, 17, 3, 18], [22, 20, 1, 19], [10, 3, 11, 4], [6, 21, 7, 22], [20, 7, 21, 8], [12, 2, 13, 1], [14, 5, 15, 6], [16, 11, 17, 12], [4, 9, 5, 10], [18, 14, 19, 13]]"
11a_136_189,"[[18, 14, 19, 13], [8, 15, 9, 16], [2, 17, 3, 18], [22, 20, 1, 19], [10, 3, 11, 4], [6, 21, 7, 22], [20, 7, 21, 8], [12, 2, 13, 1], [14, 5, 15, 6], [16, 11, 17, 12], [4, 9, 5, 10]]"
11a_136_190,"[[4, 9, 5, 10], [18, 14, 19, 13], [8, 15, 9, 16], [2, 17, 3, 18], [22, 20, 1, 19], [10, 3, 11, 4], [6, 21, 7, 22], [20, 7, 21, 8], [12, 2, 13, 1], [14, 5, 15, 6], [16, 11, 17, 12]]"
11a_136_191,"[[16, 11, 17, 12], [4, 9, 5, 10], [18, 14, 19, 13], [8, 15, 9, 16], [2, 17, 3, 18], [22, 20, 1, 19], [10, 3, 11, 4], [6, 21, 7, 22], [20, 7, 21, 8], [12, 2, 13, 1], [14, 5, 15, 6]]"
11a_136_192,"[[14, 5, 15, 6], [16, 11, 17, 12], [4, 9, 5, 10], [18, 14, 19, 13], [8, 15, 9, 16], [2, 17, 3, 18], [22, 20, 1, 19], [10, 3, 11, 4], [6, 21, 7, 22], [20, 7, 21, 8], [12, 2, 13, 1]]"
11a_136_193,"[[12, 2, 13, 1], [14, 5, 15, 6], [16, 11, 17, 12], [4, 9, 5, 10], [18, 14, 19, 13], [8, 15, 9, 16], [2, 17, 3, 18], [22, 20, 1, 19], [10, 3, 11, 4], [6, 21, 7, 22], [20, 7, 21, 8]]"
11a_136_194,"[[20, 7, 21, 8], [12, 2, 13, 1], [14, 5, 15, 6], [16, 11, 17, 12], [4, 9, 5, 10], [18, 14, 19, 13], [8, 15, 9, 16], [2, 17, 3, 18], [22, 20, 1, 19], [10, 3, 11, 4], [6, 21, 7, 22]]"
11a_136_195,"[[6, 21, 7, 22], [20, 7, 21, 8], [12, 2, 13, 1], [14, 5, 15, 6], [16, 11, 17, 12], [4, 9, 5, 10], [18, 14, 19, 13], [8, 15, 9, 16], [2, 17, 3, 18], [22, 20, 1, 19], [10, 3, 11, 4]]"
11a_136_196,"[[10, 3, 11, 4], [6, 21, 7, 22], [20, 7, 21, 8], [12, 2, 13, 1], [14, 5, 15, 6], [16, 11, 17, 12], [4, 9, 5, 10], [18, 14, 19, 13], [8, 15, 9, 16], [2, 17, 3, 18], [22, 20, 1, 19]]"
11a_136_197,"[[22, 20, 1, 19], [10, 3, 11, 4], [6, 21, 7, 22], [20, 7, 21, 8], [12, 2, 13, 1], [14, 5, 15, 6], [16, 11, 17, 12], [4, 9, 5, 10], [18, 14, 19, 13], [8, 15, 9, 16], [2, 17, 3, 18]]"
11a_136_198,"[[3, 18, 4, 19], [1, 21, 2, 20], [11, 4, 12, 5], [7, 22, 8, 1], [21, 8, 22, 9], [13, 3, 14, 2], [15, 6, 16, 7], [17, 12, 18, 13], [5, 10, 6, 11], [19, 15, 20, 14], [9, 16, 10, 17]]"
11a_136_199,"[[9, 16, 10, 17], [3, 18, 4, 19], [1, 21, 2, 20], [11, 4, 12, 5], [7, 22, 8, 1], [21, 8, 22, 9], [13, 3, 14, 2], [15, 6, 16, 7], [17, 12, 18, 13], [5, 10, 6, 11], [19, 15, 20, 14]]"
11a_136_200,"[[19, 15, 20, 14], [9, 16, 10, 17], [3, 18, 4, 19], [1, 21, 2, 20], [11, 4, 12, 5], [7, 22, 8, 1], [21, 8, 22, 9], [13, 3, 14, 2], [15, 6, 16, 7], [17, 12, 18, 13], [5, 10, 6, 11]]"
11a_136_201,"[[5, 10, 6, 11], [19, 15, 20, 14], [9, 16, 10, 17], [3, 18, 4, 19], [1, 21, 2, 20], [11, 4, 12, 5], [7, 22, 8, 1], [21, 8, 22, 9], [13, 3, 14, 2], [15, 6, 16, 7], [17, 12, 18, 13]]"
11a_136_202,"[[17, 12, 18, 13], [5, 10, 6, 11], [19, 15, 20, 14], [9, 16, 10, 17], [3, 18, 4, 19], [1, 21, 2, 20], [11, 4, 12, 5], [7, 22, 8, 1], [21, 8, 22, 9], [13, 3, 14, 2], [15, 6, 16, 7]]"
11a_136_203,"[[15, 6, 16, 7], [17, 12, 18, 13], [5, 10, 6, 11], [19, 15, 20, 14], [9, 16, 10, 17], [3, 18, 4, 19], [1, 21, 2, 20], [11, 4, 12, 5], [7, 22, 8, 1], [21, 8, 22, 9], [13, 3, 14, 2]]"
