name,pd_notation
11a_138_0,"[[1, 16, 2, 17], [5, 3, 6, 2], [17, 6, 18, 7], [11, 4, 12, 5], [3, 12, 4, 13], [13, 19, 14, 18], [19, 11, 20, 10], [21, 15, 22, 14], [7, 22, 8, 1], [15, 9, 16, 8], [9, 21, 10, 20]]"
11a_138_1,"[[9, 21, 10, 20], [1, 16, 2, 17], [5, 3, 6, 2], [17, 6, 18, 7], [11, 4, 12, 5], [3, 12, 4, 13], [13, 19, 14, 18], [19, 11, 20, 10], [21, 15, 22, 14], [7, 22, 8, 1], [15, 9, 16, 8]]"
11a_138_2,"[[15, 9, 16, 8], [9, 21, 10, 20], [1, 16, 2, 17], [5, 3, 6, 2], [17, 6, 18, 7], [11, 4, 12, 5], [3, 12, 4, 13], [13, 19, 14, 18], [19, 11, 20, 10], [21, 15, 22, 14], [7, 22, 8, 1]]"
11a_138_3,"[[7, 22, 8, 1], [15, 9, 16, 8], [9, 21, 10, 20], [1, 16, 2, 17], [5, 3, 6, 2], [17, 6, 18, 7], [11, 4, 12, 5], [3, 12, 4, 13], [13, 19, 14, 18], [19, 11, 20, 10], [21, 15, 22, 14]]"
11a_138_4,"[[21, 15, 22, 14], [7, 22, 8, 1], [15, 9, 16, 8], [9, 21, 10, 20], [1, 16, 2, 17], [5, 3, 6, 2], [17, 6, 18, 7], [11, 4, 12, 5], [3, 12, 4, 13], [13, 19, 14, 18], [19, 11, 20, 10]]"
11a_138_5,"[[19, 11, 20, 10], [21, 15, 22, 14], [7, 22, 8, 1], [15, 9, 16, 8], [9, 21, 10, 20], [1, 16, 2, 17], [5, 3, 6, 2], [17, 6, 18, 7], [11, 4, 12, 5], [3, 12, 4, 13], [13, 19, 14, 18]]"
11a_138_6,"[[13, 19, 14, 18], [19, 11, 20, 10], [21, 15, 22, 14], [7, 22, 8, 1], [15, 9, 16, 8], [9, 21, 10, 20], [1, 16, 2, 17], [5, 3, 6, 2], [17, 6, 18, 7], [11, 4, 12, 5], [3, 12, 4, 13]]"
11a_138_7,"[[3, 12, 4, 13], [13, 19, 14, 18], [19, 11, 20, 10], [21, 15, 22, 14], [7, 22, 8, 1], [15, 9, 16, 8], [9, 21, 10, 20], [1, 16, 2, 17], [5, 3, 6, 2], [17, 6, 18, 7], [11, 4, 12, 5]]"
11a_138_8,"[[11, 4, 12, 5], [3, 12, 4, 13], [13, 19, 14, 18], [19, 11, 20, 10], [21, 15, 22, 14], [7, 22, 8, 1], [15, 9, 16, 8], [9, 21, 10, 20], [1, 16, 2, 17], [5, 3, 6, 2], [17, 6, 18, 7]]"
11a_138_9,"[[17, 6, 18, 7], [11, 4, 12, 5], [3, 12, 4, 13], [13, 19, 14, 18], [19, 11, 20, 10], [21, 15, 22, 14], [7, 22, 8, 1], [15, 9, 16, 8], [9, 21, 10, 20], [1, 16, 2, 17], [5, 3, 6, 2]]"
11a_138_10,"[[5, 3, 6, 2], [17, 6, 18, 7], [11, 4, 12, 5], [3, 12, 4, 13], [13, 19, 14, 18], [19, 11, 20, 10], [21, 15, 22, 14], [7, 22, 8, 1], [15, 9, 16, 8], [9, 21, 10, 20], [1, 16, 2, 17]]"
11a_138_11,"[[2, 17, 3, 18], [6, 4, 7, 3], [18, 7, 19, 8], [12, 5, 13, 6], [4, 13, 5, 14], [14, 20, 15, 19], [20, 12, 21, 11], [22, 16, 1, 15], [8, 1, 9, 2], [16, 10, 17, 9], [10, 22, 11, 21]]"
11a_138_12,"[[10, 22, 11, 21], [2, 17, 3, 18], [6, 4, 7, 3], [18, 7, 19, 8], [12, 5, 13, 6], [4, 13, 5, 14], [14, 20, 15, 19], [20, 12, 21, 11], [22, 16, 1, 15], [8, 1, 9, 2], [16, 10, 17, 9]]"
11a_138_13,"[[16, 10, 17, 9], [10, 22, 11, 21], [2, 17, 3, 18], [6, 4, 7, 3], [18, 7, 19, 8], [12, 5, 13, 6], [4, 13, 5, 14], [14, 20, 15, 19], [20, 12, 21, 11], [22, 16, 1, 15], [8, 1, 9, 2]]"
11a_138_14,"[[8, 1, 9, 2], [16, 10, 17, 9], [10, 22, 11, 21], [2, 17, 3, 18], [6, 4, 7, 3], [18, 7, 19, 8], [12, 5, 13, 6], [4, 13, 5, 14], [14, 20, 15, 19], [20, 12, 21, 11], [22, 16, 1, 15]]"
11a_138_15,"[[22, 16, 1, 15], [8, 1, 9, 2], [16, 10, 17, 9], [10, 22, 11, 21], [2, 17, 3, 18], [6, 4, 7, 3], [18, 7, 19, 8], [12, 5, 13, 6], [4, 13, 5, 14], [14, 20, 15, 19], [20, 12, 21, 11]]"
11a_138_16,"[[20, 12, 21, 11], [22, 16, 1, 15], [8, 1, 9, 2], [16, 10, 17, 9], [10, 22, 11, 21], [2, 17, 3, 18], [6, 4, 7, 3], [18, 7, 19, 8], [12, 5, 13, 6], [4, 13, 5, 14], [14, 20, 15, 19]]"
11a_138_17,"[[14, 20, 15, 19], [20, 12, 21, 11], [22, 16, 1, 15], [8, 1, 9, 2], [16, 10, 17, 9], [10, 22, 11, 21], [2, 17, 3, 18], [6, 4, 7, 3], [18, 7, 19, 8], [12, 5, 13, 6], [4, 13, 5, 14]]"
11a_138_18,"[[4, 13, 5, 14], [14, 20, 15, 19], [20, 12, 21, 11], [22, 16, 1, 15], [8, 1, 9, 2], [16, 10, 17, 9], [10, 22, 11, 21], [2, 17, 3, 18], [6, 4, 7, 3], [18, 7, 19, 8], [12, 5, 13, 6]]"
11a_138_19,"[[12, 5, 13, 6], [4, 13, 5, 14], [14, 20, 15, 19], [20, 12, 21, 11], [22, 16, 1, 15], [8, 1, 9, 2], [16, 10, 17, 9], [10, 22, 11, 21], [2, 17, 3, 18], [6, 4, 7, 3], [18, 7, 19, 8]]"
11a_138_20,"[[18, 7, 19, 8], [12, 5, 13, 6], [4, 13, 5, 14], [14, 20, 15, 19], [20, 12, 21, 11], [22, 16, 1, 15], [8, 1, 9, 2], [16, 10, 17, 9], [10, 22, 11, 21], [2, 17, 3, 18], [6, 4, 7, 3]]"
11a_138_21,"[[6, 4, 7, 3], [18, 7, 19, 8], [12, 5, 13, 6], [4, 13, 5, 14], [14, 20, 15, 19], [20, 12, 21, 11], [22, 16, 1, 15], [8, 1, 9, 2], [16, 10, 17, 9], [10, 22, 11, 21], [2, 17, 3, 18]]"
11a_138_22,"[[3, 18, 4, 19], [7, 5, 8, 4], [19, 8, 20, 9], [13, 6, 14, 7], [5, 14, 6, 15], [15, 21, 16, 20], [21, 13, 22, 12], [1, 17, 2, 16], [9, 2, 10, 3], [17, 11, 18, 10], [11, 1, 12, 22]]"
11a_138_23,"[[11, 1, 12, 22], [3, 18, 4, 19], [7, 5, 8, 4], [19, 8, 20, 9], [13, 6, 14, 7], [5, 14, 6, 15], [15, 21, 16, 20], [21, 13, 22, 12], [1, 17, 2, 16], [9, 2, 10, 3], [17, 11, 18, 10]]"
11a_138_24,"[[17, 11, 18, 10], [11, 1, 12, 22], [3, 18, 4, 19], [7, 5, 8, 4], [19, 8, 20, 9], [13, 6, 14, 7], [5, 14, 6, 15], [15, 21, 16, 20], [21, 13, 22, 12], [1, 17, 2, 16], [9, 2, 10, 3]]"
11a_138_25,"[[9, 2, 10, 3], [17, 11, 18, 10], [11, 1, 12, 22], [3, 18, 4, 19], [7, 5, 8, 4], [19, 8, 20, 9], [13, 6, 14, 7], [5, 14, 6, 15], [15, 21, 16, 20], [21, 13, 22, 12], [1, 17, 2, 16]]"
11a_138_26,"[[1, 17, 2, 16], [9, 2, 10, 3], [17, 11, 18, 10], [11, 1, 12, 22], [3, 18, 4, 19], [7, 5, 8, 4], [19, 8, 20, 9], [13, 6, 14, 7], [5, 14, 6, 15], [15, 21, 16, 20], [21, 13, 22, 12]]"
11a_138_27,"[[21, 13, 22, 12], [1, 17, 2, 16], [9, 2, 10, 3], [17, 11, 18, 10], [11, 1, 12, 22], [3, 18, 4, 19], [7, 5, 8, 4], [19, 8, 20, 9], [13, 6, 14, 7], [5, 14, 6, 15], [15, 21, 16, 20]]"
11a_138_28,"[[15, 21, 16, 20], [21, 13, 22, 12], [1, 17, 2, 16], [9, 2, 10, 3], [17, 11, 18, 10], [11, 1, 12, 22], [3, 18, 4, 19], [7, 5, 8, 4], [19, 8, 20, 9], [13, 6, 14, 7], [5, 14, 6, 15]]"
11a_138_29,"[[5, 14, 6, 15], [15, 21, 16, 20], [21, 13, 22, 12], [1, 17, 2, 16], [9, 2, 10, 3], [17, 11, 18, 10], [11, 1, 12, 22], [3, 18, 4, 19], [7, 5, 8, 4], [19, 8, 20, 9], [13, 6, 14, 7]]"
11a_138_30,"[[13, 6, 14, 7], [5, 14, 6, 15], [15, 21, 16, 20], [21, 13, 22, 12], [1, 17, 2, 16], [9, 2, 10, 3], [17, 11, 18, 10], [11, 1, 12, 22], [3, 18, 4, 19], [7, 5, 8, 4], [19, 8, 20, 9]]"
11a_138_31,"[[19, 8, 20, 9], [13, 6, 14, 7], [5, 14, 6, 15], [15, 21, 16, 20], [21, 13, 22, 12], [1, 17, 2, 16], [9, 2, 10, 3], [17, 11, 18, 10], [11, 1, 12, 22], [3, 18, 4, 19], [7, 5, 8, 4]]"
11a_138_32,"[[7, 5, 8, 4], [19, 8, 20, 9], [13, 6, 14, 7], [5, 14, 6, 15], [15, 21, 16, 20], [21, 13, 22, 12], [1, 17, 2, 16], [9, 2, 10, 3], [17, 11, 18, 10], [11, 1, 12, 22], [3, 18, 4, 19]]"
11a_138_33,"[[4, 19, 5, 20], [8, 6, 9, 5], [20, 9, 21, 10], [14, 7, 15, 8], [6, 15, 7, 16], [16, 22, 17, 21], [22, 14, 1, 13], [2, 18, 3, 17], [10, 3, 11, 4], [18, 12, 19, 11], [12, 2, 13, 1]]"
11a_138_34,"[[12, 2, 13, 1], [4, 19, 5, 20], [8, 6, 9, 5], [20, 9, 21, 10], [14, 7, 15, 8], [6, 15, 7, 16], [16, 22, 17, 21], [22, 14, 1, 13], [2, 18, 3, 17], [10, 3, 11, 4], [18, 12, 19, 11]]"
11a_138_35,"[[18, 12, 19, 11], [12, 2, 13, 1], [4, 19, 5, 20], [8, 6, 9, 5], [20, 9, 21, 10], [14, 7, 15, 8], [6, 15, 7, 16], [16, 22, 17, 21], [22, 14, 1, 13], [2, 18, 3, 17], [10, 3, 11, 4]]"
11a_138_36,"[[10, 3, 11, 4], [18, 12, 19, 11], [12, 2, 13, 1], [4, 19, 5, 20], [8, 6, 9, 5], [20, 9, 21, 10], [14, 7, 15, 8], [6, 15, 7, 16], [16, 22, 17, 21], [22, 14, 1, 13], [2, 18, 3, 17]]"
11a_138_37,"[[2, 18, 3, 17], [10, 3, 11, 4], [18, 12, 19, 11], [12, 2, 13, 1], [4, 19, 5, 20], [8, 6, 9, 5], [20, 9, 21, 10], [14, 7, 15, 8], [6, 15, 7, 16], [16, 22, 17, 21], [22, 14, 1, 13]]"
11a_138_38,"[[22, 14, 1, 13], [2, 18, 3, 17], [10, 3, 11, 4], [18, 12, 19, 11], [12, 2, 13, 1], [4, 19, 5, 20], [8, 6, 9, 5], [20, 9, 21, 10], [14, 7, 15, 8], [6, 15, 7, 16], [16, 22, 17, 21]]"
11a_138_39,"[[16, 22, 17, 21], [22, 14, 1, 13], [2, 18, 3, 17], [10, 3, 11, 4], [18, 12, 19, 11], [12, 2, 13, 1], [4, 19, 5, 20], [8, 6, 9, 5], [20, 9, 21, 10], [14, 7, 15, 8], [6, 15, 7, 16]]"
11a_138_40,"[[6, 15, 7, 16], [16, 22, 17, 21], [22, 14, 1, 13], [2, 18, 3, 17], [10, 3, 11, 4], [18, 12, 19, 11], [12, 2, 13, 1], [4, 19, 5, 20], [8, 6, 9, 5], [20, 9, 21, 10], [14, 7, 15, 8]]"
11a_138_41,"[[14, 7, 15, 8], [6, 15, 7, 16], [16, 22, 17, 21], [22, 14, 1, 13], [2, 18, 3, 17], [10, 3, 11, 4], [18, 12, 19, 11], [12, 2, 13, 1], [4, 19, 5, 20], [8, 6, 9, 5], [20, 9, 21, 10]]"
11a_138_42,"[[20, 9, 21, 10], [14, 7, 15, 8], [6, 15, 7, 16], [16, 22, 17, 21], [22, 14, 1, 13], [2, 18, 3, 17], [10, 3, 11, 4], [18, 12, 19, 11], [12, 2, 13, 1], [4, 19, 5, 20], [8, 6, 9, 5]]"
11a_138_43,"[[8, 6, 9, 5], [20, 9, 21, 10], [14, 7, 15, 8], [6, 15, 7, 16], [16, 22, 17, 21], [22, 14, 1, 13], [2, 18, 3, 17], [10, 3, 11, 4], [18, 12, 19, 11], [12, 2, 13, 1], [4, 19, 5, 20]]"
11a_138_44,"[[5, 20, 6, 21], [9, 7, 10, 6], [21, 10, 22, 11], [15, 8, 16, 9], [7, 16, 8, 17], [17, 1, 18, 22], [1, 15, 2, 14], [3, 19, 4, 18], [11, 4, 12, 5], [19, 13, 20, 12], [13, 3, 14, 2]]"
11a_138_45,"[[13, 3, 14, 2], [5, 20, 6, 21], [9, 7, 10, 6], [21, 10, 22, 11], [15, 8, 16, 9], [7, 16, 8, 17], [17, 1, 18, 22], [1, 15, 2, 14], [3, 19, 4, 18], [11, 4, 12, 5], [19, 13, 20, 12]]"
11a_138_46,"[[19, 13, 20, 12], [13, 3, 14, 2], [5, 20, 6, 21], [9, 7, 10, 6], [21, 10, 22, 11], [15, 8, 16, 9], [7, 16, 8, 17], [17, 1, 18, 22], [1, 15, 2, 14], [3, 19, 4, 18], [11, 4, 12, 5]]"
11a_138_47,"[[11, 4, 12, 5], [19, 13, 20, 12], [13, 3, 14, 2], [5, 20, 6, 21], [9, 7, 10, 6], [21, 10, 22, 11], [15, 8, 16, 9], [7, 16, 8, 17], [17, 1, 18, 22], [1, 15, 2, 14], [3, 19, 4, 18]]"
11a_138_48,"[[3, 19, 4, 18], [11, 4, 12, 5], [19, 13, 20, 12], [13, 3, 14, 2], [5, 20, 6, 21], [9, 7, 10, 6], [21, 10, 22, 11], [15, 8, 16, 9], [7, 16, 8, 17], [17, 1, 18, 22], [1, 15, 2, 14]]"
11a_138_49,"[[1, 15, 2, 14], [3, 19, 4, 18], [11, 4, 12, 5], [19, 13, 20, 12], [13, 3, 14, 2], [5, 20, 6, 21], [9, 7, 10, 6], [21, 10, 22, 11], [15, 8, 16, 9], [7, 16, 8, 17], [17, 1, 18, 22]]"
11a_138_50,"[[17, 1, 18, 22], [1, 15, 2, 14], [3, 19, 4, 18], [11, 4, 12, 5], [19, 13, 20, 12], [13, 3, 14, 2], [5, 20, 6, 21], [9, 7, 10, 6], [21, 10, 22, 11], [15, 8, 16, 9], [7, 16, 8, 17]]"
11a_138_51,"[[7, 16, 8, 17], [17, 1, 18, 22], [1, 15, 2, 14], [3, 19, 4, 18], [11, 4, 12, 5], [19, 13, 20, 12], [13, 3, 14, 2], [5, 20, 6, 21], [9, 7, 10, 6], [21, 10, 22, 11], [15, 8, 16, 9]]"
11a_138_52,"[[15, 8, 16, 9], [7, 16, 8, 17], [17, 1, 18, 22], [1, 15, 2, 14], [3, 19, 4, 18], [11, 4, 12, 5], [19, 13, 20, 12], [13, 3, 14, 2], [5, 20, 6, 21], [9, 7, 10, 6], [21, 10, 22, 11]]"
11a_138_53,"[[21, 10, 22, 11], [15, 8, 16, 9], [7, 16, 8, 17], [17, 1, 18, 22], [1, 15, 2, 14], [3, 19, 4, 18], [11, 4, 12, 5], [19, 13, 20, 12], [13, 3, 14, 2], [5, 20, 6, 21], [9, 7, 10, 6]]"
11a_138_54,"[[9, 7, 10, 6], [21, 10, 22, 11], [15, 8, 16, 9], [7, 16, 8, 17], [17, 1, 18, 22], [1, 15, 2, 14], [3, 19, 4, 18], [11, 4, 12, 5], [19, 13, 20, 12], [13, 3, 14, 2], [5, 20, 6, 21]]"
11a_138_55,"[[6, 21, 7, 22], [10, 8, 11, 7], [22, 11, 1, 12], [16, 9, 17, 10], [8, 17, 9, 18], [18, 2, 19, 1], [2, 16, 3, 15], [4, 20, 5, 19], [12, 5, 13, 6], [20, 14, 21, 13], [14, 4, 15, 3]]"
11a_138_56,"[[14, 4, 15, 3], [6, 21, 7, 22], [10, 8, 11, 7], [22, 11, 1, 12], [16, 9, 17, 10], [8, 17, 9, 18], [18, 2, 19, 1], [2, 16, 3, 15], [4, 20, 5, 19], [12, 5, 13, 6], [20, 14, 21, 13]]"
11a_138_57,"[[20, 14, 21, 13], [14, 4, 15, 3], [6, 21, 7, 22], [10, 8, 11, 7], [22, 11, 1, 12], [16, 9, 17, 10], [8, 17, 9, 18], [18, 2, 19, 1], [2, 16, 3, 15], [4, 20, 5, 19], [12, 5, 13, 6]]"
11a_138_58,"[[12, 5, 13, 6], [20, 14, 21, 13], [14, 4, 15, 3], [6, 21, 7, 22], [10, 8, 11, 7], [22, 11, 1, 12], [16, 9, 17, 10], [8, 17, 9, 18], [18, 2, 19, 1], [2, 16, 3, 15], [4, 20, 5, 19]]"
11a_138_59,"[[4, 20, 5, 19], [12, 5, 13, 6], [20, 14, 21, 13], [14, 4, 15, 3], [6, 21, 7, 22], [10, 8, 11, 7], [22, 11, 1, 12], [16, 9, 17, 10], [8, 17, 9, 18], [18, 2, 19, 1], [2, 16, 3, 15]]"
11a_138_60,"[[2, 16, 3, 15], [4, 20, 5, 19], [12, 5, 13, 6], [20, 14, 21, 13], [14, 4, 15, 3], [6, 21, 7, 22], [10, 8, 11, 7], [22, 11, 1, 12], [16, 9, 17, 10], [8, 17, 9, 18], [18, 2, 19, 1]]"
11a_138_61,"[[18, 2, 19, 1], [2, 16, 3, 15], [4, 20, 5, 19], [12, 5, 13, 6], [20, 14, 21, 13], [14, 4, 15, 3], [6, 21, 7, 22], [10, 8, 11, 7], [22, 11, 1, 12], [16, 9, 17, 10], [8, 17, 9, 18]]"
11a_138_62,"[[8, 17, 9, 18], [18, 2, 19, 1], [2, 16, 3, 15], [4, 20, 5, 19], [12, 5, 13, 6], [20, 14, 21, 13], [14, 4, 15, 3], [6, 21, 7, 22], [10, 8, 11, 7], [22, 11, 1, 12], [16, 9, 17, 10]]"
11a_138_63,"[[16, 9, 17, 10], [8, 17, 9, 18], [18, 2, 19, 1], [2, 16, 3, 15], [4, 20, 5, 19], [12, 5, 13, 6], [20, 14, 21, 13], [14, 4, 15, 3], [6, 21, 7, 22], [10, 8, 11, 7], [22, 11, 1, 12]]"
11a_138_64,"[[22, 11, 1, 12], [16, 9, 17, 10], [8, 17, 9, 18], [18, 2, 19, 1], [2, 16, 3, 15], [4, 20, 5, 19], [12, 5, 13, 6], [20, 14, 21, 13], [14, 4, 15, 3], [6, 21, 7, 22], [10, 8, 11, 7]]"
11a_138_65,"[[10, 8, 11, 7], [22, 11, 1, 12], [16, 9, 17, 10], [8, 17, 9, 18], [18, 2, 19, 1], [2, 16, 3, 15], [4, 20, 5, 19], [12, 5, 13, 6], [20, 14, 21, 13], [14, 4, 15, 3], [6, 21, 7, 22]]"
11a_138_66,"[[7, 22, 8, 1], [11, 9, 12, 8], [1, 12, 2, 13], [17, 10, 18, 11], [9, 18, 10, 19], [19, 3, 20, 2], [3, 17, 4, 16], [5, 21, 6, 20], [13, 6, 14, 7], [21, 15, 22, 14], [15, 5, 16, 4]]"
11a_138_67,"[[15, 5, 16, 4], [7, 22, 8, 1], [11, 9, 12, 8], [1, 12, 2, 13], [17, 10, 18, 11], [9, 18, 10, 19], [19, 3, 20, 2], [3, 17, 4, 16], [5, 21, 6, 20], [13, 6, 14, 7], [21, 15, 22, 14]]"
11a_138_68,"[[21, 15, 22, 14], [15, 5, 16, 4], [7, 22, 8, 1], [11, 9, 12, 8], [1, 12, 2, 13], [17, 10, 18, 11], [9, 18, 10, 19], [19, 3, 20, 2], [3, 17, 4, 16], [5, 21, 6, 20], [13, 6, 14, 7]]"
11a_138_69,"[[13, 6, 14, 7], [21, 15, 22, 14], [15, 5, 16, 4], [7, 22, 8, 1], [11, 9, 12, 8], [1, 12, 2, 13], [17, 10, 18, 11], [9, 18, 10, 19], [19, 3, 20, 2], [3, 17, 4, 16], [5, 21, 6, 20]]"
11a_138_70,"[[5, 21, 6, 20], [13, 6, 14, 7], [21, 15, 22, 14], [15, 5, 16, 4], [7, 22, 8, 1], [11, 9, 12, 8], [1, 12, 2, 13], [17, 10, 18, 11], [9, 18, 10, 19], [19, 3, 20, 2], [3, 17, 4, 16]]"
11a_138_71,"[[3, 17, 4, 16], [5, 21, 6, 20], [13, 6, 14, 7], [21, 15, 22, 14], [15, 5, 16, 4], [7, 22, 8, 1], [11, 9, 12, 8], [1, 12, 2, 13], [17, 10, 18, 11], [9, 18, 10, 19], [19, 3, 20, 2]]"
11a_138_72,"[[19, 3, 20, 2], [3, 17, 4, 16], [5, 21, 6, 20], [13, 6, 14, 7], [21, 15, 22, 14], [15, 5, 16, 4], [7, 22, 8, 1], [11, 9, 12, 8], [1, 12, 2, 13], [17, 10, 18, 11], [9, 18, 10, 19]]"
11a_138_73,"[[9, 18, 10, 19], [19, 3, 20, 2], [3, 17, 4, 16], [5, 21, 6, 20], [13, 6, 14, 7], [21, 15, 22, 14], [15, 5, 16, 4], [7, 22, 8, 1], [11, 9, 12, 8], [1, 12, 2, 13], [17, 10, 18, 11]]"
11a_138_74,"[[17, 10, 18, 11], [9, 18, 10, 19], [19, 3, 20, 2], [3, 17, 4, 16], [5, 21, 6, 20], [13, 6, 14, 7], [21, 15, 22, 14], [15, 5, 16, 4], [7, 22, 8, 1], [11, 9, 12, 8], [1, 12, 2, 13]]"
11a_138_75,"[[1, 12, 2, 13], [17, 10, 18, 11], [9, 18, 10, 19], [19, 3, 20, 2], [3, 17, 4, 16], [5, 21, 6, 20], [13, 6, 14, 7], [21, 15, 22, 14], [15, 5, 16, 4], [7, 22, 8, 1], [11, 9, 12, 8]]"
11a_138_76,"[[11, 9, 12, 8], [1, 12, 2, 13], [17, 10, 18, 11], [9, 18, 10, 19], [19, 3, 20, 2], [3, 17, 4, 16], [5, 21, 6, 20], [13, 6, 14, 7], [21, 15, 22, 14], [15, 5, 16, 4], [7, 22, 8, 1]]"
11a_138_77,"[[8, 1, 9, 2], [12, 10, 13, 9], [2, 13, 3, 14], [18, 11, 19, 12], [10, 19, 11, 20], [20, 4, 21, 3], [4, 18, 5, 17], [6, 22, 7, 21], [14, 7, 15, 8], [22, 16, 1, 15], [16, 6, 17, 5]]"
11a_138_78,"[[16, 6, 17, 5], [8, 1, 9, 2], [12, 10, 13, 9], [2, 13, 3, 14], [18, 11, 19, 12], [10, 19, 11, 20], [20, 4, 21, 3], [4, 18, 5, 17], [6, 22, 7, 21], [14, 7, 15, 8], [22, 16, 1, 15]]"
11a_138_79,"[[22, 16, 1, 15], [16, 6, 17, 5], [8, 1, 9, 2], [12, 10, 13, 9], [2, 13, 3, 14], [18, 11, 19, 12], [10, 19, 11, 20], [20, 4, 21, 3], [4, 18, 5, 17], [6, 22, 7, 21], [14, 7, 15, 8]]"
11a_138_80,"[[14, 7, 15, 8], [22, 16, 1, 15], [16, 6, 17, 5], [8, 1, 9, 2], [12, 10, 13, 9], [2, 13, 3, 14], [18, 11, 19, 12], [10, 19, 11, 20], [20, 4, 21, 3], [4, 18, 5, 17], [6, 22, 7, 21]]"
11a_138_81,"[[6, 22, 7, 21], [14, 7, 15, 8], [22, 16, 1, 15], [16, 6, 17, 5], [8, 1, 9, 2], [12, 10, 13, 9], [2, 13, 3, 14], [18, 11, 19, 12], [10, 19, 11, 20], [20, 4, 21, 3], [4, 18, 5, 17]]"
11a_138_82,"[[4, 18, 5, 17], [6, 22, 7, 21], [14, 7, 15, 8], [22, 16, 1, 15], [16, 6, 17, 5], [8, 1, 9, 2], [12, 10, 13, 9], [2, 13, 3, 14], [18, 11, 19, 12], [10, 19, 11, 20], [20, 4, 21, 3]]"
11a_138_83,"[[20, 4, 21, 3], [4, 18, 5, 17], [6, 22, 7, 21], [14, 7, 15, 8], [22, 16, 1, 15], [16, 6, 17, 5], [8, 1, 9, 2], [12, 10, 13, 9], [2, 13, 3, 14], [18, 11, 19, 12], [10, 19, 11, 20]]"
11a_138_84,"[[10, 19, 11, 20], [20, 4, 21, 3], [4, 18, 5, 17], [6, 22, 7, 21], [14, 7, 15, 8], [22, 16, 1, 15], [16, 6, 17, 5], [8, 1, 9, 2], [12, 10, 13, 9], [2, 13, 3, 14], [18, 11, 19, 12]]"
11a_138_85,"[[18, 11, 19, 12], [10, 19, 11, 20], [20, 4, 21, 3], [4, 18, 5, 17], [6, 22, 7, 21], [14, 7, 15, 8], [22, 16, 1, 15], [16, 6, 17, 5], [8, 1, 9, 2], [12, 10, 13, 9], [2, 13, 3, 14]]"
11a_138_86,"[[2, 13, 3, 14], [18, 11, 19, 12], [10, 19, 11, 20], [20, 4, 21, 3], [4, 18, 5, 17], [6, 22, 7, 21], [14, 7, 15, 8], [22, 16, 1, 15], [16, 6, 17, 5], [8, 1, 9, 2], [12, 10, 13, 9]]"
11a_138_87,"[[12, 10, 13, 9], [2, 13, 3, 14], [18, 11, 19, 12], [10, 19, 11, 20], [20, 4, 21, 3], [4, 18, 5, 17], [6, 22, 7, 21], [14, 7, 15, 8], [22, 16, 1, 15], [16, 6, 17, 5], [8, 1, 9, 2]]"
11a_138_88,"[[9, 2, 10, 3], [13, 11, 14, 10], [3, 14, 4, 15], [19, 12, 20, 13], [11, 20, 12, 21], [21, 5, 22, 4], [5, 19, 6, 18], [7, 1, 8, 22], [15, 8, 16, 9], [1, 17, 2, 16], [17, 7, 18, 6]]"
11a_138_89,"[[17, 7, 18, 6], [9, 2, 10, 3], [13, 11, 14, 10], [3, 14, 4, 15], [19, 12, 20, 13], [11, 20, 12, 21], [21, 5, 22, 4], [5, 19, 6, 18], [7, 1, 8, 22], [15, 8, 16, 9], [1, 17, 2, 16]]"
11a_138_90,"[[1, 17, 2, 16], [17, 7, 18, 6], [9, 2, 10, 3], [13, 11, 14, 10], [3, 14, 4, 15], [19, 12, 20, 13], [11, 20, 12, 21], [21, 5, 22, 4], [5, 19, 6, 18], [7, 1, 8, 22], [15, 8, 16, 9]]"
11a_138_91,"[[15, 8, 16, 9], [1, 17, 2, 16], [17, 7, 18, 6], [9, 2, 10, 3], [13, 11, 14, 10], [3, 14, 4, 15], [19, 12, 20, 13], [11, 20, 12, 21], [21, 5, 22, 4], [5, 19, 6, 18], [7, 1, 8, 22]]"
11a_138_92,"[[7, 1, 8, 22], [15, 8, 16, 9], [1, 17, 2, 16], [17, 7, 18, 6], [9, 2, 10, 3], [13, 11, 14, 10], [3, 14, 4, 15], [19, 12, 20, 13], [11, 20, 12, 21], [21, 5, 22, 4], [5, 19, 6, 18]]"
11a_138_93,"[[5, 19, 6, 18], [7, 1, 8, 22], [15, 8, 16, 9], [1, 17, 2, 16], [17, 7, 18, 6], [9, 2, 10, 3], [13, 11, 14, 10], [3, 14, 4, 15], [19, 12, 20, 13], [11, 20, 12, 21], [21, 5, 22, 4]]"
11a_138_94,"[[21, 5, 22, 4], [5, 19, 6, 18], [7, 1, 8, 22], [15, 8, 16, 9], [1, 17, 2, 16], [17, 7, 18, 6], [9, 2, 10, 3], [13, 11, 14, 10], [3, 14, 4, 15], [19, 12, 20, 13], [11, 20, 12, 21]]"
11a_138_95,"[[11, 20, 12, 21], [21, 5, 22, 4], [5, 19, 6, 18], [7, 1, 8, 22], [15, 8, 16, 9], [1, 17, 2, 16], [17, 7, 18, 6], [9, 2, 10, 3], [13, 11, 14, 10], [3, 14, 4, 15], [19, 12, 20, 13]]"
11a_138_96,"[[19, 12, 20, 13], [11, 20, 12, 21], [21, 5, 22, 4], [5, 19, 6, 18], [7, 1, 8, 22], [15, 8, 16, 9], [1, 17, 2, 16], [17, 7, 18, 6], [9, 2, 10, 3], [13, 11, 14, 10], [3, 14, 4, 15]]"
11a_138_97,"[[3, 14, 4, 15], [19, 12, 20, 13], [11, 20, 12, 21], [21, 5, 22, 4], [5, 19, 6, 18], [7, 1, 8, 22], [15, 8, 16, 9], [1, 17, 2, 16], [17, 7, 18, 6], [9, 2, 10, 3], [13, 11, 14, 10]]"
11a_138_98,"[[13, 11, 14, 10], [3, 14, 4, 15], [19, 12, 20, 13], [11, 20, 12, 21], [21, 5, 22, 4], [5, 19, 6, 18], [7, 1, 8, 22], [15, 8, 16, 9], [1, 17, 2, 16], [17, 7, 18, 6], [9, 2, 10, 3]]"
11a_138_99,"[[10, 3, 11, 4], [14, 12, 15, 11], [4, 15, 5, 16], [20, 13, 21, 14], [12, 21, 13, 22], [22, 6, 1, 5], [6, 20, 7, 19], [8, 2, 9, 1], [16, 9, 17, 10], [2, 18, 3, 17], [18, 8, 19, 7]]"
11a_138_100,"[[18, 8, 19, 7], [10, 3, 11, 4], [14, 12, 15, 11], [4, 15, 5, 16], [20, 13, 21, 14], [12, 21, 13, 22], [22, 6, 1, 5], [6, 20, 7, 19], [8, 2, 9, 1], [16, 9, 17, 10], [2, 18, 3, 17]]"
11a_138_101,"[[2, 18, 3, 17], [18, 8, 19, 7], [10, 3, 11, 4], [14, 12, 15, 11], [4, 15, 5, 16], [20, 13, 21, 14], [12, 21, 13, 22], [22, 6, 1, 5], [6, 20, 7, 19], [8, 2, 9, 1], [16, 9, 17, 10]]"
11a_138_102,"[[16, 9, 17, 10], [2, 18, 3, 17], [18, 8, 19, 7], [10, 3, 11, 4], [14, 12, 15, 11], [4, 15, 5, 16], [20, 13, 21, 14], [12, 21, 13, 22], [22, 6, 1, 5], [6, 20, 7, 19], [8, 2, 9, 1]]"
11a_138_103,"[[8, 2, 9, 1], [16, 9, 17, 10], [2, 18, 3, 17], [18, 8, 19, 7], [10, 3, 11, 4], [14, 12, 15, 11], [4, 15, 5, 16], [20, 13, 21, 14], [12, 21, 13, 22], [22, 6, 1, 5], [6, 20, 7, 19]]"
11a_138_104,"[[6, 20, 7, 19], [8, 2, 9, 1], [16, 9, 17, 10], [2, 18, 3, 17], [18, 8, 19, 7], [10, 3, 11, 4], [14, 12, 15, 11], [4, 15, 5, 16], [20, 13, 21, 14], [12, 21, 13, 22], [22, 6, 1, 5]]"
11a_138_105,"[[22, 6, 1, 5], [6, 20, 7, 19], [8, 2, 9, 1], [16, 9, 17, 10], [2, 18, 3, 17], [18, 8, 19, 7], [10, 3, 11, 4], [14, 12, 15, 11], [4, 15, 5, 16], [20, 13, 21, 14], [12, 21, 13, 22]]"
11a_138_106,"[[12, 21, 13, 22], [22, 6, 1, 5], [6, 20, 7, 19], [8, 2, 9, 1], [16, 9, 17, 10], [2, 18, 3, 17], [18, 8, 19, 7], [10, 3, 11, 4], [14, 12, 15, 11], [4, 15, 5, 16], [20, 13, 21, 14]]"
11a_138_107,"[[20, 13, 21, 14], [12, 21, 13, 22], [22, 6, 1, 5], [6, 20, 7, 19], [8, 2, 9, 1], [16, 9, 17, 10], [2, 18, 3, 17], [18, 8, 19, 7], [10, 3, 11, 4], [14, 12, 15, 11], [4, 15, 5, 16]]"
11a_138_108,"[[4, 15, 5, 16], [20, 13, 21, 14], [12, 21, 13, 22], [22, 6, 1, 5], [6, 20, 7, 19], [8, 2, 9, 1], [16, 9, 17, 10], [2, 18, 3, 17], [18, 8, 19, 7], [10, 3, 11, 4], [14, 12, 15, 11]]"
11a_138_109,"[[14, 12, 15, 11], [4, 15, 5, 16], [20, 13, 21, 14], [12, 21, 13, 22], [22, 6, 1, 5], [6, 20, 7, 19], [8, 2, 9, 1], [16, 9, 17, 10], [2, 18, 3, 17], [18, 8, 19, 7], [10, 3, 11, 4]]"
11a_138_110,"[[11, 4, 12, 5], [15, 13, 16, 12], [5, 16, 6, 17], [21, 14, 22, 15], [13, 22, 14, 1], [1, 7, 2, 6], [7, 21, 8, 20], [9, 3, 10, 2], [17, 10, 18, 11], [3, 19, 4, 18], [19, 9, 20, 8]]"
11a_138_111,"[[19, 9, 20, 8], [11, 4, 12, 5], [15, 13, 16, 12], [5, 16, 6, 17], [21, 14, 22, 15], [13, 22, 14, 1], [1, 7, 2, 6], [7, 21, 8, 20], [9, 3, 10, 2], [17, 10, 18, 11], [3, 19, 4, 18]]"
11a_138_112,"[[3, 19, 4, 18], [19, 9, 20, 8], [11, 4, 12, 5], [15, 13, 16, 12], [5, 16, 6, 17], [21, 14, 22, 15], [13, 22, 14, 1], [1, 7, 2, 6], [7, 21, 8, 20], [9, 3, 10, 2], [17, 10, 18, 11]]"
11a_138_113,"[[17, 10, 18, 11], [3, 19, 4, 18], [19, 9, 20, 8], [11, 4, 12, 5], [15, 13, 16, 12], [5, 16, 6, 17], [21, 14, 22, 15], [13, 22, 14, 1], [1, 7, 2, 6], [7, 21, 8, 20], [9, 3, 10, 2]]"
11a_138_114,"[[9, 3, 10, 2], [17, 10, 18, 11], [3, 19, 4, 18], [19, 9, 20, 8], [11, 4, 12, 5], [15, 13, 16, 12], [5, 16, 6, 17], [21, 14, 22, 15], [13, 22, 14, 1], [1, 7, 2, 6], [7, 21, 8, 20]]"
11a_138_115,"[[7, 21, 8, 20], [9, 3, 10, 2], [17, 10, 18, 11], [3, 19, 4, 18], [19, 9, 20, 8], [11, 4, 12, 5], [15, 13, 16, 12], [5, 16, 6, 17], [21, 14, 22, 15], [13, 22, 14, 1], [1, 7, 2, 6]]"
11a_138_116,"[[1, 7, 2, 6], [7, 21, 8, 20], [9, 3, 10, 2], [17, 10, 18, 11], [3, 19, 4, 18], [19, 9, 20, 8], [11, 4, 12, 5], [15, 13, 16, 12], [5, 16, 6, 17], [21, 14, 22, 15], [13, 22, 14, 1]]"
11a_138_117,"[[13, 22, 14, 1], [1, 7, 2, 6], [7, 21, 8, 20], [9, 3, 10, 2], [17, 10, 18, 11], [3, 19, 4, 18], [19, 9, 20, 8], [11, 4, 12, 5], [15, 13, 16, 12], [5, 16, 6, 17], [21, 14, 22, 15]]"
11a_138_118,"[[21, 14, 22, 15], [13, 22, 14, 1], [1, 7, 2, 6], [7, 21, 8, 20], [9, 3, 10, 2], [17, 10, 18, 11], [3, 19, 4, 18], [19, 9, 20, 8], [11, 4, 12, 5], [15, 13, 16, 12], [5, 16, 6, 17]]"
11a_138_119,"[[5, 16, 6, 17], [21, 14, 22, 15], [13, 22, 14, 1], [1, 7, 2, 6], [7, 21, 8, 20], [9, 3, 10, 2], [17, 10, 18, 11], [3, 19, 4, 18], [19, 9, 20, 8], [11, 4, 12, 5], [15, 13, 16, 12]]"
11a_138_120,"[[15, 13, 16, 12], [5, 16, 6, 17], [21, 14, 22, 15], [13, 22, 14, 1], [1, 7, 2, 6], [7, 21, 8, 20], [9, 3, 10, 2], [17, 10, 18, 11], [3, 19, 4, 18], [19, 9, 20, 8], [11, 4, 12, 5]]"
11a_138_121,"[[12, 5, 13, 6], [16, 14, 17, 13], [6, 17, 7, 18], [22, 15, 1, 16], [14, 1, 15, 2], [2, 8, 3, 7], [8, 22, 9, 21], [10, 4, 11, 3], [18, 11, 19, 12], [4, 20, 5, 19], [20, 10, 21, 9]]"
11a_138_122,"[[20, 10, 21, 9], [12, 5, 13, 6], [16, 14, 17, 13], [6, 17, 7, 18], [22, 15, 1, 16], [14, 1, 15, 2], [2, 8, 3, 7], [8, 22, 9, 21], [10, 4, 11, 3], [18, 11, 19, 12], [4, 20, 5, 19]]"
11a_138_123,"[[4, 20, 5, 19], [20, 10, 21, 9], [12, 5, 13, 6], [16, 14, 17, 13], [6, 17, 7, 18], [22, 15, 1, 16], [14, 1, 15, 2], [2, 8, 3, 7], [8, 22, 9, 21], [10, 4, 11, 3], [18, 11, 19, 12]]"
11a_138_124,"[[18, 11, 19, 12], [4, 20, 5, 19], [20, 10, 21, 9], [12, 5, 13, 6], [16, 14, 17, 13], [6, 17, 7, 18], [22, 15, 1, 16], [14, 1, 15, 2], [2, 8, 3, 7], [8, 22, 9, 21], [10, 4, 11, 3]]"
11a_138_125,"[[10, 4, 11, 3], [18, 11, 19, 12], [4, 20, 5, 19], [20, 10, 21, 9], [12, 5, 13, 6], [16, 14, 17, 13], [6, 17, 7, 18], [22, 15, 1, 16], [14, 1, 15, 2], [2, 8, 3, 7], [8, 22, 9, 21]]"
11a_138_126,"[[8, 22, 9, 21], [10, 4, 11, 3], [18, 11, 19, 12], [4, 20, 5, 19], [20, 10, 21, 9], [12, 5, 13, 6], [16, 14, 17, 13], [6, 17, 7, 18], [22, 15, 1, 16], [14, 1, 15, 2], [2, 8, 3, 7]]"
11a_138_127,"[[2, 8, 3, 7], [8, 22, 9, 21], [10, 4, 11, 3], [18, 11, 19, 12], [4, 20, 5, 19], [20, 10, 21, 9], [12, 5, 13, 6], [16, 14, 17, 13], [6, 17, 7, 18], [22, 15, 1, 16], [14, 1, 15, 2]]"
11a_138_128,"[[14, 1, 15, 2], [2, 8, 3, 7], [8, 22, 9, 21], [10, 4, 11, 3], [18, 11, 19, 12], [4, 20, 5, 19], [20, 10, 21, 9], [12, 5, 13, 6], [16, 14, 17, 13], [6, 17, 7, 18], [22, 15, 1, 16]]"
11a_138_129,"[[22, 15, 1, 16], [14, 1, 15, 2], [2, 8, 3, 7], [8, 22, 9, 21], [10, 4, 11, 3], [18, 11, 19, 12], [4, 20, 5, 19], [20, 10, 21, 9], [12, 5, 13, 6], [16, 14, 17, 13], [6, 17, 7, 18]]"
11a_138_130,"[[6, 17, 7, 18], [22, 15, 1, 16], [14, 1, 15, 2], [2, 8, 3, 7], [8, 22, 9, 21], [10, 4, 11, 3], [18, 11, 19, 12], [4, 20, 5, 19], [20, 10, 21, 9], [12, 5, 13, 6], [16, 14, 17, 13]]"
11a_138_131,"[[16, 14, 17, 13], [6, 17, 7, 18], [22, 15, 1, 16], [14, 1, 15, 2], [2, 8, 3, 7], [8, 22, 9, 21], [10, 4, 11, 3], [18, 11, 19, 12], [4, 20, 5, 19], [20, 10, 21, 9], [12, 5, 13, 6]]"
11a_138_132,"[[13, 6, 14, 7], [17, 15, 18, 14], [7, 18, 8, 19], [1, 16, 2, 17], [15, 2, 16, 3], [3, 9, 4, 8], [9, 1, 10, 22], [11, 5, 12, 4], [19, 12, 20, 13], [5, 21, 6, 20], [21, 11, 22, 10]]"
11a_138_133,"[[21, 11, 22, 10], [13, 6, 14, 7], [17, 15, 18, 14], [7, 18, 8, 19], [1, 16, 2, 17], [15, 2, 16, 3], [3, 9, 4, 8], [9, 1, 10, 22], [11, 5, 12, 4], [19, 12, 20, 13], [5, 21, 6, 20]]"
11a_138_134,"[[5, 21, 6, 20], [21, 11, 22, 10], [13, 6, 14, 7], [17, 15, 18, 14], [7, 18, 8, 19], [1, 16, 2, 17], [15, 2, 16, 3], [3, 9, 4, 8], [9, 1, 10, 22], [11, 5, 12, 4], [19, 12, 20, 13]]"
11a_138_135,"[[19, 12, 20, 13], [5, 21, 6, 20], [21, 11, 22, 10], [13, 6, 14, 7], [17, 15, 18, 14], [7, 18, 8, 19], [1, 16, 2, 17], [15, 2, 16, 3], [3, 9, 4, 8], [9, 1, 10, 22], [11, 5, 12, 4]]"
11a_138_136,"[[11, 5, 12, 4], [19, 12, 20, 13], [5, 21, 6, 20], [21, 11, 22, 10], [13, 6, 14, 7], [17, 15, 18, 14], [7, 18, 8, 19], [1, 16, 2, 17], [15, 2, 16, 3], [3, 9, 4, 8], [9, 1, 10, 22]]"
11a_138_137,"[[9, 1, 10, 22], [11, 5, 12, 4], [19, 12, 20, 13], [5, 21, 6, 20], [21, 11, 22, 10], [13, 6, 14, 7], [17, 15, 18, 14], [7, 18, 8, 19], [1, 16, 2, 17], [15, 2, 16, 3], [3, 9, 4, 8]]"
11a_138_138,"[[3, 9, 4, 8], [9, 1, 10, 22], [11, 5, 12, 4], [19, 12, 20, 13], [5, 21, 6, 20], [21, 11, 22, 10], [13, 6, 14, 7], [17, 15, 18, 14], [7, 18, 8, 19], [1, 16, 2, 17], [15, 2, 16, 3]]"
11a_138_139,"[[15, 2, 16, 3], [3, 9, 4, 8], [9, 1, 10, 22], [11, 5, 12, 4], [19, 12, 20, 13], [5, 21, 6, 20], [21, 11, 22, 10], [13, 6, 14, 7], [17, 15, 18, 14], [7, 18, 8, 19], [1, 16, 2, 17]]"
11a_138_140,"[[1, 16, 2, 17], [15, 2, 16, 3], [3, 9, 4, 8], [9, 1, 10, 22], [11, 5, 12, 4], [19, 12, 20, 13], [5, 21, 6, 20], [21, 11, 22, 10], [13, 6, 14, 7], [17, 15, 18, 14], [7, 18, 8, 19]]"
11a_138_141,"[[7, 18, 8, 19], [1, 16, 2, 17], [15, 2, 16, 3], [3, 9, 4, 8], [9, 1, 10, 22], [11, 5, 12, 4], [19, 12, 20, 13], [5, 21, 6, 20], [21, 11, 22, 10], [13, 6, 14, 7], [17, 15, 18, 14]]"
11a_138_142,"[[17, 15, 18, 14], [7, 18, 8, 19], [1, 16, 2, 17], [15, 2, 16, 3], [3, 9, 4, 8], [9, 1, 10, 22], [11, 5, 12, 4], [19, 12, 20, 13], [5, 21, 6, 20], [21, 11, 22, 10], [13, 6, 14, 7]]"
11a_138_143,"[[14, 7, 15, 8], [18, 16, 19, 15], [8, 19, 9, 20], [2, 17, 3, 18], [16, 3, 17, 4], [4, 10, 5, 9], [10, 2, 11, 1], [12, 6, 13, 5], [20, 13, 21, 14], [6, 22, 7, 21], [22, 12, 1, 11]]"
11a_138_144,"[[22, 12, 1, 11], [14, 7, 15, 8], [18, 16, 19, 15], [8, 19, 9, 20], [2, 17, 3, 18], [16, 3, 17, 4], [4, 10, 5, 9], [10, 2, 11, 1], [12, 6, 13, 5], [20, 13, 21, 14], [6, 22, 7, 21]]"
11a_138_145,"[[6, 22, 7, 21], [22, 12, 1, 11], [14, 7, 15, 8], [18, 16, 19, 15], [8, 19, 9, 20], [2, 17, 3, 18], [16, 3, 17, 4], [4, 10, 5, 9], [10, 2, 11, 1], [12, 6, 13, 5], [20, 13, 21, 14]]"
11a_138_146,"[[20, 13, 21, 14], [6, 22, 7, 21], [22, 12, 1, 11], [14, 7, 15, 8], [18, 16, 19, 15], [8, 19, 9, 20], [2, 17, 3, 18], [16, 3, 17, 4], [4, 10, 5, 9], [10, 2, 11, 1], [12, 6, 13, 5]]"
11a_138_147,"[[12, 6, 13, 5], [20, 13, 21, 14], [6, 22, 7, 21], [22, 12, 1, 11], [14, 7, 15, 8], [18, 16, 19, 15], [8, 19, 9, 20], [2, 17, 3, 18], [16, 3, 17, 4], [4, 10, 5, 9], [10, 2, 11, 1]]"
11a_138_148,"[[10, 2, 11, 1], [12, 6, 13, 5], [20, 13, 21, 14], [6, 22, 7, 21], [22, 12, 1, 11], [14, 7, 15, 8], [18, 16, 19, 15], [8, 19, 9, 20], [2, 17, 3, 18], [16, 3, 17, 4], [4, 10, 5, 9]]"
11a_138_149,"[[4, 10, 5, 9], [10, 2, 11, 1], [12, 6, 13, 5], [20, 13, 21, 14], [6, 22, 7, 21], [22, 12, 1, 11], [14, 7, 15, 8], [18, 16, 19, 15], [8, 19, 9, 20], [2, 17, 3, 18], [16, 3, 17, 4]]"
11a_138_150,"[[16, 3, 17, 4], [4, 10, 5, 9], [10, 2, 11, 1], [12, 6, 13, 5], [20, 13, 21, 14], [6, 22, 7, 21], [22, 12, 1, 11], [14, 7, 15, 8], [18, 16, 19, 15], [8, 19, 9, 20], [2, 17, 3, 18]]"
11a_138_151,"[[2, 17, 3, 18], [16, 3, 17, 4], [4, 10, 5, 9], [10, 2, 11, 1], [12, 6, 13, 5], [20, 13, 21, 14], [6, 22, 7, 21], [22, 12, 1, 11], [14, 7, 15, 8], [18, 16, 19, 15], [8, 19, 9, 20]]"
11a_138_152,"[[8, 19, 9, 20], [2, 17, 3, 18], [16, 3, 17, 4], [4, 10, 5, 9], [10, 2, 11, 1], [12, 6, 13, 5], [20, 13, 21, 14], [6, 22, 7, 21], [22, 12, 1, 11], [14, 7, 15, 8], [18, 16, 19, 15]]"
11a_138_153,"[[18, 16, 19, 15], [8, 19, 9, 20], [2, 17, 3, 18], [16, 3, 17, 4], [4, 10, 5, 9], [10, 2, 11, 1], [12, 6, 13, 5], [20, 13, 21, 14], [6, 22, 7, 21], [22, 12, 1, 11], [14, 7, 15, 8]]"
11a_138_154,"[[15, 8, 16, 9], [19, 17, 20, 16], [9, 20, 10, 21], [3, 18, 4, 19], [17, 4, 18, 5], [5, 11, 6, 10], [11, 3, 12, 2], [13, 7, 14, 6], [21, 14, 22, 15], [7, 1, 8, 22], [1, 13, 2, 12]]"
11a_138_155,"[[1, 13, 2, 12], [15, 8, 16, 9], [19, 17, 20, 16], [9, 20, 10, 21], [3, 18, 4, 19], [17, 4, 18, 5], [5, 11, 6, 10], [11, 3, 12, 2], [13, 7, 14, 6], [21, 14, 22, 15], [7, 1, 8, 22]]"
11a_138_156,"[[7, 1, 8, 22], [1, 13, 2, 12], [15, 8, 16, 9], [19, 17, 20, 16], [9, 20, 10, 21], [3, 18, 4, 19], [17, 4, 18, 5], [5, 11, 6, 10], [11, 3, 12, 2], [13, 7, 14, 6], [21, 14, 22, 15]]"
11a_138_157,"[[21, 14, 22, 15], [7, 1, 8, 22], [1, 13, 2, 12], [15, 8, 16, 9], [19, 17, 20, 16], [9, 20, 10, 21], [3, 18, 4, 19], [17, 4, 18, 5], [5, 11, 6, 10], [11, 3, 12, 2], [13, 7, 14, 6]]"
11a_138_158,"[[13, 7, 14, 6], [21, 14, 22, 15], [7, 1, 8, 22], [1, 13, 2, 12], [15, 8, 16, 9], [19, 17, 20, 16], [9, 20, 10, 21], [3, 18, 4, 19], [17, 4, 18, 5], [5, 11, 6, 10], [11, 3, 12, 2]]"
11a_138_159,"[[11, 3, 12, 2], [13, 7, 14, 6], [21, 14, 22, 15], [7, 1, 8, 22], [1, 13, 2, 12], [15, 8, 16, 9], [19, 17, 20, 16], [9, 20, 10, 21], [3, 18, 4, 19], [17, 4, 18, 5], [5, 11, 6, 10]]"
11a_138_160,"[[5, 11, 6, 10], [11, 3, 12, 2], [13, 7, 14, 6], [21, 14, 22, 15], [7, 1, 8, 22], [1, 13, 2, 12], [15, 8, 16, 9], [19, 17, 20, 16], [9, 20, 10, 21], [3, 18, 4, 19], [17, 4, 18, 5]]"
11a_138_161,"[[17, 4, 18, 5], [5, 11, 6, 10], [11, 3, 12, 2], [13, 7, 14, 6], [21, 14, 22, 15], [7, 1, 8, 22], [1, 13, 2, 12], [15, 8, 16, 9], [19, 17, 20, 16], [9, 20, 10, 21], [3, 18, 4, 19]]"
11a_138_162,"[[3, 18, 4, 19], [17, 4, 18, 5], [5, 11, 6, 10], [11, 3, 12, 2], [13, 7, 14, 6], [21, 14, 22, 15], [7, 1, 8, 22], [1, 13, 2, 12], [15, 8, 16, 9], [19, 17, 20, 16], [9, 20, 10, 21]]"
11a_138_163,"[[9, 20, 10, 21], [3, 18, 4, 19], [17, 4, 18, 5], [5, 11, 6, 10], [11, 3, 12, 2], [13, 7, 14, 6], [21, 14, 22, 15], [7, 1, 8, 22], [1, 13, 2, 12], [15, 8, 16, 9], [19, 17, 20, 16]]"
11a_138_164,"[[19, 17, 20, 16], [9, 20, 10, 21], [3, 18, 4, 19], [17, 4, 18, 5], [5, 11, 6, 10], [11, 3, 12, 2], [13, 7, 14, 6], [21, 14, 22, 15], [7, 1, 8, 22], [1, 13, 2, 12], [15, 8, 16, 9]]"
11a_138_165,"[[16, 9, 17, 10], [20, 18, 21, 17], [10, 21, 11, 22], [4, 19, 5, 20], [18, 5, 19, 6], [6, 12, 7, 11], [12, 4, 13, 3], [14, 8, 15, 7], [22, 15, 1, 16], [8, 2, 9, 1], [2, 14, 3, 13]]"
11a_138_166,"[[2, 14, 3, 13], [16, 9, 17, 10], [20, 18, 21, 17], [10, 21, 11, 22], [4, 19, 5, 20], [18, 5, 19, 6], [6, 12, 7, 11], [12, 4, 13, 3], [14, 8, 15, 7], [22, 15, 1, 16], [8, 2, 9, 1]]"
11a_138_167,"[[8, 2, 9, 1], [2, 14, 3, 13], [16, 9, 17, 10], [20, 18, 21, 17], [10, 21, 11, 22], [4, 19, 5, 20], [18, 5, 19, 6], [6, 12, 7, 11], [12, 4, 13, 3], [14, 8, 15, 7], [22, 15, 1, 16]]"
11a_138_168,"[[22, 15, 1, 16], [8, 2, 9, 1], [2, 14, 3, 13], [16, 9, 17, 10], [20, 18, 21, 17], [10, 21, 11, 22], [4, 19, 5, 20], [18, 5, 19, 6], [6, 12, 7, 11], [12, 4, 13, 3], [14, 8, 15, 7]]"
11a_138_169,"[[14, 8, 15, 7], [22, 15, 1, 16], [8, 2, 9, 1], [2, 14, 3, 13], [16, 9, 17, 10], [20, 18, 21, 17], [10, 21, 11, 22], [4, 19, 5, 20], [18, 5, 19, 6], [6, 12, 7, 11], [12, 4, 13, 3]]"
11a_138_170,"[[12, 4, 13, 3], [14, 8, 15, 7], [22, 15, 1, 16], [8, 2, 9, 1], [2, 14, 3, 13], [16, 9, 17, 10], [20, 18, 21, 17], [10, 21, 11, 22], [4, 19, 5, 20], [18, 5, 19, 6], [6, 12, 7, 11]]"
11a_138_171,"[[6, 12, 7, 11], [12, 4, 13, 3], [14, 8, 15, 7], [22, 15, 1, 16], [8, 2, 9, 1], [2, 14, 3, 13], [16, 9, 17, 10], [20, 18, 21, 17], [10, 21, 11, 22], [4, 19, 5, 20], [18, 5, 19, 6]]"
11a_138_172,"[[18, 5, 19, 6], [6, 12, 7, 11], [12, 4, 13, 3], [14, 8, 15, 7], [22, 15, 1, 16], [8, 2, 9, 1], [2, 14, 3, 13], [16, 9, 17, 10], [20, 18, 21, 17], [10, 21, 11, 22], [4, 19, 5, 20]]"
11a_138_173,"[[4, 19, 5, 20], [18, 5, 19, 6], [6, 12, 7, 11], [12, 4, 13, 3], [14, 8, 15, 7], [22, 15, 1, 16], [8, 2, 9, 1], [2, 14, 3, 13], [16, 9, 17, 10], [20, 18, 21, 17], [10, 21, 11, 22]]"
11a_138_174,"[[10, 21, 11, 22], [4, 19, 5, 20], [18, 5, 19, 6], [6, 12, 7, 11], [12, 4, 13, 3], [14, 8, 15, 7], [22, 15, 1, 16], [8, 2, 9, 1], [2, 14, 3, 13], [16, 9, 17, 10], [20, 18, 21, 17]]"
11a_138_175,"[[20, 18, 21, 17], [10, 21, 11, 22], [4, 19, 5, 20], [18, 5, 19, 6], [6, 12, 7, 11], [12, 4, 13, 3], [14, 8, 15, 7], [22, 15, 1, 16], [8, 2, 9, 1], [2, 14, 3, 13], [16, 9, 17, 10]]"
11a_138_176,"[[17, 10, 18, 11], [21, 19, 22, 18], [11, 22, 12, 1], [5, 20, 6, 21], [19, 6, 20, 7], [7, 13, 8, 12], [13, 5, 14, 4], [15, 9, 16, 8], [1, 16, 2, 17], [9, 3, 10, 2], [3, 15, 4, 14]]"
11a_138_177,"[[3, 15, 4, 14], [17, 10, 18, 11], [21, 19, 22, 18], [11, 22, 12, 1], [5, 20, 6, 21], [19, 6, 20, 7], [7, 13, 8, 12], [13, 5, 14, 4], [15, 9, 16, 8], [1, 16, 2, 17], [9, 3, 10, 2]]"
11a_138_178,"[[9, 3, 10, 2], [3, 15, 4, 14], [17, 10, 18, 11], [21, 19, 22, 18], [11, 22, 12, 1], [5, 20, 6, 21], [19, 6, 20, 7], [7, 13, 8, 12], [13, 5, 14, 4], [15, 9, 16, 8], [1, 16, 2, 17]]"
11a_138_179,"[[1, 16, 2, 17], [9, 3, 10, 2], [3, 15, 4, 14], [17, 10, 18, 11], [21, 19, 22, 18], [11, 22, 12, 1], [5, 20, 6, 21], [19, 6, 20, 7], [7, 13, 8, 12], [13, 5, 14, 4], [15, 9, 16, 8]]"
11a_138_180,"[[15, 9, 16, 8], [1, 16, 2, 17], [9, 3, 10, 2], [3, 15, 4, 14], [17, 10, 18, 11], [21, 19, 22, 18], [11, 22, 12, 1], [5, 20, 6, 21], [19, 6, 20, 7], [7, 13, 8, 12], [13, 5, 14, 4]]"
11a_138_181,"[[13, 5, 14, 4], [15, 9, 16, 8], [1, 16, 2, 17], [9, 3, 10, 2], [3, 15, 4, 14], [17, 10, 18, 11], [21, 19, 22, 18], [11, 22, 12, 1], [5, 20, 6, 21], [19, 6, 20, 7], [7, 13, 8, 12]]"
11a_138_182,"[[7, 13, 8, 12], [13, 5, 14, 4], [15, 9, 16, 8], [1, 16, 2, 17], [9, 3, 10, 2], [3, 15, 4, 14], [17, 10, 18, 11], [21, 19, 22, 18], [11, 22, 12, 1], [5, 20, 6, 21], [19, 6, 20, 7]]"
11a_138_183,"[[19, 6, 20, 7], [7, 13, 8, 12], [13, 5, 14, 4], [15, 9, 16, 8], [1, 16, 2, 17], [9, 3, 10, 2], [3, 15, 4, 14], [17, 10, 18, 11], [21, 19, 22, 18], [11, 22, 12, 1], [5, 20, 6, 21]]"
11a_138_184,"[[5, 20, 6, 21], [19, 6, 20, 7], [7, 13, 8, 12], [13, 5, 14, 4], [15, 9, 16, 8], [1, 16, 2, 17], [9, 3, 10, 2], [3, 15, 4, 14], [17, 10, 18, 11], [21, 19, 22, 18], [11, 22, 12, 1]]"
11a_138_185,"[[11, 22, 12, 1], [5, 20, 6, 21], [19, 6, 20, 7], [7, 13, 8, 12], [13, 5, 14, 4], [15, 9, 16, 8], [1, 16, 2, 17], [9, 3, 10, 2], [3, 15, 4, 14], [17, 10, 18, 11], [21, 19, 22, 18]]"
11a_138_186,"[[21, 19, 22, 18], [11, 22, 12, 1], [5, 20, 6, 21], [19, 6, 20, 7], [7, 13, 8, 12], [13, 5, 14, 4], [15, 9, 16, 8], [1, 16, 2, 17], [9, 3, 10, 2], [3, 15, 4, 14], [17, 10, 18, 11]]"
11a_138_187,"[[18, 11, 19, 12], [22, 20, 1, 19], [12, 1, 13, 2], [6, 21, 7, 22], [20, 7, 21, 8], [8, 14, 9, 13], [14, 6, 15, 5], [16, 10, 17, 9], [2, 17, 3, 18], [10, 4, 11, 3], [4, 16, 5, 15]]"
11a_138_188,"[[4, 16, 5, 15], [18, 11, 19, 12], [22, 20, 1, 19], [12, 1, 13, 2], [6, 21, 7, 22], [20, 7, 21, 8], [8, 14, 9, 13], [14, 6, 15, 5], [16, 10, 17, 9], [2, 17, 3, 18], [10, 4, 11, 3]]"
11a_138_189,"[[10, 4, 11, 3], [4, 16, 5, 15], [18, 11, 19, 12], [22, 20, 1, 19], [12, 1, 13, 2], [6, 21, 7, 22], [20, 7, 21, 8], [8, 14, 9, 13], [14, 6, 15, 5], [16, 10, 17, 9], [2, 17, 3, 18]]"
11a_138_190,"[[2, 17, 3, 18], [10, 4, 11, 3], [4, 16, 5, 15], [18, 11, 19, 12], [22, 20, 1, 19], [12, 1, 13, 2], [6, 21, 7, 22], [20, 7, 21, 8], [8, 14, 9, 13], [14, 6, 15, 5], [16, 10, 17, 9]]"
11a_138_191,"[[16, 10, 17, 9], [2, 17, 3, 18], [10, 4, 11, 3], [4, 16, 5, 15], [18, 11, 19, 12], [22, 20, 1, 19], [12, 1, 13, 2], [6, 21, 7, 22], [20, 7, 21, 8], [8, 14, 9, 13], [14, 6, 15, 5]]"
11a_138_192,"[[14, 6, 15, 5], [16, 10, 17, 9], [2, 17, 3, 18], [10, 4, 11, 3], [4, 16, 5, 15], [18, 11, 19, 12], [22, 20, 1, 19], [12, 1, 13, 2], [6, 21, 7, 22], [20, 7, 21, 8], [8, 14, 9, 13]]"
11a_138_193,"[[8, 14, 9, 13], [14, 6, 15, 5], [16, 10, 17, 9], [2, 17, 3, 18], [10, 4, 11, 3], [4, 16, 5, 15], [18, 11, 19, 12], [22, 20, 1, 19], [12, 1, 13, 2], [6, 21, 7, 22], [20, 7, 21, 8]]"
11a_138_194,"[[20, 7, 21, 8], [8, 14, 9, 13], [14, 6, 15, 5], [16, 10, 17, 9], [2, 17, 3, 18], [10, 4, 11, 3], [4, 16, 5, 15], [18, 11, 19, 12], [22, 20, 1, 19], [12, 1, 13, 2], [6, 21, 7, 22]]"
11a_138_195,"[[6, 21, 7, 22], [20, 7, 21, 8], [8, 14, 9, 13], [14, 6, 15, 5], [16, 10, 17, 9], [2, 17, 3, 18], [10, 4, 11, 3], [4, 16, 5, 15], [18, 11, 19, 12], [22, 20, 1, 19], [12, 1, 13, 2]]"
11a_138_196,"[[12, 1, 13, 2], [6, 21, 7, 22], [20, 7, 21, 8], [8, 14, 9, 13], [14, 6, 15, 5], [16, 10, 17, 9], [2, 17, 3, 18], [10, 4, 11, 3], [4, 16, 5, 15], [18, 11, 19, 12], [22, 20, 1, 19]]"
11a_138_197,"[[22, 20, 1, 19], [12, 1, 13, 2], [6, 21, 7, 22], [20, 7, 21, 8], [8, 14, 9, 13], [14, 6, 15, 5], [16, 10, 17, 9], [2, 17, 3, 18], [10, 4, 11, 3], [4, 16, 5, 15], [18, 11, 19, 12]]"
11a_138_198,"[[19, 12, 20, 13], [1, 21, 2, 20], [13, 2, 14, 3], [7, 22, 8, 1], [21, 8, 22, 9], [9, 15, 10, 14], [15, 7, 16, 6], [17, 11, 18, 10], [3, 18, 4, 19], [11, 5, 12, 4], [5, 17, 6, 16]]"
11a_138_199,"[[5, 17, 6, 16], [19, 12, 20, 13], [1, 21, 2, 20], [13, 2, 14, 3], [7, 22, 8, 1], [21, 8, 22, 9], [9, 15, 10, 14], [15, 7, 16, 6], [17, 11, 18, 10], [3, 18, 4, 19], [11, 5, 12, 4]]"
11a_138_200,"[[11, 5, 12, 4], [5, 17, 6, 16], [19, 12, 20, 13], [1, 21, 2, 20], [13, 2, 14, 3], [7, 22, 8, 1], [21, 8, 22, 9], [9, 15, 10, 14], [15, 7, 16, 6], [17, 11, 18, 10], [3, 18, 4, 19]]"
11a_138_201,"[[3, 18, 4, 19], [11, 5, 12, 4], [5, 17, 6, 16], [19, 12, 20, 13], [1, 21, 2, 20], [13, 2, 14, 3], [7, 22, 8, 1], [21, 8, 22, 9], [9, 15, 10, 14], [15, 7, 16, 6], [17, 11, 18, 10]]"
11a_138_202,"[[17, 11, 18, 10], [3, 18, 4, 19], [11, 5, 12, 4], [5, 17, 6, 16], [19, 12, 20, 13], [1, 21, 2, 20], [13, 2, 14, 3], [7, 22, 8, 1], [21, 8, 22, 9], [9, 15, 10, 14], [15, 7, 16, 6]]"
11a_138_203,"[[15, 7, 16, 6], [17, 11, 18, 10], [3, 18, 4, 19], [11, 5, 12, 4], [5, 17, 6, 16], [19, 12, 20, 13], [1, 21, 2, 20], [13, 2, 14, 3], [7, 22, 8, 1], [21, 8, 22, 9], [9, 15, 10, 14]]"
