name,pd_notation
11n_169_0,"[[15, 1, 16, 22], [7, 3, 8, 2], [13, 9, 14, 8], [6, 18, 7, 17], [4, 12, 5, 11], [12, 4, 13, 3], [18, 6, 19, 5], [20, 10, 21, 9], [10, 20, 11, 19], [21, 15, 22, 14], [1, 17, 2, 16]]"
11n_169_1,"[[1, 17, 2, 16], [15, 1, 16, 22], [7, 3, 8, 2], [13, 9, 14, 8], [6, 18, 7, 17], [4, 12, 5, 11], [12, 4, 13, 3], [18, 6, 19, 5], [20, 10, 21, 9], [10, 20, 11, 19], [21, 15, 22, 14]]"
11n_169_2,"[[21, 15, 22, 14], [1, 17, 2, 16], [15, 1, 16, 22], [7, 3, 8, 2], [13, 9, 14, 8], [6, 18, 7, 17], [4, 12, 5, 11], [12, 4, 13, 3], [18, 6, 19, 5], [20, 10, 21, 9], [10, 20, 11, 19]]"
11n_169_3,"[[10, 20, 11, 19], [21, 15, 22, 14], [1, 17, 2, 16], [15, 1, 16, 22], [7, 3, 8, 2], [13, 9, 14, 8], [6, 18, 7, 17], [4, 12, 5, 11], [12, 4, 13, 3], [18, 6, 19, 5], [20, 10, 21, 9]]"
11n_169_4,"[[20, 10, 21, 9], [10, 20, 11, 19], [21, 15, 22, 14], [1, 17, 2, 16], [15, 1, 16, 22], [7, 3, 8, 2], [13, 9, 14, 8], [6, 18, 7, 17], [4, 12, 5, 11], [12, 4, 13, 3], [18, 6, 19, 5]]"
11n_169_5,"[[18, 6, 19, 5], [20, 10, 21, 9], [10, 20, 11, 19], [21, 15, 22, 14], [1, 17, 2, 16], [15, 1, 16, 22], [7, 3, 8, 2], [13, 9, 14, 8], [6, 18, 7, 17], [4, 12, 5, 11], [12, 4, 13, 3]]"
11n_169_6,"[[12, 4, 13, 3], [18, 6, 19, 5], [20, 10, 21, 9], [10, 20, 11, 19], [21, 15, 22, 14], [1, 17, 2, 16], [15, 1, 16, 22], [7, 3, 8, 2], [13, 9, 14, 8], [6, 18, 7, 17], [4, 12, 5, 11]]"
11n_169_7,"[[4, 12, 5, 11], [12, 4, 13, 3], [18, 6, 19, 5], [20, 10, 21, 9], [10, 20, 11, 19], [21, 15, 22, 14], [1, 17, 2, 16], [15, 1, 16, 22], [7, 3, 8, 2], [13, 9, 14, 8], [6, 18, 7, 17]]"
11n_169_8,"[[6, 18, 7, 17], [4, 12, 5, 11], [12, 4, 13, 3], [18, 6, 19, 5], [20, 10, 21, 9], [10, 20, 11, 19], [21, 15, 22, 14], [1, 17, 2, 16], [15, 1, 16, 22], [7, 3, 8, 2], [13, 9, 14, 8]]"
11n_169_9,"[[13, 9, 14, 8], [6, 18, 7, 17], [4, 12, 5, 11], [12, 4, 13, 3], [18, 6, 19, 5], [20, 10, 21, 9], [10, 20, 11, 19], [21, 15, 22, 14], [1, 17, 2, 16], [15, 1, 16, 22], [7, 3, 8, 2]]"
11n_169_10,"[[7, 3, 8, 2], [13, 9, 14, 8], [6, 18, 7, 17], [4, 12, 5, 11], [12, 4, 13, 3], [18, 6, 19, 5], [20, 10, 21, 9], [10, 20, 11, 19], [21, 15, 22, 14], [1, 17, 2, 16], [15, 1, 16, 22]]"
11n_169_11,"[[16, 2, 17, 1], [8, 4, 9, 3], [14, 10, 15, 9], [7, 19, 8, 18], [5, 13, 6, 12], [13, 5, 14, 4], [19, 7, 20, 6], [21, 11, 22, 10], [11, 21, 12, 20], [22, 16, 1, 15], [2, 18, 3, 17]]"
11n_169_12,"[[2, 18, 3, 17], [16, 2, 17, 1], [8, 4, 9, 3], [14, 10, 15, 9], [7, 19, 8, 18], [5, 13, 6, 12], [13, 5, 14, 4], [19, 7, 20, 6], [21, 11, 22, 10], [11, 21, 12, 20], [22, 16, 1, 15]]"
11n_169_13,"[[22, 16, 1, 15], [2, 18, 3, 17], [16, 2, 17, 1], [8, 4, 9, 3], [14, 10, 15, 9], [7, 19, 8, 18], [5, 13, 6, 12], [13, 5, 14, 4], [19, 7, 20, 6], [21, 11, 22, 10], [11, 21, 12, 20]]"
11n_169_14,"[[11, 21, 12, 20], [22, 16, 1, 15], [2, 18, 3, 17], [16, 2, 17, 1], [8, 4, 9, 3], [14, 10, 15, 9], [7, 19, 8, 18], [5, 13, 6, 12], [13, 5, 14, 4], [19, 7, 20, 6], [21, 11, 22, 10]]"
11n_169_15,"[[21, 11, 22, 10], [11, 21, 12, 20], [22, 16, 1, 15], [2, 18, 3, 17], [16, 2, 17, 1], [8, 4, 9, 3], [14, 10, 15, 9], [7, 19, 8, 18], [5, 13, 6, 12], [13, 5, 14, 4], [19, 7, 20, 6]]"
11n_169_16,"[[19, 7, 20, 6], [21, 11, 22, 10], [11, 21, 12, 20], [22, 16, 1, 15], [2, 18, 3, 17], [16, 2, 17, 1], [8, 4, 9, 3], [14, 10, 15, 9], [7, 19, 8, 18], [5, 13, 6, 12], [13, 5, 14, 4]]"
11n_169_17,"[[13, 5, 14, 4], [19, 7, 20, 6], [21, 11, 22, 10], [11, 21, 12, 20], [22, 16, 1, 15], [2, 18, 3, 17], [16, 2, 17, 1], [8, 4, 9, 3], [14, 10, 15, 9], [7, 19, 8, 18], [5, 13, 6, 12]]"
11n_169_18,"[[5, 13, 6, 12], [13, 5, 14, 4], [19, 7, 20, 6], [21, 11, 22, 10], [11, 21, 12, 20], [22, 16, 1, 15], [2, 18, 3, 17], [16, 2, 17, 1], [8, 4, 9, 3], [14, 10, 15, 9], [7, 19, 8, 18]]"
11n_169_19,"[[7, 19, 8, 18], [5, 13, 6, 12], [13, 5, 14, 4], [19, 7, 20, 6], [21, 11, 22, 10], [11, 21, 12, 20], [22, 16, 1, 15], [2, 18, 3, 17], [16, 2, 17, 1], [8, 4, 9, 3], [14, 10, 15, 9]]"
11n_169_20,"[[14, 10, 15, 9], [7, 19, 8, 18], [5, 13, 6, 12], [13, 5, 14, 4], [19, 7, 20, 6], [21, 11, 22, 10], [11, 21, 12, 20], [22, 16, 1, 15], [2, 18, 3, 17], [16, 2, 17, 1], [8, 4, 9, 3]]"
11n_169_21,"[[8, 4, 9, 3], [14, 10, 15, 9], [7, 19, 8, 18], [5, 13, 6, 12], [13, 5, 14, 4], [19, 7, 20, 6], [21, 11, 22, 10], [11, 21, 12, 20], [22, 16, 1, 15], [2, 18, 3, 17], [16, 2, 17, 1]]"
11n_169_22,"[[17, 3, 18, 2], [9, 5, 10, 4], [15, 11, 16, 10], [8, 20, 9, 19], [6, 14, 7, 13], [14, 6, 15, 5], [20, 8, 21, 7], [22, 12, 1, 11], [12, 22, 13, 21], [1, 17, 2, 16], [3, 19, 4, 18]]"
11n_169_23,"[[3, 19, 4, 18], [17, 3, 18, 2], [9, 5, 10, 4], [15, 11, 16, 10], [8, 20, 9, 19], [6, 14, 7, 13], [14, 6, 15, 5], [20, 8, 21, 7], [22, 12, 1, 11], [12, 22, 13, 21], [1, 17, 2, 16]]"
11n_169_24,"[[1, 17, 2, 16], [3, 19, 4, 18], [17, 3, 18, 2], [9, 5, 10, 4], [15, 11, 16, 10], [8, 20, 9, 19], [6, 14, 7, 13], [14, 6, 15, 5], [20, 8, 21, 7], [22, 12, 1, 11], [12, 22, 13, 21]]"
11n_169_25,"[[12, 22, 13, 21], [1, 17, 2, 16], [3, 19, 4, 18], [17, 3, 18, 2], [9, 5, 10, 4], [15, 11, 16, 10], [8, 20, 9, 19], [6, 14, 7, 13], [14, 6, 15, 5], [20, 8, 21, 7], [22, 12, 1, 11]]"
11n_169_26,"[[22, 12, 1, 11], [12, 22, 13, 21], [1, 17, 2, 16], [3, 19, 4, 18], [17, 3, 18, 2], [9, 5, 10, 4], [15, 11, 16, 10], [8, 20, 9, 19], [6, 14, 7, 13], [14, 6, 15, 5], [20, 8, 21, 7]]"
11n_169_27,"[[20, 8, 21, 7], [22, 12, 1, 11], [12, 22, 13, 21], [1, 17, 2, 16], [3, 19, 4, 18], [17, 3, 18, 2], [9, 5, 10, 4], [15, 11, 16, 10], [8, 20, 9, 19], [6, 14, 7, 13], [14, 6, 15, 5]]"
11n_169_28,"[[14, 6, 15, 5], [20, 8, 21, 7], [22, 12, 1, 11], [12, 22, 13, 21], [1, 17, 2, 16], [3, 19, 4, 18], [17, 3, 18, 2], [9, 5, 10, 4], [15, 11, 16, 10], [8, 20, 9, 19], [6, 14, 7, 13]]"
11n_169_29,"[[6, 14, 7, 13], [14, 6, 15, 5], [20, 8, 21, 7], [22, 12, 1, 11], [12, 22, 13, 21], [1, 17, 2, 16], [3, 19, 4, 18], [17, 3, 18, 2], [9, 5, 10, 4], [15, 11, 16, 10], [8, 20, 9, 19]]"
11n_169_30,"[[8, 20, 9, 19], [6, 14, 7, 13], [14, 6, 15, 5], [20, 8, 21, 7], [22, 12, 1, 11], [12, 22, 13, 21], [1, 17, 2, 16], [3, 19, 4, 18], [17, 3, 18, 2], [9, 5, 10, 4], [15, 11, 16, 10]]"
11n_169_31,"[[15, 11, 16, 10], [8, 20, 9, 19], [6, 14, 7, 13], [14, 6, 15, 5], [20, 8, 21, 7], [22, 12, 1, 11], [12, 22, 13, 21], [1, 17, 2, 16], [3, 19, 4, 18], [17, 3, 18, 2], [9, 5, 10, 4]]"
11n_169_32,"[[9, 5, 10, 4], [15, 11, 16, 10], [8, 20, 9, 19], [6, 14, 7, 13], [14, 6, 15, 5], [20, 8, 21, 7], [22, 12, 1, 11], [12, 22, 13, 21], [1, 17, 2, 16], [3, 19, 4, 18], [17, 3, 18, 2]]"
11n_169_33,"[[18, 4, 19, 3], [10, 6, 11, 5], [16, 12, 17, 11], [9, 21, 10, 20], [7, 15, 8, 14], [15, 7, 16, 6], [21, 9, 22, 8], [1, 13, 2, 12], [13, 1, 14, 22], [2, 18, 3, 17], [4, 20, 5, 19]]"
11n_169_34,"[[4, 20, 5, 19], [18, 4, 19, 3], [10, 6, 11, 5], [16, 12, 17, 11], [9, 21, 10, 20], [7, 15, 8, 14], [15, 7, 16, 6], [21, 9, 22, 8], [1, 13, 2, 12], [13, 1, 14, 22], [2, 18, 3, 17]]"
11n_169_35,"[[2, 18, 3, 17], [4, 20, 5, 19], [18, 4, 19, 3], [10, 6, 11, 5], [16, 12, 17, 11], [9, 21, 10, 20], [7, 15, 8, 14], [15, 7, 16, 6], [21, 9, 22, 8], [1, 13, 2, 12], [13, 1, 14, 22]]"
11n_169_36,"[[13, 1, 14, 22], [2, 18, 3, 17], [4, 20, 5, 19], [18, 4, 19, 3], [10, 6, 11, 5], [16, 12, 17, 11], [9, 21, 10, 20], [7, 15, 8, 14], [15, 7, 16, 6], [21, 9, 22, 8], [1, 13, 2, 12]]"
11n_169_37,"[[1, 13, 2, 12], [13, 1, 14, 22], [2, 18, 3, 17], [4, 20, 5, 19], [18, 4, 19, 3], [10, 6, 11, 5], [16, 12, 17, 11], [9, 21, 10, 20], [7, 15, 8, 14], [15, 7, 16, 6], [21, 9, 22, 8]]"
11n_169_38,"[[21, 9, 22, 8], [1, 13, 2, 12], [13, 1, 14, 22], [2, 18, 3, 17], [4, 20, 5, 19], [18, 4, 19, 3], [10, 6, 11, 5], [16, 12, 17, 11], [9, 21, 10, 20], [7, 15, 8, 14], [15, 7, 16, 6]]"
11n_169_39,"[[15, 7, 16, 6], [21, 9, 22, 8], [1, 13, 2, 12], [13, 1, 14, 22], [2, 18, 3, 17], [4, 20, 5, 19], [18, 4, 19, 3], [10, 6, 11, 5], [16, 12, 17, 11], [9, 21, 10, 20], [7, 15, 8, 14]]"
11n_169_40,"[[7, 15, 8, 14], [15, 7, 16, 6], [21, 9, 22, 8], [1, 13, 2, 12], [13, 1, 14, 22], [2, 18, 3, 17], [4, 20, 5, 19], [18, 4, 19, 3], [10, 6, 11, 5], [16, 12, 17, 11], [9, 21, 10, 20]]"
11n_169_41,"[[9, 21, 10, 20], [7, 15, 8, 14], [15, 7, 16, 6], [21, 9, 22, 8], [1, 13, 2, 12], [13, 1, 14, 22], [2, 18, 3, 17], [4, 20, 5, 19], [18, 4, 19, 3], [10, 6, 11, 5], [16, 12, 17, 11]]"
11n_169_42,"[[16, 12, 17, 11], [9, 21, 10, 20], [7, 15, 8, 14], [15, 7, 16, 6], [21, 9, 22, 8], [1, 13, 2, 12], [13, 1, 14, 22], [2, 18, 3, 17], [4, 20, 5, 19], [18, 4, 19, 3], [10, 6, 11, 5]]"
11n_169_43,"[[10, 6, 11, 5], [16, 12, 17, 11], [9, 21, 10, 20], [7, 15, 8, 14], [15, 7, 16, 6], [21, 9, 22, 8], [1, 13, 2, 12], [13, 1, 14, 22], [2, 18, 3, 17], [4, 20, 5, 19], [18, 4, 19, 3]]"
11n_169_44,"[[19, 5, 20, 4], [11, 7, 12, 6], [17, 13, 18, 12], [10, 22, 11, 21], [8, 16, 9, 15], [16, 8, 17, 7], [22, 10, 1, 9], [2, 14, 3, 13], [14, 2, 15, 1], [3, 19, 4, 18], [5, 21, 6, 20]]"
11n_169_45,"[[5, 21, 6, 20], [19, 5, 20, 4], [11, 7, 12, 6], [17, 13, 18, 12], [10, 22, 11, 21], [8, 16, 9, 15], [16, 8, 17, 7], [22, 10, 1, 9], [2, 14, 3, 13], [14, 2, 15, 1], [3, 19, 4, 18]]"
11n_169_46,"[[3, 19, 4, 18], [5, 21, 6, 20], [19, 5, 20, 4], [11, 7, 12, 6], [17, 13, 18, 12], [10, 22, 11, 21], [8, 16, 9, 15], [16, 8, 17, 7], [22, 10, 1, 9], [2, 14, 3, 13], [14, 2, 15, 1]]"
11n_169_47,"[[14, 2, 15, 1], [3, 19, 4, 18], [5, 21, 6, 20], [19, 5, 20, 4], [11, 7, 12, 6], [17, 13, 18, 12], [10, 22, 11, 21], [8, 16, 9, 15], [16, 8, 17, 7], [22, 10, 1, 9], [2, 14, 3, 13]]"
11n_169_48,"[[2, 14, 3, 13], [14, 2, 15, 1], [3, 19, 4, 18], [5, 21, 6, 20], [19, 5, 20, 4], [11, 7, 12, 6], [17, 13, 18, 12], [10, 22, 11, 21], [8, 16, 9, 15], [16, 8, 17, 7], [22, 10, 1, 9]]"
11n_169_49,"[[22, 10, 1, 9], [2, 14, 3, 13], [14, 2, 15, 1], [3, 19, 4, 18], [5, 21, 6, 20], [19, 5, 20, 4], [11, 7, 12, 6], [17, 13, 18, 12], [10, 22, 11, 21], [8, 16, 9, 15], [16, 8, 17, 7]]"
11n_169_50,"[[16, 8, 17, 7], [22, 10, 1, 9], [2, 14, 3, 13], [14, 2, 15, 1], [3, 19, 4, 18], [5, 21, 6, 20], [19, 5, 20, 4], [11, 7, 12, 6], [17, 13, 18, 12], [10, 22, 11, 21], [8, 16, 9, 15]]"
11n_169_51,"[[8, 16, 9, 15], [16, 8, 17, 7], [22, 10, 1, 9], [2, 14, 3, 13], [14, 2, 15, 1], [3, 19, 4, 18], [5, 21, 6, 20], [19, 5, 20, 4], [11, 7, 12, 6], [17, 13, 18, 12], [10, 22, 11, 21]]"
11n_169_52,"[[10, 22, 11, 21], [8, 16, 9, 15], [16, 8, 17, 7], [22, 10, 1, 9], [2, 14, 3, 13], [14, 2, 15, 1], [3, 19, 4, 18], [5, 21, 6, 20], [19, 5, 20, 4], [11, 7, 12, 6], [17, 13, 18, 12]]"
11n_169_53,"[[17, 13, 18, 12], [10, 22, 11, 21], [8, 16, 9, 15], [16, 8, 17, 7], [22, 10, 1, 9], [2, 14, 3, 13], [14, 2, 15, 1], [3, 19, 4, 18], [5, 21, 6, 20], [19, 5, 20, 4], [11, 7, 12, 6]]"
11n_169_54,"[[11, 7, 12, 6], [17, 13, 18, 12], [10, 22, 11, 21], [8, 16, 9, 15], [16, 8, 17, 7], [22, 10, 1, 9], [2, 14, 3, 13], [14, 2, 15, 1], [3, 19, 4, 18], [5, 21, 6, 20], [19, 5, 20, 4]]"
11n_169_55,"[[20, 6, 21, 5], [12, 8, 13, 7], [18, 14, 19, 13], [11, 1, 12, 22], [9, 17, 10, 16], [17, 9, 18, 8], [1, 11, 2, 10], [3, 15, 4, 14], [15, 3, 16, 2], [4, 20, 5, 19], [6, 22, 7, 21]]"
11n_169_56,"[[6, 22, 7, 21], [20, 6, 21, 5], [12, 8, 13, 7], [18, 14, 19, 13], [11, 1, 12, 22], [9, 17, 10, 16], [17, 9, 18, 8], [1, 11, 2, 10], [3, 15, 4, 14], [15, 3, 16, 2], [4, 20, 5, 19]]"
11n_169_57,"[[4, 20, 5, 19], [6, 22, 7, 21], [20, 6, 21, 5], [12, 8, 13, 7], [18, 14, 19, 13], [11, 1, 12, 22], [9, 17, 10, 16], [17, 9, 18, 8], [1, 11, 2, 10], [3, 15, 4, 14], [15, 3, 16, 2]]"
11n_169_58,"[[15, 3, 16, 2], [4, 20, 5, 19], [6, 22, 7, 21], [20, 6, 21, 5], [12, 8, 13, 7], [18, 14, 19, 13], [11, 1, 12, 22], [9, 17, 10, 16], [17, 9, 18, 8], [1, 11, 2, 10], [3, 15, 4, 14]]"
11n_169_59,"[[3, 15, 4, 14], [15, 3, 16, 2], [4, 20, 5, 19], [6, 22, 7, 21], [20, 6, 21, 5], [12, 8, 13, 7], [18, 14, 19, 13], [11, 1, 12, 22], [9, 17, 10, 16], [17, 9, 18, 8], [1, 11, 2, 10]]"
11n_169_60,"[[1, 11, 2, 10], [3, 15, 4, 14], [15, 3, 16, 2], [4, 20, 5, 19], [6, 22, 7, 21], [20, 6, 21, 5], [12, 8, 13, 7], [18, 14, 19, 13], [11, 1, 12, 22], [9, 17, 10, 16], [17, 9, 18, 8]]"
11n_169_61,"[[17, 9, 18, 8], [1, 11, 2, 10], [3, 15, 4, 14], [15, 3, 16, 2], [4, 20, 5, 19], [6, 22, 7, 21], [20, 6, 21, 5], [12, 8, 13, 7], [18, 14, 19, 13], [11, 1, 12, 22], [9, 17, 10, 16]]"
11n_169_62,"[[9, 17, 10, 16], [17, 9, 18, 8], [1, 11, 2, 10], [3, 15, 4, 14], [15, 3, 16, 2], [4, 20, 5, 19], [6, 22, 7, 21], [20, 6, 21, 5], [12, 8, 13, 7], [18, 14, 19, 13], [11, 1, 12, 22]]"
11n_169_63,"[[11, 1, 12, 22], [9, 17, 10, 16], [17, 9, 18, 8], [1, 11, 2, 10], [3, 15, 4, 14], [15, 3, 16, 2], [4, 20, 5, 19], [6, 22, 7, 21], [20, 6, 21, 5], [12, 8, 13, 7], [18, 14, 19, 13]]"
11n_169_64,"[[18, 14, 19, 13], [11, 1, 12, 22], [9, 17, 10, 16], [17, 9, 18, 8], [1, 11, 2, 10], [3, 15, 4, 14], [15, 3, 16, 2], [4, 20, 5, 19], [6, 22, 7, 21], [20, 6, 21, 5], [12, 8, 13, 7]]"
11n_169_65,"[[12, 8, 13, 7], [18, 14, 19, 13], [11, 1, 12, 22], [9, 17, 10, 16], [17, 9, 18, 8], [1, 11, 2, 10], [3, 15, 4, 14], [15, 3, 16, 2], [4, 20, 5, 19], [6, 22, 7, 21], [20, 6, 21, 5]]"
11n_169_66,"[[21, 7, 22, 6], [13, 9, 14, 8], [19, 15, 20, 14], [12, 2, 13, 1], [10, 18, 11, 17], [18, 10, 19, 9], [2, 12, 3, 11], [4, 16, 5, 15], [16, 4, 17, 3], [5, 21, 6, 20], [7, 1, 8, 22]]"
11n_169_67,"[[7, 1, 8, 22], [21, 7, 22, 6], [13, 9, 14, 8], [19, 15, 20, 14], [12, 2, 13, 1], [10, 18, 11, 17], [18, 10, 19, 9], [2, 12, 3, 11], [4, 16, 5, 15], [16, 4, 17, 3], [5, 21, 6, 20]]"
11n_169_68,"[[5, 21, 6, 20], [7, 1, 8, 22], [21, 7, 22, 6], [13, 9, 14, 8], [19, 15, 20, 14], [12, 2, 13, 1], [10, 18, 11, 17], [18, 10, 19, 9], [2, 12, 3, 11], [4, 16, 5, 15], [16, 4, 17, 3]]"
11n_169_69,"[[16, 4, 17, 3], [5, 21, 6, 20], [7, 1, 8, 22], [21, 7, 22, 6], [13, 9, 14, 8], [19, 15, 20, 14], [12, 2, 13, 1], [10, 18, 11, 17], [18, 10, 19, 9], [2, 12, 3, 11], [4, 16, 5, 15]]"
11n_169_70,"[[4, 16, 5, 15], [16, 4, 17, 3], [5, 21, 6, 20], [7, 1, 8, 22], [21, 7, 22, 6], [13, 9, 14, 8], [19, 15, 20, 14], [12, 2, 13, 1], [10, 18, 11, 17], [18, 10, 19, 9], [2, 12, 3, 11]]"
11n_169_71,"[[2, 12, 3, 11], [4, 16, 5, 15], [16, 4, 17, 3], [5, 21, 6, 20], [7, 1, 8, 22], [21, 7, 22, 6], [13, 9, 14, 8], [19, 15, 20, 14], [12, 2, 13, 1], [10, 18, 11, 17], [18, 10, 19, 9]]"
11n_169_72,"[[18, 10, 19, 9], [2, 12, 3, 11], [4, 16, 5, 15], [16, 4, 17, 3], [5, 21, 6, 20], [7, 1, 8, 22], [21, 7, 22, 6], [13, 9, 14, 8], [19, 15, 20, 14], [12, 2, 13, 1], [10, 18, 11, 17]]"
11n_169_73,"[[10, 18, 11, 17], [18, 10, 19, 9], [2, 12, 3, 11], [4, 16, 5, 15], [16, 4, 17, 3], [5, 21, 6, 20], [7, 1, 8, 22], [21, 7, 22, 6], [13, 9, 14, 8], [19, 15, 20, 14], [12, 2, 13, 1]]"
11n_169_74,"[[12, 2, 13, 1], [10, 18, 11, 17], [18, 10, 19, 9], [2, 12, 3, 11], [4, 16, 5, 15], [16, 4, 17, 3], [5, 21, 6, 20], [7, 1, 8, 22], [21, 7, 22, 6], [13, 9, 14, 8], [19, 15, 20, 14]]"
11n_169_75,"[[19, 15, 20, 14], [12, 2, 13, 1], [10, 18, 11, 17], [18, 10, 19, 9], [2, 12, 3, 11], [4, 16, 5, 15], [16, 4, 17, 3], [5, 21, 6, 20], [7, 1, 8, 22], [21, 7, 22, 6], [13, 9, 14, 8]]"
11n_169_76,"[[13, 9, 14, 8], [19, 15, 20, 14], [12, 2, 13, 1], [10, 18, 11, 17], [18, 10, 19, 9], [2, 12, 3, 11], [4, 16, 5, 15], [16, 4, 17, 3], [5, 21, 6, 20], [7, 1, 8, 22], [21, 7, 22, 6]]"
11n_169_77,"[[22, 8, 1, 7], [14, 10, 15, 9], [20, 16, 21, 15], [13, 3, 14, 2], [11, 19, 12, 18], [19, 11, 20, 10], [3, 13, 4, 12], [5, 17, 6, 16], [17, 5, 18, 4], [6, 22, 7, 21], [8, 2, 9, 1]]"
11n_169_78,"[[8, 2, 9, 1], [22, 8, 1, 7], [14, 10, 15, 9], [20, 16, 21, 15], [13, 3, 14, 2], [11, 19, 12, 18], [19, 11, 20, 10], [3, 13, 4, 12], [5, 17, 6, 16], [17, 5, 18, 4], [6, 22, 7, 21]]"
11n_169_79,"[[6, 22, 7, 21], [8, 2, 9, 1], [22, 8, 1, 7], [14, 10, 15, 9], [20, 16, 21, 15], [13, 3, 14, 2], [11, 19, 12, 18], [19, 11, 20, 10], [3, 13, 4, 12], [5, 17, 6, 16], [17, 5, 18, 4]]"
11n_169_80,"[[17, 5, 18, 4], [6, 22, 7, 21], [8, 2, 9, 1], [22, 8, 1, 7], [14, 10, 15, 9], [20, 16, 21, 15], [13, 3, 14, 2], [11, 19, 12, 18], [19, 11, 20, 10], [3, 13, 4, 12], [5, 17, 6, 16]]"
11n_169_81,"[[5, 17, 6, 16], [17, 5, 18, 4], [6, 22, 7, 21], [8, 2, 9, 1], [22, 8, 1, 7], [14, 10, 15, 9], [20, 16, 21, 15], [13, 3, 14, 2], [11, 19, 12, 18], [19, 11, 20, 10], [3, 13, 4, 12]]"
11n_169_82,"[[3, 13, 4, 12], [5, 17, 6, 16], [17, 5, 18, 4], [6, 22, 7, 21], [8, 2, 9, 1], [22, 8, 1, 7], [14, 10, 15, 9], [20, 16, 21, 15], [13, 3, 14, 2], [11, 19, 12, 18], [19, 11, 20, 10]]"
11n_169_83,"[[19, 11, 20, 10], [3, 13, 4, 12], [5, 17, 6, 16], [17, 5, 18, 4], [6, 22, 7, 21], [8, 2, 9, 1], [22, 8, 1, 7], [14, 10, 15, 9], [20, 16, 21, 15], [13, 3, 14, 2], [11, 19, 12, 18]]"
11n_169_84,"[[11, 19, 12, 18], [19, 11, 20, 10], [3, 13, 4, 12], [5, 17, 6, 16], [17, 5, 18, 4], [6, 22, 7, 21], [8, 2, 9, 1], [22, 8, 1, 7], [14, 10, 15, 9], [20, 16, 21, 15], [13, 3, 14, 2]]"
11n_169_85,"[[13, 3, 14, 2], [11, 19, 12, 18], [19, 11, 20, 10], [3, 13, 4, 12], [5, 17, 6, 16], [17, 5, 18, 4], [6, 22, 7, 21], [8, 2, 9, 1], [22, 8, 1, 7], [14, 10, 15, 9], [20, 16, 21, 15]]"
11n_169_86,"[[20, 16, 21, 15], [13, 3, 14, 2], [11, 19, 12, 18], [19, 11, 20, 10], [3, 13, 4, 12], [5, 17, 6, 16], [17, 5, 18, 4], [6, 22, 7, 21], [8, 2, 9, 1], [22, 8, 1, 7], [14, 10, 15, 9]]"
11n_169_87,"[[14, 10, 15, 9], [20, 16, 21, 15], [13, 3, 14, 2], [11, 19, 12, 18], [19, 11, 20, 10], [3, 13, 4, 12], [5, 17, 6, 16], [17, 5, 18, 4], [6, 22, 7, 21], [8, 2, 9, 1], [22, 8, 1, 7]]"
11n_169_88,"[[1, 9, 2, 8], [15, 11, 16, 10], [21, 17, 22, 16], [14, 4, 15, 3], [12, 20, 13, 19], [20, 12, 21, 11], [4, 14, 5, 13], [6, 18, 7, 17], [18, 6, 19, 5], [7, 1, 8, 22], [9, 3, 10, 2]]"
11n_169_89,"[[9, 3, 10, 2], [1, 9, 2, 8], [15, 11, 16, 10], [21, 17, 22, 16], [14, 4, 15, 3], [12, 20, 13, 19], [20, 12, 21, 11], [4, 14, 5, 13], [6, 18, 7, 17], [18, 6, 19, 5], [7, 1, 8, 22]]"
11n_169_90,"[[7, 1, 8, 22], [9, 3, 10, 2], [1, 9, 2, 8], [15, 11, 16, 10], [21, 17, 22, 16], [14, 4, 15, 3], [12, 20, 13, 19], [20, 12, 21, 11], [4, 14, 5, 13], [6, 18, 7, 17], [18, 6, 19, 5]]"
11n_169_91,"[[18, 6, 19, 5], [7, 1, 8, 22], [9, 3, 10, 2], [1, 9, 2, 8], [15, 11, 16, 10], [21, 17, 22, 16], [14, 4, 15, 3], [12, 20, 13, 19], [20, 12, 21, 11], [4, 14, 5, 13], [6, 18, 7, 17]]"
11n_169_92,"[[6, 18, 7, 17], [18, 6, 19, 5], [7, 1, 8, 22], [9, 3, 10, 2], [1, 9, 2, 8], [15, 11, 16, 10], [21, 17, 22, 16], [14, 4, 15, 3], [12, 20, 13, 19], [20, 12, 21, 11], [4, 14, 5, 13]]"
11n_169_93,"[[4, 14, 5, 13], [6, 18, 7, 17], [18, 6, 19, 5], [7, 1, 8, 22], [9, 3, 10, 2], [1, 9, 2, 8], [15, 11, 16, 10], [21, 17, 22, 16], [14, 4, 15, 3], [12, 20, 13, 19], [20, 12, 21, 11]]"
11n_169_94,"[[20, 12, 21, 11], [4, 14, 5, 13], [6, 18, 7, 17], [18, 6, 19, 5], [7, 1, 8, 22], [9, 3, 10, 2], [1, 9, 2, 8], [15, 11, 16, 10], [21, 17, 22, 16], [14, 4, 15, 3], [12, 20, 13, 19]]"
11n_169_95,"[[12, 20, 13, 19], [20, 12, 21, 11], [4, 14, 5, 13], [6, 18, 7, 17], [18, 6, 19, 5], [7, 1, 8, 22], [9, 3, 10, 2], [1, 9, 2, 8], [15, 11, 16, 10], [21, 17, 22, 16], [14, 4, 15, 3]]"
11n_169_96,"[[14, 4, 15, 3], [12, 20, 13, 19], [20, 12, 21, 11], [4, 14, 5, 13], [6, 18, 7, 17], [18, 6, 19, 5], [7, 1, 8, 22], [9, 3, 10, 2], [1, 9, 2, 8], [15, 11, 16, 10], [21, 17, 22, 16]]"
11n_169_97,"[[21, 17, 22, 16], [14, 4, 15, 3], [12, 20, 13, 19], [20, 12, 21, 11], [4, 14, 5, 13], [6, 18, 7, 17], [18, 6, 19, 5], [7, 1, 8, 22], [9, 3, 10, 2], [1, 9, 2, 8], [15, 11, 16, 10]]"
11n_169_98,"[[15, 11, 16, 10], [21, 17, 22, 16], [14, 4, 15, 3], [12, 20, 13, 19], [20, 12, 21, 11], [4, 14, 5, 13], [6, 18, 7, 17], [18, 6, 19, 5], [7, 1, 8, 22], [9, 3, 10, 2], [1, 9, 2, 8]]"
11n_169_99,"[[2, 10, 3, 9], [16, 12, 17, 11], [22, 18, 1, 17], [15, 5, 16, 4], [13, 21, 14, 20], [21, 13, 22, 12], [5, 15, 6, 14], [7, 19, 8, 18], [19, 7, 20, 6], [8, 2, 9, 1], [10, 4, 11, 3]]"
11n_169_100,"[[10, 4, 11, 3], [2, 10, 3, 9], [16, 12, 17, 11], [22, 18, 1, 17], [15, 5, 16, 4], [13, 21, 14, 20], [21, 13, 22, 12], [5, 15, 6, 14], [7, 19, 8, 18], [19, 7, 20, 6], [8, 2, 9, 1]]"
11n_169_101,"[[8, 2, 9, 1], [10, 4, 11, 3], [2, 10, 3, 9], [16, 12, 17, 11], [22, 18, 1, 17], [15, 5, 16, 4], [13, 21, 14, 20], [21, 13, 22, 12], [5, 15, 6, 14], [7, 19, 8, 18], [19, 7, 20, 6]]"
11n_169_102,"[[19, 7, 20, 6], [8, 2, 9, 1], [10, 4, 11, 3], [2, 10, 3, 9], [16, 12, 17, 11], [22, 18, 1, 17], [15, 5, 16, 4], [13, 21, 14, 20], [21, 13, 22, 12], [5, 15, 6, 14], [7, 19, 8, 18]]"
11n_169_103,"[[7, 19, 8, 18], [19, 7, 20, 6], [8, 2, 9, 1], [10, 4, 11, 3], [2, 10, 3, 9], [16, 12, 17, 11], [22, 18, 1, 17], [15, 5, 16, 4], [13, 21, 14, 20], [21, 13, 22, 12], [5, 15, 6, 14]]"
11n_169_104,"[[5, 15, 6, 14], [7, 19, 8, 18], [19, 7, 20, 6], [8, 2, 9, 1], [10, 4, 11, 3], [2, 10, 3, 9], [16, 12, 17, 11], [22, 18, 1, 17], [15, 5, 16, 4], [13, 21, 14, 20], [21, 13, 22, 12]]"
11n_169_105,"[[21, 13, 22, 12], [5, 15, 6, 14], [7, 19, 8, 18], [19, 7, 20, 6], [8, 2, 9, 1], [10, 4, 11, 3], [2, 10, 3, 9], [16, 12, 17, 11], [22, 18, 1, 17], [15, 5, 16, 4], [13, 21, 14, 20]]"
11n_169_106,"[[13, 21, 14, 20], [21, 13, 22, 12], [5, 15, 6, 14], [7, 19, 8, 18], [19, 7, 20, 6], [8, 2, 9, 1], [10, 4, 11, 3], [2, 10, 3, 9], [16, 12, 17, 11], [22, 18, 1, 17], [15, 5, 16, 4]]"
11n_169_107,"[[15, 5, 16, 4], [13, 21, 14, 20], [21, 13, 22, 12], [5, 15, 6, 14], [7, 19, 8, 18], [19, 7, 20, 6], [8, 2, 9, 1], [10, 4, 11, 3], [2, 10, 3, 9], [16, 12, 17, 11], [22, 18, 1, 17]]"
11n_169_108,"[[22, 18, 1, 17], [15, 5, 16, 4], [13, 21, 14, 20], [21, 13, 22, 12], [5, 15, 6, 14], [7, 19, 8, 18], [19, 7, 20, 6], [8, 2, 9, 1], [10, 4, 11, 3], [2, 10, 3, 9], [16, 12, 17, 11]]"
11n_169_109,"[[16, 12, 17, 11], [22, 18, 1, 17], [15, 5, 16, 4], [13, 21, 14, 20], [21, 13, 22, 12], [5, 15, 6, 14], [7, 19, 8, 18], [19, 7, 20, 6], [8, 2, 9, 1], [10, 4, 11, 3], [2, 10, 3, 9]]"
11n_169_110,"[[3, 11, 4, 10], [17, 13, 18, 12], [1, 19, 2, 18], [16, 6, 17, 5], [14, 22, 15, 21], [22, 14, 1, 13], [6, 16, 7, 15], [8, 20, 9, 19], [20, 8, 21, 7], [9, 3, 10, 2], [11, 5, 12, 4]]"
11n_169_111,"[[11, 5, 12, 4], [3, 11, 4, 10], [17, 13, 18, 12], [1, 19, 2, 18], [16, 6, 17, 5], [14, 22, 15, 21], [22, 14, 1, 13], [6, 16, 7, 15], [8, 20, 9, 19], [20, 8, 21, 7], [9, 3, 10, 2]]"
11n_169_112,"[[9, 3, 10, 2], [11, 5, 12, 4], [3, 11, 4, 10], [17, 13, 18, 12], [1, 19, 2, 18], [16, 6, 17, 5], [14, 22, 15, 21], [22, 14, 1, 13], [6, 16, 7, 15], [8, 20, 9, 19], [20, 8, 21, 7]]"
11n_169_113,"[[20, 8, 21, 7], [9, 3, 10, 2], [11, 5, 12, 4], [3, 11, 4, 10], [17, 13, 18, 12], [1, 19, 2, 18], [16, 6, 17, 5], [14, 22, 15, 21], [22, 14, 1, 13], [6, 16, 7, 15], [8, 20, 9, 19]]"
11n_169_114,"[[8, 20, 9, 19], [20, 8, 21, 7], [9, 3, 10, 2], [11, 5, 12, 4], [3, 11, 4, 10], [17, 13, 18, 12], [1, 19, 2, 18], [16, 6, 17, 5], [14, 22, 15, 21], [22, 14, 1, 13], [6, 16, 7, 15]]"
11n_169_115,"[[6, 16, 7, 15], [8, 20, 9, 19], [20, 8, 21, 7], [9, 3, 10, 2], [11, 5, 12, 4], [3, 11, 4, 10], [17, 13, 18, 12], [1, 19, 2, 18], [16, 6, 17, 5], [14, 22, 15, 21], [22, 14, 1, 13]]"
11n_169_116,"[[22, 14, 1, 13], [6, 16, 7, 15], [8, 20, 9, 19], [20, 8, 21, 7], [9, 3, 10, 2], [11, 5, 12, 4], [3, 11, 4, 10], [17, 13, 18, 12], [1, 19, 2, 18], [16, 6, 17, 5], [14, 22, 15, 21]]"
11n_169_117,"[[14, 22, 15, 21], [22, 14, 1, 13], [6, 16, 7, 15], [8, 20, 9, 19], [20, 8, 21, 7], [9, 3, 10, 2], [11, 5, 12, 4], [3, 11, 4, 10], [17, 13, 18, 12], [1, 19, 2, 18], [16, 6, 17, 5]]"
11n_169_118,"[[16, 6, 17, 5], [14, 22, 15, 21], [22, 14, 1, 13], [6, 16, 7, 15], [8, 20, 9, 19], [20, 8, 21, 7], [9, 3, 10, 2], [11, 5, 12, 4], [3, 11, 4, 10], [17, 13, 18, 12], [1, 19, 2, 18]]"
11n_169_119,"[[1, 19, 2, 18], [16, 6, 17, 5], [14, 22, 15, 21], [22, 14, 1, 13], [6, 16, 7, 15], [8, 20, 9, 19], [20, 8, 21, 7], [9, 3, 10, 2], [11, 5, 12, 4], [3, 11, 4, 10], [17, 13, 18, 12]]"
11n_169_120,"[[17, 13, 18, 12], [1, 19, 2, 18], [16, 6, 17, 5], [14, 22, 15, 21], [22, 14, 1, 13], [6, 16, 7, 15], [8, 20, 9, 19], [20, 8, 21, 7], [9, 3, 10, 2], [11, 5, 12, 4], [3, 11, 4, 10]]"
11n_169_121,"[[4, 12, 5, 11], [18, 14, 19, 13], [2, 20, 3, 19], [17, 7, 18, 6], [15, 1, 16, 22], [1, 15, 2, 14], [7, 17, 8, 16], [9, 21, 10, 20], [21, 9, 22, 8], [10, 4, 11, 3], [12, 6, 13, 5]]"
11n_169_122,"[[12, 6, 13, 5], [4, 12, 5, 11], [18, 14, 19, 13], [2, 20, 3, 19], [17, 7, 18, 6], [15, 1, 16, 22], [1, 15, 2, 14], [7, 17, 8, 16], [9, 21, 10, 20], [21, 9, 22, 8], [10, 4, 11, 3]]"
11n_169_123,"[[10, 4, 11, 3], [12, 6, 13, 5], [4, 12, 5, 11], [18, 14, 19, 13], [2, 20, 3, 19], [17, 7, 18, 6], [15, 1, 16, 22], [1, 15, 2, 14], [7, 17, 8, 16], [9, 21, 10, 20], [21, 9, 22, 8]]"
11n_169_124,"[[21, 9, 22, 8], [10, 4, 11, 3], [12, 6, 13, 5], [4, 12, 5, 11], [18, 14, 19, 13], [2, 20, 3, 19], [17, 7, 18, 6], [15, 1, 16, 22], [1, 15, 2, 14], [7, 17, 8, 16], [9, 21, 10, 20]]"
11n_169_125,"[[9, 21, 10, 20], [21, 9, 22, 8], [10, 4, 11, 3], [12, 6, 13, 5], [4, 12, 5, 11], [18, 14, 19, 13], [2, 20, 3, 19], [17, 7, 18, 6], [15, 1, 16, 22], [1, 15, 2, 14], [7, 17, 8, 16]]"
11n_169_126,"[[7, 17, 8, 16], [9, 21, 10, 20], [21, 9, 22, 8], [10, 4, 11, 3], [12, 6, 13, 5], [4, 12, 5, 11], [18, 14, 19, 13], [2, 20, 3, 19], [17, 7, 18, 6], [15, 1, 16, 22], [1, 15, 2, 14]]"
11n_169_127,"[[1, 15, 2, 14], [7, 17, 8, 16], [9, 21, 10, 20], [21, 9, 22, 8], [10, 4, 11, 3], [12, 6, 13, 5], [4, 12, 5, 11], [18, 14, 19, 13], [2, 20, 3, 19], [17, 7, 18, 6], [15, 1, 16, 22]]"
11n_169_128,"[[15, 1, 16, 22], [1, 15, 2, 14], [7, 17, 8, 16], [9, 21, 10, 20], [21, 9, 22, 8], [10, 4, 11, 3], [12, 6, 13, 5], [4, 12, 5, 11], [18, 14, 19, 13], [2, 20, 3, 19], [17, 7, 18, 6]]"
11n_169_129,"[[17, 7, 18, 6], [15, 1, 16, 22], [1, 15, 2, 14], [7, 17, 8, 16], [9, 21, 10, 20], [21, 9, 22, 8], [10, 4, 11, 3], [12, 6, 13, 5], [4, 12, 5, 11], [18, 14, 19, 13], [2, 20, 3, 19]]"
11n_169_130,"[[2, 20, 3, 19], [17, 7, 18, 6], [15, 1, 16, 22], [1, 15, 2, 14], [7, 17, 8, 16], [9, 21, 10, 20], [21, 9, 22, 8], [10, 4, 11, 3], [12, 6, 13, 5], [4, 12, 5, 11], [18, 14, 19, 13]]"
11n_169_131,"[[18, 14, 19, 13], [2, 20, 3, 19], [17, 7, 18, 6], [15, 1, 16, 22], [1, 15, 2, 14], [7, 17, 8, 16], [9, 21, 10, 20], [21, 9, 22, 8], [10, 4, 11, 3], [12, 6, 13, 5], [4, 12, 5, 11]]"
11n_169_132,"[[5, 13, 6, 12], [19, 15, 20, 14], [3, 21, 4, 20], [18, 8, 19, 7], [16, 2, 17, 1], [2, 16, 3, 15], [8, 18, 9, 17], [10, 22, 11, 21], [22, 10, 1, 9], [11, 5, 12, 4], [13, 7, 14, 6]]"
11n_169_133,"[[13, 7, 14, 6], [5, 13, 6, 12], [19, 15, 20, 14], [3, 21, 4, 20], [18, 8, 19, 7], [16, 2, 17, 1], [2, 16, 3, 15], [8, 18, 9, 17], [10, 22, 11, 21], [22, 10, 1, 9], [11, 5, 12, 4]]"
11n_169_134,"[[11, 5, 12, 4], [13, 7, 14, 6], [5, 13, 6, 12], [19, 15, 20, 14], [3, 21, 4, 20], [18, 8, 19, 7], [16, 2, 17, 1], [2, 16, 3, 15], [8, 18, 9, 17], [10, 22, 11, 21], [22, 10, 1, 9]]"
11n_169_135,"[[22, 10, 1, 9], [11, 5, 12, 4], [13, 7, 14, 6], [5, 13, 6, 12], [19, 15, 20, 14], [3, 21, 4, 20], [18, 8, 19, 7], [16, 2, 17, 1], [2, 16, 3, 15], [8, 18, 9, 17], [10, 22, 11, 21]]"
11n_169_136,"[[10, 22, 11, 21], [22, 10, 1, 9], [11, 5, 12, 4], [13, 7, 14, 6], [5, 13, 6, 12], [19, 15, 20, 14], [3, 21, 4, 20], [18, 8, 19, 7], [16, 2, 17, 1], [2, 16, 3, 15], [8, 18, 9, 17]]"
11n_169_137,"[[8, 18, 9, 17], [10, 22, 11, 21], [22, 10, 1, 9], [11, 5, 12, 4], [13, 7, 14, 6], [5, 13, 6, 12], [19, 15, 20, 14], [3, 21, 4, 20], [18, 8, 19, 7], [16, 2, 17, 1], [2, 16, 3, 15]]"
11n_169_138,"[[2, 16, 3, 15], [8, 18, 9, 17], [10, 22, 11, 21], [22, 10, 1, 9], [11, 5, 12, 4], [13, 7, 14, 6], [5, 13, 6, 12], [19, 15, 20, 14], [3, 21, 4, 20], [18, 8, 19, 7], [16, 2, 17, 1]]"
11n_169_139,"[[16, 2, 17, 1], [2, 16, 3, 15], [8, 18, 9, 17], [10, 22, 11, 21], [22, 10, 1, 9], [11, 5, 12, 4], [13, 7, 14, 6], [5, 13, 6, 12], [19, 15, 20, 14], [3, 21, 4, 20], [18, 8, 19, 7]]"
11n_169_140,"[[18, 8, 19, 7], [16, 2, 17, 1], [2, 16, 3, 15], [8, 18, 9, 17], [10, 22, 11, 21], [22, 10, 1, 9], [11, 5, 12, 4], [13, 7, 14, 6], [5, 13, 6, 12], [19, 15, 20, 14], [3, 21, 4, 20]]"
11n_169_141,"[[3, 21, 4, 20], [18, 8, 19, 7], [16, 2, 17, 1], [2, 16, 3, 15], [8, 18, 9, 17], [10, 22, 11, 21], [22, 10, 1, 9], [11, 5, 12, 4], [13, 7, 14, 6], [5, 13, 6, 12], [19, 15, 20, 14]]"
11n_169_142,"[[19, 15, 20, 14], [3, 21, 4, 20], [18, 8, 19, 7], [16, 2, 17, 1], [2, 16, 3, 15], [8, 18, 9, 17], [10, 22, 11, 21], [22, 10, 1, 9], [11, 5, 12, 4], [13, 7, 14, 6], [5, 13, 6, 12]]"
11n_169_143,"[[6, 14, 7, 13], [20, 16, 21, 15], [4, 22, 5, 21], [19, 9, 20, 8], [17, 3, 18, 2], [3, 17, 4, 16], [9, 19, 10, 18], [11, 1, 12, 22], [1, 11, 2, 10], [12, 6, 13, 5], [14, 8, 15, 7]]"
11n_169_144,"[[14, 8, 15, 7], [6, 14, 7, 13], [20, 16, 21, 15], [4, 22, 5, 21], [19, 9, 20, 8], [17, 3, 18, 2], [3, 17, 4, 16], [9, 19, 10, 18], [11, 1, 12, 22], [1, 11, 2, 10], [12, 6, 13, 5]]"
11n_169_145,"[[12, 6, 13, 5], [14, 8, 15, 7], [6, 14, 7, 13], [20, 16, 21, 15], [4, 22, 5, 21], [19, 9, 20, 8], [17, 3, 18, 2], [3, 17, 4, 16], [9, 19, 10, 18], [11, 1, 12, 22], [1, 11, 2, 10]]"
11n_169_146,"[[1, 11, 2, 10], [12, 6, 13, 5], [14, 8, 15, 7], [6, 14, 7, 13], [20, 16, 21, 15], [4, 22, 5, 21], [19, 9, 20, 8], [17, 3, 18, 2], [3, 17, 4, 16], [9, 19, 10, 18], [11, 1, 12, 22]]"
11n_169_147,"[[11, 1, 12, 22], [1, 11, 2, 10], [12, 6, 13, 5], [14, 8, 15, 7], [6, 14, 7, 13], [20, 16, 21, 15], [4, 22, 5, 21], [19, 9, 20, 8], [17, 3, 18, 2], [3, 17, 4, 16], [9, 19, 10, 18]]"
11n_169_148,"[[9, 19, 10, 18], [11, 1, 12, 22], [1, 11, 2, 10], [12, 6, 13, 5], [14, 8, 15, 7], [6, 14, 7, 13], [20, 16, 21, 15], [4, 22, 5, 21], [19, 9, 20, 8], [17, 3, 18, 2], [3, 17, 4, 16]]"
11n_169_149,"[[3, 17, 4, 16], [9, 19, 10, 18], [11, 1, 12, 22], [1, 11, 2, 10], [12, 6, 13, 5], [14, 8, 15, 7], [6, 14, 7, 13], [20, 16, 21, 15], [4, 22, 5, 21], [19, 9, 20, 8], [17, 3, 18, 2]]"
11n_169_150,"[[17, 3, 18, 2], [3, 17, 4, 16], [9, 19, 10, 18], [11, 1, 12, 22], [1, 11, 2, 10], [12, 6, 13, 5], [14, 8, 15, 7], [6, 14, 7, 13], [20, 16, 21, 15], [4, 22, 5, 21], [19, 9, 20, 8]]"
11n_169_151,"[[19, 9, 20, 8], [17, 3, 18, 2], [3, 17, 4, 16], [9, 19, 10, 18], [11, 1, 12, 22], [1, 11, 2, 10], [12, 6, 13, 5], [14, 8, 15, 7], [6, 14, 7, 13], [20, 16, 21, 15], [4, 22, 5, 21]]"
11n_169_152,"[[4, 22, 5, 21], [19, 9, 20, 8], [17, 3, 18, 2], [3, 17, 4, 16], [9, 19, 10, 18], [11, 1, 12, 22], [1, 11, 2, 10], [12, 6, 13, 5], [14, 8, 15, 7], [6, 14, 7, 13], [20, 16, 21, 15]]"
11n_169_153,"[[20, 16, 21, 15], [4, 22, 5, 21], [19, 9, 20, 8], [17, 3, 18, 2], [3, 17, 4, 16], [9, 19, 10, 18], [11, 1, 12, 22], [1, 11, 2, 10], [12, 6, 13, 5], [14, 8, 15, 7], [6, 14, 7, 13]]"
11n_169_154,"[[7, 15, 8, 14], [21, 17, 22, 16], [5, 1, 6, 22], [20, 10, 21, 9], [18, 4, 19, 3], [4, 18, 5, 17], [10, 20, 11, 19], [12, 2, 13, 1], [2, 12, 3, 11], [13, 7, 14, 6], [15, 9, 16, 8]]"
11n_169_155,"[[15, 9, 16, 8], [7, 15, 8, 14], [21, 17, 22, 16], [5, 1, 6, 22], [20, 10, 21, 9], [18, 4, 19, 3], [4, 18, 5, 17], [10, 20, 11, 19], [12, 2, 13, 1], [2, 12, 3, 11], [13, 7, 14, 6]]"
11n_169_156,"[[13, 7, 14, 6], [15, 9, 16, 8], [7, 15, 8, 14], [21, 17, 22, 16], [5, 1, 6, 22], [20, 10, 21, 9], [18, 4, 19, 3], [4, 18, 5, 17], [10, 20, 11, 19], [12, 2, 13, 1], [2, 12, 3, 11]]"
11n_169_157,"[[2, 12, 3, 11], [13, 7, 14, 6], [15, 9, 16, 8], [7, 15, 8, 14], [21, 17, 22, 16], [5, 1, 6, 22], [20, 10, 21, 9], [18, 4, 19, 3], [4, 18, 5, 17], [10, 20, 11, 19], [12, 2, 13, 1]]"
11n_169_158,"[[12, 2, 13, 1], [2, 12, 3, 11], [13, 7, 14, 6], [15, 9, 16, 8], [7, 15, 8, 14], [21, 17, 22, 16], [5, 1, 6, 22], [20, 10, 21, 9], [18, 4, 19, 3], [4, 18, 5, 17], [10, 20, 11, 19]]"
11n_169_159,"[[10, 20, 11, 19], [12, 2, 13, 1], [2, 12, 3, 11], [13, 7, 14, 6], [15, 9, 16, 8], [7, 15, 8, 14], [21, 17, 22, 16], [5, 1, 6, 22], [20, 10, 21, 9], [18, 4, 19, 3], [4, 18, 5, 17]]"
11n_169_160,"[[4, 18, 5, 17], [10, 20, 11, 19], [12, 2, 13, 1], [2, 12, 3, 11], [13, 7, 14, 6], [15, 9, 16, 8], [7, 15, 8, 14], [21, 17, 22, 16], [5, 1, 6, 22], [20, 10, 21, 9], [18, 4, 19, 3]]"
11n_169_161,"[[18, 4, 19, 3], [4, 18, 5, 17], [10, 20, 11, 19], [12, 2, 13, 1], [2, 12, 3, 11], [13, 7, 14, 6], [15, 9, 16, 8], [7, 15, 8, 14], [21, 17, 22, 16], [5, 1, 6, 22], [20, 10, 21, 9]]"
11n_169_162,"[[20, 10, 21, 9], [18, 4, 19, 3], [4, 18, 5, 17], [10, 20, 11, 19], [12, 2, 13, 1], [2, 12, 3, 11], [13, 7, 14, 6], [15, 9, 16, 8], [7, 15, 8, 14], [21, 17, 22, 16], [5, 1, 6, 22]]"
11n_169_163,"[[5, 1, 6, 22], [20, 10, 21, 9], [18, 4, 19, 3], [4, 18, 5, 17], [10, 20, 11, 19], [12, 2, 13, 1], [2, 12, 3, 11], [13, 7, 14, 6], [15, 9, 16, 8], [7, 15, 8, 14], [21, 17, 22, 16]]"
11n_169_164,"[[21, 17, 22, 16], [5, 1, 6, 22], [20, 10, 21, 9], [18, 4, 19, 3], [4, 18, 5, 17], [10, 20, 11, 19], [12, 2, 13, 1], [2, 12, 3, 11], [13, 7, 14, 6], [15, 9, 16, 8], [7, 15, 8, 14]]"
11n_169_165,"[[8, 16, 9, 15], [22, 18, 1, 17], [6, 2, 7, 1], [21, 11, 22, 10], [19, 5, 20, 4], [5, 19, 6, 18], [11, 21, 12, 20], [13, 3, 14, 2], [3, 13, 4, 12], [14, 8, 15, 7], [16, 10, 17, 9]]"
11n_169_166,"[[16, 10, 17, 9], [8, 16, 9, 15], [22, 18, 1, 17], [6, 2, 7, 1], [21, 11, 22, 10], [19, 5, 20, 4], [5, 19, 6, 18], [11, 21, 12, 20], [13, 3, 14, 2], [3, 13, 4, 12], [14, 8, 15, 7]]"
11n_169_167,"[[14, 8, 15, 7], [16, 10, 17, 9], [8, 16, 9, 15], [22, 18, 1, 17], [6, 2, 7, 1], [21, 11, 22, 10], [19, 5, 20, 4], [5, 19, 6, 18], [11, 21, 12, 20], [13, 3, 14, 2], [3, 13, 4, 12]]"
11n_169_168,"[[3, 13, 4, 12], [14, 8, 15, 7], [16, 10, 17, 9], [8, 16, 9, 15], [22, 18, 1, 17], [6, 2, 7, 1], [21, 11, 22, 10], [19, 5, 20, 4], [5, 19, 6, 18], [11, 21, 12, 20], [13, 3, 14, 2]]"
11n_169_169,"[[13, 3, 14, 2], [3, 13, 4, 12], [14, 8, 15, 7], [16, 10, 17, 9], [8, 16, 9, 15], [22, 18, 1, 17], [6, 2, 7, 1], [21, 11, 22, 10], [19, 5, 20, 4], [5, 19, 6, 18], [11, 21, 12, 20]]"
11n_169_170,"[[11, 21, 12, 20], [13, 3, 14, 2], [3, 13, 4, 12], [14, 8, 15, 7], [16, 10, 17, 9], [8, 16, 9, 15], [22, 18, 1, 17], [6, 2, 7, 1], [21, 11, 22, 10], [19, 5, 20, 4], [5, 19, 6, 18]]"
11n_169_171,"[[5, 19, 6, 18], [11, 21, 12, 20], [13, 3, 14, 2], [3, 13, 4, 12], [14, 8, 15, 7], [16, 10, 17, 9], [8, 16, 9, 15], [22, 18, 1, 17], [6, 2, 7, 1], [21, 11, 22, 10], [19, 5, 20, 4]]"
11n_169_172,"[[19, 5, 20, 4], [5, 19, 6, 18], [11, 21, 12, 20], [13, 3, 14, 2], [3, 13, 4, 12], [14, 8, 15, 7], [16, 10, 17, 9], [8, 16, 9, 15], [22, 18, 1, 17], [6, 2, 7, 1], [21, 11, 22, 10]]"
11n_169_173,"[[21, 11, 22, 10], [19, 5, 20, 4], [5, 19, 6, 18], [11, 21, 12, 20], [13, 3, 14, 2], [3, 13, 4, 12], [14, 8, 15, 7], [16, 10, 17, 9], [8, 16, 9, 15], [22, 18, 1, 17], [6, 2, 7, 1]]"
11n_169_174,"[[6, 2, 7, 1], [21, 11, 22, 10], [19, 5, 20, 4], [5, 19, 6, 18], [11, 21, 12, 20], [13, 3, 14, 2], [3, 13, 4, 12], [14, 8, 15, 7], [16, 10, 17, 9], [8, 16, 9, 15], [22, 18, 1, 17]]"
11n_169_175,"[[22, 18, 1, 17], [6, 2, 7, 1], [21, 11, 22, 10], [19, 5, 20, 4], [5, 19, 6, 18], [11, 21, 12, 20], [13, 3, 14, 2], [3, 13, 4, 12], [14, 8, 15, 7], [16, 10, 17, 9], [8, 16, 9, 15]]"
11n_169_176,"[[9, 17, 10, 16], [1, 19, 2, 18], [7, 3, 8, 2], [22, 12, 1, 11], [20, 6, 21, 5], [6, 20, 7, 19], [12, 22, 13, 21], [14, 4, 15, 3], [4, 14, 5, 13], [15, 9, 16, 8], [17, 11, 18, 10]]"
11n_169_177,"[[17, 11, 18, 10], [9, 17, 10, 16], [1, 19, 2, 18], [7, 3, 8, 2], [22, 12, 1, 11], [20, 6, 21, 5], [6, 20, 7, 19], [12, 22, 13, 21], [14, 4, 15, 3], [4, 14, 5, 13], [15, 9, 16, 8]]"
11n_169_178,"[[15, 9, 16, 8], [17, 11, 18, 10], [9, 17, 10, 16], [1, 19, 2, 18], [7, 3, 8, 2], [22, 12, 1, 11], [20, 6, 21, 5], [6, 20, 7, 19], [12, 22, 13, 21], [14, 4, 15, 3], [4, 14, 5, 13]]"
11n_169_179,"[[4, 14, 5, 13], [15, 9, 16, 8], [17, 11, 18, 10], [9, 17, 10, 16], [1, 19, 2, 18], [7, 3, 8, 2], [22, 12, 1, 11], [20, 6, 21, 5], [6, 20, 7, 19], [12, 22, 13, 21], [14, 4, 15, 3]]"
11n_169_180,"[[14, 4, 15, 3], [4, 14, 5, 13], [15, 9, 16, 8], [17, 11, 18, 10], [9, 17, 10, 16], [1, 19, 2, 18], [7, 3, 8, 2], [22, 12, 1, 11], [20, 6, 21, 5], [6, 20, 7, 19], [12, 22, 13, 21]]"
11n_169_181,"[[12, 22, 13, 21], [14, 4, 15, 3], [4, 14, 5, 13], [15, 9, 16, 8], [17, 11, 18, 10], [9, 17, 10, 16], [1, 19, 2, 18], [7, 3, 8, 2], [22, 12, 1, 11], [20, 6, 21, 5], [6, 20, 7, 19]]"
11n_169_182,"[[6, 20, 7, 19], [12, 22, 13, 21], [14, 4, 15, 3], [4, 14, 5, 13], [15, 9, 16, 8], [17, 11, 18, 10], [9, 17, 10, 16], [1, 19, 2, 18], [7, 3, 8, 2], [22, 12, 1, 11], [20, 6, 21, 5]]"
11n_169_183,"[[20, 6, 21, 5], [6, 20, 7, 19], [12, 22, 13, 21], [14, 4, 15, 3], [4, 14, 5, 13], [15, 9, 16, 8], [17, 11, 18, 10], [9, 17, 10, 16], [1, 19, 2, 18], [7, 3, 8, 2], [22, 12, 1, 11]]"
11n_169_184,"[[22, 12, 1, 11], [20, 6, 21, 5], [6, 20, 7, 19], [12, 22, 13, 21], [14, 4, 15, 3], [4, 14, 5, 13], [15, 9, 16, 8], [17, 11, 18, 10], [9, 17, 10, 16], [1, 19, 2, 18], [7, 3, 8, 2]]"
11n_169_185,"[[7, 3, 8, 2], [22, 12, 1, 11], [20, 6, 21, 5], [6, 20, 7, 19], [12, 22, 13, 21], [14, 4, 15, 3], [4, 14, 5, 13], [15, 9, 16, 8], [17, 11, 18, 10], [9, 17, 10, 16], [1, 19, 2, 18]]"
11n_169_186,"[[1, 19, 2, 18], [7, 3, 8, 2], [22, 12, 1, 11], [20, 6, 21, 5], [6, 20, 7, 19], [12, 22, 13, 21], [14, 4, 15, 3], [4, 14, 5, 13], [15, 9, 16, 8], [17, 11, 18, 10], [9, 17, 10, 16]]"
11n_169_187,"[[10, 18, 11, 17], [2, 20, 3, 19], [8, 4, 9, 3], [1, 13, 2, 12], [21, 7, 22, 6], [7, 21, 8, 20], [13, 1, 14, 22], [15, 5, 16, 4], [5, 15, 6, 14], [16, 10, 17, 9], [18, 12, 19, 11]]"
11n_169_188,"[[18, 12, 19, 11], [10, 18, 11, 17], [2, 20, 3, 19], [8, 4, 9, 3], [1, 13, 2, 12], [21, 7, 22, 6], [7, 21, 8, 20], [13, 1, 14, 22], [15, 5, 16, 4], [5, 15, 6, 14], [16, 10, 17, 9]]"
11n_169_189,"[[16, 10, 17, 9], [18, 12, 19, 11], [10, 18, 11, 17], [2, 20, 3, 19], [8, 4, 9, 3], [1, 13, 2, 12], [21, 7, 22, 6], [7, 21, 8, 20], [13, 1, 14, 22], [15, 5, 16, 4], [5, 15, 6, 14]]"
11n_169_190,"[[5, 15, 6, 14], [16, 10, 17, 9], [18, 12, 19, 11], [10, 18, 11, 17], [2, 20, 3, 19], [8, 4, 9, 3], [1, 13, 2, 12], [21, 7, 22, 6], [7, 21, 8, 20], [13, 1, 14, 22], [15, 5, 16, 4]]"
11n_169_191,"[[15, 5, 16, 4], [5, 15, 6, 14], [16, 10, 17, 9], [18, 12, 19, 11], [10, 18, 11, 17], [2, 20, 3, 19], [8, 4, 9, 3], [1, 13, 2, 12], [21, 7, 22, 6], [7, 21, 8, 20], [13, 1, 14, 22]]"
11n_169_192,"[[13, 1, 14, 22], [15, 5, 16, 4], [5, 15, 6, 14], [16, 10, 17, 9], [18, 12, 19, 11], [10, 18, 11, 17], [2, 20, 3, 19], [8, 4, 9, 3], [1, 13, 2, 12], [21, 7, 22, 6], [7, 21, 8, 20]]"
11n_169_193,"[[7, 21, 8, 20], [13, 1, 14, 22], [15, 5, 16, 4], [5, 15, 6, 14], [16, 10, 17, 9], [18, 12, 19, 11], [10, 18, 11, 17], [2, 20, 3, 19], [8, 4, 9, 3], [1, 13, 2, 12], [21, 7, 22, 6]]"
11n_169_194,"[[21, 7, 22, 6], [7, 21, 8, 20], [13, 1, 14, 22], [15, 5, 16, 4], [5, 15, 6, 14], [16, 10, 17, 9], [18, 12, 19, 11], [10, 18, 11, 17], [2, 20, 3, 19], [8, 4, 9, 3], [1, 13, 2, 12]]"
11n_169_195,"[[1, 13, 2, 12], [21, 7, 22, 6], [7, 21, 8, 20], [13, 1, 14, 22], [15, 5, 16, 4], [5, 15, 6, 14], [16, 10, 17, 9], [18, 12, 19, 11], [10, 18, 11, 17], [2, 20, 3, 19], [8, 4, 9, 3]]"
11n_169_196,"[[8, 4, 9, 3], [1, 13, 2, 12], [21, 7, 22, 6], [7, 21, 8, 20], [13, 1, 14, 22], [15, 5, 16, 4], [5, 15, 6, 14], [16, 10, 17, 9], [18, 12, 19, 11], [10, 18, 11, 17], [2, 20, 3, 19]]"
11n_169_197,"[[2, 20, 3, 19], [8, 4, 9, 3], [1, 13, 2, 12], [21, 7, 22, 6], [7, 21, 8, 20], [13, 1, 14, 22], [15, 5, 16, 4], [5, 15, 6, 14], [16, 10, 17, 9], [18, 12, 19, 11], [10, 18, 11, 17]]"
11n_169_198,"[[11, 19, 12, 18], [3, 21, 4, 20], [9, 5, 10, 4], [2, 14, 3, 13], [22, 8, 1, 7], [8, 22, 9, 21], [14, 2, 15, 1], [16, 6, 17, 5], [6, 16, 7, 15], [17, 11, 18, 10], [19, 13, 20, 12]]"
11n_169_199,"[[19, 13, 20, 12], [11, 19, 12, 18], [3, 21, 4, 20], [9, 5, 10, 4], [2, 14, 3, 13], [22, 8, 1, 7], [8, 22, 9, 21], [14, 2, 15, 1], [16, 6, 17, 5], [6, 16, 7, 15], [17, 11, 18, 10]]"
11n_169_200,"[[17, 11, 18, 10], [19, 13, 20, 12], [11, 19, 12, 18], [3, 21, 4, 20], [9, 5, 10, 4], [2, 14, 3, 13], [22, 8, 1, 7], [8, 22, 9, 21], [14, 2, 15, 1], [16, 6, 17, 5], [6, 16, 7, 15]]"
11n_169_201,"[[6, 16, 7, 15], [17, 11, 18, 10], [19, 13, 20, 12], [11, 19, 12, 18], [3, 21, 4, 20], [9, 5, 10, 4], [2, 14, 3, 13], [22, 8, 1, 7], [8, 22, 9, 21], [14, 2, 15, 1], [16, 6, 17, 5]]"
11n_169_202,"[[16, 6, 17, 5], [6, 16, 7, 15], [17, 11, 18, 10], [19, 13, 20, 12], [11, 19, 12, 18], [3, 21, 4, 20], [9, 5, 10, 4], [2, 14, 3, 13], [22, 8, 1, 7], [8, 22, 9, 21], [14, 2, 15, 1]]"
11n_169_203,"[[14, 2, 15, 1], [16, 6, 17, 5], [6, 16, 7, 15], [17, 11, 18, 10], [19, 13, 20, 12], [11, 19, 12, 18], [3, 21, 4, 20], [9, 5, 10, 4], [2, 14, 3, 13], [22, 8, 1, 7], [8, 22, 9, 21]]"
