name,pd_notation
11n_138_0,"[[20, 12, 21, 11], [5, 3, 6, 2], [8, 15, 9, 16], [13, 4, 14, 5], [3, 14, 4, 15], [6, 17, 7, 18], [16, 7, 17, 8], [18, 1, 19, 2], [10, 20, 11, 19], [22, 10, 1, 9], [12, 22, 13, 21]]"
11n_138_1,"[[12, 22, 13, 21], [20, 12, 21, 11], [5, 3, 6, 2], [8, 15, 9, 16], [13, 4, 14, 5], [3, 14, 4, 15], [6, 17, 7, 18], [16, 7, 17, 8], [18, 1, 19, 2], [10, 20, 11, 19], [22, 10, 1, 9]]"
11n_138_2,"[[22, 10, 1, 9], [12, 22, 13, 21], [20, 12, 21, 11], [5, 3, 6, 2], [8, 15, 9, 16], [13, 4, 14, 5], [3, 14, 4, 15], [6, 17, 7, 18], [16, 7, 17, 8], [18, 1, 19, 2], [10, 20, 11, 19]]"
11n_138_3,"[[10, 20, 11, 19], [22, 10, 1, 9], [12, 22, 13, 21], [20, 12, 21, 11], [5, 3, 6, 2], [8, 15, 9, 16], [13, 4, 14, 5], [3, 14, 4, 15], [6, 17, 7, 18], [16, 7, 17, 8], [18, 1, 19, 2]]"
11n_138_4,"[[18, 1, 19, 2], [10, 20, 11, 19], [22, 10, 1, 9], [12, 22, 13, 21], [20, 12, 21, 11], [5, 3, 6, 2], [8, 15, 9, 16], [13, 4, 14, 5], [3, 14, 4, 15], [6, 17, 7, 18], [16, 7, 17, 8]]"
11n_138_5,"[[16, 7, 17, 8], [18, 1, 19, 2], [10, 20, 11, 19], [22, 10, 1, 9], [12, 22, 13, 21], [20, 12, 21, 11], [5, 3, 6, 2], [8, 15, 9, 16], [13, 4, 14, 5], [3, 14, 4, 15], [6, 17, 7, 18]]"
11n_138_6,"[[6, 17, 7, 18], [16, 7, 17, 8], [18, 1, 19, 2], [10, 20, 11, 19], [22, 10, 1, 9], [12, 22, 13, 21], [20, 12, 21, 11], [5, 3, 6, 2], [8, 15, 9, 16], [13, 4, 14, 5], [3, 14, 4, 15]]"
11n_138_7,"[[3, 14, 4, 15], [6, 17, 7, 18], [16, 7, 17, 8], [18, 1, 19, 2], [10, 20, 11, 19], [22, 10, 1, 9], [12, 22, 13, 21], [20, 12, 21, 11], [5, 3, 6, 2], [8, 15, 9, 16], [13, 4, 14, 5]]"
11n_138_8,"[[13, 4, 14, 5], [3, 14, 4, 15], [6, 17, 7, 18], [16, 7, 17, 8], [18, 1, 19, 2], [10, 20, 11, 19], [22, 10, 1, 9], [12, 22, 13, 21], [20, 12, 21, 11], [5, 3, 6, 2], [8, 15, 9, 16]]"
11n_138_9,"[[8, 15, 9, 16], [13, 4, 14, 5], [3, 14, 4, 15], [6, 17, 7, 18], [16, 7, 17, 8], [18, 1, 19, 2], [10, 20, 11, 19], [22, 10, 1, 9], [12, 22, 13, 21], [20, 12, 21, 11], [5, 3, 6, 2]]"
11n_138_10,"[[5, 3, 6, 2], [8, 15, 9, 16], [13, 4, 14, 5], [3, 14, 4, 15], [6, 17, 7, 18], [16, 7, 17, 8], [18, 1, 19, 2], [10, 20, 11, 19], [22, 10, 1, 9], [12, 22, 13, 21], [20, 12, 21, 11]]"
11n_138_11,"[[21, 13, 22, 12], [6, 4, 7, 3], [9, 16, 10, 17], [14, 5, 15, 6], [4, 15, 5, 16], [7, 18, 8, 19], [17, 8, 18, 9], [19, 2, 20, 3], [11, 21, 12, 20], [1, 11, 2, 10], [13, 1, 14, 22]]"
11n_138_12,"[[13, 1, 14, 22], [21, 13, 22, 12], [6, 4, 7, 3], [9, 16, 10, 17], [14, 5, 15, 6], [4, 15, 5, 16], [7, 18, 8, 19], [17, 8, 18, 9], [19, 2, 20, 3], [11, 21, 12, 20], [1, 11, 2, 10]]"
11n_138_13,"[[1, 11, 2, 10], [13, 1, 14, 22], [21, 13, 22, 12], [6, 4, 7, 3], [9, 16, 10, 17], [14, 5, 15, 6], [4, 15, 5, 16], [7, 18, 8, 19], [17, 8, 18, 9], [19, 2, 20, 3], [11, 21, 12, 20]]"
11n_138_14,"[[11, 21, 12, 20], [1, 11, 2, 10], [13, 1, 14, 22], [21, 13, 22, 12], [6, 4, 7, 3], [9, 16, 10, 17], [14, 5, 15, 6], [4, 15, 5, 16], [7, 18, 8, 19], [17, 8, 18, 9], [19, 2, 20, 3]]"
11n_138_15,"[[19, 2, 20, 3], [11, 21, 12, 20], [1, 11, 2, 10], [13, 1, 14, 22], [21, 13, 22, 12], [6, 4, 7, 3], [9, 16, 10, 17], [14, 5, 15, 6], [4, 15, 5, 16], [7, 18, 8, 19], [17, 8, 18, 9]]"
11n_138_16,"[[17, 8, 18, 9], [19, 2, 20, 3], [11, 21, 12, 20], [1, 11, 2, 10], [13, 1, 14, 22], [21, 13, 22, 12], [6, 4, 7, 3], [9, 16, 10, 17], [14, 5, 15, 6], [4, 15, 5, 16], [7, 18, 8, 19]]"
11n_138_17,"[[7, 18, 8, 19], [17, 8, 18, 9], [19, 2, 20, 3], [11, 21, 12, 20], [1, 11, 2, 10], [13, 1, 14, 22], [21, 13, 22, 12], [6, 4, 7, 3], [9, 16, 10, 17], [14, 5, 15, 6], [4, 15, 5, 16]]"
11n_138_18,"[[4, 15, 5, 16], [7, 18, 8, 19], [17, 8, 18, 9], [19, 2, 20, 3], [11, 21, 12, 20], [1, 11, 2, 10], [13, 1, 14, 22], [21, 13, 22, 12], [6, 4, 7, 3], [9, 16, 10, 17], [14, 5, 15, 6]]"
11n_138_19,"[[14, 5, 15, 6], [4, 15, 5, 16], [7, 18, 8, 19], [17, 8, 18, 9], [19, 2, 20, 3], [11, 21, 12, 20], [1, 11, 2, 10], [13, 1, 14, 22], [21, 13, 22, 12], [6, 4, 7, 3], [9, 16, 10, 17]]"
11n_138_20,"[[9, 16, 10, 17], [14, 5, 15, 6], [4, 15, 5, 16], [7, 18, 8, 19], [17, 8, 18, 9], [19, 2, 20, 3], [11, 21, 12, 20], [1, 11, 2, 10], [13, 1, 14, 22], [21, 13, 22, 12], [6, 4, 7, 3]]"
11n_138_21,"[[6, 4, 7, 3], [9, 16, 10, 17], [14, 5, 15, 6], [4, 15, 5, 16], [7, 18, 8, 19], [17, 8, 18, 9], [19, 2, 20, 3], [11, 21, 12, 20], [1, 11, 2, 10], [13, 1, 14, 22], [21, 13, 22, 12]]"
11n_138_22,"[[22, 14, 1, 13], [7, 5, 8, 4], [10, 17, 11, 18], [15, 6, 16, 7], [5, 16, 6, 17], [8, 19, 9, 20], [18, 9, 19, 10], [20, 3, 21, 4], [12, 22, 13, 21], [2, 12, 3, 11], [14, 2, 15, 1]]"
11n_138_23,"[[14, 2, 15, 1], [22, 14, 1, 13], [7, 5, 8, 4], [10, 17, 11, 18], [15, 6, 16, 7], [5, 16, 6, 17], [8, 19, 9, 20], [18, 9, 19, 10], [20, 3, 21, 4], [12, 22, 13, 21], [2, 12, 3, 11]]"
11n_138_24,"[[2, 12, 3, 11], [14, 2, 15, 1], [22, 14, 1, 13], [7, 5, 8, 4], [10, 17, 11, 18], [15, 6, 16, 7], [5, 16, 6, 17], [8, 19, 9, 20], [18, 9, 19, 10], [20, 3, 21, 4], [12, 22, 13, 21]]"
11n_138_25,"[[12, 22, 13, 21], [2, 12, 3, 11], [14, 2, 15, 1], [22, 14, 1, 13], [7, 5, 8, 4], [10, 17, 11, 18], [15, 6, 16, 7], [5, 16, 6, 17], [8, 19, 9, 20], [18, 9, 19, 10], [20, 3, 21, 4]]"
11n_138_26,"[[20, 3, 21, 4], [12, 22, 13, 21], [2, 12, 3, 11], [14, 2, 15, 1], [22, 14, 1, 13], [7, 5, 8, 4], [10, 17, 11, 18], [15, 6, 16, 7], [5, 16, 6, 17], [8, 19, 9, 20], [18, 9, 19, 10]]"
11n_138_27,"[[18, 9, 19, 10], [20, 3, 21, 4], [12, 22, 13, 21], [2, 12, 3, 11], [14, 2, 15, 1], [22, 14, 1, 13], [7, 5, 8, 4], [10, 17, 11, 18], [15, 6, 16, 7], [5, 16, 6, 17], [8, 19, 9, 20]]"
11n_138_28,"[[8, 19, 9, 20], [18, 9, 19, 10], [20, 3, 21, 4], [12, 22, 13, 21], [2, 12, 3, 11], [14, 2, 15, 1], [22, 14, 1, 13], [7, 5, 8, 4], [10, 17, 11, 18], [15, 6, 16, 7], [5, 16, 6, 17]]"
11n_138_29,"[[5, 16, 6, 17], [8, 19, 9, 20], [18, 9, 19, 10], [20, 3, 21, 4], [12, 22, 13, 21], [2, 12, 3, 11], [14, 2, 15, 1], [22, 14, 1, 13], [7, 5, 8, 4], [10, 17, 11, 18], [15, 6, 16, 7]]"
11n_138_30,"[[15, 6, 16, 7], [5, 16, 6, 17], [8, 19, 9, 20], [18, 9, 19, 10], [20, 3, 21, 4], [12, 22, 13, 21], [2, 12, 3, 11], [14, 2, 15, 1], [22, 14, 1, 13], [7, 5, 8, 4], [10, 17, 11, 18]]"
11n_138_31,"[[10, 17, 11, 18], [15, 6, 16, 7], [5, 16, 6, 17], [8, 19, 9, 20], [18, 9, 19, 10], [20, 3, 21, 4], [12, 22, 13, 21], [2, 12, 3, 11], [14, 2, 15, 1], [22, 14, 1, 13], [7, 5, 8, 4]]"
11n_138_32,"[[7, 5, 8, 4], [10, 17, 11, 18], [15, 6, 16, 7], [5, 16, 6, 17], [8, 19, 9, 20], [18, 9, 19, 10], [20, 3, 21, 4], [12, 22, 13, 21], [2, 12, 3, 11], [14, 2, 15, 1], [22, 14, 1, 13]]"
11n_138_33,"[[1, 15, 2, 14], [8, 6, 9, 5], [11, 18, 12, 19], [16, 7, 17, 8], [6, 17, 7, 18], [9, 20, 10, 21], [19, 10, 20, 11], [21, 4, 22, 5], [13, 1, 14, 22], [3, 13, 4, 12], [15, 3, 16, 2]]"
11n_138_34,"[[15, 3, 16, 2], [1, 15, 2, 14], [8, 6, 9, 5], [11, 18, 12, 19], [16, 7, 17, 8], [6, 17, 7, 18], [9, 20, 10, 21], [19, 10, 20, 11], [21, 4, 22, 5], [13, 1, 14, 22], [3, 13, 4, 12]]"
11n_138_35,"[[3, 13, 4, 12], [15, 3, 16, 2], [1, 15, 2, 14], [8, 6, 9, 5], [11, 18, 12, 19], [16, 7, 17, 8], [6, 17, 7, 18], [9, 20, 10, 21], [19, 10, 20, 11], [21, 4, 22, 5], [13, 1, 14, 22]]"
11n_138_36,"[[13, 1, 14, 22], [3, 13, 4, 12], [15, 3, 16, 2], [1, 15, 2, 14], [8, 6, 9, 5], [11, 18, 12, 19], [16, 7, 17, 8], [6, 17, 7, 18], [9, 20, 10, 21], [19, 10, 20, 11], [21, 4, 22, 5]]"
11n_138_37,"[[21, 4, 22, 5], [13, 1, 14, 22], [3, 13, 4, 12], [15, 3, 16, 2], [1, 15, 2, 14], [8, 6, 9, 5], [11, 18, 12, 19], [16, 7, 17, 8], [6, 17, 7, 18], [9, 20, 10, 21], [19, 10, 20, 11]]"
11n_138_38,"[[19, 10, 20, 11], [21, 4, 22, 5], [13, 1, 14, 22], [3, 13, 4, 12], [15, 3, 16, 2], [1, 15, 2, 14], [8, 6, 9, 5], [11, 18, 12, 19], [16, 7, 17, 8], [6, 17, 7, 18], [9, 20, 10, 21]]"
11n_138_39,"[[9, 20, 10, 21], [19, 10, 20, 11], [21, 4, 22, 5], [13, 1, 14, 22], [3, 13, 4, 12], [15, 3, 16, 2], [1, 15, 2, 14], [8, 6, 9, 5], [11, 18, 12, 19], [16, 7, 17, 8], [6, 17, 7, 18]]"
11n_138_40,"[[6, 17, 7, 18], [9, 20, 10, 21], [19, 10, 20, 11], [21, 4, 22, 5], [13, 1, 14, 22], [3, 13, 4, 12], [15, 3, 16, 2], [1, 15, 2, 14], [8, 6, 9, 5], [11, 18, 12, 19], [16, 7, 17, 8]]"
11n_138_41,"[[16, 7, 17, 8], [6, 17, 7, 18], [9, 20, 10, 21], [19, 10, 20, 11], [21, 4, 22, 5], [13, 1, 14, 22], [3, 13, 4, 12], [15, 3, 16, 2], [1, 15, 2, 14], [8, 6, 9, 5], [11, 18, 12, 19]]"
11n_138_42,"[[11, 18, 12, 19], [16, 7, 17, 8], [6, 17, 7, 18], [9, 20, 10, 21], [19, 10, 20, 11], [21, 4, 22, 5], [13, 1, 14, 22], [3, 13, 4, 12], [15, 3, 16, 2], [1, 15, 2, 14], [8, 6, 9, 5]]"
11n_138_43,"[[8, 6, 9, 5], [11, 18, 12, 19], [16, 7, 17, 8], [6, 17, 7, 18], [9, 20, 10, 21], [19, 10, 20, 11], [21, 4, 22, 5], [13, 1, 14, 22], [3, 13, 4, 12], [15, 3, 16, 2], [1, 15, 2, 14]]"
11n_138_44,"[[2, 16, 3, 15], [9, 7, 10, 6], [12, 19, 13, 20], [17, 8, 18, 9], [7, 18, 8, 19], [10, 21, 11, 22], [20, 11, 21, 12], [22, 5, 1, 6], [14, 2, 15, 1], [4, 14, 5, 13], [16, 4, 17, 3]]"
11n_138_45,"[[16, 4, 17, 3], [2, 16, 3, 15], [9, 7, 10, 6], [12, 19, 13, 20], [17, 8, 18, 9], [7, 18, 8, 19], [10, 21, 11, 22], [20, 11, 21, 12], [22, 5, 1, 6], [14, 2, 15, 1], [4, 14, 5, 13]]"
11n_138_46,"[[4, 14, 5, 13], [16, 4, 17, 3], [2, 16, 3, 15], [9, 7, 10, 6], [12, 19, 13, 20], [17, 8, 18, 9], [7, 18, 8, 19], [10, 21, 11, 22], [20, 11, 21, 12], [22, 5, 1, 6], [14, 2, 15, 1]]"
11n_138_47,"[[14, 2, 15, 1], [4, 14, 5, 13], [16, 4, 17, 3], [2, 16, 3, 15], [9, 7, 10, 6], [12, 19, 13, 20], [17, 8, 18, 9], [7, 18, 8, 19], [10, 21, 11, 22], [20, 11, 21, 12], [22, 5, 1, 6]]"
11n_138_48,"[[22, 5, 1, 6], [14, 2, 15, 1], [4, 14, 5, 13], [16, 4, 17, 3], [2, 16, 3, 15], [9, 7, 10, 6], [12, 19, 13, 20], [17, 8, 18, 9], [7, 18, 8, 19], [10, 21, 11, 22], [20, 11, 21, 12]]"
11n_138_49,"[[20, 11, 21, 12], [22, 5, 1, 6], [14, 2, 15, 1], [4, 14, 5, 13], [16, 4, 17, 3], [2, 16, 3, 15], [9, 7, 10, 6], [12, 19, 13, 20], [17, 8, 18, 9], [7, 18, 8, 19], [10, 21, 11, 22]]"
11n_138_50,"[[10, 21, 11, 22], [20, 11, 21, 12], [22, 5, 1, 6], [14, 2, 15, 1], [4, 14, 5, 13], [16, 4, 17, 3], [2, 16, 3, 15], [9, 7, 10, 6], [12, 19, 13, 20], [17, 8, 18, 9], [7, 18, 8, 19]]"
11n_138_51,"[[7, 18, 8, 19], [10, 21, 11, 22], [20, 11, 21, 12], [22, 5, 1, 6], [14, 2, 15, 1], [4, 14, 5, 13], [16, 4, 17, 3], [2, 16, 3, 15], [9, 7, 10, 6], [12, 19, 13, 20], [17, 8, 18, 9]]"
11n_138_52,"[[17, 8, 18, 9], [7, 18, 8, 19], [10, 21, 11, 22], [20, 11, 21, 12], [22, 5, 1, 6], [14, 2, 15, 1], [4, 14, 5, 13], [16, 4, 17, 3], [2, 16, 3, 15], [9, 7, 10, 6], [12, 19, 13, 20]]"
11n_138_53,"[[12, 19, 13, 20], [17, 8, 18, 9], [7, 18, 8, 19], [10, 21, 11, 22], [20, 11, 21, 12], [22, 5, 1, 6], [14, 2, 15, 1], [4, 14, 5, 13], [16, 4, 17, 3], [2, 16, 3, 15], [9, 7, 10, 6]]"
11n_138_54,"[[9, 7, 10, 6], [12, 19, 13, 20], [17, 8, 18, 9], [7, 18, 8, 19], [10, 21, 11, 22], [20, 11, 21, 12], [22, 5, 1, 6], [14, 2, 15, 1], [4, 14, 5, 13], [16, 4, 17, 3], [2, 16, 3, 15]]"
11n_138_55,"[[3, 17, 4, 16], [10, 8, 11, 7], [13, 20, 14, 21], [18, 9, 19, 10], [8, 19, 9, 20], [11, 22, 12, 1], [21, 12, 22, 13], [1, 6, 2, 7], [15, 3, 16, 2], [5, 15, 6, 14], [17, 5, 18, 4]]"
11n_138_56,"[[17, 5, 18, 4], [3, 17, 4, 16], [10, 8, 11, 7], [13, 20, 14, 21], [18, 9, 19, 10], [8, 19, 9, 20], [11, 22, 12, 1], [21, 12, 22, 13], [1, 6, 2, 7], [15, 3, 16, 2], [5, 15, 6, 14]]"
11n_138_57,"[[5, 15, 6, 14], [17, 5, 18, 4], [3, 17, 4, 16], [10, 8, 11, 7], [13, 20, 14, 21], [18, 9, 19, 10], [8, 19, 9, 20], [11, 22, 12, 1], [21, 12, 22, 13], [1, 6, 2, 7], [15, 3, 16, 2]]"
11n_138_58,"[[15, 3, 16, 2], [5, 15, 6, 14], [17, 5, 18, 4], [3, 17, 4, 16], [10, 8, 11, 7], [13, 20, 14, 21], [18, 9, 19, 10], [8, 19, 9, 20], [11, 22, 12, 1], [21, 12, 22, 13], [1, 6, 2, 7]]"
11n_138_59,"[[1, 6, 2, 7], [15, 3, 16, 2], [5, 15, 6, 14], [17, 5, 18, 4], [3, 17, 4, 16], [10, 8, 11, 7], [13, 20, 14, 21], [18, 9, 19, 10], [8, 19, 9, 20], [11, 22, 12, 1], [21, 12, 22, 13]]"
11n_138_60,"[[21, 12, 22, 13], [1, 6, 2, 7], [15, 3, 16, 2], [5, 15, 6, 14], [17, 5, 18, 4], [3, 17, 4, 16], [10, 8, 11, 7], [13, 20, 14, 21], [18, 9, 19, 10], [8, 19, 9, 20], [11, 22, 12, 1]]"
11n_138_61,"[[11, 22, 12, 1], [21, 12, 22, 13], [1, 6, 2, 7], [15, 3, 16, 2], [5, 15, 6, 14], [17, 5, 18, 4], [3, 17, 4, 16], [10, 8, 11, 7], [13, 20, 14, 21], [18, 9, 19, 10], [8, 19, 9, 20]]"
11n_138_62,"[[8, 19, 9, 20], [11, 22, 12, 1], [21, 12, 22, 13], [1, 6, 2, 7], [15, 3, 16, 2], [5, 15, 6, 14], [17, 5, 18, 4], [3, 17, 4, 16], [10, 8, 11, 7], [13, 20, 14, 21], [18, 9, 19, 10]]"
11n_138_63,"[[18, 9, 19, 10], [8, 19, 9, 20], [11, 22, 12, 1], [21, 12, 22, 13], [1, 6, 2, 7], [15, 3, 16, 2], [5, 15, 6, 14], [17, 5, 18, 4], [3, 17, 4, 16], [10, 8, 11, 7], [13, 20, 14, 21]]"
11n_138_64,"[[13, 20, 14, 21], [18, 9, 19, 10], [8, 19, 9, 20], [11, 22, 12, 1], [21, 12, 22, 13], [1, 6, 2, 7], [15, 3, 16, 2], [5, 15, 6, 14], [17, 5, 18, 4], [3, 17, 4, 16], [10, 8, 11, 7]]"
11n_138_65,"[[10, 8, 11, 7], [13, 20, 14, 21], [18, 9, 19, 10], [8, 19, 9, 20], [11, 22, 12, 1], [21, 12, 22, 13], [1, 6, 2, 7], [15, 3, 16, 2], [5, 15, 6, 14], [17, 5, 18, 4], [3, 17, 4, 16]]"
11n_138_66,"[[4, 18, 5, 17], [11, 9, 12, 8], [14, 21, 15, 22], [19, 10, 20, 11], [9, 20, 10, 21], [12, 1, 13, 2], [22, 13, 1, 14], [2, 7, 3, 8], [16, 4, 17, 3], [6, 16, 7, 15], [18, 6, 19, 5]]"
11n_138_67,"[[18, 6, 19, 5], [4, 18, 5, 17], [11, 9, 12, 8], [14, 21, 15, 22], [19, 10, 20, 11], [9, 20, 10, 21], [12, 1, 13, 2], [22, 13, 1, 14], [2, 7, 3, 8], [16, 4, 17, 3], [6, 16, 7, 15]]"
11n_138_68,"[[6, 16, 7, 15], [18, 6, 19, 5], [4, 18, 5, 17], [11, 9, 12, 8], [14, 21, 15, 22], [19, 10, 20, 11], [9, 20, 10, 21], [12, 1, 13, 2], [22, 13, 1, 14], [2, 7, 3, 8], [16, 4, 17, 3]]"
11n_138_69,"[[16, 4, 17, 3], [6, 16, 7, 15], [18, 6, 19, 5], [4, 18, 5, 17], [11, 9, 12, 8], [14, 21, 15, 22], [19, 10, 20, 11], [9, 20, 10, 21], [12, 1, 13, 2], [22, 13, 1, 14], [2, 7, 3, 8]]"
11n_138_70,"[[2, 7, 3, 8], [16, 4, 17, 3], [6, 16, 7, 15], [18, 6, 19, 5], [4, 18, 5, 17], [11, 9, 12, 8], [14, 21, 15, 22], [19, 10, 20, 11], [9, 20, 10, 21], [12, 1, 13, 2], [22, 13, 1, 14]]"
11n_138_71,"[[22, 13, 1, 14], [2, 7, 3, 8], [16, 4, 17, 3], [6, 16, 7, 15], [18, 6, 19, 5], [4, 18, 5, 17], [11, 9, 12, 8], [14, 21, 15, 22], [19, 10, 20, 11], [9, 20, 10, 21], [12, 1, 13, 2]]"
11n_138_72,"[[12, 1, 13, 2], [22, 13, 1, 14], [2, 7, 3, 8], [16, 4, 17, 3], [6, 16, 7, 15], [18, 6, 19, 5], [4, 18, 5, 17], [11, 9, 12, 8], [14, 21, 15, 22], [19, 10, 20, 11], [9, 20, 10, 21]]"
11n_138_73,"[[9, 20, 10, 21], [12, 1, 13, 2], [22, 13, 1, 14], [2, 7, 3, 8], [16, 4, 17, 3], [6, 16, 7, 15], [18, 6, 19, 5], [4, 18, 5, 17], [11, 9, 12, 8], [14, 21, 15, 22], [19, 10, 20, 11]]"
11n_138_74,"[[19, 10, 20, 11], [9, 20, 10, 21], [12, 1, 13, 2], [22, 13, 1, 14], [2, 7, 3, 8], [16, 4, 17, 3], [6, 16, 7, 15], [18, 6, 19, 5], [4, 18, 5, 17], [11, 9, 12, 8], [14, 21, 15, 22]]"
11n_138_75,"[[14, 21, 15, 22], [19, 10, 20, 11], [9, 20, 10, 21], [12, 1, 13, 2], [22, 13, 1, 14], [2, 7, 3, 8], [16, 4, 17, 3], [6, 16, 7, 15], [18, 6, 19, 5], [4, 18, 5, 17], [11, 9, 12, 8]]"
11n_138_76,"[[11, 9, 12, 8], [14, 21, 15, 22], [19, 10, 20, 11], [9, 20, 10, 21], [12, 1, 13, 2], [22, 13, 1, 14], [2, 7, 3, 8], [16, 4, 17, 3], [6, 16, 7, 15], [18, 6, 19, 5], [4, 18, 5, 17]]"
11n_138_77,"[[5, 19, 6, 18], [12, 10, 13, 9], [15, 22, 16, 1], [20, 11, 21, 12], [10, 21, 11, 22], [13, 2, 14, 3], [1, 14, 2, 15], [3, 8, 4, 9], [17, 5, 18, 4], [7, 17, 8, 16], [19, 7, 20, 6]]"
11n_138_78,"[[19, 7, 20, 6], [5, 19, 6, 18], [12, 10, 13, 9], [15, 22, 16, 1], [20, 11, 21, 12], [10, 21, 11, 22], [13, 2, 14, 3], [1, 14, 2, 15], [3, 8, 4, 9], [17, 5, 18, 4], [7, 17, 8, 16]]"
11n_138_79,"[[7, 17, 8, 16], [19, 7, 20, 6], [5, 19, 6, 18], [12, 10, 13, 9], [15, 22, 16, 1], [20, 11, 21, 12], [10, 21, 11, 22], [13, 2, 14, 3], [1, 14, 2, 15], [3, 8, 4, 9], [17, 5, 18, 4]]"
11n_138_80,"[[17, 5, 18, 4], [7, 17, 8, 16], [19, 7, 20, 6], [5, 19, 6, 18], [12, 10, 13, 9], [15, 22, 16, 1], [20, 11, 21, 12], [10, 21, 11, 22], [13, 2, 14, 3], [1, 14, 2, 15], [3, 8, 4, 9]]"
11n_138_81,"[[3, 8, 4, 9], [17, 5, 18, 4], [7, 17, 8, 16], [19, 7, 20, 6], [5, 19, 6, 18], [12, 10, 13, 9], [15, 22, 16, 1], [20, 11, 21, 12], [10, 21, 11, 22], [13, 2, 14, 3], [1, 14, 2, 15]]"
11n_138_82,"[[1, 14, 2, 15], [3, 8, 4, 9], [17, 5, 18, 4], [7, 17, 8, 16], [19, 7, 20, 6], [5, 19, 6, 18], [12, 10, 13, 9], [15, 22, 16, 1], [20, 11, 21, 12], [10, 21, 11, 22], [13, 2, 14, 3]]"
11n_138_83,"[[13, 2, 14, 3], [1, 14, 2, 15], [3, 8, 4, 9], [17, 5, 18, 4], [7, 17, 8, 16], [19, 7, 20, 6], [5, 19, 6, 18], [12, 10, 13, 9], [15, 22, 16, 1], [20, 11, 21, 12], [10, 21, 11, 22]]"
11n_138_84,"[[10, 21, 11, 22], [13, 2, 14, 3], [1, 14, 2, 15], [3, 8, 4, 9], [17, 5, 18, 4], [7, 17, 8, 16], [19, 7, 20, 6], [5, 19, 6, 18], [12, 10, 13, 9], [15, 22, 16, 1], [20, 11, 21, 12]]"
11n_138_85,"[[20, 11, 21, 12], [10, 21, 11, 22], [13, 2, 14, 3], [1, 14, 2, 15], [3, 8, 4, 9], [17, 5, 18, 4], [7, 17, 8, 16], [19, 7, 20, 6], [5, 19, 6, 18], [12, 10, 13, 9], [15, 22, 16, 1]]"
11n_138_86,"[[15, 22, 16, 1], [20, 11, 21, 12], [10, 21, 11, 22], [13, 2, 14, 3], [1, 14, 2, 15], [3, 8, 4, 9], [17, 5, 18, 4], [7, 17, 8, 16], [19, 7, 20, 6], [5, 19, 6, 18], [12, 10, 13, 9]]"
11n_138_87,"[[12, 10, 13, 9], [15, 22, 16, 1], [20, 11, 21, 12], [10, 21, 11, 22], [13, 2, 14, 3], [1, 14, 2, 15], [3, 8, 4, 9], [17, 5, 18, 4], [7, 17, 8, 16], [19, 7, 20, 6], [5, 19, 6, 18]]"
11n_138_88,"[[6, 20, 7, 19], [13, 11, 14, 10], [16, 1, 17, 2], [21, 12, 22, 13], [11, 22, 12, 1], [14, 3, 15, 4], [2, 15, 3, 16], [4, 9, 5, 10], [18, 6, 19, 5], [8, 18, 9, 17], [20, 8, 21, 7]]"
11n_138_89,"[[20, 8, 21, 7], [6, 20, 7, 19], [13, 11, 14, 10], [16, 1, 17, 2], [21, 12, 22, 13], [11, 22, 12, 1], [14, 3, 15, 4], [2, 15, 3, 16], [4, 9, 5, 10], [18, 6, 19, 5], [8, 18, 9, 17]]"
11n_138_90,"[[8, 18, 9, 17], [20, 8, 21, 7], [6, 20, 7, 19], [13, 11, 14, 10], [16, 1, 17, 2], [21, 12, 22, 13], [11, 22, 12, 1], [14, 3, 15, 4], [2, 15, 3, 16], [4, 9, 5, 10], [18, 6, 19, 5]]"
11n_138_91,"[[18, 6, 19, 5], [8, 18, 9, 17], [20, 8, 21, 7], [6, 20, 7, 19], [13, 11, 14, 10], [16, 1, 17, 2], [21, 12, 22, 13], [11, 22, 12, 1], [14, 3, 15, 4], [2, 15, 3, 16], [4, 9, 5, 10]]"
11n_138_92,"[[4, 9, 5, 10], [18, 6, 19, 5], [8, 18, 9, 17], [20, 8, 21, 7], [6, 20, 7, 19], [13, 11, 14, 10], [16, 1, 17, 2], [21, 12, 22, 13], [11, 22, 12, 1], [14, 3, 15, 4], [2, 15, 3, 16]]"
11n_138_93,"[[2, 15, 3, 16], [4, 9, 5, 10], [18, 6, 19, 5], [8, 18, 9, 17], [20, 8, 21, 7], [6, 20, 7, 19], [13, 11, 14, 10], [16, 1, 17, 2], [21, 12, 22, 13], [11, 22, 12, 1], [14, 3, 15, 4]]"
11n_138_94,"[[14, 3, 15, 4], [2, 15, 3, 16], [4, 9, 5, 10], [18, 6, 19, 5], [8, 18, 9, 17], [20, 8, 21, 7], [6, 20, 7, 19], [13, 11, 14, 10], [16, 1, 17, 2], [21, 12, 22, 13], [11, 22, 12, 1]]"
11n_138_95,"[[11, 22, 12, 1], [14, 3, 15, 4], [2, 15, 3, 16], [4, 9, 5, 10], [18, 6, 19, 5], [8, 18, 9, 17], [20, 8, 21, 7], [6, 20, 7, 19], [13, 11, 14, 10], [16, 1, 17, 2], [21, 12, 22, 13]]"
11n_138_96,"[[21, 12, 22, 13], [11, 22, 12, 1], [14, 3, 15, 4], [2, 15, 3, 16], [4, 9, 5, 10], [18, 6, 19, 5], [8, 18, 9, 17], [20, 8, 21, 7], [6, 20, 7, 19], [13, 11, 14, 10], [16, 1, 17, 2]]"
11n_138_97,"[[16, 1, 17, 2], [21, 12, 22, 13], [11, 22, 12, 1], [14, 3, 15, 4], [2, 15, 3, 16], [4, 9, 5, 10], [18, 6, 19, 5], [8, 18, 9, 17], [20, 8, 21, 7], [6, 20, 7, 19], [13, 11, 14, 10]]"
11n_138_98,"[[13, 11, 14, 10], [16, 1, 17, 2], [21, 12, 22, 13], [11, 22, 12, 1], [14, 3, 15, 4], [2, 15, 3, 16], [4, 9, 5, 10], [18, 6, 19, 5], [8, 18, 9, 17], [20, 8, 21, 7], [6, 20, 7, 19]]"
11n_138_99,"[[7, 21, 8, 20], [14, 12, 15, 11], [17, 2, 18, 3], [22, 13, 1, 14], [12, 1, 13, 2], [15, 4, 16, 5], [3, 16, 4, 17], [5, 10, 6, 11], [19, 7, 20, 6], [9, 19, 10, 18], [21, 9, 22, 8]]"
11n_138_100,"[[21, 9, 22, 8], [7, 21, 8, 20], [14, 12, 15, 11], [17, 2, 18, 3], [22, 13, 1, 14], [12, 1, 13, 2], [15, 4, 16, 5], [3, 16, 4, 17], [5, 10, 6, 11], [19, 7, 20, 6], [9, 19, 10, 18]]"
11n_138_101,"[[9, 19, 10, 18], [21, 9, 22, 8], [7, 21, 8, 20], [14, 12, 15, 11], [17, 2, 18, 3], [22, 13, 1, 14], [12, 1, 13, 2], [15, 4, 16, 5], [3, 16, 4, 17], [5, 10, 6, 11], [19, 7, 20, 6]]"
11n_138_102,"[[19, 7, 20, 6], [9, 19, 10, 18], [21, 9, 22, 8], [7, 21, 8, 20], [14, 12, 15, 11], [17, 2, 18, 3], [22, 13, 1, 14], [12, 1, 13, 2], [15, 4, 16, 5], [3, 16, 4, 17], [5, 10, 6, 11]]"
11n_138_103,"[[5, 10, 6, 11], [19, 7, 20, 6], [9, 19, 10, 18], [21, 9, 22, 8], [7, 21, 8, 20], [14, 12, 15, 11], [17, 2, 18, 3], [22, 13, 1, 14], [12, 1, 13, 2], [15, 4, 16, 5], [3, 16, 4, 17]]"
11n_138_104,"[[3, 16, 4, 17], [5, 10, 6, 11], [19, 7, 20, 6], [9, 19, 10, 18], [21, 9, 22, 8], [7, 21, 8, 20], [14, 12, 15, 11], [17, 2, 18, 3], [22, 13, 1, 14], [12, 1, 13, 2], [15, 4, 16, 5]]"
11n_138_105,"[[15, 4, 16, 5], [3, 16, 4, 17], [5, 10, 6, 11], [19, 7, 20, 6], [9, 19, 10, 18], [21, 9, 22, 8], [7, 21, 8, 20], [14, 12, 15, 11], [17, 2, 18, 3], [22, 13, 1, 14], [12, 1, 13, 2]]"
11n_138_106,"[[12, 1, 13, 2], [15, 4, 16, 5], [3, 16, 4, 17], [5, 10, 6, 11], [19, 7, 20, 6], [9, 19, 10, 18], [21, 9, 22, 8], [7, 21, 8, 20], [14, 12, 15, 11], [17, 2, 18, 3], [22, 13, 1, 14]]"
11n_138_107,"[[22, 13, 1, 14], [12, 1, 13, 2], [15, 4, 16, 5], [3, 16, 4, 17], [5, 10, 6, 11], [19, 7, 20, 6], [9, 19, 10, 18], [21, 9, 22, 8], [7, 21, 8, 20], [14, 12, 15, 11], [17, 2, 18, 3]]"
11n_138_108,"[[17, 2, 18, 3], [22, 13, 1, 14], [12, 1, 13, 2], [15, 4, 16, 5], [3, 16, 4, 17], [5, 10, 6, 11], [19, 7, 20, 6], [9, 19, 10, 18], [21, 9, 22, 8], [7, 21, 8, 20], [14, 12, 15, 11]]"
11n_138_109,"[[14, 12, 15, 11], [17, 2, 18, 3], [22, 13, 1, 14], [12, 1, 13, 2], [15, 4, 16, 5], [3, 16, 4, 17], [5, 10, 6, 11], [19, 7, 20, 6], [9, 19, 10, 18], [21, 9, 22, 8], [7, 21, 8, 20]]"
11n_138_110,"[[8, 22, 9, 21], [15, 13, 16, 12], [18, 3, 19, 4], [1, 14, 2, 15], [13, 2, 14, 3], [16, 5, 17, 6], [4, 17, 5, 18], [6, 11, 7, 12], [20, 8, 21, 7], [10, 20, 11, 19], [22, 10, 1, 9]]"
11n_138_111,"[[22, 10, 1, 9], [8, 22, 9, 21], [15, 13, 16, 12], [18, 3, 19, 4], [1, 14, 2, 15], [13, 2, 14, 3], [16, 5, 17, 6], [4, 17, 5, 18], [6, 11, 7, 12], [20, 8, 21, 7], [10, 20, 11, 19]]"
11n_138_112,"[[10, 20, 11, 19], [22, 10, 1, 9], [8, 22, 9, 21], [15, 13, 16, 12], [18, 3, 19, 4], [1, 14, 2, 15], [13, 2, 14, 3], [16, 5, 17, 6], [4, 17, 5, 18], [6, 11, 7, 12], [20, 8, 21, 7]]"
11n_138_113,"[[20, 8, 21, 7], [10, 20, 11, 19], [22, 10, 1, 9], [8, 22, 9, 21], [15, 13, 16, 12], [18, 3, 19, 4], [1, 14, 2, 15], [13, 2, 14, 3], [16, 5, 17, 6], [4, 17, 5, 18], [6, 11, 7, 12]]"
11n_138_114,"[[6, 11, 7, 12], [20, 8, 21, 7], [10, 20, 11, 19], [22, 10, 1, 9], [8, 22, 9, 21], [15, 13, 16, 12], [18, 3, 19, 4], [1, 14, 2, 15], [13, 2, 14, 3], [16, 5, 17, 6], [4, 17, 5, 18]]"
11n_138_115,"[[4, 17, 5, 18], [6, 11, 7, 12], [20, 8, 21, 7], [10, 20, 11, 19], [22, 10, 1, 9], [8, 22, 9, 21], [15, 13, 16, 12], [18, 3, 19, 4], [1, 14, 2, 15], [13, 2, 14, 3], [16, 5, 17, 6]]"
11n_138_116,"[[16, 5, 17, 6], [4, 17, 5, 18], [6, 11, 7, 12], [20, 8, 21, 7], [10, 20, 11, 19], [22, 10, 1, 9], [8, 22, 9, 21], [15, 13, 16, 12], [18, 3, 19, 4], [1, 14, 2, 15], [13, 2, 14, 3]]"
11n_138_117,"[[13, 2, 14, 3], [16, 5, 17, 6], [4, 17, 5, 18], [6, 11, 7, 12], [20, 8, 21, 7], [10, 20, 11, 19], [22, 10, 1, 9], [8, 22, 9, 21], [15, 13, 16, 12], [18, 3, 19, 4], [1, 14, 2, 15]]"
11n_138_118,"[[1, 14, 2, 15], [13, 2, 14, 3], [16, 5, 17, 6], [4, 17, 5, 18], [6, 11, 7, 12], [20, 8, 21, 7], [10, 20, 11, 19], [22, 10, 1, 9], [8, 22, 9, 21], [15, 13, 16, 12], [18, 3, 19, 4]]"
11n_138_119,"[[18, 3, 19, 4], [1, 14, 2, 15], [13, 2, 14, 3], [16, 5, 17, 6], [4, 17, 5, 18], [6, 11, 7, 12], [20, 8, 21, 7], [10, 20, 11, 19], [22, 10, 1, 9], [8, 22, 9, 21], [15, 13, 16, 12]]"
11n_138_120,"[[15, 13, 16, 12], [18, 3, 19, 4], [1, 14, 2, 15], [13, 2, 14, 3], [16, 5, 17, 6], [4, 17, 5, 18], [6, 11, 7, 12], [20, 8, 21, 7], [10, 20, 11, 19], [22, 10, 1, 9], [8, 22, 9, 21]]"
11n_138_121,"[[9, 1, 10, 22], [16, 14, 17, 13], [19, 4, 20, 5], [2, 15, 3, 16], [14, 3, 15, 4], [17, 6, 18, 7], [5, 18, 6, 19], [7, 12, 8, 13], [21, 9, 22, 8], [11, 21, 12, 20], [1, 11, 2, 10]]"
11n_138_122,"[[1, 11, 2, 10], [9, 1, 10, 22], [16, 14, 17, 13], [19, 4, 20, 5], [2, 15, 3, 16], [14, 3, 15, 4], [17, 6, 18, 7], [5, 18, 6, 19], [7, 12, 8, 13], [21, 9, 22, 8], [11, 21, 12, 20]]"
11n_138_123,"[[11, 21, 12, 20], [1, 11, 2, 10], [9, 1, 10, 22], [16, 14, 17, 13], [19, 4, 20, 5], [2, 15, 3, 16], [14, 3, 15, 4], [17, 6, 18, 7], [5, 18, 6, 19], [7, 12, 8, 13], [21, 9, 22, 8]]"
11n_138_124,"[[21, 9, 22, 8], [11, 21, 12, 20], [1, 11, 2, 10], [9, 1, 10, 22], [16, 14, 17, 13], [19, 4, 20, 5], [2, 15, 3, 16], [14, 3, 15, 4], [17, 6, 18, 7], [5, 18, 6, 19], [7, 12, 8, 13]]"
11n_138_125,"[[7, 12, 8, 13], [21, 9, 22, 8], [11, 21, 12, 20], [1, 11, 2, 10], [9, 1, 10, 22], [16, 14, 17, 13], [19, 4, 20, 5], [2, 15, 3, 16], [14, 3, 15, 4], [17, 6, 18, 7], [5, 18, 6, 19]]"
11n_138_126,"[[5, 18, 6, 19], [7, 12, 8, 13], [21, 9, 22, 8], [11, 21, 12, 20], [1, 11, 2, 10], [9, 1, 10, 22], [16, 14, 17, 13], [19, 4, 20, 5], [2, 15, 3, 16], [14, 3, 15, 4], [17, 6, 18, 7]]"
11n_138_127,"[[17, 6, 18, 7], [5, 18, 6, 19], [7, 12, 8, 13], [21, 9, 22, 8], [11, 21, 12, 20], [1, 11, 2, 10], [9, 1, 10, 22], [16, 14, 17, 13], [19, 4, 20, 5], [2, 15, 3, 16], [14, 3, 15, 4]]"
11n_138_128,"[[14, 3, 15, 4], [17, 6, 18, 7], [5, 18, 6, 19], [7, 12, 8, 13], [21, 9, 22, 8], [11, 21, 12, 20], [1, 11, 2, 10], [9, 1, 10, 22], [16, 14, 17, 13], [19, 4, 20, 5], [2, 15, 3, 16]]"
11n_138_129,"[[2, 15, 3, 16], [14, 3, 15, 4], [17, 6, 18, 7], [5, 18, 6, 19], [7, 12, 8, 13], [21, 9, 22, 8], [11, 21, 12, 20], [1, 11, 2, 10], [9, 1, 10, 22], [16, 14, 17, 13], [19, 4, 20, 5]]"
11n_138_130,"[[19, 4, 20, 5], [2, 15, 3, 16], [14, 3, 15, 4], [17, 6, 18, 7], [5, 18, 6, 19], [7, 12, 8, 13], [21, 9, 22, 8], [11, 21, 12, 20], [1, 11, 2, 10], [9, 1, 10, 22], [16, 14, 17, 13]]"
11n_138_131,"[[16, 14, 17, 13], [19, 4, 20, 5], [2, 15, 3, 16], [14, 3, 15, 4], [17, 6, 18, 7], [5, 18, 6, 19], [7, 12, 8, 13], [21, 9, 22, 8], [11, 21, 12, 20], [1, 11, 2, 10], [9, 1, 10, 22]]"
11n_138_132,"[[10, 2, 11, 1], [17, 15, 18, 14], [20, 5, 21, 6], [3, 16, 4, 17], [15, 4, 16, 5], [18, 7, 19, 8], [6, 19, 7, 20], [8, 13, 9, 14], [22, 10, 1, 9], [12, 22, 13, 21], [2, 12, 3, 11]]"
11n_138_133,"[[2, 12, 3, 11], [10, 2, 11, 1], [17, 15, 18, 14], [20, 5, 21, 6], [3, 16, 4, 17], [15, 4, 16, 5], [18, 7, 19, 8], [6, 19, 7, 20], [8, 13, 9, 14], [22, 10, 1, 9], [12, 22, 13, 21]]"
11n_138_134,"[[12, 22, 13, 21], [2, 12, 3, 11], [10, 2, 11, 1], [17, 15, 18, 14], [20, 5, 21, 6], [3, 16, 4, 17], [15, 4, 16, 5], [18, 7, 19, 8], [6, 19, 7, 20], [8, 13, 9, 14], [22, 10, 1, 9]]"
11n_138_135,"[[22, 10, 1, 9], [12, 22, 13, 21], [2, 12, 3, 11], [10, 2, 11, 1], [17, 15, 18, 14], [20, 5, 21, 6], [3, 16, 4, 17], [15, 4, 16, 5], [18, 7, 19, 8], [6, 19, 7, 20], [8, 13, 9, 14]]"
11n_138_136,"[[8, 13, 9, 14], [22, 10, 1, 9], [12, 22, 13, 21], [2, 12, 3, 11], [10, 2, 11, 1], [17, 15, 18, 14], [20, 5, 21, 6], [3, 16, 4, 17], [15, 4, 16, 5], [18, 7, 19, 8], [6, 19, 7, 20]]"
11n_138_137,"[[6, 19, 7, 20], [8, 13, 9, 14], [22, 10, 1, 9], [12, 22, 13, 21], [2, 12, 3, 11], [10, 2, 11, 1], [17, 15, 18, 14], [20, 5, 21, 6], [3, 16, 4, 17], [15, 4, 16, 5], [18, 7, 19, 8]]"
11n_138_138,"[[18, 7, 19, 8], [6, 19, 7, 20], [8, 13, 9, 14], [22, 10, 1, 9], [12, 22, 13, 21], [2, 12, 3, 11], [10, 2, 11, 1], [17, 15, 18, 14], [20, 5, 21, 6], [3, 16, 4, 17], [15, 4, 16, 5]]"
11n_138_139,"[[15, 4, 16, 5], [18, 7, 19, 8], [6, 19, 7, 20], [8, 13, 9, 14], [22, 10, 1, 9], [12, 22, 13, 21], [2, 12, 3, 11], [10, 2, 11, 1], [17, 15, 18, 14], [20, 5, 21, 6], [3, 16, 4, 17]]"
11n_138_140,"[[3, 16, 4, 17], [15, 4, 16, 5], [18, 7, 19, 8], [6, 19, 7, 20], [8, 13, 9, 14], [22, 10, 1, 9], [12, 22, 13, 21], [2, 12, 3, 11], [10, 2, 11, 1], [17, 15, 18, 14], [20, 5, 21, 6]]"
11n_138_141,"[[20, 5, 21, 6], [3, 16, 4, 17], [15, 4, 16, 5], [18, 7, 19, 8], [6, 19, 7, 20], [8, 13, 9, 14], [22, 10, 1, 9], [12, 22, 13, 21], [2, 12, 3, 11], [10, 2, 11, 1], [17, 15, 18, 14]]"
11n_138_142,"[[17, 15, 18, 14], [20, 5, 21, 6], [3, 16, 4, 17], [15, 4, 16, 5], [18, 7, 19, 8], [6, 19, 7, 20], [8, 13, 9, 14], [22, 10, 1, 9], [12, 22, 13, 21], [2, 12, 3, 11], [10, 2, 11, 1]]"
11n_138_143,"[[11, 3, 12, 2], [18, 16, 19, 15], [21, 6, 22, 7], [4, 17, 5, 18], [16, 5, 17, 6], [19, 8, 20, 9], [7, 20, 8, 21], [9, 14, 10, 15], [1, 11, 2, 10], [13, 1, 14, 22], [3, 13, 4, 12]]"
11n_138_144,"[[3, 13, 4, 12], [11, 3, 12, 2], [18, 16, 19, 15], [21, 6, 22, 7], [4, 17, 5, 18], [16, 5, 17, 6], [19, 8, 20, 9], [7, 20, 8, 21], [9, 14, 10, 15], [1, 11, 2, 10], [13, 1, 14, 22]]"
11n_138_145,"[[13, 1, 14, 22], [3, 13, 4, 12], [11, 3, 12, 2], [18, 16, 19, 15], [21, 6, 22, 7], [4, 17, 5, 18], [16, 5, 17, 6], [19, 8, 20, 9], [7, 20, 8, 21], [9, 14, 10, 15], [1, 11, 2, 10]]"
11n_138_146,"[[1, 11, 2, 10], [13, 1, 14, 22], [3, 13, 4, 12], [11, 3, 12, 2], [18, 16, 19, 15], [21, 6, 22, 7], [4, 17, 5, 18], [16, 5, 17, 6], [19, 8, 20, 9], [7, 20, 8, 21], [9, 14, 10, 15]]"
11n_138_147,"[[9, 14, 10, 15], [1, 11, 2, 10], [13, 1, 14, 22], [3, 13, 4, 12], [11, 3, 12, 2], [18, 16, 19, 15], [21, 6, 22, 7], [4, 17, 5, 18], [16, 5, 17, 6], [19, 8, 20, 9], [7, 20, 8, 21]]"
11n_138_148,"[[7, 20, 8, 21], [9, 14, 10, 15], [1, 11, 2, 10], [13, 1, 14, 22], [3, 13, 4, 12], [11, 3, 12, 2], [18, 16, 19, 15], [21, 6, 22, 7], [4, 17, 5, 18], [16, 5, 17, 6], [19, 8, 20, 9]]"
11n_138_149,"[[19, 8, 20, 9], [7, 20, 8, 21], [9, 14, 10, 15], [1, 11, 2, 10], [13, 1, 14, 22], [3, 13, 4, 12], [11, 3, 12, 2], [18, 16, 19, 15], [21, 6, 22, 7], [4, 17, 5, 18], [16, 5, 17, 6]]"
11n_138_150,"[[16, 5, 17, 6], [19, 8, 20, 9], [7, 20, 8, 21], [9, 14, 10, 15], [1, 11, 2, 10], [13, 1, 14, 22], [3, 13, 4, 12], [11, 3, 12, 2], [18, 16, 19, 15], [21, 6, 22, 7], [4, 17, 5, 18]]"
11n_138_151,"[[4, 17, 5, 18], [16, 5, 17, 6], [19, 8, 20, 9], [7, 20, 8, 21], [9, 14, 10, 15], [1, 11, 2, 10], [13, 1, 14, 22], [3, 13, 4, 12], [11, 3, 12, 2], [18, 16, 19, 15], [21, 6, 22, 7]]"
11n_138_152,"[[21, 6, 22, 7], [4, 17, 5, 18], [16, 5, 17, 6], [19, 8, 20, 9], [7, 20, 8, 21], [9, 14, 10, 15], [1, 11, 2, 10], [13, 1, 14, 22], [3, 13, 4, 12], [11, 3, 12, 2], [18, 16, 19, 15]]"
11n_138_153,"[[18, 16, 19, 15], [21, 6, 22, 7], [4, 17, 5, 18], [16, 5, 17, 6], [19, 8, 20, 9], [7, 20, 8, 21], [9, 14, 10, 15], [1, 11, 2, 10], [13, 1, 14, 22], [3, 13, 4, 12], [11, 3, 12, 2]]"
11n_138_154,"[[12, 4, 13, 3], [19, 17, 20, 16], [22, 7, 1, 8], [5, 18, 6, 19], [17, 6, 18, 7], [20, 9, 21, 10], [8, 21, 9, 22], [10, 15, 11, 16], [2, 12, 3, 11], [14, 2, 15, 1], [4, 14, 5, 13]]"
11n_138_155,"[[4, 14, 5, 13], [12, 4, 13, 3], [19, 17, 20, 16], [22, 7, 1, 8], [5, 18, 6, 19], [17, 6, 18, 7], [20, 9, 21, 10], [8, 21, 9, 22], [10, 15, 11, 16], [2, 12, 3, 11], [14, 2, 15, 1]]"
11n_138_156,"[[14, 2, 15, 1], [4, 14, 5, 13], [12, 4, 13, 3], [19, 17, 20, 16], [22, 7, 1, 8], [5, 18, 6, 19], [17, 6, 18, 7], [20, 9, 21, 10], [8, 21, 9, 22], [10, 15, 11, 16], [2, 12, 3, 11]]"
11n_138_157,"[[2, 12, 3, 11], [14, 2, 15, 1], [4, 14, 5, 13], [12, 4, 13, 3], [19, 17, 20, 16], [22, 7, 1, 8], [5, 18, 6, 19], [17, 6, 18, 7], [20, 9, 21, 10], [8, 21, 9, 22], [10, 15, 11, 16]]"
11n_138_158,"[[10, 15, 11, 16], [2, 12, 3, 11], [14, 2, 15, 1], [4, 14, 5, 13], [12, 4, 13, 3], [19, 17, 20, 16], [22, 7, 1, 8], [5, 18, 6, 19], [17, 6, 18, 7], [20, 9, 21, 10], [8, 21, 9, 22]]"
11n_138_159,"[[8, 21, 9, 22], [10, 15, 11, 16], [2, 12, 3, 11], [14, 2, 15, 1], [4, 14, 5, 13], [12, 4, 13, 3], [19, 17, 20, 16], [22, 7, 1, 8], [5, 18, 6, 19], [17, 6, 18, 7], [20, 9, 21, 10]]"
11n_138_160,"[[20, 9, 21, 10], [8, 21, 9, 22], [10, 15, 11, 16], [2, 12, 3, 11], [14, 2, 15, 1], [4, 14, 5, 13], [12, 4, 13, 3], [19, 17, 20, 16], [22, 7, 1, 8], [5, 18, 6, 19], [17, 6, 18, 7]]"
11n_138_161,"[[17, 6, 18, 7], [20, 9, 21, 10], [8, 21, 9, 22], [10, 15, 11, 16], [2, 12, 3, 11], [14, 2, 15, 1], [4, 14, 5, 13], [12, 4, 13, 3], [19, 17, 20, 16], [22, 7, 1, 8], [5, 18, 6, 19]]"
11n_138_162,"[[5, 18, 6, 19], [17, 6, 18, 7], [20, 9, 21, 10], [8, 21, 9, 22], [10, 15, 11, 16], [2, 12, 3, 11], [14, 2, 15, 1], [4, 14, 5, 13], [12, 4, 13, 3], [19, 17, 20, 16], [22, 7, 1, 8]]"
11n_138_163,"[[22, 7, 1, 8], [5, 18, 6, 19], [17, 6, 18, 7], [20, 9, 21, 10], [8, 21, 9, 22], [10, 15, 11, 16], [2, 12, 3, 11], [14, 2, 15, 1], [4, 14, 5, 13], [12, 4, 13, 3], [19, 17, 20, 16]]"
11n_138_164,"[[19, 17, 20, 16], [22, 7, 1, 8], [5, 18, 6, 19], [17, 6, 18, 7], [20, 9, 21, 10], [8, 21, 9, 22], [10, 15, 11, 16], [2, 12, 3, 11], [14, 2, 15, 1], [4, 14, 5, 13], [12, 4, 13, 3]]"
11n_138_165,"[[13, 5, 14, 4], [20, 18, 21, 17], [1, 8, 2, 9], [6, 19, 7, 20], [18, 7, 19, 8], [21, 10, 22, 11], [9, 22, 10, 1], [11, 16, 12, 17], [3, 13, 4, 12], [15, 3, 16, 2], [5, 15, 6, 14]]"
11n_138_166,"[[5, 15, 6, 14], [13, 5, 14, 4], [20, 18, 21, 17], [1, 8, 2, 9], [6, 19, 7, 20], [18, 7, 19, 8], [21, 10, 22, 11], [9, 22, 10, 1], [11, 16, 12, 17], [3, 13, 4, 12], [15, 3, 16, 2]]"
11n_138_167,"[[15, 3, 16, 2], [5, 15, 6, 14], [13, 5, 14, 4], [20, 18, 21, 17], [1, 8, 2, 9], [6, 19, 7, 20], [18, 7, 19, 8], [21, 10, 22, 11], [9, 22, 10, 1], [11, 16, 12, 17], [3, 13, 4, 12]]"
11n_138_168,"[[3, 13, 4, 12], [15, 3, 16, 2], [5, 15, 6, 14], [13, 5, 14, 4], [20, 18, 21, 17], [1, 8, 2, 9], [6, 19, 7, 20], [18, 7, 19, 8], [21, 10, 22, 11], [9, 22, 10, 1], [11, 16, 12, 17]]"
11n_138_169,"[[11, 16, 12, 17], [3, 13, 4, 12], [15, 3, 16, 2], [5, 15, 6, 14], [13, 5, 14, 4], [20, 18, 21, 17], [1, 8, 2, 9], [6, 19, 7, 20], [18, 7, 19, 8], [21, 10, 22, 11], [9, 22, 10, 1]]"
11n_138_170,"[[9, 22, 10, 1], [11, 16, 12, 17], [3, 13, 4, 12], [15, 3, 16, 2], [5, 15, 6, 14], [13, 5, 14, 4], [20, 18, 21, 17], [1, 8, 2, 9], [6, 19, 7, 20], [18, 7, 19, 8], [21, 10, 22, 11]]"
11n_138_171,"[[21, 10, 22, 11], [9, 22, 10, 1], [11, 16, 12, 17], [3, 13, 4, 12], [15, 3, 16, 2], [5, 15, 6, 14], [13, 5, 14, 4], [20, 18, 21, 17], [1, 8, 2, 9], [6, 19, 7, 20], [18, 7, 19, 8]]"
11n_138_172,"[[18, 7, 19, 8], [21, 10, 22, 11], [9, 22, 10, 1], [11, 16, 12, 17], [3, 13, 4, 12], [15, 3, 16, 2], [5, 15, 6, 14], [13, 5, 14, 4], [20, 18, 21, 17], [1, 8, 2, 9], [6, 19, 7, 20]]"
11n_138_173,"[[6, 19, 7, 20], [18, 7, 19, 8], [21, 10, 22, 11], [9, 22, 10, 1], [11, 16, 12, 17], [3, 13, 4, 12], [15, 3, 16, 2], [5, 15, 6, 14], [13, 5, 14, 4], [20, 18, 21, 17], [1, 8, 2, 9]]"
11n_138_174,"[[1, 8, 2, 9], [6, 19, 7, 20], [18, 7, 19, 8], [21, 10, 22, 11], [9, 22, 10, 1], [11, 16, 12, 17], [3, 13, 4, 12], [15, 3, 16, 2], [5, 15, 6, 14], [13, 5, 14, 4], [20, 18, 21, 17]]"
11n_138_175,"[[20, 18, 21, 17], [1, 8, 2, 9], [6, 19, 7, 20], [18, 7, 19, 8], [21, 10, 22, 11], [9, 22, 10, 1], [11, 16, 12, 17], [3, 13, 4, 12], [15, 3, 16, 2], [5, 15, 6, 14], [13, 5, 14, 4]]"
11n_138_176,"[[14, 6, 15, 5], [21, 19, 22, 18], [2, 9, 3, 10], [7, 20, 8, 21], [19, 8, 20, 9], [22, 11, 1, 12], [10, 1, 11, 2], [12, 17, 13, 18], [4, 14, 5, 13], [16, 4, 17, 3], [6, 16, 7, 15]]"
11n_138_177,"[[6, 16, 7, 15], [14, 6, 15, 5], [21, 19, 22, 18], [2, 9, 3, 10], [7, 20, 8, 21], [19, 8, 20, 9], [22, 11, 1, 12], [10, 1, 11, 2], [12, 17, 13, 18], [4, 14, 5, 13], [16, 4, 17, 3]]"
11n_138_178,"[[16, 4, 17, 3], [6, 16, 7, 15], [14, 6, 15, 5], [21, 19, 22, 18], [2, 9, 3, 10], [7, 20, 8, 21], [19, 8, 20, 9], [22, 11, 1, 12], [10, 1, 11, 2], [12, 17, 13, 18], [4, 14, 5, 13]]"
11n_138_179,"[[4, 14, 5, 13], [16, 4, 17, 3], [6, 16, 7, 15], [14, 6, 15, 5], [21, 19, 22, 18], [2, 9, 3, 10], [7, 20, 8, 21], [19, 8, 20, 9], [22, 11, 1, 12], [10, 1, 11, 2], [12, 17, 13, 18]]"
11n_138_180,"[[12, 17, 13, 18], [4, 14, 5, 13], [16, 4, 17, 3], [6, 16, 7, 15], [14, 6, 15, 5], [21, 19, 22, 18], [2, 9, 3, 10], [7, 20, 8, 21], [19, 8, 20, 9], [22, 11, 1, 12], [10, 1, 11, 2]]"
11n_138_181,"[[10, 1, 11, 2], [12, 17, 13, 18], [4, 14, 5, 13], [16, 4, 17, 3], [6, 16, 7, 15], [14, 6, 15, 5], [21, 19, 22, 18], [2, 9, 3, 10], [7, 20, 8, 21], [19, 8, 20, 9], [22, 11, 1, 12]]"
11n_138_182,"[[22, 11, 1, 12], [10, 1, 11, 2], [12, 17, 13, 18], [4, 14, 5, 13], [16, 4, 17, 3], [6, 16, 7, 15], [14, 6, 15, 5], [21, 19, 22, 18], [2, 9, 3, 10], [7, 20, 8, 21], [19, 8, 20, 9]]"
11n_138_183,"[[19, 8, 20, 9], [22, 11, 1, 12], [10, 1, 11, 2], [12, 17, 13, 18], [4, 14, 5, 13], [16, 4, 17, 3], [6, 16, 7, 15], [14, 6, 15, 5], [21, 19, 22, 18], [2, 9, 3, 10], [7, 20, 8, 21]]"
11n_138_184,"[[7, 20, 8, 21], [19, 8, 20, 9], [22, 11, 1, 12], [10, 1, 11, 2], [12, 17, 13, 18], [4, 14, 5, 13], [16, 4, 17, 3], [6, 16, 7, 15], [14, 6, 15, 5], [21, 19, 22, 18], [2, 9, 3, 10]]"
11n_138_185,"[[2, 9, 3, 10], [7, 20, 8, 21], [19, 8, 20, 9], [22, 11, 1, 12], [10, 1, 11, 2], [12, 17, 13, 18], [4, 14, 5, 13], [16, 4, 17, 3], [6, 16, 7, 15], [14, 6, 15, 5], [21, 19, 22, 18]]"
11n_138_186,"[[21, 19, 22, 18], [2, 9, 3, 10], [7, 20, 8, 21], [19, 8, 20, 9], [22, 11, 1, 12], [10, 1, 11, 2], [12, 17, 13, 18], [4, 14, 5, 13], [16, 4, 17, 3], [6, 16, 7, 15], [14, 6, 15, 5]]"
11n_138_187,"[[15, 7, 16, 6], [22, 20, 1, 19], [3, 10, 4, 11], [8, 21, 9, 22], [20, 9, 21, 10], [1, 12, 2, 13], [11, 2, 12, 3], [13, 18, 14, 19], [5, 15, 6, 14], [17, 5, 18, 4], [7, 17, 8, 16]]"
11n_138_188,"[[7, 17, 8, 16], [15, 7, 16, 6], [22, 20, 1, 19], [3, 10, 4, 11], [8, 21, 9, 22], [20, 9, 21, 10], [1, 12, 2, 13], [11, 2, 12, 3], [13, 18, 14, 19], [5, 15, 6, 14], [17, 5, 18, 4]]"
11n_138_189,"[[17, 5, 18, 4], [7, 17, 8, 16], [15, 7, 16, 6], [22, 20, 1, 19], [3, 10, 4, 11], [8, 21, 9, 22], [20, 9, 21, 10], [1, 12, 2, 13], [11, 2, 12, 3], [13, 18, 14, 19], [5, 15, 6, 14]]"
11n_138_190,"[[5, 15, 6, 14], [17, 5, 18, 4], [7, 17, 8, 16], [15, 7, 16, 6], [22, 20, 1, 19], [3, 10, 4, 11], [8, 21, 9, 22], [20, 9, 21, 10], [1, 12, 2, 13], [11, 2, 12, 3], [13, 18, 14, 19]]"
11n_138_191,"[[13, 18, 14, 19], [5, 15, 6, 14], [17, 5, 18, 4], [7, 17, 8, 16], [15, 7, 16, 6], [22, 20, 1, 19], [3, 10, 4, 11], [8, 21, 9, 22], [20, 9, 21, 10], [1, 12, 2, 13], [11, 2, 12, 3]]"
11n_138_192,"[[11, 2, 12, 3], [13, 18, 14, 19], [5, 15, 6, 14], [17, 5, 18, 4], [7, 17, 8, 16], [15, 7, 16, 6], [22, 20, 1, 19], [3, 10, 4, 11], [8, 21, 9, 22], [20, 9, 21, 10], [1, 12, 2, 13]]"
11n_138_193,"[[1, 12, 2, 13], [11, 2, 12, 3], [13, 18, 14, 19], [5, 15, 6, 14], [17, 5, 18, 4], [7, 17, 8, 16], [15, 7, 16, 6], [22, 20, 1, 19], [3, 10, 4, 11], [8, 21, 9, 22], [20, 9, 21, 10]]"
11n_138_194,"[[20, 9, 21, 10], [1, 12, 2, 13], [11, 2, 12, 3], [13, 18, 14, 19], [5, 15, 6, 14], [17, 5, 18, 4], [7, 17, 8, 16], [15, 7, 16, 6], [22, 20, 1, 19], [3, 10, 4, 11], [8, 21, 9, 22]]"
11n_138_195,"[[8, 21, 9, 22], [20, 9, 21, 10], [1, 12, 2, 13], [11, 2, 12, 3], [13, 18, 14, 19], [5, 15, 6, 14], [17, 5, 18, 4], [7, 17, 8, 16], [15, 7, 16, 6], [22, 20, 1, 19], [3, 10, 4, 11]]"
11n_138_196,"[[3, 10, 4, 11], [8, 21, 9, 22], [20, 9, 21, 10], [1, 12, 2, 13], [11, 2, 12, 3], [13, 18, 14, 19], [5, 15, 6, 14], [17, 5, 18, 4], [7, 17, 8, 16], [15, 7, 16, 6], [22, 20, 1, 19]]"
11n_138_197,"[[22, 20, 1, 19], [3, 10, 4, 11], [8, 21, 9, 22], [20, 9, 21, 10], [1, 12, 2, 13], [11, 2, 12, 3], [13, 18, 14, 19], [5, 15, 6, 14], [17, 5, 18, 4], [7, 17, 8, 16], [15, 7, 16, 6]]"
11n_138_198,"[[16, 8, 17, 7], [1, 21, 2, 20], [4, 11, 5, 12], [9, 22, 10, 1], [21, 10, 22, 11], [2, 13, 3, 14], [12, 3, 13, 4], [14, 19, 15, 20], [6, 16, 7, 15], [18, 6, 19, 5], [8, 18, 9, 17]]"
11n_138_199,"[[8, 18, 9, 17], [16, 8, 17, 7], [1, 21, 2, 20], [4, 11, 5, 12], [9, 22, 10, 1], [21, 10, 22, 11], [2, 13, 3, 14], [12, 3, 13, 4], [14, 19, 15, 20], [6, 16, 7, 15], [18, 6, 19, 5]]"
11n_138_200,"[[18, 6, 19, 5], [8, 18, 9, 17], [16, 8, 17, 7], [1, 21, 2, 20], [4, 11, 5, 12], [9, 22, 10, 1], [21, 10, 22, 11], [2, 13, 3, 14], [12, 3, 13, 4], [14, 19, 15, 20], [6, 16, 7, 15]]"
11n_138_201,"[[6, 16, 7, 15], [18, 6, 19, 5], [8, 18, 9, 17], [16, 8, 17, 7], [1, 21, 2, 20], [4, 11, 5, 12], [9, 22, 10, 1], [21, 10, 22, 11], [2, 13, 3, 14], [12, 3, 13, 4], [14, 19, 15, 20]]"
11n_138_202,"[[14, 19, 15, 20], [6, 16, 7, 15], [18, 6, 19, 5], [8, 18, 9, 17], [16, 8, 17, 7], [1, 21, 2, 20], [4, 11, 5, 12], [9, 22, 10, 1], [21, 10, 22, 11], [2, 13, 3, 14], [12, 3, 13, 4]]"
11n_138_203,"[[12, 3, 13, 4], [14, 19, 15, 20], [6, 16, 7, 15], [18, 6, 19, 5], [8, 18, 9, 17], [16, 8, 17, 7], [1, 21, 2, 20], [4, 11, 5, 12], [9, 22, 10, 1], [21, 10, 22, 11], [2, 13, 3, 14]]"
