name,pd_notation
11n_137_0,"[[11, 20, 12, 21], [5, 3, 6, 2], [8, 15, 9, 16], [13, 4, 14, 5], [3, 14, 4, 15], [6, 17, 7, 18], [16, 7, 17, 8], [1, 19, 2, 18], [19, 10, 20, 11], [9, 22, 10, 1], [21, 12, 22, 13]]"
11n_137_1,"[[21, 12, 22, 13], [11, 20, 12, 21], [5, 3, 6, 2], [8, 15, 9, 16], [13, 4, 14, 5], [3, 14, 4, 15], [6, 17, 7, 18], [16, 7, 17, 8], [1, 19, 2, 18], [19, 10, 20, 11], [9, 22, 10, 1]]"
11n_137_2,"[[9, 22, 10, 1], [21, 12, 22, 13], [11, 20, 12, 21], [5, 3, 6, 2], [8, 15, 9, 16], [13, 4, 14, 5], [3, 14, 4, 15], [6, 17, 7, 18], [16, 7, 17, 8], [1, 19, 2, 18], [19, 10, 20, 11]]"
11n_137_3,"[[19, 10, 20, 11], [9, 22, 10, 1], [21, 12, 22, 13], [11, 20, 12, 21], [5, 3, 6, 2], [8, 15, 9, 16], [13, 4, 14, 5], [3, 14, 4, 15], [6, 17, 7, 18], [16, 7, 17, 8], [1, 19, 2, 18]]"
11n_137_4,"[[1, 19, 2, 18], [19, 10, 20, 11], [9, 22, 10, 1], [21, 12, 22, 13], [11, 20, 12, 21], [5, 3, 6, 2], [8, 15, 9, 16], [13, 4, 14, 5], [3, 14, 4, 15], [6, 17, 7, 18], [16, 7, 17, 8]]"
11n_137_5,"[[16, 7, 17, 8], [1, 19, 2, 18], [19, 10, 20, 11], [9, 22, 10, 1], [21, 12, 22, 13], [11, 20, 12, 21], [5, 3, 6, 2], [8, 15, 9, 16], [13, 4, 14, 5], [3, 14, 4, 15], [6, 17, 7, 18]]"
11n_137_6,"[[6, 17, 7, 18], [16, 7, 17, 8], [1, 19, 2, 18], [19, 10, 20, 11], [9, 22, 10, 1], [21, 12, 22, 13], [11, 20, 12, 21], [5, 3, 6, 2], [8, 15, 9, 16], [13, 4, 14, 5], [3, 14, 4, 15]]"
11n_137_7,"[[3, 14, 4, 15], [6, 17, 7, 18], [16, 7, 17, 8], [1, 19, 2, 18], [19, 10, 20, 11], [9, 22, 10, 1], [21, 12, 22, 13], [11, 20, 12, 21], [5, 3, 6, 2], [8, 15, 9, 16], [13, 4, 14, 5]]"
11n_137_8,"[[13, 4, 14, 5], [3, 14, 4, 15], [6, 17, 7, 18], [16, 7, 17, 8], [1, 19, 2, 18], [19, 10, 20, 11], [9, 22, 10, 1], [21, 12, 22, 13], [11, 20, 12, 21], [5, 3, 6, 2], [8, 15, 9, 16]]"
11n_137_9,"[[8, 15, 9, 16], [13, 4, 14, 5], [3, 14, 4, 15], [6, 17, 7, 18], [16, 7, 17, 8], [1, 19, 2, 18], [19, 10, 20, 11], [9, 22, 10, 1], [21, 12, 22, 13], [11, 20, 12, 21], [5, 3, 6, 2]]"
11n_137_10,"[[5, 3, 6, 2], [8, 15, 9, 16], [13, 4, 14, 5], [3, 14, 4, 15], [6, 17, 7, 18], [16, 7, 17, 8], [1, 19, 2, 18], [19, 10, 20, 11], [9, 22, 10, 1], [21, 12, 22, 13], [11, 20, 12, 21]]"
11n_137_11,"[[12, 21, 13, 22], [6, 4, 7, 3], [9, 16, 10, 17], [14, 5, 15, 6], [4, 15, 5, 16], [7, 18, 8, 19], [17, 8, 18, 9], [2, 20, 3, 19], [20, 11, 21, 12], [10, 1, 11, 2], [22, 13, 1, 14]]"
11n_137_12,"[[22, 13, 1, 14], [12, 21, 13, 22], [6, 4, 7, 3], [9, 16, 10, 17], [14, 5, 15, 6], [4, 15, 5, 16], [7, 18, 8, 19], [17, 8, 18, 9], [2, 20, 3, 19], [20, 11, 21, 12], [10, 1, 11, 2]]"
11n_137_13,"[[10, 1, 11, 2], [22, 13, 1, 14], [12, 21, 13, 22], [6, 4, 7, 3], [9, 16, 10, 17], [14, 5, 15, 6], [4, 15, 5, 16], [7, 18, 8, 19], [17, 8, 18, 9], [2, 20, 3, 19], [20, 11, 21, 12]]"
11n_137_14,"[[20, 11, 21, 12], [10, 1, 11, 2], [22, 13, 1, 14], [12, 21, 13, 22], [6, 4, 7, 3], [9, 16, 10, 17], [14, 5, 15, 6], [4, 15, 5, 16], [7, 18, 8, 19], [17, 8, 18, 9], [2, 20, 3, 19]]"
11n_137_15,"[[2, 20, 3, 19], [20, 11, 21, 12], [10, 1, 11, 2], [22, 13, 1, 14], [12, 21, 13, 22], [6, 4, 7, 3], [9, 16, 10, 17], [14, 5, 15, 6], [4, 15, 5, 16], [7, 18, 8, 19], [17, 8, 18, 9]]"
11n_137_16,"[[17, 8, 18, 9], [2, 20, 3, 19], [20, 11, 21, 12], [10, 1, 11, 2], [22, 13, 1, 14], [12, 21, 13, 22], [6, 4, 7, 3], [9, 16, 10, 17], [14, 5, 15, 6], [4, 15, 5, 16], [7, 18, 8, 19]]"
11n_137_17,"[[7, 18, 8, 19], [17, 8, 18, 9], [2, 20, 3, 19], [20, 11, 21, 12], [10, 1, 11, 2], [22, 13, 1, 14], [12, 21, 13, 22], [6, 4, 7, 3], [9, 16, 10, 17], [14, 5, 15, 6], [4, 15, 5, 16]]"
11n_137_18,"[[4, 15, 5, 16], [7, 18, 8, 19], [17, 8, 18, 9], [2, 20, 3, 19], [20, 11, 21, 12], [10, 1, 11, 2], [22, 13, 1, 14], [12, 21, 13, 22], [6, 4, 7, 3], [9, 16, 10, 17], [14, 5, 15, 6]]"
11n_137_19,"[[14, 5, 15, 6], [4, 15, 5, 16], [7, 18, 8, 19], [17, 8, 18, 9], [2, 20, 3, 19], [20, 11, 21, 12], [10, 1, 11, 2], [22, 13, 1, 14], [12, 21, 13, 22], [6, 4, 7, 3], [9, 16, 10, 17]]"
11n_137_20,"[[9, 16, 10, 17], [14, 5, 15, 6], [4, 15, 5, 16], [7, 18, 8, 19], [17, 8, 18, 9], [2, 20, 3, 19], [20, 11, 21, 12], [10, 1, 11, 2], [22, 13, 1, 14], [12, 21, 13, 22], [6, 4, 7, 3]]"
11n_137_21,"[[6, 4, 7, 3], [9, 16, 10, 17], [14, 5, 15, 6], [4, 15, 5, 16], [7, 18, 8, 19], [17, 8, 18, 9], [2, 20, 3, 19], [20, 11, 21, 12], [10, 1, 11, 2], [22, 13, 1, 14], [12, 21, 13, 22]]"
11n_137_22,"[[13, 22, 14, 1], [7, 5, 8, 4], [10, 17, 11, 18], [15, 6, 16, 7], [5, 16, 6, 17], [8, 19, 9, 20], [18, 9, 19, 10], [3, 21, 4, 20], [21, 12, 22, 13], [11, 2, 12, 3], [1, 14, 2, 15]]"
11n_137_23,"[[1, 14, 2, 15], [13, 22, 14, 1], [7, 5, 8, 4], [10, 17, 11, 18], [15, 6, 16, 7], [5, 16, 6, 17], [8, 19, 9, 20], [18, 9, 19, 10], [3, 21, 4, 20], [21, 12, 22, 13], [11, 2, 12, 3]]"
11n_137_24,"[[11, 2, 12, 3], [1, 14, 2, 15], [13, 22, 14, 1], [7, 5, 8, 4], [10, 17, 11, 18], [15, 6, 16, 7], [5, 16, 6, 17], [8, 19, 9, 20], [18, 9, 19, 10], [3, 21, 4, 20], [21, 12, 22, 13]]"
11n_137_25,"[[21, 12, 22, 13], [11, 2, 12, 3], [1, 14, 2, 15], [13, 22, 14, 1], [7, 5, 8, 4], [10, 17, 11, 18], [15, 6, 16, 7], [5, 16, 6, 17], [8, 19, 9, 20], [18, 9, 19, 10], [3, 21, 4, 20]]"
11n_137_26,"[[3, 21, 4, 20], [21, 12, 22, 13], [11, 2, 12, 3], [1, 14, 2, 15], [13, 22, 14, 1], [7, 5, 8, 4], [10, 17, 11, 18], [15, 6, 16, 7], [5, 16, 6, 17], [8, 19, 9, 20], [18, 9, 19, 10]]"
11n_137_27,"[[18, 9, 19, 10], [3, 21, 4, 20], [21, 12, 22, 13], [11, 2, 12, 3], [1, 14, 2, 15], [13, 22, 14, 1], [7, 5, 8, 4], [10, 17, 11, 18], [15, 6, 16, 7], [5, 16, 6, 17], [8, 19, 9, 20]]"
11n_137_28,"[[8, 19, 9, 20], [18, 9, 19, 10], [3, 21, 4, 20], [21, 12, 22, 13], [11, 2, 12, 3], [1, 14, 2, 15], [13, 22, 14, 1], [7, 5, 8, 4], [10, 17, 11, 18], [15, 6, 16, 7], [5, 16, 6, 17]]"
11n_137_29,"[[5, 16, 6, 17], [8, 19, 9, 20], [18, 9, 19, 10], [3, 21, 4, 20], [21, 12, 22, 13], [11, 2, 12, 3], [1, 14, 2, 15], [13, 22, 14, 1], [7, 5, 8, 4], [10, 17, 11, 18], [15, 6, 16, 7]]"
11n_137_30,"[[15, 6, 16, 7], [5, 16, 6, 17], [8, 19, 9, 20], [18, 9, 19, 10], [3, 21, 4, 20], [21, 12, 22, 13], [11, 2, 12, 3], [1, 14, 2, 15], [13, 22, 14, 1], [7, 5, 8, 4], [10, 17, 11, 18]]"
11n_137_31,"[[10, 17, 11, 18], [15, 6, 16, 7], [5, 16, 6, 17], [8, 19, 9, 20], [18, 9, 19, 10], [3, 21, 4, 20], [21, 12, 22, 13], [11, 2, 12, 3], [1, 14, 2, 15], [13, 22, 14, 1], [7, 5, 8, 4]]"
11n_137_32,"[[7, 5, 8, 4], [10, 17, 11, 18], [15, 6, 16, 7], [5, 16, 6, 17], [8, 19, 9, 20], [18, 9, 19, 10], [3, 21, 4, 20], [21, 12, 22, 13], [11, 2, 12, 3], [1, 14, 2, 15], [13, 22, 14, 1]]"
11n_137_33,"[[14, 1, 15, 2], [8, 6, 9, 5], [11, 18, 12, 19], [16, 7, 17, 8], [6, 17, 7, 18], [9, 20, 10, 21], [19, 10, 20, 11], [4, 22, 5, 21], [22, 13, 1, 14], [12, 3, 13, 4], [2, 15, 3, 16]]"
11n_137_34,"[[2, 15, 3, 16], [14, 1, 15, 2], [8, 6, 9, 5], [11, 18, 12, 19], [16, 7, 17, 8], [6, 17, 7, 18], [9, 20, 10, 21], [19, 10, 20, 11], [4, 22, 5, 21], [22, 13, 1, 14], [12, 3, 13, 4]]"
11n_137_35,"[[12, 3, 13, 4], [2, 15, 3, 16], [14, 1, 15, 2], [8, 6, 9, 5], [11, 18, 12, 19], [16, 7, 17, 8], [6, 17, 7, 18], [9, 20, 10, 21], [19, 10, 20, 11], [4, 22, 5, 21], [22, 13, 1, 14]]"
11n_137_36,"[[22, 13, 1, 14], [12, 3, 13, 4], [2, 15, 3, 16], [14, 1, 15, 2], [8, 6, 9, 5], [11, 18, 12, 19], [16, 7, 17, 8], [6, 17, 7, 18], [9, 20, 10, 21], [19, 10, 20, 11], [4, 22, 5, 21]]"
11n_137_37,"[[4, 22, 5, 21], [22, 13, 1, 14], [12, 3, 13, 4], [2, 15, 3, 16], [14, 1, 15, 2], [8, 6, 9, 5], [11, 18, 12, 19], [16, 7, 17, 8], [6, 17, 7, 18], [9, 20, 10, 21], [19, 10, 20, 11]]"
11n_137_38,"[[19, 10, 20, 11], [4, 22, 5, 21], [22, 13, 1, 14], [12, 3, 13, 4], [2, 15, 3, 16], [14, 1, 15, 2], [8, 6, 9, 5], [11, 18, 12, 19], [16, 7, 17, 8], [6, 17, 7, 18], [9, 20, 10, 21]]"
11n_137_39,"[[9, 20, 10, 21], [19, 10, 20, 11], [4, 22, 5, 21], [22, 13, 1, 14], [12, 3, 13, 4], [2, 15, 3, 16], [14, 1, 15, 2], [8, 6, 9, 5], [11, 18, 12, 19], [16, 7, 17, 8], [6, 17, 7, 18]]"
11n_137_40,"[[6, 17, 7, 18], [9, 20, 10, 21], [19, 10, 20, 11], [4, 22, 5, 21], [22, 13, 1, 14], [12, 3, 13, 4], [2, 15, 3, 16], [14, 1, 15, 2], [8, 6, 9, 5], [11, 18, 12, 19], [16, 7, 17, 8]]"
11n_137_41,"[[16, 7, 17, 8], [6, 17, 7, 18], [9, 20, 10, 21], [19, 10, 20, 11], [4, 22, 5, 21], [22, 13, 1, 14], [12, 3, 13, 4], [2, 15, 3, 16], [14, 1, 15, 2], [8, 6, 9, 5], [11, 18, 12, 19]]"
11n_137_42,"[[11, 18, 12, 19], [16, 7, 17, 8], [6, 17, 7, 18], [9, 20, 10, 21], [19, 10, 20, 11], [4, 22, 5, 21], [22, 13, 1, 14], [12, 3, 13, 4], [2, 15, 3, 16], [14, 1, 15, 2], [8, 6, 9, 5]]"
11n_137_43,"[[8, 6, 9, 5], [11, 18, 12, 19], [16, 7, 17, 8], [6, 17, 7, 18], [9, 20, 10, 21], [19, 10, 20, 11], [4, 22, 5, 21], [22, 13, 1, 14], [12, 3, 13, 4], [2, 15, 3, 16], [14, 1, 15, 2]]"
11n_137_44,"[[15, 2, 16, 3], [9, 7, 10, 6], [12, 19, 13, 20], [17, 8, 18, 9], [7, 18, 8, 19], [10, 21, 11, 22], [20, 11, 21, 12], [5, 1, 6, 22], [1, 14, 2, 15], [13, 4, 14, 5], [3, 16, 4, 17]]"
11n_137_45,"[[3, 16, 4, 17], [15, 2, 16, 3], [9, 7, 10, 6], [12, 19, 13, 20], [17, 8, 18, 9], [7, 18, 8, 19], [10, 21, 11, 22], [20, 11, 21, 12], [5, 1, 6, 22], [1, 14, 2, 15], [13, 4, 14, 5]]"
11n_137_46,"[[13, 4, 14, 5], [3, 16, 4, 17], [15, 2, 16, 3], [9, 7, 10, 6], [12, 19, 13, 20], [17, 8, 18, 9], [7, 18, 8, 19], [10, 21, 11, 22], [20, 11, 21, 12], [5, 1, 6, 22], [1, 14, 2, 15]]"
11n_137_47,"[[1, 14, 2, 15], [13, 4, 14, 5], [3, 16, 4, 17], [15, 2, 16, 3], [9, 7, 10, 6], [12, 19, 13, 20], [17, 8, 18, 9], [7, 18, 8, 19], [10, 21, 11, 22], [20, 11, 21, 12], [5, 1, 6, 22]]"
11n_137_48,"[[5, 1, 6, 22], [1, 14, 2, 15], [13, 4, 14, 5], [3, 16, 4, 17], [15, 2, 16, 3], [9, 7, 10, 6], [12, 19, 13, 20], [17, 8, 18, 9], [7, 18, 8, 19], [10, 21, 11, 22], [20, 11, 21, 12]]"
11n_137_49,"[[20, 11, 21, 12], [5, 1, 6, 22], [1, 14, 2, 15], [13, 4, 14, 5], [3, 16, 4, 17], [15, 2, 16, 3], [9, 7, 10, 6], [12, 19, 13, 20], [17, 8, 18, 9], [7, 18, 8, 19], [10, 21, 11, 22]]"
11n_137_50,"[[10, 21, 11, 22], [20, 11, 21, 12], [5, 1, 6, 22], [1, 14, 2, 15], [13, 4, 14, 5], [3, 16, 4, 17], [15, 2, 16, 3], [9, 7, 10, 6], [12, 19, 13, 20], [17, 8, 18, 9], [7, 18, 8, 19]]"
11n_137_51,"[[7, 18, 8, 19], [10, 21, 11, 22], [20, 11, 21, 12], [5, 1, 6, 22], [1, 14, 2, 15], [13, 4, 14, 5], [3, 16, 4, 17], [15, 2, 16, 3], [9, 7, 10, 6], [12, 19, 13, 20], [17, 8, 18, 9]]"
11n_137_52,"[[17, 8, 18, 9], [7, 18, 8, 19], [10, 21, 11, 22], [20, 11, 21, 12], [5, 1, 6, 22], [1, 14, 2, 15], [13, 4, 14, 5], [3, 16, 4, 17], [15, 2, 16, 3], [9, 7, 10, 6], [12, 19, 13, 20]]"
11n_137_53,"[[12, 19, 13, 20], [17, 8, 18, 9], [7, 18, 8, 19], [10, 21, 11, 22], [20, 11, 21, 12], [5, 1, 6, 22], [1, 14, 2, 15], [13, 4, 14, 5], [3, 16, 4, 17], [15, 2, 16, 3], [9, 7, 10, 6]]"
11n_137_54,"[[9, 7, 10, 6], [12, 19, 13, 20], [17, 8, 18, 9], [7, 18, 8, 19], [10, 21, 11, 22], [20, 11, 21, 12], [5, 1, 6, 22], [1, 14, 2, 15], [13, 4, 14, 5], [3, 16, 4, 17], [15, 2, 16, 3]]"
11n_137_55,"[[16, 3, 17, 4], [10, 8, 11, 7], [13, 20, 14, 21], [18, 9, 19, 10], [8, 19, 9, 20], [11, 22, 12, 1], [21, 12, 22, 13], [6, 2, 7, 1], [2, 15, 3, 16], [14, 5, 15, 6], [4, 17, 5, 18]]"
11n_137_56,"[[4, 17, 5, 18], [16, 3, 17, 4], [10, 8, 11, 7], [13, 20, 14, 21], [18, 9, 19, 10], [8, 19, 9, 20], [11, 22, 12, 1], [21, 12, 22, 13], [6, 2, 7, 1], [2, 15, 3, 16], [14, 5, 15, 6]]"
11n_137_57,"[[14, 5, 15, 6], [4, 17, 5, 18], [16, 3, 17, 4], [10, 8, 11, 7], [13, 20, 14, 21], [18, 9, 19, 10], [8, 19, 9, 20], [11, 22, 12, 1], [21, 12, 22, 13], [6, 2, 7, 1], [2, 15, 3, 16]]"
11n_137_58,"[[2, 15, 3, 16], [14, 5, 15, 6], [4, 17, 5, 18], [16, 3, 17, 4], [10, 8, 11, 7], [13, 20, 14, 21], [18, 9, 19, 10], [8, 19, 9, 20], [11, 22, 12, 1], [21, 12, 22, 13], [6, 2, 7, 1]]"
11n_137_59,"[[6, 2, 7, 1], [2, 15, 3, 16], [14, 5, 15, 6], [4, 17, 5, 18], [16, 3, 17, 4], [10, 8, 11, 7], [13, 20, 14, 21], [18, 9, 19, 10], [8, 19, 9, 20], [11, 22, 12, 1], [21, 12, 22, 13]]"
11n_137_60,"[[21, 12, 22, 13], [6, 2, 7, 1], [2, 15, 3, 16], [14, 5, 15, 6], [4, 17, 5, 18], [16, 3, 17, 4], [10, 8, 11, 7], [13, 20, 14, 21], [18, 9, 19, 10], [8, 19, 9, 20], [11, 22, 12, 1]]"
11n_137_61,"[[11, 22, 12, 1], [21, 12, 22, 13], [6, 2, 7, 1], [2, 15, 3, 16], [14, 5, 15, 6], [4, 17, 5, 18], [16, 3, 17, 4], [10, 8, 11, 7], [13, 20, 14, 21], [18, 9, 19, 10], [8, 19, 9, 20]]"
11n_137_62,"[[8, 19, 9, 20], [11, 22, 12, 1], [21, 12, 22, 13], [6, 2, 7, 1], [2, 15, 3, 16], [14, 5, 15, 6], [4, 17, 5, 18], [16, 3, 17, 4], [10, 8, 11, 7], [13, 20, 14, 21], [18, 9, 19, 10]]"
11n_137_63,"[[18, 9, 19, 10], [8, 19, 9, 20], [11, 22, 12, 1], [21, 12, 22, 13], [6, 2, 7, 1], [2, 15, 3, 16], [14, 5, 15, 6], [4, 17, 5, 18], [16, 3, 17, 4], [10, 8, 11, 7], [13, 20, 14, 21]]"
11n_137_64,"[[13, 20, 14, 21], [18, 9, 19, 10], [8, 19, 9, 20], [11, 22, 12, 1], [21, 12, 22, 13], [6, 2, 7, 1], [2, 15, 3, 16], [14, 5, 15, 6], [4, 17, 5, 18], [16, 3, 17, 4], [10, 8, 11, 7]]"
11n_137_65,"[[10, 8, 11, 7], [13, 20, 14, 21], [18, 9, 19, 10], [8, 19, 9, 20], [11, 22, 12, 1], [21, 12, 22, 13], [6, 2, 7, 1], [2, 15, 3, 16], [14, 5, 15, 6], [4, 17, 5, 18], [16, 3, 17, 4]]"
11n_137_66,"[[17, 4, 18, 5], [11, 9, 12, 8], [14, 21, 15, 22], [19, 10, 20, 11], [9, 20, 10, 21], [12, 1, 13, 2], [22, 13, 1, 14], [7, 3, 8, 2], [3, 16, 4, 17], [15, 6, 16, 7], [5, 18, 6, 19]]"
11n_137_67,"[[5, 18, 6, 19], [17, 4, 18, 5], [11, 9, 12, 8], [14, 21, 15, 22], [19, 10, 20, 11], [9, 20, 10, 21], [12, 1, 13, 2], [22, 13, 1, 14], [7, 3, 8, 2], [3, 16, 4, 17], [15, 6, 16, 7]]"
11n_137_68,"[[15, 6, 16, 7], [5, 18, 6, 19], [17, 4, 18, 5], [11, 9, 12, 8], [14, 21, 15, 22], [19, 10, 20, 11], [9, 20, 10, 21], [12, 1, 13, 2], [22, 13, 1, 14], [7, 3, 8, 2], [3, 16, 4, 17]]"
11n_137_69,"[[3, 16, 4, 17], [15, 6, 16, 7], [5, 18, 6, 19], [17, 4, 18, 5], [11, 9, 12, 8], [14, 21, 15, 22], [19, 10, 20, 11], [9, 20, 10, 21], [12, 1, 13, 2], [22, 13, 1, 14], [7, 3, 8, 2]]"
11n_137_70,"[[7, 3, 8, 2], [3, 16, 4, 17], [15, 6, 16, 7], [5, 18, 6, 19], [17, 4, 18, 5], [11, 9, 12, 8], [14, 21, 15, 22], [19, 10, 20, 11], [9, 20, 10, 21], [12, 1, 13, 2], [22, 13, 1, 14]]"
11n_137_71,"[[22, 13, 1, 14], [7, 3, 8, 2], [3, 16, 4, 17], [15, 6, 16, 7], [5, 18, 6, 19], [17, 4, 18, 5], [11, 9, 12, 8], [14, 21, 15, 22], [19, 10, 20, 11], [9, 20, 10, 21], [12, 1, 13, 2]]"
11n_137_72,"[[12, 1, 13, 2], [22, 13, 1, 14], [7, 3, 8, 2], [3, 16, 4, 17], [15, 6, 16, 7], [5, 18, 6, 19], [17, 4, 18, 5], [11, 9, 12, 8], [14, 21, 15, 22], [19, 10, 20, 11], [9, 20, 10, 21]]"
11n_137_73,"[[9, 20, 10, 21], [12, 1, 13, 2], [22, 13, 1, 14], [7, 3, 8, 2], [3, 16, 4, 17], [15, 6, 16, 7], [5, 18, 6, 19], [17, 4, 18, 5], [11, 9, 12, 8], [14, 21, 15, 22], [19, 10, 20, 11]]"
11n_137_74,"[[19, 10, 20, 11], [9, 20, 10, 21], [12, 1, 13, 2], [22, 13, 1, 14], [7, 3, 8, 2], [3, 16, 4, 17], [15, 6, 16, 7], [5, 18, 6, 19], [17, 4, 18, 5], [11, 9, 12, 8], [14, 21, 15, 22]]"
11n_137_75,"[[14, 21, 15, 22], [19, 10, 20, 11], [9, 20, 10, 21], [12, 1, 13, 2], [22, 13, 1, 14], [7, 3, 8, 2], [3, 16, 4, 17], [15, 6, 16, 7], [5, 18, 6, 19], [17, 4, 18, 5], [11, 9, 12, 8]]"
11n_137_76,"[[11, 9, 12, 8], [14, 21, 15, 22], [19, 10, 20, 11], [9, 20, 10, 21], [12, 1, 13, 2], [22, 13, 1, 14], [7, 3, 8, 2], [3, 16, 4, 17], [15, 6, 16, 7], [5, 18, 6, 19], [17, 4, 18, 5]]"
11n_137_77,"[[18, 5, 19, 6], [12, 10, 13, 9], [15, 22, 16, 1], [20, 11, 21, 12], [10, 21, 11, 22], [13, 2, 14, 3], [1, 14, 2, 15], [8, 4, 9, 3], [4, 17, 5, 18], [16, 7, 17, 8], [6, 19, 7, 20]]"
11n_137_78,"[[6, 19, 7, 20], [18, 5, 19, 6], [12, 10, 13, 9], [15, 22, 16, 1], [20, 11, 21, 12], [10, 21, 11, 22], [13, 2, 14, 3], [1, 14, 2, 15], [8, 4, 9, 3], [4, 17, 5, 18], [16, 7, 17, 8]]"
11n_137_79,"[[16, 7, 17, 8], [6, 19, 7, 20], [18, 5, 19, 6], [12, 10, 13, 9], [15, 22, 16, 1], [20, 11, 21, 12], [10, 21, 11, 22], [13, 2, 14, 3], [1, 14, 2, 15], [8, 4, 9, 3], [4, 17, 5, 18]]"
11n_137_80,"[[4, 17, 5, 18], [16, 7, 17, 8], [6, 19, 7, 20], [18, 5, 19, 6], [12, 10, 13, 9], [15, 22, 16, 1], [20, 11, 21, 12], [10, 21, 11, 22], [13, 2, 14, 3], [1, 14, 2, 15], [8, 4, 9, 3]]"
11n_137_81,"[[8, 4, 9, 3], [4, 17, 5, 18], [16, 7, 17, 8], [6, 19, 7, 20], [18, 5, 19, 6], [12, 10, 13, 9], [15, 22, 16, 1], [20, 11, 21, 12], [10, 21, 11, 22], [13, 2, 14, 3], [1, 14, 2, 15]]"
11n_137_82,"[[1, 14, 2, 15], [8, 4, 9, 3], [4, 17, 5, 18], [16, 7, 17, 8], [6, 19, 7, 20], [18, 5, 19, 6], [12, 10, 13, 9], [15, 22, 16, 1], [20, 11, 21, 12], [10, 21, 11, 22], [13, 2, 14, 3]]"
11n_137_83,"[[13, 2, 14, 3], [1, 14, 2, 15], [8, 4, 9, 3], [4, 17, 5, 18], [16, 7, 17, 8], [6, 19, 7, 20], [18, 5, 19, 6], [12, 10, 13, 9], [15, 22, 16, 1], [20, 11, 21, 12], [10, 21, 11, 22]]"
11n_137_84,"[[10, 21, 11, 22], [13, 2, 14, 3], [1, 14, 2, 15], [8, 4, 9, 3], [4, 17, 5, 18], [16, 7, 17, 8], [6, 19, 7, 20], [18, 5, 19, 6], [12, 10, 13, 9], [15, 22, 16, 1], [20, 11, 21, 12]]"
11n_137_85,"[[20, 11, 21, 12], [10, 21, 11, 22], [13, 2, 14, 3], [1, 14, 2, 15], [8, 4, 9, 3], [4, 17, 5, 18], [16, 7, 17, 8], [6, 19, 7, 20], [18, 5, 19, 6], [12, 10, 13, 9], [15, 22, 16, 1]]"
11n_137_86,"[[15, 22, 16, 1], [20, 11, 21, 12], [10, 21, 11, 22], [13, 2, 14, 3], [1, 14, 2, 15], [8, 4, 9, 3], [4, 17, 5, 18], [16, 7, 17, 8], [6, 19, 7, 20], [18, 5, 19, 6], [12, 10, 13, 9]]"
11n_137_87,"[[12, 10, 13, 9], [15, 22, 16, 1], [20, 11, 21, 12], [10, 21, 11, 22], [13, 2, 14, 3], [1, 14, 2, 15], [8, 4, 9, 3], [4, 17, 5, 18], [16, 7, 17, 8], [6, 19, 7, 20], [18, 5, 19, 6]]"
11n_137_88,"[[19, 6, 20, 7], [13, 11, 14, 10], [16, 1, 17, 2], [21, 12, 22, 13], [11, 22, 12, 1], [14, 3, 15, 4], [2, 15, 3, 16], [9, 5, 10, 4], [5, 18, 6, 19], [17, 8, 18, 9], [7, 20, 8, 21]]"
11n_137_89,"[[7, 20, 8, 21], [19, 6, 20, 7], [13, 11, 14, 10], [16, 1, 17, 2], [21, 12, 22, 13], [11, 22, 12, 1], [14, 3, 15, 4], [2, 15, 3, 16], [9, 5, 10, 4], [5, 18, 6, 19], [17, 8, 18, 9]]"
11n_137_90,"[[17, 8, 18, 9], [7, 20, 8, 21], [19, 6, 20, 7], [13, 11, 14, 10], [16, 1, 17, 2], [21, 12, 22, 13], [11, 22, 12, 1], [14, 3, 15, 4], [2, 15, 3, 16], [9, 5, 10, 4], [5, 18, 6, 19]]"
11n_137_91,"[[5, 18, 6, 19], [17, 8, 18, 9], [7, 20, 8, 21], [19, 6, 20, 7], [13, 11, 14, 10], [16, 1, 17, 2], [21, 12, 22, 13], [11, 22, 12, 1], [14, 3, 15, 4], [2, 15, 3, 16], [9, 5, 10, 4]]"
11n_137_92,"[[9, 5, 10, 4], [5, 18, 6, 19], [17, 8, 18, 9], [7, 20, 8, 21], [19, 6, 20, 7], [13, 11, 14, 10], [16, 1, 17, 2], [21, 12, 22, 13], [11, 22, 12, 1], [14, 3, 15, 4], [2, 15, 3, 16]]"
11n_137_93,"[[2, 15, 3, 16], [9, 5, 10, 4], [5, 18, 6, 19], [17, 8, 18, 9], [7, 20, 8, 21], [19, 6, 20, 7], [13, 11, 14, 10], [16, 1, 17, 2], [21, 12, 22, 13], [11, 22, 12, 1], [14, 3, 15, 4]]"
11n_137_94,"[[14, 3, 15, 4], [2, 15, 3, 16], [9, 5, 10, 4], [5, 18, 6, 19], [17, 8, 18, 9], [7, 20, 8, 21], [19, 6, 20, 7], [13, 11, 14, 10], [16, 1, 17, 2], [21, 12, 22, 13], [11, 22, 12, 1]]"
11n_137_95,"[[11, 22, 12, 1], [14, 3, 15, 4], [2, 15, 3, 16], [9, 5, 10, 4], [5, 18, 6, 19], [17, 8, 18, 9], [7, 20, 8, 21], [19, 6, 20, 7], [13, 11, 14, 10], [16, 1, 17, 2], [21, 12, 22, 13]]"
11n_137_96,"[[21, 12, 22, 13], [11, 22, 12, 1], [14, 3, 15, 4], [2, 15, 3, 16], [9, 5, 10, 4], [5, 18, 6, 19], [17, 8, 18, 9], [7, 20, 8, 21], [19, 6, 20, 7], [13, 11, 14, 10], [16, 1, 17, 2]]"
11n_137_97,"[[16, 1, 17, 2], [21, 12, 22, 13], [11, 22, 12, 1], [14, 3, 15, 4], [2, 15, 3, 16], [9, 5, 10, 4], [5, 18, 6, 19], [17, 8, 18, 9], [7, 20, 8, 21], [19, 6, 20, 7], [13, 11, 14, 10]]"
11n_137_98,"[[13, 11, 14, 10], [16, 1, 17, 2], [21, 12, 22, 13], [11, 22, 12, 1], [14, 3, 15, 4], [2, 15, 3, 16], [9, 5, 10, 4], [5, 18, 6, 19], [17, 8, 18, 9], [7, 20, 8, 21], [19, 6, 20, 7]]"
11n_137_99,"[[20, 7, 21, 8], [14, 12, 15, 11], [17, 2, 18, 3], [22, 13, 1, 14], [12, 1, 13, 2], [15, 4, 16, 5], [3, 16, 4, 17], [10, 6, 11, 5], [6, 19, 7, 20], [18, 9, 19, 10], [8, 21, 9, 22]]"
11n_137_100,"[[8, 21, 9, 22], [20, 7, 21, 8], [14, 12, 15, 11], [17, 2, 18, 3], [22, 13, 1, 14], [12, 1, 13, 2], [15, 4, 16, 5], [3, 16, 4, 17], [10, 6, 11, 5], [6, 19, 7, 20], [18, 9, 19, 10]]"
11n_137_101,"[[18, 9, 19, 10], [8, 21, 9, 22], [20, 7, 21, 8], [14, 12, 15, 11], [17, 2, 18, 3], [22, 13, 1, 14], [12, 1, 13, 2], [15, 4, 16, 5], [3, 16, 4, 17], [10, 6, 11, 5], [6, 19, 7, 20]]"
11n_137_102,"[[6, 19, 7, 20], [18, 9, 19, 10], [8, 21, 9, 22], [20, 7, 21, 8], [14, 12, 15, 11], [17, 2, 18, 3], [22, 13, 1, 14], [12, 1, 13, 2], [15, 4, 16, 5], [3, 16, 4, 17], [10, 6, 11, 5]]"
11n_137_103,"[[10, 6, 11, 5], [6, 19, 7, 20], [18, 9, 19, 10], [8, 21, 9, 22], [20, 7, 21, 8], [14, 12, 15, 11], [17, 2, 18, 3], [22, 13, 1, 14], [12, 1, 13, 2], [15, 4, 16, 5], [3, 16, 4, 17]]"
11n_137_104,"[[3, 16, 4, 17], [10, 6, 11, 5], [6, 19, 7, 20], [18, 9, 19, 10], [8, 21, 9, 22], [20, 7, 21, 8], [14, 12, 15, 11], [17, 2, 18, 3], [22, 13, 1, 14], [12, 1, 13, 2], [15, 4, 16, 5]]"
11n_137_105,"[[15, 4, 16, 5], [3, 16, 4, 17], [10, 6, 11, 5], [6, 19, 7, 20], [18, 9, 19, 10], [8, 21, 9, 22], [20, 7, 21, 8], [14, 12, 15, 11], [17, 2, 18, 3], [22, 13, 1, 14], [12, 1, 13, 2]]"
11n_137_106,"[[12, 1, 13, 2], [15, 4, 16, 5], [3, 16, 4, 17], [10, 6, 11, 5], [6, 19, 7, 20], [18, 9, 19, 10], [8, 21, 9, 22], [20, 7, 21, 8], [14, 12, 15, 11], [17, 2, 18, 3], [22, 13, 1, 14]]"
11n_137_107,"[[22, 13, 1, 14], [12, 1, 13, 2], [15, 4, 16, 5], [3, 16, 4, 17], [10, 6, 11, 5], [6, 19, 7, 20], [18, 9, 19, 10], [8, 21, 9, 22], [20, 7, 21, 8], [14, 12, 15, 11], [17, 2, 18, 3]]"
11n_137_108,"[[17, 2, 18, 3], [22, 13, 1, 14], [12, 1, 13, 2], [15, 4, 16, 5], [3, 16, 4, 17], [10, 6, 11, 5], [6, 19, 7, 20], [18, 9, 19, 10], [8, 21, 9, 22], [20, 7, 21, 8], [14, 12, 15, 11]]"
11n_137_109,"[[14, 12, 15, 11], [17, 2, 18, 3], [22, 13, 1, 14], [12, 1, 13, 2], [15, 4, 16, 5], [3, 16, 4, 17], [10, 6, 11, 5], [6, 19, 7, 20], [18, 9, 19, 10], [8, 21, 9, 22], [20, 7, 21, 8]]"
11n_137_110,"[[21, 8, 22, 9], [15, 13, 16, 12], [18, 3, 19, 4], [1, 14, 2, 15], [13, 2, 14, 3], [16, 5, 17, 6], [4, 17, 5, 18], [11, 7, 12, 6], [7, 20, 8, 21], [19, 10, 20, 11], [9, 22, 10, 1]]"
11n_137_111,"[[9, 22, 10, 1], [21, 8, 22, 9], [15, 13, 16, 12], [18, 3, 19, 4], [1, 14, 2, 15], [13, 2, 14, 3], [16, 5, 17, 6], [4, 17, 5, 18], [11, 7, 12, 6], [7, 20, 8, 21], [19, 10, 20, 11]]"
11n_137_112,"[[19, 10, 20, 11], [9, 22, 10, 1], [21, 8, 22, 9], [15, 13, 16, 12], [18, 3, 19, 4], [1, 14, 2, 15], [13, 2, 14, 3], [16, 5, 17, 6], [4, 17, 5, 18], [11, 7, 12, 6], [7, 20, 8, 21]]"
11n_137_113,"[[7, 20, 8, 21], [19, 10, 20, 11], [9, 22, 10, 1], [21, 8, 22, 9], [15, 13, 16, 12], [18, 3, 19, 4], [1, 14, 2, 15], [13, 2, 14, 3], [16, 5, 17, 6], [4, 17, 5, 18], [11, 7, 12, 6]]"
11n_137_114,"[[11, 7, 12, 6], [7, 20, 8, 21], [19, 10, 20, 11], [9, 22, 10, 1], [21, 8, 22, 9], [15, 13, 16, 12], [18, 3, 19, 4], [1, 14, 2, 15], [13, 2, 14, 3], [16, 5, 17, 6], [4, 17, 5, 18]]"
11n_137_115,"[[4, 17, 5, 18], [11, 7, 12, 6], [7, 20, 8, 21], [19, 10, 20, 11], [9, 22, 10, 1], [21, 8, 22, 9], [15, 13, 16, 12], [18, 3, 19, 4], [1, 14, 2, 15], [13, 2, 14, 3], [16, 5, 17, 6]]"
11n_137_116,"[[16, 5, 17, 6], [4, 17, 5, 18], [11, 7, 12, 6], [7, 20, 8, 21], [19, 10, 20, 11], [9, 22, 10, 1], [21, 8, 22, 9], [15, 13, 16, 12], [18, 3, 19, 4], [1, 14, 2, 15], [13, 2, 14, 3]]"
11n_137_117,"[[13, 2, 14, 3], [16, 5, 17, 6], [4, 17, 5, 18], [11, 7, 12, 6], [7, 20, 8, 21], [19, 10, 20, 11], [9, 22, 10, 1], [21, 8, 22, 9], [15, 13, 16, 12], [18, 3, 19, 4], [1, 14, 2, 15]]"
11n_137_118,"[[1, 14, 2, 15], [13, 2, 14, 3], [16, 5, 17, 6], [4, 17, 5, 18], [11, 7, 12, 6], [7, 20, 8, 21], [19, 10, 20, 11], [9, 22, 10, 1], [21, 8, 22, 9], [15, 13, 16, 12], [18, 3, 19, 4]]"
11n_137_119,"[[18, 3, 19, 4], [1, 14, 2, 15], [13, 2, 14, 3], [16, 5, 17, 6], [4, 17, 5, 18], [11, 7, 12, 6], [7, 20, 8, 21], [19, 10, 20, 11], [9, 22, 10, 1], [21, 8, 22, 9], [15, 13, 16, 12]]"
11n_137_120,"[[15, 13, 16, 12], [18, 3, 19, 4], [1, 14, 2, 15], [13, 2, 14, 3], [16, 5, 17, 6], [4, 17, 5, 18], [11, 7, 12, 6], [7, 20, 8, 21], [19, 10, 20, 11], [9, 22, 10, 1], [21, 8, 22, 9]]"
11n_137_121,"[[22, 9, 1, 10], [16, 14, 17, 13], [19, 4, 20, 5], [2, 15, 3, 16], [14, 3, 15, 4], [17, 6, 18, 7], [5, 18, 6, 19], [12, 8, 13, 7], [8, 21, 9, 22], [20, 11, 21, 12], [10, 1, 11, 2]]"
11n_137_122,"[[10, 1, 11, 2], [22, 9, 1, 10], [16, 14, 17, 13], [19, 4, 20, 5], [2, 15, 3, 16], [14, 3, 15, 4], [17, 6, 18, 7], [5, 18, 6, 19], [12, 8, 13, 7], [8, 21, 9, 22], [20, 11, 21, 12]]"
11n_137_123,"[[20, 11, 21, 12], [10, 1, 11, 2], [22, 9, 1, 10], [16, 14, 17, 13], [19, 4, 20, 5], [2, 15, 3, 16], [14, 3, 15, 4], [17, 6, 18, 7], [5, 18, 6, 19], [12, 8, 13, 7], [8, 21, 9, 22]]"
11n_137_124,"[[8, 21, 9, 22], [20, 11, 21, 12], [10, 1, 11, 2], [22, 9, 1, 10], [16, 14, 17, 13], [19, 4, 20, 5], [2, 15, 3, 16], [14, 3, 15, 4], [17, 6, 18, 7], [5, 18, 6, 19], [12, 8, 13, 7]]"
11n_137_125,"[[12, 8, 13, 7], [8, 21, 9, 22], [20, 11, 21, 12], [10, 1, 11, 2], [22, 9, 1, 10], [16, 14, 17, 13], [19, 4, 20, 5], [2, 15, 3, 16], [14, 3, 15, 4], [17, 6, 18, 7], [5, 18, 6, 19]]"
11n_137_126,"[[5, 18, 6, 19], [12, 8, 13, 7], [8, 21, 9, 22], [20, 11, 21, 12], [10, 1, 11, 2], [22, 9, 1, 10], [16, 14, 17, 13], [19, 4, 20, 5], [2, 15, 3, 16], [14, 3, 15, 4], [17, 6, 18, 7]]"
11n_137_127,"[[17, 6, 18, 7], [5, 18, 6, 19], [12, 8, 13, 7], [8, 21, 9, 22], [20, 11, 21, 12], [10, 1, 11, 2], [22, 9, 1, 10], [16, 14, 17, 13], [19, 4, 20, 5], [2, 15, 3, 16], [14, 3, 15, 4]]"
11n_137_128,"[[14, 3, 15, 4], [17, 6, 18, 7], [5, 18, 6, 19], [12, 8, 13, 7], [8, 21, 9, 22], [20, 11, 21, 12], [10, 1, 11, 2], [22, 9, 1, 10], [16, 14, 17, 13], [19, 4, 20, 5], [2, 15, 3, 16]]"
11n_137_129,"[[2, 15, 3, 16], [14, 3, 15, 4], [17, 6, 18, 7], [5, 18, 6, 19], [12, 8, 13, 7], [8, 21, 9, 22], [20, 11, 21, 12], [10, 1, 11, 2], [22, 9, 1, 10], [16, 14, 17, 13], [19, 4, 20, 5]]"
11n_137_130,"[[19, 4, 20, 5], [2, 15, 3, 16], [14, 3, 15, 4], [17, 6, 18, 7], [5, 18, 6, 19], [12, 8, 13, 7], [8, 21, 9, 22], [20, 11, 21, 12], [10, 1, 11, 2], [22, 9, 1, 10], [16, 14, 17, 13]]"
11n_137_131,"[[16, 14, 17, 13], [19, 4, 20, 5], [2, 15, 3, 16], [14, 3, 15, 4], [17, 6, 18, 7], [5, 18, 6, 19], [12, 8, 13, 7], [8, 21, 9, 22], [20, 11, 21, 12], [10, 1, 11, 2], [22, 9, 1, 10]]"
11n_137_132,"[[1, 10, 2, 11], [17, 15, 18, 14], [20, 5, 21, 6], [3, 16, 4, 17], [15, 4, 16, 5], [18, 7, 19, 8], [6, 19, 7, 20], [13, 9, 14, 8], [9, 22, 10, 1], [21, 12, 22, 13], [11, 2, 12, 3]]"
11n_137_133,"[[11, 2, 12, 3], [1, 10, 2, 11], [17, 15, 18, 14], [20, 5, 21, 6], [3, 16, 4, 17], [15, 4, 16, 5], [18, 7, 19, 8], [6, 19, 7, 20], [13, 9, 14, 8], [9, 22, 10, 1], [21, 12, 22, 13]]"
11n_137_134,"[[21, 12, 22, 13], [11, 2, 12, 3], [1, 10, 2, 11], [17, 15, 18, 14], [20, 5, 21, 6], [3, 16, 4, 17], [15, 4, 16, 5], [18, 7, 19, 8], [6, 19, 7, 20], [13, 9, 14, 8], [9, 22, 10, 1]]"
11n_137_135,"[[9, 22, 10, 1], [21, 12, 22, 13], [11, 2, 12, 3], [1, 10, 2, 11], [17, 15, 18, 14], [20, 5, 21, 6], [3, 16, 4, 17], [15, 4, 16, 5], [18, 7, 19, 8], [6, 19, 7, 20], [13, 9, 14, 8]]"
11n_137_136,"[[13, 9, 14, 8], [9, 22, 10, 1], [21, 12, 22, 13], [11, 2, 12, 3], [1, 10, 2, 11], [17, 15, 18, 14], [20, 5, 21, 6], [3, 16, 4, 17], [15, 4, 16, 5], [18, 7, 19, 8], [6, 19, 7, 20]]"
11n_137_137,"[[6, 19, 7, 20], [13, 9, 14, 8], [9, 22, 10, 1], [21, 12, 22, 13], [11, 2, 12, 3], [1, 10, 2, 11], [17, 15, 18, 14], [20, 5, 21, 6], [3, 16, 4, 17], [15, 4, 16, 5], [18, 7, 19, 8]]"
11n_137_138,"[[18, 7, 19, 8], [6, 19, 7, 20], [13, 9, 14, 8], [9, 22, 10, 1], [21, 12, 22, 13], [11, 2, 12, 3], [1, 10, 2, 11], [17, 15, 18, 14], [20, 5, 21, 6], [3, 16, 4, 17], [15, 4, 16, 5]]"
11n_137_139,"[[15, 4, 16, 5], [18, 7, 19, 8], [6, 19, 7, 20], [13, 9, 14, 8], [9, 22, 10, 1], [21, 12, 22, 13], [11, 2, 12, 3], [1, 10, 2, 11], [17, 15, 18, 14], [20, 5, 21, 6], [3, 16, 4, 17]]"
11n_137_140,"[[3, 16, 4, 17], [15, 4, 16, 5], [18, 7, 19, 8], [6, 19, 7, 20], [13, 9, 14, 8], [9, 22, 10, 1], [21, 12, 22, 13], [11, 2, 12, 3], [1, 10, 2, 11], [17, 15, 18, 14], [20, 5, 21, 6]]"
11n_137_141,"[[20, 5, 21, 6], [3, 16, 4, 17], [15, 4, 16, 5], [18, 7, 19, 8], [6, 19, 7, 20], [13, 9, 14, 8], [9, 22, 10, 1], [21, 12, 22, 13], [11, 2, 12, 3], [1, 10, 2, 11], [17, 15, 18, 14]]"
11n_137_142,"[[17, 15, 18, 14], [20, 5, 21, 6], [3, 16, 4, 17], [15, 4, 16, 5], [18, 7, 19, 8], [6, 19, 7, 20], [13, 9, 14, 8], [9, 22, 10, 1], [21, 12, 22, 13], [11, 2, 12, 3], [1, 10, 2, 11]]"
11n_137_143,"[[2, 11, 3, 12], [18, 16, 19, 15], [21, 6, 22, 7], [4, 17, 5, 18], [16, 5, 17, 6], [19, 8, 20, 9], [7, 20, 8, 21], [14, 10, 15, 9], [10, 1, 11, 2], [22, 13, 1, 14], [12, 3, 13, 4]]"
11n_137_144,"[[12, 3, 13, 4], [2, 11, 3, 12], [18, 16, 19, 15], [21, 6, 22, 7], [4, 17, 5, 18], [16, 5, 17, 6], [19, 8, 20, 9], [7, 20, 8, 21], [14, 10, 15, 9], [10, 1, 11, 2], [22, 13, 1, 14]]"
11n_137_145,"[[22, 13, 1, 14], [12, 3, 13, 4], [2, 11, 3, 12], [18, 16, 19, 15], [21, 6, 22, 7], [4, 17, 5, 18], [16, 5, 17, 6], [19, 8, 20, 9], [7, 20, 8, 21], [14, 10, 15, 9], [10, 1, 11, 2]]"
11n_137_146,"[[10, 1, 11, 2], [22, 13, 1, 14], [12, 3, 13, 4], [2, 11, 3, 12], [18, 16, 19, 15], [21, 6, 22, 7], [4, 17, 5, 18], [16, 5, 17, 6], [19, 8, 20, 9], [7, 20, 8, 21], [14, 10, 15, 9]]"
11n_137_147,"[[14, 10, 15, 9], [10, 1, 11, 2], [22, 13, 1, 14], [12, 3, 13, 4], [2, 11, 3, 12], [18, 16, 19, 15], [21, 6, 22, 7], [4, 17, 5, 18], [16, 5, 17, 6], [19, 8, 20, 9], [7, 20, 8, 21]]"
11n_137_148,"[[7, 20, 8, 21], [14, 10, 15, 9], [10, 1, 11, 2], [22, 13, 1, 14], [12, 3, 13, 4], [2, 11, 3, 12], [18, 16, 19, 15], [21, 6, 22, 7], [4, 17, 5, 18], [16, 5, 17, 6], [19, 8, 20, 9]]"
11n_137_149,"[[19, 8, 20, 9], [7, 20, 8, 21], [14, 10, 15, 9], [10, 1, 11, 2], [22, 13, 1, 14], [12, 3, 13, 4], [2, 11, 3, 12], [18, 16, 19, 15], [21, 6, 22, 7], [4, 17, 5, 18], [16, 5, 17, 6]]"
11n_137_150,"[[16, 5, 17, 6], [19, 8, 20, 9], [7, 20, 8, 21], [14, 10, 15, 9], [10, 1, 11, 2], [22, 13, 1, 14], [12, 3, 13, 4], [2, 11, 3, 12], [18, 16, 19, 15], [21, 6, 22, 7], [4, 17, 5, 18]]"
11n_137_151,"[[4, 17, 5, 18], [16, 5, 17, 6], [19, 8, 20, 9], [7, 20, 8, 21], [14, 10, 15, 9], [10, 1, 11, 2], [22, 13, 1, 14], [12, 3, 13, 4], [2, 11, 3, 12], [18, 16, 19, 15], [21, 6, 22, 7]]"
11n_137_152,"[[21, 6, 22, 7], [4, 17, 5, 18], [16, 5, 17, 6], [19, 8, 20, 9], [7, 20, 8, 21], [14, 10, 15, 9], [10, 1, 11, 2], [22, 13, 1, 14], [12, 3, 13, 4], [2, 11, 3, 12], [18, 16, 19, 15]]"
11n_137_153,"[[18, 16, 19, 15], [21, 6, 22, 7], [4, 17, 5, 18], [16, 5, 17, 6], [19, 8, 20, 9], [7, 20, 8, 21], [14, 10, 15, 9], [10, 1, 11, 2], [22, 13, 1, 14], [12, 3, 13, 4], [2, 11, 3, 12]]"
11n_137_154,"[[3, 12, 4, 13], [19, 17, 20, 16], [22, 7, 1, 8], [5, 18, 6, 19], [17, 6, 18, 7], [20, 9, 21, 10], [8, 21, 9, 22], [15, 11, 16, 10], [11, 2, 12, 3], [1, 14, 2, 15], [13, 4, 14, 5]]"
11n_137_155,"[[13, 4, 14, 5], [3, 12, 4, 13], [19, 17, 20, 16], [22, 7, 1, 8], [5, 18, 6, 19], [17, 6, 18, 7], [20, 9, 21, 10], [8, 21, 9, 22], [15, 11, 16, 10], [11, 2, 12, 3], [1, 14, 2, 15]]"
11n_137_156,"[[1, 14, 2, 15], [13, 4, 14, 5], [3, 12, 4, 13], [19, 17, 20, 16], [22, 7, 1, 8], [5, 18, 6, 19], [17, 6, 18, 7], [20, 9, 21, 10], [8, 21, 9, 22], [15, 11, 16, 10], [11, 2, 12, 3]]"
11n_137_157,"[[11, 2, 12, 3], [1, 14, 2, 15], [13, 4, 14, 5], [3, 12, 4, 13], [19, 17, 20, 16], [22, 7, 1, 8], [5, 18, 6, 19], [17, 6, 18, 7], [20, 9, 21, 10], [8, 21, 9, 22], [15, 11, 16, 10]]"
11n_137_158,"[[15, 11, 16, 10], [11, 2, 12, 3], [1, 14, 2, 15], [13, 4, 14, 5], [3, 12, 4, 13], [19, 17, 20, 16], [22, 7, 1, 8], [5, 18, 6, 19], [17, 6, 18, 7], [20, 9, 21, 10], [8, 21, 9, 22]]"
11n_137_159,"[[8, 21, 9, 22], [15, 11, 16, 10], [11, 2, 12, 3], [1, 14, 2, 15], [13, 4, 14, 5], [3, 12, 4, 13], [19, 17, 20, 16], [22, 7, 1, 8], [5, 18, 6, 19], [17, 6, 18, 7], [20, 9, 21, 10]]"
11n_137_160,"[[20, 9, 21, 10], [8, 21, 9, 22], [15, 11, 16, 10], [11, 2, 12, 3], [1, 14, 2, 15], [13, 4, 14, 5], [3, 12, 4, 13], [19, 17, 20, 16], [22, 7, 1, 8], [5, 18, 6, 19], [17, 6, 18, 7]]"
11n_137_161,"[[17, 6, 18, 7], [20, 9, 21, 10], [8, 21, 9, 22], [15, 11, 16, 10], [11, 2, 12, 3], [1, 14, 2, 15], [13, 4, 14, 5], [3, 12, 4, 13], [19, 17, 20, 16], [22, 7, 1, 8], [5, 18, 6, 19]]"
11n_137_162,"[[5, 18, 6, 19], [17, 6, 18, 7], [20, 9, 21, 10], [8, 21, 9, 22], [15, 11, 16, 10], [11, 2, 12, 3], [1, 14, 2, 15], [13, 4, 14, 5], [3, 12, 4, 13], [19, 17, 20, 16], [22, 7, 1, 8]]"
11n_137_163,"[[22, 7, 1, 8], [5, 18, 6, 19], [17, 6, 18, 7], [20, 9, 21, 10], [8, 21, 9, 22], [15, 11, 16, 10], [11, 2, 12, 3], [1, 14, 2, 15], [13, 4, 14, 5], [3, 12, 4, 13], [19, 17, 20, 16]]"
11n_137_164,"[[19, 17, 20, 16], [22, 7, 1, 8], [5, 18, 6, 19], [17, 6, 18, 7], [20, 9, 21, 10], [8, 21, 9, 22], [15, 11, 16, 10], [11, 2, 12, 3], [1, 14, 2, 15], [13, 4, 14, 5], [3, 12, 4, 13]]"
11n_137_165,"[[4, 13, 5, 14], [20, 18, 21, 17], [1, 8, 2, 9], [6, 19, 7, 20], [18, 7, 19, 8], [21, 10, 22, 11], [9, 22, 10, 1], [16, 12, 17, 11], [12, 3, 13, 4], [2, 15, 3, 16], [14, 5, 15, 6]]"
11n_137_166,"[[14, 5, 15, 6], [4, 13, 5, 14], [20, 18, 21, 17], [1, 8, 2, 9], [6, 19, 7, 20], [18, 7, 19, 8], [21, 10, 22, 11], [9, 22, 10, 1], [16, 12, 17, 11], [12, 3, 13, 4], [2, 15, 3, 16]]"
11n_137_167,"[[2, 15, 3, 16], [14, 5, 15, 6], [4, 13, 5, 14], [20, 18, 21, 17], [1, 8, 2, 9], [6, 19, 7, 20], [18, 7, 19, 8], [21, 10, 22, 11], [9, 22, 10, 1], [16, 12, 17, 11], [12, 3, 13, 4]]"
11n_137_168,"[[12, 3, 13, 4], [2, 15, 3, 16], [14, 5, 15, 6], [4, 13, 5, 14], [20, 18, 21, 17], [1, 8, 2, 9], [6, 19, 7, 20], [18, 7, 19, 8], [21, 10, 22, 11], [9, 22, 10, 1], [16, 12, 17, 11]]"
11n_137_169,"[[16, 12, 17, 11], [12, 3, 13, 4], [2, 15, 3, 16], [14, 5, 15, 6], [4, 13, 5, 14], [20, 18, 21, 17], [1, 8, 2, 9], [6, 19, 7, 20], [18, 7, 19, 8], [21, 10, 22, 11], [9, 22, 10, 1]]"
11n_137_170,"[[9, 22, 10, 1], [16, 12, 17, 11], [12, 3, 13, 4], [2, 15, 3, 16], [14, 5, 15, 6], [4, 13, 5, 14], [20, 18, 21, 17], [1, 8, 2, 9], [6, 19, 7, 20], [18, 7, 19, 8], [21, 10, 22, 11]]"
11n_137_171,"[[21, 10, 22, 11], [9, 22, 10, 1], [16, 12, 17, 11], [12, 3, 13, 4], [2, 15, 3, 16], [14, 5, 15, 6], [4, 13, 5, 14], [20, 18, 21, 17], [1, 8, 2, 9], [6, 19, 7, 20], [18, 7, 19, 8]]"
11n_137_172,"[[18, 7, 19, 8], [21, 10, 22, 11], [9, 22, 10, 1], [16, 12, 17, 11], [12, 3, 13, 4], [2, 15, 3, 16], [14, 5, 15, 6], [4, 13, 5, 14], [20, 18, 21, 17], [1, 8, 2, 9], [6, 19, 7, 20]]"
11n_137_173,"[[6, 19, 7, 20], [18, 7, 19, 8], [21, 10, 22, 11], [9, 22, 10, 1], [16, 12, 17, 11], [12, 3, 13, 4], [2, 15, 3, 16], [14, 5, 15, 6], [4, 13, 5, 14], [20, 18, 21, 17], [1, 8, 2, 9]]"
11n_137_174,"[[1, 8, 2, 9], [6, 19, 7, 20], [18, 7, 19, 8], [21, 10, 22, 11], [9, 22, 10, 1], [16, 12, 17, 11], [12, 3, 13, 4], [2, 15, 3, 16], [14, 5, 15, 6], [4, 13, 5, 14], [20, 18, 21, 17]]"
11n_137_175,"[[20, 18, 21, 17], [1, 8, 2, 9], [6, 19, 7, 20], [18, 7, 19, 8], [21, 10, 22, 11], [9, 22, 10, 1], [16, 12, 17, 11], [12, 3, 13, 4], [2, 15, 3, 16], [14, 5, 15, 6], [4, 13, 5, 14]]"
11n_137_176,"[[5, 14, 6, 15], [21, 19, 22, 18], [2, 9, 3, 10], [7, 20, 8, 21], [19, 8, 20, 9], [22, 11, 1, 12], [10, 1, 11, 2], [17, 13, 18, 12], [13, 4, 14, 5], [3, 16, 4, 17], [15, 6, 16, 7]]"
11n_137_177,"[[15, 6, 16, 7], [5, 14, 6, 15], [21, 19, 22, 18], [2, 9, 3, 10], [7, 20, 8, 21], [19, 8, 20, 9], [22, 11, 1, 12], [10, 1, 11, 2], [17, 13, 18, 12], [13, 4, 14, 5], [3, 16, 4, 17]]"
11n_137_178,"[[3, 16, 4, 17], [15, 6, 16, 7], [5, 14, 6, 15], [21, 19, 22, 18], [2, 9, 3, 10], [7, 20, 8, 21], [19, 8, 20, 9], [22, 11, 1, 12], [10, 1, 11, 2], [17, 13, 18, 12], [13, 4, 14, 5]]"
11n_137_179,"[[13, 4, 14, 5], [3, 16, 4, 17], [15, 6, 16, 7], [5, 14, 6, 15], [21, 19, 22, 18], [2, 9, 3, 10], [7, 20, 8, 21], [19, 8, 20, 9], [22, 11, 1, 12], [10, 1, 11, 2], [17, 13, 18, 12]]"
11n_137_180,"[[17, 13, 18, 12], [13, 4, 14, 5], [3, 16, 4, 17], [15, 6, 16, 7], [5, 14, 6, 15], [21, 19, 22, 18], [2, 9, 3, 10], [7, 20, 8, 21], [19, 8, 20, 9], [22, 11, 1, 12], [10, 1, 11, 2]]"
11n_137_181,"[[10, 1, 11, 2], [17, 13, 18, 12], [13, 4, 14, 5], [3, 16, 4, 17], [15, 6, 16, 7], [5, 14, 6, 15], [21, 19, 22, 18], [2, 9, 3, 10], [7, 20, 8, 21], [19, 8, 20, 9], [22, 11, 1, 12]]"
11n_137_182,"[[22, 11, 1, 12], [10, 1, 11, 2], [17, 13, 18, 12], [13, 4, 14, 5], [3, 16, 4, 17], [15, 6, 16, 7], [5, 14, 6, 15], [21, 19, 22, 18], [2, 9, 3, 10], [7, 20, 8, 21], [19, 8, 20, 9]]"
11n_137_183,"[[19, 8, 20, 9], [22, 11, 1, 12], [10, 1, 11, 2], [17, 13, 18, 12], [13, 4, 14, 5], [3, 16, 4, 17], [15, 6, 16, 7], [5, 14, 6, 15], [21, 19, 22, 18], [2, 9, 3, 10], [7, 20, 8, 21]]"
11n_137_184,"[[7, 20, 8, 21], [19, 8, 20, 9], [22, 11, 1, 12], [10, 1, 11, 2], [17, 13, 18, 12], [13, 4, 14, 5], [3, 16, 4, 17], [15, 6, 16, 7], [5, 14, 6, 15], [21, 19, 22, 18], [2, 9, 3, 10]]"
11n_137_185,"[[2, 9, 3, 10], [7, 20, 8, 21], [19, 8, 20, 9], [22, 11, 1, 12], [10, 1, 11, 2], [17, 13, 18, 12], [13, 4, 14, 5], [3, 16, 4, 17], [15, 6, 16, 7], [5, 14, 6, 15], [21, 19, 22, 18]]"
11n_137_186,"[[21, 19, 22, 18], [2, 9, 3, 10], [7, 20, 8, 21], [19, 8, 20, 9], [22, 11, 1, 12], [10, 1, 11, 2], [17, 13, 18, 12], [13, 4, 14, 5], [3, 16, 4, 17], [15, 6, 16, 7], [5, 14, 6, 15]]"
11n_137_187,"[[6, 15, 7, 16], [22, 20, 1, 19], [3, 10, 4, 11], [8, 21, 9, 22], [20, 9, 21, 10], [1, 12, 2, 13], [11, 2, 12, 3], [18, 14, 19, 13], [14, 5, 15, 6], [4, 17, 5, 18], [16, 7, 17, 8]]"
11n_137_188,"[[16, 7, 17, 8], [6, 15, 7, 16], [22, 20, 1, 19], [3, 10, 4, 11], [8, 21, 9, 22], [20, 9, 21, 10], [1, 12, 2, 13], [11, 2, 12, 3], [18, 14, 19, 13], [14, 5, 15, 6], [4, 17, 5, 18]]"
11n_137_189,"[[4, 17, 5, 18], [16, 7, 17, 8], [6, 15, 7, 16], [22, 20, 1, 19], [3, 10, 4, 11], [8, 21, 9, 22], [20, 9, 21, 10], [1, 12, 2, 13], [11, 2, 12, 3], [18, 14, 19, 13], [14, 5, 15, 6]]"
11n_137_190,"[[14, 5, 15, 6], [4, 17, 5, 18], [16, 7, 17, 8], [6, 15, 7, 16], [22, 20, 1, 19], [3, 10, 4, 11], [8, 21, 9, 22], [20, 9, 21, 10], [1, 12, 2, 13], [11, 2, 12, 3], [18, 14, 19, 13]]"
11n_137_191,"[[18, 14, 19, 13], [14, 5, 15, 6], [4, 17, 5, 18], [16, 7, 17, 8], [6, 15, 7, 16], [22, 20, 1, 19], [3, 10, 4, 11], [8, 21, 9, 22], [20, 9, 21, 10], [1, 12, 2, 13], [11, 2, 12, 3]]"
11n_137_192,"[[11, 2, 12, 3], [18, 14, 19, 13], [14, 5, 15, 6], [4, 17, 5, 18], [16, 7, 17, 8], [6, 15, 7, 16], [22, 20, 1, 19], [3, 10, 4, 11], [8, 21, 9, 22], [20, 9, 21, 10], [1, 12, 2, 13]]"
11n_137_193,"[[1, 12, 2, 13], [11, 2, 12, 3], [18, 14, 19, 13], [14, 5, 15, 6], [4, 17, 5, 18], [16, 7, 17, 8], [6, 15, 7, 16], [22, 20, 1, 19], [3, 10, 4, 11], [8, 21, 9, 22], [20, 9, 21, 10]]"
11n_137_194,"[[20, 9, 21, 10], [1, 12, 2, 13], [11, 2, 12, 3], [18, 14, 19, 13], [14, 5, 15, 6], [4, 17, 5, 18], [16, 7, 17, 8], [6, 15, 7, 16], [22, 20, 1, 19], [3, 10, 4, 11], [8, 21, 9, 22]]"
11n_137_195,"[[8, 21, 9, 22], [20, 9, 21, 10], [1, 12, 2, 13], [11, 2, 12, 3], [18, 14, 19, 13], [14, 5, 15, 6], [4, 17, 5, 18], [16, 7, 17, 8], [6, 15, 7, 16], [22, 20, 1, 19], [3, 10, 4, 11]]"
11n_137_196,"[[3, 10, 4, 11], [8, 21, 9, 22], [20, 9, 21, 10], [1, 12, 2, 13], [11, 2, 12, 3], [18, 14, 19, 13], [14, 5, 15, 6], [4, 17, 5, 18], [16, 7, 17, 8], [6, 15, 7, 16], [22, 20, 1, 19]]"
11n_137_197,"[[22, 20, 1, 19], [3, 10, 4, 11], [8, 21, 9, 22], [20, 9, 21, 10], [1, 12, 2, 13], [11, 2, 12, 3], [18, 14, 19, 13], [14, 5, 15, 6], [4, 17, 5, 18], [16, 7, 17, 8], [6, 15, 7, 16]]"
11n_137_198,"[[7, 16, 8, 17], [1, 21, 2, 20], [4, 11, 5, 12], [9, 22, 10, 1], [21, 10, 22, 11], [2, 13, 3, 14], [12, 3, 13, 4], [19, 15, 20, 14], [15, 6, 16, 7], [5, 18, 6, 19], [17, 8, 18, 9]]"
11n_137_199,"[[17, 8, 18, 9], [7, 16, 8, 17], [1, 21, 2, 20], [4, 11, 5, 12], [9, 22, 10, 1], [21, 10, 22, 11], [2, 13, 3, 14], [12, 3, 13, 4], [19, 15, 20, 14], [15, 6, 16, 7], [5, 18, 6, 19]]"
11n_137_200,"[[5, 18, 6, 19], [17, 8, 18, 9], [7, 16, 8, 17], [1, 21, 2, 20], [4, 11, 5, 12], [9, 22, 10, 1], [21, 10, 22, 11], [2, 13, 3, 14], [12, 3, 13, 4], [19, 15, 20, 14], [15, 6, 16, 7]]"
11n_137_201,"[[15, 6, 16, 7], [5, 18, 6, 19], [17, 8, 18, 9], [7, 16, 8, 17], [1, 21, 2, 20], [4, 11, 5, 12], [9, 22, 10, 1], [21, 10, 22, 11], [2, 13, 3, 14], [12, 3, 13, 4], [19, 15, 20, 14]]"
11n_137_202,"[[19, 15, 20, 14], [15, 6, 16, 7], [5, 18, 6, 19], [17, 8, 18, 9], [7, 16, 8, 17], [1, 21, 2, 20], [4, 11, 5, 12], [9, 22, 10, 1], [21, 10, 22, 11], [2, 13, 3, 14], [12, 3, 13, 4]]"
11n_137_203,"[[12, 3, 13, 4], [19, 15, 20, 14], [15, 6, 16, 7], [5, 18, 6, 19], [17, 8, 18, 9], [7, 16, 8, 17], [1, 21, 2, 20], [4, 11, 5, 12], [9, 22, 10, 1], [21, 10, 22, 11], [2, 13, 3, 14]]"
