name,pd_notation
11n_167_0,"[[5, 15, 6, 14], [7, 3, 8, 2], [11, 5, 12, 4], [21, 9, 22, 8], [1, 16, 2, 17], [12, 19, 13, 20], [18, 13, 19, 14], [17, 22, 18, 1], [9, 21, 10, 20], [15, 7, 16, 6], [3, 11, 4, 10]]"
11n_167_1,"[[3, 11, 4, 10], [5, 15, 6, 14], [7, 3, 8, 2], [11, 5, 12, 4], [21, 9, 22, 8], [1, 16, 2, 17], [12, 19, 13, 20], [18, 13, 19, 14], [17, 22, 18, 1], [9, 21, 10, 20], [15, 7, 16, 6]]"
11n_167_2,"[[15, 7, 16, 6], [3, 11, 4, 10], [5, 15, 6, 14], [7, 3, 8, 2], [11, 5, 12, 4], [21, 9, 22, 8], [1, 16, 2, 17], [12, 19, 13, 20], [18, 13, 19, 14], [17, 22, 18, 1], [9, 21, 10, 20]]"
11n_167_3,"[[9, 21, 10, 20], [15, 7, 16, 6], [3, 11, 4, 10], [5, 15, 6, 14], [7, 3, 8, 2], [11, 5, 12, 4], [21, 9, 22, 8], [1, 16, 2, 17], [12, 19, 13, 20], [18, 13, 19, 14], [17, 22, 18, 1]]"
11n_167_4,"[[17, 22, 18, 1], [9, 21, 10, 20], [15, 7, 16, 6], [3, 11, 4, 10], [5, 15, 6, 14], [7, 3, 8, 2], [11, 5, 12, 4], [21, 9, 22, 8], [1, 16, 2, 17], [12, 19, 13, 20], [18, 13, 19, 14]]"
11n_167_5,"[[18, 13, 19, 14], [17, 22, 18, 1], [9, 21, 10, 20], [15, 7, 16, 6], [3, 11, 4, 10], [5, 15, 6, 14], [7, 3, 8, 2], [11, 5, 12, 4], [21, 9, 22, 8], [1, 16, 2, 17], [12, 19, 13, 20]]"
11n_167_6,"[[12, 19, 13, 20], [18, 13, 19, 14], [17, 22, 18, 1], [9, 21, 10, 20], [15, 7, 16, 6], [3, 11, 4, 10], [5, 15, 6, 14], [7, 3, 8, 2], [11, 5, 12, 4], [21, 9, 22, 8], [1, 16, 2, 17]]"
11n_167_7,"[[1, 16, 2, 17], [12, 19, 13, 20], [18, 13, 19, 14], [17, 22, 18, 1], [9, 21, 10, 20], [15, 7, 16, 6], [3, 11, 4, 10], [5, 15, 6, 14], [7, 3, 8, 2], [11, 5, 12, 4], [21, 9, 22, 8]]"
11n_167_8,"[[21, 9, 22, 8], [1, 16, 2, 17], [12, 19, 13, 20], [18, 13, 19, 14], [17, 22, 18, 1], [9, 21, 10, 20], [15, 7, 16, 6], [3, 11, 4, 10], [5, 15, 6, 14], [7, 3, 8, 2], [11, 5, 12, 4]]"
11n_167_9,"[[11, 5, 12, 4], [21, 9, 22, 8], [1, 16, 2, 17], [12, 19, 13, 20], [18, 13, 19, 14], [17, 22, 18, 1], [9, 21, 10, 20], [15, 7, 16, 6], [3, 11, 4, 10], [5, 15, 6, 14], [7, 3, 8, 2]]"
11n_167_10,"[[7, 3, 8, 2], [11, 5, 12, 4], [21, 9, 22, 8], [1, 16, 2, 17], [12, 19, 13, 20], [18, 13, 19, 14], [17, 22, 18, 1], [9, 21, 10, 20], [15, 7, 16, 6], [3, 11, 4, 10], [5, 15, 6, 14]]"
11n_167_11,"[[6, 16, 7, 15], [8, 4, 9, 3], [12, 6, 13, 5], [22, 10, 1, 9], [2, 17, 3, 18], [13, 20, 14, 21], [19, 14, 20, 15], [18, 1, 19, 2], [10, 22, 11, 21], [16, 8, 17, 7], [4, 12, 5, 11]]"
11n_167_12,"[[4, 12, 5, 11], [6, 16, 7, 15], [8, 4, 9, 3], [12, 6, 13, 5], [22, 10, 1, 9], [2, 17, 3, 18], [13, 20, 14, 21], [19, 14, 20, 15], [18, 1, 19, 2], [10, 22, 11, 21], [16, 8, 17, 7]]"
11n_167_13,"[[16, 8, 17, 7], [4, 12, 5, 11], [6, 16, 7, 15], [8, 4, 9, 3], [12, 6, 13, 5], [22, 10, 1, 9], [2, 17, 3, 18], [13, 20, 14, 21], [19, 14, 20, 15], [18, 1, 19, 2], [10, 22, 11, 21]]"
11n_167_14,"[[10, 22, 11, 21], [16, 8, 17, 7], [4, 12, 5, 11], [6, 16, 7, 15], [8, 4, 9, 3], [12, 6, 13, 5], [22, 10, 1, 9], [2, 17, 3, 18], [13, 20, 14, 21], [19, 14, 20, 15], [18, 1, 19, 2]]"
11n_167_15,"[[18, 1, 19, 2], [10, 22, 11, 21], [16, 8, 17, 7], [4, 12, 5, 11], [6, 16, 7, 15], [8, 4, 9, 3], [12, 6, 13, 5], [22, 10, 1, 9], [2, 17, 3, 18], [13, 20, 14, 21], [19, 14, 20, 15]]"
11n_167_16,"[[19, 14, 20, 15], [18, 1, 19, 2], [10, 22, 11, 21], [16, 8, 17, 7], [4, 12, 5, 11], [6, 16, 7, 15], [8, 4, 9, 3], [12, 6, 13, 5], [22, 10, 1, 9], [2, 17, 3, 18], [13, 20, 14, 21]]"
11n_167_17,"[[13, 20, 14, 21], [19, 14, 20, 15], [18, 1, 19, 2], [10, 22, 11, 21], [16, 8, 17, 7], [4, 12, 5, 11], [6, 16, 7, 15], [8, 4, 9, 3], [12, 6, 13, 5], [22, 10, 1, 9], [2, 17, 3, 18]]"
11n_167_18,"[[2, 17, 3, 18], [13, 20, 14, 21], [19, 14, 20, 15], [18, 1, 19, 2], [10, 22, 11, 21], [16, 8, 17, 7], [4, 12, 5, 11], [6, 16, 7, 15], [8, 4, 9, 3], [12, 6, 13, 5], [22, 10, 1, 9]]"
11n_167_19,"[[22, 10, 1, 9], [2, 17, 3, 18], [13, 20, 14, 21], [19, 14, 20, 15], [18, 1, 19, 2], [10, 22, 11, 21], [16, 8, 17, 7], [4, 12, 5, 11], [6, 16, 7, 15], [8, 4, 9, 3], [12, 6, 13, 5]]"
11n_167_20,"[[12, 6, 13, 5], [22, 10, 1, 9], [2, 17, 3, 18], [13, 20, 14, 21], [19, 14, 20, 15], [18, 1, 19, 2], [10, 22, 11, 21], [16, 8, 17, 7], [4, 12, 5, 11], [6, 16, 7, 15], [8, 4, 9, 3]]"
11n_167_21,"[[8, 4, 9, 3], [12, 6, 13, 5], [22, 10, 1, 9], [2, 17, 3, 18], [13, 20, 14, 21], [19, 14, 20, 15], [18, 1, 19, 2], [10, 22, 11, 21], [16, 8, 17, 7], [4, 12, 5, 11], [6, 16, 7, 15]]"
11n_167_22,"[[7, 17, 8, 16], [9, 5, 10, 4], [13, 7, 14, 6], [1, 11, 2, 10], [3, 18, 4, 19], [14, 21, 15, 22], [20, 15, 21, 16], [19, 2, 20, 3], [11, 1, 12, 22], [17, 9, 18, 8], [5, 13, 6, 12]]"
11n_167_23,"[[5, 13, 6, 12], [7, 17, 8, 16], [9, 5, 10, 4], [13, 7, 14, 6], [1, 11, 2, 10], [3, 18, 4, 19], [14, 21, 15, 22], [20, 15, 21, 16], [19, 2, 20, 3], [11, 1, 12, 22], [17, 9, 18, 8]]"
11n_167_24,"[[17, 9, 18, 8], [5, 13, 6, 12], [7, 17, 8, 16], [9, 5, 10, 4], [13, 7, 14, 6], [1, 11, 2, 10], [3, 18, 4, 19], [14, 21, 15, 22], [20, 15, 21, 16], [19, 2, 20, 3], [11, 1, 12, 22]]"
11n_167_25,"[[11, 1, 12, 22], [17, 9, 18, 8], [5, 13, 6, 12], [7, 17, 8, 16], [9, 5, 10, 4], [13, 7, 14, 6], [1, 11, 2, 10], [3, 18, 4, 19], [14, 21, 15, 22], [20, 15, 21, 16], [19, 2, 20, 3]]"
11n_167_26,"[[19, 2, 20, 3], [11, 1, 12, 22], [17, 9, 18, 8], [5, 13, 6, 12], [7, 17, 8, 16], [9, 5, 10, 4], [13, 7, 14, 6], [1, 11, 2, 10], [3, 18, 4, 19], [14, 21, 15, 22], [20, 15, 21, 16]]"
11n_167_27,"[[20, 15, 21, 16], [19, 2, 20, 3], [11, 1, 12, 22], [17, 9, 18, 8], [5, 13, 6, 12], [7, 17, 8, 16], [9, 5, 10, 4], [13, 7, 14, 6], [1, 11, 2, 10], [3, 18, 4, 19], [14, 21, 15, 22]]"
11n_167_28,"[[14, 21, 15, 22], [20, 15, 21, 16], [19, 2, 20, 3], [11, 1, 12, 22], [17, 9, 18, 8], [5, 13, 6, 12], [7, 17, 8, 16], [9, 5, 10, 4], [13, 7, 14, 6], [1, 11, 2, 10], [3, 18, 4, 19]]"
11n_167_29,"[[3, 18, 4, 19], [14, 21, 15, 22], [20, 15, 21, 16], [19, 2, 20, 3], [11, 1, 12, 22], [17, 9, 18, 8], [5, 13, 6, 12], [7, 17, 8, 16], [9, 5, 10, 4], [13, 7, 14, 6], [1, 11, 2, 10]]"
11n_167_30,"[[1, 11, 2, 10], [3, 18, 4, 19], [14, 21, 15, 22], [20, 15, 21, 16], [19, 2, 20, 3], [11, 1, 12, 22], [17, 9, 18, 8], [5, 13, 6, 12], [7, 17, 8, 16], [9, 5, 10, 4], [13, 7, 14, 6]]"
11n_167_31,"[[13, 7, 14, 6], [1, 11, 2, 10], [3, 18, 4, 19], [14, 21, 15, 22], [20, 15, 21, 16], [19, 2, 20, 3], [11, 1, 12, 22], [17, 9, 18, 8], [5, 13, 6, 12], [7, 17, 8, 16], [9, 5, 10, 4]]"
11n_167_32,"[[9, 5, 10, 4], [13, 7, 14, 6], [1, 11, 2, 10], [3, 18, 4, 19], [14, 21, 15, 22], [20, 15, 21, 16], [19, 2, 20, 3], [11, 1, 12, 22], [17, 9, 18, 8], [5, 13, 6, 12], [7, 17, 8, 16]]"
11n_167_33,"[[8, 18, 9, 17], [10, 6, 11, 5], [14, 8, 15, 7], [2, 12, 3, 11], [4, 19, 5, 20], [15, 22, 16, 1], [21, 16, 22, 17], [20, 3, 21, 4], [12, 2, 13, 1], [18, 10, 19, 9], [6, 14, 7, 13]]"
11n_167_34,"[[6, 14, 7, 13], [8, 18, 9, 17], [10, 6, 11, 5], [14, 8, 15, 7], [2, 12, 3, 11], [4, 19, 5, 20], [15, 22, 16, 1], [21, 16, 22, 17], [20, 3, 21, 4], [12, 2, 13, 1], [18, 10, 19, 9]]"
11n_167_35,"[[18, 10, 19, 9], [6, 14, 7, 13], [8, 18, 9, 17], [10, 6, 11, 5], [14, 8, 15, 7], [2, 12, 3, 11], [4, 19, 5, 20], [15, 22, 16, 1], [21, 16, 22, 17], [20, 3, 21, 4], [12, 2, 13, 1]]"
11n_167_36,"[[12, 2, 13, 1], [18, 10, 19, 9], [6, 14, 7, 13], [8, 18, 9, 17], [10, 6, 11, 5], [14, 8, 15, 7], [2, 12, 3, 11], [4, 19, 5, 20], [15, 22, 16, 1], [21, 16, 22, 17], [20, 3, 21, 4]]"
11n_167_37,"[[20, 3, 21, 4], [12, 2, 13, 1], [18, 10, 19, 9], [6, 14, 7, 13], [8, 18, 9, 17], [10, 6, 11, 5], [14, 8, 15, 7], [2, 12, 3, 11], [4, 19, 5, 20], [15, 22, 16, 1], [21, 16, 22, 17]]"
11n_167_38,"[[21, 16, 22, 17], [20, 3, 21, 4], [12, 2, 13, 1], [18, 10, 19, 9], [6, 14, 7, 13], [8, 18, 9, 17], [10, 6, 11, 5], [14, 8, 15, 7], [2, 12, 3, 11], [4, 19, 5, 20], [15, 22, 16, 1]]"
11n_167_39,"[[15, 22, 16, 1], [21, 16, 22, 17], [20, 3, 21, 4], [12, 2, 13, 1], [18, 10, 19, 9], [6, 14, 7, 13], [8, 18, 9, 17], [10, 6, 11, 5], [14, 8, 15, 7], [2, 12, 3, 11], [4, 19, 5, 20]]"
11n_167_40,"[[4, 19, 5, 20], [15, 22, 16, 1], [21, 16, 22, 17], [20, 3, 21, 4], [12, 2, 13, 1], [18, 10, 19, 9], [6, 14, 7, 13], [8, 18, 9, 17], [10, 6, 11, 5], [14, 8, 15, 7], [2, 12, 3, 11]]"
11n_167_41,"[[2, 12, 3, 11], [4, 19, 5, 20], [15, 22, 16, 1], [21, 16, 22, 17], [20, 3, 21, 4], [12, 2, 13, 1], [18, 10, 19, 9], [6, 14, 7, 13], [8, 18, 9, 17], [10, 6, 11, 5], [14, 8, 15, 7]]"
11n_167_42,"[[14, 8, 15, 7], [2, 12, 3, 11], [4, 19, 5, 20], [15, 22, 16, 1], [21, 16, 22, 17], [20, 3, 21, 4], [12, 2, 13, 1], [18, 10, 19, 9], [6, 14, 7, 13], [8, 18, 9, 17], [10, 6, 11, 5]]"
11n_167_43,"[[10, 6, 11, 5], [14, 8, 15, 7], [2, 12, 3, 11], [4, 19, 5, 20], [15, 22, 16, 1], [21, 16, 22, 17], [20, 3, 21, 4], [12, 2, 13, 1], [18, 10, 19, 9], [6, 14, 7, 13], [8, 18, 9, 17]]"
11n_167_44,"[[9, 19, 10, 18], [11, 7, 12, 6], [15, 9, 16, 8], [3, 13, 4, 12], [5, 20, 6, 21], [16, 1, 17, 2], [22, 17, 1, 18], [21, 4, 22, 5], [13, 3, 14, 2], [19, 11, 20, 10], [7, 15, 8, 14]]"
11n_167_45,"[[7, 15, 8, 14], [9, 19, 10, 18], [11, 7, 12, 6], [15, 9, 16, 8], [3, 13, 4, 12], [5, 20, 6, 21], [16, 1, 17, 2], [22, 17, 1, 18], [21, 4, 22, 5], [13, 3, 14, 2], [19, 11, 20, 10]]"
11n_167_46,"[[19, 11, 20, 10], [7, 15, 8, 14], [9, 19, 10, 18], [11, 7, 12, 6], [15, 9, 16, 8], [3, 13, 4, 12], [5, 20, 6, 21], [16, 1, 17, 2], [22, 17, 1, 18], [21, 4, 22, 5], [13, 3, 14, 2]]"
11n_167_47,"[[13, 3, 14, 2], [19, 11, 20, 10], [7, 15, 8, 14], [9, 19, 10, 18], [11, 7, 12, 6], [15, 9, 16, 8], [3, 13, 4, 12], [5, 20, 6, 21], [16, 1, 17, 2], [22, 17, 1, 18], [21, 4, 22, 5]]"
11n_167_48,"[[21, 4, 22, 5], [13, 3, 14, 2], [19, 11, 20, 10], [7, 15, 8, 14], [9, 19, 10, 18], [11, 7, 12, 6], [15, 9, 16, 8], [3, 13, 4, 12], [5, 20, 6, 21], [16, 1, 17, 2], [22, 17, 1, 18]]"
11n_167_49,"[[22, 17, 1, 18], [21, 4, 22, 5], [13, 3, 14, 2], [19, 11, 20, 10], [7, 15, 8, 14], [9, 19, 10, 18], [11, 7, 12, 6], [15, 9, 16, 8], [3, 13, 4, 12], [5, 20, 6, 21], [16, 1, 17, 2]]"
11n_167_50,"[[16, 1, 17, 2], [22, 17, 1, 18], [21, 4, 22, 5], [13, 3, 14, 2], [19, 11, 20, 10], [7, 15, 8, 14], [9, 19, 10, 18], [11, 7, 12, 6], [15, 9, 16, 8], [3, 13, 4, 12], [5, 20, 6, 21]]"
11n_167_51,"[[5, 20, 6, 21], [16, 1, 17, 2], [22, 17, 1, 18], [21, 4, 22, 5], [13, 3, 14, 2], [19, 11, 20, 10], [7, 15, 8, 14], [9, 19, 10, 18], [11, 7, 12, 6], [15, 9, 16, 8], [3, 13, 4, 12]]"
11n_167_52,"[[3, 13, 4, 12], [5, 20, 6, 21], [16, 1, 17, 2], [22, 17, 1, 18], [21, 4, 22, 5], [13, 3, 14, 2], [19, 11, 20, 10], [7, 15, 8, 14], [9, 19, 10, 18], [11, 7, 12, 6], [15, 9, 16, 8]]"
11n_167_53,"[[15, 9, 16, 8], [3, 13, 4, 12], [5, 20, 6, 21], [16, 1, 17, 2], [22, 17, 1, 18], [21, 4, 22, 5], [13, 3, 14, 2], [19, 11, 20, 10], [7, 15, 8, 14], [9, 19, 10, 18], [11, 7, 12, 6]]"
11n_167_54,"[[11, 7, 12, 6], [15, 9, 16, 8], [3, 13, 4, 12], [5, 20, 6, 21], [16, 1, 17, 2], [22, 17, 1, 18], [21, 4, 22, 5], [13, 3, 14, 2], [19, 11, 20, 10], [7, 15, 8, 14], [9, 19, 10, 18]]"
11n_167_55,"[[10, 20, 11, 19], [12, 8, 13, 7], [16, 10, 17, 9], [4, 14, 5, 13], [6, 21, 7, 22], [17, 2, 18, 3], [1, 18, 2, 19], [22, 5, 1, 6], [14, 4, 15, 3], [20, 12, 21, 11], [8, 16, 9, 15]]"
11n_167_56,"[[8, 16, 9, 15], [10, 20, 11, 19], [12, 8, 13, 7], [16, 10, 17, 9], [4, 14, 5, 13], [6, 21, 7, 22], [17, 2, 18, 3], [1, 18, 2, 19], [22, 5, 1, 6], [14, 4, 15, 3], [20, 12, 21, 11]]"
11n_167_57,"[[20, 12, 21, 11], [8, 16, 9, 15], [10, 20, 11, 19], [12, 8, 13, 7], [16, 10, 17, 9], [4, 14, 5, 13], [6, 21, 7, 22], [17, 2, 18, 3], [1, 18, 2, 19], [22, 5, 1, 6], [14, 4, 15, 3]]"
11n_167_58,"[[14, 4, 15, 3], [20, 12, 21, 11], [8, 16, 9, 15], [10, 20, 11, 19], [12, 8, 13, 7], [16, 10, 17, 9], [4, 14, 5, 13], [6, 21, 7, 22], [17, 2, 18, 3], [1, 18, 2, 19], [22, 5, 1, 6]]"
11n_167_59,"[[22, 5, 1, 6], [14, 4, 15, 3], [20, 12, 21, 11], [8, 16, 9, 15], [10, 20, 11, 19], [12, 8, 13, 7], [16, 10, 17, 9], [4, 14, 5, 13], [6, 21, 7, 22], [17, 2, 18, 3], [1, 18, 2, 19]]"
11n_167_60,"[[1, 18, 2, 19], [22, 5, 1, 6], [14, 4, 15, 3], [20, 12, 21, 11], [8, 16, 9, 15], [10, 20, 11, 19], [12, 8, 13, 7], [16, 10, 17, 9], [4, 14, 5, 13], [6, 21, 7, 22], [17, 2, 18, 3]]"
11n_167_61,"[[17, 2, 18, 3], [1, 18, 2, 19], [22, 5, 1, 6], [14, 4, 15, 3], [20, 12, 21, 11], [8, 16, 9, 15], [10, 20, 11, 19], [12, 8, 13, 7], [16, 10, 17, 9], [4, 14, 5, 13], [6, 21, 7, 22]]"
11n_167_62,"[[6, 21, 7, 22], [17, 2, 18, 3], [1, 18, 2, 19], [22, 5, 1, 6], [14, 4, 15, 3], [20, 12, 21, 11], [8, 16, 9, 15], [10, 20, 11, 19], [12, 8, 13, 7], [16, 10, 17, 9], [4, 14, 5, 13]]"
11n_167_63,"[[4, 14, 5, 13], [6, 21, 7, 22], [17, 2, 18, 3], [1, 18, 2, 19], [22, 5, 1, 6], [14, 4, 15, 3], [20, 12, 21, 11], [8, 16, 9, 15], [10, 20, 11, 19], [12, 8, 13, 7], [16, 10, 17, 9]]"
11n_167_64,"[[16, 10, 17, 9], [4, 14, 5, 13], [6, 21, 7, 22], [17, 2, 18, 3], [1, 18, 2, 19], [22, 5, 1, 6], [14, 4, 15, 3], [20, 12, 21, 11], [8, 16, 9, 15], [10, 20, 11, 19], [12, 8, 13, 7]]"
11n_167_65,"[[12, 8, 13, 7], [16, 10, 17, 9], [4, 14, 5, 13], [6, 21, 7, 22], [17, 2, 18, 3], [1, 18, 2, 19], [22, 5, 1, 6], [14, 4, 15, 3], [20, 12, 21, 11], [8, 16, 9, 15], [10, 20, 11, 19]]"
11n_167_66,"[[11, 21, 12, 20], [13, 9, 14, 8], [17, 11, 18, 10], [5, 15, 6, 14], [7, 22, 8, 1], [18, 3, 19, 4], [2, 19, 3, 20], [1, 6, 2, 7], [15, 5, 16, 4], [21, 13, 22, 12], [9, 17, 10, 16]]"
11n_167_67,"[[9, 17, 10, 16], [11, 21, 12, 20], [13, 9, 14, 8], [17, 11, 18, 10], [5, 15, 6, 14], [7, 22, 8, 1], [18, 3, 19, 4], [2, 19, 3, 20], [1, 6, 2, 7], [15, 5, 16, 4], [21, 13, 22, 12]]"
11n_167_68,"[[21, 13, 22, 12], [9, 17, 10, 16], [11, 21, 12, 20], [13, 9, 14, 8], [17, 11, 18, 10], [5, 15, 6, 14], [7, 22, 8, 1], [18, 3, 19, 4], [2, 19, 3, 20], [1, 6, 2, 7], [15, 5, 16, 4]]"
11n_167_69,"[[15, 5, 16, 4], [21, 13, 22, 12], [9, 17, 10, 16], [11, 21, 12, 20], [13, 9, 14, 8], [17, 11, 18, 10], [5, 15, 6, 14], [7, 22, 8, 1], [18, 3, 19, 4], [2, 19, 3, 20], [1, 6, 2, 7]]"
11n_167_70,"[[1, 6, 2, 7], [15, 5, 16, 4], [21, 13, 22, 12], [9, 17, 10, 16], [11, 21, 12, 20], [13, 9, 14, 8], [17, 11, 18, 10], [5, 15, 6, 14], [7, 22, 8, 1], [18, 3, 19, 4], [2, 19, 3, 20]]"
11n_167_71,"[[2, 19, 3, 20], [1, 6, 2, 7], [15, 5, 16, 4], [21, 13, 22, 12], [9, 17, 10, 16], [11, 21, 12, 20], [13, 9, 14, 8], [17, 11, 18, 10], [5, 15, 6, 14], [7, 22, 8, 1], [18, 3, 19, 4]]"
11n_167_72,"[[18, 3, 19, 4], [2, 19, 3, 20], [1, 6, 2, 7], [15, 5, 16, 4], [21, 13, 22, 12], [9, 17, 10, 16], [11, 21, 12, 20], [13, 9, 14, 8], [17, 11, 18, 10], [5, 15, 6, 14], [7, 22, 8, 1]]"
11n_167_73,"[[7, 22, 8, 1], [18, 3, 19, 4], [2, 19, 3, 20], [1, 6, 2, 7], [15, 5, 16, 4], [21, 13, 22, 12], [9, 17, 10, 16], [11, 21, 12, 20], [13, 9, 14, 8], [17, 11, 18, 10], [5, 15, 6, 14]]"
11n_167_74,"[[5, 15, 6, 14], [7, 22, 8, 1], [18, 3, 19, 4], [2, 19, 3, 20], [1, 6, 2, 7], [15, 5, 16, 4], [21, 13, 22, 12], [9, 17, 10, 16], [11, 21, 12, 20], [13, 9, 14, 8], [17, 11, 18, 10]]"
11n_167_75,"[[17, 11, 18, 10], [5, 15, 6, 14], [7, 22, 8, 1], [18, 3, 19, 4], [2, 19, 3, 20], [1, 6, 2, 7], [15, 5, 16, 4], [21, 13, 22, 12], [9, 17, 10, 16], [11, 21, 12, 20], [13, 9, 14, 8]]"
11n_167_76,"[[13, 9, 14, 8], [17, 11, 18, 10], [5, 15, 6, 14], [7, 22, 8, 1], [18, 3, 19, 4], [2, 19, 3, 20], [1, 6, 2, 7], [15, 5, 16, 4], [21, 13, 22, 12], [9, 17, 10, 16], [11, 21, 12, 20]]"
11n_167_77,"[[12, 22, 13, 21], [14, 10, 15, 9], [18, 12, 19, 11], [6, 16, 7, 15], [8, 1, 9, 2], [19, 4, 20, 5], [3, 20, 4, 21], [2, 7, 3, 8], [16, 6, 17, 5], [22, 14, 1, 13], [10, 18, 11, 17]]"
11n_167_78,"[[10, 18, 11, 17], [12, 22, 13, 21], [14, 10, 15, 9], [18, 12, 19, 11], [6, 16, 7, 15], [8, 1, 9, 2], [19, 4, 20, 5], [3, 20, 4, 21], [2, 7, 3, 8], [16, 6, 17, 5], [22, 14, 1, 13]]"
11n_167_79,"[[22, 14, 1, 13], [10, 18, 11, 17], [12, 22, 13, 21], [14, 10, 15, 9], [18, 12, 19, 11], [6, 16, 7, 15], [8, 1, 9, 2], [19, 4, 20, 5], [3, 20, 4, 21], [2, 7, 3, 8], [16, 6, 17, 5]]"
11n_167_80,"[[16, 6, 17, 5], [22, 14, 1, 13], [10, 18, 11, 17], [12, 22, 13, 21], [14, 10, 15, 9], [18, 12, 19, 11], [6, 16, 7, 15], [8, 1, 9, 2], [19, 4, 20, 5], [3, 20, 4, 21], [2, 7, 3, 8]]"
11n_167_81,"[[2, 7, 3, 8], [16, 6, 17, 5], [22, 14, 1, 13], [10, 18, 11, 17], [12, 22, 13, 21], [14, 10, 15, 9], [18, 12, 19, 11], [6, 16, 7, 15], [8, 1, 9, 2], [19, 4, 20, 5], [3, 20, 4, 21]]"
11n_167_82,"[[3, 20, 4, 21], [2, 7, 3, 8], [16, 6, 17, 5], [22, 14, 1, 13], [10, 18, 11, 17], [12, 22, 13, 21], [14, 10, 15, 9], [18, 12, 19, 11], [6, 16, 7, 15], [8, 1, 9, 2], [19, 4, 20, 5]]"
11n_167_83,"[[19, 4, 20, 5], [3, 20, 4, 21], [2, 7, 3, 8], [16, 6, 17, 5], [22, 14, 1, 13], [10, 18, 11, 17], [12, 22, 13, 21], [14, 10, 15, 9], [18, 12, 19, 11], [6, 16, 7, 15], [8, 1, 9, 2]]"
11n_167_84,"[[8, 1, 9, 2], [19, 4, 20, 5], [3, 20, 4, 21], [2, 7, 3, 8], [16, 6, 17, 5], [22, 14, 1, 13], [10, 18, 11, 17], [12, 22, 13, 21], [14, 10, 15, 9], [18, 12, 19, 11], [6, 16, 7, 15]]"
11n_167_85,"[[6, 16, 7, 15], [8, 1, 9, 2], [19, 4, 20, 5], [3, 20, 4, 21], [2, 7, 3, 8], [16, 6, 17, 5], [22, 14, 1, 13], [10, 18, 11, 17], [12, 22, 13, 21], [14, 10, 15, 9], [18, 12, 19, 11]]"
11n_167_86,"[[18, 12, 19, 11], [6, 16, 7, 15], [8, 1, 9, 2], [19, 4, 20, 5], [3, 20, 4, 21], [2, 7, 3, 8], [16, 6, 17, 5], [22, 14, 1, 13], [10, 18, 11, 17], [12, 22, 13, 21], [14, 10, 15, 9]]"
11n_167_87,"[[14, 10, 15, 9], [18, 12, 19, 11], [6, 16, 7, 15], [8, 1, 9, 2], [19, 4, 20, 5], [3, 20, 4, 21], [2, 7, 3, 8], [16, 6, 17, 5], [22, 14, 1, 13], [10, 18, 11, 17], [12, 22, 13, 21]]"
11n_167_88,"[[13, 1, 14, 22], [15, 11, 16, 10], [19, 13, 20, 12], [7, 17, 8, 16], [9, 2, 10, 3], [20, 5, 21, 6], [4, 21, 5, 22], [3, 8, 4, 9], [17, 7, 18, 6], [1, 15, 2, 14], [11, 19, 12, 18]]"
11n_167_89,"[[11, 19, 12, 18], [13, 1, 14, 22], [15, 11, 16, 10], [19, 13, 20, 12], [7, 17, 8, 16], [9, 2, 10, 3], [20, 5, 21, 6], [4, 21, 5, 22], [3, 8, 4, 9], [17, 7, 18, 6], [1, 15, 2, 14]]"
11n_167_90,"[[1, 15, 2, 14], [11, 19, 12, 18], [13, 1, 14, 22], [15, 11, 16, 10], [19, 13, 20, 12], [7, 17, 8, 16], [9, 2, 10, 3], [20, 5, 21, 6], [4, 21, 5, 22], [3, 8, 4, 9], [17, 7, 18, 6]]"
11n_167_91,"[[17, 7, 18, 6], [1, 15, 2, 14], [11, 19, 12, 18], [13, 1, 14, 22], [15, 11, 16, 10], [19, 13, 20, 12], [7, 17, 8, 16], [9, 2, 10, 3], [20, 5, 21, 6], [4, 21, 5, 22], [3, 8, 4, 9]]"
11n_167_92,"[[3, 8, 4, 9], [17, 7, 18, 6], [1, 15, 2, 14], [11, 19, 12, 18], [13, 1, 14, 22], [15, 11, 16, 10], [19, 13, 20, 12], [7, 17, 8, 16], [9, 2, 10, 3], [20, 5, 21, 6], [4, 21, 5, 22]]"
11n_167_93,"[[4, 21, 5, 22], [3, 8, 4, 9], [17, 7, 18, 6], [1, 15, 2, 14], [11, 19, 12, 18], [13, 1, 14, 22], [15, 11, 16, 10], [19, 13, 20, 12], [7, 17, 8, 16], [9, 2, 10, 3], [20, 5, 21, 6]]"
11n_167_94,"[[20, 5, 21, 6], [4, 21, 5, 22], [3, 8, 4, 9], [17, 7, 18, 6], [1, 15, 2, 14], [11, 19, 12, 18], [13, 1, 14, 22], [15, 11, 16, 10], [19, 13, 20, 12], [7, 17, 8, 16], [9, 2, 10, 3]]"
11n_167_95,"[[9, 2, 10, 3], [20, 5, 21, 6], [4, 21, 5, 22], [3, 8, 4, 9], [17, 7, 18, 6], [1, 15, 2, 14], [11, 19, 12, 18], [13, 1, 14, 22], [15, 11, 16, 10], [19, 13, 20, 12], [7, 17, 8, 16]]"
11n_167_96,"[[7, 17, 8, 16], [9, 2, 10, 3], [20, 5, 21, 6], [4, 21, 5, 22], [3, 8, 4, 9], [17, 7, 18, 6], [1, 15, 2, 14], [11, 19, 12, 18], [13, 1, 14, 22], [15, 11, 16, 10], [19, 13, 20, 12]]"
11n_167_97,"[[19, 13, 20, 12], [7, 17, 8, 16], [9, 2, 10, 3], [20, 5, 21, 6], [4, 21, 5, 22], [3, 8, 4, 9], [17, 7, 18, 6], [1, 15, 2, 14], [11, 19, 12, 18], [13, 1, 14, 22], [15, 11, 16, 10]]"
11n_167_98,"[[15, 11, 16, 10], [19, 13, 20, 12], [7, 17, 8, 16], [9, 2, 10, 3], [20, 5, 21, 6], [4, 21, 5, 22], [3, 8, 4, 9], [17, 7, 18, 6], [1, 15, 2, 14], [11, 19, 12, 18], [13, 1, 14, 22]]"
11n_167_99,"[[14, 2, 15, 1], [16, 12, 17, 11], [20, 14, 21, 13], [8, 18, 9, 17], [10, 3, 11, 4], [21, 6, 22, 7], [5, 22, 6, 1], [4, 9, 5, 10], [18, 8, 19, 7], [2, 16, 3, 15], [12, 20, 13, 19]]"
11n_167_100,"[[12, 20, 13, 19], [14, 2, 15, 1], [16, 12, 17, 11], [20, 14, 21, 13], [8, 18, 9, 17], [10, 3, 11, 4], [21, 6, 22, 7], [5, 22, 6, 1], [4, 9, 5, 10], [18, 8, 19, 7], [2, 16, 3, 15]]"
11n_167_101,"[[2, 16, 3, 15], [12, 20, 13, 19], [14, 2, 15, 1], [16, 12, 17, 11], [20, 14, 21, 13], [8, 18, 9, 17], [10, 3, 11, 4], [21, 6, 22, 7], [5, 22, 6, 1], [4, 9, 5, 10], [18, 8, 19, 7]]"
11n_167_102,"[[18, 8, 19, 7], [2, 16, 3, 15], [12, 20, 13, 19], [14, 2, 15, 1], [16, 12, 17, 11], [20, 14, 21, 13], [8, 18, 9, 17], [10, 3, 11, 4], [21, 6, 22, 7], [5, 22, 6, 1], [4, 9, 5, 10]]"
11n_167_103,"[[4, 9, 5, 10], [18, 8, 19, 7], [2, 16, 3, 15], [12, 20, 13, 19], [14, 2, 15, 1], [16, 12, 17, 11], [20, 14, 21, 13], [8, 18, 9, 17], [10, 3, 11, 4], [21, 6, 22, 7], [5, 22, 6, 1]]"
11n_167_104,"[[5, 22, 6, 1], [4, 9, 5, 10], [18, 8, 19, 7], [2, 16, 3, 15], [12, 20, 13, 19], [14, 2, 15, 1], [16, 12, 17, 11], [20, 14, 21, 13], [8, 18, 9, 17], [10, 3, 11, 4], [21, 6, 22, 7]]"
11n_167_105,"[[21, 6, 22, 7], [5, 22, 6, 1], [4, 9, 5, 10], [18, 8, 19, 7], [2, 16, 3, 15], [12, 20, 13, 19], [14, 2, 15, 1], [16, 12, 17, 11], [20, 14, 21, 13], [8, 18, 9, 17], [10, 3, 11, 4]]"
11n_167_106,"[[10, 3, 11, 4], [21, 6, 22, 7], [5, 22, 6, 1], [4, 9, 5, 10], [18, 8, 19, 7], [2, 16, 3, 15], [12, 20, 13, 19], [14, 2, 15, 1], [16, 12, 17, 11], [20, 14, 21, 13], [8, 18, 9, 17]]"
11n_167_107,"[[8, 18, 9, 17], [10, 3, 11, 4], [21, 6, 22, 7], [5, 22, 6, 1], [4, 9, 5, 10], [18, 8, 19, 7], [2, 16, 3, 15], [12, 20, 13, 19], [14, 2, 15, 1], [16, 12, 17, 11], [20, 14, 21, 13]]"
11n_167_108,"[[20, 14, 21, 13], [8, 18, 9, 17], [10, 3, 11, 4], [21, 6, 22, 7], [5, 22, 6, 1], [4, 9, 5, 10], [18, 8, 19, 7], [2, 16, 3, 15], [12, 20, 13, 19], [14, 2, 15, 1], [16, 12, 17, 11]]"
11n_167_109,"[[16, 12, 17, 11], [20, 14, 21, 13], [8, 18, 9, 17], [10, 3, 11, 4], [21, 6, 22, 7], [5, 22, 6, 1], [4, 9, 5, 10], [18, 8, 19, 7], [2, 16, 3, 15], [12, 20, 13, 19], [14, 2, 15, 1]]"
11n_167_110,"[[15, 3, 16, 2], [17, 13, 18, 12], [21, 15, 22, 14], [9, 19, 10, 18], [11, 4, 12, 5], [22, 7, 1, 8], [6, 1, 7, 2], [5, 10, 6, 11], [19, 9, 20, 8], [3, 17, 4, 16], [13, 21, 14, 20]]"
11n_167_111,"[[13, 21, 14, 20], [15, 3, 16, 2], [17, 13, 18, 12], [21, 15, 22, 14], [9, 19, 10, 18], [11, 4, 12, 5], [22, 7, 1, 8], [6, 1, 7, 2], [5, 10, 6, 11], [19, 9, 20, 8], [3, 17, 4, 16]]"
11n_167_112,"[[3, 17, 4, 16], [13, 21, 14, 20], [15, 3, 16, 2], [17, 13, 18, 12], [21, 15, 22, 14], [9, 19, 10, 18], [11, 4, 12, 5], [22, 7, 1, 8], [6, 1, 7, 2], [5, 10, 6, 11], [19, 9, 20, 8]]"
11n_167_113,"[[19, 9, 20, 8], [3, 17, 4, 16], [13, 21, 14, 20], [15, 3, 16, 2], [17, 13, 18, 12], [21, 15, 22, 14], [9, 19, 10, 18], [11, 4, 12, 5], [22, 7, 1, 8], [6, 1, 7, 2], [5, 10, 6, 11]]"
11n_167_114,"[[5, 10, 6, 11], [19, 9, 20, 8], [3, 17, 4, 16], [13, 21, 14, 20], [15, 3, 16, 2], [17, 13, 18, 12], [21, 15, 22, 14], [9, 19, 10, 18], [11, 4, 12, 5], [22, 7, 1, 8], [6, 1, 7, 2]]"
11n_167_115,"[[6, 1, 7, 2], [5, 10, 6, 11], [19, 9, 20, 8], [3, 17, 4, 16], [13, 21, 14, 20], [15, 3, 16, 2], [17, 13, 18, 12], [21, 15, 22, 14], [9, 19, 10, 18], [11, 4, 12, 5], [22, 7, 1, 8]]"
11n_167_116,"[[22, 7, 1, 8], [6, 1, 7, 2], [5, 10, 6, 11], [19, 9, 20, 8], [3, 17, 4, 16], [13, 21, 14, 20], [15, 3, 16, 2], [17, 13, 18, 12], [21, 15, 22, 14], [9, 19, 10, 18], [11, 4, 12, 5]]"
11n_167_117,"[[11, 4, 12, 5], [22, 7, 1, 8], [6, 1, 7, 2], [5, 10, 6, 11], [19, 9, 20, 8], [3, 17, 4, 16], [13, 21, 14, 20], [15, 3, 16, 2], [17, 13, 18, 12], [21, 15, 22, 14], [9, 19, 10, 18]]"
11n_167_118,"[[9, 19, 10, 18], [11, 4, 12, 5], [22, 7, 1, 8], [6, 1, 7, 2], [5, 10, 6, 11], [19, 9, 20, 8], [3, 17, 4, 16], [13, 21, 14, 20], [15, 3, 16, 2], [17, 13, 18, 12], [21, 15, 22, 14]]"
11n_167_119,"[[21, 15, 22, 14], [9, 19, 10, 18], [11, 4, 12, 5], [22, 7, 1, 8], [6, 1, 7, 2], [5, 10, 6, 11], [19, 9, 20, 8], [3, 17, 4, 16], [13, 21, 14, 20], [15, 3, 16, 2], [17, 13, 18, 12]]"
11n_167_120,"[[17, 13, 18, 12], [21, 15, 22, 14], [9, 19, 10, 18], [11, 4, 12, 5], [22, 7, 1, 8], [6, 1, 7, 2], [5, 10, 6, 11], [19, 9, 20, 8], [3, 17, 4, 16], [13, 21, 14, 20], [15, 3, 16, 2]]"
11n_167_121,"[[16, 4, 17, 3], [18, 14, 19, 13], [22, 16, 1, 15], [10, 20, 11, 19], [12, 5, 13, 6], [1, 8, 2, 9], [7, 2, 8, 3], [6, 11, 7, 12], [20, 10, 21, 9], [4, 18, 5, 17], [14, 22, 15, 21]]"
11n_167_122,"[[14, 22, 15, 21], [16, 4, 17, 3], [18, 14, 19, 13], [22, 16, 1, 15], [10, 20, 11, 19], [12, 5, 13, 6], [1, 8, 2, 9], [7, 2, 8, 3], [6, 11, 7, 12], [20, 10, 21, 9], [4, 18, 5, 17]]"
11n_167_123,"[[4, 18, 5, 17], [14, 22, 15, 21], [16, 4, 17, 3], [18, 14, 19, 13], [22, 16, 1, 15], [10, 20, 11, 19], [12, 5, 13, 6], [1, 8, 2, 9], [7, 2, 8, 3], [6, 11, 7, 12], [20, 10, 21, 9]]"
11n_167_124,"[[20, 10, 21, 9], [4, 18, 5, 17], [14, 22, 15, 21], [16, 4, 17, 3], [18, 14, 19, 13], [22, 16, 1, 15], [10, 20, 11, 19], [12, 5, 13, 6], [1, 8, 2, 9], [7, 2, 8, 3], [6, 11, 7, 12]]"
11n_167_125,"[[6, 11, 7, 12], [20, 10, 21, 9], [4, 18, 5, 17], [14, 22, 15, 21], [16, 4, 17, 3], [18, 14, 19, 13], [22, 16, 1, 15], [10, 20, 11, 19], [12, 5, 13, 6], [1, 8, 2, 9], [7, 2, 8, 3]]"
11n_167_126,"[[7, 2, 8, 3], [6, 11, 7, 12], [20, 10, 21, 9], [4, 18, 5, 17], [14, 22, 15, 21], [16, 4, 17, 3], [18, 14, 19, 13], [22, 16, 1, 15], [10, 20, 11, 19], [12, 5, 13, 6], [1, 8, 2, 9]]"
11n_167_127,"[[1, 8, 2, 9], [7, 2, 8, 3], [6, 11, 7, 12], [20, 10, 21, 9], [4, 18, 5, 17], [14, 22, 15, 21], [16, 4, 17, 3], [18, 14, 19, 13], [22, 16, 1, 15], [10, 20, 11, 19], [12, 5, 13, 6]]"
11n_167_128,"[[12, 5, 13, 6], [1, 8, 2, 9], [7, 2, 8, 3], [6, 11, 7, 12], [20, 10, 21, 9], [4, 18, 5, 17], [14, 22, 15, 21], [16, 4, 17, 3], [18, 14, 19, 13], [22, 16, 1, 15], [10, 20, 11, 19]]"
11n_167_129,"[[10, 20, 11, 19], [12, 5, 13, 6], [1, 8, 2, 9], [7, 2, 8, 3], [6, 11, 7, 12], [20, 10, 21, 9], [4, 18, 5, 17], [14, 22, 15, 21], [16, 4, 17, 3], [18, 14, 19, 13], [22, 16, 1, 15]]"
11n_167_130,"[[22, 16, 1, 15], [10, 20, 11, 19], [12, 5, 13, 6], [1, 8, 2, 9], [7, 2, 8, 3], [6, 11, 7, 12], [20, 10, 21, 9], [4, 18, 5, 17], [14, 22, 15, 21], [16, 4, 17, 3], [18, 14, 19, 13]]"
11n_167_131,"[[18, 14, 19, 13], [22, 16, 1, 15], [10, 20, 11, 19], [12, 5, 13, 6], [1, 8, 2, 9], [7, 2, 8, 3], [6, 11, 7, 12], [20, 10, 21, 9], [4, 18, 5, 17], [14, 22, 15, 21], [16, 4, 17, 3]]"
11n_167_132,"[[17, 5, 18, 4], [19, 15, 20, 14], [1, 17, 2, 16], [11, 21, 12, 20], [13, 6, 14, 7], [2, 9, 3, 10], [8, 3, 9, 4], [7, 12, 8, 13], [21, 11, 22, 10], [5, 19, 6, 18], [15, 1, 16, 22]]"
11n_167_133,"[[15, 1, 16, 22], [17, 5, 18, 4], [19, 15, 20, 14], [1, 17, 2, 16], [11, 21, 12, 20], [13, 6, 14, 7], [2, 9, 3, 10], [8, 3, 9, 4], [7, 12, 8, 13], [21, 11, 22, 10], [5, 19, 6, 18]]"
11n_167_134,"[[5, 19, 6, 18], [15, 1, 16, 22], [17, 5, 18, 4], [19, 15, 20, 14], [1, 17, 2, 16], [11, 21, 12, 20], [13, 6, 14, 7], [2, 9, 3, 10], [8, 3, 9, 4], [7, 12, 8, 13], [21, 11, 22, 10]]"
11n_167_135,"[[21, 11, 22, 10], [5, 19, 6, 18], [15, 1, 16, 22], [17, 5, 18, 4], [19, 15, 20, 14], [1, 17, 2, 16], [11, 21, 12, 20], [13, 6, 14, 7], [2, 9, 3, 10], [8, 3, 9, 4], [7, 12, 8, 13]]"
11n_167_136,"[[7, 12, 8, 13], [21, 11, 22, 10], [5, 19, 6, 18], [15, 1, 16, 22], [17, 5, 18, 4], [19, 15, 20, 14], [1, 17, 2, 16], [11, 21, 12, 20], [13, 6, 14, 7], [2, 9, 3, 10], [8, 3, 9, 4]]"
11n_167_137,"[[8, 3, 9, 4], [7, 12, 8, 13], [21, 11, 22, 10], [5, 19, 6, 18], [15, 1, 16, 22], [17, 5, 18, 4], [19, 15, 20, 14], [1, 17, 2, 16], [11, 21, 12, 20], [13, 6, 14, 7], [2, 9, 3, 10]]"
11n_167_138,"[[2, 9, 3, 10], [8, 3, 9, 4], [7, 12, 8, 13], [21, 11, 22, 10], [5, 19, 6, 18], [15, 1, 16, 22], [17, 5, 18, 4], [19, 15, 20, 14], [1, 17, 2, 16], [11, 21, 12, 20], [13, 6, 14, 7]]"
11n_167_139,"[[13, 6, 14, 7], [2, 9, 3, 10], [8, 3, 9, 4], [7, 12, 8, 13], [21, 11, 22, 10], [5, 19, 6, 18], [15, 1, 16, 22], [17, 5, 18, 4], [19, 15, 20, 14], [1, 17, 2, 16], [11, 21, 12, 20]]"
11n_167_140,"[[11, 21, 12, 20], [13, 6, 14, 7], [2, 9, 3, 10], [8, 3, 9, 4], [7, 12, 8, 13], [21, 11, 22, 10], [5, 19, 6, 18], [15, 1, 16, 22], [17, 5, 18, 4], [19, 15, 20, 14], [1, 17, 2, 16]]"
11n_167_141,"[[1, 17, 2, 16], [11, 21, 12, 20], [13, 6, 14, 7], [2, 9, 3, 10], [8, 3, 9, 4], [7, 12, 8, 13], [21, 11, 22, 10], [5, 19, 6, 18], [15, 1, 16, 22], [17, 5, 18, 4], [19, 15, 20, 14]]"
11n_167_142,"[[19, 15, 20, 14], [1, 17, 2, 16], [11, 21, 12, 20], [13, 6, 14, 7], [2, 9, 3, 10], [8, 3, 9, 4], [7, 12, 8, 13], [21, 11, 22, 10], [5, 19, 6, 18], [15, 1, 16, 22], [17, 5, 18, 4]]"
11n_167_143,"[[18, 6, 19, 5], [20, 16, 21, 15], [2, 18, 3, 17], [12, 22, 13, 21], [14, 7, 15, 8], [3, 10, 4, 11], [9, 4, 10, 5], [8, 13, 9, 14], [22, 12, 1, 11], [6, 20, 7, 19], [16, 2, 17, 1]]"
11n_167_144,"[[16, 2, 17, 1], [18, 6, 19, 5], [20, 16, 21, 15], [2, 18, 3, 17], [12, 22, 13, 21], [14, 7, 15, 8], [3, 10, 4, 11], [9, 4, 10, 5], [8, 13, 9, 14], [22, 12, 1, 11], [6, 20, 7, 19]]"
11n_167_145,"[[6, 20, 7, 19], [16, 2, 17, 1], [18, 6, 19, 5], [20, 16, 21, 15], [2, 18, 3, 17], [12, 22, 13, 21], [14, 7, 15, 8], [3, 10, 4, 11], [9, 4, 10, 5], [8, 13, 9, 14], [22, 12, 1, 11]]"
11n_167_146,"[[22, 12, 1, 11], [6, 20, 7, 19], [16, 2, 17, 1], [18, 6, 19, 5], [20, 16, 21, 15], [2, 18, 3, 17], [12, 22, 13, 21], [14, 7, 15, 8], [3, 10, 4, 11], [9, 4, 10, 5], [8, 13, 9, 14]]"
11n_167_147,"[[8, 13, 9, 14], [22, 12, 1, 11], [6, 20, 7, 19], [16, 2, 17, 1], [18, 6, 19, 5], [20, 16, 21, 15], [2, 18, 3, 17], [12, 22, 13, 21], [14, 7, 15, 8], [3, 10, 4, 11], [9, 4, 10, 5]]"
11n_167_148,"[[9, 4, 10, 5], [8, 13, 9, 14], [22, 12, 1, 11], [6, 20, 7, 19], [16, 2, 17, 1], [18, 6, 19, 5], [20, 16, 21, 15], [2, 18, 3, 17], [12, 22, 13, 21], [14, 7, 15, 8], [3, 10, 4, 11]]"
11n_167_149,"[[3, 10, 4, 11], [9, 4, 10, 5], [8, 13, 9, 14], [22, 12, 1, 11], [6, 20, 7, 19], [16, 2, 17, 1], [18, 6, 19, 5], [20, 16, 21, 15], [2, 18, 3, 17], [12, 22, 13, 21], [14, 7, 15, 8]]"
11n_167_150,"[[14, 7, 15, 8], [3, 10, 4, 11], [9, 4, 10, 5], [8, 13, 9, 14], [22, 12, 1, 11], [6, 20, 7, 19], [16, 2, 17, 1], [18, 6, 19, 5], [20, 16, 21, 15], [2, 18, 3, 17], [12, 22, 13, 21]]"
11n_167_151,"[[12, 22, 13, 21], [14, 7, 15, 8], [3, 10, 4, 11], [9, 4, 10, 5], [8, 13, 9, 14], [22, 12, 1, 11], [6, 20, 7, 19], [16, 2, 17, 1], [18, 6, 19, 5], [20, 16, 21, 15], [2, 18, 3, 17]]"
11n_167_152,"[[2, 18, 3, 17], [12, 22, 13, 21], [14, 7, 15, 8], [3, 10, 4, 11], [9, 4, 10, 5], [8, 13, 9, 14], [22, 12, 1, 11], [6, 20, 7, 19], [16, 2, 17, 1], [18, 6, 19, 5], [20, 16, 21, 15]]"
11n_167_153,"[[20, 16, 21, 15], [2, 18, 3, 17], [12, 22, 13, 21], [14, 7, 15, 8], [3, 10, 4, 11], [9, 4, 10, 5], [8, 13, 9, 14], [22, 12, 1, 11], [6, 20, 7, 19], [16, 2, 17, 1], [18, 6, 19, 5]]"
11n_167_154,"[[19, 7, 20, 6], [21, 17, 22, 16], [3, 19, 4, 18], [13, 1, 14, 22], [15, 8, 16, 9], [4, 11, 5, 12], [10, 5, 11, 6], [9, 14, 10, 15], [1, 13, 2, 12], [7, 21, 8, 20], [17, 3, 18, 2]]"
11n_167_155,"[[17, 3, 18, 2], [19, 7, 20, 6], [21, 17, 22, 16], [3, 19, 4, 18], [13, 1, 14, 22], [15, 8, 16, 9], [4, 11, 5, 12], [10, 5, 11, 6], [9, 14, 10, 15], [1, 13, 2, 12], [7, 21, 8, 20]]"
11n_167_156,"[[7, 21, 8, 20], [17, 3, 18, 2], [19, 7, 20, 6], [21, 17, 22, 16], [3, 19, 4, 18], [13, 1, 14, 22], [15, 8, 16, 9], [4, 11, 5, 12], [10, 5, 11, 6], [9, 14, 10, 15], [1, 13, 2, 12]]"
11n_167_157,"[[1, 13, 2, 12], [7, 21, 8, 20], [17, 3, 18, 2], [19, 7, 20, 6], [21, 17, 22, 16], [3, 19, 4, 18], [13, 1, 14, 22], [15, 8, 16, 9], [4, 11, 5, 12], [10, 5, 11, 6], [9, 14, 10, 15]]"
11n_167_158,"[[9, 14, 10, 15], [1, 13, 2, 12], [7, 21, 8, 20], [17, 3, 18, 2], [19, 7, 20, 6], [21, 17, 22, 16], [3, 19, 4, 18], [13, 1, 14, 22], [15, 8, 16, 9], [4, 11, 5, 12], [10, 5, 11, 6]]"
11n_167_159,"[[10, 5, 11, 6], [9, 14, 10, 15], [1, 13, 2, 12], [7, 21, 8, 20], [17, 3, 18, 2], [19, 7, 20, 6], [21, 17, 22, 16], [3, 19, 4, 18], [13, 1, 14, 22], [15, 8, 16, 9], [4, 11, 5, 12]]"
11n_167_160,"[[4, 11, 5, 12], [10, 5, 11, 6], [9, 14, 10, 15], [1, 13, 2, 12], [7, 21, 8, 20], [17, 3, 18, 2], [19, 7, 20, 6], [21, 17, 22, 16], [3, 19, 4, 18], [13, 1, 14, 22], [15, 8, 16, 9]]"
11n_167_161,"[[15, 8, 16, 9], [4, 11, 5, 12], [10, 5, 11, 6], [9, 14, 10, 15], [1, 13, 2, 12], [7, 21, 8, 20], [17, 3, 18, 2], [19, 7, 20, 6], [21, 17, 22, 16], [3, 19, 4, 18], [13, 1, 14, 22]]"
11n_167_162,"[[13, 1, 14, 22], [15, 8, 16, 9], [4, 11, 5, 12], [10, 5, 11, 6], [9, 14, 10, 15], [1, 13, 2, 12], [7, 21, 8, 20], [17, 3, 18, 2], [19, 7, 20, 6], [21, 17, 22, 16], [3, 19, 4, 18]]"
11n_167_163,"[[3, 19, 4, 18], [13, 1, 14, 22], [15, 8, 16, 9], [4, 11, 5, 12], [10, 5, 11, 6], [9, 14, 10, 15], [1, 13, 2, 12], [7, 21, 8, 20], [17, 3, 18, 2], [19, 7, 20, 6], [21, 17, 22, 16]]"
11n_167_164,"[[21, 17, 22, 16], [3, 19, 4, 18], [13, 1, 14, 22], [15, 8, 16, 9], [4, 11, 5, 12], [10, 5, 11, 6], [9, 14, 10, 15], [1, 13, 2, 12], [7, 21, 8, 20], [17, 3, 18, 2], [19, 7, 20, 6]]"
11n_167_165,"[[20, 8, 21, 7], [22, 18, 1, 17], [4, 20, 5, 19], [14, 2, 15, 1], [16, 9, 17, 10], [5, 12, 6, 13], [11, 6, 12, 7], [10, 15, 11, 16], [2, 14, 3, 13], [8, 22, 9, 21], [18, 4, 19, 3]]"
11n_167_166,"[[18, 4, 19, 3], [20, 8, 21, 7], [22, 18, 1, 17], [4, 20, 5, 19], [14, 2, 15, 1], [16, 9, 17, 10], [5, 12, 6, 13], [11, 6, 12, 7], [10, 15, 11, 16], [2, 14, 3, 13], [8, 22, 9, 21]]"
11n_167_167,"[[8, 22, 9, 21], [18, 4, 19, 3], [20, 8, 21, 7], [22, 18, 1, 17], [4, 20, 5, 19], [14, 2, 15, 1], [16, 9, 17, 10], [5, 12, 6, 13], [11, 6, 12, 7], [10, 15, 11, 16], [2, 14, 3, 13]]"
11n_167_168,"[[2, 14, 3, 13], [8, 22, 9, 21], [18, 4, 19, 3], [20, 8, 21, 7], [22, 18, 1, 17], [4, 20, 5, 19], [14, 2, 15, 1], [16, 9, 17, 10], [5, 12, 6, 13], [11, 6, 12, 7], [10, 15, 11, 16]]"
11n_167_169,"[[10, 15, 11, 16], [2, 14, 3, 13], [8, 22, 9, 21], [18, 4, 19, 3], [20, 8, 21, 7], [22, 18, 1, 17], [4, 20, 5, 19], [14, 2, 15, 1], [16, 9, 17, 10], [5, 12, 6, 13], [11, 6, 12, 7]]"
11n_167_170,"[[11, 6, 12, 7], [10, 15, 11, 16], [2, 14, 3, 13], [8, 22, 9, 21], [18, 4, 19, 3], [20, 8, 21, 7], [22, 18, 1, 17], [4, 20, 5, 19], [14, 2, 15, 1], [16, 9, 17, 10], [5, 12, 6, 13]]"
11n_167_171,"[[5, 12, 6, 13], [11, 6, 12, 7], [10, 15, 11, 16], [2, 14, 3, 13], [8, 22, 9, 21], [18, 4, 19, 3], [20, 8, 21, 7], [22, 18, 1, 17], [4, 20, 5, 19], [14, 2, 15, 1], [16, 9, 17, 10]]"
11n_167_172,"[[16, 9, 17, 10], [5, 12, 6, 13], [11, 6, 12, 7], [10, 15, 11, 16], [2, 14, 3, 13], [8, 22, 9, 21], [18, 4, 19, 3], [20, 8, 21, 7], [22, 18, 1, 17], [4, 20, 5, 19], [14, 2, 15, 1]]"
11n_167_173,"[[14, 2, 15, 1], [16, 9, 17, 10], [5, 12, 6, 13], [11, 6, 12, 7], [10, 15, 11, 16], [2, 14, 3, 13], [8, 22, 9, 21], [18, 4, 19, 3], [20, 8, 21, 7], [22, 18, 1, 17], [4, 20, 5, 19]]"
11n_167_174,"[[4, 20, 5, 19], [14, 2, 15, 1], [16, 9, 17, 10], [5, 12, 6, 13], [11, 6, 12, 7], [10, 15, 11, 16], [2, 14, 3, 13], [8, 22, 9, 21], [18, 4, 19, 3], [20, 8, 21, 7], [22, 18, 1, 17]]"
11n_167_175,"[[22, 18, 1, 17], [4, 20, 5, 19], [14, 2, 15, 1], [16, 9, 17, 10], [5, 12, 6, 13], [11, 6, 12, 7], [10, 15, 11, 16], [2, 14, 3, 13], [8, 22, 9, 21], [18, 4, 19, 3], [20, 8, 21, 7]]"
11n_167_176,"[[21, 9, 22, 8], [1, 19, 2, 18], [5, 21, 6, 20], [15, 3, 16, 2], [17, 10, 18, 11], [6, 13, 7, 14], [12, 7, 13, 8], [11, 16, 12, 17], [3, 15, 4, 14], [9, 1, 10, 22], [19, 5, 20, 4]]"
11n_167_177,"[[19, 5, 20, 4], [21, 9, 22, 8], [1, 19, 2, 18], [5, 21, 6, 20], [15, 3, 16, 2], [17, 10, 18, 11], [6, 13, 7, 14], [12, 7, 13, 8], [11, 16, 12, 17], [3, 15, 4, 14], [9, 1, 10, 22]]"
11n_167_178,"[[9, 1, 10, 22], [19, 5, 20, 4], [21, 9, 22, 8], [1, 19, 2, 18], [5, 21, 6, 20], [15, 3, 16, 2], [17, 10, 18, 11], [6, 13, 7, 14], [12, 7, 13, 8], [11, 16, 12, 17], [3, 15, 4, 14]]"
11n_167_179,"[[3, 15, 4, 14], [9, 1, 10, 22], [19, 5, 20, 4], [21, 9, 22, 8], [1, 19, 2, 18], [5, 21, 6, 20], [15, 3, 16, 2], [17, 10, 18, 11], [6, 13, 7, 14], [12, 7, 13, 8], [11, 16, 12, 17]]"
11n_167_180,"[[11, 16, 12, 17], [3, 15, 4, 14], [9, 1, 10, 22], [19, 5, 20, 4], [21, 9, 22, 8], [1, 19, 2, 18], [5, 21, 6, 20], [15, 3, 16, 2], [17, 10, 18, 11], [6, 13, 7, 14], [12, 7, 13, 8]]"
11n_167_181,"[[12, 7, 13, 8], [11, 16, 12, 17], [3, 15, 4, 14], [9, 1, 10, 22], [19, 5, 20, 4], [21, 9, 22, 8], [1, 19, 2, 18], [5, 21, 6, 20], [15, 3, 16, 2], [17, 10, 18, 11], [6, 13, 7, 14]]"
11n_167_182,"[[6, 13, 7, 14], [12, 7, 13, 8], [11, 16, 12, 17], [3, 15, 4, 14], [9, 1, 10, 22], [19, 5, 20, 4], [21, 9, 22, 8], [1, 19, 2, 18], [5, 21, 6, 20], [15, 3, 16, 2], [17, 10, 18, 11]]"
11n_167_183,"[[17, 10, 18, 11], [6, 13, 7, 14], [12, 7, 13, 8], [11, 16, 12, 17], [3, 15, 4, 14], [9, 1, 10, 22], [19, 5, 20, 4], [21, 9, 22, 8], [1, 19, 2, 18], [5, 21, 6, 20], [15, 3, 16, 2]]"
11n_167_184,"[[15, 3, 16, 2], [17, 10, 18, 11], [6, 13, 7, 14], [12, 7, 13, 8], [11, 16, 12, 17], [3, 15, 4, 14], [9, 1, 10, 22], [19, 5, 20, 4], [21, 9, 22, 8], [1, 19, 2, 18], [5, 21, 6, 20]]"
11n_167_185,"[[5, 21, 6, 20], [15, 3, 16, 2], [17, 10, 18, 11], [6, 13, 7, 14], [12, 7, 13, 8], [11, 16, 12, 17], [3, 15, 4, 14], [9, 1, 10, 22], [19, 5, 20, 4], [21, 9, 22, 8], [1, 19, 2, 18]]"
11n_167_186,"[[1, 19, 2, 18], [5, 21, 6, 20], [15, 3, 16, 2], [17, 10, 18, 11], [6, 13, 7, 14], [12, 7, 13, 8], [11, 16, 12, 17], [3, 15, 4, 14], [9, 1, 10, 22], [19, 5, 20, 4], [21, 9, 22, 8]]"
11n_167_187,"[[22, 10, 1, 9], [2, 20, 3, 19], [6, 22, 7, 21], [16, 4, 17, 3], [18, 11, 19, 12], [7, 14, 8, 15], [13, 8, 14, 9], [12, 17, 13, 18], [4, 16, 5, 15], [10, 2, 11, 1], [20, 6, 21, 5]]"
11n_167_188,"[[20, 6, 21, 5], [22, 10, 1, 9], [2, 20, 3, 19], [6, 22, 7, 21], [16, 4, 17, 3], [18, 11, 19, 12], [7, 14, 8, 15], [13, 8, 14, 9], [12, 17, 13, 18], [4, 16, 5, 15], [10, 2, 11, 1]]"
11n_167_189,"[[10, 2, 11, 1], [20, 6, 21, 5], [22, 10, 1, 9], [2, 20, 3, 19], [6, 22, 7, 21], [16, 4, 17, 3], [18, 11, 19, 12], [7, 14, 8, 15], [13, 8, 14, 9], [12, 17, 13, 18], [4, 16, 5, 15]]"
11n_167_190,"[[4, 16, 5, 15], [10, 2, 11, 1], [20, 6, 21, 5], [22, 10, 1, 9], [2, 20, 3, 19], [6, 22, 7, 21], [16, 4, 17, 3], [18, 11, 19, 12], [7, 14, 8, 15], [13, 8, 14, 9], [12, 17, 13, 18]]"
11n_167_191,"[[12, 17, 13, 18], [4, 16, 5, 15], [10, 2, 11, 1], [20, 6, 21, 5], [22, 10, 1, 9], [2, 20, 3, 19], [6, 22, 7, 21], [16, 4, 17, 3], [18, 11, 19, 12], [7, 14, 8, 15], [13, 8, 14, 9]]"
11n_167_192,"[[13, 8, 14, 9], [12, 17, 13, 18], [4, 16, 5, 15], [10, 2, 11, 1], [20, 6, 21, 5], [22, 10, 1, 9], [2, 20, 3, 19], [6, 22, 7, 21], [16, 4, 17, 3], [18, 11, 19, 12], [7, 14, 8, 15]]"
11n_167_193,"[[7, 14, 8, 15], [13, 8, 14, 9], [12, 17, 13, 18], [4, 16, 5, 15], [10, 2, 11, 1], [20, 6, 21, 5], [22, 10, 1, 9], [2, 20, 3, 19], [6, 22, 7, 21], [16, 4, 17, 3], [18, 11, 19, 12]]"
11n_167_194,"[[18, 11, 19, 12], [7, 14, 8, 15], [13, 8, 14, 9], [12, 17, 13, 18], [4, 16, 5, 15], [10, 2, 11, 1], [20, 6, 21, 5], [22, 10, 1, 9], [2, 20, 3, 19], [6, 22, 7, 21], [16, 4, 17, 3]]"
11n_167_195,"[[16, 4, 17, 3], [18, 11, 19, 12], [7, 14, 8, 15], [13, 8, 14, 9], [12, 17, 13, 18], [4, 16, 5, 15], [10, 2, 11, 1], [20, 6, 21, 5], [22, 10, 1, 9], [2, 20, 3, 19], [6, 22, 7, 21]]"
11n_167_196,"[[6, 22, 7, 21], [16, 4, 17, 3], [18, 11, 19, 12], [7, 14, 8, 15], [13, 8, 14, 9], [12, 17, 13, 18], [4, 16, 5, 15], [10, 2, 11, 1], [20, 6, 21, 5], [22, 10, 1, 9], [2, 20, 3, 19]]"
11n_167_197,"[[2, 20, 3, 19], [6, 22, 7, 21], [16, 4, 17, 3], [18, 11, 19, 12], [7, 14, 8, 15], [13, 8, 14, 9], [12, 17, 13, 18], [4, 16, 5, 15], [10, 2, 11, 1], [20, 6, 21, 5], [22, 10, 1, 9]]"
11n_167_198,"[[1, 11, 2, 10], [3, 21, 4, 20], [7, 1, 8, 22], [17, 5, 18, 4], [19, 12, 20, 13], [8, 15, 9, 16], [14, 9, 15, 10], [13, 18, 14, 19], [5, 17, 6, 16], [11, 3, 12, 2], [21, 7, 22, 6]]"
11n_167_199,"[[21, 7, 22, 6], [1, 11, 2, 10], [3, 21, 4, 20], [7, 1, 8, 22], [17, 5, 18, 4], [19, 12, 20, 13], [8, 15, 9, 16], [14, 9, 15, 10], [13, 18, 14, 19], [5, 17, 6, 16], [11, 3, 12, 2]]"
11n_167_200,"[[11, 3, 12, 2], [21, 7, 22, 6], [1, 11, 2, 10], [3, 21, 4, 20], [7, 1, 8, 22], [17, 5, 18, 4], [19, 12, 20, 13], [8, 15, 9, 16], [14, 9, 15, 10], [13, 18, 14, 19], [5, 17, 6, 16]]"
11n_167_201,"[[5, 17, 6, 16], [11, 3, 12, 2], [21, 7, 22, 6], [1, 11, 2, 10], [3, 21, 4, 20], [7, 1, 8, 22], [17, 5, 18, 4], [19, 12, 20, 13], [8, 15, 9, 16], [14, 9, 15, 10], [13, 18, 14, 19]]"
11n_167_202,"[[13, 18, 14, 19], [5, 17, 6, 16], [11, 3, 12, 2], [21, 7, 22, 6], [1, 11, 2, 10], [3, 21, 4, 20], [7, 1, 8, 22], [17, 5, 18, 4], [19, 12, 20, 13], [8, 15, 9, 16], [14, 9, 15, 10]]"
11n_167_203,"[[14, 9, 15, 10], [13, 18, 14, 19], [5, 17, 6, 16], [11, 3, 12, 2], [21, 7, 22, 6], [1, 11, 2, 10], [3, 21, 4, 20], [7, 1, 8, 22], [17, 5, 18, 4], [19, 12, 20, 13], [8, 15, 9, 16]]"
