name,pd_notation
11n_151_0,"[[22, 12, 1, 11], [7, 3, 8, 2], [9, 5, 10, 4], [3, 9, 4, 8], [18, 1, 19, 2], [13, 6, 14, 7], [5, 14, 6, 15], [12, 20, 13, 19], [20, 16, 21, 15], [10, 17, 11, 18], [16, 22, 17, 21]]"
11n_151_1,"[[16, 22, 17, 21], [22, 12, 1, 11], [7, 3, 8, 2], [9, 5, 10, 4], [3, 9, 4, 8], [18, 1, 19, 2], [13, 6, 14, 7], [5, 14, 6, 15], [12, 20, 13, 19], [20, 16, 21, 15], [10, 17, 11, 18]]"
11n_151_2,"[[10, 17, 11, 18], [16, 22, 17, 21], [22, 12, 1, 11], [7, 3, 8, 2], [9, 5, 10, 4], [3, 9, 4, 8], [18, 1, 19, 2], [13, 6, 14, 7], [5, 14, 6, 15], [12, 20, 13, 19], [20, 16, 21, 15]]"
11n_151_3,"[[20, 16, 21, 15], [10, 17, 11, 18], [16, 22, 17, 21], [22, 12, 1, 11], [7, 3, 8, 2], [9, 5, 10, 4], [3, 9, 4, 8], [18, 1, 19, 2], [13, 6, 14, 7], [5, 14, 6, 15], [12, 20, 13, 19]]"
11n_151_4,"[[12, 20, 13, 19], [20, 16, 21, 15], [10, 17, 11, 18], [16, 22, 17, 21], [22, 12, 1, 11], [7, 3, 8, 2], [9, 5, 10, 4], [3, 9, 4, 8], [18, 1, 19, 2], [13, 6, 14, 7], [5, 14, 6, 15]]"
11n_151_5,"[[5, 14, 6, 15], [12, 20, 13, 19], [20, 16, 21, 15], [10, 17, 11, 18], [16, 22, 17, 21], [22, 12, 1, 11], [7, 3, 8, 2], [9, 5, 10, 4], [3, 9, 4, 8], [18, 1, 19, 2], [13, 6, 14, 7]]"
11n_151_6,"[[13, 6, 14, 7], [5, 14, 6, 15], [12, 20, 13, 19], [20, 16, 21, 15], [10, 17, 11, 18], [16, 22, 17, 21], [22, 12, 1, 11], [7, 3, 8, 2], [9, 5, 10, 4], [3, 9, 4, 8], [18, 1, 19, 2]]"
11n_151_7,"[[18, 1, 19, 2], [13, 6, 14, 7], [5, 14, 6, 15], [12, 20, 13, 19], [20, 16, 21, 15], [10, 17, 11, 18], [16, 22, 17, 21], [22, 12, 1, 11], [7, 3, 8, 2], [9, 5, 10, 4], [3, 9, 4, 8]]"
11n_151_8,"[[3, 9, 4, 8], [18, 1, 19, 2], [13, 6, 14, 7], [5, 14, 6, 15], [12, 20, 13, 19], [20, 16, 21, 15], [10, 17, 11, 18], [16, 22, 17, 21], [22, 12, 1, 11], [7, 3, 8, 2], [9, 5, 10, 4]]"
11n_151_9,"[[9, 5, 10, 4], [3, 9, 4, 8], [18, 1, 19, 2], [13, 6, 14, 7], [5, 14, 6, 15], [12, 20, 13, 19], [20, 16, 21, 15], [10, 17, 11, 18], [16, 22, 17, 21], [22, 12, 1, 11], [7, 3, 8, 2]]"
11n_151_10,"[[7, 3, 8, 2], [9, 5, 10, 4], [3, 9, 4, 8], [18, 1, 19, 2], [13, 6, 14, 7], [5, 14, 6, 15], [12, 20, 13, 19], [20, 16, 21, 15], [10, 17, 11, 18], [16, 22, 17, 21], [22, 12, 1, 11]]"
11n_151_11,"[[1, 13, 2, 12], [8, 4, 9, 3], [10, 6, 11, 5], [4, 10, 5, 9], [19, 2, 20, 3], [14, 7, 15, 8], [6, 15, 7, 16], [13, 21, 14, 20], [21, 17, 22, 16], [11, 18, 12, 19], [17, 1, 18, 22]]"
11n_151_12,"[[17, 1, 18, 22], [1, 13, 2, 12], [8, 4, 9, 3], [10, 6, 11, 5], [4, 10, 5, 9], [19, 2, 20, 3], [14, 7, 15, 8], [6, 15, 7, 16], [13, 21, 14, 20], [21, 17, 22, 16], [11, 18, 12, 19]]"
11n_151_13,"[[11, 18, 12, 19], [17, 1, 18, 22], [1, 13, 2, 12], [8, 4, 9, 3], [10, 6, 11, 5], [4, 10, 5, 9], [19, 2, 20, 3], [14, 7, 15, 8], [6, 15, 7, 16], [13, 21, 14, 20], [21, 17, 22, 16]]"
11n_151_14,"[[21, 17, 22, 16], [11, 18, 12, 19], [17, 1, 18, 22], [1, 13, 2, 12], [8, 4, 9, 3], [10, 6, 11, 5], [4, 10, 5, 9], [19, 2, 20, 3], [14, 7, 15, 8], [6, 15, 7, 16], [13, 21, 14, 20]]"
11n_151_15,"[[13, 21, 14, 20], [21, 17, 22, 16], [11, 18, 12, 19], [17, 1, 18, 22], [1, 13, 2, 12], [8, 4, 9, 3], [10, 6, 11, 5], [4, 10, 5, 9], [19, 2, 20, 3], [14, 7, 15, 8], [6, 15, 7, 16]]"
11n_151_16,"[[6, 15, 7, 16], [13, 21, 14, 20], [21, 17, 22, 16], [11, 18, 12, 19], [17, 1, 18, 22], [1, 13, 2, 12], [8, 4, 9, 3], [10, 6, 11, 5], [4, 10, 5, 9], [19, 2, 20, 3], [14, 7, 15, 8]]"
11n_151_17,"[[14, 7, 15, 8], [6, 15, 7, 16], [13, 21, 14, 20], [21, 17, 22, 16], [11, 18, 12, 19], [17, 1, 18, 22], [1, 13, 2, 12], [8, 4, 9, 3], [10, 6, 11, 5], [4, 10, 5, 9], [19, 2, 20, 3]]"
11n_151_18,"[[19, 2, 20, 3], [14, 7, 15, 8], [6, 15, 7, 16], [13, 21, 14, 20], [21, 17, 22, 16], [11, 18, 12, 19], [17, 1, 18, 22], [1, 13, 2, 12], [8, 4, 9, 3], [10, 6, 11, 5], [4, 10, 5, 9]]"
11n_151_19,"[[4, 10, 5, 9], [19, 2, 20, 3], [14, 7, 15, 8], [6, 15, 7, 16], [13, 21, 14, 20], [21, 17, 22, 16], [11, 18, 12, 19], [17, 1, 18, 22], [1, 13, 2, 12], [8, 4, 9, 3], [10, 6, 11, 5]]"
11n_151_20,"[[10, 6, 11, 5], [4, 10, 5, 9], [19, 2, 20, 3], [14, 7, 15, 8], [6, 15, 7, 16], [13, 21, 14, 20], [21, 17, 22, 16], [11, 18, 12, 19], [17, 1, 18, 22], [1, 13, 2, 12], [8, 4, 9, 3]]"
11n_151_21,"[[8, 4, 9, 3], [10, 6, 11, 5], [4, 10, 5, 9], [19, 2, 20, 3], [14, 7, 15, 8], [6, 15, 7, 16], [13, 21, 14, 20], [21, 17, 22, 16], [11, 18, 12, 19], [17, 1, 18, 22], [1, 13, 2, 12]]"
11n_151_22,"[[2, 14, 3, 13], [9, 5, 10, 4], [11, 7, 12, 6], [5, 11, 6, 10], [20, 3, 21, 4], [15, 8, 16, 9], [7, 16, 8, 17], [14, 22, 15, 21], [22, 18, 1, 17], [12, 19, 13, 20], [18, 2, 19, 1]]"
11n_151_23,"[[18, 2, 19, 1], [2, 14, 3, 13], [9, 5, 10, 4], [11, 7, 12, 6], [5, 11, 6, 10], [20, 3, 21, 4], [15, 8, 16, 9], [7, 16, 8, 17], [14, 22, 15, 21], [22, 18, 1, 17], [12, 19, 13, 20]]"
11n_151_24,"[[12, 19, 13, 20], [18, 2, 19, 1], [2, 14, 3, 13], [9, 5, 10, 4], [11, 7, 12, 6], [5, 11, 6, 10], [20, 3, 21, 4], [15, 8, 16, 9], [7, 16, 8, 17], [14, 22, 15, 21], [22, 18, 1, 17]]"
11n_151_25,"[[22, 18, 1, 17], [12, 19, 13, 20], [18, 2, 19, 1], [2, 14, 3, 13], [9, 5, 10, 4], [11, 7, 12, 6], [5, 11, 6, 10], [20, 3, 21, 4], [15, 8, 16, 9], [7, 16, 8, 17], [14, 22, 15, 21]]"
11n_151_26,"[[14, 22, 15, 21], [22, 18, 1, 17], [12, 19, 13, 20], [18, 2, 19, 1], [2, 14, 3, 13], [9, 5, 10, 4], [11, 7, 12, 6], [5, 11, 6, 10], [20, 3, 21, 4], [15, 8, 16, 9], [7, 16, 8, 17]]"
11n_151_27,"[[7, 16, 8, 17], [14, 22, 15, 21], [22, 18, 1, 17], [12, 19, 13, 20], [18, 2, 19, 1], [2, 14, 3, 13], [9, 5, 10, 4], [11, 7, 12, 6], [5, 11, 6, 10], [20, 3, 21, 4], [15, 8, 16, 9]]"
11n_151_28,"[[15, 8, 16, 9], [7, 16, 8, 17], [14, 22, 15, 21], [22, 18, 1, 17], [12, 19, 13, 20], [18, 2, 19, 1], [2, 14, 3, 13], [9, 5, 10, 4], [11, 7, 12, 6], [5, 11, 6, 10], [20, 3, 21, 4]]"
11n_151_29,"[[20, 3, 21, 4], [15, 8, 16, 9], [7, 16, 8, 17], [14, 22, 15, 21], [22, 18, 1, 17], [12, 19, 13, 20], [18, 2, 19, 1], [2, 14, 3, 13], [9, 5, 10, 4], [11, 7, 12, 6], [5, 11, 6, 10]]"
11n_151_30,"[[5, 11, 6, 10], [20, 3, 21, 4], [15, 8, 16, 9], [7, 16, 8, 17], [14, 22, 15, 21], [22, 18, 1, 17], [12, 19, 13, 20], [18, 2, 19, 1], [2, 14, 3, 13], [9, 5, 10, 4], [11, 7, 12, 6]]"
11n_151_31,"[[11, 7, 12, 6], [5, 11, 6, 10], [20, 3, 21, 4], [15, 8, 16, 9], [7, 16, 8, 17], [14, 22, 15, 21], [22, 18, 1, 17], [12, 19, 13, 20], [18, 2, 19, 1], [2, 14, 3, 13], [9, 5, 10, 4]]"
11n_151_32,"[[9, 5, 10, 4], [11, 7, 12, 6], [5, 11, 6, 10], [20, 3, 21, 4], [15, 8, 16, 9], [7, 16, 8, 17], [14, 22, 15, 21], [22, 18, 1, 17], [12, 19, 13, 20], [18, 2, 19, 1], [2, 14, 3, 13]]"
11n_151_33,"[[3, 15, 4, 14], [10, 6, 11, 5], [12, 8, 13, 7], [6, 12, 7, 11], [21, 4, 22, 5], [16, 9, 17, 10], [8, 17, 9, 18], [15, 1, 16, 22], [1, 19, 2, 18], [13, 20, 14, 21], [19, 3, 20, 2]]"
11n_151_34,"[[19, 3, 20, 2], [3, 15, 4, 14], [10, 6, 11, 5], [12, 8, 13, 7], [6, 12, 7, 11], [21, 4, 22, 5], [16, 9, 17, 10], [8, 17, 9, 18], [15, 1, 16, 22], [1, 19, 2, 18], [13, 20, 14, 21]]"
11n_151_35,"[[13, 20, 14, 21], [19, 3, 20, 2], [3, 15, 4, 14], [10, 6, 11, 5], [12, 8, 13, 7], [6, 12, 7, 11], [21, 4, 22, 5], [16, 9, 17, 10], [8, 17, 9, 18], [15, 1, 16, 22], [1, 19, 2, 18]]"
11n_151_36,"[[1, 19, 2, 18], [13, 20, 14, 21], [19, 3, 20, 2], [3, 15, 4, 14], [10, 6, 11, 5], [12, 8, 13, 7], [6, 12, 7, 11], [21, 4, 22, 5], [16, 9, 17, 10], [8, 17, 9, 18], [15, 1, 16, 22]]"
11n_151_37,"[[15, 1, 16, 22], [1, 19, 2, 18], [13, 20, 14, 21], [19, 3, 20, 2], [3, 15, 4, 14], [10, 6, 11, 5], [12, 8, 13, 7], [6, 12, 7, 11], [21, 4, 22, 5], [16, 9, 17, 10], [8, 17, 9, 18]]"
11n_151_38,"[[8, 17, 9, 18], [15, 1, 16, 22], [1, 19, 2, 18], [13, 20, 14, 21], [19, 3, 20, 2], [3, 15, 4, 14], [10, 6, 11, 5], [12, 8, 13, 7], [6, 12, 7, 11], [21, 4, 22, 5], [16, 9, 17, 10]]"
11n_151_39,"[[16, 9, 17, 10], [8, 17, 9, 18], [15, 1, 16, 22], [1, 19, 2, 18], [13, 20, 14, 21], [19, 3, 20, 2], [3, 15, 4, 14], [10, 6, 11, 5], [12, 8, 13, 7], [6, 12, 7, 11], [21, 4, 22, 5]]"
11n_151_40,"[[21, 4, 22, 5], [16, 9, 17, 10], [8, 17, 9, 18], [15, 1, 16, 22], [1, 19, 2, 18], [13, 20, 14, 21], [19, 3, 20, 2], [3, 15, 4, 14], [10, 6, 11, 5], [12, 8, 13, 7], [6, 12, 7, 11]]"
11n_151_41,"[[6, 12, 7, 11], [21, 4, 22, 5], [16, 9, 17, 10], [8, 17, 9, 18], [15, 1, 16, 22], [1, 19, 2, 18], [13, 20, 14, 21], [19, 3, 20, 2], [3, 15, 4, 14], [10, 6, 11, 5], [12, 8, 13, 7]]"
11n_151_42,"[[12, 8, 13, 7], [6, 12, 7, 11], [21, 4, 22, 5], [16, 9, 17, 10], [8, 17, 9, 18], [15, 1, 16, 22], [1, 19, 2, 18], [13, 20, 14, 21], [19, 3, 20, 2], [3, 15, 4, 14], [10, 6, 11, 5]]"
11n_151_43,"[[10, 6, 11, 5], [12, 8, 13, 7], [6, 12, 7, 11], [21, 4, 22, 5], [16, 9, 17, 10], [8, 17, 9, 18], [15, 1, 16, 22], [1, 19, 2, 18], [13, 20, 14, 21], [19, 3, 20, 2], [3, 15, 4, 14]]"
11n_151_44,"[[4, 16, 5, 15], [11, 7, 12, 6], [13, 9, 14, 8], [7, 13, 8, 12], [22, 5, 1, 6], [17, 10, 18, 11], [9, 18, 10, 19], [16, 2, 17, 1], [2, 20, 3, 19], [14, 21, 15, 22], [20, 4, 21, 3]]"
11n_151_45,"[[20, 4, 21, 3], [4, 16, 5, 15], [11, 7, 12, 6], [13, 9, 14, 8], [7, 13, 8, 12], [22, 5, 1, 6], [17, 10, 18, 11], [9, 18, 10, 19], [16, 2, 17, 1], [2, 20, 3, 19], [14, 21, 15, 22]]"
11n_151_46,"[[14, 21, 15, 22], [20, 4, 21, 3], [4, 16, 5, 15], [11, 7, 12, 6], [13, 9, 14, 8], [7, 13, 8, 12], [22, 5, 1, 6], [17, 10, 18, 11], [9, 18, 10, 19], [16, 2, 17, 1], [2, 20, 3, 19]]"
11n_151_47,"[[2, 20, 3, 19], [14, 21, 15, 22], [20, 4, 21, 3], [4, 16, 5, 15], [11, 7, 12, 6], [13, 9, 14, 8], [7, 13, 8, 12], [22, 5, 1, 6], [17, 10, 18, 11], [9, 18, 10, 19], [16, 2, 17, 1]]"
11n_151_48,"[[16, 2, 17, 1], [2, 20, 3, 19], [14, 21, 15, 22], [20, 4, 21, 3], [4, 16, 5, 15], [11, 7, 12, 6], [13, 9, 14, 8], [7, 13, 8, 12], [22, 5, 1, 6], [17, 10, 18, 11], [9, 18, 10, 19]]"
11n_151_49,"[[9, 18, 10, 19], [16, 2, 17, 1], [2, 20, 3, 19], [14, 21, 15, 22], [20, 4, 21, 3], [4, 16, 5, 15], [11, 7, 12, 6], [13, 9, 14, 8], [7, 13, 8, 12], [22, 5, 1, 6], [17, 10, 18, 11]]"
11n_151_50,"[[17, 10, 18, 11], [9, 18, 10, 19], [16, 2, 17, 1], [2, 20, 3, 19], [14, 21, 15, 22], [20, 4, 21, 3], [4, 16, 5, 15], [11, 7, 12, 6], [13, 9, 14, 8], [7, 13, 8, 12], [22, 5, 1, 6]]"
11n_151_51,"[[22, 5, 1, 6], [17, 10, 18, 11], [9, 18, 10, 19], [16, 2, 17, 1], [2, 20, 3, 19], [14, 21, 15, 22], [20, 4, 21, 3], [4, 16, 5, 15], [11, 7, 12, 6], [13, 9, 14, 8], [7, 13, 8, 12]]"
11n_151_52,"[[7, 13, 8, 12], [22, 5, 1, 6], [17, 10, 18, 11], [9, 18, 10, 19], [16, 2, 17, 1], [2, 20, 3, 19], [14, 21, 15, 22], [20, 4, 21, 3], [4, 16, 5, 15], [11, 7, 12, 6], [13, 9, 14, 8]]"
11n_151_53,"[[13, 9, 14, 8], [7, 13, 8, 12], [22, 5, 1, 6], [17, 10, 18, 11], [9, 18, 10, 19], [16, 2, 17, 1], [2, 20, 3, 19], [14, 21, 15, 22], [20, 4, 21, 3], [4, 16, 5, 15], [11, 7, 12, 6]]"
11n_151_54,"[[11, 7, 12, 6], [13, 9, 14, 8], [7, 13, 8, 12], [22, 5, 1, 6], [17, 10, 18, 11], [9, 18, 10, 19], [16, 2, 17, 1], [2, 20, 3, 19], [14, 21, 15, 22], [20, 4, 21, 3], [4, 16, 5, 15]]"
11n_151_55,"[[5, 17, 6, 16], [12, 8, 13, 7], [14, 10, 15, 9], [8, 14, 9, 13], [1, 6, 2, 7], [18, 11, 19, 12], [10, 19, 11, 20], [17, 3, 18, 2], [3, 21, 4, 20], [15, 22, 16, 1], [21, 5, 22, 4]]"
11n_151_56,"[[21, 5, 22, 4], [5, 17, 6, 16], [12, 8, 13, 7], [14, 10, 15, 9], [8, 14, 9, 13], [1, 6, 2, 7], [18, 11, 19, 12], [10, 19, 11, 20], [17, 3, 18, 2], [3, 21, 4, 20], [15, 22, 16, 1]]"
11n_151_57,"[[15, 22, 16, 1], [21, 5, 22, 4], [5, 17, 6, 16], [12, 8, 13, 7], [14, 10, 15, 9], [8, 14, 9, 13], [1, 6, 2, 7], [18, 11, 19, 12], [10, 19, 11, 20], [17, 3, 18, 2], [3, 21, 4, 20]]"
11n_151_58,"[[3, 21, 4, 20], [15, 22, 16, 1], [21, 5, 22, 4], [5, 17, 6, 16], [12, 8, 13, 7], [14, 10, 15, 9], [8, 14, 9, 13], [1, 6, 2, 7], [18, 11, 19, 12], [10, 19, 11, 20], [17, 3, 18, 2]]"
11n_151_59,"[[17, 3, 18, 2], [3, 21, 4, 20], [15, 22, 16, 1], [21, 5, 22, 4], [5, 17, 6, 16], [12, 8, 13, 7], [14, 10, 15, 9], [8, 14, 9, 13], [1, 6, 2, 7], [18, 11, 19, 12], [10, 19, 11, 20]]"
11n_151_60,"[[10, 19, 11, 20], [17, 3, 18, 2], [3, 21, 4, 20], [15, 22, 16, 1], [21, 5, 22, 4], [5, 17, 6, 16], [12, 8, 13, 7], [14, 10, 15, 9], [8, 14, 9, 13], [1, 6, 2, 7], [18, 11, 19, 12]]"
11n_151_61,"[[18, 11, 19, 12], [10, 19, 11, 20], [17, 3, 18, 2], [3, 21, 4, 20], [15, 22, 16, 1], [21, 5, 22, 4], [5, 17, 6, 16], [12, 8, 13, 7], [14, 10, 15, 9], [8, 14, 9, 13], [1, 6, 2, 7]]"
11n_151_62,"[[1, 6, 2, 7], [18, 11, 19, 12], [10, 19, 11, 20], [17, 3, 18, 2], [3, 21, 4, 20], [15, 22, 16, 1], [21, 5, 22, 4], [5, 17, 6, 16], [12, 8, 13, 7], [14, 10, 15, 9], [8, 14, 9, 13]]"
11n_151_63,"[[8, 14, 9, 13], [1, 6, 2, 7], [18, 11, 19, 12], [10, 19, 11, 20], [17, 3, 18, 2], [3, 21, 4, 20], [15, 22, 16, 1], [21, 5, 22, 4], [5, 17, 6, 16], [12, 8, 13, 7], [14, 10, 15, 9]]"
11n_151_64,"[[14, 10, 15, 9], [8, 14, 9, 13], [1, 6, 2, 7], [18, 11, 19, 12], [10, 19, 11, 20], [17, 3, 18, 2], [3, 21, 4, 20], [15, 22, 16, 1], [21, 5, 22, 4], [5, 17, 6, 16], [12, 8, 13, 7]]"
11n_151_65,"[[12, 8, 13, 7], [14, 10, 15, 9], [8, 14, 9, 13], [1, 6, 2, 7], [18, 11, 19, 12], [10, 19, 11, 20], [17, 3, 18, 2], [3, 21, 4, 20], [15, 22, 16, 1], [21, 5, 22, 4], [5, 17, 6, 16]]"
11n_151_66,"[[6, 18, 7, 17], [13, 9, 14, 8], [15, 11, 16, 10], [9, 15, 10, 14], [2, 7, 3, 8], [19, 12, 20, 13], [11, 20, 12, 21], [18, 4, 19, 3], [4, 22, 5, 21], [16, 1, 17, 2], [22, 6, 1, 5]]"
11n_151_67,"[[22, 6, 1, 5], [6, 18, 7, 17], [13, 9, 14, 8], [15, 11, 16, 10], [9, 15, 10, 14], [2, 7, 3, 8], [19, 12, 20, 13], [11, 20, 12, 21], [18, 4, 19, 3], [4, 22, 5, 21], [16, 1, 17, 2]]"
11n_151_68,"[[16, 1, 17, 2], [22, 6, 1, 5], [6, 18, 7, 17], [13, 9, 14, 8], [15, 11, 16, 10], [9, 15, 10, 14], [2, 7, 3, 8], [19, 12, 20, 13], [11, 20, 12, 21], [18, 4, 19, 3], [4, 22, 5, 21]]"
11n_151_69,"[[4, 22, 5, 21], [16, 1, 17, 2], [22, 6, 1, 5], [6, 18, 7, 17], [13, 9, 14, 8], [15, 11, 16, 10], [9, 15, 10, 14], [2, 7, 3, 8], [19, 12, 20, 13], [11, 20, 12, 21], [18, 4, 19, 3]]"
11n_151_70,"[[18, 4, 19, 3], [4, 22, 5, 21], [16, 1, 17, 2], [22, 6, 1, 5], [6, 18, 7, 17], [13, 9, 14, 8], [15, 11, 16, 10], [9, 15, 10, 14], [2, 7, 3, 8], [19, 12, 20, 13], [11, 20, 12, 21]]"
11n_151_71,"[[11, 20, 12, 21], [18, 4, 19, 3], [4, 22, 5, 21], [16, 1, 17, 2], [22, 6, 1, 5], [6, 18, 7, 17], [13, 9, 14, 8], [15, 11, 16, 10], [9, 15, 10, 14], [2, 7, 3, 8], [19, 12, 20, 13]]"
11n_151_72,"[[19, 12, 20, 13], [11, 20, 12, 21], [18, 4, 19, 3], [4, 22, 5, 21], [16, 1, 17, 2], [22, 6, 1, 5], [6, 18, 7, 17], [13, 9, 14, 8], [15, 11, 16, 10], [9, 15, 10, 14], [2, 7, 3, 8]]"
11n_151_73,"[[2, 7, 3, 8], [19, 12, 20, 13], [11, 20, 12, 21], [18, 4, 19, 3], [4, 22, 5, 21], [16, 1, 17, 2], [22, 6, 1, 5], [6, 18, 7, 17], [13, 9, 14, 8], [15, 11, 16, 10], [9, 15, 10, 14]]"
11n_151_74,"[[9, 15, 10, 14], [2, 7, 3, 8], [19, 12, 20, 13], [11, 20, 12, 21], [18, 4, 19, 3], [4, 22, 5, 21], [16, 1, 17, 2], [22, 6, 1, 5], [6, 18, 7, 17], [13, 9, 14, 8], [15, 11, 16, 10]]"
11n_151_75,"[[15, 11, 16, 10], [9, 15, 10, 14], [2, 7, 3, 8], [19, 12, 20, 13], [11, 20, 12, 21], [18, 4, 19, 3], [4, 22, 5, 21], [16, 1, 17, 2], [22, 6, 1, 5], [6, 18, 7, 17], [13, 9, 14, 8]]"
11n_151_76,"[[13, 9, 14, 8], [15, 11, 16, 10], [9, 15, 10, 14], [2, 7, 3, 8], [19, 12, 20, 13], [11, 20, 12, 21], [18, 4, 19, 3], [4, 22, 5, 21], [16, 1, 17, 2], [22, 6, 1, 5], [6, 18, 7, 17]]"
11n_151_77,"[[7, 19, 8, 18], [14, 10, 15, 9], [16, 12, 17, 11], [10, 16, 11, 15], [3, 8, 4, 9], [20, 13, 21, 14], [12, 21, 13, 22], [19, 5, 20, 4], [5, 1, 6, 22], [17, 2, 18, 3], [1, 7, 2, 6]]"
11n_151_78,"[[1, 7, 2, 6], [7, 19, 8, 18], [14, 10, 15, 9], [16, 12, 17, 11], [10, 16, 11, 15], [3, 8, 4, 9], [20, 13, 21, 14], [12, 21, 13, 22], [19, 5, 20, 4], [5, 1, 6, 22], [17, 2, 18, 3]]"
11n_151_79,"[[17, 2, 18, 3], [1, 7, 2, 6], [7, 19, 8, 18], [14, 10, 15, 9], [16, 12, 17, 11], [10, 16, 11, 15], [3, 8, 4, 9], [20, 13, 21, 14], [12, 21, 13, 22], [19, 5, 20, 4], [5, 1, 6, 22]]"
11n_151_80,"[[5, 1, 6, 22], [17, 2, 18, 3], [1, 7, 2, 6], [7, 19, 8, 18], [14, 10, 15, 9], [16, 12, 17, 11], [10, 16, 11, 15], [3, 8, 4, 9], [20, 13, 21, 14], [12, 21, 13, 22], [19, 5, 20, 4]]"
11n_151_81,"[[19, 5, 20, 4], [5, 1, 6, 22], [17, 2, 18, 3], [1, 7, 2, 6], [7, 19, 8, 18], [14, 10, 15, 9], [16, 12, 17, 11], [10, 16, 11, 15], [3, 8, 4, 9], [20, 13, 21, 14], [12, 21, 13, 22]]"
11n_151_82,"[[12, 21, 13, 22], [19, 5, 20, 4], [5, 1, 6, 22], [17, 2, 18, 3], [1, 7, 2, 6], [7, 19, 8, 18], [14, 10, 15, 9], [16, 12, 17, 11], [10, 16, 11, 15], [3, 8, 4, 9], [20, 13, 21, 14]]"
11n_151_83,"[[20, 13, 21, 14], [12, 21, 13, 22], [19, 5, 20, 4], [5, 1, 6, 22], [17, 2, 18, 3], [1, 7, 2, 6], [7, 19, 8, 18], [14, 10, 15, 9], [16, 12, 17, 11], [10, 16, 11, 15], [3, 8, 4, 9]]"
11n_151_84,"[[3, 8, 4, 9], [20, 13, 21, 14], [12, 21, 13, 22], [19, 5, 20, 4], [5, 1, 6, 22], [17, 2, 18, 3], [1, 7, 2, 6], [7, 19, 8, 18], [14, 10, 15, 9], [16, 12, 17, 11], [10, 16, 11, 15]]"
11n_151_85,"[[10, 16, 11, 15], [3, 8, 4, 9], [20, 13, 21, 14], [12, 21, 13, 22], [19, 5, 20, 4], [5, 1, 6, 22], [17, 2, 18, 3], [1, 7, 2, 6], [7, 19, 8, 18], [14, 10, 15, 9], [16, 12, 17, 11]]"
11n_151_86,"[[16, 12, 17, 11], [10, 16, 11, 15], [3, 8, 4, 9], [20, 13, 21, 14], [12, 21, 13, 22], [19, 5, 20, 4], [5, 1, 6, 22], [17, 2, 18, 3], [1, 7, 2, 6], [7, 19, 8, 18], [14, 10, 15, 9]]"
11n_151_87,"[[14, 10, 15, 9], [16, 12, 17, 11], [10, 16, 11, 15], [3, 8, 4, 9], [20, 13, 21, 14], [12, 21, 13, 22], [19, 5, 20, 4], [5, 1, 6, 22], [17, 2, 18, 3], [1, 7, 2, 6], [7, 19, 8, 18]]"
11n_151_88,"[[8, 20, 9, 19], [15, 11, 16, 10], [17, 13, 18, 12], [11, 17, 12, 16], [4, 9, 5, 10], [21, 14, 22, 15], [13, 22, 14, 1], [20, 6, 21, 5], [6, 2, 7, 1], [18, 3, 19, 4], [2, 8, 3, 7]]"
11n_151_89,"[[2, 8, 3, 7], [8, 20, 9, 19], [15, 11, 16, 10], [17, 13, 18, 12], [11, 17, 12, 16], [4, 9, 5, 10], [21, 14, 22, 15], [13, 22, 14, 1], [20, 6, 21, 5], [6, 2, 7, 1], [18, 3, 19, 4]]"
11n_151_90,"[[18, 3, 19, 4], [2, 8, 3, 7], [8, 20, 9, 19], [15, 11, 16, 10], [17, 13, 18, 12], [11, 17, 12, 16], [4, 9, 5, 10], [21, 14, 22, 15], [13, 22, 14, 1], [20, 6, 21, 5], [6, 2, 7, 1]]"
11n_151_91,"[[6, 2, 7, 1], [18, 3, 19, 4], [2, 8, 3, 7], [8, 20, 9, 19], [15, 11, 16, 10], [17, 13, 18, 12], [11, 17, 12, 16], [4, 9, 5, 10], [21, 14, 22, 15], [13, 22, 14, 1], [20, 6, 21, 5]]"
11n_151_92,"[[20, 6, 21, 5], [6, 2, 7, 1], [18, 3, 19, 4], [2, 8, 3, 7], [8, 20, 9, 19], [15, 11, 16, 10], [17, 13, 18, 12], [11, 17, 12, 16], [4, 9, 5, 10], [21, 14, 22, 15], [13, 22, 14, 1]]"
11n_151_93,"[[13, 22, 14, 1], [20, 6, 21, 5], [6, 2, 7, 1], [18, 3, 19, 4], [2, 8, 3, 7], [8, 20, 9, 19], [15, 11, 16, 10], [17, 13, 18, 12], [11, 17, 12, 16], [4, 9, 5, 10], [21, 14, 22, 15]]"
11n_151_94,"[[21, 14, 22, 15], [13, 22, 14, 1], [20, 6, 21, 5], [6, 2, 7, 1], [18, 3, 19, 4], [2, 8, 3, 7], [8, 20, 9, 19], [15, 11, 16, 10], [17, 13, 18, 12], [11, 17, 12, 16], [4, 9, 5, 10]]"
11n_151_95,"[[4, 9, 5, 10], [21, 14, 22, 15], [13, 22, 14, 1], [20, 6, 21, 5], [6, 2, 7, 1], [18, 3, 19, 4], [2, 8, 3, 7], [8, 20, 9, 19], [15, 11, 16, 10], [17, 13, 18, 12], [11, 17, 12, 16]]"
11n_151_96,"[[11, 17, 12, 16], [4, 9, 5, 10], [21, 14, 22, 15], [13, 22, 14, 1], [20, 6, 21, 5], [6, 2, 7, 1], [18, 3, 19, 4], [2, 8, 3, 7], [8, 20, 9, 19], [15, 11, 16, 10], [17, 13, 18, 12]]"
11n_151_97,"[[17, 13, 18, 12], [11, 17, 12, 16], [4, 9, 5, 10], [21, 14, 22, 15], [13, 22, 14, 1], [20, 6, 21, 5], [6, 2, 7, 1], [18, 3, 19, 4], [2, 8, 3, 7], [8, 20, 9, 19], [15, 11, 16, 10]]"
11n_151_98,"[[15, 11, 16, 10], [17, 13, 18, 12], [11, 17, 12, 16], [4, 9, 5, 10], [21, 14, 22, 15], [13, 22, 14, 1], [20, 6, 21, 5], [6, 2, 7, 1], [18, 3, 19, 4], [2, 8, 3, 7], [8, 20, 9, 19]]"
11n_151_99,"[[9, 21, 10, 20], [16, 12, 17, 11], [18, 14, 19, 13], [12, 18, 13, 17], [5, 10, 6, 11], [22, 15, 1, 16], [14, 1, 15, 2], [21, 7, 22, 6], [7, 3, 8, 2], [19, 4, 20, 5], [3, 9, 4, 8]]"
11n_151_100,"[[3, 9, 4, 8], [9, 21, 10, 20], [16, 12, 17, 11], [18, 14, 19, 13], [12, 18, 13, 17], [5, 10, 6, 11], [22, 15, 1, 16], [14, 1, 15, 2], [21, 7, 22, 6], [7, 3, 8, 2], [19, 4, 20, 5]]"
11n_151_101,"[[19, 4, 20, 5], [3, 9, 4, 8], [9, 21, 10, 20], [16, 12, 17, 11], [18, 14, 19, 13], [12, 18, 13, 17], [5, 10, 6, 11], [22, 15, 1, 16], [14, 1, 15, 2], [21, 7, 22, 6], [7, 3, 8, 2]]"
11n_151_102,"[[7, 3, 8, 2], [19, 4, 20, 5], [3, 9, 4, 8], [9, 21, 10, 20], [16, 12, 17, 11], [18, 14, 19, 13], [12, 18, 13, 17], [5, 10, 6, 11], [22, 15, 1, 16], [14, 1, 15, 2], [21, 7, 22, 6]]"
11n_151_103,"[[21, 7, 22, 6], [7, 3, 8, 2], [19, 4, 20, 5], [3, 9, 4, 8], [9, 21, 10, 20], [16, 12, 17, 11], [18, 14, 19, 13], [12, 18, 13, 17], [5, 10, 6, 11], [22, 15, 1, 16], [14, 1, 15, 2]]"
11n_151_104,"[[14, 1, 15, 2], [21, 7, 22, 6], [7, 3, 8, 2], [19, 4, 20, 5], [3, 9, 4, 8], [9, 21, 10, 20], [16, 12, 17, 11], [18, 14, 19, 13], [12, 18, 13, 17], [5, 10, 6, 11], [22, 15, 1, 16]]"
11n_151_105,"[[22, 15, 1, 16], [14, 1, 15, 2], [21, 7, 22, 6], [7, 3, 8, 2], [19, 4, 20, 5], [3, 9, 4, 8], [9, 21, 10, 20], [16, 12, 17, 11], [18, 14, 19, 13], [12, 18, 13, 17], [5, 10, 6, 11]]"
11n_151_106,"[[5, 10, 6, 11], [22, 15, 1, 16], [14, 1, 15, 2], [21, 7, 22, 6], [7, 3, 8, 2], [19, 4, 20, 5], [3, 9, 4, 8], [9, 21, 10, 20], [16, 12, 17, 11], [18, 14, 19, 13], [12, 18, 13, 17]]"
11n_151_107,"[[12, 18, 13, 17], [5, 10, 6, 11], [22, 15, 1, 16], [14, 1, 15, 2], [21, 7, 22, 6], [7, 3, 8, 2], [19, 4, 20, 5], [3, 9, 4, 8], [9, 21, 10, 20], [16, 12, 17, 11], [18, 14, 19, 13]]"
11n_151_108,"[[18, 14, 19, 13], [12, 18, 13, 17], [5, 10, 6, 11], [22, 15, 1, 16], [14, 1, 15, 2], [21, 7, 22, 6], [7, 3, 8, 2], [19, 4, 20, 5], [3, 9, 4, 8], [9, 21, 10, 20], [16, 12, 17, 11]]"
11n_151_109,"[[16, 12, 17, 11], [18, 14, 19, 13], [12, 18, 13, 17], [5, 10, 6, 11], [22, 15, 1, 16], [14, 1, 15, 2], [21, 7, 22, 6], [7, 3, 8, 2], [19, 4, 20, 5], [3, 9, 4, 8], [9, 21, 10, 20]]"
11n_151_110,"[[10, 22, 11, 21], [17, 13, 18, 12], [19, 15, 20, 14], [13, 19, 14, 18], [6, 11, 7, 12], [1, 16, 2, 17], [15, 2, 16, 3], [22, 8, 1, 7], [8, 4, 9, 3], [20, 5, 21, 6], [4, 10, 5, 9]]"
11n_151_111,"[[4, 10, 5, 9], [10, 22, 11, 21], [17, 13, 18, 12], [19, 15, 20, 14], [13, 19, 14, 18], [6, 11, 7, 12], [1, 16, 2, 17], [15, 2, 16, 3], [22, 8, 1, 7], [8, 4, 9, 3], [20, 5, 21, 6]]"
11n_151_112,"[[20, 5, 21, 6], [4, 10, 5, 9], [10, 22, 11, 21], [17, 13, 18, 12], [19, 15, 20, 14], [13, 19, 14, 18], [6, 11, 7, 12], [1, 16, 2, 17], [15, 2, 16, 3], [22, 8, 1, 7], [8, 4, 9, 3]]"
11n_151_113,"[[8, 4, 9, 3], [20, 5, 21, 6], [4, 10, 5, 9], [10, 22, 11, 21], [17, 13, 18, 12], [19, 15, 20, 14], [13, 19, 14, 18], [6, 11, 7, 12], [1, 16, 2, 17], [15, 2, 16, 3], [22, 8, 1, 7]]"
11n_151_114,"[[22, 8, 1, 7], [8, 4, 9, 3], [20, 5, 21, 6], [4, 10, 5, 9], [10, 22, 11, 21], [17, 13, 18, 12], [19, 15, 20, 14], [13, 19, 14, 18], [6, 11, 7, 12], [1, 16, 2, 17], [15, 2, 16, 3]]"
11n_151_115,"[[15, 2, 16, 3], [22, 8, 1, 7], [8, 4, 9, 3], [20, 5, 21, 6], [4, 10, 5, 9], [10, 22, 11, 21], [17, 13, 18, 12], [19, 15, 20, 14], [13, 19, 14, 18], [6, 11, 7, 12], [1, 16, 2, 17]]"
11n_151_116,"[[1, 16, 2, 17], [15, 2, 16, 3], [22, 8, 1, 7], [8, 4, 9, 3], [20, 5, 21, 6], [4, 10, 5, 9], [10, 22, 11, 21], [17, 13, 18, 12], [19, 15, 20, 14], [13, 19, 14, 18], [6, 11, 7, 12]]"
11n_151_117,"[[6, 11, 7, 12], [1, 16, 2, 17], [15, 2, 16, 3], [22, 8, 1, 7], [8, 4, 9, 3], [20, 5, 21, 6], [4, 10, 5, 9], [10, 22, 11, 21], [17, 13, 18, 12], [19, 15, 20, 14], [13, 19, 14, 18]]"
11n_151_118,"[[13, 19, 14, 18], [6, 11, 7, 12], [1, 16, 2, 17], [15, 2, 16, 3], [22, 8, 1, 7], [8, 4, 9, 3], [20, 5, 21, 6], [4, 10, 5, 9], [10, 22, 11, 21], [17, 13, 18, 12], [19, 15, 20, 14]]"
11n_151_119,"[[19, 15, 20, 14], [13, 19, 14, 18], [6, 11, 7, 12], [1, 16, 2, 17], [15, 2, 16, 3], [22, 8, 1, 7], [8, 4, 9, 3], [20, 5, 21, 6], [4, 10, 5, 9], [10, 22, 11, 21], [17, 13, 18, 12]]"
11n_151_120,"[[17, 13, 18, 12], [19, 15, 20, 14], [13, 19, 14, 18], [6, 11, 7, 12], [1, 16, 2, 17], [15, 2, 16, 3], [22, 8, 1, 7], [8, 4, 9, 3], [20, 5, 21, 6], [4, 10, 5, 9], [10, 22, 11, 21]]"
11n_151_121,"[[11, 1, 12, 22], [18, 14, 19, 13], [20, 16, 21, 15], [14, 20, 15, 19], [7, 12, 8, 13], [2, 17, 3, 18], [16, 3, 17, 4], [1, 9, 2, 8], [9, 5, 10, 4], [21, 6, 22, 7], [5, 11, 6, 10]]"
11n_151_122,"[[5, 11, 6, 10], [11, 1, 12, 22], [18, 14, 19, 13], [20, 16, 21, 15], [14, 20, 15, 19], [7, 12, 8, 13], [2, 17, 3, 18], [16, 3, 17, 4], [1, 9, 2, 8], [9, 5, 10, 4], [21, 6, 22, 7]]"
11n_151_123,"[[21, 6, 22, 7], [5, 11, 6, 10], [11, 1, 12, 22], [18, 14, 19, 13], [20, 16, 21, 15], [14, 20, 15, 19], [7, 12, 8, 13], [2, 17, 3, 18], [16, 3, 17, 4], [1, 9, 2, 8], [9, 5, 10, 4]]"
11n_151_124,"[[9, 5, 10, 4], [21, 6, 22, 7], [5, 11, 6, 10], [11, 1, 12, 22], [18, 14, 19, 13], [20, 16, 21, 15], [14, 20, 15, 19], [7, 12, 8, 13], [2, 17, 3, 18], [16, 3, 17, 4], [1, 9, 2, 8]]"
11n_151_125,"[[1, 9, 2, 8], [9, 5, 10, 4], [21, 6, 22, 7], [5, 11, 6, 10], [11, 1, 12, 22], [18, 14, 19, 13], [20, 16, 21, 15], [14, 20, 15, 19], [7, 12, 8, 13], [2, 17, 3, 18], [16, 3, 17, 4]]"
11n_151_126,"[[16, 3, 17, 4], [1, 9, 2, 8], [9, 5, 10, 4], [21, 6, 22, 7], [5, 11, 6, 10], [11, 1, 12, 22], [18, 14, 19, 13], [20, 16, 21, 15], [14, 20, 15, 19], [7, 12, 8, 13], [2, 17, 3, 18]]"
11n_151_127,"[[2, 17, 3, 18], [16, 3, 17, 4], [1, 9, 2, 8], [9, 5, 10, 4], [21, 6, 22, 7], [5, 11, 6, 10], [11, 1, 12, 22], [18, 14, 19, 13], [20, 16, 21, 15], [14, 20, 15, 19], [7, 12, 8, 13]]"
11n_151_128,"[[7, 12, 8, 13], [2, 17, 3, 18], [16, 3, 17, 4], [1, 9, 2, 8], [9, 5, 10, 4], [21, 6, 22, 7], [5, 11, 6, 10], [11, 1, 12, 22], [18, 14, 19, 13], [20, 16, 21, 15], [14, 20, 15, 19]]"
11n_151_129,"[[14, 20, 15, 19], [7, 12, 8, 13], [2, 17, 3, 18], [16, 3, 17, 4], [1, 9, 2, 8], [9, 5, 10, 4], [21, 6, 22, 7], [5, 11, 6, 10], [11, 1, 12, 22], [18, 14, 19, 13], [20, 16, 21, 15]]"
11n_151_130,"[[20, 16, 21, 15], [14, 20, 15, 19], [7, 12, 8, 13], [2, 17, 3, 18], [16, 3, 17, 4], [1, 9, 2, 8], [9, 5, 10, 4], [21, 6, 22, 7], [5, 11, 6, 10], [11, 1, 12, 22], [18, 14, 19, 13]]"
11n_151_131,"[[18, 14, 19, 13], [20, 16, 21, 15], [14, 20, 15, 19], [7, 12, 8, 13], [2, 17, 3, 18], [16, 3, 17, 4], [1, 9, 2, 8], [9, 5, 10, 4], [21, 6, 22, 7], [5, 11, 6, 10], [11, 1, 12, 22]]"
11n_151_132,"[[12, 2, 13, 1], [19, 15, 20, 14], [21, 17, 22, 16], [15, 21, 16, 20], [8, 13, 9, 14], [3, 18, 4, 19], [17, 4, 18, 5], [2, 10, 3, 9], [10, 6, 11, 5], [22, 7, 1, 8], [6, 12, 7, 11]]"
11n_151_133,"[[6, 12, 7, 11], [12, 2, 13, 1], [19, 15, 20, 14], [21, 17, 22, 16], [15, 21, 16, 20], [8, 13, 9, 14], [3, 18, 4, 19], [17, 4, 18, 5], [2, 10, 3, 9], [10, 6, 11, 5], [22, 7, 1, 8]]"
11n_151_134,"[[22, 7, 1, 8], [6, 12, 7, 11], [12, 2, 13, 1], [19, 15, 20, 14], [21, 17, 22, 16], [15, 21, 16, 20], [8, 13, 9, 14], [3, 18, 4, 19], [17, 4, 18, 5], [2, 10, 3, 9], [10, 6, 11, 5]]"
11n_151_135,"[[10, 6, 11, 5], [22, 7, 1, 8], [6, 12, 7, 11], [12, 2, 13, 1], [19, 15, 20, 14], [21, 17, 22, 16], [15, 21, 16, 20], [8, 13, 9, 14], [3, 18, 4, 19], [17, 4, 18, 5], [2, 10, 3, 9]]"
11n_151_136,"[[2, 10, 3, 9], [10, 6, 11, 5], [22, 7, 1, 8], [6, 12, 7, 11], [12, 2, 13, 1], [19, 15, 20, 14], [21, 17, 22, 16], [15, 21, 16, 20], [8, 13, 9, 14], [3, 18, 4, 19], [17, 4, 18, 5]]"
11n_151_137,"[[17, 4, 18, 5], [2, 10, 3, 9], [10, 6, 11, 5], [22, 7, 1, 8], [6, 12, 7, 11], [12, 2, 13, 1], [19, 15, 20, 14], [21, 17, 22, 16], [15, 21, 16, 20], [8, 13, 9, 14], [3, 18, 4, 19]]"
11n_151_138,"[[3, 18, 4, 19], [17, 4, 18, 5], [2, 10, 3, 9], [10, 6, 11, 5], [22, 7, 1, 8], [6, 12, 7, 11], [12, 2, 13, 1], [19, 15, 20, 14], [21, 17, 22, 16], [15, 21, 16, 20], [8, 13, 9, 14]]"
11n_151_139,"[[8, 13, 9, 14], [3, 18, 4, 19], [17, 4, 18, 5], [2, 10, 3, 9], [10, 6, 11, 5], [22, 7, 1, 8], [6, 12, 7, 11], [12, 2, 13, 1], [19, 15, 20, 14], [21, 17, 22, 16], [15, 21, 16, 20]]"
11n_151_140,"[[15, 21, 16, 20], [8, 13, 9, 14], [3, 18, 4, 19], [17, 4, 18, 5], [2, 10, 3, 9], [10, 6, 11, 5], [22, 7, 1, 8], [6, 12, 7, 11], [12, 2, 13, 1], [19, 15, 20, 14], [21, 17, 22, 16]]"
11n_151_141,"[[21, 17, 22, 16], [15, 21, 16, 20], [8, 13, 9, 14], [3, 18, 4, 19], [17, 4, 18, 5], [2, 10, 3, 9], [10, 6, 11, 5], [22, 7, 1, 8], [6, 12, 7, 11], [12, 2, 13, 1], [19, 15, 20, 14]]"
11n_151_142,"[[19, 15, 20, 14], [21, 17, 22, 16], [15, 21, 16, 20], [8, 13, 9, 14], [3, 18, 4, 19], [17, 4, 18, 5], [2, 10, 3, 9], [10, 6, 11, 5], [22, 7, 1, 8], [6, 12, 7, 11], [12, 2, 13, 1]]"
11n_151_143,"[[13, 3, 14, 2], [20, 16, 21, 15], [22, 18, 1, 17], [16, 22, 17, 21], [9, 14, 10, 15], [4, 19, 5, 20], [18, 5, 19, 6], [3, 11, 4, 10], [11, 7, 12, 6], [1, 8, 2, 9], [7, 13, 8, 12]]"
11n_151_144,"[[7, 13, 8, 12], [13, 3, 14, 2], [20, 16, 21, 15], [22, 18, 1, 17], [16, 22, 17, 21], [9, 14, 10, 15], [4, 19, 5, 20], [18, 5, 19, 6], [3, 11, 4, 10], [11, 7, 12, 6], [1, 8, 2, 9]]"
11n_151_145,"[[1, 8, 2, 9], [7, 13, 8, 12], [13, 3, 14, 2], [20, 16, 21, 15], [22, 18, 1, 17], [16, 22, 17, 21], [9, 14, 10, 15], [4, 19, 5, 20], [18, 5, 19, 6], [3, 11, 4, 10], [11, 7, 12, 6]]"
11n_151_146,"[[11, 7, 12, 6], [1, 8, 2, 9], [7, 13, 8, 12], [13, 3, 14, 2], [20, 16, 21, 15], [22, 18, 1, 17], [16, 22, 17, 21], [9, 14, 10, 15], [4, 19, 5, 20], [18, 5, 19, 6], [3, 11, 4, 10]]"
11n_151_147,"[[3, 11, 4, 10], [11, 7, 12, 6], [1, 8, 2, 9], [7, 13, 8, 12], [13, 3, 14, 2], [20, 16, 21, 15], [22, 18, 1, 17], [16, 22, 17, 21], [9, 14, 10, 15], [4, 19, 5, 20], [18, 5, 19, 6]]"
11n_151_148,"[[18, 5, 19, 6], [3, 11, 4, 10], [11, 7, 12, 6], [1, 8, 2, 9], [7, 13, 8, 12], [13, 3, 14, 2], [20, 16, 21, 15], [22, 18, 1, 17], [16, 22, 17, 21], [9, 14, 10, 15], [4, 19, 5, 20]]"
11n_151_149,"[[4, 19, 5, 20], [18, 5, 19, 6], [3, 11, 4, 10], [11, 7, 12, 6], [1, 8, 2, 9], [7, 13, 8, 12], [13, 3, 14, 2], [20, 16, 21, 15], [22, 18, 1, 17], [16, 22, 17, 21], [9, 14, 10, 15]]"
11n_151_150,"[[9, 14, 10, 15], [4, 19, 5, 20], [18, 5, 19, 6], [3, 11, 4, 10], [11, 7, 12, 6], [1, 8, 2, 9], [7, 13, 8, 12], [13, 3, 14, 2], [20, 16, 21, 15], [22, 18, 1, 17], [16, 22, 17, 21]]"
11n_151_151,"[[16, 22, 17, 21], [9, 14, 10, 15], [4, 19, 5, 20], [18, 5, 19, 6], [3, 11, 4, 10], [11, 7, 12, 6], [1, 8, 2, 9], [7, 13, 8, 12], [13, 3, 14, 2], [20, 16, 21, 15], [22, 18, 1, 17]]"
11n_151_152,"[[22, 18, 1, 17], [16, 22, 17, 21], [9, 14, 10, 15], [4, 19, 5, 20], [18, 5, 19, 6], [3, 11, 4, 10], [11, 7, 12, 6], [1, 8, 2, 9], [7, 13, 8, 12], [13, 3, 14, 2], [20, 16, 21, 15]]"
11n_151_153,"[[20, 16, 21, 15], [22, 18, 1, 17], [16, 22, 17, 21], [9, 14, 10, 15], [4, 19, 5, 20], [18, 5, 19, 6], [3, 11, 4, 10], [11, 7, 12, 6], [1, 8, 2, 9], [7, 13, 8, 12], [13, 3, 14, 2]]"
11n_151_154,"[[14, 4, 15, 3], [21, 17, 22, 16], [1, 19, 2, 18], [17, 1, 18, 22], [10, 15, 11, 16], [5, 20, 6, 21], [19, 6, 20, 7], [4, 12, 5, 11], [12, 8, 13, 7], [2, 9, 3, 10], [8, 14, 9, 13]]"
11n_151_155,"[[8, 14, 9, 13], [14, 4, 15, 3], [21, 17, 22, 16], [1, 19, 2, 18], [17, 1, 18, 22], [10, 15, 11, 16], [5, 20, 6, 21], [19, 6, 20, 7], [4, 12, 5, 11], [12, 8, 13, 7], [2, 9, 3, 10]]"
11n_151_156,"[[2, 9, 3, 10], [8, 14, 9, 13], [14, 4, 15, 3], [21, 17, 22, 16], [1, 19, 2, 18], [17, 1, 18, 22], [10, 15, 11, 16], [5, 20, 6, 21], [19, 6, 20, 7], [4, 12, 5, 11], [12, 8, 13, 7]]"
11n_151_157,"[[12, 8, 13, 7], [2, 9, 3, 10], [8, 14, 9, 13], [14, 4, 15, 3], [21, 17, 22, 16], [1, 19, 2, 18], [17, 1, 18, 22], [10, 15, 11, 16], [5, 20, 6, 21], [19, 6, 20, 7], [4, 12, 5, 11]]"
11n_151_158,"[[4, 12, 5, 11], [12, 8, 13, 7], [2, 9, 3, 10], [8, 14, 9, 13], [14, 4, 15, 3], [21, 17, 22, 16], [1, 19, 2, 18], [17, 1, 18, 22], [10, 15, 11, 16], [5, 20, 6, 21], [19, 6, 20, 7]]"
11n_151_159,"[[19, 6, 20, 7], [4, 12, 5, 11], [12, 8, 13, 7], [2, 9, 3, 10], [8, 14, 9, 13], [14, 4, 15, 3], [21, 17, 22, 16], [1, 19, 2, 18], [17, 1, 18, 22], [10, 15, 11, 16], [5, 20, 6, 21]]"
11n_151_160,"[[5, 20, 6, 21], [19, 6, 20, 7], [4, 12, 5, 11], [12, 8, 13, 7], [2, 9, 3, 10], [8, 14, 9, 13], [14, 4, 15, 3], [21, 17, 22, 16], [1, 19, 2, 18], [17, 1, 18, 22], [10, 15, 11, 16]]"
11n_151_161,"[[10, 15, 11, 16], [5, 20, 6, 21], [19, 6, 20, 7], [4, 12, 5, 11], [12, 8, 13, 7], [2, 9, 3, 10], [8, 14, 9, 13], [14, 4, 15, 3], [21, 17, 22, 16], [1, 19, 2, 18], [17, 1, 18, 22]]"
11n_151_162,"[[17, 1, 18, 22], [10, 15, 11, 16], [5, 20, 6, 21], [19, 6, 20, 7], [4, 12, 5, 11], [12, 8, 13, 7], [2, 9, 3, 10], [8, 14, 9, 13], [14, 4, 15, 3], [21, 17, 22, 16], [1, 19, 2, 18]]"
11n_151_163,"[[1, 19, 2, 18], [17, 1, 18, 22], [10, 15, 11, 16], [5, 20, 6, 21], [19, 6, 20, 7], [4, 12, 5, 11], [12, 8, 13, 7], [2, 9, 3, 10], [8, 14, 9, 13], [14, 4, 15, 3], [21, 17, 22, 16]]"
11n_151_164,"[[21, 17, 22, 16], [1, 19, 2, 18], [17, 1, 18, 22], [10, 15, 11, 16], [5, 20, 6, 21], [19, 6, 20, 7], [4, 12, 5, 11], [12, 8, 13, 7], [2, 9, 3, 10], [8, 14, 9, 13], [14, 4, 15, 3]]"
11n_151_165,"[[15, 5, 16, 4], [22, 18, 1, 17], [2, 20, 3, 19], [18, 2, 19, 1], [11, 16, 12, 17], [6, 21, 7, 22], [20, 7, 21, 8], [5, 13, 6, 12], [13, 9, 14, 8], [3, 10, 4, 11], [9, 15, 10, 14]]"
11n_151_166,"[[9, 15, 10, 14], [15, 5, 16, 4], [22, 18, 1, 17], [2, 20, 3, 19], [18, 2, 19, 1], [11, 16, 12, 17], [6, 21, 7, 22], [20, 7, 21, 8], [5, 13, 6, 12], [13, 9, 14, 8], [3, 10, 4, 11]]"
11n_151_167,"[[3, 10, 4, 11], [9, 15, 10, 14], [15, 5, 16, 4], [22, 18, 1, 17], [2, 20, 3, 19], [18, 2, 19, 1], [11, 16, 12, 17], [6, 21, 7, 22], [20, 7, 21, 8], [5, 13, 6, 12], [13, 9, 14, 8]]"
11n_151_168,"[[13, 9, 14, 8], [3, 10, 4, 11], [9, 15, 10, 14], [15, 5, 16, 4], [22, 18, 1, 17], [2, 20, 3, 19], [18, 2, 19, 1], [11, 16, 12, 17], [6, 21, 7, 22], [20, 7, 21, 8], [5, 13, 6, 12]]"
11n_151_169,"[[5, 13, 6, 12], [13, 9, 14, 8], [3, 10, 4, 11], [9, 15, 10, 14], [15, 5, 16, 4], [22, 18, 1, 17], [2, 20, 3, 19], [18, 2, 19, 1], [11, 16, 12, 17], [6, 21, 7, 22], [20, 7, 21, 8]]"
11n_151_170,"[[20, 7, 21, 8], [5, 13, 6, 12], [13, 9, 14, 8], [3, 10, 4, 11], [9, 15, 10, 14], [15, 5, 16, 4], [22, 18, 1, 17], [2, 20, 3, 19], [18, 2, 19, 1], [11, 16, 12, 17], [6, 21, 7, 22]]"
11n_151_171,"[[6, 21, 7, 22], [20, 7, 21, 8], [5, 13, 6, 12], [13, 9, 14, 8], [3, 10, 4, 11], [9, 15, 10, 14], [15, 5, 16, 4], [22, 18, 1, 17], [2, 20, 3, 19], [18, 2, 19, 1], [11, 16, 12, 17]]"
11n_151_172,"[[11, 16, 12, 17], [6, 21, 7, 22], [20, 7, 21, 8], [5, 13, 6, 12], [13, 9, 14, 8], [3, 10, 4, 11], [9, 15, 10, 14], [15, 5, 16, 4], [22, 18, 1, 17], [2, 20, 3, 19], [18, 2, 19, 1]]"
11n_151_173,"[[18, 2, 19, 1], [11, 16, 12, 17], [6, 21, 7, 22], [20, 7, 21, 8], [5, 13, 6, 12], [13, 9, 14, 8], [3, 10, 4, 11], [9, 15, 10, 14], [15, 5, 16, 4], [22, 18, 1, 17], [2, 20, 3, 19]]"
11n_151_174,"[[2, 20, 3, 19], [18, 2, 19, 1], [11, 16, 12, 17], [6, 21, 7, 22], [20, 7, 21, 8], [5, 13, 6, 12], [13, 9, 14, 8], [3, 10, 4, 11], [9, 15, 10, 14], [15, 5, 16, 4], [22, 18, 1, 17]]"
11n_151_175,"[[22, 18, 1, 17], [2, 20, 3, 19], [18, 2, 19, 1], [11, 16, 12, 17], [6, 21, 7, 22], [20, 7, 21, 8], [5, 13, 6, 12], [13, 9, 14, 8], [3, 10, 4, 11], [9, 15, 10, 14], [15, 5, 16, 4]]"
11n_151_176,"[[16, 6, 17, 5], [1, 19, 2, 18], [3, 21, 4, 20], [19, 3, 20, 2], [12, 17, 13, 18], [7, 22, 8, 1], [21, 8, 22, 9], [6, 14, 7, 13], [14, 10, 15, 9], [4, 11, 5, 12], [10, 16, 11, 15]]"
11n_151_177,"[[10, 16, 11, 15], [16, 6, 17, 5], [1, 19, 2, 18], [3, 21, 4, 20], [19, 3, 20, 2], [12, 17, 13, 18], [7, 22, 8, 1], [21, 8, 22, 9], [6, 14, 7, 13], [14, 10, 15, 9], [4, 11, 5, 12]]"
11n_151_178,"[[4, 11, 5, 12], [10, 16, 11, 15], [16, 6, 17, 5], [1, 19, 2, 18], [3, 21, 4, 20], [19, 3, 20, 2], [12, 17, 13, 18], [7, 22, 8, 1], [21, 8, 22, 9], [6, 14, 7, 13], [14, 10, 15, 9]]"
11n_151_179,"[[14, 10, 15, 9], [4, 11, 5, 12], [10, 16, 11, 15], [16, 6, 17, 5], [1, 19, 2, 18], [3, 21, 4, 20], [19, 3, 20, 2], [12, 17, 13, 18], [7, 22, 8, 1], [21, 8, 22, 9], [6, 14, 7, 13]]"
11n_151_180,"[[6, 14, 7, 13], [14, 10, 15, 9], [4, 11, 5, 12], [10, 16, 11, 15], [16, 6, 17, 5], [1, 19, 2, 18], [3, 21, 4, 20], [19, 3, 20, 2], [12, 17, 13, 18], [7, 22, 8, 1], [21, 8, 22, 9]]"
11n_151_181,"[[21, 8, 22, 9], [6, 14, 7, 13], [14, 10, 15, 9], [4, 11, 5, 12], [10, 16, 11, 15], [16, 6, 17, 5], [1, 19, 2, 18], [3, 21, 4, 20], [19, 3, 20, 2], [12, 17, 13, 18], [7, 22, 8, 1]]"
11n_151_182,"[[7, 22, 8, 1], [21, 8, 22, 9], [6, 14, 7, 13], [14, 10, 15, 9], [4, 11, 5, 12], [10, 16, 11, 15], [16, 6, 17, 5], [1, 19, 2, 18], [3, 21, 4, 20], [19, 3, 20, 2], [12, 17, 13, 18]]"
11n_151_183,"[[12, 17, 13, 18], [7, 22, 8, 1], [21, 8, 22, 9], [6, 14, 7, 13], [14, 10, 15, 9], [4, 11, 5, 12], [10, 16, 11, 15], [16, 6, 17, 5], [1, 19, 2, 18], [3, 21, 4, 20], [19, 3, 20, 2]]"
11n_151_184,"[[19, 3, 20, 2], [12, 17, 13, 18], [7, 22, 8, 1], [21, 8, 22, 9], [6, 14, 7, 13], [14, 10, 15, 9], [4, 11, 5, 12], [10, 16, 11, 15], [16, 6, 17, 5], [1, 19, 2, 18], [3, 21, 4, 20]]"
11n_151_185,"[[3, 21, 4, 20], [19, 3, 20, 2], [12, 17, 13, 18], [7, 22, 8, 1], [21, 8, 22, 9], [6, 14, 7, 13], [14, 10, 15, 9], [4, 11, 5, 12], [10, 16, 11, 15], [16, 6, 17, 5], [1, 19, 2, 18]]"
11n_151_186,"[[1, 19, 2, 18], [3, 21, 4, 20], [19, 3, 20, 2], [12, 17, 13, 18], [7, 22, 8, 1], [21, 8, 22, 9], [6, 14, 7, 13], [14, 10, 15, 9], [4, 11, 5, 12], [10, 16, 11, 15], [16, 6, 17, 5]]"
11n_151_187,"[[17, 7, 18, 6], [2, 20, 3, 19], [4, 22, 5, 21], [20, 4, 21, 3], [13, 18, 14, 19], [8, 1, 9, 2], [22, 9, 1, 10], [7, 15, 8, 14], [15, 11, 16, 10], [5, 12, 6, 13], [11, 17, 12, 16]]"
11n_151_188,"[[11, 17, 12, 16], [17, 7, 18, 6], [2, 20, 3, 19], [4, 22, 5, 21], [20, 4, 21, 3], [13, 18, 14, 19], [8, 1, 9, 2], [22, 9, 1, 10], [7, 15, 8, 14], [15, 11, 16, 10], [5, 12, 6, 13]]"
11n_151_189,"[[5, 12, 6, 13], [11, 17, 12, 16], [17, 7, 18, 6], [2, 20, 3, 19], [4, 22, 5, 21], [20, 4, 21, 3], [13, 18, 14, 19], [8, 1, 9, 2], [22, 9, 1, 10], [7, 15, 8, 14], [15, 11, 16, 10]]"
11n_151_190,"[[15, 11, 16, 10], [5, 12, 6, 13], [11, 17, 12, 16], [17, 7, 18, 6], [2, 20, 3, 19], [4, 22, 5, 21], [20, 4, 21, 3], [13, 18, 14, 19], [8, 1, 9, 2], [22, 9, 1, 10], [7, 15, 8, 14]]"
11n_151_191,"[[7, 15, 8, 14], [15, 11, 16, 10], [5, 12, 6, 13], [11, 17, 12, 16], [17, 7, 18, 6], [2, 20, 3, 19], [4, 22, 5, 21], [20, 4, 21, 3], [13, 18, 14, 19], [8, 1, 9, 2], [22, 9, 1, 10]]"
11n_151_192,"[[22, 9, 1, 10], [7, 15, 8, 14], [15, 11, 16, 10], [5, 12, 6, 13], [11, 17, 12, 16], [17, 7, 18, 6], [2, 20, 3, 19], [4, 22, 5, 21], [20, 4, 21, 3], [13, 18, 14, 19], [8, 1, 9, 2]]"
11n_151_193,"[[8, 1, 9, 2], [22, 9, 1, 10], [7, 15, 8, 14], [15, 11, 16, 10], [5, 12, 6, 13], [11, 17, 12, 16], [17, 7, 18, 6], [2, 20, 3, 19], [4, 22, 5, 21], [20, 4, 21, 3], [13, 18, 14, 19]]"
11n_151_194,"[[13, 18, 14, 19], [8, 1, 9, 2], [22, 9, 1, 10], [7, 15, 8, 14], [15, 11, 16, 10], [5, 12, 6, 13], [11, 17, 12, 16], [17, 7, 18, 6], [2, 20, 3, 19], [4, 22, 5, 21], [20, 4, 21, 3]]"
11n_151_195,"[[20, 4, 21, 3], [13, 18, 14, 19], [8, 1, 9, 2], [22, 9, 1, 10], [7, 15, 8, 14], [15, 11, 16, 10], [5, 12, 6, 13], [11, 17, 12, 16], [17, 7, 18, 6], [2, 20, 3, 19], [4, 22, 5, 21]]"
11n_151_196,"[[4, 22, 5, 21], [20, 4, 21, 3], [13, 18, 14, 19], [8, 1, 9, 2], [22, 9, 1, 10], [7, 15, 8, 14], [15, 11, 16, 10], [5, 12, 6, 13], [11, 17, 12, 16], [17, 7, 18, 6], [2, 20, 3, 19]]"
11n_151_197,"[[2, 20, 3, 19], [4, 22, 5, 21], [20, 4, 21, 3], [13, 18, 14, 19], [8, 1, 9, 2], [22, 9, 1, 10], [7, 15, 8, 14], [15, 11, 16, 10], [5, 12, 6, 13], [11, 17, 12, 16], [17, 7, 18, 6]]"
11n_151_198,"[[18, 8, 19, 7], [3, 21, 4, 20], [5, 1, 6, 22], [21, 5, 22, 4], [14, 19, 15, 20], [9, 2, 10, 3], [1, 10, 2, 11], [8, 16, 9, 15], [16, 12, 17, 11], [6, 13, 7, 14], [12, 18, 13, 17]]"
11n_151_199,"[[12, 18, 13, 17], [18, 8, 19, 7], [3, 21, 4, 20], [5, 1, 6, 22], [21, 5, 22, 4], [14, 19, 15, 20], [9, 2, 10, 3], [1, 10, 2, 11], [8, 16, 9, 15], [16, 12, 17, 11], [6, 13, 7, 14]]"
11n_151_200,"[[6, 13, 7, 14], [12, 18, 13, 17], [18, 8, 19, 7], [3, 21, 4, 20], [5, 1, 6, 22], [21, 5, 22, 4], [14, 19, 15, 20], [9, 2, 10, 3], [1, 10, 2, 11], [8, 16, 9, 15], [16, 12, 17, 11]]"
11n_151_201,"[[16, 12, 17, 11], [6, 13, 7, 14], [12, 18, 13, 17], [18, 8, 19, 7], [3, 21, 4, 20], [5, 1, 6, 22], [21, 5, 22, 4], [14, 19, 15, 20], [9, 2, 10, 3], [1, 10, 2, 11], [8, 16, 9, 15]]"
11n_151_202,"[[8, 16, 9, 15], [16, 12, 17, 11], [6, 13, 7, 14], [12, 18, 13, 17], [18, 8, 19, 7], [3, 21, 4, 20], [5, 1, 6, 22], [21, 5, 22, 4], [14, 19, 15, 20], [9, 2, 10, 3], [1, 10, 2, 11]]"
11n_151_203,"[[1, 10, 2, 11], [8, 16, 9, 15], [16, 12, 17, 11], [6, 13, 7, 14], [12, 18, 13, 17], [18, 8, 19, 7], [3, 21, 4, 20], [5, 1, 6, 22], [21, 5, 22, 4], [14, 19, 15, 20], [9, 2, 10, 3]]"
