name,pd_notation
11n_175_0,"[[1, 17, 2, 16], [7, 3, 8, 2], [15, 9, 16, 8], [6, 18, 7, 17], [4, 12, 5, 11], [12, 19, 13, 20], [18, 13, 19, 14], [14, 4, 15, 3], [20, 6, 21, 5], [22, 10, 1, 9], [10, 22, 11, 21]]"
11n_175_1,"[[10, 22, 11, 21], [1, 17, 2, 16], [7, 3, 8, 2], [15, 9, 16, 8], [6, 18, 7, 17], [4, 12, 5, 11], [12, 19, 13, 20], [18, 13, 19, 14], [14, 4, 15, 3], [20, 6, 21, 5], [22, 10, 1, 9]]"
11n_175_2,"[[22, 10, 1, 9], [10, 22, 11, 21], [1, 17, 2, 16], [7, 3, 8, 2], [15, 9, 16, 8], [6, 18, 7, 17], [4, 12, 5, 11], [12, 19, 13, 20], [18, 13, 19, 14], [14, 4, 15, 3], [20, 6, 21, 5]]"
11n_175_3,"[[20, 6, 21, 5], [22, 10, 1, 9], [10, 22, 11, 21], [1, 17, 2, 16], [7, 3, 8, 2], [15, 9, 16, 8], [6, 18, 7, 17], [4, 12, 5, 11], [12, 19, 13, 20], [18, 13, 19, 14], [14, 4, 15, 3]]"
11n_175_4,"[[14, 4, 15, 3], [20, 6, 21, 5], [22, 10, 1, 9], [10, 22, 11, 21], [1, 17, 2, 16], [7, 3, 8, 2], [15, 9, 16, 8], [6, 18, 7, 17], [4, 12, 5, 11], [12, 19, 13, 20], [18, 13, 19, 14]]"
11n_175_5,"[[18, 13, 19, 14], [14, 4, 15, 3], [20, 6, 21, 5], [22, 10, 1, 9], [10, 22, 11, 21], [1, 17, 2, 16], [7, 3, 8, 2], [15, 9, 16, 8], [6, 18, 7, 17], [4, 12, 5, 11], [12, 19, 13, 20]]"
11n_175_6,"[[12, 19, 13, 20], [18, 13, 19, 14], [14, 4, 15, 3], [20, 6, 21, 5], [22, 10, 1, 9], [10, 22, 11, 21], [1, 17, 2, 16], [7, 3, 8, 2], [15, 9, 16, 8], [6, 18, 7, 17], [4, 12, 5, 11]]"
11n_175_7,"[[4, 12, 5, 11], [12, 19, 13, 20], [18, 13, 19, 14], [14, 4, 15, 3], [20, 6, 21, 5], [22, 10, 1, 9], [10, 22, 11, 21], [1, 17, 2, 16], [7, 3, 8, 2], [15, 9, 16, 8], [6, 18, 7, 17]]"
11n_175_8,"[[6, 18, 7, 17], [4, 12, 5, 11], [12, 19, 13, 20], [18, 13, 19, 14], [14, 4, 15, 3], [20, 6, 21, 5], [22, 10, 1, 9], [10, 22, 11, 21], [1, 17, 2, 16], [7, 3, 8, 2], [15, 9, 16, 8]]"
11n_175_9,"[[15, 9, 16, 8], [6, 18, 7, 17], [4, 12, 5, 11], [12, 19, 13, 20], [18, 13, 19, 14], [14, 4, 15, 3], [20, 6, 21, 5], [22, 10, 1, 9], [10, 22, 11, 21], [1, 17, 2, 16], [7, 3, 8, 2]]"
11n_175_10,"[[7, 3, 8, 2], [15, 9, 16, 8], [6, 18, 7, 17], [4, 12, 5, 11], [12, 19, 13, 20], [18, 13, 19, 14], [14, 4, 15, 3], [20, 6, 21, 5], [22, 10, 1, 9], [10, 22, 11, 21], [1, 17, 2, 16]]"
11n_175_11,"[[2, 18, 3, 17], [8, 4, 9, 3], [16, 10, 17, 9], [7, 19, 8, 18], [5, 13, 6, 12], [13, 20, 14, 21], [19, 14, 20, 15], [15, 5, 16, 4], [21, 7, 22, 6], [1, 11, 2, 10], [11, 1, 12, 22]]"
11n_175_12,"[[11, 1, 12, 22], [2, 18, 3, 17], [8, 4, 9, 3], [16, 10, 17, 9], [7, 19, 8, 18], [5, 13, 6, 12], [13, 20, 14, 21], [19, 14, 20, 15], [15, 5, 16, 4], [21, 7, 22, 6], [1, 11, 2, 10]]"
11n_175_13,"[[1, 11, 2, 10], [11, 1, 12, 22], [2, 18, 3, 17], [8, 4, 9, 3], [16, 10, 17, 9], [7, 19, 8, 18], [5, 13, 6, 12], [13, 20, 14, 21], [19, 14, 20, 15], [15, 5, 16, 4], [21, 7, 22, 6]]"
11n_175_14,"[[21, 7, 22, 6], [1, 11, 2, 10], [11, 1, 12, 22], [2, 18, 3, 17], [8, 4, 9, 3], [16, 10, 17, 9], [7, 19, 8, 18], [5, 13, 6, 12], [13, 20, 14, 21], [19, 14, 20, 15], [15, 5, 16, 4]]"
11n_175_15,"[[15, 5, 16, 4], [21, 7, 22, 6], [1, 11, 2, 10], [11, 1, 12, 22], [2, 18, 3, 17], [8, 4, 9, 3], [16, 10, 17, 9], [7, 19, 8, 18], [5, 13, 6, 12], [13, 20, 14, 21], [19, 14, 20, 15]]"
11n_175_16,"[[19, 14, 20, 15], [15, 5, 16, 4], [21, 7, 22, 6], [1, 11, 2, 10], [11, 1, 12, 22], [2, 18, 3, 17], [8, 4, 9, 3], [16, 10, 17, 9], [7, 19, 8, 18], [5, 13, 6, 12], [13, 20, 14, 21]]"
11n_175_17,"[[13, 20, 14, 21], [19, 14, 20, 15], [15, 5, 16, 4], [21, 7, 22, 6], [1, 11, 2, 10], [11, 1, 12, 22], [2, 18, 3, 17], [8, 4, 9, 3], [16, 10, 17, 9], [7, 19, 8, 18], [5, 13, 6, 12]]"
11n_175_18,"[[5, 13, 6, 12], [13, 20, 14, 21], [19, 14, 20, 15], [15, 5, 16, 4], [21, 7, 22, 6], [1, 11, 2, 10], [11, 1, 12, 22], [2, 18, 3, 17], [8, 4, 9, 3], [16, 10, 17, 9], [7, 19, 8, 18]]"
11n_175_19,"[[7, 19, 8, 18], [5, 13, 6, 12], [13, 20, 14, 21], [19, 14, 20, 15], [15, 5, 16, 4], [21, 7, 22, 6], [1, 11, 2, 10], [11, 1, 12, 22], [2, 18, 3, 17], [8, 4, 9, 3], [16, 10, 17, 9]]"
11n_175_20,"[[16, 10, 17, 9], [7, 19, 8, 18], [5, 13, 6, 12], [13, 20, 14, 21], [19, 14, 20, 15], [15, 5, 16, 4], [21, 7, 22, 6], [1, 11, 2, 10], [11, 1, 12, 22], [2, 18, 3, 17], [8, 4, 9, 3]]"
11n_175_21,"[[8, 4, 9, 3], [16, 10, 17, 9], [7, 19, 8, 18], [5, 13, 6, 12], [13, 20, 14, 21], [19, 14, 20, 15], [15, 5, 16, 4], [21, 7, 22, 6], [1, 11, 2, 10], [11, 1, 12, 22], [2, 18, 3, 17]]"
11n_175_22,"[[3, 19, 4, 18], [9, 5, 10, 4], [17, 11, 18, 10], [8, 20, 9, 19], [6, 14, 7, 13], [14, 21, 15, 22], [20, 15, 21, 16], [16, 6, 17, 5], [22, 8, 1, 7], [2, 12, 3, 11], [12, 2, 13, 1]]"
11n_175_23,"[[12, 2, 13, 1], [3, 19, 4, 18], [9, 5, 10, 4], [17, 11, 18, 10], [8, 20, 9, 19], [6, 14, 7, 13], [14, 21, 15, 22], [20, 15, 21, 16], [16, 6, 17, 5], [22, 8, 1, 7], [2, 12, 3, 11]]"
11n_175_24,"[[2, 12, 3, 11], [12, 2, 13, 1], [3, 19, 4, 18], [9, 5, 10, 4], [17, 11, 18, 10], [8, 20, 9, 19], [6, 14, 7, 13], [14, 21, 15, 22], [20, 15, 21, 16], [16, 6, 17, 5], [22, 8, 1, 7]]"
11n_175_25,"[[22, 8, 1, 7], [2, 12, 3, 11], [12, 2, 13, 1], [3, 19, 4, 18], [9, 5, 10, 4], [17, 11, 18, 10], [8, 20, 9, 19], [6, 14, 7, 13], [14, 21, 15, 22], [20, 15, 21, 16], [16, 6, 17, 5]]"
11n_175_26,"[[16, 6, 17, 5], [22, 8, 1, 7], [2, 12, 3, 11], [12, 2, 13, 1], [3, 19, 4, 18], [9, 5, 10, 4], [17, 11, 18, 10], [8, 20, 9, 19], [6, 14, 7, 13], [14, 21, 15, 22], [20, 15, 21, 16]]"
11n_175_27,"[[20, 15, 21, 16], [16, 6, 17, 5], [22, 8, 1, 7], [2, 12, 3, 11], [12, 2, 13, 1], [3, 19, 4, 18], [9, 5, 10, 4], [17, 11, 18, 10], [8, 20, 9, 19], [6, 14, 7, 13], [14, 21, 15, 22]]"
11n_175_28,"[[14, 21, 15, 22], [20, 15, 21, 16], [16, 6, 17, 5], [22, 8, 1, 7], [2, 12, 3, 11], [12, 2, 13, 1], [3, 19, 4, 18], [9, 5, 10, 4], [17, 11, 18, 10], [8, 20, 9, 19], [6, 14, 7, 13]]"
11n_175_29,"[[6, 14, 7, 13], [14, 21, 15, 22], [20, 15, 21, 16], [16, 6, 17, 5], [22, 8, 1, 7], [2, 12, 3, 11], [12, 2, 13, 1], [3, 19, 4, 18], [9, 5, 10, 4], [17, 11, 18, 10], [8, 20, 9, 19]]"
11n_175_30,"[[8, 20, 9, 19], [6, 14, 7, 13], [14, 21, 15, 22], [20, 15, 21, 16], [16, 6, 17, 5], [22, 8, 1, 7], [2, 12, 3, 11], [12, 2, 13, 1], [3, 19, 4, 18], [9, 5, 10, 4], [17, 11, 18, 10]]"
11n_175_31,"[[17, 11, 18, 10], [8, 20, 9, 19], [6, 14, 7, 13], [14, 21, 15, 22], [20, 15, 21, 16], [16, 6, 17, 5], [22, 8, 1, 7], [2, 12, 3, 11], [12, 2, 13, 1], [3, 19, 4, 18], [9, 5, 10, 4]]"
11n_175_32,"[[9, 5, 10, 4], [17, 11, 18, 10], [8, 20, 9, 19], [6, 14, 7, 13], [14, 21, 15, 22], [20, 15, 21, 16], [16, 6, 17, 5], [22, 8, 1, 7], [2, 12, 3, 11], [12, 2, 13, 1], [3, 19, 4, 18]]"
11n_175_33,"[[4, 20, 5, 19], [10, 6, 11, 5], [18, 12, 19, 11], [9, 21, 10, 20], [7, 15, 8, 14], [15, 22, 16, 1], [21, 16, 22, 17], [17, 7, 18, 6], [1, 9, 2, 8], [3, 13, 4, 12], [13, 3, 14, 2]]"
11n_175_34,"[[13, 3, 14, 2], [4, 20, 5, 19], [10, 6, 11, 5], [18, 12, 19, 11], [9, 21, 10, 20], [7, 15, 8, 14], [15, 22, 16, 1], [21, 16, 22, 17], [17, 7, 18, 6], [1, 9, 2, 8], [3, 13, 4, 12]]"
11n_175_35,"[[3, 13, 4, 12], [13, 3, 14, 2], [4, 20, 5, 19], [10, 6, 11, 5], [18, 12, 19, 11], [9, 21, 10, 20], [7, 15, 8, 14], [15, 22, 16, 1], [21, 16, 22, 17], [17, 7, 18, 6], [1, 9, 2, 8]]"
11n_175_36,"[[1, 9, 2, 8], [3, 13, 4, 12], [13, 3, 14, 2], [4, 20, 5, 19], [10, 6, 11, 5], [18, 12, 19, 11], [9, 21, 10, 20], [7, 15, 8, 14], [15, 22, 16, 1], [21, 16, 22, 17], [17, 7, 18, 6]]"
11n_175_37,"[[17, 7, 18, 6], [1, 9, 2, 8], [3, 13, 4, 12], [13, 3, 14, 2], [4, 20, 5, 19], [10, 6, 11, 5], [18, 12, 19, 11], [9, 21, 10, 20], [7, 15, 8, 14], [15, 22, 16, 1], [21, 16, 22, 17]]"
11n_175_38,"[[21, 16, 22, 17], [17, 7, 18, 6], [1, 9, 2, 8], [3, 13, 4, 12], [13, 3, 14, 2], [4, 20, 5, 19], [10, 6, 11, 5], [18, 12, 19, 11], [9, 21, 10, 20], [7, 15, 8, 14], [15, 22, 16, 1]]"
11n_175_39,"[[15, 22, 16, 1], [21, 16, 22, 17], [17, 7, 18, 6], [1, 9, 2, 8], [3, 13, 4, 12], [13, 3, 14, 2], [4, 20, 5, 19], [10, 6, 11, 5], [18, 12, 19, 11], [9, 21, 10, 20], [7, 15, 8, 14]]"
11n_175_40,"[[7, 15, 8, 14], [15, 22, 16, 1], [21, 16, 22, 17], [17, 7, 18, 6], [1, 9, 2, 8], [3, 13, 4, 12], [13, 3, 14, 2], [4, 20, 5, 19], [10, 6, 11, 5], [18, 12, 19, 11], [9, 21, 10, 20]]"
11n_175_41,"[[9, 21, 10, 20], [7, 15, 8, 14], [15, 22, 16, 1], [21, 16, 22, 17], [17, 7, 18, 6], [1, 9, 2, 8], [3, 13, 4, 12], [13, 3, 14, 2], [4, 20, 5, 19], [10, 6, 11, 5], [18, 12, 19, 11]]"
11n_175_42,"[[18, 12, 19, 11], [9, 21, 10, 20], [7, 15, 8, 14], [15, 22, 16, 1], [21, 16, 22, 17], [17, 7, 18, 6], [1, 9, 2, 8], [3, 13, 4, 12], [13, 3, 14, 2], [4, 20, 5, 19], [10, 6, 11, 5]]"
11n_175_43,"[[10, 6, 11, 5], [18, 12, 19, 11], [9, 21, 10, 20], [7, 15, 8, 14], [15, 22, 16, 1], [21, 16, 22, 17], [17, 7, 18, 6], [1, 9, 2, 8], [3, 13, 4, 12], [13, 3, 14, 2], [4, 20, 5, 19]]"
11n_175_44,"[[5, 21, 6, 20], [11, 7, 12, 6], [19, 13, 20, 12], [10, 22, 11, 21], [8, 16, 9, 15], [16, 1, 17, 2], [22, 17, 1, 18], [18, 8, 19, 7], [2, 10, 3, 9], [4, 14, 5, 13], [14, 4, 15, 3]]"
11n_175_45,"[[14, 4, 15, 3], [5, 21, 6, 20], [11, 7, 12, 6], [19, 13, 20, 12], [10, 22, 11, 21], [8, 16, 9, 15], [16, 1, 17, 2], [22, 17, 1, 18], [18, 8, 19, 7], [2, 10, 3, 9], [4, 14, 5, 13]]"
11n_175_46,"[[4, 14, 5, 13], [14, 4, 15, 3], [5, 21, 6, 20], [11, 7, 12, 6], [19, 13, 20, 12], [10, 22, 11, 21], [8, 16, 9, 15], [16, 1, 17, 2], [22, 17, 1, 18], [18, 8, 19, 7], [2, 10, 3, 9]]"
11n_175_47,"[[2, 10, 3, 9], [4, 14, 5, 13], [14, 4, 15, 3], [5, 21, 6, 20], [11, 7, 12, 6], [19, 13, 20, 12], [10, 22, 11, 21], [8, 16, 9, 15], [16, 1, 17, 2], [22, 17, 1, 18], [18, 8, 19, 7]]"
11n_175_48,"[[18, 8, 19, 7], [2, 10, 3, 9], [4, 14, 5, 13], [14, 4, 15, 3], [5, 21, 6, 20], [11, 7, 12, 6], [19, 13, 20, 12], [10, 22, 11, 21], [8, 16, 9, 15], [16, 1, 17, 2], [22, 17, 1, 18]]"
11n_175_49,"[[22, 17, 1, 18], [18, 8, 19, 7], [2, 10, 3, 9], [4, 14, 5, 13], [14, 4, 15, 3], [5, 21, 6, 20], [11, 7, 12, 6], [19, 13, 20, 12], [10, 22, 11, 21], [8, 16, 9, 15], [16, 1, 17, 2]]"
11n_175_50,"[[16, 1, 17, 2], [22, 17, 1, 18], [18, 8, 19, 7], [2, 10, 3, 9], [4, 14, 5, 13], [14, 4, 15, 3], [5, 21, 6, 20], [11, 7, 12, 6], [19, 13, 20, 12], [10, 22, 11, 21], [8, 16, 9, 15]]"
11n_175_51,"[[8, 16, 9, 15], [16, 1, 17, 2], [22, 17, 1, 18], [18, 8, 19, 7], [2, 10, 3, 9], [4, 14, 5, 13], [14, 4, 15, 3], [5, 21, 6, 20], [11, 7, 12, 6], [19, 13, 20, 12], [10, 22, 11, 21]]"
11n_175_52,"[[10, 22, 11, 21], [8, 16, 9, 15], [16, 1, 17, 2], [22, 17, 1, 18], [18, 8, 19, 7], [2, 10, 3, 9], [4, 14, 5, 13], [14, 4, 15, 3], [5, 21, 6, 20], [11, 7, 12, 6], [19, 13, 20, 12]]"
11n_175_53,"[[19, 13, 20, 12], [10, 22, 11, 21], [8, 16, 9, 15], [16, 1, 17, 2], [22, 17, 1, 18], [18, 8, 19, 7], [2, 10, 3, 9], [4, 14, 5, 13], [14, 4, 15, 3], [5, 21, 6, 20], [11, 7, 12, 6]]"
11n_175_54,"[[11, 7, 12, 6], [19, 13, 20, 12], [10, 22, 11, 21], [8, 16, 9, 15], [16, 1, 17, 2], [22, 17, 1, 18], [18, 8, 19, 7], [2, 10, 3, 9], [4, 14, 5, 13], [14, 4, 15, 3], [5, 21, 6, 20]]"
11n_175_55,"[[6, 22, 7, 21], [12, 8, 13, 7], [20, 14, 21, 13], [11, 1, 12, 22], [9, 17, 10, 16], [17, 2, 18, 3], [1, 18, 2, 19], [19, 9, 20, 8], [3, 11, 4, 10], [5, 15, 6, 14], [15, 5, 16, 4]]"
11n_175_56,"[[15, 5, 16, 4], [6, 22, 7, 21], [12, 8, 13, 7], [20, 14, 21, 13], [11, 1, 12, 22], [9, 17, 10, 16], [17, 2, 18, 3], [1, 18, 2, 19], [19, 9, 20, 8], [3, 11, 4, 10], [5, 15, 6, 14]]"
11n_175_57,"[[5, 15, 6, 14], [15, 5, 16, 4], [6, 22, 7, 21], [12, 8, 13, 7], [20, 14, 21, 13], [11, 1, 12, 22], [9, 17, 10, 16], [17, 2, 18, 3], [1, 18, 2, 19], [19, 9, 20, 8], [3, 11, 4, 10]]"
11n_175_58,"[[3, 11, 4, 10], [5, 15, 6, 14], [15, 5, 16, 4], [6, 22, 7, 21], [12, 8, 13, 7], [20, 14, 21, 13], [11, 1, 12, 22], [9, 17, 10, 16], [17, 2, 18, 3], [1, 18, 2, 19], [19, 9, 20, 8]]"
11n_175_59,"[[19, 9, 20, 8], [3, 11, 4, 10], [5, 15, 6, 14], [15, 5, 16, 4], [6, 22, 7, 21], [12, 8, 13, 7], [20, 14, 21, 13], [11, 1, 12, 22], [9, 17, 10, 16], [17, 2, 18, 3], [1, 18, 2, 19]]"
11n_175_60,"[[1, 18, 2, 19], [19, 9, 20, 8], [3, 11, 4, 10], [5, 15, 6, 14], [15, 5, 16, 4], [6, 22, 7, 21], [12, 8, 13, 7], [20, 14, 21, 13], [11, 1, 12, 22], [9, 17, 10, 16], [17, 2, 18, 3]]"
11n_175_61,"[[17, 2, 18, 3], [1, 18, 2, 19], [19, 9, 20, 8], [3, 11, 4, 10], [5, 15, 6, 14], [15, 5, 16, 4], [6, 22, 7, 21], [12, 8, 13, 7], [20, 14, 21, 13], [11, 1, 12, 22], [9, 17, 10, 16]]"
11n_175_62,"[[9, 17, 10, 16], [17, 2, 18, 3], [1, 18, 2, 19], [19, 9, 20, 8], [3, 11, 4, 10], [5, 15, 6, 14], [15, 5, 16, 4], [6, 22, 7, 21], [12, 8, 13, 7], [20, 14, 21, 13], [11, 1, 12, 22]]"
11n_175_63,"[[11, 1, 12, 22], [9, 17, 10, 16], [17, 2, 18, 3], [1, 18, 2, 19], [19, 9, 20, 8], [3, 11, 4, 10], [5, 15, 6, 14], [15, 5, 16, 4], [6, 22, 7, 21], [12, 8, 13, 7], [20, 14, 21, 13]]"
11n_175_64,"[[20, 14, 21, 13], [11, 1, 12, 22], [9, 17, 10, 16], [17, 2, 18, 3], [1, 18, 2, 19], [19, 9, 20, 8], [3, 11, 4, 10], [5, 15, 6, 14], [15, 5, 16, 4], [6, 22, 7, 21], [12, 8, 13, 7]]"
11n_175_65,"[[12, 8, 13, 7], [20, 14, 21, 13], [11, 1, 12, 22], [9, 17, 10, 16], [17, 2, 18, 3], [1, 18, 2, 19], [19, 9, 20, 8], [3, 11, 4, 10], [5, 15, 6, 14], [15, 5, 16, 4], [6, 22, 7, 21]]"
11n_175_66,"[[7, 1, 8, 22], [13, 9, 14, 8], [21, 15, 22, 14], [12, 2, 13, 1], [10, 18, 11, 17], [18, 3, 19, 4], [2, 19, 3, 20], [20, 10, 21, 9], [4, 12, 5, 11], [6, 16, 7, 15], [16, 6, 17, 5]]"
11n_175_67,"[[16, 6, 17, 5], [7, 1, 8, 22], [13, 9, 14, 8], [21, 15, 22, 14], [12, 2, 13, 1], [10, 18, 11, 17], [18, 3, 19, 4], [2, 19, 3, 20], [20, 10, 21, 9], [4, 12, 5, 11], [6, 16, 7, 15]]"
11n_175_68,"[[6, 16, 7, 15], [16, 6, 17, 5], [7, 1, 8, 22], [13, 9, 14, 8], [21, 15, 22, 14], [12, 2, 13, 1], [10, 18, 11, 17], [18, 3, 19, 4], [2, 19, 3, 20], [20, 10, 21, 9], [4, 12, 5, 11]]"
11n_175_69,"[[4, 12, 5, 11], [6, 16, 7, 15], [16, 6, 17, 5], [7, 1, 8, 22], [13, 9, 14, 8], [21, 15, 22, 14], [12, 2, 13, 1], [10, 18, 11, 17], [18, 3, 19, 4], [2, 19, 3, 20], [20, 10, 21, 9]]"
11n_175_70,"[[20, 10, 21, 9], [4, 12, 5, 11], [6, 16, 7, 15], [16, 6, 17, 5], [7, 1, 8, 22], [13, 9, 14, 8], [21, 15, 22, 14], [12, 2, 13, 1], [10, 18, 11, 17], [18, 3, 19, 4], [2, 19, 3, 20]]"
11n_175_71,"[[2, 19, 3, 20], [20, 10, 21, 9], [4, 12, 5, 11], [6, 16, 7, 15], [16, 6, 17, 5], [7, 1, 8, 22], [13, 9, 14, 8], [21, 15, 22, 14], [12, 2, 13, 1], [10, 18, 11, 17], [18, 3, 19, 4]]"
11n_175_72,"[[18, 3, 19, 4], [2, 19, 3, 20], [20, 10, 21, 9], [4, 12, 5, 11], [6, 16, 7, 15], [16, 6, 17, 5], [7, 1, 8, 22], [13, 9, 14, 8], [21, 15, 22, 14], [12, 2, 13, 1], [10, 18, 11, 17]]"
11n_175_73,"[[10, 18, 11, 17], [18, 3, 19, 4], [2, 19, 3, 20], [20, 10, 21, 9], [4, 12, 5, 11], [6, 16, 7, 15], [16, 6, 17, 5], [7, 1, 8, 22], [13, 9, 14, 8], [21, 15, 22, 14], [12, 2, 13, 1]]"
11n_175_74,"[[12, 2, 13, 1], [10, 18, 11, 17], [18, 3, 19, 4], [2, 19, 3, 20], [20, 10, 21, 9], [4, 12, 5, 11], [6, 16, 7, 15], [16, 6, 17, 5], [7, 1, 8, 22], [13, 9, 14, 8], [21, 15, 22, 14]]"
11n_175_75,"[[21, 15, 22, 14], [12, 2, 13, 1], [10, 18, 11, 17], [18, 3, 19, 4], [2, 19, 3, 20], [20, 10, 21, 9], [4, 12, 5, 11], [6, 16, 7, 15], [16, 6, 17, 5], [7, 1, 8, 22], [13, 9, 14, 8]]"
11n_175_76,"[[13, 9, 14, 8], [21, 15, 22, 14], [12, 2, 13, 1], [10, 18, 11, 17], [18, 3, 19, 4], [2, 19, 3, 20], [20, 10, 21, 9], [4, 12, 5, 11], [6, 16, 7, 15], [16, 6, 17, 5], [7, 1, 8, 22]]"
11n_175_77,"[[8, 2, 9, 1], [14, 10, 15, 9], [22, 16, 1, 15], [13, 3, 14, 2], [11, 19, 12, 18], [19, 4, 20, 5], [3, 20, 4, 21], [21, 11, 22, 10], [5, 13, 6, 12], [7, 17, 8, 16], [17, 7, 18, 6]]"
11n_175_78,"[[17, 7, 18, 6], [8, 2, 9, 1], [14, 10, 15, 9], [22, 16, 1, 15], [13, 3, 14, 2], [11, 19, 12, 18], [19, 4, 20, 5], [3, 20, 4, 21], [21, 11, 22, 10], [5, 13, 6, 12], [7, 17, 8, 16]]"
11n_175_79,"[[7, 17, 8, 16], [17, 7, 18, 6], [8, 2, 9, 1], [14, 10, 15, 9], [22, 16, 1, 15], [13, 3, 14, 2], [11, 19, 12, 18], [19, 4, 20, 5], [3, 20, 4, 21], [21, 11, 22, 10], [5, 13, 6, 12]]"
11n_175_80,"[[5, 13, 6, 12], [7, 17, 8, 16], [17, 7, 18, 6], [8, 2, 9, 1], [14, 10, 15, 9], [22, 16, 1, 15], [13, 3, 14, 2], [11, 19, 12, 18], [19, 4, 20, 5], [3, 20, 4, 21], [21, 11, 22, 10]]"
11n_175_81,"[[21, 11, 22, 10], [5, 13, 6, 12], [7, 17, 8, 16], [17, 7, 18, 6], [8, 2, 9, 1], [14, 10, 15, 9], [22, 16, 1, 15], [13, 3, 14, 2], [11, 19, 12, 18], [19, 4, 20, 5], [3, 20, 4, 21]]"
11n_175_82,"[[3, 20, 4, 21], [21, 11, 22, 10], [5, 13, 6, 12], [7, 17, 8, 16], [17, 7, 18, 6], [8, 2, 9, 1], [14, 10, 15, 9], [22, 16, 1, 15], [13, 3, 14, 2], [11, 19, 12, 18], [19, 4, 20, 5]]"
11n_175_83,"[[19, 4, 20, 5], [3, 20, 4, 21], [21, 11, 22, 10], [5, 13, 6, 12], [7, 17, 8, 16], [17, 7, 18, 6], [8, 2, 9, 1], [14, 10, 15, 9], [22, 16, 1, 15], [13, 3, 14, 2], [11, 19, 12, 18]]"
11n_175_84,"[[11, 19, 12, 18], [19, 4, 20, 5], [3, 20, 4, 21], [21, 11, 22, 10], [5, 13, 6, 12], [7, 17, 8, 16], [17, 7, 18, 6], [8, 2, 9, 1], [14, 10, 15, 9], [22, 16, 1, 15], [13, 3, 14, 2]]"
11n_175_85,"[[13, 3, 14, 2], [11, 19, 12, 18], [19, 4, 20, 5], [3, 20, 4, 21], [21, 11, 22, 10], [5, 13, 6, 12], [7, 17, 8, 16], [17, 7, 18, 6], [8, 2, 9, 1], [14, 10, 15, 9], [22, 16, 1, 15]]"
11n_175_86,"[[22, 16, 1, 15], [13, 3, 14, 2], [11, 19, 12, 18], [19, 4, 20, 5], [3, 20, 4, 21], [21, 11, 22, 10], [5, 13, 6, 12], [7, 17, 8, 16], [17, 7, 18, 6], [8, 2, 9, 1], [14, 10, 15, 9]]"
11n_175_87,"[[14, 10, 15, 9], [22, 16, 1, 15], [13, 3, 14, 2], [11, 19, 12, 18], [19, 4, 20, 5], [3, 20, 4, 21], [21, 11, 22, 10], [5, 13, 6, 12], [7, 17, 8, 16], [17, 7, 18, 6], [8, 2, 9, 1]]"
11n_175_88,"[[9, 3, 10, 2], [15, 11, 16, 10], [1, 17, 2, 16], [14, 4, 15, 3], [12, 20, 13, 19], [20, 5, 21, 6], [4, 21, 5, 22], [22, 12, 1, 11], [6, 14, 7, 13], [8, 18, 9, 17], [18, 8, 19, 7]]"
11n_175_89,"[[18, 8, 19, 7], [9, 3, 10, 2], [15, 11, 16, 10], [1, 17, 2, 16], [14, 4, 15, 3], [12, 20, 13, 19], [20, 5, 21, 6], [4, 21, 5, 22], [22, 12, 1, 11], [6, 14, 7, 13], [8, 18, 9, 17]]"
11n_175_90,"[[8, 18, 9, 17], [18, 8, 19, 7], [9, 3, 10, 2], [15, 11, 16, 10], [1, 17, 2, 16], [14, 4, 15, 3], [12, 20, 13, 19], [20, 5, 21, 6], [4, 21, 5, 22], [22, 12, 1, 11], [6, 14, 7, 13]]"
11n_175_91,"[[6, 14, 7, 13], [8, 18, 9, 17], [18, 8, 19, 7], [9, 3, 10, 2], [15, 11, 16, 10], [1, 17, 2, 16], [14, 4, 15, 3], [12, 20, 13, 19], [20, 5, 21, 6], [4, 21, 5, 22], [22, 12, 1, 11]]"
11n_175_92,"[[22, 12, 1, 11], [6, 14, 7, 13], [8, 18, 9, 17], [18, 8, 19, 7], [9, 3, 10, 2], [15, 11, 16, 10], [1, 17, 2, 16], [14, 4, 15, 3], [12, 20, 13, 19], [20, 5, 21, 6], [4, 21, 5, 22]]"
11n_175_93,"[[4, 21, 5, 22], [22, 12, 1, 11], [6, 14, 7, 13], [8, 18, 9, 17], [18, 8, 19, 7], [9, 3, 10, 2], [15, 11, 16, 10], [1, 17, 2, 16], [14, 4, 15, 3], [12, 20, 13, 19], [20, 5, 21, 6]]"
11n_175_94,"[[20, 5, 21, 6], [4, 21, 5, 22], [22, 12, 1, 11], [6, 14, 7, 13], [8, 18, 9, 17], [18, 8, 19, 7], [9, 3, 10, 2], [15, 11, 16, 10], [1, 17, 2, 16], [14, 4, 15, 3], [12, 20, 13, 19]]"
11n_175_95,"[[12, 20, 13, 19], [20, 5, 21, 6], [4, 21, 5, 22], [22, 12, 1, 11], [6, 14, 7, 13], [8, 18, 9, 17], [18, 8, 19, 7], [9, 3, 10, 2], [15, 11, 16, 10], [1, 17, 2, 16], [14, 4, 15, 3]]"
11n_175_96,"[[14, 4, 15, 3], [12, 20, 13, 19], [20, 5, 21, 6], [4, 21, 5, 22], [22, 12, 1, 11], [6, 14, 7, 13], [8, 18, 9, 17], [18, 8, 19, 7], [9, 3, 10, 2], [15, 11, 16, 10], [1, 17, 2, 16]]"
11n_175_97,"[[1, 17, 2, 16], [14, 4, 15, 3], [12, 20, 13, 19], [20, 5, 21, 6], [4, 21, 5, 22], [22, 12, 1, 11], [6, 14, 7, 13], [8, 18, 9, 17], [18, 8, 19, 7], [9, 3, 10, 2], [15, 11, 16, 10]]"
11n_175_98,"[[15, 11, 16, 10], [1, 17, 2, 16], [14, 4, 15, 3], [12, 20, 13, 19], [20, 5, 21, 6], [4, 21, 5, 22], [22, 12, 1, 11], [6, 14, 7, 13], [8, 18, 9, 17], [18, 8, 19, 7], [9, 3, 10, 2]]"
11n_175_99,"[[10, 4, 11, 3], [16, 12, 17, 11], [2, 18, 3, 17], [15, 5, 16, 4], [13, 21, 14, 20], [21, 6, 22, 7], [5, 22, 6, 1], [1, 13, 2, 12], [7, 15, 8, 14], [9, 19, 10, 18], [19, 9, 20, 8]]"
11n_175_100,"[[19, 9, 20, 8], [10, 4, 11, 3], [16, 12, 17, 11], [2, 18, 3, 17], [15, 5, 16, 4], [13, 21, 14, 20], [21, 6, 22, 7], [5, 22, 6, 1], [1, 13, 2, 12], [7, 15, 8, 14], [9, 19, 10, 18]]"
11n_175_101,"[[9, 19, 10, 18], [19, 9, 20, 8], [10, 4, 11, 3], [16, 12, 17, 11], [2, 18, 3, 17], [15, 5, 16, 4], [13, 21, 14, 20], [21, 6, 22, 7], [5, 22, 6, 1], [1, 13, 2, 12], [7, 15, 8, 14]]"
11n_175_102,"[[7, 15, 8, 14], [9, 19, 10, 18], [19, 9, 20, 8], [10, 4, 11, 3], [16, 12, 17, 11], [2, 18, 3, 17], [15, 5, 16, 4], [13, 21, 14, 20], [21, 6, 22, 7], [5, 22, 6, 1], [1, 13, 2, 12]]"
11n_175_103,"[[1, 13, 2, 12], [7, 15, 8, 14], [9, 19, 10, 18], [19, 9, 20, 8], [10, 4, 11, 3], [16, 12, 17, 11], [2, 18, 3, 17], [15, 5, 16, 4], [13, 21, 14, 20], [21, 6, 22, 7], [5, 22, 6, 1]]"
11n_175_104,"[[5, 22, 6, 1], [1, 13, 2, 12], [7, 15, 8, 14], [9, 19, 10, 18], [19, 9, 20, 8], [10, 4, 11, 3], [16, 12, 17, 11], [2, 18, 3, 17], [15, 5, 16, 4], [13, 21, 14, 20], [21, 6, 22, 7]]"
11n_175_105,"[[21, 6, 22, 7], [5, 22, 6, 1], [1, 13, 2, 12], [7, 15, 8, 14], [9, 19, 10, 18], [19, 9, 20, 8], [10, 4, 11, 3], [16, 12, 17, 11], [2, 18, 3, 17], [15, 5, 16, 4], [13, 21, 14, 20]]"
11n_175_106,"[[13, 21, 14, 20], [21, 6, 22, 7], [5, 22, 6, 1], [1, 13, 2, 12], [7, 15, 8, 14], [9, 19, 10, 18], [19, 9, 20, 8], [10, 4, 11, 3], [16, 12, 17, 11], [2, 18, 3, 17], [15, 5, 16, 4]]"
11n_175_107,"[[15, 5, 16, 4], [13, 21, 14, 20], [21, 6, 22, 7], [5, 22, 6, 1], [1, 13, 2, 12], [7, 15, 8, 14], [9, 19, 10, 18], [19, 9, 20, 8], [10, 4, 11, 3], [16, 12, 17, 11], [2, 18, 3, 17]]"
11n_175_108,"[[2, 18, 3, 17], [15, 5, 16, 4], [13, 21, 14, 20], [21, 6, 22, 7], [5, 22, 6, 1], [1, 13, 2, 12], [7, 15, 8, 14], [9, 19, 10, 18], [19, 9, 20, 8], [10, 4, 11, 3], [16, 12, 17, 11]]"
11n_175_109,"[[16, 12, 17, 11], [2, 18, 3, 17], [15, 5, 16, 4], [13, 21, 14, 20], [21, 6, 22, 7], [5, 22, 6, 1], [1, 13, 2, 12], [7, 15, 8, 14], [9, 19, 10, 18], [19, 9, 20, 8], [10, 4, 11, 3]]"
11n_175_110,"[[11, 5, 12, 4], [17, 13, 18, 12], [3, 19, 4, 18], [16, 6, 17, 5], [14, 22, 15, 21], [22, 7, 1, 8], [6, 1, 7, 2], [2, 14, 3, 13], [8, 16, 9, 15], [10, 20, 11, 19], [20, 10, 21, 9]]"
11n_175_111,"[[20, 10, 21, 9], [11, 5, 12, 4], [17, 13, 18, 12], [3, 19, 4, 18], [16, 6, 17, 5], [14, 22, 15, 21], [22, 7, 1, 8], [6, 1, 7, 2], [2, 14, 3, 13], [8, 16, 9, 15], [10, 20, 11, 19]]"
11n_175_112,"[[10, 20, 11, 19], [20, 10, 21, 9], [11, 5, 12, 4], [17, 13, 18, 12], [3, 19, 4, 18], [16, 6, 17, 5], [14, 22, 15, 21], [22, 7, 1, 8], [6, 1, 7, 2], [2, 14, 3, 13], [8, 16, 9, 15]]"
11n_175_113,"[[8, 16, 9, 15], [10, 20, 11, 19], [20, 10, 21, 9], [11, 5, 12, 4], [17, 13, 18, 12], [3, 19, 4, 18], [16, 6, 17, 5], [14, 22, 15, 21], [22, 7, 1, 8], [6, 1, 7, 2], [2, 14, 3, 13]]"
11n_175_114,"[[2, 14, 3, 13], [8, 16, 9, 15], [10, 20, 11, 19], [20, 10, 21, 9], [11, 5, 12, 4], [17, 13, 18, 12], [3, 19, 4, 18], [16, 6, 17, 5], [14, 22, 15, 21], [22, 7, 1, 8], [6, 1, 7, 2]]"
11n_175_115,"[[6, 1, 7, 2], [2, 14, 3, 13], [8, 16, 9, 15], [10, 20, 11, 19], [20, 10, 21, 9], [11, 5, 12, 4], [17, 13, 18, 12], [3, 19, 4, 18], [16, 6, 17, 5], [14, 22, 15, 21], [22, 7, 1, 8]]"
11n_175_116,"[[22, 7, 1, 8], [6, 1, 7, 2], [2, 14, 3, 13], [8, 16, 9, 15], [10, 20, 11, 19], [20, 10, 21, 9], [11, 5, 12, 4], [17, 13, 18, 12], [3, 19, 4, 18], [16, 6, 17, 5], [14, 22, 15, 21]]"
11n_175_117,"[[14, 22, 15, 21], [22, 7, 1, 8], [6, 1, 7, 2], [2, 14, 3, 13], [8, 16, 9, 15], [10, 20, 11, 19], [20, 10, 21, 9], [11, 5, 12, 4], [17, 13, 18, 12], [3, 19, 4, 18], [16, 6, 17, 5]]"
11n_175_118,"[[16, 6, 17, 5], [14, 22, 15, 21], [22, 7, 1, 8], [6, 1, 7, 2], [2, 14, 3, 13], [8, 16, 9, 15], [10, 20, 11, 19], [20, 10, 21, 9], [11, 5, 12, 4], [17, 13, 18, 12], [3, 19, 4, 18]]"
11n_175_119,"[[3, 19, 4, 18], [16, 6, 17, 5], [14, 22, 15, 21], [22, 7, 1, 8], [6, 1, 7, 2], [2, 14, 3, 13], [8, 16, 9, 15], [10, 20, 11, 19], [20, 10, 21, 9], [11, 5, 12, 4], [17, 13, 18, 12]]"
11n_175_120,"[[17, 13, 18, 12], [3, 19, 4, 18], [16, 6, 17, 5], [14, 22, 15, 21], [22, 7, 1, 8], [6, 1, 7, 2], [2, 14, 3, 13], [8, 16, 9, 15], [10, 20, 11, 19], [20, 10, 21, 9], [11, 5, 12, 4]]"
11n_175_121,"[[12, 6, 13, 5], [18, 14, 19, 13], [4, 20, 5, 19], [17, 7, 18, 6], [15, 1, 16, 22], [1, 8, 2, 9], [7, 2, 8, 3], [3, 15, 4, 14], [9, 17, 10, 16], [11, 21, 12, 20], [21, 11, 22, 10]]"
11n_175_122,"[[21, 11, 22, 10], [12, 6, 13, 5], [18, 14, 19, 13], [4, 20, 5, 19], [17, 7, 18, 6], [15, 1, 16, 22], [1, 8, 2, 9], [7, 2, 8, 3], [3, 15, 4, 14], [9, 17, 10, 16], [11, 21, 12, 20]]"
11n_175_123,"[[11, 21, 12, 20], [21, 11, 22, 10], [12, 6, 13, 5], [18, 14, 19, 13], [4, 20, 5, 19], [17, 7, 18, 6], [15, 1, 16, 22], [1, 8, 2, 9], [7, 2, 8, 3], [3, 15, 4, 14], [9, 17, 10, 16]]"
11n_175_124,"[[9, 17, 10, 16], [11, 21, 12, 20], [21, 11, 22, 10], [12, 6, 13, 5], [18, 14, 19, 13], [4, 20, 5, 19], [17, 7, 18, 6], [15, 1, 16, 22], [1, 8, 2, 9], [7, 2, 8, 3], [3, 15, 4, 14]]"
11n_175_125,"[[3, 15, 4, 14], [9, 17, 10, 16], [11, 21, 12, 20], [21, 11, 22, 10], [12, 6, 13, 5], [18, 14, 19, 13], [4, 20, 5, 19], [17, 7, 18, 6], [15, 1, 16, 22], [1, 8, 2, 9], [7, 2, 8, 3]]"
11n_175_126,"[[7, 2, 8, 3], [3, 15, 4, 14], [9, 17, 10, 16], [11, 21, 12, 20], [21, 11, 22, 10], [12, 6, 13, 5], [18, 14, 19, 13], [4, 20, 5, 19], [17, 7, 18, 6], [15, 1, 16, 22], [1, 8, 2, 9]]"
11n_175_127,"[[1, 8, 2, 9], [7, 2, 8, 3], [3, 15, 4, 14], [9, 17, 10, 16], [11, 21, 12, 20], [21, 11, 22, 10], [12, 6, 13, 5], [18, 14, 19, 13], [4, 20, 5, 19], [17, 7, 18, 6], [15, 1, 16, 22]]"
11n_175_128,"[[15, 1, 16, 22], [1, 8, 2, 9], [7, 2, 8, 3], [3, 15, 4, 14], [9, 17, 10, 16], [11, 21, 12, 20], [21, 11, 22, 10], [12, 6, 13, 5], [18, 14, 19, 13], [4, 20, 5, 19], [17, 7, 18, 6]]"
11n_175_129,"[[17, 7, 18, 6], [15, 1, 16, 22], [1, 8, 2, 9], [7, 2, 8, 3], [3, 15, 4, 14], [9, 17, 10, 16], [11, 21, 12, 20], [21, 11, 22, 10], [12, 6, 13, 5], [18, 14, 19, 13], [4, 20, 5, 19]]"
11n_175_130,"[[4, 20, 5, 19], [17, 7, 18, 6], [15, 1, 16, 22], [1, 8, 2, 9], [7, 2, 8, 3], [3, 15, 4, 14], [9, 17, 10, 16], [11, 21, 12, 20], [21, 11, 22, 10], [12, 6, 13, 5], [18, 14, 19, 13]]"
11n_175_131,"[[18, 14, 19, 13], [4, 20, 5, 19], [17, 7, 18, 6], [15, 1, 16, 22], [1, 8, 2, 9], [7, 2, 8, 3], [3, 15, 4, 14], [9, 17, 10, 16], [11, 21, 12, 20], [21, 11, 22, 10], [12, 6, 13, 5]]"
11n_175_132,"[[13, 7, 14, 6], [19, 15, 20, 14], [5, 21, 6, 20], [18, 8, 19, 7], [16, 2, 17, 1], [2, 9, 3, 10], [8, 3, 9, 4], [4, 16, 5, 15], [10, 18, 11, 17], [12, 22, 13, 21], [22, 12, 1, 11]]"
11n_175_133,"[[22, 12, 1, 11], [13, 7, 14, 6], [19, 15, 20, 14], [5, 21, 6, 20], [18, 8, 19, 7], [16, 2, 17, 1], [2, 9, 3, 10], [8, 3, 9, 4], [4, 16, 5, 15], [10, 18, 11, 17], [12, 22, 13, 21]]"
11n_175_134,"[[12, 22, 13, 21], [22, 12, 1, 11], [13, 7, 14, 6], [19, 15, 20, 14], [5, 21, 6, 20], [18, 8, 19, 7], [16, 2, 17, 1], [2, 9, 3, 10], [8, 3, 9, 4], [4, 16, 5, 15], [10, 18, 11, 17]]"
11n_175_135,"[[10, 18, 11, 17], [12, 22, 13, 21], [22, 12, 1, 11], [13, 7, 14, 6], [19, 15, 20, 14], [5, 21, 6, 20], [18, 8, 19, 7], [16, 2, 17, 1], [2, 9, 3, 10], [8, 3, 9, 4], [4, 16, 5, 15]]"
11n_175_136,"[[4, 16, 5, 15], [10, 18, 11, 17], [12, 22, 13, 21], [22, 12, 1, 11], [13, 7, 14, 6], [19, 15, 20, 14], [5, 21, 6, 20], [18, 8, 19, 7], [16, 2, 17, 1], [2, 9, 3, 10], [8, 3, 9, 4]]"
11n_175_137,"[[8, 3, 9, 4], [4, 16, 5, 15], [10, 18, 11, 17], [12, 22, 13, 21], [22, 12, 1, 11], [13, 7, 14, 6], [19, 15, 20, 14], [5, 21, 6, 20], [18, 8, 19, 7], [16, 2, 17, 1], [2, 9, 3, 10]]"
11n_175_138,"[[2, 9, 3, 10], [8, 3, 9, 4], [4, 16, 5, 15], [10, 18, 11, 17], [12, 22, 13, 21], [22, 12, 1, 11], [13, 7, 14, 6], [19, 15, 20, 14], [5, 21, 6, 20], [18, 8, 19, 7], [16, 2, 17, 1]]"
11n_175_139,"[[16, 2, 17, 1], [2, 9, 3, 10], [8, 3, 9, 4], [4, 16, 5, 15], [10, 18, 11, 17], [12, 22, 13, 21], [22, 12, 1, 11], [13, 7, 14, 6], [19, 15, 20, 14], [5, 21, 6, 20], [18, 8, 19, 7]]"
11n_175_140,"[[18, 8, 19, 7], [16, 2, 17, 1], [2, 9, 3, 10], [8, 3, 9, 4], [4, 16, 5, 15], [10, 18, 11, 17], [12, 22, 13, 21], [22, 12, 1, 11], [13, 7, 14, 6], [19, 15, 20, 14], [5, 21, 6, 20]]"
11n_175_141,"[[5, 21, 6, 20], [18, 8, 19, 7], [16, 2, 17, 1], [2, 9, 3, 10], [8, 3, 9, 4], [4, 16, 5, 15], [10, 18, 11, 17], [12, 22, 13, 21], [22, 12, 1, 11], [13, 7, 14, 6], [19, 15, 20, 14]]"
11n_175_142,"[[19, 15, 20, 14], [5, 21, 6, 20], [18, 8, 19, 7], [16, 2, 17, 1], [2, 9, 3, 10], [8, 3, 9, 4], [4, 16, 5, 15], [10, 18, 11, 17], [12, 22, 13, 21], [22, 12, 1, 11], [13, 7, 14, 6]]"
11n_175_143,"[[14, 8, 15, 7], [20, 16, 21, 15], [6, 22, 7, 21], [19, 9, 20, 8], [17, 3, 18, 2], [3, 10, 4, 11], [9, 4, 10, 5], [5, 17, 6, 16], [11, 19, 12, 18], [13, 1, 14, 22], [1, 13, 2, 12]]"
11n_175_144,"[[1, 13, 2, 12], [14, 8, 15, 7], [20, 16, 21, 15], [6, 22, 7, 21], [19, 9, 20, 8], [17, 3, 18, 2], [3, 10, 4, 11], [9, 4, 10, 5], [5, 17, 6, 16], [11, 19, 12, 18], [13, 1, 14, 22]]"
11n_175_145,"[[13, 1, 14, 22], [1, 13, 2, 12], [14, 8, 15, 7], [20, 16, 21, 15], [6, 22, 7, 21], [19, 9, 20, 8], [17, 3, 18, 2], [3, 10, 4, 11], [9, 4, 10, 5], [5, 17, 6, 16], [11, 19, 12, 18]]"
11n_175_146,"[[11, 19, 12, 18], [13, 1, 14, 22], [1, 13, 2, 12], [14, 8, 15, 7], [20, 16, 21, 15], [6, 22, 7, 21], [19, 9, 20, 8], [17, 3, 18, 2], [3, 10, 4, 11], [9, 4, 10, 5], [5, 17, 6, 16]]"
11n_175_147,"[[5, 17, 6, 16], [11, 19, 12, 18], [13, 1, 14, 22], [1, 13, 2, 12], [14, 8, 15, 7], [20, 16, 21, 15], [6, 22, 7, 21], [19, 9, 20, 8], [17, 3, 18, 2], [3, 10, 4, 11], [9, 4, 10, 5]]"
11n_175_148,"[[9, 4, 10, 5], [5, 17, 6, 16], [11, 19, 12, 18], [13, 1, 14, 22], [1, 13, 2, 12], [14, 8, 15, 7], [20, 16, 21, 15], [6, 22, 7, 21], [19, 9, 20, 8], [17, 3, 18, 2], [3, 10, 4, 11]]"
11n_175_149,"[[3, 10, 4, 11], [9, 4, 10, 5], [5, 17, 6, 16], [11, 19, 12, 18], [13, 1, 14, 22], [1, 13, 2, 12], [14, 8, 15, 7], [20, 16, 21, 15], [6, 22, 7, 21], [19, 9, 20, 8], [17, 3, 18, 2]]"
11n_175_150,"[[17, 3, 18, 2], [3, 10, 4, 11], [9, 4, 10, 5], [5, 17, 6, 16], [11, 19, 12, 18], [13, 1, 14, 22], [1, 13, 2, 12], [14, 8, 15, 7], [20, 16, 21, 15], [6, 22, 7, 21], [19, 9, 20, 8]]"
11n_175_151,"[[19, 9, 20, 8], [17, 3, 18, 2], [3, 10, 4, 11], [9, 4, 10, 5], [5, 17, 6, 16], [11, 19, 12, 18], [13, 1, 14, 22], [1, 13, 2, 12], [14, 8, 15, 7], [20, 16, 21, 15], [6, 22, 7, 21]]"
11n_175_152,"[[6, 22, 7, 21], [19, 9, 20, 8], [17, 3, 18, 2], [3, 10, 4, 11], [9, 4, 10, 5], [5, 17, 6, 16], [11, 19, 12, 18], [13, 1, 14, 22], [1, 13, 2, 12], [14, 8, 15, 7], [20, 16, 21, 15]]"
11n_175_153,"[[20, 16, 21, 15], [6, 22, 7, 21], [19, 9, 20, 8], [17, 3, 18, 2], [3, 10, 4, 11], [9, 4, 10, 5], [5, 17, 6, 16], [11, 19, 12, 18], [13, 1, 14, 22], [1, 13, 2, 12], [14, 8, 15, 7]]"
11n_175_154,"[[15, 9, 16, 8], [21, 17, 22, 16], [7, 1, 8, 22], [20, 10, 21, 9], [18, 4, 19, 3], [4, 11, 5, 12], [10, 5, 11, 6], [6, 18, 7, 17], [12, 20, 13, 19], [14, 2, 15, 1], [2, 14, 3, 13]]"
11n_175_155,"[[2, 14, 3, 13], [15, 9, 16, 8], [21, 17, 22, 16], [7, 1, 8, 22], [20, 10, 21, 9], [18, 4, 19, 3], [4, 11, 5, 12], [10, 5, 11, 6], [6, 18, 7, 17], [12, 20, 13, 19], [14, 2, 15, 1]]"
11n_175_156,"[[14, 2, 15, 1], [2, 14, 3, 13], [15, 9, 16, 8], [21, 17, 22, 16], [7, 1, 8, 22], [20, 10, 21, 9], [18, 4, 19, 3], [4, 11, 5, 12], [10, 5, 11, 6], [6, 18, 7, 17], [12, 20, 13, 19]]"
11n_175_157,"[[12, 20, 13, 19], [14, 2, 15, 1], [2, 14, 3, 13], [15, 9, 16, 8], [21, 17, 22, 16], [7, 1, 8, 22], [20, 10, 21, 9], [18, 4, 19, 3], [4, 11, 5, 12], [10, 5, 11, 6], [6, 18, 7, 17]]"
11n_175_158,"[[6, 18, 7, 17], [12, 20, 13, 19], [14, 2, 15, 1], [2, 14, 3, 13], [15, 9, 16, 8], [21, 17, 22, 16], [7, 1, 8, 22], [20, 10, 21, 9], [18, 4, 19, 3], [4, 11, 5, 12], [10, 5, 11, 6]]"
11n_175_159,"[[10, 5, 11, 6], [6, 18, 7, 17], [12, 20, 13, 19], [14, 2, 15, 1], [2, 14, 3, 13], [15, 9, 16, 8], [21, 17, 22, 16], [7, 1, 8, 22], [20, 10, 21, 9], [18, 4, 19, 3], [4, 11, 5, 12]]"
11n_175_160,"[[4, 11, 5, 12], [10, 5, 11, 6], [6, 18, 7, 17], [12, 20, 13, 19], [14, 2, 15, 1], [2, 14, 3, 13], [15, 9, 16, 8], [21, 17, 22, 16], [7, 1, 8, 22], [20, 10, 21, 9], [18, 4, 19, 3]]"
11n_175_161,"[[18, 4, 19, 3], [4, 11, 5, 12], [10, 5, 11, 6], [6, 18, 7, 17], [12, 20, 13, 19], [14, 2, 15, 1], [2, 14, 3, 13], [15, 9, 16, 8], [21, 17, 22, 16], [7, 1, 8, 22], [20, 10, 21, 9]]"
11n_175_162,"[[20, 10, 21, 9], [18, 4, 19, 3], [4, 11, 5, 12], [10, 5, 11, 6], [6, 18, 7, 17], [12, 20, 13, 19], [14, 2, 15, 1], [2, 14, 3, 13], [15, 9, 16, 8], [21, 17, 22, 16], [7, 1, 8, 22]]"
11n_175_163,"[[7, 1, 8, 22], [20, 10, 21, 9], [18, 4, 19, 3], [4, 11, 5, 12], [10, 5, 11, 6], [6, 18, 7, 17], [12, 20, 13, 19], [14, 2, 15, 1], [2, 14, 3, 13], [15, 9, 16, 8], [21, 17, 22, 16]]"
11n_175_164,"[[21, 17, 22, 16], [7, 1, 8, 22], [20, 10, 21, 9], [18, 4, 19, 3], [4, 11, 5, 12], [10, 5, 11, 6], [6, 18, 7, 17], [12, 20, 13, 19], [14, 2, 15, 1], [2, 14, 3, 13], [15, 9, 16, 8]]"
11n_175_165,"[[16, 10, 17, 9], [22, 18, 1, 17], [8, 2, 9, 1], [21, 11, 22, 10], [19, 5, 20, 4], [5, 12, 6, 13], [11, 6, 12, 7], [7, 19, 8, 18], [13, 21, 14, 20], [15, 3, 16, 2], [3, 15, 4, 14]]"
11n_175_166,"[[3, 15, 4, 14], [16, 10, 17, 9], [22, 18, 1, 17], [8, 2, 9, 1], [21, 11, 22, 10], [19, 5, 20, 4], [5, 12, 6, 13], [11, 6, 12, 7], [7, 19, 8, 18], [13, 21, 14, 20], [15, 3, 16, 2]]"
11n_175_167,"[[15, 3, 16, 2], [3, 15, 4, 14], [16, 10, 17, 9], [22, 18, 1, 17], [8, 2, 9, 1], [21, 11, 22, 10], [19, 5, 20, 4], [5, 12, 6, 13], [11, 6, 12, 7], [7, 19, 8, 18], [13, 21, 14, 20]]"
11n_175_168,"[[13, 21, 14, 20], [15, 3, 16, 2], [3, 15, 4, 14], [16, 10, 17, 9], [22, 18, 1, 17], [8, 2, 9, 1], [21, 11, 22, 10], [19, 5, 20, 4], [5, 12, 6, 13], [11, 6, 12, 7], [7, 19, 8, 18]]"
11n_175_169,"[[7, 19, 8, 18], [13, 21, 14, 20], [15, 3, 16, 2], [3, 15, 4, 14], [16, 10, 17, 9], [22, 18, 1, 17], [8, 2, 9, 1], [21, 11, 22, 10], [19, 5, 20, 4], [5, 12, 6, 13], [11, 6, 12, 7]]"
11n_175_170,"[[11, 6, 12, 7], [7, 19, 8, 18], [13, 21, 14, 20], [15, 3, 16, 2], [3, 15, 4, 14], [16, 10, 17, 9], [22, 18, 1, 17], [8, 2, 9, 1], [21, 11, 22, 10], [19, 5, 20, 4], [5, 12, 6, 13]]"
11n_175_171,"[[5, 12, 6, 13], [11, 6, 12, 7], [7, 19, 8, 18], [13, 21, 14, 20], [15, 3, 16, 2], [3, 15, 4, 14], [16, 10, 17, 9], [22, 18, 1, 17], [8, 2, 9, 1], [21, 11, 22, 10], [19, 5, 20, 4]]"
11n_175_172,"[[19, 5, 20, 4], [5, 12, 6, 13], [11, 6, 12, 7], [7, 19, 8, 18], [13, 21, 14, 20], [15, 3, 16, 2], [3, 15, 4, 14], [16, 10, 17, 9], [22, 18, 1, 17], [8, 2, 9, 1], [21, 11, 22, 10]]"
11n_175_173,"[[21, 11, 22, 10], [19, 5, 20, 4], [5, 12, 6, 13], [11, 6, 12, 7], [7, 19, 8, 18], [13, 21, 14, 20], [15, 3, 16, 2], [3, 15, 4, 14], [16, 10, 17, 9], [22, 18, 1, 17], [8, 2, 9, 1]]"
11n_175_174,"[[8, 2, 9, 1], [21, 11, 22, 10], [19, 5, 20, 4], [5, 12, 6, 13], [11, 6, 12, 7], [7, 19, 8, 18], [13, 21, 14, 20], [15, 3, 16, 2], [3, 15, 4, 14], [16, 10, 17, 9], [22, 18, 1, 17]]"
11n_175_175,"[[22, 18, 1, 17], [8, 2, 9, 1], [21, 11, 22, 10], [19, 5, 20, 4], [5, 12, 6, 13], [11, 6, 12, 7], [7, 19, 8, 18], [13, 21, 14, 20], [15, 3, 16, 2], [3, 15, 4, 14], [16, 10, 17, 9]]"
11n_175_176,"[[17, 11, 18, 10], [1, 19, 2, 18], [9, 3, 10, 2], [22, 12, 1, 11], [20, 6, 21, 5], [6, 13, 7, 14], [12, 7, 13, 8], [8, 20, 9, 19], [14, 22, 15, 21], [16, 4, 17, 3], [4, 16, 5, 15]]"
11n_175_177,"[[4, 16, 5, 15], [17, 11, 18, 10], [1, 19, 2, 18], [9, 3, 10, 2], [22, 12, 1, 11], [20, 6, 21, 5], [6, 13, 7, 14], [12, 7, 13, 8], [8, 20, 9, 19], [14, 22, 15, 21], [16, 4, 17, 3]]"
11n_175_178,"[[16, 4, 17, 3], [4, 16, 5, 15], [17, 11, 18, 10], [1, 19, 2, 18], [9, 3, 10, 2], [22, 12, 1, 11], [20, 6, 21, 5], [6, 13, 7, 14], [12, 7, 13, 8], [8, 20, 9, 19], [14, 22, 15, 21]]"
11n_175_179,"[[14, 22, 15, 21], [16, 4, 17, 3], [4, 16, 5, 15], [17, 11, 18, 10], [1, 19, 2, 18], [9, 3, 10, 2], [22, 12, 1, 11], [20, 6, 21, 5], [6, 13, 7, 14], [12, 7, 13, 8], [8, 20, 9, 19]]"
11n_175_180,"[[8, 20, 9, 19], [14, 22, 15, 21], [16, 4, 17, 3], [4, 16, 5, 15], [17, 11, 18, 10], [1, 19, 2, 18], [9, 3, 10, 2], [22, 12, 1, 11], [20, 6, 21, 5], [6, 13, 7, 14], [12, 7, 13, 8]]"
11n_175_181,"[[12, 7, 13, 8], [8, 20, 9, 19], [14, 22, 15, 21], [16, 4, 17, 3], [4, 16, 5, 15], [17, 11, 18, 10], [1, 19, 2, 18], [9, 3, 10, 2], [22, 12, 1, 11], [20, 6, 21, 5], [6, 13, 7, 14]]"
11n_175_182,"[[6, 13, 7, 14], [12, 7, 13, 8], [8, 20, 9, 19], [14, 22, 15, 21], [16, 4, 17, 3], [4, 16, 5, 15], [17, 11, 18, 10], [1, 19, 2, 18], [9, 3, 10, 2], [22, 12, 1, 11], [20, 6, 21, 5]]"
11n_175_183,"[[20, 6, 21, 5], [6, 13, 7, 14], [12, 7, 13, 8], [8, 20, 9, 19], [14, 22, 15, 21], [16, 4, 17, 3], [4, 16, 5, 15], [17, 11, 18, 10], [1, 19, 2, 18], [9, 3, 10, 2], [22, 12, 1, 11]]"
11n_175_184,"[[22, 12, 1, 11], [20, 6, 21, 5], [6, 13, 7, 14], [12, 7, 13, 8], [8, 20, 9, 19], [14, 22, 15, 21], [16, 4, 17, 3], [4, 16, 5, 15], [17, 11, 18, 10], [1, 19, 2, 18], [9, 3, 10, 2]]"
11n_175_185,"[[9, 3, 10, 2], [22, 12, 1, 11], [20, 6, 21, 5], [6, 13, 7, 14], [12, 7, 13, 8], [8, 20, 9, 19], [14, 22, 15, 21], [16, 4, 17, 3], [4, 16, 5, 15], [17, 11, 18, 10], [1, 19, 2, 18]]"
11n_175_186,"[[1, 19, 2, 18], [9, 3, 10, 2], [22, 12, 1, 11], [20, 6, 21, 5], [6, 13, 7, 14], [12, 7, 13, 8], [8, 20, 9, 19], [14, 22, 15, 21], [16, 4, 17, 3], [4, 16, 5, 15], [17, 11, 18, 10]]"
11n_175_187,"[[18, 12, 19, 11], [2, 20, 3, 19], [10, 4, 11, 3], [1, 13, 2, 12], [21, 7, 22, 6], [7, 14, 8, 15], [13, 8, 14, 9], [9, 21, 10, 20], [15, 1, 16, 22], [17, 5, 18, 4], [5, 17, 6, 16]]"
11n_175_188,"[[5, 17, 6, 16], [18, 12, 19, 11], [2, 20, 3, 19], [10, 4, 11, 3], [1, 13, 2, 12], [21, 7, 22, 6], [7, 14, 8, 15], [13, 8, 14, 9], [9, 21, 10, 20], [15, 1, 16, 22], [17, 5, 18, 4]]"
11n_175_189,"[[17, 5, 18, 4], [5, 17, 6, 16], [18, 12, 19, 11], [2, 20, 3, 19], [10, 4, 11, 3], [1, 13, 2, 12], [21, 7, 22, 6], [7, 14, 8, 15], [13, 8, 14, 9], [9, 21, 10, 20], [15, 1, 16, 22]]"
11n_175_190,"[[15, 1, 16, 22], [17, 5, 18, 4], [5, 17, 6, 16], [18, 12, 19, 11], [2, 20, 3, 19], [10, 4, 11, 3], [1, 13, 2, 12], [21, 7, 22, 6], [7, 14, 8, 15], [13, 8, 14, 9], [9, 21, 10, 20]]"
11n_175_191,"[[9, 21, 10, 20], [15, 1, 16, 22], [17, 5, 18, 4], [5, 17, 6, 16], [18, 12, 19, 11], [2, 20, 3, 19], [10, 4, 11, 3], [1, 13, 2, 12], [21, 7, 22, 6], [7, 14, 8, 15], [13, 8, 14, 9]]"
11n_175_192,"[[13, 8, 14, 9], [9, 21, 10, 20], [15, 1, 16, 22], [17, 5, 18, 4], [5, 17, 6, 16], [18, 12, 19, 11], [2, 20, 3, 19], [10, 4, 11, 3], [1, 13, 2, 12], [21, 7, 22, 6], [7, 14, 8, 15]]"
11n_175_193,"[[7, 14, 8, 15], [13, 8, 14, 9], [9, 21, 10, 20], [15, 1, 16, 22], [17, 5, 18, 4], [5, 17, 6, 16], [18, 12, 19, 11], [2, 20, 3, 19], [10, 4, 11, 3], [1, 13, 2, 12], [21, 7, 22, 6]]"
11n_175_194,"[[21, 7, 22, 6], [7, 14, 8, 15], [13, 8, 14, 9], [9, 21, 10, 20], [15, 1, 16, 22], [17, 5, 18, 4], [5, 17, 6, 16], [18, 12, 19, 11], [2, 20, 3, 19], [10, 4, 11, 3], [1, 13, 2, 12]]"
11n_175_195,"[[1, 13, 2, 12], [21, 7, 22, 6], [7, 14, 8, 15], [13, 8, 14, 9], [9, 21, 10, 20], [15, 1, 16, 22], [17, 5, 18, 4], [5, 17, 6, 16], [18, 12, 19, 11], [2, 20, 3, 19], [10, 4, 11, 3]]"
11n_175_196,"[[10, 4, 11, 3], [1, 13, 2, 12], [21, 7, 22, 6], [7, 14, 8, 15], [13, 8, 14, 9], [9, 21, 10, 20], [15, 1, 16, 22], [17, 5, 18, 4], [5, 17, 6, 16], [18, 12, 19, 11], [2, 20, 3, 19]]"
11n_175_197,"[[2, 20, 3, 19], [10, 4, 11, 3], [1, 13, 2, 12], [21, 7, 22, 6], [7, 14, 8, 15], [13, 8, 14, 9], [9, 21, 10, 20], [15, 1, 16, 22], [17, 5, 18, 4], [5, 17, 6, 16], [18, 12, 19, 11]]"
11n_175_198,"[[19, 13, 20, 12], [3, 21, 4, 20], [11, 5, 12, 4], [2, 14, 3, 13], [22, 8, 1, 7], [8, 15, 9, 16], [14, 9, 15, 10], [10, 22, 11, 21], [16, 2, 17, 1], [18, 6, 19, 5], [6, 18, 7, 17]]"
11n_175_199,"[[6, 18, 7, 17], [19, 13, 20, 12], [3, 21, 4, 20], [11, 5, 12, 4], [2, 14, 3, 13], [22, 8, 1, 7], [8, 15, 9, 16], [14, 9, 15, 10], [10, 22, 11, 21], [16, 2, 17, 1], [18, 6, 19, 5]]"
11n_175_200,"[[18, 6, 19, 5], [6, 18, 7, 17], [19, 13, 20, 12], [3, 21, 4, 20], [11, 5, 12, 4], [2, 14, 3, 13], [22, 8, 1, 7], [8, 15, 9, 16], [14, 9, 15, 10], [10, 22, 11, 21], [16, 2, 17, 1]]"
11n_175_201,"[[16, 2, 17, 1], [18, 6, 19, 5], [6, 18, 7, 17], [19, 13, 20, 12], [3, 21, 4, 20], [11, 5, 12, 4], [2, 14, 3, 13], [22, 8, 1, 7], [8, 15, 9, 16], [14, 9, 15, 10], [10, 22, 11, 21]]"
11n_175_202,"[[10, 22, 11, 21], [16, 2, 17, 1], [18, 6, 19, 5], [6, 18, 7, 17], [19, 13, 20, 12], [3, 21, 4, 20], [11, 5, 12, 4], [2, 14, 3, 13], [22, 8, 1, 7], [8, 15, 9, 16], [14, 9, 15, 10]]"
11n_175_203,"[[14, 9, 15, 10], [10, 22, 11, 21], [16, 2, 17, 1], [18, 6, 19, 5], [6, 18, 7, 17], [19, 13, 20, 12], [3, 21, 4, 20], [11, 5, 12, 4], [2, 14, 3, 13], [22, 8, 1, 7], [8, 15, 9, 16]]"
