name,pd_notation
11n_35_0,"[[3, 9, 4, 8], [5, 3, 6, 2], [9, 5, 10, 4], [1, 18, 2, 19], [6, 14, 7, 13], [14, 8, 15, 7], [19, 13, 20, 12], [15, 21, 16, 20], [17, 10, 18, 11], [21, 17, 22, 16], [11, 1, 12, 22]]"
11n_35_1,"[[11, 1, 12, 22], [3, 9, 4, 8], [5, 3, 6, 2], [9, 5, 10, 4], [1, 18, 2, 19], [6, 14, 7, 13], [14, 8, 15, 7], [19, 13, 20, 12], [15, 21, 16, 20], [17, 10, 18, 11], [21, 17, 22, 16]]"
11n_35_2,"[[21, 17, 22, 16], [11, 1, 12, 22], [3, 9, 4, 8], [5, 3, 6, 2], [9, 5, 10, 4], [1, 18, 2, 19], [6, 14, 7, 13], [14, 8, 15, 7], [19, 13, 20, 12], [15, 21, 16, 20], [17, 10, 18, 11]]"
11n_35_3,"[[17, 10, 18, 11], [21, 17, 22, 16], [11, 1, 12, 22], [3, 9, 4, 8], [5, 3, 6, 2], [9, 5, 10, 4], [1, 18, 2, 19], [6, 14, 7, 13], [14, 8, 15, 7], [19, 13, 20, 12], [15, 21, 16, 20]]"
11n_35_4,"[[15, 21, 16, 20], [17, 10, 18, 11], [21, 17, 22, 16], [11, 1, 12, 22], [3, 9, 4, 8], [5, 3, 6, 2], [9, 5, 10, 4], [1, 18, 2, 19], [6, 14, 7, 13], [14, 8, 15, 7], [19, 13, 20, 12]]"
11n_35_5,"[[19, 13, 20, 12], [15, 21, 16, 20], [17, 10, 18, 11], [21, 17, 22, 16], [11, 1, 12, 22], [3, 9, 4, 8], [5, 3, 6, 2], [9, 5, 10, 4], [1, 18, 2, 19], [6, 14, 7, 13], [14, 8, 15, 7]]"
11n_35_6,"[[14, 8, 15, 7], [19, 13, 20, 12], [15, 21, 16, 20], [17, 10, 18, 11], [21, 17, 22, 16], [11, 1, 12, 22], [3, 9, 4, 8], [5, 3, 6, 2], [9, 5, 10, 4], [1, 18, 2, 19], [6, 14, 7, 13]]"
11n_35_7,"[[6, 14, 7, 13], [14, 8, 15, 7], [19, 13, 20, 12], [15, 21, 16, 20], [17, 10, 18, 11], [21, 17, 22, 16], [11, 1, 12, 22], [3, 9, 4, 8], [5, 3, 6, 2], [9, 5, 10, 4], [1, 18, 2, 19]]"
11n_35_8,"[[1, 18, 2, 19], [6, 14, 7, 13], [14, 8, 15, 7], [19, 13, 20, 12], [15, 21, 16, 20], [17, 10, 18, 11], [21, 17, 22, 16], [11, 1, 12, 22], [3, 9, 4, 8], [5, 3, 6, 2], [9, 5, 10, 4]]"
11n_35_9,"[[9, 5, 10, 4], [1, 18, 2, 19], [6, 14, 7, 13], [14, 8, 15, 7], [19, 13, 20, 12], [15, 21, 16, 20], [17, 10, 18, 11], [21, 17, 22, 16], [11, 1, 12, 22], [3, 9, 4, 8], [5, 3, 6, 2]]"
11n_35_10,"[[5, 3, 6, 2], [9, 5, 10, 4], [1, 18, 2, 19], [6, 14, 7, 13], [14, 8, 15, 7], [19, 13, 20, 12], [15, 21, 16, 20], [17, 10, 18, 11], [21, 17, 22, 16], [11, 1, 12, 22], [3, 9, 4, 8]]"
11n_35_11,"[[4, 10, 5, 9], [6, 4, 7, 3], [10, 6, 11, 5], [2, 19, 3, 20], [7, 15, 8, 14], [15, 9, 16, 8], [20, 14, 21, 13], [16, 22, 17, 21], [18, 11, 19, 12], [22, 18, 1, 17], [12, 2, 13, 1]]"
11n_35_12,"[[12, 2, 13, 1], [4, 10, 5, 9], [6, 4, 7, 3], [10, 6, 11, 5], [2, 19, 3, 20], [7, 15, 8, 14], [15, 9, 16, 8], [20, 14, 21, 13], [16, 22, 17, 21], [18, 11, 19, 12], [22, 18, 1, 17]]"
11n_35_13,"[[22, 18, 1, 17], [12, 2, 13, 1], [4, 10, 5, 9], [6, 4, 7, 3], [10, 6, 11, 5], [2, 19, 3, 20], [7, 15, 8, 14], [15, 9, 16, 8], [20, 14, 21, 13], [16, 22, 17, 21], [18, 11, 19, 12]]"
11n_35_14,"[[18, 11, 19, 12], [22, 18, 1, 17], [12, 2, 13, 1], [4, 10, 5, 9], [6, 4, 7, 3], [10, 6, 11, 5], [2, 19, 3, 20], [7, 15, 8, 14], [15, 9, 16, 8], [20, 14, 21, 13], [16, 22, 17, 21]]"
11n_35_15,"[[16, 22, 17, 21], [18, 11, 19, 12], [22, 18, 1, 17], [12, 2, 13, 1], [4, 10, 5, 9], [6, 4, 7, 3], [10, 6, 11, 5], [2, 19, 3, 20], [7, 15, 8, 14], [15, 9, 16, 8], [20, 14, 21, 13]]"
11n_35_16,"[[20, 14, 21, 13], [16, 22, 17, 21], [18, 11, 19, 12], [22, 18, 1, 17], [12, 2, 13, 1], [4, 10, 5, 9], [6, 4, 7, 3], [10, 6, 11, 5], [2, 19, 3, 20], [7, 15, 8, 14], [15, 9, 16, 8]]"
11n_35_17,"[[15, 9, 16, 8], [20, 14, 21, 13], [16, 22, 17, 21], [18, 11, 19, 12], [22, 18, 1, 17], [12, 2, 13, 1], [4, 10, 5, 9], [6, 4, 7, 3], [10, 6, 11, 5], [2, 19, 3, 20], [7, 15, 8, 14]]"
11n_35_18,"[[7, 15, 8, 14], [15, 9, 16, 8], [20, 14, 21, 13], [16, 22, 17, 21], [18, 11, 19, 12], [22, 18, 1, 17], [12, 2, 13, 1], [4, 10, 5, 9], [6, 4, 7, 3], [10, 6, 11, 5], [2, 19, 3, 20]]"
11n_35_19,"[[2, 19, 3, 20], [7, 15, 8, 14], [15, 9, 16, 8], [20, 14, 21, 13], [16, 22, 17, 21], [18, 11, 19, 12], [22, 18, 1, 17], [12, 2, 13, 1], [4, 10, 5, 9], [6, 4, 7, 3], [10, 6, 11, 5]]"
11n_35_20,"[[10, 6, 11, 5], [2, 19, 3, 20], [7, 15, 8, 14], [15, 9, 16, 8], [20, 14, 21, 13], [16, 22, 17, 21], [18, 11, 19, 12], [22, 18, 1, 17], [12, 2, 13, 1], [4, 10, 5, 9], [6, 4, 7, 3]]"
11n_35_21,"[[6, 4, 7, 3], [10, 6, 11, 5], [2, 19, 3, 20], [7, 15, 8, 14], [15, 9, 16, 8], [20, 14, 21, 13], [16, 22, 17, 21], [18, 11, 19, 12], [22, 18, 1, 17], [12, 2, 13, 1], [4, 10, 5, 9]]"
11n_35_22,"[[5, 11, 6, 10], [7, 5, 8, 4], [11, 7, 12, 6], [3, 20, 4, 21], [8, 16, 9, 15], [16, 10, 17, 9], [21, 15, 22, 14], [17, 1, 18, 22], [19, 12, 20, 13], [1, 19, 2, 18], [13, 3, 14, 2]]"
11n_35_23,"[[13, 3, 14, 2], [5, 11, 6, 10], [7, 5, 8, 4], [11, 7, 12, 6], [3, 20, 4, 21], [8, 16, 9, 15], [16, 10, 17, 9], [21, 15, 22, 14], [17, 1, 18, 22], [19, 12, 20, 13], [1, 19, 2, 18]]"
11n_35_24,"[[1, 19, 2, 18], [13, 3, 14, 2], [5, 11, 6, 10], [7, 5, 8, 4], [11, 7, 12, 6], [3, 20, 4, 21], [8, 16, 9, 15], [16, 10, 17, 9], [21, 15, 22, 14], [17, 1, 18, 22], [19, 12, 20, 13]]"
11n_35_25,"[[19, 12, 20, 13], [1, 19, 2, 18], [13, 3, 14, 2], [5, 11, 6, 10], [7, 5, 8, 4], [11, 7, 12, 6], [3, 20, 4, 21], [8, 16, 9, 15], [16, 10, 17, 9], [21, 15, 22, 14], [17, 1, 18, 22]]"
11n_35_26,"[[17, 1, 18, 22], [19, 12, 20, 13], [1, 19, 2, 18], [13, 3, 14, 2], [5, 11, 6, 10], [7, 5, 8, 4], [11, 7, 12, 6], [3, 20, 4, 21], [8, 16, 9, 15], [16, 10, 17, 9], [21, 15, 22, 14]]"
11n_35_27,"[[21, 15, 22, 14], [17, 1, 18, 22], [19, 12, 20, 13], [1, 19, 2, 18], [13, 3, 14, 2], [5, 11, 6, 10], [7, 5, 8, 4], [11, 7, 12, 6], [3, 20, 4, 21], [8, 16, 9, 15], [16, 10, 17, 9]]"
11n_35_28,"[[16, 10, 17, 9], [21, 15, 22, 14], [17, 1, 18, 22], [19, 12, 20, 13], [1, 19, 2, 18], [13, 3, 14, 2], [5, 11, 6, 10], [7, 5, 8, 4], [11, 7, 12, 6], [3, 20, 4, 21], [8, 16, 9, 15]]"
11n_35_29,"[[8, 16, 9, 15], [16, 10, 17, 9], [21, 15, 22, 14], [17, 1, 18, 22], [19, 12, 20, 13], [1, 19, 2, 18], [13, 3, 14, 2], [5, 11, 6, 10], [7, 5, 8, 4], [11, 7, 12, 6], [3, 20, 4, 21]]"
11n_35_30,"[[3, 20, 4, 21], [8, 16, 9, 15], [16, 10, 17, 9], [21, 15, 22, 14], [17, 1, 18, 22], [19, 12, 20, 13], [1, 19, 2, 18], [13, 3, 14, 2], [5, 11, 6, 10], [7, 5, 8, 4], [11, 7, 12, 6]]"
11n_35_31,"[[11, 7, 12, 6], [3, 20, 4, 21], [8, 16, 9, 15], [16, 10, 17, 9], [21, 15, 22, 14], [17, 1, 18, 22], [19, 12, 20, 13], [1, 19, 2, 18], [13, 3, 14, 2], [5, 11, 6, 10], [7, 5, 8, 4]]"
11n_35_32,"[[7, 5, 8, 4], [11, 7, 12, 6], [3, 20, 4, 21], [8, 16, 9, 15], [16, 10, 17, 9], [21, 15, 22, 14], [17, 1, 18, 22], [19, 12, 20, 13], [1, 19, 2, 18], [13, 3, 14, 2], [5, 11, 6, 10]]"
11n_35_33,"[[6, 12, 7, 11], [8, 6, 9, 5], [12, 8, 13, 7], [4, 21, 5, 22], [9, 17, 10, 16], [17, 11, 18, 10], [22, 16, 1, 15], [18, 2, 19, 1], [20, 13, 21, 14], [2, 20, 3, 19], [14, 4, 15, 3]]"
11n_35_34,"[[14, 4, 15, 3], [6, 12, 7, 11], [8, 6, 9, 5], [12, 8, 13, 7], [4, 21, 5, 22], [9, 17, 10, 16], [17, 11, 18, 10], [22, 16, 1, 15], [18, 2, 19, 1], [20, 13, 21, 14], [2, 20, 3, 19]]"
11n_35_35,"[[2, 20, 3, 19], [14, 4, 15, 3], [6, 12, 7, 11], [8, 6, 9, 5], [12, 8, 13, 7], [4, 21, 5, 22], [9, 17, 10, 16], [17, 11, 18, 10], [22, 16, 1, 15], [18, 2, 19, 1], [20, 13, 21, 14]]"
11n_35_36,"[[20, 13, 21, 14], [2, 20, 3, 19], [14, 4, 15, 3], [6, 12, 7, 11], [8, 6, 9, 5], [12, 8, 13, 7], [4, 21, 5, 22], [9, 17, 10, 16], [17, 11, 18, 10], [22, 16, 1, 15], [18, 2, 19, 1]]"
11n_35_37,"[[18, 2, 19, 1], [20, 13, 21, 14], [2, 20, 3, 19], [14, 4, 15, 3], [6, 12, 7, 11], [8, 6, 9, 5], [12, 8, 13, 7], [4, 21, 5, 22], [9, 17, 10, 16], [17, 11, 18, 10], [22, 16, 1, 15]]"
11n_35_38,"[[22, 16, 1, 15], [18, 2, 19, 1], [20, 13, 21, 14], [2, 20, 3, 19], [14, 4, 15, 3], [6, 12, 7, 11], [8, 6, 9, 5], [12, 8, 13, 7], [4, 21, 5, 22], [9, 17, 10, 16], [17, 11, 18, 10]]"
11n_35_39,"[[17, 11, 18, 10], [22, 16, 1, 15], [18, 2, 19, 1], [20, 13, 21, 14], [2, 20, 3, 19], [14, 4, 15, 3], [6, 12, 7, 11], [8, 6, 9, 5], [12, 8, 13, 7], [4, 21, 5, 22], [9, 17, 10, 16]]"
11n_35_40,"[[9, 17, 10, 16], [17, 11, 18, 10], [22, 16, 1, 15], [18, 2, 19, 1], [20, 13, 21, 14], [2, 20, 3, 19], [14, 4, 15, 3], [6, 12, 7, 11], [8, 6, 9, 5], [12, 8, 13, 7], [4, 21, 5, 22]]"
11n_35_41,"[[4, 21, 5, 22], [9, 17, 10, 16], [17, 11, 18, 10], [22, 16, 1, 15], [18, 2, 19, 1], [20, 13, 21, 14], [2, 20, 3, 19], [14, 4, 15, 3], [6, 12, 7, 11], [8, 6, 9, 5], [12, 8, 13, 7]]"
11n_35_42,"[[12, 8, 13, 7], [4, 21, 5, 22], [9, 17, 10, 16], [17, 11, 18, 10], [22, 16, 1, 15], [18, 2, 19, 1], [20, 13, 21, 14], [2, 20, 3, 19], [14, 4, 15, 3], [6, 12, 7, 11], [8, 6, 9, 5]]"
11n_35_43,"[[8, 6, 9, 5], [12, 8, 13, 7], [4, 21, 5, 22], [9, 17, 10, 16], [17, 11, 18, 10], [22, 16, 1, 15], [18, 2, 19, 1], [20, 13, 21, 14], [2, 20, 3, 19], [14, 4, 15, 3], [6, 12, 7, 11]]"
11n_35_44,"[[7, 13, 8, 12], [9, 7, 10, 6], [13, 9, 14, 8], [5, 22, 6, 1], [10, 18, 11, 17], [18, 12, 19, 11], [1, 17, 2, 16], [19, 3, 20, 2], [21, 14, 22, 15], [3, 21, 4, 20], [15, 5, 16, 4]]"
11n_35_45,"[[15, 5, 16, 4], [7, 13, 8, 12], [9, 7, 10, 6], [13, 9, 14, 8], [5, 22, 6, 1], [10, 18, 11, 17], [18, 12, 19, 11], [1, 17, 2, 16], [19, 3, 20, 2], [21, 14, 22, 15], [3, 21, 4, 20]]"
11n_35_46,"[[3, 21, 4, 20], [15, 5, 16, 4], [7, 13, 8, 12], [9, 7, 10, 6], [13, 9, 14, 8], [5, 22, 6, 1], [10, 18, 11, 17], [18, 12, 19, 11], [1, 17, 2, 16], [19, 3, 20, 2], [21, 14, 22, 15]]"
11n_35_47,"[[21, 14, 22, 15], [3, 21, 4, 20], [15, 5, 16, 4], [7, 13, 8, 12], [9, 7, 10, 6], [13, 9, 14, 8], [5, 22, 6, 1], [10, 18, 11, 17], [18, 12, 19, 11], [1, 17, 2, 16], [19, 3, 20, 2]]"
11n_35_48,"[[19, 3, 20, 2], [21, 14, 22, 15], [3, 21, 4, 20], [15, 5, 16, 4], [7, 13, 8, 12], [9, 7, 10, 6], [13, 9, 14, 8], [5, 22, 6, 1], [10, 18, 11, 17], [18, 12, 19, 11], [1, 17, 2, 16]]"
11n_35_49,"[[1, 17, 2, 16], [19, 3, 20, 2], [21, 14, 22, 15], [3, 21, 4, 20], [15, 5, 16, 4], [7, 13, 8, 12], [9, 7, 10, 6], [13, 9, 14, 8], [5, 22, 6, 1], [10, 18, 11, 17], [18, 12, 19, 11]]"
11n_35_50,"[[18, 12, 19, 11], [1, 17, 2, 16], [19, 3, 20, 2], [21, 14, 22, 15], [3, 21, 4, 20], [15, 5, 16, 4], [7, 13, 8, 12], [9, 7, 10, 6], [13, 9, 14, 8], [5, 22, 6, 1], [10, 18, 11, 17]]"
11n_35_51,"[[10, 18, 11, 17], [18, 12, 19, 11], [1, 17, 2, 16], [19, 3, 20, 2], [21, 14, 22, 15], [3, 21, 4, 20], [15, 5, 16, 4], [7, 13, 8, 12], [9, 7, 10, 6], [13, 9, 14, 8], [5, 22, 6, 1]]"
11n_35_52,"[[5, 22, 6, 1], [10, 18, 11, 17], [18, 12, 19, 11], [1, 17, 2, 16], [19, 3, 20, 2], [21, 14, 22, 15], [3, 21, 4, 20], [15, 5, 16, 4], [7, 13, 8, 12], [9, 7, 10, 6], [13, 9, 14, 8]]"
11n_35_53,"[[13, 9, 14, 8], [5, 22, 6, 1], [10, 18, 11, 17], [18, 12, 19, 11], [1, 17, 2, 16], [19, 3, 20, 2], [21, 14, 22, 15], [3, 21, 4, 20], [15, 5, 16, 4], [7, 13, 8, 12], [9, 7, 10, 6]]"
11n_35_54,"[[9, 7, 10, 6], [13, 9, 14, 8], [5, 22, 6, 1], [10, 18, 11, 17], [18, 12, 19, 11], [1, 17, 2, 16], [19, 3, 20, 2], [21, 14, 22, 15], [3, 21, 4, 20], [15, 5, 16, 4], [7, 13, 8, 12]]"
11n_35_55,"[[8, 14, 9, 13], [10, 8, 11, 7], [14, 10, 15, 9], [6, 1, 7, 2], [11, 19, 12, 18], [19, 13, 20, 12], [2, 18, 3, 17], [20, 4, 21, 3], [22, 15, 1, 16], [4, 22, 5, 21], [16, 6, 17, 5]]"
11n_35_56,"[[16, 6, 17, 5], [8, 14, 9, 13], [10, 8, 11, 7], [14, 10, 15, 9], [6, 1, 7, 2], [11, 19, 12, 18], [19, 13, 20, 12], [2, 18, 3, 17], [20, 4, 21, 3], [22, 15, 1, 16], [4, 22, 5, 21]]"
11n_35_57,"[[4, 22, 5, 21], [16, 6, 17, 5], [8, 14, 9, 13], [10, 8, 11, 7], [14, 10, 15, 9], [6, 1, 7, 2], [11, 19, 12, 18], [19, 13, 20, 12], [2, 18, 3, 17], [20, 4, 21, 3], [22, 15, 1, 16]]"
11n_35_58,"[[22, 15, 1, 16], [4, 22, 5, 21], [16, 6, 17, 5], [8, 14, 9, 13], [10, 8, 11, 7], [14, 10, 15, 9], [6, 1, 7, 2], [11, 19, 12, 18], [19, 13, 20, 12], [2, 18, 3, 17], [20, 4, 21, 3]]"
11n_35_59,"[[20, 4, 21, 3], [22, 15, 1, 16], [4, 22, 5, 21], [16, 6, 17, 5], [8, 14, 9, 13], [10, 8, 11, 7], [14, 10, 15, 9], [6, 1, 7, 2], [11, 19, 12, 18], [19, 13, 20, 12], [2, 18, 3, 17]]"
11n_35_60,"[[2, 18, 3, 17], [20, 4, 21, 3], [22, 15, 1, 16], [4, 22, 5, 21], [16, 6, 17, 5], [8, 14, 9, 13], [10, 8, 11, 7], [14, 10, 15, 9], [6, 1, 7, 2], [11, 19, 12, 18], [19, 13, 20, 12]]"
11n_35_61,"[[19, 13, 20, 12], [2, 18, 3, 17], [20, 4, 21, 3], [22, 15, 1, 16], [4, 22, 5, 21], [16, 6, 17, 5], [8, 14, 9, 13], [10, 8, 11, 7], [14, 10, 15, 9], [6, 1, 7, 2], [11, 19, 12, 18]]"
11n_35_62,"[[11, 19, 12, 18], [19, 13, 20, 12], [2, 18, 3, 17], [20, 4, 21, 3], [22, 15, 1, 16], [4, 22, 5, 21], [16, 6, 17, 5], [8, 14, 9, 13], [10, 8, 11, 7], [14, 10, 15, 9], [6, 1, 7, 2]]"
11n_35_63,"[[6, 1, 7, 2], [11, 19, 12, 18], [19, 13, 20, 12], [2, 18, 3, 17], [20, 4, 21, 3], [22, 15, 1, 16], [4, 22, 5, 21], [16, 6, 17, 5], [8, 14, 9, 13], [10, 8, 11, 7], [14, 10, 15, 9]]"
11n_35_64,"[[14, 10, 15, 9], [6, 1, 7, 2], [11, 19, 12, 18], [19, 13, 20, 12], [2, 18, 3, 17], [20, 4, 21, 3], [22, 15, 1, 16], [4, 22, 5, 21], [16, 6, 17, 5], [8, 14, 9, 13], [10, 8, 11, 7]]"
11n_35_65,"[[10, 8, 11, 7], [14, 10, 15, 9], [6, 1, 7, 2], [11, 19, 12, 18], [19, 13, 20, 12], [2, 18, 3, 17], [20, 4, 21, 3], [22, 15, 1, 16], [4, 22, 5, 21], [16, 6, 17, 5], [8, 14, 9, 13]]"
11n_35_66,"[[9, 15, 10, 14], [11, 9, 12, 8], [15, 11, 16, 10], [7, 2, 8, 3], [12, 20, 13, 19], [20, 14, 21, 13], [3, 19, 4, 18], [21, 5, 22, 4], [1, 16, 2, 17], [5, 1, 6, 22], [17, 7, 18, 6]]"
11n_35_67,"[[17, 7, 18, 6], [9, 15, 10, 14], [11, 9, 12, 8], [15, 11, 16, 10], [7, 2, 8, 3], [12, 20, 13, 19], [20, 14, 21, 13], [3, 19, 4, 18], [21, 5, 22, 4], [1, 16, 2, 17], [5, 1, 6, 22]]"
11n_35_68,"[[5, 1, 6, 22], [17, 7, 18, 6], [9, 15, 10, 14], [11, 9, 12, 8], [15, 11, 16, 10], [7, 2, 8, 3], [12, 20, 13, 19], [20, 14, 21, 13], [3, 19, 4, 18], [21, 5, 22, 4], [1, 16, 2, 17]]"
11n_35_69,"[[1, 16, 2, 17], [5, 1, 6, 22], [17, 7, 18, 6], [9, 15, 10, 14], [11, 9, 12, 8], [15, 11, 16, 10], [7, 2, 8, 3], [12, 20, 13, 19], [20, 14, 21, 13], [3, 19, 4, 18], [21, 5, 22, 4]]"
11n_35_70,"[[21, 5, 22, 4], [1, 16, 2, 17], [5, 1, 6, 22], [17, 7, 18, 6], [9, 15, 10, 14], [11, 9, 12, 8], [15, 11, 16, 10], [7, 2, 8, 3], [12, 20, 13, 19], [20, 14, 21, 13], [3, 19, 4, 18]]"
11n_35_71,"[[3, 19, 4, 18], [21, 5, 22, 4], [1, 16, 2, 17], [5, 1, 6, 22], [17, 7, 18, 6], [9, 15, 10, 14], [11, 9, 12, 8], [15, 11, 16, 10], [7, 2, 8, 3], [12, 20, 13, 19], [20, 14, 21, 13]]"
11n_35_72,"[[20, 14, 21, 13], [3, 19, 4, 18], [21, 5, 22, 4], [1, 16, 2, 17], [5, 1, 6, 22], [17, 7, 18, 6], [9, 15, 10, 14], [11, 9, 12, 8], [15, 11, 16, 10], [7, 2, 8, 3], [12, 20, 13, 19]]"
11n_35_73,"[[12, 20, 13, 19], [20, 14, 21, 13], [3, 19, 4, 18], [21, 5, 22, 4], [1, 16, 2, 17], [5, 1, 6, 22], [17, 7, 18, 6], [9, 15, 10, 14], [11, 9, 12, 8], [15, 11, 16, 10], [7, 2, 8, 3]]"
11n_35_74,"[[7, 2, 8, 3], [12, 20, 13, 19], [20, 14, 21, 13], [3, 19, 4, 18], [21, 5, 22, 4], [1, 16, 2, 17], [5, 1, 6, 22], [17, 7, 18, 6], [9, 15, 10, 14], [11, 9, 12, 8], [15, 11, 16, 10]]"
11n_35_75,"[[15, 11, 16, 10], [7, 2, 8, 3], [12, 20, 13, 19], [20, 14, 21, 13], [3, 19, 4, 18], [21, 5, 22, 4], [1, 16, 2, 17], [5, 1, 6, 22], [17, 7, 18, 6], [9, 15, 10, 14], [11, 9, 12, 8]]"
11n_35_76,"[[11, 9, 12, 8], [15, 11, 16, 10], [7, 2, 8, 3], [12, 20, 13, 19], [20, 14, 21, 13], [3, 19, 4, 18], [21, 5, 22, 4], [1, 16, 2, 17], [5, 1, 6, 22], [17, 7, 18, 6], [9, 15, 10, 14]]"
11n_35_77,"[[10, 16, 11, 15], [12, 10, 13, 9], [16, 12, 17, 11], [8, 3, 9, 4], [13, 21, 14, 20], [21, 15, 22, 14], [4, 20, 5, 19], [22, 6, 1, 5], [2, 17, 3, 18], [6, 2, 7, 1], [18, 8, 19, 7]]"
11n_35_78,"[[18, 8, 19, 7], [10, 16, 11, 15], [12, 10, 13, 9], [16, 12, 17, 11], [8, 3, 9, 4], [13, 21, 14, 20], [21, 15, 22, 14], [4, 20, 5, 19], [22, 6, 1, 5], [2, 17, 3, 18], [6, 2, 7, 1]]"
11n_35_79,"[[6, 2, 7, 1], [18, 8, 19, 7], [10, 16, 11, 15], [12, 10, 13, 9], [16, 12, 17, 11], [8, 3, 9, 4], [13, 21, 14, 20], [21, 15, 22, 14], [4, 20, 5, 19], [22, 6, 1, 5], [2, 17, 3, 18]]"
11n_35_80,"[[2, 17, 3, 18], [6, 2, 7, 1], [18, 8, 19, 7], [10, 16, 11, 15], [12, 10, 13, 9], [16, 12, 17, 11], [8, 3, 9, 4], [13, 21, 14, 20], [21, 15, 22, 14], [4, 20, 5, 19], [22, 6, 1, 5]]"
11n_35_81,"[[22, 6, 1, 5], [2, 17, 3, 18], [6, 2, 7, 1], [18, 8, 19, 7], [10, 16, 11, 15], [12, 10, 13, 9], [16, 12, 17, 11], [8, 3, 9, 4], [13, 21, 14, 20], [21, 15, 22, 14], [4, 20, 5, 19]]"
11n_35_82,"[[4, 20, 5, 19], [22, 6, 1, 5], [2, 17, 3, 18], [6, 2, 7, 1], [18, 8, 19, 7], [10, 16, 11, 15], [12, 10, 13, 9], [16, 12, 17, 11], [8, 3, 9, 4], [13, 21, 14, 20], [21, 15, 22, 14]]"
11n_35_83,"[[21, 15, 22, 14], [4, 20, 5, 19], [22, 6, 1, 5], [2, 17, 3, 18], [6, 2, 7, 1], [18, 8, 19, 7], [10, 16, 11, 15], [12, 10, 13, 9], [16, 12, 17, 11], [8, 3, 9, 4], [13, 21, 14, 20]]"
11n_35_84,"[[13, 21, 14, 20], [21, 15, 22, 14], [4, 20, 5, 19], [22, 6, 1, 5], [2, 17, 3, 18], [6, 2, 7, 1], [18, 8, 19, 7], [10, 16, 11, 15], [12, 10, 13, 9], [16, 12, 17, 11], [8, 3, 9, 4]]"
11n_35_85,"[[8, 3, 9, 4], [13, 21, 14, 20], [21, 15, 22, 14], [4, 20, 5, 19], [22, 6, 1, 5], [2, 17, 3, 18], [6, 2, 7, 1], [18, 8, 19, 7], [10, 16, 11, 15], [12, 10, 13, 9], [16, 12, 17, 11]]"
11n_35_86,"[[16, 12, 17, 11], [8, 3, 9, 4], [13, 21, 14, 20], [21, 15, 22, 14], [4, 20, 5, 19], [22, 6, 1, 5], [2, 17, 3, 18], [6, 2, 7, 1], [18, 8, 19, 7], [10, 16, 11, 15], [12, 10, 13, 9]]"
11n_35_87,"[[12, 10, 13, 9], [16, 12, 17, 11], [8, 3, 9, 4], [13, 21, 14, 20], [21, 15, 22, 14], [4, 20, 5, 19], [22, 6, 1, 5], [2, 17, 3, 18], [6, 2, 7, 1], [18, 8, 19, 7], [10, 16, 11, 15]]"
11n_35_88,"[[11, 17, 12, 16], [13, 11, 14, 10], [17, 13, 18, 12], [9, 4, 10, 5], [14, 22, 15, 21], [22, 16, 1, 15], [5, 21, 6, 20], [1, 7, 2, 6], [3, 18, 4, 19], [7, 3, 8, 2], [19, 9, 20, 8]]"
11n_35_89,"[[19, 9, 20, 8], [11, 17, 12, 16], [13, 11, 14, 10], [17, 13, 18, 12], [9, 4, 10, 5], [14, 22, 15, 21], [22, 16, 1, 15], [5, 21, 6, 20], [1, 7, 2, 6], [3, 18, 4, 19], [7, 3, 8, 2]]"
11n_35_90,"[[7, 3, 8, 2], [19, 9, 20, 8], [11, 17, 12, 16], [13, 11, 14, 10], [17, 13, 18, 12], [9, 4, 10, 5], [14, 22, 15, 21], [22, 16, 1, 15], [5, 21, 6, 20], [1, 7, 2, 6], [3, 18, 4, 19]]"
11n_35_91,"[[3, 18, 4, 19], [7, 3, 8, 2], [19, 9, 20, 8], [11, 17, 12, 16], [13, 11, 14, 10], [17, 13, 18, 12], [9, 4, 10, 5], [14, 22, 15, 21], [22, 16, 1, 15], [5, 21, 6, 20], [1, 7, 2, 6]]"
11n_35_92,"[[1, 7, 2, 6], [3, 18, 4, 19], [7, 3, 8, 2], [19, 9, 20, 8], [11, 17, 12, 16], [13, 11, 14, 10], [17, 13, 18, 12], [9, 4, 10, 5], [14, 22, 15, 21], [22, 16, 1, 15], [5, 21, 6, 20]]"
11n_35_93,"[[5, 21, 6, 20], [1, 7, 2, 6], [3, 18, 4, 19], [7, 3, 8, 2], [19, 9, 20, 8], [11, 17, 12, 16], [13, 11, 14, 10], [17, 13, 18, 12], [9, 4, 10, 5], [14, 22, 15, 21], [22, 16, 1, 15]]"
11n_35_94,"[[22, 16, 1, 15], [5, 21, 6, 20], [1, 7, 2, 6], [3, 18, 4, 19], [7, 3, 8, 2], [19, 9, 20, 8], [11, 17, 12, 16], [13, 11, 14, 10], [17, 13, 18, 12], [9, 4, 10, 5], [14, 22, 15, 21]]"
11n_35_95,"[[14, 22, 15, 21], [22, 16, 1, 15], [5, 21, 6, 20], [1, 7, 2, 6], [3, 18, 4, 19], [7, 3, 8, 2], [19, 9, 20, 8], [11, 17, 12, 16], [13, 11, 14, 10], [17, 13, 18, 12], [9, 4, 10, 5]]"
11n_35_96,"[[9, 4, 10, 5], [14, 22, 15, 21], [22, 16, 1, 15], [5, 21, 6, 20], [1, 7, 2, 6], [3, 18, 4, 19], [7, 3, 8, 2], [19, 9, 20, 8], [11, 17, 12, 16], [13, 11, 14, 10], [17, 13, 18, 12]]"
11n_35_97,"[[17, 13, 18, 12], [9, 4, 10, 5], [14, 22, 15, 21], [22, 16, 1, 15], [5, 21, 6, 20], [1, 7, 2, 6], [3, 18, 4, 19], [7, 3, 8, 2], [19, 9, 20, 8], [11, 17, 12, 16], [13, 11, 14, 10]]"
11n_35_98,"[[13, 11, 14, 10], [17, 13, 18, 12], [9, 4, 10, 5], [14, 22, 15, 21], [22, 16, 1, 15], [5, 21, 6, 20], [1, 7, 2, 6], [3, 18, 4, 19], [7, 3, 8, 2], [19, 9, 20, 8], [11, 17, 12, 16]]"
11n_35_99,"[[12, 18, 13, 17], [14, 12, 15, 11], [18, 14, 19, 13], [10, 5, 11, 6], [15, 1, 16, 22], [1, 17, 2, 16], [6, 22, 7, 21], [2, 8, 3, 7], [4, 19, 5, 20], [8, 4, 9, 3], [20, 10, 21, 9]]"
11n_35_100,"[[20, 10, 21, 9], [12, 18, 13, 17], [14, 12, 15, 11], [18, 14, 19, 13], [10, 5, 11, 6], [15, 1, 16, 22], [1, 17, 2, 16], [6, 22, 7, 21], [2, 8, 3, 7], [4, 19, 5, 20], [8, 4, 9, 3]]"
11n_35_101,"[[8, 4, 9, 3], [20, 10, 21, 9], [12, 18, 13, 17], [14, 12, 15, 11], [18, 14, 19, 13], [10, 5, 11, 6], [15, 1, 16, 22], [1, 17, 2, 16], [6, 22, 7, 21], [2, 8, 3, 7], [4, 19, 5, 20]]"
11n_35_102,"[[4, 19, 5, 20], [8, 4, 9, 3], [20, 10, 21, 9], [12, 18, 13, 17], [14, 12, 15, 11], [18, 14, 19, 13], [10, 5, 11, 6], [15, 1, 16, 22], [1, 17, 2, 16], [6, 22, 7, 21], [2, 8, 3, 7]]"
11n_35_103,"[[2, 8, 3, 7], [4, 19, 5, 20], [8, 4, 9, 3], [20, 10, 21, 9], [12, 18, 13, 17], [14, 12, 15, 11], [18, 14, 19, 13], [10, 5, 11, 6], [15, 1, 16, 22], [1, 17, 2, 16], [6, 22, 7, 21]]"
11n_35_104,"[[6, 22, 7, 21], [2, 8, 3, 7], [4, 19, 5, 20], [8, 4, 9, 3], [20, 10, 21, 9], [12, 18, 13, 17], [14, 12, 15, 11], [18, 14, 19, 13], [10, 5, 11, 6], [15, 1, 16, 22], [1, 17, 2, 16]]"
11n_35_105,"[[1, 17, 2, 16], [6, 22, 7, 21], [2, 8, 3, 7], [4, 19, 5, 20], [8, 4, 9, 3], [20, 10, 21, 9], [12, 18, 13, 17], [14, 12, 15, 11], [18, 14, 19, 13], [10, 5, 11, 6], [15, 1, 16, 22]]"
11n_35_106,"[[15, 1, 16, 22], [1, 17, 2, 16], [6, 22, 7, 21], [2, 8, 3, 7], [4, 19, 5, 20], [8, 4, 9, 3], [20, 10, 21, 9], [12, 18, 13, 17], [14, 12, 15, 11], [18, 14, 19, 13], [10, 5, 11, 6]]"
11n_35_107,"[[10, 5, 11, 6], [15, 1, 16, 22], [1, 17, 2, 16], [6, 22, 7, 21], [2, 8, 3, 7], [4, 19, 5, 20], [8, 4, 9, 3], [20, 10, 21, 9], [12, 18, 13, 17], [14, 12, 15, 11], [18, 14, 19, 13]]"
11n_35_108,"[[18, 14, 19, 13], [10, 5, 11, 6], [15, 1, 16, 22], [1, 17, 2, 16], [6, 22, 7, 21], [2, 8, 3, 7], [4, 19, 5, 20], [8, 4, 9, 3], [20, 10, 21, 9], [12, 18, 13, 17], [14, 12, 15, 11]]"
11n_35_109,"[[14, 12, 15, 11], [18, 14, 19, 13], [10, 5, 11, 6], [15, 1, 16, 22], [1, 17, 2, 16], [6, 22, 7, 21], [2, 8, 3, 7], [4, 19, 5, 20], [8, 4, 9, 3], [20, 10, 21, 9], [12, 18, 13, 17]]"
11n_35_110,"[[13, 19, 14, 18], [15, 13, 16, 12], [19, 15, 20, 14], [11, 6, 12, 7], [16, 2, 17, 1], [2, 18, 3, 17], [7, 1, 8, 22], [3, 9, 4, 8], [5, 20, 6, 21], [9, 5, 10, 4], [21, 11, 22, 10]]"
11n_35_111,"[[21, 11, 22, 10], [13, 19, 14, 18], [15, 13, 16, 12], [19, 15, 20, 14], [11, 6, 12, 7], [16, 2, 17, 1], [2, 18, 3, 17], [7, 1, 8, 22], [3, 9, 4, 8], [5, 20, 6, 21], [9, 5, 10, 4]]"
11n_35_112,"[[9, 5, 10, 4], [21, 11, 22, 10], [13, 19, 14, 18], [15, 13, 16, 12], [19, 15, 20, 14], [11, 6, 12, 7], [16, 2, 17, 1], [2, 18, 3, 17], [7, 1, 8, 22], [3, 9, 4, 8], [5, 20, 6, 21]]"
11n_35_113,"[[5, 20, 6, 21], [9, 5, 10, 4], [21, 11, 22, 10], [13, 19, 14, 18], [15, 13, 16, 12], [19, 15, 20, 14], [11, 6, 12, 7], [16, 2, 17, 1], [2, 18, 3, 17], [7, 1, 8, 22], [3, 9, 4, 8]]"
11n_35_114,"[[3, 9, 4, 8], [5, 20, 6, 21], [9, 5, 10, 4], [21, 11, 22, 10], [13, 19, 14, 18], [15, 13, 16, 12], [19, 15, 20, 14], [11, 6, 12, 7], [16, 2, 17, 1], [2, 18, 3, 17], [7, 1, 8, 22]]"
11n_35_115,"[[7, 1, 8, 22], [3, 9, 4, 8], [5, 20, 6, 21], [9, 5, 10, 4], [21, 11, 22, 10], [13, 19, 14, 18], [15, 13, 16, 12], [19, 15, 20, 14], [11, 6, 12, 7], [16, 2, 17, 1], [2, 18, 3, 17]]"
11n_35_116,"[[2, 18, 3, 17], [7, 1, 8, 22], [3, 9, 4, 8], [5, 20, 6, 21], [9, 5, 10, 4], [21, 11, 22, 10], [13, 19, 14, 18], [15, 13, 16, 12], [19, 15, 20, 14], [11, 6, 12, 7], [16, 2, 17, 1]]"
11n_35_117,"[[16, 2, 17, 1], [2, 18, 3, 17], [7, 1, 8, 22], [3, 9, 4, 8], [5, 20, 6, 21], [9, 5, 10, 4], [21, 11, 22, 10], [13, 19, 14, 18], [15, 13, 16, 12], [19, 15, 20, 14], [11, 6, 12, 7]]"
11n_35_118,"[[11, 6, 12, 7], [16, 2, 17, 1], [2, 18, 3, 17], [7, 1, 8, 22], [3, 9, 4, 8], [5, 20, 6, 21], [9, 5, 10, 4], [21, 11, 22, 10], [13, 19, 14, 18], [15, 13, 16, 12], [19, 15, 20, 14]]"
11n_35_119,"[[19, 15, 20, 14], [11, 6, 12, 7], [16, 2, 17, 1], [2, 18, 3, 17], [7, 1, 8, 22], [3, 9, 4, 8], [5, 20, 6, 21], [9, 5, 10, 4], [21, 11, 22, 10], [13, 19, 14, 18], [15, 13, 16, 12]]"
11n_35_120,"[[15, 13, 16, 12], [19, 15, 20, 14], [11, 6, 12, 7], [16, 2, 17, 1], [2, 18, 3, 17], [7, 1, 8, 22], [3, 9, 4, 8], [5, 20, 6, 21], [9, 5, 10, 4], [21, 11, 22, 10], [13, 19, 14, 18]]"
11n_35_121,"[[14, 20, 15, 19], [16, 14, 17, 13], [20, 16, 21, 15], [12, 7, 13, 8], [17, 3, 18, 2], [3, 19, 4, 18], [8, 2, 9, 1], [4, 10, 5, 9], [6, 21, 7, 22], [10, 6, 11, 5], [22, 12, 1, 11]]"
11n_35_122,"[[22, 12, 1, 11], [14, 20, 15, 19], [16, 14, 17, 13], [20, 16, 21, 15], [12, 7, 13, 8], [17, 3, 18, 2], [3, 19, 4, 18], [8, 2, 9, 1], [4, 10, 5, 9], [6, 21, 7, 22], [10, 6, 11, 5]]"
11n_35_123,"[[10, 6, 11, 5], [22, 12, 1, 11], [14, 20, 15, 19], [16, 14, 17, 13], [20, 16, 21, 15], [12, 7, 13, 8], [17, 3, 18, 2], [3, 19, 4, 18], [8, 2, 9, 1], [4, 10, 5, 9], [6, 21, 7, 22]]"
11n_35_124,"[[6, 21, 7, 22], [10, 6, 11, 5], [22, 12, 1, 11], [14, 20, 15, 19], [16, 14, 17, 13], [20, 16, 21, 15], [12, 7, 13, 8], [17, 3, 18, 2], [3, 19, 4, 18], [8, 2, 9, 1], [4, 10, 5, 9]]"
11n_35_125,"[[4, 10, 5, 9], [6, 21, 7, 22], [10, 6, 11, 5], [22, 12, 1, 11], [14, 20, 15, 19], [16, 14, 17, 13], [20, 16, 21, 15], [12, 7, 13, 8], [17, 3, 18, 2], [3, 19, 4, 18], [8, 2, 9, 1]]"
11n_35_126,"[[8, 2, 9, 1], [4, 10, 5, 9], [6, 21, 7, 22], [10, 6, 11, 5], [22, 12, 1, 11], [14, 20, 15, 19], [16, 14, 17, 13], [20, 16, 21, 15], [12, 7, 13, 8], [17, 3, 18, 2], [3, 19, 4, 18]]"
11n_35_127,"[[3, 19, 4, 18], [8, 2, 9, 1], [4, 10, 5, 9], [6, 21, 7, 22], [10, 6, 11, 5], [22, 12, 1, 11], [14, 20, 15, 19], [16, 14, 17, 13], [20, 16, 21, 15], [12, 7, 13, 8], [17, 3, 18, 2]]"
11n_35_128,"[[17, 3, 18, 2], [3, 19, 4, 18], [8, 2, 9, 1], [4, 10, 5, 9], [6, 21, 7, 22], [10, 6, 11, 5], [22, 12, 1, 11], [14, 20, 15, 19], [16, 14, 17, 13], [20, 16, 21, 15], [12, 7, 13, 8]]"
11n_35_129,"[[12, 7, 13, 8], [17, 3, 18, 2], [3, 19, 4, 18], [8, 2, 9, 1], [4, 10, 5, 9], [6, 21, 7, 22], [10, 6, 11, 5], [22, 12, 1, 11], [14, 20, 15, 19], [16, 14, 17, 13], [20, 16, 21, 15]]"
11n_35_130,"[[20, 16, 21, 15], [12, 7, 13, 8], [17, 3, 18, 2], [3, 19, 4, 18], [8, 2, 9, 1], [4, 10, 5, 9], [6, 21, 7, 22], [10, 6, 11, 5], [22, 12, 1, 11], [14, 20, 15, 19], [16, 14, 17, 13]]"
11n_35_131,"[[16, 14, 17, 13], [20, 16, 21, 15], [12, 7, 13, 8], [17, 3, 18, 2], [3, 19, 4, 18], [8, 2, 9, 1], [4, 10, 5, 9], [6, 21, 7, 22], [10, 6, 11, 5], [22, 12, 1, 11], [14, 20, 15, 19]]"
11n_35_132,"[[15, 21, 16, 20], [17, 15, 18, 14], [21, 17, 22, 16], [13, 8, 14, 9], [18, 4, 19, 3], [4, 20, 5, 19], [9, 3, 10, 2], [5, 11, 6, 10], [7, 22, 8, 1], [11, 7, 12, 6], [1, 13, 2, 12]]"
11n_35_133,"[[1, 13, 2, 12], [15, 21, 16, 20], [17, 15, 18, 14], [21, 17, 22, 16], [13, 8, 14, 9], [18, 4, 19, 3], [4, 20, 5, 19], [9, 3, 10, 2], [5, 11, 6, 10], [7, 22, 8, 1], [11, 7, 12, 6]]"
11n_35_134,"[[11, 7, 12, 6], [1, 13, 2, 12], [15, 21, 16, 20], [17, 15, 18, 14], [21, 17, 22, 16], [13, 8, 14, 9], [18, 4, 19, 3], [4, 20, 5, 19], [9, 3, 10, 2], [5, 11, 6, 10], [7, 22, 8, 1]]"
11n_35_135,"[[7, 22, 8, 1], [11, 7, 12, 6], [1, 13, 2, 12], [15, 21, 16, 20], [17, 15, 18, 14], [21, 17, 22, 16], [13, 8, 14, 9], [18, 4, 19, 3], [4, 20, 5, 19], [9, 3, 10, 2], [5, 11, 6, 10]]"
11n_35_136,"[[5, 11, 6, 10], [7, 22, 8, 1], [11, 7, 12, 6], [1, 13, 2, 12], [15, 21, 16, 20], [17, 15, 18, 14], [21, 17, 22, 16], [13, 8, 14, 9], [18, 4, 19, 3], [4, 20, 5, 19], [9, 3, 10, 2]]"
11n_35_137,"[[9, 3, 10, 2], [5, 11, 6, 10], [7, 22, 8, 1], [11, 7, 12, 6], [1, 13, 2, 12], [15, 21, 16, 20], [17, 15, 18, 14], [21, 17, 22, 16], [13, 8, 14, 9], [18, 4, 19, 3], [4, 20, 5, 19]]"
11n_35_138,"[[4, 20, 5, 19], [9, 3, 10, 2], [5, 11, 6, 10], [7, 22, 8, 1], [11, 7, 12, 6], [1, 13, 2, 12], [15, 21, 16, 20], [17, 15, 18, 14], [21, 17, 22, 16], [13, 8, 14, 9], [18, 4, 19, 3]]"
11n_35_139,"[[18, 4, 19, 3], [4, 20, 5, 19], [9, 3, 10, 2], [5, 11, 6, 10], [7, 22, 8, 1], [11, 7, 12, 6], [1, 13, 2, 12], [15, 21, 16, 20], [17, 15, 18, 14], [21, 17, 22, 16], [13, 8, 14, 9]]"
11n_35_140,"[[13, 8, 14, 9], [18, 4, 19, 3], [4, 20, 5, 19], [9, 3, 10, 2], [5, 11, 6, 10], [7, 22, 8, 1], [11, 7, 12, 6], [1, 13, 2, 12], [15, 21, 16, 20], [17, 15, 18, 14], [21, 17, 22, 16]]"
11n_35_141,"[[21, 17, 22, 16], [13, 8, 14, 9], [18, 4, 19, 3], [4, 20, 5, 19], [9, 3, 10, 2], [5, 11, 6, 10], [7, 22, 8, 1], [11, 7, 12, 6], [1, 13, 2, 12], [15, 21, 16, 20], [17, 15, 18, 14]]"
11n_35_142,"[[17, 15, 18, 14], [21, 17, 22, 16], [13, 8, 14, 9], [18, 4, 19, 3], [4, 20, 5, 19], [9, 3, 10, 2], [5, 11, 6, 10], [7, 22, 8, 1], [11, 7, 12, 6], [1, 13, 2, 12], [15, 21, 16, 20]]"
11n_35_143,"[[16, 22, 17, 21], [18, 16, 19, 15], [22, 18, 1, 17], [14, 9, 15, 10], [19, 5, 20, 4], [5, 21, 6, 20], [10, 4, 11, 3], [6, 12, 7, 11], [8, 1, 9, 2], [12, 8, 13, 7], [2, 14, 3, 13]]"
11n_35_144,"[[2, 14, 3, 13], [16, 22, 17, 21], [18, 16, 19, 15], [22, 18, 1, 17], [14, 9, 15, 10], [19, 5, 20, 4], [5, 21, 6, 20], [10, 4, 11, 3], [6, 12, 7, 11], [8, 1, 9, 2], [12, 8, 13, 7]]"
11n_35_145,"[[12, 8, 13, 7], [2, 14, 3, 13], [16, 22, 17, 21], [18, 16, 19, 15], [22, 18, 1, 17], [14, 9, 15, 10], [19, 5, 20, 4], [5, 21, 6, 20], [10, 4, 11, 3], [6, 12, 7, 11], [8, 1, 9, 2]]"
11n_35_146,"[[8, 1, 9, 2], [12, 8, 13, 7], [2, 14, 3, 13], [16, 22, 17, 21], [18, 16, 19, 15], [22, 18, 1, 17], [14, 9, 15, 10], [19, 5, 20, 4], [5, 21, 6, 20], [10, 4, 11, 3], [6, 12, 7, 11]]"
11n_35_147,"[[6, 12, 7, 11], [8, 1, 9, 2], [12, 8, 13, 7], [2, 14, 3, 13], [16, 22, 17, 21], [18, 16, 19, 15], [22, 18, 1, 17], [14, 9, 15, 10], [19, 5, 20, 4], [5, 21, 6, 20], [10, 4, 11, 3]]"
11n_35_148,"[[10, 4, 11, 3], [6, 12, 7, 11], [8, 1, 9, 2], [12, 8, 13, 7], [2, 14, 3, 13], [16, 22, 17, 21], [18, 16, 19, 15], [22, 18, 1, 17], [14, 9, 15, 10], [19, 5, 20, 4], [5, 21, 6, 20]]"
11n_35_149,"[[5, 21, 6, 20], [10, 4, 11, 3], [6, 12, 7, 11], [8, 1, 9, 2], [12, 8, 13, 7], [2, 14, 3, 13], [16, 22, 17, 21], [18, 16, 19, 15], [22, 18, 1, 17], [14, 9, 15, 10], [19, 5, 20, 4]]"
11n_35_150,"[[19, 5, 20, 4], [5, 21, 6, 20], [10, 4, 11, 3], [6, 12, 7, 11], [8, 1, 9, 2], [12, 8, 13, 7], [2, 14, 3, 13], [16, 22, 17, 21], [18, 16, 19, 15], [22, 18, 1, 17], [14, 9, 15, 10]]"
11n_35_151,"[[14, 9, 15, 10], [19, 5, 20, 4], [5, 21, 6, 20], [10, 4, 11, 3], [6, 12, 7, 11], [8, 1, 9, 2], [12, 8, 13, 7], [2, 14, 3, 13], [16, 22, 17, 21], [18, 16, 19, 15], [22, 18, 1, 17]]"
11n_35_152,"[[22, 18, 1, 17], [14, 9, 15, 10], [19, 5, 20, 4], [5, 21, 6, 20], [10, 4, 11, 3], [6, 12, 7, 11], [8, 1, 9, 2], [12, 8, 13, 7], [2, 14, 3, 13], [16, 22, 17, 21], [18, 16, 19, 15]]"
11n_35_153,"[[18, 16, 19, 15], [22, 18, 1, 17], [14, 9, 15, 10], [19, 5, 20, 4], [5, 21, 6, 20], [10, 4, 11, 3], [6, 12, 7, 11], [8, 1, 9, 2], [12, 8, 13, 7], [2, 14, 3, 13], [16, 22, 17, 21]]"
11n_35_154,"[[17, 1, 18, 22], [19, 17, 20, 16], [1, 19, 2, 18], [15, 10, 16, 11], [20, 6, 21, 5], [6, 22, 7, 21], [11, 5, 12, 4], [7, 13, 8, 12], [9, 2, 10, 3], [13, 9, 14, 8], [3, 15, 4, 14]]"
11n_35_155,"[[3, 15, 4, 14], [17, 1, 18, 22], [19, 17, 20, 16], [1, 19, 2, 18], [15, 10, 16, 11], [20, 6, 21, 5], [6, 22, 7, 21], [11, 5, 12, 4], [7, 13, 8, 12], [9, 2, 10, 3], [13, 9, 14, 8]]"
11n_35_156,"[[13, 9, 14, 8], [3, 15, 4, 14], [17, 1, 18, 22], [19, 17, 20, 16], [1, 19, 2, 18], [15, 10, 16, 11], [20, 6, 21, 5], [6, 22, 7, 21], [11, 5, 12, 4], [7, 13, 8, 12], [9, 2, 10, 3]]"
11n_35_157,"[[9, 2, 10, 3], [13, 9, 14, 8], [3, 15, 4, 14], [17, 1, 18, 22], [19, 17, 20, 16], [1, 19, 2, 18], [15, 10, 16, 11], [20, 6, 21, 5], [6, 22, 7, 21], [11, 5, 12, 4], [7, 13, 8, 12]]"
11n_35_158,"[[7, 13, 8, 12], [9, 2, 10, 3], [13, 9, 14, 8], [3, 15, 4, 14], [17, 1, 18, 22], [19, 17, 20, 16], [1, 19, 2, 18], [15, 10, 16, 11], [20, 6, 21, 5], [6, 22, 7, 21], [11, 5, 12, 4]]"
11n_35_159,"[[11, 5, 12, 4], [7, 13, 8, 12], [9, 2, 10, 3], [13, 9, 14, 8], [3, 15, 4, 14], [17, 1, 18, 22], [19, 17, 20, 16], [1, 19, 2, 18], [15, 10, 16, 11], [20, 6, 21, 5], [6, 22, 7, 21]]"
11n_35_160,"[[6, 22, 7, 21], [11, 5, 12, 4], [7, 13, 8, 12], [9, 2, 10, 3], [13, 9, 14, 8], [3, 15, 4, 14], [17, 1, 18, 22], [19, 17, 20, 16], [1, 19, 2, 18], [15, 10, 16, 11], [20, 6, 21, 5]]"
11n_35_161,"[[20, 6, 21, 5], [6, 22, 7, 21], [11, 5, 12, 4], [7, 13, 8, 12], [9, 2, 10, 3], [13, 9, 14, 8], [3, 15, 4, 14], [17, 1, 18, 22], [19, 17, 20, 16], [1, 19, 2, 18], [15, 10, 16, 11]]"
11n_35_162,"[[15, 10, 16, 11], [20, 6, 21, 5], [6, 22, 7, 21], [11, 5, 12, 4], [7, 13, 8, 12], [9, 2, 10, 3], [13, 9, 14, 8], [3, 15, 4, 14], [17, 1, 18, 22], [19, 17, 20, 16], [1, 19, 2, 18]]"
11n_35_163,"[[1, 19, 2, 18], [15, 10, 16, 11], [20, 6, 21, 5], [6, 22, 7, 21], [11, 5, 12, 4], [7, 13, 8, 12], [9, 2, 10, 3], [13, 9, 14, 8], [3, 15, 4, 14], [17, 1, 18, 22], [19, 17, 20, 16]]"
11n_35_164,"[[19, 17, 20, 16], [1, 19, 2, 18], [15, 10, 16, 11], [20, 6, 21, 5], [6, 22, 7, 21], [11, 5, 12, 4], [7, 13, 8, 12], [9, 2, 10, 3], [13, 9, 14, 8], [3, 15, 4, 14], [17, 1, 18, 22]]"
11n_35_165,"[[18, 2, 19, 1], [20, 18, 21, 17], [2, 20, 3, 19], [16, 11, 17, 12], [21, 7, 22, 6], [7, 1, 8, 22], [12, 6, 13, 5], [8, 14, 9, 13], [10, 3, 11, 4], [14, 10, 15, 9], [4, 16, 5, 15]]"
11n_35_166,"[[4, 16, 5, 15], [18, 2, 19, 1], [20, 18, 21, 17], [2, 20, 3, 19], [16, 11, 17, 12], [21, 7, 22, 6], [7, 1, 8, 22], [12, 6, 13, 5], [8, 14, 9, 13], [10, 3, 11, 4], [14, 10, 15, 9]]"
11n_35_167,"[[14, 10, 15, 9], [4, 16, 5, 15], [18, 2, 19, 1], [20, 18, 21, 17], [2, 20, 3, 19], [16, 11, 17, 12], [21, 7, 22, 6], [7, 1, 8, 22], [12, 6, 13, 5], [8, 14, 9, 13], [10, 3, 11, 4]]"
11n_35_168,"[[10, 3, 11, 4], [14, 10, 15, 9], [4, 16, 5, 15], [18, 2, 19, 1], [20, 18, 21, 17], [2, 20, 3, 19], [16, 11, 17, 12], [21, 7, 22, 6], [7, 1, 8, 22], [12, 6, 13, 5], [8, 14, 9, 13]]"
11n_35_169,"[[8, 14, 9, 13], [10, 3, 11, 4], [14, 10, 15, 9], [4, 16, 5, 15], [18, 2, 19, 1], [20, 18, 21, 17], [2, 20, 3, 19], [16, 11, 17, 12], [21, 7, 22, 6], [7, 1, 8, 22], [12, 6, 13, 5]]"
11n_35_170,"[[12, 6, 13, 5], [8, 14, 9, 13], [10, 3, 11, 4], [14, 10, 15, 9], [4, 16, 5, 15], [18, 2, 19, 1], [20, 18, 21, 17], [2, 20, 3, 19], [16, 11, 17, 12], [21, 7, 22, 6], [7, 1, 8, 22]]"
11n_35_171,"[[7, 1, 8, 22], [12, 6, 13, 5], [8, 14, 9, 13], [10, 3, 11, 4], [14, 10, 15, 9], [4, 16, 5, 15], [18, 2, 19, 1], [20, 18, 21, 17], [2, 20, 3, 19], [16, 11, 17, 12], [21, 7, 22, 6]]"
11n_35_172,"[[21, 7, 22, 6], [7, 1, 8, 22], [12, 6, 13, 5], [8, 14, 9, 13], [10, 3, 11, 4], [14, 10, 15, 9], [4, 16, 5, 15], [18, 2, 19, 1], [20, 18, 21, 17], [2, 20, 3, 19], [16, 11, 17, 12]]"
11n_35_173,"[[16, 11, 17, 12], [21, 7, 22, 6], [7, 1, 8, 22], [12, 6, 13, 5], [8, 14, 9, 13], [10, 3, 11, 4], [14, 10, 15, 9], [4, 16, 5, 15], [18, 2, 19, 1], [20, 18, 21, 17], [2, 20, 3, 19]]"
11n_35_174,"[[2, 20, 3, 19], [16, 11, 17, 12], [21, 7, 22, 6], [7, 1, 8, 22], [12, 6, 13, 5], [8, 14, 9, 13], [10, 3, 11, 4], [14, 10, 15, 9], [4, 16, 5, 15], [18, 2, 19, 1], [20, 18, 21, 17]]"
11n_35_175,"[[20, 18, 21, 17], [2, 20, 3, 19], [16, 11, 17, 12], [21, 7, 22, 6], [7, 1, 8, 22], [12, 6, 13, 5], [8, 14, 9, 13], [10, 3, 11, 4], [14, 10, 15, 9], [4, 16, 5, 15], [18, 2, 19, 1]]"
11n_35_176,"[[19, 3, 20, 2], [21, 19, 22, 18], [3, 21, 4, 20], [17, 12, 18, 13], [22, 8, 1, 7], [8, 2, 9, 1], [13, 7, 14, 6], [9, 15, 10, 14], [11, 4, 12, 5], [15, 11, 16, 10], [5, 17, 6, 16]]"
11n_35_177,"[[5, 17, 6, 16], [19, 3, 20, 2], [21, 19, 22, 18], [3, 21, 4, 20], [17, 12, 18, 13], [22, 8, 1, 7], [8, 2, 9, 1], [13, 7, 14, 6], [9, 15, 10, 14], [11, 4, 12, 5], [15, 11, 16, 10]]"
11n_35_178,"[[15, 11, 16, 10], [5, 17, 6, 16], [19, 3, 20, 2], [21, 19, 22, 18], [3, 21, 4, 20], [17, 12, 18, 13], [22, 8, 1, 7], [8, 2, 9, 1], [13, 7, 14, 6], [9, 15, 10, 14], [11, 4, 12, 5]]"
11n_35_179,"[[11, 4, 12, 5], [15, 11, 16, 10], [5, 17, 6, 16], [19, 3, 20, 2], [21, 19, 22, 18], [3, 21, 4, 20], [17, 12, 18, 13], [22, 8, 1, 7], [8, 2, 9, 1], [13, 7, 14, 6], [9, 15, 10, 14]]"
11n_35_180,"[[9, 15, 10, 14], [11, 4, 12, 5], [15, 11, 16, 10], [5, 17, 6, 16], [19, 3, 20, 2], [21, 19, 22, 18], [3, 21, 4, 20], [17, 12, 18, 13], [22, 8, 1, 7], [8, 2, 9, 1], [13, 7, 14, 6]]"
11n_35_181,"[[13, 7, 14, 6], [9, 15, 10, 14], [11, 4, 12, 5], [15, 11, 16, 10], [5, 17, 6, 16], [19, 3, 20, 2], [21, 19, 22, 18], [3, 21, 4, 20], [17, 12, 18, 13], [22, 8, 1, 7], [8, 2, 9, 1]]"
11n_35_182,"[[8, 2, 9, 1], [13, 7, 14, 6], [9, 15, 10, 14], [11, 4, 12, 5], [15, 11, 16, 10], [5, 17, 6, 16], [19, 3, 20, 2], [21, 19, 22, 18], [3, 21, 4, 20], [17, 12, 18, 13], [22, 8, 1, 7]]"
11n_35_183,"[[22, 8, 1, 7], [8, 2, 9, 1], [13, 7, 14, 6], [9, 15, 10, 14], [11, 4, 12, 5], [15, 11, 16, 10], [5, 17, 6, 16], [19, 3, 20, 2], [21, 19, 22, 18], [3, 21, 4, 20], [17, 12, 18, 13]]"
11n_35_184,"[[17, 12, 18, 13], [22, 8, 1, 7], [8, 2, 9, 1], [13, 7, 14, 6], [9, 15, 10, 14], [11, 4, 12, 5], [15, 11, 16, 10], [5, 17, 6, 16], [19, 3, 20, 2], [21, 19, 22, 18], [3, 21, 4, 20]]"
11n_35_185,"[[3, 21, 4, 20], [17, 12, 18, 13], [22, 8, 1, 7], [8, 2, 9, 1], [13, 7, 14, 6], [9, 15, 10, 14], [11, 4, 12, 5], [15, 11, 16, 10], [5, 17, 6, 16], [19, 3, 20, 2], [21, 19, 22, 18]]"
11n_35_186,"[[21, 19, 22, 18], [3, 21, 4, 20], [17, 12, 18, 13], [22, 8, 1, 7], [8, 2, 9, 1], [13, 7, 14, 6], [9, 15, 10, 14], [11, 4, 12, 5], [15, 11, 16, 10], [5, 17, 6, 16], [19, 3, 20, 2]]"
11n_35_187,"[[20, 4, 21, 3], [22, 20, 1, 19], [4, 22, 5, 21], [18, 13, 19, 14], [1, 9, 2, 8], [9, 3, 10, 2], [14, 8, 15, 7], [10, 16, 11, 15], [12, 5, 13, 6], [16, 12, 17, 11], [6, 18, 7, 17]]"
11n_35_188,"[[6, 18, 7, 17], [20, 4, 21, 3], [22, 20, 1, 19], [4, 22, 5, 21], [18, 13, 19, 14], [1, 9, 2, 8], [9, 3, 10, 2], [14, 8, 15, 7], [10, 16, 11, 15], [12, 5, 13, 6], [16, 12, 17, 11]]"
11n_35_189,"[[16, 12, 17, 11], [6, 18, 7, 17], [20, 4, 21, 3], [22, 20, 1, 19], [4, 22, 5, 21], [18, 13, 19, 14], [1, 9, 2, 8], [9, 3, 10, 2], [14, 8, 15, 7], [10, 16, 11, 15], [12, 5, 13, 6]]"
11n_35_190,"[[12, 5, 13, 6], [16, 12, 17, 11], [6, 18, 7, 17], [20, 4, 21, 3], [22, 20, 1, 19], [4, 22, 5, 21], [18, 13, 19, 14], [1, 9, 2, 8], [9, 3, 10, 2], [14, 8, 15, 7], [10, 16, 11, 15]]"
11n_35_191,"[[10, 16, 11, 15], [12, 5, 13, 6], [16, 12, 17, 11], [6, 18, 7, 17], [20, 4, 21, 3], [22, 20, 1, 19], [4, 22, 5, 21], [18, 13, 19, 14], [1, 9, 2, 8], [9, 3, 10, 2], [14, 8, 15, 7]]"
11n_35_192,"[[14, 8, 15, 7], [10, 16, 11, 15], [12, 5, 13, 6], [16, 12, 17, 11], [6, 18, 7, 17], [20, 4, 21, 3], [22, 20, 1, 19], [4, 22, 5, 21], [18, 13, 19, 14], [1, 9, 2, 8], [9, 3, 10, 2]]"
11n_35_193,"[[9, 3, 10, 2], [14, 8, 15, 7], [10, 16, 11, 15], [12, 5, 13, 6], [16, 12, 17, 11], [6, 18, 7, 17], [20, 4, 21, 3], [22, 20, 1, 19], [4, 22, 5, 21], [18, 13, 19, 14], [1, 9, 2, 8]]"
11n_35_194,"[[1, 9, 2, 8], [9, 3, 10, 2], [14, 8, 15, 7], [10, 16, 11, 15], [12, 5, 13, 6], [16, 12, 17, 11], [6, 18, 7, 17], [20, 4, 21, 3], [22, 20, 1, 19], [4, 22, 5, 21], [18, 13, 19, 14]]"
11n_35_195,"[[18, 13, 19, 14], [1, 9, 2, 8], [9, 3, 10, 2], [14, 8, 15, 7], [10, 16, 11, 15], [12, 5, 13, 6], [16, 12, 17, 11], [6, 18, 7, 17], [20, 4, 21, 3], [22, 20, 1, 19], [4, 22, 5, 21]]"
11n_35_196,"[[4, 22, 5, 21], [18, 13, 19, 14], [1, 9, 2, 8], [9, 3, 10, 2], [14, 8, 15, 7], [10, 16, 11, 15], [12, 5, 13, 6], [16, 12, 17, 11], [6, 18, 7, 17], [20, 4, 21, 3], [22, 20, 1, 19]]"
11n_35_197,"[[22, 20, 1, 19], [4, 22, 5, 21], [18, 13, 19, 14], [1, 9, 2, 8], [9, 3, 10, 2], [14, 8, 15, 7], [10, 16, 11, 15], [12, 5, 13, 6], [16, 12, 17, 11], [6, 18, 7, 17], [20, 4, 21, 3]]"
11n_35_198,"[[21, 5, 22, 4], [1, 21, 2, 20], [5, 1, 6, 22], [19, 14, 20, 15], [2, 10, 3, 9], [10, 4, 11, 3], [15, 9, 16, 8], [11, 17, 12, 16], [13, 6, 14, 7], [17, 13, 18, 12], [7, 19, 8, 18]]"
11n_35_199,"[[7, 19, 8, 18], [21, 5, 22, 4], [1, 21, 2, 20], [5, 1, 6, 22], [19, 14, 20, 15], [2, 10, 3, 9], [10, 4, 11, 3], [15, 9, 16, 8], [11, 17, 12, 16], [13, 6, 14, 7], [17, 13, 18, 12]]"
11n_35_200,"[[17, 13, 18, 12], [7, 19, 8, 18], [21, 5, 22, 4], [1, 21, 2, 20], [5, 1, 6, 22], [19, 14, 20, 15], [2, 10, 3, 9], [10, 4, 11, 3], [15, 9, 16, 8], [11, 17, 12, 16], [13, 6, 14, 7]]"
11n_35_201,"[[13, 6, 14, 7], [17, 13, 18, 12], [7, 19, 8, 18], [21, 5, 22, 4], [1, 21, 2, 20], [5, 1, 6, 22], [19, 14, 20, 15], [2, 10, 3, 9], [10, 4, 11, 3], [15, 9, 16, 8], [11, 17, 12, 16]]"
11n_35_202,"[[11, 17, 12, 16], [13, 6, 14, 7], [17, 13, 18, 12], [7, 19, 8, 18], [21, 5, 22, 4], [1, 21, 2, 20], [5, 1, 6, 22], [19, 14, 20, 15], [2, 10, 3, 9], [10, 4, 11, 3], [15, 9, 16, 8]]"
11n_35_203,"[[15, 9, 16, 8], [11, 17, 12, 16], [13, 6, 14, 7], [17, 13, 18, 12], [7, 19, 8, 18], [21, 5, 22, 4], [1, 21, 2, 20], [5, 1, 6, 22], [19, 14, 20, 15], [2, 10, 3, 9], [10, 4, 11, 3]]"
11n_35_204,"[[10, 4, 11, 3], [15, 9, 16, 8], [11, 17, 12, 16], [13, 6, 14, 7], [17, 13, 18, 12], [7, 19, 8, 18], [21, 5, 22, 4], [1, 21, 2, 20], [5, 1, 6, 22], [19, 14, 20, 15], [2, 10, 3, 9]]"
