name,pd_notation
11n_140_0,"[[9, 22, 10, 1], [5, 3, 6, 2], [8, 15, 9, 16], [13, 4, 14, 5], [3, 14, 4, 15], [6, 17, 7, 18], [16, 7, 17, 8], [1, 19, 2, 18], [19, 12, 20, 13], [21, 10, 22, 11], [11, 20, 12, 21]]"
11n_140_1,"[[11, 20, 12, 21], [9, 22, 10, 1], [5, 3, 6, 2], [8, 15, 9, 16], [13, 4, 14, 5], [3, 14, 4, 15], [6, 17, 7, 18], [16, 7, 17, 8], [1, 19, 2, 18], [19, 12, 20, 13], [21, 10, 22, 11]]"
11n_140_2,"[[21, 10, 22, 11], [11, 20, 12, 21], [9, 22, 10, 1], [5, 3, 6, 2], [8, 15, 9, 16], [13, 4, 14, 5], [3, 14, 4, 15], [6, 17, 7, 18], [16, 7, 17, 8], [1, 19, 2, 18], [19, 12, 20, 13]]"
11n_140_3,"[[19, 12, 20, 13], [21, 10, 22, 11], [11, 20, 12, 21], [9, 22, 10, 1], [5, 3, 6, 2], [8, 15, 9, 16], [13, 4, 14, 5], [3, 14, 4, 15], [6, 17, 7, 18], [16, 7, 17, 8], [1, 19, 2, 18]]"
11n_140_4,"[[1, 19, 2, 18], [19, 12, 20, 13], [21, 10, 22, 11], [11, 20, 12, 21], [9, 22, 10, 1], [5, 3, 6, 2], [8, 15, 9, 16], [13, 4, 14, 5], [3, 14, 4, 15], [6, 17, 7, 18], [16, 7, 17, 8]]"
11n_140_5,"[[16, 7, 17, 8], [1, 19, 2, 18], [19, 12, 20, 13], [21, 10, 22, 11], [11, 20, 12, 21], [9, 22, 10, 1], [5, 3, 6, 2], [8, 15, 9, 16], [13, 4, 14, 5], [3, 14, 4, 15], [6, 17, 7, 18]]"
11n_140_6,"[[6, 17, 7, 18], [16, 7, 17, 8], [1, 19, 2, 18], [19, 12, 20, 13], [21, 10, 22, 11], [11, 20, 12, 21], [9, 22, 10, 1], [5, 3, 6, 2], [8, 15, 9, 16], [13, 4, 14, 5], [3, 14, 4, 15]]"
11n_140_7,"[[3, 14, 4, 15], [6, 17, 7, 18], [16, 7, 17, 8], [1, 19, 2, 18], [19, 12, 20, 13], [21, 10, 22, 11], [11, 20, 12, 21], [9, 22, 10, 1], [5, 3, 6, 2], [8, 15, 9, 16], [13, 4, 14, 5]]"
11n_140_8,"[[13, 4, 14, 5], [3, 14, 4, 15], [6, 17, 7, 18], [16, 7, 17, 8], [1, 19, 2, 18], [19, 12, 20, 13], [21, 10, 22, 11], [11, 20, 12, 21], [9, 22, 10, 1], [5, 3, 6, 2], [8, 15, 9, 16]]"
11n_140_9,"[[8, 15, 9, 16], [13, 4, 14, 5], [3, 14, 4, 15], [6, 17, 7, 18], [16, 7, 17, 8], [1, 19, 2, 18], [19, 12, 20, 13], [21, 10, 22, 11], [11, 20, 12, 21], [9, 22, 10, 1], [5, 3, 6, 2]]"
11n_140_10,"[[5, 3, 6, 2], [8, 15, 9, 16], [13, 4, 14, 5], [3, 14, 4, 15], [6, 17, 7, 18], [16, 7, 17, 8], [1, 19, 2, 18], [19, 12, 20, 13], [21, 10, 22, 11], [11, 20, 12, 21], [9, 22, 10, 1]]"
11n_140_11,"[[10, 1, 11, 2], [6, 4, 7, 3], [9, 16, 10, 17], [14, 5, 15, 6], [4, 15, 5, 16], [7, 18, 8, 19], [17, 8, 18, 9], [2, 20, 3, 19], [20, 13, 21, 14], [22, 11, 1, 12], [12, 21, 13, 22]]"
11n_140_12,"[[12, 21, 13, 22], [10, 1, 11, 2], [6, 4, 7, 3], [9, 16, 10, 17], [14, 5, 15, 6], [4, 15, 5, 16], [7, 18, 8, 19], [17, 8, 18, 9], [2, 20, 3, 19], [20, 13, 21, 14], [22, 11, 1, 12]]"
11n_140_13,"[[22, 11, 1, 12], [12, 21, 13, 22], [10, 1, 11, 2], [6, 4, 7, 3], [9, 16, 10, 17], [14, 5, 15, 6], [4, 15, 5, 16], [7, 18, 8, 19], [17, 8, 18, 9], [2, 20, 3, 19], [20, 13, 21, 14]]"
11n_140_14,"[[20, 13, 21, 14], [22, 11, 1, 12], [12, 21, 13, 22], [10, 1, 11, 2], [6, 4, 7, 3], [9, 16, 10, 17], [14, 5, 15, 6], [4, 15, 5, 16], [7, 18, 8, 19], [17, 8, 18, 9], [2, 20, 3, 19]]"
11n_140_15,"[[2, 20, 3, 19], [20, 13, 21, 14], [22, 11, 1, 12], [12, 21, 13, 22], [10, 1, 11, 2], [6, 4, 7, 3], [9, 16, 10, 17], [14, 5, 15, 6], [4, 15, 5, 16], [7, 18, 8, 19], [17, 8, 18, 9]]"
11n_140_16,"[[17, 8, 18, 9], [2, 20, 3, 19], [20, 13, 21, 14], [22, 11, 1, 12], [12, 21, 13, 22], [10, 1, 11, 2], [6, 4, 7, 3], [9, 16, 10, 17], [14, 5, 15, 6], [4, 15, 5, 16], [7, 18, 8, 19]]"
11n_140_17,"[[7, 18, 8, 19], [17, 8, 18, 9], [2, 20, 3, 19], [20, 13, 21, 14], [22, 11, 1, 12], [12, 21, 13, 22], [10, 1, 11, 2], [6, 4, 7, 3], [9, 16, 10, 17], [14, 5, 15, 6], [4, 15, 5, 16]]"
11n_140_18,"[[4, 15, 5, 16], [7, 18, 8, 19], [17, 8, 18, 9], [2, 20, 3, 19], [20, 13, 21, 14], [22, 11, 1, 12], [12, 21, 13, 22], [10, 1, 11, 2], [6, 4, 7, 3], [9, 16, 10, 17], [14, 5, 15, 6]]"
11n_140_19,"[[14, 5, 15, 6], [4, 15, 5, 16], [7, 18, 8, 19], [17, 8, 18, 9], [2, 20, 3, 19], [20, 13, 21, 14], [22, 11, 1, 12], [12, 21, 13, 22], [10, 1, 11, 2], [6, 4, 7, 3], [9, 16, 10, 17]]"
11n_140_20,"[[9, 16, 10, 17], [14, 5, 15, 6], [4, 15, 5, 16], [7, 18, 8, 19], [17, 8, 18, 9], [2, 20, 3, 19], [20, 13, 21, 14], [22, 11, 1, 12], [12, 21, 13, 22], [10, 1, 11, 2], [6, 4, 7, 3]]"
11n_140_21,"[[6, 4, 7, 3], [9, 16, 10, 17], [14, 5, 15, 6], [4, 15, 5, 16], [7, 18, 8, 19], [17, 8, 18, 9], [2, 20, 3, 19], [20, 13, 21, 14], [22, 11, 1, 12], [12, 21, 13, 22], [10, 1, 11, 2]]"
11n_140_22,"[[11, 2, 12, 3], [7, 5, 8, 4], [10, 17, 11, 18], [15, 6, 16, 7], [5, 16, 6, 17], [8, 19, 9, 20], [18, 9, 19, 10], [3, 21, 4, 20], [21, 14, 22, 15], [1, 12, 2, 13], [13, 22, 14, 1]]"
11n_140_23,"[[13, 22, 14, 1], [11, 2, 12, 3], [7, 5, 8, 4], [10, 17, 11, 18], [15, 6, 16, 7], [5, 16, 6, 17], [8, 19, 9, 20], [18, 9, 19, 10], [3, 21, 4, 20], [21, 14, 22, 15], [1, 12, 2, 13]]"
11n_140_24,"[[1, 12, 2, 13], [13, 22, 14, 1], [11, 2, 12, 3], [7, 5, 8, 4], [10, 17, 11, 18], [15, 6, 16, 7], [5, 16, 6, 17], [8, 19, 9, 20], [18, 9, 19, 10], [3, 21, 4, 20], [21, 14, 22, 15]]"
11n_140_25,"[[21, 14, 22, 15], [1, 12, 2, 13], [13, 22, 14, 1], [11, 2, 12, 3], [7, 5, 8, 4], [10, 17, 11, 18], [15, 6, 16, 7], [5, 16, 6, 17], [8, 19, 9, 20], [18, 9, 19, 10], [3, 21, 4, 20]]"
11n_140_26,"[[3, 21, 4, 20], [21, 14, 22, 15], [1, 12, 2, 13], [13, 22, 14, 1], [11, 2, 12, 3], [7, 5, 8, 4], [10, 17, 11, 18], [15, 6, 16, 7], [5, 16, 6, 17], [8, 19, 9, 20], [18, 9, 19, 10]]"
11n_140_27,"[[18, 9, 19, 10], [3, 21, 4, 20], [21, 14, 22, 15], [1, 12, 2, 13], [13, 22, 14, 1], [11, 2, 12, 3], [7, 5, 8, 4], [10, 17, 11, 18], [15, 6, 16, 7], [5, 16, 6, 17], [8, 19, 9, 20]]"
11n_140_28,"[[8, 19, 9, 20], [18, 9, 19, 10], [3, 21, 4, 20], [21, 14, 22, 15], [1, 12, 2, 13], [13, 22, 14, 1], [11, 2, 12, 3], [7, 5, 8, 4], [10, 17, 11, 18], [15, 6, 16, 7], [5, 16, 6, 17]]"
11n_140_29,"[[5, 16, 6, 17], [8, 19, 9, 20], [18, 9, 19, 10], [3, 21, 4, 20], [21, 14, 22, 15], [1, 12, 2, 13], [13, 22, 14, 1], [11, 2, 12, 3], [7, 5, 8, 4], [10, 17, 11, 18], [15, 6, 16, 7]]"
11n_140_30,"[[15, 6, 16, 7], [5, 16, 6, 17], [8, 19, 9, 20], [18, 9, 19, 10], [3, 21, 4, 20], [21, 14, 22, 15], [1, 12, 2, 13], [13, 22, 14, 1], [11, 2, 12, 3], [7, 5, 8, 4], [10, 17, 11, 18]]"
11n_140_31,"[[10, 17, 11, 18], [15, 6, 16, 7], [5, 16, 6, 17], [8, 19, 9, 20], [18, 9, 19, 10], [3, 21, 4, 20], [21, 14, 22, 15], [1, 12, 2, 13], [13, 22, 14, 1], [11, 2, 12, 3], [7, 5, 8, 4]]"
11n_140_32,"[[7, 5, 8, 4], [10, 17, 11, 18], [15, 6, 16, 7], [5, 16, 6, 17], [8, 19, 9, 20], [18, 9, 19, 10], [3, 21, 4, 20], [21, 14, 22, 15], [1, 12, 2, 13], [13, 22, 14, 1], [11, 2, 12, 3]]"
11n_140_33,"[[12, 3, 13, 4], [8, 6, 9, 5], [11, 18, 12, 19], [16, 7, 17, 8], [6, 17, 7, 18], [9, 20, 10, 21], [19, 10, 20, 11], [4, 22, 5, 21], [22, 15, 1, 16], [2, 13, 3, 14], [14, 1, 15, 2]]"
11n_140_34,"[[14, 1, 15, 2], [12, 3, 13, 4], [8, 6, 9, 5], [11, 18, 12, 19], [16, 7, 17, 8], [6, 17, 7, 18], [9, 20, 10, 21], [19, 10, 20, 11], [4, 22, 5, 21], [22, 15, 1, 16], [2, 13, 3, 14]]"
11n_140_35,"[[2, 13, 3, 14], [14, 1, 15, 2], [12, 3, 13, 4], [8, 6, 9, 5], [11, 18, 12, 19], [16, 7, 17, 8], [6, 17, 7, 18], [9, 20, 10, 21], [19, 10, 20, 11], [4, 22, 5, 21], [22, 15, 1, 16]]"
11n_140_36,"[[22, 15, 1, 16], [2, 13, 3, 14], [14, 1, 15, 2], [12, 3, 13, 4], [8, 6, 9, 5], [11, 18, 12, 19], [16, 7, 17, 8], [6, 17, 7, 18], [9, 20, 10, 21], [19, 10, 20, 11], [4, 22, 5, 21]]"
11n_140_37,"[[4, 22, 5, 21], [22, 15, 1, 16], [2, 13, 3, 14], [14, 1, 15, 2], [12, 3, 13, 4], [8, 6, 9, 5], [11, 18, 12, 19], [16, 7, 17, 8], [6, 17, 7, 18], [9, 20, 10, 21], [19, 10, 20, 11]]"
11n_140_38,"[[19, 10, 20, 11], [4, 22, 5, 21], [22, 15, 1, 16], [2, 13, 3, 14], [14, 1, 15, 2], [12, 3, 13, 4], [8, 6, 9, 5], [11, 18, 12, 19], [16, 7, 17, 8], [6, 17, 7, 18], [9, 20, 10, 21]]"
11n_140_39,"[[9, 20, 10, 21], [19, 10, 20, 11], [4, 22, 5, 21], [22, 15, 1, 16], [2, 13, 3, 14], [14, 1, 15, 2], [12, 3, 13, 4], [8, 6, 9, 5], [11, 18, 12, 19], [16, 7, 17, 8], [6, 17, 7, 18]]"
11n_140_40,"[[6, 17, 7, 18], [9, 20, 10, 21], [19, 10, 20, 11], [4, 22, 5, 21], [22, 15, 1, 16], [2, 13, 3, 14], [14, 1, 15, 2], [12, 3, 13, 4], [8, 6, 9, 5], [11, 18, 12, 19], [16, 7, 17, 8]]"
11n_140_41,"[[16, 7, 17, 8], [6, 17, 7, 18], [9, 20, 10, 21], [19, 10, 20, 11], [4, 22, 5, 21], [22, 15, 1, 16], [2, 13, 3, 14], [14, 1, 15, 2], [12, 3, 13, 4], [8, 6, 9, 5], [11, 18, 12, 19]]"
11n_140_42,"[[11, 18, 12, 19], [16, 7, 17, 8], [6, 17, 7, 18], [9, 20, 10, 21], [19, 10, 20, 11], [4, 22, 5, 21], [22, 15, 1, 16], [2, 13, 3, 14], [14, 1, 15, 2], [12, 3, 13, 4], [8, 6, 9, 5]]"
11n_140_43,"[[8, 6, 9, 5], [11, 18, 12, 19], [16, 7, 17, 8], [6, 17, 7, 18], [9, 20, 10, 21], [19, 10, 20, 11], [4, 22, 5, 21], [22, 15, 1, 16], [2, 13, 3, 14], [14, 1, 15, 2], [12, 3, 13, 4]]"
11n_140_44,"[[13, 4, 14, 5], [9, 7, 10, 6], [12, 19, 13, 20], [17, 8, 18, 9], [7, 18, 8, 19], [10, 21, 11, 22], [20, 11, 21, 12], [5, 1, 6, 22], [1, 16, 2, 17], [3, 14, 4, 15], [15, 2, 16, 3]]"
11n_140_45,"[[15, 2, 16, 3], [13, 4, 14, 5], [9, 7, 10, 6], [12, 19, 13, 20], [17, 8, 18, 9], [7, 18, 8, 19], [10, 21, 11, 22], [20, 11, 21, 12], [5, 1, 6, 22], [1, 16, 2, 17], [3, 14, 4, 15]]"
11n_140_46,"[[3, 14, 4, 15], [15, 2, 16, 3], [13, 4, 14, 5], [9, 7, 10, 6], [12, 19, 13, 20], [17, 8, 18, 9], [7, 18, 8, 19], [10, 21, 11, 22], [20, 11, 21, 12], [5, 1, 6, 22], [1, 16, 2, 17]]"
11n_140_47,"[[1, 16, 2, 17], [3, 14, 4, 15], [15, 2, 16, 3], [13, 4, 14, 5], [9, 7, 10, 6], [12, 19, 13, 20], [17, 8, 18, 9], [7, 18, 8, 19], [10, 21, 11, 22], [20, 11, 21, 12], [5, 1, 6, 22]]"
11n_140_48,"[[5, 1, 6, 22], [1, 16, 2, 17], [3, 14, 4, 15], [15, 2, 16, 3], [13, 4, 14, 5], [9, 7, 10, 6], [12, 19, 13, 20], [17, 8, 18, 9], [7, 18, 8, 19], [10, 21, 11, 22], [20, 11, 21, 12]]"
11n_140_49,"[[20, 11, 21, 12], [5, 1, 6, 22], [1, 16, 2, 17], [3, 14, 4, 15], [15, 2, 16, 3], [13, 4, 14, 5], [9, 7, 10, 6], [12, 19, 13, 20], [17, 8, 18, 9], [7, 18, 8, 19], [10, 21, 11, 22]]"
11n_140_50,"[[10, 21, 11, 22], [20, 11, 21, 12], [5, 1, 6, 22], [1, 16, 2, 17], [3, 14, 4, 15], [15, 2, 16, 3], [13, 4, 14, 5], [9, 7, 10, 6], [12, 19, 13, 20], [17, 8, 18, 9], [7, 18, 8, 19]]"
11n_140_51,"[[7, 18, 8, 19], [10, 21, 11, 22], [20, 11, 21, 12], [5, 1, 6, 22], [1, 16, 2, 17], [3, 14, 4, 15], [15, 2, 16, 3], [13, 4, 14, 5], [9, 7, 10, 6], [12, 19, 13, 20], [17, 8, 18, 9]]"
11n_140_52,"[[17, 8, 18, 9], [7, 18, 8, 19], [10, 21, 11, 22], [20, 11, 21, 12], [5, 1, 6, 22], [1, 16, 2, 17], [3, 14, 4, 15], [15, 2, 16, 3], [13, 4, 14, 5], [9, 7, 10, 6], [12, 19, 13, 20]]"
11n_140_53,"[[12, 19, 13, 20], [17, 8, 18, 9], [7, 18, 8, 19], [10, 21, 11, 22], [20, 11, 21, 12], [5, 1, 6, 22], [1, 16, 2, 17], [3, 14, 4, 15], [15, 2, 16, 3], [13, 4, 14, 5], [9, 7, 10, 6]]"
11n_140_54,"[[9, 7, 10, 6], [12, 19, 13, 20], [17, 8, 18, 9], [7, 18, 8, 19], [10, 21, 11, 22], [20, 11, 21, 12], [5, 1, 6, 22], [1, 16, 2, 17], [3, 14, 4, 15], [15, 2, 16, 3], [13, 4, 14, 5]]"
11n_140_55,"[[14, 5, 15, 6], [10, 8, 11, 7], [13, 20, 14, 21], [18, 9, 19, 10], [8, 19, 9, 20], [11, 22, 12, 1], [21, 12, 22, 13], [6, 2, 7, 1], [2, 17, 3, 18], [4, 15, 5, 16], [16, 3, 17, 4]]"
11n_140_56,"[[16, 3, 17, 4], [14, 5, 15, 6], [10, 8, 11, 7], [13, 20, 14, 21], [18, 9, 19, 10], [8, 19, 9, 20], [11, 22, 12, 1], [21, 12, 22, 13], [6, 2, 7, 1], [2, 17, 3, 18], [4, 15, 5, 16]]"
11n_140_57,"[[4, 15, 5, 16], [16, 3, 17, 4], [14, 5, 15, 6], [10, 8, 11, 7], [13, 20, 14, 21], [18, 9, 19, 10], [8, 19, 9, 20], [11, 22, 12, 1], [21, 12, 22, 13], [6, 2, 7, 1], [2, 17, 3, 18]]"
11n_140_58,"[[2, 17, 3, 18], [4, 15, 5, 16], [16, 3, 17, 4], [14, 5, 15, 6], [10, 8, 11, 7], [13, 20, 14, 21], [18, 9, 19, 10], [8, 19, 9, 20], [11, 22, 12, 1], [21, 12, 22, 13], [6, 2, 7, 1]]"
11n_140_59,"[[6, 2, 7, 1], [2, 17, 3, 18], [4, 15, 5, 16], [16, 3, 17, 4], [14, 5, 15, 6], [10, 8, 11, 7], [13, 20, 14, 21], [18, 9, 19, 10], [8, 19, 9, 20], [11, 22, 12, 1], [21, 12, 22, 13]]"
11n_140_60,"[[21, 12, 22, 13], [6, 2, 7, 1], [2, 17, 3, 18], [4, 15, 5, 16], [16, 3, 17, 4], [14, 5, 15, 6], [10, 8, 11, 7], [13, 20, 14, 21], [18, 9, 19, 10], [8, 19, 9, 20], [11, 22, 12, 1]]"
11n_140_61,"[[11, 22, 12, 1], [21, 12, 22, 13], [6, 2, 7, 1], [2, 17, 3, 18], [4, 15, 5, 16], [16, 3, 17, 4], [14, 5, 15, 6], [10, 8, 11, 7], [13, 20, 14, 21], [18, 9, 19, 10], [8, 19, 9, 20]]"
11n_140_62,"[[8, 19, 9, 20], [11, 22, 12, 1], [21, 12, 22, 13], [6, 2, 7, 1], [2, 17, 3, 18], [4, 15, 5, 16], [16, 3, 17, 4], [14, 5, 15, 6], [10, 8, 11, 7], [13, 20, 14, 21], [18, 9, 19, 10]]"
11n_140_63,"[[18, 9, 19, 10], [8, 19, 9, 20], [11, 22, 12, 1], [21, 12, 22, 13], [6, 2, 7, 1], [2, 17, 3, 18], [4, 15, 5, 16], [16, 3, 17, 4], [14, 5, 15, 6], [10, 8, 11, 7], [13, 20, 14, 21]]"
11n_140_64,"[[13, 20, 14, 21], [18, 9, 19, 10], [8, 19, 9, 20], [11, 22, 12, 1], [21, 12, 22, 13], [6, 2, 7, 1], [2, 17, 3, 18], [4, 15, 5, 16], [16, 3, 17, 4], [14, 5, 15, 6], [10, 8, 11, 7]]"
11n_140_65,"[[10, 8, 11, 7], [13, 20, 14, 21], [18, 9, 19, 10], [8, 19, 9, 20], [11, 22, 12, 1], [21, 12, 22, 13], [6, 2, 7, 1], [2, 17, 3, 18], [4, 15, 5, 16], [16, 3, 17, 4], [14, 5, 15, 6]]"
11n_140_66,"[[15, 6, 16, 7], [11, 9, 12, 8], [14, 21, 15, 22], [19, 10, 20, 11], [9, 20, 10, 21], [12, 1, 13, 2], [22, 13, 1, 14], [7, 3, 8, 2], [3, 18, 4, 19], [5, 16, 6, 17], [17, 4, 18, 5]]"
11n_140_67,"[[17, 4, 18, 5], [15, 6, 16, 7], [11, 9, 12, 8], [14, 21, 15, 22], [19, 10, 20, 11], [9, 20, 10, 21], [12, 1, 13, 2], [22, 13, 1, 14], [7, 3, 8, 2], [3, 18, 4, 19], [5, 16, 6, 17]]"
11n_140_68,"[[5, 16, 6, 17], [17, 4, 18, 5], [15, 6, 16, 7], [11, 9, 12, 8], [14, 21, 15, 22], [19, 10, 20, 11], [9, 20, 10, 21], [12, 1, 13, 2], [22, 13, 1, 14], [7, 3, 8, 2], [3, 18, 4, 19]]"
11n_140_69,"[[3, 18, 4, 19], [5, 16, 6, 17], [17, 4, 18, 5], [15, 6, 16, 7], [11, 9, 12, 8], [14, 21, 15, 22], [19, 10, 20, 11], [9, 20, 10, 21], [12, 1, 13, 2], [22, 13, 1, 14], [7, 3, 8, 2]]"
11n_140_70,"[[7, 3, 8, 2], [3, 18, 4, 19], [5, 16, 6, 17], [17, 4, 18, 5], [15, 6, 16, 7], [11, 9, 12, 8], [14, 21, 15, 22], [19, 10, 20, 11], [9, 20, 10, 21], [12, 1, 13, 2], [22, 13, 1, 14]]"
11n_140_71,"[[22, 13, 1, 14], [7, 3, 8, 2], [3, 18, 4, 19], [5, 16, 6, 17], [17, 4, 18, 5], [15, 6, 16, 7], [11, 9, 12, 8], [14, 21, 15, 22], [19, 10, 20, 11], [9, 20, 10, 21], [12, 1, 13, 2]]"
11n_140_72,"[[12, 1, 13, 2], [22, 13, 1, 14], [7, 3, 8, 2], [3, 18, 4, 19], [5, 16, 6, 17], [17, 4, 18, 5], [15, 6, 16, 7], [11, 9, 12, 8], [14, 21, 15, 22], [19, 10, 20, 11], [9, 20, 10, 21]]"
11n_140_73,"[[9, 20, 10, 21], [12, 1, 13, 2], [22, 13, 1, 14], [7, 3, 8, 2], [3, 18, 4, 19], [5, 16, 6, 17], [17, 4, 18, 5], [15, 6, 16, 7], [11, 9, 12, 8], [14, 21, 15, 22], [19, 10, 20, 11]]"
11n_140_74,"[[19, 10, 20, 11], [9, 20, 10, 21], [12, 1, 13, 2], [22, 13, 1, 14], [7, 3, 8, 2], [3, 18, 4, 19], [5, 16, 6, 17], [17, 4, 18, 5], [15, 6, 16, 7], [11, 9, 12, 8], [14, 21, 15, 22]]"
11n_140_75,"[[14, 21, 15, 22], [19, 10, 20, 11], [9, 20, 10, 21], [12, 1, 13, 2], [22, 13, 1, 14], [7, 3, 8, 2], [3, 18, 4, 19], [5, 16, 6, 17], [17, 4, 18, 5], [15, 6, 16, 7], [11, 9, 12, 8]]"
11n_140_76,"[[11, 9, 12, 8], [14, 21, 15, 22], [19, 10, 20, 11], [9, 20, 10, 21], [12, 1, 13, 2], [22, 13, 1, 14], [7, 3, 8, 2], [3, 18, 4, 19], [5, 16, 6, 17], [17, 4, 18, 5], [15, 6, 16, 7]]"
11n_140_77,"[[16, 7, 17, 8], [12, 10, 13, 9], [15, 22, 16, 1], [20, 11, 21, 12], [10, 21, 11, 22], [13, 2, 14, 3], [1, 14, 2, 15], [8, 4, 9, 3], [4, 19, 5, 20], [6, 17, 7, 18], [18, 5, 19, 6]]"
11n_140_78,"[[18, 5, 19, 6], [16, 7, 17, 8], [12, 10, 13, 9], [15, 22, 16, 1], [20, 11, 21, 12], [10, 21, 11, 22], [13, 2, 14, 3], [1, 14, 2, 15], [8, 4, 9, 3], [4, 19, 5, 20], [6, 17, 7, 18]]"
11n_140_79,"[[6, 17, 7, 18], [18, 5, 19, 6], [16, 7, 17, 8], [12, 10, 13, 9], [15, 22, 16, 1], [20, 11, 21, 12], [10, 21, 11, 22], [13, 2, 14, 3], [1, 14, 2, 15], [8, 4, 9, 3], [4, 19, 5, 20]]"
11n_140_80,"[[4, 19, 5, 20], [6, 17, 7, 18], [18, 5, 19, 6], [16, 7, 17, 8], [12, 10, 13, 9], [15, 22, 16, 1], [20, 11, 21, 12], [10, 21, 11, 22], [13, 2, 14, 3], [1, 14, 2, 15], [8, 4, 9, 3]]"
11n_140_81,"[[8, 4, 9, 3], [4, 19, 5, 20], [6, 17, 7, 18], [18, 5, 19, 6], [16, 7, 17, 8], [12, 10, 13, 9], [15, 22, 16, 1], [20, 11, 21, 12], [10, 21, 11, 22], [13, 2, 14, 3], [1, 14, 2, 15]]"
11n_140_82,"[[1, 14, 2, 15], [8, 4, 9, 3], [4, 19, 5, 20], [6, 17, 7, 18], [18, 5, 19, 6], [16, 7, 17, 8], [12, 10, 13, 9], [15, 22, 16, 1], [20, 11, 21, 12], [10, 21, 11, 22], [13, 2, 14, 3]]"
11n_140_83,"[[13, 2, 14, 3], [1, 14, 2, 15], [8, 4, 9, 3], [4, 19, 5, 20], [6, 17, 7, 18], [18, 5, 19, 6], [16, 7, 17, 8], [12, 10, 13, 9], [15, 22, 16, 1], [20, 11, 21, 12], [10, 21, 11, 22]]"
11n_140_84,"[[10, 21, 11, 22], [13, 2, 14, 3], [1, 14, 2, 15], [8, 4, 9, 3], [4, 19, 5, 20], [6, 17, 7, 18], [18, 5, 19, 6], [16, 7, 17, 8], [12, 10, 13, 9], [15, 22, 16, 1], [20, 11, 21, 12]]"
11n_140_85,"[[20, 11, 21, 12], [10, 21, 11, 22], [13, 2, 14, 3], [1, 14, 2, 15], [8, 4, 9, 3], [4, 19, 5, 20], [6, 17, 7, 18], [18, 5, 19, 6], [16, 7, 17, 8], [12, 10, 13, 9], [15, 22, 16, 1]]"
11n_140_86,"[[15, 22, 16, 1], [20, 11, 21, 12], [10, 21, 11, 22], [13, 2, 14, 3], [1, 14, 2, 15], [8, 4, 9, 3], [4, 19, 5, 20], [6, 17, 7, 18], [18, 5, 19, 6], [16, 7, 17, 8], [12, 10, 13, 9]]"
11n_140_87,"[[12, 10, 13, 9], [15, 22, 16, 1], [20, 11, 21, 12], [10, 21, 11, 22], [13, 2, 14, 3], [1, 14, 2, 15], [8, 4, 9, 3], [4, 19, 5, 20], [6, 17, 7, 18], [18, 5, 19, 6], [16, 7, 17, 8]]"
11n_140_88,"[[17, 8, 18, 9], [13, 11, 14, 10], [16, 1, 17, 2], [21, 12, 22, 13], [11, 22, 12, 1], [14, 3, 15, 4], [2, 15, 3, 16], [9, 5, 10, 4], [5, 20, 6, 21], [7, 18, 8, 19], [19, 6, 20, 7]]"
11n_140_89,"[[19, 6, 20, 7], [17, 8, 18, 9], [13, 11, 14, 10], [16, 1, 17, 2], [21, 12, 22, 13], [11, 22, 12, 1], [14, 3, 15, 4], [2, 15, 3, 16], [9, 5, 10, 4], [5, 20, 6, 21], [7, 18, 8, 19]]"
11n_140_90,"[[7, 18, 8, 19], [19, 6, 20, 7], [17, 8, 18, 9], [13, 11, 14, 10], [16, 1, 17, 2], [21, 12, 22, 13], [11, 22, 12, 1], [14, 3, 15, 4], [2, 15, 3, 16], [9, 5, 10, 4], [5, 20, 6, 21]]"
11n_140_91,"[[5, 20, 6, 21], [7, 18, 8, 19], [19, 6, 20, 7], [17, 8, 18, 9], [13, 11, 14, 10], [16, 1, 17, 2], [21, 12, 22, 13], [11, 22, 12, 1], [14, 3, 15, 4], [2, 15, 3, 16], [9, 5, 10, 4]]"
11n_140_92,"[[9, 5, 10, 4], [5, 20, 6, 21], [7, 18, 8, 19], [19, 6, 20, 7], [17, 8, 18, 9], [13, 11, 14, 10], [16, 1, 17, 2], [21, 12, 22, 13], [11, 22, 12, 1], [14, 3, 15, 4], [2, 15, 3, 16]]"
11n_140_93,"[[2, 15, 3, 16], [9, 5, 10, 4], [5, 20, 6, 21], [7, 18, 8, 19], [19, 6, 20, 7], [17, 8, 18, 9], [13, 11, 14, 10], [16, 1, 17, 2], [21, 12, 22, 13], [11, 22, 12, 1], [14, 3, 15, 4]]"
11n_140_94,"[[14, 3, 15, 4], [2, 15, 3, 16], [9, 5, 10, 4], [5, 20, 6, 21], [7, 18, 8, 19], [19, 6, 20, 7], [17, 8, 18, 9], [13, 11, 14, 10], [16, 1, 17, 2], [21, 12, 22, 13], [11, 22, 12, 1]]"
11n_140_95,"[[11, 22, 12, 1], [14, 3, 15, 4], [2, 15, 3, 16], [9, 5, 10, 4], [5, 20, 6, 21], [7, 18, 8, 19], [19, 6, 20, 7], [17, 8, 18, 9], [13, 11, 14, 10], [16, 1, 17, 2], [21, 12, 22, 13]]"
11n_140_96,"[[21, 12, 22, 13], [11, 22, 12, 1], [14, 3, 15, 4], [2, 15, 3, 16], [9, 5, 10, 4], [5, 20, 6, 21], [7, 18, 8, 19], [19, 6, 20, 7], [17, 8, 18, 9], [13, 11, 14, 10], [16, 1, 17, 2]]"
11n_140_97,"[[16, 1, 17, 2], [21, 12, 22, 13], [11, 22, 12, 1], [14, 3, 15, 4], [2, 15, 3, 16], [9, 5, 10, 4], [5, 20, 6, 21], [7, 18, 8, 19], [19, 6, 20, 7], [17, 8, 18, 9], [13, 11, 14, 10]]"
11n_140_98,"[[13, 11, 14, 10], [16, 1, 17, 2], [21, 12, 22, 13], [11, 22, 12, 1], [14, 3, 15, 4], [2, 15, 3, 16], [9, 5, 10, 4], [5, 20, 6, 21], [7, 18, 8, 19], [19, 6, 20, 7], [17, 8, 18, 9]]"
11n_140_99,"[[18, 9, 19, 10], [14, 12, 15, 11], [17, 2, 18, 3], [22, 13, 1, 14], [12, 1, 13, 2], [15, 4, 16, 5], [3, 16, 4, 17], [10, 6, 11, 5], [6, 21, 7, 22], [8, 19, 9, 20], [20, 7, 21, 8]]"
11n_140_100,"[[20, 7, 21, 8], [18, 9, 19, 10], [14, 12, 15, 11], [17, 2, 18, 3], [22, 13, 1, 14], [12, 1, 13, 2], [15, 4, 16, 5], [3, 16, 4, 17], [10, 6, 11, 5], [6, 21, 7, 22], [8, 19, 9, 20]]"
11n_140_101,"[[8, 19, 9, 20], [20, 7, 21, 8], [18, 9, 19, 10], [14, 12, 15, 11], [17, 2, 18, 3], [22, 13, 1, 14], [12, 1, 13, 2], [15, 4, 16, 5], [3, 16, 4, 17], [10, 6, 11, 5], [6, 21, 7, 22]]"
11n_140_102,"[[6, 21, 7, 22], [8, 19, 9, 20], [20, 7, 21, 8], [18, 9, 19, 10], [14, 12, 15, 11], [17, 2, 18, 3], [22, 13, 1, 14], [12, 1, 13, 2], [15, 4, 16, 5], [3, 16, 4, 17], [10, 6, 11, 5]]"
11n_140_103,"[[10, 6, 11, 5], [6, 21, 7, 22], [8, 19, 9, 20], [20, 7, 21, 8], [18, 9, 19, 10], [14, 12, 15, 11], [17, 2, 18, 3], [22, 13, 1, 14], [12, 1, 13, 2], [15, 4, 16, 5], [3, 16, 4, 17]]"
11n_140_104,"[[3, 16, 4, 17], [10, 6, 11, 5], [6, 21, 7, 22], [8, 19, 9, 20], [20, 7, 21, 8], [18, 9, 19, 10], [14, 12, 15, 11], [17, 2, 18, 3], [22, 13, 1, 14], [12, 1, 13, 2], [15, 4, 16, 5]]"
11n_140_105,"[[15, 4, 16, 5], [3, 16, 4, 17], [10, 6, 11, 5], [6, 21, 7, 22], [8, 19, 9, 20], [20, 7, 21, 8], [18, 9, 19, 10], [14, 12, 15, 11], [17, 2, 18, 3], [22, 13, 1, 14], [12, 1, 13, 2]]"
11n_140_106,"[[12, 1, 13, 2], [15, 4, 16, 5], [3, 16, 4, 17], [10, 6, 11, 5], [6, 21, 7, 22], [8, 19, 9, 20], [20, 7, 21, 8], [18, 9, 19, 10], [14, 12, 15, 11], [17, 2, 18, 3], [22, 13, 1, 14]]"
11n_140_107,"[[22, 13, 1, 14], [12, 1, 13, 2], [15, 4, 16, 5], [3, 16, 4, 17], [10, 6, 11, 5], [6, 21, 7, 22], [8, 19, 9, 20], [20, 7, 21, 8], [18, 9, 19, 10], [14, 12, 15, 11], [17, 2, 18, 3]]"
11n_140_108,"[[17, 2, 18, 3], [22, 13, 1, 14], [12, 1, 13, 2], [15, 4, 16, 5], [3, 16, 4, 17], [10, 6, 11, 5], [6, 21, 7, 22], [8, 19, 9, 20], [20, 7, 21, 8], [18, 9, 19, 10], [14, 12, 15, 11]]"
11n_140_109,"[[14, 12, 15, 11], [17, 2, 18, 3], [22, 13, 1, 14], [12, 1, 13, 2], [15, 4, 16, 5], [3, 16, 4, 17], [10, 6, 11, 5], [6, 21, 7, 22], [8, 19, 9, 20], [20, 7, 21, 8], [18, 9, 19, 10]]"
11n_140_110,"[[19, 10, 20, 11], [15, 13, 16, 12], [18, 3, 19, 4], [1, 14, 2, 15], [13, 2, 14, 3], [16, 5, 17, 6], [4, 17, 5, 18], [11, 7, 12, 6], [7, 22, 8, 1], [9, 20, 10, 21], [21, 8, 22, 9]]"
11n_140_111,"[[21, 8, 22, 9], [19, 10, 20, 11], [15, 13, 16, 12], [18, 3, 19, 4], [1, 14, 2, 15], [13, 2, 14, 3], [16, 5, 17, 6], [4, 17, 5, 18], [11, 7, 12, 6], [7, 22, 8, 1], [9, 20, 10, 21]]"
11n_140_112,"[[9, 20, 10, 21], [21, 8, 22, 9], [19, 10, 20, 11], [15, 13, 16, 12], [18, 3, 19, 4], [1, 14, 2, 15], [13, 2, 14, 3], [16, 5, 17, 6], [4, 17, 5, 18], [11, 7, 12, 6], [7, 22, 8, 1]]"
11n_140_113,"[[7, 22, 8, 1], [9, 20, 10, 21], [21, 8, 22, 9], [19, 10, 20, 11], [15, 13, 16, 12], [18, 3, 19, 4], [1, 14, 2, 15], [13, 2, 14, 3], [16, 5, 17, 6], [4, 17, 5, 18], [11, 7, 12, 6]]"
11n_140_114,"[[11, 7, 12, 6], [7, 22, 8, 1], [9, 20, 10, 21], [21, 8, 22, 9], [19, 10, 20, 11], [15, 13, 16, 12], [18, 3, 19, 4], [1, 14, 2, 15], [13, 2, 14, 3], [16, 5, 17, 6], [4, 17, 5, 18]]"
11n_140_115,"[[4, 17, 5, 18], [11, 7, 12, 6], [7, 22, 8, 1], [9, 20, 10, 21], [21, 8, 22, 9], [19, 10, 20, 11], [15, 13, 16, 12], [18, 3, 19, 4], [1, 14, 2, 15], [13, 2, 14, 3], [16, 5, 17, 6]]"
11n_140_116,"[[16, 5, 17, 6], [4, 17, 5, 18], [11, 7, 12, 6], [7, 22, 8, 1], [9, 20, 10, 21], [21, 8, 22, 9], [19, 10, 20, 11], [15, 13, 16, 12], [18, 3, 19, 4], [1, 14, 2, 15], [13, 2, 14, 3]]"
11n_140_117,"[[13, 2, 14, 3], [16, 5, 17, 6], [4, 17, 5, 18], [11, 7, 12, 6], [7, 22, 8, 1], [9, 20, 10, 21], [21, 8, 22, 9], [19, 10, 20, 11], [15, 13, 16, 12], [18, 3, 19, 4], [1, 14, 2, 15]]"
11n_140_118,"[[1, 14, 2, 15], [13, 2, 14, 3], [16, 5, 17, 6], [4, 17, 5, 18], [11, 7, 12, 6], [7, 22, 8, 1], [9, 20, 10, 21], [21, 8, 22, 9], [19, 10, 20, 11], [15, 13, 16, 12], [18, 3, 19, 4]]"
11n_140_119,"[[18, 3, 19, 4], [1, 14, 2, 15], [13, 2, 14, 3], [16, 5, 17, 6], [4, 17, 5, 18], [11, 7, 12, 6], [7, 22, 8, 1], [9, 20, 10, 21], [21, 8, 22, 9], [19, 10, 20, 11], [15, 13, 16, 12]]"
11n_140_120,"[[15, 13, 16, 12], [18, 3, 19, 4], [1, 14, 2, 15], [13, 2, 14, 3], [16, 5, 17, 6], [4, 17, 5, 18], [11, 7, 12, 6], [7, 22, 8, 1], [9, 20, 10, 21], [21, 8, 22, 9], [19, 10, 20, 11]]"
11n_140_121,"[[20, 11, 21, 12], [16, 14, 17, 13], [19, 4, 20, 5], [2, 15, 3, 16], [14, 3, 15, 4], [17, 6, 18, 7], [5, 18, 6, 19], [12, 8, 13, 7], [8, 1, 9, 2], [10, 21, 11, 22], [22, 9, 1, 10]]"
11n_140_122,"[[22, 9, 1, 10], [20, 11, 21, 12], [16, 14, 17, 13], [19, 4, 20, 5], [2, 15, 3, 16], [14, 3, 15, 4], [17, 6, 18, 7], [5, 18, 6, 19], [12, 8, 13, 7], [8, 1, 9, 2], [10, 21, 11, 22]]"
11n_140_123,"[[10, 21, 11, 22], [22, 9, 1, 10], [20, 11, 21, 12], [16, 14, 17, 13], [19, 4, 20, 5], [2, 15, 3, 16], [14, 3, 15, 4], [17, 6, 18, 7], [5, 18, 6, 19], [12, 8, 13, 7], [8, 1, 9, 2]]"
11n_140_124,"[[8, 1, 9, 2], [10, 21, 11, 22], [22, 9, 1, 10], [20, 11, 21, 12], [16, 14, 17, 13], [19, 4, 20, 5], [2, 15, 3, 16], [14, 3, 15, 4], [17, 6, 18, 7], [5, 18, 6, 19], [12, 8, 13, 7]]"
11n_140_125,"[[12, 8, 13, 7], [8, 1, 9, 2], [10, 21, 11, 22], [22, 9, 1, 10], [20, 11, 21, 12], [16, 14, 17, 13], [19, 4, 20, 5], [2, 15, 3, 16], [14, 3, 15, 4], [17, 6, 18, 7], [5, 18, 6, 19]]"
11n_140_126,"[[5, 18, 6, 19], [12, 8, 13, 7], [8, 1, 9, 2], [10, 21, 11, 22], [22, 9, 1, 10], [20, 11, 21, 12], [16, 14, 17, 13], [19, 4, 20, 5], [2, 15, 3, 16], [14, 3, 15, 4], [17, 6, 18, 7]]"
11n_140_127,"[[17, 6, 18, 7], [5, 18, 6, 19], [12, 8, 13, 7], [8, 1, 9, 2], [10, 21, 11, 22], [22, 9, 1, 10], [20, 11, 21, 12], [16, 14, 17, 13], [19, 4, 20, 5], [2, 15, 3, 16], [14, 3, 15, 4]]"
11n_140_128,"[[14, 3, 15, 4], [17, 6, 18, 7], [5, 18, 6, 19], [12, 8, 13, 7], [8, 1, 9, 2], [10, 21, 11, 22], [22, 9, 1, 10], [20, 11, 21, 12], [16, 14, 17, 13], [19, 4, 20, 5], [2, 15, 3, 16]]"
11n_140_129,"[[2, 15, 3, 16], [14, 3, 15, 4], [17, 6, 18, 7], [5, 18, 6, 19], [12, 8, 13, 7], [8, 1, 9, 2], [10, 21, 11, 22], [22, 9, 1, 10], [20, 11, 21, 12], [16, 14, 17, 13], [19, 4, 20, 5]]"
11n_140_130,"[[19, 4, 20, 5], [2, 15, 3, 16], [14, 3, 15, 4], [17, 6, 18, 7], [5, 18, 6, 19], [12, 8, 13, 7], [8, 1, 9, 2], [10, 21, 11, 22], [22, 9, 1, 10], [20, 11, 21, 12], [16, 14, 17, 13]]"
11n_140_131,"[[16, 14, 17, 13], [19, 4, 20, 5], [2, 15, 3, 16], [14, 3, 15, 4], [17, 6, 18, 7], [5, 18, 6, 19], [12, 8, 13, 7], [8, 1, 9, 2], [10, 21, 11, 22], [22, 9, 1, 10], [20, 11, 21, 12]]"
11n_140_132,"[[21, 12, 22, 13], [17, 15, 18, 14], [20, 5, 21, 6], [3, 16, 4, 17], [15, 4, 16, 5], [18, 7, 19, 8], [6, 19, 7, 20], [13, 9, 14, 8], [9, 2, 10, 3], [11, 22, 12, 1], [1, 10, 2, 11]]"
11n_140_133,"[[1, 10, 2, 11], [21, 12, 22, 13], [17, 15, 18, 14], [20, 5, 21, 6], [3, 16, 4, 17], [15, 4, 16, 5], [18, 7, 19, 8], [6, 19, 7, 20], [13, 9, 14, 8], [9, 2, 10, 3], [11, 22, 12, 1]]"
11n_140_134,"[[11, 22, 12, 1], [1, 10, 2, 11], [21, 12, 22, 13], [17, 15, 18, 14], [20, 5, 21, 6], [3, 16, 4, 17], [15, 4, 16, 5], [18, 7, 19, 8], [6, 19, 7, 20], [13, 9, 14, 8], [9, 2, 10, 3]]"
11n_140_135,"[[9, 2, 10, 3], [11, 22, 12, 1], [1, 10, 2, 11], [21, 12, 22, 13], [17, 15, 18, 14], [20, 5, 21, 6], [3, 16, 4, 17], [15, 4, 16, 5], [18, 7, 19, 8], [6, 19, 7, 20], [13, 9, 14, 8]]"
11n_140_136,"[[13, 9, 14, 8], [9, 2, 10, 3], [11, 22, 12, 1], [1, 10, 2, 11], [21, 12, 22, 13], [17, 15, 18, 14], [20, 5, 21, 6], [3, 16, 4, 17], [15, 4, 16, 5], [18, 7, 19, 8], [6, 19, 7, 20]]"
11n_140_137,"[[6, 19, 7, 20], [13, 9, 14, 8], [9, 2, 10, 3], [11, 22, 12, 1], [1, 10, 2, 11], [21, 12, 22, 13], [17, 15, 18, 14], [20, 5, 21, 6], [3, 16, 4, 17], [15, 4, 16, 5], [18, 7, 19, 8]]"
11n_140_138,"[[18, 7, 19, 8], [6, 19, 7, 20], [13, 9, 14, 8], [9, 2, 10, 3], [11, 22, 12, 1], [1, 10, 2, 11], [21, 12, 22, 13], [17, 15, 18, 14], [20, 5, 21, 6], [3, 16, 4, 17], [15, 4, 16, 5]]"
11n_140_139,"[[15, 4, 16, 5], [18, 7, 19, 8], [6, 19, 7, 20], [13, 9, 14, 8], [9, 2, 10, 3], [11, 22, 12, 1], [1, 10, 2, 11], [21, 12, 22, 13], [17, 15, 18, 14], [20, 5, 21, 6], [3, 16, 4, 17]]"
11n_140_140,"[[3, 16, 4, 17], [15, 4, 16, 5], [18, 7, 19, 8], [6, 19, 7, 20], [13, 9, 14, 8], [9, 2, 10, 3], [11, 22, 12, 1], [1, 10, 2, 11], [21, 12, 22, 13], [17, 15, 18, 14], [20, 5, 21, 6]]"
11n_140_141,"[[20, 5, 21, 6], [3, 16, 4, 17], [15, 4, 16, 5], [18, 7, 19, 8], [6, 19, 7, 20], [13, 9, 14, 8], [9, 2, 10, 3], [11, 22, 12, 1], [1, 10, 2, 11], [21, 12, 22, 13], [17, 15, 18, 14]]"
11n_140_142,"[[17, 15, 18, 14], [20, 5, 21, 6], [3, 16, 4, 17], [15, 4, 16, 5], [18, 7, 19, 8], [6, 19, 7, 20], [13, 9, 14, 8], [9, 2, 10, 3], [11, 22, 12, 1], [1, 10, 2, 11], [21, 12, 22, 13]]"
11n_140_143,"[[22, 13, 1, 14], [18, 16, 19, 15], [21, 6, 22, 7], [4, 17, 5, 18], [16, 5, 17, 6], [19, 8, 20, 9], [7, 20, 8, 21], [14, 10, 15, 9], [10, 3, 11, 4], [12, 1, 13, 2], [2, 11, 3, 12]]"
11n_140_144,"[[2, 11, 3, 12], [22, 13, 1, 14], [18, 16, 19, 15], [21, 6, 22, 7], [4, 17, 5, 18], [16, 5, 17, 6], [19, 8, 20, 9], [7, 20, 8, 21], [14, 10, 15, 9], [10, 3, 11, 4], [12, 1, 13, 2]]"
11n_140_145,"[[12, 1, 13, 2], [2, 11, 3, 12], [22, 13, 1, 14], [18, 16, 19, 15], [21, 6, 22, 7], [4, 17, 5, 18], [16, 5, 17, 6], [19, 8, 20, 9], [7, 20, 8, 21], [14, 10, 15, 9], [10, 3, 11, 4]]"
11n_140_146,"[[10, 3, 11, 4], [12, 1, 13, 2], [2, 11, 3, 12], [22, 13, 1, 14], [18, 16, 19, 15], [21, 6, 22, 7], [4, 17, 5, 18], [16, 5, 17, 6], [19, 8, 20, 9], [7, 20, 8, 21], [14, 10, 15, 9]]"
11n_140_147,"[[14, 10, 15, 9], [10, 3, 11, 4], [12, 1, 13, 2], [2, 11, 3, 12], [22, 13, 1, 14], [18, 16, 19, 15], [21, 6, 22, 7], [4, 17, 5, 18], [16, 5, 17, 6], [19, 8, 20, 9], [7, 20, 8, 21]]"
11n_140_148,"[[7, 20, 8, 21], [14, 10, 15, 9], [10, 3, 11, 4], [12, 1, 13, 2], [2, 11, 3, 12], [22, 13, 1, 14], [18, 16, 19, 15], [21, 6, 22, 7], [4, 17, 5, 18], [16, 5, 17, 6], [19, 8, 20, 9]]"
11n_140_149,"[[19, 8, 20, 9], [7, 20, 8, 21], [14, 10, 15, 9], [10, 3, 11, 4], [12, 1, 13, 2], [2, 11, 3, 12], [22, 13, 1, 14], [18, 16, 19, 15], [21, 6, 22, 7], [4, 17, 5, 18], [16, 5, 17, 6]]"
11n_140_150,"[[16, 5, 17, 6], [19, 8, 20, 9], [7, 20, 8, 21], [14, 10, 15, 9], [10, 3, 11, 4], [12, 1, 13, 2], [2, 11, 3, 12], [22, 13, 1, 14], [18, 16, 19, 15], [21, 6, 22, 7], [4, 17, 5, 18]]"
11n_140_151,"[[4, 17, 5, 18], [16, 5, 17, 6], [19, 8, 20, 9], [7, 20, 8, 21], [14, 10, 15, 9], [10, 3, 11, 4], [12, 1, 13, 2], [2, 11, 3, 12], [22, 13, 1, 14], [18, 16, 19, 15], [21, 6, 22, 7]]"
11n_140_152,"[[21, 6, 22, 7], [4, 17, 5, 18], [16, 5, 17, 6], [19, 8, 20, 9], [7, 20, 8, 21], [14, 10, 15, 9], [10, 3, 11, 4], [12, 1, 13, 2], [2, 11, 3, 12], [22, 13, 1, 14], [18, 16, 19, 15]]"
11n_140_153,"[[18, 16, 19, 15], [21, 6, 22, 7], [4, 17, 5, 18], [16, 5, 17, 6], [19, 8, 20, 9], [7, 20, 8, 21], [14, 10, 15, 9], [10, 3, 11, 4], [12, 1, 13, 2], [2, 11, 3, 12], [22, 13, 1, 14]]"
11n_140_154,"[[1, 14, 2, 15], [19, 17, 20, 16], [22, 7, 1, 8], [5, 18, 6, 19], [17, 6, 18, 7], [20, 9, 21, 10], [8, 21, 9, 22], [15, 11, 16, 10], [11, 4, 12, 5], [13, 2, 14, 3], [3, 12, 4, 13]]"
11n_140_155,"[[3, 12, 4, 13], [1, 14, 2, 15], [19, 17, 20, 16], [22, 7, 1, 8], [5, 18, 6, 19], [17, 6, 18, 7], [20, 9, 21, 10], [8, 21, 9, 22], [15, 11, 16, 10], [11, 4, 12, 5], [13, 2, 14, 3]]"
11n_140_156,"[[13, 2, 14, 3], [3, 12, 4, 13], [1, 14, 2, 15], [19, 17, 20, 16], [22, 7, 1, 8], [5, 18, 6, 19], [17, 6, 18, 7], [20, 9, 21, 10], [8, 21, 9, 22], [15, 11, 16, 10], [11, 4, 12, 5]]"
11n_140_157,"[[11, 4, 12, 5], [13, 2, 14, 3], [3, 12, 4, 13], [1, 14, 2, 15], [19, 17, 20, 16], [22, 7, 1, 8], [5, 18, 6, 19], [17, 6, 18, 7], [20, 9, 21, 10], [8, 21, 9, 22], [15, 11, 16, 10]]"
11n_140_158,"[[15, 11, 16, 10], [11, 4, 12, 5], [13, 2, 14, 3], [3, 12, 4, 13], [1, 14, 2, 15], [19, 17, 20, 16], [22, 7, 1, 8], [5, 18, 6, 19], [17, 6, 18, 7], [20, 9, 21, 10], [8, 21, 9, 22]]"
11n_140_159,"[[8, 21, 9, 22], [15, 11, 16, 10], [11, 4, 12, 5], [13, 2, 14, 3], [3, 12, 4, 13], [1, 14, 2, 15], [19, 17, 20, 16], [22, 7, 1, 8], [5, 18, 6, 19], [17, 6, 18, 7], [20, 9, 21, 10]]"
11n_140_160,"[[20, 9, 21, 10], [8, 21, 9, 22], [15, 11, 16, 10], [11, 4, 12, 5], [13, 2, 14, 3], [3, 12, 4, 13], [1, 14, 2, 15], [19, 17, 20, 16], [22, 7, 1, 8], [5, 18, 6, 19], [17, 6, 18, 7]]"
11n_140_161,"[[17, 6, 18, 7], [20, 9, 21, 10], [8, 21, 9, 22], [15, 11, 16, 10], [11, 4, 12, 5], [13, 2, 14, 3], [3, 12, 4, 13], [1, 14, 2, 15], [19, 17, 20, 16], [22, 7, 1, 8], [5, 18, 6, 19]]"
11n_140_162,"[[5, 18, 6, 19], [17, 6, 18, 7], [20, 9, 21, 10], [8, 21, 9, 22], [15, 11, 16, 10], [11, 4, 12, 5], [13, 2, 14, 3], [3, 12, 4, 13], [1, 14, 2, 15], [19, 17, 20, 16], [22, 7, 1, 8]]"
11n_140_163,"[[22, 7, 1, 8], [5, 18, 6, 19], [17, 6, 18, 7], [20, 9, 21, 10], [8, 21, 9, 22], [15, 11, 16, 10], [11, 4, 12, 5], [13, 2, 14, 3], [3, 12, 4, 13], [1, 14, 2, 15], [19, 17, 20, 16]]"
11n_140_164,"[[19, 17, 20, 16], [22, 7, 1, 8], [5, 18, 6, 19], [17, 6, 18, 7], [20, 9, 21, 10], [8, 21, 9, 22], [15, 11, 16, 10], [11, 4, 12, 5], [13, 2, 14, 3], [3, 12, 4, 13], [1, 14, 2, 15]]"
11n_140_165,"[[2, 15, 3, 16], [20, 18, 21, 17], [1, 8, 2, 9], [6, 19, 7, 20], [18, 7, 19, 8], [21, 10, 22, 11], [9, 22, 10, 1], [16, 12, 17, 11], [12, 5, 13, 6], [14, 3, 15, 4], [4, 13, 5, 14]]"
11n_140_166,"[[4, 13, 5, 14], [2, 15, 3, 16], [20, 18, 21, 17], [1, 8, 2, 9], [6, 19, 7, 20], [18, 7, 19, 8], [21, 10, 22, 11], [9, 22, 10, 1], [16, 12, 17, 11], [12, 5, 13, 6], [14, 3, 15, 4]]"
11n_140_167,"[[14, 3, 15, 4], [4, 13, 5, 14], [2, 15, 3, 16], [20, 18, 21, 17], [1, 8, 2, 9], [6, 19, 7, 20], [18, 7, 19, 8], [21, 10, 22, 11], [9, 22, 10, 1], [16, 12, 17, 11], [12, 5, 13, 6]]"
11n_140_168,"[[12, 5, 13, 6], [14, 3, 15, 4], [4, 13, 5, 14], [2, 15, 3, 16], [20, 18, 21, 17], [1, 8, 2, 9], [6, 19, 7, 20], [18, 7, 19, 8], [21, 10, 22, 11], [9, 22, 10, 1], [16, 12, 17, 11]]"
11n_140_169,"[[16, 12, 17, 11], [12, 5, 13, 6], [14, 3, 15, 4], [4, 13, 5, 14], [2, 15, 3, 16], [20, 18, 21, 17], [1, 8, 2, 9], [6, 19, 7, 20], [18, 7, 19, 8], [21, 10, 22, 11], [9, 22, 10, 1]]"
11n_140_170,"[[9, 22, 10, 1], [16, 12, 17, 11], [12, 5, 13, 6], [14, 3, 15, 4], [4, 13, 5, 14], [2, 15, 3, 16], [20, 18, 21, 17], [1, 8, 2, 9], [6, 19, 7, 20], [18, 7, 19, 8], [21, 10, 22, 11]]"
11n_140_171,"[[21, 10, 22, 11], [9, 22, 10, 1], [16, 12, 17, 11], [12, 5, 13, 6], [14, 3, 15, 4], [4, 13, 5, 14], [2, 15, 3, 16], [20, 18, 21, 17], [1, 8, 2, 9], [6, 19, 7, 20], [18, 7, 19, 8]]"
11n_140_172,"[[18, 7, 19, 8], [21, 10, 22, 11], [9, 22, 10, 1], [16, 12, 17, 11], [12, 5, 13, 6], [14, 3, 15, 4], [4, 13, 5, 14], [2, 15, 3, 16], [20, 18, 21, 17], [1, 8, 2, 9], [6, 19, 7, 20]]"
11n_140_173,"[[6, 19, 7, 20], [18, 7, 19, 8], [21, 10, 22, 11], [9, 22, 10, 1], [16, 12, 17, 11], [12, 5, 13, 6], [14, 3, 15, 4], [4, 13, 5, 14], [2, 15, 3, 16], [20, 18, 21, 17], [1, 8, 2, 9]]"
11n_140_174,"[[1, 8, 2, 9], [6, 19, 7, 20], [18, 7, 19, 8], [21, 10, 22, 11], [9, 22, 10, 1], [16, 12, 17, 11], [12, 5, 13, 6], [14, 3, 15, 4], [4, 13, 5, 14], [2, 15, 3, 16], [20, 18, 21, 17]]"
11n_140_175,"[[20, 18, 21, 17], [1, 8, 2, 9], [6, 19, 7, 20], [18, 7, 19, 8], [21, 10, 22, 11], [9, 22, 10, 1], [16, 12, 17, 11], [12, 5, 13, 6], [14, 3, 15, 4], [4, 13, 5, 14], [2, 15, 3, 16]]"
11n_140_176,"[[3, 16, 4, 17], [21, 19, 22, 18], [2, 9, 3, 10], [7, 20, 8, 21], [19, 8, 20, 9], [22, 11, 1, 12], [10, 1, 11, 2], [17, 13, 18, 12], [13, 6, 14, 7], [15, 4, 16, 5], [5, 14, 6, 15]]"
11n_140_177,"[[5, 14, 6, 15], [3, 16, 4, 17], [21, 19, 22, 18], [2, 9, 3, 10], [7, 20, 8, 21], [19, 8, 20, 9], [22, 11, 1, 12], [10, 1, 11, 2], [17, 13, 18, 12], [13, 6, 14, 7], [15, 4, 16, 5]]"
11n_140_178,"[[15, 4, 16, 5], [5, 14, 6, 15], [3, 16, 4, 17], [21, 19, 22, 18], [2, 9, 3, 10], [7, 20, 8, 21], [19, 8, 20, 9], [22, 11, 1, 12], [10, 1, 11, 2], [17, 13, 18, 12], [13, 6, 14, 7]]"
11n_140_179,"[[13, 6, 14, 7], [15, 4, 16, 5], [5, 14, 6, 15], [3, 16, 4, 17], [21, 19, 22, 18], [2, 9, 3, 10], [7, 20, 8, 21], [19, 8, 20, 9], [22, 11, 1, 12], [10, 1, 11, 2], [17, 13, 18, 12]]"
11n_140_180,"[[17, 13, 18, 12], [13, 6, 14, 7], [15, 4, 16, 5], [5, 14, 6, 15], [3, 16, 4, 17], [21, 19, 22, 18], [2, 9, 3, 10], [7, 20, 8, 21], [19, 8, 20, 9], [22, 11, 1, 12], [10, 1, 11, 2]]"
11n_140_181,"[[10, 1, 11, 2], [17, 13, 18, 12], [13, 6, 14, 7], [15, 4, 16, 5], [5, 14, 6, 15], [3, 16, 4, 17], [21, 19, 22, 18], [2, 9, 3, 10], [7, 20, 8, 21], [19, 8, 20, 9], [22, 11, 1, 12]]"
11n_140_182,"[[22, 11, 1, 12], [10, 1, 11, 2], [17, 13, 18, 12], [13, 6, 14, 7], [15, 4, 16, 5], [5, 14, 6, 15], [3, 16, 4, 17], [21, 19, 22, 18], [2, 9, 3, 10], [7, 20, 8, 21], [19, 8, 20, 9]]"
11n_140_183,"[[19, 8, 20, 9], [22, 11, 1, 12], [10, 1, 11, 2], [17, 13, 18, 12], [13, 6, 14, 7], [15, 4, 16, 5], [5, 14, 6, 15], [3, 16, 4, 17], [21, 19, 22, 18], [2, 9, 3, 10], [7, 20, 8, 21]]"
11n_140_184,"[[7, 20, 8, 21], [19, 8, 20, 9], [22, 11, 1, 12], [10, 1, 11, 2], [17, 13, 18, 12], [13, 6, 14, 7], [15, 4, 16, 5], [5, 14, 6, 15], [3, 16, 4, 17], [21, 19, 22, 18], [2, 9, 3, 10]]"
11n_140_185,"[[2, 9, 3, 10], [7, 20, 8, 21], [19, 8, 20, 9], [22, 11, 1, 12], [10, 1, 11, 2], [17, 13, 18, 12], [13, 6, 14, 7], [15, 4, 16, 5], [5, 14, 6, 15], [3, 16, 4, 17], [21, 19, 22, 18]]"
11n_140_186,"[[21, 19, 22, 18], [2, 9, 3, 10], [7, 20, 8, 21], [19, 8, 20, 9], [22, 11, 1, 12], [10, 1, 11, 2], [17, 13, 18, 12], [13, 6, 14, 7], [15, 4, 16, 5], [5, 14, 6, 15], [3, 16, 4, 17]]"
11n_140_187,"[[4, 17, 5, 18], [22, 20, 1, 19], [3, 10, 4, 11], [8, 21, 9, 22], [20, 9, 21, 10], [1, 12, 2, 13], [11, 2, 12, 3], [18, 14, 19, 13], [14, 7, 15, 8], [16, 5, 17, 6], [6, 15, 7, 16]]"
11n_140_188,"[[6, 15, 7, 16], [4, 17, 5, 18], [22, 20, 1, 19], [3, 10, 4, 11], [8, 21, 9, 22], [20, 9, 21, 10], [1, 12, 2, 13], [11, 2, 12, 3], [18, 14, 19, 13], [14, 7, 15, 8], [16, 5, 17, 6]]"
11n_140_189,"[[16, 5, 17, 6], [6, 15, 7, 16], [4, 17, 5, 18], [22, 20, 1, 19], [3, 10, 4, 11], [8, 21, 9, 22], [20, 9, 21, 10], [1, 12, 2, 13], [11, 2, 12, 3], [18, 14, 19, 13], [14, 7, 15, 8]]"
11n_140_190,"[[14, 7, 15, 8], [16, 5, 17, 6], [6, 15, 7, 16], [4, 17, 5, 18], [22, 20, 1, 19], [3, 10, 4, 11], [8, 21, 9, 22], [20, 9, 21, 10], [1, 12, 2, 13], [11, 2, 12, 3], [18, 14, 19, 13]]"
11n_140_191,"[[18, 14, 19, 13], [14, 7, 15, 8], [16, 5, 17, 6], [6, 15, 7, 16], [4, 17, 5, 18], [22, 20, 1, 19], [3, 10, 4, 11], [8, 21, 9, 22], [20, 9, 21, 10], [1, 12, 2, 13], [11, 2, 12, 3]]"
11n_140_192,"[[11, 2, 12, 3], [18, 14, 19, 13], [14, 7, 15, 8], [16, 5, 17, 6], [6, 15, 7, 16], [4, 17, 5, 18], [22, 20, 1, 19], [3, 10, 4, 11], [8, 21, 9, 22], [20, 9, 21, 10], [1, 12, 2, 13]]"
11n_140_193,"[[1, 12, 2, 13], [11, 2, 12, 3], [18, 14, 19, 13], [14, 7, 15, 8], [16, 5, 17, 6], [6, 15, 7, 16], [4, 17, 5, 18], [22, 20, 1, 19], [3, 10, 4, 11], [8, 21, 9, 22], [20, 9, 21, 10]]"
11n_140_194,"[[20, 9, 21, 10], [1, 12, 2, 13], [11, 2, 12, 3], [18, 14, 19, 13], [14, 7, 15, 8], [16, 5, 17, 6], [6, 15, 7, 16], [4, 17, 5, 18], [22, 20, 1, 19], [3, 10, 4, 11], [8, 21, 9, 22]]"
11n_140_195,"[[8, 21, 9, 22], [20, 9, 21, 10], [1, 12, 2, 13], [11, 2, 12, 3], [18, 14, 19, 13], [14, 7, 15, 8], [16, 5, 17, 6], [6, 15, 7, 16], [4, 17, 5, 18], [22, 20, 1, 19], [3, 10, 4, 11]]"
11n_140_196,"[[3, 10, 4, 11], [8, 21, 9, 22], [20, 9, 21, 10], [1, 12, 2, 13], [11, 2, 12, 3], [18, 14, 19, 13], [14, 7, 15, 8], [16, 5, 17, 6], [6, 15, 7, 16], [4, 17, 5, 18], [22, 20, 1, 19]]"
11n_140_197,"[[22, 20, 1, 19], [3, 10, 4, 11], [8, 21, 9, 22], [20, 9, 21, 10], [1, 12, 2, 13], [11, 2, 12, 3], [18, 14, 19, 13], [14, 7, 15, 8], [16, 5, 17, 6], [6, 15, 7, 16], [4, 17, 5, 18]]"
11n_140_198,"[[5, 18, 6, 19], [1, 21, 2, 20], [4, 11, 5, 12], [9, 22, 10, 1], [21, 10, 22, 11], [2, 13, 3, 14], [12, 3, 13, 4], [19, 15, 20, 14], [15, 8, 16, 9], [17, 6, 18, 7], [7, 16, 8, 17]]"
11n_140_199,"[[7, 16, 8, 17], [5, 18, 6, 19], [1, 21, 2, 20], [4, 11, 5, 12], [9, 22, 10, 1], [21, 10, 22, 11], [2, 13, 3, 14], [12, 3, 13, 4], [19, 15, 20, 14], [15, 8, 16, 9], [17, 6, 18, 7]]"
11n_140_200,"[[17, 6, 18, 7], [7, 16, 8, 17], [5, 18, 6, 19], [1, 21, 2, 20], [4, 11, 5, 12], [9, 22, 10, 1], [21, 10, 22, 11], [2, 13, 3, 14], [12, 3, 13, 4], [19, 15, 20, 14], [15, 8, 16, 9]]"
11n_140_201,"[[15, 8, 16, 9], [17, 6, 18, 7], [7, 16, 8, 17], [5, 18, 6, 19], [1, 21, 2, 20], [4, 11, 5, 12], [9, 22, 10, 1], [21, 10, 22, 11], [2, 13, 3, 14], [12, 3, 13, 4], [19, 15, 20, 14]]"
11n_140_202,"[[19, 15, 20, 14], [15, 8, 16, 9], [17, 6, 18, 7], [7, 16, 8, 17], [5, 18, 6, 19], [1, 21, 2, 20], [4, 11, 5, 12], [9, 22, 10, 1], [21, 10, 22, 11], [2, 13, 3, 14], [12, 3, 13, 4]]"
11n_140_203,"[[12, 3, 13, 4], [19, 15, 20, 14], [15, 8, 16, 9], [17, 6, 18, 7], [7, 16, 8, 17], [5, 18, 6, 19], [1, 21, 2, 20], [4, 11, 5, 12], [9, 22, 10, 1], [21, 10, 22, 11], [2, 13, 3, 14]]"
