name,pd_notation
11n_130_0,"[[22, 10, 1, 9], [5, 3, 6, 2], [16, 1, 17, 2], [11, 4, 12, 5], [3, 12, 4, 13], [10, 18, 11, 17], [18, 14, 19, 13], [8, 15, 9, 16], [6, 19, 7, 20], [20, 7, 21, 8], [14, 22, 15, 21]]"
11n_130_1,"[[14, 22, 15, 21], [22, 10, 1, 9], [5, 3, 6, 2], [16, 1, 17, 2], [11, 4, 12, 5], [3, 12, 4, 13], [10, 18, 11, 17], [18, 14, 19, 13], [8, 15, 9, 16], [6, 19, 7, 20], [20, 7, 21, 8]]"
11n_130_2,"[[20, 7, 21, 8], [14, 22, 15, 21], [22, 10, 1, 9], [5, 3, 6, 2], [16, 1, 17, 2], [11, 4, 12, 5], [3, 12, 4, 13], [10, 18, 11, 17], [18, 14, 19, 13], [8, 15, 9, 16], [6, 19, 7, 20]]"
11n_130_3,"[[6, 19, 7, 20], [20, 7, 21, 8], [14, 22, 15, 21], [22, 10, 1, 9], [5, 3, 6, 2], [16, 1, 17, 2], [11, 4, 12, 5], [3, 12, 4, 13], [10, 18, 11, 17], [18, 14, 19, 13], [8, 15, 9, 16]]"
11n_130_4,"[[8, 15, 9, 16], [6, 19, 7, 20], [20, 7, 21, 8], [14, 22, 15, 21], [22, 10, 1, 9], [5, 3, 6, 2], [16, 1, 17, 2], [11, 4, 12, 5], [3, 12, 4, 13], [10, 18, 11, 17], [18, 14, 19, 13]]"
11n_130_5,"[[18, 14, 19, 13], [8, 15, 9, 16], [6, 19, 7, 20], [20, 7, 21, 8], [14, 22, 15, 21], [22, 10, 1, 9], [5, 3, 6, 2], [16, 1, 17, 2], [11, 4, 12, 5], [3, 12, 4, 13], [10, 18, 11, 17]]"
11n_130_6,"[[10, 18, 11, 17], [18, 14, 19, 13], [8, 15, 9, 16], [6, 19, 7, 20], [20, 7, 21, 8], [14, 22, 15, 21], [22, 10, 1, 9], [5, 3, 6, 2], [16, 1, 17, 2], [11, 4, 12, 5], [3, 12, 4, 13]]"
11n_130_7,"[[3, 12, 4, 13], [10, 18, 11, 17], [18, 14, 19, 13], [8, 15, 9, 16], [6, 19, 7, 20], [20, 7, 21, 8], [14, 22, 15, 21], [22, 10, 1, 9], [5, 3, 6, 2], [16, 1, 17, 2], [11, 4, 12, 5]]"
11n_130_8,"[[11, 4, 12, 5], [3, 12, 4, 13], [10, 18, 11, 17], [18, 14, 19, 13], [8, 15, 9, 16], [6, 19, 7, 20], [20, 7, 21, 8], [14, 22, 15, 21], [22, 10, 1, 9], [5, 3, 6, 2], [16, 1, 17, 2]]"
11n_130_9,"[[16, 1, 17, 2], [11, 4, 12, 5], [3, 12, 4, 13], [10, 18, 11, 17], [18, 14, 19, 13], [8, 15, 9, 16], [6, 19, 7, 20], [20, 7, 21, 8], [14, 22, 15, 21], [22, 10, 1, 9], [5, 3, 6, 2]]"
11n_130_10,"[[5, 3, 6, 2], [16, 1, 17, 2], [11, 4, 12, 5], [3, 12, 4, 13], [10, 18, 11, 17], [18, 14, 19, 13], [8, 15, 9, 16], [6, 19, 7, 20], [20, 7, 21, 8], [14, 22, 15, 21], [22, 10, 1, 9]]"
11n_130_11,"[[1, 11, 2, 10], [6, 4, 7, 3], [17, 2, 18, 3], [12, 5, 13, 6], [4, 13, 5, 14], [11, 19, 12, 18], [19, 15, 20, 14], [9, 16, 10, 17], [7, 20, 8, 21], [21, 8, 22, 9], [15, 1, 16, 22]]"
11n_130_12,"[[15, 1, 16, 22], [1, 11, 2, 10], [6, 4, 7, 3], [17, 2, 18, 3], [12, 5, 13, 6], [4, 13, 5, 14], [11, 19, 12, 18], [19, 15, 20, 14], [9, 16, 10, 17], [7, 20, 8, 21], [21, 8, 22, 9]]"
11n_130_13,"[[21, 8, 22, 9], [15, 1, 16, 22], [1, 11, 2, 10], [6, 4, 7, 3], [17, 2, 18, 3], [12, 5, 13, 6], [4, 13, 5, 14], [11, 19, 12, 18], [19, 15, 20, 14], [9, 16, 10, 17], [7, 20, 8, 21]]"
11n_130_14,"[[7, 20, 8, 21], [21, 8, 22, 9], [15, 1, 16, 22], [1, 11, 2, 10], [6, 4, 7, 3], [17, 2, 18, 3], [12, 5, 13, 6], [4, 13, 5, 14], [11, 19, 12, 18], [19, 15, 20, 14], [9, 16, 10, 17]]"
11n_130_15,"[[9, 16, 10, 17], [7, 20, 8, 21], [21, 8, 22, 9], [15, 1, 16, 22], [1, 11, 2, 10], [6, 4, 7, 3], [17, 2, 18, 3], [12, 5, 13, 6], [4, 13, 5, 14], [11, 19, 12, 18], [19, 15, 20, 14]]"
11n_130_16,"[[19, 15, 20, 14], [9, 16, 10, 17], [7, 20, 8, 21], [21, 8, 22, 9], [15, 1, 16, 22], [1, 11, 2, 10], [6, 4, 7, 3], [17, 2, 18, 3], [12, 5, 13, 6], [4, 13, 5, 14], [11, 19, 12, 18]]"
11n_130_17,"[[11, 19, 12, 18], [19, 15, 20, 14], [9, 16, 10, 17], [7, 20, 8, 21], [21, 8, 22, 9], [15, 1, 16, 22], [1, 11, 2, 10], [6, 4, 7, 3], [17, 2, 18, 3], [12, 5, 13, 6], [4, 13, 5, 14]]"
11n_130_18,"[[4, 13, 5, 14], [11, 19, 12, 18], [19, 15, 20, 14], [9, 16, 10, 17], [7, 20, 8, 21], [21, 8, 22, 9], [15, 1, 16, 22], [1, 11, 2, 10], [6, 4, 7, 3], [17, 2, 18, 3], [12, 5, 13, 6]]"
11n_130_19,"[[12, 5, 13, 6], [4, 13, 5, 14], [11, 19, 12, 18], [19, 15, 20, 14], [9, 16, 10, 17], [7, 20, 8, 21], [21, 8, 22, 9], [15, 1, 16, 22], [1, 11, 2, 10], [6, 4, 7, 3], [17, 2, 18, 3]]"
11n_130_20,"[[17, 2, 18, 3], [12, 5, 13, 6], [4, 13, 5, 14], [11, 19, 12, 18], [19, 15, 20, 14], [9, 16, 10, 17], [7, 20, 8, 21], [21, 8, 22, 9], [15, 1, 16, 22], [1, 11, 2, 10], [6, 4, 7, 3]]"
11n_130_21,"[[6, 4, 7, 3], [17, 2, 18, 3], [12, 5, 13, 6], [4, 13, 5, 14], [11, 19, 12, 18], [19, 15, 20, 14], [9, 16, 10, 17], [7, 20, 8, 21], [21, 8, 22, 9], [15, 1, 16, 22], [1, 11, 2, 10]]"
11n_130_22,"[[2, 12, 3, 11], [7, 5, 8, 4], [18, 3, 19, 4], [13, 6, 14, 7], [5, 14, 6, 15], [12, 20, 13, 19], [20, 16, 21, 15], [10, 17, 11, 18], [8, 21, 9, 22], [22, 9, 1, 10], [16, 2, 17, 1]]"
11n_130_23,"[[16, 2, 17, 1], [2, 12, 3, 11], [7, 5, 8, 4], [18, 3, 19, 4], [13, 6, 14, 7], [5, 14, 6, 15], [12, 20, 13, 19], [20, 16, 21, 15], [10, 17, 11, 18], [8, 21, 9, 22], [22, 9, 1, 10]]"
11n_130_24,"[[22, 9, 1, 10], [16, 2, 17, 1], [2, 12, 3, 11], [7, 5, 8, 4], [18, 3, 19, 4], [13, 6, 14, 7], [5, 14, 6, 15], [12, 20, 13, 19], [20, 16, 21, 15], [10, 17, 11, 18], [8, 21, 9, 22]]"
11n_130_25,"[[8, 21, 9, 22], [22, 9, 1, 10], [16, 2, 17, 1], [2, 12, 3, 11], [7, 5, 8, 4], [18, 3, 19, 4], [13, 6, 14, 7], [5, 14, 6, 15], [12, 20, 13, 19], [20, 16, 21, 15], [10, 17, 11, 18]]"
11n_130_26,"[[10, 17, 11, 18], [8, 21, 9, 22], [22, 9, 1, 10], [16, 2, 17, 1], [2, 12, 3, 11], [7, 5, 8, 4], [18, 3, 19, 4], [13, 6, 14, 7], [5, 14, 6, 15], [12, 20, 13, 19], [20, 16, 21, 15]]"
11n_130_27,"[[20, 16, 21, 15], [10, 17, 11, 18], [8, 21, 9, 22], [22, 9, 1, 10], [16, 2, 17, 1], [2, 12, 3, 11], [7, 5, 8, 4], [18, 3, 19, 4], [13, 6, 14, 7], [5, 14, 6, 15], [12, 20, 13, 19]]"
11n_130_28,"[[12, 20, 13, 19], [20, 16, 21, 15], [10, 17, 11, 18], [8, 21, 9, 22], [22, 9, 1, 10], [16, 2, 17, 1], [2, 12, 3, 11], [7, 5, 8, 4], [18, 3, 19, 4], [13, 6, 14, 7], [5, 14, 6, 15]]"
11n_130_29,"[[5, 14, 6, 15], [12, 20, 13, 19], [20, 16, 21, 15], [10, 17, 11, 18], [8, 21, 9, 22], [22, 9, 1, 10], [16, 2, 17, 1], [2, 12, 3, 11], [7, 5, 8, 4], [18, 3, 19, 4], [13, 6, 14, 7]]"
11n_130_30,"[[13, 6, 14, 7], [5, 14, 6, 15], [12, 20, 13, 19], [20, 16, 21, 15], [10, 17, 11, 18], [8, 21, 9, 22], [22, 9, 1, 10], [16, 2, 17, 1], [2, 12, 3, 11], [7, 5, 8, 4], [18, 3, 19, 4]]"
11n_130_31,"[[18, 3, 19, 4], [13, 6, 14, 7], [5, 14, 6, 15], [12, 20, 13, 19], [20, 16, 21, 15], [10, 17, 11, 18], [8, 21, 9, 22], [22, 9, 1, 10], [16, 2, 17, 1], [2, 12, 3, 11], [7, 5, 8, 4]]"
11n_130_32,"[[7, 5, 8, 4], [18, 3, 19, 4], [13, 6, 14, 7], [5, 14, 6, 15], [12, 20, 13, 19], [20, 16, 21, 15], [10, 17, 11, 18], [8, 21, 9, 22], [22, 9, 1, 10], [16, 2, 17, 1], [2, 12, 3, 11]]"
11n_130_33,"[[3, 13, 4, 12], [8, 6, 9, 5], [19, 4, 20, 5], [14, 7, 15, 8], [6, 15, 7, 16], [13, 21, 14, 20], [21, 17, 22, 16], [11, 18, 12, 19], [9, 22, 10, 1], [1, 10, 2, 11], [17, 3, 18, 2]]"
11n_130_34,"[[17, 3, 18, 2], [3, 13, 4, 12], [8, 6, 9, 5], [19, 4, 20, 5], [14, 7, 15, 8], [6, 15, 7, 16], [13, 21, 14, 20], [21, 17, 22, 16], [11, 18, 12, 19], [9, 22, 10, 1], [1, 10, 2, 11]]"
11n_130_35,"[[1, 10, 2, 11], [17, 3, 18, 2], [3, 13, 4, 12], [8, 6, 9, 5], [19, 4, 20, 5], [14, 7, 15, 8], [6, 15, 7, 16], [13, 21, 14, 20], [21, 17, 22, 16], [11, 18, 12, 19], [9, 22, 10, 1]]"
11n_130_36,"[[9, 22, 10, 1], [1, 10, 2, 11], [17, 3, 18, 2], [3, 13, 4, 12], [8, 6, 9, 5], [19, 4, 20, 5], [14, 7, 15, 8], [6, 15, 7, 16], [13, 21, 14, 20], [21, 17, 22, 16], [11, 18, 12, 19]]"
11n_130_37,"[[11, 18, 12, 19], [9, 22, 10, 1], [1, 10, 2, 11], [17, 3, 18, 2], [3, 13, 4, 12], [8, 6, 9, 5], [19, 4, 20, 5], [14, 7, 15, 8], [6, 15, 7, 16], [13, 21, 14, 20], [21, 17, 22, 16]]"
11n_130_38,"[[21, 17, 22, 16], [11, 18, 12, 19], [9, 22, 10, 1], [1, 10, 2, 11], [17, 3, 18, 2], [3, 13, 4, 12], [8, 6, 9, 5], [19, 4, 20, 5], [14, 7, 15, 8], [6, 15, 7, 16], [13, 21, 14, 20]]"
11n_130_39,"[[13, 21, 14, 20], [21, 17, 22, 16], [11, 18, 12, 19], [9, 22, 10, 1], [1, 10, 2, 11], [17, 3, 18, 2], [3, 13, 4, 12], [8, 6, 9, 5], [19, 4, 20, 5], [14, 7, 15, 8], [6, 15, 7, 16]]"
11n_130_40,"[[6, 15, 7, 16], [13, 21, 14, 20], [21, 17, 22, 16], [11, 18, 12, 19], [9, 22, 10, 1], [1, 10, 2, 11], [17, 3, 18, 2], [3, 13, 4, 12], [8, 6, 9, 5], [19, 4, 20, 5], [14, 7, 15, 8]]"
11n_130_41,"[[14, 7, 15, 8], [6, 15, 7, 16], [13, 21, 14, 20], [21, 17, 22, 16], [11, 18, 12, 19], [9, 22, 10, 1], [1, 10, 2, 11], [17, 3, 18, 2], [3, 13, 4, 12], [8, 6, 9, 5], [19, 4, 20, 5]]"
11n_130_42,"[[19, 4, 20, 5], [14, 7, 15, 8], [6, 15, 7, 16], [13, 21, 14, 20], [21, 17, 22, 16], [11, 18, 12, 19], [9, 22, 10, 1], [1, 10, 2, 11], [17, 3, 18, 2], [3, 13, 4, 12], [8, 6, 9, 5]]"
11n_130_43,"[[8, 6, 9, 5], [19, 4, 20, 5], [14, 7, 15, 8], [6, 15, 7, 16], [13, 21, 14, 20], [21, 17, 22, 16], [11, 18, 12, 19], [9, 22, 10, 1], [1, 10, 2, 11], [17, 3, 18, 2], [3, 13, 4, 12]]"
11n_130_44,"[[4, 14, 5, 13], [9, 7, 10, 6], [20, 5, 21, 6], [15, 8, 16, 9], [7, 16, 8, 17], [14, 22, 15, 21], [22, 18, 1, 17], [12, 19, 13, 20], [10, 1, 11, 2], [2, 11, 3, 12], [18, 4, 19, 3]]"
11n_130_45,"[[18, 4, 19, 3], [4, 14, 5, 13], [9, 7, 10, 6], [20, 5, 21, 6], [15, 8, 16, 9], [7, 16, 8, 17], [14, 22, 15, 21], [22, 18, 1, 17], [12, 19, 13, 20], [10, 1, 11, 2], [2, 11, 3, 12]]"
11n_130_46,"[[2, 11, 3, 12], [18, 4, 19, 3], [4, 14, 5, 13], [9, 7, 10, 6], [20, 5, 21, 6], [15, 8, 16, 9], [7, 16, 8, 17], [14, 22, 15, 21], [22, 18, 1, 17], [12, 19, 13, 20], [10, 1, 11, 2]]"
11n_130_47,"[[10, 1, 11, 2], [2, 11, 3, 12], [18, 4, 19, 3], [4, 14, 5, 13], [9, 7, 10, 6], [20, 5, 21, 6], [15, 8, 16, 9], [7, 16, 8, 17], [14, 22, 15, 21], [22, 18, 1, 17], [12, 19, 13, 20]]"
11n_130_48,"[[12, 19, 13, 20], [10, 1, 11, 2], [2, 11, 3, 12], [18, 4, 19, 3], [4, 14, 5, 13], [9, 7, 10, 6], [20, 5, 21, 6], [15, 8, 16, 9], [7, 16, 8, 17], [14, 22, 15, 21], [22, 18, 1, 17]]"
11n_130_49,"[[22, 18, 1, 17], [12, 19, 13, 20], [10, 1, 11, 2], [2, 11, 3, 12], [18, 4, 19, 3], [4, 14, 5, 13], [9, 7, 10, 6], [20, 5, 21, 6], [15, 8, 16, 9], [7, 16, 8, 17], [14, 22, 15, 21]]"
11n_130_50,"[[14, 22, 15, 21], [22, 18, 1, 17], [12, 19, 13, 20], [10, 1, 11, 2], [2, 11, 3, 12], [18, 4, 19, 3], [4, 14, 5, 13], [9, 7, 10, 6], [20, 5, 21, 6], [15, 8, 16, 9], [7, 16, 8, 17]]"
11n_130_51,"[[7, 16, 8, 17], [14, 22, 15, 21], [22, 18, 1, 17], [12, 19, 13, 20], [10, 1, 11, 2], [2, 11, 3, 12], [18, 4, 19, 3], [4, 14, 5, 13], [9, 7, 10, 6], [20, 5, 21, 6], [15, 8, 16, 9]]"
11n_130_52,"[[15, 8, 16, 9], [7, 16, 8, 17], [14, 22, 15, 21], [22, 18, 1, 17], [12, 19, 13, 20], [10, 1, 11, 2], [2, 11, 3, 12], [18, 4, 19, 3], [4, 14, 5, 13], [9, 7, 10, 6], [20, 5, 21, 6]]"
11n_130_53,"[[20, 5, 21, 6], [15, 8, 16, 9], [7, 16, 8, 17], [14, 22, 15, 21], [22, 18, 1, 17], [12, 19, 13, 20], [10, 1, 11, 2], [2, 11, 3, 12], [18, 4, 19, 3], [4, 14, 5, 13], [9, 7, 10, 6]]"
11n_130_54,"[[9, 7, 10, 6], [20, 5, 21, 6], [15, 8, 16, 9], [7, 16, 8, 17], [14, 22, 15, 21], [22, 18, 1, 17], [12, 19, 13, 20], [10, 1, 11, 2], [2, 11, 3, 12], [18, 4, 19, 3], [4, 14, 5, 13]]"
11n_130_55,"[[5, 15, 6, 14], [10, 8, 11, 7], [21, 6, 22, 7], [16, 9, 17, 10], [8, 17, 9, 18], [15, 1, 16, 22], [1, 19, 2, 18], [13, 20, 14, 21], [11, 2, 12, 3], [3, 12, 4, 13], [19, 5, 20, 4]]"
11n_130_56,"[[19, 5, 20, 4], [5, 15, 6, 14], [10, 8, 11, 7], [21, 6, 22, 7], [16, 9, 17, 10], [8, 17, 9, 18], [15, 1, 16, 22], [1, 19, 2, 18], [13, 20, 14, 21], [11, 2, 12, 3], [3, 12, 4, 13]]"
11n_130_57,"[[3, 12, 4, 13], [19, 5, 20, 4], [5, 15, 6, 14], [10, 8, 11, 7], [21, 6, 22, 7], [16, 9, 17, 10], [8, 17, 9, 18], [15, 1, 16, 22], [1, 19, 2, 18], [13, 20, 14, 21], [11, 2, 12, 3]]"
11n_130_58,"[[11, 2, 12, 3], [3, 12, 4, 13], [19, 5, 20, 4], [5, 15, 6, 14], [10, 8, 11, 7], [21, 6, 22, 7], [16, 9, 17, 10], [8, 17, 9, 18], [15, 1, 16, 22], [1, 19, 2, 18], [13, 20, 14, 21]]"
11n_130_59,"[[13, 20, 14, 21], [11, 2, 12, 3], [3, 12, 4, 13], [19, 5, 20, 4], [5, 15, 6, 14], [10, 8, 11, 7], [21, 6, 22, 7], [16, 9, 17, 10], [8, 17, 9, 18], [15, 1, 16, 22], [1, 19, 2, 18]]"
11n_130_60,"[[1, 19, 2, 18], [13, 20, 14, 21], [11, 2, 12, 3], [3, 12, 4, 13], [19, 5, 20, 4], [5, 15, 6, 14], [10, 8, 11, 7], [21, 6, 22, 7], [16, 9, 17, 10], [8, 17, 9, 18], [15, 1, 16, 22]]"
11n_130_61,"[[15, 1, 16, 22], [1, 19, 2, 18], [13, 20, 14, 21], [11, 2, 12, 3], [3, 12, 4, 13], [19, 5, 20, 4], [5, 15, 6, 14], [10, 8, 11, 7], [21, 6, 22, 7], [16, 9, 17, 10], [8, 17, 9, 18]]"
11n_130_62,"[[8, 17, 9, 18], [15, 1, 16, 22], [1, 19, 2, 18], [13, 20, 14, 21], [11, 2, 12, 3], [3, 12, 4, 13], [19, 5, 20, 4], [5, 15, 6, 14], [10, 8, 11, 7], [21, 6, 22, 7], [16, 9, 17, 10]]"
11n_130_63,"[[16, 9, 17, 10], [8, 17, 9, 18], [15, 1, 16, 22], [1, 19, 2, 18], [13, 20, 14, 21], [11, 2, 12, 3], [3, 12, 4, 13], [19, 5, 20, 4], [5, 15, 6, 14], [10, 8, 11, 7], [21, 6, 22, 7]]"
11n_130_64,"[[21, 6, 22, 7], [16, 9, 17, 10], [8, 17, 9, 18], [15, 1, 16, 22], [1, 19, 2, 18], [13, 20, 14, 21], [11, 2, 12, 3], [3, 12, 4, 13], [19, 5, 20, 4], [5, 15, 6, 14], [10, 8, 11, 7]]"
11n_130_65,"[[10, 8, 11, 7], [21, 6, 22, 7], [16, 9, 17, 10], [8, 17, 9, 18], [15, 1, 16, 22], [1, 19, 2, 18], [13, 20, 14, 21], [11, 2, 12, 3], [3, 12, 4, 13], [19, 5, 20, 4], [5, 15, 6, 14]]"
11n_130_66,"[[6, 16, 7, 15], [11, 9, 12, 8], [22, 7, 1, 8], [17, 10, 18, 11], [9, 18, 10, 19], [16, 2, 17, 1], [2, 20, 3, 19], [14, 21, 15, 22], [12, 3, 13, 4], [4, 13, 5, 14], [20, 6, 21, 5]]"
11n_130_67,"[[20, 6, 21, 5], [6, 16, 7, 15], [11, 9, 12, 8], [22, 7, 1, 8], [17, 10, 18, 11], [9, 18, 10, 19], [16, 2, 17, 1], [2, 20, 3, 19], [14, 21, 15, 22], [12, 3, 13, 4], [4, 13, 5, 14]]"
11n_130_68,"[[4, 13, 5, 14], [20, 6, 21, 5], [6, 16, 7, 15], [11, 9, 12, 8], [22, 7, 1, 8], [17, 10, 18, 11], [9, 18, 10, 19], [16, 2, 17, 1], [2, 20, 3, 19], [14, 21, 15, 22], [12, 3, 13, 4]]"
11n_130_69,"[[12, 3, 13, 4], [4, 13, 5, 14], [20, 6, 21, 5], [6, 16, 7, 15], [11, 9, 12, 8], [22, 7, 1, 8], [17, 10, 18, 11], [9, 18, 10, 19], [16, 2, 17, 1], [2, 20, 3, 19], [14, 21, 15, 22]]"
11n_130_70,"[[14, 21, 15, 22], [12, 3, 13, 4], [4, 13, 5, 14], [20, 6, 21, 5], [6, 16, 7, 15], [11, 9, 12, 8], [22, 7, 1, 8], [17, 10, 18, 11], [9, 18, 10, 19], [16, 2, 17, 1], [2, 20, 3, 19]]"
11n_130_71,"[[2, 20, 3, 19], [14, 21, 15, 22], [12, 3, 13, 4], [4, 13, 5, 14], [20, 6, 21, 5], [6, 16, 7, 15], [11, 9, 12, 8], [22, 7, 1, 8], [17, 10, 18, 11], [9, 18, 10, 19], [16, 2, 17, 1]]"
11n_130_72,"[[16, 2, 17, 1], [2, 20, 3, 19], [14, 21, 15, 22], [12, 3, 13, 4], [4, 13, 5, 14], [20, 6, 21, 5], [6, 16, 7, 15], [11, 9, 12, 8], [22, 7, 1, 8], [17, 10, 18, 11], [9, 18, 10, 19]]"
11n_130_73,"[[9, 18, 10, 19], [16, 2, 17, 1], [2, 20, 3, 19], [14, 21, 15, 22], [12, 3, 13, 4], [4, 13, 5, 14], [20, 6, 21, 5], [6, 16, 7, 15], [11, 9, 12, 8], [22, 7, 1, 8], [17, 10, 18, 11]]"
11n_130_74,"[[17, 10, 18, 11], [9, 18, 10, 19], [16, 2, 17, 1], [2, 20, 3, 19], [14, 21, 15, 22], [12, 3, 13, 4], [4, 13, 5, 14], [20, 6, 21, 5], [6, 16, 7, 15], [11, 9, 12, 8], [22, 7, 1, 8]]"
11n_130_75,"[[22, 7, 1, 8], [17, 10, 18, 11], [9, 18, 10, 19], [16, 2, 17, 1], [2, 20, 3, 19], [14, 21, 15, 22], [12, 3, 13, 4], [4, 13, 5, 14], [20, 6, 21, 5], [6, 16, 7, 15], [11, 9, 12, 8]]"
11n_130_76,"[[11, 9, 12, 8], [22, 7, 1, 8], [17, 10, 18, 11], [9, 18, 10, 19], [16, 2, 17, 1], [2, 20, 3, 19], [14, 21, 15, 22], [12, 3, 13, 4], [4, 13, 5, 14], [20, 6, 21, 5], [6, 16, 7, 15]]"
11n_130_77,"[[7, 17, 8, 16], [12, 10, 13, 9], [1, 8, 2, 9], [18, 11, 19, 12], [10, 19, 11, 20], [17, 3, 18, 2], [3, 21, 4, 20], [15, 22, 16, 1], [13, 4, 14, 5], [5, 14, 6, 15], [21, 7, 22, 6]]"
11n_130_78,"[[21, 7, 22, 6], [7, 17, 8, 16], [12, 10, 13, 9], [1, 8, 2, 9], [18, 11, 19, 12], [10, 19, 11, 20], [17, 3, 18, 2], [3, 21, 4, 20], [15, 22, 16, 1], [13, 4, 14, 5], [5, 14, 6, 15]]"
11n_130_79,"[[5, 14, 6, 15], [21, 7, 22, 6], [7, 17, 8, 16], [12, 10, 13, 9], [1, 8, 2, 9], [18, 11, 19, 12], [10, 19, 11, 20], [17, 3, 18, 2], [3, 21, 4, 20], [15, 22, 16, 1], [13, 4, 14, 5]]"
11n_130_80,"[[13, 4, 14, 5], [5, 14, 6, 15], [21, 7, 22, 6], [7, 17, 8, 16], [12, 10, 13, 9], [1, 8, 2, 9], [18, 11, 19, 12], [10, 19, 11, 20], [17, 3, 18, 2], [3, 21, 4, 20], [15, 22, 16, 1]]"
11n_130_81,"[[15, 22, 16, 1], [13, 4, 14, 5], [5, 14, 6, 15], [21, 7, 22, 6], [7, 17, 8, 16], [12, 10, 13, 9], [1, 8, 2, 9], [18, 11, 19, 12], [10, 19, 11, 20], [17, 3, 18, 2], [3, 21, 4, 20]]"
11n_130_82,"[[3, 21, 4, 20], [15, 22, 16, 1], [13, 4, 14, 5], [5, 14, 6, 15], [21, 7, 22, 6], [7, 17, 8, 16], [12, 10, 13, 9], [1, 8, 2, 9], [18, 11, 19, 12], [10, 19, 11, 20], [17, 3, 18, 2]]"
11n_130_83,"[[17, 3, 18, 2], [3, 21, 4, 20], [15, 22, 16, 1], [13, 4, 14, 5], [5, 14, 6, 15], [21, 7, 22, 6], [7, 17, 8, 16], [12, 10, 13, 9], [1, 8, 2, 9], [18, 11, 19, 12], [10, 19, 11, 20]]"
11n_130_84,"[[10, 19, 11, 20], [17, 3, 18, 2], [3, 21, 4, 20], [15, 22, 16, 1], [13, 4, 14, 5], [5, 14, 6, 15], [21, 7, 22, 6], [7, 17, 8, 16], [12, 10, 13, 9], [1, 8, 2, 9], [18, 11, 19, 12]]"
11n_130_85,"[[18, 11, 19, 12], [10, 19, 11, 20], [17, 3, 18, 2], [3, 21, 4, 20], [15, 22, 16, 1], [13, 4, 14, 5], [5, 14, 6, 15], [21, 7, 22, 6], [7, 17, 8, 16], [12, 10, 13, 9], [1, 8, 2, 9]]"
11n_130_86,"[[1, 8, 2, 9], [18, 11, 19, 12], [10, 19, 11, 20], [17, 3, 18, 2], [3, 21, 4, 20], [15, 22, 16, 1], [13, 4, 14, 5], [5, 14, 6, 15], [21, 7, 22, 6], [7, 17, 8, 16], [12, 10, 13, 9]]"
11n_130_87,"[[12, 10, 13, 9], [1, 8, 2, 9], [18, 11, 19, 12], [10, 19, 11, 20], [17, 3, 18, 2], [3, 21, 4, 20], [15, 22, 16, 1], [13, 4, 14, 5], [5, 14, 6, 15], [21, 7, 22, 6], [7, 17, 8, 16]]"
11n_130_88,"[[8, 18, 9, 17], [13, 11, 14, 10], [2, 9, 3, 10], [19, 12, 20, 13], [11, 20, 12, 21], [18, 4, 19, 3], [4, 22, 5, 21], [16, 1, 17, 2], [14, 5, 15, 6], [6, 15, 7, 16], [22, 8, 1, 7]]"
11n_130_89,"[[22, 8, 1, 7], [8, 18, 9, 17], [13, 11, 14, 10], [2, 9, 3, 10], [19, 12, 20, 13], [11, 20, 12, 21], [18, 4, 19, 3], [4, 22, 5, 21], [16, 1, 17, 2], [14, 5, 15, 6], [6, 15, 7, 16]]"
11n_130_90,"[[6, 15, 7, 16], [22, 8, 1, 7], [8, 18, 9, 17], [13, 11, 14, 10], [2, 9, 3, 10], [19, 12, 20, 13], [11, 20, 12, 21], [18, 4, 19, 3], [4, 22, 5, 21], [16, 1, 17, 2], [14, 5, 15, 6]]"
11n_130_91,"[[14, 5, 15, 6], [6, 15, 7, 16], [22, 8, 1, 7], [8, 18, 9, 17], [13, 11, 14, 10], [2, 9, 3, 10], [19, 12, 20, 13], [11, 20, 12, 21], [18, 4, 19, 3], [4, 22, 5, 21], [16, 1, 17, 2]]"
11n_130_92,"[[16, 1, 17, 2], [14, 5, 15, 6], [6, 15, 7, 16], [22, 8, 1, 7], [8, 18, 9, 17], [13, 11, 14, 10], [2, 9, 3, 10], [19, 12, 20, 13], [11, 20, 12, 21], [18, 4, 19, 3], [4, 22, 5, 21]]"
11n_130_93,"[[4, 22, 5, 21], [16, 1, 17, 2], [14, 5, 15, 6], [6, 15, 7, 16], [22, 8, 1, 7], [8, 18, 9, 17], [13, 11, 14, 10], [2, 9, 3, 10], [19, 12, 20, 13], [11, 20, 12, 21], [18, 4, 19, 3]]"
11n_130_94,"[[18, 4, 19, 3], [4, 22, 5, 21], [16, 1, 17, 2], [14, 5, 15, 6], [6, 15, 7, 16], [22, 8, 1, 7], [8, 18, 9, 17], [13, 11, 14, 10], [2, 9, 3, 10], [19, 12, 20, 13], [11, 20, 12, 21]]"
11n_130_95,"[[11, 20, 12, 21], [18, 4, 19, 3], [4, 22, 5, 21], [16, 1, 17, 2], [14, 5, 15, 6], [6, 15, 7, 16], [22, 8, 1, 7], [8, 18, 9, 17], [13, 11, 14, 10], [2, 9, 3, 10], [19, 12, 20, 13]]"
11n_130_96,"[[19, 12, 20, 13], [11, 20, 12, 21], [18, 4, 19, 3], [4, 22, 5, 21], [16, 1, 17, 2], [14, 5, 15, 6], [6, 15, 7, 16], [22, 8, 1, 7], [8, 18, 9, 17], [13, 11, 14, 10], [2, 9, 3, 10]]"
11n_130_97,"[[2, 9, 3, 10], [19, 12, 20, 13], [11, 20, 12, 21], [18, 4, 19, 3], [4, 22, 5, 21], [16, 1, 17, 2], [14, 5, 15, 6], [6, 15, 7, 16], [22, 8, 1, 7], [8, 18, 9, 17], [13, 11, 14, 10]]"
11n_130_98,"[[13, 11, 14, 10], [2, 9, 3, 10], [19, 12, 20, 13], [11, 20, 12, 21], [18, 4, 19, 3], [4, 22, 5, 21], [16, 1, 17, 2], [14, 5, 15, 6], [6, 15, 7, 16], [22, 8, 1, 7], [8, 18, 9, 17]]"
11n_130_99,"[[9, 19, 10, 18], [14, 12, 15, 11], [3, 10, 4, 11], [20, 13, 21, 14], [12, 21, 13, 22], [19, 5, 20, 4], [5, 1, 6, 22], [17, 2, 18, 3], [15, 6, 16, 7], [7, 16, 8, 17], [1, 9, 2, 8]]"
11n_130_100,"[[1, 9, 2, 8], [9, 19, 10, 18], [14, 12, 15, 11], [3, 10, 4, 11], [20, 13, 21, 14], [12, 21, 13, 22], [19, 5, 20, 4], [5, 1, 6, 22], [17, 2, 18, 3], [15, 6, 16, 7], [7, 16, 8, 17]]"
11n_130_101,"[[7, 16, 8, 17], [1, 9, 2, 8], [9, 19, 10, 18], [14, 12, 15, 11], [3, 10, 4, 11], [20, 13, 21, 14], [12, 21, 13, 22], [19, 5, 20, 4], [5, 1, 6, 22], [17, 2, 18, 3], [15, 6, 16, 7]]"
11n_130_102,"[[15, 6, 16, 7], [7, 16, 8, 17], [1, 9, 2, 8], [9, 19, 10, 18], [14, 12, 15, 11], [3, 10, 4, 11], [20, 13, 21, 14], [12, 21, 13, 22], [19, 5, 20, 4], [5, 1, 6, 22], [17, 2, 18, 3]]"
11n_130_103,"[[17, 2, 18, 3], [15, 6, 16, 7], [7, 16, 8, 17], [1, 9, 2, 8], [9, 19, 10, 18], [14, 12, 15, 11], [3, 10, 4, 11], [20, 13, 21, 14], [12, 21, 13, 22], [19, 5, 20, 4], [5, 1, 6, 22]]"
11n_130_104,"[[5, 1, 6, 22], [17, 2, 18, 3], [15, 6, 16, 7], [7, 16, 8, 17], [1, 9, 2, 8], [9, 19, 10, 18], [14, 12, 15, 11], [3, 10, 4, 11], [20, 13, 21, 14], [12, 21, 13, 22], [19, 5, 20, 4]]"
11n_130_105,"[[19, 5, 20, 4], [5, 1, 6, 22], [17, 2, 18, 3], [15, 6, 16, 7], [7, 16, 8, 17], [1, 9, 2, 8], [9, 19, 10, 18], [14, 12, 15, 11], [3, 10, 4, 11], [20, 13, 21, 14], [12, 21, 13, 22]]"
11n_130_106,"[[12, 21, 13, 22], [19, 5, 20, 4], [5, 1, 6, 22], [17, 2, 18, 3], [15, 6, 16, 7], [7, 16, 8, 17], [1, 9, 2, 8], [9, 19, 10, 18], [14, 12, 15, 11], [3, 10, 4, 11], [20, 13, 21, 14]]"
11n_130_107,"[[20, 13, 21, 14], [12, 21, 13, 22], [19, 5, 20, 4], [5, 1, 6, 22], [17, 2, 18, 3], [15, 6, 16, 7], [7, 16, 8, 17], [1, 9, 2, 8], [9, 19, 10, 18], [14, 12, 15, 11], [3, 10, 4, 11]]"
11n_130_108,"[[3, 10, 4, 11], [20, 13, 21, 14], [12, 21, 13, 22], [19, 5, 20, 4], [5, 1, 6, 22], [17, 2, 18, 3], [15, 6, 16, 7], [7, 16, 8, 17], [1, 9, 2, 8], [9, 19, 10, 18], [14, 12, 15, 11]]"
11n_130_109,"[[14, 12, 15, 11], [3, 10, 4, 11], [20, 13, 21, 14], [12, 21, 13, 22], [19, 5, 20, 4], [5, 1, 6, 22], [17, 2, 18, 3], [15, 6, 16, 7], [7, 16, 8, 17], [1, 9, 2, 8], [9, 19, 10, 18]]"
11n_130_110,"[[10, 20, 11, 19], [15, 13, 16, 12], [4, 11, 5, 12], [21, 14, 22, 15], [13, 22, 14, 1], [20, 6, 21, 5], [6, 2, 7, 1], [18, 3, 19, 4], [16, 7, 17, 8], [8, 17, 9, 18], [2, 10, 3, 9]]"
11n_130_111,"[[2, 10, 3, 9], [10, 20, 11, 19], [15, 13, 16, 12], [4, 11, 5, 12], [21, 14, 22, 15], [13, 22, 14, 1], [20, 6, 21, 5], [6, 2, 7, 1], [18, 3, 19, 4], [16, 7, 17, 8], [8, 17, 9, 18]]"
11n_130_112,"[[8, 17, 9, 18], [2, 10, 3, 9], [10, 20, 11, 19], [15, 13, 16, 12], [4, 11, 5, 12], [21, 14, 22, 15], [13, 22, 14, 1], [20, 6, 21, 5], [6, 2, 7, 1], [18, 3, 19, 4], [16, 7, 17, 8]]"
11n_130_113,"[[16, 7, 17, 8], [8, 17, 9, 18], [2, 10, 3, 9], [10, 20, 11, 19], [15, 13, 16, 12], [4, 11, 5, 12], [21, 14, 22, 15], [13, 22, 14, 1], [20, 6, 21, 5], [6, 2, 7, 1], [18, 3, 19, 4]]"
11n_130_114,"[[18, 3, 19, 4], [16, 7, 17, 8], [8, 17, 9, 18], [2, 10, 3, 9], [10, 20, 11, 19], [15, 13, 16, 12], [4, 11, 5, 12], [21, 14, 22, 15], [13, 22, 14, 1], [20, 6, 21, 5], [6, 2, 7, 1]]"
11n_130_115,"[[6, 2, 7, 1], [18, 3, 19, 4], [16, 7, 17, 8], [8, 17, 9, 18], [2, 10, 3, 9], [10, 20, 11, 19], [15, 13, 16, 12], [4, 11, 5, 12], [21, 14, 22, 15], [13, 22, 14, 1], [20, 6, 21, 5]]"
11n_130_116,"[[20, 6, 21, 5], [6, 2, 7, 1], [18, 3, 19, 4], [16, 7, 17, 8], [8, 17, 9, 18], [2, 10, 3, 9], [10, 20, 11, 19], [15, 13, 16, 12], [4, 11, 5, 12], [21, 14, 22, 15], [13, 22, 14, 1]]"
11n_130_117,"[[13, 22, 14, 1], [20, 6, 21, 5], [6, 2, 7, 1], [18, 3, 19, 4], [16, 7, 17, 8], [8, 17, 9, 18], [2, 10, 3, 9], [10, 20, 11, 19], [15, 13, 16, 12], [4, 11, 5, 12], [21, 14, 22, 15]]"
11n_130_118,"[[21, 14, 22, 15], [13, 22, 14, 1], [20, 6, 21, 5], [6, 2, 7, 1], [18, 3, 19, 4], [16, 7, 17, 8], [8, 17, 9, 18], [2, 10, 3, 9], [10, 20, 11, 19], [15, 13, 16, 12], [4, 11, 5, 12]]"
11n_130_119,"[[4, 11, 5, 12], [21, 14, 22, 15], [13, 22, 14, 1], [20, 6, 21, 5], [6, 2, 7, 1], [18, 3, 19, 4], [16, 7, 17, 8], [8, 17, 9, 18], [2, 10, 3, 9], [10, 20, 11, 19], [15, 13, 16, 12]]"
11n_130_120,"[[15, 13, 16, 12], [4, 11, 5, 12], [21, 14, 22, 15], [13, 22, 14, 1], [20, 6, 21, 5], [6, 2, 7, 1], [18, 3, 19, 4], [16, 7, 17, 8], [8, 17, 9, 18], [2, 10, 3, 9], [10, 20, 11, 19]]"
11n_130_121,"[[11, 21, 12, 20], [16, 14, 17, 13], [5, 12, 6, 13], [22, 15, 1, 16], [14, 1, 15, 2], [21, 7, 22, 6], [7, 3, 8, 2], [19, 4, 20, 5], [17, 8, 18, 9], [9, 18, 10, 19], [3, 11, 4, 10]]"
11n_130_122,"[[3, 11, 4, 10], [11, 21, 12, 20], [16, 14, 17, 13], [5, 12, 6, 13], [22, 15, 1, 16], [14, 1, 15, 2], [21, 7, 22, 6], [7, 3, 8, 2], [19, 4, 20, 5], [17, 8, 18, 9], [9, 18, 10, 19]]"
11n_130_123,"[[9, 18, 10, 19], [3, 11, 4, 10], [11, 21, 12, 20], [16, 14, 17, 13], [5, 12, 6, 13], [22, 15, 1, 16], [14, 1, 15, 2], [21, 7, 22, 6], [7, 3, 8, 2], [19, 4, 20, 5], [17, 8, 18, 9]]"
11n_130_124,"[[17, 8, 18, 9], [9, 18, 10, 19], [3, 11, 4, 10], [11, 21, 12, 20], [16, 14, 17, 13], [5, 12, 6, 13], [22, 15, 1, 16], [14, 1, 15, 2], [21, 7, 22, 6], [7, 3, 8, 2], [19, 4, 20, 5]]"
11n_130_125,"[[19, 4, 20, 5], [17, 8, 18, 9], [9, 18, 10, 19], [3, 11, 4, 10], [11, 21, 12, 20], [16, 14, 17, 13], [5, 12, 6, 13], [22, 15, 1, 16], [14, 1, 15, 2], [21, 7, 22, 6], [7, 3, 8, 2]]"
11n_130_126,"[[7, 3, 8, 2], [19, 4, 20, 5], [17, 8, 18, 9], [9, 18, 10, 19], [3, 11, 4, 10], [11, 21, 12, 20], [16, 14, 17, 13], [5, 12, 6, 13], [22, 15, 1, 16], [14, 1, 15, 2], [21, 7, 22, 6]]"
11n_130_127,"[[21, 7, 22, 6], [7, 3, 8, 2], [19, 4, 20, 5], [17, 8, 18, 9], [9, 18, 10, 19], [3, 11, 4, 10], [11, 21, 12, 20], [16, 14, 17, 13], [5, 12, 6, 13], [22, 15, 1, 16], [14, 1, 15, 2]]"
11n_130_128,"[[14, 1, 15, 2], [21, 7, 22, 6], [7, 3, 8, 2], [19, 4, 20, 5], [17, 8, 18, 9], [9, 18, 10, 19], [3, 11, 4, 10], [11, 21, 12, 20], [16, 14, 17, 13], [5, 12, 6, 13], [22, 15, 1, 16]]"
11n_130_129,"[[22, 15, 1, 16], [14, 1, 15, 2], [21, 7, 22, 6], [7, 3, 8, 2], [19, 4, 20, 5], [17, 8, 18, 9], [9, 18, 10, 19], [3, 11, 4, 10], [11, 21, 12, 20], [16, 14, 17, 13], [5, 12, 6, 13]]"
11n_130_130,"[[5, 12, 6, 13], [22, 15, 1, 16], [14, 1, 15, 2], [21, 7, 22, 6], [7, 3, 8, 2], [19, 4, 20, 5], [17, 8, 18, 9], [9, 18, 10, 19], [3, 11, 4, 10], [11, 21, 12, 20], [16, 14, 17, 13]]"
11n_130_131,"[[16, 14, 17, 13], [5, 12, 6, 13], [22, 15, 1, 16], [14, 1, 15, 2], [21, 7, 22, 6], [7, 3, 8, 2], [19, 4, 20, 5], [17, 8, 18, 9], [9, 18, 10, 19], [3, 11, 4, 10], [11, 21, 12, 20]]"
11n_130_132,"[[12, 22, 13, 21], [17, 15, 18, 14], [6, 13, 7, 14], [1, 16, 2, 17], [15, 2, 16, 3], [22, 8, 1, 7], [8, 4, 9, 3], [20, 5, 21, 6], [18, 9, 19, 10], [10, 19, 11, 20], [4, 12, 5, 11]]"
11n_130_133,"[[4, 12, 5, 11], [12, 22, 13, 21], [17, 15, 18, 14], [6, 13, 7, 14], [1, 16, 2, 17], [15, 2, 16, 3], [22, 8, 1, 7], [8, 4, 9, 3], [20, 5, 21, 6], [18, 9, 19, 10], [10, 19, 11, 20]]"
11n_130_134,"[[10, 19, 11, 20], [4, 12, 5, 11], [12, 22, 13, 21], [17, 15, 18, 14], [6, 13, 7, 14], [1, 16, 2, 17], [15, 2, 16, 3], [22, 8, 1, 7], [8, 4, 9, 3], [20, 5, 21, 6], [18, 9, 19, 10]]"
11n_130_135,"[[18, 9, 19, 10], [10, 19, 11, 20], [4, 12, 5, 11], [12, 22, 13, 21], [17, 15, 18, 14], [6, 13, 7, 14], [1, 16, 2, 17], [15, 2, 16, 3], [22, 8, 1, 7], [8, 4, 9, 3], [20, 5, 21, 6]]"
11n_130_136,"[[20, 5, 21, 6], [18, 9, 19, 10], [10, 19, 11, 20], [4, 12, 5, 11], [12, 22, 13, 21], [17, 15, 18, 14], [6, 13, 7, 14], [1, 16, 2, 17], [15, 2, 16, 3], [22, 8, 1, 7], [8, 4, 9, 3]]"
11n_130_137,"[[8, 4, 9, 3], [20, 5, 21, 6], [18, 9, 19, 10], [10, 19, 11, 20], [4, 12, 5, 11], [12, 22, 13, 21], [17, 15, 18, 14], [6, 13, 7, 14], [1, 16, 2, 17], [15, 2, 16, 3], [22, 8, 1, 7]]"
11n_130_138,"[[22, 8, 1, 7], [8, 4, 9, 3], [20, 5, 21, 6], [18, 9, 19, 10], [10, 19, 11, 20], [4, 12, 5, 11], [12, 22, 13, 21], [17, 15, 18, 14], [6, 13, 7, 14], [1, 16, 2, 17], [15, 2, 16, 3]]"
11n_130_139,"[[15, 2, 16, 3], [22, 8, 1, 7], [8, 4, 9, 3], [20, 5, 21, 6], [18, 9, 19, 10], [10, 19, 11, 20], [4, 12, 5, 11], [12, 22, 13, 21], [17, 15, 18, 14], [6, 13, 7, 14], [1, 16, 2, 17]]"
11n_130_140,"[[1, 16, 2, 17], [15, 2, 16, 3], [22, 8, 1, 7], [8, 4, 9, 3], [20, 5, 21, 6], [18, 9, 19, 10], [10, 19, 11, 20], [4, 12, 5, 11], [12, 22, 13, 21], [17, 15, 18, 14], [6, 13, 7, 14]]"
11n_130_141,"[[6, 13, 7, 14], [1, 16, 2, 17], [15, 2, 16, 3], [22, 8, 1, 7], [8, 4, 9, 3], [20, 5, 21, 6], [18, 9, 19, 10], [10, 19, 11, 20], [4, 12, 5, 11], [12, 22, 13, 21], [17, 15, 18, 14]]"
11n_130_142,"[[17, 15, 18, 14], [6, 13, 7, 14], [1, 16, 2, 17], [15, 2, 16, 3], [22, 8, 1, 7], [8, 4, 9, 3], [20, 5, 21, 6], [18, 9, 19, 10], [10, 19, 11, 20], [4, 12, 5, 11], [12, 22, 13, 21]]"
11n_130_143,"[[13, 1, 14, 22], [18, 16, 19, 15], [7, 14, 8, 15], [2, 17, 3, 18], [16, 3, 17, 4], [1, 9, 2, 8], [9, 5, 10, 4], [21, 6, 22, 7], [19, 10, 20, 11], [11, 20, 12, 21], [5, 13, 6, 12]]"
11n_130_144,"[[5, 13, 6, 12], [13, 1, 14, 22], [18, 16, 19, 15], [7, 14, 8, 15], [2, 17, 3, 18], [16, 3, 17, 4], [1, 9, 2, 8], [9, 5, 10, 4], [21, 6, 22, 7], [19, 10, 20, 11], [11, 20, 12, 21]]"
11n_130_145,"[[11, 20, 12, 21], [5, 13, 6, 12], [13, 1, 14, 22], [18, 16, 19, 15], [7, 14, 8, 15], [2, 17, 3, 18], [16, 3, 17, 4], [1, 9, 2, 8], [9, 5, 10, 4], [21, 6, 22, 7], [19, 10, 20, 11]]"
11n_130_146,"[[19, 10, 20, 11], [11, 20, 12, 21], [5, 13, 6, 12], [13, 1, 14, 22], [18, 16, 19, 15], [7, 14, 8, 15], [2, 17, 3, 18], [16, 3, 17, 4], [1, 9, 2, 8], [9, 5, 10, 4], [21, 6, 22, 7]]"
11n_130_147,"[[21, 6, 22, 7], [19, 10, 20, 11], [11, 20, 12, 21], [5, 13, 6, 12], [13, 1, 14, 22], [18, 16, 19, 15], [7, 14, 8, 15], [2, 17, 3, 18], [16, 3, 17, 4], [1, 9, 2, 8], [9, 5, 10, 4]]"
11n_130_148,"[[9, 5, 10, 4], [21, 6, 22, 7], [19, 10, 20, 11], [11, 20, 12, 21], [5, 13, 6, 12], [13, 1, 14, 22], [18, 16, 19, 15], [7, 14, 8, 15], [2, 17, 3, 18], [16, 3, 17, 4], [1, 9, 2, 8]]"
11n_130_149,"[[1, 9, 2, 8], [9, 5, 10, 4], [21, 6, 22, 7], [19, 10, 20, 11], [11, 20, 12, 21], [5, 13, 6, 12], [13, 1, 14, 22], [18, 16, 19, 15], [7, 14, 8, 15], [2, 17, 3, 18], [16, 3, 17, 4]]"
11n_130_150,"[[16, 3, 17, 4], [1, 9, 2, 8], [9, 5, 10, 4], [21, 6, 22, 7], [19, 10, 20, 11], [11, 20, 12, 21], [5, 13, 6, 12], [13, 1, 14, 22], [18, 16, 19, 15], [7, 14, 8, 15], [2, 17, 3, 18]]"
11n_130_151,"[[2, 17, 3, 18], [16, 3, 17, 4], [1, 9, 2, 8], [9, 5, 10, 4], [21, 6, 22, 7], [19, 10, 20, 11], [11, 20, 12, 21], [5, 13, 6, 12], [13, 1, 14, 22], [18, 16, 19, 15], [7, 14, 8, 15]]"
11n_130_152,"[[7, 14, 8, 15], [2, 17, 3, 18], [16, 3, 17, 4], [1, 9, 2, 8], [9, 5, 10, 4], [21, 6, 22, 7], [19, 10, 20, 11], [11, 20, 12, 21], [5, 13, 6, 12], [13, 1, 14, 22], [18, 16, 19, 15]]"
11n_130_153,"[[18, 16, 19, 15], [7, 14, 8, 15], [2, 17, 3, 18], [16, 3, 17, 4], [1, 9, 2, 8], [9, 5, 10, 4], [21, 6, 22, 7], [19, 10, 20, 11], [11, 20, 12, 21], [5, 13, 6, 12], [13, 1, 14, 22]]"
11n_130_154,"[[14, 2, 15, 1], [19, 17, 20, 16], [8, 15, 9, 16], [3, 18, 4, 19], [17, 4, 18, 5], [2, 10, 3, 9], [10, 6, 11, 5], [22, 7, 1, 8], [20, 11, 21, 12], [12, 21, 13, 22], [6, 14, 7, 13]]"
11n_130_155,"[[6, 14, 7, 13], [14, 2, 15, 1], [19, 17, 20, 16], [8, 15, 9, 16], [3, 18, 4, 19], [17, 4, 18, 5], [2, 10, 3, 9], [10, 6, 11, 5], [22, 7, 1, 8], [20, 11, 21, 12], [12, 21, 13, 22]]"
11n_130_156,"[[12, 21, 13, 22], [6, 14, 7, 13], [14, 2, 15, 1], [19, 17, 20, 16], [8, 15, 9, 16], [3, 18, 4, 19], [17, 4, 18, 5], [2, 10, 3, 9], [10, 6, 11, 5], [22, 7, 1, 8], [20, 11, 21, 12]]"
11n_130_157,"[[20, 11, 21, 12], [12, 21, 13, 22], [6, 14, 7, 13], [14, 2, 15, 1], [19, 17, 20, 16], [8, 15, 9, 16], [3, 18, 4, 19], [17, 4, 18, 5], [2, 10, 3, 9], [10, 6, 11, 5], [22, 7, 1, 8]]"
11n_130_158,"[[22, 7, 1, 8], [20, 11, 21, 12], [12, 21, 13, 22], [6, 14, 7, 13], [14, 2, 15, 1], [19, 17, 20, 16], [8, 15, 9, 16], [3, 18, 4, 19], [17, 4, 18, 5], [2, 10, 3, 9], [10, 6, 11, 5]]"
11n_130_159,"[[10, 6, 11, 5], [22, 7, 1, 8], [20, 11, 21, 12], [12, 21, 13, 22], [6, 14, 7, 13], [14, 2, 15, 1], [19, 17, 20, 16], [8, 15, 9, 16], [3, 18, 4, 19], [17, 4, 18, 5], [2, 10, 3, 9]]"
11n_130_160,"[[2, 10, 3, 9], [10, 6, 11, 5], [22, 7, 1, 8], [20, 11, 21, 12], [12, 21, 13, 22], [6, 14, 7, 13], [14, 2, 15, 1], [19, 17, 20, 16], [8, 15, 9, 16], [3, 18, 4, 19], [17, 4, 18, 5]]"
11n_130_161,"[[17, 4, 18, 5], [2, 10, 3, 9], [10, 6, 11, 5], [22, 7, 1, 8], [20, 11, 21, 12], [12, 21, 13, 22], [6, 14, 7, 13], [14, 2, 15, 1], [19, 17, 20, 16], [8, 15, 9, 16], [3, 18, 4, 19]]"
11n_130_162,"[[3, 18, 4, 19], [17, 4, 18, 5], [2, 10, 3, 9], [10, 6, 11, 5], [22, 7, 1, 8], [20, 11, 21, 12], [12, 21, 13, 22], [6, 14, 7, 13], [14, 2, 15, 1], [19, 17, 20, 16], [8, 15, 9, 16]]"
11n_130_163,"[[8, 15, 9, 16], [3, 18, 4, 19], [17, 4, 18, 5], [2, 10, 3, 9], [10, 6, 11, 5], [22, 7, 1, 8], [20, 11, 21, 12], [12, 21, 13, 22], [6, 14, 7, 13], [14, 2, 15, 1], [19, 17, 20, 16]]"
11n_130_164,"[[19, 17, 20, 16], [8, 15, 9, 16], [3, 18, 4, 19], [17, 4, 18, 5], [2, 10, 3, 9], [10, 6, 11, 5], [22, 7, 1, 8], [20, 11, 21, 12], [12, 21, 13, 22], [6, 14, 7, 13], [14, 2, 15, 1]]"
11n_130_165,"[[15, 3, 16, 2], [20, 18, 21, 17], [9, 16, 10, 17], [4, 19, 5, 20], [18, 5, 19, 6], [3, 11, 4, 10], [11, 7, 12, 6], [1, 8, 2, 9], [21, 12, 22, 13], [13, 22, 14, 1], [7, 15, 8, 14]]"
11n_130_166,"[[7, 15, 8, 14], [15, 3, 16, 2], [20, 18, 21, 17], [9, 16, 10, 17], [4, 19, 5, 20], [18, 5, 19, 6], [3, 11, 4, 10], [11, 7, 12, 6], [1, 8, 2, 9], [21, 12, 22, 13], [13, 22, 14, 1]]"
11n_130_167,"[[13, 22, 14, 1], [7, 15, 8, 14], [15, 3, 16, 2], [20, 18, 21, 17], [9, 16, 10, 17], [4, 19, 5, 20], [18, 5, 19, 6], [3, 11, 4, 10], [11, 7, 12, 6], [1, 8, 2, 9], [21, 12, 22, 13]]"
11n_130_168,"[[21, 12, 22, 13], [13, 22, 14, 1], [7, 15, 8, 14], [15, 3, 16, 2], [20, 18, 21, 17], [9, 16, 10, 17], [4, 19, 5, 20], [18, 5, 19, 6], [3, 11, 4, 10], [11, 7, 12, 6], [1, 8, 2, 9]]"
11n_130_169,"[[1, 8, 2, 9], [21, 12, 22, 13], [13, 22, 14, 1], [7, 15, 8, 14], [15, 3, 16, 2], [20, 18, 21, 17], [9, 16, 10, 17], [4, 19, 5, 20], [18, 5, 19, 6], [3, 11, 4, 10], [11, 7, 12, 6]]"
11n_130_170,"[[11, 7, 12, 6], [1, 8, 2, 9], [21, 12, 22, 13], [13, 22, 14, 1], [7, 15, 8, 14], [15, 3, 16, 2], [20, 18, 21, 17], [9, 16, 10, 17], [4, 19, 5, 20], [18, 5, 19, 6], [3, 11, 4, 10]]"
11n_130_171,"[[3, 11, 4, 10], [11, 7, 12, 6], [1, 8, 2, 9], [21, 12, 22, 13], [13, 22, 14, 1], [7, 15, 8, 14], [15, 3, 16, 2], [20, 18, 21, 17], [9, 16, 10, 17], [4, 19, 5, 20], [18, 5, 19, 6]]"
11n_130_172,"[[18, 5, 19, 6], [3, 11, 4, 10], [11, 7, 12, 6], [1, 8, 2, 9], [21, 12, 22, 13], [13, 22, 14, 1], [7, 15, 8, 14], [15, 3, 16, 2], [20, 18, 21, 17], [9, 16, 10, 17], [4, 19, 5, 20]]"
11n_130_173,"[[4, 19, 5, 20], [18, 5, 19, 6], [3, 11, 4, 10], [11, 7, 12, 6], [1, 8, 2, 9], [21, 12, 22, 13], [13, 22, 14, 1], [7, 15, 8, 14], [15, 3, 16, 2], [20, 18, 21, 17], [9, 16, 10, 17]]"
11n_130_174,"[[9, 16, 10, 17], [4, 19, 5, 20], [18, 5, 19, 6], [3, 11, 4, 10], [11, 7, 12, 6], [1, 8, 2, 9], [21, 12, 22, 13], [13, 22, 14, 1], [7, 15, 8, 14], [15, 3, 16, 2], [20, 18, 21, 17]]"
11n_130_175,"[[20, 18, 21, 17], [9, 16, 10, 17], [4, 19, 5, 20], [18, 5, 19, 6], [3, 11, 4, 10], [11, 7, 12, 6], [1, 8, 2, 9], [21, 12, 22, 13], [13, 22, 14, 1], [7, 15, 8, 14], [15, 3, 16, 2]]"
11n_130_176,"[[16, 4, 17, 3], [21, 19, 22, 18], [10, 17, 11, 18], [5, 20, 6, 21], [19, 6, 20, 7], [4, 12, 5, 11], [12, 8, 13, 7], [2, 9, 3, 10], [22, 13, 1, 14], [14, 1, 15, 2], [8, 16, 9, 15]]"
11n_130_177,"[[8, 16, 9, 15], [16, 4, 17, 3], [21, 19, 22, 18], [10, 17, 11, 18], [5, 20, 6, 21], [19, 6, 20, 7], [4, 12, 5, 11], [12, 8, 13, 7], [2, 9, 3, 10], [22, 13, 1, 14], [14, 1, 15, 2]]"
11n_130_178,"[[14, 1, 15, 2], [8, 16, 9, 15], [16, 4, 17, 3], [21, 19, 22, 18], [10, 17, 11, 18], [5, 20, 6, 21], [19, 6, 20, 7], [4, 12, 5, 11], [12, 8, 13, 7], [2, 9, 3, 10], [22, 13, 1, 14]]"
11n_130_179,"[[22, 13, 1, 14], [14, 1, 15, 2], [8, 16, 9, 15], [16, 4, 17, 3], [21, 19, 22, 18], [10, 17, 11, 18], [5, 20, 6, 21], [19, 6, 20, 7], [4, 12, 5, 11], [12, 8, 13, 7], [2, 9, 3, 10]]"
11n_130_180,"[[2, 9, 3, 10], [22, 13, 1, 14], [14, 1, 15, 2], [8, 16, 9, 15], [16, 4, 17, 3], [21, 19, 22, 18], [10, 17, 11, 18], [5, 20, 6, 21], [19, 6, 20, 7], [4, 12, 5, 11], [12, 8, 13, 7]]"
11n_130_181,"[[12, 8, 13, 7], [2, 9, 3, 10], [22, 13, 1, 14], [14, 1, 15, 2], [8, 16, 9, 15], [16, 4, 17, 3], [21, 19, 22, 18], [10, 17, 11, 18], [5, 20, 6, 21], [19, 6, 20, 7], [4, 12, 5, 11]]"
11n_130_182,"[[4, 12, 5, 11], [12, 8, 13, 7], [2, 9, 3, 10], [22, 13, 1, 14], [14, 1, 15, 2], [8, 16, 9, 15], [16, 4, 17, 3], [21, 19, 22, 18], [10, 17, 11, 18], [5, 20, 6, 21], [19, 6, 20, 7]]"
11n_130_183,"[[19, 6, 20, 7], [4, 12, 5, 11], [12, 8, 13, 7], [2, 9, 3, 10], [22, 13, 1, 14], [14, 1, 15, 2], [8, 16, 9, 15], [16, 4, 17, 3], [21, 19, 22, 18], [10, 17, 11, 18], [5, 20, 6, 21]]"
11n_130_184,"[[5, 20, 6, 21], [19, 6, 20, 7], [4, 12, 5, 11], [12, 8, 13, 7], [2, 9, 3, 10], [22, 13, 1, 14], [14, 1, 15, 2], [8, 16, 9, 15], [16, 4, 17, 3], [21, 19, 22, 18], [10, 17, 11, 18]]"
11n_130_185,"[[10, 17, 11, 18], [5, 20, 6, 21], [19, 6, 20, 7], [4, 12, 5, 11], [12, 8, 13, 7], [2, 9, 3, 10], [22, 13, 1, 14], [14, 1, 15, 2], [8, 16, 9, 15], [16, 4, 17, 3], [21, 19, 22, 18]]"
11n_130_186,"[[21, 19, 22, 18], [10, 17, 11, 18], [5, 20, 6, 21], [19, 6, 20, 7], [4, 12, 5, 11], [12, 8, 13, 7], [2, 9, 3, 10], [22, 13, 1, 14], [14, 1, 15, 2], [8, 16, 9, 15], [16, 4, 17, 3]]"
11n_130_187,"[[17, 5, 18, 4], [22, 20, 1, 19], [11, 18, 12, 19], [6, 21, 7, 22], [20, 7, 21, 8], [5, 13, 6, 12], [13, 9, 14, 8], [3, 10, 4, 11], [1, 14, 2, 15], [15, 2, 16, 3], [9, 17, 10, 16]]"
11n_130_188,"[[9, 17, 10, 16], [17, 5, 18, 4], [22, 20, 1, 19], [11, 18, 12, 19], [6, 21, 7, 22], [20, 7, 21, 8], [5, 13, 6, 12], [13, 9, 14, 8], [3, 10, 4, 11], [1, 14, 2, 15], [15, 2, 16, 3]]"
11n_130_189,"[[15, 2, 16, 3], [9, 17, 10, 16], [17, 5, 18, 4], [22, 20, 1, 19], [11, 18, 12, 19], [6, 21, 7, 22], [20, 7, 21, 8], [5, 13, 6, 12], [13, 9, 14, 8], [3, 10, 4, 11], [1, 14, 2, 15]]"
11n_130_190,"[[1, 14, 2, 15], [15, 2, 16, 3], [9, 17, 10, 16], [17, 5, 18, 4], [22, 20, 1, 19], [11, 18, 12, 19], [6, 21, 7, 22], [20, 7, 21, 8], [5, 13, 6, 12], [13, 9, 14, 8], [3, 10, 4, 11]]"
11n_130_191,"[[3, 10, 4, 11], [1, 14, 2, 15], [15, 2, 16, 3], [9, 17, 10, 16], [17, 5, 18, 4], [22, 20, 1, 19], [11, 18, 12, 19], [6, 21, 7, 22], [20, 7, 21, 8], [5, 13, 6, 12], [13, 9, 14, 8]]"
11n_130_192,"[[13, 9, 14, 8], [3, 10, 4, 11], [1, 14, 2, 15], [15, 2, 16, 3], [9, 17, 10, 16], [17, 5, 18, 4], [22, 20, 1, 19], [11, 18, 12, 19], [6, 21, 7, 22], [20, 7, 21, 8], [5, 13, 6, 12]]"
11n_130_193,"[[5, 13, 6, 12], [13, 9, 14, 8], [3, 10, 4, 11], [1, 14, 2, 15], [15, 2, 16, 3], [9, 17, 10, 16], [17, 5, 18, 4], [22, 20, 1, 19], [11, 18, 12, 19], [6, 21, 7, 22], [20, 7, 21, 8]]"
11n_130_194,"[[20, 7, 21, 8], [5, 13, 6, 12], [13, 9, 14, 8], [3, 10, 4, 11], [1, 14, 2, 15], [15, 2, 16, 3], [9, 17, 10, 16], [17, 5, 18, 4], [22, 20, 1, 19], [11, 18, 12, 19], [6, 21, 7, 22]]"
11n_130_195,"[[6, 21, 7, 22], [20, 7, 21, 8], [5, 13, 6, 12], [13, 9, 14, 8], [3, 10, 4, 11], [1, 14, 2, 15], [15, 2, 16, 3], [9, 17, 10, 16], [17, 5, 18, 4], [22, 20, 1, 19], [11, 18, 12, 19]]"
11n_130_196,"[[11, 18, 12, 19], [6, 21, 7, 22], [20, 7, 21, 8], [5, 13, 6, 12], [13, 9, 14, 8], [3, 10, 4, 11], [1, 14, 2, 15], [15, 2, 16, 3], [9, 17, 10, 16], [17, 5, 18, 4], [22, 20, 1, 19]]"
11n_130_197,"[[22, 20, 1, 19], [11, 18, 12, 19], [6, 21, 7, 22], [20, 7, 21, 8], [5, 13, 6, 12], [13, 9, 14, 8], [3, 10, 4, 11], [1, 14, 2, 15], [15, 2, 16, 3], [9, 17, 10, 16], [17, 5, 18, 4]]"
11n_130_198,"[[18, 6, 19, 5], [1, 21, 2, 20], [12, 19, 13, 20], [7, 22, 8, 1], [21, 8, 22, 9], [6, 14, 7, 13], [14, 10, 15, 9], [4, 11, 5, 12], [2, 15, 3, 16], [16, 3, 17, 4], [10, 18, 11, 17]]"
11n_130_199,"[[10, 18, 11, 17], [18, 6, 19, 5], [1, 21, 2, 20], [12, 19, 13, 20], [7, 22, 8, 1], [21, 8, 22, 9], [6, 14, 7, 13], [14, 10, 15, 9], [4, 11, 5, 12], [2, 15, 3, 16], [16, 3, 17, 4]]"
11n_130_200,"[[16, 3, 17, 4], [10, 18, 11, 17], [18, 6, 19, 5], [1, 21, 2, 20], [12, 19, 13, 20], [7, 22, 8, 1], [21, 8, 22, 9], [6, 14, 7, 13], [14, 10, 15, 9], [4, 11, 5, 12], [2, 15, 3, 16]]"
11n_130_201,"[[2, 15, 3, 16], [16, 3, 17, 4], [10, 18, 11, 17], [18, 6, 19, 5], [1, 21, 2, 20], [12, 19, 13, 20], [7, 22, 8, 1], [21, 8, 22, 9], [6, 14, 7, 13], [14, 10, 15, 9], [4, 11, 5, 12]]"
11n_130_202,"[[4, 11, 5, 12], [2, 15, 3, 16], [16, 3, 17, 4], [10, 18, 11, 17], [18, 6, 19, 5], [1, 21, 2, 20], [12, 19, 13, 20], [7, 22, 8, 1], [21, 8, 22, 9], [6, 14, 7, 13], [14, 10, 15, 9]]"
11n_130_203,"[[14, 10, 15, 9], [4, 11, 5, 12], [2, 15, 3, 16], [16, 3, 17, 4], [10, 18, 11, 17], [18, 6, 19, 5], [1, 21, 2, 20], [12, 19, 13, 20], [7, 22, 8, 1], [21, 8, 22, 9], [6, 14, 7, 13]]"
