name,pd_notation
11n_73_0,"[[3, 9, 4, 8], [5, 3, 6, 2], [9, 5, 10, 4], [6, 15, 7, 16], [16, 19, 17, 20], [12, 17, 13, 18], [18, 13, 19, 14], [1, 21, 2, 20], [21, 11, 22, 10], [11, 1, 12, 22], [14, 7, 15, 8]]"
11n_73_1,"[[14, 7, 15, 8], [3, 9, 4, 8], [5, 3, 6, 2], [9, 5, 10, 4], [6, 15, 7, 16], [16, 19, 17, 20], [12, 17, 13, 18], [18, 13, 19, 14], [1, 21, 2, 20], [21, 11, 22, 10], [11, 1, 12, 22]]"
11n_73_2,"[[11, 1, 12, 22], [14, 7, 15, 8], [3, 9, 4, 8], [5, 3, 6, 2], [9, 5, 10, 4], [6, 15, 7, 16], [16, 19, 17, 20], [12, 17, 13, 18], [18, 13, 19, 14], [1, 21, 2, 20], [21, 11, 22, 10]]"
11n_73_3,"[[21, 11, 22, 10], [11, 1, 12, 22], [14, 7, 15, 8], [3, 9, 4, 8], [5, 3, 6, 2], [9, 5, 10, 4], [6, 15, 7, 16], [16, 19, 17, 20], [12, 17, 13, 18], [18, 13, 19, 14], [1, 21, 2, 20]]"
11n_73_4,"[[1, 21, 2, 20], [21, 11, 22, 10], [11, 1, 12, 22], [14, 7, 15, 8], [3, 9, 4, 8], [5, 3, 6, 2], [9, 5, 10, 4], [6, 15, 7, 16], [16, 19, 17, 20], [12, 17, 13, 18], [18, 13, 19, 14]]"
11n_73_5,"[[18, 13, 19, 14], [1, 21, 2, 20], [21, 11, 22, 10], [11, 1, 12, 22], [14, 7, 15, 8], [3, 9, 4, 8], [5, 3, 6, 2], [9, 5, 10, 4], [6, 15, 7, 16], [16, 19, 17, 20], [12, 17, 13, 18]]"
11n_73_6,"[[12, 17, 13, 18], [18, 13, 19, 14], [1, 21, 2, 20], [21, 11, 22, 10], [11, 1, 12, 22], [14, 7, 15, 8], [3, 9, 4, 8], [5, 3, 6, 2], [9, 5, 10, 4], [6, 15, 7, 16], [16, 19, 17, 20]]"
11n_73_7,"[[16, 19, 17, 20], [12, 17, 13, 18], [18, 13, 19, 14], [1, 21, 2, 20], [21, 11, 22, 10], [11, 1, 12, 22], [14, 7, 15, 8], [3, 9, 4, 8], [5, 3, 6, 2], [9, 5, 10, 4], [6, 15, 7, 16]]"
11n_73_8,"[[6, 15, 7, 16], [16, 19, 17, 20], [12, 17, 13, 18], [18, 13, 19, 14], [1, 21, 2, 20], [21, 11, 22, 10], [11, 1, 12, 22], [14, 7, 15, 8], [3, 9, 4, 8], [5, 3, 6, 2], [9, 5, 10, 4]]"
11n_73_9,"[[9, 5, 10, 4], [6, 15, 7, 16], [16, 19, 17, 20], [12, 17, 13, 18], [18, 13, 19, 14], [1, 21, 2, 20], [21, 11, 22, 10], [11, 1, 12, 22], [14, 7, 15, 8], [3, 9, 4, 8], [5, 3, 6, 2]]"
11n_73_10,"[[5, 3, 6, 2], [9, 5, 10, 4], [6, 15, 7, 16], [16, 19, 17, 20], [12, 17, 13, 18], [18, 13, 19, 14], [1, 21, 2, 20], [21, 11, 22, 10], [11, 1, 12, 22], [14, 7, 15, 8], [3, 9, 4, 8]]"
11n_73_11,"[[4, 10, 5, 9], [6, 4, 7, 3], [10, 6, 11, 5], [7, 16, 8, 17], [17, 20, 18, 21], [13, 18, 14, 19], [19, 14, 20, 15], [2, 22, 3, 21], [22, 12, 1, 11], [12, 2, 13, 1], [15, 8, 16, 9]]"
11n_73_12,"[[15, 8, 16, 9], [4, 10, 5, 9], [6, 4, 7, 3], [10, 6, 11, 5], [7, 16, 8, 17], [17, 20, 18, 21], [13, 18, 14, 19], [19, 14, 20, 15], [2, 22, 3, 21], [22, 12, 1, 11], [12, 2, 13, 1]]"
11n_73_13,"[[12, 2, 13, 1], [15, 8, 16, 9], [4, 10, 5, 9], [6, 4, 7, 3], [10, 6, 11, 5], [7, 16, 8, 17], [17, 20, 18, 21], [13, 18, 14, 19], [19, 14, 20, 15], [2, 22, 3, 21], [22, 12, 1, 11]]"
11n_73_14,"[[22, 12, 1, 11], [12, 2, 13, 1], [15, 8, 16, 9], [4, 10, 5, 9], [6, 4, 7, 3], [10, 6, 11, 5], [7, 16, 8, 17], [17, 20, 18, 21], [13, 18, 14, 19], [19, 14, 20, 15], [2, 22, 3, 21]]"
11n_73_15,"[[2, 22, 3, 21], [22, 12, 1, 11], [12, 2, 13, 1], [15, 8, 16, 9], [4, 10, 5, 9], [6, 4, 7, 3], [10, 6, 11, 5], [7, 16, 8, 17], [17, 20, 18, 21], [13, 18, 14, 19], [19, 14, 20, 15]]"
11n_73_16,"[[19, 14, 20, 15], [2, 22, 3, 21], [22, 12, 1, 11], [12, 2, 13, 1], [15, 8, 16, 9], [4, 10, 5, 9], [6, 4, 7, 3], [10, 6, 11, 5], [7, 16, 8, 17], [17, 20, 18, 21], [13, 18, 14, 19]]"
11n_73_17,"[[13, 18, 14, 19], [19, 14, 20, 15], [2, 22, 3, 21], [22, 12, 1, 11], [12, 2, 13, 1], [15, 8, 16, 9], [4, 10, 5, 9], [6, 4, 7, 3], [10, 6, 11, 5], [7, 16, 8, 17], [17, 20, 18, 21]]"
11n_73_18,"[[17, 20, 18, 21], [13, 18, 14, 19], [19, 14, 20, 15], [2, 22, 3, 21], [22, 12, 1, 11], [12, 2, 13, 1], [15, 8, 16, 9], [4, 10, 5, 9], [6, 4, 7, 3], [10, 6, 11, 5], [7, 16, 8, 17]]"
11n_73_19,"[[7, 16, 8, 17], [17, 20, 18, 21], [13, 18, 14, 19], [19, 14, 20, 15], [2, 22, 3, 21], [22, 12, 1, 11], [12, 2, 13, 1], [15, 8, 16, 9], [4, 10, 5, 9], [6, 4, 7, 3], [10, 6, 11, 5]]"
11n_73_20,"[[10, 6, 11, 5], [7, 16, 8, 17], [17, 20, 18, 21], [13, 18, 14, 19], [19, 14, 20, 15], [2, 22, 3, 21], [22, 12, 1, 11], [12, 2, 13, 1], [15, 8, 16, 9], [4, 10, 5, 9], [6, 4, 7, 3]]"
11n_73_21,"[[6, 4, 7, 3], [10, 6, 11, 5], [7, 16, 8, 17], [17, 20, 18, 21], [13, 18, 14, 19], [19, 14, 20, 15], [2, 22, 3, 21], [22, 12, 1, 11], [12, 2, 13, 1], [15, 8, 16, 9], [4, 10, 5, 9]]"
11n_73_22,"[[5, 11, 6, 10], [7, 5, 8, 4], [11, 7, 12, 6], [8, 17, 9, 18], [18, 21, 19, 22], [14, 19, 15, 20], [20, 15, 21, 16], [3, 1, 4, 22], [1, 13, 2, 12], [13, 3, 14, 2], [16, 9, 17, 10]]"
11n_73_23,"[[16, 9, 17, 10], [5, 11, 6, 10], [7, 5, 8, 4], [11, 7, 12, 6], [8, 17, 9, 18], [18, 21, 19, 22], [14, 19, 15, 20], [20, 15, 21, 16], [3, 1, 4, 22], [1, 13, 2, 12], [13, 3, 14, 2]]"
11n_73_24,"[[13, 3, 14, 2], [16, 9, 17, 10], [5, 11, 6, 10], [7, 5, 8, 4], [11, 7, 12, 6], [8, 17, 9, 18], [18, 21, 19, 22], [14, 19, 15, 20], [20, 15, 21, 16], [3, 1, 4, 22], [1, 13, 2, 12]]"
11n_73_25,"[[1, 13, 2, 12], [13, 3, 14, 2], [16, 9, 17, 10], [5, 11, 6, 10], [7, 5, 8, 4], [11, 7, 12, 6], [8, 17, 9, 18], [18, 21, 19, 22], [14, 19, 15, 20], [20, 15, 21, 16], [3, 1, 4, 22]]"
11n_73_26,"[[3, 1, 4, 22], [1, 13, 2, 12], [13, 3, 14, 2], [16, 9, 17, 10], [5, 11, 6, 10], [7, 5, 8, 4], [11, 7, 12, 6], [8, 17, 9, 18], [18, 21, 19, 22], [14, 19, 15, 20], [20, 15, 21, 16]]"
11n_73_27,"[[20, 15, 21, 16], [3, 1, 4, 22], [1, 13, 2, 12], [13, 3, 14, 2], [16, 9, 17, 10], [5, 11, 6, 10], [7, 5, 8, 4], [11, 7, 12, 6], [8, 17, 9, 18], [18, 21, 19, 22], [14, 19, 15, 20]]"
11n_73_28,"[[14, 19, 15, 20], [20, 15, 21, 16], [3, 1, 4, 22], [1, 13, 2, 12], [13, 3, 14, 2], [16, 9, 17, 10], [5, 11, 6, 10], [7, 5, 8, 4], [11, 7, 12, 6], [8, 17, 9, 18], [18, 21, 19, 22]]"
11n_73_29,"[[18, 21, 19, 22], [14, 19, 15, 20], [20, 15, 21, 16], [3, 1, 4, 22], [1, 13, 2, 12], [13, 3, 14, 2], [16, 9, 17, 10], [5, 11, 6, 10], [7, 5, 8, 4], [11, 7, 12, 6], [8, 17, 9, 18]]"
11n_73_30,"[[8, 17, 9, 18], [18, 21, 19, 22], [14, 19, 15, 20], [20, 15, 21, 16], [3, 1, 4, 22], [1, 13, 2, 12], [13, 3, 14, 2], [16, 9, 17, 10], [5, 11, 6, 10], [7, 5, 8, 4], [11, 7, 12, 6]]"
11n_73_31,"[[11, 7, 12, 6], [8, 17, 9, 18], [18, 21, 19, 22], [14, 19, 15, 20], [20, 15, 21, 16], [3, 1, 4, 22], [1, 13, 2, 12], [13, 3, 14, 2], [16, 9, 17, 10], [5, 11, 6, 10], [7, 5, 8, 4]]"
11n_73_32,"[[7, 5, 8, 4], [11, 7, 12, 6], [8, 17, 9, 18], [18, 21, 19, 22], [14, 19, 15, 20], [20, 15, 21, 16], [3, 1, 4, 22], [1, 13, 2, 12], [13, 3, 14, 2], [16, 9, 17, 10], [5, 11, 6, 10]]"
11n_73_33,"[[6, 12, 7, 11], [8, 6, 9, 5], [12, 8, 13, 7], [9, 18, 10, 19], [19, 22, 20, 1], [15, 20, 16, 21], [21, 16, 22, 17], [4, 2, 5, 1], [2, 14, 3, 13], [14, 4, 15, 3], [17, 10, 18, 11]]"
11n_73_34,"[[17, 10, 18, 11], [6, 12, 7, 11], [8, 6, 9, 5], [12, 8, 13, 7], [9, 18, 10, 19], [19, 22, 20, 1], [15, 20, 16, 21], [21, 16, 22, 17], [4, 2, 5, 1], [2, 14, 3, 13], [14, 4, 15, 3]]"
11n_73_35,"[[14, 4, 15, 3], [17, 10, 18, 11], [6, 12, 7, 11], [8, 6, 9, 5], [12, 8, 13, 7], [9, 18, 10, 19], [19, 22, 20, 1], [15, 20, 16, 21], [21, 16, 22, 17], [4, 2, 5, 1], [2, 14, 3, 13]]"
11n_73_36,"[[2, 14, 3, 13], [14, 4, 15, 3], [17, 10, 18, 11], [6, 12, 7, 11], [8, 6, 9, 5], [12, 8, 13, 7], [9, 18, 10, 19], [19, 22, 20, 1], [15, 20, 16, 21], [21, 16, 22, 17], [4, 2, 5, 1]]"
11n_73_37,"[[4, 2, 5, 1], [2, 14, 3, 13], [14, 4, 15, 3], [17, 10, 18, 11], [6, 12, 7, 11], [8, 6, 9, 5], [12, 8, 13, 7], [9, 18, 10, 19], [19, 22, 20, 1], [15, 20, 16, 21], [21, 16, 22, 17]]"
11n_73_38,"[[21, 16, 22, 17], [4, 2, 5, 1], [2, 14, 3, 13], [14, 4, 15, 3], [17, 10, 18, 11], [6, 12, 7, 11], [8, 6, 9, 5], [12, 8, 13, 7], [9, 18, 10, 19], [19, 22, 20, 1], [15, 20, 16, 21]]"
11n_73_39,"[[15, 20, 16, 21], [21, 16, 22, 17], [4, 2, 5, 1], [2, 14, 3, 13], [14, 4, 15, 3], [17, 10, 18, 11], [6, 12, 7, 11], [8, 6, 9, 5], [12, 8, 13, 7], [9, 18, 10, 19], [19, 22, 20, 1]]"
11n_73_40,"[[19, 22, 20, 1], [15, 20, 16, 21], [21, 16, 22, 17], [4, 2, 5, 1], [2, 14, 3, 13], [14, 4, 15, 3], [17, 10, 18, 11], [6, 12, 7, 11], [8, 6, 9, 5], [12, 8, 13, 7], [9, 18, 10, 19]]"
11n_73_41,"[[9, 18, 10, 19], [19, 22, 20, 1], [15, 20, 16, 21], [21, 16, 22, 17], [4, 2, 5, 1], [2, 14, 3, 13], [14, 4, 15, 3], [17, 10, 18, 11], [6, 12, 7, 11], [8, 6, 9, 5], [12, 8, 13, 7]]"
11n_73_42,"[[12, 8, 13, 7], [9, 18, 10, 19], [19, 22, 20, 1], [15, 20, 16, 21], [21, 16, 22, 17], [4, 2, 5, 1], [2, 14, 3, 13], [14, 4, 15, 3], [17, 10, 18, 11], [6, 12, 7, 11], [8, 6, 9, 5]]"
11n_73_43,"[[8, 6, 9, 5], [12, 8, 13, 7], [9, 18, 10, 19], [19, 22, 20, 1], [15, 20, 16, 21], [21, 16, 22, 17], [4, 2, 5, 1], [2, 14, 3, 13], [14, 4, 15, 3], [17, 10, 18, 11], [6, 12, 7, 11]]"
11n_73_44,"[[7, 13, 8, 12], [9, 7, 10, 6], [13, 9, 14, 8], [10, 19, 11, 20], [20, 1, 21, 2], [16, 21, 17, 22], [22, 17, 1, 18], [5, 3, 6, 2], [3, 15, 4, 14], [15, 5, 16, 4], [18, 11, 19, 12]]"
11n_73_45,"[[18, 11, 19, 12], [7, 13, 8, 12], [9, 7, 10, 6], [13, 9, 14, 8], [10, 19, 11, 20], [20, 1, 21, 2], [16, 21, 17, 22], [22, 17, 1, 18], [5, 3, 6, 2], [3, 15, 4, 14], [15, 5, 16, 4]]"
11n_73_46,"[[15, 5, 16, 4], [18, 11, 19, 12], [7, 13, 8, 12], [9, 7, 10, 6], [13, 9, 14, 8], [10, 19, 11, 20], [20, 1, 21, 2], [16, 21, 17, 22], [22, 17, 1, 18], [5, 3, 6, 2], [3, 15, 4, 14]]"
11n_73_47,"[[3, 15, 4, 14], [15, 5, 16, 4], [18, 11, 19, 12], [7, 13, 8, 12], [9, 7, 10, 6], [13, 9, 14, 8], [10, 19, 11, 20], [20, 1, 21, 2], [16, 21, 17, 22], [22, 17, 1, 18], [5, 3, 6, 2]]"
11n_73_48,"[[5, 3, 6, 2], [3, 15, 4, 14], [15, 5, 16, 4], [18, 11, 19, 12], [7, 13, 8, 12], [9, 7, 10, 6], [13, 9, 14, 8], [10, 19, 11, 20], [20, 1, 21, 2], [16, 21, 17, 22], [22, 17, 1, 18]]"
11n_73_49,"[[22, 17, 1, 18], [5, 3, 6, 2], [3, 15, 4, 14], [15, 5, 16, 4], [18, 11, 19, 12], [7, 13, 8, 12], [9, 7, 10, 6], [13, 9, 14, 8], [10, 19, 11, 20], [20, 1, 21, 2], [16, 21, 17, 22]]"
11n_73_50,"[[16, 21, 17, 22], [22, 17, 1, 18], [5, 3, 6, 2], [3, 15, 4, 14], [15, 5, 16, 4], [18, 11, 19, 12], [7, 13, 8, 12], [9, 7, 10, 6], [13, 9, 14, 8], [10, 19, 11, 20], [20, 1, 21, 2]]"
11n_73_51,"[[20, 1, 21, 2], [16, 21, 17, 22], [22, 17, 1, 18], [5, 3, 6, 2], [3, 15, 4, 14], [15, 5, 16, 4], [18, 11, 19, 12], [7, 13, 8, 12], [9, 7, 10, 6], [13, 9, 14, 8], [10, 19, 11, 20]]"
11n_73_52,"[[10, 19, 11, 20], [20, 1, 21, 2], [16, 21, 17, 22], [22, 17, 1, 18], [5, 3, 6, 2], [3, 15, 4, 14], [15, 5, 16, 4], [18, 11, 19, 12], [7, 13, 8, 12], [9, 7, 10, 6], [13, 9, 14, 8]]"
11n_73_53,"[[13, 9, 14, 8], [10, 19, 11, 20], [20, 1, 21, 2], [16, 21, 17, 22], [22, 17, 1, 18], [5, 3, 6, 2], [3, 15, 4, 14], [15, 5, 16, 4], [18, 11, 19, 12], [7, 13, 8, 12], [9, 7, 10, 6]]"
11n_73_54,"[[9, 7, 10, 6], [13, 9, 14, 8], [10, 19, 11, 20], [20, 1, 21, 2], [16, 21, 17, 22], [22, 17, 1, 18], [5, 3, 6, 2], [3, 15, 4, 14], [15, 5, 16, 4], [18, 11, 19, 12], [7, 13, 8, 12]]"
11n_73_55,"[[8, 14, 9, 13], [10, 8, 11, 7], [14, 10, 15, 9], [11, 20, 12, 21], [21, 2, 22, 3], [17, 22, 18, 1], [1, 18, 2, 19], [6, 4, 7, 3], [4, 16, 5, 15], [16, 6, 17, 5], [19, 12, 20, 13]]"
11n_73_56,"[[19, 12, 20, 13], [8, 14, 9, 13], [10, 8, 11, 7], [14, 10, 15, 9], [11, 20, 12, 21], [21, 2, 22, 3], [17, 22, 18, 1], [1, 18, 2, 19], [6, 4, 7, 3], [4, 16, 5, 15], [16, 6, 17, 5]]"
11n_73_57,"[[16, 6, 17, 5], [19, 12, 20, 13], [8, 14, 9, 13], [10, 8, 11, 7], [14, 10, 15, 9], [11, 20, 12, 21], [21, 2, 22, 3], [17, 22, 18, 1], [1, 18, 2, 19], [6, 4, 7, 3], [4, 16, 5, 15]]"
11n_73_58,"[[4, 16, 5, 15], [16, 6, 17, 5], [19, 12, 20, 13], [8, 14, 9, 13], [10, 8, 11, 7], [14, 10, 15, 9], [11, 20, 12, 21], [21, 2, 22, 3], [17, 22, 18, 1], [1, 18, 2, 19], [6, 4, 7, 3]]"
11n_73_59,"[[6, 4, 7, 3], [4, 16, 5, 15], [16, 6, 17, 5], [19, 12, 20, 13], [8, 14, 9, 13], [10, 8, 11, 7], [14, 10, 15, 9], [11, 20, 12, 21], [21, 2, 22, 3], [17, 22, 18, 1], [1, 18, 2, 19]]"
11n_73_60,"[[1, 18, 2, 19], [6, 4, 7, 3], [4, 16, 5, 15], [16, 6, 17, 5], [19, 12, 20, 13], [8, 14, 9, 13], [10, 8, 11, 7], [14, 10, 15, 9], [11, 20, 12, 21], [21, 2, 22, 3], [17, 22, 18, 1]]"
11n_73_61,"[[17, 22, 18, 1], [1, 18, 2, 19], [6, 4, 7, 3], [4, 16, 5, 15], [16, 6, 17, 5], [19, 12, 20, 13], [8, 14, 9, 13], [10, 8, 11, 7], [14, 10, 15, 9], [11, 20, 12, 21], [21, 2, 22, 3]]"
11n_73_62,"[[21, 2, 22, 3], [17, 22, 18, 1], [1, 18, 2, 19], [6, 4, 7, 3], [4, 16, 5, 15], [16, 6, 17, 5], [19, 12, 20, 13], [8, 14, 9, 13], [10, 8, 11, 7], [14, 10, 15, 9], [11, 20, 12, 21]]"
11n_73_63,"[[11, 20, 12, 21], [21, 2, 22, 3], [17, 22, 18, 1], [1, 18, 2, 19], [6, 4, 7, 3], [4, 16, 5, 15], [16, 6, 17, 5], [19, 12, 20, 13], [8, 14, 9, 13], [10, 8, 11, 7], [14, 10, 15, 9]]"
11n_73_64,"[[14, 10, 15, 9], [11, 20, 12, 21], [21, 2, 22, 3], [17, 22, 18, 1], [1, 18, 2, 19], [6, 4, 7, 3], [4, 16, 5, 15], [16, 6, 17, 5], [19, 12, 20, 13], [8, 14, 9, 13], [10, 8, 11, 7]]"
11n_73_65,"[[10, 8, 11, 7], [14, 10, 15, 9], [11, 20, 12, 21], [21, 2, 22, 3], [17, 22, 18, 1], [1, 18, 2, 19], [6, 4, 7, 3], [4, 16, 5, 15], [16, 6, 17, 5], [19, 12, 20, 13], [8, 14, 9, 13]]"
11n_73_66,"[[9, 15, 10, 14], [11, 9, 12, 8], [15, 11, 16, 10], [12, 21, 13, 22], [22, 3, 1, 4], [18, 1, 19, 2], [2, 19, 3, 20], [7, 5, 8, 4], [5, 17, 6, 16], [17, 7, 18, 6], [20, 13, 21, 14]]"
11n_73_67,"[[20, 13, 21, 14], [9, 15, 10, 14], [11, 9, 12, 8], [15, 11, 16, 10], [12, 21, 13, 22], [22, 3, 1, 4], [18, 1, 19, 2], [2, 19, 3, 20], [7, 5, 8, 4], [5, 17, 6, 16], [17, 7, 18, 6]]"
11n_73_68,"[[17, 7, 18, 6], [20, 13, 21, 14], [9, 15, 10, 14], [11, 9, 12, 8], [15, 11, 16, 10], [12, 21, 13, 22], [22, 3, 1, 4], [18, 1, 19, 2], [2, 19, 3, 20], [7, 5, 8, 4], [5, 17, 6, 16]]"
11n_73_69,"[[5, 17, 6, 16], [17, 7, 18, 6], [20, 13, 21, 14], [9, 15, 10, 14], [11, 9, 12, 8], [15, 11, 16, 10], [12, 21, 13, 22], [22, 3, 1, 4], [18, 1, 19, 2], [2, 19, 3, 20], [7, 5, 8, 4]]"
11n_73_70,"[[7, 5, 8, 4], [5, 17, 6, 16], [17, 7, 18, 6], [20, 13, 21, 14], [9, 15, 10, 14], [11, 9, 12, 8], [15, 11, 16, 10], [12, 21, 13, 22], [22, 3, 1, 4], [18, 1, 19, 2], [2, 19, 3, 20]]"
11n_73_71,"[[2, 19, 3, 20], [7, 5, 8, 4], [5, 17, 6, 16], [17, 7, 18, 6], [20, 13, 21, 14], [9, 15, 10, 14], [11, 9, 12, 8], [15, 11, 16, 10], [12, 21, 13, 22], [22, 3, 1, 4], [18, 1, 19, 2]]"
11n_73_72,"[[18, 1, 19, 2], [2, 19, 3, 20], [7, 5, 8, 4], [5, 17, 6, 16], [17, 7, 18, 6], [20, 13, 21, 14], [9, 15, 10, 14], [11, 9, 12, 8], [15, 11, 16, 10], [12, 21, 13, 22], [22, 3, 1, 4]]"
11n_73_73,"[[22, 3, 1, 4], [18, 1, 19, 2], [2, 19, 3, 20], [7, 5, 8, 4], [5, 17, 6, 16], [17, 7, 18, 6], [20, 13, 21, 14], [9, 15, 10, 14], [11, 9, 12, 8], [15, 11, 16, 10], [12, 21, 13, 22]]"
11n_73_74,"[[12, 21, 13, 22], [22, 3, 1, 4], [18, 1, 19, 2], [2, 19, 3, 20], [7, 5, 8, 4], [5, 17, 6, 16], [17, 7, 18, 6], [20, 13, 21, 14], [9, 15, 10, 14], [11, 9, 12, 8], [15, 11, 16, 10]]"
11n_73_75,"[[15, 11, 16, 10], [12, 21, 13, 22], [22, 3, 1, 4], [18, 1, 19, 2], [2, 19, 3, 20], [7, 5, 8, 4], [5, 17, 6, 16], [17, 7, 18, 6], [20, 13, 21, 14], [9, 15, 10, 14], [11, 9, 12, 8]]"
11n_73_76,"[[11, 9, 12, 8], [15, 11, 16, 10], [12, 21, 13, 22], [22, 3, 1, 4], [18, 1, 19, 2], [2, 19, 3, 20], [7, 5, 8, 4], [5, 17, 6, 16], [17, 7, 18, 6], [20, 13, 21, 14], [9, 15, 10, 14]]"
11n_73_77,"[[10, 16, 11, 15], [12, 10, 13, 9], [16, 12, 17, 11], [13, 22, 14, 1], [1, 4, 2, 5], [19, 2, 20, 3], [3, 20, 4, 21], [8, 6, 9, 5], [6, 18, 7, 17], [18, 8, 19, 7], [21, 14, 22, 15]]"
11n_73_78,"[[21, 14, 22, 15], [10, 16, 11, 15], [12, 10, 13, 9], [16, 12, 17, 11], [13, 22, 14, 1], [1, 4, 2, 5], [19, 2, 20, 3], [3, 20, 4, 21], [8, 6, 9, 5], [6, 18, 7, 17], [18, 8, 19, 7]]"
11n_73_79,"[[18, 8, 19, 7], [21, 14, 22, 15], [10, 16, 11, 15], [12, 10, 13, 9], [16, 12, 17, 11], [13, 22, 14, 1], [1, 4, 2, 5], [19, 2, 20, 3], [3, 20, 4, 21], [8, 6, 9, 5], [6, 18, 7, 17]]"
11n_73_80,"[[6, 18, 7, 17], [18, 8, 19, 7], [21, 14, 22, 15], [10, 16, 11, 15], [12, 10, 13, 9], [16, 12, 17, 11], [13, 22, 14, 1], [1, 4, 2, 5], [19, 2, 20, 3], [3, 20, 4, 21], [8, 6, 9, 5]]"
11n_73_81,"[[8, 6, 9, 5], [6, 18, 7, 17], [18, 8, 19, 7], [21, 14, 22, 15], [10, 16, 11, 15], [12, 10, 13, 9], [16, 12, 17, 11], [13, 22, 14, 1], [1, 4, 2, 5], [19, 2, 20, 3], [3, 20, 4, 21]]"
11n_73_82,"[[3, 20, 4, 21], [8, 6, 9, 5], [6, 18, 7, 17], [18, 8, 19, 7], [21, 14, 22, 15], [10, 16, 11, 15], [12, 10, 13, 9], [16, 12, 17, 11], [13, 22, 14, 1], [1, 4, 2, 5], [19, 2, 20, 3]]"
11n_73_83,"[[19, 2, 20, 3], [3, 20, 4, 21], [8, 6, 9, 5], [6, 18, 7, 17], [18, 8, 19, 7], [21, 14, 22, 15], [10, 16, 11, 15], [12, 10, 13, 9], [16, 12, 17, 11], [13, 22, 14, 1], [1, 4, 2, 5]]"
11n_73_84,"[[1, 4, 2, 5], [19, 2, 20, 3], [3, 20, 4, 21], [8, 6, 9, 5], [6, 18, 7, 17], [18, 8, 19, 7], [21, 14, 22, 15], [10, 16, 11, 15], [12, 10, 13, 9], [16, 12, 17, 11], [13, 22, 14, 1]]"
11n_73_85,"[[13, 22, 14, 1], [1, 4, 2, 5], [19, 2, 20, 3], [3, 20, 4, 21], [8, 6, 9, 5], [6, 18, 7, 17], [18, 8, 19, 7], [21, 14, 22, 15], [10, 16, 11, 15], [12, 10, 13, 9], [16, 12, 17, 11]]"
11n_73_86,"[[16, 12, 17, 11], [13, 22, 14, 1], [1, 4, 2, 5], [19, 2, 20, 3], [3, 20, 4, 21], [8, 6, 9, 5], [6, 18, 7, 17], [18, 8, 19, 7], [21, 14, 22, 15], [10, 16, 11, 15], [12, 10, 13, 9]]"
11n_73_87,"[[12, 10, 13, 9], [16, 12, 17, 11], [13, 22, 14, 1], [1, 4, 2, 5], [19, 2, 20, 3], [3, 20, 4, 21], [8, 6, 9, 5], [6, 18, 7, 17], [18, 8, 19, 7], [21, 14, 22, 15], [10, 16, 11, 15]]"
11n_73_88,"[[11, 17, 12, 16], [13, 11, 14, 10], [17, 13, 18, 12], [14, 1, 15, 2], [2, 5, 3, 6], [20, 3, 21, 4], [4, 21, 5, 22], [9, 7, 10, 6], [7, 19, 8, 18], [19, 9, 20, 8], [22, 15, 1, 16]]"
11n_73_89,"[[22, 15, 1, 16], [11, 17, 12, 16], [13, 11, 14, 10], [17, 13, 18, 12], [14, 1, 15, 2], [2, 5, 3, 6], [20, 3, 21, 4], [4, 21, 5, 22], [9, 7, 10, 6], [7, 19, 8, 18], [19, 9, 20, 8]]"
11n_73_90,"[[19, 9, 20, 8], [22, 15, 1, 16], [11, 17, 12, 16], [13, 11, 14, 10], [17, 13, 18, 12], [14, 1, 15, 2], [2, 5, 3, 6], [20, 3, 21, 4], [4, 21, 5, 22], [9, 7, 10, 6], [7, 19, 8, 18]]"
11n_73_91,"[[7, 19, 8, 18], [19, 9, 20, 8], [22, 15, 1, 16], [11, 17, 12, 16], [13, 11, 14, 10], [17, 13, 18, 12], [14, 1, 15, 2], [2, 5, 3, 6], [20, 3, 21, 4], [4, 21, 5, 22], [9, 7, 10, 6]]"
11n_73_92,"[[9, 7, 10, 6], [7, 19, 8, 18], [19, 9, 20, 8], [22, 15, 1, 16], [11, 17, 12, 16], [13, 11, 14, 10], [17, 13, 18, 12], [14, 1, 15, 2], [2, 5, 3, 6], [20, 3, 21, 4], [4, 21, 5, 22]]"
11n_73_93,"[[4, 21, 5, 22], [9, 7, 10, 6], [7, 19, 8, 18], [19, 9, 20, 8], [22, 15, 1, 16], [11, 17, 12, 16], [13, 11, 14, 10], [17, 13, 18, 12], [14, 1, 15, 2], [2, 5, 3, 6], [20, 3, 21, 4]]"
11n_73_94,"[[20, 3, 21, 4], [4, 21, 5, 22], [9, 7, 10, 6], [7, 19, 8, 18], [19, 9, 20, 8], [22, 15, 1, 16], [11, 17, 12, 16], [13, 11, 14, 10], [17, 13, 18, 12], [14, 1, 15, 2], [2, 5, 3, 6]]"
11n_73_95,"[[2, 5, 3, 6], [20, 3, 21, 4], [4, 21, 5, 22], [9, 7, 10, 6], [7, 19, 8, 18], [19, 9, 20, 8], [22, 15, 1, 16], [11, 17, 12, 16], [13, 11, 14, 10], [17, 13, 18, 12], [14, 1, 15, 2]]"
11n_73_96,"[[14, 1, 15, 2], [2, 5, 3, 6], [20, 3, 21, 4], [4, 21, 5, 22], [9, 7, 10, 6], [7, 19, 8, 18], [19, 9, 20, 8], [22, 15, 1, 16], [11, 17, 12, 16], [13, 11, 14, 10], [17, 13, 18, 12]]"
11n_73_97,"[[17, 13, 18, 12], [14, 1, 15, 2], [2, 5, 3, 6], [20, 3, 21, 4], [4, 21, 5, 22], [9, 7, 10, 6], [7, 19, 8, 18], [19, 9, 20, 8], [22, 15, 1, 16], [11, 17, 12, 16], [13, 11, 14, 10]]"
11n_73_98,"[[13, 11, 14, 10], [17, 13, 18, 12], [14, 1, 15, 2], [2, 5, 3, 6], [20, 3, 21, 4], [4, 21, 5, 22], [9, 7, 10, 6], [7, 19, 8, 18], [19, 9, 20, 8], [22, 15, 1, 16], [11, 17, 12, 16]]"
11n_73_99,"[[12, 18, 13, 17], [14, 12, 15, 11], [18, 14, 19, 13], [15, 2, 16, 3], [3, 6, 4, 7], [21, 4, 22, 5], [5, 22, 6, 1], [10, 8, 11, 7], [8, 20, 9, 19], [20, 10, 21, 9], [1, 16, 2, 17]]"
11n_73_100,"[[1, 16, 2, 17], [12, 18, 13, 17], [14, 12, 15, 11], [18, 14, 19, 13], [15, 2, 16, 3], [3, 6, 4, 7], [21, 4, 22, 5], [5, 22, 6, 1], [10, 8, 11, 7], [8, 20, 9, 19], [20, 10, 21, 9]]"
11n_73_101,"[[20, 10, 21, 9], [1, 16, 2, 17], [12, 18, 13, 17], [14, 12, 15, 11], [18, 14, 19, 13], [15, 2, 16, 3], [3, 6, 4, 7], [21, 4, 22, 5], [5, 22, 6, 1], [10, 8, 11, 7], [8, 20, 9, 19]]"
11n_73_102,"[[8, 20, 9, 19], [20, 10, 21, 9], [1, 16, 2, 17], [12, 18, 13, 17], [14, 12, 15, 11], [18, 14, 19, 13], [15, 2, 16, 3], [3, 6, 4, 7], [21, 4, 22, 5], [5, 22, 6, 1], [10, 8, 11, 7]]"
11n_73_103,"[[10, 8, 11, 7], [8, 20, 9, 19], [20, 10, 21, 9], [1, 16, 2, 17], [12, 18, 13, 17], [14, 12, 15, 11], [18, 14, 19, 13], [15, 2, 16, 3], [3, 6, 4, 7], [21, 4, 22, 5], [5, 22, 6, 1]]"
11n_73_104,"[[5, 22, 6, 1], [10, 8, 11, 7], [8, 20, 9, 19], [20, 10, 21, 9], [1, 16, 2, 17], [12, 18, 13, 17], [14, 12, 15, 11], [18, 14, 19, 13], [15, 2, 16, 3], [3, 6, 4, 7], [21, 4, 22, 5]]"
11n_73_105,"[[21, 4, 22, 5], [5, 22, 6, 1], [10, 8, 11, 7], [8, 20, 9, 19], [20, 10, 21, 9], [1, 16, 2, 17], [12, 18, 13, 17], [14, 12, 15, 11], [18, 14, 19, 13], [15, 2, 16, 3], [3, 6, 4, 7]]"
11n_73_106,"[[3, 6, 4, 7], [21, 4, 22, 5], [5, 22, 6, 1], [10, 8, 11, 7], [8, 20, 9, 19], [20, 10, 21, 9], [1, 16, 2, 17], [12, 18, 13, 17], [14, 12, 15, 11], [18, 14, 19, 13], [15, 2, 16, 3]]"
11n_73_107,"[[15, 2, 16, 3], [3, 6, 4, 7], [21, 4, 22, 5], [5, 22, 6, 1], [10, 8, 11, 7], [8, 20, 9, 19], [20, 10, 21, 9], [1, 16, 2, 17], [12, 18, 13, 17], [14, 12, 15, 11], [18, 14, 19, 13]]"
11n_73_108,"[[18, 14, 19, 13], [15, 2, 16, 3], [3, 6, 4, 7], [21, 4, 22, 5], [5, 22, 6, 1], [10, 8, 11, 7], [8, 20, 9, 19], [20, 10, 21, 9], [1, 16, 2, 17], [12, 18, 13, 17], [14, 12, 15, 11]]"
11n_73_109,"[[14, 12, 15, 11], [18, 14, 19, 13], [15, 2, 16, 3], [3, 6, 4, 7], [21, 4, 22, 5], [5, 22, 6, 1], [10, 8, 11, 7], [8, 20, 9, 19], [20, 10, 21, 9], [1, 16, 2, 17], [12, 18, 13, 17]]"
11n_73_110,"[[13, 19, 14, 18], [15, 13, 16, 12], [19, 15, 20, 14], [16, 3, 17, 4], [4, 7, 5, 8], [22, 5, 1, 6], [6, 1, 7, 2], [11, 9, 12, 8], [9, 21, 10, 20], [21, 11, 22, 10], [2, 17, 3, 18]]"
11n_73_111,"[[2, 17, 3, 18], [13, 19, 14, 18], [15, 13, 16, 12], [19, 15, 20, 14], [16, 3, 17, 4], [4, 7, 5, 8], [22, 5, 1, 6], [6, 1, 7, 2], [11, 9, 12, 8], [9, 21, 10, 20], [21, 11, 22, 10]]"
11n_73_112,"[[21, 11, 22, 10], [2, 17, 3, 18], [13, 19, 14, 18], [15, 13, 16, 12], [19, 15, 20, 14], [16, 3, 17, 4], [4, 7, 5, 8], [22, 5, 1, 6], [6, 1, 7, 2], [11, 9, 12, 8], [9, 21, 10, 20]]"
11n_73_113,"[[9, 21, 10, 20], [21, 11, 22, 10], [2, 17, 3, 18], [13, 19, 14, 18], [15, 13, 16, 12], [19, 15, 20, 14], [16, 3, 17, 4], [4, 7, 5, 8], [22, 5, 1, 6], [6, 1, 7, 2], [11, 9, 12, 8]]"
11n_73_114,"[[11, 9, 12, 8], [9, 21, 10, 20], [21, 11, 22, 10], [2, 17, 3, 18], [13, 19, 14, 18], [15, 13, 16, 12], [19, 15, 20, 14], [16, 3, 17, 4], [4, 7, 5, 8], [22, 5, 1, 6], [6, 1, 7, 2]]"
11n_73_115,"[[6, 1, 7, 2], [11, 9, 12, 8], [9, 21, 10, 20], [21, 11, 22, 10], [2, 17, 3, 18], [13, 19, 14, 18], [15, 13, 16, 12], [19, 15, 20, 14], [16, 3, 17, 4], [4, 7, 5, 8], [22, 5, 1, 6]]"
11n_73_116,"[[22, 5, 1, 6], [6, 1, 7, 2], [11, 9, 12, 8], [9, 21, 10, 20], [21, 11, 22, 10], [2, 17, 3, 18], [13, 19, 14, 18], [15, 13, 16, 12], [19, 15, 20, 14], [16, 3, 17, 4], [4, 7, 5, 8]]"
11n_73_117,"[[4, 7, 5, 8], [22, 5, 1, 6], [6, 1, 7, 2], [11, 9, 12, 8], [9, 21, 10, 20], [21, 11, 22, 10], [2, 17, 3, 18], [13, 19, 14, 18], [15, 13, 16, 12], [19, 15, 20, 14], [16, 3, 17, 4]]"
11n_73_118,"[[16, 3, 17, 4], [4, 7, 5, 8], [22, 5, 1, 6], [6, 1, 7, 2], [11, 9, 12, 8], [9, 21, 10, 20], [21, 11, 22, 10], [2, 17, 3, 18], [13, 19, 14, 18], [15, 13, 16, 12], [19, 15, 20, 14]]"
11n_73_119,"[[19, 15, 20, 14], [16, 3, 17, 4], [4, 7, 5, 8], [22, 5, 1, 6], [6, 1, 7, 2], [11, 9, 12, 8], [9, 21, 10, 20], [21, 11, 22, 10], [2, 17, 3, 18], [13, 19, 14, 18], [15, 13, 16, 12]]"
11n_73_120,"[[15, 13, 16, 12], [19, 15, 20, 14], [16, 3, 17, 4], [4, 7, 5, 8], [22, 5, 1, 6], [6, 1, 7, 2], [11, 9, 12, 8], [9, 21, 10, 20], [21, 11, 22, 10], [2, 17, 3, 18], [13, 19, 14, 18]]"
11n_73_121,"[[14, 20, 15, 19], [16, 14, 17, 13], [20, 16, 21, 15], [17, 4, 18, 5], [5, 8, 6, 9], [1, 6, 2, 7], [7, 2, 8, 3], [12, 10, 13, 9], [10, 22, 11, 21], [22, 12, 1, 11], [3, 18, 4, 19]]"
11n_73_122,"[[3, 18, 4, 19], [14, 20, 15, 19], [16, 14, 17, 13], [20, 16, 21, 15], [17, 4, 18, 5], [5, 8, 6, 9], [1, 6, 2, 7], [7, 2, 8, 3], [12, 10, 13, 9], [10, 22, 11, 21], [22, 12, 1, 11]]"
11n_73_123,"[[22, 12, 1, 11], [3, 18, 4, 19], [14, 20, 15, 19], [16, 14, 17, 13], [20, 16, 21, 15], [17, 4, 18, 5], [5, 8, 6, 9], [1, 6, 2, 7], [7, 2, 8, 3], [12, 10, 13, 9], [10, 22, 11, 21]]"
11n_73_124,"[[10, 22, 11, 21], [22, 12, 1, 11], [3, 18, 4, 19], [14, 20, 15, 19], [16, 14, 17, 13], [20, 16, 21, 15], [17, 4, 18, 5], [5, 8, 6, 9], [1, 6, 2, 7], [7, 2, 8, 3], [12, 10, 13, 9]]"
11n_73_125,"[[12, 10, 13, 9], [10, 22, 11, 21], [22, 12, 1, 11], [3, 18, 4, 19], [14, 20, 15, 19], [16, 14, 17, 13], [20, 16, 21, 15], [17, 4, 18, 5], [5, 8, 6, 9], [1, 6, 2, 7], [7, 2, 8, 3]]"
11n_73_126,"[[7, 2, 8, 3], [12, 10, 13, 9], [10, 22, 11, 21], [22, 12, 1, 11], [3, 18, 4, 19], [14, 20, 15, 19], [16, 14, 17, 13], [20, 16, 21, 15], [17, 4, 18, 5], [5, 8, 6, 9], [1, 6, 2, 7]]"
11n_73_127,"[[1, 6, 2, 7], [7, 2, 8, 3], [12, 10, 13, 9], [10, 22, 11, 21], [22, 12, 1, 11], [3, 18, 4, 19], [14, 20, 15, 19], [16, 14, 17, 13], [20, 16, 21, 15], [17, 4, 18, 5], [5, 8, 6, 9]]"
11n_73_128,"[[5, 8, 6, 9], [1, 6, 2, 7], [7, 2, 8, 3], [12, 10, 13, 9], [10, 22, 11, 21], [22, 12, 1, 11], [3, 18, 4, 19], [14, 20, 15, 19], [16, 14, 17, 13], [20, 16, 21, 15], [17, 4, 18, 5]]"
11n_73_129,"[[17, 4, 18, 5], [5, 8, 6, 9], [1, 6, 2, 7], [7, 2, 8, 3], [12, 10, 13, 9], [10, 22, 11, 21], [22, 12, 1, 11], [3, 18, 4, 19], [14, 20, 15, 19], [16, 14, 17, 13], [20, 16, 21, 15]]"
11n_73_130,"[[20, 16, 21, 15], [17, 4, 18, 5], [5, 8, 6, 9], [1, 6, 2, 7], [7, 2, 8, 3], [12, 10, 13, 9], [10, 22, 11, 21], [22, 12, 1, 11], [3, 18, 4, 19], [14, 20, 15, 19], [16, 14, 17, 13]]"
11n_73_131,"[[16, 14, 17, 13], [20, 16, 21, 15], [17, 4, 18, 5], [5, 8, 6, 9], [1, 6, 2, 7], [7, 2, 8, 3], [12, 10, 13, 9], [10, 22, 11, 21], [22, 12, 1, 11], [3, 18, 4, 19], [14, 20, 15, 19]]"
11n_73_132,"[[15, 21, 16, 20], [17, 15, 18, 14], [21, 17, 22, 16], [18, 5, 19, 6], [6, 9, 7, 10], [2, 7, 3, 8], [8, 3, 9, 4], [13, 11, 14, 10], [11, 1, 12, 22], [1, 13, 2, 12], [4, 19, 5, 20]]"
11n_73_133,"[[4, 19, 5, 20], [15, 21, 16, 20], [17, 15, 18, 14], [21, 17, 22, 16], [18, 5, 19, 6], [6, 9, 7, 10], [2, 7, 3, 8], [8, 3, 9, 4], [13, 11, 14, 10], [11, 1, 12, 22], [1, 13, 2, 12]]"
11n_73_134,"[[1, 13, 2, 12], [4, 19, 5, 20], [15, 21, 16, 20], [17, 15, 18, 14], [21, 17, 22, 16], [18, 5, 19, 6], [6, 9, 7, 10], [2, 7, 3, 8], [8, 3, 9, 4], [13, 11, 14, 10], [11, 1, 12, 22]]"
11n_73_135,"[[11, 1, 12, 22], [1, 13, 2, 12], [4, 19, 5, 20], [15, 21, 16, 20], [17, 15, 18, 14], [21, 17, 22, 16], [18, 5, 19, 6], [6, 9, 7, 10], [2, 7, 3, 8], [8, 3, 9, 4], [13, 11, 14, 10]]"
11n_73_136,"[[13, 11, 14, 10], [11, 1, 12, 22], [1, 13, 2, 12], [4, 19, 5, 20], [15, 21, 16, 20], [17, 15, 18, 14], [21, 17, 22, 16], [18, 5, 19, 6], [6, 9, 7, 10], [2, 7, 3, 8], [8, 3, 9, 4]]"
11n_73_137,"[[8, 3, 9, 4], [13, 11, 14, 10], [11, 1, 12, 22], [1, 13, 2, 12], [4, 19, 5, 20], [15, 21, 16, 20], [17, 15, 18, 14], [21, 17, 22, 16], [18, 5, 19, 6], [6, 9, 7, 10], [2, 7, 3, 8]]"
11n_73_138,"[[2, 7, 3, 8], [8, 3, 9, 4], [13, 11, 14, 10], [11, 1, 12, 22], [1, 13, 2, 12], [4, 19, 5, 20], [15, 21, 16, 20], [17, 15, 18, 14], [21, 17, 22, 16], [18, 5, 19, 6], [6, 9, 7, 10]]"
11n_73_139,"[[6, 9, 7, 10], [2, 7, 3, 8], [8, 3, 9, 4], [13, 11, 14, 10], [11, 1, 12, 22], [1, 13, 2, 12], [4, 19, 5, 20], [15, 21, 16, 20], [17, 15, 18, 14], [21, 17, 22, 16], [18, 5, 19, 6]]"
11n_73_140,"[[18, 5, 19, 6], [6, 9, 7, 10], [2, 7, 3, 8], [8, 3, 9, 4], [13, 11, 14, 10], [11, 1, 12, 22], [1, 13, 2, 12], [4, 19, 5, 20], [15, 21, 16, 20], [17, 15, 18, 14], [21, 17, 22, 16]]"
11n_73_141,"[[21, 17, 22, 16], [18, 5, 19, 6], [6, 9, 7, 10], [2, 7, 3, 8], [8, 3, 9, 4], [13, 11, 14, 10], [11, 1, 12, 22], [1, 13, 2, 12], [4, 19, 5, 20], [15, 21, 16, 20], [17, 15, 18, 14]]"
11n_73_142,"[[17, 15, 18, 14], [21, 17, 22, 16], [18, 5, 19, 6], [6, 9, 7, 10], [2, 7, 3, 8], [8, 3, 9, 4], [13, 11, 14, 10], [11, 1, 12, 22], [1, 13, 2, 12], [4, 19, 5, 20], [15, 21, 16, 20]]"
11n_73_143,"[[16, 22, 17, 21], [18, 16, 19, 15], [22, 18, 1, 17], [19, 6, 20, 7], [7, 10, 8, 11], [3, 8, 4, 9], [9, 4, 10, 5], [14, 12, 15, 11], [12, 2, 13, 1], [2, 14, 3, 13], [5, 20, 6, 21]]"
11n_73_144,"[[5, 20, 6, 21], [16, 22, 17, 21], [18, 16, 19, 15], [22, 18, 1, 17], [19, 6, 20, 7], [7, 10, 8, 11], [3, 8, 4, 9], [9, 4, 10, 5], [14, 12, 15, 11], [12, 2, 13, 1], [2, 14, 3, 13]]"
11n_73_145,"[[2, 14, 3, 13], [5, 20, 6, 21], [16, 22, 17, 21], [18, 16, 19, 15], [22, 18, 1, 17], [19, 6, 20, 7], [7, 10, 8, 11], [3, 8, 4, 9], [9, 4, 10, 5], [14, 12, 15, 11], [12, 2, 13, 1]]"
11n_73_146,"[[12, 2, 13, 1], [2, 14, 3, 13], [5, 20, 6, 21], [16, 22, 17, 21], [18, 16, 19, 15], [22, 18, 1, 17], [19, 6, 20, 7], [7, 10, 8, 11], [3, 8, 4, 9], [9, 4, 10, 5], [14, 12, 15, 11]]"
11n_73_147,"[[14, 12, 15, 11], [12, 2, 13, 1], [2, 14, 3, 13], [5, 20, 6, 21], [16, 22, 17, 21], [18, 16, 19, 15], [22, 18, 1, 17], [19, 6, 20, 7], [7, 10, 8, 11], [3, 8, 4, 9], [9, 4, 10, 5]]"
11n_73_148,"[[9, 4, 10, 5], [14, 12, 15, 11], [12, 2, 13, 1], [2, 14, 3, 13], [5, 20, 6, 21], [16, 22, 17, 21], [18, 16, 19, 15], [22, 18, 1, 17], [19, 6, 20, 7], [7, 10, 8, 11], [3, 8, 4, 9]]"
11n_73_149,"[[3, 8, 4, 9], [9, 4, 10, 5], [14, 12, 15, 11], [12, 2, 13, 1], [2, 14, 3, 13], [5, 20, 6, 21], [16, 22, 17, 21], [18, 16, 19, 15], [22, 18, 1, 17], [19, 6, 20, 7], [7, 10, 8, 11]]"
11n_73_150,"[[7, 10, 8, 11], [3, 8, 4, 9], [9, 4, 10, 5], [14, 12, 15, 11], [12, 2, 13, 1], [2, 14, 3, 13], [5, 20, 6, 21], [16, 22, 17, 21], [18, 16, 19, 15], [22, 18, 1, 17], [19, 6, 20, 7]]"
11n_73_151,"[[19, 6, 20, 7], [7, 10, 8, 11], [3, 8, 4, 9], [9, 4, 10, 5], [14, 12, 15, 11], [12, 2, 13, 1], [2, 14, 3, 13], [5, 20, 6, 21], [16, 22, 17, 21], [18, 16, 19, 15], [22, 18, 1, 17]]"
11n_73_152,"[[22, 18, 1, 17], [19, 6, 20, 7], [7, 10, 8, 11], [3, 8, 4, 9], [9, 4, 10, 5], [14, 12, 15, 11], [12, 2, 13, 1], [2, 14, 3, 13], [5, 20, 6, 21], [16, 22, 17, 21], [18, 16, 19, 15]]"
11n_73_153,"[[18, 16, 19, 15], [22, 18, 1, 17], [19, 6, 20, 7], [7, 10, 8, 11], [3, 8, 4, 9], [9, 4, 10, 5], [14, 12, 15, 11], [12, 2, 13, 1], [2, 14, 3, 13], [5, 20, 6, 21], [16, 22, 17, 21]]"
11n_73_154,"[[17, 1, 18, 22], [19, 17, 20, 16], [1, 19, 2, 18], [20, 7, 21, 8], [8, 11, 9, 12], [4, 9, 5, 10], [10, 5, 11, 6], [15, 13, 16, 12], [13, 3, 14, 2], [3, 15, 4, 14], [6, 21, 7, 22]]"
11n_73_155,"[[6, 21, 7, 22], [17, 1, 18, 22], [19, 17, 20, 16], [1, 19, 2, 18], [20, 7, 21, 8], [8, 11, 9, 12], [4, 9, 5, 10], [10, 5, 11, 6], [15, 13, 16, 12], [13, 3, 14, 2], [3, 15, 4, 14]]"
11n_73_156,"[[3, 15, 4, 14], [6, 21, 7, 22], [17, 1, 18, 22], [19, 17, 20, 16], [1, 19, 2, 18], [20, 7, 21, 8], [8, 11, 9, 12], [4, 9, 5, 10], [10, 5, 11, 6], [15, 13, 16, 12], [13, 3, 14, 2]]"
11n_73_157,"[[13, 3, 14, 2], [3, 15, 4, 14], [6, 21, 7, 22], [17, 1, 18, 22], [19, 17, 20, 16], [1, 19, 2, 18], [20, 7, 21, 8], [8, 11, 9, 12], [4, 9, 5, 10], [10, 5, 11, 6], [15, 13, 16, 12]]"
11n_73_158,"[[15, 13, 16, 12], [13, 3, 14, 2], [3, 15, 4, 14], [6, 21, 7, 22], [17, 1, 18, 22], [19, 17, 20, 16], [1, 19, 2, 18], [20, 7, 21, 8], [8, 11, 9, 12], [4, 9, 5, 10], [10, 5, 11, 6]]"
11n_73_159,"[[10, 5, 11, 6], [15, 13, 16, 12], [13, 3, 14, 2], [3, 15, 4, 14], [6, 21, 7, 22], [17, 1, 18, 22], [19, 17, 20, 16], [1, 19, 2, 18], [20, 7, 21, 8], [8, 11, 9, 12], [4, 9, 5, 10]]"
11n_73_160,"[[4, 9, 5, 10], [10, 5, 11, 6], [15, 13, 16, 12], [13, 3, 14, 2], [3, 15, 4, 14], [6, 21, 7, 22], [17, 1, 18, 22], [19, 17, 20, 16], [1, 19, 2, 18], [20, 7, 21, 8], [8, 11, 9, 12]]"
11n_73_161,"[[8, 11, 9, 12], [4, 9, 5, 10], [10, 5, 11, 6], [15, 13, 16, 12], [13, 3, 14, 2], [3, 15, 4, 14], [6, 21, 7, 22], [17, 1, 18, 22], [19, 17, 20, 16], [1, 19, 2, 18], [20, 7, 21, 8]]"
11n_73_162,"[[20, 7, 21, 8], [8, 11, 9, 12], [4, 9, 5, 10], [10, 5, 11, 6], [15, 13, 16, 12], [13, 3, 14, 2], [3, 15, 4, 14], [6, 21, 7, 22], [17, 1, 18, 22], [19, 17, 20, 16], [1, 19, 2, 18]]"
11n_73_163,"[[1, 19, 2, 18], [20, 7, 21, 8], [8, 11, 9, 12], [4, 9, 5, 10], [10, 5, 11, 6], [15, 13, 16, 12], [13, 3, 14, 2], [3, 15, 4, 14], [6, 21, 7, 22], [17, 1, 18, 22], [19, 17, 20, 16]]"
11n_73_164,"[[19, 17, 20, 16], [1, 19, 2, 18], [20, 7, 21, 8], [8, 11, 9, 12], [4, 9, 5, 10], [10, 5, 11, 6], [15, 13, 16, 12], [13, 3, 14, 2], [3, 15, 4, 14], [6, 21, 7, 22], [17, 1, 18, 22]]"
11n_73_165,"[[18, 2, 19, 1], [20, 18, 21, 17], [2, 20, 3, 19], [21, 8, 22, 9], [9, 12, 10, 13], [5, 10, 6, 11], [11, 6, 12, 7], [16, 14, 17, 13], [14, 4, 15, 3], [4, 16, 5, 15], [7, 22, 8, 1]]"
11n_73_166,"[[7, 22, 8, 1], [18, 2, 19, 1], [20, 18, 21, 17], [2, 20, 3, 19], [21, 8, 22, 9], [9, 12, 10, 13], [5, 10, 6, 11], [11, 6, 12, 7], [16, 14, 17, 13], [14, 4, 15, 3], [4, 16, 5, 15]]"
11n_73_167,"[[4, 16, 5, 15], [7, 22, 8, 1], [18, 2, 19, 1], [20, 18, 21, 17], [2, 20, 3, 19], [21, 8, 22, 9], [9, 12, 10, 13], [5, 10, 6, 11], [11, 6, 12, 7], [16, 14, 17, 13], [14, 4, 15, 3]]"
11n_73_168,"[[14, 4, 15, 3], [4, 16, 5, 15], [7, 22, 8, 1], [18, 2, 19, 1], [20, 18, 21, 17], [2, 20, 3, 19], [21, 8, 22, 9], [9, 12, 10, 13], [5, 10, 6, 11], [11, 6, 12, 7], [16, 14, 17, 13]]"
11n_73_169,"[[16, 14, 17, 13], [14, 4, 15, 3], [4, 16, 5, 15], [7, 22, 8, 1], [18, 2, 19, 1], [20, 18, 21, 17], [2, 20, 3, 19], [21, 8, 22, 9], [9, 12, 10, 13], [5, 10, 6, 11], [11, 6, 12, 7]]"
11n_73_170,"[[11, 6, 12, 7], [16, 14, 17, 13], [14, 4, 15, 3], [4, 16, 5, 15], [7, 22, 8, 1], [18, 2, 19, 1], [20, 18, 21, 17], [2, 20, 3, 19], [21, 8, 22, 9], [9, 12, 10, 13], [5, 10, 6, 11]]"
11n_73_171,"[[5, 10, 6, 11], [11, 6, 12, 7], [16, 14, 17, 13], [14, 4, 15, 3], [4, 16, 5, 15], [7, 22, 8, 1], [18, 2, 19, 1], [20, 18, 21, 17], [2, 20, 3, 19], [21, 8, 22, 9], [9, 12, 10, 13]]"
11n_73_172,"[[9, 12, 10, 13], [5, 10, 6, 11], [11, 6, 12, 7], [16, 14, 17, 13], [14, 4, 15, 3], [4, 16, 5, 15], [7, 22, 8, 1], [18, 2, 19, 1], [20, 18, 21, 17], [2, 20, 3, 19], [21, 8, 22, 9]]"
11n_73_173,"[[21, 8, 22, 9], [9, 12, 10, 13], [5, 10, 6, 11], [11, 6, 12, 7], [16, 14, 17, 13], [14, 4, 15, 3], [4, 16, 5, 15], [7, 22, 8, 1], [18, 2, 19, 1], [20, 18, 21, 17], [2, 20, 3, 19]]"
11n_73_174,"[[2, 20, 3, 19], [21, 8, 22, 9], [9, 12, 10, 13], [5, 10, 6, 11], [11, 6, 12, 7], [16, 14, 17, 13], [14, 4, 15, 3], [4, 16, 5, 15], [7, 22, 8, 1], [18, 2, 19, 1], [20, 18, 21, 17]]"
11n_73_175,"[[20, 18, 21, 17], [2, 20, 3, 19], [21, 8, 22, 9], [9, 12, 10, 13], [5, 10, 6, 11], [11, 6, 12, 7], [16, 14, 17, 13], [14, 4, 15, 3], [4, 16, 5, 15], [7, 22, 8, 1], [18, 2, 19, 1]]"
11n_73_176,"[[19, 3, 20, 2], [21, 19, 22, 18], [3, 21, 4, 20], [22, 9, 1, 10], [10, 13, 11, 14], [6, 11, 7, 12], [12, 7, 13, 8], [17, 15, 18, 14], [15, 5, 16, 4], [5, 17, 6, 16], [8, 1, 9, 2]]"
11n_73_177,"[[8, 1, 9, 2], [19, 3, 20, 2], [21, 19, 22, 18], [3, 21, 4, 20], [22, 9, 1, 10], [10, 13, 11, 14], [6, 11, 7, 12], [12, 7, 13, 8], [17, 15, 18, 14], [15, 5, 16, 4], [5, 17, 6, 16]]"
11n_73_178,"[[5, 17, 6, 16], [8, 1, 9, 2], [19, 3, 20, 2], [21, 19, 22, 18], [3, 21, 4, 20], [22, 9, 1, 10], [10, 13, 11, 14], [6, 11, 7, 12], [12, 7, 13, 8], [17, 15, 18, 14], [15, 5, 16, 4]]"
11n_73_179,"[[15, 5, 16, 4], [5, 17, 6, 16], [8, 1, 9, 2], [19, 3, 20, 2], [21, 19, 22, 18], [3, 21, 4, 20], [22, 9, 1, 10], [10, 13, 11, 14], [6, 11, 7, 12], [12, 7, 13, 8], [17, 15, 18, 14]]"
11n_73_180,"[[17, 15, 18, 14], [15, 5, 16, 4], [5, 17, 6, 16], [8, 1, 9, 2], [19, 3, 20, 2], [21, 19, 22, 18], [3, 21, 4, 20], [22, 9, 1, 10], [10, 13, 11, 14], [6, 11, 7, 12], [12, 7, 13, 8]]"
11n_73_181,"[[12, 7, 13, 8], [17, 15, 18, 14], [15, 5, 16, 4], [5, 17, 6, 16], [8, 1, 9, 2], [19, 3, 20, 2], [21, 19, 22, 18], [3, 21, 4, 20], [22, 9, 1, 10], [10, 13, 11, 14], [6, 11, 7, 12]]"
11n_73_182,"[[6, 11, 7, 12], [12, 7, 13, 8], [17, 15, 18, 14], [15, 5, 16, 4], [5, 17, 6, 16], [8, 1, 9, 2], [19, 3, 20, 2], [21, 19, 22, 18], [3, 21, 4, 20], [22, 9, 1, 10], [10, 13, 11, 14]]"
11n_73_183,"[[10, 13, 11, 14], [6, 11, 7, 12], [12, 7, 13, 8], [17, 15, 18, 14], [15, 5, 16, 4], [5, 17, 6, 16], [8, 1, 9, 2], [19, 3, 20, 2], [21, 19, 22, 18], [3, 21, 4, 20], [22, 9, 1, 10]]"
11n_73_184,"[[22, 9, 1, 10], [10, 13, 11, 14], [6, 11, 7, 12], [12, 7, 13, 8], [17, 15, 18, 14], [15, 5, 16, 4], [5, 17, 6, 16], [8, 1, 9, 2], [19, 3, 20, 2], [21, 19, 22, 18], [3, 21, 4, 20]]"
11n_73_185,"[[3, 21, 4, 20], [22, 9, 1, 10], [10, 13, 11, 14], [6, 11, 7, 12], [12, 7, 13, 8], [17, 15, 18, 14], [15, 5, 16, 4], [5, 17, 6, 16], [8, 1, 9, 2], [19, 3, 20, 2], [21, 19, 22, 18]]"
11n_73_186,"[[21, 19, 22, 18], [3, 21, 4, 20], [22, 9, 1, 10], [10, 13, 11, 14], [6, 11, 7, 12], [12, 7, 13, 8], [17, 15, 18, 14], [15, 5, 16, 4], [5, 17, 6, 16], [8, 1, 9, 2], [19, 3, 20, 2]]"
11n_73_187,"[[20, 4, 21, 3], [22, 20, 1, 19], [4, 22, 5, 21], [1, 10, 2, 11], [11, 14, 12, 15], [7, 12, 8, 13], [13, 8, 14, 9], [18, 16, 19, 15], [16, 6, 17, 5], [6, 18, 7, 17], [9, 2, 10, 3]]"
11n_73_188,"[[9, 2, 10, 3], [20, 4, 21, 3], [22, 20, 1, 19], [4, 22, 5, 21], [1, 10, 2, 11], [11, 14, 12, 15], [7, 12, 8, 13], [13, 8, 14, 9], [18, 16, 19, 15], [16, 6, 17, 5], [6, 18, 7, 17]]"
11n_73_189,"[[6, 18, 7, 17], [9, 2, 10, 3], [20, 4, 21, 3], [22, 20, 1, 19], [4, 22, 5, 21], [1, 10, 2, 11], [11, 14, 12, 15], [7, 12, 8, 13], [13, 8, 14, 9], [18, 16, 19, 15], [16, 6, 17, 5]]"
11n_73_190,"[[16, 6, 17, 5], [6, 18, 7, 17], [9, 2, 10, 3], [20, 4, 21, 3], [22, 20, 1, 19], [4, 22, 5, 21], [1, 10, 2, 11], [11, 14, 12, 15], [7, 12, 8, 13], [13, 8, 14, 9], [18, 16, 19, 15]]"
11n_73_191,"[[18, 16, 19, 15], [16, 6, 17, 5], [6, 18, 7, 17], [9, 2, 10, 3], [20, 4, 21, 3], [22, 20, 1, 19], [4, 22, 5, 21], [1, 10, 2, 11], [11, 14, 12, 15], [7, 12, 8, 13], [13, 8, 14, 9]]"
11n_73_192,"[[13, 8, 14, 9], [18, 16, 19, 15], [16, 6, 17, 5], [6, 18, 7, 17], [9, 2, 10, 3], [20, 4, 21, 3], [22, 20, 1, 19], [4, 22, 5, 21], [1, 10, 2, 11], [11, 14, 12, 15], [7, 12, 8, 13]]"
11n_73_193,"[[7, 12, 8, 13], [13, 8, 14, 9], [18, 16, 19, 15], [16, 6, 17, 5], [6, 18, 7, 17], [9, 2, 10, 3], [20, 4, 21, 3], [22, 20, 1, 19], [4, 22, 5, 21], [1, 10, 2, 11], [11, 14, 12, 15]]"
11n_73_194,"[[11, 14, 12, 15], [7, 12, 8, 13], [13, 8, 14, 9], [18, 16, 19, 15], [16, 6, 17, 5], [6, 18, 7, 17], [9, 2, 10, 3], [20, 4, 21, 3], [22, 20, 1, 19], [4, 22, 5, 21], [1, 10, 2, 11]]"
11n_73_195,"[[1, 10, 2, 11], [11, 14, 12, 15], [7, 12, 8, 13], [13, 8, 14, 9], [18, 16, 19, 15], [16, 6, 17, 5], [6, 18, 7, 17], [9, 2, 10, 3], [20, 4, 21, 3], [22, 20, 1, 19], [4, 22, 5, 21]]"
11n_73_196,"[[4, 22, 5, 21], [1, 10, 2, 11], [11, 14, 12, 15], [7, 12, 8, 13], [13, 8, 14, 9], [18, 16, 19, 15], [16, 6, 17, 5], [6, 18, 7, 17], [9, 2, 10, 3], [20, 4, 21, 3], [22, 20, 1, 19]]"
11n_73_197,"[[22, 20, 1, 19], [4, 22, 5, 21], [1, 10, 2, 11], [11, 14, 12, 15], [7, 12, 8, 13], [13, 8, 14, 9], [18, 16, 19, 15], [16, 6, 17, 5], [6, 18, 7, 17], [9, 2, 10, 3], [20, 4, 21, 3]]"
11n_73_198,"[[21, 5, 22, 4], [1, 21, 2, 20], [5, 1, 6, 22], [2, 11, 3, 12], [12, 15, 13, 16], [8, 13, 9, 14], [14, 9, 15, 10], [19, 17, 20, 16], [17, 7, 18, 6], [7, 19, 8, 18], [10, 3, 11, 4]]"
11n_73_199,"[[10, 3, 11, 4], [21, 5, 22, 4], [1, 21, 2, 20], [5, 1, 6, 22], [2, 11, 3, 12], [12, 15, 13, 16], [8, 13, 9, 14], [14, 9, 15, 10], [19, 17, 20, 16], [17, 7, 18, 6], [7, 19, 8, 18]]"
11n_73_200,"[[7, 19, 8, 18], [10, 3, 11, 4], [21, 5, 22, 4], [1, 21, 2, 20], [5, 1, 6, 22], [2, 11, 3, 12], [12, 15, 13, 16], [8, 13, 9, 14], [14, 9, 15, 10], [19, 17, 20, 16], [17, 7, 18, 6]]"
11n_73_201,"[[17, 7, 18, 6], [7, 19, 8, 18], [10, 3, 11, 4], [21, 5, 22, 4], [1, 21, 2, 20], [5, 1, 6, 22], [2, 11, 3, 12], [12, 15, 13, 16], [8, 13, 9, 14], [14, 9, 15, 10], [19, 17, 20, 16]]"
11n_73_202,"[[19, 17, 20, 16], [17, 7, 18, 6], [7, 19, 8, 18], [10, 3, 11, 4], [21, 5, 22, 4], [1, 21, 2, 20], [5, 1, 6, 22], [2, 11, 3, 12], [12, 15, 13, 16], [8, 13, 9, 14], [14, 9, 15, 10]]"
11n_73_203,"[[14, 9, 15, 10], [19, 17, 20, 16], [17, 7, 18, 6], [7, 19, 8, 18], [10, 3, 11, 4], [21, 5, 22, 4], [1, 21, 2, 20], [5, 1, 6, 22], [2, 11, 3, 12], [12, 15, 13, 16], [8, 13, 9, 14]]"
11n_73_204,"[[8, 13, 9, 14], [14, 9, 15, 10], [19, 17, 20, 16], [17, 7, 18, 6], [7, 19, 8, 18], [10, 3, 11, 4], [21, 5, 22, 4], [1, 21, 2, 20], [5, 1, 6, 22], [2, 11, 3, 12], [12, 15, 13, 16]]"
