name,pd_notation
11n_109_0,"[[22, 8, 1, 7], [5, 3, 6, 2], [16, 1, 17, 2], [11, 4, 12, 5], [3, 12, 4, 13], [17, 8, 18, 9], [19, 10, 20, 11], [9, 18, 10, 19], [13, 20, 14, 21], [6, 15, 7, 16], [21, 14, 22, 15]]"
11n_109_1,"[[21, 14, 22, 15], [22, 8, 1, 7], [5, 3, 6, 2], [16, 1, 17, 2], [11, 4, 12, 5], [3, 12, 4, 13], [17, 8, 18, 9], [19, 10, 20, 11], [9, 18, 10, 19], [13, 20, 14, 21], [6, 15, 7, 16]]"
11n_109_2,"[[6, 15, 7, 16], [21, 14, 22, 15], [22, 8, 1, 7], [5, 3, 6, 2], [16, 1, 17, 2], [11, 4, 12, 5], [3, 12, 4, 13], [17, 8, 18, 9], [19, 10, 20, 11], [9, 18, 10, 19], [13, 20, 14, 21]]"
11n_109_3,"[[13, 20, 14, 21], [6, 15, 7, 16], [21, 14, 22, 15], [22, 8, 1, 7], [5, 3, 6, 2], [16, 1, 17, 2], [11, 4, 12, 5], [3, 12, 4, 13], [17, 8, 18, 9], [19, 10, 20, 11], [9, 18, 10, 19]]"
11n_109_4,"[[9, 18, 10, 19], [13, 20, 14, 21], [6, 15, 7, 16], [21, 14, 22, 15], [22, 8, 1, 7], [5, 3, 6, 2], [16, 1, 17, 2], [11, 4, 12, 5], [3, 12, 4, 13], [17, 8, 18, 9], [19, 10, 20, 11]]"
11n_109_5,"[[19, 10, 20, 11], [9, 18, 10, 19], [13, 20, 14, 21], [6, 15, 7, 16], [21, 14, 22, 15], [22, 8, 1, 7], [5, 3, 6, 2], [16, 1, 17, 2], [11, 4, 12, 5], [3, 12, 4, 13], [17, 8, 18, 9]]"
11n_109_6,"[[17, 8, 18, 9], [19, 10, 20, 11], [9, 18, 10, 19], [13, 20, 14, 21], [6, 15, 7, 16], [21, 14, 22, 15], [22, 8, 1, 7], [5, 3, 6, 2], [16, 1, 17, 2], [11, 4, 12, 5], [3, 12, 4, 13]]"
11n_109_7,"[[3, 12, 4, 13], [17, 8, 18, 9], [19, 10, 20, 11], [9, 18, 10, 19], [13, 20, 14, 21], [6, 15, 7, 16], [21, 14, 22, 15], [22, 8, 1, 7], [5, 3, 6, 2], [16, 1, 17, 2], [11, 4, 12, 5]]"
11n_109_8,"[[11, 4, 12, 5], [3, 12, 4, 13], [17, 8, 18, 9], [19, 10, 20, 11], [9, 18, 10, 19], [13, 20, 14, 21], [6, 15, 7, 16], [21, 14, 22, 15], [22, 8, 1, 7], [5, 3, 6, 2], [16, 1, 17, 2]]"
11n_109_9,"[[16, 1, 17, 2], [11, 4, 12, 5], [3, 12, 4, 13], [17, 8, 18, 9], [19, 10, 20, 11], [9, 18, 10, 19], [13, 20, 14, 21], [6, 15, 7, 16], [21, 14, 22, 15], [22, 8, 1, 7], [5, 3, 6, 2]]"
11n_109_10,"[[5, 3, 6, 2], [16, 1, 17, 2], [11, 4, 12, 5], [3, 12, 4, 13], [17, 8, 18, 9], [19, 10, 20, 11], [9, 18, 10, 19], [13, 20, 14, 21], [6, 15, 7, 16], [21, 14, 22, 15], [22, 8, 1, 7]]"
11n_109_11,"[[1, 9, 2, 8], [6, 4, 7, 3], [17, 2, 18, 3], [12, 5, 13, 6], [4, 13, 5, 14], [18, 9, 19, 10], [20, 11, 21, 12], [10, 19, 11, 20], [14, 21, 15, 22], [7, 16, 8, 17], [22, 15, 1, 16]]"
11n_109_12,"[[22, 15, 1, 16], [1, 9, 2, 8], [6, 4, 7, 3], [17, 2, 18, 3], [12, 5, 13, 6], [4, 13, 5, 14], [18, 9, 19, 10], [20, 11, 21, 12], [10, 19, 11, 20], [14, 21, 15, 22], [7, 16, 8, 17]]"
11n_109_13,"[[7, 16, 8, 17], [22, 15, 1, 16], [1, 9, 2, 8], [6, 4, 7, 3], [17, 2, 18, 3], [12, 5, 13, 6], [4, 13, 5, 14], [18, 9, 19, 10], [20, 11, 21, 12], [10, 19, 11, 20], [14, 21, 15, 22]]"
11n_109_14,"[[14, 21, 15, 22], [7, 16, 8, 17], [22, 15, 1, 16], [1, 9, 2, 8], [6, 4, 7, 3], [17, 2, 18, 3], [12, 5, 13, 6], [4, 13, 5, 14], [18, 9, 19, 10], [20, 11, 21, 12], [10, 19, 11, 20]]"
11n_109_15,"[[10, 19, 11, 20], [14, 21, 15, 22], [7, 16, 8, 17], [22, 15, 1, 16], [1, 9, 2, 8], [6, 4, 7, 3], [17, 2, 18, 3], [12, 5, 13, 6], [4, 13, 5, 14], [18, 9, 19, 10], [20, 11, 21, 12]]"
11n_109_16,"[[20, 11, 21, 12], [10, 19, 11, 20], [14, 21, 15, 22], [7, 16, 8, 17], [22, 15, 1, 16], [1, 9, 2, 8], [6, 4, 7, 3], [17, 2, 18, 3], [12, 5, 13, 6], [4, 13, 5, 14], [18, 9, 19, 10]]"
11n_109_17,"[[18, 9, 19, 10], [20, 11, 21, 12], [10, 19, 11, 20], [14, 21, 15, 22], [7, 16, 8, 17], [22, 15, 1, 16], [1, 9, 2, 8], [6, 4, 7, 3], [17, 2, 18, 3], [12, 5, 13, 6], [4, 13, 5, 14]]"
11n_109_18,"[[4, 13, 5, 14], [18, 9, 19, 10], [20, 11, 21, 12], [10, 19, 11, 20], [14, 21, 15, 22], [7, 16, 8, 17], [22, 15, 1, 16], [1, 9, 2, 8], [6, 4, 7, 3], [17, 2, 18, 3], [12, 5, 13, 6]]"
11n_109_19,"[[12, 5, 13, 6], [4, 13, 5, 14], [18, 9, 19, 10], [20, 11, 21, 12], [10, 19, 11, 20], [14, 21, 15, 22], [7, 16, 8, 17], [22, 15, 1, 16], [1, 9, 2, 8], [6, 4, 7, 3], [17, 2, 18, 3]]"
11n_109_20,"[[17, 2, 18, 3], [12, 5, 13, 6], [4, 13, 5, 14], [18, 9, 19, 10], [20, 11, 21, 12], [10, 19, 11, 20], [14, 21, 15, 22], [7, 16, 8, 17], [22, 15, 1, 16], [1, 9, 2, 8], [6, 4, 7, 3]]"
11n_109_21,"[[6, 4, 7, 3], [17, 2, 18, 3], [12, 5, 13, 6], [4, 13, 5, 14], [18, 9, 19, 10], [20, 11, 21, 12], [10, 19, 11, 20], [14, 21, 15, 22], [7, 16, 8, 17], [22, 15, 1, 16], [1, 9, 2, 8]]"
11n_109_22,"[[2, 10, 3, 9], [7, 5, 8, 4], [18, 3, 19, 4], [13, 6, 14, 7], [5, 14, 6, 15], [19, 10, 20, 11], [21, 12, 22, 13], [11, 20, 12, 21], [15, 22, 16, 1], [8, 17, 9, 18], [1, 16, 2, 17]]"
11n_109_23,"[[1, 16, 2, 17], [2, 10, 3, 9], [7, 5, 8, 4], [18, 3, 19, 4], [13, 6, 14, 7], [5, 14, 6, 15], [19, 10, 20, 11], [21, 12, 22, 13], [11, 20, 12, 21], [15, 22, 16, 1], [8, 17, 9, 18]]"
11n_109_24,"[[8, 17, 9, 18], [1, 16, 2, 17], [2, 10, 3, 9], [7, 5, 8, 4], [18, 3, 19, 4], [13, 6, 14, 7], [5, 14, 6, 15], [19, 10, 20, 11], [21, 12, 22, 13], [11, 20, 12, 21], [15, 22, 16, 1]]"
11n_109_25,"[[15, 22, 16, 1], [8, 17, 9, 18], [1, 16, 2, 17], [2, 10, 3, 9], [7, 5, 8, 4], [18, 3, 19, 4], [13, 6, 14, 7], [5, 14, 6, 15], [19, 10, 20, 11], [21, 12, 22, 13], [11, 20, 12, 21]]"
11n_109_26,"[[11, 20, 12, 21], [15, 22, 16, 1], [8, 17, 9, 18], [1, 16, 2, 17], [2, 10, 3, 9], [7, 5, 8, 4], [18, 3, 19, 4], [13, 6, 14, 7], [5, 14, 6, 15], [19, 10, 20, 11], [21, 12, 22, 13]]"
11n_109_27,"[[21, 12, 22, 13], [11, 20, 12, 21], [15, 22, 16, 1], [8, 17, 9, 18], [1, 16, 2, 17], [2, 10, 3, 9], [7, 5, 8, 4], [18, 3, 19, 4], [13, 6, 14, 7], [5, 14, 6, 15], [19, 10, 20, 11]]"
11n_109_28,"[[19, 10, 20, 11], [21, 12, 22, 13], [11, 20, 12, 21], [15, 22, 16, 1], [8, 17, 9, 18], [1, 16, 2, 17], [2, 10, 3, 9], [7, 5, 8, 4], [18, 3, 19, 4], [13, 6, 14, 7], [5, 14, 6, 15]]"
11n_109_29,"[[5, 14, 6, 15], [19, 10, 20, 11], [21, 12, 22, 13], [11, 20, 12, 21], [15, 22, 16, 1], [8, 17, 9, 18], [1, 16, 2, 17], [2, 10, 3, 9], [7, 5, 8, 4], [18, 3, 19, 4], [13, 6, 14, 7]]"
11n_109_30,"[[13, 6, 14, 7], [5, 14, 6, 15], [19, 10, 20, 11], [21, 12, 22, 13], [11, 20, 12, 21], [15, 22, 16, 1], [8, 17, 9, 18], [1, 16, 2, 17], [2, 10, 3, 9], [7, 5, 8, 4], [18, 3, 19, 4]]"
11n_109_31,"[[18, 3, 19, 4], [13, 6, 14, 7], [5, 14, 6, 15], [19, 10, 20, 11], [21, 12, 22, 13], [11, 20, 12, 21], [15, 22, 16, 1], [8, 17, 9, 18], [1, 16, 2, 17], [2, 10, 3, 9], [7, 5, 8, 4]]"
11n_109_32,"[[7, 5, 8, 4], [18, 3, 19, 4], [13, 6, 14, 7], [5, 14, 6, 15], [19, 10, 20, 11], [21, 12, 22, 13], [11, 20, 12, 21], [15, 22, 16, 1], [8, 17, 9, 18], [1, 16, 2, 17], [2, 10, 3, 9]]"
11n_109_33,"[[3, 11, 4, 10], [8, 6, 9, 5], [19, 4, 20, 5], [14, 7, 15, 8], [6, 15, 7, 16], [20, 11, 21, 12], [22, 13, 1, 14], [12, 21, 13, 22], [16, 1, 17, 2], [9, 18, 10, 19], [2, 17, 3, 18]]"
11n_109_34,"[[2, 17, 3, 18], [3, 11, 4, 10], [8, 6, 9, 5], [19, 4, 20, 5], [14, 7, 15, 8], [6, 15, 7, 16], [20, 11, 21, 12], [22, 13, 1, 14], [12, 21, 13, 22], [16, 1, 17, 2], [9, 18, 10, 19]]"
11n_109_35,"[[9, 18, 10, 19], [2, 17, 3, 18], [3, 11, 4, 10], [8, 6, 9, 5], [19, 4, 20, 5], [14, 7, 15, 8], [6, 15, 7, 16], [20, 11, 21, 12], [22, 13, 1, 14], [12, 21, 13, 22], [16, 1, 17, 2]]"
11n_109_36,"[[16, 1, 17, 2], [9, 18, 10, 19], [2, 17, 3, 18], [3, 11, 4, 10], [8, 6, 9, 5], [19, 4, 20, 5], [14, 7, 15, 8], [6, 15, 7, 16], [20, 11, 21, 12], [22, 13, 1, 14], [12, 21, 13, 22]]"
11n_109_37,"[[12, 21, 13, 22], [16, 1, 17, 2], [9, 18, 10, 19], [2, 17, 3, 18], [3, 11, 4, 10], [8, 6, 9, 5], [19, 4, 20, 5], [14, 7, 15, 8], [6, 15, 7, 16], [20, 11, 21, 12], [22, 13, 1, 14]]"
11n_109_38,"[[22, 13, 1, 14], [12, 21, 13, 22], [16, 1, 17, 2], [9, 18, 10, 19], [2, 17, 3, 18], [3, 11, 4, 10], [8, 6, 9, 5], [19, 4, 20, 5], [14, 7, 15, 8], [6, 15, 7, 16], [20, 11, 21, 12]]"
11n_109_39,"[[20, 11, 21, 12], [22, 13, 1, 14], [12, 21, 13, 22], [16, 1, 17, 2], [9, 18, 10, 19], [2, 17, 3, 18], [3, 11, 4, 10], [8, 6, 9, 5], [19, 4, 20, 5], [14, 7, 15, 8], [6, 15, 7, 16]]"
11n_109_40,"[[6, 15, 7, 16], [20, 11, 21, 12], [22, 13, 1, 14], [12, 21, 13, 22], [16, 1, 17, 2], [9, 18, 10, 19], [2, 17, 3, 18], [3, 11, 4, 10], [8, 6, 9, 5], [19, 4, 20, 5], [14, 7, 15, 8]]"
11n_109_41,"[[14, 7, 15, 8], [6, 15, 7, 16], [20, 11, 21, 12], [22, 13, 1, 14], [12, 21, 13, 22], [16, 1, 17, 2], [9, 18, 10, 19], [2, 17, 3, 18], [3, 11, 4, 10], [8, 6, 9, 5], [19, 4, 20, 5]]"
11n_109_42,"[[19, 4, 20, 5], [14, 7, 15, 8], [6, 15, 7, 16], [20, 11, 21, 12], [22, 13, 1, 14], [12, 21, 13, 22], [16, 1, 17, 2], [9, 18, 10, 19], [2, 17, 3, 18], [3, 11, 4, 10], [8, 6, 9, 5]]"
11n_109_43,"[[8, 6, 9, 5], [19, 4, 20, 5], [14, 7, 15, 8], [6, 15, 7, 16], [20, 11, 21, 12], [22, 13, 1, 14], [12, 21, 13, 22], [16, 1, 17, 2], [9, 18, 10, 19], [2, 17, 3, 18], [3, 11, 4, 10]]"
11n_109_44,"[[4, 12, 5, 11], [9, 7, 10, 6], [20, 5, 21, 6], [15, 8, 16, 9], [7, 16, 8, 17], [21, 12, 22, 13], [1, 14, 2, 15], [13, 22, 14, 1], [17, 2, 18, 3], [10, 19, 11, 20], [3, 18, 4, 19]]"
11n_109_45,"[[3, 18, 4, 19], [4, 12, 5, 11], [9, 7, 10, 6], [20, 5, 21, 6], [15, 8, 16, 9], [7, 16, 8, 17], [21, 12, 22, 13], [1, 14, 2, 15], [13, 22, 14, 1], [17, 2, 18, 3], [10, 19, 11, 20]]"
11n_109_46,"[[10, 19, 11, 20], [3, 18, 4, 19], [4, 12, 5, 11], [9, 7, 10, 6], [20, 5, 21, 6], [15, 8, 16, 9], [7, 16, 8, 17], [21, 12, 22, 13], [1, 14, 2, 15], [13, 22, 14, 1], [17, 2, 18, 3]]"
11n_109_47,"[[17, 2, 18, 3], [10, 19, 11, 20], [3, 18, 4, 19], [4, 12, 5, 11], [9, 7, 10, 6], [20, 5, 21, 6], [15, 8, 16, 9], [7, 16, 8, 17], [21, 12, 22, 13], [1, 14, 2, 15], [13, 22, 14, 1]]"
11n_109_48,"[[13, 22, 14, 1], [17, 2, 18, 3], [10, 19, 11, 20], [3, 18, 4, 19], [4, 12, 5, 11], [9, 7, 10, 6], [20, 5, 21, 6], [15, 8, 16, 9], [7, 16, 8, 17], [21, 12, 22, 13], [1, 14, 2, 15]]"
11n_109_49,"[[1, 14, 2, 15], [13, 22, 14, 1], [17, 2, 18, 3], [10, 19, 11, 20], [3, 18, 4, 19], [4, 12, 5, 11], [9, 7, 10, 6], [20, 5, 21, 6], [15, 8, 16, 9], [7, 16, 8, 17], [21, 12, 22, 13]]"
11n_109_50,"[[21, 12, 22, 13], [1, 14, 2, 15], [13, 22, 14, 1], [17, 2, 18, 3], [10, 19, 11, 20], [3, 18, 4, 19], [4, 12, 5, 11], [9, 7, 10, 6], [20, 5, 21, 6], [15, 8, 16, 9], [7, 16, 8, 17]]"
11n_109_51,"[[7, 16, 8, 17], [21, 12, 22, 13], [1, 14, 2, 15], [13, 22, 14, 1], [17, 2, 18, 3], [10, 19, 11, 20], [3, 18, 4, 19], [4, 12, 5, 11], [9, 7, 10, 6], [20, 5, 21, 6], [15, 8, 16, 9]]"
11n_109_52,"[[15, 8, 16, 9], [7, 16, 8, 17], [21, 12, 22, 13], [1, 14, 2, 15], [13, 22, 14, 1], [17, 2, 18, 3], [10, 19, 11, 20], [3, 18, 4, 19], [4, 12, 5, 11], [9, 7, 10, 6], [20, 5, 21, 6]]"
11n_109_53,"[[20, 5, 21, 6], [15, 8, 16, 9], [7, 16, 8, 17], [21, 12, 22, 13], [1, 14, 2, 15], [13, 22, 14, 1], [17, 2, 18, 3], [10, 19, 11, 20], [3, 18, 4, 19], [4, 12, 5, 11], [9, 7, 10, 6]]"
11n_109_54,"[[9, 7, 10, 6], [20, 5, 21, 6], [15, 8, 16, 9], [7, 16, 8, 17], [21, 12, 22, 13], [1, 14, 2, 15], [13, 22, 14, 1], [17, 2, 18, 3], [10, 19, 11, 20], [3, 18, 4, 19], [4, 12, 5, 11]]"
11n_109_55,"[[5, 13, 6, 12], [10, 8, 11, 7], [21, 6, 22, 7], [16, 9, 17, 10], [8, 17, 9, 18], [22, 13, 1, 14], [2, 15, 3, 16], [14, 1, 15, 2], [18, 3, 19, 4], [11, 20, 12, 21], [4, 19, 5, 20]]"
11n_109_56,"[[4, 19, 5, 20], [5, 13, 6, 12], [10, 8, 11, 7], [21, 6, 22, 7], [16, 9, 17, 10], [8, 17, 9, 18], [22, 13, 1, 14], [2, 15, 3, 16], [14, 1, 15, 2], [18, 3, 19, 4], [11, 20, 12, 21]]"
11n_109_57,"[[11, 20, 12, 21], [4, 19, 5, 20], [5, 13, 6, 12], [10, 8, 11, 7], [21, 6, 22, 7], [16, 9, 17, 10], [8, 17, 9, 18], [22, 13, 1, 14], [2, 15, 3, 16], [14, 1, 15, 2], [18, 3, 19, 4]]"
11n_109_58,"[[18, 3, 19, 4], [11, 20, 12, 21], [4, 19, 5, 20], [5, 13, 6, 12], [10, 8, 11, 7], [21, 6, 22, 7], [16, 9, 17, 10], [8, 17, 9, 18], [22, 13, 1, 14], [2, 15, 3, 16], [14, 1, 15, 2]]"
11n_109_59,"[[14, 1, 15, 2], [18, 3, 19, 4], [11, 20, 12, 21], [4, 19, 5, 20], [5, 13, 6, 12], [10, 8, 11, 7], [21, 6, 22, 7], [16, 9, 17, 10], [8, 17, 9, 18], [22, 13, 1, 14], [2, 15, 3, 16]]"
11n_109_60,"[[2, 15, 3, 16], [14, 1, 15, 2], [18, 3, 19, 4], [11, 20, 12, 21], [4, 19, 5, 20], [5, 13, 6, 12], [10, 8, 11, 7], [21, 6, 22, 7], [16, 9, 17, 10], [8, 17, 9, 18], [22, 13, 1, 14]]"
11n_109_61,"[[22, 13, 1, 14], [2, 15, 3, 16], [14, 1, 15, 2], [18, 3, 19, 4], [11, 20, 12, 21], [4, 19, 5, 20], [5, 13, 6, 12], [10, 8, 11, 7], [21, 6, 22, 7], [16, 9, 17, 10], [8, 17, 9, 18]]"
11n_109_62,"[[8, 17, 9, 18], [22, 13, 1, 14], [2, 15, 3, 16], [14, 1, 15, 2], [18, 3, 19, 4], [11, 20, 12, 21], [4, 19, 5, 20], [5, 13, 6, 12], [10, 8, 11, 7], [21, 6, 22, 7], [16, 9, 17, 10]]"
11n_109_63,"[[16, 9, 17, 10], [8, 17, 9, 18], [22, 13, 1, 14], [2, 15, 3, 16], [14, 1, 15, 2], [18, 3, 19, 4], [11, 20, 12, 21], [4, 19, 5, 20], [5, 13, 6, 12], [10, 8, 11, 7], [21, 6, 22, 7]]"
11n_109_64,"[[21, 6, 22, 7], [16, 9, 17, 10], [8, 17, 9, 18], [22, 13, 1, 14], [2, 15, 3, 16], [14, 1, 15, 2], [18, 3, 19, 4], [11, 20, 12, 21], [4, 19, 5, 20], [5, 13, 6, 12], [10, 8, 11, 7]]"
11n_109_65,"[[10, 8, 11, 7], [21, 6, 22, 7], [16, 9, 17, 10], [8, 17, 9, 18], [22, 13, 1, 14], [2, 15, 3, 16], [14, 1, 15, 2], [18, 3, 19, 4], [11, 20, 12, 21], [4, 19, 5, 20], [5, 13, 6, 12]]"
11n_109_66,"[[6, 14, 7, 13], [11, 9, 12, 8], [22, 7, 1, 8], [17, 10, 18, 11], [9, 18, 10, 19], [1, 14, 2, 15], [3, 16, 4, 17], [15, 2, 16, 3], [19, 4, 20, 5], [12, 21, 13, 22], [5, 20, 6, 21]]"
11n_109_67,"[[5, 20, 6, 21], [6, 14, 7, 13], [11, 9, 12, 8], [22, 7, 1, 8], [17, 10, 18, 11], [9, 18, 10, 19], [1, 14, 2, 15], [3, 16, 4, 17], [15, 2, 16, 3], [19, 4, 20, 5], [12, 21, 13, 22]]"
11n_109_68,"[[12, 21, 13, 22], [5, 20, 6, 21], [6, 14, 7, 13], [11, 9, 12, 8], [22, 7, 1, 8], [17, 10, 18, 11], [9, 18, 10, 19], [1, 14, 2, 15], [3, 16, 4, 17], [15, 2, 16, 3], [19, 4, 20, 5]]"
11n_109_69,"[[19, 4, 20, 5], [12, 21, 13, 22], [5, 20, 6, 21], [6, 14, 7, 13], [11, 9, 12, 8], [22, 7, 1, 8], [17, 10, 18, 11], [9, 18, 10, 19], [1, 14, 2, 15], [3, 16, 4, 17], [15, 2, 16, 3]]"
11n_109_70,"[[15, 2, 16, 3], [19, 4, 20, 5], [12, 21, 13, 22], [5, 20, 6, 21], [6, 14, 7, 13], [11, 9, 12, 8], [22, 7, 1, 8], [17, 10, 18, 11], [9, 18, 10, 19], [1, 14, 2, 15], [3, 16, 4, 17]]"
11n_109_71,"[[3, 16, 4, 17], [15, 2, 16, 3], [19, 4, 20, 5], [12, 21, 13, 22], [5, 20, 6, 21], [6, 14, 7, 13], [11, 9, 12, 8], [22, 7, 1, 8], [17, 10, 18, 11], [9, 18, 10, 19], [1, 14, 2, 15]]"
11n_109_72,"[[1, 14, 2, 15], [3, 16, 4, 17], [15, 2, 16, 3], [19, 4, 20, 5], [12, 21, 13, 22], [5, 20, 6, 21], [6, 14, 7, 13], [11, 9, 12, 8], [22, 7, 1, 8], [17, 10, 18, 11], [9, 18, 10, 19]]"
11n_109_73,"[[9, 18, 10, 19], [1, 14, 2, 15], [3, 16, 4, 17], [15, 2, 16, 3], [19, 4, 20, 5], [12, 21, 13, 22], [5, 20, 6, 21], [6, 14, 7, 13], [11, 9, 12, 8], [22, 7, 1, 8], [17, 10, 18, 11]]"
11n_109_74,"[[17, 10, 18, 11], [9, 18, 10, 19], [1, 14, 2, 15], [3, 16, 4, 17], [15, 2, 16, 3], [19, 4, 20, 5], [12, 21, 13, 22], [5, 20, 6, 21], [6, 14, 7, 13], [11, 9, 12, 8], [22, 7, 1, 8]]"
11n_109_75,"[[22, 7, 1, 8], [17, 10, 18, 11], [9, 18, 10, 19], [1, 14, 2, 15], [3, 16, 4, 17], [15, 2, 16, 3], [19, 4, 20, 5], [12, 21, 13, 22], [5, 20, 6, 21], [6, 14, 7, 13], [11, 9, 12, 8]]"
11n_109_76,"[[11, 9, 12, 8], [22, 7, 1, 8], [17, 10, 18, 11], [9, 18, 10, 19], [1, 14, 2, 15], [3, 16, 4, 17], [15, 2, 16, 3], [19, 4, 20, 5], [12, 21, 13, 22], [5, 20, 6, 21], [6, 14, 7, 13]]"
11n_109_77,"[[7, 15, 8, 14], [12, 10, 13, 9], [1, 8, 2, 9], [18, 11, 19, 12], [10, 19, 11, 20], [2, 15, 3, 16], [4, 17, 5, 18], [16, 3, 17, 4], [20, 5, 21, 6], [13, 22, 14, 1], [6, 21, 7, 22]]"
11n_109_78,"[[6, 21, 7, 22], [7, 15, 8, 14], [12, 10, 13, 9], [1, 8, 2, 9], [18, 11, 19, 12], [10, 19, 11, 20], [2, 15, 3, 16], [4, 17, 5, 18], [16, 3, 17, 4], [20, 5, 21, 6], [13, 22, 14, 1]]"
11n_109_79,"[[13, 22, 14, 1], [6, 21, 7, 22], [7, 15, 8, 14], [12, 10, 13, 9], [1, 8, 2, 9], [18, 11, 19, 12], [10, 19, 11, 20], [2, 15, 3, 16], [4, 17, 5, 18], [16, 3, 17, 4], [20, 5, 21, 6]]"
11n_109_80,"[[20, 5, 21, 6], [13, 22, 14, 1], [6, 21, 7, 22], [7, 15, 8, 14], [12, 10, 13, 9], [1, 8, 2, 9], [18, 11, 19, 12], [10, 19, 11, 20], [2, 15, 3, 16], [4, 17, 5, 18], [16, 3, 17, 4]]"
11n_109_81,"[[16, 3, 17, 4], [20, 5, 21, 6], [13, 22, 14, 1], [6, 21, 7, 22], [7, 15, 8, 14], [12, 10, 13, 9], [1, 8, 2, 9], [18, 11, 19, 12], [10, 19, 11, 20], [2, 15, 3, 16], [4, 17, 5, 18]]"
11n_109_82,"[[4, 17, 5, 18], [16, 3, 17, 4], [20, 5, 21, 6], [13, 22, 14, 1], [6, 21, 7, 22], [7, 15, 8, 14], [12, 10, 13, 9], [1, 8, 2, 9], [18, 11, 19, 12], [10, 19, 11, 20], [2, 15, 3, 16]]"
11n_109_83,"[[2, 15, 3, 16], [4, 17, 5, 18], [16, 3, 17, 4], [20, 5, 21, 6], [13, 22, 14, 1], [6, 21, 7, 22], [7, 15, 8, 14], [12, 10, 13, 9], [1, 8, 2, 9], [18, 11, 19, 12], [10, 19, 11, 20]]"
11n_109_84,"[[10, 19, 11, 20], [2, 15, 3, 16], [4, 17, 5, 18], [16, 3, 17, 4], [20, 5, 21, 6], [13, 22, 14, 1], [6, 21, 7, 22], [7, 15, 8, 14], [12, 10, 13, 9], [1, 8, 2, 9], [18, 11, 19, 12]]"
11n_109_85,"[[18, 11, 19, 12], [10, 19, 11, 20], [2, 15, 3, 16], [4, 17, 5, 18], [16, 3, 17, 4], [20, 5, 21, 6], [13, 22, 14, 1], [6, 21, 7, 22], [7, 15, 8, 14], [12, 10, 13, 9], [1, 8, 2, 9]]"
11n_109_86,"[[1, 8, 2, 9], [18, 11, 19, 12], [10, 19, 11, 20], [2, 15, 3, 16], [4, 17, 5, 18], [16, 3, 17, 4], [20, 5, 21, 6], [13, 22, 14, 1], [6, 21, 7, 22], [7, 15, 8, 14], [12, 10, 13, 9]]"
11n_109_87,"[[12, 10, 13, 9], [1, 8, 2, 9], [18, 11, 19, 12], [10, 19, 11, 20], [2, 15, 3, 16], [4, 17, 5, 18], [16, 3, 17, 4], [20, 5, 21, 6], [13, 22, 14, 1], [6, 21, 7, 22], [7, 15, 8, 14]]"
11n_109_88,"[[8, 16, 9, 15], [13, 11, 14, 10], [2, 9, 3, 10], [19, 12, 20, 13], [11, 20, 12, 21], [3, 16, 4, 17], [5, 18, 6, 19], [17, 4, 18, 5], [21, 6, 22, 7], [14, 1, 15, 2], [7, 22, 8, 1]]"
11n_109_89,"[[7, 22, 8, 1], [8, 16, 9, 15], [13, 11, 14, 10], [2, 9, 3, 10], [19, 12, 20, 13], [11, 20, 12, 21], [3, 16, 4, 17], [5, 18, 6, 19], [17, 4, 18, 5], [21, 6, 22, 7], [14, 1, 15, 2]]"
11n_109_90,"[[14, 1, 15, 2], [7, 22, 8, 1], [8, 16, 9, 15], [13, 11, 14, 10], [2, 9, 3, 10], [19, 12, 20, 13], [11, 20, 12, 21], [3, 16, 4, 17], [5, 18, 6, 19], [17, 4, 18, 5], [21, 6, 22, 7]]"
11n_109_91,"[[21, 6, 22, 7], [14, 1, 15, 2], [7, 22, 8, 1], [8, 16, 9, 15], [13, 11, 14, 10], [2, 9, 3, 10], [19, 12, 20, 13], [11, 20, 12, 21], [3, 16, 4, 17], [5, 18, 6, 19], [17, 4, 18, 5]]"
11n_109_92,"[[17, 4, 18, 5], [21, 6, 22, 7], [14, 1, 15, 2], [7, 22, 8, 1], [8, 16, 9, 15], [13, 11, 14, 10], [2, 9, 3, 10], [19, 12, 20, 13], [11, 20, 12, 21], [3, 16, 4, 17], [5, 18, 6, 19]]"
11n_109_93,"[[5, 18, 6, 19], [17, 4, 18, 5], [21, 6, 22, 7], [14, 1, 15, 2], [7, 22, 8, 1], [8, 16, 9, 15], [13, 11, 14, 10], [2, 9, 3, 10], [19, 12, 20, 13], [11, 20, 12, 21], [3, 16, 4, 17]]"
11n_109_94,"[[3, 16, 4, 17], [5, 18, 6, 19], [17, 4, 18, 5], [21, 6, 22, 7], [14, 1, 15, 2], [7, 22, 8, 1], [8, 16, 9, 15], [13, 11, 14, 10], [2, 9, 3, 10], [19, 12, 20, 13], [11, 20, 12, 21]]"
11n_109_95,"[[11, 20, 12, 21], [3, 16, 4, 17], [5, 18, 6, 19], [17, 4, 18, 5], [21, 6, 22, 7], [14, 1, 15, 2], [7, 22, 8, 1], [8, 16, 9, 15], [13, 11, 14, 10], [2, 9, 3, 10], [19, 12, 20, 13]]"
11n_109_96,"[[19, 12, 20, 13], [11, 20, 12, 21], [3, 16, 4, 17], [5, 18, 6, 19], [17, 4, 18, 5], [21, 6, 22, 7], [14, 1, 15, 2], [7, 22, 8, 1], [8, 16, 9, 15], [13, 11, 14, 10], [2, 9, 3, 10]]"
11n_109_97,"[[2, 9, 3, 10], [19, 12, 20, 13], [11, 20, 12, 21], [3, 16, 4, 17], [5, 18, 6, 19], [17, 4, 18, 5], [21, 6, 22, 7], [14, 1, 15, 2], [7, 22, 8, 1], [8, 16, 9, 15], [13, 11, 14, 10]]"
11n_109_98,"[[13, 11, 14, 10], [2, 9, 3, 10], [19, 12, 20, 13], [11, 20, 12, 21], [3, 16, 4, 17], [5, 18, 6, 19], [17, 4, 18, 5], [21, 6, 22, 7], [14, 1, 15, 2], [7, 22, 8, 1], [8, 16, 9, 15]]"
11n_109_99,"[[9, 17, 10, 16], [14, 12, 15, 11], [3, 10, 4, 11], [20, 13, 21, 14], [12, 21, 13, 22], [4, 17, 5, 18], [6, 19, 7, 20], [18, 5, 19, 6], [22, 7, 1, 8], [15, 2, 16, 3], [8, 1, 9, 2]]"
11n_109_100,"[[8, 1, 9, 2], [9, 17, 10, 16], [14, 12, 15, 11], [3, 10, 4, 11], [20, 13, 21, 14], [12, 21, 13, 22], [4, 17, 5, 18], [6, 19, 7, 20], [18, 5, 19, 6], [22, 7, 1, 8], [15, 2, 16, 3]]"
11n_109_101,"[[15, 2, 16, 3], [8, 1, 9, 2], [9, 17, 10, 16], [14, 12, 15, 11], [3, 10, 4, 11], [20, 13, 21, 14], [12, 21, 13, 22], [4, 17, 5, 18], [6, 19, 7, 20], [18, 5, 19, 6], [22, 7, 1, 8]]"
11n_109_102,"[[22, 7, 1, 8], [15, 2, 16, 3], [8, 1, 9, 2], [9, 17, 10, 16], [14, 12, 15, 11], [3, 10, 4, 11], [20, 13, 21, 14], [12, 21, 13, 22], [4, 17, 5, 18], [6, 19, 7, 20], [18, 5, 19, 6]]"
11n_109_103,"[[18, 5, 19, 6], [22, 7, 1, 8], [15, 2, 16, 3], [8, 1, 9, 2], [9, 17, 10, 16], [14, 12, 15, 11], [3, 10, 4, 11], [20, 13, 21, 14], [12, 21, 13, 22], [4, 17, 5, 18], [6, 19, 7, 20]]"
11n_109_104,"[[6, 19, 7, 20], [18, 5, 19, 6], [22, 7, 1, 8], [15, 2, 16, 3], [8, 1, 9, 2], [9, 17, 10, 16], [14, 12, 15, 11], [3, 10, 4, 11], [20, 13, 21, 14], [12, 21, 13, 22], [4, 17, 5, 18]]"
11n_109_105,"[[4, 17, 5, 18], [6, 19, 7, 20], [18, 5, 19, 6], [22, 7, 1, 8], [15, 2, 16, 3], [8, 1, 9, 2], [9, 17, 10, 16], [14, 12, 15, 11], [3, 10, 4, 11], [20, 13, 21, 14], [12, 21, 13, 22]]"
11n_109_106,"[[12, 21, 13, 22], [4, 17, 5, 18], [6, 19, 7, 20], [18, 5, 19, 6], [22, 7, 1, 8], [15, 2, 16, 3], [8, 1, 9, 2], [9, 17, 10, 16], [14, 12, 15, 11], [3, 10, 4, 11], [20, 13, 21, 14]]"
11n_109_107,"[[20, 13, 21, 14], [12, 21, 13, 22], [4, 17, 5, 18], [6, 19, 7, 20], [18, 5, 19, 6], [22, 7, 1, 8], [15, 2, 16, 3], [8, 1, 9, 2], [9, 17, 10, 16], [14, 12, 15, 11], [3, 10, 4, 11]]"
11n_109_108,"[[3, 10, 4, 11], [20, 13, 21, 14], [12, 21, 13, 22], [4, 17, 5, 18], [6, 19, 7, 20], [18, 5, 19, 6], [22, 7, 1, 8], [15, 2, 16, 3], [8, 1, 9, 2], [9, 17, 10, 16], [14, 12, 15, 11]]"
11n_109_109,"[[14, 12, 15, 11], [3, 10, 4, 11], [20, 13, 21, 14], [12, 21, 13, 22], [4, 17, 5, 18], [6, 19, 7, 20], [18, 5, 19, 6], [22, 7, 1, 8], [15, 2, 16, 3], [8, 1, 9, 2], [9, 17, 10, 16]]"
11n_109_110,"[[10, 18, 11, 17], [15, 13, 16, 12], [4, 11, 5, 12], [21, 14, 22, 15], [13, 22, 14, 1], [5, 18, 6, 19], [7, 20, 8, 21], [19, 6, 20, 7], [1, 8, 2, 9], [16, 3, 17, 4], [9, 2, 10, 3]]"
11n_109_111,"[[9, 2, 10, 3], [10, 18, 11, 17], [15, 13, 16, 12], [4, 11, 5, 12], [21, 14, 22, 15], [13, 22, 14, 1], [5, 18, 6, 19], [7, 20, 8, 21], [19, 6, 20, 7], [1, 8, 2, 9], [16, 3, 17, 4]]"
11n_109_112,"[[16, 3, 17, 4], [9, 2, 10, 3], [10, 18, 11, 17], [15, 13, 16, 12], [4, 11, 5, 12], [21, 14, 22, 15], [13, 22, 14, 1], [5, 18, 6, 19], [7, 20, 8, 21], [19, 6, 20, 7], [1, 8, 2, 9]]"
11n_109_113,"[[1, 8, 2, 9], [16, 3, 17, 4], [9, 2, 10, 3], [10, 18, 11, 17], [15, 13, 16, 12], [4, 11, 5, 12], [21, 14, 22, 15], [13, 22, 14, 1], [5, 18, 6, 19], [7, 20, 8, 21], [19, 6, 20, 7]]"
11n_109_114,"[[19, 6, 20, 7], [1, 8, 2, 9], [16, 3, 17, 4], [9, 2, 10, 3], [10, 18, 11, 17], [15, 13, 16, 12], [4, 11, 5, 12], [21, 14, 22, 15], [13, 22, 14, 1], [5, 18, 6, 19], [7, 20, 8, 21]]"
11n_109_115,"[[7, 20, 8, 21], [19, 6, 20, 7], [1, 8, 2, 9], [16, 3, 17, 4], [9, 2, 10, 3], [10, 18, 11, 17], [15, 13, 16, 12], [4, 11, 5, 12], [21, 14, 22, 15], [13, 22, 14, 1], [5, 18, 6, 19]]"
11n_109_116,"[[5, 18, 6, 19], [7, 20, 8, 21], [19, 6, 20, 7], [1, 8, 2, 9], [16, 3, 17, 4], [9, 2, 10, 3], [10, 18, 11, 17], [15, 13, 16, 12], [4, 11, 5, 12], [21, 14, 22, 15], [13, 22, 14, 1]]"
11n_109_117,"[[13, 22, 14, 1], [5, 18, 6, 19], [7, 20, 8, 21], [19, 6, 20, 7], [1, 8, 2, 9], [16, 3, 17, 4], [9, 2, 10, 3], [10, 18, 11, 17], [15, 13, 16, 12], [4, 11, 5, 12], [21, 14, 22, 15]]"
11n_109_118,"[[21, 14, 22, 15], [13, 22, 14, 1], [5, 18, 6, 19], [7, 20, 8, 21], [19, 6, 20, 7], [1, 8, 2, 9], [16, 3, 17, 4], [9, 2, 10, 3], [10, 18, 11, 17], [15, 13, 16, 12], [4, 11, 5, 12]]"
11n_109_119,"[[4, 11, 5, 12], [21, 14, 22, 15], [13, 22, 14, 1], [5, 18, 6, 19], [7, 20, 8, 21], [19, 6, 20, 7], [1, 8, 2, 9], [16, 3, 17, 4], [9, 2, 10, 3], [10, 18, 11, 17], [15, 13, 16, 12]]"
11n_109_120,"[[15, 13, 16, 12], [4, 11, 5, 12], [21, 14, 22, 15], [13, 22, 14, 1], [5, 18, 6, 19], [7, 20, 8, 21], [19, 6, 20, 7], [1, 8, 2, 9], [16, 3, 17, 4], [9, 2, 10, 3], [10, 18, 11, 17]]"
11n_109_121,"[[11, 19, 12, 18], [16, 14, 17, 13], [5, 12, 6, 13], [22, 15, 1, 16], [14, 1, 15, 2], [6, 19, 7, 20], [8, 21, 9, 22], [20, 7, 21, 8], [2, 9, 3, 10], [17, 4, 18, 5], [10, 3, 11, 4]]"
11n_109_122,"[[10, 3, 11, 4], [11, 19, 12, 18], [16, 14, 17, 13], [5, 12, 6, 13], [22, 15, 1, 16], [14, 1, 15, 2], [6, 19, 7, 20], [8, 21, 9, 22], [20, 7, 21, 8], [2, 9, 3, 10], [17, 4, 18, 5]]"
11n_109_123,"[[17, 4, 18, 5], [10, 3, 11, 4], [11, 19, 12, 18], [16, 14, 17, 13], [5, 12, 6, 13], [22, 15, 1, 16], [14, 1, 15, 2], [6, 19, 7, 20], [8, 21, 9, 22], [20, 7, 21, 8], [2, 9, 3, 10]]"
11n_109_124,"[[2, 9, 3, 10], [17, 4, 18, 5], [10, 3, 11, 4], [11, 19, 12, 18], [16, 14, 17, 13], [5, 12, 6, 13], [22, 15, 1, 16], [14, 1, 15, 2], [6, 19, 7, 20], [8, 21, 9, 22], [20, 7, 21, 8]]"
11n_109_125,"[[20, 7, 21, 8], [2, 9, 3, 10], [17, 4, 18, 5], [10, 3, 11, 4], [11, 19, 12, 18], [16, 14, 17, 13], [5, 12, 6, 13], [22, 15, 1, 16], [14, 1, 15, 2], [6, 19, 7, 20], [8, 21, 9, 22]]"
11n_109_126,"[[8, 21, 9, 22], [20, 7, 21, 8], [2, 9, 3, 10], [17, 4, 18, 5], [10, 3, 11, 4], [11, 19, 12, 18], [16, 14, 17, 13], [5, 12, 6, 13], [22, 15, 1, 16], [14, 1, 15, 2], [6, 19, 7, 20]]"
11n_109_127,"[[6, 19, 7, 20], [8, 21, 9, 22], [20, 7, 21, 8], [2, 9, 3, 10], [17, 4, 18, 5], [10, 3, 11, 4], [11, 19, 12, 18], [16, 14, 17, 13], [5, 12, 6, 13], [22, 15, 1, 16], [14, 1, 15, 2]]"
11n_109_128,"[[14, 1, 15, 2], [6, 19, 7, 20], [8, 21, 9, 22], [20, 7, 21, 8], [2, 9, 3, 10], [17, 4, 18, 5], [10, 3, 11, 4], [11, 19, 12, 18], [16, 14, 17, 13], [5, 12, 6, 13], [22, 15, 1, 16]]"
11n_109_129,"[[22, 15, 1, 16], [14, 1, 15, 2], [6, 19, 7, 20], [8, 21, 9, 22], [20, 7, 21, 8], [2, 9, 3, 10], [17, 4, 18, 5], [10, 3, 11, 4], [11, 19, 12, 18], [16, 14, 17, 13], [5, 12, 6, 13]]"
11n_109_130,"[[5, 12, 6, 13], [22, 15, 1, 16], [14, 1, 15, 2], [6, 19, 7, 20], [8, 21, 9, 22], [20, 7, 21, 8], [2, 9, 3, 10], [17, 4, 18, 5], [10, 3, 11, 4], [11, 19, 12, 18], [16, 14, 17, 13]]"
11n_109_131,"[[16, 14, 17, 13], [5, 12, 6, 13], [22, 15, 1, 16], [14, 1, 15, 2], [6, 19, 7, 20], [8, 21, 9, 22], [20, 7, 21, 8], [2, 9, 3, 10], [17, 4, 18, 5], [10, 3, 11, 4], [11, 19, 12, 18]]"
11n_109_132,"[[12, 20, 13, 19], [17, 15, 18, 14], [6, 13, 7, 14], [1, 16, 2, 17], [15, 2, 16, 3], [7, 20, 8, 21], [9, 22, 10, 1], [21, 8, 22, 9], [3, 10, 4, 11], [18, 5, 19, 6], [11, 4, 12, 5]]"
11n_109_133,"[[11, 4, 12, 5], [12, 20, 13, 19], [17, 15, 18, 14], [6, 13, 7, 14], [1, 16, 2, 17], [15, 2, 16, 3], [7, 20, 8, 21], [9, 22, 10, 1], [21, 8, 22, 9], [3, 10, 4, 11], [18, 5, 19, 6]]"
11n_109_134,"[[18, 5, 19, 6], [11, 4, 12, 5], [12, 20, 13, 19], [17, 15, 18, 14], [6, 13, 7, 14], [1, 16, 2, 17], [15, 2, 16, 3], [7, 20, 8, 21], [9, 22, 10, 1], [21, 8, 22, 9], [3, 10, 4, 11]]"
11n_109_135,"[[3, 10, 4, 11], [18, 5, 19, 6], [11, 4, 12, 5], [12, 20, 13, 19], [17, 15, 18, 14], [6, 13, 7, 14], [1, 16, 2, 17], [15, 2, 16, 3], [7, 20, 8, 21], [9, 22, 10, 1], [21, 8, 22, 9]]"
11n_109_136,"[[21, 8, 22, 9], [3, 10, 4, 11], [18, 5, 19, 6], [11, 4, 12, 5], [12, 20, 13, 19], [17, 15, 18, 14], [6, 13, 7, 14], [1, 16, 2, 17], [15, 2, 16, 3], [7, 20, 8, 21], [9, 22, 10, 1]]"
11n_109_137,"[[9, 22, 10, 1], [21, 8, 22, 9], [3, 10, 4, 11], [18, 5, 19, 6], [11, 4, 12, 5], [12, 20, 13, 19], [17, 15, 18, 14], [6, 13, 7, 14], [1, 16, 2, 17], [15, 2, 16, 3], [7, 20, 8, 21]]"
11n_109_138,"[[7, 20, 8, 21], [9, 22, 10, 1], [21, 8, 22, 9], [3, 10, 4, 11], [18, 5, 19, 6], [11, 4, 12, 5], [12, 20, 13, 19], [17, 15, 18, 14], [6, 13, 7, 14], [1, 16, 2, 17], [15, 2, 16, 3]]"
11n_109_139,"[[15, 2, 16, 3], [7, 20, 8, 21], [9, 22, 10, 1], [21, 8, 22, 9], [3, 10, 4, 11], [18, 5, 19, 6], [11, 4, 12, 5], [12, 20, 13, 19], [17, 15, 18, 14], [6, 13, 7, 14], [1, 16, 2, 17]]"
11n_109_140,"[[1, 16, 2, 17], [15, 2, 16, 3], [7, 20, 8, 21], [9, 22, 10, 1], [21, 8, 22, 9], [3, 10, 4, 11], [18, 5, 19, 6], [11, 4, 12, 5], [12, 20, 13, 19], [17, 15, 18, 14], [6, 13, 7, 14]]"
11n_109_141,"[[6, 13, 7, 14], [1, 16, 2, 17], [15, 2, 16, 3], [7, 20, 8, 21], [9, 22, 10, 1], [21, 8, 22, 9], [3, 10, 4, 11], [18, 5, 19, 6], [11, 4, 12, 5], [12, 20, 13, 19], [17, 15, 18, 14]]"
11n_109_142,"[[17, 15, 18, 14], [6, 13, 7, 14], [1, 16, 2, 17], [15, 2, 16, 3], [7, 20, 8, 21], [9, 22, 10, 1], [21, 8, 22, 9], [3, 10, 4, 11], [18, 5, 19, 6], [11, 4, 12, 5], [12, 20, 13, 19]]"
11n_109_143,"[[13, 21, 14, 20], [18, 16, 19, 15], [7, 14, 8, 15], [2, 17, 3, 18], [16, 3, 17, 4], [8, 21, 9, 22], [10, 1, 11, 2], [22, 9, 1, 10], [4, 11, 5, 12], [19, 6, 20, 7], [12, 5, 13, 6]]"
11n_109_144,"[[12, 5, 13, 6], [13, 21, 14, 20], [18, 16, 19, 15], [7, 14, 8, 15], [2, 17, 3, 18], [16, 3, 17, 4], [8, 21, 9, 22], [10, 1, 11, 2], [22, 9, 1, 10], [4, 11, 5, 12], [19, 6, 20, 7]]"
11n_109_145,"[[19, 6, 20, 7], [12, 5, 13, 6], [13, 21, 14, 20], [18, 16, 19, 15], [7, 14, 8, 15], [2, 17, 3, 18], [16, 3, 17, 4], [8, 21, 9, 22], [10, 1, 11, 2], [22, 9, 1, 10], [4, 11, 5, 12]]"
11n_109_146,"[[4, 11, 5, 12], [19, 6, 20, 7], [12, 5, 13, 6], [13, 21, 14, 20], [18, 16, 19, 15], [7, 14, 8, 15], [2, 17, 3, 18], [16, 3, 17, 4], [8, 21, 9, 22], [10, 1, 11, 2], [22, 9, 1, 10]]"
11n_109_147,"[[22, 9, 1, 10], [4, 11, 5, 12], [19, 6, 20, 7], [12, 5, 13, 6], [13, 21, 14, 20], [18, 16, 19, 15], [7, 14, 8, 15], [2, 17, 3, 18], [16, 3, 17, 4], [8, 21, 9, 22], [10, 1, 11, 2]]"
11n_109_148,"[[10, 1, 11, 2], [22, 9, 1, 10], [4, 11, 5, 12], [19, 6, 20, 7], [12, 5, 13, 6], [13, 21, 14, 20], [18, 16, 19, 15], [7, 14, 8, 15], [2, 17, 3, 18], [16, 3, 17, 4], [8, 21, 9, 22]]"
11n_109_149,"[[8, 21, 9, 22], [10, 1, 11, 2], [22, 9, 1, 10], [4, 11, 5, 12], [19, 6, 20, 7], [12, 5, 13, 6], [13, 21, 14, 20], [18, 16, 19, 15], [7, 14, 8, 15], [2, 17, 3, 18], [16, 3, 17, 4]]"
11n_109_150,"[[16, 3, 17, 4], [8, 21, 9, 22], [10, 1, 11, 2], [22, 9, 1, 10], [4, 11, 5, 12], [19, 6, 20, 7], [12, 5, 13, 6], [13, 21, 14, 20], [18, 16, 19, 15], [7, 14, 8, 15], [2, 17, 3, 18]]"
11n_109_151,"[[2, 17, 3, 18], [16, 3, 17, 4], [8, 21, 9, 22], [10, 1, 11, 2], [22, 9, 1, 10], [4, 11, 5, 12], [19, 6, 20, 7], [12, 5, 13, 6], [13, 21, 14, 20], [18, 16, 19, 15], [7, 14, 8, 15]]"
11n_109_152,"[[7, 14, 8, 15], [2, 17, 3, 18], [16, 3, 17, 4], [8, 21, 9, 22], [10, 1, 11, 2], [22, 9, 1, 10], [4, 11, 5, 12], [19, 6, 20, 7], [12, 5, 13, 6], [13, 21, 14, 20], [18, 16, 19, 15]]"
11n_109_153,"[[18, 16, 19, 15], [7, 14, 8, 15], [2, 17, 3, 18], [16, 3, 17, 4], [8, 21, 9, 22], [10, 1, 11, 2], [22, 9, 1, 10], [4, 11, 5, 12], [19, 6, 20, 7], [12, 5, 13, 6], [13, 21, 14, 20]]"
11n_109_154,"[[14, 22, 15, 21], [19, 17, 20, 16], [8, 15, 9, 16], [3, 18, 4, 19], [17, 4, 18, 5], [9, 22, 10, 1], [11, 2, 12, 3], [1, 10, 2, 11], [5, 12, 6, 13], [20, 7, 21, 8], [13, 6, 14, 7]]"
11n_109_155,"[[13, 6, 14, 7], [14, 22, 15, 21], [19, 17, 20, 16], [8, 15, 9, 16], [3, 18, 4, 19], [17, 4, 18, 5], [9, 22, 10, 1], [11, 2, 12, 3], [1, 10, 2, 11], [5, 12, 6, 13], [20, 7, 21, 8]]"
11n_109_156,"[[20, 7, 21, 8], [13, 6, 14, 7], [14, 22, 15, 21], [19, 17, 20, 16], [8, 15, 9, 16], [3, 18, 4, 19], [17, 4, 18, 5], [9, 22, 10, 1], [11, 2, 12, 3], [1, 10, 2, 11], [5, 12, 6, 13]]"
11n_109_157,"[[5, 12, 6, 13], [20, 7, 21, 8], [13, 6, 14, 7], [14, 22, 15, 21], [19, 17, 20, 16], [8, 15, 9, 16], [3, 18, 4, 19], [17, 4, 18, 5], [9, 22, 10, 1], [11, 2, 12, 3], [1, 10, 2, 11]]"
11n_109_158,"[[1, 10, 2, 11], [5, 12, 6, 13], [20, 7, 21, 8], [13, 6, 14, 7], [14, 22, 15, 21], [19, 17, 20, 16], [8, 15, 9, 16], [3, 18, 4, 19], [17, 4, 18, 5], [9, 22, 10, 1], [11, 2, 12, 3]]"
11n_109_159,"[[11, 2, 12, 3], [1, 10, 2, 11], [5, 12, 6, 13], [20, 7, 21, 8], [13, 6, 14, 7], [14, 22, 15, 21], [19, 17, 20, 16], [8, 15, 9, 16], [3, 18, 4, 19], [17, 4, 18, 5], [9, 22, 10, 1]]"
11n_109_160,"[[9, 22, 10, 1], [11, 2, 12, 3], [1, 10, 2, 11], [5, 12, 6, 13], [20, 7, 21, 8], [13, 6, 14, 7], [14, 22, 15, 21], [19, 17, 20, 16], [8, 15, 9, 16], [3, 18, 4, 19], [17, 4, 18, 5]]"
11n_109_161,"[[17, 4, 18, 5], [9, 22, 10, 1], [11, 2, 12, 3], [1, 10, 2, 11], [5, 12, 6, 13], [20, 7, 21, 8], [13, 6, 14, 7], [14, 22, 15, 21], [19, 17, 20, 16], [8, 15, 9, 16], [3, 18, 4, 19]]"
11n_109_162,"[[3, 18, 4, 19], [17, 4, 18, 5], [9, 22, 10, 1], [11, 2, 12, 3], [1, 10, 2, 11], [5, 12, 6, 13], [20, 7, 21, 8], [13, 6, 14, 7], [14, 22, 15, 21], [19, 17, 20, 16], [8, 15, 9, 16]]"
11n_109_163,"[[8, 15, 9, 16], [3, 18, 4, 19], [17, 4, 18, 5], [9, 22, 10, 1], [11, 2, 12, 3], [1, 10, 2, 11], [5, 12, 6, 13], [20, 7, 21, 8], [13, 6, 14, 7], [14, 22, 15, 21], [19, 17, 20, 16]]"
11n_109_164,"[[19, 17, 20, 16], [8, 15, 9, 16], [3, 18, 4, 19], [17, 4, 18, 5], [9, 22, 10, 1], [11, 2, 12, 3], [1, 10, 2, 11], [5, 12, 6, 13], [20, 7, 21, 8], [13, 6, 14, 7], [14, 22, 15, 21]]"
11n_109_165,"[[15, 1, 16, 22], [20, 18, 21, 17], [9, 16, 10, 17], [4, 19, 5, 20], [18, 5, 19, 6], [10, 1, 11, 2], [12, 3, 13, 4], [2, 11, 3, 12], [6, 13, 7, 14], [21, 8, 22, 9], [14, 7, 15, 8]]"
11n_109_166,"[[14, 7, 15, 8], [15, 1, 16, 22], [20, 18, 21, 17], [9, 16, 10, 17], [4, 19, 5, 20], [18, 5, 19, 6], [10, 1, 11, 2], [12, 3, 13, 4], [2, 11, 3, 12], [6, 13, 7, 14], [21, 8, 22, 9]]"
11n_109_167,"[[21, 8, 22, 9], [14, 7, 15, 8], [15, 1, 16, 22], [20, 18, 21, 17], [9, 16, 10, 17], [4, 19, 5, 20], [18, 5, 19, 6], [10, 1, 11, 2], [12, 3, 13, 4], [2, 11, 3, 12], [6, 13, 7, 14]]"
11n_109_168,"[[6, 13, 7, 14], [21, 8, 22, 9], [14, 7, 15, 8], [15, 1, 16, 22], [20, 18, 21, 17], [9, 16, 10, 17], [4, 19, 5, 20], [18, 5, 19, 6], [10, 1, 11, 2], [12, 3, 13, 4], [2, 11, 3, 12]]"
11n_109_169,"[[2, 11, 3, 12], [6, 13, 7, 14], [21, 8, 22, 9], [14, 7, 15, 8], [15, 1, 16, 22], [20, 18, 21, 17], [9, 16, 10, 17], [4, 19, 5, 20], [18, 5, 19, 6], [10, 1, 11, 2], [12, 3, 13, 4]]"
11n_109_170,"[[12, 3, 13, 4], [2, 11, 3, 12], [6, 13, 7, 14], [21, 8, 22, 9], [14, 7, 15, 8], [15, 1, 16, 22], [20, 18, 21, 17], [9, 16, 10, 17], [4, 19, 5, 20], [18, 5, 19, 6], [10, 1, 11, 2]]"
11n_109_171,"[[10, 1, 11, 2], [12, 3, 13, 4], [2, 11, 3, 12], [6, 13, 7, 14], [21, 8, 22, 9], [14, 7, 15, 8], [15, 1, 16, 22], [20, 18, 21, 17], [9, 16, 10, 17], [4, 19, 5, 20], [18, 5, 19, 6]]"
11n_109_172,"[[18, 5, 19, 6], [10, 1, 11, 2], [12, 3, 13, 4], [2, 11, 3, 12], [6, 13, 7, 14], [21, 8, 22, 9], [14, 7, 15, 8], [15, 1, 16, 22], [20, 18, 21, 17], [9, 16, 10, 17], [4, 19, 5, 20]]"
11n_109_173,"[[4, 19, 5, 20], [18, 5, 19, 6], [10, 1, 11, 2], [12, 3, 13, 4], [2, 11, 3, 12], [6, 13, 7, 14], [21, 8, 22, 9], [14, 7, 15, 8], [15, 1, 16, 22], [20, 18, 21, 17], [9, 16, 10, 17]]"
11n_109_174,"[[9, 16, 10, 17], [4, 19, 5, 20], [18, 5, 19, 6], [10, 1, 11, 2], [12, 3, 13, 4], [2, 11, 3, 12], [6, 13, 7, 14], [21, 8, 22, 9], [14, 7, 15, 8], [15, 1, 16, 22], [20, 18, 21, 17]]"
11n_109_175,"[[20, 18, 21, 17], [9, 16, 10, 17], [4, 19, 5, 20], [18, 5, 19, 6], [10, 1, 11, 2], [12, 3, 13, 4], [2, 11, 3, 12], [6, 13, 7, 14], [21, 8, 22, 9], [14, 7, 15, 8], [15, 1, 16, 22]]"
11n_109_176,"[[16, 2, 17, 1], [21, 19, 22, 18], [10, 17, 11, 18], [5, 20, 6, 21], [19, 6, 20, 7], [11, 2, 12, 3], [13, 4, 14, 5], [3, 12, 4, 13], [7, 14, 8, 15], [22, 9, 1, 10], [15, 8, 16, 9]]"
11n_109_177,"[[15, 8, 16, 9], [16, 2, 17, 1], [21, 19, 22, 18], [10, 17, 11, 18], [5, 20, 6, 21], [19, 6, 20, 7], [11, 2, 12, 3], [13, 4, 14, 5], [3, 12, 4, 13], [7, 14, 8, 15], [22, 9, 1, 10]]"
11n_109_178,"[[22, 9, 1, 10], [15, 8, 16, 9], [16, 2, 17, 1], [21, 19, 22, 18], [10, 17, 11, 18], [5, 20, 6, 21], [19, 6, 20, 7], [11, 2, 12, 3], [13, 4, 14, 5], [3, 12, 4, 13], [7, 14, 8, 15]]"
11n_109_179,"[[7, 14, 8, 15], [22, 9, 1, 10], [15, 8, 16, 9], [16, 2, 17, 1], [21, 19, 22, 18], [10, 17, 11, 18], [5, 20, 6, 21], [19, 6, 20, 7], [11, 2, 12, 3], [13, 4, 14, 5], [3, 12, 4, 13]]"
11n_109_180,"[[3, 12, 4, 13], [7, 14, 8, 15], [22, 9, 1, 10], [15, 8, 16, 9], [16, 2, 17, 1], [21, 19, 22, 18], [10, 17, 11, 18], [5, 20, 6, 21], [19, 6, 20, 7], [11, 2, 12, 3], [13, 4, 14, 5]]"
11n_109_181,"[[13, 4, 14, 5], [3, 12, 4, 13], [7, 14, 8, 15], [22, 9, 1, 10], [15, 8, 16, 9], [16, 2, 17, 1], [21, 19, 22, 18], [10, 17, 11, 18], [5, 20, 6, 21], [19, 6, 20, 7], [11, 2, 12, 3]]"
11n_109_182,"[[11, 2, 12, 3], [13, 4, 14, 5], [3, 12, 4, 13], [7, 14, 8, 15], [22, 9, 1, 10], [15, 8, 16, 9], [16, 2, 17, 1], [21, 19, 22, 18], [10, 17, 11, 18], [5, 20, 6, 21], [19, 6, 20, 7]]"
11n_109_183,"[[19, 6, 20, 7], [11, 2, 12, 3], [13, 4, 14, 5], [3, 12, 4, 13], [7, 14, 8, 15], [22, 9, 1, 10], [15, 8, 16, 9], [16, 2, 17, 1], [21, 19, 22, 18], [10, 17, 11, 18], [5, 20, 6, 21]]"
11n_109_184,"[[5, 20, 6, 21], [19, 6, 20, 7], [11, 2, 12, 3], [13, 4, 14, 5], [3, 12, 4, 13], [7, 14, 8, 15], [22, 9, 1, 10], [15, 8, 16, 9], [16, 2, 17, 1], [21, 19, 22, 18], [10, 17, 11, 18]]"
11n_109_185,"[[10, 17, 11, 18], [5, 20, 6, 21], [19, 6, 20, 7], [11, 2, 12, 3], [13, 4, 14, 5], [3, 12, 4, 13], [7, 14, 8, 15], [22, 9, 1, 10], [15, 8, 16, 9], [16, 2, 17, 1], [21, 19, 22, 18]]"
11n_109_186,"[[21, 19, 22, 18], [10, 17, 11, 18], [5, 20, 6, 21], [19, 6, 20, 7], [11, 2, 12, 3], [13, 4, 14, 5], [3, 12, 4, 13], [7, 14, 8, 15], [22, 9, 1, 10], [15, 8, 16, 9], [16, 2, 17, 1]]"
11n_109_187,"[[17, 3, 18, 2], [22, 20, 1, 19], [11, 18, 12, 19], [6, 21, 7, 22], [20, 7, 21, 8], [12, 3, 13, 4], [14, 5, 15, 6], [4, 13, 5, 14], [8, 15, 9, 16], [1, 10, 2, 11], [16, 9, 17, 10]]"
11n_109_188,"[[16, 9, 17, 10], [17, 3, 18, 2], [22, 20, 1, 19], [11, 18, 12, 19], [6, 21, 7, 22], [20, 7, 21, 8], [12, 3, 13, 4], [14, 5, 15, 6], [4, 13, 5, 14], [8, 15, 9, 16], [1, 10, 2, 11]]"
11n_109_189,"[[1, 10, 2, 11], [16, 9, 17, 10], [17, 3, 18, 2], [22, 20, 1, 19], [11, 18, 12, 19], [6, 21, 7, 22], [20, 7, 21, 8], [12, 3, 13, 4], [14, 5, 15, 6], [4, 13, 5, 14], [8, 15, 9, 16]]"
11n_109_190,"[[8, 15, 9, 16], [1, 10, 2, 11], [16, 9, 17, 10], [17, 3, 18, 2], [22, 20, 1, 19], [11, 18, 12, 19], [6, 21, 7, 22], [20, 7, 21, 8], [12, 3, 13, 4], [14, 5, 15, 6], [4, 13, 5, 14]]"
11n_109_191,"[[4, 13, 5, 14], [8, 15, 9, 16], [1, 10, 2, 11], [16, 9, 17, 10], [17, 3, 18, 2], [22, 20, 1, 19], [11, 18, 12, 19], [6, 21, 7, 22], [20, 7, 21, 8], [12, 3, 13, 4], [14, 5, 15, 6]]"
11n_109_192,"[[14, 5, 15, 6], [4, 13, 5, 14], [8, 15, 9, 16], [1, 10, 2, 11], [16, 9, 17, 10], [17, 3, 18, 2], [22, 20, 1, 19], [11, 18, 12, 19], [6, 21, 7, 22], [20, 7, 21, 8], [12, 3, 13, 4]]"
11n_109_193,"[[12, 3, 13, 4], [14, 5, 15, 6], [4, 13, 5, 14], [8, 15, 9, 16], [1, 10, 2, 11], [16, 9, 17, 10], [17, 3, 18, 2], [22, 20, 1, 19], [11, 18, 12, 19], [6, 21, 7, 22], [20, 7, 21, 8]]"
11n_109_194,"[[20, 7, 21, 8], [12, 3, 13, 4], [14, 5, 15, 6], [4, 13, 5, 14], [8, 15, 9, 16], [1, 10, 2, 11], [16, 9, 17, 10], [17, 3, 18, 2], [22, 20, 1, 19], [11, 18, 12, 19], [6, 21, 7, 22]]"
11n_109_195,"[[6, 21, 7, 22], [20, 7, 21, 8], [12, 3, 13, 4], [14, 5, 15, 6], [4, 13, 5, 14], [8, 15, 9, 16], [1, 10, 2, 11], [16, 9, 17, 10], [17, 3, 18, 2], [22, 20, 1, 19], [11, 18, 12, 19]]"
11n_109_196,"[[11, 18, 12, 19], [6, 21, 7, 22], [20, 7, 21, 8], [12, 3, 13, 4], [14, 5, 15, 6], [4, 13, 5, 14], [8, 15, 9, 16], [1, 10, 2, 11], [16, 9, 17, 10], [17, 3, 18, 2], [22, 20, 1, 19]]"
11n_109_197,"[[22, 20, 1, 19], [11, 18, 12, 19], [6, 21, 7, 22], [20, 7, 21, 8], [12, 3, 13, 4], [14, 5, 15, 6], [4, 13, 5, 14], [8, 15, 9, 16], [1, 10, 2, 11], [16, 9, 17, 10], [17, 3, 18, 2]]"
11n_109_198,"[[18, 4, 19, 3], [1, 21, 2, 20], [12, 19, 13, 20], [7, 22, 8, 1], [21, 8, 22, 9], [13, 4, 14, 5], [15, 6, 16, 7], [5, 14, 6, 15], [9, 16, 10, 17], [2, 11, 3, 12], [17, 10, 18, 11]]"
11n_109_199,"[[17, 10, 18, 11], [18, 4, 19, 3], [1, 21, 2, 20], [12, 19, 13, 20], [7, 22, 8, 1], [21, 8, 22, 9], [13, 4, 14, 5], [15, 6, 16, 7], [5, 14, 6, 15], [9, 16, 10, 17], [2, 11, 3, 12]]"
11n_109_200,"[[2, 11, 3, 12], [17, 10, 18, 11], [18, 4, 19, 3], [1, 21, 2, 20], [12, 19, 13, 20], [7, 22, 8, 1], [21, 8, 22, 9], [13, 4, 14, 5], [15, 6, 16, 7], [5, 14, 6, 15], [9, 16, 10, 17]]"
11n_109_201,"[[9, 16, 10, 17], [2, 11, 3, 12], [17, 10, 18, 11], [18, 4, 19, 3], [1, 21, 2, 20], [12, 19, 13, 20], [7, 22, 8, 1], [21, 8, 22, 9], [13, 4, 14, 5], [15, 6, 16, 7], [5, 14, 6, 15]]"
11n_109_202,"[[5, 14, 6, 15], [9, 16, 10, 17], [2, 11, 3, 12], [17, 10, 18, 11], [18, 4, 19, 3], [1, 21, 2, 20], [12, 19, 13, 20], [7, 22, 8, 1], [21, 8, 22, 9], [13, 4, 14, 5], [15, 6, 16, 7]]"
11n_109_203,"[[15, 6, 16, 7], [5, 14, 6, 15], [9, 16, 10, 17], [2, 11, 3, 12], [17, 10, 18, 11], [18, 4, 19, 3], [1, 21, 2, 20], [12, 19, 13, 20], [7, 22, 8, 1], [21, 8, 22, 9], [13, 4, 14, 5]]"
