name,pd_notation
11n_10_0,"[[14, 7, 15, 8], [5, 3, 6, 2], [11, 7, 12, 6], [9, 4, 10, 5], [3, 10, 4, 11], [8, 15, 9, 16], [21, 16, 22, 17], [19, 12, 20, 13], [13, 20, 14, 21], [1, 18, 2, 19], [17, 22, 18, 1]]"
11n_10_1,"[[17, 22, 18, 1], [14, 7, 15, 8], [5, 3, 6, 2], [11, 7, 12, 6], [9, 4, 10, 5], [3, 10, 4, 11], [8, 15, 9, 16], [21, 16, 22, 17], [19, 12, 20, 13], [13, 20, 14, 21], [1, 18, 2, 19]]"
11n_10_2,"[[1, 18, 2, 19], [17, 22, 18, 1], [14, 7, 15, 8], [5, 3, 6, 2], [11, 7, 12, 6], [9, 4, 10, 5], [3, 10, 4, 11], [8, 15, 9, 16], [21, 16, 22, 17], [19, 12, 20, 13], [13, 20, 14, 21]]"
11n_10_3,"[[13, 20, 14, 21], [1, 18, 2, 19], [17, 22, 18, 1], [14, 7, 15, 8], [5, 3, 6, 2], [11, 7, 12, 6], [9, 4, 10, 5], [3, 10, 4, 11], [8, 15, 9, 16], [21, 16, 22, 17], [19, 12, 20, 13]]"
11n_10_4,"[[19, 12, 20, 13], [13, 20, 14, 21], [1, 18, 2, 19], [17, 22, 18, 1], [14, 7, 15, 8], [5, 3, 6, 2], [11, 7, 12, 6], [9, 4, 10, 5], [3, 10, 4, 11], [8, 15, 9, 16], [21, 16, 22, 17]]"
11n_10_5,"[[21, 16, 22, 17], [19, 12, 20, 13], [13, 20, 14, 21], [1, 18, 2, 19], [17, 22, 18, 1], [14, 7, 15, 8], [5, 3, 6, 2], [11, 7, 12, 6], [9, 4, 10, 5], [3, 10, 4, 11], [8, 15, 9, 16]]"
11n_10_6,"[[8, 15, 9, 16], [21, 16, 22, 17], [19, 12, 20, 13], [13, 20, 14, 21], [1, 18, 2, 19], [17, 22, 18, 1], [14, 7, 15, 8], [5, 3, 6, 2], [11, 7, 12, 6], [9, 4, 10, 5], [3, 10, 4, 11]]"
11n_10_7,"[[3, 10, 4, 11], [8, 15, 9, 16], [21, 16, 22, 17], [19, 12, 20, 13], [13, 20, 14, 21], [1, 18, 2, 19], [17, 22, 18, 1], [14, 7, 15, 8], [5, 3, 6, 2], [11, 7, 12, 6], [9, 4, 10, 5]]"
11n_10_8,"[[9, 4, 10, 5], [3, 10, 4, 11], [8, 15, 9, 16], [21, 16, 22, 17], [19, 12, 20, 13], [13, 20, 14, 21], [1, 18, 2, 19], [17, 22, 18, 1], [14, 7, 15, 8], [5, 3, 6, 2], [11, 7, 12, 6]]"
11n_10_9,"[[11, 7, 12, 6], [9, 4, 10, 5], [3, 10, 4, 11], [8, 15, 9, 16], [21, 16, 22, 17], [19, 12, 20, 13], [13, 20, 14, 21], [1, 18, 2, 19], [17, 22, 18, 1], [14, 7, 15, 8], [5, 3, 6, 2]]"
11n_10_10,"[[5, 3, 6, 2], [11, 7, 12, 6], [9, 4, 10, 5], [3, 10, 4, 11], [8, 15, 9, 16], [21, 16, 22, 17], [19, 12, 20, 13], [13, 20, 14, 21], [1, 18, 2, 19], [17, 22, 18, 1], [14, 7, 15, 8]]"
11n_10_11,"[[15, 8, 16, 9], [6, 4, 7, 3], [12, 8, 13, 7], [10, 5, 11, 6], [4, 11, 5, 12], [9, 16, 10, 17], [22, 17, 1, 18], [20, 13, 21, 14], [14, 21, 15, 22], [2, 19, 3, 20], [18, 1, 19, 2]]"
11n_10_12,"[[18, 1, 19, 2], [15, 8, 16, 9], [6, 4, 7, 3], [12, 8, 13, 7], [10, 5, 11, 6], [4, 11, 5, 12], [9, 16, 10, 17], [22, 17, 1, 18], [20, 13, 21, 14], [14, 21, 15, 22], [2, 19, 3, 20]]"
11n_10_13,"[[2, 19, 3, 20], [18, 1, 19, 2], [15, 8, 16, 9], [6, 4, 7, 3], [12, 8, 13, 7], [10, 5, 11, 6], [4, 11, 5, 12], [9, 16, 10, 17], [22, 17, 1, 18], [20, 13, 21, 14], [14, 21, 15, 22]]"
11n_10_14,"[[14, 21, 15, 22], [2, 19, 3, 20], [18, 1, 19, 2], [15, 8, 16, 9], [6, 4, 7, 3], [12, 8, 13, 7], [10, 5, 11, 6], [4, 11, 5, 12], [9, 16, 10, 17], [22, 17, 1, 18], [20, 13, 21, 14]]"
11n_10_15,"[[20, 13, 21, 14], [14, 21, 15, 22], [2, 19, 3, 20], [18, 1, 19, 2], [15, 8, 16, 9], [6, 4, 7, 3], [12, 8, 13, 7], [10, 5, 11, 6], [4, 11, 5, 12], [9, 16, 10, 17], [22, 17, 1, 18]]"
11n_10_16,"[[22, 17, 1, 18], [20, 13, 21, 14], [14, 21, 15, 22], [2, 19, 3, 20], [18, 1, 19, 2], [15, 8, 16, 9], [6, 4, 7, 3], [12, 8, 13, 7], [10, 5, 11, 6], [4, 11, 5, 12], [9, 16, 10, 17]]"
11n_10_17,"[[9, 16, 10, 17], [22, 17, 1, 18], [20, 13, 21, 14], [14, 21, 15, 22], [2, 19, 3, 20], [18, 1, 19, 2], [15, 8, 16, 9], [6, 4, 7, 3], [12, 8, 13, 7], [10, 5, 11, 6], [4, 11, 5, 12]]"
11n_10_18,"[[4, 11, 5, 12], [9, 16, 10, 17], [22, 17, 1, 18], [20, 13, 21, 14], [14, 21, 15, 22], [2, 19, 3, 20], [18, 1, 19, 2], [15, 8, 16, 9], [6, 4, 7, 3], [12, 8, 13, 7], [10, 5, 11, 6]]"
11n_10_19,"[[10, 5, 11, 6], [4, 11, 5, 12], [9, 16, 10, 17], [22, 17, 1, 18], [20, 13, 21, 14], [14, 21, 15, 22], [2, 19, 3, 20], [18, 1, 19, 2], [15, 8, 16, 9], [6, 4, 7, 3], [12, 8, 13, 7]]"
11n_10_20,"[[12, 8, 13, 7], [10, 5, 11, 6], [4, 11, 5, 12], [9, 16, 10, 17], [22, 17, 1, 18], [20, 13, 21, 14], [14, 21, 15, 22], [2, 19, 3, 20], [18, 1, 19, 2], [15, 8, 16, 9], [6, 4, 7, 3]]"
11n_10_21,"[[6, 4, 7, 3], [12, 8, 13, 7], [10, 5, 11, 6], [4, 11, 5, 12], [9, 16, 10, 17], [22, 17, 1, 18], [20, 13, 21, 14], [14, 21, 15, 22], [2, 19, 3, 20], [18, 1, 19, 2], [15, 8, 16, 9]]"
11n_10_22,"[[16, 9, 17, 10], [7, 5, 8, 4], [13, 9, 14, 8], [11, 6, 12, 7], [5, 12, 6, 13], [10, 17, 11, 18], [1, 18, 2, 19], [21, 14, 22, 15], [15, 22, 16, 1], [3, 20, 4, 21], [19, 2, 20, 3]]"
11n_10_23,"[[19, 2, 20, 3], [16, 9, 17, 10], [7, 5, 8, 4], [13, 9, 14, 8], [11, 6, 12, 7], [5, 12, 6, 13], [10, 17, 11, 18], [1, 18, 2, 19], [21, 14, 22, 15], [15, 22, 16, 1], [3, 20, 4, 21]]"
11n_10_24,"[[3, 20, 4, 21], [19, 2, 20, 3], [16, 9, 17, 10], [7, 5, 8, 4], [13, 9, 14, 8], [11, 6, 12, 7], [5, 12, 6, 13], [10, 17, 11, 18], [1, 18, 2, 19], [21, 14, 22, 15], [15, 22, 16, 1]]"
11n_10_25,"[[15, 22, 16, 1], [3, 20, 4, 21], [19, 2, 20, 3], [16, 9, 17, 10], [7, 5, 8, 4], [13, 9, 14, 8], [11, 6, 12, 7], [5, 12, 6, 13], [10, 17, 11, 18], [1, 18, 2, 19], [21, 14, 22, 15]]"
11n_10_26,"[[21, 14, 22, 15], [15, 22, 16, 1], [3, 20, 4, 21], [19, 2, 20, 3], [16, 9, 17, 10], [7, 5, 8, 4], [13, 9, 14, 8], [11, 6, 12, 7], [5, 12, 6, 13], [10, 17, 11, 18], [1, 18, 2, 19]]"
11n_10_27,"[[1, 18, 2, 19], [21, 14, 22, 15], [15, 22, 16, 1], [3, 20, 4, 21], [19, 2, 20, 3], [16, 9, 17, 10], [7, 5, 8, 4], [13, 9, 14, 8], [11, 6, 12, 7], [5, 12, 6, 13], [10, 17, 11, 18]]"
11n_10_28,"[[10, 17, 11, 18], [1, 18, 2, 19], [21, 14, 22, 15], [15, 22, 16, 1], [3, 20, 4, 21], [19, 2, 20, 3], [16, 9, 17, 10], [7, 5, 8, 4], [13, 9, 14, 8], [11, 6, 12, 7], [5, 12, 6, 13]]"
11n_10_29,"[[5, 12, 6, 13], [10, 17, 11, 18], [1, 18, 2, 19], [21, 14, 22, 15], [15, 22, 16, 1], [3, 20, 4, 21], [19, 2, 20, 3], [16, 9, 17, 10], [7, 5, 8, 4], [13, 9, 14, 8], [11, 6, 12, 7]]"
11n_10_30,"[[11, 6, 12, 7], [5, 12, 6, 13], [10, 17, 11, 18], [1, 18, 2, 19], [21, 14, 22, 15], [15, 22, 16, 1], [3, 20, 4, 21], [19, 2, 20, 3], [16, 9, 17, 10], [7, 5, 8, 4], [13, 9, 14, 8]]"
11n_10_31,"[[13, 9, 14, 8], [11, 6, 12, 7], [5, 12, 6, 13], [10, 17, 11, 18], [1, 18, 2, 19], [21, 14, 22, 15], [15, 22, 16, 1], [3, 20, 4, 21], [19, 2, 20, 3], [16, 9, 17, 10], [7, 5, 8, 4]]"
11n_10_32,"[[7, 5, 8, 4], [13, 9, 14, 8], [11, 6, 12, 7], [5, 12, 6, 13], [10, 17, 11, 18], [1, 18, 2, 19], [21, 14, 22, 15], [15, 22, 16, 1], [3, 20, 4, 21], [19, 2, 20, 3], [16, 9, 17, 10]]"
11n_10_33,"[[17, 10, 18, 11], [8, 6, 9, 5], [14, 10, 15, 9], [12, 7, 13, 8], [6, 13, 7, 14], [11, 18, 12, 19], [2, 19, 3, 20], [22, 15, 1, 16], [16, 1, 17, 2], [4, 21, 5, 22], [20, 3, 21, 4]]"
11n_10_34,"[[20, 3, 21, 4], [17, 10, 18, 11], [8, 6, 9, 5], [14, 10, 15, 9], [12, 7, 13, 8], [6, 13, 7, 14], [11, 18, 12, 19], [2, 19, 3, 20], [22, 15, 1, 16], [16, 1, 17, 2], [4, 21, 5, 22]]"
11n_10_35,"[[4, 21, 5, 22], [20, 3, 21, 4], [17, 10, 18, 11], [8, 6, 9, 5], [14, 10, 15, 9], [12, 7, 13, 8], [6, 13, 7, 14], [11, 18, 12, 19], [2, 19, 3, 20], [22, 15, 1, 16], [16, 1, 17, 2]]"
11n_10_36,"[[16, 1, 17, 2], [4, 21, 5, 22], [20, 3, 21, 4], [17, 10, 18, 11], [8, 6, 9, 5], [14, 10, 15, 9], [12, 7, 13, 8], [6, 13, 7, 14], [11, 18, 12, 19], [2, 19, 3, 20], [22, 15, 1, 16]]"
11n_10_37,"[[22, 15, 1, 16], [16, 1, 17, 2], [4, 21, 5, 22], [20, 3, 21, 4], [17, 10, 18, 11], [8, 6, 9, 5], [14, 10, 15, 9], [12, 7, 13, 8], [6, 13, 7, 14], [11, 18, 12, 19], [2, 19, 3, 20]]"
11n_10_38,"[[2, 19, 3, 20], [22, 15, 1, 16], [16, 1, 17, 2], [4, 21, 5, 22], [20, 3, 21, 4], [17, 10, 18, 11], [8, 6, 9, 5], [14, 10, 15, 9], [12, 7, 13, 8], [6, 13, 7, 14], [11, 18, 12, 19]]"
11n_10_39,"[[11, 18, 12, 19], [2, 19, 3, 20], [22, 15, 1, 16], [16, 1, 17, 2], [4, 21, 5, 22], [20, 3, 21, 4], [17, 10, 18, 11], [8, 6, 9, 5], [14, 10, 15, 9], [12, 7, 13, 8], [6, 13, 7, 14]]"
11n_10_40,"[[6, 13, 7, 14], [11, 18, 12, 19], [2, 19, 3, 20], [22, 15, 1, 16], [16, 1, 17, 2], [4, 21, 5, 22], [20, 3, 21, 4], [17, 10, 18, 11], [8, 6, 9, 5], [14, 10, 15, 9], [12, 7, 13, 8]]"
11n_10_41,"[[12, 7, 13, 8], [6, 13, 7, 14], [11, 18, 12, 19], [2, 19, 3, 20], [22, 15, 1, 16], [16, 1, 17, 2], [4, 21, 5, 22], [20, 3, 21, 4], [17, 10, 18, 11], [8, 6, 9, 5], [14, 10, 15, 9]]"
11n_10_42,"[[14, 10, 15, 9], [12, 7, 13, 8], [6, 13, 7, 14], [11, 18, 12, 19], [2, 19, 3, 20], [22, 15, 1, 16], [16, 1, 17, 2], [4, 21, 5, 22], [20, 3, 21, 4], [17, 10, 18, 11], [8, 6, 9, 5]]"
11n_10_43,"[[8, 6, 9, 5], [14, 10, 15, 9], [12, 7, 13, 8], [6, 13, 7, 14], [11, 18, 12, 19], [2, 19, 3, 20], [22, 15, 1, 16], [16, 1, 17, 2], [4, 21, 5, 22], [20, 3, 21, 4], [17, 10, 18, 11]]"
11n_10_44,"[[18, 11, 19, 12], [9, 7, 10, 6], [15, 11, 16, 10], [13, 8, 14, 9], [7, 14, 8, 15], [12, 19, 13, 20], [3, 20, 4, 21], [1, 16, 2, 17], [17, 2, 18, 3], [5, 22, 6, 1], [21, 4, 22, 5]]"
11n_10_45,"[[21, 4, 22, 5], [18, 11, 19, 12], [9, 7, 10, 6], [15, 11, 16, 10], [13, 8, 14, 9], [7, 14, 8, 15], [12, 19, 13, 20], [3, 20, 4, 21], [1, 16, 2, 17], [17, 2, 18, 3], [5, 22, 6, 1]]"
11n_10_46,"[[5, 22, 6, 1], [21, 4, 22, 5], [18, 11, 19, 12], [9, 7, 10, 6], [15, 11, 16, 10], [13, 8, 14, 9], [7, 14, 8, 15], [12, 19, 13, 20], [3, 20, 4, 21], [1, 16, 2, 17], [17, 2, 18, 3]]"
11n_10_47,"[[17, 2, 18, 3], [5, 22, 6, 1], [21, 4, 22, 5], [18, 11, 19, 12], [9, 7, 10, 6], [15, 11, 16, 10], [13, 8, 14, 9], [7, 14, 8, 15], [12, 19, 13, 20], [3, 20, 4, 21], [1, 16, 2, 17]]"
11n_10_48,"[[1, 16, 2, 17], [17, 2, 18, 3], [5, 22, 6, 1], [21, 4, 22, 5], [18, 11, 19, 12], [9, 7, 10, 6], [15, 11, 16, 10], [13, 8, 14, 9], [7, 14, 8, 15], [12, 19, 13, 20], [3, 20, 4, 21]]"
11n_10_49,"[[3, 20, 4, 21], [1, 16, 2, 17], [17, 2, 18, 3], [5, 22, 6, 1], [21, 4, 22, 5], [18, 11, 19, 12], [9, 7, 10, 6], [15, 11, 16, 10], [13, 8, 14, 9], [7, 14, 8, 15], [12, 19, 13, 20]]"
11n_10_50,"[[12, 19, 13, 20], [3, 20, 4, 21], [1, 16, 2, 17], [17, 2, 18, 3], [5, 22, 6, 1], [21, 4, 22, 5], [18, 11, 19, 12], [9, 7, 10, 6], [15, 11, 16, 10], [13, 8, 14, 9], [7, 14, 8, 15]]"
11n_10_51,"[[7, 14, 8, 15], [12, 19, 13, 20], [3, 20, 4, 21], [1, 16, 2, 17], [17, 2, 18, 3], [5, 22, 6, 1], [21, 4, 22, 5], [18, 11, 19, 12], [9, 7, 10, 6], [15, 11, 16, 10], [13, 8, 14, 9]]"
11n_10_52,"[[13, 8, 14, 9], [7, 14, 8, 15], [12, 19, 13, 20], [3, 20, 4, 21], [1, 16, 2, 17], [17, 2, 18, 3], [5, 22, 6, 1], [21, 4, 22, 5], [18, 11, 19, 12], [9, 7, 10, 6], [15, 11, 16, 10]]"
11n_10_53,"[[15, 11, 16, 10], [13, 8, 14, 9], [7, 14, 8, 15], [12, 19, 13, 20], [3, 20, 4, 21], [1, 16, 2, 17], [17, 2, 18, 3], [5, 22, 6, 1], [21, 4, 22, 5], [18, 11, 19, 12], [9, 7, 10, 6]]"
11n_10_54,"[[9, 7, 10, 6], [15, 11, 16, 10], [13, 8, 14, 9], [7, 14, 8, 15], [12, 19, 13, 20], [3, 20, 4, 21], [1, 16, 2, 17], [17, 2, 18, 3], [5, 22, 6, 1], [21, 4, 22, 5], [18, 11, 19, 12]]"
11n_10_55,"[[19, 12, 20, 13], [10, 8, 11, 7], [16, 12, 17, 11], [14, 9, 15, 10], [8, 15, 9, 16], [13, 20, 14, 21], [4, 21, 5, 22], [2, 17, 3, 18], [18, 3, 19, 4], [6, 1, 7, 2], [22, 5, 1, 6]]"
11n_10_56,"[[22, 5, 1, 6], [19, 12, 20, 13], [10, 8, 11, 7], [16, 12, 17, 11], [14, 9, 15, 10], [8, 15, 9, 16], [13, 20, 14, 21], [4, 21, 5, 22], [2, 17, 3, 18], [18, 3, 19, 4], [6, 1, 7, 2]]"
11n_10_57,"[[6, 1, 7, 2], [22, 5, 1, 6], [19, 12, 20, 13], [10, 8, 11, 7], [16, 12, 17, 11], [14, 9, 15, 10], [8, 15, 9, 16], [13, 20, 14, 21], [4, 21, 5, 22], [2, 17, 3, 18], [18, 3, 19, 4]]"
11n_10_58,"[[18, 3, 19, 4], [6, 1, 7, 2], [22, 5, 1, 6], [19, 12, 20, 13], [10, 8, 11, 7], [16, 12, 17, 11], [14, 9, 15, 10], [8, 15, 9, 16], [13, 20, 14, 21], [4, 21, 5, 22], [2, 17, 3, 18]]"
11n_10_59,"[[2, 17, 3, 18], [18, 3, 19, 4], [6, 1, 7, 2], [22, 5, 1, 6], [19, 12, 20, 13], [10, 8, 11, 7], [16, 12, 17, 11], [14, 9, 15, 10], [8, 15, 9, 16], [13, 20, 14, 21], [4, 21, 5, 22]]"
11n_10_60,"[[4, 21, 5, 22], [2, 17, 3, 18], [18, 3, 19, 4], [6, 1, 7, 2], [22, 5, 1, 6], [19, 12, 20, 13], [10, 8, 11, 7], [16, 12, 17, 11], [14, 9, 15, 10], [8, 15, 9, 16], [13, 20, 14, 21]]"
11n_10_61,"[[13, 20, 14, 21], [4, 21, 5, 22], [2, 17, 3, 18], [18, 3, 19, 4], [6, 1, 7, 2], [22, 5, 1, 6], [19, 12, 20, 13], [10, 8, 11, 7], [16, 12, 17, 11], [14, 9, 15, 10], [8, 15, 9, 16]]"
11n_10_62,"[[8, 15, 9, 16], [13, 20, 14, 21], [4, 21, 5, 22], [2, 17, 3, 18], [18, 3, 19, 4], [6, 1, 7, 2], [22, 5, 1, 6], [19, 12, 20, 13], [10, 8, 11, 7], [16, 12, 17, 11], [14, 9, 15, 10]]"
11n_10_63,"[[14, 9, 15, 10], [8, 15, 9, 16], [13, 20, 14, 21], [4, 21, 5, 22], [2, 17, 3, 18], [18, 3, 19, 4], [6, 1, 7, 2], [22, 5, 1, 6], [19, 12, 20, 13], [10, 8, 11, 7], [16, 12, 17, 11]]"
11n_10_64,"[[16, 12, 17, 11], [14, 9, 15, 10], [8, 15, 9, 16], [13, 20, 14, 21], [4, 21, 5, 22], [2, 17, 3, 18], [18, 3, 19, 4], [6, 1, 7, 2], [22, 5, 1, 6], [19, 12, 20, 13], [10, 8, 11, 7]]"
11n_10_65,"[[10, 8, 11, 7], [16, 12, 17, 11], [14, 9, 15, 10], [8, 15, 9, 16], [13, 20, 14, 21], [4, 21, 5, 22], [2, 17, 3, 18], [18, 3, 19, 4], [6, 1, 7, 2], [22, 5, 1, 6], [19, 12, 20, 13]]"
11n_10_66,"[[20, 13, 21, 14], [11, 9, 12, 8], [17, 13, 18, 12], [15, 10, 16, 11], [9, 16, 10, 17], [14, 21, 15, 22], [5, 22, 6, 1], [3, 18, 4, 19], [19, 4, 20, 5], [7, 2, 8, 3], [1, 6, 2, 7]]"
11n_10_67,"[[1, 6, 2, 7], [20, 13, 21, 14], [11, 9, 12, 8], [17, 13, 18, 12], [15, 10, 16, 11], [9, 16, 10, 17], [14, 21, 15, 22], [5, 22, 6, 1], [3, 18, 4, 19], [19, 4, 20, 5], [7, 2, 8, 3]]"
11n_10_68,"[[7, 2, 8, 3], [1, 6, 2, 7], [20, 13, 21, 14], [11, 9, 12, 8], [17, 13, 18, 12], [15, 10, 16, 11], [9, 16, 10, 17], [14, 21, 15, 22], [5, 22, 6, 1], [3, 18, 4, 19], [19, 4, 20, 5]]"
11n_10_69,"[[19, 4, 20, 5], [7, 2, 8, 3], [1, 6, 2, 7], [20, 13, 21, 14], [11, 9, 12, 8], [17, 13, 18, 12], [15, 10, 16, 11], [9, 16, 10, 17], [14, 21, 15, 22], [5, 22, 6, 1], [3, 18, 4, 19]]"
11n_10_70,"[[3, 18, 4, 19], [19, 4, 20, 5], [7, 2, 8, 3], [1, 6, 2, 7], [20, 13, 21, 14], [11, 9, 12, 8], [17, 13, 18, 12], [15, 10, 16, 11], [9, 16, 10, 17], [14, 21, 15, 22], [5, 22, 6, 1]]"
11n_10_71,"[[5, 22, 6, 1], [3, 18, 4, 19], [19, 4, 20, 5], [7, 2, 8, 3], [1, 6, 2, 7], [20, 13, 21, 14], [11, 9, 12, 8], [17, 13, 18, 12], [15, 10, 16, 11], [9, 16, 10, 17], [14, 21, 15, 22]]"
11n_10_72,"[[14, 21, 15, 22], [5, 22, 6, 1], [3, 18, 4, 19], [19, 4, 20, 5], [7, 2, 8, 3], [1, 6, 2, 7], [20, 13, 21, 14], [11, 9, 12, 8], [17, 13, 18, 12], [15, 10, 16, 11], [9, 16, 10, 17]]"
11n_10_73,"[[9, 16, 10, 17], [14, 21, 15, 22], [5, 22, 6, 1], [3, 18, 4, 19], [19, 4, 20, 5], [7, 2, 8, 3], [1, 6, 2, 7], [20, 13, 21, 14], [11, 9, 12, 8], [17, 13, 18, 12], [15, 10, 16, 11]]"
11n_10_74,"[[15, 10, 16, 11], [9, 16, 10, 17], [14, 21, 15, 22], [5, 22, 6, 1], [3, 18, 4, 19], [19, 4, 20, 5], [7, 2, 8, 3], [1, 6, 2, 7], [20, 13, 21, 14], [11, 9, 12, 8], [17, 13, 18, 12]]"
11n_10_75,"[[17, 13, 18, 12], [15, 10, 16, 11], [9, 16, 10, 17], [14, 21, 15, 22], [5, 22, 6, 1], [3, 18, 4, 19], [19, 4, 20, 5], [7, 2, 8, 3], [1, 6, 2, 7], [20, 13, 21, 14], [11, 9, 12, 8]]"
11n_10_76,"[[11, 9, 12, 8], [17, 13, 18, 12], [15, 10, 16, 11], [9, 16, 10, 17], [14, 21, 15, 22], [5, 22, 6, 1], [3, 18, 4, 19], [19, 4, 20, 5], [7, 2, 8, 3], [1, 6, 2, 7], [20, 13, 21, 14]]"
11n_10_77,"[[21, 14, 22, 15], [12, 10, 13, 9], [18, 14, 19, 13], [16, 11, 17, 12], [10, 17, 11, 18], [15, 22, 16, 1], [6, 1, 7, 2], [4, 19, 5, 20], [20, 5, 21, 6], [8, 3, 9, 4], [2, 7, 3, 8]]"
11n_10_78,"[[2, 7, 3, 8], [21, 14, 22, 15], [12, 10, 13, 9], [18, 14, 19, 13], [16, 11, 17, 12], [10, 17, 11, 18], [15, 22, 16, 1], [6, 1, 7, 2], [4, 19, 5, 20], [20, 5, 21, 6], [8, 3, 9, 4]]"
11n_10_79,"[[8, 3, 9, 4], [2, 7, 3, 8], [21, 14, 22, 15], [12, 10, 13, 9], [18, 14, 19, 13], [16, 11, 17, 12], [10, 17, 11, 18], [15, 22, 16, 1], [6, 1, 7, 2], [4, 19, 5, 20], [20, 5, 21, 6]]"
11n_10_80,"[[20, 5, 21, 6], [8, 3, 9, 4], [2, 7, 3, 8], [21, 14, 22, 15], [12, 10, 13, 9], [18, 14, 19, 13], [16, 11, 17, 12], [10, 17, 11, 18], [15, 22, 16, 1], [6, 1, 7, 2], [4, 19, 5, 20]]"
11n_10_81,"[[4, 19, 5, 20], [20, 5, 21, 6], [8, 3, 9, 4], [2, 7, 3, 8], [21, 14, 22, 15], [12, 10, 13, 9], [18, 14, 19, 13], [16, 11, 17, 12], [10, 17, 11, 18], [15, 22, 16, 1], [6, 1, 7, 2]]"
11n_10_82,"[[6, 1, 7, 2], [4, 19, 5, 20], [20, 5, 21, 6], [8, 3, 9, 4], [2, 7, 3, 8], [21, 14, 22, 15], [12, 10, 13, 9], [18, 14, 19, 13], [16, 11, 17, 12], [10, 17, 11, 18], [15, 22, 16, 1]]"
11n_10_83,"[[15, 22, 16, 1], [6, 1, 7, 2], [4, 19, 5, 20], [20, 5, 21, 6], [8, 3, 9, 4], [2, 7, 3, 8], [21, 14, 22, 15], [12, 10, 13, 9], [18, 14, 19, 13], [16, 11, 17, 12], [10, 17, 11, 18]]"
11n_10_84,"[[10, 17, 11, 18], [15, 22, 16, 1], [6, 1, 7, 2], [4, 19, 5, 20], [20, 5, 21, 6], [8, 3, 9, 4], [2, 7, 3, 8], [21, 14, 22, 15], [12, 10, 13, 9], [18, 14, 19, 13], [16, 11, 17, 12]]"
11n_10_85,"[[16, 11, 17, 12], [10, 17, 11, 18], [15, 22, 16, 1], [6, 1, 7, 2], [4, 19, 5, 20], [20, 5, 21, 6], [8, 3, 9, 4], [2, 7, 3, 8], [21, 14, 22, 15], [12, 10, 13, 9], [18, 14, 19, 13]]"
11n_10_86,"[[18, 14, 19, 13], [16, 11, 17, 12], [10, 17, 11, 18], [15, 22, 16, 1], [6, 1, 7, 2], [4, 19, 5, 20], [20, 5, 21, 6], [8, 3, 9, 4], [2, 7, 3, 8], [21, 14, 22, 15], [12, 10, 13, 9]]"
11n_10_87,"[[12, 10, 13, 9], [18, 14, 19, 13], [16, 11, 17, 12], [10, 17, 11, 18], [15, 22, 16, 1], [6, 1, 7, 2], [4, 19, 5, 20], [20, 5, 21, 6], [8, 3, 9, 4], [2, 7, 3, 8], [21, 14, 22, 15]]"
11n_10_88,"[[22, 15, 1, 16], [13, 11, 14, 10], [19, 15, 20, 14], [17, 12, 18, 13], [11, 18, 12, 19], [16, 1, 17, 2], [7, 2, 8, 3], [5, 20, 6, 21], [21, 6, 22, 7], [9, 4, 10, 5], [3, 8, 4, 9]]"
11n_10_89,"[[3, 8, 4, 9], [22, 15, 1, 16], [13, 11, 14, 10], [19, 15, 20, 14], [17, 12, 18, 13], [11, 18, 12, 19], [16, 1, 17, 2], [7, 2, 8, 3], [5, 20, 6, 21], [21, 6, 22, 7], [9, 4, 10, 5]]"
11n_10_90,"[[9, 4, 10, 5], [3, 8, 4, 9], [22, 15, 1, 16], [13, 11, 14, 10], [19, 15, 20, 14], [17, 12, 18, 13], [11, 18, 12, 19], [16, 1, 17, 2], [7, 2, 8, 3], [5, 20, 6, 21], [21, 6, 22, 7]]"
11n_10_91,"[[21, 6, 22, 7], [9, 4, 10, 5], [3, 8, 4, 9], [22, 15, 1, 16], [13, 11, 14, 10], [19, 15, 20, 14], [17, 12, 18, 13], [11, 18, 12, 19], [16, 1, 17, 2], [7, 2, 8, 3], [5, 20, 6, 21]]"
11n_10_92,"[[5, 20, 6, 21], [21, 6, 22, 7], [9, 4, 10, 5], [3, 8, 4, 9], [22, 15, 1, 16], [13, 11, 14, 10], [19, 15, 20, 14], [17, 12, 18, 13], [11, 18, 12, 19], [16, 1, 17, 2], [7, 2, 8, 3]]"
11n_10_93,"[[7, 2, 8, 3], [5, 20, 6, 21], [21, 6, 22, 7], [9, 4, 10, 5], [3, 8, 4, 9], [22, 15, 1, 16], [13, 11, 14, 10], [19, 15, 20, 14], [17, 12, 18, 13], [11, 18, 12, 19], [16, 1, 17, 2]]"
11n_10_94,"[[16, 1, 17, 2], [7, 2, 8, 3], [5, 20, 6, 21], [21, 6, 22, 7], [9, 4, 10, 5], [3, 8, 4, 9], [22, 15, 1, 16], [13, 11, 14, 10], [19, 15, 20, 14], [17, 12, 18, 13], [11, 18, 12, 19]]"
11n_10_95,"[[11, 18, 12, 19], [16, 1, 17, 2], [7, 2, 8, 3], [5, 20, 6, 21], [21, 6, 22, 7], [9, 4, 10, 5], [3, 8, 4, 9], [22, 15, 1, 16], [13, 11, 14, 10], [19, 15, 20, 14], [17, 12, 18, 13]]"
11n_10_96,"[[17, 12, 18, 13], [11, 18, 12, 19], [16, 1, 17, 2], [7, 2, 8, 3], [5, 20, 6, 21], [21, 6, 22, 7], [9, 4, 10, 5], [3, 8, 4, 9], [22, 15, 1, 16], [13, 11, 14, 10], [19, 15, 20, 14]]"
11n_10_97,"[[19, 15, 20, 14], [17, 12, 18, 13], [11, 18, 12, 19], [16, 1, 17, 2], [7, 2, 8, 3], [5, 20, 6, 21], [21, 6, 22, 7], [9, 4, 10, 5], [3, 8, 4, 9], [22, 15, 1, 16], [13, 11, 14, 10]]"
11n_10_98,"[[13, 11, 14, 10], [19, 15, 20, 14], [17, 12, 18, 13], [11, 18, 12, 19], [16, 1, 17, 2], [7, 2, 8, 3], [5, 20, 6, 21], [21, 6, 22, 7], [9, 4, 10, 5], [3, 8, 4, 9], [22, 15, 1, 16]]"
11n_10_99,"[[1, 16, 2, 17], [14, 12, 15, 11], [20, 16, 21, 15], [18, 13, 19, 14], [12, 19, 13, 20], [17, 2, 18, 3], [8, 3, 9, 4], [6, 21, 7, 22], [22, 7, 1, 8], [10, 5, 11, 6], [4, 9, 5, 10]]"
11n_10_100,"[[4, 9, 5, 10], [1, 16, 2, 17], [14, 12, 15, 11], [20, 16, 21, 15], [18, 13, 19, 14], [12, 19, 13, 20], [17, 2, 18, 3], [8, 3, 9, 4], [6, 21, 7, 22], [22, 7, 1, 8], [10, 5, 11, 6]]"
11n_10_101,"[[10, 5, 11, 6], [4, 9, 5, 10], [1, 16, 2, 17], [14, 12, 15, 11], [20, 16, 21, 15], [18, 13, 19, 14], [12, 19, 13, 20], [17, 2, 18, 3], [8, 3, 9, 4], [6, 21, 7, 22], [22, 7, 1, 8]]"
11n_10_102,"[[22, 7, 1, 8], [10, 5, 11, 6], [4, 9, 5, 10], [1, 16, 2, 17], [14, 12, 15, 11], [20, 16, 21, 15], [18, 13, 19, 14], [12, 19, 13, 20], [17, 2, 18, 3], [8, 3, 9, 4], [6, 21, 7, 22]]"
11n_10_103,"[[6, 21, 7, 22], [22, 7, 1, 8], [10, 5, 11, 6], [4, 9, 5, 10], [1, 16, 2, 17], [14, 12, 15, 11], [20, 16, 21, 15], [18, 13, 19, 14], [12, 19, 13, 20], [17, 2, 18, 3], [8, 3, 9, 4]]"
11n_10_104,"[[8, 3, 9, 4], [6, 21, 7, 22], [22, 7, 1, 8], [10, 5, 11, 6], [4, 9, 5, 10], [1, 16, 2, 17], [14, 12, 15, 11], [20, 16, 21, 15], [18, 13, 19, 14], [12, 19, 13, 20], [17, 2, 18, 3]]"
11n_10_105,"[[17, 2, 18, 3], [8, 3, 9, 4], [6, 21, 7, 22], [22, 7, 1, 8], [10, 5, 11, 6], [4, 9, 5, 10], [1, 16, 2, 17], [14, 12, 15, 11], [20, 16, 21, 15], [18, 13, 19, 14], [12, 19, 13, 20]]"
11n_10_106,"[[12, 19, 13, 20], [17, 2, 18, 3], [8, 3, 9, 4], [6, 21, 7, 22], [22, 7, 1, 8], [10, 5, 11, 6], [4, 9, 5, 10], [1, 16, 2, 17], [14, 12, 15, 11], [20, 16, 21, 15], [18, 13, 19, 14]]"
11n_10_107,"[[18, 13, 19, 14], [12, 19, 13, 20], [17, 2, 18, 3], [8, 3, 9, 4], [6, 21, 7, 22], [22, 7, 1, 8], [10, 5, 11, 6], [4, 9, 5, 10], [1, 16, 2, 17], [14, 12, 15, 11], [20, 16, 21, 15]]"
11n_10_108,"[[20, 16, 21, 15], [18, 13, 19, 14], [12, 19, 13, 20], [17, 2, 18, 3], [8, 3, 9, 4], [6, 21, 7, 22], [22, 7, 1, 8], [10, 5, 11, 6], [4, 9, 5, 10], [1, 16, 2, 17], [14, 12, 15, 11]]"
11n_10_109,"[[14, 12, 15, 11], [20, 16, 21, 15], [18, 13, 19, 14], [12, 19, 13, 20], [17, 2, 18, 3], [8, 3, 9, 4], [6, 21, 7, 22], [22, 7, 1, 8], [10, 5, 11, 6], [4, 9, 5, 10], [1, 16, 2, 17]]"
11n_10_110,"[[2, 17, 3, 18], [15, 13, 16, 12], [21, 17, 22, 16], [19, 14, 20, 15], [13, 20, 14, 21], [18, 3, 19, 4], [9, 4, 10, 5], [7, 22, 8, 1], [1, 8, 2, 9], [11, 6, 12, 7], [5, 10, 6, 11]]"
11n_10_111,"[[5, 10, 6, 11], [2, 17, 3, 18], [15, 13, 16, 12], [21, 17, 22, 16], [19, 14, 20, 15], [13, 20, 14, 21], [18, 3, 19, 4], [9, 4, 10, 5], [7, 22, 8, 1], [1, 8, 2, 9], [11, 6, 12, 7]]"
11n_10_112,"[[11, 6, 12, 7], [5, 10, 6, 11], [2, 17, 3, 18], [15, 13, 16, 12], [21, 17, 22, 16], [19, 14, 20, 15], [13, 20, 14, 21], [18, 3, 19, 4], [9, 4, 10, 5], [7, 22, 8, 1], [1, 8, 2, 9]]"
11n_10_113,"[[1, 8, 2, 9], [11, 6, 12, 7], [5, 10, 6, 11], [2, 17, 3, 18], [15, 13, 16, 12], [21, 17, 22, 16], [19, 14, 20, 15], [13, 20, 14, 21], [18, 3, 19, 4], [9, 4, 10, 5], [7, 22, 8, 1]]"
11n_10_114,"[[7, 22, 8, 1], [1, 8, 2, 9], [11, 6, 12, 7], [5, 10, 6, 11], [2, 17, 3, 18], [15, 13, 16, 12], [21, 17, 22, 16], [19, 14, 20, 15], [13, 20, 14, 21], [18, 3, 19, 4], [9, 4, 10, 5]]"
11n_10_115,"[[9, 4, 10, 5], [7, 22, 8, 1], [1, 8, 2, 9], [11, 6, 12, 7], [5, 10, 6, 11], [2, 17, 3, 18], [15, 13, 16, 12], [21, 17, 22, 16], [19, 14, 20, 15], [13, 20, 14, 21], [18, 3, 19, 4]]"
11n_10_116,"[[18, 3, 19, 4], [9, 4, 10, 5], [7, 22, 8, 1], [1, 8, 2, 9], [11, 6, 12, 7], [5, 10, 6, 11], [2, 17, 3, 18], [15, 13, 16, 12], [21, 17, 22, 16], [19, 14, 20, 15], [13, 20, 14, 21]]"
11n_10_117,"[[13, 20, 14, 21], [18, 3, 19, 4], [9, 4, 10, 5], [7, 22, 8, 1], [1, 8, 2, 9], [11, 6, 12, 7], [5, 10, 6, 11], [2, 17, 3, 18], [15, 13, 16, 12], [21, 17, 22, 16], [19, 14, 20, 15]]"
11n_10_118,"[[19, 14, 20, 15], [13, 20, 14, 21], [18, 3, 19, 4], [9, 4, 10, 5], [7, 22, 8, 1], [1, 8, 2, 9], [11, 6, 12, 7], [5, 10, 6, 11], [2, 17, 3, 18], [15, 13, 16, 12], [21, 17, 22, 16]]"
11n_10_119,"[[21, 17, 22, 16], [19, 14, 20, 15], [13, 20, 14, 21], [18, 3, 19, 4], [9, 4, 10, 5], [7, 22, 8, 1], [1, 8, 2, 9], [11, 6, 12, 7], [5, 10, 6, 11], [2, 17, 3, 18], [15, 13, 16, 12]]"
11n_10_120,"[[15, 13, 16, 12], [21, 17, 22, 16], [19, 14, 20, 15], [13, 20, 14, 21], [18, 3, 19, 4], [9, 4, 10, 5], [7, 22, 8, 1], [1, 8, 2, 9], [11, 6, 12, 7], [5, 10, 6, 11], [2, 17, 3, 18]]"
11n_10_121,"[[3, 18, 4, 19], [16, 14, 17, 13], [22, 18, 1, 17], [20, 15, 21, 16], [14, 21, 15, 22], [19, 4, 20, 5], [10, 5, 11, 6], [8, 1, 9, 2], [2, 9, 3, 10], [12, 7, 13, 8], [6, 11, 7, 12]]"
11n_10_122,"[[6, 11, 7, 12], [3, 18, 4, 19], [16, 14, 17, 13], [22, 18, 1, 17], [20, 15, 21, 16], [14, 21, 15, 22], [19, 4, 20, 5], [10, 5, 11, 6], [8, 1, 9, 2], [2, 9, 3, 10], [12, 7, 13, 8]]"
11n_10_123,"[[12, 7, 13, 8], [6, 11, 7, 12], [3, 18, 4, 19], [16, 14, 17, 13], [22, 18, 1, 17], [20, 15, 21, 16], [14, 21, 15, 22], [19, 4, 20, 5], [10, 5, 11, 6], [8, 1, 9, 2], [2, 9, 3, 10]]"
11n_10_124,"[[2, 9, 3, 10], [12, 7, 13, 8], [6, 11, 7, 12], [3, 18, 4, 19], [16, 14, 17, 13], [22, 18, 1, 17], [20, 15, 21, 16], [14, 21, 15, 22], [19, 4, 20, 5], [10, 5, 11, 6], [8, 1, 9, 2]]"
11n_10_125,"[[8, 1, 9, 2], [2, 9, 3, 10], [12, 7, 13, 8], [6, 11, 7, 12], [3, 18, 4, 19], [16, 14, 17, 13], [22, 18, 1, 17], [20, 15, 21, 16], [14, 21, 15, 22], [19, 4, 20, 5], [10, 5, 11, 6]]"
11n_10_126,"[[10, 5, 11, 6], [8, 1, 9, 2], [2, 9, 3, 10], [12, 7, 13, 8], [6, 11, 7, 12], [3, 18, 4, 19], [16, 14, 17, 13], [22, 18, 1, 17], [20, 15, 21, 16], [14, 21, 15, 22], [19, 4, 20, 5]]"
11n_10_127,"[[19, 4, 20, 5], [10, 5, 11, 6], [8, 1, 9, 2], [2, 9, 3, 10], [12, 7, 13, 8], [6, 11, 7, 12], [3, 18, 4, 19], [16, 14, 17, 13], [22, 18, 1, 17], [20, 15, 21, 16], [14, 21, 15, 22]]"
11n_10_128,"[[14, 21, 15, 22], [19, 4, 20, 5], [10, 5, 11, 6], [8, 1, 9, 2], [2, 9, 3, 10], [12, 7, 13, 8], [6, 11, 7, 12], [3, 18, 4, 19], [16, 14, 17, 13], [22, 18, 1, 17], [20, 15, 21, 16]]"
11n_10_129,"[[20, 15, 21, 16], [14, 21, 15, 22], [19, 4, 20, 5], [10, 5, 11, 6], [8, 1, 9, 2], [2, 9, 3, 10], [12, 7, 13, 8], [6, 11, 7, 12], [3, 18, 4, 19], [16, 14, 17, 13], [22, 18, 1, 17]]"
11n_10_130,"[[22, 18, 1, 17], [20, 15, 21, 16], [14, 21, 15, 22], [19, 4, 20, 5], [10, 5, 11, 6], [8, 1, 9, 2], [2, 9, 3, 10], [12, 7, 13, 8], [6, 11, 7, 12], [3, 18, 4, 19], [16, 14, 17, 13]]"
11n_10_131,"[[16, 14, 17, 13], [22, 18, 1, 17], [20, 15, 21, 16], [14, 21, 15, 22], [19, 4, 20, 5], [10, 5, 11, 6], [8, 1, 9, 2], [2, 9, 3, 10], [12, 7, 13, 8], [6, 11, 7, 12], [3, 18, 4, 19]]"
11n_10_132,"[[4, 19, 5, 20], [17, 15, 18, 14], [1, 19, 2, 18], [21, 16, 22, 17], [15, 22, 16, 1], [20, 5, 21, 6], [11, 6, 12, 7], [9, 2, 10, 3], [3, 10, 4, 11], [13, 8, 14, 9], [7, 12, 8, 13]]"
11n_10_133,"[[7, 12, 8, 13], [4, 19, 5, 20], [17, 15, 18, 14], [1, 19, 2, 18], [21, 16, 22, 17], [15, 22, 16, 1], [20, 5, 21, 6], [11, 6, 12, 7], [9, 2, 10, 3], [3, 10, 4, 11], [13, 8, 14, 9]]"
11n_10_134,"[[13, 8, 14, 9], [7, 12, 8, 13], [4, 19, 5, 20], [17, 15, 18, 14], [1, 19, 2, 18], [21, 16, 22, 17], [15, 22, 16, 1], [20, 5, 21, 6], [11, 6, 12, 7], [9, 2, 10, 3], [3, 10, 4, 11]]"
11n_10_135,"[[3, 10, 4, 11], [13, 8, 14, 9], [7, 12, 8, 13], [4, 19, 5, 20], [17, 15, 18, 14], [1, 19, 2, 18], [21, 16, 22, 17], [15, 22, 16, 1], [20, 5, 21, 6], [11, 6, 12, 7], [9, 2, 10, 3]]"
11n_10_136,"[[9, 2, 10, 3], [3, 10, 4, 11], [13, 8, 14, 9], [7, 12, 8, 13], [4, 19, 5, 20], [17, 15, 18, 14], [1, 19, 2, 18], [21, 16, 22, 17], [15, 22, 16, 1], [20, 5, 21, 6], [11, 6, 12, 7]]"
11n_10_137,"[[11, 6, 12, 7], [9, 2, 10, 3], [3, 10, 4, 11], [13, 8, 14, 9], [7, 12, 8, 13], [4, 19, 5, 20], [17, 15, 18, 14], [1, 19, 2, 18], [21, 16, 22, 17], [15, 22, 16, 1], [20, 5, 21, 6]]"
11n_10_138,"[[20, 5, 21, 6], [11, 6, 12, 7], [9, 2, 10, 3], [3, 10, 4, 11], [13, 8, 14, 9], [7, 12, 8, 13], [4, 19, 5, 20], [17, 15, 18, 14], [1, 19, 2, 18], [21, 16, 22, 17], [15, 22, 16, 1]]"
11n_10_139,"[[15, 22, 16, 1], [20, 5, 21, 6], [11, 6, 12, 7], [9, 2, 10, 3], [3, 10, 4, 11], [13, 8, 14, 9], [7, 12, 8, 13], [4, 19, 5, 20], [17, 15, 18, 14], [1, 19, 2, 18], [21, 16, 22, 17]]"
11n_10_140,"[[21, 16, 22, 17], [15, 22, 16, 1], [20, 5, 21, 6], [11, 6, 12, 7], [9, 2, 10, 3], [3, 10, 4, 11], [13, 8, 14, 9], [7, 12, 8, 13], [4, 19, 5, 20], [17, 15, 18, 14], [1, 19, 2, 18]]"
11n_10_141,"[[1, 19, 2, 18], [21, 16, 22, 17], [15, 22, 16, 1], [20, 5, 21, 6], [11, 6, 12, 7], [9, 2, 10, 3], [3, 10, 4, 11], [13, 8, 14, 9], [7, 12, 8, 13], [4, 19, 5, 20], [17, 15, 18, 14]]"
11n_10_142,"[[17, 15, 18, 14], [1, 19, 2, 18], [21, 16, 22, 17], [15, 22, 16, 1], [20, 5, 21, 6], [11, 6, 12, 7], [9, 2, 10, 3], [3, 10, 4, 11], [13, 8, 14, 9], [7, 12, 8, 13], [4, 19, 5, 20]]"
11n_10_143,"[[5, 20, 6, 21], [18, 16, 19, 15], [2, 20, 3, 19], [22, 17, 1, 18], [16, 1, 17, 2], [21, 6, 22, 7], [12, 7, 13, 8], [10, 3, 11, 4], [4, 11, 5, 12], [14, 9, 15, 10], [8, 13, 9, 14]]"
11n_10_144,"[[8, 13, 9, 14], [5, 20, 6, 21], [18, 16, 19, 15], [2, 20, 3, 19], [22, 17, 1, 18], [16, 1, 17, 2], [21, 6, 22, 7], [12, 7, 13, 8], [10, 3, 11, 4], [4, 11, 5, 12], [14, 9, 15, 10]]"
11n_10_145,"[[14, 9, 15, 10], [8, 13, 9, 14], [5, 20, 6, 21], [18, 16, 19, 15], [2, 20, 3, 19], [22, 17, 1, 18], [16, 1, 17, 2], [21, 6, 22, 7], [12, 7, 13, 8], [10, 3, 11, 4], [4, 11, 5, 12]]"
11n_10_146,"[[4, 11, 5, 12], [14, 9, 15, 10], [8, 13, 9, 14], [5, 20, 6, 21], [18, 16, 19, 15], [2, 20, 3, 19], [22, 17, 1, 18], [16, 1, 17, 2], [21, 6, 22, 7], [12, 7, 13, 8], [10, 3, 11, 4]]"
11n_10_147,"[[10, 3, 11, 4], [4, 11, 5, 12], [14, 9, 15, 10], [8, 13, 9, 14], [5, 20, 6, 21], [18, 16, 19, 15], [2, 20, 3, 19], [22, 17, 1, 18], [16, 1, 17, 2], [21, 6, 22, 7], [12, 7, 13, 8]]"
11n_10_148,"[[12, 7, 13, 8], [10, 3, 11, 4], [4, 11, 5, 12], [14, 9, 15, 10], [8, 13, 9, 14], [5, 20, 6, 21], [18, 16, 19, 15], [2, 20, 3, 19], [22, 17, 1, 18], [16, 1, 17, 2], [21, 6, 22, 7]]"
11n_10_149,"[[21, 6, 22, 7], [12, 7, 13, 8], [10, 3, 11, 4], [4, 11, 5, 12], [14, 9, 15, 10], [8, 13, 9, 14], [5, 20, 6, 21], [18, 16, 19, 15], [2, 20, 3, 19], [22, 17, 1, 18], [16, 1, 17, 2]]"
11n_10_150,"[[16, 1, 17, 2], [21, 6, 22, 7], [12, 7, 13, 8], [10, 3, 11, 4], [4, 11, 5, 12], [14, 9, 15, 10], [8, 13, 9, 14], [5, 20, 6, 21], [18, 16, 19, 15], [2, 20, 3, 19], [22, 17, 1, 18]]"
11n_10_151,"[[22, 17, 1, 18], [16, 1, 17, 2], [21, 6, 22, 7], [12, 7, 13, 8], [10, 3, 11, 4], [4, 11, 5, 12], [14, 9, 15, 10], [8, 13, 9, 14], [5, 20, 6, 21], [18, 16, 19, 15], [2, 20, 3, 19]]"
11n_10_152,"[[2, 20, 3, 19], [22, 17, 1, 18], [16, 1, 17, 2], [21, 6, 22, 7], [12, 7, 13, 8], [10, 3, 11, 4], [4, 11, 5, 12], [14, 9, 15, 10], [8, 13, 9, 14], [5, 20, 6, 21], [18, 16, 19, 15]]"
11n_10_153,"[[18, 16, 19, 15], [2, 20, 3, 19], [22, 17, 1, 18], [16, 1, 17, 2], [21, 6, 22, 7], [12, 7, 13, 8], [10, 3, 11, 4], [4, 11, 5, 12], [14, 9, 15, 10], [8, 13, 9, 14], [5, 20, 6, 21]]"
11n_10_154,"[[6, 21, 7, 22], [19, 17, 20, 16], [3, 21, 4, 20], [1, 18, 2, 19], [17, 2, 18, 3], [22, 7, 1, 8], [13, 8, 14, 9], [11, 4, 12, 5], [5, 12, 6, 13], [15, 10, 16, 11], [9, 14, 10, 15]]"
11n_10_155,"[[9, 14, 10, 15], [6, 21, 7, 22], [19, 17, 20, 16], [3, 21, 4, 20], [1, 18, 2, 19], [17, 2, 18, 3], [22, 7, 1, 8], [13, 8, 14, 9], [11, 4, 12, 5], [5, 12, 6, 13], [15, 10, 16, 11]]"
11n_10_156,"[[15, 10, 16, 11], [9, 14, 10, 15], [6, 21, 7, 22], [19, 17, 20, 16], [3, 21, 4, 20], [1, 18, 2, 19], [17, 2, 18, 3], [22, 7, 1, 8], [13, 8, 14, 9], [11, 4, 12, 5], [5, 12, 6, 13]]"
11n_10_157,"[[5, 12, 6, 13], [15, 10, 16, 11], [9, 14, 10, 15], [6, 21, 7, 22], [19, 17, 20, 16], [3, 21, 4, 20], [1, 18, 2, 19], [17, 2, 18, 3], [22, 7, 1, 8], [13, 8, 14, 9], [11, 4, 12, 5]]"
11n_10_158,"[[11, 4, 12, 5], [5, 12, 6, 13], [15, 10, 16, 11], [9, 14, 10, 15], [6, 21, 7, 22], [19, 17, 20, 16], [3, 21, 4, 20], [1, 18, 2, 19], [17, 2, 18, 3], [22, 7, 1, 8], [13, 8, 14, 9]]"
11n_10_159,"[[13, 8, 14, 9], [11, 4, 12, 5], [5, 12, 6, 13], [15, 10, 16, 11], [9, 14, 10, 15], [6, 21, 7, 22], [19, 17, 20, 16], [3, 21, 4, 20], [1, 18, 2, 19], [17, 2, 18, 3], [22, 7, 1, 8]]"
11n_10_160,"[[22, 7, 1, 8], [13, 8, 14, 9], [11, 4, 12, 5], [5, 12, 6, 13], [15, 10, 16, 11], [9, 14, 10, 15], [6, 21, 7, 22], [19, 17, 20, 16], [3, 21, 4, 20], [1, 18, 2, 19], [17, 2, 18, 3]]"
11n_10_161,"[[17, 2, 18, 3], [22, 7, 1, 8], [13, 8, 14, 9], [11, 4, 12, 5], [5, 12, 6, 13], [15, 10, 16, 11], [9, 14, 10, 15], [6, 21, 7, 22], [19, 17, 20, 16], [3, 21, 4, 20], [1, 18, 2, 19]]"
11n_10_162,"[[1, 18, 2, 19], [17, 2, 18, 3], [22, 7, 1, 8], [13, 8, 14, 9], [11, 4, 12, 5], [5, 12, 6, 13], [15, 10, 16, 11], [9, 14, 10, 15], [6, 21, 7, 22], [19, 17, 20, 16], [3, 21, 4, 20]]"
11n_10_163,"[[3, 21, 4, 20], [1, 18, 2, 19], [17, 2, 18, 3], [22, 7, 1, 8], [13, 8, 14, 9], [11, 4, 12, 5], [5, 12, 6, 13], [15, 10, 16, 11], [9, 14, 10, 15], [6, 21, 7, 22], [19, 17, 20, 16]]"
11n_10_164,"[[19, 17, 20, 16], [3, 21, 4, 20], [1, 18, 2, 19], [17, 2, 18, 3], [22, 7, 1, 8], [13, 8, 14, 9], [11, 4, 12, 5], [5, 12, 6, 13], [15, 10, 16, 11], [9, 14, 10, 15], [6, 21, 7, 22]]"
11n_10_165,"[[7, 22, 8, 1], [20, 18, 21, 17], [4, 22, 5, 21], [2, 19, 3, 20], [18, 3, 19, 4], [1, 8, 2, 9], [14, 9, 15, 10], [12, 5, 13, 6], [6, 13, 7, 14], [16, 11, 17, 12], [10, 15, 11, 16]]"
11n_10_166,"[[10, 15, 11, 16], [7, 22, 8, 1], [20, 18, 21, 17], [4, 22, 5, 21], [2, 19, 3, 20], [18, 3, 19, 4], [1, 8, 2, 9], [14, 9, 15, 10], [12, 5, 13, 6], [6, 13, 7, 14], [16, 11, 17, 12]]"
11n_10_167,"[[16, 11, 17, 12], [10, 15, 11, 16], [7, 22, 8, 1], [20, 18, 21, 17], [4, 22, 5, 21], [2, 19, 3, 20], [18, 3, 19, 4], [1, 8, 2, 9], [14, 9, 15, 10], [12, 5, 13, 6], [6, 13, 7, 14]]"
11n_10_168,"[[6, 13, 7, 14], [16, 11, 17, 12], [10, 15, 11, 16], [7, 22, 8, 1], [20, 18, 21, 17], [4, 22, 5, 21], [2, 19, 3, 20], [18, 3, 19, 4], [1, 8, 2, 9], [14, 9, 15, 10], [12, 5, 13, 6]]"
11n_10_169,"[[12, 5, 13, 6], [6, 13, 7, 14], [16, 11, 17, 12], [10, 15, 11, 16], [7, 22, 8, 1], [20, 18, 21, 17], [4, 22, 5, 21], [2, 19, 3, 20], [18, 3, 19, 4], [1, 8, 2, 9], [14, 9, 15, 10]]"
11n_10_170,"[[14, 9, 15, 10], [12, 5, 13, 6], [6, 13, 7, 14], [16, 11, 17, 12], [10, 15, 11, 16], [7, 22, 8, 1], [20, 18, 21, 17], [4, 22, 5, 21], [2, 19, 3, 20], [18, 3, 19, 4], [1, 8, 2, 9]]"
11n_10_171,"[[1, 8, 2, 9], [14, 9, 15, 10], [12, 5, 13, 6], [6, 13, 7, 14], [16, 11, 17, 12], [10, 15, 11, 16], [7, 22, 8, 1], [20, 18, 21, 17], [4, 22, 5, 21], [2, 19, 3, 20], [18, 3, 19, 4]]"
11n_10_172,"[[18, 3, 19, 4], [1, 8, 2, 9], [14, 9, 15, 10], [12, 5, 13, 6], [6, 13, 7, 14], [16, 11, 17, 12], [10, 15, 11, 16], [7, 22, 8, 1], [20, 18, 21, 17], [4, 22, 5, 21], [2, 19, 3, 20]]"
11n_10_173,"[[2, 19, 3, 20], [18, 3, 19, 4], [1, 8, 2, 9], [14, 9, 15, 10], [12, 5, 13, 6], [6, 13, 7, 14], [16, 11, 17, 12], [10, 15, 11, 16], [7, 22, 8, 1], [20, 18, 21, 17], [4, 22, 5, 21]]"
11n_10_174,"[[4, 22, 5, 21], [2, 19, 3, 20], [18, 3, 19, 4], [1, 8, 2, 9], [14, 9, 15, 10], [12, 5, 13, 6], [6, 13, 7, 14], [16, 11, 17, 12], [10, 15, 11, 16], [7, 22, 8, 1], [20, 18, 21, 17]]"
11n_10_175,"[[20, 18, 21, 17], [4, 22, 5, 21], [2, 19, 3, 20], [18, 3, 19, 4], [1, 8, 2, 9], [14, 9, 15, 10], [12, 5, 13, 6], [6, 13, 7, 14], [16, 11, 17, 12], [10, 15, 11, 16], [7, 22, 8, 1]]"
11n_10_176,"[[8, 1, 9, 2], [21, 19, 22, 18], [5, 1, 6, 22], [3, 20, 4, 21], [19, 4, 20, 5], [2, 9, 3, 10], [15, 10, 16, 11], [13, 6, 14, 7], [7, 14, 8, 15], [17, 12, 18, 13], [11, 16, 12, 17]]"
11n_10_177,"[[11, 16, 12, 17], [8, 1, 9, 2], [21, 19, 22, 18], [5, 1, 6, 22], [3, 20, 4, 21], [19, 4, 20, 5], [2, 9, 3, 10], [15, 10, 16, 11], [13, 6, 14, 7], [7, 14, 8, 15], [17, 12, 18, 13]]"
11n_10_178,"[[17, 12, 18, 13], [11, 16, 12, 17], [8, 1, 9, 2], [21, 19, 22, 18], [5, 1, 6, 22], [3, 20, 4, 21], [19, 4, 20, 5], [2, 9, 3, 10], [15, 10, 16, 11], [13, 6, 14, 7], [7, 14, 8, 15]]"
11n_10_179,"[[7, 14, 8, 15], [17, 12, 18, 13], [11, 16, 12, 17], [8, 1, 9, 2], [21, 19, 22, 18], [5, 1, 6, 22], [3, 20, 4, 21], [19, 4, 20, 5], [2, 9, 3, 10], [15, 10, 16, 11], [13, 6, 14, 7]]"
11n_10_180,"[[13, 6, 14, 7], [7, 14, 8, 15], [17, 12, 18, 13], [11, 16, 12, 17], [8, 1, 9, 2], [21, 19, 22, 18], [5, 1, 6, 22], [3, 20, 4, 21], [19, 4, 20, 5], [2, 9, 3, 10], [15, 10, 16, 11]]"
11n_10_181,"[[15, 10, 16, 11], [13, 6, 14, 7], [7, 14, 8, 15], [17, 12, 18, 13], [11, 16, 12, 17], [8, 1, 9, 2], [21, 19, 22, 18], [5, 1, 6, 22], [3, 20, 4, 21], [19, 4, 20, 5], [2, 9, 3, 10]]"
11n_10_182,"[[2, 9, 3, 10], [15, 10, 16, 11], [13, 6, 14, 7], [7, 14, 8, 15], [17, 12, 18, 13], [11, 16, 12, 17], [8, 1, 9, 2], [21, 19, 22, 18], [5, 1, 6, 22], [3, 20, 4, 21], [19, 4, 20, 5]]"
11n_10_183,"[[19, 4, 20, 5], [2, 9, 3, 10], [15, 10, 16, 11], [13, 6, 14, 7], [7, 14, 8, 15], [17, 12, 18, 13], [11, 16, 12, 17], [8, 1, 9, 2], [21, 19, 22, 18], [5, 1, 6, 22], [3, 20, 4, 21]]"
11n_10_184,"[[3, 20, 4, 21], [19, 4, 20, 5], [2, 9, 3, 10], [15, 10, 16, 11], [13, 6, 14, 7], [7, 14, 8, 15], [17, 12, 18, 13], [11, 16, 12, 17], [8, 1, 9, 2], [21, 19, 22, 18], [5, 1, 6, 22]]"
11n_10_185,"[[5, 1, 6, 22], [3, 20, 4, 21], [19, 4, 20, 5], [2, 9, 3, 10], [15, 10, 16, 11], [13, 6, 14, 7], [7, 14, 8, 15], [17, 12, 18, 13], [11, 16, 12, 17], [8, 1, 9, 2], [21, 19, 22, 18]]"
11n_10_186,"[[21, 19, 22, 18], [5, 1, 6, 22], [3, 20, 4, 21], [19, 4, 20, 5], [2, 9, 3, 10], [15, 10, 16, 11], [13, 6, 14, 7], [7, 14, 8, 15], [17, 12, 18, 13], [11, 16, 12, 17], [8, 1, 9, 2]]"
11n_10_187,"[[9, 2, 10, 3], [22, 20, 1, 19], [6, 2, 7, 1], [4, 21, 5, 22], [20, 5, 21, 6], [3, 10, 4, 11], [16, 11, 17, 12], [14, 7, 15, 8], [8, 15, 9, 16], [18, 13, 19, 14], [12, 17, 13, 18]]"
11n_10_188,"[[12, 17, 13, 18], [9, 2, 10, 3], [22, 20, 1, 19], [6, 2, 7, 1], [4, 21, 5, 22], [20, 5, 21, 6], [3, 10, 4, 11], [16, 11, 17, 12], [14, 7, 15, 8], [8, 15, 9, 16], [18, 13, 19, 14]]"
11n_10_189,"[[18, 13, 19, 14], [12, 17, 13, 18], [9, 2, 10, 3], [22, 20, 1, 19], [6, 2, 7, 1], [4, 21, 5, 22], [20, 5, 21, 6], [3, 10, 4, 11], [16, 11, 17, 12], [14, 7, 15, 8], [8, 15, 9, 16]]"
11n_10_190,"[[8, 15, 9, 16], [18, 13, 19, 14], [12, 17, 13, 18], [9, 2, 10, 3], [22, 20, 1, 19], [6, 2, 7, 1], [4, 21, 5, 22], [20, 5, 21, 6], [3, 10, 4, 11], [16, 11, 17, 12], [14, 7, 15, 8]]"
11n_10_191,"[[14, 7, 15, 8], [8, 15, 9, 16], [18, 13, 19, 14], [12, 17, 13, 18], [9, 2, 10, 3], [22, 20, 1, 19], [6, 2, 7, 1], [4, 21, 5, 22], [20, 5, 21, 6], [3, 10, 4, 11], [16, 11, 17, 12]]"
11n_10_192,"[[16, 11, 17, 12], [14, 7, 15, 8], [8, 15, 9, 16], [18, 13, 19, 14], [12, 17, 13, 18], [9, 2, 10, 3], [22, 20, 1, 19], [6, 2, 7, 1], [4, 21, 5, 22], [20, 5, 21, 6], [3, 10, 4, 11]]"
11n_10_193,"[[3, 10, 4, 11], [16, 11, 17, 12], [14, 7, 15, 8], [8, 15, 9, 16], [18, 13, 19, 14], [12, 17, 13, 18], [9, 2, 10, 3], [22, 20, 1, 19], [6, 2, 7, 1], [4, 21, 5, 22], [20, 5, 21, 6]]"
11n_10_194,"[[20, 5, 21, 6], [3, 10, 4, 11], [16, 11, 17, 12], [14, 7, 15, 8], [8, 15, 9, 16], [18, 13, 19, 14], [12, 17, 13, 18], [9, 2, 10, 3], [22, 20, 1, 19], [6, 2, 7, 1], [4, 21, 5, 22]]"
11n_10_195,"[[4, 21, 5, 22], [20, 5, 21, 6], [3, 10, 4, 11], [16, 11, 17, 12], [14, 7, 15, 8], [8, 15, 9, 16], [18, 13, 19, 14], [12, 17, 13, 18], [9, 2, 10, 3], [22, 20, 1, 19], [6, 2, 7, 1]]"
11n_10_196,"[[6, 2, 7, 1], [4, 21, 5, 22], [20, 5, 21, 6], [3, 10, 4, 11], [16, 11, 17, 12], [14, 7, 15, 8], [8, 15, 9, 16], [18, 13, 19, 14], [12, 17, 13, 18], [9, 2, 10, 3], [22, 20, 1, 19]]"
11n_10_197,"[[22, 20, 1, 19], [6, 2, 7, 1], [4, 21, 5, 22], [20, 5, 21, 6], [3, 10, 4, 11], [16, 11, 17, 12], [14, 7, 15, 8], [8, 15, 9, 16], [18, 13, 19, 14], [12, 17, 13, 18], [9, 2, 10, 3]]"
11n_10_198,"[[10, 3, 11, 4], [1, 21, 2, 20], [7, 3, 8, 2], [5, 22, 6, 1], [21, 6, 22, 7], [4, 11, 5, 12], [17, 12, 18, 13], [15, 8, 16, 9], [9, 16, 10, 17], [19, 14, 20, 15], [13, 18, 14, 19]]"
11n_10_199,"[[13, 18, 14, 19], [10, 3, 11, 4], [1, 21, 2, 20], [7, 3, 8, 2], [5, 22, 6, 1], [21, 6, 22, 7], [4, 11, 5, 12], [17, 12, 18, 13], [15, 8, 16, 9], [9, 16, 10, 17], [19, 14, 20, 15]]"
11n_10_200,"[[19, 14, 20, 15], [13, 18, 14, 19], [10, 3, 11, 4], [1, 21, 2, 20], [7, 3, 8, 2], [5, 22, 6, 1], [21, 6, 22, 7], [4, 11, 5, 12], [17, 12, 18, 13], [15, 8, 16, 9], [9, 16, 10, 17]]"
11n_10_201,"[[9, 16, 10, 17], [19, 14, 20, 15], [13, 18, 14, 19], [10, 3, 11, 4], [1, 21, 2, 20], [7, 3, 8, 2], [5, 22, 6, 1], [21, 6, 22, 7], [4, 11, 5, 12], [17, 12, 18, 13], [15, 8, 16, 9]]"
11n_10_202,"[[15, 8, 16, 9], [9, 16, 10, 17], [19, 14, 20, 15], [13, 18, 14, 19], [10, 3, 11, 4], [1, 21, 2, 20], [7, 3, 8, 2], [5, 22, 6, 1], [21, 6, 22, 7], [4, 11, 5, 12], [17, 12, 18, 13]]"
11n_10_203,"[[17, 12, 18, 13], [15, 8, 16, 9], [9, 16, 10, 17], [19, 14, 20, 15], [13, 18, 14, 19], [10, 3, 11, 4], [1, 21, 2, 20], [7, 3, 8, 2], [5, 22, 6, 1], [21, 6, 22, 7], [4, 11, 5, 12]]"
11n_10_204,"[[4, 11, 5, 12], [17, 12, 18, 13], [15, 8, 16, 9], [9, 16, 10, 17], [19, 14, 20, 15], [13, 18, 14, 19], [10, 3, 11, 4], [1, 21, 2, 20], [7, 3, 8, 2], [5, 22, 6, 1], [21, 6, 22, 7]]"
