name,pd_notation
11n_157_0,"[[9, 22, 10, 1], [7, 3, 8, 2], [4, 12, 5, 11], [15, 8, 16, 9], [12, 20, 13, 19], [6, 13, 7, 14], [18, 5, 19, 6], [21, 17, 22, 16], [10, 17, 11, 18], [1, 14, 2, 15], [20, 4, 21, 3]]"
11n_157_1,"[[20, 4, 21, 3], [9, 22, 10, 1], [7, 3, 8, 2], [4, 12, 5, 11], [15, 8, 16, 9], [12, 20, 13, 19], [6, 13, 7, 14], [18, 5, 19, 6], [21, 17, 22, 16], [10, 17, 11, 18], [1, 14, 2, 15]]"
11n_157_2,"[[1, 14, 2, 15], [20, 4, 21, 3], [9, 22, 10, 1], [7, 3, 8, 2], [4, 12, 5, 11], [15, 8, 16, 9], [12, 20, 13, 19], [6, 13, 7, 14], [18, 5, 19, 6], [21, 17, 22, 16], [10, 17, 11, 18]]"
11n_157_3,"[[10, 17, 11, 18], [1, 14, 2, 15], [20, 4, 21, 3], [9, 22, 10, 1], [7, 3, 8, 2], [4, 12, 5, 11], [15, 8, 16, 9], [12, 20, 13, 19], [6, 13, 7, 14], [18, 5, 19, 6], [21, 17, 22, 16]]"
11n_157_4,"[[21, 17, 22, 16], [10, 17, 11, 18], [1, 14, 2, 15], [20, 4, 21, 3], [9, 22, 10, 1], [7, 3, 8, 2], [4, 12, 5, 11], [15, 8, 16, 9], [12, 20, 13, 19], [6, 13, 7, 14], [18, 5, 19, 6]]"
11n_157_5,"[[18, 5, 19, 6], [21, 17, 22, 16], [10, 17, 11, 18], [1, 14, 2, 15], [20, 4, 21, 3], [9, 22, 10, 1], [7, 3, 8, 2], [4, 12, 5, 11], [15, 8, 16, 9], [12, 20, 13, 19], [6, 13, 7, 14]]"
11n_157_6,"[[6, 13, 7, 14], [18, 5, 19, 6], [21, 17, 22, 16], [10, 17, 11, 18], [1, 14, 2, 15], [20, 4, 21, 3], [9, 22, 10, 1], [7, 3, 8, 2], [4, 12, 5, 11], [15, 8, 16, 9], [12, 20, 13, 19]]"
11n_157_7,"[[12, 20, 13, 19], [6, 13, 7, 14], [18, 5, 19, 6], [21, 17, 22, 16], [10, 17, 11, 18], [1, 14, 2, 15], [20, 4, 21, 3], [9, 22, 10, 1], [7, 3, 8, 2], [4, 12, 5, 11], [15, 8, 16, 9]]"
11n_157_8,"[[15, 8, 16, 9], [12, 20, 13, 19], [6, 13, 7, 14], [18, 5, 19, 6], [21, 17, 22, 16], [10, 17, 11, 18], [1, 14, 2, 15], [20, 4, 21, 3], [9, 22, 10, 1], [7, 3, 8, 2], [4, 12, 5, 11]]"
11n_157_9,"[[4, 12, 5, 11], [15, 8, 16, 9], [12, 20, 13, 19], [6, 13, 7, 14], [18, 5, 19, 6], [21, 17, 22, 16], [10, 17, 11, 18], [1, 14, 2, 15], [20, 4, 21, 3], [9, 22, 10, 1], [7, 3, 8, 2]]"
11n_157_10,"[[7, 3, 8, 2], [4, 12, 5, 11], [15, 8, 16, 9], [12, 20, 13, 19], [6, 13, 7, 14], [18, 5, 19, 6], [21, 17, 22, 16], [10, 17, 11, 18], [1, 14, 2, 15], [20, 4, 21, 3], [9, 22, 10, 1]]"
11n_157_11,"[[10, 1, 11, 2], [8, 4, 9, 3], [5, 13, 6, 12], [16, 9, 17, 10], [13, 21, 14, 20], [7, 14, 8, 15], [19, 6, 20, 7], [22, 18, 1, 17], [11, 18, 12, 19], [2, 15, 3, 16], [21, 5, 22, 4]]"
11n_157_12,"[[21, 5, 22, 4], [10, 1, 11, 2], [8, 4, 9, 3], [5, 13, 6, 12], [16, 9, 17, 10], [13, 21, 14, 20], [7, 14, 8, 15], [19, 6, 20, 7], [22, 18, 1, 17], [11, 18, 12, 19], [2, 15, 3, 16]]"
11n_157_13,"[[2, 15, 3, 16], [21, 5, 22, 4], [10, 1, 11, 2], [8, 4, 9, 3], [5, 13, 6, 12], [16, 9, 17, 10], [13, 21, 14, 20], [7, 14, 8, 15], [19, 6, 20, 7], [22, 18, 1, 17], [11, 18, 12, 19]]"
11n_157_14,"[[11, 18, 12, 19], [2, 15, 3, 16], [21, 5, 22, 4], [10, 1, 11, 2], [8, 4, 9, 3], [5, 13, 6, 12], [16, 9, 17, 10], [13, 21, 14, 20], [7, 14, 8, 15], [19, 6, 20, 7], [22, 18, 1, 17]]"
11n_157_15,"[[22, 18, 1, 17], [11, 18, 12, 19], [2, 15, 3, 16], [21, 5, 22, 4], [10, 1, 11, 2], [8, 4, 9, 3], [5, 13, 6, 12], [16, 9, 17, 10], [13, 21, 14, 20], [7, 14, 8, 15], [19, 6, 20, 7]]"
11n_157_16,"[[19, 6, 20, 7], [22, 18, 1, 17], [11, 18, 12, 19], [2, 15, 3, 16], [21, 5, 22, 4], [10, 1, 11, 2], [8, 4, 9, 3], [5, 13, 6, 12], [16, 9, 17, 10], [13, 21, 14, 20], [7, 14, 8, 15]]"
11n_157_17,"[[7, 14, 8, 15], [19, 6, 20, 7], [22, 18, 1, 17], [11, 18, 12, 19], [2, 15, 3, 16], [21, 5, 22, 4], [10, 1, 11, 2], [8, 4, 9, 3], [5, 13, 6, 12], [16, 9, 17, 10], [13, 21, 14, 20]]"
11n_157_18,"[[13, 21, 14, 20], [7, 14, 8, 15], [19, 6, 20, 7], [22, 18, 1, 17], [11, 18, 12, 19], [2, 15, 3, 16], [21, 5, 22, 4], [10, 1, 11, 2], [8, 4, 9, 3], [5, 13, 6, 12], [16, 9, 17, 10]]"
11n_157_19,"[[16, 9, 17, 10], [13, 21, 14, 20], [7, 14, 8, 15], [19, 6, 20, 7], [22, 18, 1, 17], [11, 18, 12, 19], [2, 15, 3, 16], [21, 5, 22, 4], [10, 1, 11, 2], [8, 4, 9, 3], [5, 13, 6, 12]]"
11n_157_20,"[[5, 13, 6, 12], [16, 9, 17, 10], [13, 21, 14, 20], [7, 14, 8, 15], [19, 6, 20, 7], [22, 18, 1, 17], [11, 18, 12, 19], [2, 15, 3, 16], [21, 5, 22, 4], [10, 1, 11, 2], [8, 4, 9, 3]]"
11n_157_21,"[[8, 4, 9, 3], [5, 13, 6, 12], [16, 9, 17, 10], [13, 21, 14, 20], [7, 14, 8, 15], [19, 6, 20, 7], [22, 18, 1, 17], [11, 18, 12, 19], [2, 15, 3, 16], [21, 5, 22, 4], [10, 1, 11, 2]]"
11n_157_22,"[[11, 2, 12, 3], [9, 5, 10, 4], [6, 14, 7, 13], [17, 10, 18, 11], [14, 22, 15, 21], [8, 15, 9, 16], [20, 7, 21, 8], [1, 19, 2, 18], [12, 19, 13, 20], [3, 16, 4, 17], [22, 6, 1, 5]]"
11n_157_23,"[[22, 6, 1, 5], [11, 2, 12, 3], [9, 5, 10, 4], [6, 14, 7, 13], [17, 10, 18, 11], [14, 22, 15, 21], [8, 15, 9, 16], [20, 7, 21, 8], [1, 19, 2, 18], [12, 19, 13, 20], [3, 16, 4, 17]]"
11n_157_24,"[[3, 16, 4, 17], [22, 6, 1, 5], [11, 2, 12, 3], [9, 5, 10, 4], [6, 14, 7, 13], [17, 10, 18, 11], [14, 22, 15, 21], [8, 15, 9, 16], [20, 7, 21, 8], [1, 19, 2, 18], [12, 19, 13, 20]]"
11n_157_25,"[[12, 19, 13, 20], [3, 16, 4, 17], [22, 6, 1, 5], [11, 2, 12, 3], [9, 5, 10, 4], [6, 14, 7, 13], [17, 10, 18, 11], [14, 22, 15, 21], [8, 15, 9, 16], [20, 7, 21, 8], [1, 19, 2, 18]]"
11n_157_26,"[[1, 19, 2, 18], [12, 19, 13, 20], [3, 16, 4, 17], [22, 6, 1, 5], [11, 2, 12, 3], [9, 5, 10, 4], [6, 14, 7, 13], [17, 10, 18, 11], [14, 22, 15, 21], [8, 15, 9, 16], [20, 7, 21, 8]]"
11n_157_27,"[[20, 7, 21, 8], [1, 19, 2, 18], [12, 19, 13, 20], [3, 16, 4, 17], [22, 6, 1, 5], [11, 2, 12, 3], [9, 5, 10, 4], [6, 14, 7, 13], [17, 10, 18, 11], [14, 22, 15, 21], [8, 15, 9, 16]]"
11n_157_28,"[[8, 15, 9, 16], [20, 7, 21, 8], [1, 19, 2, 18], [12, 19, 13, 20], [3, 16, 4, 17], [22, 6, 1, 5], [11, 2, 12, 3], [9, 5, 10, 4], [6, 14, 7, 13], [17, 10, 18, 11], [14, 22, 15, 21]]"
11n_157_29,"[[14, 22, 15, 21], [8, 15, 9, 16], [20, 7, 21, 8], [1, 19, 2, 18], [12, 19, 13, 20], [3, 16, 4, 17], [22, 6, 1, 5], [11, 2, 12, 3], [9, 5, 10, 4], [6, 14, 7, 13], [17, 10, 18, 11]]"
11n_157_30,"[[17, 10, 18, 11], [14, 22, 15, 21], [8, 15, 9, 16], [20, 7, 21, 8], [1, 19, 2, 18], [12, 19, 13, 20], [3, 16, 4, 17], [22, 6, 1, 5], [11, 2, 12, 3], [9, 5, 10, 4], [6, 14, 7, 13]]"
11n_157_31,"[[6, 14, 7, 13], [17, 10, 18, 11], [14, 22, 15, 21], [8, 15, 9, 16], [20, 7, 21, 8], [1, 19, 2, 18], [12, 19, 13, 20], [3, 16, 4, 17], [22, 6, 1, 5], [11, 2, 12, 3], [9, 5, 10, 4]]"
11n_157_32,"[[9, 5, 10, 4], [6, 14, 7, 13], [17, 10, 18, 11], [14, 22, 15, 21], [8, 15, 9, 16], [20, 7, 21, 8], [1, 19, 2, 18], [12, 19, 13, 20], [3, 16, 4, 17], [22, 6, 1, 5], [11, 2, 12, 3]]"
11n_157_33,"[[12, 3, 13, 4], [10, 6, 11, 5], [7, 15, 8, 14], [18, 11, 19, 12], [15, 1, 16, 22], [9, 16, 10, 17], [21, 8, 22, 9], [2, 20, 3, 19], [13, 20, 14, 21], [4, 17, 5, 18], [1, 7, 2, 6]]"
11n_157_34,"[[1, 7, 2, 6], [12, 3, 13, 4], [10, 6, 11, 5], [7, 15, 8, 14], [18, 11, 19, 12], [15, 1, 16, 22], [9, 16, 10, 17], [21, 8, 22, 9], [2, 20, 3, 19], [13, 20, 14, 21], [4, 17, 5, 18]]"
11n_157_35,"[[4, 17, 5, 18], [1, 7, 2, 6], [12, 3, 13, 4], [10, 6, 11, 5], [7, 15, 8, 14], [18, 11, 19, 12], [15, 1, 16, 22], [9, 16, 10, 17], [21, 8, 22, 9], [2, 20, 3, 19], [13, 20, 14, 21]]"
11n_157_36,"[[13, 20, 14, 21], [4, 17, 5, 18], [1, 7, 2, 6], [12, 3, 13, 4], [10, 6, 11, 5], [7, 15, 8, 14], [18, 11, 19, 12], [15, 1, 16, 22], [9, 16, 10, 17], [21, 8, 22, 9], [2, 20, 3, 19]]"
11n_157_37,"[[2, 20, 3, 19], [13, 20, 14, 21], [4, 17, 5, 18], [1, 7, 2, 6], [12, 3, 13, 4], [10, 6, 11, 5], [7, 15, 8, 14], [18, 11, 19, 12], [15, 1, 16, 22], [9, 16, 10, 17], [21, 8, 22, 9]]"
11n_157_38,"[[21, 8, 22, 9], [2, 20, 3, 19], [13, 20, 14, 21], [4, 17, 5, 18], [1, 7, 2, 6], [12, 3, 13, 4], [10, 6, 11, 5], [7, 15, 8, 14], [18, 11, 19, 12], [15, 1, 16, 22], [9, 16, 10, 17]]"
11n_157_39,"[[9, 16, 10, 17], [21, 8, 22, 9], [2, 20, 3, 19], [13, 20, 14, 21], [4, 17, 5, 18], [1, 7, 2, 6], [12, 3, 13, 4], [10, 6, 11, 5], [7, 15, 8, 14], [18, 11, 19, 12], [15, 1, 16, 22]]"
11n_157_40,"[[15, 1, 16, 22], [9, 16, 10, 17], [21, 8, 22, 9], [2, 20, 3, 19], [13, 20, 14, 21], [4, 17, 5, 18], [1, 7, 2, 6], [12, 3, 13, 4], [10, 6, 11, 5], [7, 15, 8, 14], [18, 11, 19, 12]]"
11n_157_41,"[[18, 11, 19, 12], [15, 1, 16, 22], [9, 16, 10, 17], [21, 8, 22, 9], [2, 20, 3, 19], [13, 20, 14, 21], [4, 17, 5, 18], [1, 7, 2, 6], [12, 3, 13, 4], [10, 6, 11, 5], [7, 15, 8, 14]]"
11n_157_42,"[[7, 15, 8, 14], [18, 11, 19, 12], [15, 1, 16, 22], [9, 16, 10, 17], [21, 8, 22, 9], [2, 20, 3, 19], [13, 20, 14, 21], [4, 17, 5, 18], [1, 7, 2, 6], [12, 3, 13, 4], [10, 6, 11, 5]]"
11n_157_43,"[[10, 6, 11, 5], [7, 15, 8, 14], [18, 11, 19, 12], [15, 1, 16, 22], [9, 16, 10, 17], [21, 8, 22, 9], [2, 20, 3, 19], [13, 20, 14, 21], [4, 17, 5, 18], [1, 7, 2, 6], [12, 3, 13, 4]]"
11n_157_44,"[[13, 4, 14, 5], [11, 7, 12, 6], [8, 16, 9, 15], [19, 12, 20, 13], [16, 2, 17, 1], [10, 17, 11, 18], [22, 9, 1, 10], [3, 21, 4, 20], [14, 21, 15, 22], [5, 18, 6, 19], [2, 8, 3, 7]]"
11n_157_45,"[[2, 8, 3, 7], [13, 4, 14, 5], [11, 7, 12, 6], [8, 16, 9, 15], [19, 12, 20, 13], [16, 2, 17, 1], [10, 17, 11, 18], [22, 9, 1, 10], [3, 21, 4, 20], [14, 21, 15, 22], [5, 18, 6, 19]]"
11n_157_46,"[[5, 18, 6, 19], [2, 8, 3, 7], [13, 4, 14, 5], [11, 7, 12, 6], [8, 16, 9, 15], [19, 12, 20, 13], [16, 2, 17, 1], [10, 17, 11, 18], [22, 9, 1, 10], [3, 21, 4, 20], [14, 21, 15, 22]]"
11n_157_47,"[[14, 21, 15, 22], [5, 18, 6, 19], [2, 8, 3, 7], [13, 4, 14, 5], [11, 7, 12, 6], [8, 16, 9, 15], [19, 12, 20, 13], [16, 2, 17, 1], [10, 17, 11, 18], [22, 9, 1, 10], [3, 21, 4, 20]]"
11n_157_48,"[[3, 21, 4, 20], [14, 21, 15, 22], [5, 18, 6, 19], [2, 8, 3, 7], [13, 4, 14, 5], [11, 7, 12, 6], [8, 16, 9, 15], [19, 12, 20, 13], [16, 2, 17, 1], [10, 17, 11, 18], [22, 9, 1, 10]]"
11n_157_49,"[[22, 9, 1, 10], [3, 21, 4, 20], [14, 21, 15, 22], [5, 18, 6, 19], [2, 8, 3, 7], [13, 4, 14, 5], [11, 7, 12, 6], [8, 16, 9, 15], [19, 12, 20, 13], [16, 2, 17, 1], [10, 17, 11, 18]]"
11n_157_50,"[[10, 17, 11, 18], [22, 9, 1, 10], [3, 21, 4, 20], [14, 21, 15, 22], [5, 18, 6, 19], [2, 8, 3, 7], [13, 4, 14, 5], [11, 7, 12, 6], [8, 16, 9, 15], [19, 12, 20, 13], [16, 2, 17, 1]]"
11n_157_51,"[[16, 2, 17, 1], [10, 17, 11, 18], [22, 9, 1, 10], [3, 21, 4, 20], [14, 21, 15, 22], [5, 18, 6, 19], [2, 8, 3, 7], [13, 4, 14, 5], [11, 7, 12, 6], [8, 16, 9, 15], [19, 12, 20, 13]]"
11n_157_52,"[[19, 12, 20, 13], [16, 2, 17, 1], [10, 17, 11, 18], [22, 9, 1, 10], [3, 21, 4, 20], [14, 21, 15, 22], [5, 18, 6, 19], [2, 8, 3, 7], [13, 4, 14, 5], [11, 7, 12, 6], [8, 16, 9, 15]]"
11n_157_53,"[[8, 16, 9, 15], [19, 12, 20, 13], [16, 2, 17, 1], [10, 17, 11, 18], [22, 9, 1, 10], [3, 21, 4, 20], [14, 21, 15, 22], [5, 18, 6, 19], [2, 8, 3, 7], [13, 4, 14, 5], [11, 7, 12, 6]]"
11n_157_54,"[[11, 7, 12, 6], [8, 16, 9, 15], [19, 12, 20, 13], [16, 2, 17, 1], [10, 17, 11, 18], [22, 9, 1, 10], [3, 21, 4, 20], [14, 21, 15, 22], [5, 18, 6, 19], [2, 8, 3, 7], [13, 4, 14, 5]]"
11n_157_55,"[[14, 5, 15, 6], [12, 8, 13, 7], [9, 17, 10, 16], [20, 13, 21, 14], [17, 3, 18, 2], [11, 18, 12, 19], [1, 10, 2, 11], [4, 22, 5, 21], [15, 22, 16, 1], [6, 19, 7, 20], [3, 9, 4, 8]]"
11n_157_56,"[[3, 9, 4, 8], [14, 5, 15, 6], [12, 8, 13, 7], [9, 17, 10, 16], [20, 13, 21, 14], [17, 3, 18, 2], [11, 18, 12, 19], [1, 10, 2, 11], [4, 22, 5, 21], [15, 22, 16, 1], [6, 19, 7, 20]]"
11n_157_57,"[[6, 19, 7, 20], [3, 9, 4, 8], [14, 5, 15, 6], [12, 8, 13, 7], [9, 17, 10, 16], [20, 13, 21, 14], [17, 3, 18, 2], [11, 18, 12, 19], [1, 10, 2, 11], [4, 22, 5, 21], [15, 22, 16, 1]]"
11n_157_58,"[[15, 22, 16, 1], [6, 19, 7, 20], [3, 9, 4, 8], [14, 5, 15, 6], [12, 8, 13, 7], [9, 17, 10, 16], [20, 13, 21, 14], [17, 3, 18, 2], [11, 18, 12, 19], [1, 10, 2, 11], [4, 22, 5, 21]]"
11n_157_59,"[[4, 22, 5, 21], [15, 22, 16, 1], [6, 19, 7, 20], [3, 9, 4, 8], [14, 5, 15, 6], [12, 8, 13, 7], [9, 17, 10, 16], [20, 13, 21, 14], [17, 3, 18, 2], [11, 18, 12, 19], [1, 10, 2, 11]]"
11n_157_60,"[[1, 10, 2, 11], [4, 22, 5, 21], [15, 22, 16, 1], [6, 19, 7, 20], [3, 9, 4, 8], [14, 5, 15, 6], [12, 8, 13, 7], [9, 17, 10, 16], [20, 13, 21, 14], [17, 3, 18, 2], [11, 18, 12, 19]]"
11n_157_61,"[[11, 18, 12, 19], [1, 10, 2, 11], [4, 22, 5, 21], [15, 22, 16, 1], [6, 19, 7, 20], [3, 9, 4, 8], [14, 5, 15, 6], [12, 8, 13, 7], [9, 17, 10, 16], [20, 13, 21, 14], [17, 3, 18, 2]]"
11n_157_62,"[[17, 3, 18, 2], [11, 18, 12, 19], [1, 10, 2, 11], [4, 22, 5, 21], [15, 22, 16, 1], [6, 19, 7, 20], [3, 9, 4, 8], [14, 5, 15, 6], [12, 8, 13, 7], [9, 17, 10, 16], [20, 13, 21, 14]]"
11n_157_63,"[[20, 13, 21, 14], [17, 3, 18, 2], [11, 18, 12, 19], [1, 10, 2, 11], [4, 22, 5, 21], [15, 22, 16, 1], [6, 19, 7, 20], [3, 9, 4, 8], [14, 5, 15, 6], [12, 8, 13, 7], [9, 17, 10, 16]]"
11n_157_64,"[[9, 17, 10, 16], [20, 13, 21, 14], [17, 3, 18, 2], [11, 18, 12, 19], [1, 10, 2, 11], [4, 22, 5, 21], [15, 22, 16, 1], [6, 19, 7, 20], [3, 9, 4, 8], [14, 5, 15, 6], [12, 8, 13, 7]]"
11n_157_65,"[[12, 8, 13, 7], [9, 17, 10, 16], [20, 13, 21, 14], [17, 3, 18, 2], [11, 18, 12, 19], [1, 10, 2, 11], [4, 22, 5, 21], [15, 22, 16, 1], [6, 19, 7, 20], [3, 9, 4, 8], [14, 5, 15, 6]]"
11n_157_66,"[[15, 6, 16, 7], [13, 9, 14, 8], [10, 18, 11, 17], [21, 14, 22, 15], [18, 4, 19, 3], [12, 19, 13, 20], [2, 11, 3, 12], [5, 1, 6, 22], [16, 1, 17, 2], [7, 20, 8, 21], [4, 10, 5, 9]]"
11n_157_67,"[[4, 10, 5, 9], [15, 6, 16, 7], [13, 9, 14, 8], [10, 18, 11, 17], [21, 14, 22, 15], [18, 4, 19, 3], [12, 19, 13, 20], [2, 11, 3, 12], [5, 1, 6, 22], [16, 1, 17, 2], [7, 20, 8, 21]]"
11n_157_68,"[[7, 20, 8, 21], [4, 10, 5, 9], [15, 6, 16, 7], [13, 9, 14, 8], [10, 18, 11, 17], [21, 14, 22, 15], [18, 4, 19, 3], [12, 19, 13, 20], [2, 11, 3, 12], [5, 1, 6, 22], [16, 1, 17, 2]]"
11n_157_69,"[[16, 1, 17, 2], [7, 20, 8, 21], [4, 10, 5, 9], [15, 6, 16, 7], [13, 9, 14, 8], [10, 18, 11, 17], [21, 14, 22, 15], [18, 4, 19, 3], [12, 19, 13, 20], [2, 11, 3, 12], [5, 1, 6, 22]]"
11n_157_70,"[[5, 1, 6, 22], [16, 1, 17, 2], [7, 20, 8, 21], [4, 10, 5, 9], [15, 6, 16, 7], [13, 9, 14, 8], [10, 18, 11, 17], [21, 14, 22, 15], [18, 4, 19, 3], [12, 19, 13, 20], [2, 11, 3, 12]]"
11n_157_71,"[[2, 11, 3, 12], [5, 1, 6, 22], [16, 1, 17, 2], [7, 20, 8, 21], [4, 10, 5, 9], [15, 6, 16, 7], [13, 9, 14, 8], [10, 18, 11, 17], [21, 14, 22, 15], [18, 4, 19, 3], [12, 19, 13, 20]]"
11n_157_72,"[[12, 19, 13, 20], [2, 11, 3, 12], [5, 1, 6, 22], [16, 1, 17, 2], [7, 20, 8, 21], [4, 10, 5, 9], [15, 6, 16, 7], [13, 9, 14, 8], [10, 18, 11, 17], [21, 14, 22, 15], [18, 4, 19, 3]]"
11n_157_73,"[[18, 4, 19, 3], [12, 19, 13, 20], [2, 11, 3, 12], [5, 1, 6, 22], [16, 1, 17, 2], [7, 20, 8, 21], [4, 10, 5, 9], [15, 6, 16, 7], [13, 9, 14, 8], [10, 18, 11, 17], [21, 14, 22, 15]]"
11n_157_74,"[[21, 14, 22, 15], [18, 4, 19, 3], [12, 19, 13, 20], [2, 11, 3, 12], [5, 1, 6, 22], [16, 1, 17, 2], [7, 20, 8, 21], [4, 10, 5, 9], [15, 6, 16, 7], [13, 9, 14, 8], [10, 18, 11, 17]]"
11n_157_75,"[[10, 18, 11, 17], [21, 14, 22, 15], [18, 4, 19, 3], [12, 19, 13, 20], [2, 11, 3, 12], [5, 1, 6, 22], [16, 1, 17, 2], [7, 20, 8, 21], [4, 10, 5, 9], [15, 6, 16, 7], [13, 9, 14, 8]]"
11n_157_76,"[[13, 9, 14, 8], [10, 18, 11, 17], [21, 14, 22, 15], [18, 4, 19, 3], [12, 19, 13, 20], [2, 11, 3, 12], [5, 1, 6, 22], [16, 1, 17, 2], [7, 20, 8, 21], [4, 10, 5, 9], [15, 6, 16, 7]]"
11n_157_77,"[[16, 7, 17, 8], [14, 10, 15, 9], [11, 19, 12, 18], [22, 15, 1, 16], [19, 5, 20, 4], [13, 20, 14, 21], [3, 12, 4, 13], [6, 2, 7, 1], [17, 2, 18, 3], [8, 21, 9, 22], [5, 11, 6, 10]]"
11n_157_78,"[[5, 11, 6, 10], [16, 7, 17, 8], [14, 10, 15, 9], [11, 19, 12, 18], [22, 15, 1, 16], [19, 5, 20, 4], [13, 20, 14, 21], [3, 12, 4, 13], [6, 2, 7, 1], [17, 2, 18, 3], [8, 21, 9, 22]]"
11n_157_79,"[[8, 21, 9, 22], [5, 11, 6, 10], [16, 7, 17, 8], [14, 10, 15, 9], [11, 19, 12, 18], [22, 15, 1, 16], [19, 5, 20, 4], [13, 20, 14, 21], [3, 12, 4, 13], [6, 2, 7, 1], [17, 2, 18, 3]]"
11n_157_80,"[[17, 2, 18, 3], [8, 21, 9, 22], [5, 11, 6, 10], [16, 7, 17, 8], [14, 10, 15, 9], [11, 19, 12, 18], [22, 15, 1, 16], [19, 5, 20, 4], [13, 20, 14, 21], [3, 12, 4, 13], [6, 2, 7, 1]]"
11n_157_81,"[[6, 2, 7, 1], [17, 2, 18, 3], [8, 21, 9, 22], [5, 11, 6, 10], [16, 7, 17, 8], [14, 10, 15, 9], [11, 19, 12, 18], [22, 15, 1, 16], [19, 5, 20, 4], [13, 20, 14, 21], [3, 12, 4, 13]]"
11n_157_82,"[[3, 12, 4, 13], [6, 2, 7, 1], [17, 2, 18, 3], [8, 21, 9, 22], [5, 11, 6, 10], [16, 7, 17, 8], [14, 10, 15, 9], [11, 19, 12, 18], [22, 15, 1, 16], [19, 5, 20, 4], [13, 20, 14, 21]]"
11n_157_83,"[[13, 20, 14, 21], [3, 12, 4, 13], [6, 2, 7, 1], [17, 2, 18, 3], [8, 21, 9, 22], [5, 11, 6, 10], [16, 7, 17, 8], [14, 10, 15, 9], [11, 19, 12, 18], [22, 15, 1, 16], [19, 5, 20, 4]]"
11n_157_84,"[[19, 5, 20, 4], [13, 20, 14, 21], [3, 12, 4, 13], [6, 2, 7, 1], [17, 2, 18, 3], [8, 21, 9, 22], [5, 11, 6, 10], [16, 7, 17, 8], [14, 10, 15, 9], [11, 19, 12, 18], [22, 15, 1, 16]]"
11n_157_85,"[[22, 15, 1, 16], [19, 5, 20, 4], [13, 20, 14, 21], [3, 12, 4, 13], [6, 2, 7, 1], [17, 2, 18, 3], [8, 21, 9, 22], [5, 11, 6, 10], [16, 7, 17, 8], [14, 10, 15, 9], [11, 19, 12, 18]]"
11n_157_86,"[[11, 19, 12, 18], [22, 15, 1, 16], [19, 5, 20, 4], [13, 20, 14, 21], [3, 12, 4, 13], [6, 2, 7, 1], [17, 2, 18, 3], [8, 21, 9, 22], [5, 11, 6, 10], [16, 7, 17, 8], [14, 10, 15, 9]]"
11n_157_87,"[[14, 10, 15, 9], [11, 19, 12, 18], [22, 15, 1, 16], [19, 5, 20, 4], [13, 20, 14, 21], [3, 12, 4, 13], [6, 2, 7, 1], [17, 2, 18, 3], [8, 21, 9, 22], [5, 11, 6, 10], [16, 7, 17, 8]]"
11n_157_88,"[[17, 8, 18, 9], [15, 11, 16, 10], [12, 20, 13, 19], [1, 16, 2, 17], [20, 6, 21, 5], [14, 21, 15, 22], [4, 13, 5, 14], [7, 3, 8, 2], [18, 3, 19, 4], [9, 22, 10, 1], [6, 12, 7, 11]]"
11n_157_89,"[[6, 12, 7, 11], [17, 8, 18, 9], [15, 11, 16, 10], [12, 20, 13, 19], [1, 16, 2, 17], [20, 6, 21, 5], [14, 21, 15, 22], [4, 13, 5, 14], [7, 3, 8, 2], [18, 3, 19, 4], [9, 22, 10, 1]]"
11n_157_90,"[[9, 22, 10, 1], [6, 12, 7, 11], [17, 8, 18, 9], [15, 11, 16, 10], [12, 20, 13, 19], [1, 16, 2, 17], [20, 6, 21, 5], [14, 21, 15, 22], [4, 13, 5, 14], [7, 3, 8, 2], [18, 3, 19, 4]]"
11n_157_91,"[[18, 3, 19, 4], [9, 22, 10, 1], [6, 12, 7, 11], [17, 8, 18, 9], [15, 11, 16, 10], [12, 20, 13, 19], [1, 16, 2, 17], [20, 6, 21, 5], [14, 21, 15, 22], [4, 13, 5, 14], [7, 3, 8, 2]]"
11n_157_92,"[[7, 3, 8, 2], [18, 3, 19, 4], [9, 22, 10, 1], [6, 12, 7, 11], [17, 8, 18, 9], [15, 11, 16, 10], [12, 20, 13, 19], [1, 16, 2, 17], [20, 6, 21, 5], [14, 21, 15, 22], [4, 13, 5, 14]]"
11n_157_93,"[[4, 13, 5, 14], [7, 3, 8, 2], [18, 3, 19, 4], [9, 22, 10, 1], [6, 12, 7, 11], [17, 8, 18, 9], [15, 11, 16, 10], [12, 20, 13, 19], [1, 16, 2, 17], [20, 6, 21, 5], [14, 21, 15, 22]]"
11n_157_94,"[[14, 21, 15, 22], [4, 13, 5, 14], [7, 3, 8, 2], [18, 3, 19, 4], [9, 22, 10, 1], [6, 12, 7, 11], [17, 8, 18, 9], [15, 11, 16, 10], [12, 20, 13, 19], [1, 16, 2, 17], [20, 6, 21, 5]]"
11n_157_95,"[[20, 6, 21, 5], [14, 21, 15, 22], [4, 13, 5, 14], [7, 3, 8, 2], [18, 3, 19, 4], [9, 22, 10, 1], [6, 12, 7, 11], [17, 8, 18, 9], [15, 11, 16, 10], [12, 20, 13, 19], [1, 16, 2, 17]]"
11n_157_96,"[[1, 16, 2, 17], [20, 6, 21, 5], [14, 21, 15, 22], [4, 13, 5, 14], [7, 3, 8, 2], [18, 3, 19, 4], [9, 22, 10, 1], [6, 12, 7, 11], [17, 8, 18, 9], [15, 11, 16, 10], [12, 20, 13, 19]]"
11n_157_97,"[[12, 20, 13, 19], [1, 16, 2, 17], [20, 6, 21, 5], [14, 21, 15, 22], [4, 13, 5, 14], [7, 3, 8, 2], [18, 3, 19, 4], [9, 22, 10, 1], [6, 12, 7, 11], [17, 8, 18, 9], [15, 11, 16, 10]]"
11n_157_98,"[[15, 11, 16, 10], [12, 20, 13, 19], [1, 16, 2, 17], [20, 6, 21, 5], [14, 21, 15, 22], [4, 13, 5, 14], [7, 3, 8, 2], [18, 3, 19, 4], [9, 22, 10, 1], [6, 12, 7, 11], [17, 8, 18, 9]]"
11n_157_99,"[[18, 9, 19, 10], [16, 12, 17, 11], [13, 21, 14, 20], [2, 17, 3, 18], [21, 7, 22, 6], [15, 22, 16, 1], [5, 14, 6, 15], [8, 4, 9, 3], [19, 4, 20, 5], [10, 1, 11, 2], [7, 13, 8, 12]]"
11n_157_100,"[[7, 13, 8, 12], [18, 9, 19, 10], [16, 12, 17, 11], [13, 21, 14, 20], [2, 17, 3, 18], [21, 7, 22, 6], [15, 22, 16, 1], [5, 14, 6, 15], [8, 4, 9, 3], [19, 4, 20, 5], [10, 1, 11, 2]]"
11n_157_101,"[[10, 1, 11, 2], [7, 13, 8, 12], [18, 9, 19, 10], [16, 12, 17, 11], [13, 21, 14, 20], [2, 17, 3, 18], [21, 7, 22, 6], [15, 22, 16, 1], [5, 14, 6, 15], [8, 4, 9, 3], [19, 4, 20, 5]]"
11n_157_102,"[[19, 4, 20, 5], [10, 1, 11, 2], [7, 13, 8, 12], [18, 9, 19, 10], [16, 12, 17, 11], [13, 21, 14, 20], [2, 17, 3, 18], [21, 7, 22, 6], [15, 22, 16, 1], [5, 14, 6, 15], [8, 4, 9, 3]]"
11n_157_103,"[[8, 4, 9, 3], [19, 4, 20, 5], [10, 1, 11, 2], [7, 13, 8, 12], [18, 9, 19, 10], [16, 12, 17, 11], [13, 21, 14, 20], [2, 17, 3, 18], [21, 7, 22, 6], [15, 22, 16, 1], [5, 14, 6, 15]]"
11n_157_104,"[[5, 14, 6, 15], [8, 4, 9, 3], [19, 4, 20, 5], [10, 1, 11, 2], [7, 13, 8, 12], [18, 9, 19, 10], [16, 12, 17, 11], [13, 21, 14, 20], [2, 17, 3, 18], [21, 7, 22, 6], [15, 22, 16, 1]]"
11n_157_105,"[[15, 22, 16, 1], [5, 14, 6, 15], [8, 4, 9, 3], [19, 4, 20, 5], [10, 1, 11, 2], [7, 13, 8, 12], [18, 9, 19, 10], [16, 12, 17, 11], [13, 21, 14, 20], [2, 17, 3, 18], [21, 7, 22, 6]]"
11n_157_106,"[[21, 7, 22, 6], [15, 22, 16, 1], [5, 14, 6, 15], [8, 4, 9, 3], [19, 4, 20, 5], [10, 1, 11, 2], [7, 13, 8, 12], [18, 9, 19, 10], [16, 12, 17, 11], [13, 21, 14, 20], [2, 17, 3, 18]]"
11n_157_107,"[[2, 17, 3, 18], [21, 7, 22, 6], [15, 22, 16, 1], [5, 14, 6, 15], [8, 4, 9, 3], [19, 4, 20, 5], [10, 1, 11, 2], [7, 13, 8, 12], [18, 9, 19, 10], [16, 12, 17, 11], [13, 21, 14, 20]]"
11n_157_108,"[[13, 21, 14, 20], [2, 17, 3, 18], [21, 7, 22, 6], [15, 22, 16, 1], [5, 14, 6, 15], [8, 4, 9, 3], [19, 4, 20, 5], [10, 1, 11, 2], [7, 13, 8, 12], [18, 9, 19, 10], [16, 12, 17, 11]]"
11n_157_109,"[[16, 12, 17, 11], [13, 21, 14, 20], [2, 17, 3, 18], [21, 7, 22, 6], [15, 22, 16, 1], [5, 14, 6, 15], [8, 4, 9, 3], [19, 4, 20, 5], [10, 1, 11, 2], [7, 13, 8, 12], [18, 9, 19, 10]]"
11n_157_110,"[[19, 10, 20, 11], [17, 13, 18, 12], [14, 22, 15, 21], [3, 18, 4, 19], [22, 8, 1, 7], [16, 1, 17, 2], [6, 15, 7, 16], [9, 5, 10, 4], [20, 5, 21, 6], [11, 2, 12, 3], [8, 14, 9, 13]]"
11n_157_111,"[[8, 14, 9, 13], [19, 10, 20, 11], [17, 13, 18, 12], [14, 22, 15, 21], [3, 18, 4, 19], [22, 8, 1, 7], [16, 1, 17, 2], [6, 15, 7, 16], [9, 5, 10, 4], [20, 5, 21, 6], [11, 2, 12, 3]]"
11n_157_112,"[[11, 2, 12, 3], [8, 14, 9, 13], [19, 10, 20, 11], [17, 13, 18, 12], [14, 22, 15, 21], [3, 18, 4, 19], [22, 8, 1, 7], [16, 1, 17, 2], [6, 15, 7, 16], [9, 5, 10, 4], [20, 5, 21, 6]]"
11n_157_113,"[[20, 5, 21, 6], [11, 2, 12, 3], [8, 14, 9, 13], [19, 10, 20, 11], [17, 13, 18, 12], [14, 22, 15, 21], [3, 18, 4, 19], [22, 8, 1, 7], [16, 1, 17, 2], [6, 15, 7, 16], [9, 5, 10, 4]]"
11n_157_114,"[[9, 5, 10, 4], [20, 5, 21, 6], [11, 2, 12, 3], [8, 14, 9, 13], [19, 10, 20, 11], [17, 13, 18, 12], [14, 22, 15, 21], [3, 18, 4, 19], [22, 8, 1, 7], [16, 1, 17, 2], [6, 15, 7, 16]]"
11n_157_115,"[[6, 15, 7, 16], [9, 5, 10, 4], [20, 5, 21, 6], [11, 2, 12, 3], [8, 14, 9, 13], [19, 10, 20, 11], [17, 13, 18, 12], [14, 22, 15, 21], [3, 18, 4, 19], [22, 8, 1, 7], [16, 1, 17, 2]]"
11n_157_116,"[[16, 1, 17, 2], [6, 15, 7, 16], [9, 5, 10, 4], [20, 5, 21, 6], [11, 2, 12, 3], [8, 14, 9, 13], [19, 10, 20, 11], [17, 13, 18, 12], [14, 22, 15, 21], [3, 18, 4, 19], [22, 8, 1, 7]]"
11n_157_117,"[[22, 8, 1, 7], [16, 1, 17, 2], [6, 15, 7, 16], [9, 5, 10, 4], [20, 5, 21, 6], [11, 2, 12, 3], [8, 14, 9, 13], [19, 10, 20, 11], [17, 13, 18, 12], [14, 22, 15, 21], [3, 18, 4, 19]]"
11n_157_118,"[[3, 18, 4, 19], [22, 8, 1, 7], [16, 1, 17, 2], [6, 15, 7, 16], [9, 5, 10, 4], [20, 5, 21, 6], [11, 2, 12, 3], [8, 14, 9, 13], [19, 10, 20, 11], [17, 13, 18, 12], [14, 22, 15, 21]]"
11n_157_119,"[[14, 22, 15, 21], [3, 18, 4, 19], [22, 8, 1, 7], [16, 1, 17, 2], [6, 15, 7, 16], [9, 5, 10, 4], [20, 5, 21, 6], [11, 2, 12, 3], [8, 14, 9, 13], [19, 10, 20, 11], [17, 13, 18, 12]]"
11n_157_120,"[[17, 13, 18, 12], [14, 22, 15, 21], [3, 18, 4, 19], [22, 8, 1, 7], [16, 1, 17, 2], [6, 15, 7, 16], [9, 5, 10, 4], [20, 5, 21, 6], [11, 2, 12, 3], [8, 14, 9, 13], [19, 10, 20, 11]]"
11n_157_121,"[[20, 11, 21, 12], [18, 14, 19, 13], [15, 1, 16, 22], [4, 19, 5, 20], [1, 9, 2, 8], [17, 2, 18, 3], [7, 16, 8, 17], [10, 6, 11, 5], [21, 6, 22, 7], [12, 3, 13, 4], [9, 15, 10, 14]]"
11n_157_122,"[[9, 15, 10, 14], [20, 11, 21, 12], [18, 14, 19, 13], [15, 1, 16, 22], [4, 19, 5, 20], [1, 9, 2, 8], [17, 2, 18, 3], [7, 16, 8, 17], [10, 6, 11, 5], [21, 6, 22, 7], [12, 3, 13, 4]]"
11n_157_123,"[[12, 3, 13, 4], [9, 15, 10, 14], [20, 11, 21, 12], [18, 14, 19, 13], [15, 1, 16, 22], [4, 19, 5, 20], [1, 9, 2, 8], [17, 2, 18, 3], [7, 16, 8, 17], [10, 6, 11, 5], [21, 6, 22, 7]]"
11n_157_124,"[[21, 6, 22, 7], [12, 3, 13, 4], [9, 15, 10, 14], [20, 11, 21, 12], [18, 14, 19, 13], [15, 1, 16, 22], [4, 19, 5, 20], [1, 9, 2, 8], [17, 2, 18, 3], [7, 16, 8, 17], [10, 6, 11, 5]]"
11n_157_125,"[[10, 6, 11, 5], [21, 6, 22, 7], [12, 3, 13, 4], [9, 15, 10, 14], [20, 11, 21, 12], [18, 14, 19, 13], [15, 1, 16, 22], [4, 19, 5, 20], [1, 9, 2, 8], [17, 2, 18, 3], [7, 16, 8, 17]]"
11n_157_126,"[[7, 16, 8, 17], [10, 6, 11, 5], [21, 6, 22, 7], [12, 3, 13, 4], [9, 15, 10, 14], [20, 11, 21, 12], [18, 14, 19, 13], [15, 1, 16, 22], [4, 19, 5, 20], [1, 9, 2, 8], [17, 2, 18, 3]]"
11n_157_127,"[[17, 2, 18, 3], [7, 16, 8, 17], [10, 6, 11, 5], [21, 6, 22, 7], [12, 3, 13, 4], [9, 15, 10, 14], [20, 11, 21, 12], [18, 14, 19, 13], [15, 1, 16, 22], [4, 19, 5, 20], [1, 9, 2, 8]]"
11n_157_128,"[[1, 9, 2, 8], [17, 2, 18, 3], [7, 16, 8, 17], [10, 6, 11, 5], [21, 6, 22, 7], [12, 3, 13, 4], [9, 15, 10, 14], [20, 11, 21, 12], [18, 14, 19, 13], [15, 1, 16, 22], [4, 19, 5, 20]]"
11n_157_129,"[[4, 19, 5, 20], [1, 9, 2, 8], [17, 2, 18, 3], [7, 16, 8, 17], [10, 6, 11, 5], [21, 6, 22, 7], [12, 3, 13, 4], [9, 15, 10, 14], [20, 11, 21, 12], [18, 14, 19, 13], [15, 1, 16, 22]]"
11n_157_130,"[[15, 1, 16, 22], [4, 19, 5, 20], [1, 9, 2, 8], [17, 2, 18, 3], [7, 16, 8, 17], [10, 6, 11, 5], [21, 6, 22, 7], [12, 3, 13, 4], [9, 15, 10, 14], [20, 11, 21, 12], [18, 14, 19, 13]]"
11n_157_131,"[[18, 14, 19, 13], [15, 1, 16, 22], [4, 19, 5, 20], [1, 9, 2, 8], [17, 2, 18, 3], [7, 16, 8, 17], [10, 6, 11, 5], [21, 6, 22, 7], [12, 3, 13, 4], [9, 15, 10, 14], [20, 11, 21, 12]]"
11n_157_132,"[[21, 12, 22, 13], [19, 15, 20, 14], [16, 2, 17, 1], [5, 20, 6, 21], [2, 10, 3, 9], [18, 3, 19, 4], [8, 17, 9, 18], [11, 7, 12, 6], [22, 7, 1, 8], [13, 4, 14, 5], [10, 16, 11, 15]]"
11n_157_133,"[[10, 16, 11, 15], [21, 12, 22, 13], [19, 15, 20, 14], [16, 2, 17, 1], [5, 20, 6, 21], [2, 10, 3, 9], [18, 3, 19, 4], [8, 17, 9, 18], [11, 7, 12, 6], [22, 7, 1, 8], [13, 4, 14, 5]]"
11n_157_134,"[[13, 4, 14, 5], [10, 16, 11, 15], [21, 12, 22, 13], [19, 15, 20, 14], [16, 2, 17, 1], [5, 20, 6, 21], [2, 10, 3, 9], [18, 3, 19, 4], [8, 17, 9, 18], [11, 7, 12, 6], [22, 7, 1, 8]]"
11n_157_135,"[[22, 7, 1, 8], [13, 4, 14, 5], [10, 16, 11, 15], [21, 12, 22, 13], [19, 15, 20, 14], [16, 2, 17, 1], [5, 20, 6, 21], [2, 10, 3, 9], [18, 3, 19, 4], [8, 17, 9, 18], [11, 7, 12, 6]]"
11n_157_136,"[[11, 7, 12, 6], [22, 7, 1, 8], [13, 4, 14, 5], [10, 16, 11, 15], [21, 12, 22, 13], [19, 15, 20, 14], [16, 2, 17, 1], [5, 20, 6, 21], [2, 10, 3, 9], [18, 3, 19, 4], [8, 17, 9, 18]]"
11n_157_137,"[[8, 17, 9, 18], [11, 7, 12, 6], [22, 7, 1, 8], [13, 4, 14, 5], [10, 16, 11, 15], [21, 12, 22, 13], [19, 15, 20, 14], [16, 2, 17, 1], [5, 20, 6, 21], [2, 10, 3, 9], [18, 3, 19, 4]]"
11n_157_138,"[[18, 3, 19, 4], [8, 17, 9, 18], [11, 7, 12, 6], [22, 7, 1, 8], [13, 4, 14, 5], [10, 16, 11, 15], [21, 12, 22, 13], [19, 15, 20, 14], [16, 2, 17, 1], [5, 20, 6, 21], [2, 10, 3, 9]]"
11n_157_139,"[[2, 10, 3, 9], [18, 3, 19, 4], [8, 17, 9, 18], [11, 7, 12, 6], [22, 7, 1, 8], [13, 4, 14, 5], [10, 16, 11, 15], [21, 12, 22, 13], [19, 15, 20, 14], [16, 2, 17, 1], [5, 20, 6, 21]]"
11n_157_140,"[[5, 20, 6, 21], [2, 10, 3, 9], [18, 3, 19, 4], [8, 17, 9, 18], [11, 7, 12, 6], [22, 7, 1, 8], [13, 4, 14, 5], [10, 16, 11, 15], [21, 12, 22, 13], [19, 15, 20, 14], [16, 2, 17, 1]]"
11n_157_141,"[[16, 2, 17, 1], [5, 20, 6, 21], [2, 10, 3, 9], [18, 3, 19, 4], [8, 17, 9, 18], [11, 7, 12, 6], [22, 7, 1, 8], [13, 4, 14, 5], [10, 16, 11, 15], [21, 12, 22, 13], [19, 15, 20, 14]]"
11n_157_142,"[[19, 15, 20, 14], [16, 2, 17, 1], [5, 20, 6, 21], [2, 10, 3, 9], [18, 3, 19, 4], [8, 17, 9, 18], [11, 7, 12, 6], [22, 7, 1, 8], [13, 4, 14, 5], [10, 16, 11, 15], [21, 12, 22, 13]]"
11n_157_143,"[[22, 13, 1, 14], [20, 16, 21, 15], [17, 3, 18, 2], [6, 21, 7, 22], [3, 11, 4, 10], [19, 4, 20, 5], [9, 18, 10, 19], [12, 8, 13, 7], [1, 8, 2, 9], [14, 5, 15, 6], [11, 17, 12, 16]]"
11n_157_144,"[[11, 17, 12, 16], [22, 13, 1, 14], [20, 16, 21, 15], [17, 3, 18, 2], [6, 21, 7, 22], [3, 11, 4, 10], [19, 4, 20, 5], [9, 18, 10, 19], [12, 8, 13, 7], [1, 8, 2, 9], [14, 5, 15, 6]]"
11n_157_145,"[[14, 5, 15, 6], [11, 17, 12, 16], [22, 13, 1, 14], [20, 16, 21, 15], [17, 3, 18, 2], [6, 21, 7, 22], [3, 11, 4, 10], [19, 4, 20, 5], [9, 18, 10, 19], [12, 8, 13, 7], [1, 8, 2, 9]]"
11n_157_146,"[[1, 8, 2, 9], [14, 5, 15, 6], [11, 17, 12, 16], [22, 13, 1, 14], [20, 16, 21, 15], [17, 3, 18, 2], [6, 21, 7, 22], [3, 11, 4, 10], [19, 4, 20, 5], [9, 18, 10, 19], [12, 8, 13, 7]]"
11n_157_147,"[[12, 8, 13, 7], [1, 8, 2, 9], [14, 5, 15, 6], [11, 17, 12, 16], [22, 13, 1, 14], [20, 16, 21, 15], [17, 3, 18, 2], [6, 21, 7, 22], [3, 11, 4, 10], [19, 4, 20, 5], [9, 18, 10, 19]]"
11n_157_148,"[[9, 18, 10, 19], [12, 8, 13, 7], [1, 8, 2, 9], [14, 5, 15, 6], [11, 17, 12, 16], [22, 13, 1, 14], [20, 16, 21, 15], [17, 3, 18, 2], [6, 21, 7, 22], [3, 11, 4, 10], [19, 4, 20, 5]]"
11n_157_149,"[[19, 4, 20, 5], [9, 18, 10, 19], [12, 8, 13, 7], [1, 8, 2, 9], [14, 5, 15, 6], [11, 17, 12, 16], [22, 13, 1, 14], [20, 16, 21, 15], [17, 3, 18, 2], [6, 21, 7, 22], [3, 11, 4, 10]]"
11n_157_150,"[[3, 11, 4, 10], [19, 4, 20, 5], [9, 18, 10, 19], [12, 8, 13, 7], [1, 8, 2, 9], [14, 5, 15, 6], [11, 17, 12, 16], [22, 13, 1, 14], [20, 16, 21, 15], [17, 3, 18, 2], [6, 21, 7, 22]]"
11n_157_151,"[[6, 21, 7, 22], [3, 11, 4, 10], [19, 4, 20, 5], [9, 18, 10, 19], [12, 8, 13, 7], [1, 8, 2, 9], [14, 5, 15, 6], [11, 17, 12, 16], [22, 13, 1, 14], [20, 16, 21, 15], [17, 3, 18, 2]]"
11n_157_152,"[[17, 3, 18, 2], [6, 21, 7, 22], [3, 11, 4, 10], [19, 4, 20, 5], [9, 18, 10, 19], [12, 8, 13, 7], [1, 8, 2, 9], [14, 5, 15, 6], [11, 17, 12, 16], [22, 13, 1, 14], [20, 16, 21, 15]]"
11n_157_153,"[[20, 16, 21, 15], [17, 3, 18, 2], [6, 21, 7, 22], [3, 11, 4, 10], [19, 4, 20, 5], [9, 18, 10, 19], [12, 8, 13, 7], [1, 8, 2, 9], [14, 5, 15, 6], [11, 17, 12, 16], [22, 13, 1, 14]]"
11n_157_154,"[[1, 14, 2, 15], [21, 17, 22, 16], [18, 4, 19, 3], [7, 22, 8, 1], [4, 12, 5, 11], [20, 5, 21, 6], [10, 19, 11, 20], [13, 9, 14, 8], [2, 9, 3, 10], [15, 6, 16, 7], [12, 18, 13, 17]]"
11n_157_155,"[[12, 18, 13, 17], [1, 14, 2, 15], [21, 17, 22, 16], [18, 4, 19, 3], [7, 22, 8, 1], [4, 12, 5, 11], [20, 5, 21, 6], [10, 19, 11, 20], [13, 9, 14, 8], [2, 9, 3, 10], [15, 6, 16, 7]]"
11n_157_156,"[[15, 6, 16, 7], [12, 18, 13, 17], [1, 14, 2, 15], [21, 17, 22, 16], [18, 4, 19, 3], [7, 22, 8, 1], [4, 12, 5, 11], [20, 5, 21, 6], [10, 19, 11, 20], [13, 9, 14, 8], [2, 9, 3, 10]]"
11n_157_157,"[[2, 9, 3, 10], [15, 6, 16, 7], [12, 18, 13, 17], [1, 14, 2, 15], [21, 17, 22, 16], [18, 4, 19, 3], [7, 22, 8, 1], [4, 12, 5, 11], [20, 5, 21, 6], [10, 19, 11, 20], [13, 9, 14, 8]]"
11n_157_158,"[[13, 9, 14, 8], [2, 9, 3, 10], [15, 6, 16, 7], [12, 18, 13, 17], [1, 14, 2, 15], [21, 17, 22, 16], [18, 4, 19, 3], [7, 22, 8, 1], [4, 12, 5, 11], [20, 5, 21, 6], [10, 19, 11, 20]]"
11n_157_159,"[[10, 19, 11, 20], [13, 9, 14, 8], [2, 9, 3, 10], [15, 6, 16, 7], [12, 18, 13, 17], [1, 14, 2, 15], [21, 17, 22, 16], [18, 4, 19, 3], [7, 22, 8, 1], [4, 12, 5, 11], [20, 5, 21, 6]]"
11n_157_160,"[[20, 5, 21, 6], [10, 19, 11, 20], [13, 9, 14, 8], [2, 9, 3, 10], [15, 6, 16, 7], [12, 18, 13, 17], [1, 14, 2, 15], [21, 17, 22, 16], [18, 4, 19, 3], [7, 22, 8, 1], [4, 12, 5, 11]]"
11n_157_161,"[[4, 12, 5, 11], [20, 5, 21, 6], [10, 19, 11, 20], [13, 9, 14, 8], [2, 9, 3, 10], [15, 6, 16, 7], [12, 18, 13, 17], [1, 14, 2, 15], [21, 17, 22, 16], [18, 4, 19, 3], [7, 22, 8, 1]]"
11n_157_162,"[[7, 22, 8, 1], [4, 12, 5, 11], [20, 5, 21, 6], [10, 19, 11, 20], [13, 9, 14, 8], [2, 9, 3, 10], [15, 6, 16, 7], [12, 18, 13, 17], [1, 14, 2, 15], [21, 17, 22, 16], [18, 4, 19, 3]]"
11n_157_163,"[[18, 4, 19, 3], [7, 22, 8, 1], [4, 12, 5, 11], [20, 5, 21, 6], [10, 19, 11, 20], [13, 9, 14, 8], [2, 9, 3, 10], [15, 6, 16, 7], [12, 18, 13, 17], [1, 14, 2, 15], [21, 17, 22, 16]]"
11n_157_164,"[[21, 17, 22, 16], [18, 4, 19, 3], [7, 22, 8, 1], [4, 12, 5, 11], [20, 5, 21, 6], [10, 19, 11, 20], [13, 9, 14, 8], [2, 9, 3, 10], [15, 6, 16, 7], [12, 18, 13, 17], [1, 14, 2, 15]]"
11n_157_165,"[[2, 15, 3, 16], [22, 18, 1, 17], [19, 5, 20, 4], [8, 1, 9, 2], [5, 13, 6, 12], [21, 6, 22, 7], [11, 20, 12, 21], [14, 10, 15, 9], [3, 10, 4, 11], [16, 7, 17, 8], [13, 19, 14, 18]]"
11n_157_166,"[[13, 19, 14, 18], [2, 15, 3, 16], [22, 18, 1, 17], [19, 5, 20, 4], [8, 1, 9, 2], [5, 13, 6, 12], [21, 6, 22, 7], [11, 20, 12, 21], [14, 10, 15, 9], [3, 10, 4, 11], [16, 7, 17, 8]]"
11n_157_167,"[[16, 7, 17, 8], [13, 19, 14, 18], [2, 15, 3, 16], [22, 18, 1, 17], [19, 5, 20, 4], [8, 1, 9, 2], [5, 13, 6, 12], [21, 6, 22, 7], [11, 20, 12, 21], [14, 10, 15, 9], [3, 10, 4, 11]]"
11n_157_168,"[[3, 10, 4, 11], [16, 7, 17, 8], [13, 19, 14, 18], [2, 15, 3, 16], [22, 18, 1, 17], [19, 5, 20, 4], [8, 1, 9, 2], [5, 13, 6, 12], [21, 6, 22, 7], [11, 20, 12, 21], [14, 10, 15, 9]]"
11n_157_169,"[[14, 10, 15, 9], [3, 10, 4, 11], [16, 7, 17, 8], [13, 19, 14, 18], [2, 15, 3, 16], [22, 18, 1, 17], [19, 5, 20, 4], [8, 1, 9, 2], [5, 13, 6, 12], [21, 6, 22, 7], [11, 20, 12, 21]]"
11n_157_170,"[[11, 20, 12, 21], [14, 10, 15, 9], [3, 10, 4, 11], [16, 7, 17, 8], [13, 19, 14, 18], [2, 15, 3, 16], [22, 18, 1, 17], [19, 5, 20, 4], [8, 1, 9, 2], [5, 13, 6, 12], [21, 6, 22, 7]]"
11n_157_171,"[[21, 6, 22, 7], [11, 20, 12, 21], [14, 10, 15, 9], [3, 10, 4, 11], [16, 7, 17, 8], [13, 19, 14, 18], [2, 15, 3, 16], [22, 18, 1, 17], [19, 5, 20, 4], [8, 1, 9, 2], [5, 13, 6, 12]]"
11n_157_172,"[[5, 13, 6, 12], [21, 6, 22, 7], [11, 20, 12, 21], [14, 10, 15, 9], [3, 10, 4, 11], [16, 7, 17, 8], [13, 19, 14, 18], [2, 15, 3, 16], [22, 18, 1, 17], [19, 5, 20, 4], [8, 1, 9, 2]]"
11n_157_173,"[[8, 1, 9, 2], [5, 13, 6, 12], [21, 6, 22, 7], [11, 20, 12, 21], [14, 10, 15, 9], [3, 10, 4, 11], [16, 7, 17, 8], [13, 19, 14, 18], [2, 15, 3, 16], [22, 18, 1, 17], [19, 5, 20, 4]]"
11n_157_174,"[[19, 5, 20, 4], [8, 1, 9, 2], [5, 13, 6, 12], [21, 6, 22, 7], [11, 20, 12, 21], [14, 10, 15, 9], [3, 10, 4, 11], [16, 7, 17, 8], [13, 19, 14, 18], [2, 15, 3, 16], [22, 18, 1, 17]]"
11n_157_175,"[[22, 18, 1, 17], [19, 5, 20, 4], [8, 1, 9, 2], [5, 13, 6, 12], [21, 6, 22, 7], [11, 20, 12, 21], [14, 10, 15, 9], [3, 10, 4, 11], [16, 7, 17, 8], [13, 19, 14, 18], [2, 15, 3, 16]]"
11n_157_176,"[[3, 16, 4, 17], [1, 19, 2, 18], [20, 6, 21, 5], [9, 2, 10, 3], [6, 14, 7, 13], [22, 7, 1, 8], [12, 21, 13, 22], [15, 11, 16, 10], [4, 11, 5, 12], [17, 8, 18, 9], [14, 20, 15, 19]]"
11n_157_177,"[[14, 20, 15, 19], [3, 16, 4, 17], [1, 19, 2, 18], [20, 6, 21, 5], [9, 2, 10, 3], [6, 14, 7, 13], [22, 7, 1, 8], [12, 21, 13, 22], [15, 11, 16, 10], [4, 11, 5, 12], [17, 8, 18, 9]]"
11n_157_178,"[[17, 8, 18, 9], [14, 20, 15, 19], [3, 16, 4, 17], [1, 19, 2, 18], [20, 6, 21, 5], [9, 2, 10, 3], [6, 14, 7, 13], [22, 7, 1, 8], [12, 21, 13, 22], [15, 11, 16, 10], [4, 11, 5, 12]]"
11n_157_179,"[[4, 11, 5, 12], [17, 8, 18, 9], [14, 20, 15, 19], [3, 16, 4, 17], [1, 19, 2, 18], [20, 6, 21, 5], [9, 2, 10, 3], [6, 14, 7, 13], [22, 7, 1, 8], [12, 21, 13, 22], [15, 11, 16, 10]]"
11n_157_180,"[[15, 11, 16, 10], [4, 11, 5, 12], [17, 8, 18, 9], [14, 20, 15, 19], [3, 16, 4, 17], [1, 19, 2, 18], [20, 6, 21, 5], [9, 2, 10, 3], [6, 14, 7, 13], [22, 7, 1, 8], [12, 21, 13, 22]]"
11n_157_181,"[[12, 21, 13, 22], [15, 11, 16, 10], [4, 11, 5, 12], [17, 8, 18, 9], [14, 20, 15, 19], [3, 16, 4, 17], [1, 19, 2, 18], [20, 6, 21, 5], [9, 2, 10, 3], [6, 14, 7, 13], [22, 7, 1, 8]]"
11n_157_182,"[[22, 7, 1, 8], [12, 21, 13, 22], [15, 11, 16, 10], [4, 11, 5, 12], [17, 8, 18, 9], [14, 20, 15, 19], [3, 16, 4, 17], [1, 19, 2, 18], [20, 6, 21, 5], [9, 2, 10, 3], [6, 14, 7, 13]]"
11n_157_183,"[[6, 14, 7, 13], [22, 7, 1, 8], [12, 21, 13, 22], [15, 11, 16, 10], [4, 11, 5, 12], [17, 8, 18, 9], [14, 20, 15, 19], [3, 16, 4, 17], [1, 19, 2, 18], [20, 6, 21, 5], [9, 2, 10, 3]]"
11n_157_184,"[[9, 2, 10, 3], [6, 14, 7, 13], [22, 7, 1, 8], [12, 21, 13, 22], [15, 11, 16, 10], [4, 11, 5, 12], [17, 8, 18, 9], [14, 20, 15, 19], [3, 16, 4, 17], [1, 19, 2, 18], [20, 6, 21, 5]]"
11n_157_185,"[[20, 6, 21, 5], [9, 2, 10, 3], [6, 14, 7, 13], [22, 7, 1, 8], [12, 21, 13, 22], [15, 11, 16, 10], [4, 11, 5, 12], [17, 8, 18, 9], [14, 20, 15, 19], [3, 16, 4, 17], [1, 19, 2, 18]]"
11n_157_186,"[[1, 19, 2, 18], [20, 6, 21, 5], [9, 2, 10, 3], [6, 14, 7, 13], [22, 7, 1, 8], [12, 21, 13, 22], [15, 11, 16, 10], [4, 11, 5, 12], [17, 8, 18, 9], [14, 20, 15, 19], [3, 16, 4, 17]]"
11n_157_187,"[[4, 17, 5, 18], [2, 20, 3, 19], [21, 7, 22, 6], [10, 3, 11, 4], [7, 15, 8, 14], [1, 8, 2, 9], [13, 22, 14, 1], [16, 12, 17, 11], [5, 12, 6, 13], [18, 9, 19, 10], [15, 21, 16, 20]]"
11n_157_188,"[[15, 21, 16, 20], [4, 17, 5, 18], [2, 20, 3, 19], [21, 7, 22, 6], [10, 3, 11, 4], [7, 15, 8, 14], [1, 8, 2, 9], [13, 22, 14, 1], [16, 12, 17, 11], [5, 12, 6, 13], [18, 9, 19, 10]]"
11n_157_189,"[[18, 9, 19, 10], [15, 21, 16, 20], [4, 17, 5, 18], [2, 20, 3, 19], [21, 7, 22, 6], [10, 3, 11, 4], [7, 15, 8, 14], [1, 8, 2, 9], [13, 22, 14, 1], [16, 12, 17, 11], [5, 12, 6, 13]]"
11n_157_190,"[[5, 12, 6, 13], [18, 9, 19, 10], [15, 21, 16, 20], [4, 17, 5, 18], [2, 20, 3, 19], [21, 7, 22, 6], [10, 3, 11, 4], [7, 15, 8, 14], [1, 8, 2, 9], [13, 22, 14, 1], [16, 12, 17, 11]]"
11n_157_191,"[[16, 12, 17, 11], [5, 12, 6, 13], [18, 9, 19, 10], [15, 21, 16, 20], [4, 17, 5, 18], [2, 20, 3, 19], [21, 7, 22, 6], [10, 3, 11, 4], [7, 15, 8, 14], [1, 8, 2, 9], [13, 22, 14, 1]]"
11n_157_192,"[[13, 22, 14, 1], [16, 12, 17, 11], [5, 12, 6, 13], [18, 9, 19, 10], [15, 21, 16, 20], [4, 17, 5, 18], [2, 20, 3, 19], [21, 7, 22, 6], [10, 3, 11, 4], [7, 15, 8, 14], [1, 8, 2, 9]]"
11n_157_193,"[[1, 8, 2, 9], [13, 22, 14, 1], [16, 12, 17, 11], [5, 12, 6, 13], [18, 9, 19, 10], [15, 21, 16, 20], [4, 17, 5, 18], [2, 20, 3, 19], [21, 7, 22, 6], [10, 3, 11, 4], [7, 15, 8, 14]]"
11n_157_194,"[[7, 15, 8, 14], [1, 8, 2, 9], [13, 22, 14, 1], [16, 12, 17, 11], [5, 12, 6, 13], [18, 9, 19, 10], [15, 21, 16, 20], [4, 17, 5, 18], [2, 20, 3, 19], [21, 7, 22, 6], [10, 3, 11, 4]]"
11n_157_195,"[[10, 3, 11, 4], [7, 15, 8, 14], [1, 8, 2, 9], [13, 22, 14, 1], [16, 12, 17, 11], [5, 12, 6, 13], [18, 9, 19, 10], [15, 21, 16, 20], [4, 17, 5, 18], [2, 20, 3, 19], [21, 7, 22, 6]]"
11n_157_196,"[[21, 7, 22, 6], [10, 3, 11, 4], [7, 15, 8, 14], [1, 8, 2, 9], [13, 22, 14, 1], [16, 12, 17, 11], [5, 12, 6, 13], [18, 9, 19, 10], [15, 21, 16, 20], [4, 17, 5, 18], [2, 20, 3, 19]]"
11n_157_197,"[[2, 20, 3, 19], [21, 7, 22, 6], [10, 3, 11, 4], [7, 15, 8, 14], [1, 8, 2, 9], [13, 22, 14, 1], [16, 12, 17, 11], [5, 12, 6, 13], [18, 9, 19, 10], [15, 21, 16, 20], [4, 17, 5, 18]]"
11n_157_198,"[[5, 18, 6, 19], [3, 21, 4, 20], [22, 8, 1, 7], [11, 4, 12, 5], [8, 16, 9, 15], [2, 9, 3, 10], [14, 1, 15, 2], [17, 13, 18, 12], [6, 13, 7, 14], [19, 10, 20, 11], [16, 22, 17, 21]]"
11n_157_199,"[[16, 22, 17, 21], [5, 18, 6, 19], [3, 21, 4, 20], [22, 8, 1, 7], [11, 4, 12, 5], [8, 16, 9, 15], [2, 9, 3, 10], [14, 1, 15, 2], [17, 13, 18, 12], [6, 13, 7, 14], [19, 10, 20, 11]]"
11n_157_200,"[[19, 10, 20, 11], [16, 22, 17, 21], [5, 18, 6, 19], [3, 21, 4, 20], [22, 8, 1, 7], [11, 4, 12, 5], [8, 16, 9, 15], [2, 9, 3, 10], [14, 1, 15, 2], [17, 13, 18, 12], [6, 13, 7, 14]]"
11n_157_201,"[[6, 13, 7, 14], [19, 10, 20, 11], [16, 22, 17, 21], [5, 18, 6, 19], [3, 21, 4, 20], [22, 8, 1, 7], [11, 4, 12, 5], [8, 16, 9, 15], [2, 9, 3, 10], [14, 1, 15, 2], [17, 13, 18, 12]]"
11n_157_202,"[[17, 13, 18, 12], [6, 13, 7, 14], [19, 10, 20, 11], [16, 22, 17, 21], [5, 18, 6, 19], [3, 21, 4, 20], [22, 8, 1, 7], [11, 4, 12, 5], [8, 16, 9, 15], [2, 9, 3, 10], [14, 1, 15, 2]]"
11n_157_203,"[[14, 1, 15, 2], [17, 13, 18, 12], [6, 13, 7, 14], [19, 10, 20, 11], [16, 22, 17, 21], [5, 18, 6, 19], [3, 21, 4, 20], [22, 8, 1, 7], [11, 4, 12, 5], [8, 16, 9, 15], [2, 9, 3, 10]]"
