name,pd_notation
11n_11_0,"[[14, 7, 15, 8], [5, 3, 6, 2], [11, 7, 12, 6], [9, 4, 10, 5], [3, 10, 4, 11], [8, 15, 9, 16], [16, 22, 17, 21], [12, 20, 13, 19], [20, 14, 21, 13], [18, 2, 19, 1], [22, 18, 1, 17]]"
11n_11_1,"[[22, 18, 1, 17], [14, 7, 15, 8], [5, 3, 6, 2], [11, 7, 12, 6], [9, 4, 10, 5], [3, 10, 4, 11], [8, 15, 9, 16], [16, 22, 17, 21], [12, 20, 13, 19], [20, 14, 21, 13], [18, 2, 19, 1]]"
11n_11_2,"[[18, 2, 19, 1], [22, 18, 1, 17], [14, 7, 15, 8], [5, 3, 6, 2], [11, 7, 12, 6], [9, 4, 10, 5], [3, 10, 4, 11], [8, 15, 9, 16], [16, 22, 17, 21], [12, 20, 13, 19], [20, 14, 21, 13]]"
11n_11_3,"[[20, 14, 21, 13], [18, 2, 19, 1], [22, 18, 1, 17], [14, 7, 15, 8], [5, 3, 6, 2], [11, 7, 12, 6], [9, 4, 10, 5], [3, 10, 4, 11], [8, 15, 9, 16], [16, 22, 17, 21], [12, 20, 13, 19]]"
11n_11_4,"[[12, 20, 13, 19], [20, 14, 21, 13], [18, 2, 19, 1], [22, 18, 1, 17], [14, 7, 15, 8], [5, 3, 6, 2], [11, 7, 12, 6], [9, 4, 10, 5], [3, 10, 4, 11], [8, 15, 9, 16], [16, 22, 17, 21]]"
11n_11_5,"[[16, 22, 17, 21], [12, 20, 13, 19], [20, 14, 21, 13], [18, 2, 19, 1], [22, 18, 1, 17], [14, 7, 15, 8], [5, 3, 6, 2], [11, 7, 12, 6], [9, 4, 10, 5], [3, 10, 4, 11], [8, 15, 9, 16]]"
11n_11_6,"[[8, 15, 9, 16], [16, 22, 17, 21], [12, 20, 13, 19], [20, 14, 21, 13], [18, 2, 19, 1], [22, 18, 1, 17], [14, 7, 15, 8], [5, 3, 6, 2], [11, 7, 12, 6], [9, 4, 10, 5], [3, 10, 4, 11]]"
11n_11_7,"[[3, 10, 4, 11], [8, 15, 9, 16], [16, 22, 17, 21], [12, 20, 13, 19], [20, 14, 21, 13], [18, 2, 19, 1], [22, 18, 1, 17], [14, 7, 15, 8], [5, 3, 6, 2], [11, 7, 12, 6], [9, 4, 10, 5]]"
11n_11_8,"[[9, 4, 10, 5], [3, 10, 4, 11], [8, 15, 9, 16], [16, 22, 17, 21], [12, 20, 13, 19], [20, 14, 21, 13], [18, 2, 19, 1], [22, 18, 1, 17], [14, 7, 15, 8], [5, 3, 6, 2], [11, 7, 12, 6]]"
11n_11_9,"[[11, 7, 12, 6], [9, 4, 10, 5], [3, 10, 4, 11], [8, 15, 9, 16], [16, 22, 17, 21], [12, 20, 13, 19], [20, 14, 21, 13], [18, 2, 19, 1], [22, 18, 1, 17], [14, 7, 15, 8], [5, 3, 6, 2]]"
11n_11_10,"[[5, 3, 6, 2], [11, 7, 12, 6], [9, 4, 10, 5], [3, 10, 4, 11], [8, 15, 9, 16], [16, 22, 17, 21], [12, 20, 13, 19], [20, 14, 21, 13], [18, 2, 19, 1], [22, 18, 1, 17], [14, 7, 15, 8]]"
11n_11_11,"[[15, 8, 16, 9], [6, 4, 7, 3], [12, 8, 13, 7], [10, 5, 11, 6], [4, 11, 5, 12], [9, 16, 10, 17], [17, 1, 18, 22], [13, 21, 14, 20], [21, 15, 22, 14], [19, 3, 20, 2], [1, 19, 2, 18]]"
11n_11_12,"[[1, 19, 2, 18], [15, 8, 16, 9], [6, 4, 7, 3], [12, 8, 13, 7], [10, 5, 11, 6], [4, 11, 5, 12], [9, 16, 10, 17], [17, 1, 18, 22], [13, 21, 14, 20], [21, 15, 22, 14], [19, 3, 20, 2]]"
11n_11_13,"[[19, 3, 20, 2], [1, 19, 2, 18], [15, 8, 16, 9], [6, 4, 7, 3], [12, 8, 13, 7], [10, 5, 11, 6], [4, 11, 5, 12], [9, 16, 10, 17], [17, 1, 18, 22], [13, 21, 14, 20], [21, 15, 22, 14]]"
11n_11_14,"[[21, 15, 22, 14], [19, 3, 20, 2], [1, 19, 2, 18], [15, 8, 16, 9], [6, 4, 7, 3], [12, 8, 13, 7], [10, 5, 11, 6], [4, 11, 5, 12], [9, 16, 10, 17], [17, 1, 18, 22], [13, 21, 14, 20]]"
11n_11_15,"[[13, 21, 14, 20], [21, 15, 22, 14], [19, 3, 20, 2], [1, 19, 2, 18], [15, 8, 16, 9], [6, 4, 7, 3], [12, 8, 13, 7], [10, 5, 11, 6], [4, 11, 5, 12], [9, 16, 10, 17], [17, 1, 18, 22]]"
11n_11_16,"[[17, 1, 18, 22], [13, 21, 14, 20], [21, 15, 22, 14], [19, 3, 20, 2], [1, 19, 2, 18], [15, 8, 16, 9], [6, 4, 7, 3], [12, 8, 13, 7], [10, 5, 11, 6], [4, 11, 5, 12], [9, 16, 10, 17]]"
11n_11_17,"[[9, 16, 10, 17], [17, 1, 18, 22], [13, 21, 14, 20], [21, 15, 22, 14], [19, 3, 20, 2], [1, 19, 2, 18], [15, 8, 16, 9], [6, 4, 7, 3], [12, 8, 13, 7], [10, 5, 11, 6], [4, 11, 5, 12]]"
11n_11_18,"[[4, 11, 5, 12], [9, 16, 10, 17], [17, 1, 18, 22], [13, 21, 14, 20], [21, 15, 22, 14], [19, 3, 20, 2], [1, 19, 2, 18], [15, 8, 16, 9], [6, 4, 7, 3], [12, 8, 13, 7], [10, 5, 11, 6]]"
11n_11_19,"[[10, 5, 11, 6], [4, 11, 5, 12], [9, 16, 10, 17], [17, 1, 18, 22], [13, 21, 14, 20], [21, 15, 22, 14], [19, 3, 20, 2], [1, 19, 2, 18], [15, 8, 16, 9], [6, 4, 7, 3], [12, 8, 13, 7]]"
11n_11_20,"[[12, 8, 13, 7], [10, 5, 11, 6], [4, 11, 5, 12], [9, 16, 10, 17], [17, 1, 18, 22], [13, 21, 14, 20], [21, 15, 22, 14], [19, 3, 20, 2], [1, 19, 2, 18], [15, 8, 16, 9], [6, 4, 7, 3]]"
11n_11_21,"[[6, 4, 7, 3], [12, 8, 13, 7], [10, 5, 11, 6], [4, 11, 5, 12], [9, 16, 10, 17], [17, 1, 18, 22], [13, 21, 14, 20], [21, 15, 22, 14], [19, 3, 20, 2], [1, 19, 2, 18], [15, 8, 16, 9]]"
11n_11_22,"[[16, 9, 17, 10], [7, 5, 8, 4], [13, 9, 14, 8], [11, 6, 12, 7], [5, 12, 6, 13], [10, 17, 11, 18], [18, 2, 19, 1], [14, 22, 15, 21], [22, 16, 1, 15], [20, 4, 21, 3], [2, 20, 3, 19]]"
11n_11_23,"[[2, 20, 3, 19], [16, 9, 17, 10], [7, 5, 8, 4], [13, 9, 14, 8], [11, 6, 12, 7], [5, 12, 6, 13], [10, 17, 11, 18], [18, 2, 19, 1], [14, 22, 15, 21], [22, 16, 1, 15], [20, 4, 21, 3]]"
11n_11_24,"[[20, 4, 21, 3], [2, 20, 3, 19], [16, 9, 17, 10], [7, 5, 8, 4], [13, 9, 14, 8], [11, 6, 12, 7], [5, 12, 6, 13], [10, 17, 11, 18], [18, 2, 19, 1], [14, 22, 15, 21], [22, 16, 1, 15]]"
11n_11_25,"[[22, 16, 1, 15], [20, 4, 21, 3], [2, 20, 3, 19], [16, 9, 17, 10], [7, 5, 8, 4], [13, 9, 14, 8], [11, 6, 12, 7], [5, 12, 6, 13], [10, 17, 11, 18], [18, 2, 19, 1], [14, 22, 15, 21]]"
11n_11_26,"[[14, 22, 15, 21], [22, 16, 1, 15], [20, 4, 21, 3], [2, 20, 3, 19], [16, 9, 17, 10], [7, 5, 8, 4], [13, 9, 14, 8], [11, 6, 12, 7], [5, 12, 6, 13], [10, 17, 11, 18], [18, 2, 19, 1]]"
11n_11_27,"[[18, 2, 19, 1], [14, 22, 15, 21], [22, 16, 1, 15], [20, 4, 21, 3], [2, 20, 3, 19], [16, 9, 17, 10], [7, 5, 8, 4], [13, 9, 14, 8], [11, 6, 12, 7], [5, 12, 6, 13], [10, 17, 11, 18]]"
11n_11_28,"[[10, 17, 11, 18], [18, 2, 19, 1], [14, 22, 15, 21], [22, 16, 1, 15], [20, 4, 21, 3], [2, 20, 3, 19], [16, 9, 17, 10], [7, 5, 8, 4], [13, 9, 14, 8], [11, 6, 12, 7], [5, 12, 6, 13]]"
11n_11_29,"[[5, 12, 6, 13], [10, 17, 11, 18], [18, 2, 19, 1], [14, 22, 15, 21], [22, 16, 1, 15], [20, 4, 21, 3], [2, 20, 3, 19], [16, 9, 17, 10], [7, 5, 8, 4], [13, 9, 14, 8], [11, 6, 12, 7]]"
11n_11_30,"[[11, 6, 12, 7], [5, 12, 6, 13], [10, 17, 11, 18], [18, 2, 19, 1], [14, 22, 15, 21], [22, 16, 1, 15], [20, 4, 21, 3], [2, 20, 3, 19], [16, 9, 17, 10], [7, 5, 8, 4], [13, 9, 14, 8]]"
11n_11_31,"[[13, 9, 14, 8], [11, 6, 12, 7], [5, 12, 6, 13], [10, 17, 11, 18], [18, 2, 19, 1], [14, 22, 15, 21], [22, 16, 1, 15], [20, 4, 21, 3], [2, 20, 3, 19], [16, 9, 17, 10], [7, 5, 8, 4]]"
11n_11_32,"[[7, 5, 8, 4], [13, 9, 14, 8], [11, 6, 12, 7], [5, 12, 6, 13], [10, 17, 11, 18], [18, 2, 19, 1], [14, 22, 15, 21], [22, 16, 1, 15], [20, 4, 21, 3], [2, 20, 3, 19], [16, 9, 17, 10]]"
11n_11_33,"[[17, 10, 18, 11], [8, 6, 9, 5], [14, 10, 15, 9], [12, 7, 13, 8], [6, 13, 7, 14], [11, 18, 12, 19], [19, 3, 20, 2], [15, 1, 16, 22], [1, 17, 2, 16], [21, 5, 22, 4], [3, 21, 4, 20]]"
11n_11_34,"[[3, 21, 4, 20], [17, 10, 18, 11], [8, 6, 9, 5], [14, 10, 15, 9], [12, 7, 13, 8], [6, 13, 7, 14], [11, 18, 12, 19], [19, 3, 20, 2], [15, 1, 16, 22], [1, 17, 2, 16], [21, 5, 22, 4]]"
11n_11_35,"[[21, 5, 22, 4], [3, 21, 4, 20], [17, 10, 18, 11], [8, 6, 9, 5], [14, 10, 15, 9], [12, 7, 13, 8], [6, 13, 7, 14], [11, 18, 12, 19], [19, 3, 20, 2], [15, 1, 16, 22], [1, 17, 2, 16]]"
11n_11_36,"[[1, 17, 2, 16], [21, 5, 22, 4], [3, 21, 4, 20], [17, 10, 18, 11], [8, 6, 9, 5], [14, 10, 15, 9], [12, 7, 13, 8], [6, 13, 7, 14], [11, 18, 12, 19], [19, 3, 20, 2], [15, 1, 16, 22]]"
11n_11_37,"[[15, 1, 16, 22], [1, 17, 2, 16], [21, 5, 22, 4], [3, 21, 4, 20], [17, 10, 18, 11], [8, 6, 9, 5], [14, 10, 15, 9], [12, 7, 13, 8], [6, 13, 7, 14], [11, 18, 12, 19], [19, 3, 20, 2]]"
11n_11_38,"[[19, 3, 20, 2], [15, 1, 16, 22], [1, 17, 2, 16], [21, 5, 22, 4], [3, 21, 4, 20], [17, 10, 18, 11], [8, 6, 9, 5], [14, 10, 15, 9], [12, 7, 13, 8], [6, 13, 7, 14], [11, 18, 12, 19]]"
11n_11_39,"[[11, 18, 12, 19], [19, 3, 20, 2], [15, 1, 16, 22], [1, 17, 2, 16], [21, 5, 22, 4], [3, 21, 4, 20], [17, 10, 18, 11], [8, 6, 9, 5], [14, 10, 15, 9], [12, 7, 13, 8], [6, 13, 7, 14]]"
11n_11_40,"[[6, 13, 7, 14], [11, 18, 12, 19], [19, 3, 20, 2], [15, 1, 16, 22], [1, 17, 2, 16], [21, 5, 22, 4], [3, 21, 4, 20], [17, 10, 18, 11], [8, 6, 9, 5], [14, 10, 15, 9], [12, 7, 13, 8]]"
11n_11_41,"[[12, 7, 13, 8], [6, 13, 7, 14], [11, 18, 12, 19], [19, 3, 20, 2], [15, 1, 16, 22], [1, 17, 2, 16], [21, 5, 22, 4], [3, 21, 4, 20], [17, 10, 18, 11], [8, 6, 9, 5], [14, 10, 15, 9]]"
11n_11_42,"[[14, 10, 15, 9], [12, 7, 13, 8], [6, 13, 7, 14], [11, 18, 12, 19], [19, 3, 20, 2], [15, 1, 16, 22], [1, 17, 2, 16], [21, 5, 22, 4], [3, 21, 4, 20], [17, 10, 18, 11], [8, 6, 9, 5]]"
11n_11_43,"[[8, 6, 9, 5], [14, 10, 15, 9], [12, 7, 13, 8], [6, 13, 7, 14], [11, 18, 12, 19], [19, 3, 20, 2], [15, 1, 16, 22], [1, 17, 2, 16], [21, 5, 22, 4], [3, 21, 4, 20], [17, 10, 18, 11]]"
11n_11_44,"[[18, 11, 19, 12], [9, 7, 10, 6], [15, 11, 16, 10], [13, 8, 14, 9], [7, 14, 8, 15], [12, 19, 13, 20], [20, 4, 21, 3], [16, 2, 17, 1], [2, 18, 3, 17], [22, 6, 1, 5], [4, 22, 5, 21]]"
11n_11_45,"[[4, 22, 5, 21], [18, 11, 19, 12], [9, 7, 10, 6], [15, 11, 16, 10], [13, 8, 14, 9], [7, 14, 8, 15], [12, 19, 13, 20], [20, 4, 21, 3], [16, 2, 17, 1], [2, 18, 3, 17], [22, 6, 1, 5]]"
11n_11_46,"[[22, 6, 1, 5], [4, 22, 5, 21], [18, 11, 19, 12], [9, 7, 10, 6], [15, 11, 16, 10], [13, 8, 14, 9], [7, 14, 8, 15], [12, 19, 13, 20], [20, 4, 21, 3], [16, 2, 17, 1], [2, 18, 3, 17]]"
11n_11_47,"[[2, 18, 3, 17], [22, 6, 1, 5], [4, 22, 5, 21], [18, 11, 19, 12], [9, 7, 10, 6], [15, 11, 16, 10], [13, 8, 14, 9], [7, 14, 8, 15], [12, 19, 13, 20], [20, 4, 21, 3], [16, 2, 17, 1]]"
11n_11_48,"[[16, 2, 17, 1], [2, 18, 3, 17], [22, 6, 1, 5], [4, 22, 5, 21], [18, 11, 19, 12], [9, 7, 10, 6], [15, 11, 16, 10], [13, 8, 14, 9], [7, 14, 8, 15], [12, 19, 13, 20], [20, 4, 21, 3]]"
11n_11_49,"[[20, 4, 21, 3], [16, 2, 17, 1], [2, 18, 3, 17], [22, 6, 1, 5], [4, 22, 5, 21], [18, 11, 19, 12], [9, 7, 10, 6], [15, 11, 16, 10], [13, 8, 14, 9], [7, 14, 8, 15], [12, 19, 13, 20]]"
11n_11_50,"[[12, 19, 13, 20], [20, 4, 21, 3], [16, 2, 17, 1], [2, 18, 3, 17], [22, 6, 1, 5], [4, 22, 5, 21], [18, 11, 19, 12], [9, 7, 10, 6], [15, 11, 16, 10], [13, 8, 14, 9], [7, 14, 8, 15]]"
11n_11_51,"[[7, 14, 8, 15], [12, 19, 13, 20], [20, 4, 21, 3], [16, 2, 17, 1], [2, 18, 3, 17], [22, 6, 1, 5], [4, 22, 5, 21], [18, 11, 19, 12], [9, 7, 10, 6], [15, 11, 16, 10], [13, 8, 14, 9]]"
11n_11_52,"[[13, 8, 14, 9], [7, 14, 8, 15], [12, 19, 13, 20], [20, 4, 21, 3], [16, 2, 17, 1], [2, 18, 3, 17], [22, 6, 1, 5], [4, 22, 5, 21], [18, 11, 19, 12], [9, 7, 10, 6], [15, 11, 16, 10]]"
11n_11_53,"[[15, 11, 16, 10], [13, 8, 14, 9], [7, 14, 8, 15], [12, 19, 13, 20], [20, 4, 21, 3], [16, 2, 17, 1], [2, 18, 3, 17], [22, 6, 1, 5], [4, 22, 5, 21], [18, 11, 19, 12], [9, 7, 10, 6]]"
11n_11_54,"[[9, 7, 10, 6], [15, 11, 16, 10], [13, 8, 14, 9], [7, 14, 8, 15], [12, 19, 13, 20], [20, 4, 21, 3], [16, 2, 17, 1], [2, 18, 3, 17], [22, 6, 1, 5], [4, 22, 5, 21], [18, 11, 19, 12]]"
11n_11_55,"[[19, 12, 20, 13], [10, 8, 11, 7], [16, 12, 17, 11], [14, 9, 15, 10], [8, 15, 9, 16], [13, 20, 14, 21], [21, 5, 22, 4], [17, 3, 18, 2], [3, 19, 4, 18], [1, 7, 2, 6], [5, 1, 6, 22]]"
11n_11_56,"[[5, 1, 6, 22], [19, 12, 20, 13], [10, 8, 11, 7], [16, 12, 17, 11], [14, 9, 15, 10], [8, 15, 9, 16], [13, 20, 14, 21], [21, 5, 22, 4], [17, 3, 18, 2], [3, 19, 4, 18], [1, 7, 2, 6]]"
11n_11_57,"[[1, 7, 2, 6], [5, 1, 6, 22], [19, 12, 20, 13], [10, 8, 11, 7], [16, 12, 17, 11], [14, 9, 15, 10], [8, 15, 9, 16], [13, 20, 14, 21], [21, 5, 22, 4], [17, 3, 18, 2], [3, 19, 4, 18]]"
11n_11_58,"[[3, 19, 4, 18], [1, 7, 2, 6], [5, 1, 6, 22], [19, 12, 20, 13], [10, 8, 11, 7], [16, 12, 17, 11], [14, 9, 15, 10], [8, 15, 9, 16], [13, 20, 14, 21], [21, 5, 22, 4], [17, 3, 18, 2]]"
11n_11_59,"[[17, 3, 18, 2], [3, 19, 4, 18], [1, 7, 2, 6], [5, 1, 6, 22], [19, 12, 20, 13], [10, 8, 11, 7], [16, 12, 17, 11], [14, 9, 15, 10], [8, 15, 9, 16], [13, 20, 14, 21], [21, 5, 22, 4]]"
11n_11_60,"[[21, 5, 22, 4], [17, 3, 18, 2], [3, 19, 4, 18], [1, 7, 2, 6], [5, 1, 6, 22], [19, 12, 20, 13], [10, 8, 11, 7], [16, 12, 17, 11], [14, 9, 15, 10], [8, 15, 9, 16], [13, 20, 14, 21]]"
11n_11_61,"[[13, 20, 14, 21], [21, 5, 22, 4], [17, 3, 18, 2], [3, 19, 4, 18], [1, 7, 2, 6], [5, 1, 6, 22], [19, 12, 20, 13], [10, 8, 11, 7], [16, 12, 17, 11], [14, 9, 15, 10], [8, 15, 9, 16]]"
11n_11_62,"[[8, 15, 9, 16], [13, 20, 14, 21], [21, 5, 22, 4], [17, 3, 18, 2], [3, 19, 4, 18], [1, 7, 2, 6], [5, 1, 6, 22], [19, 12, 20, 13], [10, 8, 11, 7], [16, 12, 17, 11], [14, 9, 15, 10]]"
11n_11_63,"[[14, 9, 15, 10], [8, 15, 9, 16], [13, 20, 14, 21], [21, 5, 22, 4], [17, 3, 18, 2], [3, 19, 4, 18], [1, 7, 2, 6], [5, 1, 6, 22], [19, 12, 20, 13], [10, 8, 11, 7], [16, 12, 17, 11]]"
11n_11_64,"[[16, 12, 17, 11], [14, 9, 15, 10], [8, 15, 9, 16], [13, 20, 14, 21], [21, 5, 22, 4], [17, 3, 18, 2], [3, 19, 4, 18], [1, 7, 2, 6], [5, 1, 6, 22], [19, 12, 20, 13], [10, 8, 11, 7]]"
11n_11_65,"[[10, 8, 11, 7], [16, 12, 17, 11], [14, 9, 15, 10], [8, 15, 9, 16], [13, 20, 14, 21], [21, 5, 22, 4], [17, 3, 18, 2], [3, 19, 4, 18], [1, 7, 2, 6], [5, 1, 6, 22], [19, 12, 20, 13]]"
11n_11_66,"[[20, 13, 21, 14], [11, 9, 12, 8], [17, 13, 18, 12], [15, 10, 16, 11], [9, 16, 10, 17], [14, 21, 15, 22], [22, 6, 1, 5], [18, 4, 19, 3], [4, 20, 5, 19], [2, 8, 3, 7], [6, 2, 7, 1]]"
11n_11_67,"[[6, 2, 7, 1], [20, 13, 21, 14], [11, 9, 12, 8], [17, 13, 18, 12], [15, 10, 16, 11], [9, 16, 10, 17], [14, 21, 15, 22], [22, 6, 1, 5], [18, 4, 19, 3], [4, 20, 5, 19], [2, 8, 3, 7]]"
11n_11_68,"[[2, 8, 3, 7], [6, 2, 7, 1], [20, 13, 21, 14], [11, 9, 12, 8], [17, 13, 18, 12], [15, 10, 16, 11], [9, 16, 10, 17], [14, 21, 15, 22], [22, 6, 1, 5], [18, 4, 19, 3], [4, 20, 5, 19]]"
11n_11_69,"[[4, 20, 5, 19], [2, 8, 3, 7], [6, 2, 7, 1], [20, 13, 21, 14], [11, 9, 12, 8], [17, 13, 18, 12], [15, 10, 16, 11], [9, 16, 10, 17], [14, 21, 15, 22], [22, 6, 1, 5], [18, 4, 19, 3]]"
11n_11_70,"[[18, 4, 19, 3], [4, 20, 5, 19], [2, 8, 3, 7], [6, 2, 7, 1], [20, 13, 21, 14], [11, 9, 12, 8], [17, 13, 18, 12], [15, 10, 16, 11], [9, 16, 10, 17], [14, 21, 15, 22], [22, 6, 1, 5]]"
11n_11_71,"[[22, 6, 1, 5], [18, 4, 19, 3], [4, 20, 5, 19], [2, 8, 3, 7], [6, 2, 7, 1], [20, 13, 21, 14], [11, 9, 12, 8], [17, 13, 18, 12], [15, 10, 16, 11], [9, 16, 10, 17], [14, 21, 15, 22]]"
11n_11_72,"[[14, 21, 15, 22], [22, 6, 1, 5], [18, 4, 19, 3], [4, 20, 5, 19], [2, 8, 3, 7], [6, 2, 7, 1], [20, 13, 21, 14], [11, 9, 12, 8], [17, 13, 18, 12], [15, 10, 16, 11], [9, 16, 10, 17]]"
11n_11_73,"[[9, 16, 10, 17], [14, 21, 15, 22], [22, 6, 1, 5], [18, 4, 19, 3], [4, 20, 5, 19], [2, 8, 3, 7], [6, 2, 7, 1], [20, 13, 21, 14], [11, 9, 12, 8], [17, 13, 18, 12], [15, 10, 16, 11]]"
11n_11_74,"[[15, 10, 16, 11], [9, 16, 10, 17], [14, 21, 15, 22], [22, 6, 1, 5], [18, 4, 19, 3], [4, 20, 5, 19], [2, 8, 3, 7], [6, 2, 7, 1], [20, 13, 21, 14], [11, 9, 12, 8], [17, 13, 18, 12]]"
11n_11_75,"[[17, 13, 18, 12], [15, 10, 16, 11], [9, 16, 10, 17], [14, 21, 15, 22], [22, 6, 1, 5], [18, 4, 19, 3], [4, 20, 5, 19], [2, 8, 3, 7], [6, 2, 7, 1], [20, 13, 21, 14], [11, 9, 12, 8]]"
11n_11_76,"[[11, 9, 12, 8], [17, 13, 18, 12], [15, 10, 16, 11], [9, 16, 10, 17], [14, 21, 15, 22], [22, 6, 1, 5], [18, 4, 19, 3], [4, 20, 5, 19], [2, 8, 3, 7], [6, 2, 7, 1], [20, 13, 21, 14]]"
11n_11_77,"[[21, 14, 22, 15], [12, 10, 13, 9], [18, 14, 19, 13], [16, 11, 17, 12], [10, 17, 11, 18], [15, 22, 16, 1], [1, 7, 2, 6], [19, 5, 20, 4], [5, 21, 6, 20], [3, 9, 4, 8], [7, 3, 8, 2]]"
11n_11_78,"[[7, 3, 8, 2], [21, 14, 22, 15], [12, 10, 13, 9], [18, 14, 19, 13], [16, 11, 17, 12], [10, 17, 11, 18], [15, 22, 16, 1], [1, 7, 2, 6], [19, 5, 20, 4], [5, 21, 6, 20], [3, 9, 4, 8]]"
11n_11_79,"[[3, 9, 4, 8], [7, 3, 8, 2], [21, 14, 22, 15], [12, 10, 13, 9], [18, 14, 19, 13], [16, 11, 17, 12], [10, 17, 11, 18], [15, 22, 16, 1], [1, 7, 2, 6], [19, 5, 20, 4], [5, 21, 6, 20]]"
11n_11_80,"[[5, 21, 6, 20], [3, 9, 4, 8], [7, 3, 8, 2], [21, 14, 22, 15], [12, 10, 13, 9], [18, 14, 19, 13], [16, 11, 17, 12], [10, 17, 11, 18], [15, 22, 16, 1], [1, 7, 2, 6], [19, 5, 20, 4]]"
11n_11_81,"[[19, 5, 20, 4], [5, 21, 6, 20], [3, 9, 4, 8], [7, 3, 8, 2], [21, 14, 22, 15], [12, 10, 13, 9], [18, 14, 19, 13], [16, 11, 17, 12], [10, 17, 11, 18], [15, 22, 16, 1], [1, 7, 2, 6]]"
11n_11_82,"[[1, 7, 2, 6], [19, 5, 20, 4], [5, 21, 6, 20], [3, 9, 4, 8], [7, 3, 8, 2], [21, 14, 22, 15], [12, 10, 13, 9], [18, 14, 19, 13], [16, 11, 17, 12], [10, 17, 11, 18], [15, 22, 16, 1]]"
11n_11_83,"[[15, 22, 16, 1], [1, 7, 2, 6], [19, 5, 20, 4], [5, 21, 6, 20], [3, 9, 4, 8], [7, 3, 8, 2], [21, 14, 22, 15], [12, 10, 13, 9], [18, 14, 19, 13], [16, 11, 17, 12], [10, 17, 11, 18]]"
11n_11_84,"[[10, 17, 11, 18], [15, 22, 16, 1], [1, 7, 2, 6], [19, 5, 20, 4], [5, 21, 6, 20], [3, 9, 4, 8], [7, 3, 8, 2], [21, 14, 22, 15], [12, 10, 13, 9], [18, 14, 19, 13], [16, 11, 17, 12]]"
11n_11_85,"[[16, 11, 17, 12], [10, 17, 11, 18], [15, 22, 16, 1], [1, 7, 2, 6], [19, 5, 20, 4], [5, 21, 6, 20], [3, 9, 4, 8], [7, 3, 8, 2], [21, 14, 22, 15], [12, 10, 13, 9], [18, 14, 19, 13]]"
11n_11_86,"[[18, 14, 19, 13], [16, 11, 17, 12], [10, 17, 11, 18], [15, 22, 16, 1], [1, 7, 2, 6], [19, 5, 20, 4], [5, 21, 6, 20], [3, 9, 4, 8], [7, 3, 8, 2], [21, 14, 22, 15], [12, 10, 13, 9]]"
11n_11_87,"[[12, 10, 13, 9], [18, 14, 19, 13], [16, 11, 17, 12], [10, 17, 11, 18], [15, 22, 16, 1], [1, 7, 2, 6], [19, 5, 20, 4], [5, 21, 6, 20], [3, 9, 4, 8], [7, 3, 8, 2], [21, 14, 22, 15]]"
11n_11_88,"[[22, 15, 1, 16], [13, 11, 14, 10], [19, 15, 20, 14], [17, 12, 18, 13], [11, 18, 12, 19], [16, 1, 17, 2], [2, 8, 3, 7], [20, 6, 21, 5], [6, 22, 7, 21], [4, 10, 5, 9], [8, 4, 9, 3]]"
11n_11_89,"[[8, 4, 9, 3], [22, 15, 1, 16], [13, 11, 14, 10], [19, 15, 20, 14], [17, 12, 18, 13], [11, 18, 12, 19], [16, 1, 17, 2], [2, 8, 3, 7], [20, 6, 21, 5], [6, 22, 7, 21], [4, 10, 5, 9]]"
11n_11_90,"[[4, 10, 5, 9], [8, 4, 9, 3], [22, 15, 1, 16], [13, 11, 14, 10], [19, 15, 20, 14], [17, 12, 18, 13], [11, 18, 12, 19], [16, 1, 17, 2], [2, 8, 3, 7], [20, 6, 21, 5], [6, 22, 7, 21]]"
11n_11_91,"[[6, 22, 7, 21], [4, 10, 5, 9], [8, 4, 9, 3], [22, 15, 1, 16], [13, 11, 14, 10], [19, 15, 20, 14], [17, 12, 18, 13], [11, 18, 12, 19], [16, 1, 17, 2], [2, 8, 3, 7], [20, 6, 21, 5]]"
11n_11_92,"[[20, 6, 21, 5], [6, 22, 7, 21], [4, 10, 5, 9], [8, 4, 9, 3], [22, 15, 1, 16], [13, 11, 14, 10], [19, 15, 20, 14], [17, 12, 18, 13], [11, 18, 12, 19], [16, 1, 17, 2], [2, 8, 3, 7]]"
11n_11_93,"[[2, 8, 3, 7], [20, 6, 21, 5], [6, 22, 7, 21], [4, 10, 5, 9], [8, 4, 9, 3], [22, 15, 1, 16], [13, 11, 14, 10], [19, 15, 20, 14], [17, 12, 18, 13], [11, 18, 12, 19], [16, 1, 17, 2]]"
11n_11_94,"[[16, 1, 17, 2], [2, 8, 3, 7], [20, 6, 21, 5], [6, 22, 7, 21], [4, 10, 5, 9], [8, 4, 9, 3], [22, 15, 1, 16], [13, 11, 14, 10], [19, 15, 20, 14], [17, 12, 18, 13], [11, 18, 12, 19]]"
11n_11_95,"[[11, 18, 12, 19], [16, 1, 17, 2], [2, 8, 3, 7], [20, 6, 21, 5], [6, 22, 7, 21], [4, 10, 5, 9], [8, 4, 9, 3], [22, 15, 1, 16], [13, 11, 14, 10], [19, 15, 20, 14], [17, 12, 18, 13]]"
11n_11_96,"[[17, 12, 18, 13], [11, 18, 12, 19], [16, 1, 17, 2], [2, 8, 3, 7], [20, 6, 21, 5], [6, 22, 7, 21], [4, 10, 5, 9], [8, 4, 9, 3], [22, 15, 1, 16], [13, 11, 14, 10], [19, 15, 20, 14]]"
11n_11_97,"[[19, 15, 20, 14], [17, 12, 18, 13], [11, 18, 12, 19], [16, 1, 17, 2], [2, 8, 3, 7], [20, 6, 21, 5], [6, 22, 7, 21], [4, 10, 5, 9], [8, 4, 9, 3], [22, 15, 1, 16], [13, 11, 14, 10]]"
11n_11_98,"[[13, 11, 14, 10], [19, 15, 20, 14], [17, 12, 18, 13], [11, 18, 12, 19], [16, 1, 17, 2], [2, 8, 3, 7], [20, 6, 21, 5], [6, 22, 7, 21], [4, 10, 5, 9], [8, 4, 9, 3], [22, 15, 1, 16]]"
11n_11_99,"[[1, 16, 2, 17], [14, 12, 15, 11], [20, 16, 21, 15], [18, 13, 19, 14], [12, 19, 13, 20], [17, 2, 18, 3], [3, 9, 4, 8], [21, 7, 22, 6], [7, 1, 8, 22], [5, 11, 6, 10], [9, 5, 10, 4]]"
11n_11_100,"[[9, 5, 10, 4], [1, 16, 2, 17], [14, 12, 15, 11], [20, 16, 21, 15], [18, 13, 19, 14], [12, 19, 13, 20], [17, 2, 18, 3], [3, 9, 4, 8], [21, 7, 22, 6], [7, 1, 8, 22], [5, 11, 6, 10]]"
11n_11_101,"[[5, 11, 6, 10], [9, 5, 10, 4], [1, 16, 2, 17], [14, 12, 15, 11], [20, 16, 21, 15], [18, 13, 19, 14], [12, 19, 13, 20], [17, 2, 18, 3], [3, 9, 4, 8], [21, 7, 22, 6], [7, 1, 8, 22]]"
11n_11_102,"[[7, 1, 8, 22], [5, 11, 6, 10], [9, 5, 10, 4], [1, 16, 2, 17], [14, 12, 15, 11], [20, 16, 21, 15], [18, 13, 19, 14], [12, 19, 13, 20], [17, 2, 18, 3], [3, 9, 4, 8], [21, 7, 22, 6]]"
11n_11_103,"[[21, 7, 22, 6], [7, 1, 8, 22], [5, 11, 6, 10], [9, 5, 10, 4], [1, 16, 2, 17], [14, 12, 15, 11], [20, 16, 21, 15], [18, 13, 19, 14], [12, 19, 13, 20], [17, 2, 18, 3], [3, 9, 4, 8]]"
11n_11_104,"[[3, 9, 4, 8], [21, 7, 22, 6], [7, 1, 8, 22], [5, 11, 6, 10], [9, 5, 10, 4], [1, 16, 2, 17], [14, 12, 15, 11], [20, 16, 21, 15], [18, 13, 19, 14], [12, 19, 13, 20], [17, 2, 18, 3]]"
11n_11_105,"[[17, 2, 18, 3], [3, 9, 4, 8], [21, 7, 22, 6], [7, 1, 8, 22], [5, 11, 6, 10], [9, 5, 10, 4], [1, 16, 2, 17], [14, 12, 15, 11], [20, 16, 21, 15], [18, 13, 19, 14], [12, 19, 13, 20]]"
11n_11_106,"[[12, 19, 13, 20], [17, 2, 18, 3], [3, 9, 4, 8], [21, 7, 22, 6], [7, 1, 8, 22], [5, 11, 6, 10], [9, 5, 10, 4], [1, 16, 2, 17], [14, 12, 15, 11], [20, 16, 21, 15], [18, 13, 19, 14]]"
11n_11_107,"[[18, 13, 19, 14], [12, 19, 13, 20], [17, 2, 18, 3], [3, 9, 4, 8], [21, 7, 22, 6], [7, 1, 8, 22], [5, 11, 6, 10], [9, 5, 10, 4], [1, 16, 2, 17], [14, 12, 15, 11], [20, 16, 21, 15]]"
11n_11_108,"[[20, 16, 21, 15], [18, 13, 19, 14], [12, 19, 13, 20], [17, 2, 18, 3], [3, 9, 4, 8], [21, 7, 22, 6], [7, 1, 8, 22], [5, 11, 6, 10], [9, 5, 10, 4], [1, 16, 2, 17], [14, 12, 15, 11]]"
11n_11_109,"[[14, 12, 15, 11], [20, 16, 21, 15], [18, 13, 19, 14], [12, 19, 13, 20], [17, 2, 18, 3], [3, 9, 4, 8], [21, 7, 22, 6], [7, 1, 8, 22], [5, 11, 6, 10], [9, 5, 10, 4], [1, 16, 2, 17]]"
11n_11_110,"[[2, 17, 3, 18], [15, 13, 16, 12], [21, 17, 22, 16], [19, 14, 20, 15], [13, 20, 14, 21], [18, 3, 19, 4], [4, 10, 5, 9], [22, 8, 1, 7], [8, 2, 9, 1], [6, 12, 7, 11], [10, 6, 11, 5]]"
11n_11_111,"[[10, 6, 11, 5], [2, 17, 3, 18], [15, 13, 16, 12], [21, 17, 22, 16], [19, 14, 20, 15], [13, 20, 14, 21], [18, 3, 19, 4], [4, 10, 5, 9], [22, 8, 1, 7], [8, 2, 9, 1], [6, 12, 7, 11]]"
11n_11_112,"[[6, 12, 7, 11], [10, 6, 11, 5], [2, 17, 3, 18], [15, 13, 16, 12], [21, 17, 22, 16], [19, 14, 20, 15], [13, 20, 14, 21], [18, 3, 19, 4], [4, 10, 5, 9], [22, 8, 1, 7], [8, 2, 9, 1]]"
11n_11_113,"[[8, 2, 9, 1], [6, 12, 7, 11], [10, 6, 11, 5], [2, 17, 3, 18], [15, 13, 16, 12], [21, 17, 22, 16], [19, 14, 20, 15], [13, 20, 14, 21], [18, 3, 19, 4], [4, 10, 5, 9], [22, 8, 1, 7]]"
11n_11_114,"[[22, 8, 1, 7], [8, 2, 9, 1], [6, 12, 7, 11], [10, 6, 11, 5], [2, 17, 3, 18], [15, 13, 16, 12], [21, 17, 22, 16], [19, 14, 20, 15], [13, 20, 14, 21], [18, 3, 19, 4], [4, 10, 5, 9]]"
11n_11_115,"[[4, 10, 5, 9], [22, 8, 1, 7], [8, 2, 9, 1], [6, 12, 7, 11], [10, 6, 11, 5], [2, 17, 3, 18], [15, 13, 16, 12], [21, 17, 22, 16], [19, 14, 20, 15], [13, 20, 14, 21], [18, 3, 19, 4]]"
11n_11_116,"[[18, 3, 19, 4], [4, 10, 5, 9], [22, 8, 1, 7], [8, 2, 9, 1], [6, 12, 7, 11], [10, 6, 11, 5], [2, 17, 3, 18], [15, 13, 16, 12], [21, 17, 22, 16], [19, 14, 20, 15], [13, 20, 14, 21]]"
11n_11_117,"[[13, 20, 14, 21], [18, 3, 19, 4], [4, 10, 5, 9], [22, 8, 1, 7], [8, 2, 9, 1], [6, 12, 7, 11], [10, 6, 11, 5], [2, 17, 3, 18], [15, 13, 16, 12], [21, 17, 22, 16], [19, 14, 20, 15]]"
11n_11_118,"[[19, 14, 20, 15], [13, 20, 14, 21], [18, 3, 19, 4], [4, 10, 5, 9], [22, 8, 1, 7], [8, 2, 9, 1], [6, 12, 7, 11], [10, 6, 11, 5], [2, 17, 3, 18], [15, 13, 16, 12], [21, 17, 22, 16]]"
11n_11_119,"[[21, 17, 22, 16], [19, 14, 20, 15], [13, 20, 14, 21], [18, 3, 19, 4], [4, 10, 5, 9], [22, 8, 1, 7], [8, 2, 9, 1], [6, 12, 7, 11], [10, 6, 11, 5], [2, 17, 3, 18], [15, 13, 16, 12]]"
11n_11_120,"[[15, 13, 16, 12], [21, 17, 22, 16], [19, 14, 20, 15], [13, 20, 14, 21], [18, 3, 19, 4], [4, 10, 5, 9], [22, 8, 1, 7], [8, 2, 9, 1], [6, 12, 7, 11], [10, 6, 11, 5], [2, 17, 3, 18]]"
11n_11_121,"[[3, 18, 4, 19], [16, 14, 17, 13], [22, 18, 1, 17], [20, 15, 21, 16], [14, 21, 15, 22], [19, 4, 20, 5], [5, 11, 6, 10], [1, 9, 2, 8], [9, 3, 10, 2], [7, 13, 8, 12], [11, 7, 12, 6]]"
11n_11_122,"[[11, 7, 12, 6], [3, 18, 4, 19], [16, 14, 17, 13], [22, 18, 1, 17], [20, 15, 21, 16], [14, 21, 15, 22], [19, 4, 20, 5], [5, 11, 6, 10], [1, 9, 2, 8], [9, 3, 10, 2], [7, 13, 8, 12]]"
11n_11_123,"[[7, 13, 8, 12], [11, 7, 12, 6], [3, 18, 4, 19], [16, 14, 17, 13], [22, 18, 1, 17], [20, 15, 21, 16], [14, 21, 15, 22], [19, 4, 20, 5], [5, 11, 6, 10], [1, 9, 2, 8], [9, 3, 10, 2]]"
11n_11_124,"[[9, 3, 10, 2], [7, 13, 8, 12], [11, 7, 12, 6], [3, 18, 4, 19], [16, 14, 17, 13], [22, 18, 1, 17], [20, 15, 21, 16], [14, 21, 15, 22], [19, 4, 20, 5], [5, 11, 6, 10], [1, 9, 2, 8]]"
11n_11_125,"[[1, 9, 2, 8], [9, 3, 10, 2], [7, 13, 8, 12], [11, 7, 12, 6], [3, 18, 4, 19], [16, 14, 17, 13], [22, 18, 1, 17], [20, 15, 21, 16], [14, 21, 15, 22], [19, 4, 20, 5], [5, 11, 6, 10]]"
11n_11_126,"[[5, 11, 6, 10], [1, 9, 2, 8], [9, 3, 10, 2], [7, 13, 8, 12], [11, 7, 12, 6], [3, 18, 4, 19], [16, 14, 17, 13], [22, 18, 1, 17], [20, 15, 21, 16], [14, 21, 15, 22], [19, 4, 20, 5]]"
11n_11_127,"[[19, 4, 20, 5], [5, 11, 6, 10], [1, 9, 2, 8], [9, 3, 10, 2], [7, 13, 8, 12], [11, 7, 12, 6], [3, 18, 4, 19], [16, 14, 17, 13], [22, 18, 1, 17], [20, 15, 21, 16], [14, 21, 15, 22]]"
11n_11_128,"[[14, 21, 15, 22], [19, 4, 20, 5], [5, 11, 6, 10], [1, 9, 2, 8], [9, 3, 10, 2], [7, 13, 8, 12], [11, 7, 12, 6], [3, 18, 4, 19], [16, 14, 17, 13], [22, 18, 1, 17], [20, 15, 21, 16]]"
11n_11_129,"[[20, 15, 21, 16], [14, 21, 15, 22], [19, 4, 20, 5], [5, 11, 6, 10], [1, 9, 2, 8], [9, 3, 10, 2], [7, 13, 8, 12], [11, 7, 12, 6], [3, 18, 4, 19], [16, 14, 17, 13], [22, 18, 1, 17]]"
11n_11_130,"[[22, 18, 1, 17], [20, 15, 21, 16], [14, 21, 15, 22], [19, 4, 20, 5], [5, 11, 6, 10], [1, 9, 2, 8], [9, 3, 10, 2], [7, 13, 8, 12], [11, 7, 12, 6], [3, 18, 4, 19], [16, 14, 17, 13]]"
11n_11_131,"[[16, 14, 17, 13], [22, 18, 1, 17], [20, 15, 21, 16], [14, 21, 15, 22], [19, 4, 20, 5], [5, 11, 6, 10], [1, 9, 2, 8], [9, 3, 10, 2], [7, 13, 8, 12], [11, 7, 12, 6], [3, 18, 4, 19]]"
11n_11_132,"[[4, 19, 5, 20], [17, 15, 18, 14], [1, 19, 2, 18], [21, 16, 22, 17], [15, 22, 16, 1], [20, 5, 21, 6], [6, 12, 7, 11], [2, 10, 3, 9], [10, 4, 11, 3], [8, 14, 9, 13], [12, 8, 13, 7]]"
11n_11_133,"[[12, 8, 13, 7], [4, 19, 5, 20], [17, 15, 18, 14], [1, 19, 2, 18], [21, 16, 22, 17], [15, 22, 16, 1], [20, 5, 21, 6], [6, 12, 7, 11], [2, 10, 3, 9], [10, 4, 11, 3], [8, 14, 9, 13]]"
11n_11_134,"[[8, 14, 9, 13], [12, 8, 13, 7], [4, 19, 5, 20], [17, 15, 18, 14], [1, 19, 2, 18], [21, 16, 22, 17], [15, 22, 16, 1], [20, 5, 21, 6], [6, 12, 7, 11], [2, 10, 3, 9], [10, 4, 11, 3]]"
11n_11_135,"[[10, 4, 11, 3], [8, 14, 9, 13], [12, 8, 13, 7], [4, 19, 5, 20], [17, 15, 18, 14], [1, 19, 2, 18], [21, 16, 22, 17], [15, 22, 16, 1], [20, 5, 21, 6], [6, 12, 7, 11], [2, 10, 3, 9]]"
11n_11_136,"[[2, 10, 3, 9], [10, 4, 11, 3], [8, 14, 9, 13], [12, 8, 13, 7], [4, 19, 5, 20], [17, 15, 18, 14], [1, 19, 2, 18], [21, 16, 22, 17], [15, 22, 16, 1], [20, 5, 21, 6], [6, 12, 7, 11]]"
11n_11_137,"[[6, 12, 7, 11], [2, 10, 3, 9], [10, 4, 11, 3], [8, 14, 9, 13], [12, 8, 13, 7], [4, 19, 5, 20], [17, 15, 18, 14], [1, 19, 2, 18], [21, 16, 22, 17], [15, 22, 16, 1], [20, 5, 21, 6]]"
11n_11_138,"[[20, 5, 21, 6], [6, 12, 7, 11], [2, 10, 3, 9], [10, 4, 11, 3], [8, 14, 9, 13], [12, 8, 13, 7], [4, 19, 5, 20], [17, 15, 18, 14], [1, 19, 2, 18], [21, 16, 22, 17], [15, 22, 16, 1]]"
11n_11_139,"[[15, 22, 16, 1], [20, 5, 21, 6], [6, 12, 7, 11], [2, 10, 3, 9], [10, 4, 11, 3], [8, 14, 9, 13], [12, 8, 13, 7], [4, 19, 5, 20], [17, 15, 18, 14], [1, 19, 2, 18], [21, 16, 22, 17]]"
11n_11_140,"[[21, 16, 22, 17], [15, 22, 16, 1], [20, 5, 21, 6], [6, 12, 7, 11], [2, 10, 3, 9], [10, 4, 11, 3], [8, 14, 9, 13], [12, 8, 13, 7], [4, 19, 5, 20], [17, 15, 18, 14], [1, 19, 2, 18]]"
11n_11_141,"[[1, 19, 2, 18], [21, 16, 22, 17], [15, 22, 16, 1], [20, 5, 21, 6], [6, 12, 7, 11], [2, 10, 3, 9], [10, 4, 11, 3], [8, 14, 9, 13], [12, 8, 13, 7], [4, 19, 5, 20], [17, 15, 18, 14]]"
11n_11_142,"[[17, 15, 18, 14], [1, 19, 2, 18], [21, 16, 22, 17], [15, 22, 16, 1], [20, 5, 21, 6], [6, 12, 7, 11], [2, 10, 3, 9], [10, 4, 11, 3], [8, 14, 9, 13], [12, 8, 13, 7], [4, 19, 5, 20]]"
11n_11_143,"[[5, 20, 6, 21], [18, 16, 19, 15], [2, 20, 3, 19], [22, 17, 1, 18], [16, 1, 17, 2], [21, 6, 22, 7], [7, 13, 8, 12], [3, 11, 4, 10], [11, 5, 12, 4], [9, 15, 10, 14], [13, 9, 14, 8]]"
11n_11_144,"[[13, 9, 14, 8], [5, 20, 6, 21], [18, 16, 19, 15], [2, 20, 3, 19], [22, 17, 1, 18], [16, 1, 17, 2], [21, 6, 22, 7], [7, 13, 8, 12], [3, 11, 4, 10], [11, 5, 12, 4], [9, 15, 10, 14]]"
11n_11_145,"[[9, 15, 10, 14], [13, 9, 14, 8], [5, 20, 6, 21], [18, 16, 19, 15], [2, 20, 3, 19], [22, 17, 1, 18], [16, 1, 17, 2], [21, 6, 22, 7], [7, 13, 8, 12], [3, 11, 4, 10], [11, 5, 12, 4]]"
11n_11_146,"[[11, 5, 12, 4], [9, 15, 10, 14], [13, 9, 14, 8], [5, 20, 6, 21], [18, 16, 19, 15], [2, 20, 3, 19], [22, 17, 1, 18], [16, 1, 17, 2], [21, 6, 22, 7], [7, 13, 8, 12], [3, 11, 4, 10]]"
11n_11_147,"[[3, 11, 4, 10], [11, 5, 12, 4], [9, 15, 10, 14], [13, 9, 14, 8], [5, 20, 6, 21], [18, 16, 19, 15], [2, 20, 3, 19], [22, 17, 1, 18], [16, 1, 17, 2], [21, 6, 22, 7], [7, 13, 8, 12]]"
11n_11_148,"[[7, 13, 8, 12], [3, 11, 4, 10], [11, 5, 12, 4], [9, 15, 10, 14], [13, 9, 14, 8], [5, 20, 6, 21], [18, 16, 19, 15], [2, 20, 3, 19], [22, 17, 1, 18], [16, 1, 17, 2], [21, 6, 22, 7]]"
11n_11_149,"[[21, 6, 22, 7], [7, 13, 8, 12], [3, 11, 4, 10], [11, 5, 12, 4], [9, 15, 10, 14], [13, 9, 14, 8], [5, 20, 6, 21], [18, 16, 19, 15], [2, 20, 3, 19], [22, 17, 1, 18], [16, 1, 17, 2]]"
11n_11_150,"[[16, 1, 17, 2], [21, 6, 22, 7], [7, 13, 8, 12], [3, 11, 4, 10], [11, 5, 12, 4], [9, 15, 10, 14], [13, 9, 14, 8], [5, 20, 6, 21], [18, 16, 19, 15], [2, 20, 3, 19], [22, 17, 1, 18]]"
11n_11_151,"[[22, 17, 1, 18], [16, 1, 17, 2], [21, 6, 22, 7], [7, 13, 8, 12], [3, 11, 4, 10], [11, 5, 12, 4], [9, 15, 10, 14], [13, 9, 14, 8], [5, 20, 6, 21], [18, 16, 19, 15], [2, 20, 3, 19]]"
11n_11_152,"[[2, 20, 3, 19], [22, 17, 1, 18], [16, 1, 17, 2], [21, 6, 22, 7], [7, 13, 8, 12], [3, 11, 4, 10], [11, 5, 12, 4], [9, 15, 10, 14], [13, 9, 14, 8], [5, 20, 6, 21], [18, 16, 19, 15]]"
11n_11_153,"[[18, 16, 19, 15], [2, 20, 3, 19], [22, 17, 1, 18], [16, 1, 17, 2], [21, 6, 22, 7], [7, 13, 8, 12], [3, 11, 4, 10], [11, 5, 12, 4], [9, 15, 10, 14], [13, 9, 14, 8], [5, 20, 6, 21]]"
11n_11_154,"[[6, 21, 7, 22], [19, 17, 20, 16], [3, 21, 4, 20], [1, 18, 2, 19], [17, 2, 18, 3], [22, 7, 1, 8], [8, 14, 9, 13], [4, 12, 5, 11], [12, 6, 13, 5], [10, 16, 11, 15], [14, 10, 15, 9]]"
11n_11_155,"[[14, 10, 15, 9], [6, 21, 7, 22], [19, 17, 20, 16], [3, 21, 4, 20], [1, 18, 2, 19], [17, 2, 18, 3], [22, 7, 1, 8], [8, 14, 9, 13], [4, 12, 5, 11], [12, 6, 13, 5], [10, 16, 11, 15]]"
11n_11_156,"[[10, 16, 11, 15], [14, 10, 15, 9], [6, 21, 7, 22], [19, 17, 20, 16], [3, 21, 4, 20], [1, 18, 2, 19], [17, 2, 18, 3], [22, 7, 1, 8], [8, 14, 9, 13], [4, 12, 5, 11], [12, 6, 13, 5]]"
11n_11_157,"[[12, 6, 13, 5], [10, 16, 11, 15], [14, 10, 15, 9], [6, 21, 7, 22], [19, 17, 20, 16], [3, 21, 4, 20], [1, 18, 2, 19], [17, 2, 18, 3], [22, 7, 1, 8], [8, 14, 9, 13], [4, 12, 5, 11]]"
11n_11_158,"[[4, 12, 5, 11], [12, 6, 13, 5], [10, 16, 11, 15], [14, 10, 15, 9], [6, 21, 7, 22], [19, 17, 20, 16], [3, 21, 4, 20], [1, 18, 2, 19], [17, 2, 18, 3], [22, 7, 1, 8], [8, 14, 9, 13]]"
11n_11_159,"[[8, 14, 9, 13], [4, 12, 5, 11], [12, 6, 13, 5], [10, 16, 11, 15], [14, 10, 15, 9], [6, 21, 7, 22], [19, 17, 20, 16], [3, 21, 4, 20], [1, 18, 2, 19], [17, 2, 18, 3], [22, 7, 1, 8]]"
11n_11_160,"[[22, 7, 1, 8], [8, 14, 9, 13], [4, 12, 5, 11], [12, 6, 13, 5], [10, 16, 11, 15], [14, 10, 15, 9], [6, 21, 7, 22], [19, 17, 20, 16], [3, 21, 4, 20], [1, 18, 2, 19], [17, 2, 18, 3]]"
11n_11_161,"[[17, 2, 18, 3], [22, 7, 1, 8], [8, 14, 9, 13], [4, 12, 5, 11], [12, 6, 13, 5], [10, 16, 11, 15], [14, 10, 15, 9], [6, 21, 7, 22], [19, 17, 20, 16], [3, 21, 4, 20], [1, 18, 2, 19]]"
11n_11_162,"[[1, 18, 2, 19], [17, 2, 18, 3], [22, 7, 1, 8], [8, 14, 9, 13], [4, 12, 5, 11], [12, 6, 13, 5], [10, 16, 11, 15], [14, 10, 15, 9], [6, 21, 7, 22], [19, 17, 20, 16], [3, 21, 4, 20]]"
11n_11_163,"[[3, 21, 4, 20], [1, 18, 2, 19], [17, 2, 18, 3], [22, 7, 1, 8], [8, 14, 9, 13], [4, 12, 5, 11], [12, 6, 13, 5], [10, 16, 11, 15], [14, 10, 15, 9], [6, 21, 7, 22], [19, 17, 20, 16]]"
11n_11_164,"[[19, 17, 20, 16], [3, 21, 4, 20], [1, 18, 2, 19], [17, 2, 18, 3], [22, 7, 1, 8], [8, 14, 9, 13], [4, 12, 5, 11], [12, 6, 13, 5], [10, 16, 11, 15], [14, 10, 15, 9], [6, 21, 7, 22]]"
11n_11_165,"[[7, 22, 8, 1], [20, 18, 21, 17], [4, 22, 5, 21], [2, 19, 3, 20], [18, 3, 19, 4], [1, 8, 2, 9], [9, 15, 10, 14], [5, 13, 6, 12], [13, 7, 14, 6], [11, 17, 12, 16], [15, 11, 16, 10]]"
11n_11_166,"[[15, 11, 16, 10], [7, 22, 8, 1], [20, 18, 21, 17], [4, 22, 5, 21], [2, 19, 3, 20], [18, 3, 19, 4], [1, 8, 2, 9], [9, 15, 10, 14], [5, 13, 6, 12], [13, 7, 14, 6], [11, 17, 12, 16]]"
11n_11_167,"[[11, 17, 12, 16], [15, 11, 16, 10], [7, 22, 8, 1], [20, 18, 21, 17], [4, 22, 5, 21], [2, 19, 3, 20], [18, 3, 19, 4], [1, 8, 2, 9], [9, 15, 10, 14], [5, 13, 6, 12], [13, 7, 14, 6]]"
11n_11_168,"[[13, 7, 14, 6], [11, 17, 12, 16], [15, 11, 16, 10], [7, 22, 8, 1], [20, 18, 21, 17], [4, 22, 5, 21], [2, 19, 3, 20], [18, 3, 19, 4], [1, 8, 2, 9], [9, 15, 10, 14], [5, 13, 6, 12]]"
11n_11_169,"[[5, 13, 6, 12], [13, 7, 14, 6], [11, 17, 12, 16], [15, 11, 16, 10], [7, 22, 8, 1], [20, 18, 21, 17], [4, 22, 5, 21], [2, 19, 3, 20], [18, 3, 19, 4], [1, 8, 2, 9], [9, 15, 10, 14]]"
11n_11_170,"[[9, 15, 10, 14], [5, 13, 6, 12], [13, 7, 14, 6], [11, 17, 12, 16], [15, 11, 16, 10], [7, 22, 8, 1], [20, 18, 21, 17], [4, 22, 5, 21], [2, 19, 3, 20], [18, 3, 19, 4], [1, 8, 2, 9]]"
11n_11_171,"[[1, 8, 2, 9], [9, 15, 10, 14], [5, 13, 6, 12], [13, 7, 14, 6], [11, 17, 12, 16], [15, 11, 16, 10], [7, 22, 8, 1], [20, 18, 21, 17], [4, 22, 5, 21], [2, 19, 3, 20], [18, 3, 19, 4]]"
11n_11_172,"[[18, 3, 19, 4], [1, 8, 2, 9], [9, 15, 10, 14], [5, 13, 6, 12], [13, 7, 14, 6], [11, 17, 12, 16], [15, 11, 16, 10], [7, 22, 8, 1], [20, 18, 21, 17], [4, 22, 5, 21], [2, 19, 3, 20]]"
11n_11_173,"[[2, 19, 3, 20], [18, 3, 19, 4], [1, 8, 2, 9], [9, 15, 10, 14], [5, 13, 6, 12], [13, 7, 14, 6], [11, 17, 12, 16], [15, 11, 16, 10], [7, 22, 8, 1], [20, 18, 21, 17], [4, 22, 5, 21]]"
11n_11_174,"[[4, 22, 5, 21], [2, 19, 3, 20], [18, 3, 19, 4], [1, 8, 2, 9], [9, 15, 10, 14], [5, 13, 6, 12], [13, 7, 14, 6], [11, 17, 12, 16], [15, 11, 16, 10], [7, 22, 8, 1], [20, 18, 21, 17]]"
11n_11_175,"[[20, 18, 21, 17], [4, 22, 5, 21], [2, 19, 3, 20], [18, 3, 19, 4], [1, 8, 2, 9], [9, 15, 10, 14], [5, 13, 6, 12], [13, 7, 14, 6], [11, 17, 12, 16], [15, 11, 16, 10], [7, 22, 8, 1]]"
11n_11_176,"[[8, 1, 9, 2], [21, 19, 22, 18], [5, 1, 6, 22], [3, 20, 4, 21], [19, 4, 20, 5], [2, 9, 3, 10], [10, 16, 11, 15], [6, 14, 7, 13], [14, 8, 15, 7], [12, 18, 13, 17], [16, 12, 17, 11]]"
11n_11_177,"[[16, 12, 17, 11], [8, 1, 9, 2], [21, 19, 22, 18], [5, 1, 6, 22], [3, 20, 4, 21], [19, 4, 20, 5], [2, 9, 3, 10], [10, 16, 11, 15], [6, 14, 7, 13], [14, 8, 15, 7], [12, 18, 13, 17]]"
11n_11_178,"[[12, 18, 13, 17], [16, 12, 17, 11], [8, 1, 9, 2], [21, 19, 22, 18], [5, 1, 6, 22], [3, 20, 4, 21], [19, 4, 20, 5], [2, 9, 3, 10], [10, 16, 11, 15], [6, 14, 7, 13], [14, 8, 15, 7]]"
11n_11_179,"[[14, 8, 15, 7], [12, 18, 13, 17], [16, 12, 17, 11], [8, 1, 9, 2], [21, 19, 22, 18], [5, 1, 6, 22], [3, 20, 4, 21], [19, 4, 20, 5], [2, 9, 3, 10], [10, 16, 11, 15], [6, 14, 7, 13]]"
11n_11_180,"[[6, 14, 7, 13], [14, 8, 15, 7], [12, 18, 13, 17], [16, 12, 17, 11], [8, 1, 9, 2], [21, 19, 22, 18], [5, 1, 6, 22], [3, 20, 4, 21], [19, 4, 20, 5], [2, 9, 3, 10], [10, 16, 11, 15]]"
11n_11_181,"[[10, 16, 11, 15], [6, 14, 7, 13], [14, 8, 15, 7], [12, 18, 13, 17], [16, 12, 17, 11], [8, 1, 9, 2], [21, 19, 22, 18], [5, 1, 6, 22], [3, 20, 4, 21], [19, 4, 20, 5], [2, 9, 3, 10]]"
11n_11_182,"[[2, 9, 3, 10], [10, 16, 11, 15], [6, 14, 7, 13], [14, 8, 15, 7], [12, 18, 13, 17], [16, 12, 17, 11], [8, 1, 9, 2], [21, 19, 22, 18], [5, 1, 6, 22], [3, 20, 4, 21], [19, 4, 20, 5]]"
11n_11_183,"[[19, 4, 20, 5], [2, 9, 3, 10], [10, 16, 11, 15], [6, 14, 7, 13], [14, 8, 15, 7], [12, 18, 13, 17], [16, 12, 17, 11], [8, 1, 9, 2], [21, 19, 22, 18], [5, 1, 6, 22], [3, 20, 4, 21]]"
11n_11_184,"[[3, 20, 4, 21], [19, 4, 20, 5], [2, 9, 3, 10], [10, 16, 11, 15], [6, 14, 7, 13], [14, 8, 15, 7], [12, 18, 13, 17], [16, 12, 17, 11], [8, 1, 9, 2], [21, 19, 22, 18], [5, 1, 6, 22]]"
11n_11_185,"[[5, 1, 6, 22], [3, 20, 4, 21], [19, 4, 20, 5], [2, 9, 3, 10], [10, 16, 11, 15], [6, 14, 7, 13], [14, 8, 15, 7], [12, 18, 13, 17], [16, 12, 17, 11], [8, 1, 9, 2], [21, 19, 22, 18]]"
11n_11_186,"[[21, 19, 22, 18], [5, 1, 6, 22], [3, 20, 4, 21], [19, 4, 20, 5], [2, 9, 3, 10], [10, 16, 11, 15], [6, 14, 7, 13], [14, 8, 15, 7], [12, 18, 13, 17], [16, 12, 17, 11], [8, 1, 9, 2]]"
11n_11_187,"[[9, 2, 10, 3], [22, 20, 1, 19], [6, 2, 7, 1], [4, 21, 5, 22], [20, 5, 21, 6], [3, 10, 4, 11], [11, 17, 12, 16], [7, 15, 8, 14], [15, 9, 16, 8], [13, 19, 14, 18], [17, 13, 18, 12]]"
11n_11_188,"[[17, 13, 18, 12], [9, 2, 10, 3], [22, 20, 1, 19], [6, 2, 7, 1], [4, 21, 5, 22], [20, 5, 21, 6], [3, 10, 4, 11], [11, 17, 12, 16], [7, 15, 8, 14], [15, 9, 16, 8], [13, 19, 14, 18]]"
11n_11_189,"[[13, 19, 14, 18], [17, 13, 18, 12], [9, 2, 10, 3], [22, 20, 1, 19], [6, 2, 7, 1], [4, 21, 5, 22], [20, 5, 21, 6], [3, 10, 4, 11], [11, 17, 12, 16], [7, 15, 8, 14], [15, 9, 16, 8]]"
11n_11_190,"[[15, 9, 16, 8], [13, 19, 14, 18], [17, 13, 18, 12], [9, 2, 10, 3], [22, 20, 1, 19], [6, 2, 7, 1], [4, 21, 5, 22], [20, 5, 21, 6], [3, 10, 4, 11], [11, 17, 12, 16], [7, 15, 8, 14]]"
11n_11_191,"[[7, 15, 8, 14], [15, 9, 16, 8], [13, 19, 14, 18], [17, 13, 18, 12], [9, 2, 10, 3], [22, 20, 1, 19], [6, 2, 7, 1], [4, 21, 5, 22], [20, 5, 21, 6], [3, 10, 4, 11], [11, 17, 12, 16]]"
11n_11_192,"[[11, 17, 12, 16], [7, 15, 8, 14], [15, 9, 16, 8], [13, 19, 14, 18], [17, 13, 18, 12], [9, 2, 10, 3], [22, 20, 1, 19], [6, 2, 7, 1], [4, 21, 5, 22], [20, 5, 21, 6], [3, 10, 4, 11]]"
11n_11_193,"[[3, 10, 4, 11], [11, 17, 12, 16], [7, 15, 8, 14], [15, 9, 16, 8], [13, 19, 14, 18], [17, 13, 18, 12], [9, 2, 10, 3], [22, 20, 1, 19], [6, 2, 7, 1], [4, 21, 5, 22], [20, 5, 21, 6]]"
11n_11_194,"[[20, 5, 21, 6], [3, 10, 4, 11], [11, 17, 12, 16], [7, 15, 8, 14], [15, 9, 16, 8], [13, 19, 14, 18], [17, 13, 18, 12], [9, 2, 10, 3], [22, 20, 1, 19], [6, 2, 7, 1], [4, 21, 5, 22]]"
11n_11_195,"[[4, 21, 5, 22], [20, 5, 21, 6], [3, 10, 4, 11], [11, 17, 12, 16], [7, 15, 8, 14], [15, 9, 16, 8], [13, 19, 14, 18], [17, 13, 18, 12], [9, 2, 10, 3], [22, 20, 1, 19], [6, 2, 7, 1]]"
11n_11_196,"[[6, 2, 7, 1], [4, 21, 5, 22], [20, 5, 21, 6], [3, 10, 4, 11], [11, 17, 12, 16], [7, 15, 8, 14], [15, 9, 16, 8], [13, 19, 14, 18], [17, 13, 18, 12], [9, 2, 10, 3], [22, 20, 1, 19]]"
11n_11_197,"[[22, 20, 1, 19], [6, 2, 7, 1], [4, 21, 5, 22], [20, 5, 21, 6], [3, 10, 4, 11], [11, 17, 12, 16], [7, 15, 8, 14], [15, 9, 16, 8], [13, 19, 14, 18], [17, 13, 18, 12], [9, 2, 10, 3]]"
11n_11_198,"[[10, 3, 11, 4], [1, 21, 2, 20], [7, 3, 8, 2], [5, 22, 6, 1], [21, 6, 22, 7], [4, 11, 5, 12], [12, 18, 13, 17], [8, 16, 9, 15], [16, 10, 17, 9], [14, 20, 15, 19], [18, 14, 19, 13]]"
11n_11_199,"[[18, 14, 19, 13], [10, 3, 11, 4], [1, 21, 2, 20], [7, 3, 8, 2], [5, 22, 6, 1], [21, 6, 22, 7], [4, 11, 5, 12], [12, 18, 13, 17], [8, 16, 9, 15], [16, 10, 17, 9], [14, 20, 15, 19]]"
11n_11_200,"[[14, 20, 15, 19], [18, 14, 19, 13], [10, 3, 11, 4], [1, 21, 2, 20], [7, 3, 8, 2], [5, 22, 6, 1], [21, 6, 22, 7], [4, 11, 5, 12], [12, 18, 13, 17], [8, 16, 9, 15], [16, 10, 17, 9]]"
11n_11_201,"[[16, 10, 17, 9], [14, 20, 15, 19], [18, 14, 19, 13], [10, 3, 11, 4], [1, 21, 2, 20], [7, 3, 8, 2], [5, 22, 6, 1], [21, 6, 22, 7], [4, 11, 5, 12], [12, 18, 13, 17], [8, 16, 9, 15]]"
11n_11_202,"[[8, 16, 9, 15], [16, 10, 17, 9], [14, 20, 15, 19], [18, 14, 19, 13], [10, 3, 11, 4], [1, 21, 2, 20], [7, 3, 8, 2], [5, 22, 6, 1], [21, 6, 22, 7], [4, 11, 5, 12], [12, 18, 13, 17]]"
11n_11_203,"[[12, 18, 13, 17], [8, 16, 9, 15], [16, 10, 17, 9], [14, 20, 15, 19], [18, 14, 19, 13], [10, 3, 11, 4], [1, 21, 2, 20], [7, 3, 8, 2], [5, 22, 6, 1], [21, 6, 22, 7], [4, 11, 5, 12]]"
11n_11_204,"[[4, 11, 5, 12], [12, 18, 13, 17], [8, 16, 9, 15], [16, 10, 17, 9], [14, 20, 15, 19], [18, 14, 19, 13], [10, 3, 11, 4], [1, 21, 2, 20], [7, 3, 8, 2], [5, 22, 6, 1], [21, 6, 22, 7]]"
