name,pd_notation
11n_112_0,"[[3, 11, 4, 10], [5, 3, 6, 2], [11, 5, 12, 4], [15, 7, 16, 6], [19, 9, 20, 8], [16, 1, 17, 2], [22, 17, 1, 18], [21, 12, 22, 13], [7, 19, 8, 18], [13, 20, 14, 21], [9, 15, 10, 14]]"
11n_112_1,"[[9, 15, 10, 14], [3, 11, 4, 10], [5, 3, 6, 2], [11, 5, 12, 4], [15, 7, 16, 6], [19, 9, 20, 8], [16, 1, 17, 2], [22, 17, 1, 18], [21, 12, 22, 13], [7, 19, 8, 18], [13, 20, 14, 21]]"
11n_112_2,"[[13, 20, 14, 21], [9, 15, 10, 14], [3, 11, 4, 10], [5, 3, 6, 2], [11, 5, 12, 4], [15, 7, 16, 6], [19, 9, 20, 8], [16, 1, 17, 2], [22, 17, 1, 18], [21, 12, 22, 13], [7, 19, 8, 18]]"
11n_112_3,"[[7, 19, 8, 18], [13, 20, 14, 21], [9, 15, 10, 14], [3, 11, 4, 10], [5, 3, 6, 2], [11, 5, 12, 4], [15, 7, 16, 6], [19, 9, 20, 8], [16, 1, 17, 2], [22, 17, 1, 18], [21, 12, 22, 13]]"
11n_112_4,"[[21, 12, 22, 13], [7, 19, 8, 18], [13, 20, 14, 21], [9, 15, 10, 14], [3, 11, 4, 10], [5, 3, 6, 2], [11, 5, 12, 4], [15, 7, 16, 6], [19, 9, 20, 8], [16, 1, 17, 2], [22, 17, 1, 18]]"
11n_112_5,"[[22, 17, 1, 18], [21, 12, 22, 13], [7, 19, 8, 18], [13, 20, 14, 21], [9, 15, 10, 14], [3, 11, 4, 10], [5, 3, 6, 2], [11, 5, 12, 4], [15, 7, 16, 6], [19, 9, 20, 8], [16, 1, 17, 2]]"
11n_112_6,"[[16, 1, 17, 2], [22, 17, 1, 18], [21, 12, 22, 13], [7, 19, 8, 18], [13, 20, 14, 21], [9, 15, 10, 14], [3, 11, 4, 10], [5, 3, 6, 2], [11, 5, 12, 4], [15, 7, 16, 6], [19, 9, 20, 8]]"
11n_112_7,"[[19, 9, 20, 8], [16, 1, 17, 2], [22, 17, 1, 18], [21, 12, 22, 13], [7, 19, 8, 18], [13, 20, 14, 21], [9, 15, 10, 14], [3, 11, 4, 10], [5, 3, 6, 2], [11, 5, 12, 4], [15, 7, 16, 6]]"
11n_112_8,"[[15, 7, 16, 6], [19, 9, 20, 8], [16, 1, 17, 2], [22, 17, 1, 18], [21, 12, 22, 13], [7, 19, 8, 18], [13, 20, 14, 21], [9, 15, 10, 14], [3, 11, 4, 10], [5, 3, 6, 2], [11, 5, 12, 4]]"
11n_112_9,"[[11, 5, 12, 4], [15, 7, 16, 6], [19, 9, 20, 8], [16, 1, 17, 2], [22, 17, 1, 18], [21, 12, 22, 13], [7, 19, 8, 18], [13, 20, 14, 21], [9, 15, 10, 14], [3, 11, 4, 10], [5, 3, 6, 2]]"
11n_112_10,"[[5, 3, 6, 2], [11, 5, 12, 4], [15, 7, 16, 6], [19, 9, 20, 8], [16, 1, 17, 2], [22, 17, 1, 18], [21, 12, 22, 13], [7, 19, 8, 18], [13, 20, 14, 21], [9, 15, 10, 14], [3, 11, 4, 10]]"
11n_112_11,"[[4, 12, 5, 11], [6, 4, 7, 3], [12, 6, 13, 5], [16, 8, 17, 7], [20, 10, 21, 9], [17, 2, 18, 3], [1, 18, 2, 19], [22, 13, 1, 14], [8, 20, 9, 19], [14, 21, 15, 22], [10, 16, 11, 15]]"
11n_112_12,"[[10, 16, 11, 15], [4, 12, 5, 11], [6, 4, 7, 3], [12, 6, 13, 5], [16, 8, 17, 7], [20, 10, 21, 9], [17, 2, 18, 3], [1, 18, 2, 19], [22, 13, 1, 14], [8, 20, 9, 19], [14, 21, 15, 22]]"
11n_112_13,"[[14, 21, 15, 22], [10, 16, 11, 15], [4, 12, 5, 11], [6, 4, 7, 3], [12, 6, 13, 5], [16, 8, 17, 7], [20, 10, 21, 9], [17, 2, 18, 3], [1, 18, 2, 19], [22, 13, 1, 14], [8, 20, 9, 19]]"
11n_112_14,"[[8, 20, 9, 19], [14, 21, 15, 22], [10, 16, 11, 15], [4, 12, 5, 11], [6, 4, 7, 3], [12, 6, 13, 5], [16, 8, 17, 7], [20, 10, 21, 9], [17, 2, 18, 3], [1, 18, 2, 19], [22, 13, 1, 14]]"
11n_112_15,"[[22, 13, 1, 14], [8, 20, 9, 19], [14, 21, 15, 22], [10, 16, 11, 15], [4, 12, 5, 11], [6, 4, 7, 3], [12, 6, 13, 5], [16, 8, 17, 7], [20, 10, 21, 9], [17, 2, 18, 3], [1, 18, 2, 19]]"
11n_112_16,"[[1, 18, 2, 19], [22, 13, 1, 14], [8, 20, 9, 19], [14, 21, 15, 22], [10, 16, 11, 15], [4, 12, 5, 11], [6, 4, 7, 3], [12, 6, 13, 5], [16, 8, 17, 7], [20, 10, 21, 9], [17, 2, 18, 3]]"
11n_112_17,"[[17, 2, 18, 3], [1, 18, 2, 19], [22, 13, 1, 14], [8, 20, 9, 19], [14, 21, 15, 22], [10, 16, 11, 15], [4, 12, 5, 11], [6, 4, 7, 3], [12, 6, 13, 5], [16, 8, 17, 7], [20, 10, 21, 9]]"
11n_112_18,"[[20, 10, 21, 9], [17, 2, 18, 3], [1, 18, 2, 19], [22, 13, 1, 14], [8, 20, 9, 19], [14, 21, 15, 22], [10, 16, 11, 15], [4, 12, 5, 11], [6, 4, 7, 3], [12, 6, 13, 5], [16, 8, 17, 7]]"
11n_112_19,"[[16, 8, 17, 7], [20, 10, 21, 9], [17, 2, 18, 3], [1, 18, 2, 19], [22, 13, 1, 14], [8, 20, 9, 19], [14, 21, 15, 22], [10, 16, 11, 15], [4, 12, 5, 11], [6, 4, 7, 3], [12, 6, 13, 5]]"
11n_112_20,"[[12, 6, 13, 5], [16, 8, 17, 7], [20, 10, 21, 9], [17, 2, 18, 3], [1, 18, 2, 19], [22, 13, 1, 14], [8, 20, 9, 19], [14, 21, 15, 22], [10, 16, 11, 15], [4, 12, 5, 11], [6, 4, 7, 3]]"
11n_112_21,"[[6, 4, 7, 3], [12, 6, 13, 5], [16, 8, 17, 7], [20, 10, 21, 9], [17, 2, 18, 3], [1, 18, 2, 19], [22, 13, 1, 14], [8, 20, 9, 19], [14, 21, 15, 22], [10, 16, 11, 15], [4, 12, 5, 11]]"
11n_112_22,"[[5, 13, 6, 12], [7, 5, 8, 4], [13, 7, 14, 6], [17, 9, 18, 8], [21, 11, 22, 10], [18, 3, 19, 4], [2, 19, 3, 20], [1, 14, 2, 15], [9, 21, 10, 20], [15, 22, 16, 1], [11, 17, 12, 16]]"
11n_112_23,"[[11, 17, 12, 16], [5, 13, 6, 12], [7, 5, 8, 4], [13, 7, 14, 6], [17, 9, 18, 8], [21, 11, 22, 10], [18, 3, 19, 4], [2, 19, 3, 20], [1, 14, 2, 15], [9, 21, 10, 20], [15, 22, 16, 1]]"
11n_112_24,"[[15, 22, 16, 1], [11, 17, 12, 16], [5, 13, 6, 12], [7, 5, 8, 4], [13, 7, 14, 6], [17, 9, 18, 8], [21, 11, 22, 10], [18, 3, 19, 4], [2, 19, 3, 20], [1, 14, 2, 15], [9, 21, 10, 20]]"
11n_112_25,"[[9, 21, 10, 20], [15, 22, 16, 1], [11, 17, 12, 16], [5, 13, 6, 12], [7, 5, 8, 4], [13, 7, 14, 6], [17, 9, 18, 8], [21, 11, 22, 10], [18, 3, 19, 4], [2, 19, 3, 20], [1, 14, 2, 15]]"
11n_112_26,"[[1, 14, 2, 15], [9, 21, 10, 20], [15, 22, 16, 1], [11, 17, 12, 16], [5, 13, 6, 12], [7, 5, 8, 4], [13, 7, 14, 6], [17, 9, 18, 8], [21, 11, 22, 10], [18, 3, 19, 4], [2, 19, 3, 20]]"
11n_112_27,"[[2, 19, 3, 20], [1, 14, 2, 15], [9, 21, 10, 20], [15, 22, 16, 1], [11, 17, 12, 16], [5, 13, 6, 12], [7, 5, 8, 4], [13, 7, 14, 6], [17, 9, 18, 8], [21, 11, 22, 10], [18, 3, 19, 4]]"
11n_112_28,"[[18, 3, 19, 4], [2, 19, 3, 20], [1, 14, 2, 15], [9, 21, 10, 20], [15, 22, 16, 1], [11, 17, 12, 16], [5, 13, 6, 12], [7, 5, 8, 4], [13, 7, 14, 6], [17, 9, 18, 8], [21, 11, 22, 10]]"
11n_112_29,"[[21, 11, 22, 10], [18, 3, 19, 4], [2, 19, 3, 20], [1, 14, 2, 15], [9, 21, 10, 20], [15, 22, 16, 1], [11, 17, 12, 16], [5, 13, 6, 12], [7, 5, 8, 4], [13, 7, 14, 6], [17, 9, 18, 8]]"
11n_112_30,"[[17, 9, 18, 8], [21, 11, 22, 10], [18, 3, 19, 4], [2, 19, 3, 20], [1, 14, 2, 15], [9, 21, 10, 20], [15, 22, 16, 1], [11, 17, 12, 16], [5, 13, 6, 12], [7, 5, 8, 4], [13, 7, 14, 6]]"
11n_112_31,"[[13, 7, 14, 6], [17, 9, 18, 8], [21, 11, 22, 10], [18, 3, 19, 4], [2, 19, 3, 20], [1, 14, 2, 15], [9, 21, 10, 20], [15, 22, 16, 1], [11, 17, 12, 16], [5, 13, 6, 12], [7, 5, 8, 4]]"
11n_112_32,"[[7, 5, 8, 4], [13, 7, 14, 6], [17, 9, 18, 8], [21, 11, 22, 10], [18, 3, 19, 4], [2, 19, 3, 20], [1, 14, 2, 15], [9, 21, 10, 20], [15, 22, 16, 1], [11, 17, 12, 16], [5, 13, 6, 12]]"
11n_112_33,"[[6, 14, 7, 13], [8, 6, 9, 5], [14, 8, 15, 7], [18, 10, 19, 9], [22, 12, 1, 11], [19, 4, 20, 5], [3, 20, 4, 21], [2, 15, 3, 16], [10, 22, 11, 21], [16, 1, 17, 2], [12, 18, 13, 17]]"
11n_112_34,"[[12, 18, 13, 17], [6, 14, 7, 13], [8, 6, 9, 5], [14, 8, 15, 7], [18, 10, 19, 9], [22, 12, 1, 11], [19, 4, 20, 5], [3, 20, 4, 21], [2, 15, 3, 16], [10, 22, 11, 21], [16, 1, 17, 2]]"
11n_112_35,"[[16, 1, 17, 2], [12, 18, 13, 17], [6, 14, 7, 13], [8, 6, 9, 5], [14, 8, 15, 7], [18, 10, 19, 9], [22, 12, 1, 11], [19, 4, 20, 5], [3, 20, 4, 21], [2, 15, 3, 16], [10, 22, 11, 21]]"
11n_112_36,"[[10, 22, 11, 21], [16, 1, 17, 2], [12, 18, 13, 17], [6, 14, 7, 13], [8, 6, 9, 5], [14, 8, 15, 7], [18, 10, 19, 9], [22, 12, 1, 11], [19, 4, 20, 5], [3, 20, 4, 21], [2, 15, 3, 16]]"
11n_112_37,"[[2, 15, 3, 16], [10, 22, 11, 21], [16, 1, 17, 2], [12, 18, 13, 17], [6, 14, 7, 13], [8, 6, 9, 5], [14, 8, 15, 7], [18, 10, 19, 9], [22, 12, 1, 11], [19, 4, 20, 5], [3, 20, 4, 21]]"
11n_112_38,"[[3, 20, 4, 21], [2, 15, 3, 16], [10, 22, 11, 21], [16, 1, 17, 2], [12, 18, 13, 17], [6, 14, 7, 13], [8, 6, 9, 5], [14, 8, 15, 7], [18, 10, 19, 9], [22, 12, 1, 11], [19, 4, 20, 5]]"
11n_112_39,"[[19, 4, 20, 5], [3, 20, 4, 21], [2, 15, 3, 16], [10, 22, 11, 21], [16, 1, 17, 2], [12, 18, 13, 17], [6, 14, 7, 13], [8, 6, 9, 5], [14, 8, 15, 7], [18, 10, 19, 9], [22, 12, 1, 11]]"
11n_112_40,"[[22, 12, 1, 11], [19, 4, 20, 5], [3, 20, 4, 21], [2, 15, 3, 16], [10, 22, 11, 21], [16, 1, 17, 2], [12, 18, 13, 17], [6, 14, 7, 13], [8, 6, 9, 5], [14, 8, 15, 7], [18, 10, 19, 9]]"
11n_112_41,"[[18, 10, 19, 9], [22, 12, 1, 11], [19, 4, 20, 5], [3, 20, 4, 21], [2, 15, 3, 16], [10, 22, 11, 21], [16, 1, 17, 2], [12, 18, 13, 17], [6, 14, 7, 13], [8, 6, 9, 5], [14, 8, 15, 7]]"
11n_112_42,"[[14, 8, 15, 7], [18, 10, 19, 9], [22, 12, 1, 11], [19, 4, 20, 5], [3, 20, 4, 21], [2, 15, 3, 16], [10, 22, 11, 21], [16, 1, 17, 2], [12, 18, 13, 17], [6, 14, 7, 13], [8, 6, 9, 5]]"
11n_112_43,"[[8, 6, 9, 5], [14, 8, 15, 7], [18, 10, 19, 9], [22, 12, 1, 11], [19, 4, 20, 5], [3, 20, 4, 21], [2, 15, 3, 16], [10, 22, 11, 21], [16, 1, 17, 2], [12, 18, 13, 17], [6, 14, 7, 13]]"
11n_112_44,"[[7, 15, 8, 14], [9, 7, 10, 6], [15, 9, 16, 8], [19, 11, 20, 10], [1, 13, 2, 12], [20, 5, 21, 6], [4, 21, 5, 22], [3, 16, 4, 17], [11, 1, 12, 22], [17, 2, 18, 3], [13, 19, 14, 18]]"
11n_112_45,"[[13, 19, 14, 18], [7, 15, 8, 14], [9, 7, 10, 6], [15, 9, 16, 8], [19, 11, 20, 10], [1, 13, 2, 12], [20, 5, 21, 6], [4, 21, 5, 22], [3, 16, 4, 17], [11, 1, 12, 22], [17, 2, 18, 3]]"
11n_112_46,"[[17, 2, 18, 3], [13, 19, 14, 18], [7, 15, 8, 14], [9, 7, 10, 6], [15, 9, 16, 8], [19, 11, 20, 10], [1, 13, 2, 12], [20, 5, 21, 6], [4, 21, 5, 22], [3, 16, 4, 17], [11, 1, 12, 22]]"
11n_112_47,"[[11, 1, 12, 22], [17, 2, 18, 3], [13, 19, 14, 18], [7, 15, 8, 14], [9, 7, 10, 6], [15, 9, 16, 8], [19, 11, 20, 10], [1, 13, 2, 12], [20, 5, 21, 6], [4, 21, 5, 22], [3, 16, 4, 17]]"
11n_112_48,"[[3, 16, 4, 17], [11, 1, 12, 22], [17, 2, 18, 3], [13, 19, 14, 18], [7, 15, 8, 14], [9, 7, 10, 6], [15, 9, 16, 8], [19, 11, 20, 10], [1, 13, 2, 12], [20, 5, 21, 6], [4, 21, 5, 22]]"
11n_112_49,"[[4, 21, 5, 22], [3, 16, 4, 17], [11, 1, 12, 22], [17, 2, 18, 3], [13, 19, 14, 18], [7, 15, 8, 14], [9, 7, 10, 6], [15, 9, 16, 8], [19, 11, 20, 10], [1, 13, 2, 12], [20, 5, 21, 6]]"
11n_112_50,"[[20, 5, 21, 6], [4, 21, 5, 22], [3, 16, 4, 17], [11, 1, 12, 22], [17, 2, 18, 3], [13, 19, 14, 18], [7, 15, 8, 14], [9, 7, 10, 6], [15, 9, 16, 8], [19, 11, 20, 10], [1, 13, 2, 12]]"
11n_112_51,"[[1, 13, 2, 12], [20, 5, 21, 6], [4, 21, 5, 22], [3, 16, 4, 17], [11, 1, 12, 22], [17, 2, 18, 3], [13, 19, 14, 18], [7, 15, 8, 14], [9, 7, 10, 6], [15, 9, 16, 8], [19, 11, 20, 10]]"
11n_112_52,"[[19, 11, 20, 10], [1, 13, 2, 12], [20, 5, 21, 6], [4, 21, 5, 22], [3, 16, 4, 17], [11, 1, 12, 22], [17, 2, 18, 3], [13, 19, 14, 18], [7, 15, 8, 14], [9, 7, 10, 6], [15, 9, 16, 8]]"
11n_112_53,"[[15, 9, 16, 8], [19, 11, 20, 10], [1, 13, 2, 12], [20, 5, 21, 6], [4, 21, 5, 22], [3, 16, 4, 17], [11, 1, 12, 22], [17, 2, 18, 3], [13, 19, 14, 18], [7, 15, 8, 14], [9, 7, 10, 6]]"
11n_112_54,"[[9, 7, 10, 6], [15, 9, 16, 8], [19, 11, 20, 10], [1, 13, 2, 12], [20, 5, 21, 6], [4, 21, 5, 22], [3, 16, 4, 17], [11, 1, 12, 22], [17, 2, 18, 3], [13, 19, 14, 18], [7, 15, 8, 14]]"
11n_112_55,"[[8, 16, 9, 15], [10, 8, 11, 7], [16, 10, 17, 9], [20, 12, 21, 11], [2, 14, 3, 13], [21, 6, 22, 7], [5, 22, 6, 1], [4, 17, 5, 18], [12, 2, 13, 1], [18, 3, 19, 4], [14, 20, 15, 19]]"
11n_112_56,"[[14, 20, 15, 19], [8, 16, 9, 15], [10, 8, 11, 7], [16, 10, 17, 9], [20, 12, 21, 11], [2, 14, 3, 13], [21, 6, 22, 7], [5, 22, 6, 1], [4, 17, 5, 18], [12, 2, 13, 1], [18, 3, 19, 4]]"
11n_112_57,"[[18, 3, 19, 4], [14, 20, 15, 19], [8, 16, 9, 15], [10, 8, 11, 7], [16, 10, 17, 9], [20, 12, 21, 11], [2, 14, 3, 13], [21, 6, 22, 7], [5, 22, 6, 1], [4, 17, 5, 18], [12, 2, 13, 1]]"
11n_112_58,"[[12, 2, 13, 1], [18, 3, 19, 4], [14, 20, 15, 19], [8, 16, 9, 15], [10, 8, 11, 7], [16, 10, 17, 9], [20, 12, 21, 11], [2, 14, 3, 13], [21, 6, 22, 7], [5, 22, 6, 1], [4, 17, 5, 18]]"
11n_112_59,"[[4, 17, 5, 18], [12, 2, 13, 1], [18, 3, 19, 4], [14, 20, 15, 19], [8, 16, 9, 15], [10, 8, 11, 7], [16, 10, 17, 9], [20, 12, 21, 11], [2, 14, 3, 13], [21, 6, 22, 7], [5, 22, 6, 1]]"
11n_112_60,"[[5, 22, 6, 1], [4, 17, 5, 18], [12, 2, 13, 1], [18, 3, 19, 4], [14, 20, 15, 19], [8, 16, 9, 15], [10, 8, 11, 7], [16, 10, 17, 9], [20, 12, 21, 11], [2, 14, 3, 13], [21, 6, 22, 7]]"
11n_112_61,"[[21, 6, 22, 7], [5, 22, 6, 1], [4, 17, 5, 18], [12, 2, 13, 1], [18, 3, 19, 4], [14, 20, 15, 19], [8, 16, 9, 15], [10, 8, 11, 7], [16, 10, 17, 9], [20, 12, 21, 11], [2, 14, 3, 13]]"
11n_112_62,"[[2, 14, 3, 13], [21, 6, 22, 7], [5, 22, 6, 1], [4, 17, 5, 18], [12, 2, 13, 1], [18, 3, 19, 4], [14, 20, 15, 19], [8, 16, 9, 15], [10, 8, 11, 7], [16, 10, 17, 9], [20, 12, 21, 11]]"
11n_112_63,"[[20, 12, 21, 11], [2, 14, 3, 13], [21, 6, 22, 7], [5, 22, 6, 1], [4, 17, 5, 18], [12, 2, 13, 1], [18, 3, 19, 4], [14, 20, 15, 19], [8, 16, 9, 15], [10, 8, 11, 7], [16, 10, 17, 9]]"
11n_112_64,"[[16, 10, 17, 9], [20, 12, 21, 11], [2, 14, 3, 13], [21, 6, 22, 7], [5, 22, 6, 1], [4, 17, 5, 18], [12, 2, 13, 1], [18, 3, 19, 4], [14, 20, 15, 19], [8, 16, 9, 15], [10, 8, 11, 7]]"
11n_112_65,"[[10, 8, 11, 7], [16, 10, 17, 9], [20, 12, 21, 11], [2, 14, 3, 13], [21, 6, 22, 7], [5, 22, 6, 1], [4, 17, 5, 18], [12, 2, 13, 1], [18, 3, 19, 4], [14, 20, 15, 19], [8, 16, 9, 15]]"
11n_112_66,"[[9, 17, 10, 16], [11, 9, 12, 8], [17, 11, 18, 10], [21, 13, 22, 12], [3, 15, 4, 14], [22, 7, 1, 8], [6, 1, 7, 2], [5, 18, 6, 19], [13, 3, 14, 2], [19, 4, 20, 5], [15, 21, 16, 20]]"
11n_112_67,"[[15, 21, 16, 20], [9, 17, 10, 16], [11, 9, 12, 8], [17, 11, 18, 10], [21, 13, 22, 12], [3, 15, 4, 14], [22, 7, 1, 8], [6, 1, 7, 2], [5, 18, 6, 19], [13, 3, 14, 2], [19, 4, 20, 5]]"
11n_112_68,"[[19, 4, 20, 5], [15, 21, 16, 20], [9, 17, 10, 16], [11, 9, 12, 8], [17, 11, 18, 10], [21, 13, 22, 12], [3, 15, 4, 14], [22, 7, 1, 8], [6, 1, 7, 2], [5, 18, 6, 19], [13, 3, 14, 2]]"
11n_112_69,"[[13, 3, 14, 2], [19, 4, 20, 5], [15, 21, 16, 20], [9, 17, 10, 16], [11, 9, 12, 8], [17, 11, 18, 10], [21, 13, 22, 12], [3, 15, 4, 14], [22, 7, 1, 8], [6, 1, 7, 2], [5, 18, 6, 19]]"
11n_112_70,"[[5, 18, 6, 19], [13, 3, 14, 2], [19, 4, 20, 5], [15, 21, 16, 20], [9, 17, 10, 16], [11, 9, 12, 8], [17, 11, 18, 10], [21, 13, 22, 12], [3, 15, 4, 14], [22, 7, 1, 8], [6, 1, 7, 2]]"
11n_112_71,"[[6, 1, 7, 2], [5, 18, 6, 19], [13, 3, 14, 2], [19, 4, 20, 5], [15, 21, 16, 20], [9, 17, 10, 16], [11, 9, 12, 8], [17, 11, 18, 10], [21, 13, 22, 12], [3, 15, 4, 14], [22, 7, 1, 8]]"
11n_112_72,"[[22, 7, 1, 8], [6, 1, 7, 2], [5, 18, 6, 19], [13, 3, 14, 2], [19, 4, 20, 5], [15, 21, 16, 20], [9, 17, 10, 16], [11, 9, 12, 8], [17, 11, 18, 10], [21, 13, 22, 12], [3, 15, 4, 14]]"
11n_112_73,"[[3, 15, 4, 14], [22, 7, 1, 8], [6, 1, 7, 2], [5, 18, 6, 19], [13, 3, 14, 2], [19, 4, 20, 5], [15, 21, 16, 20], [9, 17, 10, 16], [11, 9, 12, 8], [17, 11, 18, 10], [21, 13, 22, 12]]"
11n_112_74,"[[21, 13, 22, 12], [3, 15, 4, 14], [22, 7, 1, 8], [6, 1, 7, 2], [5, 18, 6, 19], [13, 3, 14, 2], [19, 4, 20, 5], [15, 21, 16, 20], [9, 17, 10, 16], [11, 9, 12, 8], [17, 11, 18, 10]]"
11n_112_75,"[[17, 11, 18, 10], [21, 13, 22, 12], [3, 15, 4, 14], [22, 7, 1, 8], [6, 1, 7, 2], [5, 18, 6, 19], [13, 3, 14, 2], [19, 4, 20, 5], [15, 21, 16, 20], [9, 17, 10, 16], [11, 9, 12, 8]]"
11n_112_76,"[[11, 9, 12, 8], [17, 11, 18, 10], [21, 13, 22, 12], [3, 15, 4, 14], [22, 7, 1, 8], [6, 1, 7, 2], [5, 18, 6, 19], [13, 3, 14, 2], [19, 4, 20, 5], [15, 21, 16, 20], [9, 17, 10, 16]]"
11n_112_77,"[[10, 18, 11, 17], [12, 10, 13, 9], [18, 12, 19, 11], [22, 14, 1, 13], [4, 16, 5, 15], [1, 8, 2, 9], [7, 2, 8, 3], [6, 19, 7, 20], [14, 4, 15, 3], [20, 5, 21, 6], [16, 22, 17, 21]]"
11n_112_78,"[[16, 22, 17, 21], [10, 18, 11, 17], [12, 10, 13, 9], [18, 12, 19, 11], [22, 14, 1, 13], [4, 16, 5, 15], [1, 8, 2, 9], [7, 2, 8, 3], [6, 19, 7, 20], [14, 4, 15, 3], [20, 5, 21, 6]]"
11n_112_79,"[[20, 5, 21, 6], [16, 22, 17, 21], [10, 18, 11, 17], [12, 10, 13, 9], [18, 12, 19, 11], [22, 14, 1, 13], [4, 16, 5, 15], [1, 8, 2, 9], [7, 2, 8, 3], [6, 19, 7, 20], [14, 4, 15, 3]]"
11n_112_80,"[[14, 4, 15, 3], [20, 5, 21, 6], [16, 22, 17, 21], [10, 18, 11, 17], [12, 10, 13, 9], [18, 12, 19, 11], [22, 14, 1, 13], [4, 16, 5, 15], [1, 8, 2, 9], [7, 2, 8, 3], [6, 19, 7, 20]]"
11n_112_81,"[[6, 19, 7, 20], [14, 4, 15, 3], [20, 5, 21, 6], [16, 22, 17, 21], [10, 18, 11, 17], [12, 10, 13, 9], [18, 12, 19, 11], [22, 14, 1, 13], [4, 16, 5, 15], [1, 8, 2, 9], [7, 2, 8, 3]]"
11n_112_82,"[[7, 2, 8, 3], [6, 19, 7, 20], [14, 4, 15, 3], [20, 5, 21, 6], [16, 22, 17, 21], [10, 18, 11, 17], [12, 10, 13, 9], [18, 12, 19, 11], [22, 14, 1, 13], [4, 16, 5, 15], [1, 8, 2, 9]]"
11n_112_83,"[[1, 8, 2, 9], [7, 2, 8, 3], [6, 19, 7, 20], [14, 4, 15, 3], [20, 5, 21, 6], [16, 22, 17, 21], [10, 18, 11, 17], [12, 10, 13, 9], [18, 12, 19, 11], [22, 14, 1, 13], [4, 16, 5, 15]]"
11n_112_84,"[[4, 16, 5, 15], [1, 8, 2, 9], [7, 2, 8, 3], [6, 19, 7, 20], [14, 4, 15, 3], [20, 5, 21, 6], [16, 22, 17, 21], [10, 18, 11, 17], [12, 10, 13, 9], [18, 12, 19, 11], [22, 14, 1, 13]]"
11n_112_85,"[[22, 14, 1, 13], [4, 16, 5, 15], [1, 8, 2, 9], [7, 2, 8, 3], [6, 19, 7, 20], [14, 4, 15, 3], [20, 5, 21, 6], [16, 22, 17, 21], [10, 18, 11, 17], [12, 10, 13, 9], [18, 12, 19, 11]]"
11n_112_86,"[[18, 12, 19, 11], [22, 14, 1, 13], [4, 16, 5, 15], [1, 8, 2, 9], [7, 2, 8, 3], [6, 19, 7, 20], [14, 4, 15, 3], [20, 5, 21, 6], [16, 22, 17, 21], [10, 18, 11, 17], [12, 10, 13, 9]]"
11n_112_87,"[[12, 10, 13, 9], [18, 12, 19, 11], [22, 14, 1, 13], [4, 16, 5, 15], [1, 8, 2, 9], [7, 2, 8, 3], [6, 19, 7, 20], [14, 4, 15, 3], [20, 5, 21, 6], [16, 22, 17, 21], [10, 18, 11, 17]]"
11n_112_88,"[[11, 19, 12, 18], [13, 11, 14, 10], [19, 13, 20, 12], [1, 15, 2, 14], [5, 17, 6, 16], [2, 9, 3, 10], [8, 3, 9, 4], [7, 20, 8, 21], [15, 5, 16, 4], [21, 6, 22, 7], [17, 1, 18, 22]]"
11n_112_89,"[[17, 1, 18, 22], [11, 19, 12, 18], [13, 11, 14, 10], [19, 13, 20, 12], [1, 15, 2, 14], [5, 17, 6, 16], [2, 9, 3, 10], [8, 3, 9, 4], [7, 20, 8, 21], [15, 5, 16, 4], [21, 6, 22, 7]]"
11n_112_90,"[[21, 6, 22, 7], [17, 1, 18, 22], [11, 19, 12, 18], [13, 11, 14, 10], [19, 13, 20, 12], [1, 15, 2, 14], [5, 17, 6, 16], [2, 9, 3, 10], [8, 3, 9, 4], [7, 20, 8, 21], [15, 5, 16, 4]]"
11n_112_91,"[[15, 5, 16, 4], [21, 6, 22, 7], [17, 1, 18, 22], [11, 19, 12, 18], [13, 11, 14, 10], [19, 13, 20, 12], [1, 15, 2, 14], [5, 17, 6, 16], [2, 9, 3, 10], [8, 3, 9, 4], [7, 20, 8, 21]]"
11n_112_92,"[[7, 20, 8, 21], [15, 5, 16, 4], [21, 6, 22, 7], [17, 1, 18, 22], [11, 19, 12, 18], [13, 11, 14, 10], [19, 13, 20, 12], [1, 15, 2, 14], [5, 17, 6, 16], [2, 9, 3, 10], [8, 3, 9, 4]]"
11n_112_93,"[[8, 3, 9, 4], [7, 20, 8, 21], [15, 5, 16, 4], [21, 6, 22, 7], [17, 1, 18, 22], [11, 19, 12, 18], [13, 11, 14, 10], [19, 13, 20, 12], [1, 15, 2, 14], [5, 17, 6, 16], [2, 9, 3, 10]]"
11n_112_94,"[[2, 9, 3, 10], [8, 3, 9, 4], [7, 20, 8, 21], [15, 5, 16, 4], [21, 6, 22, 7], [17, 1, 18, 22], [11, 19, 12, 18], [13, 11, 14, 10], [19, 13, 20, 12], [1, 15, 2, 14], [5, 17, 6, 16]]"
11n_112_95,"[[5, 17, 6, 16], [2, 9, 3, 10], [8, 3, 9, 4], [7, 20, 8, 21], [15, 5, 16, 4], [21, 6, 22, 7], [17, 1, 18, 22], [11, 19, 12, 18], [13, 11, 14, 10], [19, 13, 20, 12], [1, 15, 2, 14]]"
11n_112_96,"[[1, 15, 2, 14], [5, 17, 6, 16], [2, 9, 3, 10], [8, 3, 9, 4], [7, 20, 8, 21], [15, 5, 16, 4], [21, 6, 22, 7], [17, 1, 18, 22], [11, 19, 12, 18], [13, 11, 14, 10], [19, 13, 20, 12]]"
11n_112_97,"[[19, 13, 20, 12], [1, 15, 2, 14], [5, 17, 6, 16], [2, 9, 3, 10], [8, 3, 9, 4], [7, 20, 8, 21], [15, 5, 16, 4], [21, 6, 22, 7], [17, 1, 18, 22], [11, 19, 12, 18], [13, 11, 14, 10]]"
11n_112_98,"[[13, 11, 14, 10], [19, 13, 20, 12], [1, 15, 2, 14], [5, 17, 6, 16], [2, 9, 3, 10], [8, 3, 9, 4], [7, 20, 8, 21], [15, 5, 16, 4], [21, 6, 22, 7], [17, 1, 18, 22], [11, 19, 12, 18]]"
11n_112_99,"[[12, 20, 13, 19], [14, 12, 15, 11], [20, 14, 21, 13], [2, 16, 3, 15], [6, 18, 7, 17], [3, 10, 4, 11], [9, 4, 10, 5], [8, 21, 9, 22], [16, 6, 17, 5], [22, 7, 1, 8], [18, 2, 19, 1]]"
11n_112_100,"[[18, 2, 19, 1], [12, 20, 13, 19], [14, 12, 15, 11], [20, 14, 21, 13], [2, 16, 3, 15], [6, 18, 7, 17], [3, 10, 4, 11], [9, 4, 10, 5], [8, 21, 9, 22], [16, 6, 17, 5], [22, 7, 1, 8]]"
11n_112_101,"[[22, 7, 1, 8], [18, 2, 19, 1], [12, 20, 13, 19], [14, 12, 15, 11], [20, 14, 21, 13], [2, 16, 3, 15], [6, 18, 7, 17], [3, 10, 4, 11], [9, 4, 10, 5], [8, 21, 9, 22], [16, 6, 17, 5]]"
11n_112_102,"[[16, 6, 17, 5], [22, 7, 1, 8], [18, 2, 19, 1], [12, 20, 13, 19], [14, 12, 15, 11], [20, 14, 21, 13], [2, 16, 3, 15], [6, 18, 7, 17], [3, 10, 4, 11], [9, 4, 10, 5], [8, 21, 9, 22]]"
11n_112_103,"[[8, 21, 9, 22], [16, 6, 17, 5], [22, 7, 1, 8], [18, 2, 19, 1], [12, 20, 13, 19], [14, 12, 15, 11], [20, 14, 21, 13], [2, 16, 3, 15], [6, 18, 7, 17], [3, 10, 4, 11], [9, 4, 10, 5]]"
11n_112_104,"[[9, 4, 10, 5], [8, 21, 9, 22], [16, 6, 17, 5], [22, 7, 1, 8], [18, 2, 19, 1], [12, 20, 13, 19], [14, 12, 15, 11], [20, 14, 21, 13], [2, 16, 3, 15], [6, 18, 7, 17], [3, 10, 4, 11]]"
11n_112_105,"[[3, 10, 4, 11], [9, 4, 10, 5], [8, 21, 9, 22], [16, 6, 17, 5], [22, 7, 1, 8], [18, 2, 19, 1], [12, 20, 13, 19], [14, 12, 15, 11], [20, 14, 21, 13], [2, 16, 3, 15], [6, 18, 7, 17]]"
11n_112_106,"[[6, 18, 7, 17], [3, 10, 4, 11], [9, 4, 10, 5], [8, 21, 9, 22], [16, 6, 17, 5], [22, 7, 1, 8], [18, 2, 19, 1], [12, 20, 13, 19], [14, 12, 15, 11], [20, 14, 21, 13], [2, 16, 3, 15]]"
11n_112_107,"[[2, 16, 3, 15], [6, 18, 7, 17], [3, 10, 4, 11], [9, 4, 10, 5], [8, 21, 9, 22], [16, 6, 17, 5], [22, 7, 1, 8], [18, 2, 19, 1], [12, 20, 13, 19], [14, 12, 15, 11], [20, 14, 21, 13]]"
11n_112_108,"[[20, 14, 21, 13], [2, 16, 3, 15], [6, 18, 7, 17], [3, 10, 4, 11], [9, 4, 10, 5], [8, 21, 9, 22], [16, 6, 17, 5], [22, 7, 1, 8], [18, 2, 19, 1], [12, 20, 13, 19], [14, 12, 15, 11]]"
11n_112_109,"[[14, 12, 15, 11], [20, 14, 21, 13], [2, 16, 3, 15], [6, 18, 7, 17], [3, 10, 4, 11], [9, 4, 10, 5], [8, 21, 9, 22], [16, 6, 17, 5], [22, 7, 1, 8], [18, 2, 19, 1], [12, 20, 13, 19]]"
11n_112_110,"[[13, 21, 14, 20], [15, 13, 16, 12], [21, 15, 22, 14], [3, 17, 4, 16], [7, 19, 8, 18], [4, 11, 5, 12], [10, 5, 11, 6], [9, 22, 10, 1], [17, 7, 18, 6], [1, 8, 2, 9], [19, 3, 20, 2]]"
11n_112_111,"[[19, 3, 20, 2], [13, 21, 14, 20], [15, 13, 16, 12], [21, 15, 22, 14], [3, 17, 4, 16], [7, 19, 8, 18], [4, 11, 5, 12], [10, 5, 11, 6], [9, 22, 10, 1], [17, 7, 18, 6], [1, 8, 2, 9]]"
11n_112_112,"[[1, 8, 2, 9], [19, 3, 20, 2], [13, 21, 14, 20], [15, 13, 16, 12], [21, 15, 22, 14], [3, 17, 4, 16], [7, 19, 8, 18], [4, 11, 5, 12], [10, 5, 11, 6], [9, 22, 10, 1], [17, 7, 18, 6]]"
11n_112_113,"[[17, 7, 18, 6], [1, 8, 2, 9], [19, 3, 20, 2], [13, 21, 14, 20], [15, 13, 16, 12], [21, 15, 22, 14], [3, 17, 4, 16], [7, 19, 8, 18], [4, 11, 5, 12], [10, 5, 11, 6], [9, 22, 10, 1]]"
11n_112_114,"[[9, 22, 10, 1], [17, 7, 18, 6], [1, 8, 2, 9], [19, 3, 20, 2], [13, 21, 14, 20], [15, 13, 16, 12], [21, 15, 22, 14], [3, 17, 4, 16], [7, 19, 8, 18], [4, 11, 5, 12], [10, 5, 11, 6]]"
11n_112_115,"[[10, 5, 11, 6], [9, 22, 10, 1], [17, 7, 18, 6], [1, 8, 2, 9], [19, 3, 20, 2], [13, 21, 14, 20], [15, 13, 16, 12], [21, 15, 22, 14], [3, 17, 4, 16], [7, 19, 8, 18], [4, 11, 5, 12]]"
11n_112_116,"[[4, 11, 5, 12], [10, 5, 11, 6], [9, 22, 10, 1], [17, 7, 18, 6], [1, 8, 2, 9], [19, 3, 20, 2], [13, 21, 14, 20], [15, 13, 16, 12], [21, 15, 22, 14], [3, 17, 4, 16], [7, 19, 8, 18]]"
11n_112_117,"[[7, 19, 8, 18], [4, 11, 5, 12], [10, 5, 11, 6], [9, 22, 10, 1], [17, 7, 18, 6], [1, 8, 2, 9], [19, 3, 20, 2], [13, 21, 14, 20], [15, 13, 16, 12], [21, 15, 22, 14], [3, 17, 4, 16]]"
11n_112_118,"[[3, 17, 4, 16], [7, 19, 8, 18], [4, 11, 5, 12], [10, 5, 11, 6], [9, 22, 10, 1], [17, 7, 18, 6], [1, 8, 2, 9], [19, 3, 20, 2], [13, 21, 14, 20], [15, 13, 16, 12], [21, 15, 22, 14]]"
11n_112_119,"[[21, 15, 22, 14], [3, 17, 4, 16], [7, 19, 8, 18], [4, 11, 5, 12], [10, 5, 11, 6], [9, 22, 10, 1], [17, 7, 18, 6], [1, 8, 2, 9], [19, 3, 20, 2], [13, 21, 14, 20], [15, 13, 16, 12]]"
11n_112_120,"[[15, 13, 16, 12], [21, 15, 22, 14], [3, 17, 4, 16], [7, 19, 8, 18], [4, 11, 5, 12], [10, 5, 11, 6], [9, 22, 10, 1], [17, 7, 18, 6], [1, 8, 2, 9], [19, 3, 20, 2], [13, 21, 14, 20]]"
11n_112_121,"[[14, 22, 15, 21], [16, 14, 17, 13], [22, 16, 1, 15], [4, 18, 5, 17], [8, 20, 9, 19], [5, 12, 6, 13], [11, 6, 12, 7], [10, 1, 11, 2], [18, 8, 19, 7], [2, 9, 3, 10], [20, 4, 21, 3]]"
11n_112_122,"[[20, 4, 21, 3], [14, 22, 15, 21], [16, 14, 17, 13], [22, 16, 1, 15], [4, 18, 5, 17], [8, 20, 9, 19], [5, 12, 6, 13], [11, 6, 12, 7], [10, 1, 11, 2], [18, 8, 19, 7], [2, 9, 3, 10]]"
11n_112_123,"[[2, 9, 3, 10], [20, 4, 21, 3], [14, 22, 15, 21], [16, 14, 17, 13], [22, 16, 1, 15], [4, 18, 5, 17], [8, 20, 9, 19], [5, 12, 6, 13], [11, 6, 12, 7], [10, 1, 11, 2], [18, 8, 19, 7]]"
11n_112_124,"[[18, 8, 19, 7], [2, 9, 3, 10], [20, 4, 21, 3], [14, 22, 15, 21], [16, 14, 17, 13], [22, 16, 1, 15], [4, 18, 5, 17], [8, 20, 9, 19], [5, 12, 6, 13], [11, 6, 12, 7], [10, 1, 11, 2]]"
11n_112_125,"[[10, 1, 11, 2], [18, 8, 19, 7], [2, 9, 3, 10], [20, 4, 21, 3], [14, 22, 15, 21], [16, 14, 17, 13], [22, 16, 1, 15], [4, 18, 5, 17], [8, 20, 9, 19], [5, 12, 6, 13], [11, 6, 12, 7]]"
11n_112_126,"[[11, 6, 12, 7], [10, 1, 11, 2], [18, 8, 19, 7], [2, 9, 3, 10], [20, 4, 21, 3], [14, 22, 15, 21], [16, 14, 17, 13], [22, 16, 1, 15], [4, 18, 5, 17], [8, 20, 9, 19], [5, 12, 6, 13]]"
11n_112_127,"[[5, 12, 6, 13], [11, 6, 12, 7], [10, 1, 11, 2], [18, 8, 19, 7], [2, 9, 3, 10], [20, 4, 21, 3], [14, 22, 15, 21], [16, 14, 17, 13], [22, 16, 1, 15], [4, 18, 5, 17], [8, 20, 9, 19]]"
11n_112_128,"[[8, 20, 9, 19], [5, 12, 6, 13], [11, 6, 12, 7], [10, 1, 11, 2], [18, 8, 19, 7], [2, 9, 3, 10], [20, 4, 21, 3], [14, 22, 15, 21], [16, 14, 17, 13], [22, 16, 1, 15], [4, 18, 5, 17]]"
11n_112_129,"[[4, 18, 5, 17], [8, 20, 9, 19], [5, 12, 6, 13], [11, 6, 12, 7], [10, 1, 11, 2], [18, 8, 19, 7], [2, 9, 3, 10], [20, 4, 21, 3], [14, 22, 15, 21], [16, 14, 17, 13], [22, 16, 1, 15]]"
11n_112_130,"[[22, 16, 1, 15], [4, 18, 5, 17], [8, 20, 9, 19], [5, 12, 6, 13], [11, 6, 12, 7], [10, 1, 11, 2], [18, 8, 19, 7], [2, 9, 3, 10], [20, 4, 21, 3], [14, 22, 15, 21], [16, 14, 17, 13]]"
11n_112_131,"[[16, 14, 17, 13], [22, 16, 1, 15], [4, 18, 5, 17], [8, 20, 9, 19], [5, 12, 6, 13], [11, 6, 12, 7], [10, 1, 11, 2], [18, 8, 19, 7], [2, 9, 3, 10], [20, 4, 21, 3], [14, 22, 15, 21]]"
11n_112_132,"[[15, 1, 16, 22], [17, 15, 18, 14], [1, 17, 2, 16], [5, 19, 6, 18], [9, 21, 10, 20], [6, 13, 7, 14], [12, 7, 13, 8], [11, 2, 12, 3], [19, 9, 20, 8], [3, 10, 4, 11], [21, 5, 22, 4]]"
11n_112_133,"[[21, 5, 22, 4], [15, 1, 16, 22], [17, 15, 18, 14], [1, 17, 2, 16], [5, 19, 6, 18], [9, 21, 10, 20], [6, 13, 7, 14], [12, 7, 13, 8], [11, 2, 12, 3], [19, 9, 20, 8], [3, 10, 4, 11]]"
11n_112_134,"[[3, 10, 4, 11], [21, 5, 22, 4], [15, 1, 16, 22], [17, 15, 18, 14], [1, 17, 2, 16], [5, 19, 6, 18], [9, 21, 10, 20], [6, 13, 7, 14], [12, 7, 13, 8], [11, 2, 12, 3], [19, 9, 20, 8]]"
11n_112_135,"[[19, 9, 20, 8], [3, 10, 4, 11], [21, 5, 22, 4], [15, 1, 16, 22], [17, 15, 18, 14], [1, 17, 2, 16], [5, 19, 6, 18], [9, 21, 10, 20], [6, 13, 7, 14], [12, 7, 13, 8], [11, 2, 12, 3]]"
11n_112_136,"[[11, 2, 12, 3], [19, 9, 20, 8], [3, 10, 4, 11], [21, 5, 22, 4], [15, 1, 16, 22], [17, 15, 18, 14], [1, 17, 2, 16], [5, 19, 6, 18], [9, 21, 10, 20], [6, 13, 7, 14], [12, 7, 13, 8]]"
11n_112_137,"[[12, 7, 13, 8], [11, 2, 12, 3], [19, 9, 20, 8], [3, 10, 4, 11], [21, 5, 22, 4], [15, 1, 16, 22], [17, 15, 18, 14], [1, 17, 2, 16], [5, 19, 6, 18], [9, 21, 10, 20], [6, 13, 7, 14]]"
11n_112_138,"[[6, 13, 7, 14], [12, 7, 13, 8], [11, 2, 12, 3], [19, 9, 20, 8], [3, 10, 4, 11], [21, 5, 22, 4], [15, 1, 16, 22], [17, 15, 18, 14], [1, 17, 2, 16], [5, 19, 6, 18], [9, 21, 10, 20]]"
11n_112_139,"[[9, 21, 10, 20], [6, 13, 7, 14], [12, 7, 13, 8], [11, 2, 12, 3], [19, 9, 20, 8], [3, 10, 4, 11], [21, 5, 22, 4], [15, 1, 16, 22], [17, 15, 18, 14], [1, 17, 2, 16], [5, 19, 6, 18]]"
11n_112_140,"[[5, 19, 6, 18], [9, 21, 10, 20], [6, 13, 7, 14], [12, 7, 13, 8], [11, 2, 12, 3], [19, 9, 20, 8], [3, 10, 4, 11], [21, 5, 22, 4], [15, 1, 16, 22], [17, 15, 18, 14], [1, 17, 2, 16]]"
11n_112_141,"[[1, 17, 2, 16], [5, 19, 6, 18], [9, 21, 10, 20], [6, 13, 7, 14], [12, 7, 13, 8], [11, 2, 12, 3], [19, 9, 20, 8], [3, 10, 4, 11], [21, 5, 22, 4], [15, 1, 16, 22], [17, 15, 18, 14]]"
11n_112_142,"[[17, 15, 18, 14], [1, 17, 2, 16], [5, 19, 6, 18], [9, 21, 10, 20], [6, 13, 7, 14], [12, 7, 13, 8], [11, 2, 12, 3], [19, 9, 20, 8], [3, 10, 4, 11], [21, 5, 22, 4], [15, 1, 16, 22]]"
11n_112_143,"[[16, 2, 17, 1], [18, 16, 19, 15], [2, 18, 3, 17], [6, 20, 7, 19], [10, 22, 11, 21], [7, 14, 8, 15], [13, 8, 14, 9], [12, 3, 13, 4], [20, 10, 21, 9], [4, 11, 5, 12], [22, 6, 1, 5]]"
11n_112_144,"[[22, 6, 1, 5], [16, 2, 17, 1], [18, 16, 19, 15], [2, 18, 3, 17], [6, 20, 7, 19], [10, 22, 11, 21], [7, 14, 8, 15], [13, 8, 14, 9], [12, 3, 13, 4], [20, 10, 21, 9], [4, 11, 5, 12]]"
11n_112_145,"[[4, 11, 5, 12], [22, 6, 1, 5], [16, 2, 17, 1], [18, 16, 19, 15], [2, 18, 3, 17], [6, 20, 7, 19], [10, 22, 11, 21], [7, 14, 8, 15], [13, 8, 14, 9], [12, 3, 13, 4], [20, 10, 21, 9]]"
11n_112_146,"[[20, 10, 21, 9], [4, 11, 5, 12], [22, 6, 1, 5], [16, 2, 17, 1], [18, 16, 19, 15], [2, 18, 3, 17], [6, 20, 7, 19], [10, 22, 11, 21], [7, 14, 8, 15], [13, 8, 14, 9], [12, 3, 13, 4]]"
11n_112_147,"[[12, 3, 13, 4], [20, 10, 21, 9], [4, 11, 5, 12], [22, 6, 1, 5], [16, 2, 17, 1], [18, 16, 19, 15], [2, 18, 3, 17], [6, 20, 7, 19], [10, 22, 11, 21], [7, 14, 8, 15], [13, 8, 14, 9]]"
11n_112_148,"[[13, 8, 14, 9], [12, 3, 13, 4], [20, 10, 21, 9], [4, 11, 5, 12], [22, 6, 1, 5], [16, 2, 17, 1], [18, 16, 19, 15], [2, 18, 3, 17], [6, 20, 7, 19], [10, 22, 11, 21], [7, 14, 8, 15]]"
11n_112_149,"[[7, 14, 8, 15], [13, 8, 14, 9], [12, 3, 13, 4], [20, 10, 21, 9], [4, 11, 5, 12], [22, 6, 1, 5], [16, 2, 17, 1], [18, 16, 19, 15], [2, 18, 3, 17], [6, 20, 7, 19], [10, 22, 11, 21]]"
11n_112_150,"[[10, 22, 11, 21], [7, 14, 8, 15], [13, 8, 14, 9], [12, 3, 13, 4], [20, 10, 21, 9], [4, 11, 5, 12], [22, 6, 1, 5], [16, 2, 17, 1], [18, 16, 19, 15], [2, 18, 3, 17], [6, 20, 7, 19]]"
11n_112_151,"[[6, 20, 7, 19], [10, 22, 11, 21], [7, 14, 8, 15], [13, 8, 14, 9], [12, 3, 13, 4], [20, 10, 21, 9], [4, 11, 5, 12], [22, 6, 1, 5], [16, 2, 17, 1], [18, 16, 19, 15], [2, 18, 3, 17]]"
11n_112_152,"[[2, 18, 3, 17], [6, 20, 7, 19], [10, 22, 11, 21], [7, 14, 8, 15], [13, 8, 14, 9], [12, 3, 13, 4], [20, 10, 21, 9], [4, 11, 5, 12], [22, 6, 1, 5], [16, 2, 17, 1], [18, 16, 19, 15]]"
11n_112_153,"[[18, 16, 19, 15], [2, 18, 3, 17], [6, 20, 7, 19], [10, 22, 11, 21], [7, 14, 8, 15], [13, 8, 14, 9], [12, 3, 13, 4], [20, 10, 21, 9], [4, 11, 5, 12], [22, 6, 1, 5], [16, 2, 17, 1]]"
11n_112_154,"[[17, 3, 18, 2], [19, 17, 20, 16], [3, 19, 4, 18], [7, 21, 8, 20], [11, 1, 12, 22], [8, 15, 9, 16], [14, 9, 15, 10], [13, 4, 14, 5], [21, 11, 22, 10], [5, 12, 6, 13], [1, 7, 2, 6]]"
11n_112_155,"[[1, 7, 2, 6], [17, 3, 18, 2], [19, 17, 20, 16], [3, 19, 4, 18], [7, 21, 8, 20], [11, 1, 12, 22], [8, 15, 9, 16], [14, 9, 15, 10], [13, 4, 14, 5], [21, 11, 22, 10], [5, 12, 6, 13]]"
11n_112_156,"[[5, 12, 6, 13], [1, 7, 2, 6], [17, 3, 18, 2], [19, 17, 20, 16], [3, 19, 4, 18], [7, 21, 8, 20], [11, 1, 12, 22], [8, 15, 9, 16], [14, 9, 15, 10], [13, 4, 14, 5], [21, 11, 22, 10]]"
11n_112_157,"[[21, 11, 22, 10], [5, 12, 6, 13], [1, 7, 2, 6], [17, 3, 18, 2], [19, 17, 20, 16], [3, 19, 4, 18], [7, 21, 8, 20], [11, 1, 12, 22], [8, 15, 9, 16], [14, 9, 15, 10], [13, 4, 14, 5]]"
11n_112_158,"[[13, 4, 14, 5], [21, 11, 22, 10], [5, 12, 6, 13], [1, 7, 2, 6], [17, 3, 18, 2], [19, 17, 20, 16], [3, 19, 4, 18], [7, 21, 8, 20], [11, 1, 12, 22], [8, 15, 9, 16], [14, 9, 15, 10]]"
11n_112_159,"[[14, 9, 15, 10], [13, 4, 14, 5], [21, 11, 22, 10], [5, 12, 6, 13], [1, 7, 2, 6], [17, 3, 18, 2], [19, 17, 20, 16], [3, 19, 4, 18], [7, 21, 8, 20], [11, 1, 12, 22], [8, 15, 9, 16]]"
11n_112_160,"[[8, 15, 9, 16], [14, 9, 15, 10], [13, 4, 14, 5], [21, 11, 22, 10], [5, 12, 6, 13], [1, 7, 2, 6], [17, 3, 18, 2], [19, 17, 20, 16], [3, 19, 4, 18], [7, 21, 8, 20], [11, 1, 12, 22]]"
11n_112_161,"[[11, 1, 12, 22], [8, 15, 9, 16], [14, 9, 15, 10], [13, 4, 14, 5], [21, 11, 22, 10], [5, 12, 6, 13], [1, 7, 2, 6], [17, 3, 18, 2], [19, 17, 20, 16], [3, 19, 4, 18], [7, 21, 8, 20]]"
11n_112_162,"[[7, 21, 8, 20], [11, 1, 12, 22], [8, 15, 9, 16], [14, 9, 15, 10], [13, 4, 14, 5], [21, 11, 22, 10], [5, 12, 6, 13], [1, 7, 2, 6], [17, 3, 18, 2], [19, 17, 20, 16], [3, 19, 4, 18]]"
11n_112_163,"[[3, 19, 4, 18], [7, 21, 8, 20], [11, 1, 12, 22], [8, 15, 9, 16], [14, 9, 15, 10], [13, 4, 14, 5], [21, 11, 22, 10], [5, 12, 6, 13], [1, 7, 2, 6], [17, 3, 18, 2], [19, 17, 20, 16]]"
11n_112_164,"[[19, 17, 20, 16], [3, 19, 4, 18], [7, 21, 8, 20], [11, 1, 12, 22], [8, 15, 9, 16], [14, 9, 15, 10], [13, 4, 14, 5], [21, 11, 22, 10], [5, 12, 6, 13], [1, 7, 2, 6], [17, 3, 18, 2]]"
11n_112_165,"[[18, 4, 19, 3], [20, 18, 21, 17], [4, 20, 5, 19], [8, 22, 9, 21], [12, 2, 13, 1], [9, 16, 10, 17], [15, 10, 16, 11], [14, 5, 15, 6], [22, 12, 1, 11], [6, 13, 7, 14], [2, 8, 3, 7]]"
11n_112_166,"[[2, 8, 3, 7], [18, 4, 19, 3], [20, 18, 21, 17], [4, 20, 5, 19], [8, 22, 9, 21], [12, 2, 13, 1], [9, 16, 10, 17], [15, 10, 16, 11], [14, 5, 15, 6], [22, 12, 1, 11], [6, 13, 7, 14]]"
11n_112_167,"[[6, 13, 7, 14], [2, 8, 3, 7], [18, 4, 19, 3], [20, 18, 21, 17], [4, 20, 5, 19], [8, 22, 9, 21], [12, 2, 13, 1], [9, 16, 10, 17], [15, 10, 16, 11], [14, 5, 15, 6], [22, 12, 1, 11]]"
11n_112_168,"[[22, 12, 1, 11], [6, 13, 7, 14], [2, 8, 3, 7], [18, 4, 19, 3], [20, 18, 21, 17], [4, 20, 5, 19], [8, 22, 9, 21], [12, 2, 13, 1], [9, 16, 10, 17], [15, 10, 16, 11], [14, 5, 15, 6]]"
11n_112_169,"[[14, 5, 15, 6], [22, 12, 1, 11], [6, 13, 7, 14], [2, 8, 3, 7], [18, 4, 19, 3], [20, 18, 21, 17], [4, 20, 5, 19], [8, 22, 9, 21], [12, 2, 13, 1], [9, 16, 10, 17], [15, 10, 16, 11]]"
11n_112_170,"[[15, 10, 16, 11], [14, 5, 15, 6], [22, 12, 1, 11], [6, 13, 7, 14], [2, 8, 3, 7], [18, 4, 19, 3], [20, 18, 21, 17], [4, 20, 5, 19], [8, 22, 9, 21], [12, 2, 13, 1], [9, 16, 10, 17]]"
11n_112_171,"[[9, 16, 10, 17], [15, 10, 16, 11], [14, 5, 15, 6], [22, 12, 1, 11], [6, 13, 7, 14], [2, 8, 3, 7], [18, 4, 19, 3], [20, 18, 21, 17], [4, 20, 5, 19], [8, 22, 9, 21], [12, 2, 13, 1]]"
11n_112_172,"[[12, 2, 13, 1], [9, 16, 10, 17], [15, 10, 16, 11], [14, 5, 15, 6], [22, 12, 1, 11], [6, 13, 7, 14], [2, 8, 3, 7], [18, 4, 19, 3], [20, 18, 21, 17], [4, 20, 5, 19], [8, 22, 9, 21]]"
11n_112_173,"[[8, 22, 9, 21], [12, 2, 13, 1], [9, 16, 10, 17], [15, 10, 16, 11], [14, 5, 15, 6], [22, 12, 1, 11], [6, 13, 7, 14], [2, 8, 3, 7], [18, 4, 19, 3], [20, 18, 21, 17], [4, 20, 5, 19]]"
11n_112_174,"[[4, 20, 5, 19], [8, 22, 9, 21], [12, 2, 13, 1], [9, 16, 10, 17], [15, 10, 16, 11], [14, 5, 15, 6], [22, 12, 1, 11], [6, 13, 7, 14], [2, 8, 3, 7], [18, 4, 19, 3], [20, 18, 21, 17]]"
11n_112_175,"[[20, 18, 21, 17], [4, 20, 5, 19], [8, 22, 9, 21], [12, 2, 13, 1], [9, 16, 10, 17], [15, 10, 16, 11], [14, 5, 15, 6], [22, 12, 1, 11], [6, 13, 7, 14], [2, 8, 3, 7], [18, 4, 19, 3]]"
11n_112_176,"[[19, 5, 20, 4], [21, 19, 22, 18], [5, 21, 6, 20], [9, 1, 10, 22], [13, 3, 14, 2], [10, 17, 11, 18], [16, 11, 17, 12], [15, 6, 16, 7], [1, 13, 2, 12], [7, 14, 8, 15], [3, 9, 4, 8]]"
11n_112_177,"[[3, 9, 4, 8], [19, 5, 20, 4], [21, 19, 22, 18], [5, 21, 6, 20], [9, 1, 10, 22], [13, 3, 14, 2], [10, 17, 11, 18], [16, 11, 17, 12], [15, 6, 16, 7], [1, 13, 2, 12], [7, 14, 8, 15]]"
11n_112_178,"[[7, 14, 8, 15], [3, 9, 4, 8], [19, 5, 20, 4], [21, 19, 22, 18], [5, 21, 6, 20], [9, 1, 10, 22], [13, 3, 14, 2], [10, 17, 11, 18], [16, 11, 17, 12], [15, 6, 16, 7], [1, 13, 2, 12]]"
11n_112_179,"[[1, 13, 2, 12], [7, 14, 8, 15], [3, 9, 4, 8], [19, 5, 20, 4], [21, 19, 22, 18], [5, 21, 6, 20], [9, 1, 10, 22], [13, 3, 14, 2], [10, 17, 11, 18], [16, 11, 17, 12], [15, 6, 16, 7]]"
11n_112_180,"[[15, 6, 16, 7], [1, 13, 2, 12], [7, 14, 8, 15], [3, 9, 4, 8], [19, 5, 20, 4], [21, 19, 22, 18], [5, 21, 6, 20], [9, 1, 10, 22], [13, 3, 14, 2], [10, 17, 11, 18], [16, 11, 17, 12]]"
11n_112_181,"[[16, 11, 17, 12], [15, 6, 16, 7], [1, 13, 2, 12], [7, 14, 8, 15], [3, 9, 4, 8], [19, 5, 20, 4], [21, 19, 22, 18], [5, 21, 6, 20], [9, 1, 10, 22], [13, 3, 14, 2], [10, 17, 11, 18]]"
11n_112_182,"[[10, 17, 11, 18], [16, 11, 17, 12], [15, 6, 16, 7], [1, 13, 2, 12], [7, 14, 8, 15], [3, 9, 4, 8], [19, 5, 20, 4], [21, 19, 22, 18], [5, 21, 6, 20], [9, 1, 10, 22], [13, 3, 14, 2]]"
11n_112_183,"[[13, 3, 14, 2], [10, 17, 11, 18], [16, 11, 17, 12], [15, 6, 16, 7], [1, 13, 2, 12], [7, 14, 8, 15], [3, 9, 4, 8], [19, 5, 20, 4], [21, 19, 22, 18], [5, 21, 6, 20], [9, 1, 10, 22]]"
11n_112_184,"[[9, 1, 10, 22], [13, 3, 14, 2], [10, 17, 11, 18], [16, 11, 17, 12], [15, 6, 16, 7], [1, 13, 2, 12], [7, 14, 8, 15], [3, 9, 4, 8], [19, 5, 20, 4], [21, 19, 22, 18], [5, 21, 6, 20]]"
11n_112_185,"[[5, 21, 6, 20], [9, 1, 10, 22], [13, 3, 14, 2], [10, 17, 11, 18], [16, 11, 17, 12], [15, 6, 16, 7], [1, 13, 2, 12], [7, 14, 8, 15], [3, 9, 4, 8], [19, 5, 20, 4], [21, 19, 22, 18]]"
11n_112_186,"[[21, 19, 22, 18], [5, 21, 6, 20], [9, 1, 10, 22], [13, 3, 14, 2], [10, 17, 11, 18], [16, 11, 17, 12], [15, 6, 16, 7], [1, 13, 2, 12], [7, 14, 8, 15], [3, 9, 4, 8], [19, 5, 20, 4]]"
11n_112_187,"[[20, 6, 21, 5], [22, 20, 1, 19], [6, 22, 7, 21], [10, 2, 11, 1], [14, 4, 15, 3], [11, 18, 12, 19], [17, 12, 18, 13], [16, 7, 17, 8], [2, 14, 3, 13], [8, 15, 9, 16], [4, 10, 5, 9]]"
11n_112_188,"[[4, 10, 5, 9], [20, 6, 21, 5], [22, 20, 1, 19], [6, 22, 7, 21], [10, 2, 11, 1], [14, 4, 15, 3], [11, 18, 12, 19], [17, 12, 18, 13], [16, 7, 17, 8], [2, 14, 3, 13], [8, 15, 9, 16]]"
11n_112_189,"[[8, 15, 9, 16], [4, 10, 5, 9], [20, 6, 21, 5], [22, 20, 1, 19], [6, 22, 7, 21], [10, 2, 11, 1], [14, 4, 15, 3], [11, 18, 12, 19], [17, 12, 18, 13], [16, 7, 17, 8], [2, 14, 3, 13]]"
11n_112_190,"[[2, 14, 3, 13], [8, 15, 9, 16], [4, 10, 5, 9], [20, 6, 21, 5], [22, 20, 1, 19], [6, 22, 7, 21], [10, 2, 11, 1], [14, 4, 15, 3], [11, 18, 12, 19], [17, 12, 18, 13], [16, 7, 17, 8]]"
11n_112_191,"[[16, 7, 17, 8], [2, 14, 3, 13], [8, 15, 9, 16], [4, 10, 5, 9], [20, 6, 21, 5], [22, 20, 1, 19], [6, 22, 7, 21], [10, 2, 11, 1], [14, 4, 15, 3], [11, 18, 12, 19], [17, 12, 18, 13]]"
11n_112_192,"[[17, 12, 18, 13], [16, 7, 17, 8], [2, 14, 3, 13], [8, 15, 9, 16], [4, 10, 5, 9], [20, 6, 21, 5], [22, 20, 1, 19], [6, 22, 7, 21], [10, 2, 11, 1], [14, 4, 15, 3], [11, 18, 12, 19]]"
11n_112_193,"[[11, 18, 12, 19], [17, 12, 18, 13], [16, 7, 17, 8], [2, 14, 3, 13], [8, 15, 9, 16], [4, 10, 5, 9], [20, 6, 21, 5], [22, 20, 1, 19], [6, 22, 7, 21], [10, 2, 11, 1], [14, 4, 15, 3]]"
11n_112_194,"[[14, 4, 15, 3], [11, 18, 12, 19], [17, 12, 18, 13], [16, 7, 17, 8], [2, 14, 3, 13], [8, 15, 9, 16], [4, 10, 5, 9], [20, 6, 21, 5], [22, 20, 1, 19], [6, 22, 7, 21], [10, 2, 11, 1]]"
11n_112_195,"[[10, 2, 11, 1], [14, 4, 15, 3], [11, 18, 12, 19], [17, 12, 18, 13], [16, 7, 17, 8], [2, 14, 3, 13], [8, 15, 9, 16], [4, 10, 5, 9], [20, 6, 21, 5], [22, 20, 1, 19], [6, 22, 7, 21]]"
11n_112_196,"[[6, 22, 7, 21], [10, 2, 11, 1], [14, 4, 15, 3], [11, 18, 12, 19], [17, 12, 18, 13], [16, 7, 17, 8], [2, 14, 3, 13], [8, 15, 9, 16], [4, 10, 5, 9], [20, 6, 21, 5], [22, 20, 1, 19]]"
11n_112_197,"[[22, 20, 1, 19], [6, 22, 7, 21], [10, 2, 11, 1], [14, 4, 15, 3], [11, 18, 12, 19], [17, 12, 18, 13], [16, 7, 17, 8], [2, 14, 3, 13], [8, 15, 9, 16], [4, 10, 5, 9], [20, 6, 21, 5]]"
11n_112_198,"[[21, 7, 22, 6], [1, 21, 2, 20], [7, 1, 8, 22], [11, 3, 12, 2], [15, 5, 16, 4], [12, 19, 13, 20], [18, 13, 19, 14], [17, 8, 18, 9], [3, 15, 4, 14], [9, 16, 10, 17], [5, 11, 6, 10]]"
11n_112_199,"[[5, 11, 6, 10], [21, 7, 22, 6], [1, 21, 2, 20], [7, 1, 8, 22], [11, 3, 12, 2], [15, 5, 16, 4], [12, 19, 13, 20], [18, 13, 19, 14], [17, 8, 18, 9], [3, 15, 4, 14], [9, 16, 10, 17]]"
11n_112_200,"[[9, 16, 10, 17], [5, 11, 6, 10], [21, 7, 22, 6], [1, 21, 2, 20], [7, 1, 8, 22], [11, 3, 12, 2], [15, 5, 16, 4], [12, 19, 13, 20], [18, 13, 19, 14], [17, 8, 18, 9], [3, 15, 4, 14]]"
11n_112_201,"[[3, 15, 4, 14], [9, 16, 10, 17], [5, 11, 6, 10], [21, 7, 22, 6], [1, 21, 2, 20], [7, 1, 8, 22], [11, 3, 12, 2], [15, 5, 16, 4], [12, 19, 13, 20], [18, 13, 19, 14], [17, 8, 18, 9]]"
11n_112_202,"[[17, 8, 18, 9], [3, 15, 4, 14], [9, 16, 10, 17], [5, 11, 6, 10], [21, 7, 22, 6], [1, 21, 2, 20], [7, 1, 8, 22], [11, 3, 12, 2], [15, 5, 16, 4], [12, 19, 13, 20], [18, 13, 19, 14]]"
11n_112_203,"[[18, 13, 19, 14], [17, 8, 18, 9], [3, 15, 4, 14], [9, 16, 10, 17], [5, 11, 6, 10], [21, 7, 22, 6], [1, 21, 2, 20], [7, 1, 8, 22], [11, 3, 12, 2], [15, 5, 16, 4], [12, 19, 13, 20]]"
