name,pd_notation
11n_33_0,"[[3, 9, 4, 8], [5, 3, 6, 2], [9, 5, 10, 4], [6, 13, 7, 14], [10, 18, 11, 17], [14, 21, 15, 22], [18, 2, 19, 1], [22, 20, 1, 19], [20, 15, 21, 16], [16, 12, 17, 11], [12, 7, 13, 8]]"
11n_33_1,"[[12, 7, 13, 8], [3, 9, 4, 8], [5, 3, 6, 2], [9, 5, 10, 4], [6, 13, 7, 14], [10, 18, 11, 17], [14, 21, 15, 22], [18, 2, 19, 1], [22, 20, 1, 19], [20, 15, 21, 16], [16, 12, 17, 11]]"
11n_33_2,"[[16, 12, 17, 11], [12, 7, 13, 8], [3, 9, 4, 8], [5, 3, 6, 2], [9, 5, 10, 4], [6, 13, 7, 14], [10, 18, 11, 17], [14, 21, 15, 22], [18, 2, 19, 1], [22, 20, 1, 19], [20, 15, 21, 16]]"
11n_33_3,"[[20, 15, 21, 16], [16, 12, 17, 11], [12, 7, 13, 8], [3, 9, 4, 8], [5, 3, 6, 2], [9, 5, 10, 4], [6, 13, 7, 14], [10, 18, 11, 17], [14, 21, 15, 22], [18, 2, 19, 1], [22, 20, 1, 19]]"
11n_33_4,"[[22, 20, 1, 19], [20, 15, 21, 16], [16, 12, 17, 11], [12, 7, 13, 8], [3, 9, 4, 8], [5, 3, 6, 2], [9, 5, 10, 4], [6, 13, 7, 14], [10, 18, 11, 17], [14, 21, 15, 22], [18, 2, 19, 1]]"
11n_33_5,"[[18, 2, 19, 1], [22, 20, 1, 19], [20, 15, 21, 16], [16, 12, 17, 11], [12, 7, 13, 8], [3, 9, 4, 8], [5, 3, 6, 2], [9, 5, 10, 4], [6, 13, 7, 14], [10, 18, 11, 17], [14, 21, 15, 22]]"
11n_33_6,"[[14, 21, 15, 22], [18, 2, 19, 1], [22, 20, 1, 19], [20, 15, 21, 16], [16, 12, 17, 11], [12, 7, 13, 8], [3, 9, 4, 8], [5, 3, 6, 2], [9, 5, 10, 4], [6, 13, 7, 14], [10, 18, 11, 17]]"
11n_33_7,"[[10, 18, 11, 17], [14, 21, 15, 22], [18, 2, 19, 1], [22, 20, 1, 19], [20, 15, 21, 16], [16, 12, 17, 11], [12, 7, 13, 8], [3, 9, 4, 8], [5, 3, 6, 2], [9, 5, 10, 4], [6, 13, 7, 14]]"
11n_33_8,"[[6, 13, 7, 14], [10, 18, 11, 17], [14, 21, 15, 22], [18, 2, 19, 1], [22, 20, 1, 19], [20, 15, 21, 16], [16, 12, 17, 11], [12, 7, 13, 8], [3, 9, 4, 8], [5, 3, 6, 2], [9, 5, 10, 4]]"
11n_33_9,"[[9, 5, 10, 4], [6, 13, 7, 14], [10, 18, 11, 17], [14, 21, 15, 22], [18, 2, 19, 1], [22, 20, 1, 19], [20, 15, 21, 16], [16, 12, 17, 11], [12, 7, 13, 8], [3, 9, 4, 8], [5, 3, 6, 2]]"
11n_33_10,"[[5, 3, 6, 2], [9, 5, 10, 4], [6, 13, 7, 14], [10, 18, 11, 17], [14, 21, 15, 22], [18, 2, 19, 1], [22, 20, 1, 19], [20, 15, 21, 16], [16, 12, 17, 11], [12, 7, 13, 8], [3, 9, 4, 8]]"
11n_33_11,"[[4, 10, 5, 9], [6, 4, 7, 3], [10, 6, 11, 5], [7, 14, 8, 15], [11, 19, 12, 18], [15, 22, 16, 1], [19, 3, 20, 2], [1, 21, 2, 20], [21, 16, 22, 17], [17, 13, 18, 12], [13, 8, 14, 9]]"
11n_33_12,"[[13, 8, 14, 9], [4, 10, 5, 9], [6, 4, 7, 3], [10, 6, 11, 5], [7, 14, 8, 15], [11, 19, 12, 18], [15, 22, 16, 1], [19, 3, 20, 2], [1, 21, 2, 20], [21, 16, 22, 17], [17, 13, 18, 12]]"
11n_33_13,"[[17, 13, 18, 12], [13, 8, 14, 9], [4, 10, 5, 9], [6, 4, 7, 3], [10, 6, 11, 5], [7, 14, 8, 15], [11, 19, 12, 18], [15, 22, 16, 1], [19, 3, 20, 2], [1, 21, 2, 20], [21, 16, 22, 17]]"
11n_33_14,"[[21, 16, 22, 17], [17, 13, 18, 12], [13, 8, 14, 9], [4, 10, 5, 9], [6, 4, 7, 3], [10, 6, 11, 5], [7, 14, 8, 15], [11, 19, 12, 18], [15, 22, 16, 1], [19, 3, 20, 2], [1, 21, 2, 20]]"
11n_33_15,"[[1, 21, 2, 20], [21, 16, 22, 17], [17, 13, 18, 12], [13, 8, 14, 9], [4, 10, 5, 9], [6, 4, 7, 3], [10, 6, 11, 5], [7, 14, 8, 15], [11, 19, 12, 18], [15, 22, 16, 1], [19, 3, 20, 2]]"
11n_33_16,"[[19, 3, 20, 2], [1, 21, 2, 20], [21, 16, 22, 17], [17, 13, 18, 12], [13, 8, 14, 9], [4, 10, 5, 9], [6, 4, 7, 3], [10, 6, 11, 5], [7, 14, 8, 15], [11, 19, 12, 18], [15, 22, 16, 1]]"
11n_33_17,"[[15, 22, 16, 1], [19, 3, 20, 2], [1, 21, 2, 20], [21, 16, 22, 17], [17, 13, 18, 12], [13, 8, 14, 9], [4, 10, 5, 9], [6, 4, 7, 3], [10, 6, 11, 5], [7, 14, 8, 15], [11, 19, 12, 18]]"
11n_33_18,"[[11, 19, 12, 18], [15, 22, 16, 1], [19, 3, 20, 2], [1, 21, 2, 20], [21, 16, 22, 17], [17, 13, 18, 12], [13, 8, 14, 9], [4, 10, 5, 9], [6, 4, 7, 3], [10, 6, 11, 5], [7, 14, 8, 15]]"
11n_33_19,"[[7, 14, 8, 15], [11, 19, 12, 18], [15, 22, 16, 1], [19, 3, 20, 2], [1, 21, 2, 20], [21, 16, 22, 17], [17, 13, 18, 12], [13, 8, 14, 9], [4, 10, 5, 9], [6, 4, 7, 3], [10, 6, 11, 5]]"
11n_33_20,"[[10, 6, 11, 5], [7, 14, 8, 15], [11, 19, 12, 18], [15, 22, 16, 1], [19, 3, 20, 2], [1, 21, 2, 20], [21, 16, 22, 17], [17, 13, 18, 12], [13, 8, 14, 9], [4, 10, 5, 9], [6, 4, 7, 3]]"
11n_33_21,"[[6, 4, 7, 3], [10, 6, 11, 5], [7, 14, 8, 15], [11, 19, 12, 18], [15, 22, 16, 1], [19, 3, 20, 2], [1, 21, 2, 20], [21, 16, 22, 17], [17, 13, 18, 12], [13, 8, 14, 9], [4, 10, 5, 9]]"
11n_33_22,"[[5, 11, 6, 10], [7, 5, 8, 4], [11, 7, 12, 6], [8, 15, 9, 16], [12, 20, 13, 19], [16, 1, 17, 2], [20, 4, 21, 3], [2, 22, 3, 21], [22, 17, 1, 18], [18, 14, 19, 13], [14, 9, 15, 10]]"
11n_33_23,"[[14, 9, 15, 10], [5, 11, 6, 10], [7, 5, 8, 4], [11, 7, 12, 6], [8, 15, 9, 16], [12, 20, 13, 19], [16, 1, 17, 2], [20, 4, 21, 3], [2, 22, 3, 21], [22, 17, 1, 18], [18, 14, 19, 13]]"
11n_33_24,"[[18, 14, 19, 13], [14, 9, 15, 10], [5, 11, 6, 10], [7, 5, 8, 4], [11, 7, 12, 6], [8, 15, 9, 16], [12, 20, 13, 19], [16, 1, 17, 2], [20, 4, 21, 3], [2, 22, 3, 21], [22, 17, 1, 18]]"
11n_33_25,"[[22, 17, 1, 18], [18, 14, 19, 13], [14, 9, 15, 10], [5, 11, 6, 10], [7, 5, 8, 4], [11, 7, 12, 6], [8, 15, 9, 16], [12, 20, 13, 19], [16, 1, 17, 2], [20, 4, 21, 3], [2, 22, 3, 21]]"
11n_33_26,"[[2, 22, 3, 21], [22, 17, 1, 18], [18, 14, 19, 13], [14, 9, 15, 10], [5, 11, 6, 10], [7, 5, 8, 4], [11, 7, 12, 6], [8, 15, 9, 16], [12, 20, 13, 19], [16, 1, 17, 2], [20, 4, 21, 3]]"
11n_33_27,"[[20, 4, 21, 3], [2, 22, 3, 21], [22, 17, 1, 18], [18, 14, 19, 13], [14, 9, 15, 10], [5, 11, 6, 10], [7, 5, 8, 4], [11, 7, 12, 6], [8, 15, 9, 16], [12, 20, 13, 19], [16, 1, 17, 2]]"
11n_33_28,"[[16, 1, 17, 2], [20, 4, 21, 3], [2, 22, 3, 21], [22, 17, 1, 18], [18, 14, 19, 13], [14, 9, 15, 10], [5, 11, 6, 10], [7, 5, 8, 4], [11, 7, 12, 6], [8, 15, 9, 16], [12, 20, 13, 19]]"
11n_33_29,"[[12, 20, 13, 19], [16, 1, 17, 2], [20, 4, 21, 3], [2, 22, 3, 21], [22, 17, 1, 18], [18, 14, 19, 13], [14, 9, 15, 10], [5, 11, 6, 10], [7, 5, 8, 4], [11, 7, 12, 6], [8, 15, 9, 16]]"
11n_33_30,"[[8, 15, 9, 16], [12, 20, 13, 19], [16, 1, 17, 2], [20, 4, 21, 3], [2, 22, 3, 21], [22, 17, 1, 18], [18, 14, 19, 13], [14, 9, 15, 10], [5, 11, 6, 10], [7, 5, 8, 4], [11, 7, 12, 6]]"
11n_33_31,"[[11, 7, 12, 6], [8, 15, 9, 16], [12, 20, 13, 19], [16, 1, 17, 2], [20, 4, 21, 3], [2, 22, 3, 21], [22, 17, 1, 18], [18, 14, 19, 13], [14, 9, 15, 10], [5, 11, 6, 10], [7, 5, 8, 4]]"
11n_33_32,"[[7, 5, 8, 4], [11, 7, 12, 6], [8, 15, 9, 16], [12, 20, 13, 19], [16, 1, 17, 2], [20, 4, 21, 3], [2, 22, 3, 21], [22, 17, 1, 18], [18, 14, 19, 13], [14, 9, 15, 10], [5, 11, 6, 10]]"
11n_33_33,"[[6, 12, 7, 11], [8, 6, 9, 5], [12, 8, 13, 7], [9, 16, 10, 17], [13, 21, 14, 20], [17, 2, 18, 3], [21, 5, 22, 4], [3, 1, 4, 22], [1, 18, 2, 19], [19, 15, 20, 14], [15, 10, 16, 11]]"
11n_33_34,"[[15, 10, 16, 11], [6, 12, 7, 11], [8, 6, 9, 5], [12, 8, 13, 7], [9, 16, 10, 17], [13, 21, 14, 20], [17, 2, 18, 3], [21, 5, 22, 4], [3, 1, 4, 22], [1, 18, 2, 19], [19, 15, 20, 14]]"
11n_33_35,"[[19, 15, 20, 14], [15, 10, 16, 11], [6, 12, 7, 11], [8, 6, 9, 5], [12, 8, 13, 7], [9, 16, 10, 17], [13, 21, 14, 20], [17, 2, 18, 3], [21, 5, 22, 4], [3, 1, 4, 22], [1, 18, 2, 19]]"
11n_33_36,"[[1, 18, 2, 19], [19, 15, 20, 14], [15, 10, 16, 11], [6, 12, 7, 11], [8, 6, 9, 5], [12, 8, 13, 7], [9, 16, 10, 17], [13, 21, 14, 20], [17, 2, 18, 3], [21, 5, 22, 4], [3, 1, 4, 22]]"
11n_33_37,"[[3, 1, 4, 22], [1, 18, 2, 19], [19, 15, 20, 14], [15, 10, 16, 11], [6, 12, 7, 11], [8, 6, 9, 5], [12, 8, 13, 7], [9, 16, 10, 17], [13, 21, 14, 20], [17, 2, 18, 3], [21, 5, 22, 4]]"
11n_33_38,"[[21, 5, 22, 4], [3, 1, 4, 22], [1, 18, 2, 19], [19, 15, 20, 14], [15, 10, 16, 11], [6, 12, 7, 11], [8, 6, 9, 5], [12, 8, 13, 7], [9, 16, 10, 17], [13, 21, 14, 20], [17, 2, 18, 3]]"
11n_33_39,"[[17, 2, 18, 3], [21, 5, 22, 4], [3, 1, 4, 22], [1, 18, 2, 19], [19, 15, 20, 14], [15, 10, 16, 11], [6, 12, 7, 11], [8, 6, 9, 5], [12, 8, 13, 7], [9, 16, 10, 17], [13, 21, 14, 20]]"
11n_33_40,"[[13, 21, 14, 20], [17, 2, 18, 3], [21, 5, 22, 4], [3, 1, 4, 22], [1, 18, 2, 19], [19, 15, 20, 14], [15, 10, 16, 11], [6, 12, 7, 11], [8, 6, 9, 5], [12, 8, 13, 7], [9, 16, 10, 17]]"
11n_33_41,"[[9, 16, 10, 17], [13, 21, 14, 20], [17, 2, 18, 3], [21, 5, 22, 4], [3, 1, 4, 22], [1, 18, 2, 19], [19, 15, 20, 14], [15, 10, 16, 11], [6, 12, 7, 11], [8, 6, 9, 5], [12, 8, 13, 7]]"
11n_33_42,"[[12, 8, 13, 7], [9, 16, 10, 17], [13, 21, 14, 20], [17, 2, 18, 3], [21, 5, 22, 4], [3, 1, 4, 22], [1, 18, 2, 19], [19, 15, 20, 14], [15, 10, 16, 11], [6, 12, 7, 11], [8, 6, 9, 5]]"
11n_33_43,"[[8, 6, 9, 5], [12, 8, 13, 7], [9, 16, 10, 17], [13, 21, 14, 20], [17, 2, 18, 3], [21, 5, 22, 4], [3, 1, 4, 22], [1, 18, 2, 19], [19, 15, 20, 14], [15, 10, 16, 11], [6, 12, 7, 11]]"
11n_33_44,"[[7, 13, 8, 12], [9, 7, 10, 6], [13, 9, 14, 8], [10, 17, 11, 18], [14, 22, 15, 21], [18, 3, 19, 4], [22, 6, 1, 5], [4, 2, 5, 1], [2, 19, 3, 20], [20, 16, 21, 15], [16, 11, 17, 12]]"
11n_33_45,"[[16, 11, 17, 12], [7, 13, 8, 12], [9, 7, 10, 6], [13, 9, 14, 8], [10, 17, 11, 18], [14, 22, 15, 21], [18, 3, 19, 4], [22, 6, 1, 5], [4, 2, 5, 1], [2, 19, 3, 20], [20, 16, 21, 15]]"
11n_33_46,"[[20, 16, 21, 15], [16, 11, 17, 12], [7, 13, 8, 12], [9, 7, 10, 6], [13, 9, 14, 8], [10, 17, 11, 18], [14, 22, 15, 21], [18, 3, 19, 4], [22, 6, 1, 5], [4, 2, 5, 1], [2, 19, 3, 20]]"
11n_33_47,"[[2, 19, 3, 20], [20, 16, 21, 15], [16, 11, 17, 12], [7, 13, 8, 12], [9, 7, 10, 6], [13, 9, 14, 8], [10, 17, 11, 18], [14, 22, 15, 21], [18, 3, 19, 4], [22, 6, 1, 5], [4, 2, 5, 1]]"
11n_33_48,"[[4, 2, 5, 1], [2, 19, 3, 20], [20, 16, 21, 15], [16, 11, 17, 12], [7, 13, 8, 12], [9, 7, 10, 6], [13, 9, 14, 8], [10, 17, 11, 18], [14, 22, 15, 21], [18, 3, 19, 4], [22, 6, 1, 5]]"
11n_33_49,"[[22, 6, 1, 5], [4, 2, 5, 1], [2, 19, 3, 20], [20, 16, 21, 15], [16, 11, 17, 12], [7, 13, 8, 12], [9, 7, 10, 6], [13, 9, 14, 8], [10, 17, 11, 18], [14, 22, 15, 21], [18, 3, 19, 4]]"
11n_33_50,"[[18, 3, 19, 4], [22, 6, 1, 5], [4, 2, 5, 1], [2, 19, 3, 20], [20, 16, 21, 15], [16, 11, 17, 12], [7, 13, 8, 12], [9, 7, 10, 6], [13, 9, 14, 8], [10, 17, 11, 18], [14, 22, 15, 21]]"
11n_33_51,"[[14, 22, 15, 21], [18, 3, 19, 4], [22, 6, 1, 5], [4, 2, 5, 1], [2, 19, 3, 20], [20, 16, 21, 15], [16, 11, 17, 12], [7, 13, 8, 12], [9, 7, 10, 6], [13, 9, 14, 8], [10, 17, 11, 18]]"
11n_33_52,"[[10, 17, 11, 18], [14, 22, 15, 21], [18, 3, 19, 4], [22, 6, 1, 5], [4, 2, 5, 1], [2, 19, 3, 20], [20, 16, 21, 15], [16, 11, 17, 12], [7, 13, 8, 12], [9, 7, 10, 6], [13, 9, 14, 8]]"
11n_33_53,"[[13, 9, 14, 8], [10, 17, 11, 18], [14, 22, 15, 21], [18, 3, 19, 4], [22, 6, 1, 5], [4, 2, 5, 1], [2, 19, 3, 20], [20, 16, 21, 15], [16, 11, 17, 12], [7, 13, 8, 12], [9, 7, 10, 6]]"
11n_33_54,"[[9, 7, 10, 6], [13, 9, 14, 8], [10, 17, 11, 18], [14, 22, 15, 21], [18, 3, 19, 4], [22, 6, 1, 5], [4, 2, 5, 1], [2, 19, 3, 20], [20, 16, 21, 15], [16, 11, 17, 12], [7, 13, 8, 12]]"
11n_33_55,"[[8, 14, 9, 13], [10, 8, 11, 7], [14, 10, 15, 9], [11, 18, 12, 19], [15, 1, 16, 22], [19, 4, 20, 5], [1, 7, 2, 6], [5, 3, 6, 2], [3, 20, 4, 21], [21, 17, 22, 16], [17, 12, 18, 13]]"
11n_33_56,"[[17, 12, 18, 13], [8, 14, 9, 13], [10, 8, 11, 7], [14, 10, 15, 9], [11, 18, 12, 19], [15, 1, 16, 22], [19, 4, 20, 5], [1, 7, 2, 6], [5, 3, 6, 2], [3, 20, 4, 21], [21, 17, 22, 16]]"
11n_33_57,"[[21, 17, 22, 16], [17, 12, 18, 13], [8, 14, 9, 13], [10, 8, 11, 7], [14, 10, 15, 9], [11, 18, 12, 19], [15, 1, 16, 22], [19, 4, 20, 5], [1, 7, 2, 6], [5, 3, 6, 2], [3, 20, 4, 21]]"
11n_33_58,"[[3, 20, 4, 21], [21, 17, 22, 16], [17, 12, 18, 13], [8, 14, 9, 13], [10, 8, 11, 7], [14, 10, 15, 9], [11, 18, 12, 19], [15, 1, 16, 22], [19, 4, 20, 5], [1, 7, 2, 6], [5, 3, 6, 2]]"
11n_33_59,"[[5, 3, 6, 2], [3, 20, 4, 21], [21, 17, 22, 16], [17, 12, 18, 13], [8, 14, 9, 13], [10, 8, 11, 7], [14, 10, 15, 9], [11, 18, 12, 19], [15, 1, 16, 22], [19, 4, 20, 5], [1, 7, 2, 6]]"
11n_33_60,"[[1, 7, 2, 6], [5, 3, 6, 2], [3, 20, 4, 21], [21, 17, 22, 16], [17, 12, 18, 13], [8, 14, 9, 13], [10, 8, 11, 7], [14, 10, 15, 9], [11, 18, 12, 19], [15, 1, 16, 22], [19, 4, 20, 5]]"
11n_33_61,"[[19, 4, 20, 5], [1, 7, 2, 6], [5, 3, 6, 2], [3, 20, 4, 21], [21, 17, 22, 16], [17, 12, 18, 13], [8, 14, 9, 13], [10, 8, 11, 7], [14, 10, 15, 9], [11, 18, 12, 19], [15, 1, 16, 22]]"
11n_33_62,"[[15, 1, 16, 22], [19, 4, 20, 5], [1, 7, 2, 6], [5, 3, 6, 2], [3, 20, 4, 21], [21, 17, 22, 16], [17, 12, 18, 13], [8, 14, 9, 13], [10, 8, 11, 7], [14, 10, 15, 9], [11, 18, 12, 19]]"
11n_33_63,"[[11, 18, 12, 19], [15, 1, 16, 22], [19, 4, 20, 5], [1, 7, 2, 6], [5, 3, 6, 2], [3, 20, 4, 21], [21, 17, 22, 16], [17, 12, 18, 13], [8, 14, 9, 13], [10, 8, 11, 7], [14, 10, 15, 9]]"
11n_33_64,"[[14, 10, 15, 9], [11, 18, 12, 19], [15, 1, 16, 22], [19, 4, 20, 5], [1, 7, 2, 6], [5, 3, 6, 2], [3, 20, 4, 21], [21, 17, 22, 16], [17, 12, 18, 13], [8, 14, 9, 13], [10, 8, 11, 7]]"
11n_33_65,"[[10, 8, 11, 7], [14, 10, 15, 9], [11, 18, 12, 19], [15, 1, 16, 22], [19, 4, 20, 5], [1, 7, 2, 6], [5, 3, 6, 2], [3, 20, 4, 21], [21, 17, 22, 16], [17, 12, 18, 13], [8, 14, 9, 13]]"
11n_33_66,"[[9, 15, 10, 14], [11, 9, 12, 8], [15, 11, 16, 10], [12, 19, 13, 20], [16, 2, 17, 1], [20, 5, 21, 6], [2, 8, 3, 7], [6, 4, 7, 3], [4, 21, 5, 22], [22, 18, 1, 17], [18, 13, 19, 14]]"
11n_33_67,"[[18, 13, 19, 14], [9, 15, 10, 14], [11, 9, 12, 8], [15, 11, 16, 10], [12, 19, 13, 20], [16, 2, 17, 1], [20, 5, 21, 6], [2, 8, 3, 7], [6, 4, 7, 3], [4, 21, 5, 22], [22, 18, 1, 17]]"
11n_33_68,"[[22, 18, 1, 17], [18, 13, 19, 14], [9, 15, 10, 14], [11, 9, 12, 8], [15, 11, 16, 10], [12, 19, 13, 20], [16, 2, 17, 1], [20, 5, 21, 6], [2, 8, 3, 7], [6, 4, 7, 3], [4, 21, 5, 22]]"
11n_33_69,"[[4, 21, 5, 22], [22, 18, 1, 17], [18, 13, 19, 14], [9, 15, 10, 14], [11, 9, 12, 8], [15, 11, 16, 10], [12, 19, 13, 20], [16, 2, 17, 1], [20, 5, 21, 6], [2, 8, 3, 7], [6, 4, 7, 3]]"
11n_33_70,"[[6, 4, 7, 3], [4, 21, 5, 22], [22, 18, 1, 17], [18, 13, 19, 14], [9, 15, 10, 14], [11, 9, 12, 8], [15, 11, 16, 10], [12, 19, 13, 20], [16, 2, 17, 1], [20, 5, 21, 6], [2, 8, 3, 7]]"
11n_33_71,"[[2, 8, 3, 7], [6, 4, 7, 3], [4, 21, 5, 22], [22, 18, 1, 17], [18, 13, 19, 14], [9, 15, 10, 14], [11, 9, 12, 8], [15, 11, 16, 10], [12, 19, 13, 20], [16, 2, 17, 1], [20, 5, 21, 6]]"
11n_33_72,"[[20, 5, 21, 6], [2, 8, 3, 7], [6, 4, 7, 3], [4, 21, 5, 22], [22, 18, 1, 17], [18, 13, 19, 14], [9, 15, 10, 14], [11, 9, 12, 8], [15, 11, 16, 10], [12, 19, 13, 20], [16, 2, 17, 1]]"
11n_33_73,"[[16, 2, 17, 1], [20, 5, 21, 6], [2, 8, 3, 7], [6, 4, 7, 3], [4, 21, 5, 22], [22, 18, 1, 17], [18, 13, 19, 14], [9, 15, 10, 14], [11, 9, 12, 8], [15, 11, 16, 10], [12, 19, 13, 20]]"
11n_33_74,"[[12, 19, 13, 20], [16, 2, 17, 1], [20, 5, 21, 6], [2, 8, 3, 7], [6, 4, 7, 3], [4, 21, 5, 22], [22, 18, 1, 17], [18, 13, 19, 14], [9, 15, 10, 14], [11, 9, 12, 8], [15, 11, 16, 10]]"
11n_33_75,"[[15, 11, 16, 10], [12, 19, 13, 20], [16, 2, 17, 1], [20, 5, 21, 6], [2, 8, 3, 7], [6, 4, 7, 3], [4, 21, 5, 22], [22, 18, 1, 17], [18, 13, 19, 14], [9, 15, 10, 14], [11, 9, 12, 8]]"
11n_33_76,"[[11, 9, 12, 8], [15, 11, 16, 10], [12, 19, 13, 20], [16, 2, 17, 1], [20, 5, 21, 6], [2, 8, 3, 7], [6, 4, 7, 3], [4, 21, 5, 22], [22, 18, 1, 17], [18, 13, 19, 14], [9, 15, 10, 14]]"
11n_33_77,"[[10, 16, 11, 15], [12, 10, 13, 9], [16, 12, 17, 11], [13, 20, 14, 21], [17, 3, 18, 2], [21, 6, 22, 7], [3, 9, 4, 8], [7, 5, 8, 4], [5, 22, 6, 1], [1, 19, 2, 18], [19, 14, 20, 15]]"
11n_33_78,"[[19, 14, 20, 15], [10, 16, 11, 15], [12, 10, 13, 9], [16, 12, 17, 11], [13, 20, 14, 21], [17, 3, 18, 2], [21, 6, 22, 7], [3, 9, 4, 8], [7, 5, 8, 4], [5, 22, 6, 1], [1, 19, 2, 18]]"
11n_33_79,"[[1, 19, 2, 18], [19, 14, 20, 15], [10, 16, 11, 15], [12, 10, 13, 9], [16, 12, 17, 11], [13, 20, 14, 21], [17, 3, 18, 2], [21, 6, 22, 7], [3, 9, 4, 8], [7, 5, 8, 4], [5, 22, 6, 1]]"
11n_33_80,"[[5, 22, 6, 1], [1, 19, 2, 18], [19, 14, 20, 15], [10, 16, 11, 15], [12, 10, 13, 9], [16, 12, 17, 11], [13, 20, 14, 21], [17, 3, 18, 2], [21, 6, 22, 7], [3, 9, 4, 8], [7, 5, 8, 4]]"
11n_33_81,"[[7, 5, 8, 4], [5, 22, 6, 1], [1, 19, 2, 18], [19, 14, 20, 15], [10, 16, 11, 15], [12, 10, 13, 9], [16, 12, 17, 11], [13, 20, 14, 21], [17, 3, 18, 2], [21, 6, 22, 7], [3, 9, 4, 8]]"
11n_33_82,"[[3, 9, 4, 8], [7, 5, 8, 4], [5, 22, 6, 1], [1, 19, 2, 18], [19, 14, 20, 15], [10, 16, 11, 15], [12, 10, 13, 9], [16, 12, 17, 11], [13, 20, 14, 21], [17, 3, 18, 2], [21, 6, 22, 7]]"
11n_33_83,"[[21, 6, 22, 7], [3, 9, 4, 8], [7, 5, 8, 4], [5, 22, 6, 1], [1, 19, 2, 18], [19, 14, 20, 15], [10, 16, 11, 15], [12, 10, 13, 9], [16, 12, 17, 11], [13, 20, 14, 21], [17, 3, 18, 2]]"
11n_33_84,"[[17, 3, 18, 2], [21, 6, 22, 7], [3, 9, 4, 8], [7, 5, 8, 4], [5, 22, 6, 1], [1, 19, 2, 18], [19, 14, 20, 15], [10, 16, 11, 15], [12, 10, 13, 9], [16, 12, 17, 11], [13, 20, 14, 21]]"
11n_33_85,"[[13, 20, 14, 21], [17, 3, 18, 2], [21, 6, 22, 7], [3, 9, 4, 8], [7, 5, 8, 4], [5, 22, 6, 1], [1, 19, 2, 18], [19, 14, 20, 15], [10, 16, 11, 15], [12, 10, 13, 9], [16, 12, 17, 11]]"
11n_33_86,"[[16, 12, 17, 11], [13, 20, 14, 21], [17, 3, 18, 2], [21, 6, 22, 7], [3, 9, 4, 8], [7, 5, 8, 4], [5, 22, 6, 1], [1, 19, 2, 18], [19, 14, 20, 15], [10, 16, 11, 15], [12, 10, 13, 9]]"
11n_33_87,"[[12, 10, 13, 9], [16, 12, 17, 11], [13, 20, 14, 21], [17, 3, 18, 2], [21, 6, 22, 7], [3, 9, 4, 8], [7, 5, 8, 4], [5, 22, 6, 1], [1, 19, 2, 18], [19, 14, 20, 15], [10, 16, 11, 15]]"
11n_33_88,"[[11, 17, 12, 16], [13, 11, 14, 10], [17, 13, 18, 12], [14, 21, 15, 22], [18, 4, 19, 3], [22, 7, 1, 8], [4, 10, 5, 9], [8, 6, 9, 5], [6, 1, 7, 2], [2, 20, 3, 19], [20, 15, 21, 16]]"
11n_33_89,"[[20, 15, 21, 16], [11, 17, 12, 16], [13, 11, 14, 10], [17, 13, 18, 12], [14, 21, 15, 22], [18, 4, 19, 3], [22, 7, 1, 8], [4, 10, 5, 9], [8, 6, 9, 5], [6, 1, 7, 2], [2, 20, 3, 19]]"
11n_33_90,"[[2, 20, 3, 19], [20, 15, 21, 16], [11, 17, 12, 16], [13, 11, 14, 10], [17, 13, 18, 12], [14, 21, 15, 22], [18, 4, 19, 3], [22, 7, 1, 8], [4, 10, 5, 9], [8, 6, 9, 5], [6, 1, 7, 2]]"
11n_33_91,"[[6, 1, 7, 2], [2, 20, 3, 19], [20, 15, 21, 16], [11, 17, 12, 16], [13, 11, 14, 10], [17, 13, 18, 12], [14, 21, 15, 22], [18, 4, 19, 3], [22, 7, 1, 8], [4, 10, 5, 9], [8, 6, 9, 5]]"
11n_33_92,"[[8, 6, 9, 5], [6, 1, 7, 2], [2, 20, 3, 19], [20, 15, 21, 16], [11, 17, 12, 16], [13, 11, 14, 10], [17, 13, 18, 12], [14, 21, 15, 22], [18, 4, 19, 3], [22, 7, 1, 8], [4, 10, 5, 9]]"
11n_33_93,"[[4, 10, 5, 9], [8, 6, 9, 5], [6, 1, 7, 2], [2, 20, 3, 19], [20, 15, 21, 16], [11, 17, 12, 16], [13, 11, 14, 10], [17, 13, 18, 12], [14, 21, 15, 22], [18, 4, 19, 3], [22, 7, 1, 8]]"
11n_33_94,"[[22, 7, 1, 8], [4, 10, 5, 9], [8, 6, 9, 5], [6, 1, 7, 2], [2, 20, 3, 19], [20, 15, 21, 16], [11, 17, 12, 16], [13, 11, 14, 10], [17, 13, 18, 12], [14, 21, 15, 22], [18, 4, 19, 3]]"
11n_33_95,"[[18, 4, 19, 3], [22, 7, 1, 8], [4, 10, 5, 9], [8, 6, 9, 5], [6, 1, 7, 2], [2, 20, 3, 19], [20, 15, 21, 16], [11, 17, 12, 16], [13, 11, 14, 10], [17, 13, 18, 12], [14, 21, 15, 22]]"
11n_33_96,"[[14, 21, 15, 22], [18, 4, 19, 3], [22, 7, 1, 8], [4, 10, 5, 9], [8, 6, 9, 5], [6, 1, 7, 2], [2, 20, 3, 19], [20, 15, 21, 16], [11, 17, 12, 16], [13, 11, 14, 10], [17, 13, 18, 12]]"
11n_33_97,"[[17, 13, 18, 12], [14, 21, 15, 22], [18, 4, 19, 3], [22, 7, 1, 8], [4, 10, 5, 9], [8, 6, 9, 5], [6, 1, 7, 2], [2, 20, 3, 19], [20, 15, 21, 16], [11, 17, 12, 16], [13, 11, 14, 10]]"
11n_33_98,"[[13, 11, 14, 10], [17, 13, 18, 12], [14, 21, 15, 22], [18, 4, 19, 3], [22, 7, 1, 8], [4, 10, 5, 9], [8, 6, 9, 5], [6, 1, 7, 2], [2, 20, 3, 19], [20, 15, 21, 16], [11, 17, 12, 16]]"
11n_33_99,"[[12, 18, 13, 17], [14, 12, 15, 11], [18, 14, 19, 13], [15, 22, 16, 1], [19, 5, 20, 4], [1, 8, 2, 9], [5, 11, 6, 10], [9, 7, 10, 6], [7, 2, 8, 3], [3, 21, 4, 20], [21, 16, 22, 17]]"
11n_33_100,"[[21, 16, 22, 17], [12, 18, 13, 17], [14, 12, 15, 11], [18, 14, 19, 13], [15, 22, 16, 1], [19, 5, 20, 4], [1, 8, 2, 9], [5, 11, 6, 10], [9, 7, 10, 6], [7, 2, 8, 3], [3, 21, 4, 20]]"
11n_33_101,"[[3, 21, 4, 20], [21, 16, 22, 17], [12, 18, 13, 17], [14, 12, 15, 11], [18, 14, 19, 13], [15, 22, 16, 1], [19, 5, 20, 4], [1, 8, 2, 9], [5, 11, 6, 10], [9, 7, 10, 6], [7, 2, 8, 3]]"
11n_33_102,"[[7, 2, 8, 3], [3, 21, 4, 20], [21, 16, 22, 17], [12, 18, 13, 17], [14, 12, 15, 11], [18, 14, 19, 13], [15, 22, 16, 1], [19, 5, 20, 4], [1, 8, 2, 9], [5, 11, 6, 10], [9, 7, 10, 6]]"
11n_33_103,"[[9, 7, 10, 6], [7, 2, 8, 3], [3, 21, 4, 20], [21, 16, 22, 17], [12, 18, 13, 17], [14, 12, 15, 11], [18, 14, 19, 13], [15, 22, 16, 1], [19, 5, 20, 4], [1, 8, 2, 9], [5, 11, 6, 10]]"
11n_33_104,"[[5, 11, 6, 10], [9, 7, 10, 6], [7, 2, 8, 3], [3, 21, 4, 20], [21, 16, 22, 17], [12, 18, 13, 17], [14, 12, 15, 11], [18, 14, 19, 13], [15, 22, 16, 1], [19, 5, 20, 4], [1, 8, 2, 9]]"
11n_33_105,"[[1, 8, 2, 9], [5, 11, 6, 10], [9, 7, 10, 6], [7, 2, 8, 3], [3, 21, 4, 20], [21, 16, 22, 17], [12, 18, 13, 17], [14, 12, 15, 11], [18, 14, 19, 13], [15, 22, 16, 1], [19, 5, 20, 4]]"
11n_33_106,"[[19, 5, 20, 4], [1, 8, 2, 9], [5, 11, 6, 10], [9, 7, 10, 6], [7, 2, 8, 3], [3, 21, 4, 20], [21, 16, 22, 17], [12, 18, 13, 17], [14, 12, 15, 11], [18, 14, 19, 13], [15, 22, 16, 1]]"
11n_33_107,"[[15, 22, 16, 1], [19, 5, 20, 4], [1, 8, 2, 9], [5, 11, 6, 10], [9, 7, 10, 6], [7, 2, 8, 3], [3, 21, 4, 20], [21, 16, 22, 17], [12, 18, 13, 17], [14, 12, 15, 11], [18, 14, 19, 13]]"
11n_33_108,"[[18, 14, 19, 13], [15, 22, 16, 1], [19, 5, 20, 4], [1, 8, 2, 9], [5, 11, 6, 10], [9, 7, 10, 6], [7, 2, 8, 3], [3, 21, 4, 20], [21, 16, 22, 17], [12, 18, 13, 17], [14, 12, 15, 11]]"
11n_33_109,"[[14, 12, 15, 11], [18, 14, 19, 13], [15, 22, 16, 1], [19, 5, 20, 4], [1, 8, 2, 9], [5, 11, 6, 10], [9, 7, 10, 6], [7, 2, 8, 3], [3, 21, 4, 20], [21, 16, 22, 17], [12, 18, 13, 17]]"
11n_33_110,"[[13, 19, 14, 18], [15, 13, 16, 12], [19, 15, 20, 14], [16, 1, 17, 2], [20, 6, 21, 5], [2, 9, 3, 10], [6, 12, 7, 11], [10, 8, 11, 7], [8, 3, 9, 4], [4, 22, 5, 21], [22, 17, 1, 18]]"
11n_33_111,"[[22, 17, 1, 18], [13, 19, 14, 18], [15, 13, 16, 12], [19, 15, 20, 14], [16, 1, 17, 2], [20, 6, 21, 5], [2, 9, 3, 10], [6, 12, 7, 11], [10, 8, 11, 7], [8, 3, 9, 4], [4, 22, 5, 21]]"
11n_33_112,"[[4, 22, 5, 21], [22, 17, 1, 18], [13, 19, 14, 18], [15, 13, 16, 12], [19, 15, 20, 14], [16, 1, 17, 2], [20, 6, 21, 5], [2, 9, 3, 10], [6, 12, 7, 11], [10, 8, 11, 7], [8, 3, 9, 4]]"
11n_33_113,"[[8, 3, 9, 4], [4, 22, 5, 21], [22, 17, 1, 18], [13, 19, 14, 18], [15, 13, 16, 12], [19, 15, 20, 14], [16, 1, 17, 2], [20, 6, 21, 5], [2, 9, 3, 10], [6, 12, 7, 11], [10, 8, 11, 7]]"
11n_33_114,"[[10, 8, 11, 7], [8, 3, 9, 4], [4, 22, 5, 21], [22, 17, 1, 18], [13, 19, 14, 18], [15, 13, 16, 12], [19, 15, 20, 14], [16, 1, 17, 2], [20, 6, 21, 5], [2, 9, 3, 10], [6, 12, 7, 11]]"
11n_33_115,"[[6, 12, 7, 11], [10, 8, 11, 7], [8, 3, 9, 4], [4, 22, 5, 21], [22, 17, 1, 18], [13, 19, 14, 18], [15, 13, 16, 12], [19, 15, 20, 14], [16, 1, 17, 2], [20, 6, 21, 5], [2, 9, 3, 10]]"
11n_33_116,"[[2, 9, 3, 10], [6, 12, 7, 11], [10, 8, 11, 7], [8, 3, 9, 4], [4, 22, 5, 21], [22, 17, 1, 18], [13, 19, 14, 18], [15, 13, 16, 12], [19, 15, 20, 14], [16, 1, 17, 2], [20, 6, 21, 5]]"
11n_33_117,"[[20, 6, 21, 5], [2, 9, 3, 10], [6, 12, 7, 11], [10, 8, 11, 7], [8, 3, 9, 4], [4, 22, 5, 21], [22, 17, 1, 18], [13, 19, 14, 18], [15, 13, 16, 12], [19, 15, 20, 14], [16, 1, 17, 2]]"
11n_33_118,"[[16, 1, 17, 2], [20, 6, 21, 5], [2, 9, 3, 10], [6, 12, 7, 11], [10, 8, 11, 7], [8, 3, 9, 4], [4, 22, 5, 21], [22, 17, 1, 18], [13, 19, 14, 18], [15, 13, 16, 12], [19, 15, 20, 14]]"
11n_33_119,"[[19, 15, 20, 14], [16, 1, 17, 2], [20, 6, 21, 5], [2, 9, 3, 10], [6, 12, 7, 11], [10, 8, 11, 7], [8, 3, 9, 4], [4, 22, 5, 21], [22, 17, 1, 18], [13, 19, 14, 18], [15, 13, 16, 12]]"
11n_33_120,"[[15, 13, 16, 12], [19, 15, 20, 14], [16, 1, 17, 2], [20, 6, 21, 5], [2, 9, 3, 10], [6, 12, 7, 11], [10, 8, 11, 7], [8, 3, 9, 4], [4, 22, 5, 21], [22, 17, 1, 18], [13, 19, 14, 18]]"
11n_33_121,"[[14, 20, 15, 19], [16, 14, 17, 13], [20, 16, 21, 15], [17, 2, 18, 3], [21, 7, 22, 6], [3, 10, 4, 11], [7, 13, 8, 12], [11, 9, 12, 8], [9, 4, 10, 5], [5, 1, 6, 22], [1, 18, 2, 19]]"
11n_33_122,"[[1, 18, 2, 19], [14, 20, 15, 19], [16, 14, 17, 13], [20, 16, 21, 15], [17, 2, 18, 3], [21, 7, 22, 6], [3, 10, 4, 11], [7, 13, 8, 12], [11, 9, 12, 8], [9, 4, 10, 5], [5, 1, 6, 22]]"
11n_33_123,"[[5, 1, 6, 22], [1, 18, 2, 19], [14, 20, 15, 19], [16, 14, 17, 13], [20, 16, 21, 15], [17, 2, 18, 3], [21, 7, 22, 6], [3, 10, 4, 11], [7, 13, 8, 12], [11, 9, 12, 8], [9, 4, 10, 5]]"
11n_33_124,"[[9, 4, 10, 5], [5, 1, 6, 22], [1, 18, 2, 19], [14, 20, 15, 19], [16, 14, 17, 13], [20, 16, 21, 15], [17, 2, 18, 3], [21, 7, 22, 6], [3, 10, 4, 11], [7, 13, 8, 12], [11, 9, 12, 8]]"
11n_33_125,"[[11, 9, 12, 8], [9, 4, 10, 5], [5, 1, 6, 22], [1, 18, 2, 19], [14, 20, 15, 19], [16, 14, 17, 13], [20, 16, 21, 15], [17, 2, 18, 3], [21, 7, 22, 6], [3, 10, 4, 11], [7, 13, 8, 12]]"
11n_33_126,"[[7, 13, 8, 12], [11, 9, 12, 8], [9, 4, 10, 5], [5, 1, 6, 22], [1, 18, 2, 19], [14, 20, 15, 19], [16, 14, 17, 13], [20, 16, 21, 15], [17, 2, 18, 3], [21, 7, 22, 6], [3, 10, 4, 11]]"
11n_33_127,"[[3, 10, 4, 11], [7, 13, 8, 12], [11, 9, 12, 8], [9, 4, 10, 5], [5, 1, 6, 22], [1, 18, 2, 19], [14, 20, 15, 19], [16, 14, 17, 13], [20, 16, 21, 15], [17, 2, 18, 3], [21, 7, 22, 6]]"
11n_33_128,"[[21, 7, 22, 6], [3, 10, 4, 11], [7, 13, 8, 12], [11, 9, 12, 8], [9, 4, 10, 5], [5, 1, 6, 22], [1, 18, 2, 19], [14, 20, 15, 19], [16, 14, 17, 13], [20, 16, 21, 15], [17, 2, 18, 3]]"
11n_33_129,"[[17, 2, 18, 3], [21, 7, 22, 6], [3, 10, 4, 11], [7, 13, 8, 12], [11, 9, 12, 8], [9, 4, 10, 5], [5, 1, 6, 22], [1, 18, 2, 19], [14, 20, 15, 19], [16, 14, 17, 13], [20, 16, 21, 15]]"
11n_33_130,"[[20, 16, 21, 15], [17, 2, 18, 3], [21, 7, 22, 6], [3, 10, 4, 11], [7, 13, 8, 12], [11, 9, 12, 8], [9, 4, 10, 5], [5, 1, 6, 22], [1, 18, 2, 19], [14, 20, 15, 19], [16, 14, 17, 13]]"
11n_33_131,"[[16, 14, 17, 13], [20, 16, 21, 15], [17, 2, 18, 3], [21, 7, 22, 6], [3, 10, 4, 11], [7, 13, 8, 12], [11, 9, 12, 8], [9, 4, 10, 5], [5, 1, 6, 22], [1, 18, 2, 19], [14, 20, 15, 19]]"
11n_33_132,"[[15, 21, 16, 20], [17, 15, 18, 14], [21, 17, 22, 16], [18, 3, 19, 4], [22, 8, 1, 7], [4, 11, 5, 12], [8, 14, 9, 13], [12, 10, 13, 9], [10, 5, 11, 6], [6, 2, 7, 1], [2, 19, 3, 20]]"
11n_33_133,"[[2, 19, 3, 20], [15, 21, 16, 20], [17, 15, 18, 14], [21, 17, 22, 16], [18, 3, 19, 4], [22, 8, 1, 7], [4, 11, 5, 12], [8, 14, 9, 13], [12, 10, 13, 9], [10, 5, 11, 6], [6, 2, 7, 1]]"
11n_33_134,"[[6, 2, 7, 1], [2, 19, 3, 20], [15, 21, 16, 20], [17, 15, 18, 14], [21, 17, 22, 16], [18, 3, 19, 4], [22, 8, 1, 7], [4, 11, 5, 12], [8, 14, 9, 13], [12, 10, 13, 9], [10, 5, 11, 6]]"
11n_33_135,"[[10, 5, 11, 6], [6, 2, 7, 1], [2, 19, 3, 20], [15, 21, 16, 20], [17, 15, 18, 14], [21, 17, 22, 16], [18, 3, 19, 4], [22, 8, 1, 7], [4, 11, 5, 12], [8, 14, 9, 13], [12, 10, 13, 9]]"
11n_33_136,"[[12, 10, 13, 9], [10, 5, 11, 6], [6, 2, 7, 1], [2, 19, 3, 20], [15, 21, 16, 20], [17, 15, 18, 14], [21, 17, 22, 16], [18, 3, 19, 4], [22, 8, 1, 7], [4, 11, 5, 12], [8, 14, 9, 13]]"
11n_33_137,"[[8, 14, 9, 13], [12, 10, 13, 9], [10, 5, 11, 6], [6, 2, 7, 1], [2, 19, 3, 20], [15, 21, 16, 20], [17, 15, 18, 14], [21, 17, 22, 16], [18, 3, 19, 4], [22, 8, 1, 7], [4, 11, 5, 12]]"
11n_33_138,"[[4, 11, 5, 12], [8, 14, 9, 13], [12, 10, 13, 9], [10, 5, 11, 6], [6, 2, 7, 1], [2, 19, 3, 20], [15, 21, 16, 20], [17, 15, 18, 14], [21, 17, 22, 16], [18, 3, 19, 4], [22, 8, 1, 7]]"
11n_33_139,"[[22, 8, 1, 7], [4, 11, 5, 12], [8, 14, 9, 13], [12, 10, 13, 9], [10, 5, 11, 6], [6, 2, 7, 1], [2, 19, 3, 20], [15, 21, 16, 20], [17, 15, 18, 14], [21, 17, 22, 16], [18, 3, 19, 4]]"
11n_33_140,"[[18, 3, 19, 4], [22, 8, 1, 7], [4, 11, 5, 12], [8, 14, 9, 13], [12, 10, 13, 9], [10, 5, 11, 6], [6, 2, 7, 1], [2, 19, 3, 20], [15, 21, 16, 20], [17, 15, 18, 14], [21, 17, 22, 16]]"
11n_33_141,"[[21, 17, 22, 16], [18, 3, 19, 4], [22, 8, 1, 7], [4, 11, 5, 12], [8, 14, 9, 13], [12, 10, 13, 9], [10, 5, 11, 6], [6, 2, 7, 1], [2, 19, 3, 20], [15, 21, 16, 20], [17, 15, 18, 14]]"
11n_33_142,"[[17, 15, 18, 14], [21, 17, 22, 16], [18, 3, 19, 4], [22, 8, 1, 7], [4, 11, 5, 12], [8, 14, 9, 13], [12, 10, 13, 9], [10, 5, 11, 6], [6, 2, 7, 1], [2, 19, 3, 20], [15, 21, 16, 20]]"
11n_33_143,"[[16, 22, 17, 21], [18, 16, 19, 15], [22, 18, 1, 17], [19, 4, 20, 5], [1, 9, 2, 8], [5, 12, 6, 13], [9, 15, 10, 14], [13, 11, 14, 10], [11, 6, 12, 7], [7, 3, 8, 2], [3, 20, 4, 21]]"
11n_33_144,"[[3, 20, 4, 21], [16, 22, 17, 21], [18, 16, 19, 15], [22, 18, 1, 17], [19, 4, 20, 5], [1, 9, 2, 8], [5, 12, 6, 13], [9, 15, 10, 14], [13, 11, 14, 10], [11, 6, 12, 7], [7, 3, 8, 2]]"
11n_33_145,"[[7, 3, 8, 2], [3, 20, 4, 21], [16, 22, 17, 21], [18, 16, 19, 15], [22, 18, 1, 17], [19, 4, 20, 5], [1, 9, 2, 8], [5, 12, 6, 13], [9, 15, 10, 14], [13, 11, 14, 10], [11, 6, 12, 7]]"
11n_33_146,"[[11, 6, 12, 7], [7, 3, 8, 2], [3, 20, 4, 21], [16, 22, 17, 21], [18, 16, 19, 15], [22, 18, 1, 17], [19, 4, 20, 5], [1, 9, 2, 8], [5, 12, 6, 13], [9, 15, 10, 14], [13, 11, 14, 10]]"
11n_33_147,"[[13, 11, 14, 10], [11, 6, 12, 7], [7, 3, 8, 2], [3, 20, 4, 21], [16, 22, 17, 21], [18, 16, 19, 15], [22, 18, 1, 17], [19, 4, 20, 5], [1, 9, 2, 8], [5, 12, 6, 13], [9, 15, 10, 14]]"
11n_33_148,"[[9, 15, 10, 14], [13, 11, 14, 10], [11, 6, 12, 7], [7, 3, 8, 2], [3, 20, 4, 21], [16, 22, 17, 21], [18, 16, 19, 15], [22, 18, 1, 17], [19, 4, 20, 5], [1, 9, 2, 8], [5, 12, 6, 13]]"
11n_33_149,"[[5, 12, 6, 13], [9, 15, 10, 14], [13, 11, 14, 10], [11, 6, 12, 7], [7, 3, 8, 2], [3, 20, 4, 21], [16, 22, 17, 21], [18, 16, 19, 15], [22, 18, 1, 17], [19, 4, 20, 5], [1, 9, 2, 8]]"
11n_33_150,"[[1, 9, 2, 8], [5, 12, 6, 13], [9, 15, 10, 14], [13, 11, 14, 10], [11, 6, 12, 7], [7, 3, 8, 2], [3, 20, 4, 21], [16, 22, 17, 21], [18, 16, 19, 15], [22, 18, 1, 17], [19, 4, 20, 5]]"
11n_33_151,"[[19, 4, 20, 5], [1, 9, 2, 8], [5, 12, 6, 13], [9, 15, 10, 14], [13, 11, 14, 10], [11, 6, 12, 7], [7, 3, 8, 2], [3, 20, 4, 21], [16, 22, 17, 21], [18, 16, 19, 15], [22, 18, 1, 17]]"
11n_33_152,"[[22, 18, 1, 17], [19, 4, 20, 5], [1, 9, 2, 8], [5, 12, 6, 13], [9, 15, 10, 14], [13, 11, 14, 10], [11, 6, 12, 7], [7, 3, 8, 2], [3, 20, 4, 21], [16, 22, 17, 21], [18, 16, 19, 15]]"
11n_33_153,"[[18, 16, 19, 15], [22, 18, 1, 17], [19, 4, 20, 5], [1, 9, 2, 8], [5, 12, 6, 13], [9, 15, 10, 14], [13, 11, 14, 10], [11, 6, 12, 7], [7, 3, 8, 2], [3, 20, 4, 21], [16, 22, 17, 21]]"
11n_33_154,"[[17, 1, 18, 22], [19, 17, 20, 16], [1, 19, 2, 18], [20, 5, 21, 6], [2, 10, 3, 9], [6, 13, 7, 14], [10, 16, 11, 15], [14, 12, 15, 11], [12, 7, 13, 8], [8, 4, 9, 3], [4, 21, 5, 22]]"
11n_33_155,"[[4, 21, 5, 22], [17, 1, 18, 22], [19, 17, 20, 16], [1, 19, 2, 18], [20, 5, 21, 6], [2, 10, 3, 9], [6, 13, 7, 14], [10, 16, 11, 15], [14, 12, 15, 11], [12, 7, 13, 8], [8, 4, 9, 3]]"
11n_33_156,"[[8, 4, 9, 3], [4, 21, 5, 22], [17, 1, 18, 22], [19, 17, 20, 16], [1, 19, 2, 18], [20, 5, 21, 6], [2, 10, 3, 9], [6, 13, 7, 14], [10, 16, 11, 15], [14, 12, 15, 11], [12, 7, 13, 8]]"
11n_33_157,"[[12, 7, 13, 8], [8, 4, 9, 3], [4, 21, 5, 22], [17, 1, 18, 22], [19, 17, 20, 16], [1, 19, 2, 18], [20, 5, 21, 6], [2, 10, 3, 9], [6, 13, 7, 14], [10, 16, 11, 15], [14, 12, 15, 11]]"
11n_33_158,"[[14, 12, 15, 11], [12, 7, 13, 8], [8, 4, 9, 3], [4, 21, 5, 22], [17, 1, 18, 22], [19, 17, 20, 16], [1, 19, 2, 18], [20, 5, 21, 6], [2, 10, 3, 9], [6, 13, 7, 14], [10, 16, 11, 15]]"
11n_33_159,"[[10, 16, 11, 15], [14, 12, 15, 11], [12, 7, 13, 8], [8, 4, 9, 3], [4, 21, 5, 22], [17, 1, 18, 22], [19, 17, 20, 16], [1, 19, 2, 18], [20, 5, 21, 6], [2, 10, 3, 9], [6, 13, 7, 14]]"
11n_33_160,"[[6, 13, 7, 14], [10, 16, 11, 15], [14, 12, 15, 11], [12, 7, 13, 8], [8, 4, 9, 3], [4, 21, 5, 22], [17, 1, 18, 22], [19, 17, 20, 16], [1, 19, 2, 18], [20, 5, 21, 6], [2, 10, 3, 9]]"
11n_33_161,"[[2, 10, 3, 9], [6, 13, 7, 14], [10, 16, 11, 15], [14, 12, 15, 11], [12, 7, 13, 8], [8, 4, 9, 3], [4, 21, 5, 22], [17, 1, 18, 22], [19, 17, 20, 16], [1, 19, 2, 18], [20, 5, 21, 6]]"
11n_33_162,"[[20, 5, 21, 6], [2, 10, 3, 9], [6, 13, 7, 14], [10, 16, 11, 15], [14, 12, 15, 11], [12, 7, 13, 8], [8, 4, 9, 3], [4, 21, 5, 22], [17, 1, 18, 22], [19, 17, 20, 16], [1, 19, 2, 18]]"
11n_33_163,"[[1, 19, 2, 18], [20, 5, 21, 6], [2, 10, 3, 9], [6, 13, 7, 14], [10, 16, 11, 15], [14, 12, 15, 11], [12, 7, 13, 8], [8, 4, 9, 3], [4, 21, 5, 22], [17, 1, 18, 22], [19, 17, 20, 16]]"
11n_33_164,"[[19, 17, 20, 16], [1, 19, 2, 18], [20, 5, 21, 6], [2, 10, 3, 9], [6, 13, 7, 14], [10, 16, 11, 15], [14, 12, 15, 11], [12, 7, 13, 8], [8, 4, 9, 3], [4, 21, 5, 22], [17, 1, 18, 22]]"
11n_33_165,"[[18, 2, 19, 1], [20, 18, 21, 17], [2, 20, 3, 19], [21, 6, 22, 7], [3, 11, 4, 10], [7, 14, 8, 15], [11, 17, 12, 16], [15, 13, 16, 12], [13, 8, 14, 9], [9, 5, 10, 4], [5, 22, 6, 1]]"
11n_33_166,"[[5, 22, 6, 1], [18, 2, 19, 1], [20, 18, 21, 17], [2, 20, 3, 19], [21, 6, 22, 7], [3, 11, 4, 10], [7, 14, 8, 15], [11, 17, 12, 16], [15, 13, 16, 12], [13, 8, 14, 9], [9, 5, 10, 4]]"
11n_33_167,"[[9, 5, 10, 4], [5, 22, 6, 1], [18, 2, 19, 1], [20, 18, 21, 17], [2, 20, 3, 19], [21, 6, 22, 7], [3, 11, 4, 10], [7, 14, 8, 15], [11, 17, 12, 16], [15, 13, 16, 12], [13, 8, 14, 9]]"
11n_33_168,"[[13, 8, 14, 9], [9, 5, 10, 4], [5, 22, 6, 1], [18, 2, 19, 1], [20, 18, 21, 17], [2, 20, 3, 19], [21, 6, 22, 7], [3, 11, 4, 10], [7, 14, 8, 15], [11, 17, 12, 16], [15, 13, 16, 12]]"
11n_33_169,"[[15, 13, 16, 12], [13, 8, 14, 9], [9, 5, 10, 4], [5, 22, 6, 1], [18, 2, 19, 1], [20, 18, 21, 17], [2, 20, 3, 19], [21, 6, 22, 7], [3, 11, 4, 10], [7, 14, 8, 15], [11, 17, 12, 16]]"
11n_33_170,"[[11, 17, 12, 16], [15, 13, 16, 12], [13, 8, 14, 9], [9, 5, 10, 4], [5, 22, 6, 1], [18, 2, 19, 1], [20, 18, 21, 17], [2, 20, 3, 19], [21, 6, 22, 7], [3, 11, 4, 10], [7, 14, 8, 15]]"
11n_33_171,"[[7, 14, 8, 15], [11, 17, 12, 16], [15, 13, 16, 12], [13, 8, 14, 9], [9, 5, 10, 4], [5, 22, 6, 1], [18, 2, 19, 1], [20, 18, 21, 17], [2, 20, 3, 19], [21, 6, 22, 7], [3, 11, 4, 10]]"
11n_33_172,"[[3, 11, 4, 10], [7, 14, 8, 15], [11, 17, 12, 16], [15, 13, 16, 12], [13, 8, 14, 9], [9, 5, 10, 4], [5, 22, 6, 1], [18, 2, 19, 1], [20, 18, 21, 17], [2, 20, 3, 19], [21, 6, 22, 7]]"
11n_33_173,"[[21, 6, 22, 7], [3, 11, 4, 10], [7, 14, 8, 15], [11, 17, 12, 16], [15, 13, 16, 12], [13, 8, 14, 9], [9, 5, 10, 4], [5, 22, 6, 1], [18, 2, 19, 1], [20, 18, 21, 17], [2, 20, 3, 19]]"
11n_33_174,"[[2, 20, 3, 19], [21, 6, 22, 7], [3, 11, 4, 10], [7, 14, 8, 15], [11, 17, 12, 16], [15, 13, 16, 12], [13, 8, 14, 9], [9, 5, 10, 4], [5, 22, 6, 1], [18, 2, 19, 1], [20, 18, 21, 17]]"
11n_33_175,"[[20, 18, 21, 17], [2, 20, 3, 19], [21, 6, 22, 7], [3, 11, 4, 10], [7, 14, 8, 15], [11, 17, 12, 16], [15, 13, 16, 12], [13, 8, 14, 9], [9, 5, 10, 4], [5, 22, 6, 1], [18, 2, 19, 1]]"
11n_33_176,"[[19, 3, 20, 2], [21, 19, 22, 18], [3, 21, 4, 20], [22, 7, 1, 8], [4, 12, 5, 11], [8, 15, 9, 16], [12, 18, 13, 17], [16, 14, 17, 13], [14, 9, 15, 10], [10, 6, 11, 5], [6, 1, 7, 2]]"
11n_33_177,"[[6, 1, 7, 2], [19, 3, 20, 2], [21, 19, 22, 18], [3, 21, 4, 20], [22, 7, 1, 8], [4, 12, 5, 11], [8, 15, 9, 16], [12, 18, 13, 17], [16, 14, 17, 13], [14, 9, 15, 10], [10, 6, 11, 5]]"
11n_33_178,"[[10, 6, 11, 5], [6, 1, 7, 2], [19, 3, 20, 2], [21, 19, 22, 18], [3, 21, 4, 20], [22, 7, 1, 8], [4, 12, 5, 11], [8, 15, 9, 16], [12, 18, 13, 17], [16, 14, 17, 13], [14, 9, 15, 10]]"
11n_33_179,"[[14, 9, 15, 10], [10, 6, 11, 5], [6, 1, 7, 2], [19, 3, 20, 2], [21, 19, 22, 18], [3, 21, 4, 20], [22, 7, 1, 8], [4, 12, 5, 11], [8, 15, 9, 16], [12, 18, 13, 17], [16, 14, 17, 13]]"
11n_33_180,"[[16, 14, 17, 13], [14, 9, 15, 10], [10, 6, 11, 5], [6, 1, 7, 2], [19, 3, 20, 2], [21, 19, 22, 18], [3, 21, 4, 20], [22, 7, 1, 8], [4, 12, 5, 11], [8, 15, 9, 16], [12, 18, 13, 17]]"
11n_33_181,"[[12, 18, 13, 17], [16, 14, 17, 13], [14, 9, 15, 10], [10, 6, 11, 5], [6, 1, 7, 2], [19, 3, 20, 2], [21, 19, 22, 18], [3, 21, 4, 20], [22, 7, 1, 8], [4, 12, 5, 11], [8, 15, 9, 16]]"
11n_33_182,"[[8, 15, 9, 16], [12, 18, 13, 17], [16, 14, 17, 13], [14, 9, 15, 10], [10, 6, 11, 5], [6, 1, 7, 2], [19, 3, 20, 2], [21, 19, 22, 18], [3, 21, 4, 20], [22, 7, 1, 8], [4, 12, 5, 11]]"
11n_33_183,"[[4, 12, 5, 11], [8, 15, 9, 16], [12, 18, 13, 17], [16, 14, 17, 13], [14, 9, 15, 10], [10, 6, 11, 5], [6, 1, 7, 2], [19, 3, 20, 2], [21, 19, 22, 18], [3, 21, 4, 20], [22, 7, 1, 8]]"
11n_33_184,"[[22, 7, 1, 8], [4, 12, 5, 11], [8, 15, 9, 16], [12, 18, 13, 17], [16, 14, 17, 13], [14, 9, 15, 10], [10, 6, 11, 5], [6, 1, 7, 2], [19, 3, 20, 2], [21, 19, 22, 18], [3, 21, 4, 20]]"
11n_33_185,"[[3, 21, 4, 20], [22, 7, 1, 8], [4, 12, 5, 11], [8, 15, 9, 16], [12, 18, 13, 17], [16, 14, 17, 13], [14, 9, 15, 10], [10, 6, 11, 5], [6, 1, 7, 2], [19, 3, 20, 2], [21, 19, 22, 18]]"
11n_33_186,"[[21, 19, 22, 18], [3, 21, 4, 20], [22, 7, 1, 8], [4, 12, 5, 11], [8, 15, 9, 16], [12, 18, 13, 17], [16, 14, 17, 13], [14, 9, 15, 10], [10, 6, 11, 5], [6, 1, 7, 2], [19, 3, 20, 2]]"
11n_33_187,"[[20, 4, 21, 3], [22, 20, 1, 19], [4, 22, 5, 21], [1, 8, 2, 9], [5, 13, 6, 12], [9, 16, 10, 17], [13, 19, 14, 18], [17, 15, 18, 14], [15, 10, 16, 11], [11, 7, 12, 6], [7, 2, 8, 3]]"
11n_33_188,"[[7, 2, 8, 3], [20, 4, 21, 3], [22, 20, 1, 19], [4, 22, 5, 21], [1, 8, 2, 9], [5, 13, 6, 12], [9, 16, 10, 17], [13, 19, 14, 18], [17, 15, 18, 14], [15, 10, 16, 11], [11, 7, 12, 6]]"
11n_33_189,"[[11, 7, 12, 6], [7, 2, 8, 3], [20, 4, 21, 3], [22, 20, 1, 19], [4, 22, 5, 21], [1, 8, 2, 9], [5, 13, 6, 12], [9, 16, 10, 17], [13, 19, 14, 18], [17, 15, 18, 14], [15, 10, 16, 11]]"
11n_33_190,"[[15, 10, 16, 11], [11, 7, 12, 6], [7, 2, 8, 3], [20, 4, 21, 3], [22, 20, 1, 19], [4, 22, 5, 21], [1, 8, 2, 9], [5, 13, 6, 12], [9, 16, 10, 17], [13, 19, 14, 18], [17, 15, 18, 14]]"
11n_33_191,"[[17, 15, 18, 14], [15, 10, 16, 11], [11, 7, 12, 6], [7, 2, 8, 3], [20, 4, 21, 3], [22, 20, 1, 19], [4, 22, 5, 21], [1, 8, 2, 9], [5, 13, 6, 12], [9, 16, 10, 17], [13, 19, 14, 18]]"
11n_33_192,"[[13, 19, 14, 18], [17, 15, 18, 14], [15, 10, 16, 11], [11, 7, 12, 6], [7, 2, 8, 3], [20, 4, 21, 3], [22, 20, 1, 19], [4, 22, 5, 21], [1, 8, 2, 9], [5, 13, 6, 12], [9, 16, 10, 17]]"
11n_33_193,"[[9, 16, 10, 17], [13, 19, 14, 18], [17, 15, 18, 14], [15, 10, 16, 11], [11, 7, 12, 6], [7, 2, 8, 3], [20, 4, 21, 3], [22, 20, 1, 19], [4, 22, 5, 21], [1, 8, 2, 9], [5, 13, 6, 12]]"
11n_33_194,"[[5, 13, 6, 12], [9, 16, 10, 17], [13, 19, 14, 18], [17, 15, 18, 14], [15, 10, 16, 11], [11, 7, 12, 6], [7, 2, 8, 3], [20, 4, 21, 3], [22, 20, 1, 19], [4, 22, 5, 21], [1, 8, 2, 9]]"
11n_33_195,"[[1, 8, 2, 9], [5, 13, 6, 12], [9, 16, 10, 17], [13, 19, 14, 18], [17, 15, 18, 14], [15, 10, 16, 11], [11, 7, 12, 6], [7, 2, 8, 3], [20, 4, 21, 3], [22, 20, 1, 19], [4, 22, 5, 21]]"
11n_33_196,"[[4, 22, 5, 21], [1, 8, 2, 9], [5, 13, 6, 12], [9, 16, 10, 17], [13, 19, 14, 18], [17, 15, 18, 14], [15, 10, 16, 11], [11, 7, 12, 6], [7, 2, 8, 3], [20, 4, 21, 3], [22, 20, 1, 19]]"
11n_33_197,"[[22, 20, 1, 19], [4, 22, 5, 21], [1, 8, 2, 9], [5, 13, 6, 12], [9, 16, 10, 17], [13, 19, 14, 18], [17, 15, 18, 14], [15, 10, 16, 11], [11, 7, 12, 6], [7, 2, 8, 3], [20, 4, 21, 3]]"
11n_33_198,"[[21, 5, 22, 4], [1, 21, 2, 20], [5, 1, 6, 22], [2, 9, 3, 10], [6, 14, 7, 13], [10, 17, 11, 18], [14, 20, 15, 19], [18, 16, 19, 15], [16, 11, 17, 12], [12, 8, 13, 7], [8, 3, 9, 4]]"
11n_33_199,"[[8, 3, 9, 4], [21, 5, 22, 4], [1, 21, 2, 20], [5, 1, 6, 22], [2, 9, 3, 10], [6, 14, 7, 13], [10, 17, 11, 18], [14, 20, 15, 19], [18, 16, 19, 15], [16, 11, 17, 12], [12, 8, 13, 7]]"
11n_33_200,"[[12, 8, 13, 7], [8, 3, 9, 4], [21, 5, 22, 4], [1, 21, 2, 20], [5, 1, 6, 22], [2, 9, 3, 10], [6, 14, 7, 13], [10, 17, 11, 18], [14, 20, 15, 19], [18, 16, 19, 15], [16, 11, 17, 12]]"
11n_33_201,"[[16, 11, 17, 12], [12, 8, 13, 7], [8, 3, 9, 4], [21, 5, 22, 4], [1, 21, 2, 20], [5, 1, 6, 22], [2, 9, 3, 10], [6, 14, 7, 13], [10, 17, 11, 18], [14, 20, 15, 19], [18, 16, 19, 15]]"
11n_33_202,"[[18, 16, 19, 15], [16, 11, 17, 12], [12, 8, 13, 7], [8, 3, 9, 4], [21, 5, 22, 4], [1, 21, 2, 20], [5, 1, 6, 22], [2, 9, 3, 10], [6, 14, 7, 13], [10, 17, 11, 18], [14, 20, 15, 19]]"
11n_33_203,"[[14, 20, 15, 19], [18, 16, 19, 15], [16, 11, 17, 12], [12, 8, 13, 7], [8, 3, 9, 4], [21, 5, 22, 4], [1, 21, 2, 20], [5, 1, 6, 22], [2, 9, 3, 10], [6, 14, 7, 13], [10, 17, 11, 18]]"
11n_33_204,"[[10, 17, 11, 18], [14, 20, 15, 19], [18, 16, 19, 15], [16, 11, 17, 12], [12, 8, 13, 7], [8, 3, 9, 4], [21, 5, 22, 4], [1, 21, 2, 20], [5, 1, 6, 22], [2, 9, 3, 10], [6, 14, 7, 13]]"
