name,pd_notation
11n_50_0,"[[16, 7, 17, 8], [5, 3, 6, 2], [6, 13, 7, 14], [9, 4, 10, 5], [3, 10, 4, 11], [12, 17, 13, 18], [18, 11, 19, 12], [8, 19, 9, 20], [20, 2, 21, 1], [14, 22, 15, 21], [22, 16, 1, 15]]"
11n_50_1,"[[22, 16, 1, 15], [16, 7, 17, 8], [5, 3, 6, 2], [6, 13, 7, 14], [9, 4, 10, 5], [3, 10, 4, 11], [12, 17, 13, 18], [18, 11, 19, 12], [8, 19, 9, 20], [20, 2, 21, 1], [14, 22, 15, 21]]"
11n_50_2,"[[14, 22, 15, 21], [22, 16, 1, 15], [16, 7, 17, 8], [5, 3, 6, 2], [6, 13, 7, 14], [9, 4, 10, 5], [3, 10, 4, 11], [12, 17, 13, 18], [18, 11, 19, 12], [8, 19, 9, 20], [20, 2, 21, 1]]"
11n_50_3,"[[20, 2, 21, 1], [14, 22, 15, 21], [22, 16, 1, 15], [16, 7, 17, 8], [5, 3, 6, 2], [6, 13, 7, 14], [9, 4, 10, 5], [3, 10, 4, 11], [12, 17, 13, 18], [18, 11, 19, 12], [8, 19, 9, 20]]"
11n_50_4,"[[8, 19, 9, 20], [20, 2, 21, 1], [14, 22, 15, 21], [22, 16, 1, 15], [16, 7, 17, 8], [5, 3, 6, 2], [6, 13, 7, 14], [9, 4, 10, 5], [3, 10, 4, 11], [12, 17, 13, 18], [18, 11, 19, 12]]"
11n_50_5,"[[18, 11, 19, 12], [8, 19, 9, 20], [20, 2, 21, 1], [14, 22, 15, 21], [22, 16, 1, 15], [16, 7, 17, 8], [5, 3, 6, 2], [6, 13, 7, 14], [9, 4, 10, 5], [3, 10, 4, 11], [12, 17, 13, 18]]"
11n_50_6,"[[12, 17, 13, 18], [18, 11, 19, 12], [8, 19, 9, 20], [20, 2, 21, 1], [14, 22, 15, 21], [22, 16, 1, 15], [16, 7, 17, 8], [5, 3, 6, 2], [6, 13, 7, 14], [9, 4, 10, 5], [3, 10, 4, 11]]"
11n_50_7,"[[3, 10, 4, 11], [12, 17, 13, 18], [18, 11, 19, 12], [8, 19, 9, 20], [20, 2, 21, 1], [14, 22, 15, 21], [22, 16, 1, 15], [16, 7, 17, 8], [5, 3, 6, 2], [6, 13, 7, 14], [9, 4, 10, 5]]"
11n_50_8,"[[9, 4, 10, 5], [3, 10, 4, 11], [12, 17, 13, 18], [18, 11, 19, 12], [8, 19, 9, 20], [20, 2, 21, 1], [14, 22, 15, 21], [22, 16, 1, 15], [16, 7, 17, 8], [5, 3, 6, 2], [6, 13, 7, 14]]"
11n_50_9,"[[6, 13, 7, 14], [9, 4, 10, 5], [3, 10, 4, 11], [12, 17, 13, 18], [18, 11, 19, 12], [8, 19, 9, 20], [20, 2, 21, 1], [14, 22, 15, 21], [22, 16, 1, 15], [16, 7, 17, 8], [5, 3, 6, 2]]"
11n_50_10,"[[5, 3, 6, 2], [6, 13, 7, 14], [9, 4, 10, 5], [3, 10, 4, 11], [12, 17, 13, 18], [18, 11, 19, 12], [8, 19, 9, 20], [20, 2, 21, 1], [14, 22, 15, 21], [22, 16, 1, 15], [16, 7, 17, 8]]"
11n_50_11,"[[17, 8, 18, 9], [6, 4, 7, 3], [7, 14, 8, 15], [10, 5, 11, 6], [4, 11, 5, 12], [13, 18, 14, 19], [19, 12, 20, 13], [9, 20, 10, 21], [21, 3, 22, 2], [15, 1, 16, 22], [1, 17, 2, 16]]"
11n_50_12,"[[1, 17, 2, 16], [17, 8, 18, 9], [6, 4, 7, 3], [7, 14, 8, 15], [10, 5, 11, 6], [4, 11, 5, 12], [13, 18, 14, 19], [19, 12, 20, 13], [9, 20, 10, 21], [21, 3, 22, 2], [15, 1, 16, 22]]"
11n_50_13,"[[15, 1, 16, 22], [1, 17, 2, 16], [17, 8, 18, 9], [6, 4, 7, 3], [7, 14, 8, 15], [10, 5, 11, 6], [4, 11, 5, 12], [13, 18, 14, 19], [19, 12, 20, 13], [9, 20, 10, 21], [21, 3, 22, 2]]"
11n_50_14,"[[21, 3, 22, 2], [15, 1, 16, 22], [1, 17, 2, 16], [17, 8, 18, 9], [6, 4, 7, 3], [7, 14, 8, 15], [10, 5, 11, 6], [4, 11, 5, 12], [13, 18, 14, 19], [19, 12, 20, 13], [9, 20, 10, 21]]"
11n_50_15,"[[9, 20, 10, 21], [21, 3, 22, 2], [15, 1, 16, 22], [1, 17, 2, 16], [17, 8, 18, 9], [6, 4, 7, 3], [7, 14, 8, 15], [10, 5, 11, 6], [4, 11, 5, 12], [13, 18, 14, 19], [19, 12, 20, 13]]"
11n_50_16,"[[19, 12, 20, 13], [9, 20, 10, 21], [21, 3, 22, 2], [15, 1, 16, 22], [1, 17, 2, 16], [17, 8, 18, 9], [6, 4, 7, 3], [7, 14, 8, 15], [10, 5, 11, 6], [4, 11, 5, 12], [13, 18, 14, 19]]"
11n_50_17,"[[13, 18, 14, 19], [19, 12, 20, 13], [9, 20, 10, 21], [21, 3, 22, 2], [15, 1, 16, 22], [1, 17, 2, 16], [17, 8, 18, 9], [6, 4, 7, 3], [7, 14, 8, 15], [10, 5, 11, 6], [4, 11, 5, 12]]"
11n_50_18,"[[4, 11, 5, 12], [13, 18, 14, 19], [19, 12, 20, 13], [9, 20, 10, 21], [21, 3, 22, 2], [15, 1, 16, 22], [1, 17, 2, 16], [17, 8, 18, 9], [6, 4, 7, 3], [7, 14, 8, 15], [10, 5, 11, 6]]"
11n_50_19,"[[10, 5, 11, 6], [4, 11, 5, 12], [13, 18, 14, 19], [19, 12, 20, 13], [9, 20, 10, 21], [21, 3, 22, 2], [15, 1, 16, 22], [1, 17, 2, 16], [17, 8, 18, 9], [6, 4, 7, 3], [7, 14, 8, 15]]"
11n_50_20,"[[7, 14, 8, 15], [10, 5, 11, 6], [4, 11, 5, 12], [13, 18, 14, 19], [19, 12, 20, 13], [9, 20, 10, 21], [21, 3, 22, 2], [15, 1, 16, 22], [1, 17, 2, 16], [17, 8, 18, 9], [6, 4, 7, 3]]"
11n_50_21,"[[6, 4, 7, 3], [7, 14, 8, 15], [10, 5, 11, 6], [4, 11, 5, 12], [13, 18, 14, 19], [19, 12, 20, 13], [9, 20, 10, 21], [21, 3, 22, 2], [15, 1, 16, 22], [1, 17, 2, 16], [17, 8, 18, 9]]"
11n_50_22,"[[18, 9, 19, 10], [7, 5, 8, 4], [8, 15, 9, 16], [11, 6, 12, 7], [5, 12, 6, 13], [14, 19, 15, 20], [20, 13, 21, 14], [10, 21, 11, 22], [22, 4, 1, 3], [16, 2, 17, 1], [2, 18, 3, 17]]"
11n_50_23,"[[2, 18, 3, 17], [18, 9, 19, 10], [7, 5, 8, 4], [8, 15, 9, 16], [11, 6, 12, 7], [5, 12, 6, 13], [14, 19, 15, 20], [20, 13, 21, 14], [10, 21, 11, 22], [22, 4, 1, 3], [16, 2, 17, 1]]"
11n_50_24,"[[16, 2, 17, 1], [2, 18, 3, 17], [18, 9, 19, 10], [7, 5, 8, 4], [8, 15, 9, 16], [11, 6, 12, 7], [5, 12, 6, 13], [14, 19, 15, 20], [20, 13, 21, 14], [10, 21, 11, 22], [22, 4, 1, 3]]"
11n_50_25,"[[22, 4, 1, 3], [16, 2, 17, 1], [2, 18, 3, 17], [18, 9, 19, 10], [7, 5, 8, 4], [8, 15, 9, 16], [11, 6, 12, 7], [5, 12, 6, 13], [14, 19, 15, 20], [20, 13, 21, 14], [10, 21, 11, 22]]"
11n_50_26,"[[10, 21, 11, 22], [22, 4, 1, 3], [16, 2, 17, 1], [2, 18, 3, 17], [18, 9, 19, 10], [7, 5, 8, 4], [8, 15, 9, 16], [11, 6, 12, 7], [5, 12, 6, 13], [14, 19, 15, 20], [20, 13, 21, 14]]"
11n_50_27,"[[20, 13, 21, 14], [10, 21, 11, 22], [22, 4, 1, 3], [16, 2, 17, 1], [2, 18, 3, 17], [18, 9, 19, 10], [7, 5, 8, 4], [8, 15, 9, 16], [11, 6, 12, 7], [5, 12, 6, 13], [14, 19, 15, 20]]"
11n_50_28,"[[14, 19, 15, 20], [20, 13, 21, 14], [10, 21, 11, 22], [22, 4, 1, 3], [16, 2, 17, 1], [2, 18, 3, 17], [18, 9, 19, 10], [7, 5, 8, 4], [8, 15, 9, 16], [11, 6, 12, 7], [5, 12, 6, 13]]"
11n_50_29,"[[5, 12, 6, 13], [14, 19, 15, 20], [20, 13, 21, 14], [10, 21, 11, 22], [22, 4, 1, 3], [16, 2, 17, 1], [2, 18, 3, 17], [18, 9, 19, 10], [7, 5, 8, 4], [8, 15, 9, 16], [11, 6, 12, 7]]"
11n_50_30,"[[11, 6, 12, 7], [5, 12, 6, 13], [14, 19, 15, 20], [20, 13, 21, 14], [10, 21, 11, 22], [22, 4, 1, 3], [16, 2, 17, 1], [2, 18, 3, 17], [18, 9, 19, 10], [7, 5, 8, 4], [8, 15, 9, 16]]"
11n_50_31,"[[8, 15, 9, 16], [11, 6, 12, 7], [5, 12, 6, 13], [14, 19, 15, 20], [20, 13, 21, 14], [10, 21, 11, 22], [22, 4, 1, 3], [16, 2, 17, 1], [2, 18, 3, 17], [18, 9, 19, 10], [7, 5, 8, 4]]"
11n_50_32,"[[7, 5, 8, 4], [8, 15, 9, 16], [11, 6, 12, 7], [5, 12, 6, 13], [14, 19, 15, 20], [20, 13, 21, 14], [10, 21, 11, 22], [22, 4, 1, 3], [16, 2, 17, 1], [2, 18, 3, 17], [18, 9, 19, 10]]"
11n_50_33,"[[19, 10, 20, 11], [8, 6, 9, 5], [9, 16, 10, 17], [12, 7, 13, 8], [6, 13, 7, 14], [15, 20, 16, 21], [21, 14, 22, 15], [11, 22, 12, 1], [1, 5, 2, 4], [17, 3, 18, 2], [3, 19, 4, 18]]"
11n_50_34,"[[3, 19, 4, 18], [19, 10, 20, 11], [8, 6, 9, 5], [9, 16, 10, 17], [12, 7, 13, 8], [6, 13, 7, 14], [15, 20, 16, 21], [21, 14, 22, 15], [11, 22, 12, 1], [1, 5, 2, 4], [17, 3, 18, 2]]"
11n_50_35,"[[17, 3, 18, 2], [3, 19, 4, 18], [19, 10, 20, 11], [8, 6, 9, 5], [9, 16, 10, 17], [12, 7, 13, 8], [6, 13, 7, 14], [15, 20, 16, 21], [21, 14, 22, 15], [11, 22, 12, 1], [1, 5, 2, 4]]"
11n_50_36,"[[1, 5, 2, 4], [17, 3, 18, 2], [3, 19, 4, 18], [19, 10, 20, 11], [8, 6, 9, 5], [9, 16, 10, 17], [12, 7, 13, 8], [6, 13, 7, 14], [15, 20, 16, 21], [21, 14, 22, 15], [11, 22, 12, 1]]"
11n_50_37,"[[11, 22, 12, 1], [1, 5, 2, 4], [17, 3, 18, 2], [3, 19, 4, 18], [19, 10, 20, 11], [8, 6, 9, 5], [9, 16, 10, 17], [12, 7, 13, 8], [6, 13, 7, 14], [15, 20, 16, 21], [21, 14, 22, 15]]"
11n_50_38,"[[21, 14, 22, 15], [11, 22, 12, 1], [1, 5, 2, 4], [17, 3, 18, 2], [3, 19, 4, 18], [19, 10, 20, 11], [8, 6, 9, 5], [9, 16, 10, 17], [12, 7, 13, 8], [6, 13, 7, 14], [15, 20, 16, 21]]"
11n_50_39,"[[15, 20, 16, 21], [21, 14, 22, 15], [11, 22, 12, 1], [1, 5, 2, 4], [17, 3, 18, 2], [3, 19, 4, 18], [19, 10, 20, 11], [8, 6, 9, 5], [9, 16, 10, 17], [12, 7, 13, 8], [6, 13, 7, 14]]"
11n_50_40,"[[6, 13, 7, 14], [15, 20, 16, 21], [21, 14, 22, 15], [11, 22, 12, 1], [1, 5, 2, 4], [17, 3, 18, 2], [3, 19, 4, 18], [19, 10, 20, 11], [8, 6, 9, 5], [9, 16, 10, 17], [12, 7, 13, 8]]"
11n_50_41,"[[12, 7, 13, 8], [6, 13, 7, 14], [15, 20, 16, 21], [21, 14, 22, 15], [11, 22, 12, 1], [1, 5, 2, 4], [17, 3, 18, 2], [3, 19, 4, 18], [19, 10, 20, 11], [8, 6, 9, 5], [9, 16, 10, 17]]"
11n_50_42,"[[9, 16, 10, 17], [12, 7, 13, 8], [6, 13, 7, 14], [15, 20, 16, 21], [21, 14, 22, 15], [11, 22, 12, 1], [1, 5, 2, 4], [17, 3, 18, 2], [3, 19, 4, 18], [19, 10, 20, 11], [8, 6, 9, 5]]"
11n_50_43,"[[8, 6, 9, 5], [9, 16, 10, 17], [12, 7, 13, 8], [6, 13, 7, 14], [15, 20, 16, 21], [21, 14, 22, 15], [11, 22, 12, 1], [1, 5, 2, 4], [17, 3, 18, 2], [3, 19, 4, 18], [19, 10, 20, 11]]"
11n_50_44,"[[20, 11, 21, 12], [9, 7, 10, 6], [10, 17, 11, 18], [13, 8, 14, 9], [7, 14, 8, 15], [16, 21, 17, 22], [22, 15, 1, 16], [12, 1, 13, 2], [2, 6, 3, 5], [18, 4, 19, 3], [4, 20, 5, 19]]"
11n_50_45,"[[4, 20, 5, 19], [20, 11, 21, 12], [9, 7, 10, 6], [10, 17, 11, 18], [13, 8, 14, 9], [7, 14, 8, 15], [16, 21, 17, 22], [22, 15, 1, 16], [12, 1, 13, 2], [2, 6, 3, 5], [18, 4, 19, 3]]"
11n_50_46,"[[18, 4, 19, 3], [4, 20, 5, 19], [20, 11, 21, 12], [9, 7, 10, 6], [10, 17, 11, 18], [13, 8, 14, 9], [7, 14, 8, 15], [16, 21, 17, 22], [22, 15, 1, 16], [12, 1, 13, 2], [2, 6, 3, 5]]"
11n_50_47,"[[2, 6, 3, 5], [18, 4, 19, 3], [4, 20, 5, 19], [20, 11, 21, 12], [9, 7, 10, 6], [10, 17, 11, 18], [13, 8, 14, 9], [7, 14, 8, 15], [16, 21, 17, 22], [22, 15, 1, 16], [12, 1, 13, 2]]"
11n_50_48,"[[12, 1, 13, 2], [2, 6, 3, 5], [18, 4, 19, 3], [4, 20, 5, 19], [20, 11, 21, 12], [9, 7, 10, 6], [10, 17, 11, 18], [13, 8, 14, 9], [7, 14, 8, 15], [16, 21, 17, 22], [22, 15, 1, 16]]"
11n_50_49,"[[22, 15, 1, 16], [12, 1, 13, 2], [2, 6, 3, 5], [18, 4, 19, 3], [4, 20, 5, 19], [20, 11, 21, 12], [9, 7, 10, 6], [10, 17, 11, 18], [13, 8, 14, 9], [7, 14, 8, 15], [16, 21, 17, 22]]"
11n_50_50,"[[16, 21, 17, 22], [22, 15, 1, 16], [12, 1, 13, 2], [2, 6, 3, 5], [18, 4, 19, 3], [4, 20, 5, 19], [20, 11, 21, 12], [9, 7, 10, 6], [10, 17, 11, 18], [13, 8, 14, 9], [7, 14, 8, 15]]"
11n_50_51,"[[7, 14, 8, 15], [16, 21, 17, 22], [22, 15, 1, 16], [12, 1, 13, 2], [2, 6, 3, 5], [18, 4, 19, 3], [4, 20, 5, 19], [20, 11, 21, 12], [9, 7, 10, 6], [10, 17, 11, 18], [13, 8, 14, 9]]"
11n_50_52,"[[13, 8, 14, 9], [7, 14, 8, 15], [16, 21, 17, 22], [22, 15, 1, 16], [12, 1, 13, 2], [2, 6, 3, 5], [18, 4, 19, 3], [4, 20, 5, 19], [20, 11, 21, 12], [9, 7, 10, 6], [10, 17, 11, 18]]"
11n_50_53,"[[10, 17, 11, 18], [13, 8, 14, 9], [7, 14, 8, 15], [16, 21, 17, 22], [22, 15, 1, 16], [12, 1, 13, 2], [2, 6, 3, 5], [18, 4, 19, 3], [4, 20, 5, 19], [20, 11, 21, 12], [9, 7, 10, 6]]"
11n_50_54,"[[9, 7, 10, 6], [10, 17, 11, 18], [13, 8, 14, 9], [7, 14, 8, 15], [16, 21, 17, 22], [22, 15, 1, 16], [12, 1, 13, 2], [2, 6, 3, 5], [18, 4, 19, 3], [4, 20, 5, 19], [20, 11, 21, 12]]"
11n_50_55,"[[21, 12, 22, 13], [10, 8, 11, 7], [11, 18, 12, 19], [14, 9, 15, 10], [8, 15, 9, 16], [17, 22, 18, 1], [1, 16, 2, 17], [13, 2, 14, 3], [3, 7, 4, 6], [19, 5, 20, 4], [5, 21, 6, 20]]"
11n_50_56,"[[5, 21, 6, 20], [21, 12, 22, 13], [10, 8, 11, 7], [11, 18, 12, 19], [14, 9, 15, 10], [8, 15, 9, 16], [17, 22, 18, 1], [1, 16, 2, 17], [13, 2, 14, 3], [3, 7, 4, 6], [19, 5, 20, 4]]"
11n_50_57,"[[19, 5, 20, 4], [5, 21, 6, 20], [21, 12, 22, 13], [10, 8, 11, 7], [11, 18, 12, 19], [14, 9, 15, 10], [8, 15, 9, 16], [17, 22, 18, 1], [1, 16, 2, 17], [13, 2, 14, 3], [3, 7, 4, 6]]"
11n_50_58,"[[3, 7, 4, 6], [19, 5, 20, 4], [5, 21, 6, 20], [21, 12, 22, 13], [10, 8, 11, 7], [11, 18, 12, 19], [14, 9, 15, 10], [8, 15, 9, 16], [17, 22, 18, 1], [1, 16, 2, 17], [13, 2, 14, 3]]"
11n_50_59,"[[13, 2, 14, 3], [3, 7, 4, 6], [19, 5, 20, 4], [5, 21, 6, 20], [21, 12, 22, 13], [10, 8, 11, 7], [11, 18, 12, 19], [14, 9, 15, 10], [8, 15, 9, 16], [17, 22, 18, 1], [1, 16, 2, 17]]"
11n_50_60,"[[1, 16, 2, 17], [13, 2, 14, 3], [3, 7, 4, 6], [19, 5, 20, 4], [5, 21, 6, 20], [21, 12, 22, 13], [10, 8, 11, 7], [11, 18, 12, 19], [14, 9, 15, 10], [8, 15, 9, 16], [17, 22, 18, 1]]"
11n_50_61,"[[17, 22, 18, 1], [1, 16, 2, 17], [13, 2, 14, 3], [3, 7, 4, 6], [19, 5, 20, 4], [5, 21, 6, 20], [21, 12, 22, 13], [10, 8, 11, 7], [11, 18, 12, 19], [14, 9, 15, 10], [8, 15, 9, 16]]"
11n_50_62,"[[8, 15, 9, 16], [17, 22, 18, 1], [1, 16, 2, 17], [13, 2, 14, 3], [3, 7, 4, 6], [19, 5, 20, 4], [5, 21, 6, 20], [21, 12, 22, 13], [10, 8, 11, 7], [11, 18, 12, 19], [14, 9, 15, 10]]"
11n_50_63,"[[14, 9, 15, 10], [8, 15, 9, 16], [17, 22, 18, 1], [1, 16, 2, 17], [13, 2, 14, 3], [3, 7, 4, 6], [19, 5, 20, 4], [5, 21, 6, 20], [21, 12, 22, 13], [10, 8, 11, 7], [11, 18, 12, 19]]"
11n_50_64,"[[11, 18, 12, 19], [14, 9, 15, 10], [8, 15, 9, 16], [17, 22, 18, 1], [1, 16, 2, 17], [13, 2, 14, 3], [3, 7, 4, 6], [19, 5, 20, 4], [5, 21, 6, 20], [21, 12, 22, 13], [10, 8, 11, 7]]"
11n_50_65,"[[10, 8, 11, 7], [11, 18, 12, 19], [14, 9, 15, 10], [8, 15, 9, 16], [17, 22, 18, 1], [1, 16, 2, 17], [13, 2, 14, 3], [3, 7, 4, 6], [19, 5, 20, 4], [5, 21, 6, 20], [21, 12, 22, 13]]"
11n_50_66,"[[22, 13, 1, 14], [11, 9, 12, 8], [12, 19, 13, 20], [15, 10, 16, 11], [9, 16, 10, 17], [18, 1, 19, 2], [2, 17, 3, 18], [14, 3, 15, 4], [4, 8, 5, 7], [20, 6, 21, 5], [6, 22, 7, 21]]"
11n_50_67,"[[6, 22, 7, 21], [22, 13, 1, 14], [11, 9, 12, 8], [12, 19, 13, 20], [15, 10, 16, 11], [9, 16, 10, 17], [18, 1, 19, 2], [2, 17, 3, 18], [14, 3, 15, 4], [4, 8, 5, 7], [20, 6, 21, 5]]"
11n_50_68,"[[20, 6, 21, 5], [6, 22, 7, 21], [22, 13, 1, 14], [11, 9, 12, 8], [12, 19, 13, 20], [15, 10, 16, 11], [9, 16, 10, 17], [18, 1, 19, 2], [2, 17, 3, 18], [14, 3, 15, 4], [4, 8, 5, 7]]"
11n_50_69,"[[4, 8, 5, 7], [20, 6, 21, 5], [6, 22, 7, 21], [22, 13, 1, 14], [11, 9, 12, 8], [12, 19, 13, 20], [15, 10, 16, 11], [9, 16, 10, 17], [18, 1, 19, 2], [2, 17, 3, 18], [14, 3, 15, 4]]"
11n_50_70,"[[14, 3, 15, 4], [4, 8, 5, 7], [20, 6, 21, 5], [6, 22, 7, 21], [22, 13, 1, 14], [11, 9, 12, 8], [12, 19, 13, 20], [15, 10, 16, 11], [9, 16, 10, 17], [18, 1, 19, 2], [2, 17, 3, 18]]"
11n_50_71,"[[2, 17, 3, 18], [14, 3, 15, 4], [4, 8, 5, 7], [20, 6, 21, 5], [6, 22, 7, 21], [22, 13, 1, 14], [11, 9, 12, 8], [12, 19, 13, 20], [15, 10, 16, 11], [9, 16, 10, 17], [18, 1, 19, 2]]"
11n_50_72,"[[18, 1, 19, 2], [2, 17, 3, 18], [14, 3, 15, 4], [4, 8, 5, 7], [20, 6, 21, 5], [6, 22, 7, 21], [22, 13, 1, 14], [11, 9, 12, 8], [12, 19, 13, 20], [15, 10, 16, 11], [9, 16, 10, 17]]"
11n_50_73,"[[9, 16, 10, 17], [18, 1, 19, 2], [2, 17, 3, 18], [14, 3, 15, 4], [4, 8, 5, 7], [20, 6, 21, 5], [6, 22, 7, 21], [22, 13, 1, 14], [11, 9, 12, 8], [12, 19, 13, 20], [15, 10, 16, 11]]"
11n_50_74,"[[15, 10, 16, 11], [9, 16, 10, 17], [18, 1, 19, 2], [2, 17, 3, 18], [14, 3, 15, 4], [4, 8, 5, 7], [20, 6, 21, 5], [6, 22, 7, 21], [22, 13, 1, 14], [11, 9, 12, 8], [12, 19, 13, 20]]"
11n_50_75,"[[12, 19, 13, 20], [15, 10, 16, 11], [9, 16, 10, 17], [18, 1, 19, 2], [2, 17, 3, 18], [14, 3, 15, 4], [4, 8, 5, 7], [20, 6, 21, 5], [6, 22, 7, 21], [22, 13, 1, 14], [11, 9, 12, 8]]"
11n_50_76,"[[11, 9, 12, 8], [12, 19, 13, 20], [15, 10, 16, 11], [9, 16, 10, 17], [18, 1, 19, 2], [2, 17, 3, 18], [14, 3, 15, 4], [4, 8, 5, 7], [20, 6, 21, 5], [6, 22, 7, 21], [22, 13, 1, 14]]"
11n_50_77,"[[1, 14, 2, 15], [12, 10, 13, 9], [13, 20, 14, 21], [16, 11, 17, 12], [10, 17, 11, 18], [19, 2, 20, 3], [3, 18, 4, 19], [15, 4, 16, 5], [5, 9, 6, 8], [21, 7, 22, 6], [7, 1, 8, 22]]"
11n_50_78,"[[7, 1, 8, 22], [1, 14, 2, 15], [12, 10, 13, 9], [13, 20, 14, 21], [16, 11, 17, 12], [10, 17, 11, 18], [19, 2, 20, 3], [3, 18, 4, 19], [15, 4, 16, 5], [5, 9, 6, 8], [21, 7, 22, 6]]"
11n_50_79,"[[21, 7, 22, 6], [7, 1, 8, 22], [1, 14, 2, 15], [12, 10, 13, 9], [13, 20, 14, 21], [16, 11, 17, 12], [10, 17, 11, 18], [19, 2, 20, 3], [3, 18, 4, 19], [15, 4, 16, 5], [5, 9, 6, 8]]"
11n_50_80,"[[5, 9, 6, 8], [21, 7, 22, 6], [7, 1, 8, 22], [1, 14, 2, 15], [12, 10, 13, 9], [13, 20, 14, 21], [16, 11, 17, 12], [10, 17, 11, 18], [19, 2, 20, 3], [3, 18, 4, 19], [15, 4, 16, 5]]"
11n_50_81,"[[15, 4, 16, 5], [5, 9, 6, 8], [21, 7, 22, 6], [7, 1, 8, 22], [1, 14, 2, 15], [12, 10, 13, 9], [13, 20, 14, 21], [16, 11, 17, 12], [10, 17, 11, 18], [19, 2, 20, 3], [3, 18, 4, 19]]"
11n_50_82,"[[3, 18, 4, 19], [15, 4, 16, 5], [5, 9, 6, 8], [21, 7, 22, 6], [7, 1, 8, 22], [1, 14, 2, 15], [12, 10, 13, 9], [13, 20, 14, 21], [16, 11, 17, 12], [10, 17, 11, 18], [19, 2, 20, 3]]"
11n_50_83,"[[19, 2, 20, 3], [3, 18, 4, 19], [15, 4, 16, 5], [5, 9, 6, 8], [21, 7, 22, 6], [7, 1, 8, 22], [1, 14, 2, 15], [12, 10, 13, 9], [13, 20, 14, 21], [16, 11, 17, 12], [10, 17, 11, 18]]"
11n_50_84,"[[10, 17, 11, 18], [19, 2, 20, 3], [3, 18, 4, 19], [15, 4, 16, 5], [5, 9, 6, 8], [21, 7, 22, 6], [7, 1, 8, 22], [1, 14, 2, 15], [12, 10, 13, 9], [13, 20, 14, 21], [16, 11, 17, 12]]"
11n_50_85,"[[16, 11, 17, 12], [10, 17, 11, 18], [19, 2, 20, 3], [3, 18, 4, 19], [15, 4, 16, 5], [5, 9, 6, 8], [21, 7, 22, 6], [7, 1, 8, 22], [1, 14, 2, 15], [12, 10, 13, 9], [13, 20, 14, 21]]"
11n_50_86,"[[13, 20, 14, 21], [16, 11, 17, 12], [10, 17, 11, 18], [19, 2, 20, 3], [3, 18, 4, 19], [15, 4, 16, 5], [5, 9, 6, 8], [21, 7, 22, 6], [7, 1, 8, 22], [1, 14, 2, 15], [12, 10, 13, 9]]"
11n_50_87,"[[12, 10, 13, 9], [13, 20, 14, 21], [16, 11, 17, 12], [10, 17, 11, 18], [19, 2, 20, 3], [3, 18, 4, 19], [15, 4, 16, 5], [5, 9, 6, 8], [21, 7, 22, 6], [7, 1, 8, 22], [1, 14, 2, 15]]"
11n_50_88,"[[2, 15, 3, 16], [13, 11, 14, 10], [14, 21, 15, 22], [17, 12, 18, 13], [11, 18, 12, 19], [20, 3, 21, 4], [4, 19, 5, 20], [16, 5, 17, 6], [6, 10, 7, 9], [22, 8, 1, 7], [8, 2, 9, 1]]"
11n_50_89,"[[8, 2, 9, 1], [2, 15, 3, 16], [13, 11, 14, 10], [14, 21, 15, 22], [17, 12, 18, 13], [11, 18, 12, 19], [20, 3, 21, 4], [4, 19, 5, 20], [16, 5, 17, 6], [6, 10, 7, 9], [22, 8, 1, 7]]"
11n_50_90,"[[22, 8, 1, 7], [8, 2, 9, 1], [2, 15, 3, 16], [13, 11, 14, 10], [14, 21, 15, 22], [17, 12, 18, 13], [11, 18, 12, 19], [20, 3, 21, 4], [4, 19, 5, 20], [16, 5, 17, 6], [6, 10, 7, 9]]"
11n_50_91,"[[6, 10, 7, 9], [22, 8, 1, 7], [8, 2, 9, 1], [2, 15, 3, 16], [13, 11, 14, 10], [14, 21, 15, 22], [17, 12, 18, 13], [11, 18, 12, 19], [20, 3, 21, 4], [4, 19, 5, 20], [16, 5, 17, 6]]"
11n_50_92,"[[16, 5, 17, 6], [6, 10, 7, 9], [22, 8, 1, 7], [8, 2, 9, 1], [2, 15, 3, 16], [13, 11, 14, 10], [14, 21, 15, 22], [17, 12, 18, 13], [11, 18, 12, 19], [20, 3, 21, 4], [4, 19, 5, 20]]"
11n_50_93,"[[4, 19, 5, 20], [16, 5, 17, 6], [6, 10, 7, 9], [22, 8, 1, 7], [8, 2, 9, 1], [2, 15, 3, 16], [13, 11, 14, 10], [14, 21, 15, 22], [17, 12, 18, 13], [11, 18, 12, 19], [20, 3, 21, 4]]"
11n_50_94,"[[20, 3, 21, 4], [4, 19, 5, 20], [16, 5, 17, 6], [6, 10, 7, 9], [22, 8, 1, 7], [8, 2, 9, 1], [2, 15, 3, 16], [13, 11, 14, 10], [14, 21, 15, 22], [17, 12, 18, 13], [11, 18, 12, 19]]"
11n_50_95,"[[11, 18, 12, 19], [20, 3, 21, 4], [4, 19, 5, 20], [16, 5, 17, 6], [6, 10, 7, 9], [22, 8, 1, 7], [8, 2, 9, 1], [2, 15, 3, 16], [13, 11, 14, 10], [14, 21, 15, 22], [17, 12, 18, 13]]"
11n_50_96,"[[17, 12, 18, 13], [11, 18, 12, 19], [20, 3, 21, 4], [4, 19, 5, 20], [16, 5, 17, 6], [6, 10, 7, 9], [22, 8, 1, 7], [8, 2, 9, 1], [2, 15, 3, 16], [13, 11, 14, 10], [14, 21, 15, 22]]"
11n_50_97,"[[14, 21, 15, 22], [17, 12, 18, 13], [11, 18, 12, 19], [20, 3, 21, 4], [4, 19, 5, 20], [16, 5, 17, 6], [6, 10, 7, 9], [22, 8, 1, 7], [8, 2, 9, 1], [2, 15, 3, 16], [13, 11, 14, 10]]"
11n_50_98,"[[13, 11, 14, 10], [14, 21, 15, 22], [17, 12, 18, 13], [11, 18, 12, 19], [20, 3, 21, 4], [4, 19, 5, 20], [16, 5, 17, 6], [6, 10, 7, 9], [22, 8, 1, 7], [8, 2, 9, 1], [2, 15, 3, 16]]"
11n_50_99,"[[3, 16, 4, 17], [14, 12, 15, 11], [15, 22, 16, 1], [18, 13, 19, 14], [12, 19, 13, 20], [21, 4, 22, 5], [5, 20, 6, 21], [17, 6, 18, 7], [7, 11, 8, 10], [1, 9, 2, 8], [9, 3, 10, 2]]"
11n_50_100,"[[9, 3, 10, 2], [3, 16, 4, 17], [14, 12, 15, 11], [15, 22, 16, 1], [18, 13, 19, 14], [12, 19, 13, 20], [21, 4, 22, 5], [5, 20, 6, 21], [17, 6, 18, 7], [7, 11, 8, 10], [1, 9, 2, 8]]"
11n_50_101,"[[1, 9, 2, 8], [9, 3, 10, 2], [3, 16, 4, 17], [14, 12, 15, 11], [15, 22, 16, 1], [18, 13, 19, 14], [12, 19, 13, 20], [21, 4, 22, 5], [5, 20, 6, 21], [17, 6, 18, 7], [7, 11, 8, 10]]"
11n_50_102,"[[7, 11, 8, 10], [1, 9, 2, 8], [9, 3, 10, 2], [3, 16, 4, 17], [14, 12, 15, 11], [15, 22, 16, 1], [18, 13, 19, 14], [12, 19, 13, 20], [21, 4, 22, 5], [5, 20, 6, 21], [17, 6, 18, 7]]"
11n_50_103,"[[17, 6, 18, 7], [7, 11, 8, 10], [1, 9, 2, 8], [9, 3, 10, 2], [3, 16, 4, 17], [14, 12, 15, 11], [15, 22, 16, 1], [18, 13, 19, 14], [12, 19, 13, 20], [21, 4, 22, 5], [5, 20, 6, 21]]"
11n_50_104,"[[5, 20, 6, 21], [17, 6, 18, 7], [7, 11, 8, 10], [1, 9, 2, 8], [9, 3, 10, 2], [3, 16, 4, 17], [14, 12, 15, 11], [15, 22, 16, 1], [18, 13, 19, 14], [12, 19, 13, 20], [21, 4, 22, 5]]"
11n_50_105,"[[21, 4, 22, 5], [5, 20, 6, 21], [17, 6, 18, 7], [7, 11, 8, 10], [1, 9, 2, 8], [9, 3, 10, 2], [3, 16, 4, 17], [14, 12, 15, 11], [15, 22, 16, 1], [18, 13, 19, 14], [12, 19, 13, 20]]"
11n_50_106,"[[12, 19, 13, 20], [21, 4, 22, 5], [5, 20, 6, 21], [17, 6, 18, 7], [7, 11, 8, 10], [1, 9, 2, 8], [9, 3, 10, 2], [3, 16, 4, 17], [14, 12, 15, 11], [15, 22, 16, 1], [18, 13, 19, 14]]"
11n_50_107,"[[18, 13, 19, 14], [12, 19, 13, 20], [21, 4, 22, 5], [5, 20, 6, 21], [17, 6, 18, 7], [7, 11, 8, 10], [1, 9, 2, 8], [9, 3, 10, 2], [3, 16, 4, 17], [14, 12, 15, 11], [15, 22, 16, 1]]"
11n_50_108,"[[15, 22, 16, 1], [18, 13, 19, 14], [12, 19, 13, 20], [21, 4, 22, 5], [5, 20, 6, 21], [17, 6, 18, 7], [7, 11, 8, 10], [1, 9, 2, 8], [9, 3, 10, 2], [3, 16, 4, 17], [14, 12, 15, 11]]"
11n_50_109,"[[14, 12, 15, 11], [15, 22, 16, 1], [18, 13, 19, 14], [12, 19, 13, 20], [21, 4, 22, 5], [5, 20, 6, 21], [17, 6, 18, 7], [7, 11, 8, 10], [1, 9, 2, 8], [9, 3, 10, 2], [3, 16, 4, 17]]"
11n_50_110,"[[4, 17, 5, 18], [15, 13, 16, 12], [16, 1, 17, 2], [19, 14, 20, 15], [13, 20, 14, 21], [22, 5, 1, 6], [6, 21, 7, 22], [18, 7, 19, 8], [8, 12, 9, 11], [2, 10, 3, 9], [10, 4, 11, 3]]"
11n_50_111,"[[10, 4, 11, 3], [4, 17, 5, 18], [15, 13, 16, 12], [16, 1, 17, 2], [19, 14, 20, 15], [13, 20, 14, 21], [22, 5, 1, 6], [6, 21, 7, 22], [18, 7, 19, 8], [8, 12, 9, 11], [2, 10, 3, 9]]"
11n_50_112,"[[2, 10, 3, 9], [10, 4, 11, 3], [4, 17, 5, 18], [15, 13, 16, 12], [16, 1, 17, 2], [19, 14, 20, 15], [13, 20, 14, 21], [22, 5, 1, 6], [6, 21, 7, 22], [18, 7, 19, 8], [8, 12, 9, 11]]"
11n_50_113,"[[8, 12, 9, 11], [2, 10, 3, 9], [10, 4, 11, 3], [4, 17, 5, 18], [15, 13, 16, 12], [16, 1, 17, 2], [19, 14, 20, 15], [13, 20, 14, 21], [22, 5, 1, 6], [6, 21, 7, 22], [18, 7, 19, 8]]"
11n_50_114,"[[18, 7, 19, 8], [8, 12, 9, 11], [2, 10, 3, 9], [10, 4, 11, 3], [4, 17, 5, 18], [15, 13, 16, 12], [16, 1, 17, 2], [19, 14, 20, 15], [13, 20, 14, 21], [22, 5, 1, 6], [6, 21, 7, 22]]"
11n_50_115,"[[6, 21, 7, 22], [18, 7, 19, 8], [8, 12, 9, 11], [2, 10, 3, 9], [10, 4, 11, 3], [4, 17, 5, 18], [15, 13, 16, 12], [16, 1, 17, 2], [19, 14, 20, 15], [13, 20, 14, 21], [22, 5, 1, 6]]"
11n_50_116,"[[22, 5, 1, 6], [6, 21, 7, 22], [18, 7, 19, 8], [8, 12, 9, 11], [2, 10, 3, 9], [10, 4, 11, 3], [4, 17, 5, 18], [15, 13, 16, 12], [16, 1, 17, 2], [19, 14, 20, 15], [13, 20, 14, 21]]"
11n_50_117,"[[13, 20, 14, 21], [22, 5, 1, 6], [6, 21, 7, 22], [18, 7, 19, 8], [8, 12, 9, 11], [2, 10, 3, 9], [10, 4, 11, 3], [4, 17, 5, 18], [15, 13, 16, 12], [16, 1, 17, 2], [19, 14, 20, 15]]"
11n_50_118,"[[19, 14, 20, 15], [13, 20, 14, 21], [22, 5, 1, 6], [6, 21, 7, 22], [18, 7, 19, 8], [8, 12, 9, 11], [2, 10, 3, 9], [10, 4, 11, 3], [4, 17, 5, 18], [15, 13, 16, 12], [16, 1, 17, 2]]"
11n_50_119,"[[16, 1, 17, 2], [19, 14, 20, 15], [13, 20, 14, 21], [22, 5, 1, 6], [6, 21, 7, 22], [18, 7, 19, 8], [8, 12, 9, 11], [2, 10, 3, 9], [10, 4, 11, 3], [4, 17, 5, 18], [15, 13, 16, 12]]"
11n_50_120,"[[15, 13, 16, 12], [16, 1, 17, 2], [19, 14, 20, 15], [13, 20, 14, 21], [22, 5, 1, 6], [6, 21, 7, 22], [18, 7, 19, 8], [8, 12, 9, 11], [2, 10, 3, 9], [10, 4, 11, 3], [4, 17, 5, 18]]"
11n_50_121,"[[5, 18, 6, 19], [16, 14, 17, 13], [17, 2, 18, 3], [20, 15, 21, 16], [14, 21, 15, 22], [1, 6, 2, 7], [7, 22, 8, 1], [19, 8, 20, 9], [9, 13, 10, 12], [3, 11, 4, 10], [11, 5, 12, 4]]"
11n_50_122,"[[11, 5, 12, 4], [5, 18, 6, 19], [16, 14, 17, 13], [17, 2, 18, 3], [20, 15, 21, 16], [14, 21, 15, 22], [1, 6, 2, 7], [7, 22, 8, 1], [19, 8, 20, 9], [9, 13, 10, 12], [3, 11, 4, 10]]"
11n_50_123,"[[3, 11, 4, 10], [11, 5, 12, 4], [5, 18, 6, 19], [16, 14, 17, 13], [17, 2, 18, 3], [20, 15, 21, 16], [14, 21, 15, 22], [1, 6, 2, 7], [7, 22, 8, 1], [19, 8, 20, 9], [9, 13, 10, 12]]"
11n_50_124,"[[9, 13, 10, 12], [3, 11, 4, 10], [11, 5, 12, 4], [5, 18, 6, 19], [16, 14, 17, 13], [17, 2, 18, 3], [20, 15, 21, 16], [14, 21, 15, 22], [1, 6, 2, 7], [7, 22, 8, 1], [19, 8, 20, 9]]"
11n_50_125,"[[19, 8, 20, 9], [9, 13, 10, 12], [3, 11, 4, 10], [11, 5, 12, 4], [5, 18, 6, 19], [16, 14, 17, 13], [17, 2, 18, 3], [20, 15, 21, 16], [14, 21, 15, 22], [1, 6, 2, 7], [7, 22, 8, 1]]"
11n_50_126,"[[7, 22, 8, 1], [19, 8, 20, 9], [9, 13, 10, 12], [3, 11, 4, 10], [11, 5, 12, 4], [5, 18, 6, 19], [16, 14, 17, 13], [17, 2, 18, 3], [20, 15, 21, 16], [14, 21, 15, 22], [1, 6, 2, 7]]"
11n_50_127,"[[1, 6, 2, 7], [7, 22, 8, 1], [19, 8, 20, 9], [9, 13, 10, 12], [3, 11, 4, 10], [11, 5, 12, 4], [5, 18, 6, 19], [16, 14, 17, 13], [17, 2, 18, 3], [20, 15, 21, 16], [14, 21, 15, 22]]"
11n_50_128,"[[14, 21, 15, 22], [1, 6, 2, 7], [7, 22, 8, 1], [19, 8, 20, 9], [9, 13, 10, 12], [3, 11, 4, 10], [11, 5, 12, 4], [5, 18, 6, 19], [16, 14, 17, 13], [17, 2, 18, 3], [20, 15, 21, 16]]"
11n_50_129,"[[20, 15, 21, 16], [14, 21, 15, 22], [1, 6, 2, 7], [7, 22, 8, 1], [19, 8, 20, 9], [9, 13, 10, 12], [3, 11, 4, 10], [11, 5, 12, 4], [5, 18, 6, 19], [16, 14, 17, 13], [17, 2, 18, 3]]"
11n_50_130,"[[17, 2, 18, 3], [20, 15, 21, 16], [14, 21, 15, 22], [1, 6, 2, 7], [7, 22, 8, 1], [19, 8, 20, 9], [9, 13, 10, 12], [3, 11, 4, 10], [11, 5, 12, 4], [5, 18, 6, 19], [16, 14, 17, 13]]"
11n_50_131,"[[16, 14, 17, 13], [17, 2, 18, 3], [20, 15, 21, 16], [14, 21, 15, 22], [1, 6, 2, 7], [7, 22, 8, 1], [19, 8, 20, 9], [9, 13, 10, 12], [3, 11, 4, 10], [11, 5, 12, 4], [5, 18, 6, 19]]"
11n_50_132,"[[6, 19, 7, 20], [17, 15, 18, 14], [18, 3, 19, 4], [21, 16, 22, 17], [15, 22, 16, 1], [2, 7, 3, 8], [8, 1, 9, 2], [20, 9, 21, 10], [10, 14, 11, 13], [4, 12, 5, 11], [12, 6, 13, 5]]"
11n_50_133,"[[12, 6, 13, 5], [6, 19, 7, 20], [17, 15, 18, 14], [18, 3, 19, 4], [21, 16, 22, 17], [15, 22, 16, 1], [2, 7, 3, 8], [8, 1, 9, 2], [20, 9, 21, 10], [10, 14, 11, 13], [4, 12, 5, 11]]"
11n_50_134,"[[4, 12, 5, 11], [12, 6, 13, 5], [6, 19, 7, 20], [17, 15, 18, 14], [18, 3, 19, 4], [21, 16, 22, 17], [15, 22, 16, 1], [2, 7, 3, 8], [8, 1, 9, 2], [20, 9, 21, 10], [10, 14, 11, 13]]"
11n_50_135,"[[10, 14, 11, 13], [4, 12, 5, 11], [12, 6, 13, 5], [6, 19, 7, 20], [17, 15, 18, 14], [18, 3, 19, 4], [21, 16, 22, 17], [15, 22, 16, 1], [2, 7, 3, 8], [8, 1, 9, 2], [20, 9, 21, 10]]"
11n_50_136,"[[20, 9, 21, 10], [10, 14, 11, 13], [4, 12, 5, 11], [12, 6, 13, 5], [6, 19, 7, 20], [17, 15, 18, 14], [18, 3, 19, 4], [21, 16, 22, 17], [15, 22, 16, 1], [2, 7, 3, 8], [8, 1, 9, 2]]"
11n_50_137,"[[8, 1, 9, 2], [20, 9, 21, 10], [10, 14, 11, 13], [4, 12, 5, 11], [12, 6, 13, 5], [6, 19, 7, 20], [17, 15, 18, 14], [18, 3, 19, 4], [21, 16, 22, 17], [15, 22, 16, 1], [2, 7, 3, 8]]"
11n_50_138,"[[2, 7, 3, 8], [8, 1, 9, 2], [20, 9, 21, 10], [10, 14, 11, 13], [4, 12, 5, 11], [12, 6, 13, 5], [6, 19, 7, 20], [17, 15, 18, 14], [18, 3, 19, 4], [21, 16, 22, 17], [15, 22, 16, 1]]"
11n_50_139,"[[15, 22, 16, 1], [2, 7, 3, 8], [8, 1, 9, 2], [20, 9, 21, 10], [10, 14, 11, 13], [4, 12, 5, 11], [12, 6, 13, 5], [6, 19, 7, 20], [17, 15, 18, 14], [18, 3, 19, 4], [21, 16, 22, 17]]"
11n_50_140,"[[21, 16, 22, 17], [15, 22, 16, 1], [2, 7, 3, 8], [8, 1, 9, 2], [20, 9, 21, 10], [10, 14, 11, 13], [4, 12, 5, 11], [12, 6, 13, 5], [6, 19, 7, 20], [17, 15, 18, 14], [18, 3, 19, 4]]"
11n_50_141,"[[18, 3, 19, 4], [21, 16, 22, 17], [15, 22, 16, 1], [2, 7, 3, 8], [8, 1, 9, 2], [20, 9, 21, 10], [10, 14, 11, 13], [4, 12, 5, 11], [12, 6, 13, 5], [6, 19, 7, 20], [17, 15, 18, 14]]"
11n_50_142,"[[17, 15, 18, 14], [18, 3, 19, 4], [21, 16, 22, 17], [15, 22, 16, 1], [2, 7, 3, 8], [8, 1, 9, 2], [20, 9, 21, 10], [10, 14, 11, 13], [4, 12, 5, 11], [12, 6, 13, 5], [6, 19, 7, 20]]"
11n_50_143,"[[7, 20, 8, 21], [18, 16, 19, 15], [19, 4, 20, 5], [22, 17, 1, 18], [16, 1, 17, 2], [3, 8, 4, 9], [9, 2, 10, 3], [21, 10, 22, 11], [11, 15, 12, 14], [5, 13, 6, 12], [13, 7, 14, 6]]"
11n_50_144,"[[13, 7, 14, 6], [7, 20, 8, 21], [18, 16, 19, 15], [19, 4, 20, 5], [22, 17, 1, 18], [16, 1, 17, 2], [3, 8, 4, 9], [9, 2, 10, 3], [21, 10, 22, 11], [11, 15, 12, 14], [5, 13, 6, 12]]"
11n_50_145,"[[5, 13, 6, 12], [13, 7, 14, 6], [7, 20, 8, 21], [18, 16, 19, 15], [19, 4, 20, 5], [22, 17, 1, 18], [16, 1, 17, 2], [3, 8, 4, 9], [9, 2, 10, 3], [21, 10, 22, 11], [11, 15, 12, 14]]"
11n_50_146,"[[11, 15, 12, 14], [5, 13, 6, 12], [13, 7, 14, 6], [7, 20, 8, 21], [18, 16, 19, 15], [19, 4, 20, 5], [22, 17, 1, 18], [16, 1, 17, 2], [3, 8, 4, 9], [9, 2, 10, 3], [21, 10, 22, 11]]"
11n_50_147,"[[21, 10, 22, 11], [11, 15, 12, 14], [5, 13, 6, 12], [13, 7, 14, 6], [7, 20, 8, 21], [18, 16, 19, 15], [19, 4, 20, 5], [22, 17, 1, 18], [16, 1, 17, 2], [3, 8, 4, 9], [9, 2, 10, 3]]"
11n_50_148,"[[9, 2, 10, 3], [21, 10, 22, 11], [11, 15, 12, 14], [5, 13, 6, 12], [13, 7, 14, 6], [7, 20, 8, 21], [18, 16, 19, 15], [19, 4, 20, 5], [22, 17, 1, 18], [16, 1, 17, 2], [3, 8, 4, 9]]"
11n_50_149,"[[3, 8, 4, 9], [9, 2, 10, 3], [21, 10, 22, 11], [11, 15, 12, 14], [5, 13, 6, 12], [13, 7, 14, 6], [7, 20, 8, 21], [18, 16, 19, 15], [19, 4, 20, 5], [22, 17, 1, 18], [16, 1, 17, 2]]"
11n_50_150,"[[16, 1, 17, 2], [3, 8, 4, 9], [9, 2, 10, 3], [21, 10, 22, 11], [11, 15, 12, 14], [5, 13, 6, 12], [13, 7, 14, 6], [7, 20, 8, 21], [18, 16, 19, 15], [19, 4, 20, 5], [22, 17, 1, 18]]"
11n_50_151,"[[22, 17, 1, 18], [16, 1, 17, 2], [3, 8, 4, 9], [9, 2, 10, 3], [21, 10, 22, 11], [11, 15, 12, 14], [5, 13, 6, 12], [13, 7, 14, 6], [7, 20, 8, 21], [18, 16, 19, 15], [19, 4, 20, 5]]"
11n_50_152,"[[19, 4, 20, 5], [22, 17, 1, 18], [16, 1, 17, 2], [3, 8, 4, 9], [9, 2, 10, 3], [21, 10, 22, 11], [11, 15, 12, 14], [5, 13, 6, 12], [13, 7, 14, 6], [7, 20, 8, 21], [18, 16, 19, 15]]"
11n_50_153,"[[18, 16, 19, 15], [19, 4, 20, 5], [22, 17, 1, 18], [16, 1, 17, 2], [3, 8, 4, 9], [9, 2, 10, 3], [21, 10, 22, 11], [11, 15, 12, 14], [5, 13, 6, 12], [13, 7, 14, 6], [7, 20, 8, 21]]"
11n_50_154,"[[8, 21, 9, 22], [19, 17, 20, 16], [20, 5, 21, 6], [1, 18, 2, 19], [17, 2, 18, 3], [4, 9, 5, 10], [10, 3, 11, 4], [22, 11, 1, 12], [12, 16, 13, 15], [6, 14, 7, 13], [14, 8, 15, 7]]"
11n_50_155,"[[14, 8, 15, 7], [8, 21, 9, 22], [19, 17, 20, 16], [20, 5, 21, 6], [1, 18, 2, 19], [17, 2, 18, 3], [4, 9, 5, 10], [10, 3, 11, 4], [22, 11, 1, 12], [12, 16, 13, 15], [6, 14, 7, 13]]"
11n_50_156,"[[6, 14, 7, 13], [14, 8, 15, 7], [8, 21, 9, 22], [19, 17, 20, 16], [20, 5, 21, 6], [1, 18, 2, 19], [17, 2, 18, 3], [4, 9, 5, 10], [10, 3, 11, 4], [22, 11, 1, 12], [12, 16, 13, 15]]"
11n_50_157,"[[12, 16, 13, 15], [6, 14, 7, 13], [14, 8, 15, 7], [8, 21, 9, 22], [19, 17, 20, 16], [20, 5, 21, 6], [1, 18, 2, 19], [17, 2, 18, 3], [4, 9, 5, 10], [10, 3, 11, 4], [22, 11, 1, 12]]"
11n_50_158,"[[22, 11, 1, 12], [12, 16, 13, 15], [6, 14, 7, 13], [14, 8, 15, 7], [8, 21, 9, 22], [19, 17, 20, 16], [20, 5, 21, 6], [1, 18, 2, 19], [17, 2, 18, 3], [4, 9, 5, 10], [10, 3, 11, 4]]"
11n_50_159,"[[10, 3, 11, 4], [22, 11, 1, 12], [12, 16, 13, 15], [6, 14, 7, 13], [14, 8, 15, 7], [8, 21, 9, 22], [19, 17, 20, 16], [20, 5, 21, 6], [1, 18, 2, 19], [17, 2, 18, 3], [4, 9, 5, 10]]"
11n_50_160,"[[4, 9, 5, 10], [10, 3, 11, 4], [22, 11, 1, 12], [12, 16, 13, 15], [6, 14, 7, 13], [14, 8, 15, 7], [8, 21, 9, 22], [19, 17, 20, 16], [20, 5, 21, 6], [1, 18, 2, 19], [17, 2, 18, 3]]"
11n_50_161,"[[17, 2, 18, 3], [4, 9, 5, 10], [10, 3, 11, 4], [22, 11, 1, 12], [12, 16, 13, 15], [6, 14, 7, 13], [14, 8, 15, 7], [8, 21, 9, 22], [19, 17, 20, 16], [20, 5, 21, 6], [1, 18, 2, 19]]"
11n_50_162,"[[1, 18, 2, 19], [17, 2, 18, 3], [4, 9, 5, 10], [10, 3, 11, 4], [22, 11, 1, 12], [12, 16, 13, 15], [6, 14, 7, 13], [14, 8, 15, 7], [8, 21, 9, 22], [19, 17, 20, 16], [20, 5, 21, 6]]"
11n_50_163,"[[20, 5, 21, 6], [1, 18, 2, 19], [17, 2, 18, 3], [4, 9, 5, 10], [10, 3, 11, 4], [22, 11, 1, 12], [12, 16, 13, 15], [6, 14, 7, 13], [14, 8, 15, 7], [8, 21, 9, 22], [19, 17, 20, 16]]"
11n_50_164,"[[19, 17, 20, 16], [20, 5, 21, 6], [1, 18, 2, 19], [17, 2, 18, 3], [4, 9, 5, 10], [10, 3, 11, 4], [22, 11, 1, 12], [12, 16, 13, 15], [6, 14, 7, 13], [14, 8, 15, 7], [8, 21, 9, 22]]"
11n_50_165,"[[9, 22, 10, 1], [20, 18, 21, 17], [21, 6, 22, 7], [2, 19, 3, 20], [18, 3, 19, 4], [5, 10, 6, 11], [11, 4, 12, 5], [1, 12, 2, 13], [13, 17, 14, 16], [7, 15, 8, 14], [15, 9, 16, 8]]"
11n_50_166,"[[15, 9, 16, 8], [9, 22, 10, 1], [20, 18, 21, 17], [21, 6, 22, 7], [2, 19, 3, 20], [18, 3, 19, 4], [5, 10, 6, 11], [11, 4, 12, 5], [1, 12, 2, 13], [13, 17, 14, 16], [7, 15, 8, 14]]"
11n_50_167,"[[7, 15, 8, 14], [15, 9, 16, 8], [9, 22, 10, 1], [20, 18, 21, 17], [21, 6, 22, 7], [2, 19, 3, 20], [18, 3, 19, 4], [5, 10, 6, 11], [11, 4, 12, 5], [1, 12, 2, 13], [13, 17, 14, 16]]"
11n_50_168,"[[13, 17, 14, 16], [7, 15, 8, 14], [15, 9, 16, 8], [9, 22, 10, 1], [20, 18, 21, 17], [21, 6, 22, 7], [2, 19, 3, 20], [18, 3, 19, 4], [5, 10, 6, 11], [11, 4, 12, 5], [1, 12, 2, 13]]"
11n_50_169,"[[1, 12, 2, 13], [13, 17, 14, 16], [7, 15, 8, 14], [15, 9, 16, 8], [9, 22, 10, 1], [20, 18, 21, 17], [21, 6, 22, 7], [2, 19, 3, 20], [18, 3, 19, 4], [5, 10, 6, 11], [11, 4, 12, 5]]"
11n_50_170,"[[11, 4, 12, 5], [1, 12, 2, 13], [13, 17, 14, 16], [7, 15, 8, 14], [15, 9, 16, 8], [9, 22, 10, 1], [20, 18, 21, 17], [21, 6, 22, 7], [2, 19, 3, 20], [18, 3, 19, 4], [5, 10, 6, 11]]"
11n_50_171,"[[5, 10, 6, 11], [11, 4, 12, 5], [1, 12, 2, 13], [13, 17, 14, 16], [7, 15, 8, 14], [15, 9, 16, 8], [9, 22, 10, 1], [20, 18, 21, 17], [21, 6, 22, 7], [2, 19, 3, 20], [18, 3, 19, 4]]"
11n_50_172,"[[18, 3, 19, 4], [5, 10, 6, 11], [11, 4, 12, 5], [1, 12, 2, 13], [13, 17, 14, 16], [7, 15, 8, 14], [15, 9, 16, 8], [9, 22, 10, 1], [20, 18, 21, 17], [21, 6, 22, 7], [2, 19, 3, 20]]"
11n_50_173,"[[2, 19, 3, 20], [18, 3, 19, 4], [5, 10, 6, 11], [11, 4, 12, 5], [1, 12, 2, 13], [13, 17, 14, 16], [7, 15, 8, 14], [15, 9, 16, 8], [9, 22, 10, 1], [20, 18, 21, 17], [21, 6, 22, 7]]"
11n_50_174,"[[21, 6, 22, 7], [2, 19, 3, 20], [18, 3, 19, 4], [5, 10, 6, 11], [11, 4, 12, 5], [1, 12, 2, 13], [13, 17, 14, 16], [7, 15, 8, 14], [15, 9, 16, 8], [9, 22, 10, 1], [20, 18, 21, 17]]"
11n_50_175,"[[20, 18, 21, 17], [21, 6, 22, 7], [2, 19, 3, 20], [18, 3, 19, 4], [5, 10, 6, 11], [11, 4, 12, 5], [1, 12, 2, 13], [13, 17, 14, 16], [7, 15, 8, 14], [15, 9, 16, 8], [9, 22, 10, 1]]"
11n_50_176,"[[10, 1, 11, 2], [21, 19, 22, 18], [22, 7, 1, 8], [3, 20, 4, 21], [19, 4, 20, 5], [6, 11, 7, 12], [12, 5, 13, 6], [2, 13, 3, 14], [14, 18, 15, 17], [8, 16, 9, 15], [16, 10, 17, 9]]"
11n_50_177,"[[16, 10, 17, 9], [10, 1, 11, 2], [21, 19, 22, 18], [22, 7, 1, 8], [3, 20, 4, 21], [19, 4, 20, 5], [6, 11, 7, 12], [12, 5, 13, 6], [2, 13, 3, 14], [14, 18, 15, 17], [8, 16, 9, 15]]"
11n_50_178,"[[8, 16, 9, 15], [16, 10, 17, 9], [10, 1, 11, 2], [21, 19, 22, 18], [22, 7, 1, 8], [3, 20, 4, 21], [19, 4, 20, 5], [6, 11, 7, 12], [12, 5, 13, 6], [2, 13, 3, 14], [14, 18, 15, 17]]"
11n_50_179,"[[14, 18, 15, 17], [8, 16, 9, 15], [16, 10, 17, 9], [10, 1, 11, 2], [21, 19, 22, 18], [22, 7, 1, 8], [3, 20, 4, 21], [19, 4, 20, 5], [6, 11, 7, 12], [12, 5, 13, 6], [2, 13, 3, 14]]"
11n_50_180,"[[2, 13, 3, 14], [14, 18, 15, 17], [8, 16, 9, 15], [16, 10, 17, 9], [10, 1, 11, 2], [21, 19, 22, 18], [22, 7, 1, 8], [3, 20, 4, 21], [19, 4, 20, 5], [6, 11, 7, 12], [12, 5, 13, 6]]"
11n_50_181,"[[12, 5, 13, 6], [2, 13, 3, 14], [14, 18, 15, 17], [8, 16, 9, 15], [16, 10, 17, 9], [10, 1, 11, 2], [21, 19, 22, 18], [22, 7, 1, 8], [3, 20, 4, 21], [19, 4, 20, 5], [6, 11, 7, 12]]"
11n_50_182,"[[6, 11, 7, 12], [12, 5, 13, 6], [2, 13, 3, 14], [14, 18, 15, 17], [8, 16, 9, 15], [16, 10, 17, 9], [10, 1, 11, 2], [21, 19, 22, 18], [22, 7, 1, 8], [3, 20, 4, 21], [19, 4, 20, 5]]"
11n_50_183,"[[19, 4, 20, 5], [6, 11, 7, 12], [12, 5, 13, 6], [2, 13, 3, 14], [14, 18, 15, 17], [8, 16, 9, 15], [16, 10, 17, 9], [10, 1, 11, 2], [21, 19, 22, 18], [22, 7, 1, 8], [3, 20, 4, 21]]"
11n_50_184,"[[3, 20, 4, 21], [19, 4, 20, 5], [6, 11, 7, 12], [12, 5, 13, 6], [2, 13, 3, 14], [14, 18, 15, 17], [8, 16, 9, 15], [16, 10, 17, 9], [10, 1, 11, 2], [21, 19, 22, 18], [22, 7, 1, 8]]"
11n_50_185,"[[22, 7, 1, 8], [3, 20, 4, 21], [19, 4, 20, 5], [6, 11, 7, 12], [12, 5, 13, 6], [2, 13, 3, 14], [14, 18, 15, 17], [8, 16, 9, 15], [16, 10, 17, 9], [10, 1, 11, 2], [21, 19, 22, 18]]"
11n_50_186,"[[21, 19, 22, 18], [22, 7, 1, 8], [3, 20, 4, 21], [19, 4, 20, 5], [6, 11, 7, 12], [12, 5, 13, 6], [2, 13, 3, 14], [14, 18, 15, 17], [8, 16, 9, 15], [16, 10, 17, 9], [10, 1, 11, 2]]"
11n_50_187,"[[11, 2, 12, 3], [22, 20, 1, 19], [1, 8, 2, 9], [4, 21, 5, 22], [20, 5, 21, 6], [7, 12, 8, 13], [13, 6, 14, 7], [3, 14, 4, 15], [15, 19, 16, 18], [9, 17, 10, 16], [17, 11, 18, 10]]"
11n_50_188,"[[17, 11, 18, 10], [11, 2, 12, 3], [22, 20, 1, 19], [1, 8, 2, 9], [4, 21, 5, 22], [20, 5, 21, 6], [7, 12, 8, 13], [13, 6, 14, 7], [3, 14, 4, 15], [15, 19, 16, 18], [9, 17, 10, 16]]"
11n_50_189,"[[9, 17, 10, 16], [17, 11, 18, 10], [11, 2, 12, 3], [22, 20, 1, 19], [1, 8, 2, 9], [4, 21, 5, 22], [20, 5, 21, 6], [7, 12, 8, 13], [13, 6, 14, 7], [3, 14, 4, 15], [15, 19, 16, 18]]"
11n_50_190,"[[15, 19, 16, 18], [9, 17, 10, 16], [17, 11, 18, 10], [11, 2, 12, 3], [22, 20, 1, 19], [1, 8, 2, 9], [4, 21, 5, 22], [20, 5, 21, 6], [7, 12, 8, 13], [13, 6, 14, 7], [3, 14, 4, 15]]"
11n_50_191,"[[3, 14, 4, 15], [15, 19, 16, 18], [9, 17, 10, 16], [17, 11, 18, 10], [11, 2, 12, 3], [22, 20, 1, 19], [1, 8, 2, 9], [4, 21, 5, 22], [20, 5, 21, 6], [7, 12, 8, 13], [13, 6, 14, 7]]"
11n_50_192,"[[13, 6, 14, 7], [3, 14, 4, 15], [15, 19, 16, 18], [9, 17, 10, 16], [17, 11, 18, 10], [11, 2, 12, 3], [22, 20, 1, 19], [1, 8, 2, 9], [4, 21, 5, 22], [20, 5, 21, 6], [7, 12, 8, 13]]"
11n_50_193,"[[7, 12, 8, 13], [13, 6, 14, 7], [3, 14, 4, 15], [15, 19, 16, 18], [9, 17, 10, 16], [17, 11, 18, 10], [11, 2, 12, 3], [22, 20, 1, 19], [1, 8, 2, 9], [4, 21, 5, 22], [20, 5, 21, 6]]"
11n_50_194,"[[20, 5, 21, 6], [7, 12, 8, 13], [13, 6, 14, 7], [3, 14, 4, 15], [15, 19, 16, 18], [9, 17, 10, 16], [17, 11, 18, 10], [11, 2, 12, 3], [22, 20, 1, 19], [1, 8, 2, 9], [4, 21, 5, 22]]"
11n_50_195,"[[4, 21, 5, 22], [20, 5, 21, 6], [7, 12, 8, 13], [13, 6, 14, 7], [3, 14, 4, 15], [15, 19, 16, 18], [9, 17, 10, 16], [17, 11, 18, 10], [11, 2, 12, 3], [22, 20, 1, 19], [1, 8, 2, 9]]"
11n_50_196,"[[1, 8, 2, 9], [4, 21, 5, 22], [20, 5, 21, 6], [7, 12, 8, 13], [13, 6, 14, 7], [3, 14, 4, 15], [15, 19, 16, 18], [9, 17, 10, 16], [17, 11, 18, 10], [11, 2, 12, 3], [22, 20, 1, 19]]"
11n_50_197,"[[22, 20, 1, 19], [1, 8, 2, 9], [4, 21, 5, 22], [20, 5, 21, 6], [7, 12, 8, 13], [13, 6, 14, 7], [3, 14, 4, 15], [15, 19, 16, 18], [9, 17, 10, 16], [17, 11, 18, 10], [11, 2, 12, 3]]"
11n_50_198,"[[12, 3, 13, 4], [1, 21, 2, 20], [2, 9, 3, 10], [5, 22, 6, 1], [21, 6, 22, 7], [8, 13, 9, 14], [14, 7, 15, 8], [4, 15, 5, 16], [16, 20, 17, 19], [10, 18, 11, 17], [18, 12, 19, 11]]"
11n_50_199,"[[18, 12, 19, 11], [12, 3, 13, 4], [1, 21, 2, 20], [2, 9, 3, 10], [5, 22, 6, 1], [21, 6, 22, 7], [8, 13, 9, 14], [14, 7, 15, 8], [4, 15, 5, 16], [16, 20, 17, 19], [10, 18, 11, 17]]"
11n_50_200,"[[10, 18, 11, 17], [18, 12, 19, 11], [12, 3, 13, 4], [1, 21, 2, 20], [2, 9, 3, 10], [5, 22, 6, 1], [21, 6, 22, 7], [8, 13, 9, 14], [14, 7, 15, 8], [4, 15, 5, 16], [16, 20, 17, 19]]"
11n_50_201,"[[16, 20, 17, 19], [10, 18, 11, 17], [18, 12, 19, 11], [12, 3, 13, 4], [1, 21, 2, 20], [2, 9, 3, 10], [5, 22, 6, 1], [21, 6, 22, 7], [8, 13, 9, 14], [14, 7, 15, 8], [4, 15, 5, 16]]"
11n_50_202,"[[4, 15, 5, 16], [16, 20, 17, 19], [10, 18, 11, 17], [18, 12, 19, 11], [12, 3, 13, 4], [1, 21, 2, 20], [2, 9, 3, 10], [5, 22, 6, 1], [21, 6, 22, 7], [8, 13, 9, 14], [14, 7, 15, 8]]"
11n_50_203,"[[14, 7, 15, 8], [4, 15, 5, 16], [16, 20, 17, 19], [10, 18, 11, 17], [18, 12, 19, 11], [12, 3, 13, 4], [1, 21, 2, 20], [2, 9, 3, 10], [5, 22, 6, 1], [21, 6, 22, 7], [8, 13, 9, 14]]"
11n_50_204,"[[8, 13, 9, 14], [14, 7, 15, 8], [4, 15, 5, 16], [16, 20, 17, 19], [10, 18, 11, 17], [18, 12, 19, 11], [12, 3, 13, 4], [1, 21, 2, 20], [2, 9, 3, 10], [5, 22, 6, 1], [21, 6, 22, 7]]"
