name,pd_notation
11n_101_0,"[[17, 1, 18, 22], [5, 3, 6, 2], [8, 13, 9, 14], [11, 4, 12, 5], [3, 12, 4, 13], [6, 15, 7, 16], [14, 7, 15, 8], [21, 19, 22, 18], [19, 10, 20, 11], [9, 20, 10, 21], [1, 17, 2, 16]]"
11n_101_1,"[[1, 17, 2, 16], [17, 1, 18, 22], [5, 3, 6, 2], [8, 13, 9, 14], [11, 4, 12, 5], [3, 12, 4, 13], [6, 15, 7, 16], [14, 7, 15, 8], [21, 19, 22, 18], [19, 10, 20, 11], [9, 20, 10, 21]]"
11n_101_2,"[[9, 20, 10, 21], [1, 17, 2, 16], [17, 1, 18, 22], [5, 3, 6, 2], [8, 13, 9, 14], [11, 4, 12, 5], [3, 12, 4, 13], [6, 15, 7, 16], [14, 7, 15, 8], [21, 19, 22, 18], [19, 10, 20, 11]]"
11n_101_3,"[[19, 10, 20, 11], [9, 20, 10, 21], [1, 17, 2, 16], [17, 1, 18, 22], [5, 3, 6, 2], [8, 13, 9, 14], [11, 4, 12, 5], [3, 12, 4, 13], [6, 15, 7, 16], [14, 7, 15, 8], [21, 19, 22, 18]]"
11n_101_4,"[[21, 19, 22, 18], [19, 10, 20, 11], [9, 20, 10, 21], [1, 17, 2, 16], [17, 1, 18, 22], [5, 3, 6, 2], [8, 13, 9, 14], [11, 4, 12, 5], [3, 12, 4, 13], [6, 15, 7, 16], [14, 7, 15, 8]]"
11n_101_5,"[[14, 7, 15, 8], [21, 19, 22, 18], [19, 10, 20, 11], [9, 20, 10, 21], [1, 17, 2, 16], [17, 1, 18, 22], [5, 3, 6, 2], [8, 13, 9, 14], [11, 4, 12, 5], [3, 12, 4, 13], [6, 15, 7, 16]]"
11n_101_6,"[[6, 15, 7, 16], [14, 7, 15, 8], [21, 19, 22, 18], [19, 10, 20, 11], [9, 20, 10, 21], [1, 17, 2, 16], [17, 1, 18, 22], [5, 3, 6, 2], [8, 13, 9, 14], [11, 4, 12, 5], [3, 12, 4, 13]]"
11n_101_7,"[[3, 12, 4, 13], [6, 15, 7, 16], [14, 7, 15, 8], [21, 19, 22, 18], [19, 10, 20, 11], [9, 20, 10, 21], [1, 17, 2, 16], [17, 1, 18, 22], [5, 3, 6, 2], [8, 13, 9, 14], [11, 4, 12, 5]]"
11n_101_8,"[[11, 4, 12, 5], [3, 12, 4, 13], [6, 15, 7, 16], [14, 7, 15, 8], [21, 19, 22, 18], [19, 10, 20, 11], [9, 20, 10, 21], [1, 17, 2, 16], [17, 1, 18, 22], [5, 3, 6, 2], [8, 13, 9, 14]]"
11n_101_9,"[[8, 13, 9, 14], [11, 4, 12, 5], [3, 12, 4, 13], [6, 15, 7, 16], [14, 7, 15, 8], [21, 19, 22, 18], [19, 10, 20, 11], [9, 20, 10, 21], [1, 17, 2, 16], [17, 1, 18, 22], [5, 3, 6, 2]]"
11n_101_10,"[[5, 3, 6, 2], [8, 13, 9, 14], [11, 4, 12, 5], [3, 12, 4, 13], [6, 15, 7, 16], [14, 7, 15, 8], [21, 19, 22, 18], [19, 10, 20, 11], [9, 20, 10, 21], [1, 17, 2, 16], [17, 1, 18, 22]]"
11n_101_11,"[[18, 2, 19, 1], [6, 4, 7, 3], [9, 14, 10, 15], [12, 5, 13, 6], [4, 13, 5, 14], [7, 16, 8, 17], [15, 8, 16, 9], [22, 20, 1, 19], [20, 11, 21, 12], [10, 21, 11, 22], [2, 18, 3, 17]]"
11n_101_12,"[[2, 18, 3, 17], [18, 2, 19, 1], [6, 4, 7, 3], [9, 14, 10, 15], [12, 5, 13, 6], [4, 13, 5, 14], [7, 16, 8, 17], [15, 8, 16, 9], [22, 20, 1, 19], [20, 11, 21, 12], [10, 21, 11, 22]]"
11n_101_13,"[[10, 21, 11, 22], [2, 18, 3, 17], [18, 2, 19, 1], [6, 4, 7, 3], [9, 14, 10, 15], [12, 5, 13, 6], [4, 13, 5, 14], [7, 16, 8, 17], [15, 8, 16, 9], [22, 20, 1, 19], [20, 11, 21, 12]]"
11n_101_14,"[[20, 11, 21, 12], [10, 21, 11, 22], [2, 18, 3, 17], [18, 2, 19, 1], [6, 4, 7, 3], [9, 14, 10, 15], [12, 5, 13, 6], [4, 13, 5, 14], [7, 16, 8, 17], [15, 8, 16, 9], [22, 20, 1, 19]]"
11n_101_15,"[[22, 20, 1, 19], [20, 11, 21, 12], [10, 21, 11, 22], [2, 18, 3, 17], [18, 2, 19, 1], [6, 4, 7, 3], [9, 14, 10, 15], [12, 5, 13, 6], [4, 13, 5, 14], [7, 16, 8, 17], [15, 8, 16, 9]]"
11n_101_16,"[[15, 8, 16, 9], [22, 20, 1, 19], [20, 11, 21, 12], [10, 21, 11, 22], [2, 18, 3, 17], [18, 2, 19, 1], [6, 4, 7, 3], [9, 14, 10, 15], [12, 5, 13, 6], [4, 13, 5, 14], [7, 16, 8, 17]]"
11n_101_17,"[[7, 16, 8, 17], [15, 8, 16, 9], [22, 20, 1, 19], [20, 11, 21, 12], [10, 21, 11, 22], [2, 18, 3, 17], [18, 2, 19, 1], [6, 4, 7, 3], [9, 14, 10, 15], [12, 5, 13, 6], [4, 13, 5, 14]]"
11n_101_18,"[[4, 13, 5, 14], [7, 16, 8, 17], [15, 8, 16, 9], [22, 20, 1, 19], [20, 11, 21, 12], [10, 21, 11, 22], [2, 18, 3, 17], [18, 2, 19, 1], [6, 4, 7, 3], [9, 14, 10, 15], [12, 5, 13, 6]]"
11n_101_19,"[[12, 5, 13, 6], [4, 13, 5, 14], [7, 16, 8, 17], [15, 8, 16, 9], [22, 20, 1, 19], [20, 11, 21, 12], [10, 21, 11, 22], [2, 18, 3, 17], [18, 2, 19, 1], [6, 4, 7, 3], [9, 14, 10, 15]]"
11n_101_20,"[[9, 14, 10, 15], [12, 5, 13, 6], [4, 13, 5, 14], [7, 16, 8, 17], [15, 8, 16, 9], [22, 20, 1, 19], [20, 11, 21, 12], [10, 21, 11, 22], [2, 18, 3, 17], [18, 2, 19, 1], [6, 4, 7, 3]]"
11n_101_21,"[[6, 4, 7, 3], [9, 14, 10, 15], [12, 5, 13, 6], [4, 13, 5, 14], [7, 16, 8, 17], [15, 8, 16, 9], [22, 20, 1, 19], [20, 11, 21, 12], [10, 21, 11, 22], [2, 18, 3, 17], [18, 2, 19, 1]]"
11n_101_22,"[[19, 3, 20, 2], [7, 5, 8, 4], [10, 15, 11, 16], [13, 6, 14, 7], [5, 14, 6, 15], [8, 17, 9, 18], [16, 9, 17, 10], [1, 21, 2, 20], [21, 12, 22, 13], [11, 22, 12, 1], [3, 19, 4, 18]]"
11n_101_23,"[[3, 19, 4, 18], [19, 3, 20, 2], [7, 5, 8, 4], [10, 15, 11, 16], [13, 6, 14, 7], [5, 14, 6, 15], [8, 17, 9, 18], [16, 9, 17, 10], [1, 21, 2, 20], [21, 12, 22, 13], [11, 22, 12, 1]]"
11n_101_24,"[[11, 22, 12, 1], [3, 19, 4, 18], [19, 3, 20, 2], [7, 5, 8, 4], [10, 15, 11, 16], [13, 6, 14, 7], [5, 14, 6, 15], [8, 17, 9, 18], [16, 9, 17, 10], [1, 21, 2, 20], [21, 12, 22, 13]]"
11n_101_25,"[[21, 12, 22, 13], [11, 22, 12, 1], [3, 19, 4, 18], [19, 3, 20, 2], [7, 5, 8, 4], [10, 15, 11, 16], [13, 6, 14, 7], [5, 14, 6, 15], [8, 17, 9, 18], [16, 9, 17, 10], [1, 21, 2, 20]]"
11n_101_26,"[[1, 21, 2, 20], [21, 12, 22, 13], [11, 22, 12, 1], [3, 19, 4, 18], [19, 3, 20, 2], [7, 5, 8, 4], [10, 15, 11, 16], [13, 6, 14, 7], [5, 14, 6, 15], [8, 17, 9, 18], [16, 9, 17, 10]]"
11n_101_27,"[[16, 9, 17, 10], [1, 21, 2, 20], [21, 12, 22, 13], [11, 22, 12, 1], [3, 19, 4, 18], [19, 3, 20, 2], [7, 5, 8, 4], [10, 15, 11, 16], [13, 6, 14, 7], [5, 14, 6, 15], [8, 17, 9, 18]]"
11n_101_28,"[[8, 17, 9, 18], [16, 9, 17, 10], [1, 21, 2, 20], [21, 12, 22, 13], [11, 22, 12, 1], [3, 19, 4, 18], [19, 3, 20, 2], [7, 5, 8, 4], [10, 15, 11, 16], [13, 6, 14, 7], [5, 14, 6, 15]]"
11n_101_29,"[[5, 14, 6, 15], [8, 17, 9, 18], [16, 9, 17, 10], [1, 21, 2, 20], [21, 12, 22, 13], [11, 22, 12, 1], [3, 19, 4, 18], [19, 3, 20, 2], [7, 5, 8, 4], [10, 15, 11, 16], [13, 6, 14, 7]]"
11n_101_30,"[[13, 6, 14, 7], [5, 14, 6, 15], [8, 17, 9, 18], [16, 9, 17, 10], [1, 21, 2, 20], [21, 12, 22, 13], [11, 22, 12, 1], [3, 19, 4, 18], [19, 3, 20, 2], [7, 5, 8, 4], [10, 15, 11, 16]]"
11n_101_31,"[[10, 15, 11, 16], [13, 6, 14, 7], [5, 14, 6, 15], [8, 17, 9, 18], [16, 9, 17, 10], [1, 21, 2, 20], [21, 12, 22, 13], [11, 22, 12, 1], [3, 19, 4, 18], [19, 3, 20, 2], [7, 5, 8, 4]]"
11n_101_32,"[[7, 5, 8, 4], [10, 15, 11, 16], [13, 6, 14, 7], [5, 14, 6, 15], [8, 17, 9, 18], [16, 9, 17, 10], [1, 21, 2, 20], [21, 12, 22, 13], [11, 22, 12, 1], [3, 19, 4, 18], [19, 3, 20, 2]]"
11n_101_33,"[[20, 4, 21, 3], [8, 6, 9, 5], [11, 16, 12, 17], [14, 7, 15, 8], [6, 15, 7, 16], [9, 18, 10, 19], [17, 10, 18, 11], [2, 22, 3, 21], [22, 13, 1, 14], [12, 1, 13, 2], [4, 20, 5, 19]]"
11n_101_34,"[[4, 20, 5, 19], [20, 4, 21, 3], [8, 6, 9, 5], [11, 16, 12, 17], [14, 7, 15, 8], [6, 15, 7, 16], [9, 18, 10, 19], [17, 10, 18, 11], [2, 22, 3, 21], [22, 13, 1, 14], [12, 1, 13, 2]]"
11n_101_35,"[[12, 1, 13, 2], [4, 20, 5, 19], [20, 4, 21, 3], [8, 6, 9, 5], [11, 16, 12, 17], [14, 7, 15, 8], [6, 15, 7, 16], [9, 18, 10, 19], [17, 10, 18, 11], [2, 22, 3, 21], [22, 13, 1, 14]]"
11n_101_36,"[[22, 13, 1, 14], [12, 1, 13, 2], [4, 20, 5, 19], [20, 4, 21, 3], [8, 6, 9, 5], [11, 16, 12, 17], [14, 7, 15, 8], [6, 15, 7, 16], [9, 18, 10, 19], [17, 10, 18, 11], [2, 22, 3, 21]]"
11n_101_37,"[[2, 22, 3, 21], [22, 13, 1, 14], [12, 1, 13, 2], [4, 20, 5, 19], [20, 4, 21, 3], [8, 6, 9, 5], [11, 16, 12, 17], [14, 7, 15, 8], [6, 15, 7, 16], [9, 18, 10, 19], [17, 10, 18, 11]]"
11n_101_38,"[[17, 10, 18, 11], [2, 22, 3, 21], [22, 13, 1, 14], [12, 1, 13, 2], [4, 20, 5, 19], [20, 4, 21, 3], [8, 6, 9, 5], [11, 16, 12, 17], [14, 7, 15, 8], [6, 15, 7, 16], [9, 18, 10, 19]]"
11n_101_39,"[[9, 18, 10, 19], [17, 10, 18, 11], [2, 22, 3, 21], [22, 13, 1, 14], [12, 1, 13, 2], [4, 20, 5, 19], [20, 4, 21, 3], [8, 6, 9, 5], [11, 16, 12, 17], [14, 7, 15, 8], [6, 15, 7, 16]]"
11n_101_40,"[[6, 15, 7, 16], [9, 18, 10, 19], [17, 10, 18, 11], [2, 22, 3, 21], [22, 13, 1, 14], [12, 1, 13, 2], [4, 20, 5, 19], [20, 4, 21, 3], [8, 6, 9, 5], [11, 16, 12, 17], [14, 7, 15, 8]]"
11n_101_41,"[[14, 7, 15, 8], [6, 15, 7, 16], [9, 18, 10, 19], [17, 10, 18, 11], [2, 22, 3, 21], [22, 13, 1, 14], [12, 1, 13, 2], [4, 20, 5, 19], [20, 4, 21, 3], [8, 6, 9, 5], [11, 16, 12, 17]]"
11n_101_42,"[[11, 16, 12, 17], [14, 7, 15, 8], [6, 15, 7, 16], [9, 18, 10, 19], [17, 10, 18, 11], [2, 22, 3, 21], [22, 13, 1, 14], [12, 1, 13, 2], [4, 20, 5, 19], [20, 4, 21, 3], [8, 6, 9, 5]]"
11n_101_43,"[[8, 6, 9, 5], [11, 16, 12, 17], [14, 7, 15, 8], [6, 15, 7, 16], [9, 18, 10, 19], [17, 10, 18, 11], [2, 22, 3, 21], [22, 13, 1, 14], [12, 1, 13, 2], [4, 20, 5, 19], [20, 4, 21, 3]]"
11n_101_44,"[[21, 5, 22, 4], [9, 7, 10, 6], [12, 17, 13, 18], [15, 8, 16, 9], [7, 16, 8, 17], [10, 19, 11, 20], [18, 11, 19, 12], [3, 1, 4, 22], [1, 14, 2, 15], [13, 2, 14, 3], [5, 21, 6, 20]]"
11n_101_45,"[[5, 21, 6, 20], [21, 5, 22, 4], [9, 7, 10, 6], [12, 17, 13, 18], [15, 8, 16, 9], [7, 16, 8, 17], [10, 19, 11, 20], [18, 11, 19, 12], [3, 1, 4, 22], [1, 14, 2, 15], [13, 2, 14, 3]]"
11n_101_46,"[[13, 2, 14, 3], [5, 21, 6, 20], [21, 5, 22, 4], [9, 7, 10, 6], [12, 17, 13, 18], [15, 8, 16, 9], [7, 16, 8, 17], [10, 19, 11, 20], [18, 11, 19, 12], [3, 1, 4, 22], [1, 14, 2, 15]]"
11n_101_47,"[[1, 14, 2, 15], [13, 2, 14, 3], [5, 21, 6, 20], [21, 5, 22, 4], [9, 7, 10, 6], [12, 17, 13, 18], [15, 8, 16, 9], [7, 16, 8, 17], [10, 19, 11, 20], [18, 11, 19, 12], [3, 1, 4, 22]]"
11n_101_48,"[[3, 1, 4, 22], [1, 14, 2, 15], [13, 2, 14, 3], [5, 21, 6, 20], [21, 5, 22, 4], [9, 7, 10, 6], [12, 17, 13, 18], [15, 8, 16, 9], [7, 16, 8, 17], [10, 19, 11, 20], [18, 11, 19, 12]]"
11n_101_49,"[[18, 11, 19, 12], [3, 1, 4, 22], [1, 14, 2, 15], [13, 2, 14, 3], [5, 21, 6, 20], [21, 5, 22, 4], [9, 7, 10, 6], [12, 17, 13, 18], [15, 8, 16, 9], [7, 16, 8, 17], [10, 19, 11, 20]]"
11n_101_50,"[[10, 19, 11, 20], [18, 11, 19, 12], [3, 1, 4, 22], [1, 14, 2, 15], [13, 2, 14, 3], [5, 21, 6, 20], [21, 5, 22, 4], [9, 7, 10, 6], [12, 17, 13, 18], [15, 8, 16, 9], [7, 16, 8, 17]]"
11n_101_51,"[[7, 16, 8, 17], [10, 19, 11, 20], [18, 11, 19, 12], [3, 1, 4, 22], [1, 14, 2, 15], [13, 2, 14, 3], [5, 21, 6, 20], [21, 5, 22, 4], [9, 7, 10, 6], [12, 17, 13, 18], [15, 8, 16, 9]]"
11n_101_52,"[[15, 8, 16, 9], [7, 16, 8, 17], [10, 19, 11, 20], [18, 11, 19, 12], [3, 1, 4, 22], [1, 14, 2, 15], [13, 2, 14, 3], [5, 21, 6, 20], [21, 5, 22, 4], [9, 7, 10, 6], [12, 17, 13, 18]]"
11n_101_53,"[[12, 17, 13, 18], [15, 8, 16, 9], [7, 16, 8, 17], [10, 19, 11, 20], [18, 11, 19, 12], [3, 1, 4, 22], [1, 14, 2, 15], [13, 2, 14, 3], [5, 21, 6, 20], [21, 5, 22, 4], [9, 7, 10, 6]]"
11n_101_54,"[[9, 7, 10, 6], [12, 17, 13, 18], [15, 8, 16, 9], [7, 16, 8, 17], [10, 19, 11, 20], [18, 11, 19, 12], [3, 1, 4, 22], [1, 14, 2, 15], [13, 2, 14, 3], [5, 21, 6, 20], [21, 5, 22, 4]]"
11n_101_55,"[[22, 6, 1, 5], [10, 8, 11, 7], [13, 18, 14, 19], [16, 9, 17, 10], [8, 17, 9, 18], [11, 20, 12, 21], [19, 12, 20, 13], [4, 2, 5, 1], [2, 15, 3, 16], [14, 3, 15, 4], [6, 22, 7, 21]]"
11n_101_56,"[[6, 22, 7, 21], [22, 6, 1, 5], [10, 8, 11, 7], [13, 18, 14, 19], [16, 9, 17, 10], [8, 17, 9, 18], [11, 20, 12, 21], [19, 12, 20, 13], [4, 2, 5, 1], [2, 15, 3, 16], [14, 3, 15, 4]]"
11n_101_57,"[[14, 3, 15, 4], [6, 22, 7, 21], [22, 6, 1, 5], [10, 8, 11, 7], [13, 18, 14, 19], [16, 9, 17, 10], [8, 17, 9, 18], [11, 20, 12, 21], [19, 12, 20, 13], [4, 2, 5, 1], [2, 15, 3, 16]]"
11n_101_58,"[[2, 15, 3, 16], [14, 3, 15, 4], [6, 22, 7, 21], [22, 6, 1, 5], [10, 8, 11, 7], [13, 18, 14, 19], [16, 9, 17, 10], [8, 17, 9, 18], [11, 20, 12, 21], [19, 12, 20, 13], [4, 2, 5, 1]]"
11n_101_59,"[[4, 2, 5, 1], [2, 15, 3, 16], [14, 3, 15, 4], [6, 22, 7, 21], [22, 6, 1, 5], [10, 8, 11, 7], [13, 18, 14, 19], [16, 9, 17, 10], [8, 17, 9, 18], [11, 20, 12, 21], [19, 12, 20, 13]]"
11n_101_60,"[[19, 12, 20, 13], [4, 2, 5, 1], [2, 15, 3, 16], [14, 3, 15, 4], [6, 22, 7, 21], [22, 6, 1, 5], [10, 8, 11, 7], [13, 18, 14, 19], [16, 9, 17, 10], [8, 17, 9, 18], [11, 20, 12, 21]]"
11n_101_61,"[[11, 20, 12, 21], [19, 12, 20, 13], [4, 2, 5, 1], [2, 15, 3, 16], [14, 3, 15, 4], [6, 22, 7, 21], [22, 6, 1, 5], [10, 8, 11, 7], [13, 18, 14, 19], [16, 9, 17, 10], [8, 17, 9, 18]]"
11n_101_62,"[[8, 17, 9, 18], [11, 20, 12, 21], [19, 12, 20, 13], [4, 2, 5, 1], [2, 15, 3, 16], [14, 3, 15, 4], [6, 22, 7, 21], [22, 6, 1, 5], [10, 8, 11, 7], [13, 18, 14, 19], [16, 9, 17, 10]]"
11n_101_63,"[[16, 9, 17, 10], [8, 17, 9, 18], [11, 20, 12, 21], [19, 12, 20, 13], [4, 2, 5, 1], [2, 15, 3, 16], [14, 3, 15, 4], [6, 22, 7, 21], [22, 6, 1, 5], [10, 8, 11, 7], [13, 18, 14, 19]]"
11n_101_64,"[[13, 18, 14, 19], [16, 9, 17, 10], [8, 17, 9, 18], [11, 20, 12, 21], [19, 12, 20, 13], [4, 2, 5, 1], [2, 15, 3, 16], [14, 3, 15, 4], [6, 22, 7, 21], [22, 6, 1, 5], [10, 8, 11, 7]]"
11n_101_65,"[[10, 8, 11, 7], [13, 18, 14, 19], [16, 9, 17, 10], [8, 17, 9, 18], [11, 20, 12, 21], [19, 12, 20, 13], [4, 2, 5, 1], [2, 15, 3, 16], [14, 3, 15, 4], [6, 22, 7, 21], [22, 6, 1, 5]]"
11n_101_66,"[[1, 7, 2, 6], [11, 9, 12, 8], [14, 19, 15, 20], [17, 10, 18, 11], [9, 18, 10, 19], [12, 21, 13, 22], [20, 13, 21, 14], [5, 3, 6, 2], [3, 16, 4, 17], [15, 4, 16, 5], [7, 1, 8, 22]]"
11n_101_67,"[[7, 1, 8, 22], [1, 7, 2, 6], [11, 9, 12, 8], [14, 19, 15, 20], [17, 10, 18, 11], [9, 18, 10, 19], [12, 21, 13, 22], [20, 13, 21, 14], [5, 3, 6, 2], [3, 16, 4, 17], [15, 4, 16, 5]]"
11n_101_68,"[[15, 4, 16, 5], [7, 1, 8, 22], [1, 7, 2, 6], [11, 9, 12, 8], [14, 19, 15, 20], [17, 10, 18, 11], [9, 18, 10, 19], [12, 21, 13, 22], [20, 13, 21, 14], [5, 3, 6, 2], [3, 16, 4, 17]]"
11n_101_69,"[[3, 16, 4, 17], [15, 4, 16, 5], [7, 1, 8, 22], [1, 7, 2, 6], [11, 9, 12, 8], [14, 19, 15, 20], [17, 10, 18, 11], [9, 18, 10, 19], [12, 21, 13, 22], [20, 13, 21, 14], [5, 3, 6, 2]]"
11n_101_70,"[[5, 3, 6, 2], [3, 16, 4, 17], [15, 4, 16, 5], [7, 1, 8, 22], [1, 7, 2, 6], [11, 9, 12, 8], [14, 19, 15, 20], [17, 10, 18, 11], [9, 18, 10, 19], [12, 21, 13, 22], [20, 13, 21, 14]]"
11n_101_71,"[[20, 13, 21, 14], [5, 3, 6, 2], [3, 16, 4, 17], [15, 4, 16, 5], [7, 1, 8, 22], [1, 7, 2, 6], [11, 9, 12, 8], [14, 19, 15, 20], [17, 10, 18, 11], [9, 18, 10, 19], [12, 21, 13, 22]]"
11n_101_72,"[[12, 21, 13, 22], [20, 13, 21, 14], [5, 3, 6, 2], [3, 16, 4, 17], [15, 4, 16, 5], [7, 1, 8, 22], [1, 7, 2, 6], [11, 9, 12, 8], [14, 19, 15, 20], [17, 10, 18, 11], [9, 18, 10, 19]]"
11n_101_73,"[[9, 18, 10, 19], [12, 21, 13, 22], [20, 13, 21, 14], [5, 3, 6, 2], [3, 16, 4, 17], [15, 4, 16, 5], [7, 1, 8, 22], [1, 7, 2, 6], [11, 9, 12, 8], [14, 19, 15, 20], [17, 10, 18, 11]]"
11n_101_74,"[[17, 10, 18, 11], [9, 18, 10, 19], [12, 21, 13, 22], [20, 13, 21, 14], [5, 3, 6, 2], [3, 16, 4, 17], [15, 4, 16, 5], [7, 1, 8, 22], [1, 7, 2, 6], [11, 9, 12, 8], [14, 19, 15, 20]]"
11n_101_75,"[[14, 19, 15, 20], [17, 10, 18, 11], [9, 18, 10, 19], [12, 21, 13, 22], [20, 13, 21, 14], [5, 3, 6, 2], [3, 16, 4, 17], [15, 4, 16, 5], [7, 1, 8, 22], [1, 7, 2, 6], [11, 9, 12, 8]]"
11n_101_76,"[[11, 9, 12, 8], [14, 19, 15, 20], [17, 10, 18, 11], [9, 18, 10, 19], [12, 21, 13, 22], [20, 13, 21, 14], [5, 3, 6, 2], [3, 16, 4, 17], [15, 4, 16, 5], [7, 1, 8, 22], [1, 7, 2, 6]]"
11n_101_77,"[[2, 8, 3, 7], [12, 10, 13, 9], [15, 20, 16, 21], [18, 11, 19, 12], [10, 19, 11, 20], [13, 22, 14, 1], [21, 14, 22, 15], [6, 4, 7, 3], [4, 17, 5, 18], [16, 5, 17, 6], [8, 2, 9, 1]]"
11n_101_78,"[[8, 2, 9, 1], [2, 8, 3, 7], [12, 10, 13, 9], [15, 20, 16, 21], [18, 11, 19, 12], [10, 19, 11, 20], [13, 22, 14, 1], [21, 14, 22, 15], [6, 4, 7, 3], [4, 17, 5, 18], [16, 5, 17, 6]]"
11n_101_79,"[[16, 5, 17, 6], [8, 2, 9, 1], [2, 8, 3, 7], [12, 10, 13, 9], [15, 20, 16, 21], [18, 11, 19, 12], [10, 19, 11, 20], [13, 22, 14, 1], [21, 14, 22, 15], [6, 4, 7, 3], [4, 17, 5, 18]]"
11n_101_80,"[[4, 17, 5, 18], [16, 5, 17, 6], [8, 2, 9, 1], [2, 8, 3, 7], [12, 10, 13, 9], [15, 20, 16, 21], [18, 11, 19, 12], [10, 19, 11, 20], [13, 22, 14, 1], [21, 14, 22, 15], [6, 4, 7, 3]]"
11n_101_81,"[[6, 4, 7, 3], [4, 17, 5, 18], [16, 5, 17, 6], [8, 2, 9, 1], [2, 8, 3, 7], [12, 10, 13, 9], [15, 20, 16, 21], [18, 11, 19, 12], [10, 19, 11, 20], [13, 22, 14, 1], [21, 14, 22, 15]]"
11n_101_82,"[[21, 14, 22, 15], [6, 4, 7, 3], [4, 17, 5, 18], [16, 5, 17, 6], [8, 2, 9, 1], [2, 8, 3, 7], [12, 10, 13, 9], [15, 20, 16, 21], [18, 11, 19, 12], [10, 19, 11, 20], [13, 22, 14, 1]]"
11n_101_83,"[[13, 22, 14, 1], [21, 14, 22, 15], [6, 4, 7, 3], [4, 17, 5, 18], [16, 5, 17, 6], [8, 2, 9, 1], [2, 8, 3, 7], [12, 10, 13, 9], [15, 20, 16, 21], [18, 11, 19, 12], [10, 19, 11, 20]]"
11n_101_84,"[[10, 19, 11, 20], [13, 22, 14, 1], [21, 14, 22, 15], [6, 4, 7, 3], [4, 17, 5, 18], [16, 5, 17, 6], [8, 2, 9, 1], [2, 8, 3, 7], [12, 10, 13, 9], [15, 20, 16, 21], [18, 11, 19, 12]]"
11n_101_85,"[[18, 11, 19, 12], [10, 19, 11, 20], [13, 22, 14, 1], [21, 14, 22, 15], [6, 4, 7, 3], [4, 17, 5, 18], [16, 5, 17, 6], [8, 2, 9, 1], [2, 8, 3, 7], [12, 10, 13, 9], [15, 20, 16, 21]]"
11n_101_86,"[[15, 20, 16, 21], [18, 11, 19, 12], [10, 19, 11, 20], [13, 22, 14, 1], [21, 14, 22, 15], [6, 4, 7, 3], [4, 17, 5, 18], [16, 5, 17, 6], [8, 2, 9, 1], [2, 8, 3, 7], [12, 10, 13, 9]]"
11n_101_87,"[[12, 10, 13, 9], [15, 20, 16, 21], [18, 11, 19, 12], [10, 19, 11, 20], [13, 22, 14, 1], [21, 14, 22, 15], [6, 4, 7, 3], [4, 17, 5, 18], [16, 5, 17, 6], [8, 2, 9, 1], [2, 8, 3, 7]]"
11n_101_88,"[[3, 9, 4, 8], [13, 11, 14, 10], [16, 21, 17, 22], [19, 12, 20, 13], [11, 20, 12, 21], [14, 1, 15, 2], [22, 15, 1, 16], [7, 5, 8, 4], [5, 18, 6, 19], [17, 6, 18, 7], [9, 3, 10, 2]]"
11n_101_89,"[[9, 3, 10, 2], [3, 9, 4, 8], [13, 11, 14, 10], [16, 21, 17, 22], [19, 12, 20, 13], [11, 20, 12, 21], [14, 1, 15, 2], [22, 15, 1, 16], [7, 5, 8, 4], [5, 18, 6, 19], [17, 6, 18, 7]]"
11n_101_90,"[[17, 6, 18, 7], [9, 3, 10, 2], [3, 9, 4, 8], [13, 11, 14, 10], [16, 21, 17, 22], [19, 12, 20, 13], [11, 20, 12, 21], [14, 1, 15, 2], [22, 15, 1, 16], [7, 5, 8, 4], [5, 18, 6, 19]]"
11n_101_91,"[[5, 18, 6, 19], [17, 6, 18, 7], [9, 3, 10, 2], [3, 9, 4, 8], [13, 11, 14, 10], [16, 21, 17, 22], [19, 12, 20, 13], [11, 20, 12, 21], [14, 1, 15, 2], [22, 15, 1, 16], [7, 5, 8, 4]]"
11n_101_92,"[[7, 5, 8, 4], [5, 18, 6, 19], [17, 6, 18, 7], [9, 3, 10, 2], [3, 9, 4, 8], [13, 11, 14, 10], [16, 21, 17, 22], [19, 12, 20, 13], [11, 20, 12, 21], [14, 1, 15, 2], [22, 15, 1, 16]]"
11n_101_93,"[[22, 15, 1, 16], [7, 5, 8, 4], [5, 18, 6, 19], [17, 6, 18, 7], [9, 3, 10, 2], [3, 9, 4, 8], [13, 11, 14, 10], [16, 21, 17, 22], [19, 12, 20, 13], [11, 20, 12, 21], [14, 1, 15, 2]]"
11n_101_94,"[[14, 1, 15, 2], [22, 15, 1, 16], [7, 5, 8, 4], [5, 18, 6, 19], [17, 6, 18, 7], [9, 3, 10, 2], [3, 9, 4, 8], [13, 11, 14, 10], [16, 21, 17, 22], [19, 12, 20, 13], [11, 20, 12, 21]]"
11n_101_95,"[[11, 20, 12, 21], [14, 1, 15, 2], [22, 15, 1, 16], [7, 5, 8, 4], [5, 18, 6, 19], [17, 6, 18, 7], [9, 3, 10, 2], [3, 9, 4, 8], [13, 11, 14, 10], [16, 21, 17, 22], [19, 12, 20, 13]]"
11n_101_96,"[[19, 12, 20, 13], [11, 20, 12, 21], [14, 1, 15, 2], [22, 15, 1, 16], [7, 5, 8, 4], [5, 18, 6, 19], [17, 6, 18, 7], [9, 3, 10, 2], [3, 9, 4, 8], [13, 11, 14, 10], [16, 21, 17, 22]]"
11n_101_97,"[[16, 21, 17, 22], [19, 12, 20, 13], [11, 20, 12, 21], [14, 1, 15, 2], [22, 15, 1, 16], [7, 5, 8, 4], [5, 18, 6, 19], [17, 6, 18, 7], [9, 3, 10, 2], [3, 9, 4, 8], [13, 11, 14, 10]]"
11n_101_98,"[[13, 11, 14, 10], [16, 21, 17, 22], [19, 12, 20, 13], [11, 20, 12, 21], [14, 1, 15, 2], [22, 15, 1, 16], [7, 5, 8, 4], [5, 18, 6, 19], [17, 6, 18, 7], [9, 3, 10, 2], [3, 9, 4, 8]]"
11n_101_99,"[[4, 10, 5, 9], [14, 12, 15, 11], [17, 22, 18, 1], [20, 13, 21, 14], [12, 21, 13, 22], [15, 2, 16, 3], [1, 16, 2, 17], [8, 6, 9, 5], [6, 19, 7, 20], [18, 7, 19, 8], [10, 4, 11, 3]]"
11n_101_100,"[[10, 4, 11, 3], [4, 10, 5, 9], [14, 12, 15, 11], [17, 22, 18, 1], [20, 13, 21, 14], [12, 21, 13, 22], [15, 2, 16, 3], [1, 16, 2, 17], [8, 6, 9, 5], [6, 19, 7, 20], [18, 7, 19, 8]]"
11n_101_101,"[[18, 7, 19, 8], [10, 4, 11, 3], [4, 10, 5, 9], [14, 12, 15, 11], [17, 22, 18, 1], [20, 13, 21, 14], [12, 21, 13, 22], [15, 2, 16, 3], [1, 16, 2, 17], [8, 6, 9, 5], [6, 19, 7, 20]]"
11n_101_102,"[[6, 19, 7, 20], [18, 7, 19, 8], [10, 4, 11, 3], [4, 10, 5, 9], [14, 12, 15, 11], [17, 22, 18, 1], [20, 13, 21, 14], [12, 21, 13, 22], [15, 2, 16, 3], [1, 16, 2, 17], [8, 6, 9, 5]]"
11n_101_103,"[[8, 6, 9, 5], [6, 19, 7, 20], [18, 7, 19, 8], [10, 4, 11, 3], [4, 10, 5, 9], [14, 12, 15, 11], [17, 22, 18, 1], [20, 13, 21, 14], [12, 21, 13, 22], [15, 2, 16, 3], [1, 16, 2, 17]]"
11n_101_104,"[[1, 16, 2, 17], [8, 6, 9, 5], [6, 19, 7, 20], [18, 7, 19, 8], [10, 4, 11, 3], [4, 10, 5, 9], [14, 12, 15, 11], [17, 22, 18, 1], [20, 13, 21, 14], [12, 21, 13, 22], [15, 2, 16, 3]]"
11n_101_105,"[[15, 2, 16, 3], [1, 16, 2, 17], [8, 6, 9, 5], [6, 19, 7, 20], [18, 7, 19, 8], [10, 4, 11, 3], [4, 10, 5, 9], [14, 12, 15, 11], [17, 22, 18, 1], [20, 13, 21, 14], [12, 21, 13, 22]]"
11n_101_106,"[[12, 21, 13, 22], [15, 2, 16, 3], [1, 16, 2, 17], [8, 6, 9, 5], [6, 19, 7, 20], [18, 7, 19, 8], [10, 4, 11, 3], [4, 10, 5, 9], [14, 12, 15, 11], [17, 22, 18, 1], [20, 13, 21, 14]]"
11n_101_107,"[[20, 13, 21, 14], [12, 21, 13, 22], [15, 2, 16, 3], [1, 16, 2, 17], [8, 6, 9, 5], [6, 19, 7, 20], [18, 7, 19, 8], [10, 4, 11, 3], [4, 10, 5, 9], [14, 12, 15, 11], [17, 22, 18, 1]]"
11n_101_108,"[[17, 22, 18, 1], [20, 13, 21, 14], [12, 21, 13, 22], [15, 2, 16, 3], [1, 16, 2, 17], [8, 6, 9, 5], [6, 19, 7, 20], [18, 7, 19, 8], [10, 4, 11, 3], [4, 10, 5, 9], [14, 12, 15, 11]]"
11n_101_109,"[[14, 12, 15, 11], [17, 22, 18, 1], [20, 13, 21, 14], [12, 21, 13, 22], [15, 2, 16, 3], [1, 16, 2, 17], [8, 6, 9, 5], [6, 19, 7, 20], [18, 7, 19, 8], [10, 4, 11, 3], [4, 10, 5, 9]]"
11n_101_110,"[[5, 11, 6, 10], [15, 13, 16, 12], [18, 1, 19, 2], [21, 14, 22, 15], [13, 22, 14, 1], [16, 3, 17, 4], [2, 17, 3, 18], [9, 7, 10, 6], [7, 20, 8, 21], [19, 8, 20, 9], [11, 5, 12, 4]]"
11n_101_111,"[[11, 5, 12, 4], [5, 11, 6, 10], [15, 13, 16, 12], [18, 1, 19, 2], [21, 14, 22, 15], [13, 22, 14, 1], [16, 3, 17, 4], [2, 17, 3, 18], [9, 7, 10, 6], [7, 20, 8, 21], [19, 8, 20, 9]]"
11n_101_112,"[[19, 8, 20, 9], [11, 5, 12, 4], [5, 11, 6, 10], [15, 13, 16, 12], [18, 1, 19, 2], [21, 14, 22, 15], [13, 22, 14, 1], [16, 3, 17, 4], [2, 17, 3, 18], [9, 7, 10, 6], [7, 20, 8, 21]]"
11n_101_113,"[[7, 20, 8, 21], [19, 8, 20, 9], [11, 5, 12, 4], [5, 11, 6, 10], [15, 13, 16, 12], [18, 1, 19, 2], [21, 14, 22, 15], [13, 22, 14, 1], [16, 3, 17, 4], [2, 17, 3, 18], [9, 7, 10, 6]]"
11n_101_114,"[[9, 7, 10, 6], [7, 20, 8, 21], [19, 8, 20, 9], [11, 5, 12, 4], [5, 11, 6, 10], [15, 13, 16, 12], [18, 1, 19, 2], [21, 14, 22, 15], [13, 22, 14, 1], [16, 3, 17, 4], [2, 17, 3, 18]]"
11n_101_115,"[[2, 17, 3, 18], [9, 7, 10, 6], [7, 20, 8, 21], [19, 8, 20, 9], [11, 5, 12, 4], [5, 11, 6, 10], [15, 13, 16, 12], [18, 1, 19, 2], [21, 14, 22, 15], [13, 22, 14, 1], [16, 3, 17, 4]]"
11n_101_116,"[[16, 3, 17, 4], [2, 17, 3, 18], [9, 7, 10, 6], [7, 20, 8, 21], [19, 8, 20, 9], [11, 5, 12, 4], [5, 11, 6, 10], [15, 13, 16, 12], [18, 1, 19, 2], [21, 14, 22, 15], [13, 22, 14, 1]]"
11n_101_117,"[[13, 22, 14, 1], [16, 3, 17, 4], [2, 17, 3, 18], [9, 7, 10, 6], [7, 20, 8, 21], [19, 8, 20, 9], [11, 5, 12, 4], [5, 11, 6, 10], [15, 13, 16, 12], [18, 1, 19, 2], [21, 14, 22, 15]]"
11n_101_118,"[[21, 14, 22, 15], [13, 22, 14, 1], [16, 3, 17, 4], [2, 17, 3, 18], [9, 7, 10, 6], [7, 20, 8, 21], [19, 8, 20, 9], [11, 5, 12, 4], [5, 11, 6, 10], [15, 13, 16, 12], [18, 1, 19, 2]]"
11n_101_119,"[[18, 1, 19, 2], [21, 14, 22, 15], [13, 22, 14, 1], [16, 3, 17, 4], [2, 17, 3, 18], [9, 7, 10, 6], [7, 20, 8, 21], [19, 8, 20, 9], [11, 5, 12, 4], [5, 11, 6, 10], [15, 13, 16, 12]]"
11n_101_120,"[[15, 13, 16, 12], [18, 1, 19, 2], [21, 14, 22, 15], [13, 22, 14, 1], [16, 3, 17, 4], [2, 17, 3, 18], [9, 7, 10, 6], [7, 20, 8, 21], [19, 8, 20, 9], [11, 5, 12, 4], [5, 11, 6, 10]]"
11n_101_121,"[[6, 12, 7, 11], [16, 14, 17, 13], [19, 2, 20, 3], [22, 15, 1, 16], [14, 1, 15, 2], [17, 4, 18, 5], [3, 18, 4, 19], [10, 8, 11, 7], [8, 21, 9, 22], [20, 9, 21, 10], [12, 6, 13, 5]]"
11n_101_122,"[[12, 6, 13, 5], [6, 12, 7, 11], [16, 14, 17, 13], [19, 2, 20, 3], [22, 15, 1, 16], [14, 1, 15, 2], [17, 4, 18, 5], [3, 18, 4, 19], [10, 8, 11, 7], [8, 21, 9, 22], [20, 9, 21, 10]]"
11n_101_123,"[[20, 9, 21, 10], [12, 6, 13, 5], [6, 12, 7, 11], [16, 14, 17, 13], [19, 2, 20, 3], [22, 15, 1, 16], [14, 1, 15, 2], [17, 4, 18, 5], [3, 18, 4, 19], [10, 8, 11, 7], [8, 21, 9, 22]]"
11n_101_124,"[[8, 21, 9, 22], [20, 9, 21, 10], [12, 6, 13, 5], [6, 12, 7, 11], [16, 14, 17, 13], [19, 2, 20, 3], [22, 15, 1, 16], [14, 1, 15, 2], [17, 4, 18, 5], [3, 18, 4, 19], [10, 8, 11, 7]]"
11n_101_125,"[[10, 8, 11, 7], [8, 21, 9, 22], [20, 9, 21, 10], [12, 6, 13, 5], [6, 12, 7, 11], [16, 14, 17, 13], [19, 2, 20, 3], [22, 15, 1, 16], [14, 1, 15, 2], [17, 4, 18, 5], [3, 18, 4, 19]]"
11n_101_126,"[[3, 18, 4, 19], [10, 8, 11, 7], [8, 21, 9, 22], [20, 9, 21, 10], [12, 6, 13, 5], [6, 12, 7, 11], [16, 14, 17, 13], [19, 2, 20, 3], [22, 15, 1, 16], [14, 1, 15, 2], [17, 4, 18, 5]]"
11n_101_127,"[[17, 4, 18, 5], [3, 18, 4, 19], [10, 8, 11, 7], [8, 21, 9, 22], [20, 9, 21, 10], [12, 6, 13, 5], [6, 12, 7, 11], [16, 14, 17, 13], [19, 2, 20, 3], [22, 15, 1, 16], [14, 1, 15, 2]]"
11n_101_128,"[[14, 1, 15, 2], [17, 4, 18, 5], [3, 18, 4, 19], [10, 8, 11, 7], [8, 21, 9, 22], [20, 9, 21, 10], [12, 6, 13, 5], [6, 12, 7, 11], [16, 14, 17, 13], [19, 2, 20, 3], [22, 15, 1, 16]]"
11n_101_129,"[[22, 15, 1, 16], [14, 1, 15, 2], [17, 4, 18, 5], [3, 18, 4, 19], [10, 8, 11, 7], [8, 21, 9, 22], [20, 9, 21, 10], [12, 6, 13, 5], [6, 12, 7, 11], [16, 14, 17, 13], [19, 2, 20, 3]]"
11n_101_130,"[[19, 2, 20, 3], [22, 15, 1, 16], [14, 1, 15, 2], [17, 4, 18, 5], [3, 18, 4, 19], [10, 8, 11, 7], [8, 21, 9, 22], [20, 9, 21, 10], [12, 6, 13, 5], [6, 12, 7, 11], [16, 14, 17, 13]]"
11n_101_131,"[[16, 14, 17, 13], [19, 2, 20, 3], [22, 15, 1, 16], [14, 1, 15, 2], [17, 4, 18, 5], [3, 18, 4, 19], [10, 8, 11, 7], [8, 21, 9, 22], [20, 9, 21, 10], [12, 6, 13, 5], [6, 12, 7, 11]]"
11n_101_132,"[[7, 13, 8, 12], [17, 15, 18, 14], [20, 3, 21, 4], [1, 16, 2, 17], [15, 2, 16, 3], [18, 5, 19, 6], [4, 19, 5, 20], [11, 9, 12, 8], [9, 22, 10, 1], [21, 10, 22, 11], [13, 7, 14, 6]]"
11n_101_133,"[[13, 7, 14, 6], [7, 13, 8, 12], [17, 15, 18, 14], [20, 3, 21, 4], [1, 16, 2, 17], [15, 2, 16, 3], [18, 5, 19, 6], [4, 19, 5, 20], [11, 9, 12, 8], [9, 22, 10, 1], [21, 10, 22, 11]]"
11n_101_134,"[[21, 10, 22, 11], [13, 7, 14, 6], [7, 13, 8, 12], [17, 15, 18, 14], [20, 3, 21, 4], [1, 16, 2, 17], [15, 2, 16, 3], [18, 5, 19, 6], [4, 19, 5, 20], [11, 9, 12, 8], [9, 22, 10, 1]]"
11n_101_135,"[[9, 22, 10, 1], [21, 10, 22, 11], [13, 7, 14, 6], [7, 13, 8, 12], [17, 15, 18, 14], [20, 3, 21, 4], [1, 16, 2, 17], [15, 2, 16, 3], [18, 5, 19, 6], [4, 19, 5, 20], [11, 9, 12, 8]]"
11n_101_136,"[[11, 9, 12, 8], [9, 22, 10, 1], [21, 10, 22, 11], [13, 7, 14, 6], [7, 13, 8, 12], [17, 15, 18, 14], [20, 3, 21, 4], [1, 16, 2, 17], [15, 2, 16, 3], [18, 5, 19, 6], [4, 19, 5, 20]]"
11n_101_137,"[[4, 19, 5, 20], [11, 9, 12, 8], [9, 22, 10, 1], [21, 10, 22, 11], [13, 7, 14, 6], [7, 13, 8, 12], [17, 15, 18, 14], [20, 3, 21, 4], [1, 16, 2, 17], [15, 2, 16, 3], [18, 5, 19, 6]]"
11n_101_138,"[[18, 5, 19, 6], [4, 19, 5, 20], [11, 9, 12, 8], [9, 22, 10, 1], [21, 10, 22, 11], [13, 7, 14, 6], [7, 13, 8, 12], [17, 15, 18, 14], [20, 3, 21, 4], [1, 16, 2, 17], [15, 2, 16, 3]]"
11n_101_139,"[[15, 2, 16, 3], [18, 5, 19, 6], [4, 19, 5, 20], [11, 9, 12, 8], [9, 22, 10, 1], [21, 10, 22, 11], [13, 7, 14, 6], [7, 13, 8, 12], [17, 15, 18, 14], [20, 3, 21, 4], [1, 16, 2, 17]]"
11n_101_140,"[[1, 16, 2, 17], [15, 2, 16, 3], [18, 5, 19, 6], [4, 19, 5, 20], [11, 9, 12, 8], [9, 22, 10, 1], [21, 10, 22, 11], [13, 7, 14, 6], [7, 13, 8, 12], [17, 15, 18, 14], [20, 3, 21, 4]]"
11n_101_141,"[[20, 3, 21, 4], [1, 16, 2, 17], [15, 2, 16, 3], [18, 5, 19, 6], [4, 19, 5, 20], [11, 9, 12, 8], [9, 22, 10, 1], [21, 10, 22, 11], [13, 7, 14, 6], [7, 13, 8, 12], [17, 15, 18, 14]]"
11n_101_142,"[[17, 15, 18, 14], [20, 3, 21, 4], [1, 16, 2, 17], [15, 2, 16, 3], [18, 5, 19, 6], [4, 19, 5, 20], [11, 9, 12, 8], [9, 22, 10, 1], [21, 10, 22, 11], [13, 7, 14, 6], [7, 13, 8, 12]]"
11n_101_143,"[[8, 14, 9, 13], [18, 16, 19, 15], [21, 4, 22, 5], [2, 17, 3, 18], [16, 3, 17, 4], [19, 6, 20, 7], [5, 20, 6, 21], [12, 10, 13, 9], [10, 1, 11, 2], [22, 11, 1, 12], [14, 8, 15, 7]]"
11n_101_144,"[[14, 8, 15, 7], [8, 14, 9, 13], [18, 16, 19, 15], [21, 4, 22, 5], [2, 17, 3, 18], [16, 3, 17, 4], [19, 6, 20, 7], [5, 20, 6, 21], [12, 10, 13, 9], [10, 1, 11, 2], [22, 11, 1, 12]]"
11n_101_145,"[[22, 11, 1, 12], [14, 8, 15, 7], [8, 14, 9, 13], [18, 16, 19, 15], [21, 4, 22, 5], [2, 17, 3, 18], [16, 3, 17, 4], [19, 6, 20, 7], [5, 20, 6, 21], [12, 10, 13, 9], [10, 1, 11, 2]]"
11n_101_146,"[[10, 1, 11, 2], [22, 11, 1, 12], [14, 8, 15, 7], [8, 14, 9, 13], [18, 16, 19, 15], [21, 4, 22, 5], [2, 17, 3, 18], [16, 3, 17, 4], [19, 6, 20, 7], [5, 20, 6, 21], [12, 10, 13, 9]]"
11n_101_147,"[[12, 10, 13, 9], [10, 1, 11, 2], [22, 11, 1, 12], [14, 8, 15, 7], [8, 14, 9, 13], [18, 16, 19, 15], [21, 4, 22, 5], [2, 17, 3, 18], [16, 3, 17, 4], [19, 6, 20, 7], [5, 20, 6, 21]]"
11n_101_148,"[[5, 20, 6, 21], [12, 10, 13, 9], [10, 1, 11, 2], [22, 11, 1, 12], [14, 8, 15, 7], [8, 14, 9, 13], [18, 16, 19, 15], [21, 4, 22, 5], [2, 17, 3, 18], [16, 3, 17, 4], [19, 6, 20, 7]]"
11n_101_149,"[[19, 6, 20, 7], [5, 20, 6, 21], [12, 10, 13, 9], [10, 1, 11, 2], [22, 11, 1, 12], [14, 8, 15, 7], [8, 14, 9, 13], [18, 16, 19, 15], [21, 4, 22, 5], [2, 17, 3, 18], [16, 3, 17, 4]]"
11n_101_150,"[[16, 3, 17, 4], [19, 6, 20, 7], [5, 20, 6, 21], [12, 10, 13, 9], [10, 1, 11, 2], [22, 11, 1, 12], [14, 8, 15, 7], [8, 14, 9, 13], [18, 16, 19, 15], [21, 4, 22, 5], [2, 17, 3, 18]]"
11n_101_151,"[[2, 17, 3, 18], [16, 3, 17, 4], [19, 6, 20, 7], [5, 20, 6, 21], [12, 10, 13, 9], [10, 1, 11, 2], [22, 11, 1, 12], [14, 8, 15, 7], [8, 14, 9, 13], [18, 16, 19, 15], [21, 4, 22, 5]]"
11n_101_152,"[[21, 4, 22, 5], [2, 17, 3, 18], [16, 3, 17, 4], [19, 6, 20, 7], [5, 20, 6, 21], [12, 10, 13, 9], [10, 1, 11, 2], [22, 11, 1, 12], [14, 8, 15, 7], [8, 14, 9, 13], [18, 16, 19, 15]]"
11n_101_153,"[[18, 16, 19, 15], [21, 4, 22, 5], [2, 17, 3, 18], [16, 3, 17, 4], [19, 6, 20, 7], [5, 20, 6, 21], [12, 10, 13, 9], [10, 1, 11, 2], [22, 11, 1, 12], [14, 8, 15, 7], [8, 14, 9, 13]]"
11n_101_154,"[[9, 15, 10, 14], [19, 17, 20, 16], [22, 5, 1, 6], [3, 18, 4, 19], [17, 4, 18, 5], [20, 7, 21, 8], [6, 21, 7, 22], [13, 11, 14, 10], [11, 2, 12, 3], [1, 12, 2, 13], [15, 9, 16, 8]]"
11n_101_155,"[[15, 9, 16, 8], [9, 15, 10, 14], [19, 17, 20, 16], [22, 5, 1, 6], [3, 18, 4, 19], [17, 4, 18, 5], [20, 7, 21, 8], [6, 21, 7, 22], [13, 11, 14, 10], [11, 2, 12, 3], [1, 12, 2, 13]]"
11n_101_156,"[[1, 12, 2, 13], [15, 9, 16, 8], [9, 15, 10, 14], [19, 17, 20, 16], [22, 5, 1, 6], [3, 18, 4, 19], [17, 4, 18, 5], [20, 7, 21, 8], [6, 21, 7, 22], [13, 11, 14, 10], [11, 2, 12, 3]]"
11n_101_157,"[[11, 2, 12, 3], [1, 12, 2, 13], [15, 9, 16, 8], [9, 15, 10, 14], [19, 17, 20, 16], [22, 5, 1, 6], [3, 18, 4, 19], [17, 4, 18, 5], [20, 7, 21, 8], [6, 21, 7, 22], [13, 11, 14, 10]]"
11n_101_158,"[[13, 11, 14, 10], [11, 2, 12, 3], [1, 12, 2, 13], [15, 9, 16, 8], [9, 15, 10, 14], [19, 17, 20, 16], [22, 5, 1, 6], [3, 18, 4, 19], [17, 4, 18, 5], [20, 7, 21, 8], [6, 21, 7, 22]]"
11n_101_159,"[[6, 21, 7, 22], [13, 11, 14, 10], [11, 2, 12, 3], [1, 12, 2, 13], [15, 9, 16, 8], [9, 15, 10, 14], [19, 17, 20, 16], [22, 5, 1, 6], [3, 18, 4, 19], [17, 4, 18, 5], [20, 7, 21, 8]]"
11n_101_160,"[[20, 7, 21, 8], [6, 21, 7, 22], [13, 11, 14, 10], [11, 2, 12, 3], [1, 12, 2, 13], [15, 9, 16, 8], [9, 15, 10, 14], [19, 17, 20, 16], [22, 5, 1, 6], [3, 18, 4, 19], [17, 4, 18, 5]]"
11n_101_161,"[[17, 4, 18, 5], [20, 7, 21, 8], [6, 21, 7, 22], [13, 11, 14, 10], [11, 2, 12, 3], [1, 12, 2, 13], [15, 9, 16, 8], [9, 15, 10, 14], [19, 17, 20, 16], [22, 5, 1, 6], [3, 18, 4, 19]]"
11n_101_162,"[[3, 18, 4, 19], [17, 4, 18, 5], [20, 7, 21, 8], [6, 21, 7, 22], [13, 11, 14, 10], [11, 2, 12, 3], [1, 12, 2, 13], [15, 9, 16, 8], [9, 15, 10, 14], [19, 17, 20, 16], [22, 5, 1, 6]]"
11n_101_163,"[[22, 5, 1, 6], [3, 18, 4, 19], [17, 4, 18, 5], [20, 7, 21, 8], [6, 21, 7, 22], [13, 11, 14, 10], [11, 2, 12, 3], [1, 12, 2, 13], [15, 9, 16, 8], [9, 15, 10, 14], [19, 17, 20, 16]]"
11n_101_164,"[[19, 17, 20, 16], [22, 5, 1, 6], [3, 18, 4, 19], [17, 4, 18, 5], [20, 7, 21, 8], [6, 21, 7, 22], [13, 11, 14, 10], [11, 2, 12, 3], [1, 12, 2, 13], [15, 9, 16, 8], [9, 15, 10, 14]]"
11n_101_165,"[[10, 16, 11, 15], [20, 18, 21, 17], [1, 6, 2, 7], [4, 19, 5, 20], [18, 5, 19, 6], [21, 8, 22, 9], [7, 22, 8, 1], [14, 12, 15, 11], [12, 3, 13, 4], [2, 13, 3, 14], [16, 10, 17, 9]]"
11n_101_166,"[[16, 10, 17, 9], [10, 16, 11, 15], [20, 18, 21, 17], [1, 6, 2, 7], [4, 19, 5, 20], [18, 5, 19, 6], [21, 8, 22, 9], [7, 22, 8, 1], [14, 12, 15, 11], [12, 3, 13, 4], [2, 13, 3, 14]]"
11n_101_167,"[[2, 13, 3, 14], [16, 10, 17, 9], [10, 16, 11, 15], [20, 18, 21, 17], [1, 6, 2, 7], [4, 19, 5, 20], [18, 5, 19, 6], [21, 8, 22, 9], [7, 22, 8, 1], [14, 12, 15, 11], [12, 3, 13, 4]]"
11n_101_168,"[[12, 3, 13, 4], [2, 13, 3, 14], [16, 10, 17, 9], [10, 16, 11, 15], [20, 18, 21, 17], [1, 6, 2, 7], [4, 19, 5, 20], [18, 5, 19, 6], [21, 8, 22, 9], [7, 22, 8, 1], [14, 12, 15, 11]]"
11n_101_169,"[[14, 12, 15, 11], [12, 3, 13, 4], [2, 13, 3, 14], [16, 10, 17, 9], [10, 16, 11, 15], [20, 18, 21, 17], [1, 6, 2, 7], [4, 19, 5, 20], [18, 5, 19, 6], [21, 8, 22, 9], [7, 22, 8, 1]]"
11n_101_170,"[[7, 22, 8, 1], [14, 12, 15, 11], [12, 3, 13, 4], [2, 13, 3, 14], [16, 10, 17, 9], [10, 16, 11, 15], [20, 18, 21, 17], [1, 6, 2, 7], [4, 19, 5, 20], [18, 5, 19, 6], [21, 8, 22, 9]]"
11n_101_171,"[[21, 8, 22, 9], [7, 22, 8, 1], [14, 12, 15, 11], [12, 3, 13, 4], [2, 13, 3, 14], [16, 10, 17, 9], [10, 16, 11, 15], [20, 18, 21, 17], [1, 6, 2, 7], [4, 19, 5, 20], [18, 5, 19, 6]]"
11n_101_172,"[[18, 5, 19, 6], [21, 8, 22, 9], [7, 22, 8, 1], [14, 12, 15, 11], [12, 3, 13, 4], [2, 13, 3, 14], [16, 10, 17, 9], [10, 16, 11, 15], [20, 18, 21, 17], [1, 6, 2, 7], [4, 19, 5, 20]]"
11n_101_173,"[[4, 19, 5, 20], [18, 5, 19, 6], [21, 8, 22, 9], [7, 22, 8, 1], [14, 12, 15, 11], [12, 3, 13, 4], [2, 13, 3, 14], [16, 10, 17, 9], [10, 16, 11, 15], [20, 18, 21, 17], [1, 6, 2, 7]]"
11n_101_174,"[[1, 6, 2, 7], [4, 19, 5, 20], [18, 5, 19, 6], [21, 8, 22, 9], [7, 22, 8, 1], [14, 12, 15, 11], [12, 3, 13, 4], [2, 13, 3, 14], [16, 10, 17, 9], [10, 16, 11, 15], [20, 18, 21, 17]]"
11n_101_175,"[[20, 18, 21, 17], [1, 6, 2, 7], [4, 19, 5, 20], [18, 5, 19, 6], [21, 8, 22, 9], [7, 22, 8, 1], [14, 12, 15, 11], [12, 3, 13, 4], [2, 13, 3, 14], [16, 10, 17, 9], [10, 16, 11, 15]]"
11n_101_176,"[[11, 17, 12, 16], [21, 19, 22, 18], [2, 7, 3, 8], [5, 20, 6, 21], [19, 6, 20, 7], [22, 9, 1, 10], [8, 1, 9, 2], [15, 13, 16, 12], [13, 4, 14, 5], [3, 14, 4, 15], [17, 11, 18, 10]]"
11n_101_177,"[[17, 11, 18, 10], [11, 17, 12, 16], [21, 19, 22, 18], [2, 7, 3, 8], [5, 20, 6, 21], [19, 6, 20, 7], [22, 9, 1, 10], [8, 1, 9, 2], [15, 13, 16, 12], [13, 4, 14, 5], [3, 14, 4, 15]]"
11n_101_178,"[[3, 14, 4, 15], [17, 11, 18, 10], [11, 17, 12, 16], [21, 19, 22, 18], [2, 7, 3, 8], [5, 20, 6, 21], [19, 6, 20, 7], [22, 9, 1, 10], [8, 1, 9, 2], [15, 13, 16, 12], [13, 4, 14, 5]]"
11n_101_179,"[[13, 4, 14, 5], [3, 14, 4, 15], [17, 11, 18, 10], [11, 17, 12, 16], [21, 19, 22, 18], [2, 7, 3, 8], [5, 20, 6, 21], [19, 6, 20, 7], [22, 9, 1, 10], [8, 1, 9, 2], [15, 13, 16, 12]]"
11n_101_180,"[[15, 13, 16, 12], [13, 4, 14, 5], [3, 14, 4, 15], [17, 11, 18, 10], [11, 17, 12, 16], [21, 19, 22, 18], [2, 7, 3, 8], [5, 20, 6, 21], [19, 6, 20, 7], [22, 9, 1, 10], [8, 1, 9, 2]]"
11n_101_181,"[[8, 1, 9, 2], [15, 13, 16, 12], [13, 4, 14, 5], [3, 14, 4, 15], [17, 11, 18, 10], [11, 17, 12, 16], [21, 19, 22, 18], [2, 7, 3, 8], [5, 20, 6, 21], [19, 6, 20, 7], [22, 9, 1, 10]]"
11n_101_182,"[[22, 9, 1, 10], [8, 1, 9, 2], [15, 13, 16, 12], [13, 4, 14, 5], [3, 14, 4, 15], [17, 11, 18, 10], [11, 17, 12, 16], [21, 19, 22, 18], [2, 7, 3, 8], [5, 20, 6, 21], [19, 6, 20, 7]]"
11n_101_183,"[[19, 6, 20, 7], [22, 9, 1, 10], [8, 1, 9, 2], [15, 13, 16, 12], [13, 4, 14, 5], [3, 14, 4, 15], [17, 11, 18, 10], [11, 17, 12, 16], [21, 19, 22, 18], [2, 7, 3, 8], [5, 20, 6, 21]]"
11n_101_184,"[[5, 20, 6, 21], [19, 6, 20, 7], [22, 9, 1, 10], [8, 1, 9, 2], [15, 13, 16, 12], [13, 4, 14, 5], [3, 14, 4, 15], [17, 11, 18, 10], [11, 17, 12, 16], [21, 19, 22, 18], [2, 7, 3, 8]]"
11n_101_185,"[[2, 7, 3, 8], [5, 20, 6, 21], [19, 6, 20, 7], [22, 9, 1, 10], [8, 1, 9, 2], [15, 13, 16, 12], [13, 4, 14, 5], [3, 14, 4, 15], [17, 11, 18, 10], [11, 17, 12, 16], [21, 19, 22, 18]]"
11n_101_186,"[[21, 19, 22, 18], [2, 7, 3, 8], [5, 20, 6, 21], [19, 6, 20, 7], [22, 9, 1, 10], [8, 1, 9, 2], [15, 13, 16, 12], [13, 4, 14, 5], [3, 14, 4, 15], [17, 11, 18, 10], [11, 17, 12, 16]]"
11n_101_187,"[[12, 18, 13, 17], [22, 20, 1, 19], [3, 8, 4, 9], [6, 21, 7, 22], [20, 7, 21, 8], [1, 10, 2, 11], [9, 2, 10, 3], [16, 14, 17, 13], [14, 5, 15, 6], [4, 15, 5, 16], [18, 12, 19, 11]]"
11n_101_188,"[[18, 12, 19, 11], [12, 18, 13, 17], [22, 20, 1, 19], [3, 8, 4, 9], [6, 21, 7, 22], [20, 7, 21, 8], [1, 10, 2, 11], [9, 2, 10, 3], [16, 14, 17, 13], [14, 5, 15, 6], [4, 15, 5, 16]]"
11n_101_189,"[[4, 15, 5, 16], [18, 12, 19, 11], [12, 18, 13, 17], [22, 20, 1, 19], [3, 8, 4, 9], [6, 21, 7, 22], [20, 7, 21, 8], [1, 10, 2, 11], [9, 2, 10, 3], [16, 14, 17, 13], [14, 5, 15, 6]]"
11n_101_190,"[[14, 5, 15, 6], [4, 15, 5, 16], [18, 12, 19, 11], [12, 18, 13, 17], [22, 20, 1, 19], [3, 8, 4, 9], [6, 21, 7, 22], [20, 7, 21, 8], [1, 10, 2, 11], [9, 2, 10, 3], [16, 14, 17, 13]]"
11n_101_191,"[[16, 14, 17, 13], [14, 5, 15, 6], [4, 15, 5, 16], [18, 12, 19, 11], [12, 18, 13, 17], [22, 20, 1, 19], [3, 8, 4, 9], [6, 21, 7, 22], [20, 7, 21, 8], [1, 10, 2, 11], [9, 2, 10, 3]]"
11n_101_192,"[[9, 2, 10, 3], [16, 14, 17, 13], [14, 5, 15, 6], [4, 15, 5, 16], [18, 12, 19, 11], [12, 18, 13, 17], [22, 20, 1, 19], [3, 8, 4, 9], [6, 21, 7, 22], [20, 7, 21, 8], [1, 10, 2, 11]]"
11n_101_193,"[[1, 10, 2, 11], [9, 2, 10, 3], [16, 14, 17, 13], [14, 5, 15, 6], [4, 15, 5, 16], [18, 12, 19, 11], [12, 18, 13, 17], [22, 20, 1, 19], [3, 8, 4, 9], [6, 21, 7, 22], [20, 7, 21, 8]]"
11n_101_194,"[[20, 7, 21, 8], [1, 10, 2, 11], [9, 2, 10, 3], [16, 14, 17, 13], [14, 5, 15, 6], [4, 15, 5, 16], [18, 12, 19, 11], [12, 18, 13, 17], [22, 20, 1, 19], [3, 8, 4, 9], [6, 21, 7, 22]]"
11n_101_195,"[[6, 21, 7, 22], [20, 7, 21, 8], [1, 10, 2, 11], [9, 2, 10, 3], [16, 14, 17, 13], [14, 5, 15, 6], [4, 15, 5, 16], [18, 12, 19, 11], [12, 18, 13, 17], [22, 20, 1, 19], [3, 8, 4, 9]]"
11n_101_196,"[[3, 8, 4, 9], [6, 21, 7, 22], [20, 7, 21, 8], [1, 10, 2, 11], [9, 2, 10, 3], [16, 14, 17, 13], [14, 5, 15, 6], [4, 15, 5, 16], [18, 12, 19, 11], [12, 18, 13, 17], [22, 20, 1, 19]]"
11n_101_197,"[[22, 20, 1, 19], [3, 8, 4, 9], [6, 21, 7, 22], [20, 7, 21, 8], [1, 10, 2, 11], [9, 2, 10, 3], [16, 14, 17, 13], [14, 5, 15, 6], [4, 15, 5, 16], [18, 12, 19, 11], [12, 18, 13, 17]]"
11n_101_198,"[[13, 19, 14, 18], [1, 21, 2, 20], [4, 9, 5, 10], [7, 22, 8, 1], [21, 8, 22, 9], [2, 11, 3, 12], [10, 3, 11, 4], [17, 15, 18, 14], [15, 6, 16, 7], [5, 16, 6, 17], [19, 13, 20, 12]]"
11n_101_199,"[[19, 13, 20, 12], [13, 19, 14, 18], [1, 21, 2, 20], [4, 9, 5, 10], [7, 22, 8, 1], [21, 8, 22, 9], [2, 11, 3, 12], [10, 3, 11, 4], [17, 15, 18, 14], [15, 6, 16, 7], [5, 16, 6, 17]]"
11n_101_200,"[[5, 16, 6, 17], [19, 13, 20, 12], [13, 19, 14, 18], [1, 21, 2, 20], [4, 9, 5, 10], [7, 22, 8, 1], [21, 8, 22, 9], [2, 11, 3, 12], [10, 3, 11, 4], [17, 15, 18, 14], [15, 6, 16, 7]]"
11n_101_201,"[[15, 6, 16, 7], [5, 16, 6, 17], [19, 13, 20, 12], [13, 19, 14, 18], [1, 21, 2, 20], [4, 9, 5, 10], [7, 22, 8, 1], [21, 8, 22, 9], [2, 11, 3, 12], [10, 3, 11, 4], [17, 15, 18, 14]]"
11n_101_202,"[[17, 15, 18, 14], [15, 6, 16, 7], [5, 16, 6, 17], [19, 13, 20, 12], [13, 19, 14, 18], [1, 21, 2, 20], [4, 9, 5, 10], [7, 22, 8, 1], [21, 8, 22, 9], [2, 11, 3, 12], [10, 3, 11, 4]]"
11n_101_203,"[[10, 3, 11, 4], [17, 15, 18, 14], [15, 6, 16, 7], [5, 16, 6, 17], [19, 13, 20, 12], [13, 19, 14, 18], [1, 21, 2, 20], [4, 9, 5, 10], [7, 22, 8, 1], [21, 8, 22, 9], [2, 11, 3, 12]]"
