name,pd_notation
11n_24_0,"[[3, 9, 4, 8], [5, 3, 6, 2], [9, 5, 10, 4], [15, 10, 16, 11], [13, 6, 14, 7], [7, 14, 8, 15], [16, 22, 17, 21], [12, 19, 13, 20], [20, 11, 21, 12], [18, 2, 19, 1], [22, 18, 1, 17]]"
11n_24_1,"[[22, 18, 1, 17], [3, 9, 4, 8], [5, 3, 6, 2], [9, 5, 10, 4], [15, 10, 16, 11], [13, 6, 14, 7], [7, 14, 8, 15], [16, 22, 17, 21], [12, 19, 13, 20], [20, 11, 21, 12], [18, 2, 19, 1]]"
11n_24_2,"[[18, 2, 19, 1], [22, 18, 1, 17], [3, 9, 4, 8], [5, 3, 6, 2], [9, 5, 10, 4], [15, 10, 16, 11], [13, 6, 14, 7], [7, 14, 8, 15], [16, 22, 17, 21], [12, 19, 13, 20], [20, 11, 21, 12]]"
11n_24_3,"[[20, 11, 21, 12], [18, 2, 19, 1], [22, 18, 1, 17], [3, 9, 4, 8], [5, 3, 6, 2], [9, 5, 10, 4], [15, 10, 16, 11], [13, 6, 14, 7], [7, 14, 8, 15], [16, 22, 17, 21], [12, 19, 13, 20]]"
11n_24_4,"[[12, 19, 13, 20], [20, 11, 21, 12], [18, 2, 19, 1], [22, 18, 1, 17], [3, 9, 4, 8], [5, 3, 6, 2], [9, 5, 10, 4], [15, 10, 16, 11], [13, 6, 14, 7], [7, 14, 8, 15], [16, 22, 17, 21]]"
11n_24_5,"[[16, 22, 17, 21], [12, 19, 13, 20], [20, 11, 21, 12], [18, 2, 19, 1], [22, 18, 1, 17], [3, 9, 4, 8], [5, 3, 6, 2], [9, 5, 10, 4], [15, 10, 16, 11], [13, 6, 14, 7], [7, 14, 8, 15]]"
11n_24_6,"[[7, 14, 8, 15], [16, 22, 17, 21], [12, 19, 13, 20], [20, 11, 21, 12], [18, 2, 19, 1], [22, 18, 1, 17], [3, 9, 4, 8], [5, 3, 6, 2], [9, 5, 10, 4], [15, 10, 16, 11], [13, 6, 14, 7]]"
11n_24_7,"[[13, 6, 14, 7], [7, 14, 8, 15], [16, 22, 17, 21], [12, 19, 13, 20], [20, 11, 21, 12], [18, 2, 19, 1], [22, 18, 1, 17], [3, 9, 4, 8], [5, 3, 6, 2], [9, 5, 10, 4], [15, 10, 16, 11]]"
11n_24_8,"[[15, 10, 16, 11], [13, 6, 14, 7], [7, 14, 8, 15], [16, 22, 17, 21], [12, 19, 13, 20], [20, 11, 21, 12], [18, 2, 19, 1], [22, 18, 1, 17], [3, 9, 4, 8], [5, 3, 6, 2], [9, 5, 10, 4]]"
11n_24_9,"[[9, 5, 10, 4], [15, 10, 16, 11], [13, 6, 14, 7], [7, 14, 8, 15], [16, 22, 17, 21], [12, 19, 13, 20], [20, 11, 21, 12], [18, 2, 19, 1], [22, 18, 1, 17], [3, 9, 4, 8], [5, 3, 6, 2]]"
11n_24_10,"[[5, 3, 6, 2], [9, 5, 10, 4], [15, 10, 16, 11], [13, 6, 14, 7], [7, 14, 8, 15], [16, 22, 17, 21], [12, 19, 13, 20], [20, 11, 21, 12], [18, 2, 19, 1], [22, 18, 1, 17], [3, 9, 4, 8]]"
11n_24_11,"[[4, 10, 5, 9], [6, 4, 7, 3], [10, 6, 11, 5], [16, 11, 17, 12], [14, 7, 15, 8], [8, 15, 9, 16], [17, 1, 18, 22], [13, 20, 14, 21], [21, 12, 22, 13], [19, 3, 20, 2], [1, 19, 2, 18]]"
11n_24_12,"[[1, 19, 2, 18], [4, 10, 5, 9], [6, 4, 7, 3], [10, 6, 11, 5], [16, 11, 17, 12], [14, 7, 15, 8], [8, 15, 9, 16], [17, 1, 18, 22], [13, 20, 14, 21], [21, 12, 22, 13], [19, 3, 20, 2]]"
11n_24_13,"[[19, 3, 20, 2], [1, 19, 2, 18], [4, 10, 5, 9], [6, 4, 7, 3], [10, 6, 11, 5], [16, 11, 17, 12], [14, 7, 15, 8], [8, 15, 9, 16], [17, 1, 18, 22], [13, 20, 14, 21], [21, 12, 22, 13]]"
11n_24_14,"[[21, 12, 22, 13], [19, 3, 20, 2], [1, 19, 2, 18], [4, 10, 5, 9], [6, 4, 7, 3], [10, 6, 11, 5], [16, 11, 17, 12], [14, 7, 15, 8], [8, 15, 9, 16], [17, 1, 18, 22], [13, 20, 14, 21]]"
11n_24_15,"[[13, 20, 14, 21], [21, 12, 22, 13], [19, 3, 20, 2], [1, 19, 2, 18], [4, 10, 5, 9], [6, 4, 7, 3], [10, 6, 11, 5], [16, 11, 17, 12], [14, 7, 15, 8], [8, 15, 9, 16], [17, 1, 18, 22]]"
11n_24_16,"[[17, 1, 18, 22], [13, 20, 14, 21], [21, 12, 22, 13], [19, 3, 20, 2], [1, 19, 2, 18], [4, 10, 5, 9], [6, 4, 7, 3], [10, 6, 11, 5], [16, 11, 17, 12], [14, 7, 15, 8], [8, 15, 9, 16]]"
11n_24_17,"[[8, 15, 9, 16], [17, 1, 18, 22], [13, 20, 14, 21], [21, 12, 22, 13], [19, 3, 20, 2], [1, 19, 2, 18], [4, 10, 5, 9], [6, 4, 7, 3], [10, 6, 11, 5], [16, 11, 17, 12], [14, 7, 15, 8]]"
11n_24_18,"[[14, 7, 15, 8], [8, 15, 9, 16], [17, 1, 18, 22], [13, 20, 14, 21], [21, 12, 22, 13], [19, 3, 20, 2], [1, 19, 2, 18], [4, 10, 5, 9], [6, 4, 7, 3], [10, 6, 11, 5], [16, 11, 17, 12]]"
11n_24_19,"[[16, 11, 17, 12], [14, 7, 15, 8], [8, 15, 9, 16], [17, 1, 18, 22], [13, 20, 14, 21], [21, 12, 22, 13], [19, 3, 20, 2], [1, 19, 2, 18], [4, 10, 5, 9], [6, 4, 7, 3], [10, 6, 11, 5]]"
11n_24_20,"[[10, 6, 11, 5], [16, 11, 17, 12], [14, 7, 15, 8], [8, 15, 9, 16], [17, 1, 18, 22], [13, 20, 14, 21], [21, 12, 22, 13], [19, 3, 20, 2], [1, 19, 2, 18], [4, 10, 5, 9], [6, 4, 7, 3]]"
11n_24_21,"[[6, 4, 7, 3], [10, 6, 11, 5], [16, 11, 17, 12], [14, 7, 15, 8], [8, 15, 9, 16], [17, 1, 18, 22], [13, 20, 14, 21], [21, 12, 22, 13], [19, 3, 20, 2], [1, 19, 2, 18], [4, 10, 5, 9]]"
11n_24_22,"[[5, 11, 6, 10], [7, 5, 8, 4], [11, 7, 12, 6], [17, 12, 18, 13], [15, 8, 16, 9], [9, 16, 10, 17], [18, 2, 19, 1], [14, 21, 15, 22], [22, 13, 1, 14], [20, 4, 21, 3], [2, 20, 3, 19]]"
11n_24_23,"[[2, 20, 3, 19], [5, 11, 6, 10], [7, 5, 8, 4], [11, 7, 12, 6], [17, 12, 18, 13], [15, 8, 16, 9], [9, 16, 10, 17], [18, 2, 19, 1], [14, 21, 15, 22], [22, 13, 1, 14], [20, 4, 21, 3]]"
11n_24_24,"[[20, 4, 21, 3], [2, 20, 3, 19], [5, 11, 6, 10], [7, 5, 8, 4], [11, 7, 12, 6], [17, 12, 18, 13], [15, 8, 16, 9], [9, 16, 10, 17], [18, 2, 19, 1], [14, 21, 15, 22], [22, 13, 1, 14]]"
11n_24_25,"[[22, 13, 1, 14], [20, 4, 21, 3], [2, 20, 3, 19], [5, 11, 6, 10], [7, 5, 8, 4], [11, 7, 12, 6], [17, 12, 18, 13], [15, 8, 16, 9], [9, 16, 10, 17], [18, 2, 19, 1], [14, 21, 15, 22]]"
11n_24_26,"[[14, 21, 15, 22], [22, 13, 1, 14], [20, 4, 21, 3], [2, 20, 3, 19], [5, 11, 6, 10], [7, 5, 8, 4], [11, 7, 12, 6], [17, 12, 18, 13], [15, 8, 16, 9], [9, 16, 10, 17], [18, 2, 19, 1]]"
11n_24_27,"[[18, 2, 19, 1], [14, 21, 15, 22], [22, 13, 1, 14], [20, 4, 21, 3], [2, 20, 3, 19], [5, 11, 6, 10], [7, 5, 8, 4], [11, 7, 12, 6], [17, 12, 18, 13], [15, 8, 16, 9], [9, 16, 10, 17]]"
11n_24_28,"[[9, 16, 10, 17], [18, 2, 19, 1], [14, 21, 15, 22], [22, 13, 1, 14], [20, 4, 21, 3], [2, 20, 3, 19], [5, 11, 6, 10], [7, 5, 8, 4], [11, 7, 12, 6], [17, 12, 18, 13], [15, 8, 16, 9]]"
11n_24_29,"[[15, 8, 16, 9], [9, 16, 10, 17], [18, 2, 19, 1], [14, 21, 15, 22], [22, 13, 1, 14], [20, 4, 21, 3], [2, 20, 3, 19], [5, 11, 6, 10], [7, 5, 8, 4], [11, 7, 12, 6], [17, 12, 18, 13]]"
11n_24_30,"[[17, 12, 18, 13], [15, 8, 16, 9], [9, 16, 10, 17], [18, 2, 19, 1], [14, 21, 15, 22], [22, 13, 1, 14], [20, 4, 21, 3], [2, 20, 3, 19], [5, 11, 6, 10], [7, 5, 8, 4], [11, 7, 12, 6]]"
11n_24_31,"[[11, 7, 12, 6], [17, 12, 18, 13], [15, 8, 16, 9], [9, 16, 10, 17], [18, 2, 19, 1], [14, 21, 15, 22], [22, 13, 1, 14], [20, 4, 21, 3], [2, 20, 3, 19], [5, 11, 6, 10], [7, 5, 8, 4]]"
11n_24_32,"[[7, 5, 8, 4], [11, 7, 12, 6], [17, 12, 18, 13], [15, 8, 16, 9], [9, 16, 10, 17], [18, 2, 19, 1], [14, 21, 15, 22], [22, 13, 1, 14], [20, 4, 21, 3], [2, 20, 3, 19], [5, 11, 6, 10]]"
11n_24_33,"[[6, 12, 7, 11], [8, 6, 9, 5], [12, 8, 13, 7], [18, 13, 19, 14], [16, 9, 17, 10], [10, 17, 11, 18], [19, 3, 20, 2], [15, 22, 16, 1], [1, 14, 2, 15], [21, 5, 22, 4], [3, 21, 4, 20]]"
11n_24_34,"[[3, 21, 4, 20], [6, 12, 7, 11], [8, 6, 9, 5], [12, 8, 13, 7], [18, 13, 19, 14], [16, 9, 17, 10], [10, 17, 11, 18], [19, 3, 20, 2], [15, 22, 16, 1], [1, 14, 2, 15], [21, 5, 22, 4]]"
11n_24_35,"[[21, 5, 22, 4], [3, 21, 4, 20], [6, 12, 7, 11], [8, 6, 9, 5], [12, 8, 13, 7], [18, 13, 19, 14], [16, 9, 17, 10], [10, 17, 11, 18], [19, 3, 20, 2], [15, 22, 16, 1], [1, 14, 2, 15]]"
11n_24_36,"[[1, 14, 2, 15], [21, 5, 22, 4], [3, 21, 4, 20], [6, 12, 7, 11], [8, 6, 9, 5], [12, 8, 13, 7], [18, 13, 19, 14], [16, 9, 17, 10], [10, 17, 11, 18], [19, 3, 20, 2], [15, 22, 16, 1]]"
11n_24_37,"[[15, 22, 16, 1], [1, 14, 2, 15], [21, 5, 22, 4], [3, 21, 4, 20], [6, 12, 7, 11], [8, 6, 9, 5], [12, 8, 13, 7], [18, 13, 19, 14], [16, 9, 17, 10], [10, 17, 11, 18], [19, 3, 20, 2]]"
11n_24_38,"[[19, 3, 20, 2], [15, 22, 16, 1], [1, 14, 2, 15], [21, 5, 22, 4], [3, 21, 4, 20], [6, 12, 7, 11], [8, 6, 9, 5], [12, 8, 13, 7], [18, 13, 19, 14], [16, 9, 17, 10], [10, 17, 11, 18]]"
11n_24_39,"[[10, 17, 11, 18], [19, 3, 20, 2], [15, 22, 16, 1], [1, 14, 2, 15], [21, 5, 22, 4], [3, 21, 4, 20], [6, 12, 7, 11], [8, 6, 9, 5], [12, 8, 13, 7], [18, 13, 19, 14], [16, 9, 17, 10]]"
11n_24_40,"[[16, 9, 17, 10], [10, 17, 11, 18], [19, 3, 20, 2], [15, 22, 16, 1], [1, 14, 2, 15], [21, 5, 22, 4], [3, 21, 4, 20], [6, 12, 7, 11], [8, 6, 9, 5], [12, 8, 13, 7], [18, 13, 19, 14]]"
11n_24_41,"[[18, 13, 19, 14], [16, 9, 17, 10], [10, 17, 11, 18], [19, 3, 20, 2], [15, 22, 16, 1], [1, 14, 2, 15], [21, 5, 22, 4], [3, 21, 4, 20], [6, 12, 7, 11], [8, 6, 9, 5], [12, 8, 13, 7]]"
11n_24_42,"[[12, 8, 13, 7], [18, 13, 19, 14], [16, 9, 17, 10], [10, 17, 11, 18], [19, 3, 20, 2], [15, 22, 16, 1], [1, 14, 2, 15], [21, 5, 22, 4], [3, 21, 4, 20], [6, 12, 7, 11], [8, 6, 9, 5]]"
11n_24_43,"[[8, 6, 9, 5], [12, 8, 13, 7], [18, 13, 19, 14], [16, 9, 17, 10], [10, 17, 11, 18], [19, 3, 20, 2], [15, 22, 16, 1], [1, 14, 2, 15], [21, 5, 22, 4], [3, 21, 4, 20], [6, 12, 7, 11]]"
11n_24_44,"[[7, 13, 8, 12], [9, 7, 10, 6], [13, 9, 14, 8], [19, 14, 20, 15], [17, 10, 18, 11], [11, 18, 12, 19], [20, 4, 21, 3], [16, 1, 17, 2], [2, 15, 3, 16], [22, 6, 1, 5], [4, 22, 5, 21]]"
11n_24_45,"[[4, 22, 5, 21], [7, 13, 8, 12], [9, 7, 10, 6], [13, 9, 14, 8], [19, 14, 20, 15], [17, 10, 18, 11], [11, 18, 12, 19], [20, 4, 21, 3], [16, 1, 17, 2], [2, 15, 3, 16], [22, 6, 1, 5]]"
11n_24_46,"[[22, 6, 1, 5], [4, 22, 5, 21], [7, 13, 8, 12], [9, 7, 10, 6], [13, 9, 14, 8], [19, 14, 20, 15], [17, 10, 18, 11], [11, 18, 12, 19], [20, 4, 21, 3], [16, 1, 17, 2], [2, 15, 3, 16]]"
11n_24_47,"[[2, 15, 3, 16], [22, 6, 1, 5], [4, 22, 5, 21], [7, 13, 8, 12], [9, 7, 10, 6], [13, 9, 14, 8], [19, 14, 20, 15], [17, 10, 18, 11], [11, 18, 12, 19], [20, 4, 21, 3], [16, 1, 17, 2]]"
11n_24_48,"[[16, 1, 17, 2], [2, 15, 3, 16], [22, 6, 1, 5], [4, 22, 5, 21], [7, 13, 8, 12], [9, 7, 10, 6], [13, 9, 14, 8], [19, 14, 20, 15], [17, 10, 18, 11], [11, 18, 12, 19], [20, 4, 21, 3]]"
11n_24_49,"[[20, 4, 21, 3], [16, 1, 17, 2], [2, 15, 3, 16], [22, 6, 1, 5], [4, 22, 5, 21], [7, 13, 8, 12], [9, 7, 10, 6], [13, 9, 14, 8], [19, 14, 20, 15], [17, 10, 18, 11], [11, 18, 12, 19]]"
11n_24_50,"[[11, 18, 12, 19], [20, 4, 21, 3], [16, 1, 17, 2], [2, 15, 3, 16], [22, 6, 1, 5], [4, 22, 5, 21], [7, 13, 8, 12], [9, 7, 10, 6], [13, 9, 14, 8], [19, 14, 20, 15], [17, 10, 18, 11]]"
11n_24_51,"[[17, 10, 18, 11], [11, 18, 12, 19], [20, 4, 21, 3], [16, 1, 17, 2], [2, 15, 3, 16], [22, 6, 1, 5], [4, 22, 5, 21], [7, 13, 8, 12], [9, 7, 10, 6], [13, 9, 14, 8], [19, 14, 20, 15]]"
11n_24_52,"[[19, 14, 20, 15], [17, 10, 18, 11], [11, 18, 12, 19], [20, 4, 21, 3], [16, 1, 17, 2], [2, 15, 3, 16], [22, 6, 1, 5], [4, 22, 5, 21], [7, 13, 8, 12], [9, 7, 10, 6], [13, 9, 14, 8]]"
11n_24_53,"[[13, 9, 14, 8], [19, 14, 20, 15], [17, 10, 18, 11], [11, 18, 12, 19], [20, 4, 21, 3], [16, 1, 17, 2], [2, 15, 3, 16], [22, 6, 1, 5], [4, 22, 5, 21], [7, 13, 8, 12], [9, 7, 10, 6]]"
11n_24_54,"[[9, 7, 10, 6], [13, 9, 14, 8], [19, 14, 20, 15], [17, 10, 18, 11], [11, 18, 12, 19], [20, 4, 21, 3], [16, 1, 17, 2], [2, 15, 3, 16], [22, 6, 1, 5], [4, 22, 5, 21], [7, 13, 8, 12]]"
11n_24_55,"[[8, 14, 9, 13], [10, 8, 11, 7], [14, 10, 15, 9], [20, 15, 21, 16], [18, 11, 19, 12], [12, 19, 13, 20], [21, 5, 22, 4], [17, 2, 18, 3], [3, 16, 4, 17], [1, 7, 2, 6], [5, 1, 6, 22]]"
11n_24_56,"[[5, 1, 6, 22], [8, 14, 9, 13], [10, 8, 11, 7], [14, 10, 15, 9], [20, 15, 21, 16], [18, 11, 19, 12], [12, 19, 13, 20], [21, 5, 22, 4], [17, 2, 18, 3], [3, 16, 4, 17], [1, 7, 2, 6]]"
11n_24_57,"[[1, 7, 2, 6], [5, 1, 6, 22], [8, 14, 9, 13], [10, 8, 11, 7], [14, 10, 15, 9], [20, 15, 21, 16], [18, 11, 19, 12], [12, 19, 13, 20], [21, 5, 22, 4], [17, 2, 18, 3], [3, 16, 4, 17]]"
11n_24_58,"[[3, 16, 4, 17], [1, 7, 2, 6], [5, 1, 6, 22], [8, 14, 9, 13], [10, 8, 11, 7], [14, 10, 15, 9], [20, 15, 21, 16], [18, 11, 19, 12], [12, 19, 13, 20], [21, 5, 22, 4], [17, 2, 18, 3]]"
11n_24_59,"[[17, 2, 18, 3], [3, 16, 4, 17], [1, 7, 2, 6], [5, 1, 6, 22], [8, 14, 9, 13], [10, 8, 11, 7], [14, 10, 15, 9], [20, 15, 21, 16], [18, 11, 19, 12], [12, 19, 13, 20], [21, 5, 22, 4]]"
11n_24_60,"[[21, 5, 22, 4], [17, 2, 18, 3], [3, 16, 4, 17], [1, 7, 2, 6], [5, 1, 6, 22], [8, 14, 9, 13], [10, 8, 11, 7], [14, 10, 15, 9], [20, 15, 21, 16], [18, 11, 19, 12], [12, 19, 13, 20]]"
11n_24_61,"[[12, 19, 13, 20], [21, 5, 22, 4], [17, 2, 18, 3], [3, 16, 4, 17], [1, 7, 2, 6], [5, 1, 6, 22], [8, 14, 9, 13], [10, 8, 11, 7], [14, 10, 15, 9], [20, 15, 21, 16], [18, 11, 19, 12]]"
11n_24_62,"[[18, 11, 19, 12], [12, 19, 13, 20], [21, 5, 22, 4], [17, 2, 18, 3], [3, 16, 4, 17], [1, 7, 2, 6], [5, 1, 6, 22], [8, 14, 9, 13], [10, 8, 11, 7], [14, 10, 15, 9], [20, 15, 21, 16]]"
11n_24_63,"[[20, 15, 21, 16], [18, 11, 19, 12], [12, 19, 13, 20], [21, 5, 22, 4], [17, 2, 18, 3], [3, 16, 4, 17], [1, 7, 2, 6], [5, 1, 6, 22], [8, 14, 9, 13], [10, 8, 11, 7], [14, 10, 15, 9]]"
11n_24_64,"[[14, 10, 15, 9], [20, 15, 21, 16], [18, 11, 19, 12], [12, 19, 13, 20], [21, 5, 22, 4], [17, 2, 18, 3], [3, 16, 4, 17], [1, 7, 2, 6], [5, 1, 6, 22], [8, 14, 9, 13], [10, 8, 11, 7]]"
11n_24_65,"[[10, 8, 11, 7], [14, 10, 15, 9], [20, 15, 21, 16], [18, 11, 19, 12], [12, 19, 13, 20], [21, 5, 22, 4], [17, 2, 18, 3], [3, 16, 4, 17], [1, 7, 2, 6], [5, 1, 6, 22], [8, 14, 9, 13]]"
11n_24_66,"[[9, 15, 10, 14], [11, 9, 12, 8], [15, 11, 16, 10], [21, 16, 22, 17], [19, 12, 20, 13], [13, 20, 14, 21], [22, 6, 1, 5], [18, 3, 19, 4], [4, 17, 5, 18], [2, 8, 3, 7], [6, 2, 7, 1]]"
11n_24_67,"[[6, 2, 7, 1], [9, 15, 10, 14], [11, 9, 12, 8], [15, 11, 16, 10], [21, 16, 22, 17], [19, 12, 20, 13], [13, 20, 14, 21], [22, 6, 1, 5], [18, 3, 19, 4], [4, 17, 5, 18], [2, 8, 3, 7]]"
11n_24_68,"[[2, 8, 3, 7], [6, 2, 7, 1], [9, 15, 10, 14], [11, 9, 12, 8], [15, 11, 16, 10], [21, 16, 22, 17], [19, 12, 20, 13], [13, 20, 14, 21], [22, 6, 1, 5], [18, 3, 19, 4], [4, 17, 5, 18]]"
11n_24_69,"[[4, 17, 5, 18], [2, 8, 3, 7], [6, 2, 7, 1], [9, 15, 10, 14], [11, 9, 12, 8], [15, 11, 16, 10], [21, 16, 22, 17], [19, 12, 20, 13], [13, 20, 14, 21], [22, 6, 1, 5], [18, 3, 19, 4]]"
11n_24_70,"[[18, 3, 19, 4], [4, 17, 5, 18], [2, 8, 3, 7], [6, 2, 7, 1], [9, 15, 10, 14], [11, 9, 12, 8], [15, 11, 16, 10], [21, 16, 22, 17], [19, 12, 20, 13], [13, 20, 14, 21], [22, 6, 1, 5]]"
11n_24_71,"[[22, 6, 1, 5], [18, 3, 19, 4], [4, 17, 5, 18], [2, 8, 3, 7], [6, 2, 7, 1], [9, 15, 10, 14], [11, 9, 12, 8], [15, 11, 16, 10], [21, 16, 22, 17], [19, 12, 20, 13], [13, 20, 14, 21]]"
11n_24_72,"[[13, 20, 14, 21], [22, 6, 1, 5], [18, 3, 19, 4], [4, 17, 5, 18], [2, 8, 3, 7], [6, 2, 7, 1], [9, 15, 10, 14], [11, 9, 12, 8], [15, 11, 16, 10], [21, 16, 22, 17], [19, 12, 20, 13]]"
11n_24_73,"[[19, 12, 20, 13], [13, 20, 14, 21], [22, 6, 1, 5], [18, 3, 19, 4], [4, 17, 5, 18], [2, 8, 3, 7], [6, 2, 7, 1], [9, 15, 10, 14], [11, 9, 12, 8], [15, 11, 16, 10], [21, 16, 22, 17]]"
11n_24_74,"[[21, 16, 22, 17], [19, 12, 20, 13], [13, 20, 14, 21], [22, 6, 1, 5], [18, 3, 19, 4], [4, 17, 5, 18], [2, 8, 3, 7], [6, 2, 7, 1], [9, 15, 10, 14], [11, 9, 12, 8], [15, 11, 16, 10]]"
11n_24_75,"[[15, 11, 16, 10], [21, 16, 22, 17], [19, 12, 20, 13], [13, 20, 14, 21], [22, 6, 1, 5], [18, 3, 19, 4], [4, 17, 5, 18], [2, 8, 3, 7], [6, 2, 7, 1], [9, 15, 10, 14], [11, 9, 12, 8]]"
11n_24_76,"[[11, 9, 12, 8], [15, 11, 16, 10], [21, 16, 22, 17], [19, 12, 20, 13], [13, 20, 14, 21], [22, 6, 1, 5], [18, 3, 19, 4], [4, 17, 5, 18], [2, 8, 3, 7], [6, 2, 7, 1], [9, 15, 10, 14]]"
11n_24_77,"[[10, 16, 11, 15], [12, 10, 13, 9], [16, 12, 17, 11], [22, 17, 1, 18], [20, 13, 21, 14], [14, 21, 15, 22], [1, 7, 2, 6], [19, 4, 20, 5], [5, 18, 6, 19], [3, 9, 4, 8], [7, 3, 8, 2]]"
11n_24_78,"[[7, 3, 8, 2], [10, 16, 11, 15], [12, 10, 13, 9], [16, 12, 17, 11], [22, 17, 1, 18], [20, 13, 21, 14], [14, 21, 15, 22], [1, 7, 2, 6], [19, 4, 20, 5], [5, 18, 6, 19], [3, 9, 4, 8]]"
11n_24_79,"[[3, 9, 4, 8], [7, 3, 8, 2], [10, 16, 11, 15], [12, 10, 13, 9], [16, 12, 17, 11], [22, 17, 1, 18], [20, 13, 21, 14], [14, 21, 15, 22], [1, 7, 2, 6], [19, 4, 20, 5], [5, 18, 6, 19]]"
11n_24_80,"[[5, 18, 6, 19], [3, 9, 4, 8], [7, 3, 8, 2], [10, 16, 11, 15], [12, 10, 13, 9], [16, 12, 17, 11], [22, 17, 1, 18], [20, 13, 21, 14], [14, 21, 15, 22], [1, 7, 2, 6], [19, 4, 20, 5]]"
11n_24_81,"[[19, 4, 20, 5], [5, 18, 6, 19], [3, 9, 4, 8], [7, 3, 8, 2], [10, 16, 11, 15], [12, 10, 13, 9], [16, 12, 17, 11], [22, 17, 1, 18], [20, 13, 21, 14], [14, 21, 15, 22], [1, 7, 2, 6]]"
11n_24_82,"[[1, 7, 2, 6], [19, 4, 20, 5], [5, 18, 6, 19], [3, 9, 4, 8], [7, 3, 8, 2], [10, 16, 11, 15], [12, 10, 13, 9], [16, 12, 17, 11], [22, 17, 1, 18], [20, 13, 21, 14], [14, 21, 15, 22]]"
11n_24_83,"[[14, 21, 15, 22], [1, 7, 2, 6], [19, 4, 20, 5], [5, 18, 6, 19], [3, 9, 4, 8], [7, 3, 8, 2], [10, 16, 11, 15], [12, 10, 13, 9], [16, 12, 17, 11], [22, 17, 1, 18], [20, 13, 21, 14]]"
11n_24_84,"[[20, 13, 21, 14], [14, 21, 15, 22], [1, 7, 2, 6], [19, 4, 20, 5], [5, 18, 6, 19], [3, 9, 4, 8], [7, 3, 8, 2], [10, 16, 11, 15], [12, 10, 13, 9], [16, 12, 17, 11], [22, 17, 1, 18]]"
11n_24_85,"[[22, 17, 1, 18], [20, 13, 21, 14], [14, 21, 15, 22], [1, 7, 2, 6], [19, 4, 20, 5], [5, 18, 6, 19], [3, 9, 4, 8], [7, 3, 8, 2], [10, 16, 11, 15], [12, 10, 13, 9], [16, 12, 17, 11]]"
11n_24_86,"[[16, 12, 17, 11], [22, 17, 1, 18], [20, 13, 21, 14], [14, 21, 15, 22], [1, 7, 2, 6], [19, 4, 20, 5], [5, 18, 6, 19], [3, 9, 4, 8], [7, 3, 8, 2], [10, 16, 11, 15], [12, 10, 13, 9]]"
11n_24_87,"[[12, 10, 13, 9], [16, 12, 17, 11], [22, 17, 1, 18], [20, 13, 21, 14], [14, 21, 15, 22], [1, 7, 2, 6], [19, 4, 20, 5], [5, 18, 6, 19], [3, 9, 4, 8], [7, 3, 8, 2], [10, 16, 11, 15]]"
11n_24_88,"[[11, 17, 12, 16], [13, 11, 14, 10], [17, 13, 18, 12], [1, 18, 2, 19], [21, 14, 22, 15], [15, 22, 16, 1], [2, 8, 3, 7], [20, 5, 21, 6], [6, 19, 7, 20], [4, 10, 5, 9], [8, 4, 9, 3]]"
11n_24_89,"[[8, 4, 9, 3], [11, 17, 12, 16], [13, 11, 14, 10], [17, 13, 18, 12], [1, 18, 2, 19], [21, 14, 22, 15], [15, 22, 16, 1], [2, 8, 3, 7], [20, 5, 21, 6], [6, 19, 7, 20], [4, 10, 5, 9]]"
11n_24_90,"[[4, 10, 5, 9], [8, 4, 9, 3], [11, 17, 12, 16], [13, 11, 14, 10], [17, 13, 18, 12], [1, 18, 2, 19], [21, 14, 22, 15], [15, 22, 16, 1], [2, 8, 3, 7], [20, 5, 21, 6], [6, 19, 7, 20]]"
11n_24_91,"[[6, 19, 7, 20], [4, 10, 5, 9], [8, 4, 9, 3], [11, 17, 12, 16], [13, 11, 14, 10], [17, 13, 18, 12], [1, 18, 2, 19], [21, 14, 22, 15], [15, 22, 16, 1], [2, 8, 3, 7], [20, 5, 21, 6]]"
11n_24_92,"[[20, 5, 21, 6], [6, 19, 7, 20], [4, 10, 5, 9], [8, 4, 9, 3], [11, 17, 12, 16], [13, 11, 14, 10], [17, 13, 18, 12], [1, 18, 2, 19], [21, 14, 22, 15], [15, 22, 16, 1], [2, 8, 3, 7]]"
11n_24_93,"[[2, 8, 3, 7], [20, 5, 21, 6], [6, 19, 7, 20], [4, 10, 5, 9], [8, 4, 9, 3], [11, 17, 12, 16], [13, 11, 14, 10], [17, 13, 18, 12], [1, 18, 2, 19], [21, 14, 22, 15], [15, 22, 16, 1]]"
11n_24_94,"[[15, 22, 16, 1], [2, 8, 3, 7], [20, 5, 21, 6], [6, 19, 7, 20], [4, 10, 5, 9], [8, 4, 9, 3], [11, 17, 12, 16], [13, 11, 14, 10], [17, 13, 18, 12], [1, 18, 2, 19], [21, 14, 22, 15]]"
11n_24_95,"[[21, 14, 22, 15], [15, 22, 16, 1], [2, 8, 3, 7], [20, 5, 21, 6], [6, 19, 7, 20], [4, 10, 5, 9], [8, 4, 9, 3], [11, 17, 12, 16], [13, 11, 14, 10], [17, 13, 18, 12], [1, 18, 2, 19]]"
11n_24_96,"[[1, 18, 2, 19], [21, 14, 22, 15], [15, 22, 16, 1], [2, 8, 3, 7], [20, 5, 21, 6], [6, 19, 7, 20], [4, 10, 5, 9], [8, 4, 9, 3], [11, 17, 12, 16], [13, 11, 14, 10], [17, 13, 18, 12]]"
11n_24_97,"[[17, 13, 18, 12], [1, 18, 2, 19], [21, 14, 22, 15], [15, 22, 16, 1], [2, 8, 3, 7], [20, 5, 21, 6], [6, 19, 7, 20], [4, 10, 5, 9], [8, 4, 9, 3], [11, 17, 12, 16], [13, 11, 14, 10]]"
11n_24_98,"[[13, 11, 14, 10], [17, 13, 18, 12], [1, 18, 2, 19], [21, 14, 22, 15], [15, 22, 16, 1], [2, 8, 3, 7], [20, 5, 21, 6], [6, 19, 7, 20], [4, 10, 5, 9], [8, 4, 9, 3], [11, 17, 12, 16]]"
11n_24_99,"[[12, 18, 13, 17], [14, 12, 15, 11], [18, 14, 19, 13], [2, 19, 3, 20], [22, 15, 1, 16], [16, 1, 17, 2], [3, 9, 4, 8], [21, 6, 22, 7], [7, 20, 8, 21], [5, 11, 6, 10], [9, 5, 10, 4]]"
11n_24_100,"[[9, 5, 10, 4], [12, 18, 13, 17], [14, 12, 15, 11], [18, 14, 19, 13], [2, 19, 3, 20], [22, 15, 1, 16], [16, 1, 17, 2], [3, 9, 4, 8], [21, 6, 22, 7], [7, 20, 8, 21], [5, 11, 6, 10]]"
11n_24_101,"[[5, 11, 6, 10], [9, 5, 10, 4], [12, 18, 13, 17], [14, 12, 15, 11], [18, 14, 19, 13], [2, 19, 3, 20], [22, 15, 1, 16], [16, 1, 17, 2], [3, 9, 4, 8], [21, 6, 22, 7], [7, 20, 8, 21]]"
11n_24_102,"[[7, 20, 8, 21], [5, 11, 6, 10], [9, 5, 10, 4], [12, 18, 13, 17], [14, 12, 15, 11], [18, 14, 19, 13], [2, 19, 3, 20], [22, 15, 1, 16], [16, 1, 17, 2], [3, 9, 4, 8], [21, 6, 22, 7]]"
11n_24_103,"[[21, 6, 22, 7], [7, 20, 8, 21], [5, 11, 6, 10], [9, 5, 10, 4], [12, 18, 13, 17], [14, 12, 15, 11], [18, 14, 19, 13], [2, 19, 3, 20], [22, 15, 1, 16], [16, 1, 17, 2], [3, 9, 4, 8]]"
11n_24_104,"[[3, 9, 4, 8], [21, 6, 22, 7], [7, 20, 8, 21], [5, 11, 6, 10], [9, 5, 10, 4], [12, 18, 13, 17], [14, 12, 15, 11], [18, 14, 19, 13], [2, 19, 3, 20], [22, 15, 1, 16], [16, 1, 17, 2]]"
11n_24_105,"[[16, 1, 17, 2], [3, 9, 4, 8], [21, 6, 22, 7], [7, 20, 8, 21], [5, 11, 6, 10], [9, 5, 10, 4], [12, 18, 13, 17], [14, 12, 15, 11], [18, 14, 19, 13], [2, 19, 3, 20], [22, 15, 1, 16]]"
11n_24_106,"[[22, 15, 1, 16], [16, 1, 17, 2], [3, 9, 4, 8], [21, 6, 22, 7], [7, 20, 8, 21], [5, 11, 6, 10], [9, 5, 10, 4], [12, 18, 13, 17], [14, 12, 15, 11], [18, 14, 19, 13], [2, 19, 3, 20]]"
11n_24_107,"[[2, 19, 3, 20], [22, 15, 1, 16], [16, 1, 17, 2], [3, 9, 4, 8], [21, 6, 22, 7], [7, 20, 8, 21], [5, 11, 6, 10], [9, 5, 10, 4], [12, 18, 13, 17], [14, 12, 15, 11], [18, 14, 19, 13]]"
11n_24_108,"[[18, 14, 19, 13], [2, 19, 3, 20], [22, 15, 1, 16], [16, 1, 17, 2], [3, 9, 4, 8], [21, 6, 22, 7], [7, 20, 8, 21], [5, 11, 6, 10], [9, 5, 10, 4], [12, 18, 13, 17], [14, 12, 15, 11]]"
11n_24_109,"[[14, 12, 15, 11], [18, 14, 19, 13], [2, 19, 3, 20], [22, 15, 1, 16], [16, 1, 17, 2], [3, 9, 4, 8], [21, 6, 22, 7], [7, 20, 8, 21], [5, 11, 6, 10], [9, 5, 10, 4], [12, 18, 13, 17]]"
11n_24_110,"[[13, 19, 14, 18], [15, 13, 16, 12], [19, 15, 20, 14], [3, 20, 4, 21], [1, 16, 2, 17], [17, 2, 18, 3], [4, 10, 5, 9], [22, 7, 1, 8], [8, 21, 9, 22], [6, 12, 7, 11], [10, 6, 11, 5]]"
11n_24_111,"[[10, 6, 11, 5], [13, 19, 14, 18], [15, 13, 16, 12], [19, 15, 20, 14], [3, 20, 4, 21], [1, 16, 2, 17], [17, 2, 18, 3], [4, 10, 5, 9], [22, 7, 1, 8], [8, 21, 9, 22], [6, 12, 7, 11]]"
11n_24_112,"[[6, 12, 7, 11], [10, 6, 11, 5], [13, 19, 14, 18], [15, 13, 16, 12], [19, 15, 20, 14], [3, 20, 4, 21], [1, 16, 2, 17], [17, 2, 18, 3], [4, 10, 5, 9], [22, 7, 1, 8], [8, 21, 9, 22]]"
11n_24_113,"[[8, 21, 9, 22], [6, 12, 7, 11], [10, 6, 11, 5], [13, 19, 14, 18], [15, 13, 16, 12], [19, 15, 20, 14], [3, 20, 4, 21], [1, 16, 2, 17], [17, 2, 18, 3], [4, 10, 5, 9], [22, 7, 1, 8]]"
11n_24_114,"[[22, 7, 1, 8], [8, 21, 9, 22], [6, 12, 7, 11], [10, 6, 11, 5], [13, 19, 14, 18], [15, 13, 16, 12], [19, 15, 20, 14], [3, 20, 4, 21], [1, 16, 2, 17], [17, 2, 18, 3], [4, 10, 5, 9]]"
11n_24_115,"[[4, 10, 5, 9], [22, 7, 1, 8], [8, 21, 9, 22], [6, 12, 7, 11], [10, 6, 11, 5], [13, 19, 14, 18], [15, 13, 16, 12], [19, 15, 20, 14], [3, 20, 4, 21], [1, 16, 2, 17], [17, 2, 18, 3]]"
11n_24_116,"[[17, 2, 18, 3], [4, 10, 5, 9], [22, 7, 1, 8], [8, 21, 9, 22], [6, 12, 7, 11], [10, 6, 11, 5], [13, 19, 14, 18], [15, 13, 16, 12], [19, 15, 20, 14], [3, 20, 4, 21], [1, 16, 2, 17]]"
11n_24_117,"[[1, 16, 2, 17], [17, 2, 18, 3], [4, 10, 5, 9], [22, 7, 1, 8], [8, 21, 9, 22], [6, 12, 7, 11], [10, 6, 11, 5], [13, 19, 14, 18], [15, 13, 16, 12], [19, 15, 20, 14], [3, 20, 4, 21]]"
11n_24_118,"[[3, 20, 4, 21], [1, 16, 2, 17], [17, 2, 18, 3], [4, 10, 5, 9], [22, 7, 1, 8], [8, 21, 9, 22], [6, 12, 7, 11], [10, 6, 11, 5], [13, 19, 14, 18], [15, 13, 16, 12], [19, 15, 20, 14]]"
11n_24_119,"[[19, 15, 20, 14], [3, 20, 4, 21], [1, 16, 2, 17], [17, 2, 18, 3], [4, 10, 5, 9], [22, 7, 1, 8], [8, 21, 9, 22], [6, 12, 7, 11], [10, 6, 11, 5], [13, 19, 14, 18], [15, 13, 16, 12]]"
11n_24_120,"[[15, 13, 16, 12], [19, 15, 20, 14], [3, 20, 4, 21], [1, 16, 2, 17], [17, 2, 18, 3], [4, 10, 5, 9], [22, 7, 1, 8], [8, 21, 9, 22], [6, 12, 7, 11], [10, 6, 11, 5], [13, 19, 14, 18]]"
11n_24_121,"[[14, 20, 15, 19], [16, 14, 17, 13], [20, 16, 21, 15], [4, 21, 5, 22], [2, 17, 3, 18], [18, 3, 19, 4], [5, 11, 6, 10], [1, 8, 2, 9], [9, 22, 10, 1], [7, 13, 8, 12], [11, 7, 12, 6]]"
11n_24_122,"[[11, 7, 12, 6], [14, 20, 15, 19], [16, 14, 17, 13], [20, 16, 21, 15], [4, 21, 5, 22], [2, 17, 3, 18], [18, 3, 19, 4], [5, 11, 6, 10], [1, 8, 2, 9], [9, 22, 10, 1], [7, 13, 8, 12]]"
11n_24_123,"[[7, 13, 8, 12], [11, 7, 12, 6], [14, 20, 15, 19], [16, 14, 17, 13], [20, 16, 21, 15], [4, 21, 5, 22], [2, 17, 3, 18], [18, 3, 19, 4], [5, 11, 6, 10], [1, 8, 2, 9], [9, 22, 10, 1]]"
11n_24_124,"[[9, 22, 10, 1], [7, 13, 8, 12], [11, 7, 12, 6], [14, 20, 15, 19], [16, 14, 17, 13], [20, 16, 21, 15], [4, 21, 5, 22], [2, 17, 3, 18], [18, 3, 19, 4], [5, 11, 6, 10], [1, 8, 2, 9]]"
11n_24_125,"[[1, 8, 2, 9], [9, 22, 10, 1], [7, 13, 8, 12], [11, 7, 12, 6], [14, 20, 15, 19], [16, 14, 17, 13], [20, 16, 21, 15], [4, 21, 5, 22], [2, 17, 3, 18], [18, 3, 19, 4], [5, 11, 6, 10]]"
11n_24_126,"[[5, 11, 6, 10], [1, 8, 2, 9], [9, 22, 10, 1], [7, 13, 8, 12], [11, 7, 12, 6], [14, 20, 15, 19], [16, 14, 17, 13], [20, 16, 21, 15], [4, 21, 5, 22], [2, 17, 3, 18], [18, 3, 19, 4]]"
11n_24_127,"[[18, 3, 19, 4], [5, 11, 6, 10], [1, 8, 2, 9], [9, 22, 10, 1], [7, 13, 8, 12], [11, 7, 12, 6], [14, 20, 15, 19], [16, 14, 17, 13], [20, 16, 21, 15], [4, 21, 5, 22], [2, 17, 3, 18]]"
11n_24_128,"[[2, 17, 3, 18], [18, 3, 19, 4], [5, 11, 6, 10], [1, 8, 2, 9], [9, 22, 10, 1], [7, 13, 8, 12], [11, 7, 12, 6], [14, 20, 15, 19], [16, 14, 17, 13], [20, 16, 21, 15], [4, 21, 5, 22]]"
11n_24_129,"[[4, 21, 5, 22], [2, 17, 3, 18], [18, 3, 19, 4], [5, 11, 6, 10], [1, 8, 2, 9], [9, 22, 10, 1], [7, 13, 8, 12], [11, 7, 12, 6], [14, 20, 15, 19], [16, 14, 17, 13], [20, 16, 21, 15]]"
11n_24_130,"[[20, 16, 21, 15], [4, 21, 5, 22], [2, 17, 3, 18], [18, 3, 19, 4], [5, 11, 6, 10], [1, 8, 2, 9], [9, 22, 10, 1], [7, 13, 8, 12], [11, 7, 12, 6], [14, 20, 15, 19], [16, 14, 17, 13]]"
11n_24_131,"[[16, 14, 17, 13], [20, 16, 21, 15], [4, 21, 5, 22], [2, 17, 3, 18], [18, 3, 19, 4], [5, 11, 6, 10], [1, 8, 2, 9], [9, 22, 10, 1], [7, 13, 8, 12], [11, 7, 12, 6], [14, 20, 15, 19]]"
11n_24_132,"[[15, 21, 16, 20], [17, 15, 18, 14], [21, 17, 22, 16], [5, 22, 6, 1], [3, 18, 4, 19], [19, 4, 20, 5], [6, 12, 7, 11], [2, 9, 3, 10], [10, 1, 11, 2], [8, 14, 9, 13], [12, 8, 13, 7]]"
11n_24_133,"[[12, 8, 13, 7], [15, 21, 16, 20], [17, 15, 18, 14], [21, 17, 22, 16], [5, 22, 6, 1], [3, 18, 4, 19], [19, 4, 20, 5], [6, 12, 7, 11], [2, 9, 3, 10], [10, 1, 11, 2], [8, 14, 9, 13]]"
11n_24_134,"[[8, 14, 9, 13], [12, 8, 13, 7], [15, 21, 16, 20], [17, 15, 18, 14], [21, 17, 22, 16], [5, 22, 6, 1], [3, 18, 4, 19], [19, 4, 20, 5], [6, 12, 7, 11], [2, 9, 3, 10], [10, 1, 11, 2]]"
11n_24_135,"[[10, 1, 11, 2], [8, 14, 9, 13], [12, 8, 13, 7], [15, 21, 16, 20], [17, 15, 18, 14], [21, 17, 22, 16], [5, 22, 6, 1], [3, 18, 4, 19], [19, 4, 20, 5], [6, 12, 7, 11], [2, 9, 3, 10]]"
11n_24_136,"[[2, 9, 3, 10], [10, 1, 11, 2], [8, 14, 9, 13], [12, 8, 13, 7], [15, 21, 16, 20], [17, 15, 18, 14], [21, 17, 22, 16], [5, 22, 6, 1], [3, 18, 4, 19], [19, 4, 20, 5], [6, 12, 7, 11]]"
11n_24_137,"[[6, 12, 7, 11], [2, 9, 3, 10], [10, 1, 11, 2], [8, 14, 9, 13], [12, 8, 13, 7], [15, 21, 16, 20], [17, 15, 18, 14], [21, 17, 22, 16], [5, 22, 6, 1], [3, 18, 4, 19], [19, 4, 20, 5]]"
11n_24_138,"[[19, 4, 20, 5], [6, 12, 7, 11], [2, 9, 3, 10], [10, 1, 11, 2], [8, 14, 9, 13], [12, 8, 13, 7], [15, 21, 16, 20], [17, 15, 18, 14], [21, 17, 22, 16], [5, 22, 6, 1], [3, 18, 4, 19]]"
11n_24_139,"[[3, 18, 4, 19], [19, 4, 20, 5], [6, 12, 7, 11], [2, 9, 3, 10], [10, 1, 11, 2], [8, 14, 9, 13], [12, 8, 13, 7], [15, 21, 16, 20], [17, 15, 18, 14], [21, 17, 22, 16], [5, 22, 6, 1]]"
11n_24_140,"[[5, 22, 6, 1], [3, 18, 4, 19], [19, 4, 20, 5], [6, 12, 7, 11], [2, 9, 3, 10], [10, 1, 11, 2], [8, 14, 9, 13], [12, 8, 13, 7], [15, 21, 16, 20], [17, 15, 18, 14], [21, 17, 22, 16]]"
11n_24_141,"[[21, 17, 22, 16], [5, 22, 6, 1], [3, 18, 4, 19], [19, 4, 20, 5], [6, 12, 7, 11], [2, 9, 3, 10], [10, 1, 11, 2], [8, 14, 9, 13], [12, 8, 13, 7], [15, 21, 16, 20], [17, 15, 18, 14]]"
11n_24_142,"[[17, 15, 18, 14], [21, 17, 22, 16], [5, 22, 6, 1], [3, 18, 4, 19], [19, 4, 20, 5], [6, 12, 7, 11], [2, 9, 3, 10], [10, 1, 11, 2], [8, 14, 9, 13], [12, 8, 13, 7], [15, 21, 16, 20]]"
11n_24_143,"[[16, 22, 17, 21], [18, 16, 19, 15], [22, 18, 1, 17], [6, 1, 7, 2], [4, 19, 5, 20], [20, 5, 21, 6], [7, 13, 8, 12], [3, 10, 4, 11], [11, 2, 12, 3], [9, 15, 10, 14], [13, 9, 14, 8]]"
11n_24_144,"[[13, 9, 14, 8], [16, 22, 17, 21], [18, 16, 19, 15], [22, 18, 1, 17], [6, 1, 7, 2], [4, 19, 5, 20], [20, 5, 21, 6], [7, 13, 8, 12], [3, 10, 4, 11], [11, 2, 12, 3], [9, 15, 10, 14]]"
11n_24_145,"[[9, 15, 10, 14], [13, 9, 14, 8], [16, 22, 17, 21], [18, 16, 19, 15], [22, 18, 1, 17], [6, 1, 7, 2], [4, 19, 5, 20], [20, 5, 21, 6], [7, 13, 8, 12], [3, 10, 4, 11], [11, 2, 12, 3]]"
11n_24_146,"[[11, 2, 12, 3], [9, 15, 10, 14], [13, 9, 14, 8], [16, 22, 17, 21], [18, 16, 19, 15], [22, 18, 1, 17], [6, 1, 7, 2], [4, 19, 5, 20], [20, 5, 21, 6], [7, 13, 8, 12], [3, 10, 4, 11]]"
11n_24_147,"[[3, 10, 4, 11], [11, 2, 12, 3], [9, 15, 10, 14], [13, 9, 14, 8], [16, 22, 17, 21], [18, 16, 19, 15], [22, 18, 1, 17], [6, 1, 7, 2], [4, 19, 5, 20], [20, 5, 21, 6], [7, 13, 8, 12]]"
11n_24_148,"[[7, 13, 8, 12], [3, 10, 4, 11], [11, 2, 12, 3], [9, 15, 10, 14], [13, 9, 14, 8], [16, 22, 17, 21], [18, 16, 19, 15], [22, 18, 1, 17], [6, 1, 7, 2], [4, 19, 5, 20], [20, 5, 21, 6]]"
11n_24_149,"[[20, 5, 21, 6], [7, 13, 8, 12], [3, 10, 4, 11], [11, 2, 12, 3], [9, 15, 10, 14], [13, 9, 14, 8], [16, 22, 17, 21], [18, 16, 19, 15], [22, 18, 1, 17], [6, 1, 7, 2], [4, 19, 5, 20]]"
11n_24_150,"[[4, 19, 5, 20], [20, 5, 21, 6], [7, 13, 8, 12], [3, 10, 4, 11], [11, 2, 12, 3], [9, 15, 10, 14], [13, 9, 14, 8], [16, 22, 17, 21], [18, 16, 19, 15], [22, 18, 1, 17], [6, 1, 7, 2]]"
11n_24_151,"[[6, 1, 7, 2], [4, 19, 5, 20], [20, 5, 21, 6], [7, 13, 8, 12], [3, 10, 4, 11], [11, 2, 12, 3], [9, 15, 10, 14], [13, 9, 14, 8], [16, 22, 17, 21], [18, 16, 19, 15], [22, 18, 1, 17]]"
11n_24_152,"[[22, 18, 1, 17], [6, 1, 7, 2], [4, 19, 5, 20], [20, 5, 21, 6], [7, 13, 8, 12], [3, 10, 4, 11], [11, 2, 12, 3], [9, 15, 10, 14], [13, 9, 14, 8], [16, 22, 17, 21], [18, 16, 19, 15]]"
11n_24_153,"[[18, 16, 19, 15], [22, 18, 1, 17], [6, 1, 7, 2], [4, 19, 5, 20], [20, 5, 21, 6], [7, 13, 8, 12], [3, 10, 4, 11], [11, 2, 12, 3], [9, 15, 10, 14], [13, 9, 14, 8], [16, 22, 17, 21]]"
11n_24_154,"[[17, 1, 18, 22], [19, 17, 20, 16], [1, 19, 2, 18], [7, 2, 8, 3], [5, 20, 6, 21], [21, 6, 22, 7], [8, 14, 9, 13], [4, 11, 5, 12], [12, 3, 13, 4], [10, 16, 11, 15], [14, 10, 15, 9]]"
11n_24_155,"[[14, 10, 15, 9], [17, 1, 18, 22], [19, 17, 20, 16], [1, 19, 2, 18], [7, 2, 8, 3], [5, 20, 6, 21], [21, 6, 22, 7], [8, 14, 9, 13], [4, 11, 5, 12], [12, 3, 13, 4], [10, 16, 11, 15]]"
11n_24_156,"[[10, 16, 11, 15], [14, 10, 15, 9], [17, 1, 18, 22], [19, 17, 20, 16], [1, 19, 2, 18], [7, 2, 8, 3], [5, 20, 6, 21], [21, 6, 22, 7], [8, 14, 9, 13], [4, 11, 5, 12], [12, 3, 13, 4]]"
11n_24_157,"[[12, 3, 13, 4], [10, 16, 11, 15], [14, 10, 15, 9], [17, 1, 18, 22], [19, 17, 20, 16], [1, 19, 2, 18], [7, 2, 8, 3], [5, 20, 6, 21], [21, 6, 22, 7], [8, 14, 9, 13], [4, 11, 5, 12]]"
11n_24_158,"[[4, 11, 5, 12], [12, 3, 13, 4], [10, 16, 11, 15], [14, 10, 15, 9], [17, 1, 18, 22], [19, 17, 20, 16], [1, 19, 2, 18], [7, 2, 8, 3], [5, 20, 6, 21], [21, 6, 22, 7], [8, 14, 9, 13]]"
11n_24_159,"[[8, 14, 9, 13], [4, 11, 5, 12], [12, 3, 13, 4], [10, 16, 11, 15], [14, 10, 15, 9], [17, 1, 18, 22], [19, 17, 20, 16], [1, 19, 2, 18], [7, 2, 8, 3], [5, 20, 6, 21], [21, 6, 22, 7]]"
11n_24_160,"[[21, 6, 22, 7], [8, 14, 9, 13], [4, 11, 5, 12], [12, 3, 13, 4], [10, 16, 11, 15], [14, 10, 15, 9], [17, 1, 18, 22], [19, 17, 20, 16], [1, 19, 2, 18], [7, 2, 8, 3], [5, 20, 6, 21]]"
11n_24_161,"[[5, 20, 6, 21], [21, 6, 22, 7], [8, 14, 9, 13], [4, 11, 5, 12], [12, 3, 13, 4], [10, 16, 11, 15], [14, 10, 15, 9], [17, 1, 18, 22], [19, 17, 20, 16], [1, 19, 2, 18], [7, 2, 8, 3]]"
11n_24_162,"[[7, 2, 8, 3], [5, 20, 6, 21], [21, 6, 22, 7], [8, 14, 9, 13], [4, 11, 5, 12], [12, 3, 13, 4], [10, 16, 11, 15], [14, 10, 15, 9], [17, 1, 18, 22], [19, 17, 20, 16], [1, 19, 2, 18]]"
11n_24_163,"[[1, 19, 2, 18], [7, 2, 8, 3], [5, 20, 6, 21], [21, 6, 22, 7], [8, 14, 9, 13], [4, 11, 5, 12], [12, 3, 13, 4], [10, 16, 11, 15], [14, 10, 15, 9], [17, 1, 18, 22], [19, 17, 20, 16]]"
11n_24_164,"[[19, 17, 20, 16], [1, 19, 2, 18], [7, 2, 8, 3], [5, 20, 6, 21], [21, 6, 22, 7], [8, 14, 9, 13], [4, 11, 5, 12], [12, 3, 13, 4], [10, 16, 11, 15], [14, 10, 15, 9], [17, 1, 18, 22]]"
11n_24_165,"[[18, 2, 19, 1], [20, 18, 21, 17], [2, 20, 3, 19], [8, 3, 9, 4], [6, 21, 7, 22], [22, 7, 1, 8], [9, 15, 10, 14], [5, 12, 6, 13], [13, 4, 14, 5], [11, 17, 12, 16], [15, 11, 16, 10]]"
11n_24_166,"[[15, 11, 16, 10], [18, 2, 19, 1], [20, 18, 21, 17], [2, 20, 3, 19], [8, 3, 9, 4], [6, 21, 7, 22], [22, 7, 1, 8], [9, 15, 10, 14], [5, 12, 6, 13], [13, 4, 14, 5], [11, 17, 12, 16]]"
11n_24_167,"[[11, 17, 12, 16], [15, 11, 16, 10], [18, 2, 19, 1], [20, 18, 21, 17], [2, 20, 3, 19], [8, 3, 9, 4], [6, 21, 7, 22], [22, 7, 1, 8], [9, 15, 10, 14], [5, 12, 6, 13], [13, 4, 14, 5]]"
11n_24_168,"[[13, 4, 14, 5], [11, 17, 12, 16], [15, 11, 16, 10], [18, 2, 19, 1], [20, 18, 21, 17], [2, 20, 3, 19], [8, 3, 9, 4], [6, 21, 7, 22], [22, 7, 1, 8], [9, 15, 10, 14], [5, 12, 6, 13]]"
11n_24_169,"[[5, 12, 6, 13], [13, 4, 14, 5], [11, 17, 12, 16], [15, 11, 16, 10], [18, 2, 19, 1], [20, 18, 21, 17], [2, 20, 3, 19], [8, 3, 9, 4], [6, 21, 7, 22], [22, 7, 1, 8], [9, 15, 10, 14]]"
11n_24_170,"[[9, 15, 10, 14], [5, 12, 6, 13], [13, 4, 14, 5], [11, 17, 12, 16], [15, 11, 16, 10], [18, 2, 19, 1], [20, 18, 21, 17], [2, 20, 3, 19], [8, 3, 9, 4], [6, 21, 7, 22], [22, 7, 1, 8]]"
11n_24_171,"[[22, 7, 1, 8], [9, 15, 10, 14], [5, 12, 6, 13], [13, 4, 14, 5], [11, 17, 12, 16], [15, 11, 16, 10], [18, 2, 19, 1], [20, 18, 21, 17], [2, 20, 3, 19], [8, 3, 9, 4], [6, 21, 7, 22]]"
11n_24_172,"[[6, 21, 7, 22], [22, 7, 1, 8], [9, 15, 10, 14], [5, 12, 6, 13], [13, 4, 14, 5], [11, 17, 12, 16], [15, 11, 16, 10], [18, 2, 19, 1], [20, 18, 21, 17], [2, 20, 3, 19], [8, 3, 9, 4]]"
11n_24_173,"[[8, 3, 9, 4], [6, 21, 7, 22], [22, 7, 1, 8], [9, 15, 10, 14], [5, 12, 6, 13], [13, 4, 14, 5], [11, 17, 12, 16], [15, 11, 16, 10], [18, 2, 19, 1], [20, 18, 21, 17], [2, 20, 3, 19]]"
11n_24_174,"[[2, 20, 3, 19], [8, 3, 9, 4], [6, 21, 7, 22], [22, 7, 1, 8], [9, 15, 10, 14], [5, 12, 6, 13], [13, 4, 14, 5], [11, 17, 12, 16], [15, 11, 16, 10], [18, 2, 19, 1], [20, 18, 21, 17]]"
11n_24_175,"[[20, 18, 21, 17], [2, 20, 3, 19], [8, 3, 9, 4], [6, 21, 7, 22], [22, 7, 1, 8], [9, 15, 10, 14], [5, 12, 6, 13], [13, 4, 14, 5], [11, 17, 12, 16], [15, 11, 16, 10], [18, 2, 19, 1]]"
11n_24_176,"[[19, 3, 20, 2], [21, 19, 22, 18], [3, 21, 4, 20], [9, 4, 10, 5], [7, 22, 8, 1], [1, 8, 2, 9], [10, 16, 11, 15], [6, 13, 7, 14], [14, 5, 15, 6], [12, 18, 13, 17], [16, 12, 17, 11]]"
11n_24_177,"[[16, 12, 17, 11], [19, 3, 20, 2], [21, 19, 22, 18], [3, 21, 4, 20], [9, 4, 10, 5], [7, 22, 8, 1], [1, 8, 2, 9], [10, 16, 11, 15], [6, 13, 7, 14], [14, 5, 15, 6], [12, 18, 13, 17]]"
11n_24_178,"[[12, 18, 13, 17], [16, 12, 17, 11], [19, 3, 20, 2], [21, 19, 22, 18], [3, 21, 4, 20], [9, 4, 10, 5], [7, 22, 8, 1], [1, 8, 2, 9], [10, 16, 11, 15], [6, 13, 7, 14], [14, 5, 15, 6]]"
11n_24_179,"[[14, 5, 15, 6], [12, 18, 13, 17], [16, 12, 17, 11], [19, 3, 20, 2], [21, 19, 22, 18], [3, 21, 4, 20], [9, 4, 10, 5], [7, 22, 8, 1], [1, 8, 2, 9], [10, 16, 11, 15], [6, 13, 7, 14]]"
11n_24_180,"[[6, 13, 7, 14], [14, 5, 15, 6], [12, 18, 13, 17], [16, 12, 17, 11], [19, 3, 20, 2], [21, 19, 22, 18], [3, 21, 4, 20], [9, 4, 10, 5], [7, 22, 8, 1], [1, 8, 2, 9], [10, 16, 11, 15]]"
11n_24_181,"[[10, 16, 11, 15], [6, 13, 7, 14], [14, 5, 15, 6], [12, 18, 13, 17], [16, 12, 17, 11], [19, 3, 20, 2], [21, 19, 22, 18], [3, 21, 4, 20], [9, 4, 10, 5], [7, 22, 8, 1], [1, 8, 2, 9]]"
11n_24_182,"[[1, 8, 2, 9], [10, 16, 11, 15], [6, 13, 7, 14], [14, 5, 15, 6], [12, 18, 13, 17], [16, 12, 17, 11], [19, 3, 20, 2], [21, 19, 22, 18], [3, 21, 4, 20], [9, 4, 10, 5], [7, 22, 8, 1]]"
11n_24_183,"[[7, 22, 8, 1], [1, 8, 2, 9], [10, 16, 11, 15], [6, 13, 7, 14], [14, 5, 15, 6], [12, 18, 13, 17], [16, 12, 17, 11], [19, 3, 20, 2], [21, 19, 22, 18], [3, 21, 4, 20], [9, 4, 10, 5]]"
11n_24_184,"[[9, 4, 10, 5], [7, 22, 8, 1], [1, 8, 2, 9], [10, 16, 11, 15], [6, 13, 7, 14], [14, 5, 15, 6], [12, 18, 13, 17], [16, 12, 17, 11], [19, 3, 20, 2], [21, 19, 22, 18], [3, 21, 4, 20]]"
11n_24_185,"[[3, 21, 4, 20], [9, 4, 10, 5], [7, 22, 8, 1], [1, 8, 2, 9], [10, 16, 11, 15], [6, 13, 7, 14], [14, 5, 15, 6], [12, 18, 13, 17], [16, 12, 17, 11], [19, 3, 20, 2], [21, 19, 22, 18]]"
11n_24_186,"[[21, 19, 22, 18], [3, 21, 4, 20], [9, 4, 10, 5], [7, 22, 8, 1], [1, 8, 2, 9], [10, 16, 11, 15], [6, 13, 7, 14], [14, 5, 15, 6], [12, 18, 13, 17], [16, 12, 17, 11], [19, 3, 20, 2]]"
11n_24_187,"[[20, 4, 21, 3], [22, 20, 1, 19], [4, 22, 5, 21], [10, 5, 11, 6], [8, 1, 9, 2], [2, 9, 3, 10], [11, 17, 12, 16], [7, 14, 8, 15], [15, 6, 16, 7], [13, 19, 14, 18], [17, 13, 18, 12]]"
11n_24_188,"[[17, 13, 18, 12], [20, 4, 21, 3], [22, 20, 1, 19], [4, 22, 5, 21], [10, 5, 11, 6], [8, 1, 9, 2], [2, 9, 3, 10], [11, 17, 12, 16], [7, 14, 8, 15], [15, 6, 16, 7], [13, 19, 14, 18]]"
11n_24_189,"[[13, 19, 14, 18], [17, 13, 18, 12], [20, 4, 21, 3], [22, 20, 1, 19], [4, 22, 5, 21], [10, 5, 11, 6], [8, 1, 9, 2], [2, 9, 3, 10], [11, 17, 12, 16], [7, 14, 8, 15], [15, 6, 16, 7]]"
11n_24_190,"[[15, 6, 16, 7], [13, 19, 14, 18], [17, 13, 18, 12], [20, 4, 21, 3], [22, 20, 1, 19], [4, 22, 5, 21], [10, 5, 11, 6], [8, 1, 9, 2], [2, 9, 3, 10], [11, 17, 12, 16], [7, 14, 8, 15]]"
11n_24_191,"[[7, 14, 8, 15], [15, 6, 16, 7], [13, 19, 14, 18], [17, 13, 18, 12], [20, 4, 21, 3], [22, 20, 1, 19], [4, 22, 5, 21], [10, 5, 11, 6], [8, 1, 9, 2], [2, 9, 3, 10], [11, 17, 12, 16]]"
11n_24_192,"[[11, 17, 12, 16], [7, 14, 8, 15], [15, 6, 16, 7], [13, 19, 14, 18], [17, 13, 18, 12], [20, 4, 21, 3], [22, 20, 1, 19], [4, 22, 5, 21], [10, 5, 11, 6], [8, 1, 9, 2], [2, 9, 3, 10]]"
11n_24_193,"[[2, 9, 3, 10], [11, 17, 12, 16], [7, 14, 8, 15], [15, 6, 16, 7], [13, 19, 14, 18], [17, 13, 18, 12], [20, 4, 21, 3], [22, 20, 1, 19], [4, 22, 5, 21], [10, 5, 11, 6], [8, 1, 9, 2]]"
11n_24_194,"[[8, 1, 9, 2], [2, 9, 3, 10], [11, 17, 12, 16], [7, 14, 8, 15], [15, 6, 16, 7], [13, 19, 14, 18], [17, 13, 18, 12], [20, 4, 21, 3], [22, 20, 1, 19], [4, 22, 5, 21], [10, 5, 11, 6]]"
11n_24_195,"[[10, 5, 11, 6], [8, 1, 9, 2], [2, 9, 3, 10], [11, 17, 12, 16], [7, 14, 8, 15], [15, 6, 16, 7], [13, 19, 14, 18], [17, 13, 18, 12], [20, 4, 21, 3], [22, 20, 1, 19], [4, 22, 5, 21]]"
11n_24_196,"[[4, 22, 5, 21], [10, 5, 11, 6], [8, 1, 9, 2], [2, 9, 3, 10], [11, 17, 12, 16], [7, 14, 8, 15], [15, 6, 16, 7], [13, 19, 14, 18], [17, 13, 18, 12], [20, 4, 21, 3], [22, 20, 1, 19]]"
11n_24_197,"[[22, 20, 1, 19], [4, 22, 5, 21], [10, 5, 11, 6], [8, 1, 9, 2], [2, 9, 3, 10], [11, 17, 12, 16], [7, 14, 8, 15], [15, 6, 16, 7], [13, 19, 14, 18], [17, 13, 18, 12], [20, 4, 21, 3]]"
11n_24_198,"[[21, 5, 22, 4], [1, 21, 2, 20], [5, 1, 6, 22], [11, 6, 12, 7], [9, 2, 10, 3], [3, 10, 4, 11], [12, 18, 13, 17], [8, 15, 9, 16], [16, 7, 17, 8], [14, 20, 15, 19], [18, 14, 19, 13]]"
11n_24_199,"[[18, 14, 19, 13], [21, 5, 22, 4], [1, 21, 2, 20], [5, 1, 6, 22], [11, 6, 12, 7], [9, 2, 10, 3], [3, 10, 4, 11], [12, 18, 13, 17], [8, 15, 9, 16], [16, 7, 17, 8], [14, 20, 15, 19]]"
11n_24_200,"[[14, 20, 15, 19], [18, 14, 19, 13], [21, 5, 22, 4], [1, 21, 2, 20], [5, 1, 6, 22], [11, 6, 12, 7], [9, 2, 10, 3], [3, 10, 4, 11], [12, 18, 13, 17], [8, 15, 9, 16], [16, 7, 17, 8]]"
11n_24_201,"[[16, 7, 17, 8], [14, 20, 15, 19], [18, 14, 19, 13], [21, 5, 22, 4], [1, 21, 2, 20], [5, 1, 6, 22], [11, 6, 12, 7], [9, 2, 10, 3], [3, 10, 4, 11], [12, 18, 13, 17], [8, 15, 9, 16]]"
11n_24_202,"[[8, 15, 9, 16], [16, 7, 17, 8], [14, 20, 15, 19], [18, 14, 19, 13], [21, 5, 22, 4], [1, 21, 2, 20], [5, 1, 6, 22], [11, 6, 12, 7], [9, 2, 10, 3], [3, 10, 4, 11], [12, 18, 13, 17]]"
11n_24_203,"[[12, 18, 13, 17], [8, 15, 9, 16], [16, 7, 17, 8], [14, 20, 15, 19], [18, 14, 19, 13], [21, 5, 22, 4], [1, 21, 2, 20], [5, 1, 6, 22], [11, 6, 12, 7], [9, 2, 10, 3], [3, 10, 4, 11]]"
11n_24_204,"[[3, 10, 4, 11], [12, 18, 13, 17], [8, 15, 9, 16], [16, 7, 17, 8], [14, 20, 15, 19], [18, 14, 19, 13], [21, 5, 22, 4], [1, 21, 2, 20], [5, 1, 6, 22], [11, 6, 12, 7], [9, 2, 10, 3]]"
