name,pd_notation
11n_68_0,"[[3, 9, 4, 8], [5, 3, 6, 2], [9, 5, 10, 4], [17, 12, 18, 13], [6, 16, 7, 15], [16, 8, 17, 7], [19, 10, 20, 11], [11, 18, 12, 19], [1, 20, 2, 21], [21, 15, 22, 14], [13, 1, 14, 22]]"
11n_68_1,"[[13, 1, 14, 22], [3, 9, 4, 8], [5, 3, 6, 2], [9, 5, 10, 4], [17, 12, 18, 13], [6, 16, 7, 15], [16, 8, 17, 7], [19, 10, 20, 11], [11, 18, 12, 19], [1, 20, 2, 21], [21, 15, 22, 14]]"
11n_68_2,"[[21, 15, 22, 14], [13, 1, 14, 22], [3, 9, 4, 8], [5, 3, 6, 2], [9, 5, 10, 4], [17, 12, 18, 13], [6, 16, 7, 15], [16, 8, 17, 7], [19, 10, 20, 11], [11, 18, 12, 19], [1, 20, 2, 21]]"
11n_68_3,"[[1, 20, 2, 21], [21, 15, 22, 14], [13, 1, 14, 22], [3, 9, 4, 8], [5, 3, 6, 2], [9, 5, 10, 4], [17, 12, 18, 13], [6, 16, 7, 15], [16, 8, 17, 7], [19, 10, 20, 11], [11, 18, 12, 19]]"
11n_68_4,"[[11, 18, 12, 19], [1, 20, 2, 21], [21, 15, 22, 14], [13, 1, 14, 22], [3, 9, 4, 8], [5, 3, 6, 2], [9, 5, 10, 4], [17, 12, 18, 13], [6, 16, 7, 15], [16, 8, 17, 7], [19, 10, 20, 11]]"
11n_68_5,"[[19, 10, 20, 11], [11, 18, 12, 19], [1, 20, 2, 21], [21, 15, 22, 14], [13, 1, 14, 22], [3, 9, 4, 8], [5, 3, 6, 2], [9, 5, 10, 4], [17, 12, 18, 13], [6, 16, 7, 15], [16, 8, 17, 7]]"
11n_68_6,"[[16, 8, 17, 7], [19, 10, 20, 11], [11, 18, 12, 19], [1, 20, 2, 21], [21, 15, 22, 14], [13, 1, 14, 22], [3, 9, 4, 8], [5, 3, 6, 2], [9, 5, 10, 4], [17, 12, 18, 13], [6, 16, 7, 15]]"
11n_68_7,"[[6, 16, 7, 15], [16, 8, 17, 7], [19, 10, 20, 11], [11, 18, 12, 19], [1, 20, 2, 21], [21, 15, 22, 14], [13, 1, 14, 22], [3, 9, 4, 8], [5, 3, 6, 2], [9, 5, 10, 4], [17, 12, 18, 13]]"
11n_68_8,"[[17, 12, 18, 13], [6, 16, 7, 15], [16, 8, 17, 7], [19, 10, 20, 11], [11, 18, 12, 19], [1, 20, 2, 21], [21, 15, 22, 14], [13, 1, 14, 22], [3, 9, 4, 8], [5, 3, 6, 2], [9, 5, 10, 4]]"
11n_68_9,"[[9, 5, 10, 4], [17, 12, 18, 13], [6, 16, 7, 15], [16, 8, 17, 7], [19, 10, 20, 11], [11, 18, 12, 19], [1, 20, 2, 21], [21, 15, 22, 14], [13, 1, 14, 22], [3, 9, 4, 8], [5, 3, 6, 2]]"
11n_68_10,"[[5, 3, 6, 2], [9, 5, 10, 4], [17, 12, 18, 13], [6, 16, 7, 15], [16, 8, 17, 7], [19, 10, 20, 11], [11, 18, 12, 19], [1, 20, 2, 21], [21, 15, 22, 14], [13, 1, 14, 22], [3, 9, 4, 8]]"
11n_68_11,"[[4, 10, 5, 9], [6, 4, 7, 3], [10, 6, 11, 5], [18, 13, 19, 14], [7, 17, 8, 16], [17, 9, 18, 8], [20, 11, 21, 12], [12, 19, 13, 20], [2, 21, 3, 22], [22, 16, 1, 15], [14, 2, 15, 1]]"
11n_68_12,"[[14, 2, 15, 1], [4, 10, 5, 9], [6, 4, 7, 3], [10, 6, 11, 5], [18, 13, 19, 14], [7, 17, 8, 16], [17, 9, 18, 8], [20, 11, 21, 12], [12, 19, 13, 20], [2, 21, 3, 22], [22, 16, 1, 15]]"
11n_68_13,"[[22, 16, 1, 15], [14, 2, 15, 1], [4, 10, 5, 9], [6, 4, 7, 3], [10, 6, 11, 5], [18, 13, 19, 14], [7, 17, 8, 16], [17, 9, 18, 8], [20, 11, 21, 12], [12, 19, 13, 20], [2, 21, 3, 22]]"
11n_68_14,"[[2, 21, 3, 22], [22, 16, 1, 15], [14, 2, 15, 1], [4, 10, 5, 9], [6, 4, 7, 3], [10, 6, 11, 5], [18, 13, 19, 14], [7, 17, 8, 16], [17, 9, 18, 8], [20, 11, 21, 12], [12, 19, 13, 20]]"
11n_68_15,"[[12, 19, 13, 20], [2, 21, 3, 22], [22, 16, 1, 15], [14, 2, 15, 1], [4, 10, 5, 9], [6, 4, 7, 3], [10, 6, 11, 5], [18, 13, 19, 14], [7, 17, 8, 16], [17, 9, 18, 8], [20, 11, 21, 12]]"
11n_68_16,"[[20, 11, 21, 12], [12, 19, 13, 20], [2, 21, 3, 22], [22, 16, 1, 15], [14, 2, 15, 1], [4, 10, 5, 9], [6, 4, 7, 3], [10, 6, 11, 5], [18, 13, 19, 14], [7, 17, 8, 16], [17, 9, 18, 8]]"
11n_68_17,"[[17, 9, 18, 8], [20, 11, 21, 12], [12, 19, 13, 20], [2, 21, 3, 22], [22, 16, 1, 15], [14, 2, 15, 1], [4, 10, 5, 9], [6, 4, 7, 3], [10, 6, 11, 5], [18, 13, 19, 14], [7, 17, 8, 16]]"
11n_68_18,"[[7, 17, 8, 16], [17, 9, 18, 8], [20, 11, 21, 12], [12, 19, 13, 20], [2, 21, 3, 22], [22, 16, 1, 15], [14, 2, 15, 1], [4, 10, 5, 9], [6, 4, 7, 3], [10, 6, 11, 5], [18, 13, 19, 14]]"
11n_68_19,"[[18, 13, 19, 14], [7, 17, 8, 16], [17, 9, 18, 8], [20, 11, 21, 12], [12, 19, 13, 20], [2, 21, 3, 22], [22, 16, 1, 15], [14, 2, 15, 1], [4, 10, 5, 9], [6, 4, 7, 3], [10, 6, 11, 5]]"
11n_68_20,"[[10, 6, 11, 5], [18, 13, 19, 14], [7, 17, 8, 16], [17, 9, 18, 8], [20, 11, 21, 12], [12, 19, 13, 20], [2, 21, 3, 22], [22, 16, 1, 15], [14, 2, 15, 1], [4, 10, 5, 9], [6, 4, 7, 3]]"
11n_68_21,"[[6, 4, 7, 3], [10, 6, 11, 5], [18, 13, 19, 14], [7, 17, 8, 16], [17, 9, 18, 8], [20, 11, 21, 12], [12, 19, 13, 20], [2, 21, 3, 22], [22, 16, 1, 15], [14, 2, 15, 1], [4, 10, 5, 9]]"
11n_68_22,"[[5, 11, 6, 10], [7, 5, 8, 4], [11, 7, 12, 6], [19, 14, 20, 15], [8, 18, 9, 17], [18, 10, 19, 9], [21, 12, 22, 13], [13, 20, 14, 21], [3, 22, 4, 1], [1, 17, 2, 16], [15, 3, 16, 2]]"
11n_68_23,"[[15, 3, 16, 2], [5, 11, 6, 10], [7, 5, 8, 4], [11, 7, 12, 6], [19, 14, 20, 15], [8, 18, 9, 17], [18, 10, 19, 9], [21, 12, 22, 13], [13, 20, 14, 21], [3, 22, 4, 1], [1, 17, 2, 16]]"
11n_68_24,"[[1, 17, 2, 16], [15, 3, 16, 2], [5, 11, 6, 10], [7, 5, 8, 4], [11, 7, 12, 6], [19, 14, 20, 15], [8, 18, 9, 17], [18, 10, 19, 9], [21, 12, 22, 13], [13, 20, 14, 21], [3, 22, 4, 1]]"
11n_68_25,"[[3, 22, 4, 1], [1, 17, 2, 16], [15, 3, 16, 2], [5, 11, 6, 10], [7, 5, 8, 4], [11, 7, 12, 6], [19, 14, 20, 15], [8, 18, 9, 17], [18, 10, 19, 9], [21, 12, 22, 13], [13, 20, 14, 21]]"
11n_68_26,"[[13, 20, 14, 21], [3, 22, 4, 1], [1, 17, 2, 16], [15, 3, 16, 2], [5, 11, 6, 10], [7, 5, 8, 4], [11, 7, 12, 6], [19, 14, 20, 15], [8, 18, 9, 17], [18, 10, 19, 9], [21, 12, 22, 13]]"
11n_68_27,"[[21, 12, 22, 13], [13, 20, 14, 21], [3, 22, 4, 1], [1, 17, 2, 16], [15, 3, 16, 2], [5, 11, 6, 10], [7, 5, 8, 4], [11, 7, 12, 6], [19, 14, 20, 15], [8, 18, 9, 17], [18, 10, 19, 9]]"
11n_68_28,"[[18, 10, 19, 9], [21, 12, 22, 13], [13, 20, 14, 21], [3, 22, 4, 1], [1, 17, 2, 16], [15, 3, 16, 2], [5, 11, 6, 10], [7, 5, 8, 4], [11, 7, 12, 6], [19, 14, 20, 15], [8, 18, 9, 17]]"
11n_68_29,"[[8, 18, 9, 17], [18, 10, 19, 9], [21, 12, 22, 13], [13, 20, 14, 21], [3, 22, 4, 1], [1, 17, 2, 16], [15, 3, 16, 2], [5, 11, 6, 10], [7, 5, 8, 4], [11, 7, 12, 6], [19, 14, 20, 15]]"
11n_68_30,"[[19, 14, 20, 15], [8, 18, 9, 17], [18, 10, 19, 9], [21, 12, 22, 13], [13, 20, 14, 21], [3, 22, 4, 1], [1, 17, 2, 16], [15, 3, 16, 2], [5, 11, 6, 10], [7, 5, 8, 4], [11, 7, 12, 6]]"
11n_68_31,"[[11, 7, 12, 6], [19, 14, 20, 15], [8, 18, 9, 17], [18, 10, 19, 9], [21, 12, 22, 13], [13, 20, 14, 21], [3, 22, 4, 1], [1, 17, 2, 16], [15, 3, 16, 2], [5, 11, 6, 10], [7, 5, 8, 4]]"
11n_68_32,"[[7, 5, 8, 4], [11, 7, 12, 6], [19, 14, 20, 15], [8, 18, 9, 17], [18, 10, 19, 9], [21, 12, 22, 13], [13, 20, 14, 21], [3, 22, 4, 1], [1, 17, 2, 16], [15, 3, 16, 2], [5, 11, 6, 10]]"
11n_68_33,"[[6, 12, 7, 11], [8, 6, 9, 5], [12, 8, 13, 7], [20, 15, 21, 16], [9, 19, 10, 18], [19, 11, 20, 10], [22, 13, 1, 14], [14, 21, 15, 22], [4, 1, 5, 2], [2, 18, 3, 17], [16, 4, 17, 3]]"
11n_68_34,"[[16, 4, 17, 3], [6, 12, 7, 11], [8, 6, 9, 5], [12, 8, 13, 7], [20, 15, 21, 16], [9, 19, 10, 18], [19, 11, 20, 10], [22, 13, 1, 14], [14, 21, 15, 22], [4, 1, 5, 2], [2, 18, 3, 17]]"
11n_68_35,"[[2, 18, 3, 17], [16, 4, 17, 3], [6, 12, 7, 11], [8, 6, 9, 5], [12, 8, 13, 7], [20, 15, 21, 16], [9, 19, 10, 18], [19, 11, 20, 10], [22, 13, 1, 14], [14, 21, 15, 22], [4, 1, 5, 2]]"
11n_68_36,"[[4, 1, 5, 2], [2, 18, 3, 17], [16, 4, 17, 3], [6, 12, 7, 11], [8, 6, 9, 5], [12, 8, 13, 7], [20, 15, 21, 16], [9, 19, 10, 18], [19, 11, 20, 10], [22, 13, 1, 14], [14, 21, 15, 22]]"
11n_68_37,"[[14, 21, 15, 22], [4, 1, 5, 2], [2, 18, 3, 17], [16, 4, 17, 3], [6, 12, 7, 11], [8, 6, 9, 5], [12, 8, 13, 7], [20, 15, 21, 16], [9, 19, 10, 18], [19, 11, 20, 10], [22, 13, 1, 14]]"
11n_68_38,"[[22, 13, 1, 14], [14, 21, 15, 22], [4, 1, 5, 2], [2, 18, 3, 17], [16, 4, 17, 3], [6, 12, 7, 11], [8, 6, 9, 5], [12, 8, 13, 7], [20, 15, 21, 16], [9, 19, 10, 18], [19, 11, 20, 10]]"
11n_68_39,"[[19, 11, 20, 10], [22, 13, 1, 14], [14, 21, 15, 22], [4, 1, 5, 2], [2, 18, 3, 17], [16, 4, 17, 3], [6, 12, 7, 11], [8, 6, 9, 5], [12, 8, 13, 7], [20, 15, 21, 16], [9, 19, 10, 18]]"
11n_68_40,"[[9, 19, 10, 18], [19, 11, 20, 10], [22, 13, 1, 14], [14, 21, 15, 22], [4, 1, 5, 2], [2, 18, 3, 17], [16, 4, 17, 3], [6, 12, 7, 11], [8, 6, 9, 5], [12, 8, 13, 7], [20, 15, 21, 16]]"
11n_68_41,"[[20, 15, 21, 16], [9, 19, 10, 18], [19, 11, 20, 10], [22, 13, 1, 14], [14, 21, 15, 22], [4, 1, 5, 2], [2, 18, 3, 17], [16, 4, 17, 3], [6, 12, 7, 11], [8, 6, 9, 5], [12, 8, 13, 7]]"
11n_68_42,"[[12, 8, 13, 7], [20, 15, 21, 16], [9, 19, 10, 18], [19, 11, 20, 10], [22, 13, 1, 14], [14, 21, 15, 22], [4, 1, 5, 2], [2, 18, 3, 17], [16, 4, 17, 3], [6, 12, 7, 11], [8, 6, 9, 5]]"
11n_68_43,"[[8, 6, 9, 5], [12, 8, 13, 7], [20, 15, 21, 16], [9, 19, 10, 18], [19, 11, 20, 10], [22, 13, 1, 14], [14, 21, 15, 22], [4, 1, 5, 2], [2, 18, 3, 17], [16, 4, 17, 3], [6, 12, 7, 11]]"
11n_68_44,"[[7, 13, 8, 12], [9, 7, 10, 6], [13, 9, 14, 8], [21, 16, 22, 17], [10, 20, 11, 19], [20, 12, 21, 11], [1, 14, 2, 15], [15, 22, 16, 1], [5, 2, 6, 3], [3, 19, 4, 18], [17, 5, 18, 4]]"
11n_68_45,"[[17, 5, 18, 4], [7, 13, 8, 12], [9, 7, 10, 6], [13, 9, 14, 8], [21, 16, 22, 17], [10, 20, 11, 19], [20, 12, 21, 11], [1, 14, 2, 15], [15, 22, 16, 1], [5, 2, 6, 3], [3, 19, 4, 18]]"
11n_68_46,"[[3, 19, 4, 18], [17, 5, 18, 4], [7, 13, 8, 12], [9, 7, 10, 6], [13, 9, 14, 8], [21, 16, 22, 17], [10, 20, 11, 19], [20, 12, 21, 11], [1, 14, 2, 15], [15, 22, 16, 1], [5, 2, 6, 3]]"
11n_68_47,"[[5, 2, 6, 3], [3, 19, 4, 18], [17, 5, 18, 4], [7, 13, 8, 12], [9, 7, 10, 6], [13, 9, 14, 8], [21, 16, 22, 17], [10, 20, 11, 19], [20, 12, 21, 11], [1, 14, 2, 15], [15, 22, 16, 1]]"
11n_68_48,"[[15, 22, 16, 1], [5, 2, 6, 3], [3, 19, 4, 18], [17, 5, 18, 4], [7, 13, 8, 12], [9, 7, 10, 6], [13, 9, 14, 8], [21, 16, 22, 17], [10, 20, 11, 19], [20, 12, 21, 11], [1, 14, 2, 15]]"
11n_68_49,"[[1, 14, 2, 15], [15, 22, 16, 1], [5, 2, 6, 3], [3, 19, 4, 18], [17, 5, 18, 4], [7, 13, 8, 12], [9, 7, 10, 6], [13, 9, 14, 8], [21, 16, 22, 17], [10, 20, 11, 19], [20, 12, 21, 11]]"
11n_68_50,"[[20, 12, 21, 11], [1, 14, 2, 15], [15, 22, 16, 1], [5, 2, 6, 3], [3, 19, 4, 18], [17, 5, 18, 4], [7, 13, 8, 12], [9, 7, 10, 6], [13, 9, 14, 8], [21, 16, 22, 17], [10, 20, 11, 19]]"
11n_68_51,"[[10, 20, 11, 19], [20, 12, 21, 11], [1, 14, 2, 15], [15, 22, 16, 1], [5, 2, 6, 3], [3, 19, 4, 18], [17, 5, 18, 4], [7, 13, 8, 12], [9, 7, 10, 6], [13, 9, 14, 8], [21, 16, 22, 17]]"
11n_68_52,"[[21, 16, 22, 17], [10, 20, 11, 19], [20, 12, 21, 11], [1, 14, 2, 15], [15, 22, 16, 1], [5, 2, 6, 3], [3, 19, 4, 18], [17, 5, 18, 4], [7, 13, 8, 12], [9, 7, 10, 6], [13, 9, 14, 8]]"
11n_68_53,"[[13, 9, 14, 8], [21, 16, 22, 17], [10, 20, 11, 19], [20, 12, 21, 11], [1, 14, 2, 15], [15, 22, 16, 1], [5, 2, 6, 3], [3, 19, 4, 18], [17, 5, 18, 4], [7, 13, 8, 12], [9, 7, 10, 6]]"
11n_68_54,"[[9, 7, 10, 6], [13, 9, 14, 8], [21, 16, 22, 17], [10, 20, 11, 19], [20, 12, 21, 11], [1, 14, 2, 15], [15, 22, 16, 1], [5, 2, 6, 3], [3, 19, 4, 18], [17, 5, 18, 4], [7, 13, 8, 12]]"
11n_68_55,"[[8, 14, 9, 13], [10, 8, 11, 7], [14, 10, 15, 9], [22, 17, 1, 18], [11, 21, 12, 20], [21, 13, 22, 12], [2, 15, 3, 16], [16, 1, 17, 2], [6, 3, 7, 4], [4, 20, 5, 19], [18, 6, 19, 5]]"
11n_68_56,"[[18, 6, 19, 5], [8, 14, 9, 13], [10, 8, 11, 7], [14, 10, 15, 9], [22, 17, 1, 18], [11, 21, 12, 20], [21, 13, 22, 12], [2, 15, 3, 16], [16, 1, 17, 2], [6, 3, 7, 4], [4, 20, 5, 19]]"
11n_68_57,"[[4, 20, 5, 19], [18, 6, 19, 5], [8, 14, 9, 13], [10, 8, 11, 7], [14, 10, 15, 9], [22, 17, 1, 18], [11, 21, 12, 20], [21, 13, 22, 12], [2, 15, 3, 16], [16, 1, 17, 2], [6, 3, 7, 4]]"
11n_68_58,"[[6, 3, 7, 4], [4, 20, 5, 19], [18, 6, 19, 5], [8, 14, 9, 13], [10, 8, 11, 7], [14, 10, 15, 9], [22, 17, 1, 18], [11, 21, 12, 20], [21, 13, 22, 12], [2, 15, 3, 16], [16, 1, 17, 2]]"
11n_68_59,"[[16, 1, 17, 2], [6, 3, 7, 4], [4, 20, 5, 19], [18, 6, 19, 5], [8, 14, 9, 13], [10, 8, 11, 7], [14, 10, 15, 9], [22, 17, 1, 18], [11, 21, 12, 20], [21, 13, 22, 12], [2, 15, 3, 16]]"
11n_68_60,"[[2, 15, 3, 16], [16, 1, 17, 2], [6, 3, 7, 4], [4, 20, 5, 19], [18, 6, 19, 5], [8, 14, 9, 13], [10, 8, 11, 7], [14, 10, 15, 9], [22, 17, 1, 18], [11, 21, 12, 20], [21, 13, 22, 12]]"
11n_68_61,"[[21, 13, 22, 12], [2, 15, 3, 16], [16, 1, 17, 2], [6, 3, 7, 4], [4, 20, 5, 19], [18, 6, 19, 5], [8, 14, 9, 13], [10, 8, 11, 7], [14, 10, 15, 9], [22, 17, 1, 18], [11, 21, 12, 20]]"
11n_68_62,"[[11, 21, 12, 20], [21, 13, 22, 12], [2, 15, 3, 16], [16, 1, 17, 2], [6, 3, 7, 4], [4, 20, 5, 19], [18, 6, 19, 5], [8, 14, 9, 13], [10, 8, 11, 7], [14, 10, 15, 9], [22, 17, 1, 18]]"
11n_68_63,"[[22, 17, 1, 18], [11, 21, 12, 20], [21, 13, 22, 12], [2, 15, 3, 16], [16, 1, 17, 2], [6, 3, 7, 4], [4, 20, 5, 19], [18, 6, 19, 5], [8, 14, 9, 13], [10, 8, 11, 7], [14, 10, 15, 9]]"
11n_68_64,"[[14, 10, 15, 9], [22, 17, 1, 18], [11, 21, 12, 20], [21, 13, 22, 12], [2, 15, 3, 16], [16, 1, 17, 2], [6, 3, 7, 4], [4, 20, 5, 19], [18, 6, 19, 5], [8, 14, 9, 13], [10, 8, 11, 7]]"
11n_68_65,"[[10, 8, 11, 7], [14, 10, 15, 9], [22, 17, 1, 18], [11, 21, 12, 20], [21, 13, 22, 12], [2, 15, 3, 16], [16, 1, 17, 2], [6, 3, 7, 4], [4, 20, 5, 19], [18, 6, 19, 5], [8, 14, 9, 13]]"
11n_68_66,"[[9, 15, 10, 14], [11, 9, 12, 8], [15, 11, 16, 10], [1, 18, 2, 19], [12, 22, 13, 21], [22, 14, 1, 13], [3, 16, 4, 17], [17, 2, 18, 3], [7, 4, 8, 5], [5, 21, 6, 20], [19, 7, 20, 6]]"
11n_68_67,"[[19, 7, 20, 6], [9, 15, 10, 14], [11, 9, 12, 8], [15, 11, 16, 10], [1, 18, 2, 19], [12, 22, 13, 21], [22, 14, 1, 13], [3, 16, 4, 17], [17, 2, 18, 3], [7, 4, 8, 5], [5, 21, 6, 20]]"
11n_68_68,"[[5, 21, 6, 20], [19, 7, 20, 6], [9, 15, 10, 14], [11, 9, 12, 8], [15, 11, 16, 10], [1, 18, 2, 19], [12, 22, 13, 21], [22, 14, 1, 13], [3, 16, 4, 17], [17, 2, 18, 3], [7, 4, 8, 5]]"
11n_68_69,"[[7, 4, 8, 5], [5, 21, 6, 20], [19, 7, 20, 6], [9, 15, 10, 14], [11, 9, 12, 8], [15, 11, 16, 10], [1, 18, 2, 19], [12, 22, 13, 21], [22, 14, 1, 13], [3, 16, 4, 17], [17, 2, 18, 3]]"
11n_68_70,"[[17, 2, 18, 3], [7, 4, 8, 5], [5, 21, 6, 20], [19, 7, 20, 6], [9, 15, 10, 14], [11, 9, 12, 8], [15, 11, 16, 10], [1, 18, 2, 19], [12, 22, 13, 21], [22, 14, 1, 13], [3, 16, 4, 17]]"
11n_68_71,"[[3, 16, 4, 17], [17, 2, 18, 3], [7, 4, 8, 5], [5, 21, 6, 20], [19, 7, 20, 6], [9, 15, 10, 14], [11, 9, 12, 8], [15, 11, 16, 10], [1, 18, 2, 19], [12, 22, 13, 21], [22, 14, 1, 13]]"
11n_68_72,"[[22, 14, 1, 13], [3, 16, 4, 17], [17, 2, 18, 3], [7, 4, 8, 5], [5, 21, 6, 20], [19, 7, 20, 6], [9, 15, 10, 14], [11, 9, 12, 8], [15, 11, 16, 10], [1, 18, 2, 19], [12, 22, 13, 21]]"
11n_68_73,"[[12, 22, 13, 21], [22, 14, 1, 13], [3, 16, 4, 17], [17, 2, 18, 3], [7, 4, 8, 5], [5, 21, 6, 20], [19, 7, 20, 6], [9, 15, 10, 14], [11, 9, 12, 8], [15, 11, 16, 10], [1, 18, 2, 19]]"
11n_68_74,"[[1, 18, 2, 19], [12, 22, 13, 21], [22, 14, 1, 13], [3, 16, 4, 17], [17, 2, 18, 3], [7, 4, 8, 5], [5, 21, 6, 20], [19, 7, 20, 6], [9, 15, 10, 14], [11, 9, 12, 8], [15, 11, 16, 10]]"
11n_68_75,"[[15, 11, 16, 10], [1, 18, 2, 19], [12, 22, 13, 21], [22, 14, 1, 13], [3, 16, 4, 17], [17, 2, 18, 3], [7, 4, 8, 5], [5, 21, 6, 20], [19, 7, 20, 6], [9, 15, 10, 14], [11, 9, 12, 8]]"
11n_68_76,"[[11, 9, 12, 8], [15, 11, 16, 10], [1, 18, 2, 19], [12, 22, 13, 21], [22, 14, 1, 13], [3, 16, 4, 17], [17, 2, 18, 3], [7, 4, 8, 5], [5, 21, 6, 20], [19, 7, 20, 6], [9, 15, 10, 14]]"
11n_68_77,"[[10, 16, 11, 15], [12, 10, 13, 9], [16, 12, 17, 11], [2, 19, 3, 20], [13, 1, 14, 22], [1, 15, 2, 14], [4, 17, 5, 18], [18, 3, 19, 4], [8, 5, 9, 6], [6, 22, 7, 21], [20, 8, 21, 7]]"
11n_68_78,"[[20, 8, 21, 7], [10, 16, 11, 15], [12, 10, 13, 9], [16, 12, 17, 11], [2, 19, 3, 20], [13, 1, 14, 22], [1, 15, 2, 14], [4, 17, 5, 18], [18, 3, 19, 4], [8, 5, 9, 6], [6, 22, 7, 21]]"
11n_68_79,"[[6, 22, 7, 21], [20, 8, 21, 7], [10, 16, 11, 15], [12, 10, 13, 9], [16, 12, 17, 11], [2, 19, 3, 20], [13, 1, 14, 22], [1, 15, 2, 14], [4, 17, 5, 18], [18, 3, 19, 4], [8, 5, 9, 6]]"
11n_68_80,"[[8, 5, 9, 6], [6, 22, 7, 21], [20, 8, 21, 7], [10, 16, 11, 15], [12, 10, 13, 9], [16, 12, 17, 11], [2, 19, 3, 20], [13, 1, 14, 22], [1, 15, 2, 14], [4, 17, 5, 18], [18, 3, 19, 4]]"
11n_68_81,"[[18, 3, 19, 4], [8, 5, 9, 6], [6, 22, 7, 21], [20, 8, 21, 7], [10, 16, 11, 15], [12, 10, 13, 9], [16, 12, 17, 11], [2, 19, 3, 20], [13, 1, 14, 22], [1, 15, 2, 14], [4, 17, 5, 18]]"
11n_68_82,"[[4, 17, 5, 18], [18, 3, 19, 4], [8, 5, 9, 6], [6, 22, 7, 21], [20, 8, 21, 7], [10, 16, 11, 15], [12, 10, 13, 9], [16, 12, 17, 11], [2, 19, 3, 20], [13, 1, 14, 22], [1, 15, 2, 14]]"
11n_68_83,"[[1, 15, 2, 14], [4, 17, 5, 18], [18, 3, 19, 4], [8, 5, 9, 6], [6, 22, 7, 21], [20, 8, 21, 7], [10, 16, 11, 15], [12, 10, 13, 9], [16, 12, 17, 11], [2, 19, 3, 20], [13, 1, 14, 22]]"
11n_68_84,"[[13, 1, 14, 22], [1, 15, 2, 14], [4, 17, 5, 18], [18, 3, 19, 4], [8, 5, 9, 6], [6, 22, 7, 21], [20, 8, 21, 7], [10, 16, 11, 15], [12, 10, 13, 9], [16, 12, 17, 11], [2, 19, 3, 20]]"
11n_68_85,"[[2, 19, 3, 20], [13, 1, 14, 22], [1, 15, 2, 14], [4, 17, 5, 18], [18, 3, 19, 4], [8, 5, 9, 6], [6, 22, 7, 21], [20, 8, 21, 7], [10, 16, 11, 15], [12, 10, 13, 9], [16, 12, 17, 11]]"
11n_68_86,"[[16, 12, 17, 11], [2, 19, 3, 20], [13, 1, 14, 22], [1, 15, 2, 14], [4, 17, 5, 18], [18, 3, 19, 4], [8, 5, 9, 6], [6, 22, 7, 21], [20, 8, 21, 7], [10, 16, 11, 15], [12, 10, 13, 9]]"
11n_68_87,"[[12, 10, 13, 9], [16, 12, 17, 11], [2, 19, 3, 20], [13, 1, 14, 22], [1, 15, 2, 14], [4, 17, 5, 18], [18, 3, 19, 4], [8, 5, 9, 6], [6, 22, 7, 21], [20, 8, 21, 7], [10, 16, 11, 15]]"
11n_68_88,"[[11, 17, 12, 16], [13, 11, 14, 10], [17, 13, 18, 12], [3, 20, 4, 21], [14, 2, 15, 1], [2, 16, 3, 15], [5, 18, 6, 19], [19, 4, 20, 5], [9, 6, 10, 7], [7, 1, 8, 22], [21, 9, 22, 8]]"
11n_68_89,"[[21, 9, 22, 8], [11, 17, 12, 16], [13, 11, 14, 10], [17, 13, 18, 12], [3, 20, 4, 21], [14, 2, 15, 1], [2, 16, 3, 15], [5, 18, 6, 19], [19, 4, 20, 5], [9, 6, 10, 7], [7, 1, 8, 22]]"
11n_68_90,"[[7, 1, 8, 22], [21, 9, 22, 8], [11, 17, 12, 16], [13, 11, 14, 10], [17, 13, 18, 12], [3, 20, 4, 21], [14, 2, 15, 1], [2, 16, 3, 15], [5, 18, 6, 19], [19, 4, 20, 5], [9, 6, 10, 7]]"
11n_68_91,"[[9, 6, 10, 7], [7, 1, 8, 22], [21, 9, 22, 8], [11, 17, 12, 16], [13, 11, 14, 10], [17, 13, 18, 12], [3, 20, 4, 21], [14, 2, 15, 1], [2, 16, 3, 15], [5, 18, 6, 19], [19, 4, 20, 5]]"
11n_68_92,"[[19, 4, 20, 5], [9, 6, 10, 7], [7, 1, 8, 22], [21, 9, 22, 8], [11, 17, 12, 16], [13, 11, 14, 10], [17, 13, 18, 12], [3, 20, 4, 21], [14, 2, 15, 1], [2, 16, 3, 15], [5, 18, 6, 19]]"
11n_68_93,"[[5, 18, 6, 19], [19, 4, 20, 5], [9, 6, 10, 7], [7, 1, 8, 22], [21, 9, 22, 8], [11, 17, 12, 16], [13, 11, 14, 10], [17, 13, 18, 12], [3, 20, 4, 21], [14, 2, 15, 1], [2, 16, 3, 15]]"
11n_68_94,"[[2, 16, 3, 15], [5, 18, 6, 19], [19, 4, 20, 5], [9, 6, 10, 7], [7, 1, 8, 22], [21, 9, 22, 8], [11, 17, 12, 16], [13, 11, 14, 10], [17, 13, 18, 12], [3, 20, 4, 21], [14, 2, 15, 1]]"
11n_68_95,"[[14, 2, 15, 1], [2, 16, 3, 15], [5, 18, 6, 19], [19, 4, 20, 5], [9, 6, 10, 7], [7, 1, 8, 22], [21, 9, 22, 8], [11, 17, 12, 16], [13, 11, 14, 10], [17, 13, 18, 12], [3, 20, 4, 21]]"
11n_68_96,"[[3, 20, 4, 21], [14, 2, 15, 1], [2, 16, 3, 15], [5, 18, 6, 19], [19, 4, 20, 5], [9, 6, 10, 7], [7, 1, 8, 22], [21, 9, 22, 8], [11, 17, 12, 16], [13, 11, 14, 10], [17, 13, 18, 12]]"
11n_68_97,"[[17, 13, 18, 12], [3, 20, 4, 21], [14, 2, 15, 1], [2, 16, 3, 15], [5, 18, 6, 19], [19, 4, 20, 5], [9, 6, 10, 7], [7, 1, 8, 22], [21, 9, 22, 8], [11, 17, 12, 16], [13, 11, 14, 10]]"
11n_68_98,"[[13, 11, 14, 10], [17, 13, 18, 12], [3, 20, 4, 21], [14, 2, 15, 1], [2, 16, 3, 15], [5, 18, 6, 19], [19, 4, 20, 5], [9, 6, 10, 7], [7, 1, 8, 22], [21, 9, 22, 8], [11, 17, 12, 16]]"
11n_68_99,"[[12, 18, 13, 17], [14, 12, 15, 11], [18, 14, 19, 13], [4, 21, 5, 22], [15, 3, 16, 2], [3, 17, 4, 16], [6, 19, 7, 20], [20, 5, 21, 6], [10, 7, 11, 8], [8, 2, 9, 1], [22, 10, 1, 9]]"
11n_68_100,"[[22, 10, 1, 9], [12, 18, 13, 17], [14, 12, 15, 11], [18, 14, 19, 13], [4, 21, 5, 22], [15, 3, 16, 2], [3, 17, 4, 16], [6, 19, 7, 20], [20, 5, 21, 6], [10, 7, 11, 8], [8, 2, 9, 1]]"
11n_68_101,"[[8, 2, 9, 1], [22, 10, 1, 9], [12, 18, 13, 17], [14, 12, 15, 11], [18, 14, 19, 13], [4, 21, 5, 22], [15, 3, 16, 2], [3, 17, 4, 16], [6, 19, 7, 20], [20, 5, 21, 6], [10, 7, 11, 8]]"
11n_68_102,"[[10, 7, 11, 8], [8, 2, 9, 1], [22, 10, 1, 9], [12, 18, 13, 17], [14, 12, 15, 11], [18, 14, 19, 13], [4, 21, 5, 22], [15, 3, 16, 2], [3, 17, 4, 16], [6, 19, 7, 20], [20, 5, 21, 6]]"
11n_68_103,"[[20, 5, 21, 6], [10, 7, 11, 8], [8, 2, 9, 1], [22, 10, 1, 9], [12, 18, 13, 17], [14, 12, 15, 11], [18, 14, 19, 13], [4, 21, 5, 22], [15, 3, 16, 2], [3, 17, 4, 16], [6, 19, 7, 20]]"
11n_68_104,"[[6, 19, 7, 20], [20, 5, 21, 6], [10, 7, 11, 8], [8, 2, 9, 1], [22, 10, 1, 9], [12, 18, 13, 17], [14, 12, 15, 11], [18, 14, 19, 13], [4, 21, 5, 22], [15, 3, 16, 2], [3, 17, 4, 16]]"
11n_68_105,"[[3, 17, 4, 16], [6, 19, 7, 20], [20, 5, 21, 6], [10, 7, 11, 8], [8, 2, 9, 1], [22, 10, 1, 9], [12, 18, 13, 17], [14, 12, 15, 11], [18, 14, 19, 13], [4, 21, 5, 22], [15, 3, 16, 2]]"
11n_68_106,"[[15, 3, 16, 2], [3, 17, 4, 16], [6, 19, 7, 20], [20, 5, 21, 6], [10, 7, 11, 8], [8, 2, 9, 1], [22, 10, 1, 9], [12, 18, 13, 17], [14, 12, 15, 11], [18, 14, 19, 13], [4, 21, 5, 22]]"
11n_68_107,"[[4, 21, 5, 22], [15, 3, 16, 2], [3, 17, 4, 16], [6, 19, 7, 20], [20, 5, 21, 6], [10, 7, 11, 8], [8, 2, 9, 1], [22, 10, 1, 9], [12, 18, 13, 17], [14, 12, 15, 11], [18, 14, 19, 13]]"
11n_68_108,"[[18, 14, 19, 13], [4, 21, 5, 22], [15, 3, 16, 2], [3, 17, 4, 16], [6, 19, 7, 20], [20, 5, 21, 6], [10, 7, 11, 8], [8, 2, 9, 1], [22, 10, 1, 9], [12, 18, 13, 17], [14, 12, 15, 11]]"
11n_68_109,"[[14, 12, 15, 11], [18, 14, 19, 13], [4, 21, 5, 22], [15, 3, 16, 2], [3, 17, 4, 16], [6, 19, 7, 20], [20, 5, 21, 6], [10, 7, 11, 8], [8, 2, 9, 1], [22, 10, 1, 9], [12, 18, 13, 17]]"
11n_68_110,"[[13, 19, 14, 18], [15, 13, 16, 12], [19, 15, 20, 14], [5, 22, 6, 1], [16, 4, 17, 3], [4, 18, 5, 17], [7, 20, 8, 21], [21, 6, 22, 7], [11, 8, 12, 9], [9, 3, 10, 2], [1, 11, 2, 10]]"
11n_68_111,"[[1, 11, 2, 10], [13, 19, 14, 18], [15, 13, 16, 12], [19, 15, 20, 14], [5, 22, 6, 1], [16, 4, 17, 3], [4, 18, 5, 17], [7, 20, 8, 21], [21, 6, 22, 7], [11, 8, 12, 9], [9, 3, 10, 2]]"
11n_68_112,"[[9, 3, 10, 2], [1, 11, 2, 10], [13, 19, 14, 18], [15, 13, 16, 12], [19, 15, 20, 14], [5, 22, 6, 1], [16, 4, 17, 3], [4, 18, 5, 17], [7, 20, 8, 21], [21, 6, 22, 7], [11, 8, 12, 9]]"
11n_68_113,"[[11, 8, 12, 9], [9, 3, 10, 2], [1, 11, 2, 10], [13, 19, 14, 18], [15, 13, 16, 12], [19, 15, 20, 14], [5, 22, 6, 1], [16, 4, 17, 3], [4, 18, 5, 17], [7, 20, 8, 21], [21, 6, 22, 7]]"
11n_68_114,"[[21, 6, 22, 7], [11, 8, 12, 9], [9, 3, 10, 2], [1, 11, 2, 10], [13, 19, 14, 18], [15, 13, 16, 12], [19, 15, 20, 14], [5, 22, 6, 1], [16, 4, 17, 3], [4, 18, 5, 17], [7, 20, 8, 21]]"
11n_68_115,"[[7, 20, 8, 21], [21, 6, 22, 7], [11, 8, 12, 9], [9, 3, 10, 2], [1, 11, 2, 10], [13, 19, 14, 18], [15, 13, 16, 12], [19, 15, 20, 14], [5, 22, 6, 1], [16, 4, 17, 3], [4, 18, 5, 17]]"
11n_68_116,"[[4, 18, 5, 17], [7, 20, 8, 21], [21, 6, 22, 7], [11, 8, 12, 9], [9, 3, 10, 2], [1, 11, 2, 10], [13, 19, 14, 18], [15, 13, 16, 12], [19, 15, 20, 14], [5, 22, 6, 1], [16, 4, 17, 3]]"
11n_68_117,"[[16, 4, 17, 3], [4, 18, 5, 17], [7, 20, 8, 21], [21, 6, 22, 7], [11, 8, 12, 9], [9, 3, 10, 2], [1, 11, 2, 10], [13, 19, 14, 18], [15, 13, 16, 12], [19, 15, 20, 14], [5, 22, 6, 1]]"
11n_68_118,"[[5, 22, 6, 1], [16, 4, 17, 3], [4, 18, 5, 17], [7, 20, 8, 21], [21, 6, 22, 7], [11, 8, 12, 9], [9, 3, 10, 2], [1, 11, 2, 10], [13, 19, 14, 18], [15, 13, 16, 12], [19, 15, 20, 14]]"
11n_68_119,"[[19, 15, 20, 14], [5, 22, 6, 1], [16, 4, 17, 3], [4, 18, 5, 17], [7, 20, 8, 21], [21, 6, 22, 7], [11, 8, 12, 9], [9, 3, 10, 2], [1, 11, 2, 10], [13, 19, 14, 18], [15, 13, 16, 12]]"
11n_68_120,"[[15, 13, 16, 12], [19, 15, 20, 14], [5, 22, 6, 1], [16, 4, 17, 3], [4, 18, 5, 17], [7, 20, 8, 21], [21, 6, 22, 7], [11, 8, 12, 9], [9, 3, 10, 2], [1, 11, 2, 10], [13, 19, 14, 18]]"
11n_68_121,"[[14, 20, 15, 19], [16, 14, 17, 13], [20, 16, 21, 15], [6, 1, 7, 2], [17, 5, 18, 4], [5, 19, 6, 18], [8, 21, 9, 22], [22, 7, 1, 8], [12, 9, 13, 10], [10, 4, 11, 3], [2, 12, 3, 11]]"
11n_68_122,"[[2, 12, 3, 11], [14, 20, 15, 19], [16, 14, 17, 13], [20, 16, 21, 15], [6, 1, 7, 2], [17, 5, 18, 4], [5, 19, 6, 18], [8, 21, 9, 22], [22, 7, 1, 8], [12, 9, 13, 10], [10, 4, 11, 3]]"
11n_68_123,"[[10, 4, 11, 3], [2, 12, 3, 11], [14, 20, 15, 19], [16, 14, 17, 13], [20, 16, 21, 15], [6, 1, 7, 2], [17, 5, 18, 4], [5, 19, 6, 18], [8, 21, 9, 22], [22, 7, 1, 8], [12, 9, 13, 10]]"
11n_68_124,"[[12, 9, 13, 10], [10, 4, 11, 3], [2, 12, 3, 11], [14, 20, 15, 19], [16, 14, 17, 13], [20, 16, 21, 15], [6, 1, 7, 2], [17, 5, 18, 4], [5, 19, 6, 18], [8, 21, 9, 22], [22, 7, 1, 8]]"
11n_68_125,"[[22, 7, 1, 8], [12, 9, 13, 10], [10, 4, 11, 3], [2, 12, 3, 11], [14, 20, 15, 19], [16, 14, 17, 13], [20, 16, 21, 15], [6, 1, 7, 2], [17, 5, 18, 4], [5, 19, 6, 18], [8, 21, 9, 22]]"
11n_68_126,"[[8, 21, 9, 22], [22, 7, 1, 8], [12, 9, 13, 10], [10, 4, 11, 3], [2, 12, 3, 11], [14, 20, 15, 19], [16, 14, 17, 13], [20, 16, 21, 15], [6, 1, 7, 2], [17, 5, 18, 4], [5, 19, 6, 18]]"
11n_68_127,"[[5, 19, 6, 18], [8, 21, 9, 22], [22, 7, 1, 8], [12, 9, 13, 10], [10, 4, 11, 3], [2, 12, 3, 11], [14, 20, 15, 19], [16, 14, 17, 13], [20, 16, 21, 15], [6, 1, 7, 2], [17, 5, 18, 4]]"
11n_68_128,"[[17, 5, 18, 4], [5, 19, 6, 18], [8, 21, 9, 22], [22, 7, 1, 8], [12, 9, 13, 10], [10, 4, 11, 3], [2, 12, 3, 11], [14, 20, 15, 19], [16, 14, 17, 13], [20, 16, 21, 15], [6, 1, 7, 2]]"
11n_68_129,"[[6, 1, 7, 2], [17, 5, 18, 4], [5, 19, 6, 18], [8, 21, 9, 22], [22, 7, 1, 8], [12, 9, 13, 10], [10, 4, 11, 3], [2, 12, 3, 11], [14, 20, 15, 19], [16, 14, 17, 13], [20, 16, 21, 15]]"
11n_68_130,"[[20, 16, 21, 15], [6, 1, 7, 2], [17, 5, 18, 4], [5, 19, 6, 18], [8, 21, 9, 22], [22, 7, 1, 8], [12, 9, 13, 10], [10, 4, 11, 3], [2, 12, 3, 11], [14, 20, 15, 19], [16, 14, 17, 13]]"
11n_68_131,"[[16, 14, 17, 13], [20, 16, 21, 15], [6, 1, 7, 2], [17, 5, 18, 4], [5, 19, 6, 18], [8, 21, 9, 22], [22, 7, 1, 8], [12, 9, 13, 10], [10, 4, 11, 3], [2, 12, 3, 11], [14, 20, 15, 19]]"
11n_68_132,"[[15, 21, 16, 20], [17, 15, 18, 14], [21, 17, 22, 16], [7, 2, 8, 3], [18, 6, 19, 5], [6, 20, 7, 19], [9, 22, 10, 1], [1, 8, 2, 9], [13, 10, 14, 11], [11, 5, 12, 4], [3, 13, 4, 12]]"
11n_68_133,"[[3, 13, 4, 12], [15, 21, 16, 20], [17, 15, 18, 14], [21, 17, 22, 16], [7, 2, 8, 3], [18, 6, 19, 5], [6, 20, 7, 19], [9, 22, 10, 1], [1, 8, 2, 9], [13, 10, 14, 11], [11, 5, 12, 4]]"
11n_68_134,"[[11, 5, 12, 4], [3, 13, 4, 12], [15, 21, 16, 20], [17, 15, 18, 14], [21, 17, 22, 16], [7, 2, 8, 3], [18, 6, 19, 5], [6, 20, 7, 19], [9, 22, 10, 1], [1, 8, 2, 9], [13, 10, 14, 11]]"
11n_68_135,"[[13, 10, 14, 11], [11, 5, 12, 4], [3, 13, 4, 12], [15, 21, 16, 20], [17, 15, 18, 14], [21, 17, 22, 16], [7, 2, 8, 3], [18, 6, 19, 5], [6, 20, 7, 19], [9, 22, 10, 1], [1, 8, 2, 9]]"
11n_68_136,"[[1, 8, 2, 9], [13, 10, 14, 11], [11, 5, 12, 4], [3, 13, 4, 12], [15, 21, 16, 20], [17, 15, 18, 14], [21, 17, 22, 16], [7, 2, 8, 3], [18, 6, 19, 5], [6, 20, 7, 19], [9, 22, 10, 1]]"
11n_68_137,"[[9, 22, 10, 1], [1, 8, 2, 9], [13, 10, 14, 11], [11, 5, 12, 4], [3, 13, 4, 12], [15, 21, 16, 20], [17, 15, 18, 14], [21, 17, 22, 16], [7, 2, 8, 3], [18, 6, 19, 5], [6, 20, 7, 19]]"
11n_68_138,"[[6, 20, 7, 19], [9, 22, 10, 1], [1, 8, 2, 9], [13, 10, 14, 11], [11, 5, 12, 4], [3, 13, 4, 12], [15, 21, 16, 20], [17, 15, 18, 14], [21, 17, 22, 16], [7, 2, 8, 3], [18, 6, 19, 5]]"
11n_68_139,"[[18, 6, 19, 5], [6, 20, 7, 19], [9, 22, 10, 1], [1, 8, 2, 9], [13, 10, 14, 11], [11, 5, 12, 4], [3, 13, 4, 12], [15, 21, 16, 20], [17, 15, 18, 14], [21, 17, 22, 16], [7, 2, 8, 3]]"
11n_68_140,"[[7, 2, 8, 3], [18, 6, 19, 5], [6, 20, 7, 19], [9, 22, 10, 1], [1, 8, 2, 9], [13, 10, 14, 11], [11, 5, 12, 4], [3, 13, 4, 12], [15, 21, 16, 20], [17, 15, 18, 14], [21, 17, 22, 16]]"
11n_68_141,"[[21, 17, 22, 16], [7, 2, 8, 3], [18, 6, 19, 5], [6, 20, 7, 19], [9, 22, 10, 1], [1, 8, 2, 9], [13, 10, 14, 11], [11, 5, 12, 4], [3, 13, 4, 12], [15, 21, 16, 20], [17, 15, 18, 14]]"
11n_68_142,"[[17, 15, 18, 14], [21, 17, 22, 16], [7, 2, 8, 3], [18, 6, 19, 5], [6, 20, 7, 19], [9, 22, 10, 1], [1, 8, 2, 9], [13, 10, 14, 11], [11, 5, 12, 4], [3, 13, 4, 12], [15, 21, 16, 20]]"
11n_68_143,"[[16, 22, 17, 21], [18, 16, 19, 15], [22, 18, 1, 17], [8, 3, 9, 4], [19, 7, 20, 6], [7, 21, 8, 20], [10, 1, 11, 2], [2, 9, 3, 10], [14, 11, 15, 12], [12, 6, 13, 5], [4, 14, 5, 13]]"
11n_68_144,"[[4, 14, 5, 13], [16, 22, 17, 21], [18, 16, 19, 15], [22, 18, 1, 17], [8, 3, 9, 4], [19, 7, 20, 6], [7, 21, 8, 20], [10, 1, 11, 2], [2, 9, 3, 10], [14, 11, 15, 12], [12, 6, 13, 5]]"
11n_68_145,"[[12, 6, 13, 5], [4, 14, 5, 13], [16, 22, 17, 21], [18, 16, 19, 15], [22, 18, 1, 17], [8, 3, 9, 4], [19, 7, 20, 6], [7, 21, 8, 20], [10, 1, 11, 2], [2, 9, 3, 10], [14, 11, 15, 12]]"
11n_68_146,"[[14, 11, 15, 12], [12, 6, 13, 5], [4, 14, 5, 13], [16, 22, 17, 21], [18, 16, 19, 15], [22, 18, 1, 17], [8, 3, 9, 4], [19, 7, 20, 6], [7, 21, 8, 20], [10, 1, 11, 2], [2, 9, 3, 10]]"
11n_68_147,"[[2, 9, 3, 10], [14, 11, 15, 12], [12, 6, 13, 5], [4, 14, 5, 13], [16, 22, 17, 21], [18, 16, 19, 15], [22, 18, 1, 17], [8, 3, 9, 4], [19, 7, 20, 6], [7, 21, 8, 20], [10, 1, 11, 2]]"
11n_68_148,"[[10, 1, 11, 2], [2, 9, 3, 10], [14, 11, 15, 12], [12, 6, 13, 5], [4, 14, 5, 13], [16, 22, 17, 21], [18, 16, 19, 15], [22, 18, 1, 17], [8, 3, 9, 4], [19, 7, 20, 6], [7, 21, 8, 20]]"
11n_68_149,"[[7, 21, 8, 20], [10, 1, 11, 2], [2, 9, 3, 10], [14, 11, 15, 12], [12, 6, 13, 5], [4, 14, 5, 13], [16, 22, 17, 21], [18, 16, 19, 15], [22, 18, 1, 17], [8, 3, 9, 4], [19, 7, 20, 6]]"
11n_68_150,"[[19, 7, 20, 6], [7, 21, 8, 20], [10, 1, 11, 2], [2, 9, 3, 10], [14, 11, 15, 12], [12, 6, 13, 5], [4, 14, 5, 13], [16, 22, 17, 21], [18, 16, 19, 15], [22, 18, 1, 17], [8, 3, 9, 4]]"
11n_68_151,"[[8, 3, 9, 4], [19, 7, 20, 6], [7, 21, 8, 20], [10, 1, 11, 2], [2, 9, 3, 10], [14, 11, 15, 12], [12, 6, 13, 5], [4, 14, 5, 13], [16, 22, 17, 21], [18, 16, 19, 15], [22, 18, 1, 17]]"
11n_68_152,"[[22, 18, 1, 17], [8, 3, 9, 4], [19, 7, 20, 6], [7, 21, 8, 20], [10, 1, 11, 2], [2, 9, 3, 10], [14, 11, 15, 12], [12, 6, 13, 5], [4, 14, 5, 13], [16, 22, 17, 21], [18, 16, 19, 15]]"
11n_68_153,"[[18, 16, 19, 15], [22, 18, 1, 17], [8, 3, 9, 4], [19, 7, 20, 6], [7, 21, 8, 20], [10, 1, 11, 2], [2, 9, 3, 10], [14, 11, 15, 12], [12, 6, 13, 5], [4, 14, 5, 13], [16, 22, 17, 21]]"
11n_68_154,"[[17, 1, 18, 22], [19, 17, 20, 16], [1, 19, 2, 18], [9, 4, 10, 5], [20, 8, 21, 7], [8, 22, 9, 21], [11, 2, 12, 3], [3, 10, 4, 11], [15, 12, 16, 13], [13, 7, 14, 6], [5, 15, 6, 14]]"
11n_68_155,"[[5, 15, 6, 14], [17, 1, 18, 22], [19, 17, 20, 16], [1, 19, 2, 18], [9, 4, 10, 5], [20, 8, 21, 7], [8, 22, 9, 21], [11, 2, 12, 3], [3, 10, 4, 11], [15, 12, 16, 13], [13, 7, 14, 6]]"
11n_68_156,"[[13, 7, 14, 6], [5, 15, 6, 14], [17, 1, 18, 22], [19, 17, 20, 16], [1, 19, 2, 18], [9, 4, 10, 5], [20, 8, 21, 7], [8, 22, 9, 21], [11, 2, 12, 3], [3, 10, 4, 11], [15, 12, 16, 13]]"
11n_68_157,"[[15, 12, 16, 13], [13, 7, 14, 6], [5, 15, 6, 14], [17, 1, 18, 22], [19, 17, 20, 16], [1, 19, 2, 18], [9, 4, 10, 5], [20, 8, 21, 7], [8, 22, 9, 21], [11, 2, 12, 3], [3, 10, 4, 11]]"
11n_68_158,"[[3, 10, 4, 11], [15, 12, 16, 13], [13, 7, 14, 6], [5, 15, 6, 14], [17, 1, 18, 22], [19, 17, 20, 16], [1, 19, 2, 18], [9, 4, 10, 5], [20, 8, 21, 7], [8, 22, 9, 21], [11, 2, 12, 3]]"
11n_68_159,"[[11, 2, 12, 3], [3, 10, 4, 11], [15, 12, 16, 13], [13, 7, 14, 6], [5, 15, 6, 14], [17, 1, 18, 22], [19, 17, 20, 16], [1, 19, 2, 18], [9, 4, 10, 5], [20, 8, 21, 7], [8, 22, 9, 21]]"
11n_68_160,"[[8, 22, 9, 21], [11, 2, 12, 3], [3, 10, 4, 11], [15, 12, 16, 13], [13, 7, 14, 6], [5, 15, 6, 14], [17, 1, 18, 22], [19, 17, 20, 16], [1, 19, 2, 18], [9, 4, 10, 5], [20, 8, 21, 7]]"
11n_68_161,"[[20, 8, 21, 7], [8, 22, 9, 21], [11, 2, 12, 3], [3, 10, 4, 11], [15, 12, 16, 13], [13, 7, 14, 6], [5, 15, 6, 14], [17, 1, 18, 22], [19, 17, 20, 16], [1, 19, 2, 18], [9, 4, 10, 5]]"
11n_68_162,"[[9, 4, 10, 5], [20, 8, 21, 7], [8, 22, 9, 21], [11, 2, 12, 3], [3, 10, 4, 11], [15, 12, 16, 13], [13, 7, 14, 6], [5, 15, 6, 14], [17, 1, 18, 22], [19, 17, 20, 16], [1, 19, 2, 18]]"
11n_68_163,"[[1, 19, 2, 18], [9, 4, 10, 5], [20, 8, 21, 7], [8, 22, 9, 21], [11, 2, 12, 3], [3, 10, 4, 11], [15, 12, 16, 13], [13, 7, 14, 6], [5, 15, 6, 14], [17, 1, 18, 22], [19, 17, 20, 16]]"
11n_68_164,"[[19, 17, 20, 16], [1, 19, 2, 18], [9, 4, 10, 5], [20, 8, 21, 7], [8, 22, 9, 21], [11, 2, 12, 3], [3, 10, 4, 11], [15, 12, 16, 13], [13, 7, 14, 6], [5, 15, 6, 14], [17, 1, 18, 22]]"
11n_68_165,"[[18, 2, 19, 1], [20, 18, 21, 17], [2, 20, 3, 19], [10, 5, 11, 6], [21, 9, 22, 8], [9, 1, 10, 22], [12, 3, 13, 4], [4, 11, 5, 12], [16, 13, 17, 14], [14, 8, 15, 7], [6, 16, 7, 15]]"
11n_68_166,"[[6, 16, 7, 15], [18, 2, 19, 1], [20, 18, 21, 17], [2, 20, 3, 19], [10, 5, 11, 6], [21, 9, 22, 8], [9, 1, 10, 22], [12, 3, 13, 4], [4, 11, 5, 12], [16, 13, 17, 14], [14, 8, 15, 7]]"
11n_68_167,"[[14, 8, 15, 7], [6, 16, 7, 15], [18, 2, 19, 1], [20, 18, 21, 17], [2, 20, 3, 19], [10, 5, 11, 6], [21, 9, 22, 8], [9, 1, 10, 22], [12, 3, 13, 4], [4, 11, 5, 12], [16, 13, 17, 14]]"
11n_68_168,"[[16, 13, 17, 14], [14, 8, 15, 7], [6, 16, 7, 15], [18, 2, 19, 1], [20, 18, 21, 17], [2, 20, 3, 19], [10, 5, 11, 6], [21, 9, 22, 8], [9, 1, 10, 22], [12, 3, 13, 4], [4, 11, 5, 12]]"
11n_68_169,"[[4, 11, 5, 12], [16, 13, 17, 14], [14, 8, 15, 7], [6, 16, 7, 15], [18, 2, 19, 1], [20, 18, 21, 17], [2, 20, 3, 19], [10, 5, 11, 6], [21, 9, 22, 8], [9, 1, 10, 22], [12, 3, 13, 4]]"
11n_68_170,"[[12, 3, 13, 4], [4, 11, 5, 12], [16, 13, 17, 14], [14, 8, 15, 7], [6, 16, 7, 15], [18, 2, 19, 1], [20, 18, 21, 17], [2, 20, 3, 19], [10, 5, 11, 6], [21, 9, 22, 8], [9, 1, 10, 22]]"
11n_68_171,"[[9, 1, 10, 22], [12, 3, 13, 4], [4, 11, 5, 12], [16, 13, 17, 14], [14, 8, 15, 7], [6, 16, 7, 15], [18, 2, 19, 1], [20, 18, 21, 17], [2, 20, 3, 19], [10, 5, 11, 6], [21, 9, 22, 8]]"
11n_68_172,"[[21, 9, 22, 8], [9, 1, 10, 22], [12, 3, 13, 4], [4, 11, 5, 12], [16, 13, 17, 14], [14, 8, 15, 7], [6, 16, 7, 15], [18, 2, 19, 1], [20, 18, 21, 17], [2, 20, 3, 19], [10, 5, 11, 6]]"
11n_68_173,"[[10, 5, 11, 6], [21, 9, 22, 8], [9, 1, 10, 22], [12, 3, 13, 4], [4, 11, 5, 12], [16, 13, 17, 14], [14, 8, 15, 7], [6, 16, 7, 15], [18, 2, 19, 1], [20, 18, 21, 17], [2, 20, 3, 19]]"
11n_68_174,"[[2, 20, 3, 19], [10, 5, 11, 6], [21, 9, 22, 8], [9, 1, 10, 22], [12, 3, 13, 4], [4, 11, 5, 12], [16, 13, 17, 14], [14, 8, 15, 7], [6, 16, 7, 15], [18, 2, 19, 1], [20, 18, 21, 17]]"
11n_68_175,"[[20, 18, 21, 17], [2, 20, 3, 19], [10, 5, 11, 6], [21, 9, 22, 8], [9, 1, 10, 22], [12, 3, 13, 4], [4, 11, 5, 12], [16, 13, 17, 14], [14, 8, 15, 7], [6, 16, 7, 15], [18, 2, 19, 1]]"
11n_68_176,"[[19, 3, 20, 2], [21, 19, 22, 18], [3, 21, 4, 20], [11, 6, 12, 7], [22, 10, 1, 9], [10, 2, 11, 1], [13, 4, 14, 5], [5, 12, 6, 13], [17, 14, 18, 15], [15, 9, 16, 8], [7, 17, 8, 16]]"
11n_68_177,"[[7, 17, 8, 16], [19, 3, 20, 2], [21, 19, 22, 18], [3, 21, 4, 20], [11, 6, 12, 7], [22, 10, 1, 9], [10, 2, 11, 1], [13, 4, 14, 5], [5, 12, 6, 13], [17, 14, 18, 15], [15, 9, 16, 8]]"
11n_68_178,"[[15, 9, 16, 8], [7, 17, 8, 16], [19, 3, 20, 2], [21, 19, 22, 18], [3, 21, 4, 20], [11, 6, 12, 7], [22, 10, 1, 9], [10, 2, 11, 1], [13, 4, 14, 5], [5, 12, 6, 13], [17, 14, 18, 15]]"
11n_68_179,"[[17, 14, 18, 15], [15, 9, 16, 8], [7, 17, 8, 16], [19, 3, 20, 2], [21, 19, 22, 18], [3, 21, 4, 20], [11, 6, 12, 7], [22, 10, 1, 9], [10, 2, 11, 1], [13, 4, 14, 5], [5, 12, 6, 13]]"
11n_68_180,"[[5, 12, 6, 13], [17, 14, 18, 15], [15, 9, 16, 8], [7, 17, 8, 16], [19, 3, 20, 2], [21, 19, 22, 18], [3, 21, 4, 20], [11, 6, 12, 7], [22, 10, 1, 9], [10, 2, 11, 1], [13, 4, 14, 5]]"
11n_68_181,"[[13, 4, 14, 5], [5, 12, 6, 13], [17, 14, 18, 15], [15, 9, 16, 8], [7, 17, 8, 16], [19, 3, 20, 2], [21, 19, 22, 18], [3, 21, 4, 20], [11, 6, 12, 7], [22, 10, 1, 9], [10, 2, 11, 1]]"
11n_68_182,"[[10, 2, 11, 1], [13, 4, 14, 5], [5, 12, 6, 13], [17, 14, 18, 15], [15, 9, 16, 8], [7, 17, 8, 16], [19, 3, 20, 2], [21, 19, 22, 18], [3, 21, 4, 20], [11, 6, 12, 7], [22, 10, 1, 9]]"
11n_68_183,"[[22, 10, 1, 9], [10, 2, 11, 1], [13, 4, 14, 5], [5, 12, 6, 13], [17, 14, 18, 15], [15, 9, 16, 8], [7, 17, 8, 16], [19, 3, 20, 2], [21, 19, 22, 18], [3, 21, 4, 20], [11, 6, 12, 7]]"
11n_68_184,"[[11, 6, 12, 7], [22, 10, 1, 9], [10, 2, 11, 1], [13, 4, 14, 5], [5, 12, 6, 13], [17, 14, 18, 15], [15, 9, 16, 8], [7, 17, 8, 16], [19, 3, 20, 2], [21, 19, 22, 18], [3, 21, 4, 20]]"
11n_68_185,"[[3, 21, 4, 20], [11, 6, 12, 7], [22, 10, 1, 9], [10, 2, 11, 1], [13, 4, 14, 5], [5, 12, 6, 13], [17, 14, 18, 15], [15, 9, 16, 8], [7, 17, 8, 16], [19, 3, 20, 2], [21, 19, 22, 18]]"
11n_68_186,"[[21, 19, 22, 18], [3, 21, 4, 20], [11, 6, 12, 7], [22, 10, 1, 9], [10, 2, 11, 1], [13, 4, 14, 5], [5, 12, 6, 13], [17, 14, 18, 15], [15, 9, 16, 8], [7, 17, 8, 16], [19, 3, 20, 2]]"
11n_68_187,"[[20, 4, 21, 3], [22, 20, 1, 19], [4, 22, 5, 21], [12, 7, 13, 8], [1, 11, 2, 10], [11, 3, 12, 2], [14, 5, 15, 6], [6, 13, 7, 14], [18, 15, 19, 16], [16, 10, 17, 9], [8, 18, 9, 17]]"
11n_68_188,"[[8, 18, 9, 17], [20, 4, 21, 3], [22, 20, 1, 19], [4, 22, 5, 21], [12, 7, 13, 8], [1, 11, 2, 10], [11, 3, 12, 2], [14, 5, 15, 6], [6, 13, 7, 14], [18, 15, 19, 16], [16, 10, 17, 9]]"
11n_68_189,"[[16, 10, 17, 9], [8, 18, 9, 17], [20, 4, 21, 3], [22, 20, 1, 19], [4, 22, 5, 21], [12, 7, 13, 8], [1, 11, 2, 10], [11, 3, 12, 2], [14, 5, 15, 6], [6, 13, 7, 14], [18, 15, 19, 16]]"
11n_68_190,"[[18, 15, 19, 16], [16, 10, 17, 9], [8, 18, 9, 17], [20, 4, 21, 3], [22, 20, 1, 19], [4, 22, 5, 21], [12, 7, 13, 8], [1, 11, 2, 10], [11, 3, 12, 2], [14, 5, 15, 6], [6, 13, 7, 14]]"
11n_68_191,"[[6, 13, 7, 14], [18, 15, 19, 16], [16, 10, 17, 9], [8, 18, 9, 17], [20, 4, 21, 3], [22, 20, 1, 19], [4, 22, 5, 21], [12, 7, 13, 8], [1, 11, 2, 10], [11, 3, 12, 2], [14, 5, 15, 6]]"
11n_68_192,"[[14, 5, 15, 6], [6, 13, 7, 14], [18, 15, 19, 16], [16, 10, 17, 9], [8, 18, 9, 17], [20, 4, 21, 3], [22, 20, 1, 19], [4, 22, 5, 21], [12, 7, 13, 8], [1, 11, 2, 10], [11, 3, 12, 2]]"
11n_68_193,"[[11, 3, 12, 2], [14, 5, 15, 6], [6, 13, 7, 14], [18, 15, 19, 16], [16, 10, 17, 9], [8, 18, 9, 17], [20, 4, 21, 3], [22, 20, 1, 19], [4, 22, 5, 21], [12, 7, 13, 8], [1, 11, 2, 10]]"
11n_68_194,"[[1, 11, 2, 10], [11, 3, 12, 2], [14, 5, 15, 6], [6, 13, 7, 14], [18, 15, 19, 16], [16, 10, 17, 9], [8, 18, 9, 17], [20, 4, 21, 3], [22, 20, 1, 19], [4, 22, 5, 21], [12, 7, 13, 8]]"
11n_68_195,"[[12, 7, 13, 8], [1, 11, 2, 10], [11, 3, 12, 2], [14, 5, 15, 6], [6, 13, 7, 14], [18, 15, 19, 16], [16, 10, 17, 9], [8, 18, 9, 17], [20, 4, 21, 3], [22, 20, 1, 19], [4, 22, 5, 21]]"
11n_68_196,"[[4, 22, 5, 21], [12, 7, 13, 8], [1, 11, 2, 10], [11, 3, 12, 2], [14, 5, 15, 6], [6, 13, 7, 14], [18, 15, 19, 16], [16, 10, 17, 9], [8, 18, 9, 17], [20, 4, 21, 3], [22, 20, 1, 19]]"
11n_68_197,"[[22, 20, 1, 19], [4, 22, 5, 21], [12, 7, 13, 8], [1, 11, 2, 10], [11, 3, 12, 2], [14, 5, 15, 6], [6, 13, 7, 14], [18, 15, 19, 16], [16, 10, 17, 9], [8, 18, 9, 17], [20, 4, 21, 3]]"
11n_68_198,"[[21, 5, 22, 4], [1, 21, 2, 20], [5, 1, 6, 22], [13, 8, 14, 9], [2, 12, 3, 11], [12, 4, 13, 3], [15, 6, 16, 7], [7, 14, 8, 15], [19, 16, 20, 17], [17, 11, 18, 10], [9, 19, 10, 18]]"
11n_68_199,"[[9, 19, 10, 18], [21, 5, 22, 4], [1, 21, 2, 20], [5, 1, 6, 22], [13, 8, 14, 9], [2, 12, 3, 11], [12, 4, 13, 3], [15, 6, 16, 7], [7, 14, 8, 15], [19, 16, 20, 17], [17, 11, 18, 10]]"
11n_68_200,"[[17, 11, 18, 10], [9, 19, 10, 18], [21, 5, 22, 4], [1, 21, 2, 20], [5, 1, 6, 22], [13, 8, 14, 9], [2, 12, 3, 11], [12, 4, 13, 3], [15, 6, 16, 7], [7, 14, 8, 15], [19, 16, 20, 17]]"
11n_68_201,"[[19, 16, 20, 17], [17, 11, 18, 10], [9, 19, 10, 18], [21, 5, 22, 4], [1, 21, 2, 20], [5, 1, 6, 22], [13, 8, 14, 9], [2, 12, 3, 11], [12, 4, 13, 3], [15, 6, 16, 7], [7, 14, 8, 15]]"
11n_68_202,"[[7, 14, 8, 15], [19, 16, 20, 17], [17, 11, 18, 10], [9, 19, 10, 18], [21, 5, 22, 4], [1, 21, 2, 20], [5, 1, 6, 22], [13, 8, 14, 9], [2, 12, 3, 11], [12, 4, 13, 3], [15, 6, 16, 7]]"
11n_68_203,"[[15, 6, 16, 7], [7, 14, 8, 15], [19, 16, 20, 17], [17, 11, 18, 10], [9, 19, 10, 18], [21, 5, 22, 4], [1, 21, 2, 20], [5, 1, 6, 22], [13, 8, 14, 9], [2, 12, 3, 11], [12, 4, 13, 3]]"
11n_68_204,"[[12, 4, 13, 3], [15, 6, 16, 7], [7, 14, 8, 15], [19, 16, 20, 17], [17, 11, 18, 10], [9, 19, 10, 18], [21, 5, 22, 4], [1, 21, 2, 20], [5, 1, 6, 22], [13, 8, 14, 9], [2, 12, 3, 11]]"
