name,pd_notation
12a_0746_0,"[[24, 19, 1, 20], [2, 6, 3, 5], [4, 16, 5, 15], [6, 18, 7, 17], [8, 23, 9, 24], [10, 2, 11, 1], [12, 21, 13, 22], [14, 4, 15, 3], [16, 14, 17, 13], [18, 10, 19, 9], [20, 11, 21, 12], [22, 7, 23, 8]]"
12a_0746_1,"[[22, 7, 23, 8], [24, 19, 1, 20], [2, 6, 3, 5], [4, 16, 5, 15], [6, 18, 7, 17], [8, 23, 9, 24], [10, 2, 11, 1], [12, 21, 13, 22], [14, 4, 15, 3], [16, 14, 17, 13], [18, 10, 19, 9], [20, 11, 21, 12]]"
12a_0746_2,"[[20, 11, 21, 12], [22, 7, 23, 8], [24, 19, 1, 20], [2, 6, 3, 5], [4, 16, 5, 15], [6, 18, 7, 17], [8, 23, 9, 24], [10, 2, 11, 1], [12, 21, 13, 22], [14, 4, 15, 3], [16, 14, 17, 13], [18, 10, 19, 9]]"
12a_0746_3,"[[18, 10, 19, 9], [20, 11, 21, 12], [22, 7, 23, 8], [24, 19, 1, 20], [2, 6, 3, 5], [4, 16, 5, 15], [6, 18, 7, 17], [8, 23, 9, 24], [10, 2, 11, 1], [12, 21, 13, 22], [14, 4, 15, 3], [16, 14, 17, 13]]"
12a_0746_4,"[[16, 14, 17, 13], [18, 10, 19, 9], [20, 11, 21, 12], [22, 7, 23, 8], [24, 19, 1, 20], [2, 6, 3, 5], [4, 16, 5, 15], [6, 18, 7, 17], [8, 23, 9, 24], [10, 2, 11, 1], [12, 21, 13, 22], [14, 4, 15, 3]]"
12a_0746_5,"[[14, 4, 15, 3], [16, 14, 17, 13], [18, 10, 19, 9], [20, 11, 21, 12], [22, 7, 23, 8], [24, 19, 1, 20], [2, 6, 3, 5], [4, 16, 5, 15], [6, 18, 7, 17], [8, 23, 9, 24], [10, 2, 11, 1], [12, 21, 13, 22]]"
12a_0746_6,"[[12, 21, 13, 22], [14, 4, 15, 3], [16, 14, 17, 13], [18, 10, 19, 9], [20, 11, 21, 12], [22, 7, 23, 8], [24, 19, 1, 20], [2, 6, 3, 5], [4, 16, 5, 15], [6, 18, 7, 17], [8, 23, 9, 24], [10, 2, 11, 1]]"
12a_0746_7,"[[10, 2, 11, 1], [12, 21, 13, 22], [14, 4, 15, 3], [16, 14, 17, 13], [18, 10, 19, 9], [20, 11, 21, 12], [22, 7, 23, 8], [24, 19, 1, 20], [2, 6, 3, 5], [4, 16, 5, 15], [6, 18, 7, 17], [8, 23, 9, 24]]"
12a_0746_8,"[[8, 23, 9, 24], [10, 2, 11, 1], [12, 21, 13, 22], [14, 4, 15, 3], [16, 14, 17, 13], [18, 10, 19, 9], [20, 11, 21, 12], [22, 7, 23, 8], [24, 19, 1, 20], [2, 6, 3, 5], [4, 16, 5, 15], [6, 18, 7, 17]]"
12a_0746_9,"[[6, 18, 7, 17], [8, 23, 9, 24], [10, 2, 11, 1], [12, 21, 13, 22], [14, 4, 15, 3], [16, 14, 17, 13], [18, 10, 19, 9], [20, 11, 21, 12], [22, 7, 23, 8], [24, 19, 1, 20], [2, 6, 3, 5], [4, 16, 5, 15]]"
12a_0746_10,"[[4, 16, 5, 15], [6, 18, 7, 17], [8, 23, 9, 24], [10, 2, 11, 1], [12, 21, 13, 22], [14, 4, 15, 3], [16, 14, 17, 13], [18, 10, 19, 9], [20, 11, 21, 12], [22, 7, 23, 8], [24, 19, 1, 20], [2, 6, 3, 5]]"
12a_0746_11,"[[2, 6, 3, 5], [4, 16, 5, 15], [6, 18, 7, 17], [8, 23, 9, 24], [10, 2, 11, 1], [12, 21, 13, 22], [14, 4, 15, 3], [16, 14, 17, 13], [18, 10, 19, 9], [20, 11, 21, 12], [22, 7, 23, 8], [24, 19, 1, 20]]"
12a_0746_12,"[[1, 20, 2, 21], [3, 7, 4, 6], [5, 17, 6, 16], [7, 19, 8, 18], [9, 24, 10, 1], [11, 3, 12, 2], [13, 22, 14, 23], [15, 5, 16, 4], [17, 15, 18, 14], [19, 11, 20, 10], [21, 12, 22, 13], [23, 8, 24, 9]]"
12a_0746_13,"[[23, 8, 24, 9], [1, 20, 2, 21], [3, 7, 4, 6], [5, 17, 6, 16], [7, 19, 8, 18], [9, 24, 10, 1], [11, 3, 12, 2], [13, 22, 14, 23], [15, 5, 16, 4], [17, 15, 18, 14], [19, 11, 20, 10], [21, 12, 22, 13]]"
12a_0746_14,"[[21, 12, 22, 13], [23, 8, 24, 9], [1, 20, 2, 21], [3, 7, 4, 6], [5, 17, 6, 16], [7, 19, 8, 18], [9, 24, 10, 1], [11, 3, 12, 2], [13, 22, 14, 23], [15, 5, 16, 4], [17, 15, 18, 14], [19, 11, 20, 10]]"
12a_0746_15,"[[19, 11, 20, 10], [21, 12, 22, 13], [23, 8, 24, 9], [1, 20, 2, 21], [3, 7, 4, 6], [5, 17, 6, 16], [7, 19, 8, 18], [9, 24, 10, 1], [11, 3, 12, 2], [13, 22, 14, 23], [15, 5, 16, 4], [17, 15, 18, 14]]"
12a_0746_16,"[[17, 15, 18, 14], [19, 11, 20, 10], [21, 12, 22, 13], [23, 8, 24, 9], [1, 20, 2, 21], [3, 7, 4, 6], [5, 17, 6, 16], [7, 19, 8, 18], [9, 24, 10, 1], [11, 3, 12, 2], [13, 22, 14, 23], [15, 5, 16, 4]]"
12a_0746_17,"[[15, 5, 16, 4], [17, 15, 18, 14], [19, 11, 20, 10], [21, 12, 22, 13], [23, 8, 24, 9], [1, 20, 2, 21], [3, 7, 4, 6], [5, 17, 6, 16], [7, 19, 8, 18], [9, 24, 10, 1], [11, 3, 12, 2], [13, 22, 14, 23]]"
12a_0746_18,"[[13, 22, 14, 23], [15, 5, 16, 4], [17, 15, 18, 14], [19, 11, 20, 10], [21, 12, 22, 13], [23, 8, 24, 9], [1, 20, 2, 21], [3, 7, 4, 6], [5, 17, 6, 16], [7, 19, 8, 18], [9, 24, 10, 1], [11, 3, 12, 2]]"
12a_0746_19,"[[11, 3, 12, 2], [13, 22, 14, 23], [15, 5, 16, 4], [17, 15, 18, 14], [19, 11, 20, 10], [21, 12, 22, 13], [23, 8, 24, 9], [1, 20, 2, 21], [3, 7, 4, 6], [5, 17, 6, 16], [7, 19, 8, 18], [9, 24, 10, 1]]"
12a_0746_20,"[[9, 24, 10, 1], [11, 3, 12, 2], [13, 22, 14, 23], [15, 5, 16, 4], [17, 15, 18, 14], [19, 11, 20, 10], [21, 12, 22, 13], [23, 8, 24, 9], [1, 20, 2, 21], [3, 7, 4, 6], [5, 17, 6, 16], [7, 19, 8, 18]]"
12a_0746_21,"[[7, 19, 8, 18], [9, 24, 10, 1], [11, 3, 12, 2], [13, 22, 14, 23], [15, 5, 16, 4], [17, 15, 18, 14], [19, 11, 20, 10], [21, 12, 22, 13], [23, 8, 24, 9], [1, 20, 2, 21], [3, 7, 4, 6], [5, 17, 6, 16]]"
12a_0746_22,"[[5, 17, 6, 16], [7, 19, 8, 18], [9, 24, 10, 1], [11, 3, 12, 2], [13, 22, 14, 23], [15, 5, 16, 4], [17, 15, 18, 14], [19, 11, 20, 10], [21, 12, 22, 13], [23, 8, 24, 9], [1, 20, 2, 21], [3, 7, 4, 6]]"
12a_0746_23,"[[3, 7, 4, 6], [5, 17, 6, 16], [7, 19, 8, 18], [9, 24, 10, 1], [11, 3, 12, 2], [13, 22, 14, 23], [15, 5, 16, 4], [17, 15, 18, 14], [19, 11, 20, 10], [21, 12, 22, 13], [23, 8, 24, 9], [1, 20, 2, 21]]"
12a_0746_24,"[[2, 21, 3, 22], [4, 8, 5, 7], [6, 18, 7, 17], [8, 20, 9, 19], [10, 1, 11, 2], [12, 4, 13, 3], [14, 23, 15, 24], [16, 6, 17, 5], [18, 16, 19, 15], [20, 12, 21, 11], [22, 13, 23, 14], [24, 9, 1, 10]]"
12a_0746_25,"[[24, 9, 1, 10], [2, 21, 3, 22], [4, 8, 5, 7], [6, 18, 7, 17], [8, 20, 9, 19], [10, 1, 11, 2], [12, 4, 13, 3], [14, 23, 15, 24], [16, 6, 17, 5], [18, 16, 19, 15], [20, 12, 21, 11], [22, 13, 23, 14]]"
12a_0746_26,"[[22, 13, 23, 14], [24, 9, 1, 10], [2, 21, 3, 22], [4, 8, 5, 7], [6, 18, 7, 17], [8, 20, 9, 19], [10, 1, 11, 2], [12, 4, 13, 3], [14, 23, 15, 24], [16, 6, 17, 5], [18, 16, 19, 15], [20, 12, 21, 11]]"
12a_0746_27,"[[20, 12, 21, 11], [22, 13, 23, 14], [24, 9, 1, 10], [2, 21, 3, 22], [4, 8, 5, 7], [6, 18, 7, 17], [8, 20, 9, 19], [10, 1, 11, 2], [12, 4, 13, 3], [14, 23, 15, 24], [16, 6, 17, 5], [18, 16, 19, 15]]"
12a_0746_28,"[[18, 16, 19, 15], [20, 12, 21, 11], [22, 13, 23, 14], [24, 9, 1, 10], [2, 21, 3, 22], [4, 8, 5, 7], [6, 18, 7, 17], [8, 20, 9, 19], [10, 1, 11, 2], [12, 4, 13, 3], [14, 23, 15, 24], [16, 6, 17, 5]]"
12a_0746_29,"[[16, 6, 17, 5], [18, 16, 19, 15], [20, 12, 21, 11], [22, 13, 23, 14], [24, 9, 1, 10], [2, 21, 3, 22], [4, 8, 5, 7], [6, 18, 7, 17], [8, 20, 9, 19], [10, 1, 11, 2], [12, 4, 13, 3], [14, 23, 15, 24]]"
12a_0746_30,"[[14, 23, 15, 24], [16, 6, 17, 5], [18, 16, 19, 15], [20, 12, 21, 11], [22, 13, 23, 14], [24, 9, 1, 10], [2, 21, 3, 22], [4, 8, 5, 7], [6, 18, 7, 17], [8, 20, 9, 19], [10, 1, 11, 2], [12, 4, 13, 3]]"
12a_0746_31,"[[12, 4, 13, 3], [14, 23, 15, 24], [16, 6, 17, 5], [18, 16, 19, 15], [20, 12, 21, 11], [22, 13, 23, 14], [24, 9, 1, 10], [2, 21, 3, 22], [4, 8, 5, 7], [6, 18, 7, 17], [8, 20, 9, 19], [10, 1, 11, 2]]"
12a_0746_32,"[[10, 1, 11, 2], [12, 4, 13, 3], [14, 23, 15, 24], [16, 6, 17, 5], [18, 16, 19, 15], [20, 12, 21, 11], [22, 13, 23, 14], [24, 9, 1, 10], [2, 21, 3, 22], [4, 8, 5, 7], [6, 18, 7, 17], [8, 20, 9, 19]]"
12a_0746_33,"[[8, 20, 9, 19], [10, 1, 11, 2], [12, 4, 13, 3], [14, 23, 15, 24], [16, 6, 17, 5], [18, 16, 19, 15], [20, 12, 21, 11], [22, 13, 23, 14], [24, 9, 1, 10], [2, 21, 3, 22], [4, 8, 5, 7], [6, 18, 7, 17]]"
12a_0746_34,"[[6, 18, 7, 17], [8, 20, 9, 19], [10, 1, 11, 2], [12, 4, 13, 3], [14, 23, 15, 24], [16, 6, 17, 5], [18, 16, 19, 15], [20, 12, 21, 11], [22, 13, 23, 14], [24, 9, 1, 10], [2, 21, 3, 22], [4, 8, 5, 7]]"
12a_0746_35,"[[4, 8, 5, 7], [6, 18, 7, 17], [8, 20, 9, 19], [10, 1, 11, 2], [12, 4, 13, 3], [14, 23, 15, 24], [16, 6, 17, 5], [18, 16, 19, 15], [20, 12, 21, 11], [22, 13, 23, 14], [24, 9, 1, 10], [2, 21, 3, 22]]"
12a_0746_36,"[[3, 22, 4, 23], [5, 9, 6, 8], [7, 19, 8, 18], [9, 21, 10, 20], [11, 2, 12, 3], [13, 5, 14, 4], [15, 24, 16, 1], [17, 7, 18, 6], [19, 17, 20, 16], [21, 13, 22, 12], [23, 14, 24, 15], [1, 10, 2, 11]]"
12a_0746_37,"[[1, 10, 2, 11], [3, 22, 4, 23], [5, 9, 6, 8], [7, 19, 8, 18], [9, 21, 10, 20], [11, 2, 12, 3], [13, 5, 14, 4], [15, 24, 16, 1], [17, 7, 18, 6], [19, 17, 20, 16], [21, 13, 22, 12], [23, 14, 24, 15]]"
12a_0746_38,"[[23, 14, 24, 15], [1, 10, 2, 11], [3, 22, 4, 23], [5, 9, 6, 8], [7, 19, 8, 18], [9, 21, 10, 20], [11, 2, 12, 3], [13, 5, 14, 4], [15, 24, 16, 1], [17, 7, 18, 6], [19, 17, 20, 16], [21, 13, 22, 12]]"
12a_0746_39,"[[21, 13, 22, 12], [23, 14, 24, 15], [1, 10, 2, 11], [3, 22, 4, 23], [5, 9, 6, 8], [7, 19, 8, 18], [9, 21, 10, 20], [11, 2, 12, 3], [13, 5, 14, 4], [15, 24, 16, 1], [17, 7, 18, 6], [19, 17, 20, 16]]"
12a_0746_40,"[[19, 17, 20, 16], [21, 13, 22, 12], [23, 14, 24, 15], [1, 10, 2, 11], [3, 22, 4, 23], [5, 9, 6, 8], [7, 19, 8, 18], [9, 21, 10, 20], [11, 2, 12, 3], [13, 5, 14, 4], [15, 24, 16, 1], [17, 7, 18, 6]]"
12a_0746_41,"[[17, 7, 18, 6], [19, 17, 20, 16], [21, 13, 22, 12], [23, 14, 24, 15], [1, 10, 2, 11], [3, 22, 4, 23], [5, 9, 6, 8], [7, 19, 8, 18], [9, 21, 10, 20], [11, 2, 12, 3], [13, 5, 14, 4], [15, 24, 16, 1]]"
12a_0746_42,"[[15, 24, 16, 1], [17, 7, 18, 6], [19, 17, 20, 16], [21, 13, 22, 12], [23, 14, 24, 15], [1, 10, 2, 11], [3, 22, 4, 23], [5, 9, 6, 8], [7, 19, 8, 18], [9, 21, 10, 20], [11, 2, 12, 3], [13, 5, 14, 4]]"
12a_0746_43,"[[13, 5, 14, 4], [15, 24, 16, 1], [17, 7, 18, 6], [19, 17, 20, 16], [21, 13, 22, 12], [23, 14, 24, 15], [1, 10, 2, 11], [3, 22, 4, 23], [5, 9, 6, 8], [7, 19, 8, 18], [9, 21, 10, 20], [11, 2, 12, 3]]"
12a_0746_44,"[[11, 2, 12, 3], [13, 5, 14, 4], [15, 24, 16, 1], [17, 7, 18, 6], [19, 17, 20, 16], [21, 13, 22, 12], [23, 14, 24, 15], [1, 10, 2, 11], [3, 22, 4, 23], [5, 9, 6, 8], [7, 19, 8, 18], [9, 21, 10, 20]]"
12a_0746_45,"[[9, 21, 10, 20], [11, 2, 12, 3], [13, 5, 14, 4], [15, 24, 16, 1], [17, 7, 18, 6], [19, 17, 20, 16], [21, 13, 22, 12], [23, 14, 24, 15], [1, 10, 2, 11], [3, 22, 4, 23], [5, 9, 6, 8], [7, 19, 8, 18]]"
12a_0746_46,"[[7, 19, 8, 18], [9, 21, 10, 20], [11, 2, 12, 3], [13, 5, 14, 4], [15, 24, 16, 1], [17, 7, 18, 6], [19, 17, 20, 16], [21, 13, 22, 12], [23, 14, 24, 15], [1, 10, 2, 11], [3, 22, 4, 23], [5, 9, 6, 8]]"
12a_0746_47,"[[5, 9, 6, 8], [7, 19, 8, 18], [9, 21, 10, 20], [11, 2, 12, 3], [13, 5, 14, 4], [15, 24, 16, 1], [17, 7, 18, 6], [19, 17, 20, 16], [21, 13, 22, 12], [23, 14, 24, 15], [1, 10, 2, 11], [3, 22, 4, 23]]"
12a_0746_48,"[[4, 23, 5, 24], [6, 10, 7, 9], [8, 20, 9, 19], [10, 22, 11, 21], [12, 3, 13, 4], [14, 6, 15, 5], [16, 1, 17, 2], [18, 8, 19, 7], [20, 18, 21, 17], [22, 14, 23, 13], [24, 15, 1, 16], [2, 11, 3, 12]]"
12a_0746_49,"[[2, 11, 3, 12], [4, 23, 5, 24], [6, 10, 7, 9], [8, 20, 9, 19], [10, 22, 11, 21], [12, 3, 13, 4], [14, 6, 15, 5], [16, 1, 17, 2], [18, 8, 19, 7], [20, 18, 21, 17], [22, 14, 23, 13], [24, 15, 1, 16]]"
12a_0746_50,"[[24, 15, 1, 16], [2, 11, 3, 12], [4, 23, 5, 24], [6, 10, 7, 9], [8, 20, 9, 19], [10, 22, 11, 21], [12, 3, 13, 4], [14, 6, 15, 5], [16, 1, 17, 2], [18, 8, 19, 7], [20, 18, 21, 17], [22, 14, 23, 13]]"
12a_0746_51,"[[22, 14, 23, 13], [24, 15, 1, 16], [2, 11, 3, 12], [4, 23, 5, 24], [6, 10, 7, 9], [8, 20, 9, 19], [10, 22, 11, 21], [12, 3, 13, 4], [14, 6, 15, 5], [16, 1, 17, 2], [18, 8, 19, 7], [20, 18, 21, 17]]"
12a_0746_52,"[[20, 18, 21, 17], [22, 14, 23, 13], [24, 15, 1, 16], [2, 11, 3, 12], [4, 23, 5, 24], [6, 10, 7, 9], [8, 20, 9, 19], [10, 22, 11, 21], [12, 3, 13, 4], [14, 6, 15, 5], [16, 1, 17, 2], [18, 8, 19, 7]]"
12a_0746_53,"[[18, 8, 19, 7], [20, 18, 21, 17], [22, 14, 23, 13], [24, 15, 1, 16], [2, 11, 3, 12], [4, 23, 5, 24], [6, 10, 7, 9], [8, 20, 9, 19], [10, 22, 11, 21], [12, 3, 13, 4], [14, 6, 15, 5], [16, 1, 17, 2]]"
12a_0746_54,"[[16, 1, 17, 2], [18, 8, 19, 7], [20, 18, 21, 17], [22, 14, 23, 13], [24, 15, 1, 16], [2, 11, 3, 12], [4, 23, 5, 24], [6, 10, 7, 9], [8, 20, 9, 19], [10, 22, 11, 21], [12, 3, 13, 4], [14, 6, 15, 5]]"
12a_0746_55,"[[14, 6, 15, 5], [16, 1, 17, 2], [18, 8, 19, 7], [20, 18, 21, 17], [22, 14, 23, 13], [24, 15, 1, 16], [2, 11, 3, 12], [4, 23, 5, 24], [6, 10, 7, 9], [8, 20, 9, 19], [10, 22, 11, 21], [12, 3, 13, 4]]"
12a_0746_56,"[[12, 3, 13, 4], [14, 6, 15, 5], [16, 1, 17, 2], [18, 8, 19, 7], [20, 18, 21, 17], [22, 14, 23, 13], [24, 15, 1, 16], [2, 11, 3, 12], [4, 23, 5, 24], [6, 10, 7, 9], [8, 20, 9, 19], [10, 22, 11, 21]]"
12a_0746_57,"[[10, 22, 11, 21], [12, 3, 13, 4], [14, 6, 15, 5], [16, 1, 17, 2], [18, 8, 19, 7], [20, 18, 21, 17], [22, 14, 23, 13], [24, 15, 1, 16], [2, 11, 3, 12], [4, 23, 5, 24], [6, 10, 7, 9], [8, 20, 9, 19]]"
12a_0746_58,"[[8, 20, 9, 19], [10, 22, 11, 21], [12, 3, 13, 4], [14, 6, 15, 5], [16, 1, 17, 2], [18, 8, 19, 7], [20, 18, 21, 17], [22, 14, 23, 13], [24, 15, 1, 16], [2, 11, 3, 12], [4, 23, 5, 24], [6, 10, 7, 9]]"
12a_0746_59,"[[6, 10, 7, 9], [8, 20, 9, 19], [10, 22, 11, 21], [12, 3, 13, 4], [14, 6, 15, 5], [16, 1, 17, 2], [18, 8, 19, 7], [20, 18, 21, 17], [22, 14, 23, 13], [24, 15, 1, 16], [2, 11, 3, 12], [4, 23, 5, 24]]"
12a_0746_60,"[[5, 24, 6, 1], [7, 11, 8, 10], [9, 21, 10, 20], [11, 23, 12, 22], [13, 4, 14, 5], [15, 7, 16, 6], [17, 2, 18, 3], [19, 9, 20, 8], [21, 19, 22, 18], [23, 15, 24, 14], [1, 16, 2, 17], [3, 12, 4, 13]]"
12a_0746_61,"[[3, 12, 4, 13], [5, 24, 6, 1], [7, 11, 8, 10], [9, 21, 10, 20], [11, 23, 12, 22], [13, 4, 14, 5], [15, 7, 16, 6], [17, 2, 18, 3], [19, 9, 20, 8], [21, 19, 22, 18], [23, 15, 24, 14], [1, 16, 2, 17]]"
12a_0746_62,"[[1, 16, 2, 17], [3, 12, 4, 13], [5, 24, 6, 1], [7, 11, 8, 10], [9, 21, 10, 20], [11, 23, 12, 22], [13, 4, 14, 5], [15, 7, 16, 6], [17, 2, 18, 3], [19, 9, 20, 8], [21, 19, 22, 18], [23, 15, 24, 14]]"
12a_0746_63,"[[23, 15, 24, 14], [1, 16, 2, 17], [3, 12, 4, 13], [5, 24, 6, 1], [7, 11, 8, 10], [9, 21, 10, 20], [11, 23, 12, 22], [13, 4, 14, 5], [15, 7, 16, 6], [17, 2, 18, 3], [19, 9, 20, 8], [21, 19, 22, 18]]"
12a_0746_64,"[[21, 19, 22, 18], [23, 15, 24, 14], [1, 16, 2, 17], [3, 12, 4, 13], [5, 24, 6, 1], [7, 11, 8, 10], [9, 21, 10, 20], [11, 23, 12, 22], [13, 4, 14, 5], [15, 7, 16, 6], [17, 2, 18, 3], [19, 9, 20, 8]]"
12a_0746_65,"[[19, 9, 20, 8], [21, 19, 22, 18], [23, 15, 24, 14], [1, 16, 2, 17], [3, 12, 4, 13], [5, 24, 6, 1], [7, 11, 8, 10], [9, 21, 10, 20], [11, 23, 12, 22], [13, 4, 14, 5], [15, 7, 16, 6], [17, 2, 18, 3]]"
12a_0746_66,"[[17, 2, 18, 3], [19, 9, 20, 8], [21, 19, 22, 18], [23, 15, 24, 14], [1, 16, 2, 17], [3, 12, 4, 13], [5, 24, 6, 1], [7, 11, 8, 10], [9, 21, 10, 20], [11, 23, 12, 22], [13, 4, 14, 5], [15, 7, 16, 6]]"
12a_0746_67,"[[15, 7, 16, 6], [17, 2, 18, 3], [19, 9, 20, 8], [21, 19, 22, 18], [23, 15, 24, 14], [1, 16, 2, 17], [3, 12, 4, 13], [5, 24, 6, 1], [7, 11, 8, 10], [9, 21, 10, 20], [11, 23, 12, 22], [13, 4, 14, 5]]"
12a_0746_68,"[[13, 4, 14, 5], [15, 7, 16, 6], [17, 2, 18, 3], [19, 9, 20, 8], [21, 19, 22, 18], [23, 15, 24, 14], [1, 16, 2, 17], [3, 12, 4, 13], [5, 24, 6, 1], [7, 11, 8, 10], [9, 21, 10, 20], [11, 23, 12, 22]]"
12a_0746_69,"[[11, 23, 12, 22], [13, 4, 14, 5], [15, 7, 16, 6], [17, 2, 18, 3], [19, 9, 20, 8], [21, 19, 22, 18], [23, 15, 24, 14], [1, 16, 2, 17], [3, 12, 4, 13], [5, 24, 6, 1], [7, 11, 8, 10], [9, 21, 10, 20]]"
12a_0746_70,"[[9, 21, 10, 20], [11, 23, 12, 22], [13, 4, 14, 5], [15, 7, 16, 6], [17, 2, 18, 3], [19, 9, 20, 8], [21, 19, 22, 18], [23, 15, 24, 14], [1, 16, 2, 17], [3, 12, 4, 13], [5, 24, 6, 1], [7, 11, 8, 10]]"
12a_0746_71,"[[7, 11, 8, 10], [9, 21, 10, 20], [11, 23, 12, 22], [13, 4, 14, 5], [15, 7, 16, 6], [17, 2, 18, 3], [19, 9, 20, 8], [21, 19, 22, 18], [23, 15, 24, 14], [1, 16, 2, 17], [3, 12, 4, 13], [5, 24, 6, 1]]"
12a_0746_72,"[[6, 1, 7, 2], [8, 12, 9, 11], [10, 22, 11, 21], [12, 24, 13, 23], [14, 5, 15, 6], [16, 8, 17, 7], [18, 3, 19, 4], [20, 10, 21, 9], [22, 20, 23, 19], [24, 16, 1, 15], [2, 17, 3, 18], [4, 13, 5, 14]]"
12a_0746_73,"[[4, 13, 5, 14], [6, 1, 7, 2], [8, 12, 9, 11], [10, 22, 11, 21], [12, 24, 13, 23], [14, 5, 15, 6], [16, 8, 17, 7], [18, 3, 19, 4], [20, 10, 21, 9], [22, 20, 23, 19], [24, 16, 1, 15], [2, 17, 3, 18]]"
12a_0746_74,"[[2, 17, 3, 18], [4, 13, 5, 14], [6, 1, 7, 2], [8, 12, 9, 11], [10, 22, 11, 21], [12, 24, 13, 23], [14, 5, 15, 6], [16, 8, 17, 7], [18, 3, 19, 4], [20, 10, 21, 9], [22, 20, 23, 19], [24, 16, 1, 15]]"
12a_0746_75,"[[24, 16, 1, 15], [2, 17, 3, 18], [4, 13, 5, 14], [6, 1, 7, 2], [8, 12, 9, 11], [10, 22, 11, 21], [12, 24, 13, 23], [14, 5, 15, 6], [16, 8, 17, 7], [18, 3, 19, 4], [20, 10, 21, 9], [22, 20, 23, 19]]"
12a_0746_76,"[[22, 20, 23, 19], [24, 16, 1, 15], [2, 17, 3, 18], [4, 13, 5, 14], [6, 1, 7, 2], [8, 12, 9, 11], [10, 22, 11, 21], [12, 24, 13, 23], [14, 5, 15, 6], [16, 8, 17, 7], [18, 3, 19, 4], [20, 10, 21, 9]]"
12a_0746_77,"[[20, 10, 21, 9], [22, 20, 23, 19], [24, 16, 1, 15], [2, 17, 3, 18], [4, 13, 5, 14], [6, 1, 7, 2], [8, 12, 9, 11], [10, 22, 11, 21], [12, 24, 13, 23], [14, 5, 15, 6], [16, 8, 17, 7], [18, 3, 19, 4]]"
12a_0746_78,"[[18, 3, 19, 4], [20, 10, 21, 9], [22, 20, 23, 19], [24, 16, 1, 15], [2, 17, 3, 18], [4, 13, 5, 14], [6, 1, 7, 2], [8, 12, 9, 11], [10, 22, 11, 21], [12, 24, 13, 23], [14, 5, 15, 6], [16, 8, 17, 7]]"
12a_0746_79,"[[16, 8, 17, 7], [18, 3, 19, 4], [20, 10, 21, 9], [22, 20, 23, 19], [24, 16, 1, 15], [2, 17, 3, 18], [4, 13, 5, 14], [6, 1, 7, 2], [8, 12, 9, 11], [10, 22, 11, 21], [12, 24, 13, 23], [14, 5, 15, 6]]"
12a_0746_80,"[[14, 5, 15, 6], [16, 8, 17, 7], [18, 3, 19, 4], [20, 10, 21, 9], [22, 20, 23, 19], [24, 16, 1, 15], [2, 17, 3, 18], [4, 13, 5, 14], [6, 1, 7, 2], [8, 12, 9, 11], [10, 22, 11, 21], [12, 24, 13, 23]]"
12a_0746_81,"[[12, 24, 13, 23], [14, 5, 15, 6], [16, 8, 17, 7], [18, 3, 19, 4], [20, 10, 21, 9], [22, 20, 23, 19], [24, 16, 1, 15], [2, 17, 3, 18], [4, 13, 5, 14], [6, 1, 7, 2], [8, 12, 9, 11], [10, 22, 11, 21]]"
12a_0746_82,"[[10, 22, 11, 21], [12, 24, 13, 23], [14, 5, 15, 6], [16, 8, 17, 7], [18, 3, 19, 4], [20, 10, 21, 9], [22, 20, 23, 19], [24, 16, 1, 15], [2, 17, 3, 18], [4, 13, 5, 14], [6, 1, 7, 2], [8, 12, 9, 11]]"
12a_0746_83,"[[8, 12, 9, 11], [10, 22, 11, 21], [12, 24, 13, 23], [14, 5, 15, 6], [16, 8, 17, 7], [18, 3, 19, 4], [20, 10, 21, 9], [22, 20, 23, 19], [24, 16, 1, 15], [2, 17, 3, 18], [4, 13, 5, 14], [6, 1, 7, 2]]"
12a_0746_84,"[[7, 2, 8, 3], [9, 13, 10, 12], [11, 23, 12, 22], [13, 1, 14, 24], [15, 6, 16, 7], [17, 9, 18, 8], [19, 4, 20, 5], [21, 11, 22, 10], [23, 21, 24, 20], [1, 17, 2, 16], [3, 18, 4, 19], [5, 14, 6, 15]]"
12a_0746_85,"[[5, 14, 6, 15], [7, 2, 8, 3], [9, 13, 10, 12], [11, 23, 12, 22], [13, 1, 14, 24], [15, 6, 16, 7], [17, 9, 18, 8], [19, 4, 20, 5], [21, 11, 22, 10], [23, 21, 24, 20], [1, 17, 2, 16], [3, 18, 4, 19]]"
12a_0746_86,"[[3, 18, 4, 19], [5, 14, 6, 15], [7, 2, 8, 3], [9, 13, 10, 12], [11, 23, 12, 22], [13, 1, 14, 24], [15, 6, 16, 7], [17, 9, 18, 8], [19, 4, 20, 5], [21, 11, 22, 10], [23, 21, 24, 20], [1, 17, 2, 16]]"
12a_0746_87,"[[1, 17, 2, 16], [3, 18, 4, 19], [5, 14, 6, 15], [7, 2, 8, 3], [9, 13, 10, 12], [11, 23, 12, 22], [13, 1, 14, 24], [15, 6, 16, 7], [17, 9, 18, 8], [19, 4, 20, 5], [21, 11, 22, 10], [23, 21, 24, 20]]"
12a_0746_88,"[[23, 21, 24, 20], [1, 17, 2, 16], [3, 18, 4, 19], [5, 14, 6, 15], [7, 2, 8, 3], [9, 13, 10, 12], [11, 23, 12, 22], [13, 1, 14, 24], [15, 6, 16, 7], [17, 9, 18, 8], [19, 4, 20, 5], [21, 11, 22, 10]]"
12a_0746_89,"[[21, 11, 22, 10], [23, 21, 24, 20], [1, 17, 2, 16], [3, 18, 4, 19], [5, 14, 6, 15], [7, 2, 8, 3], [9, 13, 10, 12], [11, 23, 12, 22], [13, 1, 14, 24], [15, 6, 16, 7], [17, 9, 18, 8], [19, 4, 20, 5]]"
12a_0746_90,"[[19, 4, 20, 5], [21, 11, 22, 10], [23, 21, 24, 20], [1, 17, 2, 16], [3, 18, 4, 19], [5, 14, 6, 15], [7, 2, 8, 3], [9, 13, 10, 12], [11, 23, 12, 22], [13, 1, 14, 24], [15, 6, 16, 7], [17, 9, 18, 8]]"
12a_0746_91,"[[17, 9, 18, 8], [19, 4, 20, 5], [21, 11, 22, 10], [23, 21, 24, 20], [1, 17, 2, 16], [3, 18, 4, 19], [5, 14, 6, 15], [7, 2, 8, 3], [9, 13, 10, 12], [11, 23, 12, 22], [13, 1, 14, 24], [15, 6, 16, 7]]"
12a_0746_92,"[[15, 6, 16, 7], [17, 9, 18, 8], [19, 4, 20, 5], [21, 11, 22, 10], [23, 21, 24, 20], [1, 17, 2, 16], [3, 18, 4, 19], [5, 14, 6, 15], [7, 2, 8, 3], [9, 13, 10, 12], [11, 23, 12, 22], [13, 1, 14, 24]]"
12a_0746_93,"[[13, 1, 14, 24], [15, 6, 16, 7], [17, 9, 18, 8], [19, 4, 20, 5], [21, 11, 22, 10], [23, 21, 24, 20], [1, 17, 2, 16], [3, 18, 4, 19], [5, 14, 6, 15], [7, 2, 8, 3], [9, 13, 10, 12], [11, 23, 12, 22]]"
12a_0746_94,"[[11, 23, 12, 22], [13, 1, 14, 24], [15, 6, 16, 7], [17, 9, 18, 8], [19, 4, 20, 5], [21, 11, 22, 10], [23, 21, 24, 20], [1, 17, 2, 16], [3, 18, 4, 19], [5, 14, 6, 15], [7, 2, 8, 3], [9, 13, 10, 12]]"
12a_0746_95,"[[9, 13, 10, 12], [11, 23, 12, 22], [13, 1, 14, 24], [15, 6, 16, 7], [17, 9, 18, 8], [19, 4, 20, 5], [21, 11, 22, 10], [23, 21, 24, 20], [1, 17, 2, 16], [3, 18, 4, 19], [5, 14, 6, 15], [7, 2, 8, 3]]"
12a_0746_96,"[[8, 3, 9, 4], [10, 14, 11, 13], [12, 24, 13, 23], [14, 2, 15, 1], [16, 7, 17, 8], [18, 10, 19, 9], [20, 5, 21, 6], [22, 12, 23, 11], [24, 22, 1, 21], [2, 18, 3, 17], [4, 19, 5, 20], [6, 15, 7, 16]]"
12a_0746_97,"[[6, 15, 7, 16], [8, 3, 9, 4], [10, 14, 11, 13], [12, 24, 13, 23], [14, 2, 15, 1], [16, 7, 17, 8], [18, 10, 19, 9], [20, 5, 21, 6], [22, 12, 23, 11], [24, 22, 1, 21], [2, 18, 3, 17], [4, 19, 5, 20]]"
12a_0746_98,"[[4, 19, 5, 20], [6, 15, 7, 16], [8, 3, 9, 4], [10, 14, 11, 13], [12, 24, 13, 23], [14, 2, 15, 1], [16, 7, 17, 8], [18, 10, 19, 9], [20, 5, 21, 6], [22, 12, 23, 11], [24, 22, 1, 21], [2, 18, 3, 17]]"
12a_0746_99,"[[2, 18, 3, 17], [4, 19, 5, 20], [6, 15, 7, 16], [8, 3, 9, 4], [10, 14, 11, 13], [12, 24, 13, 23], [14, 2, 15, 1], [16, 7, 17, 8], [18, 10, 19, 9], [20, 5, 21, 6], [22, 12, 23, 11], [24, 22, 1, 21]]"
12a_0746_100,"[[24, 22, 1, 21], [2, 18, 3, 17], [4, 19, 5, 20], [6, 15, 7, 16], [8, 3, 9, 4], [10, 14, 11, 13], [12, 24, 13, 23], [14, 2, 15, 1], [16, 7, 17, 8], [18, 10, 19, 9], [20, 5, 21, 6], [22, 12, 23, 11]]"
12a_0746_101,"[[22, 12, 23, 11], [24, 22, 1, 21], [2, 18, 3, 17], [4, 19, 5, 20], [6, 15, 7, 16], [8, 3, 9, 4], [10, 14, 11, 13], [12, 24, 13, 23], [14, 2, 15, 1], [16, 7, 17, 8], [18, 10, 19, 9], [20, 5, 21, 6]]"
12a_0746_102,"[[20, 5, 21, 6], [22, 12, 23, 11], [24, 22, 1, 21], [2, 18, 3, 17], [4, 19, 5, 20], [6, 15, 7, 16], [8, 3, 9, 4], [10, 14, 11, 13], [12, 24, 13, 23], [14, 2, 15, 1], [16, 7, 17, 8], [18, 10, 19, 9]]"
12a_0746_103,"[[18, 10, 19, 9], [20, 5, 21, 6], [22, 12, 23, 11], [24, 22, 1, 21], [2, 18, 3, 17], [4, 19, 5, 20], [6, 15, 7, 16], [8, 3, 9, 4], [10, 14, 11, 13], [12, 24, 13, 23], [14, 2, 15, 1], [16, 7, 17, 8]]"
12a_0746_104,"[[16, 7, 17, 8], [18, 10, 19, 9], [20, 5, 21, 6], [22, 12, 23, 11], [24, 22, 1, 21], [2, 18, 3, 17], [4, 19, 5, 20], [6, 15, 7, 16], [8, 3, 9, 4], [10, 14, 11, 13], [12, 24, 13, 23], [14, 2, 15, 1]]"
12a_0746_105,"[[14, 2, 15, 1], [16, 7, 17, 8], [18, 10, 19, 9], [20, 5, 21, 6], [22, 12, 23, 11], [24, 22, 1, 21], [2, 18, 3, 17], [4, 19, 5, 20], [6, 15, 7, 16], [8, 3, 9, 4], [10, 14, 11, 13], [12, 24, 13, 23]]"
12a_0746_106,"[[12, 24, 13, 23], [14, 2, 15, 1], [16, 7, 17, 8], [18, 10, 19, 9], [20, 5, 21, 6], [22, 12, 23, 11], [24, 22, 1, 21], [2, 18, 3, 17], [4, 19, 5, 20], [6, 15, 7, 16], [8, 3, 9, 4], [10, 14, 11, 13]]"
12a_0746_107,"[[10, 14, 11, 13], [12, 24, 13, 23], [14, 2, 15, 1], [16, 7, 17, 8], [18, 10, 19, 9], [20, 5, 21, 6], [22, 12, 23, 11], [24, 22, 1, 21], [2, 18, 3, 17], [4, 19, 5, 20], [6, 15, 7, 16], [8, 3, 9, 4]]"
12a_0746_108,"[[9, 4, 10, 5], [11, 15, 12, 14], [13, 1, 14, 24], [15, 3, 16, 2], [17, 8, 18, 9], [19, 11, 20, 10], [21, 6, 22, 7], [23, 13, 24, 12], [1, 23, 2, 22], [3, 19, 4, 18], [5, 20, 6, 21], [7, 16, 8, 17]]"
12a_0746_109,"[[7, 16, 8, 17], [9, 4, 10, 5], [11, 15, 12, 14], [13, 1, 14, 24], [15, 3, 16, 2], [17, 8, 18, 9], [19, 11, 20, 10], [21, 6, 22, 7], [23, 13, 24, 12], [1, 23, 2, 22], [3, 19, 4, 18], [5, 20, 6, 21]]"
12a_0746_110,"[[5, 20, 6, 21], [7, 16, 8, 17], [9, 4, 10, 5], [11, 15, 12, 14], [13, 1, 14, 24], [15, 3, 16, 2], [17, 8, 18, 9], [19, 11, 20, 10], [21, 6, 22, 7], [23, 13, 24, 12], [1, 23, 2, 22], [3, 19, 4, 18]]"
12a_0746_111,"[[3, 19, 4, 18], [5, 20, 6, 21], [7, 16, 8, 17], [9, 4, 10, 5], [11, 15, 12, 14], [13, 1, 14, 24], [15, 3, 16, 2], [17, 8, 18, 9], [19, 11, 20, 10], [21, 6, 22, 7], [23, 13, 24, 12], [1, 23, 2, 22]]"
12a_0746_112,"[[1, 23, 2, 22], [3, 19, 4, 18], [5, 20, 6, 21], [7, 16, 8, 17], [9, 4, 10, 5], [11, 15, 12, 14], [13, 1, 14, 24], [15, 3, 16, 2], [17, 8, 18, 9], [19, 11, 20, 10], [21, 6, 22, 7], [23, 13, 24, 12]]"
12a_0746_113,"[[23, 13, 24, 12], [1, 23, 2, 22], [3, 19, 4, 18], [5, 20, 6, 21], [7, 16, 8, 17], [9, 4, 10, 5], [11, 15, 12, 14], [13, 1, 14, 24], [15, 3, 16, 2], [17, 8, 18, 9], [19, 11, 20, 10], [21, 6, 22, 7]]"
12a_0746_114,"[[21, 6, 22, 7], [23, 13, 24, 12], [1, 23, 2, 22], [3, 19, 4, 18], [5, 20, 6, 21], [7, 16, 8, 17], [9, 4, 10, 5], [11, 15, 12, 14], [13, 1, 14, 24], [15, 3, 16, 2], [17, 8, 18, 9], [19, 11, 20, 10]]"
12a_0746_115,"[[19, 11, 20, 10], [21, 6, 22, 7], [23, 13, 24, 12], [1, 23, 2, 22], [3, 19, 4, 18], [5, 20, 6, 21], [7, 16, 8, 17], [9, 4, 10, 5], [11, 15, 12, 14], [13, 1, 14, 24], [15, 3, 16, 2], [17, 8, 18, 9]]"
12a_0746_116,"[[17, 8, 18, 9], [19, 11, 20, 10], [21, 6, 22, 7], [23, 13, 24, 12], [1, 23, 2, 22], [3, 19, 4, 18], [5, 20, 6, 21], [7, 16, 8, 17], [9, 4, 10, 5], [11, 15, 12, 14], [13, 1, 14, 24], [15, 3, 16, 2]]"
12a_0746_117,"[[15, 3, 16, 2], [17, 8, 18, 9], [19, 11, 20, 10], [21, 6, 22, 7], [23, 13, 24, 12], [1, 23, 2, 22], [3, 19, 4, 18], [5, 20, 6, 21], [7, 16, 8, 17], [9, 4, 10, 5], [11, 15, 12, 14], [13, 1, 14, 24]]"
12a_0746_118,"[[13, 1, 14, 24], [15, 3, 16, 2], [17, 8, 18, 9], [19, 11, 20, 10], [21, 6, 22, 7], [23, 13, 24, 12], [1, 23, 2, 22], [3, 19, 4, 18], [5, 20, 6, 21], [7, 16, 8, 17], [9, 4, 10, 5], [11, 15, 12, 14]]"
12a_0746_119,"[[11, 15, 12, 14], [13, 1, 14, 24], [15, 3, 16, 2], [17, 8, 18, 9], [19, 11, 20, 10], [21, 6, 22, 7], [23, 13, 24, 12], [1, 23, 2, 22], [3, 19, 4, 18], [5, 20, 6, 21], [7, 16, 8, 17], [9, 4, 10, 5]]"
12a_0746_120,"[[10, 5, 11, 6], [12, 16, 13, 15], [14, 2, 15, 1], [16, 4, 17, 3], [18, 9, 19, 10], [20, 12, 21, 11], [22, 7, 23, 8], [24, 14, 1, 13], [2, 24, 3, 23], [4, 20, 5, 19], [6, 21, 7, 22], [8, 17, 9, 18]]"
12a_0746_121,"[[8, 17, 9, 18], [10, 5, 11, 6], [12, 16, 13, 15], [14, 2, 15, 1], [16, 4, 17, 3], [18, 9, 19, 10], [20, 12, 21, 11], [22, 7, 23, 8], [24, 14, 1, 13], [2, 24, 3, 23], [4, 20, 5, 19], [6, 21, 7, 22]]"
12a_0746_122,"[[6, 21, 7, 22], [8, 17, 9, 18], [10, 5, 11, 6], [12, 16, 13, 15], [14, 2, 15, 1], [16, 4, 17, 3], [18, 9, 19, 10], [20, 12, 21, 11], [22, 7, 23, 8], [24, 14, 1, 13], [2, 24, 3, 23], [4, 20, 5, 19]]"
12a_0746_123,"[[4, 20, 5, 19], [6, 21, 7, 22], [8, 17, 9, 18], [10, 5, 11, 6], [12, 16, 13, 15], [14, 2, 15, 1], [16, 4, 17, 3], [18, 9, 19, 10], [20, 12, 21, 11], [22, 7, 23, 8], [24, 14, 1, 13], [2, 24, 3, 23]]"
12a_0746_124,"[[2, 24, 3, 23], [4, 20, 5, 19], [6, 21, 7, 22], [8, 17, 9, 18], [10, 5, 11, 6], [12, 16, 13, 15], [14, 2, 15, 1], [16, 4, 17, 3], [18, 9, 19, 10], [20, 12, 21, 11], [22, 7, 23, 8], [24, 14, 1, 13]]"
12a_0746_125,"[[24, 14, 1, 13], [2, 24, 3, 23], [4, 20, 5, 19], [6, 21, 7, 22], [8, 17, 9, 18], [10, 5, 11, 6], [12, 16, 13, 15], [14, 2, 15, 1], [16, 4, 17, 3], [18, 9, 19, 10], [20, 12, 21, 11], [22, 7, 23, 8]]"
12a_0746_126,"[[22, 7, 23, 8], [24, 14, 1, 13], [2, 24, 3, 23], [4, 20, 5, 19], [6, 21, 7, 22], [8, 17, 9, 18], [10, 5, 11, 6], [12, 16, 13, 15], [14, 2, 15, 1], [16, 4, 17, 3], [18, 9, 19, 10], [20, 12, 21, 11]]"
12a_0746_127,"[[20, 12, 21, 11], [22, 7, 23, 8], [24, 14, 1, 13], [2, 24, 3, 23], [4, 20, 5, 19], [6, 21, 7, 22], [8, 17, 9, 18], [10, 5, 11, 6], [12, 16, 13, 15], [14, 2, 15, 1], [16, 4, 17, 3], [18, 9, 19, 10]]"
12a_0746_128,"[[18, 9, 19, 10], [20, 12, 21, 11], [22, 7, 23, 8], [24, 14, 1, 13], [2, 24, 3, 23], [4, 20, 5, 19], [6, 21, 7, 22], [8, 17, 9, 18], [10, 5, 11, 6], [12, 16, 13, 15], [14, 2, 15, 1], [16, 4, 17, 3]]"
12a_0746_129,"[[16, 4, 17, 3], [18, 9, 19, 10], [20, 12, 21, 11], [22, 7, 23, 8], [24, 14, 1, 13], [2, 24, 3, 23], [4, 20, 5, 19], [6, 21, 7, 22], [8, 17, 9, 18], [10, 5, 11, 6], [12, 16, 13, 15], [14, 2, 15, 1]]"
12a_0746_130,"[[14, 2, 15, 1], [16, 4, 17, 3], [18, 9, 19, 10], [20, 12, 21, 11], [22, 7, 23, 8], [24, 14, 1, 13], [2, 24, 3, 23], [4, 20, 5, 19], [6, 21, 7, 22], [8, 17, 9, 18], [10, 5, 11, 6], [12, 16, 13, 15]]"
12a_0746_131,"[[12, 16, 13, 15], [14, 2, 15, 1], [16, 4, 17, 3], [18, 9, 19, 10], [20, 12, 21, 11], [22, 7, 23, 8], [24, 14, 1, 13], [2, 24, 3, 23], [4, 20, 5, 19], [6, 21, 7, 22], [8, 17, 9, 18], [10, 5, 11, 6]]"
12a_0746_132,"[[11, 6, 12, 7], [13, 17, 14, 16], [15, 3, 16, 2], [17, 5, 18, 4], [19, 10, 20, 11], [21, 13, 22, 12], [23, 8, 24, 9], [1, 15, 2, 14], [3, 1, 4, 24], [5, 21, 6, 20], [7, 22, 8, 23], [9, 18, 10, 19]]"
12a_0746_133,"[[9, 18, 10, 19], [11, 6, 12, 7], [13, 17, 14, 16], [15, 3, 16, 2], [17, 5, 18, 4], [19, 10, 20, 11], [21, 13, 22, 12], [23, 8, 24, 9], [1, 15, 2, 14], [3, 1, 4, 24], [5, 21, 6, 20], [7, 22, 8, 23]]"
12a_0746_134,"[[7, 22, 8, 23], [9, 18, 10, 19], [11, 6, 12, 7], [13, 17, 14, 16], [15, 3, 16, 2], [17, 5, 18, 4], [19, 10, 20, 11], [21, 13, 22, 12], [23, 8, 24, 9], [1, 15, 2, 14], [3, 1, 4, 24], [5, 21, 6, 20]]"
12a_0746_135,"[[5, 21, 6, 20], [7, 22, 8, 23], [9, 18, 10, 19], [11, 6, 12, 7], [13, 17, 14, 16], [15, 3, 16, 2], [17, 5, 18, 4], [19, 10, 20, 11], [21, 13, 22, 12], [23, 8, 24, 9], [1, 15, 2, 14], [3, 1, 4, 24]]"
12a_0746_136,"[[3, 1, 4, 24], [5, 21, 6, 20], [7, 22, 8, 23], [9, 18, 10, 19], [11, 6, 12, 7], [13, 17, 14, 16], [15, 3, 16, 2], [17, 5, 18, 4], [19, 10, 20, 11], [21, 13, 22, 12], [23, 8, 24, 9], [1, 15, 2, 14]]"
12a_0746_137,"[[1, 15, 2, 14], [3, 1, 4, 24], [5, 21, 6, 20], [7, 22, 8, 23], [9, 18, 10, 19], [11, 6, 12, 7], [13, 17, 14, 16], [15, 3, 16, 2], [17, 5, 18, 4], [19, 10, 20, 11], [21, 13, 22, 12], [23, 8, 24, 9]]"
12a_0746_138,"[[23, 8, 24, 9], [1, 15, 2, 14], [3, 1, 4, 24], [5, 21, 6, 20], [7, 22, 8, 23], [9, 18, 10, 19], [11, 6, 12, 7], [13, 17, 14, 16], [15, 3, 16, 2], [17, 5, 18, 4], [19, 10, 20, 11], [21, 13, 22, 12]]"
12a_0746_139,"[[21, 13, 22, 12], [23, 8, 24, 9], [1, 15, 2, 14], [3, 1, 4, 24], [5, 21, 6, 20], [7, 22, 8, 23], [9, 18, 10, 19], [11, 6, 12, 7], [13, 17, 14, 16], [15, 3, 16, 2], [17, 5, 18, 4], [19, 10, 20, 11]]"
12a_0746_140,"[[19, 10, 20, 11], [21, 13, 22, 12], [23, 8, 24, 9], [1, 15, 2, 14], [3, 1, 4, 24], [5, 21, 6, 20], [7, 22, 8, 23], [9, 18, 10, 19], [11, 6, 12, 7], [13, 17, 14, 16], [15, 3, 16, 2], [17, 5, 18, 4]]"
12a_0746_141,"[[17, 5, 18, 4], [19, 10, 20, 11], [21, 13, 22, 12], [23, 8, 24, 9], [1, 15, 2, 14], [3, 1, 4, 24], [5, 21, 6, 20], [7, 22, 8, 23], [9, 18, 10, 19], [11, 6, 12, 7], [13, 17, 14, 16], [15, 3, 16, 2]]"
12a_0746_142,"[[15, 3, 16, 2], [17, 5, 18, 4], [19, 10, 20, 11], [21, 13, 22, 12], [23, 8, 24, 9], [1, 15, 2, 14], [3, 1, 4, 24], [5, 21, 6, 20], [7, 22, 8, 23], [9, 18, 10, 19], [11, 6, 12, 7], [13, 17, 14, 16]]"
12a_0746_143,"[[13, 17, 14, 16], [15, 3, 16, 2], [17, 5, 18, 4], [19, 10, 20, 11], [21, 13, 22, 12], [23, 8, 24, 9], [1, 15, 2, 14], [3, 1, 4, 24], [5, 21, 6, 20], [7, 22, 8, 23], [9, 18, 10, 19], [11, 6, 12, 7]]"
12a_0746_144,"[[12, 7, 13, 8], [14, 18, 15, 17], [16, 4, 17, 3], [18, 6, 19, 5], [20, 11, 21, 12], [22, 14, 23, 13], [24, 9, 1, 10], [2, 16, 3, 15], [4, 2, 5, 1], [6, 22, 7, 21], [8, 23, 9, 24], [10, 19, 11, 20]]"
12a_0746_145,"[[10, 19, 11, 20], [12, 7, 13, 8], [14, 18, 15, 17], [16, 4, 17, 3], [18, 6, 19, 5], [20, 11, 21, 12], [22, 14, 23, 13], [24, 9, 1, 10], [2, 16, 3, 15], [4, 2, 5, 1], [6, 22, 7, 21], [8, 23, 9, 24]]"
12a_0746_146,"[[8, 23, 9, 24], [10, 19, 11, 20], [12, 7, 13, 8], [14, 18, 15, 17], [16, 4, 17, 3], [18, 6, 19, 5], [20, 11, 21, 12], [22, 14, 23, 13], [24, 9, 1, 10], [2, 16, 3, 15], [4, 2, 5, 1], [6, 22, 7, 21]]"
12a_0746_147,"[[6, 22, 7, 21], [8, 23, 9, 24], [10, 19, 11, 20], [12, 7, 13, 8], [14, 18, 15, 17], [16, 4, 17, 3], [18, 6, 19, 5], [20, 11, 21, 12], [22, 14, 23, 13], [24, 9, 1, 10], [2, 16, 3, 15], [4, 2, 5, 1]]"
12a_0746_148,"[[4, 2, 5, 1], [6, 22, 7, 21], [8, 23, 9, 24], [10, 19, 11, 20], [12, 7, 13, 8], [14, 18, 15, 17], [16, 4, 17, 3], [18, 6, 19, 5], [20, 11, 21, 12], [22, 14, 23, 13], [24, 9, 1, 10], [2, 16, 3, 15]]"
12a_0746_149,"[[2, 16, 3, 15], [4, 2, 5, 1], [6, 22, 7, 21], [8, 23, 9, 24], [10, 19, 11, 20], [12, 7, 13, 8], [14, 18, 15, 17], [16, 4, 17, 3], [18, 6, 19, 5], [20, 11, 21, 12], [22, 14, 23, 13], [24, 9, 1, 10]]"
12a_0746_150,"[[24, 9, 1, 10], [2, 16, 3, 15], [4, 2, 5, 1], [6, 22, 7, 21], [8, 23, 9, 24], [10, 19, 11, 20], [12, 7, 13, 8], [14, 18, 15, 17], [16, 4, 17, 3], [18, 6, 19, 5], [20, 11, 21, 12], [22, 14, 23, 13]]"
12a_0746_151,"[[22, 14, 23, 13], [24, 9, 1, 10], [2, 16, 3, 15], [4, 2, 5, 1], [6, 22, 7, 21], [8, 23, 9, 24], [10, 19, 11, 20], [12, 7, 13, 8], [14, 18, 15, 17], [16, 4, 17, 3], [18, 6, 19, 5], [20, 11, 21, 12]]"
12a_0746_152,"[[20, 11, 21, 12], [22, 14, 23, 13], [24, 9, 1, 10], [2, 16, 3, 15], [4, 2, 5, 1], [6, 22, 7, 21], [8, 23, 9, 24], [10, 19, 11, 20], [12, 7, 13, 8], [14, 18, 15, 17], [16, 4, 17, 3], [18, 6, 19, 5]]"
12a_0746_153,"[[18, 6, 19, 5], [20, 11, 21, 12], [22, 14, 23, 13], [24, 9, 1, 10], [2, 16, 3, 15], [4, 2, 5, 1], [6, 22, 7, 21], [8, 23, 9, 24], [10, 19, 11, 20], [12, 7, 13, 8], [14, 18, 15, 17], [16, 4, 17, 3]]"
12a_0746_154,"[[16, 4, 17, 3], [18, 6, 19, 5], [20, 11, 21, 12], [22, 14, 23, 13], [24, 9, 1, 10], [2, 16, 3, 15], [4, 2, 5, 1], [6, 22, 7, 21], [8, 23, 9, 24], [10, 19, 11, 20], [12, 7, 13, 8], [14, 18, 15, 17]]"
12a_0746_155,"[[14, 18, 15, 17], [16, 4, 17, 3], [18, 6, 19, 5], [20, 11, 21, 12], [22, 14, 23, 13], [24, 9, 1, 10], [2, 16, 3, 15], [4, 2, 5, 1], [6, 22, 7, 21], [8, 23, 9, 24], [10, 19, 11, 20], [12, 7, 13, 8]]"
12a_0746_156,"[[13, 8, 14, 9], [15, 19, 16, 18], [17, 5, 18, 4], [19, 7, 20, 6], [21, 12, 22, 13], [23, 15, 24, 14], [1, 10, 2, 11], [3, 17, 4, 16], [5, 3, 6, 2], [7, 23, 8, 22], [9, 24, 10, 1], [11, 20, 12, 21]]"
12a_0746_157,"[[11, 20, 12, 21], [13, 8, 14, 9], [15, 19, 16, 18], [17, 5, 18, 4], [19, 7, 20, 6], [21, 12, 22, 13], [23, 15, 24, 14], [1, 10, 2, 11], [3, 17, 4, 16], [5, 3, 6, 2], [7, 23, 8, 22], [9, 24, 10, 1]]"
12a_0746_158,"[[9, 24, 10, 1], [11, 20, 12, 21], [13, 8, 14, 9], [15, 19, 16, 18], [17, 5, 18, 4], [19, 7, 20, 6], [21, 12, 22, 13], [23, 15, 24, 14], [1, 10, 2, 11], [3, 17, 4, 16], [5, 3, 6, 2], [7, 23, 8, 22]]"
12a_0746_159,"[[7, 23, 8, 22], [9, 24, 10, 1], [11, 20, 12, 21], [13, 8, 14, 9], [15, 19, 16, 18], [17, 5, 18, 4], [19, 7, 20, 6], [21, 12, 22, 13], [23, 15, 24, 14], [1, 10, 2, 11], [3, 17, 4, 16], [5, 3, 6, 2]]"
12a_0746_160,"[[5, 3, 6, 2], [7, 23, 8, 22], [9, 24, 10, 1], [11, 20, 12, 21], [13, 8, 14, 9], [15, 19, 16, 18], [17, 5, 18, 4], [19, 7, 20, 6], [21, 12, 22, 13], [23, 15, 24, 14], [1, 10, 2, 11], [3, 17, 4, 16]]"
12a_0746_161,"[[3, 17, 4, 16], [5, 3, 6, 2], [7, 23, 8, 22], [9, 24, 10, 1], [11, 20, 12, 21], [13, 8, 14, 9], [15, 19, 16, 18], [17, 5, 18, 4], [19, 7, 20, 6], [21, 12, 22, 13], [23, 15, 24, 14], [1, 10, 2, 11]]"
12a_0746_162,"[[1, 10, 2, 11], [3, 17, 4, 16], [5, 3, 6, 2], [7, 23, 8, 22], [9, 24, 10, 1], [11, 20, 12, 21], [13, 8, 14, 9], [15, 19, 16, 18], [17, 5, 18, 4], [19, 7, 20, 6], [21, 12, 22, 13], [23, 15, 24, 14]]"
12a_0746_163,"[[23, 15, 24, 14], [1, 10, 2, 11], [3, 17, 4, 16], [5, 3, 6, 2], [7, 23, 8, 22], [9, 24, 10, 1], [11, 20, 12, 21], [13, 8, 14, 9], [15, 19, 16, 18], [17, 5, 18, 4], [19, 7, 20, 6], [21, 12, 22, 13]]"
12a_0746_164,"[[21, 12, 22, 13], [23, 15, 24, 14], [1, 10, 2, 11], [3, 17, 4, 16], [5, 3, 6, 2], [7, 23, 8, 22], [9, 24, 10, 1], [11, 20, 12, 21], [13, 8, 14, 9], [15, 19, 16, 18], [17, 5, 18, 4], [19, 7, 20, 6]]"
12a_0746_165,"[[19, 7, 20, 6], [21, 12, 22, 13], [23, 15, 24, 14], [1, 10, 2, 11], [3, 17, 4, 16], [5, 3, 6, 2], [7, 23, 8, 22], [9, 24, 10, 1], [11, 20, 12, 21], [13, 8, 14, 9], [15, 19, 16, 18], [17, 5, 18, 4]]"
12a_0746_166,"[[17, 5, 18, 4], [19, 7, 20, 6], [21, 12, 22, 13], [23, 15, 24, 14], [1, 10, 2, 11], [3, 17, 4, 16], [5, 3, 6, 2], [7, 23, 8, 22], [9, 24, 10, 1], [11, 20, 12, 21], [13, 8, 14, 9], [15, 19, 16, 18]]"
12a_0746_167,"[[15, 19, 16, 18], [17, 5, 18, 4], [19, 7, 20, 6], [21, 12, 22, 13], [23, 15, 24, 14], [1, 10, 2, 11], [3, 17, 4, 16], [5, 3, 6, 2], [7, 23, 8, 22], [9, 24, 10, 1], [11, 20, 12, 21], [13, 8, 14, 9]]"
12a_0746_168,"[[14, 9, 15, 10], [16, 20, 17, 19], [18, 6, 19, 5], [20, 8, 21, 7], [22, 13, 23, 14], [24, 16, 1, 15], [2, 11, 3, 12], [4, 18, 5, 17], [6, 4, 7, 3], [8, 24, 9, 23], [10, 1, 11, 2], [12, 21, 13, 22]]"
12a_0746_169,"[[12, 21, 13, 22], [14, 9, 15, 10], [16, 20, 17, 19], [18, 6, 19, 5], [20, 8, 21, 7], [22, 13, 23, 14], [24, 16, 1, 15], [2, 11, 3, 12], [4, 18, 5, 17], [6, 4, 7, 3], [8, 24, 9, 23], [10, 1, 11, 2]]"
12a_0746_170,"[[10, 1, 11, 2], [12, 21, 13, 22], [14, 9, 15, 10], [16, 20, 17, 19], [18, 6, 19, 5], [20, 8, 21, 7], [22, 13, 23, 14], [24, 16, 1, 15], [2, 11, 3, 12], [4, 18, 5, 17], [6, 4, 7, 3], [8, 24, 9, 23]]"
12a_0746_171,"[[8, 24, 9, 23], [10, 1, 11, 2], [12, 21, 13, 22], [14, 9, 15, 10], [16, 20, 17, 19], [18, 6, 19, 5], [20, 8, 21, 7], [22, 13, 23, 14], [24, 16, 1, 15], [2, 11, 3, 12], [4, 18, 5, 17], [6, 4, 7, 3]]"
12a_0746_172,"[[6, 4, 7, 3], [8, 24, 9, 23], [10, 1, 11, 2], [12, 21, 13, 22], [14, 9, 15, 10], [16, 20, 17, 19], [18, 6, 19, 5], [20, 8, 21, 7], [22, 13, 23, 14], [24, 16, 1, 15], [2, 11, 3, 12], [4, 18, 5, 17]]"
12a_0746_173,"[[4, 18, 5, 17], [6, 4, 7, 3], [8, 24, 9, 23], [10, 1, 11, 2], [12, 21, 13, 22], [14, 9, 15, 10], [16, 20, 17, 19], [18, 6, 19, 5], [20, 8, 21, 7], [22, 13, 23, 14], [24, 16, 1, 15], [2, 11, 3, 12]]"
12a_0746_174,"[[2, 11, 3, 12], [4, 18, 5, 17], [6, 4, 7, 3], [8, 24, 9, 23], [10, 1, 11, 2], [12, 21, 13, 22], [14, 9, 15, 10], [16, 20, 17, 19], [18, 6, 19, 5], [20, 8, 21, 7], [22, 13, 23, 14], [24, 16, 1, 15]]"
12a_0746_175,"[[24, 16, 1, 15], [2, 11, 3, 12], [4, 18, 5, 17], [6, 4, 7, 3], [8, 24, 9, 23], [10, 1, 11, 2], [12, 21, 13, 22], [14, 9, 15, 10], [16, 20, 17, 19], [18, 6, 19, 5], [20, 8, 21, 7], [22, 13, 23, 14]]"
12a_0746_176,"[[22, 13, 23, 14], [24, 16, 1, 15], [2, 11, 3, 12], [4, 18, 5, 17], [6, 4, 7, 3], [8, 24, 9, 23], [10, 1, 11, 2], [12, 21, 13, 22], [14, 9, 15, 10], [16, 20, 17, 19], [18, 6, 19, 5], [20, 8, 21, 7]]"
12a_0746_177,"[[20, 8, 21, 7], [22, 13, 23, 14], [24, 16, 1, 15], [2, 11, 3, 12], [4, 18, 5, 17], [6, 4, 7, 3], [8, 24, 9, 23], [10, 1, 11, 2], [12, 21, 13, 22], [14, 9, 15, 10], [16, 20, 17, 19], [18, 6, 19, 5]]"
12a_0746_178,"[[18, 6, 19, 5], [20, 8, 21, 7], [22, 13, 23, 14], [24, 16, 1, 15], [2, 11, 3, 12], [4, 18, 5, 17], [6, 4, 7, 3], [8, 24, 9, 23], [10, 1, 11, 2], [12, 21, 13, 22], [14, 9, 15, 10], [16, 20, 17, 19]]"
12a_0746_179,"[[16, 20, 17, 19], [18, 6, 19, 5], [20, 8, 21, 7], [22, 13, 23, 14], [24, 16, 1, 15], [2, 11, 3, 12], [4, 18, 5, 17], [6, 4, 7, 3], [8, 24, 9, 23], [10, 1, 11, 2], [12, 21, 13, 22], [14, 9, 15, 10]]"
12a_0746_180,"[[15, 10, 16, 11], [17, 21, 18, 20], [19, 7, 20, 6], [21, 9, 22, 8], [23, 14, 24, 15], [1, 17, 2, 16], [3, 12, 4, 13], [5, 19, 6, 18], [7, 5, 8, 4], [9, 1, 10, 24], [11, 2, 12, 3], [13, 22, 14, 23]]"
12a_0746_181,"[[13, 22, 14, 23], [15, 10, 16, 11], [17, 21, 18, 20], [19, 7, 20, 6], [21, 9, 22, 8], [23, 14, 24, 15], [1, 17, 2, 16], [3, 12, 4, 13], [5, 19, 6, 18], [7, 5, 8, 4], [9, 1, 10, 24], [11, 2, 12, 3]]"
12a_0746_182,"[[11, 2, 12, 3], [13, 22, 14, 23], [15, 10, 16, 11], [17, 21, 18, 20], [19, 7, 20, 6], [21, 9, 22, 8], [23, 14, 24, 15], [1, 17, 2, 16], [3, 12, 4, 13], [5, 19, 6, 18], [7, 5, 8, 4], [9, 1, 10, 24]]"
12a_0746_183,"[[9, 1, 10, 24], [11, 2, 12, 3], [13, 22, 14, 23], [15, 10, 16, 11], [17, 21, 18, 20], [19, 7, 20, 6], [21, 9, 22, 8], [23, 14, 24, 15], [1, 17, 2, 16], [3, 12, 4, 13], [5, 19, 6, 18], [7, 5, 8, 4]]"
12a_0746_184,"[[7, 5, 8, 4], [9, 1, 10, 24], [11, 2, 12, 3], [13, 22, 14, 23], [15, 10, 16, 11], [17, 21, 18, 20], [19, 7, 20, 6], [21, 9, 22, 8], [23, 14, 24, 15], [1, 17, 2, 16], [3, 12, 4, 13], [5, 19, 6, 18]]"
12a_0746_185,"[[5, 19, 6, 18], [7, 5, 8, 4], [9, 1, 10, 24], [11, 2, 12, 3], [13, 22, 14, 23], [15, 10, 16, 11], [17, 21, 18, 20], [19, 7, 20, 6], [21, 9, 22, 8], [23, 14, 24, 15], [1, 17, 2, 16], [3, 12, 4, 13]]"
