name,pd_notation
12a_0532_0,"[[24, 18, 1, 17], [2, 6, 3, 5], [4, 14, 5, 13], [6, 16, 7, 15], [8, 19, 9, 20], [10, 21, 11, 22], [12, 4, 13, 3], [14, 12, 15, 11], [16, 2, 17, 1], [18, 24, 19, 23], [20, 9, 21, 10], [22, 7, 23, 8]]"
12a_0532_1,"[[22, 7, 23, 8], [24, 18, 1, 17], [2, 6, 3, 5], [4, 14, 5, 13], [6, 16, 7, 15], [8, 19, 9, 20], [10, 21, 11, 22], [12, 4, 13, 3], [14, 12, 15, 11], [16, 2, 17, 1], [18, 24, 19, 23], [20, 9, 21, 10]]"
12a_0532_2,"[[20, 9, 21, 10], [22, 7, 23, 8], [24, 18, 1, 17], [2, 6, 3, 5], [4, 14, 5, 13], [6, 16, 7, 15], [8, 19, 9, 20], [10, 21, 11, 22], [12, 4, 13, 3], [14, 12, 15, 11], [16, 2, 17, 1], [18, 24, 19, 23]]"
12a_0532_3,"[[18, 24, 19, 23], [20, 9, 21, 10], [22, 7, 23, 8], [24, 18, 1, 17], [2, 6, 3, 5], [4, 14, 5, 13], [6, 16, 7, 15], [8, 19, 9, 20], [10, 21, 11, 22], [12, 4, 13, 3], [14, 12, 15, 11], [16, 2, 17, 1]]"
12a_0532_4,"[[16, 2, 17, 1], [18, 24, 19, 23], [20, 9, 21, 10], [22, 7, 23, 8], [24, 18, 1, 17], [2, 6, 3, 5], [4, 14, 5, 13], [6, 16, 7, 15], [8, 19, 9, 20], [10, 21, 11, 22], [12, 4, 13, 3], [14, 12, 15, 11]]"
12a_0532_5,"[[14, 12, 15, 11], [16, 2, 17, 1], [18, 24, 19, 23], [20, 9, 21, 10], [22, 7, 23, 8], [24, 18, 1, 17], [2, 6, 3, 5], [4, 14, 5, 13], [6, 16, 7, 15], [8, 19, 9, 20], [10, 21, 11, 22], [12, 4, 13, 3]]"
12a_0532_6,"[[12, 4, 13, 3], [14, 12, 15, 11], [16, 2, 17, 1], [18, 24, 19, 23], [20, 9, 21, 10], [22, 7, 23, 8], [24, 18, 1, 17], [2, 6, 3, 5], [4, 14, 5, 13], [6, 16, 7, 15], [8, 19, 9, 20], [10, 21, 11, 22]]"
12a_0532_7,"[[10, 21, 11, 22], [12, 4, 13, 3], [14, 12, 15, 11], [16, 2, 17, 1], [18, 24, 19, 23], [20, 9, 21, 10], [22, 7, 23, 8], [24, 18, 1, 17], [2, 6, 3, 5], [4, 14, 5, 13], [6, 16, 7, 15], [8, 19, 9, 20]]"
12a_0532_8,"[[8, 19, 9, 20], [10, 21, 11, 22], [12, 4, 13, 3], [14, 12, 15, 11], [16, 2, 17, 1], [18, 24, 19, 23], [20, 9, 21, 10], [22, 7, 23, 8], [24, 18, 1, 17], [2, 6, 3, 5], [4, 14, 5, 13], [6, 16, 7, 15]]"
12a_0532_9,"[[6, 16, 7, 15], [8, 19, 9, 20], [10, 21, 11, 22], [12, 4, 13, 3], [14, 12, 15, 11], [16, 2, 17, 1], [18, 24, 19, 23], [20, 9, 21, 10], [22, 7, 23, 8], [24, 18, 1, 17], [2, 6, 3, 5], [4, 14, 5, 13]]"
12a_0532_10,"[[4, 14, 5, 13], [6, 16, 7, 15], [8, 19, 9, 20], [10, 21, 11, 22], [12, 4, 13, 3], [14, 12, 15, 11], [16, 2, 17, 1], [18, 24, 19, 23], [20, 9, 21, 10], [22, 7, 23, 8], [24, 18, 1, 17], [2, 6, 3, 5]]"
12a_0532_11,"[[2, 6, 3, 5], [4, 14, 5, 13], [6, 16, 7, 15], [8, 19, 9, 20], [10, 21, 11, 22], [12, 4, 13, 3], [14, 12, 15, 11], [16, 2, 17, 1], [18, 24, 19, 23], [20, 9, 21, 10], [22, 7, 23, 8], [24, 18, 1, 17]]"
12a_0532_12,"[[1, 19, 2, 18], [3, 7, 4, 6], [5, 15, 6, 14], [7, 17, 8, 16], [9, 20, 10, 21], [11, 22, 12, 23], [13, 5, 14, 4], [15, 13, 16, 12], [17, 3, 18, 2], [19, 1, 20, 24], [21, 10, 22, 11], [23, 8, 24, 9]]"
12a_0532_13,"[[23, 8, 24, 9], [1, 19, 2, 18], [3, 7, 4, 6], [5, 15, 6, 14], [7, 17, 8, 16], [9, 20, 10, 21], [11, 22, 12, 23], [13, 5, 14, 4], [15, 13, 16, 12], [17, 3, 18, 2], [19, 1, 20, 24], [21, 10, 22, 11]]"
12a_0532_14,"[[21, 10, 22, 11], [23, 8, 24, 9], [1, 19, 2, 18], [3, 7, 4, 6], [5, 15, 6, 14], [7, 17, 8, 16], [9, 20, 10, 21], [11, 22, 12, 23], [13, 5, 14, 4], [15, 13, 16, 12], [17, 3, 18, 2], [19, 1, 20, 24]]"
12a_0532_15,"[[19, 1, 20, 24], [21, 10, 22, 11], [23, 8, 24, 9], [1, 19, 2, 18], [3, 7, 4, 6], [5, 15, 6, 14], [7, 17, 8, 16], [9, 20, 10, 21], [11, 22, 12, 23], [13, 5, 14, 4], [15, 13, 16, 12], [17, 3, 18, 2]]"
12a_0532_16,"[[17, 3, 18, 2], [19, 1, 20, 24], [21, 10, 22, 11], [23, 8, 24, 9], [1, 19, 2, 18], [3, 7, 4, 6], [5, 15, 6, 14], [7, 17, 8, 16], [9, 20, 10, 21], [11, 22, 12, 23], [13, 5, 14, 4], [15, 13, 16, 12]]"
12a_0532_17,"[[15, 13, 16, 12], [17, 3, 18, 2], [19, 1, 20, 24], [21, 10, 22, 11], [23, 8, 24, 9], [1, 19, 2, 18], [3, 7, 4, 6], [5, 15, 6, 14], [7, 17, 8, 16], [9, 20, 10, 21], [11, 22, 12, 23], [13, 5, 14, 4]]"
12a_0532_18,"[[13, 5, 14, 4], [15, 13, 16, 12], [17, 3, 18, 2], [19, 1, 20, 24], [21, 10, 22, 11], [23, 8, 24, 9], [1, 19, 2, 18], [3, 7, 4, 6], [5, 15, 6, 14], [7, 17, 8, 16], [9, 20, 10, 21], [11, 22, 12, 23]]"
12a_0532_19,"[[11, 22, 12, 23], [13, 5, 14, 4], [15, 13, 16, 12], [17, 3, 18, 2], [19, 1, 20, 24], [21, 10, 22, 11], [23, 8, 24, 9], [1, 19, 2, 18], [3, 7, 4, 6], [5, 15, 6, 14], [7, 17, 8, 16], [9, 20, 10, 21]]"
12a_0532_20,"[[9, 20, 10, 21], [11, 22, 12, 23], [13, 5, 14, 4], [15, 13, 16, 12], [17, 3, 18, 2], [19, 1, 20, 24], [21, 10, 22, 11], [23, 8, 24, 9], [1, 19, 2, 18], [3, 7, 4, 6], [5, 15, 6, 14], [7, 17, 8, 16]]"
12a_0532_21,"[[7, 17, 8, 16], [9, 20, 10, 21], [11, 22, 12, 23], [13, 5, 14, 4], [15, 13, 16, 12], [17, 3, 18, 2], [19, 1, 20, 24], [21, 10, 22, 11], [23, 8, 24, 9], [1, 19, 2, 18], [3, 7, 4, 6], [5, 15, 6, 14]]"
12a_0532_22,"[[5, 15, 6, 14], [7, 17, 8, 16], [9, 20, 10, 21], [11, 22, 12, 23], [13, 5, 14, 4], [15, 13, 16, 12], [17, 3, 18, 2], [19, 1, 20, 24], [21, 10, 22, 11], [23, 8, 24, 9], [1, 19, 2, 18], [3, 7, 4, 6]]"
12a_0532_23,"[[3, 7, 4, 6], [5, 15, 6, 14], [7, 17, 8, 16], [9, 20, 10, 21], [11, 22, 12, 23], [13, 5, 14, 4], [15, 13, 16, 12], [17, 3, 18, 2], [19, 1, 20, 24], [21, 10, 22, 11], [23, 8, 24, 9], [1, 19, 2, 18]]"
12a_0532_24,"[[2, 20, 3, 19], [4, 8, 5, 7], [6, 16, 7, 15], [8, 18, 9, 17], [10, 21, 11, 22], [12, 23, 13, 24], [14, 6, 15, 5], [16, 14, 17, 13], [18, 4, 19, 3], [20, 2, 21, 1], [22, 11, 23, 12], [24, 9, 1, 10]]"
12a_0532_25,"[[24, 9, 1, 10], [2, 20, 3, 19], [4, 8, 5, 7], [6, 16, 7, 15], [8, 18, 9, 17], [10, 21, 11, 22], [12, 23, 13, 24], [14, 6, 15, 5], [16, 14, 17, 13], [18, 4, 19, 3], [20, 2, 21, 1], [22, 11, 23, 12]]"
12a_0532_26,"[[22, 11, 23, 12], [24, 9, 1, 10], [2, 20, 3, 19], [4, 8, 5, 7], [6, 16, 7, 15], [8, 18, 9, 17], [10, 21, 11, 22], [12, 23, 13, 24], [14, 6, 15, 5], [16, 14, 17, 13], [18, 4, 19, 3], [20, 2, 21, 1]]"
12a_0532_27,"[[20, 2, 21, 1], [22, 11, 23, 12], [24, 9, 1, 10], [2, 20, 3, 19], [4, 8, 5, 7], [6, 16, 7, 15], [8, 18, 9, 17], [10, 21, 11, 22], [12, 23, 13, 24], [14, 6, 15, 5], [16, 14, 17, 13], [18, 4, 19, 3]]"
12a_0532_28,"[[18, 4, 19, 3], [20, 2, 21, 1], [22, 11, 23, 12], [24, 9, 1, 10], [2, 20, 3, 19], [4, 8, 5, 7], [6, 16, 7, 15], [8, 18, 9, 17], [10, 21, 11, 22], [12, 23, 13, 24], [14, 6, 15, 5], [16, 14, 17, 13]]"
12a_0532_29,"[[16, 14, 17, 13], [18, 4, 19, 3], [20, 2, 21, 1], [22, 11, 23, 12], [24, 9, 1, 10], [2, 20, 3, 19], [4, 8, 5, 7], [6, 16, 7, 15], [8, 18, 9, 17], [10, 21, 11, 22], [12, 23, 13, 24], [14, 6, 15, 5]]"
12a_0532_30,"[[14, 6, 15, 5], [16, 14, 17, 13], [18, 4, 19, 3], [20, 2, 21, 1], [22, 11, 23, 12], [24, 9, 1, 10], [2, 20, 3, 19], [4, 8, 5, 7], [6, 16, 7, 15], [8, 18, 9, 17], [10, 21, 11, 22], [12, 23, 13, 24]]"
12a_0532_31,"[[12, 23, 13, 24], [14, 6, 15, 5], [16, 14, 17, 13], [18, 4, 19, 3], [20, 2, 21, 1], [22, 11, 23, 12], [24, 9, 1, 10], [2, 20, 3, 19], [4, 8, 5, 7], [6, 16, 7, 15], [8, 18, 9, 17], [10, 21, 11, 22]]"
12a_0532_32,"[[10, 21, 11, 22], [12, 23, 13, 24], [14, 6, 15, 5], [16, 14, 17, 13], [18, 4, 19, 3], [20, 2, 21, 1], [22, 11, 23, 12], [24, 9, 1, 10], [2, 20, 3, 19], [4, 8, 5, 7], [6, 16, 7, 15], [8, 18, 9, 17]]"
12a_0532_33,"[[8, 18, 9, 17], [10, 21, 11, 22], [12, 23, 13, 24], [14, 6, 15, 5], [16, 14, 17, 13], [18, 4, 19, 3], [20, 2, 21, 1], [22, 11, 23, 12], [24, 9, 1, 10], [2, 20, 3, 19], [4, 8, 5, 7], [6, 16, 7, 15]]"
12a_0532_34,"[[6, 16, 7, 15], [8, 18, 9, 17], [10, 21, 11, 22], [12, 23, 13, 24], [14, 6, 15, 5], [16, 14, 17, 13], [18, 4, 19, 3], [20, 2, 21, 1], [22, 11, 23, 12], [24, 9, 1, 10], [2, 20, 3, 19], [4, 8, 5, 7]]"
12a_0532_35,"[[4, 8, 5, 7], [6, 16, 7, 15], [8, 18, 9, 17], [10, 21, 11, 22], [12, 23, 13, 24], [14, 6, 15, 5], [16, 14, 17, 13], [18, 4, 19, 3], [20, 2, 21, 1], [22, 11, 23, 12], [24, 9, 1, 10], [2, 20, 3, 19]]"
12a_0532_36,"[[3, 21, 4, 20], [5, 9, 6, 8], [7, 17, 8, 16], [9, 19, 10, 18], [11, 22, 12, 23], [13, 24, 14, 1], [15, 7, 16, 6], [17, 15, 18, 14], [19, 5, 20, 4], [21, 3, 22, 2], [23, 12, 24, 13], [1, 10, 2, 11]]"
12a_0532_37,"[[1, 10, 2, 11], [3, 21, 4, 20], [5, 9, 6, 8], [7, 17, 8, 16], [9, 19, 10, 18], [11, 22, 12, 23], [13, 24, 14, 1], [15, 7, 16, 6], [17, 15, 18, 14], [19, 5, 20, 4], [21, 3, 22, 2], [23, 12, 24, 13]]"
12a_0532_38,"[[23, 12, 24, 13], [1, 10, 2, 11], [3, 21, 4, 20], [5, 9, 6, 8], [7, 17, 8, 16], [9, 19, 10, 18], [11, 22, 12, 23], [13, 24, 14, 1], [15, 7, 16, 6], [17, 15, 18, 14], [19, 5, 20, 4], [21, 3, 22, 2]]"
12a_0532_39,"[[21, 3, 22, 2], [23, 12, 24, 13], [1, 10, 2, 11], [3, 21, 4, 20], [5, 9, 6, 8], [7, 17, 8, 16], [9, 19, 10, 18], [11, 22, 12, 23], [13, 24, 14, 1], [15, 7, 16, 6], [17, 15, 18, 14], [19, 5, 20, 4]]"
12a_0532_40,"[[19, 5, 20, 4], [21, 3, 22, 2], [23, 12, 24, 13], [1, 10, 2, 11], [3, 21, 4, 20], [5, 9, 6, 8], [7, 17, 8, 16], [9, 19, 10, 18], [11, 22, 12, 23], [13, 24, 14, 1], [15, 7, 16, 6], [17, 15, 18, 14]]"
12a_0532_41,"[[17, 15, 18, 14], [19, 5, 20, 4], [21, 3, 22, 2], [23, 12, 24, 13], [1, 10, 2, 11], [3, 21, 4, 20], [5, 9, 6, 8], [7, 17, 8, 16], [9, 19, 10, 18], [11, 22, 12, 23], [13, 24, 14, 1], [15, 7, 16, 6]]"
12a_0532_42,"[[15, 7, 16, 6], [17, 15, 18, 14], [19, 5, 20, 4], [21, 3, 22, 2], [23, 12, 24, 13], [1, 10, 2, 11], [3, 21, 4, 20], [5, 9, 6, 8], [7, 17, 8, 16], [9, 19, 10, 18], [11, 22, 12, 23], [13, 24, 14, 1]]"
12a_0532_43,"[[13, 24, 14, 1], [15, 7, 16, 6], [17, 15, 18, 14], [19, 5, 20, 4], [21, 3, 22, 2], [23, 12, 24, 13], [1, 10, 2, 11], [3, 21, 4, 20], [5, 9, 6, 8], [7, 17, 8, 16], [9, 19, 10, 18], [11, 22, 12, 23]]"
12a_0532_44,"[[11, 22, 12, 23], [13, 24, 14, 1], [15, 7, 16, 6], [17, 15, 18, 14], [19, 5, 20, 4], [21, 3, 22, 2], [23, 12, 24, 13], [1, 10, 2, 11], [3, 21, 4, 20], [5, 9, 6, 8], [7, 17, 8, 16], [9, 19, 10, 18]]"
12a_0532_45,"[[9, 19, 10, 18], [11, 22, 12, 23], [13, 24, 14, 1], [15, 7, 16, 6], [17, 15, 18, 14], [19, 5, 20, 4], [21, 3, 22, 2], [23, 12, 24, 13], [1, 10, 2, 11], [3, 21, 4, 20], [5, 9, 6, 8], [7, 17, 8, 16]]"
12a_0532_46,"[[7, 17, 8, 16], [9, 19, 10, 18], [11, 22, 12, 23], [13, 24, 14, 1], [15, 7, 16, 6], [17, 15, 18, 14], [19, 5, 20, 4], [21, 3, 22, 2], [23, 12, 24, 13], [1, 10, 2, 11], [3, 21, 4, 20], [5, 9, 6, 8]]"
12a_0532_47,"[[5, 9, 6, 8], [7, 17, 8, 16], [9, 19, 10, 18], [11, 22, 12, 23], [13, 24, 14, 1], [15, 7, 16, 6], [17, 15, 18, 14], [19, 5, 20, 4], [21, 3, 22, 2], [23, 12, 24, 13], [1, 10, 2, 11], [3, 21, 4, 20]]"
12a_0532_48,"[[4, 22, 5, 21], [6, 10, 7, 9], [8, 18, 9, 17], [10, 20, 11, 19], [12, 23, 13, 24], [14, 1, 15, 2], [16, 8, 17, 7], [18, 16, 19, 15], [20, 6, 21, 5], [22, 4, 23, 3], [24, 13, 1, 14], [2, 11, 3, 12]]"
12a_0532_49,"[[2, 11, 3, 12], [4, 22, 5, 21], [6, 10, 7, 9], [8, 18, 9, 17], [10, 20, 11, 19], [12, 23, 13, 24], [14, 1, 15, 2], [16, 8, 17, 7], [18, 16, 19, 15], [20, 6, 21, 5], [22, 4, 23, 3], [24, 13, 1, 14]]"
12a_0532_50,"[[24, 13, 1, 14], [2, 11, 3, 12], [4, 22, 5, 21], [6, 10, 7, 9], [8, 18, 9, 17], [10, 20, 11, 19], [12, 23, 13, 24], [14, 1, 15, 2], [16, 8, 17, 7], [18, 16, 19, 15], [20, 6, 21, 5], [22, 4, 23, 3]]"
12a_0532_51,"[[22, 4, 23, 3], [24, 13, 1, 14], [2, 11, 3, 12], [4, 22, 5, 21], [6, 10, 7, 9], [8, 18, 9, 17], [10, 20, 11, 19], [12, 23, 13, 24], [14, 1, 15, 2], [16, 8, 17, 7], [18, 16, 19, 15], [20, 6, 21, 5]]"
12a_0532_52,"[[20, 6, 21, 5], [22, 4, 23, 3], [24, 13, 1, 14], [2, 11, 3, 12], [4, 22, 5, 21], [6, 10, 7, 9], [8, 18, 9, 17], [10, 20, 11, 19], [12, 23, 13, 24], [14, 1, 15, 2], [16, 8, 17, 7], [18, 16, 19, 15]]"
12a_0532_53,"[[18, 16, 19, 15], [20, 6, 21, 5], [22, 4, 23, 3], [24, 13, 1, 14], [2, 11, 3, 12], [4, 22, 5, 21], [6, 10, 7, 9], [8, 18, 9, 17], [10, 20, 11, 19], [12, 23, 13, 24], [14, 1, 15, 2], [16, 8, 17, 7]]"
12a_0532_54,"[[16, 8, 17, 7], [18, 16, 19, 15], [20, 6, 21, 5], [22, 4, 23, 3], [24, 13, 1, 14], [2, 11, 3, 12], [4, 22, 5, 21], [6, 10, 7, 9], [8, 18, 9, 17], [10, 20, 11, 19], [12, 23, 13, 24], [14, 1, 15, 2]]"
12a_0532_55,"[[14, 1, 15, 2], [16, 8, 17, 7], [18, 16, 19, 15], [20, 6, 21, 5], [22, 4, 23, 3], [24, 13, 1, 14], [2, 11, 3, 12], [4, 22, 5, 21], [6, 10, 7, 9], [8, 18, 9, 17], [10, 20, 11, 19], [12, 23, 13, 24]]"
12a_0532_56,"[[12, 23, 13, 24], [14, 1, 15, 2], [16, 8, 17, 7], [18, 16, 19, 15], [20, 6, 21, 5], [22, 4, 23, 3], [24, 13, 1, 14], [2, 11, 3, 12], [4, 22, 5, 21], [6, 10, 7, 9], [8, 18, 9, 17], [10, 20, 11, 19]]"
12a_0532_57,"[[10, 20, 11, 19], [12, 23, 13, 24], [14, 1, 15, 2], [16, 8, 17, 7], [18, 16, 19, 15], [20, 6, 21, 5], [22, 4, 23, 3], [24, 13, 1, 14], [2, 11, 3, 12], [4, 22, 5, 21], [6, 10, 7, 9], [8, 18, 9, 17]]"
12a_0532_58,"[[8, 18, 9, 17], [10, 20, 11, 19], [12, 23, 13, 24], [14, 1, 15, 2], [16, 8, 17, 7], [18, 16, 19, 15], [20, 6, 21, 5], [22, 4, 23, 3], [24, 13, 1, 14], [2, 11, 3, 12], [4, 22, 5, 21], [6, 10, 7, 9]]"
12a_0532_59,"[[6, 10, 7, 9], [8, 18, 9, 17], [10, 20, 11, 19], [12, 23, 13, 24], [14, 1, 15, 2], [16, 8, 17, 7], [18, 16, 19, 15], [20, 6, 21, 5], [22, 4, 23, 3], [24, 13, 1, 14], [2, 11, 3, 12], [4, 22, 5, 21]]"
12a_0532_60,"[[5, 23, 6, 22], [7, 11, 8, 10], [9, 19, 10, 18], [11, 21, 12, 20], [13, 24, 14, 1], [15, 2, 16, 3], [17, 9, 18, 8], [19, 17, 20, 16], [21, 7, 22, 6], [23, 5, 24, 4], [1, 14, 2, 15], [3, 12, 4, 13]]"
12a_0532_61,"[[3, 12, 4, 13], [5, 23, 6, 22], [7, 11, 8, 10], [9, 19, 10, 18], [11, 21, 12, 20], [13, 24, 14, 1], [15, 2, 16, 3], [17, 9, 18, 8], [19, 17, 20, 16], [21, 7, 22, 6], [23, 5, 24, 4], [1, 14, 2, 15]]"
12a_0532_62,"[[1, 14, 2, 15], [3, 12, 4, 13], [5, 23, 6, 22], [7, 11, 8, 10], [9, 19, 10, 18], [11, 21, 12, 20], [13, 24, 14, 1], [15, 2, 16, 3], [17, 9, 18, 8], [19, 17, 20, 16], [21, 7, 22, 6], [23, 5, 24, 4]]"
12a_0532_63,"[[23, 5, 24, 4], [1, 14, 2, 15], [3, 12, 4, 13], [5, 23, 6, 22], [7, 11, 8, 10], [9, 19, 10, 18], [11, 21, 12, 20], [13, 24, 14, 1], [15, 2, 16, 3], [17, 9, 18, 8], [19, 17, 20, 16], [21, 7, 22, 6]]"
12a_0532_64,"[[21, 7, 22, 6], [23, 5, 24, 4], [1, 14, 2, 15], [3, 12, 4, 13], [5, 23, 6, 22], [7, 11, 8, 10], [9, 19, 10, 18], [11, 21, 12, 20], [13, 24, 14, 1], [15, 2, 16, 3], [17, 9, 18, 8], [19, 17, 20, 16]]"
12a_0532_65,"[[19, 17, 20, 16], [21, 7, 22, 6], [23, 5, 24, 4], [1, 14, 2, 15], [3, 12, 4, 13], [5, 23, 6, 22], [7, 11, 8, 10], [9, 19, 10, 18], [11, 21, 12, 20], [13, 24, 14, 1], [15, 2, 16, 3], [17, 9, 18, 8]]"
12a_0532_66,"[[17, 9, 18, 8], [19, 17, 20, 16], [21, 7, 22, 6], [23, 5, 24, 4], [1, 14, 2, 15], [3, 12, 4, 13], [5, 23, 6, 22], [7, 11, 8, 10], [9, 19, 10, 18], [11, 21, 12, 20], [13, 24, 14, 1], [15, 2, 16, 3]]"
12a_0532_67,"[[15, 2, 16, 3], [17, 9, 18, 8], [19, 17, 20, 16], [21, 7, 22, 6], [23, 5, 24, 4], [1, 14, 2, 15], [3, 12, 4, 13], [5, 23, 6, 22], [7, 11, 8, 10], [9, 19, 10, 18], [11, 21, 12, 20], [13, 24, 14, 1]]"
12a_0532_68,"[[13, 24, 14, 1], [15, 2, 16, 3], [17, 9, 18, 8], [19, 17, 20, 16], [21, 7, 22, 6], [23, 5, 24, 4], [1, 14, 2, 15], [3, 12, 4, 13], [5, 23, 6, 22], [7, 11, 8, 10], [9, 19, 10, 18], [11, 21, 12, 20]]"
12a_0532_69,"[[11, 21, 12, 20], [13, 24, 14, 1], [15, 2, 16, 3], [17, 9, 18, 8], [19, 17, 20, 16], [21, 7, 22, 6], [23, 5, 24, 4], [1, 14, 2, 15], [3, 12, 4, 13], [5, 23, 6, 22], [7, 11, 8, 10], [9, 19, 10, 18]]"
12a_0532_70,"[[9, 19, 10, 18], [11, 21, 12, 20], [13, 24, 14, 1], [15, 2, 16, 3], [17, 9, 18, 8], [19, 17, 20, 16], [21, 7, 22, 6], [23, 5, 24, 4], [1, 14, 2, 15], [3, 12, 4, 13], [5, 23, 6, 22], [7, 11, 8, 10]]"
12a_0532_71,"[[7, 11, 8, 10], [9, 19, 10, 18], [11, 21, 12, 20], [13, 24, 14, 1], [15, 2, 16, 3], [17, 9, 18, 8], [19, 17, 20, 16], [21, 7, 22, 6], [23, 5, 24, 4], [1, 14, 2, 15], [3, 12, 4, 13], [5, 23, 6, 22]]"
12a_0532_72,"[[6, 24, 7, 23], [8, 12, 9, 11], [10, 20, 11, 19], [12, 22, 13, 21], [14, 1, 15, 2], [16, 3, 17, 4], [18, 10, 19, 9], [20, 18, 21, 17], [22, 8, 23, 7], [24, 6, 1, 5], [2, 15, 3, 16], [4, 13, 5, 14]]"
12a_0532_73,"[[4, 13, 5, 14], [6, 24, 7, 23], [8, 12, 9, 11], [10, 20, 11, 19], [12, 22, 13, 21], [14, 1, 15, 2], [16, 3, 17, 4], [18, 10, 19, 9], [20, 18, 21, 17], [22, 8, 23, 7], [24, 6, 1, 5], [2, 15, 3, 16]]"
12a_0532_74,"[[2, 15, 3, 16], [4, 13, 5, 14], [6, 24, 7, 23], [8, 12, 9, 11], [10, 20, 11, 19], [12, 22, 13, 21], [14, 1, 15, 2], [16, 3, 17, 4], [18, 10, 19, 9], [20, 18, 21, 17], [22, 8, 23, 7], [24, 6, 1, 5]]"
12a_0532_75,"[[24, 6, 1, 5], [2, 15, 3, 16], [4, 13, 5, 14], [6, 24, 7, 23], [8, 12, 9, 11], [10, 20, 11, 19], [12, 22, 13, 21], [14, 1, 15, 2], [16, 3, 17, 4], [18, 10, 19, 9], [20, 18, 21, 17], [22, 8, 23, 7]]"
12a_0532_76,"[[22, 8, 23, 7], [24, 6, 1, 5], [2, 15, 3, 16], [4, 13, 5, 14], [6, 24, 7, 23], [8, 12, 9, 11], [10, 20, 11, 19], [12, 22, 13, 21], [14, 1, 15, 2], [16, 3, 17, 4], [18, 10, 19, 9], [20, 18, 21, 17]]"
12a_0532_77,"[[20, 18, 21, 17], [22, 8, 23, 7], [24, 6, 1, 5], [2, 15, 3, 16], [4, 13, 5, 14], [6, 24, 7, 23], [8, 12, 9, 11], [10, 20, 11, 19], [12, 22, 13, 21], [14, 1, 15, 2], [16, 3, 17, 4], [18, 10, 19, 9]]"
12a_0532_78,"[[18, 10, 19, 9], [20, 18, 21, 17], [22, 8, 23, 7], [24, 6, 1, 5], [2, 15, 3, 16], [4, 13, 5, 14], [6, 24, 7, 23], [8, 12, 9, 11], [10, 20, 11, 19], [12, 22, 13, 21], [14, 1, 15, 2], [16, 3, 17, 4]]"
12a_0532_79,"[[16, 3, 17, 4], [18, 10, 19, 9], [20, 18, 21, 17], [22, 8, 23, 7], [24, 6, 1, 5], [2, 15, 3, 16], [4, 13, 5, 14], [6, 24, 7, 23], [8, 12, 9, 11], [10, 20, 11, 19], [12, 22, 13, 21], [14, 1, 15, 2]]"
12a_0532_80,"[[14, 1, 15, 2], [16, 3, 17, 4], [18, 10, 19, 9], [20, 18, 21, 17], [22, 8, 23, 7], [24, 6, 1, 5], [2, 15, 3, 16], [4, 13, 5, 14], [6, 24, 7, 23], [8, 12, 9, 11], [10, 20, 11, 19], [12, 22, 13, 21]]"
12a_0532_81,"[[12, 22, 13, 21], [14, 1, 15, 2], [16, 3, 17, 4], [18, 10, 19, 9], [20, 18, 21, 17], [22, 8, 23, 7], [24, 6, 1, 5], [2, 15, 3, 16], [4, 13, 5, 14], [6, 24, 7, 23], [8, 12, 9, 11], [10, 20, 11, 19]]"
12a_0532_82,"[[10, 20, 11, 19], [12, 22, 13, 21], [14, 1, 15, 2], [16, 3, 17, 4], [18, 10, 19, 9], [20, 18, 21, 17], [22, 8, 23, 7], [24, 6, 1, 5], [2, 15, 3, 16], [4, 13, 5, 14], [6, 24, 7, 23], [8, 12, 9, 11]]"
12a_0532_83,"[[8, 12, 9, 11], [10, 20, 11, 19], [12, 22, 13, 21], [14, 1, 15, 2], [16, 3, 17, 4], [18, 10, 19, 9], [20, 18, 21, 17], [22, 8, 23, 7], [24, 6, 1, 5], [2, 15, 3, 16], [4, 13, 5, 14], [6, 24, 7, 23]]"
12a_0532_84,"[[7, 1, 8, 24], [9, 13, 10, 12], [11, 21, 12, 20], [13, 23, 14, 22], [15, 2, 16, 3], [17, 4, 18, 5], [19, 11, 20, 10], [21, 19, 22, 18], [23, 9, 24, 8], [1, 7, 2, 6], [3, 16, 4, 17], [5, 14, 6, 15]]"
12a_0532_85,"[[5, 14, 6, 15], [7, 1, 8, 24], [9, 13, 10, 12], [11, 21, 12, 20], [13, 23, 14, 22], [15, 2, 16, 3], [17, 4, 18, 5], [19, 11, 20, 10], [21, 19, 22, 18], [23, 9, 24, 8], [1, 7, 2, 6], [3, 16, 4, 17]]"
12a_0532_86,"[[3, 16, 4, 17], [5, 14, 6, 15], [7, 1, 8, 24], [9, 13, 10, 12], [11, 21, 12, 20], [13, 23, 14, 22], [15, 2, 16, 3], [17, 4, 18, 5], [19, 11, 20, 10], [21, 19, 22, 18], [23, 9, 24, 8], [1, 7, 2, 6]]"
12a_0532_87,"[[1, 7, 2, 6], [3, 16, 4, 17], [5, 14, 6, 15], [7, 1, 8, 24], [9, 13, 10, 12], [11, 21, 12, 20], [13, 23, 14, 22], [15, 2, 16, 3], [17, 4, 18, 5], [19, 11, 20, 10], [21, 19, 22, 18], [23, 9, 24, 8]]"
12a_0532_88,"[[23, 9, 24, 8], [1, 7, 2, 6], [3, 16, 4, 17], [5, 14, 6, 15], [7, 1, 8, 24], [9, 13, 10, 12], [11, 21, 12, 20], [13, 23, 14, 22], [15, 2, 16, 3], [17, 4, 18, 5], [19, 11, 20, 10], [21, 19, 22, 18]]"
12a_0532_89,"[[21, 19, 22, 18], [23, 9, 24, 8], [1, 7, 2, 6], [3, 16, 4, 17], [5, 14, 6, 15], [7, 1, 8, 24], [9, 13, 10, 12], [11, 21, 12, 20], [13, 23, 14, 22], [15, 2, 16, 3], [17, 4, 18, 5], [19, 11, 20, 10]]"
12a_0532_90,"[[19, 11, 20, 10], [21, 19, 22, 18], [23, 9, 24, 8], [1, 7, 2, 6], [3, 16, 4, 17], [5, 14, 6, 15], [7, 1, 8, 24], [9, 13, 10, 12], [11, 21, 12, 20], [13, 23, 14, 22], [15, 2, 16, 3], [17, 4, 18, 5]]"
12a_0532_91,"[[17, 4, 18, 5], [19, 11, 20, 10], [21, 19, 22, 18], [23, 9, 24, 8], [1, 7, 2, 6], [3, 16, 4, 17], [5, 14, 6, 15], [7, 1, 8, 24], [9, 13, 10, 12], [11, 21, 12, 20], [13, 23, 14, 22], [15, 2, 16, 3]]"
12a_0532_92,"[[15, 2, 16, 3], [17, 4, 18, 5], [19, 11, 20, 10], [21, 19, 22, 18], [23, 9, 24, 8], [1, 7, 2, 6], [3, 16, 4, 17], [5, 14, 6, 15], [7, 1, 8, 24], [9, 13, 10, 12], [11, 21, 12, 20], [13, 23, 14, 22]]"
12a_0532_93,"[[13, 23, 14, 22], [15, 2, 16, 3], [17, 4, 18, 5], [19, 11, 20, 10], [21, 19, 22, 18], [23, 9, 24, 8], [1, 7, 2, 6], [3, 16, 4, 17], [5, 14, 6, 15], [7, 1, 8, 24], [9, 13, 10, 12], [11, 21, 12, 20]]"
12a_0532_94,"[[11, 21, 12, 20], [13, 23, 14, 22], [15, 2, 16, 3], [17, 4, 18, 5], [19, 11, 20, 10], [21, 19, 22, 18], [23, 9, 24, 8], [1, 7, 2, 6], [3, 16, 4, 17], [5, 14, 6, 15], [7, 1, 8, 24], [9, 13, 10, 12]]"
12a_0532_95,"[[9, 13, 10, 12], [11, 21, 12, 20], [13, 23, 14, 22], [15, 2, 16, 3], [17, 4, 18, 5], [19, 11, 20, 10], [21, 19, 22, 18], [23, 9, 24, 8], [1, 7, 2, 6], [3, 16, 4, 17], [5, 14, 6, 15], [7, 1, 8, 24]]"
12a_0532_96,"[[8, 2, 9, 1], [10, 14, 11, 13], [12, 22, 13, 21], [14, 24, 15, 23], [16, 3, 17, 4], [18, 5, 19, 6], [20, 12, 21, 11], [22, 20, 23, 19], [24, 10, 1, 9], [2, 8, 3, 7], [4, 17, 5, 18], [6, 15, 7, 16]]"
12a_0532_97,"[[6, 15, 7, 16], [8, 2, 9, 1], [10, 14, 11, 13], [12, 22, 13, 21], [14, 24, 15, 23], [16, 3, 17, 4], [18, 5, 19, 6], [20, 12, 21, 11], [22, 20, 23, 19], [24, 10, 1, 9], [2, 8, 3, 7], [4, 17, 5, 18]]"
12a_0532_98,"[[4, 17, 5, 18], [6, 15, 7, 16], [8, 2, 9, 1], [10, 14, 11, 13], [12, 22, 13, 21], [14, 24, 15, 23], [16, 3, 17, 4], [18, 5, 19, 6], [20, 12, 21, 11], [22, 20, 23, 19], [24, 10, 1, 9], [2, 8, 3, 7]]"
12a_0532_99,"[[2, 8, 3, 7], [4, 17, 5, 18], [6, 15, 7, 16], [8, 2, 9, 1], [10, 14, 11, 13], [12, 22, 13, 21], [14, 24, 15, 23], [16, 3, 17, 4], [18, 5, 19, 6], [20, 12, 21, 11], [22, 20, 23, 19], [24, 10, 1, 9]]"
12a_0532_100,"[[24, 10, 1, 9], [2, 8, 3, 7], [4, 17, 5, 18], [6, 15, 7, 16], [8, 2, 9, 1], [10, 14, 11, 13], [12, 22, 13, 21], [14, 24, 15, 23], [16, 3, 17, 4], [18, 5, 19, 6], [20, 12, 21, 11], [22, 20, 23, 19]]"
12a_0532_101,"[[22, 20, 23, 19], [24, 10, 1, 9], [2, 8, 3, 7], [4, 17, 5, 18], [6, 15, 7, 16], [8, 2, 9, 1], [10, 14, 11, 13], [12, 22, 13, 21], [14, 24, 15, 23], [16, 3, 17, 4], [18, 5, 19, 6], [20, 12, 21, 11]]"
12a_0532_102,"[[20, 12, 21, 11], [22, 20, 23, 19], [24, 10, 1, 9], [2, 8, 3, 7], [4, 17, 5, 18], [6, 15, 7, 16], [8, 2, 9, 1], [10, 14, 11, 13], [12, 22, 13, 21], [14, 24, 15, 23], [16, 3, 17, 4], [18, 5, 19, 6]]"
12a_0532_103,"[[18, 5, 19, 6], [20, 12, 21, 11], [22, 20, 23, 19], [24, 10, 1, 9], [2, 8, 3, 7], [4, 17, 5, 18], [6, 15, 7, 16], [8, 2, 9, 1], [10, 14, 11, 13], [12, 22, 13, 21], [14, 24, 15, 23], [16, 3, 17, 4]]"
12a_0532_104,"[[16, 3, 17, 4], [18, 5, 19, 6], [20, 12, 21, 11], [22, 20, 23, 19], [24, 10, 1, 9], [2, 8, 3, 7], [4, 17, 5, 18], [6, 15, 7, 16], [8, 2, 9, 1], [10, 14, 11, 13], [12, 22, 13, 21], [14, 24, 15, 23]]"
12a_0532_105,"[[14, 24, 15, 23], [16, 3, 17, 4], [18, 5, 19, 6], [20, 12, 21, 11], [22, 20, 23, 19], [24, 10, 1, 9], [2, 8, 3, 7], [4, 17, 5, 18], [6, 15, 7, 16], [8, 2, 9, 1], [10, 14, 11, 13], [12, 22, 13, 21]]"
12a_0532_106,"[[12, 22, 13, 21], [14, 24, 15, 23], [16, 3, 17, 4], [18, 5, 19, 6], [20, 12, 21, 11], [22, 20, 23, 19], [24, 10, 1, 9], [2, 8, 3, 7], [4, 17, 5, 18], [6, 15, 7, 16], [8, 2, 9, 1], [10, 14, 11, 13]]"
12a_0532_107,"[[10, 14, 11, 13], [12, 22, 13, 21], [14, 24, 15, 23], [16, 3, 17, 4], [18, 5, 19, 6], [20, 12, 21, 11], [22, 20, 23, 19], [24, 10, 1, 9], [2, 8, 3, 7], [4, 17, 5, 18], [6, 15, 7, 16], [8, 2, 9, 1]]"
12a_0532_108,"[[9, 3, 10, 2], [11, 15, 12, 14], [13, 23, 14, 22], [15, 1, 16, 24], [17, 4, 18, 5], [19, 6, 20, 7], [21, 13, 22, 12], [23, 21, 24, 20], [1, 11, 2, 10], [3, 9, 4, 8], [5, 18, 6, 19], [7, 16, 8, 17]]"
12a_0532_109,"[[7, 16, 8, 17], [9, 3, 10, 2], [11, 15, 12, 14], [13, 23, 14, 22], [15, 1, 16, 24], [17, 4, 18, 5], [19, 6, 20, 7], [21, 13, 22, 12], [23, 21, 24, 20], [1, 11, 2, 10], [3, 9, 4, 8], [5, 18, 6, 19]]"
12a_0532_110,"[[5, 18, 6, 19], [7, 16, 8, 17], [9, 3, 10, 2], [11, 15, 12, 14], [13, 23, 14, 22], [15, 1, 16, 24], [17, 4, 18, 5], [19, 6, 20, 7], [21, 13, 22, 12], [23, 21, 24, 20], [1, 11, 2, 10], [3, 9, 4, 8]]"
12a_0532_111,"[[3, 9, 4, 8], [5, 18, 6, 19], [7, 16, 8, 17], [9, 3, 10, 2], [11, 15, 12, 14], [13, 23, 14, 22], [15, 1, 16, 24], [17, 4, 18, 5], [19, 6, 20, 7], [21, 13, 22, 12], [23, 21, 24, 20], [1, 11, 2, 10]]"
12a_0532_112,"[[1, 11, 2, 10], [3, 9, 4, 8], [5, 18, 6, 19], [7, 16, 8, 17], [9, 3, 10, 2], [11, 15, 12, 14], [13, 23, 14, 22], [15, 1, 16, 24], [17, 4, 18, 5], [19, 6, 20, 7], [21, 13, 22, 12], [23, 21, 24, 20]]"
12a_0532_113,"[[23, 21, 24, 20], [1, 11, 2, 10], [3, 9, 4, 8], [5, 18, 6, 19], [7, 16, 8, 17], [9, 3, 10, 2], [11, 15, 12, 14], [13, 23, 14, 22], [15, 1, 16, 24], [17, 4, 18, 5], [19, 6, 20, 7], [21, 13, 22, 12]]"
12a_0532_114,"[[21, 13, 22, 12], [23, 21, 24, 20], [1, 11, 2, 10], [3, 9, 4, 8], [5, 18, 6, 19], [7, 16, 8, 17], [9, 3, 10, 2], [11, 15, 12, 14], [13, 23, 14, 22], [15, 1, 16, 24], [17, 4, 18, 5], [19, 6, 20, 7]]"
12a_0532_115,"[[19, 6, 20, 7], [21, 13, 22, 12], [23, 21, 24, 20], [1, 11, 2, 10], [3, 9, 4, 8], [5, 18, 6, 19], [7, 16, 8, 17], [9, 3, 10, 2], [11, 15, 12, 14], [13, 23, 14, 22], [15, 1, 16, 24], [17, 4, 18, 5]]"
12a_0532_116,"[[17, 4, 18, 5], [19, 6, 20, 7], [21, 13, 22, 12], [23, 21, 24, 20], [1, 11, 2, 10], [3, 9, 4, 8], [5, 18, 6, 19], [7, 16, 8, 17], [9, 3, 10, 2], [11, 15, 12, 14], [13, 23, 14, 22], [15, 1, 16, 24]]"
12a_0532_117,"[[15, 1, 16, 24], [17, 4, 18, 5], [19, 6, 20, 7], [21, 13, 22, 12], [23, 21, 24, 20], [1, 11, 2, 10], [3, 9, 4, 8], [5, 18, 6, 19], [7, 16, 8, 17], [9, 3, 10, 2], [11, 15, 12, 14], [13, 23, 14, 22]]"
12a_0532_118,"[[13, 23, 14, 22], [15, 1, 16, 24], [17, 4, 18, 5], [19, 6, 20, 7], [21, 13, 22, 12], [23, 21, 24, 20], [1, 11, 2, 10], [3, 9, 4, 8], [5, 18, 6, 19], [7, 16, 8, 17], [9, 3, 10, 2], [11, 15, 12, 14]]"
12a_0532_119,"[[11, 15, 12, 14], [13, 23, 14, 22], [15, 1, 16, 24], [17, 4, 18, 5], [19, 6, 20, 7], [21, 13, 22, 12], [23, 21, 24, 20], [1, 11, 2, 10], [3, 9, 4, 8], [5, 18, 6, 19], [7, 16, 8, 17], [9, 3, 10, 2]]"
12a_0532_120,"[[10, 4, 11, 3], [12, 16, 13, 15], [14, 24, 15, 23], [16, 2, 17, 1], [18, 5, 19, 6], [20, 7, 21, 8], [22, 14, 23, 13], [24, 22, 1, 21], [2, 12, 3, 11], [4, 10, 5, 9], [6, 19, 7, 20], [8, 17, 9, 18]]"
12a_0532_121,"[[8, 17, 9, 18], [10, 4, 11, 3], [12, 16, 13, 15], [14, 24, 15, 23], [16, 2, 17, 1], [18, 5, 19, 6], [20, 7, 21, 8], [22, 14, 23, 13], [24, 22, 1, 21], [2, 12, 3, 11], [4, 10, 5, 9], [6, 19, 7, 20]]"
12a_0532_122,"[[6, 19, 7, 20], [8, 17, 9, 18], [10, 4, 11, 3], [12, 16, 13, 15], [14, 24, 15, 23], [16, 2, 17, 1], [18, 5, 19, 6], [20, 7, 21, 8], [22, 14, 23, 13], [24, 22, 1, 21], [2, 12, 3, 11], [4, 10, 5, 9]]"
12a_0532_123,"[[4, 10, 5, 9], [6, 19, 7, 20], [8, 17, 9, 18], [10, 4, 11, 3], [12, 16, 13, 15], [14, 24, 15, 23], [16, 2, 17, 1], [18, 5, 19, 6], [20, 7, 21, 8], [22, 14, 23, 13], [24, 22, 1, 21], [2, 12, 3, 11]]"
12a_0532_124,"[[2, 12, 3, 11], [4, 10, 5, 9], [6, 19, 7, 20], [8, 17, 9, 18], [10, 4, 11, 3], [12, 16, 13, 15], [14, 24, 15, 23], [16, 2, 17, 1], [18, 5, 19, 6], [20, 7, 21, 8], [22, 14, 23, 13], [24, 22, 1, 21]]"
12a_0532_125,"[[24, 22, 1, 21], [2, 12, 3, 11], [4, 10, 5, 9], [6, 19, 7, 20], [8, 17, 9, 18], [10, 4, 11, 3], [12, 16, 13, 15], [14, 24, 15, 23], [16, 2, 17, 1], [18, 5, 19, 6], [20, 7, 21, 8], [22, 14, 23, 13]]"
12a_0532_126,"[[22, 14, 23, 13], [24, 22, 1, 21], [2, 12, 3, 11], [4, 10, 5, 9], [6, 19, 7, 20], [8, 17, 9, 18], [10, 4, 11, 3], [12, 16, 13, 15], [14, 24, 15, 23], [16, 2, 17, 1], [18, 5, 19, 6], [20, 7, 21, 8]]"
12a_0532_127,"[[20, 7, 21, 8], [22, 14, 23, 13], [24, 22, 1, 21], [2, 12, 3, 11], [4, 10, 5, 9], [6, 19, 7, 20], [8, 17, 9, 18], [10, 4, 11, 3], [12, 16, 13, 15], [14, 24, 15, 23], [16, 2, 17, 1], [18, 5, 19, 6]]"
12a_0532_128,"[[18, 5, 19, 6], [20, 7, 21, 8], [22, 14, 23, 13], [24, 22, 1, 21], [2, 12, 3, 11], [4, 10, 5, 9], [6, 19, 7, 20], [8, 17, 9, 18], [10, 4, 11, 3], [12, 16, 13, 15], [14, 24, 15, 23], [16, 2, 17, 1]]"
12a_0532_129,"[[16, 2, 17, 1], [18, 5, 19, 6], [20, 7, 21, 8], [22, 14, 23, 13], [24, 22, 1, 21], [2, 12, 3, 11], [4, 10, 5, 9], [6, 19, 7, 20], [8, 17, 9, 18], [10, 4, 11, 3], [12, 16, 13, 15], [14, 24, 15, 23]]"
12a_0532_130,"[[14, 24, 15, 23], [16, 2, 17, 1], [18, 5, 19, 6], [20, 7, 21, 8], [22, 14, 23, 13], [24, 22, 1, 21], [2, 12, 3, 11], [4, 10, 5, 9], [6, 19, 7, 20], [8, 17, 9, 18], [10, 4, 11, 3], [12, 16, 13, 15]]"
12a_0532_131,"[[12, 16, 13, 15], [14, 24, 15, 23], [16, 2, 17, 1], [18, 5, 19, 6], [20, 7, 21, 8], [22, 14, 23, 13], [24, 22, 1, 21], [2, 12, 3, 11], [4, 10, 5, 9], [6, 19, 7, 20], [8, 17, 9, 18], [10, 4, 11, 3]]"
12a_0532_132,"[[11, 5, 12, 4], [13, 17, 14, 16], [15, 1, 16, 24], [17, 3, 18, 2], [19, 6, 20, 7], [21, 8, 22, 9], [23, 15, 24, 14], [1, 23, 2, 22], [3, 13, 4, 12], [5, 11, 6, 10], [7, 20, 8, 21], [9, 18, 10, 19]]"
12a_0532_133,"[[9, 18, 10, 19], [11, 5, 12, 4], [13, 17, 14, 16], [15, 1, 16, 24], [17, 3, 18, 2], [19, 6, 20, 7], [21, 8, 22, 9], [23, 15, 24, 14], [1, 23, 2, 22], [3, 13, 4, 12], [5, 11, 6, 10], [7, 20, 8, 21]]"
12a_0532_134,"[[7, 20, 8, 21], [9, 18, 10, 19], [11, 5, 12, 4], [13, 17, 14, 16], [15, 1, 16, 24], [17, 3, 18, 2], [19, 6, 20, 7], [21, 8, 22, 9], [23, 15, 24, 14], [1, 23, 2, 22], [3, 13, 4, 12], [5, 11, 6, 10]]"
12a_0532_135,"[[5, 11, 6, 10], [7, 20, 8, 21], [9, 18, 10, 19], [11, 5, 12, 4], [13, 17, 14, 16], [15, 1, 16, 24], [17, 3, 18, 2], [19, 6, 20, 7], [21, 8, 22, 9], [23, 15, 24, 14], [1, 23, 2, 22], [3, 13, 4, 12]]"
12a_0532_136,"[[3, 13, 4, 12], [5, 11, 6, 10], [7, 20, 8, 21], [9, 18, 10, 19], [11, 5, 12, 4], [13, 17, 14, 16], [15, 1, 16, 24], [17, 3, 18, 2], [19, 6, 20, 7], [21, 8, 22, 9], [23, 15, 24, 14], [1, 23, 2, 22]]"
12a_0532_137,"[[1, 23, 2, 22], [3, 13, 4, 12], [5, 11, 6, 10], [7, 20, 8, 21], [9, 18, 10, 19], [11, 5, 12, 4], [13, 17, 14, 16], [15, 1, 16, 24], [17, 3, 18, 2], [19, 6, 20, 7], [21, 8, 22, 9], [23, 15, 24, 14]]"
12a_0532_138,"[[23, 15, 24, 14], [1, 23, 2, 22], [3, 13, 4, 12], [5, 11, 6, 10], [7, 20, 8, 21], [9, 18, 10, 19], [11, 5, 12, 4], [13, 17, 14, 16], [15, 1, 16, 24], [17, 3, 18, 2], [19, 6, 20, 7], [21, 8, 22, 9]]"
12a_0532_139,"[[21, 8, 22, 9], [23, 15, 24, 14], [1, 23, 2, 22], [3, 13, 4, 12], [5, 11, 6, 10], [7, 20, 8, 21], [9, 18, 10, 19], [11, 5, 12, 4], [13, 17, 14, 16], [15, 1, 16, 24], [17, 3, 18, 2], [19, 6, 20, 7]]"
12a_0532_140,"[[19, 6, 20, 7], [21, 8, 22, 9], [23, 15, 24, 14], [1, 23, 2, 22], [3, 13, 4, 12], [5, 11, 6, 10], [7, 20, 8, 21], [9, 18, 10, 19], [11, 5, 12, 4], [13, 17, 14, 16], [15, 1, 16, 24], [17, 3, 18, 2]]"
12a_0532_141,"[[17, 3, 18, 2], [19, 6, 20, 7], [21, 8, 22, 9], [23, 15, 24, 14], [1, 23, 2, 22], [3, 13, 4, 12], [5, 11, 6, 10], [7, 20, 8, 21], [9, 18, 10, 19], [11, 5, 12, 4], [13, 17, 14, 16], [15, 1, 16, 24]]"
12a_0532_142,"[[15, 1, 16, 24], [17, 3, 18, 2], [19, 6, 20, 7], [21, 8, 22, 9], [23, 15, 24, 14], [1, 23, 2, 22], [3, 13, 4, 12], [5, 11, 6, 10], [7, 20, 8, 21], [9, 18, 10, 19], [11, 5, 12, 4], [13, 17, 14, 16]]"
12a_0532_143,"[[13, 17, 14, 16], [15, 1, 16, 24], [17, 3, 18, 2], [19, 6, 20, 7], [21, 8, 22, 9], [23, 15, 24, 14], [1, 23, 2, 22], [3, 13, 4, 12], [5, 11, 6, 10], [7, 20, 8, 21], [9, 18, 10, 19], [11, 5, 12, 4]]"
12a_0532_144,"[[12, 6, 13, 5], [14, 18, 15, 17], [16, 2, 17, 1], [18, 4, 19, 3], [20, 7, 21, 8], [22, 9, 23, 10], [24, 16, 1, 15], [2, 24, 3, 23], [4, 14, 5, 13], [6, 12, 7, 11], [8, 21, 9, 22], [10, 19, 11, 20]]"
12a_0532_145,"[[10, 19, 11, 20], [12, 6, 13, 5], [14, 18, 15, 17], [16, 2, 17, 1], [18, 4, 19, 3], [20, 7, 21, 8], [22, 9, 23, 10], [24, 16, 1, 15], [2, 24, 3, 23], [4, 14, 5, 13], [6, 12, 7, 11], [8, 21, 9, 22]]"
12a_0532_146,"[[8, 21, 9, 22], [10, 19, 11, 20], [12, 6, 13, 5], [14, 18, 15, 17], [16, 2, 17, 1], [18, 4, 19, 3], [20, 7, 21, 8], [22, 9, 23, 10], [24, 16, 1, 15], [2, 24, 3, 23], [4, 14, 5, 13], [6, 12, 7, 11]]"
12a_0532_147,"[[6, 12, 7, 11], [8, 21, 9, 22], [10, 19, 11, 20], [12, 6, 13, 5], [14, 18, 15, 17], [16, 2, 17, 1], [18, 4, 19, 3], [20, 7, 21, 8], [22, 9, 23, 10], [24, 16, 1, 15], [2, 24, 3, 23], [4, 14, 5, 13]]"
12a_0532_148,"[[4, 14, 5, 13], [6, 12, 7, 11], [8, 21, 9, 22], [10, 19, 11, 20], [12, 6, 13, 5], [14, 18, 15, 17], [16, 2, 17, 1], [18, 4, 19, 3], [20, 7, 21, 8], [22, 9, 23, 10], [24, 16, 1, 15], [2, 24, 3, 23]]"
12a_0532_149,"[[2, 24, 3, 23], [4, 14, 5, 13], [6, 12, 7, 11], [8, 21, 9, 22], [10, 19, 11, 20], [12, 6, 13, 5], [14, 18, 15, 17], [16, 2, 17, 1], [18, 4, 19, 3], [20, 7, 21, 8], [22, 9, 23, 10], [24, 16, 1, 15]]"
12a_0532_150,"[[24, 16, 1, 15], [2, 24, 3, 23], [4, 14, 5, 13], [6, 12, 7, 11], [8, 21, 9, 22], [10, 19, 11, 20], [12, 6, 13, 5], [14, 18, 15, 17], [16, 2, 17, 1], [18, 4, 19, 3], [20, 7, 21, 8], [22, 9, 23, 10]]"
12a_0532_151,"[[22, 9, 23, 10], [24, 16, 1, 15], [2, 24, 3, 23], [4, 14, 5, 13], [6, 12, 7, 11], [8, 21, 9, 22], [10, 19, 11, 20], [12, 6, 13, 5], [14, 18, 15, 17], [16, 2, 17, 1], [18, 4, 19, 3], [20, 7, 21, 8]]"
12a_0532_152,"[[20, 7, 21, 8], [22, 9, 23, 10], [24, 16, 1, 15], [2, 24, 3, 23], [4, 14, 5, 13], [6, 12, 7, 11], [8, 21, 9, 22], [10, 19, 11, 20], [12, 6, 13, 5], [14, 18, 15, 17], [16, 2, 17, 1], [18, 4, 19, 3]]"
12a_0532_153,"[[18, 4, 19, 3], [20, 7, 21, 8], [22, 9, 23, 10], [24, 16, 1, 15], [2, 24, 3, 23], [4, 14, 5, 13], [6, 12, 7, 11], [8, 21, 9, 22], [10, 19, 11, 20], [12, 6, 13, 5], [14, 18, 15, 17], [16, 2, 17, 1]]"
12a_0532_154,"[[16, 2, 17, 1], [18, 4, 19, 3], [20, 7, 21, 8], [22, 9, 23, 10], [24, 16, 1, 15], [2, 24, 3, 23], [4, 14, 5, 13], [6, 12, 7, 11], [8, 21, 9, 22], [10, 19, 11, 20], [12, 6, 13, 5], [14, 18, 15, 17]]"
12a_0532_155,"[[14, 18, 15, 17], [16, 2, 17, 1], [18, 4, 19, 3], [20, 7, 21, 8], [22, 9, 23, 10], [24, 16, 1, 15], [2, 24, 3, 23], [4, 14, 5, 13], [6, 12, 7, 11], [8, 21, 9, 22], [10, 19, 11, 20], [12, 6, 13, 5]]"
12a_0532_156,"[[13, 7, 14, 6], [15, 19, 16, 18], [17, 3, 18, 2], [19, 5, 20, 4], [21, 8, 22, 9], [23, 10, 24, 11], [1, 17, 2, 16], [3, 1, 4, 24], [5, 15, 6, 14], [7, 13, 8, 12], [9, 22, 10, 23], [11, 20, 12, 21]]"
12a_0532_157,"[[11, 20, 12, 21], [13, 7, 14, 6], [15, 19, 16, 18], [17, 3, 18, 2], [19, 5, 20, 4], [21, 8, 22, 9], [23, 10, 24, 11], [1, 17, 2, 16], [3, 1, 4, 24], [5, 15, 6, 14], [7, 13, 8, 12], [9, 22, 10, 23]]"
12a_0532_158,"[[9, 22, 10, 23], [11, 20, 12, 21], [13, 7, 14, 6], [15, 19, 16, 18], [17, 3, 18, 2], [19, 5, 20, 4], [21, 8, 22, 9], [23, 10, 24, 11], [1, 17, 2, 16], [3, 1, 4, 24], [5, 15, 6, 14], [7, 13, 8, 12]]"
12a_0532_159,"[[7, 13, 8, 12], [9, 22, 10, 23], [11, 20, 12, 21], [13, 7, 14, 6], [15, 19, 16, 18], [17, 3, 18, 2], [19, 5, 20, 4], [21, 8, 22, 9], [23, 10, 24, 11], [1, 17, 2, 16], [3, 1, 4, 24], [5, 15, 6, 14]]"
12a_0532_160,"[[5, 15, 6, 14], [7, 13, 8, 12], [9, 22, 10, 23], [11, 20, 12, 21], [13, 7, 14, 6], [15, 19, 16, 18], [17, 3, 18, 2], [19, 5, 20, 4], [21, 8, 22, 9], [23, 10, 24, 11], [1, 17, 2, 16], [3, 1, 4, 24]]"
12a_0532_161,"[[3, 1, 4, 24], [5, 15, 6, 14], [7, 13, 8, 12], [9, 22, 10, 23], [11, 20, 12, 21], [13, 7, 14, 6], [15, 19, 16, 18], [17, 3, 18, 2], [19, 5, 20, 4], [21, 8, 22, 9], [23, 10, 24, 11], [1, 17, 2, 16]]"
12a_0532_162,"[[1, 17, 2, 16], [3, 1, 4, 24], [5, 15, 6, 14], [7, 13, 8, 12], [9, 22, 10, 23], [11, 20, 12, 21], [13, 7, 14, 6], [15, 19, 16, 18], [17, 3, 18, 2], [19, 5, 20, 4], [21, 8, 22, 9], [23, 10, 24, 11]]"
12a_0532_163,"[[23, 10, 24, 11], [1, 17, 2, 16], [3, 1, 4, 24], [5, 15, 6, 14], [7, 13, 8, 12], [9, 22, 10, 23], [11, 20, 12, 21], [13, 7, 14, 6], [15, 19, 16, 18], [17, 3, 18, 2], [19, 5, 20, 4], [21, 8, 22, 9]]"
12a_0532_164,"[[21, 8, 22, 9], [23, 10, 24, 11], [1, 17, 2, 16], [3, 1, 4, 24], [5, 15, 6, 14], [7, 13, 8, 12], [9, 22, 10, 23], [11, 20, 12, 21], [13, 7, 14, 6], [15, 19, 16, 18], [17, 3, 18, 2], [19, 5, 20, 4]]"
12a_0532_165,"[[19, 5, 20, 4], [21, 8, 22, 9], [23, 10, 24, 11], [1, 17, 2, 16], [3, 1, 4, 24], [5, 15, 6, 14], [7, 13, 8, 12], [9, 22, 10, 23], [11, 20, 12, 21], [13, 7, 14, 6], [15, 19, 16, 18], [17, 3, 18, 2]]"
12a_0532_166,"[[17, 3, 18, 2], [19, 5, 20, 4], [21, 8, 22, 9], [23, 10, 24, 11], [1, 17, 2, 16], [3, 1, 4, 24], [5, 15, 6, 14], [7, 13, 8, 12], [9, 22, 10, 23], [11, 20, 12, 21], [13, 7, 14, 6], [15, 19, 16, 18]]"
12a_0532_167,"[[15, 19, 16, 18], [17, 3, 18, 2], [19, 5, 20, 4], [21, 8, 22, 9], [23, 10, 24, 11], [1, 17, 2, 16], [3, 1, 4, 24], [5, 15, 6, 14], [7, 13, 8, 12], [9, 22, 10, 23], [11, 20, 12, 21], [13, 7, 14, 6]]"
12a_0532_168,"[[14, 8, 15, 7], [16, 20, 17, 19], [18, 4, 19, 3], [20, 6, 21, 5], [22, 9, 23, 10], [24, 11, 1, 12], [2, 18, 3, 17], [4, 2, 5, 1], [6, 16, 7, 15], [8, 14, 9, 13], [10, 23, 11, 24], [12, 21, 13, 22]]"
12a_0532_169,"[[12, 21, 13, 22], [14, 8, 15, 7], [16, 20, 17, 19], [18, 4, 19, 3], [20, 6, 21, 5], [22, 9, 23, 10], [24, 11, 1, 12], [2, 18, 3, 17], [4, 2, 5, 1], [6, 16, 7, 15], [8, 14, 9, 13], [10, 23, 11, 24]]"
12a_0532_170,"[[10, 23, 11, 24], [12, 21, 13, 22], [14, 8, 15, 7], [16, 20, 17, 19], [18, 4, 19, 3], [20, 6, 21, 5], [22, 9, 23, 10], [24, 11, 1, 12], [2, 18, 3, 17], [4, 2, 5, 1], [6, 16, 7, 15], [8, 14, 9, 13]]"
12a_0532_171,"[[8, 14, 9, 13], [10, 23, 11, 24], [12, 21, 13, 22], [14, 8, 15, 7], [16, 20, 17, 19], [18, 4, 19, 3], [20, 6, 21, 5], [22, 9, 23, 10], [24, 11, 1, 12], [2, 18, 3, 17], [4, 2, 5, 1], [6, 16, 7, 15]]"
12a_0532_172,"[[6, 16, 7, 15], [8, 14, 9, 13], [10, 23, 11, 24], [12, 21, 13, 22], [14, 8, 15, 7], [16, 20, 17, 19], [18, 4, 19, 3], [20, 6, 21, 5], [22, 9, 23, 10], [24, 11, 1, 12], [2, 18, 3, 17], [4, 2, 5, 1]]"
12a_0532_173,"[[4, 2, 5, 1], [6, 16, 7, 15], [8, 14, 9, 13], [10, 23, 11, 24], [12, 21, 13, 22], [14, 8, 15, 7], [16, 20, 17, 19], [18, 4, 19, 3], [20, 6, 21, 5], [22, 9, 23, 10], [24, 11, 1, 12], [2, 18, 3, 17]]"
12a_0532_174,"[[2, 18, 3, 17], [4, 2, 5, 1], [6, 16, 7, 15], [8, 14, 9, 13], [10, 23, 11, 24], [12, 21, 13, 22], [14, 8, 15, 7], [16, 20, 17, 19], [18, 4, 19, 3], [20, 6, 21, 5], [22, 9, 23, 10], [24, 11, 1, 12]]"
12a_0532_175,"[[24, 11, 1, 12], [2, 18, 3, 17], [4, 2, 5, 1], [6, 16, 7, 15], [8, 14, 9, 13], [10, 23, 11, 24], [12, 21, 13, 22], [14, 8, 15, 7], [16, 20, 17, 19], [18, 4, 19, 3], [20, 6, 21, 5], [22, 9, 23, 10]]"
12a_0532_176,"[[22, 9, 23, 10], [24, 11, 1, 12], [2, 18, 3, 17], [4, 2, 5, 1], [6, 16, 7, 15], [8, 14, 9, 13], [10, 23, 11, 24], [12, 21, 13, 22], [14, 8, 15, 7], [16, 20, 17, 19], [18, 4, 19, 3], [20, 6, 21, 5]]"
12a_0532_177,"[[20, 6, 21, 5], [22, 9, 23, 10], [24, 11, 1, 12], [2, 18, 3, 17], [4, 2, 5, 1], [6, 16, 7, 15], [8, 14, 9, 13], [10, 23, 11, 24], [12, 21, 13, 22], [14, 8, 15, 7], [16, 20, 17, 19], [18, 4, 19, 3]]"
12a_0532_178,"[[18, 4, 19, 3], [20, 6, 21, 5], [22, 9, 23, 10], [24, 11, 1, 12], [2, 18, 3, 17], [4, 2, 5, 1], [6, 16, 7, 15], [8, 14, 9, 13], [10, 23, 11, 24], [12, 21, 13, 22], [14, 8, 15, 7], [16, 20, 17, 19]]"
12a_0532_179,"[[16, 20, 17, 19], [18, 4, 19, 3], [20, 6, 21, 5], [22, 9, 23, 10], [24, 11, 1, 12], [2, 18, 3, 17], [4, 2, 5, 1], [6, 16, 7, 15], [8, 14, 9, 13], [10, 23, 11, 24], [12, 21, 13, 22], [14, 8, 15, 7]]"
12a_0532_180,"[[15, 9, 16, 8], [17, 21, 18, 20], [19, 5, 20, 4], [21, 7, 22, 6], [23, 10, 24, 11], [1, 12, 2, 13], [3, 19, 4, 18], [5, 3, 6, 2], [7, 17, 8, 16], [9, 15, 10, 14], [11, 24, 12, 1], [13, 22, 14, 23]]"
12a_0532_181,"[[13, 22, 14, 23], [15, 9, 16, 8], [17, 21, 18, 20], [19, 5, 20, 4], [21, 7, 22, 6], [23, 10, 24, 11], [1, 12, 2, 13], [3, 19, 4, 18], [5, 3, 6, 2], [7, 17, 8, 16], [9, 15, 10, 14], [11, 24, 12, 1]]"
12a_0532_182,"[[11, 24, 12, 1], [13, 22, 14, 23], [15, 9, 16, 8], [17, 21, 18, 20], [19, 5, 20, 4], [21, 7, 22, 6], [23, 10, 24, 11], [1, 12, 2, 13], [3, 19, 4, 18], [5, 3, 6, 2], [7, 17, 8, 16], [9, 15, 10, 14]]"
12a_0532_183,"[[9, 15, 10, 14], [11, 24, 12, 1], [13, 22, 14, 23], [15, 9, 16, 8], [17, 21, 18, 20], [19, 5, 20, 4], [21, 7, 22, 6], [23, 10, 24, 11], [1, 12, 2, 13], [3, 19, 4, 18], [5, 3, 6, 2], [7, 17, 8, 16]]"
12a_0532_184,"[[7, 17, 8, 16], [9, 15, 10, 14], [11, 24, 12, 1], [13, 22, 14, 23], [15, 9, 16, 8], [17, 21, 18, 20], [19, 5, 20, 4], [21, 7, 22, 6], [23, 10, 24, 11], [1, 12, 2, 13], [3, 19, 4, 18], [5, 3, 6, 2]]"
12a_0532_185,"[[5, 3, 6, 2], [7, 17, 8, 16], [9, 15, 10, 14], [11, 24, 12, 1], [13, 22, 14, 23], [15, 9, 16, 8], [17, 21, 18, 20], [19, 5, 20, 4], [21, 7, 22, 6], [23, 10, 24, 11], [1, 12, 2, 13], [3, 19, 4, 18]]"
