name,pd_notation
12a_1250_0,"[[24, 18, 1, 17], [2, 10, 3, 9], [4, 14, 5, 13], [6, 15, 7, 16], [8, 19, 9, 20], [10, 4, 11, 3], [12, 21, 13, 22], [14, 24, 15, 23], [16, 7, 17, 8], [18, 2, 19, 1], [20, 11, 21, 12], [22, 5, 23, 6]]"
12a_1250_1,"[[22, 5, 23, 6], [24, 18, 1, 17], [2, 10, 3, 9], [4, 14, 5, 13], [6, 15, 7, 16], [8, 19, 9, 20], [10, 4, 11, 3], [12, 21, 13, 22], [14, 24, 15, 23], [16, 7, 17, 8], [18, 2, 19, 1], [20, 11, 21, 12]]"
12a_1250_2,"[[20, 11, 21, 12], [22, 5, 23, 6], [24, 18, 1, 17], [2, 10, 3, 9], [4, 14, 5, 13], [6, 15, 7, 16], [8, 19, 9, 20], [10, 4, 11, 3], [12, 21, 13, 22], [14, 24, 15, 23], [16, 7, 17, 8], [18, 2, 19, 1]]"
12a_1250_3,"[[18, 2, 19, 1], [20, 11, 21, 12], [22, 5, 23, 6], [24, 18, 1, 17], [2, 10, 3, 9], [4, 14, 5, 13], [6, 15, 7, 16], [8, 19, 9, 20], [10, 4, 11, 3], [12, 21, 13, 22], [14, 24, 15, 23], [16, 7, 17, 8]]"
12a_1250_4,"[[16, 7, 17, 8], [18, 2, 19, 1], [20, 11, 21, 12], [22, 5, 23, 6], [24, 18, 1, 17], [2, 10, 3, 9], [4, 14, 5, 13], [6, 15, 7, 16], [8, 19, 9, 20], [10, 4, 11, 3], [12, 21, 13, 22], [14, 24, 15, 23]]"
12a_1250_5,"[[14, 24, 15, 23], [16, 7, 17, 8], [18, 2, 19, 1], [20, 11, 21, 12], [22, 5, 23, 6], [24, 18, 1, 17], [2, 10, 3, 9], [4, 14, 5, 13], [6, 15, 7, 16], [8, 19, 9, 20], [10, 4, 11, 3], [12, 21, 13, 22]]"
12a_1250_6,"[[12, 21, 13, 22], [14, 24, 15, 23], [16, 7, 17, 8], [18, 2, 19, 1], [20, 11, 21, 12], [22, 5, 23, 6], [24, 18, 1, 17], [2, 10, 3, 9], [4, 14, 5, 13], [6, 15, 7, 16], [8, 19, 9, 20], [10, 4, 11, 3]]"
12a_1250_7,"[[10, 4, 11, 3], [12, 21, 13, 22], [14, 24, 15, 23], [16, 7, 17, 8], [18, 2, 19, 1], [20, 11, 21, 12], [22, 5, 23, 6], [24, 18, 1, 17], [2, 10, 3, 9], [4, 14, 5, 13], [6, 15, 7, 16], [8, 19, 9, 20]]"
12a_1250_8,"[[8, 19, 9, 20], [10, 4, 11, 3], [12, 21, 13, 22], [14, 24, 15, 23], [16, 7, 17, 8], [18, 2, 19, 1], [20, 11, 21, 12], [22, 5, 23, 6], [24, 18, 1, 17], [2, 10, 3, 9], [4, 14, 5, 13], [6, 15, 7, 16]]"
12a_1250_9,"[[6, 15, 7, 16], [8, 19, 9, 20], [10, 4, 11, 3], [12, 21, 13, 22], [14, 24, 15, 23], [16, 7, 17, 8], [18, 2, 19, 1], [20, 11, 21, 12], [22, 5, 23, 6], [24, 18, 1, 17], [2, 10, 3, 9], [4, 14, 5, 13]]"
12a_1250_10,"[[4, 14, 5, 13], [6, 15, 7, 16], [8, 19, 9, 20], [10, 4, 11, 3], [12, 21, 13, 22], [14, 24, 15, 23], [16, 7, 17, 8], [18, 2, 19, 1], [20, 11, 21, 12], [22, 5, 23, 6], [24, 18, 1, 17], [2, 10, 3, 9]]"
12a_1250_11,"[[2, 10, 3, 9], [4, 14, 5, 13], [6, 15, 7, 16], [8, 19, 9, 20], [10, 4, 11, 3], [12, 21, 13, 22], [14, 24, 15, 23], [16, 7, 17, 8], [18, 2, 19, 1], [20, 11, 21, 12], [22, 5, 23, 6], [24, 18, 1, 17]]"
12a_1250_12,"[[1, 19, 2, 18], [3, 11, 4, 10], [5, 15, 6, 14], [7, 16, 8, 17], [9, 20, 10, 21], [11, 5, 12, 4], [13, 22, 14, 23], [15, 1, 16, 24], [17, 8, 18, 9], [19, 3, 20, 2], [21, 12, 22, 13], [23, 6, 24, 7]]"
12a_1250_13,"[[23, 6, 24, 7], [1, 19, 2, 18], [3, 11, 4, 10], [5, 15, 6, 14], [7, 16, 8, 17], [9, 20, 10, 21], [11, 5, 12, 4], [13, 22, 14, 23], [15, 1, 16, 24], [17, 8, 18, 9], [19, 3, 20, 2], [21, 12, 22, 13]]"
12a_1250_14,"[[21, 12, 22, 13], [23, 6, 24, 7], [1, 19, 2, 18], [3, 11, 4, 10], [5, 15, 6, 14], [7, 16, 8, 17], [9, 20, 10, 21], [11, 5, 12, 4], [13, 22, 14, 23], [15, 1, 16, 24], [17, 8, 18, 9], [19, 3, 20, 2]]"
12a_1250_15,"[[19, 3, 20, 2], [21, 12, 22, 13], [23, 6, 24, 7], [1, 19, 2, 18], [3, 11, 4, 10], [5, 15, 6, 14], [7, 16, 8, 17], [9, 20, 10, 21], [11, 5, 12, 4], [13, 22, 14, 23], [15, 1, 16, 24], [17, 8, 18, 9]]"
12a_1250_16,"[[17, 8, 18, 9], [19, 3, 20, 2], [21, 12, 22, 13], [23, 6, 24, 7], [1, 19, 2, 18], [3, 11, 4, 10], [5, 15, 6, 14], [7, 16, 8, 17], [9, 20, 10, 21], [11, 5, 12, 4], [13, 22, 14, 23], [15, 1, 16, 24]]"
12a_1250_17,"[[15, 1, 16, 24], [17, 8, 18, 9], [19, 3, 20, 2], [21, 12, 22, 13], [23, 6, 24, 7], [1, 19, 2, 18], [3, 11, 4, 10], [5, 15, 6, 14], [7, 16, 8, 17], [9, 20, 10, 21], [11, 5, 12, 4], [13, 22, 14, 23]]"
12a_1250_18,"[[13, 22, 14, 23], [15, 1, 16, 24], [17, 8, 18, 9], [19, 3, 20, 2], [21, 12, 22, 13], [23, 6, 24, 7], [1, 19, 2, 18], [3, 11, 4, 10], [5, 15, 6, 14], [7, 16, 8, 17], [9, 20, 10, 21], [11, 5, 12, 4]]"
12a_1250_19,"[[11, 5, 12, 4], [13, 22, 14, 23], [15, 1, 16, 24], [17, 8, 18, 9], [19, 3, 20, 2], [21, 12, 22, 13], [23, 6, 24, 7], [1, 19, 2, 18], [3, 11, 4, 10], [5, 15, 6, 14], [7, 16, 8, 17], [9, 20, 10, 21]]"
12a_1250_20,"[[9, 20, 10, 21], [11, 5, 12, 4], [13, 22, 14, 23], [15, 1, 16, 24], [17, 8, 18, 9], [19, 3, 20, 2], [21, 12, 22, 13], [23, 6, 24, 7], [1, 19, 2, 18], [3, 11, 4, 10], [5, 15, 6, 14], [7, 16, 8, 17]]"
12a_1250_21,"[[7, 16, 8, 17], [9, 20, 10, 21], [11, 5, 12, 4], [13, 22, 14, 23], [15, 1, 16, 24], [17, 8, 18, 9], [19, 3, 20, 2], [21, 12, 22, 13], [23, 6, 24, 7], [1, 19, 2, 18], [3, 11, 4, 10], [5, 15, 6, 14]]"
12a_1250_22,"[[5, 15, 6, 14], [7, 16, 8, 17], [9, 20, 10, 21], [11, 5, 12, 4], [13, 22, 14, 23], [15, 1, 16, 24], [17, 8, 18, 9], [19, 3, 20, 2], [21, 12, 22, 13], [23, 6, 24, 7], [1, 19, 2, 18], [3, 11, 4, 10]]"
12a_1250_23,"[[3, 11, 4, 10], [5, 15, 6, 14], [7, 16, 8, 17], [9, 20, 10, 21], [11, 5, 12, 4], [13, 22, 14, 23], [15, 1, 16, 24], [17, 8, 18, 9], [19, 3, 20, 2], [21, 12, 22, 13], [23, 6, 24, 7], [1, 19, 2, 18]]"
12a_1250_24,"[[2, 20, 3, 19], [4, 12, 5, 11], [6, 16, 7, 15], [8, 17, 9, 18], [10, 21, 11, 22], [12, 6, 13, 5], [14, 23, 15, 24], [16, 2, 17, 1], [18, 9, 19, 10], [20, 4, 21, 3], [22, 13, 23, 14], [24, 7, 1, 8]]"
12a_1250_25,"[[24, 7, 1, 8], [2, 20, 3, 19], [4, 12, 5, 11], [6, 16, 7, 15], [8, 17, 9, 18], [10, 21, 11, 22], [12, 6, 13, 5], [14, 23, 15, 24], [16, 2, 17, 1], [18, 9, 19, 10], [20, 4, 21, 3], [22, 13, 23, 14]]"
12a_1250_26,"[[22, 13, 23, 14], [24, 7, 1, 8], [2, 20, 3, 19], [4, 12, 5, 11], [6, 16, 7, 15], [8, 17, 9, 18], [10, 21, 11, 22], [12, 6, 13, 5], [14, 23, 15, 24], [16, 2, 17, 1], [18, 9, 19, 10], [20, 4, 21, 3]]"
12a_1250_27,"[[20, 4, 21, 3], [22, 13, 23, 14], [24, 7, 1, 8], [2, 20, 3, 19], [4, 12, 5, 11], [6, 16, 7, 15], [8, 17, 9, 18], [10, 21, 11, 22], [12, 6, 13, 5], [14, 23, 15, 24], [16, 2, 17, 1], [18, 9, 19, 10]]"
12a_1250_28,"[[18, 9, 19, 10], [20, 4, 21, 3], [22, 13, 23, 14], [24, 7, 1, 8], [2, 20, 3, 19], [4, 12, 5, 11], [6, 16, 7, 15], [8, 17, 9, 18], [10, 21, 11, 22], [12, 6, 13, 5], [14, 23, 15, 24], [16, 2, 17, 1]]"
12a_1250_29,"[[16, 2, 17, 1], [18, 9, 19, 10], [20, 4, 21, 3], [22, 13, 23, 14], [24, 7, 1, 8], [2, 20, 3, 19], [4, 12, 5, 11], [6, 16, 7, 15], [8, 17, 9, 18], [10, 21, 11, 22], [12, 6, 13, 5], [14, 23, 15, 24]]"
12a_1250_30,"[[14, 23, 15, 24], [16, 2, 17, 1], [18, 9, 19, 10], [20, 4, 21, 3], [22, 13, 23, 14], [24, 7, 1, 8], [2, 20, 3, 19], [4, 12, 5, 11], [6, 16, 7, 15], [8, 17, 9, 18], [10, 21, 11, 22], [12, 6, 13, 5]]"
12a_1250_31,"[[12, 6, 13, 5], [14, 23, 15, 24], [16, 2, 17, 1], [18, 9, 19, 10], [20, 4, 21, 3], [22, 13, 23, 14], [24, 7, 1, 8], [2, 20, 3, 19], [4, 12, 5, 11], [6, 16, 7, 15], [8, 17, 9, 18], [10, 21, 11, 22]]"
12a_1250_32,"[[10, 21, 11, 22], [12, 6, 13, 5], [14, 23, 15, 24], [16, 2, 17, 1], [18, 9, 19, 10], [20, 4, 21, 3], [22, 13, 23, 14], [24, 7, 1, 8], [2, 20, 3, 19], [4, 12, 5, 11], [6, 16, 7, 15], [8, 17, 9, 18]]"
12a_1250_33,"[[8, 17, 9, 18], [10, 21, 11, 22], [12, 6, 13, 5], [14, 23, 15, 24], [16, 2, 17, 1], [18, 9, 19, 10], [20, 4, 21, 3], [22, 13, 23, 14], [24, 7, 1, 8], [2, 20, 3, 19], [4, 12, 5, 11], [6, 16, 7, 15]]"
12a_1250_34,"[[6, 16, 7, 15], [8, 17, 9, 18], [10, 21, 11, 22], [12, 6, 13, 5], [14, 23, 15, 24], [16, 2, 17, 1], [18, 9, 19, 10], [20, 4, 21, 3], [22, 13, 23, 14], [24, 7, 1, 8], [2, 20, 3, 19], [4, 12, 5, 11]]"
12a_1250_35,"[[4, 12, 5, 11], [6, 16, 7, 15], [8, 17, 9, 18], [10, 21, 11, 22], [12, 6, 13, 5], [14, 23, 15, 24], [16, 2, 17, 1], [18, 9, 19, 10], [20, 4, 21, 3], [22, 13, 23, 14], [24, 7, 1, 8], [2, 20, 3, 19]]"
12a_1250_36,"[[3, 21, 4, 20], [5, 13, 6, 12], [7, 17, 8, 16], [9, 18, 10, 19], [11, 22, 12, 23], [13, 7, 14, 6], [15, 24, 16, 1], [17, 3, 18, 2], [19, 10, 20, 11], [21, 5, 22, 4], [23, 14, 24, 15], [1, 8, 2, 9]]"
12a_1250_37,"[[1, 8, 2, 9], [3, 21, 4, 20], [5, 13, 6, 12], [7, 17, 8, 16], [9, 18, 10, 19], [11, 22, 12, 23], [13, 7, 14, 6], [15, 24, 16, 1], [17, 3, 18, 2], [19, 10, 20, 11], [21, 5, 22, 4], [23, 14, 24, 15]]"
12a_1250_38,"[[23, 14, 24, 15], [1, 8, 2, 9], [3, 21, 4, 20], [5, 13, 6, 12], [7, 17, 8, 16], [9, 18, 10, 19], [11, 22, 12, 23], [13, 7, 14, 6], [15, 24, 16, 1], [17, 3, 18, 2], [19, 10, 20, 11], [21, 5, 22, 4]]"
12a_1250_39,"[[21, 5, 22, 4], [23, 14, 24, 15], [1, 8, 2, 9], [3, 21, 4, 20], [5, 13, 6, 12], [7, 17, 8, 16], [9, 18, 10, 19], [11, 22, 12, 23], [13, 7, 14, 6], [15, 24, 16, 1], [17, 3, 18, 2], [19, 10, 20, 11]]"
12a_1250_40,"[[19, 10, 20, 11], [21, 5, 22, 4], [23, 14, 24, 15], [1, 8, 2, 9], [3, 21, 4, 20], [5, 13, 6, 12], [7, 17, 8, 16], [9, 18, 10, 19], [11, 22, 12, 23], [13, 7, 14, 6], [15, 24, 16, 1], [17, 3, 18, 2]]"
12a_1250_41,"[[17, 3, 18, 2], [19, 10, 20, 11], [21, 5, 22, 4], [23, 14, 24, 15], [1, 8, 2, 9], [3, 21, 4, 20], [5, 13, 6, 12], [7, 17, 8, 16], [9, 18, 10, 19], [11, 22, 12, 23], [13, 7, 14, 6], [15, 24, 16, 1]]"
12a_1250_42,"[[15, 24, 16, 1], [17, 3, 18, 2], [19, 10, 20, 11], [21, 5, 22, 4], [23, 14, 24, 15], [1, 8, 2, 9], [3, 21, 4, 20], [5, 13, 6, 12], [7, 17, 8, 16], [9, 18, 10, 19], [11, 22, 12, 23], [13, 7, 14, 6]]"
12a_1250_43,"[[13, 7, 14, 6], [15, 24, 16, 1], [17, 3, 18, 2], [19, 10, 20, 11], [21, 5, 22, 4], [23, 14, 24, 15], [1, 8, 2, 9], [3, 21, 4, 20], [5, 13, 6, 12], [7, 17, 8, 16], [9, 18, 10, 19], [11, 22, 12, 23]]"
12a_1250_44,"[[11, 22, 12, 23], [13, 7, 14, 6], [15, 24, 16, 1], [17, 3, 18, 2], [19, 10, 20, 11], [21, 5, 22, 4], [23, 14, 24, 15], [1, 8, 2, 9], [3, 21, 4, 20], [5, 13, 6, 12], [7, 17, 8, 16], [9, 18, 10, 19]]"
12a_1250_45,"[[9, 18, 10, 19], [11, 22, 12, 23], [13, 7, 14, 6], [15, 24, 16, 1], [17, 3, 18, 2], [19, 10, 20, 11], [21, 5, 22, 4], [23, 14, 24, 15], [1, 8, 2, 9], [3, 21, 4, 20], [5, 13, 6, 12], [7, 17, 8, 16]]"
12a_1250_46,"[[7, 17, 8, 16], [9, 18, 10, 19], [11, 22, 12, 23], [13, 7, 14, 6], [15, 24, 16, 1], [17, 3, 18, 2], [19, 10, 20, 11], [21, 5, 22, 4], [23, 14, 24, 15], [1, 8, 2, 9], [3, 21, 4, 20], [5, 13, 6, 12]]"
12a_1250_47,"[[5, 13, 6, 12], [7, 17, 8, 16], [9, 18, 10, 19], [11, 22, 12, 23], [13, 7, 14, 6], [15, 24, 16, 1], [17, 3, 18, 2], [19, 10, 20, 11], [21, 5, 22, 4], [23, 14, 24, 15], [1, 8, 2, 9], [3, 21, 4, 20]]"
12a_1250_48,"[[4, 22, 5, 21], [6, 14, 7, 13], [8, 18, 9, 17], [10, 19, 11, 20], [12, 23, 13, 24], [14, 8, 15, 7], [16, 1, 17, 2], [18, 4, 19, 3], [20, 11, 21, 12], [22, 6, 23, 5], [24, 15, 1, 16], [2, 9, 3, 10]]"
12a_1250_49,"[[2, 9, 3, 10], [4, 22, 5, 21], [6, 14, 7, 13], [8, 18, 9, 17], [10, 19, 11, 20], [12, 23, 13, 24], [14, 8, 15, 7], [16, 1, 17, 2], [18, 4, 19, 3], [20, 11, 21, 12], [22, 6, 23, 5], [24, 15, 1, 16]]"
12a_1250_50,"[[24, 15, 1, 16], [2, 9, 3, 10], [4, 22, 5, 21], [6, 14, 7, 13], [8, 18, 9, 17], [10, 19, 11, 20], [12, 23, 13, 24], [14, 8, 15, 7], [16, 1, 17, 2], [18, 4, 19, 3], [20, 11, 21, 12], [22, 6, 23, 5]]"
12a_1250_51,"[[22, 6, 23, 5], [24, 15, 1, 16], [2, 9, 3, 10], [4, 22, 5, 21], [6, 14, 7, 13], [8, 18, 9, 17], [10, 19, 11, 20], [12, 23, 13, 24], [14, 8, 15, 7], [16, 1, 17, 2], [18, 4, 19, 3], [20, 11, 21, 12]]"
12a_1250_52,"[[20, 11, 21, 12], [22, 6, 23, 5], [24, 15, 1, 16], [2, 9, 3, 10], [4, 22, 5, 21], [6, 14, 7, 13], [8, 18, 9, 17], [10, 19, 11, 20], [12, 23, 13, 24], [14, 8, 15, 7], [16, 1, 17, 2], [18, 4, 19, 3]]"
12a_1250_53,"[[18, 4, 19, 3], [20, 11, 21, 12], [22, 6, 23, 5], [24, 15, 1, 16], [2, 9, 3, 10], [4, 22, 5, 21], [6, 14, 7, 13], [8, 18, 9, 17], [10, 19, 11, 20], [12, 23, 13, 24], [14, 8, 15, 7], [16, 1, 17, 2]]"
12a_1250_54,"[[16, 1, 17, 2], [18, 4, 19, 3], [20, 11, 21, 12], [22, 6, 23, 5], [24, 15, 1, 16], [2, 9, 3, 10], [4, 22, 5, 21], [6, 14, 7, 13], [8, 18, 9, 17], [10, 19, 11, 20], [12, 23, 13, 24], [14, 8, 15, 7]]"
12a_1250_55,"[[14, 8, 15, 7], [16, 1, 17, 2], [18, 4, 19, 3], [20, 11, 21, 12], [22, 6, 23, 5], [24, 15, 1, 16], [2, 9, 3, 10], [4, 22, 5, 21], [6, 14, 7, 13], [8, 18, 9, 17], [10, 19, 11, 20], [12, 23, 13, 24]]"
12a_1250_56,"[[12, 23, 13, 24], [14, 8, 15, 7], [16, 1, 17, 2], [18, 4, 19, 3], [20, 11, 21, 12], [22, 6, 23, 5], [24, 15, 1, 16], [2, 9, 3, 10], [4, 22, 5, 21], [6, 14, 7, 13], [8, 18, 9, 17], [10, 19, 11, 20]]"
12a_1250_57,"[[10, 19, 11, 20], [12, 23, 13, 24], [14, 8, 15, 7], [16, 1, 17, 2], [18, 4, 19, 3], [20, 11, 21, 12], [22, 6, 23, 5], [24, 15, 1, 16], [2, 9, 3, 10], [4, 22, 5, 21], [6, 14, 7, 13], [8, 18, 9, 17]]"
12a_1250_58,"[[8, 18, 9, 17], [10, 19, 11, 20], [12, 23, 13, 24], [14, 8, 15, 7], [16, 1, 17, 2], [18, 4, 19, 3], [20, 11, 21, 12], [22, 6, 23, 5], [24, 15, 1, 16], [2, 9, 3, 10], [4, 22, 5, 21], [6, 14, 7, 13]]"
12a_1250_59,"[[6, 14, 7, 13], [8, 18, 9, 17], [10, 19, 11, 20], [12, 23, 13, 24], [14, 8, 15, 7], [16, 1, 17, 2], [18, 4, 19, 3], [20, 11, 21, 12], [22, 6, 23, 5], [24, 15, 1, 16], [2, 9, 3, 10], [4, 22, 5, 21]]"
12a_1250_60,"[[5, 23, 6, 22], [7, 15, 8, 14], [9, 19, 10, 18], [11, 20, 12, 21], [13, 24, 14, 1], [15, 9, 16, 8], [17, 2, 18, 3], [19, 5, 20, 4], [21, 12, 22, 13], [23, 7, 24, 6], [1, 16, 2, 17], [3, 10, 4, 11]]"
12a_1250_61,"[[3, 10, 4, 11], [5, 23, 6, 22], [7, 15, 8, 14], [9, 19, 10, 18], [11, 20, 12, 21], [13, 24, 14, 1], [15, 9, 16, 8], [17, 2, 18, 3], [19, 5, 20, 4], [21, 12, 22, 13], [23, 7, 24, 6], [1, 16, 2, 17]]"
12a_1250_62,"[[1, 16, 2, 17], [3, 10, 4, 11], [5, 23, 6, 22], [7, 15, 8, 14], [9, 19, 10, 18], [11, 20, 12, 21], [13, 24, 14, 1], [15, 9, 16, 8], [17, 2, 18, 3], [19, 5, 20, 4], [21, 12, 22, 13], [23, 7, 24, 6]]"
12a_1250_63,"[[23, 7, 24, 6], [1, 16, 2, 17], [3, 10, 4, 11], [5, 23, 6, 22], [7, 15, 8, 14], [9, 19, 10, 18], [11, 20, 12, 21], [13, 24, 14, 1], [15, 9, 16, 8], [17, 2, 18, 3], [19, 5, 20, 4], [21, 12, 22, 13]]"
12a_1250_64,"[[21, 12, 22, 13], [23, 7, 24, 6], [1, 16, 2, 17], [3, 10, 4, 11], [5, 23, 6, 22], [7, 15, 8, 14], [9, 19, 10, 18], [11, 20, 12, 21], [13, 24, 14, 1], [15, 9, 16, 8], [17, 2, 18, 3], [19, 5, 20, 4]]"
12a_1250_65,"[[19, 5, 20, 4], [21, 12, 22, 13], [23, 7, 24, 6], [1, 16, 2, 17], [3, 10, 4, 11], [5, 23, 6, 22], [7, 15, 8, 14], [9, 19, 10, 18], [11, 20, 12, 21], [13, 24, 14, 1], [15, 9, 16, 8], [17, 2, 18, 3]]"
12a_1250_66,"[[17, 2, 18, 3], [19, 5, 20, 4], [21, 12, 22, 13], [23, 7, 24, 6], [1, 16, 2, 17], [3, 10, 4, 11], [5, 23, 6, 22], [7, 15, 8, 14], [9, 19, 10, 18], [11, 20, 12, 21], [13, 24, 14, 1], [15, 9, 16, 8]]"
12a_1250_67,"[[15, 9, 16, 8], [17, 2, 18, 3], [19, 5, 20, 4], [21, 12, 22, 13], [23, 7, 24, 6], [1, 16, 2, 17], [3, 10, 4, 11], [5, 23, 6, 22], [7, 15, 8, 14], [9, 19, 10, 18], [11, 20, 12, 21], [13, 24, 14, 1]]"
12a_1250_68,"[[13, 24, 14, 1], [15, 9, 16, 8], [17, 2, 18, 3], [19, 5, 20, 4], [21, 12, 22, 13], [23, 7, 24, 6], [1, 16, 2, 17], [3, 10, 4, 11], [5, 23, 6, 22], [7, 15, 8, 14], [9, 19, 10, 18], [11, 20, 12, 21]]"
12a_1250_69,"[[11, 20, 12, 21], [13, 24, 14, 1], [15, 9, 16, 8], [17, 2, 18, 3], [19, 5, 20, 4], [21, 12, 22, 13], [23, 7, 24, 6], [1, 16, 2, 17], [3, 10, 4, 11], [5, 23, 6, 22], [7, 15, 8, 14], [9, 19, 10, 18]]"
12a_1250_70,"[[9, 19, 10, 18], [11, 20, 12, 21], [13, 24, 14, 1], [15, 9, 16, 8], [17, 2, 18, 3], [19, 5, 20, 4], [21, 12, 22, 13], [23, 7, 24, 6], [1, 16, 2, 17], [3, 10, 4, 11], [5, 23, 6, 22], [7, 15, 8, 14]]"
12a_1250_71,"[[7, 15, 8, 14], [9, 19, 10, 18], [11, 20, 12, 21], [13, 24, 14, 1], [15, 9, 16, 8], [17, 2, 18, 3], [19, 5, 20, 4], [21, 12, 22, 13], [23, 7, 24, 6], [1, 16, 2, 17], [3, 10, 4, 11], [5, 23, 6, 22]]"
12a_1250_72,"[[6, 24, 7, 23], [8, 16, 9, 15], [10, 20, 11, 19], [12, 21, 13, 22], [14, 1, 15, 2], [16, 10, 17, 9], [18, 3, 19, 4], [20, 6, 21, 5], [22, 13, 23, 14], [24, 8, 1, 7], [2, 17, 3, 18], [4, 11, 5, 12]]"
12a_1250_73,"[[4, 11, 5, 12], [6, 24, 7, 23], [8, 16, 9, 15], [10, 20, 11, 19], [12, 21, 13, 22], [14, 1, 15, 2], [16, 10, 17, 9], [18, 3, 19, 4], [20, 6, 21, 5], [22, 13, 23, 14], [24, 8, 1, 7], [2, 17, 3, 18]]"
12a_1250_74,"[[2, 17, 3, 18], [4, 11, 5, 12], [6, 24, 7, 23], [8, 16, 9, 15], [10, 20, 11, 19], [12, 21, 13, 22], [14, 1, 15, 2], [16, 10, 17, 9], [18, 3, 19, 4], [20, 6, 21, 5], [22, 13, 23, 14], [24, 8, 1, 7]]"
12a_1250_75,"[[24, 8, 1, 7], [2, 17, 3, 18], [4, 11, 5, 12], [6, 24, 7, 23], [8, 16, 9, 15], [10, 20, 11, 19], [12, 21, 13, 22], [14, 1, 15, 2], [16, 10, 17, 9], [18, 3, 19, 4], [20, 6, 21, 5], [22, 13, 23, 14]]"
12a_1250_76,"[[22, 13, 23, 14], [24, 8, 1, 7], [2, 17, 3, 18], [4, 11, 5, 12], [6, 24, 7, 23], [8, 16, 9, 15], [10, 20, 11, 19], [12, 21, 13, 22], [14, 1, 15, 2], [16, 10, 17, 9], [18, 3, 19, 4], [20, 6, 21, 5]]"
12a_1250_77,"[[20, 6, 21, 5], [22, 13, 23, 14], [24, 8, 1, 7], [2, 17, 3, 18], [4, 11, 5, 12], [6, 24, 7, 23], [8, 16, 9, 15], [10, 20, 11, 19], [12, 21, 13, 22], [14, 1, 15, 2], [16, 10, 17, 9], [18, 3, 19, 4]]"
12a_1250_78,"[[18, 3, 19, 4], [20, 6, 21, 5], [22, 13, 23, 14], [24, 8, 1, 7], [2, 17, 3, 18], [4, 11, 5, 12], [6, 24, 7, 23], [8, 16, 9, 15], [10, 20, 11, 19], [12, 21, 13, 22], [14, 1, 15, 2], [16, 10, 17, 9]]"
12a_1250_79,"[[16, 10, 17, 9], [18, 3, 19, 4], [20, 6, 21, 5], [22, 13, 23, 14], [24, 8, 1, 7], [2, 17, 3, 18], [4, 11, 5, 12], [6, 24, 7, 23], [8, 16, 9, 15], [10, 20, 11, 19], [12, 21, 13, 22], [14, 1, 15, 2]]"
12a_1250_80,"[[14, 1, 15, 2], [16, 10, 17, 9], [18, 3, 19, 4], [20, 6, 21, 5], [22, 13, 23, 14], [24, 8, 1, 7], [2, 17, 3, 18], [4, 11, 5, 12], [6, 24, 7, 23], [8, 16, 9, 15], [10, 20, 11, 19], [12, 21, 13, 22]]"
12a_1250_81,"[[12, 21, 13, 22], [14, 1, 15, 2], [16, 10, 17, 9], [18, 3, 19, 4], [20, 6, 21, 5], [22, 13, 23, 14], [24, 8, 1, 7], [2, 17, 3, 18], [4, 11, 5, 12], [6, 24, 7, 23], [8, 16, 9, 15], [10, 20, 11, 19]]"
12a_1250_82,"[[10, 20, 11, 19], [12, 21, 13, 22], [14, 1, 15, 2], [16, 10, 17, 9], [18, 3, 19, 4], [20, 6, 21, 5], [22, 13, 23, 14], [24, 8, 1, 7], [2, 17, 3, 18], [4, 11, 5, 12], [6, 24, 7, 23], [8, 16, 9, 15]]"
12a_1250_83,"[[8, 16, 9, 15], [10, 20, 11, 19], [12, 21, 13, 22], [14, 1, 15, 2], [16, 10, 17, 9], [18, 3, 19, 4], [20, 6, 21, 5], [22, 13, 23, 14], [24, 8, 1, 7], [2, 17, 3, 18], [4, 11, 5, 12], [6, 24, 7, 23]]"
12a_1250_84,"[[7, 1, 8, 24], [9, 17, 10, 16], [11, 21, 12, 20], [13, 22, 14, 23], [15, 2, 16, 3], [17, 11, 18, 10], [19, 4, 20, 5], [21, 7, 22, 6], [23, 14, 24, 15], [1, 9, 2, 8], [3, 18, 4, 19], [5, 12, 6, 13]]"
12a_1250_85,"[[5, 12, 6, 13], [7, 1, 8, 24], [9, 17, 10, 16], [11, 21, 12, 20], [13, 22, 14, 23], [15, 2, 16, 3], [17, 11, 18, 10], [19, 4, 20, 5], [21, 7, 22, 6], [23, 14, 24, 15], [1, 9, 2, 8], [3, 18, 4, 19]]"
12a_1250_86,"[[3, 18, 4, 19], [5, 12, 6, 13], [7, 1, 8, 24], [9, 17, 10, 16], [11, 21, 12, 20], [13, 22, 14, 23], [15, 2, 16, 3], [17, 11, 18, 10], [19, 4, 20, 5], [21, 7, 22, 6], [23, 14, 24, 15], [1, 9, 2, 8]]"
12a_1250_87,"[[1, 9, 2, 8], [3, 18, 4, 19], [5, 12, 6, 13], [7, 1, 8, 24], [9, 17, 10, 16], [11, 21, 12, 20], [13, 22, 14, 23], [15, 2, 16, 3], [17, 11, 18, 10], [19, 4, 20, 5], [21, 7, 22, 6], [23, 14, 24, 15]]"
12a_1250_88,"[[23, 14, 24, 15], [1, 9, 2, 8], [3, 18, 4, 19], [5, 12, 6, 13], [7, 1, 8, 24], [9, 17, 10, 16], [11, 21, 12, 20], [13, 22, 14, 23], [15, 2, 16, 3], [17, 11, 18, 10], [19, 4, 20, 5], [21, 7, 22, 6]]"
12a_1250_89,"[[21, 7, 22, 6], [23, 14, 24, 15], [1, 9, 2, 8], [3, 18, 4, 19], [5, 12, 6, 13], [7, 1, 8, 24], [9, 17, 10, 16], [11, 21, 12, 20], [13, 22, 14, 23], [15, 2, 16, 3], [17, 11, 18, 10], [19, 4, 20, 5]]"
12a_1250_90,"[[19, 4, 20, 5], [21, 7, 22, 6], [23, 14, 24, 15], [1, 9, 2, 8], [3, 18, 4, 19], [5, 12, 6, 13], [7, 1, 8, 24], [9, 17, 10, 16], [11, 21, 12, 20], [13, 22, 14, 23], [15, 2, 16, 3], [17, 11, 18, 10]]"
12a_1250_91,"[[17, 11, 18, 10], [19, 4, 20, 5], [21, 7, 22, 6], [23, 14, 24, 15], [1, 9, 2, 8], [3, 18, 4, 19], [5, 12, 6, 13], [7, 1, 8, 24], [9, 17, 10, 16], [11, 21, 12, 20], [13, 22, 14, 23], [15, 2, 16, 3]]"
12a_1250_92,"[[15, 2, 16, 3], [17, 11, 18, 10], [19, 4, 20, 5], [21, 7, 22, 6], [23, 14, 24, 15], [1, 9, 2, 8], [3, 18, 4, 19], [5, 12, 6, 13], [7, 1, 8, 24], [9, 17, 10, 16], [11, 21, 12, 20], [13, 22, 14, 23]]"
12a_1250_93,"[[13, 22, 14, 23], [15, 2, 16, 3], [17, 11, 18, 10], [19, 4, 20, 5], [21, 7, 22, 6], [23, 14, 24, 15], [1, 9, 2, 8], [3, 18, 4, 19], [5, 12, 6, 13], [7, 1, 8, 24], [9, 17, 10, 16], [11, 21, 12, 20]]"
12a_1250_94,"[[11, 21, 12, 20], [13, 22, 14, 23], [15, 2, 16, 3], [17, 11, 18, 10], [19, 4, 20, 5], [21, 7, 22, 6], [23, 14, 24, 15], [1, 9, 2, 8], [3, 18, 4, 19], [5, 12, 6, 13], [7, 1, 8, 24], [9, 17, 10, 16]]"
12a_1250_95,"[[9, 17, 10, 16], [11, 21, 12, 20], [13, 22, 14, 23], [15, 2, 16, 3], [17, 11, 18, 10], [19, 4, 20, 5], [21, 7, 22, 6], [23, 14, 24, 15], [1, 9, 2, 8], [3, 18, 4, 19], [5, 12, 6, 13], [7, 1, 8, 24]]"
12a_1250_96,"[[8, 2, 9, 1], [10, 18, 11, 17], [12, 22, 13, 21], [14, 23, 15, 24], [16, 3, 17, 4], [18, 12, 19, 11], [20, 5, 21, 6], [22, 8, 23, 7], [24, 15, 1, 16], [2, 10, 3, 9], [4, 19, 5, 20], [6, 13, 7, 14]]"
12a_1250_97,"[[6, 13, 7, 14], [8, 2, 9, 1], [10, 18, 11, 17], [12, 22, 13, 21], [14, 23, 15, 24], [16, 3, 17, 4], [18, 12, 19, 11], [20, 5, 21, 6], [22, 8, 23, 7], [24, 15, 1, 16], [2, 10, 3, 9], [4, 19, 5, 20]]"
12a_1250_98,"[[4, 19, 5, 20], [6, 13, 7, 14], [8, 2, 9, 1], [10, 18, 11, 17], [12, 22, 13, 21], [14, 23, 15, 24], [16, 3, 17, 4], [18, 12, 19, 11], [20, 5, 21, 6], [22, 8, 23, 7], [24, 15, 1, 16], [2, 10, 3, 9]]"
12a_1250_99,"[[2, 10, 3, 9], [4, 19, 5, 20], [6, 13, 7, 14], [8, 2, 9, 1], [10, 18, 11, 17], [12, 22, 13, 21], [14, 23, 15, 24], [16, 3, 17, 4], [18, 12, 19, 11], [20, 5, 21, 6], [22, 8, 23, 7], [24, 15, 1, 16]]"
12a_1250_100,"[[24, 15, 1, 16], [2, 10, 3, 9], [4, 19, 5, 20], [6, 13, 7, 14], [8, 2, 9, 1], [10, 18, 11, 17], [12, 22, 13, 21], [14, 23, 15, 24], [16, 3, 17, 4], [18, 12, 19, 11], [20, 5, 21, 6], [22, 8, 23, 7]]"
12a_1250_101,"[[22, 8, 23, 7], [24, 15, 1, 16], [2, 10, 3, 9], [4, 19, 5, 20], [6, 13, 7, 14], [8, 2, 9, 1], [10, 18, 11, 17], [12, 22, 13, 21], [14, 23, 15, 24], [16, 3, 17, 4], [18, 12, 19, 11], [20, 5, 21, 6]]"
12a_1250_102,"[[20, 5, 21, 6], [22, 8, 23, 7], [24, 15, 1, 16], [2, 10, 3, 9], [4, 19, 5, 20], [6, 13, 7, 14], [8, 2, 9, 1], [10, 18, 11, 17], [12, 22, 13, 21], [14, 23, 15, 24], [16, 3, 17, 4], [18, 12, 19, 11]]"
12a_1250_103,"[[18, 12, 19, 11], [20, 5, 21, 6], [22, 8, 23, 7], [24, 15, 1, 16], [2, 10, 3, 9], [4, 19, 5, 20], [6, 13, 7, 14], [8, 2, 9, 1], [10, 18, 11, 17], [12, 22, 13, 21], [14, 23, 15, 24], [16, 3, 17, 4]]"
12a_1250_104,"[[16, 3, 17, 4], [18, 12, 19, 11], [20, 5, 21, 6], [22, 8, 23, 7], [24, 15, 1, 16], [2, 10, 3, 9], [4, 19, 5, 20], [6, 13, 7, 14], [8, 2, 9, 1], [10, 18, 11, 17], [12, 22, 13, 21], [14, 23, 15, 24]]"
12a_1250_105,"[[14, 23, 15, 24], [16, 3, 17, 4], [18, 12, 19, 11], [20, 5, 21, 6], [22, 8, 23, 7], [24, 15, 1, 16], [2, 10, 3, 9], [4, 19, 5, 20], [6, 13, 7, 14], [8, 2, 9, 1], [10, 18, 11, 17], [12, 22, 13, 21]]"
12a_1250_106,"[[12, 22, 13, 21], [14, 23, 15, 24], [16, 3, 17, 4], [18, 12, 19, 11], [20, 5, 21, 6], [22, 8, 23, 7], [24, 15, 1, 16], [2, 10, 3, 9], [4, 19, 5, 20], [6, 13, 7, 14], [8, 2, 9, 1], [10, 18, 11, 17]]"
12a_1250_107,"[[10, 18, 11, 17], [12, 22, 13, 21], [14, 23, 15, 24], [16, 3, 17, 4], [18, 12, 19, 11], [20, 5, 21, 6], [22, 8, 23, 7], [24, 15, 1, 16], [2, 10, 3, 9], [4, 19, 5, 20], [6, 13, 7, 14], [8, 2, 9, 1]]"
12a_1250_108,"[[9, 3, 10, 2], [11, 19, 12, 18], [13, 23, 14, 22], [15, 24, 16, 1], [17, 4, 18, 5], [19, 13, 20, 12], [21, 6, 22, 7], [23, 9, 24, 8], [1, 16, 2, 17], [3, 11, 4, 10], [5, 20, 6, 21], [7, 14, 8, 15]]"
12a_1250_109,"[[7, 14, 8, 15], [9, 3, 10, 2], [11, 19, 12, 18], [13, 23, 14, 22], [15, 24, 16, 1], [17, 4, 18, 5], [19, 13, 20, 12], [21, 6, 22, 7], [23, 9, 24, 8], [1, 16, 2, 17], [3, 11, 4, 10], [5, 20, 6, 21]]"
12a_1250_110,"[[5, 20, 6, 21], [7, 14, 8, 15], [9, 3, 10, 2], [11, 19, 12, 18], [13, 23, 14, 22], [15, 24, 16, 1], [17, 4, 18, 5], [19, 13, 20, 12], [21, 6, 22, 7], [23, 9, 24, 8], [1, 16, 2, 17], [3, 11, 4, 10]]"
12a_1250_111,"[[3, 11, 4, 10], [5, 20, 6, 21], [7, 14, 8, 15], [9, 3, 10, 2], [11, 19, 12, 18], [13, 23, 14, 22], [15, 24, 16, 1], [17, 4, 18, 5], [19, 13, 20, 12], [21, 6, 22, 7], [23, 9, 24, 8], [1, 16, 2, 17]]"
12a_1250_112,"[[1, 16, 2, 17], [3, 11, 4, 10], [5, 20, 6, 21], [7, 14, 8, 15], [9, 3, 10, 2], [11, 19, 12, 18], [13, 23, 14, 22], [15, 24, 16, 1], [17, 4, 18, 5], [19, 13, 20, 12], [21, 6, 22, 7], [23, 9, 24, 8]]"
12a_1250_113,"[[23, 9, 24, 8], [1, 16, 2, 17], [3, 11, 4, 10], [5, 20, 6, 21], [7, 14, 8, 15], [9, 3, 10, 2], [11, 19, 12, 18], [13, 23, 14, 22], [15, 24, 16, 1], [17, 4, 18, 5], [19, 13, 20, 12], [21, 6, 22, 7]]"
12a_1250_114,"[[21, 6, 22, 7], [23, 9, 24, 8], [1, 16, 2, 17], [3, 11, 4, 10], [5, 20, 6, 21], [7, 14, 8, 15], [9, 3, 10, 2], [11, 19, 12, 18], [13, 23, 14, 22], [15, 24, 16, 1], [17, 4, 18, 5], [19, 13, 20, 12]]"
12a_1250_115,"[[19, 13, 20, 12], [21, 6, 22, 7], [23, 9, 24, 8], [1, 16, 2, 17], [3, 11, 4, 10], [5, 20, 6, 21], [7, 14, 8, 15], [9, 3, 10, 2], [11, 19, 12, 18], [13, 23, 14, 22], [15, 24, 16, 1], [17, 4, 18, 5]]"
12a_1250_116,"[[17, 4, 18, 5], [19, 13, 20, 12], [21, 6, 22, 7], [23, 9, 24, 8], [1, 16, 2, 17], [3, 11, 4, 10], [5, 20, 6, 21], [7, 14, 8, 15], [9, 3, 10, 2], [11, 19, 12, 18], [13, 23, 14, 22], [15, 24, 16, 1]]"
12a_1250_117,"[[15, 24, 16, 1], [17, 4, 18, 5], [19, 13, 20, 12], [21, 6, 22, 7], [23, 9, 24, 8], [1, 16, 2, 17], [3, 11, 4, 10], [5, 20, 6, 21], [7, 14, 8, 15], [9, 3, 10, 2], [11, 19, 12, 18], [13, 23, 14, 22]]"
12a_1250_118,"[[13, 23, 14, 22], [15, 24, 16, 1], [17, 4, 18, 5], [19, 13, 20, 12], [21, 6, 22, 7], [23, 9, 24, 8], [1, 16, 2, 17], [3, 11, 4, 10], [5, 20, 6, 21], [7, 14, 8, 15], [9, 3, 10, 2], [11, 19, 12, 18]]"
12a_1250_119,"[[11, 19, 12, 18], [13, 23, 14, 22], [15, 24, 16, 1], [17, 4, 18, 5], [19, 13, 20, 12], [21, 6, 22, 7], [23, 9, 24, 8], [1, 16, 2, 17], [3, 11, 4, 10], [5, 20, 6, 21], [7, 14, 8, 15], [9, 3, 10, 2]]"
12a_1250_120,"[[10, 4, 11, 3], [12, 20, 13, 19], [14, 24, 15, 23], [16, 1, 17, 2], [18, 5, 19, 6], [20, 14, 21, 13], [22, 7, 23, 8], [24, 10, 1, 9], [2, 17, 3, 18], [4, 12, 5, 11], [6, 21, 7, 22], [8, 15, 9, 16]]"
12a_1250_121,"[[8, 15, 9, 16], [10, 4, 11, 3], [12, 20, 13, 19], [14, 24, 15, 23], [16, 1, 17, 2], [18, 5, 19, 6], [20, 14, 21, 13], [22, 7, 23, 8], [24, 10, 1, 9], [2, 17, 3, 18], [4, 12, 5, 11], [6, 21, 7, 22]]"
12a_1250_122,"[[6, 21, 7, 22], [8, 15, 9, 16], [10, 4, 11, 3], [12, 20, 13, 19], [14, 24, 15, 23], [16, 1, 17, 2], [18, 5, 19, 6], [20, 14, 21, 13], [22, 7, 23, 8], [24, 10, 1, 9], [2, 17, 3, 18], [4, 12, 5, 11]]"
12a_1250_123,"[[4, 12, 5, 11], [6, 21, 7, 22], [8, 15, 9, 16], [10, 4, 11, 3], [12, 20, 13, 19], [14, 24, 15, 23], [16, 1, 17, 2], [18, 5, 19, 6], [20, 14, 21, 13], [22, 7, 23, 8], [24, 10, 1, 9], [2, 17, 3, 18]]"
12a_1250_124,"[[2, 17, 3, 18], [4, 12, 5, 11], [6, 21, 7, 22], [8, 15, 9, 16], [10, 4, 11, 3], [12, 20, 13, 19], [14, 24, 15, 23], [16, 1, 17, 2], [18, 5, 19, 6], [20, 14, 21, 13], [22, 7, 23, 8], [24, 10, 1, 9]]"
12a_1250_125,"[[24, 10, 1, 9], [2, 17, 3, 18], [4, 12, 5, 11], [6, 21, 7, 22], [8, 15, 9, 16], [10, 4, 11, 3], [12, 20, 13, 19], [14, 24, 15, 23], [16, 1, 17, 2], [18, 5, 19, 6], [20, 14, 21, 13], [22, 7, 23, 8]]"
12a_1250_126,"[[22, 7, 23, 8], [24, 10, 1, 9], [2, 17, 3, 18], [4, 12, 5, 11], [6, 21, 7, 22], [8, 15, 9, 16], [10, 4, 11, 3], [12, 20, 13, 19], [14, 24, 15, 23], [16, 1, 17, 2], [18, 5, 19, 6], [20, 14, 21, 13]]"
12a_1250_127,"[[20, 14, 21, 13], [22, 7, 23, 8], [24, 10, 1, 9], [2, 17, 3, 18], [4, 12, 5, 11], [6, 21, 7, 22], [8, 15, 9, 16], [10, 4, 11, 3], [12, 20, 13, 19], [14, 24, 15, 23], [16, 1, 17, 2], [18, 5, 19, 6]]"
12a_1250_128,"[[18, 5, 19, 6], [20, 14, 21, 13], [22, 7, 23, 8], [24, 10, 1, 9], [2, 17, 3, 18], [4, 12, 5, 11], [6, 21, 7, 22], [8, 15, 9, 16], [10, 4, 11, 3], [12, 20, 13, 19], [14, 24, 15, 23], [16, 1, 17, 2]]"
12a_1250_129,"[[16, 1, 17, 2], [18, 5, 19, 6], [20, 14, 21, 13], [22, 7, 23, 8], [24, 10, 1, 9], [2, 17, 3, 18], [4, 12, 5, 11], [6, 21, 7, 22], [8, 15, 9, 16], [10, 4, 11, 3], [12, 20, 13, 19], [14, 24, 15, 23]]"
12a_1250_130,"[[14, 24, 15, 23], [16, 1, 17, 2], [18, 5, 19, 6], [20, 14, 21, 13], [22, 7, 23, 8], [24, 10, 1, 9], [2, 17, 3, 18], [4, 12, 5, 11], [6, 21, 7, 22], [8, 15, 9, 16], [10, 4, 11, 3], [12, 20, 13, 19]]"
12a_1250_131,"[[12, 20, 13, 19], [14, 24, 15, 23], [16, 1, 17, 2], [18, 5, 19, 6], [20, 14, 21, 13], [22, 7, 23, 8], [24, 10, 1, 9], [2, 17, 3, 18], [4, 12, 5, 11], [6, 21, 7, 22], [8, 15, 9, 16], [10, 4, 11, 3]]"
12a_1250_132,"[[11, 5, 12, 4], [13, 21, 14, 20], [15, 1, 16, 24], [17, 2, 18, 3], [19, 6, 20, 7], [21, 15, 22, 14], [23, 8, 24, 9], [1, 11, 2, 10], [3, 18, 4, 19], [5, 13, 6, 12], [7, 22, 8, 23], [9, 16, 10, 17]]"
12a_1250_133,"[[9, 16, 10, 17], [11, 5, 12, 4], [13, 21, 14, 20], [15, 1, 16, 24], [17, 2, 18, 3], [19, 6, 20, 7], [21, 15, 22, 14], [23, 8, 24, 9], [1, 11, 2, 10], [3, 18, 4, 19], [5, 13, 6, 12], [7, 22, 8, 23]]"
12a_1250_134,"[[7, 22, 8, 23], [9, 16, 10, 17], [11, 5, 12, 4], [13, 21, 14, 20], [15, 1, 16, 24], [17, 2, 18, 3], [19, 6, 20, 7], [21, 15, 22, 14], [23, 8, 24, 9], [1, 11, 2, 10], [3, 18, 4, 19], [5, 13, 6, 12]]"
12a_1250_135,"[[5, 13, 6, 12], [7, 22, 8, 23], [9, 16, 10, 17], [11, 5, 12, 4], [13, 21, 14, 20], [15, 1, 16, 24], [17, 2, 18, 3], [19, 6, 20, 7], [21, 15, 22, 14], [23, 8, 24, 9], [1, 11, 2, 10], [3, 18, 4, 19]]"
12a_1250_136,"[[3, 18, 4, 19], [5, 13, 6, 12], [7, 22, 8, 23], [9, 16, 10, 17], [11, 5, 12, 4], [13, 21, 14, 20], [15, 1, 16, 24], [17, 2, 18, 3], [19, 6, 20, 7], [21, 15, 22, 14], [23, 8, 24, 9], [1, 11, 2, 10]]"
12a_1250_137,"[[1, 11, 2, 10], [3, 18, 4, 19], [5, 13, 6, 12], [7, 22, 8, 23], [9, 16, 10, 17], [11, 5, 12, 4], [13, 21, 14, 20], [15, 1, 16, 24], [17, 2, 18, 3], [19, 6, 20, 7], [21, 15, 22, 14], [23, 8, 24, 9]]"
12a_1250_138,"[[23, 8, 24, 9], [1, 11, 2, 10], [3, 18, 4, 19], [5, 13, 6, 12], [7, 22, 8, 23], [9, 16, 10, 17], [11, 5, 12, 4], [13, 21, 14, 20], [15, 1, 16, 24], [17, 2, 18, 3], [19, 6, 20, 7], [21, 15, 22, 14]]"
12a_1250_139,"[[21, 15, 22, 14], [23, 8, 24, 9], [1, 11, 2, 10], [3, 18, 4, 19], [5, 13, 6, 12], [7, 22, 8, 23], [9, 16, 10, 17], [11, 5, 12, 4], [13, 21, 14, 20], [15, 1, 16, 24], [17, 2, 18, 3], [19, 6, 20, 7]]"
12a_1250_140,"[[19, 6, 20, 7], [21, 15, 22, 14], [23, 8, 24, 9], [1, 11, 2, 10], [3, 18, 4, 19], [5, 13, 6, 12], [7, 22, 8, 23], [9, 16, 10, 17], [11, 5, 12, 4], [13, 21, 14, 20], [15, 1, 16, 24], [17, 2, 18, 3]]"
12a_1250_141,"[[17, 2, 18, 3], [19, 6, 20, 7], [21, 15, 22, 14], [23, 8, 24, 9], [1, 11, 2, 10], [3, 18, 4, 19], [5, 13, 6, 12], [7, 22, 8, 23], [9, 16, 10, 17], [11, 5, 12, 4], [13, 21, 14, 20], [15, 1, 16, 24]]"
12a_1250_142,"[[15, 1, 16, 24], [17, 2, 18, 3], [19, 6, 20, 7], [21, 15, 22, 14], [23, 8, 24, 9], [1, 11, 2, 10], [3, 18, 4, 19], [5, 13, 6, 12], [7, 22, 8, 23], [9, 16, 10, 17], [11, 5, 12, 4], [13, 21, 14, 20]]"
12a_1250_143,"[[13, 21, 14, 20], [15, 1, 16, 24], [17, 2, 18, 3], [19, 6, 20, 7], [21, 15, 22, 14], [23, 8, 24, 9], [1, 11, 2, 10], [3, 18, 4, 19], [5, 13, 6, 12], [7, 22, 8, 23], [9, 16, 10, 17], [11, 5, 12, 4]]"
12a_1250_144,"[[12, 6, 13, 5], [14, 22, 15, 21], [16, 2, 17, 1], [18, 3, 19, 4], [20, 7, 21, 8], [22, 16, 23, 15], [24, 9, 1, 10], [2, 12, 3, 11], [4, 19, 5, 20], [6, 14, 7, 13], [8, 23, 9, 24], [10, 17, 11, 18]]"
12a_1250_145,"[[10, 17, 11, 18], [12, 6, 13, 5], [14, 22, 15, 21], [16, 2, 17, 1], [18, 3, 19, 4], [20, 7, 21, 8], [22, 16, 23, 15], [24, 9, 1, 10], [2, 12, 3, 11], [4, 19, 5, 20], [6, 14, 7, 13], [8, 23, 9, 24]]"
12a_1250_146,"[[8, 23, 9, 24], [10, 17, 11, 18], [12, 6, 13, 5], [14, 22, 15, 21], [16, 2, 17, 1], [18, 3, 19, 4], [20, 7, 21, 8], [22, 16, 23, 15], [24, 9, 1, 10], [2, 12, 3, 11], [4, 19, 5, 20], [6, 14, 7, 13]]"
12a_1250_147,"[[6, 14, 7, 13], [8, 23, 9, 24], [10, 17, 11, 18], [12, 6, 13, 5], [14, 22, 15, 21], [16, 2, 17, 1], [18, 3, 19, 4], [20, 7, 21, 8], [22, 16, 23, 15], [24, 9, 1, 10], [2, 12, 3, 11], [4, 19, 5, 20]]"
12a_1250_148,"[[4, 19, 5, 20], [6, 14, 7, 13], [8, 23, 9, 24], [10, 17, 11, 18], [12, 6, 13, 5], [14, 22, 15, 21], [16, 2, 17, 1], [18, 3, 19, 4], [20, 7, 21, 8], [22, 16, 23, 15], [24, 9, 1, 10], [2, 12, 3, 11]]"
12a_1250_149,"[[2, 12, 3, 11], [4, 19, 5, 20], [6, 14, 7, 13], [8, 23, 9, 24], [10, 17, 11, 18], [12, 6, 13, 5], [14, 22, 15, 21], [16, 2, 17, 1], [18, 3, 19, 4], [20, 7, 21, 8], [22, 16, 23, 15], [24, 9, 1, 10]]"
12a_1250_150,"[[24, 9, 1, 10], [2, 12, 3, 11], [4, 19, 5, 20], [6, 14, 7, 13], [8, 23, 9, 24], [10, 17, 11, 18], [12, 6, 13, 5], [14, 22, 15, 21], [16, 2, 17, 1], [18, 3, 19, 4], [20, 7, 21, 8], [22, 16, 23, 15]]"
12a_1250_151,"[[22, 16, 23, 15], [24, 9, 1, 10], [2, 12, 3, 11], [4, 19, 5, 20], [6, 14, 7, 13], [8, 23, 9, 24], [10, 17, 11, 18], [12, 6, 13, 5], [14, 22, 15, 21], [16, 2, 17, 1], [18, 3, 19, 4], [20, 7, 21, 8]]"
12a_1250_152,"[[20, 7, 21, 8], [22, 16, 23, 15], [24, 9, 1, 10], [2, 12, 3, 11], [4, 19, 5, 20], [6, 14, 7, 13], [8, 23, 9, 24], [10, 17, 11, 18], [12, 6, 13, 5], [14, 22, 15, 21], [16, 2, 17, 1], [18, 3, 19, 4]]"
12a_1250_153,"[[18, 3, 19, 4], [20, 7, 21, 8], [22, 16, 23, 15], [24, 9, 1, 10], [2, 12, 3, 11], [4, 19, 5, 20], [6, 14, 7, 13], [8, 23, 9, 24], [10, 17, 11, 18], [12, 6, 13, 5], [14, 22, 15, 21], [16, 2, 17, 1]]"
12a_1250_154,"[[16, 2, 17, 1], [18, 3, 19, 4], [20, 7, 21, 8], [22, 16, 23, 15], [24, 9, 1, 10], [2, 12, 3, 11], [4, 19, 5, 20], [6, 14, 7, 13], [8, 23, 9, 24], [10, 17, 11, 18], [12, 6, 13, 5], [14, 22, 15, 21]]"
12a_1250_155,"[[14, 22, 15, 21], [16, 2, 17, 1], [18, 3, 19, 4], [20, 7, 21, 8], [22, 16, 23, 15], [24, 9, 1, 10], [2, 12, 3, 11], [4, 19, 5, 20], [6, 14, 7, 13], [8, 23, 9, 24], [10, 17, 11, 18], [12, 6, 13, 5]]"
12a_1250_156,"[[13, 7, 14, 6], [15, 23, 16, 22], [17, 3, 18, 2], [19, 4, 20, 5], [21, 8, 22, 9], [23, 17, 24, 16], [1, 10, 2, 11], [3, 13, 4, 12], [5, 20, 6, 21], [7, 15, 8, 14], [9, 24, 10, 1], [11, 18, 12, 19]]"
12a_1250_157,"[[11, 18, 12, 19], [13, 7, 14, 6], [15, 23, 16, 22], [17, 3, 18, 2], [19, 4, 20, 5], [21, 8, 22, 9], [23, 17, 24, 16], [1, 10, 2, 11], [3, 13, 4, 12], [5, 20, 6, 21], [7, 15, 8, 14], [9, 24, 10, 1]]"
12a_1250_158,"[[9, 24, 10, 1], [11, 18, 12, 19], [13, 7, 14, 6], [15, 23, 16, 22], [17, 3, 18, 2], [19, 4, 20, 5], [21, 8, 22, 9], [23, 17, 24, 16], [1, 10, 2, 11], [3, 13, 4, 12], [5, 20, 6, 21], [7, 15, 8, 14]]"
12a_1250_159,"[[7, 15, 8, 14], [9, 24, 10, 1], [11, 18, 12, 19], [13, 7, 14, 6], [15, 23, 16, 22], [17, 3, 18, 2], [19, 4, 20, 5], [21, 8, 22, 9], [23, 17, 24, 16], [1, 10, 2, 11], [3, 13, 4, 12], [5, 20, 6, 21]]"
12a_1250_160,"[[5, 20, 6, 21], [7, 15, 8, 14], [9, 24, 10, 1], [11, 18, 12, 19], [13, 7, 14, 6], [15, 23, 16, 22], [17, 3, 18, 2], [19, 4, 20, 5], [21, 8, 22, 9], [23, 17, 24, 16], [1, 10, 2, 11], [3, 13, 4, 12]]"
12a_1250_161,"[[3, 13, 4, 12], [5, 20, 6, 21], [7, 15, 8, 14], [9, 24, 10, 1], [11, 18, 12, 19], [13, 7, 14, 6], [15, 23, 16, 22], [17, 3, 18, 2], [19, 4, 20, 5], [21, 8, 22, 9], [23, 17, 24, 16], [1, 10, 2, 11]]"
12a_1250_162,"[[1, 10, 2, 11], [3, 13, 4, 12], [5, 20, 6, 21], [7, 15, 8, 14], [9, 24, 10, 1], [11, 18, 12, 19], [13, 7, 14, 6], [15, 23, 16, 22], [17, 3, 18, 2], [19, 4, 20, 5], [21, 8, 22, 9], [23, 17, 24, 16]]"
12a_1250_163,"[[23, 17, 24, 16], [1, 10, 2, 11], [3, 13, 4, 12], [5, 20, 6, 21], [7, 15, 8, 14], [9, 24, 10, 1], [11, 18, 12, 19], [13, 7, 14, 6], [15, 23, 16, 22], [17, 3, 18, 2], [19, 4, 20, 5], [21, 8, 22, 9]]"
12a_1250_164,"[[21, 8, 22, 9], [23, 17, 24, 16], [1, 10, 2, 11], [3, 13, 4, 12], [5, 20, 6, 21], [7, 15, 8, 14], [9, 24, 10, 1], [11, 18, 12, 19], [13, 7, 14, 6], [15, 23, 16, 22], [17, 3, 18, 2], [19, 4, 20, 5]]"
12a_1250_165,"[[19, 4, 20, 5], [21, 8, 22, 9], [23, 17, 24, 16], [1, 10, 2, 11], [3, 13, 4, 12], [5, 20, 6, 21], [7, 15, 8, 14], [9, 24, 10, 1], [11, 18, 12, 19], [13, 7, 14, 6], [15, 23, 16, 22], [17, 3, 18, 2]]"
12a_1250_166,"[[17, 3, 18, 2], [19, 4, 20, 5], [21, 8, 22, 9], [23, 17, 24, 16], [1, 10, 2, 11], [3, 13, 4, 12], [5, 20, 6, 21], [7, 15, 8, 14], [9, 24, 10, 1], [11, 18, 12, 19], [13, 7, 14, 6], [15, 23, 16, 22]]"
12a_1250_167,"[[15, 23, 16, 22], [17, 3, 18, 2], [19, 4, 20, 5], [21, 8, 22, 9], [23, 17, 24, 16], [1, 10, 2, 11], [3, 13, 4, 12], [5, 20, 6, 21], [7, 15, 8, 14], [9, 24, 10, 1], [11, 18, 12, 19], [13, 7, 14, 6]]"
12a_1250_168,"[[14, 8, 15, 7], [16, 24, 17, 23], [18, 4, 19, 3], [20, 5, 21, 6], [22, 9, 23, 10], [24, 18, 1, 17], [2, 11, 3, 12], [4, 14, 5, 13], [6, 21, 7, 22], [8, 16, 9, 15], [10, 1, 11, 2], [12, 19, 13, 20]]"
12a_1250_169,"[[12, 19, 13, 20], [14, 8, 15, 7], [16, 24, 17, 23], [18, 4, 19, 3], [20, 5, 21, 6], [22, 9, 23, 10], [24, 18, 1, 17], [2, 11, 3, 12], [4, 14, 5, 13], [6, 21, 7, 22], [8, 16, 9, 15], [10, 1, 11, 2]]"
12a_1250_170,"[[10, 1, 11, 2], [12, 19, 13, 20], [14, 8, 15, 7], [16, 24, 17, 23], [18, 4, 19, 3], [20, 5, 21, 6], [22, 9, 23, 10], [24, 18, 1, 17], [2, 11, 3, 12], [4, 14, 5, 13], [6, 21, 7, 22], [8, 16, 9, 15]]"
12a_1250_171,"[[8, 16, 9, 15], [10, 1, 11, 2], [12, 19, 13, 20], [14, 8, 15, 7], [16, 24, 17, 23], [18, 4, 19, 3], [20, 5, 21, 6], [22, 9, 23, 10], [24, 18, 1, 17], [2, 11, 3, 12], [4, 14, 5, 13], [6, 21, 7, 22]]"
12a_1250_172,"[[6, 21, 7, 22], [8, 16, 9, 15], [10, 1, 11, 2], [12, 19, 13, 20], [14, 8, 15, 7], [16, 24, 17, 23], [18, 4, 19, 3], [20, 5, 21, 6], [22, 9, 23, 10], [24, 18, 1, 17], [2, 11, 3, 12], [4, 14, 5, 13]]"
12a_1250_173,"[[4, 14, 5, 13], [6, 21, 7, 22], [8, 16, 9, 15], [10, 1, 11, 2], [12, 19, 13, 20], [14, 8, 15, 7], [16, 24, 17, 23], [18, 4, 19, 3], [20, 5, 21, 6], [22, 9, 23, 10], [24, 18, 1, 17], [2, 11, 3, 12]]"
12a_1250_174,"[[2, 11, 3, 12], [4, 14, 5, 13], [6, 21, 7, 22], [8, 16, 9, 15], [10, 1, 11, 2], [12, 19, 13, 20], [14, 8, 15, 7], [16, 24, 17, 23], [18, 4, 19, 3], [20, 5, 21, 6], [22, 9, 23, 10], [24, 18, 1, 17]]"
12a_1250_175,"[[24, 18, 1, 17], [2, 11, 3, 12], [4, 14, 5, 13], [6, 21, 7, 22], [8, 16, 9, 15], [10, 1, 11, 2], [12, 19, 13, 20], [14, 8, 15, 7], [16, 24, 17, 23], [18, 4, 19, 3], [20, 5, 21, 6], [22, 9, 23, 10]]"
12a_1250_176,"[[22, 9, 23, 10], [24, 18, 1, 17], [2, 11, 3, 12], [4, 14, 5, 13], [6, 21, 7, 22], [8, 16, 9, 15], [10, 1, 11, 2], [12, 19, 13, 20], [14, 8, 15, 7], [16, 24, 17, 23], [18, 4, 19, 3], [20, 5, 21, 6]]"
12a_1250_177,"[[20, 5, 21, 6], [22, 9, 23, 10], [24, 18, 1, 17], [2, 11, 3, 12], [4, 14, 5, 13], [6, 21, 7, 22], [8, 16, 9, 15], [10, 1, 11, 2], [12, 19, 13, 20], [14, 8, 15, 7], [16, 24, 17, 23], [18, 4, 19, 3]]"
12a_1250_178,"[[18, 4, 19, 3], [20, 5, 21, 6], [22, 9, 23, 10], [24, 18, 1, 17], [2, 11, 3, 12], [4, 14, 5, 13], [6, 21, 7, 22], [8, 16, 9, 15], [10, 1, 11, 2], [12, 19, 13, 20], [14, 8, 15, 7], [16, 24, 17, 23]]"
12a_1250_179,"[[16, 24, 17, 23], [18, 4, 19, 3], [20, 5, 21, 6], [22, 9, 23, 10], [24, 18, 1, 17], [2, 11, 3, 12], [4, 14, 5, 13], [6, 21, 7, 22], [8, 16, 9, 15], [10, 1, 11, 2], [12, 19, 13, 20], [14, 8, 15, 7]]"
12a_1250_180,"[[15, 9, 16, 8], [17, 1, 18, 24], [19, 5, 20, 4], [21, 6, 22, 7], [23, 10, 24, 11], [1, 19, 2, 18], [3, 12, 4, 13], [5, 15, 6, 14], [7, 22, 8, 23], [9, 17, 10, 16], [11, 2, 12, 3], [13, 20, 14, 21]]"
12a_1250_181,"[[13, 20, 14, 21], [15, 9, 16, 8], [17, 1, 18, 24], [19, 5, 20, 4], [21, 6, 22, 7], [23, 10, 24, 11], [1, 19, 2, 18], [3, 12, 4, 13], [5, 15, 6, 14], [7, 22, 8, 23], [9, 17, 10, 16], [11, 2, 12, 3]]"
12a_1250_182,"[[11, 2, 12, 3], [13, 20, 14, 21], [15, 9, 16, 8], [17, 1, 18, 24], [19, 5, 20, 4], [21, 6, 22, 7], [23, 10, 24, 11], [1, 19, 2, 18], [3, 12, 4, 13], [5, 15, 6, 14], [7, 22, 8, 23], [9, 17, 10, 16]]"
12a_1250_183,"[[9, 17, 10, 16], [11, 2, 12, 3], [13, 20, 14, 21], [15, 9, 16, 8], [17, 1, 18, 24], [19, 5, 20, 4], [21, 6, 22, 7], [23, 10, 24, 11], [1, 19, 2, 18], [3, 12, 4, 13], [5, 15, 6, 14], [7, 22, 8, 23]]"
12a_1250_184,"[[7, 22, 8, 23], [9, 17, 10, 16], [11, 2, 12, 3], [13, 20, 14, 21], [15, 9, 16, 8], [17, 1, 18, 24], [19, 5, 20, 4], [21, 6, 22, 7], [23, 10, 24, 11], [1, 19, 2, 18], [3, 12, 4, 13], [5, 15, 6, 14]]"
12a_1250_185,"[[5, 15, 6, 14], [7, 22, 8, 23], [9, 17, 10, 16], [11, 2, 12, 3], [13, 20, 14, 21], [15, 9, 16, 8], [17, 1, 18, 24], [19, 5, 20, 4], [21, 6, 22, 7], [23, 10, 24, 11], [1, 19, 2, 18], [3, 12, 4, 13]]"
