name,pd_notation
12a_0633_0,"[[24, 7, 1, 8], [2, 6, 3, 5], [4, 14, 5, 13], [6, 19, 7, 20], [8, 18, 9, 17], [10, 22, 11, 21], [12, 4, 13, 3], [14, 12, 15, 11], [16, 24, 17, 23], [18, 1, 19, 2], [20, 16, 21, 15], [22, 10, 23, 9]]"
12a_0633_1,"[[22, 10, 23, 9], [24, 7, 1, 8], [2, 6, 3, 5], [4, 14, 5, 13], [6, 19, 7, 20], [8, 18, 9, 17], [10, 22, 11, 21], [12, 4, 13, 3], [14, 12, 15, 11], [16, 24, 17, 23], [18, 1, 19, 2], [20, 16, 21, 15]]"
12a_0633_2,"[[20, 16, 21, 15], [22, 10, 23, 9], [24, 7, 1, 8], [2, 6, 3, 5], [4, 14, 5, 13], [6, 19, 7, 20], [8, 18, 9, 17], [10, 22, 11, 21], [12, 4, 13, 3], [14, 12, 15, 11], [16, 24, 17, 23], [18, 1, 19, 2]]"
12a_0633_3,"[[18, 1, 19, 2], [20, 16, 21, 15], [22, 10, 23, 9], [24, 7, 1, 8], [2, 6, 3, 5], [4, 14, 5, 13], [6, 19, 7, 20], [8, 18, 9, 17], [10, 22, 11, 21], [12, 4, 13, 3], [14, 12, 15, 11], [16, 24, 17, 23]]"
12a_0633_4,"[[16, 24, 17, 23], [18, 1, 19, 2], [20, 16, 21, 15], [22, 10, 23, 9], [24, 7, 1, 8], [2, 6, 3, 5], [4, 14, 5, 13], [6, 19, 7, 20], [8, 18, 9, 17], [10, 22, 11, 21], [12, 4, 13, 3], [14, 12, 15, 11]]"
12a_0633_5,"[[14, 12, 15, 11], [16, 24, 17, 23], [18, 1, 19, 2], [20, 16, 21, 15], [22, 10, 23, 9], [24, 7, 1, 8], [2, 6, 3, 5], [4, 14, 5, 13], [6, 19, 7, 20], [8, 18, 9, 17], [10, 22, 11, 21], [12, 4, 13, 3]]"
12a_0633_6,"[[12, 4, 13, 3], [14, 12, 15, 11], [16, 24, 17, 23], [18, 1, 19, 2], [20, 16, 21, 15], [22, 10, 23, 9], [24, 7, 1, 8], [2, 6, 3, 5], [4, 14, 5, 13], [6, 19, 7, 20], [8, 18, 9, 17], [10, 22, 11, 21]]"
12a_0633_7,"[[10, 22, 11, 21], [12, 4, 13, 3], [14, 12, 15, 11], [16, 24, 17, 23], [18, 1, 19, 2], [20, 16, 21, 15], [22, 10, 23, 9], [24, 7, 1, 8], [2, 6, 3, 5], [4, 14, 5, 13], [6, 19, 7, 20], [8, 18, 9, 17]]"
12a_0633_8,"[[8, 18, 9, 17], [10, 22, 11, 21], [12, 4, 13, 3], [14, 12, 15, 11], [16, 24, 17, 23], [18, 1, 19, 2], [20, 16, 21, 15], [22, 10, 23, 9], [24, 7, 1, 8], [2, 6, 3, 5], [4, 14, 5, 13], [6, 19, 7, 20]]"
12a_0633_9,"[[6, 19, 7, 20], [8, 18, 9, 17], [10, 22, 11, 21], [12, 4, 13, 3], [14, 12, 15, 11], [16, 24, 17, 23], [18, 1, 19, 2], [20, 16, 21, 15], [22, 10, 23, 9], [24, 7, 1, 8], [2, 6, 3, 5], [4, 14, 5, 13]]"
12a_0633_10,"[[4, 14, 5, 13], [6, 19, 7, 20], [8, 18, 9, 17], [10, 22, 11, 21], [12, 4, 13, 3], [14, 12, 15, 11], [16, 24, 17, 23], [18, 1, 19, 2], [20, 16, 21, 15], [22, 10, 23, 9], [24, 7, 1, 8], [2, 6, 3, 5]]"
12a_0633_11,"[[2, 6, 3, 5], [4, 14, 5, 13], [6, 19, 7, 20], [8, 18, 9, 17], [10, 22, 11, 21], [12, 4, 13, 3], [14, 12, 15, 11], [16, 24, 17, 23], [18, 1, 19, 2], [20, 16, 21, 15], [22, 10, 23, 9], [24, 7, 1, 8]]"
12a_0633_12,"[[1, 8, 2, 9], [3, 7, 4, 6], [5, 15, 6, 14], [7, 20, 8, 21], [9, 19, 10, 18], [11, 23, 12, 22], [13, 5, 14, 4], [15, 13, 16, 12], [17, 1, 18, 24], [19, 2, 20, 3], [21, 17, 22, 16], [23, 11, 24, 10]]"
12a_0633_13,"[[23, 11, 24, 10], [1, 8, 2, 9], [3, 7, 4, 6], [5, 15, 6, 14], [7, 20, 8, 21], [9, 19, 10, 18], [11, 23, 12, 22], [13, 5, 14, 4], [15, 13, 16, 12], [17, 1, 18, 24], [19, 2, 20, 3], [21, 17, 22, 16]]"
12a_0633_14,"[[21, 17, 22, 16], [23, 11, 24, 10], [1, 8, 2, 9], [3, 7, 4, 6], [5, 15, 6, 14], [7, 20, 8, 21], [9, 19, 10, 18], [11, 23, 12, 22], [13, 5, 14, 4], [15, 13, 16, 12], [17, 1, 18, 24], [19, 2, 20, 3]]"
12a_0633_15,"[[19, 2, 20, 3], [21, 17, 22, 16], [23, 11, 24, 10], [1, 8, 2, 9], [3, 7, 4, 6], [5, 15, 6, 14], [7, 20, 8, 21], [9, 19, 10, 18], [11, 23, 12, 22], [13, 5, 14, 4], [15, 13, 16, 12], [17, 1, 18, 24]]"
12a_0633_16,"[[17, 1, 18, 24], [19, 2, 20, 3], [21, 17, 22, 16], [23, 11, 24, 10], [1, 8, 2, 9], [3, 7, 4, 6], [5, 15, 6, 14], [7, 20, 8, 21], [9, 19, 10, 18], [11, 23, 12, 22], [13, 5, 14, 4], [15, 13, 16, 12]]"
12a_0633_17,"[[15, 13, 16, 12], [17, 1, 18, 24], [19, 2, 20, 3], [21, 17, 22, 16], [23, 11, 24, 10], [1, 8, 2, 9], [3, 7, 4, 6], [5, 15, 6, 14], [7, 20, 8, 21], [9, 19, 10, 18], [11, 23, 12, 22], [13, 5, 14, 4]]"
12a_0633_18,"[[13, 5, 14, 4], [15, 13, 16, 12], [17, 1, 18, 24], [19, 2, 20, 3], [21, 17, 22, 16], [23, 11, 24, 10], [1, 8, 2, 9], [3, 7, 4, 6], [5, 15, 6, 14], [7, 20, 8, 21], [9, 19, 10, 18], [11, 23, 12, 22]]"
12a_0633_19,"[[11, 23, 12, 22], [13, 5, 14, 4], [15, 13, 16, 12], [17, 1, 18, 24], [19, 2, 20, 3], [21, 17, 22, 16], [23, 11, 24, 10], [1, 8, 2, 9], [3, 7, 4, 6], [5, 15, 6, 14], [7, 20, 8, 21], [9, 19, 10, 18]]"
12a_0633_20,"[[9, 19, 10, 18], [11, 23, 12, 22], [13, 5, 14, 4], [15, 13, 16, 12], [17, 1, 18, 24], [19, 2, 20, 3], [21, 17, 22, 16], [23, 11, 24, 10], [1, 8, 2, 9], [3, 7, 4, 6], [5, 15, 6, 14], [7, 20, 8, 21]]"
12a_0633_21,"[[7, 20, 8, 21], [9, 19, 10, 18], [11, 23, 12, 22], [13, 5, 14, 4], [15, 13, 16, 12], [17, 1, 18, 24], [19, 2, 20, 3], [21, 17, 22, 16], [23, 11, 24, 10], [1, 8, 2, 9], [3, 7, 4, 6], [5, 15, 6, 14]]"
12a_0633_22,"[[5, 15, 6, 14], [7, 20, 8, 21], [9, 19, 10, 18], [11, 23, 12, 22], [13, 5, 14, 4], [15, 13, 16, 12], [17, 1, 18, 24], [19, 2, 20, 3], [21, 17, 22, 16], [23, 11, 24, 10], [1, 8, 2, 9], [3, 7, 4, 6]]"
12a_0633_23,"[[3, 7, 4, 6], [5, 15, 6, 14], [7, 20, 8, 21], [9, 19, 10, 18], [11, 23, 12, 22], [13, 5, 14, 4], [15, 13, 16, 12], [17, 1, 18, 24], [19, 2, 20, 3], [21, 17, 22, 16], [23, 11, 24, 10], [1, 8, 2, 9]]"
12a_0633_24,"[[2, 9, 3, 10], [4, 8, 5, 7], [6, 16, 7, 15], [8, 21, 9, 22], [10, 20, 11, 19], [12, 24, 13, 23], [14, 6, 15, 5], [16, 14, 17, 13], [18, 2, 19, 1], [20, 3, 21, 4], [22, 18, 23, 17], [24, 12, 1, 11]]"
12a_0633_25,"[[24, 12, 1, 11], [2, 9, 3, 10], [4, 8, 5, 7], [6, 16, 7, 15], [8, 21, 9, 22], [10, 20, 11, 19], [12, 24, 13, 23], [14, 6, 15, 5], [16, 14, 17, 13], [18, 2, 19, 1], [20, 3, 21, 4], [22, 18, 23, 17]]"
12a_0633_26,"[[22, 18, 23, 17], [24, 12, 1, 11], [2, 9, 3, 10], [4, 8, 5, 7], [6, 16, 7, 15], [8, 21, 9, 22], [10, 20, 11, 19], [12, 24, 13, 23], [14, 6, 15, 5], [16, 14, 17, 13], [18, 2, 19, 1], [20, 3, 21, 4]]"
12a_0633_27,"[[20, 3, 21, 4], [22, 18, 23, 17], [24, 12, 1, 11], [2, 9, 3, 10], [4, 8, 5, 7], [6, 16, 7, 15], [8, 21, 9, 22], [10, 20, 11, 19], [12, 24, 13, 23], [14, 6, 15, 5], [16, 14, 17, 13], [18, 2, 19, 1]]"
12a_0633_28,"[[18, 2, 19, 1], [20, 3, 21, 4], [22, 18, 23, 17], [24, 12, 1, 11], [2, 9, 3, 10], [4, 8, 5, 7], [6, 16, 7, 15], [8, 21, 9, 22], [10, 20, 11, 19], [12, 24, 13, 23], [14, 6, 15, 5], [16, 14, 17, 13]]"
12a_0633_29,"[[16, 14, 17, 13], [18, 2, 19, 1], [20, 3, 21, 4], [22, 18, 23, 17], [24, 12, 1, 11], [2, 9, 3, 10], [4, 8, 5, 7], [6, 16, 7, 15], [8, 21, 9, 22], [10, 20, 11, 19], [12, 24, 13, 23], [14, 6, 15, 5]]"
12a_0633_30,"[[14, 6, 15, 5], [16, 14, 17, 13], [18, 2, 19, 1], [20, 3, 21, 4], [22, 18, 23, 17], [24, 12, 1, 11], [2, 9, 3, 10], [4, 8, 5, 7], [6, 16, 7, 15], [8, 21, 9, 22], [10, 20, 11, 19], [12, 24, 13, 23]]"
12a_0633_31,"[[12, 24, 13, 23], [14, 6, 15, 5], [16, 14, 17, 13], [18, 2, 19, 1], [20, 3, 21, 4], [22, 18, 23, 17], [24, 12, 1, 11], [2, 9, 3, 10], [4, 8, 5, 7], [6, 16, 7, 15], [8, 21, 9, 22], [10, 20, 11, 19]]"
12a_0633_32,"[[10, 20, 11, 19], [12, 24, 13, 23], [14, 6, 15, 5], [16, 14, 17, 13], [18, 2, 19, 1], [20, 3, 21, 4], [22, 18, 23, 17], [24, 12, 1, 11], [2, 9, 3, 10], [4, 8, 5, 7], [6, 16, 7, 15], [8, 21, 9, 22]]"
12a_0633_33,"[[8, 21, 9, 22], [10, 20, 11, 19], [12, 24, 13, 23], [14, 6, 15, 5], [16, 14, 17, 13], [18, 2, 19, 1], [20, 3, 21, 4], [22, 18, 23, 17], [24, 12, 1, 11], [2, 9, 3, 10], [4, 8, 5, 7], [6, 16, 7, 15]]"
12a_0633_34,"[[6, 16, 7, 15], [8, 21, 9, 22], [10, 20, 11, 19], [12, 24, 13, 23], [14, 6, 15, 5], [16, 14, 17, 13], [18, 2, 19, 1], [20, 3, 21, 4], [22, 18, 23, 17], [24, 12, 1, 11], [2, 9, 3, 10], [4, 8, 5, 7]]"
12a_0633_35,"[[4, 8, 5, 7], [6, 16, 7, 15], [8, 21, 9, 22], [10, 20, 11, 19], [12, 24, 13, 23], [14, 6, 15, 5], [16, 14, 17, 13], [18, 2, 19, 1], [20, 3, 21, 4], [22, 18, 23, 17], [24, 12, 1, 11], [2, 9, 3, 10]]"
12a_0633_36,"[[3, 10, 4, 11], [5, 9, 6, 8], [7, 17, 8, 16], [9, 22, 10, 23], [11, 21, 12, 20], [13, 1, 14, 24], [15, 7, 16, 6], [17, 15, 18, 14], [19, 3, 20, 2], [21, 4, 22, 5], [23, 19, 24, 18], [1, 13, 2, 12]]"
12a_0633_37,"[[1, 13, 2, 12], [3, 10, 4, 11], [5, 9, 6, 8], [7, 17, 8, 16], [9, 22, 10, 23], [11, 21, 12, 20], [13, 1, 14, 24], [15, 7, 16, 6], [17, 15, 18, 14], [19, 3, 20, 2], [21, 4, 22, 5], [23, 19, 24, 18]]"
12a_0633_38,"[[23, 19, 24, 18], [1, 13, 2, 12], [3, 10, 4, 11], [5, 9, 6, 8], [7, 17, 8, 16], [9, 22, 10, 23], [11, 21, 12, 20], [13, 1, 14, 24], [15, 7, 16, 6], [17, 15, 18, 14], [19, 3, 20, 2], [21, 4, 22, 5]]"
12a_0633_39,"[[21, 4, 22, 5], [23, 19, 24, 18], [1, 13, 2, 12], [3, 10, 4, 11], [5, 9, 6, 8], [7, 17, 8, 16], [9, 22, 10, 23], [11, 21, 12, 20], [13, 1, 14, 24], [15, 7, 16, 6], [17, 15, 18, 14], [19, 3, 20, 2]]"
12a_0633_40,"[[19, 3, 20, 2], [21, 4, 22, 5], [23, 19, 24, 18], [1, 13, 2, 12], [3, 10, 4, 11], [5, 9, 6, 8], [7, 17, 8, 16], [9, 22, 10, 23], [11, 21, 12, 20], [13, 1, 14, 24], [15, 7, 16, 6], [17, 15, 18, 14]]"
12a_0633_41,"[[17, 15, 18, 14], [19, 3, 20, 2], [21, 4, 22, 5], [23, 19, 24, 18], [1, 13, 2, 12], [3, 10, 4, 11], [5, 9, 6, 8], [7, 17, 8, 16], [9, 22, 10, 23], [11, 21, 12, 20], [13, 1, 14, 24], [15, 7, 16, 6]]"
12a_0633_42,"[[15, 7, 16, 6], [17, 15, 18, 14], [19, 3, 20, 2], [21, 4, 22, 5], [23, 19, 24, 18], [1, 13, 2, 12], [3, 10, 4, 11], [5, 9, 6, 8], [7, 17, 8, 16], [9, 22, 10, 23], [11, 21, 12, 20], [13, 1, 14, 24]]"
12a_0633_43,"[[13, 1, 14, 24], [15, 7, 16, 6], [17, 15, 18, 14], [19, 3, 20, 2], [21, 4, 22, 5], [23, 19, 24, 18], [1, 13, 2, 12], [3, 10, 4, 11], [5, 9, 6, 8], [7, 17, 8, 16], [9, 22, 10, 23], [11, 21, 12, 20]]"
12a_0633_44,"[[11, 21, 12, 20], [13, 1, 14, 24], [15, 7, 16, 6], [17, 15, 18, 14], [19, 3, 20, 2], [21, 4, 22, 5], [23, 19, 24, 18], [1, 13, 2, 12], [3, 10, 4, 11], [5, 9, 6, 8], [7, 17, 8, 16], [9, 22, 10, 23]]"
12a_0633_45,"[[9, 22, 10, 23], [11, 21, 12, 20], [13, 1, 14, 24], [15, 7, 16, 6], [17, 15, 18, 14], [19, 3, 20, 2], [21, 4, 22, 5], [23, 19, 24, 18], [1, 13, 2, 12], [3, 10, 4, 11], [5, 9, 6, 8], [7, 17, 8, 16]]"
12a_0633_46,"[[7, 17, 8, 16], [9, 22, 10, 23], [11, 21, 12, 20], [13, 1, 14, 24], [15, 7, 16, 6], [17, 15, 18, 14], [19, 3, 20, 2], [21, 4, 22, 5], [23, 19, 24, 18], [1, 13, 2, 12], [3, 10, 4, 11], [5, 9, 6, 8]]"
12a_0633_47,"[[5, 9, 6, 8], [7, 17, 8, 16], [9, 22, 10, 23], [11, 21, 12, 20], [13, 1, 14, 24], [15, 7, 16, 6], [17, 15, 18, 14], [19, 3, 20, 2], [21, 4, 22, 5], [23, 19, 24, 18], [1, 13, 2, 12], [3, 10, 4, 11]]"
12a_0633_48,"[[4, 11, 5, 12], [6, 10, 7, 9], [8, 18, 9, 17], [10, 23, 11, 24], [12, 22, 13, 21], [14, 2, 15, 1], [16, 8, 17, 7], [18, 16, 19, 15], [20, 4, 21, 3], [22, 5, 23, 6], [24, 20, 1, 19], [2, 14, 3, 13]]"
12a_0633_49,"[[2, 14, 3, 13], [4, 11, 5, 12], [6, 10, 7, 9], [8, 18, 9, 17], [10, 23, 11, 24], [12, 22, 13, 21], [14, 2, 15, 1], [16, 8, 17, 7], [18, 16, 19, 15], [20, 4, 21, 3], [22, 5, 23, 6], [24, 20, 1, 19]]"
12a_0633_50,"[[24, 20, 1, 19], [2, 14, 3, 13], [4, 11, 5, 12], [6, 10, 7, 9], [8, 18, 9, 17], [10, 23, 11, 24], [12, 22, 13, 21], [14, 2, 15, 1], [16, 8, 17, 7], [18, 16, 19, 15], [20, 4, 21, 3], [22, 5, 23, 6]]"
12a_0633_51,"[[22, 5, 23, 6], [24, 20, 1, 19], [2, 14, 3, 13], [4, 11, 5, 12], [6, 10, 7, 9], [8, 18, 9, 17], [10, 23, 11, 24], [12, 22, 13, 21], [14, 2, 15, 1], [16, 8, 17, 7], [18, 16, 19, 15], [20, 4, 21, 3]]"
12a_0633_52,"[[20, 4, 21, 3], [22, 5, 23, 6], [24, 20, 1, 19], [2, 14, 3, 13], [4, 11, 5, 12], [6, 10, 7, 9], [8, 18, 9, 17], [10, 23, 11, 24], [12, 22, 13, 21], [14, 2, 15, 1], [16, 8, 17, 7], [18, 16, 19, 15]]"
12a_0633_53,"[[18, 16, 19, 15], [20, 4, 21, 3], [22, 5, 23, 6], [24, 20, 1, 19], [2, 14, 3, 13], [4, 11, 5, 12], [6, 10, 7, 9], [8, 18, 9, 17], [10, 23, 11, 24], [12, 22, 13, 21], [14, 2, 15, 1], [16, 8, 17, 7]]"
12a_0633_54,"[[16, 8, 17, 7], [18, 16, 19, 15], [20, 4, 21, 3], [22, 5, 23, 6], [24, 20, 1, 19], [2, 14, 3, 13], [4, 11, 5, 12], [6, 10, 7, 9], [8, 18, 9, 17], [10, 23, 11, 24], [12, 22, 13, 21], [14, 2, 15, 1]]"
12a_0633_55,"[[14, 2, 15, 1], [16, 8, 17, 7], [18, 16, 19, 15], [20, 4, 21, 3], [22, 5, 23, 6], [24, 20, 1, 19], [2, 14, 3, 13], [4, 11, 5, 12], [6, 10, 7, 9], [8, 18, 9, 17], [10, 23, 11, 24], [12, 22, 13, 21]]"
12a_0633_56,"[[12, 22, 13, 21], [14, 2, 15, 1], [16, 8, 17, 7], [18, 16, 19, 15], [20, 4, 21, 3], [22, 5, 23, 6], [24, 20, 1, 19], [2, 14, 3, 13], [4, 11, 5, 12], [6, 10, 7, 9], [8, 18, 9, 17], [10, 23, 11, 24]]"
12a_0633_57,"[[10, 23, 11, 24], [12, 22, 13, 21], [14, 2, 15, 1], [16, 8, 17, 7], [18, 16, 19, 15], [20, 4, 21, 3], [22, 5, 23, 6], [24, 20, 1, 19], [2, 14, 3, 13], [4, 11, 5, 12], [6, 10, 7, 9], [8, 18, 9, 17]]"
12a_0633_58,"[[8, 18, 9, 17], [10, 23, 11, 24], [12, 22, 13, 21], [14, 2, 15, 1], [16, 8, 17, 7], [18, 16, 19, 15], [20, 4, 21, 3], [22, 5, 23, 6], [24, 20, 1, 19], [2, 14, 3, 13], [4, 11, 5, 12], [6, 10, 7, 9]]"
12a_0633_59,"[[6, 10, 7, 9], [8, 18, 9, 17], [10, 23, 11, 24], [12, 22, 13, 21], [14, 2, 15, 1], [16, 8, 17, 7], [18, 16, 19, 15], [20, 4, 21, 3], [22, 5, 23, 6], [24, 20, 1, 19], [2, 14, 3, 13], [4, 11, 5, 12]]"
12a_0633_60,"[[5, 12, 6, 13], [7, 11, 8, 10], [9, 19, 10, 18], [11, 24, 12, 1], [13, 23, 14, 22], [15, 3, 16, 2], [17, 9, 18, 8], [19, 17, 20, 16], [21, 5, 22, 4], [23, 6, 24, 7], [1, 21, 2, 20], [3, 15, 4, 14]]"
12a_0633_61,"[[3, 15, 4, 14], [5, 12, 6, 13], [7, 11, 8, 10], [9, 19, 10, 18], [11, 24, 12, 1], [13, 23, 14, 22], [15, 3, 16, 2], [17, 9, 18, 8], [19, 17, 20, 16], [21, 5, 22, 4], [23, 6, 24, 7], [1, 21, 2, 20]]"
12a_0633_62,"[[1, 21, 2, 20], [3, 15, 4, 14], [5, 12, 6, 13], [7, 11, 8, 10], [9, 19, 10, 18], [11, 24, 12, 1], [13, 23, 14, 22], [15, 3, 16, 2], [17, 9, 18, 8], [19, 17, 20, 16], [21, 5, 22, 4], [23, 6, 24, 7]]"
12a_0633_63,"[[23, 6, 24, 7], [1, 21, 2, 20], [3, 15, 4, 14], [5, 12, 6, 13], [7, 11, 8, 10], [9, 19, 10, 18], [11, 24, 12, 1], [13, 23, 14, 22], [15, 3, 16, 2], [17, 9, 18, 8], [19, 17, 20, 16], [21, 5, 22, 4]]"
12a_0633_64,"[[21, 5, 22, 4], [23, 6, 24, 7], [1, 21, 2, 20], [3, 15, 4, 14], [5, 12, 6, 13], [7, 11, 8, 10], [9, 19, 10, 18], [11, 24, 12, 1], [13, 23, 14, 22], [15, 3, 16, 2], [17, 9, 18, 8], [19, 17, 20, 16]]"
12a_0633_65,"[[19, 17, 20, 16], [21, 5, 22, 4], [23, 6, 24, 7], [1, 21, 2, 20], [3, 15, 4, 14], [5, 12, 6, 13], [7, 11, 8, 10], [9, 19, 10, 18], [11, 24, 12, 1], [13, 23, 14, 22], [15, 3, 16, 2], [17, 9, 18, 8]]"
12a_0633_66,"[[17, 9, 18, 8], [19, 17, 20, 16], [21, 5, 22, 4], [23, 6, 24, 7], [1, 21, 2, 20], [3, 15, 4, 14], [5, 12, 6, 13], [7, 11, 8, 10], [9, 19, 10, 18], [11, 24, 12, 1], [13, 23, 14, 22], [15, 3, 16, 2]]"
12a_0633_67,"[[15, 3, 16, 2], [17, 9, 18, 8], [19, 17, 20, 16], [21, 5, 22, 4], [23, 6, 24, 7], [1, 21, 2, 20], [3, 15, 4, 14], [5, 12, 6, 13], [7, 11, 8, 10], [9, 19, 10, 18], [11, 24, 12, 1], [13, 23, 14, 22]]"
12a_0633_68,"[[13, 23, 14, 22], [15, 3, 16, 2], [17, 9, 18, 8], [19, 17, 20, 16], [21, 5, 22, 4], [23, 6, 24, 7], [1, 21, 2, 20], [3, 15, 4, 14], [5, 12, 6, 13], [7, 11, 8, 10], [9, 19, 10, 18], [11, 24, 12, 1]]"
12a_0633_69,"[[11, 24, 12, 1], [13, 23, 14, 22], [15, 3, 16, 2], [17, 9, 18, 8], [19, 17, 20, 16], [21, 5, 22, 4], [23, 6, 24, 7], [1, 21, 2, 20], [3, 15, 4, 14], [5, 12, 6, 13], [7, 11, 8, 10], [9, 19, 10, 18]]"
12a_0633_70,"[[9, 19, 10, 18], [11, 24, 12, 1], [13, 23, 14, 22], [15, 3, 16, 2], [17, 9, 18, 8], [19, 17, 20, 16], [21, 5, 22, 4], [23, 6, 24, 7], [1, 21, 2, 20], [3, 15, 4, 14], [5, 12, 6, 13], [7, 11, 8, 10]]"
12a_0633_71,"[[7, 11, 8, 10], [9, 19, 10, 18], [11, 24, 12, 1], [13, 23, 14, 22], [15, 3, 16, 2], [17, 9, 18, 8], [19, 17, 20, 16], [21, 5, 22, 4], [23, 6, 24, 7], [1, 21, 2, 20], [3, 15, 4, 14], [5, 12, 6, 13]]"
12a_0633_72,"[[6, 13, 7, 14], [8, 12, 9, 11], [10, 20, 11, 19], [12, 1, 13, 2], [14, 24, 15, 23], [16, 4, 17, 3], [18, 10, 19, 9], [20, 18, 21, 17], [22, 6, 23, 5], [24, 7, 1, 8], [2, 22, 3, 21], [4, 16, 5, 15]]"
12a_0633_73,"[[4, 16, 5, 15], [6, 13, 7, 14], [8, 12, 9, 11], [10, 20, 11, 19], [12, 1, 13, 2], [14, 24, 15, 23], [16, 4, 17, 3], [18, 10, 19, 9], [20, 18, 21, 17], [22, 6, 23, 5], [24, 7, 1, 8], [2, 22, 3, 21]]"
12a_0633_74,"[[2, 22, 3, 21], [4, 16, 5, 15], [6, 13, 7, 14], [8, 12, 9, 11], [10, 20, 11, 19], [12, 1, 13, 2], [14, 24, 15, 23], [16, 4, 17, 3], [18, 10, 19, 9], [20, 18, 21, 17], [22, 6, 23, 5], [24, 7, 1, 8]]"
12a_0633_75,"[[24, 7, 1, 8], [2, 22, 3, 21], [4, 16, 5, 15], [6, 13, 7, 14], [8, 12, 9, 11], [10, 20, 11, 19], [12, 1, 13, 2], [14, 24, 15, 23], [16, 4, 17, 3], [18, 10, 19, 9], [20, 18, 21, 17], [22, 6, 23, 5]]"
12a_0633_76,"[[22, 6, 23, 5], [24, 7, 1, 8], [2, 22, 3, 21], [4, 16, 5, 15], [6, 13, 7, 14], [8, 12, 9, 11], [10, 20, 11, 19], [12, 1, 13, 2], [14, 24, 15, 23], [16, 4, 17, 3], [18, 10, 19, 9], [20, 18, 21, 17]]"
12a_0633_77,"[[20, 18, 21, 17], [22, 6, 23, 5], [24, 7, 1, 8], [2, 22, 3, 21], [4, 16, 5, 15], [6, 13, 7, 14], [8, 12, 9, 11], [10, 20, 11, 19], [12, 1, 13, 2], [14, 24, 15, 23], [16, 4, 17, 3], [18, 10, 19, 9]]"
12a_0633_78,"[[18, 10, 19, 9], [20, 18, 21, 17], [22, 6, 23, 5], [24, 7, 1, 8], [2, 22, 3, 21], [4, 16, 5, 15], [6, 13, 7, 14], [8, 12, 9, 11], [10, 20, 11, 19], [12, 1, 13, 2], [14, 24, 15, 23], [16, 4, 17, 3]]"
12a_0633_79,"[[16, 4, 17, 3], [18, 10, 19, 9], [20, 18, 21, 17], [22, 6, 23, 5], [24, 7, 1, 8], [2, 22, 3, 21], [4, 16, 5, 15], [6, 13, 7, 14], [8, 12, 9, 11], [10, 20, 11, 19], [12, 1, 13, 2], [14, 24, 15, 23]]"
12a_0633_80,"[[14, 24, 15, 23], [16, 4, 17, 3], [18, 10, 19, 9], [20, 18, 21, 17], [22, 6, 23, 5], [24, 7, 1, 8], [2, 22, 3, 21], [4, 16, 5, 15], [6, 13, 7, 14], [8, 12, 9, 11], [10, 20, 11, 19], [12, 1, 13, 2]]"
12a_0633_81,"[[12, 1, 13, 2], [14, 24, 15, 23], [16, 4, 17, 3], [18, 10, 19, 9], [20, 18, 21, 17], [22, 6, 23, 5], [24, 7, 1, 8], [2, 22, 3, 21], [4, 16, 5, 15], [6, 13, 7, 14], [8, 12, 9, 11], [10, 20, 11, 19]]"
12a_0633_82,"[[10, 20, 11, 19], [12, 1, 13, 2], [14, 24, 15, 23], [16, 4, 17, 3], [18, 10, 19, 9], [20, 18, 21, 17], [22, 6, 23, 5], [24, 7, 1, 8], [2, 22, 3, 21], [4, 16, 5, 15], [6, 13, 7, 14], [8, 12, 9, 11]]"
12a_0633_83,"[[8, 12, 9, 11], [10, 20, 11, 19], [12, 1, 13, 2], [14, 24, 15, 23], [16, 4, 17, 3], [18, 10, 19, 9], [20, 18, 21, 17], [22, 6, 23, 5], [24, 7, 1, 8], [2, 22, 3, 21], [4, 16, 5, 15], [6, 13, 7, 14]]"
12a_0633_84,"[[7, 14, 8, 15], [9, 13, 10, 12], [11, 21, 12, 20], [13, 2, 14, 3], [15, 1, 16, 24], [17, 5, 18, 4], [19, 11, 20, 10], [21, 19, 22, 18], [23, 7, 24, 6], [1, 8, 2, 9], [3, 23, 4, 22], [5, 17, 6, 16]]"
12a_0633_85,"[[5, 17, 6, 16], [7, 14, 8, 15], [9, 13, 10, 12], [11, 21, 12, 20], [13, 2, 14, 3], [15, 1, 16, 24], [17, 5, 18, 4], [19, 11, 20, 10], [21, 19, 22, 18], [23, 7, 24, 6], [1, 8, 2, 9], [3, 23, 4, 22]]"
12a_0633_86,"[[3, 23, 4, 22], [5, 17, 6, 16], [7, 14, 8, 15], [9, 13, 10, 12], [11, 21, 12, 20], [13, 2, 14, 3], [15, 1, 16, 24], [17, 5, 18, 4], [19, 11, 20, 10], [21, 19, 22, 18], [23, 7, 24, 6], [1, 8, 2, 9]]"
12a_0633_87,"[[1, 8, 2, 9], [3, 23, 4, 22], [5, 17, 6, 16], [7, 14, 8, 15], [9, 13, 10, 12], [11, 21, 12, 20], [13, 2, 14, 3], [15, 1, 16, 24], [17, 5, 18, 4], [19, 11, 20, 10], [21, 19, 22, 18], [23, 7, 24, 6]]"
12a_0633_88,"[[23, 7, 24, 6], [1, 8, 2, 9], [3, 23, 4, 22], [5, 17, 6, 16], [7, 14, 8, 15], [9, 13, 10, 12], [11, 21, 12, 20], [13, 2, 14, 3], [15, 1, 16, 24], [17, 5, 18, 4], [19, 11, 20, 10], [21, 19, 22, 18]]"
12a_0633_89,"[[21, 19, 22, 18], [23, 7, 24, 6], [1, 8, 2, 9], [3, 23, 4, 22], [5, 17, 6, 16], [7, 14, 8, 15], [9, 13, 10, 12], [11, 21, 12, 20], [13, 2, 14, 3], [15, 1, 16, 24], [17, 5, 18, 4], [19, 11, 20, 10]]"
12a_0633_90,"[[19, 11, 20, 10], [21, 19, 22, 18], [23, 7, 24, 6], [1, 8, 2, 9], [3, 23, 4, 22], [5, 17, 6, 16], [7, 14, 8, 15], [9, 13, 10, 12], [11, 21, 12, 20], [13, 2, 14, 3], [15, 1, 16, 24], [17, 5, 18, 4]]"
12a_0633_91,"[[17, 5, 18, 4], [19, 11, 20, 10], [21, 19, 22, 18], [23, 7, 24, 6], [1, 8, 2, 9], [3, 23, 4, 22], [5, 17, 6, 16], [7, 14, 8, 15], [9, 13, 10, 12], [11, 21, 12, 20], [13, 2, 14, 3], [15, 1, 16, 24]]"
12a_0633_92,"[[15, 1, 16, 24], [17, 5, 18, 4], [19, 11, 20, 10], [21, 19, 22, 18], [23, 7, 24, 6], [1, 8, 2, 9], [3, 23, 4, 22], [5, 17, 6, 16], [7, 14, 8, 15], [9, 13, 10, 12], [11, 21, 12, 20], [13, 2, 14, 3]]"
12a_0633_93,"[[13, 2, 14, 3], [15, 1, 16, 24], [17, 5, 18, 4], [19, 11, 20, 10], [21, 19, 22, 18], [23, 7, 24, 6], [1, 8, 2, 9], [3, 23, 4, 22], [5, 17, 6, 16], [7, 14, 8, 15], [9, 13, 10, 12], [11, 21, 12, 20]]"
12a_0633_94,"[[11, 21, 12, 20], [13, 2, 14, 3], [15, 1, 16, 24], [17, 5, 18, 4], [19, 11, 20, 10], [21, 19, 22, 18], [23, 7, 24, 6], [1, 8, 2, 9], [3, 23, 4, 22], [5, 17, 6, 16], [7, 14, 8, 15], [9, 13, 10, 12]]"
12a_0633_95,"[[9, 13, 10, 12], [11, 21, 12, 20], [13, 2, 14, 3], [15, 1, 16, 24], [17, 5, 18, 4], [19, 11, 20, 10], [21, 19, 22, 18], [23, 7, 24, 6], [1, 8, 2, 9], [3, 23, 4, 22], [5, 17, 6, 16], [7, 14, 8, 15]]"
12a_0633_96,"[[8, 15, 9, 16], [10, 14, 11, 13], [12, 22, 13, 21], [14, 3, 15, 4], [16, 2, 17, 1], [18, 6, 19, 5], [20, 12, 21, 11], [22, 20, 23, 19], [24, 8, 1, 7], [2, 9, 3, 10], [4, 24, 5, 23], [6, 18, 7, 17]]"
12a_0633_97,"[[6, 18, 7, 17], [8, 15, 9, 16], [10, 14, 11, 13], [12, 22, 13, 21], [14, 3, 15, 4], [16, 2, 17, 1], [18, 6, 19, 5], [20, 12, 21, 11], [22, 20, 23, 19], [24, 8, 1, 7], [2, 9, 3, 10], [4, 24, 5, 23]]"
12a_0633_98,"[[4, 24, 5, 23], [6, 18, 7, 17], [8, 15, 9, 16], [10, 14, 11, 13], [12, 22, 13, 21], [14, 3, 15, 4], [16, 2, 17, 1], [18, 6, 19, 5], [20, 12, 21, 11], [22, 20, 23, 19], [24, 8, 1, 7], [2, 9, 3, 10]]"
12a_0633_99,"[[2, 9, 3, 10], [4, 24, 5, 23], [6, 18, 7, 17], [8, 15, 9, 16], [10, 14, 11, 13], [12, 22, 13, 21], [14, 3, 15, 4], [16, 2, 17, 1], [18, 6, 19, 5], [20, 12, 21, 11], [22, 20, 23, 19], [24, 8, 1, 7]]"
12a_0633_100,"[[24, 8, 1, 7], [2, 9, 3, 10], [4, 24, 5, 23], [6, 18, 7, 17], [8, 15, 9, 16], [10, 14, 11, 13], [12, 22, 13, 21], [14, 3, 15, 4], [16, 2, 17, 1], [18, 6, 19, 5], [20, 12, 21, 11], [22, 20, 23, 19]]"
12a_0633_101,"[[22, 20, 23, 19], [24, 8, 1, 7], [2, 9, 3, 10], [4, 24, 5, 23], [6, 18, 7, 17], [8, 15, 9, 16], [10, 14, 11, 13], [12, 22, 13, 21], [14, 3, 15, 4], [16, 2, 17, 1], [18, 6, 19, 5], [20, 12, 21, 11]]"
12a_0633_102,"[[20, 12, 21, 11], [22, 20, 23, 19], [24, 8, 1, 7], [2, 9, 3, 10], [4, 24, 5, 23], [6, 18, 7, 17], [8, 15, 9, 16], [10, 14, 11, 13], [12, 22, 13, 21], [14, 3, 15, 4], [16, 2, 17, 1], [18, 6, 19, 5]]"
12a_0633_103,"[[18, 6, 19, 5], [20, 12, 21, 11], [22, 20, 23, 19], [24, 8, 1, 7], [2, 9, 3, 10], [4, 24, 5, 23], [6, 18, 7, 17], [8, 15, 9, 16], [10, 14, 11, 13], [12, 22, 13, 21], [14, 3, 15, 4], [16, 2, 17, 1]]"
12a_0633_104,"[[16, 2, 17, 1], [18, 6, 19, 5], [20, 12, 21, 11], [22, 20, 23, 19], [24, 8, 1, 7], [2, 9, 3, 10], [4, 24, 5, 23], [6, 18, 7, 17], [8, 15, 9, 16], [10, 14, 11, 13], [12, 22, 13, 21], [14, 3, 15, 4]]"
12a_0633_105,"[[14, 3, 15, 4], [16, 2, 17, 1], [18, 6, 19, 5], [20, 12, 21, 11], [22, 20, 23, 19], [24, 8, 1, 7], [2, 9, 3, 10], [4, 24, 5, 23], [6, 18, 7, 17], [8, 15, 9, 16], [10, 14, 11, 13], [12, 22, 13, 21]]"
12a_0633_106,"[[12, 22, 13, 21], [14, 3, 15, 4], [16, 2, 17, 1], [18, 6, 19, 5], [20, 12, 21, 11], [22, 20, 23, 19], [24, 8, 1, 7], [2, 9, 3, 10], [4, 24, 5, 23], [6, 18, 7, 17], [8, 15, 9, 16], [10, 14, 11, 13]]"
12a_0633_107,"[[10, 14, 11, 13], [12, 22, 13, 21], [14, 3, 15, 4], [16, 2, 17, 1], [18, 6, 19, 5], [20, 12, 21, 11], [22, 20, 23, 19], [24, 8, 1, 7], [2, 9, 3, 10], [4, 24, 5, 23], [6, 18, 7, 17], [8, 15, 9, 16]]"
12a_0633_108,"[[9, 16, 10, 17], [11, 15, 12, 14], [13, 23, 14, 22], [15, 4, 16, 5], [17, 3, 18, 2], [19, 7, 20, 6], [21, 13, 22, 12], [23, 21, 24, 20], [1, 9, 2, 8], [3, 10, 4, 11], [5, 1, 6, 24], [7, 19, 8, 18]]"
12a_0633_109,"[[7, 19, 8, 18], [9, 16, 10, 17], [11, 15, 12, 14], [13, 23, 14, 22], [15, 4, 16, 5], [17, 3, 18, 2], [19, 7, 20, 6], [21, 13, 22, 12], [23, 21, 24, 20], [1, 9, 2, 8], [3, 10, 4, 11], [5, 1, 6, 24]]"
12a_0633_110,"[[5, 1, 6, 24], [7, 19, 8, 18], [9, 16, 10, 17], [11, 15, 12, 14], [13, 23, 14, 22], [15, 4, 16, 5], [17, 3, 18, 2], [19, 7, 20, 6], [21, 13, 22, 12], [23, 21, 24, 20], [1, 9, 2, 8], [3, 10, 4, 11]]"
12a_0633_111,"[[3, 10, 4, 11], [5, 1, 6, 24], [7, 19, 8, 18], [9, 16, 10, 17], [11, 15, 12, 14], [13, 23, 14, 22], [15, 4, 16, 5], [17, 3, 18, 2], [19, 7, 20, 6], [21, 13, 22, 12], [23, 21, 24, 20], [1, 9, 2, 8]]"
12a_0633_112,"[[1, 9, 2, 8], [3, 10, 4, 11], [5, 1, 6, 24], [7, 19, 8, 18], [9, 16, 10, 17], [11, 15, 12, 14], [13, 23, 14, 22], [15, 4, 16, 5], [17, 3, 18, 2], [19, 7, 20, 6], [21, 13, 22, 12], [23, 21, 24, 20]]"
12a_0633_113,"[[23, 21, 24, 20], [1, 9, 2, 8], [3, 10, 4, 11], [5, 1, 6, 24], [7, 19, 8, 18], [9, 16, 10, 17], [11, 15, 12, 14], [13, 23, 14, 22], [15, 4, 16, 5], [17, 3, 18, 2], [19, 7, 20, 6], [21, 13, 22, 12]]"
12a_0633_114,"[[21, 13, 22, 12], [23, 21, 24, 20], [1, 9, 2, 8], [3, 10, 4, 11], [5, 1, 6, 24], [7, 19, 8, 18], [9, 16, 10, 17], [11, 15, 12, 14], [13, 23, 14, 22], [15, 4, 16, 5], [17, 3, 18, 2], [19, 7, 20, 6]]"
12a_0633_115,"[[19, 7, 20, 6], [21, 13, 22, 12], [23, 21, 24, 20], [1, 9, 2, 8], [3, 10, 4, 11], [5, 1, 6, 24], [7, 19, 8, 18], [9, 16, 10, 17], [11, 15, 12, 14], [13, 23, 14, 22], [15, 4, 16, 5], [17, 3, 18, 2]]"
12a_0633_116,"[[17, 3, 18, 2], [19, 7, 20, 6], [21, 13, 22, 12], [23, 21, 24, 20], [1, 9, 2, 8], [3, 10, 4, 11], [5, 1, 6, 24], [7, 19, 8, 18], [9, 16, 10, 17], [11, 15, 12, 14], [13, 23, 14, 22], [15, 4, 16, 5]]"
12a_0633_117,"[[15, 4, 16, 5], [17, 3, 18, 2], [19, 7, 20, 6], [21, 13, 22, 12], [23, 21, 24, 20], [1, 9, 2, 8], [3, 10, 4, 11], [5, 1, 6, 24], [7, 19, 8, 18], [9, 16, 10, 17], [11, 15, 12, 14], [13, 23, 14, 22]]"
12a_0633_118,"[[13, 23, 14, 22], [15, 4, 16, 5], [17, 3, 18, 2], [19, 7, 20, 6], [21, 13, 22, 12], [23, 21, 24, 20], [1, 9, 2, 8], [3, 10, 4, 11], [5, 1, 6, 24], [7, 19, 8, 18], [9, 16, 10, 17], [11, 15, 12, 14]]"
12a_0633_119,"[[11, 15, 12, 14], [13, 23, 14, 22], [15, 4, 16, 5], [17, 3, 18, 2], [19, 7, 20, 6], [21, 13, 22, 12], [23, 21, 24, 20], [1, 9, 2, 8], [3, 10, 4, 11], [5, 1, 6, 24], [7, 19, 8, 18], [9, 16, 10, 17]]"
12a_0633_120,"[[10, 17, 11, 18], [12, 16, 13, 15], [14, 24, 15, 23], [16, 5, 17, 6], [18, 4, 19, 3], [20, 8, 21, 7], [22, 14, 23, 13], [24, 22, 1, 21], [2, 10, 3, 9], [4, 11, 5, 12], [6, 2, 7, 1], [8, 20, 9, 19]]"
12a_0633_121,"[[8, 20, 9, 19], [10, 17, 11, 18], [12, 16, 13, 15], [14, 24, 15, 23], [16, 5, 17, 6], [18, 4, 19, 3], [20, 8, 21, 7], [22, 14, 23, 13], [24, 22, 1, 21], [2, 10, 3, 9], [4, 11, 5, 12], [6, 2, 7, 1]]"
12a_0633_122,"[[6, 2, 7, 1], [8, 20, 9, 19], [10, 17, 11, 18], [12, 16, 13, 15], [14, 24, 15, 23], [16, 5, 17, 6], [18, 4, 19, 3], [20, 8, 21, 7], [22, 14, 23, 13], [24, 22, 1, 21], [2, 10, 3, 9], [4, 11, 5, 12]]"
12a_0633_123,"[[4, 11, 5, 12], [6, 2, 7, 1], [8, 20, 9, 19], [10, 17, 11, 18], [12, 16, 13, 15], [14, 24, 15, 23], [16, 5, 17, 6], [18, 4, 19, 3], [20, 8, 21, 7], [22, 14, 23, 13], [24, 22, 1, 21], [2, 10, 3, 9]]"
12a_0633_124,"[[2, 10, 3, 9], [4, 11, 5, 12], [6, 2, 7, 1], [8, 20, 9, 19], [10, 17, 11, 18], [12, 16, 13, 15], [14, 24, 15, 23], [16, 5, 17, 6], [18, 4, 19, 3], [20, 8, 21, 7], [22, 14, 23, 13], [24, 22, 1, 21]]"
12a_0633_125,"[[24, 22, 1, 21], [2, 10, 3, 9], [4, 11, 5, 12], [6, 2, 7, 1], [8, 20, 9, 19], [10, 17, 11, 18], [12, 16, 13, 15], [14, 24, 15, 23], [16, 5, 17, 6], [18, 4, 19, 3], [20, 8, 21, 7], [22, 14, 23, 13]]"
12a_0633_126,"[[22, 14, 23, 13], [24, 22, 1, 21], [2, 10, 3, 9], [4, 11, 5, 12], [6, 2, 7, 1], [8, 20, 9, 19], [10, 17, 11, 18], [12, 16, 13, 15], [14, 24, 15, 23], [16, 5, 17, 6], [18, 4, 19, 3], [20, 8, 21, 7]]"
12a_0633_127,"[[20, 8, 21, 7], [22, 14, 23, 13], [24, 22, 1, 21], [2, 10, 3, 9], [4, 11, 5, 12], [6, 2, 7, 1], [8, 20, 9, 19], [10, 17, 11, 18], [12, 16, 13, 15], [14, 24, 15, 23], [16, 5, 17, 6], [18, 4, 19, 3]]"
12a_0633_128,"[[18, 4, 19, 3], [20, 8, 21, 7], [22, 14, 23, 13], [24, 22, 1, 21], [2, 10, 3, 9], [4, 11, 5, 12], [6, 2, 7, 1], [8, 20, 9, 19], [10, 17, 11, 18], [12, 16, 13, 15], [14, 24, 15, 23], [16, 5, 17, 6]]"
12a_0633_129,"[[16, 5, 17, 6], [18, 4, 19, 3], [20, 8, 21, 7], [22, 14, 23, 13], [24, 22, 1, 21], [2, 10, 3, 9], [4, 11, 5, 12], [6, 2, 7, 1], [8, 20, 9, 19], [10, 17, 11, 18], [12, 16, 13, 15], [14, 24, 15, 23]]"
12a_0633_130,"[[14, 24, 15, 23], [16, 5, 17, 6], [18, 4, 19, 3], [20, 8, 21, 7], [22, 14, 23, 13], [24, 22, 1, 21], [2, 10, 3, 9], [4, 11, 5, 12], [6, 2, 7, 1], [8, 20, 9, 19], [10, 17, 11, 18], [12, 16, 13, 15]]"
12a_0633_131,"[[12, 16, 13, 15], [14, 24, 15, 23], [16, 5, 17, 6], [18, 4, 19, 3], [20, 8, 21, 7], [22, 14, 23, 13], [24, 22, 1, 21], [2, 10, 3, 9], [4, 11, 5, 12], [6, 2, 7, 1], [8, 20, 9, 19], [10, 17, 11, 18]]"
12a_0633_132,"[[11, 18, 12, 19], [13, 17, 14, 16], [15, 1, 16, 24], [17, 6, 18, 7], [19, 5, 20, 4], [21, 9, 22, 8], [23, 15, 24, 14], [1, 23, 2, 22], [3, 11, 4, 10], [5, 12, 6, 13], [7, 3, 8, 2], [9, 21, 10, 20]]"
12a_0633_133,"[[9, 21, 10, 20], [11, 18, 12, 19], [13, 17, 14, 16], [15, 1, 16, 24], [17, 6, 18, 7], [19, 5, 20, 4], [21, 9, 22, 8], [23, 15, 24, 14], [1, 23, 2, 22], [3, 11, 4, 10], [5, 12, 6, 13], [7, 3, 8, 2]]"
12a_0633_134,"[[7, 3, 8, 2], [9, 21, 10, 20], [11, 18, 12, 19], [13, 17, 14, 16], [15, 1, 16, 24], [17, 6, 18, 7], [19, 5, 20, 4], [21, 9, 22, 8], [23, 15, 24, 14], [1, 23, 2, 22], [3, 11, 4, 10], [5, 12, 6, 13]]"
12a_0633_135,"[[5, 12, 6, 13], [7, 3, 8, 2], [9, 21, 10, 20], [11, 18, 12, 19], [13, 17, 14, 16], [15, 1, 16, 24], [17, 6, 18, 7], [19, 5, 20, 4], [21, 9, 22, 8], [23, 15, 24, 14], [1, 23, 2, 22], [3, 11, 4, 10]]"
12a_0633_136,"[[3, 11, 4, 10], [5, 12, 6, 13], [7, 3, 8, 2], [9, 21, 10, 20], [11, 18, 12, 19], [13, 17, 14, 16], [15, 1, 16, 24], [17, 6, 18, 7], [19, 5, 20, 4], [21, 9, 22, 8], [23, 15, 24, 14], [1, 23, 2, 22]]"
12a_0633_137,"[[1, 23, 2, 22], [3, 11, 4, 10], [5, 12, 6, 13], [7, 3, 8, 2], [9, 21, 10, 20], [11, 18, 12, 19], [13, 17, 14, 16], [15, 1, 16, 24], [17, 6, 18, 7], [19, 5, 20, 4], [21, 9, 22, 8], [23, 15, 24, 14]]"
12a_0633_138,"[[23, 15, 24, 14], [1, 23, 2, 22], [3, 11, 4, 10], [5, 12, 6, 13], [7, 3, 8, 2], [9, 21, 10, 20], [11, 18, 12, 19], [13, 17, 14, 16], [15, 1, 16, 24], [17, 6, 18, 7], [19, 5, 20, 4], [21, 9, 22, 8]]"
12a_0633_139,"[[21, 9, 22, 8], [23, 15, 24, 14], [1, 23, 2, 22], [3, 11, 4, 10], [5, 12, 6, 13], [7, 3, 8, 2], [9, 21, 10, 20], [11, 18, 12, 19], [13, 17, 14, 16], [15, 1, 16, 24], [17, 6, 18, 7], [19, 5, 20, 4]]"
12a_0633_140,"[[19, 5, 20, 4], [21, 9, 22, 8], [23, 15, 24, 14], [1, 23, 2, 22], [3, 11, 4, 10], [5, 12, 6, 13], [7, 3, 8, 2], [9, 21, 10, 20], [11, 18, 12, 19], [13, 17, 14, 16], [15, 1, 16, 24], [17, 6, 18, 7]]"
12a_0633_141,"[[17, 6, 18, 7], [19, 5, 20, 4], [21, 9, 22, 8], [23, 15, 24, 14], [1, 23, 2, 22], [3, 11, 4, 10], [5, 12, 6, 13], [7, 3, 8, 2], [9, 21, 10, 20], [11, 18, 12, 19], [13, 17, 14, 16], [15, 1, 16, 24]]"
12a_0633_142,"[[15, 1, 16, 24], [17, 6, 18, 7], [19, 5, 20, 4], [21, 9, 22, 8], [23, 15, 24, 14], [1, 23, 2, 22], [3, 11, 4, 10], [5, 12, 6, 13], [7, 3, 8, 2], [9, 21, 10, 20], [11, 18, 12, 19], [13, 17, 14, 16]]"
12a_0633_143,"[[13, 17, 14, 16], [15, 1, 16, 24], [17, 6, 18, 7], [19, 5, 20, 4], [21, 9, 22, 8], [23, 15, 24, 14], [1, 23, 2, 22], [3, 11, 4, 10], [5, 12, 6, 13], [7, 3, 8, 2], [9, 21, 10, 20], [11, 18, 12, 19]]"
12a_0633_144,"[[12, 19, 13, 20], [14, 18, 15, 17], [16, 2, 17, 1], [18, 7, 19, 8], [20, 6, 21, 5], [22, 10, 23, 9], [24, 16, 1, 15], [2, 24, 3, 23], [4, 12, 5, 11], [6, 13, 7, 14], [8, 4, 9, 3], [10, 22, 11, 21]]"
12a_0633_145,"[[10, 22, 11, 21], [12, 19, 13, 20], [14, 18, 15, 17], [16, 2, 17, 1], [18, 7, 19, 8], [20, 6, 21, 5], [22, 10, 23, 9], [24, 16, 1, 15], [2, 24, 3, 23], [4, 12, 5, 11], [6, 13, 7, 14], [8, 4, 9, 3]]"
12a_0633_146,"[[8, 4, 9, 3], [10, 22, 11, 21], [12, 19, 13, 20], [14, 18, 15, 17], [16, 2, 17, 1], [18, 7, 19, 8], [20, 6, 21, 5], [22, 10, 23, 9], [24, 16, 1, 15], [2, 24, 3, 23], [4, 12, 5, 11], [6, 13, 7, 14]]"
12a_0633_147,"[[6, 13, 7, 14], [8, 4, 9, 3], [10, 22, 11, 21], [12, 19, 13, 20], [14, 18, 15, 17], [16, 2, 17, 1], [18, 7, 19, 8], [20, 6, 21, 5], [22, 10, 23, 9], [24, 16, 1, 15], [2, 24, 3, 23], [4, 12, 5, 11]]"
12a_0633_148,"[[4, 12, 5, 11], [6, 13, 7, 14], [8, 4, 9, 3], [10, 22, 11, 21], [12, 19, 13, 20], [14, 18, 15, 17], [16, 2, 17, 1], [18, 7, 19, 8], [20, 6, 21, 5], [22, 10, 23, 9], [24, 16, 1, 15], [2, 24, 3, 23]]"
12a_0633_149,"[[2, 24, 3, 23], [4, 12, 5, 11], [6, 13, 7, 14], [8, 4, 9, 3], [10, 22, 11, 21], [12, 19, 13, 20], [14, 18, 15, 17], [16, 2, 17, 1], [18, 7, 19, 8], [20, 6, 21, 5], [22, 10, 23, 9], [24, 16, 1, 15]]"
12a_0633_150,"[[24, 16, 1, 15], [2, 24, 3, 23], [4, 12, 5, 11], [6, 13, 7, 14], [8, 4, 9, 3], [10, 22, 11, 21], [12, 19, 13, 20], [14, 18, 15, 17], [16, 2, 17, 1], [18, 7, 19, 8], [20, 6, 21, 5], [22, 10, 23, 9]]"
12a_0633_151,"[[22, 10, 23, 9], [24, 16, 1, 15], [2, 24, 3, 23], [4, 12, 5, 11], [6, 13, 7, 14], [8, 4, 9, 3], [10, 22, 11, 21], [12, 19, 13, 20], [14, 18, 15, 17], [16, 2, 17, 1], [18, 7, 19, 8], [20, 6, 21, 5]]"
12a_0633_152,"[[20, 6, 21, 5], [22, 10, 23, 9], [24, 16, 1, 15], [2, 24, 3, 23], [4, 12, 5, 11], [6, 13, 7, 14], [8, 4, 9, 3], [10, 22, 11, 21], [12, 19, 13, 20], [14, 18, 15, 17], [16, 2, 17, 1], [18, 7, 19, 8]]"
12a_0633_153,"[[18, 7, 19, 8], [20, 6, 21, 5], [22, 10, 23, 9], [24, 16, 1, 15], [2, 24, 3, 23], [4, 12, 5, 11], [6, 13, 7, 14], [8, 4, 9, 3], [10, 22, 11, 21], [12, 19, 13, 20], [14, 18, 15, 17], [16, 2, 17, 1]]"
12a_0633_154,"[[16, 2, 17, 1], [18, 7, 19, 8], [20, 6, 21, 5], [22, 10, 23, 9], [24, 16, 1, 15], [2, 24, 3, 23], [4, 12, 5, 11], [6, 13, 7, 14], [8, 4, 9, 3], [10, 22, 11, 21], [12, 19, 13, 20], [14, 18, 15, 17]]"
12a_0633_155,"[[14, 18, 15, 17], [16, 2, 17, 1], [18, 7, 19, 8], [20, 6, 21, 5], [22, 10, 23, 9], [24, 16, 1, 15], [2, 24, 3, 23], [4, 12, 5, 11], [6, 13, 7, 14], [8, 4, 9, 3], [10, 22, 11, 21], [12, 19, 13, 20]]"
12a_0633_156,"[[13, 20, 14, 21], [15, 19, 16, 18], [17, 3, 18, 2], [19, 8, 20, 9], [21, 7, 22, 6], [23, 11, 24, 10], [1, 17, 2, 16], [3, 1, 4, 24], [5, 13, 6, 12], [7, 14, 8, 15], [9, 5, 10, 4], [11, 23, 12, 22]]"
12a_0633_157,"[[11, 23, 12, 22], [13, 20, 14, 21], [15, 19, 16, 18], [17, 3, 18, 2], [19, 8, 20, 9], [21, 7, 22, 6], [23, 11, 24, 10], [1, 17, 2, 16], [3, 1, 4, 24], [5, 13, 6, 12], [7, 14, 8, 15], [9, 5, 10, 4]]"
12a_0633_158,"[[9, 5, 10, 4], [11, 23, 12, 22], [13, 20, 14, 21], [15, 19, 16, 18], [17, 3, 18, 2], [19, 8, 20, 9], [21, 7, 22, 6], [23, 11, 24, 10], [1, 17, 2, 16], [3, 1, 4, 24], [5, 13, 6, 12], [7, 14, 8, 15]]"
12a_0633_159,"[[7, 14, 8, 15], [9, 5, 10, 4], [11, 23, 12, 22], [13, 20, 14, 21], [15, 19, 16, 18], [17, 3, 18, 2], [19, 8, 20, 9], [21, 7, 22, 6], [23, 11, 24, 10], [1, 17, 2, 16], [3, 1, 4, 24], [5, 13, 6, 12]]"
12a_0633_160,"[[5, 13, 6, 12], [7, 14, 8, 15], [9, 5, 10, 4], [11, 23, 12, 22], [13, 20, 14, 21], [15, 19, 16, 18], [17, 3, 18, 2], [19, 8, 20, 9], [21, 7, 22, 6], [23, 11, 24, 10], [1, 17, 2, 16], [3, 1, 4, 24]]"
12a_0633_161,"[[3, 1, 4, 24], [5, 13, 6, 12], [7, 14, 8, 15], [9, 5, 10, 4], [11, 23, 12, 22], [13, 20, 14, 21], [15, 19, 16, 18], [17, 3, 18, 2], [19, 8, 20, 9], [21, 7, 22, 6], [23, 11, 24, 10], [1, 17, 2, 16]]"
12a_0633_162,"[[1, 17, 2, 16], [3, 1, 4, 24], [5, 13, 6, 12], [7, 14, 8, 15], [9, 5, 10, 4], [11, 23, 12, 22], [13, 20, 14, 21], [15, 19, 16, 18], [17, 3, 18, 2], [19, 8, 20, 9], [21, 7, 22, 6], [23, 11, 24, 10]]"
12a_0633_163,"[[23, 11, 24, 10], [1, 17, 2, 16], [3, 1, 4, 24], [5, 13, 6, 12], [7, 14, 8, 15], [9, 5, 10, 4], [11, 23, 12, 22], [13, 20, 14, 21], [15, 19, 16, 18], [17, 3, 18, 2], [19, 8, 20, 9], [21, 7, 22, 6]]"
12a_0633_164,"[[21, 7, 22, 6], [23, 11, 24, 10], [1, 17, 2, 16], [3, 1, 4, 24], [5, 13, 6, 12], [7, 14, 8, 15], [9, 5, 10, 4], [11, 23, 12, 22], [13, 20, 14, 21], [15, 19, 16, 18], [17, 3, 18, 2], [19, 8, 20, 9]]"
12a_0633_165,"[[19, 8, 20, 9], [21, 7, 22, 6], [23, 11, 24, 10], [1, 17, 2, 16], [3, 1, 4, 24], [5, 13, 6, 12], [7, 14, 8, 15], [9, 5, 10, 4], [11, 23, 12, 22], [13, 20, 14, 21], [15, 19, 16, 18], [17, 3, 18, 2]]"
12a_0633_166,"[[17, 3, 18, 2], [19, 8, 20, 9], [21, 7, 22, 6], [23, 11, 24, 10], [1, 17, 2, 16], [3, 1, 4, 24], [5, 13, 6, 12], [7, 14, 8, 15], [9, 5, 10, 4], [11, 23, 12, 22], [13, 20, 14, 21], [15, 19, 16, 18]]"
12a_0633_167,"[[15, 19, 16, 18], [17, 3, 18, 2], [19, 8, 20, 9], [21, 7, 22, 6], [23, 11, 24, 10], [1, 17, 2, 16], [3, 1, 4, 24], [5, 13, 6, 12], [7, 14, 8, 15], [9, 5, 10, 4], [11, 23, 12, 22], [13, 20, 14, 21]]"
12a_0633_168,"[[14, 21, 15, 22], [16, 20, 17, 19], [18, 4, 19, 3], [20, 9, 21, 10], [22, 8, 23, 7], [24, 12, 1, 11], [2, 18, 3, 17], [4, 2, 5, 1], [6, 14, 7, 13], [8, 15, 9, 16], [10, 6, 11, 5], [12, 24, 13, 23]]"
12a_0633_169,"[[12, 24, 13, 23], [14, 21, 15, 22], [16, 20, 17, 19], [18, 4, 19, 3], [20, 9, 21, 10], [22, 8, 23, 7], [24, 12, 1, 11], [2, 18, 3, 17], [4, 2, 5, 1], [6, 14, 7, 13], [8, 15, 9, 16], [10, 6, 11, 5]]"
12a_0633_170,"[[10, 6, 11, 5], [12, 24, 13, 23], [14, 21, 15, 22], [16, 20, 17, 19], [18, 4, 19, 3], [20, 9, 21, 10], [22, 8, 23, 7], [24, 12, 1, 11], [2, 18, 3, 17], [4, 2, 5, 1], [6, 14, 7, 13], [8, 15, 9, 16]]"
12a_0633_171,"[[8, 15, 9, 16], [10, 6, 11, 5], [12, 24, 13, 23], [14, 21, 15, 22], [16, 20, 17, 19], [18, 4, 19, 3], [20, 9, 21, 10], [22, 8, 23, 7], [24, 12, 1, 11], [2, 18, 3, 17], [4, 2, 5, 1], [6, 14, 7, 13]]"
12a_0633_172,"[[6, 14, 7, 13], [8, 15, 9, 16], [10, 6, 11, 5], [12, 24, 13, 23], [14, 21, 15, 22], [16, 20, 17, 19], [18, 4, 19, 3], [20, 9, 21, 10], [22, 8, 23, 7], [24, 12, 1, 11], [2, 18, 3, 17], [4, 2, 5, 1]]"
12a_0633_173,"[[4, 2, 5, 1], [6, 14, 7, 13], [8, 15, 9, 16], [10, 6, 11, 5], [12, 24, 13, 23], [14, 21, 15, 22], [16, 20, 17, 19], [18, 4, 19, 3], [20, 9, 21, 10], [22, 8, 23, 7], [24, 12, 1, 11], [2, 18, 3, 17]]"
12a_0633_174,"[[2, 18, 3, 17], [4, 2, 5, 1], [6, 14, 7, 13], [8, 15, 9, 16], [10, 6, 11, 5], [12, 24, 13, 23], [14, 21, 15, 22], [16, 20, 17, 19], [18, 4, 19, 3], [20, 9, 21, 10], [22, 8, 23, 7], [24, 12, 1, 11]]"
12a_0633_175,"[[24, 12, 1, 11], [2, 18, 3, 17], [4, 2, 5, 1], [6, 14, 7, 13], [8, 15, 9, 16], [10, 6, 11, 5], [12, 24, 13, 23], [14, 21, 15, 22], [16, 20, 17, 19], [18, 4, 19, 3], [20, 9, 21, 10], [22, 8, 23, 7]]"
12a_0633_176,"[[22, 8, 23, 7], [24, 12, 1, 11], [2, 18, 3, 17], [4, 2, 5, 1], [6, 14, 7, 13], [8, 15, 9, 16], [10, 6, 11, 5], [12, 24, 13, 23], [14, 21, 15, 22], [16, 20, 17, 19], [18, 4, 19, 3], [20, 9, 21, 10]]"
12a_0633_177,"[[20, 9, 21, 10], [22, 8, 23, 7], [24, 12, 1, 11], [2, 18, 3, 17], [4, 2, 5, 1], [6, 14, 7, 13], [8, 15, 9, 16], [10, 6, 11, 5], [12, 24, 13, 23], [14, 21, 15, 22], [16, 20, 17, 19], [18, 4, 19, 3]]"
12a_0633_178,"[[18, 4, 19, 3], [20, 9, 21, 10], [22, 8, 23, 7], [24, 12, 1, 11], [2, 18, 3, 17], [4, 2, 5, 1], [6, 14, 7, 13], [8, 15, 9, 16], [10, 6, 11, 5], [12, 24, 13, 23], [14, 21, 15, 22], [16, 20, 17, 19]]"
12a_0633_179,"[[16, 20, 17, 19], [18, 4, 19, 3], [20, 9, 21, 10], [22, 8, 23, 7], [24, 12, 1, 11], [2, 18, 3, 17], [4, 2, 5, 1], [6, 14, 7, 13], [8, 15, 9, 16], [10, 6, 11, 5], [12, 24, 13, 23], [14, 21, 15, 22]]"
12a_0633_180,"[[15, 22, 16, 23], [17, 21, 18, 20], [19, 5, 20, 4], [21, 10, 22, 11], [23, 9, 24, 8], [1, 13, 2, 12], [3, 19, 4, 18], [5, 3, 6, 2], [7, 15, 8, 14], [9, 16, 10, 17], [11, 7, 12, 6], [13, 1, 14, 24]]"
12a_0633_181,"[[13, 1, 14, 24], [15, 22, 16, 23], [17, 21, 18, 20], [19, 5, 20, 4], [21, 10, 22, 11], [23, 9, 24, 8], [1, 13, 2, 12], [3, 19, 4, 18], [5, 3, 6, 2], [7, 15, 8, 14], [9, 16, 10, 17], [11, 7, 12, 6]]"
12a_0633_182,"[[11, 7, 12, 6], [13, 1, 14, 24], [15, 22, 16, 23], [17, 21, 18, 20], [19, 5, 20, 4], [21, 10, 22, 11], [23, 9, 24, 8], [1, 13, 2, 12], [3, 19, 4, 18], [5, 3, 6, 2], [7, 15, 8, 14], [9, 16, 10, 17]]"
12a_0633_183,"[[9, 16, 10, 17], [11, 7, 12, 6], [13, 1, 14, 24], [15, 22, 16, 23], [17, 21, 18, 20], [19, 5, 20, 4], [21, 10, 22, 11], [23, 9, 24, 8], [1, 13, 2, 12], [3, 19, 4, 18], [5, 3, 6, 2], [7, 15, 8, 14]]"
12a_0633_184,"[[7, 15, 8, 14], [9, 16, 10, 17], [11, 7, 12, 6], [13, 1, 14, 24], [15, 22, 16, 23], [17, 21, 18, 20], [19, 5, 20, 4], [21, 10, 22, 11], [23, 9, 24, 8], [1, 13, 2, 12], [3, 19, 4, 18], [5, 3, 6, 2]]"
12a_0633_185,"[[5, 3, 6, 2], [7, 15, 8, 14], [9, 16, 10, 17], [11, 7, 12, 6], [13, 1, 14, 24], [15, 22, 16, 23], [17, 21, 18, 20], [19, 5, 20, 4], [21, 10, 22, 11], [23, 9, 24, 8], [1, 13, 2, 12], [3, 19, 4, 18]]"
