name,pd_notation
12a_0358_0,"[[24, 13, 1, 14], [2, 6, 3, 5], [4, 12, 5, 11], [6, 18, 7, 17], [8, 15, 9, 16], [10, 4, 11, 3], [12, 1, 13, 2], [14, 20, 15, 19], [16, 21, 17, 22], [18, 24, 19, 23], [20, 10, 21, 9], [22, 7, 23, 8]]"
12a_0358_1,"[[22, 7, 23, 8], [24, 13, 1, 14], [2, 6, 3, 5], [4, 12, 5, 11], [6, 18, 7, 17], [8, 15, 9, 16], [10, 4, 11, 3], [12, 1, 13, 2], [14, 20, 15, 19], [16, 21, 17, 22], [18, 24, 19, 23], [20, 10, 21, 9]]"
12a_0358_2,"[[20, 10, 21, 9], [22, 7, 23, 8], [24, 13, 1, 14], [2, 6, 3, 5], [4, 12, 5, 11], [6, 18, 7, 17], [8, 15, 9, 16], [10, 4, 11, 3], [12, 1, 13, 2], [14, 20, 15, 19], [16, 21, 17, 22], [18, 24, 19, 23]]"
12a_0358_3,"[[18, 24, 19, 23], [20, 10, 21, 9], [22, 7, 23, 8], [24, 13, 1, 14], [2, 6, 3, 5], [4, 12, 5, 11], [6, 18, 7, 17], [8, 15, 9, 16], [10, 4, 11, 3], [12, 1, 13, 2], [14, 20, 15, 19], [16, 21, 17, 22]]"
12a_0358_4,"[[16, 21, 17, 22], [18, 24, 19, 23], [20, 10, 21, 9], [22, 7, 23, 8], [24, 13, 1, 14], [2, 6, 3, 5], [4, 12, 5, 11], [6, 18, 7, 17], [8, 15, 9, 16], [10, 4, 11, 3], [12, 1, 13, 2], [14, 20, 15, 19]]"
12a_0358_5,"[[14, 20, 15, 19], [16, 21, 17, 22], [18, 24, 19, 23], [20, 10, 21, 9], [22, 7, 23, 8], [24, 13, 1, 14], [2, 6, 3, 5], [4, 12, 5, 11], [6, 18, 7, 17], [8, 15, 9, 16], [10, 4, 11, 3], [12, 1, 13, 2]]"
12a_0358_6,"[[12, 1, 13, 2], [14, 20, 15, 19], [16, 21, 17, 22], [18, 24, 19, 23], [20, 10, 21, 9], [22, 7, 23, 8], [24, 13, 1, 14], [2, 6, 3, 5], [4, 12, 5, 11], [6, 18, 7, 17], [8, 15, 9, 16], [10, 4, 11, 3]]"
12a_0358_7,"[[10, 4, 11, 3], [12, 1, 13, 2], [14, 20, 15, 19], [16, 21, 17, 22], [18, 24, 19, 23], [20, 10, 21, 9], [22, 7, 23, 8], [24, 13, 1, 14], [2, 6, 3, 5], [4, 12, 5, 11], [6, 18, 7, 17], [8, 15, 9, 16]]"
12a_0358_8,"[[8, 15, 9, 16], [10, 4, 11, 3], [12, 1, 13, 2], [14, 20, 15, 19], [16, 21, 17, 22], [18, 24, 19, 23], [20, 10, 21, 9], [22, 7, 23, 8], [24, 13, 1, 14], [2, 6, 3, 5], [4, 12, 5, 11], [6, 18, 7, 17]]"
12a_0358_9,"[[6, 18, 7, 17], [8, 15, 9, 16], [10, 4, 11, 3], [12, 1, 13, 2], [14, 20, 15, 19], [16, 21, 17, 22], [18, 24, 19, 23], [20, 10, 21, 9], [22, 7, 23, 8], [24, 13, 1, 14], [2, 6, 3, 5], [4, 12, 5, 11]]"
12a_0358_10,"[[4, 12, 5, 11], [6, 18, 7, 17], [8, 15, 9, 16], [10, 4, 11, 3], [12, 1, 13, 2], [14, 20, 15, 19], [16, 21, 17, 22], [18, 24, 19, 23], [20, 10, 21, 9], [22, 7, 23, 8], [24, 13, 1, 14], [2, 6, 3, 5]]"
12a_0358_11,"[[2, 6, 3, 5], [4, 12, 5, 11], [6, 18, 7, 17], [8, 15, 9, 16], [10, 4, 11, 3], [12, 1, 13, 2], [14, 20, 15, 19], [16, 21, 17, 22], [18, 24, 19, 23], [20, 10, 21, 9], [22, 7, 23, 8], [24, 13, 1, 14]]"
12a_0358_12,"[[1, 14, 2, 15], [3, 7, 4, 6], [5, 13, 6, 12], [7, 19, 8, 18], [9, 16, 10, 17], [11, 5, 12, 4], [13, 2, 14, 3], [15, 21, 16, 20], [17, 22, 18, 23], [19, 1, 20, 24], [21, 11, 22, 10], [23, 8, 24, 9]]"
12a_0358_13,"[[23, 8, 24, 9], [1, 14, 2, 15], [3, 7, 4, 6], [5, 13, 6, 12], [7, 19, 8, 18], [9, 16, 10, 17], [11, 5, 12, 4], [13, 2, 14, 3], [15, 21, 16, 20], [17, 22, 18, 23], [19, 1, 20, 24], [21, 11, 22, 10]]"
12a_0358_14,"[[21, 11, 22, 10], [23, 8, 24, 9], [1, 14, 2, 15], [3, 7, 4, 6], [5, 13, 6, 12], [7, 19, 8, 18], [9, 16, 10, 17], [11, 5, 12, 4], [13, 2, 14, 3], [15, 21, 16, 20], [17, 22, 18, 23], [19, 1, 20, 24]]"
12a_0358_15,"[[19, 1, 20, 24], [21, 11, 22, 10], [23, 8, 24, 9], [1, 14, 2, 15], [3, 7, 4, 6], [5, 13, 6, 12], [7, 19, 8, 18], [9, 16, 10, 17], [11, 5, 12, 4], [13, 2, 14, 3], [15, 21, 16, 20], [17, 22, 18, 23]]"
12a_0358_16,"[[17, 22, 18, 23], [19, 1, 20, 24], [21, 11, 22, 10], [23, 8, 24, 9], [1, 14, 2, 15], [3, 7, 4, 6], [5, 13, 6, 12], [7, 19, 8, 18], [9, 16, 10, 17], [11, 5, 12, 4], [13, 2, 14, 3], [15, 21, 16, 20]]"
12a_0358_17,"[[15, 21, 16, 20], [17, 22, 18, 23], [19, 1, 20, 24], [21, 11, 22, 10], [23, 8, 24, 9], [1, 14, 2, 15], [3, 7, 4, 6], [5, 13, 6, 12], [7, 19, 8, 18], [9, 16, 10, 17], [11, 5, 12, 4], [13, 2, 14, 3]]"
12a_0358_18,"[[13, 2, 14, 3], [15, 21, 16, 20], [17, 22, 18, 23], [19, 1, 20, 24], [21, 11, 22, 10], [23, 8, 24, 9], [1, 14, 2, 15], [3, 7, 4, 6], [5, 13, 6, 12], [7, 19, 8, 18], [9, 16, 10, 17], [11, 5, 12, 4]]"
12a_0358_19,"[[11, 5, 12, 4], [13, 2, 14, 3], [15, 21, 16, 20], [17, 22, 18, 23], [19, 1, 20, 24], [21, 11, 22, 10], [23, 8, 24, 9], [1, 14, 2, 15], [3, 7, 4, 6], [5, 13, 6, 12], [7, 19, 8, 18], [9, 16, 10, 17]]"
12a_0358_20,"[[9, 16, 10, 17], [11, 5, 12, 4], [13, 2, 14, 3], [15, 21, 16, 20], [17, 22, 18, 23], [19, 1, 20, 24], [21, 11, 22, 10], [23, 8, 24, 9], [1, 14, 2, 15], [3, 7, 4, 6], [5, 13, 6, 12], [7, 19, 8, 18]]"
12a_0358_21,"[[7, 19, 8, 18], [9, 16, 10, 17], [11, 5, 12, 4], [13, 2, 14, 3], [15, 21, 16, 20], [17, 22, 18, 23], [19, 1, 20, 24], [21, 11, 22, 10], [23, 8, 24, 9], [1, 14, 2, 15], [3, 7, 4, 6], [5, 13, 6, 12]]"
12a_0358_22,"[[5, 13, 6, 12], [7, 19, 8, 18], [9, 16, 10, 17], [11, 5, 12, 4], [13, 2, 14, 3], [15, 21, 16, 20], [17, 22, 18, 23], [19, 1, 20, 24], [21, 11, 22, 10], [23, 8, 24, 9], [1, 14, 2, 15], [3, 7, 4, 6]]"
12a_0358_23,"[[3, 7, 4, 6], [5, 13, 6, 12], [7, 19, 8, 18], [9, 16, 10, 17], [11, 5, 12, 4], [13, 2, 14, 3], [15, 21, 16, 20], [17, 22, 18, 23], [19, 1, 20, 24], [21, 11, 22, 10], [23, 8, 24, 9], [1, 14, 2, 15]]"
12a_0358_24,"[[2, 15, 3, 16], [4, 8, 5, 7], [6, 14, 7, 13], [8, 20, 9, 19], [10, 17, 11, 18], [12, 6, 13, 5], [14, 3, 15, 4], [16, 22, 17, 21], [18, 23, 19, 24], [20, 2, 21, 1], [22, 12, 23, 11], [24, 9, 1, 10]]"
12a_0358_25,"[[24, 9, 1, 10], [2, 15, 3, 16], [4, 8, 5, 7], [6, 14, 7, 13], [8, 20, 9, 19], [10, 17, 11, 18], [12, 6, 13, 5], [14, 3, 15, 4], [16, 22, 17, 21], [18, 23, 19, 24], [20, 2, 21, 1], [22, 12, 23, 11]]"
12a_0358_26,"[[22, 12, 23, 11], [24, 9, 1, 10], [2, 15, 3, 16], [4, 8, 5, 7], [6, 14, 7, 13], [8, 20, 9, 19], [10, 17, 11, 18], [12, 6, 13, 5], [14, 3, 15, 4], [16, 22, 17, 21], [18, 23, 19, 24], [20, 2, 21, 1]]"
12a_0358_27,"[[20, 2, 21, 1], [22, 12, 23, 11], [24, 9, 1, 10], [2, 15, 3, 16], [4, 8, 5, 7], [6, 14, 7, 13], [8, 20, 9, 19], [10, 17, 11, 18], [12, 6, 13, 5], [14, 3, 15, 4], [16, 22, 17, 21], [18, 23, 19, 24]]"
12a_0358_28,"[[18, 23, 19, 24], [20, 2, 21, 1], [22, 12, 23, 11], [24, 9, 1, 10], [2, 15, 3, 16], [4, 8, 5, 7], [6, 14, 7, 13], [8, 20, 9, 19], [10, 17, 11, 18], [12, 6, 13, 5], [14, 3, 15, 4], [16, 22, 17, 21]]"
12a_0358_29,"[[16, 22, 17, 21], [18, 23, 19, 24], [20, 2, 21, 1], [22, 12, 23, 11], [24, 9, 1, 10], [2, 15, 3, 16], [4, 8, 5, 7], [6, 14, 7, 13], [8, 20, 9, 19], [10, 17, 11, 18], [12, 6, 13, 5], [14, 3, 15, 4]]"
12a_0358_30,"[[14, 3, 15, 4], [16, 22, 17, 21], [18, 23, 19, 24], [20, 2, 21, 1], [22, 12, 23, 11], [24, 9, 1, 10], [2, 15, 3, 16], [4, 8, 5, 7], [6, 14, 7, 13], [8, 20, 9, 19], [10, 17, 11, 18], [12, 6, 13, 5]]"
12a_0358_31,"[[12, 6, 13, 5], [14, 3, 15, 4], [16, 22, 17, 21], [18, 23, 19, 24], [20, 2, 21, 1], [22, 12, 23, 11], [24, 9, 1, 10], [2, 15, 3, 16], [4, 8, 5, 7], [6, 14, 7, 13], [8, 20, 9, 19], [10, 17, 11, 18]]"
12a_0358_32,"[[10, 17, 11, 18], [12, 6, 13, 5], [14, 3, 15, 4], [16, 22, 17, 21], [18, 23, 19, 24], [20, 2, 21, 1], [22, 12, 23, 11], [24, 9, 1, 10], [2, 15, 3, 16], [4, 8, 5, 7], [6, 14, 7, 13], [8, 20, 9, 19]]"
12a_0358_33,"[[8, 20, 9, 19], [10, 17, 11, 18], [12, 6, 13, 5], [14, 3, 15, 4], [16, 22, 17, 21], [18, 23, 19, 24], [20, 2, 21, 1], [22, 12, 23, 11], [24, 9, 1, 10], [2, 15, 3, 16], [4, 8, 5, 7], [6, 14, 7, 13]]"
12a_0358_34,"[[6, 14, 7, 13], [8, 20, 9, 19], [10, 17, 11, 18], [12, 6, 13, 5], [14, 3, 15, 4], [16, 22, 17, 21], [18, 23, 19, 24], [20, 2, 21, 1], [22, 12, 23, 11], [24, 9, 1, 10], [2, 15, 3, 16], [4, 8, 5, 7]]"
12a_0358_35,"[[4, 8, 5, 7], [6, 14, 7, 13], [8, 20, 9, 19], [10, 17, 11, 18], [12, 6, 13, 5], [14, 3, 15, 4], [16, 22, 17, 21], [18, 23, 19, 24], [20, 2, 21, 1], [22, 12, 23, 11], [24, 9, 1, 10], [2, 15, 3, 16]]"
12a_0358_36,"[[3, 16, 4, 17], [5, 9, 6, 8], [7, 15, 8, 14], [9, 21, 10, 20], [11, 18, 12, 19], [13, 7, 14, 6], [15, 4, 16, 5], [17, 23, 18, 22], [19, 24, 20, 1], [21, 3, 22, 2], [23, 13, 24, 12], [1, 10, 2, 11]]"
12a_0358_37,"[[1, 10, 2, 11], [3, 16, 4, 17], [5, 9, 6, 8], [7, 15, 8, 14], [9, 21, 10, 20], [11, 18, 12, 19], [13, 7, 14, 6], [15, 4, 16, 5], [17, 23, 18, 22], [19, 24, 20, 1], [21, 3, 22, 2], [23, 13, 24, 12]]"
12a_0358_38,"[[23, 13, 24, 12], [1, 10, 2, 11], [3, 16, 4, 17], [5, 9, 6, 8], [7, 15, 8, 14], [9, 21, 10, 20], [11, 18, 12, 19], [13, 7, 14, 6], [15, 4, 16, 5], [17, 23, 18, 22], [19, 24, 20, 1], [21, 3, 22, 2]]"
12a_0358_39,"[[21, 3, 22, 2], [23, 13, 24, 12], [1, 10, 2, 11], [3, 16, 4, 17], [5, 9, 6, 8], [7, 15, 8, 14], [9, 21, 10, 20], [11, 18, 12, 19], [13, 7, 14, 6], [15, 4, 16, 5], [17, 23, 18, 22], [19, 24, 20, 1]]"
12a_0358_40,"[[19, 24, 20, 1], [21, 3, 22, 2], [23, 13, 24, 12], [1, 10, 2, 11], [3, 16, 4, 17], [5, 9, 6, 8], [7, 15, 8, 14], [9, 21, 10, 20], [11, 18, 12, 19], [13, 7, 14, 6], [15, 4, 16, 5], [17, 23, 18, 22]]"
12a_0358_41,"[[17, 23, 18, 22], [19, 24, 20, 1], [21, 3, 22, 2], [23, 13, 24, 12], [1, 10, 2, 11], [3, 16, 4, 17], [5, 9, 6, 8], [7, 15, 8, 14], [9, 21, 10, 20], [11, 18, 12, 19], [13, 7, 14, 6], [15, 4, 16, 5]]"
12a_0358_42,"[[15, 4, 16, 5], [17, 23, 18, 22], [19, 24, 20, 1], [21, 3, 22, 2], [23, 13, 24, 12], [1, 10, 2, 11], [3, 16, 4, 17], [5, 9, 6, 8], [7, 15, 8, 14], [9, 21, 10, 20], [11, 18, 12, 19], [13, 7, 14, 6]]"
12a_0358_43,"[[13, 7, 14, 6], [15, 4, 16, 5], [17, 23, 18, 22], [19, 24, 20, 1], [21, 3, 22, 2], [23, 13, 24, 12], [1, 10, 2, 11], [3, 16, 4, 17], [5, 9, 6, 8], [7, 15, 8, 14], [9, 21, 10, 20], [11, 18, 12, 19]]"
12a_0358_44,"[[11, 18, 12, 19], [13, 7, 14, 6], [15, 4, 16, 5], [17, 23, 18, 22], [19, 24, 20, 1], [21, 3, 22, 2], [23, 13, 24, 12], [1, 10, 2, 11], [3, 16, 4, 17], [5, 9, 6, 8], [7, 15, 8, 14], [9, 21, 10, 20]]"
12a_0358_45,"[[9, 21, 10, 20], [11, 18, 12, 19], [13, 7, 14, 6], [15, 4, 16, 5], [17, 23, 18, 22], [19, 24, 20, 1], [21, 3, 22, 2], [23, 13, 24, 12], [1, 10, 2, 11], [3, 16, 4, 17], [5, 9, 6, 8], [7, 15, 8, 14]]"
12a_0358_46,"[[7, 15, 8, 14], [9, 21, 10, 20], [11, 18, 12, 19], [13, 7, 14, 6], [15, 4, 16, 5], [17, 23, 18, 22], [19, 24, 20, 1], [21, 3, 22, 2], [23, 13, 24, 12], [1, 10, 2, 11], [3, 16, 4, 17], [5, 9, 6, 8]]"
12a_0358_47,"[[5, 9, 6, 8], [7, 15, 8, 14], [9, 21, 10, 20], [11, 18, 12, 19], [13, 7, 14, 6], [15, 4, 16, 5], [17, 23, 18, 22], [19, 24, 20, 1], [21, 3, 22, 2], [23, 13, 24, 12], [1, 10, 2, 11], [3, 16, 4, 17]]"
12a_0358_48,"[[4, 17, 5, 18], [6, 10, 7, 9], [8, 16, 9, 15], [10, 22, 11, 21], [12, 19, 13, 20], [14, 8, 15, 7], [16, 5, 17, 6], [18, 24, 19, 23], [20, 1, 21, 2], [22, 4, 23, 3], [24, 14, 1, 13], [2, 11, 3, 12]]"
12a_0358_49,"[[2, 11, 3, 12], [4, 17, 5, 18], [6, 10, 7, 9], [8, 16, 9, 15], [10, 22, 11, 21], [12, 19, 13, 20], [14, 8, 15, 7], [16, 5, 17, 6], [18, 24, 19, 23], [20, 1, 21, 2], [22, 4, 23, 3], [24, 14, 1, 13]]"
12a_0358_50,"[[24, 14, 1, 13], [2, 11, 3, 12], [4, 17, 5, 18], [6, 10, 7, 9], [8, 16, 9, 15], [10, 22, 11, 21], [12, 19, 13, 20], [14, 8, 15, 7], [16, 5, 17, 6], [18, 24, 19, 23], [20, 1, 21, 2], [22, 4, 23, 3]]"
12a_0358_51,"[[22, 4, 23, 3], [24, 14, 1, 13], [2, 11, 3, 12], [4, 17, 5, 18], [6, 10, 7, 9], [8, 16, 9, 15], [10, 22, 11, 21], [12, 19, 13, 20], [14, 8, 15, 7], [16, 5, 17, 6], [18, 24, 19, 23], [20, 1, 21, 2]]"
12a_0358_52,"[[20, 1, 21, 2], [22, 4, 23, 3], [24, 14, 1, 13], [2, 11, 3, 12], [4, 17, 5, 18], [6, 10, 7, 9], [8, 16, 9, 15], [10, 22, 11, 21], [12, 19, 13, 20], [14, 8, 15, 7], [16, 5, 17, 6], [18, 24, 19, 23]]"
12a_0358_53,"[[18, 24, 19, 23], [20, 1, 21, 2], [22, 4, 23, 3], [24, 14, 1, 13], [2, 11, 3, 12], [4, 17, 5, 18], [6, 10, 7, 9], [8, 16, 9, 15], [10, 22, 11, 21], [12, 19, 13, 20], [14, 8, 15, 7], [16, 5, 17, 6]]"
12a_0358_54,"[[16, 5, 17, 6], [18, 24, 19, 23], [20, 1, 21, 2], [22, 4, 23, 3], [24, 14, 1, 13], [2, 11, 3, 12], [4, 17, 5, 18], [6, 10, 7, 9], [8, 16, 9, 15], [10, 22, 11, 21], [12, 19, 13, 20], [14, 8, 15, 7]]"
12a_0358_55,"[[14, 8, 15, 7], [16, 5, 17, 6], [18, 24, 19, 23], [20, 1, 21, 2], [22, 4, 23, 3], [24, 14, 1, 13], [2, 11, 3, 12], [4, 17, 5, 18], [6, 10, 7, 9], [8, 16, 9, 15], [10, 22, 11, 21], [12, 19, 13, 20]]"
12a_0358_56,"[[12, 19, 13, 20], [14, 8, 15, 7], [16, 5, 17, 6], [18, 24, 19, 23], [20, 1, 21, 2], [22, 4, 23, 3], [24, 14, 1, 13], [2, 11, 3, 12], [4, 17, 5, 18], [6, 10, 7, 9], [8, 16, 9, 15], [10, 22, 11, 21]]"
12a_0358_57,"[[10, 22, 11, 21], [12, 19, 13, 20], [14, 8, 15, 7], [16, 5, 17, 6], [18, 24, 19, 23], [20, 1, 21, 2], [22, 4, 23, 3], [24, 14, 1, 13], [2, 11, 3, 12], [4, 17, 5, 18], [6, 10, 7, 9], [8, 16, 9, 15]]"
12a_0358_58,"[[8, 16, 9, 15], [10, 22, 11, 21], [12, 19, 13, 20], [14, 8, 15, 7], [16, 5, 17, 6], [18, 24, 19, 23], [20, 1, 21, 2], [22, 4, 23, 3], [24, 14, 1, 13], [2, 11, 3, 12], [4, 17, 5, 18], [6, 10, 7, 9]]"
12a_0358_59,"[[6, 10, 7, 9], [8, 16, 9, 15], [10, 22, 11, 21], [12, 19, 13, 20], [14, 8, 15, 7], [16, 5, 17, 6], [18, 24, 19, 23], [20, 1, 21, 2], [22, 4, 23, 3], [24, 14, 1, 13], [2, 11, 3, 12], [4, 17, 5, 18]]"
12a_0358_60,"[[5, 18, 6, 19], [7, 11, 8, 10], [9, 17, 10, 16], [11, 23, 12, 22], [13, 20, 14, 21], [15, 9, 16, 8], [17, 6, 18, 7], [19, 1, 20, 24], [21, 2, 22, 3], [23, 5, 24, 4], [1, 15, 2, 14], [3, 12, 4, 13]]"
12a_0358_61,"[[3, 12, 4, 13], [5, 18, 6, 19], [7, 11, 8, 10], [9, 17, 10, 16], [11, 23, 12, 22], [13, 20, 14, 21], [15, 9, 16, 8], [17, 6, 18, 7], [19, 1, 20, 24], [21, 2, 22, 3], [23, 5, 24, 4], [1, 15, 2, 14]]"
12a_0358_62,"[[1, 15, 2, 14], [3, 12, 4, 13], [5, 18, 6, 19], [7, 11, 8, 10], [9, 17, 10, 16], [11, 23, 12, 22], [13, 20, 14, 21], [15, 9, 16, 8], [17, 6, 18, 7], [19, 1, 20, 24], [21, 2, 22, 3], [23, 5, 24, 4]]"
12a_0358_63,"[[23, 5, 24, 4], [1, 15, 2, 14], [3, 12, 4, 13], [5, 18, 6, 19], [7, 11, 8, 10], [9, 17, 10, 16], [11, 23, 12, 22], [13, 20, 14, 21], [15, 9, 16, 8], [17, 6, 18, 7], [19, 1, 20, 24], [21, 2, 22, 3]]"
12a_0358_64,"[[21, 2, 22, 3], [23, 5, 24, 4], [1, 15, 2, 14], [3, 12, 4, 13], [5, 18, 6, 19], [7, 11, 8, 10], [9, 17, 10, 16], [11, 23, 12, 22], [13, 20, 14, 21], [15, 9, 16, 8], [17, 6, 18, 7], [19, 1, 20, 24]]"
12a_0358_65,"[[19, 1, 20, 24], [21, 2, 22, 3], [23, 5, 24, 4], [1, 15, 2, 14], [3, 12, 4, 13], [5, 18, 6, 19], [7, 11, 8, 10], [9, 17, 10, 16], [11, 23, 12, 22], [13, 20, 14, 21], [15, 9, 16, 8], [17, 6, 18, 7]]"
12a_0358_66,"[[17, 6, 18, 7], [19, 1, 20, 24], [21, 2, 22, 3], [23, 5, 24, 4], [1, 15, 2, 14], [3, 12, 4, 13], [5, 18, 6, 19], [7, 11, 8, 10], [9, 17, 10, 16], [11, 23, 12, 22], [13, 20, 14, 21], [15, 9, 16, 8]]"
12a_0358_67,"[[15, 9, 16, 8], [17, 6, 18, 7], [19, 1, 20, 24], [21, 2, 22, 3], [23, 5, 24, 4], [1, 15, 2, 14], [3, 12, 4, 13], [5, 18, 6, 19], [7, 11, 8, 10], [9, 17, 10, 16], [11, 23, 12, 22], [13, 20, 14, 21]]"
12a_0358_68,"[[13, 20, 14, 21], [15, 9, 16, 8], [17, 6, 18, 7], [19, 1, 20, 24], [21, 2, 22, 3], [23, 5, 24, 4], [1, 15, 2, 14], [3, 12, 4, 13], [5, 18, 6, 19], [7, 11, 8, 10], [9, 17, 10, 16], [11, 23, 12, 22]]"
12a_0358_69,"[[11, 23, 12, 22], [13, 20, 14, 21], [15, 9, 16, 8], [17, 6, 18, 7], [19, 1, 20, 24], [21, 2, 22, 3], [23, 5, 24, 4], [1, 15, 2, 14], [3, 12, 4, 13], [5, 18, 6, 19], [7, 11, 8, 10], [9, 17, 10, 16]]"
12a_0358_70,"[[9, 17, 10, 16], [11, 23, 12, 22], [13, 20, 14, 21], [15, 9, 16, 8], [17, 6, 18, 7], [19, 1, 20, 24], [21, 2, 22, 3], [23, 5, 24, 4], [1, 15, 2, 14], [3, 12, 4, 13], [5, 18, 6, 19], [7, 11, 8, 10]]"
12a_0358_71,"[[7, 11, 8, 10], [9, 17, 10, 16], [11, 23, 12, 22], [13, 20, 14, 21], [15, 9, 16, 8], [17, 6, 18, 7], [19, 1, 20, 24], [21, 2, 22, 3], [23, 5, 24, 4], [1, 15, 2, 14], [3, 12, 4, 13], [5, 18, 6, 19]]"
12a_0358_72,"[[6, 19, 7, 20], [8, 12, 9, 11], [10, 18, 11, 17], [12, 24, 13, 23], [14, 21, 15, 22], [16, 10, 17, 9], [18, 7, 19, 8], [20, 2, 21, 1], [22, 3, 23, 4], [24, 6, 1, 5], [2, 16, 3, 15], [4, 13, 5, 14]]"
12a_0358_73,"[[4, 13, 5, 14], [6, 19, 7, 20], [8, 12, 9, 11], [10, 18, 11, 17], [12, 24, 13, 23], [14, 21, 15, 22], [16, 10, 17, 9], [18, 7, 19, 8], [20, 2, 21, 1], [22, 3, 23, 4], [24, 6, 1, 5], [2, 16, 3, 15]]"
12a_0358_74,"[[2, 16, 3, 15], [4, 13, 5, 14], [6, 19, 7, 20], [8, 12, 9, 11], [10, 18, 11, 17], [12, 24, 13, 23], [14, 21, 15, 22], [16, 10, 17, 9], [18, 7, 19, 8], [20, 2, 21, 1], [22, 3, 23, 4], [24, 6, 1, 5]]"
12a_0358_75,"[[24, 6, 1, 5], [2, 16, 3, 15], [4, 13, 5, 14], [6, 19, 7, 20], [8, 12, 9, 11], [10, 18, 11, 17], [12, 24, 13, 23], [14, 21, 15, 22], [16, 10, 17, 9], [18, 7, 19, 8], [20, 2, 21, 1], [22, 3, 23, 4]]"
12a_0358_76,"[[22, 3, 23, 4], [24, 6, 1, 5], [2, 16, 3, 15], [4, 13, 5, 14], [6, 19, 7, 20], [8, 12, 9, 11], [10, 18, 11, 17], [12, 24, 13, 23], [14, 21, 15, 22], [16, 10, 17, 9], [18, 7, 19, 8], [20, 2, 21, 1]]"
12a_0358_77,"[[20, 2, 21, 1], [22, 3, 23, 4], [24, 6, 1, 5], [2, 16, 3, 15], [4, 13, 5, 14], [6, 19, 7, 20], [8, 12, 9, 11], [10, 18, 11, 17], [12, 24, 13, 23], [14, 21, 15, 22], [16, 10, 17, 9], [18, 7, 19, 8]]"
12a_0358_78,"[[18, 7, 19, 8], [20, 2, 21, 1], [22, 3, 23, 4], [24, 6, 1, 5], [2, 16, 3, 15], [4, 13, 5, 14], [6, 19, 7, 20], [8, 12, 9, 11], [10, 18, 11, 17], [12, 24, 13, 23], [14, 21, 15, 22], [16, 10, 17, 9]]"
12a_0358_79,"[[16, 10, 17, 9], [18, 7, 19, 8], [20, 2, 21, 1], [22, 3, 23, 4], [24, 6, 1, 5], [2, 16, 3, 15], [4, 13, 5, 14], [6, 19, 7, 20], [8, 12, 9, 11], [10, 18, 11, 17], [12, 24, 13, 23], [14, 21, 15, 22]]"
12a_0358_80,"[[14, 21, 15, 22], [16, 10, 17, 9], [18, 7, 19, 8], [20, 2, 21, 1], [22, 3, 23, 4], [24, 6, 1, 5], [2, 16, 3, 15], [4, 13, 5, 14], [6, 19, 7, 20], [8, 12, 9, 11], [10, 18, 11, 17], [12, 24, 13, 23]]"
12a_0358_81,"[[12, 24, 13, 23], [14, 21, 15, 22], [16, 10, 17, 9], [18, 7, 19, 8], [20, 2, 21, 1], [22, 3, 23, 4], [24, 6, 1, 5], [2, 16, 3, 15], [4, 13, 5, 14], [6, 19, 7, 20], [8, 12, 9, 11], [10, 18, 11, 17]]"
12a_0358_82,"[[10, 18, 11, 17], [12, 24, 13, 23], [14, 21, 15, 22], [16, 10, 17, 9], [18, 7, 19, 8], [20, 2, 21, 1], [22, 3, 23, 4], [24, 6, 1, 5], [2, 16, 3, 15], [4, 13, 5, 14], [6, 19, 7, 20], [8, 12, 9, 11]]"
12a_0358_83,"[[8, 12, 9, 11], [10, 18, 11, 17], [12, 24, 13, 23], [14, 21, 15, 22], [16, 10, 17, 9], [18, 7, 19, 8], [20, 2, 21, 1], [22, 3, 23, 4], [24, 6, 1, 5], [2, 16, 3, 15], [4, 13, 5, 14], [6, 19, 7, 20]]"
12a_0358_84,"[[7, 20, 8, 21], [9, 13, 10, 12], [11, 19, 12, 18], [13, 1, 14, 24], [15, 22, 16, 23], [17, 11, 18, 10], [19, 8, 20, 9], [21, 3, 22, 2], [23, 4, 24, 5], [1, 7, 2, 6], [3, 17, 4, 16], [5, 14, 6, 15]]"
12a_0358_85,"[[5, 14, 6, 15], [7, 20, 8, 21], [9, 13, 10, 12], [11, 19, 12, 18], [13, 1, 14, 24], [15, 22, 16, 23], [17, 11, 18, 10], [19, 8, 20, 9], [21, 3, 22, 2], [23, 4, 24, 5], [1, 7, 2, 6], [3, 17, 4, 16]]"
12a_0358_86,"[[3, 17, 4, 16], [5, 14, 6, 15], [7, 20, 8, 21], [9, 13, 10, 12], [11, 19, 12, 18], [13, 1, 14, 24], [15, 22, 16, 23], [17, 11, 18, 10], [19, 8, 20, 9], [21, 3, 22, 2], [23, 4, 24, 5], [1, 7, 2, 6]]"
12a_0358_87,"[[1, 7, 2, 6], [3, 17, 4, 16], [5, 14, 6, 15], [7, 20, 8, 21], [9, 13, 10, 12], [11, 19, 12, 18], [13, 1, 14, 24], [15, 22, 16, 23], [17, 11, 18, 10], [19, 8, 20, 9], [21, 3, 22, 2], [23, 4, 24, 5]]"
12a_0358_88,"[[23, 4, 24, 5], [1, 7, 2, 6], [3, 17, 4, 16], [5, 14, 6, 15], [7, 20, 8, 21], [9, 13, 10, 12], [11, 19, 12, 18], [13, 1, 14, 24], [15, 22, 16, 23], [17, 11, 18, 10], [19, 8, 20, 9], [21, 3, 22, 2]]"
12a_0358_89,"[[21, 3, 22, 2], [23, 4, 24, 5], [1, 7, 2, 6], [3, 17, 4, 16], [5, 14, 6, 15], [7, 20, 8, 21], [9, 13, 10, 12], [11, 19, 12, 18], [13, 1, 14, 24], [15, 22, 16, 23], [17, 11, 18, 10], [19, 8, 20, 9]]"
12a_0358_90,"[[19, 8, 20, 9], [21, 3, 22, 2], [23, 4, 24, 5], [1, 7, 2, 6], [3, 17, 4, 16], [5, 14, 6, 15], [7, 20, 8, 21], [9, 13, 10, 12], [11, 19, 12, 18], [13, 1, 14, 24], [15, 22, 16, 23], [17, 11, 18, 10]]"
12a_0358_91,"[[17, 11, 18, 10], [19, 8, 20, 9], [21, 3, 22, 2], [23, 4, 24, 5], [1, 7, 2, 6], [3, 17, 4, 16], [5, 14, 6, 15], [7, 20, 8, 21], [9, 13, 10, 12], [11, 19, 12, 18], [13, 1, 14, 24], [15, 22, 16, 23]]"
12a_0358_92,"[[15, 22, 16, 23], [17, 11, 18, 10], [19, 8, 20, 9], [21, 3, 22, 2], [23, 4, 24, 5], [1, 7, 2, 6], [3, 17, 4, 16], [5, 14, 6, 15], [7, 20, 8, 21], [9, 13, 10, 12], [11, 19, 12, 18], [13, 1, 14, 24]]"
12a_0358_93,"[[13, 1, 14, 24], [15, 22, 16, 23], [17, 11, 18, 10], [19, 8, 20, 9], [21, 3, 22, 2], [23, 4, 24, 5], [1, 7, 2, 6], [3, 17, 4, 16], [5, 14, 6, 15], [7, 20, 8, 21], [9, 13, 10, 12], [11, 19, 12, 18]]"
12a_0358_94,"[[11, 19, 12, 18], [13, 1, 14, 24], [15, 22, 16, 23], [17, 11, 18, 10], [19, 8, 20, 9], [21, 3, 22, 2], [23, 4, 24, 5], [1, 7, 2, 6], [3, 17, 4, 16], [5, 14, 6, 15], [7, 20, 8, 21], [9, 13, 10, 12]]"
12a_0358_95,"[[9, 13, 10, 12], [11, 19, 12, 18], [13, 1, 14, 24], [15, 22, 16, 23], [17, 11, 18, 10], [19, 8, 20, 9], [21, 3, 22, 2], [23, 4, 24, 5], [1, 7, 2, 6], [3, 17, 4, 16], [5, 14, 6, 15], [7, 20, 8, 21]]"
12a_0358_96,"[[8, 21, 9, 22], [10, 14, 11, 13], [12, 20, 13, 19], [14, 2, 15, 1], [16, 23, 17, 24], [18, 12, 19, 11], [20, 9, 21, 10], [22, 4, 23, 3], [24, 5, 1, 6], [2, 8, 3, 7], [4, 18, 5, 17], [6, 15, 7, 16]]"
12a_0358_97,"[[6, 15, 7, 16], [8, 21, 9, 22], [10, 14, 11, 13], [12, 20, 13, 19], [14, 2, 15, 1], [16, 23, 17, 24], [18, 12, 19, 11], [20, 9, 21, 10], [22, 4, 23, 3], [24, 5, 1, 6], [2, 8, 3, 7], [4, 18, 5, 17]]"
12a_0358_98,"[[4, 18, 5, 17], [6, 15, 7, 16], [8, 21, 9, 22], [10, 14, 11, 13], [12, 20, 13, 19], [14, 2, 15, 1], [16, 23, 17, 24], [18, 12, 19, 11], [20, 9, 21, 10], [22, 4, 23, 3], [24, 5, 1, 6], [2, 8, 3, 7]]"
12a_0358_99,"[[2, 8, 3, 7], [4, 18, 5, 17], [6, 15, 7, 16], [8, 21, 9, 22], [10, 14, 11, 13], [12, 20, 13, 19], [14, 2, 15, 1], [16, 23, 17, 24], [18, 12, 19, 11], [20, 9, 21, 10], [22, 4, 23, 3], [24, 5, 1, 6]]"
12a_0358_100,"[[24, 5, 1, 6], [2, 8, 3, 7], [4, 18, 5, 17], [6, 15, 7, 16], [8, 21, 9, 22], [10, 14, 11, 13], [12, 20, 13, 19], [14, 2, 15, 1], [16, 23, 17, 24], [18, 12, 19, 11], [20, 9, 21, 10], [22, 4, 23, 3]]"
12a_0358_101,"[[22, 4, 23, 3], [24, 5, 1, 6], [2, 8, 3, 7], [4, 18, 5, 17], [6, 15, 7, 16], [8, 21, 9, 22], [10, 14, 11, 13], [12, 20, 13, 19], [14, 2, 15, 1], [16, 23, 17, 24], [18, 12, 19, 11], [20, 9, 21, 10]]"
12a_0358_102,"[[20, 9, 21, 10], [22, 4, 23, 3], [24, 5, 1, 6], [2, 8, 3, 7], [4, 18, 5, 17], [6, 15, 7, 16], [8, 21, 9, 22], [10, 14, 11, 13], [12, 20, 13, 19], [14, 2, 15, 1], [16, 23, 17, 24], [18, 12, 19, 11]]"
12a_0358_103,"[[18, 12, 19, 11], [20, 9, 21, 10], [22, 4, 23, 3], [24, 5, 1, 6], [2, 8, 3, 7], [4, 18, 5, 17], [6, 15, 7, 16], [8, 21, 9, 22], [10, 14, 11, 13], [12, 20, 13, 19], [14, 2, 15, 1], [16, 23, 17, 24]]"
12a_0358_104,"[[16, 23, 17, 24], [18, 12, 19, 11], [20, 9, 21, 10], [22, 4, 23, 3], [24, 5, 1, 6], [2, 8, 3, 7], [4, 18, 5, 17], [6, 15, 7, 16], [8, 21, 9, 22], [10, 14, 11, 13], [12, 20, 13, 19], [14, 2, 15, 1]]"
12a_0358_105,"[[14, 2, 15, 1], [16, 23, 17, 24], [18, 12, 19, 11], [20, 9, 21, 10], [22, 4, 23, 3], [24, 5, 1, 6], [2, 8, 3, 7], [4, 18, 5, 17], [6, 15, 7, 16], [8, 21, 9, 22], [10, 14, 11, 13], [12, 20, 13, 19]]"
12a_0358_106,"[[12, 20, 13, 19], [14, 2, 15, 1], [16, 23, 17, 24], [18, 12, 19, 11], [20, 9, 21, 10], [22, 4, 23, 3], [24, 5, 1, 6], [2, 8, 3, 7], [4, 18, 5, 17], [6, 15, 7, 16], [8, 21, 9, 22], [10, 14, 11, 13]]"
12a_0358_107,"[[10, 14, 11, 13], [12, 20, 13, 19], [14, 2, 15, 1], [16, 23, 17, 24], [18, 12, 19, 11], [20, 9, 21, 10], [22, 4, 23, 3], [24, 5, 1, 6], [2, 8, 3, 7], [4, 18, 5, 17], [6, 15, 7, 16], [8, 21, 9, 22]]"
12a_0358_108,"[[9, 22, 10, 23], [11, 15, 12, 14], [13, 21, 14, 20], [15, 3, 16, 2], [17, 24, 18, 1], [19, 13, 20, 12], [21, 10, 22, 11], [23, 5, 24, 4], [1, 6, 2, 7], [3, 9, 4, 8], [5, 19, 6, 18], [7, 16, 8, 17]]"
12a_0358_109,"[[7, 16, 8, 17], [9, 22, 10, 23], [11, 15, 12, 14], [13, 21, 14, 20], [15, 3, 16, 2], [17, 24, 18, 1], [19, 13, 20, 12], [21, 10, 22, 11], [23, 5, 24, 4], [1, 6, 2, 7], [3, 9, 4, 8], [5, 19, 6, 18]]"
12a_0358_110,"[[5, 19, 6, 18], [7, 16, 8, 17], [9, 22, 10, 23], [11, 15, 12, 14], [13, 21, 14, 20], [15, 3, 16, 2], [17, 24, 18, 1], [19, 13, 20, 12], [21, 10, 22, 11], [23, 5, 24, 4], [1, 6, 2, 7], [3, 9, 4, 8]]"
12a_0358_111,"[[3, 9, 4, 8], [5, 19, 6, 18], [7, 16, 8, 17], [9, 22, 10, 23], [11, 15, 12, 14], [13, 21, 14, 20], [15, 3, 16, 2], [17, 24, 18, 1], [19, 13, 20, 12], [21, 10, 22, 11], [23, 5, 24, 4], [1, 6, 2, 7]]"
12a_0358_112,"[[1, 6, 2, 7], [3, 9, 4, 8], [5, 19, 6, 18], [7, 16, 8, 17], [9, 22, 10, 23], [11, 15, 12, 14], [13, 21, 14, 20], [15, 3, 16, 2], [17, 24, 18, 1], [19, 13, 20, 12], [21, 10, 22, 11], [23, 5, 24, 4]]"
12a_0358_113,"[[23, 5, 24, 4], [1, 6, 2, 7], [3, 9, 4, 8], [5, 19, 6, 18], [7, 16, 8, 17], [9, 22, 10, 23], [11, 15, 12, 14], [13, 21, 14, 20], [15, 3, 16, 2], [17, 24, 18, 1], [19, 13, 20, 12], [21, 10, 22, 11]]"
12a_0358_114,"[[21, 10, 22, 11], [23, 5, 24, 4], [1, 6, 2, 7], [3, 9, 4, 8], [5, 19, 6, 18], [7, 16, 8, 17], [9, 22, 10, 23], [11, 15, 12, 14], [13, 21, 14, 20], [15, 3, 16, 2], [17, 24, 18, 1], [19, 13, 20, 12]]"
12a_0358_115,"[[19, 13, 20, 12], [21, 10, 22, 11], [23, 5, 24, 4], [1, 6, 2, 7], [3, 9, 4, 8], [5, 19, 6, 18], [7, 16, 8, 17], [9, 22, 10, 23], [11, 15, 12, 14], [13, 21, 14, 20], [15, 3, 16, 2], [17, 24, 18, 1]]"
12a_0358_116,"[[17, 24, 18, 1], [19, 13, 20, 12], [21, 10, 22, 11], [23, 5, 24, 4], [1, 6, 2, 7], [3, 9, 4, 8], [5, 19, 6, 18], [7, 16, 8, 17], [9, 22, 10, 23], [11, 15, 12, 14], [13, 21, 14, 20], [15, 3, 16, 2]]"
12a_0358_117,"[[15, 3, 16, 2], [17, 24, 18, 1], [19, 13, 20, 12], [21, 10, 22, 11], [23, 5, 24, 4], [1, 6, 2, 7], [3, 9, 4, 8], [5, 19, 6, 18], [7, 16, 8, 17], [9, 22, 10, 23], [11, 15, 12, 14], [13, 21, 14, 20]]"
12a_0358_118,"[[13, 21, 14, 20], [15, 3, 16, 2], [17, 24, 18, 1], [19, 13, 20, 12], [21, 10, 22, 11], [23, 5, 24, 4], [1, 6, 2, 7], [3, 9, 4, 8], [5, 19, 6, 18], [7, 16, 8, 17], [9, 22, 10, 23], [11, 15, 12, 14]]"
12a_0358_119,"[[11, 15, 12, 14], [13, 21, 14, 20], [15, 3, 16, 2], [17, 24, 18, 1], [19, 13, 20, 12], [21, 10, 22, 11], [23, 5, 24, 4], [1, 6, 2, 7], [3, 9, 4, 8], [5, 19, 6, 18], [7, 16, 8, 17], [9, 22, 10, 23]]"
12a_0358_120,"[[10, 23, 11, 24], [12, 16, 13, 15], [14, 22, 15, 21], [16, 4, 17, 3], [18, 1, 19, 2], [20, 14, 21, 13], [22, 11, 23, 12], [24, 6, 1, 5], [2, 7, 3, 8], [4, 10, 5, 9], [6, 20, 7, 19], [8, 17, 9, 18]]"
12a_0358_121,"[[8, 17, 9, 18], [10, 23, 11, 24], [12, 16, 13, 15], [14, 22, 15, 21], [16, 4, 17, 3], [18, 1, 19, 2], [20, 14, 21, 13], [22, 11, 23, 12], [24, 6, 1, 5], [2, 7, 3, 8], [4, 10, 5, 9], [6, 20, 7, 19]]"
12a_0358_122,"[[6, 20, 7, 19], [8, 17, 9, 18], [10, 23, 11, 24], [12, 16, 13, 15], [14, 22, 15, 21], [16, 4, 17, 3], [18, 1, 19, 2], [20, 14, 21, 13], [22, 11, 23, 12], [24, 6, 1, 5], [2, 7, 3, 8], [4, 10, 5, 9]]"
12a_0358_123,"[[4, 10, 5, 9], [6, 20, 7, 19], [8, 17, 9, 18], [10, 23, 11, 24], [12, 16, 13, 15], [14, 22, 15, 21], [16, 4, 17, 3], [18, 1, 19, 2], [20, 14, 21, 13], [22, 11, 23, 12], [24, 6, 1, 5], [2, 7, 3, 8]]"
12a_0358_124,"[[2, 7, 3, 8], [4, 10, 5, 9], [6, 20, 7, 19], [8, 17, 9, 18], [10, 23, 11, 24], [12, 16, 13, 15], [14, 22, 15, 21], [16, 4, 17, 3], [18, 1, 19, 2], [20, 14, 21, 13], [22, 11, 23, 12], [24, 6, 1, 5]]"
12a_0358_125,"[[24, 6, 1, 5], [2, 7, 3, 8], [4, 10, 5, 9], [6, 20, 7, 19], [8, 17, 9, 18], [10, 23, 11, 24], [12, 16, 13, 15], [14, 22, 15, 21], [16, 4, 17, 3], [18, 1, 19, 2], [20, 14, 21, 13], [22, 11, 23, 12]]"
12a_0358_126,"[[22, 11, 23, 12], [24, 6, 1, 5], [2, 7, 3, 8], [4, 10, 5, 9], [6, 20, 7, 19], [8, 17, 9, 18], [10, 23, 11, 24], [12, 16, 13, 15], [14, 22, 15, 21], [16, 4, 17, 3], [18, 1, 19, 2], [20, 14, 21, 13]]"
12a_0358_127,"[[20, 14, 21, 13], [22, 11, 23, 12], [24, 6, 1, 5], [2, 7, 3, 8], [4, 10, 5, 9], [6, 20, 7, 19], [8, 17, 9, 18], [10, 23, 11, 24], [12, 16, 13, 15], [14, 22, 15, 21], [16, 4, 17, 3], [18, 1, 19, 2]]"
12a_0358_128,"[[18, 1, 19, 2], [20, 14, 21, 13], [22, 11, 23, 12], [24, 6, 1, 5], [2, 7, 3, 8], [4, 10, 5, 9], [6, 20, 7, 19], [8, 17, 9, 18], [10, 23, 11, 24], [12, 16, 13, 15], [14, 22, 15, 21], [16, 4, 17, 3]]"
12a_0358_129,"[[16, 4, 17, 3], [18, 1, 19, 2], [20, 14, 21, 13], [22, 11, 23, 12], [24, 6, 1, 5], [2, 7, 3, 8], [4, 10, 5, 9], [6, 20, 7, 19], [8, 17, 9, 18], [10, 23, 11, 24], [12, 16, 13, 15], [14, 22, 15, 21]]"
12a_0358_130,"[[14, 22, 15, 21], [16, 4, 17, 3], [18, 1, 19, 2], [20, 14, 21, 13], [22, 11, 23, 12], [24, 6, 1, 5], [2, 7, 3, 8], [4, 10, 5, 9], [6, 20, 7, 19], [8, 17, 9, 18], [10, 23, 11, 24], [12, 16, 13, 15]]"
12a_0358_131,"[[12, 16, 13, 15], [14, 22, 15, 21], [16, 4, 17, 3], [18, 1, 19, 2], [20, 14, 21, 13], [22, 11, 23, 12], [24, 6, 1, 5], [2, 7, 3, 8], [4, 10, 5, 9], [6, 20, 7, 19], [8, 17, 9, 18], [10, 23, 11, 24]]"
12a_0358_132,"[[11, 24, 12, 1], [13, 17, 14, 16], [15, 23, 16, 22], [17, 5, 18, 4], [19, 2, 20, 3], [21, 15, 22, 14], [23, 12, 24, 13], [1, 7, 2, 6], [3, 8, 4, 9], [5, 11, 6, 10], [7, 21, 8, 20], [9, 18, 10, 19]]"
12a_0358_133,"[[9, 18, 10, 19], [11, 24, 12, 1], [13, 17, 14, 16], [15, 23, 16, 22], [17, 5, 18, 4], [19, 2, 20, 3], [21, 15, 22, 14], [23, 12, 24, 13], [1, 7, 2, 6], [3, 8, 4, 9], [5, 11, 6, 10], [7, 21, 8, 20]]"
12a_0358_134,"[[7, 21, 8, 20], [9, 18, 10, 19], [11, 24, 12, 1], [13, 17, 14, 16], [15, 23, 16, 22], [17, 5, 18, 4], [19, 2, 20, 3], [21, 15, 22, 14], [23, 12, 24, 13], [1, 7, 2, 6], [3, 8, 4, 9], [5, 11, 6, 10]]"
12a_0358_135,"[[5, 11, 6, 10], [7, 21, 8, 20], [9, 18, 10, 19], [11, 24, 12, 1], [13, 17, 14, 16], [15, 23, 16, 22], [17, 5, 18, 4], [19, 2, 20, 3], [21, 15, 22, 14], [23, 12, 24, 13], [1, 7, 2, 6], [3, 8, 4, 9]]"
12a_0358_136,"[[3, 8, 4, 9], [5, 11, 6, 10], [7, 21, 8, 20], [9, 18, 10, 19], [11, 24, 12, 1], [13, 17, 14, 16], [15, 23, 16, 22], [17, 5, 18, 4], [19, 2, 20, 3], [21, 15, 22, 14], [23, 12, 24, 13], [1, 7, 2, 6]]"
12a_0358_137,"[[1, 7, 2, 6], [3, 8, 4, 9], [5, 11, 6, 10], [7, 21, 8, 20], [9, 18, 10, 19], [11, 24, 12, 1], [13, 17, 14, 16], [15, 23, 16, 22], [17, 5, 18, 4], [19, 2, 20, 3], [21, 15, 22, 14], [23, 12, 24, 13]]"
12a_0358_138,"[[23, 12, 24, 13], [1, 7, 2, 6], [3, 8, 4, 9], [5, 11, 6, 10], [7, 21, 8, 20], [9, 18, 10, 19], [11, 24, 12, 1], [13, 17, 14, 16], [15, 23, 16, 22], [17, 5, 18, 4], [19, 2, 20, 3], [21, 15, 22, 14]]"
12a_0358_139,"[[21, 15, 22, 14], [23, 12, 24, 13], [1, 7, 2, 6], [3, 8, 4, 9], [5, 11, 6, 10], [7, 21, 8, 20], [9, 18, 10, 19], [11, 24, 12, 1], [13, 17, 14, 16], [15, 23, 16, 22], [17, 5, 18, 4], [19, 2, 20, 3]]"
12a_0358_140,"[[19, 2, 20, 3], [21, 15, 22, 14], [23, 12, 24, 13], [1, 7, 2, 6], [3, 8, 4, 9], [5, 11, 6, 10], [7, 21, 8, 20], [9, 18, 10, 19], [11, 24, 12, 1], [13, 17, 14, 16], [15, 23, 16, 22], [17, 5, 18, 4]]"
12a_0358_141,"[[17, 5, 18, 4], [19, 2, 20, 3], [21, 15, 22, 14], [23, 12, 24, 13], [1, 7, 2, 6], [3, 8, 4, 9], [5, 11, 6, 10], [7, 21, 8, 20], [9, 18, 10, 19], [11, 24, 12, 1], [13, 17, 14, 16], [15, 23, 16, 22]]"
12a_0358_142,"[[15, 23, 16, 22], [17, 5, 18, 4], [19, 2, 20, 3], [21, 15, 22, 14], [23, 12, 24, 13], [1, 7, 2, 6], [3, 8, 4, 9], [5, 11, 6, 10], [7, 21, 8, 20], [9, 18, 10, 19], [11, 24, 12, 1], [13, 17, 14, 16]]"
12a_0358_143,"[[13, 17, 14, 16], [15, 23, 16, 22], [17, 5, 18, 4], [19, 2, 20, 3], [21, 15, 22, 14], [23, 12, 24, 13], [1, 7, 2, 6], [3, 8, 4, 9], [5, 11, 6, 10], [7, 21, 8, 20], [9, 18, 10, 19], [11, 24, 12, 1]]"
12a_0358_144,"[[12, 1, 13, 2], [14, 18, 15, 17], [16, 24, 17, 23], [18, 6, 19, 5], [20, 3, 21, 4], [22, 16, 23, 15], [24, 13, 1, 14], [2, 8, 3, 7], [4, 9, 5, 10], [6, 12, 7, 11], [8, 22, 9, 21], [10, 19, 11, 20]]"
12a_0358_145,"[[10, 19, 11, 20], [12, 1, 13, 2], [14, 18, 15, 17], [16, 24, 17, 23], [18, 6, 19, 5], [20, 3, 21, 4], [22, 16, 23, 15], [24, 13, 1, 14], [2, 8, 3, 7], [4, 9, 5, 10], [6, 12, 7, 11], [8, 22, 9, 21]]"
12a_0358_146,"[[8, 22, 9, 21], [10, 19, 11, 20], [12, 1, 13, 2], [14, 18, 15, 17], [16, 24, 17, 23], [18, 6, 19, 5], [20, 3, 21, 4], [22, 16, 23, 15], [24, 13, 1, 14], [2, 8, 3, 7], [4, 9, 5, 10], [6, 12, 7, 11]]"
12a_0358_147,"[[6, 12, 7, 11], [8, 22, 9, 21], [10, 19, 11, 20], [12, 1, 13, 2], [14, 18, 15, 17], [16, 24, 17, 23], [18, 6, 19, 5], [20, 3, 21, 4], [22, 16, 23, 15], [24, 13, 1, 14], [2, 8, 3, 7], [4, 9, 5, 10]]"
12a_0358_148,"[[4, 9, 5, 10], [6, 12, 7, 11], [8, 22, 9, 21], [10, 19, 11, 20], [12, 1, 13, 2], [14, 18, 15, 17], [16, 24, 17, 23], [18, 6, 19, 5], [20, 3, 21, 4], [22, 16, 23, 15], [24, 13, 1, 14], [2, 8, 3, 7]]"
12a_0358_149,"[[2, 8, 3, 7], [4, 9, 5, 10], [6, 12, 7, 11], [8, 22, 9, 21], [10, 19, 11, 20], [12, 1, 13, 2], [14, 18, 15, 17], [16, 24, 17, 23], [18, 6, 19, 5], [20, 3, 21, 4], [22, 16, 23, 15], [24, 13, 1, 14]]"
12a_0358_150,"[[24, 13, 1, 14], [2, 8, 3, 7], [4, 9, 5, 10], [6, 12, 7, 11], [8, 22, 9, 21], [10, 19, 11, 20], [12, 1, 13, 2], [14, 18, 15, 17], [16, 24, 17, 23], [18, 6, 19, 5], [20, 3, 21, 4], [22, 16, 23, 15]]"
12a_0358_151,"[[22, 16, 23, 15], [24, 13, 1, 14], [2, 8, 3, 7], [4, 9, 5, 10], [6, 12, 7, 11], [8, 22, 9, 21], [10, 19, 11, 20], [12, 1, 13, 2], [14, 18, 15, 17], [16, 24, 17, 23], [18, 6, 19, 5], [20, 3, 21, 4]]"
12a_0358_152,"[[20, 3, 21, 4], [22, 16, 23, 15], [24, 13, 1, 14], [2, 8, 3, 7], [4, 9, 5, 10], [6, 12, 7, 11], [8, 22, 9, 21], [10, 19, 11, 20], [12, 1, 13, 2], [14, 18, 15, 17], [16, 24, 17, 23], [18, 6, 19, 5]]"
12a_0358_153,"[[18, 6, 19, 5], [20, 3, 21, 4], [22, 16, 23, 15], [24, 13, 1, 14], [2, 8, 3, 7], [4, 9, 5, 10], [6, 12, 7, 11], [8, 22, 9, 21], [10, 19, 11, 20], [12, 1, 13, 2], [14, 18, 15, 17], [16, 24, 17, 23]]"
12a_0358_154,"[[16, 24, 17, 23], [18, 6, 19, 5], [20, 3, 21, 4], [22, 16, 23, 15], [24, 13, 1, 14], [2, 8, 3, 7], [4, 9, 5, 10], [6, 12, 7, 11], [8, 22, 9, 21], [10, 19, 11, 20], [12, 1, 13, 2], [14, 18, 15, 17]]"
12a_0358_155,"[[14, 18, 15, 17], [16, 24, 17, 23], [18, 6, 19, 5], [20, 3, 21, 4], [22, 16, 23, 15], [24, 13, 1, 14], [2, 8, 3, 7], [4, 9, 5, 10], [6, 12, 7, 11], [8, 22, 9, 21], [10, 19, 11, 20], [12, 1, 13, 2]]"
12a_0358_156,"[[13, 2, 14, 3], [15, 19, 16, 18], [17, 1, 18, 24], [19, 7, 20, 6], [21, 4, 22, 5], [23, 17, 24, 16], [1, 14, 2, 15], [3, 9, 4, 8], [5, 10, 6, 11], [7, 13, 8, 12], [9, 23, 10, 22], [11, 20, 12, 21]]"
12a_0358_157,"[[11, 20, 12, 21], [13, 2, 14, 3], [15, 19, 16, 18], [17, 1, 18, 24], [19, 7, 20, 6], [21, 4, 22, 5], [23, 17, 24, 16], [1, 14, 2, 15], [3, 9, 4, 8], [5, 10, 6, 11], [7, 13, 8, 12], [9, 23, 10, 22]]"
12a_0358_158,"[[9, 23, 10, 22], [11, 20, 12, 21], [13, 2, 14, 3], [15, 19, 16, 18], [17, 1, 18, 24], [19, 7, 20, 6], [21, 4, 22, 5], [23, 17, 24, 16], [1, 14, 2, 15], [3, 9, 4, 8], [5, 10, 6, 11], [7, 13, 8, 12]]"
12a_0358_159,"[[7, 13, 8, 12], [9, 23, 10, 22], [11, 20, 12, 21], [13, 2, 14, 3], [15, 19, 16, 18], [17, 1, 18, 24], [19, 7, 20, 6], [21, 4, 22, 5], [23, 17, 24, 16], [1, 14, 2, 15], [3, 9, 4, 8], [5, 10, 6, 11]]"
12a_0358_160,"[[5, 10, 6, 11], [7, 13, 8, 12], [9, 23, 10, 22], [11, 20, 12, 21], [13, 2, 14, 3], [15, 19, 16, 18], [17, 1, 18, 24], [19, 7, 20, 6], [21, 4, 22, 5], [23, 17, 24, 16], [1, 14, 2, 15], [3, 9, 4, 8]]"
12a_0358_161,"[[3, 9, 4, 8], [5, 10, 6, 11], [7, 13, 8, 12], [9, 23, 10, 22], [11, 20, 12, 21], [13, 2, 14, 3], [15, 19, 16, 18], [17, 1, 18, 24], [19, 7, 20, 6], [21, 4, 22, 5], [23, 17, 24, 16], [1, 14, 2, 15]]"
12a_0358_162,"[[1, 14, 2, 15], [3, 9, 4, 8], [5, 10, 6, 11], [7, 13, 8, 12], [9, 23, 10, 22], [11, 20, 12, 21], [13, 2, 14, 3], [15, 19, 16, 18], [17, 1, 18, 24], [19, 7, 20, 6], [21, 4, 22, 5], [23, 17, 24, 16]]"
12a_0358_163,"[[23, 17, 24, 16], [1, 14, 2, 15], [3, 9, 4, 8], [5, 10, 6, 11], [7, 13, 8, 12], [9, 23, 10, 22], [11, 20, 12, 21], [13, 2, 14, 3], [15, 19, 16, 18], [17, 1, 18, 24], [19, 7, 20, 6], [21, 4, 22, 5]]"
12a_0358_164,"[[21, 4, 22, 5], [23, 17, 24, 16], [1, 14, 2, 15], [3, 9, 4, 8], [5, 10, 6, 11], [7, 13, 8, 12], [9, 23, 10, 22], [11, 20, 12, 21], [13, 2, 14, 3], [15, 19, 16, 18], [17, 1, 18, 24], [19, 7, 20, 6]]"
12a_0358_165,"[[19, 7, 20, 6], [21, 4, 22, 5], [23, 17, 24, 16], [1, 14, 2, 15], [3, 9, 4, 8], [5, 10, 6, 11], [7, 13, 8, 12], [9, 23, 10, 22], [11, 20, 12, 21], [13, 2, 14, 3], [15, 19, 16, 18], [17, 1, 18, 24]]"
12a_0358_166,"[[17, 1, 18, 24], [19, 7, 20, 6], [21, 4, 22, 5], [23, 17, 24, 16], [1, 14, 2, 15], [3, 9, 4, 8], [5, 10, 6, 11], [7, 13, 8, 12], [9, 23, 10, 22], [11, 20, 12, 21], [13, 2, 14, 3], [15, 19, 16, 18]]"
12a_0358_167,"[[15, 19, 16, 18], [17, 1, 18, 24], [19, 7, 20, 6], [21, 4, 22, 5], [23, 17, 24, 16], [1, 14, 2, 15], [3, 9, 4, 8], [5, 10, 6, 11], [7, 13, 8, 12], [9, 23, 10, 22], [11, 20, 12, 21], [13, 2, 14, 3]]"
12a_0358_168,"[[14, 3, 15, 4], [16, 20, 17, 19], [18, 2, 19, 1], [20, 8, 21, 7], [22, 5, 23, 6], [24, 18, 1, 17], [2, 15, 3, 16], [4, 10, 5, 9], [6, 11, 7, 12], [8, 14, 9, 13], [10, 24, 11, 23], [12, 21, 13, 22]]"
12a_0358_169,"[[12, 21, 13, 22], [14, 3, 15, 4], [16, 20, 17, 19], [18, 2, 19, 1], [20, 8, 21, 7], [22, 5, 23, 6], [24, 18, 1, 17], [2, 15, 3, 16], [4, 10, 5, 9], [6, 11, 7, 12], [8, 14, 9, 13], [10, 24, 11, 23]]"
12a_0358_170,"[[10, 24, 11, 23], [12, 21, 13, 22], [14, 3, 15, 4], [16, 20, 17, 19], [18, 2, 19, 1], [20, 8, 21, 7], [22, 5, 23, 6], [24, 18, 1, 17], [2, 15, 3, 16], [4, 10, 5, 9], [6, 11, 7, 12], [8, 14, 9, 13]]"
12a_0358_171,"[[8, 14, 9, 13], [10, 24, 11, 23], [12, 21, 13, 22], [14, 3, 15, 4], [16, 20, 17, 19], [18, 2, 19, 1], [20, 8, 21, 7], [22, 5, 23, 6], [24, 18, 1, 17], [2, 15, 3, 16], [4, 10, 5, 9], [6, 11, 7, 12]]"
12a_0358_172,"[[6, 11, 7, 12], [8, 14, 9, 13], [10, 24, 11, 23], [12, 21, 13, 22], [14, 3, 15, 4], [16, 20, 17, 19], [18, 2, 19, 1], [20, 8, 21, 7], [22, 5, 23, 6], [24, 18, 1, 17], [2, 15, 3, 16], [4, 10, 5, 9]]"
12a_0358_173,"[[4, 10, 5, 9], [6, 11, 7, 12], [8, 14, 9, 13], [10, 24, 11, 23], [12, 21, 13, 22], [14, 3, 15, 4], [16, 20, 17, 19], [18, 2, 19, 1], [20, 8, 21, 7], [22, 5, 23, 6], [24, 18, 1, 17], [2, 15, 3, 16]]"
12a_0358_174,"[[2, 15, 3, 16], [4, 10, 5, 9], [6, 11, 7, 12], [8, 14, 9, 13], [10, 24, 11, 23], [12, 21, 13, 22], [14, 3, 15, 4], [16, 20, 17, 19], [18, 2, 19, 1], [20, 8, 21, 7], [22, 5, 23, 6], [24, 18, 1, 17]]"
12a_0358_175,"[[24, 18, 1, 17], [2, 15, 3, 16], [4, 10, 5, 9], [6, 11, 7, 12], [8, 14, 9, 13], [10, 24, 11, 23], [12, 21, 13, 22], [14, 3, 15, 4], [16, 20, 17, 19], [18, 2, 19, 1], [20, 8, 21, 7], [22, 5, 23, 6]]"
12a_0358_176,"[[22, 5, 23, 6], [24, 18, 1, 17], [2, 15, 3, 16], [4, 10, 5, 9], [6, 11, 7, 12], [8, 14, 9, 13], [10, 24, 11, 23], [12, 21, 13, 22], [14, 3, 15, 4], [16, 20, 17, 19], [18, 2, 19, 1], [20, 8, 21, 7]]"
12a_0358_177,"[[20, 8, 21, 7], [22, 5, 23, 6], [24, 18, 1, 17], [2, 15, 3, 16], [4, 10, 5, 9], [6, 11, 7, 12], [8, 14, 9, 13], [10, 24, 11, 23], [12, 21, 13, 22], [14, 3, 15, 4], [16, 20, 17, 19], [18, 2, 19, 1]]"
12a_0358_178,"[[18, 2, 19, 1], [20, 8, 21, 7], [22, 5, 23, 6], [24, 18, 1, 17], [2, 15, 3, 16], [4, 10, 5, 9], [6, 11, 7, 12], [8, 14, 9, 13], [10, 24, 11, 23], [12, 21, 13, 22], [14, 3, 15, 4], [16, 20, 17, 19]]"
12a_0358_179,"[[16, 20, 17, 19], [18, 2, 19, 1], [20, 8, 21, 7], [22, 5, 23, 6], [24, 18, 1, 17], [2, 15, 3, 16], [4, 10, 5, 9], [6, 11, 7, 12], [8, 14, 9, 13], [10, 24, 11, 23], [12, 21, 13, 22], [14, 3, 15, 4]]"
12a_0358_180,"[[15, 4, 16, 5], [17, 21, 18, 20], [19, 3, 20, 2], [21, 9, 22, 8], [23, 6, 24, 7], [1, 19, 2, 18], [3, 16, 4, 17], [5, 11, 6, 10], [7, 12, 8, 13], [9, 15, 10, 14], [11, 1, 12, 24], [13, 22, 14, 23]]"
12a_0358_181,"[[13, 22, 14, 23], [15, 4, 16, 5], [17, 21, 18, 20], [19, 3, 20, 2], [21, 9, 22, 8], [23, 6, 24, 7], [1, 19, 2, 18], [3, 16, 4, 17], [5, 11, 6, 10], [7, 12, 8, 13], [9, 15, 10, 14], [11, 1, 12, 24]]"
12a_0358_182,"[[11, 1, 12, 24], [13, 22, 14, 23], [15, 4, 16, 5], [17, 21, 18, 20], [19, 3, 20, 2], [21, 9, 22, 8], [23, 6, 24, 7], [1, 19, 2, 18], [3, 16, 4, 17], [5, 11, 6, 10], [7, 12, 8, 13], [9, 15, 10, 14]]"
12a_0358_183,"[[9, 15, 10, 14], [11, 1, 12, 24], [13, 22, 14, 23], [15, 4, 16, 5], [17, 21, 18, 20], [19, 3, 20, 2], [21, 9, 22, 8], [23, 6, 24, 7], [1, 19, 2, 18], [3, 16, 4, 17], [5, 11, 6, 10], [7, 12, 8, 13]]"
12a_0358_184,"[[7, 12, 8, 13], [9, 15, 10, 14], [11, 1, 12, 24], [13, 22, 14, 23], [15, 4, 16, 5], [17, 21, 18, 20], [19, 3, 20, 2], [21, 9, 22, 8], [23, 6, 24, 7], [1, 19, 2, 18], [3, 16, 4, 17], [5, 11, 6, 10]]"
12a_0358_185,"[[5, 11, 6, 10], [7, 12, 8, 13], [9, 15, 10, 14], [11, 1, 12, 24], [13, 22, 14, 23], [15, 4, 16, 5], [17, 21, 18, 20], [19, 3, 20, 2], [21, 9, 22, 8], [23, 6, 24, 7], [1, 19, 2, 18], [3, 16, 4, 17]]"
