name,pd_notation
12a_0417_0,"[[24, 19, 1, 20], [2, 6, 3, 5], [4, 11, 5, 12], [6, 17, 7, 18], [8, 24, 9, 23], [10, 16, 11, 15], [12, 3, 13, 4], [14, 21, 15, 22], [16, 1, 17, 2], [18, 7, 19, 8], [20, 10, 21, 9], [22, 13, 23, 14]]"
12a_0417_1,"[[22, 13, 23, 14], [24, 19, 1, 20], [2, 6, 3, 5], [4, 11, 5, 12], [6, 17, 7, 18], [8, 24, 9, 23], [10, 16, 11, 15], [12, 3, 13, 4], [14, 21, 15, 22], [16, 1, 17, 2], [18, 7, 19, 8], [20, 10, 21, 9]]"
12a_0417_2,"[[20, 10, 21, 9], [22, 13, 23, 14], [24, 19, 1, 20], [2, 6, 3, 5], [4, 11, 5, 12], [6, 17, 7, 18], [8, 24, 9, 23], [10, 16, 11, 15], [12, 3, 13, 4], [14, 21, 15, 22], [16, 1, 17, 2], [18, 7, 19, 8]]"
12a_0417_3,"[[18, 7, 19, 8], [20, 10, 21, 9], [22, 13, 23, 14], [24, 19, 1, 20], [2, 6, 3, 5], [4, 11, 5, 12], [6, 17, 7, 18], [8, 24, 9, 23], [10, 16, 11, 15], [12, 3, 13, 4], [14, 21, 15, 22], [16, 1, 17, 2]]"
12a_0417_4,"[[16, 1, 17, 2], [18, 7, 19, 8], [20, 10, 21, 9], [22, 13, 23, 14], [24, 19, 1, 20], [2, 6, 3, 5], [4, 11, 5, 12], [6, 17, 7, 18], [8, 24, 9, 23], [10, 16, 11, 15], [12, 3, 13, 4], [14, 21, 15, 22]]"
12a_0417_5,"[[14, 21, 15, 22], [16, 1, 17, 2], [18, 7, 19, 8], [20, 10, 21, 9], [22, 13, 23, 14], [24, 19, 1, 20], [2, 6, 3, 5], [4, 11, 5, 12], [6, 17, 7, 18], [8, 24, 9, 23], [10, 16, 11, 15], [12, 3, 13, 4]]"
12a_0417_6,"[[12, 3, 13, 4], [14, 21, 15, 22], [16, 1, 17, 2], [18, 7, 19, 8], [20, 10, 21, 9], [22, 13, 23, 14], [24, 19, 1, 20], [2, 6, 3, 5], [4, 11, 5, 12], [6, 17, 7, 18], [8, 24, 9, 23], [10, 16, 11, 15]]"
12a_0417_7,"[[10, 16, 11, 15], [12, 3, 13, 4], [14, 21, 15, 22], [16, 1, 17, 2], [18, 7, 19, 8], [20, 10, 21, 9], [22, 13, 23, 14], [24, 19, 1, 20], [2, 6, 3, 5], [4, 11, 5, 12], [6, 17, 7, 18], [8, 24, 9, 23]]"
12a_0417_8,"[[8, 24, 9, 23], [10, 16, 11, 15], [12, 3, 13, 4], [14, 21, 15, 22], [16, 1, 17, 2], [18, 7, 19, 8], [20, 10, 21, 9], [22, 13, 23, 14], [24, 19, 1, 20], [2, 6, 3, 5], [4, 11, 5, 12], [6, 17, 7, 18]]"
12a_0417_9,"[[6, 17, 7, 18], [8, 24, 9, 23], [10, 16, 11, 15], [12, 3, 13, 4], [14, 21, 15, 22], [16, 1, 17, 2], [18, 7, 19, 8], [20, 10, 21, 9], [22, 13, 23, 14], [24, 19, 1, 20], [2, 6, 3, 5], [4, 11, 5, 12]]"
12a_0417_10,"[[4, 11, 5, 12], [6, 17, 7, 18], [8, 24, 9, 23], [10, 16, 11, 15], [12, 3, 13, 4], [14, 21, 15, 22], [16, 1, 17, 2], [18, 7, 19, 8], [20, 10, 21, 9], [22, 13, 23, 14], [24, 19, 1, 20], [2, 6, 3, 5]]"
12a_0417_11,"[[2, 6, 3, 5], [4, 11, 5, 12], [6, 17, 7, 18], [8, 24, 9, 23], [10, 16, 11, 15], [12, 3, 13, 4], [14, 21, 15, 22], [16, 1, 17, 2], [18, 7, 19, 8], [20, 10, 21, 9], [22, 13, 23, 14], [24, 19, 1, 20]]"
12a_0417_12,"[[1, 20, 2, 21], [3, 7, 4, 6], [5, 12, 6, 13], [7, 18, 8, 19], [9, 1, 10, 24], [11, 17, 12, 16], [13, 4, 14, 5], [15, 22, 16, 23], [17, 2, 18, 3], [19, 8, 20, 9], [21, 11, 22, 10], [23, 14, 24, 15]]"
12a_0417_13,"[[23, 14, 24, 15], [1, 20, 2, 21], [3, 7, 4, 6], [5, 12, 6, 13], [7, 18, 8, 19], [9, 1, 10, 24], [11, 17, 12, 16], [13, 4, 14, 5], [15, 22, 16, 23], [17, 2, 18, 3], [19, 8, 20, 9], [21, 11, 22, 10]]"
12a_0417_14,"[[21, 11, 22, 10], [23, 14, 24, 15], [1, 20, 2, 21], [3, 7, 4, 6], [5, 12, 6, 13], [7, 18, 8, 19], [9, 1, 10, 24], [11, 17, 12, 16], [13, 4, 14, 5], [15, 22, 16, 23], [17, 2, 18, 3], [19, 8, 20, 9]]"
12a_0417_15,"[[19, 8, 20, 9], [21, 11, 22, 10], [23, 14, 24, 15], [1, 20, 2, 21], [3, 7, 4, 6], [5, 12, 6, 13], [7, 18, 8, 19], [9, 1, 10, 24], [11, 17, 12, 16], [13, 4, 14, 5], [15, 22, 16, 23], [17, 2, 18, 3]]"
12a_0417_16,"[[17, 2, 18, 3], [19, 8, 20, 9], [21, 11, 22, 10], [23, 14, 24, 15], [1, 20, 2, 21], [3, 7, 4, 6], [5, 12, 6, 13], [7, 18, 8, 19], [9, 1, 10, 24], [11, 17, 12, 16], [13, 4, 14, 5], [15, 22, 16, 23]]"
12a_0417_17,"[[15, 22, 16, 23], [17, 2, 18, 3], [19, 8, 20, 9], [21, 11, 22, 10], [23, 14, 24, 15], [1, 20, 2, 21], [3, 7, 4, 6], [5, 12, 6, 13], [7, 18, 8, 19], [9, 1, 10, 24], [11, 17, 12, 16], [13, 4, 14, 5]]"
12a_0417_18,"[[13, 4, 14, 5], [15, 22, 16, 23], [17, 2, 18, 3], [19, 8, 20, 9], [21, 11, 22, 10], [23, 14, 24, 15], [1, 20, 2, 21], [3, 7, 4, 6], [5, 12, 6, 13], [7, 18, 8, 19], [9, 1, 10, 24], [11, 17, 12, 16]]"
12a_0417_19,"[[11, 17, 12, 16], [13, 4, 14, 5], [15, 22, 16, 23], [17, 2, 18, 3], [19, 8, 20, 9], [21, 11, 22, 10], [23, 14, 24, 15], [1, 20, 2, 21], [3, 7, 4, 6], [5, 12, 6, 13], [7, 18, 8, 19], [9, 1, 10, 24]]"
12a_0417_20,"[[9, 1, 10, 24], [11, 17, 12, 16], [13, 4, 14, 5], [15, 22, 16, 23], [17, 2, 18, 3], [19, 8, 20, 9], [21, 11, 22, 10], [23, 14, 24, 15], [1, 20, 2, 21], [3, 7, 4, 6], [5, 12, 6, 13], [7, 18, 8, 19]]"
12a_0417_21,"[[7, 18, 8, 19], [9, 1, 10, 24], [11, 17, 12, 16], [13, 4, 14, 5], [15, 22, 16, 23], [17, 2, 18, 3], [19, 8, 20, 9], [21, 11, 22, 10], [23, 14, 24, 15], [1, 20, 2, 21], [3, 7, 4, 6], [5, 12, 6, 13]]"
12a_0417_22,"[[5, 12, 6, 13], [7, 18, 8, 19], [9, 1, 10, 24], [11, 17, 12, 16], [13, 4, 14, 5], [15, 22, 16, 23], [17, 2, 18, 3], [19, 8, 20, 9], [21, 11, 22, 10], [23, 14, 24, 15], [1, 20, 2, 21], [3, 7, 4, 6]]"
12a_0417_23,"[[3, 7, 4, 6], [5, 12, 6, 13], [7, 18, 8, 19], [9, 1, 10, 24], [11, 17, 12, 16], [13, 4, 14, 5], [15, 22, 16, 23], [17, 2, 18, 3], [19, 8, 20, 9], [21, 11, 22, 10], [23, 14, 24, 15], [1, 20, 2, 21]]"
12a_0417_24,"[[2, 21, 3, 22], [4, 8, 5, 7], [6, 13, 7, 14], [8, 19, 9, 20], [10, 2, 11, 1], [12, 18, 13, 17], [14, 5, 15, 6], [16, 23, 17, 24], [18, 3, 19, 4], [20, 9, 21, 10], [22, 12, 23, 11], [24, 15, 1, 16]]"
12a_0417_25,"[[24, 15, 1, 16], [2, 21, 3, 22], [4, 8, 5, 7], [6, 13, 7, 14], [8, 19, 9, 20], [10, 2, 11, 1], [12, 18, 13, 17], [14, 5, 15, 6], [16, 23, 17, 24], [18, 3, 19, 4], [20, 9, 21, 10], [22, 12, 23, 11]]"
12a_0417_26,"[[22, 12, 23, 11], [24, 15, 1, 16], [2, 21, 3, 22], [4, 8, 5, 7], [6, 13, 7, 14], [8, 19, 9, 20], [10, 2, 11, 1], [12, 18, 13, 17], [14, 5, 15, 6], [16, 23, 17, 24], [18, 3, 19, 4], [20, 9, 21, 10]]"
12a_0417_27,"[[20, 9, 21, 10], [22, 12, 23, 11], [24, 15, 1, 16], [2, 21, 3, 22], [4, 8, 5, 7], [6, 13, 7, 14], [8, 19, 9, 20], [10, 2, 11, 1], [12, 18, 13, 17], [14, 5, 15, 6], [16, 23, 17, 24], [18, 3, 19, 4]]"
12a_0417_28,"[[18, 3, 19, 4], [20, 9, 21, 10], [22, 12, 23, 11], [24, 15, 1, 16], [2, 21, 3, 22], [4, 8, 5, 7], [6, 13, 7, 14], [8, 19, 9, 20], [10, 2, 11, 1], [12, 18, 13, 17], [14, 5, 15, 6], [16, 23, 17, 24]]"
12a_0417_29,"[[16, 23, 17, 24], [18, 3, 19, 4], [20, 9, 21, 10], [22, 12, 23, 11], [24, 15, 1, 16], [2, 21, 3, 22], [4, 8, 5, 7], [6, 13, 7, 14], [8, 19, 9, 20], [10, 2, 11, 1], [12, 18, 13, 17], [14, 5, 15, 6]]"
12a_0417_30,"[[14, 5, 15, 6], [16, 23, 17, 24], [18, 3, 19, 4], [20, 9, 21, 10], [22, 12, 23, 11], [24, 15, 1, 16], [2, 21, 3, 22], [4, 8, 5, 7], [6, 13, 7, 14], [8, 19, 9, 20], [10, 2, 11, 1], [12, 18, 13, 17]]"
12a_0417_31,"[[12, 18, 13, 17], [14, 5, 15, 6], [16, 23, 17, 24], [18, 3, 19, 4], [20, 9, 21, 10], [22, 12, 23, 11], [24, 15, 1, 16], [2, 21, 3, 22], [4, 8, 5, 7], [6, 13, 7, 14], [8, 19, 9, 20], [10, 2, 11, 1]]"
12a_0417_32,"[[10, 2, 11, 1], [12, 18, 13, 17], [14, 5, 15, 6], [16, 23, 17, 24], [18, 3, 19, 4], [20, 9, 21, 10], [22, 12, 23, 11], [24, 15, 1, 16], [2, 21, 3, 22], [4, 8, 5, 7], [6, 13, 7, 14], [8, 19, 9, 20]]"
12a_0417_33,"[[8, 19, 9, 20], [10, 2, 11, 1], [12, 18, 13, 17], [14, 5, 15, 6], [16, 23, 17, 24], [18, 3, 19, 4], [20, 9, 21, 10], [22, 12, 23, 11], [24, 15, 1, 16], [2, 21, 3, 22], [4, 8, 5, 7], [6, 13, 7, 14]]"
12a_0417_34,"[[6, 13, 7, 14], [8, 19, 9, 20], [10, 2, 11, 1], [12, 18, 13, 17], [14, 5, 15, 6], [16, 23, 17, 24], [18, 3, 19, 4], [20, 9, 21, 10], [22, 12, 23, 11], [24, 15, 1, 16], [2, 21, 3, 22], [4, 8, 5, 7]]"
12a_0417_35,"[[4, 8, 5, 7], [6, 13, 7, 14], [8, 19, 9, 20], [10, 2, 11, 1], [12, 18, 13, 17], [14, 5, 15, 6], [16, 23, 17, 24], [18, 3, 19, 4], [20, 9, 21, 10], [22, 12, 23, 11], [24, 15, 1, 16], [2, 21, 3, 22]]"
12a_0417_36,"[[3, 22, 4, 23], [5, 9, 6, 8], [7, 14, 8, 15], [9, 20, 10, 21], [11, 3, 12, 2], [13, 19, 14, 18], [15, 6, 16, 7], [17, 24, 18, 1], [19, 4, 20, 5], [21, 10, 22, 11], [23, 13, 24, 12], [1, 16, 2, 17]]"
12a_0417_37,"[[1, 16, 2, 17], [3, 22, 4, 23], [5, 9, 6, 8], [7, 14, 8, 15], [9, 20, 10, 21], [11, 3, 12, 2], [13, 19, 14, 18], [15, 6, 16, 7], [17, 24, 18, 1], [19, 4, 20, 5], [21, 10, 22, 11], [23, 13, 24, 12]]"
12a_0417_38,"[[23, 13, 24, 12], [1, 16, 2, 17], [3, 22, 4, 23], [5, 9, 6, 8], [7, 14, 8, 15], [9, 20, 10, 21], [11, 3, 12, 2], [13, 19, 14, 18], [15, 6, 16, 7], [17, 24, 18, 1], [19, 4, 20, 5], [21, 10, 22, 11]]"
12a_0417_39,"[[21, 10, 22, 11], [23, 13, 24, 12], [1, 16, 2, 17], [3, 22, 4, 23], [5, 9, 6, 8], [7, 14, 8, 15], [9, 20, 10, 21], [11, 3, 12, 2], [13, 19, 14, 18], [15, 6, 16, 7], [17, 24, 18, 1], [19, 4, 20, 5]]"
12a_0417_40,"[[19, 4, 20, 5], [21, 10, 22, 11], [23, 13, 24, 12], [1, 16, 2, 17], [3, 22, 4, 23], [5, 9, 6, 8], [7, 14, 8, 15], [9, 20, 10, 21], [11, 3, 12, 2], [13, 19, 14, 18], [15, 6, 16, 7], [17, 24, 18, 1]]"
12a_0417_41,"[[17, 24, 18, 1], [19, 4, 20, 5], [21, 10, 22, 11], [23, 13, 24, 12], [1, 16, 2, 17], [3, 22, 4, 23], [5, 9, 6, 8], [7, 14, 8, 15], [9, 20, 10, 21], [11, 3, 12, 2], [13, 19, 14, 18], [15, 6, 16, 7]]"
12a_0417_42,"[[15, 6, 16, 7], [17, 24, 18, 1], [19, 4, 20, 5], [21, 10, 22, 11], [23, 13, 24, 12], [1, 16, 2, 17], [3, 22, 4, 23], [5, 9, 6, 8], [7, 14, 8, 15], [9, 20, 10, 21], [11, 3, 12, 2], [13, 19, 14, 18]]"
12a_0417_43,"[[13, 19, 14, 18], [15, 6, 16, 7], [17, 24, 18, 1], [19, 4, 20, 5], [21, 10, 22, 11], [23, 13, 24, 12], [1, 16, 2, 17], [3, 22, 4, 23], [5, 9, 6, 8], [7, 14, 8, 15], [9, 20, 10, 21], [11, 3, 12, 2]]"
12a_0417_44,"[[11, 3, 12, 2], [13, 19, 14, 18], [15, 6, 16, 7], [17, 24, 18, 1], [19, 4, 20, 5], [21, 10, 22, 11], [23, 13, 24, 12], [1, 16, 2, 17], [3, 22, 4, 23], [5, 9, 6, 8], [7, 14, 8, 15], [9, 20, 10, 21]]"
12a_0417_45,"[[9, 20, 10, 21], [11, 3, 12, 2], [13, 19, 14, 18], [15, 6, 16, 7], [17, 24, 18, 1], [19, 4, 20, 5], [21, 10, 22, 11], [23, 13, 24, 12], [1, 16, 2, 17], [3, 22, 4, 23], [5, 9, 6, 8], [7, 14, 8, 15]]"
12a_0417_46,"[[7, 14, 8, 15], [9, 20, 10, 21], [11, 3, 12, 2], [13, 19, 14, 18], [15, 6, 16, 7], [17, 24, 18, 1], [19, 4, 20, 5], [21, 10, 22, 11], [23, 13, 24, 12], [1, 16, 2, 17], [3, 22, 4, 23], [5, 9, 6, 8]]"
12a_0417_47,"[[5, 9, 6, 8], [7, 14, 8, 15], [9, 20, 10, 21], [11, 3, 12, 2], [13, 19, 14, 18], [15, 6, 16, 7], [17, 24, 18, 1], [19, 4, 20, 5], [21, 10, 22, 11], [23, 13, 24, 12], [1, 16, 2, 17], [3, 22, 4, 23]]"
12a_0417_48,"[[4, 23, 5, 24], [6, 10, 7, 9], [8, 15, 9, 16], [10, 21, 11, 22], [12, 4, 13, 3], [14, 20, 15, 19], [16, 7, 17, 8], [18, 1, 19, 2], [20, 5, 21, 6], [22, 11, 23, 12], [24, 14, 1, 13], [2, 17, 3, 18]]"
12a_0417_49,"[[2, 17, 3, 18], [4, 23, 5, 24], [6, 10, 7, 9], [8, 15, 9, 16], [10, 21, 11, 22], [12, 4, 13, 3], [14, 20, 15, 19], [16, 7, 17, 8], [18, 1, 19, 2], [20, 5, 21, 6], [22, 11, 23, 12], [24, 14, 1, 13]]"
12a_0417_50,"[[24, 14, 1, 13], [2, 17, 3, 18], [4, 23, 5, 24], [6, 10, 7, 9], [8, 15, 9, 16], [10, 21, 11, 22], [12, 4, 13, 3], [14, 20, 15, 19], [16, 7, 17, 8], [18, 1, 19, 2], [20, 5, 21, 6], [22, 11, 23, 12]]"
12a_0417_51,"[[22, 11, 23, 12], [24, 14, 1, 13], [2, 17, 3, 18], [4, 23, 5, 24], [6, 10, 7, 9], [8, 15, 9, 16], [10, 21, 11, 22], [12, 4, 13, 3], [14, 20, 15, 19], [16, 7, 17, 8], [18, 1, 19, 2], [20, 5, 21, 6]]"
12a_0417_52,"[[20, 5, 21, 6], [22, 11, 23, 12], [24, 14, 1, 13], [2, 17, 3, 18], [4, 23, 5, 24], [6, 10, 7, 9], [8, 15, 9, 16], [10, 21, 11, 22], [12, 4, 13, 3], [14, 20, 15, 19], [16, 7, 17, 8], [18, 1, 19, 2]]"
12a_0417_53,"[[18, 1, 19, 2], [20, 5, 21, 6], [22, 11, 23, 12], [24, 14, 1, 13], [2, 17, 3, 18], [4, 23, 5, 24], [6, 10, 7, 9], [8, 15, 9, 16], [10, 21, 11, 22], [12, 4, 13, 3], [14, 20, 15, 19], [16, 7, 17, 8]]"
12a_0417_54,"[[16, 7, 17, 8], [18, 1, 19, 2], [20, 5, 21, 6], [22, 11, 23, 12], [24, 14, 1, 13], [2, 17, 3, 18], [4, 23, 5, 24], [6, 10, 7, 9], [8, 15, 9, 16], [10, 21, 11, 22], [12, 4, 13, 3], [14, 20, 15, 19]]"
12a_0417_55,"[[14, 20, 15, 19], [16, 7, 17, 8], [18, 1, 19, 2], [20, 5, 21, 6], [22, 11, 23, 12], [24, 14, 1, 13], [2, 17, 3, 18], [4, 23, 5, 24], [6, 10, 7, 9], [8, 15, 9, 16], [10, 21, 11, 22], [12, 4, 13, 3]]"
12a_0417_56,"[[12, 4, 13, 3], [14, 20, 15, 19], [16, 7, 17, 8], [18, 1, 19, 2], [20, 5, 21, 6], [22, 11, 23, 12], [24, 14, 1, 13], [2, 17, 3, 18], [4, 23, 5, 24], [6, 10, 7, 9], [8, 15, 9, 16], [10, 21, 11, 22]]"
12a_0417_57,"[[10, 21, 11, 22], [12, 4, 13, 3], [14, 20, 15, 19], [16, 7, 17, 8], [18, 1, 19, 2], [20, 5, 21, 6], [22, 11, 23, 12], [24, 14, 1, 13], [2, 17, 3, 18], [4, 23, 5, 24], [6, 10, 7, 9], [8, 15, 9, 16]]"
12a_0417_58,"[[8, 15, 9, 16], [10, 21, 11, 22], [12, 4, 13, 3], [14, 20, 15, 19], [16, 7, 17, 8], [18, 1, 19, 2], [20, 5, 21, 6], [22, 11, 23, 12], [24, 14, 1, 13], [2, 17, 3, 18], [4, 23, 5, 24], [6, 10, 7, 9]]"
12a_0417_59,"[[6, 10, 7, 9], [8, 15, 9, 16], [10, 21, 11, 22], [12, 4, 13, 3], [14, 20, 15, 19], [16, 7, 17, 8], [18, 1, 19, 2], [20, 5, 21, 6], [22, 11, 23, 12], [24, 14, 1, 13], [2, 17, 3, 18], [4, 23, 5, 24]]"
12a_0417_60,"[[5, 24, 6, 1], [7, 11, 8, 10], [9, 16, 10, 17], [11, 22, 12, 23], [13, 5, 14, 4], [15, 21, 16, 20], [17, 8, 18, 9], [19, 2, 20, 3], [21, 6, 22, 7], [23, 12, 24, 13], [1, 15, 2, 14], [3, 18, 4, 19]]"
12a_0417_61,"[[3, 18, 4, 19], [5, 24, 6, 1], [7, 11, 8, 10], [9, 16, 10, 17], [11, 22, 12, 23], [13, 5, 14, 4], [15, 21, 16, 20], [17, 8, 18, 9], [19, 2, 20, 3], [21, 6, 22, 7], [23, 12, 24, 13], [1, 15, 2, 14]]"
12a_0417_62,"[[1, 15, 2, 14], [3, 18, 4, 19], [5, 24, 6, 1], [7, 11, 8, 10], [9, 16, 10, 17], [11, 22, 12, 23], [13, 5, 14, 4], [15, 21, 16, 20], [17, 8, 18, 9], [19, 2, 20, 3], [21, 6, 22, 7], [23, 12, 24, 13]]"
12a_0417_63,"[[23, 12, 24, 13], [1, 15, 2, 14], [3, 18, 4, 19], [5, 24, 6, 1], [7, 11, 8, 10], [9, 16, 10, 17], [11, 22, 12, 23], [13, 5, 14, 4], [15, 21, 16, 20], [17, 8, 18, 9], [19, 2, 20, 3], [21, 6, 22, 7]]"
12a_0417_64,"[[21, 6, 22, 7], [23, 12, 24, 13], [1, 15, 2, 14], [3, 18, 4, 19], [5, 24, 6, 1], [7, 11, 8, 10], [9, 16, 10, 17], [11, 22, 12, 23], [13, 5, 14, 4], [15, 21, 16, 20], [17, 8, 18, 9], [19, 2, 20, 3]]"
12a_0417_65,"[[19, 2, 20, 3], [21, 6, 22, 7], [23, 12, 24, 13], [1, 15, 2, 14], [3, 18, 4, 19], [5, 24, 6, 1], [7, 11, 8, 10], [9, 16, 10, 17], [11, 22, 12, 23], [13, 5, 14, 4], [15, 21, 16, 20], [17, 8, 18, 9]]"
12a_0417_66,"[[17, 8, 18, 9], [19, 2, 20, 3], [21, 6, 22, 7], [23, 12, 24, 13], [1, 15, 2, 14], [3, 18, 4, 19], [5, 24, 6, 1], [7, 11, 8, 10], [9, 16, 10, 17], [11, 22, 12, 23], [13, 5, 14, 4], [15, 21, 16, 20]]"
12a_0417_67,"[[15, 21, 16, 20], [17, 8, 18, 9], [19, 2, 20, 3], [21, 6, 22, 7], [23, 12, 24, 13], [1, 15, 2, 14], [3, 18, 4, 19], [5, 24, 6, 1], [7, 11, 8, 10], [9, 16, 10, 17], [11, 22, 12, 23], [13, 5, 14, 4]]"
12a_0417_68,"[[13, 5, 14, 4], [15, 21, 16, 20], [17, 8, 18, 9], [19, 2, 20, 3], [21, 6, 22, 7], [23, 12, 24, 13], [1, 15, 2, 14], [3, 18, 4, 19], [5, 24, 6, 1], [7, 11, 8, 10], [9, 16, 10, 17], [11, 22, 12, 23]]"
12a_0417_69,"[[11, 22, 12, 23], [13, 5, 14, 4], [15, 21, 16, 20], [17, 8, 18, 9], [19, 2, 20, 3], [21, 6, 22, 7], [23, 12, 24, 13], [1, 15, 2, 14], [3, 18, 4, 19], [5, 24, 6, 1], [7, 11, 8, 10], [9, 16, 10, 17]]"
12a_0417_70,"[[9, 16, 10, 17], [11, 22, 12, 23], [13, 5, 14, 4], [15, 21, 16, 20], [17, 8, 18, 9], [19, 2, 20, 3], [21, 6, 22, 7], [23, 12, 24, 13], [1, 15, 2, 14], [3, 18, 4, 19], [5, 24, 6, 1], [7, 11, 8, 10]]"
12a_0417_71,"[[7, 11, 8, 10], [9, 16, 10, 17], [11, 22, 12, 23], [13, 5, 14, 4], [15, 21, 16, 20], [17, 8, 18, 9], [19, 2, 20, 3], [21, 6, 22, 7], [23, 12, 24, 13], [1, 15, 2, 14], [3, 18, 4, 19], [5, 24, 6, 1]]"
12a_0417_72,"[[6, 1, 7, 2], [8, 12, 9, 11], [10, 17, 11, 18], [12, 23, 13, 24], [14, 6, 15, 5], [16, 22, 17, 21], [18, 9, 19, 10], [20, 3, 21, 4], [22, 7, 23, 8], [24, 13, 1, 14], [2, 16, 3, 15], [4, 19, 5, 20]]"
12a_0417_73,"[[4, 19, 5, 20], [6, 1, 7, 2], [8, 12, 9, 11], [10, 17, 11, 18], [12, 23, 13, 24], [14, 6, 15, 5], [16, 22, 17, 21], [18, 9, 19, 10], [20, 3, 21, 4], [22, 7, 23, 8], [24, 13, 1, 14], [2, 16, 3, 15]]"
12a_0417_74,"[[2, 16, 3, 15], [4, 19, 5, 20], [6, 1, 7, 2], [8, 12, 9, 11], [10, 17, 11, 18], [12, 23, 13, 24], [14, 6, 15, 5], [16, 22, 17, 21], [18, 9, 19, 10], [20, 3, 21, 4], [22, 7, 23, 8], [24, 13, 1, 14]]"
12a_0417_75,"[[24, 13, 1, 14], [2, 16, 3, 15], [4, 19, 5, 20], [6, 1, 7, 2], [8, 12, 9, 11], [10, 17, 11, 18], [12, 23, 13, 24], [14, 6, 15, 5], [16, 22, 17, 21], [18, 9, 19, 10], [20, 3, 21, 4], [22, 7, 23, 8]]"
12a_0417_76,"[[22, 7, 23, 8], [24, 13, 1, 14], [2, 16, 3, 15], [4, 19, 5, 20], [6, 1, 7, 2], [8, 12, 9, 11], [10, 17, 11, 18], [12, 23, 13, 24], [14, 6, 15, 5], [16, 22, 17, 21], [18, 9, 19, 10], [20, 3, 21, 4]]"
12a_0417_77,"[[20, 3, 21, 4], [22, 7, 23, 8], [24, 13, 1, 14], [2, 16, 3, 15], [4, 19, 5, 20], [6, 1, 7, 2], [8, 12, 9, 11], [10, 17, 11, 18], [12, 23, 13, 24], [14, 6, 15, 5], [16, 22, 17, 21], [18, 9, 19, 10]]"
12a_0417_78,"[[18, 9, 19, 10], [20, 3, 21, 4], [22, 7, 23, 8], [24, 13, 1, 14], [2, 16, 3, 15], [4, 19, 5, 20], [6, 1, 7, 2], [8, 12, 9, 11], [10, 17, 11, 18], [12, 23, 13, 24], [14, 6, 15, 5], [16, 22, 17, 21]]"
12a_0417_79,"[[16, 22, 17, 21], [18, 9, 19, 10], [20, 3, 21, 4], [22, 7, 23, 8], [24, 13, 1, 14], [2, 16, 3, 15], [4, 19, 5, 20], [6, 1, 7, 2], [8, 12, 9, 11], [10, 17, 11, 18], [12, 23, 13, 24], [14, 6, 15, 5]]"
12a_0417_80,"[[14, 6, 15, 5], [16, 22, 17, 21], [18, 9, 19, 10], [20, 3, 21, 4], [22, 7, 23, 8], [24, 13, 1, 14], [2, 16, 3, 15], [4, 19, 5, 20], [6, 1, 7, 2], [8, 12, 9, 11], [10, 17, 11, 18], [12, 23, 13, 24]]"
12a_0417_81,"[[12, 23, 13, 24], [14, 6, 15, 5], [16, 22, 17, 21], [18, 9, 19, 10], [20, 3, 21, 4], [22, 7, 23, 8], [24, 13, 1, 14], [2, 16, 3, 15], [4, 19, 5, 20], [6, 1, 7, 2], [8, 12, 9, 11], [10, 17, 11, 18]]"
12a_0417_82,"[[10, 17, 11, 18], [12, 23, 13, 24], [14, 6, 15, 5], [16, 22, 17, 21], [18, 9, 19, 10], [20, 3, 21, 4], [22, 7, 23, 8], [24, 13, 1, 14], [2, 16, 3, 15], [4, 19, 5, 20], [6, 1, 7, 2], [8, 12, 9, 11]]"
12a_0417_83,"[[8, 12, 9, 11], [10, 17, 11, 18], [12, 23, 13, 24], [14, 6, 15, 5], [16, 22, 17, 21], [18, 9, 19, 10], [20, 3, 21, 4], [22, 7, 23, 8], [24, 13, 1, 14], [2, 16, 3, 15], [4, 19, 5, 20], [6, 1, 7, 2]]"
12a_0417_84,"[[7, 2, 8, 3], [9, 13, 10, 12], [11, 18, 12, 19], [13, 24, 14, 1], [15, 7, 16, 6], [17, 23, 18, 22], [19, 10, 20, 11], [21, 4, 22, 5], [23, 8, 24, 9], [1, 14, 2, 15], [3, 17, 4, 16], [5, 20, 6, 21]]"
12a_0417_85,"[[5, 20, 6, 21], [7, 2, 8, 3], [9, 13, 10, 12], [11, 18, 12, 19], [13, 24, 14, 1], [15, 7, 16, 6], [17, 23, 18, 22], [19, 10, 20, 11], [21, 4, 22, 5], [23, 8, 24, 9], [1, 14, 2, 15], [3, 17, 4, 16]]"
12a_0417_86,"[[3, 17, 4, 16], [5, 20, 6, 21], [7, 2, 8, 3], [9, 13, 10, 12], [11, 18, 12, 19], [13, 24, 14, 1], [15, 7, 16, 6], [17, 23, 18, 22], [19, 10, 20, 11], [21, 4, 22, 5], [23, 8, 24, 9], [1, 14, 2, 15]]"
12a_0417_87,"[[1, 14, 2, 15], [3, 17, 4, 16], [5, 20, 6, 21], [7, 2, 8, 3], [9, 13, 10, 12], [11, 18, 12, 19], [13, 24, 14, 1], [15, 7, 16, 6], [17, 23, 18, 22], [19, 10, 20, 11], [21, 4, 22, 5], [23, 8, 24, 9]]"
12a_0417_88,"[[23, 8, 24, 9], [1, 14, 2, 15], [3, 17, 4, 16], [5, 20, 6, 21], [7, 2, 8, 3], [9, 13, 10, 12], [11, 18, 12, 19], [13, 24, 14, 1], [15, 7, 16, 6], [17, 23, 18, 22], [19, 10, 20, 11], [21, 4, 22, 5]]"
12a_0417_89,"[[21, 4, 22, 5], [23, 8, 24, 9], [1, 14, 2, 15], [3, 17, 4, 16], [5, 20, 6, 21], [7, 2, 8, 3], [9, 13, 10, 12], [11, 18, 12, 19], [13, 24, 14, 1], [15, 7, 16, 6], [17, 23, 18, 22], [19, 10, 20, 11]]"
12a_0417_90,"[[19, 10, 20, 11], [21, 4, 22, 5], [23, 8, 24, 9], [1, 14, 2, 15], [3, 17, 4, 16], [5, 20, 6, 21], [7, 2, 8, 3], [9, 13, 10, 12], [11, 18, 12, 19], [13, 24, 14, 1], [15, 7, 16, 6], [17, 23, 18, 22]]"
12a_0417_91,"[[17, 23, 18, 22], [19, 10, 20, 11], [21, 4, 22, 5], [23, 8, 24, 9], [1, 14, 2, 15], [3, 17, 4, 16], [5, 20, 6, 21], [7, 2, 8, 3], [9, 13, 10, 12], [11, 18, 12, 19], [13, 24, 14, 1], [15, 7, 16, 6]]"
12a_0417_92,"[[15, 7, 16, 6], [17, 23, 18, 22], [19, 10, 20, 11], [21, 4, 22, 5], [23, 8, 24, 9], [1, 14, 2, 15], [3, 17, 4, 16], [5, 20, 6, 21], [7, 2, 8, 3], [9, 13, 10, 12], [11, 18, 12, 19], [13, 24, 14, 1]]"
12a_0417_93,"[[13, 24, 14, 1], [15, 7, 16, 6], [17, 23, 18, 22], [19, 10, 20, 11], [21, 4, 22, 5], [23, 8, 24, 9], [1, 14, 2, 15], [3, 17, 4, 16], [5, 20, 6, 21], [7, 2, 8, 3], [9, 13, 10, 12], [11, 18, 12, 19]]"
12a_0417_94,"[[11, 18, 12, 19], [13, 24, 14, 1], [15, 7, 16, 6], [17, 23, 18, 22], [19, 10, 20, 11], [21, 4, 22, 5], [23, 8, 24, 9], [1, 14, 2, 15], [3, 17, 4, 16], [5, 20, 6, 21], [7, 2, 8, 3], [9, 13, 10, 12]]"
12a_0417_95,"[[9, 13, 10, 12], [11, 18, 12, 19], [13, 24, 14, 1], [15, 7, 16, 6], [17, 23, 18, 22], [19, 10, 20, 11], [21, 4, 22, 5], [23, 8, 24, 9], [1, 14, 2, 15], [3, 17, 4, 16], [5, 20, 6, 21], [7, 2, 8, 3]]"
12a_0417_96,"[[8, 3, 9, 4], [10, 14, 11, 13], [12, 19, 13, 20], [14, 1, 15, 2], [16, 8, 17, 7], [18, 24, 19, 23], [20, 11, 21, 12], [22, 5, 23, 6], [24, 9, 1, 10], [2, 15, 3, 16], [4, 18, 5, 17], [6, 21, 7, 22]]"
12a_0417_97,"[[6, 21, 7, 22], [8, 3, 9, 4], [10, 14, 11, 13], [12, 19, 13, 20], [14, 1, 15, 2], [16, 8, 17, 7], [18, 24, 19, 23], [20, 11, 21, 12], [22, 5, 23, 6], [24, 9, 1, 10], [2, 15, 3, 16], [4, 18, 5, 17]]"
12a_0417_98,"[[4, 18, 5, 17], [6, 21, 7, 22], [8, 3, 9, 4], [10, 14, 11, 13], [12, 19, 13, 20], [14, 1, 15, 2], [16, 8, 17, 7], [18, 24, 19, 23], [20, 11, 21, 12], [22, 5, 23, 6], [24, 9, 1, 10], [2, 15, 3, 16]]"
12a_0417_99,"[[2, 15, 3, 16], [4, 18, 5, 17], [6, 21, 7, 22], [8, 3, 9, 4], [10, 14, 11, 13], [12, 19, 13, 20], [14, 1, 15, 2], [16, 8, 17, 7], [18, 24, 19, 23], [20, 11, 21, 12], [22, 5, 23, 6], [24, 9, 1, 10]]"
12a_0417_100,"[[24, 9, 1, 10], [2, 15, 3, 16], [4, 18, 5, 17], [6, 21, 7, 22], [8, 3, 9, 4], [10, 14, 11, 13], [12, 19, 13, 20], [14, 1, 15, 2], [16, 8, 17, 7], [18, 24, 19, 23], [20, 11, 21, 12], [22, 5, 23, 6]]"
12a_0417_101,"[[22, 5, 23, 6], [24, 9, 1, 10], [2, 15, 3, 16], [4, 18, 5, 17], [6, 21, 7, 22], [8, 3, 9, 4], [10, 14, 11, 13], [12, 19, 13, 20], [14, 1, 15, 2], [16, 8, 17, 7], [18, 24, 19, 23], [20, 11, 21, 12]]"
12a_0417_102,"[[20, 11, 21, 12], [22, 5, 23, 6], [24, 9, 1, 10], [2, 15, 3, 16], [4, 18, 5, 17], [6, 21, 7, 22], [8, 3, 9, 4], [10, 14, 11, 13], [12, 19, 13, 20], [14, 1, 15, 2], [16, 8, 17, 7], [18, 24, 19, 23]]"
12a_0417_103,"[[18, 24, 19, 23], [20, 11, 21, 12], [22, 5, 23, 6], [24, 9, 1, 10], [2, 15, 3, 16], [4, 18, 5, 17], [6, 21, 7, 22], [8, 3, 9, 4], [10, 14, 11, 13], [12, 19, 13, 20], [14, 1, 15, 2], [16, 8, 17, 7]]"
12a_0417_104,"[[16, 8, 17, 7], [18, 24, 19, 23], [20, 11, 21, 12], [22, 5, 23, 6], [24, 9, 1, 10], [2, 15, 3, 16], [4, 18, 5, 17], [6, 21, 7, 22], [8, 3, 9, 4], [10, 14, 11, 13], [12, 19, 13, 20], [14, 1, 15, 2]]"
12a_0417_105,"[[14, 1, 15, 2], [16, 8, 17, 7], [18, 24, 19, 23], [20, 11, 21, 12], [22, 5, 23, 6], [24, 9, 1, 10], [2, 15, 3, 16], [4, 18, 5, 17], [6, 21, 7, 22], [8, 3, 9, 4], [10, 14, 11, 13], [12, 19, 13, 20]]"
12a_0417_106,"[[12, 19, 13, 20], [14, 1, 15, 2], [16, 8, 17, 7], [18, 24, 19, 23], [20, 11, 21, 12], [22, 5, 23, 6], [24, 9, 1, 10], [2, 15, 3, 16], [4, 18, 5, 17], [6, 21, 7, 22], [8, 3, 9, 4], [10, 14, 11, 13]]"
12a_0417_107,"[[10, 14, 11, 13], [12, 19, 13, 20], [14, 1, 15, 2], [16, 8, 17, 7], [18, 24, 19, 23], [20, 11, 21, 12], [22, 5, 23, 6], [24, 9, 1, 10], [2, 15, 3, 16], [4, 18, 5, 17], [6, 21, 7, 22], [8, 3, 9, 4]]"
12a_0417_108,"[[9, 4, 10, 5], [11, 15, 12, 14], [13, 20, 14, 21], [15, 2, 16, 3], [17, 9, 18, 8], [19, 1, 20, 24], [21, 12, 22, 13], [23, 6, 24, 7], [1, 10, 2, 11], [3, 16, 4, 17], [5, 19, 6, 18], [7, 22, 8, 23]]"
12a_0417_109,"[[7, 22, 8, 23], [9, 4, 10, 5], [11, 15, 12, 14], [13, 20, 14, 21], [15, 2, 16, 3], [17, 9, 18, 8], [19, 1, 20, 24], [21, 12, 22, 13], [23, 6, 24, 7], [1, 10, 2, 11], [3, 16, 4, 17], [5, 19, 6, 18]]"
12a_0417_110,"[[5, 19, 6, 18], [7, 22, 8, 23], [9, 4, 10, 5], [11, 15, 12, 14], [13, 20, 14, 21], [15, 2, 16, 3], [17, 9, 18, 8], [19, 1, 20, 24], [21, 12, 22, 13], [23, 6, 24, 7], [1, 10, 2, 11], [3, 16, 4, 17]]"
12a_0417_111,"[[3, 16, 4, 17], [5, 19, 6, 18], [7, 22, 8, 23], [9, 4, 10, 5], [11, 15, 12, 14], [13, 20, 14, 21], [15, 2, 16, 3], [17, 9, 18, 8], [19, 1, 20, 24], [21, 12, 22, 13], [23, 6, 24, 7], [1, 10, 2, 11]]"
12a_0417_112,"[[1, 10, 2, 11], [3, 16, 4, 17], [5, 19, 6, 18], [7, 22, 8, 23], [9, 4, 10, 5], [11, 15, 12, 14], [13, 20, 14, 21], [15, 2, 16, 3], [17, 9, 18, 8], [19, 1, 20, 24], [21, 12, 22, 13], [23, 6, 24, 7]]"
12a_0417_113,"[[23, 6, 24, 7], [1, 10, 2, 11], [3, 16, 4, 17], [5, 19, 6, 18], [7, 22, 8, 23], [9, 4, 10, 5], [11, 15, 12, 14], [13, 20, 14, 21], [15, 2, 16, 3], [17, 9, 18, 8], [19, 1, 20, 24], [21, 12, 22, 13]]"
12a_0417_114,"[[21, 12, 22, 13], [23, 6, 24, 7], [1, 10, 2, 11], [3, 16, 4, 17], [5, 19, 6, 18], [7, 22, 8, 23], [9, 4, 10, 5], [11, 15, 12, 14], [13, 20, 14, 21], [15, 2, 16, 3], [17, 9, 18, 8], [19, 1, 20, 24]]"
12a_0417_115,"[[19, 1, 20, 24], [21, 12, 22, 13], [23, 6, 24, 7], [1, 10, 2, 11], [3, 16, 4, 17], [5, 19, 6, 18], [7, 22, 8, 23], [9, 4, 10, 5], [11, 15, 12, 14], [13, 20, 14, 21], [15, 2, 16, 3], [17, 9, 18, 8]]"
12a_0417_116,"[[17, 9, 18, 8], [19, 1, 20, 24], [21, 12, 22, 13], [23, 6, 24, 7], [1, 10, 2, 11], [3, 16, 4, 17], [5, 19, 6, 18], [7, 22, 8, 23], [9, 4, 10, 5], [11, 15, 12, 14], [13, 20, 14, 21], [15, 2, 16, 3]]"
12a_0417_117,"[[15, 2, 16, 3], [17, 9, 18, 8], [19, 1, 20, 24], [21, 12, 22, 13], [23, 6, 24, 7], [1, 10, 2, 11], [3, 16, 4, 17], [5, 19, 6, 18], [7, 22, 8, 23], [9, 4, 10, 5], [11, 15, 12, 14], [13, 20, 14, 21]]"
12a_0417_118,"[[13, 20, 14, 21], [15, 2, 16, 3], [17, 9, 18, 8], [19, 1, 20, 24], [21, 12, 22, 13], [23, 6, 24, 7], [1, 10, 2, 11], [3, 16, 4, 17], [5, 19, 6, 18], [7, 22, 8, 23], [9, 4, 10, 5], [11, 15, 12, 14]]"
12a_0417_119,"[[11, 15, 12, 14], [13, 20, 14, 21], [15, 2, 16, 3], [17, 9, 18, 8], [19, 1, 20, 24], [21, 12, 22, 13], [23, 6, 24, 7], [1, 10, 2, 11], [3, 16, 4, 17], [5, 19, 6, 18], [7, 22, 8, 23], [9, 4, 10, 5]]"
12a_0417_120,"[[10, 5, 11, 6], [12, 16, 13, 15], [14, 21, 15, 22], [16, 3, 17, 4], [18, 10, 19, 9], [20, 2, 21, 1], [22, 13, 23, 14], [24, 7, 1, 8], [2, 11, 3, 12], [4, 17, 5, 18], [6, 20, 7, 19], [8, 23, 9, 24]]"
12a_0417_121,"[[8, 23, 9, 24], [10, 5, 11, 6], [12, 16, 13, 15], [14, 21, 15, 22], [16, 3, 17, 4], [18, 10, 19, 9], [20, 2, 21, 1], [22, 13, 23, 14], [24, 7, 1, 8], [2, 11, 3, 12], [4, 17, 5, 18], [6, 20, 7, 19]]"
12a_0417_122,"[[6, 20, 7, 19], [8, 23, 9, 24], [10, 5, 11, 6], [12, 16, 13, 15], [14, 21, 15, 22], [16, 3, 17, 4], [18, 10, 19, 9], [20, 2, 21, 1], [22, 13, 23, 14], [24, 7, 1, 8], [2, 11, 3, 12], [4, 17, 5, 18]]"
12a_0417_123,"[[4, 17, 5, 18], [6, 20, 7, 19], [8, 23, 9, 24], [10, 5, 11, 6], [12, 16, 13, 15], [14, 21, 15, 22], [16, 3, 17, 4], [18, 10, 19, 9], [20, 2, 21, 1], [22, 13, 23, 14], [24, 7, 1, 8], [2, 11, 3, 12]]"
12a_0417_124,"[[2, 11, 3, 12], [4, 17, 5, 18], [6, 20, 7, 19], [8, 23, 9, 24], [10, 5, 11, 6], [12, 16, 13, 15], [14, 21, 15, 22], [16, 3, 17, 4], [18, 10, 19, 9], [20, 2, 21, 1], [22, 13, 23, 14], [24, 7, 1, 8]]"
12a_0417_125,"[[24, 7, 1, 8], [2, 11, 3, 12], [4, 17, 5, 18], [6, 20, 7, 19], [8, 23, 9, 24], [10, 5, 11, 6], [12, 16, 13, 15], [14, 21, 15, 22], [16, 3, 17, 4], [18, 10, 19, 9], [20, 2, 21, 1], [22, 13, 23, 14]]"
12a_0417_126,"[[22, 13, 23, 14], [24, 7, 1, 8], [2, 11, 3, 12], [4, 17, 5, 18], [6, 20, 7, 19], [8, 23, 9, 24], [10, 5, 11, 6], [12, 16, 13, 15], [14, 21, 15, 22], [16, 3, 17, 4], [18, 10, 19, 9], [20, 2, 21, 1]]"
12a_0417_127,"[[20, 2, 21, 1], [22, 13, 23, 14], [24, 7, 1, 8], [2, 11, 3, 12], [4, 17, 5, 18], [6, 20, 7, 19], [8, 23, 9, 24], [10, 5, 11, 6], [12, 16, 13, 15], [14, 21, 15, 22], [16, 3, 17, 4], [18, 10, 19, 9]]"
12a_0417_128,"[[18, 10, 19, 9], [20, 2, 21, 1], [22, 13, 23, 14], [24, 7, 1, 8], [2, 11, 3, 12], [4, 17, 5, 18], [6, 20, 7, 19], [8, 23, 9, 24], [10, 5, 11, 6], [12, 16, 13, 15], [14, 21, 15, 22], [16, 3, 17, 4]]"
12a_0417_129,"[[16, 3, 17, 4], [18, 10, 19, 9], [20, 2, 21, 1], [22, 13, 23, 14], [24, 7, 1, 8], [2, 11, 3, 12], [4, 17, 5, 18], [6, 20, 7, 19], [8, 23, 9, 24], [10, 5, 11, 6], [12, 16, 13, 15], [14, 21, 15, 22]]"
12a_0417_130,"[[14, 21, 15, 22], [16, 3, 17, 4], [18, 10, 19, 9], [20, 2, 21, 1], [22, 13, 23, 14], [24, 7, 1, 8], [2, 11, 3, 12], [4, 17, 5, 18], [6, 20, 7, 19], [8, 23, 9, 24], [10, 5, 11, 6], [12, 16, 13, 15]]"
12a_0417_131,"[[12, 16, 13, 15], [14, 21, 15, 22], [16, 3, 17, 4], [18, 10, 19, 9], [20, 2, 21, 1], [22, 13, 23, 14], [24, 7, 1, 8], [2, 11, 3, 12], [4, 17, 5, 18], [6, 20, 7, 19], [8, 23, 9, 24], [10, 5, 11, 6]]"
12a_0417_132,"[[11, 6, 12, 7], [13, 17, 14, 16], [15, 22, 16, 23], [17, 4, 18, 5], [19, 11, 20, 10], [21, 3, 22, 2], [23, 14, 24, 15], [1, 8, 2, 9], [3, 12, 4, 13], [5, 18, 6, 19], [7, 21, 8, 20], [9, 24, 10, 1]]"
12a_0417_133,"[[9, 24, 10, 1], [11, 6, 12, 7], [13, 17, 14, 16], [15, 22, 16, 23], [17, 4, 18, 5], [19, 11, 20, 10], [21, 3, 22, 2], [23, 14, 24, 15], [1, 8, 2, 9], [3, 12, 4, 13], [5, 18, 6, 19], [7, 21, 8, 20]]"
12a_0417_134,"[[7, 21, 8, 20], [9, 24, 10, 1], [11, 6, 12, 7], [13, 17, 14, 16], [15, 22, 16, 23], [17, 4, 18, 5], [19, 11, 20, 10], [21, 3, 22, 2], [23, 14, 24, 15], [1, 8, 2, 9], [3, 12, 4, 13], [5, 18, 6, 19]]"
12a_0417_135,"[[5, 18, 6, 19], [7, 21, 8, 20], [9, 24, 10, 1], [11, 6, 12, 7], [13, 17, 14, 16], [15, 22, 16, 23], [17, 4, 18, 5], [19, 11, 20, 10], [21, 3, 22, 2], [23, 14, 24, 15], [1, 8, 2, 9], [3, 12, 4, 13]]"
12a_0417_136,"[[3, 12, 4, 13], [5, 18, 6, 19], [7, 21, 8, 20], [9, 24, 10, 1], [11, 6, 12, 7], [13, 17, 14, 16], [15, 22, 16, 23], [17, 4, 18, 5], [19, 11, 20, 10], [21, 3, 22, 2], [23, 14, 24, 15], [1, 8, 2, 9]]"
12a_0417_137,"[[1, 8, 2, 9], [3, 12, 4, 13], [5, 18, 6, 19], [7, 21, 8, 20], [9, 24, 10, 1], [11, 6, 12, 7], [13, 17, 14, 16], [15, 22, 16, 23], [17, 4, 18, 5], [19, 11, 20, 10], [21, 3, 22, 2], [23, 14, 24, 15]]"
12a_0417_138,"[[23, 14, 24, 15], [1, 8, 2, 9], [3, 12, 4, 13], [5, 18, 6, 19], [7, 21, 8, 20], [9, 24, 10, 1], [11, 6, 12, 7], [13, 17, 14, 16], [15, 22, 16, 23], [17, 4, 18, 5], [19, 11, 20, 10], [21, 3, 22, 2]]"
12a_0417_139,"[[21, 3, 22, 2], [23, 14, 24, 15], [1, 8, 2, 9], [3, 12, 4, 13], [5, 18, 6, 19], [7, 21, 8, 20], [9, 24, 10, 1], [11, 6, 12, 7], [13, 17, 14, 16], [15, 22, 16, 23], [17, 4, 18, 5], [19, 11, 20, 10]]"
12a_0417_140,"[[19, 11, 20, 10], [21, 3, 22, 2], [23, 14, 24, 15], [1, 8, 2, 9], [3, 12, 4, 13], [5, 18, 6, 19], [7, 21, 8, 20], [9, 24, 10, 1], [11, 6, 12, 7], [13, 17, 14, 16], [15, 22, 16, 23], [17, 4, 18, 5]]"
12a_0417_141,"[[17, 4, 18, 5], [19, 11, 20, 10], [21, 3, 22, 2], [23, 14, 24, 15], [1, 8, 2, 9], [3, 12, 4, 13], [5, 18, 6, 19], [7, 21, 8, 20], [9, 24, 10, 1], [11, 6, 12, 7], [13, 17, 14, 16], [15, 22, 16, 23]]"
12a_0417_142,"[[15, 22, 16, 23], [17, 4, 18, 5], [19, 11, 20, 10], [21, 3, 22, 2], [23, 14, 24, 15], [1, 8, 2, 9], [3, 12, 4, 13], [5, 18, 6, 19], [7, 21, 8, 20], [9, 24, 10, 1], [11, 6, 12, 7], [13, 17, 14, 16]]"
12a_0417_143,"[[13, 17, 14, 16], [15, 22, 16, 23], [17, 4, 18, 5], [19, 11, 20, 10], [21, 3, 22, 2], [23, 14, 24, 15], [1, 8, 2, 9], [3, 12, 4, 13], [5, 18, 6, 19], [7, 21, 8, 20], [9, 24, 10, 1], [11, 6, 12, 7]]"
12a_0417_144,"[[12, 7, 13, 8], [14, 18, 15, 17], [16, 23, 17, 24], [18, 5, 19, 6], [20, 12, 21, 11], [22, 4, 23, 3], [24, 15, 1, 16], [2, 9, 3, 10], [4, 13, 5, 14], [6, 19, 7, 20], [8, 22, 9, 21], [10, 1, 11, 2]]"
12a_0417_145,"[[10, 1, 11, 2], [12, 7, 13, 8], [14, 18, 15, 17], [16, 23, 17, 24], [18, 5, 19, 6], [20, 12, 21, 11], [22, 4, 23, 3], [24, 15, 1, 16], [2, 9, 3, 10], [4, 13, 5, 14], [6, 19, 7, 20], [8, 22, 9, 21]]"
12a_0417_146,"[[8, 22, 9, 21], [10, 1, 11, 2], [12, 7, 13, 8], [14, 18, 15, 17], [16, 23, 17, 24], [18, 5, 19, 6], [20, 12, 21, 11], [22, 4, 23, 3], [24, 15, 1, 16], [2, 9, 3, 10], [4, 13, 5, 14], [6, 19, 7, 20]]"
12a_0417_147,"[[6, 19, 7, 20], [8, 22, 9, 21], [10, 1, 11, 2], [12, 7, 13, 8], [14, 18, 15, 17], [16, 23, 17, 24], [18, 5, 19, 6], [20, 12, 21, 11], [22, 4, 23, 3], [24, 15, 1, 16], [2, 9, 3, 10], [4, 13, 5, 14]]"
12a_0417_148,"[[4, 13, 5, 14], [6, 19, 7, 20], [8, 22, 9, 21], [10, 1, 11, 2], [12, 7, 13, 8], [14, 18, 15, 17], [16, 23, 17, 24], [18, 5, 19, 6], [20, 12, 21, 11], [22, 4, 23, 3], [24, 15, 1, 16], [2, 9, 3, 10]]"
12a_0417_149,"[[2, 9, 3, 10], [4, 13, 5, 14], [6, 19, 7, 20], [8, 22, 9, 21], [10, 1, 11, 2], [12, 7, 13, 8], [14, 18, 15, 17], [16, 23, 17, 24], [18, 5, 19, 6], [20, 12, 21, 11], [22, 4, 23, 3], [24, 15, 1, 16]]"
12a_0417_150,"[[24, 15, 1, 16], [2, 9, 3, 10], [4, 13, 5, 14], [6, 19, 7, 20], [8, 22, 9, 21], [10, 1, 11, 2], [12, 7, 13, 8], [14, 18, 15, 17], [16, 23, 17, 24], [18, 5, 19, 6], [20, 12, 21, 11], [22, 4, 23, 3]]"
12a_0417_151,"[[22, 4, 23, 3], [24, 15, 1, 16], [2, 9, 3, 10], [4, 13, 5, 14], [6, 19, 7, 20], [8, 22, 9, 21], [10, 1, 11, 2], [12, 7, 13, 8], [14, 18, 15, 17], [16, 23, 17, 24], [18, 5, 19, 6], [20, 12, 21, 11]]"
12a_0417_152,"[[20, 12, 21, 11], [22, 4, 23, 3], [24, 15, 1, 16], [2, 9, 3, 10], [4, 13, 5, 14], [6, 19, 7, 20], [8, 22, 9, 21], [10, 1, 11, 2], [12, 7, 13, 8], [14, 18, 15, 17], [16, 23, 17, 24], [18, 5, 19, 6]]"
12a_0417_153,"[[18, 5, 19, 6], [20, 12, 21, 11], [22, 4, 23, 3], [24, 15, 1, 16], [2, 9, 3, 10], [4, 13, 5, 14], [6, 19, 7, 20], [8, 22, 9, 21], [10, 1, 11, 2], [12, 7, 13, 8], [14, 18, 15, 17], [16, 23, 17, 24]]"
12a_0417_154,"[[16, 23, 17, 24], [18, 5, 19, 6], [20, 12, 21, 11], [22, 4, 23, 3], [24, 15, 1, 16], [2, 9, 3, 10], [4, 13, 5, 14], [6, 19, 7, 20], [8, 22, 9, 21], [10, 1, 11, 2], [12, 7, 13, 8], [14, 18, 15, 17]]"
12a_0417_155,"[[14, 18, 15, 17], [16, 23, 17, 24], [18, 5, 19, 6], [20, 12, 21, 11], [22, 4, 23, 3], [24, 15, 1, 16], [2, 9, 3, 10], [4, 13, 5, 14], [6, 19, 7, 20], [8, 22, 9, 21], [10, 1, 11, 2], [12, 7, 13, 8]]"
12a_0417_156,"[[13, 8, 14, 9], [15, 19, 16, 18], [17, 24, 18, 1], [19, 6, 20, 7], [21, 13, 22, 12], [23, 5, 24, 4], [1, 16, 2, 17], [3, 10, 4, 11], [5, 14, 6, 15], [7, 20, 8, 21], [9, 23, 10, 22], [11, 2, 12, 3]]"
12a_0417_157,"[[11, 2, 12, 3], [13, 8, 14, 9], [15, 19, 16, 18], [17, 24, 18, 1], [19, 6, 20, 7], [21, 13, 22, 12], [23, 5, 24, 4], [1, 16, 2, 17], [3, 10, 4, 11], [5, 14, 6, 15], [7, 20, 8, 21], [9, 23, 10, 22]]"
12a_0417_158,"[[9, 23, 10, 22], [11, 2, 12, 3], [13, 8, 14, 9], [15, 19, 16, 18], [17, 24, 18, 1], [19, 6, 20, 7], [21, 13, 22, 12], [23, 5, 24, 4], [1, 16, 2, 17], [3, 10, 4, 11], [5, 14, 6, 15], [7, 20, 8, 21]]"
12a_0417_159,"[[7, 20, 8, 21], [9, 23, 10, 22], [11, 2, 12, 3], [13, 8, 14, 9], [15, 19, 16, 18], [17, 24, 18, 1], [19, 6, 20, 7], [21, 13, 22, 12], [23, 5, 24, 4], [1, 16, 2, 17], [3, 10, 4, 11], [5, 14, 6, 15]]"
12a_0417_160,"[[5, 14, 6, 15], [7, 20, 8, 21], [9, 23, 10, 22], [11, 2, 12, 3], [13, 8, 14, 9], [15, 19, 16, 18], [17, 24, 18, 1], [19, 6, 20, 7], [21, 13, 22, 12], [23, 5, 24, 4], [1, 16, 2, 17], [3, 10, 4, 11]]"
12a_0417_161,"[[3, 10, 4, 11], [5, 14, 6, 15], [7, 20, 8, 21], [9, 23, 10, 22], [11, 2, 12, 3], [13, 8, 14, 9], [15, 19, 16, 18], [17, 24, 18, 1], [19, 6, 20, 7], [21, 13, 22, 12], [23, 5, 24, 4], [1, 16, 2, 17]]"
12a_0417_162,"[[1, 16, 2, 17], [3, 10, 4, 11], [5, 14, 6, 15], [7, 20, 8, 21], [9, 23, 10, 22], [11, 2, 12, 3], [13, 8, 14, 9], [15, 19, 16, 18], [17, 24, 18, 1], [19, 6, 20, 7], [21, 13, 22, 12], [23, 5, 24, 4]]"
12a_0417_163,"[[23, 5, 24, 4], [1, 16, 2, 17], [3, 10, 4, 11], [5, 14, 6, 15], [7, 20, 8, 21], [9, 23, 10, 22], [11, 2, 12, 3], [13, 8, 14, 9], [15, 19, 16, 18], [17, 24, 18, 1], [19, 6, 20, 7], [21, 13, 22, 12]]"
12a_0417_164,"[[21, 13, 22, 12], [23, 5, 24, 4], [1, 16, 2, 17], [3, 10, 4, 11], [5, 14, 6, 15], [7, 20, 8, 21], [9, 23, 10, 22], [11, 2, 12, 3], [13, 8, 14, 9], [15, 19, 16, 18], [17, 24, 18, 1], [19, 6, 20, 7]]"
12a_0417_165,"[[19, 6, 20, 7], [21, 13, 22, 12], [23, 5, 24, 4], [1, 16, 2, 17], [3, 10, 4, 11], [5, 14, 6, 15], [7, 20, 8, 21], [9, 23, 10, 22], [11, 2, 12, 3], [13, 8, 14, 9], [15, 19, 16, 18], [17, 24, 18, 1]]"
12a_0417_166,"[[17, 24, 18, 1], [19, 6, 20, 7], [21, 13, 22, 12], [23, 5, 24, 4], [1, 16, 2, 17], [3, 10, 4, 11], [5, 14, 6, 15], [7, 20, 8, 21], [9, 23, 10, 22], [11, 2, 12, 3], [13, 8, 14, 9], [15, 19, 16, 18]]"
12a_0417_167,"[[15, 19, 16, 18], [17, 24, 18, 1], [19, 6, 20, 7], [21, 13, 22, 12], [23, 5, 24, 4], [1, 16, 2, 17], [3, 10, 4, 11], [5, 14, 6, 15], [7, 20, 8, 21], [9, 23, 10, 22], [11, 2, 12, 3], [13, 8, 14, 9]]"
12a_0417_168,"[[14, 9, 15, 10], [16, 20, 17, 19], [18, 1, 19, 2], [20, 7, 21, 8], [22, 14, 23, 13], [24, 6, 1, 5], [2, 17, 3, 18], [4, 11, 5, 12], [6, 15, 7, 16], [8, 21, 9, 22], [10, 24, 11, 23], [12, 3, 13, 4]]"
12a_0417_169,"[[12, 3, 13, 4], [14, 9, 15, 10], [16, 20, 17, 19], [18, 1, 19, 2], [20, 7, 21, 8], [22, 14, 23, 13], [24, 6, 1, 5], [2, 17, 3, 18], [4, 11, 5, 12], [6, 15, 7, 16], [8, 21, 9, 22], [10, 24, 11, 23]]"
12a_0417_170,"[[10, 24, 11, 23], [12, 3, 13, 4], [14, 9, 15, 10], [16, 20, 17, 19], [18, 1, 19, 2], [20, 7, 21, 8], [22, 14, 23, 13], [24, 6, 1, 5], [2, 17, 3, 18], [4, 11, 5, 12], [6, 15, 7, 16], [8, 21, 9, 22]]"
12a_0417_171,"[[8, 21, 9, 22], [10, 24, 11, 23], [12, 3, 13, 4], [14, 9, 15, 10], [16, 20, 17, 19], [18, 1, 19, 2], [20, 7, 21, 8], [22, 14, 23, 13], [24, 6, 1, 5], [2, 17, 3, 18], [4, 11, 5, 12], [6, 15, 7, 16]]"
12a_0417_172,"[[6, 15, 7, 16], [8, 21, 9, 22], [10, 24, 11, 23], [12, 3, 13, 4], [14, 9, 15, 10], [16, 20, 17, 19], [18, 1, 19, 2], [20, 7, 21, 8], [22, 14, 23, 13], [24, 6, 1, 5], [2, 17, 3, 18], [4, 11, 5, 12]]"
12a_0417_173,"[[4, 11, 5, 12], [6, 15, 7, 16], [8, 21, 9, 22], [10, 24, 11, 23], [12, 3, 13, 4], [14, 9, 15, 10], [16, 20, 17, 19], [18, 1, 19, 2], [20, 7, 21, 8], [22, 14, 23, 13], [24, 6, 1, 5], [2, 17, 3, 18]]"
12a_0417_174,"[[2, 17, 3, 18], [4, 11, 5, 12], [6, 15, 7, 16], [8, 21, 9, 22], [10, 24, 11, 23], [12, 3, 13, 4], [14, 9, 15, 10], [16, 20, 17, 19], [18, 1, 19, 2], [20, 7, 21, 8], [22, 14, 23, 13], [24, 6, 1, 5]]"
12a_0417_175,"[[24, 6, 1, 5], [2, 17, 3, 18], [4, 11, 5, 12], [6, 15, 7, 16], [8, 21, 9, 22], [10, 24, 11, 23], [12, 3, 13, 4], [14, 9, 15, 10], [16, 20, 17, 19], [18, 1, 19, 2], [20, 7, 21, 8], [22, 14, 23, 13]]"
12a_0417_176,"[[22, 14, 23, 13], [24, 6, 1, 5], [2, 17, 3, 18], [4, 11, 5, 12], [6, 15, 7, 16], [8, 21, 9, 22], [10, 24, 11, 23], [12, 3, 13, 4], [14, 9, 15, 10], [16, 20, 17, 19], [18, 1, 19, 2], [20, 7, 21, 8]]"
12a_0417_177,"[[20, 7, 21, 8], [22, 14, 23, 13], [24, 6, 1, 5], [2, 17, 3, 18], [4, 11, 5, 12], [6, 15, 7, 16], [8, 21, 9, 22], [10, 24, 11, 23], [12, 3, 13, 4], [14, 9, 15, 10], [16, 20, 17, 19], [18, 1, 19, 2]]"
12a_0417_178,"[[18, 1, 19, 2], [20, 7, 21, 8], [22, 14, 23, 13], [24, 6, 1, 5], [2, 17, 3, 18], [4, 11, 5, 12], [6, 15, 7, 16], [8, 21, 9, 22], [10, 24, 11, 23], [12, 3, 13, 4], [14, 9, 15, 10], [16, 20, 17, 19]]"
12a_0417_179,"[[16, 20, 17, 19], [18, 1, 19, 2], [20, 7, 21, 8], [22, 14, 23, 13], [24, 6, 1, 5], [2, 17, 3, 18], [4, 11, 5, 12], [6, 15, 7, 16], [8, 21, 9, 22], [10, 24, 11, 23], [12, 3, 13, 4], [14, 9, 15, 10]]"
12a_0417_180,"[[15, 10, 16, 11], [17, 21, 18, 20], [19, 2, 20, 3], [21, 8, 22, 9], [23, 15, 24, 14], [1, 7, 2, 6], [3, 18, 4, 19], [5, 12, 6, 13], [7, 16, 8, 17], [9, 22, 10, 23], [11, 1, 12, 24], [13, 4, 14, 5]]"
12a_0417_181,"[[13, 4, 14, 5], [15, 10, 16, 11], [17, 21, 18, 20], [19, 2, 20, 3], [21, 8, 22, 9], [23, 15, 24, 14], [1, 7, 2, 6], [3, 18, 4, 19], [5, 12, 6, 13], [7, 16, 8, 17], [9, 22, 10, 23], [11, 1, 12, 24]]"
12a_0417_182,"[[11, 1, 12, 24], [13, 4, 14, 5], [15, 10, 16, 11], [17, 21, 18, 20], [19, 2, 20, 3], [21, 8, 22, 9], [23, 15, 24, 14], [1, 7, 2, 6], [3, 18, 4, 19], [5, 12, 6, 13], [7, 16, 8, 17], [9, 22, 10, 23]]"
12a_0417_183,"[[9, 22, 10, 23], [11, 1, 12, 24], [13, 4, 14, 5], [15, 10, 16, 11], [17, 21, 18, 20], [19, 2, 20, 3], [21, 8, 22, 9], [23, 15, 24, 14], [1, 7, 2, 6], [3, 18, 4, 19], [5, 12, 6, 13], [7, 16, 8, 17]]"
12a_0417_184,"[[7, 16, 8, 17], [9, 22, 10, 23], [11, 1, 12, 24], [13, 4, 14, 5], [15, 10, 16, 11], [17, 21, 18, 20], [19, 2, 20, 3], [21, 8, 22, 9], [23, 15, 24, 14], [1, 7, 2, 6], [3, 18, 4, 19], [5, 12, 6, 13]]"
12a_0417_185,"[[5, 12, 6, 13], [7, 16, 8, 17], [9, 22, 10, 23], [11, 1, 12, 24], [13, 4, 14, 5], [15, 10, 16, 11], [17, 21, 18, 20], [19, 2, 20, 3], [21, 8, 22, 9], [23, 15, 24, 14], [1, 7, 2, 6], [3, 18, 4, 19]]"
