name,pd_notation
12a_1145_0,"[[24, 12, 1, 11], [2, 8, 3, 7], [4, 15, 5, 16], [6, 17, 7, 18], [8, 22, 9, 21], [10, 24, 11, 23], [12, 2, 13, 1], [14, 20, 15, 19], [16, 5, 17, 6], [18, 3, 19, 4], [20, 14, 21, 13], [22, 10, 23, 9]]"
12a_1145_1,"[[22, 10, 23, 9], [24, 12, 1, 11], [2, 8, 3, 7], [4, 15, 5, 16], [6, 17, 7, 18], [8, 22, 9, 21], [10, 24, 11, 23], [12, 2, 13, 1], [14, 20, 15, 19], [16, 5, 17, 6], [18, 3, 19, 4], [20, 14, 21, 13]]"
12a_1145_2,"[[20, 14, 21, 13], [22, 10, 23, 9], [24, 12, 1, 11], [2, 8, 3, 7], [4, 15, 5, 16], [6, 17, 7, 18], [8, 22, 9, 21], [10, 24, 11, 23], [12, 2, 13, 1], [14, 20, 15, 19], [16, 5, 17, 6], [18, 3, 19, 4]]"
12a_1145_3,"[[18, 3, 19, 4], [20, 14, 21, 13], [22, 10, 23, 9], [24, 12, 1, 11], [2, 8, 3, 7], [4, 15, 5, 16], [6, 17, 7, 18], [8, 22, 9, 21], [10, 24, 11, 23], [12, 2, 13, 1], [14, 20, 15, 19], [16, 5, 17, 6]]"
12a_1145_4,"[[16, 5, 17, 6], [18, 3, 19, 4], [20, 14, 21, 13], [22, 10, 23, 9], [24, 12, 1, 11], [2, 8, 3, 7], [4, 15, 5, 16], [6, 17, 7, 18], [8, 22, 9, 21], [10, 24, 11, 23], [12, 2, 13, 1], [14, 20, 15, 19]]"
12a_1145_5,"[[14, 20, 15, 19], [16, 5, 17, 6], [18, 3, 19, 4], [20, 14, 21, 13], [22, 10, 23, 9], [24, 12, 1, 11], [2, 8, 3, 7], [4, 15, 5, 16], [6, 17, 7, 18], [8, 22, 9, 21], [10, 24, 11, 23], [12, 2, 13, 1]]"
12a_1145_6,"[[12, 2, 13, 1], [14, 20, 15, 19], [16, 5, 17, 6], [18, 3, 19, 4], [20, 14, 21, 13], [22, 10, 23, 9], [24, 12, 1, 11], [2, 8, 3, 7], [4, 15, 5, 16], [6, 17, 7, 18], [8, 22, 9, 21], [10, 24, 11, 23]]"
12a_1145_7,"[[10, 24, 11, 23], [12, 2, 13, 1], [14, 20, 15, 19], [16, 5, 17, 6], [18, 3, 19, 4], [20, 14, 21, 13], [22, 10, 23, 9], [24, 12, 1, 11], [2, 8, 3, 7], [4, 15, 5, 16], [6, 17, 7, 18], [8, 22, 9, 21]]"
12a_1145_8,"[[8, 22, 9, 21], [10, 24, 11, 23], [12, 2, 13, 1], [14, 20, 15, 19], [16, 5, 17, 6], [18, 3, 19, 4], [20, 14, 21, 13], [22, 10, 23, 9], [24, 12, 1, 11], [2, 8, 3, 7], [4, 15, 5, 16], [6, 17, 7, 18]]"
12a_1145_9,"[[6, 17, 7, 18], [8, 22, 9, 21], [10, 24, 11, 23], [12, 2, 13, 1], [14, 20, 15, 19], [16, 5, 17, 6], [18, 3, 19, 4], [20, 14, 21, 13], [22, 10, 23, 9], [24, 12, 1, 11], [2, 8, 3, 7], [4, 15, 5, 16]]"
12a_1145_10,"[[4, 15, 5, 16], [6, 17, 7, 18], [8, 22, 9, 21], [10, 24, 11, 23], [12, 2, 13, 1], [14, 20, 15, 19], [16, 5, 17, 6], [18, 3, 19, 4], [20, 14, 21, 13], [22, 10, 23, 9], [24, 12, 1, 11], [2, 8, 3, 7]]"
12a_1145_11,"[[2, 8, 3, 7], [4, 15, 5, 16], [6, 17, 7, 18], [8, 22, 9, 21], [10, 24, 11, 23], [12, 2, 13, 1], [14, 20, 15, 19], [16, 5, 17, 6], [18, 3, 19, 4], [20, 14, 21, 13], [22, 10, 23, 9], [24, 12, 1, 11]]"
12a_1145_12,"[[1, 13, 2, 12], [3, 9, 4, 8], [5, 16, 6, 17], [7, 18, 8, 19], [9, 23, 10, 22], [11, 1, 12, 24], [13, 3, 14, 2], [15, 21, 16, 20], [17, 6, 18, 7], [19, 4, 20, 5], [21, 15, 22, 14], [23, 11, 24, 10]]"
12a_1145_13,"[[23, 11, 24, 10], [1, 13, 2, 12], [3, 9, 4, 8], [5, 16, 6, 17], [7, 18, 8, 19], [9, 23, 10, 22], [11, 1, 12, 24], [13, 3, 14, 2], [15, 21, 16, 20], [17, 6, 18, 7], [19, 4, 20, 5], [21, 15, 22, 14]]"
12a_1145_14,"[[21, 15, 22, 14], [23, 11, 24, 10], [1, 13, 2, 12], [3, 9, 4, 8], [5, 16, 6, 17], [7, 18, 8, 19], [9, 23, 10, 22], [11, 1, 12, 24], [13, 3, 14, 2], [15, 21, 16, 20], [17, 6, 18, 7], [19, 4, 20, 5]]"
12a_1145_15,"[[19, 4, 20, 5], [21, 15, 22, 14], [23, 11, 24, 10], [1, 13, 2, 12], [3, 9, 4, 8], [5, 16, 6, 17], [7, 18, 8, 19], [9, 23, 10, 22], [11, 1, 12, 24], [13, 3, 14, 2], [15, 21, 16, 20], [17, 6, 18, 7]]"
12a_1145_16,"[[17, 6, 18, 7], [19, 4, 20, 5], [21, 15, 22, 14], [23, 11, 24, 10], [1, 13, 2, 12], [3, 9, 4, 8], [5, 16, 6, 17], [7, 18, 8, 19], [9, 23, 10, 22], [11, 1, 12, 24], [13, 3, 14, 2], [15, 21, 16, 20]]"
12a_1145_17,"[[15, 21, 16, 20], [17, 6, 18, 7], [19, 4, 20, 5], [21, 15, 22, 14], [23, 11, 24, 10], [1, 13, 2, 12], [3, 9, 4, 8], [5, 16, 6, 17], [7, 18, 8, 19], [9, 23, 10, 22], [11, 1, 12, 24], [13, 3, 14, 2]]"
12a_1145_18,"[[13, 3, 14, 2], [15, 21, 16, 20], [17, 6, 18, 7], [19, 4, 20, 5], [21, 15, 22, 14], [23, 11, 24, 10], [1, 13, 2, 12], [3, 9, 4, 8], [5, 16, 6, 17], [7, 18, 8, 19], [9, 23, 10, 22], [11, 1, 12, 24]]"
12a_1145_19,"[[11, 1, 12, 24], [13, 3, 14, 2], [15, 21, 16, 20], [17, 6, 18, 7], [19, 4, 20, 5], [21, 15, 22, 14], [23, 11, 24, 10], [1, 13, 2, 12], [3, 9, 4, 8], [5, 16, 6, 17], [7, 18, 8, 19], [9, 23, 10, 22]]"
12a_1145_20,"[[9, 23, 10, 22], [11, 1, 12, 24], [13, 3, 14, 2], [15, 21, 16, 20], [17, 6, 18, 7], [19, 4, 20, 5], [21, 15, 22, 14], [23, 11, 24, 10], [1, 13, 2, 12], [3, 9, 4, 8], [5, 16, 6, 17], [7, 18, 8, 19]]"
12a_1145_21,"[[7, 18, 8, 19], [9, 23, 10, 22], [11, 1, 12, 24], [13, 3, 14, 2], [15, 21, 16, 20], [17, 6, 18, 7], [19, 4, 20, 5], [21, 15, 22, 14], [23, 11, 24, 10], [1, 13, 2, 12], [3, 9, 4, 8], [5, 16, 6, 17]]"
12a_1145_22,"[[5, 16, 6, 17], [7, 18, 8, 19], [9, 23, 10, 22], [11, 1, 12, 24], [13, 3, 14, 2], [15, 21, 16, 20], [17, 6, 18, 7], [19, 4, 20, 5], [21, 15, 22, 14], [23, 11, 24, 10], [1, 13, 2, 12], [3, 9, 4, 8]]"
12a_1145_23,"[[3, 9, 4, 8], [5, 16, 6, 17], [7, 18, 8, 19], [9, 23, 10, 22], [11, 1, 12, 24], [13, 3, 14, 2], [15, 21, 16, 20], [17, 6, 18, 7], [19, 4, 20, 5], [21, 15, 22, 14], [23, 11, 24, 10], [1, 13, 2, 12]]"
12a_1145_24,"[[2, 14, 3, 13], [4, 10, 5, 9], [6, 17, 7, 18], [8, 19, 9, 20], [10, 24, 11, 23], [12, 2, 13, 1], [14, 4, 15, 3], [16, 22, 17, 21], [18, 7, 19, 8], [20, 5, 21, 6], [22, 16, 23, 15], [24, 12, 1, 11]]"
12a_1145_25,"[[24, 12, 1, 11], [2, 14, 3, 13], [4, 10, 5, 9], [6, 17, 7, 18], [8, 19, 9, 20], [10, 24, 11, 23], [12, 2, 13, 1], [14, 4, 15, 3], [16, 22, 17, 21], [18, 7, 19, 8], [20, 5, 21, 6], [22, 16, 23, 15]]"
12a_1145_26,"[[22, 16, 23, 15], [24, 12, 1, 11], [2, 14, 3, 13], [4, 10, 5, 9], [6, 17, 7, 18], [8, 19, 9, 20], [10, 24, 11, 23], [12, 2, 13, 1], [14, 4, 15, 3], [16, 22, 17, 21], [18, 7, 19, 8], [20, 5, 21, 6]]"
12a_1145_27,"[[20, 5, 21, 6], [22, 16, 23, 15], [24, 12, 1, 11], [2, 14, 3, 13], [4, 10, 5, 9], [6, 17, 7, 18], [8, 19, 9, 20], [10, 24, 11, 23], [12, 2, 13, 1], [14, 4, 15, 3], [16, 22, 17, 21], [18, 7, 19, 8]]"
12a_1145_28,"[[18, 7, 19, 8], [20, 5, 21, 6], [22, 16, 23, 15], [24, 12, 1, 11], [2, 14, 3, 13], [4, 10, 5, 9], [6, 17, 7, 18], [8, 19, 9, 20], [10, 24, 11, 23], [12, 2, 13, 1], [14, 4, 15, 3], [16, 22, 17, 21]]"
12a_1145_29,"[[16, 22, 17, 21], [18, 7, 19, 8], [20, 5, 21, 6], [22, 16, 23, 15], [24, 12, 1, 11], [2, 14, 3, 13], [4, 10, 5, 9], [6, 17, 7, 18], [8, 19, 9, 20], [10, 24, 11, 23], [12, 2, 13, 1], [14, 4, 15, 3]]"
12a_1145_30,"[[14, 4, 15, 3], [16, 22, 17, 21], [18, 7, 19, 8], [20, 5, 21, 6], [22, 16, 23, 15], [24, 12, 1, 11], [2, 14, 3, 13], [4, 10, 5, 9], [6, 17, 7, 18], [8, 19, 9, 20], [10, 24, 11, 23], [12, 2, 13, 1]]"
12a_1145_31,"[[12, 2, 13, 1], [14, 4, 15, 3], [16, 22, 17, 21], [18, 7, 19, 8], [20, 5, 21, 6], [22, 16, 23, 15], [24, 12, 1, 11], [2, 14, 3, 13], [4, 10, 5, 9], [6, 17, 7, 18], [8, 19, 9, 20], [10, 24, 11, 23]]"
12a_1145_32,"[[10, 24, 11, 23], [12, 2, 13, 1], [14, 4, 15, 3], [16, 22, 17, 21], [18, 7, 19, 8], [20, 5, 21, 6], [22, 16, 23, 15], [24, 12, 1, 11], [2, 14, 3, 13], [4, 10, 5, 9], [6, 17, 7, 18], [8, 19, 9, 20]]"
12a_1145_33,"[[8, 19, 9, 20], [10, 24, 11, 23], [12, 2, 13, 1], [14, 4, 15, 3], [16, 22, 17, 21], [18, 7, 19, 8], [20, 5, 21, 6], [22, 16, 23, 15], [24, 12, 1, 11], [2, 14, 3, 13], [4, 10, 5, 9], [6, 17, 7, 18]]"
12a_1145_34,"[[6, 17, 7, 18], [8, 19, 9, 20], [10, 24, 11, 23], [12, 2, 13, 1], [14, 4, 15, 3], [16, 22, 17, 21], [18, 7, 19, 8], [20, 5, 21, 6], [22, 16, 23, 15], [24, 12, 1, 11], [2, 14, 3, 13], [4, 10, 5, 9]]"
12a_1145_35,"[[4, 10, 5, 9], [6, 17, 7, 18], [8, 19, 9, 20], [10, 24, 11, 23], [12, 2, 13, 1], [14, 4, 15, 3], [16, 22, 17, 21], [18, 7, 19, 8], [20, 5, 21, 6], [22, 16, 23, 15], [24, 12, 1, 11], [2, 14, 3, 13]]"
12a_1145_36,"[[3, 15, 4, 14], [5, 11, 6, 10], [7, 18, 8, 19], [9, 20, 10, 21], [11, 1, 12, 24], [13, 3, 14, 2], [15, 5, 16, 4], [17, 23, 18, 22], [19, 8, 20, 9], [21, 6, 22, 7], [23, 17, 24, 16], [1, 13, 2, 12]]"
12a_1145_37,"[[1, 13, 2, 12], [3, 15, 4, 14], [5, 11, 6, 10], [7, 18, 8, 19], [9, 20, 10, 21], [11, 1, 12, 24], [13, 3, 14, 2], [15, 5, 16, 4], [17, 23, 18, 22], [19, 8, 20, 9], [21, 6, 22, 7], [23, 17, 24, 16]]"
12a_1145_38,"[[23, 17, 24, 16], [1, 13, 2, 12], [3, 15, 4, 14], [5, 11, 6, 10], [7, 18, 8, 19], [9, 20, 10, 21], [11, 1, 12, 24], [13, 3, 14, 2], [15, 5, 16, 4], [17, 23, 18, 22], [19, 8, 20, 9], [21, 6, 22, 7]]"
12a_1145_39,"[[21, 6, 22, 7], [23, 17, 24, 16], [1, 13, 2, 12], [3, 15, 4, 14], [5, 11, 6, 10], [7, 18, 8, 19], [9, 20, 10, 21], [11, 1, 12, 24], [13, 3, 14, 2], [15, 5, 16, 4], [17, 23, 18, 22], [19, 8, 20, 9]]"
12a_1145_40,"[[19, 8, 20, 9], [21, 6, 22, 7], [23, 17, 24, 16], [1, 13, 2, 12], [3, 15, 4, 14], [5, 11, 6, 10], [7, 18, 8, 19], [9, 20, 10, 21], [11, 1, 12, 24], [13, 3, 14, 2], [15, 5, 16, 4], [17, 23, 18, 22]]"
12a_1145_41,"[[17, 23, 18, 22], [19, 8, 20, 9], [21, 6, 22, 7], [23, 17, 24, 16], [1, 13, 2, 12], [3, 15, 4, 14], [5, 11, 6, 10], [7, 18, 8, 19], [9, 20, 10, 21], [11, 1, 12, 24], [13, 3, 14, 2], [15, 5, 16, 4]]"
12a_1145_42,"[[15, 5, 16, 4], [17, 23, 18, 22], [19, 8, 20, 9], [21, 6, 22, 7], [23, 17, 24, 16], [1, 13, 2, 12], [3, 15, 4, 14], [5, 11, 6, 10], [7, 18, 8, 19], [9, 20, 10, 21], [11, 1, 12, 24], [13, 3, 14, 2]]"
12a_1145_43,"[[13, 3, 14, 2], [15, 5, 16, 4], [17, 23, 18, 22], [19, 8, 20, 9], [21, 6, 22, 7], [23, 17, 24, 16], [1, 13, 2, 12], [3, 15, 4, 14], [5, 11, 6, 10], [7, 18, 8, 19], [9, 20, 10, 21], [11, 1, 12, 24]]"
12a_1145_44,"[[11, 1, 12, 24], [13, 3, 14, 2], [15, 5, 16, 4], [17, 23, 18, 22], [19, 8, 20, 9], [21, 6, 22, 7], [23, 17, 24, 16], [1, 13, 2, 12], [3, 15, 4, 14], [5, 11, 6, 10], [7, 18, 8, 19], [9, 20, 10, 21]]"
12a_1145_45,"[[9, 20, 10, 21], [11, 1, 12, 24], [13, 3, 14, 2], [15, 5, 16, 4], [17, 23, 18, 22], [19, 8, 20, 9], [21, 6, 22, 7], [23, 17, 24, 16], [1, 13, 2, 12], [3, 15, 4, 14], [5, 11, 6, 10], [7, 18, 8, 19]]"
12a_1145_46,"[[7, 18, 8, 19], [9, 20, 10, 21], [11, 1, 12, 24], [13, 3, 14, 2], [15, 5, 16, 4], [17, 23, 18, 22], [19, 8, 20, 9], [21, 6, 22, 7], [23, 17, 24, 16], [1, 13, 2, 12], [3, 15, 4, 14], [5, 11, 6, 10]]"
12a_1145_47,"[[5, 11, 6, 10], [7, 18, 8, 19], [9, 20, 10, 21], [11, 1, 12, 24], [13, 3, 14, 2], [15, 5, 16, 4], [17, 23, 18, 22], [19, 8, 20, 9], [21, 6, 22, 7], [23, 17, 24, 16], [1, 13, 2, 12], [3, 15, 4, 14]]"
12a_1145_48,"[[4, 16, 5, 15], [6, 12, 7, 11], [8, 19, 9, 20], [10, 21, 11, 22], [12, 2, 13, 1], [14, 4, 15, 3], [16, 6, 17, 5], [18, 24, 19, 23], [20, 9, 21, 10], [22, 7, 23, 8], [24, 18, 1, 17], [2, 14, 3, 13]]"
12a_1145_49,"[[2, 14, 3, 13], [4, 16, 5, 15], [6, 12, 7, 11], [8, 19, 9, 20], [10, 21, 11, 22], [12, 2, 13, 1], [14, 4, 15, 3], [16, 6, 17, 5], [18, 24, 19, 23], [20, 9, 21, 10], [22, 7, 23, 8], [24, 18, 1, 17]]"
12a_1145_50,"[[24, 18, 1, 17], [2, 14, 3, 13], [4, 16, 5, 15], [6, 12, 7, 11], [8, 19, 9, 20], [10, 21, 11, 22], [12, 2, 13, 1], [14, 4, 15, 3], [16, 6, 17, 5], [18, 24, 19, 23], [20, 9, 21, 10], [22, 7, 23, 8]]"
12a_1145_51,"[[22, 7, 23, 8], [24, 18, 1, 17], [2, 14, 3, 13], [4, 16, 5, 15], [6, 12, 7, 11], [8, 19, 9, 20], [10, 21, 11, 22], [12, 2, 13, 1], [14, 4, 15, 3], [16, 6, 17, 5], [18, 24, 19, 23], [20, 9, 21, 10]]"
12a_1145_52,"[[20, 9, 21, 10], [22, 7, 23, 8], [24, 18, 1, 17], [2, 14, 3, 13], [4, 16, 5, 15], [6, 12, 7, 11], [8, 19, 9, 20], [10, 21, 11, 22], [12, 2, 13, 1], [14, 4, 15, 3], [16, 6, 17, 5], [18, 24, 19, 23]]"
12a_1145_53,"[[18, 24, 19, 23], [20, 9, 21, 10], [22, 7, 23, 8], [24, 18, 1, 17], [2, 14, 3, 13], [4, 16, 5, 15], [6, 12, 7, 11], [8, 19, 9, 20], [10, 21, 11, 22], [12, 2, 13, 1], [14, 4, 15, 3], [16, 6, 17, 5]]"
12a_1145_54,"[[16, 6, 17, 5], [18, 24, 19, 23], [20, 9, 21, 10], [22, 7, 23, 8], [24, 18, 1, 17], [2, 14, 3, 13], [4, 16, 5, 15], [6, 12, 7, 11], [8, 19, 9, 20], [10, 21, 11, 22], [12, 2, 13, 1], [14, 4, 15, 3]]"
12a_1145_55,"[[14, 4, 15, 3], [16, 6, 17, 5], [18, 24, 19, 23], [20, 9, 21, 10], [22, 7, 23, 8], [24, 18, 1, 17], [2, 14, 3, 13], [4, 16, 5, 15], [6, 12, 7, 11], [8, 19, 9, 20], [10, 21, 11, 22], [12, 2, 13, 1]]"
12a_1145_56,"[[12, 2, 13, 1], [14, 4, 15, 3], [16, 6, 17, 5], [18, 24, 19, 23], [20, 9, 21, 10], [22, 7, 23, 8], [24, 18, 1, 17], [2, 14, 3, 13], [4, 16, 5, 15], [6, 12, 7, 11], [8, 19, 9, 20], [10, 21, 11, 22]]"
12a_1145_57,"[[10, 21, 11, 22], [12, 2, 13, 1], [14, 4, 15, 3], [16, 6, 17, 5], [18, 24, 19, 23], [20, 9, 21, 10], [22, 7, 23, 8], [24, 18, 1, 17], [2, 14, 3, 13], [4, 16, 5, 15], [6, 12, 7, 11], [8, 19, 9, 20]]"
12a_1145_58,"[[8, 19, 9, 20], [10, 21, 11, 22], [12, 2, 13, 1], [14, 4, 15, 3], [16, 6, 17, 5], [18, 24, 19, 23], [20, 9, 21, 10], [22, 7, 23, 8], [24, 18, 1, 17], [2, 14, 3, 13], [4, 16, 5, 15], [6, 12, 7, 11]]"
12a_1145_59,"[[6, 12, 7, 11], [8, 19, 9, 20], [10, 21, 11, 22], [12, 2, 13, 1], [14, 4, 15, 3], [16, 6, 17, 5], [18, 24, 19, 23], [20, 9, 21, 10], [22, 7, 23, 8], [24, 18, 1, 17], [2, 14, 3, 13], [4, 16, 5, 15]]"
12a_1145_60,"[[5, 17, 6, 16], [7, 13, 8, 12], [9, 20, 10, 21], [11, 22, 12, 23], [13, 3, 14, 2], [15, 5, 16, 4], [17, 7, 18, 6], [19, 1, 20, 24], [21, 10, 22, 11], [23, 8, 24, 9], [1, 19, 2, 18], [3, 15, 4, 14]]"
12a_1145_61,"[[3, 15, 4, 14], [5, 17, 6, 16], [7, 13, 8, 12], [9, 20, 10, 21], [11, 22, 12, 23], [13, 3, 14, 2], [15, 5, 16, 4], [17, 7, 18, 6], [19, 1, 20, 24], [21, 10, 22, 11], [23, 8, 24, 9], [1, 19, 2, 18]]"
12a_1145_62,"[[1, 19, 2, 18], [3, 15, 4, 14], [5, 17, 6, 16], [7, 13, 8, 12], [9, 20, 10, 21], [11, 22, 12, 23], [13, 3, 14, 2], [15, 5, 16, 4], [17, 7, 18, 6], [19, 1, 20, 24], [21, 10, 22, 11], [23, 8, 24, 9]]"
12a_1145_63,"[[23, 8, 24, 9], [1, 19, 2, 18], [3, 15, 4, 14], [5, 17, 6, 16], [7, 13, 8, 12], [9, 20, 10, 21], [11, 22, 12, 23], [13, 3, 14, 2], [15, 5, 16, 4], [17, 7, 18, 6], [19, 1, 20, 24], [21, 10, 22, 11]]"
12a_1145_64,"[[21, 10, 22, 11], [23, 8, 24, 9], [1, 19, 2, 18], [3, 15, 4, 14], [5, 17, 6, 16], [7, 13, 8, 12], [9, 20, 10, 21], [11, 22, 12, 23], [13, 3, 14, 2], [15, 5, 16, 4], [17, 7, 18, 6], [19, 1, 20, 24]]"
12a_1145_65,"[[19, 1, 20, 24], [21, 10, 22, 11], [23, 8, 24, 9], [1, 19, 2, 18], [3, 15, 4, 14], [5, 17, 6, 16], [7, 13, 8, 12], [9, 20, 10, 21], [11, 22, 12, 23], [13, 3, 14, 2], [15, 5, 16, 4], [17, 7, 18, 6]]"
12a_1145_66,"[[17, 7, 18, 6], [19, 1, 20, 24], [21, 10, 22, 11], [23, 8, 24, 9], [1, 19, 2, 18], [3, 15, 4, 14], [5, 17, 6, 16], [7, 13, 8, 12], [9, 20, 10, 21], [11, 22, 12, 23], [13, 3, 14, 2], [15, 5, 16, 4]]"
12a_1145_67,"[[15, 5, 16, 4], [17, 7, 18, 6], [19, 1, 20, 24], [21, 10, 22, 11], [23, 8, 24, 9], [1, 19, 2, 18], [3, 15, 4, 14], [5, 17, 6, 16], [7, 13, 8, 12], [9, 20, 10, 21], [11, 22, 12, 23], [13, 3, 14, 2]]"
12a_1145_68,"[[13, 3, 14, 2], [15, 5, 16, 4], [17, 7, 18, 6], [19, 1, 20, 24], [21, 10, 22, 11], [23, 8, 24, 9], [1, 19, 2, 18], [3, 15, 4, 14], [5, 17, 6, 16], [7, 13, 8, 12], [9, 20, 10, 21], [11, 22, 12, 23]]"
12a_1145_69,"[[11, 22, 12, 23], [13, 3, 14, 2], [15, 5, 16, 4], [17, 7, 18, 6], [19, 1, 20, 24], [21, 10, 22, 11], [23, 8, 24, 9], [1, 19, 2, 18], [3, 15, 4, 14], [5, 17, 6, 16], [7, 13, 8, 12], [9, 20, 10, 21]]"
12a_1145_70,"[[9, 20, 10, 21], [11, 22, 12, 23], [13, 3, 14, 2], [15, 5, 16, 4], [17, 7, 18, 6], [19, 1, 20, 24], [21, 10, 22, 11], [23, 8, 24, 9], [1, 19, 2, 18], [3, 15, 4, 14], [5, 17, 6, 16], [7, 13, 8, 12]]"
12a_1145_71,"[[7, 13, 8, 12], [9, 20, 10, 21], [11, 22, 12, 23], [13, 3, 14, 2], [15, 5, 16, 4], [17, 7, 18, 6], [19, 1, 20, 24], [21, 10, 22, 11], [23, 8, 24, 9], [1, 19, 2, 18], [3, 15, 4, 14], [5, 17, 6, 16]]"
12a_1145_72,"[[6, 18, 7, 17], [8, 14, 9, 13], [10, 21, 11, 22], [12, 23, 13, 24], [14, 4, 15, 3], [16, 6, 17, 5], [18, 8, 19, 7], [20, 2, 21, 1], [22, 11, 23, 12], [24, 9, 1, 10], [2, 20, 3, 19], [4, 16, 5, 15]]"
12a_1145_73,"[[4, 16, 5, 15], [6, 18, 7, 17], [8, 14, 9, 13], [10, 21, 11, 22], [12, 23, 13, 24], [14, 4, 15, 3], [16, 6, 17, 5], [18, 8, 19, 7], [20, 2, 21, 1], [22, 11, 23, 12], [24, 9, 1, 10], [2, 20, 3, 19]]"
12a_1145_74,"[[2, 20, 3, 19], [4, 16, 5, 15], [6, 18, 7, 17], [8, 14, 9, 13], [10, 21, 11, 22], [12, 23, 13, 24], [14, 4, 15, 3], [16, 6, 17, 5], [18, 8, 19, 7], [20, 2, 21, 1], [22, 11, 23, 12], [24, 9, 1, 10]]"
12a_1145_75,"[[24, 9, 1, 10], [2, 20, 3, 19], [4, 16, 5, 15], [6, 18, 7, 17], [8, 14, 9, 13], [10, 21, 11, 22], [12, 23, 13, 24], [14, 4, 15, 3], [16, 6, 17, 5], [18, 8, 19, 7], [20, 2, 21, 1], [22, 11, 23, 12]]"
12a_1145_76,"[[22, 11, 23, 12], [24, 9, 1, 10], [2, 20, 3, 19], [4, 16, 5, 15], [6, 18, 7, 17], [8, 14, 9, 13], [10, 21, 11, 22], [12, 23, 13, 24], [14, 4, 15, 3], [16, 6, 17, 5], [18, 8, 19, 7], [20, 2, 21, 1]]"
12a_1145_77,"[[20, 2, 21, 1], [22, 11, 23, 12], [24, 9, 1, 10], [2, 20, 3, 19], [4, 16, 5, 15], [6, 18, 7, 17], [8, 14, 9, 13], [10, 21, 11, 22], [12, 23, 13, 24], [14, 4, 15, 3], [16, 6, 17, 5], [18, 8, 19, 7]]"
12a_1145_78,"[[18, 8, 19, 7], [20, 2, 21, 1], [22, 11, 23, 12], [24, 9, 1, 10], [2, 20, 3, 19], [4, 16, 5, 15], [6, 18, 7, 17], [8, 14, 9, 13], [10, 21, 11, 22], [12, 23, 13, 24], [14, 4, 15, 3], [16, 6, 17, 5]]"
12a_1145_79,"[[16, 6, 17, 5], [18, 8, 19, 7], [20, 2, 21, 1], [22, 11, 23, 12], [24, 9, 1, 10], [2, 20, 3, 19], [4, 16, 5, 15], [6, 18, 7, 17], [8, 14, 9, 13], [10, 21, 11, 22], [12, 23, 13, 24], [14, 4, 15, 3]]"
12a_1145_80,"[[14, 4, 15, 3], [16, 6, 17, 5], [18, 8, 19, 7], [20, 2, 21, 1], [22, 11, 23, 12], [24, 9, 1, 10], [2, 20, 3, 19], [4, 16, 5, 15], [6, 18, 7, 17], [8, 14, 9, 13], [10, 21, 11, 22], [12, 23, 13, 24]]"
12a_1145_81,"[[12, 23, 13, 24], [14, 4, 15, 3], [16, 6, 17, 5], [18, 8, 19, 7], [20, 2, 21, 1], [22, 11, 23, 12], [24, 9, 1, 10], [2, 20, 3, 19], [4, 16, 5, 15], [6, 18, 7, 17], [8, 14, 9, 13], [10, 21, 11, 22]]"
12a_1145_82,"[[10, 21, 11, 22], [12, 23, 13, 24], [14, 4, 15, 3], [16, 6, 17, 5], [18, 8, 19, 7], [20, 2, 21, 1], [22, 11, 23, 12], [24, 9, 1, 10], [2, 20, 3, 19], [4, 16, 5, 15], [6, 18, 7, 17], [8, 14, 9, 13]]"
12a_1145_83,"[[8, 14, 9, 13], [10, 21, 11, 22], [12, 23, 13, 24], [14, 4, 15, 3], [16, 6, 17, 5], [18, 8, 19, 7], [20, 2, 21, 1], [22, 11, 23, 12], [24, 9, 1, 10], [2, 20, 3, 19], [4, 16, 5, 15], [6, 18, 7, 17]]"
12a_1145_84,"[[7, 19, 8, 18], [9, 15, 10, 14], [11, 22, 12, 23], [13, 24, 14, 1], [15, 5, 16, 4], [17, 7, 18, 6], [19, 9, 20, 8], [21, 3, 22, 2], [23, 12, 24, 13], [1, 10, 2, 11], [3, 21, 4, 20], [5, 17, 6, 16]]"
12a_1145_85,"[[5, 17, 6, 16], [7, 19, 8, 18], [9, 15, 10, 14], [11, 22, 12, 23], [13, 24, 14, 1], [15, 5, 16, 4], [17, 7, 18, 6], [19, 9, 20, 8], [21, 3, 22, 2], [23, 12, 24, 13], [1, 10, 2, 11], [3, 21, 4, 20]]"
12a_1145_86,"[[3, 21, 4, 20], [5, 17, 6, 16], [7, 19, 8, 18], [9, 15, 10, 14], [11, 22, 12, 23], [13, 24, 14, 1], [15, 5, 16, 4], [17, 7, 18, 6], [19, 9, 20, 8], [21, 3, 22, 2], [23, 12, 24, 13], [1, 10, 2, 11]]"
12a_1145_87,"[[1, 10, 2, 11], [3, 21, 4, 20], [5, 17, 6, 16], [7, 19, 8, 18], [9, 15, 10, 14], [11, 22, 12, 23], [13, 24, 14, 1], [15, 5, 16, 4], [17, 7, 18, 6], [19, 9, 20, 8], [21, 3, 22, 2], [23, 12, 24, 13]]"
12a_1145_88,"[[23, 12, 24, 13], [1, 10, 2, 11], [3, 21, 4, 20], [5, 17, 6, 16], [7, 19, 8, 18], [9, 15, 10, 14], [11, 22, 12, 23], [13, 24, 14, 1], [15, 5, 16, 4], [17, 7, 18, 6], [19, 9, 20, 8], [21, 3, 22, 2]]"
12a_1145_89,"[[21, 3, 22, 2], [23, 12, 24, 13], [1, 10, 2, 11], [3, 21, 4, 20], [5, 17, 6, 16], [7, 19, 8, 18], [9, 15, 10, 14], [11, 22, 12, 23], [13, 24, 14, 1], [15, 5, 16, 4], [17, 7, 18, 6], [19, 9, 20, 8]]"
12a_1145_90,"[[19, 9, 20, 8], [21, 3, 22, 2], [23, 12, 24, 13], [1, 10, 2, 11], [3, 21, 4, 20], [5, 17, 6, 16], [7, 19, 8, 18], [9, 15, 10, 14], [11, 22, 12, 23], [13, 24, 14, 1], [15, 5, 16, 4], [17, 7, 18, 6]]"
12a_1145_91,"[[17, 7, 18, 6], [19, 9, 20, 8], [21, 3, 22, 2], [23, 12, 24, 13], [1, 10, 2, 11], [3, 21, 4, 20], [5, 17, 6, 16], [7, 19, 8, 18], [9, 15, 10, 14], [11, 22, 12, 23], [13, 24, 14, 1], [15, 5, 16, 4]]"
12a_1145_92,"[[15, 5, 16, 4], [17, 7, 18, 6], [19, 9, 20, 8], [21, 3, 22, 2], [23, 12, 24, 13], [1, 10, 2, 11], [3, 21, 4, 20], [5, 17, 6, 16], [7, 19, 8, 18], [9, 15, 10, 14], [11, 22, 12, 23], [13, 24, 14, 1]]"
12a_1145_93,"[[13, 24, 14, 1], [15, 5, 16, 4], [17, 7, 18, 6], [19, 9, 20, 8], [21, 3, 22, 2], [23, 12, 24, 13], [1, 10, 2, 11], [3, 21, 4, 20], [5, 17, 6, 16], [7, 19, 8, 18], [9, 15, 10, 14], [11, 22, 12, 23]]"
12a_1145_94,"[[11, 22, 12, 23], [13, 24, 14, 1], [15, 5, 16, 4], [17, 7, 18, 6], [19, 9, 20, 8], [21, 3, 22, 2], [23, 12, 24, 13], [1, 10, 2, 11], [3, 21, 4, 20], [5, 17, 6, 16], [7, 19, 8, 18], [9, 15, 10, 14]]"
12a_1145_95,"[[9, 15, 10, 14], [11, 22, 12, 23], [13, 24, 14, 1], [15, 5, 16, 4], [17, 7, 18, 6], [19, 9, 20, 8], [21, 3, 22, 2], [23, 12, 24, 13], [1, 10, 2, 11], [3, 21, 4, 20], [5, 17, 6, 16], [7, 19, 8, 18]]"
12a_1145_96,"[[8, 20, 9, 19], [10, 16, 11, 15], [12, 23, 13, 24], [14, 1, 15, 2], [16, 6, 17, 5], [18, 8, 19, 7], [20, 10, 21, 9], [22, 4, 23, 3], [24, 13, 1, 14], [2, 11, 3, 12], [4, 22, 5, 21], [6, 18, 7, 17]]"
12a_1145_97,"[[6, 18, 7, 17], [8, 20, 9, 19], [10, 16, 11, 15], [12, 23, 13, 24], [14, 1, 15, 2], [16, 6, 17, 5], [18, 8, 19, 7], [20, 10, 21, 9], [22, 4, 23, 3], [24, 13, 1, 14], [2, 11, 3, 12], [4, 22, 5, 21]]"
12a_1145_98,"[[4, 22, 5, 21], [6, 18, 7, 17], [8, 20, 9, 19], [10, 16, 11, 15], [12, 23, 13, 24], [14, 1, 15, 2], [16, 6, 17, 5], [18, 8, 19, 7], [20, 10, 21, 9], [22, 4, 23, 3], [24, 13, 1, 14], [2, 11, 3, 12]]"
12a_1145_99,"[[2, 11, 3, 12], [4, 22, 5, 21], [6, 18, 7, 17], [8, 20, 9, 19], [10, 16, 11, 15], [12, 23, 13, 24], [14, 1, 15, 2], [16, 6, 17, 5], [18, 8, 19, 7], [20, 10, 21, 9], [22, 4, 23, 3], [24, 13, 1, 14]]"
12a_1145_100,"[[24, 13, 1, 14], [2, 11, 3, 12], [4, 22, 5, 21], [6, 18, 7, 17], [8, 20, 9, 19], [10, 16, 11, 15], [12, 23, 13, 24], [14, 1, 15, 2], [16, 6, 17, 5], [18, 8, 19, 7], [20, 10, 21, 9], [22, 4, 23, 3]]"
12a_1145_101,"[[22, 4, 23, 3], [24, 13, 1, 14], [2, 11, 3, 12], [4, 22, 5, 21], [6, 18, 7, 17], [8, 20, 9, 19], [10, 16, 11, 15], [12, 23, 13, 24], [14, 1, 15, 2], [16, 6, 17, 5], [18, 8, 19, 7], [20, 10, 21, 9]]"
12a_1145_102,"[[20, 10, 21, 9], [22, 4, 23, 3], [24, 13, 1, 14], [2, 11, 3, 12], [4, 22, 5, 21], [6, 18, 7, 17], [8, 20, 9, 19], [10, 16, 11, 15], [12, 23, 13, 24], [14, 1, 15, 2], [16, 6, 17, 5], [18, 8, 19, 7]]"
12a_1145_103,"[[18, 8, 19, 7], [20, 10, 21, 9], [22, 4, 23, 3], [24, 13, 1, 14], [2, 11, 3, 12], [4, 22, 5, 21], [6, 18, 7, 17], [8, 20, 9, 19], [10, 16, 11, 15], [12, 23, 13, 24], [14, 1, 15, 2], [16, 6, 17, 5]]"
12a_1145_104,"[[16, 6, 17, 5], [18, 8, 19, 7], [20, 10, 21, 9], [22, 4, 23, 3], [24, 13, 1, 14], [2, 11, 3, 12], [4, 22, 5, 21], [6, 18, 7, 17], [8, 20, 9, 19], [10, 16, 11, 15], [12, 23, 13, 24], [14, 1, 15, 2]]"
12a_1145_105,"[[14, 1, 15, 2], [16, 6, 17, 5], [18, 8, 19, 7], [20, 10, 21, 9], [22, 4, 23, 3], [24, 13, 1, 14], [2, 11, 3, 12], [4, 22, 5, 21], [6, 18, 7, 17], [8, 20, 9, 19], [10, 16, 11, 15], [12, 23, 13, 24]]"
12a_1145_106,"[[12, 23, 13, 24], [14, 1, 15, 2], [16, 6, 17, 5], [18, 8, 19, 7], [20, 10, 21, 9], [22, 4, 23, 3], [24, 13, 1, 14], [2, 11, 3, 12], [4, 22, 5, 21], [6, 18, 7, 17], [8, 20, 9, 19], [10, 16, 11, 15]]"
12a_1145_107,"[[10, 16, 11, 15], [12, 23, 13, 24], [14, 1, 15, 2], [16, 6, 17, 5], [18, 8, 19, 7], [20, 10, 21, 9], [22, 4, 23, 3], [24, 13, 1, 14], [2, 11, 3, 12], [4, 22, 5, 21], [6, 18, 7, 17], [8, 20, 9, 19]]"
12a_1145_108,"[[9, 21, 10, 20], [11, 17, 12, 16], [13, 24, 14, 1], [15, 2, 16, 3], [17, 7, 18, 6], [19, 9, 20, 8], [21, 11, 22, 10], [23, 5, 24, 4], [1, 14, 2, 15], [3, 12, 4, 13], [5, 23, 6, 22], [7, 19, 8, 18]]"
12a_1145_109,"[[7, 19, 8, 18], [9, 21, 10, 20], [11, 17, 12, 16], [13, 24, 14, 1], [15, 2, 16, 3], [17, 7, 18, 6], [19, 9, 20, 8], [21, 11, 22, 10], [23, 5, 24, 4], [1, 14, 2, 15], [3, 12, 4, 13], [5, 23, 6, 22]]"
12a_1145_110,"[[5, 23, 6, 22], [7, 19, 8, 18], [9, 21, 10, 20], [11, 17, 12, 16], [13, 24, 14, 1], [15, 2, 16, 3], [17, 7, 18, 6], [19, 9, 20, 8], [21, 11, 22, 10], [23, 5, 24, 4], [1, 14, 2, 15], [3, 12, 4, 13]]"
12a_1145_111,"[[3, 12, 4, 13], [5, 23, 6, 22], [7, 19, 8, 18], [9, 21, 10, 20], [11, 17, 12, 16], [13, 24, 14, 1], [15, 2, 16, 3], [17, 7, 18, 6], [19, 9, 20, 8], [21, 11, 22, 10], [23, 5, 24, 4], [1, 14, 2, 15]]"
12a_1145_112,"[[1, 14, 2, 15], [3, 12, 4, 13], [5, 23, 6, 22], [7, 19, 8, 18], [9, 21, 10, 20], [11, 17, 12, 16], [13, 24, 14, 1], [15, 2, 16, 3], [17, 7, 18, 6], [19, 9, 20, 8], [21, 11, 22, 10], [23, 5, 24, 4]]"
12a_1145_113,"[[23, 5, 24, 4], [1, 14, 2, 15], [3, 12, 4, 13], [5, 23, 6, 22], [7, 19, 8, 18], [9, 21, 10, 20], [11, 17, 12, 16], [13, 24, 14, 1], [15, 2, 16, 3], [17, 7, 18, 6], [19, 9, 20, 8], [21, 11, 22, 10]]"
12a_1145_114,"[[21, 11, 22, 10], [23, 5, 24, 4], [1, 14, 2, 15], [3, 12, 4, 13], [5, 23, 6, 22], [7, 19, 8, 18], [9, 21, 10, 20], [11, 17, 12, 16], [13, 24, 14, 1], [15, 2, 16, 3], [17, 7, 18, 6], [19, 9, 20, 8]]"
12a_1145_115,"[[19, 9, 20, 8], [21, 11, 22, 10], [23, 5, 24, 4], [1, 14, 2, 15], [3, 12, 4, 13], [5, 23, 6, 22], [7, 19, 8, 18], [9, 21, 10, 20], [11, 17, 12, 16], [13, 24, 14, 1], [15, 2, 16, 3], [17, 7, 18, 6]]"
12a_1145_116,"[[17, 7, 18, 6], [19, 9, 20, 8], [21, 11, 22, 10], [23, 5, 24, 4], [1, 14, 2, 15], [3, 12, 4, 13], [5, 23, 6, 22], [7, 19, 8, 18], [9, 21, 10, 20], [11, 17, 12, 16], [13, 24, 14, 1], [15, 2, 16, 3]]"
12a_1145_117,"[[15, 2, 16, 3], [17, 7, 18, 6], [19, 9, 20, 8], [21, 11, 22, 10], [23, 5, 24, 4], [1, 14, 2, 15], [3, 12, 4, 13], [5, 23, 6, 22], [7, 19, 8, 18], [9, 21, 10, 20], [11, 17, 12, 16], [13, 24, 14, 1]]"
12a_1145_118,"[[13, 24, 14, 1], [15, 2, 16, 3], [17, 7, 18, 6], [19, 9, 20, 8], [21, 11, 22, 10], [23, 5, 24, 4], [1, 14, 2, 15], [3, 12, 4, 13], [5, 23, 6, 22], [7, 19, 8, 18], [9, 21, 10, 20], [11, 17, 12, 16]]"
12a_1145_119,"[[11, 17, 12, 16], [13, 24, 14, 1], [15, 2, 16, 3], [17, 7, 18, 6], [19, 9, 20, 8], [21, 11, 22, 10], [23, 5, 24, 4], [1, 14, 2, 15], [3, 12, 4, 13], [5, 23, 6, 22], [7, 19, 8, 18], [9, 21, 10, 20]]"
12a_1145_120,"[[10, 22, 11, 21], [12, 18, 13, 17], [14, 1, 15, 2], [16, 3, 17, 4], [18, 8, 19, 7], [20, 10, 21, 9], [22, 12, 23, 11], [24, 6, 1, 5], [2, 15, 3, 16], [4, 13, 5, 14], [6, 24, 7, 23], [8, 20, 9, 19]]"
12a_1145_121,"[[8, 20, 9, 19], [10, 22, 11, 21], [12, 18, 13, 17], [14, 1, 15, 2], [16, 3, 17, 4], [18, 8, 19, 7], [20, 10, 21, 9], [22, 12, 23, 11], [24, 6, 1, 5], [2, 15, 3, 16], [4, 13, 5, 14], [6, 24, 7, 23]]"
12a_1145_122,"[[6, 24, 7, 23], [8, 20, 9, 19], [10, 22, 11, 21], [12, 18, 13, 17], [14, 1, 15, 2], [16, 3, 17, 4], [18, 8, 19, 7], [20, 10, 21, 9], [22, 12, 23, 11], [24, 6, 1, 5], [2, 15, 3, 16], [4, 13, 5, 14]]"
12a_1145_123,"[[4, 13, 5, 14], [6, 24, 7, 23], [8, 20, 9, 19], [10, 22, 11, 21], [12, 18, 13, 17], [14, 1, 15, 2], [16, 3, 17, 4], [18, 8, 19, 7], [20, 10, 21, 9], [22, 12, 23, 11], [24, 6, 1, 5], [2, 15, 3, 16]]"
12a_1145_124,"[[2, 15, 3, 16], [4, 13, 5, 14], [6, 24, 7, 23], [8, 20, 9, 19], [10, 22, 11, 21], [12, 18, 13, 17], [14, 1, 15, 2], [16, 3, 17, 4], [18, 8, 19, 7], [20, 10, 21, 9], [22, 12, 23, 11], [24, 6, 1, 5]]"
12a_1145_125,"[[24, 6, 1, 5], [2, 15, 3, 16], [4, 13, 5, 14], [6, 24, 7, 23], [8, 20, 9, 19], [10, 22, 11, 21], [12, 18, 13, 17], [14, 1, 15, 2], [16, 3, 17, 4], [18, 8, 19, 7], [20, 10, 21, 9], [22, 12, 23, 11]]"
12a_1145_126,"[[22, 12, 23, 11], [24, 6, 1, 5], [2, 15, 3, 16], [4, 13, 5, 14], [6, 24, 7, 23], [8, 20, 9, 19], [10, 22, 11, 21], [12, 18, 13, 17], [14, 1, 15, 2], [16, 3, 17, 4], [18, 8, 19, 7], [20, 10, 21, 9]]"
12a_1145_127,"[[20, 10, 21, 9], [22, 12, 23, 11], [24, 6, 1, 5], [2, 15, 3, 16], [4, 13, 5, 14], [6, 24, 7, 23], [8, 20, 9, 19], [10, 22, 11, 21], [12, 18, 13, 17], [14, 1, 15, 2], [16, 3, 17, 4], [18, 8, 19, 7]]"
12a_1145_128,"[[18, 8, 19, 7], [20, 10, 21, 9], [22, 12, 23, 11], [24, 6, 1, 5], [2, 15, 3, 16], [4, 13, 5, 14], [6, 24, 7, 23], [8, 20, 9, 19], [10, 22, 11, 21], [12, 18, 13, 17], [14, 1, 15, 2], [16, 3, 17, 4]]"
12a_1145_129,"[[16, 3, 17, 4], [18, 8, 19, 7], [20, 10, 21, 9], [22, 12, 23, 11], [24, 6, 1, 5], [2, 15, 3, 16], [4, 13, 5, 14], [6, 24, 7, 23], [8, 20, 9, 19], [10, 22, 11, 21], [12, 18, 13, 17], [14, 1, 15, 2]]"
12a_1145_130,"[[14, 1, 15, 2], [16, 3, 17, 4], [18, 8, 19, 7], [20, 10, 21, 9], [22, 12, 23, 11], [24, 6, 1, 5], [2, 15, 3, 16], [4, 13, 5, 14], [6, 24, 7, 23], [8, 20, 9, 19], [10, 22, 11, 21], [12, 18, 13, 17]]"
12a_1145_131,"[[12, 18, 13, 17], [14, 1, 15, 2], [16, 3, 17, 4], [18, 8, 19, 7], [20, 10, 21, 9], [22, 12, 23, 11], [24, 6, 1, 5], [2, 15, 3, 16], [4, 13, 5, 14], [6, 24, 7, 23], [8, 20, 9, 19], [10, 22, 11, 21]]"
12a_1145_132,"[[11, 23, 12, 22], [13, 19, 14, 18], [15, 2, 16, 3], [17, 4, 18, 5], [19, 9, 20, 8], [21, 11, 22, 10], [23, 13, 24, 12], [1, 7, 2, 6], [3, 16, 4, 17], [5, 14, 6, 15], [7, 1, 8, 24], [9, 21, 10, 20]]"
12a_1145_133,"[[9, 21, 10, 20], [11, 23, 12, 22], [13, 19, 14, 18], [15, 2, 16, 3], [17, 4, 18, 5], [19, 9, 20, 8], [21, 11, 22, 10], [23, 13, 24, 12], [1, 7, 2, 6], [3, 16, 4, 17], [5, 14, 6, 15], [7, 1, 8, 24]]"
12a_1145_134,"[[7, 1, 8, 24], [9, 21, 10, 20], [11, 23, 12, 22], [13, 19, 14, 18], [15, 2, 16, 3], [17, 4, 18, 5], [19, 9, 20, 8], [21, 11, 22, 10], [23, 13, 24, 12], [1, 7, 2, 6], [3, 16, 4, 17], [5, 14, 6, 15]]"
12a_1145_135,"[[5, 14, 6, 15], [7, 1, 8, 24], [9, 21, 10, 20], [11, 23, 12, 22], [13, 19, 14, 18], [15, 2, 16, 3], [17, 4, 18, 5], [19, 9, 20, 8], [21, 11, 22, 10], [23, 13, 24, 12], [1, 7, 2, 6], [3, 16, 4, 17]]"
12a_1145_136,"[[3, 16, 4, 17], [5, 14, 6, 15], [7, 1, 8, 24], [9, 21, 10, 20], [11, 23, 12, 22], [13, 19, 14, 18], [15, 2, 16, 3], [17, 4, 18, 5], [19, 9, 20, 8], [21, 11, 22, 10], [23, 13, 24, 12], [1, 7, 2, 6]]"
12a_1145_137,"[[1, 7, 2, 6], [3, 16, 4, 17], [5, 14, 6, 15], [7, 1, 8, 24], [9, 21, 10, 20], [11, 23, 12, 22], [13, 19, 14, 18], [15, 2, 16, 3], [17, 4, 18, 5], [19, 9, 20, 8], [21, 11, 22, 10], [23, 13, 24, 12]]"
12a_1145_138,"[[23, 13, 24, 12], [1, 7, 2, 6], [3, 16, 4, 17], [5, 14, 6, 15], [7, 1, 8, 24], [9, 21, 10, 20], [11, 23, 12, 22], [13, 19, 14, 18], [15, 2, 16, 3], [17, 4, 18, 5], [19, 9, 20, 8], [21, 11, 22, 10]]"
12a_1145_139,"[[21, 11, 22, 10], [23, 13, 24, 12], [1, 7, 2, 6], [3, 16, 4, 17], [5, 14, 6, 15], [7, 1, 8, 24], [9, 21, 10, 20], [11, 23, 12, 22], [13, 19, 14, 18], [15, 2, 16, 3], [17, 4, 18, 5], [19, 9, 20, 8]]"
12a_1145_140,"[[19, 9, 20, 8], [21, 11, 22, 10], [23, 13, 24, 12], [1, 7, 2, 6], [3, 16, 4, 17], [5, 14, 6, 15], [7, 1, 8, 24], [9, 21, 10, 20], [11, 23, 12, 22], [13, 19, 14, 18], [15, 2, 16, 3], [17, 4, 18, 5]]"
12a_1145_141,"[[17, 4, 18, 5], [19, 9, 20, 8], [21, 11, 22, 10], [23, 13, 24, 12], [1, 7, 2, 6], [3, 16, 4, 17], [5, 14, 6, 15], [7, 1, 8, 24], [9, 21, 10, 20], [11, 23, 12, 22], [13, 19, 14, 18], [15, 2, 16, 3]]"
12a_1145_142,"[[15, 2, 16, 3], [17, 4, 18, 5], [19, 9, 20, 8], [21, 11, 22, 10], [23, 13, 24, 12], [1, 7, 2, 6], [3, 16, 4, 17], [5, 14, 6, 15], [7, 1, 8, 24], [9, 21, 10, 20], [11, 23, 12, 22], [13, 19, 14, 18]]"
12a_1145_143,"[[13, 19, 14, 18], [15, 2, 16, 3], [17, 4, 18, 5], [19, 9, 20, 8], [21, 11, 22, 10], [23, 13, 24, 12], [1, 7, 2, 6], [3, 16, 4, 17], [5, 14, 6, 15], [7, 1, 8, 24], [9, 21, 10, 20], [11, 23, 12, 22]]"
12a_1145_144,"[[12, 24, 13, 23], [14, 20, 15, 19], [16, 3, 17, 4], [18, 5, 19, 6], [20, 10, 21, 9], [22, 12, 23, 11], [24, 14, 1, 13], [2, 8, 3, 7], [4, 17, 5, 18], [6, 15, 7, 16], [8, 2, 9, 1], [10, 22, 11, 21]]"
12a_1145_145,"[[10, 22, 11, 21], [12, 24, 13, 23], [14, 20, 15, 19], [16, 3, 17, 4], [18, 5, 19, 6], [20, 10, 21, 9], [22, 12, 23, 11], [24, 14, 1, 13], [2, 8, 3, 7], [4, 17, 5, 18], [6, 15, 7, 16], [8, 2, 9, 1]]"
12a_1145_146,"[[8, 2, 9, 1], [10, 22, 11, 21], [12, 24, 13, 23], [14, 20, 15, 19], [16, 3, 17, 4], [18, 5, 19, 6], [20, 10, 21, 9], [22, 12, 23, 11], [24, 14, 1, 13], [2, 8, 3, 7], [4, 17, 5, 18], [6, 15, 7, 16]]"
12a_1145_147,"[[6, 15, 7, 16], [8, 2, 9, 1], [10, 22, 11, 21], [12, 24, 13, 23], [14, 20, 15, 19], [16, 3, 17, 4], [18, 5, 19, 6], [20, 10, 21, 9], [22, 12, 23, 11], [24, 14, 1, 13], [2, 8, 3, 7], [4, 17, 5, 18]]"
12a_1145_148,"[[4, 17, 5, 18], [6, 15, 7, 16], [8, 2, 9, 1], [10, 22, 11, 21], [12, 24, 13, 23], [14, 20, 15, 19], [16, 3, 17, 4], [18, 5, 19, 6], [20, 10, 21, 9], [22, 12, 23, 11], [24, 14, 1, 13], [2, 8, 3, 7]]"
12a_1145_149,"[[2, 8, 3, 7], [4, 17, 5, 18], [6, 15, 7, 16], [8, 2, 9, 1], [10, 22, 11, 21], [12, 24, 13, 23], [14, 20, 15, 19], [16, 3, 17, 4], [18, 5, 19, 6], [20, 10, 21, 9], [22, 12, 23, 11], [24, 14, 1, 13]]"
12a_1145_150,"[[24, 14, 1, 13], [2, 8, 3, 7], [4, 17, 5, 18], [6, 15, 7, 16], [8, 2, 9, 1], [10, 22, 11, 21], [12, 24, 13, 23], [14, 20, 15, 19], [16, 3, 17, 4], [18, 5, 19, 6], [20, 10, 21, 9], [22, 12, 23, 11]]"
12a_1145_151,"[[22, 12, 23, 11], [24, 14, 1, 13], [2, 8, 3, 7], [4, 17, 5, 18], [6, 15, 7, 16], [8, 2, 9, 1], [10, 22, 11, 21], [12, 24, 13, 23], [14, 20, 15, 19], [16, 3, 17, 4], [18, 5, 19, 6], [20, 10, 21, 9]]"
12a_1145_152,"[[20, 10, 21, 9], [22, 12, 23, 11], [24, 14, 1, 13], [2, 8, 3, 7], [4, 17, 5, 18], [6, 15, 7, 16], [8, 2, 9, 1], [10, 22, 11, 21], [12, 24, 13, 23], [14, 20, 15, 19], [16, 3, 17, 4], [18, 5, 19, 6]]"
12a_1145_153,"[[18, 5, 19, 6], [20, 10, 21, 9], [22, 12, 23, 11], [24, 14, 1, 13], [2, 8, 3, 7], [4, 17, 5, 18], [6, 15, 7, 16], [8, 2, 9, 1], [10, 22, 11, 21], [12, 24, 13, 23], [14, 20, 15, 19], [16, 3, 17, 4]]"
12a_1145_154,"[[16, 3, 17, 4], [18, 5, 19, 6], [20, 10, 21, 9], [22, 12, 23, 11], [24, 14, 1, 13], [2, 8, 3, 7], [4, 17, 5, 18], [6, 15, 7, 16], [8, 2, 9, 1], [10, 22, 11, 21], [12, 24, 13, 23], [14, 20, 15, 19]]"
12a_1145_155,"[[14, 20, 15, 19], [16, 3, 17, 4], [18, 5, 19, 6], [20, 10, 21, 9], [22, 12, 23, 11], [24, 14, 1, 13], [2, 8, 3, 7], [4, 17, 5, 18], [6, 15, 7, 16], [8, 2, 9, 1], [10, 22, 11, 21], [12, 24, 13, 23]]"
12a_1145_156,"[[13, 1, 14, 24], [15, 21, 16, 20], [17, 4, 18, 5], [19, 6, 20, 7], [21, 11, 22, 10], [23, 13, 24, 12], [1, 15, 2, 14], [3, 9, 4, 8], [5, 18, 6, 19], [7, 16, 8, 17], [9, 3, 10, 2], [11, 23, 12, 22]]"
12a_1145_157,"[[11, 23, 12, 22], [13, 1, 14, 24], [15, 21, 16, 20], [17, 4, 18, 5], [19, 6, 20, 7], [21, 11, 22, 10], [23, 13, 24, 12], [1, 15, 2, 14], [3, 9, 4, 8], [5, 18, 6, 19], [7, 16, 8, 17], [9, 3, 10, 2]]"
12a_1145_158,"[[9, 3, 10, 2], [11, 23, 12, 22], [13, 1, 14, 24], [15, 21, 16, 20], [17, 4, 18, 5], [19, 6, 20, 7], [21, 11, 22, 10], [23, 13, 24, 12], [1, 15, 2, 14], [3, 9, 4, 8], [5, 18, 6, 19], [7, 16, 8, 17]]"
12a_1145_159,"[[7, 16, 8, 17], [9, 3, 10, 2], [11, 23, 12, 22], [13, 1, 14, 24], [15, 21, 16, 20], [17, 4, 18, 5], [19, 6, 20, 7], [21, 11, 22, 10], [23, 13, 24, 12], [1, 15, 2, 14], [3, 9, 4, 8], [5, 18, 6, 19]]"
12a_1145_160,"[[5, 18, 6, 19], [7, 16, 8, 17], [9, 3, 10, 2], [11, 23, 12, 22], [13, 1, 14, 24], [15, 21, 16, 20], [17, 4, 18, 5], [19, 6, 20, 7], [21, 11, 22, 10], [23, 13, 24, 12], [1, 15, 2, 14], [3, 9, 4, 8]]"
12a_1145_161,"[[3, 9, 4, 8], [5, 18, 6, 19], [7, 16, 8, 17], [9, 3, 10, 2], [11, 23, 12, 22], [13, 1, 14, 24], [15, 21, 16, 20], [17, 4, 18, 5], [19, 6, 20, 7], [21, 11, 22, 10], [23, 13, 24, 12], [1, 15, 2, 14]]"
12a_1145_162,"[[1, 15, 2, 14], [3, 9, 4, 8], [5, 18, 6, 19], [7, 16, 8, 17], [9, 3, 10, 2], [11, 23, 12, 22], [13, 1, 14, 24], [15, 21, 16, 20], [17, 4, 18, 5], [19, 6, 20, 7], [21, 11, 22, 10], [23, 13, 24, 12]]"
12a_1145_163,"[[23, 13, 24, 12], [1, 15, 2, 14], [3, 9, 4, 8], [5, 18, 6, 19], [7, 16, 8, 17], [9, 3, 10, 2], [11, 23, 12, 22], [13, 1, 14, 24], [15, 21, 16, 20], [17, 4, 18, 5], [19, 6, 20, 7], [21, 11, 22, 10]]"
12a_1145_164,"[[21, 11, 22, 10], [23, 13, 24, 12], [1, 15, 2, 14], [3, 9, 4, 8], [5, 18, 6, 19], [7, 16, 8, 17], [9, 3, 10, 2], [11, 23, 12, 22], [13, 1, 14, 24], [15, 21, 16, 20], [17, 4, 18, 5], [19, 6, 20, 7]]"
12a_1145_165,"[[19, 6, 20, 7], [21, 11, 22, 10], [23, 13, 24, 12], [1, 15, 2, 14], [3, 9, 4, 8], [5, 18, 6, 19], [7, 16, 8, 17], [9, 3, 10, 2], [11, 23, 12, 22], [13, 1, 14, 24], [15, 21, 16, 20], [17, 4, 18, 5]]"
12a_1145_166,"[[17, 4, 18, 5], [19, 6, 20, 7], [21, 11, 22, 10], [23, 13, 24, 12], [1, 15, 2, 14], [3, 9, 4, 8], [5, 18, 6, 19], [7, 16, 8, 17], [9, 3, 10, 2], [11, 23, 12, 22], [13, 1, 14, 24], [15, 21, 16, 20]]"
12a_1145_167,"[[15, 21, 16, 20], [17, 4, 18, 5], [19, 6, 20, 7], [21, 11, 22, 10], [23, 13, 24, 12], [1, 15, 2, 14], [3, 9, 4, 8], [5, 18, 6, 19], [7, 16, 8, 17], [9, 3, 10, 2], [11, 23, 12, 22], [13, 1, 14, 24]]"
12a_1145_168,"[[14, 2, 15, 1], [16, 22, 17, 21], [18, 5, 19, 6], [20, 7, 21, 8], [22, 12, 23, 11], [24, 14, 1, 13], [2, 16, 3, 15], [4, 10, 5, 9], [6, 19, 7, 20], [8, 17, 9, 18], [10, 4, 11, 3], [12, 24, 13, 23]]"
12a_1145_169,"[[12, 24, 13, 23], [14, 2, 15, 1], [16, 22, 17, 21], [18, 5, 19, 6], [20, 7, 21, 8], [22, 12, 23, 11], [24, 14, 1, 13], [2, 16, 3, 15], [4, 10, 5, 9], [6, 19, 7, 20], [8, 17, 9, 18], [10, 4, 11, 3]]"
12a_1145_170,"[[10, 4, 11, 3], [12, 24, 13, 23], [14, 2, 15, 1], [16, 22, 17, 21], [18, 5, 19, 6], [20, 7, 21, 8], [22, 12, 23, 11], [24, 14, 1, 13], [2, 16, 3, 15], [4, 10, 5, 9], [6, 19, 7, 20], [8, 17, 9, 18]]"
12a_1145_171,"[[8, 17, 9, 18], [10, 4, 11, 3], [12, 24, 13, 23], [14, 2, 15, 1], [16, 22, 17, 21], [18, 5, 19, 6], [20, 7, 21, 8], [22, 12, 23, 11], [24, 14, 1, 13], [2, 16, 3, 15], [4, 10, 5, 9], [6, 19, 7, 20]]"
12a_1145_172,"[[6, 19, 7, 20], [8, 17, 9, 18], [10, 4, 11, 3], [12, 24, 13, 23], [14, 2, 15, 1], [16, 22, 17, 21], [18, 5, 19, 6], [20, 7, 21, 8], [22, 12, 23, 11], [24, 14, 1, 13], [2, 16, 3, 15], [4, 10, 5, 9]]"
12a_1145_173,"[[4, 10, 5, 9], [6, 19, 7, 20], [8, 17, 9, 18], [10, 4, 11, 3], [12, 24, 13, 23], [14, 2, 15, 1], [16, 22, 17, 21], [18, 5, 19, 6], [20, 7, 21, 8], [22, 12, 23, 11], [24, 14, 1, 13], [2, 16, 3, 15]]"
12a_1145_174,"[[2, 16, 3, 15], [4, 10, 5, 9], [6, 19, 7, 20], [8, 17, 9, 18], [10, 4, 11, 3], [12, 24, 13, 23], [14, 2, 15, 1], [16, 22, 17, 21], [18, 5, 19, 6], [20, 7, 21, 8], [22, 12, 23, 11], [24, 14, 1, 13]]"
12a_1145_175,"[[24, 14, 1, 13], [2, 16, 3, 15], [4, 10, 5, 9], [6, 19, 7, 20], [8, 17, 9, 18], [10, 4, 11, 3], [12, 24, 13, 23], [14, 2, 15, 1], [16, 22, 17, 21], [18, 5, 19, 6], [20, 7, 21, 8], [22, 12, 23, 11]]"
12a_1145_176,"[[22, 12, 23, 11], [24, 14, 1, 13], [2, 16, 3, 15], [4, 10, 5, 9], [6, 19, 7, 20], [8, 17, 9, 18], [10, 4, 11, 3], [12, 24, 13, 23], [14, 2, 15, 1], [16, 22, 17, 21], [18, 5, 19, 6], [20, 7, 21, 8]]"
12a_1145_177,"[[20, 7, 21, 8], [22, 12, 23, 11], [24, 14, 1, 13], [2, 16, 3, 15], [4, 10, 5, 9], [6, 19, 7, 20], [8, 17, 9, 18], [10, 4, 11, 3], [12, 24, 13, 23], [14, 2, 15, 1], [16, 22, 17, 21], [18, 5, 19, 6]]"
12a_1145_178,"[[18, 5, 19, 6], [20, 7, 21, 8], [22, 12, 23, 11], [24, 14, 1, 13], [2, 16, 3, 15], [4, 10, 5, 9], [6, 19, 7, 20], [8, 17, 9, 18], [10, 4, 11, 3], [12, 24, 13, 23], [14, 2, 15, 1], [16, 22, 17, 21]]"
12a_1145_179,"[[16, 22, 17, 21], [18, 5, 19, 6], [20, 7, 21, 8], [22, 12, 23, 11], [24, 14, 1, 13], [2, 16, 3, 15], [4, 10, 5, 9], [6, 19, 7, 20], [8, 17, 9, 18], [10, 4, 11, 3], [12, 24, 13, 23], [14, 2, 15, 1]]"
12a_1145_180,"[[15, 3, 16, 2], [17, 23, 18, 22], [19, 6, 20, 7], [21, 8, 22, 9], [23, 13, 24, 12], [1, 15, 2, 14], [3, 17, 4, 16], [5, 11, 6, 10], [7, 20, 8, 21], [9, 18, 10, 19], [11, 5, 12, 4], [13, 1, 14, 24]]"
12a_1145_181,"[[13, 1, 14, 24], [15, 3, 16, 2], [17, 23, 18, 22], [19, 6, 20, 7], [21, 8, 22, 9], [23, 13, 24, 12], [1, 15, 2, 14], [3, 17, 4, 16], [5, 11, 6, 10], [7, 20, 8, 21], [9, 18, 10, 19], [11, 5, 12, 4]]"
12a_1145_182,"[[11, 5, 12, 4], [13, 1, 14, 24], [15, 3, 16, 2], [17, 23, 18, 22], [19, 6, 20, 7], [21, 8, 22, 9], [23, 13, 24, 12], [1, 15, 2, 14], [3, 17, 4, 16], [5, 11, 6, 10], [7, 20, 8, 21], [9, 18, 10, 19]]"
12a_1145_183,"[[9, 18, 10, 19], [11, 5, 12, 4], [13, 1, 14, 24], [15, 3, 16, 2], [17, 23, 18, 22], [19, 6, 20, 7], [21, 8, 22, 9], [23, 13, 24, 12], [1, 15, 2, 14], [3, 17, 4, 16], [5, 11, 6, 10], [7, 20, 8, 21]]"
12a_1145_184,"[[7, 20, 8, 21], [9, 18, 10, 19], [11, 5, 12, 4], [13, 1, 14, 24], [15, 3, 16, 2], [17, 23, 18, 22], [19, 6, 20, 7], [21, 8, 22, 9], [23, 13, 24, 12], [1, 15, 2, 14], [3, 17, 4, 16], [5, 11, 6, 10]]"
12a_1145_185,"[[5, 11, 6, 10], [7, 20, 8, 21], [9, 18, 10, 19], [11, 5, 12, 4], [13, 1, 14, 24], [15, 3, 16, 2], [17, 23, 18, 22], [19, 6, 20, 7], [21, 8, 22, 9], [23, 13, 24, 12], [1, 15, 2, 14], [3, 17, 4, 16]]"
