name,pd_notation
12a_0013_0,"[[24, 13, 1, 14], [2, 6, 3, 5], [4, 9, 5, 10], [6, 12, 7, 11], [8, 15, 9, 16], [10, 3, 11, 4], [12, 21, 13, 22], [14, 20, 15, 19], [16, 7, 17, 8], [18, 24, 19, 23], [20, 1, 21, 2], [22, 18, 23, 17]]"
12a_0013_1,"[[22, 18, 23, 17], [24, 13, 1, 14], [2, 6, 3, 5], [4, 9, 5, 10], [6, 12, 7, 11], [8, 15, 9, 16], [10, 3, 11, 4], [12, 21, 13, 22], [14, 20, 15, 19], [16, 7, 17, 8], [18, 24, 19, 23], [20, 1, 21, 2]]"
12a_0013_2,"[[20, 1, 21, 2], [22, 18, 23, 17], [24, 13, 1, 14], [2, 6, 3, 5], [4, 9, 5, 10], [6, 12, 7, 11], [8, 15, 9, 16], [10, 3, 11, 4], [12, 21, 13, 22], [14, 20, 15, 19], [16, 7, 17, 8], [18, 24, 19, 23]]"
12a_0013_3,"[[18, 24, 19, 23], [20, 1, 21, 2], [22, 18, 23, 17], [24, 13, 1, 14], [2, 6, 3, 5], [4, 9, 5, 10], [6, 12, 7, 11], [8, 15, 9, 16], [10, 3, 11, 4], [12, 21, 13, 22], [14, 20, 15, 19], [16, 7, 17, 8]]"
12a_0013_4,"[[16, 7, 17, 8], [18, 24, 19, 23], [20, 1, 21, 2], [22, 18, 23, 17], [24, 13, 1, 14], [2, 6, 3, 5], [4, 9, 5, 10], [6, 12, 7, 11], [8, 15, 9, 16], [10, 3, 11, 4], [12, 21, 13, 22], [14, 20, 15, 19]]"
12a_0013_5,"[[14, 20, 15, 19], [16, 7, 17, 8], [18, 24, 19, 23], [20, 1, 21, 2], [22, 18, 23, 17], [24, 13, 1, 14], [2, 6, 3, 5], [4, 9, 5, 10], [6, 12, 7, 11], [8, 15, 9, 16], [10, 3, 11, 4], [12, 21, 13, 22]]"
12a_0013_6,"[[12, 21, 13, 22], [14, 20, 15, 19], [16, 7, 17, 8], [18, 24, 19, 23], [20, 1, 21, 2], [22, 18, 23, 17], [24, 13, 1, 14], [2, 6, 3, 5], [4, 9, 5, 10], [6, 12, 7, 11], [8, 15, 9, 16], [10, 3, 11, 4]]"
12a_0013_7,"[[10, 3, 11, 4], [12, 21, 13, 22], [14, 20, 15, 19], [16, 7, 17, 8], [18, 24, 19, 23], [20, 1, 21, 2], [22, 18, 23, 17], [24, 13, 1, 14], [2, 6, 3, 5], [4, 9, 5, 10], [6, 12, 7, 11], [8, 15, 9, 16]]"
12a_0013_8,"[[8, 15, 9, 16], [10, 3, 11, 4], [12, 21, 13, 22], [14, 20, 15, 19], [16, 7, 17, 8], [18, 24, 19, 23], [20, 1, 21, 2], [22, 18, 23, 17], [24, 13, 1, 14], [2, 6, 3, 5], [4, 9, 5, 10], [6, 12, 7, 11]]"
12a_0013_9,"[[6, 12, 7, 11], [8, 15, 9, 16], [10, 3, 11, 4], [12, 21, 13, 22], [14, 20, 15, 19], [16, 7, 17, 8], [18, 24, 19, 23], [20, 1, 21, 2], [22, 18, 23, 17], [24, 13, 1, 14], [2, 6, 3, 5], [4, 9, 5, 10]]"
12a_0013_10,"[[4, 9, 5, 10], [6, 12, 7, 11], [8, 15, 9, 16], [10, 3, 11, 4], [12, 21, 13, 22], [14, 20, 15, 19], [16, 7, 17, 8], [18, 24, 19, 23], [20, 1, 21, 2], [22, 18, 23, 17], [24, 13, 1, 14], [2, 6, 3, 5]]"
12a_0013_11,"[[2, 6, 3, 5], [4, 9, 5, 10], [6, 12, 7, 11], [8, 15, 9, 16], [10, 3, 11, 4], [12, 21, 13, 22], [14, 20, 15, 19], [16, 7, 17, 8], [18, 24, 19, 23], [20, 1, 21, 2], [22, 18, 23, 17], [24, 13, 1, 14]]"
12a_0013_12,"[[1, 14, 2, 15], [3, 7, 4, 6], [5, 10, 6, 11], [7, 13, 8, 12], [9, 16, 10, 17], [11, 4, 12, 5], [13, 22, 14, 23], [15, 21, 16, 20], [17, 8, 18, 9], [19, 1, 20, 24], [21, 2, 22, 3], [23, 19, 24, 18]]"
12a_0013_13,"[[23, 19, 24, 18], [1, 14, 2, 15], [3, 7, 4, 6], [5, 10, 6, 11], [7, 13, 8, 12], [9, 16, 10, 17], [11, 4, 12, 5], [13, 22, 14, 23], [15, 21, 16, 20], [17, 8, 18, 9], [19, 1, 20, 24], [21, 2, 22, 3]]"
12a_0013_14,"[[21, 2, 22, 3], [23, 19, 24, 18], [1, 14, 2, 15], [3, 7, 4, 6], [5, 10, 6, 11], [7, 13, 8, 12], [9, 16, 10, 17], [11, 4, 12, 5], [13, 22, 14, 23], [15, 21, 16, 20], [17, 8, 18, 9], [19, 1, 20, 24]]"
12a_0013_15,"[[19, 1, 20, 24], [21, 2, 22, 3], [23, 19, 24, 18], [1, 14, 2, 15], [3, 7, 4, 6], [5, 10, 6, 11], [7, 13, 8, 12], [9, 16, 10, 17], [11, 4, 12, 5], [13, 22, 14, 23], [15, 21, 16, 20], [17, 8, 18, 9]]"
12a_0013_16,"[[17, 8, 18, 9], [19, 1, 20, 24], [21, 2, 22, 3], [23, 19, 24, 18], [1, 14, 2, 15], [3, 7, 4, 6], [5, 10, 6, 11], [7, 13, 8, 12], [9, 16, 10, 17], [11, 4, 12, 5], [13, 22, 14, 23], [15, 21, 16, 20]]"
12a_0013_17,"[[15, 21, 16, 20], [17, 8, 18, 9], [19, 1, 20, 24], [21, 2, 22, 3], [23, 19, 24, 18], [1, 14, 2, 15], [3, 7, 4, 6], [5, 10, 6, 11], [7, 13, 8, 12], [9, 16, 10, 17], [11, 4, 12, 5], [13, 22, 14, 23]]"
12a_0013_18,"[[13, 22, 14, 23], [15, 21, 16, 20], [17, 8, 18, 9], [19, 1, 20, 24], [21, 2, 22, 3], [23, 19, 24, 18], [1, 14, 2, 15], [3, 7, 4, 6], [5, 10, 6, 11], [7, 13, 8, 12], [9, 16, 10, 17], [11, 4, 12, 5]]"
12a_0013_19,"[[11, 4, 12, 5], [13, 22, 14, 23], [15, 21, 16, 20], [17, 8, 18, 9], [19, 1, 20, 24], [21, 2, 22, 3], [23, 19, 24, 18], [1, 14, 2, 15], [3, 7, 4, 6], [5, 10, 6, 11], [7, 13, 8, 12], [9, 16, 10, 17]]"
12a_0013_20,"[[9, 16, 10, 17], [11, 4, 12, 5], [13, 22, 14, 23], [15, 21, 16, 20], [17, 8, 18, 9], [19, 1, 20, 24], [21, 2, 22, 3], [23, 19, 24, 18], [1, 14, 2, 15], [3, 7, 4, 6], [5, 10, 6, 11], [7, 13, 8, 12]]"
12a_0013_21,"[[7, 13, 8, 12], [9, 16, 10, 17], [11, 4, 12, 5], [13, 22, 14, 23], [15, 21, 16, 20], [17, 8, 18, 9], [19, 1, 20, 24], [21, 2, 22, 3], [23, 19, 24, 18], [1, 14, 2, 15], [3, 7, 4, 6], [5, 10, 6, 11]]"
12a_0013_22,"[[5, 10, 6, 11], [7, 13, 8, 12], [9, 16, 10, 17], [11, 4, 12, 5], [13, 22, 14, 23], [15, 21, 16, 20], [17, 8, 18, 9], [19, 1, 20, 24], [21, 2, 22, 3], [23, 19, 24, 18], [1, 14, 2, 15], [3, 7, 4, 6]]"
12a_0013_23,"[[3, 7, 4, 6], [5, 10, 6, 11], [7, 13, 8, 12], [9, 16, 10, 17], [11, 4, 12, 5], [13, 22, 14, 23], [15, 21, 16, 20], [17, 8, 18, 9], [19, 1, 20, 24], [21, 2, 22, 3], [23, 19, 24, 18], [1, 14, 2, 15]]"
12a_0013_24,"[[2, 15, 3, 16], [4, 8, 5, 7], [6, 11, 7, 12], [8, 14, 9, 13], [10, 17, 11, 18], [12, 5, 13, 6], [14, 23, 15, 24], [16, 22, 17, 21], [18, 9, 19, 10], [20, 2, 21, 1], [22, 3, 23, 4], [24, 20, 1, 19]]"
12a_0013_25,"[[24, 20, 1, 19], [2, 15, 3, 16], [4, 8, 5, 7], [6, 11, 7, 12], [8, 14, 9, 13], [10, 17, 11, 18], [12, 5, 13, 6], [14, 23, 15, 24], [16, 22, 17, 21], [18, 9, 19, 10], [20, 2, 21, 1], [22, 3, 23, 4]]"
12a_0013_26,"[[22, 3, 23, 4], [24, 20, 1, 19], [2, 15, 3, 16], [4, 8, 5, 7], [6, 11, 7, 12], [8, 14, 9, 13], [10, 17, 11, 18], [12, 5, 13, 6], [14, 23, 15, 24], [16, 22, 17, 21], [18, 9, 19, 10], [20, 2, 21, 1]]"
12a_0013_27,"[[20, 2, 21, 1], [22, 3, 23, 4], [24, 20, 1, 19], [2, 15, 3, 16], [4, 8, 5, 7], [6, 11, 7, 12], [8, 14, 9, 13], [10, 17, 11, 18], [12, 5, 13, 6], [14, 23, 15, 24], [16, 22, 17, 21], [18, 9, 19, 10]]"
12a_0013_28,"[[18, 9, 19, 10], [20, 2, 21, 1], [22, 3, 23, 4], [24, 20, 1, 19], [2, 15, 3, 16], [4, 8, 5, 7], [6, 11, 7, 12], [8, 14, 9, 13], [10, 17, 11, 18], [12, 5, 13, 6], [14, 23, 15, 24], [16, 22, 17, 21]]"
12a_0013_29,"[[16, 22, 17, 21], [18, 9, 19, 10], [20, 2, 21, 1], [22, 3, 23, 4], [24, 20, 1, 19], [2, 15, 3, 16], [4, 8, 5, 7], [6, 11, 7, 12], [8, 14, 9, 13], [10, 17, 11, 18], [12, 5, 13, 6], [14, 23, 15, 24]]"
12a_0013_30,"[[14, 23, 15, 24], [16, 22, 17, 21], [18, 9, 19, 10], [20, 2, 21, 1], [22, 3, 23, 4], [24, 20, 1, 19], [2, 15, 3, 16], [4, 8, 5, 7], [6, 11, 7, 12], [8, 14, 9, 13], [10, 17, 11, 18], [12, 5, 13, 6]]"
12a_0013_31,"[[12, 5, 13, 6], [14, 23, 15, 24], [16, 22, 17, 21], [18, 9, 19, 10], [20, 2, 21, 1], [22, 3, 23, 4], [24, 20, 1, 19], [2, 15, 3, 16], [4, 8, 5, 7], [6, 11, 7, 12], [8, 14, 9, 13], [10, 17, 11, 18]]"
12a_0013_32,"[[10, 17, 11, 18], [12, 5, 13, 6], [14, 23, 15, 24], [16, 22, 17, 21], [18, 9, 19, 10], [20, 2, 21, 1], [22, 3, 23, 4], [24, 20, 1, 19], [2, 15, 3, 16], [4, 8, 5, 7], [6, 11, 7, 12], [8, 14, 9, 13]]"
12a_0013_33,"[[8, 14, 9, 13], [10, 17, 11, 18], [12, 5, 13, 6], [14, 23, 15, 24], [16, 22, 17, 21], [18, 9, 19, 10], [20, 2, 21, 1], [22, 3, 23, 4], [24, 20, 1, 19], [2, 15, 3, 16], [4, 8, 5, 7], [6, 11, 7, 12]]"
12a_0013_34,"[[6, 11, 7, 12], [8, 14, 9, 13], [10, 17, 11, 18], [12, 5, 13, 6], [14, 23, 15, 24], [16, 22, 17, 21], [18, 9, 19, 10], [20, 2, 21, 1], [22, 3, 23, 4], [24, 20, 1, 19], [2, 15, 3, 16], [4, 8, 5, 7]]"
12a_0013_35,"[[4, 8, 5, 7], [6, 11, 7, 12], [8, 14, 9, 13], [10, 17, 11, 18], [12, 5, 13, 6], [14, 23, 15, 24], [16, 22, 17, 21], [18, 9, 19, 10], [20, 2, 21, 1], [22, 3, 23, 4], [24, 20, 1, 19], [2, 15, 3, 16]]"
12a_0013_36,"[[3, 16, 4, 17], [5, 9, 6, 8], [7, 12, 8, 13], [9, 15, 10, 14], [11, 18, 12, 19], [13, 6, 14, 7], [15, 24, 16, 1], [17, 23, 18, 22], [19, 10, 20, 11], [21, 3, 22, 2], [23, 4, 24, 5], [1, 21, 2, 20]]"
12a_0013_37,"[[1, 21, 2, 20], [3, 16, 4, 17], [5, 9, 6, 8], [7, 12, 8, 13], [9, 15, 10, 14], [11, 18, 12, 19], [13, 6, 14, 7], [15, 24, 16, 1], [17, 23, 18, 22], [19, 10, 20, 11], [21, 3, 22, 2], [23, 4, 24, 5]]"
12a_0013_38,"[[23, 4, 24, 5], [1, 21, 2, 20], [3, 16, 4, 17], [5, 9, 6, 8], [7, 12, 8, 13], [9, 15, 10, 14], [11, 18, 12, 19], [13, 6, 14, 7], [15, 24, 16, 1], [17, 23, 18, 22], [19, 10, 20, 11], [21, 3, 22, 2]]"
12a_0013_39,"[[21, 3, 22, 2], [23, 4, 24, 5], [1, 21, 2, 20], [3, 16, 4, 17], [5, 9, 6, 8], [7, 12, 8, 13], [9, 15, 10, 14], [11, 18, 12, 19], [13, 6, 14, 7], [15, 24, 16, 1], [17, 23, 18, 22], [19, 10, 20, 11]]"
12a_0013_40,"[[19, 10, 20, 11], [21, 3, 22, 2], [23, 4, 24, 5], [1, 21, 2, 20], [3, 16, 4, 17], [5, 9, 6, 8], [7, 12, 8, 13], [9, 15, 10, 14], [11, 18, 12, 19], [13, 6, 14, 7], [15, 24, 16, 1], [17, 23, 18, 22]]"
12a_0013_41,"[[17, 23, 18, 22], [19, 10, 20, 11], [21, 3, 22, 2], [23, 4, 24, 5], [1, 21, 2, 20], [3, 16, 4, 17], [5, 9, 6, 8], [7, 12, 8, 13], [9, 15, 10, 14], [11, 18, 12, 19], [13, 6, 14, 7], [15, 24, 16, 1]]"
12a_0013_42,"[[15, 24, 16, 1], [17, 23, 18, 22], [19, 10, 20, 11], [21, 3, 22, 2], [23, 4, 24, 5], [1, 21, 2, 20], [3, 16, 4, 17], [5, 9, 6, 8], [7, 12, 8, 13], [9, 15, 10, 14], [11, 18, 12, 19], [13, 6, 14, 7]]"
12a_0013_43,"[[13, 6, 14, 7], [15, 24, 16, 1], [17, 23, 18, 22], [19, 10, 20, 11], [21, 3, 22, 2], [23, 4, 24, 5], [1, 21, 2, 20], [3, 16, 4, 17], [5, 9, 6, 8], [7, 12, 8, 13], [9, 15, 10, 14], [11, 18, 12, 19]]"
12a_0013_44,"[[11, 18, 12, 19], [13, 6, 14, 7], [15, 24, 16, 1], [17, 23, 18, 22], [19, 10, 20, 11], [21, 3, 22, 2], [23, 4, 24, 5], [1, 21, 2, 20], [3, 16, 4, 17], [5, 9, 6, 8], [7, 12, 8, 13], [9, 15, 10, 14]]"
12a_0013_45,"[[9, 15, 10, 14], [11, 18, 12, 19], [13, 6, 14, 7], [15, 24, 16, 1], [17, 23, 18, 22], [19, 10, 20, 11], [21, 3, 22, 2], [23, 4, 24, 5], [1, 21, 2, 20], [3, 16, 4, 17], [5, 9, 6, 8], [7, 12, 8, 13]]"
12a_0013_46,"[[7, 12, 8, 13], [9, 15, 10, 14], [11, 18, 12, 19], [13, 6, 14, 7], [15, 24, 16, 1], [17, 23, 18, 22], [19, 10, 20, 11], [21, 3, 22, 2], [23, 4, 24, 5], [1, 21, 2, 20], [3, 16, 4, 17], [5, 9, 6, 8]]"
12a_0013_47,"[[5, 9, 6, 8], [7, 12, 8, 13], [9, 15, 10, 14], [11, 18, 12, 19], [13, 6, 14, 7], [15, 24, 16, 1], [17, 23, 18, 22], [19, 10, 20, 11], [21, 3, 22, 2], [23, 4, 24, 5], [1, 21, 2, 20], [3, 16, 4, 17]]"
12a_0013_48,"[[4, 17, 5, 18], [6, 10, 7, 9], [8, 13, 9, 14], [10, 16, 11, 15], [12, 19, 13, 20], [14, 7, 15, 8], [16, 1, 17, 2], [18, 24, 19, 23], [20, 11, 21, 12], [22, 4, 23, 3], [24, 5, 1, 6], [2, 22, 3, 21]]"
12a_0013_49,"[[2, 22, 3, 21], [4, 17, 5, 18], [6, 10, 7, 9], [8, 13, 9, 14], [10, 16, 11, 15], [12, 19, 13, 20], [14, 7, 15, 8], [16, 1, 17, 2], [18, 24, 19, 23], [20, 11, 21, 12], [22, 4, 23, 3], [24, 5, 1, 6]]"
12a_0013_50,"[[24, 5, 1, 6], [2, 22, 3, 21], [4, 17, 5, 18], [6, 10, 7, 9], [8, 13, 9, 14], [10, 16, 11, 15], [12, 19, 13, 20], [14, 7, 15, 8], [16, 1, 17, 2], [18, 24, 19, 23], [20, 11, 21, 12], [22, 4, 23, 3]]"
12a_0013_51,"[[22, 4, 23, 3], [24, 5, 1, 6], [2, 22, 3, 21], [4, 17, 5, 18], [6, 10, 7, 9], [8, 13, 9, 14], [10, 16, 11, 15], [12, 19, 13, 20], [14, 7, 15, 8], [16, 1, 17, 2], [18, 24, 19, 23], [20, 11, 21, 12]]"
12a_0013_52,"[[20, 11, 21, 12], [22, 4, 23, 3], [24, 5, 1, 6], [2, 22, 3, 21], [4, 17, 5, 18], [6, 10, 7, 9], [8, 13, 9, 14], [10, 16, 11, 15], [12, 19, 13, 20], [14, 7, 15, 8], [16, 1, 17, 2], [18, 24, 19, 23]]"
12a_0013_53,"[[18, 24, 19, 23], [20, 11, 21, 12], [22, 4, 23, 3], [24, 5, 1, 6], [2, 22, 3, 21], [4, 17, 5, 18], [6, 10, 7, 9], [8, 13, 9, 14], [10, 16, 11, 15], [12, 19, 13, 20], [14, 7, 15, 8], [16, 1, 17, 2]]"
12a_0013_54,"[[16, 1, 17, 2], [18, 24, 19, 23], [20, 11, 21, 12], [22, 4, 23, 3], [24, 5, 1, 6], [2, 22, 3, 21], [4, 17, 5, 18], [6, 10, 7, 9], [8, 13, 9, 14], [10, 16, 11, 15], [12, 19, 13, 20], [14, 7, 15, 8]]"
12a_0013_55,"[[14, 7, 15, 8], [16, 1, 17, 2], [18, 24, 19, 23], [20, 11, 21, 12], [22, 4, 23, 3], [24, 5, 1, 6], [2, 22, 3, 21], [4, 17, 5, 18], [6, 10, 7, 9], [8, 13, 9, 14], [10, 16, 11, 15], [12, 19, 13, 20]]"
12a_0013_56,"[[12, 19, 13, 20], [14, 7, 15, 8], [16, 1, 17, 2], [18, 24, 19, 23], [20, 11, 21, 12], [22, 4, 23, 3], [24, 5, 1, 6], [2, 22, 3, 21], [4, 17, 5, 18], [6, 10, 7, 9], [8, 13, 9, 14], [10, 16, 11, 15]]"
12a_0013_57,"[[10, 16, 11, 15], [12, 19, 13, 20], [14, 7, 15, 8], [16, 1, 17, 2], [18, 24, 19, 23], [20, 11, 21, 12], [22, 4, 23, 3], [24, 5, 1, 6], [2, 22, 3, 21], [4, 17, 5, 18], [6, 10, 7, 9], [8, 13, 9, 14]]"
12a_0013_58,"[[8, 13, 9, 14], [10, 16, 11, 15], [12, 19, 13, 20], [14, 7, 15, 8], [16, 1, 17, 2], [18, 24, 19, 23], [20, 11, 21, 12], [22, 4, 23, 3], [24, 5, 1, 6], [2, 22, 3, 21], [4, 17, 5, 18], [6, 10, 7, 9]]"
12a_0013_59,"[[6, 10, 7, 9], [8, 13, 9, 14], [10, 16, 11, 15], [12, 19, 13, 20], [14, 7, 15, 8], [16, 1, 17, 2], [18, 24, 19, 23], [20, 11, 21, 12], [22, 4, 23, 3], [24, 5, 1, 6], [2, 22, 3, 21], [4, 17, 5, 18]]"
12a_0013_60,"[[5, 18, 6, 19], [7, 11, 8, 10], [9, 14, 10, 15], [11, 17, 12, 16], [13, 20, 14, 21], [15, 8, 16, 9], [17, 2, 18, 3], [19, 1, 20, 24], [21, 12, 22, 13], [23, 5, 24, 4], [1, 6, 2, 7], [3, 23, 4, 22]]"
12a_0013_61,"[[3, 23, 4, 22], [5, 18, 6, 19], [7, 11, 8, 10], [9, 14, 10, 15], [11, 17, 12, 16], [13, 20, 14, 21], [15, 8, 16, 9], [17, 2, 18, 3], [19, 1, 20, 24], [21, 12, 22, 13], [23, 5, 24, 4], [1, 6, 2, 7]]"
12a_0013_62,"[[1, 6, 2, 7], [3, 23, 4, 22], [5, 18, 6, 19], [7, 11, 8, 10], [9, 14, 10, 15], [11, 17, 12, 16], [13, 20, 14, 21], [15, 8, 16, 9], [17, 2, 18, 3], [19, 1, 20, 24], [21, 12, 22, 13], [23, 5, 24, 4]]"
12a_0013_63,"[[23, 5, 24, 4], [1, 6, 2, 7], [3, 23, 4, 22], [5, 18, 6, 19], [7, 11, 8, 10], [9, 14, 10, 15], [11, 17, 12, 16], [13, 20, 14, 21], [15, 8, 16, 9], [17, 2, 18, 3], [19, 1, 20, 24], [21, 12, 22, 13]]"
12a_0013_64,"[[21, 12, 22, 13], [23, 5, 24, 4], [1, 6, 2, 7], [3, 23, 4, 22], [5, 18, 6, 19], [7, 11, 8, 10], [9, 14, 10, 15], [11, 17, 12, 16], [13, 20, 14, 21], [15, 8, 16, 9], [17, 2, 18, 3], [19, 1, 20, 24]]"
12a_0013_65,"[[19, 1, 20, 24], [21, 12, 22, 13], [23, 5, 24, 4], [1, 6, 2, 7], [3, 23, 4, 22], [5, 18, 6, 19], [7, 11, 8, 10], [9, 14, 10, 15], [11, 17, 12, 16], [13, 20, 14, 21], [15, 8, 16, 9], [17, 2, 18, 3]]"
12a_0013_66,"[[17, 2, 18, 3], [19, 1, 20, 24], [21, 12, 22, 13], [23, 5, 24, 4], [1, 6, 2, 7], [3, 23, 4, 22], [5, 18, 6, 19], [7, 11, 8, 10], [9, 14, 10, 15], [11, 17, 12, 16], [13, 20, 14, 21], [15, 8, 16, 9]]"
12a_0013_67,"[[15, 8, 16, 9], [17, 2, 18, 3], [19, 1, 20, 24], [21, 12, 22, 13], [23, 5, 24, 4], [1, 6, 2, 7], [3, 23, 4, 22], [5, 18, 6, 19], [7, 11, 8, 10], [9, 14, 10, 15], [11, 17, 12, 16], [13, 20, 14, 21]]"
12a_0013_68,"[[13, 20, 14, 21], [15, 8, 16, 9], [17, 2, 18, 3], [19, 1, 20, 24], [21, 12, 22, 13], [23, 5, 24, 4], [1, 6, 2, 7], [3, 23, 4, 22], [5, 18, 6, 19], [7, 11, 8, 10], [9, 14, 10, 15], [11, 17, 12, 16]]"
12a_0013_69,"[[11, 17, 12, 16], [13, 20, 14, 21], [15, 8, 16, 9], [17, 2, 18, 3], [19, 1, 20, 24], [21, 12, 22, 13], [23, 5, 24, 4], [1, 6, 2, 7], [3, 23, 4, 22], [5, 18, 6, 19], [7, 11, 8, 10], [9, 14, 10, 15]]"
12a_0013_70,"[[9, 14, 10, 15], [11, 17, 12, 16], [13, 20, 14, 21], [15, 8, 16, 9], [17, 2, 18, 3], [19, 1, 20, 24], [21, 12, 22, 13], [23, 5, 24, 4], [1, 6, 2, 7], [3, 23, 4, 22], [5, 18, 6, 19], [7, 11, 8, 10]]"
12a_0013_71,"[[7, 11, 8, 10], [9, 14, 10, 15], [11, 17, 12, 16], [13, 20, 14, 21], [15, 8, 16, 9], [17, 2, 18, 3], [19, 1, 20, 24], [21, 12, 22, 13], [23, 5, 24, 4], [1, 6, 2, 7], [3, 23, 4, 22], [5, 18, 6, 19]]"
12a_0013_72,"[[6, 19, 7, 20], [8, 12, 9, 11], [10, 15, 11, 16], [12, 18, 13, 17], [14, 21, 15, 22], [16, 9, 17, 10], [18, 3, 19, 4], [20, 2, 21, 1], [22, 13, 23, 14], [24, 6, 1, 5], [2, 7, 3, 8], [4, 24, 5, 23]]"
12a_0013_73,"[[4, 24, 5, 23], [6, 19, 7, 20], [8, 12, 9, 11], [10, 15, 11, 16], [12, 18, 13, 17], [14, 21, 15, 22], [16, 9, 17, 10], [18, 3, 19, 4], [20, 2, 21, 1], [22, 13, 23, 14], [24, 6, 1, 5], [2, 7, 3, 8]]"
12a_0013_74,"[[2, 7, 3, 8], [4, 24, 5, 23], [6, 19, 7, 20], [8, 12, 9, 11], [10, 15, 11, 16], [12, 18, 13, 17], [14, 21, 15, 22], [16, 9, 17, 10], [18, 3, 19, 4], [20, 2, 21, 1], [22, 13, 23, 14], [24, 6, 1, 5]]"
12a_0013_75,"[[24, 6, 1, 5], [2, 7, 3, 8], [4, 24, 5, 23], [6, 19, 7, 20], [8, 12, 9, 11], [10, 15, 11, 16], [12, 18, 13, 17], [14, 21, 15, 22], [16, 9, 17, 10], [18, 3, 19, 4], [20, 2, 21, 1], [22, 13, 23, 14]]"
12a_0013_76,"[[22, 13, 23, 14], [24, 6, 1, 5], [2, 7, 3, 8], [4, 24, 5, 23], [6, 19, 7, 20], [8, 12, 9, 11], [10, 15, 11, 16], [12, 18, 13, 17], [14, 21, 15, 22], [16, 9, 17, 10], [18, 3, 19, 4], [20, 2, 21, 1]]"
12a_0013_77,"[[20, 2, 21, 1], [22, 13, 23, 14], [24, 6, 1, 5], [2, 7, 3, 8], [4, 24, 5, 23], [6, 19, 7, 20], [8, 12, 9, 11], [10, 15, 11, 16], [12, 18, 13, 17], [14, 21, 15, 22], [16, 9, 17, 10], [18, 3, 19, 4]]"
12a_0013_78,"[[18, 3, 19, 4], [20, 2, 21, 1], [22, 13, 23, 14], [24, 6, 1, 5], [2, 7, 3, 8], [4, 24, 5, 23], [6, 19, 7, 20], [8, 12, 9, 11], [10, 15, 11, 16], [12, 18, 13, 17], [14, 21, 15, 22], [16, 9, 17, 10]]"
12a_0013_79,"[[16, 9, 17, 10], [18, 3, 19, 4], [20, 2, 21, 1], [22, 13, 23, 14], [24, 6, 1, 5], [2, 7, 3, 8], [4, 24, 5, 23], [6, 19, 7, 20], [8, 12, 9, 11], [10, 15, 11, 16], [12, 18, 13, 17], [14, 21, 15, 22]]"
12a_0013_80,"[[14, 21, 15, 22], [16, 9, 17, 10], [18, 3, 19, 4], [20, 2, 21, 1], [22, 13, 23, 14], [24, 6, 1, 5], [2, 7, 3, 8], [4, 24, 5, 23], [6, 19, 7, 20], [8, 12, 9, 11], [10, 15, 11, 16], [12, 18, 13, 17]]"
12a_0013_81,"[[12, 18, 13, 17], [14, 21, 15, 22], [16, 9, 17, 10], [18, 3, 19, 4], [20, 2, 21, 1], [22, 13, 23, 14], [24, 6, 1, 5], [2, 7, 3, 8], [4, 24, 5, 23], [6, 19, 7, 20], [8, 12, 9, 11], [10, 15, 11, 16]]"
12a_0013_82,"[[10, 15, 11, 16], [12, 18, 13, 17], [14, 21, 15, 22], [16, 9, 17, 10], [18, 3, 19, 4], [20, 2, 21, 1], [22, 13, 23, 14], [24, 6, 1, 5], [2, 7, 3, 8], [4, 24, 5, 23], [6, 19, 7, 20], [8, 12, 9, 11]]"
12a_0013_83,"[[8, 12, 9, 11], [10, 15, 11, 16], [12, 18, 13, 17], [14, 21, 15, 22], [16, 9, 17, 10], [18, 3, 19, 4], [20, 2, 21, 1], [22, 13, 23, 14], [24, 6, 1, 5], [2, 7, 3, 8], [4, 24, 5, 23], [6, 19, 7, 20]]"
12a_0013_84,"[[7, 20, 8, 21], [9, 13, 10, 12], [11, 16, 12, 17], [13, 19, 14, 18], [15, 22, 16, 23], [17, 10, 18, 11], [19, 4, 20, 5], [21, 3, 22, 2], [23, 14, 24, 15], [1, 7, 2, 6], [3, 8, 4, 9], [5, 1, 6, 24]]"
12a_0013_85,"[[5, 1, 6, 24], [7, 20, 8, 21], [9, 13, 10, 12], [11, 16, 12, 17], [13, 19, 14, 18], [15, 22, 16, 23], [17, 10, 18, 11], [19, 4, 20, 5], [21, 3, 22, 2], [23, 14, 24, 15], [1, 7, 2, 6], [3, 8, 4, 9]]"
12a_0013_86,"[[3, 8, 4, 9], [5, 1, 6, 24], [7, 20, 8, 21], [9, 13, 10, 12], [11, 16, 12, 17], [13, 19, 14, 18], [15, 22, 16, 23], [17, 10, 18, 11], [19, 4, 20, 5], [21, 3, 22, 2], [23, 14, 24, 15], [1, 7, 2, 6]]"
12a_0013_87,"[[1, 7, 2, 6], [3, 8, 4, 9], [5, 1, 6, 24], [7, 20, 8, 21], [9, 13, 10, 12], [11, 16, 12, 17], [13, 19, 14, 18], [15, 22, 16, 23], [17, 10, 18, 11], [19, 4, 20, 5], [21, 3, 22, 2], [23, 14, 24, 15]]"
12a_0013_88,"[[23, 14, 24, 15], [1, 7, 2, 6], [3, 8, 4, 9], [5, 1, 6, 24], [7, 20, 8, 21], [9, 13, 10, 12], [11, 16, 12, 17], [13, 19, 14, 18], [15, 22, 16, 23], [17, 10, 18, 11], [19, 4, 20, 5], [21, 3, 22, 2]]"
12a_0013_89,"[[21, 3, 22, 2], [23, 14, 24, 15], [1, 7, 2, 6], [3, 8, 4, 9], [5, 1, 6, 24], [7, 20, 8, 21], [9, 13, 10, 12], [11, 16, 12, 17], [13, 19, 14, 18], [15, 22, 16, 23], [17, 10, 18, 11], [19, 4, 20, 5]]"
12a_0013_90,"[[19, 4, 20, 5], [21, 3, 22, 2], [23, 14, 24, 15], [1, 7, 2, 6], [3, 8, 4, 9], [5, 1, 6, 24], [7, 20, 8, 21], [9, 13, 10, 12], [11, 16, 12, 17], [13, 19, 14, 18], [15, 22, 16, 23], [17, 10, 18, 11]]"
12a_0013_91,"[[17, 10, 18, 11], [19, 4, 20, 5], [21, 3, 22, 2], [23, 14, 24, 15], [1, 7, 2, 6], [3, 8, 4, 9], [5, 1, 6, 24], [7, 20, 8, 21], [9, 13, 10, 12], [11, 16, 12, 17], [13, 19, 14, 18], [15, 22, 16, 23]]"
12a_0013_92,"[[15, 22, 16, 23], [17, 10, 18, 11], [19, 4, 20, 5], [21, 3, 22, 2], [23, 14, 24, 15], [1, 7, 2, 6], [3, 8, 4, 9], [5, 1, 6, 24], [7, 20, 8, 21], [9, 13, 10, 12], [11, 16, 12, 17], [13, 19, 14, 18]]"
12a_0013_93,"[[13, 19, 14, 18], [15, 22, 16, 23], [17, 10, 18, 11], [19, 4, 20, 5], [21, 3, 22, 2], [23, 14, 24, 15], [1, 7, 2, 6], [3, 8, 4, 9], [5, 1, 6, 24], [7, 20, 8, 21], [9, 13, 10, 12], [11, 16, 12, 17]]"
12a_0013_94,"[[11, 16, 12, 17], [13, 19, 14, 18], [15, 22, 16, 23], [17, 10, 18, 11], [19, 4, 20, 5], [21, 3, 22, 2], [23, 14, 24, 15], [1, 7, 2, 6], [3, 8, 4, 9], [5, 1, 6, 24], [7, 20, 8, 21], [9, 13, 10, 12]]"
12a_0013_95,"[[9, 13, 10, 12], [11, 16, 12, 17], [13, 19, 14, 18], [15, 22, 16, 23], [17, 10, 18, 11], [19, 4, 20, 5], [21, 3, 22, 2], [23, 14, 24, 15], [1, 7, 2, 6], [3, 8, 4, 9], [5, 1, 6, 24], [7, 20, 8, 21]]"
12a_0013_96,"[[8, 21, 9, 22], [10, 14, 11, 13], [12, 17, 13, 18], [14, 20, 15, 19], [16, 23, 17, 24], [18, 11, 19, 12], [20, 5, 21, 6], [22, 4, 23, 3], [24, 15, 1, 16], [2, 8, 3, 7], [4, 9, 5, 10], [6, 2, 7, 1]]"
12a_0013_97,"[[6, 2, 7, 1], [8, 21, 9, 22], [10, 14, 11, 13], [12, 17, 13, 18], [14, 20, 15, 19], [16, 23, 17, 24], [18, 11, 19, 12], [20, 5, 21, 6], [22, 4, 23, 3], [24, 15, 1, 16], [2, 8, 3, 7], [4, 9, 5, 10]]"
12a_0013_98,"[[4, 9, 5, 10], [6, 2, 7, 1], [8, 21, 9, 22], [10, 14, 11, 13], [12, 17, 13, 18], [14, 20, 15, 19], [16, 23, 17, 24], [18, 11, 19, 12], [20, 5, 21, 6], [22, 4, 23, 3], [24, 15, 1, 16], [2, 8, 3, 7]]"
12a_0013_99,"[[2, 8, 3, 7], [4, 9, 5, 10], [6, 2, 7, 1], [8, 21, 9, 22], [10, 14, 11, 13], [12, 17, 13, 18], [14, 20, 15, 19], [16, 23, 17, 24], [18, 11, 19, 12], [20, 5, 21, 6], [22, 4, 23, 3], [24, 15, 1, 16]]"
12a_0013_100,"[[24, 15, 1, 16], [2, 8, 3, 7], [4, 9, 5, 10], [6, 2, 7, 1], [8, 21, 9, 22], [10, 14, 11, 13], [12, 17, 13, 18], [14, 20, 15, 19], [16, 23, 17, 24], [18, 11, 19, 12], [20, 5, 21, 6], [22, 4, 23, 3]]"
12a_0013_101,"[[22, 4, 23, 3], [24, 15, 1, 16], [2, 8, 3, 7], [4, 9, 5, 10], [6, 2, 7, 1], [8, 21, 9, 22], [10, 14, 11, 13], [12, 17, 13, 18], [14, 20, 15, 19], [16, 23, 17, 24], [18, 11, 19, 12], [20, 5, 21, 6]]"
12a_0013_102,"[[20, 5, 21, 6], [22, 4, 23, 3], [24, 15, 1, 16], [2, 8, 3, 7], [4, 9, 5, 10], [6, 2, 7, 1], [8, 21, 9, 22], [10, 14, 11, 13], [12, 17, 13, 18], [14, 20, 15, 19], [16, 23, 17, 24], [18, 11, 19, 12]]"
12a_0013_103,"[[18, 11, 19, 12], [20, 5, 21, 6], [22, 4, 23, 3], [24, 15, 1, 16], [2, 8, 3, 7], [4, 9, 5, 10], [6, 2, 7, 1], [8, 21, 9, 22], [10, 14, 11, 13], [12, 17, 13, 18], [14, 20, 15, 19], [16, 23, 17, 24]]"
12a_0013_104,"[[16, 23, 17, 24], [18, 11, 19, 12], [20, 5, 21, 6], [22, 4, 23, 3], [24, 15, 1, 16], [2, 8, 3, 7], [4, 9, 5, 10], [6, 2, 7, 1], [8, 21, 9, 22], [10, 14, 11, 13], [12, 17, 13, 18], [14, 20, 15, 19]]"
12a_0013_105,"[[14, 20, 15, 19], [16, 23, 17, 24], [18, 11, 19, 12], [20, 5, 21, 6], [22, 4, 23, 3], [24, 15, 1, 16], [2, 8, 3, 7], [4, 9, 5, 10], [6, 2, 7, 1], [8, 21, 9, 22], [10, 14, 11, 13], [12, 17, 13, 18]]"
12a_0013_106,"[[12, 17, 13, 18], [14, 20, 15, 19], [16, 23, 17, 24], [18, 11, 19, 12], [20, 5, 21, 6], [22, 4, 23, 3], [24, 15, 1, 16], [2, 8, 3, 7], [4, 9, 5, 10], [6, 2, 7, 1], [8, 21, 9, 22], [10, 14, 11, 13]]"
12a_0013_107,"[[10, 14, 11, 13], [12, 17, 13, 18], [14, 20, 15, 19], [16, 23, 17, 24], [18, 11, 19, 12], [20, 5, 21, 6], [22, 4, 23, 3], [24, 15, 1, 16], [2, 8, 3, 7], [4, 9, 5, 10], [6, 2, 7, 1], [8, 21, 9, 22]]"
12a_0013_108,"[[9, 22, 10, 23], [11, 15, 12, 14], [13, 18, 14, 19], [15, 21, 16, 20], [17, 24, 18, 1], [19, 12, 20, 13], [21, 6, 22, 7], [23, 5, 24, 4], [1, 16, 2, 17], [3, 9, 4, 8], [5, 10, 6, 11], [7, 3, 8, 2]]"
12a_0013_109,"[[7, 3, 8, 2], [9, 22, 10, 23], [11, 15, 12, 14], [13, 18, 14, 19], [15, 21, 16, 20], [17, 24, 18, 1], [19, 12, 20, 13], [21, 6, 22, 7], [23, 5, 24, 4], [1, 16, 2, 17], [3, 9, 4, 8], [5, 10, 6, 11]]"
12a_0013_110,"[[5, 10, 6, 11], [7, 3, 8, 2], [9, 22, 10, 23], [11, 15, 12, 14], [13, 18, 14, 19], [15, 21, 16, 20], [17, 24, 18, 1], [19, 12, 20, 13], [21, 6, 22, 7], [23, 5, 24, 4], [1, 16, 2, 17], [3, 9, 4, 8]]"
12a_0013_111,"[[3, 9, 4, 8], [5, 10, 6, 11], [7, 3, 8, 2], [9, 22, 10, 23], [11, 15, 12, 14], [13, 18, 14, 19], [15, 21, 16, 20], [17, 24, 18, 1], [19, 12, 20, 13], [21, 6, 22, 7], [23, 5, 24, 4], [1, 16, 2, 17]]"
12a_0013_112,"[[1, 16, 2, 17], [3, 9, 4, 8], [5, 10, 6, 11], [7, 3, 8, 2], [9, 22, 10, 23], [11, 15, 12, 14], [13, 18, 14, 19], [15, 21, 16, 20], [17, 24, 18, 1], [19, 12, 20, 13], [21, 6, 22, 7], [23, 5, 24, 4]]"
12a_0013_113,"[[23, 5, 24, 4], [1, 16, 2, 17], [3, 9, 4, 8], [5, 10, 6, 11], [7, 3, 8, 2], [9, 22, 10, 23], [11, 15, 12, 14], [13, 18, 14, 19], [15, 21, 16, 20], [17, 24, 18, 1], [19, 12, 20, 13], [21, 6, 22, 7]]"
12a_0013_114,"[[21, 6, 22, 7], [23, 5, 24, 4], [1, 16, 2, 17], [3, 9, 4, 8], [5, 10, 6, 11], [7, 3, 8, 2], [9, 22, 10, 23], [11, 15, 12, 14], [13, 18, 14, 19], [15, 21, 16, 20], [17, 24, 18, 1], [19, 12, 20, 13]]"
12a_0013_115,"[[19, 12, 20, 13], [21, 6, 22, 7], [23, 5, 24, 4], [1, 16, 2, 17], [3, 9, 4, 8], [5, 10, 6, 11], [7, 3, 8, 2], [9, 22, 10, 23], [11, 15, 12, 14], [13, 18, 14, 19], [15, 21, 16, 20], [17, 24, 18, 1]]"
12a_0013_116,"[[17, 24, 18, 1], [19, 12, 20, 13], [21, 6, 22, 7], [23, 5, 24, 4], [1, 16, 2, 17], [3, 9, 4, 8], [5, 10, 6, 11], [7, 3, 8, 2], [9, 22, 10, 23], [11, 15, 12, 14], [13, 18, 14, 19], [15, 21, 16, 20]]"
12a_0013_117,"[[15, 21, 16, 20], [17, 24, 18, 1], [19, 12, 20, 13], [21, 6, 22, 7], [23, 5, 24, 4], [1, 16, 2, 17], [3, 9, 4, 8], [5, 10, 6, 11], [7, 3, 8, 2], [9, 22, 10, 23], [11, 15, 12, 14], [13, 18, 14, 19]]"
12a_0013_118,"[[13, 18, 14, 19], [15, 21, 16, 20], [17, 24, 18, 1], [19, 12, 20, 13], [21, 6, 22, 7], [23, 5, 24, 4], [1, 16, 2, 17], [3, 9, 4, 8], [5, 10, 6, 11], [7, 3, 8, 2], [9, 22, 10, 23], [11, 15, 12, 14]]"
12a_0013_119,"[[11, 15, 12, 14], [13, 18, 14, 19], [15, 21, 16, 20], [17, 24, 18, 1], [19, 12, 20, 13], [21, 6, 22, 7], [23, 5, 24, 4], [1, 16, 2, 17], [3, 9, 4, 8], [5, 10, 6, 11], [7, 3, 8, 2], [9, 22, 10, 23]]"
12a_0013_120,"[[10, 23, 11, 24], [12, 16, 13, 15], [14, 19, 15, 20], [16, 22, 17, 21], [18, 1, 19, 2], [20, 13, 21, 14], [22, 7, 23, 8], [24, 6, 1, 5], [2, 17, 3, 18], [4, 10, 5, 9], [6, 11, 7, 12], [8, 4, 9, 3]]"
12a_0013_121,"[[8, 4, 9, 3], [10, 23, 11, 24], [12, 16, 13, 15], [14, 19, 15, 20], [16, 22, 17, 21], [18, 1, 19, 2], [20, 13, 21, 14], [22, 7, 23, 8], [24, 6, 1, 5], [2, 17, 3, 18], [4, 10, 5, 9], [6, 11, 7, 12]]"
12a_0013_122,"[[6, 11, 7, 12], [8, 4, 9, 3], [10, 23, 11, 24], [12, 16, 13, 15], [14, 19, 15, 20], [16, 22, 17, 21], [18, 1, 19, 2], [20, 13, 21, 14], [22, 7, 23, 8], [24, 6, 1, 5], [2, 17, 3, 18], [4, 10, 5, 9]]"
12a_0013_123,"[[4, 10, 5, 9], [6, 11, 7, 12], [8, 4, 9, 3], [10, 23, 11, 24], [12, 16, 13, 15], [14, 19, 15, 20], [16, 22, 17, 21], [18, 1, 19, 2], [20, 13, 21, 14], [22, 7, 23, 8], [24, 6, 1, 5], [2, 17, 3, 18]]"
12a_0013_124,"[[2, 17, 3, 18], [4, 10, 5, 9], [6, 11, 7, 12], [8, 4, 9, 3], [10, 23, 11, 24], [12, 16, 13, 15], [14, 19, 15, 20], [16, 22, 17, 21], [18, 1, 19, 2], [20, 13, 21, 14], [22, 7, 23, 8], [24, 6, 1, 5]]"
12a_0013_125,"[[24, 6, 1, 5], [2, 17, 3, 18], [4, 10, 5, 9], [6, 11, 7, 12], [8, 4, 9, 3], [10, 23, 11, 24], [12, 16, 13, 15], [14, 19, 15, 20], [16, 22, 17, 21], [18, 1, 19, 2], [20, 13, 21, 14], [22, 7, 23, 8]]"
12a_0013_126,"[[22, 7, 23, 8], [24, 6, 1, 5], [2, 17, 3, 18], [4, 10, 5, 9], [6, 11, 7, 12], [8, 4, 9, 3], [10, 23, 11, 24], [12, 16, 13, 15], [14, 19, 15, 20], [16, 22, 17, 21], [18, 1, 19, 2], [20, 13, 21, 14]]"
12a_0013_127,"[[20, 13, 21, 14], [22, 7, 23, 8], [24, 6, 1, 5], [2, 17, 3, 18], [4, 10, 5, 9], [6, 11, 7, 12], [8, 4, 9, 3], [10, 23, 11, 24], [12, 16, 13, 15], [14, 19, 15, 20], [16, 22, 17, 21], [18, 1, 19, 2]]"
12a_0013_128,"[[18, 1, 19, 2], [20, 13, 21, 14], [22, 7, 23, 8], [24, 6, 1, 5], [2, 17, 3, 18], [4, 10, 5, 9], [6, 11, 7, 12], [8, 4, 9, 3], [10, 23, 11, 24], [12, 16, 13, 15], [14, 19, 15, 20], [16, 22, 17, 21]]"
12a_0013_129,"[[16, 22, 17, 21], [18, 1, 19, 2], [20, 13, 21, 14], [22, 7, 23, 8], [24, 6, 1, 5], [2, 17, 3, 18], [4, 10, 5, 9], [6, 11, 7, 12], [8, 4, 9, 3], [10, 23, 11, 24], [12, 16, 13, 15], [14, 19, 15, 20]]"
12a_0013_130,"[[14, 19, 15, 20], [16, 22, 17, 21], [18, 1, 19, 2], [20, 13, 21, 14], [22, 7, 23, 8], [24, 6, 1, 5], [2, 17, 3, 18], [4, 10, 5, 9], [6, 11, 7, 12], [8, 4, 9, 3], [10, 23, 11, 24], [12, 16, 13, 15]]"
12a_0013_131,"[[12, 16, 13, 15], [14, 19, 15, 20], [16, 22, 17, 21], [18, 1, 19, 2], [20, 13, 21, 14], [22, 7, 23, 8], [24, 6, 1, 5], [2, 17, 3, 18], [4, 10, 5, 9], [6, 11, 7, 12], [8, 4, 9, 3], [10, 23, 11, 24]]"
12a_0013_132,"[[11, 24, 12, 1], [13, 17, 14, 16], [15, 20, 16, 21], [17, 23, 18, 22], [19, 2, 20, 3], [21, 14, 22, 15], [23, 8, 24, 9], [1, 7, 2, 6], [3, 18, 4, 19], [5, 11, 6, 10], [7, 12, 8, 13], [9, 5, 10, 4]]"
12a_0013_133,"[[9, 5, 10, 4], [11, 24, 12, 1], [13, 17, 14, 16], [15, 20, 16, 21], [17, 23, 18, 22], [19, 2, 20, 3], [21, 14, 22, 15], [23, 8, 24, 9], [1, 7, 2, 6], [3, 18, 4, 19], [5, 11, 6, 10], [7, 12, 8, 13]]"
12a_0013_134,"[[7, 12, 8, 13], [9, 5, 10, 4], [11, 24, 12, 1], [13, 17, 14, 16], [15, 20, 16, 21], [17, 23, 18, 22], [19, 2, 20, 3], [21, 14, 22, 15], [23, 8, 24, 9], [1, 7, 2, 6], [3, 18, 4, 19], [5, 11, 6, 10]]"
12a_0013_135,"[[5, 11, 6, 10], [7, 12, 8, 13], [9, 5, 10, 4], [11, 24, 12, 1], [13, 17, 14, 16], [15, 20, 16, 21], [17, 23, 18, 22], [19, 2, 20, 3], [21, 14, 22, 15], [23, 8, 24, 9], [1, 7, 2, 6], [3, 18, 4, 19]]"
12a_0013_136,"[[3, 18, 4, 19], [5, 11, 6, 10], [7, 12, 8, 13], [9, 5, 10, 4], [11, 24, 12, 1], [13, 17, 14, 16], [15, 20, 16, 21], [17, 23, 18, 22], [19, 2, 20, 3], [21, 14, 22, 15], [23, 8, 24, 9], [1, 7, 2, 6]]"
12a_0013_137,"[[1, 7, 2, 6], [3, 18, 4, 19], [5, 11, 6, 10], [7, 12, 8, 13], [9, 5, 10, 4], [11, 24, 12, 1], [13, 17, 14, 16], [15, 20, 16, 21], [17, 23, 18, 22], [19, 2, 20, 3], [21, 14, 22, 15], [23, 8, 24, 9]]"
12a_0013_138,"[[23, 8, 24, 9], [1, 7, 2, 6], [3, 18, 4, 19], [5, 11, 6, 10], [7, 12, 8, 13], [9, 5, 10, 4], [11, 24, 12, 1], [13, 17, 14, 16], [15, 20, 16, 21], [17, 23, 18, 22], [19, 2, 20, 3], [21, 14, 22, 15]]"
12a_0013_139,"[[21, 14, 22, 15], [23, 8, 24, 9], [1, 7, 2, 6], [3, 18, 4, 19], [5, 11, 6, 10], [7, 12, 8, 13], [9, 5, 10, 4], [11, 24, 12, 1], [13, 17, 14, 16], [15, 20, 16, 21], [17, 23, 18, 22], [19, 2, 20, 3]]"
12a_0013_140,"[[19, 2, 20, 3], [21, 14, 22, 15], [23, 8, 24, 9], [1, 7, 2, 6], [3, 18, 4, 19], [5, 11, 6, 10], [7, 12, 8, 13], [9, 5, 10, 4], [11, 24, 12, 1], [13, 17, 14, 16], [15, 20, 16, 21], [17, 23, 18, 22]]"
12a_0013_141,"[[17, 23, 18, 22], [19, 2, 20, 3], [21, 14, 22, 15], [23, 8, 24, 9], [1, 7, 2, 6], [3, 18, 4, 19], [5, 11, 6, 10], [7, 12, 8, 13], [9, 5, 10, 4], [11, 24, 12, 1], [13, 17, 14, 16], [15, 20, 16, 21]]"
12a_0013_142,"[[15, 20, 16, 21], [17, 23, 18, 22], [19, 2, 20, 3], [21, 14, 22, 15], [23, 8, 24, 9], [1, 7, 2, 6], [3, 18, 4, 19], [5, 11, 6, 10], [7, 12, 8, 13], [9, 5, 10, 4], [11, 24, 12, 1], [13, 17, 14, 16]]"
12a_0013_143,"[[13, 17, 14, 16], [15, 20, 16, 21], [17, 23, 18, 22], [19, 2, 20, 3], [21, 14, 22, 15], [23, 8, 24, 9], [1, 7, 2, 6], [3, 18, 4, 19], [5, 11, 6, 10], [7, 12, 8, 13], [9, 5, 10, 4], [11, 24, 12, 1]]"
12a_0013_144,"[[12, 1, 13, 2], [14, 18, 15, 17], [16, 21, 17, 22], [18, 24, 19, 23], [20, 3, 21, 4], [22, 15, 23, 16], [24, 9, 1, 10], [2, 8, 3, 7], [4, 19, 5, 20], [6, 12, 7, 11], [8, 13, 9, 14], [10, 6, 11, 5]]"
12a_0013_145,"[[10, 6, 11, 5], [12, 1, 13, 2], [14, 18, 15, 17], [16, 21, 17, 22], [18, 24, 19, 23], [20, 3, 21, 4], [22, 15, 23, 16], [24, 9, 1, 10], [2, 8, 3, 7], [4, 19, 5, 20], [6, 12, 7, 11], [8, 13, 9, 14]]"
12a_0013_146,"[[8, 13, 9, 14], [10, 6, 11, 5], [12, 1, 13, 2], [14, 18, 15, 17], [16, 21, 17, 22], [18, 24, 19, 23], [20, 3, 21, 4], [22, 15, 23, 16], [24, 9, 1, 10], [2, 8, 3, 7], [4, 19, 5, 20], [6, 12, 7, 11]]"
12a_0013_147,"[[6, 12, 7, 11], [8, 13, 9, 14], [10, 6, 11, 5], [12, 1, 13, 2], [14, 18, 15, 17], [16, 21, 17, 22], [18, 24, 19, 23], [20, 3, 21, 4], [22, 15, 23, 16], [24, 9, 1, 10], [2, 8, 3, 7], [4, 19, 5, 20]]"
12a_0013_148,"[[4, 19, 5, 20], [6, 12, 7, 11], [8, 13, 9, 14], [10, 6, 11, 5], [12, 1, 13, 2], [14, 18, 15, 17], [16, 21, 17, 22], [18, 24, 19, 23], [20, 3, 21, 4], [22, 15, 23, 16], [24, 9, 1, 10], [2, 8, 3, 7]]"
12a_0013_149,"[[2, 8, 3, 7], [4, 19, 5, 20], [6, 12, 7, 11], [8, 13, 9, 14], [10, 6, 11, 5], [12, 1, 13, 2], [14, 18, 15, 17], [16, 21, 17, 22], [18, 24, 19, 23], [20, 3, 21, 4], [22, 15, 23, 16], [24, 9, 1, 10]]"
12a_0013_150,"[[24, 9, 1, 10], [2, 8, 3, 7], [4, 19, 5, 20], [6, 12, 7, 11], [8, 13, 9, 14], [10, 6, 11, 5], [12, 1, 13, 2], [14, 18, 15, 17], [16, 21, 17, 22], [18, 24, 19, 23], [20, 3, 21, 4], [22, 15, 23, 16]]"
12a_0013_151,"[[22, 15, 23, 16], [24, 9, 1, 10], [2, 8, 3, 7], [4, 19, 5, 20], [6, 12, 7, 11], [8, 13, 9, 14], [10, 6, 11, 5], [12, 1, 13, 2], [14, 18, 15, 17], [16, 21, 17, 22], [18, 24, 19, 23], [20, 3, 21, 4]]"
12a_0013_152,"[[20, 3, 21, 4], [22, 15, 23, 16], [24, 9, 1, 10], [2, 8, 3, 7], [4, 19, 5, 20], [6, 12, 7, 11], [8, 13, 9, 14], [10, 6, 11, 5], [12, 1, 13, 2], [14, 18, 15, 17], [16, 21, 17, 22], [18, 24, 19, 23]]"
12a_0013_153,"[[18, 24, 19, 23], [20, 3, 21, 4], [22, 15, 23, 16], [24, 9, 1, 10], [2, 8, 3, 7], [4, 19, 5, 20], [6, 12, 7, 11], [8, 13, 9, 14], [10, 6, 11, 5], [12, 1, 13, 2], [14, 18, 15, 17], [16, 21, 17, 22]]"
12a_0013_154,"[[16, 21, 17, 22], [18, 24, 19, 23], [20, 3, 21, 4], [22, 15, 23, 16], [24, 9, 1, 10], [2, 8, 3, 7], [4, 19, 5, 20], [6, 12, 7, 11], [8, 13, 9, 14], [10, 6, 11, 5], [12, 1, 13, 2], [14, 18, 15, 17]]"
12a_0013_155,"[[14, 18, 15, 17], [16, 21, 17, 22], [18, 24, 19, 23], [20, 3, 21, 4], [22, 15, 23, 16], [24, 9, 1, 10], [2, 8, 3, 7], [4, 19, 5, 20], [6, 12, 7, 11], [8, 13, 9, 14], [10, 6, 11, 5], [12, 1, 13, 2]]"
12a_0013_156,"[[13, 2, 14, 3], [15, 19, 16, 18], [17, 22, 18, 23], [19, 1, 20, 24], [21, 4, 22, 5], [23, 16, 24, 17], [1, 10, 2, 11], [3, 9, 4, 8], [5, 20, 6, 21], [7, 13, 8, 12], [9, 14, 10, 15], [11, 7, 12, 6]]"
12a_0013_157,"[[11, 7, 12, 6], [13, 2, 14, 3], [15, 19, 16, 18], [17, 22, 18, 23], [19, 1, 20, 24], [21, 4, 22, 5], [23, 16, 24, 17], [1, 10, 2, 11], [3, 9, 4, 8], [5, 20, 6, 21], [7, 13, 8, 12], [9, 14, 10, 15]]"
12a_0013_158,"[[9, 14, 10, 15], [11, 7, 12, 6], [13, 2, 14, 3], [15, 19, 16, 18], [17, 22, 18, 23], [19, 1, 20, 24], [21, 4, 22, 5], [23, 16, 24, 17], [1, 10, 2, 11], [3, 9, 4, 8], [5, 20, 6, 21], [7, 13, 8, 12]]"
12a_0013_159,"[[7, 13, 8, 12], [9, 14, 10, 15], [11, 7, 12, 6], [13, 2, 14, 3], [15, 19, 16, 18], [17, 22, 18, 23], [19, 1, 20, 24], [21, 4, 22, 5], [23, 16, 24, 17], [1, 10, 2, 11], [3, 9, 4, 8], [5, 20, 6, 21]]"
12a_0013_160,"[[5, 20, 6, 21], [7, 13, 8, 12], [9, 14, 10, 15], [11, 7, 12, 6], [13, 2, 14, 3], [15, 19, 16, 18], [17, 22, 18, 23], [19, 1, 20, 24], [21, 4, 22, 5], [23, 16, 24, 17], [1, 10, 2, 11], [3, 9, 4, 8]]"
12a_0013_161,"[[3, 9, 4, 8], [5, 20, 6, 21], [7, 13, 8, 12], [9, 14, 10, 15], [11, 7, 12, 6], [13, 2, 14, 3], [15, 19, 16, 18], [17, 22, 18, 23], [19, 1, 20, 24], [21, 4, 22, 5], [23, 16, 24, 17], [1, 10, 2, 11]]"
12a_0013_162,"[[1, 10, 2, 11], [3, 9, 4, 8], [5, 20, 6, 21], [7, 13, 8, 12], [9, 14, 10, 15], [11, 7, 12, 6], [13, 2, 14, 3], [15, 19, 16, 18], [17, 22, 18, 23], [19, 1, 20, 24], [21, 4, 22, 5], [23, 16, 24, 17]]"
12a_0013_163,"[[23, 16, 24, 17], [1, 10, 2, 11], [3, 9, 4, 8], [5, 20, 6, 21], [7, 13, 8, 12], [9, 14, 10, 15], [11, 7, 12, 6], [13, 2, 14, 3], [15, 19, 16, 18], [17, 22, 18, 23], [19, 1, 20, 24], [21, 4, 22, 5]]"
12a_0013_164,"[[21, 4, 22, 5], [23, 16, 24, 17], [1, 10, 2, 11], [3, 9, 4, 8], [5, 20, 6, 21], [7, 13, 8, 12], [9, 14, 10, 15], [11, 7, 12, 6], [13, 2, 14, 3], [15, 19, 16, 18], [17, 22, 18, 23], [19, 1, 20, 24]]"
12a_0013_165,"[[19, 1, 20, 24], [21, 4, 22, 5], [23, 16, 24, 17], [1, 10, 2, 11], [3, 9, 4, 8], [5, 20, 6, 21], [7, 13, 8, 12], [9, 14, 10, 15], [11, 7, 12, 6], [13, 2, 14, 3], [15, 19, 16, 18], [17, 22, 18, 23]]"
12a_0013_166,"[[17, 22, 18, 23], [19, 1, 20, 24], [21, 4, 22, 5], [23, 16, 24, 17], [1, 10, 2, 11], [3, 9, 4, 8], [5, 20, 6, 21], [7, 13, 8, 12], [9, 14, 10, 15], [11, 7, 12, 6], [13, 2, 14, 3], [15, 19, 16, 18]]"
12a_0013_167,"[[15, 19, 16, 18], [17, 22, 18, 23], [19, 1, 20, 24], [21, 4, 22, 5], [23, 16, 24, 17], [1, 10, 2, 11], [3, 9, 4, 8], [5, 20, 6, 21], [7, 13, 8, 12], [9, 14, 10, 15], [11, 7, 12, 6], [13, 2, 14, 3]]"
12a_0013_168,"[[14, 3, 15, 4], [16, 20, 17, 19], [18, 23, 19, 24], [20, 2, 21, 1], [22, 5, 23, 6], [24, 17, 1, 18], [2, 11, 3, 12], [4, 10, 5, 9], [6, 21, 7, 22], [8, 14, 9, 13], [10, 15, 11, 16], [12, 8, 13, 7]]"
12a_0013_169,"[[12, 8, 13, 7], [14, 3, 15, 4], [16, 20, 17, 19], [18, 23, 19, 24], [20, 2, 21, 1], [22, 5, 23, 6], [24, 17, 1, 18], [2, 11, 3, 12], [4, 10, 5, 9], [6, 21, 7, 22], [8, 14, 9, 13], [10, 15, 11, 16]]"
12a_0013_170,"[[10, 15, 11, 16], [12, 8, 13, 7], [14, 3, 15, 4], [16, 20, 17, 19], [18, 23, 19, 24], [20, 2, 21, 1], [22, 5, 23, 6], [24, 17, 1, 18], [2, 11, 3, 12], [4, 10, 5, 9], [6, 21, 7, 22], [8, 14, 9, 13]]"
12a_0013_171,"[[8, 14, 9, 13], [10, 15, 11, 16], [12, 8, 13, 7], [14, 3, 15, 4], [16, 20, 17, 19], [18, 23, 19, 24], [20, 2, 21, 1], [22, 5, 23, 6], [24, 17, 1, 18], [2, 11, 3, 12], [4, 10, 5, 9], [6, 21, 7, 22]]"
12a_0013_172,"[[6, 21, 7, 22], [8, 14, 9, 13], [10, 15, 11, 16], [12, 8, 13, 7], [14, 3, 15, 4], [16, 20, 17, 19], [18, 23, 19, 24], [20, 2, 21, 1], [22, 5, 23, 6], [24, 17, 1, 18], [2, 11, 3, 12], [4, 10, 5, 9]]"
12a_0013_173,"[[4, 10, 5, 9], [6, 21, 7, 22], [8, 14, 9, 13], [10, 15, 11, 16], [12, 8, 13, 7], [14, 3, 15, 4], [16, 20, 17, 19], [18, 23, 19, 24], [20, 2, 21, 1], [22, 5, 23, 6], [24, 17, 1, 18], [2, 11, 3, 12]]"
12a_0013_174,"[[2, 11, 3, 12], [4, 10, 5, 9], [6, 21, 7, 22], [8, 14, 9, 13], [10, 15, 11, 16], [12, 8, 13, 7], [14, 3, 15, 4], [16, 20, 17, 19], [18, 23, 19, 24], [20, 2, 21, 1], [22, 5, 23, 6], [24, 17, 1, 18]]"
12a_0013_175,"[[24, 17, 1, 18], [2, 11, 3, 12], [4, 10, 5, 9], [6, 21, 7, 22], [8, 14, 9, 13], [10, 15, 11, 16], [12, 8, 13, 7], [14, 3, 15, 4], [16, 20, 17, 19], [18, 23, 19, 24], [20, 2, 21, 1], [22, 5, 23, 6]]"
12a_0013_176,"[[22, 5, 23, 6], [24, 17, 1, 18], [2, 11, 3, 12], [4, 10, 5, 9], [6, 21, 7, 22], [8, 14, 9, 13], [10, 15, 11, 16], [12, 8, 13, 7], [14, 3, 15, 4], [16, 20, 17, 19], [18, 23, 19, 24], [20, 2, 21, 1]]"
12a_0013_177,"[[20, 2, 21, 1], [22, 5, 23, 6], [24, 17, 1, 18], [2, 11, 3, 12], [4, 10, 5, 9], [6, 21, 7, 22], [8, 14, 9, 13], [10, 15, 11, 16], [12, 8, 13, 7], [14, 3, 15, 4], [16, 20, 17, 19], [18, 23, 19, 24]]"
12a_0013_178,"[[18, 23, 19, 24], [20, 2, 21, 1], [22, 5, 23, 6], [24, 17, 1, 18], [2, 11, 3, 12], [4, 10, 5, 9], [6, 21, 7, 22], [8, 14, 9, 13], [10, 15, 11, 16], [12, 8, 13, 7], [14, 3, 15, 4], [16, 20, 17, 19]]"
12a_0013_179,"[[16, 20, 17, 19], [18, 23, 19, 24], [20, 2, 21, 1], [22, 5, 23, 6], [24, 17, 1, 18], [2, 11, 3, 12], [4, 10, 5, 9], [6, 21, 7, 22], [8, 14, 9, 13], [10, 15, 11, 16], [12, 8, 13, 7], [14, 3, 15, 4]]"
12a_0013_180,"[[15, 4, 16, 5], [17, 21, 18, 20], [19, 24, 20, 1], [21, 3, 22, 2], [23, 6, 24, 7], [1, 18, 2, 19], [3, 12, 4, 13], [5, 11, 6, 10], [7, 22, 8, 23], [9, 15, 10, 14], [11, 16, 12, 17], [13, 9, 14, 8]]"
12a_0013_181,"[[13, 9, 14, 8], [15, 4, 16, 5], [17, 21, 18, 20], [19, 24, 20, 1], [21, 3, 22, 2], [23, 6, 24, 7], [1, 18, 2, 19], [3, 12, 4, 13], [5, 11, 6, 10], [7, 22, 8, 23], [9, 15, 10, 14], [11, 16, 12, 17]]"
12a_0013_182,"[[11, 16, 12, 17], [13, 9, 14, 8], [15, 4, 16, 5], [17, 21, 18, 20], [19, 24, 20, 1], [21, 3, 22, 2], [23, 6, 24, 7], [1, 18, 2, 19], [3, 12, 4, 13], [5, 11, 6, 10], [7, 22, 8, 23], [9, 15, 10, 14]]"
12a_0013_183,"[[9, 15, 10, 14], [11, 16, 12, 17], [13, 9, 14, 8], [15, 4, 16, 5], [17, 21, 18, 20], [19, 24, 20, 1], [21, 3, 22, 2], [23, 6, 24, 7], [1, 18, 2, 19], [3, 12, 4, 13], [5, 11, 6, 10], [7, 22, 8, 23]]"
12a_0013_184,"[[7, 22, 8, 23], [9, 15, 10, 14], [11, 16, 12, 17], [13, 9, 14, 8], [15, 4, 16, 5], [17, 21, 18, 20], [19, 24, 20, 1], [21, 3, 22, 2], [23, 6, 24, 7], [1, 18, 2, 19], [3, 12, 4, 13], [5, 11, 6, 10]]"
12a_0013_185,"[[5, 11, 6, 10], [7, 22, 8, 23], [9, 15, 10, 14], [11, 16, 12, 17], [13, 9, 14, 8], [15, 4, 16, 5], [17, 21, 18, 20], [19, 24, 20, 1], [21, 3, 22, 2], [23, 6, 24, 7], [1, 18, 2, 19], [3, 12, 4, 13]]"
