name,pd_notation
12a_0017_0,"[[24, 13, 1, 14], [2, 6, 3, 5], [4, 9, 5, 10], [6, 12, 7, 11], [8, 18, 9, 17], [10, 3, 11, 4], [12, 19, 13, 20], [14, 22, 15, 21], [16, 8, 17, 7], [18, 1, 19, 2], [20, 24, 21, 23], [22, 16, 23, 15]]"
12a_0017_1,"[[22, 16, 23, 15], [24, 13, 1, 14], [2, 6, 3, 5], [4, 9, 5, 10], [6, 12, 7, 11], [8, 18, 9, 17], [10, 3, 11, 4], [12, 19, 13, 20], [14, 22, 15, 21], [16, 8, 17, 7], [18, 1, 19, 2], [20, 24, 21, 23]]"
12a_0017_2,"[[20, 24, 21, 23], [22, 16, 23, 15], [24, 13, 1, 14], [2, 6, 3, 5], [4, 9, 5, 10], [6, 12, 7, 11], [8, 18, 9, 17], [10, 3, 11, 4], [12, 19, 13, 20], [14, 22, 15, 21], [16, 8, 17, 7], [18, 1, 19, 2]]"
12a_0017_3,"[[18, 1, 19, 2], [20, 24, 21, 23], [22, 16, 23, 15], [24, 13, 1, 14], [2, 6, 3, 5], [4, 9, 5, 10], [6, 12, 7, 11], [8, 18, 9, 17], [10, 3, 11, 4], [12, 19, 13, 20], [14, 22, 15, 21], [16, 8, 17, 7]]"
12a_0017_4,"[[16, 8, 17, 7], [18, 1, 19, 2], [20, 24, 21, 23], [22, 16, 23, 15], [24, 13, 1, 14], [2, 6, 3, 5], [4, 9, 5, 10], [6, 12, 7, 11], [8, 18, 9, 17], [10, 3, 11, 4], [12, 19, 13, 20], [14, 22, 15, 21]]"
12a_0017_5,"[[14, 22, 15, 21], [16, 8, 17, 7], [18, 1, 19, 2], [20, 24, 21, 23], [22, 16, 23, 15], [24, 13, 1, 14], [2, 6, 3, 5], [4, 9, 5, 10], [6, 12, 7, 11], [8, 18, 9, 17], [10, 3, 11, 4], [12, 19, 13, 20]]"
12a_0017_6,"[[12, 19, 13, 20], [14, 22, 15, 21], [16, 8, 17, 7], [18, 1, 19, 2], [20, 24, 21, 23], [22, 16, 23, 15], [24, 13, 1, 14], [2, 6, 3, 5], [4, 9, 5, 10], [6, 12, 7, 11], [8, 18, 9, 17], [10, 3, 11, 4]]"
12a_0017_7,"[[10, 3, 11, 4], [12, 19, 13, 20], [14, 22, 15, 21], [16, 8, 17, 7], [18, 1, 19, 2], [20, 24, 21, 23], [22, 16, 23, 15], [24, 13, 1, 14], [2, 6, 3, 5], [4, 9, 5, 10], [6, 12, 7, 11], [8, 18, 9, 17]]"
12a_0017_8,"[[8, 18, 9, 17], [10, 3, 11, 4], [12, 19, 13, 20], [14, 22, 15, 21], [16, 8, 17, 7], [18, 1, 19, 2], [20, 24, 21, 23], [22, 16, 23, 15], [24, 13, 1, 14], [2, 6, 3, 5], [4, 9, 5, 10], [6, 12, 7, 11]]"
12a_0017_9,"[[6, 12, 7, 11], [8, 18, 9, 17], [10, 3, 11, 4], [12, 19, 13, 20], [14, 22, 15, 21], [16, 8, 17, 7], [18, 1, 19, 2], [20, 24, 21, 23], [22, 16, 23, 15], [24, 13, 1, 14], [2, 6, 3, 5], [4, 9, 5, 10]]"
12a_0017_10,"[[4, 9, 5, 10], [6, 12, 7, 11], [8, 18, 9, 17], [10, 3, 11, 4], [12, 19, 13, 20], [14, 22, 15, 21], [16, 8, 17, 7], [18, 1, 19, 2], [20, 24, 21, 23], [22, 16, 23, 15], [24, 13, 1, 14], [2, 6, 3, 5]]"
12a_0017_11,"[[2, 6, 3, 5], [4, 9, 5, 10], [6, 12, 7, 11], [8, 18, 9, 17], [10, 3, 11, 4], [12, 19, 13, 20], [14, 22, 15, 21], [16, 8, 17, 7], [18, 1, 19, 2], [20, 24, 21, 23], [22, 16, 23, 15], [24, 13, 1, 14]]"
12a_0017_12,"[[1, 14, 2, 15], [3, 7, 4, 6], [5, 10, 6, 11], [7, 13, 8, 12], [9, 19, 10, 18], [11, 4, 12, 5], [13, 20, 14, 21], [15, 23, 16, 22], [17, 9, 18, 8], [19, 2, 20, 3], [21, 1, 22, 24], [23, 17, 24, 16]]"
12a_0017_13,"[[23, 17, 24, 16], [1, 14, 2, 15], [3, 7, 4, 6], [5, 10, 6, 11], [7, 13, 8, 12], [9, 19, 10, 18], [11, 4, 12, 5], [13, 20, 14, 21], [15, 23, 16, 22], [17, 9, 18, 8], [19, 2, 20, 3], [21, 1, 22, 24]]"
12a_0017_14,"[[21, 1, 22, 24], [23, 17, 24, 16], [1, 14, 2, 15], [3, 7, 4, 6], [5, 10, 6, 11], [7, 13, 8, 12], [9, 19, 10, 18], [11, 4, 12, 5], [13, 20, 14, 21], [15, 23, 16, 22], [17, 9, 18, 8], [19, 2, 20, 3]]"
12a_0017_15,"[[19, 2, 20, 3], [21, 1, 22, 24], [23, 17, 24, 16], [1, 14, 2, 15], [3, 7, 4, 6], [5, 10, 6, 11], [7, 13, 8, 12], [9, 19, 10, 18], [11, 4, 12, 5], [13, 20, 14, 21], [15, 23, 16, 22], [17, 9, 18, 8]]"
12a_0017_16,"[[17, 9, 18, 8], [19, 2, 20, 3], [21, 1, 22, 24], [23, 17, 24, 16], [1, 14, 2, 15], [3, 7, 4, 6], [5, 10, 6, 11], [7, 13, 8, 12], [9, 19, 10, 18], [11, 4, 12, 5], [13, 20, 14, 21], [15, 23, 16, 22]]"
12a_0017_17,"[[15, 23, 16, 22], [17, 9, 18, 8], [19, 2, 20, 3], [21, 1, 22, 24], [23, 17, 24, 16], [1, 14, 2, 15], [3, 7, 4, 6], [5, 10, 6, 11], [7, 13, 8, 12], [9, 19, 10, 18], [11, 4, 12, 5], [13, 20, 14, 21]]"
12a_0017_18,"[[13, 20, 14, 21], [15, 23, 16, 22], [17, 9, 18, 8], [19, 2, 20, 3], [21, 1, 22, 24], [23, 17, 24, 16], [1, 14, 2, 15], [3, 7, 4, 6], [5, 10, 6, 11], [7, 13, 8, 12], [9, 19, 10, 18], [11, 4, 12, 5]]"
12a_0017_19,"[[11, 4, 12, 5], [13, 20, 14, 21], [15, 23, 16, 22], [17, 9, 18, 8], [19, 2, 20, 3], [21, 1, 22, 24], [23, 17, 24, 16], [1, 14, 2, 15], [3, 7, 4, 6], [5, 10, 6, 11], [7, 13, 8, 12], [9, 19, 10, 18]]"
12a_0017_20,"[[9, 19, 10, 18], [11, 4, 12, 5], [13, 20, 14, 21], [15, 23, 16, 22], [17, 9, 18, 8], [19, 2, 20, 3], [21, 1, 22, 24], [23, 17, 24, 16], [1, 14, 2, 15], [3, 7, 4, 6], [5, 10, 6, 11], [7, 13, 8, 12]]"
12a_0017_21,"[[7, 13, 8, 12], [9, 19, 10, 18], [11, 4, 12, 5], [13, 20, 14, 21], [15, 23, 16, 22], [17, 9, 18, 8], [19, 2, 20, 3], [21, 1, 22, 24], [23, 17, 24, 16], [1, 14, 2, 15], [3, 7, 4, 6], [5, 10, 6, 11]]"
12a_0017_22,"[[5, 10, 6, 11], [7, 13, 8, 12], [9, 19, 10, 18], [11, 4, 12, 5], [13, 20, 14, 21], [15, 23, 16, 22], [17, 9, 18, 8], [19, 2, 20, 3], [21, 1, 22, 24], [23, 17, 24, 16], [1, 14, 2, 15], [3, 7, 4, 6]]"
12a_0017_23,"[[3, 7, 4, 6], [5, 10, 6, 11], [7, 13, 8, 12], [9, 19, 10, 18], [11, 4, 12, 5], [13, 20, 14, 21], [15, 23, 16, 22], [17, 9, 18, 8], [19, 2, 20, 3], [21, 1, 22, 24], [23, 17, 24, 16], [1, 14, 2, 15]]"
12a_0017_24,"[[2, 15, 3, 16], [4, 8, 5, 7], [6, 11, 7, 12], [8, 14, 9, 13], [10, 20, 11, 19], [12, 5, 13, 6], [14, 21, 15, 22], [16, 24, 17, 23], [18, 10, 19, 9], [20, 3, 21, 4], [22, 2, 23, 1], [24, 18, 1, 17]]"
12a_0017_25,"[[24, 18, 1, 17], [2, 15, 3, 16], [4, 8, 5, 7], [6, 11, 7, 12], [8, 14, 9, 13], [10, 20, 11, 19], [12, 5, 13, 6], [14, 21, 15, 22], [16, 24, 17, 23], [18, 10, 19, 9], [20, 3, 21, 4], [22, 2, 23, 1]]"
12a_0017_26,"[[22, 2, 23, 1], [24, 18, 1, 17], [2, 15, 3, 16], [4, 8, 5, 7], [6, 11, 7, 12], [8, 14, 9, 13], [10, 20, 11, 19], [12, 5, 13, 6], [14, 21, 15, 22], [16, 24, 17, 23], [18, 10, 19, 9], [20, 3, 21, 4]]"
12a_0017_27,"[[20, 3, 21, 4], [22, 2, 23, 1], [24, 18, 1, 17], [2, 15, 3, 16], [4, 8, 5, 7], [6, 11, 7, 12], [8, 14, 9, 13], [10, 20, 11, 19], [12, 5, 13, 6], [14, 21, 15, 22], [16, 24, 17, 23], [18, 10, 19, 9]]"
12a_0017_28,"[[18, 10, 19, 9], [20, 3, 21, 4], [22, 2, 23, 1], [24, 18, 1, 17], [2, 15, 3, 16], [4, 8, 5, 7], [6, 11, 7, 12], [8, 14, 9, 13], [10, 20, 11, 19], [12, 5, 13, 6], [14, 21, 15, 22], [16, 24, 17, 23]]"
12a_0017_29,"[[16, 24, 17, 23], [18, 10, 19, 9], [20, 3, 21, 4], [22, 2, 23, 1], [24, 18, 1, 17], [2, 15, 3, 16], [4, 8, 5, 7], [6, 11, 7, 12], [8, 14, 9, 13], [10, 20, 11, 19], [12, 5, 13, 6], [14, 21, 15, 22]]"
12a_0017_30,"[[14, 21, 15, 22], [16, 24, 17, 23], [18, 10, 19, 9], [20, 3, 21, 4], [22, 2, 23, 1], [24, 18, 1, 17], [2, 15, 3, 16], [4, 8, 5, 7], [6, 11, 7, 12], [8, 14, 9, 13], [10, 20, 11, 19], [12, 5, 13, 6]]"
12a_0017_31,"[[12, 5, 13, 6], [14, 21, 15, 22], [16, 24, 17, 23], [18, 10, 19, 9], [20, 3, 21, 4], [22, 2, 23, 1], [24, 18, 1, 17], [2, 15, 3, 16], [4, 8, 5, 7], [6, 11, 7, 12], [8, 14, 9, 13], [10, 20, 11, 19]]"
12a_0017_32,"[[10, 20, 11, 19], [12, 5, 13, 6], [14, 21, 15, 22], [16, 24, 17, 23], [18, 10, 19, 9], [20, 3, 21, 4], [22, 2, 23, 1], [24, 18, 1, 17], [2, 15, 3, 16], [4, 8, 5, 7], [6, 11, 7, 12], [8, 14, 9, 13]]"
12a_0017_33,"[[8, 14, 9, 13], [10, 20, 11, 19], [12, 5, 13, 6], [14, 21, 15, 22], [16, 24, 17, 23], [18, 10, 19, 9], [20, 3, 21, 4], [22, 2, 23, 1], [24, 18, 1, 17], [2, 15, 3, 16], [4, 8, 5, 7], [6, 11, 7, 12]]"
12a_0017_34,"[[6, 11, 7, 12], [8, 14, 9, 13], [10, 20, 11, 19], [12, 5, 13, 6], [14, 21, 15, 22], [16, 24, 17, 23], [18, 10, 19, 9], [20, 3, 21, 4], [22, 2, 23, 1], [24, 18, 1, 17], [2, 15, 3, 16], [4, 8, 5, 7]]"
12a_0017_35,"[[4, 8, 5, 7], [6, 11, 7, 12], [8, 14, 9, 13], [10, 20, 11, 19], [12, 5, 13, 6], [14, 21, 15, 22], [16, 24, 17, 23], [18, 10, 19, 9], [20, 3, 21, 4], [22, 2, 23, 1], [24, 18, 1, 17], [2, 15, 3, 16]]"
12a_0017_36,"[[3, 16, 4, 17], [5, 9, 6, 8], [7, 12, 8, 13], [9, 15, 10, 14], [11, 21, 12, 20], [13, 6, 14, 7], [15, 22, 16, 23], [17, 1, 18, 24], [19, 11, 20, 10], [21, 4, 22, 5], [23, 3, 24, 2], [1, 19, 2, 18]]"
12a_0017_37,"[[1, 19, 2, 18], [3, 16, 4, 17], [5, 9, 6, 8], [7, 12, 8, 13], [9, 15, 10, 14], [11, 21, 12, 20], [13, 6, 14, 7], [15, 22, 16, 23], [17, 1, 18, 24], [19, 11, 20, 10], [21, 4, 22, 5], [23, 3, 24, 2]]"
12a_0017_38,"[[23, 3, 24, 2], [1, 19, 2, 18], [3, 16, 4, 17], [5, 9, 6, 8], [7, 12, 8, 13], [9, 15, 10, 14], [11, 21, 12, 20], [13, 6, 14, 7], [15, 22, 16, 23], [17, 1, 18, 24], [19, 11, 20, 10], [21, 4, 22, 5]]"
12a_0017_39,"[[21, 4, 22, 5], [23, 3, 24, 2], [1, 19, 2, 18], [3, 16, 4, 17], [5, 9, 6, 8], [7, 12, 8, 13], [9, 15, 10, 14], [11, 21, 12, 20], [13, 6, 14, 7], [15, 22, 16, 23], [17, 1, 18, 24], [19, 11, 20, 10]]"
12a_0017_40,"[[19, 11, 20, 10], [21, 4, 22, 5], [23, 3, 24, 2], [1, 19, 2, 18], [3, 16, 4, 17], [5, 9, 6, 8], [7, 12, 8, 13], [9, 15, 10, 14], [11, 21, 12, 20], [13, 6, 14, 7], [15, 22, 16, 23], [17, 1, 18, 24]]"
12a_0017_41,"[[17, 1, 18, 24], [19, 11, 20, 10], [21, 4, 22, 5], [23, 3, 24, 2], [1, 19, 2, 18], [3, 16, 4, 17], [5, 9, 6, 8], [7, 12, 8, 13], [9, 15, 10, 14], [11, 21, 12, 20], [13, 6, 14, 7], [15, 22, 16, 23]]"
12a_0017_42,"[[15, 22, 16, 23], [17, 1, 18, 24], [19, 11, 20, 10], [21, 4, 22, 5], [23, 3, 24, 2], [1, 19, 2, 18], [3, 16, 4, 17], [5, 9, 6, 8], [7, 12, 8, 13], [9, 15, 10, 14], [11, 21, 12, 20], [13, 6, 14, 7]]"
12a_0017_43,"[[13, 6, 14, 7], [15, 22, 16, 23], [17, 1, 18, 24], [19, 11, 20, 10], [21, 4, 22, 5], [23, 3, 24, 2], [1, 19, 2, 18], [3, 16, 4, 17], [5, 9, 6, 8], [7, 12, 8, 13], [9, 15, 10, 14], [11, 21, 12, 20]]"
12a_0017_44,"[[11, 21, 12, 20], [13, 6, 14, 7], [15, 22, 16, 23], [17, 1, 18, 24], [19, 11, 20, 10], [21, 4, 22, 5], [23, 3, 24, 2], [1, 19, 2, 18], [3, 16, 4, 17], [5, 9, 6, 8], [7, 12, 8, 13], [9, 15, 10, 14]]"
12a_0017_45,"[[9, 15, 10, 14], [11, 21, 12, 20], [13, 6, 14, 7], [15, 22, 16, 23], [17, 1, 18, 24], [19, 11, 20, 10], [21, 4, 22, 5], [23, 3, 24, 2], [1, 19, 2, 18], [3, 16, 4, 17], [5, 9, 6, 8], [7, 12, 8, 13]]"
12a_0017_46,"[[7, 12, 8, 13], [9, 15, 10, 14], [11, 21, 12, 20], [13, 6, 14, 7], [15, 22, 16, 23], [17, 1, 18, 24], [19, 11, 20, 10], [21, 4, 22, 5], [23, 3, 24, 2], [1, 19, 2, 18], [3, 16, 4, 17], [5, 9, 6, 8]]"
12a_0017_47,"[[5, 9, 6, 8], [7, 12, 8, 13], [9, 15, 10, 14], [11, 21, 12, 20], [13, 6, 14, 7], [15, 22, 16, 23], [17, 1, 18, 24], [19, 11, 20, 10], [21, 4, 22, 5], [23, 3, 24, 2], [1, 19, 2, 18], [3, 16, 4, 17]]"
12a_0017_48,"[[4, 17, 5, 18], [6, 10, 7, 9], [8, 13, 9, 14], [10, 16, 11, 15], [12, 22, 13, 21], [14, 7, 15, 8], [16, 23, 17, 24], [18, 2, 19, 1], [20, 12, 21, 11], [22, 5, 23, 6], [24, 4, 1, 3], [2, 20, 3, 19]]"
12a_0017_49,"[[2, 20, 3, 19], [4, 17, 5, 18], [6, 10, 7, 9], [8, 13, 9, 14], [10, 16, 11, 15], [12, 22, 13, 21], [14, 7, 15, 8], [16, 23, 17, 24], [18, 2, 19, 1], [20, 12, 21, 11], [22, 5, 23, 6], [24, 4, 1, 3]]"
12a_0017_50,"[[24, 4, 1, 3], [2, 20, 3, 19], [4, 17, 5, 18], [6, 10, 7, 9], [8, 13, 9, 14], [10, 16, 11, 15], [12, 22, 13, 21], [14, 7, 15, 8], [16, 23, 17, 24], [18, 2, 19, 1], [20, 12, 21, 11], [22, 5, 23, 6]]"
12a_0017_51,"[[22, 5, 23, 6], [24, 4, 1, 3], [2, 20, 3, 19], [4, 17, 5, 18], [6, 10, 7, 9], [8, 13, 9, 14], [10, 16, 11, 15], [12, 22, 13, 21], [14, 7, 15, 8], [16, 23, 17, 24], [18, 2, 19, 1], [20, 12, 21, 11]]"
12a_0017_52,"[[20, 12, 21, 11], [22, 5, 23, 6], [24, 4, 1, 3], [2, 20, 3, 19], [4, 17, 5, 18], [6, 10, 7, 9], [8, 13, 9, 14], [10, 16, 11, 15], [12, 22, 13, 21], [14, 7, 15, 8], [16, 23, 17, 24], [18, 2, 19, 1]]"
12a_0017_53,"[[18, 2, 19, 1], [20, 12, 21, 11], [22, 5, 23, 6], [24, 4, 1, 3], [2, 20, 3, 19], [4, 17, 5, 18], [6, 10, 7, 9], [8, 13, 9, 14], [10, 16, 11, 15], [12, 22, 13, 21], [14, 7, 15, 8], [16, 23, 17, 24]]"
12a_0017_54,"[[16, 23, 17, 24], [18, 2, 19, 1], [20, 12, 21, 11], [22, 5, 23, 6], [24, 4, 1, 3], [2, 20, 3, 19], [4, 17, 5, 18], [6, 10, 7, 9], [8, 13, 9, 14], [10, 16, 11, 15], [12, 22, 13, 21], [14, 7, 15, 8]]"
12a_0017_55,"[[14, 7, 15, 8], [16, 23, 17, 24], [18, 2, 19, 1], [20, 12, 21, 11], [22, 5, 23, 6], [24, 4, 1, 3], [2, 20, 3, 19], [4, 17, 5, 18], [6, 10, 7, 9], [8, 13, 9, 14], [10, 16, 11, 15], [12, 22, 13, 21]]"
12a_0017_56,"[[12, 22, 13, 21], [14, 7, 15, 8], [16, 23, 17, 24], [18, 2, 19, 1], [20, 12, 21, 11], [22, 5, 23, 6], [24, 4, 1, 3], [2, 20, 3, 19], [4, 17, 5, 18], [6, 10, 7, 9], [8, 13, 9, 14], [10, 16, 11, 15]]"
12a_0017_57,"[[10, 16, 11, 15], [12, 22, 13, 21], [14, 7, 15, 8], [16, 23, 17, 24], [18, 2, 19, 1], [20, 12, 21, 11], [22, 5, 23, 6], [24, 4, 1, 3], [2, 20, 3, 19], [4, 17, 5, 18], [6, 10, 7, 9], [8, 13, 9, 14]]"
12a_0017_58,"[[8, 13, 9, 14], [10, 16, 11, 15], [12, 22, 13, 21], [14, 7, 15, 8], [16, 23, 17, 24], [18, 2, 19, 1], [20, 12, 21, 11], [22, 5, 23, 6], [24, 4, 1, 3], [2, 20, 3, 19], [4, 17, 5, 18], [6, 10, 7, 9]]"
12a_0017_59,"[[6, 10, 7, 9], [8, 13, 9, 14], [10, 16, 11, 15], [12, 22, 13, 21], [14, 7, 15, 8], [16, 23, 17, 24], [18, 2, 19, 1], [20, 12, 21, 11], [22, 5, 23, 6], [24, 4, 1, 3], [2, 20, 3, 19], [4, 17, 5, 18]]"
12a_0017_60,"[[5, 18, 6, 19], [7, 11, 8, 10], [9, 14, 10, 15], [11, 17, 12, 16], [13, 23, 14, 22], [15, 8, 16, 9], [17, 24, 18, 1], [19, 3, 20, 2], [21, 13, 22, 12], [23, 6, 24, 7], [1, 5, 2, 4], [3, 21, 4, 20]]"
12a_0017_61,"[[3, 21, 4, 20], [5, 18, 6, 19], [7, 11, 8, 10], [9, 14, 10, 15], [11, 17, 12, 16], [13, 23, 14, 22], [15, 8, 16, 9], [17, 24, 18, 1], [19, 3, 20, 2], [21, 13, 22, 12], [23, 6, 24, 7], [1, 5, 2, 4]]"
12a_0017_62,"[[1, 5, 2, 4], [3, 21, 4, 20], [5, 18, 6, 19], [7, 11, 8, 10], [9, 14, 10, 15], [11, 17, 12, 16], [13, 23, 14, 22], [15, 8, 16, 9], [17, 24, 18, 1], [19, 3, 20, 2], [21, 13, 22, 12], [23, 6, 24, 7]]"
12a_0017_63,"[[23, 6, 24, 7], [1, 5, 2, 4], [3, 21, 4, 20], [5, 18, 6, 19], [7, 11, 8, 10], [9, 14, 10, 15], [11, 17, 12, 16], [13, 23, 14, 22], [15, 8, 16, 9], [17, 24, 18, 1], [19, 3, 20, 2], [21, 13, 22, 12]]"
12a_0017_64,"[[21, 13, 22, 12], [23, 6, 24, 7], [1, 5, 2, 4], [3, 21, 4, 20], [5, 18, 6, 19], [7, 11, 8, 10], [9, 14, 10, 15], [11, 17, 12, 16], [13, 23, 14, 22], [15, 8, 16, 9], [17, 24, 18, 1], [19, 3, 20, 2]]"
12a_0017_65,"[[19, 3, 20, 2], [21, 13, 22, 12], [23, 6, 24, 7], [1, 5, 2, 4], [3, 21, 4, 20], [5, 18, 6, 19], [7, 11, 8, 10], [9, 14, 10, 15], [11, 17, 12, 16], [13, 23, 14, 22], [15, 8, 16, 9], [17, 24, 18, 1]]"
12a_0017_66,"[[17, 24, 18, 1], [19, 3, 20, 2], [21, 13, 22, 12], [23, 6, 24, 7], [1, 5, 2, 4], [3, 21, 4, 20], [5, 18, 6, 19], [7, 11, 8, 10], [9, 14, 10, 15], [11, 17, 12, 16], [13, 23, 14, 22], [15, 8, 16, 9]]"
12a_0017_67,"[[15, 8, 16, 9], [17, 24, 18, 1], [19, 3, 20, 2], [21, 13, 22, 12], [23, 6, 24, 7], [1, 5, 2, 4], [3, 21, 4, 20], [5, 18, 6, 19], [7, 11, 8, 10], [9, 14, 10, 15], [11, 17, 12, 16], [13, 23, 14, 22]]"
12a_0017_68,"[[13, 23, 14, 22], [15, 8, 16, 9], [17, 24, 18, 1], [19, 3, 20, 2], [21, 13, 22, 12], [23, 6, 24, 7], [1, 5, 2, 4], [3, 21, 4, 20], [5, 18, 6, 19], [7, 11, 8, 10], [9, 14, 10, 15], [11, 17, 12, 16]]"
12a_0017_69,"[[11, 17, 12, 16], [13, 23, 14, 22], [15, 8, 16, 9], [17, 24, 18, 1], [19, 3, 20, 2], [21, 13, 22, 12], [23, 6, 24, 7], [1, 5, 2, 4], [3, 21, 4, 20], [5, 18, 6, 19], [7, 11, 8, 10], [9, 14, 10, 15]]"
12a_0017_70,"[[9, 14, 10, 15], [11, 17, 12, 16], [13, 23, 14, 22], [15, 8, 16, 9], [17, 24, 18, 1], [19, 3, 20, 2], [21, 13, 22, 12], [23, 6, 24, 7], [1, 5, 2, 4], [3, 21, 4, 20], [5, 18, 6, 19], [7, 11, 8, 10]]"
12a_0017_71,"[[7, 11, 8, 10], [9, 14, 10, 15], [11, 17, 12, 16], [13, 23, 14, 22], [15, 8, 16, 9], [17, 24, 18, 1], [19, 3, 20, 2], [21, 13, 22, 12], [23, 6, 24, 7], [1, 5, 2, 4], [3, 21, 4, 20], [5, 18, 6, 19]]"
12a_0017_72,"[[6, 19, 7, 20], [8, 12, 9, 11], [10, 15, 11, 16], [12, 18, 13, 17], [14, 24, 15, 23], [16, 9, 17, 10], [18, 1, 19, 2], [20, 4, 21, 3], [22, 14, 23, 13], [24, 7, 1, 8], [2, 6, 3, 5], [4, 22, 5, 21]]"
12a_0017_73,"[[4, 22, 5, 21], [6, 19, 7, 20], [8, 12, 9, 11], [10, 15, 11, 16], [12, 18, 13, 17], [14, 24, 15, 23], [16, 9, 17, 10], [18, 1, 19, 2], [20, 4, 21, 3], [22, 14, 23, 13], [24, 7, 1, 8], [2, 6, 3, 5]]"
12a_0017_74,"[[2, 6, 3, 5], [4, 22, 5, 21], [6, 19, 7, 20], [8, 12, 9, 11], [10, 15, 11, 16], [12, 18, 13, 17], [14, 24, 15, 23], [16, 9, 17, 10], [18, 1, 19, 2], [20, 4, 21, 3], [22, 14, 23, 13], [24, 7, 1, 8]]"
12a_0017_75,"[[24, 7, 1, 8], [2, 6, 3, 5], [4, 22, 5, 21], [6, 19, 7, 20], [8, 12, 9, 11], [10, 15, 11, 16], [12, 18, 13, 17], [14, 24, 15, 23], [16, 9, 17, 10], [18, 1, 19, 2], [20, 4, 21, 3], [22, 14, 23, 13]]"
12a_0017_76,"[[22, 14, 23, 13], [24, 7, 1, 8], [2, 6, 3, 5], [4, 22, 5, 21], [6, 19, 7, 20], [8, 12, 9, 11], [10, 15, 11, 16], [12, 18, 13, 17], [14, 24, 15, 23], [16, 9, 17, 10], [18, 1, 19, 2], [20, 4, 21, 3]]"
12a_0017_77,"[[20, 4, 21, 3], [22, 14, 23, 13], [24, 7, 1, 8], [2, 6, 3, 5], [4, 22, 5, 21], [6, 19, 7, 20], [8, 12, 9, 11], [10, 15, 11, 16], [12, 18, 13, 17], [14, 24, 15, 23], [16, 9, 17, 10], [18, 1, 19, 2]]"
12a_0017_78,"[[18, 1, 19, 2], [20, 4, 21, 3], [22, 14, 23, 13], [24, 7, 1, 8], [2, 6, 3, 5], [4, 22, 5, 21], [6, 19, 7, 20], [8, 12, 9, 11], [10, 15, 11, 16], [12, 18, 13, 17], [14, 24, 15, 23], [16, 9, 17, 10]]"
12a_0017_79,"[[16, 9, 17, 10], [18, 1, 19, 2], [20, 4, 21, 3], [22, 14, 23, 13], [24, 7, 1, 8], [2, 6, 3, 5], [4, 22, 5, 21], [6, 19, 7, 20], [8, 12, 9, 11], [10, 15, 11, 16], [12, 18, 13, 17], [14, 24, 15, 23]]"
12a_0017_80,"[[14, 24, 15, 23], [16, 9, 17, 10], [18, 1, 19, 2], [20, 4, 21, 3], [22, 14, 23, 13], [24, 7, 1, 8], [2, 6, 3, 5], [4, 22, 5, 21], [6, 19, 7, 20], [8, 12, 9, 11], [10, 15, 11, 16], [12, 18, 13, 17]]"
12a_0017_81,"[[12, 18, 13, 17], [14, 24, 15, 23], [16, 9, 17, 10], [18, 1, 19, 2], [20, 4, 21, 3], [22, 14, 23, 13], [24, 7, 1, 8], [2, 6, 3, 5], [4, 22, 5, 21], [6, 19, 7, 20], [8, 12, 9, 11], [10, 15, 11, 16]]"
12a_0017_82,"[[10, 15, 11, 16], [12, 18, 13, 17], [14, 24, 15, 23], [16, 9, 17, 10], [18, 1, 19, 2], [20, 4, 21, 3], [22, 14, 23, 13], [24, 7, 1, 8], [2, 6, 3, 5], [4, 22, 5, 21], [6, 19, 7, 20], [8, 12, 9, 11]]"
12a_0017_83,"[[8, 12, 9, 11], [10, 15, 11, 16], [12, 18, 13, 17], [14, 24, 15, 23], [16, 9, 17, 10], [18, 1, 19, 2], [20, 4, 21, 3], [22, 14, 23, 13], [24, 7, 1, 8], [2, 6, 3, 5], [4, 22, 5, 21], [6, 19, 7, 20]]"
12a_0017_84,"[[7, 20, 8, 21], [9, 13, 10, 12], [11, 16, 12, 17], [13, 19, 14, 18], [15, 1, 16, 24], [17, 10, 18, 11], [19, 2, 20, 3], [21, 5, 22, 4], [23, 15, 24, 14], [1, 8, 2, 9], [3, 7, 4, 6], [5, 23, 6, 22]]"
12a_0017_85,"[[5, 23, 6, 22], [7, 20, 8, 21], [9, 13, 10, 12], [11, 16, 12, 17], [13, 19, 14, 18], [15, 1, 16, 24], [17, 10, 18, 11], [19, 2, 20, 3], [21, 5, 22, 4], [23, 15, 24, 14], [1, 8, 2, 9], [3, 7, 4, 6]]"
12a_0017_86,"[[3, 7, 4, 6], [5, 23, 6, 22], [7, 20, 8, 21], [9, 13, 10, 12], [11, 16, 12, 17], [13, 19, 14, 18], [15, 1, 16, 24], [17, 10, 18, 11], [19, 2, 20, 3], [21, 5, 22, 4], [23, 15, 24, 14], [1, 8, 2, 9]]"
12a_0017_87,"[[1, 8, 2, 9], [3, 7, 4, 6], [5, 23, 6, 22], [7, 20, 8, 21], [9, 13, 10, 12], [11, 16, 12, 17], [13, 19, 14, 18], [15, 1, 16, 24], [17, 10, 18, 11], [19, 2, 20, 3], [21, 5, 22, 4], [23, 15, 24, 14]]"
12a_0017_88,"[[23, 15, 24, 14], [1, 8, 2, 9], [3, 7, 4, 6], [5, 23, 6, 22], [7, 20, 8, 21], [9, 13, 10, 12], [11, 16, 12, 17], [13, 19, 14, 18], [15, 1, 16, 24], [17, 10, 18, 11], [19, 2, 20, 3], [21, 5, 22, 4]]"
12a_0017_89,"[[21, 5, 22, 4], [23, 15, 24, 14], [1, 8, 2, 9], [3, 7, 4, 6], [5, 23, 6, 22], [7, 20, 8, 21], [9, 13, 10, 12], [11, 16, 12, 17], [13, 19, 14, 18], [15, 1, 16, 24], [17, 10, 18, 11], [19, 2, 20, 3]]"
12a_0017_90,"[[19, 2, 20, 3], [21, 5, 22, 4], [23, 15, 24, 14], [1, 8, 2, 9], [3, 7, 4, 6], [5, 23, 6, 22], [7, 20, 8, 21], [9, 13, 10, 12], [11, 16, 12, 17], [13, 19, 14, 18], [15, 1, 16, 24], [17, 10, 18, 11]]"
12a_0017_91,"[[17, 10, 18, 11], [19, 2, 20, 3], [21, 5, 22, 4], [23, 15, 24, 14], [1, 8, 2, 9], [3, 7, 4, 6], [5, 23, 6, 22], [7, 20, 8, 21], [9, 13, 10, 12], [11, 16, 12, 17], [13, 19, 14, 18], [15, 1, 16, 24]]"
12a_0017_92,"[[15, 1, 16, 24], [17, 10, 18, 11], [19, 2, 20, 3], [21, 5, 22, 4], [23, 15, 24, 14], [1, 8, 2, 9], [3, 7, 4, 6], [5, 23, 6, 22], [7, 20, 8, 21], [9, 13, 10, 12], [11, 16, 12, 17], [13, 19, 14, 18]]"
12a_0017_93,"[[13, 19, 14, 18], [15, 1, 16, 24], [17, 10, 18, 11], [19, 2, 20, 3], [21, 5, 22, 4], [23, 15, 24, 14], [1, 8, 2, 9], [3, 7, 4, 6], [5, 23, 6, 22], [7, 20, 8, 21], [9, 13, 10, 12], [11, 16, 12, 17]]"
12a_0017_94,"[[11, 16, 12, 17], [13, 19, 14, 18], [15, 1, 16, 24], [17, 10, 18, 11], [19, 2, 20, 3], [21, 5, 22, 4], [23, 15, 24, 14], [1, 8, 2, 9], [3, 7, 4, 6], [5, 23, 6, 22], [7, 20, 8, 21], [9, 13, 10, 12]]"
12a_0017_95,"[[9, 13, 10, 12], [11, 16, 12, 17], [13, 19, 14, 18], [15, 1, 16, 24], [17, 10, 18, 11], [19, 2, 20, 3], [21, 5, 22, 4], [23, 15, 24, 14], [1, 8, 2, 9], [3, 7, 4, 6], [5, 23, 6, 22], [7, 20, 8, 21]]"
12a_0017_96,"[[8, 21, 9, 22], [10, 14, 11, 13], [12, 17, 13, 18], [14, 20, 15, 19], [16, 2, 17, 1], [18, 11, 19, 12], [20, 3, 21, 4], [22, 6, 23, 5], [24, 16, 1, 15], [2, 9, 3, 10], [4, 8, 5, 7], [6, 24, 7, 23]]"
12a_0017_97,"[[6, 24, 7, 23], [8, 21, 9, 22], [10, 14, 11, 13], [12, 17, 13, 18], [14, 20, 15, 19], [16, 2, 17, 1], [18, 11, 19, 12], [20, 3, 21, 4], [22, 6, 23, 5], [24, 16, 1, 15], [2, 9, 3, 10], [4, 8, 5, 7]]"
12a_0017_98,"[[4, 8, 5, 7], [6, 24, 7, 23], [8, 21, 9, 22], [10, 14, 11, 13], [12, 17, 13, 18], [14, 20, 15, 19], [16, 2, 17, 1], [18, 11, 19, 12], [20, 3, 21, 4], [22, 6, 23, 5], [24, 16, 1, 15], [2, 9, 3, 10]]"
12a_0017_99,"[[2, 9, 3, 10], [4, 8, 5, 7], [6, 24, 7, 23], [8, 21, 9, 22], [10, 14, 11, 13], [12, 17, 13, 18], [14, 20, 15, 19], [16, 2, 17, 1], [18, 11, 19, 12], [20, 3, 21, 4], [22, 6, 23, 5], [24, 16, 1, 15]]"
12a_0017_100,"[[24, 16, 1, 15], [2, 9, 3, 10], [4, 8, 5, 7], [6, 24, 7, 23], [8, 21, 9, 22], [10, 14, 11, 13], [12, 17, 13, 18], [14, 20, 15, 19], [16, 2, 17, 1], [18, 11, 19, 12], [20, 3, 21, 4], [22, 6, 23, 5]]"
12a_0017_101,"[[22, 6, 23, 5], [24, 16, 1, 15], [2, 9, 3, 10], [4, 8, 5, 7], [6, 24, 7, 23], [8, 21, 9, 22], [10, 14, 11, 13], [12, 17, 13, 18], [14, 20, 15, 19], [16, 2, 17, 1], [18, 11, 19, 12], [20, 3, 21, 4]]"
12a_0017_102,"[[20, 3, 21, 4], [22, 6, 23, 5], [24, 16, 1, 15], [2, 9, 3, 10], [4, 8, 5, 7], [6, 24, 7, 23], [8, 21, 9, 22], [10, 14, 11, 13], [12, 17, 13, 18], [14, 20, 15, 19], [16, 2, 17, 1], [18, 11, 19, 12]]"
12a_0017_103,"[[18, 11, 19, 12], [20, 3, 21, 4], [22, 6, 23, 5], [24, 16, 1, 15], [2, 9, 3, 10], [4, 8, 5, 7], [6, 24, 7, 23], [8, 21, 9, 22], [10, 14, 11, 13], [12, 17, 13, 18], [14, 20, 15, 19], [16, 2, 17, 1]]"
12a_0017_104,"[[16, 2, 17, 1], [18, 11, 19, 12], [20, 3, 21, 4], [22, 6, 23, 5], [24, 16, 1, 15], [2, 9, 3, 10], [4, 8, 5, 7], [6, 24, 7, 23], [8, 21, 9, 22], [10, 14, 11, 13], [12, 17, 13, 18], [14, 20, 15, 19]]"
12a_0017_105,"[[14, 20, 15, 19], [16, 2, 17, 1], [18, 11, 19, 12], [20, 3, 21, 4], [22, 6, 23, 5], [24, 16, 1, 15], [2, 9, 3, 10], [4, 8, 5, 7], [6, 24, 7, 23], [8, 21, 9, 22], [10, 14, 11, 13], [12, 17, 13, 18]]"
12a_0017_106,"[[12, 17, 13, 18], [14, 20, 15, 19], [16, 2, 17, 1], [18, 11, 19, 12], [20, 3, 21, 4], [22, 6, 23, 5], [24, 16, 1, 15], [2, 9, 3, 10], [4, 8, 5, 7], [6, 24, 7, 23], [8, 21, 9, 22], [10, 14, 11, 13]]"
12a_0017_107,"[[10, 14, 11, 13], [12, 17, 13, 18], [14, 20, 15, 19], [16, 2, 17, 1], [18, 11, 19, 12], [20, 3, 21, 4], [22, 6, 23, 5], [24, 16, 1, 15], [2, 9, 3, 10], [4, 8, 5, 7], [6, 24, 7, 23], [8, 21, 9, 22]]"
12a_0017_108,"[[9, 22, 10, 23], [11, 15, 12, 14], [13, 18, 14, 19], [15, 21, 16, 20], [17, 3, 18, 2], [19, 12, 20, 13], [21, 4, 22, 5], [23, 7, 24, 6], [1, 17, 2, 16], [3, 10, 4, 11], [5, 9, 6, 8], [7, 1, 8, 24]]"
12a_0017_109,"[[7, 1, 8, 24], [9, 22, 10, 23], [11, 15, 12, 14], [13, 18, 14, 19], [15, 21, 16, 20], [17, 3, 18, 2], [19, 12, 20, 13], [21, 4, 22, 5], [23, 7, 24, 6], [1, 17, 2, 16], [3, 10, 4, 11], [5, 9, 6, 8]]"
12a_0017_110,"[[5, 9, 6, 8], [7, 1, 8, 24], [9, 22, 10, 23], [11, 15, 12, 14], [13, 18, 14, 19], [15, 21, 16, 20], [17, 3, 18, 2], [19, 12, 20, 13], [21, 4, 22, 5], [23, 7, 24, 6], [1, 17, 2, 16], [3, 10, 4, 11]]"
12a_0017_111,"[[3, 10, 4, 11], [5, 9, 6, 8], [7, 1, 8, 24], [9, 22, 10, 23], [11, 15, 12, 14], [13, 18, 14, 19], [15, 21, 16, 20], [17, 3, 18, 2], [19, 12, 20, 13], [21, 4, 22, 5], [23, 7, 24, 6], [1, 17, 2, 16]]"
12a_0017_112,"[[1, 17, 2, 16], [3, 10, 4, 11], [5, 9, 6, 8], [7, 1, 8, 24], [9, 22, 10, 23], [11, 15, 12, 14], [13, 18, 14, 19], [15, 21, 16, 20], [17, 3, 18, 2], [19, 12, 20, 13], [21, 4, 22, 5], [23, 7, 24, 6]]"
12a_0017_113,"[[23, 7, 24, 6], [1, 17, 2, 16], [3, 10, 4, 11], [5, 9, 6, 8], [7, 1, 8, 24], [9, 22, 10, 23], [11, 15, 12, 14], [13, 18, 14, 19], [15, 21, 16, 20], [17, 3, 18, 2], [19, 12, 20, 13], [21, 4, 22, 5]]"
12a_0017_114,"[[21, 4, 22, 5], [23, 7, 24, 6], [1, 17, 2, 16], [3, 10, 4, 11], [5, 9, 6, 8], [7, 1, 8, 24], [9, 22, 10, 23], [11, 15, 12, 14], [13, 18, 14, 19], [15, 21, 16, 20], [17, 3, 18, 2], [19, 12, 20, 13]]"
12a_0017_115,"[[19, 12, 20, 13], [21, 4, 22, 5], [23, 7, 24, 6], [1, 17, 2, 16], [3, 10, 4, 11], [5, 9, 6, 8], [7, 1, 8, 24], [9, 22, 10, 23], [11, 15, 12, 14], [13, 18, 14, 19], [15, 21, 16, 20], [17, 3, 18, 2]]"
12a_0017_116,"[[17, 3, 18, 2], [19, 12, 20, 13], [21, 4, 22, 5], [23, 7, 24, 6], [1, 17, 2, 16], [3, 10, 4, 11], [5, 9, 6, 8], [7, 1, 8, 24], [9, 22, 10, 23], [11, 15, 12, 14], [13, 18, 14, 19], [15, 21, 16, 20]]"
12a_0017_117,"[[15, 21, 16, 20], [17, 3, 18, 2], [19, 12, 20, 13], [21, 4, 22, 5], [23, 7, 24, 6], [1, 17, 2, 16], [3, 10, 4, 11], [5, 9, 6, 8], [7, 1, 8, 24], [9, 22, 10, 23], [11, 15, 12, 14], [13, 18, 14, 19]]"
12a_0017_118,"[[13, 18, 14, 19], [15, 21, 16, 20], [17, 3, 18, 2], [19, 12, 20, 13], [21, 4, 22, 5], [23, 7, 24, 6], [1, 17, 2, 16], [3, 10, 4, 11], [5, 9, 6, 8], [7, 1, 8, 24], [9, 22, 10, 23], [11, 15, 12, 14]]"
12a_0017_119,"[[11, 15, 12, 14], [13, 18, 14, 19], [15, 21, 16, 20], [17, 3, 18, 2], [19, 12, 20, 13], [21, 4, 22, 5], [23, 7, 24, 6], [1, 17, 2, 16], [3, 10, 4, 11], [5, 9, 6, 8], [7, 1, 8, 24], [9, 22, 10, 23]]"
12a_0017_120,"[[10, 23, 11, 24], [12, 16, 13, 15], [14, 19, 15, 20], [16, 22, 17, 21], [18, 4, 19, 3], [20, 13, 21, 14], [22, 5, 23, 6], [24, 8, 1, 7], [2, 18, 3, 17], [4, 11, 5, 12], [6, 10, 7, 9], [8, 2, 9, 1]]"
12a_0017_121,"[[8, 2, 9, 1], [10, 23, 11, 24], [12, 16, 13, 15], [14, 19, 15, 20], [16, 22, 17, 21], [18, 4, 19, 3], [20, 13, 21, 14], [22, 5, 23, 6], [24, 8, 1, 7], [2, 18, 3, 17], [4, 11, 5, 12], [6, 10, 7, 9]]"
12a_0017_122,"[[6, 10, 7, 9], [8, 2, 9, 1], [10, 23, 11, 24], [12, 16, 13, 15], [14, 19, 15, 20], [16, 22, 17, 21], [18, 4, 19, 3], [20, 13, 21, 14], [22, 5, 23, 6], [24, 8, 1, 7], [2, 18, 3, 17], [4, 11, 5, 12]]"
12a_0017_123,"[[4, 11, 5, 12], [6, 10, 7, 9], [8, 2, 9, 1], [10, 23, 11, 24], [12, 16, 13, 15], [14, 19, 15, 20], [16, 22, 17, 21], [18, 4, 19, 3], [20, 13, 21, 14], [22, 5, 23, 6], [24, 8, 1, 7], [2, 18, 3, 17]]"
12a_0017_124,"[[2, 18, 3, 17], [4, 11, 5, 12], [6, 10, 7, 9], [8, 2, 9, 1], [10, 23, 11, 24], [12, 16, 13, 15], [14, 19, 15, 20], [16, 22, 17, 21], [18, 4, 19, 3], [20, 13, 21, 14], [22, 5, 23, 6], [24, 8, 1, 7]]"
12a_0017_125,"[[24, 8, 1, 7], [2, 18, 3, 17], [4, 11, 5, 12], [6, 10, 7, 9], [8, 2, 9, 1], [10, 23, 11, 24], [12, 16, 13, 15], [14, 19, 15, 20], [16, 22, 17, 21], [18, 4, 19, 3], [20, 13, 21, 14], [22, 5, 23, 6]]"
12a_0017_126,"[[22, 5, 23, 6], [24, 8, 1, 7], [2, 18, 3, 17], [4, 11, 5, 12], [6, 10, 7, 9], [8, 2, 9, 1], [10, 23, 11, 24], [12, 16, 13, 15], [14, 19, 15, 20], [16, 22, 17, 21], [18, 4, 19, 3], [20, 13, 21, 14]]"
12a_0017_127,"[[20, 13, 21, 14], [22, 5, 23, 6], [24, 8, 1, 7], [2, 18, 3, 17], [4, 11, 5, 12], [6, 10, 7, 9], [8, 2, 9, 1], [10, 23, 11, 24], [12, 16, 13, 15], [14, 19, 15, 20], [16, 22, 17, 21], [18, 4, 19, 3]]"
12a_0017_128,"[[18, 4, 19, 3], [20, 13, 21, 14], [22, 5, 23, 6], [24, 8, 1, 7], [2, 18, 3, 17], [4, 11, 5, 12], [6, 10, 7, 9], [8, 2, 9, 1], [10, 23, 11, 24], [12, 16, 13, 15], [14, 19, 15, 20], [16, 22, 17, 21]]"
12a_0017_129,"[[16, 22, 17, 21], [18, 4, 19, 3], [20, 13, 21, 14], [22, 5, 23, 6], [24, 8, 1, 7], [2, 18, 3, 17], [4, 11, 5, 12], [6, 10, 7, 9], [8, 2, 9, 1], [10, 23, 11, 24], [12, 16, 13, 15], [14, 19, 15, 20]]"
12a_0017_130,"[[14, 19, 15, 20], [16, 22, 17, 21], [18, 4, 19, 3], [20, 13, 21, 14], [22, 5, 23, 6], [24, 8, 1, 7], [2, 18, 3, 17], [4, 11, 5, 12], [6, 10, 7, 9], [8, 2, 9, 1], [10, 23, 11, 24], [12, 16, 13, 15]]"
12a_0017_131,"[[12, 16, 13, 15], [14, 19, 15, 20], [16, 22, 17, 21], [18, 4, 19, 3], [20, 13, 21, 14], [22, 5, 23, 6], [24, 8, 1, 7], [2, 18, 3, 17], [4, 11, 5, 12], [6, 10, 7, 9], [8, 2, 9, 1], [10, 23, 11, 24]]"
12a_0017_132,"[[11, 24, 12, 1], [13, 17, 14, 16], [15, 20, 16, 21], [17, 23, 18, 22], [19, 5, 20, 4], [21, 14, 22, 15], [23, 6, 24, 7], [1, 9, 2, 8], [3, 19, 4, 18], [5, 12, 6, 13], [7, 11, 8, 10], [9, 3, 10, 2]]"
12a_0017_133,"[[9, 3, 10, 2], [11, 24, 12, 1], [13, 17, 14, 16], [15, 20, 16, 21], [17, 23, 18, 22], [19, 5, 20, 4], [21, 14, 22, 15], [23, 6, 24, 7], [1, 9, 2, 8], [3, 19, 4, 18], [5, 12, 6, 13], [7, 11, 8, 10]]"
12a_0017_134,"[[7, 11, 8, 10], [9, 3, 10, 2], [11, 24, 12, 1], [13, 17, 14, 16], [15, 20, 16, 21], [17, 23, 18, 22], [19, 5, 20, 4], [21, 14, 22, 15], [23, 6, 24, 7], [1, 9, 2, 8], [3, 19, 4, 18], [5, 12, 6, 13]]"
12a_0017_135,"[[5, 12, 6, 13], [7, 11, 8, 10], [9, 3, 10, 2], [11, 24, 12, 1], [13, 17, 14, 16], [15, 20, 16, 21], [17, 23, 18, 22], [19, 5, 20, 4], [21, 14, 22, 15], [23, 6, 24, 7], [1, 9, 2, 8], [3, 19, 4, 18]]"
12a_0017_136,"[[3, 19, 4, 18], [5, 12, 6, 13], [7, 11, 8, 10], [9, 3, 10, 2], [11, 24, 12, 1], [13, 17, 14, 16], [15, 20, 16, 21], [17, 23, 18, 22], [19, 5, 20, 4], [21, 14, 22, 15], [23, 6, 24, 7], [1, 9, 2, 8]]"
12a_0017_137,"[[1, 9, 2, 8], [3, 19, 4, 18], [5, 12, 6, 13], [7, 11, 8, 10], [9, 3, 10, 2], [11, 24, 12, 1], [13, 17, 14, 16], [15, 20, 16, 21], [17, 23, 18, 22], [19, 5, 20, 4], [21, 14, 22, 15], [23, 6, 24, 7]]"
12a_0017_138,"[[23, 6, 24, 7], [1, 9, 2, 8], [3, 19, 4, 18], [5, 12, 6, 13], [7, 11, 8, 10], [9, 3, 10, 2], [11, 24, 12, 1], [13, 17, 14, 16], [15, 20, 16, 21], [17, 23, 18, 22], [19, 5, 20, 4], [21, 14, 22, 15]]"
12a_0017_139,"[[21, 14, 22, 15], [23, 6, 24, 7], [1, 9, 2, 8], [3, 19, 4, 18], [5, 12, 6, 13], [7, 11, 8, 10], [9, 3, 10, 2], [11, 24, 12, 1], [13, 17, 14, 16], [15, 20, 16, 21], [17, 23, 18, 22], [19, 5, 20, 4]]"
12a_0017_140,"[[19, 5, 20, 4], [21, 14, 22, 15], [23, 6, 24, 7], [1, 9, 2, 8], [3, 19, 4, 18], [5, 12, 6, 13], [7, 11, 8, 10], [9, 3, 10, 2], [11, 24, 12, 1], [13, 17, 14, 16], [15, 20, 16, 21], [17, 23, 18, 22]]"
12a_0017_141,"[[17, 23, 18, 22], [19, 5, 20, 4], [21, 14, 22, 15], [23, 6, 24, 7], [1, 9, 2, 8], [3, 19, 4, 18], [5, 12, 6, 13], [7, 11, 8, 10], [9, 3, 10, 2], [11, 24, 12, 1], [13, 17, 14, 16], [15, 20, 16, 21]]"
12a_0017_142,"[[15, 20, 16, 21], [17, 23, 18, 22], [19, 5, 20, 4], [21, 14, 22, 15], [23, 6, 24, 7], [1, 9, 2, 8], [3, 19, 4, 18], [5, 12, 6, 13], [7, 11, 8, 10], [9, 3, 10, 2], [11, 24, 12, 1], [13, 17, 14, 16]]"
12a_0017_143,"[[13, 17, 14, 16], [15, 20, 16, 21], [17, 23, 18, 22], [19, 5, 20, 4], [21, 14, 22, 15], [23, 6, 24, 7], [1, 9, 2, 8], [3, 19, 4, 18], [5, 12, 6, 13], [7, 11, 8, 10], [9, 3, 10, 2], [11, 24, 12, 1]]"
12a_0017_144,"[[12, 1, 13, 2], [14, 18, 15, 17], [16, 21, 17, 22], [18, 24, 19, 23], [20, 6, 21, 5], [22, 15, 23, 16], [24, 7, 1, 8], [2, 10, 3, 9], [4, 20, 5, 19], [6, 13, 7, 14], [8, 12, 9, 11], [10, 4, 11, 3]]"
12a_0017_145,"[[10, 4, 11, 3], [12, 1, 13, 2], [14, 18, 15, 17], [16, 21, 17, 22], [18, 24, 19, 23], [20, 6, 21, 5], [22, 15, 23, 16], [24, 7, 1, 8], [2, 10, 3, 9], [4, 20, 5, 19], [6, 13, 7, 14], [8, 12, 9, 11]]"
12a_0017_146,"[[8, 12, 9, 11], [10, 4, 11, 3], [12, 1, 13, 2], [14, 18, 15, 17], [16, 21, 17, 22], [18, 24, 19, 23], [20, 6, 21, 5], [22, 15, 23, 16], [24, 7, 1, 8], [2, 10, 3, 9], [4, 20, 5, 19], [6, 13, 7, 14]]"
12a_0017_147,"[[6, 13, 7, 14], [8, 12, 9, 11], [10, 4, 11, 3], [12, 1, 13, 2], [14, 18, 15, 17], [16, 21, 17, 22], [18, 24, 19, 23], [20, 6, 21, 5], [22, 15, 23, 16], [24, 7, 1, 8], [2, 10, 3, 9], [4, 20, 5, 19]]"
12a_0017_148,"[[4, 20, 5, 19], [6, 13, 7, 14], [8, 12, 9, 11], [10, 4, 11, 3], [12, 1, 13, 2], [14, 18, 15, 17], [16, 21, 17, 22], [18, 24, 19, 23], [20, 6, 21, 5], [22, 15, 23, 16], [24, 7, 1, 8], [2, 10, 3, 9]]"
12a_0017_149,"[[2, 10, 3, 9], [4, 20, 5, 19], [6, 13, 7, 14], [8, 12, 9, 11], [10, 4, 11, 3], [12, 1, 13, 2], [14, 18, 15, 17], [16, 21, 17, 22], [18, 24, 19, 23], [20, 6, 21, 5], [22, 15, 23, 16], [24, 7, 1, 8]]"
12a_0017_150,"[[24, 7, 1, 8], [2, 10, 3, 9], [4, 20, 5, 19], [6, 13, 7, 14], [8, 12, 9, 11], [10, 4, 11, 3], [12, 1, 13, 2], [14, 18, 15, 17], [16, 21, 17, 22], [18, 24, 19, 23], [20, 6, 21, 5], [22, 15, 23, 16]]"
12a_0017_151,"[[22, 15, 23, 16], [24, 7, 1, 8], [2, 10, 3, 9], [4, 20, 5, 19], [6, 13, 7, 14], [8, 12, 9, 11], [10, 4, 11, 3], [12, 1, 13, 2], [14, 18, 15, 17], [16, 21, 17, 22], [18, 24, 19, 23], [20, 6, 21, 5]]"
12a_0017_152,"[[20, 6, 21, 5], [22, 15, 23, 16], [24, 7, 1, 8], [2, 10, 3, 9], [4, 20, 5, 19], [6, 13, 7, 14], [8, 12, 9, 11], [10, 4, 11, 3], [12, 1, 13, 2], [14, 18, 15, 17], [16, 21, 17, 22], [18, 24, 19, 23]]"
12a_0017_153,"[[18, 24, 19, 23], [20, 6, 21, 5], [22, 15, 23, 16], [24, 7, 1, 8], [2, 10, 3, 9], [4, 20, 5, 19], [6, 13, 7, 14], [8, 12, 9, 11], [10, 4, 11, 3], [12, 1, 13, 2], [14, 18, 15, 17], [16, 21, 17, 22]]"
12a_0017_154,"[[16, 21, 17, 22], [18, 24, 19, 23], [20, 6, 21, 5], [22, 15, 23, 16], [24, 7, 1, 8], [2, 10, 3, 9], [4, 20, 5, 19], [6, 13, 7, 14], [8, 12, 9, 11], [10, 4, 11, 3], [12, 1, 13, 2], [14, 18, 15, 17]]"
12a_0017_155,"[[14, 18, 15, 17], [16, 21, 17, 22], [18, 24, 19, 23], [20, 6, 21, 5], [22, 15, 23, 16], [24, 7, 1, 8], [2, 10, 3, 9], [4, 20, 5, 19], [6, 13, 7, 14], [8, 12, 9, 11], [10, 4, 11, 3], [12, 1, 13, 2]]"
12a_0017_156,"[[13, 2, 14, 3], [15, 19, 16, 18], [17, 22, 18, 23], [19, 1, 20, 24], [21, 7, 22, 6], [23, 16, 24, 17], [1, 8, 2, 9], [3, 11, 4, 10], [5, 21, 6, 20], [7, 14, 8, 15], [9, 13, 10, 12], [11, 5, 12, 4]]"
12a_0017_157,"[[11, 5, 12, 4], [13, 2, 14, 3], [15, 19, 16, 18], [17, 22, 18, 23], [19, 1, 20, 24], [21, 7, 22, 6], [23, 16, 24, 17], [1, 8, 2, 9], [3, 11, 4, 10], [5, 21, 6, 20], [7, 14, 8, 15], [9, 13, 10, 12]]"
12a_0017_158,"[[9, 13, 10, 12], [11, 5, 12, 4], [13, 2, 14, 3], [15, 19, 16, 18], [17, 22, 18, 23], [19, 1, 20, 24], [21, 7, 22, 6], [23, 16, 24, 17], [1, 8, 2, 9], [3, 11, 4, 10], [5, 21, 6, 20], [7, 14, 8, 15]]"
12a_0017_159,"[[7, 14, 8, 15], [9, 13, 10, 12], [11, 5, 12, 4], [13, 2, 14, 3], [15, 19, 16, 18], [17, 22, 18, 23], [19, 1, 20, 24], [21, 7, 22, 6], [23, 16, 24, 17], [1, 8, 2, 9], [3, 11, 4, 10], [5, 21, 6, 20]]"
12a_0017_160,"[[5, 21, 6, 20], [7, 14, 8, 15], [9, 13, 10, 12], [11, 5, 12, 4], [13, 2, 14, 3], [15, 19, 16, 18], [17, 22, 18, 23], [19, 1, 20, 24], [21, 7, 22, 6], [23, 16, 24, 17], [1, 8, 2, 9], [3, 11, 4, 10]]"
12a_0017_161,"[[3, 11, 4, 10], [5, 21, 6, 20], [7, 14, 8, 15], [9, 13, 10, 12], [11, 5, 12, 4], [13, 2, 14, 3], [15, 19, 16, 18], [17, 22, 18, 23], [19, 1, 20, 24], [21, 7, 22, 6], [23, 16, 24, 17], [1, 8, 2, 9]]"
12a_0017_162,"[[1, 8, 2, 9], [3, 11, 4, 10], [5, 21, 6, 20], [7, 14, 8, 15], [9, 13, 10, 12], [11, 5, 12, 4], [13, 2, 14, 3], [15, 19, 16, 18], [17, 22, 18, 23], [19, 1, 20, 24], [21, 7, 22, 6], [23, 16, 24, 17]]"
12a_0017_163,"[[23, 16, 24, 17], [1, 8, 2, 9], [3, 11, 4, 10], [5, 21, 6, 20], [7, 14, 8, 15], [9, 13, 10, 12], [11, 5, 12, 4], [13, 2, 14, 3], [15, 19, 16, 18], [17, 22, 18, 23], [19, 1, 20, 24], [21, 7, 22, 6]]"
12a_0017_164,"[[21, 7, 22, 6], [23, 16, 24, 17], [1, 8, 2, 9], [3, 11, 4, 10], [5, 21, 6, 20], [7, 14, 8, 15], [9, 13, 10, 12], [11, 5, 12, 4], [13, 2, 14, 3], [15, 19, 16, 18], [17, 22, 18, 23], [19, 1, 20, 24]]"
12a_0017_165,"[[19, 1, 20, 24], [21, 7, 22, 6], [23, 16, 24, 17], [1, 8, 2, 9], [3, 11, 4, 10], [5, 21, 6, 20], [7, 14, 8, 15], [9, 13, 10, 12], [11, 5, 12, 4], [13, 2, 14, 3], [15, 19, 16, 18], [17, 22, 18, 23]]"
12a_0017_166,"[[17, 22, 18, 23], [19, 1, 20, 24], [21, 7, 22, 6], [23, 16, 24, 17], [1, 8, 2, 9], [3, 11, 4, 10], [5, 21, 6, 20], [7, 14, 8, 15], [9, 13, 10, 12], [11, 5, 12, 4], [13, 2, 14, 3], [15, 19, 16, 18]]"
12a_0017_167,"[[15, 19, 16, 18], [17, 22, 18, 23], [19, 1, 20, 24], [21, 7, 22, 6], [23, 16, 24, 17], [1, 8, 2, 9], [3, 11, 4, 10], [5, 21, 6, 20], [7, 14, 8, 15], [9, 13, 10, 12], [11, 5, 12, 4], [13, 2, 14, 3]]"
12a_0017_168,"[[14, 3, 15, 4], [16, 20, 17, 19], [18, 23, 19, 24], [20, 2, 21, 1], [22, 8, 23, 7], [24, 17, 1, 18], [2, 9, 3, 10], [4, 12, 5, 11], [6, 22, 7, 21], [8, 15, 9, 16], [10, 14, 11, 13], [12, 6, 13, 5]]"
12a_0017_169,"[[12, 6, 13, 5], [14, 3, 15, 4], [16, 20, 17, 19], [18, 23, 19, 24], [20, 2, 21, 1], [22, 8, 23, 7], [24, 17, 1, 18], [2, 9, 3, 10], [4, 12, 5, 11], [6, 22, 7, 21], [8, 15, 9, 16], [10, 14, 11, 13]]"
12a_0017_170,"[[10, 14, 11, 13], [12, 6, 13, 5], [14, 3, 15, 4], [16, 20, 17, 19], [18, 23, 19, 24], [20, 2, 21, 1], [22, 8, 23, 7], [24, 17, 1, 18], [2, 9, 3, 10], [4, 12, 5, 11], [6, 22, 7, 21], [8, 15, 9, 16]]"
12a_0017_171,"[[8, 15, 9, 16], [10, 14, 11, 13], [12, 6, 13, 5], [14, 3, 15, 4], [16, 20, 17, 19], [18, 23, 19, 24], [20, 2, 21, 1], [22, 8, 23, 7], [24, 17, 1, 18], [2, 9, 3, 10], [4, 12, 5, 11], [6, 22, 7, 21]]"
12a_0017_172,"[[6, 22, 7, 21], [8, 15, 9, 16], [10, 14, 11, 13], [12, 6, 13, 5], [14, 3, 15, 4], [16, 20, 17, 19], [18, 23, 19, 24], [20, 2, 21, 1], [22, 8, 23, 7], [24, 17, 1, 18], [2, 9, 3, 10], [4, 12, 5, 11]]"
12a_0017_173,"[[4, 12, 5, 11], [6, 22, 7, 21], [8, 15, 9, 16], [10, 14, 11, 13], [12, 6, 13, 5], [14, 3, 15, 4], [16, 20, 17, 19], [18, 23, 19, 24], [20, 2, 21, 1], [22, 8, 23, 7], [24, 17, 1, 18], [2, 9, 3, 10]]"
12a_0017_174,"[[2, 9, 3, 10], [4, 12, 5, 11], [6, 22, 7, 21], [8, 15, 9, 16], [10, 14, 11, 13], [12, 6, 13, 5], [14, 3, 15, 4], [16, 20, 17, 19], [18, 23, 19, 24], [20, 2, 21, 1], [22, 8, 23, 7], [24, 17, 1, 18]]"
12a_0017_175,"[[24, 17, 1, 18], [2, 9, 3, 10], [4, 12, 5, 11], [6, 22, 7, 21], [8, 15, 9, 16], [10, 14, 11, 13], [12, 6, 13, 5], [14, 3, 15, 4], [16, 20, 17, 19], [18, 23, 19, 24], [20, 2, 21, 1], [22, 8, 23, 7]]"
12a_0017_176,"[[22, 8, 23, 7], [24, 17, 1, 18], [2, 9, 3, 10], [4, 12, 5, 11], [6, 22, 7, 21], [8, 15, 9, 16], [10, 14, 11, 13], [12, 6, 13, 5], [14, 3, 15, 4], [16, 20, 17, 19], [18, 23, 19, 24], [20, 2, 21, 1]]"
12a_0017_177,"[[20, 2, 21, 1], [22, 8, 23, 7], [24, 17, 1, 18], [2, 9, 3, 10], [4, 12, 5, 11], [6, 22, 7, 21], [8, 15, 9, 16], [10, 14, 11, 13], [12, 6, 13, 5], [14, 3, 15, 4], [16, 20, 17, 19], [18, 23, 19, 24]]"
12a_0017_178,"[[18, 23, 19, 24], [20, 2, 21, 1], [22, 8, 23, 7], [24, 17, 1, 18], [2, 9, 3, 10], [4, 12, 5, 11], [6, 22, 7, 21], [8, 15, 9, 16], [10, 14, 11, 13], [12, 6, 13, 5], [14, 3, 15, 4], [16, 20, 17, 19]]"
12a_0017_179,"[[16, 20, 17, 19], [18, 23, 19, 24], [20, 2, 21, 1], [22, 8, 23, 7], [24, 17, 1, 18], [2, 9, 3, 10], [4, 12, 5, 11], [6, 22, 7, 21], [8, 15, 9, 16], [10, 14, 11, 13], [12, 6, 13, 5], [14, 3, 15, 4]]"
12a_0017_180,"[[15, 4, 16, 5], [17, 21, 18, 20], [19, 24, 20, 1], [21, 3, 22, 2], [23, 9, 24, 8], [1, 18, 2, 19], [3, 10, 4, 11], [5, 13, 6, 12], [7, 23, 8, 22], [9, 16, 10, 17], [11, 15, 12, 14], [13, 7, 14, 6]]"
12a_0017_181,"[[13, 7, 14, 6], [15, 4, 16, 5], [17, 21, 18, 20], [19, 24, 20, 1], [21, 3, 22, 2], [23, 9, 24, 8], [1, 18, 2, 19], [3, 10, 4, 11], [5, 13, 6, 12], [7, 23, 8, 22], [9, 16, 10, 17], [11, 15, 12, 14]]"
12a_0017_182,"[[11, 15, 12, 14], [13, 7, 14, 6], [15, 4, 16, 5], [17, 21, 18, 20], [19, 24, 20, 1], [21, 3, 22, 2], [23, 9, 24, 8], [1, 18, 2, 19], [3, 10, 4, 11], [5, 13, 6, 12], [7, 23, 8, 22], [9, 16, 10, 17]]"
12a_0017_183,"[[9, 16, 10, 17], [11, 15, 12, 14], [13, 7, 14, 6], [15, 4, 16, 5], [17, 21, 18, 20], [19, 24, 20, 1], [21, 3, 22, 2], [23, 9, 24, 8], [1, 18, 2, 19], [3, 10, 4, 11], [5, 13, 6, 12], [7, 23, 8, 22]]"
12a_0017_184,"[[7, 23, 8, 22], [9, 16, 10, 17], [11, 15, 12, 14], [13, 7, 14, 6], [15, 4, 16, 5], [17, 21, 18, 20], [19, 24, 20, 1], [21, 3, 22, 2], [23, 9, 24, 8], [1, 18, 2, 19], [3, 10, 4, 11], [5, 13, 6, 12]]"
12a_0017_185,"[[5, 13, 6, 12], [7, 23, 8, 22], [9, 16, 10, 17], [11, 15, 12, 14], [13, 7, 14, 6], [15, 4, 16, 5], [17, 21, 18, 20], [19, 24, 20, 1], [21, 3, 22, 2], [23, 9, 24, 8], [1, 18, 2, 19], [3, 10, 4, 11]]"
