name,pd_notation
12a_1170_0,"[[24, 15, 1, 16], [2, 8, 3, 7], [4, 20, 5, 19], [6, 14, 7, 13], [8, 17, 9, 18], [10, 21, 11, 22], [12, 6, 13, 5], [14, 1, 15, 2], [16, 23, 17, 24], [18, 4, 19, 3], [20, 9, 21, 10], [22, 11, 23, 12]]"
12a_1170_1,"[[22, 11, 23, 12], [24, 15, 1, 16], [2, 8, 3, 7], [4, 20, 5, 19], [6, 14, 7, 13], [8, 17, 9, 18], [10, 21, 11, 22], [12, 6, 13, 5], [14, 1, 15, 2], [16, 23, 17, 24], [18, 4, 19, 3], [20, 9, 21, 10]]"
12a_1170_2,"[[20, 9, 21, 10], [22, 11, 23, 12], [24, 15, 1, 16], [2, 8, 3, 7], [4, 20, 5, 19], [6, 14, 7, 13], [8, 17, 9, 18], [10, 21, 11, 22], [12, 6, 13, 5], [14, 1, 15, 2], [16, 23, 17, 24], [18, 4, 19, 3]]"
12a_1170_3,"[[18, 4, 19, 3], [20, 9, 21, 10], [22, 11, 23, 12], [24, 15, 1, 16], [2, 8, 3, 7], [4, 20, 5, 19], [6, 14, 7, 13], [8, 17, 9, 18], [10, 21, 11, 22], [12, 6, 13, 5], [14, 1, 15, 2], [16, 23, 17, 24]]"
12a_1170_4,"[[16, 23, 17, 24], [18, 4, 19, 3], [20, 9, 21, 10], [22, 11, 23, 12], [24, 15, 1, 16], [2, 8, 3, 7], [4, 20, 5, 19], [6, 14, 7, 13], [8, 17, 9, 18], [10, 21, 11, 22], [12, 6, 13, 5], [14, 1, 15, 2]]"
12a_1170_5,"[[14, 1, 15, 2], [16, 23, 17, 24], [18, 4, 19, 3], [20, 9, 21, 10], [22, 11, 23, 12], [24, 15, 1, 16], [2, 8, 3, 7], [4, 20, 5, 19], [6, 14, 7, 13], [8, 17, 9, 18], [10, 21, 11, 22], [12, 6, 13, 5]]"
12a_1170_6,"[[12, 6, 13, 5], [14, 1, 15, 2], [16, 23, 17, 24], [18, 4, 19, 3], [20, 9, 21, 10], [22, 11, 23, 12], [24, 15, 1, 16], [2, 8, 3, 7], [4, 20, 5, 19], [6, 14, 7, 13], [8, 17, 9, 18], [10, 21, 11, 22]]"
12a_1170_7,"[[10, 21, 11, 22], [12, 6, 13, 5], [14, 1, 15, 2], [16, 23, 17, 24], [18, 4, 19, 3], [20, 9, 21, 10], [22, 11, 23, 12], [24, 15, 1, 16], [2, 8, 3, 7], [4, 20, 5, 19], [6, 14, 7, 13], [8, 17, 9, 18]]"
12a_1170_8,"[[8, 17, 9, 18], [10, 21, 11, 22], [12, 6, 13, 5], [14, 1, 15, 2], [16, 23, 17, 24], [18, 4, 19, 3], [20, 9, 21, 10], [22, 11, 23, 12], [24, 15, 1, 16], [2, 8, 3, 7], [4, 20, 5, 19], [6, 14, 7, 13]]"
12a_1170_9,"[[6, 14, 7, 13], [8, 17, 9, 18], [10, 21, 11, 22], [12, 6, 13, 5], [14, 1, 15, 2], [16, 23, 17, 24], [18, 4, 19, 3], [20, 9, 21, 10], [22, 11, 23, 12], [24, 15, 1, 16], [2, 8, 3, 7], [4, 20, 5, 19]]"
12a_1170_10,"[[4, 20, 5, 19], [6, 14, 7, 13], [8, 17, 9, 18], [10, 21, 11, 22], [12, 6, 13, 5], [14, 1, 15, 2], [16, 23, 17, 24], [18, 4, 19, 3], [20, 9, 21, 10], [22, 11, 23, 12], [24, 15, 1, 16], [2, 8, 3, 7]]"
12a_1170_11,"[[2, 8, 3, 7], [4, 20, 5, 19], [6, 14, 7, 13], [8, 17, 9, 18], [10, 21, 11, 22], [12, 6, 13, 5], [14, 1, 15, 2], [16, 23, 17, 24], [18, 4, 19, 3], [20, 9, 21, 10], [22, 11, 23, 12], [24, 15, 1, 16]]"
12a_1170_12,"[[1, 16, 2, 17], [3, 9, 4, 8], [5, 21, 6, 20], [7, 15, 8, 14], [9, 18, 10, 19], [11, 22, 12, 23], [13, 7, 14, 6], [15, 2, 16, 3], [17, 24, 18, 1], [19, 5, 20, 4], [21, 10, 22, 11], [23, 12, 24, 13]]"
12a_1170_13,"[[23, 12, 24, 13], [1, 16, 2, 17], [3, 9, 4, 8], [5, 21, 6, 20], [7, 15, 8, 14], [9, 18, 10, 19], [11, 22, 12, 23], [13, 7, 14, 6], [15, 2, 16, 3], [17, 24, 18, 1], [19, 5, 20, 4], [21, 10, 22, 11]]"
12a_1170_14,"[[21, 10, 22, 11], [23, 12, 24, 13], [1, 16, 2, 17], [3, 9, 4, 8], [5, 21, 6, 20], [7, 15, 8, 14], [9, 18, 10, 19], [11, 22, 12, 23], [13, 7, 14, 6], [15, 2, 16, 3], [17, 24, 18, 1], [19, 5, 20, 4]]"
12a_1170_15,"[[19, 5, 20, 4], [21, 10, 22, 11], [23, 12, 24, 13], [1, 16, 2, 17], [3, 9, 4, 8], [5, 21, 6, 20], [7, 15, 8, 14], [9, 18, 10, 19], [11, 22, 12, 23], [13, 7, 14, 6], [15, 2, 16, 3], [17, 24, 18, 1]]"
12a_1170_16,"[[17, 24, 18, 1], [19, 5, 20, 4], [21, 10, 22, 11], [23, 12, 24, 13], [1, 16, 2, 17], [3, 9, 4, 8], [5, 21, 6, 20], [7, 15, 8, 14], [9, 18, 10, 19], [11, 22, 12, 23], [13, 7, 14, 6], [15, 2, 16, 3]]"
12a_1170_17,"[[15, 2, 16, 3], [17, 24, 18, 1], [19, 5, 20, 4], [21, 10, 22, 11], [23, 12, 24, 13], [1, 16, 2, 17], [3, 9, 4, 8], [5, 21, 6, 20], [7, 15, 8, 14], [9, 18, 10, 19], [11, 22, 12, 23], [13, 7, 14, 6]]"
12a_1170_18,"[[13, 7, 14, 6], [15, 2, 16, 3], [17, 24, 18, 1], [19, 5, 20, 4], [21, 10, 22, 11], [23, 12, 24, 13], [1, 16, 2, 17], [3, 9, 4, 8], [5, 21, 6, 20], [7, 15, 8, 14], [9, 18, 10, 19], [11, 22, 12, 23]]"
12a_1170_19,"[[11, 22, 12, 23], [13, 7, 14, 6], [15, 2, 16, 3], [17, 24, 18, 1], [19, 5, 20, 4], [21, 10, 22, 11], [23, 12, 24, 13], [1, 16, 2, 17], [3, 9, 4, 8], [5, 21, 6, 20], [7, 15, 8, 14], [9, 18, 10, 19]]"
12a_1170_20,"[[9, 18, 10, 19], [11, 22, 12, 23], [13, 7, 14, 6], [15, 2, 16, 3], [17, 24, 18, 1], [19, 5, 20, 4], [21, 10, 22, 11], [23, 12, 24, 13], [1, 16, 2, 17], [3, 9, 4, 8], [5, 21, 6, 20], [7, 15, 8, 14]]"
12a_1170_21,"[[7, 15, 8, 14], [9, 18, 10, 19], [11, 22, 12, 23], [13, 7, 14, 6], [15, 2, 16, 3], [17, 24, 18, 1], [19, 5, 20, 4], [21, 10, 22, 11], [23, 12, 24, 13], [1, 16, 2, 17], [3, 9, 4, 8], [5, 21, 6, 20]]"
12a_1170_22,"[[5, 21, 6, 20], [7, 15, 8, 14], [9, 18, 10, 19], [11, 22, 12, 23], [13, 7, 14, 6], [15, 2, 16, 3], [17, 24, 18, 1], [19, 5, 20, 4], [21, 10, 22, 11], [23, 12, 24, 13], [1, 16, 2, 17], [3, 9, 4, 8]]"
12a_1170_23,"[[3, 9, 4, 8], [5, 21, 6, 20], [7, 15, 8, 14], [9, 18, 10, 19], [11, 22, 12, 23], [13, 7, 14, 6], [15, 2, 16, 3], [17, 24, 18, 1], [19, 5, 20, 4], [21, 10, 22, 11], [23, 12, 24, 13], [1, 16, 2, 17]]"
12a_1170_24,"[[2, 17, 3, 18], [4, 10, 5, 9], [6, 22, 7, 21], [8, 16, 9, 15], [10, 19, 11, 20], [12, 23, 13, 24], [14, 8, 15, 7], [16, 3, 17, 4], [18, 1, 19, 2], [20, 6, 21, 5], [22, 11, 23, 12], [24, 13, 1, 14]]"
12a_1170_25,"[[24, 13, 1, 14], [2, 17, 3, 18], [4, 10, 5, 9], [6, 22, 7, 21], [8, 16, 9, 15], [10, 19, 11, 20], [12, 23, 13, 24], [14, 8, 15, 7], [16, 3, 17, 4], [18, 1, 19, 2], [20, 6, 21, 5], [22, 11, 23, 12]]"
12a_1170_26,"[[22, 11, 23, 12], [24, 13, 1, 14], [2, 17, 3, 18], [4, 10, 5, 9], [6, 22, 7, 21], [8, 16, 9, 15], [10, 19, 11, 20], [12, 23, 13, 24], [14, 8, 15, 7], [16, 3, 17, 4], [18, 1, 19, 2], [20, 6, 21, 5]]"
12a_1170_27,"[[20, 6, 21, 5], [22, 11, 23, 12], [24, 13, 1, 14], [2, 17, 3, 18], [4, 10, 5, 9], [6, 22, 7, 21], [8, 16, 9, 15], [10, 19, 11, 20], [12, 23, 13, 24], [14, 8, 15, 7], [16, 3, 17, 4], [18, 1, 19, 2]]"
12a_1170_28,"[[18, 1, 19, 2], [20, 6, 21, 5], [22, 11, 23, 12], [24, 13, 1, 14], [2, 17, 3, 18], [4, 10, 5, 9], [6, 22, 7, 21], [8, 16, 9, 15], [10, 19, 11, 20], [12, 23, 13, 24], [14, 8, 15, 7], [16, 3, 17, 4]]"
12a_1170_29,"[[16, 3, 17, 4], [18, 1, 19, 2], [20, 6, 21, 5], [22, 11, 23, 12], [24, 13, 1, 14], [2, 17, 3, 18], [4, 10, 5, 9], [6, 22, 7, 21], [8, 16, 9, 15], [10, 19, 11, 20], [12, 23, 13, 24], [14, 8, 15, 7]]"
12a_1170_30,"[[14, 8, 15, 7], [16, 3, 17, 4], [18, 1, 19, 2], [20, 6, 21, 5], [22, 11, 23, 12], [24, 13, 1, 14], [2, 17, 3, 18], [4, 10, 5, 9], [6, 22, 7, 21], [8, 16, 9, 15], [10, 19, 11, 20], [12, 23, 13, 24]]"
12a_1170_31,"[[12, 23, 13, 24], [14, 8, 15, 7], [16, 3, 17, 4], [18, 1, 19, 2], [20, 6, 21, 5], [22, 11, 23, 12], [24, 13, 1, 14], [2, 17, 3, 18], [4, 10, 5, 9], [6, 22, 7, 21], [8, 16, 9, 15], [10, 19, 11, 20]]"
12a_1170_32,"[[10, 19, 11, 20], [12, 23, 13, 24], [14, 8, 15, 7], [16, 3, 17, 4], [18, 1, 19, 2], [20, 6, 21, 5], [22, 11, 23, 12], [24, 13, 1, 14], [2, 17, 3, 18], [4, 10, 5, 9], [6, 22, 7, 21], [8, 16, 9, 15]]"
12a_1170_33,"[[8, 16, 9, 15], [10, 19, 11, 20], [12, 23, 13, 24], [14, 8, 15, 7], [16, 3, 17, 4], [18, 1, 19, 2], [20, 6, 21, 5], [22, 11, 23, 12], [24, 13, 1, 14], [2, 17, 3, 18], [4, 10, 5, 9], [6, 22, 7, 21]]"
12a_1170_34,"[[6, 22, 7, 21], [8, 16, 9, 15], [10, 19, 11, 20], [12, 23, 13, 24], [14, 8, 15, 7], [16, 3, 17, 4], [18, 1, 19, 2], [20, 6, 21, 5], [22, 11, 23, 12], [24, 13, 1, 14], [2, 17, 3, 18], [4, 10, 5, 9]]"
12a_1170_35,"[[4, 10, 5, 9], [6, 22, 7, 21], [8, 16, 9, 15], [10, 19, 11, 20], [12, 23, 13, 24], [14, 8, 15, 7], [16, 3, 17, 4], [18, 1, 19, 2], [20, 6, 21, 5], [22, 11, 23, 12], [24, 13, 1, 14], [2, 17, 3, 18]]"
12a_1170_36,"[[3, 18, 4, 19], [5, 11, 6, 10], [7, 23, 8, 22], [9, 17, 10, 16], [11, 20, 12, 21], [13, 24, 14, 1], [15, 9, 16, 8], [17, 4, 18, 5], [19, 2, 20, 3], [21, 7, 22, 6], [23, 12, 24, 13], [1, 14, 2, 15]]"
12a_1170_37,"[[1, 14, 2, 15], [3, 18, 4, 19], [5, 11, 6, 10], [7, 23, 8, 22], [9, 17, 10, 16], [11, 20, 12, 21], [13, 24, 14, 1], [15, 9, 16, 8], [17, 4, 18, 5], [19, 2, 20, 3], [21, 7, 22, 6], [23, 12, 24, 13]]"
12a_1170_38,"[[23, 12, 24, 13], [1, 14, 2, 15], [3, 18, 4, 19], [5, 11, 6, 10], [7, 23, 8, 22], [9, 17, 10, 16], [11, 20, 12, 21], [13, 24, 14, 1], [15, 9, 16, 8], [17, 4, 18, 5], [19, 2, 20, 3], [21, 7, 22, 6]]"
12a_1170_39,"[[21, 7, 22, 6], [23, 12, 24, 13], [1, 14, 2, 15], [3, 18, 4, 19], [5, 11, 6, 10], [7, 23, 8, 22], [9, 17, 10, 16], [11, 20, 12, 21], [13, 24, 14, 1], [15, 9, 16, 8], [17, 4, 18, 5], [19, 2, 20, 3]]"
12a_1170_40,"[[19, 2, 20, 3], [21, 7, 22, 6], [23, 12, 24, 13], [1, 14, 2, 15], [3, 18, 4, 19], [5, 11, 6, 10], [7, 23, 8, 22], [9, 17, 10, 16], [11, 20, 12, 21], [13, 24, 14, 1], [15, 9, 16, 8], [17, 4, 18, 5]]"
12a_1170_41,"[[17, 4, 18, 5], [19, 2, 20, 3], [21, 7, 22, 6], [23, 12, 24, 13], [1, 14, 2, 15], [3, 18, 4, 19], [5, 11, 6, 10], [7, 23, 8, 22], [9, 17, 10, 16], [11, 20, 12, 21], [13, 24, 14, 1], [15, 9, 16, 8]]"
12a_1170_42,"[[15, 9, 16, 8], [17, 4, 18, 5], [19, 2, 20, 3], [21, 7, 22, 6], [23, 12, 24, 13], [1, 14, 2, 15], [3, 18, 4, 19], [5, 11, 6, 10], [7, 23, 8, 22], [9, 17, 10, 16], [11, 20, 12, 21], [13, 24, 14, 1]]"
12a_1170_43,"[[13, 24, 14, 1], [15, 9, 16, 8], [17, 4, 18, 5], [19, 2, 20, 3], [21, 7, 22, 6], [23, 12, 24, 13], [1, 14, 2, 15], [3, 18, 4, 19], [5, 11, 6, 10], [7, 23, 8, 22], [9, 17, 10, 16], [11, 20, 12, 21]]"
12a_1170_44,"[[11, 20, 12, 21], [13, 24, 14, 1], [15, 9, 16, 8], [17, 4, 18, 5], [19, 2, 20, 3], [21, 7, 22, 6], [23, 12, 24, 13], [1, 14, 2, 15], [3, 18, 4, 19], [5, 11, 6, 10], [7, 23, 8, 22], [9, 17, 10, 16]]"
12a_1170_45,"[[9, 17, 10, 16], [11, 20, 12, 21], [13, 24, 14, 1], [15, 9, 16, 8], [17, 4, 18, 5], [19, 2, 20, 3], [21, 7, 22, 6], [23, 12, 24, 13], [1, 14, 2, 15], [3, 18, 4, 19], [5, 11, 6, 10], [7, 23, 8, 22]]"
12a_1170_46,"[[7, 23, 8, 22], [9, 17, 10, 16], [11, 20, 12, 21], [13, 24, 14, 1], [15, 9, 16, 8], [17, 4, 18, 5], [19, 2, 20, 3], [21, 7, 22, 6], [23, 12, 24, 13], [1, 14, 2, 15], [3, 18, 4, 19], [5, 11, 6, 10]]"
12a_1170_47,"[[5, 11, 6, 10], [7, 23, 8, 22], [9, 17, 10, 16], [11, 20, 12, 21], [13, 24, 14, 1], [15, 9, 16, 8], [17, 4, 18, 5], [19, 2, 20, 3], [21, 7, 22, 6], [23, 12, 24, 13], [1, 14, 2, 15], [3, 18, 4, 19]]"
12a_1170_48,"[[4, 19, 5, 20], [6, 12, 7, 11], [8, 24, 9, 23], [10, 18, 11, 17], [12, 21, 13, 22], [14, 1, 15, 2], [16, 10, 17, 9], [18, 5, 19, 6], [20, 3, 21, 4], [22, 8, 23, 7], [24, 13, 1, 14], [2, 15, 3, 16]]"
12a_1170_49,"[[2, 15, 3, 16], [4, 19, 5, 20], [6, 12, 7, 11], [8, 24, 9, 23], [10, 18, 11, 17], [12, 21, 13, 22], [14, 1, 15, 2], [16, 10, 17, 9], [18, 5, 19, 6], [20, 3, 21, 4], [22, 8, 23, 7], [24, 13, 1, 14]]"
12a_1170_50,"[[24, 13, 1, 14], [2, 15, 3, 16], [4, 19, 5, 20], [6, 12, 7, 11], [8, 24, 9, 23], [10, 18, 11, 17], [12, 21, 13, 22], [14, 1, 15, 2], [16, 10, 17, 9], [18, 5, 19, 6], [20, 3, 21, 4], [22, 8, 23, 7]]"
12a_1170_51,"[[22, 8, 23, 7], [24, 13, 1, 14], [2, 15, 3, 16], [4, 19, 5, 20], [6, 12, 7, 11], [8, 24, 9, 23], [10, 18, 11, 17], [12, 21, 13, 22], [14, 1, 15, 2], [16, 10, 17, 9], [18, 5, 19, 6], [20, 3, 21, 4]]"
12a_1170_52,"[[20, 3, 21, 4], [22, 8, 23, 7], [24, 13, 1, 14], [2, 15, 3, 16], [4, 19, 5, 20], [6, 12, 7, 11], [8, 24, 9, 23], [10, 18, 11, 17], [12, 21, 13, 22], [14, 1, 15, 2], [16, 10, 17, 9], [18, 5, 19, 6]]"
12a_1170_53,"[[18, 5, 19, 6], [20, 3, 21, 4], [22, 8, 23, 7], [24, 13, 1, 14], [2, 15, 3, 16], [4, 19, 5, 20], [6, 12, 7, 11], [8, 24, 9, 23], [10, 18, 11, 17], [12, 21, 13, 22], [14, 1, 15, 2], [16, 10, 17, 9]]"
12a_1170_54,"[[16, 10, 17, 9], [18, 5, 19, 6], [20, 3, 21, 4], [22, 8, 23, 7], [24, 13, 1, 14], [2, 15, 3, 16], [4, 19, 5, 20], [6, 12, 7, 11], [8, 24, 9, 23], [10, 18, 11, 17], [12, 21, 13, 22], [14, 1, 15, 2]]"
12a_1170_55,"[[14, 1, 15, 2], [16, 10, 17, 9], [18, 5, 19, 6], [20, 3, 21, 4], [22, 8, 23, 7], [24, 13, 1, 14], [2, 15, 3, 16], [4, 19, 5, 20], [6, 12, 7, 11], [8, 24, 9, 23], [10, 18, 11, 17], [12, 21, 13, 22]]"
12a_1170_56,"[[12, 21, 13, 22], [14, 1, 15, 2], [16, 10, 17, 9], [18, 5, 19, 6], [20, 3, 21, 4], [22, 8, 23, 7], [24, 13, 1, 14], [2, 15, 3, 16], [4, 19, 5, 20], [6, 12, 7, 11], [8, 24, 9, 23], [10, 18, 11, 17]]"
12a_1170_57,"[[10, 18, 11, 17], [12, 21, 13, 22], [14, 1, 15, 2], [16, 10, 17, 9], [18, 5, 19, 6], [20, 3, 21, 4], [22, 8, 23, 7], [24, 13, 1, 14], [2, 15, 3, 16], [4, 19, 5, 20], [6, 12, 7, 11], [8, 24, 9, 23]]"
12a_1170_58,"[[8, 24, 9, 23], [10, 18, 11, 17], [12, 21, 13, 22], [14, 1, 15, 2], [16, 10, 17, 9], [18, 5, 19, 6], [20, 3, 21, 4], [22, 8, 23, 7], [24, 13, 1, 14], [2, 15, 3, 16], [4, 19, 5, 20], [6, 12, 7, 11]]"
12a_1170_59,"[[6, 12, 7, 11], [8, 24, 9, 23], [10, 18, 11, 17], [12, 21, 13, 22], [14, 1, 15, 2], [16, 10, 17, 9], [18, 5, 19, 6], [20, 3, 21, 4], [22, 8, 23, 7], [24, 13, 1, 14], [2, 15, 3, 16], [4, 19, 5, 20]]"
12a_1170_60,"[[5, 20, 6, 21], [7, 13, 8, 12], [9, 1, 10, 24], [11, 19, 12, 18], [13, 22, 14, 23], [15, 2, 16, 3], [17, 11, 18, 10], [19, 6, 20, 7], [21, 4, 22, 5], [23, 9, 24, 8], [1, 14, 2, 15], [3, 16, 4, 17]]"
12a_1170_61,"[[3, 16, 4, 17], [5, 20, 6, 21], [7, 13, 8, 12], [9, 1, 10, 24], [11, 19, 12, 18], [13, 22, 14, 23], [15, 2, 16, 3], [17, 11, 18, 10], [19, 6, 20, 7], [21, 4, 22, 5], [23, 9, 24, 8], [1, 14, 2, 15]]"
12a_1170_62,"[[1, 14, 2, 15], [3, 16, 4, 17], [5, 20, 6, 21], [7, 13, 8, 12], [9, 1, 10, 24], [11, 19, 12, 18], [13, 22, 14, 23], [15, 2, 16, 3], [17, 11, 18, 10], [19, 6, 20, 7], [21, 4, 22, 5], [23, 9, 24, 8]]"
12a_1170_63,"[[23, 9, 24, 8], [1, 14, 2, 15], [3, 16, 4, 17], [5, 20, 6, 21], [7, 13, 8, 12], [9, 1, 10, 24], [11, 19, 12, 18], [13, 22, 14, 23], [15, 2, 16, 3], [17, 11, 18, 10], [19, 6, 20, 7], [21, 4, 22, 5]]"
12a_1170_64,"[[21, 4, 22, 5], [23, 9, 24, 8], [1, 14, 2, 15], [3, 16, 4, 17], [5, 20, 6, 21], [7, 13, 8, 12], [9, 1, 10, 24], [11, 19, 12, 18], [13, 22, 14, 23], [15, 2, 16, 3], [17, 11, 18, 10], [19, 6, 20, 7]]"
12a_1170_65,"[[19, 6, 20, 7], [21, 4, 22, 5], [23, 9, 24, 8], [1, 14, 2, 15], [3, 16, 4, 17], [5, 20, 6, 21], [7, 13, 8, 12], [9, 1, 10, 24], [11, 19, 12, 18], [13, 22, 14, 23], [15, 2, 16, 3], [17, 11, 18, 10]]"
12a_1170_66,"[[17, 11, 18, 10], [19, 6, 20, 7], [21, 4, 22, 5], [23, 9, 24, 8], [1, 14, 2, 15], [3, 16, 4, 17], [5, 20, 6, 21], [7, 13, 8, 12], [9, 1, 10, 24], [11, 19, 12, 18], [13, 22, 14, 23], [15, 2, 16, 3]]"
12a_1170_67,"[[15, 2, 16, 3], [17, 11, 18, 10], [19, 6, 20, 7], [21, 4, 22, 5], [23, 9, 24, 8], [1, 14, 2, 15], [3, 16, 4, 17], [5, 20, 6, 21], [7, 13, 8, 12], [9, 1, 10, 24], [11, 19, 12, 18], [13, 22, 14, 23]]"
12a_1170_68,"[[13, 22, 14, 23], [15, 2, 16, 3], [17, 11, 18, 10], [19, 6, 20, 7], [21, 4, 22, 5], [23, 9, 24, 8], [1, 14, 2, 15], [3, 16, 4, 17], [5, 20, 6, 21], [7, 13, 8, 12], [9, 1, 10, 24], [11, 19, 12, 18]]"
12a_1170_69,"[[11, 19, 12, 18], [13, 22, 14, 23], [15, 2, 16, 3], [17, 11, 18, 10], [19, 6, 20, 7], [21, 4, 22, 5], [23, 9, 24, 8], [1, 14, 2, 15], [3, 16, 4, 17], [5, 20, 6, 21], [7, 13, 8, 12], [9, 1, 10, 24]]"
12a_1170_70,"[[9, 1, 10, 24], [11, 19, 12, 18], [13, 22, 14, 23], [15, 2, 16, 3], [17, 11, 18, 10], [19, 6, 20, 7], [21, 4, 22, 5], [23, 9, 24, 8], [1, 14, 2, 15], [3, 16, 4, 17], [5, 20, 6, 21], [7, 13, 8, 12]]"
12a_1170_71,"[[7, 13, 8, 12], [9, 1, 10, 24], [11, 19, 12, 18], [13, 22, 14, 23], [15, 2, 16, 3], [17, 11, 18, 10], [19, 6, 20, 7], [21, 4, 22, 5], [23, 9, 24, 8], [1, 14, 2, 15], [3, 16, 4, 17], [5, 20, 6, 21]]"
12a_1170_72,"[[6, 21, 7, 22], [8, 14, 9, 13], [10, 2, 11, 1], [12, 20, 13, 19], [14, 23, 15, 24], [16, 3, 17, 4], [18, 12, 19, 11], [20, 7, 21, 8], [22, 5, 23, 6], [24, 10, 1, 9], [2, 15, 3, 16], [4, 17, 5, 18]]"
12a_1170_73,"[[4, 17, 5, 18], [6, 21, 7, 22], [8, 14, 9, 13], [10, 2, 11, 1], [12, 20, 13, 19], [14, 23, 15, 24], [16, 3, 17, 4], [18, 12, 19, 11], [20, 7, 21, 8], [22, 5, 23, 6], [24, 10, 1, 9], [2, 15, 3, 16]]"
12a_1170_74,"[[2, 15, 3, 16], [4, 17, 5, 18], [6, 21, 7, 22], [8, 14, 9, 13], [10, 2, 11, 1], [12, 20, 13, 19], [14, 23, 15, 24], [16, 3, 17, 4], [18, 12, 19, 11], [20, 7, 21, 8], [22, 5, 23, 6], [24, 10, 1, 9]]"
12a_1170_75,"[[24, 10, 1, 9], [2, 15, 3, 16], [4, 17, 5, 18], [6, 21, 7, 22], [8, 14, 9, 13], [10, 2, 11, 1], [12, 20, 13, 19], [14, 23, 15, 24], [16, 3, 17, 4], [18, 12, 19, 11], [20, 7, 21, 8], [22, 5, 23, 6]]"
12a_1170_76,"[[22, 5, 23, 6], [24, 10, 1, 9], [2, 15, 3, 16], [4, 17, 5, 18], [6, 21, 7, 22], [8, 14, 9, 13], [10, 2, 11, 1], [12, 20, 13, 19], [14, 23, 15, 24], [16, 3, 17, 4], [18, 12, 19, 11], [20, 7, 21, 8]]"
12a_1170_77,"[[20, 7, 21, 8], [22, 5, 23, 6], [24, 10, 1, 9], [2, 15, 3, 16], [4, 17, 5, 18], [6, 21, 7, 22], [8, 14, 9, 13], [10, 2, 11, 1], [12, 20, 13, 19], [14, 23, 15, 24], [16, 3, 17, 4], [18, 12, 19, 11]]"
12a_1170_78,"[[18, 12, 19, 11], [20, 7, 21, 8], [22, 5, 23, 6], [24, 10, 1, 9], [2, 15, 3, 16], [4, 17, 5, 18], [6, 21, 7, 22], [8, 14, 9, 13], [10, 2, 11, 1], [12, 20, 13, 19], [14, 23, 15, 24], [16, 3, 17, 4]]"
12a_1170_79,"[[16, 3, 17, 4], [18, 12, 19, 11], [20, 7, 21, 8], [22, 5, 23, 6], [24, 10, 1, 9], [2, 15, 3, 16], [4, 17, 5, 18], [6, 21, 7, 22], [8, 14, 9, 13], [10, 2, 11, 1], [12, 20, 13, 19], [14, 23, 15, 24]]"
12a_1170_80,"[[14, 23, 15, 24], [16, 3, 17, 4], [18, 12, 19, 11], [20, 7, 21, 8], [22, 5, 23, 6], [24, 10, 1, 9], [2, 15, 3, 16], [4, 17, 5, 18], [6, 21, 7, 22], [8, 14, 9, 13], [10, 2, 11, 1], [12, 20, 13, 19]]"
12a_1170_81,"[[12, 20, 13, 19], [14, 23, 15, 24], [16, 3, 17, 4], [18, 12, 19, 11], [20, 7, 21, 8], [22, 5, 23, 6], [24, 10, 1, 9], [2, 15, 3, 16], [4, 17, 5, 18], [6, 21, 7, 22], [8, 14, 9, 13], [10, 2, 11, 1]]"
12a_1170_82,"[[10, 2, 11, 1], [12, 20, 13, 19], [14, 23, 15, 24], [16, 3, 17, 4], [18, 12, 19, 11], [20, 7, 21, 8], [22, 5, 23, 6], [24, 10, 1, 9], [2, 15, 3, 16], [4, 17, 5, 18], [6, 21, 7, 22], [8, 14, 9, 13]]"
12a_1170_83,"[[8, 14, 9, 13], [10, 2, 11, 1], [12, 20, 13, 19], [14, 23, 15, 24], [16, 3, 17, 4], [18, 12, 19, 11], [20, 7, 21, 8], [22, 5, 23, 6], [24, 10, 1, 9], [2, 15, 3, 16], [4, 17, 5, 18], [6, 21, 7, 22]]"
12a_1170_84,"[[7, 22, 8, 23], [9, 15, 10, 14], [11, 3, 12, 2], [13, 21, 14, 20], [15, 24, 16, 1], [17, 4, 18, 5], [19, 13, 20, 12], [21, 8, 22, 9], [23, 6, 24, 7], [1, 11, 2, 10], [3, 16, 4, 17], [5, 18, 6, 19]]"
12a_1170_85,"[[5, 18, 6, 19], [7, 22, 8, 23], [9, 15, 10, 14], [11, 3, 12, 2], [13, 21, 14, 20], [15, 24, 16, 1], [17, 4, 18, 5], [19, 13, 20, 12], [21, 8, 22, 9], [23, 6, 24, 7], [1, 11, 2, 10], [3, 16, 4, 17]]"
12a_1170_86,"[[3, 16, 4, 17], [5, 18, 6, 19], [7, 22, 8, 23], [9, 15, 10, 14], [11, 3, 12, 2], [13, 21, 14, 20], [15, 24, 16, 1], [17, 4, 18, 5], [19, 13, 20, 12], [21, 8, 22, 9], [23, 6, 24, 7], [1, 11, 2, 10]]"
12a_1170_87,"[[1, 11, 2, 10], [3, 16, 4, 17], [5, 18, 6, 19], [7, 22, 8, 23], [9, 15, 10, 14], [11, 3, 12, 2], [13, 21, 14, 20], [15, 24, 16, 1], [17, 4, 18, 5], [19, 13, 20, 12], [21, 8, 22, 9], [23, 6, 24, 7]]"
12a_1170_88,"[[23, 6, 24, 7], [1, 11, 2, 10], [3, 16, 4, 17], [5, 18, 6, 19], [7, 22, 8, 23], [9, 15, 10, 14], [11, 3, 12, 2], [13, 21, 14, 20], [15, 24, 16, 1], [17, 4, 18, 5], [19, 13, 20, 12], [21, 8, 22, 9]]"
12a_1170_89,"[[21, 8, 22, 9], [23, 6, 24, 7], [1, 11, 2, 10], [3, 16, 4, 17], [5, 18, 6, 19], [7, 22, 8, 23], [9, 15, 10, 14], [11, 3, 12, 2], [13, 21, 14, 20], [15, 24, 16, 1], [17, 4, 18, 5], [19, 13, 20, 12]]"
12a_1170_90,"[[19, 13, 20, 12], [21, 8, 22, 9], [23, 6, 24, 7], [1, 11, 2, 10], [3, 16, 4, 17], [5, 18, 6, 19], [7, 22, 8, 23], [9, 15, 10, 14], [11, 3, 12, 2], [13, 21, 14, 20], [15, 24, 16, 1], [17, 4, 18, 5]]"
12a_1170_91,"[[17, 4, 18, 5], [19, 13, 20, 12], [21, 8, 22, 9], [23, 6, 24, 7], [1, 11, 2, 10], [3, 16, 4, 17], [5, 18, 6, 19], [7, 22, 8, 23], [9, 15, 10, 14], [11, 3, 12, 2], [13, 21, 14, 20], [15, 24, 16, 1]]"
12a_1170_92,"[[15, 24, 16, 1], [17, 4, 18, 5], [19, 13, 20, 12], [21, 8, 22, 9], [23, 6, 24, 7], [1, 11, 2, 10], [3, 16, 4, 17], [5, 18, 6, 19], [7, 22, 8, 23], [9, 15, 10, 14], [11, 3, 12, 2], [13, 21, 14, 20]]"
12a_1170_93,"[[13, 21, 14, 20], [15, 24, 16, 1], [17, 4, 18, 5], [19, 13, 20, 12], [21, 8, 22, 9], [23, 6, 24, 7], [1, 11, 2, 10], [3, 16, 4, 17], [5, 18, 6, 19], [7, 22, 8, 23], [9, 15, 10, 14], [11, 3, 12, 2]]"
12a_1170_94,"[[11, 3, 12, 2], [13, 21, 14, 20], [15, 24, 16, 1], [17, 4, 18, 5], [19, 13, 20, 12], [21, 8, 22, 9], [23, 6, 24, 7], [1, 11, 2, 10], [3, 16, 4, 17], [5, 18, 6, 19], [7, 22, 8, 23], [9, 15, 10, 14]]"
12a_1170_95,"[[9, 15, 10, 14], [11, 3, 12, 2], [13, 21, 14, 20], [15, 24, 16, 1], [17, 4, 18, 5], [19, 13, 20, 12], [21, 8, 22, 9], [23, 6, 24, 7], [1, 11, 2, 10], [3, 16, 4, 17], [5, 18, 6, 19], [7, 22, 8, 23]]"
12a_1170_96,"[[8, 23, 9, 24], [10, 16, 11, 15], [12, 4, 13, 3], [14, 22, 15, 21], [16, 1, 17, 2], [18, 5, 19, 6], [20, 14, 21, 13], [22, 9, 23, 10], [24, 7, 1, 8], [2, 12, 3, 11], [4, 17, 5, 18], [6, 19, 7, 20]]"
12a_1170_97,"[[6, 19, 7, 20], [8, 23, 9, 24], [10, 16, 11, 15], [12, 4, 13, 3], [14, 22, 15, 21], [16, 1, 17, 2], [18, 5, 19, 6], [20, 14, 21, 13], [22, 9, 23, 10], [24, 7, 1, 8], [2, 12, 3, 11], [4, 17, 5, 18]]"
12a_1170_98,"[[4, 17, 5, 18], [6, 19, 7, 20], [8, 23, 9, 24], [10, 16, 11, 15], [12, 4, 13, 3], [14, 22, 15, 21], [16, 1, 17, 2], [18, 5, 19, 6], [20, 14, 21, 13], [22, 9, 23, 10], [24, 7, 1, 8], [2, 12, 3, 11]]"
12a_1170_99,"[[2, 12, 3, 11], [4, 17, 5, 18], [6, 19, 7, 20], [8, 23, 9, 24], [10, 16, 11, 15], [12, 4, 13, 3], [14, 22, 15, 21], [16, 1, 17, 2], [18, 5, 19, 6], [20, 14, 21, 13], [22, 9, 23, 10], [24, 7, 1, 8]]"
12a_1170_100,"[[24, 7, 1, 8], [2, 12, 3, 11], [4, 17, 5, 18], [6, 19, 7, 20], [8, 23, 9, 24], [10, 16, 11, 15], [12, 4, 13, 3], [14, 22, 15, 21], [16, 1, 17, 2], [18, 5, 19, 6], [20, 14, 21, 13], [22, 9, 23, 10]]"
12a_1170_101,"[[22, 9, 23, 10], [24, 7, 1, 8], [2, 12, 3, 11], [4, 17, 5, 18], [6, 19, 7, 20], [8, 23, 9, 24], [10, 16, 11, 15], [12, 4, 13, 3], [14, 22, 15, 21], [16, 1, 17, 2], [18, 5, 19, 6], [20, 14, 21, 13]]"
12a_1170_102,"[[20, 14, 21, 13], [22, 9, 23, 10], [24, 7, 1, 8], [2, 12, 3, 11], [4, 17, 5, 18], [6, 19, 7, 20], [8, 23, 9, 24], [10, 16, 11, 15], [12, 4, 13, 3], [14, 22, 15, 21], [16, 1, 17, 2], [18, 5, 19, 6]]"
12a_1170_103,"[[18, 5, 19, 6], [20, 14, 21, 13], [22, 9, 23, 10], [24, 7, 1, 8], [2, 12, 3, 11], [4, 17, 5, 18], [6, 19, 7, 20], [8, 23, 9, 24], [10, 16, 11, 15], [12, 4, 13, 3], [14, 22, 15, 21], [16, 1, 17, 2]]"
12a_1170_104,"[[16, 1, 17, 2], [18, 5, 19, 6], [20, 14, 21, 13], [22, 9, 23, 10], [24, 7, 1, 8], [2, 12, 3, 11], [4, 17, 5, 18], [6, 19, 7, 20], [8, 23, 9, 24], [10, 16, 11, 15], [12, 4, 13, 3], [14, 22, 15, 21]]"
12a_1170_105,"[[14, 22, 15, 21], [16, 1, 17, 2], [18, 5, 19, 6], [20, 14, 21, 13], [22, 9, 23, 10], [24, 7, 1, 8], [2, 12, 3, 11], [4, 17, 5, 18], [6, 19, 7, 20], [8, 23, 9, 24], [10, 16, 11, 15], [12, 4, 13, 3]]"
12a_1170_106,"[[12, 4, 13, 3], [14, 22, 15, 21], [16, 1, 17, 2], [18, 5, 19, 6], [20, 14, 21, 13], [22, 9, 23, 10], [24, 7, 1, 8], [2, 12, 3, 11], [4, 17, 5, 18], [6, 19, 7, 20], [8, 23, 9, 24], [10, 16, 11, 15]]"
12a_1170_107,"[[10, 16, 11, 15], [12, 4, 13, 3], [14, 22, 15, 21], [16, 1, 17, 2], [18, 5, 19, 6], [20, 14, 21, 13], [22, 9, 23, 10], [24, 7, 1, 8], [2, 12, 3, 11], [4, 17, 5, 18], [6, 19, 7, 20], [8, 23, 9, 24]]"
12a_1170_108,"[[9, 24, 10, 1], [11, 17, 12, 16], [13, 5, 14, 4], [15, 23, 16, 22], [17, 2, 18, 3], [19, 6, 20, 7], [21, 15, 22, 14], [23, 10, 24, 11], [1, 8, 2, 9], [3, 13, 4, 12], [5, 18, 6, 19], [7, 20, 8, 21]]"
12a_1170_109,"[[7, 20, 8, 21], [9, 24, 10, 1], [11, 17, 12, 16], [13, 5, 14, 4], [15, 23, 16, 22], [17, 2, 18, 3], [19, 6, 20, 7], [21, 15, 22, 14], [23, 10, 24, 11], [1, 8, 2, 9], [3, 13, 4, 12], [5, 18, 6, 19]]"
12a_1170_110,"[[5, 18, 6, 19], [7, 20, 8, 21], [9, 24, 10, 1], [11, 17, 12, 16], [13, 5, 14, 4], [15, 23, 16, 22], [17, 2, 18, 3], [19, 6, 20, 7], [21, 15, 22, 14], [23, 10, 24, 11], [1, 8, 2, 9], [3, 13, 4, 12]]"
12a_1170_111,"[[3, 13, 4, 12], [5, 18, 6, 19], [7, 20, 8, 21], [9, 24, 10, 1], [11, 17, 12, 16], [13, 5, 14, 4], [15, 23, 16, 22], [17, 2, 18, 3], [19, 6, 20, 7], [21, 15, 22, 14], [23, 10, 24, 11], [1, 8, 2, 9]]"
12a_1170_112,"[[1, 8, 2, 9], [3, 13, 4, 12], [5, 18, 6, 19], [7, 20, 8, 21], [9, 24, 10, 1], [11, 17, 12, 16], [13, 5, 14, 4], [15, 23, 16, 22], [17, 2, 18, 3], [19, 6, 20, 7], [21, 15, 22, 14], [23, 10, 24, 11]]"
12a_1170_113,"[[23, 10, 24, 11], [1, 8, 2, 9], [3, 13, 4, 12], [5, 18, 6, 19], [7, 20, 8, 21], [9, 24, 10, 1], [11, 17, 12, 16], [13, 5, 14, 4], [15, 23, 16, 22], [17, 2, 18, 3], [19, 6, 20, 7], [21, 15, 22, 14]]"
12a_1170_114,"[[21, 15, 22, 14], [23, 10, 24, 11], [1, 8, 2, 9], [3, 13, 4, 12], [5, 18, 6, 19], [7, 20, 8, 21], [9, 24, 10, 1], [11, 17, 12, 16], [13, 5, 14, 4], [15, 23, 16, 22], [17, 2, 18, 3], [19, 6, 20, 7]]"
12a_1170_115,"[[19, 6, 20, 7], [21, 15, 22, 14], [23, 10, 24, 11], [1, 8, 2, 9], [3, 13, 4, 12], [5, 18, 6, 19], [7, 20, 8, 21], [9, 24, 10, 1], [11, 17, 12, 16], [13, 5, 14, 4], [15, 23, 16, 22], [17, 2, 18, 3]]"
12a_1170_116,"[[17, 2, 18, 3], [19, 6, 20, 7], [21, 15, 22, 14], [23, 10, 24, 11], [1, 8, 2, 9], [3, 13, 4, 12], [5, 18, 6, 19], [7, 20, 8, 21], [9, 24, 10, 1], [11, 17, 12, 16], [13, 5, 14, 4], [15, 23, 16, 22]]"
12a_1170_117,"[[15, 23, 16, 22], [17, 2, 18, 3], [19, 6, 20, 7], [21, 15, 22, 14], [23, 10, 24, 11], [1, 8, 2, 9], [3, 13, 4, 12], [5, 18, 6, 19], [7, 20, 8, 21], [9, 24, 10, 1], [11, 17, 12, 16], [13, 5, 14, 4]]"
12a_1170_118,"[[13, 5, 14, 4], [15, 23, 16, 22], [17, 2, 18, 3], [19, 6, 20, 7], [21, 15, 22, 14], [23, 10, 24, 11], [1, 8, 2, 9], [3, 13, 4, 12], [5, 18, 6, 19], [7, 20, 8, 21], [9, 24, 10, 1], [11, 17, 12, 16]]"
12a_1170_119,"[[11, 17, 12, 16], [13, 5, 14, 4], [15, 23, 16, 22], [17, 2, 18, 3], [19, 6, 20, 7], [21, 15, 22, 14], [23, 10, 24, 11], [1, 8, 2, 9], [3, 13, 4, 12], [5, 18, 6, 19], [7, 20, 8, 21], [9, 24, 10, 1]]"
12a_1170_120,"[[10, 1, 11, 2], [12, 18, 13, 17], [14, 6, 15, 5], [16, 24, 17, 23], [18, 3, 19, 4], [20, 7, 21, 8], [22, 16, 23, 15], [24, 11, 1, 12], [2, 9, 3, 10], [4, 14, 5, 13], [6, 19, 7, 20], [8, 21, 9, 22]]"
12a_1170_121,"[[8, 21, 9, 22], [10, 1, 11, 2], [12, 18, 13, 17], [14, 6, 15, 5], [16, 24, 17, 23], [18, 3, 19, 4], [20, 7, 21, 8], [22, 16, 23, 15], [24, 11, 1, 12], [2, 9, 3, 10], [4, 14, 5, 13], [6, 19, 7, 20]]"
12a_1170_122,"[[6, 19, 7, 20], [8, 21, 9, 22], [10, 1, 11, 2], [12, 18, 13, 17], [14, 6, 15, 5], [16, 24, 17, 23], [18, 3, 19, 4], [20, 7, 21, 8], [22, 16, 23, 15], [24, 11, 1, 12], [2, 9, 3, 10], [4, 14, 5, 13]]"
12a_1170_123,"[[4, 14, 5, 13], [6, 19, 7, 20], [8, 21, 9, 22], [10, 1, 11, 2], [12, 18, 13, 17], [14, 6, 15, 5], [16, 24, 17, 23], [18, 3, 19, 4], [20, 7, 21, 8], [22, 16, 23, 15], [24, 11, 1, 12], [2, 9, 3, 10]]"
12a_1170_124,"[[2, 9, 3, 10], [4, 14, 5, 13], [6, 19, 7, 20], [8, 21, 9, 22], [10, 1, 11, 2], [12, 18, 13, 17], [14, 6, 15, 5], [16, 24, 17, 23], [18, 3, 19, 4], [20, 7, 21, 8], [22, 16, 23, 15], [24, 11, 1, 12]]"
12a_1170_125,"[[24, 11, 1, 12], [2, 9, 3, 10], [4, 14, 5, 13], [6, 19, 7, 20], [8, 21, 9, 22], [10, 1, 11, 2], [12, 18, 13, 17], [14, 6, 15, 5], [16, 24, 17, 23], [18, 3, 19, 4], [20, 7, 21, 8], [22, 16, 23, 15]]"
12a_1170_126,"[[22, 16, 23, 15], [24, 11, 1, 12], [2, 9, 3, 10], [4, 14, 5, 13], [6, 19, 7, 20], [8, 21, 9, 22], [10, 1, 11, 2], [12, 18, 13, 17], [14, 6, 15, 5], [16, 24, 17, 23], [18, 3, 19, 4], [20, 7, 21, 8]]"
12a_1170_127,"[[20, 7, 21, 8], [22, 16, 23, 15], [24, 11, 1, 12], [2, 9, 3, 10], [4, 14, 5, 13], [6, 19, 7, 20], [8, 21, 9, 22], [10, 1, 11, 2], [12, 18, 13, 17], [14, 6, 15, 5], [16, 24, 17, 23], [18, 3, 19, 4]]"
12a_1170_128,"[[18, 3, 19, 4], [20, 7, 21, 8], [22, 16, 23, 15], [24, 11, 1, 12], [2, 9, 3, 10], [4, 14, 5, 13], [6, 19, 7, 20], [8, 21, 9, 22], [10, 1, 11, 2], [12, 18, 13, 17], [14, 6, 15, 5], [16, 24, 17, 23]]"
12a_1170_129,"[[16, 24, 17, 23], [18, 3, 19, 4], [20, 7, 21, 8], [22, 16, 23, 15], [24, 11, 1, 12], [2, 9, 3, 10], [4, 14, 5, 13], [6, 19, 7, 20], [8, 21, 9, 22], [10, 1, 11, 2], [12, 18, 13, 17], [14, 6, 15, 5]]"
12a_1170_130,"[[14, 6, 15, 5], [16, 24, 17, 23], [18, 3, 19, 4], [20, 7, 21, 8], [22, 16, 23, 15], [24, 11, 1, 12], [2, 9, 3, 10], [4, 14, 5, 13], [6, 19, 7, 20], [8, 21, 9, 22], [10, 1, 11, 2], [12, 18, 13, 17]]"
12a_1170_131,"[[12, 18, 13, 17], [14, 6, 15, 5], [16, 24, 17, 23], [18, 3, 19, 4], [20, 7, 21, 8], [22, 16, 23, 15], [24, 11, 1, 12], [2, 9, 3, 10], [4, 14, 5, 13], [6, 19, 7, 20], [8, 21, 9, 22], [10, 1, 11, 2]]"
12a_1170_132,"[[11, 2, 12, 3], [13, 19, 14, 18], [15, 7, 16, 6], [17, 1, 18, 24], [19, 4, 20, 5], [21, 8, 22, 9], [23, 17, 24, 16], [1, 12, 2, 13], [3, 10, 4, 11], [5, 15, 6, 14], [7, 20, 8, 21], [9, 22, 10, 23]]"
12a_1170_133,"[[9, 22, 10, 23], [11, 2, 12, 3], [13, 19, 14, 18], [15, 7, 16, 6], [17, 1, 18, 24], [19, 4, 20, 5], [21, 8, 22, 9], [23, 17, 24, 16], [1, 12, 2, 13], [3, 10, 4, 11], [5, 15, 6, 14], [7, 20, 8, 21]]"
12a_1170_134,"[[7, 20, 8, 21], [9, 22, 10, 23], [11, 2, 12, 3], [13, 19, 14, 18], [15, 7, 16, 6], [17, 1, 18, 24], [19, 4, 20, 5], [21, 8, 22, 9], [23, 17, 24, 16], [1, 12, 2, 13], [3, 10, 4, 11], [5, 15, 6, 14]]"
12a_1170_135,"[[5, 15, 6, 14], [7, 20, 8, 21], [9, 22, 10, 23], [11, 2, 12, 3], [13, 19, 14, 18], [15, 7, 16, 6], [17, 1, 18, 24], [19, 4, 20, 5], [21, 8, 22, 9], [23, 17, 24, 16], [1, 12, 2, 13], [3, 10, 4, 11]]"
12a_1170_136,"[[3, 10, 4, 11], [5, 15, 6, 14], [7, 20, 8, 21], [9, 22, 10, 23], [11, 2, 12, 3], [13, 19, 14, 18], [15, 7, 16, 6], [17, 1, 18, 24], [19, 4, 20, 5], [21, 8, 22, 9], [23, 17, 24, 16], [1, 12, 2, 13]]"
12a_1170_137,"[[1, 12, 2, 13], [3, 10, 4, 11], [5, 15, 6, 14], [7, 20, 8, 21], [9, 22, 10, 23], [11, 2, 12, 3], [13, 19, 14, 18], [15, 7, 16, 6], [17, 1, 18, 24], [19, 4, 20, 5], [21, 8, 22, 9], [23, 17, 24, 16]]"
12a_1170_138,"[[23, 17, 24, 16], [1, 12, 2, 13], [3, 10, 4, 11], [5, 15, 6, 14], [7, 20, 8, 21], [9, 22, 10, 23], [11, 2, 12, 3], [13, 19, 14, 18], [15, 7, 16, 6], [17, 1, 18, 24], [19, 4, 20, 5], [21, 8, 22, 9]]"
12a_1170_139,"[[21, 8, 22, 9], [23, 17, 24, 16], [1, 12, 2, 13], [3, 10, 4, 11], [5, 15, 6, 14], [7, 20, 8, 21], [9, 22, 10, 23], [11, 2, 12, 3], [13, 19, 14, 18], [15, 7, 16, 6], [17, 1, 18, 24], [19, 4, 20, 5]]"
12a_1170_140,"[[19, 4, 20, 5], [21, 8, 22, 9], [23, 17, 24, 16], [1, 12, 2, 13], [3, 10, 4, 11], [5, 15, 6, 14], [7, 20, 8, 21], [9, 22, 10, 23], [11, 2, 12, 3], [13, 19, 14, 18], [15, 7, 16, 6], [17, 1, 18, 24]]"
12a_1170_141,"[[17, 1, 18, 24], [19, 4, 20, 5], [21, 8, 22, 9], [23, 17, 24, 16], [1, 12, 2, 13], [3, 10, 4, 11], [5, 15, 6, 14], [7, 20, 8, 21], [9, 22, 10, 23], [11, 2, 12, 3], [13, 19, 14, 18], [15, 7, 16, 6]]"
12a_1170_142,"[[15, 7, 16, 6], [17, 1, 18, 24], [19, 4, 20, 5], [21, 8, 22, 9], [23, 17, 24, 16], [1, 12, 2, 13], [3, 10, 4, 11], [5, 15, 6, 14], [7, 20, 8, 21], [9, 22, 10, 23], [11, 2, 12, 3], [13, 19, 14, 18]]"
12a_1170_143,"[[13, 19, 14, 18], [15, 7, 16, 6], [17, 1, 18, 24], [19, 4, 20, 5], [21, 8, 22, 9], [23, 17, 24, 16], [1, 12, 2, 13], [3, 10, 4, 11], [5, 15, 6, 14], [7, 20, 8, 21], [9, 22, 10, 23], [11, 2, 12, 3]]"
12a_1170_144,"[[12, 3, 13, 4], [14, 20, 15, 19], [16, 8, 17, 7], [18, 2, 19, 1], [20, 5, 21, 6], [22, 9, 23, 10], [24, 18, 1, 17], [2, 13, 3, 14], [4, 11, 5, 12], [6, 16, 7, 15], [8, 21, 9, 22], [10, 23, 11, 24]]"
12a_1170_145,"[[10, 23, 11, 24], [12, 3, 13, 4], [14, 20, 15, 19], [16, 8, 17, 7], [18, 2, 19, 1], [20, 5, 21, 6], [22, 9, 23, 10], [24, 18, 1, 17], [2, 13, 3, 14], [4, 11, 5, 12], [6, 16, 7, 15], [8, 21, 9, 22]]"
12a_1170_146,"[[8, 21, 9, 22], [10, 23, 11, 24], [12, 3, 13, 4], [14, 20, 15, 19], [16, 8, 17, 7], [18, 2, 19, 1], [20, 5, 21, 6], [22, 9, 23, 10], [24, 18, 1, 17], [2, 13, 3, 14], [4, 11, 5, 12], [6, 16, 7, 15]]"
12a_1170_147,"[[6, 16, 7, 15], [8, 21, 9, 22], [10, 23, 11, 24], [12, 3, 13, 4], [14, 20, 15, 19], [16, 8, 17, 7], [18, 2, 19, 1], [20, 5, 21, 6], [22, 9, 23, 10], [24, 18, 1, 17], [2, 13, 3, 14], [4, 11, 5, 12]]"
12a_1170_148,"[[4, 11, 5, 12], [6, 16, 7, 15], [8, 21, 9, 22], [10, 23, 11, 24], [12, 3, 13, 4], [14, 20, 15, 19], [16, 8, 17, 7], [18, 2, 19, 1], [20, 5, 21, 6], [22, 9, 23, 10], [24, 18, 1, 17], [2, 13, 3, 14]]"
12a_1170_149,"[[2, 13, 3, 14], [4, 11, 5, 12], [6, 16, 7, 15], [8, 21, 9, 22], [10, 23, 11, 24], [12, 3, 13, 4], [14, 20, 15, 19], [16, 8, 17, 7], [18, 2, 19, 1], [20, 5, 21, 6], [22, 9, 23, 10], [24, 18, 1, 17]]"
12a_1170_150,"[[24, 18, 1, 17], [2, 13, 3, 14], [4, 11, 5, 12], [6, 16, 7, 15], [8, 21, 9, 22], [10, 23, 11, 24], [12, 3, 13, 4], [14, 20, 15, 19], [16, 8, 17, 7], [18, 2, 19, 1], [20, 5, 21, 6], [22, 9, 23, 10]]"
12a_1170_151,"[[22, 9, 23, 10], [24, 18, 1, 17], [2, 13, 3, 14], [4, 11, 5, 12], [6, 16, 7, 15], [8, 21, 9, 22], [10, 23, 11, 24], [12, 3, 13, 4], [14, 20, 15, 19], [16, 8, 17, 7], [18, 2, 19, 1], [20, 5, 21, 6]]"
12a_1170_152,"[[20, 5, 21, 6], [22, 9, 23, 10], [24, 18, 1, 17], [2, 13, 3, 14], [4, 11, 5, 12], [6, 16, 7, 15], [8, 21, 9, 22], [10, 23, 11, 24], [12, 3, 13, 4], [14, 20, 15, 19], [16, 8, 17, 7], [18, 2, 19, 1]]"
12a_1170_153,"[[18, 2, 19, 1], [20, 5, 21, 6], [22, 9, 23, 10], [24, 18, 1, 17], [2, 13, 3, 14], [4, 11, 5, 12], [6, 16, 7, 15], [8, 21, 9, 22], [10, 23, 11, 24], [12, 3, 13, 4], [14, 20, 15, 19], [16, 8, 17, 7]]"
12a_1170_154,"[[16, 8, 17, 7], [18, 2, 19, 1], [20, 5, 21, 6], [22, 9, 23, 10], [24, 18, 1, 17], [2, 13, 3, 14], [4, 11, 5, 12], [6, 16, 7, 15], [8, 21, 9, 22], [10, 23, 11, 24], [12, 3, 13, 4], [14, 20, 15, 19]]"
12a_1170_155,"[[14, 20, 15, 19], [16, 8, 17, 7], [18, 2, 19, 1], [20, 5, 21, 6], [22, 9, 23, 10], [24, 18, 1, 17], [2, 13, 3, 14], [4, 11, 5, 12], [6, 16, 7, 15], [8, 21, 9, 22], [10, 23, 11, 24], [12, 3, 13, 4]]"
12a_1170_156,"[[13, 4, 14, 5], [15, 21, 16, 20], [17, 9, 18, 8], [19, 3, 20, 2], [21, 6, 22, 7], [23, 10, 24, 11], [1, 19, 2, 18], [3, 14, 4, 15], [5, 12, 6, 13], [7, 17, 8, 16], [9, 22, 10, 23], [11, 24, 12, 1]]"
12a_1170_157,"[[11, 24, 12, 1], [13, 4, 14, 5], [15, 21, 16, 20], [17, 9, 18, 8], [19, 3, 20, 2], [21, 6, 22, 7], [23, 10, 24, 11], [1, 19, 2, 18], [3, 14, 4, 15], [5, 12, 6, 13], [7, 17, 8, 16], [9, 22, 10, 23]]"
12a_1170_158,"[[9, 22, 10, 23], [11, 24, 12, 1], [13, 4, 14, 5], [15, 21, 16, 20], [17, 9, 18, 8], [19, 3, 20, 2], [21, 6, 22, 7], [23, 10, 24, 11], [1, 19, 2, 18], [3, 14, 4, 15], [5, 12, 6, 13], [7, 17, 8, 16]]"
12a_1170_159,"[[7, 17, 8, 16], [9, 22, 10, 23], [11, 24, 12, 1], [13, 4, 14, 5], [15, 21, 16, 20], [17, 9, 18, 8], [19, 3, 20, 2], [21, 6, 22, 7], [23, 10, 24, 11], [1, 19, 2, 18], [3, 14, 4, 15], [5, 12, 6, 13]]"
12a_1170_160,"[[5, 12, 6, 13], [7, 17, 8, 16], [9, 22, 10, 23], [11, 24, 12, 1], [13, 4, 14, 5], [15, 21, 16, 20], [17, 9, 18, 8], [19, 3, 20, 2], [21, 6, 22, 7], [23, 10, 24, 11], [1, 19, 2, 18], [3, 14, 4, 15]]"
12a_1170_161,"[[3, 14, 4, 15], [5, 12, 6, 13], [7, 17, 8, 16], [9, 22, 10, 23], [11, 24, 12, 1], [13, 4, 14, 5], [15, 21, 16, 20], [17, 9, 18, 8], [19, 3, 20, 2], [21, 6, 22, 7], [23, 10, 24, 11], [1, 19, 2, 18]]"
12a_1170_162,"[[1, 19, 2, 18], [3, 14, 4, 15], [5, 12, 6, 13], [7, 17, 8, 16], [9, 22, 10, 23], [11, 24, 12, 1], [13, 4, 14, 5], [15, 21, 16, 20], [17, 9, 18, 8], [19, 3, 20, 2], [21, 6, 22, 7], [23, 10, 24, 11]]"
12a_1170_163,"[[23, 10, 24, 11], [1, 19, 2, 18], [3, 14, 4, 15], [5, 12, 6, 13], [7, 17, 8, 16], [9, 22, 10, 23], [11, 24, 12, 1], [13, 4, 14, 5], [15, 21, 16, 20], [17, 9, 18, 8], [19, 3, 20, 2], [21, 6, 22, 7]]"
12a_1170_164,"[[21, 6, 22, 7], [23, 10, 24, 11], [1, 19, 2, 18], [3, 14, 4, 15], [5, 12, 6, 13], [7, 17, 8, 16], [9, 22, 10, 23], [11, 24, 12, 1], [13, 4, 14, 5], [15, 21, 16, 20], [17, 9, 18, 8], [19, 3, 20, 2]]"
12a_1170_165,"[[19, 3, 20, 2], [21, 6, 22, 7], [23, 10, 24, 11], [1, 19, 2, 18], [3, 14, 4, 15], [5, 12, 6, 13], [7, 17, 8, 16], [9, 22, 10, 23], [11, 24, 12, 1], [13, 4, 14, 5], [15, 21, 16, 20], [17, 9, 18, 8]]"
12a_1170_166,"[[17, 9, 18, 8], [19, 3, 20, 2], [21, 6, 22, 7], [23, 10, 24, 11], [1, 19, 2, 18], [3, 14, 4, 15], [5, 12, 6, 13], [7, 17, 8, 16], [9, 22, 10, 23], [11, 24, 12, 1], [13, 4, 14, 5], [15, 21, 16, 20]]"
12a_1170_167,"[[15, 21, 16, 20], [17, 9, 18, 8], [19, 3, 20, 2], [21, 6, 22, 7], [23, 10, 24, 11], [1, 19, 2, 18], [3, 14, 4, 15], [5, 12, 6, 13], [7, 17, 8, 16], [9, 22, 10, 23], [11, 24, 12, 1], [13, 4, 14, 5]]"
12a_1170_168,"[[14, 5, 15, 6], [16, 22, 17, 21], [18, 10, 19, 9], [20, 4, 21, 3], [22, 7, 23, 8], [24, 11, 1, 12], [2, 20, 3, 19], [4, 15, 5, 16], [6, 13, 7, 14], [8, 18, 9, 17], [10, 23, 11, 24], [12, 1, 13, 2]]"
12a_1170_169,"[[12, 1, 13, 2], [14, 5, 15, 6], [16, 22, 17, 21], [18, 10, 19, 9], [20, 4, 21, 3], [22, 7, 23, 8], [24, 11, 1, 12], [2, 20, 3, 19], [4, 15, 5, 16], [6, 13, 7, 14], [8, 18, 9, 17], [10, 23, 11, 24]]"
12a_1170_170,"[[10, 23, 11, 24], [12, 1, 13, 2], [14, 5, 15, 6], [16, 22, 17, 21], [18, 10, 19, 9], [20, 4, 21, 3], [22, 7, 23, 8], [24, 11, 1, 12], [2, 20, 3, 19], [4, 15, 5, 16], [6, 13, 7, 14], [8, 18, 9, 17]]"
12a_1170_171,"[[8, 18, 9, 17], [10, 23, 11, 24], [12, 1, 13, 2], [14, 5, 15, 6], [16, 22, 17, 21], [18, 10, 19, 9], [20, 4, 21, 3], [22, 7, 23, 8], [24, 11, 1, 12], [2, 20, 3, 19], [4, 15, 5, 16], [6, 13, 7, 14]]"
12a_1170_172,"[[6, 13, 7, 14], [8, 18, 9, 17], [10, 23, 11, 24], [12, 1, 13, 2], [14, 5, 15, 6], [16, 22, 17, 21], [18, 10, 19, 9], [20, 4, 21, 3], [22, 7, 23, 8], [24, 11, 1, 12], [2, 20, 3, 19], [4, 15, 5, 16]]"
12a_1170_173,"[[4, 15, 5, 16], [6, 13, 7, 14], [8, 18, 9, 17], [10, 23, 11, 24], [12, 1, 13, 2], [14, 5, 15, 6], [16, 22, 17, 21], [18, 10, 19, 9], [20, 4, 21, 3], [22, 7, 23, 8], [24, 11, 1, 12], [2, 20, 3, 19]]"
12a_1170_174,"[[2, 20, 3, 19], [4, 15, 5, 16], [6, 13, 7, 14], [8, 18, 9, 17], [10, 23, 11, 24], [12, 1, 13, 2], [14, 5, 15, 6], [16, 22, 17, 21], [18, 10, 19, 9], [20, 4, 21, 3], [22, 7, 23, 8], [24, 11, 1, 12]]"
12a_1170_175,"[[24, 11, 1, 12], [2, 20, 3, 19], [4, 15, 5, 16], [6, 13, 7, 14], [8, 18, 9, 17], [10, 23, 11, 24], [12, 1, 13, 2], [14, 5, 15, 6], [16, 22, 17, 21], [18, 10, 19, 9], [20, 4, 21, 3], [22, 7, 23, 8]]"
12a_1170_176,"[[22, 7, 23, 8], [24, 11, 1, 12], [2, 20, 3, 19], [4, 15, 5, 16], [6, 13, 7, 14], [8, 18, 9, 17], [10, 23, 11, 24], [12, 1, 13, 2], [14, 5, 15, 6], [16, 22, 17, 21], [18, 10, 19, 9], [20, 4, 21, 3]]"
12a_1170_177,"[[20, 4, 21, 3], [22, 7, 23, 8], [24, 11, 1, 12], [2, 20, 3, 19], [4, 15, 5, 16], [6, 13, 7, 14], [8, 18, 9, 17], [10, 23, 11, 24], [12, 1, 13, 2], [14, 5, 15, 6], [16, 22, 17, 21], [18, 10, 19, 9]]"
12a_1170_178,"[[18, 10, 19, 9], [20, 4, 21, 3], [22, 7, 23, 8], [24, 11, 1, 12], [2, 20, 3, 19], [4, 15, 5, 16], [6, 13, 7, 14], [8, 18, 9, 17], [10, 23, 11, 24], [12, 1, 13, 2], [14, 5, 15, 6], [16, 22, 17, 21]]"
12a_1170_179,"[[16, 22, 17, 21], [18, 10, 19, 9], [20, 4, 21, 3], [22, 7, 23, 8], [24, 11, 1, 12], [2, 20, 3, 19], [4, 15, 5, 16], [6, 13, 7, 14], [8, 18, 9, 17], [10, 23, 11, 24], [12, 1, 13, 2], [14, 5, 15, 6]]"
12a_1170_180,"[[15, 6, 16, 7], [17, 23, 18, 22], [19, 11, 20, 10], [21, 5, 22, 4], [23, 8, 24, 9], [1, 12, 2, 13], [3, 21, 4, 20], [5, 16, 6, 17], [7, 14, 8, 15], [9, 19, 10, 18], [11, 24, 12, 1], [13, 2, 14, 3]]"
12a_1170_181,"[[13, 2, 14, 3], [15, 6, 16, 7], [17, 23, 18, 22], [19, 11, 20, 10], [21, 5, 22, 4], [23, 8, 24, 9], [1, 12, 2, 13], [3, 21, 4, 20], [5, 16, 6, 17], [7, 14, 8, 15], [9, 19, 10, 18], [11, 24, 12, 1]]"
12a_1170_182,"[[11, 24, 12, 1], [13, 2, 14, 3], [15, 6, 16, 7], [17, 23, 18, 22], [19, 11, 20, 10], [21, 5, 22, 4], [23, 8, 24, 9], [1, 12, 2, 13], [3, 21, 4, 20], [5, 16, 6, 17], [7, 14, 8, 15], [9, 19, 10, 18]]"
12a_1170_183,"[[9, 19, 10, 18], [11, 24, 12, 1], [13, 2, 14, 3], [15, 6, 16, 7], [17, 23, 18, 22], [19, 11, 20, 10], [21, 5, 22, 4], [23, 8, 24, 9], [1, 12, 2, 13], [3, 21, 4, 20], [5, 16, 6, 17], [7, 14, 8, 15]]"
12a_1170_184,"[[7, 14, 8, 15], [9, 19, 10, 18], [11, 24, 12, 1], [13, 2, 14, 3], [15, 6, 16, 7], [17, 23, 18, 22], [19, 11, 20, 10], [21, 5, 22, 4], [23, 8, 24, 9], [1, 12, 2, 13], [3, 21, 4, 20], [5, 16, 6, 17]]"
12a_1170_185,"[[5, 16, 6, 17], [7, 14, 8, 15], [9, 19, 10, 18], [11, 24, 12, 1], [13, 2, 14, 3], [15, 6, 16, 7], [17, 23, 18, 22], [19, 11, 20, 10], [21, 5, 22, 4], [23, 8, 24, 9], [1, 12, 2, 13], [3, 21, 4, 20]]"
