name,pd_notation
12a_0212_0,"[[24, 19, 1, 20], [2, 6, 3, 5], [4, 12, 5, 11], [6, 14, 7, 13], [8, 18, 9, 17], [10, 4, 11, 3], [12, 10, 13, 9], [14, 21, 15, 22], [16, 8, 17, 7], [18, 1, 19, 2], [20, 23, 21, 24], [22, 15, 23, 16]]"
12a_0212_1,"[[22, 15, 23, 16], [24, 19, 1, 20], [2, 6, 3, 5], [4, 12, 5, 11], [6, 14, 7, 13], [8, 18, 9, 17], [10, 4, 11, 3], [12, 10, 13, 9], [14, 21, 15, 22], [16, 8, 17, 7], [18, 1, 19, 2], [20, 23, 21, 24]]"
12a_0212_2,"[[20, 23, 21, 24], [22, 15, 23, 16], [24, 19, 1, 20], [2, 6, 3, 5], [4, 12, 5, 11], [6, 14, 7, 13], [8, 18, 9, 17], [10, 4, 11, 3], [12, 10, 13, 9], [14, 21, 15, 22], [16, 8, 17, 7], [18, 1, 19, 2]]"
12a_0212_3,"[[18, 1, 19, 2], [20, 23, 21, 24], [22, 15, 23, 16], [24, 19, 1, 20], [2, 6, 3, 5], [4, 12, 5, 11], [6, 14, 7, 13], [8, 18, 9, 17], [10, 4, 11, 3], [12, 10, 13, 9], [14, 21, 15, 22], [16, 8, 17, 7]]"
12a_0212_4,"[[16, 8, 17, 7], [18, 1, 19, 2], [20, 23, 21, 24], [22, 15, 23, 16], [24, 19, 1, 20], [2, 6, 3, 5], [4, 12, 5, 11], [6, 14, 7, 13], [8, 18, 9, 17], [10, 4, 11, 3], [12, 10, 13, 9], [14, 21, 15, 22]]"
12a_0212_5,"[[14, 21, 15, 22], [16, 8, 17, 7], [18, 1, 19, 2], [20, 23, 21, 24], [22, 15, 23, 16], [24, 19, 1, 20], [2, 6, 3, 5], [4, 12, 5, 11], [6, 14, 7, 13], [8, 18, 9, 17], [10, 4, 11, 3], [12, 10, 13, 9]]"
12a_0212_6,"[[12, 10, 13, 9], [14, 21, 15, 22], [16, 8, 17, 7], [18, 1, 19, 2], [20, 23, 21, 24], [22, 15, 23, 16], [24, 19, 1, 20], [2, 6, 3, 5], [4, 12, 5, 11], [6, 14, 7, 13], [8, 18, 9, 17], [10, 4, 11, 3]]"
12a_0212_7,"[[10, 4, 11, 3], [12, 10, 13, 9], [14, 21, 15, 22], [16, 8, 17, 7], [18, 1, 19, 2], [20, 23, 21, 24], [22, 15, 23, 16], [24, 19, 1, 20], [2, 6, 3, 5], [4, 12, 5, 11], [6, 14, 7, 13], [8, 18, 9, 17]]"
12a_0212_8,"[[8, 18, 9, 17], [10, 4, 11, 3], [12, 10, 13, 9], [14, 21, 15, 22], [16, 8, 17, 7], [18, 1, 19, 2], [20, 23, 21, 24], [22, 15, 23, 16], [24, 19, 1, 20], [2, 6, 3, 5], [4, 12, 5, 11], [6, 14, 7, 13]]"
12a_0212_9,"[[6, 14, 7, 13], [8, 18, 9, 17], [10, 4, 11, 3], [12, 10, 13, 9], [14, 21, 15, 22], [16, 8, 17, 7], [18, 1, 19, 2], [20, 23, 21, 24], [22, 15, 23, 16], [24, 19, 1, 20], [2, 6, 3, 5], [4, 12, 5, 11]]"
12a_0212_10,"[[4, 12, 5, 11], [6, 14, 7, 13], [8, 18, 9, 17], [10, 4, 11, 3], [12, 10, 13, 9], [14, 21, 15, 22], [16, 8, 17, 7], [18, 1, 19, 2], [20, 23, 21, 24], [22, 15, 23, 16], [24, 19, 1, 20], [2, 6, 3, 5]]"
12a_0212_11,"[[2, 6, 3, 5], [4, 12, 5, 11], [6, 14, 7, 13], [8, 18, 9, 17], [10, 4, 11, 3], [12, 10, 13, 9], [14, 21, 15, 22], [16, 8, 17, 7], [18, 1, 19, 2], [20, 23, 21, 24], [22, 15, 23, 16], [24, 19, 1, 20]]"
12a_0212_12,"[[1, 20, 2, 21], [3, 7, 4, 6], [5, 13, 6, 12], [7, 15, 8, 14], [9, 19, 10, 18], [11, 5, 12, 4], [13, 11, 14, 10], [15, 22, 16, 23], [17, 9, 18, 8], [19, 2, 20, 3], [21, 24, 22, 1], [23, 16, 24, 17]]"
12a_0212_13,"[[23, 16, 24, 17], [1, 20, 2, 21], [3, 7, 4, 6], [5, 13, 6, 12], [7, 15, 8, 14], [9, 19, 10, 18], [11, 5, 12, 4], [13, 11, 14, 10], [15, 22, 16, 23], [17, 9, 18, 8], [19, 2, 20, 3], [21, 24, 22, 1]]"
12a_0212_14,"[[21, 24, 22, 1], [23, 16, 24, 17], [1, 20, 2, 21], [3, 7, 4, 6], [5, 13, 6, 12], [7, 15, 8, 14], [9, 19, 10, 18], [11, 5, 12, 4], [13, 11, 14, 10], [15, 22, 16, 23], [17, 9, 18, 8], [19, 2, 20, 3]]"
12a_0212_15,"[[19, 2, 20, 3], [21, 24, 22, 1], [23, 16, 24, 17], [1, 20, 2, 21], [3, 7, 4, 6], [5, 13, 6, 12], [7, 15, 8, 14], [9, 19, 10, 18], [11, 5, 12, 4], [13, 11, 14, 10], [15, 22, 16, 23], [17, 9, 18, 8]]"
12a_0212_16,"[[17, 9, 18, 8], [19, 2, 20, 3], [21, 24, 22, 1], [23, 16, 24, 17], [1, 20, 2, 21], [3, 7, 4, 6], [5, 13, 6, 12], [7, 15, 8, 14], [9, 19, 10, 18], [11, 5, 12, 4], [13, 11, 14, 10], [15, 22, 16, 23]]"
12a_0212_17,"[[15, 22, 16, 23], [17, 9, 18, 8], [19, 2, 20, 3], [21, 24, 22, 1], [23, 16, 24, 17], [1, 20, 2, 21], [3, 7, 4, 6], [5, 13, 6, 12], [7, 15, 8, 14], [9, 19, 10, 18], [11, 5, 12, 4], [13, 11, 14, 10]]"
12a_0212_18,"[[13, 11, 14, 10], [15, 22, 16, 23], [17, 9, 18, 8], [19, 2, 20, 3], [21, 24, 22, 1], [23, 16, 24, 17], [1, 20, 2, 21], [3, 7, 4, 6], [5, 13, 6, 12], [7, 15, 8, 14], [9, 19, 10, 18], [11, 5, 12, 4]]"
12a_0212_19,"[[11, 5, 12, 4], [13, 11, 14, 10], [15, 22, 16, 23], [17, 9, 18, 8], [19, 2, 20, 3], [21, 24, 22, 1], [23, 16, 24, 17], [1, 20, 2, 21], [3, 7, 4, 6], [5, 13, 6, 12], [7, 15, 8, 14], [9, 19, 10, 18]]"
12a_0212_20,"[[9, 19, 10, 18], [11, 5, 12, 4], [13, 11, 14, 10], [15, 22, 16, 23], [17, 9, 18, 8], [19, 2, 20, 3], [21, 24, 22, 1], [23, 16, 24, 17], [1, 20, 2, 21], [3, 7, 4, 6], [5, 13, 6, 12], [7, 15, 8, 14]]"
12a_0212_21,"[[7, 15, 8, 14], [9, 19, 10, 18], [11, 5, 12, 4], [13, 11, 14, 10], [15, 22, 16, 23], [17, 9, 18, 8], [19, 2, 20, 3], [21, 24, 22, 1], [23, 16, 24, 17], [1, 20, 2, 21], [3, 7, 4, 6], [5, 13, 6, 12]]"
12a_0212_22,"[[5, 13, 6, 12], [7, 15, 8, 14], [9, 19, 10, 18], [11, 5, 12, 4], [13, 11, 14, 10], [15, 22, 16, 23], [17, 9, 18, 8], [19, 2, 20, 3], [21, 24, 22, 1], [23, 16, 24, 17], [1, 20, 2, 21], [3, 7, 4, 6]]"
12a_0212_23,"[[3, 7, 4, 6], [5, 13, 6, 12], [7, 15, 8, 14], [9, 19, 10, 18], [11, 5, 12, 4], [13, 11, 14, 10], [15, 22, 16, 23], [17, 9, 18, 8], [19, 2, 20, 3], [21, 24, 22, 1], [23, 16, 24, 17], [1, 20, 2, 21]]"
12a_0212_24,"[[2, 21, 3, 22], [4, 8, 5, 7], [6, 14, 7, 13], [8, 16, 9, 15], [10, 20, 11, 19], [12, 6, 13, 5], [14, 12, 15, 11], [16, 23, 17, 24], [18, 10, 19, 9], [20, 3, 21, 4], [22, 1, 23, 2], [24, 17, 1, 18]]"
12a_0212_25,"[[24, 17, 1, 18], [2, 21, 3, 22], [4, 8, 5, 7], [6, 14, 7, 13], [8, 16, 9, 15], [10, 20, 11, 19], [12, 6, 13, 5], [14, 12, 15, 11], [16, 23, 17, 24], [18, 10, 19, 9], [20, 3, 21, 4], [22, 1, 23, 2]]"
12a_0212_26,"[[22, 1, 23, 2], [24, 17, 1, 18], [2, 21, 3, 22], [4, 8, 5, 7], [6, 14, 7, 13], [8, 16, 9, 15], [10, 20, 11, 19], [12, 6, 13, 5], [14, 12, 15, 11], [16, 23, 17, 24], [18, 10, 19, 9], [20, 3, 21, 4]]"
12a_0212_27,"[[20, 3, 21, 4], [22, 1, 23, 2], [24, 17, 1, 18], [2, 21, 3, 22], [4, 8, 5, 7], [6, 14, 7, 13], [8, 16, 9, 15], [10, 20, 11, 19], [12, 6, 13, 5], [14, 12, 15, 11], [16, 23, 17, 24], [18, 10, 19, 9]]"
12a_0212_28,"[[18, 10, 19, 9], [20, 3, 21, 4], [22, 1, 23, 2], [24, 17, 1, 18], [2, 21, 3, 22], [4, 8, 5, 7], [6, 14, 7, 13], [8, 16, 9, 15], [10, 20, 11, 19], [12, 6, 13, 5], [14, 12, 15, 11], [16, 23, 17, 24]]"
12a_0212_29,"[[16, 23, 17, 24], [18, 10, 19, 9], [20, 3, 21, 4], [22, 1, 23, 2], [24, 17, 1, 18], [2, 21, 3, 22], [4, 8, 5, 7], [6, 14, 7, 13], [8, 16, 9, 15], [10, 20, 11, 19], [12, 6, 13, 5], [14, 12, 15, 11]]"
12a_0212_30,"[[14, 12, 15, 11], [16, 23, 17, 24], [18, 10, 19, 9], [20, 3, 21, 4], [22, 1, 23, 2], [24, 17, 1, 18], [2, 21, 3, 22], [4, 8, 5, 7], [6, 14, 7, 13], [8, 16, 9, 15], [10, 20, 11, 19], [12, 6, 13, 5]]"
12a_0212_31,"[[12, 6, 13, 5], [14, 12, 15, 11], [16, 23, 17, 24], [18, 10, 19, 9], [20, 3, 21, 4], [22, 1, 23, 2], [24, 17, 1, 18], [2, 21, 3, 22], [4, 8, 5, 7], [6, 14, 7, 13], [8, 16, 9, 15], [10, 20, 11, 19]]"
12a_0212_32,"[[10, 20, 11, 19], [12, 6, 13, 5], [14, 12, 15, 11], [16, 23, 17, 24], [18, 10, 19, 9], [20, 3, 21, 4], [22, 1, 23, 2], [24, 17, 1, 18], [2, 21, 3, 22], [4, 8, 5, 7], [6, 14, 7, 13], [8, 16, 9, 15]]"
12a_0212_33,"[[8, 16, 9, 15], [10, 20, 11, 19], [12, 6, 13, 5], [14, 12, 15, 11], [16, 23, 17, 24], [18, 10, 19, 9], [20, 3, 21, 4], [22, 1, 23, 2], [24, 17, 1, 18], [2, 21, 3, 22], [4, 8, 5, 7], [6, 14, 7, 13]]"
12a_0212_34,"[[6, 14, 7, 13], [8, 16, 9, 15], [10, 20, 11, 19], [12, 6, 13, 5], [14, 12, 15, 11], [16, 23, 17, 24], [18, 10, 19, 9], [20, 3, 21, 4], [22, 1, 23, 2], [24, 17, 1, 18], [2, 21, 3, 22], [4, 8, 5, 7]]"
12a_0212_35,"[[4, 8, 5, 7], [6, 14, 7, 13], [8, 16, 9, 15], [10, 20, 11, 19], [12, 6, 13, 5], [14, 12, 15, 11], [16, 23, 17, 24], [18, 10, 19, 9], [20, 3, 21, 4], [22, 1, 23, 2], [24, 17, 1, 18], [2, 21, 3, 22]]"
12a_0212_36,"[[3, 22, 4, 23], [5, 9, 6, 8], [7, 15, 8, 14], [9, 17, 10, 16], [11, 21, 12, 20], [13, 7, 14, 6], [15, 13, 16, 12], [17, 24, 18, 1], [19, 11, 20, 10], [21, 4, 22, 5], [23, 2, 24, 3], [1, 18, 2, 19]]"
12a_0212_37,"[[1, 18, 2, 19], [3, 22, 4, 23], [5, 9, 6, 8], [7, 15, 8, 14], [9, 17, 10, 16], [11, 21, 12, 20], [13, 7, 14, 6], [15, 13, 16, 12], [17, 24, 18, 1], [19, 11, 20, 10], [21, 4, 22, 5], [23, 2, 24, 3]]"
12a_0212_38,"[[23, 2, 24, 3], [1, 18, 2, 19], [3, 22, 4, 23], [5, 9, 6, 8], [7, 15, 8, 14], [9, 17, 10, 16], [11, 21, 12, 20], [13, 7, 14, 6], [15, 13, 16, 12], [17, 24, 18, 1], [19, 11, 20, 10], [21, 4, 22, 5]]"
12a_0212_39,"[[21, 4, 22, 5], [23, 2, 24, 3], [1, 18, 2, 19], [3, 22, 4, 23], [5, 9, 6, 8], [7, 15, 8, 14], [9, 17, 10, 16], [11, 21, 12, 20], [13, 7, 14, 6], [15, 13, 16, 12], [17, 24, 18, 1], [19, 11, 20, 10]]"
12a_0212_40,"[[19, 11, 20, 10], [21, 4, 22, 5], [23, 2, 24, 3], [1, 18, 2, 19], [3, 22, 4, 23], [5, 9, 6, 8], [7, 15, 8, 14], [9, 17, 10, 16], [11, 21, 12, 20], [13, 7, 14, 6], [15, 13, 16, 12], [17, 24, 18, 1]]"
12a_0212_41,"[[17, 24, 18, 1], [19, 11, 20, 10], [21, 4, 22, 5], [23, 2, 24, 3], [1, 18, 2, 19], [3, 22, 4, 23], [5, 9, 6, 8], [7, 15, 8, 14], [9, 17, 10, 16], [11, 21, 12, 20], [13, 7, 14, 6], [15, 13, 16, 12]]"
12a_0212_42,"[[15, 13, 16, 12], [17, 24, 18, 1], [19, 11, 20, 10], [21, 4, 22, 5], [23, 2, 24, 3], [1, 18, 2, 19], [3, 22, 4, 23], [5, 9, 6, 8], [7, 15, 8, 14], [9, 17, 10, 16], [11, 21, 12, 20], [13, 7, 14, 6]]"
12a_0212_43,"[[13, 7, 14, 6], [15, 13, 16, 12], [17, 24, 18, 1], [19, 11, 20, 10], [21, 4, 22, 5], [23, 2, 24, 3], [1, 18, 2, 19], [3, 22, 4, 23], [5, 9, 6, 8], [7, 15, 8, 14], [9, 17, 10, 16], [11, 21, 12, 20]]"
12a_0212_44,"[[11, 21, 12, 20], [13, 7, 14, 6], [15, 13, 16, 12], [17, 24, 18, 1], [19, 11, 20, 10], [21, 4, 22, 5], [23, 2, 24, 3], [1, 18, 2, 19], [3, 22, 4, 23], [5, 9, 6, 8], [7, 15, 8, 14], [9, 17, 10, 16]]"
12a_0212_45,"[[9, 17, 10, 16], [11, 21, 12, 20], [13, 7, 14, 6], [15, 13, 16, 12], [17, 24, 18, 1], [19, 11, 20, 10], [21, 4, 22, 5], [23, 2, 24, 3], [1, 18, 2, 19], [3, 22, 4, 23], [5, 9, 6, 8], [7, 15, 8, 14]]"
12a_0212_46,"[[7, 15, 8, 14], [9, 17, 10, 16], [11, 21, 12, 20], [13, 7, 14, 6], [15, 13, 16, 12], [17, 24, 18, 1], [19, 11, 20, 10], [21, 4, 22, 5], [23, 2, 24, 3], [1, 18, 2, 19], [3, 22, 4, 23], [5, 9, 6, 8]]"
12a_0212_47,"[[5, 9, 6, 8], [7, 15, 8, 14], [9, 17, 10, 16], [11, 21, 12, 20], [13, 7, 14, 6], [15, 13, 16, 12], [17, 24, 18, 1], [19, 11, 20, 10], [21, 4, 22, 5], [23, 2, 24, 3], [1, 18, 2, 19], [3, 22, 4, 23]]"
12a_0212_48,"[[4, 23, 5, 24], [6, 10, 7, 9], [8, 16, 9, 15], [10, 18, 11, 17], [12, 22, 13, 21], [14, 8, 15, 7], [16, 14, 17, 13], [18, 1, 19, 2], [20, 12, 21, 11], [22, 5, 23, 6], [24, 3, 1, 4], [2, 19, 3, 20]]"
12a_0212_49,"[[2, 19, 3, 20], [4, 23, 5, 24], [6, 10, 7, 9], [8, 16, 9, 15], [10, 18, 11, 17], [12, 22, 13, 21], [14, 8, 15, 7], [16, 14, 17, 13], [18, 1, 19, 2], [20, 12, 21, 11], [22, 5, 23, 6], [24, 3, 1, 4]]"
12a_0212_50,"[[24, 3, 1, 4], [2, 19, 3, 20], [4, 23, 5, 24], [6, 10, 7, 9], [8, 16, 9, 15], [10, 18, 11, 17], [12, 22, 13, 21], [14, 8, 15, 7], [16, 14, 17, 13], [18, 1, 19, 2], [20, 12, 21, 11], [22, 5, 23, 6]]"
12a_0212_51,"[[22, 5, 23, 6], [24, 3, 1, 4], [2, 19, 3, 20], [4, 23, 5, 24], [6, 10, 7, 9], [8, 16, 9, 15], [10, 18, 11, 17], [12, 22, 13, 21], [14, 8, 15, 7], [16, 14, 17, 13], [18, 1, 19, 2], [20, 12, 21, 11]]"
12a_0212_52,"[[20, 12, 21, 11], [22, 5, 23, 6], [24, 3, 1, 4], [2, 19, 3, 20], [4, 23, 5, 24], [6, 10, 7, 9], [8, 16, 9, 15], [10, 18, 11, 17], [12, 22, 13, 21], [14, 8, 15, 7], [16, 14, 17, 13], [18, 1, 19, 2]]"
12a_0212_53,"[[18, 1, 19, 2], [20, 12, 21, 11], [22, 5, 23, 6], [24, 3, 1, 4], [2, 19, 3, 20], [4, 23, 5, 24], [6, 10, 7, 9], [8, 16, 9, 15], [10, 18, 11, 17], [12, 22, 13, 21], [14, 8, 15, 7], [16, 14, 17, 13]]"
12a_0212_54,"[[16, 14, 17, 13], [18, 1, 19, 2], [20, 12, 21, 11], [22, 5, 23, 6], [24, 3, 1, 4], [2, 19, 3, 20], [4, 23, 5, 24], [6, 10, 7, 9], [8, 16, 9, 15], [10, 18, 11, 17], [12, 22, 13, 21], [14, 8, 15, 7]]"
12a_0212_55,"[[14, 8, 15, 7], [16, 14, 17, 13], [18, 1, 19, 2], [20, 12, 21, 11], [22, 5, 23, 6], [24, 3, 1, 4], [2, 19, 3, 20], [4, 23, 5, 24], [6, 10, 7, 9], [8, 16, 9, 15], [10, 18, 11, 17], [12, 22, 13, 21]]"
12a_0212_56,"[[12, 22, 13, 21], [14, 8, 15, 7], [16, 14, 17, 13], [18, 1, 19, 2], [20, 12, 21, 11], [22, 5, 23, 6], [24, 3, 1, 4], [2, 19, 3, 20], [4, 23, 5, 24], [6, 10, 7, 9], [8, 16, 9, 15], [10, 18, 11, 17]]"
12a_0212_57,"[[10, 18, 11, 17], [12, 22, 13, 21], [14, 8, 15, 7], [16, 14, 17, 13], [18, 1, 19, 2], [20, 12, 21, 11], [22, 5, 23, 6], [24, 3, 1, 4], [2, 19, 3, 20], [4, 23, 5, 24], [6, 10, 7, 9], [8, 16, 9, 15]]"
12a_0212_58,"[[8, 16, 9, 15], [10, 18, 11, 17], [12, 22, 13, 21], [14, 8, 15, 7], [16, 14, 17, 13], [18, 1, 19, 2], [20, 12, 21, 11], [22, 5, 23, 6], [24, 3, 1, 4], [2, 19, 3, 20], [4, 23, 5, 24], [6, 10, 7, 9]]"
12a_0212_59,"[[6, 10, 7, 9], [8, 16, 9, 15], [10, 18, 11, 17], [12, 22, 13, 21], [14, 8, 15, 7], [16, 14, 17, 13], [18, 1, 19, 2], [20, 12, 21, 11], [22, 5, 23, 6], [24, 3, 1, 4], [2, 19, 3, 20], [4, 23, 5, 24]]"
12a_0212_60,"[[5, 24, 6, 1], [7, 11, 8, 10], [9, 17, 10, 16], [11, 19, 12, 18], [13, 23, 14, 22], [15, 9, 16, 8], [17, 15, 18, 14], [19, 2, 20, 3], [21, 13, 22, 12], [23, 6, 24, 7], [1, 4, 2, 5], [3, 20, 4, 21]]"
12a_0212_61,"[[3, 20, 4, 21], [5, 24, 6, 1], [7, 11, 8, 10], [9, 17, 10, 16], [11, 19, 12, 18], [13, 23, 14, 22], [15, 9, 16, 8], [17, 15, 18, 14], [19, 2, 20, 3], [21, 13, 22, 12], [23, 6, 24, 7], [1, 4, 2, 5]]"
12a_0212_62,"[[1, 4, 2, 5], [3, 20, 4, 21], [5, 24, 6, 1], [7, 11, 8, 10], [9, 17, 10, 16], [11, 19, 12, 18], [13, 23, 14, 22], [15, 9, 16, 8], [17, 15, 18, 14], [19, 2, 20, 3], [21, 13, 22, 12], [23, 6, 24, 7]]"
12a_0212_63,"[[23, 6, 24, 7], [1, 4, 2, 5], [3, 20, 4, 21], [5, 24, 6, 1], [7, 11, 8, 10], [9, 17, 10, 16], [11, 19, 12, 18], [13, 23, 14, 22], [15, 9, 16, 8], [17, 15, 18, 14], [19, 2, 20, 3], [21, 13, 22, 12]]"
12a_0212_64,"[[21, 13, 22, 12], [23, 6, 24, 7], [1, 4, 2, 5], [3, 20, 4, 21], [5, 24, 6, 1], [7, 11, 8, 10], [9, 17, 10, 16], [11, 19, 12, 18], [13, 23, 14, 22], [15, 9, 16, 8], [17, 15, 18, 14], [19, 2, 20, 3]]"
12a_0212_65,"[[19, 2, 20, 3], [21, 13, 22, 12], [23, 6, 24, 7], [1, 4, 2, 5], [3, 20, 4, 21], [5, 24, 6, 1], [7, 11, 8, 10], [9, 17, 10, 16], [11, 19, 12, 18], [13, 23, 14, 22], [15, 9, 16, 8], [17, 15, 18, 14]]"
12a_0212_66,"[[17, 15, 18, 14], [19, 2, 20, 3], [21, 13, 22, 12], [23, 6, 24, 7], [1, 4, 2, 5], [3, 20, 4, 21], [5, 24, 6, 1], [7, 11, 8, 10], [9, 17, 10, 16], [11, 19, 12, 18], [13, 23, 14, 22], [15, 9, 16, 8]]"
12a_0212_67,"[[15, 9, 16, 8], [17, 15, 18, 14], [19, 2, 20, 3], [21, 13, 22, 12], [23, 6, 24, 7], [1, 4, 2, 5], [3, 20, 4, 21], [5, 24, 6, 1], [7, 11, 8, 10], [9, 17, 10, 16], [11, 19, 12, 18], [13, 23, 14, 22]]"
12a_0212_68,"[[13, 23, 14, 22], [15, 9, 16, 8], [17, 15, 18, 14], [19, 2, 20, 3], [21, 13, 22, 12], [23, 6, 24, 7], [1, 4, 2, 5], [3, 20, 4, 21], [5, 24, 6, 1], [7, 11, 8, 10], [9, 17, 10, 16], [11, 19, 12, 18]]"
12a_0212_69,"[[11, 19, 12, 18], [13, 23, 14, 22], [15, 9, 16, 8], [17, 15, 18, 14], [19, 2, 20, 3], [21, 13, 22, 12], [23, 6, 24, 7], [1, 4, 2, 5], [3, 20, 4, 21], [5, 24, 6, 1], [7, 11, 8, 10], [9, 17, 10, 16]]"
12a_0212_70,"[[9, 17, 10, 16], [11, 19, 12, 18], [13, 23, 14, 22], [15, 9, 16, 8], [17, 15, 18, 14], [19, 2, 20, 3], [21, 13, 22, 12], [23, 6, 24, 7], [1, 4, 2, 5], [3, 20, 4, 21], [5, 24, 6, 1], [7, 11, 8, 10]]"
12a_0212_71,"[[7, 11, 8, 10], [9, 17, 10, 16], [11, 19, 12, 18], [13, 23, 14, 22], [15, 9, 16, 8], [17, 15, 18, 14], [19, 2, 20, 3], [21, 13, 22, 12], [23, 6, 24, 7], [1, 4, 2, 5], [3, 20, 4, 21], [5, 24, 6, 1]]"
12a_0212_72,"[[6, 1, 7, 2], [8, 12, 9, 11], [10, 18, 11, 17], [12, 20, 13, 19], [14, 24, 15, 23], [16, 10, 17, 9], [18, 16, 19, 15], [20, 3, 21, 4], [22, 14, 23, 13], [24, 7, 1, 8], [2, 5, 3, 6], [4, 21, 5, 22]]"
12a_0212_73,"[[4, 21, 5, 22], [6, 1, 7, 2], [8, 12, 9, 11], [10, 18, 11, 17], [12, 20, 13, 19], [14, 24, 15, 23], [16, 10, 17, 9], [18, 16, 19, 15], [20, 3, 21, 4], [22, 14, 23, 13], [24, 7, 1, 8], [2, 5, 3, 6]]"
12a_0212_74,"[[2, 5, 3, 6], [4, 21, 5, 22], [6, 1, 7, 2], [8, 12, 9, 11], [10, 18, 11, 17], [12, 20, 13, 19], [14, 24, 15, 23], [16, 10, 17, 9], [18, 16, 19, 15], [20, 3, 21, 4], [22, 14, 23, 13], [24, 7, 1, 8]]"
12a_0212_75,"[[24, 7, 1, 8], [2, 5, 3, 6], [4, 21, 5, 22], [6, 1, 7, 2], [8, 12, 9, 11], [10, 18, 11, 17], [12, 20, 13, 19], [14, 24, 15, 23], [16, 10, 17, 9], [18, 16, 19, 15], [20, 3, 21, 4], [22, 14, 23, 13]]"
12a_0212_76,"[[22, 14, 23, 13], [24, 7, 1, 8], [2, 5, 3, 6], [4, 21, 5, 22], [6, 1, 7, 2], [8, 12, 9, 11], [10, 18, 11, 17], [12, 20, 13, 19], [14, 24, 15, 23], [16, 10, 17, 9], [18, 16, 19, 15], [20, 3, 21, 4]]"
12a_0212_77,"[[20, 3, 21, 4], [22, 14, 23, 13], [24, 7, 1, 8], [2, 5, 3, 6], [4, 21, 5, 22], [6, 1, 7, 2], [8, 12, 9, 11], [10, 18, 11, 17], [12, 20, 13, 19], [14, 24, 15, 23], [16, 10, 17, 9], [18, 16, 19, 15]]"
12a_0212_78,"[[18, 16, 19, 15], [20, 3, 21, 4], [22, 14, 23, 13], [24, 7, 1, 8], [2, 5, 3, 6], [4, 21, 5, 22], [6, 1, 7, 2], [8, 12, 9, 11], [10, 18, 11, 17], [12, 20, 13, 19], [14, 24, 15, 23], [16, 10, 17, 9]]"
12a_0212_79,"[[16, 10, 17, 9], [18, 16, 19, 15], [20, 3, 21, 4], [22, 14, 23, 13], [24, 7, 1, 8], [2, 5, 3, 6], [4, 21, 5, 22], [6, 1, 7, 2], [8, 12, 9, 11], [10, 18, 11, 17], [12, 20, 13, 19], [14, 24, 15, 23]]"
12a_0212_80,"[[14, 24, 15, 23], [16, 10, 17, 9], [18, 16, 19, 15], [20, 3, 21, 4], [22, 14, 23, 13], [24, 7, 1, 8], [2, 5, 3, 6], [4, 21, 5, 22], [6, 1, 7, 2], [8, 12, 9, 11], [10, 18, 11, 17], [12, 20, 13, 19]]"
12a_0212_81,"[[12, 20, 13, 19], [14, 24, 15, 23], [16, 10, 17, 9], [18, 16, 19, 15], [20, 3, 21, 4], [22, 14, 23, 13], [24, 7, 1, 8], [2, 5, 3, 6], [4, 21, 5, 22], [6, 1, 7, 2], [8, 12, 9, 11], [10, 18, 11, 17]]"
12a_0212_82,"[[10, 18, 11, 17], [12, 20, 13, 19], [14, 24, 15, 23], [16, 10, 17, 9], [18, 16, 19, 15], [20, 3, 21, 4], [22, 14, 23, 13], [24, 7, 1, 8], [2, 5, 3, 6], [4, 21, 5, 22], [6, 1, 7, 2], [8, 12, 9, 11]]"
12a_0212_83,"[[8, 12, 9, 11], [10, 18, 11, 17], [12, 20, 13, 19], [14, 24, 15, 23], [16, 10, 17, 9], [18, 16, 19, 15], [20, 3, 21, 4], [22, 14, 23, 13], [24, 7, 1, 8], [2, 5, 3, 6], [4, 21, 5, 22], [6, 1, 7, 2]]"
12a_0212_84,"[[7, 2, 8, 3], [9, 13, 10, 12], [11, 19, 12, 18], [13, 21, 14, 20], [15, 1, 16, 24], [17, 11, 18, 10], [19, 17, 20, 16], [21, 4, 22, 5], [23, 15, 24, 14], [1, 8, 2, 9], [3, 6, 4, 7], [5, 22, 6, 23]]"
12a_0212_85,"[[5, 22, 6, 23], [7, 2, 8, 3], [9, 13, 10, 12], [11, 19, 12, 18], [13, 21, 14, 20], [15, 1, 16, 24], [17, 11, 18, 10], [19, 17, 20, 16], [21, 4, 22, 5], [23, 15, 24, 14], [1, 8, 2, 9], [3, 6, 4, 7]]"
12a_0212_86,"[[3, 6, 4, 7], [5, 22, 6, 23], [7, 2, 8, 3], [9, 13, 10, 12], [11, 19, 12, 18], [13, 21, 14, 20], [15, 1, 16, 24], [17, 11, 18, 10], [19, 17, 20, 16], [21, 4, 22, 5], [23, 15, 24, 14], [1, 8, 2, 9]]"
12a_0212_87,"[[1, 8, 2, 9], [3, 6, 4, 7], [5, 22, 6, 23], [7, 2, 8, 3], [9, 13, 10, 12], [11, 19, 12, 18], [13, 21, 14, 20], [15, 1, 16, 24], [17, 11, 18, 10], [19, 17, 20, 16], [21, 4, 22, 5], [23, 15, 24, 14]]"
12a_0212_88,"[[23, 15, 24, 14], [1, 8, 2, 9], [3, 6, 4, 7], [5, 22, 6, 23], [7, 2, 8, 3], [9, 13, 10, 12], [11, 19, 12, 18], [13, 21, 14, 20], [15, 1, 16, 24], [17, 11, 18, 10], [19, 17, 20, 16], [21, 4, 22, 5]]"
12a_0212_89,"[[21, 4, 22, 5], [23, 15, 24, 14], [1, 8, 2, 9], [3, 6, 4, 7], [5, 22, 6, 23], [7, 2, 8, 3], [9, 13, 10, 12], [11, 19, 12, 18], [13, 21, 14, 20], [15, 1, 16, 24], [17, 11, 18, 10], [19, 17, 20, 16]]"
12a_0212_90,"[[19, 17, 20, 16], [21, 4, 22, 5], [23, 15, 24, 14], [1, 8, 2, 9], [3, 6, 4, 7], [5, 22, 6, 23], [7, 2, 8, 3], [9, 13, 10, 12], [11, 19, 12, 18], [13, 21, 14, 20], [15, 1, 16, 24], [17, 11, 18, 10]]"
12a_0212_91,"[[17, 11, 18, 10], [19, 17, 20, 16], [21, 4, 22, 5], [23, 15, 24, 14], [1, 8, 2, 9], [3, 6, 4, 7], [5, 22, 6, 23], [7, 2, 8, 3], [9, 13, 10, 12], [11, 19, 12, 18], [13, 21, 14, 20], [15, 1, 16, 24]]"
12a_0212_92,"[[15, 1, 16, 24], [17, 11, 18, 10], [19, 17, 20, 16], [21, 4, 22, 5], [23, 15, 24, 14], [1, 8, 2, 9], [3, 6, 4, 7], [5, 22, 6, 23], [7, 2, 8, 3], [9, 13, 10, 12], [11, 19, 12, 18], [13, 21, 14, 20]]"
12a_0212_93,"[[13, 21, 14, 20], [15, 1, 16, 24], [17, 11, 18, 10], [19, 17, 20, 16], [21, 4, 22, 5], [23, 15, 24, 14], [1, 8, 2, 9], [3, 6, 4, 7], [5, 22, 6, 23], [7, 2, 8, 3], [9, 13, 10, 12], [11, 19, 12, 18]]"
12a_0212_94,"[[11, 19, 12, 18], [13, 21, 14, 20], [15, 1, 16, 24], [17, 11, 18, 10], [19, 17, 20, 16], [21, 4, 22, 5], [23, 15, 24, 14], [1, 8, 2, 9], [3, 6, 4, 7], [5, 22, 6, 23], [7, 2, 8, 3], [9, 13, 10, 12]]"
12a_0212_95,"[[9, 13, 10, 12], [11, 19, 12, 18], [13, 21, 14, 20], [15, 1, 16, 24], [17, 11, 18, 10], [19, 17, 20, 16], [21, 4, 22, 5], [23, 15, 24, 14], [1, 8, 2, 9], [3, 6, 4, 7], [5, 22, 6, 23], [7, 2, 8, 3]]"
12a_0212_96,"[[8, 3, 9, 4], [10, 14, 11, 13], [12, 20, 13, 19], [14, 22, 15, 21], [16, 2, 17, 1], [18, 12, 19, 11], [20, 18, 21, 17], [22, 5, 23, 6], [24, 16, 1, 15], [2, 9, 3, 10], [4, 7, 5, 8], [6, 23, 7, 24]]"
12a_0212_97,"[[6, 23, 7, 24], [8, 3, 9, 4], [10, 14, 11, 13], [12, 20, 13, 19], [14, 22, 15, 21], [16, 2, 17, 1], [18, 12, 19, 11], [20, 18, 21, 17], [22, 5, 23, 6], [24, 16, 1, 15], [2, 9, 3, 10], [4, 7, 5, 8]]"
12a_0212_98,"[[4, 7, 5, 8], [6, 23, 7, 24], [8, 3, 9, 4], [10, 14, 11, 13], [12, 20, 13, 19], [14, 22, 15, 21], [16, 2, 17, 1], [18, 12, 19, 11], [20, 18, 21, 17], [22, 5, 23, 6], [24, 16, 1, 15], [2, 9, 3, 10]]"
12a_0212_99,"[[2, 9, 3, 10], [4, 7, 5, 8], [6, 23, 7, 24], [8, 3, 9, 4], [10, 14, 11, 13], [12, 20, 13, 19], [14, 22, 15, 21], [16, 2, 17, 1], [18, 12, 19, 11], [20, 18, 21, 17], [22, 5, 23, 6], [24, 16, 1, 15]]"
12a_0212_100,"[[24, 16, 1, 15], [2, 9, 3, 10], [4, 7, 5, 8], [6, 23, 7, 24], [8, 3, 9, 4], [10, 14, 11, 13], [12, 20, 13, 19], [14, 22, 15, 21], [16, 2, 17, 1], [18, 12, 19, 11], [20, 18, 21, 17], [22, 5, 23, 6]]"
12a_0212_101,"[[22, 5, 23, 6], [24, 16, 1, 15], [2, 9, 3, 10], [4, 7, 5, 8], [6, 23, 7, 24], [8, 3, 9, 4], [10, 14, 11, 13], [12, 20, 13, 19], [14, 22, 15, 21], [16, 2, 17, 1], [18, 12, 19, 11], [20, 18, 21, 17]]"
12a_0212_102,"[[20, 18, 21, 17], [22, 5, 23, 6], [24, 16, 1, 15], [2, 9, 3, 10], [4, 7, 5, 8], [6, 23, 7, 24], [8, 3, 9, 4], [10, 14, 11, 13], [12, 20, 13, 19], [14, 22, 15, 21], [16, 2, 17, 1], [18, 12, 19, 11]]"
12a_0212_103,"[[18, 12, 19, 11], [20, 18, 21, 17], [22, 5, 23, 6], [24, 16, 1, 15], [2, 9, 3, 10], [4, 7, 5, 8], [6, 23, 7, 24], [8, 3, 9, 4], [10, 14, 11, 13], [12, 20, 13, 19], [14, 22, 15, 21], [16, 2, 17, 1]]"
12a_0212_104,"[[16, 2, 17, 1], [18, 12, 19, 11], [20, 18, 21, 17], [22, 5, 23, 6], [24, 16, 1, 15], [2, 9, 3, 10], [4, 7, 5, 8], [6, 23, 7, 24], [8, 3, 9, 4], [10, 14, 11, 13], [12, 20, 13, 19], [14, 22, 15, 21]]"
12a_0212_105,"[[14, 22, 15, 21], [16, 2, 17, 1], [18, 12, 19, 11], [20, 18, 21, 17], [22, 5, 23, 6], [24, 16, 1, 15], [2, 9, 3, 10], [4, 7, 5, 8], [6, 23, 7, 24], [8, 3, 9, 4], [10, 14, 11, 13], [12, 20, 13, 19]]"
12a_0212_106,"[[12, 20, 13, 19], [14, 22, 15, 21], [16, 2, 17, 1], [18, 12, 19, 11], [20, 18, 21, 17], [22, 5, 23, 6], [24, 16, 1, 15], [2, 9, 3, 10], [4, 7, 5, 8], [6, 23, 7, 24], [8, 3, 9, 4], [10, 14, 11, 13]]"
12a_0212_107,"[[10, 14, 11, 13], [12, 20, 13, 19], [14, 22, 15, 21], [16, 2, 17, 1], [18, 12, 19, 11], [20, 18, 21, 17], [22, 5, 23, 6], [24, 16, 1, 15], [2, 9, 3, 10], [4, 7, 5, 8], [6, 23, 7, 24], [8, 3, 9, 4]]"
12a_0212_108,"[[9, 4, 10, 5], [11, 15, 12, 14], [13, 21, 14, 20], [15, 23, 16, 22], [17, 3, 18, 2], [19, 13, 20, 12], [21, 19, 22, 18], [23, 6, 24, 7], [1, 17, 2, 16], [3, 10, 4, 11], [5, 8, 6, 9], [7, 24, 8, 1]]"
12a_0212_109,"[[7, 24, 8, 1], [9, 4, 10, 5], [11, 15, 12, 14], [13, 21, 14, 20], [15, 23, 16, 22], [17, 3, 18, 2], [19, 13, 20, 12], [21, 19, 22, 18], [23, 6, 24, 7], [1, 17, 2, 16], [3, 10, 4, 11], [5, 8, 6, 9]]"
12a_0212_110,"[[5, 8, 6, 9], [7, 24, 8, 1], [9, 4, 10, 5], [11, 15, 12, 14], [13, 21, 14, 20], [15, 23, 16, 22], [17, 3, 18, 2], [19, 13, 20, 12], [21, 19, 22, 18], [23, 6, 24, 7], [1, 17, 2, 16], [3, 10, 4, 11]]"
12a_0212_111,"[[3, 10, 4, 11], [5, 8, 6, 9], [7, 24, 8, 1], [9, 4, 10, 5], [11, 15, 12, 14], [13, 21, 14, 20], [15, 23, 16, 22], [17, 3, 18, 2], [19, 13, 20, 12], [21, 19, 22, 18], [23, 6, 24, 7], [1, 17, 2, 16]]"
12a_0212_112,"[[1, 17, 2, 16], [3, 10, 4, 11], [5, 8, 6, 9], [7, 24, 8, 1], [9, 4, 10, 5], [11, 15, 12, 14], [13, 21, 14, 20], [15, 23, 16, 22], [17, 3, 18, 2], [19, 13, 20, 12], [21, 19, 22, 18], [23, 6, 24, 7]]"
12a_0212_113,"[[23, 6, 24, 7], [1, 17, 2, 16], [3, 10, 4, 11], [5, 8, 6, 9], [7, 24, 8, 1], [9, 4, 10, 5], [11, 15, 12, 14], [13, 21, 14, 20], [15, 23, 16, 22], [17, 3, 18, 2], [19, 13, 20, 12], [21, 19, 22, 18]]"
12a_0212_114,"[[21, 19, 22, 18], [23, 6, 24, 7], [1, 17, 2, 16], [3, 10, 4, 11], [5, 8, 6, 9], [7, 24, 8, 1], [9, 4, 10, 5], [11, 15, 12, 14], [13, 21, 14, 20], [15, 23, 16, 22], [17, 3, 18, 2], [19, 13, 20, 12]]"
12a_0212_115,"[[19, 13, 20, 12], [21, 19, 22, 18], [23, 6, 24, 7], [1, 17, 2, 16], [3, 10, 4, 11], [5, 8, 6, 9], [7, 24, 8, 1], [9, 4, 10, 5], [11, 15, 12, 14], [13, 21, 14, 20], [15, 23, 16, 22], [17, 3, 18, 2]]"
12a_0212_116,"[[17, 3, 18, 2], [19, 13, 20, 12], [21, 19, 22, 18], [23, 6, 24, 7], [1, 17, 2, 16], [3, 10, 4, 11], [5, 8, 6, 9], [7, 24, 8, 1], [9, 4, 10, 5], [11, 15, 12, 14], [13, 21, 14, 20], [15, 23, 16, 22]]"
12a_0212_117,"[[15, 23, 16, 22], [17, 3, 18, 2], [19, 13, 20, 12], [21, 19, 22, 18], [23, 6, 24, 7], [1, 17, 2, 16], [3, 10, 4, 11], [5, 8, 6, 9], [7, 24, 8, 1], [9, 4, 10, 5], [11, 15, 12, 14], [13, 21, 14, 20]]"
12a_0212_118,"[[13, 21, 14, 20], [15, 23, 16, 22], [17, 3, 18, 2], [19, 13, 20, 12], [21, 19, 22, 18], [23, 6, 24, 7], [1, 17, 2, 16], [3, 10, 4, 11], [5, 8, 6, 9], [7, 24, 8, 1], [9, 4, 10, 5], [11, 15, 12, 14]]"
12a_0212_119,"[[11, 15, 12, 14], [13, 21, 14, 20], [15, 23, 16, 22], [17, 3, 18, 2], [19, 13, 20, 12], [21, 19, 22, 18], [23, 6, 24, 7], [1, 17, 2, 16], [3, 10, 4, 11], [5, 8, 6, 9], [7, 24, 8, 1], [9, 4, 10, 5]]"
12a_0212_120,"[[10, 5, 11, 6], [12, 16, 13, 15], [14, 22, 15, 21], [16, 24, 17, 23], [18, 4, 19, 3], [20, 14, 21, 13], [22, 20, 23, 19], [24, 7, 1, 8], [2, 18, 3, 17], [4, 11, 5, 12], [6, 9, 7, 10], [8, 1, 9, 2]]"
12a_0212_121,"[[8, 1, 9, 2], [10, 5, 11, 6], [12, 16, 13, 15], [14, 22, 15, 21], [16, 24, 17, 23], [18, 4, 19, 3], [20, 14, 21, 13], [22, 20, 23, 19], [24, 7, 1, 8], [2, 18, 3, 17], [4, 11, 5, 12], [6, 9, 7, 10]]"
12a_0212_122,"[[6, 9, 7, 10], [8, 1, 9, 2], [10, 5, 11, 6], [12, 16, 13, 15], [14, 22, 15, 21], [16, 24, 17, 23], [18, 4, 19, 3], [20, 14, 21, 13], [22, 20, 23, 19], [24, 7, 1, 8], [2, 18, 3, 17], [4, 11, 5, 12]]"
12a_0212_123,"[[4, 11, 5, 12], [6, 9, 7, 10], [8, 1, 9, 2], [10, 5, 11, 6], [12, 16, 13, 15], [14, 22, 15, 21], [16, 24, 17, 23], [18, 4, 19, 3], [20, 14, 21, 13], [22, 20, 23, 19], [24, 7, 1, 8], [2, 18, 3, 17]]"
12a_0212_124,"[[2, 18, 3, 17], [4, 11, 5, 12], [6, 9, 7, 10], [8, 1, 9, 2], [10, 5, 11, 6], [12, 16, 13, 15], [14, 22, 15, 21], [16, 24, 17, 23], [18, 4, 19, 3], [20, 14, 21, 13], [22, 20, 23, 19], [24, 7, 1, 8]]"
12a_0212_125,"[[24, 7, 1, 8], [2, 18, 3, 17], [4, 11, 5, 12], [6, 9, 7, 10], [8, 1, 9, 2], [10, 5, 11, 6], [12, 16, 13, 15], [14, 22, 15, 21], [16, 24, 17, 23], [18, 4, 19, 3], [20, 14, 21, 13], [22, 20, 23, 19]]"
12a_0212_126,"[[22, 20, 23, 19], [24, 7, 1, 8], [2, 18, 3, 17], [4, 11, 5, 12], [6, 9, 7, 10], [8, 1, 9, 2], [10, 5, 11, 6], [12, 16, 13, 15], [14, 22, 15, 21], [16, 24, 17, 23], [18, 4, 19, 3], [20, 14, 21, 13]]"
12a_0212_127,"[[20, 14, 21, 13], [22, 20, 23, 19], [24, 7, 1, 8], [2, 18, 3, 17], [4, 11, 5, 12], [6, 9, 7, 10], [8, 1, 9, 2], [10, 5, 11, 6], [12, 16, 13, 15], [14, 22, 15, 21], [16, 24, 17, 23], [18, 4, 19, 3]]"
12a_0212_128,"[[18, 4, 19, 3], [20, 14, 21, 13], [22, 20, 23, 19], [24, 7, 1, 8], [2, 18, 3, 17], [4, 11, 5, 12], [6, 9, 7, 10], [8, 1, 9, 2], [10, 5, 11, 6], [12, 16, 13, 15], [14, 22, 15, 21], [16, 24, 17, 23]]"
12a_0212_129,"[[16, 24, 17, 23], [18, 4, 19, 3], [20, 14, 21, 13], [22, 20, 23, 19], [24, 7, 1, 8], [2, 18, 3, 17], [4, 11, 5, 12], [6, 9, 7, 10], [8, 1, 9, 2], [10, 5, 11, 6], [12, 16, 13, 15], [14, 22, 15, 21]]"
12a_0212_130,"[[14, 22, 15, 21], [16, 24, 17, 23], [18, 4, 19, 3], [20, 14, 21, 13], [22, 20, 23, 19], [24, 7, 1, 8], [2, 18, 3, 17], [4, 11, 5, 12], [6, 9, 7, 10], [8, 1, 9, 2], [10, 5, 11, 6], [12, 16, 13, 15]]"
12a_0212_131,"[[12, 16, 13, 15], [14, 22, 15, 21], [16, 24, 17, 23], [18, 4, 19, 3], [20, 14, 21, 13], [22, 20, 23, 19], [24, 7, 1, 8], [2, 18, 3, 17], [4, 11, 5, 12], [6, 9, 7, 10], [8, 1, 9, 2], [10, 5, 11, 6]]"
12a_0212_132,"[[11, 6, 12, 7], [13, 17, 14, 16], [15, 23, 16, 22], [17, 1, 18, 24], [19, 5, 20, 4], [21, 15, 22, 14], [23, 21, 24, 20], [1, 8, 2, 9], [3, 19, 4, 18], [5, 12, 6, 13], [7, 10, 8, 11], [9, 2, 10, 3]]"
12a_0212_133,"[[9, 2, 10, 3], [11, 6, 12, 7], [13, 17, 14, 16], [15, 23, 16, 22], [17, 1, 18, 24], [19, 5, 20, 4], [21, 15, 22, 14], [23, 21, 24, 20], [1, 8, 2, 9], [3, 19, 4, 18], [5, 12, 6, 13], [7, 10, 8, 11]]"
12a_0212_134,"[[7, 10, 8, 11], [9, 2, 10, 3], [11, 6, 12, 7], [13, 17, 14, 16], [15, 23, 16, 22], [17, 1, 18, 24], [19, 5, 20, 4], [21, 15, 22, 14], [23, 21, 24, 20], [1, 8, 2, 9], [3, 19, 4, 18], [5, 12, 6, 13]]"
12a_0212_135,"[[5, 12, 6, 13], [7, 10, 8, 11], [9, 2, 10, 3], [11, 6, 12, 7], [13, 17, 14, 16], [15, 23, 16, 22], [17, 1, 18, 24], [19, 5, 20, 4], [21, 15, 22, 14], [23, 21, 24, 20], [1, 8, 2, 9], [3, 19, 4, 18]]"
12a_0212_136,"[[3, 19, 4, 18], [5, 12, 6, 13], [7, 10, 8, 11], [9, 2, 10, 3], [11, 6, 12, 7], [13, 17, 14, 16], [15, 23, 16, 22], [17, 1, 18, 24], [19, 5, 20, 4], [21, 15, 22, 14], [23, 21, 24, 20], [1, 8, 2, 9]]"
12a_0212_137,"[[1, 8, 2, 9], [3, 19, 4, 18], [5, 12, 6, 13], [7, 10, 8, 11], [9, 2, 10, 3], [11, 6, 12, 7], [13, 17, 14, 16], [15, 23, 16, 22], [17, 1, 18, 24], [19, 5, 20, 4], [21, 15, 22, 14], [23, 21, 24, 20]]"
12a_0212_138,"[[23, 21, 24, 20], [1, 8, 2, 9], [3, 19, 4, 18], [5, 12, 6, 13], [7, 10, 8, 11], [9, 2, 10, 3], [11, 6, 12, 7], [13, 17, 14, 16], [15, 23, 16, 22], [17, 1, 18, 24], [19, 5, 20, 4], [21, 15, 22, 14]]"
12a_0212_139,"[[21, 15, 22, 14], [23, 21, 24, 20], [1, 8, 2, 9], [3, 19, 4, 18], [5, 12, 6, 13], [7, 10, 8, 11], [9, 2, 10, 3], [11, 6, 12, 7], [13, 17, 14, 16], [15, 23, 16, 22], [17, 1, 18, 24], [19, 5, 20, 4]]"
12a_0212_140,"[[19, 5, 20, 4], [21, 15, 22, 14], [23, 21, 24, 20], [1, 8, 2, 9], [3, 19, 4, 18], [5, 12, 6, 13], [7, 10, 8, 11], [9, 2, 10, 3], [11, 6, 12, 7], [13, 17, 14, 16], [15, 23, 16, 22], [17, 1, 18, 24]]"
12a_0212_141,"[[17, 1, 18, 24], [19, 5, 20, 4], [21, 15, 22, 14], [23, 21, 24, 20], [1, 8, 2, 9], [3, 19, 4, 18], [5, 12, 6, 13], [7, 10, 8, 11], [9, 2, 10, 3], [11, 6, 12, 7], [13, 17, 14, 16], [15, 23, 16, 22]]"
12a_0212_142,"[[15, 23, 16, 22], [17, 1, 18, 24], [19, 5, 20, 4], [21, 15, 22, 14], [23, 21, 24, 20], [1, 8, 2, 9], [3, 19, 4, 18], [5, 12, 6, 13], [7, 10, 8, 11], [9, 2, 10, 3], [11, 6, 12, 7], [13, 17, 14, 16]]"
12a_0212_143,"[[13, 17, 14, 16], [15, 23, 16, 22], [17, 1, 18, 24], [19, 5, 20, 4], [21, 15, 22, 14], [23, 21, 24, 20], [1, 8, 2, 9], [3, 19, 4, 18], [5, 12, 6, 13], [7, 10, 8, 11], [9, 2, 10, 3], [11, 6, 12, 7]]"
12a_0212_144,"[[12, 7, 13, 8], [14, 18, 15, 17], [16, 24, 17, 23], [18, 2, 19, 1], [20, 6, 21, 5], [22, 16, 23, 15], [24, 22, 1, 21], [2, 9, 3, 10], [4, 20, 5, 19], [6, 13, 7, 14], [8, 11, 9, 12], [10, 3, 11, 4]]"
12a_0212_145,"[[10, 3, 11, 4], [12, 7, 13, 8], [14, 18, 15, 17], [16, 24, 17, 23], [18, 2, 19, 1], [20, 6, 21, 5], [22, 16, 23, 15], [24, 22, 1, 21], [2, 9, 3, 10], [4, 20, 5, 19], [6, 13, 7, 14], [8, 11, 9, 12]]"
12a_0212_146,"[[8, 11, 9, 12], [10, 3, 11, 4], [12, 7, 13, 8], [14, 18, 15, 17], [16, 24, 17, 23], [18, 2, 19, 1], [20, 6, 21, 5], [22, 16, 23, 15], [24, 22, 1, 21], [2, 9, 3, 10], [4, 20, 5, 19], [6, 13, 7, 14]]"
12a_0212_147,"[[6, 13, 7, 14], [8, 11, 9, 12], [10, 3, 11, 4], [12, 7, 13, 8], [14, 18, 15, 17], [16, 24, 17, 23], [18, 2, 19, 1], [20, 6, 21, 5], [22, 16, 23, 15], [24, 22, 1, 21], [2, 9, 3, 10], [4, 20, 5, 19]]"
12a_0212_148,"[[4, 20, 5, 19], [6, 13, 7, 14], [8, 11, 9, 12], [10, 3, 11, 4], [12, 7, 13, 8], [14, 18, 15, 17], [16, 24, 17, 23], [18, 2, 19, 1], [20, 6, 21, 5], [22, 16, 23, 15], [24, 22, 1, 21], [2, 9, 3, 10]]"
12a_0212_149,"[[2, 9, 3, 10], [4, 20, 5, 19], [6, 13, 7, 14], [8, 11, 9, 12], [10, 3, 11, 4], [12, 7, 13, 8], [14, 18, 15, 17], [16, 24, 17, 23], [18, 2, 19, 1], [20, 6, 21, 5], [22, 16, 23, 15], [24, 22, 1, 21]]"
12a_0212_150,"[[24, 22, 1, 21], [2, 9, 3, 10], [4, 20, 5, 19], [6, 13, 7, 14], [8, 11, 9, 12], [10, 3, 11, 4], [12, 7, 13, 8], [14, 18, 15, 17], [16, 24, 17, 23], [18, 2, 19, 1], [20, 6, 21, 5], [22, 16, 23, 15]]"
12a_0212_151,"[[22, 16, 23, 15], [24, 22, 1, 21], [2, 9, 3, 10], [4, 20, 5, 19], [6, 13, 7, 14], [8, 11, 9, 12], [10, 3, 11, 4], [12, 7, 13, 8], [14, 18, 15, 17], [16, 24, 17, 23], [18, 2, 19, 1], [20, 6, 21, 5]]"
12a_0212_152,"[[20, 6, 21, 5], [22, 16, 23, 15], [24, 22, 1, 21], [2, 9, 3, 10], [4, 20, 5, 19], [6, 13, 7, 14], [8, 11, 9, 12], [10, 3, 11, 4], [12, 7, 13, 8], [14, 18, 15, 17], [16, 24, 17, 23], [18, 2, 19, 1]]"
12a_0212_153,"[[18, 2, 19, 1], [20, 6, 21, 5], [22, 16, 23, 15], [24, 22, 1, 21], [2, 9, 3, 10], [4, 20, 5, 19], [6, 13, 7, 14], [8, 11, 9, 12], [10, 3, 11, 4], [12, 7, 13, 8], [14, 18, 15, 17], [16, 24, 17, 23]]"
12a_0212_154,"[[16, 24, 17, 23], [18, 2, 19, 1], [20, 6, 21, 5], [22, 16, 23, 15], [24, 22, 1, 21], [2, 9, 3, 10], [4, 20, 5, 19], [6, 13, 7, 14], [8, 11, 9, 12], [10, 3, 11, 4], [12, 7, 13, 8], [14, 18, 15, 17]]"
12a_0212_155,"[[14, 18, 15, 17], [16, 24, 17, 23], [18, 2, 19, 1], [20, 6, 21, 5], [22, 16, 23, 15], [24, 22, 1, 21], [2, 9, 3, 10], [4, 20, 5, 19], [6, 13, 7, 14], [8, 11, 9, 12], [10, 3, 11, 4], [12, 7, 13, 8]]"
12a_0212_156,"[[13, 8, 14, 9], [15, 19, 16, 18], [17, 1, 18, 24], [19, 3, 20, 2], [21, 7, 22, 6], [23, 17, 24, 16], [1, 23, 2, 22], [3, 10, 4, 11], [5, 21, 6, 20], [7, 14, 8, 15], [9, 12, 10, 13], [11, 4, 12, 5]]"
12a_0212_157,"[[11, 4, 12, 5], [13, 8, 14, 9], [15, 19, 16, 18], [17, 1, 18, 24], [19, 3, 20, 2], [21, 7, 22, 6], [23, 17, 24, 16], [1, 23, 2, 22], [3, 10, 4, 11], [5, 21, 6, 20], [7, 14, 8, 15], [9, 12, 10, 13]]"
12a_0212_158,"[[9, 12, 10, 13], [11, 4, 12, 5], [13, 8, 14, 9], [15, 19, 16, 18], [17, 1, 18, 24], [19, 3, 20, 2], [21, 7, 22, 6], [23, 17, 24, 16], [1, 23, 2, 22], [3, 10, 4, 11], [5, 21, 6, 20], [7, 14, 8, 15]]"
12a_0212_159,"[[7, 14, 8, 15], [9, 12, 10, 13], [11, 4, 12, 5], [13, 8, 14, 9], [15, 19, 16, 18], [17, 1, 18, 24], [19, 3, 20, 2], [21, 7, 22, 6], [23, 17, 24, 16], [1, 23, 2, 22], [3, 10, 4, 11], [5, 21, 6, 20]]"
12a_0212_160,"[[5, 21, 6, 20], [7, 14, 8, 15], [9, 12, 10, 13], [11, 4, 12, 5], [13, 8, 14, 9], [15, 19, 16, 18], [17, 1, 18, 24], [19, 3, 20, 2], [21, 7, 22, 6], [23, 17, 24, 16], [1, 23, 2, 22], [3, 10, 4, 11]]"
12a_0212_161,"[[3, 10, 4, 11], [5, 21, 6, 20], [7, 14, 8, 15], [9, 12, 10, 13], [11, 4, 12, 5], [13, 8, 14, 9], [15, 19, 16, 18], [17, 1, 18, 24], [19, 3, 20, 2], [21, 7, 22, 6], [23, 17, 24, 16], [1, 23, 2, 22]]"
12a_0212_162,"[[1, 23, 2, 22], [3, 10, 4, 11], [5, 21, 6, 20], [7, 14, 8, 15], [9, 12, 10, 13], [11, 4, 12, 5], [13, 8, 14, 9], [15, 19, 16, 18], [17, 1, 18, 24], [19, 3, 20, 2], [21, 7, 22, 6], [23, 17, 24, 16]]"
12a_0212_163,"[[23, 17, 24, 16], [1, 23, 2, 22], [3, 10, 4, 11], [5, 21, 6, 20], [7, 14, 8, 15], [9, 12, 10, 13], [11, 4, 12, 5], [13, 8, 14, 9], [15, 19, 16, 18], [17, 1, 18, 24], [19, 3, 20, 2], [21, 7, 22, 6]]"
12a_0212_164,"[[21, 7, 22, 6], [23, 17, 24, 16], [1, 23, 2, 22], [3, 10, 4, 11], [5, 21, 6, 20], [7, 14, 8, 15], [9, 12, 10, 13], [11, 4, 12, 5], [13, 8, 14, 9], [15, 19, 16, 18], [17, 1, 18, 24], [19, 3, 20, 2]]"
12a_0212_165,"[[19, 3, 20, 2], [21, 7, 22, 6], [23, 17, 24, 16], [1, 23, 2, 22], [3, 10, 4, 11], [5, 21, 6, 20], [7, 14, 8, 15], [9, 12, 10, 13], [11, 4, 12, 5], [13, 8, 14, 9], [15, 19, 16, 18], [17, 1, 18, 24]]"
12a_0212_166,"[[17, 1, 18, 24], [19, 3, 20, 2], [21, 7, 22, 6], [23, 17, 24, 16], [1, 23, 2, 22], [3, 10, 4, 11], [5, 21, 6, 20], [7, 14, 8, 15], [9, 12, 10, 13], [11, 4, 12, 5], [13, 8, 14, 9], [15, 19, 16, 18]]"
12a_0212_167,"[[15, 19, 16, 18], [17, 1, 18, 24], [19, 3, 20, 2], [21, 7, 22, 6], [23, 17, 24, 16], [1, 23, 2, 22], [3, 10, 4, 11], [5, 21, 6, 20], [7, 14, 8, 15], [9, 12, 10, 13], [11, 4, 12, 5], [13, 8, 14, 9]]"
12a_0212_168,"[[14, 9, 15, 10], [16, 20, 17, 19], [18, 2, 19, 1], [20, 4, 21, 3], [22, 8, 23, 7], [24, 18, 1, 17], [2, 24, 3, 23], [4, 11, 5, 12], [6, 22, 7, 21], [8, 15, 9, 16], [10, 13, 11, 14], [12, 5, 13, 6]]"
12a_0212_169,"[[12, 5, 13, 6], [14, 9, 15, 10], [16, 20, 17, 19], [18, 2, 19, 1], [20, 4, 21, 3], [22, 8, 23, 7], [24, 18, 1, 17], [2, 24, 3, 23], [4, 11, 5, 12], [6, 22, 7, 21], [8, 15, 9, 16], [10, 13, 11, 14]]"
12a_0212_170,"[[10, 13, 11, 14], [12, 5, 13, 6], [14, 9, 15, 10], [16, 20, 17, 19], [18, 2, 19, 1], [20, 4, 21, 3], [22, 8, 23, 7], [24, 18, 1, 17], [2, 24, 3, 23], [4, 11, 5, 12], [6, 22, 7, 21], [8, 15, 9, 16]]"
12a_0212_171,"[[8, 15, 9, 16], [10, 13, 11, 14], [12, 5, 13, 6], [14, 9, 15, 10], [16, 20, 17, 19], [18, 2, 19, 1], [20, 4, 21, 3], [22, 8, 23, 7], [24, 18, 1, 17], [2, 24, 3, 23], [4, 11, 5, 12], [6, 22, 7, 21]]"
12a_0212_172,"[[6, 22, 7, 21], [8, 15, 9, 16], [10, 13, 11, 14], [12, 5, 13, 6], [14, 9, 15, 10], [16, 20, 17, 19], [18, 2, 19, 1], [20, 4, 21, 3], [22, 8, 23, 7], [24, 18, 1, 17], [2, 24, 3, 23], [4, 11, 5, 12]]"
12a_0212_173,"[[4, 11, 5, 12], [6, 22, 7, 21], [8, 15, 9, 16], [10, 13, 11, 14], [12, 5, 13, 6], [14, 9, 15, 10], [16, 20, 17, 19], [18, 2, 19, 1], [20, 4, 21, 3], [22, 8, 23, 7], [24, 18, 1, 17], [2, 24, 3, 23]]"
12a_0212_174,"[[2, 24, 3, 23], [4, 11, 5, 12], [6, 22, 7, 21], [8, 15, 9, 16], [10, 13, 11, 14], [12, 5, 13, 6], [14, 9, 15, 10], [16, 20, 17, 19], [18, 2, 19, 1], [20, 4, 21, 3], [22, 8, 23, 7], [24, 18, 1, 17]]"
12a_0212_175,"[[24, 18, 1, 17], [2, 24, 3, 23], [4, 11, 5, 12], [6, 22, 7, 21], [8, 15, 9, 16], [10, 13, 11, 14], [12, 5, 13, 6], [14, 9, 15, 10], [16, 20, 17, 19], [18, 2, 19, 1], [20, 4, 21, 3], [22, 8, 23, 7]]"
12a_0212_176,"[[22, 8, 23, 7], [24, 18, 1, 17], [2, 24, 3, 23], [4, 11, 5, 12], [6, 22, 7, 21], [8, 15, 9, 16], [10, 13, 11, 14], [12, 5, 13, 6], [14, 9, 15, 10], [16, 20, 17, 19], [18, 2, 19, 1], [20, 4, 21, 3]]"
12a_0212_177,"[[20, 4, 21, 3], [22, 8, 23, 7], [24, 18, 1, 17], [2, 24, 3, 23], [4, 11, 5, 12], [6, 22, 7, 21], [8, 15, 9, 16], [10, 13, 11, 14], [12, 5, 13, 6], [14, 9, 15, 10], [16, 20, 17, 19], [18, 2, 19, 1]]"
12a_0212_178,"[[18, 2, 19, 1], [20, 4, 21, 3], [22, 8, 23, 7], [24, 18, 1, 17], [2, 24, 3, 23], [4, 11, 5, 12], [6, 22, 7, 21], [8, 15, 9, 16], [10, 13, 11, 14], [12, 5, 13, 6], [14, 9, 15, 10], [16, 20, 17, 19]]"
12a_0212_179,"[[16, 20, 17, 19], [18, 2, 19, 1], [20, 4, 21, 3], [22, 8, 23, 7], [24, 18, 1, 17], [2, 24, 3, 23], [4, 11, 5, 12], [6, 22, 7, 21], [8, 15, 9, 16], [10, 13, 11, 14], [12, 5, 13, 6], [14, 9, 15, 10]]"
12a_0212_180,"[[15, 10, 16, 11], [17, 21, 18, 20], [19, 3, 20, 2], [21, 5, 22, 4], [23, 9, 24, 8], [1, 19, 2, 18], [3, 1, 4, 24], [5, 12, 6, 13], [7, 23, 8, 22], [9, 16, 10, 17], [11, 14, 12, 15], [13, 6, 14, 7]]"
12a_0212_181,"[[13, 6, 14, 7], [15, 10, 16, 11], [17, 21, 18, 20], [19, 3, 20, 2], [21, 5, 22, 4], [23, 9, 24, 8], [1, 19, 2, 18], [3, 1, 4, 24], [5, 12, 6, 13], [7, 23, 8, 22], [9, 16, 10, 17], [11, 14, 12, 15]]"
12a_0212_182,"[[11, 14, 12, 15], [13, 6, 14, 7], [15, 10, 16, 11], [17, 21, 18, 20], [19, 3, 20, 2], [21, 5, 22, 4], [23, 9, 24, 8], [1, 19, 2, 18], [3, 1, 4, 24], [5, 12, 6, 13], [7, 23, 8, 22], [9, 16, 10, 17]]"
12a_0212_183,"[[9, 16, 10, 17], [11, 14, 12, 15], [13, 6, 14, 7], [15, 10, 16, 11], [17, 21, 18, 20], [19, 3, 20, 2], [21, 5, 22, 4], [23, 9, 24, 8], [1, 19, 2, 18], [3, 1, 4, 24], [5, 12, 6, 13], [7, 23, 8, 22]]"
12a_0212_184,"[[7, 23, 8, 22], [9, 16, 10, 17], [11, 14, 12, 15], [13, 6, 14, 7], [15, 10, 16, 11], [17, 21, 18, 20], [19, 3, 20, 2], [21, 5, 22, 4], [23, 9, 24, 8], [1, 19, 2, 18], [3, 1, 4, 24], [5, 12, 6, 13]]"
12a_0212_185,"[[5, 12, 6, 13], [7, 23, 8, 22], [9, 16, 10, 17], [11, 14, 12, 15], [13, 6, 14, 7], [15, 10, 16, 11], [17, 21, 18, 20], [19, 3, 20, 2], [21, 5, 22, 4], [23, 9, 24, 8], [1, 19, 2, 18], [3, 1, 4, 24]]"
