name,pd_notation
12a_0707_0,"[[24, 13, 1, 14], [2, 6, 3, 5], [4, 15, 5, 16], [6, 12, 7, 11], [8, 24, 9, 23], [10, 17, 11, 18], [12, 21, 13, 22], [14, 20, 15, 19], [16, 3, 17, 4], [18, 9, 19, 10], [20, 1, 21, 2], [22, 8, 23, 7]]"
12a_0707_1,"[[22, 8, 23, 7], [24, 13, 1, 14], [2, 6, 3, 5], [4, 15, 5, 16], [6, 12, 7, 11], [8, 24, 9, 23], [10, 17, 11, 18], [12, 21, 13, 22], [14, 20, 15, 19], [16, 3, 17, 4], [18, 9, 19, 10], [20, 1, 21, 2]]"
12a_0707_2,"[[20, 1, 21, 2], [22, 8, 23, 7], [24, 13, 1, 14], [2, 6, 3, 5], [4, 15, 5, 16], [6, 12, 7, 11], [8, 24, 9, 23], [10, 17, 11, 18], [12, 21, 13, 22], [14, 20, 15, 19], [16, 3, 17, 4], [18, 9, 19, 10]]"
12a_0707_3,"[[18, 9, 19, 10], [20, 1, 21, 2], [22, 8, 23, 7], [24, 13, 1, 14], [2, 6, 3, 5], [4, 15, 5, 16], [6, 12, 7, 11], [8, 24, 9, 23], [10, 17, 11, 18], [12, 21, 13, 22], [14, 20, 15, 19], [16, 3, 17, 4]]"
12a_0707_4,"[[16, 3, 17, 4], [18, 9, 19, 10], [20, 1, 21, 2], [22, 8, 23, 7], [24, 13, 1, 14], [2, 6, 3, 5], [4, 15, 5, 16], [6, 12, 7, 11], [8, 24, 9, 23], [10, 17, 11, 18], [12, 21, 13, 22], [14, 20, 15, 19]]"
12a_0707_5,"[[14, 20, 15, 19], [16, 3, 17, 4], [18, 9, 19, 10], [20, 1, 21, 2], [22, 8, 23, 7], [24, 13, 1, 14], [2, 6, 3, 5], [4, 15, 5, 16], [6, 12, 7, 11], [8, 24, 9, 23], [10, 17, 11, 18], [12, 21, 13, 22]]"
12a_0707_6,"[[12, 21, 13, 22], [14, 20, 15, 19], [16, 3, 17, 4], [18, 9, 19, 10], [20, 1, 21, 2], [22, 8, 23, 7], [24, 13, 1, 14], [2, 6, 3, 5], [4, 15, 5, 16], [6, 12, 7, 11], [8, 24, 9, 23], [10, 17, 11, 18]]"
12a_0707_7,"[[10, 17, 11, 18], [12, 21, 13, 22], [14, 20, 15, 19], [16, 3, 17, 4], [18, 9, 19, 10], [20, 1, 21, 2], [22, 8, 23, 7], [24, 13, 1, 14], [2, 6, 3, 5], [4, 15, 5, 16], [6, 12, 7, 11], [8, 24, 9, 23]]"
12a_0707_8,"[[8, 24, 9, 23], [10, 17, 11, 18], [12, 21, 13, 22], [14, 20, 15, 19], [16, 3, 17, 4], [18, 9, 19, 10], [20, 1, 21, 2], [22, 8, 23, 7], [24, 13, 1, 14], [2, 6, 3, 5], [4, 15, 5, 16], [6, 12, 7, 11]]"
12a_0707_9,"[[6, 12, 7, 11], [8, 24, 9, 23], [10, 17, 11, 18], [12, 21, 13, 22], [14, 20, 15, 19], [16, 3, 17, 4], [18, 9, 19, 10], [20, 1, 21, 2], [22, 8, 23, 7], [24, 13, 1, 14], [2, 6, 3, 5], [4, 15, 5, 16]]"
12a_0707_10,"[[4, 15, 5, 16], [6, 12, 7, 11], [8, 24, 9, 23], [10, 17, 11, 18], [12, 21, 13, 22], [14, 20, 15, 19], [16, 3, 17, 4], [18, 9, 19, 10], [20, 1, 21, 2], [22, 8, 23, 7], [24, 13, 1, 14], [2, 6, 3, 5]]"
12a_0707_11,"[[2, 6, 3, 5], [4, 15, 5, 16], [6, 12, 7, 11], [8, 24, 9, 23], [10, 17, 11, 18], [12, 21, 13, 22], [14, 20, 15, 19], [16, 3, 17, 4], [18, 9, 19, 10], [20, 1, 21, 2], [22, 8, 23, 7], [24, 13, 1, 14]]"
12a_0707_12,"[[1, 14, 2, 15], [3, 7, 4, 6], [5, 16, 6, 17], [7, 13, 8, 12], [9, 1, 10, 24], [11, 18, 12, 19], [13, 22, 14, 23], [15, 21, 16, 20], [17, 4, 18, 5], [19, 10, 20, 11], [21, 2, 22, 3], [23, 9, 24, 8]]"
12a_0707_13,"[[23, 9, 24, 8], [1, 14, 2, 15], [3, 7, 4, 6], [5, 16, 6, 17], [7, 13, 8, 12], [9, 1, 10, 24], [11, 18, 12, 19], [13, 22, 14, 23], [15, 21, 16, 20], [17, 4, 18, 5], [19, 10, 20, 11], [21, 2, 22, 3]]"
12a_0707_14,"[[21, 2, 22, 3], [23, 9, 24, 8], [1, 14, 2, 15], [3, 7, 4, 6], [5, 16, 6, 17], [7, 13, 8, 12], [9, 1, 10, 24], [11, 18, 12, 19], [13, 22, 14, 23], [15, 21, 16, 20], [17, 4, 18, 5], [19, 10, 20, 11]]"
12a_0707_15,"[[19, 10, 20, 11], [21, 2, 22, 3], [23, 9, 24, 8], [1, 14, 2, 15], [3, 7, 4, 6], [5, 16, 6, 17], [7, 13, 8, 12], [9, 1, 10, 24], [11, 18, 12, 19], [13, 22, 14, 23], [15, 21, 16, 20], [17, 4, 18, 5]]"
12a_0707_16,"[[17, 4, 18, 5], [19, 10, 20, 11], [21, 2, 22, 3], [23, 9, 24, 8], [1, 14, 2, 15], [3, 7, 4, 6], [5, 16, 6, 17], [7, 13, 8, 12], [9, 1, 10, 24], [11, 18, 12, 19], [13, 22, 14, 23], [15, 21, 16, 20]]"
12a_0707_17,"[[15, 21, 16, 20], [17, 4, 18, 5], [19, 10, 20, 11], [21, 2, 22, 3], [23, 9, 24, 8], [1, 14, 2, 15], [3, 7, 4, 6], [5, 16, 6, 17], [7, 13, 8, 12], [9, 1, 10, 24], [11, 18, 12, 19], [13, 22, 14, 23]]"
12a_0707_18,"[[13, 22, 14, 23], [15, 21, 16, 20], [17, 4, 18, 5], [19, 10, 20, 11], [21, 2, 22, 3], [23, 9, 24, 8], [1, 14, 2, 15], [3, 7, 4, 6], [5, 16, 6, 17], [7, 13, 8, 12], [9, 1, 10, 24], [11, 18, 12, 19]]"
12a_0707_19,"[[11, 18, 12, 19], [13, 22, 14, 23], [15, 21, 16, 20], [17, 4, 18, 5], [19, 10, 20, 11], [21, 2, 22, 3], [23, 9, 24, 8], [1, 14, 2, 15], [3, 7, 4, 6], [5, 16, 6, 17], [7, 13, 8, 12], [9, 1, 10, 24]]"
12a_0707_20,"[[9, 1, 10, 24], [11, 18, 12, 19], [13, 22, 14, 23], [15, 21, 16, 20], [17, 4, 18, 5], [19, 10, 20, 11], [21, 2, 22, 3], [23, 9, 24, 8], [1, 14, 2, 15], [3, 7, 4, 6], [5, 16, 6, 17], [7, 13, 8, 12]]"
12a_0707_21,"[[7, 13, 8, 12], [9, 1, 10, 24], [11, 18, 12, 19], [13, 22, 14, 23], [15, 21, 16, 20], [17, 4, 18, 5], [19, 10, 20, 11], [21, 2, 22, 3], [23, 9, 24, 8], [1, 14, 2, 15], [3, 7, 4, 6], [5, 16, 6, 17]]"
12a_0707_22,"[[5, 16, 6, 17], [7, 13, 8, 12], [9, 1, 10, 24], [11, 18, 12, 19], [13, 22, 14, 23], [15, 21, 16, 20], [17, 4, 18, 5], [19, 10, 20, 11], [21, 2, 22, 3], [23, 9, 24, 8], [1, 14, 2, 15], [3, 7, 4, 6]]"
12a_0707_23,"[[3, 7, 4, 6], [5, 16, 6, 17], [7, 13, 8, 12], [9, 1, 10, 24], [11, 18, 12, 19], [13, 22, 14, 23], [15, 21, 16, 20], [17, 4, 18, 5], [19, 10, 20, 11], [21, 2, 22, 3], [23, 9, 24, 8], [1, 14, 2, 15]]"
12a_0707_24,"[[2, 15, 3, 16], [4, 8, 5, 7], [6, 17, 7, 18], [8, 14, 9, 13], [10, 2, 11, 1], [12, 19, 13, 20], [14, 23, 15, 24], [16, 22, 17, 21], [18, 5, 19, 6], [20, 11, 21, 12], [22, 3, 23, 4], [24, 10, 1, 9]]"
12a_0707_25,"[[24, 10, 1, 9], [2, 15, 3, 16], [4, 8, 5, 7], [6, 17, 7, 18], [8, 14, 9, 13], [10, 2, 11, 1], [12, 19, 13, 20], [14, 23, 15, 24], [16, 22, 17, 21], [18, 5, 19, 6], [20, 11, 21, 12], [22, 3, 23, 4]]"
12a_0707_26,"[[22, 3, 23, 4], [24, 10, 1, 9], [2, 15, 3, 16], [4, 8, 5, 7], [6, 17, 7, 18], [8, 14, 9, 13], [10, 2, 11, 1], [12, 19, 13, 20], [14, 23, 15, 24], [16, 22, 17, 21], [18, 5, 19, 6], [20, 11, 21, 12]]"
12a_0707_27,"[[20, 11, 21, 12], [22, 3, 23, 4], [24, 10, 1, 9], [2, 15, 3, 16], [4, 8, 5, 7], [6, 17, 7, 18], [8, 14, 9, 13], [10, 2, 11, 1], [12, 19, 13, 20], [14, 23, 15, 24], [16, 22, 17, 21], [18, 5, 19, 6]]"
12a_0707_28,"[[18, 5, 19, 6], [20, 11, 21, 12], [22, 3, 23, 4], [24, 10, 1, 9], [2, 15, 3, 16], [4, 8, 5, 7], [6, 17, 7, 18], [8, 14, 9, 13], [10, 2, 11, 1], [12, 19, 13, 20], [14, 23, 15, 24], [16, 22, 17, 21]]"
12a_0707_29,"[[16, 22, 17, 21], [18, 5, 19, 6], [20, 11, 21, 12], [22, 3, 23, 4], [24, 10, 1, 9], [2, 15, 3, 16], [4, 8, 5, 7], [6, 17, 7, 18], [8, 14, 9, 13], [10, 2, 11, 1], [12, 19, 13, 20], [14, 23, 15, 24]]"
12a_0707_30,"[[14, 23, 15, 24], [16, 22, 17, 21], [18, 5, 19, 6], [20, 11, 21, 12], [22, 3, 23, 4], [24, 10, 1, 9], [2, 15, 3, 16], [4, 8, 5, 7], [6, 17, 7, 18], [8, 14, 9, 13], [10, 2, 11, 1], [12, 19, 13, 20]]"
12a_0707_31,"[[12, 19, 13, 20], [14, 23, 15, 24], [16, 22, 17, 21], [18, 5, 19, 6], [20, 11, 21, 12], [22, 3, 23, 4], [24, 10, 1, 9], [2, 15, 3, 16], [4, 8, 5, 7], [6, 17, 7, 18], [8, 14, 9, 13], [10, 2, 11, 1]]"
12a_0707_32,"[[10, 2, 11, 1], [12, 19, 13, 20], [14, 23, 15, 24], [16, 22, 17, 21], [18, 5, 19, 6], [20, 11, 21, 12], [22, 3, 23, 4], [24, 10, 1, 9], [2, 15, 3, 16], [4, 8, 5, 7], [6, 17, 7, 18], [8, 14, 9, 13]]"
12a_0707_33,"[[8, 14, 9, 13], [10, 2, 11, 1], [12, 19, 13, 20], [14, 23, 15, 24], [16, 22, 17, 21], [18, 5, 19, 6], [20, 11, 21, 12], [22, 3, 23, 4], [24, 10, 1, 9], [2, 15, 3, 16], [4, 8, 5, 7], [6, 17, 7, 18]]"
12a_0707_34,"[[6, 17, 7, 18], [8, 14, 9, 13], [10, 2, 11, 1], [12, 19, 13, 20], [14, 23, 15, 24], [16, 22, 17, 21], [18, 5, 19, 6], [20, 11, 21, 12], [22, 3, 23, 4], [24, 10, 1, 9], [2, 15, 3, 16], [4, 8, 5, 7]]"
12a_0707_35,"[[4, 8, 5, 7], [6, 17, 7, 18], [8, 14, 9, 13], [10, 2, 11, 1], [12, 19, 13, 20], [14, 23, 15, 24], [16, 22, 17, 21], [18, 5, 19, 6], [20, 11, 21, 12], [22, 3, 23, 4], [24, 10, 1, 9], [2, 15, 3, 16]]"
12a_0707_36,"[[3, 16, 4, 17], [5, 9, 6, 8], [7, 18, 8, 19], [9, 15, 10, 14], [11, 3, 12, 2], [13, 20, 14, 21], [15, 24, 16, 1], [17, 23, 18, 22], [19, 6, 20, 7], [21, 12, 22, 13], [23, 4, 24, 5], [1, 11, 2, 10]]"
12a_0707_37,"[[1, 11, 2, 10], [3, 16, 4, 17], [5, 9, 6, 8], [7, 18, 8, 19], [9, 15, 10, 14], [11, 3, 12, 2], [13, 20, 14, 21], [15, 24, 16, 1], [17, 23, 18, 22], [19, 6, 20, 7], [21, 12, 22, 13], [23, 4, 24, 5]]"
12a_0707_38,"[[23, 4, 24, 5], [1, 11, 2, 10], [3, 16, 4, 17], [5, 9, 6, 8], [7, 18, 8, 19], [9, 15, 10, 14], [11, 3, 12, 2], [13, 20, 14, 21], [15, 24, 16, 1], [17, 23, 18, 22], [19, 6, 20, 7], [21, 12, 22, 13]]"
12a_0707_39,"[[21, 12, 22, 13], [23, 4, 24, 5], [1, 11, 2, 10], [3, 16, 4, 17], [5, 9, 6, 8], [7, 18, 8, 19], [9, 15, 10, 14], [11, 3, 12, 2], [13, 20, 14, 21], [15, 24, 16, 1], [17, 23, 18, 22], [19, 6, 20, 7]]"
12a_0707_40,"[[19, 6, 20, 7], [21, 12, 22, 13], [23, 4, 24, 5], [1, 11, 2, 10], [3, 16, 4, 17], [5, 9, 6, 8], [7, 18, 8, 19], [9, 15, 10, 14], [11, 3, 12, 2], [13, 20, 14, 21], [15, 24, 16, 1], [17, 23, 18, 22]]"
12a_0707_41,"[[17, 23, 18, 22], [19, 6, 20, 7], [21, 12, 22, 13], [23, 4, 24, 5], [1, 11, 2, 10], [3, 16, 4, 17], [5, 9, 6, 8], [7, 18, 8, 19], [9, 15, 10, 14], [11, 3, 12, 2], [13, 20, 14, 21], [15, 24, 16, 1]]"
12a_0707_42,"[[15, 24, 16, 1], [17, 23, 18, 22], [19, 6, 20, 7], [21, 12, 22, 13], [23, 4, 24, 5], [1, 11, 2, 10], [3, 16, 4, 17], [5, 9, 6, 8], [7, 18, 8, 19], [9, 15, 10, 14], [11, 3, 12, 2], [13, 20, 14, 21]]"
12a_0707_43,"[[13, 20, 14, 21], [15, 24, 16, 1], [17, 23, 18, 22], [19, 6, 20, 7], [21, 12, 22, 13], [23, 4, 24, 5], [1, 11, 2, 10], [3, 16, 4, 17], [5, 9, 6, 8], [7, 18, 8, 19], [9, 15, 10, 14], [11, 3, 12, 2]]"
12a_0707_44,"[[11, 3, 12, 2], [13, 20, 14, 21], [15, 24, 16, 1], [17, 23, 18, 22], [19, 6, 20, 7], [21, 12, 22, 13], [23, 4, 24, 5], [1, 11, 2, 10], [3, 16, 4, 17], [5, 9, 6, 8], [7, 18, 8, 19], [9, 15, 10, 14]]"
12a_0707_45,"[[9, 15, 10, 14], [11, 3, 12, 2], [13, 20, 14, 21], [15, 24, 16, 1], [17, 23, 18, 22], [19, 6, 20, 7], [21, 12, 22, 13], [23, 4, 24, 5], [1, 11, 2, 10], [3, 16, 4, 17], [5, 9, 6, 8], [7, 18, 8, 19]]"
12a_0707_46,"[[7, 18, 8, 19], [9, 15, 10, 14], [11, 3, 12, 2], [13, 20, 14, 21], [15, 24, 16, 1], [17, 23, 18, 22], [19, 6, 20, 7], [21, 12, 22, 13], [23, 4, 24, 5], [1, 11, 2, 10], [3, 16, 4, 17], [5, 9, 6, 8]]"
12a_0707_47,"[[5, 9, 6, 8], [7, 18, 8, 19], [9, 15, 10, 14], [11, 3, 12, 2], [13, 20, 14, 21], [15, 24, 16, 1], [17, 23, 18, 22], [19, 6, 20, 7], [21, 12, 22, 13], [23, 4, 24, 5], [1, 11, 2, 10], [3, 16, 4, 17]]"
12a_0707_48,"[[4, 17, 5, 18], [6, 10, 7, 9], [8, 19, 9, 20], [10, 16, 11, 15], [12, 4, 13, 3], [14, 21, 15, 22], [16, 1, 17, 2], [18, 24, 19, 23], [20, 7, 21, 8], [22, 13, 23, 14], [24, 5, 1, 6], [2, 12, 3, 11]]"
12a_0707_49,"[[2, 12, 3, 11], [4, 17, 5, 18], [6, 10, 7, 9], [8, 19, 9, 20], [10, 16, 11, 15], [12, 4, 13, 3], [14, 21, 15, 22], [16, 1, 17, 2], [18, 24, 19, 23], [20, 7, 21, 8], [22, 13, 23, 14], [24, 5, 1, 6]]"
12a_0707_50,"[[24, 5, 1, 6], [2, 12, 3, 11], [4, 17, 5, 18], [6, 10, 7, 9], [8, 19, 9, 20], [10, 16, 11, 15], [12, 4, 13, 3], [14, 21, 15, 22], [16, 1, 17, 2], [18, 24, 19, 23], [20, 7, 21, 8], [22, 13, 23, 14]]"
12a_0707_51,"[[22, 13, 23, 14], [24, 5, 1, 6], [2, 12, 3, 11], [4, 17, 5, 18], [6, 10, 7, 9], [8, 19, 9, 20], [10, 16, 11, 15], [12, 4, 13, 3], [14, 21, 15, 22], [16, 1, 17, 2], [18, 24, 19, 23], [20, 7, 21, 8]]"
12a_0707_52,"[[20, 7, 21, 8], [22, 13, 23, 14], [24, 5, 1, 6], [2, 12, 3, 11], [4, 17, 5, 18], [6, 10, 7, 9], [8, 19, 9, 20], [10, 16, 11, 15], [12, 4, 13, 3], [14, 21, 15, 22], [16, 1, 17, 2], [18, 24, 19, 23]]"
12a_0707_53,"[[18, 24, 19, 23], [20, 7, 21, 8], [22, 13, 23, 14], [24, 5, 1, 6], [2, 12, 3, 11], [4, 17, 5, 18], [6, 10, 7, 9], [8, 19, 9, 20], [10, 16, 11, 15], [12, 4, 13, 3], [14, 21, 15, 22], [16, 1, 17, 2]]"
12a_0707_54,"[[16, 1, 17, 2], [18, 24, 19, 23], [20, 7, 21, 8], [22, 13, 23, 14], [24, 5, 1, 6], [2, 12, 3, 11], [4, 17, 5, 18], [6, 10, 7, 9], [8, 19, 9, 20], [10, 16, 11, 15], [12, 4, 13, 3], [14, 21, 15, 22]]"
12a_0707_55,"[[14, 21, 15, 22], [16, 1, 17, 2], [18, 24, 19, 23], [20, 7, 21, 8], [22, 13, 23, 14], [24, 5, 1, 6], [2, 12, 3, 11], [4, 17, 5, 18], [6, 10, 7, 9], [8, 19, 9, 20], [10, 16, 11, 15], [12, 4, 13, 3]]"
12a_0707_56,"[[12, 4, 13, 3], [14, 21, 15, 22], [16, 1, 17, 2], [18, 24, 19, 23], [20, 7, 21, 8], [22, 13, 23, 14], [24, 5, 1, 6], [2, 12, 3, 11], [4, 17, 5, 18], [6, 10, 7, 9], [8, 19, 9, 20], [10, 16, 11, 15]]"
12a_0707_57,"[[10, 16, 11, 15], [12, 4, 13, 3], [14, 21, 15, 22], [16, 1, 17, 2], [18, 24, 19, 23], [20, 7, 21, 8], [22, 13, 23, 14], [24, 5, 1, 6], [2, 12, 3, 11], [4, 17, 5, 18], [6, 10, 7, 9], [8, 19, 9, 20]]"
12a_0707_58,"[[8, 19, 9, 20], [10, 16, 11, 15], [12, 4, 13, 3], [14, 21, 15, 22], [16, 1, 17, 2], [18, 24, 19, 23], [20, 7, 21, 8], [22, 13, 23, 14], [24, 5, 1, 6], [2, 12, 3, 11], [4, 17, 5, 18], [6, 10, 7, 9]]"
12a_0707_59,"[[6, 10, 7, 9], [8, 19, 9, 20], [10, 16, 11, 15], [12, 4, 13, 3], [14, 21, 15, 22], [16, 1, 17, 2], [18, 24, 19, 23], [20, 7, 21, 8], [22, 13, 23, 14], [24, 5, 1, 6], [2, 12, 3, 11], [4, 17, 5, 18]]"
12a_0707_60,"[[5, 18, 6, 19], [7, 11, 8, 10], [9, 20, 10, 21], [11, 17, 12, 16], [13, 5, 14, 4], [15, 22, 16, 23], [17, 2, 18, 3], [19, 1, 20, 24], [21, 8, 22, 9], [23, 14, 24, 15], [1, 6, 2, 7], [3, 13, 4, 12]]"
12a_0707_61,"[[3, 13, 4, 12], [5, 18, 6, 19], [7, 11, 8, 10], [9, 20, 10, 21], [11, 17, 12, 16], [13, 5, 14, 4], [15, 22, 16, 23], [17, 2, 18, 3], [19, 1, 20, 24], [21, 8, 22, 9], [23, 14, 24, 15], [1, 6, 2, 7]]"
12a_0707_62,"[[1, 6, 2, 7], [3, 13, 4, 12], [5, 18, 6, 19], [7, 11, 8, 10], [9, 20, 10, 21], [11, 17, 12, 16], [13, 5, 14, 4], [15, 22, 16, 23], [17, 2, 18, 3], [19, 1, 20, 24], [21, 8, 22, 9], [23, 14, 24, 15]]"
12a_0707_63,"[[23, 14, 24, 15], [1, 6, 2, 7], [3, 13, 4, 12], [5, 18, 6, 19], [7, 11, 8, 10], [9, 20, 10, 21], [11, 17, 12, 16], [13, 5, 14, 4], [15, 22, 16, 23], [17, 2, 18, 3], [19, 1, 20, 24], [21, 8, 22, 9]]"
12a_0707_64,"[[21, 8, 22, 9], [23, 14, 24, 15], [1, 6, 2, 7], [3, 13, 4, 12], [5, 18, 6, 19], [7, 11, 8, 10], [9, 20, 10, 21], [11, 17, 12, 16], [13, 5, 14, 4], [15, 22, 16, 23], [17, 2, 18, 3], [19, 1, 20, 24]]"
12a_0707_65,"[[19, 1, 20, 24], [21, 8, 22, 9], [23, 14, 24, 15], [1, 6, 2, 7], [3, 13, 4, 12], [5, 18, 6, 19], [7, 11, 8, 10], [9, 20, 10, 21], [11, 17, 12, 16], [13, 5, 14, 4], [15, 22, 16, 23], [17, 2, 18, 3]]"
12a_0707_66,"[[17, 2, 18, 3], [19, 1, 20, 24], [21, 8, 22, 9], [23, 14, 24, 15], [1, 6, 2, 7], [3, 13, 4, 12], [5, 18, 6, 19], [7, 11, 8, 10], [9, 20, 10, 21], [11, 17, 12, 16], [13, 5, 14, 4], [15, 22, 16, 23]]"
12a_0707_67,"[[15, 22, 16, 23], [17, 2, 18, 3], [19, 1, 20, 24], [21, 8, 22, 9], [23, 14, 24, 15], [1, 6, 2, 7], [3, 13, 4, 12], [5, 18, 6, 19], [7, 11, 8, 10], [9, 20, 10, 21], [11, 17, 12, 16], [13, 5, 14, 4]]"
12a_0707_68,"[[13, 5, 14, 4], [15, 22, 16, 23], [17, 2, 18, 3], [19, 1, 20, 24], [21, 8, 22, 9], [23, 14, 24, 15], [1, 6, 2, 7], [3, 13, 4, 12], [5, 18, 6, 19], [7, 11, 8, 10], [9, 20, 10, 21], [11, 17, 12, 16]]"
12a_0707_69,"[[11, 17, 12, 16], [13, 5, 14, 4], [15, 22, 16, 23], [17, 2, 18, 3], [19, 1, 20, 24], [21, 8, 22, 9], [23, 14, 24, 15], [1, 6, 2, 7], [3, 13, 4, 12], [5, 18, 6, 19], [7, 11, 8, 10], [9, 20, 10, 21]]"
12a_0707_70,"[[9, 20, 10, 21], [11, 17, 12, 16], [13, 5, 14, 4], [15, 22, 16, 23], [17, 2, 18, 3], [19, 1, 20, 24], [21, 8, 22, 9], [23, 14, 24, 15], [1, 6, 2, 7], [3, 13, 4, 12], [5, 18, 6, 19], [7, 11, 8, 10]]"
12a_0707_71,"[[7, 11, 8, 10], [9, 20, 10, 21], [11, 17, 12, 16], [13, 5, 14, 4], [15, 22, 16, 23], [17, 2, 18, 3], [19, 1, 20, 24], [21, 8, 22, 9], [23, 14, 24, 15], [1, 6, 2, 7], [3, 13, 4, 12], [5, 18, 6, 19]]"
12a_0707_72,"[[6, 19, 7, 20], [8, 12, 9, 11], [10, 21, 11, 22], [12, 18, 13, 17], [14, 6, 15, 5], [16, 23, 17, 24], [18, 3, 19, 4], [20, 2, 21, 1], [22, 9, 23, 10], [24, 15, 1, 16], [2, 7, 3, 8], [4, 14, 5, 13]]"
12a_0707_73,"[[4, 14, 5, 13], [6, 19, 7, 20], [8, 12, 9, 11], [10, 21, 11, 22], [12, 18, 13, 17], [14, 6, 15, 5], [16, 23, 17, 24], [18, 3, 19, 4], [20, 2, 21, 1], [22, 9, 23, 10], [24, 15, 1, 16], [2, 7, 3, 8]]"
12a_0707_74,"[[2, 7, 3, 8], [4, 14, 5, 13], [6, 19, 7, 20], [8, 12, 9, 11], [10, 21, 11, 22], [12, 18, 13, 17], [14, 6, 15, 5], [16, 23, 17, 24], [18, 3, 19, 4], [20, 2, 21, 1], [22, 9, 23, 10], [24, 15, 1, 16]]"
12a_0707_75,"[[24, 15, 1, 16], [2, 7, 3, 8], [4, 14, 5, 13], [6, 19, 7, 20], [8, 12, 9, 11], [10, 21, 11, 22], [12, 18, 13, 17], [14, 6, 15, 5], [16, 23, 17, 24], [18, 3, 19, 4], [20, 2, 21, 1], [22, 9, 23, 10]]"
12a_0707_76,"[[22, 9, 23, 10], [24, 15, 1, 16], [2, 7, 3, 8], [4, 14, 5, 13], [6, 19, 7, 20], [8, 12, 9, 11], [10, 21, 11, 22], [12, 18, 13, 17], [14, 6, 15, 5], [16, 23, 17, 24], [18, 3, 19, 4], [20, 2, 21, 1]]"
12a_0707_77,"[[20, 2, 21, 1], [22, 9, 23, 10], [24, 15, 1, 16], [2, 7, 3, 8], [4, 14, 5, 13], [6, 19, 7, 20], [8, 12, 9, 11], [10, 21, 11, 22], [12, 18, 13, 17], [14, 6, 15, 5], [16, 23, 17, 24], [18, 3, 19, 4]]"
12a_0707_78,"[[18, 3, 19, 4], [20, 2, 21, 1], [22, 9, 23, 10], [24, 15, 1, 16], [2, 7, 3, 8], [4, 14, 5, 13], [6, 19, 7, 20], [8, 12, 9, 11], [10, 21, 11, 22], [12, 18, 13, 17], [14, 6, 15, 5], [16, 23, 17, 24]]"
12a_0707_79,"[[16, 23, 17, 24], [18, 3, 19, 4], [20, 2, 21, 1], [22, 9, 23, 10], [24, 15, 1, 16], [2, 7, 3, 8], [4, 14, 5, 13], [6, 19, 7, 20], [8, 12, 9, 11], [10, 21, 11, 22], [12, 18, 13, 17], [14, 6, 15, 5]]"
12a_0707_80,"[[14, 6, 15, 5], [16, 23, 17, 24], [18, 3, 19, 4], [20, 2, 21, 1], [22, 9, 23, 10], [24, 15, 1, 16], [2, 7, 3, 8], [4, 14, 5, 13], [6, 19, 7, 20], [8, 12, 9, 11], [10, 21, 11, 22], [12, 18, 13, 17]]"
12a_0707_81,"[[12, 18, 13, 17], [14, 6, 15, 5], [16, 23, 17, 24], [18, 3, 19, 4], [20, 2, 21, 1], [22, 9, 23, 10], [24, 15, 1, 16], [2, 7, 3, 8], [4, 14, 5, 13], [6, 19, 7, 20], [8, 12, 9, 11], [10, 21, 11, 22]]"
12a_0707_82,"[[10, 21, 11, 22], [12, 18, 13, 17], [14, 6, 15, 5], [16, 23, 17, 24], [18, 3, 19, 4], [20, 2, 21, 1], [22, 9, 23, 10], [24, 15, 1, 16], [2, 7, 3, 8], [4, 14, 5, 13], [6, 19, 7, 20], [8, 12, 9, 11]]"
12a_0707_83,"[[8, 12, 9, 11], [10, 21, 11, 22], [12, 18, 13, 17], [14, 6, 15, 5], [16, 23, 17, 24], [18, 3, 19, 4], [20, 2, 21, 1], [22, 9, 23, 10], [24, 15, 1, 16], [2, 7, 3, 8], [4, 14, 5, 13], [6, 19, 7, 20]]"
12a_0707_84,"[[7, 20, 8, 21], [9, 13, 10, 12], [11, 22, 12, 23], [13, 19, 14, 18], [15, 7, 16, 6], [17, 24, 18, 1], [19, 4, 20, 5], [21, 3, 22, 2], [23, 10, 24, 11], [1, 16, 2, 17], [3, 8, 4, 9], [5, 15, 6, 14]]"
12a_0707_85,"[[5, 15, 6, 14], [7, 20, 8, 21], [9, 13, 10, 12], [11, 22, 12, 23], [13, 19, 14, 18], [15, 7, 16, 6], [17, 24, 18, 1], [19, 4, 20, 5], [21, 3, 22, 2], [23, 10, 24, 11], [1, 16, 2, 17], [3, 8, 4, 9]]"
12a_0707_86,"[[3, 8, 4, 9], [5, 15, 6, 14], [7, 20, 8, 21], [9, 13, 10, 12], [11, 22, 12, 23], [13, 19, 14, 18], [15, 7, 16, 6], [17, 24, 18, 1], [19, 4, 20, 5], [21, 3, 22, 2], [23, 10, 24, 11], [1, 16, 2, 17]]"
12a_0707_87,"[[1, 16, 2, 17], [3, 8, 4, 9], [5, 15, 6, 14], [7, 20, 8, 21], [9, 13, 10, 12], [11, 22, 12, 23], [13, 19, 14, 18], [15, 7, 16, 6], [17, 24, 18, 1], [19, 4, 20, 5], [21, 3, 22, 2], [23, 10, 24, 11]]"
12a_0707_88,"[[23, 10, 24, 11], [1, 16, 2, 17], [3, 8, 4, 9], [5, 15, 6, 14], [7, 20, 8, 21], [9, 13, 10, 12], [11, 22, 12, 23], [13, 19, 14, 18], [15, 7, 16, 6], [17, 24, 18, 1], [19, 4, 20, 5], [21, 3, 22, 2]]"
12a_0707_89,"[[21, 3, 22, 2], [23, 10, 24, 11], [1, 16, 2, 17], [3, 8, 4, 9], [5, 15, 6, 14], [7, 20, 8, 21], [9, 13, 10, 12], [11, 22, 12, 23], [13, 19, 14, 18], [15, 7, 16, 6], [17, 24, 18, 1], [19, 4, 20, 5]]"
12a_0707_90,"[[19, 4, 20, 5], [21, 3, 22, 2], [23, 10, 24, 11], [1, 16, 2, 17], [3, 8, 4, 9], [5, 15, 6, 14], [7, 20, 8, 21], [9, 13, 10, 12], [11, 22, 12, 23], [13, 19, 14, 18], [15, 7, 16, 6], [17, 24, 18, 1]]"
12a_0707_91,"[[17, 24, 18, 1], [19, 4, 20, 5], [21, 3, 22, 2], [23, 10, 24, 11], [1, 16, 2, 17], [3, 8, 4, 9], [5, 15, 6, 14], [7, 20, 8, 21], [9, 13, 10, 12], [11, 22, 12, 23], [13, 19, 14, 18], [15, 7, 16, 6]]"
12a_0707_92,"[[15, 7, 16, 6], [17, 24, 18, 1], [19, 4, 20, 5], [21, 3, 22, 2], [23, 10, 24, 11], [1, 16, 2, 17], [3, 8, 4, 9], [5, 15, 6, 14], [7, 20, 8, 21], [9, 13, 10, 12], [11, 22, 12, 23], [13, 19, 14, 18]]"
12a_0707_93,"[[13, 19, 14, 18], [15, 7, 16, 6], [17, 24, 18, 1], [19, 4, 20, 5], [21, 3, 22, 2], [23, 10, 24, 11], [1, 16, 2, 17], [3, 8, 4, 9], [5, 15, 6, 14], [7, 20, 8, 21], [9, 13, 10, 12], [11, 22, 12, 23]]"
12a_0707_94,"[[11, 22, 12, 23], [13, 19, 14, 18], [15, 7, 16, 6], [17, 24, 18, 1], [19, 4, 20, 5], [21, 3, 22, 2], [23, 10, 24, 11], [1, 16, 2, 17], [3, 8, 4, 9], [5, 15, 6, 14], [7, 20, 8, 21], [9, 13, 10, 12]]"
12a_0707_95,"[[9, 13, 10, 12], [11, 22, 12, 23], [13, 19, 14, 18], [15, 7, 16, 6], [17, 24, 18, 1], [19, 4, 20, 5], [21, 3, 22, 2], [23, 10, 24, 11], [1, 16, 2, 17], [3, 8, 4, 9], [5, 15, 6, 14], [7, 20, 8, 21]]"
12a_0707_96,"[[8, 21, 9, 22], [10, 14, 11, 13], [12, 23, 13, 24], [14, 20, 15, 19], [16, 8, 17, 7], [18, 1, 19, 2], [20, 5, 21, 6], [22, 4, 23, 3], [24, 11, 1, 12], [2, 17, 3, 18], [4, 9, 5, 10], [6, 16, 7, 15]]"
12a_0707_97,"[[6, 16, 7, 15], [8, 21, 9, 22], [10, 14, 11, 13], [12, 23, 13, 24], [14, 20, 15, 19], [16, 8, 17, 7], [18, 1, 19, 2], [20, 5, 21, 6], [22, 4, 23, 3], [24, 11, 1, 12], [2, 17, 3, 18], [4, 9, 5, 10]]"
12a_0707_98,"[[4, 9, 5, 10], [6, 16, 7, 15], [8, 21, 9, 22], [10, 14, 11, 13], [12, 23, 13, 24], [14, 20, 15, 19], [16, 8, 17, 7], [18, 1, 19, 2], [20, 5, 21, 6], [22, 4, 23, 3], [24, 11, 1, 12], [2, 17, 3, 18]]"
12a_0707_99,"[[2, 17, 3, 18], [4, 9, 5, 10], [6, 16, 7, 15], [8, 21, 9, 22], [10, 14, 11, 13], [12, 23, 13, 24], [14, 20, 15, 19], [16, 8, 17, 7], [18, 1, 19, 2], [20, 5, 21, 6], [22, 4, 23, 3], [24, 11, 1, 12]]"
12a_0707_100,"[[24, 11, 1, 12], [2, 17, 3, 18], [4, 9, 5, 10], [6, 16, 7, 15], [8, 21, 9, 22], [10, 14, 11, 13], [12, 23, 13, 24], [14, 20, 15, 19], [16, 8, 17, 7], [18, 1, 19, 2], [20, 5, 21, 6], [22, 4, 23, 3]]"
12a_0707_101,"[[22, 4, 23, 3], [24, 11, 1, 12], [2, 17, 3, 18], [4, 9, 5, 10], [6, 16, 7, 15], [8, 21, 9, 22], [10, 14, 11, 13], [12, 23, 13, 24], [14, 20, 15, 19], [16, 8, 17, 7], [18, 1, 19, 2], [20, 5, 21, 6]]"
12a_0707_102,"[[20, 5, 21, 6], [22, 4, 23, 3], [24, 11, 1, 12], [2, 17, 3, 18], [4, 9, 5, 10], [6, 16, 7, 15], [8, 21, 9, 22], [10, 14, 11, 13], [12, 23, 13, 24], [14, 20, 15, 19], [16, 8, 17, 7], [18, 1, 19, 2]]"
12a_0707_103,"[[18, 1, 19, 2], [20, 5, 21, 6], [22, 4, 23, 3], [24, 11, 1, 12], [2, 17, 3, 18], [4, 9, 5, 10], [6, 16, 7, 15], [8, 21, 9, 22], [10, 14, 11, 13], [12, 23, 13, 24], [14, 20, 15, 19], [16, 8, 17, 7]]"
12a_0707_104,"[[16, 8, 17, 7], [18, 1, 19, 2], [20, 5, 21, 6], [22, 4, 23, 3], [24, 11, 1, 12], [2, 17, 3, 18], [4, 9, 5, 10], [6, 16, 7, 15], [8, 21, 9, 22], [10, 14, 11, 13], [12, 23, 13, 24], [14, 20, 15, 19]]"
12a_0707_105,"[[14, 20, 15, 19], [16, 8, 17, 7], [18, 1, 19, 2], [20, 5, 21, 6], [22, 4, 23, 3], [24, 11, 1, 12], [2, 17, 3, 18], [4, 9, 5, 10], [6, 16, 7, 15], [8, 21, 9, 22], [10, 14, 11, 13], [12, 23, 13, 24]]"
12a_0707_106,"[[12, 23, 13, 24], [14, 20, 15, 19], [16, 8, 17, 7], [18, 1, 19, 2], [20, 5, 21, 6], [22, 4, 23, 3], [24, 11, 1, 12], [2, 17, 3, 18], [4, 9, 5, 10], [6, 16, 7, 15], [8, 21, 9, 22], [10, 14, 11, 13]]"
12a_0707_107,"[[10, 14, 11, 13], [12, 23, 13, 24], [14, 20, 15, 19], [16, 8, 17, 7], [18, 1, 19, 2], [20, 5, 21, 6], [22, 4, 23, 3], [24, 11, 1, 12], [2, 17, 3, 18], [4, 9, 5, 10], [6, 16, 7, 15], [8, 21, 9, 22]]"
12a_0707_108,"[[9, 22, 10, 23], [11, 15, 12, 14], [13, 24, 14, 1], [15, 21, 16, 20], [17, 9, 18, 8], [19, 2, 20, 3], [21, 6, 22, 7], [23, 5, 24, 4], [1, 12, 2, 13], [3, 18, 4, 19], [5, 10, 6, 11], [7, 17, 8, 16]]"
12a_0707_109,"[[7, 17, 8, 16], [9, 22, 10, 23], [11, 15, 12, 14], [13, 24, 14, 1], [15, 21, 16, 20], [17, 9, 18, 8], [19, 2, 20, 3], [21, 6, 22, 7], [23, 5, 24, 4], [1, 12, 2, 13], [3, 18, 4, 19], [5, 10, 6, 11]]"
12a_0707_110,"[[5, 10, 6, 11], [7, 17, 8, 16], [9, 22, 10, 23], [11, 15, 12, 14], [13, 24, 14, 1], [15, 21, 16, 20], [17, 9, 18, 8], [19, 2, 20, 3], [21, 6, 22, 7], [23, 5, 24, 4], [1, 12, 2, 13], [3, 18, 4, 19]]"
12a_0707_111,"[[3, 18, 4, 19], [5, 10, 6, 11], [7, 17, 8, 16], [9, 22, 10, 23], [11, 15, 12, 14], [13, 24, 14, 1], [15, 21, 16, 20], [17, 9, 18, 8], [19, 2, 20, 3], [21, 6, 22, 7], [23, 5, 24, 4], [1, 12, 2, 13]]"
12a_0707_112,"[[1, 12, 2, 13], [3, 18, 4, 19], [5, 10, 6, 11], [7, 17, 8, 16], [9, 22, 10, 23], [11, 15, 12, 14], [13, 24, 14, 1], [15, 21, 16, 20], [17, 9, 18, 8], [19, 2, 20, 3], [21, 6, 22, 7], [23, 5, 24, 4]]"
12a_0707_113,"[[23, 5, 24, 4], [1, 12, 2, 13], [3, 18, 4, 19], [5, 10, 6, 11], [7, 17, 8, 16], [9, 22, 10, 23], [11, 15, 12, 14], [13, 24, 14, 1], [15, 21, 16, 20], [17, 9, 18, 8], [19, 2, 20, 3], [21, 6, 22, 7]]"
12a_0707_114,"[[21, 6, 22, 7], [23, 5, 24, 4], [1, 12, 2, 13], [3, 18, 4, 19], [5, 10, 6, 11], [7, 17, 8, 16], [9, 22, 10, 23], [11, 15, 12, 14], [13, 24, 14, 1], [15, 21, 16, 20], [17, 9, 18, 8], [19, 2, 20, 3]]"
12a_0707_115,"[[19, 2, 20, 3], [21, 6, 22, 7], [23, 5, 24, 4], [1, 12, 2, 13], [3, 18, 4, 19], [5, 10, 6, 11], [7, 17, 8, 16], [9, 22, 10, 23], [11, 15, 12, 14], [13, 24, 14, 1], [15, 21, 16, 20], [17, 9, 18, 8]]"
12a_0707_116,"[[17, 9, 18, 8], [19, 2, 20, 3], [21, 6, 22, 7], [23, 5, 24, 4], [1, 12, 2, 13], [3, 18, 4, 19], [5, 10, 6, 11], [7, 17, 8, 16], [9, 22, 10, 23], [11, 15, 12, 14], [13, 24, 14, 1], [15, 21, 16, 20]]"
12a_0707_117,"[[15, 21, 16, 20], [17, 9, 18, 8], [19, 2, 20, 3], [21, 6, 22, 7], [23, 5, 24, 4], [1, 12, 2, 13], [3, 18, 4, 19], [5, 10, 6, 11], [7, 17, 8, 16], [9, 22, 10, 23], [11, 15, 12, 14], [13, 24, 14, 1]]"
12a_0707_118,"[[13, 24, 14, 1], [15, 21, 16, 20], [17, 9, 18, 8], [19, 2, 20, 3], [21, 6, 22, 7], [23, 5, 24, 4], [1, 12, 2, 13], [3, 18, 4, 19], [5, 10, 6, 11], [7, 17, 8, 16], [9, 22, 10, 23], [11, 15, 12, 14]]"
12a_0707_119,"[[11, 15, 12, 14], [13, 24, 14, 1], [15, 21, 16, 20], [17, 9, 18, 8], [19, 2, 20, 3], [21, 6, 22, 7], [23, 5, 24, 4], [1, 12, 2, 13], [3, 18, 4, 19], [5, 10, 6, 11], [7, 17, 8, 16], [9, 22, 10, 23]]"
12a_0707_120,"[[10, 23, 11, 24], [12, 16, 13, 15], [14, 1, 15, 2], [16, 22, 17, 21], [18, 10, 19, 9], [20, 3, 21, 4], [22, 7, 23, 8], [24, 6, 1, 5], [2, 13, 3, 14], [4, 19, 5, 20], [6, 11, 7, 12], [8, 18, 9, 17]]"
12a_0707_121,"[[8, 18, 9, 17], [10, 23, 11, 24], [12, 16, 13, 15], [14, 1, 15, 2], [16, 22, 17, 21], [18, 10, 19, 9], [20, 3, 21, 4], [22, 7, 23, 8], [24, 6, 1, 5], [2, 13, 3, 14], [4, 19, 5, 20], [6, 11, 7, 12]]"
12a_0707_122,"[[6, 11, 7, 12], [8, 18, 9, 17], [10, 23, 11, 24], [12, 16, 13, 15], [14, 1, 15, 2], [16, 22, 17, 21], [18, 10, 19, 9], [20, 3, 21, 4], [22, 7, 23, 8], [24, 6, 1, 5], [2, 13, 3, 14], [4, 19, 5, 20]]"
12a_0707_123,"[[4, 19, 5, 20], [6, 11, 7, 12], [8, 18, 9, 17], [10, 23, 11, 24], [12, 16, 13, 15], [14, 1, 15, 2], [16, 22, 17, 21], [18, 10, 19, 9], [20, 3, 21, 4], [22, 7, 23, 8], [24, 6, 1, 5], [2, 13, 3, 14]]"
12a_0707_124,"[[2, 13, 3, 14], [4, 19, 5, 20], [6, 11, 7, 12], [8, 18, 9, 17], [10, 23, 11, 24], [12, 16, 13, 15], [14, 1, 15, 2], [16, 22, 17, 21], [18, 10, 19, 9], [20, 3, 21, 4], [22, 7, 23, 8], [24, 6, 1, 5]]"
12a_0707_125,"[[24, 6, 1, 5], [2, 13, 3, 14], [4, 19, 5, 20], [6, 11, 7, 12], [8, 18, 9, 17], [10, 23, 11, 24], [12, 16, 13, 15], [14, 1, 15, 2], [16, 22, 17, 21], [18, 10, 19, 9], [20, 3, 21, 4], [22, 7, 23, 8]]"
12a_0707_126,"[[22, 7, 23, 8], [24, 6, 1, 5], [2, 13, 3, 14], [4, 19, 5, 20], [6, 11, 7, 12], [8, 18, 9, 17], [10, 23, 11, 24], [12, 16, 13, 15], [14, 1, 15, 2], [16, 22, 17, 21], [18, 10, 19, 9], [20, 3, 21, 4]]"
12a_0707_127,"[[20, 3, 21, 4], [22, 7, 23, 8], [24, 6, 1, 5], [2, 13, 3, 14], [4, 19, 5, 20], [6, 11, 7, 12], [8, 18, 9, 17], [10, 23, 11, 24], [12, 16, 13, 15], [14, 1, 15, 2], [16, 22, 17, 21], [18, 10, 19, 9]]"
12a_0707_128,"[[18, 10, 19, 9], [20, 3, 21, 4], [22, 7, 23, 8], [24, 6, 1, 5], [2, 13, 3, 14], [4, 19, 5, 20], [6, 11, 7, 12], [8, 18, 9, 17], [10, 23, 11, 24], [12, 16, 13, 15], [14, 1, 15, 2], [16, 22, 17, 21]]"
12a_0707_129,"[[16, 22, 17, 21], [18, 10, 19, 9], [20, 3, 21, 4], [22, 7, 23, 8], [24, 6, 1, 5], [2, 13, 3, 14], [4, 19, 5, 20], [6, 11, 7, 12], [8, 18, 9, 17], [10, 23, 11, 24], [12, 16, 13, 15], [14, 1, 15, 2]]"
12a_0707_130,"[[14, 1, 15, 2], [16, 22, 17, 21], [18, 10, 19, 9], [20, 3, 21, 4], [22, 7, 23, 8], [24, 6, 1, 5], [2, 13, 3, 14], [4, 19, 5, 20], [6, 11, 7, 12], [8, 18, 9, 17], [10, 23, 11, 24], [12, 16, 13, 15]]"
12a_0707_131,"[[12, 16, 13, 15], [14, 1, 15, 2], [16, 22, 17, 21], [18, 10, 19, 9], [20, 3, 21, 4], [22, 7, 23, 8], [24, 6, 1, 5], [2, 13, 3, 14], [4, 19, 5, 20], [6, 11, 7, 12], [8, 18, 9, 17], [10, 23, 11, 24]]"
12a_0707_132,"[[11, 24, 12, 1], [13, 17, 14, 16], [15, 2, 16, 3], [17, 23, 18, 22], [19, 11, 20, 10], [21, 4, 22, 5], [23, 8, 24, 9], [1, 7, 2, 6], [3, 14, 4, 15], [5, 20, 6, 21], [7, 12, 8, 13], [9, 19, 10, 18]]"
12a_0707_133,"[[9, 19, 10, 18], [11, 24, 12, 1], [13, 17, 14, 16], [15, 2, 16, 3], [17, 23, 18, 22], [19, 11, 20, 10], [21, 4, 22, 5], [23, 8, 24, 9], [1, 7, 2, 6], [3, 14, 4, 15], [5, 20, 6, 21], [7, 12, 8, 13]]"
12a_0707_134,"[[7, 12, 8, 13], [9, 19, 10, 18], [11, 24, 12, 1], [13, 17, 14, 16], [15, 2, 16, 3], [17, 23, 18, 22], [19, 11, 20, 10], [21, 4, 22, 5], [23, 8, 24, 9], [1, 7, 2, 6], [3, 14, 4, 15], [5, 20, 6, 21]]"
12a_0707_135,"[[5, 20, 6, 21], [7, 12, 8, 13], [9, 19, 10, 18], [11, 24, 12, 1], [13, 17, 14, 16], [15, 2, 16, 3], [17, 23, 18, 22], [19, 11, 20, 10], [21, 4, 22, 5], [23, 8, 24, 9], [1, 7, 2, 6], [3, 14, 4, 15]]"
12a_0707_136,"[[3, 14, 4, 15], [5, 20, 6, 21], [7, 12, 8, 13], [9, 19, 10, 18], [11, 24, 12, 1], [13, 17, 14, 16], [15, 2, 16, 3], [17, 23, 18, 22], [19, 11, 20, 10], [21, 4, 22, 5], [23, 8, 24, 9], [1, 7, 2, 6]]"
12a_0707_137,"[[1, 7, 2, 6], [3, 14, 4, 15], [5, 20, 6, 21], [7, 12, 8, 13], [9, 19, 10, 18], [11, 24, 12, 1], [13, 17, 14, 16], [15, 2, 16, 3], [17, 23, 18, 22], [19, 11, 20, 10], [21, 4, 22, 5], [23, 8, 24, 9]]"
12a_0707_138,"[[23, 8, 24, 9], [1, 7, 2, 6], [3, 14, 4, 15], [5, 20, 6, 21], [7, 12, 8, 13], [9, 19, 10, 18], [11, 24, 12, 1], [13, 17, 14, 16], [15, 2, 16, 3], [17, 23, 18, 22], [19, 11, 20, 10], [21, 4, 22, 5]]"
12a_0707_139,"[[21, 4, 22, 5], [23, 8, 24, 9], [1, 7, 2, 6], [3, 14, 4, 15], [5, 20, 6, 21], [7, 12, 8, 13], [9, 19, 10, 18], [11, 24, 12, 1], [13, 17, 14, 16], [15, 2, 16, 3], [17, 23, 18, 22], [19, 11, 20, 10]]"
12a_0707_140,"[[19, 11, 20, 10], [21, 4, 22, 5], [23, 8, 24, 9], [1, 7, 2, 6], [3, 14, 4, 15], [5, 20, 6, 21], [7, 12, 8, 13], [9, 19, 10, 18], [11, 24, 12, 1], [13, 17, 14, 16], [15, 2, 16, 3], [17, 23, 18, 22]]"
12a_0707_141,"[[17, 23, 18, 22], [19, 11, 20, 10], [21, 4, 22, 5], [23, 8, 24, 9], [1, 7, 2, 6], [3, 14, 4, 15], [5, 20, 6, 21], [7, 12, 8, 13], [9, 19, 10, 18], [11, 24, 12, 1], [13, 17, 14, 16], [15, 2, 16, 3]]"
12a_0707_142,"[[15, 2, 16, 3], [17, 23, 18, 22], [19, 11, 20, 10], [21, 4, 22, 5], [23, 8, 24, 9], [1, 7, 2, 6], [3, 14, 4, 15], [5, 20, 6, 21], [7, 12, 8, 13], [9, 19, 10, 18], [11, 24, 12, 1], [13, 17, 14, 16]]"
12a_0707_143,"[[13, 17, 14, 16], [15, 2, 16, 3], [17, 23, 18, 22], [19, 11, 20, 10], [21, 4, 22, 5], [23, 8, 24, 9], [1, 7, 2, 6], [3, 14, 4, 15], [5, 20, 6, 21], [7, 12, 8, 13], [9, 19, 10, 18], [11, 24, 12, 1]]"
12a_0707_144,"[[12, 1, 13, 2], [14, 18, 15, 17], [16, 3, 17, 4], [18, 24, 19, 23], [20, 12, 21, 11], [22, 5, 23, 6], [24, 9, 1, 10], [2, 8, 3, 7], [4, 15, 5, 16], [6, 21, 7, 22], [8, 13, 9, 14], [10, 20, 11, 19]]"
12a_0707_145,"[[10, 20, 11, 19], [12, 1, 13, 2], [14, 18, 15, 17], [16, 3, 17, 4], [18, 24, 19, 23], [20, 12, 21, 11], [22, 5, 23, 6], [24, 9, 1, 10], [2, 8, 3, 7], [4, 15, 5, 16], [6, 21, 7, 22], [8, 13, 9, 14]]"
12a_0707_146,"[[8, 13, 9, 14], [10, 20, 11, 19], [12, 1, 13, 2], [14, 18, 15, 17], [16, 3, 17, 4], [18, 24, 19, 23], [20, 12, 21, 11], [22, 5, 23, 6], [24, 9, 1, 10], [2, 8, 3, 7], [4, 15, 5, 16], [6, 21, 7, 22]]"
12a_0707_147,"[[6, 21, 7, 22], [8, 13, 9, 14], [10, 20, 11, 19], [12, 1, 13, 2], [14, 18, 15, 17], [16, 3, 17, 4], [18, 24, 19, 23], [20, 12, 21, 11], [22, 5, 23, 6], [24, 9, 1, 10], [2, 8, 3, 7], [4, 15, 5, 16]]"
12a_0707_148,"[[4, 15, 5, 16], [6, 21, 7, 22], [8, 13, 9, 14], [10, 20, 11, 19], [12, 1, 13, 2], [14, 18, 15, 17], [16, 3, 17, 4], [18, 24, 19, 23], [20, 12, 21, 11], [22, 5, 23, 6], [24, 9, 1, 10], [2, 8, 3, 7]]"
12a_0707_149,"[[2, 8, 3, 7], [4, 15, 5, 16], [6, 21, 7, 22], [8, 13, 9, 14], [10, 20, 11, 19], [12, 1, 13, 2], [14, 18, 15, 17], [16, 3, 17, 4], [18, 24, 19, 23], [20, 12, 21, 11], [22, 5, 23, 6], [24, 9, 1, 10]]"
12a_0707_150,"[[24, 9, 1, 10], [2, 8, 3, 7], [4, 15, 5, 16], [6, 21, 7, 22], [8, 13, 9, 14], [10, 20, 11, 19], [12, 1, 13, 2], [14, 18, 15, 17], [16, 3, 17, 4], [18, 24, 19, 23], [20, 12, 21, 11], [22, 5, 23, 6]]"
12a_0707_151,"[[22, 5, 23, 6], [24, 9, 1, 10], [2, 8, 3, 7], [4, 15, 5, 16], [6, 21, 7, 22], [8, 13, 9, 14], [10, 20, 11, 19], [12, 1, 13, 2], [14, 18, 15, 17], [16, 3, 17, 4], [18, 24, 19, 23], [20, 12, 21, 11]]"
12a_0707_152,"[[20, 12, 21, 11], [22, 5, 23, 6], [24, 9, 1, 10], [2, 8, 3, 7], [4, 15, 5, 16], [6, 21, 7, 22], [8, 13, 9, 14], [10, 20, 11, 19], [12, 1, 13, 2], [14, 18, 15, 17], [16, 3, 17, 4], [18, 24, 19, 23]]"
12a_0707_153,"[[18, 24, 19, 23], [20, 12, 21, 11], [22, 5, 23, 6], [24, 9, 1, 10], [2, 8, 3, 7], [4, 15, 5, 16], [6, 21, 7, 22], [8, 13, 9, 14], [10, 20, 11, 19], [12, 1, 13, 2], [14, 18, 15, 17], [16, 3, 17, 4]]"
12a_0707_154,"[[16, 3, 17, 4], [18, 24, 19, 23], [20, 12, 21, 11], [22, 5, 23, 6], [24, 9, 1, 10], [2, 8, 3, 7], [4, 15, 5, 16], [6, 21, 7, 22], [8, 13, 9, 14], [10, 20, 11, 19], [12, 1, 13, 2], [14, 18, 15, 17]]"
12a_0707_155,"[[14, 18, 15, 17], [16, 3, 17, 4], [18, 24, 19, 23], [20, 12, 21, 11], [22, 5, 23, 6], [24, 9, 1, 10], [2, 8, 3, 7], [4, 15, 5, 16], [6, 21, 7, 22], [8, 13, 9, 14], [10, 20, 11, 19], [12, 1, 13, 2]]"
12a_0707_156,"[[13, 2, 14, 3], [15, 19, 16, 18], [17, 4, 18, 5], [19, 1, 20, 24], [21, 13, 22, 12], [23, 6, 24, 7], [1, 10, 2, 11], [3, 9, 4, 8], [5, 16, 6, 17], [7, 22, 8, 23], [9, 14, 10, 15], [11, 21, 12, 20]]"
12a_0707_157,"[[11, 21, 12, 20], [13, 2, 14, 3], [15, 19, 16, 18], [17, 4, 18, 5], [19, 1, 20, 24], [21, 13, 22, 12], [23, 6, 24, 7], [1, 10, 2, 11], [3, 9, 4, 8], [5, 16, 6, 17], [7, 22, 8, 23], [9, 14, 10, 15]]"
12a_0707_158,"[[9, 14, 10, 15], [11, 21, 12, 20], [13, 2, 14, 3], [15, 19, 16, 18], [17, 4, 18, 5], [19, 1, 20, 24], [21, 13, 22, 12], [23, 6, 24, 7], [1, 10, 2, 11], [3, 9, 4, 8], [5, 16, 6, 17], [7, 22, 8, 23]]"
12a_0707_159,"[[7, 22, 8, 23], [9, 14, 10, 15], [11, 21, 12, 20], [13, 2, 14, 3], [15, 19, 16, 18], [17, 4, 18, 5], [19, 1, 20, 24], [21, 13, 22, 12], [23, 6, 24, 7], [1, 10, 2, 11], [3, 9, 4, 8], [5, 16, 6, 17]]"
12a_0707_160,"[[5, 16, 6, 17], [7, 22, 8, 23], [9, 14, 10, 15], [11, 21, 12, 20], [13, 2, 14, 3], [15, 19, 16, 18], [17, 4, 18, 5], [19, 1, 20, 24], [21, 13, 22, 12], [23, 6, 24, 7], [1, 10, 2, 11], [3, 9, 4, 8]]"
12a_0707_161,"[[3, 9, 4, 8], [5, 16, 6, 17], [7, 22, 8, 23], [9, 14, 10, 15], [11, 21, 12, 20], [13, 2, 14, 3], [15, 19, 16, 18], [17, 4, 18, 5], [19, 1, 20, 24], [21, 13, 22, 12], [23, 6, 24, 7], [1, 10, 2, 11]]"
12a_0707_162,"[[1, 10, 2, 11], [3, 9, 4, 8], [5, 16, 6, 17], [7, 22, 8, 23], [9, 14, 10, 15], [11, 21, 12, 20], [13, 2, 14, 3], [15, 19, 16, 18], [17, 4, 18, 5], [19, 1, 20, 24], [21, 13, 22, 12], [23, 6, 24, 7]]"
12a_0707_163,"[[23, 6, 24, 7], [1, 10, 2, 11], [3, 9, 4, 8], [5, 16, 6, 17], [7, 22, 8, 23], [9, 14, 10, 15], [11, 21, 12, 20], [13, 2, 14, 3], [15, 19, 16, 18], [17, 4, 18, 5], [19, 1, 20, 24], [21, 13, 22, 12]]"
12a_0707_164,"[[21, 13, 22, 12], [23, 6, 24, 7], [1, 10, 2, 11], [3, 9, 4, 8], [5, 16, 6, 17], [7, 22, 8, 23], [9, 14, 10, 15], [11, 21, 12, 20], [13, 2, 14, 3], [15, 19, 16, 18], [17, 4, 18, 5], [19, 1, 20, 24]]"
12a_0707_165,"[[19, 1, 20, 24], [21, 13, 22, 12], [23, 6, 24, 7], [1, 10, 2, 11], [3, 9, 4, 8], [5, 16, 6, 17], [7, 22, 8, 23], [9, 14, 10, 15], [11, 21, 12, 20], [13, 2, 14, 3], [15, 19, 16, 18], [17, 4, 18, 5]]"
12a_0707_166,"[[17, 4, 18, 5], [19, 1, 20, 24], [21, 13, 22, 12], [23, 6, 24, 7], [1, 10, 2, 11], [3, 9, 4, 8], [5, 16, 6, 17], [7, 22, 8, 23], [9, 14, 10, 15], [11, 21, 12, 20], [13, 2, 14, 3], [15, 19, 16, 18]]"
12a_0707_167,"[[15, 19, 16, 18], [17, 4, 18, 5], [19, 1, 20, 24], [21, 13, 22, 12], [23, 6, 24, 7], [1, 10, 2, 11], [3, 9, 4, 8], [5, 16, 6, 17], [7, 22, 8, 23], [9, 14, 10, 15], [11, 21, 12, 20], [13, 2, 14, 3]]"
12a_0707_168,"[[14, 3, 15, 4], [16, 20, 17, 19], [18, 5, 19, 6], [20, 2, 21, 1], [22, 14, 23, 13], [24, 7, 1, 8], [2, 11, 3, 12], [4, 10, 5, 9], [6, 17, 7, 18], [8, 23, 9, 24], [10, 15, 11, 16], [12, 22, 13, 21]]"
12a_0707_169,"[[12, 22, 13, 21], [14, 3, 15, 4], [16, 20, 17, 19], [18, 5, 19, 6], [20, 2, 21, 1], [22, 14, 23, 13], [24, 7, 1, 8], [2, 11, 3, 12], [4, 10, 5, 9], [6, 17, 7, 18], [8, 23, 9, 24], [10, 15, 11, 16]]"
12a_0707_170,"[[10, 15, 11, 16], [12, 22, 13, 21], [14, 3, 15, 4], [16, 20, 17, 19], [18, 5, 19, 6], [20, 2, 21, 1], [22, 14, 23, 13], [24, 7, 1, 8], [2, 11, 3, 12], [4, 10, 5, 9], [6, 17, 7, 18], [8, 23, 9, 24]]"
12a_0707_171,"[[8, 23, 9, 24], [10, 15, 11, 16], [12, 22, 13, 21], [14, 3, 15, 4], [16, 20, 17, 19], [18, 5, 19, 6], [20, 2, 21, 1], [22, 14, 23, 13], [24, 7, 1, 8], [2, 11, 3, 12], [4, 10, 5, 9], [6, 17, 7, 18]]"
12a_0707_172,"[[6, 17, 7, 18], [8, 23, 9, 24], [10, 15, 11, 16], [12, 22, 13, 21], [14, 3, 15, 4], [16, 20, 17, 19], [18, 5, 19, 6], [20, 2, 21, 1], [22, 14, 23, 13], [24, 7, 1, 8], [2, 11, 3, 12], [4, 10, 5, 9]]"
12a_0707_173,"[[4, 10, 5, 9], [6, 17, 7, 18], [8, 23, 9, 24], [10, 15, 11, 16], [12, 22, 13, 21], [14, 3, 15, 4], [16, 20, 17, 19], [18, 5, 19, 6], [20, 2, 21, 1], [22, 14, 23, 13], [24, 7, 1, 8], [2, 11, 3, 12]]"
12a_0707_174,"[[2, 11, 3, 12], [4, 10, 5, 9], [6, 17, 7, 18], [8, 23, 9, 24], [10, 15, 11, 16], [12, 22, 13, 21], [14, 3, 15, 4], [16, 20, 17, 19], [18, 5, 19, 6], [20, 2, 21, 1], [22, 14, 23, 13], [24, 7, 1, 8]]"
12a_0707_175,"[[24, 7, 1, 8], [2, 11, 3, 12], [4, 10, 5, 9], [6, 17, 7, 18], [8, 23, 9, 24], [10, 15, 11, 16], [12, 22, 13, 21], [14, 3, 15, 4], [16, 20, 17, 19], [18, 5, 19, 6], [20, 2, 21, 1], [22, 14, 23, 13]]"
12a_0707_176,"[[22, 14, 23, 13], [24, 7, 1, 8], [2, 11, 3, 12], [4, 10, 5, 9], [6, 17, 7, 18], [8, 23, 9, 24], [10, 15, 11, 16], [12, 22, 13, 21], [14, 3, 15, 4], [16, 20, 17, 19], [18, 5, 19, 6], [20, 2, 21, 1]]"
12a_0707_177,"[[20, 2, 21, 1], [22, 14, 23, 13], [24, 7, 1, 8], [2, 11, 3, 12], [4, 10, 5, 9], [6, 17, 7, 18], [8, 23, 9, 24], [10, 15, 11, 16], [12, 22, 13, 21], [14, 3, 15, 4], [16, 20, 17, 19], [18, 5, 19, 6]]"
12a_0707_178,"[[18, 5, 19, 6], [20, 2, 21, 1], [22, 14, 23, 13], [24, 7, 1, 8], [2, 11, 3, 12], [4, 10, 5, 9], [6, 17, 7, 18], [8, 23, 9, 24], [10, 15, 11, 16], [12, 22, 13, 21], [14, 3, 15, 4], [16, 20, 17, 19]]"
12a_0707_179,"[[16, 20, 17, 19], [18, 5, 19, 6], [20, 2, 21, 1], [22, 14, 23, 13], [24, 7, 1, 8], [2, 11, 3, 12], [4, 10, 5, 9], [6, 17, 7, 18], [8, 23, 9, 24], [10, 15, 11, 16], [12, 22, 13, 21], [14, 3, 15, 4]]"
12a_0707_180,"[[15, 4, 16, 5], [17, 21, 18, 20], [19, 6, 20, 7], [21, 3, 22, 2], [23, 15, 24, 14], [1, 8, 2, 9], [3, 12, 4, 13], [5, 11, 6, 10], [7, 18, 8, 19], [9, 24, 10, 1], [11, 16, 12, 17], [13, 23, 14, 22]]"
12a_0707_181,"[[13, 23, 14, 22], [15, 4, 16, 5], [17, 21, 18, 20], [19, 6, 20, 7], [21, 3, 22, 2], [23, 15, 24, 14], [1, 8, 2, 9], [3, 12, 4, 13], [5, 11, 6, 10], [7, 18, 8, 19], [9, 24, 10, 1], [11, 16, 12, 17]]"
12a_0707_182,"[[11, 16, 12, 17], [13, 23, 14, 22], [15, 4, 16, 5], [17, 21, 18, 20], [19, 6, 20, 7], [21, 3, 22, 2], [23, 15, 24, 14], [1, 8, 2, 9], [3, 12, 4, 13], [5, 11, 6, 10], [7, 18, 8, 19], [9, 24, 10, 1]]"
12a_0707_183,"[[9, 24, 10, 1], [11, 16, 12, 17], [13, 23, 14, 22], [15, 4, 16, 5], [17, 21, 18, 20], [19, 6, 20, 7], [21, 3, 22, 2], [23, 15, 24, 14], [1, 8, 2, 9], [3, 12, 4, 13], [5, 11, 6, 10], [7, 18, 8, 19]]"
12a_0707_184,"[[7, 18, 8, 19], [9, 24, 10, 1], [11, 16, 12, 17], [13, 23, 14, 22], [15, 4, 16, 5], [17, 21, 18, 20], [19, 6, 20, 7], [21, 3, 22, 2], [23, 15, 24, 14], [1, 8, 2, 9], [3, 12, 4, 13], [5, 11, 6, 10]]"
12a_0707_185,"[[5, 11, 6, 10], [7, 18, 8, 19], [9, 24, 10, 1], [11, 16, 12, 17], [13, 23, 14, 22], [15, 4, 16, 5], [17, 21, 18, 20], [19, 6, 20, 7], [21, 3, 22, 2], [23, 15, 24, 14], [1, 8, 2, 9], [3, 12, 4, 13]]"
