name,pd_notation
12a_0348_0,"[[24, 22, 1, 21], [2, 6, 3, 5], [4, 11, 5, 12], [6, 18, 7, 17], [8, 14, 9, 13], [10, 19, 11, 20], [12, 3, 13, 4], [14, 23, 15, 24], [16, 8, 17, 7], [18, 2, 19, 1], [20, 9, 21, 10], [22, 15, 23, 16]]"
12a_0348_1,"[[22, 15, 23, 16], [24, 22, 1, 21], [2, 6, 3, 5], [4, 11, 5, 12], [6, 18, 7, 17], [8, 14, 9, 13], [10, 19, 11, 20], [12, 3, 13, 4], [14, 23, 15, 24], [16, 8, 17, 7], [18, 2, 19, 1], [20, 9, 21, 10]]"
12a_0348_2,"[[20, 9, 21, 10], [22, 15, 23, 16], [24, 22, 1, 21], [2, 6, 3, 5], [4, 11, 5, 12], [6, 18, 7, 17], [8, 14, 9, 13], [10, 19, 11, 20], [12, 3, 13, 4], [14, 23, 15, 24], [16, 8, 17, 7], [18, 2, 19, 1]]"
12a_0348_3,"[[18, 2, 19, 1], [20, 9, 21, 10], [22, 15, 23, 16], [24, 22, 1, 21], [2, 6, 3, 5], [4, 11, 5, 12], [6, 18, 7, 17], [8, 14, 9, 13], [10, 19, 11, 20], [12, 3, 13, 4], [14, 23, 15, 24], [16, 8, 17, 7]]"
12a_0348_4,"[[16, 8, 17, 7], [18, 2, 19, 1], [20, 9, 21, 10], [22, 15, 23, 16], [24, 22, 1, 21], [2, 6, 3, 5], [4, 11, 5, 12], [6, 18, 7, 17], [8, 14, 9, 13], [10, 19, 11, 20], [12, 3, 13, 4], [14, 23, 15, 24]]"
12a_0348_5,"[[14, 23, 15, 24], [16, 8, 17, 7], [18, 2, 19, 1], [20, 9, 21, 10], [22, 15, 23, 16], [24, 22, 1, 21], [2, 6, 3, 5], [4, 11, 5, 12], [6, 18, 7, 17], [8, 14, 9, 13], [10, 19, 11, 20], [12, 3, 13, 4]]"
12a_0348_6,"[[12, 3, 13, 4], [14, 23, 15, 24], [16, 8, 17, 7], [18, 2, 19, 1], [20, 9, 21, 10], [22, 15, 23, 16], [24, 22, 1, 21], [2, 6, 3, 5], [4, 11, 5, 12], [6, 18, 7, 17], [8, 14, 9, 13], [10, 19, 11, 20]]"
12a_0348_7,"[[10, 19, 11, 20], [12, 3, 13, 4], [14, 23, 15, 24], [16, 8, 17, 7], [18, 2, 19, 1], [20, 9, 21, 10], [22, 15, 23, 16], [24, 22, 1, 21], [2, 6, 3, 5], [4, 11, 5, 12], [6, 18, 7, 17], [8, 14, 9, 13]]"
12a_0348_8,"[[8, 14, 9, 13], [10, 19, 11, 20], [12, 3, 13, 4], [14, 23, 15, 24], [16, 8, 17, 7], [18, 2, 19, 1], [20, 9, 21, 10], [22, 15, 23, 16], [24, 22, 1, 21], [2, 6, 3, 5], [4, 11, 5, 12], [6, 18, 7, 17]]"
12a_0348_9,"[[6, 18, 7, 17], [8, 14, 9, 13], [10, 19, 11, 20], [12, 3, 13, 4], [14, 23, 15, 24], [16, 8, 17, 7], [18, 2, 19, 1], [20, 9, 21, 10], [22, 15, 23, 16], [24, 22, 1, 21], [2, 6, 3, 5], [4, 11, 5, 12]]"
12a_0348_10,"[[4, 11, 5, 12], [6, 18, 7, 17], [8, 14, 9, 13], [10, 19, 11, 20], [12, 3, 13, 4], [14, 23, 15, 24], [16, 8, 17, 7], [18, 2, 19, 1], [20, 9, 21, 10], [22, 15, 23, 16], [24, 22, 1, 21], [2, 6, 3, 5]]"
12a_0348_11,"[[2, 6, 3, 5], [4, 11, 5, 12], [6, 18, 7, 17], [8, 14, 9, 13], [10, 19, 11, 20], [12, 3, 13, 4], [14, 23, 15, 24], [16, 8, 17, 7], [18, 2, 19, 1], [20, 9, 21, 10], [22, 15, 23, 16], [24, 22, 1, 21]]"
12a_0348_12,"[[1, 23, 2, 22], [3, 7, 4, 6], [5, 12, 6, 13], [7, 19, 8, 18], [9, 15, 10, 14], [11, 20, 12, 21], [13, 4, 14, 5], [15, 24, 16, 1], [17, 9, 18, 8], [19, 3, 20, 2], [21, 10, 22, 11], [23, 16, 24, 17]]"
12a_0348_13,"[[23, 16, 24, 17], [1, 23, 2, 22], [3, 7, 4, 6], [5, 12, 6, 13], [7, 19, 8, 18], [9, 15, 10, 14], [11, 20, 12, 21], [13, 4, 14, 5], [15, 24, 16, 1], [17, 9, 18, 8], [19, 3, 20, 2], [21, 10, 22, 11]]"
12a_0348_14,"[[21, 10, 22, 11], [23, 16, 24, 17], [1, 23, 2, 22], [3, 7, 4, 6], [5, 12, 6, 13], [7, 19, 8, 18], [9, 15, 10, 14], [11, 20, 12, 21], [13, 4, 14, 5], [15, 24, 16, 1], [17, 9, 18, 8], [19, 3, 20, 2]]"
12a_0348_15,"[[19, 3, 20, 2], [21, 10, 22, 11], [23, 16, 24, 17], [1, 23, 2, 22], [3, 7, 4, 6], [5, 12, 6, 13], [7, 19, 8, 18], [9, 15, 10, 14], [11, 20, 12, 21], [13, 4, 14, 5], [15, 24, 16, 1], [17, 9, 18, 8]]"
12a_0348_16,"[[17, 9, 18, 8], [19, 3, 20, 2], [21, 10, 22, 11], [23, 16, 24, 17], [1, 23, 2, 22], [3, 7, 4, 6], [5, 12, 6, 13], [7, 19, 8, 18], [9, 15, 10, 14], [11, 20, 12, 21], [13, 4, 14, 5], [15, 24, 16, 1]]"
12a_0348_17,"[[15, 24, 16, 1], [17, 9, 18, 8], [19, 3, 20, 2], [21, 10, 22, 11], [23, 16, 24, 17], [1, 23, 2, 22], [3, 7, 4, 6], [5, 12, 6, 13], [7, 19, 8, 18], [9, 15, 10, 14], [11, 20, 12, 21], [13, 4, 14, 5]]"
12a_0348_18,"[[13, 4, 14, 5], [15, 24, 16, 1], [17, 9, 18, 8], [19, 3, 20, 2], [21, 10, 22, 11], [23, 16, 24, 17], [1, 23, 2, 22], [3, 7, 4, 6], [5, 12, 6, 13], [7, 19, 8, 18], [9, 15, 10, 14], [11, 20, 12, 21]]"
12a_0348_19,"[[11, 20, 12, 21], [13, 4, 14, 5], [15, 24, 16, 1], [17, 9, 18, 8], [19, 3, 20, 2], [21, 10, 22, 11], [23, 16, 24, 17], [1, 23, 2, 22], [3, 7, 4, 6], [5, 12, 6, 13], [7, 19, 8, 18], [9, 15, 10, 14]]"
12a_0348_20,"[[9, 15, 10, 14], [11, 20, 12, 21], [13, 4, 14, 5], [15, 24, 16, 1], [17, 9, 18, 8], [19, 3, 20, 2], [21, 10, 22, 11], [23, 16, 24, 17], [1, 23, 2, 22], [3, 7, 4, 6], [5, 12, 6, 13], [7, 19, 8, 18]]"
12a_0348_21,"[[7, 19, 8, 18], [9, 15, 10, 14], [11, 20, 12, 21], [13, 4, 14, 5], [15, 24, 16, 1], [17, 9, 18, 8], [19, 3, 20, 2], [21, 10, 22, 11], [23, 16, 24, 17], [1, 23, 2, 22], [3, 7, 4, 6], [5, 12, 6, 13]]"
12a_0348_22,"[[5, 12, 6, 13], [7, 19, 8, 18], [9, 15, 10, 14], [11, 20, 12, 21], [13, 4, 14, 5], [15, 24, 16, 1], [17, 9, 18, 8], [19, 3, 20, 2], [21, 10, 22, 11], [23, 16, 24, 17], [1, 23, 2, 22], [3, 7, 4, 6]]"
12a_0348_23,"[[3, 7, 4, 6], [5, 12, 6, 13], [7, 19, 8, 18], [9, 15, 10, 14], [11, 20, 12, 21], [13, 4, 14, 5], [15, 24, 16, 1], [17, 9, 18, 8], [19, 3, 20, 2], [21, 10, 22, 11], [23, 16, 24, 17], [1, 23, 2, 22]]"
12a_0348_24,"[[2, 24, 3, 23], [4, 8, 5, 7], [6, 13, 7, 14], [8, 20, 9, 19], [10, 16, 11, 15], [12, 21, 13, 22], [14, 5, 15, 6], [16, 1, 17, 2], [18, 10, 19, 9], [20, 4, 21, 3], [22, 11, 23, 12], [24, 17, 1, 18]]"
12a_0348_25,"[[24, 17, 1, 18], [2, 24, 3, 23], [4, 8, 5, 7], [6, 13, 7, 14], [8, 20, 9, 19], [10, 16, 11, 15], [12, 21, 13, 22], [14, 5, 15, 6], [16, 1, 17, 2], [18, 10, 19, 9], [20, 4, 21, 3], [22, 11, 23, 12]]"
12a_0348_26,"[[22, 11, 23, 12], [24, 17, 1, 18], [2, 24, 3, 23], [4, 8, 5, 7], [6, 13, 7, 14], [8, 20, 9, 19], [10, 16, 11, 15], [12, 21, 13, 22], [14, 5, 15, 6], [16, 1, 17, 2], [18, 10, 19, 9], [20, 4, 21, 3]]"
12a_0348_27,"[[20, 4, 21, 3], [22, 11, 23, 12], [24, 17, 1, 18], [2, 24, 3, 23], [4, 8, 5, 7], [6, 13, 7, 14], [8, 20, 9, 19], [10, 16, 11, 15], [12, 21, 13, 22], [14, 5, 15, 6], [16, 1, 17, 2], [18, 10, 19, 9]]"
12a_0348_28,"[[18, 10, 19, 9], [20, 4, 21, 3], [22, 11, 23, 12], [24, 17, 1, 18], [2, 24, 3, 23], [4, 8, 5, 7], [6, 13, 7, 14], [8, 20, 9, 19], [10, 16, 11, 15], [12, 21, 13, 22], [14, 5, 15, 6], [16, 1, 17, 2]]"
12a_0348_29,"[[16, 1, 17, 2], [18, 10, 19, 9], [20, 4, 21, 3], [22, 11, 23, 12], [24, 17, 1, 18], [2, 24, 3, 23], [4, 8, 5, 7], [6, 13, 7, 14], [8, 20, 9, 19], [10, 16, 11, 15], [12, 21, 13, 22], [14, 5, 15, 6]]"
12a_0348_30,"[[14, 5, 15, 6], [16, 1, 17, 2], [18, 10, 19, 9], [20, 4, 21, 3], [22, 11, 23, 12], [24, 17, 1, 18], [2, 24, 3, 23], [4, 8, 5, 7], [6, 13, 7, 14], [8, 20, 9, 19], [10, 16, 11, 15], [12, 21, 13, 22]]"
12a_0348_31,"[[12, 21, 13, 22], [14, 5, 15, 6], [16, 1, 17, 2], [18, 10, 19, 9], [20, 4, 21, 3], [22, 11, 23, 12], [24, 17, 1, 18], [2, 24, 3, 23], [4, 8, 5, 7], [6, 13, 7, 14], [8, 20, 9, 19], [10, 16, 11, 15]]"
12a_0348_32,"[[10, 16, 11, 15], [12, 21, 13, 22], [14, 5, 15, 6], [16, 1, 17, 2], [18, 10, 19, 9], [20, 4, 21, 3], [22, 11, 23, 12], [24, 17, 1, 18], [2, 24, 3, 23], [4, 8, 5, 7], [6, 13, 7, 14], [8, 20, 9, 19]]"
12a_0348_33,"[[8, 20, 9, 19], [10, 16, 11, 15], [12, 21, 13, 22], [14, 5, 15, 6], [16, 1, 17, 2], [18, 10, 19, 9], [20, 4, 21, 3], [22, 11, 23, 12], [24, 17, 1, 18], [2, 24, 3, 23], [4, 8, 5, 7], [6, 13, 7, 14]]"
12a_0348_34,"[[6, 13, 7, 14], [8, 20, 9, 19], [10, 16, 11, 15], [12, 21, 13, 22], [14, 5, 15, 6], [16, 1, 17, 2], [18, 10, 19, 9], [20, 4, 21, 3], [22, 11, 23, 12], [24, 17, 1, 18], [2, 24, 3, 23], [4, 8, 5, 7]]"
12a_0348_35,"[[4, 8, 5, 7], [6, 13, 7, 14], [8, 20, 9, 19], [10, 16, 11, 15], [12, 21, 13, 22], [14, 5, 15, 6], [16, 1, 17, 2], [18, 10, 19, 9], [20, 4, 21, 3], [22, 11, 23, 12], [24, 17, 1, 18], [2, 24, 3, 23]]"
12a_0348_36,"[[3, 1, 4, 24], [5, 9, 6, 8], [7, 14, 8, 15], [9, 21, 10, 20], [11, 17, 12, 16], [13, 22, 14, 23], [15, 6, 16, 7], [17, 2, 18, 3], [19, 11, 20, 10], [21, 5, 22, 4], [23, 12, 24, 13], [1, 18, 2, 19]]"
12a_0348_37,"[[1, 18, 2, 19], [3, 1, 4, 24], [5, 9, 6, 8], [7, 14, 8, 15], [9, 21, 10, 20], [11, 17, 12, 16], [13, 22, 14, 23], [15, 6, 16, 7], [17, 2, 18, 3], [19, 11, 20, 10], [21, 5, 22, 4], [23, 12, 24, 13]]"
12a_0348_38,"[[23, 12, 24, 13], [1, 18, 2, 19], [3, 1, 4, 24], [5, 9, 6, 8], [7, 14, 8, 15], [9, 21, 10, 20], [11, 17, 12, 16], [13, 22, 14, 23], [15, 6, 16, 7], [17, 2, 18, 3], [19, 11, 20, 10], [21, 5, 22, 4]]"
12a_0348_39,"[[21, 5, 22, 4], [23, 12, 24, 13], [1, 18, 2, 19], [3, 1, 4, 24], [5, 9, 6, 8], [7, 14, 8, 15], [9, 21, 10, 20], [11, 17, 12, 16], [13, 22, 14, 23], [15, 6, 16, 7], [17, 2, 18, 3], [19, 11, 20, 10]]"
12a_0348_40,"[[19, 11, 20, 10], [21, 5, 22, 4], [23, 12, 24, 13], [1, 18, 2, 19], [3, 1, 4, 24], [5, 9, 6, 8], [7, 14, 8, 15], [9, 21, 10, 20], [11, 17, 12, 16], [13, 22, 14, 23], [15, 6, 16, 7], [17, 2, 18, 3]]"
12a_0348_41,"[[17, 2, 18, 3], [19, 11, 20, 10], [21, 5, 22, 4], [23, 12, 24, 13], [1, 18, 2, 19], [3, 1, 4, 24], [5, 9, 6, 8], [7, 14, 8, 15], [9, 21, 10, 20], [11, 17, 12, 16], [13, 22, 14, 23], [15, 6, 16, 7]]"
12a_0348_42,"[[15, 6, 16, 7], [17, 2, 18, 3], [19, 11, 20, 10], [21, 5, 22, 4], [23, 12, 24, 13], [1, 18, 2, 19], [3, 1, 4, 24], [5, 9, 6, 8], [7, 14, 8, 15], [9, 21, 10, 20], [11, 17, 12, 16], [13, 22, 14, 23]]"
12a_0348_43,"[[13, 22, 14, 23], [15, 6, 16, 7], [17, 2, 18, 3], [19, 11, 20, 10], [21, 5, 22, 4], [23, 12, 24, 13], [1, 18, 2, 19], [3, 1, 4, 24], [5, 9, 6, 8], [7, 14, 8, 15], [9, 21, 10, 20], [11, 17, 12, 16]]"
12a_0348_44,"[[11, 17, 12, 16], [13, 22, 14, 23], [15, 6, 16, 7], [17, 2, 18, 3], [19, 11, 20, 10], [21, 5, 22, 4], [23, 12, 24, 13], [1, 18, 2, 19], [3, 1, 4, 24], [5, 9, 6, 8], [7, 14, 8, 15], [9, 21, 10, 20]]"
12a_0348_45,"[[9, 21, 10, 20], [11, 17, 12, 16], [13, 22, 14, 23], [15, 6, 16, 7], [17, 2, 18, 3], [19, 11, 20, 10], [21, 5, 22, 4], [23, 12, 24, 13], [1, 18, 2, 19], [3, 1, 4, 24], [5, 9, 6, 8], [7, 14, 8, 15]]"
12a_0348_46,"[[7, 14, 8, 15], [9, 21, 10, 20], [11, 17, 12, 16], [13, 22, 14, 23], [15, 6, 16, 7], [17, 2, 18, 3], [19, 11, 20, 10], [21, 5, 22, 4], [23, 12, 24, 13], [1, 18, 2, 19], [3, 1, 4, 24], [5, 9, 6, 8]]"
12a_0348_47,"[[5, 9, 6, 8], [7, 14, 8, 15], [9, 21, 10, 20], [11, 17, 12, 16], [13, 22, 14, 23], [15, 6, 16, 7], [17, 2, 18, 3], [19, 11, 20, 10], [21, 5, 22, 4], [23, 12, 24, 13], [1, 18, 2, 19], [3, 1, 4, 24]]"
12a_0348_48,"[[4, 2, 5, 1], [6, 10, 7, 9], [8, 15, 9, 16], [10, 22, 11, 21], [12, 18, 13, 17], [14, 23, 15, 24], [16, 7, 17, 8], [18, 3, 19, 4], [20, 12, 21, 11], [22, 6, 23, 5], [24, 13, 1, 14], [2, 19, 3, 20]]"
12a_0348_49,"[[2, 19, 3, 20], [4, 2, 5, 1], [6, 10, 7, 9], [8, 15, 9, 16], [10, 22, 11, 21], [12, 18, 13, 17], [14, 23, 15, 24], [16, 7, 17, 8], [18, 3, 19, 4], [20, 12, 21, 11], [22, 6, 23, 5], [24, 13, 1, 14]]"
12a_0348_50,"[[24, 13, 1, 14], [2, 19, 3, 20], [4, 2, 5, 1], [6, 10, 7, 9], [8, 15, 9, 16], [10, 22, 11, 21], [12, 18, 13, 17], [14, 23, 15, 24], [16, 7, 17, 8], [18, 3, 19, 4], [20, 12, 21, 11], [22, 6, 23, 5]]"
12a_0348_51,"[[22, 6, 23, 5], [24, 13, 1, 14], [2, 19, 3, 20], [4, 2, 5, 1], [6, 10, 7, 9], [8, 15, 9, 16], [10, 22, 11, 21], [12, 18, 13, 17], [14, 23, 15, 24], [16, 7, 17, 8], [18, 3, 19, 4], [20, 12, 21, 11]]"
12a_0348_52,"[[20, 12, 21, 11], [22, 6, 23, 5], [24, 13, 1, 14], [2, 19, 3, 20], [4, 2, 5, 1], [6, 10, 7, 9], [8, 15, 9, 16], [10, 22, 11, 21], [12, 18, 13, 17], [14, 23, 15, 24], [16, 7, 17, 8], [18, 3, 19, 4]]"
12a_0348_53,"[[18, 3, 19, 4], [20, 12, 21, 11], [22, 6, 23, 5], [24, 13, 1, 14], [2, 19, 3, 20], [4, 2, 5, 1], [6, 10, 7, 9], [8, 15, 9, 16], [10, 22, 11, 21], [12, 18, 13, 17], [14, 23, 15, 24], [16, 7, 17, 8]]"
12a_0348_54,"[[16, 7, 17, 8], [18, 3, 19, 4], [20, 12, 21, 11], [22, 6, 23, 5], [24, 13, 1, 14], [2, 19, 3, 20], [4, 2, 5, 1], [6, 10, 7, 9], [8, 15, 9, 16], [10, 22, 11, 21], [12, 18, 13, 17], [14, 23, 15, 24]]"
12a_0348_55,"[[14, 23, 15, 24], [16, 7, 17, 8], [18, 3, 19, 4], [20, 12, 21, 11], [22, 6, 23, 5], [24, 13, 1, 14], [2, 19, 3, 20], [4, 2, 5, 1], [6, 10, 7, 9], [8, 15, 9, 16], [10, 22, 11, 21], [12, 18, 13, 17]]"
12a_0348_56,"[[12, 18, 13, 17], [14, 23, 15, 24], [16, 7, 17, 8], [18, 3, 19, 4], [20, 12, 21, 11], [22, 6, 23, 5], [24, 13, 1, 14], [2, 19, 3, 20], [4, 2, 5, 1], [6, 10, 7, 9], [8, 15, 9, 16], [10, 22, 11, 21]]"
12a_0348_57,"[[10, 22, 11, 21], [12, 18, 13, 17], [14, 23, 15, 24], [16, 7, 17, 8], [18, 3, 19, 4], [20, 12, 21, 11], [22, 6, 23, 5], [24, 13, 1, 14], [2, 19, 3, 20], [4, 2, 5, 1], [6, 10, 7, 9], [8, 15, 9, 16]]"
12a_0348_58,"[[8, 15, 9, 16], [10, 22, 11, 21], [12, 18, 13, 17], [14, 23, 15, 24], [16, 7, 17, 8], [18, 3, 19, 4], [20, 12, 21, 11], [22, 6, 23, 5], [24, 13, 1, 14], [2, 19, 3, 20], [4, 2, 5, 1], [6, 10, 7, 9]]"
12a_0348_59,"[[6, 10, 7, 9], [8, 15, 9, 16], [10, 22, 11, 21], [12, 18, 13, 17], [14, 23, 15, 24], [16, 7, 17, 8], [18, 3, 19, 4], [20, 12, 21, 11], [22, 6, 23, 5], [24, 13, 1, 14], [2, 19, 3, 20], [4, 2, 5, 1]]"
12a_0348_60,"[[5, 3, 6, 2], [7, 11, 8, 10], [9, 16, 10, 17], [11, 23, 12, 22], [13, 19, 14, 18], [15, 24, 16, 1], [17, 8, 18, 9], [19, 4, 20, 5], [21, 13, 22, 12], [23, 7, 24, 6], [1, 14, 2, 15], [3, 20, 4, 21]]"
12a_0348_61,"[[3, 20, 4, 21], [5, 3, 6, 2], [7, 11, 8, 10], [9, 16, 10, 17], [11, 23, 12, 22], [13, 19, 14, 18], [15, 24, 16, 1], [17, 8, 18, 9], [19, 4, 20, 5], [21, 13, 22, 12], [23, 7, 24, 6], [1, 14, 2, 15]]"
12a_0348_62,"[[1, 14, 2, 15], [3, 20, 4, 21], [5, 3, 6, 2], [7, 11, 8, 10], [9, 16, 10, 17], [11, 23, 12, 22], [13, 19, 14, 18], [15, 24, 16, 1], [17, 8, 18, 9], [19, 4, 20, 5], [21, 13, 22, 12], [23, 7, 24, 6]]"
12a_0348_63,"[[23, 7, 24, 6], [1, 14, 2, 15], [3, 20, 4, 21], [5, 3, 6, 2], [7, 11, 8, 10], [9, 16, 10, 17], [11, 23, 12, 22], [13, 19, 14, 18], [15, 24, 16, 1], [17, 8, 18, 9], [19, 4, 20, 5], [21, 13, 22, 12]]"
12a_0348_64,"[[21, 13, 22, 12], [23, 7, 24, 6], [1, 14, 2, 15], [3, 20, 4, 21], [5, 3, 6, 2], [7, 11, 8, 10], [9, 16, 10, 17], [11, 23, 12, 22], [13, 19, 14, 18], [15, 24, 16, 1], [17, 8, 18, 9], [19, 4, 20, 5]]"
12a_0348_65,"[[19, 4, 20, 5], [21, 13, 22, 12], [23, 7, 24, 6], [1, 14, 2, 15], [3, 20, 4, 21], [5, 3, 6, 2], [7, 11, 8, 10], [9, 16, 10, 17], [11, 23, 12, 22], [13, 19, 14, 18], [15, 24, 16, 1], [17, 8, 18, 9]]"
12a_0348_66,"[[17, 8, 18, 9], [19, 4, 20, 5], [21, 13, 22, 12], [23, 7, 24, 6], [1, 14, 2, 15], [3, 20, 4, 21], [5, 3, 6, 2], [7, 11, 8, 10], [9, 16, 10, 17], [11, 23, 12, 22], [13, 19, 14, 18], [15, 24, 16, 1]]"
12a_0348_67,"[[15, 24, 16, 1], [17, 8, 18, 9], [19, 4, 20, 5], [21, 13, 22, 12], [23, 7, 24, 6], [1, 14, 2, 15], [3, 20, 4, 21], [5, 3, 6, 2], [7, 11, 8, 10], [9, 16, 10, 17], [11, 23, 12, 22], [13, 19, 14, 18]]"
12a_0348_68,"[[13, 19, 14, 18], [15, 24, 16, 1], [17, 8, 18, 9], [19, 4, 20, 5], [21, 13, 22, 12], [23, 7, 24, 6], [1, 14, 2, 15], [3, 20, 4, 21], [5, 3, 6, 2], [7, 11, 8, 10], [9, 16, 10, 17], [11, 23, 12, 22]]"
12a_0348_69,"[[11, 23, 12, 22], [13, 19, 14, 18], [15, 24, 16, 1], [17, 8, 18, 9], [19, 4, 20, 5], [21, 13, 22, 12], [23, 7, 24, 6], [1, 14, 2, 15], [3, 20, 4, 21], [5, 3, 6, 2], [7, 11, 8, 10], [9, 16, 10, 17]]"
12a_0348_70,"[[9, 16, 10, 17], [11, 23, 12, 22], [13, 19, 14, 18], [15, 24, 16, 1], [17, 8, 18, 9], [19, 4, 20, 5], [21, 13, 22, 12], [23, 7, 24, 6], [1, 14, 2, 15], [3, 20, 4, 21], [5, 3, 6, 2], [7, 11, 8, 10]]"
12a_0348_71,"[[7, 11, 8, 10], [9, 16, 10, 17], [11, 23, 12, 22], [13, 19, 14, 18], [15, 24, 16, 1], [17, 8, 18, 9], [19, 4, 20, 5], [21, 13, 22, 12], [23, 7, 24, 6], [1, 14, 2, 15], [3, 20, 4, 21], [5, 3, 6, 2]]"
12a_0348_72,"[[6, 4, 7, 3], [8, 12, 9, 11], [10, 17, 11, 18], [12, 24, 13, 23], [14, 20, 15, 19], [16, 1, 17, 2], [18, 9, 19, 10], [20, 5, 21, 6], [22, 14, 23, 13], [24, 8, 1, 7], [2, 15, 3, 16], [4, 21, 5, 22]]"
12a_0348_73,"[[4, 21, 5, 22], [6, 4, 7, 3], [8, 12, 9, 11], [10, 17, 11, 18], [12, 24, 13, 23], [14, 20, 15, 19], [16, 1, 17, 2], [18, 9, 19, 10], [20, 5, 21, 6], [22, 14, 23, 13], [24, 8, 1, 7], [2, 15, 3, 16]]"
12a_0348_74,"[[2, 15, 3, 16], [4, 21, 5, 22], [6, 4, 7, 3], [8, 12, 9, 11], [10, 17, 11, 18], [12, 24, 13, 23], [14, 20, 15, 19], [16, 1, 17, 2], [18, 9, 19, 10], [20, 5, 21, 6], [22, 14, 23, 13], [24, 8, 1, 7]]"
12a_0348_75,"[[24, 8, 1, 7], [2, 15, 3, 16], [4, 21, 5, 22], [6, 4, 7, 3], [8, 12, 9, 11], [10, 17, 11, 18], [12, 24, 13, 23], [14, 20, 15, 19], [16, 1, 17, 2], [18, 9, 19, 10], [20, 5, 21, 6], [22, 14, 23, 13]]"
12a_0348_76,"[[22, 14, 23, 13], [24, 8, 1, 7], [2, 15, 3, 16], [4, 21, 5, 22], [6, 4, 7, 3], [8, 12, 9, 11], [10, 17, 11, 18], [12, 24, 13, 23], [14, 20, 15, 19], [16, 1, 17, 2], [18, 9, 19, 10], [20, 5, 21, 6]]"
12a_0348_77,"[[20, 5, 21, 6], [22, 14, 23, 13], [24, 8, 1, 7], [2, 15, 3, 16], [4, 21, 5, 22], [6, 4, 7, 3], [8, 12, 9, 11], [10, 17, 11, 18], [12, 24, 13, 23], [14, 20, 15, 19], [16, 1, 17, 2], [18, 9, 19, 10]]"
12a_0348_78,"[[18, 9, 19, 10], [20, 5, 21, 6], [22, 14, 23, 13], [24, 8, 1, 7], [2, 15, 3, 16], [4, 21, 5, 22], [6, 4, 7, 3], [8, 12, 9, 11], [10, 17, 11, 18], [12, 24, 13, 23], [14, 20, 15, 19], [16, 1, 17, 2]]"
12a_0348_79,"[[16, 1, 17, 2], [18, 9, 19, 10], [20, 5, 21, 6], [22, 14, 23, 13], [24, 8, 1, 7], [2, 15, 3, 16], [4, 21, 5, 22], [6, 4, 7, 3], [8, 12, 9, 11], [10, 17, 11, 18], [12, 24, 13, 23], [14, 20, 15, 19]]"
12a_0348_80,"[[14, 20, 15, 19], [16, 1, 17, 2], [18, 9, 19, 10], [20, 5, 21, 6], [22, 14, 23, 13], [24, 8, 1, 7], [2, 15, 3, 16], [4, 21, 5, 22], [6, 4, 7, 3], [8, 12, 9, 11], [10, 17, 11, 18], [12, 24, 13, 23]]"
12a_0348_81,"[[12, 24, 13, 23], [14, 20, 15, 19], [16, 1, 17, 2], [18, 9, 19, 10], [20, 5, 21, 6], [22, 14, 23, 13], [24, 8, 1, 7], [2, 15, 3, 16], [4, 21, 5, 22], [6, 4, 7, 3], [8, 12, 9, 11], [10, 17, 11, 18]]"
12a_0348_82,"[[10, 17, 11, 18], [12, 24, 13, 23], [14, 20, 15, 19], [16, 1, 17, 2], [18, 9, 19, 10], [20, 5, 21, 6], [22, 14, 23, 13], [24, 8, 1, 7], [2, 15, 3, 16], [4, 21, 5, 22], [6, 4, 7, 3], [8, 12, 9, 11]]"
12a_0348_83,"[[8, 12, 9, 11], [10, 17, 11, 18], [12, 24, 13, 23], [14, 20, 15, 19], [16, 1, 17, 2], [18, 9, 19, 10], [20, 5, 21, 6], [22, 14, 23, 13], [24, 8, 1, 7], [2, 15, 3, 16], [4, 21, 5, 22], [6, 4, 7, 3]]"
12a_0348_84,"[[7, 5, 8, 4], [9, 13, 10, 12], [11, 18, 12, 19], [13, 1, 14, 24], [15, 21, 16, 20], [17, 2, 18, 3], [19, 10, 20, 11], [21, 6, 22, 7], [23, 15, 24, 14], [1, 9, 2, 8], [3, 16, 4, 17], [5, 22, 6, 23]]"
12a_0348_85,"[[5, 22, 6, 23], [7, 5, 8, 4], [9, 13, 10, 12], [11, 18, 12, 19], [13, 1, 14, 24], [15, 21, 16, 20], [17, 2, 18, 3], [19, 10, 20, 11], [21, 6, 22, 7], [23, 15, 24, 14], [1, 9, 2, 8], [3, 16, 4, 17]]"
12a_0348_86,"[[3, 16, 4, 17], [5, 22, 6, 23], [7, 5, 8, 4], [9, 13, 10, 12], [11, 18, 12, 19], [13, 1, 14, 24], [15, 21, 16, 20], [17, 2, 18, 3], [19, 10, 20, 11], [21, 6, 22, 7], [23, 15, 24, 14], [1, 9, 2, 8]]"
12a_0348_87,"[[1, 9, 2, 8], [3, 16, 4, 17], [5, 22, 6, 23], [7, 5, 8, 4], [9, 13, 10, 12], [11, 18, 12, 19], [13, 1, 14, 24], [15, 21, 16, 20], [17, 2, 18, 3], [19, 10, 20, 11], [21, 6, 22, 7], [23, 15, 24, 14]]"
12a_0348_88,"[[23, 15, 24, 14], [1, 9, 2, 8], [3, 16, 4, 17], [5, 22, 6, 23], [7, 5, 8, 4], [9, 13, 10, 12], [11, 18, 12, 19], [13, 1, 14, 24], [15, 21, 16, 20], [17, 2, 18, 3], [19, 10, 20, 11], [21, 6, 22, 7]]"
12a_0348_89,"[[21, 6, 22, 7], [23, 15, 24, 14], [1, 9, 2, 8], [3, 16, 4, 17], [5, 22, 6, 23], [7, 5, 8, 4], [9, 13, 10, 12], [11, 18, 12, 19], [13, 1, 14, 24], [15, 21, 16, 20], [17, 2, 18, 3], [19, 10, 20, 11]]"
12a_0348_90,"[[19, 10, 20, 11], [21, 6, 22, 7], [23, 15, 24, 14], [1, 9, 2, 8], [3, 16, 4, 17], [5, 22, 6, 23], [7, 5, 8, 4], [9, 13, 10, 12], [11, 18, 12, 19], [13, 1, 14, 24], [15, 21, 16, 20], [17, 2, 18, 3]]"
12a_0348_91,"[[17, 2, 18, 3], [19, 10, 20, 11], [21, 6, 22, 7], [23, 15, 24, 14], [1, 9, 2, 8], [3, 16, 4, 17], [5, 22, 6, 23], [7, 5, 8, 4], [9, 13, 10, 12], [11, 18, 12, 19], [13, 1, 14, 24], [15, 21, 16, 20]]"
12a_0348_92,"[[15, 21, 16, 20], [17, 2, 18, 3], [19, 10, 20, 11], [21, 6, 22, 7], [23, 15, 24, 14], [1, 9, 2, 8], [3, 16, 4, 17], [5, 22, 6, 23], [7, 5, 8, 4], [9, 13, 10, 12], [11, 18, 12, 19], [13, 1, 14, 24]]"
12a_0348_93,"[[13, 1, 14, 24], [15, 21, 16, 20], [17, 2, 18, 3], [19, 10, 20, 11], [21, 6, 22, 7], [23, 15, 24, 14], [1, 9, 2, 8], [3, 16, 4, 17], [5, 22, 6, 23], [7, 5, 8, 4], [9, 13, 10, 12], [11, 18, 12, 19]]"
12a_0348_94,"[[11, 18, 12, 19], [13, 1, 14, 24], [15, 21, 16, 20], [17, 2, 18, 3], [19, 10, 20, 11], [21, 6, 22, 7], [23, 15, 24, 14], [1, 9, 2, 8], [3, 16, 4, 17], [5, 22, 6, 23], [7, 5, 8, 4], [9, 13, 10, 12]]"
12a_0348_95,"[[9, 13, 10, 12], [11, 18, 12, 19], [13, 1, 14, 24], [15, 21, 16, 20], [17, 2, 18, 3], [19, 10, 20, 11], [21, 6, 22, 7], [23, 15, 24, 14], [1, 9, 2, 8], [3, 16, 4, 17], [5, 22, 6, 23], [7, 5, 8, 4]]"
12a_0348_96,"[[8, 6, 9, 5], [10, 14, 11, 13], [12, 19, 13, 20], [14, 2, 15, 1], [16, 22, 17, 21], [18, 3, 19, 4], [20, 11, 21, 12], [22, 7, 23, 8], [24, 16, 1, 15], [2, 10, 3, 9], [4, 17, 5, 18], [6, 23, 7, 24]]"
12a_0348_97,"[[6, 23, 7, 24], [8, 6, 9, 5], [10, 14, 11, 13], [12, 19, 13, 20], [14, 2, 15, 1], [16, 22, 17, 21], [18, 3, 19, 4], [20, 11, 21, 12], [22, 7, 23, 8], [24, 16, 1, 15], [2, 10, 3, 9], [4, 17, 5, 18]]"
12a_0348_98,"[[4, 17, 5, 18], [6, 23, 7, 24], [8, 6, 9, 5], [10, 14, 11, 13], [12, 19, 13, 20], [14, 2, 15, 1], [16, 22, 17, 21], [18, 3, 19, 4], [20, 11, 21, 12], [22, 7, 23, 8], [24, 16, 1, 15], [2, 10, 3, 9]]"
12a_0348_99,"[[2, 10, 3, 9], [4, 17, 5, 18], [6, 23, 7, 24], [8, 6, 9, 5], [10, 14, 11, 13], [12, 19, 13, 20], [14, 2, 15, 1], [16, 22, 17, 21], [18, 3, 19, 4], [20, 11, 21, 12], [22, 7, 23, 8], [24, 16, 1, 15]]"
12a_0348_100,"[[24, 16, 1, 15], [2, 10, 3, 9], [4, 17, 5, 18], [6, 23, 7, 24], [8, 6, 9, 5], [10, 14, 11, 13], [12, 19, 13, 20], [14, 2, 15, 1], [16, 22, 17, 21], [18, 3, 19, 4], [20, 11, 21, 12], [22, 7, 23, 8]]"
12a_0348_101,"[[22, 7, 23, 8], [24, 16, 1, 15], [2, 10, 3, 9], [4, 17, 5, 18], [6, 23, 7, 24], [8, 6, 9, 5], [10, 14, 11, 13], [12, 19, 13, 20], [14, 2, 15, 1], [16, 22, 17, 21], [18, 3, 19, 4], [20, 11, 21, 12]]"
12a_0348_102,"[[20, 11, 21, 12], [22, 7, 23, 8], [24, 16, 1, 15], [2, 10, 3, 9], [4, 17, 5, 18], [6, 23, 7, 24], [8, 6, 9, 5], [10, 14, 11, 13], [12, 19, 13, 20], [14, 2, 15, 1], [16, 22, 17, 21], [18, 3, 19, 4]]"
12a_0348_103,"[[18, 3, 19, 4], [20, 11, 21, 12], [22, 7, 23, 8], [24, 16, 1, 15], [2, 10, 3, 9], [4, 17, 5, 18], [6, 23, 7, 24], [8, 6, 9, 5], [10, 14, 11, 13], [12, 19, 13, 20], [14, 2, 15, 1], [16, 22, 17, 21]]"
12a_0348_104,"[[16, 22, 17, 21], [18, 3, 19, 4], [20, 11, 21, 12], [22, 7, 23, 8], [24, 16, 1, 15], [2, 10, 3, 9], [4, 17, 5, 18], [6, 23, 7, 24], [8, 6, 9, 5], [10, 14, 11, 13], [12, 19, 13, 20], [14, 2, 15, 1]]"
12a_0348_105,"[[14, 2, 15, 1], [16, 22, 17, 21], [18, 3, 19, 4], [20, 11, 21, 12], [22, 7, 23, 8], [24, 16, 1, 15], [2, 10, 3, 9], [4, 17, 5, 18], [6, 23, 7, 24], [8, 6, 9, 5], [10, 14, 11, 13], [12, 19, 13, 20]]"
12a_0348_106,"[[12, 19, 13, 20], [14, 2, 15, 1], [16, 22, 17, 21], [18, 3, 19, 4], [20, 11, 21, 12], [22, 7, 23, 8], [24, 16, 1, 15], [2, 10, 3, 9], [4, 17, 5, 18], [6, 23, 7, 24], [8, 6, 9, 5], [10, 14, 11, 13]]"
12a_0348_107,"[[10, 14, 11, 13], [12, 19, 13, 20], [14, 2, 15, 1], [16, 22, 17, 21], [18, 3, 19, 4], [20, 11, 21, 12], [22, 7, 23, 8], [24, 16, 1, 15], [2, 10, 3, 9], [4, 17, 5, 18], [6, 23, 7, 24], [8, 6, 9, 5]]"
12a_0348_108,"[[9, 7, 10, 6], [11, 15, 12, 14], [13, 20, 14, 21], [15, 3, 16, 2], [17, 23, 18, 22], [19, 4, 20, 5], [21, 12, 22, 13], [23, 8, 24, 9], [1, 17, 2, 16], [3, 11, 4, 10], [5, 18, 6, 19], [7, 24, 8, 1]]"
12a_0348_109,"[[7, 24, 8, 1], [9, 7, 10, 6], [11, 15, 12, 14], [13, 20, 14, 21], [15, 3, 16, 2], [17, 23, 18, 22], [19, 4, 20, 5], [21, 12, 22, 13], [23, 8, 24, 9], [1, 17, 2, 16], [3, 11, 4, 10], [5, 18, 6, 19]]"
12a_0348_110,"[[5, 18, 6, 19], [7, 24, 8, 1], [9, 7, 10, 6], [11, 15, 12, 14], [13, 20, 14, 21], [15, 3, 16, 2], [17, 23, 18, 22], [19, 4, 20, 5], [21, 12, 22, 13], [23, 8, 24, 9], [1, 17, 2, 16], [3, 11, 4, 10]]"
12a_0348_111,"[[3, 11, 4, 10], [5, 18, 6, 19], [7, 24, 8, 1], [9, 7, 10, 6], [11, 15, 12, 14], [13, 20, 14, 21], [15, 3, 16, 2], [17, 23, 18, 22], [19, 4, 20, 5], [21, 12, 22, 13], [23, 8, 24, 9], [1, 17, 2, 16]]"
12a_0348_112,"[[1, 17, 2, 16], [3, 11, 4, 10], [5, 18, 6, 19], [7, 24, 8, 1], [9, 7, 10, 6], [11, 15, 12, 14], [13, 20, 14, 21], [15, 3, 16, 2], [17, 23, 18, 22], [19, 4, 20, 5], [21, 12, 22, 13], [23, 8, 24, 9]]"
12a_0348_113,"[[23, 8, 24, 9], [1, 17, 2, 16], [3, 11, 4, 10], [5, 18, 6, 19], [7, 24, 8, 1], [9, 7, 10, 6], [11, 15, 12, 14], [13, 20, 14, 21], [15, 3, 16, 2], [17, 23, 18, 22], [19, 4, 20, 5], [21, 12, 22, 13]]"
12a_0348_114,"[[21, 12, 22, 13], [23, 8, 24, 9], [1, 17, 2, 16], [3, 11, 4, 10], [5, 18, 6, 19], [7, 24, 8, 1], [9, 7, 10, 6], [11, 15, 12, 14], [13, 20, 14, 21], [15, 3, 16, 2], [17, 23, 18, 22], [19, 4, 20, 5]]"
12a_0348_115,"[[19, 4, 20, 5], [21, 12, 22, 13], [23, 8, 24, 9], [1, 17, 2, 16], [3, 11, 4, 10], [5, 18, 6, 19], [7, 24, 8, 1], [9, 7, 10, 6], [11, 15, 12, 14], [13, 20, 14, 21], [15, 3, 16, 2], [17, 23, 18, 22]]"
12a_0348_116,"[[17, 23, 18, 22], [19, 4, 20, 5], [21, 12, 22, 13], [23, 8, 24, 9], [1, 17, 2, 16], [3, 11, 4, 10], [5, 18, 6, 19], [7, 24, 8, 1], [9, 7, 10, 6], [11, 15, 12, 14], [13, 20, 14, 21], [15, 3, 16, 2]]"
12a_0348_117,"[[15, 3, 16, 2], [17, 23, 18, 22], [19, 4, 20, 5], [21, 12, 22, 13], [23, 8, 24, 9], [1, 17, 2, 16], [3, 11, 4, 10], [5, 18, 6, 19], [7, 24, 8, 1], [9, 7, 10, 6], [11, 15, 12, 14], [13, 20, 14, 21]]"
12a_0348_118,"[[13, 20, 14, 21], [15, 3, 16, 2], [17, 23, 18, 22], [19, 4, 20, 5], [21, 12, 22, 13], [23, 8, 24, 9], [1, 17, 2, 16], [3, 11, 4, 10], [5, 18, 6, 19], [7, 24, 8, 1], [9, 7, 10, 6], [11, 15, 12, 14]]"
12a_0348_119,"[[11, 15, 12, 14], [13, 20, 14, 21], [15, 3, 16, 2], [17, 23, 18, 22], [19, 4, 20, 5], [21, 12, 22, 13], [23, 8, 24, 9], [1, 17, 2, 16], [3, 11, 4, 10], [5, 18, 6, 19], [7, 24, 8, 1], [9, 7, 10, 6]]"
12a_0348_120,"[[10, 8, 11, 7], [12, 16, 13, 15], [14, 21, 15, 22], [16, 4, 17, 3], [18, 24, 19, 23], [20, 5, 21, 6], [22, 13, 23, 14], [24, 9, 1, 10], [2, 18, 3, 17], [4, 12, 5, 11], [6, 19, 7, 20], [8, 1, 9, 2]]"
12a_0348_121,"[[8, 1, 9, 2], [10, 8, 11, 7], [12, 16, 13, 15], [14, 21, 15, 22], [16, 4, 17, 3], [18, 24, 19, 23], [20, 5, 21, 6], [22, 13, 23, 14], [24, 9, 1, 10], [2, 18, 3, 17], [4, 12, 5, 11], [6, 19, 7, 20]]"
12a_0348_122,"[[6, 19, 7, 20], [8, 1, 9, 2], [10, 8, 11, 7], [12, 16, 13, 15], [14, 21, 15, 22], [16, 4, 17, 3], [18, 24, 19, 23], [20, 5, 21, 6], [22, 13, 23, 14], [24, 9, 1, 10], [2, 18, 3, 17], [4, 12, 5, 11]]"
12a_0348_123,"[[4, 12, 5, 11], [6, 19, 7, 20], [8, 1, 9, 2], [10, 8, 11, 7], [12, 16, 13, 15], [14, 21, 15, 22], [16, 4, 17, 3], [18, 24, 19, 23], [20, 5, 21, 6], [22, 13, 23, 14], [24, 9, 1, 10], [2, 18, 3, 17]]"
12a_0348_124,"[[2, 18, 3, 17], [4, 12, 5, 11], [6, 19, 7, 20], [8, 1, 9, 2], [10, 8, 11, 7], [12, 16, 13, 15], [14, 21, 15, 22], [16, 4, 17, 3], [18, 24, 19, 23], [20, 5, 21, 6], [22, 13, 23, 14], [24, 9, 1, 10]]"
12a_0348_125,"[[24, 9, 1, 10], [2, 18, 3, 17], [4, 12, 5, 11], [6, 19, 7, 20], [8, 1, 9, 2], [10, 8, 11, 7], [12, 16, 13, 15], [14, 21, 15, 22], [16, 4, 17, 3], [18, 24, 19, 23], [20, 5, 21, 6], [22, 13, 23, 14]]"
12a_0348_126,"[[22, 13, 23, 14], [24, 9, 1, 10], [2, 18, 3, 17], [4, 12, 5, 11], [6, 19, 7, 20], [8, 1, 9, 2], [10, 8, 11, 7], [12, 16, 13, 15], [14, 21, 15, 22], [16, 4, 17, 3], [18, 24, 19, 23], [20, 5, 21, 6]]"
12a_0348_127,"[[20, 5, 21, 6], [22, 13, 23, 14], [24, 9, 1, 10], [2, 18, 3, 17], [4, 12, 5, 11], [6, 19, 7, 20], [8, 1, 9, 2], [10, 8, 11, 7], [12, 16, 13, 15], [14, 21, 15, 22], [16, 4, 17, 3], [18, 24, 19, 23]]"
12a_0348_128,"[[18, 24, 19, 23], [20, 5, 21, 6], [22, 13, 23, 14], [24, 9, 1, 10], [2, 18, 3, 17], [4, 12, 5, 11], [6, 19, 7, 20], [8, 1, 9, 2], [10, 8, 11, 7], [12, 16, 13, 15], [14, 21, 15, 22], [16, 4, 17, 3]]"
12a_0348_129,"[[16, 4, 17, 3], [18, 24, 19, 23], [20, 5, 21, 6], [22, 13, 23, 14], [24, 9, 1, 10], [2, 18, 3, 17], [4, 12, 5, 11], [6, 19, 7, 20], [8, 1, 9, 2], [10, 8, 11, 7], [12, 16, 13, 15], [14, 21, 15, 22]]"
12a_0348_130,"[[14, 21, 15, 22], [16, 4, 17, 3], [18, 24, 19, 23], [20, 5, 21, 6], [22, 13, 23, 14], [24, 9, 1, 10], [2, 18, 3, 17], [4, 12, 5, 11], [6, 19, 7, 20], [8, 1, 9, 2], [10, 8, 11, 7], [12, 16, 13, 15]]"
12a_0348_131,"[[12, 16, 13, 15], [14, 21, 15, 22], [16, 4, 17, 3], [18, 24, 19, 23], [20, 5, 21, 6], [22, 13, 23, 14], [24, 9, 1, 10], [2, 18, 3, 17], [4, 12, 5, 11], [6, 19, 7, 20], [8, 1, 9, 2], [10, 8, 11, 7]]"
12a_0348_132,"[[11, 9, 12, 8], [13, 17, 14, 16], [15, 22, 16, 23], [17, 5, 18, 4], [19, 1, 20, 24], [21, 6, 22, 7], [23, 14, 24, 15], [1, 10, 2, 11], [3, 19, 4, 18], [5, 13, 6, 12], [7, 20, 8, 21], [9, 2, 10, 3]]"
12a_0348_133,"[[9, 2, 10, 3], [11, 9, 12, 8], [13, 17, 14, 16], [15, 22, 16, 23], [17, 5, 18, 4], [19, 1, 20, 24], [21, 6, 22, 7], [23, 14, 24, 15], [1, 10, 2, 11], [3, 19, 4, 18], [5, 13, 6, 12], [7, 20, 8, 21]]"
12a_0348_134,"[[7, 20, 8, 21], [9, 2, 10, 3], [11, 9, 12, 8], [13, 17, 14, 16], [15, 22, 16, 23], [17, 5, 18, 4], [19, 1, 20, 24], [21, 6, 22, 7], [23, 14, 24, 15], [1, 10, 2, 11], [3, 19, 4, 18], [5, 13, 6, 12]]"
12a_0348_135,"[[5, 13, 6, 12], [7, 20, 8, 21], [9, 2, 10, 3], [11, 9, 12, 8], [13, 17, 14, 16], [15, 22, 16, 23], [17, 5, 18, 4], [19, 1, 20, 24], [21, 6, 22, 7], [23, 14, 24, 15], [1, 10, 2, 11], [3, 19, 4, 18]]"
12a_0348_136,"[[3, 19, 4, 18], [5, 13, 6, 12], [7, 20, 8, 21], [9, 2, 10, 3], [11, 9, 12, 8], [13, 17, 14, 16], [15, 22, 16, 23], [17, 5, 18, 4], [19, 1, 20, 24], [21, 6, 22, 7], [23, 14, 24, 15], [1, 10, 2, 11]]"
12a_0348_137,"[[1, 10, 2, 11], [3, 19, 4, 18], [5, 13, 6, 12], [7, 20, 8, 21], [9, 2, 10, 3], [11, 9, 12, 8], [13, 17, 14, 16], [15, 22, 16, 23], [17, 5, 18, 4], [19, 1, 20, 24], [21, 6, 22, 7], [23, 14, 24, 15]]"
12a_0348_138,"[[23, 14, 24, 15], [1, 10, 2, 11], [3, 19, 4, 18], [5, 13, 6, 12], [7, 20, 8, 21], [9, 2, 10, 3], [11, 9, 12, 8], [13, 17, 14, 16], [15, 22, 16, 23], [17, 5, 18, 4], [19, 1, 20, 24], [21, 6, 22, 7]]"
12a_0348_139,"[[21, 6, 22, 7], [23, 14, 24, 15], [1, 10, 2, 11], [3, 19, 4, 18], [5, 13, 6, 12], [7, 20, 8, 21], [9, 2, 10, 3], [11, 9, 12, 8], [13, 17, 14, 16], [15, 22, 16, 23], [17, 5, 18, 4], [19, 1, 20, 24]]"
12a_0348_140,"[[19, 1, 20, 24], [21, 6, 22, 7], [23, 14, 24, 15], [1, 10, 2, 11], [3, 19, 4, 18], [5, 13, 6, 12], [7, 20, 8, 21], [9, 2, 10, 3], [11, 9, 12, 8], [13, 17, 14, 16], [15, 22, 16, 23], [17, 5, 18, 4]]"
12a_0348_141,"[[17, 5, 18, 4], [19, 1, 20, 24], [21, 6, 22, 7], [23, 14, 24, 15], [1, 10, 2, 11], [3, 19, 4, 18], [5, 13, 6, 12], [7, 20, 8, 21], [9, 2, 10, 3], [11, 9, 12, 8], [13, 17, 14, 16], [15, 22, 16, 23]]"
12a_0348_142,"[[15, 22, 16, 23], [17, 5, 18, 4], [19, 1, 20, 24], [21, 6, 22, 7], [23, 14, 24, 15], [1, 10, 2, 11], [3, 19, 4, 18], [5, 13, 6, 12], [7, 20, 8, 21], [9, 2, 10, 3], [11, 9, 12, 8], [13, 17, 14, 16]]"
12a_0348_143,"[[13, 17, 14, 16], [15, 22, 16, 23], [17, 5, 18, 4], [19, 1, 20, 24], [21, 6, 22, 7], [23, 14, 24, 15], [1, 10, 2, 11], [3, 19, 4, 18], [5, 13, 6, 12], [7, 20, 8, 21], [9, 2, 10, 3], [11, 9, 12, 8]]"
12a_0348_144,"[[12, 10, 13, 9], [14, 18, 15, 17], [16, 23, 17, 24], [18, 6, 19, 5], [20, 2, 21, 1], [22, 7, 23, 8], [24, 15, 1, 16], [2, 11, 3, 12], [4, 20, 5, 19], [6, 14, 7, 13], [8, 21, 9, 22], [10, 3, 11, 4]]"
12a_0348_145,"[[10, 3, 11, 4], [12, 10, 13, 9], [14, 18, 15, 17], [16, 23, 17, 24], [18, 6, 19, 5], [20, 2, 21, 1], [22, 7, 23, 8], [24, 15, 1, 16], [2, 11, 3, 12], [4, 20, 5, 19], [6, 14, 7, 13], [8, 21, 9, 22]]"
12a_0348_146,"[[8, 21, 9, 22], [10, 3, 11, 4], [12, 10, 13, 9], [14, 18, 15, 17], [16, 23, 17, 24], [18, 6, 19, 5], [20, 2, 21, 1], [22, 7, 23, 8], [24, 15, 1, 16], [2, 11, 3, 12], [4, 20, 5, 19], [6, 14, 7, 13]]"
12a_0348_147,"[[6, 14, 7, 13], [8, 21, 9, 22], [10, 3, 11, 4], [12, 10, 13, 9], [14, 18, 15, 17], [16, 23, 17, 24], [18, 6, 19, 5], [20, 2, 21, 1], [22, 7, 23, 8], [24, 15, 1, 16], [2, 11, 3, 12], [4, 20, 5, 19]]"
12a_0348_148,"[[4, 20, 5, 19], [6, 14, 7, 13], [8, 21, 9, 22], [10, 3, 11, 4], [12, 10, 13, 9], [14, 18, 15, 17], [16, 23, 17, 24], [18, 6, 19, 5], [20, 2, 21, 1], [22, 7, 23, 8], [24, 15, 1, 16], [2, 11, 3, 12]]"
12a_0348_149,"[[2, 11, 3, 12], [4, 20, 5, 19], [6, 14, 7, 13], [8, 21, 9, 22], [10, 3, 11, 4], [12, 10, 13, 9], [14, 18, 15, 17], [16, 23, 17, 24], [18, 6, 19, 5], [20, 2, 21, 1], [22, 7, 23, 8], [24, 15, 1, 16]]"
12a_0348_150,"[[24, 15, 1, 16], [2, 11, 3, 12], [4, 20, 5, 19], [6, 14, 7, 13], [8, 21, 9, 22], [10, 3, 11, 4], [12, 10, 13, 9], [14, 18, 15, 17], [16, 23, 17, 24], [18, 6, 19, 5], [20, 2, 21, 1], [22, 7, 23, 8]]"
12a_0348_151,"[[22, 7, 23, 8], [24, 15, 1, 16], [2, 11, 3, 12], [4, 20, 5, 19], [6, 14, 7, 13], [8, 21, 9, 22], [10, 3, 11, 4], [12, 10, 13, 9], [14, 18, 15, 17], [16, 23, 17, 24], [18, 6, 19, 5], [20, 2, 21, 1]]"
12a_0348_152,"[[20, 2, 21, 1], [22, 7, 23, 8], [24, 15, 1, 16], [2, 11, 3, 12], [4, 20, 5, 19], [6, 14, 7, 13], [8, 21, 9, 22], [10, 3, 11, 4], [12, 10, 13, 9], [14, 18, 15, 17], [16, 23, 17, 24], [18, 6, 19, 5]]"
12a_0348_153,"[[18, 6, 19, 5], [20, 2, 21, 1], [22, 7, 23, 8], [24, 15, 1, 16], [2, 11, 3, 12], [4, 20, 5, 19], [6, 14, 7, 13], [8, 21, 9, 22], [10, 3, 11, 4], [12, 10, 13, 9], [14, 18, 15, 17], [16, 23, 17, 24]]"
12a_0348_154,"[[16, 23, 17, 24], [18, 6, 19, 5], [20, 2, 21, 1], [22, 7, 23, 8], [24, 15, 1, 16], [2, 11, 3, 12], [4, 20, 5, 19], [6, 14, 7, 13], [8, 21, 9, 22], [10, 3, 11, 4], [12, 10, 13, 9], [14, 18, 15, 17]]"
12a_0348_155,"[[14, 18, 15, 17], [16, 23, 17, 24], [18, 6, 19, 5], [20, 2, 21, 1], [22, 7, 23, 8], [24, 15, 1, 16], [2, 11, 3, 12], [4, 20, 5, 19], [6, 14, 7, 13], [8, 21, 9, 22], [10, 3, 11, 4], [12, 10, 13, 9]]"
12a_0348_156,"[[13, 11, 14, 10], [15, 19, 16, 18], [17, 24, 18, 1], [19, 7, 20, 6], [21, 3, 22, 2], [23, 8, 24, 9], [1, 16, 2, 17], [3, 12, 4, 13], [5, 21, 6, 20], [7, 15, 8, 14], [9, 22, 10, 23], [11, 4, 12, 5]]"
12a_0348_157,"[[11, 4, 12, 5], [13, 11, 14, 10], [15, 19, 16, 18], [17, 24, 18, 1], [19, 7, 20, 6], [21, 3, 22, 2], [23, 8, 24, 9], [1, 16, 2, 17], [3, 12, 4, 13], [5, 21, 6, 20], [7, 15, 8, 14], [9, 22, 10, 23]]"
12a_0348_158,"[[9, 22, 10, 23], [11, 4, 12, 5], [13, 11, 14, 10], [15, 19, 16, 18], [17, 24, 18, 1], [19, 7, 20, 6], [21, 3, 22, 2], [23, 8, 24, 9], [1, 16, 2, 17], [3, 12, 4, 13], [5, 21, 6, 20], [7, 15, 8, 14]]"
12a_0348_159,"[[7, 15, 8, 14], [9, 22, 10, 23], [11, 4, 12, 5], [13, 11, 14, 10], [15, 19, 16, 18], [17, 24, 18, 1], [19, 7, 20, 6], [21, 3, 22, 2], [23, 8, 24, 9], [1, 16, 2, 17], [3, 12, 4, 13], [5, 21, 6, 20]]"
12a_0348_160,"[[5, 21, 6, 20], [7, 15, 8, 14], [9, 22, 10, 23], [11, 4, 12, 5], [13, 11, 14, 10], [15, 19, 16, 18], [17, 24, 18, 1], [19, 7, 20, 6], [21, 3, 22, 2], [23, 8, 24, 9], [1, 16, 2, 17], [3, 12, 4, 13]]"
12a_0348_161,"[[3, 12, 4, 13], [5, 21, 6, 20], [7, 15, 8, 14], [9, 22, 10, 23], [11, 4, 12, 5], [13, 11, 14, 10], [15, 19, 16, 18], [17, 24, 18, 1], [19, 7, 20, 6], [21, 3, 22, 2], [23, 8, 24, 9], [1, 16, 2, 17]]"
12a_0348_162,"[[1, 16, 2, 17], [3, 12, 4, 13], [5, 21, 6, 20], [7, 15, 8, 14], [9, 22, 10, 23], [11, 4, 12, 5], [13, 11, 14, 10], [15, 19, 16, 18], [17, 24, 18, 1], [19, 7, 20, 6], [21, 3, 22, 2], [23, 8, 24, 9]]"
12a_0348_163,"[[23, 8, 24, 9], [1, 16, 2, 17], [3, 12, 4, 13], [5, 21, 6, 20], [7, 15, 8, 14], [9, 22, 10, 23], [11, 4, 12, 5], [13, 11, 14, 10], [15, 19, 16, 18], [17, 24, 18, 1], [19, 7, 20, 6], [21, 3, 22, 2]]"
12a_0348_164,"[[21, 3, 22, 2], [23, 8, 24, 9], [1, 16, 2, 17], [3, 12, 4, 13], [5, 21, 6, 20], [7, 15, 8, 14], [9, 22, 10, 23], [11, 4, 12, 5], [13, 11, 14, 10], [15, 19, 16, 18], [17, 24, 18, 1], [19, 7, 20, 6]]"
12a_0348_165,"[[19, 7, 20, 6], [21, 3, 22, 2], [23, 8, 24, 9], [1, 16, 2, 17], [3, 12, 4, 13], [5, 21, 6, 20], [7, 15, 8, 14], [9, 22, 10, 23], [11, 4, 12, 5], [13, 11, 14, 10], [15, 19, 16, 18], [17, 24, 18, 1]]"
12a_0348_166,"[[17, 24, 18, 1], [19, 7, 20, 6], [21, 3, 22, 2], [23, 8, 24, 9], [1, 16, 2, 17], [3, 12, 4, 13], [5, 21, 6, 20], [7, 15, 8, 14], [9, 22, 10, 23], [11, 4, 12, 5], [13, 11, 14, 10], [15, 19, 16, 18]]"
12a_0348_167,"[[15, 19, 16, 18], [17, 24, 18, 1], [19, 7, 20, 6], [21, 3, 22, 2], [23, 8, 24, 9], [1, 16, 2, 17], [3, 12, 4, 13], [5, 21, 6, 20], [7, 15, 8, 14], [9, 22, 10, 23], [11, 4, 12, 5], [13, 11, 14, 10]]"
12a_0348_168,"[[14, 12, 15, 11], [16, 20, 17, 19], [18, 1, 19, 2], [20, 8, 21, 7], [22, 4, 23, 3], [24, 9, 1, 10], [2, 17, 3, 18], [4, 13, 5, 14], [6, 22, 7, 21], [8, 16, 9, 15], [10, 23, 11, 24], [12, 5, 13, 6]]"
12a_0348_169,"[[12, 5, 13, 6], [14, 12, 15, 11], [16, 20, 17, 19], [18, 1, 19, 2], [20, 8, 21, 7], [22, 4, 23, 3], [24, 9, 1, 10], [2, 17, 3, 18], [4, 13, 5, 14], [6, 22, 7, 21], [8, 16, 9, 15], [10, 23, 11, 24]]"
12a_0348_170,"[[10, 23, 11, 24], [12, 5, 13, 6], [14, 12, 15, 11], [16, 20, 17, 19], [18, 1, 19, 2], [20, 8, 21, 7], [22, 4, 23, 3], [24, 9, 1, 10], [2, 17, 3, 18], [4, 13, 5, 14], [6, 22, 7, 21], [8, 16, 9, 15]]"
12a_0348_171,"[[8, 16, 9, 15], [10, 23, 11, 24], [12, 5, 13, 6], [14, 12, 15, 11], [16, 20, 17, 19], [18, 1, 19, 2], [20, 8, 21, 7], [22, 4, 23, 3], [24, 9, 1, 10], [2, 17, 3, 18], [4, 13, 5, 14], [6, 22, 7, 21]]"
12a_0348_172,"[[6, 22, 7, 21], [8, 16, 9, 15], [10, 23, 11, 24], [12, 5, 13, 6], [14, 12, 15, 11], [16, 20, 17, 19], [18, 1, 19, 2], [20, 8, 21, 7], [22, 4, 23, 3], [24, 9, 1, 10], [2, 17, 3, 18], [4, 13, 5, 14]]"
12a_0348_173,"[[4, 13, 5, 14], [6, 22, 7, 21], [8, 16, 9, 15], [10, 23, 11, 24], [12, 5, 13, 6], [14, 12, 15, 11], [16, 20, 17, 19], [18, 1, 19, 2], [20, 8, 21, 7], [22, 4, 23, 3], [24, 9, 1, 10], [2, 17, 3, 18]]"
12a_0348_174,"[[2, 17, 3, 18], [4, 13, 5, 14], [6, 22, 7, 21], [8, 16, 9, 15], [10, 23, 11, 24], [12, 5, 13, 6], [14, 12, 15, 11], [16, 20, 17, 19], [18, 1, 19, 2], [20, 8, 21, 7], [22, 4, 23, 3], [24, 9, 1, 10]]"
12a_0348_175,"[[24, 9, 1, 10], [2, 17, 3, 18], [4, 13, 5, 14], [6, 22, 7, 21], [8, 16, 9, 15], [10, 23, 11, 24], [12, 5, 13, 6], [14, 12, 15, 11], [16, 20, 17, 19], [18, 1, 19, 2], [20, 8, 21, 7], [22, 4, 23, 3]]"
12a_0348_176,"[[22, 4, 23, 3], [24, 9, 1, 10], [2, 17, 3, 18], [4, 13, 5, 14], [6, 22, 7, 21], [8, 16, 9, 15], [10, 23, 11, 24], [12, 5, 13, 6], [14, 12, 15, 11], [16, 20, 17, 19], [18, 1, 19, 2], [20, 8, 21, 7]]"
12a_0348_177,"[[20, 8, 21, 7], [22, 4, 23, 3], [24, 9, 1, 10], [2, 17, 3, 18], [4, 13, 5, 14], [6, 22, 7, 21], [8, 16, 9, 15], [10, 23, 11, 24], [12, 5, 13, 6], [14, 12, 15, 11], [16, 20, 17, 19], [18, 1, 19, 2]]"
12a_0348_178,"[[18, 1, 19, 2], [20, 8, 21, 7], [22, 4, 23, 3], [24, 9, 1, 10], [2, 17, 3, 18], [4, 13, 5, 14], [6, 22, 7, 21], [8, 16, 9, 15], [10, 23, 11, 24], [12, 5, 13, 6], [14, 12, 15, 11], [16, 20, 17, 19]]"
12a_0348_179,"[[16, 20, 17, 19], [18, 1, 19, 2], [20, 8, 21, 7], [22, 4, 23, 3], [24, 9, 1, 10], [2, 17, 3, 18], [4, 13, 5, 14], [6, 22, 7, 21], [8, 16, 9, 15], [10, 23, 11, 24], [12, 5, 13, 6], [14, 12, 15, 11]]"
12a_0348_180,"[[15, 13, 16, 12], [17, 21, 18, 20], [19, 2, 20, 3], [21, 9, 22, 8], [23, 5, 24, 4], [1, 10, 2, 11], [3, 18, 4, 19], [5, 14, 6, 15], [7, 23, 8, 22], [9, 17, 10, 16], [11, 24, 12, 1], [13, 6, 14, 7]]"
12a_0348_181,"[[13, 6, 14, 7], [15, 13, 16, 12], [17, 21, 18, 20], [19, 2, 20, 3], [21, 9, 22, 8], [23, 5, 24, 4], [1, 10, 2, 11], [3, 18, 4, 19], [5, 14, 6, 15], [7, 23, 8, 22], [9, 17, 10, 16], [11, 24, 12, 1]]"
12a_0348_182,"[[11, 24, 12, 1], [13, 6, 14, 7], [15, 13, 16, 12], [17, 21, 18, 20], [19, 2, 20, 3], [21, 9, 22, 8], [23, 5, 24, 4], [1, 10, 2, 11], [3, 18, 4, 19], [5, 14, 6, 15], [7, 23, 8, 22], [9, 17, 10, 16]]"
12a_0348_183,"[[9, 17, 10, 16], [11, 24, 12, 1], [13, 6, 14, 7], [15, 13, 16, 12], [17, 21, 18, 20], [19, 2, 20, 3], [21, 9, 22, 8], [23, 5, 24, 4], [1, 10, 2, 11], [3, 18, 4, 19], [5, 14, 6, 15], [7, 23, 8, 22]]"
12a_0348_184,"[[7, 23, 8, 22], [9, 17, 10, 16], [11, 24, 12, 1], [13, 6, 14, 7], [15, 13, 16, 12], [17, 21, 18, 20], [19, 2, 20, 3], [21, 9, 22, 8], [23, 5, 24, 4], [1, 10, 2, 11], [3, 18, 4, 19], [5, 14, 6, 15]]"
12a_0348_185,"[[5, 14, 6, 15], [7, 23, 8, 22], [9, 17, 10, 16], [11, 24, 12, 1], [13, 6, 14, 7], [15, 13, 16, 12], [17, 21, 18, 20], [19, 2, 20, 3], [21, 9, 22, 8], [23, 5, 24, 4], [1, 10, 2, 11], [3, 18, 4, 19]]"
