name,pd_notation
12a_1070_0,"[[24, 9, 1, 10], [2, 8, 3, 7], [4, 14, 5, 13], [6, 19, 7, 20], [8, 18, 9, 17], [10, 15, 11, 16], [12, 4, 13, 3], [14, 22, 15, 21], [16, 23, 17, 24], [18, 2, 19, 1], [20, 5, 21, 6], [22, 12, 23, 11]]"
12a_1070_1,"[[22, 12, 23, 11], [24, 9, 1, 10], [2, 8, 3, 7], [4, 14, 5, 13], [6, 19, 7, 20], [8, 18, 9, 17], [10, 15, 11, 16], [12, 4, 13, 3], [14, 22, 15, 21], [16, 23, 17, 24], [18, 2, 19, 1], [20, 5, 21, 6]]"
12a_1070_2,"[[20, 5, 21, 6], [22, 12, 23, 11], [24, 9, 1, 10], [2, 8, 3, 7], [4, 14, 5, 13], [6, 19, 7, 20], [8, 18, 9, 17], [10, 15, 11, 16], [12, 4, 13, 3], [14, 22, 15, 21], [16, 23, 17, 24], [18, 2, 19, 1]]"
12a_1070_3,"[[18, 2, 19, 1], [20, 5, 21, 6], [22, 12, 23, 11], [24, 9, 1, 10], [2, 8, 3, 7], [4, 14, 5, 13], [6, 19, 7, 20], [8, 18, 9, 17], [10, 15, 11, 16], [12, 4, 13, 3], [14, 22, 15, 21], [16, 23, 17, 24]]"
12a_1070_4,"[[16, 23, 17, 24], [18, 2, 19, 1], [20, 5, 21, 6], [22, 12, 23, 11], [24, 9, 1, 10], [2, 8, 3, 7], [4, 14, 5, 13], [6, 19, 7, 20], [8, 18, 9, 17], [10, 15, 11, 16], [12, 4, 13, 3], [14, 22, 15, 21]]"
12a_1070_5,"[[14, 22, 15, 21], [16, 23, 17, 24], [18, 2, 19, 1], [20, 5, 21, 6], [22, 12, 23, 11], [24, 9, 1, 10], [2, 8, 3, 7], [4, 14, 5, 13], [6, 19, 7, 20], [8, 18, 9, 17], [10, 15, 11, 16], [12, 4, 13, 3]]"
12a_1070_6,"[[12, 4, 13, 3], [14, 22, 15, 21], [16, 23, 17, 24], [18, 2, 19, 1], [20, 5, 21, 6], [22, 12, 23, 11], [24, 9, 1, 10], [2, 8, 3, 7], [4, 14, 5, 13], [6, 19, 7, 20], [8, 18, 9, 17], [10, 15, 11, 16]]"
12a_1070_7,"[[10, 15, 11, 16], [12, 4, 13, 3], [14, 22, 15, 21], [16, 23, 17, 24], [18, 2, 19, 1], [20, 5, 21, 6], [22, 12, 23, 11], [24, 9, 1, 10], [2, 8, 3, 7], [4, 14, 5, 13], [6, 19, 7, 20], [8, 18, 9, 17]]"
12a_1070_8,"[[8, 18, 9, 17], [10, 15, 11, 16], [12, 4, 13, 3], [14, 22, 15, 21], [16, 23, 17, 24], [18, 2, 19, 1], [20, 5, 21, 6], [22, 12, 23, 11], [24, 9, 1, 10], [2, 8, 3, 7], [4, 14, 5, 13], [6, 19, 7, 20]]"
12a_1070_9,"[[6, 19, 7, 20], [8, 18, 9, 17], [10, 15, 11, 16], [12, 4, 13, 3], [14, 22, 15, 21], [16, 23, 17, 24], [18, 2, 19, 1], [20, 5, 21, 6], [22, 12, 23, 11], [24, 9, 1, 10], [2, 8, 3, 7], [4, 14, 5, 13]]"
12a_1070_10,"[[4, 14, 5, 13], [6, 19, 7, 20], [8, 18, 9, 17], [10, 15, 11, 16], [12, 4, 13, 3], [14, 22, 15, 21], [16, 23, 17, 24], [18, 2, 19, 1], [20, 5, 21, 6], [22, 12, 23, 11], [24, 9, 1, 10], [2, 8, 3, 7]]"
12a_1070_11,"[[2, 8, 3, 7], [4, 14, 5, 13], [6, 19, 7, 20], [8, 18, 9, 17], [10, 15, 11, 16], [12, 4, 13, 3], [14, 22, 15, 21], [16, 23, 17, 24], [18, 2, 19, 1], [20, 5, 21, 6], [22, 12, 23, 11], [24, 9, 1, 10]]"
12a_1070_12,"[[1, 10, 2, 11], [3, 9, 4, 8], [5, 15, 6, 14], [7, 20, 8, 21], [9, 19, 10, 18], [11, 16, 12, 17], [13, 5, 14, 4], [15, 23, 16, 22], [17, 24, 18, 1], [19, 3, 20, 2], [21, 6, 22, 7], [23, 13, 24, 12]]"
12a_1070_13,"[[23, 13, 24, 12], [1, 10, 2, 11], [3, 9, 4, 8], [5, 15, 6, 14], [7, 20, 8, 21], [9, 19, 10, 18], [11, 16, 12, 17], [13, 5, 14, 4], [15, 23, 16, 22], [17, 24, 18, 1], [19, 3, 20, 2], [21, 6, 22, 7]]"
12a_1070_14,"[[21, 6, 22, 7], [23, 13, 24, 12], [1, 10, 2, 11], [3, 9, 4, 8], [5, 15, 6, 14], [7, 20, 8, 21], [9, 19, 10, 18], [11, 16, 12, 17], [13, 5, 14, 4], [15, 23, 16, 22], [17, 24, 18, 1], [19, 3, 20, 2]]"
12a_1070_15,"[[19, 3, 20, 2], [21, 6, 22, 7], [23, 13, 24, 12], [1, 10, 2, 11], [3, 9, 4, 8], [5, 15, 6, 14], [7, 20, 8, 21], [9, 19, 10, 18], [11, 16, 12, 17], [13, 5, 14, 4], [15, 23, 16, 22], [17, 24, 18, 1]]"
12a_1070_16,"[[17, 24, 18, 1], [19, 3, 20, 2], [21, 6, 22, 7], [23, 13, 24, 12], [1, 10, 2, 11], [3, 9, 4, 8], [5, 15, 6, 14], [7, 20, 8, 21], [9, 19, 10, 18], [11, 16, 12, 17], [13, 5, 14, 4], [15, 23, 16, 22]]"
12a_1070_17,"[[15, 23, 16, 22], [17, 24, 18, 1], [19, 3, 20, 2], [21, 6, 22, 7], [23, 13, 24, 12], [1, 10, 2, 11], [3, 9, 4, 8], [5, 15, 6, 14], [7, 20, 8, 21], [9, 19, 10, 18], [11, 16, 12, 17], [13, 5, 14, 4]]"
12a_1070_18,"[[13, 5, 14, 4], [15, 23, 16, 22], [17, 24, 18, 1], [19, 3, 20, 2], [21, 6, 22, 7], [23, 13, 24, 12], [1, 10, 2, 11], [3, 9, 4, 8], [5, 15, 6, 14], [7, 20, 8, 21], [9, 19, 10, 18], [11, 16, 12, 17]]"
12a_1070_19,"[[11, 16, 12, 17], [13, 5, 14, 4], [15, 23, 16, 22], [17, 24, 18, 1], [19, 3, 20, 2], [21, 6, 22, 7], [23, 13, 24, 12], [1, 10, 2, 11], [3, 9, 4, 8], [5, 15, 6, 14], [7, 20, 8, 21], [9, 19, 10, 18]]"
12a_1070_20,"[[9, 19, 10, 18], [11, 16, 12, 17], [13, 5, 14, 4], [15, 23, 16, 22], [17, 24, 18, 1], [19, 3, 20, 2], [21, 6, 22, 7], [23, 13, 24, 12], [1, 10, 2, 11], [3, 9, 4, 8], [5, 15, 6, 14], [7, 20, 8, 21]]"
12a_1070_21,"[[7, 20, 8, 21], [9, 19, 10, 18], [11, 16, 12, 17], [13, 5, 14, 4], [15, 23, 16, 22], [17, 24, 18, 1], [19, 3, 20, 2], [21, 6, 22, 7], [23, 13, 24, 12], [1, 10, 2, 11], [3, 9, 4, 8], [5, 15, 6, 14]]"
12a_1070_22,"[[5, 15, 6, 14], [7, 20, 8, 21], [9, 19, 10, 18], [11, 16, 12, 17], [13, 5, 14, 4], [15, 23, 16, 22], [17, 24, 18, 1], [19, 3, 20, 2], [21, 6, 22, 7], [23, 13, 24, 12], [1, 10, 2, 11], [3, 9, 4, 8]]"
12a_1070_23,"[[3, 9, 4, 8], [5, 15, 6, 14], [7, 20, 8, 21], [9, 19, 10, 18], [11, 16, 12, 17], [13, 5, 14, 4], [15, 23, 16, 22], [17, 24, 18, 1], [19, 3, 20, 2], [21, 6, 22, 7], [23, 13, 24, 12], [1, 10, 2, 11]]"
12a_1070_24,"[[2, 11, 3, 12], [4, 10, 5, 9], [6, 16, 7, 15], [8, 21, 9, 22], [10, 20, 11, 19], [12, 17, 13, 18], [14, 6, 15, 5], [16, 24, 17, 23], [18, 1, 19, 2], [20, 4, 21, 3], [22, 7, 23, 8], [24, 14, 1, 13]]"
12a_1070_25,"[[24, 14, 1, 13], [2, 11, 3, 12], [4, 10, 5, 9], [6, 16, 7, 15], [8, 21, 9, 22], [10, 20, 11, 19], [12, 17, 13, 18], [14, 6, 15, 5], [16, 24, 17, 23], [18, 1, 19, 2], [20, 4, 21, 3], [22, 7, 23, 8]]"
12a_1070_26,"[[22, 7, 23, 8], [24, 14, 1, 13], [2, 11, 3, 12], [4, 10, 5, 9], [6, 16, 7, 15], [8, 21, 9, 22], [10, 20, 11, 19], [12, 17, 13, 18], [14, 6, 15, 5], [16, 24, 17, 23], [18, 1, 19, 2], [20, 4, 21, 3]]"
12a_1070_27,"[[20, 4, 21, 3], [22, 7, 23, 8], [24, 14, 1, 13], [2, 11, 3, 12], [4, 10, 5, 9], [6, 16, 7, 15], [8, 21, 9, 22], [10, 20, 11, 19], [12, 17, 13, 18], [14, 6, 15, 5], [16, 24, 17, 23], [18, 1, 19, 2]]"
12a_1070_28,"[[18, 1, 19, 2], [20, 4, 21, 3], [22, 7, 23, 8], [24, 14, 1, 13], [2, 11, 3, 12], [4, 10, 5, 9], [6, 16, 7, 15], [8, 21, 9, 22], [10, 20, 11, 19], [12, 17, 13, 18], [14, 6, 15, 5], [16, 24, 17, 23]]"
12a_1070_29,"[[16, 24, 17, 23], [18, 1, 19, 2], [20, 4, 21, 3], [22, 7, 23, 8], [24, 14, 1, 13], [2, 11, 3, 12], [4, 10, 5, 9], [6, 16, 7, 15], [8, 21, 9, 22], [10, 20, 11, 19], [12, 17, 13, 18], [14, 6, 15, 5]]"
12a_1070_30,"[[14, 6, 15, 5], [16, 24, 17, 23], [18, 1, 19, 2], [20, 4, 21, 3], [22, 7, 23, 8], [24, 14, 1, 13], [2, 11, 3, 12], [4, 10, 5, 9], [6, 16, 7, 15], [8, 21, 9, 22], [10, 20, 11, 19], [12, 17, 13, 18]]"
12a_1070_31,"[[12, 17, 13, 18], [14, 6, 15, 5], [16, 24, 17, 23], [18, 1, 19, 2], [20, 4, 21, 3], [22, 7, 23, 8], [24, 14, 1, 13], [2, 11, 3, 12], [4, 10, 5, 9], [6, 16, 7, 15], [8, 21, 9, 22], [10, 20, 11, 19]]"
12a_1070_32,"[[10, 20, 11, 19], [12, 17, 13, 18], [14, 6, 15, 5], [16, 24, 17, 23], [18, 1, 19, 2], [20, 4, 21, 3], [22, 7, 23, 8], [24, 14, 1, 13], [2, 11, 3, 12], [4, 10, 5, 9], [6, 16, 7, 15], [8, 21, 9, 22]]"
12a_1070_33,"[[8, 21, 9, 22], [10, 20, 11, 19], [12, 17, 13, 18], [14, 6, 15, 5], [16, 24, 17, 23], [18, 1, 19, 2], [20, 4, 21, 3], [22, 7, 23, 8], [24, 14, 1, 13], [2, 11, 3, 12], [4, 10, 5, 9], [6, 16, 7, 15]]"
12a_1070_34,"[[6, 16, 7, 15], [8, 21, 9, 22], [10, 20, 11, 19], [12, 17, 13, 18], [14, 6, 15, 5], [16, 24, 17, 23], [18, 1, 19, 2], [20, 4, 21, 3], [22, 7, 23, 8], [24, 14, 1, 13], [2, 11, 3, 12], [4, 10, 5, 9]]"
12a_1070_35,"[[4, 10, 5, 9], [6, 16, 7, 15], [8, 21, 9, 22], [10, 20, 11, 19], [12, 17, 13, 18], [14, 6, 15, 5], [16, 24, 17, 23], [18, 1, 19, 2], [20, 4, 21, 3], [22, 7, 23, 8], [24, 14, 1, 13], [2, 11, 3, 12]]"
12a_1070_36,"[[3, 12, 4, 13], [5, 11, 6, 10], [7, 17, 8, 16], [9, 22, 10, 23], [11, 21, 12, 20], [13, 18, 14, 19], [15, 7, 16, 6], [17, 1, 18, 24], [19, 2, 20, 3], [21, 5, 22, 4], [23, 8, 24, 9], [1, 15, 2, 14]]"
12a_1070_37,"[[1, 15, 2, 14], [3, 12, 4, 13], [5, 11, 6, 10], [7, 17, 8, 16], [9, 22, 10, 23], [11, 21, 12, 20], [13, 18, 14, 19], [15, 7, 16, 6], [17, 1, 18, 24], [19, 2, 20, 3], [21, 5, 22, 4], [23, 8, 24, 9]]"
12a_1070_38,"[[23, 8, 24, 9], [1, 15, 2, 14], [3, 12, 4, 13], [5, 11, 6, 10], [7, 17, 8, 16], [9, 22, 10, 23], [11, 21, 12, 20], [13, 18, 14, 19], [15, 7, 16, 6], [17, 1, 18, 24], [19, 2, 20, 3], [21, 5, 22, 4]]"
12a_1070_39,"[[21, 5, 22, 4], [23, 8, 24, 9], [1, 15, 2, 14], [3, 12, 4, 13], [5, 11, 6, 10], [7, 17, 8, 16], [9, 22, 10, 23], [11, 21, 12, 20], [13, 18, 14, 19], [15, 7, 16, 6], [17, 1, 18, 24], [19, 2, 20, 3]]"
12a_1070_40,"[[19, 2, 20, 3], [21, 5, 22, 4], [23, 8, 24, 9], [1, 15, 2, 14], [3, 12, 4, 13], [5, 11, 6, 10], [7, 17, 8, 16], [9, 22, 10, 23], [11, 21, 12, 20], [13, 18, 14, 19], [15, 7, 16, 6], [17, 1, 18, 24]]"
12a_1070_41,"[[17, 1, 18, 24], [19, 2, 20, 3], [21, 5, 22, 4], [23, 8, 24, 9], [1, 15, 2, 14], [3, 12, 4, 13], [5, 11, 6, 10], [7, 17, 8, 16], [9, 22, 10, 23], [11, 21, 12, 20], [13, 18, 14, 19], [15, 7, 16, 6]]"
12a_1070_42,"[[15, 7, 16, 6], [17, 1, 18, 24], [19, 2, 20, 3], [21, 5, 22, 4], [23, 8, 24, 9], [1, 15, 2, 14], [3, 12, 4, 13], [5, 11, 6, 10], [7, 17, 8, 16], [9, 22, 10, 23], [11, 21, 12, 20], [13, 18, 14, 19]]"
12a_1070_43,"[[13, 18, 14, 19], [15, 7, 16, 6], [17, 1, 18, 24], [19, 2, 20, 3], [21, 5, 22, 4], [23, 8, 24, 9], [1, 15, 2, 14], [3, 12, 4, 13], [5, 11, 6, 10], [7, 17, 8, 16], [9, 22, 10, 23], [11, 21, 12, 20]]"
12a_1070_44,"[[11, 21, 12, 20], [13, 18, 14, 19], [15, 7, 16, 6], [17, 1, 18, 24], [19, 2, 20, 3], [21, 5, 22, 4], [23, 8, 24, 9], [1, 15, 2, 14], [3, 12, 4, 13], [5, 11, 6, 10], [7, 17, 8, 16], [9, 22, 10, 23]]"
12a_1070_45,"[[9, 22, 10, 23], [11, 21, 12, 20], [13, 18, 14, 19], [15, 7, 16, 6], [17, 1, 18, 24], [19, 2, 20, 3], [21, 5, 22, 4], [23, 8, 24, 9], [1, 15, 2, 14], [3, 12, 4, 13], [5, 11, 6, 10], [7, 17, 8, 16]]"
12a_1070_46,"[[7, 17, 8, 16], [9, 22, 10, 23], [11, 21, 12, 20], [13, 18, 14, 19], [15, 7, 16, 6], [17, 1, 18, 24], [19, 2, 20, 3], [21, 5, 22, 4], [23, 8, 24, 9], [1, 15, 2, 14], [3, 12, 4, 13], [5, 11, 6, 10]]"
12a_1070_47,"[[5, 11, 6, 10], [7, 17, 8, 16], [9, 22, 10, 23], [11, 21, 12, 20], [13, 18, 14, 19], [15, 7, 16, 6], [17, 1, 18, 24], [19, 2, 20, 3], [21, 5, 22, 4], [23, 8, 24, 9], [1, 15, 2, 14], [3, 12, 4, 13]]"
12a_1070_48,"[[4, 13, 5, 14], [6, 12, 7, 11], [8, 18, 9, 17], [10, 23, 11, 24], [12, 22, 13, 21], [14, 19, 15, 20], [16, 8, 17, 7], [18, 2, 19, 1], [20, 3, 21, 4], [22, 6, 23, 5], [24, 9, 1, 10], [2, 16, 3, 15]]"
12a_1070_49,"[[2, 16, 3, 15], [4, 13, 5, 14], [6, 12, 7, 11], [8, 18, 9, 17], [10, 23, 11, 24], [12, 22, 13, 21], [14, 19, 15, 20], [16, 8, 17, 7], [18, 2, 19, 1], [20, 3, 21, 4], [22, 6, 23, 5], [24, 9, 1, 10]]"
12a_1070_50,"[[24, 9, 1, 10], [2, 16, 3, 15], [4, 13, 5, 14], [6, 12, 7, 11], [8, 18, 9, 17], [10, 23, 11, 24], [12, 22, 13, 21], [14, 19, 15, 20], [16, 8, 17, 7], [18, 2, 19, 1], [20, 3, 21, 4], [22, 6, 23, 5]]"
12a_1070_51,"[[22, 6, 23, 5], [24, 9, 1, 10], [2, 16, 3, 15], [4, 13, 5, 14], [6, 12, 7, 11], [8, 18, 9, 17], [10, 23, 11, 24], [12, 22, 13, 21], [14, 19, 15, 20], [16, 8, 17, 7], [18, 2, 19, 1], [20, 3, 21, 4]]"
12a_1070_52,"[[20, 3, 21, 4], [22, 6, 23, 5], [24, 9, 1, 10], [2, 16, 3, 15], [4, 13, 5, 14], [6, 12, 7, 11], [8, 18, 9, 17], [10, 23, 11, 24], [12, 22, 13, 21], [14, 19, 15, 20], [16, 8, 17, 7], [18, 2, 19, 1]]"
12a_1070_53,"[[18, 2, 19, 1], [20, 3, 21, 4], [22, 6, 23, 5], [24, 9, 1, 10], [2, 16, 3, 15], [4, 13, 5, 14], [6, 12, 7, 11], [8, 18, 9, 17], [10, 23, 11, 24], [12, 22, 13, 21], [14, 19, 15, 20], [16, 8, 17, 7]]"
12a_1070_54,"[[16, 8, 17, 7], [18, 2, 19, 1], [20, 3, 21, 4], [22, 6, 23, 5], [24, 9, 1, 10], [2, 16, 3, 15], [4, 13, 5, 14], [6, 12, 7, 11], [8, 18, 9, 17], [10, 23, 11, 24], [12, 22, 13, 21], [14, 19, 15, 20]]"
12a_1070_55,"[[14, 19, 15, 20], [16, 8, 17, 7], [18, 2, 19, 1], [20, 3, 21, 4], [22, 6, 23, 5], [24, 9, 1, 10], [2, 16, 3, 15], [4, 13, 5, 14], [6, 12, 7, 11], [8, 18, 9, 17], [10, 23, 11, 24], [12, 22, 13, 21]]"
12a_1070_56,"[[12, 22, 13, 21], [14, 19, 15, 20], [16, 8, 17, 7], [18, 2, 19, 1], [20, 3, 21, 4], [22, 6, 23, 5], [24, 9, 1, 10], [2, 16, 3, 15], [4, 13, 5, 14], [6, 12, 7, 11], [8, 18, 9, 17], [10, 23, 11, 24]]"
12a_1070_57,"[[10, 23, 11, 24], [12, 22, 13, 21], [14, 19, 15, 20], [16, 8, 17, 7], [18, 2, 19, 1], [20, 3, 21, 4], [22, 6, 23, 5], [24, 9, 1, 10], [2, 16, 3, 15], [4, 13, 5, 14], [6, 12, 7, 11], [8, 18, 9, 17]]"
12a_1070_58,"[[8, 18, 9, 17], [10, 23, 11, 24], [12, 22, 13, 21], [14, 19, 15, 20], [16, 8, 17, 7], [18, 2, 19, 1], [20, 3, 21, 4], [22, 6, 23, 5], [24, 9, 1, 10], [2, 16, 3, 15], [4, 13, 5, 14], [6, 12, 7, 11]]"
12a_1070_59,"[[6, 12, 7, 11], [8, 18, 9, 17], [10, 23, 11, 24], [12, 22, 13, 21], [14, 19, 15, 20], [16, 8, 17, 7], [18, 2, 19, 1], [20, 3, 21, 4], [22, 6, 23, 5], [24, 9, 1, 10], [2, 16, 3, 15], [4, 13, 5, 14]]"
12a_1070_60,"[[5, 14, 6, 15], [7, 13, 8, 12], [9, 19, 10, 18], [11, 24, 12, 1], [13, 23, 14, 22], [15, 20, 16, 21], [17, 9, 18, 8], [19, 3, 20, 2], [21, 4, 22, 5], [23, 7, 24, 6], [1, 10, 2, 11], [3, 17, 4, 16]]"
12a_1070_61,"[[3, 17, 4, 16], [5, 14, 6, 15], [7, 13, 8, 12], [9, 19, 10, 18], [11, 24, 12, 1], [13, 23, 14, 22], [15, 20, 16, 21], [17, 9, 18, 8], [19, 3, 20, 2], [21, 4, 22, 5], [23, 7, 24, 6], [1, 10, 2, 11]]"
12a_1070_62,"[[1, 10, 2, 11], [3, 17, 4, 16], [5, 14, 6, 15], [7, 13, 8, 12], [9, 19, 10, 18], [11, 24, 12, 1], [13, 23, 14, 22], [15, 20, 16, 21], [17, 9, 18, 8], [19, 3, 20, 2], [21, 4, 22, 5], [23, 7, 24, 6]]"
12a_1070_63,"[[23, 7, 24, 6], [1, 10, 2, 11], [3, 17, 4, 16], [5, 14, 6, 15], [7, 13, 8, 12], [9, 19, 10, 18], [11, 24, 12, 1], [13, 23, 14, 22], [15, 20, 16, 21], [17, 9, 18, 8], [19, 3, 20, 2], [21, 4, 22, 5]]"
12a_1070_64,"[[21, 4, 22, 5], [23, 7, 24, 6], [1, 10, 2, 11], [3, 17, 4, 16], [5, 14, 6, 15], [7, 13, 8, 12], [9, 19, 10, 18], [11, 24, 12, 1], [13, 23, 14, 22], [15, 20, 16, 21], [17, 9, 18, 8], [19, 3, 20, 2]]"
12a_1070_65,"[[19, 3, 20, 2], [21, 4, 22, 5], [23, 7, 24, 6], [1, 10, 2, 11], [3, 17, 4, 16], [5, 14, 6, 15], [7, 13, 8, 12], [9, 19, 10, 18], [11, 24, 12, 1], [13, 23, 14, 22], [15, 20, 16, 21], [17, 9, 18, 8]]"
12a_1070_66,"[[17, 9, 18, 8], [19, 3, 20, 2], [21, 4, 22, 5], [23, 7, 24, 6], [1, 10, 2, 11], [3, 17, 4, 16], [5, 14, 6, 15], [7, 13, 8, 12], [9, 19, 10, 18], [11, 24, 12, 1], [13, 23, 14, 22], [15, 20, 16, 21]]"
12a_1070_67,"[[15, 20, 16, 21], [17, 9, 18, 8], [19, 3, 20, 2], [21, 4, 22, 5], [23, 7, 24, 6], [1, 10, 2, 11], [3, 17, 4, 16], [5, 14, 6, 15], [7, 13, 8, 12], [9, 19, 10, 18], [11, 24, 12, 1], [13, 23, 14, 22]]"
12a_1070_68,"[[13, 23, 14, 22], [15, 20, 16, 21], [17, 9, 18, 8], [19, 3, 20, 2], [21, 4, 22, 5], [23, 7, 24, 6], [1, 10, 2, 11], [3, 17, 4, 16], [5, 14, 6, 15], [7, 13, 8, 12], [9, 19, 10, 18], [11, 24, 12, 1]]"
12a_1070_69,"[[11, 24, 12, 1], [13, 23, 14, 22], [15, 20, 16, 21], [17, 9, 18, 8], [19, 3, 20, 2], [21, 4, 22, 5], [23, 7, 24, 6], [1, 10, 2, 11], [3, 17, 4, 16], [5, 14, 6, 15], [7, 13, 8, 12], [9, 19, 10, 18]]"
12a_1070_70,"[[9, 19, 10, 18], [11, 24, 12, 1], [13, 23, 14, 22], [15, 20, 16, 21], [17, 9, 18, 8], [19, 3, 20, 2], [21, 4, 22, 5], [23, 7, 24, 6], [1, 10, 2, 11], [3, 17, 4, 16], [5, 14, 6, 15], [7, 13, 8, 12]]"
12a_1070_71,"[[7, 13, 8, 12], [9, 19, 10, 18], [11, 24, 12, 1], [13, 23, 14, 22], [15, 20, 16, 21], [17, 9, 18, 8], [19, 3, 20, 2], [21, 4, 22, 5], [23, 7, 24, 6], [1, 10, 2, 11], [3, 17, 4, 16], [5, 14, 6, 15]]"
12a_1070_72,"[[6, 15, 7, 16], [8, 14, 9, 13], [10, 20, 11, 19], [12, 1, 13, 2], [14, 24, 15, 23], [16, 21, 17, 22], [18, 10, 19, 9], [20, 4, 21, 3], [22, 5, 23, 6], [24, 8, 1, 7], [2, 11, 3, 12], [4, 18, 5, 17]]"
12a_1070_73,"[[4, 18, 5, 17], [6, 15, 7, 16], [8, 14, 9, 13], [10, 20, 11, 19], [12, 1, 13, 2], [14, 24, 15, 23], [16, 21, 17, 22], [18, 10, 19, 9], [20, 4, 21, 3], [22, 5, 23, 6], [24, 8, 1, 7], [2, 11, 3, 12]]"
12a_1070_74,"[[2, 11, 3, 12], [4, 18, 5, 17], [6, 15, 7, 16], [8, 14, 9, 13], [10, 20, 11, 19], [12, 1, 13, 2], [14, 24, 15, 23], [16, 21, 17, 22], [18, 10, 19, 9], [20, 4, 21, 3], [22, 5, 23, 6], [24, 8, 1, 7]]"
12a_1070_75,"[[24, 8, 1, 7], [2, 11, 3, 12], [4, 18, 5, 17], [6, 15, 7, 16], [8, 14, 9, 13], [10, 20, 11, 19], [12, 1, 13, 2], [14, 24, 15, 23], [16, 21, 17, 22], [18, 10, 19, 9], [20, 4, 21, 3], [22, 5, 23, 6]]"
12a_1070_76,"[[22, 5, 23, 6], [24, 8, 1, 7], [2, 11, 3, 12], [4, 18, 5, 17], [6, 15, 7, 16], [8, 14, 9, 13], [10, 20, 11, 19], [12, 1, 13, 2], [14, 24, 15, 23], [16, 21, 17, 22], [18, 10, 19, 9], [20, 4, 21, 3]]"
12a_1070_77,"[[20, 4, 21, 3], [22, 5, 23, 6], [24, 8, 1, 7], [2, 11, 3, 12], [4, 18, 5, 17], [6, 15, 7, 16], [8, 14, 9, 13], [10, 20, 11, 19], [12, 1, 13, 2], [14, 24, 15, 23], [16, 21, 17, 22], [18, 10, 19, 9]]"
12a_1070_78,"[[18, 10, 19, 9], [20, 4, 21, 3], [22, 5, 23, 6], [24, 8, 1, 7], [2, 11, 3, 12], [4, 18, 5, 17], [6, 15, 7, 16], [8, 14, 9, 13], [10, 20, 11, 19], [12, 1, 13, 2], [14, 24, 15, 23], [16, 21, 17, 22]]"
12a_1070_79,"[[16, 21, 17, 22], [18, 10, 19, 9], [20, 4, 21, 3], [22, 5, 23, 6], [24, 8, 1, 7], [2, 11, 3, 12], [4, 18, 5, 17], [6, 15, 7, 16], [8, 14, 9, 13], [10, 20, 11, 19], [12, 1, 13, 2], [14, 24, 15, 23]]"
12a_1070_80,"[[14, 24, 15, 23], [16, 21, 17, 22], [18, 10, 19, 9], [20, 4, 21, 3], [22, 5, 23, 6], [24, 8, 1, 7], [2, 11, 3, 12], [4, 18, 5, 17], [6, 15, 7, 16], [8, 14, 9, 13], [10, 20, 11, 19], [12, 1, 13, 2]]"
12a_1070_81,"[[12, 1, 13, 2], [14, 24, 15, 23], [16, 21, 17, 22], [18, 10, 19, 9], [20, 4, 21, 3], [22, 5, 23, 6], [24, 8, 1, 7], [2, 11, 3, 12], [4, 18, 5, 17], [6, 15, 7, 16], [8, 14, 9, 13], [10, 20, 11, 19]]"
12a_1070_82,"[[10, 20, 11, 19], [12, 1, 13, 2], [14, 24, 15, 23], [16, 21, 17, 22], [18, 10, 19, 9], [20, 4, 21, 3], [22, 5, 23, 6], [24, 8, 1, 7], [2, 11, 3, 12], [4, 18, 5, 17], [6, 15, 7, 16], [8, 14, 9, 13]]"
12a_1070_83,"[[8, 14, 9, 13], [10, 20, 11, 19], [12, 1, 13, 2], [14, 24, 15, 23], [16, 21, 17, 22], [18, 10, 19, 9], [20, 4, 21, 3], [22, 5, 23, 6], [24, 8, 1, 7], [2, 11, 3, 12], [4, 18, 5, 17], [6, 15, 7, 16]]"
12a_1070_84,"[[7, 16, 8, 17], [9, 15, 10, 14], [11, 21, 12, 20], [13, 2, 14, 3], [15, 1, 16, 24], [17, 22, 18, 23], [19, 11, 20, 10], [21, 5, 22, 4], [23, 6, 24, 7], [1, 9, 2, 8], [3, 12, 4, 13], [5, 19, 6, 18]]"
12a_1070_85,"[[5, 19, 6, 18], [7, 16, 8, 17], [9, 15, 10, 14], [11, 21, 12, 20], [13, 2, 14, 3], [15, 1, 16, 24], [17, 22, 18, 23], [19, 11, 20, 10], [21, 5, 22, 4], [23, 6, 24, 7], [1, 9, 2, 8], [3, 12, 4, 13]]"
12a_1070_86,"[[3, 12, 4, 13], [5, 19, 6, 18], [7, 16, 8, 17], [9, 15, 10, 14], [11, 21, 12, 20], [13, 2, 14, 3], [15, 1, 16, 24], [17, 22, 18, 23], [19, 11, 20, 10], [21, 5, 22, 4], [23, 6, 24, 7], [1, 9, 2, 8]]"
12a_1070_87,"[[1, 9, 2, 8], [3, 12, 4, 13], [5, 19, 6, 18], [7, 16, 8, 17], [9, 15, 10, 14], [11, 21, 12, 20], [13, 2, 14, 3], [15, 1, 16, 24], [17, 22, 18, 23], [19, 11, 20, 10], [21, 5, 22, 4], [23, 6, 24, 7]]"
12a_1070_88,"[[23, 6, 24, 7], [1, 9, 2, 8], [3, 12, 4, 13], [5, 19, 6, 18], [7, 16, 8, 17], [9, 15, 10, 14], [11, 21, 12, 20], [13, 2, 14, 3], [15, 1, 16, 24], [17, 22, 18, 23], [19, 11, 20, 10], [21, 5, 22, 4]]"
12a_1070_89,"[[21, 5, 22, 4], [23, 6, 24, 7], [1, 9, 2, 8], [3, 12, 4, 13], [5, 19, 6, 18], [7, 16, 8, 17], [9, 15, 10, 14], [11, 21, 12, 20], [13, 2, 14, 3], [15, 1, 16, 24], [17, 22, 18, 23], [19, 11, 20, 10]]"
12a_1070_90,"[[19, 11, 20, 10], [21, 5, 22, 4], [23, 6, 24, 7], [1, 9, 2, 8], [3, 12, 4, 13], [5, 19, 6, 18], [7, 16, 8, 17], [9, 15, 10, 14], [11, 21, 12, 20], [13, 2, 14, 3], [15, 1, 16, 24], [17, 22, 18, 23]]"
12a_1070_91,"[[17, 22, 18, 23], [19, 11, 20, 10], [21, 5, 22, 4], [23, 6, 24, 7], [1, 9, 2, 8], [3, 12, 4, 13], [5, 19, 6, 18], [7, 16, 8, 17], [9, 15, 10, 14], [11, 21, 12, 20], [13, 2, 14, 3], [15, 1, 16, 24]]"
12a_1070_92,"[[15, 1, 16, 24], [17, 22, 18, 23], [19, 11, 20, 10], [21, 5, 22, 4], [23, 6, 24, 7], [1, 9, 2, 8], [3, 12, 4, 13], [5, 19, 6, 18], [7, 16, 8, 17], [9, 15, 10, 14], [11, 21, 12, 20], [13, 2, 14, 3]]"
12a_1070_93,"[[13, 2, 14, 3], [15, 1, 16, 24], [17, 22, 18, 23], [19, 11, 20, 10], [21, 5, 22, 4], [23, 6, 24, 7], [1, 9, 2, 8], [3, 12, 4, 13], [5, 19, 6, 18], [7, 16, 8, 17], [9, 15, 10, 14], [11, 21, 12, 20]]"
12a_1070_94,"[[11, 21, 12, 20], [13, 2, 14, 3], [15, 1, 16, 24], [17, 22, 18, 23], [19, 11, 20, 10], [21, 5, 22, 4], [23, 6, 24, 7], [1, 9, 2, 8], [3, 12, 4, 13], [5, 19, 6, 18], [7, 16, 8, 17], [9, 15, 10, 14]]"
12a_1070_95,"[[9, 15, 10, 14], [11, 21, 12, 20], [13, 2, 14, 3], [15, 1, 16, 24], [17, 22, 18, 23], [19, 11, 20, 10], [21, 5, 22, 4], [23, 6, 24, 7], [1, 9, 2, 8], [3, 12, 4, 13], [5, 19, 6, 18], [7, 16, 8, 17]]"
12a_1070_96,"[[8, 17, 9, 18], [10, 16, 11, 15], [12, 22, 13, 21], [14, 3, 15, 4], [16, 2, 17, 1], [18, 23, 19, 24], [20, 12, 21, 11], [22, 6, 23, 5], [24, 7, 1, 8], [2, 10, 3, 9], [4, 13, 5, 14], [6, 20, 7, 19]]"
12a_1070_97,"[[6, 20, 7, 19], [8, 17, 9, 18], [10, 16, 11, 15], [12, 22, 13, 21], [14, 3, 15, 4], [16, 2, 17, 1], [18, 23, 19, 24], [20, 12, 21, 11], [22, 6, 23, 5], [24, 7, 1, 8], [2, 10, 3, 9], [4, 13, 5, 14]]"
12a_1070_98,"[[4, 13, 5, 14], [6, 20, 7, 19], [8, 17, 9, 18], [10, 16, 11, 15], [12, 22, 13, 21], [14, 3, 15, 4], [16, 2, 17, 1], [18, 23, 19, 24], [20, 12, 21, 11], [22, 6, 23, 5], [24, 7, 1, 8], [2, 10, 3, 9]]"
12a_1070_99,"[[2, 10, 3, 9], [4, 13, 5, 14], [6, 20, 7, 19], [8, 17, 9, 18], [10, 16, 11, 15], [12, 22, 13, 21], [14, 3, 15, 4], [16, 2, 17, 1], [18, 23, 19, 24], [20, 12, 21, 11], [22, 6, 23, 5], [24, 7, 1, 8]]"
12a_1070_100,"[[24, 7, 1, 8], [2, 10, 3, 9], [4, 13, 5, 14], [6, 20, 7, 19], [8, 17, 9, 18], [10, 16, 11, 15], [12, 22, 13, 21], [14, 3, 15, 4], [16, 2, 17, 1], [18, 23, 19, 24], [20, 12, 21, 11], [22, 6, 23, 5]]"
12a_1070_101,"[[22, 6, 23, 5], [24, 7, 1, 8], [2, 10, 3, 9], [4, 13, 5, 14], [6, 20, 7, 19], [8, 17, 9, 18], [10, 16, 11, 15], [12, 22, 13, 21], [14, 3, 15, 4], [16, 2, 17, 1], [18, 23, 19, 24], [20, 12, 21, 11]]"
12a_1070_102,"[[20, 12, 21, 11], [22, 6, 23, 5], [24, 7, 1, 8], [2, 10, 3, 9], [4, 13, 5, 14], [6, 20, 7, 19], [8, 17, 9, 18], [10, 16, 11, 15], [12, 22, 13, 21], [14, 3, 15, 4], [16, 2, 17, 1], [18, 23, 19, 24]]"
12a_1070_103,"[[18, 23, 19, 24], [20, 12, 21, 11], [22, 6, 23, 5], [24, 7, 1, 8], [2, 10, 3, 9], [4, 13, 5, 14], [6, 20, 7, 19], [8, 17, 9, 18], [10, 16, 11, 15], [12, 22, 13, 21], [14, 3, 15, 4], [16, 2, 17, 1]]"
12a_1070_104,"[[16, 2, 17, 1], [18, 23, 19, 24], [20, 12, 21, 11], [22, 6, 23, 5], [24, 7, 1, 8], [2, 10, 3, 9], [4, 13, 5, 14], [6, 20, 7, 19], [8, 17, 9, 18], [10, 16, 11, 15], [12, 22, 13, 21], [14, 3, 15, 4]]"
12a_1070_105,"[[14, 3, 15, 4], [16, 2, 17, 1], [18, 23, 19, 24], [20, 12, 21, 11], [22, 6, 23, 5], [24, 7, 1, 8], [2, 10, 3, 9], [4, 13, 5, 14], [6, 20, 7, 19], [8, 17, 9, 18], [10, 16, 11, 15], [12, 22, 13, 21]]"
12a_1070_106,"[[12, 22, 13, 21], [14, 3, 15, 4], [16, 2, 17, 1], [18, 23, 19, 24], [20, 12, 21, 11], [22, 6, 23, 5], [24, 7, 1, 8], [2, 10, 3, 9], [4, 13, 5, 14], [6, 20, 7, 19], [8, 17, 9, 18], [10, 16, 11, 15]]"
12a_1070_107,"[[10, 16, 11, 15], [12, 22, 13, 21], [14, 3, 15, 4], [16, 2, 17, 1], [18, 23, 19, 24], [20, 12, 21, 11], [22, 6, 23, 5], [24, 7, 1, 8], [2, 10, 3, 9], [4, 13, 5, 14], [6, 20, 7, 19], [8, 17, 9, 18]]"
12a_1070_108,"[[9, 18, 10, 19], [11, 17, 12, 16], [13, 23, 14, 22], [15, 4, 16, 5], [17, 3, 18, 2], [19, 24, 20, 1], [21, 13, 22, 12], [23, 7, 24, 6], [1, 8, 2, 9], [3, 11, 4, 10], [5, 14, 6, 15], [7, 21, 8, 20]]"
12a_1070_109,"[[7, 21, 8, 20], [9, 18, 10, 19], [11, 17, 12, 16], [13, 23, 14, 22], [15, 4, 16, 5], [17, 3, 18, 2], [19, 24, 20, 1], [21, 13, 22, 12], [23, 7, 24, 6], [1, 8, 2, 9], [3, 11, 4, 10], [5, 14, 6, 15]]"
12a_1070_110,"[[5, 14, 6, 15], [7, 21, 8, 20], [9, 18, 10, 19], [11, 17, 12, 16], [13, 23, 14, 22], [15, 4, 16, 5], [17, 3, 18, 2], [19, 24, 20, 1], [21, 13, 22, 12], [23, 7, 24, 6], [1, 8, 2, 9], [3, 11, 4, 10]]"
12a_1070_111,"[[3, 11, 4, 10], [5, 14, 6, 15], [7, 21, 8, 20], [9, 18, 10, 19], [11, 17, 12, 16], [13, 23, 14, 22], [15, 4, 16, 5], [17, 3, 18, 2], [19, 24, 20, 1], [21, 13, 22, 12], [23, 7, 24, 6], [1, 8, 2, 9]]"
12a_1070_112,"[[1, 8, 2, 9], [3, 11, 4, 10], [5, 14, 6, 15], [7, 21, 8, 20], [9, 18, 10, 19], [11, 17, 12, 16], [13, 23, 14, 22], [15, 4, 16, 5], [17, 3, 18, 2], [19, 24, 20, 1], [21, 13, 22, 12], [23, 7, 24, 6]]"
12a_1070_113,"[[23, 7, 24, 6], [1, 8, 2, 9], [3, 11, 4, 10], [5, 14, 6, 15], [7, 21, 8, 20], [9, 18, 10, 19], [11, 17, 12, 16], [13, 23, 14, 22], [15, 4, 16, 5], [17, 3, 18, 2], [19, 24, 20, 1], [21, 13, 22, 12]]"
12a_1070_114,"[[21, 13, 22, 12], [23, 7, 24, 6], [1, 8, 2, 9], [3, 11, 4, 10], [5, 14, 6, 15], [7, 21, 8, 20], [9, 18, 10, 19], [11, 17, 12, 16], [13, 23, 14, 22], [15, 4, 16, 5], [17, 3, 18, 2], [19, 24, 20, 1]]"
12a_1070_115,"[[19, 24, 20, 1], [21, 13, 22, 12], [23, 7, 24, 6], [1, 8, 2, 9], [3, 11, 4, 10], [5, 14, 6, 15], [7, 21, 8, 20], [9, 18, 10, 19], [11, 17, 12, 16], [13, 23, 14, 22], [15, 4, 16, 5], [17, 3, 18, 2]]"
12a_1070_116,"[[17, 3, 18, 2], [19, 24, 20, 1], [21, 13, 22, 12], [23, 7, 24, 6], [1, 8, 2, 9], [3, 11, 4, 10], [5, 14, 6, 15], [7, 21, 8, 20], [9, 18, 10, 19], [11, 17, 12, 16], [13, 23, 14, 22], [15, 4, 16, 5]]"
12a_1070_117,"[[15, 4, 16, 5], [17, 3, 18, 2], [19, 24, 20, 1], [21, 13, 22, 12], [23, 7, 24, 6], [1, 8, 2, 9], [3, 11, 4, 10], [5, 14, 6, 15], [7, 21, 8, 20], [9, 18, 10, 19], [11, 17, 12, 16], [13, 23, 14, 22]]"
12a_1070_118,"[[13, 23, 14, 22], [15, 4, 16, 5], [17, 3, 18, 2], [19, 24, 20, 1], [21, 13, 22, 12], [23, 7, 24, 6], [1, 8, 2, 9], [3, 11, 4, 10], [5, 14, 6, 15], [7, 21, 8, 20], [9, 18, 10, 19], [11, 17, 12, 16]]"
12a_1070_119,"[[11, 17, 12, 16], [13, 23, 14, 22], [15, 4, 16, 5], [17, 3, 18, 2], [19, 24, 20, 1], [21, 13, 22, 12], [23, 7, 24, 6], [1, 8, 2, 9], [3, 11, 4, 10], [5, 14, 6, 15], [7, 21, 8, 20], [9, 18, 10, 19]]"
12a_1070_120,"[[10, 19, 11, 20], [12, 18, 13, 17], [14, 24, 15, 23], [16, 5, 17, 6], [18, 4, 19, 3], [20, 1, 21, 2], [22, 14, 23, 13], [24, 8, 1, 7], [2, 9, 3, 10], [4, 12, 5, 11], [6, 15, 7, 16], [8, 22, 9, 21]]"
12a_1070_121,"[[8, 22, 9, 21], [10, 19, 11, 20], [12, 18, 13, 17], [14, 24, 15, 23], [16, 5, 17, 6], [18, 4, 19, 3], [20, 1, 21, 2], [22, 14, 23, 13], [24, 8, 1, 7], [2, 9, 3, 10], [4, 12, 5, 11], [6, 15, 7, 16]]"
12a_1070_122,"[[6, 15, 7, 16], [8, 22, 9, 21], [10, 19, 11, 20], [12, 18, 13, 17], [14, 24, 15, 23], [16, 5, 17, 6], [18, 4, 19, 3], [20, 1, 21, 2], [22, 14, 23, 13], [24, 8, 1, 7], [2, 9, 3, 10], [4, 12, 5, 11]]"
12a_1070_123,"[[4, 12, 5, 11], [6, 15, 7, 16], [8, 22, 9, 21], [10, 19, 11, 20], [12, 18, 13, 17], [14, 24, 15, 23], [16, 5, 17, 6], [18, 4, 19, 3], [20, 1, 21, 2], [22, 14, 23, 13], [24, 8, 1, 7], [2, 9, 3, 10]]"
12a_1070_124,"[[2, 9, 3, 10], [4, 12, 5, 11], [6, 15, 7, 16], [8, 22, 9, 21], [10, 19, 11, 20], [12, 18, 13, 17], [14, 24, 15, 23], [16, 5, 17, 6], [18, 4, 19, 3], [20, 1, 21, 2], [22, 14, 23, 13], [24, 8, 1, 7]]"
12a_1070_125,"[[24, 8, 1, 7], [2, 9, 3, 10], [4, 12, 5, 11], [6, 15, 7, 16], [8, 22, 9, 21], [10, 19, 11, 20], [12, 18, 13, 17], [14, 24, 15, 23], [16, 5, 17, 6], [18, 4, 19, 3], [20, 1, 21, 2], [22, 14, 23, 13]]"
12a_1070_126,"[[22, 14, 23, 13], [24, 8, 1, 7], [2, 9, 3, 10], [4, 12, 5, 11], [6, 15, 7, 16], [8, 22, 9, 21], [10, 19, 11, 20], [12, 18, 13, 17], [14, 24, 15, 23], [16, 5, 17, 6], [18, 4, 19, 3], [20, 1, 21, 2]]"
12a_1070_127,"[[20, 1, 21, 2], [22, 14, 23, 13], [24, 8, 1, 7], [2, 9, 3, 10], [4, 12, 5, 11], [6, 15, 7, 16], [8, 22, 9, 21], [10, 19, 11, 20], [12, 18, 13, 17], [14, 24, 15, 23], [16, 5, 17, 6], [18, 4, 19, 3]]"
12a_1070_128,"[[18, 4, 19, 3], [20, 1, 21, 2], [22, 14, 23, 13], [24, 8, 1, 7], [2, 9, 3, 10], [4, 12, 5, 11], [6, 15, 7, 16], [8, 22, 9, 21], [10, 19, 11, 20], [12, 18, 13, 17], [14, 24, 15, 23], [16, 5, 17, 6]]"
12a_1070_129,"[[16, 5, 17, 6], [18, 4, 19, 3], [20, 1, 21, 2], [22, 14, 23, 13], [24, 8, 1, 7], [2, 9, 3, 10], [4, 12, 5, 11], [6, 15, 7, 16], [8, 22, 9, 21], [10, 19, 11, 20], [12, 18, 13, 17], [14, 24, 15, 23]]"
12a_1070_130,"[[14, 24, 15, 23], [16, 5, 17, 6], [18, 4, 19, 3], [20, 1, 21, 2], [22, 14, 23, 13], [24, 8, 1, 7], [2, 9, 3, 10], [4, 12, 5, 11], [6, 15, 7, 16], [8, 22, 9, 21], [10, 19, 11, 20], [12, 18, 13, 17]]"
12a_1070_131,"[[12, 18, 13, 17], [14, 24, 15, 23], [16, 5, 17, 6], [18, 4, 19, 3], [20, 1, 21, 2], [22, 14, 23, 13], [24, 8, 1, 7], [2, 9, 3, 10], [4, 12, 5, 11], [6, 15, 7, 16], [8, 22, 9, 21], [10, 19, 11, 20]]"
12a_1070_132,"[[11, 20, 12, 21], [13, 19, 14, 18], [15, 1, 16, 24], [17, 6, 18, 7], [19, 5, 20, 4], [21, 2, 22, 3], [23, 15, 24, 14], [1, 9, 2, 8], [3, 10, 4, 11], [5, 13, 6, 12], [7, 16, 8, 17], [9, 23, 10, 22]]"
12a_1070_133,"[[9, 23, 10, 22], [11, 20, 12, 21], [13, 19, 14, 18], [15, 1, 16, 24], [17, 6, 18, 7], [19, 5, 20, 4], [21, 2, 22, 3], [23, 15, 24, 14], [1, 9, 2, 8], [3, 10, 4, 11], [5, 13, 6, 12], [7, 16, 8, 17]]"
12a_1070_134,"[[7, 16, 8, 17], [9, 23, 10, 22], [11, 20, 12, 21], [13, 19, 14, 18], [15, 1, 16, 24], [17, 6, 18, 7], [19, 5, 20, 4], [21, 2, 22, 3], [23, 15, 24, 14], [1, 9, 2, 8], [3, 10, 4, 11], [5, 13, 6, 12]]"
12a_1070_135,"[[5, 13, 6, 12], [7, 16, 8, 17], [9, 23, 10, 22], [11, 20, 12, 21], [13, 19, 14, 18], [15, 1, 16, 24], [17, 6, 18, 7], [19, 5, 20, 4], [21, 2, 22, 3], [23, 15, 24, 14], [1, 9, 2, 8], [3, 10, 4, 11]]"
12a_1070_136,"[[3, 10, 4, 11], [5, 13, 6, 12], [7, 16, 8, 17], [9, 23, 10, 22], [11, 20, 12, 21], [13, 19, 14, 18], [15, 1, 16, 24], [17, 6, 18, 7], [19, 5, 20, 4], [21, 2, 22, 3], [23, 15, 24, 14], [1, 9, 2, 8]]"
12a_1070_137,"[[1, 9, 2, 8], [3, 10, 4, 11], [5, 13, 6, 12], [7, 16, 8, 17], [9, 23, 10, 22], [11, 20, 12, 21], [13, 19, 14, 18], [15, 1, 16, 24], [17, 6, 18, 7], [19, 5, 20, 4], [21, 2, 22, 3], [23, 15, 24, 14]]"
12a_1070_138,"[[23, 15, 24, 14], [1, 9, 2, 8], [3, 10, 4, 11], [5, 13, 6, 12], [7, 16, 8, 17], [9, 23, 10, 22], [11, 20, 12, 21], [13, 19, 14, 18], [15, 1, 16, 24], [17, 6, 18, 7], [19, 5, 20, 4], [21, 2, 22, 3]]"
12a_1070_139,"[[21, 2, 22, 3], [23, 15, 24, 14], [1, 9, 2, 8], [3, 10, 4, 11], [5, 13, 6, 12], [7, 16, 8, 17], [9, 23, 10, 22], [11, 20, 12, 21], [13, 19, 14, 18], [15, 1, 16, 24], [17, 6, 18, 7], [19, 5, 20, 4]]"
12a_1070_140,"[[19, 5, 20, 4], [21, 2, 22, 3], [23, 15, 24, 14], [1, 9, 2, 8], [3, 10, 4, 11], [5, 13, 6, 12], [7, 16, 8, 17], [9, 23, 10, 22], [11, 20, 12, 21], [13, 19, 14, 18], [15, 1, 16, 24], [17, 6, 18, 7]]"
12a_1070_141,"[[17, 6, 18, 7], [19, 5, 20, 4], [21, 2, 22, 3], [23, 15, 24, 14], [1, 9, 2, 8], [3, 10, 4, 11], [5, 13, 6, 12], [7, 16, 8, 17], [9, 23, 10, 22], [11, 20, 12, 21], [13, 19, 14, 18], [15, 1, 16, 24]]"
12a_1070_142,"[[15, 1, 16, 24], [17, 6, 18, 7], [19, 5, 20, 4], [21, 2, 22, 3], [23, 15, 24, 14], [1, 9, 2, 8], [3, 10, 4, 11], [5, 13, 6, 12], [7, 16, 8, 17], [9, 23, 10, 22], [11, 20, 12, 21], [13, 19, 14, 18]]"
12a_1070_143,"[[13, 19, 14, 18], [15, 1, 16, 24], [17, 6, 18, 7], [19, 5, 20, 4], [21, 2, 22, 3], [23, 15, 24, 14], [1, 9, 2, 8], [3, 10, 4, 11], [5, 13, 6, 12], [7, 16, 8, 17], [9, 23, 10, 22], [11, 20, 12, 21]]"
12a_1070_144,"[[12, 21, 13, 22], [14, 20, 15, 19], [16, 2, 17, 1], [18, 7, 19, 8], [20, 6, 21, 5], [22, 3, 23, 4], [24, 16, 1, 15], [2, 10, 3, 9], [4, 11, 5, 12], [6, 14, 7, 13], [8, 17, 9, 18], [10, 24, 11, 23]]"
12a_1070_145,"[[10, 24, 11, 23], [12, 21, 13, 22], [14, 20, 15, 19], [16, 2, 17, 1], [18, 7, 19, 8], [20, 6, 21, 5], [22, 3, 23, 4], [24, 16, 1, 15], [2, 10, 3, 9], [4, 11, 5, 12], [6, 14, 7, 13], [8, 17, 9, 18]]"
12a_1070_146,"[[8, 17, 9, 18], [10, 24, 11, 23], [12, 21, 13, 22], [14, 20, 15, 19], [16, 2, 17, 1], [18, 7, 19, 8], [20, 6, 21, 5], [22, 3, 23, 4], [24, 16, 1, 15], [2, 10, 3, 9], [4, 11, 5, 12], [6, 14, 7, 13]]"
12a_1070_147,"[[6, 14, 7, 13], [8, 17, 9, 18], [10, 24, 11, 23], [12, 21, 13, 22], [14, 20, 15, 19], [16, 2, 17, 1], [18, 7, 19, 8], [20, 6, 21, 5], [22, 3, 23, 4], [24, 16, 1, 15], [2, 10, 3, 9], [4, 11, 5, 12]]"
12a_1070_148,"[[4, 11, 5, 12], [6, 14, 7, 13], [8, 17, 9, 18], [10, 24, 11, 23], [12, 21, 13, 22], [14, 20, 15, 19], [16, 2, 17, 1], [18, 7, 19, 8], [20, 6, 21, 5], [22, 3, 23, 4], [24, 16, 1, 15], [2, 10, 3, 9]]"
12a_1070_149,"[[2, 10, 3, 9], [4, 11, 5, 12], [6, 14, 7, 13], [8, 17, 9, 18], [10, 24, 11, 23], [12, 21, 13, 22], [14, 20, 15, 19], [16, 2, 17, 1], [18, 7, 19, 8], [20, 6, 21, 5], [22, 3, 23, 4], [24, 16, 1, 15]]"
12a_1070_150,"[[24, 16, 1, 15], [2, 10, 3, 9], [4, 11, 5, 12], [6, 14, 7, 13], [8, 17, 9, 18], [10, 24, 11, 23], [12, 21, 13, 22], [14, 20, 15, 19], [16, 2, 17, 1], [18, 7, 19, 8], [20, 6, 21, 5], [22, 3, 23, 4]]"
12a_1070_151,"[[22, 3, 23, 4], [24, 16, 1, 15], [2, 10, 3, 9], [4, 11, 5, 12], [6, 14, 7, 13], [8, 17, 9, 18], [10, 24, 11, 23], [12, 21, 13, 22], [14, 20, 15, 19], [16, 2, 17, 1], [18, 7, 19, 8], [20, 6, 21, 5]]"
12a_1070_152,"[[20, 6, 21, 5], [22, 3, 23, 4], [24, 16, 1, 15], [2, 10, 3, 9], [4, 11, 5, 12], [6, 14, 7, 13], [8, 17, 9, 18], [10, 24, 11, 23], [12, 21, 13, 22], [14, 20, 15, 19], [16, 2, 17, 1], [18, 7, 19, 8]]"
12a_1070_153,"[[18, 7, 19, 8], [20, 6, 21, 5], [22, 3, 23, 4], [24, 16, 1, 15], [2, 10, 3, 9], [4, 11, 5, 12], [6, 14, 7, 13], [8, 17, 9, 18], [10, 24, 11, 23], [12, 21, 13, 22], [14, 20, 15, 19], [16, 2, 17, 1]]"
12a_1070_154,"[[16, 2, 17, 1], [18, 7, 19, 8], [20, 6, 21, 5], [22, 3, 23, 4], [24, 16, 1, 15], [2, 10, 3, 9], [4, 11, 5, 12], [6, 14, 7, 13], [8, 17, 9, 18], [10, 24, 11, 23], [12, 21, 13, 22], [14, 20, 15, 19]]"
12a_1070_155,"[[14, 20, 15, 19], [16, 2, 17, 1], [18, 7, 19, 8], [20, 6, 21, 5], [22, 3, 23, 4], [24, 16, 1, 15], [2, 10, 3, 9], [4, 11, 5, 12], [6, 14, 7, 13], [8, 17, 9, 18], [10, 24, 11, 23], [12, 21, 13, 22]]"
12a_1070_156,"[[13, 22, 14, 23], [15, 21, 16, 20], [17, 3, 18, 2], [19, 8, 20, 9], [21, 7, 22, 6], [23, 4, 24, 5], [1, 17, 2, 16], [3, 11, 4, 10], [5, 12, 6, 13], [7, 15, 8, 14], [9, 18, 10, 19], [11, 1, 12, 24]]"
12a_1070_157,"[[11, 1, 12, 24], [13, 22, 14, 23], [15, 21, 16, 20], [17, 3, 18, 2], [19, 8, 20, 9], [21, 7, 22, 6], [23, 4, 24, 5], [1, 17, 2, 16], [3, 11, 4, 10], [5, 12, 6, 13], [7, 15, 8, 14], [9, 18, 10, 19]]"
12a_1070_158,"[[9, 18, 10, 19], [11, 1, 12, 24], [13, 22, 14, 23], [15, 21, 16, 20], [17, 3, 18, 2], [19, 8, 20, 9], [21, 7, 22, 6], [23, 4, 24, 5], [1, 17, 2, 16], [3, 11, 4, 10], [5, 12, 6, 13], [7, 15, 8, 14]]"
12a_1070_159,"[[7, 15, 8, 14], [9, 18, 10, 19], [11, 1, 12, 24], [13, 22, 14, 23], [15, 21, 16, 20], [17, 3, 18, 2], [19, 8, 20, 9], [21, 7, 22, 6], [23, 4, 24, 5], [1, 17, 2, 16], [3, 11, 4, 10], [5, 12, 6, 13]]"
12a_1070_160,"[[5, 12, 6, 13], [7, 15, 8, 14], [9, 18, 10, 19], [11, 1, 12, 24], [13, 22, 14, 23], [15, 21, 16, 20], [17, 3, 18, 2], [19, 8, 20, 9], [21, 7, 22, 6], [23, 4, 24, 5], [1, 17, 2, 16], [3, 11, 4, 10]]"
12a_1070_161,"[[3, 11, 4, 10], [5, 12, 6, 13], [7, 15, 8, 14], [9, 18, 10, 19], [11, 1, 12, 24], [13, 22, 14, 23], [15, 21, 16, 20], [17, 3, 18, 2], [19, 8, 20, 9], [21, 7, 22, 6], [23, 4, 24, 5], [1, 17, 2, 16]]"
12a_1070_162,"[[1, 17, 2, 16], [3, 11, 4, 10], [5, 12, 6, 13], [7, 15, 8, 14], [9, 18, 10, 19], [11, 1, 12, 24], [13, 22, 14, 23], [15, 21, 16, 20], [17, 3, 18, 2], [19, 8, 20, 9], [21, 7, 22, 6], [23, 4, 24, 5]]"
12a_1070_163,"[[23, 4, 24, 5], [1, 17, 2, 16], [3, 11, 4, 10], [5, 12, 6, 13], [7, 15, 8, 14], [9, 18, 10, 19], [11, 1, 12, 24], [13, 22, 14, 23], [15, 21, 16, 20], [17, 3, 18, 2], [19, 8, 20, 9], [21, 7, 22, 6]]"
12a_1070_164,"[[21, 7, 22, 6], [23, 4, 24, 5], [1, 17, 2, 16], [3, 11, 4, 10], [5, 12, 6, 13], [7, 15, 8, 14], [9, 18, 10, 19], [11, 1, 12, 24], [13, 22, 14, 23], [15, 21, 16, 20], [17, 3, 18, 2], [19, 8, 20, 9]]"
12a_1070_165,"[[19, 8, 20, 9], [21, 7, 22, 6], [23, 4, 24, 5], [1, 17, 2, 16], [3, 11, 4, 10], [5, 12, 6, 13], [7, 15, 8, 14], [9, 18, 10, 19], [11, 1, 12, 24], [13, 22, 14, 23], [15, 21, 16, 20], [17, 3, 18, 2]]"
12a_1070_166,"[[17, 3, 18, 2], [19, 8, 20, 9], [21, 7, 22, 6], [23, 4, 24, 5], [1, 17, 2, 16], [3, 11, 4, 10], [5, 12, 6, 13], [7, 15, 8, 14], [9, 18, 10, 19], [11, 1, 12, 24], [13, 22, 14, 23], [15, 21, 16, 20]]"
12a_1070_167,"[[15, 21, 16, 20], [17, 3, 18, 2], [19, 8, 20, 9], [21, 7, 22, 6], [23, 4, 24, 5], [1, 17, 2, 16], [3, 11, 4, 10], [5, 12, 6, 13], [7, 15, 8, 14], [9, 18, 10, 19], [11, 1, 12, 24], [13, 22, 14, 23]]"
12a_1070_168,"[[14, 23, 15, 24], [16, 22, 17, 21], [18, 4, 19, 3], [20, 9, 21, 10], [22, 8, 23, 7], [24, 5, 1, 6], [2, 18, 3, 17], [4, 12, 5, 11], [6, 13, 7, 14], [8, 16, 9, 15], [10, 19, 11, 20], [12, 2, 13, 1]]"
12a_1070_169,"[[12, 2, 13, 1], [14, 23, 15, 24], [16, 22, 17, 21], [18, 4, 19, 3], [20, 9, 21, 10], [22, 8, 23, 7], [24, 5, 1, 6], [2, 18, 3, 17], [4, 12, 5, 11], [6, 13, 7, 14], [8, 16, 9, 15], [10, 19, 11, 20]]"
12a_1070_170,"[[10, 19, 11, 20], [12, 2, 13, 1], [14, 23, 15, 24], [16, 22, 17, 21], [18, 4, 19, 3], [20, 9, 21, 10], [22, 8, 23, 7], [24, 5, 1, 6], [2, 18, 3, 17], [4, 12, 5, 11], [6, 13, 7, 14], [8, 16, 9, 15]]"
12a_1070_171,"[[8, 16, 9, 15], [10, 19, 11, 20], [12, 2, 13, 1], [14, 23, 15, 24], [16, 22, 17, 21], [18, 4, 19, 3], [20, 9, 21, 10], [22, 8, 23, 7], [24, 5, 1, 6], [2, 18, 3, 17], [4, 12, 5, 11], [6, 13, 7, 14]]"
12a_1070_172,"[[6, 13, 7, 14], [8, 16, 9, 15], [10, 19, 11, 20], [12, 2, 13, 1], [14, 23, 15, 24], [16, 22, 17, 21], [18, 4, 19, 3], [20, 9, 21, 10], [22, 8, 23, 7], [24, 5, 1, 6], [2, 18, 3, 17], [4, 12, 5, 11]]"
12a_1070_173,"[[4, 12, 5, 11], [6, 13, 7, 14], [8, 16, 9, 15], [10, 19, 11, 20], [12, 2, 13, 1], [14, 23, 15, 24], [16, 22, 17, 21], [18, 4, 19, 3], [20, 9, 21, 10], [22, 8, 23, 7], [24, 5, 1, 6], [2, 18, 3, 17]]"
12a_1070_174,"[[2, 18, 3, 17], [4, 12, 5, 11], [6, 13, 7, 14], [8, 16, 9, 15], [10, 19, 11, 20], [12, 2, 13, 1], [14, 23, 15, 24], [16, 22, 17, 21], [18, 4, 19, 3], [20, 9, 21, 10], [22, 8, 23, 7], [24, 5, 1, 6]]"
12a_1070_175,"[[24, 5, 1, 6], [2, 18, 3, 17], [4, 12, 5, 11], [6, 13, 7, 14], [8, 16, 9, 15], [10, 19, 11, 20], [12, 2, 13, 1], [14, 23, 15, 24], [16, 22, 17, 21], [18, 4, 19, 3], [20, 9, 21, 10], [22, 8, 23, 7]]"
12a_1070_176,"[[22, 8, 23, 7], [24, 5, 1, 6], [2, 18, 3, 17], [4, 12, 5, 11], [6, 13, 7, 14], [8, 16, 9, 15], [10, 19, 11, 20], [12, 2, 13, 1], [14, 23, 15, 24], [16, 22, 17, 21], [18, 4, 19, 3], [20, 9, 21, 10]]"
12a_1070_177,"[[20, 9, 21, 10], [22, 8, 23, 7], [24, 5, 1, 6], [2, 18, 3, 17], [4, 12, 5, 11], [6, 13, 7, 14], [8, 16, 9, 15], [10, 19, 11, 20], [12, 2, 13, 1], [14, 23, 15, 24], [16, 22, 17, 21], [18, 4, 19, 3]]"
12a_1070_178,"[[18, 4, 19, 3], [20, 9, 21, 10], [22, 8, 23, 7], [24, 5, 1, 6], [2, 18, 3, 17], [4, 12, 5, 11], [6, 13, 7, 14], [8, 16, 9, 15], [10, 19, 11, 20], [12, 2, 13, 1], [14, 23, 15, 24], [16, 22, 17, 21]]"
12a_1070_179,"[[16, 22, 17, 21], [18, 4, 19, 3], [20, 9, 21, 10], [22, 8, 23, 7], [24, 5, 1, 6], [2, 18, 3, 17], [4, 12, 5, 11], [6, 13, 7, 14], [8, 16, 9, 15], [10, 19, 11, 20], [12, 2, 13, 1], [14, 23, 15, 24]]"
12a_1070_180,"[[15, 24, 16, 1], [17, 23, 18, 22], [19, 5, 20, 4], [21, 10, 22, 11], [23, 9, 24, 8], [1, 6, 2, 7], [3, 19, 4, 18], [5, 13, 6, 12], [7, 14, 8, 15], [9, 17, 10, 16], [11, 20, 12, 21], [13, 3, 14, 2]]"
12a_1070_181,"[[13, 3, 14, 2], [15, 24, 16, 1], [17, 23, 18, 22], [19, 5, 20, 4], [21, 10, 22, 11], [23, 9, 24, 8], [1, 6, 2, 7], [3, 19, 4, 18], [5, 13, 6, 12], [7, 14, 8, 15], [9, 17, 10, 16], [11, 20, 12, 21]]"
12a_1070_182,"[[11, 20, 12, 21], [13, 3, 14, 2], [15, 24, 16, 1], [17, 23, 18, 22], [19, 5, 20, 4], [21, 10, 22, 11], [23, 9, 24, 8], [1, 6, 2, 7], [3, 19, 4, 18], [5, 13, 6, 12], [7, 14, 8, 15], [9, 17, 10, 16]]"
12a_1070_183,"[[9, 17, 10, 16], [11, 20, 12, 21], [13, 3, 14, 2], [15, 24, 16, 1], [17, 23, 18, 22], [19, 5, 20, 4], [21, 10, 22, 11], [23, 9, 24, 8], [1, 6, 2, 7], [3, 19, 4, 18], [5, 13, 6, 12], [7, 14, 8, 15]]"
12a_1070_184,"[[7, 14, 8, 15], [9, 17, 10, 16], [11, 20, 12, 21], [13, 3, 14, 2], [15, 24, 16, 1], [17, 23, 18, 22], [19, 5, 20, 4], [21, 10, 22, 11], [23, 9, 24, 8], [1, 6, 2, 7], [3, 19, 4, 18], [5, 13, 6, 12]]"
12a_1070_185,"[[5, 13, 6, 12], [7, 14, 8, 15], [9, 17, 10, 16], [11, 20, 12, 21], [13, 3, 14, 2], [15, 24, 16, 1], [17, 23, 18, 22], [19, 5, 20, 4], [21, 10, 22, 11], [23, 9, 24, 8], [1, 6, 2, 7], [3, 19, 4, 18]]"
