name,pd_notation
12a_0530_0,"[[24, 9, 1, 10], [2, 6, 3, 5], [4, 13, 5, 14], [6, 16, 7, 15], [8, 20, 9, 19], [10, 17, 11, 18], [12, 22, 13, 21], [14, 3, 15, 4], [16, 2, 17, 1], [18, 23, 19, 24], [20, 8, 21, 7], [22, 12, 23, 11]]"
12a_0530_1,"[[22, 12, 23, 11], [24, 9, 1, 10], [2, 6, 3, 5], [4, 13, 5, 14], [6, 16, 7, 15], [8, 20, 9, 19], [10, 17, 11, 18], [12, 22, 13, 21], [14, 3, 15, 4], [16, 2, 17, 1], [18, 23, 19, 24], [20, 8, 21, 7]]"
12a_0530_2,"[[20, 8, 21, 7], [22, 12, 23, 11], [24, 9, 1, 10], [2, 6, 3, 5], [4, 13, 5, 14], [6, 16, 7, 15], [8, 20, 9, 19], [10, 17, 11, 18], [12, 22, 13, 21], [14, 3, 15, 4], [16, 2, 17, 1], [18, 23, 19, 24]]"
12a_0530_3,"[[18, 23, 19, 24], [20, 8, 21, 7], [22, 12, 23, 11], [24, 9, 1, 10], [2, 6, 3, 5], [4, 13, 5, 14], [6, 16, 7, 15], [8, 20, 9, 19], [10, 17, 11, 18], [12, 22, 13, 21], [14, 3, 15, 4], [16, 2, 17, 1]]"
12a_0530_4,"[[16, 2, 17, 1], [18, 23, 19, 24], [20, 8, 21, 7], [22, 12, 23, 11], [24, 9, 1, 10], [2, 6, 3, 5], [4, 13, 5, 14], [6, 16, 7, 15], [8, 20, 9, 19], [10, 17, 11, 18], [12, 22, 13, 21], [14, 3, 15, 4]]"
12a_0530_5,"[[14, 3, 15, 4], [16, 2, 17, 1], [18, 23, 19, 24], [20, 8, 21, 7], [22, 12, 23, 11], [24, 9, 1, 10], [2, 6, 3, 5], [4, 13, 5, 14], [6, 16, 7, 15], [8, 20, 9, 19], [10, 17, 11, 18], [12, 22, 13, 21]]"
12a_0530_6,"[[12, 22, 13, 21], [14, 3, 15, 4], [16, 2, 17, 1], [18, 23, 19, 24], [20, 8, 21, 7], [22, 12, 23, 11], [24, 9, 1, 10], [2, 6, 3, 5], [4, 13, 5, 14], [6, 16, 7, 15], [8, 20, 9, 19], [10, 17, 11, 18]]"
12a_0530_7,"[[10, 17, 11, 18], [12, 22, 13, 21], [14, 3, 15, 4], [16, 2, 17, 1], [18, 23, 19, 24], [20, 8, 21, 7], [22, 12, 23, 11], [24, 9, 1, 10], [2, 6, 3, 5], [4, 13, 5, 14], [6, 16, 7, 15], [8, 20, 9, 19]]"
12a_0530_8,"[[8, 20, 9, 19], [10, 17, 11, 18], [12, 22, 13, 21], [14, 3, 15, 4], [16, 2, 17, 1], [18, 23, 19, 24], [20, 8, 21, 7], [22, 12, 23, 11], [24, 9, 1, 10], [2, 6, 3, 5], [4, 13, 5, 14], [6, 16, 7, 15]]"
12a_0530_9,"[[6, 16, 7, 15], [8, 20, 9, 19], [10, 17, 11, 18], [12, 22, 13, 21], [14, 3, 15, 4], [16, 2, 17, 1], [18, 23, 19, 24], [20, 8, 21, 7], [22, 12, 23, 11], [24, 9, 1, 10], [2, 6, 3, 5], [4, 13, 5, 14]]"
12a_0530_10,"[[4, 13, 5, 14], [6, 16, 7, 15], [8, 20, 9, 19], [10, 17, 11, 18], [12, 22, 13, 21], [14, 3, 15, 4], [16, 2, 17, 1], [18, 23, 19, 24], [20, 8, 21, 7], [22, 12, 23, 11], [24, 9, 1, 10], [2, 6, 3, 5]]"
12a_0530_11,"[[2, 6, 3, 5], [4, 13, 5, 14], [6, 16, 7, 15], [8, 20, 9, 19], [10, 17, 11, 18], [12, 22, 13, 21], [14, 3, 15, 4], [16, 2, 17, 1], [18, 23, 19, 24], [20, 8, 21, 7], [22, 12, 23, 11], [24, 9, 1, 10]]"
12a_0530_12,"[[1, 10, 2, 11], [3, 7, 4, 6], [5, 14, 6, 15], [7, 17, 8, 16], [9, 21, 10, 20], [11, 18, 12, 19], [13, 23, 14, 22], [15, 4, 16, 5], [17, 3, 18, 2], [19, 24, 20, 1], [21, 9, 22, 8], [23, 13, 24, 12]]"
12a_0530_13,"[[23, 13, 24, 12], [1, 10, 2, 11], [3, 7, 4, 6], [5, 14, 6, 15], [7, 17, 8, 16], [9, 21, 10, 20], [11, 18, 12, 19], [13, 23, 14, 22], [15, 4, 16, 5], [17, 3, 18, 2], [19, 24, 20, 1], [21, 9, 22, 8]]"
12a_0530_14,"[[21, 9, 22, 8], [23, 13, 24, 12], [1, 10, 2, 11], [3, 7, 4, 6], [5, 14, 6, 15], [7, 17, 8, 16], [9, 21, 10, 20], [11, 18, 12, 19], [13, 23, 14, 22], [15, 4, 16, 5], [17, 3, 18, 2], [19, 24, 20, 1]]"
12a_0530_15,"[[19, 24, 20, 1], [21, 9, 22, 8], [23, 13, 24, 12], [1, 10, 2, 11], [3, 7, 4, 6], [5, 14, 6, 15], [7, 17, 8, 16], [9, 21, 10, 20], [11, 18, 12, 19], [13, 23, 14, 22], [15, 4, 16, 5], [17, 3, 18, 2]]"
12a_0530_16,"[[17, 3, 18, 2], [19, 24, 20, 1], [21, 9, 22, 8], [23, 13, 24, 12], [1, 10, 2, 11], [3, 7, 4, 6], [5, 14, 6, 15], [7, 17, 8, 16], [9, 21, 10, 20], [11, 18, 12, 19], [13, 23, 14, 22], [15, 4, 16, 5]]"
12a_0530_17,"[[15, 4, 16, 5], [17, 3, 18, 2], [19, 24, 20, 1], [21, 9, 22, 8], [23, 13, 24, 12], [1, 10, 2, 11], [3, 7, 4, 6], [5, 14, 6, 15], [7, 17, 8, 16], [9, 21, 10, 20], [11, 18, 12, 19], [13, 23, 14, 22]]"
12a_0530_18,"[[13, 23, 14, 22], [15, 4, 16, 5], [17, 3, 18, 2], [19, 24, 20, 1], [21, 9, 22, 8], [23, 13, 24, 12], [1, 10, 2, 11], [3, 7, 4, 6], [5, 14, 6, 15], [7, 17, 8, 16], [9, 21, 10, 20], [11, 18, 12, 19]]"
12a_0530_19,"[[11, 18, 12, 19], [13, 23, 14, 22], [15, 4, 16, 5], [17, 3, 18, 2], [19, 24, 20, 1], [21, 9, 22, 8], [23, 13, 24, 12], [1, 10, 2, 11], [3, 7, 4, 6], [5, 14, 6, 15], [7, 17, 8, 16], [9, 21, 10, 20]]"
12a_0530_20,"[[9, 21, 10, 20], [11, 18, 12, 19], [13, 23, 14, 22], [15, 4, 16, 5], [17, 3, 18, 2], [19, 24, 20, 1], [21, 9, 22, 8], [23, 13, 24, 12], [1, 10, 2, 11], [3, 7, 4, 6], [5, 14, 6, 15], [7, 17, 8, 16]]"
12a_0530_21,"[[7, 17, 8, 16], [9, 21, 10, 20], [11, 18, 12, 19], [13, 23, 14, 22], [15, 4, 16, 5], [17, 3, 18, 2], [19, 24, 20, 1], [21, 9, 22, 8], [23, 13, 24, 12], [1, 10, 2, 11], [3, 7, 4, 6], [5, 14, 6, 15]]"
12a_0530_22,"[[5, 14, 6, 15], [7, 17, 8, 16], [9, 21, 10, 20], [11, 18, 12, 19], [13, 23, 14, 22], [15, 4, 16, 5], [17, 3, 18, 2], [19, 24, 20, 1], [21, 9, 22, 8], [23, 13, 24, 12], [1, 10, 2, 11], [3, 7, 4, 6]]"
12a_0530_23,"[[3, 7, 4, 6], [5, 14, 6, 15], [7, 17, 8, 16], [9, 21, 10, 20], [11, 18, 12, 19], [13, 23, 14, 22], [15, 4, 16, 5], [17, 3, 18, 2], [19, 24, 20, 1], [21, 9, 22, 8], [23, 13, 24, 12], [1, 10, 2, 11]]"
12a_0530_24,"[[2, 11, 3, 12], [4, 8, 5, 7], [6, 15, 7, 16], [8, 18, 9, 17], [10, 22, 11, 21], [12, 19, 13, 20], [14, 24, 15, 23], [16, 5, 17, 6], [18, 4, 19, 3], [20, 1, 21, 2], [22, 10, 23, 9], [24, 14, 1, 13]]"
12a_0530_25,"[[24, 14, 1, 13], [2, 11, 3, 12], [4, 8, 5, 7], [6, 15, 7, 16], [8, 18, 9, 17], [10, 22, 11, 21], [12, 19, 13, 20], [14, 24, 15, 23], [16, 5, 17, 6], [18, 4, 19, 3], [20, 1, 21, 2], [22, 10, 23, 9]]"
12a_0530_26,"[[22, 10, 23, 9], [24, 14, 1, 13], [2, 11, 3, 12], [4, 8, 5, 7], [6, 15, 7, 16], [8, 18, 9, 17], [10, 22, 11, 21], [12, 19, 13, 20], [14, 24, 15, 23], [16, 5, 17, 6], [18, 4, 19, 3], [20, 1, 21, 2]]"
12a_0530_27,"[[20, 1, 21, 2], [22, 10, 23, 9], [24, 14, 1, 13], [2, 11, 3, 12], [4, 8, 5, 7], [6, 15, 7, 16], [8, 18, 9, 17], [10, 22, 11, 21], [12, 19, 13, 20], [14, 24, 15, 23], [16, 5, 17, 6], [18, 4, 19, 3]]"
12a_0530_28,"[[18, 4, 19, 3], [20, 1, 21, 2], [22, 10, 23, 9], [24, 14, 1, 13], [2, 11, 3, 12], [4, 8, 5, 7], [6, 15, 7, 16], [8, 18, 9, 17], [10, 22, 11, 21], [12, 19, 13, 20], [14, 24, 15, 23], [16, 5, 17, 6]]"
12a_0530_29,"[[16, 5, 17, 6], [18, 4, 19, 3], [20, 1, 21, 2], [22, 10, 23, 9], [24, 14, 1, 13], [2, 11, 3, 12], [4, 8, 5, 7], [6, 15, 7, 16], [8, 18, 9, 17], [10, 22, 11, 21], [12, 19, 13, 20], [14, 24, 15, 23]]"
12a_0530_30,"[[14, 24, 15, 23], [16, 5, 17, 6], [18, 4, 19, 3], [20, 1, 21, 2], [22, 10, 23, 9], [24, 14, 1, 13], [2, 11, 3, 12], [4, 8, 5, 7], [6, 15, 7, 16], [8, 18, 9, 17], [10, 22, 11, 21], [12, 19, 13, 20]]"
12a_0530_31,"[[12, 19, 13, 20], [14, 24, 15, 23], [16, 5, 17, 6], [18, 4, 19, 3], [20, 1, 21, 2], [22, 10, 23, 9], [24, 14, 1, 13], [2, 11, 3, 12], [4, 8, 5, 7], [6, 15, 7, 16], [8, 18, 9, 17], [10, 22, 11, 21]]"
12a_0530_32,"[[10, 22, 11, 21], [12, 19, 13, 20], [14, 24, 15, 23], [16, 5, 17, 6], [18, 4, 19, 3], [20, 1, 21, 2], [22, 10, 23, 9], [24, 14, 1, 13], [2, 11, 3, 12], [4, 8, 5, 7], [6, 15, 7, 16], [8, 18, 9, 17]]"
12a_0530_33,"[[8, 18, 9, 17], [10, 22, 11, 21], [12, 19, 13, 20], [14, 24, 15, 23], [16, 5, 17, 6], [18, 4, 19, 3], [20, 1, 21, 2], [22, 10, 23, 9], [24, 14, 1, 13], [2, 11, 3, 12], [4, 8, 5, 7], [6, 15, 7, 16]]"
12a_0530_34,"[[6, 15, 7, 16], [8, 18, 9, 17], [10, 22, 11, 21], [12, 19, 13, 20], [14, 24, 15, 23], [16, 5, 17, 6], [18, 4, 19, 3], [20, 1, 21, 2], [22, 10, 23, 9], [24, 14, 1, 13], [2, 11, 3, 12], [4, 8, 5, 7]]"
12a_0530_35,"[[4, 8, 5, 7], [6, 15, 7, 16], [8, 18, 9, 17], [10, 22, 11, 21], [12, 19, 13, 20], [14, 24, 15, 23], [16, 5, 17, 6], [18, 4, 19, 3], [20, 1, 21, 2], [22, 10, 23, 9], [24, 14, 1, 13], [2, 11, 3, 12]]"
12a_0530_36,"[[3, 12, 4, 13], [5, 9, 6, 8], [7, 16, 8, 17], [9, 19, 10, 18], [11, 23, 12, 22], [13, 20, 14, 21], [15, 1, 16, 24], [17, 6, 18, 7], [19, 5, 20, 4], [21, 2, 22, 3], [23, 11, 24, 10], [1, 15, 2, 14]]"
12a_0530_37,"[[1, 15, 2, 14], [3, 12, 4, 13], [5, 9, 6, 8], [7, 16, 8, 17], [9, 19, 10, 18], [11, 23, 12, 22], [13, 20, 14, 21], [15, 1, 16, 24], [17, 6, 18, 7], [19, 5, 20, 4], [21, 2, 22, 3], [23, 11, 24, 10]]"
12a_0530_38,"[[23, 11, 24, 10], [1, 15, 2, 14], [3, 12, 4, 13], [5, 9, 6, 8], [7, 16, 8, 17], [9, 19, 10, 18], [11, 23, 12, 22], [13, 20, 14, 21], [15, 1, 16, 24], [17, 6, 18, 7], [19, 5, 20, 4], [21, 2, 22, 3]]"
12a_0530_39,"[[21, 2, 22, 3], [23, 11, 24, 10], [1, 15, 2, 14], [3, 12, 4, 13], [5, 9, 6, 8], [7, 16, 8, 17], [9, 19, 10, 18], [11, 23, 12, 22], [13, 20, 14, 21], [15, 1, 16, 24], [17, 6, 18, 7], [19, 5, 20, 4]]"
12a_0530_40,"[[19, 5, 20, 4], [21, 2, 22, 3], [23, 11, 24, 10], [1, 15, 2, 14], [3, 12, 4, 13], [5, 9, 6, 8], [7, 16, 8, 17], [9, 19, 10, 18], [11, 23, 12, 22], [13, 20, 14, 21], [15, 1, 16, 24], [17, 6, 18, 7]]"
12a_0530_41,"[[17, 6, 18, 7], [19, 5, 20, 4], [21, 2, 22, 3], [23, 11, 24, 10], [1, 15, 2, 14], [3, 12, 4, 13], [5, 9, 6, 8], [7, 16, 8, 17], [9, 19, 10, 18], [11, 23, 12, 22], [13, 20, 14, 21], [15, 1, 16, 24]]"
12a_0530_42,"[[15, 1, 16, 24], [17, 6, 18, 7], [19, 5, 20, 4], [21, 2, 22, 3], [23, 11, 24, 10], [1, 15, 2, 14], [3, 12, 4, 13], [5, 9, 6, 8], [7, 16, 8, 17], [9, 19, 10, 18], [11, 23, 12, 22], [13, 20, 14, 21]]"
12a_0530_43,"[[13, 20, 14, 21], [15, 1, 16, 24], [17, 6, 18, 7], [19, 5, 20, 4], [21, 2, 22, 3], [23, 11, 24, 10], [1, 15, 2, 14], [3, 12, 4, 13], [5, 9, 6, 8], [7, 16, 8, 17], [9, 19, 10, 18], [11, 23, 12, 22]]"
12a_0530_44,"[[11, 23, 12, 22], [13, 20, 14, 21], [15, 1, 16, 24], [17, 6, 18, 7], [19, 5, 20, 4], [21, 2, 22, 3], [23, 11, 24, 10], [1, 15, 2, 14], [3, 12, 4, 13], [5, 9, 6, 8], [7, 16, 8, 17], [9, 19, 10, 18]]"
12a_0530_45,"[[9, 19, 10, 18], [11, 23, 12, 22], [13, 20, 14, 21], [15, 1, 16, 24], [17, 6, 18, 7], [19, 5, 20, 4], [21, 2, 22, 3], [23, 11, 24, 10], [1, 15, 2, 14], [3, 12, 4, 13], [5, 9, 6, 8], [7, 16, 8, 17]]"
12a_0530_46,"[[7, 16, 8, 17], [9, 19, 10, 18], [11, 23, 12, 22], [13, 20, 14, 21], [15, 1, 16, 24], [17, 6, 18, 7], [19, 5, 20, 4], [21, 2, 22, 3], [23, 11, 24, 10], [1, 15, 2, 14], [3, 12, 4, 13], [5, 9, 6, 8]]"
12a_0530_47,"[[5, 9, 6, 8], [7, 16, 8, 17], [9, 19, 10, 18], [11, 23, 12, 22], [13, 20, 14, 21], [15, 1, 16, 24], [17, 6, 18, 7], [19, 5, 20, 4], [21, 2, 22, 3], [23, 11, 24, 10], [1, 15, 2, 14], [3, 12, 4, 13]]"
12a_0530_48,"[[4, 13, 5, 14], [6, 10, 7, 9], [8, 17, 9, 18], [10, 20, 11, 19], [12, 24, 13, 23], [14, 21, 15, 22], [16, 2, 17, 1], [18, 7, 19, 8], [20, 6, 21, 5], [22, 3, 23, 4], [24, 12, 1, 11], [2, 16, 3, 15]]"
12a_0530_49,"[[2, 16, 3, 15], [4, 13, 5, 14], [6, 10, 7, 9], [8, 17, 9, 18], [10, 20, 11, 19], [12, 24, 13, 23], [14, 21, 15, 22], [16, 2, 17, 1], [18, 7, 19, 8], [20, 6, 21, 5], [22, 3, 23, 4], [24, 12, 1, 11]]"
12a_0530_50,"[[24, 12, 1, 11], [2, 16, 3, 15], [4, 13, 5, 14], [6, 10, 7, 9], [8, 17, 9, 18], [10, 20, 11, 19], [12, 24, 13, 23], [14, 21, 15, 22], [16, 2, 17, 1], [18, 7, 19, 8], [20, 6, 21, 5], [22, 3, 23, 4]]"
12a_0530_51,"[[22, 3, 23, 4], [24, 12, 1, 11], [2, 16, 3, 15], [4, 13, 5, 14], [6, 10, 7, 9], [8, 17, 9, 18], [10, 20, 11, 19], [12, 24, 13, 23], [14, 21, 15, 22], [16, 2, 17, 1], [18, 7, 19, 8], [20, 6, 21, 5]]"
12a_0530_52,"[[20, 6, 21, 5], [22, 3, 23, 4], [24, 12, 1, 11], [2, 16, 3, 15], [4, 13, 5, 14], [6, 10, 7, 9], [8, 17, 9, 18], [10, 20, 11, 19], [12, 24, 13, 23], [14, 21, 15, 22], [16, 2, 17, 1], [18, 7, 19, 8]]"
12a_0530_53,"[[18, 7, 19, 8], [20, 6, 21, 5], [22, 3, 23, 4], [24, 12, 1, 11], [2, 16, 3, 15], [4, 13, 5, 14], [6, 10, 7, 9], [8, 17, 9, 18], [10, 20, 11, 19], [12, 24, 13, 23], [14, 21, 15, 22], [16, 2, 17, 1]]"
12a_0530_54,"[[16, 2, 17, 1], [18, 7, 19, 8], [20, 6, 21, 5], [22, 3, 23, 4], [24, 12, 1, 11], [2, 16, 3, 15], [4, 13, 5, 14], [6, 10, 7, 9], [8, 17, 9, 18], [10, 20, 11, 19], [12, 24, 13, 23], [14, 21, 15, 22]]"
12a_0530_55,"[[14, 21, 15, 22], [16, 2, 17, 1], [18, 7, 19, 8], [20, 6, 21, 5], [22, 3, 23, 4], [24, 12, 1, 11], [2, 16, 3, 15], [4, 13, 5, 14], [6, 10, 7, 9], [8, 17, 9, 18], [10, 20, 11, 19], [12, 24, 13, 23]]"
12a_0530_56,"[[12, 24, 13, 23], [14, 21, 15, 22], [16, 2, 17, 1], [18, 7, 19, 8], [20, 6, 21, 5], [22, 3, 23, 4], [24, 12, 1, 11], [2, 16, 3, 15], [4, 13, 5, 14], [6, 10, 7, 9], [8, 17, 9, 18], [10, 20, 11, 19]]"
12a_0530_57,"[[10, 20, 11, 19], [12, 24, 13, 23], [14, 21, 15, 22], [16, 2, 17, 1], [18, 7, 19, 8], [20, 6, 21, 5], [22, 3, 23, 4], [24, 12, 1, 11], [2, 16, 3, 15], [4, 13, 5, 14], [6, 10, 7, 9], [8, 17, 9, 18]]"
12a_0530_58,"[[8, 17, 9, 18], [10, 20, 11, 19], [12, 24, 13, 23], [14, 21, 15, 22], [16, 2, 17, 1], [18, 7, 19, 8], [20, 6, 21, 5], [22, 3, 23, 4], [24, 12, 1, 11], [2, 16, 3, 15], [4, 13, 5, 14], [6, 10, 7, 9]]"
12a_0530_59,"[[6, 10, 7, 9], [8, 17, 9, 18], [10, 20, 11, 19], [12, 24, 13, 23], [14, 21, 15, 22], [16, 2, 17, 1], [18, 7, 19, 8], [20, 6, 21, 5], [22, 3, 23, 4], [24, 12, 1, 11], [2, 16, 3, 15], [4, 13, 5, 14]]"
12a_0530_60,"[[5, 14, 6, 15], [7, 11, 8, 10], [9, 18, 10, 19], [11, 21, 12, 20], [13, 1, 14, 24], [15, 22, 16, 23], [17, 3, 18, 2], [19, 8, 20, 9], [21, 7, 22, 6], [23, 4, 24, 5], [1, 13, 2, 12], [3, 17, 4, 16]]"
12a_0530_61,"[[3, 17, 4, 16], [5, 14, 6, 15], [7, 11, 8, 10], [9, 18, 10, 19], [11, 21, 12, 20], [13, 1, 14, 24], [15, 22, 16, 23], [17, 3, 18, 2], [19, 8, 20, 9], [21, 7, 22, 6], [23, 4, 24, 5], [1, 13, 2, 12]]"
12a_0530_62,"[[1, 13, 2, 12], [3, 17, 4, 16], [5, 14, 6, 15], [7, 11, 8, 10], [9, 18, 10, 19], [11, 21, 12, 20], [13, 1, 14, 24], [15, 22, 16, 23], [17, 3, 18, 2], [19, 8, 20, 9], [21, 7, 22, 6], [23, 4, 24, 5]]"
12a_0530_63,"[[23, 4, 24, 5], [1, 13, 2, 12], [3, 17, 4, 16], [5, 14, 6, 15], [7, 11, 8, 10], [9, 18, 10, 19], [11, 21, 12, 20], [13, 1, 14, 24], [15, 22, 16, 23], [17, 3, 18, 2], [19, 8, 20, 9], [21, 7, 22, 6]]"
12a_0530_64,"[[21, 7, 22, 6], [23, 4, 24, 5], [1, 13, 2, 12], [3, 17, 4, 16], [5, 14, 6, 15], [7, 11, 8, 10], [9, 18, 10, 19], [11, 21, 12, 20], [13, 1, 14, 24], [15, 22, 16, 23], [17, 3, 18, 2], [19, 8, 20, 9]]"
12a_0530_65,"[[19, 8, 20, 9], [21, 7, 22, 6], [23, 4, 24, 5], [1, 13, 2, 12], [3, 17, 4, 16], [5, 14, 6, 15], [7, 11, 8, 10], [9, 18, 10, 19], [11, 21, 12, 20], [13, 1, 14, 24], [15, 22, 16, 23], [17, 3, 18, 2]]"
12a_0530_66,"[[17, 3, 18, 2], [19, 8, 20, 9], [21, 7, 22, 6], [23, 4, 24, 5], [1, 13, 2, 12], [3, 17, 4, 16], [5, 14, 6, 15], [7, 11, 8, 10], [9, 18, 10, 19], [11, 21, 12, 20], [13, 1, 14, 24], [15, 22, 16, 23]]"
12a_0530_67,"[[15, 22, 16, 23], [17, 3, 18, 2], [19, 8, 20, 9], [21, 7, 22, 6], [23, 4, 24, 5], [1, 13, 2, 12], [3, 17, 4, 16], [5, 14, 6, 15], [7, 11, 8, 10], [9, 18, 10, 19], [11, 21, 12, 20], [13, 1, 14, 24]]"
12a_0530_68,"[[13, 1, 14, 24], [15, 22, 16, 23], [17, 3, 18, 2], [19, 8, 20, 9], [21, 7, 22, 6], [23, 4, 24, 5], [1, 13, 2, 12], [3, 17, 4, 16], [5, 14, 6, 15], [7, 11, 8, 10], [9, 18, 10, 19], [11, 21, 12, 20]]"
12a_0530_69,"[[11, 21, 12, 20], [13, 1, 14, 24], [15, 22, 16, 23], [17, 3, 18, 2], [19, 8, 20, 9], [21, 7, 22, 6], [23, 4, 24, 5], [1, 13, 2, 12], [3, 17, 4, 16], [5, 14, 6, 15], [7, 11, 8, 10], [9, 18, 10, 19]]"
12a_0530_70,"[[9, 18, 10, 19], [11, 21, 12, 20], [13, 1, 14, 24], [15, 22, 16, 23], [17, 3, 18, 2], [19, 8, 20, 9], [21, 7, 22, 6], [23, 4, 24, 5], [1, 13, 2, 12], [3, 17, 4, 16], [5, 14, 6, 15], [7, 11, 8, 10]]"
12a_0530_71,"[[7, 11, 8, 10], [9, 18, 10, 19], [11, 21, 12, 20], [13, 1, 14, 24], [15, 22, 16, 23], [17, 3, 18, 2], [19, 8, 20, 9], [21, 7, 22, 6], [23, 4, 24, 5], [1, 13, 2, 12], [3, 17, 4, 16], [5, 14, 6, 15]]"
12a_0530_72,"[[6, 15, 7, 16], [8, 12, 9, 11], [10, 19, 11, 20], [12, 22, 13, 21], [14, 2, 15, 1], [16, 23, 17, 24], [18, 4, 19, 3], [20, 9, 21, 10], [22, 8, 23, 7], [24, 5, 1, 6], [2, 14, 3, 13], [4, 18, 5, 17]]"
12a_0530_73,"[[4, 18, 5, 17], [6, 15, 7, 16], [8, 12, 9, 11], [10, 19, 11, 20], [12, 22, 13, 21], [14, 2, 15, 1], [16, 23, 17, 24], [18, 4, 19, 3], [20, 9, 21, 10], [22, 8, 23, 7], [24, 5, 1, 6], [2, 14, 3, 13]]"
12a_0530_74,"[[2, 14, 3, 13], [4, 18, 5, 17], [6, 15, 7, 16], [8, 12, 9, 11], [10, 19, 11, 20], [12, 22, 13, 21], [14, 2, 15, 1], [16, 23, 17, 24], [18, 4, 19, 3], [20, 9, 21, 10], [22, 8, 23, 7], [24, 5, 1, 6]]"
12a_0530_75,"[[24, 5, 1, 6], [2, 14, 3, 13], [4, 18, 5, 17], [6, 15, 7, 16], [8, 12, 9, 11], [10, 19, 11, 20], [12, 22, 13, 21], [14, 2, 15, 1], [16, 23, 17, 24], [18, 4, 19, 3], [20, 9, 21, 10], [22, 8, 23, 7]]"
12a_0530_76,"[[22, 8, 23, 7], [24, 5, 1, 6], [2, 14, 3, 13], [4, 18, 5, 17], [6, 15, 7, 16], [8, 12, 9, 11], [10, 19, 11, 20], [12, 22, 13, 21], [14, 2, 15, 1], [16, 23, 17, 24], [18, 4, 19, 3], [20, 9, 21, 10]]"
12a_0530_77,"[[20, 9, 21, 10], [22, 8, 23, 7], [24, 5, 1, 6], [2, 14, 3, 13], [4, 18, 5, 17], [6, 15, 7, 16], [8, 12, 9, 11], [10, 19, 11, 20], [12, 22, 13, 21], [14, 2, 15, 1], [16, 23, 17, 24], [18, 4, 19, 3]]"
12a_0530_78,"[[18, 4, 19, 3], [20, 9, 21, 10], [22, 8, 23, 7], [24, 5, 1, 6], [2, 14, 3, 13], [4, 18, 5, 17], [6, 15, 7, 16], [8, 12, 9, 11], [10, 19, 11, 20], [12, 22, 13, 21], [14, 2, 15, 1], [16, 23, 17, 24]]"
12a_0530_79,"[[16, 23, 17, 24], [18, 4, 19, 3], [20, 9, 21, 10], [22, 8, 23, 7], [24, 5, 1, 6], [2, 14, 3, 13], [4, 18, 5, 17], [6, 15, 7, 16], [8, 12, 9, 11], [10, 19, 11, 20], [12, 22, 13, 21], [14, 2, 15, 1]]"
12a_0530_80,"[[14, 2, 15, 1], [16, 23, 17, 24], [18, 4, 19, 3], [20, 9, 21, 10], [22, 8, 23, 7], [24, 5, 1, 6], [2, 14, 3, 13], [4, 18, 5, 17], [6, 15, 7, 16], [8, 12, 9, 11], [10, 19, 11, 20], [12, 22, 13, 21]]"
12a_0530_81,"[[12, 22, 13, 21], [14, 2, 15, 1], [16, 23, 17, 24], [18, 4, 19, 3], [20, 9, 21, 10], [22, 8, 23, 7], [24, 5, 1, 6], [2, 14, 3, 13], [4, 18, 5, 17], [6, 15, 7, 16], [8, 12, 9, 11], [10, 19, 11, 20]]"
12a_0530_82,"[[10, 19, 11, 20], [12, 22, 13, 21], [14, 2, 15, 1], [16, 23, 17, 24], [18, 4, 19, 3], [20, 9, 21, 10], [22, 8, 23, 7], [24, 5, 1, 6], [2, 14, 3, 13], [4, 18, 5, 17], [6, 15, 7, 16], [8, 12, 9, 11]]"
12a_0530_83,"[[8, 12, 9, 11], [10, 19, 11, 20], [12, 22, 13, 21], [14, 2, 15, 1], [16, 23, 17, 24], [18, 4, 19, 3], [20, 9, 21, 10], [22, 8, 23, 7], [24, 5, 1, 6], [2, 14, 3, 13], [4, 18, 5, 17], [6, 15, 7, 16]]"
12a_0530_84,"[[7, 16, 8, 17], [9, 13, 10, 12], [11, 20, 12, 21], [13, 23, 14, 22], [15, 3, 16, 2], [17, 24, 18, 1], [19, 5, 20, 4], [21, 10, 22, 11], [23, 9, 24, 8], [1, 6, 2, 7], [3, 15, 4, 14], [5, 19, 6, 18]]"
12a_0530_85,"[[5, 19, 6, 18], [7, 16, 8, 17], [9, 13, 10, 12], [11, 20, 12, 21], [13, 23, 14, 22], [15, 3, 16, 2], [17, 24, 18, 1], [19, 5, 20, 4], [21, 10, 22, 11], [23, 9, 24, 8], [1, 6, 2, 7], [3, 15, 4, 14]]"
12a_0530_86,"[[3, 15, 4, 14], [5, 19, 6, 18], [7, 16, 8, 17], [9, 13, 10, 12], [11, 20, 12, 21], [13, 23, 14, 22], [15, 3, 16, 2], [17, 24, 18, 1], [19, 5, 20, 4], [21, 10, 22, 11], [23, 9, 24, 8], [1, 6, 2, 7]]"
12a_0530_87,"[[1, 6, 2, 7], [3, 15, 4, 14], [5, 19, 6, 18], [7, 16, 8, 17], [9, 13, 10, 12], [11, 20, 12, 21], [13, 23, 14, 22], [15, 3, 16, 2], [17, 24, 18, 1], [19, 5, 20, 4], [21, 10, 22, 11], [23, 9, 24, 8]]"
12a_0530_88,"[[23, 9, 24, 8], [1, 6, 2, 7], [3, 15, 4, 14], [5, 19, 6, 18], [7, 16, 8, 17], [9, 13, 10, 12], [11, 20, 12, 21], [13, 23, 14, 22], [15, 3, 16, 2], [17, 24, 18, 1], [19, 5, 20, 4], [21, 10, 22, 11]]"
12a_0530_89,"[[21, 10, 22, 11], [23, 9, 24, 8], [1, 6, 2, 7], [3, 15, 4, 14], [5, 19, 6, 18], [7, 16, 8, 17], [9, 13, 10, 12], [11, 20, 12, 21], [13, 23, 14, 22], [15, 3, 16, 2], [17, 24, 18, 1], [19, 5, 20, 4]]"
12a_0530_90,"[[19, 5, 20, 4], [21, 10, 22, 11], [23, 9, 24, 8], [1, 6, 2, 7], [3, 15, 4, 14], [5, 19, 6, 18], [7, 16, 8, 17], [9, 13, 10, 12], [11, 20, 12, 21], [13, 23, 14, 22], [15, 3, 16, 2], [17, 24, 18, 1]]"
12a_0530_91,"[[17, 24, 18, 1], [19, 5, 20, 4], [21, 10, 22, 11], [23, 9, 24, 8], [1, 6, 2, 7], [3, 15, 4, 14], [5, 19, 6, 18], [7, 16, 8, 17], [9, 13, 10, 12], [11, 20, 12, 21], [13, 23, 14, 22], [15, 3, 16, 2]]"
12a_0530_92,"[[15, 3, 16, 2], [17, 24, 18, 1], [19, 5, 20, 4], [21, 10, 22, 11], [23, 9, 24, 8], [1, 6, 2, 7], [3, 15, 4, 14], [5, 19, 6, 18], [7, 16, 8, 17], [9, 13, 10, 12], [11, 20, 12, 21], [13, 23, 14, 22]]"
12a_0530_93,"[[13, 23, 14, 22], [15, 3, 16, 2], [17, 24, 18, 1], [19, 5, 20, 4], [21, 10, 22, 11], [23, 9, 24, 8], [1, 6, 2, 7], [3, 15, 4, 14], [5, 19, 6, 18], [7, 16, 8, 17], [9, 13, 10, 12], [11, 20, 12, 21]]"
12a_0530_94,"[[11, 20, 12, 21], [13, 23, 14, 22], [15, 3, 16, 2], [17, 24, 18, 1], [19, 5, 20, 4], [21, 10, 22, 11], [23, 9, 24, 8], [1, 6, 2, 7], [3, 15, 4, 14], [5, 19, 6, 18], [7, 16, 8, 17], [9, 13, 10, 12]]"
12a_0530_95,"[[9, 13, 10, 12], [11, 20, 12, 21], [13, 23, 14, 22], [15, 3, 16, 2], [17, 24, 18, 1], [19, 5, 20, 4], [21, 10, 22, 11], [23, 9, 24, 8], [1, 6, 2, 7], [3, 15, 4, 14], [5, 19, 6, 18], [7, 16, 8, 17]]"
12a_0530_96,"[[8, 17, 9, 18], [10, 14, 11, 13], [12, 21, 13, 22], [14, 24, 15, 23], [16, 4, 17, 3], [18, 1, 19, 2], [20, 6, 21, 5], [22, 11, 23, 12], [24, 10, 1, 9], [2, 7, 3, 8], [4, 16, 5, 15], [6, 20, 7, 19]]"
12a_0530_97,"[[6, 20, 7, 19], [8, 17, 9, 18], [10, 14, 11, 13], [12, 21, 13, 22], [14, 24, 15, 23], [16, 4, 17, 3], [18, 1, 19, 2], [20, 6, 21, 5], [22, 11, 23, 12], [24, 10, 1, 9], [2, 7, 3, 8], [4, 16, 5, 15]]"
12a_0530_98,"[[4, 16, 5, 15], [6, 20, 7, 19], [8, 17, 9, 18], [10, 14, 11, 13], [12, 21, 13, 22], [14, 24, 15, 23], [16, 4, 17, 3], [18, 1, 19, 2], [20, 6, 21, 5], [22, 11, 23, 12], [24, 10, 1, 9], [2, 7, 3, 8]]"
12a_0530_99,"[[2, 7, 3, 8], [4, 16, 5, 15], [6, 20, 7, 19], [8, 17, 9, 18], [10, 14, 11, 13], [12, 21, 13, 22], [14, 24, 15, 23], [16, 4, 17, 3], [18, 1, 19, 2], [20, 6, 21, 5], [22, 11, 23, 12], [24, 10, 1, 9]]"
12a_0530_100,"[[24, 10, 1, 9], [2, 7, 3, 8], [4, 16, 5, 15], [6, 20, 7, 19], [8, 17, 9, 18], [10, 14, 11, 13], [12, 21, 13, 22], [14, 24, 15, 23], [16, 4, 17, 3], [18, 1, 19, 2], [20, 6, 21, 5], [22, 11, 23, 12]]"
12a_0530_101,"[[22, 11, 23, 12], [24, 10, 1, 9], [2, 7, 3, 8], [4, 16, 5, 15], [6, 20, 7, 19], [8, 17, 9, 18], [10, 14, 11, 13], [12, 21, 13, 22], [14, 24, 15, 23], [16, 4, 17, 3], [18, 1, 19, 2], [20, 6, 21, 5]]"
12a_0530_102,"[[20, 6, 21, 5], [22, 11, 23, 12], [24, 10, 1, 9], [2, 7, 3, 8], [4, 16, 5, 15], [6, 20, 7, 19], [8, 17, 9, 18], [10, 14, 11, 13], [12, 21, 13, 22], [14, 24, 15, 23], [16, 4, 17, 3], [18, 1, 19, 2]]"
12a_0530_103,"[[18, 1, 19, 2], [20, 6, 21, 5], [22, 11, 23, 12], [24, 10, 1, 9], [2, 7, 3, 8], [4, 16, 5, 15], [6, 20, 7, 19], [8, 17, 9, 18], [10, 14, 11, 13], [12, 21, 13, 22], [14, 24, 15, 23], [16, 4, 17, 3]]"
12a_0530_104,"[[16, 4, 17, 3], [18, 1, 19, 2], [20, 6, 21, 5], [22, 11, 23, 12], [24, 10, 1, 9], [2, 7, 3, 8], [4, 16, 5, 15], [6, 20, 7, 19], [8, 17, 9, 18], [10, 14, 11, 13], [12, 21, 13, 22], [14, 24, 15, 23]]"
12a_0530_105,"[[14, 24, 15, 23], [16, 4, 17, 3], [18, 1, 19, 2], [20, 6, 21, 5], [22, 11, 23, 12], [24, 10, 1, 9], [2, 7, 3, 8], [4, 16, 5, 15], [6, 20, 7, 19], [8, 17, 9, 18], [10, 14, 11, 13], [12, 21, 13, 22]]"
12a_0530_106,"[[12, 21, 13, 22], [14, 24, 15, 23], [16, 4, 17, 3], [18, 1, 19, 2], [20, 6, 21, 5], [22, 11, 23, 12], [24, 10, 1, 9], [2, 7, 3, 8], [4, 16, 5, 15], [6, 20, 7, 19], [8, 17, 9, 18], [10, 14, 11, 13]]"
12a_0530_107,"[[10, 14, 11, 13], [12, 21, 13, 22], [14, 24, 15, 23], [16, 4, 17, 3], [18, 1, 19, 2], [20, 6, 21, 5], [22, 11, 23, 12], [24, 10, 1, 9], [2, 7, 3, 8], [4, 16, 5, 15], [6, 20, 7, 19], [8, 17, 9, 18]]"
12a_0530_108,"[[9, 18, 10, 19], [11, 15, 12, 14], [13, 22, 14, 23], [15, 1, 16, 24], [17, 5, 18, 4], [19, 2, 20, 3], [21, 7, 22, 6], [23, 12, 24, 13], [1, 11, 2, 10], [3, 8, 4, 9], [5, 17, 6, 16], [7, 21, 8, 20]]"
12a_0530_109,"[[7, 21, 8, 20], [9, 18, 10, 19], [11, 15, 12, 14], [13, 22, 14, 23], [15, 1, 16, 24], [17, 5, 18, 4], [19, 2, 20, 3], [21, 7, 22, 6], [23, 12, 24, 13], [1, 11, 2, 10], [3, 8, 4, 9], [5, 17, 6, 16]]"
12a_0530_110,"[[5, 17, 6, 16], [7, 21, 8, 20], [9, 18, 10, 19], [11, 15, 12, 14], [13, 22, 14, 23], [15, 1, 16, 24], [17, 5, 18, 4], [19, 2, 20, 3], [21, 7, 22, 6], [23, 12, 24, 13], [1, 11, 2, 10], [3, 8, 4, 9]]"
12a_0530_111,"[[3, 8, 4, 9], [5, 17, 6, 16], [7, 21, 8, 20], [9, 18, 10, 19], [11, 15, 12, 14], [13, 22, 14, 23], [15, 1, 16, 24], [17, 5, 18, 4], [19, 2, 20, 3], [21, 7, 22, 6], [23, 12, 24, 13], [1, 11, 2, 10]]"
12a_0530_112,"[[1, 11, 2, 10], [3, 8, 4, 9], [5, 17, 6, 16], [7, 21, 8, 20], [9, 18, 10, 19], [11, 15, 12, 14], [13, 22, 14, 23], [15, 1, 16, 24], [17, 5, 18, 4], [19, 2, 20, 3], [21, 7, 22, 6], [23, 12, 24, 13]]"
12a_0530_113,"[[23, 12, 24, 13], [1, 11, 2, 10], [3, 8, 4, 9], [5, 17, 6, 16], [7, 21, 8, 20], [9, 18, 10, 19], [11, 15, 12, 14], [13, 22, 14, 23], [15, 1, 16, 24], [17, 5, 18, 4], [19, 2, 20, 3], [21, 7, 22, 6]]"
12a_0530_114,"[[21, 7, 22, 6], [23, 12, 24, 13], [1, 11, 2, 10], [3, 8, 4, 9], [5, 17, 6, 16], [7, 21, 8, 20], [9, 18, 10, 19], [11, 15, 12, 14], [13, 22, 14, 23], [15, 1, 16, 24], [17, 5, 18, 4], [19, 2, 20, 3]]"
12a_0530_115,"[[19, 2, 20, 3], [21, 7, 22, 6], [23, 12, 24, 13], [1, 11, 2, 10], [3, 8, 4, 9], [5, 17, 6, 16], [7, 21, 8, 20], [9, 18, 10, 19], [11, 15, 12, 14], [13, 22, 14, 23], [15, 1, 16, 24], [17, 5, 18, 4]]"
12a_0530_116,"[[17, 5, 18, 4], [19, 2, 20, 3], [21, 7, 22, 6], [23, 12, 24, 13], [1, 11, 2, 10], [3, 8, 4, 9], [5, 17, 6, 16], [7, 21, 8, 20], [9, 18, 10, 19], [11, 15, 12, 14], [13, 22, 14, 23], [15, 1, 16, 24]]"
12a_0530_117,"[[15, 1, 16, 24], [17, 5, 18, 4], [19, 2, 20, 3], [21, 7, 22, 6], [23, 12, 24, 13], [1, 11, 2, 10], [3, 8, 4, 9], [5, 17, 6, 16], [7, 21, 8, 20], [9, 18, 10, 19], [11, 15, 12, 14], [13, 22, 14, 23]]"
12a_0530_118,"[[13, 22, 14, 23], [15, 1, 16, 24], [17, 5, 18, 4], [19, 2, 20, 3], [21, 7, 22, 6], [23, 12, 24, 13], [1, 11, 2, 10], [3, 8, 4, 9], [5, 17, 6, 16], [7, 21, 8, 20], [9, 18, 10, 19], [11, 15, 12, 14]]"
12a_0530_119,"[[11, 15, 12, 14], [13, 22, 14, 23], [15, 1, 16, 24], [17, 5, 18, 4], [19, 2, 20, 3], [21, 7, 22, 6], [23, 12, 24, 13], [1, 11, 2, 10], [3, 8, 4, 9], [5, 17, 6, 16], [7, 21, 8, 20], [9, 18, 10, 19]]"
12a_0530_120,"[[10, 19, 11, 20], [12, 16, 13, 15], [14, 23, 15, 24], [16, 2, 17, 1], [18, 6, 19, 5], [20, 3, 21, 4], [22, 8, 23, 7], [24, 13, 1, 14], [2, 12, 3, 11], [4, 9, 5, 10], [6, 18, 7, 17], [8, 22, 9, 21]]"
12a_0530_121,"[[8, 22, 9, 21], [10, 19, 11, 20], [12, 16, 13, 15], [14, 23, 15, 24], [16, 2, 17, 1], [18, 6, 19, 5], [20, 3, 21, 4], [22, 8, 23, 7], [24, 13, 1, 14], [2, 12, 3, 11], [4, 9, 5, 10], [6, 18, 7, 17]]"
12a_0530_122,"[[6, 18, 7, 17], [8, 22, 9, 21], [10, 19, 11, 20], [12, 16, 13, 15], [14, 23, 15, 24], [16, 2, 17, 1], [18, 6, 19, 5], [20, 3, 21, 4], [22, 8, 23, 7], [24, 13, 1, 14], [2, 12, 3, 11], [4, 9, 5, 10]]"
12a_0530_123,"[[4, 9, 5, 10], [6, 18, 7, 17], [8, 22, 9, 21], [10, 19, 11, 20], [12, 16, 13, 15], [14, 23, 15, 24], [16, 2, 17, 1], [18, 6, 19, 5], [20, 3, 21, 4], [22, 8, 23, 7], [24, 13, 1, 14], [2, 12, 3, 11]]"
12a_0530_124,"[[2, 12, 3, 11], [4, 9, 5, 10], [6, 18, 7, 17], [8, 22, 9, 21], [10, 19, 11, 20], [12, 16, 13, 15], [14, 23, 15, 24], [16, 2, 17, 1], [18, 6, 19, 5], [20, 3, 21, 4], [22, 8, 23, 7], [24, 13, 1, 14]]"
12a_0530_125,"[[24, 13, 1, 14], [2, 12, 3, 11], [4, 9, 5, 10], [6, 18, 7, 17], [8, 22, 9, 21], [10, 19, 11, 20], [12, 16, 13, 15], [14, 23, 15, 24], [16, 2, 17, 1], [18, 6, 19, 5], [20, 3, 21, 4], [22, 8, 23, 7]]"
12a_0530_126,"[[22, 8, 23, 7], [24, 13, 1, 14], [2, 12, 3, 11], [4, 9, 5, 10], [6, 18, 7, 17], [8, 22, 9, 21], [10, 19, 11, 20], [12, 16, 13, 15], [14, 23, 15, 24], [16, 2, 17, 1], [18, 6, 19, 5], [20, 3, 21, 4]]"
12a_0530_127,"[[20, 3, 21, 4], [22, 8, 23, 7], [24, 13, 1, 14], [2, 12, 3, 11], [4, 9, 5, 10], [6, 18, 7, 17], [8, 22, 9, 21], [10, 19, 11, 20], [12, 16, 13, 15], [14, 23, 15, 24], [16, 2, 17, 1], [18, 6, 19, 5]]"
12a_0530_128,"[[18, 6, 19, 5], [20, 3, 21, 4], [22, 8, 23, 7], [24, 13, 1, 14], [2, 12, 3, 11], [4, 9, 5, 10], [6, 18, 7, 17], [8, 22, 9, 21], [10, 19, 11, 20], [12, 16, 13, 15], [14, 23, 15, 24], [16, 2, 17, 1]]"
12a_0530_129,"[[16, 2, 17, 1], [18, 6, 19, 5], [20, 3, 21, 4], [22, 8, 23, 7], [24, 13, 1, 14], [2, 12, 3, 11], [4, 9, 5, 10], [6, 18, 7, 17], [8, 22, 9, 21], [10, 19, 11, 20], [12, 16, 13, 15], [14, 23, 15, 24]]"
12a_0530_130,"[[14, 23, 15, 24], [16, 2, 17, 1], [18, 6, 19, 5], [20, 3, 21, 4], [22, 8, 23, 7], [24, 13, 1, 14], [2, 12, 3, 11], [4, 9, 5, 10], [6, 18, 7, 17], [8, 22, 9, 21], [10, 19, 11, 20], [12, 16, 13, 15]]"
12a_0530_131,"[[12, 16, 13, 15], [14, 23, 15, 24], [16, 2, 17, 1], [18, 6, 19, 5], [20, 3, 21, 4], [22, 8, 23, 7], [24, 13, 1, 14], [2, 12, 3, 11], [4, 9, 5, 10], [6, 18, 7, 17], [8, 22, 9, 21], [10, 19, 11, 20]]"
12a_0530_132,"[[11, 20, 12, 21], [13, 17, 14, 16], [15, 24, 16, 1], [17, 3, 18, 2], [19, 7, 20, 6], [21, 4, 22, 5], [23, 9, 24, 8], [1, 14, 2, 15], [3, 13, 4, 12], [5, 10, 6, 11], [7, 19, 8, 18], [9, 23, 10, 22]]"
12a_0530_133,"[[9, 23, 10, 22], [11, 20, 12, 21], [13, 17, 14, 16], [15, 24, 16, 1], [17, 3, 18, 2], [19, 7, 20, 6], [21, 4, 22, 5], [23, 9, 24, 8], [1, 14, 2, 15], [3, 13, 4, 12], [5, 10, 6, 11], [7, 19, 8, 18]]"
12a_0530_134,"[[7, 19, 8, 18], [9, 23, 10, 22], [11, 20, 12, 21], [13, 17, 14, 16], [15, 24, 16, 1], [17, 3, 18, 2], [19, 7, 20, 6], [21, 4, 22, 5], [23, 9, 24, 8], [1, 14, 2, 15], [3, 13, 4, 12], [5, 10, 6, 11]]"
12a_0530_135,"[[5, 10, 6, 11], [7, 19, 8, 18], [9, 23, 10, 22], [11, 20, 12, 21], [13, 17, 14, 16], [15, 24, 16, 1], [17, 3, 18, 2], [19, 7, 20, 6], [21, 4, 22, 5], [23, 9, 24, 8], [1, 14, 2, 15], [3, 13, 4, 12]]"
12a_0530_136,"[[3, 13, 4, 12], [5, 10, 6, 11], [7, 19, 8, 18], [9, 23, 10, 22], [11, 20, 12, 21], [13, 17, 14, 16], [15, 24, 16, 1], [17, 3, 18, 2], [19, 7, 20, 6], [21, 4, 22, 5], [23, 9, 24, 8], [1, 14, 2, 15]]"
12a_0530_137,"[[1, 14, 2, 15], [3, 13, 4, 12], [5, 10, 6, 11], [7, 19, 8, 18], [9, 23, 10, 22], [11, 20, 12, 21], [13, 17, 14, 16], [15, 24, 16, 1], [17, 3, 18, 2], [19, 7, 20, 6], [21, 4, 22, 5], [23, 9, 24, 8]]"
12a_0530_138,"[[23, 9, 24, 8], [1, 14, 2, 15], [3, 13, 4, 12], [5, 10, 6, 11], [7, 19, 8, 18], [9, 23, 10, 22], [11, 20, 12, 21], [13, 17, 14, 16], [15, 24, 16, 1], [17, 3, 18, 2], [19, 7, 20, 6], [21, 4, 22, 5]]"
12a_0530_139,"[[21, 4, 22, 5], [23, 9, 24, 8], [1, 14, 2, 15], [3, 13, 4, 12], [5, 10, 6, 11], [7, 19, 8, 18], [9, 23, 10, 22], [11, 20, 12, 21], [13, 17, 14, 16], [15, 24, 16, 1], [17, 3, 18, 2], [19, 7, 20, 6]]"
12a_0530_140,"[[19, 7, 20, 6], [21, 4, 22, 5], [23, 9, 24, 8], [1, 14, 2, 15], [3, 13, 4, 12], [5, 10, 6, 11], [7, 19, 8, 18], [9, 23, 10, 22], [11, 20, 12, 21], [13, 17, 14, 16], [15, 24, 16, 1], [17, 3, 18, 2]]"
12a_0530_141,"[[17, 3, 18, 2], [19, 7, 20, 6], [21, 4, 22, 5], [23, 9, 24, 8], [1, 14, 2, 15], [3, 13, 4, 12], [5, 10, 6, 11], [7, 19, 8, 18], [9, 23, 10, 22], [11, 20, 12, 21], [13, 17, 14, 16], [15, 24, 16, 1]]"
12a_0530_142,"[[15, 24, 16, 1], [17, 3, 18, 2], [19, 7, 20, 6], [21, 4, 22, 5], [23, 9, 24, 8], [1, 14, 2, 15], [3, 13, 4, 12], [5, 10, 6, 11], [7, 19, 8, 18], [9, 23, 10, 22], [11, 20, 12, 21], [13, 17, 14, 16]]"
12a_0530_143,"[[13, 17, 14, 16], [15, 24, 16, 1], [17, 3, 18, 2], [19, 7, 20, 6], [21, 4, 22, 5], [23, 9, 24, 8], [1, 14, 2, 15], [3, 13, 4, 12], [5, 10, 6, 11], [7, 19, 8, 18], [9, 23, 10, 22], [11, 20, 12, 21]]"
12a_0530_144,"[[12, 21, 13, 22], [14, 18, 15, 17], [16, 1, 17, 2], [18, 4, 19, 3], [20, 8, 21, 7], [22, 5, 23, 6], [24, 10, 1, 9], [2, 15, 3, 16], [4, 14, 5, 13], [6, 11, 7, 12], [8, 20, 9, 19], [10, 24, 11, 23]]"
12a_0530_145,"[[10, 24, 11, 23], [12, 21, 13, 22], [14, 18, 15, 17], [16, 1, 17, 2], [18, 4, 19, 3], [20, 8, 21, 7], [22, 5, 23, 6], [24, 10, 1, 9], [2, 15, 3, 16], [4, 14, 5, 13], [6, 11, 7, 12], [8, 20, 9, 19]]"
12a_0530_146,"[[8, 20, 9, 19], [10, 24, 11, 23], [12, 21, 13, 22], [14, 18, 15, 17], [16, 1, 17, 2], [18, 4, 19, 3], [20, 8, 21, 7], [22, 5, 23, 6], [24, 10, 1, 9], [2, 15, 3, 16], [4, 14, 5, 13], [6, 11, 7, 12]]"
12a_0530_147,"[[6, 11, 7, 12], [8, 20, 9, 19], [10, 24, 11, 23], [12, 21, 13, 22], [14, 18, 15, 17], [16, 1, 17, 2], [18, 4, 19, 3], [20, 8, 21, 7], [22, 5, 23, 6], [24, 10, 1, 9], [2, 15, 3, 16], [4, 14, 5, 13]]"
12a_0530_148,"[[4, 14, 5, 13], [6, 11, 7, 12], [8, 20, 9, 19], [10, 24, 11, 23], [12, 21, 13, 22], [14, 18, 15, 17], [16, 1, 17, 2], [18, 4, 19, 3], [20, 8, 21, 7], [22, 5, 23, 6], [24, 10, 1, 9], [2, 15, 3, 16]]"
12a_0530_149,"[[2, 15, 3, 16], [4, 14, 5, 13], [6, 11, 7, 12], [8, 20, 9, 19], [10, 24, 11, 23], [12, 21, 13, 22], [14, 18, 15, 17], [16, 1, 17, 2], [18, 4, 19, 3], [20, 8, 21, 7], [22, 5, 23, 6], [24, 10, 1, 9]]"
12a_0530_150,"[[24, 10, 1, 9], [2, 15, 3, 16], [4, 14, 5, 13], [6, 11, 7, 12], [8, 20, 9, 19], [10, 24, 11, 23], [12, 21, 13, 22], [14, 18, 15, 17], [16, 1, 17, 2], [18, 4, 19, 3], [20, 8, 21, 7], [22, 5, 23, 6]]"
12a_0530_151,"[[22, 5, 23, 6], [24, 10, 1, 9], [2, 15, 3, 16], [4, 14, 5, 13], [6, 11, 7, 12], [8, 20, 9, 19], [10, 24, 11, 23], [12, 21, 13, 22], [14, 18, 15, 17], [16, 1, 17, 2], [18, 4, 19, 3], [20, 8, 21, 7]]"
12a_0530_152,"[[20, 8, 21, 7], [22, 5, 23, 6], [24, 10, 1, 9], [2, 15, 3, 16], [4, 14, 5, 13], [6, 11, 7, 12], [8, 20, 9, 19], [10, 24, 11, 23], [12, 21, 13, 22], [14, 18, 15, 17], [16, 1, 17, 2], [18, 4, 19, 3]]"
12a_0530_153,"[[18, 4, 19, 3], [20, 8, 21, 7], [22, 5, 23, 6], [24, 10, 1, 9], [2, 15, 3, 16], [4, 14, 5, 13], [6, 11, 7, 12], [8, 20, 9, 19], [10, 24, 11, 23], [12, 21, 13, 22], [14, 18, 15, 17], [16, 1, 17, 2]]"
12a_0530_154,"[[16, 1, 17, 2], [18, 4, 19, 3], [20, 8, 21, 7], [22, 5, 23, 6], [24, 10, 1, 9], [2, 15, 3, 16], [4, 14, 5, 13], [6, 11, 7, 12], [8, 20, 9, 19], [10, 24, 11, 23], [12, 21, 13, 22], [14, 18, 15, 17]]"
12a_0530_155,"[[14, 18, 15, 17], [16, 1, 17, 2], [18, 4, 19, 3], [20, 8, 21, 7], [22, 5, 23, 6], [24, 10, 1, 9], [2, 15, 3, 16], [4, 14, 5, 13], [6, 11, 7, 12], [8, 20, 9, 19], [10, 24, 11, 23], [12, 21, 13, 22]]"
12a_0530_156,"[[13, 22, 14, 23], [15, 19, 16, 18], [17, 2, 18, 3], [19, 5, 20, 4], [21, 9, 22, 8], [23, 6, 24, 7], [1, 11, 2, 10], [3, 16, 4, 17], [5, 15, 6, 14], [7, 12, 8, 13], [9, 21, 10, 20], [11, 1, 12, 24]]"
12a_0530_157,"[[11, 1, 12, 24], [13, 22, 14, 23], [15, 19, 16, 18], [17, 2, 18, 3], [19, 5, 20, 4], [21, 9, 22, 8], [23, 6, 24, 7], [1, 11, 2, 10], [3, 16, 4, 17], [5, 15, 6, 14], [7, 12, 8, 13], [9, 21, 10, 20]]"
12a_0530_158,"[[9, 21, 10, 20], [11, 1, 12, 24], [13, 22, 14, 23], [15, 19, 16, 18], [17, 2, 18, 3], [19, 5, 20, 4], [21, 9, 22, 8], [23, 6, 24, 7], [1, 11, 2, 10], [3, 16, 4, 17], [5, 15, 6, 14], [7, 12, 8, 13]]"
12a_0530_159,"[[7, 12, 8, 13], [9, 21, 10, 20], [11, 1, 12, 24], [13, 22, 14, 23], [15, 19, 16, 18], [17, 2, 18, 3], [19, 5, 20, 4], [21, 9, 22, 8], [23, 6, 24, 7], [1, 11, 2, 10], [3, 16, 4, 17], [5, 15, 6, 14]]"
12a_0530_160,"[[5, 15, 6, 14], [7, 12, 8, 13], [9, 21, 10, 20], [11, 1, 12, 24], [13, 22, 14, 23], [15, 19, 16, 18], [17, 2, 18, 3], [19, 5, 20, 4], [21, 9, 22, 8], [23, 6, 24, 7], [1, 11, 2, 10], [3, 16, 4, 17]]"
12a_0530_161,"[[3, 16, 4, 17], [5, 15, 6, 14], [7, 12, 8, 13], [9, 21, 10, 20], [11, 1, 12, 24], [13, 22, 14, 23], [15, 19, 16, 18], [17, 2, 18, 3], [19, 5, 20, 4], [21, 9, 22, 8], [23, 6, 24, 7], [1, 11, 2, 10]]"
12a_0530_162,"[[1, 11, 2, 10], [3, 16, 4, 17], [5, 15, 6, 14], [7, 12, 8, 13], [9, 21, 10, 20], [11, 1, 12, 24], [13, 22, 14, 23], [15, 19, 16, 18], [17, 2, 18, 3], [19, 5, 20, 4], [21, 9, 22, 8], [23, 6, 24, 7]]"
12a_0530_163,"[[23, 6, 24, 7], [1, 11, 2, 10], [3, 16, 4, 17], [5, 15, 6, 14], [7, 12, 8, 13], [9, 21, 10, 20], [11, 1, 12, 24], [13, 22, 14, 23], [15, 19, 16, 18], [17, 2, 18, 3], [19, 5, 20, 4], [21, 9, 22, 8]]"
12a_0530_164,"[[21, 9, 22, 8], [23, 6, 24, 7], [1, 11, 2, 10], [3, 16, 4, 17], [5, 15, 6, 14], [7, 12, 8, 13], [9, 21, 10, 20], [11, 1, 12, 24], [13, 22, 14, 23], [15, 19, 16, 18], [17, 2, 18, 3], [19, 5, 20, 4]]"
12a_0530_165,"[[19, 5, 20, 4], [21, 9, 22, 8], [23, 6, 24, 7], [1, 11, 2, 10], [3, 16, 4, 17], [5, 15, 6, 14], [7, 12, 8, 13], [9, 21, 10, 20], [11, 1, 12, 24], [13, 22, 14, 23], [15, 19, 16, 18], [17, 2, 18, 3]]"
12a_0530_166,"[[17, 2, 18, 3], [19, 5, 20, 4], [21, 9, 22, 8], [23, 6, 24, 7], [1, 11, 2, 10], [3, 16, 4, 17], [5, 15, 6, 14], [7, 12, 8, 13], [9, 21, 10, 20], [11, 1, 12, 24], [13, 22, 14, 23], [15, 19, 16, 18]]"
12a_0530_167,"[[15, 19, 16, 18], [17, 2, 18, 3], [19, 5, 20, 4], [21, 9, 22, 8], [23, 6, 24, 7], [1, 11, 2, 10], [3, 16, 4, 17], [5, 15, 6, 14], [7, 12, 8, 13], [9, 21, 10, 20], [11, 1, 12, 24], [13, 22, 14, 23]]"
12a_0530_168,"[[14, 23, 15, 24], [16, 20, 17, 19], [18, 3, 19, 4], [20, 6, 21, 5], [22, 10, 23, 9], [24, 7, 1, 8], [2, 12, 3, 11], [4, 17, 5, 18], [6, 16, 7, 15], [8, 13, 9, 14], [10, 22, 11, 21], [12, 2, 13, 1]]"
12a_0530_169,"[[12, 2, 13, 1], [14, 23, 15, 24], [16, 20, 17, 19], [18, 3, 19, 4], [20, 6, 21, 5], [22, 10, 23, 9], [24, 7, 1, 8], [2, 12, 3, 11], [4, 17, 5, 18], [6, 16, 7, 15], [8, 13, 9, 14], [10, 22, 11, 21]]"
12a_0530_170,"[[10, 22, 11, 21], [12, 2, 13, 1], [14, 23, 15, 24], [16, 20, 17, 19], [18, 3, 19, 4], [20, 6, 21, 5], [22, 10, 23, 9], [24, 7, 1, 8], [2, 12, 3, 11], [4, 17, 5, 18], [6, 16, 7, 15], [8, 13, 9, 14]]"
12a_0530_171,"[[8, 13, 9, 14], [10, 22, 11, 21], [12, 2, 13, 1], [14, 23, 15, 24], [16, 20, 17, 19], [18, 3, 19, 4], [20, 6, 21, 5], [22, 10, 23, 9], [24, 7, 1, 8], [2, 12, 3, 11], [4, 17, 5, 18], [6, 16, 7, 15]]"
12a_0530_172,"[[6, 16, 7, 15], [8, 13, 9, 14], [10, 22, 11, 21], [12, 2, 13, 1], [14, 23, 15, 24], [16, 20, 17, 19], [18, 3, 19, 4], [20, 6, 21, 5], [22, 10, 23, 9], [24, 7, 1, 8], [2, 12, 3, 11], [4, 17, 5, 18]]"
12a_0530_173,"[[4, 17, 5, 18], [6, 16, 7, 15], [8, 13, 9, 14], [10, 22, 11, 21], [12, 2, 13, 1], [14, 23, 15, 24], [16, 20, 17, 19], [18, 3, 19, 4], [20, 6, 21, 5], [22, 10, 23, 9], [24, 7, 1, 8], [2, 12, 3, 11]]"
12a_0530_174,"[[2, 12, 3, 11], [4, 17, 5, 18], [6, 16, 7, 15], [8, 13, 9, 14], [10, 22, 11, 21], [12, 2, 13, 1], [14, 23, 15, 24], [16, 20, 17, 19], [18, 3, 19, 4], [20, 6, 21, 5], [22, 10, 23, 9], [24, 7, 1, 8]]"
12a_0530_175,"[[24, 7, 1, 8], [2, 12, 3, 11], [4, 17, 5, 18], [6, 16, 7, 15], [8, 13, 9, 14], [10, 22, 11, 21], [12, 2, 13, 1], [14, 23, 15, 24], [16, 20, 17, 19], [18, 3, 19, 4], [20, 6, 21, 5], [22, 10, 23, 9]]"
12a_0530_176,"[[22, 10, 23, 9], [24, 7, 1, 8], [2, 12, 3, 11], [4, 17, 5, 18], [6, 16, 7, 15], [8, 13, 9, 14], [10, 22, 11, 21], [12, 2, 13, 1], [14, 23, 15, 24], [16, 20, 17, 19], [18, 3, 19, 4], [20, 6, 21, 5]]"
12a_0530_177,"[[20, 6, 21, 5], [22, 10, 23, 9], [24, 7, 1, 8], [2, 12, 3, 11], [4, 17, 5, 18], [6, 16, 7, 15], [8, 13, 9, 14], [10, 22, 11, 21], [12, 2, 13, 1], [14, 23, 15, 24], [16, 20, 17, 19], [18, 3, 19, 4]]"
12a_0530_178,"[[18, 3, 19, 4], [20, 6, 21, 5], [22, 10, 23, 9], [24, 7, 1, 8], [2, 12, 3, 11], [4, 17, 5, 18], [6, 16, 7, 15], [8, 13, 9, 14], [10, 22, 11, 21], [12, 2, 13, 1], [14, 23, 15, 24], [16, 20, 17, 19]]"
12a_0530_179,"[[16, 20, 17, 19], [18, 3, 19, 4], [20, 6, 21, 5], [22, 10, 23, 9], [24, 7, 1, 8], [2, 12, 3, 11], [4, 17, 5, 18], [6, 16, 7, 15], [8, 13, 9, 14], [10, 22, 11, 21], [12, 2, 13, 1], [14, 23, 15, 24]]"
12a_0530_180,"[[15, 24, 16, 1], [17, 21, 18, 20], [19, 4, 20, 5], [21, 7, 22, 6], [23, 11, 24, 10], [1, 8, 2, 9], [3, 13, 4, 12], [5, 18, 6, 19], [7, 17, 8, 16], [9, 14, 10, 15], [11, 23, 12, 22], [13, 3, 14, 2]]"
12a_0530_181,"[[13, 3, 14, 2], [15, 24, 16, 1], [17, 21, 18, 20], [19, 4, 20, 5], [21, 7, 22, 6], [23, 11, 24, 10], [1, 8, 2, 9], [3, 13, 4, 12], [5, 18, 6, 19], [7, 17, 8, 16], [9, 14, 10, 15], [11, 23, 12, 22]]"
12a_0530_182,"[[11, 23, 12, 22], [13, 3, 14, 2], [15, 24, 16, 1], [17, 21, 18, 20], [19, 4, 20, 5], [21, 7, 22, 6], [23, 11, 24, 10], [1, 8, 2, 9], [3, 13, 4, 12], [5, 18, 6, 19], [7, 17, 8, 16], [9, 14, 10, 15]]"
12a_0530_183,"[[9, 14, 10, 15], [11, 23, 12, 22], [13, 3, 14, 2], [15, 24, 16, 1], [17, 21, 18, 20], [19, 4, 20, 5], [21, 7, 22, 6], [23, 11, 24, 10], [1, 8, 2, 9], [3, 13, 4, 12], [5, 18, 6, 19], [7, 17, 8, 16]]"
12a_0530_184,"[[7, 17, 8, 16], [9, 14, 10, 15], [11, 23, 12, 22], [13, 3, 14, 2], [15, 24, 16, 1], [17, 21, 18, 20], [19, 4, 20, 5], [21, 7, 22, 6], [23, 11, 24, 10], [1, 8, 2, 9], [3, 13, 4, 12], [5, 18, 6, 19]]"
12a_0530_185,"[[5, 18, 6, 19], [7, 17, 8, 16], [9, 14, 10, 15], [11, 23, 12, 22], [13, 3, 14, 2], [15, 24, 16, 1], [17, 21, 18, 20], [19, 4, 20, 5], [21, 7, 22, 6], [23, 11, 24, 10], [1, 8, 2, 9], [3, 13, 4, 12]]"
