name,pd_notation
12a_0912_0,"[[24, 14, 1, 13], [2, 8, 3, 7], [4, 12, 5, 11], [6, 17, 7, 18], [8, 4, 9, 3], [10, 19, 11, 20], [12, 2, 13, 1], [14, 24, 15, 23], [16, 22, 17, 21], [18, 9, 19, 10], [20, 5, 21, 6], [22, 16, 23, 15]]"
12a_0912_1,"[[22, 16, 23, 15], [24, 14, 1, 13], [2, 8, 3, 7], [4, 12, 5, 11], [6, 17, 7, 18], [8, 4, 9, 3], [10, 19, 11, 20], [12, 2, 13, 1], [14, 24, 15, 23], [16, 22, 17, 21], [18, 9, 19, 10], [20, 5, 21, 6]]"
12a_0912_2,"[[20, 5, 21, 6], [22, 16, 23, 15], [24, 14, 1, 13], [2, 8, 3, 7], [4, 12, 5, 11], [6, 17, 7, 18], [8, 4, 9, 3], [10, 19, 11, 20], [12, 2, 13, 1], [14, 24, 15, 23], [16, 22, 17, 21], [18, 9, 19, 10]]"
12a_0912_3,"[[18, 9, 19, 10], [20, 5, 21, 6], [22, 16, 23, 15], [24, 14, 1, 13], [2, 8, 3, 7], [4, 12, 5, 11], [6, 17, 7, 18], [8, 4, 9, 3], [10, 19, 11, 20], [12, 2, 13, 1], [14, 24, 15, 23], [16, 22, 17, 21]]"
12a_0912_4,"[[16, 22, 17, 21], [18, 9, 19, 10], [20, 5, 21, 6], [22, 16, 23, 15], [24, 14, 1, 13], [2, 8, 3, 7], [4, 12, 5, 11], [6, 17, 7, 18], [8, 4, 9, 3], [10, 19, 11, 20], [12, 2, 13, 1], [14, 24, 15, 23]]"
12a_0912_5,"[[14, 24, 15, 23], [16, 22, 17, 21], [18, 9, 19, 10], [20, 5, 21, 6], [22, 16, 23, 15], [24, 14, 1, 13], [2, 8, 3, 7], [4, 12, 5, 11], [6, 17, 7, 18], [8, 4, 9, 3], [10, 19, 11, 20], [12, 2, 13, 1]]"
12a_0912_6,"[[12, 2, 13, 1], [14, 24, 15, 23], [16, 22, 17, 21], [18, 9, 19, 10], [20, 5, 21, 6], [22, 16, 23, 15], [24, 14, 1, 13], [2, 8, 3, 7], [4, 12, 5, 11], [6, 17, 7, 18], [8, 4, 9, 3], [10, 19, 11, 20]]"
12a_0912_7,"[[10, 19, 11, 20], [12, 2, 13, 1], [14, 24, 15, 23], [16, 22, 17, 21], [18, 9, 19, 10], [20, 5, 21, 6], [22, 16, 23, 15], [24, 14, 1, 13], [2, 8, 3, 7], [4, 12, 5, 11], [6, 17, 7, 18], [8, 4, 9, 3]]"
12a_0912_8,"[[8, 4, 9, 3], [10, 19, 11, 20], [12, 2, 13, 1], [14, 24, 15, 23], [16, 22, 17, 21], [18, 9, 19, 10], [20, 5, 21, 6], [22, 16, 23, 15], [24, 14, 1, 13], [2, 8, 3, 7], [4, 12, 5, 11], [6, 17, 7, 18]]"
12a_0912_9,"[[6, 17, 7, 18], [8, 4, 9, 3], [10, 19, 11, 20], [12, 2, 13, 1], [14, 24, 15, 23], [16, 22, 17, 21], [18, 9, 19, 10], [20, 5, 21, 6], [22, 16, 23, 15], [24, 14, 1, 13], [2, 8, 3, 7], [4, 12, 5, 11]]"
12a_0912_10,"[[4, 12, 5, 11], [6, 17, 7, 18], [8, 4, 9, 3], [10, 19, 11, 20], [12, 2, 13, 1], [14, 24, 15, 23], [16, 22, 17, 21], [18, 9, 19, 10], [20, 5, 21, 6], [22, 16, 23, 15], [24, 14, 1, 13], [2, 8, 3, 7]]"
12a_0912_11,"[[2, 8, 3, 7], [4, 12, 5, 11], [6, 17, 7, 18], [8, 4, 9, 3], [10, 19, 11, 20], [12, 2, 13, 1], [14, 24, 15, 23], [16, 22, 17, 21], [18, 9, 19, 10], [20, 5, 21, 6], [22, 16, 23, 15], [24, 14, 1, 13]]"
12a_0912_12,"[[1, 15, 2, 14], [3, 9, 4, 8], [5, 13, 6, 12], [7, 18, 8, 19], [9, 5, 10, 4], [11, 20, 12, 21], [13, 3, 14, 2], [15, 1, 16, 24], [17, 23, 18, 22], [19, 10, 20, 11], [21, 6, 22, 7], [23, 17, 24, 16]]"
12a_0912_13,"[[23, 17, 24, 16], [1, 15, 2, 14], [3, 9, 4, 8], [5, 13, 6, 12], [7, 18, 8, 19], [9, 5, 10, 4], [11, 20, 12, 21], [13, 3, 14, 2], [15, 1, 16, 24], [17, 23, 18, 22], [19, 10, 20, 11], [21, 6, 22, 7]]"
12a_0912_14,"[[21, 6, 22, 7], [23, 17, 24, 16], [1, 15, 2, 14], [3, 9, 4, 8], [5, 13, 6, 12], [7, 18, 8, 19], [9, 5, 10, 4], [11, 20, 12, 21], [13, 3, 14, 2], [15, 1, 16, 24], [17, 23, 18, 22], [19, 10, 20, 11]]"
12a_0912_15,"[[19, 10, 20, 11], [21, 6, 22, 7], [23, 17, 24, 16], [1, 15, 2, 14], [3, 9, 4, 8], [5, 13, 6, 12], [7, 18, 8, 19], [9, 5, 10, 4], [11, 20, 12, 21], [13, 3, 14, 2], [15, 1, 16, 24], [17, 23, 18, 22]]"
12a_0912_16,"[[17, 23, 18, 22], [19, 10, 20, 11], [21, 6, 22, 7], [23, 17, 24, 16], [1, 15, 2, 14], [3, 9, 4, 8], [5, 13, 6, 12], [7, 18, 8, 19], [9, 5, 10, 4], [11, 20, 12, 21], [13, 3, 14, 2], [15, 1, 16, 24]]"
12a_0912_17,"[[15, 1, 16, 24], [17, 23, 18, 22], [19, 10, 20, 11], [21, 6, 22, 7], [23, 17, 24, 16], [1, 15, 2, 14], [3, 9, 4, 8], [5, 13, 6, 12], [7, 18, 8, 19], [9, 5, 10, 4], [11, 20, 12, 21], [13, 3, 14, 2]]"
12a_0912_18,"[[13, 3, 14, 2], [15, 1, 16, 24], [17, 23, 18, 22], [19, 10, 20, 11], [21, 6, 22, 7], [23, 17, 24, 16], [1, 15, 2, 14], [3, 9, 4, 8], [5, 13, 6, 12], [7, 18, 8, 19], [9, 5, 10, 4], [11, 20, 12, 21]]"
12a_0912_19,"[[11, 20, 12, 21], [13, 3, 14, 2], [15, 1, 16, 24], [17, 23, 18, 22], [19, 10, 20, 11], [21, 6, 22, 7], [23, 17, 24, 16], [1, 15, 2, 14], [3, 9, 4, 8], [5, 13, 6, 12], [7, 18, 8, 19], [9, 5, 10, 4]]"
12a_0912_20,"[[9, 5, 10, 4], [11, 20, 12, 21], [13, 3, 14, 2], [15, 1, 16, 24], [17, 23, 18, 22], [19, 10, 20, 11], [21, 6, 22, 7], [23, 17, 24, 16], [1, 15, 2, 14], [3, 9, 4, 8], [5, 13, 6, 12], [7, 18, 8, 19]]"
12a_0912_21,"[[7, 18, 8, 19], [9, 5, 10, 4], [11, 20, 12, 21], [13, 3, 14, 2], [15, 1, 16, 24], [17, 23, 18, 22], [19, 10, 20, 11], [21, 6, 22, 7], [23, 17, 24, 16], [1, 15, 2, 14], [3, 9, 4, 8], [5, 13, 6, 12]]"
12a_0912_22,"[[5, 13, 6, 12], [7, 18, 8, 19], [9, 5, 10, 4], [11, 20, 12, 21], [13, 3, 14, 2], [15, 1, 16, 24], [17, 23, 18, 22], [19, 10, 20, 11], [21, 6, 22, 7], [23, 17, 24, 16], [1, 15, 2, 14], [3, 9, 4, 8]]"
12a_0912_23,"[[3, 9, 4, 8], [5, 13, 6, 12], [7, 18, 8, 19], [9, 5, 10, 4], [11, 20, 12, 21], [13, 3, 14, 2], [15, 1, 16, 24], [17, 23, 18, 22], [19, 10, 20, 11], [21, 6, 22, 7], [23, 17, 24, 16], [1, 15, 2, 14]]"
12a_0912_24,"[[2, 16, 3, 15], [4, 10, 5, 9], [6, 14, 7, 13], [8, 19, 9, 20], [10, 6, 11, 5], [12, 21, 13, 22], [14, 4, 15, 3], [16, 2, 17, 1], [18, 24, 19, 23], [20, 11, 21, 12], [22, 7, 23, 8], [24, 18, 1, 17]]"
12a_0912_25,"[[24, 18, 1, 17], [2, 16, 3, 15], [4, 10, 5, 9], [6, 14, 7, 13], [8, 19, 9, 20], [10, 6, 11, 5], [12, 21, 13, 22], [14, 4, 15, 3], [16, 2, 17, 1], [18, 24, 19, 23], [20, 11, 21, 12], [22, 7, 23, 8]]"
12a_0912_26,"[[22, 7, 23, 8], [24, 18, 1, 17], [2, 16, 3, 15], [4, 10, 5, 9], [6, 14, 7, 13], [8, 19, 9, 20], [10, 6, 11, 5], [12, 21, 13, 22], [14, 4, 15, 3], [16, 2, 17, 1], [18, 24, 19, 23], [20, 11, 21, 12]]"
12a_0912_27,"[[20, 11, 21, 12], [22, 7, 23, 8], [24, 18, 1, 17], [2, 16, 3, 15], [4, 10, 5, 9], [6, 14, 7, 13], [8, 19, 9, 20], [10, 6, 11, 5], [12, 21, 13, 22], [14, 4, 15, 3], [16, 2, 17, 1], [18, 24, 19, 23]]"
12a_0912_28,"[[18, 24, 19, 23], [20, 11, 21, 12], [22, 7, 23, 8], [24, 18, 1, 17], [2, 16, 3, 15], [4, 10, 5, 9], [6, 14, 7, 13], [8, 19, 9, 20], [10, 6, 11, 5], [12, 21, 13, 22], [14, 4, 15, 3], [16, 2, 17, 1]]"
12a_0912_29,"[[16, 2, 17, 1], [18, 24, 19, 23], [20, 11, 21, 12], [22, 7, 23, 8], [24, 18, 1, 17], [2, 16, 3, 15], [4, 10, 5, 9], [6, 14, 7, 13], [8, 19, 9, 20], [10, 6, 11, 5], [12, 21, 13, 22], [14, 4, 15, 3]]"
12a_0912_30,"[[14, 4, 15, 3], [16, 2, 17, 1], [18, 24, 19, 23], [20, 11, 21, 12], [22, 7, 23, 8], [24, 18, 1, 17], [2, 16, 3, 15], [4, 10, 5, 9], [6, 14, 7, 13], [8, 19, 9, 20], [10, 6, 11, 5], [12, 21, 13, 22]]"
12a_0912_31,"[[12, 21, 13, 22], [14, 4, 15, 3], [16, 2, 17, 1], [18, 24, 19, 23], [20, 11, 21, 12], [22, 7, 23, 8], [24, 18, 1, 17], [2, 16, 3, 15], [4, 10, 5, 9], [6, 14, 7, 13], [8, 19, 9, 20], [10, 6, 11, 5]]"
12a_0912_32,"[[10, 6, 11, 5], [12, 21, 13, 22], [14, 4, 15, 3], [16, 2, 17, 1], [18, 24, 19, 23], [20, 11, 21, 12], [22, 7, 23, 8], [24, 18, 1, 17], [2, 16, 3, 15], [4, 10, 5, 9], [6, 14, 7, 13], [8, 19, 9, 20]]"
12a_0912_33,"[[8, 19, 9, 20], [10, 6, 11, 5], [12, 21, 13, 22], [14, 4, 15, 3], [16, 2, 17, 1], [18, 24, 19, 23], [20, 11, 21, 12], [22, 7, 23, 8], [24, 18, 1, 17], [2, 16, 3, 15], [4, 10, 5, 9], [6, 14, 7, 13]]"
12a_0912_34,"[[6, 14, 7, 13], [8, 19, 9, 20], [10, 6, 11, 5], [12, 21, 13, 22], [14, 4, 15, 3], [16, 2, 17, 1], [18, 24, 19, 23], [20, 11, 21, 12], [22, 7, 23, 8], [24, 18, 1, 17], [2, 16, 3, 15], [4, 10, 5, 9]]"
12a_0912_35,"[[4, 10, 5, 9], [6, 14, 7, 13], [8, 19, 9, 20], [10, 6, 11, 5], [12, 21, 13, 22], [14, 4, 15, 3], [16, 2, 17, 1], [18, 24, 19, 23], [20, 11, 21, 12], [22, 7, 23, 8], [24, 18, 1, 17], [2, 16, 3, 15]]"
12a_0912_36,"[[3, 17, 4, 16], [5, 11, 6, 10], [7, 15, 8, 14], [9, 20, 10, 21], [11, 7, 12, 6], [13, 22, 14, 23], [15, 5, 16, 4], [17, 3, 18, 2], [19, 1, 20, 24], [21, 12, 22, 13], [23, 8, 24, 9], [1, 19, 2, 18]]"
12a_0912_37,"[[1, 19, 2, 18], [3, 17, 4, 16], [5, 11, 6, 10], [7, 15, 8, 14], [9, 20, 10, 21], [11, 7, 12, 6], [13, 22, 14, 23], [15, 5, 16, 4], [17, 3, 18, 2], [19, 1, 20, 24], [21, 12, 22, 13], [23, 8, 24, 9]]"
12a_0912_38,"[[23, 8, 24, 9], [1, 19, 2, 18], [3, 17, 4, 16], [5, 11, 6, 10], [7, 15, 8, 14], [9, 20, 10, 21], [11, 7, 12, 6], [13, 22, 14, 23], [15, 5, 16, 4], [17, 3, 18, 2], [19, 1, 20, 24], [21, 12, 22, 13]]"
12a_0912_39,"[[21, 12, 22, 13], [23, 8, 24, 9], [1, 19, 2, 18], [3, 17, 4, 16], [5, 11, 6, 10], [7, 15, 8, 14], [9, 20, 10, 21], [11, 7, 12, 6], [13, 22, 14, 23], [15, 5, 16, 4], [17, 3, 18, 2], [19, 1, 20, 24]]"
12a_0912_40,"[[19, 1, 20, 24], [21, 12, 22, 13], [23, 8, 24, 9], [1, 19, 2, 18], [3, 17, 4, 16], [5, 11, 6, 10], [7, 15, 8, 14], [9, 20, 10, 21], [11, 7, 12, 6], [13, 22, 14, 23], [15, 5, 16, 4], [17, 3, 18, 2]]"
12a_0912_41,"[[17, 3, 18, 2], [19, 1, 20, 24], [21, 12, 22, 13], [23, 8, 24, 9], [1, 19, 2, 18], [3, 17, 4, 16], [5, 11, 6, 10], [7, 15, 8, 14], [9, 20, 10, 21], [11, 7, 12, 6], [13, 22, 14, 23], [15, 5, 16, 4]]"
12a_0912_42,"[[15, 5, 16, 4], [17, 3, 18, 2], [19, 1, 20, 24], [21, 12, 22, 13], [23, 8, 24, 9], [1, 19, 2, 18], [3, 17, 4, 16], [5, 11, 6, 10], [7, 15, 8, 14], [9, 20, 10, 21], [11, 7, 12, 6], [13, 22, 14, 23]]"
12a_0912_43,"[[13, 22, 14, 23], [15, 5, 16, 4], [17, 3, 18, 2], [19, 1, 20, 24], [21, 12, 22, 13], [23, 8, 24, 9], [1, 19, 2, 18], [3, 17, 4, 16], [5, 11, 6, 10], [7, 15, 8, 14], [9, 20, 10, 21], [11, 7, 12, 6]]"
12a_0912_44,"[[11, 7, 12, 6], [13, 22, 14, 23], [15, 5, 16, 4], [17, 3, 18, 2], [19, 1, 20, 24], [21, 12, 22, 13], [23, 8, 24, 9], [1, 19, 2, 18], [3, 17, 4, 16], [5, 11, 6, 10], [7, 15, 8, 14], [9, 20, 10, 21]]"
12a_0912_45,"[[9, 20, 10, 21], [11, 7, 12, 6], [13, 22, 14, 23], [15, 5, 16, 4], [17, 3, 18, 2], [19, 1, 20, 24], [21, 12, 22, 13], [23, 8, 24, 9], [1, 19, 2, 18], [3, 17, 4, 16], [5, 11, 6, 10], [7, 15, 8, 14]]"
12a_0912_46,"[[7, 15, 8, 14], [9, 20, 10, 21], [11, 7, 12, 6], [13, 22, 14, 23], [15, 5, 16, 4], [17, 3, 18, 2], [19, 1, 20, 24], [21, 12, 22, 13], [23, 8, 24, 9], [1, 19, 2, 18], [3, 17, 4, 16], [5, 11, 6, 10]]"
12a_0912_47,"[[5, 11, 6, 10], [7, 15, 8, 14], [9, 20, 10, 21], [11, 7, 12, 6], [13, 22, 14, 23], [15, 5, 16, 4], [17, 3, 18, 2], [19, 1, 20, 24], [21, 12, 22, 13], [23, 8, 24, 9], [1, 19, 2, 18], [3, 17, 4, 16]]"
12a_0912_48,"[[4, 18, 5, 17], [6, 12, 7, 11], [8, 16, 9, 15], [10, 21, 11, 22], [12, 8, 13, 7], [14, 23, 15, 24], [16, 6, 17, 5], [18, 4, 19, 3], [20, 2, 21, 1], [22, 13, 23, 14], [24, 9, 1, 10], [2, 20, 3, 19]]"
12a_0912_49,"[[2, 20, 3, 19], [4, 18, 5, 17], [6, 12, 7, 11], [8, 16, 9, 15], [10, 21, 11, 22], [12, 8, 13, 7], [14, 23, 15, 24], [16, 6, 17, 5], [18, 4, 19, 3], [20, 2, 21, 1], [22, 13, 23, 14], [24, 9, 1, 10]]"
12a_0912_50,"[[24, 9, 1, 10], [2, 20, 3, 19], [4, 18, 5, 17], [6, 12, 7, 11], [8, 16, 9, 15], [10, 21, 11, 22], [12, 8, 13, 7], [14, 23, 15, 24], [16, 6, 17, 5], [18, 4, 19, 3], [20, 2, 21, 1], [22, 13, 23, 14]]"
12a_0912_51,"[[22, 13, 23, 14], [24, 9, 1, 10], [2, 20, 3, 19], [4, 18, 5, 17], [6, 12, 7, 11], [8, 16, 9, 15], [10, 21, 11, 22], [12, 8, 13, 7], [14, 23, 15, 24], [16, 6, 17, 5], [18, 4, 19, 3], [20, 2, 21, 1]]"
12a_0912_52,"[[20, 2, 21, 1], [22, 13, 23, 14], [24, 9, 1, 10], [2, 20, 3, 19], [4, 18, 5, 17], [6, 12, 7, 11], [8, 16, 9, 15], [10, 21, 11, 22], [12, 8, 13, 7], [14, 23, 15, 24], [16, 6, 17, 5], [18, 4, 19, 3]]"
12a_0912_53,"[[18, 4, 19, 3], [20, 2, 21, 1], [22, 13, 23, 14], [24, 9, 1, 10], [2, 20, 3, 19], [4, 18, 5, 17], [6, 12, 7, 11], [8, 16, 9, 15], [10, 21, 11, 22], [12, 8, 13, 7], [14, 23, 15, 24], [16, 6, 17, 5]]"
12a_0912_54,"[[16, 6, 17, 5], [18, 4, 19, 3], [20, 2, 21, 1], [22, 13, 23, 14], [24, 9, 1, 10], [2, 20, 3, 19], [4, 18, 5, 17], [6, 12, 7, 11], [8, 16, 9, 15], [10, 21, 11, 22], [12, 8, 13, 7], [14, 23, 15, 24]]"
12a_0912_55,"[[14, 23, 15, 24], [16, 6, 17, 5], [18, 4, 19, 3], [20, 2, 21, 1], [22, 13, 23, 14], [24, 9, 1, 10], [2, 20, 3, 19], [4, 18, 5, 17], [6, 12, 7, 11], [8, 16, 9, 15], [10, 21, 11, 22], [12, 8, 13, 7]]"
12a_0912_56,"[[12, 8, 13, 7], [14, 23, 15, 24], [16, 6, 17, 5], [18, 4, 19, 3], [20, 2, 21, 1], [22, 13, 23, 14], [24, 9, 1, 10], [2, 20, 3, 19], [4, 18, 5, 17], [6, 12, 7, 11], [8, 16, 9, 15], [10, 21, 11, 22]]"
12a_0912_57,"[[10, 21, 11, 22], [12, 8, 13, 7], [14, 23, 15, 24], [16, 6, 17, 5], [18, 4, 19, 3], [20, 2, 21, 1], [22, 13, 23, 14], [24, 9, 1, 10], [2, 20, 3, 19], [4, 18, 5, 17], [6, 12, 7, 11], [8, 16, 9, 15]]"
12a_0912_58,"[[8, 16, 9, 15], [10, 21, 11, 22], [12, 8, 13, 7], [14, 23, 15, 24], [16, 6, 17, 5], [18, 4, 19, 3], [20, 2, 21, 1], [22, 13, 23, 14], [24, 9, 1, 10], [2, 20, 3, 19], [4, 18, 5, 17], [6, 12, 7, 11]]"
12a_0912_59,"[[6, 12, 7, 11], [8, 16, 9, 15], [10, 21, 11, 22], [12, 8, 13, 7], [14, 23, 15, 24], [16, 6, 17, 5], [18, 4, 19, 3], [20, 2, 21, 1], [22, 13, 23, 14], [24, 9, 1, 10], [2, 20, 3, 19], [4, 18, 5, 17]]"
12a_0912_60,"[[5, 19, 6, 18], [7, 13, 8, 12], [9, 17, 10, 16], [11, 22, 12, 23], [13, 9, 14, 8], [15, 24, 16, 1], [17, 7, 18, 6], [19, 5, 20, 4], [21, 3, 22, 2], [23, 14, 24, 15], [1, 10, 2, 11], [3, 21, 4, 20]]"
12a_0912_61,"[[3, 21, 4, 20], [5, 19, 6, 18], [7, 13, 8, 12], [9, 17, 10, 16], [11, 22, 12, 23], [13, 9, 14, 8], [15, 24, 16, 1], [17, 7, 18, 6], [19, 5, 20, 4], [21, 3, 22, 2], [23, 14, 24, 15], [1, 10, 2, 11]]"
12a_0912_62,"[[1, 10, 2, 11], [3, 21, 4, 20], [5, 19, 6, 18], [7, 13, 8, 12], [9, 17, 10, 16], [11, 22, 12, 23], [13, 9, 14, 8], [15, 24, 16, 1], [17, 7, 18, 6], [19, 5, 20, 4], [21, 3, 22, 2], [23, 14, 24, 15]]"
12a_0912_63,"[[23, 14, 24, 15], [1, 10, 2, 11], [3, 21, 4, 20], [5, 19, 6, 18], [7, 13, 8, 12], [9, 17, 10, 16], [11, 22, 12, 23], [13, 9, 14, 8], [15, 24, 16, 1], [17, 7, 18, 6], [19, 5, 20, 4], [21, 3, 22, 2]]"
12a_0912_64,"[[21, 3, 22, 2], [23, 14, 24, 15], [1, 10, 2, 11], [3, 21, 4, 20], [5, 19, 6, 18], [7, 13, 8, 12], [9, 17, 10, 16], [11, 22, 12, 23], [13, 9, 14, 8], [15, 24, 16, 1], [17, 7, 18, 6], [19, 5, 20, 4]]"
12a_0912_65,"[[19, 5, 20, 4], [21, 3, 22, 2], [23, 14, 24, 15], [1, 10, 2, 11], [3, 21, 4, 20], [5, 19, 6, 18], [7, 13, 8, 12], [9, 17, 10, 16], [11, 22, 12, 23], [13, 9, 14, 8], [15, 24, 16, 1], [17, 7, 18, 6]]"
12a_0912_66,"[[17, 7, 18, 6], [19, 5, 20, 4], [21, 3, 22, 2], [23, 14, 24, 15], [1, 10, 2, 11], [3, 21, 4, 20], [5, 19, 6, 18], [7, 13, 8, 12], [9, 17, 10, 16], [11, 22, 12, 23], [13, 9, 14, 8], [15, 24, 16, 1]]"
12a_0912_67,"[[15, 24, 16, 1], [17, 7, 18, 6], [19, 5, 20, 4], [21, 3, 22, 2], [23, 14, 24, 15], [1, 10, 2, 11], [3, 21, 4, 20], [5, 19, 6, 18], [7, 13, 8, 12], [9, 17, 10, 16], [11, 22, 12, 23], [13, 9, 14, 8]]"
12a_0912_68,"[[13, 9, 14, 8], [15, 24, 16, 1], [17, 7, 18, 6], [19, 5, 20, 4], [21, 3, 22, 2], [23, 14, 24, 15], [1, 10, 2, 11], [3, 21, 4, 20], [5, 19, 6, 18], [7, 13, 8, 12], [9, 17, 10, 16], [11, 22, 12, 23]]"
12a_0912_69,"[[11, 22, 12, 23], [13, 9, 14, 8], [15, 24, 16, 1], [17, 7, 18, 6], [19, 5, 20, 4], [21, 3, 22, 2], [23, 14, 24, 15], [1, 10, 2, 11], [3, 21, 4, 20], [5, 19, 6, 18], [7, 13, 8, 12], [9, 17, 10, 16]]"
12a_0912_70,"[[9, 17, 10, 16], [11, 22, 12, 23], [13, 9, 14, 8], [15, 24, 16, 1], [17, 7, 18, 6], [19, 5, 20, 4], [21, 3, 22, 2], [23, 14, 24, 15], [1, 10, 2, 11], [3, 21, 4, 20], [5, 19, 6, 18], [7, 13, 8, 12]]"
12a_0912_71,"[[7, 13, 8, 12], [9, 17, 10, 16], [11, 22, 12, 23], [13, 9, 14, 8], [15, 24, 16, 1], [17, 7, 18, 6], [19, 5, 20, 4], [21, 3, 22, 2], [23, 14, 24, 15], [1, 10, 2, 11], [3, 21, 4, 20], [5, 19, 6, 18]]"
12a_0912_72,"[[6, 20, 7, 19], [8, 14, 9, 13], [10, 18, 11, 17], [12, 23, 13, 24], [14, 10, 15, 9], [16, 1, 17, 2], [18, 8, 19, 7], [20, 6, 21, 5], [22, 4, 23, 3], [24, 15, 1, 16], [2, 11, 3, 12], [4, 22, 5, 21]]"
12a_0912_73,"[[4, 22, 5, 21], [6, 20, 7, 19], [8, 14, 9, 13], [10, 18, 11, 17], [12, 23, 13, 24], [14, 10, 15, 9], [16, 1, 17, 2], [18, 8, 19, 7], [20, 6, 21, 5], [22, 4, 23, 3], [24, 15, 1, 16], [2, 11, 3, 12]]"
12a_0912_74,"[[2, 11, 3, 12], [4, 22, 5, 21], [6, 20, 7, 19], [8, 14, 9, 13], [10, 18, 11, 17], [12, 23, 13, 24], [14, 10, 15, 9], [16, 1, 17, 2], [18, 8, 19, 7], [20, 6, 21, 5], [22, 4, 23, 3], [24, 15, 1, 16]]"
12a_0912_75,"[[24, 15, 1, 16], [2, 11, 3, 12], [4, 22, 5, 21], [6, 20, 7, 19], [8, 14, 9, 13], [10, 18, 11, 17], [12, 23, 13, 24], [14, 10, 15, 9], [16, 1, 17, 2], [18, 8, 19, 7], [20, 6, 21, 5], [22, 4, 23, 3]]"
12a_0912_76,"[[22, 4, 23, 3], [24, 15, 1, 16], [2, 11, 3, 12], [4, 22, 5, 21], [6, 20, 7, 19], [8, 14, 9, 13], [10, 18, 11, 17], [12, 23, 13, 24], [14, 10, 15, 9], [16, 1, 17, 2], [18, 8, 19, 7], [20, 6, 21, 5]]"
12a_0912_77,"[[20, 6, 21, 5], [22, 4, 23, 3], [24, 15, 1, 16], [2, 11, 3, 12], [4, 22, 5, 21], [6, 20, 7, 19], [8, 14, 9, 13], [10, 18, 11, 17], [12, 23, 13, 24], [14, 10, 15, 9], [16, 1, 17, 2], [18, 8, 19, 7]]"
12a_0912_78,"[[18, 8, 19, 7], [20, 6, 21, 5], [22, 4, 23, 3], [24, 15, 1, 16], [2, 11, 3, 12], [4, 22, 5, 21], [6, 20, 7, 19], [8, 14, 9, 13], [10, 18, 11, 17], [12, 23, 13, 24], [14, 10, 15, 9], [16, 1, 17, 2]]"
12a_0912_79,"[[16, 1, 17, 2], [18, 8, 19, 7], [20, 6, 21, 5], [22, 4, 23, 3], [24, 15, 1, 16], [2, 11, 3, 12], [4, 22, 5, 21], [6, 20, 7, 19], [8, 14, 9, 13], [10, 18, 11, 17], [12, 23, 13, 24], [14, 10, 15, 9]]"
12a_0912_80,"[[14, 10, 15, 9], [16, 1, 17, 2], [18, 8, 19, 7], [20, 6, 21, 5], [22, 4, 23, 3], [24, 15, 1, 16], [2, 11, 3, 12], [4, 22, 5, 21], [6, 20, 7, 19], [8, 14, 9, 13], [10, 18, 11, 17], [12, 23, 13, 24]]"
12a_0912_81,"[[12, 23, 13, 24], [14, 10, 15, 9], [16, 1, 17, 2], [18, 8, 19, 7], [20, 6, 21, 5], [22, 4, 23, 3], [24, 15, 1, 16], [2, 11, 3, 12], [4, 22, 5, 21], [6, 20, 7, 19], [8, 14, 9, 13], [10, 18, 11, 17]]"
12a_0912_82,"[[10, 18, 11, 17], [12, 23, 13, 24], [14, 10, 15, 9], [16, 1, 17, 2], [18, 8, 19, 7], [20, 6, 21, 5], [22, 4, 23, 3], [24, 15, 1, 16], [2, 11, 3, 12], [4, 22, 5, 21], [6, 20, 7, 19], [8, 14, 9, 13]]"
12a_0912_83,"[[8, 14, 9, 13], [10, 18, 11, 17], [12, 23, 13, 24], [14, 10, 15, 9], [16, 1, 17, 2], [18, 8, 19, 7], [20, 6, 21, 5], [22, 4, 23, 3], [24, 15, 1, 16], [2, 11, 3, 12], [4, 22, 5, 21], [6, 20, 7, 19]]"
12a_0912_84,"[[7, 21, 8, 20], [9, 15, 10, 14], [11, 19, 12, 18], [13, 24, 14, 1], [15, 11, 16, 10], [17, 2, 18, 3], [19, 9, 20, 8], [21, 7, 22, 6], [23, 5, 24, 4], [1, 16, 2, 17], [3, 12, 4, 13], [5, 23, 6, 22]]"
12a_0912_85,"[[5, 23, 6, 22], [7, 21, 8, 20], [9, 15, 10, 14], [11, 19, 12, 18], [13, 24, 14, 1], [15, 11, 16, 10], [17, 2, 18, 3], [19, 9, 20, 8], [21, 7, 22, 6], [23, 5, 24, 4], [1, 16, 2, 17], [3, 12, 4, 13]]"
12a_0912_86,"[[3, 12, 4, 13], [5, 23, 6, 22], [7, 21, 8, 20], [9, 15, 10, 14], [11, 19, 12, 18], [13, 24, 14, 1], [15, 11, 16, 10], [17, 2, 18, 3], [19, 9, 20, 8], [21, 7, 22, 6], [23, 5, 24, 4], [1, 16, 2, 17]]"
12a_0912_87,"[[1, 16, 2, 17], [3, 12, 4, 13], [5, 23, 6, 22], [7, 21, 8, 20], [9, 15, 10, 14], [11, 19, 12, 18], [13, 24, 14, 1], [15, 11, 16, 10], [17, 2, 18, 3], [19, 9, 20, 8], [21, 7, 22, 6], [23, 5, 24, 4]]"
12a_0912_88,"[[23, 5, 24, 4], [1, 16, 2, 17], [3, 12, 4, 13], [5, 23, 6, 22], [7, 21, 8, 20], [9, 15, 10, 14], [11, 19, 12, 18], [13, 24, 14, 1], [15, 11, 16, 10], [17, 2, 18, 3], [19, 9, 20, 8], [21, 7, 22, 6]]"
12a_0912_89,"[[21, 7, 22, 6], [23, 5, 24, 4], [1, 16, 2, 17], [3, 12, 4, 13], [5, 23, 6, 22], [7, 21, 8, 20], [9, 15, 10, 14], [11, 19, 12, 18], [13, 24, 14, 1], [15, 11, 16, 10], [17, 2, 18, 3], [19, 9, 20, 8]]"
12a_0912_90,"[[19, 9, 20, 8], [21, 7, 22, 6], [23, 5, 24, 4], [1, 16, 2, 17], [3, 12, 4, 13], [5, 23, 6, 22], [7, 21, 8, 20], [9, 15, 10, 14], [11, 19, 12, 18], [13, 24, 14, 1], [15, 11, 16, 10], [17, 2, 18, 3]]"
12a_0912_91,"[[17, 2, 18, 3], [19, 9, 20, 8], [21, 7, 22, 6], [23, 5, 24, 4], [1, 16, 2, 17], [3, 12, 4, 13], [5, 23, 6, 22], [7, 21, 8, 20], [9, 15, 10, 14], [11, 19, 12, 18], [13, 24, 14, 1], [15, 11, 16, 10]]"
12a_0912_92,"[[15, 11, 16, 10], [17, 2, 18, 3], [19, 9, 20, 8], [21, 7, 22, 6], [23, 5, 24, 4], [1, 16, 2, 17], [3, 12, 4, 13], [5, 23, 6, 22], [7, 21, 8, 20], [9, 15, 10, 14], [11, 19, 12, 18], [13, 24, 14, 1]]"
12a_0912_93,"[[13, 24, 14, 1], [15, 11, 16, 10], [17, 2, 18, 3], [19, 9, 20, 8], [21, 7, 22, 6], [23, 5, 24, 4], [1, 16, 2, 17], [3, 12, 4, 13], [5, 23, 6, 22], [7, 21, 8, 20], [9, 15, 10, 14], [11, 19, 12, 18]]"
12a_0912_94,"[[11, 19, 12, 18], [13, 24, 14, 1], [15, 11, 16, 10], [17, 2, 18, 3], [19, 9, 20, 8], [21, 7, 22, 6], [23, 5, 24, 4], [1, 16, 2, 17], [3, 12, 4, 13], [5, 23, 6, 22], [7, 21, 8, 20], [9, 15, 10, 14]]"
12a_0912_95,"[[9, 15, 10, 14], [11, 19, 12, 18], [13, 24, 14, 1], [15, 11, 16, 10], [17, 2, 18, 3], [19, 9, 20, 8], [21, 7, 22, 6], [23, 5, 24, 4], [1, 16, 2, 17], [3, 12, 4, 13], [5, 23, 6, 22], [7, 21, 8, 20]]"
12a_0912_96,"[[8, 22, 9, 21], [10, 16, 11, 15], [12, 20, 13, 19], [14, 1, 15, 2], [16, 12, 17, 11], [18, 3, 19, 4], [20, 10, 21, 9], [22, 8, 23, 7], [24, 6, 1, 5], [2, 17, 3, 18], [4, 13, 5, 14], [6, 24, 7, 23]]"
12a_0912_97,"[[6, 24, 7, 23], [8, 22, 9, 21], [10, 16, 11, 15], [12, 20, 13, 19], [14, 1, 15, 2], [16, 12, 17, 11], [18, 3, 19, 4], [20, 10, 21, 9], [22, 8, 23, 7], [24, 6, 1, 5], [2, 17, 3, 18], [4, 13, 5, 14]]"
12a_0912_98,"[[4, 13, 5, 14], [6, 24, 7, 23], [8, 22, 9, 21], [10, 16, 11, 15], [12, 20, 13, 19], [14, 1, 15, 2], [16, 12, 17, 11], [18, 3, 19, 4], [20, 10, 21, 9], [22, 8, 23, 7], [24, 6, 1, 5], [2, 17, 3, 18]]"
12a_0912_99,"[[2, 17, 3, 18], [4, 13, 5, 14], [6, 24, 7, 23], [8, 22, 9, 21], [10, 16, 11, 15], [12, 20, 13, 19], [14, 1, 15, 2], [16, 12, 17, 11], [18, 3, 19, 4], [20, 10, 21, 9], [22, 8, 23, 7], [24, 6, 1, 5]]"
12a_0912_100,"[[24, 6, 1, 5], [2, 17, 3, 18], [4, 13, 5, 14], [6, 24, 7, 23], [8, 22, 9, 21], [10, 16, 11, 15], [12, 20, 13, 19], [14, 1, 15, 2], [16, 12, 17, 11], [18, 3, 19, 4], [20, 10, 21, 9], [22, 8, 23, 7]]"
12a_0912_101,"[[22, 8, 23, 7], [24, 6, 1, 5], [2, 17, 3, 18], [4, 13, 5, 14], [6, 24, 7, 23], [8, 22, 9, 21], [10, 16, 11, 15], [12, 20, 13, 19], [14, 1, 15, 2], [16, 12, 17, 11], [18, 3, 19, 4], [20, 10, 21, 9]]"
12a_0912_102,"[[20, 10, 21, 9], [22, 8, 23, 7], [24, 6, 1, 5], [2, 17, 3, 18], [4, 13, 5, 14], [6, 24, 7, 23], [8, 22, 9, 21], [10, 16, 11, 15], [12, 20, 13, 19], [14, 1, 15, 2], [16, 12, 17, 11], [18, 3, 19, 4]]"
12a_0912_103,"[[18, 3, 19, 4], [20, 10, 21, 9], [22, 8, 23, 7], [24, 6, 1, 5], [2, 17, 3, 18], [4, 13, 5, 14], [6, 24, 7, 23], [8, 22, 9, 21], [10, 16, 11, 15], [12, 20, 13, 19], [14, 1, 15, 2], [16, 12, 17, 11]]"
12a_0912_104,"[[16, 12, 17, 11], [18, 3, 19, 4], [20, 10, 21, 9], [22, 8, 23, 7], [24, 6, 1, 5], [2, 17, 3, 18], [4, 13, 5, 14], [6, 24, 7, 23], [8, 22, 9, 21], [10, 16, 11, 15], [12, 20, 13, 19], [14, 1, 15, 2]]"
12a_0912_105,"[[14, 1, 15, 2], [16, 12, 17, 11], [18, 3, 19, 4], [20, 10, 21, 9], [22, 8, 23, 7], [24, 6, 1, 5], [2, 17, 3, 18], [4, 13, 5, 14], [6, 24, 7, 23], [8, 22, 9, 21], [10, 16, 11, 15], [12, 20, 13, 19]]"
12a_0912_106,"[[12, 20, 13, 19], [14, 1, 15, 2], [16, 12, 17, 11], [18, 3, 19, 4], [20, 10, 21, 9], [22, 8, 23, 7], [24, 6, 1, 5], [2, 17, 3, 18], [4, 13, 5, 14], [6, 24, 7, 23], [8, 22, 9, 21], [10, 16, 11, 15]]"
12a_0912_107,"[[10, 16, 11, 15], [12, 20, 13, 19], [14, 1, 15, 2], [16, 12, 17, 11], [18, 3, 19, 4], [20, 10, 21, 9], [22, 8, 23, 7], [24, 6, 1, 5], [2, 17, 3, 18], [4, 13, 5, 14], [6, 24, 7, 23], [8, 22, 9, 21]]"
12a_0912_108,"[[9, 23, 10, 22], [11, 17, 12, 16], [13, 21, 14, 20], [15, 2, 16, 3], [17, 13, 18, 12], [19, 4, 20, 5], [21, 11, 22, 10], [23, 9, 24, 8], [1, 7, 2, 6], [3, 18, 4, 19], [5, 14, 6, 15], [7, 1, 8, 24]]"
12a_0912_109,"[[7, 1, 8, 24], [9, 23, 10, 22], [11, 17, 12, 16], [13, 21, 14, 20], [15, 2, 16, 3], [17, 13, 18, 12], [19, 4, 20, 5], [21, 11, 22, 10], [23, 9, 24, 8], [1, 7, 2, 6], [3, 18, 4, 19], [5, 14, 6, 15]]"
12a_0912_110,"[[5, 14, 6, 15], [7, 1, 8, 24], [9, 23, 10, 22], [11, 17, 12, 16], [13, 21, 14, 20], [15, 2, 16, 3], [17, 13, 18, 12], [19, 4, 20, 5], [21, 11, 22, 10], [23, 9, 24, 8], [1, 7, 2, 6], [3, 18, 4, 19]]"
12a_0912_111,"[[3, 18, 4, 19], [5, 14, 6, 15], [7, 1, 8, 24], [9, 23, 10, 22], [11, 17, 12, 16], [13, 21, 14, 20], [15, 2, 16, 3], [17, 13, 18, 12], [19, 4, 20, 5], [21, 11, 22, 10], [23, 9, 24, 8], [1, 7, 2, 6]]"
12a_0912_112,"[[1, 7, 2, 6], [3, 18, 4, 19], [5, 14, 6, 15], [7, 1, 8, 24], [9, 23, 10, 22], [11, 17, 12, 16], [13, 21, 14, 20], [15, 2, 16, 3], [17, 13, 18, 12], [19, 4, 20, 5], [21, 11, 22, 10], [23, 9, 24, 8]]"
12a_0912_113,"[[23, 9, 24, 8], [1, 7, 2, 6], [3, 18, 4, 19], [5, 14, 6, 15], [7, 1, 8, 24], [9, 23, 10, 22], [11, 17, 12, 16], [13, 21, 14, 20], [15, 2, 16, 3], [17, 13, 18, 12], [19, 4, 20, 5], [21, 11, 22, 10]]"
12a_0912_114,"[[21, 11, 22, 10], [23, 9, 24, 8], [1, 7, 2, 6], [3, 18, 4, 19], [5, 14, 6, 15], [7, 1, 8, 24], [9, 23, 10, 22], [11, 17, 12, 16], [13, 21, 14, 20], [15, 2, 16, 3], [17, 13, 18, 12], [19, 4, 20, 5]]"
12a_0912_115,"[[19, 4, 20, 5], [21, 11, 22, 10], [23, 9, 24, 8], [1, 7, 2, 6], [3, 18, 4, 19], [5, 14, 6, 15], [7, 1, 8, 24], [9, 23, 10, 22], [11, 17, 12, 16], [13, 21, 14, 20], [15, 2, 16, 3], [17, 13, 18, 12]]"
12a_0912_116,"[[17, 13, 18, 12], [19, 4, 20, 5], [21, 11, 22, 10], [23, 9, 24, 8], [1, 7, 2, 6], [3, 18, 4, 19], [5, 14, 6, 15], [7, 1, 8, 24], [9, 23, 10, 22], [11, 17, 12, 16], [13, 21, 14, 20], [15, 2, 16, 3]]"
12a_0912_117,"[[15, 2, 16, 3], [17, 13, 18, 12], [19, 4, 20, 5], [21, 11, 22, 10], [23, 9, 24, 8], [1, 7, 2, 6], [3, 18, 4, 19], [5, 14, 6, 15], [7, 1, 8, 24], [9, 23, 10, 22], [11, 17, 12, 16], [13, 21, 14, 20]]"
12a_0912_118,"[[13, 21, 14, 20], [15, 2, 16, 3], [17, 13, 18, 12], [19, 4, 20, 5], [21, 11, 22, 10], [23, 9, 24, 8], [1, 7, 2, 6], [3, 18, 4, 19], [5, 14, 6, 15], [7, 1, 8, 24], [9, 23, 10, 22], [11, 17, 12, 16]]"
12a_0912_119,"[[11, 17, 12, 16], [13, 21, 14, 20], [15, 2, 16, 3], [17, 13, 18, 12], [19, 4, 20, 5], [21, 11, 22, 10], [23, 9, 24, 8], [1, 7, 2, 6], [3, 18, 4, 19], [5, 14, 6, 15], [7, 1, 8, 24], [9, 23, 10, 22]]"
12a_0912_120,"[[10, 24, 11, 23], [12, 18, 13, 17], [14, 22, 15, 21], [16, 3, 17, 4], [18, 14, 19, 13], [20, 5, 21, 6], [22, 12, 23, 11], [24, 10, 1, 9], [2, 8, 3, 7], [4, 19, 5, 20], [6, 15, 7, 16], [8, 2, 9, 1]]"
12a_0912_121,"[[8, 2, 9, 1], [10, 24, 11, 23], [12, 18, 13, 17], [14, 22, 15, 21], [16, 3, 17, 4], [18, 14, 19, 13], [20, 5, 21, 6], [22, 12, 23, 11], [24, 10, 1, 9], [2, 8, 3, 7], [4, 19, 5, 20], [6, 15, 7, 16]]"
12a_0912_122,"[[6, 15, 7, 16], [8, 2, 9, 1], [10, 24, 11, 23], [12, 18, 13, 17], [14, 22, 15, 21], [16, 3, 17, 4], [18, 14, 19, 13], [20, 5, 21, 6], [22, 12, 23, 11], [24, 10, 1, 9], [2, 8, 3, 7], [4, 19, 5, 20]]"
12a_0912_123,"[[4, 19, 5, 20], [6, 15, 7, 16], [8, 2, 9, 1], [10, 24, 11, 23], [12, 18, 13, 17], [14, 22, 15, 21], [16, 3, 17, 4], [18, 14, 19, 13], [20, 5, 21, 6], [22, 12, 23, 11], [24, 10, 1, 9], [2, 8, 3, 7]]"
12a_0912_124,"[[2, 8, 3, 7], [4, 19, 5, 20], [6, 15, 7, 16], [8, 2, 9, 1], [10, 24, 11, 23], [12, 18, 13, 17], [14, 22, 15, 21], [16, 3, 17, 4], [18, 14, 19, 13], [20, 5, 21, 6], [22, 12, 23, 11], [24, 10, 1, 9]]"
12a_0912_125,"[[24, 10, 1, 9], [2, 8, 3, 7], [4, 19, 5, 20], [6, 15, 7, 16], [8, 2, 9, 1], [10, 24, 11, 23], [12, 18, 13, 17], [14, 22, 15, 21], [16, 3, 17, 4], [18, 14, 19, 13], [20, 5, 21, 6], [22, 12, 23, 11]]"
12a_0912_126,"[[22, 12, 23, 11], [24, 10, 1, 9], [2, 8, 3, 7], [4, 19, 5, 20], [6, 15, 7, 16], [8, 2, 9, 1], [10, 24, 11, 23], [12, 18, 13, 17], [14, 22, 15, 21], [16, 3, 17, 4], [18, 14, 19, 13], [20, 5, 21, 6]]"
12a_0912_127,"[[20, 5, 21, 6], [22, 12, 23, 11], [24, 10, 1, 9], [2, 8, 3, 7], [4, 19, 5, 20], [6, 15, 7, 16], [8, 2, 9, 1], [10, 24, 11, 23], [12, 18, 13, 17], [14, 22, 15, 21], [16, 3, 17, 4], [18, 14, 19, 13]]"
12a_0912_128,"[[18, 14, 19, 13], [20, 5, 21, 6], [22, 12, 23, 11], [24, 10, 1, 9], [2, 8, 3, 7], [4, 19, 5, 20], [6, 15, 7, 16], [8, 2, 9, 1], [10, 24, 11, 23], [12, 18, 13, 17], [14, 22, 15, 21], [16, 3, 17, 4]]"
12a_0912_129,"[[16, 3, 17, 4], [18, 14, 19, 13], [20, 5, 21, 6], [22, 12, 23, 11], [24, 10, 1, 9], [2, 8, 3, 7], [4, 19, 5, 20], [6, 15, 7, 16], [8, 2, 9, 1], [10, 24, 11, 23], [12, 18, 13, 17], [14, 22, 15, 21]]"
12a_0912_130,"[[14, 22, 15, 21], [16, 3, 17, 4], [18, 14, 19, 13], [20, 5, 21, 6], [22, 12, 23, 11], [24, 10, 1, 9], [2, 8, 3, 7], [4, 19, 5, 20], [6, 15, 7, 16], [8, 2, 9, 1], [10, 24, 11, 23], [12, 18, 13, 17]]"
12a_0912_131,"[[12, 18, 13, 17], [14, 22, 15, 21], [16, 3, 17, 4], [18, 14, 19, 13], [20, 5, 21, 6], [22, 12, 23, 11], [24, 10, 1, 9], [2, 8, 3, 7], [4, 19, 5, 20], [6, 15, 7, 16], [8, 2, 9, 1], [10, 24, 11, 23]]"
12a_0912_132,"[[11, 1, 12, 24], [13, 19, 14, 18], [15, 23, 16, 22], [17, 4, 18, 5], [19, 15, 20, 14], [21, 6, 22, 7], [23, 13, 24, 12], [1, 11, 2, 10], [3, 9, 4, 8], [5, 20, 6, 21], [7, 16, 8, 17], [9, 3, 10, 2]]"
12a_0912_133,"[[9, 3, 10, 2], [11, 1, 12, 24], [13, 19, 14, 18], [15, 23, 16, 22], [17, 4, 18, 5], [19, 15, 20, 14], [21, 6, 22, 7], [23, 13, 24, 12], [1, 11, 2, 10], [3, 9, 4, 8], [5, 20, 6, 21], [7, 16, 8, 17]]"
12a_0912_134,"[[7, 16, 8, 17], [9, 3, 10, 2], [11, 1, 12, 24], [13, 19, 14, 18], [15, 23, 16, 22], [17, 4, 18, 5], [19, 15, 20, 14], [21, 6, 22, 7], [23, 13, 24, 12], [1, 11, 2, 10], [3, 9, 4, 8], [5, 20, 6, 21]]"
12a_0912_135,"[[5, 20, 6, 21], [7, 16, 8, 17], [9, 3, 10, 2], [11, 1, 12, 24], [13, 19, 14, 18], [15, 23, 16, 22], [17, 4, 18, 5], [19, 15, 20, 14], [21, 6, 22, 7], [23, 13, 24, 12], [1, 11, 2, 10], [3, 9, 4, 8]]"
12a_0912_136,"[[3, 9, 4, 8], [5, 20, 6, 21], [7, 16, 8, 17], [9, 3, 10, 2], [11, 1, 12, 24], [13, 19, 14, 18], [15, 23, 16, 22], [17, 4, 18, 5], [19, 15, 20, 14], [21, 6, 22, 7], [23, 13, 24, 12], [1, 11, 2, 10]]"
12a_0912_137,"[[1, 11, 2, 10], [3, 9, 4, 8], [5, 20, 6, 21], [7, 16, 8, 17], [9, 3, 10, 2], [11, 1, 12, 24], [13, 19, 14, 18], [15, 23, 16, 22], [17, 4, 18, 5], [19, 15, 20, 14], [21, 6, 22, 7], [23, 13, 24, 12]]"
12a_0912_138,"[[23, 13, 24, 12], [1, 11, 2, 10], [3, 9, 4, 8], [5, 20, 6, 21], [7, 16, 8, 17], [9, 3, 10, 2], [11, 1, 12, 24], [13, 19, 14, 18], [15, 23, 16, 22], [17, 4, 18, 5], [19, 15, 20, 14], [21, 6, 22, 7]]"
12a_0912_139,"[[21, 6, 22, 7], [23, 13, 24, 12], [1, 11, 2, 10], [3, 9, 4, 8], [5, 20, 6, 21], [7, 16, 8, 17], [9, 3, 10, 2], [11, 1, 12, 24], [13, 19, 14, 18], [15, 23, 16, 22], [17, 4, 18, 5], [19, 15, 20, 14]]"
12a_0912_140,"[[19, 15, 20, 14], [21, 6, 22, 7], [23, 13, 24, 12], [1, 11, 2, 10], [3, 9, 4, 8], [5, 20, 6, 21], [7, 16, 8, 17], [9, 3, 10, 2], [11, 1, 12, 24], [13, 19, 14, 18], [15, 23, 16, 22], [17, 4, 18, 5]]"
12a_0912_141,"[[17, 4, 18, 5], [19, 15, 20, 14], [21, 6, 22, 7], [23, 13, 24, 12], [1, 11, 2, 10], [3, 9, 4, 8], [5, 20, 6, 21], [7, 16, 8, 17], [9, 3, 10, 2], [11, 1, 12, 24], [13, 19, 14, 18], [15, 23, 16, 22]]"
12a_0912_142,"[[15, 23, 16, 22], [17, 4, 18, 5], [19, 15, 20, 14], [21, 6, 22, 7], [23, 13, 24, 12], [1, 11, 2, 10], [3, 9, 4, 8], [5, 20, 6, 21], [7, 16, 8, 17], [9, 3, 10, 2], [11, 1, 12, 24], [13, 19, 14, 18]]"
12a_0912_143,"[[13, 19, 14, 18], [15, 23, 16, 22], [17, 4, 18, 5], [19, 15, 20, 14], [21, 6, 22, 7], [23, 13, 24, 12], [1, 11, 2, 10], [3, 9, 4, 8], [5, 20, 6, 21], [7, 16, 8, 17], [9, 3, 10, 2], [11, 1, 12, 24]]"
12a_0912_144,"[[12, 2, 13, 1], [14, 20, 15, 19], [16, 24, 17, 23], [18, 5, 19, 6], [20, 16, 21, 15], [22, 7, 23, 8], [24, 14, 1, 13], [2, 12, 3, 11], [4, 10, 5, 9], [6, 21, 7, 22], [8, 17, 9, 18], [10, 4, 11, 3]]"
12a_0912_145,"[[10, 4, 11, 3], [12, 2, 13, 1], [14, 20, 15, 19], [16, 24, 17, 23], [18, 5, 19, 6], [20, 16, 21, 15], [22, 7, 23, 8], [24, 14, 1, 13], [2, 12, 3, 11], [4, 10, 5, 9], [6, 21, 7, 22], [8, 17, 9, 18]]"
12a_0912_146,"[[8, 17, 9, 18], [10, 4, 11, 3], [12, 2, 13, 1], [14, 20, 15, 19], [16, 24, 17, 23], [18, 5, 19, 6], [20, 16, 21, 15], [22, 7, 23, 8], [24, 14, 1, 13], [2, 12, 3, 11], [4, 10, 5, 9], [6, 21, 7, 22]]"
12a_0912_147,"[[6, 21, 7, 22], [8, 17, 9, 18], [10, 4, 11, 3], [12, 2, 13, 1], [14, 20, 15, 19], [16, 24, 17, 23], [18, 5, 19, 6], [20, 16, 21, 15], [22, 7, 23, 8], [24, 14, 1, 13], [2, 12, 3, 11], [4, 10, 5, 9]]"
12a_0912_148,"[[4, 10, 5, 9], [6, 21, 7, 22], [8, 17, 9, 18], [10, 4, 11, 3], [12, 2, 13, 1], [14, 20, 15, 19], [16, 24, 17, 23], [18, 5, 19, 6], [20, 16, 21, 15], [22, 7, 23, 8], [24, 14, 1, 13], [2, 12, 3, 11]]"
12a_0912_149,"[[2, 12, 3, 11], [4, 10, 5, 9], [6, 21, 7, 22], [8, 17, 9, 18], [10, 4, 11, 3], [12, 2, 13, 1], [14, 20, 15, 19], [16, 24, 17, 23], [18, 5, 19, 6], [20, 16, 21, 15], [22, 7, 23, 8], [24, 14, 1, 13]]"
12a_0912_150,"[[24, 14, 1, 13], [2, 12, 3, 11], [4, 10, 5, 9], [6, 21, 7, 22], [8, 17, 9, 18], [10, 4, 11, 3], [12, 2, 13, 1], [14, 20, 15, 19], [16, 24, 17, 23], [18, 5, 19, 6], [20, 16, 21, 15], [22, 7, 23, 8]]"
12a_0912_151,"[[22, 7, 23, 8], [24, 14, 1, 13], [2, 12, 3, 11], [4, 10, 5, 9], [6, 21, 7, 22], [8, 17, 9, 18], [10, 4, 11, 3], [12, 2, 13, 1], [14, 20, 15, 19], [16, 24, 17, 23], [18, 5, 19, 6], [20, 16, 21, 15]]"
12a_0912_152,"[[20, 16, 21, 15], [22, 7, 23, 8], [24, 14, 1, 13], [2, 12, 3, 11], [4, 10, 5, 9], [6, 21, 7, 22], [8, 17, 9, 18], [10, 4, 11, 3], [12, 2, 13, 1], [14, 20, 15, 19], [16, 24, 17, 23], [18, 5, 19, 6]]"
12a_0912_153,"[[18, 5, 19, 6], [20, 16, 21, 15], [22, 7, 23, 8], [24, 14, 1, 13], [2, 12, 3, 11], [4, 10, 5, 9], [6, 21, 7, 22], [8, 17, 9, 18], [10, 4, 11, 3], [12, 2, 13, 1], [14, 20, 15, 19], [16, 24, 17, 23]]"
12a_0912_154,"[[16, 24, 17, 23], [18, 5, 19, 6], [20, 16, 21, 15], [22, 7, 23, 8], [24, 14, 1, 13], [2, 12, 3, 11], [4, 10, 5, 9], [6, 21, 7, 22], [8, 17, 9, 18], [10, 4, 11, 3], [12, 2, 13, 1], [14, 20, 15, 19]]"
12a_0912_155,"[[14, 20, 15, 19], [16, 24, 17, 23], [18, 5, 19, 6], [20, 16, 21, 15], [22, 7, 23, 8], [24, 14, 1, 13], [2, 12, 3, 11], [4, 10, 5, 9], [6, 21, 7, 22], [8, 17, 9, 18], [10, 4, 11, 3], [12, 2, 13, 1]]"
12a_0912_156,"[[13, 3, 14, 2], [15, 21, 16, 20], [17, 1, 18, 24], [19, 6, 20, 7], [21, 17, 22, 16], [23, 8, 24, 9], [1, 15, 2, 14], [3, 13, 4, 12], [5, 11, 6, 10], [7, 22, 8, 23], [9, 18, 10, 19], [11, 5, 12, 4]]"
12a_0912_157,"[[11, 5, 12, 4], [13, 3, 14, 2], [15, 21, 16, 20], [17, 1, 18, 24], [19, 6, 20, 7], [21, 17, 22, 16], [23, 8, 24, 9], [1, 15, 2, 14], [3, 13, 4, 12], [5, 11, 6, 10], [7, 22, 8, 23], [9, 18, 10, 19]]"
12a_0912_158,"[[9, 18, 10, 19], [11, 5, 12, 4], [13, 3, 14, 2], [15, 21, 16, 20], [17, 1, 18, 24], [19, 6, 20, 7], [21, 17, 22, 16], [23, 8, 24, 9], [1, 15, 2, 14], [3, 13, 4, 12], [5, 11, 6, 10], [7, 22, 8, 23]]"
12a_0912_159,"[[7, 22, 8, 23], [9, 18, 10, 19], [11, 5, 12, 4], [13, 3, 14, 2], [15, 21, 16, 20], [17, 1, 18, 24], [19, 6, 20, 7], [21, 17, 22, 16], [23, 8, 24, 9], [1, 15, 2, 14], [3, 13, 4, 12], [5, 11, 6, 10]]"
12a_0912_160,"[[5, 11, 6, 10], [7, 22, 8, 23], [9, 18, 10, 19], [11, 5, 12, 4], [13, 3, 14, 2], [15, 21, 16, 20], [17, 1, 18, 24], [19, 6, 20, 7], [21, 17, 22, 16], [23, 8, 24, 9], [1, 15, 2, 14], [3, 13, 4, 12]]"
12a_0912_161,"[[3, 13, 4, 12], [5, 11, 6, 10], [7, 22, 8, 23], [9, 18, 10, 19], [11, 5, 12, 4], [13, 3, 14, 2], [15, 21, 16, 20], [17, 1, 18, 24], [19, 6, 20, 7], [21, 17, 22, 16], [23, 8, 24, 9], [1, 15, 2, 14]]"
12a_0912_162,"[[1, 15, 2, 14], [3, 13, 4, 12], [5, 11, 6, 10], [7, 22, 8, 23], [9, 18, 10, 19], [11, 5, 12, 4], [13, 3, 14, 2], [15, 21, 16, 20], [17, 1, 18, 24], [19, 6, 20, 7], [21, 17, 22, 16], [23, 8, 24, 9]]"
12a_0912_163,"[[23, 8, 24, 9], [1, 15, 2, 14], [3, 13, 4, 12], [5, 11, 6, 10], [7, 22, 8, 23], [9, 18, 10, 19], [11, 5, 12, 4], [13, 3, 14, 2], [15, 21, 16, 20], [17, 1, 18, 24], [19, 6, 20, 7], [21, 17, 22, 16]]"
12a_0912_164,"[[21, 17, 22, 16], [23, 8, 24, 9], [1, 15, 2, 14], [3, 13, 4, 12], [5, 11, 6, 10], [7, 22, 8, 23], [9, 18, 10, 19], [11, 5, 12, 4], [13, 3, 14, 2], [15, 21, 16, 20], [17, 1, 18, 24], [19, 6, 20, 7]]"
12a_0912_165,"[[19, 6, 20, 7], [21, 17, 22, 16], [23, 8, 24, 9], [1, 15, 2, 14], [3, 13, 4, 12], [5, 11, 6, 10], [7, 22, 8, 23], [9, 18, 10, 19], [11, 5, 12, 4], [13, 3, 14, 2], [15, 21, 16, 20], [17, 1, 18, 24]]"
12a_0912_166,"[[17, 1, 18, 24], [19, 6, 20, 7], [21, 17, 22, 16], [23, 8, 24, 9], [1, 15, 2, 14], [3, 13, 4, 12], [5, 11, 6, 10], [7, 22, 8, 23], [9, 18, 10, 19], [11, 5, 12, 4], [13, 3, 14, 2], [15, 21, 16, 20]]"
12a_0912_167,"[[15, 21, 16, 20], [17, 1, 18, 24], [19, 6, 20, 7], [21, 17, 22, 16], [23, 8, 24, 9], [1, 15, 2, 14], [3, 13, 4, 12], [5, 11, 6, 10], [7, 22, 8, 23], [9, 18, 10, 19], [11, 5, 12, 4], [13, 3, 14, 2]]"
12a_0912_168,"[[14, 4, 15, 3], [16, 22, 17, 21], [18, 2, 19, 1], [20, 7, 21, 8], [22, 18, 23, 17], [24, 9, 1, 10], [2, 16, 3, 15], [4, 14, 5, 13], [6, 12, 7, 11], [8, 23, 9, 24], [10, 19, 11, 20], [12, 6, 13, 5]]"
12a_0912_169,"[[12, 6, 13, 5], [14, 4, 15, 3], [16, 22, 17, 21], [18, 2, 19, 1], [20, 7, 21, 8], [22, 18, 23, 17], [24, 9, 1, 10], [2, 16, 3, 15], [4, 14, 5, 13], [6, 12, 7, 11], [8, 23, 9, 24], [10, 19, 11, 20]]"
12a_0912_170,"[[10, 19, 11, 20], [12, 6, 13, 5], [14, 4, 15, 3], [16, 22, 17, 21], [18, 2, 19, 1], [20, 7, 21, 8], [22, 18, 23, 17], [24, 9, 1, 10], [2, 16, 3, 15], [4, 14, 5, 13], [6, 12, 7, 11], [8, 23, 9, 24]]"
12a_0912_171,"[[8, 23, 9, 24], [10, 19, 11, 20], [12, 6, 13, 5], [14, 4, 15, 3], [16, 22, 17, 21], [18, 2, 19, 1], [20, 7, 21, 8], [22, 18, 23, 17], [24, 9, 1, 10], [2, 16, 3, 15], [4, 14, 5, 13], [6, 12, 7, 11]]"
12a_0912_172,"[[6, 12, 7, 11], [8, 23, 9, 24], [10, 19, 11, 20], [12, 6, 13, 5], [14, 4, 15, 3], [16, 22, 17, 21], [18, 2, 19, 1], [20, 7, 21, 8], [22, 18, 23, 17], [24, 9, 1, 10], [2, 16, 3, 15], [4, 14, 5, 13]]"
12a_0912_173,"[[4, 14, 5, 13], [6, 12, 7, 11], [8, 23, 9, 24], [10, 19, 11, 20], [12, 6, 13, 5], [14, 4, 15, 3], [16, 22, 17, 21], [18, 2, 19, 1], [20, 7, 21, 8], [22, 18, 23, 17], [24, 9, 1, 10], [2, 16, 3, 15]]"
12a_0912_174,"[[2, 16, 3, 15], [4, 14, 5, 13], [6, 12, 7, 11], [8, 23, 9, 24], [10, 19, 11, 20], [12, 6, 13, 5], [14, 4, 15, 3], [16, 22, 17, 21], [18, 2, 19, 1], [20, 7, 21, 8], [22, 18, 23, 17], [24, 9, 1, 10]]"
12a_0912_175,"[[24, 9, 1, 10], [2, 16, 3, 15], [4, 14, 5, 13], [6, 12, 7, 11], [8, 23, 9, 24], [10, 19, 11, 20], [12, 6, 13, 5], [14, 4, 15, 3], [16, 22, 17, 21], [18, 2, 19, 1], [20, 7, 21, 8], [22, 18, 23, 17]]"
12a_0912_176,"[[22, 18, 23, 17], [24, 9, 1, 10], [2, 16, 3, 15], [4, 14, 5, 13], [6, 12, 7, 11], [8, 23, 9, 24], [10, 19, 11, 20], [12, 6, 13, 5], [14, 4, 15, 3], [16, 22, 17, 21], [18, 2, 19, 1], [20, 7, 21, 8]]"
12a_0912_177,"[[20, 7, 21, 8], [22, 18, 23, 17], [24, 9, 1, 10], [2, 16, 3, 15], [4, 14, 5, 13], [6, 12, 7, 11], [8, 23, 9, 24], [10, 19, 11, 20], [12, 6, 13, 5], [14, 4, 15, 3], [16, 22, 17, 21], [18, 2, 19, 1]]"
12a_0912_178,"[[18, 2, 19, 1], [20, 7, 21, 8], [22, 18, 23, 17], [24, 9, 1, 10], [2, 16, 3, 15], [4, 14, 5, 13], [6, 12, 7, 11], [8, 23, 9, 24], [10, 19, 11, 20], [12, 6, 13, 5], [14, 4, 15, 3], [16, 22, 17, 21]]"
12a_0912_179,"[[16, 22, 17, 21], [18, 2, 19, 1], [20, 7, 21, 8], [22, 18, 23, 17], [24, 9, 1, 10], [2, 16, 3, 15], [4, 14, 5, 13], [6, 12, 7, 11], [8, 23, 9, 24], [10, 19, 11, 20], [12, 6, 13, 5], [14, 4, 15, 3]]"
12a_0912_180,"[[15, 5, 16, 4], [17, 23, 18, 22], [19, 3, 20, 2], [21, 8, 22, 9], [23, 19, 24, 18], [1, 10, 2, 11], [3, 17, 4, 16], [5, 15, 6, 14], [7, 13, 8, 12], [9, 24, 10, 1], [11, 20, 12, 21], [13, 7, 14, 6]]"
12a_0912_181,"[[13, 7, 14, 6], [15, 5, 16, 4], [17, 23, 18, 22], [19, 3, 20, 2], [21, 8, 22, 9], [23, 19, 24, 18], [1, 10, 2, 11], [3, 17, 4, 16], [5, 15, 6, 14], [7, 13, 8, 12], [9, 24, 10, 1], [11, 20, 12, 21]]"
12a_0912_182,"[[11, 20, 12, 21], [13, 7, 14, 6], [15, 5, 16, 4], [17, 23, 18, 22], [19, 3, 20, 2], [21, 8, 22, 9], [23, 19, 24, 18], [1, 10, 2, 11], [3, 17, 4, 16], [5, 15, 6, 14], [7, 13, 8, 12], [9, 24, 10, 1]]"
12a_0912_183,"[[9, 24, 10, 1], [11, 20, 12, 21], [13, 7, 14, 6], [15, 5, 16, 4], [17, 23, 18, 22], [19, 3, 20, 2], [21, 8, 22, 9], [23, 19, 24, 18], [1, 10, 2, 11], [3, 17, 4, 16], [5, 15, 6, 14], [7, 13, 8, 12]]"
12a_0912_184,"[[7, 13, 8, 12], [9, 24, 10, 1], [11, 20, 12, 21], [13, 7, 14, 6], [15, 5, 16, 4], [17, 23, 18, 22], [19, 3, 20, 2], [21, 8, 22, 9], [23, 19, 24, 18], [1, 10, 2, 11], [3, 17, 4, 16], [5, 15, 6, 14]]"
12a_0912_185,"[[5, 15, 6, 14], [7, 13, 8, 12], [9, 24, 10, 1], [11, 20, 12, 21], [13, 7, 14, 6], [15, 5, 16, 4], [17, 23, 18, 22], [19, 3, 20, 2], [21, 8, 22, 9], [23, 19, 24, 18], [1, 10, 2, 11], [3, 17, 4, 16]]"
