name,pd_notation
12a_0375_0,"[[24, 13, 1, 14], [2, 6, 3, 5], [4, 12, 5, 11], [6, 17, 7, 18], [8, 19, 9, 20], [10, 4, 11, 3], [12, 23, 13, 24], [14, 1, 15, 2], [16, 21, 17, 22], [18, 7, 19, 8], [20, 9, 21, 10], [22, 15, 23, 16]]"
12a_0375_1,"[[22, 15, 23, 16], [24, 13, 1, 14], [2, 6, 3, 5], [4, 12, 5, 11], [6, 17, 7, 18], [8, 19, 9, 20], [10, 4, 11, 3], [12, 23, 13, 24], [14, 1, 15, 2], [16, 21, 17, 22], [18, 7, 19, 8], [20, 9, 21, 10]]"
12a_0375_2,"[[20, 9, 21, 10], [22, 15, 23, 16], [24, 13, 1, 14], [2, 6, 3, 5], [4, 12, 5, 11], [6, 17, 7, 18], [8, 19, 9, 20], [10, 4, 11, 3], [12, 23, 13, 24], [14, 1, 15, 2], [16, 21, 17, 22], [18, 7, 19, 8]]"
12a_0375_3,"[[18, 7, 19, 8], [20, 9, 21, 10], [22, 15, 23, 16], [24, 13, 1, 14], [2, 6, 3, 5], [4, 12, 5, 11], [6, 17, 7, 18], [8, 19, 9, 20], [10, 4, 11, 3], [12, 23, 13, 24], [14, 1, 15, 2], [16, 21, 17, 22]]"
12a_0375_4,"[[16, 21, 17, 22], [18, 7, 19, 8], [20, 9, 21, 10], [22, 15, 23, 16], [24, 13, 1, 14], [2, 6, 3, 5], [4, 12, 5, 11], [6, 17, 7, 18], [8, 19, 9, 20], [10, 4, 11, 3], [12, 23, 13, 24], [14, 1, 15, 2]]"
12a_0375_5,"[[14, 1, 15, 2], [16, 21, 17, 22], [18, 7, 19, 8], [20, 9, 21, 10], [22, 15, 23, 16], [24, 13, 1, 14], [2, 6, 3, 5], [4, 12, 5, 11], [6, 17, 7, 18], [8, 19, 9, 20], [10, 4, 11, 3], [12, 23, 13, 24]]"
12a_0375_6,"[[12, 23, 13, 24], [14, 1, 15, 2], [16, 21, 17, 22], [18, 7, 19, 8], [20, 9, 21, 10], [22, 15, 23, 16], [24, 13, 1, 14], [2, 6, 3, 5], [4, 12, 5, 11], [6, 17, 7, 18], [8, 19, 9, 20], [10, 4, 11, 3]]"
12a_0375_7,"[[10, 4, 11, 3], [12, 23, 13, 24], [14, 1, 15, 2], [16, 21, 17, 22], [18, 7, 19, 8], [20, 9, 21, 10], [22, 15, 23, 16], [24, 13, 1, 14], [2, 6, 3, 5], [4, 12, 5, 11], [6, 17, 7, 18], [8, 19, 9, 20]]"
12a_0375_8,"[[8, 19, 9, 20], [10, 4, 11, 3], [12, 23, 13, 24], [14, 1, 15, 2], [16, 21, 17, 22], [18, 7, 19, 8], [20, 9, 21, 10], [22, 15, 23, 16], [24, 13, 1, 14], [2, 6, 3, 5], [4, 12, 5, 11], [6, 17, 7, 18]]"
12a_0375_9,"[[6, 17, 7, 18], [8, 19, 9, 20], [10, 4, 11, 3], [12, 23, 13, 24], [14, 1, 15, 2], [16, 21, 17, 22], [18, 7, 19, 8], [20, 9, 21, 10], [22, 15, 23, 16], [24, 13, 1, 14], [2, 6, 3, 5], [4, 12, 5, 11]]"
12a_0375_10,"[[4, 12, 5, 11], [6, 17, 7, 18], [8, 19, 9, 20], [10, 4, 11, 3], [12, 23, 13, 24], [14, 1, 15, 2], [16, 21, 17, 22], [18, 7, 19, 8], [20, 9, 21, 10], [22, 15, 23, 16], [24, 13, 1, 14], [2, 6, 3, 5]]"
12a_0375_11,"[[2, 6, 3, 5], [4, 12, 5, 11], [6, 17, 7, 18], [8, 19, 9, 20], [10, 4, 11, 3], [12, 23, 13, 24], [14, 1, 15, 2], [16, 21, 17, 22], [18, 7, 19, 8], [20, 9, 21, 10], [22, 15, 23, 16], [24, 13, 1, 14]]"
12a_0375_12,"[[1, 14, 2, 15], [3, 7, 4, 6], [5, 13, 6, 12], [7, 18, 8, 19], [9, 20, 10, 21], [11, 5, 12, 4], [13, 24, 14, 1], [15, 2, 16, 3], [17, 22, 18, 23], [19, 8, 20, 9], [21, 10, 22, 11], [23, 16, 24, 17]]"
12a_0375_13,"[[23, 16, 24, 17], [1, 14, 2, 15], [3, 7, 4, 6], [5, 13, 6, 12], [7, 18, 8, 19], [9, 20, 10, 21], [11, 5, 12, 4], [13, 24, 14, 1], [15, 2, 16, 3], [17, 22, 18, 23], [19, 8, 20, 9], [21, 10, 22, 11]]"
12a_0375_14,"[[21, 10, 22, 11], [23, 16, 24, 17], [1, 14, 2, 15], [3, 7, 4, 6], [5, 13, 6, 12], [7, 18, 8, 19], [9, 20, 10, 21], [11, 5, 12, 4], [13, 24, 14, 1], [15, 2, 16, 3], [17, 22, 18, 23], [19, 8, 20, 9]]"
12a_0375_15,"[[19, 8, 20, 9], [21, 10, 22, 11], [23, 16, 24, 17], [1, 14, 2, 15], [3, 7, 4, 6], [5, 13, 6, 12], [7, 18, 8, 19], [9, 20, 10, 21], [11, 5, 12, 4], [13, 24, 14, 1], [15, 2, 16, 3], [17, 22, 18, 23]]"
12a_0375_16,"[[17, 22, 18, 23], [19, 8, 20, 9], [21, 10, 22, 11], [23, 16, 24, 17], [1, 14, 2, 15], [3, 7, 4, 6], [5, 13, 6, 12], [7, 18, 8, 19], [9, 20, 10, 21], [11, 5, 12, 4], [13, 24, 14, 1], [15, 2, 16, 3]]"
12a_0375_17,"[[15, 2, 16, 3], [17, 22, 18, 23], [19, 8, 20, 9], [21, 10, 22, 11], [23, 16, 24, 17], [1, 14, 2, 15], [3, 7, 4, 6], [5, 13, 6, 12], [7, 18, 8, 19], [9, 20, 10, 21], [11, 5, 12, 4], [13, 24, 14, 1]]"
12a_0375_18,"[[13, 24, 14, 1], [15, 2, 16, 3], [17, 22, 18, 23], [19, 8, 20, 9], [21, 10, 22, 11], [23, 16, 24, 17], [1, 14, 2, 15], [3, 7, 4, 6], [5, 13, 6, 12], [7, 18, 8, 19], [9, 20, 10, 21], [11, 5, 12, 4]]"
12a_0375_19,"[[11, 5, 12, 4], [13, 24, 14, 1], [15, 2, 16, 3], [17, 22, 18, 23], [19, 8, 20, 9], [21, 10, 22, 11], [23, 16, 24, 17], [1, 14, 2, 15], [3, 7, 4, 6], [5, 13, 6, 12], [7, 18, 8, 19], [9, 20, 10, 21]]"
12a_0375_20,"[[9, 20, 10, 21], [11, 5, 12, 4], [13, 24, 14, 1], [15, 2, 16, 3], [17, 22, 18, 23], [19, 8, 20, 9], [21, 10, 22, 11], [23, 16, 24, 17], [1, 14, 2, 15], [3, 7, 4, 6], [5, 13, 6, 12], [7, 18, 8, 19]]"
12a_0375_21,"[[7, 18, 8, 19], [9, 20, 10, 21], [11, 5, 12, 4], [13, 24, 14, 1], [15, 2, 16, 3], [17, 22, 18, 23], [19, 8, 20, 9], [21, 10, 22, 11], [23, 16, 24, 17], [1, 14, 2, 15], [3, 7, 4, 6], [5, 13, 6, 12]]"
12a_0375_22,"[[5, 13, 6, 12], [7, 18, 8, 19], [9, 20, 10, 21], [11, 5, 12, 4], [13, 24, 14, 1], [15, 2, 16, 3], [17, 22, 18, 23], [19, 8, 20, 9], [21, 10, 22, 11], [23, 16, 24, 17], [1, 14, 2, 15], [3, 7, 4, 6]]"
12a_0375_23,"[[3, 7, 4, 6], [5, 13, 6, 12], [7, 18, 8, 19], [9, 20, 10, 21], [11, 5, 12, 4], [13, 24, 14, 1], [15, 2, 16, 3], [17, 22, 18, 23], [19, 8, 20, 9], [21, 10, 22, 11], [23, 16, 24, 17], [1, 14, 2, 15]]"
12a_0375_24,"[[2, 15, 3, 16], [4, 8, 5, 7], [6, 14, 7, 13], [8, 19, 9, 20], [10, 21, 11, 22], [12, 6, 13, 5], [14, 1, 15, 2], [16, 3, 17, 4], [18, 23, 19, 24], [20, 9, 21, 10], [22, 11, 23, 12], [24, 17, 1, 18]]"
12a_0375_25,"[[24, 17, 1, 18], [2, 15, 3, 16], [4, 8, 5, 7], [6, 14, 7, 13], [8, 19, 9, 20], [10, 21, 11, 22], [12, 6, 13, 5], [14, 1, 15, 2], [16, 3, 17, 4], [18, 23, 19, 24], [20, 9, 21, 10], [22, 11, 23, 12]]"
12a_0375_26,"[[22, 11, 23, 12], [24, 17, 1, 18], [2, 15, 3, 16], [4, 8, 5, 7], [6, 14, 7, 13], [8, 19, 9, 20], [10, 21, 11, 22], [12, 6, 13, 5], [14, 1, 15, 2], [16, 3, 17, 4], [18, 23, 19, 24], [20, 9, 21, 10]]"
12a_0375_27,"[[20, 9, 21, 10], [22, 11, 23, 12], [24, 17, 1, 18], [2, 15, 3, 16], [4, 8, 5, 7], [6, 14, 7, 13], [8, 19, 9, 20], [10, 21, 11, 22], [12, 6, 13, 5], [14, 1, 15, 2], [16, 3, 17, 4], [18, 23, 19, 24]]"
12a_0375_28,"[[18, 23, 19, 24], [20, 9, 21, 10], [22, 11, 23, 12], [24, 17, 1, 18], [2, 15, 3, 16], [4, 8, 5, 7], [6, 14, 7, 13], [8, 19, 9, 20], [10, 21, 11, 22], [12, 6, 13, 5], [14, 1, 15, 2], [16, 3, 17, 4]]"
12a_0375_29,"[[16, 3, 17, 4], [18, 23, 19, 24], [20, 9, 21, 10], [22, 11, 23, 12], [24, 17, 1, 18], [2, 15, 3, 16], [4, 8, 5, 7], [6, 14, 7, 13], [8, 19, 9, 20], [10, 21, 11, 22], [12, 6, 13, 5], [14, 1, 15, 2]]"
12a_0375_30,"[[14, 1, 15, 2], [16, 3, 17, 4], [18, 23, 19, 24], [20, 9, 21, 10], [22, 11, 23, 12], [24, 17, 1, 18], [2, 15, 3, 16], [4, 8, 5, 7], [6, 14, 7, 13], [8, 19, 9, 20], [10, 21, 11, 22], [12, 6, 13, 5]]"
12a_0375_31,"[[12, 6, 13, 5], [14, 1, 15, 2], [16, 3, 17, 4], [18, 23, 19, 24], [20, 9, 21, 10], [22, 11, 23, 12], [24, 17, 1, 18], [2, 15, 3, 16], [4, 8, 5, 7], [6, 14, 7, 13], [8, 19, 9, 20], [10, 21, 11, 22]]"
12a_0375_32,"[[10, 21, 11, 22], [12, 6, 13, 5], [14, 1, 15, 2], [16, 3, 17, 4], [18, 23, 19, 24], [20, 9, 21, 10], [22, 11, 23, 12], [24, 17, 1, 18], [2, 15, 3, 16], [4, 8, 5, 7], [6, 14, 7, 13], [8, 19, 9, 20]]"
12a_0375_33,"[[8, 19, 9, 20], [10, 21, 11, 22], [12, 6, 13, 5], [14, 1, 15, 2], [16, 3, 17, 4], [18, 23, 19, 24], [20, 9, 21, 10], [22, 11, 23, 12], [24, 17, 1, 18], [2, 15, 3, 16], [4, 8, 5, 7], [6, 14, 7, 13]]"
12a_0375_34,"[[6, 14, 7, 13], [8, 19, 9, 20], [10, 21, 11, 22], [12, 6, 13, 5], [14, 1, 15, 2], [16, 3, 17, 4], [18, 23, 19, 24], [20, 9, 21, 10], [22, 11, 23, 12], [24, 17, 1, 18], [2, 15, 3, 16], [4, 8, 5, 7]]"
12a_0375_35,"[[4, 8, 5, 7], [6, 14, 7, 13], [8, 19, 9, 20], [10, 21, 11, 22], [12, 6, 13, 5], [14, 1, 15, 2], [16, 3, 17, 4], [18, 23, 19, 24], [20, 9, 21, 10], [22, 11, 23, 12], [24, 17, 1, 18], [2, 15, 3, 16]]"
12a_0375_36,"[[3, 16, 4, 17], [5, 9, 6, 8], [7, 15, 8, 14], [9, 20, 10, 21], [11, 22, 12, 23], [13, 7, 14, 6], [15, 2, 16, 3], [17, 4, 18, 5], [19, 24, 20, 1], [21, 10, 22, 11], [23, 12, 24, 13], [1, 18, 2, 19]]"
12a_0375_37,"[[1, 18, 2, 19], [3, 16, 4, 17], [5, 9, 6, 8], [7, 15, 8, 14], [9, 20, 10, 21], [11, 22, 12, 23], [13, 7, 14, 6], [15, 2, 16, 3], [17, 4, 18, 5], [19, 24, 20, 1], [21, 10, 22, 11], [23, 12, 24, 13]]"
12a_0375_38,"[[23, 12, 24, 13], [1, 18, 2, 19], [3, 16, 4, 17], [5, 9, 6, 8], [7, 15, 8, 14], [9, 20, 10, 21], [11, 22, 12, 23], [13, 7, 14, 6], [15, 2, 16, 3], [17, 4, 18, 5], [19, 24, 20, 1], [21, 10, 22, 11]]"
12a_0375_39,"[[21, 10, 22, 11], [23, 12, 24, 13], [1, 18, 2, 19], [3, 16, 4, 17], [5, 9, 6, 8], [7, 15, 8, 14], [9, 20, 10, 21], [11, 22, 12, 23], [13, 7, 14, 6], [15, 2, 16, 3], [17, 4, 18, 5], [19, 24, 20, 1]]"
12a_0375_40,"[[19, 24, 20, 1], [21, 10, 22, 11], [23, 12, 24, 13], [1, 18, 2, 19], [3, 16, 4, 17], [5, 9, 6, 8], [7, 15, 8, 14], [9, 20, 10, 21], [11, 22, 12, 23], [13, 7, 14, 6], [15, 2, 16, 3], [17, 4, 18, 5]]"
12a_0375_41,"[[17, 4, 18, 5], [19, 24, 20, 1], [21, 10, 22, 11], [23, 12, 24, 13], [1, 18, 2, 19], [3, 16, 4, 17], [5, 9, 6, 8], [7, 15, 8, 14], [9, 20, 10, 21], [11, 22, 12, 23], [13, 7, 14, 6], [15, 2, 16, 3]]"
12a_0375_42,"[[15, 2, 16, 3], [17, 4, 18, 5], [19, 24, 20, 1], [21, 10, 22, 11], [23, 12, 24, 13], [1, 18, 2, 19], [3, 16, 4, 17], [5, 9, 6, 8], [7, 15, 8, 14], [9, 20, 10, 21], [11, 22, 12, 23], [13, 7, 14, 6]]"
12a_0375_43,"[[13, 7, 14, 6], [15, 2, 16, 3], [17, 4, 18, 5], [19, 24, 20, 1], [21, 10, 22, 11], [23, 12, 24, 13], [1, 18, 2, 19], [3, 16, 4, 17], [5, 9, 6, 8], [7, 15, 8, 14], [9, 20, 10, 21], [11, 22, 12, 23]]"
12a_0375_44,"[[11, 22, 12, 23], [13, 7, 14, 6], [15, 2, 16, 3], [17, 4, 18, 5], [19, 24, 20, 1], [21, 10, 22, 11], [23, 12, 24, 13], [1, 18, 2, 19], [3, 16, 4, 17], [5, 9, 6, 8], [7, 15, 8, 14], [9, 20, 10, 21]]"
12a_0375_45,"[[9, 20, 10, 21], [11, 22, 12, 23], [13, 7, 14, 6], [15, 2, 16, 3], [17, 4, 18, 5], [19, 24, 20, 1], [21, 10, 22, 11], [23, 12, 24, 13], [1, 18, 2, 19], [3, 16, 4, 17], [5, 9, 6, 8], [7, 15, 8, 14]]"
12a_0375_46,"[[7, 15, 8, 14], [9, 20, 10, 21], [11, 22, 12, 23], [13, 7, 14, 6], [15, 2, 16, 3], [17, 4, 18, 5], [19, 24, 20, 1], [21, 10, 22, 11], [23, 12, 24, 13], [1, 18, 2, 19], [3, 16, 4, 17], [5, 9, 6, 8]]"
12a_0375_47,"[[5, 9, 6, 8], [7, 15, 8, 14], [9, 20, 10, 21], [11, 22, 12, 23], [13, 7, 14, 6], [15, 2, 16, 3], [17, 4, 18, 5], [19, 24, 20, 1], [21, 10, 22, 11], [23, 12, 24, 13], [1, 18, 2, 19], [3, 16, 4, 17]]"
12a_0375_48,"[[4, 17, 5, 18], [6, 10, 7, 9], [8, 16, 9, 15], [10, 21, 11, 22], [12, 23, 13, 24], [14, 8, 15, 7], [16, 3, 17, 4], [18, 5, 19, 6], [20, 1, 21, 2], [22, 11, 23, 12], [24, 13, 1, 14], [2, 19, 3, 20]]"
12a_0375_49,"[[2, 19, 3, 20], [4, 17, 5, 18], [6, 10, 7, 9], [8, 16, 9, 15], [10, 21, 11, 22], [12, 23, 13, 24], [14, 8, 15, 7], [16, 3, 17, 4], [18, 5, 19, 6], [20, 1, 21, 2], [22, 11, 23, 12], [24, 13, 1, 14]]"
12a_0375_50,"[[24, 13, 1, 14], [2, 19, 3, 20], [4, 17, 5, 18], [6, 10, 7, 9], [8, 16, 9, 15], [10, 21, 11, 22], [12, 23, 13, 24], [14, 8, 15, 7], [16, 3, 17, 4], [18, 5, 19, 6], [20, 1, 21, 2], [22, 11, 23, 12]]"
12a_0375_51,"[[22, 11, 23, 12], [24, 13, 1, 14], [2, 19, 3, 20], [4, 17, 5, 18], [6, 10, 7, 9], [8, 16, 9, 15], [10, 21, 11, 22], [12, 23, 13, 24], [14, 8, 15, 7], [16, 3, 17, 4], [18, 5, 19, 6], [20, 1, 21, 2]]"
12a_0375_52,"[[20, 1, 21, 2], [22, 11, 23, 12], [24, 13, 1, 14], [2, 19, 3, 20], [4, 17, 5, 18], [6, 10, 7, 9], [8, 16, 9, 15], [10, 21, 11, 22], [12, 23, 13, 24], [14, 8, 15, 7], [16, 3, 17, 4], [18, 5, 19, 6]]"
12a_0375_53,"[[18, 5, 19, 6], [20, 1, 21, 2], [22, 11, 23, 12], [24, 13, 1, 14], [2, 19, 3, 20], [4, 17, 5, 18], [6, 10, 7, 9], [8, 16, 9, 15], [10, 21, 11, 22], [12, 23, 13, 24], [14, 8, 15, 7], [16, 3, 17, 4]]"
12a_0375_54,"[[16, 3, 17, 4], [18, 5, 19, 6], [20, 1, 21, 2], [22, 11, 23, 12], [24, 13, 1, 14], [2, 19, 3, 20], [4, 17, 5, 18], [6, 10, 7, 9], [8, 16, 9, 15], [10, 21, 11, 22], [12, 23, 13, 24], [14, 8, 15, 7]]"
12a_0375_55,"[[14, 8, 15, 7], [16, 3, 17, 4], [18, 5, 19, 6], [20, 1, 21, 2], [22, 11, 23, 12], [24, 13, 1, 14], [2, 19, 3, 20], [4, 17, 5, 18], [6, 10, 7, 9], [8, 16, 9, 15], [10, 21, 11, 22], [12, 23, 13, 24]]"
12a_0375_56,"[[12, 23, 13, 24], [14, 8, 15, 7], [16, 3, 17, 4], [18, 5, 19, 6], [20, 1, 21, 2], [22, 11, 23, 12], [24, 13, 1, 14], [2, 19, 3, 20], [4, 17, 5, 18], [6, 10, 7, 9], [8, 16, 9, 15], [10, 21, 11, 22]]"
12a_0375_57,"[[10, 21, 11, 22], [12, 23, 13, 24], [14, 8, 15, 7], [16, 3, 17, 4], [18, 5, 19, 6], [20, 1, 21, 2], [22, 11, 23, 12], [24, 13, 1, 14], [2, 19, 3, 20], [4, 17, 5, 18], [6, 10, 7, 9], [8, 16, 9, 15]]"
12a_0375_58,"[[8, 16, 9, 15], [10, 21, 11, 22], [12, 23, 13, 24], [14, 8, 15, 7], [16, 3, 17, 4], [18, 5, 19, 6], [20, 1, 21, 2], [22, 11, 23, 12], [24, 13, 1, 14], [2, 19, 3, 20], [4, 17, 5, 18], [6, 10, 7, 9]]"
12a_0375_59,"[[6, 10, 7, 9], [8, 16, 9, 15], [10, 21, 11, 22], [12, 23, 13, 24], [14, 8, 15, 7], [16, 3, 17, 4], [18, 5, 19, 6], [20, 1, 21, 2], [22, 11, 23, 12], [24, 13, 1, 14], [2, 19, 3, 20], [4, 17, 5, 18]]"
12a_0375_60,"[[5, 18, 6, 19], [7, 11, 8, 10], [9, 17, 10, 16], [11, 22, 12, 23], [13, 24, 14, 1], [15, 9, 16, 8], [17, 4, 18, 5], [19, 6, 20, 7], [21, 2, 22, 3], [23, 12, 24, 13], [1, 14, 2, 15], [3, 20, 4, 21]]"
12a_0375_61,"[[3, 20, 4, 21], [5, 18, 6, 19], [7, 11, 8, 10], [9, 17, 10, 16], [11, 22, 12, 23], [13, 24, 14, 1], [15, 9, 16, 8], [17, 4, 18, 5], [19, 6, 20, 7], [21, 2, 22, 3], [23, 12, 24, 13], [1, 14, 2, 15]]"
12a_0375_62,"[[1, 14, 2, 15], [3, 20, 4, 21], [5, 18, 6, 19], [7, 11, 8, 10], [9, 17, 10, 16], [11, 22, 12, 23], [13, 24, 14, 1], [15, 9, 16, 8], [17, 4, 18, 5], [19, 6, 20, 7], [21, 2, 22, 3], [23, 12, 24, 13]]"
12a_0375_63,"[[23, 12, 24, 13], [1, 14, 2, 15], [3, 20, 4, 21], [5, 18, 6, 19], [7, 11, 8, 10], [9, 17, 10, 16], [11, 22, 12, 23], [13, 24, 14, 1], [15, 9, 16, 8], [17, 4, 18, 5], [19, 6, 20, 7], [21, 2, 22, 3]]"
12a_0375_64,"[[21, 2, 22, 3], [23, 12, 24, 13], [1, 14, 2, 15], [3, 20, 4, 21], [5, 18, 6, 19], [7, 11, 8, 10], [9, 17, 10, 16], [11, 22, 12, 23], [13, 24, 14, 1], [15, 9, 16, 8], [17, 4, 18, 5], [19, 6, 20, 7]]"
12a_0375_65,"[[19, 6, 20, 7], [21, 2, 22, 3], [23, 12, 24, 13], [1, 14, 2, 15], [3, 20, 4, 21], [5, 18, 6, 19], [7, 11, 8, 10], [9, 17, 10, 16], [11, 22, 12, 23], [13, 24, 14, 1], [15, 9, 16, 8], [17, 4, 18, 5]]"
12a_0375_66,"[[17, 4, 18, 5], [19, 6, 20, 7], [21, 2, 22, 3], [23, 12, 24, 13], [1, 14, 2, 15], [3, 20, 4, 21], [5, 18, 6, 19], [7, 11, 8, 10], [9, 17, 10, 16], [11, 22, 12, 23], [13, 24, 14, 1], [15, 9, 16, 8]]"
12a_0375_67,"[[15, 9, 16, 8], [17, 4, 18, 5], [19, 6, 20, 7], [21, 2, 22, 3], [23, 12, 24, 13], [1, 14, 2, 15], [3, 20, 4, 21], [5, 18, 6, 19], [7, 11, 8, 10], [9, 17, 10, 16], [11, 22, 12, 23], [13, 24, 14, 1]]"
12a_0375_68,"[[13, 24, 14, 1], [15, 9, 16, 8], [17, 4, 18, 5], [19, 6, 20, 7], [21, 2, 22, 3], [23, 12, 24, 13], [1, 14, 2, 15], [3, 20, 4, 21], [5, 18, 6, 19], [7, 11, 8, 10], [9, 17, 10, 16], [11, 22, 12, 23]]"
12a_0375_69,"[[11, 22, 12, 23], [13, 24, 14, 1], [15, 9, 16, 8], [17, 4, 18, 5], [19, 6, 20, 7], [21, 2, 22, 3], [23, 12, 24, 13], [1, 14, 2, 15], [3, 20, 4, 21], [5, 18, 6, 19], [7, 11, 8, 10], [9, 17, 10, 16]]"
12a_0375_70,"[[9, 17, 10, 16], [11, 22, 12, 23], [13, 24, 14, 1], [15, 9, 16, 8], [17, 4, 18, 5], [19, 6, 20, 7], [21, 2, 22, 3], [23, 12, 24, 13], [1, 14, 2, 15], [3, 20, 4, 21], [5, 18, 6, 19], [7, 11, 8, 10]]"
12a_0375_71,"[[7, 11, 8, 10], [9, 17, 10, 16], [11, 22, 12, 23], [13, 24, 14, 1], [15, 9, 16, 8], [17, 4, 18, 5], [19, 6, 20, 7], [21, 2, 22, 3], [23, 12, 24, 13], [1, 14, 2, 15], [3, 20, 4, 21], [5, 18, 6, 19]]"
12a_0375_72,"[[6, 19, 7, 20], [8, 12, 9, 11], [10, 18, 11, 17], [12, 23, 13, 24], [14, 1, 15, 2], [16, 10, 17, 9], [18, 5, 19, 6], [20, 7, 21, 8], [22, 3, 23, 4], [24, 13, 1, 14], [2, 15, 3, 16], [4, 21, 5, 22]]"
12a_0375_73,"[[4, 21, 5, 22], [6, 19, 7, 20], [8, 12, 9, 11], [10, 18, 11, 17], [12, 23, 13, 24], [14, 1, 15, 2], [16, 10, 17, 9], [18, 5, 19, 6], [20, 7, 21, 8], [22, 3, 23, 4], [24, 13, 1, 14], [2, 15, 3, 16]]"
12a_0375_74,"[[2, 15, 3, 16], [4, 21, 5, 22], [6, 19, 7, 20], [8, 12, 9, 11], [10, 18, 11, 17], [12, 23, 13, 24], [14, 1, 15, 2], [16, 10, 17, 9], [18, 5, 19, 6], [20, 7, 21, 8], [22, 3, 23, 4], [24, 13, 1, 14]]"
12a_0375_75,"[[24, 13, 1, 14], [2, 15, 3, 16], [4, 21, 5, 22], [6, 19, 7, 20], [8, 12, 9, 11], [10, 18, 11, 17], [12, 23, 13, 24], [14, 1, 15, 2], [16, 10, 17, 9], [18, 5, 19, 6], [20, 7, 21, 8], [22, 3, 23, 4]]"
12a_0375_76,"[[22, 3, 23, 4], [24, 13, 1, 14], [2, 15, 3, 16], [4, 21, 5, 22], [6, 19, 7, 20], [8, 12, 9, 11], [10, 18, 11, 17], [12, 23, 13, 24], [14, 1, 15, 2], [16, 10, 17, 9], [18, 5, 19, 6], [20, 7, 21, 8]]"
12a_0375_77,"[[20, 7, 21, 8], [22, 3, 23, 4], [24, 13, 1, 14], [2, 15, 3, 16], [4, 21, 5, 22], [6, 19, 7, 20], [8, 12, 9, 11], [10, 18, 11, 17], [12, 23, 13, 24], [14, 1, 15, 2], [16, 10, 17, 9], [18, 5, 19, 6]]"
12a_0375_78,"[[18, 5, 19, 6], [20, 7, 21, 8], [22, 3, 23, 4], [24, 13, 1, 14], [2, 15, 3, 16], [4, 21, 5, 22], [6, 19, 7, 20], [8, 12, 9, 11], [10, 18, 11, 17], [12, 23, 13, 24], [14, 1, 15, 2], [16, 10, 17, 9]]"
12a_0375_79,"[[16, 10, 17, 9], [18, 5, 19, 6], [20, 7, 21, 8], [22, 3, 23, 4], [24, 13, 1, 14], [2, 15, 3, 16], [4, 21, 5, 22], [6, 19, 7, 20], [8, 12, 9, 11], [10, 18, 11, 17], [12, 23, 13, 24], [14, 1, 15, 2]]"
12a_0375_80,"[[14, 1, 15, 2], [16, 10, 17, 9], [18, 5, 19, 6], [20, 7, 21, 8], [22, 3, 23, 4], [24, 13, 1, 14], [2, 15, 3, 16], [4, 21, 5, 22], [6, 19, 7, 20], [8, 12, 9, 11], [10, 18, 11, 17], [12, 23, 13, 24]]"
12a_0375_81,"[[12, 23, 13, 24], [14, 1, 15, 2], [16, 10, 17, 9], [18, 5, 19, 6], [20, 7, 21, 8], [22, 3, 23, 4], [24, 13, 1, 14], [2, 15, 3, 16], [4, 21, 5, 22], [6, 19, 7, 20], [8, 12, 9, 11], [10, 18, 11, 17]]"
12a_0375_82,"[[10, 18, 11, 17], [12, 23, 13, 24], [14, 1, 15, 2], [16, 10, 17, 9], [18, 5, 19, 6], [20, 7, 21, 8], [22, 3, 23, 4], [24, 13, 1, 14], [2, 15, 3, 16], [4, 21, 5, 22], [6, 19, 7, 20], [8, 12, 9, 11]]"
12a_0375_83,"[[8, 12, 9, 11], [10, 18, 11, 17], [12, 23, 13, 24], [14, 1, 15, 2], [16, 10, 17, 9], [18, 5, 19, 6], [20, 7, 21, 8], [22, 3, 23, 4], [24, 13, 1, 14], [2, 15, 3, 16], [4, 21, 5, 22], [6, 19, 7, 20]]"
12a_0375_84,"[[7, 20, 8, 21], [9, 13, 10, 12], [11, 19, 12, 18], [13, 24, 14, 1], [15, 2, 16, 3], [17, 11, 18, 10], [19, 6, 20, 7], [21, 8, 22, 9], [23, 4, 24, 5], [1, 14, 2, 15], [3, 16, 4, 17], [5, 22, 6, 23]]"
12a_0375_85,"[[5, 22, 6, 23], [7, 20, 8, 21], [9, 13, 10, 12], [11, 19, 12, 18], [13, 24, 14, 1], [15, 2, 16, 3], [17, 11, 18, 10], [19, 6, 20, 7], [21, 8, 22, 9], [23, 4, 24, 5], [1, 14, 2, 15], [3, 16, 4, 17]]"
12a_0375_86,"[[3, 16, 4, 17], [5, 22, 6, 23], [7, 20, 8, 21], [9, 13, 10, 12], [11, 19, 12, 18], [13, 24, 14, 1], [15, 2, 16, 3], [17, 11, 18, 10], [19, 6, 20, 7], [21, 8, 22, 9], [23, 4, 24, 5], [1, 14, 2, 15]]"
12a_0375_87,"[[1, 14, 2, 15], [3, 16, 4, 17], [5, 22, 6, 23], [7, 20, 8, 21], [9, 13, 10, 12], [11, 19, 12, 18], [13, 24, 14, 1], [15, 2, 16, 3], [17, 11, 18, 10], [19, 6, 20, 7], [21, 8, 22, 9], [23, 4, 24, 5]]"
12a_0375_88,"[[23, 4, 24, 5], [1, 14, 2, 15], [3, 16, 4, 17], [5, 22, 6, 23], [7, 20, 8, 21], [9, 13, 10, 12], [11, 19, 12, 18], [13, 24, 14, 1], [15, 2, 16, 3], [17, 11, 18, 10], [19, 6, 20, 7], [21, 8, 22, 9]]"
12a_0375_89,"[[21, 8, 22, 9], [23, 4, 24, 5], [1, 14, 2, 15], [3, 16, 4, 17], [5, 22, 6, 23], [7, 20, 8, 21], [9, 13, 10, 12], [11, 19, 12, 18], [13, 24, 14, 1], [15, 2, 16, 3], [17, 11, 18, 10], [19, 6, 20, 7]]"
12a_0375_90,"[[19, 6, 20, 7], [21, 8, 22, 9], [23, 4, 24, 5], [1, 14, 2, 15], [3, 16, 4, 17], [5, 22, 6, 23], [7, 20, 8, 21], [9, 13, 10, 12], [11, 19, 12, 18], [13, 24, 14, 1], [15, 2, 16, 3], [17, 11, 18, 10]]"
12a_0375_91,"[[17, 11, 18, 10], [19, 6, 20, 7], [21, 8, 22, 9], [23, 4, 24, 5], [1, 14, 2, 15], [3, 16, 4, 17], [5, 22, 6, 23], [7, 20, 8, 21], [9, 13, 10, 12], [11, 19, 12, 18], [13, 24, 14, 1], [15, 2, 16, 3]]"
12a_0375_92,"[[15, 2, 16, 3], [17, 11, 18, 10], [19, 6, 20, 7], [21, 8, 22, 9], [23, 4, 24, 5], [1, 14, 2, 15], [3, 16, 4, 17], [5, 22, 6, 23], [7, 20, 8, 21], [9, 13, 10, 12], [11, 19, 12, 18], [13, 24, 14, 1]]"
12a_0375_93,"[[13, 24, 14, 1], [15, 2, 16, 3], [17, 11, 18, 10], [19, 6, 20, 7], [21, 8, 22, 9], [23, 4, 24, 5], [1, 14, 2, 15], [3, 16, 4, 17], [5, 22, 6, 23], [7, 20, 8, 21], [9, 13, 10, 12], [11, 19, 12, 18]]"
12a_0375_94,"[[11, 19, 12, 18], [13, 24, 14, 1], [15, 2, 16, 3], [17, 11, 18, 10], [19, 6, 20, 7], [21, 8, 22, 9], [23, 4, 24, 5], [1, 14, 2, 15], [3, 16, 4, 17], [5, 22, 6, 23], [7, 20, 8, 21], [9, 13, 10, 12]]"
12a_0375_95,"[[9, 13, 10, 12], [11, 19, 12, 18], [13, 24, 14, 1], [15, 2, 16, 3], [17, 11, 18, 10], [19, 6, 20, 7], [21, 8, 22, 9], [23, 4, 24, 5], [1, 14, 2, 15], [3, 16, 4, 17], [5, 22, 6, 23], [7, 20, 8, 21]]"
12a_0375_96,"[[8, 21, 9, 22], [10, 14, 11, 13], [12, 20, 13, 19], [14, 1, 15, 2], [16, 3, 17, 4], [18, 12, 19, 11], [20, 7, 21, 8], [22, 9, 23, 10], [24, 5, 1, 6], [2, 15, 3, 16], [4, 17, 5, 18], [6, 23, 7, 24]]"
12a_0375_97,"[[6, 23, 7, 24], [8, 21, 9, 22], [10, 14, 11, 13], [12, 20, 13, 19], [14, 1, 15, 2], [16, 3, 17, 4], [18, 12, 19, 11], [20, 7, 21, 8], [22, 9, 23, 10], [24, 5, 1, 6], [2, 15, 3, 16], [4, 17, 5, 18]]"
12a_0375_98,"[[4, 17, 5, 18], [6, 23, 7, 24], [8, 21, 9, 22], [10, 14, 11, 13], [12, 20, 13, 19], [14, 1, 15, 2], [16, 3, 17, 4], [18, 12, 19, 11], [20, 7, 21, 8], [22, 9, 23, 10], [24, 5, 1, 6], [2, 15, 3, 16]]"
12a_0375_99,"[[2, 15, 3, 16], [4, 17, 5, 18], [6, 23, 7, 24], [8, 21, 9, 22], [10, 14, 11, 13], [12, 20, 13, 19], [14, 1, 15, 2], [16, 3, 17, 4], [18, 12, 19, 11], [20, 7, 21, 8], [22, 9, 23, 10], [24, 5, 1, 6]]"
12a_0375_100,"[[24, 5, 1, 6], [2, 15, 3, 16], [4, 17, 5, 18], [6, 23, 7, 24], [8, 21, 9, 22], [10, 14, 11, 13], [12, 20, 13, 19], [14, 1, 15, 2], [16, 3, 17, 4], [18, 12, 19, 11], [20, 7, 21, 8], [22, 9, 23, 10]]"
12a_0375_101,"[[22, 9, 23, 10], [24, 5, 1, 6], [2, 15, 3, 16], [4, 17, 5, 18], [6, 23, 7, 24], [8, 21, 9, 22], [10, 14, 11, 13], [12, 20, 13, 19], [14, 1, 15, 2], [16, 3, 17, 4], [18, 12, 19, 11], [20, 7, 21, 8]]"
12a_0375_102,"[[20, 7, 21, 8], [22, 9, 23, 10], [24, 5, 1, 6], [2, 15, 3, 16], [4, 17, 5, 18], [6, 23, 7, 24], [8, 21, 9, 22], [10, 14, 11, 13], [12, 20, 13, 19], [14, 1, 15, 2], [16, 3, 17, 4], [18, 12, 19, 11]]"
12a_0375_103,"[[18, 12, 19, 11], [20, 7, 21, 8], [22, 9, 23, 10], [24, 5, 1, 6], [2, 15, 3, 16], [4, 17, 5, 18], [6, 23, 7, 24], [8, 21, 9, 22], [10, 14, 11, 13], [12, 20, 13, 19], [14, 1, 15, 2], [16, 3, 17, 4]]"
12a_0375_104,"[[16, 3, 17, 4], [18, 12, 19, 11], [20, 7, 21, 8], [22, 9, 23, 10], [24, 5, 1, 6], [2, 15, 3, 16], [4, 17, 5, 18], [6, 23, 7, 24], [8, 21, 9, 22], [10, 14, 11, 13], [12, 20, 13, 19], [14, 1, 15, 2]]"
12a_0375_105,"[[14, 1, 15, 2], [16, 3, 17, 4], [18, 12, 19, 11], [20, 7, 21, 8], [22, 9, 23, 10], [24, 5, 1, 6], [2, 15, 3, 16], [4, 17, 5, 18], [6, 23, 7, 24], [8, 21, 9, 22], [10, 14, 11, 13], [12, 20, 13, 19]]"
12a_0375_106,"[[12, 20, 13, 19], [14, 1, 15, 2], [16, 3, 17, 4], [18, 12, 19, 11], [20, 7, 21, 8], [22, 9, 23, 10], [24, 5, 1, 6], [2, 15, 3, 16], [4, 17, 5, 18], [6, 23, 7, 24], [8, 21, 9, 22], [10, 14, 11, 13]]"
12a_0375_107,"[[10, 14, 11, 13], [12, 20, 13, 19], [14, 1, 15, 2], [16, 3, 17, 4], [18, 12, 19, 11], [20, 7, 21, 8], [22, 9, 23, 10], [24, 5, 1, 6], [2, 15, 3, 16], [4, 17, 5, 18], [6, 23, 7, 24], [8, 21, 9, 22]]"
12a_0375_108,"[[9, 22, 10, 23], [11, 15, 12, 14], [13, 21, 14, 20], [15, 2, 16, 3], [17, 4, 18, 5], [19, 13, 20, 12], [21, 8, 22, 9], [23, 10, 24, 11], [1, 6, 2, 7], [3, 16, 4, 17], [5, 18, 6, 19], [7, 24, 8, 1]]"
12a_0375_109,"[[7, 24, 8, 1], [9, 22, 10, 23], [11, 15, 12, 14], [13, 21, 14, 20], [15, 2, 16, 3], [17, 4, 18, 5], [19, 13, 20, 12], [21, 8, 22, 9], [23, 10, 24, 11], [1, 6, 2, 7], [3, 16, 4, 17], [5, 18, 6, 19]]"
12a_0375_110,"[[5, 18, 6, 19], [7, 24, 8, 1], [9, 22, 10, 23], [11, 15, 12, 14], [13, 21, 14, 20], [15, 2, 16, 3], [17, 4, 18, 5], [19, 13, 20, 12], [21, 8, 22, 9], [23, 10, 24, 11], [1, 6, 2, 7], [3, 16, 4, 17]]"
12a_0375_111,"[[3, 16, 4, 17], [5, 18, 6, 19], [7, 24, 8, 1], [9, 22, 10, 23], [11, 15, 12, 14], [13, 21, 14, 20], [15, 2, 16, 3], [17, 4, 18, 5], [19, 13, 20, 12], [21, 8, 22, 9], [23, 10, 24, 11], [1, 6, 2, 7]]"
12a_0375_112,"[[1, 6, 2, 7], [3, 16, 4, 17], [5, 18, 6, 19], [7, 24, 8, 1], [9, 22, 10, 23], [11, 15, 12, 14], [13, 21, 14, 20], [15, 2, 16, 3], [17, 4, 18, 5], [19, 13, 20, 12], [21, 8, 22, 9], [23, 10, 24, 11]]"
12a_0375_113,"[[23, 10, 24, 11], [1, 6, 2, 7], [3, 16, 4, 17], [5, 18, 6, 19], [7, 24, 8, 1], [9, 22, 10, 23], [11, 15, 12, 14], [13, 21, 14, 20], [15, 2, 16, 3], [17, 4, 18, 5], [19, 13, 20, 12], [21, 8, 22, 9]]"
12a_0375_114,"[[21, 8, 22, 9], [23, 10, 24, 11], [1, 6, 2, 7], [3, 16, 4, 17], [5, 18, 6, 19], [7, 24, 8, 1], [9, 22, 10, 23], [11, 15, 12, 14], [13, 21, 14, 20], [15, 2, 16, 3], [17, 4, 18, 5], [19, 13, 20, 12]]"
12a_0375_115,"[[19, 13, 20, 12], [21, 8, 22, 9], [23, 10, 24, 11], [1, 6, 2, 7], [3, 16, 4, 17], [5, 18, 6, 19], [7, 24, 8, 1], [9, 22, 10, 23], [11, 15, 12, 14], [13, 21, 14, 20], [15, 2, 16, 3], [17, 4, 18, 5]]"
12a_0375_116,"[[17, 4, 18, 5], [19, 13, 20, 12], [21, 8, 22, 9], [23, 10, 24, 11], [1, 6, 2, 7], [3, 16, 4, 17], [5, 18, 6, 19], [7, 24, 8, 1], [9, 22, 10, 23], [11, 15, 12, 14], [13, 21, 14, 20], [15, 2, 16, 3]]"
12a_0375_117,"[[15, 2, 16, 3], [17, 4, 18, 5], [19, 13, 20, 12], [21, 8, 22, 9], [23, 10, 24, 11], [1, 6, 2, 7], [3, 16, 4, 17], [5, 18, 6, 19], [7, 24, 8, 1], [9, 22, 10, 23], [11, 15, 12, 14], [13, 21, 14, 20]]"
12a_0375_118,"[[13, 21, 14, 20], [15, 2, 16, 3], [17, 4, 18, 5], [19, 13, 20, 12], [21, 8, 22, 9], [23, 10, 24, 11], [1, 6, 2, 7], [3, 16, 4, 17], [5, 18, 6, 19], [7, 24, 8, 1], [9, 22, 10, 23], [11, 15, 12, 14]]"
12a_0375_119,"[[11, 15, 12, 14], [13, 21, 14, 20], [15, 2, 16, 3], [17, 4, 18, 5], [19, 13, 20, 12], [21, 8, 22, 9], [23, 10, 24, 11], [1, 6, 2, 7], [3, 16, 4, 17], [5, 18, 6, 19], [7, 24, 8, 1], [9, 22, 10, 23]]"
12a_0375_120,"[[10, 23, 11, 24], [12, 16, 13, 15], [14, 22, 15, 21], [16, 3, 17, 4], [18, 5, 19, 6], [20, 14, 21, 13], [22, 9, 23, 10], [24, 11, 1, 12], [2, 7, 3, 8], [4, 17, 5, 18], [6, 19, 7, 20], [8, 1, 9, 2]]"
12a_0375_121,"[[8, 1, 9, 2], [10, 23, 11, 24], [12, 16, 13, 15], [14, 22, 15, 21], [16, 3, 17, 4], [18, 5, 19, 6], [20, 14, 21, 13], [22, 9, 23, 10], [24, 11, 1, 12], [2, 7, 3, 8], [4, 17, 5, 18], [6, 19, 7, 20]]"
12a_0375_122,"[[6, 19, 7, 20], [8, 1, 9, 2], [10, 23, 11, 24], [12, 16, 13, 15], [14, 22, 15, 21], [16, 3, 17, 4], [18, 5, 19, 6], [20, 14, 21, 13], [22, 9, 23, 10], [24, 11, 1, 12], [2, 7, 3, 8], [4, 17, 5, 18]]"
12a_0375_123,"[[4, 17, 5, 18], [6, 19, 7, 20], [8, 1, 9, 2], [10, 23, 11, 24], [12, 16, 13, 15], [14, 22, 15, 21], [16, 3, 17, 4], [18, 5, 19, 6], [20, 14, 21, 13], [22, 9, 23, 10], [24, 11, 1, 12], [2, 7, 3, 8]]"
12a_0375_124,"[[2, 7, 3, 8], [4, 17, 5, 18], [6, 19, 7, 20], [8, 1, 9, 2], [10, 23, 11, 24], [12, 16, 13, 15], [14, 22, 15, 21], [16, 3, 17, 4], [18, 5, 19, 6], [20, 14, 21, 13], [22, 9, 23, 10], [24, 11, 1, 12]]"
12a_0375_125,"[[24, 11, 1, 12], [2, 7, 3, 8], [4, 17, 5, 18], [6, 19, 7, 20], [8, 1, 9, 2], [10, 23, 11, 24], [12, 16, 13, 15], [14, 22, 15, 21], [16, 3, 17, 4], [18, 5, 19, 6], [20, 14, 21, 13], [22, 9, 23, 10]]"
12a_0375_126,"[[22, 9, 23, 10], [24, 11, 1, 12], [2, 7, 3, 8], [4, 17, 5, 18], [6, 19, 7, 20], [8, 1, 9, 2], [10, 23, 11, 24], [12, 16, 13, 15], [14, 22, 15, 21], [16, 3, 17, 4], [18, 5, 19, 6], [20, 14, 21, 13]]"
12a_0375_127,"[[20, 14, 21, 13], [22, 9, 23, 10], [24, 11, 1, 12], [2, 7, 3, 8], [4, 17, 5, 18], [6, 19, 7, 20], [8, 1, 9, 2], [10, 23, 11, 24], [12, 16, 13, 15], [14, 22, 15, 21], [16, 3, 17, 4], [18, 5, 19, 6]]"
12a_0375_128,"[[18, 5, 19, 6], [20, 14, 21, 13], [22, 9, 23, 10], [24, 11, 1, 12], [2, 7, 3, 8], [4, 17, 5, 18], [6, 19, 7, 20], [8, 1, 9, 2], [10, 23, 11, 24], [12, 16, 13, 15], [14, 22, 15, 21], [16, 3, 17, 4]]"
12a_0375_129,"[[16, 3, 17, 4], [18, 5, 19, 6], [20, 14, 21, 13], [22, 9, 23, 10], [24, 11, 1, 12], [2, 7, 3, 8], [4, 17, 5, 18], [6, 19, 7, 20], [8, 1, 9, 2], [10, 23, 11, 24], [12, 16, 13, 15], [14, 22, 15, 21]]"
12a_0375_130,"[[14, 22, 15, 21], [16, 3, 17, 4], [18, 5, 19, 6], [20, 14, 21, 13], [22, 9, 23, 10], [24, 11, 1, 12], [2, 7, 3, 8], [4, 17, 5, 18], [6, 19, 7, 20], [8, 1, 9, 2], [10, 23, 11, 24], [12, 16, 13, 15]]"
12a_0375_131,"[[12, 16, 13, 15], [14, 22, 15, 21], [16, 3, 17, 4], [18, 5, 19, 6], [20, 14, 21, 13], [22, 9, 23, 10], [24, 11, 1, 12], [2, 7, 3, 8], [4, 17, 5, 18], [6, 19, 7, 20], [8, 1, 9, 2], [10, 23, 11, 24]]"
12a_0375_132,"[[11, 24, 12, 1], [13, 17, 14, 16], [15, 23, 16, 22], [17, 4, 18, 5], [19, 6, 20, 7], [21, 15, 22, 14], [23, 10, 24, 11], [1, 12, 2, 13], [3, 8, 4, 9], [5, 18, 6, 19], [7, 20, 8, 21], [9, 2, 10, 3]]"
12a_0375_133,"[[9, 2, 10, 3], [11, 24, 12, 1], [13, 17, 14, 16], [15, 23, 16, 22], [17, 4, 18, 5], [19, 6, 20, 7], [21, 15, 22, 14], [23, 10, 24, 11], [1, 12, 2, 13], [3, 8, 4, 9], [5, 18, 6, 19], [7, 20, 8, 21]]"
12a_0375_134,"[[7, 20, 8, 21], [9, 2, 10, 3], [11, 24, 12, 1], [13, 17, 14, 16], [15, 23, 16, 22], [17, 4, 18, 5], [19, 6, 20, 7], [21, 15, 22, 14], [23, 10, 24, 11], [1, 12, 2, 13], [3, 8, 4, 9], [5, 18, 6, 19]]"
12a_0375_135,"[[5, 18, 6, 19], [7, 20, 8, 21], [9, 2, 10, 3], [11, 24, 12, 1], [13, 17, 14, 16], [15, 23, 16, 22], [17, 4, 18, 5], [19, 6, 20, 7], [21, 15, 22, 14], [23, 10, 24, 11], [1, 12, 2, 13], [3, 8, 4, 9]]"
12a_0375_136,"[[3, 8, 4, 9], [5, 18, 6, 19], [7, 20, 8, 21], [9, 2, 10, 3], [11, 24, 12, 1], [13, 17, 14, 16], [15, 23, 16, 22], [17, 4, 18, 5], [19, 6, 20, 7], [21, 15, 22, 14], [23, 10, 24, 11], [1, 12, 2, 13]]"
12a_0375_137,"[[1, 12, 2, 13], [3, 8, 4, 9], [5, 18, 6, 19], [7, 20, 8, 21], [9, 2, 10, 3], [11, 24, 12, 1], [13, 17, 14, 16], [15, 23, 16, 22], [17, 4, 18, 5], [19, 6, 20, 7], [21, 15, 22, 14], [23, 10, 24, 11]]"
12a_0375_138,"[[23, 10, 24, 11], [1, 12, 2, 13], [3, 8, 4, 9], [5, 18, 6, 19], [7, 20, 8, 21], [9, 2, 10, 3], [11, 24, 12, 1], [13, 17, 14, 16], [15, 23, 16, 22], [17, 4, 18, 5], [19, 6, 20, 7], [21, 15, 22, 14]]"
12a_0375_139,"[[21, 15, 22, 14], [23, 10, 24, 11], [1, 12, 2, 13], [3, 8, 4, 9], [5, 18, 6, 19], [7, 20, 8, 21], [9, 2, 10, 3], [11, 24, 12, 1], [13, 17, 14, 16], [15, 23, 16, 22], [17, 4, 18, 5], [19, 6, 20, 7]]"
12a_0375_140,"[[19, 6, 20, 7], [21, 15, 22, 14], [23, 10, 24, 11], [1, 12, 2, 13], [3, 8, 4, 9], [5, 18, 6, 19], [7, 20, 8, 21], [9, 2, 10, 3], [11, 24, 12, 1], [13, 17, 14, 16], [15, 23, 16, 22], [17, 4, 18, 5]]"
12a_0375_141,"[[17, 4, 18, 5], [19, 6, 20, 7], [21, 15, 22, 14], [23, 10, 24, 11], [1, 12, 2, 13], [3, 8, 4, 9], [5, 18, 6, 19], [7, 20, 8, 21], [9, 2, 10, 3], [11, 24, 12, 1], [13, 17, 14, 16], [15, 23, 16, 22]]"
12a_0375_142,"[[15, 23, 16, 22], [17, 4, 18, 5], [19, 6, 20, 7], [21, 15, 22, 14], [23, 10, 24, 11], [1, 12, 2, 13], [3, 8, 4, 9], [5, 18, 6, 19], [7, 20, 8, 21], [9, 2, 10, 3], [11, 24, 12, 1], [13, 17, 14, 16]]"
12a_0375_143,"[[13, 17, 14, 16], [15, 23, 16, 22], [17, 4, 18, 5], [19, 6, 20, 7], [21, 15, 22, 14], [23, 10, 24, 11], [1, 12, 2, 13], [3, 8, 4, 9], [5, 18, 6, 19], [7, 20, 8, 21], [9, 2, 10, 3], [11, 24, 12, 1]]"
12a_0375_144,"[[12, 1, 13, 2], [14, 18, 15, 17], [16, 24, 17, 23], [18, 5, 19, 6], [20, 7, 21, 8], [22, 16, 23, 15], [24, 11, 1, 12], [2, 13, 3, 14], [4, 9, 5, 10], [6, 19, 7, 20], [8, 21, 9, 22], [10, 3, 11, 4]]"
12a_0375_145,"[[10, 3, 11, 4], [12, 1, 13, 2], [14, 18, 15, 17], [16, 24, 17, 23], [18, 5, 19, 6], [20, 7, 21, 8], [22, 16, 23, 15], [24, 11, 1, 12], [2, 13, 3, 14], [4, 9, 5, 10], [6, 19, 7, 20], [8, 21, 9, 22]]"
12a_0375_146,"[[8, 21, 9, 22], [10, 3, 11, 4], [12, 1, 13, 2], [14, 18, 15, 17], [16, 24, 17, 23], [18, 5, 19, 6], [20, 7, 21, 8], [22, 16, 23, 15], [24, 11, 1, 12], [2, 13, 3, 14], [4, 9, 5, 10], [6, 19, 7, 20]]"
12a_0375_147,"[[6, 19, 7, 20], [8, 21, 9, 22], [10, 3, 11, 4], [12, 1, 13, 2], [14, 18, 15, 17], [16, 24, 17, 23], [18, 5, 19, 6], [20, 7, 21, 8], [22, 16, 23, 15], [24, 11, 1, 12], [2, 13, 3, 14], [4, 9, 5, 10]]"
12a_0375_148,"[[4, 9, 5, 10], [6, 19, 7, 20], [8, 21, 9, 22], [10, 3, 11, 4], [12, 1, 13, 2], [14, 18, 15, 17], [16, 24, 17, 23], [18, 5, 19, 6], [20, 7, 21, 8], [22, 16, 23, 15], [24, 11, 1, 12], [2, 13, 3, 14]]"
12a_0375_149,"[[2, 13, 3, 14], [4, 9, 5, 10], [6, 19, 7, 20], [8, 21, 9, 22], [10, 3, 11, 4], [12, 1, 13, 2], [14, 18, 15, 17], [16, 24, 17, 23], [18, 5, 19, 6], [20, 7, 21, 8], [22, 16, 23, 15], [24, 11, 1, 12]]"
12a_0375_150,"[[24, 11, 1, 12], [2, 13, 3, 14], [4, 9, 5, 10], [6, 19, 7, 20], [8, 21, 9, 22], [10, 3, 11, 4], [12, 1, 13, 2], [14, 18, 15, 17], [16, 24, 17, 23], [18, 5, 19, 6], [20, 7, 21, 8], [22, 16, 23, 15]]"
12a_0375_151,"[[22, 16, 23, 15], [24, 11, 1, 12], [2, 13, 3, 14], [4, 9, 5, 10], [6, 19, 7, 20], [8, 21, 9, 22], [10, 3, 11, 4], [12, 1, 13, 2], [14, 18, 15, 17], [16, 24, 17, 23], [18, 5, 19, 6], [20, 7, 21, 8]]"
12a_0375_152,"[[20, 7, 21, 8], [22, 16, 23, 15], [24, 11, 1, 12], [2, 13, 3, 14], [4, 9, 5, 10], [6, 19, 7, 20], [8, 21, 9, 22], [10, 3, 11, 4], [12, 1, 13, 2], [14, 18, 15, 17], [16, 24, 17, 23], [18, 5, 19, 6]]"
12a_0375_153,"[[18, 5, 19, 6], [20, 7, 21, 8], [22, 16, 23, 15], [24, 11, 1, 12], [2, 13, 3, 14], [4, 9, 5, 10], [6, 19, 7, 20], [8, 21, 9, 22], [10, 3, 11, 4], [12, 1, 13, 2], [14, 18, 15, 17], [16, 24, 17, 23]]"
12a_0375_154,"[[16, 24, 17, 23], [18, 5, 19, 6], [20, 7, 21, 8], [22, 16, 23, 15], [24, 11, 1, 12], [2, 13, 3, 14], [4, 9, 5, 10], [6, 19, 7, 20], [8, 21, 9, 22], [10, 3, 11, 4], [12, 1, 13, 2], [14, 18, 15, 17]]"
12a_0375_155,"[[14, 18, 15, 17], [16, 24, 17, 23], [18, 5, 19, 6], [20, 7, 21, 8], [22, 16, 23, 15], [24, 11, 1, 12], [2, 13, 3, 14], [4, 9, 5, 10], [6, 19, 7, 20], [8, 21, 9, 22], [10, 3, 11, 4], [12, 1, 13, 2]]"
12a_0375_156,"[[13, 2, 14, 3], [15, 19, 16, 18], [17, 1, 18, 24], [19, 6, 20, 7], [21, 8, 22, 9], [23, 17, 24, 16], [1, 12, 2, 13], [3, 14, 4, 15], [5, 10, 6, 11], [7, 20, 8, 21], [9, 22, 10, 23], [11, 4, 12, 5]]"
12a_0375_157,"[[11, 4, 12, 5], [13, 2, 14, 3], [15, 19, 16, 18], [17, 1, 18, 24], [19, 6, 20, 7], [21, 8, 22, 9], [23, 17, 24, 16], [1, 12, 2, 13], [3, 14, 4, 15], [5, 10, 6, 11], [7, 20, 8, 21], [9, 22, 10, 23]]"
12a_0375_158,"[[9, 22, 10, 23], [11, 4, 12, 5], [13, 2, 14, 3], [15, 19, 16, 18], [17, 1, 18, 24], [19, 6, 20, 7], [21, 8, 22, 9], [23, 17, 24, 16], [1, 12, 2, 13], [3, 14, 4, 15], [5, 10, 6, 11], [7, 20, 8, 21]]"
12a_0375_159,"[[7, 20, 8, 21], [9, 22, 10, 23], [11, 4, 12, 5], [13, 2, 14, 3], [15, 19, 16, 18], [17, 1, 18, 24], [19, 6, 20, 7], [21, 8, 22, 9], [23, 17, 24, 16], [1, 12, 2, 13], [3, 14, 4, 15], [5, 10, 6, 11]]"
12a_0375_160,"[[5, 10, 6, 11], [7, 20, 8, 21], [9, 22, 10, 23], [11, 4, 12, 5], [13, 2, 14, 3], [15, 19, 16, 18], [17, 1, 18, 24], [19, 6, 20, 7], [21, 8, 22, 9], [23, 17, 24, 16], [1, 12, 2, 13], [3, 14, 4, 15]]"
12a_0375_161,"[[3, 14, 4, 15], [5, 10, 6, 11], [7, 20, 8, 21], [9, 22, 10, 23], [11, 4, 12, 5], [13, 2, 14, 3], [15, 19, 16, 18], [17, 1, 18, 24], [19, 6, 20, 7], [21, 8, 22, 9], [23, 17, 24, 16], [1, 12, 2, 13]]"
12a_0375_162,"[[1, 12, 2, 13], [3, 14, 4, 15], [5, 10, 6, 11], [7, 20, 8, 21], [9, 22, 10, 23], [11, 4, 12, 5], [13, 2, 14, 3], [15, 19, 16, 18], [17, 1, 18, 24], [19, 6, 20, 7], [21, 8, 22, 9], [23, 17, 24, 16]]"
12a_0375_163,"[[23, 17, 24, 16], [1, 12, 2, 13], [3, 14, 4, 15], [5, 10, 6, 11], [7, 20, 8, 21], [9, 22, 10, 23], [11, 4, 12, 5], [13, 2, 14, 3], [15, 19, 16, 18], [17, 1, 18, 24], [19, 6, 20, 7], [21, 8, 22, 9]]"
12a_0375_164,"[[21, 8, 22, 9], [23, 17, 24, 16], [1, 12, 2, 13], [3, 14, 4, 15], [5, 10, 6, 11], [7, 20, 8, 21], [9, 22, 10, 23], [11, 4, 12, 5], [13, 2, 14, 3], [15, 19, 16, 18], [17, 1, 18, 24], [19, 6, 20, 7]]"
12a_0375_165,"[[19, 6, 20, 7], [21, 8, 22, 9], [23, 17, 24, 16], [1, 12, 2, 13], [3, 14, 4, 15], [5, 10, 6, 11], [7, 20, 8, 21], [9, 22, 10, 23], [11, 4, 12, 5], [13, 2, 14, 3], [15, 19, 16, 18], [17, 1, 18, 24]]"
12a_0375_166,"[[17, 1, 18, 24], [19, 6, 20, 7], [21, 8, 22, 9], [23, 17, 24, 16], [1, 12, 2, 13], [3, 14, 4, 15], [5, 10, 6, 11], [7, 20, 8, 21], [9, 22, 10, 23], [11, 4, 12, 5], [13, 2, 14, 3], [15, 19, 16, 18]]"
12a_0375_167,"[[15, 19, 16, 18], [17, 1, 18, 24], [19, 6, 20, 7], [21, 8, 22, 9], [23, 17, 24, 16], [1, 12, 2, 13], [3, 14, 4, 15], [5, 10, 6, 11], [7, 20, 8, 21], [9, 22, 10, 23], [11, 4, 12, 5], [13, 2, 14, 3]]"
12a_0375_168,"[[14, 3, 15, 4], [16, 20, 17, 19], [18, 2, 19, 1], [20, 7, 21, 8], [22, 9, 23, 10], [24, 18, 1, 17], [2, 13, 3, 14], [4, 15, 5, 16], [6, 11, 7, 12], [8, 21, 9, 22], [10, 23, 11, 24], [12, 5, 13, 6]]"
12a_0375_169,"[[12, 5, 13, 6], [14, 3, 15, 4], [16, 20, 17, 19], [18, 2, 19, 1], [20, 7, 21, 8], [22, 9, 23, 10], [24, 18, 1, 17], [2, 13, 3, 14], [4, 15, 5, 16], [6, 11, 7, 12], [8, 21, 9, 22], [10, 23, 11, 24]]"
12a_0375_170,"[[10, 23, 11, 24], [12, 5, 13, 6], [14, 3, 15, 4], [16, 20, 17, 19], [18, 2, 19, 1], [20, 7, 21, 8], [22, 9, 23, 10], [24, 18, 1, 17], [2, 13, 3, 14], [4, 15, 5, 16], [6, 11, 7, 12], [8, 21, 9, 22]]"
12a_0375_171,"[[8, 21, 9, 22], [10, 23, 11, 24], [12, 5, 13, 6], [14, 3, 15, 4], [16, 20, 17, 19], [18, 2, 19, 1], [20, 7, 21, 8], [22, 9, 23, 10], [24, 18, 1, 17], [2, 13, 3, 14], [4, 15, 5, 16], [6, 11, 7, 12]]"
12a_0375_172,"[[6, 11, 7, 12], [8, 21, 9, 22], [10, 23, 11, 24], [12, 5, 13, 6], [14, 3, 15, 4], [16, 20, 17, 19], [18, 2, 19, 1], [20, 7, 21, 8], [22, 9, 23, 10], [24, 18, 1, 17], [2, 13, 3, 14], [4, 15, 5, 16]]"
12a_0375_173,"[[4, 15, 5, 16], [6, 11, 7, 12], [8, 21, 9, 22], [10, 23, 11, 24], [12, 5, 13, 6], [14, 3, 15, 4], [16, 20, 17, 19], [18, 2, 19, 1], [20, 7, 21, 8], [22, 9, 23, 10], [24, 18, 1, 17], [2, 13, 3, 14]]"
12a_0375_174,"[[2, 13, 3, 14], [4, 15, 5, 16], [6, 11, 7, 12], [8, 21, 9, 22], [10, 23, 11, 24], [12, 5, 13, 6], [14, 3, 15, 4], [16, 20, 17, 19], [18, 2, 19, 1], [20, 7, 21, 8], [22, 9, 23, 10], [24, 18, 1, 17]]"
12a_0375_175,"[[24, 18, 1, 17], [2, 13, 3, 14], [4, 15, 5, 16], [6, 11, 7, 12], [8, 21, 9, 22], [10, 23, 11, 24], [12, 5, 13, 6], [14, 3, 15, 4], [16, 20, 17, 19], [18, 2, 19, 1], [20, 7, 21, 8], [22, 9, 23, 10]]"
12a_0375_176,"[[22, 9, 23, 10], [24, 18, 1, 17], [2, 13, 3, 14], [4, 15, 5, 16], [6, 11, 7, 12], [8, 21, 9, 22], [10, 23, 11, 24], [12, 5, 13, 6], [14, 3, 15, 4], [16, 20, 17, 19], [18, 2, 19, 1], [20, 7, 21, 8]]"
12a_0375_177,"[[20, 7, 21, 8], [22, 9, 23, 10], [24, 18, 1, 17], [2, 13, 3, 14], [4, 15, 5, 16], [6, 11, 7, 12], [8, 21, 9, 22], [10, 23, 11, 24], [12, 5, 13, 6], [14, 3, 15, 4], [16, 20, 17, 19], [18, 2, 19, 1]]"
12a_0375_178,"[[18, 2, 19, 1], [20, 7, 21, 8], [22, 9, 23, 10], [24, 18, 1, 17], [2, 13, 3, 14], [4, 15, 5, 16], [6, 11, 7, 12], [8, 21, 9, 22], [10, 23, 11, 24], [12, 5, 13, 6], [14, 3, 15, 4], [16, 20, 17, 19]]"
12a_0375_179,"[[16, 20, 17, 19], [18, 2, 19, 1], [20, 7, 21, 8], [22, 9, 23, 10], [24, 18, 1, 17], [2, 13, 3, 14], [4, 15, 5, 16], [6, 11, 7, 12], [8, 21, 9, 22], [10, 23, 11, 24], [12, 5, 13, 6], [14, 3, 15, 4]]"
12a_0375_180,"[[15, 4, 16, 5], [17, 21, 18, 20], [19, 3, 20, 2], [21, 8, 22, 9], [23, 10, 24, 11], [1, 19, 2, 18], [3, 14, 4, 15], [5, 16, 6, 17], [7, 12, 8, 13], [9, 22, 10, 23], [11, 24, 12, 1], [13, 6, 14, 7]]"
12a_0375_181,"[[13, 6, 14, 7], [15, 4, 16, 5], [17, 21, 18, 20], [19, 3, 20, 2], [21, 8, 22, 9], [23, 10, 24, 11], [1, 19, 2, 18], [3, 14, 4, 15], [5, 16, 6, 17], [7, 12, 8, 13], [9, 22, 10, 23], [11, 24, 12, 1]]"
12a_0375_182,"[[11, 24, 12, 1], [13, 6, 14, 7], [15, 4, 16, 5], [17, 21, 18, 20], [19, 3, 20, 2], [21, 8, 22, 9], [23, 10, 24, 11], [1, 19, 2, 18], [3, 14, 4, 15], [5, 16, 6, 17], [7, 12, 8, 13], [9, 22, 10, 23]]"
12a_0375_183,"[[9, 22, 10, 23], [11, 24, 12, 1], [13, 6, 14, 7], [15, 4, 16, 5], [17, 21, 18, 20], [19, 3, 20, 2], [21, 8, 22, 9], [23, 10, 24, 11], [1, 19, 2, 18], [3, 14, 4, 15], [5, 16, 6, 17], [7, 12, 8, 13]]"
12a_0375_184,"[[7, 12, 8, 13], [9, 22, 10, 23], [11, 24, 12, 1], [13, 6, 14, 7], [15, 4, 16, 5], [17, 21, 18, 20], [19, 3, 20, 2], [21, 8, 22, 9], [23, 10, 24, 11], [1, 19, 2, 18], [3, 14, 4, 15], [5, 16, 6, 17]]"
12a_0375_185,"[[5, 16, 6, 17], [7, 12, 8, 13], [9, 22, 10, 23], [11, 24, 12, 1], [13, 6, 14, 7], [15, 4, 16, 5], [17, 21, 18, 20], [19, 3, 20, 2], [21, 8, 22, 9], [23, 10, 24, 11], [1, 19, 2, 18], [3, 14, 4, 15]]"
