name,pd_notation
12a_0146_0,"[[24, 15, 1, 16], [2, 6, 3, 5], [4, 10, 5, 9], [6, 17, 7, 18], [8, 4, 9, 3], [10, 19, 11, 20], [12, 21, 13, 22], [14, 23, 15, 24], [16, 1, 17, 2], [18, 7, 19, 8], [20, 11, 21, 12], [22, 13, 23, 14]]"
12a_0146_1,"[[22, 13, 23, 14], [24, 15, 1, 16], [2, 6, 3, 5], [4, 10, 5, 9], [6, 17, 7, 18], [8, 4, 9, 3], [10, 19, 11, 20], [12, 21, 13, 22], [14, 23, 15, 24], [16, 1, 17, 2], [18, 7, 19, 8], [20, 11, 21, 12]]"
12a_0146_2,"[[20, 11, 21, 12], [22, 13, 23, 14], [24, 15, 1, 16], [2, 6, 3, 5], [4, 10, 5, 9], [6, 17, 7, 18], [8, 4, 9, 3], [10, 19, 11, 20], [12, 21, 13, 22], [14, 23, 15, 24], [16, 1, 17, 2], [18, 7, 19, 8]]"
12a_0146_3,"[[18, 7, 19, 8], [20, 11, 21, 12], [22, 13, 23, 14], [24, 15, 1, 16], [2, 6, 3, 5], [4, 10, 5, 9], [6, 17, 7, 18], [8, 4, 9, 3], [10, 19, 11, 20], [12, 21, 13, 22], [14, 23, 15, 24], [16, 1, 17, 2]]"
12a_0146_4,"[[16, 1, 17, 2], [18, 7, 19, 8], [20, 11, 21, 12], [22, 13, 23, 14], [24, 15, 1, 16], [2, 6, 3, 5], [4, 10, 5, 9], [6, 17, 7, 18], [8, 4, 9, 3], [10, 19, 11, 20], [12, 21, 13, 22], [14, 23, 15, 24]]"
12a_0146_5,"[[14, 23, 15, 24], [16, 1, 17, 2], [18, 7, 19, 8], [20, 11, 21, 12], [22, 13, 23, 14], [24, 15, 1, 16], [2, 6, 3, 5], [4, 10, 5, 9], [6, 17, 7, 18], [8, 4, 9, 3], [10, 19, 11, 20], [12, 21, 13, 22]]"
12a_0146_6,"[[12, 21, 13, 22], [14, 23, 15, 24], [16, 1, 17, 2], [18, 7, 19, 8], [20, 11, 21, 12], [22, 13, 23, 14], [24, 15, 1, 16], [2, 6, 3, 5], [4, 10, 5, 9], [6, 17, 7, 18], [8, 4, 9, 3], [10, 19, 11, 20]]"
12a_0146_7,"[[10, 19, 11, 20], [12, 21, 13, 22], [14, 23, 15, 24], [16, 1, 17, 2], [18, 7, 19, 8], [20, 11, 21, 12], [22, 13, 23, 14], [24, 15, 1, 16], [2, 6, 3, 5], [4, 10, 5, 9], [6, 17, 7, 18], [8, 4, 9, 3]]"
12a_0146_8,"[[8, 4, 9, 3], [10, 19, 11, 20], [12, 21, 13, 22], [14, 23, 15, 24], [16, 1, 17, 2], [18, 7, 19, 8], [20, 11, 21, 12], [22, 13, 23, 14], [24, 15, 1, 16], [2, 6, 3, 5], [4, 10, 5, 9], [6, 17, 7, 18]]"
12a_0146_9,"[[6, 17, 7, 18], [8, 4, 9, 3], [10, 19, 11, 20], [12, 21, 13, 22], [14, 23, 15, 24], [16, 1, 17, 2], [18, 7, 19, 8], [20, 11, 21, 12], [22, 13, 23, 14], [24, 15, 1, 16], [2, 6, 3, 5], [4, 10, 5, 9]]"
12a_0146_10,"[[4, 10, 5, 9], [6, 17, 7, 18], [8, 4, 9, 3], [10, 19, 11, 20], [12, 21, 13, 22], [14, 23, 15, 24], [16, 1, 17, 2], [18, 7, 19, 8], [20, 11, 21, 12], [22, 13, 23, 14], [24, 15, 1, 16], [2, 6, 3, 5]]"
12a_0146_11,"[[2, 6, 3, 5], [4, 10, 5, 9], [6, 17, 7, 18], [8, 4, 9, 3], [10, 19, 11, 20], [12, 21, 13, 22], [14, 23, 15, 24], [16, 1, 17, 2], [18, 7, 19, 8], [20, 11, 21, 12], [22, 13, 23, 14], [24, 15, 1, 16]]"
12a_0146_12,"[[1, 16, 2, 17], [3, 7, 4, 6], [5, 11, 6, 10], [7, 18, 8, 19], [9, 5, 10, 4], [11, 20, 12, 21], [13, 22, 14, 23], [15, 24, 16, 1], [17, 2, 18, 3], [19, 8, 20, 9], [21, 12, 22, 13], [23, 14, 24, 15]]"
12a_0146_13,"[[23, 14, 24, 15], [1, 16, 2, 17], [3, 7, 4, 6], [5, 11, 6, 10], [7, 18, 8, 19], [9, 5, 10, 4], [11, 20, 12, 21], [13, 22, 14, 23], [15, 24, 16, 1], [17, 2, 18, 3], [19, 8, 20, 9], [21, 12, 22, 13]]"
12a_0146_14,"[[21, 12, 22, 13], [23, 14, 24, 15], [1, 16, 2, 17], [3, 7, 4, 6], [5, 11, 6, 10], [7, 18, 8, 19], [9, 5, 10, 4], [11, 20, 12, 21], [13, 22, 14, 23], [15, 24, 16, 1], [17, 2, 18, 3], [19, 8, 20, 9]]"
12a_0146_15,"[[19, 8, 20, 9], [21, 12, 22, 13], [23, 14, 24, 15], [1, 16, 2, 17], [3, 7, 4, 6], [5, 11, 6, 10], [7, 18, 8, 19], [9, 5, 10, 4], [11, 20, 12, 21], [13, 22, 14, 23], [15, 24, 16, 1], [17, 2, 18, 3]]"
12a_0146_16,"[[17, 2, 18, 3], [19, 8, 20, 9], [21, 12, 22, 13], [23, 14, 24, 15], [1, 16, 2, 17], [3, 7, 4, 6], [5, 11, 6, 10], [7, 18, 8, 19], [9, 5, 10, 4], [11, 20, 12, 21], [13, 22, 14, 23], [15, 24, 16, 1]]"
12a_0146_17,"[[15, 24, 16, 1], [17, 2, 18, 3], [19, 8, 20, 9], [21, 12, 22, 13], [23, 14, 24, 15], [1, 16, 2, 17], [3, 7, 4, 6], [5, 11, 6, 10], [7, 18, 8, 19], [9, 5, 10, 4], [11, 20, 12, 21], [13, 22, 14, 23]]"
12a_0146_18,"[[13, 22, 14, 23], [15, 24, 16, 1], [17, 2, 18, 3], [19, 8, 20, 9], [21, 12, 22, 13], [23, 14, 24, 15], [1, 16, 2, 17], [3, 7, 4, 6], [5, 11, 6, 10], [7, 18, 8, 19], [9, 5, 10, 4], [11, 20, 12, 21]]"
12a_0146_19,"[[11, 20, 12, 21], [13, 22, 14, 23], [15, 24, 16, 1], [17, 2, 18, 3], [19, 8, 20, 9], [21, 12, 22, 13], [23, 14, 24, 15], [1, 16, 2, 17], [3, 7, 4, 6], [5, 11, 6, 10], [7, 18, 8, 19], [9, 5, 10, 4]]"
12a_0146_20,"[[9, 5, 10, 4], [11, 20, 12, 21], [13, 22, 14, 23], [15, 24, 16, 1], [17, 2, 18, 3], [19, 8, 20, 9], [21, 12, 22, 13], [23, 14, 24, 15], [1, 16, 2, 17], [3, 7, 4, 6], [5, 11, 6, 10], [7, 18, 8, 19]]"
12a_0146_21,"[[7, 18, 8, 19], [9, 5, 10, 4], [11, 20, 12, 21], [13, 22, 14, 23], [15, 24, 16, 1], [17, 2, 18, 3], [19, 8, 20, 9], [21, 12, 22, 13], [23, 14, 24, 15], [1, 16, 2, 17], [3, 7, 4, 6], [5, 11, 6, 10]]"
12a_0146_22,"[[5, 11, 6, 10], [7, 18, 8, 19], [9, 5, 10, 4], [11, 20, 12, 21], [13, 22, 14, 23], [15, 24, 16, 1], [17, 2, 18, 3], [19, 8, 20, 9], [21, 12, 22, 13], [23, 14, 24, 15], [1, 16, 2, 17], [3, 7, 4, 6]]"
12a_0146_23,"[[3, 7, 4, 6], [5, 11, 6, 10], [7, 18, 8, 19], [9, 5, 10, 4], [11, 20, 12, 21], [13, 22, 14, 23], [15, 24, 16, 1], [17, 2, 18, 3], [19, 8, 20, 9], [21, 12, 22, 13], [23, 14, 24, 15], [1, 16, 2, 17]]"
12a_0146_24,"[[2, 17, 3, 18], [4, 8, 5, 7], [6, 12, 7, 11], [8, 19, 9, 20], [10, 6, 11, 5], [12, 21, 13, 22], [14, 23, 15, 24], [16, 1, 17, 2], [18, 3, 19, 4], [20, 9, 21, 10], [22, 13, 23, 14], [24, 15, 1, 16]]"
12a_0146_25,"[[24, 15, 1, 16], [2, 17, 3, 18], [4, 8, 5, 7], [6, 12, 7, 11], [8, 19, 9, 20], [10, 6, 11, 5], [12, 21, 13, 22], [14, 23, 15, 24], [16, 1, 17, 2], [18, 3, 19, 4], [20, 9, 21, 10], [22, 13, 23, 14]]"
12a_0146_26,"[[22, 13, 23, 14], [24, 15, 1, 16], [2, 17, 3, 18], [4, 8, 5, 7], [6, 12, 7, 11], [8, 19, 9, 20], [10, 6, 11, 5], [12, 21, 13, 22], [14, 23, 15, 24], [16, 1, 17, 2], [18, 3, 19, 4], [20, 9, 21, 10]]"
12a_0146_27,"[[20, 9, 21, 10], [22, 13, 23, 14], [24, 15, 1, 16], [2, 17, 3, 18], [4, 8, 5, 7], [6, 12, 7, 11], [8, 19, 9, 20], [10, 6, 11, 5], [12, 21, 13, 22], [14, 23, 15, 24], [16, 1, 17, 2], [18, 3, 19, 4]]"
12a_0146_28,"[[18, 3, 19, 4], [20, 9, 21, 10], [22, 13, 23, 14], [24, 15, 1, 16], [2, 17, 3, 18], [4, 8, 5, 7], [6, 12, 7, 11], [8, 19, 9, 20], [10, 6, 11, 5], [12, 21, 13, 22], [14, 23, 15, 24], [16, 1, 17, 2]]"
12a_0146_29,"[[16, 1, 17, 2], [18, 3, 19, 4], [20, 9, 21, 10], [22, 13, 23, 14], [24, 15, 1, 16], [2, 17, 3, 18], [4, 8, 5, 7], [6, 12, 7, 11], [8, 19, 9, 20], [10, 6, 11, 5], [12, 21, 13, 22], [14, 23, 15, 24]]"
12a_0146_30,"[[14, 23, 15, 24], [16, 1, 17, 2], [18, 3, 19, 4], [20, 9, 21, 10], [22, 13, 23, 14], [24, 15, 1, 16], [2, 17, 3, 18], [4, 8, 5, 7], [6, 12, 7, 11], [8, 19, 9, 20], [10, 6, 11, 5], [12, 21, 13, 22]]"
12a_0146_31,"[[12, 21, 13, 22], [14, 23, 15, 24], [16, 1, 17, 2], [18, 3, 19, 4], [20, 9, 21, 10], [22, 13, 23, 14], [24, 15, 1, 16], [2, 17, 3, 18], [4, 8, 5, 7], [6, 12, 7, 11], [8, 19, 9, 20], [10, 6, 11, 5]]"
12a_0146_32,"[[10, 6, 11, 5], [12, 21, 13, 22], [14, 23, 15, 24], [16, 1, 17, 2], [18, 3, 19, 4], [20, 9, 21, 10], [22, 13, 23, 14], [24, 15, 1, 16], [2, 17, 3, 18], [4, 8, 5, 7], [6, 12, 7, 11], [8, 19, 9, 20]]"
12a_0146_33,"[[8, 19, 9, 20], [10, 6, 11, 5], [12, 21, 13, 22], [14, 23, 15, 24], [16, 1, 17, 2], [18, 3, 19, 4], [20, 9, 21, 10], [22, 13, 23, 14], [24, 15, 1, 16], [2, 17, 3, 18], [4, 8, 5, 7], [6, 12, 7, 11]]"
12a_0146_34,"[[6, 12, 7, 11], [8, 19, 9, 20], [10, 6, 11, 5], [12, 21, 13, 22], [14, 23, 15, 24], [16, 1, 17, 2], [18, 3, 19, 4], [20, 9, 21, 10], [22, 13, 23, 14], [24, 15, 1, 16], [2, 17, 3, 18], [4, 8, 5, 7]]"
12a_0146_35,"[[4, 8, 5, 7], [6, 12, 7, 11], [8, 19, 9, 20], [10, 6, 11, 5], [12, 21, 13, 22], [14, 23, 15, 24], [16, 1, 17, 2], [18, 3, 19, 4], [20, 9, 21, 10], [22, 13, 23, 14], [24, 15, 1, 16], [2, 17, 3, 18]]"
12a_0146_36,"[[3, 18, 4, 19], [5, 9, 6, 8], [7, 13, 8, 12], [9, 20, 10, 21], [11, 7, 12, 6], [13, 22, 14, 23], [15, 24, 16, 1], [17, 2, 18, 3], [19, 4, 20, 5], [21, 10, 22, 11], [23, 14, 24, 15], [1, 16, 2, 17]]"
12a_0146_37,"[[1, 16, 2, 17], [3, 18, 4, 19], [5, 9, 6, 8], [7, 13, 8, 12], [9, 20, 10, 21], [11, 7, 12, 6], [13, 22, 14, 23], [15, 24, 16, 1], [17, 2, 18, 3], [19, 4, 20, 5], [21, 10, 22, 11], [23, 14, 24, 15]]"
12a_0146_38,"[[23, 14, 24, 15], [1, 16, 2, 17], [3, 18, 4, 19], [5, 9, 6, 8], [7, 13, 8, 12], [9, 20, 10, 21], [11, 7, 12, 6], [13, 22, 14, 23], [15, 24, 16, 1], [17, 2, 18, 3], [19, 4, 20, 5], [21, 10, 22, 11]]"
12a_0146_39,"[[21, 10, 22, 11], [23, 14, 24, 15], [1, 16, 2, 17], [3, 18, 4, 19], [5, 9, 6, 8], [7, 13, 8, 12], [9, 20, 10, 21], [11, 7, 12, 6], [13, 22, 14, 23], [15, 24, 16, 1], [17, 2, 18, 3], [19, 4, 20, 5]]"
12a_0146_40,"[[19, 4, 20, 5], [21, 10, 22, 11], [23, 14, 24, 15], [1, 16, 2, 17], [3, 18, 4, 19], [5, 9, 6, 8], [7, 13, 8, 12], [9, 20, 10, 21], [11, 7, 12, 6], [13, 22, 14, 23], [15, 24, 16, 1], [17, 2, 18, 3]]"
12a_0146_41,"[[17, 2, 18, 3], [19, 4, 20, 5], [21, 10, 22, 11], [23, 14, 24, 15], [1, 16, 2, 17], [3, 18, 4, 19], [5, 9, 6, 8], [7, 13, 8, 12], [9, 20, 10, 21], [11, 7, 12, 6], [13, 22, 14, 23], [15, 24, 16, 1]]"
12a_0146_42,"[[15, 24, 16, 1], [17, 2, 18, 3], [19, 4, 20, 5], [21, 10, 22, 11], [23, 14, 24, 15], [1, 16, 2, 17], [3, 18, 4, 19], [5, 9, 6, 8], [7, 13, 8, 12], [9, 20, 10, 21], [11, 7, 12, 6], [13, 22, 14, 23]]"
12a_0146_43,"[[13, 22, 14, 23], [15, 24, 16, 1], [17, 2, 18, 3], [19, 4, 20, 5], [21, 10, 22, 11], [23, 14, 24, 15], [1, 16, 2, 17], [3, 18, 4, 19], [5, 9, 6, 8], [7, 13, 8, 12], [9, 20, 10, 21], [11, 7, 12, 6]]"
12a_0146_44,"[[11, 7, 12, 6], [13, 22, 14, 23], [15, 24, 16, 1], [17, 2, 18, 3], [19, 4, 20, 5], [21, 10, 22, 11], [23, 14, 24, 15], [1, 16, 2, 17], [3, 18, 4, 19], [5, 9, 6, 8], [7, 13, 8, 12], [9, 20, 10, 21]]"
12a_0146_45,"[[9, 20, 10, 21], [11, 7, 12, 6], [13, 22, 14, 23], [15, 24, 16, 1], [17, 2, 18, 3], [19, 4, 20, 5], [21, 10, 22, 11], [23, 14, 24, 15], [1, 16, 2, 17], [3, 18, 4, 19], [5, 9, 6, 8], [7, 13, 8, 12]]"
12a_0146_46,"[[7, 13, 8, 12], [9, 20, 10, 21], [11, 7, 12, 6], [13, 22, 14, 23], [15, 24, 16, 1], [17, 2, 18, 3], [19, 4, 20, 5], [21, 10, 22, 11], [23, 14, 24, 15], [1, 16, 2, 17], [3, 18, 4, 19], [5, 9, 6, 8]]"
12a_0146_47,"[[5, 9, 6, 8], [7, 13, 8, 12], [9, 20, 10, 21], [11, 7, 12, 6], [13, 22, 14, 23], [15, 24, 16, 1], [17, 2, 18, 3], [19, 4, 20, 5], [21, 10, 22, 11], [23, 14, 24, 15], [1, 16, 2, 17], [3, 18, 4, 19]]"
12a_0146_48,"[[4, 19, 5, 20], [6, 10, 7, 9], [8, 14, 9, 13], [10, 21, 11, 22], [12, 8, 13, 7], [14, 23, 15, 24], [16, 1, 17, 2], [18, 3, 19, 4], [20, 5, 21, 6], [22, 11, 23, 12], [24, 15, 1, 16], [2, 17, 3, 18]]"
12a_0146_49,"[[2, 17, 3, 18], [4, 19, 5, 20], [6, 10, 7, 9], [8, 14, 9, 13], [10, 21, 11, 22], [12, 8, 13, 7], [14, 23, 15, 24], [16, 1, 17, 2], [18, 3, 19, 4], [20, 5, 21, 6], [22, 11, 23, 12], [24, 15, 1, 16]]"
12a_0146_50,"[[24, 15, 1, 16], [2, 17, 3, 18], [4, 19, 5, 20], [6, 10, 7, 9], [8, 14, 9, 13], [10, 21, 11, 22], [12, 8, 13, 7], [14, 23, 15, 24], [16, 1, 17, 2], [18, 3, 19, 4], [20, 5, 21, 6], [22, 11, 23, 12]]"
12a_0146_51,"[[22, 11, 23, 12], [24, 15, 1, 16], [2, 17, 3, 18], [4, 19, 5, 20], [6, 10, 7, 9], [8, 14, 9, 13], [10, 21, 11, 22], [12, 8, 13, 7], [14, 23, 15, 24], [16, 1, 17, 2], [18, 3, 19, 4], [20, 5, 21, 6]]"
12a_0146_52,"[[20, 5, 21, 6], [22, 11, 23, 12], [24, 15, 1, 16], [2, 17, 3, 18], [4, 19, 5, 20], [6, 10, 7, 9], [8, 14, 9, 13], [10, 21, 11, 22], [12, 8, 13, 7], [14, 23, 15, 24], [16, 1, 17, 2], [18, 3, 19, 4]]"
12a_0146_53,"[[18, 3, 19, 4], [20, 5, 21, 6], [22, 11, 23, 12], [24, 15, 1, 16], [2, 17, 3, 18], [4, 19, 5, 20], [6, 10, 7, 9], [8, 14, 9, 13], [10, 21, 11, 22], [12, 8, 13, 7], [14, 23, 15, 24], [16, 1, 17, 2]]"
12a_0146_54,"[[16, 1, 17, 2], [18, 3, 19, 4], [20, 5, 21, 6], [22, 11, 23, 12], [24, 15, 1, 16], [2, 17, 3, 18], [4, 19, 5, 20], [6, 10, 7, 9], [8, 14, 9, 13], [10, 21, 11, 22], [12, 8, 13, 7], [14, 23, 15, 24]]"
12a_0146_55,"[[14, 23, 15, 24], [16, 1, 17, 2], [18, 3, 19, 4], [20, 5, 21, 6], [22, 11, 23, 12], [24, 15, 1, 16], [2, 17, 3, 18], [4, 19, 5, 20], [6, 10, 7, 9], [8, 14, 9, 13], [10, 21, 11, 22], [12, 8, 13, 7]]"
12a_0146_56,"[[12, 8, 13, 7], [14, 23, 15, 24], [16, 1, 17, 2], [18, 3, 19, 4], [20, 5, 21, 6], [22, 11, 23, 12], [24, 15, 1, 16], [2, 17, 3, 18], [4, 19, 5, 20], [6, 10, 7, 9], [8, 14, 9, 13], [10, 21, 11, 22]]"
12a_0146_57,"[[10, 21, 11, 22], [12, 8, 13, 7], [14, 23, 15, 24], [16, 1, 17, 2], [18, 3, 19, 4], [20, 5, 21, 6], [22, 11, 23, 12], [24, 15, 1, 16], [2, 17, 3, 18], [4, 19, 5, 20], [6, 10, 7, 9], [8, 14, 9, 13]]"
12a_0146_58,"[[8, 14, 9, 13], [10, 21, 11, 22], [12, 8, 13, 7], [14, 23, 15, 24], [16, 1, 17, 2], [18, 3, 19, 4], [20, 5, 21, 6], [22, 11, 23, 12], [24, 15, 1, 16], [2, 17, 3, 18], [4, 19, 5, 20], [6, 10, 7, 9]]"
12a_0146_59,"[[6, 10, 7, 9], [8, 14, 9, 13], [10, 21, 11, 22], [12, 8, 13, 7], [14, 23, 15, 24], [16, 1, 17, 2], [18, 3, 19, 4], [20, 5, 21, 6], [22, 11, 23, 12], [24, 15, 1, 16], [2, 17, 3, 18], [4, 19, 5, 20]]"
12a_0146_60,"[[5, 20, 6, 21], [7, 11, 8, 10], [9, 15, 10, 14], [11, 22, 12, 23], [13, 9, 14, 8], [15, 24, 16, 1], [17, 2, 18, 3], [19, 4, 20, 5], [21, 6, 22, 7], [23, 12, 24, 13], [1, 16, 2, 17], [3, 18, 4, 19]]"
12a_0146_61,"[[3, 18, 4, 19], [5, 20, 6, 21], [7, 11, 8, 10], [9, 15, 10, 14], [11, 22, 12, 23], [13, 9, 14, 8], [15, 24, 16, 1], [17, 2, 18, 3], [19, 4, 20, 5], [21, 6, 22, 7], [23, 12, 24, 13], [1, 16, 2, 17]]"
12a_0146_62,"[[1, 16, 2, 17], [3, 18, 4, 19], [5, 20, 6, 21], [7, 11, 8, 10], [9, 15, 10, 14], [11, 22, 12, 23], [13, 9, 14, 8], [15, 24, 16, 1], [17, 2, 18, 3], [19, 4, 20, 5], [21, 6, 22, 7], [23, 12, 24, 13]]"
12a_0146_63,"[[23, 12, 24, 13], [1, 16, 2, 17], [3, 18, 4, 19], [5, 20, 6, 21], [7, 11, 8, 10], [9, 15, 10, 14], [11, 22, 12, 23], [13, 9, 14, 8], [15, 24, 16, 1], [17, 2, 18, 3], [19, 4, 20, 5], [21, 6, 22, 7]]"
12a_0146_64,"[[21, 6, 22, 7], [23, 12, 24, 13], [1, 16, 2, 17], [3, 18, 4, 19], [5, 20, 6, 21], [7, 11, 8, 10], [9, 15, 10, 14], [11, 22, 12, 23], [13, 9, 14, 8], [15, 24, 16, 1], [17, 2, 18, 3], [19, 4, 20, 5]]"
12a_0146_65,"[[19, 4, 20, 5], [21, 6, 22, 7], [23, 12, 24, 13], [1, 16, 2, 17], [3, 18, 4, 19], [5, 20, 6, 21], [7, 11, 8, 10], [9, 15, 10, 14], [11, 22, 12, 23], [13, 9, 14, 8], [15, 24, 16, 1], [17, 2, 18, 3]]"
12a_0146_66,"[[17, 2, 18, 3], [19, 4, 20, 5], [21, 6, 22, 7], [23, 12, 24, 13], [1, 16, 2, 17], [3, 18, 4, 19], [5, 20, 6, 21], [7, 11, 8, 10], [9, 15, 10, 14], [11, 22, 12, 23], [13, 9, 14, 8], [15, 24, 16, 1]]"
12a_0146_67,"[[15, 24, 16, 1], [17, 2, 18, 3], [19, 4, 20, 5], [21, 6, 22, 7], [23, 12, 24, 13], [1, 16, 2, 17], [3, 18, 4, 19], [5, 20, 6, 21], [7, 11, 8, 10], [9, 15, 10, 14], [11, 22, 12, 23], [13, 9, 14, 8]]"
12a_0146_68,"[[13, 9, 14, 8], [15, 24, 16, 1], [17, 2, 18, 3], [19, 4, 20, 5], [21, 6, 22, 7], [23, 12, 24, 13], [1, 16, 2, 17], [3, 18, 4, 19], [5, 20, 6, 21], [7, 11, 8, 10], [9, 15, 10, 14], [11, 22, 12, 23]]"
12a_0146_69,"[[11, 22, 12, 23], [13, 9, 14, 8], [15, 24, 16, 1], [17, 2, 18, 3], [19, 4, 20, 5], [21, 6, 22, 7], [23, 12, 24, 13], [1, 16, 2, 17], [3, 18, 4, 19], [5, 20, 6, 21], [7, 11, 8, 10], [9, 15, 10, 14]]"
12a_0146_70,"[[9, 15, 10, 14], [11, 22, 12, 23], [13, 9, 14, 8], [15, 24, 16, 1], [17, 2, 18, 3], [19, 4, 20, 5], [21, 6, 22, 7], [23, 12, 24, 13], [1, 16, 2, 17], [3, 18, 4, 19], [5, 20, 6, 21], [7, 11, 8, 10]]"
12a_0146_71,"[[7, 11, 8, 10], [9, 15, 10, 14], [11, 22, 12, 23], [13, 9, 14, 8], [15, 24, 16, 1], [17, 2, 18, 3], [19, 4, 20, 5], [21, 6, 22, 7], [23, 12, 24, 13], [1, 16, 2, 17], [3, 18, 4, 19], [5, 20, 6, 21]]"
12a_0146_72,"[[6, 21, 7, 22], [8, 12, 9, 11], [10, 16, 11, 15], [12, 23, 13, 24], [14, 10, 15, 9], [16, 1, 17, 2], [18, 3, 19, 4], [20, 5, 21, 6], [22, 7, 23, 8], [24, 13, 1, 14], [2, 17, 3, 18], [4, 19, 5, 20]]"
12a_0146_73,"[[4, 19, 5, 20], [6, 21, 7, 22], [8, 12, 9, 11], [10, 16, 11, 15], [12, 23, 13, 24], [14, 10, 15, 9], [16, 1, 17, 2], [18, 3, 19, 4], [20, 5, 21, 6], [22, 7, 23, 8], [24, 13, 1, 14], [2, 17, 3, 18]]"
12a_0146_74,"[[2, 17, 3, 18], [4, 19, 5, 20], [6, 21, 7, 22], [8, 12, 9, 11], [10, 16, 11, 15], [12, 23, 13, 24], [14, 10, 15, 9], [16, 1, 17, 2], [18, 3, 19, 4], [20, 5, 21, 6], [22, 7, 23, 8], [24, 13, 1, 14]]"
12a_0146_75,"[[24, 13, 1, 14], [2, 17, 3, 18], [4, 19, 5, 20], [6, 21, 7, 22], [8, 12, 9, 11], [10, 16, 11, 15], [12, 23, 13, 24], [14, 10, 15, 9], [16, 1, 17, 2], [18, 3, 19, 4], [20, 5, 21, 6], [22, 7, 23, 8]]"
12a_0146_76,"[[22, 7, 23, 8], [24, 13, 1, 14], [2, 17, 3, 18], [4, 19, 5, 20], [6, 21, 7, 22], [8, 12, 9, 11], [10, 16, 11, 15], [12, 23, 13, 24], [14, 10, 15, 9], [16, 1, 17, 2], [18, 3, 19, 4], [20, 5, 21, 6]]"
12a_0146_77,"[[20, 5, 21, 6], [22, 7, 23, 8], [24, 13, 1, 14], [2, 17, 3, 18], [4, 19, 5, 20], [6, 21, 7, 22], [8, 12, 9, 11], [10, 16, 11, 15], [12, 23, 13, 24], [14, 10, 15, 9], [16, 1, 17, 2], [18, 3, 19, 4]]"
12a_0146_78,"[[18, 3, 19, 4], [20, 5, 21, 6], [22, 7, 23, 8], [24, 13, 1, 14], [2, 17, 3, 18], [4, 19, 5, 20], [6, 21, 7, 22], [8, 12, 9, 11], [10, 16, 11, 15], [12, 23, 13, 24], [14, 10, 15, 9], [16, 1, 17, 2]]"
12a_0146_79,"[[16, 1, 17, 2], [18, 3, 19, 4], [20, 5, 21, 6], [22, 7, 23, 8], [24, 13, 1, 14], [2, 17, 3, 18], [4, 19, 5, 20], [6, 21, 7, 22], [8, 12, 9, 11], [10, 16, 11, 15], [12, 23, 13, 24], [14, 10, 15, 9]]"
12a_0146_80,"[[14, 10, 15, 9], [16, 1, 17, 2], [18, 3, 19, 4], [20, 5, 21, 6], [22, 7, 23, 8], [24, 13, 1, 14], [2, 17, 3, 18], [4, 19, 5, 20], [6, 21, 7, 22], [8, 12, 9, 11], [10, 16, 11, 15], [12, 23, 13, 24]]"
12a_0146_81,"[[12, 23, 13, 24], [14, 10, 15, 9], [16, 1, 17, 2], [18, 3, 19, 4], [20, 5, 21, 6], [22, 7, 23, 8], [24, 13, 1, 14], [2, 17, 3, 18], [4, 19, 5, 20], [6, 21, 7, 22], [8, 12, 9, 11], [10, 16, 11, 15]]"
12a_0146_82,"[[10, 16, 11, 15], [12, 23, 13, 24], [14, 10, 15, 9], [16, 1, 17, 2], [18, 3, 19, 4], [20, 5, 21, 6], [22, 7, 23, 8], [24, 13, 1, 14], [2, 17, 3, 18], [4, 19, 5, 20], [6, 21, 7, 22], [8, 12, 9, 11]]"
12a_0146_83,"[[8, 12, 9, 11], [10, 16, 11, 15], [12, 23, 13, 24], [14, 10, 15, 9], [16, 1, 17, 2], [18, 3, 19, 4], [20, 5, 21, 6], [22, 7, 23, 8], [24, 13, 1, 14], [2, 17, 3, 18], [4, 19, 5, 20], [6, 21, 7, 22]]"
12a_0146_84,"[[7, 22, 8, 23], [9, 13, 10, 12], [11, 17, 12, 16], [13, 24, 14, 1], [15, 11, 16, 10], [17, 2, 18, 3], [19, 4, 20, 5], [21, 6, 22, 7], [23, 8, 24, 9], [1, 14, 2, 15], [3, 18, 4, 19], [5, 20, 6, 21]]"
12a_0146_85,"[[5, 20, 6, 21], [7, 22, 8, 23], [9, 13, 10, 12], [11, 17, 12, 16], [13, 24, 14, 1], [15, 11, 16, 10], [17, 2, 18, 3], [19, 4, 20, 5], [21, 6, 22, 7], [23, 8, 24, 9], [1, 14, 2, 15], [3, 18, 4, 19]]"
12a_0146_86,"[[3, 18, 4, 19], [5, 20, 6, 21], [7, 22, 8, 23], [9, 13, 10, 12], [11, 17, 12, 16], [13, 24, 14, 1], [15, 11, 16, 10], [17, 2, 18, 3], [19, 4, 20, 5], [21, 6, 22, 7], [23, 8, 24, 9], [1, 14, 2, 15]]"
12a_0146_87,"[[1, 14, 2, 15], [3, 18, 4, 19], [5, 20, 6, 21], [7, 22, 8, 23], [9, 13, 10, 12], [11, 17, 12, 16], [13, 24, 14, 1], [15, 11, 16, 10], [17, 2, 18, 3], [19, 4, 20, 5], [21, 6, 22, 7], [23, 8, 24, 9]]"
12a_0146_88,"[[23, 8, 24, 9], [1, 14, 2, 15], [3, 18, 4, 19], [5, 20, 6, 21], [7, 22, 8, 23], [9, 13, 10, 12], [11, 17, 12, 16], [13, 24, 14, 1], [15, 11, 16, 10], [17, 2, 18, 3], [19, 4, 20, 5], [21, 6, 22, 7]]"
12a_0146_89,"[[21, 6, 22, 7], [23, 8, 24, 9], [1, 14, 2, 15], [3, 18, 4, 19], [5, 20, 6, 21], [7, 22, 8, 23], [9, 13, 10, 12], [11, 17, 12, 16], [13, 24, 14, 1], [15, 11, 16, 10], [17, 2, 18, 3], [19, 4, 20, 5]]"
12a_0146_90,"[[19, 4, 20, 5], [21, 6, 22, 7], [23, 8, 24, 9], [1, 14, 2, 15], [3, 18, 4, 19], [5, 20, 6, 21], [7, 22, 8, 23], [9, 13, 10, 12], [11, 17, 12, 16], [13, 24, 14, 1], [15, 11, 16, 10], [17, 2, 18, 3]]"
12a_0146_91,"[[17, 2, 18, 3], [19, 4, 20, 5], [21, 6, 22, 7], [23, 8, 24, 9], [1, 14, 2, 15], [3, 18, 4, 19], [5, 20, 6, 21], [7, 22, 8, 23], [9, 13, 10, 12], [11, 17, 12, 16], [13, 24, 14, 1], [15, 11, 16, 10]]"
12a_0146_92,"[[15, 11, 16, 10], [17, 2, 18, 3], [19, 4, 20, 5], [21, 6, 22, 7], [23, 8, 24, 9], [1, 14, 2, 15], [3, 18, 4, 19], [5, 20, 6, 21], [7, 22, 8, 23], [9, 13, 10, 12], [11, 17, 12, 16], [13, 24, 14, 1]]"
12a_0146_93,"[[13, 24, 14, 1], [15, 11, 16, 10], [17, 2, 18, 3], [19, 4, 20, 5], [21, 6, 22, 7], [23, 8, 24, 9], [1, 14, 2, 15], [3, 18, 4, 19], [5, 20, 6, 21], [7, 22, 8, 23], [9, 13, 10, 12], [11, 17, 12, 16]]"
12a_0146_94,"[[11, 17, 12, 16], [13, 24, 14, 1], [15, 11, 16, 10], [17, 2, 18, 3], [19, 4, 20, 5], [21, 6, 22, 7], [23, 8, 24, 9], [1, 14, 2, 15], [3, 18, 4, 19], [5, 20, 6, 21], [7, 22, 8, 23], [9, 13, 10, 12]]"
12a_0146_95,"[[9, 13, 10, 12], [11, 17, 12, 16], [13, 24, 14, 1], [15, 11, 16, 10], [17, 2, 18, 3], [19, 4, 20, 5], [21, 6, 22, 7], [23, 8, 24, 9], [1, 14, 2, 15], [3, 18, 4, 19], [5, 20, 6, 21], [7, 22, 8, 23]]"
12a_0146_96,"[[8, 23, 9, 24], [10, 14, 11, 13], [12, 18, 13, 17], [14, 1, 15, 2], [16, 12, 17, 11], [18, 3, 19, 4], [20, 5, 21, 6], [22, 7, 23, 8], [24, 9, 1, 10], [2, 15, 3, 16], [4, 19, 5, 20], [6, 21, 7, 22]]"
12a_0146_97,"[[6, 21, 7, 22], [8, 23, 9, 24], [10, 14, 11, 13], [12, 18, 13, 17], [14, 1, 15, 2], [16, 12, 17, 11], [18, 3, 19, 4], [20, 5, 21, 6], [22, 7, 23, 8], [24, 9, 1, 10], [2, 15, 3, 16], [4, 19, 5, 20]]"
12a_0146_98,"[[4, 19, 5, 20], [6, 21, 7, 22], [8, 23, 9, 24], [10, 14, 11, 13], [12, 18, 13, 17], [14, 1, 15, 2], [16, 12, 17, 11], [18, 3, 19, 4], [20, 5, 21, 6], [22, 7, 23, 8], [24, 9, 1, 10], [2, 15, 3, 16]]"
12a_0146_99,"[[2, 15, 3, 16], [4, 19, 5, 20], [6, 21, 7, 22], [8, 23, 9, 24], [10, 14, 11, 13], [12, 18, 13, 17], [14, 1, 15, 2], [16, 12, 17, 11], [18, 3, 19, 4], [20, 5, 21, 6], [22, 7, 23, 8], [24, 9, 1, 10]]"
12a_0146_100,"[[24, 9, 1, 10], [2, 15, 3, 16], [4, 19, 5, 20], [6, 21, 7, 22], [8, 23, 9, 24], [10, 14, 11, 13], [12, 18, 13, 17], [14, 1, 15, 2], [16, 12, 17, 11], [18, 3, 19, 4], [20, 5, 21, 6], [22, 7, 23, 8]]"
12a_0146_101,"[[22, 7, 23, 8], [24, 9, 1, 10], [2, 15, 3, 16], [4, 19, 5, 20], [6, 21, 7, 22], [8, 23, 9, 24], [10, 14, 11, 13], [12, 18, 13, 17], [14, 1, 15, 2], [16, 12, 17, 11], [18, 3, 19, 4], [20, 5, 21, 6]]"
12a_0146_102,"[[20, 5, 21, 6], [22, 7, 23, 8], [24, 9, 1, 10], [2, 15, 3, 16], [4, 19, 5, 20], [6, 21, 7, 22], [8, 23, 9, 24], [10, 14, 11, 13], [12, 18, 13, 17], [14, 1, 15, 2], [16, 12, 17, 11], [18, 3, 19, 4]]"
12a_0146_103,"[[18, 3, 19, 4], [20, 5, 21, 6], [22, 7, 23, 8], [24, 9, 1, 10], [2, 15, 3, 16], [4, 19, 5, 20], [6, 21, 7, 22], [8, 23, 9, 24], [10, 14, 11, 13], [12, 18, 13, 17], [14, 1, 15, 2], [16, 12, 17, 11]]"
12a_0146_104,"[[16, 12, 17, 11], [18, 3, 19, 4], [20, 5, 21, 6], [22, 7, 23, 8], [24, 9, 1, 10], [2, 15, 3, 16], [4, 19, 5, 20], [6, 21, 7, 22], [8, 23, 9, 24], [10, 14, 11, 13], [12, 18, 13, 17], [14, 1, 15, 2]]"
12a_0146_105,"[[14, 1, 15, 2], [16, 12, 17, 11], [18, 3, 19, 4], [20, 5, 21, 6], [22, 7, 23, 8], [24, 9, 1, 10], [2, 15, 3, 16], [4, 19, 5, 20], [6, 21, 7, 22], [8, 23, 9, 24], [10, 14, 11, 13], [12, 18, 13, 17]]"
12a_0146_106,"[[12, 18, 13, 17], [14, 1, 15, 2], [16, 12, 17, 11], [18, 3, 19, 4], [20, 5, 21, 6], [22, 7, 23, 8], [24, 9, 1, 10], [2, 15, 3, 16], [4, 19, 5, 20], [6, 21, 7, 22], [8, 23, 9, 24], [10, 14, 11, 13]]"
12a_0146_107,"[[10, 14, 11, 13], [12, 18, 13, 17], [14, 1, 15, 2], [16, 12, 17, 11], [18, 3, 19, 4], [20, 5, 21, 6], [22, 7, 23, 8], [24, 9, 1, 10], [2, 15, 3, 16], [4, 19, 5, 20], [6, 21, 7, 22], [8, 23, 9, 24]]"
12a_0146_108,"[[9, 24, 10, 1], [11, 15, 12, 14], [13, 19, 14, 18], [15, 2, 16, 3], [17, 13, 18, 12], [19, 4, 20, 5], [21, 6, 22, 7], [23, 8, 24, 9], [1, 10, 2, 11], [3, 16, 4, 17], [5, 20, 6, 21], [7, 22, 8, 23]]"
12a_0146_109,"[[7, 22, 8, 23], [9, 24, 10, 1], [11, 15, 12, 14], [13, 19, 14, 18], [15, 2, 16, 3], [17, 13, 18, 12], [19, 4, 20, 5], [21, 6, 22, 7], [23, 8, 24, 9], [1, 10, 2, 11], [3, 16, 4, 17], [5, 20, 6, 21]]"
12a_0146_110,"[[5, 20, 6, 21], [7, 22, 8, 23], [9, 24, 10, 1], [11, 15, 12, 14], [13, 19, 14, 18], [15, 2, 16, 3], [17, 13, 18, 12], [19, 4, 20, 5], [21, 6, 22, 7], [23, 8, 24, 9], [1, 10, 2, 11], [3, 16, 4, 17]]"
12a_0146_111,"[[3, 16, 4, 17], [5, 20, 6, 21], [7, 22, 8, 23], [9, 24, 10, 1], [11, 15, 12, 14], [13, 19, 14, 18], [15, 2, 16, 3], [17, 13, 18, 12], [19, 4, 20, 5], [21, 6, 22, 7], [23, 8, 24, 9], [1, 10, 2, 11]]"
12a_0146_112,"[[1, 10, 2, 11], [3, 16, 4, 17], [5, 20, 6, 21], [7, 22, 8, 23], [9, 24, 10, 1], [11, 15, 12, 14], [13, 19, 14, 18], [15, 2, 16, 3], [17, 13, 18, 12], [19, 4, 20, 5], [21, 6, 22, 7], [23, 8, 24, 9]]"
12a_0146_113,"[[23, 8, 24, 9], [1, 10, 2, 11], [3, 16, 4, 17], [5, 20, 6, 21], [7, 22, 8, 23], [9, 24, 10, 1], [11, 15, 12, 14], [13, 19, 14, 18], [15, 2, 16, 3], [17, 13, 18, 12], [19, 4, 20, 5], [21, 6, 22, 7]]"
12a_0146_114,"[[21, 6, 22, 7], [23, 8, 24, 9], [1, 10, 2, 11], [3, 16, 4, 17], [5, 20, 6, 21], [7, 22, 8, 23], [9, 24, 10, 1], [11, 15, 12, 14], [13, 19, 14, 18], [15, 2, 16, 3], [17, 13, 18, 12], [19, 4, 20, 5]]"
12a_0146_115,"[[19, 4, 20, 5], [21, 6, 22, 7], [23, 8, 24, 9], [1, 10, 2, 11], [3, 16, 4, 17], [5, 20, 6, 21], [7, 22, 8, 23], [9, 24, 10, 1], [11, 15, 12, 14], [13, 19, 14, 18], [15, 2, 16, 3], [17, 13, 18, 12]]"
12a_0146_116,"[[17, 13, 18, 12], [19, 4, 20, 5], [21, 6, 22, 7], [23, 8, 24, 9], [1, 10, 2, 11], [3, 16, 4, 17], [5, 20, 6, 21], [7, 22, 8, 23], [9, 24, 10, 1], [11, 15, 12, 14], [13, 19, 14, 18], [15, 2, 16, 3]]"
12a_0146_117,"[[15, 2, 16, 3], [17, 13, 18, 12], [19, 4, 20, 5], [21, 6, 22, 7], [23, 8, 24, 9], [1, 10, 2, 11], [3, 16, 4, 17], [5, 20, 6, 21], [7, 22, 8, 23], [9, 24, 10, 1], [11, 15, 12, 14], [13, 19, 14, 18]]"
12a_0146_118,"[[13, 19, 14, 18], [15, 2, 16, 3], [17, 13, 18, 12], [19, 4, 20, 5], [21, 6, 22, 7], [23, 8, 24, 9], [1, 10, 2, 11], [3, 16, 4, 17], [5, 20, 6, 21], [7, 22, 8, 23], [9, 24, 10, 1], [11, 15, 12, 14]]"
12a_0146_119,"[[11, 15, 12, 14], [13, 19, 14, 18], [15, 2, 16, 3], [17, 13, 18, 12], [19, 4, 20, 5], [21, 6, 22, 7], [23, 8, 24, 9], [1, 10, 2, 11], [3, 16, 4, 17], [5, 20, 6, 21], [7, 22, 8, 23], [9, 24, 10, 1]]"
12a_0146_120,"[[10, 1, 11, 2], [12, 16, 13, 15], [14, 20, 15, 19], [16, 3, 17, 4], [18, 14, 19, 13], [20, 5, 21, 6], [22, 7, 23, 8], [24, 9, 1, 10], [2, 11, 3, 12], [4, 17, 5, 18], [6, 21, 7, 22], [8, 23, 9, 24]]"
12a_0146_121,"[[8, 23, 9, 24], [10, 1, 11, 2], [12, 16, 13, 15], [14, 20, 15, 19], [16, 3, 17, 4], [18, 14, 19, 13], [20, 5, 21, 6], [22, 7, 23, 8], [24, 9, 1, 10], [2, 11, 3, 12], [4, 17, 5, 18], [6, 21, 7, 22]]"
12a_0146_122,"[[6, 21, 7, 22], [8, 23, 9, 24], [10, 1, 11, 2], [12, 16, 13, 15], [14, 20, 15, 19], [16, 3, 17, 4], [18, 14, 19, 13], [20, 5, 21, 6], [22, 7, 23, 8], [24, 9, 1, 10], [2, 11, 3, 12], [4, 17, 5, 18]]"
12a_0146_123,"[[4, 17, 5, 18], [6, 21, 7, 22], [8, 23, 9, 24], [10, 1, 11, 2], [12, 16, 13, 15], [14, 20, 15, 19], [16, 3, 17, 4], [18, 14, 19, 13], [20, 5, 21, 6], [22, 7, 23, 8], [24, 9, 1, 10], [2, 11, 3, 12]]"
12a_0146_124,"[[2, 11, 3, 12], [4, 17, 5, 18], [6, 21, 7, 22], [8, 23, 9, 24], [10, 1, 11, 2], [12, 16, 13, 15], [14, 20, 15, 19], [16, 3, 17, 4], [18, 14, 19, 13], [20, 5, 21, 6], [22, 7, 23, 8], [24, 9, 1, 10]]"
12a_0146_125,"[[24, 9, 1, 10], [2, 11, 3, 12], [4, 17, 5, 18], [6, 21, 7, 22], [8, 23, 9, 24], [10, 1, 11, 2], [12, 16, 13, 15], [14, 20, 15, 19], [16, 3, 17, 4], [18, 14, 19, 13], [20, 5, 21, 6], [22, 7, 23, 8]]"
12a_0146_126,"[[22, 7, 23, 8], [24, 9, 1, 10], [2, 11, 3, 12], [4, 17, 5, 18], [6, 21, 7, 22], [8, 23, 9, 24], [10, 1, 11, 2], [12, 16, 13, 15], [14, 20, 15, 19], [16, 3, 17, 4], [18, 14, 19, 13], [20, 5, 21, 6]]"
12a_0146_127,"[[20, 5, 21, 6], [22, 7, 23, 8], [24, 9, 1, 10], [2, 11, 3, 12], [4, 17, 5, 18], [6, 21, 7, 22], [8, 23, 9, 24], [10, 1, 11, 2], [12, 16, 13, 15], [14, 20, 15, 19], [16, 3, 17, 4], [18, 14, 19, 13]]"
12a_0146_128,"[[18, 14, 19, 13], [20, 5, 21, 6], [22, 7, 23, 8], [24, 9, 1, 10], [2, 11, 3, 12], [4, 17, 5, 18], [6, 21, 7, 22], [8, 23, 9, 24], [10, 1, 11, 2], [12, 16, 13, 15], [14, 20, 15, 19], [16, 3, 17, 4]]"
12a_0146_129,"[[16, 3, 17, 4], [18, 14, 19, 13], [20, 5, 21, 6], [22, 7, 23, 8], [24, 9, 1, 10], [2, 11, 3, 12], [4, 17, 5, 18], [6, 21, 7, 22], [8, 23, 9, 24], [10, 1, 11, 2], [12, 16, 13, 15], [14, 20, 15, 19]]"
12a_0146_130,"[[14, 20, 15, 19], [16, 3, 17, 4], [18, 14, 19, 13], [20, 5, 21, 6], [22, 7, 23, 8], [24, 9, 1, 10], [2, 11, 3, 12], [4, 17, 5, 18], [6, 21, 7, 22], [8, 23, 9, 24], [10, 1, 11, 2], [12, 16, 13, 15]]"
12a_0146_131,"[[12, 16, 13, 15], [14, 20, 15, 19], [16, 3, 17, 4], [18, 14, 19, 13], [20, 5, 21, 6], [22, 7, 23, 8], [24, 9, 1, 10], [2, 11, 3, 12], [4, 17, 5, 18], [6, 21, 7, 22], [8, 23, 9, 24], [10, 1, 11, 2]]"
12a_0146_132,"[[11, 2, 12, 3], [13, 17, 14, 16], [15, 21, 16, 20], [17, 4, 18, 5], [19, 15, 20, 14], [21, 6, 22, 7], [23, 8, 24, 9], [1, 10, 2, 11], [3, 12, 4, 13], [5, 18, 6, 19], [7, 22, 8, 23], [9, 24, 10, 1]]"
12a_0146_133,"[[9, 24, 10, 1], [11, 2, 12, 3], [13, 17, 14, 16], [15, 21, 16, 20], [17, 4, 18, 5], [19, 15, 20, 14], [21, 6, 22, 7], [23, 8, 24, 9], [1, 10, 2, 11], [3, 12, 4, 13], [5, 18, 6, 19], [7, 22, 8, 23]]"
12a_0146_134,"[[7, 22, 8, 23], [9, 24, 10, 1], [11, 2, 12, 3], [13, 17, 14, 16], [15, 21, 16, 20], [17, 4, 18, 5], [19, 15, 20, 14], [21, 6, 22, 7], [23, 8, 24, 9], [1, 10, 2, 11], [3, 12, 4, 13], [5, 18, 6, 19]]"
12a_0146_135,"[[5, 18, 6, 19], [7, 22, 8, 23], [9, 24, 10, 1], [11, 2, 12, 3], [13, 17, 14, 16], [15, 21, 16, 20], [17, 4, 18, 5], [19, 15, 20, 14], [21, 6, 22, 7], [23, 8, 24, 9], [1, 10, 2, 11], [3, 12, 4, 13]]"
12a_0146_136,"[[3, 12, 4, 13], [5, 18, 6, 19], [7, 22, 8, 23], [9, 24, 10, 1], [11, 2, 12, 3], [13, 17, 14, 16], [15, 21, 16, 20], [17, 4, 18, 5], [19, 15, 20, 14], [21, 6, 22, 7], [23, 8, 24, 9], [1, 10, 2, 11]]"
12a_0146_137,"[[1, 10, 2, 11], [3, 12, 4, 13], [5, 18, 6, 19], [7, 22, 8, 23], [9, 24, 10, 1], [11, 2, 12, 3], [13, 17, 14, 16], [15, 21, 16, 20], [17, 4, 18, 5], [19, 15, 20, 14], [21, 6, 22, 7], [23, 8, 24, 9]]"
12a_0146_138,"[[23, 8, 24, 9], [1, 10, 2, 11], [3, 12, 4, 13], [5, 18, 6, 19], [7, 22, 8, 23], [9, 24, 10, 1], [11, 2, 12, 3], [13, 17, 14, 16], [15, 21, 16, 20], [17, 4, 18, 5], [19, 15, 20, 14], [21, 6, 22, 7]]"
12a_0146_139,"[[21, 6, 22, 7], [23, 8, 24, 9], [1, 10, 2, 11], [3, 12, 4, 13], [5, 18, 6, 19], [7, 22, 8, 23], [9, 24, 10, 1], [11, 2, 12, 3], [13, 17, 14, 16], [15, 21, 16, 20], [17, 4, 18, 5], [19, 15, 20, 14]]"
12a_0146_140,"[[19, 15, 20, 14], [21, 6, 22, 7], [23, 8, 24, 9], [1, 10, 2, 11], [3, 12, 4, 13], [5, 18, 6, 19], [7, 22, 8, 23], [9, 24, 10, 1], [11, 2, 12, 3], [13, 17, 14, 16], [15, 21, 16, 20], [17, 4, 18, 5]]"
12a_0146_141,"[[17, 4, 18, 5], [19, 15, 20, 14], [21, 6, 22, 7], [23, 8, 24, 9], [1, 10, 2, 11], [3, 12, 4, 13], [5, 18, 6, 19], [7, 22, 8, 23], [9, 24, 10, 1], [11, 2, 12, 3], [13, 17, 14, 16], [15, 21, 16, 20]]"
12a_0146_142,"[[15, 21, 16, 20], [17, 4, 18, 5], [19, 15, 20, 14], [21, 6, 22, 7], [23, 8, 24, 9], [1, 10, 2, 11], [3, 12, 4, 13], [5, 18, 6, 19], [7, 22, 8, 23], [9, 24, 10, 1], [11, 2, 12, 3], [13, 17, 14, 16]]"
12a_0146_143,"[[13, 17, 14, 16], [15, 21, 16, 20], [17, 4, 18, 5], [19, 15, 20, 14], [21, 6, 22, 7], [23, 8, 24, 9], [1, 10, 2, 11], [3, 12, 4, 13], [5, 18, 6, 19], [7, 22, 8, 23], [9, 24, 10, 1], [11, 2, 12, 3]]"
12a_0146_144,"[[12, 3, 13, 4], [14, 18, 15, 17], [16, 22, 17, 21], [18, 5, 19, 6], [20, 16, 21, 15], [22, 7, 23, 8], [24, 9, 1, 10], [2, 11, 3, 12], [4, 13, 5, 14], [6, 19, 7, 20], [8, 23, 9, 24], [10, 1, 11, 2]]"
12a_0146_145,"[[10, 1, 11, 2], [12, 3, 13, 4], [14, 18, 15, 17], [16, 22, 17, 21], [18, 5, 19, 6], [20, 16, 21, 15], [22, 7, 23, 8], [24, 9, 1, 10], [2, 11, 3, 12], [4, 13, 5, 14], [6, 19, 7, 20], [8, 23, 9, 24]]"
12a_0146_146,"[[8, 23, 9, 24], [10, 1, 11, 2], [12, 3, 13, 4], [14, 18, 15, 17], [16, 22, 17, 21], [18, 5, 19, 6], [20, 16, 21, 15], [22, 7, 23, 8], [24, 9, 1, 10], [2, 11, 3, 12], [4, 13, 5, 14], [6, 19, 7, 20]]"
12a_0146_147,"[[6, 19, 7, 20], [8, 23, 9, 24], [10, 1, 11, 2], [12, 3, 13, 4], [14, 18, 15, 17], [16, 22, 17, 21], [18, 5, 19, 6], [20, 16, 21, 15], [22, 7, 23, 8], [24, 9, 1, 10], [2, 11, 3, 12], [4, 13, 5, 14]]"
12a_0146_148,"[[4, 13, 5, 14], [6, 19, 7, 20], [8, 23, 9, 24], [10, 1, 11, 2], [12, 3, 13, 4], [14, 18, 15, 17], [16, 22, 17, 21], [18, 5, 19, 6], [20, 16, 21, 15], [22, 7, 23, 8], [24, 9, 1, 10], [2, 11, 3, 12]]"
12a_0146_149,"[[2, 11, 3, 12], [4, 13, 5, 14], [6, 19, 7, 20], [8, 23, 9, 24], [10, 1, 11, 2], [12, 3, 13, 4], [14, 18, 15, 17], [16, 22, 17, 21], [18, 5, 19, 6], [20, 16, 21, 15], [22, 7, 23, 8], [24, 9, 1, 10]]"
12a_0146_150,"[[24, 9, 1, 10], [2, 11, 3, 12], [4, 13, 5, 14], [6, 19, 7, 20], [8, 23, 9, 24], [10, 1, 11, 2], [12, 3, 13, 4], [14, 18, 15, 17], [16, 22, 17, 21], [18, 5, 19, 6], [20, 16, 21, 15], [22, 7, 23, 8]]"
12a_0146_151,"[[22, 7, 23, 8], [24, 9, 1, 10], [2, 11, 3, 12], [4, 13, 5, 14], [6, 19, 7, 20], [8, 23, 9, 24], [10, 1, 11, 2], [12, 3, 13, 4], [14, 18, 15, 17], [16, 22, 17, 21], [18, 5, 19, 6], [20, 16, 21, 15]]"
12a_0146_152,"[[20, 16, 21, 15], [22, 7, 23, 8], [24, 9, 1, 10], [2, 11, 3, 12], [4, 13, 5, 14], [6, 19, 7, 20], [8, 23, 9, 24], [10, 1, 11, 2], [12, 3, 13, 4], [14, 18, 15, 17], [16, 22, 17, 21], [18, 5, 19, 6]]"
12a_0146_153,"[[18, 5, 19, 6], [20, 16, 21, 15], [22, 7, 23, 8], [24, 9, 1, 10], [2, 11, 3, 12], [4, 13, 5, 14], [6, 19, 7, 20], [8, 23, 9, 24], [10, 1, 11, 2], [12, 3, 13, 4], [14, 18, 15, 17], [16, 22, 17, 21]]"
12a_0146_154,"[[16, 22, 17, 21], [18, 5, 19, 6], [20, 16, 21, 15], [22, 7, 23, 8], [24, 9, 1, 10], [2, 11, 3, 12], [4, 13, 5, 14], [6, 19, 7, 20], [8, 23, 9, 24], [10, 1, 11, 2], [12, 3, 13, 4], [14, 18, 15, 17]]"
12a_0146_155,"[[14, 18, 15, 17], [16, 22, 17, 21], [18, 5, 19, 6], [20, 16, 21, 15], [22, 7, 23, 8], [24, 9, 1, 10], [2, 11, 3, 12], [4, 13, 5, 14], [6, 19, 7, 20], [8, 23, 9, 24], [10, 1, 11, 2], [12, 3, 13, 4]]"
12a_0146_156,"[[13, 4, 14, 5], [15, 19, 16, 18], [17, 23, 18, 22], [19, 6, 20, 7], [21, 17, 22, 16], [23, 8, 24, 9], [1, 10, 2, 11], [3, 12, 4, 13], [5, 14, 6, 15], [7, 20, 8, 21], [9, 24, 10, 1], [11, 2, 12, 3]]"
12a_0146_157,"[[11, 2, 12, 3], [13, 4, 14, 5], [15, 19, 16, 18], [17, 23, 18, 22], [19, 6, 20, 7], [21, 17, 22, 16], [23, 8, 24, 9], [1, 10, 2, 11], [3, 12, 4, 13], [5, 14, 6, 15], [7, 20, 8, 21], [9, 24, 10, 1]]"
12a_0146_158,"[[9, 24, 10, 1], [11, 2, 12, 3], [13, 4, 14, 5], [15, 19, 16, 18], [17, 23, 18, 22], [19, 6, 20, 7], [21, 17, 22, 16], [23, 8, 24, 9], [1, 10, 2, 11], [3, 12, 4, 13], [5, 14, 6, 15], [7, 20, 8, 21]]"
12a_0146_159,"[[7, 20, 8, 21], [9, 24, 10, 1], [11, 2, 12, 3], [13, 4, 14, 5], [15, 19, 16, 18], [17, 23, 18, 22], [19, 6, 20, 7], [21, 17, 22, 16], [23, 8, 24, 9], [1, 10, 2, 11], [3, 12, 4, 13], [5, 14, 6, 15]]"
12a_0146_160,"[[5, 14, 6, 15], [7, 20, 8, 21], [9, 24, 10, 1], [11, 2, 12, 3], [13, 4, 14, 5], [15, 19, 16, 18], [17, 23, 18, 22], [19, 6, 20, 7], [21, 17, 22, 16], [23, 8, 24, 9], [1, 10, 2, 11], [3, 12, 4, 13]]"
12a_0146_161,"[[3, 12, 4, 13], [5, 14, 6, 15], [7, 20, 8, 21], [9, 24, 10, 1], [11, 2, 12, 3], [13, 4, 14, 5], [15, 19, 16, 18], [17, 23, 18, 22], [19, 6, 20, 7], [21, 17, 22, 16], [23, 8, 24, 9], [1, 10, 2, 11]]"
12a_0146_162,"[[1, 10, 2, 11], [3, 12, 4, 13], [5, 14, 6, 15], [7, 20, 8, 21], [9, 24, 10, 1], [11, 2, 12, 3], [13, 4, 14, 5], [15, 19, 16, 18], [17, 23, 18, 22], [19, 6, 20, 7], [21, 17, 22, 16], [23, 8, 24, 9]]"
12a_0146_163,"[[23, 8, 24, 9], [1, 10, 2, 11], [3, 12, 4, 13], [5, 14, 6, 15], [7, 20, 8, 21], [9, 24, 10, 1], [11, 2, 12, 3], [13, 4, 14, 5], [15, 19, 16, 18], [17, 23, 18, 22], [19, 6, 20, 7], [21, 17, 22, 16]]"
12a_0146_164,"[[21, 17, 22, 16], [23, 8, 24, 9], [1, 10, 2, 11], [3, 12, 4, 13], [5, 14, 6, 15], [7, 20, 8, 21], [9, 24, 10, 1], [11, 2, 12, 3], [13, 4, 14, 5], [15, 19, 16, 18], [17, 23, 18, 22], [19, 6, 20, 7]]"
12a_0146_165,"[[19, 6, 20, 7], [21, 17, 22, 16], [23, 8, 24, 9], [1, 10, 2, 11], [3, 12, 4, 13], [5, 14, 6, 15], [7, 20, 8, 21], [9, 24, 10, 1], [11, 2, 12, 3], [13, 4, 14, 5], [15, 19, 16, 18], [17, 23, 18, 22]]"
12a_0146_166,"[[17, 23, 18, 22], [19, 6, 20, 7], [21, 17, 22, 16], [23, 8, 24, 9], [1, 10, 2, 11], [3, 12, 4, 13], [5, 14, 6, 15], [7, 20, 8, 21], [9, 24, 10, 1], [11, 2, 12, 3], [13, 4, 14, 5], [15, 19, 16, 18]]"
12a_0146_167,"[[15, 19, 16, 18], [17, 23, 18, 22], [19, 6, 20, 7], [21, 17, 22, 16], [23, 8, 24, 9], [1, 10, 2, 11], [3, 12, 4, 13], [5, 14, 6, 15], [7, 20, 8, 21], [9, 24, 10, 1], [11, 2, 12, 3], [13, 4, 14, 5]]"
12a_0146_168,"[[14, 5, 15, 6], [16, 20, 17, 19], [18, 24, 19, 23], [20, 7, 21, 8], [22, 18, 23, 17], [24, 9, 1, 10], [2, 11, 3, 12], [4, 13, 5, 14], [6, 15, 7, 16], [8, 21, 9, 22], [10, 1, 11, 2], [12, 3, 13, 4]]"
12a_0146_169,"[[12, 3, 13, 4], [14, 5, 15, 6], [16, 20, 17, 19], [18, 24, 19, 23], [20, 7, 21, 8], [22, 18, 23, 17], [24, 9, 1, 10], [2, 11, 3, 12], [4, 13, 5, 14], [6, 15, 7, 16], [8, 21, 9, 22], [10, 1, 11, 2]]"
12a_0146_170,"[[10, 1, 11, 2], [12, 3, 13, 4], [14, 5, 15, 6], [16, 20, 17, 19], [18, 24, 19, 23], [20, 7, 21, 8], [22, 18, 23, 17], [24, 9, 1, 10], [2, 11, 3, 12], [4, 13, 5, 14], [6, 15, 7, 16], [8, 21, 9, 22]]"
12a_0146_171,"[[8, 21, 9, 22], [10, 1, 11, 2], [12, 3, 13, 4], [14, 5, 15, 6], [16, 20, 17, 19], [18, 24, 19, 23], [20, 7, 21, 8], [22, 18, 23, 17], [24, 9, 1, 10], [2, 11, 3, 12], [4, 13, 5, 14], [6, 15, 7, 16]]"
12a_0146_172,"[[6, 15, 7, 16], [8, 21, 9, 22], [10, 1, 11, 2], [12, 3, 13, 4], [14, 5, 15, 6], [16, 20, 17, 19], [18, 24, 19, 23], [20, 7, 21, 8], [22, 18, 23, 17], [24, 9, 1, 10], [2, 11, 3, 12], [4, 13, 5, 14]]"
12a_0146_173,"[[4, 13, 5, 14], [6, 15, 7, 16], [8, 21, 9, 22], [10, 1, 11, 2], [12, 3, 13, 4], [14, 5, 15, 6], [16, 20, 17, 19], [18, 24, 19, 23], [20, 7, 21, 8], [22, 18, 23, 17], [24, 9, 1, 10], [2, 11, 3, 12]]"
12a_0146_174,"[[2, 11, 3, 12], [4, 13, 5, 14], [6, 15, 7, 16], [8, 21, 9, 22], [10, 1, 11, 2], [12, 3, 13, 4], [14, 5, 15, 6], [16, 20, 17, 19], [18, 24, 19, 23], [20, 7, 21, 8], [22, 18, 23, 17], [24, 9, 1, 10]]"
12a_0146_175,"[[24, 9, 1, 10], [2, 11, 3, 12], [4, 13, 5, 14], [6, 15, 7, 16], [8, 21, 9, 22], [10, 1, 11, 2], [12, 3, 13, 4], [14, 5, 15, 6], [16, 20, 17, 19], [18, 24, 19, 23], [20, 7, 21, 8], [22, 18, 23, 17]]"
12a_0146_176,"[[22, 18, 23, 17], [24, 9, 1, 10], [2, 11, 3, 12], [4, 13, 5, 14], [6, 15, 7, 16], [8, 21, 9, 22], [10, 1, 11, 2], [12, 3, 13, 4], [14, 5, 15, 6], [16, 20, 17, 19], [18, 24, 19, 23], [20, 7, 21, 8]]"
12a_0146_177,"[[20, 7, 21, 8], [22, 18, 23, 17], [24, 9, 1, 10], [2, 11, 3, 12], [4, 13, 5, 14], [6, 15, 7, 16], [8, 21, 9, 22], [10, 1, 11, 2], [12, 3, 13, 4], [14, 5, 15, 6], [16, 20, 17, 19], [18, 24, 19, 23]]"
12a_0146_178,"[[18, 24, 19, 23], [20, 7, 21, 8], [22, 18, 23, 17], [24, 9, 1, 10], [2, 11, 3, 12], [4, 13, 5, 14], [6, 15, 7, 16], [8, 21, 9, 22], [10, 1, 11, 2], [12, 3, 13, 4], [14, 5, 15, 6], [16, 20, 17, 19]]"
12a_0146_179,"[[16, 20, 17, 19], [18, 24, 19, 23], [20, 7, 21, 8], [22, 18, 23, 17], [24, 9, 1, 10], [2, 11, 3, 12], [4, 13, 5, 14], [6, 15, 7, 16], [8, 21, 9, 22], [10, 1, 11, 2], [12, 3, 13, 4], [14, 5, 15, 6]]"
12a_0146_180,"[[15, 6, 16, 7], [17, 21, 18, 20], [19, 1, 20, 24], [21, 8, 22, 9], [23, 19, 24, 18], [1, 10, 2, 11], [3, 12, 4, 13], [5, 14, 6, 15], [7, 16, 8, 17], [9, 22, 10, 23], [11, 2, 12, 3], [13, 4, 14, 5]]"
12a_0146_181,"[[13, 4, 14, 5], [15, 6, 16, 7], [17, 21, 18, 20], [19, 1, 20, 24], [21, 8, 22, 9], [23, 19, 24, 18], [1, 10, 2, 11], [3, 12, 4, 13], [5, 14, 6, 15], [7, 16, 8, 17], [9, 22, 10, 23], [11, 2, 12, 3]]"
12a_0146_182,"[[11, 2, 12, 3], [13, 4, 14, 5], [15, 6, 16, 7], [17, 21, 18, 20], [19, 1, 20, 24], [21, 8, 22, 9], [23, 19, 24, 18], [1, 10, 2, 11], [3, 12, 4, 13], [5, 14, 6, 15], [7, 16, 8, 17], [9, 22, 10, 23]]"
12a_0146_183,"[[9, 22, 10, 23], [11, 2, 12, 3], [13, 4, 14, 5], [15, 6, 16, 7], [17, 21, 18, 20], [19, 1, 20, 24], [21, 8, 22, 9], [23, 19, 24, 18], [1, 10, 2, 11], [3, 12, 4, 13], [5, 14, 6, 15], [7, 16, 8, 17]]"
12a_0146_184,"[[7, 16, 8, 17], [9, 22, 10, 23], [11, 2, 12, 3], [13, 4, 14, 5], [15, 6, 16, 7], [17, 21, 18, 20], [19, 1, 20, 24], [21, 8, 22, 9], [23, 19, 24, 18], [1, 10, 2, 11], [3, 12, 4, 13], [5, 14, 6, 15]]"
12a_0146_185,"[[5, 14, 6, 15], [7, 16, 8, 17], [9, 22, 10, 23], [11, 2, 12, 3], [13, 4, 14, 5], [15, 6, 16, 7], [17, 21, 18, 20], [19, 1, 20, 24], [21, 8, 22, 9], [23, 19, 24, 18], [1, 10, 2, 11], [3, 12, 4, 13]]"
