name,pd_notation
12a_0552_0,"[[24, 17, 1, 18], [2, 6, 3, 5], [4, 13, 5, 14], [6, 16, 7, 15], [8, 22, 9, 21], [10, 20, 11, 19], [12, 2, 13, 1], [14, 3, 15, 4], [16, 12, 17, 11], [18, 23, 19, 24], [20, 10, 21, 9], [22, 8, 23, 7]]"
12a_0552_1,"[[22, 8, 23, 7], [24, 17, 1, 18], [2, 6, 3, 5], [4, 13, 5, 14], [6, 16, 7, 15], [8, 22, 9, 21], [10, 20, 11, 19], [12, 2, 13, 1], [14, 3, 15, 4], [16, 12, 17, 11], [18, 23, 19, 24], [20, 10, 21, 9]]"
12a_0552_2,"[[20, 10, 21, 9], [22, 8, 23, 7], [24, 17, 1, 18], [2, 6, 3, 5], [4, 13, 5, 14], [6, 16, 7, 15], [8, 22, 9, 21], [10, 20, 11, 19], [12, 2, 13, 1], [14, 3, 15, 4], [16, 12, 17, 11], [18, 23, 19, 24]]"
12a_0552_3,"[[18, 23, 19, 24], [20, 10, 21, 9], [22, 8, 23, 7], [24, 17, 1, 18], [2, 6, 3, 5], [4, 13, 5, 14], [6, 16, 7, 15], [8, 22, 9, 21], [10, 20, 11, 19], [12, 2, 13, 1], [14, 3, 15, 4], [16, 12, 17, 11]]"
12a_0552_4,"[[16, 12, 17, 11], [18, 23, 19, 24], [20, 10, 21, 9], [22, 8, 23, 7], [24, 17, 1, 18], [2, 6, 3, 5], [4, 13, 5, 14], [6, 16, 7, 15], [8, 22, 9, 21], [10, 20, 11, 19], [12, 2, 13, 1], [14, 3, 15, 4]]"
12a_0552_5,"[[14, 3, 15, 4], [16, 12, 17, 11], [18, 23, 19, 24], [20, 10, 21, 9], [22, 8, 23, 7], [24, 17, 1, 18], [2, 6, 3, 5], [4, 13, 5, 14], [6, 16, 7, 15], [8, 22, 9, 21], [10, 20, 11, 19], [12, 2, 13, 1]]"
12a_0552_6,"[[12, 2, 13, 1], [14, 3, 15, 4], [16, 12, 17, 11], [18, 23, 19, 24], [20, 10, 21, 9], [22, 8, 23, 7], [24, 17, 1, 18], [2, 6, 3, 5], [4, 13, 5, 14], [6, 16, 7, 15], [8, 22, 9, 21], [10, 20, 11, 19]]"
12a_0552_7,"[[10, 20, 11, 19], [12, 2, 13, 1], [14, 3, 15, 4], [16, 12, 17, 11], [18, 23, 19, 24], [20, 10, 21, 9], [22, 8, 23, 7], [24, 17, 1, 18], [2, 6, 3, 5], [4, 13, 5, 14], [6, 16, 7, 15], [8, 22, 9, 21]]"
12a_0552_8,"[[8, 22, 9, 21], [10, 20, 11, 19], [12, 2, 13, 1], [14, 3, 15, 4], [16, 12, 17, 11], [18, 23, 19, 24], [20, 10, 21, 9], [22, 8, 23, 7], [24, 17, 1, 18], [2, 6, 3, 5], [4, 13, 5, 14], [6, 16, 7, 15]]"
12a_0552_9,"[[6, 16, 7, 15], [8, 22, 9, 21], [10, 20, 11, 19], [12, 2, 13, 1], [14, 3, 15, 4], [16, 12, 17, 11], [18, 23, 19, 24], [20, 10, 21, 9], [22, 8, 23, 7], [24, 17, 1, 18], [2, 6, 3, 5], [4, 13, 5, 14]]"
12a_0552_10,"[[4, 13, 5, 14], [6, 16, 7, 15], [8, 22, 9, 21], [10, 20, 11, 19], [12, 2, 13, 1], [14, 3, 15, 4], [16, 12, 17, 11], [18, 23, 19, 24], [20, 10, 21, 9], [22, 8, 23, 7], [24, 17, 1, 18], [2, 6, 3, 5]]"
12a_0552_11,"[[2, 6, 3, 5], [4, 13, 5, 14], [6, 16, 7, 15], [8, 22, 9, 21], [10, 20, 11, 19], [12, 2, 13, 1], [14, 3, 15, 4], [16, 12, 17, 11], [18, 23, 19, 24], [20, 10, 21, 9], [22, 8, 23, 7], [24, 17, 1, 18]]"
12a_0552_12,"[[1, 18, 2, 19], [3, 7, 4, 6], [5, 14, 6, 15], [7, 17, 8, 16], [9, 23, 10, 22], [11, 21, 12, 20], [13, 3, 14, 2], [15, 4, 16, 5], [17, 13, 18, 12], [19, 24, 20, 1], [21, 11, 22, 10], [23, 9, 24, 8]]"
12a_0552_13,"[[23, 9, 24, 8], [1, 18, 2, 19], [3, 7, 4, 6], [5, 14, 6, 15], [7, 17, 8, 16], [9, 23, 10, 22], [11, 21, 12, 20], [13, 3, 14, 2], [15, 4, 16, 5], [17, 13, 18, 12], [19, 24, 20, 1], [21, 11, 22, 10]]"
12a_0552_14,"[[21, 11, 22, 10], [23, 9, 24, 8], [1, 18, 2, 19], [3, 7, 4, 6], [5, 14, 6, 15], [7, 17, 8, 16], [9, 23, 10, 22], [11, 21, 12, 20], [13, 3, 14, 2], [15, 4, 16, 5], [17, 13, 18, 12], [19, 24, 20, 1]]"
12a_0552_15,"[[19, 24, 20, 1], [21, 11, 22, 10], [23, 9, 24, 8], [1, 18, 2, 19], [3, 7, 4, 6], [5, 14, 6, 15], [7, 17, 8, 16], [9, 23, 10, 22], [11, 21, 12, 20], [13, 3, 14, 2], [15, 4, 16, 5], [17, 13, 18, 12]]"
12a_0552_16,"[[17, 13, 18, 12], [19, 24, 20, 1], [21, 11, 22, 10], [23, 9, 24, 8], [1, 18, 2, 19], [3, 7, 4, 6], [5, 14, 6, 15], [7, 17, 8, 16], [9, 23, 10, 22], [11, 21, 12, 20], [13, 3, 14, 2], [15, 4, 16, 5]]"
12a_0552_17,"[[15, 4, 16, 5], [17, 13, 18, 12], [19, 24, 20, 1], [21, 11, 22, 10], [23, 9, 24, 8], [1, 18, 2, 19], [3, 7, 4, 6], [5, 14, 6, 15], [7, 17, 8, 16], [9, 23, 10, 22], [11, 21, 12, 20], [13, 3, 14, 2]]"
12a_0552_18,"[[13, 3, 14, 2], [15, 4, 16, 5], [17, 13, 18, 12], [19, 24, 20, 1], [21, 11, 22, 10], [23, 9, 24, 8], [1, 18, 2, 19], [3, 7, 4, 6], [5, 14, 6, 15], [7, 17, 8, 16], [9, 23, 10, 22], [11, 21, 12, 20]]"
12a_0552_19,"[[11, 21, 12, 20], [13, 3, 14, 2], [15, 4, 16, 5], [17, 13, 18, 12], [19, 24, 20, 1], [21, 11, 22, 10], [23, 9, 24, 8], [1, 18, 2, 19], [3, 7, 4, 6], [5, 14, 6, 15], [7, 17, 8, 16], [9, 23, 10, 22]]"
12a_0552_20,"[[9, 23, 10, 22], [11, 21, 12, 20], [13, 3, 14, 2], [15, 4, 16, 5], [17, 13, 18, 12], [19, 24, 20, 1], [21, 11, 22, 10], [23, 9, 24, 8], [1, 18, 2, 19], [3, 7, 4, 6], [5, 14, 6, 15], [7, 17, 8, 16]]"
12a_0552_21,"[[7, 17, 8, 16], [9, 23, 10, 22], [11, 21, 12, 20], [13, 3, 14, 2], [15, 4, 16, 5], [17, 13, 18, 12], [19, 24, 20, 1], [21, 11, 22, 10], [23, 9, 24, 8], [1, 18, 2, 19], [3, 7, 4, 6], [5, 14, 6, 15]]"
12a_0552_22,"[[5, 14, 6, 15], [7, 17, 8, 16], [9, 23, 10, 22], [11, 21, 12, 20], [13, 3, 14, 2], [15, 4, 16, 5], [17, 13, 18, 12], [19, 24, 20, 1], [21, 11, 22, 10], [23, 9, 24, 8], [1, 18, 2, 19], [3, 7, 4, 6]]"
12a_0552_23,"[[3, 7, 4, 6], [5, 14, 6, 15], [7, 17, 8, 16], [9, 23, 10, 22], [11, 21, 12, 20], [13, 3, 14, 2], [15, 4, 16, 5], [17, 13, 18, 12], [19, 24, 20, 1], [21, 11, 22, 10], [23, 9, 24, 8], [1, 18, 2, 19]]"
12a_0552_24,"[[2, 19, 3, 20], [4, 8, 5, 7], [6, 15, 7, 16], [8, 18, 9, 17], [10, 24, 11, 23], [12, 22, 13, 21], [14, 4, 15, 3], [16, 5, 17, 6], [18, 14, 19, 13], [20, 1, 21, 2], [22, 12, 23, 11], [24, 10, 1, 9]]"
12a_0552_25,"[[24, 10, 1, 9], [2, 19, 3, 20], [4, 8, 5, 7], [6, 15, 7, 16], [8, 18, 9, 17], [10, 24, 11, 23], [12, 22, 13, 21], [14, 4, 15, 3], [16, 5, 17, 6], [18, 14, 19, 13], [20, 1, 21, 2], [22, 12, 23, 11]]"
12a_0552_26,"[[22, 12, 23, 11], [24, 10, 1, 9], [2, 19, 3, 20], [4, 8, 5, 7], [6, 15, 7, 16], [8, 18, 9, 17], [10, 24, 11, 23], [12, 22, 13, 21], [14, 4, 15, 3], [16, 5, 17, 6], [18, 14, 19, 13], [20, 1, 21, 2]]"
12a_0552_27,"[[20, 1, 21, 2], [22, 12, 23, 11], [24, 10, 1, 9], [2, 19, 3, 20], [4, 8, 5, 7], [6, 15, 7, 16], [8, 18, 9, 17], [10, 24, 11, 23], [12, 22, 13, 21], [14, 4, 15, 3], [16, 5, 17, 6], [18, 14, 19, 13]]"
12a_0552_28,"[[18, 14, 19, 13], [20, 1, 21, 2], [22, 12, 23, 11], [24, 10, 1, 9], [2, 19, 3, 20], [4, 8, 5, 7], [6, 15, 7, 16], [8, 18, 9, 17], [10, 24, 11, 23], [12, 22, 13, 21], [14, 4, 15, 3], [16, 5, 17, 6]]"
12a_0552_29,"[[16, 5, 17, 6], [18, 14, 19, 13], [20, 1, 21, 2], [22, 12, 23, 11], [24, 10, 1, 9], [2, 19, 3, 20], [4, 8, 5, 7], [6, 15, 7, 16], [8, 18, 9, 17], [10, 24, 11, 23], [12, 22, 13, 21], [14, 4, 15, 3]]"
12a_0552_30,"[[14, 4, 15, 3], [16, 5, 17, 6], [18, 14, 19, 13], [20, 1, 21, 2], [22, 12, 23, 11], [24, 10, 1, 9], [2, 19, 3, 20], [4, 8, 5, 7], [6, 15, 7, 16], [8, 18, 9, 17], [10, 24, 11, 23], [12, 22, 13, 21]]"
12a_0552_31,"[[12, 22, 13, 21], [14, 4, 15, 3], [16, 5, 17, 6], [18, 14, 19, 13], [20, 1, 21, 2], [22, 12, 23, 11], [24, 10, 1, 9], [2, 19, 3, 20], [4, 8, 5, 7], [6, 15, 7, 16], [8, 18, 9, 17], [10, 24, 11, 23]]"
12a_0552_32,"[[10, 24, 11, 23], [12, 22, 13, 21], [14, 4, 15, 3], [16, 5, 17, 6], [18, 14, 19, 13], [20, 1, 21, 2], [22, 12, 23, 11], [24, 10, 1, 9], [2, 19, 3, 20], [4, 8, 5, 7], [6, 15, 7, 16], [8, 18, 9, 17]]"
12a_0552_33,"[[8, 18, 9, 17], [10, 24, 11, 23], [12, 22, 13, 21], [14, 4, 15, 3], [16, 5, 17, 6], [18, 14, 19, 13], [20, 1, 21, 2], [22, 12, 23, 11], [24, 10, 1, 9], [2, 19, 3, 20], [4, 8, 5, 7], [6, 15, 7, 16]]"
12a_0552_34,"[[6, 15, 7, 16], [8, 18, 9, 17], [10, 24, 11, 23], [12, 22, 13, 21], [14, 4, 15, 3], [16, 5, 17, 6], [18, 14, 19, 13], [20, 1, 21, 2], [22, 12, 23, 11], [24, 10, 1, 9], [2, 19, 3, 20], [4, 8, 5, 7]]"
12a_0552_35,"[[4, 8, 5, 7], [6, 15, 7, 16], [8, 18, 9, 17], [10, 24, 11, 23], [12, 22, 13, 21], [14, 4, 15, 3], [16, 5, 17, 6], [18, 14, 19, 13], [20, 1, 21, 2], [22, 12, 23, 11], [24, 10, 1, 9], [2, 19, 3, 20]]"
12a_0552_36,"[[3, 20, 4, 21], [5, 9, 6, 8], [7, 16, 8, 17], [9, 19, 10, 18], [11, 1, 12, 24], [13, 23, 14, 22], [15, 5, 16, 4], [17, 6, 18, 7], [19, 15, 20, 14], [21, 2, 22, 3], [23, 13, 24, 12], [1, 11, 2, 10]]"
12a_0552_37,"[[1, 11, 2, 10], [3, 20, 4, 21], [5, 9, 6, 8], [7, 16, 8, 17], [9, 19, 10, 18], [11, 1, 12, 24], [13, 23, 14, 22], [15, 5, 16, 4], [17, 6, 18, 7], [19, 15, 20, 14], [21, 2, 22, 3], [23, 13, 24, 12]]"
12a_0552_38,"[[23, 13, 24, 12], [1, 11, 2, 10], [3, 20, 4, 21], [5, 9, 6, 8], [7, 16, 8, 17], [9, 19, 10, 18], [11, 1, 12, 24], [13, 23, 14, 22], [15, 5, 16, 4], [17, 6, 18, 7], [19, 15, 20, 14], [21, 2, 22, 3]]"
12a_0552_39,"[[21, 2, 22, 3], [23, 13, 24, 12], [1, 11, 2, 10], [3, 20, 4, 21], [5, 9, 6, 8], [7, 16, 8, 17], [9, 19, 10, 18], [11, 1, 12, 24], [13, 23, 14, 22], [15, 5, 16, 4], [17, 6, 18, 7], [19, 15, 20, 14]]"
12a_0552_40,"[[19, 15, 20, 14], [21, 2, 22, 3], [23, 13, 24, 12], [1, 11, 2, 10], [3, 20, 4, 21], [5, 9, 6, 8], [7, 16, 8, 17], [9, 19, 10, 18], [11, 1, 12, 24], [13, 23, 14, 22], [15, 5, 16, 4], [17, 6, 18, 7]]"
12a_0552_41,"[[17, 6, 18, 7], [19, 15, 20, 14], [21, 2, 22, 3], [23, 13, 24, 12], [1, 11, 2, 10], [3, 20, 4, 21], [5, 9, 6, 8], [7, 16, 8, 17], [9, 19, 10, 18], [11, 1, 12, 24], [13, 23, 14, 22], [15, 5, 16, 4]]"
12a_0552_42,"[[15, 5, 16, 4], [17, 6, 18, 7], [19, 15, 20, 14], [21, 2, 22, 3], [23, 13, 24, 12], [1, 11, 2, 10], [3, 20, 4, 21], [5, 9, 6, 8], [7, 16, 8, 17], [9, 19, 10, 18], [11, 1, 12, 24], [13, 23, 14, 22]]"
12a_0552_43,"[[13, 23, 14, 22], [15, 5, 16, 4], [17, 6, 18, 7], [19, 15, 20, 14], [21, 2, 22, 3], [23, 13, 24, 12], [1, 11, 2, 10], [3, 20, 4, 21], [5, 9, 6, 8], [7, 16, 8, 17], [9, 19, 10, 18], [11, 1, 12, 24]]"
12a_0552_44,"[[11, 1, 12, 24], [13, 23, 14, 22], [15, 5, 16, 4], [17, 6, 18, 7], [19, 15, 20, 14], [21, 2, 22, 3], [23, 13, 24, 12], [1, 11, 2, 10], [3, 20, 4, 21], [5, 9, 6, 8], [7, 16, 8, 17], [9, 19, 10, 18]]"
12a_0552_45,"[[9, 19, 10, 18], [11, 1, 12, 24], [13, 23, 14, 22], [15, 5, 16, 4], [17, 6, 18, 7], [19, 15, 20, 14], [21, 2, 22, 3], [23, 13, 24, 12], [1, 11, 2, 10], [3, 20, 4, 21], [5, 9, 6, 8], [7, 16, 8, 17]]"
12a_0552_46,"[[7, 16, 8, 17], [9, 19, 10, 18], [11, 1, 12, 24], [13, 23, 14, 22], [15, 5, 16, 4], [17, 6, 18, 7], [19, 15, 20, 14], [21, 2, 22, 3], [23, 13, 24, 12], [1, 11, 2, 10], [3, 20, 4, 21], [5, 9, 6, 8]]"
12a_0552_47,"[[5, 9, 6, 8], [7, 16, 8, 17], [9, 19, 10, 18], [11, 1, 12, 24], [13, 23, 14, 22], [15, 5, 16, 4], [17, 6, 18, 7], [19, 15, 20, 14], [21, 2, 22, 3], [23, 13, 24, 12], [1, 11, 2, 10], [3, 20, 4, 21]]"
12a_0552_48,"[[4, 21, 5, 22], [6, 10, 7, 9], [8, 17, 9, 18], [10, 20, 11, 19], [12, 2, 13, 1], [14, 24, 15, 23], [16, 6, 17, 5], [18, 7, 19, 8], [20, 16, 21, 15], [22, 3, 23, 4], [24, 14, 1, 13], [2, 12, 3, 11]]"
12a_0552_49,"[[2, 12, 3, 11], [4, 21, 5, 22], [6, 10, 7, 9], [8, 17, 9, 18], [10, 20, 11, 19], [12, 2, 13, 1], [14, 24, 15, 23], [16, 6, 17, 5], [18, 7, 19, 8], [20, 16, 21, 15], [22, 3, 23, 4], [24, 14, 1, 13]]"
12a_0552_50,"[[24, 14, 1, 13], [2, 12, 3, 11], [4, 21, 5, 22], [6, 10, 7, 9], [8, 17, 9, 18], [10, 20, 11, 19], [12, 2, 13, 1], [14, 24, 15, 23], [16, 6, 17, 5], [18, 7, 19, 8], [20, 16, 21, 15], [22, 3, 23, 4]]"
12a_0552_51,"[[22, 3, 23, 4], [24, 14, 1, 13], [2, 12, 3, 11], [4, 21, 5, 22], [6, 10, 7, 9], [8, 17, 9, 18], [10, 20, 11, 19], [12, 2, 13, 1], [14, 24, 15, 23], [16, 6, 17, 5], [18, 7, 19, 8], [20, 16, 21, 15]]"
12a_0552_52,"[[20, 16, 21, 15], [22, 3, 23, 4], [24, 14, 1, 13], [2, 12, 3, 11], [4, 21, 5, 22], [6, 10, 7, 9], [8, 17, 9, 18], [10, 20, 11, 19], [12, 2, 13, 1], [14, 24, 15, 23], [16, 6, 17, 5], [18, 7, 19, 8]]"
12a_0552_53,"[[18, 7, 19, 8], [20, 16, 21, 15], [22, 3, 23, 4], [24, 14, 1, 13], [2, 12, 3, 11], [4, 21, 5, 22], [6, 10, 7, 9], [8, 17, 9, 18], [10, 20, 11, 19], [12, 2, 13, 1], [14, 24, 15, 23], [16, 6, 17, 5]]"
12a_0552_54,"[[16, 6, 17, 5], [18, 7, 19, 8], [20, 16, 21, 15], [22, 3, 23, 4], [24, 14, 1, 13], [2, 12, 3, 11], [4, 21, 5, 22], [6, 10, 7, 9], [8, 17, 9, 18], [10, 20, 11, 19], [12, 2, 13, 1], [14, 24, 15, 23]]"
12a_0552_55,"[[14, 24, 15, 23], [16, 6, 17, 5], [18, 7, 19, 8], [20, 16, 21, 15], [22, 3, 23, 4], [24, 14, 1, 13], [2, 12, 3, 11], [4, 21, 5, 22], [6, 10, 7, 9], [8, 17, 9, 18], [10, 20, 11, 19], [12, 2, 13, 1]]"
12a_0552_56,"[[12, 2, 13, 1], [14, 24, 15, 23], [16, 6, 17, 5], [18, 7, 19, 8], [20, 16, 21, 15], [22, 3, 23, 4], [24, 14, 1, 13], [2, 12, 3, 11], [4, 21, 5, 22], [6, 10, 7, 9], [8, 17, 9, 18], [10, 20, 11, 19]]"
12a_0552_57,"[[10, 20, 11, 19], [12, 2, 13, 1], [14, 24, 15, 23], [16, 6, 17, 5], [18, 7, 19, 8], [20, 16, 21, 15], [22, 3, 23, 4], [24, 14, 1, 13], [2, 12, 3, 11], [4, 21, 5, 22], [6, 10, 7, 9], [8, 17, 9, 18]]"
12a_0552_58,"[[8, 17, 9, 18], [10, 20, 11, 19], [12, 2, 13, 1], [14, 24, 15, 23], [16, 6, 17, 5], [18, 7, 19, 8], [20, 16, 21, 15], [22, 3, 23, 4], [24, 14, 1, 13], [2, 12, 3, 11], [4, 21, 5, 22], [6, 10, 7, 9]]"
12a_0552_59,"[[6, 10, 7, 9], [8, 17, 9, 18], [10, 20, 11, 19], [12, 2, 13, 1], [14, 24, 15, 23], [16, 6, 17, 5], [18, 7, 19, 8], [20, 16, 21, 15], [22, 3, 23, 4], [24, 14, 1, 13], [2, 12, 3, 11], [4, 21, 5, 22]]"
12a_0552_60,"[[5, 22, 6, 23], [7, 11, 8, 10], [9, 18, 10, 19], [11, 21, 12, 20], [13, 3, 14, 2], [15, 1, 16, 24], [17, 7, 18, 6], [19, 8, 20, 9], [21, 17, 22, 16], [23, 4, 24, 5], [1, 15, 2, 14], [3, 13, 4, 12]]"
12a_0552_61,"[[3, 13, 4, 12], [5, 22, 6, 23], [7, 11, 8, 10], [9, 18, 10, 19], [11, 21, 12, 20], [13, 3, 14, 2], [15, 1, 16, 24], [17, 7, 18, 6], [19, 8, 20, 9], [21, 17, 22, 16], [23, 4, 24, 5], [1, 15, 2, 14]]"
12a_0552_62,"[[1, 15, 2, 14], [3, 13, 4, 12], [5, 22, 6, 23], [7, 11, 8, 10], [9, 18, 10, 19], [11, 21, 12, 20], [13, 3, 14, 2], [15, 1, 16, 24], [17, 7, 18, 6], [19, 8, 20, 9], [21, 17, 22, 16], [23, 4, 24, 5]]"
12a_0552_63,"[[23, 4, 24, 5], [1, 15, 2, 14], [3, 13, 4, 12], [5, 22, 6, 23], [7, 11, 8, 10], [9, 18, 10, 19], [11, 21, 12, 20], [13, 3, 14, 2], [15, 1, 16, 24], [17, 7, 18, 6], [19, 8, 20, 9], [21, 17, 22, 16]]"
12a_0552_64,"[[21, 17, 22, 16], [23, 4, 24, 5], [1, 15, 2, 14], [3, 13, 4, 12], [5, 22, 6, 23], [7, 11, 8, 10], [9, 18, 10, 19], [11, 21, 12, 20], [13, 3, 14, 2], [15, 1, 16, 24], [17, 7, 18, 6], [19, 8, 20, 9]]"
12a_0552_65,"[[19, 8, 20, 9], [21, 17, 22, 16], [23, 4, 24, 5], [1, 15, 2, 14], [3, 13, 4, 12], [5, 22, 6, 23], [7, 11, 8, 10], [9, 18, 10, 19], [11, 21, 12, 20], [13, 3, 14, 2], [15, 1, 16, 24], [17, 7, 18, 6]]"
12a_0552_66,"[[17, 7, 18, 6], [19, 8, 20, 9], [21, 17, 22, 16], [23, 4, 24, 5], [1, 15, 2, 14], [3, 13, 4, 12], [5, 22, 6, 23], [7, 11, 8, 10], [9, 18, 10, 19], [11, 21, 12, 20], [13, 3, 14, 2], [15, 1, 16, 24]]"
12a_0552_67,"[[15, 1, 16, 24], [17, 7, 18, 6], [19, 8, 20, 9], [21, 17, 22, 16], [23, 4, 24, 5], [1, 15, 2, 14], [3, 13, 4, 12], [5, 22, 6, 23], [7, 11, 8, 10], [9, 18, 10, 19], [11, 21, 12, 20], [13, 3, 14, 2]]"
12a_0552_68,"[[13, 3, 14, 2], [15, 1, 16, 24], [17, 7, 18, 6], [19, 8, 20, 9], [21, 17, 22, 16], [23, 4, 24, 5], [1, 15, 2, 14], [3, 13, 4, 12], [5, 22, 6, 23], [7, 11, 8, 10], [9, 18, 10, 19], [11, 21, 12, 20]]"
12a_0552_69,"[[11, 21, 12, 20], [13, 3, 14, 2], [15, 1, 16, 24], [17, 7, 18, 6], [19, 8, 20, 9], [21, 17, 22, 16], [23, 4, 24, 5], [1, 15, 2, 14], [3, 13, 4, 12], [5, 22, 6, 23], [7, 11, 8, 10], [9, 18, 10, 19]]"
12a_0552_70,"[[9, 18, 10, 19], [11, 21, 12, 20], [13, 3, 14, 2], [15, 1, 16, 24], [17, 7, 18, 6], [19, 8, 20, 9], [21, 17, 22, 16], [23, 4, 24, 5], [1, 15, 2, 14], [3, 13, 4, 12], [5, 22, 6, 23], [7, 11, 8, 10]]"
12a_0552_71,"[[7, 11, 8, 10], [9, 18, 10, 19], [11, 21, 12, 20], [13, 3, 14, 2], [15, 1, 16, 24], [17, 7, 18, 6], [19, 8, 20, 9], [21, 17, 22, 16], [23, 4, 24, 5], [1, 15, 2, 14], [3, 13, 4, 12], [5, 22, 6, 23]]"
12a_0552_72,"[[6, 23, 7, 24], [8, 12, 9, 11], [10, 19, 11, 20], [12, 22, 13, 21], [14, 4, 15, 3], [16, 2, 17, 1], [18, 8, 19, 7], [20, 9, 21, 10], [22, 18, 23, 17], [24, 5, 1, 6], [2, 16, 3, 15], [4, 14, 5, 13]]"
12a_0552_73,"[[4, 14, 5, 13], [6, 23, 7, 24], [8, 12, 9, 11], [10, 19, 11, 20], [12, 22, 13, 21], [14, 4, 15, 3], [16, 2, 17, 1], [18, 8, 19, 7], [20, 9, 21, 10], [22, 18, 23, 17], [24, 5, 1, 6], [2, 16, 3, 15]]"
12a_0552_74,"[[2, 16, 3, 15], [4, 14, 5, 13], [6, 23, 7, 24], [8, 12, 9, 11], [10, 19, 11, 20], [12, 22, 13, 21], [14, 4, 15, 3], [16, 2, 17, 1], [18, 8, 19, 7], [20, 9, 21, 10], [22, 18, 23, 17], [24, 5, 1, 6]]"
12a_0552_75,"[[24, 5, 1, 6], [2, 16, 3, 15], [4, 14, 5, 13], [6, 23, 7, 24], [8, 12, 9, 11], [10, 19, 11, 20], [12, 22, 13, 21], [14, 4, 15, 3], [16, 2, 17, 1], [18, 8, 19, 7], [20, 9, 21, 10], [22, 18, 23, 17]]"
12a_0552_76,"[[22, 18, 23, 17], [24, 5, 1, 6], [2, 16, 3, 15], [4, 14, 5, 13], [6, 23, 7, 24], [8, 12, 9, 11], [10, 19, 11, 20], [12, 22, 13, 21], [14, 4, 15, 3], [16, 2, 17, 1], [18, 8, 19, 7], [20, 9, 21, 10]]"
12a_0552_77,"[[20, 9, 21, 10], [22, 18, 23, 17], [24, 5, 1, 6], [2, 16, 3, 15], [4, 14, 5, 13], [6, 23, 7, 24], [8, 12, 9, 11], [10, 19, 11, 20], [12, 22, 13, 21], [14, 4, 15, 3], [16, 2, 17, 1], [18, 8, 19, 7]]"
12a_0552_78,"[[18, 8, 19, 7], [20, 9, 21, 10], [22, 18, 23, 17], [24, 5, 1, 6], [2, 16, 3, 15], [4, 14, 5, 13], [6, 23, 7, 24], [8, 12, 9, 11], [10, 19, 11, 20], [12, 22, 13, 21], [14, 4, 15, 3], [16, 2, 17, 1]]"
12a_0552_79,"[[16, 2, 17, 1], [18, 8, 19, 7], [20, 9, 21, 10], [22, 18, 23, 17], [24, 5, 1, 6], [2, 16, 3, 15], [4, 14, 5, 13], [6, 23, 7, 24], [8, 12, 9, 11], [10, 19, 11, 20], [12, 22, 13, 21], [14, 4, 15, 3]]"
12a_0552_80,"[[14, 4, 15, 3], [16, 2, 17, 1], [18, 8, 19, 7], [20, 9, 21, 10], [22, 18, 23, 17], [24, 5, 1, 6], [2, 16, 3, 15], [4, 14, 5, 13], [6, 23, 7, 24], [8, 12, 9, 11], [10, 19, 11, 20], [12, 22, 13, 21]]"
12a_0552_81,"[[12, 22, 13, 21], [14, 4, 15, 3], [16, 2, 17, 1], [18, 8, 19, 7], [20, 9, 21, 10], [22, 18, 23, 17], [24, 5, 1, 6], [2, 16, 3, 15], [4, 14, 5, 13], [6, 23, 7, 24], [8, 12, 9, 11], [10, 19, 11, 20]]"
12a_0552_82,"[[10, 19, 11, 20], [12, 22, 13, 21], [14, 4, 15, 3], [16, 2, 17, 1], [18, 8, 19, 7], [20, 9, 21, 10], [22, 18, 23, 17], [24, 5, 1, 6], [2, 16, 3, 15], [4, 14, 5, 13], [6, 23, 7, 24], [8, 12, 9, 11]]"
12a_0552_83,"[[8, 12, 9, 11], [10, 19, 11, 20], [12, 22, 13, 21], [14, 4, 15, 3], [16, 2, 17, 1], [18, 8, 19, 7], [20, 9, 21, 10], [22, 18, 23, 17], [24, 5, 1, 6], [2, 16, 3, 15], [4, 14, 5, 13], [6, 23, 7, 24]]"
12a_0552_84,"[[7, 24, 8, 1], [9, 13, 10, 12], [11, 20, 12, 21], [13, 23, 14, 22], [15, 5, 16, 4], [17, 3, 18, 2], [19, 9, 20, 8], [21, 10, 22, 11], [23, 19, 24, 18], [1, 6, 2, 7], [3, 17, 4, 16], [5, 15, 6, 14]]"
12a_0552_85,"[[5, 15, 6, 14], [7, 24, 8, 1], [9, 13, 10, 12], [11, 20, 12, 21], [13, 23, 14, 22], [15, 5, 16, 4], [17, 3, 18, 2], [19, 9, 20, 8], [21, 10, 22, 11], [23, 19, 24, 18], [1, 6, 2, 7], [3, 17, 4, 16]]"
12a_0552_86,"[[3, 17, 4, 16], [5, 15, 6, 14], [7, 24, 8, 1], [9, 13, 10, 12], [11, 20, 12, 21], [13, 23, 14, 22], [15, 5, 16, 4], [17, 3, 18, 2], [19, 9, 20, 8], [21, 10, 22, 11], [23, 19, 24, 18], [1, 6, 2, 7]]"
12a_0552_87,"[[1, 6, 2, 7], [3, 17, 4, 16], [5, 15, 6, 14], [7, 24, 8, 1], [9, 13, 10, 12], [11, 20, 12, 21], [13, 23, 14, 22], [15, 5, 16, 4], [17, 3, 18, 2], [19, 9, 20, 8], [21, 10, 22, 11], [23, 19, 24, 18]]"
12a_0552_88,"[[23, 19, 24, 18], [1, 6, 2, 7], [3, 17, 4, 16], [5, 15, 6, 14], [7, 24, 8, 1], [9, 13, 10, 12], [11, 20, 12, 21], [13, 23, 14, 22], [15, 5, 16, 4], [17, 3, 18, 2], [19, 9, 20, 8], [21, 10, 22, 11]]"
12a_0552_89,"[[21, 10, 22, 11], [23, 19, 24, 18], [1, 6, 2, 7], [3, 17, 4, 16], [5, 15, 6, 14], [7, 24, 8, 1], [9, 13, 10, 12], [11, 20, 12, 21], [13, 23, 14, 22], [15, 5, 16, 4], [17, 3, 18, 2], [19, 9, 20, 8]]"
12a_0552_90,"[[19, 9, 20, 8], [21, 10, 22, 11], [23, 19, 24, 18], [1, 6, 2, 7], [3, 17, 4, 16], [5, 15, 6, 14], [7, 24, 8, 1], [9, 13, 10, 12], [11, 20, 12, 21], [13, 23, 14, 22], [15, 5, 16, 4], [17, 3, 18, 2]]"
12a_0552_91,"[[17, 3, 18, 2], [19, 9, 20, 8], [21, 10, 22, 11], [23, 19, 24, 18], [1, 6, 2, 7], [3, 17, 4, 16], [5, 15, 6, 14], [7, 24, 8, 1], [9, 13, 10, 12], [11, 20, 12, 21], [13, 23, 14, 22], [15, 5, 16, 4]]"
12a_0552_92,"[[15, 5, 16, 4], [17, 3, 18, 2], [19, 9, 20, 8], [21, 10, 22, 11], [23, 19, 24, 18], [1, 6, 2, 7], [3, 17, 4, 16], [5, 15, 6, 14], [7, 24, 8, 1], [9, 13, 10, 12], [11, 20, 12, 21], [13, 23, 14, 22]]"
12a_0552_93,"[[13, 23, 14, 22], [15, 5, 16, 4], [17, 3, 18, 2], [19, 9, 20, 8], [21, 10, 22, 11], [23, 19, 24, 18], [1, 6, 2, 7], [3, 17, 4, 16], [5, 15, 6, 14], [7, 24, 8, 1], [9, 13, 10, 12], [11, 20, 12, 21]]"
12a_0552_94,"[[11, 20, 12, 21], [13, 23, 14, 22], [15, 5, 16, 4], [17, 3, 18, 2], [19, 9, 20, 8], [21, 10, 22, 11], [23, 19, 24, 18], [1, 6, 2, 7], [3, 17, 4, 16], [5, 15, 6, 14], [7, 24, 8, 1], [9, 13, 10, 12]]"
12a_0552_95,"[[9, 13, 10, 12], [11, 20, 12, 21], [13, 23, 14, 22], [15, 5, 16, 4], [17, 3, 18, 2], [19, 9, 20, 8], [21, 10, 22, 11], [23, 19, 24, 18], [1, 6, 2, 7], [3, 17, 4, 16], [5, 15, 6, 14], [7, 24, 8, 1]]"
12a_0552_96,"[[8, 1, 9, 2], [10, 14, 11, 13], [12, 21, 13, 22], [14, 24, 15, 23], [16, 6, 17, 5], [18, 4, 19, 3], [20, 10, 21, 9], [22, 11, 23, 12], [24, 20, 1, 19], [2, 7, 3, 8], [4, 18, 5, 17], [6, 16, 7, 15]]"
12a_0552_97,"[[6, 16, 7, 15], [8, 1, 9, 2], [10, 14, 11, 13], [12, 21, 13, 22], [14, 24, 15, 23], [16, 6, 17, 5], [18, 4, 19, 3], [20, 10, 21, 9], [22, 11, 23, 12], [24, 20, 1, 19], [2, 7, 3, 8], [4, 18, 5, 17]]"
12a_0552_98,"[[4, 18, 5, 17], [6, 16, 7, 15], [8, 1, 9, 2], [10, 14, 11, 13], [12, 21, 13, 22], [14, 24, 15, 23], [16, 6, 17, 5], [18, 4, 19, 3], [20, 10, 21, 9], [22, 11, 23, 12], [24, 20, 1, 19], [2, 7, 3, 8]]"
12a_0552_99,"[[2, 7, 3, 8], [4, 18, 5, 17], [6, 16, 7, 15], [8, 1, 9, 2], [10, 14, 11, 13], [12, 21, 13, 22], [14, 24, 15, 23], [16, 6, 17, 5], [18, 4, 19, 3], [20, 10, 21, 9], [22, 11, 23, 12], [24, 20, 1, 19]]"
12a_0552_100,"[[24, 20, 1, 19], [2, 7, 3, 8], [4, 18, 5, 17], [6, 16, 7, 15], [8, 1, 9, 2], [10, 14, 11, 13], [12, 21, 13, 22], [14, 24, 15, 23], [16, 6, 17, 5], [18, 4, 19, 3], [20, 10, 21, 9], [22, 11, 23, 12]]"
12a_0552_101,"[[22, 11, 23, 12], [24, 20, 1, 19], [2, 7, 3, 8], [4, 18, 5, 17], [6, 16, 7, 15], [8, 1, 9, 2], [10, 14, 11, 13], [12, 21, 13, 22], [14, 24, 15, 23], [16, 6, 17, 5], [18, 4, 19, 3], [20, 10, 21, 9]]"
12a_0552_102,"[[20, 10, 21, 9], [22, 11, 23, 12], [24, 20, 1, 19], [2, 7, 3, 8], [4, 18, 5, 17], [6, 16, 7, 15], [8, 1, 9, 2], [10, 14, 11, 13], [12, 21, 13, 22], [14, 24, 15, 23], [16, 6, 17, 5], [18, 4, 19, 3]]"
12a_0552_103,"[[18, 4, 19, 3], [20, 10, 21, 9], [22, 11, 23, 12], [24, 20, 1, 19], [2, 7, 3, 8], [4, 18, 5, 17], [6, 16, 7, 15], [8, 1, 9, 2], [10, 14, 11, 13], [12, 21, 13, 22], [14, 24, 15, 23], [16, 6, 17, 5]]"
12a_0552_104,"[[16, 6, 17, 5], [18, 4, 19, 3], [20, 10, 21, 9], [22, 11, 23, 12], [24, 20, 1, 19], [2, 7, 3, 8], [4, 18, 5, 17], [6, 16, 7, 15], [8, 1, 9, 2], [10, 14, 11, 13], [12, 21, 13, 22], [14, 24, 15, 23]]"
12a_0552_105,"[[14, 24, 15, 23], [16, 6, 17, 5], [18, 4, 19, 3], [20, 10, 21, 9], [22, 11, 23, 12], [24, 20, 1, 19], [2, 7, 3, 8], [4, 18, 5, 17], [6, 16, 7, 15], [8, 1, 9, 2], [10, 14, 11, 13], [12, 21, 13, 22]]"
12a_0552_106,"[[12, 21, 13, 22], [14, 24, 15, 23], [16, 6, 17, 5], [18, 4, 19, 3], [20, 10, 21, 9], [22, 11, 23, 12], [24, 20, 1, 19], [2, 7, 3, 8], [4, 18, 5, 17], [6, 16, 7, 15], [8, 1, 9, 2], [10, 14, 11, 13]]"
12a_0552_107,"[[10, 14, 11, 13], [12, 21, 13, 22], [14, 24, 15, 23], [16, 6, 17, 5], [18, 4, 19, 3], [20, 10, 21, 9], [22, 11, 23, 12], [24, 20, 1, 19], [2, 7, 3, 8], [4, 18, 5, 17], [6, 16, 7, 15], [8, 1, 9, 2]]"
12a_0552_108,"[[9, 2, 10, 3], [11, 15, 12, 14], [13, 22, 14, 23], [15, 1, 16, 24], [17, 7, 18, 6], [19, 5, 20, 4], [21, 11, 22, 10], [23, 12, 24, 13], [1, 21, 2, 20], [3, 8, 4, 9], [5, 19, 6, 18], [7, 17, 8, 16]]"
12a_0552_109,"[[7, 17, 8, 16], [9, 2, 10, 3], [11, 15, 12, 14], [13, 22, 14, 23], [15, 1, 16, 24], [17, 7, 18, 6], [19, 5, 20, 4], [21, 11, 22, 10], [23, 12, 24, 13], [1, 21, 2, 20], [3, 8, 4, 9], [5, 19, 6, 18]]"
12a_0552_110,"[[5, 19, 6, 18], [7, 17, 8, 16], [9, 2, 10, 3], [11, 15, 12, 14], [13, 22, 14, 23], [15, 1, 16, 24], [17, 7, 18, 6], [19, 5, 20, 4], [21, 11, 22, 10], [23, 12, 24, 13], [1, 21, 2, 20], [3, 8, 4, 9]]"
12a_0552_111,"[[3, 8, 4, 9], [5, 19, 6, 18], [7, 17, 8, 16], [9, 2, 10, 3], [11, 15, 12, 14], [13, 22, 14, 23], [15, 1, 16, 24], [17, 7, 18, 6], [19, 5, 20, 4], [21, 11, 22, 10], [23, 12, 24, 13], [1, 21, 2, 20]]"
12a_0552_112,"[[1, 21, 2, 20], [3, 8, 4, 9], [5, 19, 6, 18], [7, 17, 8, 16], [9, 2, 10, 3], [11, 15, 12, 14], [13, 22, 14, 23], [15, 1, 16, 24], [17, 7, 18, 6], [19, 5, 20, 4], [21, 11, 22, 10], [23, 12, 24, 13]]"
12a_0552_113,"[[23, 12, 24, 13], [1, 21, 2, 20], [3, 8, 4, 9], [5, 19, 6, 18], [7, 17, 8, 16], [9, 2, 10, 3], [11, 15, 12, 14], [13, 22, 14, 23], [15, 1, 16, 24], [17, 7, 18, 6], [19, 5, 20, 4], [21, 11, 22, 10]]"
12a_0552_114,"[[21, 11, 22, 10], [23, 12, 24, 13], [1, 21, 2, 20], [3, 8, 4, 9], [5, 19, 6, 18], [7, 17, 8, 16], [9, 2, 10, 3], [11, 15, 12, 14], [13, 22, 14, 23], [15, 1, 16, 24], [17, 7, 18, 6], [19, 5, 20, 4]]"
12a_0552_115,"[[19, 5, 20, 4], [21, 11, 22, 10], [23, 12, 24, 13], [1, 21, 2, 20], [3, 8, 4, 9], [5, 19, 6, 18], [7, 17, 8, 16], [9, 2, 10, 3], [11, 15, 12, 14], [13, 22, 14, 23], [15, 1, 16, 24], [17, 7, 18, 6]]"
12a_0552_116,"[[17, 7, 18, 6], [19, 5, 20, 4], [21, 11, 22, 10], [23, 12, 24, 13], [1, 21, 2, 20], [3, 8, 4, 9], [5, 19, 6, 18], [7, 17, 8, 16], [9, 2, 10, 3], [11, 15, 12, 14], [13, 22, 14, 23], [15, 1, 16, 24]]"
12a_0552_117,"[[15, 1, 16, 24], [17, 7, 18, 6], [19, 5, 20, 4], [21, 11, 22, 10], [23, 12, 24, 13], [1, 21, 2, 20], [3, 8, 4, 9], [5, 19, 6, 18], [7, 17, 8, 16], [9, 2, 10, 3], [11, 15, 12, 14], [13, 22, 14, 23]]"
12a_0552_118,"[[13, 22, 14, 23], [15, 1, 16, 24], [17, 7, 18, 6], [19, 5, 20, 4], [21, 11, 22, 10], [23, 12, 24, 13], [1, 21, 2, 20], [3, 8, 4, 9], [5, 19, 6, 18], [7, 17, 8, 16], [9, 2, 10, 3], [11, 15, 12, 14]]"
12a_0552_119,"[[11, 15, 12, 14], [13, 22, 14, 23], [15, 1, 16, 24], [17, 7, 18, 6], [19, 5, 20, 4], [21, 11, 22, 10], [23, 12, 24, 13], [1, 21, 2, 20], [3, 8, 4, 9], [5, 19, 6, 18], [7, 17, 8, 16], [9, 2, 10, 3]]"
12a_0552_120,"[[10, 3, 11, 4], [12, 16, 13, 15], [14, 23, 15, 24], [16, 2, 17, 1], [18, 8, 19, 7], [20, 6, 21, 5], [22, 12, 23, 11], [24, 13, 1, 14], [2, 22, 3, 21], [4, 9, 5, 10], [6, 20, 7, 19], [8, 18, 9, 17]]"
12a_0552_121,"[[8, 18, 9, 17], [10, 3, 11, 4], [12, 16, 13, 15], [14, 23, 15, 24], [16, 2, 17, 1], [18, 8, 19, 7], [20, 6, 21, 5], [22, 12, 23, 11], [24, 13, 1, 14], [2, 22, 3, 21], [4, 9, 5, 10], [6, 20, 7, 19]]"
12a_0552_122,"[[6, 20, 7, 19], [8, 18, 9, 17], [10, 3, 11, 4], [12, 16, 13, 15], [14, 23, 15, 24], [16, 2, 17, 1], [18, 8, 19, 7], [20, 6, 21, 5], [22, 12, 23, 11], [24, 13, 1, 14], [2, 22, 3, 21], [4, 9, 5, 10]]"
12a_0552_123,"[[4, 9, 5, 10], [6, 20, 7, 19], [8, 18, 9, 17], [10, 3, 11, 4], [12, 16, 13, 15], [14, 23, 15, 24], [16, 2, 17, 1], [18, 8, 19, 7], [20, 6, 21, 5], [22, 12, 23, 11], [24, 13, 1, 14], [2, 22, 3, 21]]"
12a_0552_124,"[[2, 22, 3, 21], [4, 9, 5, 10], [6, 20, 7, 19], [8, 18, 9, 17], [10, 3, 11, 4], [12, 16, 13, 15], [14, 23, 15, 24], [16, 2, 17, 1], [18, 8, 19, 7], [20, 6, 21, 5], [22, 12, 23, 11], [24, 13, 1, 14]]"
12a_0552_125,"[[24, 13, 1, 14], [2, 22, 3, 21], [4, 9, 5, 10], [6, 20, 7, 19], [8, 18, 9, 17], [10, 3, 11, 4], [12, 16, 13, 15], [14, 23, 15, 24], [16, 2, 17, 1], [18, 8, 19, 7], [20, 6, 21, 5], [22, 12, 23, 11]]"
12a_0552_126,"[[22, 12, 23, 11], [24, 13, 1, 14], [2, 22, 3, 21], [4, 9, 5, 10], [6, 20, 7, 19], [8, 18, 9, 17], [10, 3, 11, 4], [12, 16, 13, 15], [14, 23, 15, 24], [16, 2, 17, 1], [18, 8, 19, 7], [20, 6, 21, 5]]"
12a_0552_127,"[[20, 6, 21, 5], [22, 12, 23, 11], [24, 13, 1, 14], [2, 22, 3, 21], [4, 9, 5, 10], [6, 20, 7, 19], [8, 18, 9, 17], [10, 3, 11, 4], [12, 16, 13, 15], [14, 23, 15, 24], [16, 2, 17, 1], [18, 8, 19, 7]]"
12a_0552_128,"[[18, 8, 19, 7], [20, 6, 21, 5], [22, 12, 23, 11], [24, 13, 1, 14], [2, 22, 3, 21], [4, 9, 5, 10], [6, 20, 7, 19], [8, 18, 9, 17], [10, 3, 11, 4], [12, 16, 13, 15], [14, 23, 15, 24], [16, 2, 17, 1]]"
12a_0552_129,"[[16, 2, 17, 1], [18, 8, 19, 7], [20, 6, 21, 5], [22, 12, 23, 11], [24, 13, 1, 14], [2, 22, 3, 21], [4, 9, 5, 10], [6, 20, 7, 19], [8, 18, 9, 17], [10, 3, 11, 4], [12, 16, 13, 15], [14, 23, 15, 24]]"
12a_0552_130,"[[14, 23, 15, 24], [16, 2, 17, 1], [18, 8, 19, 7], [20, 6, 21, 5], [22, 12, 23, 11], [24, 13, 1, 14], [2, 22, 3, 21], [4, 9, 5, 10], [6, 20, 7, 19], [8, 18, 9, 17], [10, 3, 11, 4], [12, 16, 13, 15]]"
12a_0552_131,"[[12, 16, 13, 15], [14, 23, 15, 24], [16, 2, 17, 1], [18, 8, 19, 7], [20, 6, 21, 5], [22, 12, 23, 11], [24, 13, 1, 14], [2, 22, 3, 21], [4, 9, 5, 10], [6, 20, 7, 19], [8, 18, 9, 17], [10, 3, 11, 4]]"
12a_0552_132,"[[11, 4, 12, 5], [13, 17, 14, 16], [15, 24, 16, 1], [17, 3, 18, 2], [19, 9, 20, 8], [21, 7, 22, 6], [23, 13, 24, 12], [1, 14, 2, 15], [3, 23, 4, 22], [5, 10, 6, 11], [7, 21, 8, 20], [9, 19, 10, 18]]"
12a_0552_133,"[[9, 19, 10, 18], [11, 4, 12, 5], [13, 17, 14, 16], [15, 24, 16, 1], [17, 3, 18, 2], [19, 9, 20, 8], [21, 7, 22, 6], [23, 13, 24, 12], [1, 14, 2, 15], [3, 23, 4, 22], [5, 10, 6, 11], [7, 21, 8, 20]]"
12a_0552_134,"[[7, 21, 8, 20], [9, 19, 10, 18], [11, 4, 12, 5], [13, 17, 14, 16], [15, 24, 16, 1], [17, 3, 18, 2], [19, 9, 20, 8], [21, 7, 22, 6], [23, 13, 24, 12], [1, 14, 2, 15], [3, 23, 4, 22], [5, 10, 6, 11]]"
12a_0552_135,"[[5, 10, 6, 11], [7, 21, 8, 20], [9, 19, 10, 18], [11, 4, 12, 5], [13, 17, 14, 16], [15, 24, 16, 1], [17, 3, 18, 2], [19, 9, 20, 8], [21, 7, 22, 6], [23, 13, 24, 12], [1, 14, 2, 15], [3, 23, 4, 22]]"
12a_0552_136,"[[3, 23, 4, 22], [5, 10, 6, 11], [7, 21, 8, 20], [9, 19, 10, 18], [11, 4, 12, 5], [13, 17, 14, 16], [15, 24, 16, 1], [17, 3, 18, 2], [19, 9, 20, 8], [21, 7, 22, 6], [23, 13, 24, 12], [1, 14, 2, 15]]"
12a_0552_137,"[[1, 14, 2, 15], [3, 23, 4, 22], [5, 10, 6, 11], [7, 21, 8, 20], [9, 19, 10, 18], [11, 4, 12, 5], [13, 17, 14, 16], [15, 24, 16, 1], [17, 3, 18, 2], [19, 9, 20, 8], [21, 7, 22, 6], [23, 13, 24, 12]]"
12a_0552_138,"[[23, 13, 24, 12], [1, 14, 2, 15], [3, 23, 4, 22], [5, 10, 6, 11], [7, 21, 8, 20], [9, 19, 10, 18], [11, 4, 12, 5], [13, 17, 14, 16], [15, 24, 16, 1], [17, 3, 18, 2], [19, 9, 20, 8], [21, 7, 22, 6]]"
12a_0552_139,"[[21, 7, 22, 6], [23, 13, 24, 12], [1, 14, 2, 15], [3, 23, 4, 22], [5, 10, 6, 11], [7, 21, 8, 20], [9, 19, 10, 18], [11, 4, 12, 5], [13, 17, 14, 16], [15, 24, 16, 1], [17, 3, 18, 2], [19, 9, 20, 8]]"
12a_0552_140,"[[19, 9, 20, 8], [21, 7, 22, 6], [23, 13, 24, 12], [1, 14, 2, 15], [3, 23, 4, 22], [5, 10, 6, 11], [7, 21, 8, 20], [9, 19, 10, 18], [11, 4, 12, 5], [13, 17, 14, 16], [15, 24, 16, 1], [17, 3, 18, 2]]"
12a_0552_141,"[[17, 3, 18, 2], [19, 9, 20, 8], [21, 7, 22, 6], [23, 13, 24, 12], [1, 14, 2, 15], [3, 23, 4, 22], [5, 10, 6, 11], [7, 21, 8, 20], [9, 19, 10, 18], [11, 4, 12, 5], [13, 17, 14, 16], [15, 24, 16, 1]]"
12a_0552_142,"[[15, 24, 16, 1], [17, 3, 18, 2], [19, 9, 20, 8], [21, 7, 22, 6], [23, 13, 24, 12], [1, 14, 2, 15], [3, 23, 4, 22], [5, 10, 6, 11], [7, 21, 8, 20], [9, 19, 10, 18], [11, 4, 12, 5], [13, 17, 14, 16]]"
12a_0552_143,"[[13, 17, 14, 16], [15, 24, 16, 1], [17, 3, 18, 2], [19, 9, 20, 8], [21, 7, 22, 6], [23, 13, 24, 12], [1, 14, 2, 15], [3, 23, 4, 22], [5, 10, 6, 11], [7, 21, 8, 20], [9, 19, 10, 18], [11, 4, 12, 5]]"
12a_0552_144,"[[12, 5, 13, 6], [14, 18, 15, 17], [16, 1, 17, 2], [18, 4, 19, 3], [20, 10, 21, 9], [22, 8, 23, 7], [24, 14, 1, 13], [2, 15, 3, 16], [4, 24, 5, 23], [6, 11, 7, 12], [8, 22, 9, 21], [10, 20, 11, 19]]"
12a_0552_145,"[[10, 20, 11, 19], [12, 5, 13, 6], [14, 18, 15, 17], [16, 1, 17, 2], [18, 4, 19, 3], [20, 10, 21, 9], [22, 8, 23, 7], [24, 14, 1, 13], [2, 15, 3, 16], [4, 24, 5, 23], [6, 11, 7, 12], [8, 22, 9, 21]]"
12a_0552_146,"[[8, 22, 9, 21], [10, 20, 11, 19], [12, 5, 13, 6], [14, 18, 15, 17], [16, 1, 17, 2], [18, 4, 19, 3], [20, 10, 21, 9], [22, 8, 23, 7], [24, 14, 1, 13], [2, 15, 3, 16], [4, 24, 5, 23], [6, 11, 7, 12]]"
12a_0552_147,"[[6, 11, 7, 12], [8, 22, 9, 21], [10, 20, 11, 19], [12, 5, 13, 6], [14, 18, 15, 17], [16, 1, 17, 2], [18, 4, 19, 3], [20, 10, 21, 9], [22, 8, 23, 7], [24, 14, 1, 13], [2, 15, 3, 16], [4, 24, 5, 23]]"
12a_0552_148,"[[4, 24, 5, 23], [6, 11, 7, 12], [8, 22, 9, 21], [10, 20, 11, 19], [12, 5, 13, 6], [14, 18, 15, 17], [16, 1, 17, 2], [18, 4, 19, 3], [20, 10, 21, 9], [22, 8, 23, 7], [24, 14, 1, 13], [2, 15, 3, 16]]"
12a_0552_149,"[[2, 15, 3, 16], [4, 24, 5, 23], [6, 11, 7, 12], [8, 22, 9, 21], [10, 20, 11, 19], [12, 5, 13, 6], [14, 18, 15, 17], [16, 1, 17, 2], [18, 4, 19, 3], [20, 10, 21, 9], [22, 8, 23, 7], [24, 14, 1, 13]]"
12a_0552_150,"[[24, 14, 1, 13], [2, 15, 3, 16], [4, 24, 5, 23], [6, 11, 7, 12], [8, 22, 9, 21], [10, 20, 11, 19], [12, 5, 13, 6], [14, 18, 15, 17], [16, 1, 17, 2], [18, 4, 19, 3], [20, 10, 21, 9], [22, 8, 23, 7]]"
12a_0552_151,"[[22, 8, 23, 7], [24, 14, 1, 13], [2, 15, 3, 16], [4, 24, 5, 23], [6, 11, 7, 12], [8, 22, 9, 21], [10, 20, 11, 19], [12, 5, 13, 6], [14, 18, 15, 17], [16, 1, 17, 2], [18, 4, 19, 3], [20, 10, 21, 9]]"
12a_0552_152,"[[20, 10, 21, 9], [22, 8, 23, 7], [24, 14, 1, 13], [2, 15, 3, 16], [4, 24, 5, 23], [6, 11, 7, 12], [8, 22, 9, 21], [10, 20, 11, 19], [12, 5, 13, 6], [14, 18, 15, 17], [16, 1, 17, 2], [18, 4, 19, 3]]"
12a_0552_153,"[[18, 4, 19, 3], [20, 10, 21, 9], [22, 8, 23, 7], [24, 14, 1, 13], [2, 15, 3, 16], [4, 24, 5, 23], [6, 11, 7, 12], [8, 22, 9, 21], [10, 20, 11, 19], [12, 5, 13, 6], [14, 18, 15, 17], [16, 1, 17, 2]]"
12a_0552_154,"[[16, 1, 17, 2], [18, 4, 19, 3], [20, 10, 21, 9], [22, 8, 23, 7], [24, 14, 1, 13], [2, 15, 3, 16], [4, 24, 5, 23], [6, 11, 7, 12], [8, 22, 9, 21], [10, 20, 11, 19], [12, 5, 13, 6], [14, 18, 15, 17]]"
12a_0552_155,"[[14, 18, 15, 17], [16, 1, 17, 2], [18, 4, 19, 3], [20, 10, 21, 9], [22, 8, 23, 7], [24, 14, 1, 13], [2, 15, 3, 16], [4, 24, 5, 23], [6, 11, 7, 12], [8, 22, 9, 21], [10, 20, 11, 19], [12, 5, 13, 6]]"
12a_0552_156,"[[13, 6, 14, 7], [15, 19, 16, 18], [17, 2, 18, 3], [19, 5, 20, 4], [21, 11, 22, 10], [23, 9, 24, 8], [1, 15, 2, 14], [3, 16, 4, 17], [5, 1, 6, 24], [7, 12, 8, 13], [9, 23, 10, 22], [11, 21, 12, 20]]"
12a_0552_157,"[[11, 21, 12, 20], [13, 6, 14, 7], [15, 19, 16, 18], [17, 2, 18, 3], [19, 5, 20, 4], [21, 11, 22, 10], [23, 9, 24, 8], [1, 15, 2, 14], [3, 16, 4, 17], [5, 1, 6, 24], [7, 12, 8, 13], [9, 23, 10, 22]]"
12a_0552_158,"[[9, 23, 10, 22], [11, 21, 12, 20], [13, 6, 14, 7], [15, 19, 16, 18], [17, 2, 18, 3], [19, 5, 20, 4], [21, 11, 22, 10], [23, 9, 24, 8], [1, 15, 2, 14], [3, 16, 4, 17], [5, 1, 6, 24], [7, 12, 8, 13]]"
12a_0552_159,"[[7, 12, 8, 13], [9, 23, 10, 22], [11, 21, 12, 20], [13, 6, 14, 7], [15, 19, 16, 18], [17, 2, 18, 3], [19, 5, 20, 4], [21, 11, 22, 10], [23, 9, 24, 8], [1, 15, 2, 14], [3, 16, 4, 17], [5, 1, 6, 24]]"
12a_0552_160,"[[5, 1, 6, 24], [7, 12, 8, 13], [9, 23, 10, 22], [11, 21, 12, 20], [13, 6, 14, 7], [15, 19, 16, 18], [17, 2, 18, 3], [19, 5, 20, 4], [21, 11, 22, 10], [23, 9, 24, 8], [1, 15, 2, 14], [3, 16, 4, 17]]"
12a_0552_161,"[[3, 16, 4, 17], [5, 1, 6, 24], [7, 12, 8, 13], [9, 23, 10, 22], [11, 21, 12, 20], [13, 6, 14, 7], [15, 19, 16, 18], [17, 2, 18, 3], [19, 5, 20, 4], [21, 11, 22, 10], [23, 9, 24, 8], [1, 15, 2, 14]]"
12a_0552_162,"[[1, 15, 2, 14], [3, 16, 4, 17], [5, 1, 6, 24], [7, 12, 8, 13], [9, 23, 10, 22], [11, 21, 12, 20], [13, 6, 14, 7], [15, 19, 16, 18], [17, 2, 18, 3], [19, 5, 20, 4], [21, 11, 22, 10], [23, 9, 24, 8]]"
12a_0552_163,"[[23, 9, 24, 8], [1, 15, 2, 14], [3, 16, 4, 17], [5, 1, 6, 24], [7, 12, 8, 13], [9, 23, 10, 22], [11, 21, 12, 20], [13, 6, 14, 7], [15, 19, 16, 18], [17, 2, 18, 3], [19, 5, 20, 4], [21, 11, 22, 10]]"
12a_0552_164,"[[21, 11, 22, 10], [23, 9, 24, 8], [1, 15, 2, 14], [3, 16, 4, 17], [5, 1, 6, 24], [7, 12, 8, 13], [9, 23, 10, 22], [11, 21, 12, 20], [13, 6, 14, 7], [15, 19, 16, 18], [17, 2, 18, 3], [19, 5, 20, 4]]"
12a_0552_165,"[[19, 5, 20, 4], [21, 11, 22, 10], [23, 9, 24, 8], [1, 15, 2, 14], [3, 16, 4, 17], [5, 1, 6, 24], [7, 12, 8, 13], [9, 23, 10, 22], [11, 21, 12, 20], [13, 6, 14, 7], [15, 19, 16, 18], [17, 2, 18, 3]]"
12a_0552_166,"[[17, 2, 18, 3], [19, 5, 20, 4], [21, 11, 22, 10], [23, 9, 24, 8], [1, 15, 2, 14], [3, 16, 4, 17], [5, 1, 6, 24], [7, 12, 8, 13], [9, 23, 10, 22], [11, 21, 12, 20], [13, 6, 14, 7], [15, 19, 16, 18]]"
12a_0552_167,"[[15, 19, 16, 18], [17, 2, 18, 3], [19, 5, 20, 4], [21, 11, 22, 10], [23, 9, 24, 8], [1, 15, 2, 14], [3, 16, 4, 17], [5, 1, 6, 24], [7, 12, 8, 13], [9, 23, 10, 22], [11, 21, 12, 20], [13, 6, 14, 7]]"
12a_0552_168,"[[14, 7, 15, 8], [16, 20, 17, 19], [18, 3, 19, 4], [20, 6, 21, 5], [22, 12, 23, 11], [24, 10, 1, 9], [2, 16, 3, 15], [4, 17, 5, 18], [6, 2, 7, 1], [8, 13, 9, 14], [10, 24, 11, 23], [12, 22, 13, 21]]"
12a_0552_169,"[[12, 22, 13, 21], [14, 7, 15, 8], [16, 20, 17, 19], [18, 3, 19, 4], [20, 6, 21, 5], [22, 12, 23, 11], [24, 10, 1, 9], [2, 16, 3, 15], [4, 17, 5, 18], [6, 2, 7, 1], [8, 13, 9, 14], [10, 24, 11, 23]]"
12a_0552_170,"[[10, 24, 11, 23], [12, 22, 13, 21], [14, 7, 15, 8], [16, 20, 17, 19], [18, 3, 19, 4], [20, 6, 21, 5], [22, 12, 23, 11], [24, 10, 1, 9], [2, 16, 3, 15], [4, 17, 5, 18], [6, 2, 7, 1], [8, 13, 9, 14]]"
12a_0552_171,"[[8, 13, 9, 14], [10, 24, 11, 23], [12, 22, 13, 21], [14, 7, 15, 8], [16, 20, 17, 19], [18, 3, 19, 4], [20, 6, 21, 5], [22, 12, 23, 11], [24, 10, 1, 9], [2, 16, 3, 15], [4, 17, 5, 18], [6, 2, 7, 1]]"
12a_0552_172,"[[6, 2, 7, 1], [8, 13, 9, 14], [10, 24, 11, 23], [12, 22, 13, 21], [14, 7, 15, 8], [16, 20, 17, 19], [18, 3, 19, 4], [20, 6, 21, 5], [22, 12, 23, 11], [24, 10, 1, 9], [2, 16, 3, 15], [4, 17, 5, 18]]"
12a_0552_173,"[[4, 17, 5, 18], [6, 2, 7, 1], [8, 13, 9, 14], [10, 24, 11, 23], [12, 22, 13, 21], [14, 7, 15, 8], [16, 20, 17, 19], [18, 3, 19, 4], [20, 6, 21, 5], [22, 12, 23, 11], [24, 10, 1, 9], [2, 16, 3, 15]]"
12a_0552_174,"[[2, 16, 3, 15], [4, 17, 5, 18], [6, 2, 7, 1], [8, 13, 9, 14], [10, 24, 11, 23], [12, 22, 13, 21], [14, 7, 15, 8], [16, 20, 17, 19], [18, 3, 19, 4], [20, 6, 21, 5], [22, 12, 23, 11], [24, 10, 1, 9]]"
12a_0552_175,"[[24, 10, 1, 9], [2, 16, 3, 15], [4, 17, 5, 18], [6, 2, 7, 1], [8, 13, 9, 14], [10, 24, 11, 23], [12, 22, 13, 21], [14, 7, 15, 8], [16, 20, 17, 19], [18, 3, 19, 4], [20, 6, 21, 5], [22, 12, 23, 11]]"
12a_0552_176,"[[22, 12, 23, 11], [24, 10, 1, 9], [2, 16, 3, 15], [4, 17, 5, 18], [6, 2, 7, 1], [8, 13, 9, 14], [10, 24, 11, 23], [12, 22, 13, 21], [14, 7, 15, 8], [16, 20, 17, 19], [18, 3, 19, 4], [20, 6, 21, 5]]"
12a_0552_177,"[[20, 6, 21, 5], [22, 12, 23, 11], [24, 10, 1, 9], [2, 16, 3, 15], [4, 17, 5, 18], [6, 2, 7, 1], [8, 13, 9, 14], [10, 24, 11, 23], [12, 22, 13, 21], [14, 7, 15, 8], [16, 20, 17, 19], [18, 3, 19, 4]]"
12a_0552_178,"[[18, 3, 19, 4], [20, 6, 21, 5], [22, 12, 23, 11], [24, 10, 1, 9], [2, 16, 3, 15], [4, 17, 5, 18], [6, 2, 7, 1], [8, 13, 9, 14], [10, 24, 11, 23], [12, 22, 13, 21], [14, 7, 15, 8], [16, 20, 17, 19]]"
12a_0552_179,"[[16, 20, 17, 19], [18, 3, 19, 4], [20, 6, 21, 5], [22, 12, 23, 11], [24, 10, 1, 9], [2, 16, 3, 15], [4, 17, 5, 18], [6, 2, 7, 1], [8, 13, 9, 14], [10, 24, 11, 23], [12, 22, 13, 21], [14, 7, 15, 8]]"
12a_0552_180,"[[15, 8, 16, 9], [17, 21, 18, 20], [19, 4, 20, 5], [21, 7, 22, 6], [23, 13, 24, 12], [1, 11, 2, 10], [3, 17, 4, 16], [5, 18, 6, 19], [7, 3, 8, 2], [9, 14, 10, 15], [11, 1, 12, 24], [13, 23, 14, 22]]"
12a_0552_181,"[[13, 23, 14, 22], [15, 8, 16, 9], [17, 21, 18, 20], [19, 4, 20, 5], [21, 7, 22, 6], [23, 13, 24, 12], [1, 11, 2, 10], [3, 17, 4, 16], [5, 18, 6, 19], [7, 3, 8, 2], [9, 14, 10, 15], [11, 1, 12, 24]]"
12a_0552_182,"[[11, 1, 12, 24], [13, 23, 14, 22], [15, 8, 16, 9], [17, 21, 18, 20], [19, 4, 20, 5], [21, 7, 22, 6], [23, 13, 24, 12], [1, 11, 2, 10], [3, 17, 4, 16], [5, 18, 6, 19], [7, 3, 8, 2], [9, 14, 10, 15]]"
12a_0552_183,"[[9, 14, 10, 15], [11, 1, 12, 24], [13, 23, 14, 22], [15, 8, 16, 9], [17, 21, 18, 20], [19, 4, 20, 5], [21, 7, 22, 6], [23, 13, 24, 12], [1, 11, 2, 10], [3, 17, 4, 16], [5, 18, 6, 19], [7, 3, 8, 2]]"
12a_0552_184,"[[7, 3, 8, 2], [9, 14, 10, 15], [11, 1, 12, 24], [13, 23, 14, 22], [15, 8, 16, 9], [17, 21, 18, 20], [19, 4, 20, 5], [21, 7, 22, 6], [23, 13, 24, 12], [1, 11, 2, 10], [3, 17, 4, 16], [5, 18, 6, 19]]"
12a_0552_185,"[[5, 18, 6, 19], [7, 3, 8, 2], [9, 14, 10, 15], [11, 1, 12, 24], [13, 23, 14, 22], [15, 8, 16, 9], [17, 21, 18, 20], [19, 4, 20, 5], [21, 7, 22, 6], [23, 13, 24, 12], [1, 11, 2, 10], [3, 17, 4, 16]]"
