name,pd_notation
12a_1168_0,"[[24, 15, 1, 16], [2, 8, 3, 7], [4, 20, 5, 19], [6, 14, 7, 13], [8, 17, 9, 18], [10, 21, 11, 22], [12, 6, 13, 5], [14, 23, 15, 24], [16, 1, 17, 2], [18, 4, 19, 3], [20, 9, 21, 10], [22, 11, 23, 12]]"
12a_1168_1,"[[22, 11, 23, 12], [24, 15, 1, 16], [2, 8, 3, 7], [4, 20, 5, 19], [6, 14, 7, 13], [8, 17, 9, 18], [10, 21, 11, 22], [12, 6, 13, 5], [14, 23, 15, 24], [16, 1, 17, 2], [18, 4, 19, 3], [20, 9, 21, 10]]"
12a_1168_2,"[[20, 9, 21, 10], [22, 11, 23, 12], [24, 15, 1, 16], [2, 8, 3, 7], [4, 20, 5, 19], [6, 14, 7, 13], [8, 17, 9, 18], [10, 21, 11, 22], [12, 6, 13, 5], [14, 23, 15, 24], [16, 1, 17, 2], [18, 4, 19, 3]]"
12a_1168_3,"[[18, 4, 19, 3], [20, 9, 21, 10], [22, 11, 23, 12], [24, 15, 1, 16], [2, 8, 3, 7], [4, 20, 5, 19], [6, 14, 7, 13], [8, 17, 9, 18], [10, 21, 11, 22], [12, 6, 13, 5], [14, 23, 15, 24], [16, 1, 17, 2]]"
12a_1168_4,"[[16, 1, 17, 2], [18, 4, 19, 3], [20, 9, 21, 10], [22, 11, 23, 12], [24, 15, 1, 16], [2, 8, 3, 7], [4, 20, 5, 19], [6, 14, 7, 13], [8, 17, 9, 18], [10, 21, 11, 22], [12, 6, 13, 5], [14, 23, 15, 24]]"
12a_1168_5,"[[14, 23, 15, 24], [16, 1, 17, 2], [18, 4, 19, 3], [20, 9, 21, 10], [22, 11, 23, 12], [24, 15, 1, 16], [2, 8, 3, 7], [4, 20, 5, 19], [6, 14, 7, 13], [8, 17, 9, 18], [10, 21, 11, 22], [12, 6, 13, 5]]"
12a_1168_6,"[[12, 6, 13, 5], [14, 23, 15, 24], [16, 1, 17, 2], [18, 4, 19, 3], [20, 9, 21, 10], [22, 11, 23, 12], [24, 15, 1, 16], [2, 8, 3, 7], [4, 20, 5, 19], [6, 14, 7, 13], [8, 17, 9, 18], [10, 21, 11, 22]]"
12a_1168_7,"[[10, 21, 11, 22], [12, 6, 13, 5], [14, 23, 15, 24], [16, 1, 17, 2], [18, 4, 19, 3], [20, 9, 21, 10], [22, 11, 23, 12], [24, 15, 1, 16], [2, 8, 3, 7], [4, 20, 5, 19], [6, 14, 7, 13], [8, 17, 9, 18]]"
12a_1168_8,"[[8, 17, 9, 18], [10, 21, 11, 22], [12, 6, 13, 5], [14, 23, 15, 24], [16, 1, 17, 2], [18, 4, 19, 3], [20, 9, 21, 10], [22, 11, 23, 12], [24, 15, 1, 16], [2, 8, 3, 7], [4, 20, 5, 19], [6, 14, 7, 13]]"
12a_1168_9,"[[6, 14, 7, 13], [8, 17, 9, 18], [10, 21, 11, 22], [12, 6, 13, 5], [14, 23, 15, 24], [16, 1, 17, 2], [18, 4, 19, 3], [20, 9, 21, 10], [22, 11, 23, 12], [24, 15, 1, 16], [2, 8, 3, 7], [4, 20, 5, 19]]"
12a_1168_10,"[[4, 20, 5, 19], [6, 14, 7, 13], [8, 17, 9, 18], [10, 21, 11, 22], [12, 6, 13, 5], [14, 23, 15, 24], [16, 1, 17, 2], [18, 4, 19, 3], [20, 9, 21, 10], [22, 11, 23, 12], [24, 15, 1, 16], [2, 8, 3, 7]]"
12a_1168_11,"[[2, 8, 3, 7], [4, 20, 5, 19], [6, 14, 7, 13], [8, 17, 9, 18], [10, 21, 11, 22], [12, 6, 13, 5], [14, 23, 15, 24], [16, 1, 17, 2], [18, 4, 19, 3], [20, 9, 21, 10], [22, 11, 23, 12], [24, 15, 1, 16]]"
12a_1168_12,"[[1, 16, 2, 17], [3, 9, 4, 8], [5, 21, 6, 20], [7, 15, 8, 14], [9, 18, 10, 19], [11, 22, 12, 23], [13, 7, 14, 6], [15, 24, 16, 1], [17, 2, 18, 3], [19, 5, 20, 4], [21, 10, 22, 11], [23, 12, 24, 13]]"
12a_1168_13,"[[23, 12, 24, 13], [1, 16, 2, 17], [3, 9, 4, 8], [5, 21, 6, 20], [7, 15, 8, 14], [9, 18, 10, 19], [11, 22, 12, 23], [13, 7, 14, 6], [15, 24, 16, 1], [17, 2, 18, 3], [19, 5, 20, 4], [21, 10, 22, 11]]"
12a_1168_14,"[[21, 10, 22, 11], [23, 12, 24, 13], [1, 16, 2, 17], [3, 9, 4, 8], [5, 21, 6, 20], [7, 15, 8, 14], [9, 18, 10, 19], [11, 22, 12, 23], [13, 7, 14, 6], [15, 24, 16, 1], [17, 2, 18, 3], [19, 5, 20, 4]]"
12a_1168_15,"[[19, 5, 20, 4], [21, 10, 22, 11], [23, 12, 24, 13], [1, 16, 2, 17], [3, 9, 4, 8], [5, 21, 6, 20], [7, 15, 8, 14], [9, 18, 10, 19], [11, 22, 12, 23], [13, 7, 14, 6], [15, 24, 16, 1], [17, 2, 18, 3]]"
12a_1168_16,"[[17, 2, 18, 3], [19, 5, 20, 4], [21, 10, 22, 11], [23, 12, 24, 13], [1, 16, 2, 17], [3, 9, 4, 8], [5, 21, 6, 20], [7, 15, 8, 14], [9, 18, 10, 19], [11, 22, 12, 23], [13, 7, 14, 6], [15, 24, 16, 1]]"
12a_1168_17,"[[15, 24, 16, 1], [17, 2, 18, 3], [19, 5, 20, 4], [21, 10, 22, 11], [23, 12, 24, 13], [1, 16, 2, 17], [3, 9, 4, 8], [5, 21, 6, 20], [7, 15, 8, 14], [9, 18, 10, 19], [11, 22, 12, 23], [13, 7, 14, 6]]"
12a_1168_18,"[[13, 7, 14, 6], [15, 24, 16, 1], [17, 2, 18, 3], [19, 5, 20, 4], [21, 10, 22, 11], [23, 12, 24, 13], [1, 16, 2, 17], [3, 9, 4, 8], [5, 21, 6, 20], [7, 15, 8, 14], [9, 18, 10, 19], [11, 22, 12, 23]]"
12a_1168_19,"[[11, 22, 12, 23], [13, 7, 14, 6], [15, 24, 16, 1], [17, 2, 18, 3], [19, 5, 20, 4], [21, 10, 22, 11], [23, 12, 24, 13], [1, 16, 2, 17], [3, 9, 4, 8], [5, 21, 6, 20], [7, 15, 8, 14], [9, 18, 10, 19]]"
12a_1168_20,"[[9, 18, 10, 19], [11, 22, 12, 23], [13, 7, 14, 6], [15, 24, 16, 1], [17, 2, 18, 3], [19, 5, 20, 4], [21, 10, 22, 11], [23, 12, 24, 13], [1, 16, 2, 17], [3, 9, 4, 8], [5, 21, 6, 20], [7, 15, 8, 14]]"
12a_1168_21,"[[7, 15, 8, 14], [9, 18, 10, 19], [11, 22, 12, 23], [13, 7, 14, 6], [15, 24, 16, 1], [17, 2, 18, 3], [19, 5, 20, 4], [21, 10, 22, 11], [23, 12, 24, 13], [1, 16, 2, 17], [3, 9, 4, 8], [5, 21, 6, 20]]"
12a_1168_22,"[[5, 21, 6, 20], [7, 15, 8, 14], [9, 18, 10, 19], [11, 22, 12, 23], [13, 7, 14, 6], [15, 24, 16, 1], [17, 2, 18, 3], [19, 5, 20, 4], [21, 10, 22, 11], [23, 12, 24, 13], [1, 16, 2, 17], [3, 9, 4, 8]]"
12a_1168_23,"[[3, 9, 4, 8], [5, 21, 6, 20], [7, 15, 8, 14], [9, 18, 10, 19], [11, 22, 12, 23], [13, 7, 14, 6], [15, 24, 16, 1], [17, 2, 18, 3], [19, 5, 20, 4], [21, 10, 22, 11], [23, 12, 24, 13], [1, 16, 2, 17]]"
12a_1168_24,"[[2, 17, 3, 18], [4, 10, 5, 9], [6, 22, 7, 21], [8, 16, 9, 15], [10, 19, 11, 20], [12, 23, 13, 24], [14, 8, 15, 7], [16, 1, 17, 2], [18, 3, 19, 4], [20, 6, 21, 5], [22, 11, 23, 12], [24, 13, 1, 14]]"
12a_1168_25,"[[24, 13, 1, 14], [2, 17, 3, 18], [4, 10, 5, 9], [6, 22, 7, 21], [8, 16, 9, 15], [10, 19, 11, 20], [12, 23, 13, 24], [14, 8, 15, 7], [16, 1, 17, 2], [18, 3, 19, 4], [20, 6, 21, 5], [22, 11, 23, 12]]"
12a_1168_26,"[[22, 11, 23, 12], [24, 13, 1, 14], [2, 17, 3, 18], [4, 10, 5, 9], [6, 22, 7, 21], [8, 16, 9, 15], [10, 19, 11, 20], [12, 23, 13, 24], [14, 8, 15, 7], [16, 1, 17, 2], [18, 3, 19, 4], [20, 6, 21, 5]]"
12a_1168_27,"[[20, 6, 21, 5], [22, 11, 23, 12], [24, 13, 1, 14], [2, 17, 3, 18], [4, 10, 5, 9], [6, 22, 7, 21], [8, 16, 9, 15], [10, 19, 11, 20], [12, 23, 13, 24], [14, 8, 15, 7], [16, 1, 17, 2], [18, 3, 19, 4]]"
12a_1168_28,"[[18, 3, 19, 4], [20, 6, 21, 5], [22, 11, 23, 12], [24, 13, 1, 14], [2, 17, 3, 18], [4, 10, 5, 9], [6, 22, 7, 21], [8, 16, 9, 15], [10, 19, 11, 20], [12, 23, 13, 24], [14, 8, 15, 7], [16, 1, 17, 2]]"
12a_1168_29,"[[16, 1, 17, 2], [18, 3, 19, 4], [20, 6, 21, 5], [22, 11, 23, 12], [24, 13, 1, 14], [2, 17, 3, 18], [4, 10, 5, 9], [6, 22, 7, 21], [8, 16, 9, 15], [10, 19, 11, 20], [12, 23, 13, 24], [14, 8, 15, 7]]"
12a_1168_30,"[[14, 8, 15, 7], [16, 1, 17, 2], [18, 3, 19, 4], [20, 6, 21, 5], [22, 11, 23, 12], [24, 13, 1, 14], [2, 17, 3, 18], [4, 10, 5, 9], [6, 22, 7, 21], [8, 16, 9, 15], [10, 19, 11, 20], [12, 23, 13, 24]]"
12a_1168_31,"[[12, 23, 13, 24], [14, 8, 15, 7], [16, 1, 17, 2], [18, 3, 19, 4], [20, 6, 21, 5], [22, 11, 23, 12], [24, 13, 1, 14], [2, 17, 3, 18], [4, 10, 5, 9], [6, 22, 7, 21], [8, 16, 9, 15], [10, 19, 11, 20]]"
12a_1168_32,"[[10, 19, 11, 20], [12, 23, 13, 24], [14, 8, 15, 7], [16, 1, 17, 2], [18, 3, 19, 4], [20, 6, 21, 5], [22, 11, 23, 12], [24, 13, 1, 14], [2, 17, 3, 18], [4, 10, 5, 9], [6, 22, 7, 21], [8, 16, 9, 15]]"
12a_1168_33,"[[8, 16, 9, 15], [10, 19, 11, 20], [12, 23, 13, 24], [14, 8, 15, 7], [16, 1, 17, 2], [18, 3, 19, 4], [20, 6, 21, 5], [22, 11, 23, 12], [24, 13, 1, 14], [2, 17, 3, 18], [4, 10, 5, 9], [6, 22, 7, 21]]"
12a_1168_34,"[[6, 22, 7, 21], [8, 16, 9, 15], [10, 19, 11, 20], [12, 23, 13, 24], [14, 8, 15, 7], [16, 1, 17, 2], [18, 3, 19, 4], [20, 6, 21, 5], [22, 11, 23, 12], [24, 13, 1, 14], [2, 17, 3, 18], [4, 10, 5, 9]]"
12a_1168_35,"[[4, 10, 5, 9], [6, 22, 7, 21], [8, 16, 9, 15], [10, 19, 11, 20], [12, 23, 13, 24], [14, 8, 15, 7], [16, 1, 17, 2], [18, 3, 19, 4], [20, 6, 21, 5], [22, 11, 23, 12], [24, 13, 1, 14], [2, 17, 3, 18]]"
12a_1168_36,"[[3, 18, 4, 19], [5, 11, 6, 10], [7, 23, 8, 22], [9, 17, 10, 16], [11, 20, 12, 21], [13, 24, 14, 1], [15, 9, 16, 8], [17, 2, 18, 3], [19, 4, 20, 5], [21, 7, 22, 6], [23, 12, 24, 13], [1, 14, 2, 15]]"
12a_1168_37,"[[1, 14, 2, 15], [3, 18, 4, 19], [5, 11, 6, 10], [7, 23, 8, 22], [9, 17, 10, 16], [11, 20, 12, 21], [13, 24, 14, 1], [15, 9, 16, 8], [17, 2, 18, 3], [19, 4, 20, 5], [21, 7, 22, 6], [23, 12, 24, 13]]"
12a_1168_38,"[[23, 12, 24, 13], [1, 14, 2, 15], [3, 18, 4, 19], [5, 11, 6, 10], [7, 23, 8, 22], [9, 17, 10, 16], [11, 20, 12, 21], [13, 24, 14, 1], [15, 9, 16, 8], [17, 2, 18, 3], [19, 4, 20, 5], [21, 7, 22, 6]]"
12a_1168_39,"[[21, 7, 22, 6], [23, 12, 24, 13], [1, 14, 2, 15], [3, 18, 4, 19], [5, 11, 6, 10], [7, 23, 8, 22], [9, 17, 10, 16], [11, 20, 12, 21], [13, 24, 14, 1], [15, 9, 16, 8], [17, 2, 18, 3], [19, 4, 20, 5]]"
12a_1168_40,"[[19, 4, 20, 5], [21, 7, 22, 6], [23, 12, 24, 13], [1, 14, 2, 15], [3, 18, 4, 19], [5, 11, 6, 10], [7, 23, 8, 22], [9, 17, 10, 16], [11, 20, 12, 21], [13, 24, 14, 1], [15, 9, 16, 8], [17, 2, 18, 3]]"
12a_1168_41,"[[17, 2, 18, 3], [19, 4, 20, 5], [21, 7, 22, 6], [23, 12, 24, 13], [1, 14, 2, 15], [3, 18, 4, 19], [5, 11, 6, 10], [7, 23, 8, 22], [9, 17, 10, 16], [11, 20, 12, 21], [13, 24, 14, 1], [15, 9, 16, 8]]"
12a_1168_42,"[[15, 9, 16, 8], [17, 2, 18, 3], [19, 4, 20, 5], [21, 7, 22, 6], [23, 12, 24, 13], [1, 14, 2, 15], [3, 18, 4, 19], [5, 11, 6, 10], [7, 23, 8, 22], [9, 17, 10, 16], [11, 20, 12, 21], [13, 24, 14, 1]]"
12a_1168_43,"[[13, 24, 14, 1], [15, 9, 16, 8], [17, 2, 18, 3], [19, 4, 20, 5], [21, 7, 22, 6], [23, 12, 24, 13], [1, 14, 2, 15], [3, 18, 4, 19], [5, 11, 6, 10], [7, 23, 8, 22], [9, 17, 10, 16], [11, 20, 12, 21]]"
12a_1168_44,"[[11, 20, 12, 21], [13, 24, 14, 1], [15, 9, 16, 8], [17, 2, 18, 3], [19, 4, 20, 5], [21, 7, 22, 6], [23, 12, 24, 13], [1, 14, 2, 15], [3, 18, 4, 19], [5, 11, 6, 10], [7, 23, 8, 22], [9, 17, 10, 16]]"
12a_1168_45,"[[9, 17, 10, 16], [11, 20, 12, 21], [13, 24, 14, 1], [15, 9, 16, 8], [17, 2, 18, 3], [19, 4, 20, 5], [21, 7, 22, 6], [23, 12, 24, 13], [1, 14, 2, 15], [3, 18, 4, 19], [5, 11, 6, 10], [7, 23, 8, 22]]"
12a_1168_46,"[[7, 23, 8, 22], [9, 17, 10, 16], [11, 20, 12, 21], [13, 24, 14, 1], [15, 9, 16, 8], [17, 2, 18, 3], [19, 4, 20, 5], [21, 7, 22, 6], [23, 12, 24, 13], [1, 14, 2, 15], [3, 18, 4, 19], [5, 11, 6, 10]]"
12a_1168_47,"[[5, 11, 6, 10], [7, 23, 8, 22], [9, 17, 10, 16], [11, 20, 12, 21], [13, 24, 14, 1], [15, 9, 16, 8], [17, 2, 18, 3], [19, 4, 20, 5], [21, 7, 22, 6], [23, 12, 24, 13], [1, 14, 2, 15], [3, 18, 4, 19]]"
12a_1168_48,"[[4, 19, 5, 20], [6, 12, 7, 11], [8, 24, 9, 23], [10, 18, 11, 17], [12, 21, 13, 22], [14, 1, 15, 2], [16, 10, 17, 9], [18, 3, 19, 4], [20, 5, 21, 6], [22, 8, 23, 7], [24, 13, 1, 14], [2, 15, 3, 16]]"
12a_1168_49,"[[2, 15, 3, 16], [4, 19, 5, 20], [6, 12, 7, 11], [8, 24, 9, 23], [10, 18, 11, 17], [12, 21, 13, 22], [14, 1, 15, 2], [16, 10, 17, 9], [18, 3, 19, 4], [20, 5, 21, 6], [22, 8, 23, 7], [24, 13, 1, 14]]"
12a_1168_50,"[[24, 13, 1, 14], [2, 15, 3, 16], [4, 19, 5, 20], [6, 12, 7, 11], [8, 24, 9, 23], [10, 18, 11, 17], [12, 21, 13, 22], [14, 1, 15, 2], [16, 10, 17, 9], [18, 3, 19, 4], [20, 5, 21, 6], [22, 8, 23, 7]]"
12a_1168_51,"[[22, 8, 23, 7], [24, 13, 1, 14], [2, 15, 3, 16], [4, 19, 5, 20], [6, 12, 7, 11], [8, 24, 9, 23], [10, 18, 11, 17], [12, 21, 13, 22], [14, 1, 15, 2], [16, 10, 17, 9], [18, 3, 19, 4], [20, 5, 21, 6]]"
12a_1168_52,"[[20, 5, 21, 6], [22, 8, 23, 7], [24, 13, 1, 14], [2, 15, 3, 16], [4, 19, 5, 20], [6, 12, 7, 11], [8, 24, 9, 23], [10, 18, 11, 17], [12, 21, 13, 22], [14, 1, 15, 2], [16, 10, 17, 9], [18, 3, 19, 4]]"
12a_1168_53,"[[18, 3, 19, 4], [20, 5, 21, 6], [22, 8, 23, 7], [24, 13, 1, 14], [2, 15, 3, 16], [4, 19, 5, 20], [6, 12, 7, 11], [8, 24, 9, 23], [10, 18, 11, 17], [12, 21, 13, 22], [14, 1, 15, 2], [16, 10, 17, 9]]"
12a_1168_54,"[[16, 10, 17, 9], [18, 3, 19, 4], [20, 5, 21, 6], [22, 8, 23, 7], [24, 13, 1, 14], [2, 15, 3, 16], [4, 19, 5, 20], [6, 12, 7, 11], [8, 24, 9, 23], [10, 18, 11, 17], [12, 21, 13, 22], [14, 1, 15, 2]]"
12a_1168_55,"[[14, 1, 15, 2], [16, 10, 17, 9], [18, 3, 19, 4], [20, 5, 21, 6], [22, 8, 23, 7], [24, 13, 1, 14], [2, 15, 3, 16], [4, 19, 5, 20], [6, 12, 7, 11], [8, 24, 9, 23], [10, 18, 11, 17], [12, 21, 13, 22]]"
12a_1168_56,"[[12, 21, 13, 22], [14, 1, 15, 2], [16, 10, 17, 9], [18, 3, 19, 4], [20, 5, 21, 6], [22, 8, 23, 7], [24, 13, 1, 14], [2, 15, 3, 16], [4, 19, 5, 20], [6, 12, 7, 11], [8, 24, 9, 23], [10, 18, 11, 17]]"
12a_1168_57,"[[10, 18, 11, 17], [12, 21, 13, 22], [14, 1, 15, 2], [16, 10, 17, 9], [18, 3, 19, 4], [20, 5, 21, 6], [22, 8, 23, 7], [24, 13, 1, 14], [2, 15, 3, 16], [4, 19, 5, 20], [6, 12, 7, 11], [8, 24, 9, 23]]"
12a_1168_58,"[[8, 24, 9, 23], [10, 18, 11, 17], [12, 21, 13, 22], [14, 1, 15, 2], [16, 10, 17, 9], [18, 3, 19, 4], [20, 5, 21, 6], [22, 8, 23, 7], [24, 13, 1, 14], [2, 15, 3, 16], [4, 19, 5, 20], [6, 12, 7, 11]]"
12a_1168_59,"[[6, 12, 7, 11], [8, 24, 9, 23], [10, 18, 11, 17], [12, 21, 13, 22], [14, 1, 15, 2], [16, 10, 17, 9], [18, 3, 19, 4], [20, 5, 21, 6], [22, 8, 23, 7], [24, 13, 1, 14], [2, 15, 3, 16], [4, 19, 5, 20]]"
12a_1168_60,"[[5, 20, 6, 21], [7, 13, 8, 12], [9, 1, 10, 24], [11, 19, 12, 18], [13, 22, 14, 23], [15, 2, 16, 3], [17, 11, 18, 10], [19, 4, 20, 5], [21, 6, 22, 7], [23, 9, 24, 8], [1, 14, 2, 15], [3, 16, 4, 17]]"
12a_1168_61,"[[3, 16, 4, 17], [5, 20, 6, 21], [7, 13, 8, 12], [9, 1, 10, 24], [11, 19, 12, 18], [13, 22, 14, 23], [15, 2, 16, 3], [17, 11, 18, 10], [19, 4, 20, 5], [21, 6, 22, 7], [23, 9, 24, 8], [1, 14, 2, 15]]"
12a_1168_62,"[[1, 14, 2, 15], [3, 16, 4, 17], [5, 20, 6, 21], [7, 13, 8, 12], [9, 1, 10, 24], [11, 19, 12, 18], [13, 22, 14, 23], [15, 2, 16, 3], [17, 11, 18, 10], [19, 4, 20, 5], [21, 6, 22, 7], [23, 9, 24, 8]]"
12a_1168_63,"[[23, 9, 24, 8], [1, 14, 2, 15], [3, 16, 4, 17], [5, 20, 6, 21], [7, 13, 8, 12], [9, 1, 10, 24], [11, 19, 12, 18], [13, 22, 14, 23], [15, 2, 16, 3], [17, 11, 18, 10], [19, 4, 20, 5], [21, 6, 22, 7]]"
12a_1168_64,"[[21, 6, 22, 7], [23, 9, 24, 8], [1, 14, 2, 15], [3, 16, 4, 17], [5, 20, 6, 21], [7, 13, 8, 12], [9, 1, 10, 24], [11, 19, 12, 18], [13, 22, 14, 23], [15, 2, 16, 3], [17, 11, 18, 10], [19, 4, 20, 5]]"
12a_1168_65,"[[19, 4, 20, 5], [21, 6, 22, 7], [23, 9, 24, 8], [1, 14, 2, 15], [3, 16, 4, 17], [5, 20, 6, 21], [7, 13, 8, 12], [9, 1, 10, 24], [11, 19, 12, 18], [13, 22, 14, 23], [15, 2, 16, 3], [17, 11, 18, 10]]"
12a_1168_66,"[[17, 11, 18, 10], [19, 4, 20, 5], [21, 6, 22, 7], [23, 9, 24, 8], [1, 14, 2, 15], [3, 16, 4, 17], [5, 20, 6, 21], [7, 13, 8, 12], [9, 1, 10, 24], [11, 19, 12, 18], [13, 22, 14, 23], [15, 2, 16, 3]]"
12a_1168_67,"[[15, 2, 16, 3], [17, 11, 18, 10], [19, 4, 20, 5], [21, 6, 22, 7], [23, 9, 24, 8], [1, 14, 2, 15], [3, 16, 4, 17], [5, 20, 6, 21], [7, 13, 8, 12], [9, 1, 10, 24], [11, 19, 12, 18], [13, 22, 14, 23]]"
12a_1168_68,"[[13, 22, 14, 23], [15, 2, 16, 3], [17, 11, 18, 10], [19, 4, 20, 5], [21, 6, 22, 7], [23, 9, 24, 8], [1, 14, 2, 15], [3, 16, 4, 17], [5, 20, 6, 21], [7, 13, 8, 12], [9, 1, 10, 24], [11, 19, 12, 18]]"
12a_1168_69,"[[11, 19, 12, 18], [13, 22, 14, 23], [15, 2, 16, 3], [17, 11, 18, 10], [19, 4, 20, 5], [21, 6, 22, 7], [23, 9, 24, 8], [1, 14, 2, 15], [3, 16, 4, 17], [5, 20, 6, 21], [7, 13, 8, 12], [9, 1, 10, 24]]"
12a_1168_70,"[[9, 1, 10, 24], [11, 19, 12, 18], [13, 22, 14, 23], [15, 2, 16, 3], [17, 11, 18, 10], [19, 4, 20, 5], [21, 6, 22, 7], [23, 9, 24, 8], [1, 14, 2, 15], [3, 16, 4, 17], [5, 20, 6, 21], [7, 13, 8, 12]]"
12a_1168_71,"[[7, 13, 8, 12], [9, 1, 10, 24], [11, 19, 12, 18], [13, 22, 14, 23], [15, 2, 16, 3], [17, 11, 18, 10], [19, 4, 20, 5], [21, 6, 22, 7], [23, 9, 24, 8], [1, 14, 2, 15], [3, 16, 4, 17], [5, 20, 6, 21]]"
12a_1168_72,"[[6, 21, 7, 22], [8, 14, 9, 13], [10, 2, 11, 1], [12, 20, 13, 19], [14, 23, 15, 24], [16, 3, 17, 4], [18, 12, 19, 11], [20, 5, 21, 6], [22, 7, 23, 8], [24, 10, 1, 9], [2, 15, 3, 16], [4, 17, 5, 18]]"
12a_1168_73,"[[4, 17, 5, 18], [6, 21, 7, 22], [8, 14, 9, 13], [10, 2, 11, 1], [12, 20, 13, 19], [14, 23, 15, 24], [16, 3, 17, 4], [18, 12, 19, 11], [20, 5, 21, 6], [22, 7, 23, 8], [24, 10, 1, 9], [2, 15, 3, 16]]"
12a_1168_74,"[[2, 15, 3, 16], [4, 17, 5, 18], [6, 21, 7, 22], [8, 14, 9, 13], [10, 2, 11, 1], [12, 20, 13, 19], [14, 23, 15, 24], [16, 3, 17, 4], [18, 12, 19, 11], [20, 5, 21, 6], [22, 7, 23, 8], [24, 10, 1, 9]]"
12a_1168_75,"[[24, 10, 1, 9], [2, 15, 3, 16], [4, 17, 5, 18], [6, 21, 7, 22], [8, 14, 9, 13], [10, 2, 11, 1], [12, 20, 13, 19], [14, 23, 15, 24], [16, 3, 17, 4], [18, 12, 19, 11], [20, 5, 21, 6], [22, 7, 23, 8]]"
12a_1168_76,"[[22, 7, 23, 8], [24, 10, 1, 9], [2, 15, 3, 16], [4, 17, 5, 18], [6, 21, 7, 22], [8, 14, 9, 13], [10, 2, 11, 1], [12, 20, 13, 19], [14, 23, 15, 24], [16, 3, 17, 4], [18, 12, 19, 11], [20, 5, 21, 6]]"
12a_1168_77,"[[20, 5, 21, 6], [22, 7, 23, 8], [24, 10, 1, 9], [2, 15, 3, 16], [4, 17, 5, 18], [6, 21, 7, 22], [8, 14, 9, 13], [10, 2, 11, 1], [12, 20, 13, 19], [14, 23, 15, 24], [16, 3, 17, 4], [18, 12, 19, 11]]"
12a_1168_78,"[[18, 12, 19, 11], [20, 5, 21, 6], [22, 7, 23, 8], [24, 10, 1, 9], [2, 15, 3, 16], [4, 17, 5, 18], [6, 21, 7, 22], [8, 14, 9, 13], [10, 2, 11, 1], [12, 20, 13, 19], [14, 23, 15, 24], [16, 3, 17, 4]]"
12a_1168_79,"[[16, 3, 17, 4], [18, 12, 19, 11], [20, 5, 21, 6], [22, 7, 23, 8], [24, 10, 1, 9], [2, 15, 3, 16], [4, 17, 5, 18], [6, 21, 7, 22], [8, 14, 9, 13], [10, 2, 11, 1], [12, 20, 13, 19], [14, 23, 15, 24]]"
12a_1168_80,"[[14, 23, 15, 24], [16, 3, 17, 4], [18, 12, 19, 11], [20, 5, 21, 6], [22, 7, 23, 8], [24, 10, 1, 9], [2, 15, 3, 16], [4, 17, 5, 18], [6, 21, 7, 22], [8, 14, 9, 13], [10, 2, 11, 1], [12, 20, 13, 19]]"
12a_1168_81,"[[12, 20, 13, 19], [14, 23, 15, 24], [16, 3, 17, 4], [18, 12, 19, 11], [20, 5, 21, 6], [22, 7, 23, 8], [24, 10, 1, 9], [2, 15, 3, 16], [4, 17, 5, 18], [6, 21, 7, 22], [8, 14, 9, 13], [10, 2, 11, 1]]"
12a_1168_82,"[[10, 2, 11, 1], [12, 20, 13, 19], [14, 23, 15, 24], [16, 3, 17, 4], [18, 12, 19, 11], [20, 5, 21, 6], [22, 7, 23, 8], [24, 10, 1, 9], [2, 15, 3, 16], [4, 17, 5, 18], [6, 21, 7, 22], [8, 14, 9, 13]]"
12a_1168_83,"[[8, 14, 9, 13], [10, 2, 11, 1], [12, 20, 13, 19], [14, 23, 15, 24], [16, 3, 17, 4], [18, 12, 19, 11], [20, 5, 21, 6], [22, 7, 23, 8], [24, 10, 1, 9], [2, 15, 3, 16], [4, 17, 5, 18], [6, 21, 7, 22]]"
12a_1168_84,"[[7, 22, 8, 23], [9, 15, 10, 14], [11, 3, 12, 2], [13, 21, 14, 20], [15, 24, 16, 1], [17, 4, 18, 5], [19, 13, 20, 12], [21, 6, 22, 7], [23, 8, 24, 9], [1, 11, 2, 10], [3, 16, 4, 17], [5, 18, 6, 19]]"
12a_1168_85,"[[5, 18, 6, 19], [7, 22, 8, 23], [9, 15, 10, 14], [11, 3, 12, 2], [13, 21, 14, 20], [15, 24, 16, 1], [17, 4, 18, 5], [19, 13, 20, 12], [21, 6, 22, 7], [23, 8, 24, 9], [1, 11, 2, 10], [3, 16, 4, 17]]"
12a_1168_86,"[[3, 16, 4, 17], [5, 18, 6, 19], [7, 22, 8, 23], [9, 15, 10, 14], [11, 3, 12, 2], [13, 21, 14, 20], [15, 24, 16, 1], [17, 4, 18, 5], [19, 13, 20, 12], [21, 6, 22, 7], [23, 8, 24, 9], [1, 11, 2, 10]]"
12a_1168_87,"[[1, 11, 2, 10], [3, 16, 4, 17], [5, 18, 6, 19], [7, 22, 8, 23], [9, 15, 10, 14], [11, 3, 12, 2], [13, 21, 14, 20], [15, 24, 16, 1], [17, 4, 18, 5], [19, 13, 20, 12], [21, 6, 22, 7], [23, 8, 24, 9]]"
12a_1168_88,"[[23, 8, 24, 9], [1, 11, 2, 10], [3, 16, 4, 17], [5, 18, 6, 19], [7, 22, 8, 23], [9, 15, 10, 14], [11, 3, 12, 2], [13, 21, 14, 20], [15, 24, 16, 1], [17, 4, 18, 5], [19, 13, 20, 12], [21, 6, 22, 7]]"
12a_1168_89,"[[21, 6, 22, 7], [23, 8, 24, 9], [1, 11, 2, 10], [3, 16, 4, 17], [5, 18, 6, 19], [7, 22, 8, 23], [9, 15, 10, 14], [11, 3, 12, 2], [13, 21, 14, 20], [15, 24, 16, 1], [17, 4, 18, 5], [19, 13, 20, 12]]"
12a_1168_90,"[[19, 13, 20, 12], [21, 6, 22, 7], [23, 8, 24, 9], [1, 11, 2, 10], [3, 16, 4, 17], [5, 18, 6, 19], [7, 22, 8, 23], [9, 15, 10, 14], [11, 3, 12, 2], [13, 21, 14, 20], [15, 24, 16, 1], [17, 4, 18, 5]]"
12a_1168_91,"[[17, 4, 18, 5], [19, 13, 20, 12], [21, 6, 22, 7], [23, 8, 24, 9], [1, 11, 2, 10], [3, 16, 4, 17], [5, 18, 6, 19], [7, 22, 8, 23], [9, 15, 10, 14], [11, 3, 12, 2], [13, 21, 14, 20], [15, 24, 16, 1]]"
12a_1168_92,"[[15, 24, 16, 1], [17, 4, 18, 5], [19, 13, 20, 12], [21, 6, 22, 7], [23, 8, 24, 9], [1, 11, 2, 10], [3, 16, 4, 17], [5, 18, 6, 19], [7, 22, 8, 23], [9, 15, 10, 14], [11, 3, 12, 2], [13, 21, 14, 20]]"
12a_1168_93,"[[13, 21, 14, 20], [15, 24, 16, 1], [17, 4, 18, 5], [19, 13, 20, 12], [21, 6, 22, 7], [23, 8, 24, 9], [1, 11, 2, 10], [3, 16, 4, 17], [5, 18, 6, 19], [7, 22, 8, 23], [9, 15, 10, 14], [11, 3, 12, 2]]"
12a_1168_94,"[[11, 3, 12, 2], [13, 21, 14, 20], [15, 24, 16, 1], [17, 4, 18, 5], [19, 13, 20, 12], [21, 6, 22, 7], [23, 8, 24, 9], [1, 11, 2, 10], [3, 16, 4, 17], [5, 18, 6, 19], [7, 22, 8, 23], [9, 15, 10, 14]]"
12a_1168_95,"[[9, 15, 10, 14], [11, 3, 12, 2], [13, 21, 14, 20], [15, 24, 16, 1], [17, 4, 18, 5], [19, 13, 20, 12], [21, 6, 22, 7], [23, 8, 24, 9], [1, 11, 2, 10], [3, 16, 4, 17], [5, 18, 6, 19], [7, 22, 8, 23]]"
12a_1168_96,"[[8, 23, 9, 24], [10, 16, 11, 15], [12, 4, 13, 3], [14, 22, 15, 21], [16, 1, 17, 2], [18, 5, 19, 6], [20, 14, 21, 13], [22, 7, 23, 8], [24, 9, 1, 10], [2, 12, 3, 11], [4, 17, 5, 18], [6, 19, 7, 20]]"
12a_1168_97,"[[6, 19, 7, 20], [8, 23, 9, 24], [10, 16, 11, 15], [12, 4, 13, 3], [14, 22, 15, 21], [16, 1, 17, 2], [18, 5, 19, 6], [20, 14, 21, 13], [22, 7, 23, 8], [24, 9, 1, 10], [2, 12, 3, 11], [4, 17, 5, 18]]"
12a_1168_98,"[[4, 17, 5, 18], [6, 19, 7, 20], [8, 23, 9, 24], [10, 16, 11, 15], [12, 4, 13, 3], [14, 22, 15, 21], [16, 1, 17, 2], [18, 5, 19, 6], [20, 14, 21, 13], [22, 7, 23, 8], [24, 9, 1, 10], [2, 12, 3, 11]]"
12a_1168_99,"[[2, 12, 3, 11], [4, 17, 5, 18], [6, 19, 7, 20], [8, 23, 9, 24], [10, 16, 11, 15], [12, 4, 13, 3], [14, 22, 15, 21], [16, 1, 17, 2], [18, 5, 19, 6], [20, 14, 21, 13], [22, 7, 23, 8], [24, 9, 1, 10]]"
12a_1168_100,"[[24, 9, 1, 10], [2, 12, 3, 11], [4, 17, 5, 18], [6, 19, 7, 20], [8, 23, 9, 24], [10, 16, 11, 15], [12, 4, 13, 3], [14, 22, 15, 21], [16, 1, 17, 2], [18, 5, 19, 6], [20, 14, 21, 13], [22, 7, 23, 8]]"
12a_1168_101,"[[22, 7, 23, 8], [24, 9, 1, 10], [2, 12, 3, 11], [4, 17, 5, 18], [6, 19, 7, 20], [8, 23, 9, 24], [10, 16, 11, 15], [12, 4, 13, 3], [14, 22, 15, 21], [16, 1, 17, 2], [18, 5, 19, 6], [20, 14, 21, 13]]"
12a_1168_102,"[[20, 14, 21, 13], [22, 7, 23, 8], [24, 9, 1, 10], [2, 12, 3, 11], [4, 17, 5, 18], [6, 19, 7, 20], [8, 23, 9, 24], [10, 16, 11, 15], [12, 4, 13, 3], [14, 22, 15, 21], [16, 1, 17, 2], [18, 5, 19, 6]]"
12a_1168_103,"[[18, 5, 19, 6], [20, 14, 21, 13], [22, 7, 23, 8], [24, 9, 1, 10], [2, 12, 3, 11], [4, 17, 5, 18], [6, 19, 7, 20], [8, 23, 9, 24], [10, 16, 11, 15], [12, 4, 13, 3], [14, 22, 15, 21], [16, 1, 17, 2]]"
12a_1168_104,"[[16, 1, 17, 2], [18, 5, 19, 6], [20, 14, 21, 13], [22, 7, 23, 8], [24, 9, 1, 10], [2, 12, 3, 11], [4, 17, 5, 18], [6, 19, 7, 20], [8, 23, 9, 24], [10, 16, 11, 15], [12, 4, 13, 3], [14, 22, 15, 21]]"
12a_1168_105,"[[14, 22, 15, 21], [16, 1, 17, 2], [18, 5, 19, 6], [20, 14, 21, 13], [22, 7, 23, 8], [24, 9, 1, 10], [2, 12, 3, 11], [4, 17, 5, 18], [6, 19, 7, 20], [8, 23, 9, 24], [10, 16, 11, 15], [12, 4, 13, 3]]"
12a_1168_106,"[[12, 4, 13, 3], [14, 22, 15, 21], [16, 1, 17, 2], [18, 5, 19, 6], [20, 14, 21, 13], [22, 7, 23, 8], [24, 9, 1, 10], [2, 12, 3, 11], [4, 17, 5, 18], [6, 19, 7, 20], [8, 23, 9, 24], [10, 16, 11, 15]]"
12a_1168_107,"[[10, 16, 11, 15], [12, 4, 13, 3], [14, 22, 15, 21], [16, 1, 17, 2], [18, 5, 19, 6], [20, 14, 21, 13], [22, 7, 23, 8], [24, 9, 1, 10], [2, 12, 3, 11], [4, 17, 5, 18], [6, 19, 7, 20], [8, 23, 9, 24]]"
12a_1168_108,"[[9, 24, 10, 1], [11, 17, 12, 16], [13, 5, 14, 4], [15, 23, 16, 22], [17, 2, 18, 3], [19, 6, 20, 7], [21, 15, 22, 14], [23, 8, 24, 9], [1, 10, 2, 11], [3, 13, 4, 12], [5, 18, 6, 19], [7, 20, 8, 21]]"
12a_1168_109,"[[7, 20, 8, 21], [9, 24, 10, 1], [11, 17, 12, 16], [13, 5, 14, 4], [15, 23, 16, 22], [17, 2, 18, 3], [19, 6, 20, 7], [21, 15, 22, 14], [23, 8, 24, 9], [1, 10, 2, 11], [3, 13, 4, 12], [5, 18, 6, 19]]"
12a_1168_110,"[[5, 18, 6, 19], [7, 20, 8, 21], [9, 24, 10, 1], [11, 17, 12, 16], [13, 5, 14, 4], [15, 23, 16, 22], [17, 2, 18, 3], [19, 6, 20, 7], [21, 15, 22, 14], [23, 8, 24, 9], [1, 10, 2, 11], [3, 13, 4, 12]]"
12a_1168_111,"[[3, 13, 4, 12], [5, 18, 6, 19], [7, 20, 8, 21], [9, 24, 10, 1], [11, 17, 12, 16], [13, 5, 14, 4], [15, 23, 16, 22], [17, 2, 18, 3], [19, 6, 20, 7], [21, 15, 22, 14], [23, 8, 24, 9], [1, 10, 2, 11]]"
12a_1168_112,"[[1, 10, 2, 11], [3, 13, 4, 12], [5, 18, 6, 19], [7, 20, 8, 21], [9, 24, 10, 1], [11, 17, 12, 16], [13, 5, 14, 4], [15, 23, 16, 22], [17, 2, 18, 3], [19, 6, 20, 7], [21, 15, 22, 14], [23, 8, 24, 9]]"
12a_1168_113,"[[23, 8, 24, 9], [1, 10, 2, 11], [3, 13, 4, 12], [5, 18, 6, 19], [7, 20, 8, 21], [9, 24, 10, 1], [11, 17, 12, 16], [13, 5, 14, 4], [15, 23, 16, 22], [17, 2, 18, 3], [19, 6, 20, 7], [21, 15, 22, 14]]"
12a_1168_114,"[[21, 15, 22, 14], [23, 8, 24, 9], [1, 10, 2, 11], [3, 13, 4, 12], [5, 18, 6, 19], [7, 20, 8, 21], [9, 24, 10, 1], [11, 17, 12, 16], [13, 5, 14, 4], [15, 23, 16, 22], [17, 2, 18, 3], [19, 6, 20, 7]]"
12a_1168_115,"[[19, 6, 20, 7], [21, 15, 22, 14], [23, 8, 24, 9], [1, 10, 2, 11], [3, 13, 4, 12], [5, 18, 6, 19], [7, 20, 8, 21], [9, 24, 10, 1], [11, 17, 12, 16], [13, 5, 14, 4], [15, 23, 16, 22], [17, 2, 18, 3]]"
12a_1168_116,"[[17, 2, 18, 3], [19, 6, 20, 7], [21, 15, 22, 14], [23, 8, 24, 9], [1, 10, 2, 11], [3, 13, 4, 12], [5, 18, 6, 19], [7, 20, 8, 21], [9, 24, 10, 1], [11, 17, 12, 16], [13, 5, 14, 4], [15, 23, 16, 22]]"
12a_1168_117,"[[15, 23, 16, 22], [17, 2, 18, 3], [19, 6, 20, 7], [21, 15, 22, 14], [23, 8, 24, 9], [1, 10, 2, 11], [3, 13, 4, 12], [5, 18, 6, 19], [7, 20, 8, 21], [9, 24, 10, 1], [11, 17, 12, 16], [13, 5, 14, 4]]"
12a_1168_118,"[[13, 5, 14, 4], [15, 23, 16, 22], [17, 2, 18, 3], [19, 6, 20, 7], [21, 15, 22, 14], [23, 8, 24, 9], [1, 10, 2, 11], [3, 13, 4, 12], [5, 18, 6, 19], [7, 20, 8, 21], [9, 24, 10, 1], [11, 17, 12, 16]]"
12a_1168_119,"[[11, 17, 12, 16], [13, 5, 14, 4], [15, 23, 16, 22], [17, 2, 18, 3], [19, 6, 20, 7], [21, 15, 22, 14], [23, 8, 24, 9], [1, 10, 2, 11], [3, 13, 4, 12], [5, 18, 6, 19], [7, 20, 8, 21], [9, 24, 10, 1]]"
12a_1168_120,"[[10, 1, 11, 2], [12, 18, 13, 17], [14, 6, 15, 5], [16, 24, 17, 23], [18, 3, 19, 4], [20, 7, 21, 8], [22, 16, 23, 15], [24, 9, 1, 10], [2, 11, 3, 12], [4, 14, 5, 13], [6, 19, 7, 20], [8, 21, 9, 22]]"
12a_1168_121,"[[8, 21, 9, 22], [10, 1, 11, 2], [12, 18, 13, 17], [14, 6, 15, 5], [16, 24, 17, 23], [18, 3, 19, 4], [20, 7, 21, 8], [22, 16, 23, 15], [24, 9, 1, 10], [2, 11, 3, 12], [4, 14, 5, 13], [6, 19, 7, 20]]"
12a_1168_122,"[[6, 19, 7, 20], [8, 21, 9, 22], [10, 1, 11, 2], [12, 18, 13, 17], [14, 6, 15, 5], [16, 24, 17, 23], [18, 3, 19, 4], [20, 7, 21, 8], [22, 16, 23, 15], [24, 9, 1, 10], [2, 11, 3, 12], [4, 14, 5, 13]]"
12a_1168_123,"[[4, 14, 5, 13], [6, 19, 7, 20], [8, 21, 9, 22], [10, 1, 11, 2], [12, 18, 13, 17], [14, 6, 15, 5], [16, 24, 17, 23], [18, 3, 19, 4], [20, 7, 21, 8], [22, 16, 23, 15], [24, 9, 1, 10], [2, 11, 3, 12]]"
12a_1168_124,"[[2, 11, 3, 12], [4, 14, 5, 13], [6, 19, 7, 20], [8, 21, 9, 22], [10, 1, 11, 2], [12, 18, 13, 17], [14, 6, 15, 5], [16, 24, 17, 23], [18, 3, 19, 4], [20, 7, 21, 8], [22, 16, 23, 15], [24, 9, 1, 10]]"
12a_1168_125,"[[24, 9, 1, 10], [2, 11, 3, 12], [4, 14, 5, 13], [6, 19, 7, 20], [8, 21, 9, 22], [10, 1, 11, 2], [12, 18, 13, 17], [14, 6, 15, 5], [16, 24, 17, 23], [18, 3, 19, 4], [20, 7, 21, 8], [22, 16, 23, 15]]"
12a_1168_126,"[[22, 16, 23, 15], [24, 9, 1, 10], [2, 11, 3, 12], [4, 14, 5, 13], [6, 19, 7, 20], [8, 21, 9, 22], [10, 1, 11, 2], [12, 18, 13, 17], [14, 6, 15, 5], [16, 24, 17, 23], [18, 3, 19, 4], [20, 7, 21, 8]]"
12a_1168_127,"[[20, 7, 21, 8], [22, 16, 23, 15], [24, 9, 1, 10], [2, 11, 3, 12], [4, 14, 5, 13], [6, 19, 7, 20], [8, 21, 9, 22], [10, 1, 11, 2], [12, 18, 13, 17], [14, 6, 15, 5], [16, 24, 17, 23], [18, 3, 19, 4]]"
12a_1168_128,"[[18, 3, 19, 4], [20, 7, 21, 8], [22, 16, 23, 15], [24, 9, 1, 10], [2, 11, 3, 12], [4, 14, 5, 13], [6, 19, 7, 20], [8, 21, 9, 22], [10, 1, 11, 2], [12, 18, 13, 17], [14, 6, 15, 5], [16, 24, 17, 23]]"
12a_1168_129,"[[16, 24, 17, 23], [18, 3, 19, 4], [20, 7, 21, 8], [22, 16, 23, 15], [24, 9, 1, 10], [2, 11, 3, 12], [4, 14, 5, 13], [6, 19, 7, 20], [8, 21, 9, 22], [10, 1, 11, 2], [12, 18, 13, 17], [14, 6, 15, 5]]"
12a_1168_130,"[[14, 6, 15, 5], [16, 24, 17, 23], [18, 3, 19, 4], [20, 7, 21, 8], [22, 16, 23, 15], [24, 9, 1, 10], [2, 11, 3, 12], [4, 14, 5, 13], [6, 19, 7, 20], [8, 21, 9, 22], [10, 1, 11, 2], [12, 18, 13, 17]]"
12a_1168_131,"[[12, 18, 13, 17], [14, 6, 15, 5], [16, 24, 17, 23], [18, 3, 19, 4], [20, 7, 21, 8], [22, 16, 23, 15], [24, 9, 1, 10], [2, 11, 3, 12], [4, 14, 5, 13], [6, 19, 7, 20], [8, 21, 9, 22], [10, 1, 11, 2]]"
12a_1168_132,"[[11, 2, 12, 3], [13, 19, 14, 18], [15, 7, 16, 6], [17, 1, 18, 24], [19, 4, 20, 5], [21, 8, 22, 9], [23, 17, 24, 16], [1, 10, 2, 11], [3, 12, 4, 13], [5, 15, 6, 14], [7, 20, 8, 21], [9, 22, 10, 23]]"
12a_1168_133,"[[9, 22, 10, 23], [11, 2, 12, 3], [13, 19, 14, 18], [15, 7, 16, 6], [17, 1, 18, 24], [19, 4, 20, 5], [21, 8, 22, 9], [23, 17, 24, 16], [1, 10, 2, 11], [3, 12, 4, 13], [5, 15, 6, 14], [7, 20, 8, 21]]"
12a_1168_134,"[[7, 20, 8, 21], [9, 22, 10, 23], [11, 2, 12, 3], [13, 19, 14, 18], [15, 7, 16, 6], [17, 1, 18, 24], [19, 4, 20, 5], [21, 8, 22, 9], [23, 17, 24, 16], [1, 10, 2, 11], [3, 12, 4, 13], [5, 15, 6, 14]]"
12a_1168_135,"[[5, 15, 6, 14], [7, 20, 8, 21], [9, 22, 10, 23], [11, 2, 12, 3], [13, 19, 14, 18], [15, 7, 16, 6], [17, 1, 18, 24], [19, 4, 20, 5], [21, 8, 22, 9], [23, 17, 24, 16], [1, 10, 2, 11], [3, 12, 4, 13]]"
12a_1168_136,"[[3, 12, 4, 13], [5, 15, 6, 14], [7, 20, 8, 21], [9, 22, 10, 23], [11, 2, 12, 3], [13, 19, 14, 18], [15, 7, 16, 6], [17, 1, 18, 24], [19, 4, 20, 5], [21, 8, 22, 9], [23, 17, 24, 16], [1, 10, 2, 11]]"
12a_1168_137,"[[1, 10, 2, 11], [3, 12, 4, 13], [5, 15, 6, 14], [7, 20, 8, 21], [9, 22, 10, 23], [11, 2, 12, 3], [13, 19, 14, 18], [15, 7, 16, 6], [17, 1, 18, 24], [19, 4, 20, 5], [21, 8, 22, 9], [23, 17, 24, 16]]"
12a_1168_138,"[[23, 17, 24, 16], [1, 10, 2, 11], [3, 12, 4, 13], [5, 15, 6, 14], [7, 20, 8, 21], [9, 22, 10, 23], [11, 2, 12, 3], [13, 19, 14, 18], [15, 7, 16, 6], [17, 1, 18, 24], [19, 4, 20, 5], [21, 8, 22, 9]]"
12a_1168_139,"[[21, 8, 22, 9], [23, 17, 24, 16], [1, 10, 2, 11], [3, 12, 4, 13], [5, 15, 6, 14], [7, 20, 8, 21], [9, 22, 10, 23], [11, 2, 12, 3], [13, 19, 14, 18], [15, 7, 16, 6], [17, 1, 18, 24], [19, 4, 20, 5]]"
12a_1168_140,"[[19, 4, 20, 5], [21, 8, 22, 9], [23, 17, 24, 16], [1, 10, 2, 11], [3, 12, 4, 13], [5, 15, 6, 14], [7, 20, 8, 21], [9, 22, 10, 23], [11, 2, 12, 3], [13, 19, 14, 18], [15, 7, 16, 6], [17, 1, 18, 24]]"
12a_1168_141,"[[17, 1, 18, 24], [19, 4, 20, 5], [21, 8, 22, 9], [23, 17, 24, 16], [1, 10, 2, 11], [3, 12, 4, 13], [5, 15, 6, 14], [7, 20, 8, 21], [9, 22, 10, 23], [11, 2, 12, 3], [13, 19, 14, 18], [15, 7, 16, 6]]"
12a_1168_142,"[[15, 7, 16, 6], [17, 1, 18, 24], [19, 4, 20, 5], [21, 8, 22, 9], [23, 17, 24, 16], [1, 10, 2, 11], [3, 12, 4, 13], [5, 15, 6, 14], [7, 20, 8, 21], [9, 22, 10, 23], [11, 2, 12, 3], [13, 19, 14, 18]]"
12a_1168_143,"[[13, 19, 14, 18], [15, 7, 16, 6], [17, 1, 18, 24], [19, 4, 20, 5], [21, 8, 22, 9], [23, 17, 24, 16], [1, 10, 2, 11], [3, 12, 4, 13], [5, 15, 6, 14], [7, 20, 8, 21], [9, 22, 10, 23], [11, 2, 12, 3]]"
12a_1168_144,"[[12, 3, 13, 4], [14, 20, 15, 19], [16, 8, 17, 7], [18, 2, 19, 1], [20, 5, 21, 6], [22, 9, 23, 10], [24, 18, 1, 17], [2, 11, 3, 12], [4, 13, 5, 14], [6, 16, 7, 15], [8, 21, 9, 22], [10, 23, 11, 24]]"
12a_1168_145,"[[10, 23, 11, 24], [12, 3, 13, 4], [14, 20, 15, 19], [16, 8, 17, 7], [18, 2, 19, 1], [20, 5, 21, 6], [22, 9, 23, 10], [24, 18, 1, 17], [2, 11, 3, 12], [4, 13, 5, 14], [6, 16, 7, 15], [8, 21, 9, 22]]"
12a_1168_146,"[[8, 21, 9, 22], [10, 23, 11, 24], [12, 3, 13, 4], [14, 20, 15, 19], [16, 8, 17, 7], [18, 2, 19, 1], [20, 5, 21, 6], [22, 9, 23, 10], [24, 18, 1, 17], [2, 11, 3, 12], [4, 13, 5, 14], [6, 16, 7, 15]]"
12a_1168_147,"[[6, 16, 7, 15], [8, 21, 9, 22], [10, 23, 11, 24], [12, 3, 13, 4], [14, 20, 15, 19], [16, 8, 17, 7], [18, 2, 19, 1], [20, 5, 21, 6], [22, 9, 23, 10], [24, 18, 1, 17], [2, 11, 3, 12], [4, 13, 5, 14]]"
12a_1168_148,"[[4, 13, 5, 14], [6, 16, 7, 15], [8, 21, 9, 22], [10, 23, 11, 24], [12, 3, 13, 4], [14, 20, 15, 19], [16, 8, 17, 7], [18, 2, 19, 1], [20, 5, 21, 6], [22, 9, 23, 10], [24, 18, 1, 17], [2, 11, 3, 12]]"
12a_1168_149,"[[2, 11, 3, 12], [4, 13, 5, 14], [6, 16, 7, 15], [8, 21, 9, 22], [10, 23, 11, 24], [12, 3, 13, 4], [14, 20, 15, 19], [16, 8, 17, 7], [18, 2, 19, 1], [20, 5, 21, 6], [22, 9, 23, 10], [24, 18, 1, 17]]"
12a_1168_150,"[[24, 18, 1, 17], [2, 11, 3, 12], [4, 13, 5, 14], [6, 16, 7, 15], [8, 21, 9, 22], [10, 23, 11, 24], [12, 3, 13, 4], [14, 20, 15, 19], [16, 8, 17, 7], [18, 2, 19, 1], [20, 5, 21, 6], [22, 9, 23, 10]]"
12a_1168_151,"[[22, 9, 23, 10], [24, 18, 1, 17], [2, 11, 3, 12], [4, 13, 5, 14], [6, 16, 7, 15], [8, 21, 9, 22], [10, 23, 11, 24], [12, 3, 13, 4], [14, 20, 15, 19], [16, 8, 17, 7], [18, 2, 19, 1], [20, 5, 21, 6]]"
12a_1168_152,"[[20, 5, 21, 6], [22, 9, 23, 10], [24, 18, 1, 17], [2, 11, 3, 12], [4, 13, 5, 14], [6, 16, 7, 15], [8, 21, 9, 22], [10, 23, 11, 24], [12, 3, 13, 4], [14, 20, 15, 19], [16, 8, 17, 7], [18, 2, 19, 1]]"
12a_1168_153,"[[18, 2, 19, 1], [20, 5, 21, 6], [22, 9, 23, 10], [24, 18, 1, 17], [2, 11, 3, 12], [4, 13, 5, 14], [6, 16, 7, 15], [8, 21, 9, 22], [10, 23, 11, 24], [12, 3, 13, 4], [14, 20, 15, 19], [16, 8, 17, 7]]"
12a_1168_154,"[[16, 8, 17, 7], [18, 2, 19, 1], [20, 5, 21, 6], [22, 9, 23, 10], [24, 18, 1, 17], [2, 11, 3, 12], [4, 13, 5, 14], [6, 16, 7, 15], [8, 21, 9, 22], [10, 23, 11, 24], [12, 3, 13, 4], [14, 20, 15, 19]]"
12a_1168_155,"[[14, 20, 15, 19], [16, 8, 17, 7], [18, 2, 19, 1], [20, 5, 21, 6], [22, 9, 23, 10], [24, 18, 1, 17], [2, 11, 3, 12], [4, 13, 5, 14], [6, 16, 7, 15], [8, 21, 9, 22], [10, 23, 11, 24], [12, 3, 13, 4]]"
12a_1168_156,"[[13, 4, 14, 5], [15, 21, 16, 20], [17, 9, 18, 8], [19, 3, 20, 2], [21, 6, 22, 7], [23, 10, 24, 11], [1, 19, 2, 18], [3, 12, 4, 13], [5, 14, 6, 15], [7, 17, 8, 16], [9, 22, 10, 23], [11, 24, 12, 1]]"
12a_1168_157,"[[11, 24, 12, 1], [13, 4, 14, 5], [15, 21, 16, 20], [17, 9, 18, 8], [19, 3, 20, 2], [21, 6, 22, 7], [23, 10, 24, 11], [1, 19, 2, 18], [3, 12, 4, 13], [5, 14, 6, 15], [7, 17, 8, 16], [9, 22, 10, 23]]"
12a_1168_158,"[[9, 22, 10, 23], [11, 24, 12, 1], [13, 4, 14, 5], [15, 21, 16, 20], [17, 9, 18, 8], [19, 3, 20, 2], [21, 6, 22, 7], [23, 10, 24, 11], [1, 19, 2, 18], [3, 12, 4, 13], [5, 14, 6, 15], [7, 17, 8, 16]]"
12a_1168_159,"[[7, 17, 8, 16], [9, 22, 10, 23], [11, 24, 12, 1], [13, 4, 14, 5], [15, 21, 16, 20], [17, 9, 18, 8], [19, 3, 20, 2], [21, 6, 22, 7], [23, 10, 24, 11], [1, 19, 2, 18], [3, 12, 4, 13], [5, 14, 6, 15]]"
12a_1168_160,"[[5, 14, 6, 15], [7, 17, 8, 16], [9, 22, 10, 23], [11, 24, 12, 1], [13, 4, 14, 5], [15, 21, 16, 20], [17, 9, 18, 8], [19, 3, 20, 2], [21, 6, 22, 7], [23, 10, 24, 11], [1, 19, 2, 18], [3, 12, 4, 13]]"
12a_1168_161,"[[3, 12, 4, 13], [5, 14, 6, 15], [7, 17, 8, 16], [9, 22, 10, 23], [11, 24, 12, 1], [13, 4, 14, 5], [15, 21, 16, 20], [17, 9, 18, 8], [19, 3, 20, 2], [21, 6, 22, 7], [23, 10, 24, 11], [1, 19, 2, 18]]"
12a_1168_162,"[[1, 19, 2, 18], [3, 12, 4, 13], [5, 14, 6, 15], [7, 17, 8, 16], [9, 22, 10, 23], [11, 24, 12, 1], [13, 4, 14, 5], [15, 21, 16, 20], [17, 9, 18, 8], [19, 3, 20, 2], [21, 6, 22, 7], [23, 10, 24, 11]]"
12a_1168_163,"[[23, 10, 24, 11], [1, 19, 2, 18], [3, 12, 4, 13], [5, 14, 6, 15], [7, 17, 8, 16], [9, 22, 10, 23], [11, 24, 12, 1], [13, 4, 14, 5], [15, 21, 16, 20], [17, 9, 18, 8], [19, 3, 20, 2], [21, 6, 22, 7]]"
12a_1168_164,"[[21, 6, 22, 7], [23, 10, 24, 11], [1, 19, 2, 18], [3, 12, 4, 13], [5, 14, 6, 15], [7, 17, 8, 16], [9, 22, 10, 23], [11, 24, 12, 1], [13, 4, 14, 5], [15, 21, 16, 20], [17, 9, 18, 8], [19, 3, 20, 2]]"
12a_1168_165,"[[19, 3, 20, 2], [21, 6, 22, 7], [23, 10, 24, 11], [1, 19, 2, 18], [3, 12, 4, 13], [5, 14, 6, 15], [7, 17, 8, 16], [9, 22, 10, 23], [11, 24, 12, 1], [13, 4, 14, 5], [15, 21, 16, 20], [17, 9, 18, 8]]"
12a_1168_166,"[[17, 9, 18, 8], [19, 3, 20, 2], [21, 6, 22, 7], [23, 10, 24, 11], [1, 19, 2, 18], [3, 12, 4, 13], [5, 14, 6, 15], [7, 17, 8, 16], [9, 22, 10, 23], [11, 24, 12, 1], [13, 4, 14, 5], [15, 21, 16, 20]]"
12a_1168_167,"[[15, 21, 16, 20], [17, 9, 18, 8], [19, 3, 20, 2], [21, 6, 22, 7], [23, 10, 24, 11], [1, 19, 2, 18], [3, 12, 4, 13], [5, 14, 6, 15], [7, 17, 8, 16], [9, 22, 10, 23], [11, 24, 12, 1], [13, 4, 14, 5]]"
12a_1168_168,"[[14, 5, 15, 6], [16, 22, 17, 21], [18, 10, 19, 9], [20, 4, 21, 3], [22, 7, 23, 8], [24, 11, 1, 12], [2, 20, 3, 19], [4, 13, 5, 14], [6, 15, 7, 16], [8, 18, 9, 17], [10, 23, 11, 24], [12, 1, 13, 2]]"
12a_1168_169,"[[12, 1, 13, 2], [14, 5, 15, 6], [16, 22, 17, 21], [18, 10, 19, 9], [20, 4, 21, 3], [22, 7, 23, 8], [24, 11, 1, 12], [2, 20, 3, 19], [4, 13, 5, 14], [6, 15, 7, 16], [8, 18, 9, 17], [10, 23, 11, 24]]"
12a_1168_170,"[[10, 23, 11, 24], [12, 1, 13, 2], [14, 5, 15, 6], [16, 22, 17, 21], [18, 10, 19, 9], [20, 4, 21, 3], [22, 7, 23, 8], [24, 11, 1, 12], [2, 20, 3, 19], [4, 13, 5, 14], [6, 15, 7, 16], [8, 18, 9, 17]]"
12a_1168_171,"[[8, 18, 9, 17], [10, 23, 11, 24], [12, 1, 13, 2], [14, 5, 15, 6], [16, 22, 17, 21], [18, 10, 19, 9], [20, 4, 21, 3], [22, 7, 23, 8], [24, 11, 1, 12], [2, 20, 3, 19], [4, 13, 5, 14], [6, 15, 7, 16]]"
12a_1168_172,"[[6, 15, 7, 16], [8, 18, 9, 17], [10, 23, 11, 24], [12, 1, 13, 2], [14, 5, 15, 6], [16, 22, 17, 21], [18, 10, 19, 9], [20, 4, 21, 3], [22, 7, 23, 8], [24, 11, 1, 12], [2, 20, 3, 19], [4, 13, 5, 14]]"
12a_1168_173,"[[4, 13, 5, 14], [6, 15, 7, 16], [8, 18, 9, 17], [10, 23, 11, 24], [12, 1, 13, 2], [14, 5, 15, 6], [16, 22, 17, 21], [18, 10, 19, 9], [20, 4, 21, 3], [22, 7, 23, 8], [24, 11, 1, 12], [2, 20, 3, 19]]"
12a_1168_174,"[[2, 20, 3, 19], [4, 13, 5, 14], [6, 15, 7, 16], [8, 18, 9, 17], [10, 23, 11, 24], [12, 1, 13, 2], [14, 5, 15, 6], [16, 22, 17, 21], [18, 10, 19, 9], [20, 4, 21, 3], [22, 7, 23, 8], [24, 11, 1, 12]]"
12a_1168_175,"[[24, 11, 1, 12], [2, 20, 3, 19], [4, 13, 5, 14], [6, 15, 7, 16], [8, 18, 9, 17], [10, 23, 11, 24], [12, 1, 13, 2], [14, 5, 15, 6], [16, 22, 17, 21], [18, 10, 19, 9], [20, 4, 21, 3], [22, 7, 23, 8]]"
12a_1168_176,"[[22, 7, 23, 8], [24, 11, 1, 12], [2, 20, 3, 19], [4, 13, 5, 14], [6, 15, 7, 16], [8, 18, 9, 17], [10, 23, 11, 24], [12, 1, 13, 2], [14, 5, 15, 6], [16, 22, 17, 21], [18, 10, 19, 9], [20, 4, 21, 3]]"
12a_1168_177,"[[20, 4, 21, 3], [22, 7, 23, 8], [24, 11, 1, 12], [2, 20, 3, 19], [4, 13, 5, 14], [6, 15, 7, 16], [8, 18, 9, 17], [10, 23, 11, 24], [12, 1, 13, 2], [14, 5, 15, 6], [16, 22, 17, 21], [18, 10, 19, 9]]"
12a_1168_178,"[[18, 10, 19, 9], [20, 4, 21, 3], [22, 7, 23, 8], [24, 11, 1, 12], [2, 20, 3, 19], [4, 13, 5, 14], [6, 15, 7, 16], [8, 18, 9, 17], [10, 23, 11, 24], [12, 1, 13, 2], [14, 5, 15, 6], [16, 22, 17, 21]]"
12a_1168_179,"[[16, 22, 17, 21], [18, 10, 19, 9], [20, 4, 21, 3], [22, 7, 23, 8], [24, 11, 1, 12], [2, 20, 3, 19], [4, 13, 5, 14], [6, 15, 7, 16], [8, 18, 9, 17], [10, 23, 11, 24], [12, 1, 13, 2], [14, 5, 15, 6]]"
12a_1168_180,"[[15, 6, 16, 7], [17, 23, 18, 22], [19, 11, 20, 10], [21, 5, 22, 4], [23, 8, 24, 9], [1, 12, 2, 13], [3, 21, 4, 20], [5, 14, 6, 15], [7, 16, 8, 17], [9, 19, 10, 18], [11, 24, 12, 1], [13, 2, 14, 3]]"
12a_1168_181,"[[13, 2, 14, 3], [15, 6, 16, 7], [17, 23, 18, 22], [19, 11, 20, 10], [21, 5, 22, 4], [23, 8, 24, 9], [1, 12, 2, 13], [3, 21, 4, 20], [5, 14, 6, 15], [7, 16, 8, 17], [9, 19, 10, 18], [11, 24, 12, 1]]"
12a_1168_182,"[[11, 24, 12, 1], [13, 2, 14, 3], [15, 6, 16, 7], [17, 23, 18, 22], [19, 11, 20, 10], [21, 5, 22, 4], [23, 8, 24, 9], [1, 12, 2, 13], [3, 21, 4, 20], [5, 14, 6, 15], [7, 16, 8, 17], [9, 19, 10, 18]]"
12a_1168_183,"[[9, 19, 10, 18], [11, 24, 12, 1], [13, 2, 14, 3], [15, 6, 16, 7], [17, 23, 18, 22], [19, 11, 20, 10], [21, 5, 22, 4], [23, 8, 24, 9], [1, 12, 2, 13], [3, 21, 4, 20], [5, 14, 6, 15], [7, 16, 8, 17]]"
12a_1168_184,"[[7, 16, 8, 17], [9, 19, 10, 18], [11, 24, 12, 1], [13, 2, 14, 3], [15, 6, 16, 7], [17, 23, 18, 22], [19, 11, 20, 10], [21, 5, 22, 4], [23, 8, 24, 9], [1, 12, 2, 13], [3, 21, 4, 20], [5, 14, 6, 15]]"
12a_1168_185,"[[5, 14, 6, 15], [7, 16, 8, 17], [9, 19, 10, 18], [11, 24, 12, 1], [13, 2, 14, 3], [15, 6, 16, 7], [17, 23, 18, 22], [19, 11, 20, 10], [21, 5, 22, 4], [23, 8, 24, 9], [1, 12, 2, 13], [3, 21, 4, 20]]"
