name,pd_notation
12a_0618_0,"[[24, 19, 1, 20], [2, 6, 3, 5], [4, 14, 5, 13], [6, 18, 7, 17], [8, 2, 9, 1], [10, 23, 11, 24], [12, 4, 13, 3], [14, 22, 15, 21], [16, 12, 17, 11], [18, 8, 19, 7], [20, 9, 21, 10], [22, 16, 23, 15]]"
12a_0618_1,"[[22, 16, 23, 15], [24, 19, 1, 20], [2, 6, 3, 5], [4, 14, 5, 13], [6, 18, 7, 17], [8, 2, 9, 1], [10, 23, 11, 24], [12, 4, 13, 3], [14, 22, 15, 21], [16, 12, 17, 11], [18, 8, 19, 7], [20, 9, 21, 10]]"
12a_0618_2,"[[20, 9, 21, 10], [22, 16, 23, 15], [24, 19, 1, 20], [2, 6, 3, 5], [4, 14, 5, 13], [6, 18, 7, 17], [8, 2, 9, 1], [10, 23, 11, 24], [12, 4, 13, 3], [14, 22, 15, 21], [16, 12, 17, 11], [18, 8, 19, 7]]"
12a_0618_3,"[[18, 8, 19, 7], [20, 9, 21, 10], [22, 16, 23, 15], [24, 19, 1, 20], [2, 6, 3, 5], [4, 14, 5, 13], [6, 18, 7, 17], [8, 2, 9, 1], [10, 23, 11, 24], [12, 4, 13, 3], [14, 22, 15, 21], [16, 12, 17, 11]]"
12a_0618_4,"[[16, 12, 17, 11], [18, 8, 19, 7], [20, 9, 21, 10], [22, 16, 23, 15], [24, 19, 1, 20], [2, 6, 3, 5], [4, 14, 5, 13], [6, 18, 7, 17], [8, 2, 9, 1], [10, 23, 11, 24], [12, 4, 13, 3], [14, 22, 15, 21]]"
12a_0618_5,"[[14, 22, 15, 21], [16, 12, 17, 11], [18, 8, 19, 7], [20, 9, 21, 10], [22, 16, 23, 15], [24, 19, 1, 20], [2, 6, 3, 5], [4, 14, 5, 13], [6, 18, 7, 17], [8, 2, 9, 1], [10, 23, 11, 24], [12, 4, 13, 3]]"
12a_0618_6,"[[12, 4, 13, 3], [14, 22, 15, 21], [16, 12, 17, 11], [18, 8, 19, 7], [20, 9, 21, 10], [22, 16, 23, 15], [24, 19, 1, 20], [2, 6, 3, 5], [4, 14, 5, 13], [6, 18, 7, 17], [8, 2, 9, 1], [10, 23, 11, 24]]"
12a_0618_7,"[[10, 23, 11, 24], [12, 4, 13, 3], [14, 22, 15, 21], [16, 12, 17, 11], [18, 8, 19, 7], [20, 9, 21, 10], [22, 16, 23, 15], [24, 19, 1, 20], [2, 6, 3, 5], [4, 14, 5, 13], [6, 18, 7, 17], [8, 2, 9, 1]]"
12a_0618_8,"[[8, 2, 9, 1], [10, 23, 11, 24], [12, 4, 13, 3], [14, 22, 15, 21], [16, 12, 17, 11], [18, 8, 19, 7], [20, 9, 21, 10], [22, 16, 23, 15], [24, 19, 1, 20], [2, 6, 3, 5], [4, 14, 5, 13], [6, 18, 7, 17]]"
12a_0618_9,"[[6, 18, 7, 17], [8, 2, 9, 1], [10, 23, 11, 24], [12, 4, 13, 3], [14, 22, 15, 21], [16, 12, 17, 11], [18, 8, 19, 7], [20, 9, 21, 10], [22, 16, 23, 15], [24, 19, 1, 20], [2, 6, 3, 5], [4, 14, 5, 13]]"
12a_0618_10,"[[4, 14, 5, 13], [6, 18, 7, 17], [8, 2, 9, 1], [10, 23, 11, 24], [12, 4, 13, 3], [14, 22, 15, 21], [16, 12, 17, 11], [18, 8, 19, 7], [20, 9, 21, 10], [22, 16, 23, 15], [24, 19, 1, 20], [2, 6, 3, 5]]"
12a_0618_11,"[[2, 6, 3, 5], [4, 14, 5, 13], [6, 18, 7, 17], [8, 2, 9, 1], [10, 23, 11, 24], [12, 4, 13, 3], [14, 22, 15, 21], [16, 12, 17, 11], [18, 8, 19, 7], [20, 9, 21, 10], [22, 16, 23, 15], [24, 19, 1, 20]]"
12a_0618_12,"[[1, 20, 2, 21], [3, 7, 4, 6], [5, 15, 6, 14], [7, 19, 8, 18], [9, 3, 10, 2], [11, 24, 12, 1], [13, 5, 14, 4], [15, 23, 16, 22], [17, 13, 18, 12], [19, 9, 20, 8], [21, 10, 22, 11], [23, 17, 24, 16]]"
12a_0618_13,"[[23, 17, 24, 16], [1, 20, 2, 21], [3, 7, 4, 6], [5, 15, 6, 14], [7, 19, 8, 18], [9, 3, 10, 2], [11, 24, 12, 1], [13, 5, 14, 4], [15, 23, 16, 22], [17, 13, 18, 12], [19, 9, 20, 8], [21, 10, 22, 11]]"
12a_0618_14,"[[21, 10, 22, 11], [23, 17, 24, 16], [1, 20, 2, 21], [3, 7, 4, 6], [5, 15, 6, 14], [7, 19, 8, 18], [9, 3, 10, 2], [11, 24, 12, 1], [13, 5, 14, 4], [15, 23, 16, 22], [17, 13, 18, 12], [19, 9, 20, 8]]"
12a_0618_15,"[[19, 9, 20, 8], [21, 10, 22, 11], [23, 17, 24, 16], [1, 20, 2, 21], [3, 7, 4, 6], [5, 15, 6, 14], [7, 19, 8, 18], [9, 3, 10, 2], [11, 24, 12, 1], [13, 5, 14, 4], [15, 23, 16, 22], [17, 13, 18, 12]]"
12a_0618_16,"[[17, 13, 18, 12], [19, 9, 20, 8], [21, 10, 22, 11], [23, 17, 24, 16], [1, 20, 2, 21], [3, 7, 4, 6], [5, 15, 6, 14], [7, 19, 8, 18], [9, 3, 10, 2], [11, 24, 12, 1], [13, 5, 14, 4], [15, 23, 16, 22]]"
12a_0618_17,"[[15, 23, 16, 22], [17, 13, 18, 12], [19, 9, 20, 8], [21, 10, 22, 11], [23, 17, 24, 16], [1, 20, 2, 21], [3, 7, 4, 6], [5, 15, 6, 14], [7, 19, 8, 18], [9, 3, 10, 2], [11, 24, 12, 1], [13, 5, 14, 4]]"
12a_0618_18,"[[13, 5, 14, 4], [15, 23, 16, 22], [17, 13, 18, 12], [19, 9, 20, 8], [21, 10, 22, 11], [23, 17, 24, 16], [1, 20, 2, 21], [3, 7, 4, 6], [5, 15, 6, 14], [7, 19, 8, 18], [9, 3, 10, 2], [11, 24, 12, 1]]"
12a_0618_19,"[[11, 24, 12, 1], [13, 5, 14, 4], [15, 23, 16, 22], [17, 13, 18, 12], [19, 9, 20, 8], [21, 10, 22, 11], [23, 17, 24, 16], [1, 20, 2, 21], [3, 7, 4, 6], [5, 15, 6, 14], [7, 19, 8, 18], [9, 3, 10, 2]]"
12a_0618_20,"[[9, 3, 10, 2], [11, 24, 12, 1], [13, 5, 14, 4], [15, 23, 16, 22], [17, 13, 18, 12], [19, 9, 20, 8], [21, 10, 22, 11], [23, 17, 24, 16], [1, 20, 2, 21], [3, 7, 4, 6], [5, 15, 6, 14], [7, 19, 8, 18]]"
12a_0618_21,"[[7, 19, 8, 18], [9, 3, 10, 2], [11, 24, 12, 1], [13, 5, 14, 4], [15, 23, 16, 22], [17, 13, 18, 12], [19, 9, 20, 8], [21, 10, 22, 11], [23, 17, 24, 16], [1, 20, 2, 21], [3, 7, 4, 6], [5, 15, 6, 14]]"
12a_0618_22,"[[5, 15, 6, 14], [7, 19, 8, 18], [9, 3, 10, 2], [11, 24, 12, 1], [13, 5, 14, 4], [15, 23, 16, 22], [17, 13, 18, 12], [19, 9, 20, 8], [21, 10, 22, 11], [23, 17, 24, 16], [1, 20, 2, 21], [3, 7, 4, 6]]"
12a_0618_23,"[[3, 7, 4, 6], [5, 15, 6, 14], [7, 19, 8, 18], [9, 3, 10, 2], [11, 24, 12, 1], [13, 5, 14, 4], [15, 23, 16, 22], [17, 13, 18, 12], [19, 9, 20, 8], [21, 10, 22, 11], [23, 17, 24, 16], [1, 20, 2, 21]]"
12a_0618_24,"[[2, 21, 3, 22], [4, 8, 5, 7], [6, 16, 7, 15], [8, 20, 9, 19], [10, 4, 11, 3], [12, 1, 13, 2], [14, 6, 15, 5], [16, 24, 17, 23], [18, 14, 19, 13], [20, 10, 21, 9], [22, 11, 23, 12], [24, 18, 1, 17]]"
12a_0618_25,"[[24, 18, 1, 17], [2, 21, 3, 22], [4, 8, 5, 7], [6, 16, 7, 15], [8, 20, 9, 19], [10, 4, 11, 3], [12, 1, 13, 2], [14, 6, 15, 5], [16, 24, 17, 23], [18, 14, 19, 13], [20, 10, 21, 9], [22, 11, 23, 12]]"
12a_0618_26,"[[22, 11, 23, 12], [24, 18, 1, 17], [2, 21, 3, 22], [4, 8, 5, 7], [6, 16, 7, 15], [8, 20, 9, 19], [10, 4, 11, 3], [12, 1, 13, 2], [14, 6, 15, 5], [16, 24, 17, 23], [18, 14, 19, 13], [20, 10, 21, 9]]"
12a_0618_27,"[[20, 10, 21, 9], [22, 11, 23, 12], [24, 18, 1, 17], [2, 21, 3, 22], [4, 8, 5, 7], [6, 16, 7, 15], [8, 20, 9, 19], [10, 4, 11, 3], [12, 1, 13, 2], [14, 6, 15, 5], [16, 24, 17, 23], [18, 14, 19, 13]]"
12a_0618_28,"[[18, 14, 19, 13], [20, 10, 21, 9], [22, 11, 23, 12], [24, 18, 1, 17], [2, 21, 3, 22], [4, 8, 5, 7], [6, 16, 7, 15], [8, 20, 9, 19], [10, 4, 11, 3], [12, 1, 13, 2], [14, 6, 15, 5], [16, 24, 17, 23]]"
12a_0618_29,"[[16, 24, 17, 23], [18, 14, 19, 13], [20, 10, 21, 9], [22, 11, 23, 12], [24, 18, 1, 17], [2, 21, 3, 22], [4, 8, 5, 7], [6, 16, 7, 15], [8, 20, 9, 19], [10, 4, 11, 3], [12, 1, 13, 2], [14, 6, 15, 5]]"
12a_0618_30,"[[14, 6, 15, 5], [16, 24, 17, 23], [18, 14, 19, 13], [20, 10, 21, 9], [22, 11, 23, 12], [24, 18, 1, 17], [2, 21, 3, 22], [4, 8, 5, 7], [6, 16, 7, 15], [8, 20, 9, 19], [10, 4, 11, 3], [12, 1, 13, 2]]"
12a_0618_31,"[[12, 1, 13, 2], [14, 6, 15, 5], [16, 24, 17, 23], [18, 14, 19, 13], [20, 10, 21, 9], [22, 11, 23, 12], [24, 18, 1, 17], [2, 21, 3, 22], [4, 8, 5, 7], [6, 16, 7, 15], [8, 20, 9, 19], [10, 4, 11, 3]]"
12a_0618_32,"[[10, 4, 11, 3], [12, 1, 13, 2], [14, 6, 15, 5], [16, 24, 17, 23], [18, 14, 19, 13], [20, 10, 21, 9], [22, 11, 23, 12], [24, 18, 1, 17], [2, 21, 3, 22], [4, 8, 5, 7], [6, 16, 7, 15], [8, 20, 9, 19]]"
12a_0618_33,"[[8, 20, 9, 19], [10, 4, 11, 3], [12, 1, 13, 2], [14, 6, 15, 5], [16, 24, 17, 23], [18, 14, 19, 13], [20, 10, 21, 9], [22, 11, 23, 12], [24, 18, 1, 17], [2, 21, 3, 22], [4, 8, 5, 7], [6, 16, 7, 15]]"
12a_0618_34,"[[6, 16, 7, 15], [8, 20, 9, 19], [10, 4, 11, 3], [12, 1, 13, 2], [14, 6, 15, 5], [16, 24, 17, 23], [18, 14, 19, 13], [20, 10, 21, 9], [22, 11, 23, 12], [24, 18, 1, 17], [2, 21, 3, 22], [4, 8, 5, 7]]"
12a_0618_35,"[[4, 8, 5, 7], [6, 16, 7, 15], [8, 20, 9, 19], [10, 4, 11, 3], [12, 1, 13, 2], [14, 6, 15, 5], [16, 24, 17, 23], [18, 14, 19, 13], [20, 10, 21, 9], [22, 11, 23, 12], [24, 18, 1, 17], [2, 21, 3, 22]]"
12a_0618_36,"[[3, 22, 4, 23], [5, 9, 6, 8], [7, 17, 8, 16], [9, 21, 10, 20], [11, 5, 12, 4], [13, 2, 14, 3], [15, 7, 16, 6], [17, 1, 18, 24], [19, 15, 20, 14], [21, 11, 22, 10], [23, 12, 24, 13], [1, 19, 2, 18]]"
12a_0618_37,"[[1, 19, 2, 18], [3, 22, 4, 23], [5, 9, 6, 8], [7, 17, 8, 16], [9, 21, 10, 20], [11, 5, 12, 4], [13, 2, 14, 3], [15, 7, 16, 6], [17, 1, 18, 24], [19, 15, 20, 14], [21, 11, 22, 10], [23, 12, 24, 13]]"
12a_0618_38,"[[23, 12, 24, 13], [1, 19, 2, 18], [3, 22, 4, 23], [5, 9, 6, 8], [7, 17, 8, 16], [9, 21, 10, 20], [11, 5, 12, 4], [13, 2, 14, 3], [15, 7, 16, 6], [17, 1, 18, 24], [19, 15, 20, 14], [21, 11, 22, 10]]"
12a_0618_39,"[[21, 11, 22, 10], [23, 12, 24, 13], [1, 19, 2, 18], [3, 22, 4, 23], [5, 9, 6, 8], [7, 17, 8, 16], [9, 21, 10, 20], [11, 5, 12, 4], [13, 2, 14, 3], [15, 7, 16, 6], [17, 1, 18, 24], [19, 15, 20, 14]]"
12a_0618_40,"[[19, 15, 20, 14], [21, 11, 22, 10], [23, 12, 24, 13], [1, 19, 2, 18], [3, 22, 4, 23], [5, 9, 6, 8], [7, 17, 8, 16], [9, 21, 10, 20], [11, 5, 12, 4], [13, 2, 14, 3], [15, 7, 16, 6], [17, 1, 18, 24]]"
12a_0618_41,"[[17, 1, 18, 24], [19, 15, 20, 14], [21, 11, 22, 10], [23, 12, 24, 13], [1, 19, 2, 18], [3, 22, 4, 23], [5, 9, 6, 8], [7, 17, 8, 16], [9, 21, 10, 20], [11, 5, 12, 4], [13, 2, 14, 3], [15, 7, 16, 6]]"
12a_0618_42,"[[15, 7, 16, 6], [17, 1, 18, 24], [19, 15, 20, 14], [21, 11, 22, 10], [23, 12, 24, 13], [1, 19, 2, 18], [3, 22, 4, 23], [5, 9, 6, 8], [7, 17, 8, 16], [9, 21, 10, 20], [11, 5, 12, 4], [13, 2, 14, 3]]"
12a_0618_43,"[[13, 2, 14, 3], [15, 7, 16, 6], [17, 1, 18, 24], [19, 15, 20, 14], [21, 11, 22, 10], [23, 12, 24, 13], [1, 19, 2, 18], [3, 22, 4, 23], [5, 9, 6, 8], [7, 17, 8, 16], [9, 21, 10, 20], [11, 5, 12, 4]]"
12a_0618_44,"[[11, 5, 12, 4], [13, 2, 14, 3], [15, 7, 16, 6], [17, 1, 18, 24], [19, 15, 20, 14], [21, 11, 22, 10], [23, 12, 24, 13], [1, 19, 2, 18], [3, 22, 4, 23], [5, 9, 6, 8], [7, 17, 8, 16], [9, 21, 10, 20]]"
12a_0618_45,"[[9, 21, 10, 20], [11, 5, 12, 4], [13, 2, 14, 3], [15, 7, 16, 6], [17, 1, 18, 24], [19, 15, 20, 14], [21, 11, 22, 10], [23, 12, 24, 13], [1, 19, 2, 18], [3, 22, 4, 23], [5, 9, 6, 8], [7, 17, 8, 16]]"
12a_0618_46,"[[7, 17, 8, 16], [9, 21, 10, 20], [11, 5, 12, 4], [13, 2, 14, 3], [15, 7, 16, 6], [17, 1, 18, 24], [19, 15, 20, 14], [21, 11, 22, 10], [23, 12, 24, 13], [1, 19, 2, 18], [3, 22, 4, 23], [5, 9, 6, 8]]"
12a_0618_47,"[[5, 9, 6, 8], [7, 17, 8, 16], [9, 21, 10, 20], [11, 5, 12, 4], [13, 2, 14, 3], [15, 7, 16, 6], [17, 1, 18, 24], [19, 15, 20, 14], [21, 11, 22, 10], [23, 12, 24, 13], [1, 19, 2, 18], [3, 22, 4, 23]]"
12a_0618_48,"[[4, 23, 5, 24], [6, 10, 7, 9], [8, 18, 9, 17], [10, 22, 11, 21], [12, 6, 13, 5], [14, 3, 15, 4], [16, 8, 17, 7], [18, 2, 19, 1], [20, 16, 21, 15], [22, 12, 23, 11], [24, 13, 1, 14], [2, 20, 3, 19]]"
12a_0618_49,"[[2, 20, 3, 19], [4, 23, 5, 24], [6, 10, 7, 9], [8, 18, 9, 17], [10, 22, 11, 21], [12, 6, 13, 5], [14, 3, 15, 4], [16, 8, 17, 7], [18, 2, 19, 1], [20, 16, 21, 15], [22, 12, 23, 11], [24, 13, 1, 14]]"
12a_0618_50,"[[24, 13, 1, 14], [2, 20, 3, 19], [4, 23, 5, 24], [6, 10, 7, 9], [8, 18, 9, 17], [10, 22, 11, 21], [12, 6, 13, 5], [14, 3, 15, 4], [16, 8, 17, 7], [18, 2, 19, 1], [20, 16, 21, 15], [22, 12, 23, 11]]"
12a_0618_51,"[[22, 12, 23, 11], [24, 13, 1, 14], [2, 20, 3, 19], [4, 23, 5, 24], [6, 10, 7, 9], [8, 18, 9, 17], [10, 22, 11, 21], [12, 6, 13, 5], [14, 3, 15, 4], [16, 8, 17, 7], [18, 2, 19, 1], [20, 16, 21, 15]]"
12a_0618_52,"[[20, 16, 21, 15], [22, 12, 23, 11], [24, 13, 1, 14], [2, 20, 3, 19], [4, 23, 5, 24], [6, 10, 7, 9], [8, 18, 9, 17], [10, 22, 11, 21], [12, 6, 13, 5], [14, 3, 15, 4], [16, 8, 17, 7], [18, 2, 19, 1]]"
12a_0618_53,"[[18, 2, 19, 1], [20, 16, 21, 15], [22, 12, 23, 11], [24, 13, 1, 14], [2, 20, 3, 19], [4, 23, 5, 24], [6, 10, 7, 9], [8, 18, 9, 17], [10, 22, 11, 21], [12, 6, 13, 5], [14, 3, 15, 4], [16, 8, 17, 7]]"
12a_0618_54,"[[16, 8, 17, 7], [18, 2, 19, 1], [20, 16, 21, 15], [22, 12, 23, 11], [24, 13, 1, 14], [2, 20, 3, 19], [4, 23, 5, 24], [6, 10, 7, 9], [8, 18, 9, 17], [10, 22, 11, 21], [12, 6, 13, 5], [14, 3, 15, 4]]"
12a_0618_55,"[[14, 3, 15, 4], [16, 8, 17, 7], [18, 2, 19, 1], [20, 16, 21, 15], [22, 12, 23, 11], [24, 13, 1, 14], [2, 20, 3, 19], [4, 23, 5, 24], [6, 10, 7, 9], [8, 18, 9, 17], [10, 22, 11, 21], [12, 6, 13, 5]]"
12a_0618_56,"[[12, 6, 13, 5], [14, 3, 15, 4], [16, 8, 17, 7], [18, 2, 19, 1], [20, 16, 21, 15], [22, 12, 23, 11], [24, 13, 1, 14], [2, 20, 3, 19], [4, 23, 5, 24], [6, 10, 7, 9], [8, 18, 9, 17], [10, 22, 11, 21]]"
12a_0618_57,"[[10, 22, 11, 21], [12, 6, 13, 5], [14, 3, 15, 4], [16, 8, 17, 7], [18, 2, 19, 1], [20, 16, 21, 15], [22, 12, 23, 11], [24, 13, 1, 14], [2, 20, 3, 19], [4, 23, 5, 24], [6, 10, 7, 9], [8, 18, 9, 17]]"
12a_0618_58,"[[8, 18, 9, 17], [10, 22, 11, 21], [12, 6, 13, 5], [14, 3, 15, 4], [16, 8, 17, 7], [18, 2, 19, 1], [20, 16, 21, 15], [22, 12, 23, 11], [24, 13, 1, 14], [2, 20, 3, 19], [4, 23, 5, 24], [6, 10, 7, 9]]"
12a_0618_59,"[[6, 10, 7, 9], [8, 18, 9, 17], [10, 22, 11, 21], [12, 6, 13, 5], [14, 3, 15, 4], [16, 8, 17, 7], [18, 2, 19, 1], [20, 16, 21, 15], [22, 12, 23, 11], [24, 13, 1, 14], [2, 20, 3, 19], [4, 23, 5, 24]]"
12a_0618_60,"[[5, 24, 6, 1], [7, 11, 8, 10], [9, 19, 10, 18], [11, 23, 12, 22], [13, 7, 14, 6], [15, 4, 16, 5], [17, 9, 18, 8], [19, 3, 20, 2], [21, 17, 22, 16], [23, 13, 24, 12], [1, 14, 2, 15], [3, 21, 4, 20]]"
12a_0618_61,"[[3, 21, 4, 20], [5, 24, 6, 1], [7, 11, 8, 10], [9, 19, 10, 18], [11, 23, 12, 22], [13, 7, 14, 6], [15, 4, 16, 5], [17, 9, 18, 8], [19, 3, 20, 2], [21, 17, 22, 16], [23, 13, 24, 12], [1, 14, 2, 15]]"
12a_0618_62,"[[1, 14, 2, 15], [3, 21, 4, 20], [5, 24, 6, 1], [7, 11, 8, 10], [9, 19, 10, 18], [11, 23, 12, 22], [13, 7, 14, 6], [15, 4, 16, 5], [17, 9, 18, 8], [19, 3, 20, 2], [21, 17, 22, 16], [23, 13, 24, 12]]"
12a_0618_63,"[[23, 13, 24, 12], [1, 14, 2, 15], [3, 21, 4, 20], [5, 24, 6, 1], [7, 11, 8, 10], [9, 19, 10, 18], [11, 23, 12, 22], [13, 7, 14, 6], [15, 4, 16, 5], [17, 9, 18, 8], [19, 3, 20, 2], [21, 17, 22, 16]]"
12a_0618_64,"[[21, 17, 22, 16], [23, 13, 24, 12], [1, 14, 2, 15], [3, 21, 4, 20], [5, 24, 6, 1], [7, 11, 8, 10], [9, 19, 10, 18], [11, 23, 12, 22], [13, 7, 14, 6], [15, 4, 16, 5], [17, 9, 18, 8], [19, 3, 20, 2]]"
12a_0618_65,"[[19, 3, 20, 2], [21, 17, 22, 16], [23, 13, 24, 12], [1, 14, 2, 15], [3, 21, 4, 20], [5, 24, 6, 1], [7, 11, 8, 10], [9, 19, 10, 18], [11, 23, 12, 22], [13, 7, 14, 6], [15, 4, 16, 5], [17, 9, 18, 8]]"
12a_0618_66,"[[17, 9, 18, 8], [19, 3, 20, 2], [21, 17, 22, 16], [23, 13, 24, 12], [1, 14, 2, 15], [3, 21, 4, 20], [5, 24, 6, 1], [7, 11, 8, 10], [9, 19, 10, 18], [11, 23, 12, 22], [13, 7, 14, 6], [15, 4, 16, 5]]"
12a_0618_67,"[[15, 4, 16, 5], [17, 9, 18, 8], [19, 3, 20, 2], [21, 17, 22, 16], [23, 13, 24, 12], [1, 14, 2, 15], [3, 21, 4, 20], [5, 24, 6, 1], [7, 11, 8, 10], [9, 19, 10, 18], [11, 23, 12, 22], [13, 7, 14, 6]]"
12a_0618_68,"[[13, 7, 14, 6], [15, 4, 16, 5], [17, 9, 18, 8], [19, 3, 20, 2], [21, 17, 22, 16], [23, 13, 24, 12], [1, 14, 2, 15], [3, 21, 4, 20], [5, 24, 6, 1], [7, 11, 8, 10], [9, 19, 10, 18], [11, 23, 12, 22]]"
12a_0618_69,"[[11, 23, 12, 22], [13, 7, 14, 6], [15, 4, 16, 5], [17, 9, 18, 8], [19, 3, 20, 2], [21, 17, 22, 16], [23, 13, 24, 12], [1, 14, 2, 15], [3, 21, 4, 20], [5, 24, 6, 1], [7, 11, 8, 10], [9, 19, 10, 18]]"
12a_0618_70,"[[9, 19, 10, 18], [11, 23, 12, 22], [13, 7, 14, 6], [15, 4, 16, 5], [17, 9, 18, 8], [19, 3, 20, 2], [21, 17, 22, 16], [23, 13, 24, 12], [1, 14, 2, 15], [3, 21, 4, 20], [5, 24, 6, 1], [7, 11, 8, 10]]"
12a_0618_71,"[[7, 11, 8, 10], [9, 19, 10, 18], [11, 23, 12, 22], [13, 7, 14, 6], [15, 4, 16, 5], [17, 9, 18, 8], [19, 3, 20, 2], [21, 17, 22, 16], [23, 13, 24, 12], [1, 14, 2, 15], [3, 21, 4, 20], [5, 24, 6, 1]]"
12a_0618_72,"[[6, 1, 7, 2], [8, 12, 9, 11], [10, 20, 11, 19], [12, 24, 13, 23], [14, 8, 15, 7], [16, 5, 17, 6], [18, 10, 19, 9], [20, 4, 21, 3], [22, 18, 23, 17], [24, 14, 1, 13], [2, 15, 3, 16], [4, 22, 5, 21]]"
12a_0618_73,"[[4, 22, 5, 21], [6, 1, 7, 2], [8, 12, 9, 11], [10, 20, 11, 19], [12, 24, 13, 23], [14, 8, 15, 7], [16, 5, 17, 6], [18, 10, 19, 9], [20, 4, 21, 3], [22, 18, 23, 17], [24, 14, 1, 13], [2, 15, 3, 16]]"
12a_0618_74,"[[2, 15, 3, 16], [4, 22, 5, 21], [6, 1, 7, 2], [8, 12, 9, 11], [10, 20, 11, 19], [12, 24, 13, 23], [14, 8, 15, 7], [16, 5, 17, 6], [18, 10, 19, 9], [20, 4, 21, 3], [22, 18, 23, 17], [24, 14, 1, 13]]"
12a_0618_75,"[[24, 14, 1, 13], [2, 15, 3, 16], [4, 22, 5, 21], [6, 1, 7, 2], [8, 12, 9, 11], [10, 20, 11, 19], [12, 24, 13, 23], [14, 8, 15, 7], [16, 5, 17, 6], [18, 10, 19, 9], [20, 4, 21, 3], [22, 18, 23, 17]]"
12a_0618_76,"[[22, 18, 23, 17], [24, 14, 1, 13], [2, 15, 3, 16], [4, 22, 5, 21], [6, 1, 7, 2], [8, 12, 9, 11], [10, 20, 11, 19], [12, 24, 13, 23], [14, 8, 15, 7], [16, 5, 17, 6], [18, 10, 19, 9], [20, 4, 21, 3]]"
12a_0618_77,"[[20, 4, 21, 3], [22, 18, 23, 17], [24, 14, 1, 13], [2, 15, 3, 16], [4, 22, 5, 21], [6, 1, 7, 2], [8, 12, 9, 11], [10, 20, 11, 19], [12, 24, 13, 23], [14, 8, 15, 7], [16, 5, 17, 6], [18, 10, 19, 9]]"
12a_0618_78,"[[18, 10, 19, 9], [20, 4, 21, 3], [22, 18, 23, 17], [24, 14, 1, 13], [2, 15, 3, 16], [4, 22, 5, 21], [6, 1, 7, 2], [8, 12, 9, 11], [10, 20, 11, 19], [12, 24, 13, 23], [14, 8, 15, 7], [16, 5, 17, 6]]"
12a_0618_79,"[[16, 5, 17, 6], [18, 10, 19, 9], [20, 4, 21, 3], [22, 18, 23, 17], [24, 14, 1, 13], [2, 15, 3, 16], [4, 22, 5, 21], [6, 1, 7, 2], [8, 12, 9, 11], [10, 20, 11, 19], [12, 24, 13, 23], [14, 8, 15, 7]]"
12a_0618_80,"[[14, 8, 15, 7], [16, 5, 17, 6], [18, 10, 19, 9], [20, 4, 21, 3], [22, 18, 23, 17], [24, 14, 1, 13], [2, 15, 3, 16], [4, 22, 5, 21], [6, 1, 7, 2], [8, 12, 9, 11], [10, 20, 11, 19], [12, 24, 13, 23]]"
12a_0618_81,"[[12, 24, 13, 23], [14, 8, 15, 7], [16, 5, 17, 6], [18, 10, 19, 9], [20, 4, 21, 3], [22, 18, 23, 17], [24, 14, 1, 13], [2, 15, 3, 16], [4, 22, 5, 21], [6, 1, 7, 2], [8, 12, 9, 11], [10, 20, 11, 19]]"
12a_0618_82,"[[10, 20, 11, 19], [12, 24, 13, 23], [14, 8, 15, 7], [16, 5, 17, 6], [18, 10, 19, 9], [20, 4, 21, 3], [22, 18, 23, 17], [24, 14, 1, 13], [2, 15, 3, 16], [4, 22, 5, 21], [6, 1, 7, 2], [8, 12, 9, 11]]"
12a_0618_83,"[[8, 12, 9, 11], [10, 20, 11, 19], [12, 24, 13, 23], [14, 8, 15, 7], [16, 5, 17, 6], [18, 10, 19, 9], [20, 4, 21, 3], [22, 18, 23, 17], [24, 14, 1, 13], [2, 15, 3, 16], [4, 22, 5, 21], [6, 1, 7, 2]]"
12a_0618_84,"[[7, 2, 8, 3], [9, 13, 10, 12], [11, 21, 12, 20], [13, 1, 14, 24], [15, 9, 16, 8], [17, 6, 18, 7], [19, 11, 20, 10], [21, 5, 22, 4], [23, 19, 24, 18], [1, 15, 2, 14], [3, 16, 4, 17], [5, 23, 6, 22]]"
12a_0618_85,"[[5, 23, 6, 22], [7, 2, 8, 3], [9, 13, 10, 12], [11, 21, 12, 20], [13, 1, 14, 24], [15, 9, 16, 8], [17, 6, 18, 7], [19, 11, 20, 10], [21, 5, 22, 4], [23, 19, 24, 18], [1, 15, 2, 14], [3, 16, 4, 17]]"
12a_0618_86,"[[3, 16, 4, 17], [5, 23, 6, 22], [7, 2, 8, 3], [9, 13, 10, 12], [11, 21, 12, 20], [13, 1, 14, 24], [15, 9, 16, 8], [17, 6, 18, 7], [19, 11, 20, 10], [21, 5, 22, 4], [23, 19, 24, 18], [1, 15, 2, 14]]"
12a_0618_87,"[[1, 15, 2, 14], [3, 16, 4, 17], [5, 23, 6, 22], [7, 2, 8, 3], [9, 13, 10, 12], [11, 21, 12, 20], [13, 1, 14, 24], [15, 9, 16, 8], [17, 6, 18, 7], [19, 11, 20, 10], [21, 5, 22, 4], [23, 19, 24, 18]]"
12a_0618_88,"[[23, 19, 24, 18], [1, 15, 2, 14], [3, 16, 4, 17], [5, 23, 6, 22], [7, 2, 8, 3], [9, 13, 10, 12], [11, 21, 12, 20], [13, 1, 14, 24], [15, 9, 16, 8], [17, 6, 18, 7], [19, 11, 20, 10], [21, 5, 22, 4]]"
12a_0618_89,"[[21, 5, 22, 4], [23, 19, 24, 18], [1, 15, 2, 14], [3, 16, 4, 17], [5, 23, 6, 22], [7, 2, 8, 3], [9, 13, 10, 12], [11, 21, 12, 20], [13, 1, 14, 24], [15, 9, 16, 8], [17, 6, 18, 7], [19, 11, 20, 10]]"
12a_0618_90,"[[19, 11, 20, 10], [21, 5, 22, 4], [23, 19, 24, 18], [1, 15, 2, 14], [3, 16, 4, 17], [5, 23, 6, 22], [7, 2, 8, 3], [9, 13, 10, 12], [11, 21, 12, 20], [13, 1, 14, 24], [15, 9, 16, 8], [17, 6, 18, 7]]"
12a_0618_91,"[[17, 6, 18, 7], [19, 11, 20, 10], [21, 5, 22, 4], [23, 19, 24, 18], [1, 15, 2, 14], [3, 16, 4, 17], [5, 23, 6, 22], [7, 2, 8, 3], [9, 13, 10, 12], [11, 21, 12, 20], [13, 1, 14, 24], [15, 9, 16, 8]]"
12a_0618_92,"[[15, 9, 16, 8], [17, 6, 18, 7], [19, 11, 20, 10], [21, 5, 22, 4], [23, 19, 24, 18], [1, 15, 2, 14], [3, 16, 4, 17], [5, 23, 6, 22], [7, 2, 8, 3], [9, 13, 10, 12], [11, 21, 12, 20], [13, 1, 14, 24]]"
12a_0618_93,"[[13, 1, 14, 24], [15, 9, 16, 8], [17, 6, 18, 7], [19, 11, 20, 10], [21, 5, 22, 4], [23, 19, 24, 18], [1, 15, 2, 14], [3, 16, 4, 17], [5, 23, 6, 22], [7, 2, 8, 3], [9, 13, 10, 12], [11, 21, 12, 20]]"
12a_0618_94,"[[11, 21, 12, 20], [13, 1, 14, 24], [15, 9, 16, 8], [17, 6, 18, 7], [19, 11, 20, 10], [21, 5, 22, 4], [23, 19, 24, 18], [1, 15, 2, 14], [3, 16, 4, 17], [5, 23, 6, 22], [7, 2, 8, 3], [9, 13, 10, 12]]"
12a_0618_95,"[[9, 13, 10, 12], [11, 21, 12, 20], [13, 1, 14, 24], [15, 9, 16, 8], [17, 6, 18, 7], [19, 11, 20, 10], [21, 5, 22, 4], [23, 19, 24, 18], [1, 15, 2, 14], [3, 16, 4, 17], [5, 23, 6, 22], [7, 2, 8, 3]]"
12a_0618_96,"[[8, 3, 9, 4], [10, 14, 11, 13], [12, 22, 13, 21], [14, 2, 15, 1], [16, 10, 17, 9], [18, 7, 19, 8], [20, 12, 21, 11], [22, 6, 23, 5], [24, 20, 1, 19], [2, 16, 3, 15], [4, 17, 5, 18], [6, 24, 7, 23]]"
12a_0618_97,"[[6, 24, 7, 23], [8, 3, 9, 4], [10, 14, 11, 13], [12, 22, 13, 21], [14, 2, 15, 1], [16, 10, 17, 9], [18, 7, 19, 8], [20, 12, 21, 11], [22, 6, 23, 5], [24, 20, 1, 19], [2, 16, 3, 15], [4, 17, 5, 18]]"
12a_0618_98,"[[4, 17, 5, 18], [6, 24, 7, 23], [8, 3, 9, 4], [10, 14, 11, 13], [12, 22, 13, 21], [14, 2, 15, 1], [16, 10, 17, 9], [18, 7, 19, 8], [20, 12, 21, 11], [22, 6, 23, 5], [24, 20, 1, 19], [2, 16, 3, 15]]"
12a_0618_99,"[[2, 16, 3, 15], [4, 17, 5, 18], [6, 24, 7, 23], [8, 3, 9, 4], [10, 14, 11, 13], [12, 22, 13, 21], [14, 2, 15, 1], [16, 10, 17, 9], [18, 7, 19, 8], [20, 12, 21, 11], [22, 6, 23, 5], [24, 20, 1, 19]]"
12a_0618_100,"[[24, 20, 1, 19], [2, 16, 3, 15], [4, 17, 5, 18], [6, 24, 7, 23], [8, 3, 9, 4], [10, 14, 11, 13], [12, 22, 13, 21], [14, 2, 15, 1], [16, 10, 17, 9], [18, 7, 19, 8], [20, 12, 21, 11], [22, 6, 23, 5]]"
12a_0618_101,"[[22, 6, 23, 5], [24, 20, 1, 19], [2, 16, 3, 15], [4, 17, 5, 18], [6, 24, 7, 23], [8, 3, 9, 4], [10, 14, 11, 13], [12, 22, 13, 21], [14, 2, 15, 1], [16, 10, 17, 9], [18, 7, 19, 8], [20, 12, 21, 11]]"
12a_0618_102,"[[20, 12, 21, 11], [22, 6, 23, 5], [24, 20, 1, 19], [2, 16, 3, 15], [4, 17, 5, 18], [6, 24, 7, 23], [8, 3, 9, 4], [10, 14, 11, 13], [12, 22, 13, 21], [14, 2, 15, 1], [16, 10, 17, 9], [18, 7, 19, 8]]"
12a_0618_103,"[[18, 7, 19, 8], [20, 12, 21, 11], [22, 6, 23, 5], [24, 20, 1, 19], [2, 16, 3, 15], [4, 17, 5, 18], [6, 24, 7, 23], [8, 3, 9, 4], [10, 14, 11, 13], [12, 22, 13, 21], [14, 2, 15, 1], [16, 10, 17, 9]]"
12a_0618_104,"[[16, 10, 17, 9], [18, 7, 19, 8], [20, 12, 21, 11], [22, 6, 23, 5], [24, 20, 1, 19], [2, 16, 3, 15], [4, 17, 5, 18], [6, 24, 7, 23], [8, 3, 9, 4], [10, 14, 11, 13], [12, 22, 13, 21], [14, 2, 15, 1]]"
12a_0618_105,"[[14, 2, 15, 1], [16, 10, 17, 9], [18, 7, 19, 8], [20, 12, 21, 11], [22, 6, 23, 5], [24, 20, 1, 19], [2, 16, 3, 15], [4, 17, 5, 18], [6, 24, 7, 23], [8, 3, 9, 4], [10, 14, 11, 13], [12, 22, 13, 21]]"
12a_0618_106,"[[12, 22, 13, 21], [14, 2, 15, 1], [16, 10, 17, 9], [18, 7, 19, 8], [20, 12, 21, 11], [22, 6, 23, 5], [24, 20, 1, 19], [2, 16, 3, 15], [4, 17, 5, 18], [6, 24, 7, 23], [8, 3, 9, 4], [10, 14, 11, 13]]"
12a_0618_107,"[[10, 14, 11, 13], [12, 22, 13, 21], [14, 2, 15, 1], [16, 10, 17, 9], [18, 7, 19, 8], [20, 12, 21, 11], [22, 6, 23, 5], [24, 20, 1, 19], [2, 16, 3, 15], [4, 17, 5, 18], [6, 24, 7, 23], [8, 3, 9, 4]]"
12a_0618_108,"[[9, 4, 10, 5], [11, 15, 12, 14], [13, 23, 14, 22], [15, 3, 16, 2], [17, 11, 18, 10], [19, 8, 20, 9], [21, 13, 22, 12], [23, 7, 24, 6], [1, 21, 2, 20], [3, 17, 4, 16], [5, 18, 6, 19], [7, 1, 8, 24]]"
12a_0618_109,"[[7, 1, 8, 24], [9, 4, 10, 5], [11, 15, 12, 14], [13, 23, 14, 22], [15, 3, 16, 2], [17, 11, 18, 10], [19, 8, 20, 9], [21, 13, 22, 12], [23, 7, 24, 6], [1, 21, 2, 20], [3, 17, 4, 16], [5, 18, 6, 19]]"
12a_0618_110,"[[5, 18, 6, 19], [7, 1, 8, 24], [9, 4, 10, 5], [11, 15, 12, 14], [13, 23, 14, 22], [15, 3, 16, 2], [17, 11, 18, 10], [19, 8, 20, 9], [21, 13, 22, 12], [23, 7, 24, 6], [1, 21, 2, 20], [3, 17, 4, 16]]"
12a_0618_111,"[[3, 17, 4, 16], [5, 18, 6, 19], [7, 1, 8, 24], [9, 4, 10, 5], [11, 15, 12, 14], [13, 23, 14, 22], [15, 3, 16, 2], [17, 11, 18, 10], [19, 8, 20, 9], [21, 13, 22, 12], [23, 7, 24, 6], [1, 21, 2, 20]]"
12a_0618_112,"[[1, 21, 2, 20], [3, 17, 4, 16], [5, 18, 6, 19], [7, 1, 8, 24], [9, 4, 10, 5], [11, 15, 12, 14], [13, 23, 14, 22], [15, 3, 16, 2], [17, 11, 18, 10], [19, 8, 20, 9], [21, 13, 22, 12], [23, 7, 24, 6]]"
12a_0618_113,"[[23, 7, 24, 6], [1, 21, 2, 20], [3, 17, 4, 16], [5, 18, 6, 19], [7, 1, 8, 24], [9, 4, 10, 5], [11, 15, 12, 14], [13, 23, 14, 22], [15, 3, 16, 2], [17, 11, 18, 10], [19, 8, 20, 9], [21, 13, 22, 12]]"
12a_0618_114,"[[21, 13, 22, 12], [23, 7, 24, 6], [1, 21, 2, 20], [3, 17, 4, 16], [5, 18, 6, 19], [7, 1, 8, 24], [9, 4, 10, 5], [11, 15, 12, 14], [13, 23, 14, 22], [15, 3, 16, 2], [17, 11, 18, 10], [19, 8, 20, 9]]"
12a_0618_115,"[[19, 8, 20, 9], [21, 13, 22, 12], [23, 7, 24, 6], [1, 21, 2, 20], [3, 17, 4, 16], [5, 18, 6, 19], [7, 1, 8, 24], [9, 4, 10, 5], [11, 15, 12, 14], [13, 23, 14, 22], [15, 3, 16, 2], [17, 11, 18, 10]]"
12a_0618_116,"[[17, 11, 18, 10], [19, 8, 20, 9], [21, 13, 22, 12], [23, 7, 24, 6], [1, 21, 2, 20], [3, 17, 4, 16], [5, 18, 6, 19], [7, 1, 8, 24], [9, 4, 10, 5], [11, 15, 12, 14], [13, 23, 14, 22], [15, 3, 16, 2]]"
12a_0618_117,"[[15, 3, 16, 2], [17, 11, 18, 10], [19, 8, 20, 9], [21, 13, 22, 12], [23, 7, 24, 6], [1, 21, 2, 20], [3, 17, 4, 16], [5, 18, 6, 19], [7, 1, 8, 24], [9, 4, 10, 5], [11, 15, 12, 14], [13, 23, 14, 22]]"
12a_0618_118,"[[13, 23, 14, 22], [15, 3, 16, 2], [17, 11, 18, 10], [19, 8, 20, 9], [21, 13, 22, 12], [23, 7, 24, 6], [1, 21, 2, 20], [3, 17, 4, 16], [5, 18, 6, 19], [7, 1, 8, 24], [9, 4, 10, 5], [11, 15, 12, 14]]"
12a_0618_119,"[[11, 15, 12, 14], [13, 23, 14, 22], [15, 3, 16, 2], [17, 11, 18, 10], [19, 8, 20, 9], [21, 13, 22, 12], [23, 7, 24, 6], [1, 21, 2, 20], [3, 17, 4, 16], [5, 18, 6, 19], [7, 1, 8, 24], [9, 4, 10, 5]]"
12a_0618_120,"[[10, 5, 11, 6], [12, 16, 13, 15], [14, 24, 15, 23], [16, 4, 17, 3], [18, 12, 19, 11], [20, 9, 21, 10], [22, 14, 23, 13], [24, 8, 1, 7], [2, 22, 3, 21], [4, 18, 5, 17], [6, 19, 7, 20], [8, 2, 9, 1]]"
12a_0618_121,"[[8, 2, 9, 1], [10, 5, 11, 6], [12, 16, 13, 15], [14, 24, 15, 23], [16, 4, 17, 3], [18, 12, 19, 11], [20, 9, 21, 10], [22, 14, 23, 13], [24, 8, 1, 7], [2, 22, 3, 21], [4, 18, 5, 17], [6, 19, 7, 20]]"
12a_0618_122,"[[6, 19, 7, 20], [8, 2, 9, 1], [10, 5, 11, 6], [12, 16, 13, 15], [14, 24, 15, 23], [16, 4, 17, 3], [18, 12, 19, 11], [20, 9, 21, 10], [22, 14, 23, 13], [24, 8, 1, 7], [2, 22, 3, 21], [4, 18, 5, 17]]"
12a_0618_123,"[[4, 18, 5, 17], [6, 19, 7, 20], [8, 2, 9, 1], [10, 5, 11, 6], [12, 16, 13, 15], [14, 24, 15, 23], [16, 4, 17, 3], [18, 12, 19, 11], [20, 9, 21, 10], [22, 14, 23, 13], [24, 8, 1, 7], [2, 22, 3, 21]]"
12a_0618_124,"[[2, 22, 3, 21], [4, 18, 5, 17], [6, 19, 7, 20], [8, 2, 9, 1], [10, 5, 11, 6], [12, 16, 13, 15], [14, 24, 15, 23], [16, 4, 17, 3], [18, 12, 19, 11], [20, 9, 21, 10], [22, 14, 23, 13], [24, 8, 1, 7]]"
12a_0618_125,"[[24, 8, 1, 7], [2, 22, 3, 21], [4, 18, 5, 17], [6, 19, 7, 20], [8, 2, 9, 1], [10, 5, 11, 6], [12, 16, 13, 15], [14, 24, 15, 23], [16, 4, 17, 3], [18, 12, 19, 11], [20, 9, 21, 10], [22, 14, 23, 13]]"
12a_0618_126,"[[22, 14, 23, 13], [24, 8, 1, 7], [2, 22, 3, 21], [4, 18, 5, 17], [6, 19, 7, 20], [8, 2, 9, 1], [10, 5, 11, 6], [12, 16, 13, 15], [14, 24, 15, 23], [16, 4, 17, 3], [18, 12, 19, 11], [20, 9, 21, 10]]"
12a_0618_127,"[[20, 9, 21, 10], [22, 14, 23, 13], [24, 8, 1, 7], [2, 22, 3, 21], [4, 18, 5, 17], [6, 19, 7, 20], [8, 2, 9, 1], [10, 5, 11, 6], [12, 16, 13, 15], [14, 24, 15, 23], [16, 4, 17, 3], [18, 12, 19, 11]]"
12a_0618_128,"[[18, 12, 19, 11], [20, 9, 21, 10], [22, 14, 23, 13], [24, 8, 1, 7], [2, 22, 3, 21], [4, 18, 5, 17], [6, 19, 7, 20], [8, 2, 9, 1], [10, 5, 11, 6], [12, 16, 13, 15], [14, 24, 15, 23], [16, 4, 17, 3]]"
12a_0618_129,"[[16, 4, 17, 3], [18, 12, 19, 11], [20, 9, 21, 10], [22, 14, 23, 13], [24, 8, 1, 7], [2, 22, 3, 21], [4, 18, 5, 17], [6, 19, 7, 20], [8, 2, 9, 1], [10, 5, 11, 6], [12, 16, 13, 15], [14, 24, 15, 23]]"
12a_0618_130,"[[14, 24, 15, 23], [16, 4, 17, 3], [18, 12, 19, 11], [20, 9, 21, 10], [22, 14, 23, 13], [24, 8, 1, 7], [2, 22, 3, 21], [4, 18, 5, 17], [6, 19, 7, 20], [8, 2, 9, 1], [10, 5, 11, 6], [12, 16, 13, 15]]"
12a_0618_131,"[[12, 16, 13, 15], [14, 24, 15, 23], [16, 4, 17, 3], [18, 12, 19, 11], [20, 9, 21, 10], [22, 14, 23, 13], [24, 8, 1, 7], [2, 22, 3, 21], [4, 18, 5, 17], [6, 19, 7, 20], [8, 2, 9, 1], [10, 5, 11, 6]]"
12a_0618_132,"[[11, 6, 12, 7], [13, 17, 14, 16], [15, 1, 16, 24], [17, 5, 18, 4], [19, 13, 20, 12], [21, 10, 22, 11], [23, 15, 24, 14], [1, 9, 2, 8], [3, 23, 4, 22], [5, 19, 6, 18], [7, 20, 8, 21], [9, 3, 10, 2]]"
12a_0618_133,"[[9, 3, 10, 2], [11, 6, 12, 7], [13, 17, 14, 16], [15, 1, 16, 24], [17, 5, 18, 4], [19, 13, 20, 12], [21, 10, 22, 11], [23, 15, 24, 14], [1, 9, 2, 8], [3, 23, 4, 22], [5, 19, 6, 18], [7, 20, 8, 21]]"
12a_0618_134,"[[7, 20, 8, 21], [9, 3, 10, 2], [11, 6, 12, 7], [13, 17, 14, 16], [15, 1, 16, 24], [17, 5, 18, 4], [19, 13, 20, 12], [21, 10, 22, 11], [23, 15, 24, 14], [1, 9, 2, 8], [3, 23, 4, 22], [5, 19, 6, 18]]"
12a_0618_135,"[[5, 19, 6, 18], [7, 20, 8, 21], [9, 3, 10, 2], [11, 6, 12, 7], [13, 17, 14, 16], [15, 1, 16, 24], [17, 5, 18, 4], [19, 13, 20, 12], [21, 10, 22, 11], [23, 15, 24, 14], [1, 9, 2, 8], [3, 23, 4, 22]]"
12a_0618_136,"[[3, 23, 4, 22], [5, 19, 6, 18], [7, 20, 8, 21], [9, 3, 10, 2], [11, 6, 12, 7], [13, 17, 14, 16], [15, 1, 16, 24], [17, 5, 18, 4], [19, 13, 20, 12], [21, 10, 22, 11], [23, 15, 24, 14], [1, 9, 2, 8]]"
12a_0618_137,"[[1, 9, 2, 8], [3, 23, 4, 22], [5, 19, 6, 18], [7, 20, 8, 21], [9, 3, 10, 2], [11, 6, 12, 7], [13, 17, 14, 16], [15, 1, 16, 24], [17, 5, 18, 4], [19, 13, 20, 12], [21, 10, 22, 11], [23, 15, 24, 14]]"
12a_0618_138,"[[23, 15, 24, 14], [1, 9, 2, 8], [3, 23, 4, 22], [5, 19, 6, 18], [7, 20, 8, 21], [9, 3, 10, 2], [11, 6, 12, 7], [13, 17, 14, 16], [15, 1, 16, 24], [17, 5, 18, 4], [19, 13, 20, 12], [21, 10, 22, 11]]"
12a_0618_139,"[[21, 10, 22, 11], [23, 15, 24, 14], [1, 9, 2, 8], [3, 23, 4, 22], [5, 19, 6, 18], [7, 20, 8, 21], [9, 3, 10, 2], [11, 6, 12, 7], [13, 17, 14, 16], [15, 1, 16, 24], [17, 5, 18, 4], [19, 13, 20, 12]]"
12a_0618_140,"[[19, 13, 20, 12], [21, 10, 22, 11], [23, 15, 24, 14], [1, 9, 2, 8], [3, 23, 4, 22], [5, 19, 6, 18], [7, 20, 8, 21], [9, 3, 10, 2], [11, 6, 12, 7], [13, 17, 14, 16], [15, 1, 16, 24], [17, 5, 18, 4]]"
12a_0618_141,"[[17, 5, 18, 4], [19, 13, 20, 12], [21, 10, 22, 11], [23, 15, 24, 14], [1, 9, 2, 8], [3, 23, 4, 22], [5, 19, 6, 18], [7, 20, 8, 21], [9, 3, 10, 2], [11, 6, 12, 7], [13, 17, 14, 16], [15, 1, 16, 24]]"
12a_0618_142,"[[15, 1, 16, 24], [17, 5, 18, 4], [19, 13, 20, 12], [21, 10, 22, 11], [23, 15, 24, 14], [1, 9, 2, 8], [3, 23, 4, 22], [5, 19, 6, 18], [7, 20, 8, 21], [9, 3, 10, 2], [11, 6, 12, 7], [13, 17, 14, 16]]"
12a_0618_143,"[[13, 17, 14, 16], [15, 1, 16, 24], [17, 5, 18, 4], [19, 13, 20, 12], [21, 10, 22, 11], [23, 15, 24, 14], [1, 9, 2, 8], [3, 23, 4, 22], [5, 19, 6, 18], [7, 20, 8, 21], [9, 3, 10, 2], [11, 6, 12, 7]]"
12a_0618_144,"[[12, 7, 13, 8], [14, 18, 15, 17], [16, 2, 17, 1], [18, 6, 19, 5], [20, 14, 21, 13], [22, 11, 23, 12], [24, 16, 1, 15], [2, 10, 3, 9], [4, 24, 5, 23], [6, 20, 7, 19], [8, 21, 9, 22], [10, 4, 11, 3]]"
12a_0618_145,"[[10, 4, 11, 3], [12, 7, 13, 8], [14, 18, 15, 17], [16, 2, 17, 1], [18, 6, 19, 5], [20, 14, 21, 13], [22, 11, 23, 12], [24, 16, 1, 15], [2, 10, 3, 9], [4, 24, 5, 23], [6, 20, 7, 19], [8, 21, 9, 22]]"
12a_0618_146,"[[8, 21, 9, 22], [10, 4, 11, 3], [12, 7, 13, 8], [14, 18, 15, 17], [16, 2, 17, 1], [18, 6, 19, 5], [20, 14, 21, 13], [22, 11, 23, 12], [24, 16, 1, 15], [2, 10, 3, 9], [4, 24, 5, 23], [6, 20, 7, 19]]"
12a_0618_147,"[[6, 20, 7, 19], [8, 21, 9, 22], [10, 4, 11, 3], [12, 7, 13, 8], [14, 18, 15, 17], [16, 2, 17, 1], [18, 6, 19, 5], [20, 14, 21, 13], [22, 11, 23, 12], [24, 16, 1, 15], [2, 10, 3, 9], [4, 24, 5, 23]]"
12a_0618_148,"[[4, 24, 5, 23], [6, 20, 7, 19], [8, 21, 9, 22], [10, 4, 11, 3], [12, 7, 13, 8], [14, 18, 15, 17], [16, 2, 17, 1], [18, 6, 19, 5], [20, 14, 21, 13], [22, 11, 23, 12], [24, 16, 1, 15], [2, 10, 3, 9]]"
12a_0618_149,"[[2, 10, 3, 9], [4, 24, 5, 23], [6, 20, 7, 19], [8, 21, 9, 22], [10, 4, 11, 3], [12, 7, 13, 8], [14, 18, 15, 17], [16, 2, 17, 1], [18, 6, 19, 5], [20, 14, 21, 13], [22, 11, 23, 12], [24, 16, 1, 15]]"
12a_0618_150,"[[24, 16, 1, 15], [2, 10, 3, 9], [4, 24, 5, 23], [6, 20, 7, 19], [8, 21, 9, 22], [10, 4, 11, 3], [12, 7, 13, 8], [14, 18, 15, 17], [16, 2, 17, 1], [18, 6, 19, 5], [20, 14, 21, 13], [22, 11, 23, 12]]"
12a_0618_151,"[[22, 11, 23, 12], [24, 16, 1, 15], [2, 10, 3, 9], [4, 24, 5, 23], [6, 20, 7, 19], [8, 21, 9, 22], [10, 4, 11, 3], [12, 7, 13, 8], [14, 18, 15, 17], [16, 2, 17, 1], [18, 6, 19, 5], [20, 14, 21, 13]]"
12a_0618_152,"[[20, 14, 21, 13], [22, 11, 23, 12], [24, 16, 1, 15], [2, 10, 3, 9], [4, 24, 5, 23], [6, 20, 7, 19], [8, 21, 9, 22], [10, 4, 11, 3], [12, 7, 13, 8], [14, 18, 15, 17], [16, 2, 17, 1], [18, 6, 19, 5]]"
12a_0618_153,"[[18, 6, 19, 5], [20, 14, 21, 13], [22, 11, 23, 12], [24, 16, 1, 15], [2, 10, 3, 9], [4, 24, 5, 23], [6, 20, 7, 19], [8, 21, 9, 22], [10, 4, 11, 3], [12, 7, 13, 8], [14, 18, 15, 17], [16, 2, 17, 1]]"
12a_0618_154,"[[16, 2, 17, 1], [18, 6, 19, 5], [20, 14, 21, 13], [22, 11, 23, 12], [24, 16, 1, 15], [2, 10, 3, 9], [4, 24, 5, 23], [6, 20, 7, 19], [8, 21, 9, 22], [10, 4, 11, 3], [12, 7, 13, 8], [14, 18, 15, 17]]"
12a_0618_155,"[[14, 18, 15, 17], [16, 2, 17, 1], [18, 6, 19, 5], [20, 14, 21, 13], [22, 11, 23, 12], [24, 16, 1, 15], [2, 10, 3, 9], [4, 24, 5, 23], [6, 20, 7, 19], [8, 21, 9, 22], [10, 4, 11, 3], [12, 7, 13, 8]]"
12a_0618_156,"[[13, 8, 14, 9], [15, 19, 16, 18], [17, 3, 18, 2], [19, 7, 20, 6], [21, 15, 22, 14], [23, 12, 24, 13], [1, 17, 2, 16], [3, 11, 4, 10], [5, 1, 6, 24], [7, 21, 8, 20], [9, 22, 10, 23], [11, 5, 12, 4]]"
12a_0618_157,"[[11, 5, 12, 4], [13, 8, 14, 9], [15, 19, 16, 18], [17, 3, 18, 2], [19, 7, 20, 6], [21, 15, 22, 14], [23, 12, 24, 13], [1, 17, 2, 16], [3, 11, 4, 10], [5, 1, 6, 24], [7, 21, 8, 20], [9, 22, 10, 23]]"
12a_0618_158,"[[9, 22, 10, 23], [11, 5, 12, 4], [13, 8, 14, 9], [15, 19, 16, 18], [17, 3, 18, 2], [19, 7, 20, 6], [21, 15, 22, 14], [23, 12, 24, 13], [1, 17, 2, 16], [3, 11, 4, 10], [5, 1, 6, 24], [7, 21, 8, 20]]"
12a_0618_159,"[[7, 21, 8, 20], [9, 22, 10, 23], [11, 5, 12, 4], [13, 8, 14, 9], [15, 19, 16, 18], [17, 3, 18, 2], [19, 7, 20, 6], [21, 15, 22, 14], [23, 12, 24, 13], [1, 17, 2, 16], [3, 11, 4, 10], [5, 1, 6, 24]]"
12a_0618_160,"[[5, 1, 6, 24], [7, 21, 8, 20], [9, 22, 10, 23], [11, 5, 12, 4], [13, 8, 14, 9], [15, 19, 16, 18], [17, 3, 18, 2], [19, 7, 20, 6], [21, 15, 22, 14], [23, 12, 24, 13], [1, 17, 2, 16], [3, 11, 4, 10]]"
12a_0618_161,"[[3, 11, 4, 10], [5, 1, 6, 24], [7, 21, 8, 20], [9, 22, 10, 23], [11, 5, 12, 4], [13, 8, 14, 9], [15, 19, 16, 18], [17, 3, 18, 2], [19, 7, 20, 6], [21, 15, 22, 14], [23, 12, 24, 13], [1, 17, 2, 16]]"
12a_0618_162,"[[1, 17, 2, 16], [3, 11, 4, 10], [5, 1, 6, 24], [7, 21, 8, 20], [9, 22, 10, 23], [11, 5, 12, 4], [13, 8, 14, 9], [15, 19, 16, 18], [17, 3, 18, 2], [19, 7, 20, 6], [21, 15, 22, 14], [23, 12, 24, 13]]"
12a_0618_163,"[[23, 12, 24, 13], [1, 17, 2, 16], [3, 11, 4, 10], [5, 1, 6, 24], [7, 21, 8, 20], [9, 22, 10, 23], [11, 5, 12, 4], [13, 8, 14, 9], [15, 19, 16, 18], [17, 3, 18, 2], [19, 7, 20, 6], [21, 15, 22, 14]]"
12a_0618_164,"[[21, 15, 22, 14], [23, 12, 24, 13], [1, 17, 2, 16], [3, 11, 4, 10], [5, 1, 6, 24], [7, 21, 8, 20], [9, 22, 10, 23], [11, 5, 12, 4], [13, 8, 14, 9], [15, 19, 16, 18], [17, 3, 18, 2], [19, 7, 20, 6]]"
12a_0618_165,"[[19, 7, 20, 6], [21, 15, 22, 14], [23, 12, 24, 13], [1, 17, 2, 16], [3, 11, 4, 10], [5, 1, 6, 24], [7, 21, 8, 20], [9, 22, 10, 23], [11, 5, 12, 4], [13, 8, 14, 9], [15, 19, 16, 18], [17, 3, 18, 2]]"
12a_0618_166,"[[17, 3, 18, 2], [19, 7, 20, 6], [21, 15, 22, 14], [23, 12, 24, 13], [1, 17, 2, 16], [3, 11, 4, 10], [5, 1, 6, 24], [7, 21, 8, 20], [9, 22, 10, 23], [11, 5, 12, 4], [13, 8, 14, 9], [15, 19, 16, 18]]"
12a_0618_167,"[[15, 19, 16, 18], [17, 3, 18, 2], [19, 7, 20, 6], [21, 15, 22, 14], [23, 12, 24, 13], [1, 17, 2, 16], [3, 11, 4, 10], [5, 1, 6, 24], [7, 21, 8, 20], [9, 22, 10, 23], [11, 5, 12, 4], [13, 8, 14, 9]]"
12a_0618_168,"[[14, 9, 15, 10], [16, 20, 17, 19], [18, 4, 19, 3], [20, 8, 21, 7], [22, 16, 23, 15], [24, 13, 1, 14], [2, 18, 3, 17], [4, 12, 5, 11], [6, 2, 7, 1], [8, 22, 9, 21], [10, 23, 11, 24], [12, 6, 13, 5]]"
12a_0618_169,"[[12, 6, 13, 5], [14, 9, 15, 10], [16, 20, 17, 19], [18, 4, 19, 3], [20, 8, 21, 7], [22, 16, 23, 15], [24, 13, 1, 14], [2, 18, 3, 17], [4, 12, 5, 11], [6, 2, 7, 1], [8, 22, 9, 21], [10, 23, 11, 24]]"
12a_0618_170,"[[10, 23, 11, 24], [12, 6, 13, 5], [14, 9, 15, 10], [16, 20, 17, 19], [18, 4, 19, 3], [20, 8, 21, 7], [22, 16, 23, 15], [24, 13, 1, 14], [2, 18, 3, 17], [4, 12, 5, 11], [6, 2, 7, 1], [8, 22, 9, 21]]"
12a_0618_171,"[[8, 22, 9, 21], [10, 23, 11, 24], [12, 6, 13, 5], [14, 9, 15, 10], [16, 20, 17, 19], [18, 4, 19, 3], [20, 8, 21, 7], [22, 16, 23, 15], [24, 13, 1, 14], [2, 18, 3, 17], [4, 12, 5, 11], [6, 2, 7, 1]]"
12a_0618_172,"[[6, 2, 7, 1], [8, 22, 9, 21], [10, 23, 11, 24], [12, 6, 13, 5], [14, 9, 15, 10], [16, 20, 17, 19], [18, 4, 19, 3], [20, 8, 21, 7], [22, 16, 23, 15], [24, 13, 1, 14], [2, 18, 3, 17], [4, 12, 5, 11]]"
12a_0618_173,"[[4, 12, 5, 11], [6, 2, 7, 1], [8, 22, 9, 21], [10, 23, 11, 24], [12, 6, 13, 5], [14, 9, 15, 10], [16, 20, 17, 19], [18, 4, 19, 3], [20, 8, 21, 7], [22, 16, 23, 15], [24, 13, 1, 14], [2, 18, 3, 17]]"
12a_0618_174,"[[2, 18, 3, 17], [4, 12, 5, 11], [6, 2, 7, 1], [8, 22, 9, 21], [10, 23, 11, 24], [12, 6, 13, 5], [14, 9, 15, 10], [16, 20, 17, 19], [18, 4, 19, 3], [20, 8, 21, 7], [22, 16, 23, 15], [24, 13, 1, 14]]"
12a_0618_175,"[[24, 13, 1, 14], [2, 18, 3, 17], [4, 12, 5, 11], [6, 2, 7, 1], [8, 22, 9, 21], [10, 23, 11, 24], [12, 6, 13, 5], [14, 9, 15, 10], [16, 20, 17, 19], [18, 4, 19, 3], [20, 8, 21, 7], [22, 16, 23, 15]]"
12a_0618_176,"[[22, 16, 23, 15], [24, 13, 1, 14], [2, 18, 3, 17], [4, 12, 5, 11], [6, 2, 7, 1], [8, 22, 9, 21], [10, 23, 11, 24], [12, 6, 13, 5], [14, 9, 15, 10], [16, 20, 17, 19], [18, 4, 19, 3], [20, 8, 21, 7]]"
12a_0618_177,"[[20, 8, 21, 7], [22, 16, 23, 15], [24, 13, 1, 14], [2, 18, 3, 17], [4, 12, 5, 11], [6, 2, 7, 1], [8, 22, 9, 21], [10, 23, 11, 24], [12, 6, 13, 5], [14, 9, 15, 10], [16, 20, 17, 19], [18, 4, 19, 3]]"
12a_0618_178,"[[18, 4, 19, 3], [20, 8, 21, 7], [22, 16, 23, 15], [24, 13, 1, 14], [2, 18, 3, 17], [4, 12, 5, 11], [6, 2, 7, 1], [8, 22, 9, 21], [10, 23, 11, 24], [12, 6, 13, 5], [14, 9, 15, 10], [16, 20, 17, 19]]"
12a_0618_179,"[[16, 20, 17, 19], [18, 4, 19, 3], [20, 8, 21, 7], [22, 16, 23, 15], [24, 13, 1, 14], [2, 18, 3, 17], [4, 12, 5, 11], [6, 2, 7, 1], [8, 22, 9, 21], [10, 23, 11, 24], [12, 6, 13, 5], [14, 9, 15, 10]]"
12a_0618_180,"[[15, 10, 16, 11], [17, 21, 18, 20], [19, 5, 20, 4], [21, 9, 22, 8], [23, 17, 24, 16], [1, 14, 2, 15], [3, 19, 4, 18], [5, 13, 6, 12], [7, 3, 8, 2], [9, 23, 10, 22], [11, 24, 12, 1], [13, 7, 14, 6]]"
12a_0618_181,"[[13, 7, 14, 6], [15, 10, 16, 11], [17, 21, 18, 20], [19, 5, 20, 4], [21, 9, 22, 8], [23, 17, 24, 16], [1, 14, 2, 15], [3, 19, 4, 18], [5, 13, 6, 12], [7, 3, 8, 2], [9, 23, 10, 22], [11, 24, 12, 1]]"
12a_0618_182,"[[11, 24, 12, 1], [13, 7, 14, 6], [15, 10, 16, 11], [17, 21, 18, 20], [19, 5, 20, 4], [21, 9, 22, 8], [23, 17, 24, 16], [1, 14, 2, 15], [3, 19, 4, 18], [5, 13, 6, 12], [7, 3, 8, 2], [9, 23, 10, 22]]"
12a_0618_183,"[[9, 23, 10, 22], [11, 24, 12, 1], [13, 7, 14, 6], [15, 10, 16, 11], [17, 21, 18, 20], [19, 5, 20, 4], [21, 9, 22, 8], [23, 17, 24, 16], [1, 14, 2, 15], [3, 19, 4, 18], [5, 13, 6, 12], [7, 3, 8, 2]]"
12a_0618_184,"[[7, 3, 8, 2], [9, 23, 10, 22], [11, 24, 12, 1], [13, 7, 14, 6], [15, 10, 16, 11], [17, 21, 18, 20], [19, 5, 20, 4], [21, 9, 22, 8], [23, 17, 24, 16], [1, 14, 2, 15], [3, 19, 4, 18], [5, 13, 6, 12]]"
12a_0618_185,"[[5, 13, 6, 12], [7, 3, 8, 2], [9, 23, 10, 22], [11, 24, 12, 1], [13, 7, 14, 6], [15, 10, 16, 11], [17, 21, 18, 20], [19, 5, 20, 4], [21, 9, 22, 8], [23, 17, 24, 16], [1, 14, 2, 15], [3, 19, 4, 18]]"
