name,pd_notation
12a_0112_0,"[[24, 20, 1, 19], [2, 6, 3, 5], [4, 10, 5, 9], [6, 15, 7, 16], [8, 4, 9, 3], [10, 21, 11, 22], [12, 23, 13, 24], [14, 17, 15, 18], [16, 7, 17, 8], [18, 2, 19, 1], [20, 13, 21, 14], [22, 11, 23, 12]]"
12a_0112_1,"[[22, 11, 23, 12], [24, 20, 1, 19], [2, 6, 3, 5], [4, 10, 5, 9], [6, 15, 7, 16], [8, 4, 9, 3], [10, 21, 11, 22], [12, 23, 13, 24], [14, 17, 15, 18], [16, 7, 17, 8], [18, 2, 19, 1], [20, 13, 21, 14]]"
12a_0112_2,"[[20, 13, 21, 14], [22, 11, 23, 12], [24, 20, 1, 19], [2, 6, 3, 5], [4, 10, 5, 9], [6, 15, 7, 16], [8, 4, 9, 3], [10, 21, 11, 22], [12, 23, 13, 24], [14, 17, 15, 18], [16, 7, 17, 8], [18, 2, 19, 1]]"
12a_0112_3,"[[18, 2, 19, 1], [20, 13, 21, 14], [22, 11, 23, 12], [24, 20, 1, 19], [2, 6, 3, 5], [4, 10, 5, 9], [6, 15, 7, 16], [8, 4, 9, 3], [10, 21, 11, 22], [12, 23, 13, 24], [14, 17, 15, 18], [16, 7, 17, 8]]"
12a_0112_4,"[[16, 7, 17, 8], [18, 2, 19, 1], [20, 13, 21, 14], [22, 11, 23, 12], [24, 20, 1, 19], [2, 6, 3, 5], [4, 10, 5, 9], [6, 15, 7, 16], [8, 4, 9, 3], [10, 21, 11, 22], [12, 23, 13, 24], [14, 17, 15, 18]]"
12a_0112_5,"[[14, 17, 15, 18], [16, 7, 17, 8], [18, 2, 19, 1], [20, 13, 21, 14], [22, 11, 23, 12], [24, 20, 1, 19], [2, 6, 3, 5], [4, 10, 5, 9], [6, 15, 7, 16], [8, 4, 9, 3], [10, 21, 11, 22], [12, 23, 13, 24]]"
12a_0112_6,"[[12, 23, 13, 24], [14, 17, 15, 18], [16, 7, 17, 8], [18, 2, 19, 1], [20, 13, 21, 14], [22, 11, 23, 12], [24, 20, 1, 19], [2, 6, 3, 5], [4, 10, 5, 9], [6, 15, 7, 16], [8, 4, 9, 3], [10, 21, 11, 22]]"
12a_0112_7,"[[10, 21, 11, 22], [12, 23, 13, 24], [14, 17, 15, 18], [16, 7, 17, 8], [18, 2, 19, 1], [20, 13, 21, 14], [22, 11, 23, 12], [24, 20, 1, 19], [2, 6, 3, 5], [4, 10, 5, 9], [6, 15, 7, 16], [8, 4, 9, 3]]"
12a_0112_8,"[[8, 4, 9, 3], [10, 21, 11, 22], [12, 23, 13, 24], [14, 17, 15, 18], [16, 7, 17, 8], [18, 2, 19, 1], [20, 13, 21, 14], [22, 11, 23, 12], [24, 20, 1, 19], [2, 6, 3, 5], [4, 10, 5, 9], [6, 15, 7, 16]]"
12a_0112_9,"[[6, 15, 7, 16], [8, 4, 9, 3], [10, 21, 11, 22], [12, 23, 13, 24], [14, 17, 15, 18], [16, 7, 17, 8], [18, 2, 19, 1], [20, 13, 21, 14], [22, 11, 23, 12], [24, 20, 1, 19], [2, 6, 3, 5], [4, 10, 5, 9]]"
12a_0112_10,"[[4, 10, 5, 9], [6, 15, 7, 16], [8, 4, 9, 3], [10, 21, 11, 22], [12, 23, 13, 24], [14, 17, 15, 18], [16, 7, 17, 8], [18, 2, 19, 1], [20, 13, 21, 14], [22, 11, 23, 12], [24, 20, 1, 19], [2, 6, 3, 5]]"
12a_0112_11,"[[2, 6, 3, 5], [4, 10, 5, 9], [6, 15, 7, 16], [8, 4, 9, 3], [10, 21, 11, 22], [12, 23, 13, 24], [14, 17, 15, 18], [16, 7, 17, 8], [18, 2, 19, 1], [20, 13, 21, 14], [22, 11, 23, 12], [24, 20, 1, 19]]"
12a_0112_12,"[[1, 21, 2, 20], [3, 7, 4, 6], [5, 11, 6, 10], [7, 16, 8, 17], [9, 5, 10, 4], [11, 22, 12, 23], [13, 24, 14, 1], [15, 18, 16, 19], [17, 8, 18, 9], [19, 3, 20, 2], [21, 14, 22, 15], [23, 12, 24, 13]]"
12a_0112_13,"[[23, 12, 24, 13], [1, 21, 2, 20], [3, 7, 4, 6], [5, 11, 6, 10], [7, 16, 8, 17], [9, 5, 10, 4], [11, 22, 12, 23], [13, 24, 14, 1], [15, 18, 16, 19], [17, 8, 18, 9], [19, 3, 20, 2], [21, 14, 22, 15]]"
12a_0112_14,"[[21, 14, 22, 15], [23, 12, 24, 13], [1, 21, 2, 20], [3, 7, 4, 6], [5, 11, 6, 10], [7, 16, 8, 17], [9, 5, 10, 4], [11, 22, 12, 23], [13, 24, 14, 1], [15, 18, 16, 19], [17, 8, 18, 9], [19, 3, 20, 2]]"
12a_0112_15,"[[19, 3, 20, 2], [21, 14, 22, 15], [23, 12, 24, 13], [1, 21, 2, 20], [3, 7, 4, 6], [5, 11, 6, 10], [7, 16, 8, 17], [9, 5, 10, 4], [11, 22, 12, 23], [13, 24, 14, 1], [15, 18, 16, 19], [17, 8, 18, 9]]"
12a_0112_16,"[[17, 8, 18, 9], [19, 3, 20, 2], [21, 14, 22, 15], [23, 12, 24, 13], [1, 21, 2, 20], [3, 7, 4, 6], [5, 11, 6, 10], [7, 16, 8, 17], [9, 5, 10, 4], [11, 22, 12, 23], [13, 24, 14, 1], [15, 18, 16, 19]]"
12a_0112_17,"[[15, 18, 16, 19], [17, 8, 18, 9], [19, 3, 20, 2], [21, 14, 22, 15], [23, 12, 24, 13], [1, 21, 2, 20], [3, 7, 4, 6], [5, 11, 6, 10], [7, 16, 8, 17], [9, 5, 10, 4], [11, 22, 12, 23], [13, 24, 14, 1]]"
12a_0112_18,"[[13, 24, 14, 1], [15, 18, 16, 19], [17, 8, 18, 9], [19, 3, 20, 2], [21, 14, 22, 15], [23, 12, 24, 13], [1, 21, 2, 20], [3, 7, 4, 6], [5, 11, 6, 10], [7, 16, 8, 17], [9, 5, 10, 4], [11, 22, 12, 23]]"
12a_0112_19,"[[11, 22, 12, 23], [13, 24, 14, 1], [15, 18, 16, 19], [17, 8, 18, 9], [19, 3, 20, 2], [21, 14, 22, 15], [23, 12, 24, 13], [1, 21, 2, 20], [3, 7, 4, 6], [5, 11, 6, 10], [7, 16, 8, 17], [9, 5, 10, 4]]"
12a_0112_20,"[[9, 5, 10, 4], [11, 22, 12, 23], [13, 24, 14, 1], [15, 18, 16, 19], [17, 8, 18, 9], [19, 3, 20, 2], [21, 14, 22, 15], [23, 12, 24, 13], [1, 21, 2, 20], [3, 7, 4, 6], [5, 11, 6, 10], [7, 16, 8, 17]]"
12a_0112_21,"[[7, 16, 8, 17], [9, 5, 10, 4], [11, 22, 12, 23], [13, 24, 14, 1], [15, 18, 16, 19], [17, 8, 18, 9], [19, 3, 20, 2], [21, 14, 22, 15], [23, 12, 24, 13], [1, 21, 2, 20], [3, 7, 4, 6], [5, 11, 6, 10]]"
12a_0112_22,"[[5, 11, 6, 10], [7, 16, 8, 17], [9, 5, 10, 4], [11, 22, 12, 23], [13, 24, 14, 1], [15, 18, 16, 19], [17, 8, 18, 9], [19, 3, 20, 2], [21, 14, 22, 15], [23, 12, 24, 13], [1, 21, 2, 20], [3, 7, 4, 6]]"
12a_0112_23,"[[3, 7, 4, 6], [5, 11, 6, 10], [7, 16, 8, 17], [9, 5, 10, 4], [11, 22, 12, 23], [13, 24, 14, 1], [15, 18, 16, 19], [17, 8, 18, 9], [19, 3, 20, 2], [21, 14, 22, 15], [23, 12, 24, 13], [1, 21, 2, 20]]"
12a_0112_24,"[[2, 22, 3, 21], [4, 8, 5, 7], [6, 12, 7, 11], [8, 17, 9, 18], [10, 6, 11, 5], [12, 23, 13, 24], [14, 1, 15, 2], [16, 19, 17, 20], [18, 9, 19, 10], [20, 4, 21, 3], [22, 15, 23, 16], [24, 13, 1, 14]]"
12a_0112_25,"[[24, 13, 1, 14], [2, 22, 3, 21], [4, 8, 5, 7], [6, 12, 7, 11], [8, 17, 9, 18], [10, 6, 11, 5], [12, 23, 13, 24], [14, 1, 15, 2], [16, 19, 17, 20], [18, 9, 19, 10], [20, 4, 21, 3], [22, 15, 23, 16]]"
12a_0112_26,"[[22, 15, 23, 16], [24, 13, 1, 14], [2, 22, 3, 21], [4, 8, 5, 7], [6, 12, 7, 11], [8, 17, 9, 18], [10, 6, 11, 5], [12, 23, 13, 24], [14, 1, 15, 2], [16, 19, 17, 20], [18, 9, 19, 10], [20, 4, 21, 3]]"
12a_0112_27,"[[20, 4, 21, 3], [22, 15, 23, 16], [24, 13, 1, 14], [2, 22, 3, 21], [4, 8, 5, 7], [6, 12, 7, 11], [8, 17, 9, 18], [10, 6, 11, 5], [12, 23, 13, 24], [14, 1, 15, 2], [16, 19, 17, 20], [18, 9, 19, 10]]"
12a_0112_28,"[[18, 9, 19, 10], [20, 4, 21, 3], [22, 15, 23, 16], [24, 13, 1, 14], [2, 22, 3, 21], [4, 8, 5, 7], [6, 12, 7, 11], [8, 17, 9, 18], [10, 6, 11, 5], [12, 23, 13, 24], [14, 1, 15, 2], [16, 19, 17, 20]]"
12a_0112_29,"[[16, 19, 17, 20], [18, 9, 19, 10], [20, 4, 21, 3], [22, 15, 23, 16], [24, 13, 1, 14], [2, 22, 3, 21], [4, 8, 5, 7], [6, 12, 7, 11], [8, 17, 9, 18], [10, 6, 11, 5], [12, 23, 13, 24], [14, 1, 15, 2]]"
12a_0112_30,"[[14, 1, 15, 2], [16, 19, 17, 20], [18, 9, 19, 10], [20, 4, 21, 3], [22, 15, 23, 16], [24, 13, 1, 14], [2, 22, 3, 21], [4, 8, 5, 7], [6, 12, 7, 11], [8, 17, 9, 18], [10, 6, 11, 5], [12, 23, 13, 24]]"
12a_0112_31,"[[12, 23, 13, 24], [14, 1, 15, 2], [16, 19, 17, 20], [18, 9, 19, 10], [20, 4, 21, 3], [22, 15, 23, 16], [24, 13, 1, 14], [2, 22, 3, 21], [4, 8, 5, 7], [6, 12, 7, 11], [8, 17, 9, 18], [10, 6, 11, 5]]"
12a_0112_32,"[[10, 6, 11, 5], [12, 23, 13, 24], [14, 1, 15, 2], [16, 19, 17, 20], [18, 9, 19, 10], [20, 4, 21, 3], [22, 15, 23, 16], [24, 13, 1, 14], [2, 22, 3, 21], [4, 8, 5, 7], [6, 12, 7, 11], [8, 17, 9, 18]]"
12a_0112_33,"[[8, 17, 9, 18], [10, 6, 11, 5], [12, 23, 13, 24], [14, 1, 15, 2], [16, 19, 17, 20], [18, 9, 19, 10], [20, 4, 21, 3], [22, 15, 23, 16], [24, 13, 1, 14], [2, 22, 3, 21], [4, 8, 5, 7], [6, 12, 7, 11]]"
12a_0112_34,"[[6, 12, 7, 11], [8, 17, 9, 18], [10, 6, 11, 5], [12, 23, 13, 24], [14, 1, 15, 2], [16, 19, 17, 20], [18, 9, 19, 10], [20, 4, 21, 3], [22, 15, 23, 16], [24, 13, 1, 14], [2, 22, 3, 21], [4, 8, 5, 7]]"
12a_0112_35,"[[4, 8, 5, 7], [6, 12, 7, 11], [8, 17, 9, 18], [10, 6, 11, 5], [12, 23, 13, 24], [14, 1, 15, 2], [16, 19, 17, 20], [18, 9, 19, 10], [20, 4, 21, 3], [22, 15, 23, 16], [24, 13, 1, 14], [2, 22, 3, 21]]"
12a_0112_36,"[[3, 23, 4, 22], [5, 9, 6, 8], [7, 13, 8, 12], [9, 18, 10, 19], [11, 7, 12, 6], [13, 24, 14, 1], [15, 2, 16, 3], [17, 20, 18, 21], [19, 10, 20, 11], [21, 5, 22, 4], [23, 16, 24, 17], [1, 14, 2, 15]]"
12a_0112_37,"[[1, 14, 2, 15], [3, 23, 4, 22], [5, 9, 6, 8], [7, 13, 8, 12], [9, 18, 10, 19], [11, 7, 12, 6], [13, 24, 14, 1], [15, 2, 16, 3], [17, 20, 18, 21], [19, 10, 20, 11], [21, 5, 22, 4], [23, 16, 24, 17]]"
12a_0112_38,"[[23, 16, 24, 17], [1, 14, 2, 15], [3, 23, 4, 22], [5, 9, 6, 8], [7, 13, 8, 12], [9, 18, 10, 19], [11, 7, 12, 6], [13, 24, 14, 1], [15, 2, 16, 3], [17, 20, 18, 21], [19, 10, 20, 11], [21, 5, 22, 4]]"
12a_0112_39,"[[21, 5, 22, 4], [23, 16, 24, 17], [1, 14, 2, 15], [3, 23, 4, 22], [5, 9, 6, 8], [7, 13, 8, 12], [9, 18, 10, 19], [11, 7, 12, 6], [13, 24, 14, 1], [15, 2, 16, 3], [17, 20, 18, 21], [19, 10, 20, 11]]"
12a_0112_40,"[[19, 10, 20, 11], [21, 5, 22, 4], [23, 16, 24, 17], [1, 14, 2, 15], [3, 23, 4, 22], [5, 9, 6, 8], [7, 13, 8, 12], [9, 18, 10, 19], [11, 7, 12, 6], [13, 24, 14, 1], [15, 2, 16, 3], [17, 20, 18, 21]]"
12a_0112_41,"[[17, 20, 18, 21], [19, 10, 20, 11], [21, 5, 22, 4], [23, 16, 24, 17], [1, 14, 2, 15], [3, 23, 4, 22], [5, 9, 6, 8], [7, 13, 8, 12], [9, 18, 10, 19], [11, 7, 12, 6], [13, 24, 14, 1], [15, 2, 16, 3]]"
12a_0112_42,"[[15, 2, 16, 3], [17, 20, 18, 21], [19, 10, 20, 11], [21, 5, 22, 4], [23, 16, 24, 17], [1, 14, 2, 15], [3, 23, 4, 22], [5, 9, 6, 8], [7, 13, 8, 12], [9, 18, 10, 19], [11, 7, 12, 6], [13, 24, 14, 1]]"
12a_0112_43,"[[13, 24, 14, 1], [15, 2, 16, 3], [17, 20, 18, 21], [19, 10, 20, 11], [21, 5, 22, 4], [23, 16, 24, 17], [1, 14, 2, 15], [3, 23, 4, 22], [5, 9, 6, 8], [7, 13, 8, 12], [9, 18, 10, 19], [11, 7, 12, 6]]"
12a_0112_44,"[[11, 7, 12, 6], [13, 24, 14, 1], [15, 2, 16, 3], [17, 20, 18, 21], [19, 10, 20, 11], [21, 5, 22, 4], [23, 16, 24, 17], [1, 14, 2, 15], [3, 23, 4, 22], [5, 9, 6, 8], [7, 13, 8, 12], [9, 18, 10, 19]]"
12a_0112_45,"[[9, 18, 10, 19], [11, 7, 12, 6], [13, 24, 14, 1], [15, 2, 16, 3], [17, 20, 18, 21], [19, 10, 20, 11], [21, 5, 22, 4], [23, 16, 24, 17], [1, 14, 2, 15], [3, 23, 4, 22], [5, 9, 6, 8], [7, 13, 8, 12]]"
12a_0112_46,"[[7, 13, 8, 12], [9, 18, 10, 19], [11, 7, 12, 6], [13, 24, 14, 1], [15, 2, 16, 3], [17, 20, 18, 21], [19, 10, 20, 11], [21, 5, 22, 4], [23, 16, 24, 17], [1, 14, 2, 15], [3, 23, 4, 22], [5, 9, 6, 8]]"
12a_0112_47,"[[5, 9, 6, 8], [7, 13, 8, 12], [9, 18, 10, 19], [11, 7, 12, 6], [13, 24, 14, 1], [15, 2, 16, 3], [17, 20, 18, 21], [19, 10, 20, 11], [21, 5, 22, 4], [23, 16, 24, 17], [1, 14, 2, 15], [3, 23, 4, 22]]"
12a_0112_48,"[[4, 24, 5, 23], [6, 10, 7, 9], [8, 14, 9, 13], [10, 19, 11, 20], [12, 8, 13, 7], [14, 1, 15, 2], [16, 3, 17, 4], [18, 21, 19, 22], [20, 11, 21, 12], [22, 6, 23, 5], [24, 17, 1, 18], [2, 15, 3, 16]]"
12a_0112_49,"[[2, 15, 3, 16], [4, 24, 5, 23], [6, 10, 7, 9], [8, 14, 9, 13], [10, 19, 11, 20], [12, 8, 13, 7], [14, 1, 15, 2], [16, 3, 17, 4], [18, 21, 19, 22], [20, 11, 21, 12], [22, 6, 23, 5], [24, 17, 1, 18]]"
12a_0112_50,"[[24, 17, 1, 18], [2, 15, 3, 16], [4, 24, 5, 23], [6, 10, 7, 9], [8, 14, 9, 13], [10, 19, 11, 20], [12, 8, 13, 7], [14, 1, 15, 2], [16, 3, 17, 4], [18, 21, 19, 22], [20, 11, 21, 12], [22, 6, 23, 5]]"
12a_0112_51,"[[22, 6, 23, 5], [24, 17, 1, 18], [2, 15, 3, 16], [4, 24, 5, 23], [6, 10, 7, 9], [8, 14, 9, 13], [10, 19, 11, 20], [12, 8, 13, 7], [14, 1, 15, 2], [16, 3, 17, 4], [18, 21, 19, 22], [20, 11, 21, 12]]"
12a_0112_52,"[[20, 11, 21, 12], [22, 6, 23, 5], [24, 17, 1, 18], [2, 15, 3, 16], [4, 24, 5, 23], [6, 10, 7, 9], [8, 14, 9, 13], [10, 19, 11, 20], [12, 8, 13, 7], [14, 1, 15, 2], [16, 3, 17, 4], [18, 21, 19, 22]]"
12a_0112_53,"[[18, 21, 19, 22], [20, 11, 21, 12], [22, 6, 23, 5], [24, 17, 1, 18], [2, 15, 3, 16], [4, 24, 5, 23], [6, 10, 7, 9], [8, 14, 9, 13], [10, 19, 11, 20], [12, 8, 13, 7], [14, 1, 15, 2], [16, 3, 17, 4]]"
12a_0112_54,"[[16, 3, 17, 4], [18, 21, 19, 22], [20, 11, 21, 12], [22, 6, 23, 5], [24, 17, 1, 18], [2, 15, 3, 16], [4, 24, 5, 23], [6, 10, 7, 9], [8, 14, 9, 13], [10, 19, 11, 20], [12, 8, 13, 7], [14, 1, 15, 2]]"
12a_0112_55,"[[14, 1, 15, 2], [16, 3, 17, 4], [18, 21, 19, 22], [20, 11, 21, 12], [22, 6, 23, 5], [24, 17, 1, 18], [2, 15, 3, 16], [4, 24, 5, 23], [6, 10, 7, 9], [8, 14, 9, 13], [10, 19, 11, 20], [12, 8, 13, 7]]"
12a_0112_56,"[[12, 8, 13, 7], [14, 1, 15, 2], [16, 3, 17, 4], [18, 21, 19, 22], [20, 11, 21, 12], [22, 6, 23, 5], [24, 17, 1, 18], [2, 15, 3, 16], [4, 24, 5, 23], [6, 10, 7, 9], [8, 14, 9, 13], [10, 19, 11, 20]]"
12a_0112_57,"[[10, 19, 11, 20], [12, 8, 13, 7], [14, 1, 15, 2], [16, 3, 17, 4], [18, 21, 19, 22], [20, 11, 21, 12], [22, 6, 23, 5], [24, 17, 1, 18], [2, 15, 3, 16], [4, 24, 5, 23], [6, 10, 7, 9], [8, 14, 9, 13]]"
12a_0112_58,"[[8, 14, 9, 13], [10, 19, 11, 20], [12, 8, 13, 7], [14, 1, 15, 2], [16, 3, 17, 4], [18, 21, 19, 22], [20, 11, 21, 12], [22, 6, 23, 5], [24, 17, 1, 18], [2, 15, 3, 16], [4, 24, 5, 23], [6, 10, 7, 9]]"
12a_0112_59,"[[6, 10, 7, 9], [8, 14, 9, 13], [10, 19, 11, 20], [12, 8, 13, 7], [14, 1, 15, 2], [16, 3, 17, 4], [18, 21, 19, 22], [20, 11, 21, 12], [22, 6, 23, 5], [24, 17, 1, 18], [2, 15, 3, 16], [4, 24, 5, 23]]"
12a_0112_60,"[[5, 1, 6, 24], [7, 11, 8, 10], [9, 15, 10, 14], [11, 20, 12, 21], [13, 9, 14, 8], [15, 2, 16, 3], [17, 4, 18, 5], [19, 22, 20, 23], [21, 12, 22, 13], [23, 7, 24, 6], [1, 18, 2, 19], [3, 16, 4, 17]]"
12a_0112_61,"[[3, 16, 4, 17], [5, 1, 6, 24], [7, 11, 8, 10], [9, 15, 10, 14], [11, 20, 12, 21], [13, 9, 14, 8], [15, 2, 16, 3], [17, 4, 18, 5], [19, 22, 20, 23], [21, 12, 22, 13], [23, 7, 24, 6], [1, 18, 2, 19]]"
12a_0112_62,"[[1, 18, 2, 19], [3, 16, 4, 17], [5, 1, 6, 24], [7, 11, 8, 10], [9, 15, 10, 14], [11, 20, 12, 21], [13, 9, 14, 8], [15, 2, 16, 3], [17, 4, 18, 5], [19, 22, 20, 23], [21, 12, 22, 13], [23, 7, 24, 6]]"
12a_0112_63,"[[23, 7, 24, 6], [1, 18, 2, 19], [3, 16, 4, 17], [5, 1, 6, 24], [7, 11, 8, 10], [9, 15, 10, 14], [11, 20, 12, 21], [13, 9, 14, 8], [15, 2, 16, 3], [17, 4, 18, 5], [19, 22, 20, 23], [21, 12, 22, 13]]"
12a_0112_64,"[[21, 12, 22, 13], [23, 7, 24, 6], [1, 18, 2, 19], [3, 16, 4, 17], [5, 1, 6, 24], [7, 11, 8, 10], [9, 15, 10, 14], [11, 20, 12, 21], [13, 9, 14, 8], [15, 2, 16, 3], [17, 4, 18, 5], [19, 22, 20, 23]]"
12a_0112_65,"[[19, 22, 20, 23], [21, 12, 22, 13], [23, 7, 24, 6], [1, 18, 2, 19], [3, 16, 4, 17], [5, 1, 6, 24], [7, 11, 8, 10], [9, 15, 10, 14], [11, 20, 12, 21], [13, 9, 14, 8], [15, 2, 16, 3], [17, 4, 18, 5]]"
12a_0112_66,"[[17, 4, 18, 5], [19, 22, 20, 23], [21, 12, 22, 13], [23, 7, 24, 6], [1, 18, 2, 19], [3, 16, 4, 17], [5, 1, 6, 24], [7, 11, 8, 10], [9, 15, 10, 14], [11, 20, 12, 21], [13, 9, 14, 8], [15, 2, 16, 3]]"
12a_0112_67,"[[15, 2, 16, 3], [17, 4, 18, 5], [19, 22, 20, 23], [21, 12, 22, 13], [23, 7, 24, 6], [1, 18, 2, 19], [3, 16, 4, 17], [5, 1, 6, 24], [7, 11, 8, 10], [9, 15, 10, 14], [11, 20, 12, 21], [13, 9, 14, 8]]"
12a_0112_68,"[[13, 9, 14, 8], [15, 2, 16, 3], [17, 4, 18, 5], [19, 22, 20, 23], [21, 12, 22, 13], [23, 7, 24, 6], [1, 18, 2, 19], [3, 16, 4, 17], [5, 1, 6, 24], [7, 11, 8, 10], [9, 15, 10, 14], [11, 20, 12, 21]]"
12a_0112_69,"[[11, 20, 12, 21], [13, 9, 14, 8], [15, 2, 16, 3], [17, 4, 18, 5], [19, 22, 20, 23], [21, 12, 22, 13], [23, 7, 24, 6], [1, 18, 2, 19], [3, 16, 4, 17], [5, 1, 6, 24], [7, 11, 8, 10], [9, 15, 10, 14]]"
12a_0112_70,"[[9, 15, 10, 14], [11, 20, 12, 21], [13, 9, 14, 8], [15, 2, 16, 3], [17, 4, 18, 5], [19, 22, 20, 23], [21, 12, 22, 13], [23, 7, 24, 6], [1, 18, 2, 19], [3, 16, 4, 17], [5, 1, 6, 24], [7, 11, 8, 10]]"
12a_0112_71,"[[7, 11, 8, 10], [9, 15, 10, 14], [11, 20, 12, 21], [13, 9, 14, 8], [15, 2, 16, 3], [17, 4, 18, 5], [19, 22, 20, 23], [21, 12, 22, 13], [23, 7, 24, 6], [1, 18, 2, 19], [3, 16, 4, 17], [5, 1, 6, 24]]"
12a_0112_72,"[[6, 2, 7, 1], [8, 12, 9, 11], [10, 16, 11, 15], [12, 21, 13, 22], [14, 10, 15, 9], [16, 3, 17, 4], [18, 5, 19, 6], [20, 23, 21, 24], [22, 13, 23, 14], [24, 8, 1, 7], [2, 19, 3, 20], [4, 17, 5, 18]]"
12a_0112_73,"[[4, 17, 5, 18], [6, 2, 7, 1], [8, 12, 9, 11], [10, 16, 11, 15], [12, 21, 13, 22], [14, 10, 15, 9], [16, 3, 17, 4], [18, 5, 19, 6], [20, 23, 21, 24], [22, 13, 23, 14], [24, 8, 1, 7], [2, 19, 3, 20]]"
12a_0112_74,"[[2, 19, 3, 20], [4, 17, 5, 18], [6, 2, 7, 1], [8, 12, 9, 11], [10, 16, 11, 15], [12, 21, 13, 22], [14, 10, 15, 9], [16, 3, 17, 4], [18, 5, 19, 6], [20, 23, 21, 24], [22, 13, 23, 14], [24, 8, 1, 7]]"
12a_0112_75,"[[24, 8, 1, 7], [2, 19, 3, 20], [4, 17, 5, 18], [6, 2, 7, 1], [8, 12, 9, 11], [10, 16, 11, 15], [12, 21, 13, 22], [14, 10, 15, 9], [16, 3, 17, 4], [18, 5, 19, 6], [20, 23, 21, 24], [22, 13, 23, 14]]"
12a_0112_76,"[[22, 13, 23, 14], [24, 8, 1, 7], [2, 19, 3, 20], [4, 17, 5, 18], [6, 2, 7, 1], [8, 12, 9, 11], [10, 16, 11, 15], [12, 21, 13, 22], [14, 10, 15, 9], [16, 3, 17, 4], [18, 5, 19, 6], [20, 23, 21, 24]]"
12a_0112_77,"[[20, 23, 21, 24], [22, 13, 23, 14], [24, 8, 1, 7], [2, 19, 3, 20], [4, 17, 5, 18], [6, 2, 7, 1], [8, 12, 9, 11], [10, 16, 11, 15], [12, 21, 13, 22], [14, 10, 15, 9], [16, 3, 17, 4], [18, 5, 19, 6]]"
12a_0112_78,"[[18, 5, 19, 6], [20, 23, 21, 24], [22, 13, 23, 14], [24, 8, 1, 7], [2, 19, 3, 20], [4, 17, 5, 18], [6, 2, 7, 1], [8, 12, 9, 11], [10, 16, 11, 15], [12, 21, 13, 22], [14, 10, 15, 9], [16, 3, 17, 4]]"
12a_0112_79,"[[16, 3, 17, 4], [18, 5, 19, 6], [20, 23, 21, 24], [22, 13, 23, 14], [24, 8, 1, 7], [2, 19, 3, 20], [4, 17, 5, 18], [6, 2, 7, 1], [8, 12, 9, 11], [10, 16, 11, 15], [12, 21, 13, 22], [14, 10, 15, 9]]"
12a_0112_80,"[[14, 10, 15, 9], [16, 3, 17, 4], [18, 5, 19, 6], [20, 23, 21, 24], [22, 13, 23, 14], [24, 8, 1, 7], [2, 19, 3, 20], [4, 17, 5, 18], [6, 2, 7, 1], [8, 12, 9, 11], [10, 16, 11, 15], [12, 21, 13, 22]]"
12a_0112_81,"[[12, 21, 13, 22], [14, 10, 15, 9], [16, 3, 17, 4], [18, 5, 19, 6], [20, 23, 21, 24], [22, 13, 23, 14], [24, 8, 1, 7], [2, 19, 3, 20], [4, 17, 5, 18], [6, 2, 7, 1], [8, 12, 9, 11], [10, 16, 11, 15]]"
12a_0112_82,"[[10, 16, 11, 15], [12, 21, 13, 22], [14, 10, 15, 9], [16, 3, 17, 4], [18, 5, 19, 6], [20, 23, 21, 24], [22, 13, 23, 14], [24, 8, 1, 7], [2, 19, 3, 20], [4, 17, 5, 18], [6, 2, 7, 1], [8, 12, 9, 11]]"
12a_0112_83,"[[8, 12, 9, 11], [10, 16, 11, 15], [12, 21, 13, 22], [14, 10, 15, 9], [16, 3, 17, 4], [18, 5, 19, 6], [20, 23, 21, 24], [22, 13, 23, 14], [24, 8, 1, 7], [2, 19, 3, 20], [4, 17, 5, 18], [6, 2, 7, 1]]"
12a_0112_84,"[[7, 3, 8, 2], [9, 13, 10, 12], [11, 17, 12, 16], [13, 22, 14, 23], [15, 11, 16, 10], [17, 4, 18, 5], [19, 6, 20, 7], [21, 24, 22, 1], [23, 14, 24, 15], [1, 9, 2, 8], [3, 20, 4, 21], [5, 18, 6, 19]]"
12a_0112_85,"[[5, 18, 6, 19], [7, 3, 8, 2], [9, 13, 10, 12], [11, 17, 12, 16], [13, 22, 14, 23], [15, 11, 16, 10], [17, 4, 18, 5], [19, 6, 20, 7], [21, 24, 22, 1], [23, 14, 24, 15], [1, 9, 2, 8], [3, 20, 4, 21]]"
12a_0112_86,"[[3, 20, 4, 21], [5, 18, 6, 19], [7, 3, 8, 2], [9, 13, 10, 12], [11, 17, 12, 16], [13, 22, 14, 23], [15, 11, 16, 10], [17, 4, 18, 5], [19, 6, 20, 7], [21, 24, 22, 1], [23, 14, 24, 15], [1, 9, 2, 8]]"
12a_0112_87,"[[1, 9, 2, 8], [3, 20, 4, 21], [5, 18, 6, 19], [7, 3, 8, 2], [9, 13, 10, 12], [11, 17, 12, 16], [13, 22, 14, 23], [15, 11, 16, 10], [17, 4, 18, 5], [19, 6, 20, 7], [21, 24, 22, 1], [23, 14, 24, 15]]"
12a_0112_88,"[[23, 14, 24, 15], [1, 9, 2, 8], [3, 20, 4, 21], [5, 18, 6, 19], [7, 3, 8, 2], [9, 13, 10, 12], [11, 17, 12, 16], [13, 22, 14, 23], [15, 11, 16, 10], [17, 4, 18, 5], [19, 6, 20, 7], [21, 24, 22, 1]]"
12a_0112_89,"[[21, 24, 22, 1], [23, 14, 24, 15], [1, 9, 2, 8], [3, 20, 4, 21], [5, 18, 6, 19], [7, 3, 8, 2], [9, 13, 10, 12], [11, 17, 12, 16], [13, 22, 14, 23], [15, 11, 16, 10], [17, 4, 18, 5], [19, 6, 20, 7]]"
12a_0112_90,"[[19, 6, 20, 7], [21, 24, 22, 1], [23, 14, 24, 15], [1, 9, 2, 8], [3, 20, 4, 21], [5, 18, 6, 19], [7, 3, 8, 2], [9, 13, 10, 12], [11, 17, 12, 16], [13, 22, 14, 23], [15, 11, 16, 10], [17, 4, 18, 5]]"
12a_0112_91,"[[17, 4, 18, 5], [19, 6, 20, 7], [21, 24, 22, 1], [23, 14, 24, 15], [1, 9, 2, 8], [3, 20, 4, 21], [5, 18, 6, 19], [7, 3, 8, 2], [9, 13, 10, 12], [11, 17, 12, 16], [13, 22, 14, 23], [15, 11, 16, 10]]"
12a_0112_92,"[[15, 11, 16, 10], [17, 4, 18, 5], [19, 6, 20, 7], [21, 24, 22, 1], [23, 14, 24, 15], [1, 9, 2, 8], [3, 20, 4, 21], [5, 18, 6, 19], [7, 3, 8, 2], [9, 13, 10, 12], [11, 17, 12, 16], [13, 22, 14, 23]]"
12a_0112_93,"[[13, 22, 14, 23], [15, 11, 16, 10], [17, 4, 18, 5], [19, 6, 20, 7], [21, 24, 22, 1], [23, 14, 24, 15], [1, 9, 2, 8], [3, 20, 4, 21], [5, 18, 6, 19], [7, 3, 8, 2], [9, 13, 10, 12], [11, 17, 12, 16]]"
12a_0112_94,"[[11, 17, 12, 16], [13, 22, 14, 23], [15, 11, 16, 10], [17, 4, 18, 5], [19, 6, 20, 7], [21, 24, 22, 1], [23, 14, 24, 15], [1, 9, 2, 8], [3, 20, 4, 21], [5, 18, 6, 19], [7, 3, 8, 2], [9, 13, 10, 12]]"
12a_0112_95,"[[9, 13, 10, 12], [11, 17, 12, 16], [13, 22, 14, 23], [15, 11, 16, 10], [17, 4, 18, 5], [19, 6, 20, 7], [21, 24, 22, 1], [23, 14, 24, 15], [1, 9, 2, 8], [3, 20, 4, 21], [5, 18, 6, 19], [7, 3, 8, 2]]"
12a_0112_96,"[[8, 4, 9, 3], [10, 14, 11, 13], [12, 18, 13, 17], [14, 23, 15, 24], [16, 12, 17, 11], [18, 5, 19, 6], [20, 7, 21, 8], [22, 1, 23, 2], [24, 15, 1, 16], [2, 10, 3, 9], [4, 21, 5, 22], [6, 19, 7, 20]]"
12a_0112_97,"[[6, 19, 7, 20], [8, 4, 9, 3], [10, 14, 11, 13], [12, 18, 13, 17], [14, 23, 15, 24], [16, 12, 17, 11], [18, 5, 19, 6], [20, 7, 21, 8], [22, 1, 23, 2], [24, 15, 1, 16], [2, 10, 3, 9], [4, 21, 5, 22]]"
12a_0112_98,"[[4, 21, 5, 22], [6, 19, 7, 20], [8, 4, 9, 3], [10, 14, 11, 13], [12, 18, 13, 17], [14, 23, 15, 24], [16, 12, 17, 11], [18, 5, 19, 6], [20, 7, 21, 8], [22, 1, 23, 2], [24, 15, 1, 16], [2, 10, 3, 9]]"
12a_0112_99,"[[2, 10, 3, 9], [4, 21, 5, 22], [6, 19, 7, 20], [8, 4, 9, 3], [10, 14, 11, 13], [12, 18, 13, 17], [14, 23, 15, 24], [16, 12, 17, 11], [18, 5, 19, 6], [20, 7, 21, 8], [22, 1, 23, 2], [24, 15, 1, 16]]"
12a_0112_100,"[[24, 15, 1, 16], [2, 10, 3, 9], [4, 21, 5, 22], [6, 19, 7, 20], [8, 4, 9, 3], [10, 14, 11, 13], [12, 18, 13, 17], [14, 23, 15, 24], [16, 12, 17, 11], [18, 5, 19, 6], [20, 7, 21, 8], [22, 1, 23, 2]]"
12a_0112_101,"[[22, 1, 23, 2], [24, 15, 1, 16], [2, 10, 3, 9], [4, 21, 5, 22], [6, 19, 7, 20], [8, 4, 9, 3], [10, 14, 11, 13], [12, 18, 13, 17], [14, 23, 15, 24], [16, 12, 17, 11], [18, 5, 19, 6], [20, 7, 21, 8]]"
12a_0112_102,"[[20, 7, 21, 8], [22, 1, 23, 2], [24, 15, 1, 16], [2, 10, 3, 9], [4, 21, 5, 22], [6, 19, 7, 20], [8, 4, 9, 3], [10, 14, 11, 13], [12, 18, 13, 17], [14, 23, 15, 24], [16, 12, 17, 11], [18, 5, 19, 6]]"
12a_0112_103,"[[18, 5, 19, 6], [20, 7, 21, 8], [22, 1, 23, 2], [24, 15, 1, 16], [2, 10, 3, 9], [4, 21, 5, 22], [6, 19, 7, 20], [8, 4, 9, 3], [10, 14, 11, 13], [12, 18, 13, 17], [14, 23, 15, 24], [16, 12, 17, 11]]"
12a_0112_104,"[[16, 12, 17, 11], [18, 5, 19, 6], [20, 7, 21, 8], [22, 1, 23, 2], [24, 15, 1, 16], [2, 10, 3, 9], [4, 21, 5, 22], [6, 19, 7, 20], [8, 4, 9, 3], [10, 14, 11, 13], [12, 18, 13, 17], [14, 23, 15, 24]]"
12a_0112_105,"[[14, 23, 15, 24], [16, 12, 17, 11], [18, 5, 19, 6], [20, 7, 21, 8], [22, 1, 23, 2], [24, 15, 1, 16], [2, 10, 3, 9], [4, 21, 5, 22], [6, 19, 7, 20], [8, 4, 9, 3], [10, 14, 11, 13], [12, 18, 13, 17]]"
12a_0112_106,"[[12, 18, 13, 17], [14, 23, 15, 24], [16, 12, 17, 11], [18, 5, 19, 6], [20, 7, 21, 8], [22, 1, 23, 2], [24, 15, 1, 16], [2, 10, 3, 9], [4, 21, 5, 22], [6, 19, 7, 20], [8, 4, 9, 3], [10, 14, 11, 13]]"
12a_0112_107,"[[10, 14, 11, 13], [12, 18, 13, 17], [14, 23, 15, 24], [16, 12, 17, 11], [18, 5, 19, 6], [20, 7, 21, 8], [22, 1, 23, 2], [24, 15, 1, 16], [2, 10, 3, 9], [4, 21, 5, 22], [6, 19, 7, 20], [8, 4, 9, 3]]"
12a_0112_108,"[[9, 5, 10, 4], [11, 15, 12, 14], [13, 19, 14, 18], [15, 24, 16, 1], [17, 13, 18, 12], [19, 6, 20, 7], [21, 8, 22, 9], [23, 2, 24, 3], [1, 16, 2, 17], [3, 11, 4, 10], [5, 22, 6, 23], [7, 20, 8, 21]]"
12a_0112_109,"[[7, 20, 8, 21], [9, 5, 10, 4], [11, 15, 12, 14], [13, 19, 14, 18], [15, 24, 16, 1], [17, 13, 18, 12], [19, 6, 20, 7], [21, 8, 22, 9], [23, 2, 24, 3], [1, 16, 2, 17], [3, 11, 4, 10], [5, 22, 6, 23]]"
12a_0112_110,"[[5, 22, 6, 23], [7, 20, 8, 21], [9, 5, 10, 4], [11, 15, 12, 14], [13, 19, 14, 18], [15, 24, 16, 1], [17, 13, 18, 12], [19, 6, 20, 7], [21, 8, 22, 9], [23, 2, 24, 3], [1, 16, 2, 17], [3, 11, 4, 10]]"
12a_0112_111,"[[3, 11, 4, 10], [5, 22, 6, 23], [7, 20, 8, 21], [9, 5, 10, 4], [11, 15, 12, 14], [13, 19, 14, 18], [15, 24, 16, 1], [17, 13, 18, 12], [19, 6, 20, 7], [21, 8, 22, 9], [23, 2, 24, 3], [1, 16, 2, 17]]"
12a_0112_112,"[[1, 16, 2, 17], [3, 11, 4, 10], [5, 22, 6, 23], [7, 20, 8, 21], [9, 5, 10, 4], [11, 15, 12, 14], [13, 19, 14, 18], [15, 24, 16, 1], [17, 13, 18, 12], [19, 6, 20, 7], [21, 8, 22, 9], [23, 2, 24, 3]]"
12a_0112_113,"[[23, 2, 24, 3], [1, 16, 2, 17], [3, 11, 4, 10], [5, 22, 6, 23], [7, 20, 8, 21], [9, 5, 10, 4], [11, 15, 12, 14], [13, 19, 14, 18], [15, 24, 16, 1], [17, 13, 18, 12], [19, 6, 20, 7], [21, 8, 22, 9]]"
12a_0112_114,"[[21, 8, 22, 9], [23, 2, 24, 3], [1, 16, 2, 17], [3, 11, 4, 10], [5, 22, 6, 23], [7, 20, 8, 21], [9, 5, 10, 4], [11, 15, 12, 14], [13, 19, 14, 18], [15, 24, 16, 1], [17, 13, 18, 12], [19, 6, 20, 7]]"
12a_0112_115,"[[19, 6, 20, 7], [21, 8, 22, 9], [23, 2, 24, 3], [1, 16, 2, 17], [3, 11, 4, 10], [5, 22, 6, 23], [7, 20, 8, 21], [9, 5, 10, 4], [11, 15, 12, 14], [13, 19, 14, 18], [15, 24, 16, 1], [17, 13, 18, 12]]"
12a_0112_116,"[[17, 13, 18, 12], [19, 6, 20, 7], [21, 8, 22, 9], [23, 2, 24, 3], [1, 16, 2, 17], [3, 11, 4, 10], [5, 22, 6, 23], [7, 20, 8, 21], [9, 5, 10, 4], [11, 15, 12, 14], [13, 19, 14, 18], [15, 24, 16, 1]]"
12a_0112_117,"[[15, 24, 16, 1], [17, 13, 18, 12], [19, 6, 20, 7], [21, 8, 22, 9], [23, 2, 24, 3], [1, 16, 2, 17], [3, 11, 4, 10], [5, 22, 6, 23], [7, 20, 8, 21], [9, 5, 10, 4], [11, 15, 12, 14], [13, 19, 14, 18]]"
12a_0112_118,"[[13, 19, 14, 18], [15, 24, 16, 1], [17, 13, 18, 12], [19, 6, 20, 7], [21, 8, 22, 9], [23, 2, 24, 3], [1, 16, 2, 17], [3, 11, 4, 10], [5, 22, 6, 23], [7, 20, 8, 21], [9, 5, 10, 4], [11, 15, 12, 14]]"
12a_0112_119,"[[11, 15, 12, 14], [13, 19, 14, 18], [15, 24, 16, 1], [17, 13, 18, 12], [19, 6, 20, 7], [21, 8, 22, 9], [23, 2, 24, 3], [1, 16, 2, 17], [3, 11, 4, 10], [5, 22, 6, 23], [7, 20, 8, 21], [9, 5, 10, 4]]"
12a_0112_120,"[[10, 6, 11, 5], [12, 16, 13, 15], [14, 20, 15, 19], [16, 1, 17, 2], [18, 14, 19, 13], [20, 7, 21, 8], [22, 9, 23, 10], [24, 3, 1, 4], [2, 17, 3, 18], [4, 12, 5, 11], [6, 23, 7, 24], [8, 21, 9, 22]]"
12a_0112_121,"[[8, 21, 9, 22], [10, 6, 11, 5], [12, 16, 13, 15], [14, 20, 15, 19], [16, 1, 17, 2], [18, 14, 19, 13], [20, 7, 21, 8], [22, 9, 23, 10], [24, 3, 1, 4], [2, 17, 3, 18], [4, 12, 5, 11], [6, 23, 7, 24]]"
12a_0112_122,"[[6, 23, 7, 24], [8, 21, 9, 22], [10, 6, 11, 5], [12, 16, 13, 15], [14, 20, 15, 19], [16, 1, 17, 2], [18, 14, 19, 13], [20, 7, 21, 8], [22, 9, 23, 10], [24, 3, 1, 4], [2, 17, 3, 18], [4, 12, 5, 11]]"
12a_0112_123,"[[4, 12, 5, 11], [6, 23, 7, 24], [8, 21, 9, 22], [10, 6, 11, 5], [12, 16, 13, 15], [14, 20, 15, 19], [16, 1, 17, 2], [18, 14, 19, 13], [20, 7, 21, 8], [22, 9, 23, 10], [24, 3, 1, 4], [2, 17, 3, 18]]"
12a_0112_124,"[[2, 17, 3, 18], [4, 12, 5, 11], [6, 23, 7, 24], [8, 21, 9, 22], [10, 6, 11, 5], [12, 16, 13, 15], [14, 20, 15, 19], [16, 1, 17, 2], [18, 14, 19, 13], [20, 7, 21, 8], [22, 9, 23, 10], [24, 3, 1, 4]]"
12a_0112_125,"[[24, 3, 1, 4], [2, 17, 3, 18], [4, 12, 5, 11], [6, 23, 7, 24], [8, 21, 9, 22], [10, 6, 11, 5], [12, 16, 13, 15], [14, 20, 15, 19], [16, 1, 17, 2], [18, 14, 19, 13], [20, 7, 21, 8], [22, 9, 23, 10]]"
12a_0112_126,"[[22, 9, 23, 10], [24, 3, 1, 4], [2, 17, 3, 18], [4, 12, 5, 11], [6, 23, 7, 24], [8, 21, 9, 22], [10, 6, 11, 5], [12, 16, 13, 15], [14, 20, 15, 19], [16, 1, 17, 2], [18, 14, 19, 13], [20, 7, 21, 8]]"
12a_0112_127,"[[20, 7, 21, 8], [22, 9, 23, 10], [24, 3, 1, 4], [2, 17, 3, 18], [4, 12, 5, 11], [6, 23, 7, 24], [8, 21, 9, 22], [10, 6, 11, 5], [12, 16, 13, 15], [14, 20, 15, 19], [16, 1, 17, 2], [18, 14, 19, 13]]"
12a_0112_128,"[[18, 14, 19, 13], [20, 7, 21, 8], [22, 9, 23, 10], [24, 3, 1, 4], [2, 17, 3, 18], [4, 12, 5, 11], [6, 23, 7, 24], [8, 21, 9, 22], [10, 6, 11, 5], [12, 16, 13, 15], [14, 20, 15, 19], [16, 1, 17, 2]]"
12a_0112_129,"[[16, 1, 17, 2], [18, 14, 19, 13], [20, 7, 21, 8], [22, 9, 23, 10], [24, 3, 1, 4], [2, 17, 3, 18], [4, 12, 5, 11], [6, 23, 7, 24], [8, 21, 9, 22], [10, 6, 11, 5], [12, 16, 13, 15], [14, 20, 15, 19]]"
12a_0112_130,"[[14, 20, 15, 19], [16, 1, 17, 2], [18, 14, 19, 13], [20, 7, 21, 8], [22, 9, 23, 10], [24, 3, 1, 4], [2, 17, 3, 18], [4, 12, 5, 11], [6, 23, 7, 24], [8, 21, 9, 22], [10, 6, 11, 5], [12, 16, 13, 15]]"
12a_0112_131,"[[12, 16, 13, 15], [14, 20, 15, 19], [16, 1, 17, 2], [18, 14, 19, 13], [20, 7, 21, 8], [22, 9, 23, 10], [24, 3, 1, 4], [2, 17, 3, 18], [4, 12, 5, 11], [6, 23, 7, 24], [8, 21, 9, 22], [10, 6, 11, 5]]"
12a_0112_132,"[[11, 7, 12, 6], [13, 17, 14, 16], [15, 21, 16, 20], [17, 2, 18, 3], [19, 15, 20, 14], [21, 8, 22, 9], [23, 10, 24, 11], [1, 4, 2, 5], [3, 18, 4, 19], [5, 13, 6, 12], [7, 24, 8, 1], [9, 22, 10, 23]]"
12a_0112_133,"[[9, 22, 10, 23], [11, 7, 12, 6], [13, 17, 14, 16], [15, 21, 16, 20], [17, 2, 18, 3], [19, 15, 20, 14], [21, 8, 22, 9], [23, 10, 24, 11], [1, 4, 2, 5], [3, 18, 4, 19], [5, 13, 6, 12], [7, 24, 8, 1]]"
12a_0112_134,"[[7, 24, 8, 1], [9, 22, 10, 23], [11, 7, 12, 6], [13, 17, 14, 16], [15, 21, 16, 20], [17, 2, 18, 3], [19, 15, 20, 14], [21, 8, 22, 9], [23, 10, 24, 11], [1, 4, 2, 5], [3, 18, 4, 19], [5, 13, 6, 12]]"
12a_0112_135,"[[5, 13, 6, 12], [7, 24, 8, 1], [9, 22, 10, 23], [11, 7, 12, 6], [13, 17, 14, 16], [15, 21, 16, 20], [17, 2, 18, 3], [19, 15, 20, 14], [21, 8, 22, 9], [23, 10, 24, 11], [1, 4, 2, 5], [3, 18, 4, 19]]"
12a_0112_136,"[[3, 18, 4, 19], [5, 13, 6, 12], [7, 24, 8, 1], [9, 22, 10, 23], [11, 7, 12, 6], [13, 17, 14, 16], [15, 21, 16, 20], [17, 2, 18, 3], [19, 15, 20, 14], [21, 8, 22, 9], [23, 10, 24, 11], [1, 4, 2, 5]]"
12a_0112_137,"[[1, 4, 2, 5], [3, 18, 4, 19], [5, 13, 6, 12], [7, 24, 8, 1], [9, 22, 10, 23], [11, 7, 12, 6], [13, 17, 14, 16], [15, 21, 16, 20], [17, 2, 18, 3], [19, 15, 20, 14], [21, 8, 22, 9], [23, 10, 24, 11]]"
12a_0112_138,"[[23, 10, 24, 11], [1, 4, 2, 5], [3, 18, 4, 19], [5, 13, 6, 12], [7, 24, 8, 1], [9, 22, 10, 23], [11, 7, 12, 6], [13, 17, 14, 16], [15, 21, 16, 20], [17, 2, 18, 3], [19, 15, 20, 14], [21, 8, 22, 9]]"
12a_0112_139,"[[21, 8, 22, 9], [23, 10, 24, 11], [1, 4, 2, 5], [3, 18, 4, 19], [5, 13, 6, 12], [7, 24, 8, 1], [9, 22, 10, 23], [11, 7, 12, 6], [13, 17, 14, 16], [15, 21, 16, 20], [17, 2, 18, 3], [19, 15, 20, 14]]"
12a_0112_140,"[[19, 15, 20, 14], [21, 8, 22, 9], [23, 10, 24, 11], [1, 4, 2, 5], [3, 18, 4, 19], [5, 13, 6, 12], [7, 24, 8, 1], [9, 22, 10, 23], [11, 7, 12, 6], [13, 17, 14, 16], [15, 21, 16, 20], [17, 2, 18, 3]]"
12a_0112_141,"[[17, 2, 18, 3], [19, 15, 20, 14], [21, 8, 22, 9], [23, 10, 24, 11], [1, 4, 2, 5], [3, 18, 4, 19], [5, 13, 6, 12], [7, 24, 8, 1], [9, 22, 10, 23], [11, 7, 12, 6], [13, 17, 14, 16], [15, 21, 16, 20]]"
12a_0112_142,"[[15, 21, 16, 20], [17, 2, 18, 3], [19, 15, 20, 14], [21, 8, 22, 9], [23, 10, 24, 11], [1, 4, 2, 5], [3, 18, 4, 19], [5, 13, 6, 12], [7, 24, 8, 1], [9, 22, 10, 23], [11, 7, 12, 6], [13, 17, 14, 16]]"
12a_0112_143,"[[13, 17, 14, 16], [15, 21, 16, 20], [17, 2, 18, 3], [19, 15, 20, 14], [21, 8, 22, 9], [23, 10, 24, 11], [1, 4, 2, 5], [3, 18, 4, 19], [5, 13, 6, 12], [7, 24, 8, 1], [9, 22, 10, 23], [11, 7, 12, 6]]"
12a_0112_144,"[[12, 8, 13, 7], [14, 18, 15, 17], [16, 22, 17, 21], [18, 3, 19, 4], [20, 16, 21, 15], [22, 9, 23, 10], [24, 11, 1, 12], [2, 5, 3, 6], [4, 19, 5, 20], [6, 14, 7, 13], [8, 1, 9, 2], [10, 23, 11, 24]]"
12a_0112_145,"[[10, 23, 11, 24], [12, 8, 13, 7], [14, 18, 15, 17], [16, 22, 17, 21], [18, 3, 19, 4], [20, 16, 21, 15], [22, 9, 23, 10], [24, 11, 1, 12], [2, 5, 3, 6], [4, 19, 5, 20], [6, 14, 7, 13], [8, 1, 9, 2]]"
12a_0112_146,"[[8, 1, 9, 2], [10, 23, 11, 24], [12, 8, 13, 7], [14, 18, 15, 17], [16, 22, 17, 21], [18, 3, 19, 4], [20, 16, 21, 15], [22, 9, 23, 10], [24, 11, 1, 12], [2, 5, 3, 6], [4, 19, 5, 20], [6, 14, 7, 13]]"
12a_0112_147,"[[6, 14, 7, 13], [8, 1, 9, 2], [10, 23, 11, 24], [12, 8, 13, 7], [14, 18, 15, 17], [16, 22, 17, 21], [18, 3, 19, 4], [20, 16, 21, 15], [22, 9, 23, 10], [24, 11, 1, 12], [2, 5, 3, 6], [4, 19, 5, 20]]"
12a_0112_148,"[[4, 19, 5, 20], [6, 14, 7, 13], [8, 1, 9, 2], [10, 23, 11, 24], [12, 8, 13, 7], [14, 18, 15, 17], [16, 22, 17, 21], [18, 3, 19, 4], [20, 16, 21, 15], [22, 9, 23, 10], [24, 11, 1, 12], [2, 5, 3, 6]]"
12a_0112_149,"[[2, 5, 3, 6], [4, 19, 5, 20], [6, 14, 7, 13], [8, 1, 9, 2], [10, 23, 11, 24], [12, 8, 13, 7], [14, 18, 15, 17], [16, 22, 17, 21], [18, 3, 19, 4], [20, 16, 21, 15], [22, 9, 23, 10], [24, 11, 1, 12]]"
12a_0112_150,"[[24, 11, 1, 12], [2, 5, 3, 6], [4, 19, 5, 20], [6, 14, 7, 13], [8, 1, 9, 2], [10, 23, 11, 24], [12, 8, 13, 7], [14, 18, 15, 17], [16, 22, 17, 21], [18, 3, 19, 4], [20, 16, 21, 15], [22, 9, 23, 10]]"
12a_0112_151,"[[22, 9, 23, 10], [24, 11, 1, 12], [2, 5, 3, 6], [4, 19, 5, 20], [6, 14, 7, 13], [8, 1, 9, 2], [10, 23, 11, 24], [12, 8, 13, 7], [14, 18, 15, 17], [16, 22, 17, 21], [18, 3, 19, 4], [20, 16, 21, 15]]"
12a_0112_152,"[[20, 16, 21, 15], [22, 9, 23, 10], [24, 11, 1, 12], [2, 5, 3, 6], [4, 19, 5, 20], [6, 14, 7, 13], [8, 1, 9, 2], [10, 23, 11, 24], [12, 8, 13, 7], [14, 18, 15, 17], [16, 22, 17, 21], [18, 3, 19, 4]]"
12a_0112_153,"[[18, 3, 19, 4], [20, 16, 21, 15], [22, 9, 23, 10], [24, 11, 1, 12], [2, 5, 3, 6], [4, 19, 5, 20], [6, 14, 7, 13], [8, 1, 9, 2], [10, 23, 11, 24], [12, 8, 13, 7], [14, 18, 15, 17], [16, 22, 17, 21]]"
12a_0112_154,"[[16, 22, 17, 21], [18, 3, 19, 4], [20, 16, 21, 15], [22, 9, 23, 10], [24, 11, 1, 12], [2, 5, 3, 6], [4, 19, 5, 20], [6, 14, 7, 13], [8, 1, 9, 2], [10, 23, 11, 24], [12, 8, 13, 7], [14, 18, 15, 17]]"
12a_0112_155,"[[14, 18, 15, 17], [16, 22, 17, 21], [18, 3, 19, 4], [20, 16, 21, 15], [22, 9, 23, 10], [24, 11, 1, 12], [2, 5, 3, 6], [4, 19, 5, 20], [6, 14, 7, 13], [8, 1, 9, 2], [10, 23, 11, 24], [12, 8, 13, 7]]"
12a_0112_156,"[[13, 9, 14, 8], [15, 19, 16, 18], [17, 23, 18, 22], [19, 4, 20, 5], [21, 17, 22, 16], [23, 10, 24, 11], [1, 12, 2, 13], [3, 6, 4, 7], [5, 20, 6, 21], [7, 15, 8, 14], [9, 2, 10, 3], [11, 24, 12, 1]]"
12a_0112_157,"[[11, 24, 12, 1], [13, 9, 14, 8], [15, 19, 16, 18], [17, 23, 18, 22], [19, 4, 20, 5], [21, 17, 22, 16], [23, 10, 24, 11], [1, 12, 2, 13], [3, 6, 4, 7], [5, 20, 6, 21], [7, 15, 8, 14], [9, 2, 10, 3]]"
12a_0112_158,"[[9, 2, 10, 3], [11, 24, 12, 1], [13, 9, 14, 8], [15, 19, 16, 18], [17, 23, 18, 22], [19, 4, 20, 5], [21, 17, 22, 16], [23, 10, 24, 11], [1, 12, 2, 13], [3, 6, 4, 7], [5, 20, 6, 21], [7, 15, 8, 14]]"
12a_0112_159,"[[7, 15, 8, 14], [9, 2, 10, 3], [11, 24, 12, 1], [13, 9, 14, 8], [15, 19, 16, 18], [17, 23, 18, 22], [19, 4, 20, 5], [21, 17, 22, 16], [23, 10, 24, 11], [1, 12, 2, 13], [3, 6, 4, 7], [5, 20, 6, 21]]"
12a_0112_160,"[[5, 20, 6, 21], [7, 15, 8, 14], [9, 2, 10, 3], [11, 24, 12, 1], [13, 9, 14, 8], [15, 19, 16, 18], [17, 23, 18, 22], [19, 4, 20, 5], [21, 17, 22, 16], [23, 10, 24, 11], [1, 12, 2, 13], [3, 6, 4, 7]]"
12a_0112_161,"[[3, 6, 4, 7], [5, 20, 6, 21], [7, 15, 8, 14], [9, 2, 10, 3], [11, 24, 12, 1], [13, 9, 14, 8], [15, 19, 16, 18], [17, 23, 18, 22], [19, 4, 20, 5], [21, 17, 22, 16], [23, 10, 24, 11], [1, 12, 2, 13]]"
12a_0112_162,"[[1, 12, 2, 13], [3, 6, 4, 7], [5, 20, 6, 21], [7, 15, 8, 14], [9, 2, 10, 3], [11, 24, 12, 1], [13, 9, 14, 8], [15, 19, 16, 18], [17, 23, 18, 22], [19, 4, 20, 5], [21, 17, 22, 16], [23, 10, 24, 11]]"
12a_0112_163,"[[23, 10, 24, 11], [1, 12, 2, 13], [3, 6, 4, 7], [5, 20, 6, 21], [7, 15, 8, 14], [9, 2, 10, 3], [11, 24, 12, 1], [13, 9, 14, 8], [15, 19, 16, 18], [17, 23, 18, 22], [19, 4, 20, 5], [21, 17, 22, 16]]"
12a_0112_164,"[[21, 17, 22, 16], [23, 10, 24, 11], [1, 12, 2, 13], [3, 6, 4, 7], [5, 20, 6, 21], [7, 15, 8, 14], [9, 2, 10, 3], [11, 24, 12, 1], [13, 9, 14, 8], [15, 19, 16, 18], [17, 23, 18, 22], [19, 4, 20, 5]]"
12a_0112_165,"[[19, 4, 20, 5], [21, 17, 22, 16], [23, 10, 24, 11], [1, 12, 2, 13], [3, 6, 4, 7], [5, 20, 6, 21], [7, 15, 8, 14], [9, 2, 10, 3], [11, 24, 12, 1], [13, 9, 14, 8], [15, 19, 16, 18], [17, 23, 18, 22]]"
12a_0112_166,"[[17, 23, 18, 22], [19, 4, 20, 5], [21, 17, 22, 16], [23, 10, 24, 11], [1, 12, 2, 13], [3, 6, 4, 7], [5, 20, 6, 21], [7, 15, 8, 14], [9, 2, 10, 3], [11, 24, 12, 1], [13, 9, 14, 8], [15, 19, 16, 18]]"
12a_0112_167,"[[15, 19, 16, 18], [17, 23, 18, 22], [19, 4, 20, 5], [21, 17, 22, 16], [23, 10, 24, 11], [1, 12, 2, 13], [3, 6, 4, 7], [5, 20, 6, 21], [7, 15, 8, 14], [9, 2, 10, 3], [11, 24, 12, 1], [13, 9, 14, 8]]"
12a_0112_168,"[[14, 10, 15, 9], [16, 20, 17, 19], [18, 24, 19, 23], [20, 5, 21, 6], [22, 18, 23, 17], [24, 11, 1, 12], [2, 13, 3, 14], [4, 7, 5, 8], [6, 21, 7, 22], [8, 16, 9, 15], [10, 3, 11, 4], [12, 1, 13, 2]]"
12a_0112_169,"[[12, 1, 13, 2], [14, 10, 15, 9], [16, 20, 17, 19], [18, 24, 19, 23], [20, 5, 21, 6], [22, 18, 23, 17], [24, 11, 1, 12], [2, 13, 3, 14], [4, 7, 5, 8], [6, 21, 7, 22], [8, 16, 9, 15], [10, 3, 11, 4]]"
12a_0112_170,"[[10, 3, 11, 4], [12, 1, 13, 2], [14, 10, 15, 9], [16, 20, 17, 19], [18, 24, 19, 23], [20, 5, 21, 6], [22, 18, 23, 17], [24, 11, 1, 12], [2, 13, 3, 14], [4, 7, 5, 8], [6, 21, 7, 22], [8, 16, 9, 15]]"
12a_0112_171,"[[8, 16, 9, 15], [10, 3, 11, 4], [12, 1, 13, 2], [14, 10, 15, 9], [16, 20, 17, 19], [18, 24, 19, 23], [20, 5, 21, 6], [22, 18, 23, 17], [24, 11, 1, 12], [2, 13, 3, 14], [4, 7, 5, 8], [6, 21, 7, 22]]"
12a_0112_172,"[[6, 21, 7, 22], [8, 16, 9, 15], [10, 3, 11, 4], [12, 1, 13, 2], [14, 10, 15, 9], [16, 20, 17, 19], [18, 24, 19, 23], [20, 5, 21, 6], [22, 18, 23, 17], [24, 11, 1, 12], [2, 13, 3, 14], [4, 7, 5, 8]]"
12a_0112_173,"[[4, 7, 5, 8], [6, 21, 7, 22], [8, 16, 9, 15], [10, 3, 11, 4], [12, 1, 13, 2], [14, 10, 15, 9], [16, 20, 17, 19], [18, 24, 19, 23], [20, 5, 21, 6], [22, 18, 23, 17], [24, 11, 1, 12], [2, 13, 3, 14]]"
12a_0112_174,"[[2, 13, 3, 14], [4, 7, 5, 8], [6, 21, 7, 22], [8, 16, 9, 15], [10, 3, 11, 4], [12, 1, 13, 2], [14, 10, 15, 9], [16, 20, 17, 19], [18, 24, 19, 23], [20, 5, 21, 6], [22, 18, 23, 17], [24, 11, 1, 12]]"
12a_0112_175,"[[24, 11, 1, 12], [2, 13, 3, 14], [4, 7, 5, 8], [6, 21, 7, 22], [8, 16, 9, 15], [10, 3, 11, 4], [12, 1, 13, 2], [14, 10, 15, 9], [16, 20, 17, 19], [18, 24, 19, 23], [20, 5, 21, 6], [22, 18, 23, 17]]"
12a_0112_176,"[[22, 18, 23, 17], [24, 11, 1, 12], [2, 13, 3, 14], [4, 7, 5, 8], [6, 21, 7, 22], [8, 16, 9, 15], [10, 3, 11, 4], [12, 1, 13, 2], [14, 10, 15, 9], [16, 20, 17, 19], [18, 24, 19, 23], [20, 5, 21, 6]]"
12a_0112_177,"[[20, 5, 21, 6], [22, 18, 23, 17], [24, 11, 1, 12], [2, 13, 3, 14], [4, 7, 5, 8], [6, 21, 7, 22], [8, 16, 9, 15], [10, 3, 11, 4], [12, 1, 13, 2], [14, 10, 15, 9], [16, 20, 17, 19], [18, 24, 19, 23]]"
12a_0112_178,"[[18, 24, 19, 23], [20, 5, 21, 6], [22, 18, 23, 17], [24, 11, 1, 12], [2, 13, 3, 14], [4, 7, 5, 8], [6, 21, 7, 22], [8, 16, 9, 15], [10, 3, 11, 4], [12, 1, 13, 2], [14, 10, 15, 9], [16, 20, 17, 19]]"
12a_0112_179,"[[16, 20, 17, 19], [18, 24, 19, 23], [20, 5, 21, 6], [22, 18, 23, 17], [24, 11, 1, 12], [2, 13, 3, 14], [4, 7, 5, 8], [6, 21, 7, 22], [8, 16, 9, 15], [10, 3, 11, 4], [12, 1, 13, 2], [14, 10, 15, 9]]"
12a_0112_180,"[[15, 11, 16, 10], [17, 21, 18, 20], [19, 1, 20, 24], [21, 6, 22, 7], [23, 19, 24, 18], [1, 12, 2, 13], [3, 14, 4, 15], [5, 8, 6, 9], [7, 22, 8, 23], [9, 17, 10, 16], [11, 4, 12, 5], [13, 2, 14, 3]]"
12a_0112_181,"[[13, 2, 14, 3], [15, 11, 16, 10], [17, 21, 18, 20], [19, 1, 20, 24], [21, 6, 22, 7], [23, 19, 24, 18], [1, 12, 2, 13], [3, 14, 4, 15], [5, 8, 6, 9], [7, 22, 8, 23], [9, 17, 10, 16], [11, 4, 12, 5]]"
12a_0112_182,"[[11, 4, 12, 5], [13, 2, 14, 3], [15, 11, 16, 10], [17, 21, 18, 20], [19, 1, 20, 24], [21, 6, 22, 7], [23, 19, 24, 18], [1, 12, 2, 13], [3, 14, 4, 15], [5, 8, 6, 9], [7, 22, 8, 23], [9, 17, 10, 16]]"
12a_0112_183,"[[9, 17, 10, 16], [11, 4, 12, 5], [13, 2, 14, 3], [15, 11, 16, 10], [17, 21, 18, 20], [19, 1, 20, 24], [21, 6, 22, 7], [23, 19, 24, 18], [1, 12, 2, 13], [3, 14, 4, 15], [5, 8, 6, 9], [7, 22, 8, 23]]"
12a_0112_184,"[[7, 22, 8, 23], [9, 17, 10, 16], [11, 4, 12, 5], [13, 2, 14, 3], [15, 11, 16, 10], [17, 21, 18, 20], [19, 1, 20, 24], [21, 6, 22, 7], [23, 19, 24, 18], [1, 12, 2, 13], [3, 14, 4, 15], [5, 8, 6, 9]]"
12a_0112_185,"[[5, 8, 6, 9], [7, 22, 8, 23], [9, 17, 10, 16], [11, 4, 12, 5], [13, 2, 14, 3], [15, 11, 16, 10], [17, 21, 18, 20], [19, 1, 20, 24], [21, 6, 22, 7], [23, 19, 24, 18], [1, 12, 2, 13], [3, 14, 4, 15]]"
