name,pd_notation
12a_0764_0,"[[24, 8, 1, 7], [2, 6, 3, 5], [4, 15, 5, 16], [6, 20, 7, 19], [8, 22, 9, 21], [10, 24, 11, 23], [12, 2, 13, 1], [14, 18, 15, 17], [16, 3, 17, 4], [18, 14, 19, 13], [20, 12, 21, 11], [22, 10, 23, 9]]"
12a_0764_1,"[[22, 10, 23, 9], [24, 8, 1, 7], [2, 6, 3, 5], [4, 15, 5, 16], [6, 20, 7, 19], [8, 22, 9, 21], [10, 24, 11, 23], [12, 2, 13, 1], [14, 18, 15, 17], [16, 3, 17, 4], [18, 14, 19, 13], [20, 12, 21, 11]]"
12a_0764_2,"[[20, 12, 21, 11], [22, 10, 23, 9], [24, 8, 1, 7], [2, 6, 3, 5], [4, 15, 5, 16], [6, 20, 7, 19], [8, 22, 9, 21], [10, 24, 11, 23], [12, 2, 13, 1], [14, 18, 15, 17], [16, 3, 17, 4], [18, 14, 19, 13]]"
12a_0764_3,"[[18, 14, 19, 13], [20, 12, 21, 11], [22, 10, 23, 9], [24, 8, 1, 7], [2, 6, 3, 5], [4, 15, 5, 16], [6, 20, 7, 19], [8, 22, 9, 21], [10, 24, 11, 23], [12, 2, 13, 1], [14, 18, 15, 17], [16, 3, 17, 4]]"
12a_0764_4,"[[16, 3, 17, 4], [18, 14, 19, 13], [20, 12, 21, 11], [22, 10, 23, 9], [24, 8, 1, 7], [2, 6, 3, 5], [4, 15, 5, 16], [6, 20, 7, 19], [8, 22, 9, 21], [10, 24, 11, 23], [12, 2, 13, 1], [14, 18, 15, 17]]"
12a_0764_5,"[[14, 18, 15, 17], [16, 3, 17, 4], [18, 14, 19, 13], [20, 12, 21, 11], [22, 10, 23, 9], [24, 8, 1, 7], [2, 6, 3, 5], [4, 15, 5, 16], [6, 20, 7, 19], [8, 22, 9, 21], [10, 24, 11, 23], [12, 2, 13, 1]]"
12a_0764_6,"[[12, 2, 13, 1], [14, 18, 15, 17], [16, 3, 17, 4], [18, 14, 19, 13], [20, 12, 21, 11], [22, 10, 23, 9], [24, 8, 1, 7], [2, 6, 3, 5], [4, 15, 5, 16], [6, 20, 7, 19], [8, 22, 9, 21], [10, 24, 11, 23]]"
12a_0764_7,"[[10, 24, 11, 23], [12, 2, 13, 1], [14, 18, 15, 17], [16, 3, 17, 4], [18, 14, 19, 13], [20, 12, 21, 11], [22, 10, 23, 9], [24, 8, 1, 7], [2, 6, 3, 5], [4, 15, 5, 16], [6, 20, 7, 19], [8, 22, 9, 21]]"
12a_0764_8,"[[8, 22, 9, 21], [10, 24, 11, 23], [12, 2, 13, 1], [14, 18, 15, 17], [16, 3, 17, 4], [18, 14, 19, 13], [20, 12, 21, 11], [22, 10, 23, 9], [24, 8, 1, 7], [2, 6, 3, 5], [4, 15, 5, 16], [6, 20, 7, 19]]"
12a_0764_9,"[[6, 20, 7, 19], [8, 22, 9, 21], [10, 24, 11, 23], [12, 2, 13, 1], [14, 18, 15, 17], [16, 3, 17, 4], [18, 14, 19, 13], [20, 12, 21, 11], [22, 10, 23, 9], [24, 8, 1, 7], [2, 6, 3, 5], [4, 15, 5, 16]]"
12a_0764_10,"[[4, 15, 5, 16], [6, 20, 7, 19], [8, 22, 9, 21], [10, 24, 11, 23], [12, 2, 13, 1], [14, 18, 15, 17], [16, 3, 17, 4], [18, 14, 19, 13], [20, 12, 21, 11], [22, 10, 23, 9], [24, 8, 1, 7], [2, 6, 3, 5]]"
12a_0764_11,"[[2, 6, 3, 5], [4, 15, 5, 16], [6, 20, 7, 19], [8, 22, 9, 21], [10, 24, 11, 23], [12, 2, 13, 1], [14, 18, 15, 17], [16, 3, 17, 4], [18, 14, 19, 13], [20, 12, 21, 11], [22, 10, 23, 9], [24, 8, 1, 7]]"
12a_0764_12,"[[1, 9, 2, 8], [3, 7, 4, 6], [5, 16, 6, 17], [7, 21, 8, 20], [9, 23, 10, 22], [11, 1, 12, 24], [13, 3, 14, 2], [15, 19, 16, 18], [17, 4, 18, 5], [19, 15, 20, 14], [21, 13, 22, 12], [23, 11, 24, 10]]"
12a_0764_13,"[[23, 11, 24, 10], [1, 9, 2, 8], [3, 7, 4, 6], [5, 16, 6, 17], [7, 21, 8, 20], [9, 23, 10, 22], [11, 1, 12, 24], [13, 3, 14, 2], [15, 19, 16, 18], [17, 4, 18, 5], [19, 15, 20, 14], [21, 13, 22, 12]]"
12a_0764_14,"[[21, 13, 22, 12], [23, 11, 24, 10], [1, 9, 2, 8], [3, 7, 4, 6], [5, 16, 6, 17], [7, 21, 8, 20], [9, 23, 10, 22], [11, 1, 12, 24], [13, 3, 14, 2], [15, 19, 16, 18], [17, 4, 18, 5], [19, 15, 20, 14]]"
12a_0764_15,"[[19, 15, 20, 14], [21, 13, 22, 12], [23, 11, 24, 10], [1, 9, 2, 8], [3, 7, 4, 6], [5, 16, 6, 17], [7, 21, 8, 20], [9, 23, 10, 22], [11, 1, 12, 24], [13, 3, 14, 2], [15, 19, 16, 18], [17, 4, 18, 5]]"
12a_0764_16,"[[17, 4, 18, 5], [19, 15, 20, 14], [21, 13, 22, 12], [23, 11, 24, 10], [1, 9, 2, 8], [3, 7, 4, 6], [5, 16, 6, 17], [7, 21, 8, 20], [9, 23, 10, 22], [11, 1, 12, 24], [13, 3, 14, 2], [15, 19, 16, 18]]"
12a_0764_17,"[[15, 19, 16, 18], [17, 4, 18, 5], [19, 15, 20, 14], [21, 13, 22, 12], [23, 11, 24, 10], [1, 9, 2, 8], [3, 7, 4, 6], [5, 16, 6, 17], [7, 21, 8, 20], [9, 23, 10, 22], [11, 1, 12, 24], [13, 3, 14, 2]]"
12a_0764_18,"[[13, 3, 14, 2], [15, 19, 16, 18], [17, 4, 18, 5], [19, 15, 20, 14], [21, 13, 22, 12], [23, 11, 24, 10], [1, 9, 2, 8], [3, 7, 4, 6], [5, 16, 6, 17], [7, 21, 8, 20], [9, 23, 10, 22], [11, 1, 12, 24]]"
12a_0764_19,"[[11, 1, 12, 24], [13, 3, 14, 2], [15, 19, 16, 18], [17, 4, 18, 5], [19, 15, 20, 14], [21, 13, 22, 12], [23, 11, 24, 10], [1, 9, 2, 8], [3, 7, 4, 6], [5, 16, 6, 17], [7, 21, 8, 20], [9, 23, 10, 22]]"
12a_0764_20,"[[9, 23, 10, 22], [11, 1, 12, 24], [13, 3, 14, 2], [15, 19, 16, 18], [17, 4, 18, 5], [19, 15, 20, 14], [21, 13, 22, 12], [23, 11, 24, 10], [1, 9, 2, 8], [3, 7, 4, 6], [5, 16, 6, 17], [7, 21, 8, 20]]"
12a_0764_21,"[[7, 21, 8, 20], [9, 23, 10, 22], [11, 1, 12, 24], [13, 3, 14, 2], [15, 19, 16, 18], [17, 4, 18, 5], [19, 15, 20, 14], [21, 13, 22, 12], [23, 11, 24, 10], [1, 9, 2, 8], [3, 7, 4, 6], [5, 16, 6, 17]]"
12a_0764_22,"[[5, 16, 6, 17], [7, 21, 8, 20], [9, 23, 10, 22], [11, 1, 12, 24], [13, 3, 14, 2], [15, 19, 16, 18], [17, 4, 18, 5], [19, 15, 20, 14], [21, 13, 22, 12], [23, 11, 24, 10], [1, 9, 2, 8], [3, 7, 4, 6]]"
12a_0764_23,"[[3, 7, 4, 6], [5, 16, 6, 17], [7, 21, 8, 20], [9, 23, 10, 22], [11, 1, 12, 24], [13, 3, 14, 2], [15, 19, 16, 18], [17, 4, 18, 5], [19, 15, 20, 14], [21, 13, 22, 12], [23, 11, 24, 10], [1, 9, 2, 8]]"
12a_0764_24,"[[2, 10, 3, 9], [4, 8, 5, 7], [6, 17, 7, 18], [8, 22, 9, 21], [10, 24, 11, 23], [12, 2, 13, 1], [14, 4, 15, 3], [16, 20, 17, 19], [18, 5, 19, 6], [20, 16, 21, 15], [22, 14, 23, 13], [24, 12, 1, 11]]"
12a_0764_25,"[[24, 12, 1, 11], [2, 10, 3, 9], [4, 8, 5, 7], [6, 17, 7, 18], [8, 22, 9, 21], [10, 24, 11, 23], [12, 2, 13, 1], [14, 4, 15, 3], [16, 20, 17, 19], [18, 5, 19, 6], [20, 16, 21, 15], [22, 14, 23, 13]]"
12a_0764_26,"[[22, 14, 23, 13], [24, 12, 1, 11], [2, 10, 3, 9], [4, 8, 5, 7], [6, 17, 7, 18], [8, 22, 9, 21], [10, 24, 11, 23], [12, 2, 13, 1], [14, 4, 15, 3], [16, 20, 17, 19], [18, 5, 19, 6], [20, 16, 21, 15]]"
12a_0764_27,"[[20, 16, 21, 15], [22, 14, 23, 13], [24, 12, 1, 11], [2, 10, 3, 9], [4, 8, 5, 7], [6, 17, 7, 18], [8, 22, 9, 21], [10, 24, 11, 23], [12, 2, 13, 1], [14, 4, 15, 3], [16, 20, 17, 19], [18, 5, 19, 6]]"
12a_0764_28,"[[18, 5, 19, 6], [20, 16, 21, 15], [22, 14, 23, 13], [24, 12, 1, 11], [2, 10, 3, 9], [4, 8, 5, 7], [6, 17, 7, 18], [8, 22, 9, 21], [10, 24, 11, 23], [12, 2, 13, 1], [14, 4, 15, 3], [16, 20, 17, 19]]"
12a_0764_29,"[[16, 20, 17, 19], [18, 5, 19, 6], [20, 16, 21, 15], [22, 14, 23, 13], [24, 12, 1, 11], [2, 10, 3, 9], [4, 8, 5, 7], [6, 17, 7, 18], [8, 22, 9, 21], [10, 24, 11, 23], [12, 2, 13, 1], [14, 4, 15, 3]]"
12a_0764_30,"[[14, 4, 15, 3], [16, 20, 17, 19], [18, 5, 19, 6], [20, 16, 21, 15], [22, 14, 23, 13], [24, 12, 1, 11], [2, 10, 3, 9], [4, 8, 5, 7], [6, 17, 7, 18], [8, 22, 9, 21], [10, 24, 11, 23], [12, 2, 13, 1]]"
12a_0764_31,"[[12, 2, 13, 1], [14, 4, 15, 3], [16, 20, 17, 19], [18, 5, 19, 6], [20, 16, 21, 15], [22, 14, 23, 13], [24, 12, 1, 11], [2, 10, 3, 9], [4, 8, 5, 7], [6, 17, 7, 18], [8, 22, 9, 21], [10, 24, 11, 23]]"
12a_0764_32,"[[10, 24, 11, 23], [12, 2, 13, 1], [14, 4, 15, 3], [16, 20, 17, 19], [18, 5, 19, 6], [20, 16, 21, 15], [22, 14, 23, 13], [24, 12, 1, 11], [2, 10, 3, 9], [4, 8, 5, 7], [6, 17, 7, 18], [8, 22, 9, 21]]"
12a_0764_33,"[[8, 22, 9, 21], [10, 24, 11, 23], [12, 2, 13, 1], [14, 4, 15, 3], [16, 20, 17, 19], [18, 5, 19, 6], [20, 16, 21, 15], [22, 14, 23, 13], [24, 12, 1, 11], [2, 10, 3, 9], [4, 8, 5, 7], [6, 17, 7, 18]]"
12a_0764_34,"[[6, 17, 7, 18], [8, 22, 9, 21], [10, 24, 11, 23], [12, 2, 13, 1], [14, 4, 15, 3], [16, 20, 17, 19], [18, 5, 19, 6], [20, 16, 21, 15], [22, 14, 23, 13], [24, 12, 1, 11], [2, 10, 3, 9], [4, 8, 5, 7]]"
12a_0764_35,"[[4, 8, 5, 7], [6, 17, 7, 18], [8, 22, 9, 21], [10, 24, 11, 23], [12, 2, 13, 1], [14, 4, 15, 3], [16, 20, 17, 19], [18, 5, 19, 6], [20, 16, 21, 15], [22, 14, 23, 13], [24, 12, 1, 11], [2, 10, 3, 9]]"
12a_0764_36,"[[3, 11, 4, 10], [5, 9, 6, 8], [7, 18, 8, 19], [9, 23, 10, 22], [11, 1, 12, 24], [13, 3, 14, 2], [15, 5, 16, 4], [17, 21, 18, 20], [19, 6, 20, 7], [21, 17, 22, 16], [23, 15, 24, 14], [1, 13, 2, 12]]"
12a_0764_37,"[[1, 13, 2, 12], [3, 11, 4, 10], [5, 9, 6, 8], [7, 18, 8, 19], [9, 23, 10, 22], [11, 1, 12, 24], [13, 3, 14, 2], [15, 5, 16, 4], [17, 21, 18, 20], [19, 6, 20, 7], [21, 17, 22, 16], [23, 15, 24, 14]]"
12a_0764_38,"[[23, 15, 24, 14], [1, 13, 2, 12], [3, 11, 4, 10], [5, 9, 6, 8], [7, 18, 8, 19], [9, 23, 10, 22], [11, 1, 12, 24], [13, 3, 14, 2], [15, 5, 16, 4], [17, 21, 18, 20], [19, 6, 20, 7], [21, 17, 22, 16]]"
12a_0764_39,"[[21, 17, 22, 16], [23, 15, 24, 14], [1, 13, 2, 12], [3, 11, 4, 10], [5, 9, 6, 8], [7, 18, 8, 19], [9, 23, 10, 22], [11, 1, 12, 24], [13, 3, 14, 2], [15, 5, 16, 4], [17, 21, 18, 20], [19, 6, 20, 7]]"
12a_0764_40,"[[19, 6, 20, 7], [21, 17, 22, 16], [23, 15, 24, 14], [1, 13, 2, 12], [3, 11, 4, 10], [5, 9, 6, 8], [7, 18, 8, 19], [9, 23, 10, 22], [11, 1, 12, 24], [13, 3, 14, 2], [15, 5, 16, 4], [17, 21, 18, 20]]"
12a_0764_41,"[[17, 21, 18, 20], [19, 6, 20, 7], [21, 17, 22, 16], [23, 15, 24, 14], [1, 13, 2, 12], [3, 11, 4, 10], [5, 9, 6, 8], [7, 18, 8, 19], [9, 23, 10, 22], [11, 1, 12, 24], [13, 3, 14, 2], [15, 5, 16, 4]]"
12a_0764_42,"[[15, 5, 16, 4], [17, 21, 18, 20], [19, 6, 20, 7], [21, 17, 22, 16], [23, 15, 24, 14], [1, 13, 2, 12], [3, 11, 4, 10], [5, 9, 6, 8], [7, 18, 8, 19], [9, 23, 10, 22], [11, 1, 12, 24], [13, 3, 14, 2]]"
12a_0764_43,"[[13, 3, 14, 2], [15, 5, 16, 4], [17, 21, 18, 20], [19, 6, 20, 7], [21, 17, 22, 16], [23, 15, 24, 14], [1, 13, 2, 12], [3, 11, 4, 10], [5, 9, 6, 8], [7, 18, 8, 19], [9, 23, 10, 22], [11, 1, 12, 24]]"
12a_0764_44,"[[11, 1, 12, 24], [13, 3, 14, 2], [15, 5, 16, 4], [17, 21, 18, 20], [19, 6, 20, 7], [21, 17, 22, 16], [23, 15, 24, 14], [1, 13, 2, 12], [3, 11, 4, 10], [5, 9, 6, 8], [7, 18, 8, 19], [9, 23, 10, 22]]"
12a_0764_45,"[[9, 23, 10, 22], [11, 1, 12, 24], [13, 3, 14, 2], [15, 5, 16, 4], [17, 21, 18, 20], [19, 6, 20, 7], [21, 17, 22, 16], [23, 15, 24, 14], [1, 13, 2, 12], [3, 11, 4, 10], [5, 9, 6, 8], [7, 18, 8, 19]]"
12a_0764_46,"[[7, 18, 8, 19], [9, 23, 10, 22], [11, 1, 12, 24], [13, 3, 14, 2], [15, 5, 16, 4], [17, 21, 18, 20], [19, 6, 20, 7], [21, 17, 22, 16], [23, 15, 24, 14], [1, 13, 2, 12], [3, 11, 4, 10], [5, 9, 6, 8]]"
12a_0764_47,"[[5, 9, 6, 8], [7, 18, 8, 19], [9, 23, 10, 22], [11, 1, 12, 24], [13, 3, 14, 2], [15, 5, 16, 4], [17, 21, 18, 20], [19, 6, 20, 7], [21, 17, 22, 16], [23, 15, 24, 14], [1, 13, 2, 12], [3, 11, 4, 10]]"
12a_0764_48,"[[4, 12, 5, 11], [6, 10, 7, 9], [8, 19, 9, 20], [10, 24, 11, 23], [12, 2, 13, 1], [14, 4, 15, 3], [16, 6, 17, 5], [18, 22, 19, 21], [20, 7, 21, 8], [22, 18, 23, 17], [24, 16, 1, 15], [2, 14, 3, 13]]"
12a_0764_49,"[[2, 14, 3, 13], [4, 12, 5, 11], [6, 10, 7, 9], [8, 19, 9, 20], [10, 24, 11, 23], [12, 2, 13, 1], [14, 4, 15, 3], [16, 6, 17, 5], [18, 22, 19, 21], [20, 7, 21, 8], [22, 18, 23, 17], [24, 16, 1, 15]]"
12a_0764_50,"[[24, 16, 1, 15], [2, 14, 3, 13], [4, 12, 5, 11], [6, 10, 7, 9], [8, 19, 9, 20], [10, 24, 11, 23], [12, 2, 13, 1], [14, 4, 15, 3], [16, 6, 17, 5], [18, 22, 19, 21], [20, 7, 21, 8], [22, 18, 23, 17]]"
12a_0764_51,"[[22, 18, 23, 17], [24, 16, 1, 15], [2, 14, 3, 13], [4, 12, 5, 11], [6, 10, 7, 9], [8, 19, 9, 20], [10, 24, 11, 23], [12, 2, 13, 1], [14, 4, 15, 3], [16, 6, 17, 5], [18, 22, 19, 21], [20, 7, 21, 8]]"
12a_0764_52,"[[20, 7, 21, 8], [22, 18, 23, 17], [24, 16, 1, 15], [2, 14, 3, 13], [4, 12, 5, 11], [6, 10, 7, 9], [8, 19, 9, 20], [10, 24, 11, 23], [12, 2, 13, 1], [14, 4, 15, 3], [16, 6, 17, 5], [18, 22, 19, 21]]"
12a_0764_53,"[[18, 22, 19, 21], [20, 7, 21, 8], [22, 18, 23, 17], [24, 16, 1, 15], [2, 14, 3, 13], [4, 12, 5, 11], [6, 10, 7, 9], [8, 19, 9, 20], [10, 24, 11, 23], [12, 2, 13, 1], [14, 4, 15, 3], [16, 6, 17, 5]]"
12a_0764_54,"[[16, 6, 17, 5], [18, 22, 19, 21], [20, 7, 21, 8], [22, 18, 23, 17], [24, 16, 1, 15], [2, 14, 3, 13], [4, 12, 5, 11], [6, 10, 7, 9], [8, 19, 9, 20], [10, 24, 11, 23], [12, 2, 13, 1], [14, 4, 15, 3]]"
12a_0764_55,"[[14, 4, 15, 3], [16, 6, 17, 5], [18, 22, 19, 21], [20, 7, 21, 8], [22, 18, 23, 17], [24, 16, 1, 15], [2, 14, 3, 13], [4, 12, 5, 11], [6, 10, 7, 9], [8, 19, 9, 20], [10, 24, 11, 23], [12, 2, 13, 1]]"
12a_0764_56,"[[12, 2, 13, 1], [14, 4, 15, 3], [16, 6, 17, 5], [18, 22, 19, 21], [20, 7, 21, 8], [22, 18, 23, 17], [24, 16, 1, 15], [2, 14, 3, 13], [4, 12, 5, 11], [6, 10, 7, 9], [8, 19, 9, 20], [10, 24, 11, 23]]"
12a_0764_57,"[[10, 24, 11, 23], [12, 2, 13, 1], [14, 4, 15, 3], [16, 6, 17, 5], [18, 22, 19, 21], [20, 7, 21, 8], [22, 18, 23, 17], [24, 16, 1, 15], [2, 14, 3, 13], [4, 12, 5, 11], [6, 10, 7, 9], [8, 19, 9, 20]]"
12a_0764_58,"[[8, 19, 9, 20], [10, 24, 11, 23], [12, 2, 13, 1], [14, 4, 15, 3], [16, 6, 17, 5], [18, 22, 19, 21], [20, 7, 21, 8], [22, 18, 23, 17], [24, 16, 1, 15], [2, 14, 3, 13], [4, 12, 5, 11], [6, 10, 7, 9]]"
12a_0764_59,"[[6, 10, 7, 9], [8, 19, 9, 20], [10, 24, 11, 23], [12, 2, 13, 1], [14, 4, 15, 3], [16, 6, 17, 5], [18, 22, 19, 21], [20, 7, 21, 8], [22, 18, 23, 17], [24, 16, 1, 15], [2, 14, 3, 13], [4, 12, 5, 11]]"
12a_0764_60,"[[5, 13, 6, 12], [7, 11, 8, 10], [9, 20, 10, 21], [11, 1, 12, 24], [13, 3, 14, 2], [15, 5, 16, 4], [17, 7, 18, 6], [19, 23, 20, 22], [21, 8, 22, 9], [23, 19, 24, 18], [1, 17, 2, 16], [3, 15, 4, 14]]"
12a_0764_61,"[[3, 15, 4, 14], [5, 13, 6, 12], [7, 11, 8, 10], [9, 20, 10, 21], [11, 1, 12, 24], [13, 3, 14, 2], [15, 5, 16, 4], [17, 7, 18, 6], [19, 23, 20, 22], [21, 8, 22, 9], [23, 19, 24, 18], [1, 17, 2, 16]]"
12a_0764_62,"[[1, 17, 2, 16], [3, 15, 4, 14], [5, 13, 6, 12], [7, 11, 8, 10], [9, 20, 10, 21], [11, 1, 12, 24], [13, 3, 14, 2], [15, 5, 16, 4], [17, 7, 18, 6], [19, 23, 20, 22], [21, 8, 22, 9], [23, 19, 24, 18]]"
12a_0764_63,"[[23, 19, 24, 18], [1, 17, 2, 16], [3, 15, 4, 14], [5, 13, 6, 12], [7, 11, 8, 10], [9, 20, 10, 21], [11, 1, 12, 24], [13, 3, 14, 2], [15, 5, 16, 4], [17, 7, 18, 6], [19, 23, 20, 22], [21, 8, 22, 9]]"
12a_0764_64,"[[21, 8, 22, 9], [23, 19, 24, 18], [1, 17, 2, 16], [3, 15, 4, 14], [5, 13, 6, 12], [7, 11, 8, 10], [9, 20, 10, 21], [11, 1, 12, 24], [13, 3, 14, 2], [15, 5, 16, 4], [17, 7, 18, 6], [19, 23, 20, 22]]"
12a_0764_65,"[[19, 23, 20, 22], [21, 8, 22, 9], [23, 19, 24, 18], [1, 17, 2, 16], [3, 15, 4, 14], [5, 13, 6, 12], [7, 11, 8, 10], [9, 20, 10, 21], [11, 1, 12, 24], [13, 3, 14, 2], [15, 5, 16, 4], [17, 7, 18, 6]]"
12a_0764_66,"[[17, 7, 18, 6], [19, 23, 20, 22], [21, 8, 22, 9], [23, 19, 24, 18], [1, 17, 2, 16], [3, 15, 4, 14], [5, 13, 6, 12], [7, 11, 8, 10], [9, 20, 10, 21], [11, 1, 12, 24], [13, 3, 14, 2], [15, 5, 16, 4]]"
12a_0764_67,"[[15, 5, 16, 4], [17, 7, 18, 6], [19, 23, 20, 22], [21, 8, 22, 9], [23, 19, 24, 18], [1, 17, 2, 16], [3, 15, 4, 14], [5, 13, 6, 12], [7, 11, 8, 10], [9, 20, 10, 21], [11, 1, 12, 24], [13, 3, 14, 2]]"
12a_0764_68,"[[13, 3, 14, 2], [15, 5, 16, 4], [17, 7, 18, 6], [19, 23, 20, 22], [21, 8, 22, 9], [23, 19, 24, 18], [1, 17, 2, 16], [3, 15, 4, 14], [5, 13, 6, 12], [7, 11, 8, 10], [9, 20, 10, 21], [11, 1, 12, 24]]"
12a_0764_69,"[[11, 1, 12, 24], [13, 3, 14, 2], [15, 5, 16, 4], [17, 7, 18, 6], [19, 23, 20, 22], [21, 8, 22, 9], [23, 19, 24, 18], [1, 17, 2, 16], [3, 15, 4, 14], [5, 13, 6, 12], [7, 11, 8, 10], [9, 20, 10, 21]]"
12a_0764_70,"[[9, 20, 10, 21], [11, 1, 12, 24], [13, 3, 14, 2], [15, 5, 16, 4], [17, 7, 18, 6], [19, 23, 20, 22], [21, 8, 22, 9], [23, 19, 24, 18], [1, 17, 2, 16], [3, 15, 4, 14], [5, 13, 6, 12], [7, 11, 8, 10]]"
12a_0764_71,"[[7, 11, 8, 10], [9, 20, 10, 21], [11, 1, 12, 24], [13, 3, 14, 2], [15, 5, 16, 4], [17, 7, 18, 6], [19, 23, 20, 22], [21, 8, 22, 9], [23, 19, 24, 18], [1, 17, 2, 16], [3, 15, 4, 14], [5, 13, 6, 12]]"
12a_0764_72,"[[6, 14, 7, 13], [8, 12, 9, 11], [10, 21, 11, 22], [12, 2, 13, 1], [14, 4, 15, 3], [16, 6, 17, 5], [18, 8, 19, 7], [20, 24, 21, 23], [22, 9, 23, 10], [24, 20, 1, 19], [2, 18, 3, 17], [4, 16, 5, 15]]"
12a_0764_73,"[[4, 16, 5, 15], [6, 14, 7, 13], [8, 12, 9, 11], [10, 21, 11, 22], [12, 2, 13, 1], [14, 4, 15, 3], [16, 6, 17, 5], [18, 8, 19, 7], [20, 24, 21, 23], [22, 9, 23, 10], [24, 20, 1, 19], [2, 18, 3, 17]]"
12a_0764_74,"[[2, 18, 3, 17], [4, 16, 5, 15], [6, 14, 7, 13], [8, 12, 9, 11], [10, 21, 11, 22], [12, 2, 13, 1], [14, 4, 15, 3], [16, 6, 17, 5], [18, 8, 19, 7], [20, 24, 21, 23], [22, 9, 23, 10], [24, 20, 1, 19]]"
12a_0764_75,"[[24, 20, 1, 19], [2, 18, 3, 17], [4, 16, 5, 15], [6, 14, 7, 13], [8, 12, 9, 11], [10, 21, 11, 22], [12, 2, 13, 1], [14, 4, 15, 3], [16, 6, 17, 5], [18, 8, 19, 7], [20, 24, 21, 23], [22, 9, 23, 10]]"
12a_0764_76,"[[22, 9, 23, 10], [24, 20, 1, 19], [2, 18, 3, 17], [4, 16, 5, 15], [6, 14, 7, 13], [8, 12, 9, 11], [10, 21, 11, 22], [12, 2, 13, 1], [14, 4, 15, 3], [16, 6, 17, 5], [18, 8, 19, 7], [20, 24, 21, 23]]"
12a_0764_77,"[[20, 24, 21, 23], [22, 9, 23, 10], [24, 20, 1, 19], [2, 18, 3, 17], [4, 16, 5, 15], [6, 14, 7, 13], [8, 12, 9, 11], [10, 21, 11, 22], [12, 2, 13, 1], [14, 4, 15, 3], [16, 6, 17, 5], [18, 8, 19, 7]]"
12a_0764_78,"[[18, 8, 19, 7], [20, 24, 21, 23], [22, 9, 23, 10], [24, 20, 1, 19], [2, 18, 3, 17], [4, 16, 5, 15], [6, 14, 7, 13], [8, 12, 9, 11], [10, 21, 11, 22], [12, 2, 13, 1], [14, 4, 15, 3], [16, 6, 17, 5]]"
12a_0764_79,"[[16, 6, 17, 5], [18, 8, 19, 7], [20, 24, 21, 23], [22, 9, 23, 10], [24, 20, 1, 19], [2, 18, 3, 17], [4, 16, 5, 15], [6, 14, 7, 13], [8, 12, 9, 11], [10, 21, 11, 22], [12, 2, 13, 1], [14, 4, 15, 3]]"
12a_0764_80,"[[14, 4, 15, 3], [16, 6, 17, 5], [18, 8, 19, 7], [20, 24, 21, 23], [22, 9, 23, 10], [24, 20, 1, 19], [2, 18, 3, 17], [4, 16, 5, 15], [6, 14, 7, 13], [8, 12, 9, 11], [10, 21, 11, 22], [12, 2, 13, 1]]"
12a_0764_81,"[[12, 2, 13, 1], [14, 4, 15, 3], [16, 6, 17, 5], [18, 8, 19, 7], [20, 24, 21, 23], [22, 9, 23, 10], [24, 20, 1, 19], [2, 18, 3, 17], [4, 16, 5, 15], [6, 14, 7, 13], [8, 12, 9, 11], [10, 21, 11, 22]]"
12a_0764_82,"[[10, 21, 11, 22], [12, 2, 13, 1], [14, 4, 15, 3], [16, 6, 17, 5], [18, 8, 19, 7], [20, 24, 21, 23], [22, 9, 23, 10], [24, 20, 1, 19], [2, 18, 3, 17], [4, 16, 5, 15], [6, 14, 7, 13], [8, 12, 9, 11]]"
12a_0764_83,"[[8, 12, 9, 11], [10, 21, 11, 22], [12, 2, 13, 1], [14, 4, 15, 3], [16, 6, 17, 5], [18, 8, 19, 7], [20, 24, 21, 23], [22, 9, 23, 10], [24, 20, 1, 19], [2, 18, 3, 17], [4, 16, 5, 15], [6, 14, 7, 13]]"
12a_0764_84,"[[7, 15, 8, 14], [9, 13, 10, 12], [11, 22, 12, 23], [13, 3, 14, 2], [15, 5, 16, 4], [17, 7, 18, 6], [19, 9, 20, 8], [21, 1, 22, 24], [23, 10, 24, 11], [1, 21, 2, 20], [3, 19, 4, 18], [5, 17, 6, 16]]"
12a_0764_85,"[[5, 17, 6, 16], [7, 15, 8, 14], [9, 13, 10, 12], [11, 22, 12, 23], [13, 3, 14, 2], [15, 5, 16, 4], [17, 7, 18, 6], [19, 9, 20, 8], [21, 1, 22, 24], [23, 10, 24, 11], [1, 21, 2, 20], [3, 19, 4, 18]]"
12a_0764_86,"[[3, 19, 4, 18], [5, 17, 6, 16], [7, 15, 8, 14], [9, 13, 10, 12], [11, 22, 12, 23], [13, 3, 14, 2], [15, 5, 16, 4], [17, 7, 18, 6], [19, 9, 20, 8], [21, 1, 22, 24], [23, 10, 24, 11], [1, 21, 2, 20]]"
12a_0764_87,"[[1, 21, 2, 20], [3, 19, 4, 18], [5, 17, 6, 16], [7, 15, 8, 14], [9, 13, 10, 12], [11, 22, 12, 23], [13, 3, 14, 2], [15, 5, 16, 4], [17, 7, 18, 6], [19, 9, 20, 8], [21, 1, 22, 24], [23, 10, 24, 11]]"
12a_0764_88,"[[23, 10, 24, 11], [1, 21, 2, 20], [3, 19, 4, 18], [5, 17, 6, 16], [7, 15, 8, 14], [9, 13, 10, 12], [11, 22, 12, 23], [13, 3, 14, 2], [15, 5, 16, 4], [17, 7, 18, 6], [19, 9, 20, 8], [21, 1, 22, 24]]"
12a_0764_89,"[[21, 1, 22, 24], [23, 10, 24, 11], [1, 21, 2, 20], [3, 19, 4, 18], [5, 17, 6, 16], [7, 15, 8, 14], [9, 13, 10, 12], [11, 22, 12, 23], [13, 3, 14, 2], [15, 5, 16, 4], [17, 7, 18, 6], [19, 9, 20, 8]]"
12a_0764_90,"[[19, 9, 20, 8], [21, 1, 22, 24], [23, 10, 24, 11], [1, 21, 2, 20], [3, 19, 4, 18], [5, 17, 6, 16], [7, 15, 8, 14], [9, 13, 10, 12], [11, 22, 12, 23], [13, 3, 14, 2], [15, 5, 16, 4], [17, 7, 18, 6]]"
12a_0764_91,"[[17, 7, 18, 6], [19, 9, 20, 8], [21, 1, 22, 24], [23, 10, 24, 11], [1, 21, 2, 20], [3, 19, 4, 18], [5, 17, 6, 16], [7, 15, 8, 14], [9, 13, 10, 12], [11, 22, 12, 23], [13, 3, 14, 2], [15, 5, 16, 4]]"
12a_0764_92,"[[15, 5, 16, 4], [17, 7, 18, 6], [19, 9, 20, 8], [21, 1, 22, 24], [23, 10, 24, 11], [1, 21, 2, 20], [3, 19, 4, 18], [5, 17, 6, 16], [7, 15, 8, 14], [9, 13, 10, 12], [11, 22, 12, 23], [13, 3, 14, 2]]"
12a_0764_93,"[[13, 3, 14, 2], [15, 5, 16, 4], [17, 7, 18, 6], [19, 9, 20, 8], [21, 1, 22, 24], [23, 10, 24, 11], [1, 21, 2, 20], [3, 19, 4, 18], [5, 17, 6, 16], [7, 15, 8, 14], [9, 13, 10, 12], [11, 22, 12, 23]]"
12a_0764_94,"[[11, 22, 12, 23], [13, 3, 14, 2], [15, 5, 16, 4], [17, 7, 18, 6], [19, 9, 20, 8], [21, 1, 22, 24], [23, 10, 24, 11], [1, 21, 2, 20], [3, 19, 4, 18], [5, 17, 6, 16], [7, 15, 8, 14], [9, 13, 10, 12]]"
12a_0764_95,"[[9, 13, 10, 12], [11, 22, 12, 23], [13, 3, 14, 2], [15, 5, 16, 4], [17, 7, 18, 6], [19, 9, 20, 8], [21, 1, 22, 24], [23, 10, 24, 11], [1, 21, 2, 20], [3, 19, 4, 18], [5, 17, 6, 16], [7, 15, 8, 14]]"
12a_0764_96,"[[8, 16, 9, 15], [10, 14, 11, 13], [12, 23, 13, 24], [14, 4, 15, 3], [16, 6, 17, 5], [18, 8, 19, 7], [20, 10, 21, 9], [22, 2, 23, 1], [24, 11, 1, 12], [2, 22, 3, 21], [4, 20, 5, 19], [6, 18, 7, 17]]"
12a_0764_97,"[[6, 18, 7, 17], [8, 16, 9, 15], [10, 14, 11, 13], [12, 23, 13, 24], [14, 4, 15, 3], [16, 6, 17, 5], [18, 8, 19, 7], [20, 10, 21, 9], [22, 2, 23, 1], [24, 11, 1, 12], [2, 22, 3, 21], [4, 20, 5, 19]]"
12a_0764_98,"[[4, 20, 5, 19], [6, 18, 7, 17], [8, 16, 9, 15], [10, 14, 11, 13], [12, 23, 13, 24], [14, 4, 15, 3], [16, 6, 17, 5], [18, 8, 19, 7], [20, 10, 21, 9], [22, 2, 23, 1], [24, 11, 1, 12], [2, 22, 3, 21]]"
12a_0764_99,"[[2, 22, 3, 21], [4, 20, 5, 19], [6, 18, 7, 17], [8, 16, 9, 15], [10, 14, 11, 13], [12, 23, 13, 24], [14, 4, 15, 3], [16, 6, 17, 5], [18, 8, 19, 7], [20, 10, 21, 9], [22, 2, 23, 1], [24, 11, 1, 12]]"
12a_0764_100,"[[24, 11, 1, 12], [2, 22, 3, 21], [4, 20, 5, 19], [6, 18, 7, 17], [8, 16, 9, 15], [10, 14, 11, 13], [12, 23, 13, 24], [14, 4, 15, 3], [16, 6, 17, 5], [18, 8, 19, 7], [20, 10, 21, 9], [22, 2, 23, 1]]"
12a_0764_101,"[[22, 2, 23, 1], [24, 11, 1, 12], [2, 22, 3, 21], [4, 20, 5, 19], [6, 18, 7, 17], [8, 16, 9, 15], [10, 14, 11, 13], [12, 23, 13, 24], [14, 4, 15, 3], [16, 6, 17, 5], [18, 8, 19, 7], [20, 10, 21, 9]]"
12a_0764_102,"[[20, 10, 21, 9], [22, 2, 23, 1], [24, 11, 1, 12], [2, 22, 3, 21], [4, 20, 5, 19], [6, 18, 7, 17], [8, 16, 9, 15], [10, 14, 11, 13], [12, 23, 13, 24], [14, 4, 15, 3], [16, 6, 17, 5], [18, 8, 19, 7]]"
12a_0764_103,"[[18, 8, 19, 7], [20, 10, 21, 9], [22, 2, 23, 1], [24, 11, 1, 12], [2, 22, 3, 21], [4, 20, 5, 19], [6, 18, 7, 17], [8, 16, 9, 15], [10, 14, 11, 13], [12, 23, 13, 24], [14, 4, 15, 3], [16, 6, 17, 5]]"
12a_0764_104,"[[16, 6, 17, 5], [18, 8, 19, 7], [20, 10, 21, 9], [22, 2, 23, 1], [24, 11, 1, 12], [2, 22, 3, 21], [4, 20, 5, 19], [6, 18, 7, 17], [8, 16, 9, 15], [10, 14, 11, 13], [12, 23, 13, 24], [14, 4, 15, 3]]"
12a_0764_105,"[[14, 4, 15, 3], [16, 6, 17, 5], [18, 8, 19, 7], [20, 10, 21, 9], [22, 2, 23, 1], [24, 11, 1, 12], [2, 22, 3, 21], [4, 20, 5, 19], [6, 18, 7, 17], [8, 16, 9, 15], [10, 14, 11, 13], [12, 23, 13, 24]]"
12a_0764_106,"[[12, 23, 13, 24], [14, 4, 15, 3], [16, 6, 17, 5], [18, 8, 19, 7], [20, 10, 21, 9], [22, 2, 23, 1], [24, 11, 1, 12], [2, 22, 3, 21], [4, 20, 5, 19], [6, 18, 7, 17], [8, 16, 9, 15], [10, 14, 11, 13]]"
12a_0764_107,"[[10, 14, 11, 13], [12, 23, 13, 24], [14, 4, 15, 3], [16, 6, 17, 5], [18, 8, 19, 7], [20, 10, 21, 9], [22, 2, 23, 1], [24, 11, 1, 12], [2, 22, 3, 21], [4, 20, 5, 19], [6, 18, 7, 17], [8, 16, 9, 15]]"
12a_0764_108,"[[9, 17, 10, 16], [11, 15, 12, 14], [13, 24, 14, 1], [15, 5, 16, 4], [17, 7, 18, 6], [19, 9, 20, 8], [21, 11, 22, 10], [23, 3, 24, 2], [1, 12, 2, 13], [3, 23, 4, 22], [5, 21, 6, 20], [7, 19, 8, 18]]"
12a_0764_109,"[[7, 19, 8, 18], [9, 17, 10, 16], [11, 15, 12, 14], [13, 24, 14, 1], [15, 5, 16, 4], [17, 7, 18, 6], [19, 9, 20, 8], [21, 11, 22, 10], [23, 3, 24, 2], [1, 12, 2, 13], [3, 23, 4, 22], [5, 21, 6, 20]]"
12a_0764_110,"[[5, 21, 6, 20], [7, 19, 8, 18], [9, 17, 10, 16], [11, 15, 12, 14], [13, 24, 14, 1], [15, 5, 16, 4], [17, 7, 18, 6], [19, 9, 20, 8], [21, 11, 22, 10], [23, 3, 24, 2], [1, 12, 2, 13], [3, 23, 4, 22]]"
12a_0764_111,"[[3, 23, 4, 22], [5, 21, 6, 20], [7, 19, 8, 18], [9, 17, 10, 16], [11, 15, 12, 14], [13, 24, 14, 1], [15, 5, 16, 4], [17, 7, 18, 6], [19, 9, 20, 8], [21, 11, 22, 10], [23, 3, 24, 2], [1, 12, 2, 13]]"
12a_0764_112,"[[1, 12, 2, 13], [3, 23, 4, 22], [5, 21, 6, 20], [7, 19, 8, 18], [9, 17, 10, 16], [11, 15, 12, 14], [13, 24, 14, 1], [15, 5, 16, 4], [17, 7, 18, 6], [19, 9, 20, 8], [21, 11, 22, 10], [23, 3, 24, 2]]"
12a_0764_113,"[[23, 3, 24, 2], [1, 12, 2, 13], [3, 23, 4, 22], [5, 21, 6, 20], [7, 19, 8, 18], [9, 17, 10, 16], [11, 15, 12, 14], [13, 24, 14, 1], [15, 5, 16, 4], [17, 7, 18, 6], [19, 9, 20, 8], [21, 11, 22, 10]]"
12a_0764_114,"[[21, 11, 22, 10], [23, 3, 24, 2], [1, 12, 2, 13], [3, 23, 4, 22], [5, 21, 6, 20], [7, 19, 8, 18], [9, 17, 10, 16], [11, 15, 12, 14], [13, 24, 14, 1], [15, 5, 16, 4], [17, 7, 18, 6], [19, 9, 20, 8]]"
12a_0764_115,"[[19, 9, 20, 8], [21, 11, 22, 10], [23, 3, 24, 2], [1, 12, 2, 13], [3, 23, 4, 22], [5, 21, 6, 20], [7, 19, 8, 18], [9, 17, 10, 16], [11, 15, 12, 14], [13, 24, 14, 1], [15, 5, 16, 4], [17, 7, 18, 6]]"
12a_0764_116,"[[17, 7, 18, 6], [19, 9, 20, 8], [21, 11, 22, 10], [23, 3, 24, 2], [1, 12, 2, 13], [3, 23, 4, 22], [5, 21, 6, 20], [7, 19, 8, 18], [9, 17, 10, 16], [11, 15, 12, 14], [13, 24, 14, 1], [15, 5, 16, 4]]"
12a_0764_117,"[[15, 5, 16, 4], [17, 7, 18, 6], [19, 9, 20, 8], [21, 11, 22, 10], [23, 3, 24, 2], [1, 12, 2, 13], [3, 23, 4, 22], [5, 21, 6, 20], [7, 19, 8, 18], [9, 17, 10, 16], [11, 15, 12, 14], [13, 24, 14, 1]]"
12a_0764_118,"[[13, 24, 14, 1], [15, 5, 16, 4], [17, 7, 18, 6], [19, 9, 20, 8], [21, 11, 22, 10], [23, 3, 24, 2], [1, 12, 2, 13], [3, 23, 4, 22], [5, 21, 6, 20], [7, 19, 8, 18], [9, 17, 10, 16], [11, 15, 12, 14]]"
12a_0764_119,"[[11, 15, 12, 14], [13, 24, 14, 1], [15, 5, 16, 4], [17, 7, 18, 6], [19, 9, 20, 8], [21, 11, 22, 10], [23, 3, 24, 2], [1, 12, 2, 13], [3, 23, 4, 22], [5, 21, 6, 20], [7, 19, 8, 18], [9, 17, 10, 16]]"
12a_0764_120,"[[10, 18, 11, 17], [12, 16, 13, 15], [14, 1, 15, 2], [16, 6, 17, 5], [18, 8, 19, 7], [20, 10, 21, 9], [22, 12, 23, 11], [24, 4, 1, 3], [2, 13, 3, 14], [4, 24, 5, 23], [6, 22, 7, 21], [8, 20, 9, 19]]"
12a_0764_121,"[[8, 20, 9, 19], [10, 18, 11, 17], [12, 16, 13, 15], [14, 1, 15, 2], [16, 6, 17, 5], [18, 8, 19, 7], [20, 10, 21, 9], [22, 12, 23, 11], [24, 4, 1, 3], [2, 13, 3, 14], [4, 24, 5, 23], [6, 22, 7, 21]]"
12a_0764_122,"[[6, 22, 7, 21], [8, 20, 9, 19], [10, 18, 11, 17], [12, 16, 13, 15], [14, 1, 15, 2], [16, 6, 17, 5], [18, 8, 19, 7], [20, 10, 21, 9], [22, 12, 23, 11], [24, 4, 1, 3], [2, 13, 3, 14], [4, 24, 5, 23]]"
12a_0764_123,"[[4, 24, 5, 23], [6, 22, 7, 21], [8, 20, 9, 19], [10, 18, 11, 17], [12, 16, 13, 15], [14, 1, 15, 2], [16, 6, 17, 5], [18, 8, 19, 7], [20, 10, 21, 9], [22, 12, 23, 11], [24, 4, 1, 3], [2, 13, 3, 14]]"
12a_0764_124,"[[2, 13, 3, 14], [4, 24, 5, 23], [6, 22, 7, 21], [8, 20, 9, 19], [10, 18, 11, 17], [12, 16, 13, 15], [14, 1, 15, 2], [16, 6, 17, 5], [18, 8, 19, 7], [20, 10, 21, 9], [22, 12, 23, 11], [24, 4, 1, 3]]"
12a_0764_125,"[[24, 4, 1, 3], [2, 13, 3, 14], [4, 24, 5, 23], [6, 22, 7, 21], [8, 20, 9, 19], [10, 18, 11, 17], [12, 16, 13, 15], [14, 1, 15, 2], [16, 6, 17, 5], [18, 8, 19, 7], [20, 10, 21, 9], [22, 12, 23, 11]]"
12a_0764_126,"[[22, 12, 23, 11], [24, 4, 1, 3], [2, 13, 3, 14], [4, 24, 5, 23], [6, 22, 7, 21], [8, 20, 9, 19], [10, 18, 11, 17], [12, 16, 13, 15], [14, 1, 15, 2], [16, 6, 17, 5], [18, 8, 19, 7], [20, 10, 21, 9]]"
12a_0764_127,"[[20, 10, 21, 9], [22, 12, 23, 11], [24, 4, 1, 3], [2, 13, 3, 14], [4, 24, 5, 23], [6, 22, 7, 21], [8, 20, 9, 19], [10, 18, 11, 17], [12, 16, 13, 15], [14, 1, 15, 2], [16, 6, 17, 5], [18, 8, 19, 7]]"
12a_0764_128,"[[18, 8, 19, 7], [20, 10, 21, 9], [22, 12, 23, 11], [24, 4, 1, 3], [2, 13, 3, 14], [4, 24, 5, 23], [6, 22, 7, 21], [8, 20, 9, 19], [10, 18, 11, 17], [12, 16, 13, 15], [14, 1, 15, 2], [16, 6, 17, 5]]"
12a_0764_129,"[[16, 6, 17, 5], [18, 8, 19, 7], [20, 10, 21, 9], [22, 12, 23, 11], [24, 4, 1, 3], [2, 13, 3, 14], [4, 24, 5, 23], [6, 22, 7, 21], [8, 20, 9, 19], [10, 18, 11, 17], [12, 16, 13, 15], [14, 1, 15, 2]]"
12a_0764_130,"[[14, 1, 15, 2], [16, 6, 17, 5], [18, 8, 19, 7], [20, 10, 21, 9], [22, 12, 23, 11], [24, 4, 1, 3], [2, 13, 3, 14], [4, 24, 5, 23], [6, 22, 7, 21], [8, 20, 9, 19], [10, 18, 11, 17], [12, 16, 13, 15]]"
12a_0764_131,"[[12, 16, 13, 15], [14, 1, 15, 2], [16, 6, 17, 5], [18, 8, 19, 7], [20, 10, 21, 9], [22, 12, 23, 11], [24, 4, 1, 3], [2, 13, 3, 14], [4, 24, 5, 23], [6, 22, 7, 21], [8, 20, 9, 19], [10, 18, 11, 17]]"
12a_0764_132,"[[11, 19, 12, 18], [13, 17, 14, 16], [15, 2, 16, 3], [17, 7, 18, 6], [19, 9, 20, 8], [21, 11, 22, 10], [23, 13, 24, 12], [1, 5, 2, 4], [3, 14, 4, 15], [5, 1, 6, 24], [7, 23, 8, 22], [9, 21, 10, 20]]"
12a_0764_133,"[[9, 21, 10, 20], [11, 19, 12, 18], [13, 17, 14, 16], [15, 2, 16, 3], [17, 7, 18, 6], [19, 9, 20, 8], [21, 11, 22, 10], [23, 13, 24, 12], [1, 5, 2, 4], [3, 14, 4, 15], [5, 1, 6, 24], [7, 23, 8, 22]]"
12a_0764_134,"[[7, 23, 8, 22], [9, 21, 10, 20], [11, 19, 12, 18], [13, 17, 14, 16], [15, 2, 16, 3], [17, 7, 18, 6], [19, 9, 20, 8], [21, 11, 22, 10], [23, 13, 24, 12], [1, 5, 2, 4], [3, 14, 4, 15], [5, 1, 6, 24]]"
12a_0764_135,"[[5, 1, 6, 24], [7, 23, 8, 22], [9, 21, 10, 20], [11, 19, 12, 18], [13, 17, 14, 16], [15, 2, 16, 3], [17, 7, 18, 6], [19, 9, 20, 8], [21, 11, 22, 10], [23, 13, 24, 12], [1, 5, 2, 4], [3, 14, 4, 15]]"
12a_0764_136,"[[3, 14, 4, 15], [5, 1, 6, 24], [7, 23, 8, 22], [9, 21, 10, 20], [11, 19, 12, 18], [13, 17, 14, 16], [15, 2, 16, 3], [17, 7, 18, 6], [19, 9, 20, 8], [21, 11, 22, 10], [23, 13, 24, 12], [1, 5, 2, 4]]"
12a_0764_137,"[[1, 5, 2, 4], [3, 14, 4, 15], [5, 1, 6, 24], [7, 23, 8, 22], [9, 21, 10, 20], [11, 19, 12, 18], [13, 17, 14, 16], [15, 2, 16, 3], [17, 7, 18, 6], [19, 9, 20, 8], [21, 11, 22, 10], [23, 13, 24, 12]]"
12a_0764_138,"[[23, 13, 24, 12], [1, 5, 2, 4], [3, 14, 4, 15], [5, 1, 6, 24], [7, 23, 8, 22], [9, 21, 10, 20], [11, 19, 12, 18], [13, 17, 14, 16], [15, 2, 16, 3], [17, 7, 18, 6], [19, 9, 20, 8], [21, 11, 22, 10]]"
12a_0764_139,"[[21, 11, 22, 10], [23, 13, 24, 12], [1, 5, 2, 4], [3, 14, 4, 15], [5, 1, 6, 24], [7, 23, 8, 22], [9, 21, 10, 20], [11, 19, 12, 18], [13, 17, 14, 16], [15, 2, 16, 3], [17, 7, 18, 6], [19, 9, 20, 8]]"
12a_0764_140,"[[19, 9, 20, 8], [21, 11, 22, 10], [23, 13, 24, 12], [1, 5, 2, 4], [3, 14, 4, 15], [5, 1, 6, 24], [7, 23, 8, 22], [9, 21, 10, 20], [11, 19, 12, 18], [13, 17, 14, 16], [15, 2, 16, 3], [17, 7, 18, 6]]"
12a_0764_141,"[[17, 7, 18, 6], [19, 9, 20, 8], [21, 11, 22, 10], [23, 13, 24, 12], [1, 5, 2, 4], [3, 14, 4, 15], [5, 1, 6, 24], [7, 23, 8, 22], [9, 21, 10, 20], [11, 19, 12, 18], [13, 17, 14, 16], [15, 2, 16, 3]]"
12a_0764_142,"[[15, 2, 16, 3], [17, 7, 18, 6], [19, 9, 20, 8], [21, 11, 22, 10], [23, 13, 24, 12], [1, 5, 2, 4], [3, 14, 4, 15], [5, 1, 6, 24], [7, 23, 8, 22], [9, 21, 10, 20], [11, 19, 12, 18], [13, 17, 14, 16]]"
12a_0764_143,"[[13, 17, 14, 16], [15, 2, 16, 3], [17, 7, 18, 6], [19, 9, 20, 8], [21, 11, 22, 10], [23, 13, 24, 12], [1, 5, 2, 4], [3, 14, 4, 15], [5, 1, 6, 24], [7, 23, 8, 22], [9, 21, 10, 20], [11, 19, 12, 18]]"
12a_0764_144,"[[12, 20, 13, 19], [14, 18, 15, 17], [16, 3, 17, 4], [18, 8, 19, 7], [20, 10, 21, 9], [22, 12, 23, 11], [24, 14, 1, 13], [2, 6, 3, 5], [4, 15, 5, 16], [6, 2, 7, 1], [8, 24, 9, 23], [10, 22, 11, 21]]"
12a_0764_145,"[[10, 22, 11, 21], [12, 20, 13, 19], [14, 18, 15, 17], [16, 3, 17, 4], [18, 8, 19, 7], [20, 10, 21, 9], [22, 12, 23, 11], [24, 14, 1, 13], [2, 6, 3, 5], [4, 15, 5, 16], [6, 2, 7, 1], [8, 24, 9, 23]]"
12a_0764_146,"[[8, 24, 9, 23], [10, 22, 11, 21], [12, 20, 13, 19], [14, 18, 15, 17], [16, 3, 17, 4], [18, 8, 19, 7], [20, 10, 21, 9], [22, 12, 23, 11], [24, 14, 1, 13], [2, 6, 3, 5], [4, 15, 5, 16], [6, 2, 7, 1]]"
12a_0764_147,"[[6, 2, 7, 1], [8, 24, 9, 23], [10, 22, 11, 21], [12, 20, 13, 19], [14, 18, 15, 17], [16, 3, 17, 4], [18, 8, 19, 7], [20, 10, 21, 9], [22, 12, 23, 11], [24, 14, 1, 13], [2, 6, 3, 5], [4, 15, 5, 16]]"
12a_0764_148,"[[4, 15, 5, 16], [6, 2, 7, 1], [8, 24, 9, 23], [10, 22, 11, 21], [12, 20, 13, 19], [14, 18, 15, 17], [16, 3, 17, 4], [18, 8, 19, 7], [20, 10, 21, 9], [22, 12, 23, 11], [24, 14, 1, 13], [2, 6, 3, 5]]"
12a_0764_149,"[[2, 6, 3, 5], [4, 15, 5, 16], [6, 2, 7, 1], [8, 24, 9, 23], [10, 22, 11, 21], [12, 20, 13, 19], [14, 18, 15, 17], [16, 3, 17, 4], [18, 8, 19, 7], [20, 10, 21, 9], [22, 12, 23, 11], [24, 14, 1, 13]]"
12a_0764_150,"[[24, 14, 1, 13], [2, 6, 3, 5], [4, 15, 5, 16], [6, 2, 7, 1], [8, 24, 9, 23], [10, 22, 11, 21], [12, 20, 13, 19], [14, 18, 15, 17], [16, 3, 17, 4], [18, 8, 19, 7], [20, 10, 21, 9], [22, 12, 23, 11]]"
12a_0764_151,"[[22, 12, 23, 11], [24, 14, 1, 13], [2, 6, 3, 5], [4, 15, 5, 16], [6, 2, 7, 1], [8, 24, 9, 23], [10, 22, 11, 21], [12, 20, 13, 19], [14, 18, 15, 17], [16, 3, 17, 4], [18, 8, 19, 7], [20, 10, 21, 9]]"
12a_0764_152,"[[20, 10, 21, 9], [22, 12, 23, 11], [24, 14, 1, 13], [2, 6, 3, 5], [4, 15, 5, 16], [6, 2, 7, 1], [8, 24, 9, 23], [10, 22, 11, 21], [12, 20, 13, 19], [14, 18, 15, 17], [16, 3, 17, 4], [18, 8, 19, 7]]"
12a_0764_153,"[[18, 8, 19, 7], [20, 10, 21, 9], [22, 12, 23, 11], [24, 14, 1, 13], [2, 6, 3, 5], [4, 15, 5, 16], [6, 2, 7, 1], [8, 24, 9, 23], [10, 22, 11, 21], [12, 20, 13, 19], [14, 18, 15, 17], [16, 3, 17, 4]]"
12a_0764_154,"[[16, 3, 17, 4], [18, 8, 19, 7], [20, 10, 21, 9], [22, 12, 23, 11], [24, 14, 1, 13], [2, 6, 3, 5], [4, 15, 5, 16], [6, 2, 7, 1], [8, 24, 9, 23], [10, 22, 11, 21], [12, 20, 13, 19], [14, 18, 15, 17]]"
12a_0764_155,"[[14, 18, 15, 17], [16, 3, 17, 4], [18, 8, 19, 7], [20, 10, 21, 9], [22, 12, 23, 11], [24, 14, 1, 13], [2, 6, 3, 5], [4, 15, 5, 16], [6, 2, 7, 1], [8, 24, 9, 23], [10, 22, 11, 21], [12, 20, 13, 19]]"
12a_0764_156,"[[13, 21, 14, 20], [15, 19, 16, 18], [17, 4, 18, 5], [19, 9, 20, 8], [21, 11, 22, 10], [23, 13, 24, 12], [1, 15, 2, 14], [3, 7, 4, 6], [5, 16, 6, 17], [7, 3, 8, 2], [9, 1, 10, 24], [11, 23, 12, 22]]"
12a_0764_157,"[[11, 23, 12, 22], [13, 21, 14, 20], [15, 19, 16, 18], [17, 4, 18, 5], [19, 9, 20, 8], [21, 11, 22, 10], [23, 13, 24, 12], [1, 15, 2, 14], [3, 7, 4, 6], [5, 16, 6, 17], [7, 3, 8, 2], [9, 1, 10, 24]]"
12a_0764_158,"[[9, 1, 10, 24], [11, 23, 12, 22], [13, 21, 14, 20], [15, 19, 16, 18], [17, 4, 18, 5], [19, 9, 20, 8], [21, 11, 22, 10], [23, 13, 24, 12], [1, 15, 2, 14], [3, 7, 4, 6], [5, 16, 6, 17], [7, 3, 8, 2]]"
12a_0764_159,"[[7, 3, 8, 2], [9, 1, 10, 24], [11, 23, 12, 22], [13, 21, 14, 20], [15, 19, 16, 18], [17, 4, 18, 5], [19, 9, 20, 8], [21, 11, 22, 10], [23, 13, 24, 12], [1, 15, 2, 14], [3, 7, 4, 6], [5, 16, 6, 17]]"
12a_0764_160,"[[5, 16, 6, 17], [7, 3, 8, 2], [9, 1, 10, 24], [11, 23, 12, 22], [13, 21, 14, 20], [15, 19, 16, 18], [17, 4, 18, 5], [19, 9, 20, 8], [21, 11, 22, 10], [23, 13, 24, 12], [1, 15, 2, 14], [3, 7, 4, 6]]"
12a_0764_161,"[[3, 7, 4, 6], [5, 16, 6, 17], [7, 3, 8, 2], [9, 1, 10, 24], [11, 23, 12, 22], [13, 21, 14, 20], [15, 19, 16, 18], [17, 4, 18, 5], [19, 9, 20, 8], [21, 11, 22, 10], [23, 13, 24, 12], [1, 15, 2, 14]]"
12a_0764_162,"[[1, 15, 2, 14], [3, 7, 4, 6], [5, 16, 6, 17], [7, 3, 8, 2], [9, 1, 10, 24], [11, 23, 12, 22], [13, 21, 14, 20], [15, 19, 16, 18], [17, 4, 18, 5], [19, 9, 20, 8], [21, 11, 22, 10], [23, 13, 24, 12]]"
12a_0764_163,"[[23, 13, 24, 12], [1, 15, 2, 14], [3, 7, 4, 6], [5, 16, 6, 17], [7, 3, 8, 2], [9, 1, 10, 24], [11, 23, 12, 22], [13, 21, 14, 20], [15, 19, 16, 18], [17, 4, 18, 5], [19, 9, 20, 8], [21, 11, 22, 10]]"
12a_0764_164,"[[21, 11, 22, 10], [23, 13, 24, 12], [1, 15, 2, 14], [3, 7, 4, 6], [5, 16, 6, 17], [7, 3, 8, 2], [9, 1, 10, 24], [11, 23, 12, 22], [13, 21, 14, 20], [15, 19, 16, 18], [17, 4, 18, 5], [19, 9, 20, 8]]"
12a_0764_165,"[[19, 9, 20, 8], [21, 11, 22, 10], [23, 13, 24, 12], [1, 15, 2, 14], [3, 7, 4, 6], [5, 16, 6, 17], [7, 3, 8, 2], [9, 1, 10, 24], [11, 23, 12, 22], [13, 21, 14, 20], [15, 19, 16, 18], [17, 4, 18, 5]]"
12a_0764_166,"[[17, 4, 18, 5], [19, 9, 20, 8], [21, 11, 22, 10], [23, 13, 24, 12], [1, 15, 2, 14], [3, 7, 4, 6], [5, 16, 6, 17], [7, 3, 8, 2], [9, 1, 10, 24], [11, 23, 12, 22], [13, 21, 14, 20], [15, 19, 16, 18]]"
12a_0764_167,"[[15, 19, 16, 18], [17, 4, 18, 5], [19, 9, 20, 8], [21, 11, 22, 10], [23, 13, 24, 12], [1, 15, 2, 14], [3, 7, 4, 6], [5, 16, 6, 17], [7, 3, 8, 2], [9, 1, 10, 24], [11, 23, 12, 22], [13, 21, 14, 20]]"
12a_0764_168,"[[14, 22, 15, 21], [16, 20, 17, 19], [18, 5, 19, 6], [20, 10, 21, 9], [22, 12, 23, 11], [24, 14, 1, 13], [2, 16, 3, 15], [4, 8, 5, 7], [6, 17, 7, 18], [8, 4, 9, 3], [10, 2, 11, 1], [12, 24, 13, 23]]"
12a_0764_169,"[[12, 24, 13, 23], [14, 22, 15, 21], [16, 20, 17, 19], [18, 5, 19, 6], [20, 10, 21, 9], [22, 12, 23, 11], [24, 14, 1, 13], [2, 16, 3, 15], [4, 8, 5, 7], [6, 17, 7, 18], [8, 4, 9, 3], [10, 2, 11, 1]]"
12a_0764_170,"[[10, 2, 11, 1], [12, 24, 13, 23], [14, 22, 15, 21], [16, 20, 17, 19], [18, 5, 19, 6], [20, 10, 21, 9], [22, 12, 23, 11], [24, 14, 1, 13], [2, 16, 3, 15], [4, 8, 5, 7], [6, 17, 7, 18], [8, 4, 9, 3]]"
12a_0764_171,"[[8, 4, 9, 3], [10, 2, 11, 1], [12, 24, 13, 23], [14, 22, 15, 21], [16, 20, 17, 19], [18, 5, 19, 6], [20, 10, 21, 9], [22, 12, 23, 11], [24, 14, 1, 13], [2, 16, 3, 15], [4, 8, 5, 7], [6, 17, 7, 18]]"
12a_0764_172,"[[6, 17, 7, 18], [8, 4, 9, 3], [10, 2, 11, 1], [12, 24, 13, 23], [14, 22, 15, 21], [16, 20, 17, 19], [18, 5, 19, 6], [20, 10, 21, 9], [22, 12, 23, 11], [24, 14, 1, 13], [2, 16, 3, 15], [4, 8, 5, 7]]"
12a_0764_173,"[[4, 8, 5, 7], [6, 17, 7, 18], [8, 4, 9, 3], [10, 2, 11, 1], [12, 24, 13, 23], [14, 22, 15, 21], [16, 20, 17, 19], [18, 5, 19, 6], [20, 10, 21, 9], [22, 12, 23, 11], [24, 14, 1, 13], [2, 16, 3, 15]]"
12a_0764_174,"[[2, 16, 3, 15], [4, 8, 5, 7], [6, 17, 7, 18], [8, 4, 9, 3], [10, 2, 11, 1], [12, 24, 13, 23], [14, 22, 15, 21], [16, 20, 17, 19], [18, 5, 19, 6], [20, 10, 21, 9], [22, 12, 23, 11], [24, 14, 1, 13]]"
12a_0764_175,"[[24, 14, 1, 13], [2, 16, 3, 15], [4, 8, 5, 7], [6, 17, 7, 18], [8, 4, 9, 3], [10, 2, 11, 1], [12, 24, 13, 23], [14, 22, 15, 21], [16, 20, 17, 19], [18, 5, 19, 6], [20, 10, 21, 9], [22, 12, 23, 11]]"
12a_0764_176,"[[22, 12, 23, 11], [24, 14, 1, 13], [2, 16, 3, 15], [4, 8, 5, 7], [6, 17, 7, 18], [8, 4, 9, 3], [10, 2, 11, 1], [12, 24, 13, 23], [14, 22, 15, 21], [16, 20, 17, 19], [18, 5, 19, 6], [20, 10, 21, 9]]"
12a_0764_177,"[[20, 10, 21, 9], [22, 12, 23, 11], [24, 14, 1, 13], [2, 16, 3, 15], [4, 8, 5, 7], [6, 17, 7, 18], [8, 4, 9, 3], [10, 2, 11, 1], [12, 24, 13, 23], [14, 22, 15, 21], [16, 20, 17, 19], [18, 5, 19, 6]]"
12a_0764_178,"[[18, 5, 19, 6], [20, 10, 21, 9], [22, 12, 23, 11], [24, 14, 1, 13], [2, 16, 3, 15], [4, 8, 5, 7], [6, 17, 7, 18], [8, 4, 9, 3], [10, 2, 11, 1], [12, 24, 13, 23], [14, 22, 15, 21], [16, 20, 17, 19]]"
12a_0764_179,"[[16, 20, 17, 19], [18, 5, 19, 6], [20, 10, 21, 9], [22, 12, 23, 11], [24, 14, 1, 13], [2, 16, 3, 15], [4, 8, 5, 7], [6, 17, 7, 18], [8, 4, 9, 3], [10, 2, 11, 1], [12, 24, 13, 23], [14, 22, 15, 21]]"
12a_0764_180,"[[15, 23, 16, 22], [17, 21, 18, 20], [19, 6, 20, 7], [21, 11, 22, 10], [23, 13, 24, 12], [1, 15, 2, 14], [3, 17, 4, 16], [5, 9, 6, 8], [7, 18, 8, 19], [9, 5, 10, 4], [11, 3, 12, 2], [13, 1, 14, 24]]"
12a_0764_181,"[[13, 1, 14, 24], [15, 23, 16, 22], [17, 21, 18, 20], [19, 6, 20, 7], [21, 11, 22, 10], [23, 13, 24, 12], [1, 15, 2, 14], [3, 17, 4, 16], [5, 9, 6, 8], [7, 18, 8, 19], [9, 5, 10, 4], [11, 3, 12, 2]]"
12a_0764_182,"[[11, 3, 12, 2], [13, 1, 14, 24], [15, 23, 16, 22], [17, 21, 18, 20], [19, 6, 20, 7], [21, 11, 22, 10], [23, 13, 24, 12], [1, 15, 2, 14], [3, 17, 4, 16], [5, 9, 6, 8], [7, 18, 8, 19], [9, 5, 10, 4]]"
12a_0764_183,"[[9, 5, 10, 4], [11, 3, 12, 2], [13, 1, 14, 24], [15, 23, 16, 22], [17, 21, 18, 20], [19, 6, 20, 7], [21, 11, 22, 10], [23, 13, 24, 12], [1, 15, 2, 14], [3, 17, 4, 16], [5, 9, 6, 8], [7, 18, 8, 19]]"
12a_0764_184,"[[7, 18, 8, 19], [9, 5, 10, 4], [11, 3, 12, 2], [13, 1, 14, 24], [15, 23, 16, 22], [17, 21, 18, 20], [19, 6, 20, 7], [21, 11, 22, 10], [23, 13, 24, 12], [1, 15, 2, 14], [3, 17, 4, 16], [5, 9, 6, 8]]"
12a_0764_185,"[[5, 9, 6, 8], [7, 18, 8, 19], [9, 5, 10, 4], [11, 3, 12, 2], [13, 1, 14, 24], [15, 23, 16, 22], [17, 21, 18, 20], [19, 6, 20, 7], [21, 11, 22, 10], [23, 13, 24, 12], [1, 15, 2, 14], [3, 17, 4, 16]]"
