name,pd_notation
12a_0315_0,"[[24, 20, 1, 19], [2, 6, 3, 5], [4, 12, 5, 11], [6, 16, 7, 15], [8, 21, 9, 22], [10, 4, 11, 3], [12, 18, 13, 17], [14, 10, 15, 9], [16, 2, 17, 1], [18, 14, 19, 13], [20, 24, 21, 23], [22, 7, 23, 8]]"
12a_0315_1,"[[22, 7, 23, 8], [24, 20, 1, 19], [2, 6, 3, 5], [4, 12, 5, 11], [6, 16, 7, 15], [8, 21, 9, 22], [10, 4, 11, 3], [12, 18, 13, 17], [14, 10, 15, 9], [16, 2, 17, 1], [18, 14, 19, 13], [20, 24, 21, 23]]"
12a_0315_2,"[[20, 24, 21, 23], [22, 7, 23, 8], [24, 20, 1, 19], [2, 6, 3, 5], [4, 12, 5, 11], [6, 16, 7, 15], [8, 21, 9, 22], [10, 4, 11, 3], [12, 18, 13, 17], [14, 10, 15, 9], [16, 2, 17, 1], [18, 14, 19, 13]]"
12a_0315_3,"[[18, 14, 19, 13], [20, 24, 21, 23], [22, 7, 23, 8], [24, 20, 1, 19], [2, 6, 3, 5], [4, 12, 5, 11], [6, 16, 7, 15], [8, 21, 9, 22], [10, 4, 11, 3], [12, 18, 13, 17], [14, 10, 15, 9], [16, 2, 17, 1]]"
12a_0315_4,"[[16, 2, 17, 1], [18, 14, 19, 13], [20, 24, 21, 23], [22, 7, 23, 8], [24, 20, 1, 19], [2, 6, 3, 5], [4, 12, 5, 11], [6, 16, 7, 15], [8, 21, 9, 22], [10, 4, 11, 3], [12, 18, 13, 17], [14, 10, 15, 9]]"
12a_0315_5,"[[14, 10, 15, 9], [16, 2, 17, 1], [18, 14, 19, 13], [20, 24, 21, 23], [22, 7, 23, 8], [24, 20, 1, 19], [2, 6, 3, 5], [4, 12, 5, 11], [6, 16, 7, 15], [8, 21, 9, 22], [10, 4, 11, 3], [12, 18, 13, 17]]"
12a_0315_6,"[[12, 18, 13, 17], [14, 10, 15, 9], [16, 2, 17, 1], [18, 14, 19, 13], [20, 24, 21, 23], [22, 7, 23, 8], [24, 20, 1, 19], [2, 6, 3, 5], [4, 12, 5, 11], [6, 16, 7, 15], [8, 21, 9, 22], [10, 4, 11, 3]]"
12a_0315_7,"[[10, 4, 11, 3], [12, 18, 13, 17], [14, 10, 15, 9], [16, 2, 17, 1], [18, 14, 19, 13], [20, 24, 21, 23], [22, 7, 23, 8], [24, 20, 1, 19], [2, 6, 3, 5], [4, 12, 5, 11], [6, 16, 7, 15], [8, 21, 9, 22]]"
12a_0315_8,"[[8, 21, 9, 22], [10, 4, 11, 3], [12, 18, 13, 17], [14, 10, 15, 9], [16, 2, 17, 1], [18, 14, 19, 13], [20, 24, 21, 23], [22, 7, 23, 8], [24, 20, 1, 19], [2, 6, 3, 5], [4, 12, 5, 11], [6, 16, 7, 15]]"
12a_0315_9,"[[6, 16, 7, 15], [8, 21, 9, 22], [10, 4, 11, 3], [12, 18, 13, 17], [14, 10, 15, 9], [16, 2, 17, 1], [18, 14, 19, 13], [20, 24, 21, 23], [22, 7, 23, 8], [24, 20, 1, 19], [2, 6, 3, 5], [4, 12, 5, 11]]"
12a_0315_10,"[[4, 12, 5, 11], [6, 16, 7, 15], [8, 21, 9, 22], [10, 4, 11, 3], [12, 18, 13, 17], [14, 10, 15, 9], [16, 2, 17, 1], [18, 14, 19, 13], [20, 24, 21, 23], [22, 7, 23, 8], [24, 20, 1, 19], [2, 6, 3, 5]]"
12a_0315_11,"[[2, 6, 3, 5], [4, 12, 5, 11], [6, 16, 7, 15], [8, 21, 9, 22], [10, 4, 11, 3], [12, 18, 13, 17], [14, 10, 15, 9], [16, 2, 17, 1], [18, 14, 19, 13], [20, 24, 21, 23], [22, 7, 23, 8], [24, 20, 1, 19]]"
12a_0315_12,"[[1, 21, 2, 20], [3, 7, 4, 6], [5, 13, 6, 12], [7, 17, 8, 16], [9, 22, 10, 23], [11, 5, 12, 4], [13, 19, 14, 18], [15, 11, 16, 10], [17, 3, 18, 2], [19, 15, 20, 14], [21, 1, 22, 24], [23, 8, 24, 9]]"
12a_0315_13,"[[23, 8, 24, 9], [1, 21, 2, 20], [3, 7, 4, 6], [5, 13, 6, 12], [7, 17, 8, 16], [9, 22, 10, 23], [11, 5, 12, 4], [13, 19, 14, 18], [15, 11, 16, 10], [17, 3, 18, 2], [19, 15, 20, 14], [21, 1, 22, 24]]"
12a_0315_14,"[[21, 1, 22, 24], [23, 8, 24, 9], [1, 21, 2, 20], [3, 7, 4, 6], [5, 13, 6, 12], [7, 17, 8, 16], [9, 22, 10, 23], [11, 5, 12, 4], [13, 19, 14, 18], [15, 11, 16, 10], [17, 3, 18, 2], [19, 15, 20, 14]]"
12a_0315_15,"[[19, 15, 20, 14], [21, 1, 22, 24], [23, 8, 24, 9], [1, 21, 2, 20], [3, 7, 4, 6], [5, 13, 6, 12], [7, 17, 8, 16], [9, 22, 10, 23], [11, 5, 12, 4], [13, 19, 14, 18], [15, 11, 16, 10], [17, 3, 18, 2]]"
12a_0315_16,"[[17, 3, 18, 2], [19, 15, 20, 14], [21, 1, 22, 24], [23, 8, 24, 9], [1, 21, 2, 20], [3, 7, 4, 6], [5, 13, 6, 12], [7, 17, 8, 16], [9, 22, 10, 23], [11, 5, 12, 4], [13, 19, 14, 18], [15, 11, 16, 10]]"
12a_0315_17,"[[15, 11, 16, 10], [17, 3, 18, 2], [19, 15, 20, 14], [21, 1, 22, 24], [23, 8, 24, 9], [1, 21, 2, 20], [3, 7, 4, 6], [5, 13, 6, 12], [7, 17, 8, 16], [9, 22, 10, 23], [11, 5, 12, 4], [13, 19, 14, 18]]"
12a_0315_18,"[[13, 19, 14, 18], [15, 11, 16, 10], [17, 3, 18, 2], [19, 15, 20, 14], [21, 1, 22, 24], [23, 8, 24, 9], [1, 21, 2, 20], [3, 7, 4, 6], [5, 13, 6, 12], [7, 17, 8, 16], [9, 22, 10, 23], [11, 5, 12, 4]]"
12a_0315_19,"[[11, 5, 12, 4], [13, 19, 14, 18], [15, 11, 16, 10], [17, 3, 18, 2], [19, 15, 20, 14], [21, 1, 22, 24], [23, 8, 24, 9], [1, 21, 2, 20], [3, 7, 4, 6], [5, 13, 6, 12], [7, 17, 8, 16], [9, 22, 10, 23]]"
12a_0315_20,"[[9, 22, 10, 23], [11, 5, 12, 4], [13, 19, 14, 18], [15, 11, 16, 10], [17, 3, 18, 2], [19, 15, 20, 14], [21, 1, 22, 24], [23, 8, 24, 9], [1, 21, 2, 20], [3, 7, 4, 6], [5, 13, 6, 12], [7, 17, 8, 16]]"
12a_0315_21,"[[7, 17, 8, 16], [9, 22, 10, 23], [11, 5, 12, 4], [13, 19, 14, 18], [15, 11, 16, 10], [17, 3, 18, 2], [19, 15, 20, 14], [21, 1, 22, 24], [23, 8, 24, 9], [1, 21, 2, 20], [3, 7, 4, 6], [5, 13, 6, 12]]"
12a_0315_22,"[[5, 13, 6, 12], [7, 17, 8, 16], [9, 22, 10, 23], [11, 5, 12, 4], [13, 19, 14, 18], [15, 11, 16, 10], [17, 3, 18, 2], [19, 15, 20, 14], [21, 1, 22, 24], [23, 8, 24, 9], [1, 21, 2, 20], [3, 7, 4, 6]]"
12a_0315_23,"[[3, 7, 4, 6], [5, 13, 6, 12], [7, 17, 8, 16], [9, 22, 10, 23], [11, 5, 12, 4], [13, 19, 14, 18], [15, 11, 16, 10], [17, 3, 18, 2], [19, 15, 20, 14], [21, 1, 22, 24], [23, 8, 24, 9], [1, 21, 2, 20]]"
12a_0315_24,"[[2, 22, 3, 21], [4, 8, 5, 7], [6, 14, 7, 13], [8, 18, 9, 17], [10, 23, 11, 24], [12, 6, 13, 5], [14, 20, 15, 19], [16, 12, 17, 11], [18, 4, 19, 3], [20, 16, 21, 15], [22, 2, 23, 1], [24, 9, 1, 10]]"
12a_0315_25,"[[24, 9, 1, 10], [2, 22, 3, 21], [4, 8, 5, 7], [6, 14, 7, 13], [8, 18, 9, 17], [10, 23, 11, 24], [12, 6, 13, 5], [14, 20, 15, 19], [16, 12, 17, 11], [18, 4, 19, 3], [20, 16, 21, 15], [22, 2, 23, 1]]"
12a_0315_26,"[[22, 2, 23, 1], [24, 9, 1, 10], [2, 22, 3, 21], [4, 8, 5, 7], [6, 14, 7, 13], [8, 18, 9, 17], [10, 23, 11, 24], [12, 6, 13, 5], [14, 20, 15, 19], [16, 12, 17, 11], [18, 4, 19, 3], [20, 16, 21, 15]]"
12a_0315_27,"[[20, 16, 21, 15], [22, 2, 23, 1], [24, 9, 1, 10], [2, 22, 3, 21], [4, 8, 5, 7], [6, 14, 7, 13], [8, 18, 9, 17], [10, 23, 11, 24], [12, 6, 13, 5], [14, 20, 15, 19], [16, 12, 17, 11], [18, 4, 19, 3]]"
12a_0315_28,"[[18, 4, 19, 3], [20, 16, 21, 15], [22, 2, 23, 1], [24, 9, 1, 10], [2, 22, 3, 21], [4, 8, 5, 7], [6, 14, 7, 13], [8, 18, 9, 17], [10, 23, 11, 24], [12, 6, 13, 5], [14, 20, 15, 19], [16, 12, 17, 11]]"
12a_0315_29,"[[16, 12, 17, 11], [18, 4, 19, 3], [20, 16, 21, 15], [22, 2, 23, 1], [24, 9, 1, 10], [2, 22, 3, 21], [4, 8, 5, 7], [6, 14, 7, 13], [8, 18, 9, 17], [10, 23, 11, 24], [12, 6, 13, 5], [14, 20, 15, 19]]"
12a_0315_30,"[[14, 20, 15, 19], [16, 12, 17, 11], [18, 4, 19, 3], [20, 16, 21, 15], [22, 2, 23, 1], [24, 9, 1, 10], [2, 22, 3, 21], [4, 8, 5, 7], [6, 14, 7, 13], [8, 18, 9, 17], [10, 23, 11, 24], [12, 6, 13, 5]]"
12a_0315_31,"[[12, 6, 13, 5], [14, 20, 15, 19], [16, 12, 17, 11], [18, 4, 19, 3], [20, 16, 21, 15], [22, 2, 23, 1], [24, 9, 1, 10], [2, 22, 3, 21], [4, 8, 5, 7], [6, 14, 7, 13], [8, 18, 9, 17], [10, 23, 11, 24]]"
12a_0315_32,"[[10, 23, 11, 24], [12, 6, 13, 5], [14, 20, 15, 19], [16, 12, 17, 11], [18, 4, 19, 3], [20, 16, 21, 15], [22, 2, 23, 1], [24, 9, 1, 10], [2, 22, 3, 21], [4, 8, 5, 7], [6, 14, 7, 13], [8, 18, 9, 17]]"
12a_0315_33,"[[8, 18, 9, 17], [10, 23, 11, 24], [12, 6, 13, 5], [14, 20, 15, 19], [16, 12, 17, 11], [18, 4, 19, 3], [20, 16, 21, 15], [22, 2, 23, 1], [24, 9, 1, 10], [2, 22, 3, 21], [4, 8, 5, 7], [6, 14, 7, 13]]"
12a_0315_34,"[[6, 14, 7, 13], [8, 18, 9, 17], [10, 23, 11, 24], [12, 6, 13, 5], [14, 20, 15, 19], [16, 12, 17, 11], [18, 4, 19, 3], [20, 16, 21, 15], [22, 2, 23, 1], [24, 9, 1, 10], [2, 22, 3, 21], [4, 8, 5, 7]]"
12a_0315_35,"[[4, 8, 5, 7], [6, 14, 7, 13], [8, 18, 9, 17], [10, 23, 11, 24], [12, 6, 13, 5], [14, 20, 15, 19], [16, 12, 17, 11], [18, 4, 19, 3], [20, 16, 21, 15], [22, 2, 23, 1], [24, 9, 1, 10], [2, 22, 3, 21]]"
12a_0315_36,"[[3, 23, 4, 22], [5, 9, 6, 8], [7, 15, 8, 14], [9, 19, 10, 18], [11, 24, 12, 1], [13, 7, 14, 6], [15, 21, 16, 20], [17, 13, 18, 12], [19, 5, 20, 4], [21, 17, 22, 16], [23, 3, 24, 2], [1, 10, 2, 11]]"
12a_0315_37,"[[1, 10, 2, 11], [3, 23, 4, 22], [5, 9, 6, 8], [7, 15, 8, 14], [9, 19, 10, 18], [11, 24, 12, 1], [13, 7, 14, 6], [15, 21, 16, 20], [17, 13, 18, 12], [19, 5, 20, 4], [21, 17, 22, 16], [23, 3, 24, 2]]"
12a_0315_38,"[[23, 3, 24, 2], [1, 10, 2, 11], [3, 23, 4, 22], [5, 9, 6, 8], [7, 15, 8, 14], [9, 19, 10, 18], [11, 24, 12, 1], [13, 7, 14, 6], [15, 21, 16, 20], [17, 13, 18, 12], [19, 5, 20, 4], [21, 17, 22, 16]]"
12a_0315_39,"[[21, 17, 22, 16], [23, 3, 24, 2], [1, 10, 2, 11], [3, 23, 4, 22], [5, 9, 6, 8], [7, 15, 8, 14], [9, 19, 10, 18], [11, 24, 12, 1], [13, 7, 14, 6], [15, 21, 16, 20], [17, 13, 18, 12], [19, 5, 20, 4]]"
12a_0315_40,"[[19, 5, 20, 4], [21, 17, 22, 16], [23, 3, 24, 2], [1, 10, 2, 11], [3, 23, 4, 22], [5, 9, 6, 8], [7, 15, 8, 14], [9, 19, 10, 18], [11, 24, 12, 1], [13, 7, 14, 6], [15, 21, 16, 20], [17, 13, 18, 12]]"
12a_0315_41,"[[17, 13, 18, 12], [19, 5, 20, 4], [21, 17, 22, 16], [23, 3, 24, 2], [1, 10, 2, 11], [3, 23, 4, 22], [5, 9, 6, 8], [7, 15, 8, 14], [9, 19, 10, 18], [11, 24, 12, 1], [13, 7, 14, 6], [15, 21, 16, 20]]"
12a_0315_42,"[[15, 21, 16, 20], [17, 13, 18, 12], [19, 5, 20, 4], [21, 17, 22, 16], [23, 3, 24, 2], [1, 10, 2, 11], [3, 23, 4, 22], [5, 9, 6, 8], [7, 15, 8, 14], [9, 19, 10, 18], [11, 24, 12, 1], [13, 7, 14, 6]]"
12a_0315_43,"[[13, 7, 14, 6], [15, 21, 16, 20], [17, 13, 18, 12], [19, 5, 20, 4], [21, 17, 22, 16], [23, 3, 24, 2], [1, 10, 2, 11], [3, 23, 4, 22], [5, 9, 6, 8], [7, 15, 8, 14], [9, 19, 10, 18], [11, 24, 12, 1]]"
12a_0315_44,"[[11, 24, 12, 1], [13, 7, 14, 6], [15, 21, 16, 20], [17, 13, 18, 12], [19, 5, 20, 4], [21, 17, 22, 16], [23, 3, 24, 2], [1, 10, 2, 11], [3, 23, 4, 22], [5, 9, 6, 8], [7, 15, 8, 14], [9, 19, 10, 18]]"
12a_0315_45,"[[9, 19, 10, 18], [11, 24, 12, 1], [13, 7, 14, 6], [15, 21, 16, 20], [17, 13, 18, 12], [19, 5, 20, 4], [21, 17, 22, 16], [23, 3, 24, 2], [1, 10, 2, 11], [3, 23, 4, 22], [5, 9, 6, 8], [7, 15, 8, 14]]"
12a_0315_46,"[[7, 15, 8, 14], [9, 19, 10, 18], [11, 24, 12, 1], [13, 7, 14, 6], [15, 21, 16, 20], [17, 13, 18, 12], [19, 5, 20, 4], [21, 17, 22, 16], [23, 3, 24, 2], [1, 10, 2, 11], [3, 23, 4, 22], [5, 9, 6, 8]]"
12a_0315_47,"[[5, 9, 6, 8], [7, 15, 8, 14], [9, 19, 10, 18], [11, 24, 12, 1], [13, 7, 14, 6], [15, 21, 16, 20], [17, 13, 18, 12], [19, 5, 20, 4], [21, 17, 22, 16], [23, 3, 24, 2], [1, 10, 2, 11], [3, 23, 4, 22]]"
12a_0315_48,"[[4, 24, 5, 23], [6, 10, 7, 9], [8, 16, 9, 15], [10, 20, 11, 19], [12, 1, 13, 2], [14, 8, 15, 7], [16, 22, 17, 21], [18, 14, 19, 13], [20, 6, 21, 5], [22, 18, 23, 17], [24, 4, 1, 3], [2, 11, 3, 12]]"
12a_0315_49,"[[2, 11, 3, 12], [4, 24, 5, 23], [6, 10, 7, 9], [8, 16, 9, 15], [10, 20, 11, 19], [12, 1, 13, 2], [14, 8, 15, 7], [16, 22, 17, 21], [18, 14, 19, 13], [20, 6, 21, 5], [22, 18, 23, 17], [24, 4, 1, 3]]"
12a_0315_50,"[[24, 4, 1, 3], [2, 11, 3, 12], [4, 24, 5, 23], [6, 10, 7, 9], [8, 16, 9, 15], [10, 20, 11, 19], [12, 1, 13, 2], [14, 8, 15, 7], [16, 22, 17, 21], [18, 14, 19, 13], [20, 6, 21, 5], [22, 18, 23, 17]]"
12a_0315_51,"[[22, 18, 23, 17], [24, 4, 1, 3], [2, 11, 3, 12], [4, 24, 5, 23], [6, 10, 7, 9], [8, 16, 9, 15], [10, 20, 11, 19], [12, 1, 13, 2], [14, 8, 15, 7], [16, 22, 17, 21], [18, 14, 19, 13], [20, 6, 21, 5]]"
12a_0315_52,"[[20, 6, 21, 5], [22, 18, 23, 17], [24, 4, 1, 3], [2, 11, 3, 12], [4, 24, 5, 23], [6, 10, 7, 9], [8, 16, 9, 15], [10, 20, 11, 19], [12, 1, 13, 2], [14, 8, 15, 7], [16, 22, 17, 21], [18, 14, 19, 13]]"
12a_0315_53,"[[18, 14, 19, 13], [20, 6, 21, 5], [22, 18, 23, 17], [24, 4, 1, 3], [2, 11, 3, 12], [4, 24, 5, 23], [6, 10, 7, 9], [8, 16, 9, 15], [10, 20, 11, 19], [12, 1, 13, 2], [14, 8, 15, 7], [16, 22, 17, 21]]"
12a_0315_54,"[[16, 22, 17, 21], [18, 14, 19, 13], [20, 6, 21, 5], [22, 18, 23, 17], [24, 4, 1, 3], [2, 11, 3, 12], [4, 24, 5, 23], [6, 10, 7, 9], [8, 16, 9, 15], [10, 20, 11, 19], [12, 1, 13, 2], [14, 8, 15, 7]]"
12a_0315_55,"[[14, 8, 15, 7], [16, 22, 17, 21], [18, 14, 19, 13], [20, 6, 21, 5], [22, 18, 23, 17], [24, 4, 1, 3], [2, 11, 3, 12], [4, 24, 5, 23], [6, 10, 7, 9], [8, 16, 9, 15], [10, 20, 11, 19], [12, 1, 13, 2]]"
12a_0315_56,"[[12, 1, 13, 2], [14, 8, 15, 7], [16, 22, 17, 21], [18, 14, 19, 13], [20, 6, 21, 5], [22, 18, 23, 17], [24, 4, 1, 3], [2, 11, 3, 12], [4, 24, 5, 23], [6, 10, 7, 9], [8, 16, 9, 15], [10, 20, 11, 19]]"
12a_0315_57,"[[10, 20, 11, 19], [12, 1, 13, 2], [14, 8, 15, 7], [16, 22, 17, 21], [18, 14, 19, 13], [20, 6, 21, 5], [22, 18, 23, 17], [24, 4, 1, 3], [2, 11, 3, 12], [4, 24, 5, 23], [6, 10, 7, 9], [8, 16, 9, 15]]"
12a_0315_58,"[[8, 16, 9, 15], [10, 20, 11, 19], [12, 1, 13, 2], [14, 8, 15, 7], [16, 22, 17, 21], [18, 14, 19, 13], [20, 6, 21, 5], [22, 18, 23, 17], [24, 4, 1, 3], [2, 11, 3, 12], [4, 24, 5, 23], [6, 10, 7, 9]]"
12a_0315_59,"[[6, 10, 7, 9], [8, 16, 9, 15], [10, 20, 11, 19], [12, 1, 13, 2], [14, 8, 15, 7], [16, 22, 17, 21], [18, 14, 19, 13], [20, 6, 21, 5], [22, 18, 23, 17], [24, 4, 1, 3], [2, 11, 3, 12], [4, 24, 5, 23]]"
12a_0315_60,"[[5, 1, 6, 24], [7, 11, 8, 10], [9, 17, 10, 16], [11, 21, 12, 20], [13, 2, 14, 3], [15, 9, 16, 8], [17, 23, 18, 22], [19, 15, 20, 14], [21, 7, 22, 6], [23, 19, 24, 18], [1, 5, 2, 4], [3, 12, 4, 13]]"
12a_0315_61,"[[3, 12, 4, 13], [5, 1, 6, 24], [7, 11, 8, 10], [9, 17, 10, 16], [11, 21, 12, 20], [13, 2, 14, 3], [15, 9, 16, 8], [17, 23, 18, 22], [19, 15, 20, 14], [21, 7, 22, 6], [23, 19, 24, 18], [1, 5, 2, 4]]"
12a_0315_62,"[[1, 5, 2, 4], [3, 12, 4, 13], [5, 1, 6, 24], [7, 11, 8, 10], [9, 17, 10, 16], [11, 21, 12, 20], [13, 2, 14, 3], [15, 9, 16, 8], [17, 23, 18, 22], [19, 15, 20, 14], [21, 7, 22, 6], [23, 19, 24, 18]]"
12a_0315_63,"[[23, 19, 24, 18], [1, 5, 2, 4], [3, 12, 4, 13], [5, 1, 6, 24], [7, 11, 8, 10], [9, 17, 10, 16], [11, 21, 12, 20], [13, 2, 14, 3], [15, 9, 16, 8], [17, 23, 18, 22], [19, 15, 20, 14], [21, 7, 22, 6]]"
12a_0315_64,"[[21, 7, 22, 6], [23, 19, 24, 18], [1, 5, 2, 4], [3, 12, 4, 13], [5, 1, 6, 24], [7, 11, 8, 10], [9, 17, 10, 16], [11, 21, 12, 20], [13, 2, 14, 3], [15, 9, 16, 8], [17, 23, 18, 22], [19, 15, 20, 14]]"
12a_0315_65,"[[19, 15, 20, 14], [21, 7, 22, 6], [23, 19, 24, 18], [1, 5, 2, 4], [3, 12, 4, 13], [5, 1, 6, 24], [7, 11, 8, 10], [9, 17, 10, 16], [11, 21, 12, 20], [13, 2, 14, 3], [15, 9, 16, 8], [17, 23, 18, 22]]"
12a_0315_66,"[[17, 23, 18, 22], [19, 15, 20, 14], [21, 7, 22, 6], [23, 19, 24, 18], [1, 5, 2, 4], [3, 12, 4, 13], [5, 1, 6, 24], [7, 11, 8, 10], [9, 17, 10, 16], [11, 21, 12, 20], [13, 2, 14, 3], [15, 9, 16, 8]]"
12a_0315_67,"[[15, 9, 16, 8], [17, 23, 18, 22], [19, 15, 20, 14], [21, 7, 22, 6], [23, 19, 24, 18], [1, 5, 2, 4], [3, 12, 4, 13], [5, 1, 6, 24], [7, 11, 8, 10], [9, 17, 10, 16], [11, 21, 12, 20], [13, 2, 14, 3]]"
12a_0315_68,"[[13, 2, 14, 3], [15, 9, 16, 8], [17, 23, 18, 22], [19, 15, 20, 14], [21, 7, 22, 6], [23, 19, 24, 18], [1, 5, 2, 4], [3, 12, 4, 13], [5, 1, 6, 24], [7, 11, 8, 10], [9, 17, 10, 16], [11, 21, 12, 20]]"
12a_0315_69,"[[11, 21, 12, 20], [13, 2, 14, 3], [15, 9, 16, 8], [17, 23, 18, 22], [19, 15, 20, 14], [21, 7, 22, 6], [23, 19, 24, 18], [1, 5, 2, 4], [3, 12, 4, 13], [5, 1, 6, 24], [7, 11, 8, 10], [9, 17, 10, 16]]"
12a_0315_70,"[[9, 17, 10, 16], [11, 21, 12, 20], [13, 2, 14, 3], [15, 9, 16, 8], [17, 23, 18, 22], [19, 15, 20, 14], [21, 7, 22, 6], [23, 19, 24, 18], [1, 5, 2, 4], [3, 12, 4, 13], [5, 1, 6, 24], [7, 11, 8, 10]]"
12a_0315_71,"[[7, 11, 8, 10], [9, 17, 10, 16], [11, 21, 12, 20], [13, 2, 14, 3], [15, 9, 16, 8], [17, 23, 18, 22], [19, 15, 20, 14], [21, 7, 22, 6], [23, 19, 24, 18], [1, 5, 2, 4], [3, 12, 4, 13], [5, 1, 6, 24]]"
12a_0315_72,"[[6, 2, 7, 1], [8, 12, 9, 11], [10, 18, 11, 17], [12, 22, 13, 21], [14, 3, 15, 4], [16, 10, 17, 9], [18, 24, 19, 23], [20, 16, 21, 15], [22, 8, 23, 7], [24, 20, 1, 19], [2, 6, 3, 5], [4, 13, 5, 14]]"
12a_0315_73,"[[4, 13, 5, 14], [6, 2, 7, 1], [8, 12, 9, 11], [10, 18, 11, 17], [12, 22, 13, 21], [14, 3, 15, 4], [16, 10, 17, 9], [18, 24, 19, 23], [20, 16, 21, 15], [22, 8, 23, 7], [24, 20, 1, 19], [2, 6, 3, 5]]"
12a_0315_74,"[[2, 6, 3, 5], [4, 13, 5, 14], [6, 2, 7, 1], [8, 12, 9, 11], [10, 18, 11, 17], [12, 22, 13, 21], [14, 3, 15, 4], [16, 10, 17, 9], [18, 24, 19, 23], [20, 16, 21, 15], [22, 8, 23, 7], [24, 20, 1, 19]]"
12a_0315_75,"[[24, 20, 1, 19], [2, 6, 3, 5], [4, 13, 5, 14], [6, 2, 7, 1], [8, 12, 9, 11], [10, 18, 11, 17], [12, 22, 13, 21], [14, 3, 15, 4], [16, 10, 17, 9], [18, 24, 19, 23], [20, 16, 21, 15], [22, 8, 23, 7]]"
12a_0315_76,"[[22, 8, 23, 7], [24, 20, 1, 19], [2, 6, 3, 5], [4, 13, 5, 14], [6, 2, 7, 1], [8, 12, 9, 11], [10, 18, 11, 17], [12, 22, 13, 21], [14, 3, 15, 4], [16, 10, 17, 9], [18, 24, 19, 23], [20, 16, 21, 15]]"
12a_0315_77,"[[20, 16, 21, 15], [22, 8, 23, 7], [24, 20, 1, 19], [2, 6, 3, 5], [4, 13, 5, 14], [6, 2, 7, 1], [8, 12, 9, 11], [10, 18, 11, 17], [12, 22, 13, 21], [14, 3, 15, 4], [16, 10, 17, 9], [18, 24, 19, 23]]"
12a_0315_78,"[[18, 24, 19, 23], [20, 16, 21, 15], [22, 8, 23, 7], [24, 20, 1, 19], [2, 6, 3, 5], [4, 13, 5, 14], [6, 2, 7, 1], [8, 12, 9, 11], [10, 18, 11, 17], [12, 22, 13, 21], [14, 3, 15, 4], [16, 10, 17, 9]]"
12a_0315_79,"[[16, 10, 17, 9], [18, 24, 19, 23], [20, 16, 21, 15], [22, 8, 23, 7], [24, 20, 1, 19], [2, 6, 3, 5], [4, 13, 5, 14], [6, 2, 7, 1], [8, 12, 9, 11], [10, 18, 11, 17], [12, 22, 13, 21], [14, 3, 15, 4]]"
12a_0315_80,"[[14, 3, 15, 4], [16, 10, 17, 9], [18, 24, 19, 23], [20, 16, 21, 15], [22, 8, 23, 7], [24, 20, 1, 19], [2, 6, 3, 5], [4, 13, 5, 14], [6, 2, 7, 1], [8, 12, 9, 11], [10, 18, 11, 17], [12, 22, 13, 21]]"
12a_0315_81,"[[12, 22, 13, 21], [14, 3, 15, 4], [16, 10, 17, 9], [18, 24, 19, 23], [20, 16, 21, 15], [22, 8, 23, 7], [24, 20, 1, 19], [2, 6, 3, 5], [4, 13, 5, 14], [6, 2, 7, 1], [8, 12, 9, 11], [10, 18, 11, 17]]"
12a_0315_82,"[[10, 18, 11, 17], [12, 22, 13, 21], [14, 3, 15, 4], [16, 10, 17, 9], [18, 24, 19, 23], [20, 16, 21, 15], [22, 8, 23, 7], [24, 20, 1, 19], [2, 6, 3, 5], [4, 13, 5, 14], [6, 2, 7, 1], [8, 12, 9, 11]]"
12a_0315_83,"[[8, 12, 9, 11], [10, 18, 11, 17], [12, 22, 13, 21], [14, 3, 15, 4], [16, 10, 17, 9], [18, 24, 19, 23], [20, 16, 21, 15], [22, 8, 23, 7], [24, 20, 1, 19], [2, 6, 3, 5], [4, 13, 5, 14], [6, 2, 7, 1]]"
12a_0315_84,"[[7, 3, 8, 2], [9, 13, 10, 12], [11, 19, 12, 18], [13, 23, 14, 22], [15, 4, 16, 5], [17, 11, 18, 10], [19, 1, 20, 24], [21, 17, 22, 16], [23, 9, 24, 8], [1, 21, 2, 20], [3, 7, 4, 6], [5, 14, 6, 15]]"
12a_0315_85,"[[5, 14, 6, 15], [7, 3, 8, 2], [9, 13, 10, 12], [11, 19, 12, 18], [13, 23, 14, 22], [15, 4, 16, 5], [17, 11, 18, 10], [19, 1, 20, 24], [21, 17, 22, 16], [23, 9, 24, 8], [1, 21, 2, 20], [3, 7, 4, 6]]"
12a_0315_86,"[[3, 7, 4, 6], [5, 14, 6, 15], [7, 3, 8, 2], [9, 13, 10, 12], [11, 19, 12, 18], [13, 23, 14, 22], [15, 4, 16, 5], [17, 11, 18, 10], [19, 1, 20, 24], [21, 17, 22, 16], [23, 9, 24, 8], [1, 21, 2, 20]]"
12a_0315_87,"[[1, 21, 2, 20], [3, 7, 4, 6], [5, 14, 6, 15], [7, 3, 8, 2], [9, 13, 10, 12], [11, 19, 12, 18], [13, 23, 14, 22], [15, 4, 16, 5], [17, 11, 18, 10], [19, 1, 20, 24], [21, 17, 22, 16], [23, 9, 24, 8]]"
12a_0315_88,"[[23, 9, 24, 8], [1, 21, 2, 20], [3, 7, 4, 6], [5, 14, 6, 15], [7, 3, 8, 2], [9, 13, 10, 12], [11, 19, 12, 18], [13, 23, 14, 22], [15, 4, 16, 5], [17, 11, 18, 10], [19, 1, 20, 24], [21, 17, 22, 16]]"
12a_0315_89,"[[21, 17, 22, 16], [23, 9, 24, 8], [1, 21, 2, 20], [3, 7, 4, 6], [5, 14, 6, 15], [7, 3, 8, 2], [9, 13, 10, 12], [11, 19, 12, 18], [13, 23, 14, 22], [15, 4, 16, 5], [17, 11, 18, 10], [19, 1, 20, 24]]"
12a_0315_90,"[[19, 1, 20, 24], [21, 17, 22, 16], [23, 9, 24, 8], [1, 21, 2, 20], [3, 7, 4, 6], [5, 14, 6, 15], [7, 3, 8, 2], [9, 13, 10, 12], [11, 19, 12, 18], [13, 23, 14, 22], [15, 4, 16, 5], [17, 11, 18, 10]]"
12a_0315_91,"[[17, 11, 18, 10], [19, 1, 20, 24], [21, 17, 22, 16], [23, 9, 24, 8], [1, 21, 2, 20], [3, 7, 4, 6], [5, 14, 6, 15], [7, 3, 8, 2], [9, 13, 10, 12], [11, 19, 12, 18], [13, 23, 14, 22], [15, 4, 16, 5]]"
12a_0315_92,"[[15, 4, 16, 5], [17, 11, 18, 10], [19, 1, 20, 24], [21, 17, 22, 16], [23, 9, 24, 8], [1, 21, 2, 20], [3, 7, 4, 6], [5, 14, 6, 15], [7, 3, 8, 2], [9, 13, 10, 12], [11, 19, 12, 18], [13, 23, 14, 22]]"
12a_0315_93,"[[13, 23, 14, 22], [15, 4, 16, 5], [17, 11, 18, 10], [19, 1, 20, 24], [21, 17, 22, 16], [23, 9, 24, 8], [1, 21, 2, 20], [3, 7, 4, 6], [5, 14, 6, 15], [7, 3, 8, 2], [9, 13, 10, 12], [11, 19, 12, 18]]"
12a_0315_94,"[[11, 19, 12, 18], [13, 23, 14, 22], [15, 4, 16, 5], [17, 11, 18, 10], [19, 1, 20, 24], [21, 17, 22, 16], [23, 9, 24, 8], [1, 21, 2, 20], [3, 7, 4, 6], [5, 14, 6, 15], [7, 3, 8, 2], [9, 13, 10, 12]]"
12a_0315_95,"[[9, 13, 10, 12], [11, 19, 12, 18], [13, 23, 14, 22], [15, 4, 16, 5], [17, 11, 18, 10], [19, 1, 20, 24], [21, 17, 22, 16], [23, 9, 24, 8], [1, 21, 2, 20], [3, 7, 4, 6], [5, 14, 6, 15], [7, 3, 8, 2]]"
12a_0315_96,"[[8, 4, 9, 3], [10, 14, 11, 13], [12, 20, 13, 19], [14, 24, 15, 23], [16, 5, 17, 6], [18, 12, 19, 11], [20, 2, 21, 1], [22, 18, 23, 17], [24, 10, 1, 9], [2, 22, 3, 21], [4, 8, 5, 7], [6, 15, 7, 16]]"
12a_0315_97,"[[6, 15, 7, 16], [8, 4, 9, 3], [10, 14, 11, 13], [12, 20, 13, 19], [14, 24, 15, 23], [16, 5, 17, 6], [18, 12, 19, 11], [20, 2, 21, 1], [22, 18, 23, 17], [24, 10, 1, 9], [2, 22, 3, 21], [4, 8, 5, 7]]"
12a_0315_98,"[[4, 8, 5, 7], [6, 15, 7, 16], [8, 4, 9, 3], [10, 14, 11, 13], [12, 20, 13, 19], [14, 24, 15, 23], [16, 5, 17, 6], [18, 12, 19, 11], [20, 2, 21, 1], [22, 18, 23, 17], [24, 10, 1, 9], [2, 22, 3, 21]]"
12a_0315_99,"[[2, 22, 3, 21], [4, 8, 5, 7], [6, 15, 7, 16], [8, 4, 9, 3], [10, 14, 11, 13], [12, 20, 13, 19], [14, 24, 15, 23], [16, 5, 17, 6], [18, 12, 19, 11], [20, 2, 21, 1], [22, 18, 23, 17], [24, 10, 1, 9]]"
12a_0315_100,"[[24, 10, 1, 9], [2, 22, 3, 21], [4, 8, 5, 7], [6, 15, 7, 16], [8, 4, 9, 3], [10, 14, 11, 13], [12, 20, 13, 19], [14, 24, 15, 23], [16, 5, 17, 6], [18, 12, 19, 11], [20, 2, 21, 1], [22, 18, 23, 17]]"
12a_0315_101,"[[22, 18, 23, 17], [24, 10, 1, 9], [2, 22, 3, 21], [4, 8, 5, 7], [6, 15, 7, 16], [8, 4, 9, 3], [10, 14, 11, 13], [12, 20, 13, 19], [14, 24, 15, 23], [16, 5, 17, 6], [18, 12, 19, 11], [20, 2, 21, 1]]"
12a_0315_102,"[[20, 2, 21, 1], [22, 18, 23, 17], [24, 10, 1, 9], [2, 22, 3, 21], [4, 8, 5, 7], [6, 15, 7, 16], [8, 4, 9, 3], [10, 14, 11, 13], [12, 20, 13, 19], [14, 24, 15, 23], [16, 5, 17, 6], [18, 12, 19, 11]]"
12a_0315_103,"[[18, 12, 19, 11], [20, 2, 21, 1], [22, 18, 23, 17], [24, 10, 1, 9], [2, 22, 3, 21], [4, 8, 5, 7], [6, 15, 7, 16], [8, 4, 9, 3], [10, 14, 11, 13], [12, 20, 13, 19], [14, 24, 15, 23], [16, 5, 17, 6]]"
12a_0315_104,"[[16, 5, 17, 6], [18, 12, 19, 11], [20, 2, 21, 1], [22, 18, 23, 17], [24, 10, 1, 9], [2, 22, 3, 21], [4, 8, 5, 7], [6, 15, 7, 16], [8, 4, 9, 3], [10, 14, 11, 13], [12, 20, 13, 19], [14, 24, 15, 23]]"
12a_0315_105,"[[14, 24, 15, 23], [16, 5, 17, 6], [18, 12, 19, 11], [20, 2, 21, 1], [22, 18, 23, 17], [24, 10, 1, 9], [2, 22, 3, 21], [4, 8, 5, 7], [6, 15, 7, 16], [8, 4, 9, 3], [10, 14, 11, 13], [12, 20, 13, 19]]"
12a_0315_106,"[[12, 20, 13, 19], [14, 24, 15, 23], [16, 5, 17, 6], [18, 12, 19, 11], [20, 2, 21, 1], [22, 18, 23, 17], [24, 10, 1, 9], [2, 22, 3, 21], [4, 8, 5, 7], [6, 15, 7, 16], [8, 4, 9, 3], [10, 14, 11, 13]]"
12a_0315_107,"[[10, 14, 11, 13], [12, 20, 13, 19], [14, 24, 15, 23], [16, 5, 17, 6], [18, 12, 19, 11], [20, 2, 21, 1], [22, 18, 23, 17], [24, 10, 1, 9], [2, 22, 3, 21], [4, 8, 5, 7], [6, 15, 7, 16], [8, 4, 9, 3]]"
12a_0315_108,"[[9, 5, 10, 4], [11, 15, 12, 14], [13, 21, 14, 20], [15, 1, 16, 24], [17, 6, 18, 7], [19, 13, 20, 12], [21, 3, 22, 2], [23, 19, 24, 18], [1, 11, 2, 10], [3, 23, 4, 22], [5, 9, 6, 8], [7, 16, 8, 17]]"
12a_0315_109,"[[7, 16, 8, 17], [9, 5, 10, 4], [11, 15, 12, 14], [13, 21, 14, 20], [15, 1, 16, 24], [17, 6, 18, 7], [19, 13, 20, 12], [21, 3, 22, 2], [23, 19, 24, 18], [1, 11, 2, 10], [3, 23, 4, 22], [5, 9, 6, 8]]"
12a_0315_110,"[[5, 9, 6, 8], [7, 16, 8, 17], [9, 5, 10, 4], [11, 15, 12, 14], [13, 21, 14, 20], [15, 1, 16, 24], [17, 6, 18, 7], [19, 13, 20, 12], [21, 3, 22, 2], [23, 19, 24, 18], [1, 11, 2, 10], [3, 23, 4, 22]]"
12a_0315_111,"[[3, 23, 4, 22], [5, 9, 6, 8], [7, 16, 8, 17], [9, 5, 10, 4], [11, 15, 12, 14], [13, 21, 14, 20], [15, 1, 16, 24], [17, 6, 18, 7], [19, 13, 20, 12], [21, 3, 22, 2], [23, 19, 24, 18], [1, 11, 2, 10]]"
12a_0315_112,"[[1, 11, 2, 10], [3, 23, 4, 22], [5, 9, 6, 8], [7, 16, 8, 17], [9, 5, 10, 4], [11, 15, 12, 14], [13, 21, 14, 20], [15, 1, 16, 24], [17, 6, 18, 7], [19, 13, 20, 12], [21, 3, 22, 2], [23, 19, 24, 18]]"
12a_0315_113,"[[23, 19, 24, 18], [1, 11, 2, 10], [3, 23, 4, 22], [5, 9, 6, 8], [7, 16, 8, 17], [9, 5, 10, 4], [11, 15, 12, 14], [13, 21, 14, 20], [15, 1, 16, 24], [17, 6, 18, 7], [19, 13, 20, 12], [21, 3, 22, 2]]"
12a_0315_114,"[[21, 3, 22, 2], [23, 19, 24, 18], [1, 11, 2, 10], [3, 23, 4, 22], [5, 9, 6, 8], [7, 16, 8, 17], [9, 5, 10, 4], [11, 15, 12, 14], [13, 21, 14, 20], [15, 1, 16, 24], [17, 6, 18, 7], [19, 13, 20, 12]]"
12a_0315_115,"[[19, 13, 20, 12], [21, 3, 22, 2], [23, 19, 24, 18], [1, 11, 2, 10], [3, 23, 4, 22], [5, 9, 6, 8], [7, 16, 8, 17], [9, 5, 10, 4], [11, 15, 12, 14], [13, 21, 14, 20], [15, 1, 16, 24], [17, 6, 18, 7]]"
12a_0315_116,"[[17, 6, 18, 7], [19, 13, 20, 12], [21, 3, 22, 2], [23, 19, 24, 18], [1, 11, 2, 10], [3, 23, 4, 22], [5, 9, 6, 8], [7, 16, 8, 17], [9, 5, 10, 4], [11, 15, 12, 14], [13, 21, 14, 20], [15, 1, 16, 24]]"
12a_0315_117,"[[15, 1, 16, 24], [17, 6, 18, 7], [19, 13, 20, 12], [21, 3, 22, 2], [23, 19, 24, 18], [1, 11, 2, 10], [3, 23, 4, 22], [5, 9, 6, 8], [7, 16, 8, 17], [9, 5, 10, 4], [11, 15, 12, 14], [13, 21, 14, 20]]"
12a_0315_118,"[[13, 21, 14, 20], [15, 1, 16, 24], [17, 6, 18, 7], [19, 13, 20, 12], [21, 3, 22, 2], [23, 19, 24, 18], [1, 11, 2, 10], [3, 23, 4, 22], [5, 9, 6, 8], [7, 16, 8, 17], [9, 5, 10, 4], [11, 15, 12, 14]]"
12a_0315_119,"[[11, 15, 12, 14], [13, 21, 14, 20], [15, 1, 16, 24], [17, 6, 18, 7], [19, 13, 20, 12], [21, 3, 22, 2], [23, 19, 24, 18], [1, 11, 2, 10], [3, 23, 4, 22], [5, 9, 6, 8], [7, 16, 8, 17], [9, 5, 10, 4]]"
12a_0315_120,"[[10, 6, 11, 5], [12, 16, 13, 15], [14, 22, 15, 21], [16, 2, 17, 1], [18, 7, 19, 8], [20, 14, 21, 13], [22, 4, 23, 3], [24, 20, 1, 19], [2, 12, 3, 11], [4, 24, 5, 23], [6, 10, 7, 9], [8, 17, 9, 18]]"
12a_0315_121,"[[8, 17, 9, 18], [10, 6, 11, 5], [12, 16, 13, 15], [14, 22, 15, 21], [16, 2, 17, 1], [18, 7, 19, 8], [20, 14, 21, 13], [22, 4, 23, 3], [24, 20, 1, 19], [2, 12, 3, 11], [4, 24, 5, 23], [6, 10, 7, 9]]"
12a_0315_122,"[[6, 10, 7, 9], [8, 17, 9, 18], [10, 6, 11, 5], [12, 16, 13, 15], [14, 22, 15, 21], [16, 2, 17, 1], [18, 7, 19, 8], [20, 14, 21, 13], [22, 4, 23, 3], [24, 20, 1, 19], [2, 12, 3, 11], [4, 24, 5, 23]]"
12a_0315_123,"[[4, 24, 5, 23], [6, 10, 7, 9], [8, 17, 9, 18], [10, 6, 11, 5], [12, 16, 13, 15], [14, 22, 15, 21], [16, 2, 17, 1], [18, 7, 19, 8], [20, 14, 21, 13], [22, 4, 23, 3], [24, 20, 1, 19], [2, 12, 3, 11]]"
12a_0315_124,"[[2, 12, 3, 11], [4, 24, 5, 23], [6, 10, 7, 9], [8, 17, 9, 18], [10, 6, 11, 5], [12, 16, 13, 15], [14, 22, 15, 21], [16, 2, 17, 1], [18, 7, 19, 8], [20, 14, 21, 13], [22, 4, 23, 3], [24, 20, 1, 19]]"
12a_0315_125,"[[24, 20, 1, 19], [2, 12, 3, 11], [4, 24, 5, 23], [6, 10, 7, 9], [8, 17, 9, 18], [10, 6, 11, 5], [12, 16, 13, 15], [14, 22, 15, 21], [16, 2, 17, 1], [18, 7, 19, 8], [20, 14, 21, 13], [22, 4, 23, 3]]"
12a_0315_126,"[[22, 4, 23, 3], [24, 20, 1, 19], [2, 12, 3, 11], [4, 24, 5, 23], [6, 10, 7, 9], [8, 17, 9, 18], [10, 6, 11, 5], [12, 16, 13, 15], [14, 22, 15, 21], [16, 2, 17, 1], [18, 7, 19, 8], [20, 14, 21, 13]]"
12a_0315_127,"[[20, 14, 21, 13], [22, 4, 23, 3], [24, 20, 1, 19], [2, 12, 3, 11], [4, 24, 5, 23], [6, 10, 7, 9], [8, 17, 9, 18], [10, 6, 11, 5], [12, 16, 13, 15], [14, 22, 15, 21], [16, 2, 17, 1], [18, 7, 19, 8]]"
12a_0315_128,"[[18, 7, 19, 8], [20, 14, 21, 13], [22, 4, 23, 3], [24, 20, 1, 19], [2, 12, 3, 11], [4, 24, 5, 23], [6, 10, 7, 9], [8, 17, 9, 18], [10, 6, 11, 5], [12, 16, 13, 15], [14, 22, 15, 21], [16, 2, 17, 1]]"
12a_0315_129,"[[16, 2, 17, 1], [18, 7, 19, 8], [20, 14, 21, 13], [22, 4, 23, 3], [24, 20, 1, 19], [2, 12, 3, 11], [4, 24, 5, 23], [6, 10, 7, 9], [8, 17, 9, 18], [10, 6, 11, 5], [12, 16, 13, 15], [14, 22, 15, 21]]"
12a_0315_130,"[[14, 22, 15, 21], [16, 2, 17, 1], [18, 7, 19, 8], [20, 14, 21, 13], [22, 4, 23, 3], [24, 20, 1, 19], [2, 12, 3, 11], [4, 24, 5, 23], [6, 10, 7, 9], [8, 17, 9, 18], [10, 6, 11, 5], [12, 16, 13, 15]]"
12a_0315_131,"[[12, 16, 13, 15], [14, 22, 15, 21], [16, 2, 17, 1], [18, 7, 19, 8], [20, 14, 21, 13], [22, 4, 23, 3], [24, 20, 1, 19], [2, 12, 3, 11], [4, 24, 5, 23], [6, 10, 7, 9], [8, 17, 9, 18], [10, 6, 11, 5]]"
12a_0315_132,"[[11, 7, 12, 6], [13, 17, 14, 16], [15, 23, 16, 22], [17, 3, 18, 2], [19, 8, 20, 9], [21, 15, 22, 14], [23, 5, 24, 4], [1, 21, 2, 20], [3, 13, 4, 12], [5, 1, 6, 24], [7, 11, 8, 10], [9, 18, 10, 19]]"
12a_0315_133,"[[9, 18, 10, 19], [11, 7, 12, 6], [13, 17, 14, 16], [15, 23, 16, 22], [17, 3, 18, 2], [19, 8, 20, 9], [21, 15, 22, 14], [23, 5, 24, 4], [1, 21, 2, 20], [3, 13, 4, 12], [5, 1, 6, 24], [7, 11, 8, 10]]"
12a_0315_134,"[[7, 11, 8, 10], [9, 18, 10, 19], [11, 7, 12, 6], [13, 17, 14, 16], [15, 23, 16, 22], [17, 3, 18, 2], [19, 8, 20, 9], [21, 15, 22, 14], [23, 5, 24, 4], [1, 21, 2, 20], [3, 13, 4, 12], [5, 1, 6, 24]]"
12a_0315_135,"[[5, 1, 6, 24], [7, 11, 8, 10], [9, 18, 10, 19], [11, 7, 12, 6], [13, 17, 14, 16], [15, 23, 16, 22], [17, 3, 18, 2], [19, 8, 20, 9], [21, 15, 22, 14], [23, 5, 24, 4], [1, 21, 2, 20], [3, 13, 4, 12]]"
12a_0315_136,"[[3, 13, 4, 12], [5, 1, 6, 24], [7, 11, 8, 10], [9, 18, 10, 19], [11, 7, 12, 6], [13, 17, 14, 16], [15, 23, 16, 22], [17, 3, 18, 2], [19, 8, 20, 9], [21, 15, 22, 14], [23, 5, 24, 4], [1, 21, 2, 20]]"
12a_0315_137,"[[1, 21, 2, 20], [3, 13, 4, 12], [5, 1, 6, 24], [7, 11, 8, 10], [9, 18, 10, 19], [11, 7, 12, 6], [13, 17, 14, 16], [15, 23, 16, 22], [17, 3, 18, 2], [19, 8, 20, 9], [21, 15, 22, 14], [23, 5, 24, 4]]"
12a_0315_138,"[[23, 5, 24, 4], [1, 21, 2, 20], [3, 13, 4, 12], [5, 1, 6, 24], [7, 11, 8, 10], [9, 18, 10, 19], [11, 7, 12, 6], [13, 17, 14, 16], [15, 23, 16, 22], [17, 3, 18, 2], [19, 8, 20, 9], [21, 15, 22, 14]]"
12a_0315_139,"[[21, 15, 22, 14], [23, 5, 24, 4], [1, 21, 2, 20], [3, 13, 4, 12], [5, 1, 6, 24], [7, 11, 8, 10], [9, 18, 10, 19], [11, 7, 12, 6], [13, 17, 14, 16], [15, 23, 16, 22], [17, 3, 18, 2], [19, 8, 20, 9]]"
12a_0315_140,"[[19, 8, 20, 9], [21, 15, 22, 14], [23, 5, 24, 4], [1, 21, 2, 20], [3, 13, 4, 12], [5, 1, 6, 24], [7, 11, 8, 10], [9, 18, 10, 19], [11, 7, 12, 6], [13, 17, 14, 16], [15, 23, 16, 22], [17, 3, 18, 2]]"
12a_0315_141,"[[17, 3, 18, 2], [19, 8, 20, 9], [21, 15, 22, 14], [23, 5, 24, 4], [1, 21, 2, 20], [3, 13, 4, 12], [5, 1, 6, 24], [7, 11, 8, 10], [9, 18, 10, 19], [11, 7, 12, 6], [13, 17, 14, 16], [15, 23, 16, 22]]"
12a_0315_142,"[[15, 23, 16, 22], [17, 3, 18, 2], [19, 8, 20, 9], [21, 15, 22, 14], [23, 5, 24, 4], [1, 21, 2, 20], [3, 13, 4, 12], [5, 1, 6, 24], [7, 11, 8, 10], [9, 18, 10, 19], [11, 7, 12, 6], [13, 17, 14, 16]]"
12a_0315_143,"[[13, 17, 14, 16], [15, 23, 16, 22], [17, 3, 18, 2], [19, 8, 20, 9], [21, 15, 22, 14], [23, 5, 24, 4], [1, 21, 2, 20], [3, 13, 4, 12], [5, 1, 6, 24], [7, 11, 8, 10], [9, 18, 10, 19], [11, 7, 12, 6]]"
12a_0315_144,"[[12, 8, 13, 7], [14, 18, 15, 17], [16, 24, 17, 23], [18, 4, 19, 3], [20, 9, 21, 10], [22, 16, 23, 15], [24, 6, 1, 5], [2, 22, 3, 21], [4, 14, 5, 13], [6, 2, 7, 1], [8, 12, 9, 11], [10, 19, 11, 20]]"
12a_0315_145,"[[10, 19, 11, 20], [12, 8, 13, 7], [14, 18, 15, 17], [16, 24, 17, 23], [18, 4, 19, 3], [20, 9, 21, 10], [22, 16, 23, 15], [24, 6, 1, 5], [2, 22, 3, 21], [4, 14, 5, 13], [6, 2, 7, 1], [8, 12, 9, 11]]"
12a_0315_146,"[[8, 12, 9, 11], [10, 19, 11, 20], [12, 8, 13, 7], [14, 18, 15, 17], [16, 24, 17, 23], [18, 4, 19, 3], [20, 9, 21, 10], [22, 16, 23, 15], [24, 6, 1, 5], [2, 22, 3, 21], [4, 14, 5, 13], [6, 2, 7, 1]]"
12a_0315_147,"[[6, 2, 7, 1], [8, 12, 9, 11], [10, 19, 11, 20], [12, 8, 13, 7], [14, 18, 15, 17], [16, 24, 17, 23], [18, 4, 19, 3], [20, 9, 21, 10], [22, 16, 23, 15], [24, 6, 1, 5], [2, 22, 3, 21], [4, 14, 5, 13]]"
12a_0315_148,"[[4, 14, 5, 13], [6, 2, 7, 1], [8, 12, 9, 11], [10, 19, 11, 20], [12, 8, 13, 7], [14, 18, 15, 17], [16, 24, 17, 23], [18, 4, 19, 3], [20, 9, 21, 10], [22, 16, 23, 15], [24, 6, 1, 5], [2, 22, 3, 21]]"
12a_0315_149,"[[2, 22, 3, 21], [4, 14, 5, 13], [6, 2, 7, 1], [8, 12, 9, 11], [10, 19, 11, 20], [12, 8, 13, 7], [14, 18, 15, 17], [16, 24, 17, 23], [18, 4, 19, 3], [20, 9, 21, 10], [22, 16, 23, 15], [24, 6, 1, 5]]"
12a_0315_150,"[[24, 6, 1, 5], [2, 22, 3, 21], [4, 14, 5, 13], [6, 2, 7, 1], [8, 12, 9, 11], [10, 19, 11, 20], [12, 8, 13, 7], [14, 18, 15, 17], [16, 24, 17, 23], [18, 4, 19, 3], [20, 9, 21, 10], [22, 16, 23, 15]]"
12a_0315_151,"[[22, 16, 23, 15], [24, 6, 1, 5], [2, 22, 3, 21], [4, 14, 5, 13], [6, 2, 7, 1], [8, 12, 9, 11], [10, 19, 11, 20], [12, 8, 13, 7], [14, 18, 15, 17], [16, 24, 17, 23], [18, 4, 19, 3], [20, 9, 21, 10]]"
12a_0315_152,"[[20, 9, 21, 10], [22, 16, 23, 15], [24, 6, 1, 5], [2, 22, 3, 21], [4, 14, 5, 13], [6, 2, 7, 1], [8, 12, 9, 11], [10, 19, 11, 20], [12, 8, 13, 7], [14, 18, 15, 17], [16, 24, 17, 23], [18, 4, 19, 3]]"
12a_0315_153,"[[18, 4, 19, 3], [20, 9, 21, 10], [22, 16, 23, 15], [24, 6, 1, 5], [2, 22, 3, 21], [4, 14, 5, 13], [6, 2, 7, 1], [8, 12, 9, 11], [10, 19, 11, 20], [12, 8, 13, 7], [14, 18, 15, 17], [16, 24, 17, 23]]"
12a_0315_154,"[[16, 24, 17, 23], [18, 4, 19, 3], [20, 9, 21, 10], [22, 16, 23, 15], [24, 6, 1, 5], [2, 22, 3, 21], [4, 14, 5, 13], [6, 2, 7, 1], [8, 12, 9, 11], [10, 19, 11, 20], [12, 8, 13, 7], [14, 18, 15, 17]]"
12a_0315_155,"[[14, 18, 15, 17], [16, 24, 17, 23], [18, 4, 19, 3], [20, 9, 21, 10], [22, 16, 23, 15], [24, 6, 1, 5], [2, 22, 3, 21], [4, 14, 5, 13], [6, 2, 7, 1], [8, 12, 9, 11], [10, 19, 11, 20], [12, 8, 13, 7]]"
12a_0315_156,"[[13, 9, 14, 8], [15, 19, 16, 18], [17, 1, 18, 24], [19, 5, 20, 4], [21, 10, 22, 11], [23, 17, 24, 16], [1, 7, 2, 6], [3, 23, 4, 22], [5, 15, 6, 14], [7, 3, 8, 2], [9, 13, 10, 12], [11, 20, 12, 21]]"
12a_0315_157,"[[11, 20, 12, 21], [13, 9, 14, 8], [15, 19, 16, 18], [17, 1, 18, 24], [19, 5, 20, 4], [21, 10, 22, 11], [23, 17, 24, 16], [1, 7, 2, 6], [3, 23, 4, 22], [5, 15, 6, 14], [7, 3, 8, 2], [9, 13, 10, 12]]"
12a_0315_158,"[[9, 13, 10, 12], [11, 20, 12, 21], [13, 9, 14, 8], [15, 19, 16, 18], [17, 1, 18, 24], [19, 5, 20, 4], [21, 10, 22, 11], [23, 17, 24, 16], [1, 7, 2, 6], [3, 23, 4, 22], [5, 15, 6, 14], [7, 3, 8, 2]]"
12a_0315_159,"[[7, 3, 8, 2], [9, 13, 10, 12], [11, 20, 12, 21], [13, 9, 14, 8], [15, 19, 16, 18], [17, 1, 18, 24], [19, 5, 20, 4], [21, 10, 22, 11], [23, 17, 24, 16], [1, 7, 2, 6], [3, 23, 4, 22], [5, 15, 6, 14]]"
12a_0315_160,"[[5, 15, 6, 14], [7, 3, 8, 2], [9, 13, 10, 12], [11, 20, 12, 21], [13, 9, 14, 8], [15, 19, 16, 18], [17, 1, 18, 24], [19, 5, 20, 4], [21, 10, 22, 11], [23, 17, 24, 16], [1, 7, 2, 6], [3, 23, 4, 22]]"
12a_0315_161,"[[3, 23, 4, 22], [5, 15, 6, 14], [7, 3, 8, 2], [9, 13, 10, 12], [11, 20, 12, 21], [13, 9, 14, 8], [15, 19, 16, 18], [17, 1, 18, 24], [19, 5, 20, 4], [21, 10, 22, 11], [23, 17, 24, 16], [1, 7, 2, 6]]"
12a_0315_162,"[[1, 7, 2, 6], [3, 23, 4, 22], [5, 15, 6, 14], [7, 3, 8, 2], [9, 13, 10, 12], [11, 20, 12, 21], [13, 9, 14, 8], [15, 19, 16, 18], [17, 1, 18, 24], [19, 5, 20, 4], [21, 10, 22, 11], [23, 17, 24, 16]]"
12a_0315_163,"[[23, 17, 24, 16], [1, 7, 2, 6], [3, 23, 4, 22], [5, 15, 6, 14], [7, 3, 8, 2], [9, 13, 10, 12], [11, 20, 12, 21], [13, 9, 14, 8], [15, 19, 16, 18], [17, 1, 18, 24], [19, 5, 20, 4], [21, 10, 22, 11]]"
12a_0315_164,"[[21, 10, 22, 11], [23, 17, 24, 16], [1, 7, 2, 6], [3, 23, 4, 22], [5, 15, 6, 14], [7, 3, 8, 2], [9, 13, 10, 12], [11, 20, 12, 21], [13, 9, 14, 8], [15, 19, 16, 18], [17, 1, 18, 24], [19, 5, 20, 4]]"
12a_0315_165,"[[19, 5, 20, 4], [21, 10, 22, 11], [23, 17, 24, 16], [1, 7, 2, 6], [3, 23, 4, 22], [5, 15, 6, 14], [7, 3, 8, 2], [9, 13, 10, 12], [11, 20, 12, 21], [13, 9, 14, 8], [15, 19, 16, 18], [17, 1, 18, 24]]"
12a_0315_166,"[[17, 1, 18, 24], [19, 5, 20, 4], [21, 10, 22, 11], [23, 17, 24, 16], [1, 7, 2, 6], [3, 23, 4, 22], [5, 15, 6, 14], [7, 3, 8, 2], [9, 13, 10, 12], [11, 20, 12, 21], [13, 9, 14, 8], [15, 19, 16, 18]]"
12a_0315_167,"[[15, 19, 16, 18], [17, 1, 18, 24], [19, 5, 20, 4], [21, 10, 22, 11], [23, 17, 24, 16], [1, 7, 2, 6], [3, 23, 4, 22], [5, 15, 6, 14], [7, 3, 8, 2], [9, 13, 10, 12], [11, 20, 12, 21], [13, 9, 14, 8]]"
12a_0315_168,"[[14, 10, 15, 9], [16, 20, 17, 19], [18, 2, 19, 1], [20, 6, 21, 5], [22, 11, 23, 12], [24, 18, 1, 17], [2, 8, 3, 7], [4, 24, 5, 23], [6, 16, 7, 15], [8, 4, 9, 3], [10, 14, 11, 13], [12, 21, 13, 22]]"
12a_0315_169,"[[12, 21, 13, 22], [14, 10, 15, 9], [16, 20, 17, 19], [18, 2, 19, 1], [20, 6, 21, 5], [22, 11, 23, 12], [24, 18, 1, 17], [2, 8, 3, 7], [4, 24, 5, 23], [6, 16, 7, 15], [8, 4, 9, 3], [10, 14, 11, 13]]"
12a_0315_170,"[[10, 14, 11, 13], [12, 21, 13, 22], [14, 10, 15, 9], [16, 20, 17, 19], [18, 2, 19, 1], [20, 6, 21, 5], [22, 11, 23, 12], [24, 18, 1, 17], [2, 8, 3, 7], [4, 24, 5, 23], [6, 16, 7, 15], [8, 4, 9, 3]]"
12a_0315_171,"[[8, 4, 9, 3], [10, 14, 11, 13], [12, 21, 13, 22], [14, 10, 15, 9], [16, 20, 17, 19], [18, 2, 19, 1], [20, 6, 21, 5], [22, 11, 23, 12], [24, 18, 1, 17], [2, 8, 3, 7], [4, 24, 5, 23], [6, 16, 7, 15]]"
12a_0315_172,"[[6, 16, 7, 15], [8, 4, 9, 3], [10, 14, 11, 13], [12, 21, 13, 22], [14, 10, 15, 9], [16, 20, 17, 19], [18, 2, 19, 1], [20, 6, 21, 5], [22, 11, 23, 12], [24, 18, 1, 17], [2, 8, 3, 7], [4, 24, 5, 23]]"
12a_0315_173,"[[4, 24, 5, 23], [6, 16, 7, 15], [8, 4, 9, 3], [10, 14, 11, 13], [12, 21, 13, 22], [14, 10, 15, 9], [16, 20, 17, 19], [18, 2, 19, 1], [20, 6, 21, 5], [22, 11, 23, 12], [24, 18, 1, 17], [2, 8, 3, 7]]"
12a_0315_174,"[[2, 8, 3, 7], [4, 24, 5, 23], [6, 16, 7, 15], [8, 4, 9, 3], [10, 14, 11, 13], [12, 21, 13, 22], [14, 10, 15, 9], [16, 20, 17, 19], [18, 2, 19, 1], [20, 6, 21, 5], [22, 11, 23, 12], [24, 18, 1, 17]]"
12a_0315_175,"[[24, 18, 1, 17], [2, 8, 3, 7], [4, 24, 5, 23], [6, 16, 7, 15], [8, 4, 9, 3], [10, 14, 11, 13], [12, 21, 13, 22], [14, 10, 15, 9], [16, 20, 17, 19], [18, 2, 19, 1], [20, 6, 21, 5], [22, 11, 23, 12]]"
12a_0315_176,"[[22, 11, 23, 12], [24, 18, 1, 17], [2, 8, 3, 7], [4, 24, 5, 23], [6, 16, 7, 15], [8, 4, 9, 3], [10, 14, 11, 13], [12, 21, 13, 22], [14, 10, 15, 9], [16, 20, 17, 19], [18, 2, 19, 1], [20, 6, 21, 5]]"
12a_0315_177,"[[20, 6, 21, 5], [22, 11, 23, 12], [24, 18, 1, 17], [2, 8, 3, 7], [4, 24, 5, 23], [6, 16, 7, 15], [8, 4, 9, 3], [10, 14, 11, 13], [12, 21, 13, 22], [14, 10, 15, 9], [16, 20, 17, 19], [18, 2, 19, 1]]"
12a_0315_178,"[[18, 2, 19, 1], [20, 6, 21, 5], [22, 11, 23, 12], [24, 18, 1, 17], [2, 8, 3, 7], [4, 24, 5, 23], [6, 16, 7, 15], [8, 4, 9, 3], [10, 14, 11, 13], [12, 21, 13, 22], [14, 10, 15, 9], [16, 20, 17, 19]]"
12a_0315_179,"[[16, 20, 17, 19], [18, 2, 19, 1], [20, 6, 21, 5], [22, 11, 23, 12], [24, 18, 1, 17], [2, 8, 3, 7], [4, 24, 5, 23], [6, 16, 7, 15], [8, 4, 9, 3], [10, 14, 11, 13], [12, 21, 13, 22], [14, 10, 15, 9]]"
12a_0315_180,"[[15, 11, 16, 10], [17, 21, 18, 20], [19, 3, 20, 2], [21, 7, 22, 6], [23, 12, 24, 13], [1, 19, 2, 18], [3, 9, 4, 8], [5, 1, 6, 24], [7, 17, 8, 16], [9, 5, 10, 4], [11, 15, 12, 14], [13, 22, 14, 23]]"
12a_0315_181,"[[13, 22, 14, 23], [15, 11, 16, 10], [17, 21, 18, 20], [19, 3, 20, 2], [21, 7, 22, 6], [23, 12, 24, 13], [1, 19, 2, 18], [3, 9, 4, 8], [5, 1, 6, 24], [7, 17, 8, 16], [9, 5, 10, 4], [11, 15, 12, 14]]"
12a_0315_182,"[[11, 15, 12, 14], [13, 22, 14, 23], [15, 11, 16, 10], [17, 21, 18, 20], [19, 3, 20, 2], [21, 7, 22, 6], [23, 12, 24, 13], [1, 19, 2, 18], [3, 9, 4, 8], [5, 1, 6, 24], [7, 17, 8, 16], [9, 5, 10, 4]]"
12a_0315_183,"[[9, 5, 10, 4], [11, 15, 12, 14], [13, 22, 14, 23], [15, 11, 16, 10], [17, 21, 18, 20], [19, 3, 20, 2], [21, 7, 22, 6], [23, 12, 24, 13], [1, 19, 2, 18], [3, 9, 4, 8], [5, 1, 6, 24], [7, 17, 8, 16]]"
12a_0315_184,"[[7, 17, 8, 16], [9, 5, 10, 4], [11, 15, 12, 14], [13, 22, 14, 23], [15, 11, 16, 10], [17, 21, 18, 20], [19, 3, 20, 2], [21, 7, 22, 6], [23, 12, 24, 13], [1, 19, 2, 18], [3, 9, 4, 8], [5, 1, 6, 24]]"
12a_0315_185,"[[5, 1, 6, 24], [7, 17, 8, 16], [9, 5, 10, 4], [11, 15, 12, 14], [13, 22, 14, 23], [15, 11, 16, 10], [17, 21, 18, 20], [19, 3, 20, 2], [21, 7, 22, 6], [23, 12, 24, 13], [1, 19, 2, 18], [3, 9, 4, 8]]"
12a_0315_186,"[[3, 9, 4, 8], [5, 1, 6, 24], [7, 17, 8, 16], [9, 5, 10, 4], [11, 15, 12, 14], [13, 22, 14, 23], [15, 11, 16, 10], [17, 21, 18, 20], [19, 3, 20, 2], [21, 7, 22, 6], [23, 12, 24, 13], [1, 19, 2, 18]]"
12a_0315_187,"[[1, 19, 2, 18], [3, 9, 4, 8], [5, 1, 6, 24], [7, 17, 8, 16], [9, 5, 10, 4], [11, 15, 12, 14], [13, 22, 14, 23], [15, 11, 16, 10], [17, 21, 18, 20], [19, 3, 20, 2], [21, 7, 22, 6], [23, 12, 24, 13]]"
12a_0315_188,"[[23, 12, 24, 13], [1, 19, 2, 18], [3, 9, 4, 8], [5, 1, 6, 24], [7, 17, 8, 16], [9, 5, 10, 4], [11, 15, 12, 14], [13, 22, 14, 23], [15, 11, 16, 10], [17, 21, 18, 20], [19, 3, 20, 2], [21, 7, 22, 6]]"
12a_0315_189,"[[21, 7, 22, 6], [23, 12, 24, 13], [1, 19, 2, 18], [3, 9, 4, 8], [5, 1, 6, 24], [7, 17, 8, 16], [9, 5, 10, 4], [11, 15, 12, 14], [13, 22, 14, 23], [15, 11, 16, 10], [17, 21, 18, 20], [19, 3, 20, 2]]"
12a_0315_190,"[[19, 3, 20, 2], [21, 7, 22, 6], [23, 12, 24, 13], [1, 19, 2, 18], [3, 9, 4, 8], [5, 1, 6, 24], [7, 17, 8, 16], [9, 5, 10, 4], [11, 15, 12, 14], [13, 22, 14, 23], [15, 11, 16, 10], [17, 21, 18, 20]]"
12a_0315_191,"[[17, 21, 18, 20], [19, 3, 20, 2], [21, 7, 22, 6], [23, 12, 24, 13], [1, 19, 2, 18], [3, 9, 4, 8], [5, 1, 6, 24], [7, 17, 8, 16], [9, 5, 10, 4], [11, 15, 12, 14], [13, 22, 14, 23], [15, 11, 16, 10]]"
12a_0315_192,"[[16, 12, 17, 11], [18, 22, 19, 21], [20, 4, 21, 3], [22, 8, 23, 7], [24, 13, 1, 14], [2, 20, 3, 19], [4, 10, 5, 9], [6, 2, 7, 1], [8, 18, 9, 17], [10, 6, 11, 5], [12, 16, 13, 15], [14, 23, 15, 24]]"
12a_0315_193,"[[14, 23, 15, 24], [16, 12, 17, 11], [18, 22, 19, 21], [20, 4, 21, 3], [22, 8, 23, 7], [24, 13, 1, 14], [2, 20, 3, 19], [4, 10, 5, 9], [6, 2, 7, 1], [8, 18, 9, 17], [10, 6, 11, 5], [12, 16, 13, 15]]"
12a_0315_194,"[[12, 16, 13, 15], [14, 23, 15, 24], [16, 12, 17, 11], [18, 22, 19, 21], [20, 4, 21, 3], [22, 8, 23, 7], [24, 13, 1, 14], [2, 20, 3, 19], [4, 10, 5, 9], [6, 2, 7, 1], [8, 18, 9, 17], [10, 6, 11, 5]]"
12a_0315_195,"[[10, 6, 11, 5], [12, 16, 13, 15], [14, 23, 15, 24], [16, 12, 17, 11], [18, 22, 19, 21], [20, 4, 21, 3], [22, 8, 23, 7], [24, 13, 1, 14], [2, 20, 3, 19], [4, 10, 5, 9], [6, 2, 7, 1], [8, 18, 9, 17]]"
12a_0315_196,"[[8, 18, 9, 17], [10, 6, 11, 5], [12, 16, 13, 15], [14, 23, 15, 24], [16, 12, 17, 11], [18, 22, 19, 21], [20, 4, 21, 3], [22, 8, 23, 7], [24, 13, 1, 14], [2, 20, 3, 19], [4, 10, 5, 9], [6, 2, 7, 1]]"
12a_0315_197,"[[6, 2, 7, 1], [8, 18, 9, 17], [10, 6, 11, 5], [12, 16, 13, 15], [14, 23, 15, 24], [16, 12, 17, 11], [18, 22, 19, 21], [20, 4, 21, 3], [22, 8, 23, 7], [24, 13, 1, 14], [2, 20, 3, 19], [4, 10, 5, 9]]"
12a_0315_198,"[[4, 10, 5, 9], [6, 2, 7, 1], [8, 18, 9, 17], [10, 6, 11, 5], [12, 16, 13, 15], [14, 23, 15, 24], [16, 12, 17, 11], [18, 22, 19, 21], [20, 4, 21, 3], [22, 8, 23, 7], [24, 13, 1, 14], [2, 20, 3, 19]]"
12a_0315_199,"[[2, 20, 3, 19], [4, 10, 5, 9], [6, 2, 7, 1], [8, 18, 9, 17], [10, 6, 11, 5], [12, 16, 13, 15], [14, 23, 15, 24], [16, 12, 17, 11], [18, 22, 19, 21], [20, 4, 21, 3], [22, 8, 23, 7], [24, 13, 1, 14]]"
12a_0315_200,"[[24, 13, 1, 14], [2, 20, 3, 19], [4, 10, 5, 9], [6, 2, 7, 1], [8, 18, 9, 17], [10, 6, 11, 5], [12, 16, 13, 15], [14, 23, 15, 24], [16, 12, 17, 11], [18, 22, 19, 21], [20, 4, 21, 3], [22, 8, 23, 7]]"
12a_0315_201,"[[22, 8, 23, 7], [24, 13, 1, 14], [2, 20, 3, 19], [4, 10, 5, 9], [6, 2, 7, 1], [8, 18, 9, 17], [10, 6, 11, 5], [12, 16, 13, 15], [14, 23, 15, 24], [16, 12, 17, 11], [18, 22, 19, 21], [20, 4, 21, 3]]"
12a_0315_202,"[[20, 4, 21, 3], [22, 8, 23, 7], [24, 13, 1, 14], [2, 20, 3, 19], [4, 10, 5, 9], [6, 2, 7, 1], [8, 18, 9, 17], [10, 6, 11, 5], [12, 16, 13, 15], [14, 23, 15, 24], [16, 12, 17, 11], [18, 22, 19, 21]]"
12a_0315_203,"[[18, 22, 19, 21], [20, 4, 21, 3], [22, 8, 23, 7], [24, 13, 1, 14], [2, 20, 3, 19], [4, 10, 5, 9], [6, 2, 7, 1], [8, 18, 9, 17], [10, 6, 11, 5], [12, 16, 13, 15], [14, 23, 15, 24], [16, 12, 17, 11]]"
12a_0315_204,"[[17, 13, 18, 12], [19, 23, 20, 22], [21, 5, 22, 4], [23, 9, 24, 8], [1, 14, 2, 15], [3, 21, 4, 20], [5, 11, 6, 10], [7, 3, 8, 2], [9, 19, 10, 18], [11, 7, 12, 6], [13, 17, 14, 16], [15, 24, 16, 1]]"
12a_0315_205,"[[15, 24, 16, 1], [17, 13, 18, 12], [19, 23, 20, 22], [21, 5, 22, 4], [23, 9, 24, 8], [1, 14, 2, 15], [3, 21, 4, 20], [5, 11, 6, 10], [7, 3, 8, 2], [9, 19, 10, 18], [11, 7, 12, 6], [13, 17, 14, 16]]"
12a_0315_206,"[[13, 17, 14, 16], [15, 24, 16, 1], [17, 13, 18, 12], [19, 23, 20, 22], [21, 5, 22, 4], [23, 9, 24, 8], [1, 14, 2, 15], [3, 21, 4, 20], [5, 11, 6, 10], [7, 3, 8, 2], [9, 19, 10, 18], [11, 7, 12, 6]]"
12a_0315_207,"[[11, 7, 12, 6], [13, 17, 14, 16], [15, 24, 16, 1], [17, 13, 18, 12], [19, 23, 20, 22], [21, 5, 22, 4], [23, 9, 24, 8], [1, 14, 2, 15], [3, 21, 4, 20], [5, 11, 6, 10], [7, 3, 8, 2], [9, 19, 10, 18]]"
12a_0315_208,"[[9, 19, 10, 18], [11, 7, 12, 6], [13, 17, 14, 16], [15, 24, 16, 1], [17, 13, 18, 12], [19, 23, 20, 22], [21, 5, 22, 4], [23, 9, 24, 8], [1, 14, 2, 15], [3, 21, 4, 20], [5, 11, 6, 10], [7, 3, 8, 2]]"
12a_0315_209,"[[7, 3, 8, 2], [9, 19, 10, 18], [11, 7, 12, 6], [13, 17, 14, 16], [15, 24, 16, 1], [17, 13, 18, 12], [19, 23, 20, 22], [21, 5, 22, 4], [23, 9, 24, 8], [1, 14, 2, 15], [3, 21, 4, 20], [5, 11, 6, 10]]"
12a_0315_210,"[[5, 11, 6, 10], [7, 3, 8, 2], [9, 19, 10, 18], [11, 7, 12, 6], [13, 17, 14, 16], [15, 24, 16, 1], [17, 13, 18, 12], [19, 23, 20, 22], [21, 5, 22, 4], [23, 9, 24, 8], [1, 14, 2, 15], [3, 21, 4, 20]]"
12a_0315_211,"[[3, 21, 4, 20], [5, 11, 6, 10], [7, 3, 8, 2], [9, 19, 10, 18], [11, 7, 12, 6], [13, 17, 14, 16], [15, 24, 16, 1], [17, 13, 18, 12], [19, 23, 20, 22], [21, 5, 22, 4], [23, 9, 24, 8], [1, 14, 2, 15]]"
12a_0315_212,"[[1, 14, 2, 15], [3, 21, 4, 20], [5, 11, 6, 10], [7, 3, 8, 2], [9, 19, 10, 18], [11, 7, 12, 6], [13, 17, 14, 16], [15, 24, 16, 1], [17, 13, 18, 12], [19, 23, 20, 22], [21, 5, 22, 4], [23, 9, 24, 8]]"
12a_0315_213,"[[23, 9, 24, 8], [1, 14, 2, 15], [3, 21, 4, 20], [5, 11, 6, 10], [7, 3, 8, 2], [9, 19, 10, 18], [11, 7, 12, 6], [13, 17, 14, 16], [15, 24, 16, 1], [17, 13, 18, 12], [19, 23, 20, 22], [21, 5, 22, 4]]"
12a_0315_214,"[[21, 5, 22, 4], [23, 9, 24, 8], [1, 14, 2, 15], [3, 21, 4, 20], [5, 11, 6, 10], [7, 3, 8, 2], [9, 19, 10, 18], [11, 7, 12, 6], [13, 17, 14, 16], [15, 24, 16, 1], [17, 13, 18, 12], [19, 23, 20, 22]]"
12a_0315_215,"[[19, 23, 20, 22], [21, 5, 22, 4], [23, 9, 24, 8], [1, 14, 2, 15], [3, 21, 4, 20], [5, 11, 6, 10], [7, 3, 8, 2], [9, 19, 10, 18], [11, 7, 12, 6], [13, 17, 14, 16], [15, 24, 16, 1], [17, 13, 18, 12]]"
12a_0315_216,"[[18, 14, 19, 13], [20, 24, 21, 23], [22, 6, 23, 5], [24, 10, 1, 9], [2, 15, 3, 16], [4, 22, 5, 21], [6, 12, 7, 11], [8, 4, 9, 3], [10, 20, 11, 19], [12, 8, 13, 7], [14, 18, 15, 17], [16, 1, 17, 2]]"
12a_0315_217,"[[16, 1, 17, 2], [18, 14, 19, 13], [20, 24, 21, 23], [22, 6, 23, 5], [24, 10, 1, 9], [2, 15, 3, 16], [4, 22, 5, 21], [6, 12, 7, 11], [8, 4, 9, 3], [10, 20, 11, 19], [12, 8, 13, 7], [14, 18, 15, 17]]"
12a_0315_218,"[[14, 18, 15, 17], [16, 1, 17, 2], [18, 14, 19, 13], [20, 24, 21, 23], [22, 6, 23, 5], [24, 10, 1, 9], [2, 15, 3, 16], [4, 22, 5, 21], [6, 12, 7, 11], [8, 4, 9, 3], [10, 20, 11, 19], [12, 8, 13, 7]]"
12a_0315_219,"[[12, 8, 13, 7], [14, 18, 15, 17], [16, 1, 17, 2], [18, 14, 19, 13], [20, 24, 21, 23], [22, 6, 23, 5], [24, 10, 1, 9], [2, 15, 3, 16], [4, 22, 5, 21], [6, 12, 7, 11], [8, 4, 9, 3], [10, 20, 11, 19]]"
12a_0315_220,"[[10, 20, 11, 19], [12, 8, 13, 7], [14, 18, 15, 17], [16, 1, 17, 2], [18, 14, 19, 13], [20, 24, 21, 23], [22, 6, 23, 5], [24, 10, 1, 9], [2, 15, 3, 16], [4, 22, 5, 21], [6, 12, 7, 11], [8, 4, 9, 3]]"
12a_0315_221,"[[8, 4, 9, 3], [10, 20, 11, 19], [12, 8, 13, 7], [14, 18, 15, 17], [16, 1, 17, 2], [18, 14, 19, 13], [20, 24, 21, 23], [22, 6, 23, 5], [24, 10, 1, 9], [2, 15, 3, 16], [4, 22, 5, 21], [6, 12, 7, 11]]"
12a_0315_222,"[[6, 12, 7, 11], [8, 4, 9, 3], [10, 20, 11, 19], [12, 8, 13, 7], [14, 18, 15, 17], [16, 1, 17, 2], [18, 14, 19, 13], [20, 24, 21, 23], [22, 6, 23, 5], [24, 10, 1, 9], [2, 15, 3, 16], [4, 22, 5, 21]]"
12a_0315_223,"[[4, 22, 5, 21], [6, 12, 7, 11], [8, 4, 9, 3], [10, 20, 11, 19], [12, 8, 13, 7], [14, 18, 15, 17], [16, 1, 17, 2], [18, 14, 19, 13], [20, 24, 21, 23], [22, 6, 23, 5], [24, 10, 1, 9], [2, 15, 3, 16]]"
12a_0315_224,"[[2, 15, 3, 16], [4, 22, 5, 21], [6, 12, 7, 11], [8, 4, 9, 3], [10, 20, 11, 19], [12, 8, 13, 7], [14, 18, 15, 17], [16, 1, 17, 2], [18, 14, 19, 13], [20, 24, 21, 23], [22, 6, 23, 5], [24, 10, 1, 9]]"
12a_0315_225,"[[24, 10, 1, 9], [2, 15, 3, 16], [4, 22, 5, 21], [6, 12, 7, 11], [8, 4, 9, 3], [10, 20, 11, 19], [12, 8, 13, 7], [14, 18, 15, 17], [16, 1, 17, 2], [18, 14, 19, 13], [20, 24, 21, 23], [22, 6, 23, 5]]"
12a_0315_226,"[[22, 6, 23, 5], [24, 10, 1, 9], [2, 15, 3, 16], [4, 22, 5, 21], [6, 12, 7, 11], [8, 4, 9, 3], [10, 20, 11, 19], [12, 8, 13, 7], [14, 18, 15, 17], [16, 1, 17, 2], [18, 14, 19, 13], [20, 24, 21, 23]]"
12a_0315_227,"[[20, 24, 21, 23], [22, 6, 23, 5], [24, 10, 1, 9], [2, 15, 3, 16], [4, 22, 5, 21], [6, 12, 7, 11], [8, 4, 9, 3], [10, 20, 11, 19], [12, 8, 13, 7], [14, 18, 15, 17], [16, 1, 17, 2], [18, 14, 19, 13]]"
12a_0315_228,"[[19, 15, 20, 14], [21, 1, 22, 24], [23, 7, 24, 6], [1, 11, 2, 10], [3, 16, 4, 17], [5, 23, 6, 22], [7, 13, 8, 12], [9, 5, 10, 4], [11, 21, 12, 20], [13, 9, 14, 8], [15, 19, 16, 18], [17, 2, 18, 3]]"
12a_0315_229,"[[17, 2, 18, 3], [19, 15, 20, 14], [21, 1, 22, 24], [23, 7, 24, 6], [1, 11, 2, 10], [3, 16, 4, 17], [5, 23, 6, 22], [7, 13, 8, 12], [9, 5, 10, 4], [11, 21, 12, 20], [13, 9, 14, 8], [15, 19, 16, 18]]"
12a_0315_230,"[[15, 19, 16, 18], [17, 2, 18, 3], [19, 15, 20, 14], [21, 1, 22, 24], [23, 7, 24, 6], [1, 11, 2, 10], [3, 16, 4, 17], [5, 23, 6, 22], [7, 13, 8, 12], [9, 5, 10, 4], [11, 21, 12, 20], [13, 9, 14, 8]]"
12a_0315_231,"[[13, 9, 14, 8], [15, 19, 16, 18], [17, 2, 18, 3], [19, 15, 20, 14], [21, 1, 22, 24], [23, 7, 24, 6], [1, 11, 2, 10], [3, 16, 4, 17], [5, 23, 6, 22], [7, 13, 8, 12], [9, 5, 10, 4], [11, 21, 12, 20]]"
12a_0315_232,"[[11, 21, 12, 20], [13, 9, 14, 8], [15, 19, 16, 18], [17, 2, 18, 3], [19, 15, 20, 14], [21, 1, 22, 24], [23, 7, 24, 6], [1, 11, 2, 10], [3, 16, 4, 17], [5, 23, 6, 22], [7, 13, 8, 12], [9, 5, 10, 4]]"
12a_0315_233,"[[9, 5, 10, 4], [11, 21, 12, 20], [13, 9, 14, 8], [15, 19, 16, 18], [17, 2, 18, 3], [19, 15, 20, 14], [21, 1, 22, 24], [23, 7, 24, 6], [1, 11, 2, 10], [3, 16, 4, 17], [5, 23, 6, 22], [7, 13, 8, 12]]"
12a_0315_234,"[[7, 13, 8, 12], [9, 5, 10, 4], [11, 21, 12, 20], [13, 9, 14, 8], [15, 19, 16, 18], [17, 2, 18, 3], [19, 15, 20, 14], [21, 1, 22, 24], [23, 7, 24, 6], [1, 11, 2, 10], [3, 16, 4, 17], [5, 23, 6, 22]]"
12a_0315_235,"[[5, 23, 6, 22], [7, 13, 8, 12], [9, 5, 10, 4], [11, 21, 12, 20], [13, 9, 14, 8], [15, 19, 16, 18], [17, 2, 18, 3], [19, 15, 20, 14], [21, 1, 22, 24], [23, 7, 24, 6], [1, 11, 2, 10], [3, 16, 4, 17]]"
12a_0315_236,"[[3, 16, 4, 17], [5, 23, 6, 22], [7, 13, 8, 12], [9, 5, 10, 4], [11, 21, 12, 20], [13, 9, 14, 8], [15, 19, 16, 18], [17, 2, 18, 3], [19, 15, 20, 14], [21, 1, 22, 24], [23, 7, 24, 6], [1, 11, 2, 10]]"
12a_0315_237,"[[1, 11, 2, 10], [3, 16, 4, 17], [5, 23, 6, 22], [7, 13, 8, 12], [9, 5, 10, 4], [11, 21, 12, 20], [13, 9, 14, 8], [15, 19, 16, 18], [17, 2, 18, 3], [19, 15, 20, 14], [21, 1, 22, 24], [23, 7, 24, 6]]"
12a_0315_238,"[[23, 7, 24, 6], [1, 11, 2, 10], [3, 16, 4, 17], [5, 23, 6, 22], [7, 13, 8, 12], [9, 5, 10, 4], [11, 21, 12, 20], [13, 9, 14, 8], [15, 19, 16, 18], [17, 2, 18, 3], [19, 15, 20, 14], [21, 1, 22, 24]]"
12a_0315_239,"[[21, 1, 22, 24], [23, 7, 24, 6], [1, 11, 2, 10], [3, 16, 4, 17], [5, 23, 6, 22], [7, 13, 8, 12], [9, 5, 10, 4], [11, 21, 12, 20], [13, 9, 14, 8], [15, 19, 16, 18], [17, 2, 18, 3], [19, 15, 20, 14]]"
12a_0315_240,"[[20, 16, 21, 15], [22, 2, 23, 1], [24, 8, 1, 7], [2, 12, 3, 11], [4, 17, 5, 18], [6, 24, 7, 23], [8, 14, 9, 13], [10, 6, 11, 5], [12, 22, 13, 21], [14, 10, 15, 9], [16, 20, 17, 19], [18, 3, 19, 4]]"
12a_0315_241,"[[18, 3, 19, 4], [20, 16, 21, 15], [22, 2, 23, 1], [24, 8, 1, 7], [2, 12, 3, 11], [4, 17, 5, 18], [6, 24, 7, 23], [8, 14, 9, 13], [10, 6, 11, 5], [12, 22, 13, 21], [14, 10, 15, 9], [16, 20, 17, 19]]"
12a_0315_242,"[[16, 20, 17, 19], [18, 3, 19, 4], [20, 16, 21, 15], [22, 2, 23, 1], [24, 8, 1, 7], [2, 12, 3, 11], [4, 17, 5, 18], [6, 24, 7, 23], [8, 14, 9, 13], [10, 6, 11, 5], [12, 22, 13, 21], [14, 10, 15, 9]]"
12a_0315_243,"[[14, 10, 15, 9], [16, 20, 17, 19], [18, 3, 19, 4], [20, 16, 21, 15], [22, 2, 23, 1], [24, 8, 1, 7], [2, 12, 3, 11], [4, 17, 5, 18], [6, 24, 7, 23], [8, 14, 9, 13], [10, 6, 11, 5], [12, 22, 13, 21]]"
12a_0315_244,"[[12, 22, 13, 21], [14, 10, 15, 9], [16, 20, 17, 19], [18, 3, 19, 4], [20, 16, 21, 15], [22, 2, 23, 1], [24, 8, 1, 7], [2, 12, 3, 11], [4, 17, 5, 18], [6, 24, 7, 23], [8, 14, 9, 13], [10, 6, 11, 5]]"
12a_0315_245,"[[10, 6, 11, 5], [12, 22, 13, 21], [14, 10, 15, 9], [16, 20, 17, 19], [18, 3, 19, 4], [20, 16, 21, 15], [22, 2, 23, 1], [24, 8, 1, 7], [2, 12, 3, 11], [4, 17, 5, 18], [6, 24, 7, 23], [8, 14, 9, 13]]"
12a_0315_246,"[[8, 14, 9, 13], [10, 6, 11, 5], [12, 22, 13, 21], [14, 10, 15, 9], [16, 20, 17, 19], [18, 3, 19, 4], [20, 16, 21, 15], [22, 2, 23, 1], [24, 8, 1, 7], [2, 12, 3, 11], [4, 17, 5, 18], [6, 24, 7, 23]]"
12a_0315_247,"[[6, 24, 7, 23], [8, 14, 9, 13], [10, 6, 11, 5], [12, 22, 13, 21], [14, 10, 15, 9], [16, 20, 17, 19], [18, 3, 19, 4], [20, 16, 21, 15], [22, 2, 23, 1], [24, 8, 1, 7], [2, 12, 3, 11], [4, 17, 5, 18]]"
12a_0315_248,"[[4, 17, 5, 18], [6, 24, 7, 23], [8, 14, 9, 13], [10, 6, 11, 5], [12, 22, 13, 21], [14, 10, 15, 9], [16, 20, 17, 19], [18, 3, 19, 4], [20, 16, 21, 15], [22, 2, 23, 1], [24, 8, 1, 7], [2, 12, 3, 11]]"
12a_0315_249,"[[2, 12, 3, 11], [4, 17, 5, 18], [6, 24, 7, 23], [8, 14, 9, 13], [10, 6, 11, 5], [12, 22, 13, 21], [14, 10, 15, 9], [16, 20, 17, 19], [18, 3, 19, 4], [20, 16, 21, 15], [22, 2, 23, 1], [24, 8, 1, 7]]"
12a_0315_250,"[[24, 8, 1, 7], [2, 12, 3, 11], [4, 17, 5, 18], [6, 24, 7, 23], [8, 14, 9, 13], [10, 6, 11, 5], [12, 22, 13, 21], [14, 10, 15, 9], [16, 20, 17, 19], [18, 3, 19, 4], [20, 16, 21, 15], [22, 2, 23, 1]]"
12a_0315_251,"[[22, 2, 23, 1], [24, 8, 1, 7], [2, 12, 3, 11], [4, 17, 5, 18], [6, 24, 7, 23], [8, 14, 9, 13], [10, 6, 11, 5], [12, 22, 13, 21], [14, 10, 15, 9], [16, 20, 17, 19], [18, 3, 19, 4], [20, 16, 21, 15]]"
12a_0315_252,"[[21, 17, 22, 16], [23, 3, 24, 2], [1, 9, 2, 8], [3, 13, 4, 12], [5, 18, 6, 19], [7, 1, 8, 24], [9, 15, 10, 14], [11, 7, 12, 6], [13, 23, 14, 22], [15, 11, 16, 10], [17, 21, 18, 20], [19, 4, 20, 5]]"
12a_0315_253,"[[19, 4, 20, 5], [21, 17, 22, 16], [23, 3, 24, 2], [1, 9, 2, 8], [3, 13, 4, 12], [5, 18, 6, 19], [7, 1, 8, 24], [9, 15, 10, 14], [11, 7, 12, 6], [13, 23, 14, 22], [15, 11, 16, 10], [17, 21, 18, 20]]"
12a_0315_254,"[[17, 21, 18, 20], [19, 4, 20, 5], [21, 17, 22, 16], [23, 3, 24, 2], [1, 9, 2, 8], [3, 13, 4, 12], [5, 18, 6, 19], [7, 1, 8, 24], [9, 15, 10, 14], [11, 7, 12, 6], [13, 23, 14, 22], [15, 11, 16, 10]]"
12a_0315_255,"[[15, 11, 16, 10], [17, 21, 18, 20], [19, 4, 20, 5], [21, 17, 22, 16], [23, 3, 24, 2], [1, 9, 2, 8], [3, 13, 4, 12], [5, 18, 6, 19], [7, 1, 8, 24], [9, 15, 10, 14], [11, 7, 12, 6], [13, 23, 14, 22]]"
12a_0315_256,"[[13, 23, 14, 22], [15, 11, 16, 10], [17, 21, 18, 20], [19, 4, 20, 5], [21, 17, 22, 16], [23, 3, 24, 2], [1, 9, 2, 8], [3, 13, 4, 12], [5, 18, 6, 19], [7, 1, 8, 24], [9, 15, 10, 14], [11, 7, 12, 6]]"
12a_0315_257,"[[11, 7, 12, 6], [13, 23, 14, 22], [15, 11, 16, 10], [17, 21, 18, 20], [19, 4, 20, 5], [21, 17, 22, 16], [23, 3, 24, 2], [1, 9, 2, 8], [3, 13, 4, 12], [5, 18, 6, 19], [7, 1, 8, 24], [9, 15, 10, 14]]"
12a_0315_258,"[[9, 15, 10, 14], [11, 7, 12, 6], [13, 23, 14, 22], [15, 11, 16, 10], [17, 21, 18, 20], [19, 4, 20, 5], [21, 17, 22, 16], [23, 3, 24, 2], [1, 9, 2, 8], [3, 13, 4, 12], [5, 18, 6, 19], [7, 1, 8, 24]]"
12a_0315_259,"[[7, 1, 8, 24], [9, 15, 10, 14], [11, 7, 12, 6], [13, 23, 14, 22], [15, 11, 16, 10], [17, 21, 18, 20], [19, 4, 20, 5], [21, 17, 22, 16], [23, 3, 24, 2], [1, 9, 2, 8], [3, 13, 4, 12], [5, 18, 6, 19]]"
12a_0315_260,"[[5, 18, 6, 19], [7, 1, 8, 24], [9, 15, 10, 14], [11, 7, 12, 6], [13, 23, 14, 22], [15, 11, 16, 10], [17, 21, 18, 20], [19, 4, 20, 5], [21, 17, 22, 16], [23, 3, 24, 2], [1, 9, 2, 8], [3, 13, 4, 12]]"
12a_0315_261,"[[3, 13, 4, 12], [5, 18, 6, 19], [7, 1, 8, 24], [9, 15, 10, 14], [11, 7, 12, 6], [13, 23, 14, 22], [15, 11, 16, 10], [17, 21, 18, 20], [19, 4, 20, 5], [21, 17, 22, 16], [23, 3, 24, 2], [1, 9, 2, 8]]"
12a_0315_262,"[[1, 9, 2, 8], [3, 13, 4, 12], [5, 18, 6, 19], [7, 1, 8, 24], [9, 15, 10, 14], [11, 7, 12, 6], [13, 23, 14, 22], [15, 11, 16, 10], [17, 21, 18, 20], [19, 4, 20, 5], [21, 17, 22, 16], [23, 3, 24, 2]]"
12a_0315_263,"[[23, 3, 24, 2], [1, 9, 2, 8], [3, 13, 4, 12], [5, 18, 6, 19], [7, 1, 8, 24], [9, 15, 10, 14], [11, 7, 12, 6], [13, 23, 14, 22], [15, 11, 16, 10], [17, 21, 18, 20], [19, 4, 20, 5], [21, 17, 22, 16]]"
12a_0315_264,"[[22, 18, 23, 17], [24, 4, 1, 3], [2, 10, 3, 9], [4, 14, 5, 13], [6, 19, 7, 20], [8, 2, 9, 1], [10, 16, 11, 15], [12, 8, 13, 7], [14, 24, 15, 23], [16, 12, 17, 11], [18, 22, 19, 21], [20, 5, 21, 6]]"
12a_0315_265,"[[20, 5, 21, 6], [22, 18, 23, 17], [24, 4, 1, 3], [2, 10, 3, 9], [4, 14, 5, 13], [6, 19, 7, 20], [8, 2, 9, 1], [10, 16, 11, 15], [12, 8, 13, 7], [14, 24, 15, 23], [16, 12, 17, 11], [18, 22, 19, 21]]"
12a_0315_266,"[[18, 22, 19, 21], [20, 5, 21, 6], [22, 18, 23, 17], [24, 4, 1, 3], [2, 10, 3, 9], [4, 14, 5, 13], [6, 19, 7, 20], [8, 2, 9, 1], [10, 16, 11, 15], [12, 8, 13, 7], [14, 24, 15, 23], [16, 12, 17, 11]]"
12a_0315_267,"[[16, 12, 17, 11], [18, 22, 19, 21], [20, 5, 21, 6], [22, 18, 23, 17], [24, 4, 1, 3], [2, 10, 3, 9], [4, 14, 5, 13], [6, 19, 7, 20], [8, 2, 9, 1], [10, 16, 11, 15], [12, 8, 13, 7], [14, 24, 15, 23]]"
12a_0315_268,"[[14, 24, 15, 23], [16, 12, 17, 11], [18, 22, 19, 21], [20, 5, 21, 6], [22, 18, 23, 17], [24, 4, 1, 3], [2, 10, 3, 9], [4, 14, 5, 13], [6, 19, 7, 20], [8, 2, 9, 1], [10, 16, 11, 15], [12, 8, 13, 7]]"
12a_0315_269,"[[12, 8, 13, 7], [14, 24, 15, 23], [16, 12, 17, 11], [18, 22, 19, 21], [20, 5, 21, 6], [22, 18, 23, 17], [24, 4, 1, 3], [2, 10, 3, 9], [4, 14, 5, 13], [6, 19, 7, 20], [8, 2, 9, 1], [10, 16, 11, 15]]"
12a_0315_270,"[[10, 16, 11, 15], [12, 8, 13, 7], [14, 24, 15, 23], [16, 12, 17, 11], [18, 22, 19, 21], [20, 5, 21, 6], [22, 18, 23, 17], [24, 4, 1, 3], [2, 10, 3, 9], [4, 14, 5, 13], [6, 19, 7, 20], [8, 2, 9, 1]]"
12a_0315_271,"[[8, 2, 9, 1], [10, 16, 11, 15], [12, 8, 13, 7], [14, 24, 15, 23], [16, 12, 17, 11], [18, 22, 19, 21], [20, 5, 21, 6], [22, 18, 23, 17], [24, 4, 1, 3], [2, 10, 3, 9], [4, 14, 5, 13], [6, 19, 7, 20]]"
12a_0315_272,"[[6, 19, 7, 20], [8, 2, 9, 1], [10, 16, 11, 15], [12, 8, 13, 7], [14, 24, 15, 23], [16, 12, 17, 11], [18, 22, 19, 21], [20, 5, 21, 6], [22, 18, 23, 17], [24, 4, 1, 3], [2, 10, 3, 9], [4, 14, 5, 13]]"
12a_0315_273,"[[4, 14, 5, 13], [6, 19, 7, 20], [8, 2, 9, 1], [10, 16, 11, 15], [12, 8, 13, 7], [14, 24, 15, 23], [16, 12, 17, 11], [18, 22, 19, 21], [20, 5, 21, 6], [22, 18, 23, 17], [24, 4, 1, 3], [2, 10, 3, 9]]"
12a_0315_274,"[[2, 10, 3, 9], [4, 14, 5, 13], [6, 19, 7, 20], [8, 2, 9, 1], [10, 16, 11, 15], [12, 8, 13, 7], [14, 24, 15, 23], [16, 12, 17, 11], [18, 22, 19, 21], [20, 5, 21, 6], [22, 18, 23, 17], [24, 4, 1, 3]]"
12a_0315_275,"[[24, 4, 1, 3], [2, 10, 3, 9], [4, 14, 5, 13], [6, 19, 7, 20], [8, 2, 9, 1], [10, 16, 11, 15], [12, 8, 13, 7], [14, 24, 15, 23], [16, 12, 17, 11], [18, 22, 19, 21], [20, 5, 21, 6], [22, 18, 23, 17]]"
12a_0315_276,"[[23, 19, 24, 18], [1, 5, 2, 4], [3, 11, 4, 10], [5, 15, 6, 14], [7, 20, 8, 21], [9, 3, 10, 2], [11, 17, 12, 16], [13, 9, 14, 8], [15, 1, 16, 24], [17, 13, 18, 12], [19, 23, 20, 22], [21, 6, 22, 7]]"
12a_0315_277,"[[21, 6, 22, 7], [23, 19, 24, 18], [1, 5, 2, 4], [3, 11, 4, 10], [5, 15, 6, 14], [7, 20, 8, 21], [9, 3, 10, 2], [11, 17, 12, 16], [13, 9, 14, 8], [15, 1, 16, 24], [17, 13, 18, 12], [19, 23, 20, 22]]"
12a_0315_278,"[[19, 23, 20, 22], [21, 6, 22, 7], [23, 19, 24, 18], [1, 5, 2, 4], [3, 11, 4, 10], [5, 15, 6, 14], [7, 20, 8, 21], [9, 3, 10, 2], [11, 17, 12, 16], [13, 9, 14, 8], [15, 1, 16, 24], [17, 13, 18, 12]]"
12a_0315_279,"[[17, 13, 18, 12], [19, 23, 20, 22], [21, 6, 22, 7], [23, 19, 24, 18], [1, 5, 2, 4], [3, 11, 4, 10], [5, 15, 6, 14], [7, 20, 8, 21], [9, 3, 10, 2], [11, 17, 12, 16], [13, 9, 14, 8], [15, 1, 16, 24]]"
12a_0315_280,"[[15, 1, 16, 24], [17, 13, 18, 12], [19, 23, 20, 22], [21, 6, 22, 7], [23, 19, 24, 18], [1, 5, 2, 4], [3, 11, 4, 10], [5, 15, 6, 14], [7, 20, 8, 21], [9, 3, 10, 2], [11, 17, 12, 16], [13, 9, 14, 8]]"
12a_0315_281,"[[13, 9, 14, 8], [15, 1, 16, 24], [17, 13, 18, 12], [19, 23, 20, 22], [21, 6, 22, 7], [23, 19, 24, 18], [1, 5, 2, 4], [3, 11, 4, 10], [5, 15, 6, 14], [7, 20, 8, 21], [9, 3, 10, 2], [11, 17, 12, 16]]"
12a_0315_282,"[[11, 17, 12, 16], [13, 9, 14, 8], [15, 1, 16, 24], [17, 13, 18, 12], [19, 23, 20, 22], [21, 6, 22, 7], [23, 19, 24, 18], [1, 5, 2, 4], [3, 11, 4, 10], [5, 15, 6, 14], [7, 20, 8, 21], [9, 3, 10, 2]]"
12a_0315_283,"[[9, 3, 10, 2], [11, 17, 12, 16], [13, 9, 14, 8], [15, 1, 16, 24], [17, 13, 18, 12], [19, 23, 20, 22], [21, 6, 22, 7], [23, 19, 24, 18], [1, 5, 2, 4], [3, 11, 4, 10], [5, 15, 6, 14], [7, 20, 8, 21]]"
12a_0315_284,"[[7, 20, 8, 21], [9, 3, 10, 2], [11, 17, 12, 16], [13, 9, 14, 8], [15, 1, 16, 24], [17, 13, 18, 12], [19, 23, 20, 22], [21, 6, 22, 7], [23, 19, 24, 18], [1, 5, 2, 4], [3, 11, 4, 10], [5, 15, 6, 14]]"
12a_0315_285,"[[5, 15, 6, 14], [7, 20, 8, 21], [9, 3, 10, 2], [11, 17, 12, 16], [13, 9, 14, 8], [15, 1, 16, 24], [17, 13, 18, 12], [19, 23, 20, 22], [21, 6, 22, 7], [23, 19, 24, 18], [1, 5, 2, 4], [3, 11, 4, 10]]"
12a_0315_286,"[[3, 11, 4, 10], [5, 15, 6, 14], [7, 20, 8, 21], [9, 3, 10, 2], [11, 17, 12, 16], [13, 9, 14, 8], [15, 1, 16, 24], [17, 13, 18, 12], [19, 23, 20, 22], [21, 6, 22, 7], [23, 19, 24, 18], [1, 5, 2, 4]]"
12a_0315_287,"[[1, 5, 2, 4], [3, 11, 4, 10], [5, 15, 6, 14], [7, 20, 8, 21], [9, 3, 10, 2], [11, 17, 12, 16], [13, 9, 14, 8], [15, 1, 16, 24], [17, 13, 18, 12], [19, 23, 20, 22], [21, 6, 22, 7], [23, 19, 24, 18]]"
12a_0315_reversed_288,"[[24, 22, 1, 21], [2, 8, 3, 7], [4, 19, 5, 20], [6, 4, 7, 3], [8, 14, 9, 13], [10, 2, 11, 1], [12, 18, 13, 17], [14, 10, 15, 9], [16, 24, 17, 23], [18, 5, 19, 6], [20, 12, 21, 11], [22, 16, 23, 15]]"
12a_0315_reversed_289,"[[22, 16, 23, 15], [24, 22, 1, 21], [2, 8, 3, 7], [4, 19, 5, 20], [6, 4, 7, 3], [8, 14, 9, 13], [10, 2, 11, 1], [12, 18, 13, 17], [14, 10, 15, 9], [16, 24, 17, 23], [18, 5, 19, 6], [20, 12, 21, 11]]"
12a_0315_reversed_290,"[[20, 12, 21, 11], [22, 16, 23, 15], [24, 22, 1, 21], [2, 8, 3, 7], [4, 19, 5, 20], [6, 4, 7, 3], [8, 14, 9, 13], [10, 2, 11, 1], [12, 18, 13, 17], [14, 10, 15, 9], [16, 24, 17, 23], [18, 5, 19, 6]]"
12a_0315_reversed_291,"[[18, 5, 19, 6], [20, 12, 21, 11], [22, 16, 23, 15], [24, 22, 1, 21], [2, 8, 3, 7], [4, 19, 5, 20], [6, 4, 7, 3], [8, 14, 9, 13], [10, 2, 11, 1], [12, 18, 13, 17], [14, 10, 15, 9], [16, 24, 17, 23]]"
12a_0315_reversed_292,"[[16, 24, 17, 23], [18, 5, 19, 6], [20, 12, 21, 11], [22, 16, 23, 15], [24, 22, 1, 21], [2, 8, 3, 7], [4, 19, 5, 20], [6, 4, 7, 3], [8, 14, 9, 13], [10, 2, 11, 1], [12, 18, 13, 17], [14, 10, 15, 9]]"
12a_0315_reversed_293,"[[14, 10, 15, 9], [16, 24, 17, 23], [18, 5, 19, 6], [20, 12, 21, 11], [22, 16, 23, 15], [24, 22, 1, 21], [2, 8, 3, 7], [4, 19, 5, 20], [6, 4, 7, 3], [8, 14, 9, 13], [10, 2, 11, 1], [12, 18, 13, 17]]"
12a_0315_reversed_294,"[[12, 18, 13, 17], [14, 10, 15, 9], [16, 24, 17, 23], [18, 5, 19, 6], [20, 12, 21, 11], [22, 16, 23, 15], [24, 22, 1, 21], [2, 8, 3, 7], [4, 19, 5, 20], [6, 4, 7, 3], [8, 14, 9, 13], [10, 2, 11, 1]]"
12a_0315_reversed_295,"[[10, 2, 11, 1], [12, 18, 13, 17], [14, 10, 15, 9], [16, 24, 17, 23], [18, 5, 19, 6], [20, 12, 21, 11], [22, 16, 23, 15], [24, 22, 1, 21], [2, 8, 3, 7], [4, 19, 5, 20], [6, 4, 7, 3], [8, 14, 9, 13]]"
12a_0315_reversed_296,"[[8, 14, 9, 13], [10, 2, 11, 1], [12, 18, 13, 17], [14, 10, 15, 9], [16, 24, 17, 23], [18, 5, 19, 6], [20, 12, 21, 11], [22, 16, 23, 15], [24, 22, 1, 21], [2, 8, 3, 7], [4, 19, 5, 20], [6, 4, 7, 3]]"
12a_0315_reversed_297,"[[6, 4, 7, 3], [8, 14, 9, 13], [10, 2, 11, 1], [12, 18, 13, 17], [14, 10, 15, 9], [16, 24, 17, 23], [18, 5, 19, 6], [20, 12, 21, 11], [22, 16, 23, 15], [24, 22, 1, 21], [2, 8, 3, 7], [4, 19, 5, 20]]"
12a_0315_reversed_298,"[[4, 19, 5, 20], [6, 4, 7, 3], [8, 14, 9, 13], [10, 2, 11, 1], [12, 18, 13, 17], [14, 10, 15, 9], [16, 24, 17, 23], [18, 5, 19, 6], [20, 12, 21, 11], [22, 16, 23, 15], [24, 22, 1, 21], [2, 8, 3, 7]]"
12a_0315_reversed_299,"[[2, 8, 3, 7], [4, 19, 5, 20], [6, 4, 7, 3], [8, 14, 9, 13], [10, 2, 11, 1], [12, 18, 13, 17], [14, 10, 15, 9], [16, 24, 17, 23], [18, 5, 19, 6], [20, 12, 21, 11], [22, 16, 23, 15], [24, 22, 1, 21]]"
12a_0315_reversed_300,"[[1, 23, 2, 22], [3, 9, 4, 8], [5, 20, 6, 21], [7, 5, 8, 4], [9, 15, 10, 14], [11, 3, 12, 2], [13, 19, 14, 18], [15, 11, 16, 10], [17, 1, 18, 24], [19, 6, 20, 7], [21, 13, 22, 12], [23, 17, 24, 16]]"
12a_0315_reversed_301,"[[23, 17, 24, 16], [1, 23, 2, 22], [3, 9, 4, 8], [5, 20, 6, 21], [7, 5, 8, 4], [9, 15, 10, 14], [11, 3, 12, 2], [13, 19, 14, 18], [15, 11, 16, 10], [17, 1, 18, 24], [19, 6, 20, 7], [21, 13, 22, 12]]"
12a_0315_reversed_302,"[[21, 13, 22, 12], [23, 17, 24, 16], [1, 23, 2, 22], [3, 9, 4, 8], [5, 20, 6, 21], [7, 5, 8, 4], [9, 15, 10, 14], [11, 3, 12, 2], [13, 19, 14, 18], [15, 11, 16, 10], [17, 1, 18, 24], [19, 6, 20, 7]]"
12a_0315_reversed_303,"[[19, 6, 20, 7], [21, 13, 22, 12], [23, 17, 24, 16], [1, 23, 2, 22], [3, 9, 4, 8], [5, 20, 6, 21], [7, 5, 8, 4], [9, 15, 10, 14], [11, 3, 12, 2], [13, 19, 14, 18], [15, 11, 16, 10], [17, 1, 18, 24]]"
12a_0315_reversed_304,"[[17, 1, 18, 24], [19, 6, 20, 7], [21, 13, 22, 12], [23, 17, 24, 16], [1, 23, 2, 22], [3, 9, 4, 8], [5, 20, 6, 21], [7, 5, 8, 4], [9, 15, 10, 14], [11, 3, 12, 2], [13, 19, 14, 18], [15, 11, 16, 10]]"
12a_0315_reversed_305,"[[15, 11, 16, 10], [17, 1, 18, 24], [19, 6, 20, 7], [21, 13, 22, 12], [23, 17, 24, 16], [1, 23, 2, 22], [3, 9, 4, 8], [5, 20, 6, 21], [7, 5, 8, 4], [9, 15, 10, 14], [11, 3, 12, 2], [13, 19, 14, 18]]"
12a_0315_reversed_306,"[[13, 19, 14, 18], [15, 11, 16, 10], [17, 1, 18, 24], [19, 6, 20, 7], [21, 13, 22, 12], [23, 17, 24, 16], [1, 23, 2, 22], [3, 9, 4, 8], [5, 20, 6, 21], [7, 5, 8, 4], [9, 15, 10, 14], [11, 3, 12, 2]]"
12a_0315_reversed_307,"[[11, 3, 12, 2], [13, 19, 14, 18], [15, 11, 16, 10], [17, 1, 18, 24], [19, 6, 20, 7], [21, 13, 22, 12], [23, 17, 24, 16], [1, 23, 2, 22], [3, 9, 4, 8], [5, 20, 6, 21], [7, 5, 8, 4], [9, 15, 10, 14]]"
12a_0315_reversed_308,"[[9, 15, 10, 14], [11, 3, 12, 2], [13, 19, 14, 18], [15, 11, 16, 10], [17, 1, 18, 24], [19, 6, 20, 7], [21, 13, 22, 12], [23, 17, 24, 16], [1, 23, 2, 22], [3, 9, 4, 8], [5, 20, 6, 21], [7, 5, 8, 4]]"
12a_0315_reversed_309,"[[7, 5, 8, 4], [9, 15, 10, 14], [11, 3, 12, 2], [13, 19, 14, 18], [15, 11, 16, 10], [17, 1, 18, 24], [19, 6, 20, 7], [21, 13, 22, 12], [23, 17, 24, 16], [1, 23, 2, 22], [3, 9, 4, 8], [5, 20, 6, 21]]"
12a_0315_reversed_310,"[[5, 20, 6, 21], [7, 5, 8, 4], [9, 15, 10, 14], [11, 3, 12, 2], [13, 19, 14, 18], [15, 11, 16, 10], [17, 1, 18, 24], [19, 6, 20, 7], [21, 13, 22, 12], [23, 17, 24, 16], [1, 23, 2, 22], [3, 9, 4, 8]]"
12a_0315_reversed_311,"[[3, 9, 4, 8], [5, 20, 6, 21], [7, 5, 8, 4], [9, 15, 10, 14], [11, 3, 12, 2], [13, 19, 14, 18], [15, 11, 16, 10], [17, 1, 18, 24], [19, 6, 20, 7], [21, 13, 22, 12], [23, 17, 24, 16], [1, 23, 2, 22]]"
12a_0315_reversed_312,"[[2, 24, 3, 23], [4, 10, 5, 9], [6, 21, 7, 22], [8, 6, 9, 5], [10, 16, 11, 15], [12, 4, 13, 3], [14, 20, 15, 19], [16, 12, 17, 11], [18, 2, 19, 1], [20, 7, 21, 8], [22, 14, 23, 13], [24, 18, 1, 17]]"
12a_0315_reversed_313,"[[24, 18, 1, 17], [2, 24, 3, 23], [4, 10, 5, 9], [6, 21, 7, 22], [8, 6, 9, 5], [10, 16, 11, 15], [12, 4, 13, 3], [14, 20, 15, 19], [16, 12, 17, 11], [18, 2, 19, 1], [20, 7, 21, 8], [22, 14, 23, 13]]"
12a_0315_reversed_314,"[[22, 14, 23, 13], [24, 18, 1, 17], [2, 24, 3, 23], [4, 10, 5, 9], [6, 21, 7, 22], [8, 6, 9, 5], [10, 16, 11, 15], [12, 4, 13, 3], [14, 20, 15, 19], [16, 12, 17, 11], [18, 2, 19, 1], [20, 7, 21, 8]]"
12a_0315_reversed_315,"[[20, 7, 21, 8], [22, 14, 23, 13], [24, 18, 1, 17], [2, 24, 3, 23], [4, 10, 5, 9], [6, 21, 7, 22], [8, 6, 9, 5], [10, 16, 11, 15], [12, 4, 13, 3], [14, 20, 15, 19], [16, 12, 17, 11], [18, 2, 19, 1]]"
12a_0315_reversed_316,"[[18, 2, 19, 1], [20, 7, 21, 8], [22, 14, 23, 13], [24, 18, 1, 17], [2, 24, 3, 23], [4, 10, 5, 9], [6, 21, 7, 22], [8, 6, 9, 5], [10, 16, 11, 15], [12, 4, 13, 3], [14, 20, 15, 19], [16, 12, 17, 11]]"
12a_0315_reversed_317,"[[16, 12, 17, 11], [18, 2, 19, 1], [20, 7, 21, 8], [22, 14, 23, 13], [24, 18, 1, 17], [2, 24, 3, 23], [4, 10, 5, 9], [6, 21, 7, 22], [8, 6, 9, 5], [10, 16, 11, 15], [12, 4, 13, 3], [14, 20, 15, 19]]"
12a_0315_reversed_318,"[[14, 20, 15, 19], [16, 12, 17, 11], [18, 2, 19, 1], [20, 7, 21, 8], [22, 14, 23, 13], [24, 18, 1, 17], [2, 24, 3, 23], [4, 10, 5, 9], [6, 21, 7, 22], [8, 6, 9, 5], [10, 16, 11, 15], [12, 4, 13, 3]]"
12a_0315_reversed_319,"[[12, 4, 13, 3], [14, 20, 15, 19], [16, 12, 17, 11], [18, 2, 19, 1], [20, 7, 21, 8], [22, 14, 23, 13], [24, 18, 1, 17], [2, 24, 3, 23], [4, 10, 5, 9], [6, 21, 7, 22], [8, 6, 9, 5], [10, 16, 11, 15]]"
12a_0315_reversed_320,"[[10, 16, 11, 15], [12, 4, 13, 3], [14, 20, 15, 19], [16, 12, 17, 11], [18, 2, 19, 1], [20, 7, 21, 8], [22, 14, 23, 13], [24, 18, 1, 17], [2, 24, 3, 23], [4, 10, 5, 9], [6, 21, 7, 22], [8, 6, 9, 5]]"
12a_0315_reversed_321,"[[8, 6, 9, 5], [10, 16, 11, 15], [12, 4, 13, 3], [14, 20, 15, 19], [16, 12, 17, 11], [18, 2, 19, 1], [20, 7, 21, 8], [22, 14, 23, 13], [24, 18, 1, 17], [2, 24, 3, 23], [4, 10, 5, 9], [6, 21, 7, 22]]"
12a_0315_reversed_322,"[[6, 21, 7, 22], [8, 6, 9, 5], [10, 16, 11, 15], [12, 4, 13, 3], [14, 20, 15, 19], [16, 12, 17, 11], [18, 2, 19, 1], [20, 7, 21, 8], [22, 14, 23, 13], [24, 18, 1, 17], [2, 24, 3, 23], [4, 10, 5, 9]]"
12a_0315_reversed_323,"[[4, 10, 5, 9], [6, 21, 7, 22], [8, 6, 9, 5], [10, 16, 11, 15], [12, 4, 13, 3], [14, 20, 15, 19], [16, 12, 17, 11], [18, 2, 19, 1], [20, 7, 21, 8], [22, 14, 23, 13], [24, 18, 1, 17], [2, 24, 3, 23]]"
12a_0315_reversed_324,"[[3, 1, 4, 24], [5, 11, 6, 10], [7, 22, 8, 23], [9, 7, 10, 6], [11, 17, 12, 16], [13, 5, 14, 4], [15, 21, 16, 20], [17, 13, 18, 12], [19, 3, 20, 2], [21, 8, 22, 9], [23, 15, 24, 14], [1, 19, 2, 18]]"
12a_0315_reversed_325,"[[1, 19, 2, 18], [3, 1, 4, 24], [5, 11, 6, 10], [7, 22, 8, 23], [9, 7, 10, 6], [11, 17, 12, 16], [13, 5, 14, 4], [15, 21, 16, 20], [17, 13, 18, 12], [19, 3, 20, 2], [21, 8, 22, 9], [23, 15, 24, 14]]"
12a_0315_reversed_326,"[[23, 15, 24, 14], [1, 19, 2, 18], [3, 1, 4, 24], [5, 11, 6, 10], [7, 22, 8, 23], [9, 7, 10, 6], [11, 17, 12, 16], [13, 5, 14, 4], [15, 21, 16, 20], [17, 13, 18, 12], [19, 3, 20, 2], [21, 8, 22, 9]]"
12a_0315_reversed_327,"[[21, 8, 22, 9], [23, 15, 24, 14], [1, 19, 2, 18], [3, 1, 4, 24], [5, 11, 6, 10], [7, 22, 8, 23], [9, 7, 10, 6], [11, 17, 12, 16], [13, 5, 14, 4], [15, 21, 16, 20], [17, 13, 18, 12], [19, 3, 20, 2]]"
12a_0315_reversed_328,"[[19, 3, 20, 2], [21, 8, 22, 9], [23, 15, 24, 14], [1, 19, 2, 18], [3, 1, 4, 24], [5, 11, 6, 10], [7, 22, 8, 23], [9, 7, 10, 6], [11, 17, 12, 16], [13, 5, 14, 4], [15, 21, 16, 20], [17, 13, 18, 12]]"
12a_0315_reversed_329,"[[17, 13, 18, 12], [19, 3, 20, 2], [21, 8, 22, 9], [23, 15, 24, 14], [1, 19, 2, 18], [3, 1, 4, 24], [5, 11, 6, 10], [7, 22, 8, 23], [9, 7, 10, 6], [11, 17, 12, 16], [13, 5, 14, 4], [15, 21, 16, 20]]"
12a_0315_reversed_330,"[[15, 21, 16, 20], [17, 13, 18, 12], [19, 3, 20, 2], [21, 8, 22, 9], [23, 15, 24, 14], [1, 19, 2, 18], [3, 1, 4, 24], [5, 11, 6, 10], [7, 22, 8, 23], [9, 7, 10, 6], [11, 17, 12, 16], [13, 5, 14, 4]]"
12a_0315_reversed_331,"[[13, 5, 14, 4], [15, 21, 16, 20], [17, 13, 18, 12], [19, 3, 20, 2], [21, 8, 22, 9], [23, 15, 24, 14], [1, 19, 2, 18], [3, 1, 4, 24], [5, 11, 6, 10], [7, 22, 8, 23], [9, 7, 10, 6], [11, 17, 12, 16]]"
12a_0315_reversed_332,"[[11, 17, 12, 16], [13, 5, 14, 4], [15, 21, 16, 20], [17, 13, 18, 12], [19, 3, 20, 2], [21, 8, 22, 9], [23, 15, 24, 14], [1, 19, 2, 18], [3, 1, 4, 24], [5, 11, 6, 10], [7, 22, 8, 23], [9, 7, 10, 6]]"
12a_0315_reversed_333,"[[9, 7, 10, 6], [11, 17, 12, 16], [13, 5, 14, 4], [15, 21, 16, 20], [17, 13, 18, 12], [19, 3, 20, 2], [21, 8, 22, 9], [23, 15, 24, 14], [1, 19, 2, 18], [3, 1, 4, 24], [5, 11, 6, 10], [7, 22, 8, 23]]"
12a_0315_reversed_334,"[[7, 22, 8, 23], [9, 7, 10, 6], [11, 17, 12, 16], [13, 5, 14, 4], [15, 21, 16, 20], [17, 13, 18, 12], [19, 3, 20, 2], [21, 8, 22, 9], [23, 15, 24, 14], [1, 19, 2, 18], [3, 1, 4, 24], [5, 11, 6, 10]]"
12a_0315_reversed_335,"[[5, 11, 6, 10], [7, 22, 8, 23], [9, 7, 10, 6], [11, 17, 12, 16], [13, 5, 14, 4], [15, 21, 16, 20], [17, 13, 18, 12], [19, 3, 20, 2], [21, 8, 22, 9], [23, 15, 24, 14], [1, 19, 2, 18], [3, 1, 4, 24]]"
12a_0315_reversed_336,"[[4, 2, 5, 1], [6, 12, 7, 11], [8, 23, 9, 24], [10, 8, 11, 7], [12, 18, 13, 17], [14, 6, 15, 5], [16, 22, 17, 21], [18, 14, 19, 13], [20, 4, 21, 3], [22, 9, 23, 10], [24, 16, 1, 15], [2, 20, 3, 19]]"
12a_0315_reversed_337,"[[2, 20, 3, 19], [4, 2, 5, 1], [6, 12, 7, 11], [8, 23, 9, 24], [10, 8, 11, 7], [12, 18, 13, 17], [14, 6, 15, 5], [16, 22, 17, 21], [18, 14, 19, 13], [20, 4, 21, 3], [22, 9, 23, 10], [24, 16, 1, 15]]"
12a_0315_reversed_338,"[[24, 16, 1, 15], [2, 20, 3, 19], [4, 2, 5, 1], [6, 12, 7, 11], [8, 23, 9, 24], [10, 8, 11, 7], [12, 18, 13, 17], [14, 6, 15, 5], [16, 22, 17, 21], [18, 14, 19, 13], [20, 4, 21, 3], [22, 9, 23, 10]]"
12a_0315_reversed_339,"[[22, 9, 23, 10], [24, 16, 1, 15], [2, 20, 3, 19], [4, 2, 5, 1], [6, 12, 7, 11], [8, 23, 9, 24], [10, 8, 11, 7], [12, 18, 13, 17], [14, 6, 15, 5], [16, 22, 17, 21], [18, 14, 19, 13], [20, 4, 21, 3]]"
12a_0315_reversed_340,"[[20, 4, 21, 3], [22, 9, 23, 10], [24, 16, 1, 15], [2, 20, 3, 19], [4, 2, 5, 1], [6, 12, 7, 11], [8, 23, 9, 24], [10, 8, 11, 7], [12, 18, 13, 17], [14, 6, 15, 5], [16, 22, 17, 21], [18, 14, 19, 13]]"
12a_0315_reversed_341,"[[18, 14, 19, 13], [20, 4, 21, 3], [22, 9, 23, 10], [24, 16, 1, 15], [2, 20, 3, 19], [4, 2, 5, 1], [6, 12, 7, 11], [8, 23, 9, 24], [10, 8, 11, 7], [12, 18, 13, 17], [14, 6, 15, 5], [16, 22, 17, 21]]"
12a_0315_reversed_342,"[[16, 22, 17, 21], [18, 14, 19, 13], [20, 4, 21, 3], [22, 9, 23, 10], [24, 16, 1, 15], [2, 20, 3, 19], [4, 2, 5, 1], [6, 12, 7, 11], [8, 23, 9, 24], [10, 8, 11, 7], [12, 18, 13, 17], [14, 6, 15, 5]]"
12a_0315_reversed_343,"[[14, 6, 15, 5], [16, 22, 17, 21], [18, 14, 19, 13], [20, 4, 21, 3], [22, 9, 23, 10], [24, 16, 1, 15], [2, 20, 3, 19], [4, 2, 5, 1], [6, 12, 7, 11], [8, 23, 9, 24], [10, 8, 11, 7], [12, 18, 13, 17]]"
12a_0315_reversed_344,"[[12, 18, 13, 17], [14, 6, 15, 5], [16, 22, 17, 21], [18, 14, 19, 13], [20, 4, 21, 3], [22, 9, 23, 10], [24, 16, 1, 15], [2, 20, 3, 19], [4, 2, 5, 1], [6, 12, 7, 11], [8, 23, 9, 24], [10, 8, 11, 7]]"
12a_0315_reversed_345,"[[10, 8, 11, 7], [12, 18, 13, 17], [14, 6, 15, 5], [16, 22, 17, 21], [18, 14, 19, 13], [20, 4, 21, 3], [22, 9, 23, 10], [24, 16, 1, 15], [2, 20, 3, 19], [4, 2, 5, 1], [6, 12, 7, 11], [8, 23, 9, 24]]"
12a_0315_reversed_346,"[[8, 23, 9, 24], [10, 8, 11, 7], [12, 18, 13, 17], [14, 6, 15, 5], [16, 22, 17, 21], [18, 14, 19, 13], [20, 4, 21, 3], [22, 9, 23, 10], [24, 16, 1, 15], [2, 20, 3, 19], [4, 2, 5, 1], [6, 12, 7, 11]]"
12a_0315_reversed_347,"[[6, 12, 7, 11], [8, 23, 9, 24], [10, 8, 11, 7], [12, 18, 13, 17], [14, 6, 15, 5], [16, 22, 17, 21], [18, 14, 19, 13], [20, 4, 21, 3], [22, 9, 23, 10], [24, 16, 1, 15], [2, 20, 3, 19], [4, 2, 5, 1]]"
12a_0315_reversed_348,"[[5, 3, 6, 2], [7, 13, 8, 12], [9, 24, 10, 1], [11, 9, 12, 8], [13, 19, 14, 18], [15, 7, 16, 6], [17, 23, 18, 22], [19, 15, 20, 14], [21, 5, 22, 4], [23, 10, 24, 11], [1, 17, 2, 16], [3, 21, 4, 20]]"
12a_0315_reversed_349,"[[3, 21, 4, 20], [5, 3, 6, 2], [7, 13, 8, 12], [9, 24, 10, 1], [11, 9, 12, 8], [13, 19, 14, 18], [15, 7, 16, 6], [17, 23, 18, 22], [19, 15, 20, 14], [21, 5, 22, 4], [23, 10, 24, 11], [1, 17, 2, 16]]"
12a_0315_reversed_350,"[[1, 17, 2, 16], [3, 21, 4, 20], [5, 3, 6, 2], [7, 13, 8, 12], [9, 24, 10, 1], [11, 9, 12, 8], [13, 19, 14, 18], [15, 7, 16, 6], [17, 23, 18, 22], [19, 15, 20, 14], [21, 5, 22, 4], [23, 10, 24, 11]]"
12a_0315_reversed_351,"[[23, 10, 24, 11], [1, 17, 2, 16], [3, 21, 4, 20], [5, 3, 6, 2], [7, 13, 8, 12], [9, 24, 10, 1], [11, 9, 12, 8], [13, 19, 14, 18], [15, 7, 16, 6], [17, 23, 18, 22], [19, 15, 20, 14], [21, 5, 22, 4]]"
12a_0315_reversed_352,"[[21, 5, 22, 4], [23, 10, 24, 11], [1, 17, 2, 16], [3, 21, 4, 20], [5, 3, 6, 2], [7, 13, 8, 12], [9, 24, 10, 1], [11, 9, 12, 8], [13, 19, 14, 18], [15, 7, 16, 6], [17, 23, 18, 22], [19, 15, 20, 14]]"
12a_0315_reversed_353,"[[19, 15, 20, 14], [21, 5, 22, 4], [23, 10, 24, 11], [1, 17, 2, 16], [3, 21, 4, 20], [5, 3, 6, 2], [7, 13, 8, 12], [9, 24, 10, 1], [11, 9, 12, 8], [13, 19, 14, 18], [15, 7, 16, 6], [17, 23, 18, 22]]"
12a_0315_reversed_354,"[[17, 23, 18, 22], [19, 15, 20, 14], [21, 5, 22, 4], [23, 10, 24, 11], [1, 17, 2, 16], [3, 21, 4, 20], [5, 3, 6, 2], [7, 13, 8, 12], [9, 24, 10, 1], [11, 9, 12, 8], [13, 19, 14, 18], [15, 7, 16, 6]]"
12a_0315_reversed_355,"[[15, 7, 16, 6], [17, 23, 18, 22], [19, 15, 20, 14], [21, 5, 22, 4], [23, 10, 24, 11], [1, 17, 2, 16], [3, 21, 4, 20], [5, 3, 6, 2], [7, 13, 8, 12], [9, 24, 10, 1], [11, 9, 12, 8], [13, 19, 14, 18]]"
12a_0315_reversed_356,"[[13, 19, 14, 18], [15, 7, 16, 6], [17, 23, 18, 22], [19, 15, 20, 14], [21, 5, 22, 4], [23, 10, 24, 11], [1, 17, 2, 16], [3, 21, 4, 20], [5, 3, 6, 2], [7, 13, 8, 12], [9, 24, 10, 1], [11, 9, 12, 8]]"
12a_0315_reversed_357,"[[11, 9, 12, 8], [13, 19, 14, 18], [15, 7, 16, 6], [17, 23, 18, 22], [19, 15, 20, 14], [21, 5, 22, 4], [23, 10, 24, 11], [1, 17, 2, 16], [3, 21, 4, 20], [5, 3, 6, 2], [7, 13, 8, 12], [9, 24, 10, 1]]"
12a_0315_reversed_358,"[[9, 24, 10, 1], [11, 9, 12, 8], [13, 19, 14, 18], [15, 7, 16, 6], [17, 23, 18, 22], [19, 15, 20, 14], [21, 5, 22, 4], [23, 10, 24, 11], [1, 17, 2, 16], [3, 21, 4, 20], [5, 3, 6, 2], [7, 13, 8, 12]]"
12a_0315_reversed_359,"[[7, 13, 8, 12], [9, 24, 10, 1], [11, 9, 12, 8], [13, 19, 14, 18], [15, 7, 16, 6], [17, 23, 18, 22], [19, 15, 20, 14], [21, 5, 22, 4], [23, 10, 24, 11], [1, 17, 2, 16], [3, 21, 4, 20], [5, 3, 6, 2]]"
12a_0315_reversed_360,"[[6, 4, 7, 3], [8, 14, 9, 13], [10, 1, 11, 2], [12, 10, 13, 9], [14, 20, 15, 19], [16, 8, 17, 7], [18, 24, 19, 23], [20, 16, 21, 15], [22, 6, 23, 5], [24, 11, 1, 12], [2, 18, 3, 17], [4, 22, 5, 21]]"
12a_0315_reversed_361,"[[4, 22, 5, 21], [6, 4, 7, 3], [8, 14, 9, 13], [10, 1, 11, 2], [12, 10, 13, 9], [14, 20, 15, 19], [16, 8, 17, 7], [18, 24, 19, 23], [20, 16, 21, 15], [22, 6, 23, 5], [24, 11, 1, 12], [2, 18, 3, 17]]"
12a_0315_reversed_362,"[[2, 18, 3, 17], [4, 22, 5, 21], [6, 4, 7, 3], [8, 14, 9, 13], [10, 1, 11, 2], [12, 10, 13, 9], [14, 20, 15, 19], [16, 8, 17, 7], [18, 24, 19, 23], [20, 16, 21, 15], [22, 6, 23, 5], [24, 11, 1, 12]]"
12a_0315_reversed_363,"[[24, 11, 1, 12], [2, 18, 3, 17], [4, 22, 5, 21], [6, 4, 7, 3], [8, 14, 9, 13], [10, 1, 11, 2], [12, 10, 13, 9], [14, 20, 15, 19], [16, 8, 17, 7], [18, 24, 19, 23], [20, 16, 21, 15], [22, 6, 23, 5]]"
12a_0315_reversed_364,"[[22, 6, 23, 5], [24, 11, 1, 12], [2, 18, 3, 17], [4, 22, 5, 21], [6, 4, 7, 3], [8, 14, 9, 13], [10, 1, 11, 2], [12, 10, 13, 9], [14, 20, 15, 19], [16, 8, 17, 7], [18, 24, 19, 23], [20, 16, 21, 15]]"
12a_0315_reversed_365,"[[20, 16, 21, 15], [22, 6, 23, 5], [24, 11, 1, 12], [2, 18, 3, 17], [4, 22, 5, 21], [6, 4, 7, 3], [8, 14, 9, 13], [10, 1, 11, 2], [12, 10, 13, 9], [14, 20, 15, 19], [16, 8, 17, 7], [18, 24, 19, 23]]"
12a_0315_reversed_366,"[[18, 24, 19, 23], [20, 16, 21, 15], [22, 6, 23, 5], [24, 11, 1, 12], [2, 18, 3, 17], [4, 22, 5, 21], [6, 4, 7, 3], [8, 14, 9, 13], [10, 1, 11, 2], [12, 10, 13, 9], [14, 20, 15, 19], [16, 8, 17, 7]]"
12a_0315_reversed_367,"[[16, 8, 17, 7], [18, 24, 19, 23], [20, 16, 21, 15], [22, 6, 23, 5], [24, 11, 1, 12], [2, 18, 3, 17], [4, 22, 5, 21], [6, 4, 7, 3], [8, 14, 9, 13], [10, 1, 11, 2], [12, 10, 13, 9], [14, 20, 15, 19]]"
12a_0315_reversed_368,"[[14, 20, 15, 19], [16, 8, 17, 7], [18, 24, 19, 23], [20, 16, 21, 15], [22, 6, 23, 5], [24, 11, 1, 12], [2, 18, 3, 17], [4, 22, 5, 21], [6, 4, 7, 3], [8, 14, 9, 13], [10, 1, 11, 2], [12, 10, 13, 9]]"
12a_0315_reversed_369,"[[12, 10, 13, 9], [14, 20, 15, 19], [16, 8, 17, 7], [18, 24, 19, 23], [20, 16, 21, 15], [22, 6, 23, 5], [24, 11, 1, 12], [2, 18, 3, 17], [4, 22, 5, 21], [6, 4, 7, 3], [8, 14, 9, 13], [10, 1, 11, 2]]"
12a_0315_reversed_370,"[[10, 1, 11, 2], [12, 10, 13, 9], [14, 20, 15, 19], [16, 8, 17, 7], [18, 24, 19, 23], [20, 16, 21, 15], [22, 6, 23, 5], [24, 11, 1, 12], [2, 18, 3, 17], [4, 22, 5, 21], [6, 4, 7, 3], [8, 14, 9, 13]]"
12a_0315_reversed_371,"[[8, 14, 9, 13], [10, 1, 11, 2], [12, 10, 13, 9], [14, 20, 15, 19], [16, 8, 17, 7], [18, 24, 19, 23], [20, 16, 21, 15], [22, 6, 23, 5], [24, 11, 1, 12], [2, 18, 3, 17], [4, 22, 5, 21], [6, 4, 7, 3]]"
12a_0315_reversed_372,"[[7, 5, 8, 4], [9, 15, 10, 14], [11, 2, 12, 3], [13, 11, 14, 10], [15, 21, 16, 20], [17, 9, 18, 8], [19, 1, 20, 24], [21, 17, 22, 16], [23, 7, 24, 6], [1, 12, 2, 13], [3, 19, 4, 18], [5, 23, 6, 22]]"
12a_0315_reversed_373,"[[5, 23, 6, 22], [7, 5, 8, 4], [9, 15, 10, 14], [11, 2, 12, 3], [13, 11, 14, 10], [15, 21, 16, 20], [17, 9, 18, 8], [19, 1, 20, 24], [21, 17, 22, 16], [23, 7, 24, 6], [1, 12, 2, 13], [3, 19, 4, 18]]"
12a_0315_reversed_374,"[[3, 19, 4, 18], [5, 23, 6, 22], [7, 5, 8, 4], [9, 15, 10, 14], [11, 2, 12, 3], [13, 11, 14, 10], [15, 21, 16, 20], [17, 9, 18, 8], [19, 1, 20, 24], [21, 17, 22, 16], [23, 7, 24, 6], [1, 12, 2, 13]]"
12a_0315_reversed_375,"[[1, 12, 2, 13], [3, 19, 4, 18], [5, 23, 6, 22], [7, 5, 8, 4], [9, 15, 10, 14], [11, 2, 12, 3], [13, 11, 14, 10], [15, 21, 16, 20], [17, 9, 18, 8], [19, 1, 20, 24], [21, 17, 22, 16], [23, 7, 24, 6]]"
12a_0315_reversed_376,"[[23, 7, 24, 6], [1, 12, 2, 13], [3, 19, 4, 18], [5, 23, 6, 22], [7, 5, 8, 4], [9, 15, 10, 14], [11, 2, 12, 3], [13, 11, 14, 10], [15, 21, 16, 20], [17, 9, 18, 8], [19, 1, 20, 24], [21, 17, 22, 16]]"
12a_0315_reversed_377,"[[21, 17, 22, 16], [23, 7, 24, 6], [1, 12, 2, 13], [3, 19, 4, 18], [5, 23, 6, 22], [7, 5, 8, 4], [9, 15, 10, 14], [11, 2, 12, 3], [13, 11, 14, 10], [15, 21, 16, 20], [17, 9, 18, 8], [19, 1, 20, 24]]"
12a_0315_reversed_378,"[[19, 1, 20, 24], [21, 17, 22, 16], [23, 7, 24, 6], [1, 12, 2, 13], [3, 19, 4, 18], [5, 23, 6, 22], [7, 5, 8, 4], [9, 15, 10, 14], [11, 2, 12, 3], [13, 11, 14, 10], [15, 21, 16, 20], [17, 9, 18, 8]]"
12a_0315_reversed_379,"[[17, 9, 18, 8], [19, 1, 20, 24], [21, 17, 22, 16], [23, 7, 24, 6], [1, 12, 2, 13], [3, 19, 4, 18], [5, 23, 6, 22], [7, 5, 8, 4], [9, 15, 10, 14], [11, 2, 12, 3], [13, 11, 14, 10], [15, 21, 16, 20]]"
12a_0315_reversed_380,"[[15, 21, 16, 20], [17, 9, 18, 8], [19, 1, 20, 24], [21, 17, 22, 16], [23, 7, 24, 6], [1, 12, 2, 13], [3, 19, 4, 18], [5, 23, 6, 22], [7, 5, 8, 4], [9, 15, 10, 14], [11, 2, 12, 3], [13, 11, 14, 10]]"
12a_0315_reversed_381,"[[13, 11, 14, 10], [15, 21, 16, 20], [17, 9, 18, 8], [19, 1, 20, 24], [21, 17, 22, 16], [23, 7, 24, 6], [1, 12, 2, 13], [3, 19, 4, 18], [5, 23, 6, 22], [7, 5, 8, 4], [9, 15, 10, 14], [11, 2, 12, 3]]"
12a_0315_reversed_382,"[[11, 2, 12, 3], [13, 11, 14, 10], [15, 21, 16, 20], [17, 9, 18, 8], [19, 1, 20, 24], [21, 17, 22, 16], [23, 7, 24, 6], [1, 12, 2, 13], [3, 19, 4, 18], [5, 23, 6, 22], [7, 5, 8, 4], [9, 15, 10, 14]]"
12a_0315_reversed_383,"[[9, 15, 10, 14], [11, 2, 12, 3], [13, 11, 14, 10], [15, 21, 16, 20], [17, 9, 18, 8], [19, 1, 20, 24], [21, 17, 22, 16], [23, 7, 24, 6], [1, 12, 2, 13], [3, 19, 4, 18], [5, 23, 6, 22], [7, 5, 8, 4]]"
12a_0315_reversed_384,"[[8, 6, 9, 5], [10, 16, 11, 15], [12, 3, 13, 4], [14, 12, 15, 11], [16, 22, 17, 21], [18, 10, 19, 9], [20, 2, 21, 1], [22, 18, 23, 17], [24, 8, 1, 7], [2, 13, 3, 14], [4, 20, 5, 19], [6, 24, 7, 23]]"
12a_0315_reversed_385,"[[6, 24, 7, 23], [8, 6, 9, 5], [10, 16, 11, 15], [12, 3, 13, 4], [14, 12, 15, 11], [16, 22, 17, 21], [18, 10, 19, 9], [20, 2, 21, 1], [22, 18, 23, 17], [24, 8, 1, 7], [2, 13, 3, 14], [4, 20, 5, 19]]"
12a_0315_reversed_386,"[[4, 20, 5, 19], [6, 24, 7, 23], [8, 6, 9, 5], [10, 16, 11, 15], [12, 3, 13, 4], [14, 12, 15, 11], [16, 22, 17, 21], [18, 10, 19, 9], [20, 2, 21, 1], [22, 18, 23, 17], [24, 8, 1, 7], [2, 13, 3, 14]]"
12a_0315_reversed_387,"[[2, 13, 3, 14], [4, 20, 5, 19], [6, 24, 7, 23], [8, 6, 9, 5], [10, 16, 11, 15], [12, 3, 13, 4], [14, 12, 15, 11], [16, 22, 17, 21], [18, 10, 19, 9], [20, 2, 21, 1], [22, 18, 23, 17], [24, 8, 1, 7]]"
12a_0315_reversed_388,"[[24, 8, 1, 7], [2, 13, 3, 14], [4, 20, 5, 19], [6, 24, 7, 23], [8, 6, 9, 5], [10, 16, 11, 15], [12, 3, 13, 4], [14, 12, 15, 11], [16, 22, 17, 21], [18, 10, 19, 9], [20, 2, 21, 1], [22, 18, 23, 17]]"
12a_0315_reversed_389,"[[22, 18, 23, 17], [24, 8, 1, 7], [2, 13, 3, 14], [4, 20, 5, 19], [6, 24, 7, 23], [8, 6, 9, 5], [10, 16, 11, 15], [12, 3, 13, 4], [14, 12, 15, 11], [16, 22, 17, 21], [18, 10, 19, 9], [20, 2, 21, 1]]"
12a_0315_reversed_390,"[[20, 2, 21, 1], [22, 18, 23, 17], [24, 8, 1, 7], [2, 13, 3, 14], [4, 20, 5, 19], [6, 24, 7, 23], [8, 6, 9, 5], [10, 16, 11, 15], [12, 3, 13, 4], [14, 12, 15, 11], [16, 22, 17, 21], [18, 10, 19, 9]]"
12a_0315_reversed_391,"[[18, 10, 19, 9], [20, 2, 21, 1], [22, 18, 23, 17], [24, 8, 1, 7], [2, 13, 3, 14], [4, 20, 5, 19], [6, 24, 7, 23], [8, 6, 9, 5], [10, 16, 11, 15], [12, 3, 13, 4], [14, 12, 15, 11], [16, 22, 17, 21]]"
12a_0315_reversed_392,"[[16, 22, 17, 21], [18, 10, 19, 9], [20, 2, 21, 1], [22, 18, 23, 17], [24, 8, 1, 7], [2, 13, 3, 14], [4, 20, 5, 19], [6, 24, 7, 23], [8, 6, 9, 5], [10, 16, 11, 15], [12, 3, 13, 4], [14, 12, 15, 11]]"
12a_0315_reversed_393,"[[14, 12, 15, 11], [16, 22, 17, 21], [18, 10, 19, 9], [20, 2, 21, 1], [22, 18, 23, 17], [24, 8, 1, 7], [2, 13, 3, 14], [4, 20, 5, 19], [6, 24, 7, 23], [8, 6, 9, 5], [10, 16, 11, 15], [12, 3, 13, 4]]"
12a_0315_reversed_394,"[[12, 3, 13, 4], [14, 12, 15, 11], [16, 22, 17, 21], [18, 10, 19, 9], [20, 2, 21, 1], [22, 18, 23, 17], [24, 8, 1, 7], [2, 13, 3, 14], [4, 20, 5, 19], [6, 24, 7, 23], [8, 6, 9, 5], [10, 16, 11, 15]]"
12a_0315_reversed_395,"[[10, 16, 11, 15], [12, 3, 13, 4], [14, 12, 15, 11], [16, 22, 17, 21], [18, 10, 19, 9], [20, 2, 21, 1], [22, 18, 23, 17], [24, 8, 1, 7], [2, 13, 3, 14], [4, 20, 5, 19], [6, 24, 7, 23], [8, 6, 9, 5]]"
12a_0315_reversed_396,"[[9, 7, 10, 6], [11, 17, 12, 16], [13, 4, 14, 5], [15, 13, 16, 12], [17, 23, 18, 22], [19, 11, 20, 10], [21, 3, 22, 2], [23, 19, 24, 18], [1, 9, 2, 8], [3, 14, 4, 15], [5, 21, 6, 20], [7, 1, 8, 24]]"
12a_0315_reversed_397,"[[7, 1, 8, 24], [9, 7, 10, 6], [11, 17, 12, 16], [13, 4, 14, 5], [15, 13, 16, 12], [17, 23, 18, 22], [19, 11, 20, 10], [21, 3, 22, 2], [23, 19, 24, 18], [1, 9, 2, 8], [3, 14, 4, 15], [5, 21, 6, 20]]"
12a_0315_reversed_398,"[[5, 21, 6, 20], [7, 1, 8, 24], [9, 7, 10, 6], [11, 17, 12, 16], [13, 4, 14, 5], [15, 13, 16, 12], [17, 23, 18, 22], [19, 11, 20, 10], [21, 3, 22, 2], [23, 19, 24, 18], [1, 9, 2, 8], [3, 14, 4, 15]]"
12a_0315_reversed_399,"[[3, 14, 4, 15], [5, 21, 6, 20], [7, 1, 8, 24], [9, 7, 10, 6], [11, 17, 12, 16], [13, 4, 14, 5], [15, 13, 16, 12], [17, 23, 18, 22], [19, 11, 20, 10], [21, 3, 22, 2], [23, 19, 24, 18], [1, 9, 2, 8]]"
12a_0315_reversed_400,"[[1, 9, 2, 8], [3, 14, 4, 15], [5, 21, 6, 20], [7, 1, 8, 24], [9, 7, 10, 6], [11, 17, 12, 16], [13, 4, 14, 5], [15, 13, 16, 12], [17, 23, 18, 22], [19, 11, 20, 10], [21, 3, 22, 2], [23, 19, 24, 18]]"
12a_0315_reversed_401,"[[23, 19, 24, 18], [1, 9, 2, 8], [3, 14, 4, 15], [5, 21, 6, 20], [7, 1, 8, 24], [9, 7, 10, 6], [11, 17, 12, 16], [13, 4, 14, 5], [15, 13, 16, 12], [17, 23, 18, 22], [19, 11, 20, 10], [21, 3, 22, 2]]"
12a_0315_reversed_402,"[[21, 3, 22, 2], [23, 19, 24, 18], [1, 9, 2, 8], [3, 14, 4, 15], [5, 21, 6, 20], [7, 1, 8, 24], [9, 7, 10, 6], [11, 17, 12, 16], [13, 4, 14, 5], [15, 13, 16, 12], [17, 23, 18, 22], [19, 11, 20, 10]]"
12a_0315_reversed_403,"[[19, 11, 20, 10], [21, 3, 22, 2], [23, 19, 24, 18], [1, 9, 2, 8], [3, 14, 4, 15], [5, 21, 6, 20], [7, 1, 8, 24], [9, 7, 10, 6], [11, 17, 12, 16], [13, 4, 14, 5], [15, 13, 16, 12], [17, 23, 18, 22]]"
12a_0315_reversed_404,"[[17, 23, 18, 22], [19, 11, 20, 10], [21, 3, 22, 2], [23, 19, 24, 18], [1, 9, 2, 8], [3, 14, 4, 15], [5, 21, 6, 20], [7, 1, 8, 24], [9, 7, 10, 6], [11, 17, 12, 16], [13, 4, 14, 5], [15, 13, 16, 12]]"
12a_0315_reversed_405,"[[15, 13, 16, 12], [17, 23, 18, 22], [19, 11, 20, 10], [21, 3, 22, 2], [23, 19, 24, 18], [1, 9, 2, 8], [3, 14, 4, 15], [5, 21, 6, 20], [7, 1, 8, 24], [9, 7, 10, 6], [11, 17, 12, 16], [13, 4, 14, 5]]"
12a_0315_reversed_406,"[[13, 4, 14, 5], [15, 13, 16, 12], [17, 23, 18, 22], [19, 11, 20, 10], [21, 3, 22, 2], [23, 19, 24, 18], [1, 9, 2, 8], [3, 14, 4, 15], [5, 21, 6, 20], [7, 1, 8, 24], [9, 7, 10, 6], [11, 17, 12, 16]]"
12a_0315_reversed_407,"[[11, 17, 12, 16], [13, 4, 14, 5], [15, 13, 16, 12], [17, 23, 18, 22], [19, 11, 20, 10], [21, 3, 22, 2], [23, 19, 24, 18], [1, 9, 2, 8], [3, 14, 4, 15], [5, 21, 6, 20], [7, 1, 8, 24], [9, 7, 10, 6]]"
12a_0315_reversed_408,"[[10, 8, 11, 7], [12, 18, 13, 17], [14, 5, 15, 6], [16, 14, 17, 13], [18, 24, 19, 23], [20, 12, 21, 11], [22, 4, 23, 3], [24, 20, 1, 19], [2, 10, 3, 9], [4, 15, 5, 16], [6, 22, 7, 21], [8, 2, 9, 1]]"
12a_0315_reversed_409,"[[8, 2, 9, 1], [10, 8, 11, 7], [12, 18, 13, 17], [14, 5, 15, 6], [16, 14, 17, 13], [18, 24, 19, 23], [20, 12, 21, 11], [22, 4, 23, 3], [24, 20, 1, 19], [2, 10, 3, 9], [4, 15, 5, 16], [6, 22, 7, 21]]"
12a_0315_reversed_410,"[[6, 22, 7, 21], [8, 2, 9, 1], [10, 8, 11, 7], [12, 18, 13, 17], [14, 5, 15, 6], [16, 14, 17, 13], [18, 24, 19, 23], [20, 12, 21, 11], [22, 4, 23, 3], [24, 20, 1, 19], [2, 10, 3, 9], [4, 15, 5, 16]]"
12a_0315_reversed_411,"[[4, 15, 5, 16], [6, 22, 7, 21], [8, 2, 9, 1], [10, 8, 11, 7], [12, 18, 13, 17], [14, 5, 15, 6], [16, 14, 17, 13], [18, 24, 19, 23], [20, 12, 21, 11], [22, 4, 23, 3], [24, 20, 1, 19], [2, 10, 3, 9]]"
12a_0315_reversed_412,"[[2, 10, 3, 9], [4, 15, 5, 16], [6, 22, 7, 21], [8, 2, 9, 1], [10, 8, 11, 7], [12, 18, 13, 17], [14, 5, 15, 6], [16, 14, 17, 13], [18, 24, 19, 23], [20, 12, 21, 11], [22, 4, 23, 3], [24, 20, 1, 19]]"
12a_0315_reversed_413,"[[24, 20, 1, 19], [2, 10, 3, 9], [4, 15, 5, 16], [6, 22, 7, 21], [8, 2, 9, 1], [10, 8, 11, 7], [12, 18, 13, 17], [14, 5, 15, 6], [16, 14, 17, 13], [18, 24, 19, 23], [20, 12, 21, 11], [22, 4, 23, 3]]"
12a_0315_reversed_414,"[[22, 4, 23, 3], [24, 20, 1, 19], [2, 10, 3, 9], [4, 15, 5, 16], [6, 22, 7, 21], [8, 2, 9, 1], [10, 8, 11, 7], [12, 18, 13, 17], [14, 5, 15, 6], [16, 14, 17, 13], [18, 24, 19, 23], [20, 12, 21, 11]]"
12a_0315_reversed_415,"[[20, 12, 21, 11], [22, 4, 23, 3], [24, 20, 1, 19], [2, 10, 3, 9], [4, 15, 5, 16], [6, 22, 7, 21], [8, 2, 9, 1], [10, 8, 11, 7], [12, 18, 13, 17], [14, 5, 15, 6], [16, 14, 17, 13], [18, 24, 19, 23]]"
12a_0315_reversed_416,"[[18, 24, 19, 23], [20, 12, 21, 11], [22, 4, 23, 3], [24, 20, 1, 19], [2, 10, 3, 9], [4, 15, 5, 16], [6, 22, 7, 21], [8, 2, 9, 1], [10, 8, 11, 7], [12, 18, 13, 17], [14, 5, 15, 6], [16, 14, 17, 13]]"
12a_0315_reversed_417,"[[16, 14, 17, 13], [18, 24, 19, 23], [20, 12, 21, 11], [22, 4, 23, 3], [24, 20, 1, 19], [2, 10, 3, 9], [4, 15, 5, 16], [6, 22, 7, 21], [8, 2, 9, 1], [10, 8, 11, 7], [12, 18, 13, 17], [14, 5, 15, 6]]"
12a_0315_reversed_418,"[[14, 5, 15, 6], [16, 14, 17, 13], [18, 24, 19, 23], [20, 12, 21, 11], [22, 4, 23, 3], [24, 20, 1, 19], [2, 10, 3, 9], [4, 15, 5, 16], [6, 22, 7, 21], [8, 2, 9, 1], [10, 8, 11, 7], [12, 18, 13, 17]]"
12a_0315_reversed_419,"[[12, 18, 13, 17], [14, 5, 15, 6], [16, 14, 17, 13], [18, 24, 19, 23], [20, 12, 21, 11], [22, 4, 23, 3], [24, 20, 1, 19], [2, 10, 3, 9], [4, 15, 5, 16], [6, 22, 7, 21], [8, 2, 9, 1], [10, 8, 11, 7]]"
12a_0315_reversed_420,"[[11, 9, 12, 8], [13, 19, 14, 18], [15, 6, 16, 7], [17, 15, 18, 14], [19, 1, 20, 24], [21, 13, 22, 12], [23, 5, 24, 4], [1, 21, 2, 20], [3, 11, 4, 10], [5, 16, 6, 17], [7, 23, 8, 22], [9, 3, 10, 2]]"
12a_0315_reversed_421,"[[9, 3, 10, 2], [11, 9, 12, 8], [13, 19, 14, 18], [15, 6, 16, 7], [17, 15, 18, 14], [19, 1, 20, 24], [21, 13, 22, 12], [23, 5, 24, 4], [1, 21, 2, 20], [3, 11, 4, 10], [5, 16, 6, 17], [7, 23, 8, 22]]"
12a_0315_reversed_422,"[[7, 23, 8, 22], [9, 3, 10, 2], [11, 9, 12, 8], [13, 19, 14, 18], [15, 6, 16, 7], [17, 15, 18, 14], [19, 1, 20, 24], [21, 13, 22, 12], [23, 5, 24, 4], [1, 21, 2, 20], [3, 11, 4, 10], [5, 16, 6, 17]]"
12a_0315_reversed_423,"[[5, 16, 6, 17], [7, 23, 8, 22], [9, 3, 10, 2], [11, 9, 12, 8], [13, 19, 14, 18], [15, 6, 16, 7], [17, 15, 18, 14], [19, 1, 20, 24], [21, 13, 22, 12], [23, 5, 24, 4], [1, 21, 2, 20], [3, 11, 4, 10]]"
12a_0315_reversed_424,"[[3, 11, 4, 10], [5, 16, 6, 17], [7, 23, 8, 22], [9, 3, 10, 2], [11, 9, 12, 8], [13, 19, 14, 18], [15, 6, 16, 7], [17, 15, 18, 14], [19, 1, 20, 24], [21, 13, 22, 12], [23, 5, 24, 4], [1, 21, 2, 20]]"
12a_0315_reversed_425,"[[1, 21, 2, 20], [3, 11, 4, 10], [5, 16, 6, 17], [7, 23, 8, 22], [9, 3, 10, 2], [11, 9, 12, 8], [13, 19, 14, 18], [15, 6, 16, 7], [17, 15, 18, 14], [19, 1, 20, 24], [21, 13, 22, 12], [23, 5, 24, 4]]"
12a_0315_reversed_426,"[[23, 5, 24, 4], [1, 21, 2, 20], [3, 11, 4, 10], [5, 16, 6, 17], [7, 23, 8, 22], [9, 3, 10, 2], [11, 9, 12, 8], [13, 19, 14, 18], [15, 6, 16, 7], [17, 15, 18, 14], [19, 1, 20, 24], [21, 13, 22, 12]]"
12a_0315_reversed_427,"[[21, 13, 22, 12], [23, 5, 24, 4], [1, 21, 2, 20], [3, 11, 4, 10], [5, 16, 6, 17], [7, 23, 8, 22], [9, 3, 10, 2], [11, 9, 12, 8], [13, 19, 14, 18], [15, 6, 16, 7], [17, 15, 18, 14], [19, 1, 20, 24]]"
12a_0315_reversed_428,"[[19, 1, 20, 24], [21, 13, 22, 12], [23, 5, 24, 4], [1, 21, 2, 20], [3, 11, 4, 10], [5, 16, 6, 17], [7, 23, 8, 22], [9, 3, 10, 2], [11, 9, 12, 8], [13, 19, 14, 18], [15, 6, 16, 7], [17, 15, 18, 14]]"
12a_0315_reversed_429,"[[17, 15, 18, 14], [19, 1, 20, 24], [21, 13, 22, 12], [23, 5, 24, 4], [1, 21, 2, 20], [3, 11, 4, 10], [5, 16, 6, 17], [7, 23, 8, 22], [9, 3, 10, 2], [11, 9, 12, 8], [13, 19, 14, 18], [15, 6, 16, 7]]"
12a_0315_reversed_430,"[[15, 6, 16, 7], [17, 15, 18, 14], [19, 1, 20, 24], [21, 13, 22, 12], [23, 5, 24, 4], [1, 21, 2, 20], [3, 11, 4, 10], [5, 16, 6, 17], [7, 23, 8, 22], [9, 3, 10, 2], [11, 9, 12, 8], [13, 19, 14, 18]]"
12a_0315_reversed_431,"[[13, 19, 14, 18], [15, 6, 16, 7], [17, 15, 18, 14], [19, 1, 20, 24], [21, 13, 22, 12], [23, 5, 24, 4], [1, 21, 2, 20], [3, 11, 4, 10], [5, 16, 6, 17], [7, 23, 8, 22], [9, 3, 10, 2], [11, 9, 12, 8]]"
12a_0315_reversed_432,"[[12, 10, 13, 9], [14, 20, 15, 19], [16, 7, 17, 8], [18, 16, 19, 15], [20, 2, 21, 1], [22, 14, 23, 13], [24, 6, 1, 5], [2, 22, 3, 21], [4, 12, 5, 11], [6, 17, 7, 18], [8, 24, 9, 23], [10, 4, 11, 3]]"
12a_0315_reversed_433,"[[10, 4, 11, 3], [12, 10, 13, 9], [14, 20, 15, 19], [16, 7, 17, 8], [18, 16, 19, 15], [20, 2, 21, 1], [22, 14, 23, 13], [24, 6, 1, 5], [2, 22, 3, 21], [4, 12, 5, 11], [6, 17, 7, 18], [8, 24, 9, 23]]"
12a_0315_reversed_434,"[[8, 24, 9, 23], [10, 4, 11, 3], [12, 10, 13, 9], [14, 20, 15, 19], [16, 7, 17, 8], [18, 16, 19, 15], [20, 2, 21, 1], [22, 14, 23, 13], [24, 6, 1, 5], [2, 22, 3, 21], [4, 12, 5, 11], [6, 17, 7, 18]]"
12a_0315_reversed_435,"[[6, 17, 7, 18], [8, 24, 9, 23], [10, 4, 11, 3], [12, 10, 13, 9], [14, 20, 15, 19], [16, 7, 17, 8], [18, 16, 19, 15], [20, 2, 21, 1], [22, 14, 23, 13], [24, 6, 1, 5], [2, 22, 3, 21], [4, 12, 5, 11]]"
12a_0315_reversed_436,"[[4, 12, 5, 11], [6, 17, 7, 18], [8, 24, 9, 23], [10, 4, 11, 3], [12, 10, 13, 9], [14, 20, 15, 19], [16, 7, 17, 8], [18, 16, 19, 15], [20, 2, 21, 1], [22, 14, 23, 13], [24, 6, 1, 5], [2, 22, 3, 21]]"
12a_0315_reversed_437,"[[2, 22, 3, 21], [4, 12, 5, 11], [6, 17, 7, 18], [8, 24, 9, 23], [10, 4, 11, 3], [12, 10, 13, 9], [14, 20, 15, 19], [16, 7, 17, 8], [18, 16, 19, 15], [20, 2, 21, 1], [22, 14, 23, 13], [24, 6, 1, 5]]"
12a_0315_reversed_438,"[[24, 6, 1, 5], [2, 22, 3, 21], [4, 12, 5, 11], [6, 17, 7, 18], [8, 24, 9, 23], [10, 4, 11, 3], [12, 10, 13, 9], [14, 20, 15, 19], [16, 7, 17, 8], [18, 16, 19, 15], [20, 2, 21, 1], [22, 14, 23, 13]]"
12a_0315_reversed_439,"[[22, 14, 23, 13], [24, 6, 1, 5], [2, 22, 3, 21], [4, 12, 5, 11], [6, 17, 7, 18], [8, 24, 9, 23], [10, 4, 11, 3], [12, 10, 13, 9], [14, 20, 15, 19], [16, 7, 17, 8], [18, 16, 19, 15], [20, 2, 21, 1]]"
12a_0315_reversed_440,"[[20, 2, 21, 1], [22, 14, 23, 13], [24, 6, 1, 5], [2, 22, 3, 21], [4, 12, 5, 11], [6, 17, 7, 18], [8, 24, 9, 23], [10, 4, 11, 3], [12, 10, 13, 9], [14, 20, 15, 19], [16, 7, 17, 8], [18, 16, 19, 15]]"
12a_0315_reversed_441,"[[18, 16, 19, 15], [20, 2, 21, 1], [22, 14, 23, 13], [24, 6, 1, 5], [2, 22, 3, 21], [4, 12, 5, 11], [6, 17, 7, 18], [8, 24, 9, 23], [10, 4, 11, 3], [12, 10, 13, 9], [14, 20, 15, 19], [16, 7, 17, 8]]"
12a_0315_reversed_442,"[[16, 7, 17, 8], [18, 16, 19, 15], [20, 2, 21, 1], [22, 14, 23, 13], [24, 6, 1, 5], [2, 22, 3, 21], [4, 12, 5, 11], [6, 17, 7, 18], [8, 24, 9, 23], [10, 4, 11, 3], [12, 10, 13, 9], [14, 20, 15, 19]]"
12a_0315_reversed_443,"[[14, 20, 15, 19], [16, 7, 17, 8], [18, 16, 19, 15], [20, 2, 21, 1], [22, 14, 23, 13], [24, 6, 1, 5], [2, 22, 3, 21], [4, 12, 5, 11], [6, 17, 7, 18], [8, 24, 9, 23], [10, 4, 11, 3], [12, 10, 13, 9]]"
12a_0315_reversed_444,"[[13, 11, 14, 10], [15, 21, 16, 20], [17, 8, 18, 9], [19, 17, 20, 16], [21, 3, 22, 2], [23, 15, 24, 14], [1, 7, 2, 6], [3, 23, 4, 22], [5, 13, 6, 12], [7, 18, 8, 19], [9, 1, 10, 24], [11, 5, 12, 4]]"
12a_0315_reversed_445,"[[11, 5, 12, 4], [13, 11, 14, 10], [15, 21, 16, 20], [17, 8, 18, 9], [19, 17, 20, 16], [21, 3, 22, 2], [23, 15, 24, 14], [1, 7, 2, 6], [3, 23, 4, 22], [5, 13, 6, 12], [7, 18, 8, 19], [9, 1, 10, 24]]"
12a_0315_reversed_446,"[[9, 1, 10, 24], [11, 5, 12, 4], [13, 11, 14, 10], [15, 21, 16, 20], [17, 8, 18, 9], [19, 17, 20, 16], [21, 3, 22, 2], [23, 15, 24, 14], [1, 7, 2, 6], [3, 23, 4, 22], [5, 13, 6, 12], [7, 18, 8, 19]]"
12a_0315_reversed_447,"[[7, 18, 8, 19], [9, 1, 10, 24], [11, 5, 12, 4], [13, 11, 14, 10], [15, 21, 16, 20], [17, 8, 18, 9], [19, 17, 20, 16], [21, 3, 22, 2], [23, 15, 24, 14], [1, 7, 2, 6], [3, 23, 4, 22], [5, 13, 6, 12]]"
12a_0315_reversed_448,"[[5, 13, 6, 12], [7, 18, 8, 19], [9, 1, 10, 24], [11, 5, 12, 4], [13, 11, 14, 10], [15, 21, 16, 20], [17, 8, 18, 9], [19, 17, 20, 16], [21, 3, 22, 2], [23, 15, 24, 14], [1, 7, 2, 6], [3, 23, 4, 22]]"
12a_0315_reversed_449,"[[3, 23, 4, 22], [5, 13, 6, 12], [7, 18, 8, 19], [9, 1, 10, 24], [11, 5, 12, 4], [13, 11, 14, 10], [15, 21, 16, 20], [17, 8, 18, 9], [19, 17, 20, 16], [21, 3, 22, 2], [23, 15, 24, 14], [1, 7, 2, 6]]"
12a_0315_reversed_450,"[[1, 7, 2, 6], [3, 23, 4, 22], [5, 13, 6, 12], [7, 18, 8, 19], [9, 1, 10, 24], [11, 5, 12, 4], [13, 11, 14, 10], [15, 21, 16, 20], [17, 8, 18, 9], [19, 17, 20, 16], [21, 3, 22, 2], [23, 15, 24, 14]]"
12a_0315_reversed_451,"[[23, 15, 24, 14], [1, 7, 2, 6], [3, 23, 4, 22], [5, 13, 6, 12], [7, 18, 8, 19], [9, 1, 10, 24], [11, 5, 12, 4], [13, 11, 14, 10], [15, 21, 16, 20], [17, 8, 18, 9], [19, 17, 20, 16], [21, 3, 22, 2]]"
12a_0315_reversed_452,"[[21, 3, 22, 2], [23, 15, 24, 14], [1, 7, 2, 6], [3, 23, 4, 22], [5, 13, 6, 12], [7, 18, 8, 19], [9, 1, 10, 24], [11, 5, 12, 4], [13, 11, 14, 10], [15, 21, 16, 20], [17, 8, 18, 9], [19, 17, 20, 16]]"
12a_0315_reversed_453,"[[19, 17, 20, 16], [21, 3, 22, 2], [23, 15, 24, 14], [1, 7, 2, 6], [3, 23, 4, 22], [5, 13, 6, 12], [7, 18, 8, 19], [9, 1, 10, 24], [11, 5, 12, 4], [13, 11, 14, 10], [15, 21, 16, 20], [17, 8, 18, 9]]"
12a_0315_reversed_454,"[[17, 8, 18, 9], [19, 17, 20, 16], [21, 3, 22, 2], [23, 15, 24, 14], [1, 7, 2, 6], [3, 23, 4, 22], [5, 13, 6, 12], [7, 18, 8, 19], [9, 1, 10, 24], [11, 5, 12, 4], [13, 11, 14, 10], [15, 21, 16, 20]]"
12a_0315_reversed_455,"[[15, 21, 16, 20], [17, 8, 18, 9], [19, 17, 20, 16], [21, 3, 22, 2], [23, 15, 24, 14], [1, 7, 2, 6], [3, 23, 4, 22], [5, 13, 6, 12], [7, 18, 8, 19], [9, 1, 10, 24], [11, 5, 12, 4], [13, 11, 14, 10]]"
12a_0315_reversed_456,"[[14, 12, 15, 11], [16, 22, 17, 21], [18, 9, 19, 10], [20, 18, 21, 17], [22, 4, 23, 3], [24, 16, 1, 15], [2, 8, 3, 7], [4, 24, 5, 23], [6, 14, 7, 13], [8, 19, 9, 20], [10, 2, 11, 1], [12, 6, 13, 5]]"
12a_0315_reversed_457,"[[12, 6, 13, 5], [14, 12, 15, 11], [16, 22, 17, 21], [18, 9, 19, 10], [20, 18, 21, 17], [22, 4, 23, 3], [24, 16, 1, 15], [2, 8, 3, 7], [4, 24, 5, 23], [6, 14, 7, 13], [8, 19, 9, 20], [10, 2, 11, 1]]"
12a_0315_reversed_458,"[[10, 2, 11, 1], [12, 6, 13, 5], [14, 12, 15, 11], [16, 22, 17, 21], [18, 9, 19, 10], [20, 18, 21, 17], [22, 4, 23, 3], [24, 16, 1, 15], [2, 8, 3, 7], [4, 24, 5, 23], [6, 14, 7, 13], [8, 19, 9, 20]]"
12a_0315_reversed_459,"[[8, 19, 9, 20], [10, 2, 11, 1], [12, 6, 13, 5], [14, 12, 15, 11], [16, 22, 17, 21], [18, 9, 19, 10], [20, 18, 21, 17], [22, 4, 23, 3], [24, 16, 1, 15], [2, 8, 3, 7], [4, 24, 5, 23], [6, 14, 7, 13]]"
12a_0315_reversed_460,"[[6, 14, 7, 13], [8, 19, 9, 20], [10, 2, 11, 1], [12, 6, 13, 5], [14, 12, 15, 11], [16, 22, 17, 21], [18, 9, 19, 10], [20, 18, 21, 17], [22, 4, 23, 3], [24, 16, 1, 15], [2, 8, 3, 7], [4, 24, 5, 23]]"
12a_0315_reversed_461,"[[4, 24, 5, 23], [6, 14, 7, 13], [8, 19, 9, 20], [10, 2, 11, 1], [12, 6, 13, 5], [14, 12, 15, 11], [16, 22, 17, 21], [18, 9, 19, 10], [20, 18, 21, 17], [22, 4, 23, 3], [24, 16, 1, 15], [2, 8, 3, 7]]"
12a_0315_reversed_462,"[[2, 8, 3, 7], [4, 24, 5, 23], [6, 14, 7, 13], [8, 19, 9, 20], [10, 2, 11, 1], [12, 6, 13, 5], [14, 12, 15, 11], [16, 22, 17, 21], [18, 9, 19, 10], [20, 18, 21, 17], [22, 4, 23, 3], [24, 16, 1, 15]]"
12a_0315_reversed_463,"[[24, 16, 1, 15], [2, 8, 3, 7], [4, 24, 5, 23], [6, 14, 7, 13], [8, 19, 9, 20], [10, 2, 11, 1], [12, 6, 13, 5], [14, 12, 15, 11], [16, 22, 17, 21], [18, 9, 19, 10], [20, 18, 21, 17], [22, 4, 23, 3]]"
12a_0315_reversed_464,"[[22, 4, 23, 3], [24, 16, 1, 15], [2, 8, 3, 7], [4, 24, 5, 23], [6, 14, 7, 13], [8, 19, 9, 20], [10, 2, 11, 1], [12, 6, 13, 5], [14, 12, 15, 11], [16, 22, 17, 21], [18, 9, 19, 10], [20, 18, 21, 17]]"
12a_0315_reversed_465,"[[20, 18, 21, 17], [22, 4, 23, 3], [24, 16, 1, 15], [2, 8, 3, 7], [4, 24, 5, 23], [6, 14, 7, 13], [8, 19, 9, 20], [10, 2, 11, 1], [12, 6, 13, 5], [14, 12, 15, 11], [16, 22, 17, 21], [18, 9, 19, 10]]"
12a_0315_reversed_466,"[[18, 9, 19, 10], [20, 18, 21, 17], [22, 4, 23, 3], [24, 16, 1, 15], [2, 8, 3, 7], [4, 24, 5, 23], [6, 14, 7, 13], [8, 19, 9, 20], [10, 2, 11, 1], [12, 6, 13, 5], [14, 12, 15, 11], [16, 22, 17, 21]]"
12a_0315_reversed_467,"[[16, 22, 17, 21], [18, 9, 19, 10], [20, 18, 21, 17], [22, 4, 23, 3], [24, 16, 1, 15], [2, 8, 3, 7], [4, 24, 5, 23], [6, 14, 7, 13], [8, 19, 9, 20], [10, 2, 11, 1], [12, 6, 13, 5], [14, 12, 15, 11]]"
12a_0315_reversed_468,"[[15, 13, 16, 12], [17, 23, 18, 22], [19, 10, 20, 11], [21, 19, 22, 18], [23, 5, 24, 4], [1, 17, 2, 16], [3, 9, 4, 8], [5, 1, 6, 24], [7, 15, 8, 14], [9, 20, 10, 21], [11, 3, 12, 2], [13, 7, 14, 6]]"
12a_0315_reversed_469,"[[13, 7, 14, 6], [15, 13, 16, 12], [17, 23, 18, 22], [19, 10, 20, 11], [21, 19, 22, 18], [23, 5, 24, 4], [1, 17, 2, 16], [3, 9, 4, 8], [5, 1, 6, 24], [7, 15, 8, 14], [9, 20, 10, 21], [11, 3, 12, 2]]"
12a_0315_reversed_470,"[[11, 3, 12, 2], [13, 7, 14, 6], [15, 13, 16, 12], [17, 23, 18, 22], [19, 10, 20, 11], [21, 19, 22, 18], [23, 5, 24, 4], [1, 17, 2, 16], [3, 9, 4, 8], [5, 1, 6, 24], [7, 15, 8, 14], [9, 20, 10, 21]]"
12a_0315_reversed_471,"[[9, 20, 10, 21], [11, 3, 12, 2], [13, 7, 14, 6], [15, 13, 16, 12], [17, 23, 18, 22], [19, 10, 20, 11], [21, 19, 22, 18], [23, 5, 24, 4], [1, 17, 2, 16], [3, 9, 4, 8], [5, 1, 6, 24], [7, 15, 8, 14]]"
12a_0315_reversed_472,"[[7, 15, 8, 14], [9, 20, 10, 21], [11, 3, 12, 2], [13, 7, 14, 6], [15, 13, 16, 12], [17, 23, 18, 22], [19, 10, 20, 11], [21, 19, 22, 18], [23, 5, 24, 4], [1, 17, 2, 16], [3, 9, 4, 8], [5, 1, 6, 24]]"
12a_0315_reversed_473,"[[5, 1, 6, 24], [7, 15, 8, 14], [9, 20, 10, 21], [11, 3, 12, 2], [13, 7, 14, 6], [15, 13, 16, 12], [17, 23, 18, 22], [19, 10, 20, 11], [21, 19, 22, 18], [23, 5, 24, 4], [1, 17, 2, 16], [3, 9, 4, 8]]"
12a_0315_reversed_474,"[[3, 9, 4, 8], [5, 1, 6, 24], [7, 15, 8, 14], [9, 20, 10, 21], [11, 3, 12, 2], [13, 7, 14, 6], [15, 13, 16, 12], [17, 23, 18, 22], [19, 10, 20, 11], [21, 19, 22, 18], [23, 5, 24, 4], [1, 17, 2, 16]]"
12a_0315_reversed_475,"[[1, 17, 2, 16], [3, 9, 4, 8], [5, 1, 6, 24], [7, 15, 8, 14], [9, 20, 10, 21], [11, 3, 12, 2], [13, 7, 14, 6], [15, 13, 16, 12], [17, 23, 18, 22], [19, 10, 20, 11], [21, 19, 22, 18], [23, 5, 24, 4]]"
12a_0315_reversed_476,"[[23, 5, 24, 4], [1, 17, 2, 16], [3, 9, 4, 8], [5, 1, 6, 24], [7, 15, 8, 14], [9, 20, 10, 21], [11, 3, 12, 2], [13, 7, 14, 6], [15, 13, 16, 12], [17, 23, 18, 22], [19, 10, 20, 11], [21, 19, 22, 18]]"
12a_0315_reversed_477,"[[21, 19, 22, 18], [23, 5, 24, 4], [1, 17, 2, 16], [3, 9, 4, 8], [5, 1, 6, 24], [7, 15, 8, 14], [9, 20, 10, 21], [11, 3, 12, 2], [13, 7, 14, 6], [15, 13, 16, 12], [17, 23, 18, 22], [19, 10, 20, 11]]"
12a_0315_reversed_478,"[[19, 10, 20, 11], [21, 19, 22, 18], [23, 5, 24, 4], [1, 17, 2, 16], [3, 9, 4, 8], [5, 1, 6, 24], [7, 15, 8, 14], [9, 20, 10, 21], [11, 3, 12, 2], [13, 7, 14, 6], [15, 13, 16, 12], [17, 23, 18, 22]]"
12a_0315_reversed_479,"[[17, 23, 18, 22], [19, 10, 20, 11], [21, 19, 22, 18], [23, 5, 24, 4], [1, 17, 2, 16], [3, 9, 4, 8], [5, 1, 6, 24], [7, 15, 8, 14], [9, 20, 10, 21], [11, 3, 12, 2], [13, 7, 14, 6], [15, 13, 16, 12]]"
12a_0315_reversed_480,"[[16, 14, 17, 13], [18, 24, 19, 23], [20, 11, 21, 12], [22, 20, 23, 19], [24, 6, 1, 5], [2, 18, 3, 17], [4, 10, 5, 9], [6, 2, 7, 1], [8, 16, 9, 15], [10, 21, 11, 22], [12, 4, 13, 3], [14, 8, 15, 7]]"
12a_0315_reversed_481,"[[14, 8, 15, 7], [16, 14, 17, 13], [18, 24, 19, 23], [20, 11, 21, 12], [22, 20, 23, 19], [24, 6, 1, 5], [2, 18, 3, 17], [4, 10, 5, 9], [6, 2, 7, 1], [8, 16, 9, 15], [10, 21, 11, 22], [12, 4, 13, 3]]"
12a_0315_reversed_482,"[[12, 4, 13, 3], [14, 8, 15, 7], [16, 14, 17, 13], [18, 24, 19, 23], [20, 11, 21, 12], [22, 20, 23, 19], [24, 6, 1, 5], [2, 18, 3, 17], [4, 10, 5, 9], [6, 2, 7, 1], [8, 16, 9, 15], [10, 21, 11, 22]]"
12a_0315_reversed_483,"[[10, 21, 11, 22], [12, 4, 13, 3], [14, 8, 15, 7], [16, 14, 17, 13], [18, 24, 19, 23], [20, 11, 21, 12], [22, 20, 23, 19], [24, 6, 1, 5], [2, 18, 3, 17], [4, 10, 5, 9], [6, 2, 7, 1], [8, 16, 9, 15]]"
12a_0315_reversed_484,"[[8, 16, 9, 15], [10, 21, 11, 22], [12, 4, 13, 3], [14, 8, 15, 7], [16, 14, 17, 13], [18, 24, 19, 23], [20, 11, 21, 12], [22, 20, 23, 19], [24, 6, 1, 5], [2, 18, 3, 17], [4, 10, 5, 9], [6, 2, 7, 1]]"
12a_0315_reversed_485,"[[6, 2, 7, 1], [8, 16, 9, 15], [10, 21, 11, 22], [12, 4, 13, 3], [14, 8, 15, 7], [16, 14, 17, 13], [18, 24, 19, 23], [20, 11, 21, 12], [22, 20, 23, 19], [24, 6, 1, 5], [2, 18, 3, 17], [4, 10, 5, 9]]"
12a_0315_reversed_486,"[[4, 10, 5, 9], [6, 2, 7, 1], [8, 16, 9, 15], [10, 21, 11, 22], [12, 4, 13, 3], [14, 8, 15, 7], [16, 14, 17, 13], [18, 24, 19, 23], [20, 11, 21, 12], [22, 20, 23, 19], [24, 6, 1, 5], [2, 18, 3, 17]]"
12a_0315_reversed_487,"[[2, 18, 3, 17], [4, 10, 5, 9], [6, 2, 7, 1], [8, 16, 9, 15], [10, 21, 11, 22], [12, 4, 13, 3], [14, 8, 15, 7], [16, 14, 17, 13], [18, 24, 19, 23], [20, 11, 21, 12], [22, 20, 23, 19], [24, 6, 1, 5]]"
12a_0315_reversed_488,"[[24, 6, 1, 5], [2, 18, 3, 17], [4, 10, 5, 9], [6, 2, 7, 1], [8, 16, 9, 15], [10, 21, 11, 22], [12, 4, 13, 3], [14, 8, 15, 7], [16, 14, 17, 13], [18, 24, 19, 23], [20, 11, 21, 12], [22, 20, 23, 19]]"
12a_0315_reversed_489,"[[22, 20, 23, 19], [24, 6, 1, 5], [2, 18, 3, 17], [4, 10, 5, 9], [6, 2, 7, 1], [8, 16, 9, 15], [10, 21, 11, 22], [12, 4, 13, 3], [14, 8, 15, 7], [16, 14, 17, 13], [18, 24, 19, 23], [20, 11, 21, 12]]"
12a_0315_reversed_490,"[[20, 11, 21, 12], [22, 20, 23, 19], [24, 6, 1, 5], [2, 18, 3, 17], [4, 10, 5, 9], [6, 2, 7, 1], [8, 16, 9, 15], [10, 21, 11, 22], [12, 4, 13, 3], [14, 8, 15, 7], [16, 14, 17, 13], [18, 24, 19, 23]]"
12a_0315_reversed_491,"[[18, 24, 19, 23], [20, 11, 21, 12], [22, 20, 23, 19], [24, 6, 1, 5], [2, 18, 3, 17], [4, 10, 5, 9], [6, 2, 7, 1], [8, 16, 9, 15], [10, 21, 11, 22], [12, 4, 13, 3], [14, 8, 15, 7], [16, 14, 17, 13]]"
12a_0315_reversed_492,"[[17, 15, 18, 14], [19, 1, 20, 24], [21, 12, 22, 13], [23, 21, 24, 20], [1, 7, 2, 6], [3, 19, 4, 18], [5, 11, 6, 10], [7, 3, 8, 2], [9, 17, 10, 16], [11, 22, 12, 23], [13, 5, 14, 4], [15, 9, 16, 8]]"
12a_0315_reversed_493,"[[15, 9, 16, 8], [17, 15, 18, 14], [19, 1, 20, 24], [21, 12, 22, 13], [23, 21, 24, 20], [1, 7, 2, 6], [3, 19, 4, 18], [5, 11, 6, 10], [7, 3, 8, 2], [9, 17, 10, 16], [11, 22, 12, 23], [13, 5, 14, 4]]"
12a_0315_reversed_494,"[[13, 5, 14, 4], [15, 9, 16, 8], [17, 15, 18, 14], [19, 1, 20, 24], [21, 12, 22, 13], [23, 21, 24, 20], [1, 7, 2, 6], [3, 19, 4, 18], [5, 11, 6, 10], [7, 3, 8, 2], [9, 17, 10, 16], [11, 22, 12, 23]]"
12a_0315_reversed_495,"[[11, 22, 12, 23], [13, 5, 14, 4], [15, 9, 16, 8], [17, 15, 18, 14], [19, 1, 20, 24], [21, 12, 22, 13], [23, 21, 24, 20], [1, 7, 2, 6], [3, 19, 4, 18], [5, 11, 6, 10], [7, 3, 8, 2], [9, 17, 10, 16]]"
12a_0315_reversed_496,"[[9, 17, 10, 16], [11, 22, 12, 23], [13, 5, 14, 4], [15, 9, 16, 8], [17, 15, 18, 14], [19, 1, 20, 24], [21, 12, 22, 13], [23, 21, 24, 20], [1, 7, 2, 6], [3, 19, 4, 18], [5, 11, 6, 10], [7, 3, 8, 2]]"
12a_0315_reversed_497,"[[7, 3, 8, 2], [9, 17, 10, 16], [11, 22, 12, 23], [13, 5, 14, 4], [15, 9, 16, 8], [17, 15, 18, 14], [19, 1, 20, 24], [21, 12, 22, 13], [23, 21, 24, 20], [1, 7, 2, 6], [3, 19, 4, 18], [5, 11, 6, 10]]"
12a_0315_reversed_498,"[[5, 11, 6, 10], [7, 3, 8, 2], [9, 17, 10, 16], [11, 22, 12, 23], [13, 5, 14, 4], [15, 9, 16, 8], [17, 15, 18, 14], [19, 1, 20, 24], [21, 12, 22, 13], [23, 21, 24, 20], [1, 7, 2, 6], [3, 19, 4, 18]]"
12a_0315_reversed_499,"[[3, 19, 4, 18], [5, 11, 6, 10], [7, 3, 8, 2], [9, 17, 10, 16], [11, 22, 12, 23], [13, 5, 14, 4], [15, 9, 16, 8], [17, 15, 18, 14], [19, 1, 20, 24], [21, 12, 22, 13], [23, 21, 24, 20], [1, 7, 2, 6]]"
12a_0315_reversed_500,"[[1, 7, 2, 6], [3, 19, 4, 18], [5, 11, 6, 10], [7, 3, 8, 2], [9, 17, 10, 16], [11, 22, 12, 23], [13, 5, 14, 4], [15, 9, 16, 8], [17, 15, 18, 14], [19, 1, 20, 24], [21, 12, 22, 13], [23, 21, 24, 20]]"
12a_0315_reversed_501,"[[23, 21, 24, 20], [1, 7, 2, 6], [3, 19, 4, 18], [5, 11, 6, 10], [7, 3, 8, 2], [9, 17, 10, 16], [11, 22, 12, 23], [13, 5, 14, 4], [15, 9, 16, 8], [17, 15, 18, 14], [19, 1, 20, 24], [21, 12, 22, 13]]"
12a_0315_reversed_502,"[[21, 12, 22, 13], [23, 21, 24, 20], [1, 7, 2, 6], [3, 19, 4, 18], [5, 11, 6, 10], [7, 3, 8, 2], [9, 17, 10, 16], [11, 22, 12, 23], [13, 5, 14, 4], [15, 9, 16, 8], [17, 15, 18, 14], [19, 1, 20, 24]]"
12a_0315_reversed_503,"[[19, 1, 20, 24], [21, 12, 22, 13], [23, 21, 24, 20], [1, 7, 2, 6], [3, 19, 4, 18], [5, 11, 6, 10], [7, 3, 8, 2], [9, 17, 10, 16], [11, 22, 12, 23], [13, 5, 14, 4], [15, 9, 16, 8], [17, 15, 18, 14]]"
12a_0315_reversed_504,"[[18, 16, 19, 15], [20, 2, 21, 1], [22, 13, 23, 14], [24, 22, 1, 21], [2, 8, 3, 7], [4, 20, 5, 19], [6, 12, 7, 11], [8, 4, 9, 3], [10, 18, 11, 17], [12, 23, 13, 24], [14, 6, 15, 5], [16, 10, 17, 9]]"
12a_0315_reversed_505,"[[16, 10, 17, 9], [18, 16, 19, 15], [20, 2, 21, 1], [22, 13, 23, 14], [24, 22, 1, 21], [2, 8, 3, 7], [4, 20, 5, 19], [6, 12, 7, 11], [8, 4, 9, 3], [10, 18, 11, 17], [12, 23, 13, 24], [14, 6, 15, 5]]"
12a_0315_reversed_506,"[[14, 6, 15, 5], [16, 10, 17, 9], [18, 16, 19, 15], [20, 2, 21, 1], [22, 13, 23, 14], [24, 22, 1, 21], [2, 8, 3, 7], [4, 20, 5, 19], [6, 12, 7, 11], [8, 4, 9, 3], [10, 18, 11, 17], [12, 23, 13, 24]]"
12a_0315_reversed_507,"[[12, 23, 13, 24], [14, 6, 15, 5], [16, 10, 17, 9], [18, 16, 19, 15], [20, 2, 21, 1], [22, 13, 23, 14], [24, 22, 1, 21], [2, 8, 3, 7], [4, 20, 5, 19], [6, 12, 7, 11], [8, 4, 9, 3], [10, 18, 11, 17]]"
12a_0315_reversed_508,"[[10, 18, 11, 17], [12, 23, 13, 24], [14, 6, 15, 5], [16, 10, 17, 9], [18, 16, 19, 15], [20, 2, 21, 1], [22, 13, 23, 14], [24, 22, 1, 21], [2, 8, 3, 7], [4, 20, 5, 19], [6, 12, 7, 11], [8, 4, 9, 3]]"
12a_0315_reversed_509,"[[8, 4, 9, 3], [10, 18, 11, 17], [12, 23, 13, 24], [14, 6, 15, 5], [16, 10, 17, 9], [18, 16, 19, 15], [20, 2, 21, 1], [22, 13, 23, 14], [24, 22, 1, 21], [2, 8, 3, 7], [4, 20, 5, 19], [6, 12, 7, 11]]"
12a_0315_reversed_510,"[[6, 12, 7, 11], [8, 4, 9, 3], [10, 18, 11, 17], [12, 23, 13, 24], [14, 6, 15, 5], [16, 10, 17, 9], [18, 16, 19, 15], [20, 2, 21, 1], [22, 13, 23, 14], [24, 22, 1, 21], [2, 8, 3, 7], [4, 20, 5, 19]]"
12a_0315_reversed_511,"[[4, 20, 5, 19], [6, 12, 7, 11], [8, 4, 9, 3], [10, 18, 11, 17], [12, 23, 13, 24], [14, 6, 15, 5], [16, 10, 17, 9], [18, 16, 19, 15], [20, 2, 21, 1], [22, 13, 23, 14], [24, 22, 1, 21], [2, 8, 3, 7]]"
12a_0315_reversed_512,"[[2, 8, 3, 7], [4, 20, 5, 19], [6, 12, 7, 11], [8, 4, 9, 3], [10, 18, 11, 17], [12, 23, 13, 24], [14, 6, 15, 5], [16, 10, 17, 9], [18, 16, 19, 15], [20, 2, 21, 1], [22, 13, 23, 14], [24, 22, 1, 21]]"
12a_0315_reversed_513,"[[24, 22, 1, 21], [2, 8, 3, 7], [4, 20, 5, 19], [6, 12, 7, 11], [8, 4, 9, 3], [10, 18, 11, 17], [12, 23, 13, 24], [14, 6, 15, 5], [16, 10, 17, 9], [18, 16, 19, 15], [20, 2, 21, 1], [22, 13, 23, 14]]"
12a_0315_reversed_514,"[[22, 13, 23, 14], [24, 22, 1, 21], [2, 8, 3, 7], [4, 20, 5, 19], [6, 12, 7, 11], [8, 4, 9, 3], [10, 18, 11, 17], [12, 23, 13, 24], [14, 6, 15, 5], [16, 10, 17, 9], [18, 16, 19, 15], [20, 2, 21, 1]]"
12a_0315_reversed_515,"[[20, 2, 21, 1], [22, 13, 23, 14], [24, 22, 1, 21], [2, 8, 3, 7], [4, 20, 5, 19], [6, 12, 7, 11], [8, 4, 9, 3], [10, 18, 11, 17], [12, 23, 13, 24], [14, 6, 15, 5], [16, 10, 17, 9], [18, 16, 19, 15]]"
12a_0315_reversed_516,"[[19, 17, 20, 16], [21, 3, 22, 2], [23, 14, 24, 15], [1, 23, 2, 22], [3, 9, 4, 8], [5, 21, 6, 20], [7, 13, 8, 12], [9, 5, 10, 4], [11, 19, 12, 18], [13, 24, 14, 1], [15, 7, 16, 6], [17, 11, 18, 10]]"
12a_0315_reversed_517,"[[17, 11, 18, 10], [19, 17, 20, 16], [21, 3, 22, 2], [23, 14, 24, 15], [1, 23, 2, 22], [3, 9, 4, 8], [5, 21, 6, 20], [7, 13, 8, 12], [9, 5, 10, 4], [11, 19, 12, 18], [13, 24, 14, 1], [15, 7, 16, 6]]"
12a_0315_reversed_518,"[[15, 7, 16, 6], [17, 11, 18, 10], [19, 17, 20, 16], [21, 3, 22, 2], [23, 14, 24, 15], [1, 23, 2, 22], [3, 9, 4, 8], [5, 21, 6, 20], [7, 13, 8, 12], [9, 5, 10, 4], [11, 19, 12, 18], [13, 24, 14, 1]]"
12a_0315_reversed_519,"[[13, 24, 14, 1], [15, 7, 16, 6], [17, 11, 18, 10], [19, 17, 20, 16], [21, 3, 22, 2], [23, 14, 24, 15], [1, 23, 2, 22], [3, 9, 4, 8], [5, 21, 6, 20], [7, 13, 8, 12], [9, 5, 10, 4], [11, 19, 12, 18]]"
12a_0315_reversed_520,"[[11, 19, 12, 18], [13, 24, 14, 1], [15, 7, 16, 6], [17, 11, 18, 10], [19, 17, 20, 16], [21, 3, 22, 2], [23, 14, 24, 15], [1, 23, 2, 22], [3, 9, 4, 8], [5, 21, 6, 20], [7, 13, 8, 12], [9, 5, 10, 4]]"
12a_0315_reversed_521,"[[9, 5, 10, 4], [11, 19, 12, 18], [13, 24, 14, 1], [15, 7, 16, 6], [17, 11, 18, 10], [19, 17, 20, 16], [21, 3, 22, 2], [23, 14, 24, 15], [1, 23, 2, 22], [3, 9, 4, 8], [5, 21, 6, 20], [7, 13, 8, 12]]"
12a_0315_reversed_522,"[[7, 13, 8, 12], [9, 5, 10, 4], [11, 19, 12, 18], [13, 24, 14, 1], [15, 7, 16, 6], [17, 11, 18, 10], [19, 17, 20, 16], [21, 3, 22, 2], [23, 14, 24, 15], [1, 23, 2, 22], [3, 9, 4, 8], [5, 21, 6, 20]]"
12a_0315_reversed_523,"[[5, 21, 6, 20], [7, 13, 8, 12], [9, 5, 10, 4], [11, 19, 12, 18], [13, 24, 14, 1], [15, 7, 16, 6], [17, 11, 18, 10], [19, 17, 20, 16], [21, 3, 22, 2], [23, 14, 24, 15], [1, 23, 2, 22], [3, 9, 4, 8]]"
12a_0315_reversed_524,"[[3, 9, 4, 8], [5, 21, 6, 20], [7, 13, 8, 12], [9, 5, 10, 4], [11, 19, 12, 18], [13, 24, 14, 1], [15, 7, 16, 6], [17, 11, 18, 10], [19, 17, 20, 16], [21, 3, 22, 2], [23, 14, 24, 15], [1, 23, 2, 22]]"
12a_0315_reversed_525,"[[1, 23, 2, 22], [3, 9, 4, 8], [5, 21, 6, 20], [7, 13, 8, 12], [9, 5, 10, 4], [11, 19, 12, 18], [13, 24, 14, 1], [15, 7, 16, 6], [17, 11, 18, 10], [19, 17, 20, 16], [21, 3, 22, 2], [23, 14, 24, 15]]"
12a_0315_reversed_526,"[[23, 14, 24, 15], [1, 23, 2, 22], [3, 9, 4, 8], [5, 21, 6, 20], [7, 13, 8, 12], [9, 5, 10, 4], [11, 19, 12, 18], [13, 24, 14, 1], [15, 7, 16, 6], [17, 11, 18, 10], [19, 17, 20, 16], [21, 3, 22, 2]]"
12a_0315_reversed_527,"[[21, 3, 22, 2], [23, 14, 24, 15], [1, 23, 2, 22], [3, 9, 4, 8], [5, 21, 6, 20], [7, 13, 8, 12], [9, 5, 10, 4], [11, 19, 12, 18], [13, 24, 14, 1], [15, 7, 16, 6], [17, 11, 18, 10], [19, 17, 20, 16]]"
12a_0315_reversed_528,"[[20, 18, 21, 17], [22, 4, 23, 3], [24, 15, 1, 16], [2, 24, 3, 23], [4, 10, 5, 9], [6, 22, 7, 21], [8, 14, 9, 13], [10, 6, 11, 5], [12, 20, 13, 19], [14, 1, 15, 2], [16, 8, 17, 7], [18, 12, 19, 11]]"
12a_0315_reversed_529,"[[18, 12, 19, 11], [20, 18, 21, 17], [22, 4, 23, 3], [24, 15, 1, 16], [2, 24, 3, 23], [4, 10, 5, 9], [6, 22, 7, 21], [8, 14, 9, 13], [10, 6, 11, 5], [12, 20, 13, 19], [14, 1, 15, 2], [16, 8, 17, 7]]"
12a_0315_reversed_530,"[[16, 8, 17, 7], [18, 12, 19, 11], [20, 18, 21, 17], [22, 4, 23, 3], [24, 15, 1, 16], [2, 24, 3, 23], [4, 10, 5, 9], [6, 22, 7, 21], [8, 14, 9, 13], [10, 6, 11, 5], [12, 20, 13, 19], [14, 1, 15, 2]]"
12a_0315_reversed_531,"[[14, 1, 15, 2], [16, 8, 17, 7], [18, 12, 19, 11], [20, 18, 21, 17], [22, 4, 23, 3], [24, 15, 1, 16], [2, 24, 3, 23], [4, 10, 5, 9], [6, 22, 7, 21], [8, 14, 9, 13], [10, 6, 11, 5], [12, 20, 13, 19]]"
12a_0315_reversed_532,"[[12, 20, 13, 19], [14, 1, 15, 2], [16, 8, 17, 7], [18, 12, 19, 11], [20, 18, 21, 17], [22, 4, 23, 3], [24, 15, 1, 16], [2, 24, 3, 23], [4, 10, 5, 9], [6, 22, 7, 21], [8, 14, 9, 13], [10, 6, 11, 5]]"
12a_0315_reversed_533,"[[10, 6, 11, 5], [12, 20, 13, 19], [14, 1, 15, 2], [16, 8, 17, 7], [18, 12, 19, 11], [20, 18, 21, 17], [22, 4, 23, 3], [24, 15, 1, 16], [2, 24, 3, 23], [4, 10, 5, 9], [6, 22, 7, 21], [8, 14, 9, 13]]"
12a_0315_reversed_534,"[[8, 14, 9, 13], [10, 6, 11, 5], [12, 20, 13, 19], [14, 1, 15, 2], [16, 8, 17, 7], [18, 12, 19, 11], [20, 18, 21, 17], [22, 4, 23, 3], [24, 15, 1, 16], [2, 24, 3, 23], [4, 10, 5, 9], [6, 22, 7, 21]]"
12a_0315_reversed_535,"[[6, 22, 7, 21], [8, 14, 9, 13], [10, 6, 11, 5], [12, 20, 13, 19], [14, 1, 15, 2], [16, 8, 17, 7], [18, 12, 19, 11], [20, 18, 21, 17], [22, 4, 23, 3], [24, 15, 1, 16], [2, 24, 3, 23], [4, 10, 5, 9]]"
12a_0315_reversed_536,"[[4, 10, 5, 9], [6, 22, 7, 21], [8, 14, 9, 13], [10, 6, 11, 5], [12, 20, 13, 19], [14, 1, 15, 2], [16, 8, 17, 7], [18, 12, 19, 11], [20, 18, 21, 17], [22, 4, 23, 3], [24, 15, 1, 16], [2, 24, 3, 23]]"
12a_0315_reversed_537,"[[2, 24, 3, 23], [4, 10, 5, 9], [6, 22, 7, 21], [8, 14, 9, 13], [10, 6, 11, 5], [12, 20, 13, 19], [14, 1, 15, 2], [16, 8, 17, 7], [18, 12, 19, 11], [20, 18, 21, 17], [22, 4, 23, 3], [24, 15, 1, 16]]"
12a_0315_reversed_538,"[[24, 15, 1, 16], [2, 24, 3, 23], [4, 10, 5, 9], [6, 22, 7, 21], [8, 14, 9, 13], [10, 6, 11, 5], [12, 20, 13, 19], [14, 1, 15, 2], [16, 8, 17, 7], [18, 12, 19, 11], [20, 18, 21, 17], [22, 4, 23, 3]]"
12a_0315_reversed_539,"[[22, 4, 23, 3], [24, 15, 1, 16], [2, 24, 3, 23], [4, 10, 5, 9], [6, 22, 7, 21], [8, 14, 9, 13], [10, 6, 11, 5], [12, 20, 13, 19], [14, 1, 15, 2], [16, 8, 17, 7], [18, 12, 19, 11], [20, 18, 21, 17]]"
12a_0315_reversed_540,"[[21, 19, 22, 18], [23, 5, 24, 4], [1, 16, 2, 17], [3, 1, 4, 24], [5, 11, 6, 10], [7, 23, 8, 22], [9, 15, 10, 14], [11, 7, 12, 6], [13, 21, 14, 20], [15, 2, 16, 3], [17, 9, 18, 8], [19, 13, 20, 12]]"
12a_0315_reversed_541,"[[19, 13, 20, 12], [21, 19, 22, 18], [23, 5, 24, 4], [1, 16, 2, 17], [3, 1, 4, 24], [5, 11, 6, 10], [7, 23, 8, 22], [9, 15, 10, 14], [11, 7, 12, 6], [13, 21, 14, 20], [15, 2, 16, 3], [17, 9, 18, 8]]"
12a_0315_reversed_542,"[[17, 9, 18, 8], [19, 13, 20, 12], [21, 19, 22, 18], [23, 5, 24, 4], [1, 16, 2, 17], [3, 1, 4, 24], [5, 11, 6, 10], [7, 23, 8, 22], [9, 15, 10, 14], [11, 7, 12, 6], [13, 21, 14, 20], [15, 2, 16, 3]]"
12a_0315_reversed_543,"[[15, 2, 16, 3], [17, 9, 18, 8], [19, 13, 20, 12], [21, 19, 22, 18], [23, 5, 24, 4], [1, 16, 2, 17], [3, 1, 4, 24], [5, 11, 6, 10], [7, 23, 8, 22], [9, 15, 10, 14], [11, 7, 12, 6], [13, 21, 14, 20]]"
12a_0315_reversed_544,"[[13, 21, 14, 20], [15, 2, 16, 3], [17, 9, 18, 8], [19, 13, 20, 12], [21, 19, 22, 18], [23, 5, 24, 4], [1, 16, 2, 17], [3, 1, 4, 24], [5, 11, 6, 10], [7, 23, 8, 22], [9, 15, 10, 14], [11, 7, 12, 6]]"
12a_0315_reversed_545,"[[11, 7, 12, 6], [13, 21, 14, 20], [15, 2, 16, 3], [17, 9, 18, 8], [19, 13, 20, 12], [21, 19, 22, 18], [23, 5, 24, 4], [1, 16, 2, 17], [3, 1, 4, 24], [5, 11, 6, 10], [7, 23, 8, 22], [9, 15, 10, 14]]"
12a_0315_reversed_546,"[[9, 15, 10, 14], [11, 7, 12, 6], [13, 21, 14, 20], [15, 2, 16, 3], [17, 9, 18, 8], [19, 13, 20, 12], [21, 19, 22, 18], [23, 5, 24, 4], [1, 16, 2, 17], [3, 1, 4, 24], [5, 11, 6, 10], [7, 23, 8, 22]]"
12a_0315_reversed_547,"[[7, 23, 8, 22], [9, 15, 10, 14], [11, 7, 12, 6], [13, 21, 14, 20], [15, 2, 16, 3], [17, 9, 18, 8], [19, 13, 20, 12], [21, 19, 22, 18], [23, 5, 24, 4], [1, 16, 2, 17], [3, 1, 4, 24], [5, 11, 6, 10]]"
12a_0315_reversed_548,"[[5, 11, 6, 10], [7, 23, 8, 22], [9, 15, 10, 14], [11, 7, 12, 6], [13, 21, 14, 20], [15, 2, 16, 3], [17, 9, 18, 8], [19, 13, 20, 12], [21, 19, 22, 18], [23, 5, 24, 4], [1, 16, 2, 17], [3, 1, 4, 24]]"
12a_0315_reversed_549,"[[3, 1, 4, 24], [5, 11, 6, 10], [7, 23, 8, 22], [9, 15, 10, 14], [11, 7, 12, 6], [13, 21, 14, 20], [15, 2, 16, 3], [17, 9, 18, 8], [19, 13, 20, 12], [21, 19, 22, 18], [23, 5, 24, 4], [1, 16, 2, 17]]"
12a_0315_reversed_550,"[[1, 16, 2, 17], [3, 1, 4, 24], [5, 11, 6, 10], [7, 23, 8, 22], [9, 15, 10, 14], [11, 7, 12, 6], [13, 21, 14, 20], [15, 2, 16, 3], [17, 9, 18, 8], [19, 13, 20, 12], [21, 19, 22, 18], [23, 5, 24, 4]]"
12a_0315_reversed_551,"[[23, 5, 24, 4], [1, 16, 2, 17], [3, 1, 4, 24], [5, 11, 6, 10], [7, 23, 8, 22], [9, 15, 10, 14], [11, 7, 12, 6], [13, 21, 14, 20], [15, 2, 16, 3], [17, 9, 18, 8], [19, 13, 20, 12], [21, 19, 22, 18]]"
12a_0315_reversed_552,"[[22, 20, 23, 19], [24, 6, 1, 5], [2, 17, 3, 18], [4, 2, 5, 1], [6, 12, 7, 11], [8, 24, 9, 23], [10, 16, 11, 15], [12, 8, 13, 7], [14, 22, 15, 21], [16, 3, 17, 4], [18, 10, 19, 9], [20, 14, 21, 13]]"
12a_0315_reversed_553,"[[20, 14, 21, 13], [22, 20, 23, 19], [24, 6, 1, 5], [2, 17, 3, 18], [4, 2, 5, 1], [6, 12, 7, 11], [8, 24, 9, 23], [10, 16, 11, 15], [12, 8, 13, 7], [14, 22, 15, 21], [16, 3, 17, 4], [18, 10, 19, 9]]"
12a_0315_reversed_554,"[[18, 10, 19, 9], [20, 14, 21, 13], [22, 20, 23, 19], [24, 6, 1, 5], [2, 17, 3, 18], [4, 2, 5, 1], [6, 12, 7, 11], [8, 24, 9, 23], [10, 16, 11, 15], [12, 8, 13, 7], [14, 22, 15, 21], [16, 3, 17, 4]]"
12a_0315_reversed_555,"[[16, 3, 17, 4], [18, 10, 19, 9], [20, 14, 21, 13], [22, 20, 23, 19], [24, 6, 1, 5], [2, 17, 3, 18], [4, 2, 5, 1], [6, 12, 7, 11], [8, 24, 9, 23], [10, 16, 11, 15], [12, 8, 13, 7], [14, 22, 15, 21]]"
12a_0315_reversed_556,"[[14, 22, 15, 21], [16, 3, 17, 4], [18, 10, 19, 9], [20, 14, 21, 13], [22, 20, 23, 19], [24, 6, 1, 5], [2, 17, 3, 18], [4, 2, 5, 1], [6, 12, 7, 11], [8, 24, 9, 23], [10, 16, 11, 15], [12, 8, 13, 7]]"
12a_0315_reversed_557,"[[12, 8, 13, 7], [14, 22, 15, 21], [16, 3, 17, 4], [18, 10, 19, 9], [20, 14, 21, 13], [22, 20, 23, 19], [24, 6, 1, 5], [2, 17, 3, 18], [4, 2, 5, 1], [6, 12, 7, 11], [8, 24, 9, 23], [10, 16, 11, 15]]"
12a_0315_reversed_558,"[[10, 16, 11, 15], [12, 8, 13, 7], [14, 22, 15, 21], [16, 3, 17, 4], [18, 10, 19, 9], [20, 14, 21, 13], [22, 20, 23, 19], [24, 6, 1, 5], [2, 17, 3, 18], [4, 2, 5, 1], [6, 12, 7, 11], [8, 24, 9, 23]]"
12a_0315_reversed_559,"[[8, 24, 9, 23], [10, 16, 11, 15], [12, 8, 13, 7], [14, 22, 15, 21], [16, 3, 17, 4], [18, 10, 19, 9], [20, 14, 21, 13], [22, 20, 23, 19], [24, 6, 1, 5], [2, 17, 3, 18], [4, 2, 5, 1], [6, 12, 7, 11]]"
12a_0315_reversed_560,"[[6, 12, 7, 11], [8, 24, 9, 23], [10, 16, 11, 15], [12, 8, 13, 7], [14, 22, 15, 21], [16, 3, 17, 4], [18, 10, 19, 9], [20, 14, 21, 13], [22, 20, 23, 19], [24, 6, 1, 5], [2, 17, 3, 18], [4, 2, 5, 1]]"
12a_0315_reversed_561,"[[4, 2, 5, 1], [6, 12, 7, 11], [8, 24, 9, 23], [10, 16, 11, 15], [12, 8, 13, 7], [14, 22, 15, 21], [16, 3, 17, 4], [18, 10, 19, 9], [20, 14, 21, 13], [22, 20, 23, 19], [24, 6, 1, 5], [2, 17, 3, 18]]"
12a_0315_reversed_562,"[[2, 17, 3, 18], [4, 2, 5, 1], [6, 12, 7, 11], [8, 24, 9, 23], [10, 16, 11, 15], [12, 8, 13, 7], [14, 22, 15, 21], [16, 3, 17, 4], [18, 10, 19, 9], [20, 14, 21, 13], [22, 20, 23, 19], [24, 6, 1, 5]]"
12a_0315_reversed_563,"[[24, 6, 1, 5], [2, 17, 3, 18], [4, 2, 5, 1], [6, 12, 7, 11], [8, 24, 9, 23], [10, 16, 11, 15], [12, 8, 13, 7], [14, 22, 15, 21], [16, 3, 17, 4], [18, 10, 19, 9], [20, 14, 21, 13], [22, 20, 23, 19]]"
12a_0315_reversed_564,"[[23, 21, 24, 20], [1, 7, 2, 6], [3, 18, 4, 19], [5, 3, 6, 2], [7, 13, 8, 12], [9, 1, 10, 24], [11, 17, 12, 16], [13, 9, 14, 8], [15, 23, 16, 22], [17, 4, 18, 5], [19, 11, 20, 10], [21, 15, 22, 14]]"
12a_0315_reversed_565,"[[21, 15, 22, 14], [23, 21, 24, 20], [1, 7, 2, 6], [3, 18, 4, 19], [5, 3, 6, 2], [7, 13, 8, 12], [9, 1, 10, 24], [11, 17, 12, 16], [13, 9, 14, 8], [15, 23, 16, 22], [17, 4, 18, 5], [19, 11, 20, 10]]"
12a_0315_reversed_566,"[[19, 11, 20, 10], [21, 15, 22, 14], [23, 21, 24, 20], [1, 7, 2, 6], [3, 18, 4, 19], [5, 3, 6, 2], [7, 13, 8, 12], [9, 1, 10, 24], [11, 17, 12, 16], [13, 9, 14, 8], [15, 23, 16, 22], [17, 4, 18, 5]]"
12a_0315_reversed_567,"[[17, 4, 18, 5], [19, 11, 20, 10], [21, 15, 22, 14], [23, 21, 24, 20], [1, 7, 2, 6], [3, 18, 4, 19], [5, 3, 6, 2], [7, 13, 8, 12], [9, 1, 10, 24], [11, 17, 12, 16], [13, 9, 14, 8], [15, 23, 16, 22]]"
12a_0315_reversed_568,"[[15, 23, 16, 22], [17, 4, 18, 5], [19, 11, 20, 10], [21, 15, 22, 14], [23, 21, 24, 20], [1, 7, 2, 6], [3, 18, 4, 19], [5, 3, 6, 2], [7, 13, 8, 12], [9, 1, 10, 24], [11, 17, 12, 16], [13, 9, 14, 8]]"
12a_0315_reversed_569,"[[13, 9, 14, 8], [15, 23, 16, 22], [17, 4, 18, 5], [19, 11, 20, 10], [21, 15, 22, 14], [23, 21, 24, 20], [1, 7, 2, 6], [3, 18, 4, 19], [5, 3, 6, 2], [7, 13, 8, 12], [9, 1, 10, 24], [11, 17, 12, 16]]"
12a_0315_reversed_570,"[[11, 17, 12, 16], [13, 9, 14, 8], [15, 23, 16, 22], [17, 4, 18, 5], [19, 11, 20, 10], [21, 15, 22, 14], [23, 21, 24, 20], [1, 7, 2, 6], [3, 18, 4, 19], [5, 3, 6, 2], [7, 13, 8, 12], [9, 1, 10, 24]]"
12a_0315_reversed_571,"[[9, 1, 10, 24], [11, 17, 12, 16], [13, 9, 14, 8], [15, 23, 16, 22], [17, 4, 18, 5], [19, 11, 20, 10], [21, 15, 22, 14], [23, 21, 24, 20], [1, 7, 2, 6], [3, 18, 4, 19], [5, 3, 6, 2], [7, 13, 8, 12]]"
12a_0315_reversed_572,"[[7, 13, 8, 12], [9, 1, 10, 24], [11, 17, 12, 16], [13, 9, 14, 8], [15, 23, 16, 22], [17, 4, 18, 5], [19, 11, 20, 10], [21, 15, 22, 14], [23, 21, 24, 20], [1, 7, 2, 6], [3, 18, 4, 19], [5, 3, 6, 2]]"
12a_0315_reversed_573,"[[5, 3, 6, 2], [7, 13, 8, 12], [9, 1, 10, 24], [11, 17, 12, 16], [13, 9, 14, 8], [15, 23, 16, 22], [17, 4, 18, 5], [19, 11, 20, 10], [21, 15, 22, 14], [23, 21, 24, 20], [1, 7, 2, 6], [3, 18, 4, 19]]"
12a_0315_reversed_574,"[[3, 18, 4, 19], [5, 3, 6, 2], [7, 13, 8, 12], [9, 1, 10, 24], [11, 17, 12, 16], [13, 9, 14, 8], [15, 23, 16, 22], [17, 4, 18, 5], [19, 11, 20, 10], [21, 15, 22, 14], [23, 21, 24, 20], [1, 7, 2, 6]]"
12a_0315_reversed_575,"[[1, 7, 2, 6], [3, 18, 4, 19], [5, 3, 6, 2], [7, 13, 8, 12], [9, 1, 10, 24], [11, 17, 12, 16], [13, 9, 14, 8], [15, 23, 16, 22], [17, 4, 18, 5], [19, 11, 20, 10], [21, 15, 22, 14], [23, 21, 24, 20]]"
