name,pd_notation
12a_1141_0,"[[24, 9, 1, 10], [2, 8, 3, 7], [4, 16, 5, 15], [6, 18, 7, 17], [8, 21, 9, 22], [10, 20, 11, 19], [12, 23, 13, 24], [14, 4, 15, 3], [16, 6, 17, 5], [18, 12, 19, 11], [20, 1, 21, 2], [22, 13, 23, 14]]"
12a_1141_1,"[[22, 13, 23, 14], [24, 9, 1, 10], [2, 8, 3, 7], [4, 16, 5, 15], [6, 18, 7, 17], [8, 21, 9, 22], [10, 20, 11, 19], [12, 23, 13, 24], [14, 4, 15, 3], [16, 6, 17, 5], [18, 12, 19, 11], [20, 1, 21, 2]]"
12a_1141_2,"[[20, 1, 21, 2], [22, 13, 23, 14], [24, 9, 1, 10], [2, 8, 3, 7], [4, 16, 5, 15], [6, 18, 7, 17], [8, 21, 9, 22], [10, 20, 11, 19], [12, 23, 13, 24], [14, 4, 15, 3], [16, 6, 17, 5], [18, 12, 19, 11]]"
12a_1141_3,"[[18, 12, 19, 11], [20, 1, 21, 2], [22, 13, 23, 14], [24, 9, 1, 10], [2, 8, 3, 7], [4, 16, 5, 15], [6, 18, 7, 17], [8, 21, 9, 22], [10, 20, 11, 19], [12, 23, 13, 24], [14, 4, 15, 3], [16, 6, 17, 5]]"
12a_1141_4,"[[16, 6, 17, 5], [18, 12, 19, 11], [20, 1, 21, 2], [22, 13, 23, 14], [24, 9, 1, 10], [2, 8, 3, 7], [4, 16, 5, 15], [6, 18, 7, 17], [8, 21, 9, 22], [10, 20, 11, 19], [12, 23, 13, 24], [14, 4, 15, 3]]"
12a_1141_5,"[[14, 4, 15, 3], [16, 6, 17, 5], [18, 12, 19, 11], [20, 1, 21, 2], [22, 13, 23, 14], [24, 9, 1, 10], [2, 8, 3, 7], [4, 16, 5, 15], [6, 18, 7, 17], [8, 21, 9, 22], [10, 20, 11, 19], [12, 23, 13, 24]]"
12a_1141_6,"[[12, 23, 13, 24], [14, 4, 15, 3], [16, 6, 17, 5], [18, 12, 19, 11], [20, 1, 21, 2], [22, 13, 23, 14], [24, 9, 1, 10], [2, 8, 3, 7], [4, 16, 5, 15], [6, 18, 7, 17], [8, 21, 9, 22], [10, 20, 11, 19]]"
12a_1141_7,"[[10, 20, 11, 19], [12, 23, 13, 24], [14, 4, 15, 3], [16, 6, 17, 5], [18, 12, 19, 11], [20, 1, 21, 2], [22, 13, 23, 14], [24, 9, 1, 10], [2, 8, 3, 7], [4, 16, 5, 15], [6, 18, 7, 17], [8, 21, 9, 22]]"
12a_1141_8,"[[8, 21, 9, 22], [10, 20, 11, 19], [12, 23, 13, 24], [14, 4, 15, 3], [16, 6, 17, 5], [18, 12, 19, 11], [20, 1, 21, 2], [22, 13, 23, 14], [24, 9, 1, 10], [2, 8, 3, 7], [4, 16, 5, 15], [6, 18, 7, 17]]"
12a_1141_9,"[[6, 18, 7, 17], [8, 21, 9, 22], [10, 20, 11, 19], [12, 23, 13, 24], [14, 4, 15, 3], [16, 6, 17, 5], [18, 12, 19, 11], [20, 1, 21, 2], [22, 13, 23, 14], [24, 9, 1, 10], [2, 8, 3, 7], [4, 16, 5, 15]]"
12a_1141_10,"[[4, 16, 5, 15], [6, 18, 7, 17], [8, 21, 9, 22], [10, 20, 11, 19], [12, 23, 13, 24], [14, 4, 15, 3], [16, 6, 17, 5], [18, 12, 19, 11], [20, 1, 21, 2], [22, 13, 23, 14], [24, 9, 1, 10], [2, 8, 3, 7]]"
12a_1141_11,"[[2, 8, 3, 7], [4, 16, 5, 15], [6, 18, 7, 17], [8, 21, 9, 22], [10, 20, 11, 19], [12, 23, 13, 24], [14, 4, 15, 3], [16, 6, 17, 5], [18, 12, 19, 11], [20, 1, 21, 2], [22, 13, 23, 14], [24, 9, 1, 10]]"
12a_1141_12,"[[1, 10, 2, 11], [3, 9, 4, 8], [5, 17, 6, 16], [7, 19, 8, 18], [9, 22, 10, 23], [11, 21, 12, 20], [13, 24, 14, 1], [15, 5, 16, 4], [17, 7, 18, 6], [19, 13, 20, 12], [21, 2, 22, 3], [23, 14, 24, 15]]"
12a_1141_13,"[[23, 14, 24, 15], [1, 10, 2, 11], [3, 9, 4, 8], [5, 17, 6, 16], [7, 19, 8, 18], [9, 22, 10, 23], [11, 21, 12, 20], [13, 24, 14, 1], [15, 5, 16, 4], [17, 7, 18, 6], [19, 13, 20, 12], [21, 2, 22, 3]]"
12a_1141_14,"[[21, 2, 22, 3], [23, 14, 24, 15], [1, 10, 2, 11], [3, 9, 4, 8], [5, 17, 6, 16], [7, 19, 8, 18], [9, 22, 10, 23], [11, 21, 12, 20], [13, 24, 14, 1], [15, 5, 16, 4], [17, 7, 18, 6], [19, 13, 20, 12]]"
12a_1141_15,"[[19, 13, 20, 12], [21, 2, 22, 3], [23, 14, 24, 15], [1, 10, 2, 11], [3, 9, 4, 8], [5, 17, 6, 16], [7, 19, 8, 18], [9, 22, 10, 23], [11, 21, 12, 20], [13, 24, 14, 1], [15, 5, 16, 4], [17, 7, 18, 6]]"
12a_1141_16,"[[17, 7, 18, 6], [19, 13, 20, 12], [21, 2, 22, 3], [23, 14, 24, 15], [1, 10, 2, 11], [3, 9, 4, 8], [5, 17, 6, 16], [7, 19, 8, 18], [9, 22, 10, 23], [11, 21, 12, 20], [13, 24, 14, 1], [15, 5, 16, 4]]"
12a_1141_17,"[[15, 5, 16, 4], [17, 7, 18, 6], [19, 13, 20, 12], [21, 2, 22, 3], [23, 14, 24, 15], [1, 10, 2, 11], [3, 9, 4, 8], [5, 17, 6, 16], [7, 19, 8, 18], [9, 22, 10, 23], [11, 21, 12, 20], [13, 24, 14, 1]]"
12a_1141_18,"[[13, 24, 14, 1], [15, 5, 16, 4], [17, 7, 18, 6], [19, 13, 20, 12], [21, 2, 22, 3], [23, 14, 24, 15], [1, 10, 2, 11], [3, 9, 4, 8], [5, 17, 6, 16], [7, 19, 8, 18], [9, 22, 10, 23], [11, 21, 12, 20]]"
12a_1141_19,"[[11, 21, 12, 20], [13, 24, 14, 1], [15, 5, 16, 4], [17, 7, 18, 6], [19, 13, 20, 12], [21, 2, 22, 3], [23, 14, 24, 15], [1, 10, 2, 11], [3, 9, 4, 8], [5, 17, 6, 16], [7, 19, 8, 18], [9, 22, 10, 23]]"
12a_1141_20,"[[9, 22, 10, 23], [11, 21, 12, 20], [13, 24, 14, 1], [15, 5, 16, 4], [17, 7, 18, 6], [19, 13, 20, 12], [21, 2, 22, 3], [23, 14, 24, 15], [1, 10, 2, 11], [3, 9, 4, 8], [5, 17, 6, 16], [7, 19, 8, 18]]"
12a_1141_21,"[[7, 19, 8, 18], [9, 22, 10, 23], [11, 21, 12, 20], [13, 24, 14, 1], [15, 5, 16, 4], [17, 7, 18, 6], [19, 13, 20, 12], [21, 2, 22, 3], [23, 14, 24, 15], [1, 10, 2, 11], [3, 9, 4, 8], [5, 17, 6, 16]]"
12a_1141_22,"[[5, 17, 6, 16], [7, 19, 8, 18], [9, 22, 10, 23], [11, 21, 12, 20], [13, 24, 14, 1], [15, 5, 16, 4], [17, 7, 18, 6], [19, 13, 20, 12], [21, 2, 22, 3], [23, 14, 24, 15], [1, 10, 2, 11], [3, 9, 4, 8]]"
12a_1141_23,"[[3, 9, 4, 8], [5, 17, 6, 16], [7, 19, 8, 18], [9, 22, 10, 23], [11, 21, 12, 20], [13, 24, 14, 1], [15, 5, 16, 4], [17, 7, 18, 6], [19, 13, 20, 12], [21, 2, 22, 3], [23, 14, 24, 15], [1, 10, 2, 11]]"
12a_1141_24,"[[2, 11, 3, 12], [4, 10, 5, 9], [6, 18, 7, 17], [8, 20, 9, 19], [10, 23, 11, 24], [12, 22, 13, 21], [14, 1, 15, 2], [16, 6, 17, 5], [18, 8, 19, 7], [20, 14, 21, 13], [22, 3, 23, 4], [24, 15, 1, 16]]"
12a_1141_25,"[[24, 15, 1, 16], [2, 11, 3, 12], [4, 10, 5, 9], [6, 18, 7, 17], [8, 20, 9, 19], [10, 23, 11, 24], [12, 22, 13, 21], [14, 1, 15, 2], [16, 6, 17, 5], [18, 8, 19, 7], [20, 14, 21, 13], [22, 3, 23, 4]]"
12a_1141_26,"[[22, 3, 23, 4], [24, 15, 1, 16], [2, 11, 3, 12], [4, 10, 5, 9], [6, 18, 7, 17], [8, 20, 9, 19], [10, 23, 11, 24], [12, 22, 13, 21], [14, 1, 15, 2], [16, 6, 17, 5], [18, 8, 19, 7], [20, 14, 21, 13]]"
12a_1141_27,"[[20, 14, 21, 13], [22, 3, 23, 4], [24, 15, 1, 16], [2, 11, 3, 12], [4, 10, 5, 9], [6, 18, 7, 17], [8, 20, 9, 19], [10, 23, 11, 24], [12, 22, 13, 21], [14, 1, 15, 2], [16, 6, 17, 5], [18, 8, 19, 7]]"
12a_1141_28,"[[18, 8, 19, 7], [20, 14, 21, 13], [22, 3, 23, 4], [24, 15, 1, 16], [2, 11, 3, 12], [4, 10, 5, 9], [6, 18, 7, 17], [8, 20, 9, 19], [10, 23, 11, 24], [12, 22, 13, 21], [14, 1, 15, 2], [16, 6, 17, 5]]"
12a_1141_29,"[[16, 6, 17, 5], [18, 8, 19, 7], [20, 14, 21, 13], [22, 3, 23, 4], [24, 15, 1, 16], [2, 11, 3, 12], [4, 10, 5, 9], [6, 18, 7, 17], [8, 20, 9, 19], [10, 23, 11, 24], [12, 22, 13, 21], [14, 1, 15, 2]]"
12a_1141_30,"[[14, 1, 15, 2], [16, 6, 17, 5], [18, 8, 19, 7], [20, 14, 21, 13], [22, 3, 23, 4], [24, 15, 1, 16], [2, 11, 3, 12], [4, 10, 5, 9], [6, 18, 7, 17], [8, 20, 9, 19], [10, 23, 11, 24], [12, 22, 13, 21]]"
12a_1141_31,"[[12, 22, 13, 21], [14, 1, 15, 2], [16, 6, 17, 5], [18, 8, 19, 7], [20, 14, 21, 13], [22, 3, 23, 4], [24, 15, 1, 16], [2, 11, 3, 12], [4, 10, 5, 9], [6, 18, 7, 17], [8, 20, 9, 19], [10, 23, 11, 24]]"
12a_1141_32,"[[10, 23, 11, 24], [12, 22, 13, 21], [14, 1, 15, 2], [16, 6, 17, 5], [18, 8, 19, 7], [20, 14, 21, 13], [22, 3, 23, 4], [24, 15, 1, 16], [2, 11, 3, 12], [4, 10, 5, 9], [6, 18, 7, 17], [8, 20, 9, 19]]"
12a_1141_33,"[[8, 20, 9, 19], [10, 23, 11, 24], [12, 22, 13, 21], [14, 1, 15, 2], [16, 6, 17, 5], [18, 8, 19, 7], [20, 14, 21, 13], [22, 3, 23, 4], [24, 15, 1, 16], [2, 11, 3, 12], [4, 10, 5, 9], [6, 18, 7, 17]]"
12a_1141_34,"[[6, 18, 7, 17], [8, 20, 9, 19], [10, 23, 11, 24], [12, 22, 13, 21], [14, 1, 15, 2], [16, 6, 17, 5], [18, 8, 19, 7], [20, 14, 21, 13], [22, 3, 23, 4], [24, 15, 1, 16], [2, 11, 3, 12], [4, 10, 5, 9]]"
12a_1141_35,"[[4, 10, 5, 9], [6, 18, 7, 17], [8, 20, 9, 19], [10, 23, 11, 24], [12, 22, 13, 21], [14, 1, 15, 2], [16, 6, 17, 5], [18, 8, 19, 7], [20, 14, 21, 13], [22, 3, 23, 4], [24, 15, 1, 16], [2, 11, 3, 12]]"
12a_1141_36,"[[3, 12, 4, 13], [5, 11, 6, 10], [7, 19, 8, 18], [9, 21, 10, 20], [11, 24, 12, 1], [13, 23, 14, 22], [15, 2, 16, 3], [17, 7, 18, 6], [19, 9, 20, 8], [21, 15, 22, 14], [23, 4, 24, 5], [1, 16, 2, 17]]"
12a_1141_37,"[[1, 16, 2, 17], [3, 12, 4, 13], [5, 11, 6, 10], [7, 19, 8, 18], [9, 21, 10, 20], [11, 24, 12, 1], [13, 23, 14, 22], [15, 2, 16, 3], [17, 7, 18, 6], [19, 9, 20, 8], [21, 15, 22, 14], [23, 4, 24, 5]]"
12a_1141_38,"[[23, 4, 24, 5], [1, 16, 2, 17], [3, 12, 4, 13], [5, 11, 6, 10], [7, 19, 8, 18], [9, 21, 10, 20], [11, 24, 12, 1], [13, 23, 14, 22], [15, 2, 16, 3], [17, 7, 18, 6], [19, 9, 20, 8], [21, 15, 22, 14]]"
12a_1141_39,"[[21, 15, 22, 14], [23, 4, 24, 5], [1, 16, 2, 17], [3, 12, 4, 13], [5, 11, 6, 10], [7, 19, 8, 18], [9, 21, 10, 20], [11, 24, 12, 1], [13, 23, 14, 22], [15, 2, 16, 3], [17, 7, 18, 6], [19, 9, 20, 8]]"
12a_1141_40,"[[19, 9, 20, 8], [21, 15, 22, 14], [23, 4, 24, 5], [1, 16, 2, 17], [3, 12, 4, 13], [5, 11, 6, 10], [7, 19, 8, 18], [9, 21, 10, 20], [11, 24, 12, 1], [13, 23, 14, 22], [15, 2, 16, 3], [17, 7, 18, 6]]"
12a_1141_41,"[[17, 7, 18, 6], [19, 9, 20, 8], [21, 15, 22, 14], [23, 4, 24, 5], [1, 16, 2, 17], [3, 12, 4, 13], [5, 11, 6, 10], [7, 19, 8, 18], [9, 21, 10, 20], [11, 24, 12, 1], [13, 23, 14, 22], [15, 2, 16, 3]]"
12a_1141_42,"[[15, 2, 16, 3], [17, 7, 18, 6], [19, 9, 20, 8], [21, 15, 22, 14], [23, 4, 24, 5], [1, 16, 2, 17], [3, 12, 4, 13], [5, 11, 6, 10], [7, 19, 8, 18], [9, 21, 10, 20], [11, 24, 12, 1], [13, 23, 14, 22]]"
12a_1141_43,"[[13, 23, 14, 22], [15, 2, 16, 3], [17, 7, 18, 6], [19, 9, 20, 8], [21, 15, 22, 14], [23, 4, 24, 5], [1, 16, 2, 17], [3, 12, 4, 13], [5, 11, 6, 10], [7, 19, 8, 18], [9, 21, 10, 20], [11, 24, 12, 1]]"
12a_1141_44,"[[11, 24, 12, 1], [13, 23, 14, 22], [15, 2, 16, 3], [17, 7, 18, 6], [19, 9, 20, 8], [21, 15, 22, 14], [23, 4, 24, 5], [1, 16, 2, 17], [3, 12, 4, 13], [5, 11, 6, 10], [7, 19, 8, 18], [9, 21, 10, 20]]"
12a_1141_45,"[[9, 21, 10, 20], [11, 24, 12, 1], [13, 23, 14, 22], [15, 2, 16, 3], [17, 7, 18, 6], [19, 9, 20, 8], [21, 15, 22, 14], [23, 4, 24, 5], [1, 16, 2, 17], [3, 12, 4, 13], [5, 11, 6, 10], [7, 19, 8, 18]]"
12a_1141_46,"[[7, 19, 8, 18], [9, 21, 10, 20], [11, 24, 12, 1], [13, 23, 14, 22], [15, 2, 16, 3], [17, 7, 18, 6], [19, 9, 20, 8], [21, 15, 22, 14], [23, 4, 24, 5], [1, 16, 2, 17], [3, 12, 4, 13], [5, 11, 6, 10]]"
12a_1141_47,"[[5, 11, 6, 10], [7, 19, 8, 18], [9, 21, 10, 20], [11, 24, 12, 1], [13, 23, 14, 22], [15, 2, 16, 3], [17, 7, 18, 6], [19, 9, 20, 8], [21, 15, 22, 14], [23, 4, 24, 5], [1, 16, 2, 17], [3, 12, 4, 13]]"
12a_1141_48,"[[4, 13, 5, 14], [6, 12, 7, 11], [8, 20, 9, 19], [10, 22, 11, 21], [12, 1, 13, 2], [14, 24, 15, 23], [16, 3, 17, 4], [18, 8, 19, 7], [20, 10, 21, 9], [22, 16, 23, 15], [24, 5, 1, 6], [2, 17, 3, 18]]"
12a_1141_49,"[[2, 17, 3, 18], [4, 13, 5, 14], [6, 12, 7, 11], [8, 20, 9, 19], [10, 22, 11, 21], [12, 1, 13, 2], [14, 24, 15, 23], [16, 3, 17, 4], [18, 8, 19, 7], [20, 10, 21, 9], [22, 16, 23, 15], [24, 5, 1, 6]]"
12a_1141_50,"[[24, 5, 1, 6], [2, 17, 3, 18], [4, 13, 5, 14], [6, 12, 7, 11], [8, 20, 9, 19], [10, 22, 11, 21], [12, 1, 13, 2], [14, 24, 15, 23], [16, 3, 17, 4], [18, 8, 19, 7], [20, 10, 21, 9], [22, 16, 23, 15]]"
12a_1141_51,"[[22, 16, 23, 15], [24, 5, 1, 6], [2, 17, 3, 18], [4, 13, 5, 14], [6, 12, 7, 11], [8, 20, 9, 19], [10, 22, 11, 21], [12, 1, 13, 2], [14, 24, 15, 23], [16, 3, 17, 4], [18, 8, 19, 7], [20, 10, 21, 9]]"
12a_1141_52,"[[20, 10, 21, 9], [22, 16, 23, 15], [24, 5, 1, 6], [2, 17, 3, 18], [4, 13, 5, 14], [6, 12, 7, 11], [8, 20, 9, 19], [10, 22, 11, 21], [12, 1, 13, 2], [14, 24, 15, 23], [16, 3, 17, 4], [18, 8, 19, 7]]"
12a_1141_53,"[[18, 8, 19, 7], [20, 10, 21, 9], [22, 16, 23, 15], [24, 5, 1, 6], [2, 17, 3, 18], [4, 13, 5, 14], [6, 12, 7, 11], [8, 20, 9, 19], [10, 22, 11, 21], [12, 1, 13, 2], [14, 24, 15, 23], [16, 3, 17, 4]]"
12a_1141_54,"[[16, 3, 17, 4], [18, 8, 19, 7], [20, 10, 21, 9], [22, 16, 23, 15], [24, 5, 1, 6], [2, 17, 3, 18], [4, 13, 5, 14], [6, 12, 7, 11], [8, 20, 9, 19], [10, 22, 11, 21], [12, 1, 13, 2], [14, 24, 15, 23]]"
12a_1141_55,"[[14, 24, 15, 23], [16, 3, 17, 4], [18, 8, 19, 7], [20, 10, 21, 9], [22, 16, 23, 15], [24, 5, 1, 6], [2, 17, 3, 18], [4, 13, 5, 14], [6, 12, 7, 11], [8, 20, 9, 19], [10, 22, 11, 21], [12, 1, 13, 2]]"
12a_1141_56,"[[12, 1, 13, 2], [14, 24, 15, 23], [16, 3, 17, 4], [18, 8, 19, 7], [20, 10, 21, 9], [22, 16, 23, 15], [24, 5, 1, 6], [2, 17, 3, 18], [4, 13, 5, 14], [6, 12, 7, 11], [8, 20, 9, 19], [10, 22, 11, 21]]"
12a_1141_57,"[[10, 22, 11, 21], [12, 1, 13, 2], [14, 24, 15, 23], [16, 3, 17, 4], [18, 8, 19, 7], [20, 10, 21, 9], [22, 16, 23, 15], [24, 5, 1, 6], [2, 17, 3, 18], [4, 13, 5, 14], [6, 12, 7, 11], [8, 20, 9, 19]]"
12a_1141_58,"[[8, 20, 9, 19], [10, 22, 11, 21], [12, 1, 13, 2], [14, 24, 15, 23], [16, 3, 17, 4], [18, 8, 19, 7], [20, 10, 21, 9], [22, 16, 23, 15], [24, 5, 1, 6], [2, 17, 3, 18], [4, 13, 5, 14], [6, 12, 7, 11]]"
12a_1141_59,"[[6, 12, 7, 11], [8, 20, 9, 19], [10, 22, 11, 21], [12, 1, 13, 2], [14, 24, 15, 23], [16, 3, 17, 4], [18, 8, 19, 7], [20, 10, 21, 9], [22, 16, 23, 15], [24, 5, 1, 6], [2, 17, 3, 18], [4, 13, 5, 14]]"
12a_1141_60,"[[5, 14, 6, 15], [7, 13, 8, 12], [9, 21, 10, 20], [11, 23, 12, 22], [13, 2, 14, 3], [15, 1, 16, 24], [17, 4, 18, 5], [19, 9, 20, 8], [21, 11, 22, 10], [23, 17, 24, 16], [1, 6, 2, 7], [3, 18, 4, 19]]"
12a_1141_61,"[[3, 18, 4, 19], [5, 14, 6, 15], [7, 13, 8, 12], [9, 21, 10, 20], [11, 23, 12, 22], [13, 2, 14, 3], [15, 1, 16, 24], [17, 4, 18, 5], [19, 9, 20, 8], [21, 11, 22, 10], [23, 17, 24, 16], [1, 6, 2, 7]]"
12a_1141_62,"[[1, 6, 2, 7], [3, 18, 4, 19], [5, 14, 6, 15], [7, 13, 8, 12], [9, 21, 10, 20], [11, 23, 12, 22], [13, 2, 14, 3], [15, 1, 16, 24], [17, 4, 18, 5], [19, 9, 20, 8], [21, 11, 22, 10], [23, 17, 24, 16]]"
12a_1141_63,"[[23, 17, 24, 16], [1, 6, 2, 7], [3, 18, 4, 19], [5, 14, 6, 15], [7, 13, 8, 12], [9, 21, 10, 20], [11, 23, 12, 22], [13, 2, 14, 3], [15, 1, 16, 24], [17, 4, 18, 5], [19, 9, 20, 8], [21, 11, 22, 10]]"
12a_1141_64,"[[21, 11, 22, 10], [23, 17, 24, 16], [1, 6, 2, 7], [3, 18, 4, 19], [5, 14, 6, 15], [7, 13, 8, 12], [9, 21, 10, 20], [11, 23, 12, 22], [13, 2, 14, 3], [15, 1, 16, 24], [17, 4, 18, 5], [19, 9, 20, 8]]"
12a_1141_65,"[[19, 9, 20, 8], [21, 11, 22, 10], [23, 17, 24, 16], [1, 6, 2, 7], [3, 18, 4, 19], [5, 14, 6, 15], [7, 13, 8, 12], [9, 21, 10, 20], [11, 23, 12, 22], [13, 2, 14, 3], [15, 1, 16, 24], [17, 4, 18, 5]]"
12a_1141_66,"[[17, 4, 18, 5], [19, 9, 20, 8], [21, 11, 22, 10], [23, 17, 24, 16], [1, 6, 2, 7], [3, 18, 4, 19], [5, 14, 6, 15], [7, 13, 8, 12], [9, 21, 10, 20], [11, 23, 12, 22], [13, 2, 14, 3], [15, 1, 16, 24]]"
12a_1141_67,"[[15, 1, 16, 24], [17, 4, 18, 5], [19, 9, 20, 8], [21, 11, 22, 10], [23, 17, 24, 16], [1, 6, 2, 7], [3, 18, 4, 19], [5, 14, 6, 15], [7, 13, 8, 12], [9, 21, 10, 20], [11, 23, 12, 22], [13, 2, 14, 3]]"
12a_1141_68,"[[13, 2, 14, 3], [15, 1, 16, 24], [17, 4, 18, 5], [19, 9, 20, 8], [21, 11, 22, 10], [23, 17, 24, 16], [1, 6, 2, 7], [3, 18, 4, 19], [5, 14, 6, 15], [7, 13, 8, 12], [9, 21, 10, 20], [11, 23, 12, 22]]"
12a_1141_69,"[[11, 23, 12, 22], [13, 2, 14, 3], [15, 1, 16, 24], [17, 4, 18, 5], [19, 9, 20, 8], [21, 11, 22, 10], [23, 17, 24, 16], [1, 6, 2, 7], [3, 18, 4, 19], [5, 14, 6, 15], [7, 13, 8, 12], [9, 21, 10, 20]]"
12a_1141_70,"[[9, 21, 10, 20], [11, 23, 12, 22], [13, 2, 14, 3], [15, 1, 16, 24], [17, 4, 18, 5], [19, 9, 20, 8], [21, 11, 22, 10], [23, 17, 24, 16], [1, 6, 2, 7], [3, 18, 4, 19], [5, 14, 6, 15], [7, 13, 8, 12]]"
12a_1141_71,"[[7, 13, 8, 12], [9, 21, 10, 20], [11, 23, 12, 22], [13, 2, 14, 3], [15, 1, 16, 24], [17, 4, 18, 5], [19, 9, 20, 8], [21, 11, 22, 10], [23, 17, 24, 16], [1, 6, 2, 7], [3, 18, 4, 19], [5, 14, 6, 15]]"
12a_1141_72,"[[6, 15, 7, 16], [8, 14, 9, 13], [10, 22, 11, 21], [12, 24, 13, 23], [14, 3, 15, 4], [16, 2, 17, 1], [18, 5, 19, 6], [20, 10, 21, 9], [22, 12, 23, 11], [24, 18, 1, 17], [2, 7, 3, 8], [4, 19, 5, 20]]"
12a_1141_73,"[[4, 19, 5, 20], [6, 15, 7, 16], [8, 14, 9, 13], [10, 22, 11, 21], [12, 24, 13, 23], [14, 3, 15, 4], [16, 2, 17, 1], [18, 5, 19, 6], [20, 10, 21, 9], [22, 12, 23, 11], [24, 18, 1, 17], [2, 7, 3, 8]]"
12a_1141_74,"[[2, 7, 3, 8], [4, 19, 5, 20], [6, 15, 7, 16], [8, 14, 9, 13], [10, 22, 11, 21], [12, 24, 13, 23], [14, 3, 15, 4], [16, 2, 17, 1], [18, 5, 19, 6], [20, 10, 21, 9], [22, 12, 23, 11], [24, 18, 1, 17]]"
12a_1141_75,"[[24, 18, 1, 17], [2, 7, 3, 8], [4, 19, 5, 20], [6, 15, 7, 16], [8, 14, 9, 13], [10, 22, 11, 21], [12, 24, 13, 23], [14, 3, 15, 4], [16, 2, 17, 1], [18, 5, 19, 6], [20, 10, 21, 9], [22, 12, 23, 11]]"
12a_1141_76,"[[22, 12, 23, 11], [24, 18, 1, 17], [2, 7, 3, 8], [4, 19, 5, 20], [6, 15, 7, 16], [8, 14, 9, 13], [10, 22, 11, 21], [12, 24, 13, 23], [14, 3, 15, 4], [16, 2, 17, 1], [18, 5, 19, 6], [20, 10, 21, 9]]"
12a_1141_77,"[[20, 10, 21, 9], [22, 12, 23, 11], [24, 18, 1, 17], [2, 7, 3, 8], [4, 19, 5, 20], [6, 15, 7, 16], [8, 14, 9, 13], [10, 22, 11, 21], [12, 24, 13, 23], [14, 3, 15, 4], [16, 2, 17, 1], [18, 5, 19, 6]]"
12a_1141_78,"[[18, 5, 19, 6], [20, 10, 21, 9], [22, 12, 23, 11], [24, 18, 1, 17], [2, 7, 3, 8], [4, 19, 5, 20], [6, 15, 7, 16], [8, 14, 9, 13], [10, 22, 11, 21], [12, 24, 13, 23], [14, 3, 15, 4], [16, 2, 17, 1]]"
12a_1141_79,"[[16, 2, 17, 1], [18, 5, 19, 6], [20, 10, 21, 9], [22, 12, 23, 11], [24, 18, 1, 17], [2, 7, 3, 8], [4, 19, 5, 20], [6, 15, 7, 16], [8, 14, 9, 13], [10, 22, 11, 21], [12, 24, 13, 23], [14, 3, 15, 4]]"
12a_1141_80,"[[14, 3, 15, 4], [16, 2, 17, 1], [18, 5, 19, 6], [20, 10, 21, 9], [22, 12, 23, 11], [24, 18, 1, 17], [2, 7, 3, 8], [4, 19, 5, 20], [6, 15, 7, 16], [8, 14, 9, 13], [10, 22, 11, 21], [12, 24, 13, 23]]"
12a_1141_81,"[[12, 24, 13, 23], [14, 3, 15, 4], [16, 2, 17, 1], [18, 5, 19, 6], [20, 10, 21, 9], [22, 12, 23, 11], [24, 18, 1, 17], [2, 7, 3, 8], [4, 19, 5, 20], [6, 15, 7, 16], [8, 14, 9, 13], [10, 22, 11, 21]]"
12a_1141_82,"[[10, 22, 11, 21], [12, 24, 13, 23], [14, 3, 15, 4], [16, 2, 17, 1], [18, 5, 19, 6], [20, 10, 21, 9], [22, 12, 23, 11], [24, 18, 1, 17], [2, 7, 3, 8], [4, 19, 5, 20], [6, 15, 7, 16], [8, 14, 9, 13]]"
12a_1141_83,"[[8, 14, 9, 13], [10, 22, 11, 21], [12, 24, 13, 23], [14, 3, 15, 4], [16, 2, 17, 1], [18, 5, 19, 6], [20, 10, 21, 9], [22, 12, 23, 11], [24, 18, 1, 17], [2, 7, 3, 8], [4, 19, 5, 20], [6, 15, 7, 16]]"
12a_1141_84,"[[7, 16, 8, 17], [9, 15, 10, 14], [11, 23, 12, 22], [13, 1, 14, 24], [15, 4, 16, 5], [17, 3, 18, 2], [19, 6, 20, 7], [21, 11, 22, 10], [23, 13, 24, 12], [1, 19, 2, 18], [3, 8, 4, 9], [5, 20, 6, 21]]"
12a_1141_85,"[[5, 20, 6, 21], [7, 16, 8, 17], [9, 15, 10, 14], [11, 23, 12, 22], [13, 1, 14, 24], [15, 4, 16, 5], [17, 3, 18, 2], [19, 6, 20, 7], [21, 11, 22, 10], [23, 13, 24, 12], [1, 19, 2, 18], [3, 8, 4, 9]]"
12a_1141_86,"[[3, 8, 4, 9], [5, 20, 6, 21], [7, 16, 8, 17], [9, 15, 10, 14], [11, 23, 12, 22], [13, 1, 14, 24], [15, 4, 16, 5], [17, 3, 18, 2], [19, 6, 20, 7], [21, 11, 22, 10], [23, 13, 24, 12], [1, 19, 2, 18]]"
12a_1141_87,"[[1, 19, 2, 18], [3, 8, 4, 9], [5, 20, 6, 21], [7, 16, 8, 17], [9, 15, 10, 14], [11, 23, 12, 22], [13, 1, 14, 24], [15, 4, 16, 5], [17, 3, 18, 2], [19, 6, 20, 7], [21, 11, 22, 10], [23, 13, 24, 12]]"
12a_1141_88,"[[23, 13, 24, 12], [1, 19, 2, 18], [3, 8, 4, 9], [5, 20, 6, 21], [7, 16, 8, 17], [9, 15, 10, 14], [11, 23, 12, 22], [13, 1, 14, 24], [15, 4, 16, 5], [17, 3, 18, 2], [19, 6, 20, 7], [21, 11, 22, 10]]"
12a_1141_89,"[[21, 11, 22, 10], [23, 13, 24, 12], [1, 19, 2, 18], [3, 8, 4, 9], [5, 20, 6, 21], [7, 16, 8, 17], [9, 15, 10, 14], [11, 23, 12, 22], [13, 1, 14, 24], [15, 4, 16, 5], [17, 3, 18, 2], [19, 6, 20, 7]]"
12a_1141_90,"[[19, 6, 20, 7], [21, 11, 22, 10], [23, 13, 24, 12], [1, 19, 2, 18], [3, 8, 4, 9], [5, 20, 6, 21], [7, 16, 8, 17], [9, 15, 10, 14], [11, 23, 12, 22], [13, 1, 14, 24], [15, 4, 16, 5], [17, 3, 18, 2]]"
12a_1141_91,"[[17, 3, 18, 2], [19, 6, 20, 7], [21, 11, 22, 10], [23, 13, 24, 12], [1, 19, 2, 18], [3, 8, 4, 9], [5, 20, 6, 21], [7, 16, 8, 17], [9, 15, 10, 14], [11, 23, 12, 22], [13, 1, 14, 24], [15, 4, 16, 5]]"
12a_1141_92,"[[15, 4, 16, 5], [17, 3, 18, 2], [19, 6, 20, 7], [21, 11, 22, 10], [23, 13, 24, 12], [1, 19, 2, 18], [3, 8, 4, 9], [5, 20, 6, 21], [7, 16, 8, 17], [9, 15, 10, 14], [11, 23, 12, 22], [13, 1, 14, 24]]"
12a_1141_93,"[[13, 1, 14, 24], [15, 4, 16, 5], [17, 3, 18, 2], [19, 6, 20, 7], [21, 11, 22, 10], [23, 13, 24, 12], [1, 19, 2, 18], [3, 8, 4, 9], [5, 20, 6, 21], [7, 16, 8, 17], [9, 15, 10, 14], [11, 23, 12, 22]]"
12a_1141_94,"[[11, 23, 12, 22], [13, 1, 14, 24], [15, 4, 16, 5], [17, 3, 18, 2], [19, 6, 20, 7], [21, 11, 22, 10], [23, 13, 24, 12], [1, 19, 2, 18], [3, 8, 4, 9], [5, 20, 6, 21], [7, 16, 8, 17], [9, 15, 10, 14]]"
12a_1141_95,"[[9, 15, 10, 14], [11, 23, 12, 22], [13, 1, 14, 24], [15, 4, 16, 5], [17, 3, 18, 2], [19, 6, 20, 7], [21, 11, 22, 10], [23, 13, 24, 12], [1, 19, 2, 18], [3, 8, 4, 9], [5, 20, 6, 21], [7, 16, 8, 17]]"
12a_1141_96,"[[8, 17, 9, 18], [10, 16, 11, 15], [12, 24, 13, 23], [14, 2, 15, 1], [16, 5, 17, 6], [18, 4, 19, 3], [20, 7, 21, 8], [22, 12, 23, 11], [24, 14, 1, 13], [2, 20, 3, 19], [4, 9, 5, 10], [6, 21, 7, 22]]"
12a_1141_97,"[[6, 21, 7, 22], [8, 17, 9, 18], [10, 16, 11, 15], [12, 24, 13, 23], [14, 2, 15, 1], [16, 5, 17, 6], [18, 4, 19, 3], [20, 7, 21, 8], [22, 12, 23, 11], [24, 14, 1, 13], [2, 20, 3, 19], [4, 9, 5, 10]]"
12a_1141_98,"[[4, 9, 5, 10], [6, 21, 7, 22], [8, 17, 9, 18], [10, 16, 11, 15], [12, 24, 13, 23], [14, 2, 15, 1], [16, 5, 17, 6], [18, 4, 19, 3], [20, 7, 21, 8], [22, 12, 23, 11], [24, 14, 1, 13], [2, 20, 3, 19]]"
12a_1141_99,"[[2, 20, 3, 19], [4, 9, 5, 10], [6, 21, 7, 22], [8, 17, 9, 18], [10, 16, 11, 15], [12, 24, 13, 23], [14, 2, 15, 1], [16, 5, 17, 6], [18, 4, 19, 3], [20, 7, 21, 8], [22, 12, 23, 11], [24, 14, 1, 13]]"
12a_1141_100,"[[24, 14, 1, 13], [2, 20, 3, 19], [4, 9, 5, 10], [6, 21, 7, 22], [8, 17, 9, 18], [10, 16, 11, 15], [12, 24, 13, 23], [14, 2, 15, 1], [16, 5, 17, 6], [18, 4, 19, 3], [20, 7, 21, 8], [22, 12, 23, 11]]"
12a_1141_101,"[[22, 12, 23, 11], [24, 14, 1, 13], [2, 20, 3, 19], [4, 9, 5, 10], [6, 21, 7, 22], [8, 17, 9, 18], [10, 16, 11, 15], [12, 24, 13, 23], [14, 2, 15, 1], [16, 5, 17, 6], [18, 4, 19, 3], [20, 7, 21, 8]]"
12a_1141_102,"[[20, 7, 21, 8], [22, 12, 23, 11], [24, 14, 1, 13], [2, 20, 3, 19], [4, 9, 5, 10], [6, 21, 7, 22], [8, 17, 9, 18], [10, 16, 11, 15], [12, 24, 13, 23], [14, 2, 15, 1], [16, 5, 17, 6], [18, 4, 19, 3]]"
12a_1141_103,"[[18, 4, 19, 3], [20, 7, 21, 8], [22, 12, 23, 11], [24, 14, 1, 13], [2, 20, 3, 19], [4, 9, 5, 10], [6, 21, 7, 22], [8, 17, 9, 18], [10, 16, 11, 15], [12, 24, 13, 23], [14, 2, 15, 1], [16, 5, 17, 6]]"
12a_1141_104,"[[16, 5, 17, 6], [18, 4, 19, 3], [20, 7, 21, 8], [22, 12, 23, 11], [24, 14, 1, 13], [2, 20, 3, 19], [4, 9, 5, 10], [6, 21, 7, 22], [8, 17, 9, 18], [10, 16, 11, 15], [12, 24, 13, 23], [14, 2, 15, 1]]"
12a_1141_105,"[[14, 2, 15, 1], [16, 5, 17, 6], [18, 4, 19, 3], [20, 7, 21, 8], [22, 12, 23, 11], [24, 14, 1, 13], [2, 20, 3, 19], [4, 9, 5, 10], [6, 21, 7, 22], [8, 17, 9, 18], [10, 16, 11, 15], [12, 24, 13, 23]]"
12a_1141_106,"[[12, 24, 13, 23], [14, 2, 15, 1], [16, 5, 17, 6], [18, 4, 19, 3], [20, 7, 21, 8], [22, 12, 23, 11], [24, 14, 1, 13], [2, 20, 3, 19], [4, 9, 5, 10], [6, 21, 7, 22], [8, 17, 9, 18], [10, 16, 11, 15]]"
12a_1141_107,"[[10, 16, 11, 15], [12, 24, 13, 23], [14, 2, 15, 1], [16, 5, 17, 6], [18, 4, 19, 3], [20, 7, 21, 8], [22, 12, 23, 11], [24, 14, 1, 13], [2, 20, 3, 19], [4, 9, 5, 10], [6, 21, 7, 22], [8, 17, 9, 18]]"
12a_1141_108,"[[9, 18, 10, 19], [11, 17, 12, 16], [13, 1, 14, 24], [15, 3, 16, 2], [17, 6, 18, 7], [19, 5, 20, 4], [21, 8, 22, 9], [23, 13, 24, 12], [1, 15, 2, 14], [3, 21, 4, 20], [5, 10, 6, 11], [7, 22, 8, 23]]"
12a_1141_109,"[[7, 22, 8, 23], [9, 18, 10, 19], [11, 17, 12, 16], [13, 1, 14, 24], [15, 3, 16, 2], [17, 6, 18, 7], [19, 5, 20, 4], [21, 8, 22, 9], [23, 13, 24, 12], [1, 15, 2, 14], [3, 21, 4, 20], [5, 10, 6, 11]]"
12a_1141_110,"[[5, 10, 6, 11], [7, 22, 8, 23], [9, 18, 10, 19], [11, 17, 12, 16], [13, 1, 14, 24], [15, 3, 16, 2], [17, 6, 18, 7], [19, 5, 20, 4], [21, 8, 22, 9], [23, 13, 24, 12], [1, 15, 2, 14], [3, 21, 4, 20]]"
12a_1141_111,"[[3, 21, 4, 20], [5, 10, 6, 11], [7, 22, 8, 23], [9, 18, 10, 19], [11, 17, 12, 16], [13, 1, 14, 24], [15, 3, 16, 2], [17, 6, 18, 7], [19, 5, 20, 4], [21, 8, 22, 9], [23, 13, 24, 12], [1, 15, 2, 14]]"
12a_1141_112,"[[1, 15, 2, 14], [3, 21, 4, 20], [5, 10, 6, 11], [7, 22, 8, 23], [9, 18, 10, 19], [11, 17, 12, 16], [13, 1, 14, 24], [15, 3, 16, 2], [17, 6, 18, 7], [19, 5, 20, 4], [21, 8, 22, 9], [23, 13, 24, 12]]"
12a_1141_113,"[[23, 13, 24, 12], [1, 15, 2, 14], [3, 21, 4, 20], [5, 10, 6, 11], [7, 22, 8, 23], [9, 18, 10, 19], [11, 17, 12, 16], [13, 1, 14, 24], [15, 3, 16, 2], [17, 6, 18, 7], [19, 5, 20, 4], [21, 8, 22, 9]]"
12a_1141_114,"[[21, 8, 22, 9], [23, 13, 24, 12], [1, 15, 2, 14], [3, 21, 4, 20], [5, 10, 6, 11], [7, 22, 8, 23], [9, 18, 10, 19], [11, 17, 12, 16], [13, 1, 14, 24], [15, 3, 16, 2], [17, 6, 18, 7], [19, 5, 20, 4]]"
12a_1141_115,"[[19, 5, 20, 4], [21, 8, 22, 9], [23, 13, 24, 12], [1, 15, 2, 14], [3, 21, 4, 20], [5, 10, 6, 11], [7, 22, 8, 23], [9, 18, 10, 19], [11, 17, 12, 16], [13, 1, 14, 24], [15, 3, 16, 2], [17, 6, 18, 7]]"
12a_1141_116,"[[17, 6, 18, 7], [19, 5, 20, 4], [21, 8, 22, 9], [23, 13, 24, 12], [1, 15, 2, 14], [3, 21, 4, 20], [5, 10, 6, 11], [7, 22, 8, 23], [9, 18, 10, 19], [11, 17, 12, 16], [13, 1, 14, 24], [15, 3, 16, 2]]"
12a_1141_117,"[[15, 3, 16, 2], [17, 6, 18, 7], [19, 5, 20, 4], [21, 8, 22, 9], [23, 13, 24, 12], [1, 15, 2, 14], [3, 21, 4, 20], [5, 10, 6, 11], [7, 22, 8, 23], [9, 18, 10, 19], [11, 17, 12, 16], [13, 1, 14, 24]]"
12a_1141_118,"[[13, 1, 14, 24], [15, 3, 16, 2], [17, 6, 18, 7], [19, 5, 20, 4], [21, 8, 22, 9], [23, 13, 24, 12], [1, 15, 2, 14], [3, 21, 4, 20], [5, 10, 6, 11], [7, 22, 8, 23], [9, 18, 10, 19], [11, 17, 12, 16]]"
12a_1141_119,"[[11, 17, 12, 16], [13, 1, 14, 24], [15, 3, 16, 2], [17, 6, 18, 7], [19, 5, 20, 4], [21, 8, 22, 9], [23, 13, 24, 12], [1, 15, 2, 14], [3, 21, 4, 20], [5, 10, 6, 11], [7, 22, 8, 23], [9, 18, 10, 19]]"
12a_1141_120,"[[10, 19, 11, 20], [12, 18, 13, 17], [14, 2, 15, 1], [16, 4, 17, 3], [18, 7, 19, 8], [20, 6, 21, 5], [22, 9, 23, 10], [24, 14, 1, 13], [2, 16, 3, 15], [4, 22, 5, 21], [6, 11, 7, 12], [8, 23, 9, 24]]"
12a_1141_121,"[[8, 23, 9, 24], [10, 19, 11, 20], [12, 18, 13, 17], [14, 2, 15, 1], [16, 4, 17, 3], [18, 7, 19, 8], [20, 6, 21, 5], [22, 9, 23, 10], [24, 14, 1, 13], [2, 16, 3, 15], [4, 22, 5, 21], [6, 11, 7, 12]]"
12a_1141_122,"[[6, 11, 7, 12], [8, 23, 9, 24], [10, 19, 11, 20], [12, 18, 13, 17], [14, 2, 15, 1], [16, 4, 17, 3], [18, 7, 19, 8], [20, 6, 21, 5], [22, 9, 23, 10], [24, 14, 1, 13], [2, 16, 3, 15], [4, 22, 5, 21]]"
12a_1141_123,"[[4, 22, 5, 21], [6, 11, 7, 12], [8, 23, 9, 24], [10, 19, 11, 20], [12, 18, 13, 17], [14, 2, 15, 1], [16, 4, 17, 3], [18, 7, 19, 8], [20, 6, 21, 5], [22, 9, 23, 10], [24, 14, 1, 13], [2, 16, 3, 15]]"
12a_1141_124,"[[2, 16, 3, 15], [4, 22, 5, 21], [6, 11, 7, 12], [8, 23, 9, 24], [10, 19, 11, 20], [12, 18, 13, 17], [14, 2, 15, 1], [16, 4, 17, 3], [18, 7, 19, 8], [20, 6, 21, 5], [22, 9, 23, 10], [24, 14, 1, 13]]"
12a_1141_125,"[[24, 14, 1, 13], [2, 16, 3, 15], [4, 22, 5, 21], [6, 11, 7, 12], [8, 23, 9, 24], [10, 19, 11, 20], [12, 18, 13, 17], [14, 2, 15, 1], [16, 4, 17, 3], [18, 7, 19, 8], [20, 6, 21, 5], [22, 9, 23, 10]]"
12a_1141_126,"[[22, 9, 23, 10], [24, 14, 1, 13], [2, 16, 3, 15], [4, 22, 5, 21], [6, 11, 7, 12], [8, 23, 9, 24], [10, 19, 11, 20], [12, 18, 13, 17], [14, 2, 15, 1], [16, 4, 17, 3], [18, 7, 19, 8], [20, 6, 21, 5]]"
12a_1141_127,"[[20, 6, 21, 5], [22, 9, 23, 10], [24, 14, 1, 13], [2, 16, 3, 15], [4, 22, 5, 21], [6, 11, 7, 12], [8, 23, 9, 24], [10, 19, 11, 20], [12, 18, 13, 17], [14, 2, 15, 1], [16, 4, 17, 3], [18, 7, 19, 8]]"
12a_1141_128,"[[18, 7, 19, 8], [20, 6, 21, 5], [22, 9, 23, 10], [24, 14, 1, 13], [2, 16, 3, 15], [4, 22, 5, 21], [6, 11, 7, 12], [8, 23, 9, 24], [10, 19, 11, 20], [12, 18, 13, 17], [14, 2, 15, 1], [16, 4, 17, 3]]"
12a_1141_129,"[[16, 4, 17, 3], [18, 7, 19, 8], [20, 6, 21, 5], [22, 9, 23, 10], [24, 14, 1, 13], [2, 16, 3, 15], [4, 22, 5, 21], [6, 11, 7, 12], [8, 23, 9, 24], [10, 19, 11, 20], [12, 18, 13, 17], [14, 2, 15, 1]]"
12a_1141_130,"[[14, 2, 15, 1], [16, 4, 17, 3], [18, 7, 19, 8], [20, 6, 21, 5], [22, 9, 23, 10], [24, 14, 1, 13], [2, 16, 3, 15], [4, 22, 5, 21], [6, 11, 7, 12], [8, 23, 9, 24], [10, 19, 11, 20], [12, 18, 13, 17]]"
12a_1141_131,"[[12, 18, 13, 17], [14, 2, 15, 1], [16, 4, 17, 3], [18, 7, 19, 8], [20, 6, 21, 5], [22, 9, 23, 10], [24, 14, 1, 13], [2, 16, 3, 15], [4, 22, 5, 21], [6, 11, 7, 12], [8, 23, 9, 24], [10, 19, 11, 20]]"
12a_1141_132,"[[11, 20, 12, 21], [13, 19, 14, 18], [15, 3, 16, 2], [17, 5, 18, 4], [19, 8, 20, 9], [21, 7, 22, 6], [23, 10, 24, 11], [1, 15, 2, 14], [3, 17, 4, 16], [5, 23, 6, 22], [7, 12, 8, 13], [9, 24, 10, 1]]"
12a_1141_133,"[[9, 24, 10, 1], [11, 20, 12, 21], [13, 19, 14, 18], [15, 3, 16, 2], [17, 5, 18, 4], [19, 8, 20, 9], [21, 7, 22, 6], [23, 10, 24, 11], [1, 15, 2, 14], [3, 17, 4, 16], [5, 23, 6, 22], [7, 12, 8, 13]]"
12a_1141_134,"[[7, 12, 8, 13], [9, 24, 10, 1], [11, 20, 12, 21], [13, 19, 14, 18], [15, 3, 16, 2], [17, 5, 18, 4], [19, 8, 20, 9], [21, 7, 22, 6], [23, 10, 24, 11], [1, 15, 2, 14], [3, 17, 4, 16], [5, 23, 6, 22]]"
12a_1141_135,"[[5, 23, 6, 22], [7, 12, 8, 13], [9, 24, 10, 1], [11, 20, 12, 21], [13, 19, 14, 18], [15, 3, 16, 2], [17, 5, 18, 4], [19, 8, 20, 9], [21, 7, 22, 6], [23, 10, 24, 11], [1, 15, 2, 14], [3, 17, 4, 16]]"
12a_1141_136,"[[3, 17, 4, 16], [5, 23, 6, 22], [7, 12, 8, 13], [9, 24, 10, 1], [11, 20, 12, 21], [13, 19, 14, 18], [15, 3, 16, 2], [17, 5, 18, 4], [19, 8, 20, 9], [21, 7, 22, 6], [23, 10, 24, 11], [1, 15, 2, 14]]"
12a_1141_137,"[[1, 15, 2, 14], [3, 17, 4, 16], [5, 23, 6, 22], [7, 12, 8, 13], [9, 24, 10, 1], [11, 20, 12, 21], [13, 19, 14, 18], [15, 3, 16, 2], [17, 5, 18, 4], [19, 8, 20, 9], [21, 7, 22, 6], [23, 10, 24, 11]]"
12a_1141_138,"[[23, 10, 24, 11], [1, 15, 2, 14], [3, 17, 4, 16], [5, 23, 6, 22], [7, 12, 8, 13], [9, 24, 10, 1], [11, 20, 12, 21], [13, 19, 14, 18], [15, 3, 16, 2], [17, 5, 18, 4], [19, 8, 20, 9], [21, 7, 22, 6]]"
12a_1141_139,"[[21, 7, 22, 6], [23, 10, 24, 11], [1, 15, 2, 14], [3, 17, 4, 16], [5, 23, 6, 22], [7, 12, 8, 13], [9, 24, 10, 1], [11, 20, 12, 21], [13, 19, 14, 18], [15, 3, 16, 2], [17, 5, 18, 4], [19, 8, 20, 9]]"
12a_1141_140,"[[19, 8, 20, 9], [21, 7, 22, 6], [23, 10, 24, 11], [1, 15, 2, 14], [3, 17, 4, 16], [5, 23, 6, 22], [7, 12, 8, 13], [9, 24, 10, 1], [11, 20, 12, 21], [13, 19, 14, 18], [15, 3, 16, 2], [17, 5, 18, 4]]"
12a_1141_141,"[[17, 5, 18, 4], [19, 8, 20, 9], [21, 7, 22, 6], [23, 10, 24, 11], [1, 15, 2, 14], [3, 17, 4, 16], [5, 23, 6, 22], [7, 12, 8, 13], [9, 24, 10, 1], [11, 20, 12, 21], [13, 19, 14, 18], [15, 3, 16, 2]]"
12a_1141_142,"[[15, 3, 16, 2], [17, 5, 18, 4], [19, 8, 20, 9], [21, 7, 22, 6], [23, 10, 24, 11], [1, 15, 2, 14], [3, 17, 4, 16], [5, 23, 6, 22], [7, 12, 8, 13], [9, 24, 10, 1], [11, 20, 12, 21], [13, 19, 14, 18]]"
12a_1141_143,"[[13, 19, 14, 18], [15, 3, 16, 2], [17, 5, 18, 4], [19, 8, 20, 9], [21, 7, 22, 6], [23, 10, 24, 11], [1, 15, 2, 14], [3, 17, 4, 16], [5, 23, 6, 22], [7, 12, 8, 13], [9, 24, 10, 1], [11, 20, 12, 21]]"
12a_1141_144,"[[12, 21, 13, 22], [14, 20, 15, 19], [16, 4, 17, 3], [18, 6, 19, 5], [20, 9, 21, 10], [22, 8, 23, 7], [24, 11, 1, 12], [2, 16, 3, 15], [4, 18, 5, 17], [6, 24, 7, 23], [8, 13, 9, 14], [10, 1, 11, 2]]"
12a_1141_145,"[[10, 1, 11, 2], [12, 21, 13, 22], [14, 20, 15, 19], [16, 4, 17, 3], [18, 6, 19, 5], [20, 9, 21, 10], [22, 8, 23, 7], [24, 11, 1, 12], [2, 16, 3, 15], [4, 18, 5, 17], [6, 24, 7, 23], [8, 13, 9, 14]]"
12a_1141_146,"[[8, 13, 9, 14], [10, 1, 11, 2], [12, 21, 13, 22], [14, 20, 15, 19], [16, 4, 17, 3], [18, 6, 19, 5], [20, 9, 21, 10], [22, 8, 23, 7], [24, 11, 1, 12], [2, 16, 3, 15], [4, 18, 5, 17], [6, 24, 7, 23]]"
12a_1141_147,"[[6, 24, 7, 23], [8, 13, 9, 14], [10, 1, 11, 2], [12, 21, 13, 22], [14, 20, 15, 19], [16, 4, 17, 3], [18, 6, 19, 5], [20, 9, 21, 10], [22, 8, 23, 7], [24, 11, 1, 12], [2, 16, 3, 15], [4, 18, 5, 17]]"
12a_1141_148,"[[4, 18, 5, 17], [6, 24, 7, 23], [8, 13, 9, 14], [10, 1, 11, 2], [12, 21, 13, 22], [14, 20, 15, 19], [16, 4, 17, 3], [18, 6, 19, 5], [20, 9, 21, 10], [22, 8, 23, 7], [24, 11, 1, 12], [2, 16, 3, 15]]"
12a_1141_149,"[[2, 16, 3, 15], [4, 18, 5, 17], [6, 24, 7, 23], [8, 13, 9, 14], [10, 1, 11, 2], [12, 21, 13, 22], [14, 20, 15, 19], [16, 4, 17, 3], [18, 6, 19, 5], [20, 9, 21, 10], [22, 8, 23, 7], [24, 11, 1, 12]]"
12a_1141_150,"[[24, 11, 1, 12], [2, 16, 3, 15], [4, 18, 5, 17], [6, 24, 7, 23], [8, 13, 9, 14], [10, 1, 11, 2], [12, 21, 13, 22], [14, 20, 15, 19], [16, 4, 17, 3], [18, 6, 19, 5], [20, 9, 21, 10], [22, 8, 23, 7]]"
12a_1141_151,"[[22, 8, 23, 7], [24, 11, 1, 12], [2, 16, 3, 15], [4, 18, 5, 17], [6, 24, 7, 23], [8, 13, 9, 14], [10, 1, 11, 2], [12, 21, 13, 22], [14, 20, 15, 19], [16, 4, 17, 3], [18, 6, 19, 5], [20, 9, 21, 10]]"
12a_1141_152,"[[20, 9, 21, 10], [22, 8, 23, 7], [24, 11, 1, 12], [2, 16, 3, 15], [4, 18, 5, 17], [6, 24, 7, 23], [8, 13, 9, 14], [10, 1, 11, 2], [12, 21, 13, 22], [14, 20, 15, 19], [16, 4, 17, 3], [18, 6, 19, 5]]"
12a_1141_153,"[[18, 6, 19, 5], [20, 9, 21, 10], [22, 8, 23, 7], [24, 11, 1, 12], [2, 16, 3, 15], [4, 18, 5, 17], [6, 24, 7, 23], [8, 13, 9, 14], [10, 1, 11, 2], [12, 21, 13, 22], [14, 20, 15, 19], [16, 4, 17, 3]]"
12a_1141_154,"[[16, 4, 17, 3], [18, 6, 19, 5], [20, 9, 21, 10], [22, 8, 23, 7], [24, 11, 1, 12], [2, 16, 3, 15], [4, 18, 5, 17], [6, 24, 7, 23], [8, 13, 9, 14], [10, 1, 11, 2], [12, 21, 13, 22], [14, 20, 15, 19]]"
12a_1141_155,"[[14, 20, 15, 19], [16, 4, 17, 3], [18, 6, 19, 5], [20, 9, 21, 10], [22, 8, 23, 7], [24, 11, 1, 12], [2, 16, 3, 15], [4, 18, 5, 17], [6, 24, 7, 23], [8, 13, 9, 14], [10, 1, 11, 2], [12, 21, 13, 22]]"
12a_1141_156,"[[13, 22, 14, 23], [15, 21, 16, 20], [17, 5, 18, 4], [19, 7, 20, 6], [21, 10, 22, 11], [23, 9, 24, 8], [1, 12, 2, 13], [3, 17, 4, 16], [5, 19, 6, 18], [7, 1, 8, 24], [9, 14, 10, 15], [11, 2, 12, 3]]"
12a_1141_157,"[[11, 2, 12, 3], [13, 22, 14, 23], [15, 21, 16, 20], [17, 5, 18, 4], [19, 7, 20, 6], [21, 10, 22, 11], [23, 9, 24, 8], [1, 12, 2, 13], [3, 17, 4, 16], [5, 19, 6, 18], [7, 1, 8, 24], [9, 14, 10, 15]]"
12a_1141_158,"[[9, 14, 10, 15], [11, 2, 12, 3], [13, 22, 14, 23], [15, 21, 16, 20], [17, 5, 18, 4], [19, 7, 20, 6], [21, 10, 22, 11], [23, 9, 24, 8], [1, 12, 2, 13], [3, 17, 4, 16], [5, 19, 6, 18], [7, 1, 8, 24]]"
12a_1141_159,"[[7, 1, 8, 24], [9, 14, 10, 15], [11, 2, 12, 3], [13, 22, 14, 23], [15, 21, 16, 20], [17, 5, 18, 4], [19, 7, 20, 6], [21, 10, 22, 11], [23, 9, 24, 8], [1, 12, 2, 13], [3, 17, 4, 16], [5, 19, 6, 18]]"
12a_1141_160,"[[5, 19, 6, 18], [7, 1, 8, 24], [9, 14, 10, 15], [11, 2, 12, 3], [13, 22, 14, 23], [15, 21, 16, 20], [17, 5, 18, 4], [19, 7, 20, 6], [21, 10, 22, 11], [23, 9, 24, 8], [1, 12, 2, 13], [3, 17, 4, 16]]"
12a_1141_161,"[[3, 17, 4, 16], [5, 19, 6, 18], [7, 1, 8, 24], [9, 14, 10, 15], [11, 2, 12, 3], [13, 22, 14, 23], [15, 21, 16, 20], [17, 5, 18, 4], [19, 7, 20, 6], [21, 10, 22, 11], [23, 9, 24, 8], [1, 12, 2, 13]]"
12a_1141_162,"[[1, 12, 2, 13], [3, 17, 4, 16], [5, 19, 6, 18], [7, 1, 8, 24], [9, 14, 10, 15], [11, 2, 12, 3], [13, 22, 14, 23], [15, 21, 16, 20], [17, 5, 18, 4], [19, 7, 20, 6], [21, 10, 22, 11], [23, 9, 24, 8]]"
12a_1141_163,"[[23, 9, 24, 8], [1, 12, 2, 13], [3, 17, 4, 16], [5, 19, 6, 18], [7, 1, 8, 24], [9, 14, 10, 15], [11, 2, 12, 3], [13, 22, 14, 23], [15, 21, 16, 20], [17, 5, 18, 4], [19, 7, 20, 6], [21, 10, 22, 11]]"
12a_1141_164,"[[21, 10, 22, 11], [23, 9, 24, 8], [1, 12, 2, 13], [3, 17, 4, 16], [5, 19, 6, 18], [7, 1, 8, 24], [9, 14, 10, 15], [11, 2, 12, 3], [13, 22, 14, 23], [15, 21, 16, 20], [17, 5, 18, 4], [19, 7, 20, 6]]"
12a_1141_165,"[[19, 7, 20, 6], [21, 10, 22, 11], [23, 9, 24, 8], [1, 12, 2, 13], [3, 17, 4, 16], [5, 19, 6, 18], [7, 1, 8, 24], [9, 14, 10, 15], [11, 2, 12, 3], [13, 22, 14, 23], [15, 21, 16, 20], [17, 5, 18, 4]]"
12a_1141_166,"[[17, 5, 18, 4], [19, 7, 20, 6], [21, 10, 22, 11], [23, 9, 24, 8], [1, 12, 2, 13], [3, 17, 4, 16], [5, 19, 6, 18], [7, 1, 8, 24], [9, 14, 10, 15], [11, 2, 12, 3], [13, 22, 14, 23], [15, 21, 16, 20]]"
12a_1141_167,"[[15, 21, 16, 20], [17, 5, 18, 4], [19, 7, 20, 6], [21, 10, 22, 11], [23, 9, 24, 8], [1, 12, 2, 13], [3, 17, 4, 16], [5, 19, 6, 18], [7, 1, 8, 24], [9, 14, 10, 15], [11, 2, 12, 3], [13, 22, 14, 23]]"
12a_1141_168,"[[14, 23, 15, 24], [16, 22, 17, 21], [18, 6, 19, 5], [20, 8, 21, 7], [22, 11, 23, 12], [24, 10, 1, 9], [2, 13, 3, 14], [4, 18, 5, 17], [6, 20, 7, 19], [8, 2, 9, 1], [10, 15, 11, 16], [12, 3, 13, 4]]"
12a_1141_169,"[[12, 3, 13, 4], [14, 23, 15, 24], [16, 22, 17, 21], [18, 6, 19, 5], [20, 8, 21, 7], [22, 11, 23, 12], [24, 10, 1, 9], [2, 13, 3, 14], [4, 18, 5, 17], [6, 20, 7, 19], [8, 2, 9, 1], [10, 15, 11, 16]]"
12a_1141_170,"[[10, 15, 11, 16], [12, 3, 13, 4], [14, 23, 15, 24], [16, 22, 17, 21], [18, 6, 19, 5], [20, 8, 21, 7], [22, 11, 23, 12], [24, 10, 1, 9], [2, 13, 3, 14], [4, 18, 5, 17], [6, 20, 7, 19], [8, 2, 9, 1]]"
12a_1141_171,"[[8, 2, 9, 1], [10, 15, 11, 16], [12, 3, 13, 4], [14, 23, 15, 24], [16, 22, 17, 21], [18, 6, 19, 5], [20, 8, 21, 7], [22, 11, 23, 12], [24, 10, 1, 9], [2, 13, 3, 14], [4, 18, 5, 17], [6, 20, 7, 19]]"
12a_1141_172,"[[6, 20, 7, 19], [8, 2, 9, 1], [10, 15, 11, 16], [12, 3, 13, 4], [14, 23, 15, 24], [16, 22, 17, 21], [18, 6, 19, 5], [20, 8, 21, 7], [22, 11, 23, 12], [24, 10, 1, 9], [2, 13, 3, 14], [4, 18, 5, 17]]"
12a_1141_173,"[[4, 18, 5, 17], [6, 20, 7, 19], [8, 2, 9, 1], [10, 15, 11, 16], [12, 3, 13, 4], [14, 23, 15, 24], [16, 22, 17, 21], [18, 6, 19, 5], [20, 8, 21, 7], [22, 11, 23, 12], [24, 10, 1, 9], [2, 13, 3, 14]]"
12a_1141_174,"[[2, 13, 3, 14], [4, 18, 5, 17], [6, 20, 7, 19], [8, 2, 9, 1], [10, 15, 11, 16], [12, 3, 13, 4], [14, 23, 15, 24], [16, 22, 17, 21], [18, 6, 19, 5], [20, 8, 21, 7], [22, 11, 23, 12], [24, 10, 1, 9]]"
12a_1141_175,"[[24, 10, 1, 9], [2, 13, 3, 14], [4, 18, 5, 17], [6, 20, 7, 19], [8, 2, 9, 1], [10, 15, 11, 16], [12, 3, 13, 4], [14, 23, 15, 24], [16, 22, 17, 21], [18, 6, 19, 5], [20, 8, 21, 7], [22, 11, 23, 12]]"
12a_1141_176,"[[22, 11, 23, 12], [24, 10, 1, 9], [2, 13, 3, 14], [4, 18, 5, 17], [6, 20, 7, 19], [8, 2, 9, 1], [10, 15, 11, 16], [12, 3, 13, 4], [14, 23, 15, 24], [16, 22, 17, 21], [18, 6, 19, 5], [20, 8, 21, 7]]"
12a_1141_177,"[[20, 8, 21, 7], [22, 11, 23, 12], [24, 10, 1, 9], [2, 13, 3, 14], [4, 18, 5, 17], [6, 20, 7, 19], [8, 2, 9, 1], [10, 15, 11, 16], [12, 3, 13, 4], [14, 23, 15, 24], [16, 22, 17, 21], [18, 6, 19, 5]]"
12a_1141_178,"[[18, 6, 19, 5], [20, 8, 21, 7], [22, 11, 23, 12], [24, 10, 1, 9], [2, 13, 3, 14], [4, 18, 5, 17], [6, 20, 7, 19], [8, 2, 9, 1], [10, 15, 11, 16], [12, 3, 13, 4], [14, 23, 15, 24], [16, 22, 17, 21]]"
12a_1141_179,"[[16, 22, 17, 21], [18, 6, 19, 5], [20, 8, 21, 7], [22, 11, 23, 12], [24, 10, 1, 9], [2, 13, 3, 14], [4, 18, 5, 17], [6, 20, 7, 19], [8, 2, 9, 1], [10, 15, 11, 16], [12, 3, 13, 4], [14, 23, 15, 24]]"
12a_1141_180,"[[15, 24, 16, 1], [17, 23, 18, 22], [19, 7, 20, 6], [21, 9, 22, 8], [23, 12, 24, 13], [1, 11, 2, 10], [3, 14, 4, 15], [5, 19, 6, 18], [7, 21, 8, 20], [9, 3, 10, 2], [11, 16, 12, 17], [13, 4, 14, 5]]"
12a_1141_181,"[[13, 4, 14, 5], [15, 24, 16, 1], [17, 23, 18, 22], [19, 7, 20, 6], [21, 9, 22, 8], [23, 12, 24, 13], [1, 11, 2, 10], [3, 14, 4, 15], [5, 19, 6, 18], [7, 21, 8, 20], [9, 3, 10, 2], [11, 16, 12, 17]]"
12a_1141_182,"[[11, 16, 12, 17], [13, 4, 14, 5], [15, 24, 16, 1], [17, 23, 18, 22], [19, 7, 20, 6], [21, 9, 22, 8], [23, 12, 24, 13], [1, 11, 2, 10], [3, 14, 4, 15], [5, 19, 6, 18], [7, 21, 8, 20], [9, 3, 10, 2]]"
12a_1141_183,"[[9, 3, 10, 2], [11, 16, 12, 17], [13, 4, 14, 5], [15, 24, 16, 1], [17, 23, 18, 22], [19, 7, 20, 6], [21, 9, 22, 8], [23, 12, 24, 13], [1, 11, 2, 10], [3, 14, 4, 15], [5, 19, 6, 18], [7, 21, 8, 20]]"
12a_1141_184,"[[7, 21, 8, 20], [9, 3, 10, 2], [11, 16, 12, 17], [13, 4, 14, 5], [15, 24, 16, 1], [17, 23, 18, 22], [19, 7, 20, 6], [21, 9, 22, 8], [23, 12, 24, 13], [1, 11, 2, 10], [3, 14, 4, 15], [5, 19, 6, 18]]"
12a_1141_185,"[[5, 19, 6, 18], [7, 21, 8, 20], [9, 3, 10, 2], [11, 16, 12, 17], [13, 4, 14, 5], [15, 24, 16, 1], [17, 23, 18, 22], [19, 7, 20, 6], [21, 9, 22, 8], [23, 12, 24, 13], [1, 11, 2, 10], [3, 14, 4, 15]]"
