name,pd_notation
12a_1144_0,"[[24, 11, 1, 12], [2, 8, 3, 7], [4, 16, 5, 15], [6, 18, 7, 17], [8, 21, 9, 22], [10, 19, 11, 20], [12, 23, 13, 24], [14, 6, 15, 5], [16, 4, 17, 3], [18, 1, 19, 2], [20, 9, 21, 10], [22, 13, 23, 14]]"
12a_1144_1,"[[22, 13, 23, 14], [24, 11, 1, 12], [2, 8, 3, 7], [4, 16, 5, 15], [6, 18, 7, 17], [8, 21, 9, 22], [10, 19, 11, 20], [12, 23, 13, 24], [14, 6, 15, 5], [16, 4, 17, 3], [18, 1, 19, 2], [20, 9, 21, 10]]"
12a_1144_2,"[[20, 9, 21, 10], [22, 13, 23, 14], [24, 11, 1, 12], [2, 8, 3, 7], [4, 16, 5, 15], [6, 18, 7, 17], [8, 21, 9, 22], [10, 19, 11, 20], [12, 23, 13, 24], [14, 6, 15, 5], [16, 4, 17, 3], [18, 1, 19, 2]]"
12a_1144_3,"[[18, 1, 19, 2], [20, 9, 21, 10], [22, 13, 23, 14], [24, 11, 1, 12], [2, 8, 3, 7], [4, 16, 5, 15], [6, 18, 7, 17], [8, 21, 9, 22], [10, 19, 11, 20], [12, 23, 13, 24], [14, 6, 15, 5], [16, 4, 17, 3]]"
12a_1144_4,"[[16, 4, 17, 3], [18, 1, 19, 2], [20, 9, 21, 10], [22, 13, 23, 14], [24, 11, 1, 12], [2, 8, 3, 7], [4, 16, 5, 15], [6, 18, 7, 17], [8, 21, 9, 22], [10, 19, 11, 20], [12, 23, 13, 24], [14, 6, 15, 5]]"
12a_1144_5,"[[14, 6, 15, 5], [16, 4, 17, 3], [18, 1, 19, 2], [20, 9, 21, 10], [22, 13, 23, 14], [24, 11, 1, 12], [2, 8, 3, 7], [4, 16, 5, 15], [6, 18, 7, 17], [8, 21, 9, 22], [10, 19, 11, 20], [12, 23, 13, 24]]"
12a_1144_6,"[[12, 23, 13, 24], [14, 6, 15, 5], [16, 4, 17, 3], [18, 1, 19, 2], [20, 9, 21, 10], [22, 13, 23, 14], [24, 11, 1, 12], [2, 8, 3, 7], [4, 16, 5, 15], [6, 18, 7, 17], [8, 21, 9, 22], [10, 19, 11, 20]]"
12a_1144_7,"[[10, 19, 11, 20], [12, 23, 13, 24], [14, 6, 15, 5], [16, 4, 17, 3], [18, 1, 19, 2], [20, 9, 21, 10], [22, 13, 23, 14], [24, 11, 1, 12], [2, 8, 3, 7], [4, 16, 5, 15], [6, 18, 7, 17], [8, 21, 9, 22]]"
12a_1144_8,"[[8, 21, 9, 22], [10, 19, 11, 20], [12, 23, 13, 24], [14, 6, 15, 5], [16, 4, 17, 3], [18, 1, 19, 2], [20, 9, 21, 10], [22, 13, 23, 14], [24, 11, 1, 12], [2, 8, 3, 7], [4, 16, 5, 15], [6, 18, 7, 17]]"
12a_1144_9,"[[6, 18, 7, 17], [8, 21, 9, 22], [10, 19, 11, 20], [12, 23, 13, 24], [14, 6, 15, 5], [16, 4, 17, 3], [18, 1, 19, 2], [20, 9, 21, 10], [22, 13, 23, 14], [24, 11, 1, 12], [2, 8, 3, 7], [4, 16, 5, 15]]"
12a_1144_10,"[[4, 16, 5, 15], [6, 18, 7, 17], [8, 21, 9, 22], [10, 19, 11, 20], [12, 23, 13, 24], [14, 6, 15, 5], [16, 4, 17, 3], [18, 1, 19, 2], [20, 9, 21, 10], [22, 13, 23, 14], [24, 11, 1, 12], [2, 8, 3, 7]]"
12a_1144_11,"[[2, 8, 3, 7], [4, 16, 5, 15], [6, 18, 7, 17], [8, 21, 9, 22], [10, 19, 11, 20], [12, 23, 13, 24], [14, 6, 15, 5], [16, 4, 17, 3], [18, 1, 19, 2], [20, 9, 21, 10], [22, 13, 23, 14], [24, 11, 1, 12]]"
12a_1144_12,"[[1, 12, 2, 13], [3, 9, 4, 8], [5, 17, 6, 16], [7, 19, 8, 18], [9, 22, 10, 23], [11, 20, 12, 21], [13, 24, 14, 1], [15, 7, 16, 6], [17, 5, 18, 4], [19, 2, 20, 3], [21, 10, 22, 11], [23, 14, 24, 15]]"
12a_1144_13,"[[23, 14, 24, 15], [1, 12, 2, 13], [3, 9, 4, 8], [5, 17, 6, 16], [7, 19, 8, 18], [9, 22, 10, 23], [11, 20, 12, 21], [13, 24, 14, 1], [15, 7, 16, 6], [17, 5, 18, 4], [19, 2, 20, 3], [21, 10, 22, 11]]"
12a_1144_14,"[[21, 10, 22, 11], [23, 14, 24, 15], [1, 12, 2, 13], [3, 9, 4, 8], [5, 17, 6, 16], [7, 19, 8, 18], [9, 22, 10, 23], [11, 20, 12, 21], [13, 24, 14, 1], [15, 7, 16, 6], [17, 5, 18, 4], [19, 2, 20, 3]]"
12a_1144_15,"[[19, 2, 20, 3], [21, 10, 22, 11], [23, 14, 24, 15], [1, 12, 2, 13], [3, 9, 4, 8], [5, 17, 6, 16], [7, 19, 8, 18], [9, 22, 10, 23], [11, 20, 12, 21], [13, 24, 14, 1], [15, 7, 16, 6], [17, 5, 18, 4]]"
12a_1144_16,"[[17, 5, 18, 4], [19, 2, 20, 3], [21, 10, 22, 11], [23, 14, 24, 15], [1, 12, 2, 13], [3, 9, 4, 8], [5, 17, 6, 16], [7, 19, 8, 18], [9, 22, 10, 23], [11, 20, 12, 21], [13, 24, 14, 1], [15, 7, 16, 6]]"
12a_1144_17,"[[15, 7, 16, 6], [17, 5, 18, 4], [19, 2, 20, 3], [21, 10, 22, 11], [23, 14, 24, 15], [1, 12, 2, 13], [3, 9, 4, 8], [5, 17, 6, 16], [7, 19, 8, 18], [9, 22, 10, 23], [11, 20, 12, 21], [13, 24, 14, 1]]"
12a_1144_18,"[[13, 24, 14, 1], [15, 7, 16, 6], [17, 5, 18, 4], [19, 2, 20, 3], [21, 10, 22, 11], [23, 14, 24, 15], [1, 12, 2, 13], [3, 9, 4, 8], [5, 17, 6, 16], [7, 19, 8, 18], [9, 22, 10, 23], [11, 20, 12, 21]]"
12a_1144_19,"[[11, 20, 12, 21], [13, 24, 14, 1], [15, 7, 16, 6], [17, 5, 18, 4], [19, 2, 20, 3], [21, 10, 22, 11], [23, 14, 24, 15], [1, 12, 2, 13], [3, 9, 4, 8], [5, 17, 6, 16], [7, 19, 8, 18], [9, 22, 10, 23]]"
12a_1144_20,"[[9, 22, 10, 23], [11, 20, 12, 21], [13, 24, 14, 1], [15, 7, 16, 6], [17, 5, 18, 4], [19, 2, 20, 3], [21, 10, 22, 11], [23, 14, 24, 15], [1, 12, 2, 13], [3, 9, 4, 8], [5, 17, 6, 16], [7, 19, 8, 18]]"
12a_1144_21,"[[7, 19, 8, 18], [9, 22, 10, 23], [11, 20, 12, 21], [13, 24, 14, 1], [15, 7, 16, 6], [17, 5, 18, 4], [19, 2, 20, 3], [21, 10, 22, 11], [23, 14, 24, 15], [1, 12, 2, 13], [3, 9, 4, 8], [5, 17, 6, 16]]"
12a_1144_22,"[[5, 17, 6, 16], [7, 19, 8, 18], [9, 22, 10, 23], [11, 20, 12, 21], [13, 24, 14, 1], [15, 7, 16, 6], [17, 5, 18, 4], [19, 2, 20, 3], [21, 10, 22, 11], [23, 14, 24, 15], [1, 12, 2, 13], [3, 9, 4, 8]]"
12a_1144_23,"[[3, 9, 4, 8], [5, 17, 6, 16], [7, 19, 8, 18], [9, 22, 10, 23], [11, 20, 12, 21], [13, 24, 14, 1], [15, 7, 16, 6], [17, 5, 18, 4], [19, 2, 20, 3], [21, 10, 22, 11], [23, 14, 24, 15], [1, 12, 2, 13]]"
12a_1144_24,"[[2, 13, 3, 14], [4, 10, 5, 9], [6, 18, 7, 17], [8, 20, 9, 19], [10, 23, 11, 24], [12, 21, 13, 22], [14, 1, 15, 2], [16, 8, 17, 7], [18, 6, 19, 5], [20, 3, 21, 4], [22, 11, 23, 12], [24, 15, 1, 16]]"
12a_1144_25,"[[24, 15, 1, 16], [2, 13, 3, 14], [4, 10, 5, 9], [6, 18, 7, 17], [8, 20, 9, 19], [10, 23, 11, 24], [12, 21, 13, 22], [14, 1, 15, 2], [16, 8, 17, 7], [18, 6, 19, 5], [20, 3, 21, 4], [22, 11, 23, 12]]"
12a_1144_26,"[[22, 11, 23, 12], [24, 15, 1, 16], [2, 13, 3, 14], [4, 10, 5, 9], [6, 18, 7, 17], [8, 20, 9, 19], [10, 23, 11, 24], [12, 21, 13, 22], [14, 1, 15, 2], [16, 8, 17, 7], [18, 6, 19, 5], [20, 3, 21, 4]]"
12a_1144_27,"[[20, 3, 21, 4], [22, 11, 23, 12], [24, 15, 1, 16], [2, 13, 3, 14], [4, 10, 5, 9], [6, 18, 7, 17], [8, 20, 9, 19], [10, 23, 11, 24], [12, 21, 13, 22], [14, 1, 15, 2], [16, 8, 17, 7], [18, 6, 19, 5]]"
12a_1144_28,"[[18, 6, 19, 5], [20, 3, 21, 4], [22, 11, 23, 12], [24, 15, 1, 16], [2, 13, 3, 14], [4, 10, 5, 9], [6, 18, 7, 17], [8, 20, 9, 19], [10, 23, 11, 24], [12, 21, 13, 22], [14, 1, 15, 2], [16, 8, 17, 7]]"
12a_1144_29,"[[16, 8, 17, 7], [18, 6, 19, 5], [20, 3, 21, 4], [22, 11, 23, 12], [24, 15, 1, 16], [2, 13, 3, 14], [4, 10, 5, 9], [6, 18, 7, 17], [8, 20, 9, 19], [10, 23, 11, 24], [12, 21, 13, 22], [14, 1, 15, 2]]"
12a_1144_30,"[[14, 1, 15, 2], [16, 8, 17, 7], [18, 6, 19, 5], [20, 3, 21, 4], [22, 11, 23, 12], [24, 15, 1, 16], [2, 13, 3, 14], [4, 10, 5, 9], [6, 18, 7, 17], [8, 20, 9, 19], [10, 23, 11, 24], [12, 21, 13, 22]]"
12a_1144_31,"[[12, 21, 13, 22], [14, 1, 15, 2], [16, 8, 17, 7], [18, 6, 19, 5], [20, 3, 21, 4], [22, 11, 23, 12], [24, 15, 1, 16], [2, 13, 3, 14], [4, 10, 5, 9], [6, 18, 7, 17], [8, 20, 9, 19], [10, 23, 11, 24]]"
12a_1144_32,"[[10, 23, 11, 24], [12, 21, 13, 22], [14, 1, 15, 2], [16, 8, 17, 7], [18, 6, 19, 5], [20, 3, 21, 4], [22, 11, 23, 12], [24, 15, 1, 16], [2, 13, 3, 14], [4, 10, 5, 9], [6, 18, 7, 17], [8, 20, 9, 19]]"
12a_1144_33,"[[8, 20, 9, 19], [10, 23, 11, 24], [12, 21, 13, 22], [14, 1, 15, 2], [16, 8, 17, 7], [18, 6, 19, 5], [20, 3, 21, 4], [22, 11, 23, 12], [24, 15, 1, 16], [2, 13, 3, 14], [4, 10, 5, 9], [6, 18, 7, 17]]"
12a_1144_34,"[[6, 18, 7, 17], [8, 20, 9, 19], [10, 23, 11, 24], [12, 21, 13, 22], [14, 1, 15, 2], [16, 8, 17, 7], [18, 6, 19, 5], [20, 3, 21, 4], [22, 11, 23, 12], [24, 15, 1, 16], [2, 13, 3, 14], [4, 10, 5, 9]]"
12a_1144_35,"[[4, 10, 5, 9], [6, 18, 7, 17], [8, 20, 9, 19], [10, 23, 11, 24], [12, 21, 13, 22], [14, 1, 15, 2], [16, 8, 17, 7], [18, 6, 19, 5], [20, 3, 21, 4], [22, 11, 23, 12], [24, 15, 1, 16], [2, 13, 3, 14]]"
12a_1144_36,"[[3, 14, 4, 15], [5, 11, 6, 10], [7, 19, 8, 18], [9, 21, 10, 20], [11, 24, 12, 1], [13, 22, 14, 23], [15, 2, 16, 3], [17, 9, 18, 8], [19, 7, 20, 6], [21, 4, 22, 5], [23, 12, 24, 13], [1, 16, 2, 17]]"
12a_1144_37,"[[1, 16, 2, 17], [3, 14, 4, 15], [5, 11, 6, 10], [7, 19, 8, 18], [9, 21, 10, 20], [11, 24, 12, 1], [13, 22, 14, 23], [15, 2, 16, 3], [17, 9, 18, 8], [19, 7, 20, 6], [21, 4, 22, 5], [23, 12, 24, 13]]"
12a_1144_38,"[[23, 12, 24, 13], [1, 16, 2, 17], [3, 14, 4, 15], [5, 11, 6, 10], [7, 19, 8, 18], [9, 21, 10, 20], [11, 24, 12, 1], [13, 22, 14, 23], [15, 2, 16, 3], [17, 9, 18, 8], [19, 7, 20, 6], [21, 4, 22, 5]]"
12a_1144_39,"[[21, 4, 22, 5], [23, 12, 24, 13], [1, 16, 2, 17], [3, 14, 4, 15], [5, 11, 6, 10], [7, 19, 8, 18], [9, 21, 10, 20], [11, 24, 12, 1], [13, 22, 14, 23], [15, 2, 16, 3], [17, 9, 18, 8], [19, 7, 20, 6]]"
12a_1144_40,"[[19, 7, 20, 6], [21, 4, 22, 5], [23, 12, 24, 13], [1, 16, 2, 17], [3, 14, 4, 15], [5, 11, 6, 10], [7, 19, 8, 18], [9, 21, 10, 20], [11, 24, 12, 1], [13, 22, 14, 23], [15, 2, 16, 3], [17, 9, 18, 8]]"
12a_1144_41,"[[17, 9, 18, 8], [19, 7, 20, 6], [21, 4, 22, 5], [23, 12, 24, 13], [1, 16, 2, 17], [3, 14, 4, 15], [5, 11, 6, 10], [7, 19, 8, 18], [9, 21, 10, 20], [11, 24, 12, 1], [13, 22, 14, 23], [15, 2, 16, 3]]"
12a_1144_42,"[[15, 2, 16, 3], [17, 9, 18, 8], [19, 7, 20, 6], [21, 4, 22, 5], [23, 12, 24, 13], [1, 16, 2, 17], [3, 14, 4, 15], [5, 11, 6, 10], [7, 19, 8, 18], [9, 21, 10, 20], [11, 24, 12, 1], [13, 22, 14, 23]]"
12a_1144_43,"[[13, 22, 14, 23], [15, 2, 16, 3], [17, 9, 18, 8], [19, 7, 20, 6], [21, 4, 22, 5], [23, 12, 24, 13], [1, 16, 2, 17], [3, 14, 4, 15], [5, 11, 6, 10], [7, 19, 8, 18], [9, 21, 10, 20], [11, 24, 12, 1]]"
12a_1144_44,"[[11, 24, 12, 1], [13, 22, 14, 23], [15, 2, 16, 3], [17, 9, 18, 8], [19, 7, 20, 6], [21, 4, 22, 5], [23, 12, 24, 13], [1, 16, 2, 17], [3, 14, 4, 15], [5, 11, 6, 10], [7, 19, 8, 18], [9, 21, 10, 20]]"
12a_1144_45,"[[9, 21, 10, 20], [11, 24, 12, 1], [13, 22, 14, 23], [15, 2, 16, 3], [17, 9, 18, 8], [19, 7, 20, 6], [21, 4, 22, 5], [23, 12, 24, 13], [1, 16, 2, 17], [3, 14, 4, 15], [5, 11, 6, 10], [7, 19, 8, 18]]"
12a_1144_46,"[[7, 19, 8, 18], [9, 21, 10, 20], [11, 24, 12, 1], [13, 22, 14, 23], [15, 2, 16, 3], [17, 9, 18, 8], [19, 7, 20, 6], [21, 4, 22, 5], [23, 12, 24, 13], [1, 16, 2, 17], [3, 14, 4, 15], [5, 11, 6, 10]]"
12a_1144_47,"[[5, 11, 6, 10], [7, 19, 8, 18], [9, 21, 10, 20], [11, 24, 12, 1], [13, 22, 14, 23], [15, 2, 16, 3], [17, 9, 18, 8], [19, 7, 20, 6], [21, 4, 22, 5], [23, 12, 24, 13], [1, 16, 2, 17], [3, 14, 4, 15]]"
12a_1144_48,"[[4, 15, 5, 16], [6, 12, 7, 11], [8, 20, 9, 19], [10, 22, 11, 21], [12, 1, 13, 2], [14, 23, 15, 24], [16, 3, 17, 4], [18, 10, 19, 9], [20, 8, 21, 7], [22, 5, 23, 6], [24, 13, 1, 14], [2, 17, 3, 18]]"
12a_1144_49,"[[2, 17, 3, 18], [4, 15, 5, 16], [6, 12, 7, 11], [8, 20, 9, 19], [10, 22, 11, 21], [12, 1, 13, 2], [14, 23, 15, 24], [16, 3, 17, 4], [18, 10, 19, 9], [20, 8, 21, 7], [22, 5, 23, 6], [24, 13, 1, 14]]"
12a_1144_50,"[[24, 13, 1, 14], [2, 17, 3, 18], [4, 15, 5, 16], [6, 12, 7, 11], [8, 20, 9, 19], [10, 22, 11, 21], [12, 1, 13, 2], [14, 23, 15, 24], [16, 3, 17, 4], [18, 10, 19, 9], [20, 8, 21, 7], [22, 5, 23, 6]]"
12a_1144_51,"[[22, 5, 23, 6], [24, 13, 1, 14], [2, 17, 3, 18], [4, 15, 5, 16], [6, 12, 7, 11], [8, 20, 9, 19], [10, 22, 11, 21], [12, 1, 13, 2], [14, 23, 15, 24], [16, 3, 17, 4], [18, 10, 19, 9], [20, 8, 21, 7]]"
12a_1144_52,"[[20, 8, 21, 7], [22, 5, 23, 6], [24, 13, 1, 14], [2, 17, 3, 18], [4, 15, 5, 16], [6, 12, 7, 11], [8, 20, 9, 19], [10, 22, 11, 21], [12, 1, 13, 2], [14, 23, 15, 24], [16, 3, 17, 4], [18, 10, 19, 9]]"
12a_1144_53,"[[18, 10, 19, 9], [20, 8, 21, 7], [22, 5, 23, 6], [24, 13, 1, 14], [2, 17, 3, 18], [4, 15, 5, 16], [6, 12, 7, 11], [8, 20, 9, 19], [10, 22, 11, 21], [12, 1, 13, 2], [14, 23, 15, 24], [16, 3, 17, 4]]"
12a_1144_54,"[[16, 3, 17, 4], [18, 10, 19, 9], [20, 8, 21, 7], [22, 5, 23, 6], [24, 13, 1, 14], [2, 17, 3, 18], [4, 15, 5, 16], [6, 12, 7, 11], [8, 20, 9, 19], [10, 22, 11, 21], [12, 1, 13, 2], [14, 23, 15, 24]]"
12a_1144_55,"[[14, 23, 15, 24], [16, 3, 17, 4], [18, 10, 19, 9], [20, 8, 21, 7], [22, 5, 23, 6], [24, 13, 1, 14], [2, 17, 3, 18], [4, 15, 5, 16], [6, 12, 7, 11], [8, 20, 9, 19], [10, 22, 11, 21], [12, 1, 13, 2]]"
12a_1144_56,"[[12, 1, 13, 2], [14, 23, 15, 24], [16, 3, 17, 4], [18, 10, 19, 9], [20, 8, 21, 7], [22, 5, 23, 6], [24, 13, 1, 14], [2, 17, 3, 18], [4, 15, 5, 16], [6, 12, 7, 11], [8, 20, 9, 19], [10, 22, 11, 21]]"
12a_1144_57,"[[10, 22, 11, 21], [12, 1, 13, 2], [14, 23, 15, 24], [16, 3, 17, 4], [18, 10, 19, 9], [20, 8, 21, 7], [22, 5, 23, 6], [24, 13, 1, 14], [2, 17, 3, 18], [4, 15, 5, 16], [6, 12, 7, 11], [8, 20, 9, 19]]"
12a_1144_58,"[[8, 20, 9, 19], [10, 22, 11, 21], [12, 1, 13, 2], [14, 23, 15, 24], [16, 3, 17, 4], [18, 10, 19, 9], [20, 8, 21, 7], [22, 5, 23, 6], [24, 13, 1, 14], [2, 17, 3, 18], [4, 15, 5, 16], [6, 12, 7, 11]]"
12a_1144_59,"[[6, 12, 7, 11], [8, 20, 9, 19], [10, 22, 11, 21], [12, 1, 13, 2], [14, 23, 15, 24], [16, 3, 17, 4], [18, 10, 19, 9], [20, 8, 21, 7], [22, 5, 23, 6], [24, 13, 1, 14], [2, 17, 3, 18], [4, 15, 5, 16]]"
12a_1144_60,"[[5, 16, 6, 17], [7, 13, 8, 12], [9, 21, 10, 20], [11, 23, 12, 22], [13, 2, 14, 3], [15, 24, 16, 1], [17, 4, 18, 5], [19, 11, 20, 10], [21, 9, 22, 8], [23, 6, 24, 7], [1, 14, 2, 15], [3, 18, 4, 19]]"
12a_1144_61,"[[3, 18, 4, 19], [5, 16, 6, 17], [7, 13, 8, 12], [9, 21, 10, 20], [11, 23, 12, 22], [13, 2, 14, 3], [15, 24, 16, 1], [17, 4, 18, 5], [19, 11, 20, 10], [21, 9, 22, 8], [23, 6, 24, 7], [1, 14, 2, 15]]"
12a_1144_62,"[[1, 14, 2, 15], [3, 18, 4, 19], [5, 16, 6, 17], [7, 13, 8, 12], [9, 21, 10, 20], [11, 23, 12, 22], [13, 2, 14, 3], [15, 24, 16, 1], [17, 4, 18, 5], [19, 11, 20, 10], [21, 9, 22, 8], [23, 6, 24, 7]]"
12a_1144_63,"[[23, 6, 24, 7], [1, 14, 2, 15], [3, 18, 4, 19], [5, 16, 6, 17], [7, 13, 8, 12], [9, 21, 10, 20], [11, 23, 12, 22], [13, 2, 14, 3], [15, 24, 16, 1], [17, 4, 18, 5], [19, 11, 20, 10], [21, 9, 22, 8]]"
12a_1144_64,"[[21, 9, 22, 8], [23, 6, 24, 7], [1, 14, 2, 15], [3, 18, 4, 19], [5, 16, 6, 17], [7, 13, 8, 12], [9, 21, 10, 20], [11, 23, 12, 22], [13, 2, 14, 3], [15, 24, 16, 1], [17, 4, 18, 5], [19, 11, 20, 10]]"
12a_1144_65,"[[19, 11, 20, 10], [21, 9, 22, 8], [23, 6, 24, 7], [1, 14, 2, 15], [3, 18, 4, 19], [5, 16, 6, 17], [7, 13, 8, 12], [9, 21, 10, 20], [11, 23, 12, 22], [13, 2, 14, 3], [15, 24, 16, 1], [17, 4, 18, 5]]"
12a_1144_66,"[[17, 4, 18, 5], [19, 11, 20, 10], [21, 9, 22, 8], [23, 6, 24, 7], [1, 14, 2, 15], [3, 18, 4, 19], [5, 16, 6, 17], [7, 13, 8, 12], [9, 21, 10, 20], [11, 23, 12, 22], [13, 2, 14, 3], [15, 24, 16, 1]]"
12a_1144_67,"[[15, 24, 16, 1], [17, 4, 18, 5], [19, 11, 20, 10], [21, 9, 22, 8], [23, 6, 24, 7], [1, 14, 2, 15], [3, 18, 4, 19], [5, 16, 6, 17], [7, 13, 8, 12], [9, 21, 10, 20], [11, 23, 12, 22], [13, 2, 14, 3]]"
12a_1144_68,"[[13, 2, 14, 3], [15, 24, 16, 1], [17, 4, 18, 5], [19, 11, 20, 10], [21, 9, 22, 8], [23, 6, 24, 7], [1, 14, 2, 15], [3, 18, 4, 19], [5, 16, 6, 17], [7, 13, 8, 12], [9, 21, 10, 20], [11, 23, 12, 22]]"
12a_1144_69,"[[11, 23, 12, 22], [13, 2, 14, 3], [15, 24, 16, 1], [17, 4, 18, 5], [19, 11, 20, 10], [21, 9, 22, 8], [23, 6, 24, 7], [1, 14, 2, 15], [3, 18, 4, 19], [5, 16, 6, 17], [7, 13, 8, 12], [9, 21, 10, 20]]"
12a_1144_70,"[[9, 21, 10, 20], [11, 23, 12, 22], [13, 2, 14, 3], [15, 24, 16, 1], [17, 4, 18, 5], [19, 11, 20, 10], [21, 9, 22, 8], [23, 6, 24, 7], [1, 14, 2, 15], [3, 18, 4, 19], [5, 16, 6, 17], [7, 13, 8, 12]]"
12a_1144_71,"[[7, 13, 8, 12], [9, 21, 10, 20], [11, 23, 12, 22], [13, 2, 14, 3], [15, 24, 16, 1], [17, 4, 18, 5], [19, 11, 20, 10], [21, 9, 22, 8], [23, 6, 24, 7], [1, 14, 2, 15], [3, 18, 4, 19], [5, 16, 6, 17]]"
12a_1144_72,"[[6, 17, 7, 18], [8, 14, 9, 13], [10, 22, 11, 21], [12, 24, 13, 23], [14, 3, 15, 4], [16, 1, 17, 2], [18, 5, 19, 6], [20, 12, 21, 11], [22, 10, 23, 9], [24, 7, 1, 8], [2, 15, 3, 16], [4, 19, 5, 20]]"
12a_1144_73,"[[4, 19, 5, 20], [6, 17, 7, 18], [8, 14, 9, 13], [10, 22, 11, 21], [12, 24, 13, 23], [14, 3, 15, 4], [16, 1, 17, 2], [18, 5, 19, 6], [20, 12, 21, 11], [22, 10, 23, 9], [24, 7, 1, 8], [2, 15, 3, 16]]"
12a_1144_74,"[[2, 15, 3, 16], [4, 19, 5, 20], [6, 17, 7, 18], [8, 14, 9, 13], [10, 22, 11, 21], [12, 24, 13, 23], [14, 3, 15, 4], [16, 1, 17, 2], [18, 5, 19, 6], [20, 12, 21, 11], [22, 10, 23, 9], [24, 7, 1, 8]]"
12a_1144_75,"[[24, 7, 1, 8], [2, 15, 3, 16], [4, 19, 5, 20], [6, 17, 7, 18], [8, 14, 9, 13], [10, 22, 11, 21], [12, 24, 13, 23], [14, 3, 15, 4], [16, 1, 17, 2], [18, 5, 19, 6], [20, 12, 21, 11], [22, 10, 23, 9]]"
12a_1144_76,"[[22, 10, 23, 9], [24, 7, 1, 8], [2, 15, 3, 16], [4, 19, 5, 20], [6, 17, 7, 18], [8, 14, 9, 13], [10, 22, 11, 21], [12, 24, 13, 23], [14, 3, 15, 4], [16, 1, 17, 2], [18, 5, 19, 6], [20, 12, 21, 11]]"
12a_1144_77,"[[20, 12, 21, 11], [22, 10, 23, 9], [24, 7, 1, 8], [2, 15, 3, 16], [4, 19, 5, 20], [6, 17, 7, 18], [8, 14, 9, 13], [10, 22, 11, 21], [12, 24, 13, 23], [14, 3, 15, 4], [16, 1, 17, 2], [18, 5, 19, 6]]"
12a_1144_78,"[[18, 5, 19, 6], [20, 12, 21, 11], [22, 10, 23, 9], [24, 7, 1, 8], [2, 15, 3, 16], [4, 19, 5, 20], [6, 17, 7, 18], [8, 14, 9, 13], [10, 22, 11, 21], [12, 24, 13, 23], [14, 3, 15, 4], [16, 1, 17, 2]]"
12a_1144_79,"[[16, 1, 17, 2], [18, 5, 19, 6], [20, 12, 21, 11], [22, 10, 23, 9], [24, 7, 1, 8], [2, 15, 3, 16], [4, 19, 5, 20], [6, 17, 7, 18], [8, 14, 9, 13], [10, 22, 11, 21], [12, 24, 13, 23], [14, 3, 15, 4]]"
12a_1144_80,"[[14, 3, 15, 4], [16, 1, 17, 2], [18, 5, 19, 6], [20, 12, 21, 11], [22, 10, 23, 9], [24, 7, 1, 8], [2, 15, 3, 16], [4, 19, 5, 20], [6, 17, 7, 18], [8, 14, 9, 13], [10, 22, 11, 21], [12, 24, 13, 23]]"
12a_1144_81,"[[12, 24, 13, 23], [14, 3, 15, 4], [16, 1, 17, 2], [18, 5, 19, 6], [20, 12, 21, 11], [22, 10, 23, 9], [24, 7, 1, 8], [2, 15, 3, 16], [4, 19, 5, 20], [6, 17, 7, 18], [8, 14, 9, 13], [10, 22, 11, 21]]"
12a_1144_82,"[[10, 22, 11, 21], [12, 24, 13, 23], [14, 3, 15, 4], [16, 1, 17, 2], [18, 5, 19, 6], [20, 12, 21, 11], [22, 10, 23, 9], [24, 7, 1, 8], [2, 15, 3, 16], [4, 19, 5, 20], [6, 17, 7, 18], [8, 14, 9, 13]]"
12a_1144_83,"[[8, 14, 9, 13], [10, 22, 11, 21], [12, 24, 13, 23], [14, 3, 15, 4], [16, 1, 17, 2], [18, 5, 19, 6], [20, 12, 21, 11], [22, 10, 23, 9], [24, 7, 1, 8], [2, 15, 3, 16], [4, 19, 5, 20], [6, 17, 7, 18]]"
12a_1144_84,"[[7, 18, 8, 19], [9, 15, 10, 14], [11, 23, 12, 22], [13, 1, 14, 24], [15, 4, 16, 5], [17, 2, 18, 3], [19, 6, 20, 7], [21, 13, 22, 12], [23, 11, 24, 10], [1, 8, 2, 9], [3, 16, 4, 17], [5, 20, 6, 21]]"
12a_1144_85,"[[5, 20, 6, 21], [7, 18, 8, 19], [9, 15, 10, 14], [11, 23, 12, 22], [13, 1, 14, 24], [15, 4, 16, 5], [17, 2, 18, 3], [19, 6, 20, 7], [21, 13, 22, 12], [23, 11, 24, 10], [1, 8, 2, 9], [3, 16, 4, 17]]"
12a_1144_86,"[[3, 16, 4, 17], [5, 20, 6, 21], [7, 18, 8, 19], [9, 15, 10, 14], [11, 23, 12, 22], [13, 1, 14, 24], [15, 4, 16, 5], [17, 2, 18, 3], [19, 6, 20, 7], [21, 13, 22, 12], [23, 11, 24, 10], [1, 8, 2, 9]]"
12a_1144_87,"[[1, 8, 2, 9], [3, 16, 4, 17], [5, 20, 6, 21], [7, 18, 8, 19], [9, 15, 10, 14], [11, 23, 12, 22], [13, 1, 14, 24], [15, 4, 16, 5], [17, 2, 18, 3], [19, 6, 20, 7], [21, 13, 22, 12], [23, 11, 24, 10]]"
12a_1144_88,"[[23, 11, 24, 10], [1, 8, 2, 9], [3, 16, 4, 17], [5, 20, 6, 21], [7, 18, 8, 19], [9, 15, 10, 14], [11, 23, 12, 22], [13, 1, 14, 24], [15, 4, 16, 5], [17, 2, 18, 3], [19, 6, 20, 7], [21, 13, 22, 12]]"
12a_1144_89,"[[21, 13, 22, 12], [23, 11, 24, 10], [1, 8, 2, 9], [3, 16, 4, 17], [5, 20, 6, 21], [7, 18, 8, 19], [9, 15, 10, 14], [11, 23, 12, 22], [13, 1, 14, 24], [15, 4, 16, 5], [17, 2, 18, 3], [19, 6, 20, 7]]"
12a_1144_90,"[[19, 6, 20, 7], [21, 13, 22, 12], [23, 11, 24, 10], [1, 8, 2, 9], [3, 16, 4, 17], [5, 20, 6, 21], [7, 18, 8, 19], [9, 15, 10, 14], [11, 23, 12, 22], [13, 1, 14, 24], [15, 4, 16, 5], [17, 2, 18, 3]]"
12a_1144_91,"[[17, 2, 18, 3], [19, 6, 20, 7], [21, 13, 22, 12], [23, 11, 24, 10], [1, 8, 2, 9], [3, 16, 4, 17], [5, 20, 6, 21], [7, 18, 8, 19], [9, 15, 10, 14], [11, 23, 12, 22], [13, 1, 14, 24], [15, 4, 16, 5]]"
12a_1144_92,"[[15, 4, 16, 5], [17, 2, 18, 3], [19, 6, 20, 7], [21, 13, 22, 12], [23, 11, 24, 10], [1, 8, 2, 9], [3, 16, 4, 17], [5, 20, 6, 21], [7, 18, 8, 19], [9, 15, 10, 14], [11, 23, 12, 22], [13, 1, 14, 24]]"
12a_1144_93,"[[13, 1, 14, 24], [15, 4, 16, 5], [17, 2, 18, 3], [19, 6, 20, 7], [21, 13, 22, 12], [23, 11, 24, 10], [1, 8, 2, 9], [3, 16, 4, 17], [5, 20, 6, 21], [7, 18, 8, 19], [9, 15, 10, 14], [11, 23, 12, 22]]"
12a_1144_94,"[[11, 23, 12, 22], [13, 1, 14, 24], [15, 4, 16, 5], [17, 2, 18, 3], [19, 6, 20, 7], [21, 13, 22, 12], [23, 11, 24, 10], [1, 8, 2, 9], [3, 16, 4, 17], [5, 20, 6, 21], [7, 18, 8, 19], [9, 15, 10, 14]]"
12a_1144_95,"[[9, 15, 10, 14], [11, 23, 12, 22], [13, 1, 14, 24], [15, 4, 16, 5], [17, 2, 18, 3], [19, 6, 20, 7], [21, 13, 22, 12], [23, 11, 24, 10], [1, 8, 2, 9], [3, 16, 4, 17], [5, 20, 6, 21], [7, 18, 8, 19]]"
12a_1144_96,"[[8, 19, 9, 20], [10, 16, 11, 15], [12, 24, 13, 23], [14, 2, 15, 1], [16, 5, 17, 6], [18, 3, 19, 4], [20, 7, 21, 8], [22, 14, 23, 13], [24, 12, 1, 11], [2, 9, 3, 10], [4, 17, 5, 18], [6, 21, 7, 22]]"
12a_1144_97,"[[6, 21, 7, 22], [8, 19, 9, 20], [10, 16, 11, 15], [12, 24, 13, 23], [14, 2, 15, 1], [16, 5, 17, 6], [18, 3, 19, 4], [20, 7, 21, 8], [22, 14, 23, 13], [24, 12, 1, 11], [2, 9, 3, 10], [4, 17, 5, 18]]"
12a_1144_98,"[[4, 17, 5, 18], [6, 21, 7, 22], [8, 19, 9, 20], [10, 16, 11, 15], [12, 24, 13, 23], [14, 2, 15, 1], [16, 5, 17, 6], [18, 3, 19, 4], [20, 7, 21, 8], [22, 14, 23, 13], [24, 12, 1, 11], [2, 9, 3, 10]]"
12a_1144_99,"[[2, 9, 3, 10], [4, 17, 5, 18], [6, 21, 7, 22], [8, 19, 9, 20], [10, 16, 11, 15], [12, 24, 13, 23], [14, 2, 15, 1], [16, 5, 17, 6], [18, 3, 19, 4], [20, 7, 21, 8], [22, 14, 23, 13], [24, 12, 1, 11]]"
12a_1144_100,"[[24, 12, 1, 11], [2, 9, 3, 10], [4, 17, 5, 18], [6, 21, 7, 22], [8, 19, 9, 20], [10, 16, 11, 15], [12, 24, 13, 23], [14, 2, 15, 1], [16, 5, 17, 6], [18, 3, 19, 4], [20, 7, 21, 8], [22, 14, 23, 13]]"
12a_1144_101,"[[22, 14, 23, 13], [24, 12, 1, 11], [2, 9, 3, 10], [4, 17, 5, 18], [6, 21, 7, 22], [8, 19, 9, 20], [10, 16, 11, 15], [12, 24, 13, 23], [14, 2, 15, 1], [16, 5, 17, 6], [18, 3, 19, 4], [20, 7, 21, 8]]"
12a_1144_102,"[[20, 7, 21, 8], [22, 14, 23, 13], [24, 12, 1, 11], [2, 9, 3, 10], [4, 17, 5, 18], [6, 21, 7, 22], [8, 19, 9, 20], [10, 16, 11, 15], [12, 24, 13, 23], [14, 2, 15, 1], [16, 5, 17, 6], [18, 3, 19, 4]]"
12a_1144_103,"[[18, 3, 19, 4], [20, 7, 21, 8], [22, 14, 23, 13], [24, 12, 1, 11], [2, 9, 3, 10], [4, 17, 5, 18], [6, 21, 7, 22], [8, 19, 9, 20], [10, 16, 11, 15], [12, 24, 13, 23], [14, 2, 15, 1], [16, 5, 17, 6]]"
12a_1144_104,"[[16, 5, 17, 6], [18, 3, 19, 4], [20, 7, 21, 8], [22, 14, 23, 13], [24, 12, 1, 11], [2, 9, 3, 10], [4, 17, 5, 18], [6, 21, 7, 22], [8, 19, 9, 20], [10, 16, 11, 15], [12, 24, 13, 23], [14, 2, 15, 1]]"
12a_1144_105,"[[14, 2, 15, 1], [16, 5, 17, 6], [18, 3, 19, 4], [20, 7, 21, 8], [22, 14, 23, 13], [24, 12, 1, 11], [2, 9, 3, 10], [4, 17, 5, 18], [6, 21, 7, 22], [8, 19, 9, 20], [10, 16, 11, 15], [12, 24, 13, 23]]"
12a_1144_106,"[[12, 24, 13, 23], [14, 2, 15, 1], [16, 5, 17, 6], [18, 3, 19, 4], [20, 7, 21, 8], [22, 14, 23, 13], [24, 12, 1, 11], [2, 9, 3, 10], [4, 17, 5, 18], [6, 21, 7, 22], [8, 19, 9, 20], [10, 16, 11, 15]]"
12a_1144_107,"[[10, 16, 11, 15], [12, 24, 13, 23], [14, 2, 15, 1], [16, 5, 17, 6], [18, 3, 19, 4], [20, 7, 21, 8], [22, 14, 23, 13], [24, 12, 1, 11], [2, 9, 3, 10], [4, 17, 5, 18], [6, 21, 7, 22], [8, 19, 9, 20]]"
12a_1144_108,"[[9, 20, 10, 21], [11, 17, 12, 16], [13, 1, 14, 24], [15, 3, 16, 2], [17, 6, 18, 7], [19, 4, 20, 5], [21, 8, 22, 9], [23, 15, 24, 14], [1, 13, 2, 12], [3, 10, 4, 11], [5, 18, 6, 19], [7, 22, 8, 23]]"
12a_1144_109,"[[7, 22, 8, 23], [9, 20, 10, 21], [11, 17, 12, 16], [13, 1, 14, 24], [15, 3, 16, 2], [17, 6, 18, 7], [19, 4, 20, 5], [21, 8, 22, 9], [23, 15, 24, 14], [1, 13, 2, 12], [3, 10, 4, 11], [5, 18, 6, 19]]"
12a_1144_110,"[[5, 18, 6, 19], [7, 22, 8, 23], [9, 20, 10, 21], [11, 17, 12, 16], [13, 1, 14, 24], [15, 3, 16, 2], [17, 6, 18, 7], [19, 4, 20, 5], [21, 8, 22, 9], [23, 15, 24, 14], [1, 13, 2, 12], [3, 10, 4, 11]]"
12a_1144_111,"[[3, 10, 4, 11], [5, 18, 6, 19], [7, 22, 8, 23], [9, 20, 10, 21], [11, 17, 12, 16], [13, 1, 14, 24], [15, 3, 16, 2], [17, 6, 18, 7], [19, 4, 20, 5], [21, 8, 22, 9], [23, 15, 24, 14], [1, 13, 2, 12]]"
12a_1144_112,"[[1, 13, 2, 12], [3, 10, 4, 11], [5, 18, 6, 19], [7, 22, 8, 23], [9, 20, 10, 21], [11, 17, 12, 16], [13, 1, 14, 24], [15, 3, 16, 2], [17, 6, 18, 7], [19, 4, 20, 5], [21, 8, 22, 9], [23, 15, 24, 14]]"
12a_1144_113,"[[23, 15, 24, 14], [1, 13, 2, 12], [3, 10, 4, 11], [5, 18, 6, 19], [7, 22, 8, 23], [9, 20, 10, 21], [11, 17, 12, 16], [13, 1, 14, 24], [15, 3, 16, 2], [17, 6, 18, 7], [19, 4, 20, 5], [21, 8, 22, 9]]"
12a_1144_114,"[[21, 8, 22, 9], [23, 15, 24, 14], [1, 13, 2, 12], [3, 10, 4, 11], [5, 18, 6, 19], [7, 22, 8, 23], [9, 20, 10, 21], [11, 17, 12, 16], [13, 1, 14, 24], [15, 3, 16, 2], [17, 6, 18, 7], [19, 4, 20, 5]]"
12a_1144_115,"[[19, 4, 20, 5], [21, 8, 22, 9], [23, 15, 24, 14], [1, 13, 2, 12], [3, 10, 4, 11], [5, 18, 6, 19], [7, 22, 8, 23], [9, 20, 10, 21], [11, 17, 12, 16], [13, 1, 14, 24], [15, 3, 16, 2], [17, 6, 18, 7]]"
12a_1144_116,"[[17, 6, 18, 7], [19, 4, 20, 5], [21, 8, 22, 9], [23, 15, 24, 14], [1, 13, 2, 12], [3, 10, 4, 11], [5, 18, 6, 19], [7, 22, 8, 23], [9, 20, 10, 21], [11, 17, 12, 16], [13, 1, 14, 24], [15, 3, 16, 2]]"
12a_1144_117,"[[15, 3, 16, 2], [17, 6, 18, 7], [19, 4, 20, 5], [21, 8, 22, 9], [23, 15, 24, 14], [1, 13, 2, 12], [3, 10, 4, 11], [5, 18, 6, 19], [7, 22, 8, 23], [9, 20, 10, 21], [11, 17, 12, 16], [13, 1, 14, 24]]"
12a_1144_118,"[[13, 1, 14, 24], [15, 3, 16, 2], [17, 6, 18, 7], [19, 4, 20, 5], [21, 8, 22, 9], [23, 15, 24, 14], [1, 13, 2, 12], [3, 10, 4, 11], [5, 18, 6, 19], [7, 22, 8, 23], [9, 20, 10, 21], [11, 17, 12, 16]]"
12a_1144_119,"[[11, 17, 12, 16], [13, 1, 14, 24], [15, 3, 16, 2], [17, 6, 18, 7], [19, 4, 20, 5], [21, 8, 22, 9], [23, 15, 24, 14], [1, 13, 2, 12], [3, 10, 4, 11], [5, 18, 6, 19], [7, 22, 8, 23], [9, 20, 10, 21]]"
12a_1144_120,"[[10, 21, 11, 22], [12, 18, 13, 17], [14, 2, 15, 1], [16, 4, 17, 3], [18, 7, 19, 8], [20, 5, 21, 6], [22, 9, 23, 10], [24, 16, 1, 15], [2, 14, 3, 13], [4, 11, 5, 12], [6, 19, 7, 20], [8, 23, 9, 24]]"
12a_1144_121,"[[8, 23, 9, 24], [10, 21, 11, 22], [12, 18, 13, 17], [14, 2, 15, 1], [16, 4, 17, 3], [18, 7, 19, 8], [20, 5, 21, 6], [22, 9, 23, 10], [24, 16, 1, 15], [2, 14, 3, 13], [4, 11, 5, 12], [6, 19, 7, 20]]"
12a_1144_122,"[[6, 19, 7, 20], [8, 23, 9, 24], [10, 21, 11, 22], [12, 18, 13, 17], [14, 2, 15, 1], [16, 4, 17, 3], [18, 7, 19, 8], [20, 5, 21, 6], [22, 9, 23, 10], [24, 16, 1, 15], [2, 14, 3, 13], [4, 11, 5, 12]]"
12a_1144_123,"[[4, 11, 5, 12], [6, 19, 7, 20], [8, 23, 9, 24], [10, 21, 11, 22], [12, 18, 13, 17], [14, 2, 15, 1], [16, 4, 17, 3], [18, 7, 19, 8], [20, 5, 21, 6], [22, 9, 23, 10], [24, 16, 1, 15], [2, 14, 3, 13]]"
12a_1144_124,"[[2, 14, 3, 13], [4, 11, 5, 12], [6, 19, 7, 20], [8, 23, 9, 24], [10, 21, 11, 22], [12, 18, 13, 17], [14, 2, 15, 1], [16, 4, 17, 3], [18, 7, 19, 8], [20, 5, 21, 6], [22, 9, 23, 10], [24, 16, 1, 15]]"
12a_1144_125,"[[24, 16, 1, 15], [2, 14, 3, 13], [4, 11, 5, 12], [6, 19, 7, 20], [8, 23, 9, 24], [10, 21, 11, 22], [12, 18, 13, 17], [14, 2, 15, 1], [16, 4, 17, 3], [18, 7, 19, 8], [20, 5, 21, 6], [22, 9, 23, 10]]"
12a_1144_126,"[[22, 9, 23, 10], [24, 16, 1, 15], [2, 14, 3, 13], [4, 11, 5, 12], [6, 19, 7, 20], [8, 23, 9, 24], [10, 21, 11, 22], [12, 18, 13, 17], [14, 2, 15, 1], [16, 4, 17, 3], [18, 7, 19, 8], [20, 5, 21, 6]]"
12a_1144_127,"[[20, 5, 21, 6], [22, 9, 23, 10], [24, 16, 1, 15], [2, 14, 3, 13], [4, 11, 5, 12], [6, 19, 7, 20], [8, 23, 9, 24], [10, 21, 11, 22], [12, 18, 13, 17], [14, 2, 15, 1], [16, 4, 17, 3], [18, 7, 19, 8]]"
12a_1144_128,"[[18, 7, 19, 8], [20, 5, 21, 6], [22, 9, 23, 10], [24, 16, 1, 15], [2, 14, 3, 13], [4, 11, 5, 12], [6, 19, 7, 20], [8, 23, 9, 24], [10, 21, 11, 22], [12, 18, 13, 17], [14, 2, 15, 1], [16, 4, 17, 3]]"
12a_1144_129,"[[16, 4, 17, 3], [18, 7, 19, 8], [20, 5, 21, 6], [22, 9, 23, 10], [24, 16, 1, 15], [2, 14, 3, 13], [4, 11, 5, 12], [6, 19, 7, 20], [8, 23, 9, 24], [10, 21, 11, 22], [12, 18, 13, 17], [14, 2, 15, 1]]"
12a_1144_130,"[[14, 2, 15, 1], [16, 4, 17, 3], [18, 7, 19, 8], [20, 5, 21, 6], [22, 9, 23, 10], [24, 16, 1, 15], [2, 14, 3, 13], [4, 11, 5, 12], [6, 19, 7, 20], [8, 23, 9, 24], [10, 21, 11, 22], [12, 18, 13, 17]]"
12a_1144_131,"[[12, 18, 13, 17], [14, 2, 15, 1], [16, 4, 17, 3], [18, 7, 19, 8], [20, 5, 21, 6], [22, 9, 23, 10], [24, 16, 1, 15], [2, 14, 3, 13], [4, 11, 5, 12], [6, 19, 7, 20], [8, 23, 9, 24], [10, 21, 11, 22]]"
12a_1144_132,"[[11, 22, 12, 23], [13, 19, 14, 18], [15, 3, 16, 2], [17, 5, 18, 4], [19, 8, 20, 9], [21, 6, 22, 7], [23, 10, 24, 11], [1, 17, 2, 16], [3, 15, 4, 14], [5, 12, 6, 13], [7, 20, 8, 21], [9, 24, 10, 1]]"
12a_1144_133,"[[9, 24, 10, 1], [11, 22, 12, 23], [13, 19, 14, 18], [15, 3, 16, 2], [17, 5, 18, 4], [19, 8, 20, 9], [21, 6, 22, 7], [23, 10, 24, 11], [1, 17, 2, 16], [3, 15, 4, 14], [5, 12, 6, 13], [7, 20, 8, 21]]"
12a_1144_134,"[[7, 20, 8, 21], [9, 24, 10, 1], [11, 22, 12, 23], [13, 19, 14, 18], [15, 3, 16, 2], [17, 5, 18, 4], [19, 8, 20, 9], [21, 6, 22, 7], [23, 10, 24, 11], [1, 17, 2, 16], [3, 15, 4, 14], [5, 12, 6, 13]]"
12a_1144_135,"[[5, 12, 6, 13], [7, 20, 8, 21], [9, 24, 10, 1], [11, 22, 12, 23], [13, 19, 14, 18], [15, 3, 16, 2], [17, 5, 18, 4], [19, 8, 20, 9], [21, 6, 22, 7], [23, 10, 24, 11], [1, 17, 2, 16], [3, 15, 4, 14]]"
12a_1144_136,"[[3, 15, 4, 14], [5, 12, 6, 13], [7, 20, 8, 21], [9, 24, 10, 1], [11, 22, 12, 23], [13, 19, 14, 18], [15, 3, 16, 2], [17, 5, 18, 4], [19, 8, 20, 9], [21, 6, 22, 7], [23, 10, 24, 11], [1, 17, 2, 16]]"
12a_1144_137,"[[1, 17, 2, 16], [3, 15, 4, 14], [5, 12, 6, 13], [7, 20, 8, 21], [9, 24, 10, 1], [11, 22, 12, 23], [13, 19, 14, 18], [15, 3, 16, 2], [17, 5, 18, 4], [19, 8, 20, 9], [21, 6, 22, 7], [23, 10, 24, 11]]"
12a_1144_138,"[[23, 10, 24, 11], [1, 17, 2, 16], [3, 15, 4, 14], [5, 12, 6, 13], [7, 20, 8, 21], [9, 24, 10, 1], [11, 22, 12, 23], [13, 19, 14, 18], [15, 3, 16, 2], [17, 5, 18, 4], [19, 8, 20, 9], [21, 6, 22, 7]]"
12a_1144_139,"[[21, 6, 22, 7], [23, 10, 24, 11], [1, 17, 2, 16], [3, 15, 4, 14], [5, 12, 6, 13], [7, 20, 8, 21], [9, 24, 10, 1], [11, 22, 12, 23], [13, 19, 14, 18], [15, 3, 16, 2], [17, 5, 18, 4], [19, 8, 20, 9]]"
12a_1144_140,"[[19, 8, 20, 9], [21, 6, 22, 7], [23, 10, 24, 11], [1, 17, 2, 16], [3, 15, 4, 14], [5, 12, 6, 13], [7, 20, 8, 21], [9, 24, 10, 1], [11, 22, 12, 23], [13, 19, 14, 18], [15, 3, 16, 2], [17, 5, 18, 4]]"
12a_1144_141,"[[17, 5, 18, 4], [19, 8, 20, 9], [21, 6, 22, 7], [23, 10, 24, 11], [1, 17, 2, 16], [3, 15, 4, 14], [5, 12, 6, 13], [7, 20, 8, 21], [9, 24, 10, 1], [11, 22, 12, 23], [13, 19, 14, 18], [15, 3, 16, 2]]"
12a_1144_142,"[[15, 3, 16, 2], [17, 5, 18, 4], [19, 8, 20, 9], [21, 6, 22, 7], [23, 10, 24, 11], [1, 17, 2, 16], [3, 15, 4, 14], [5, 12, 6, 13], [7, 20, 8, 21], [9, 24, 10, 1], [11, 22, 12, 23], [13, 19, 14, 18]]"
12a_1144_143,"[[13, 19, 14, 18], [15, 3, 16, 2], [17, 5, 18, 4], [19, 8, 20, 9], [21, 6, 22, 7], [23, 10, 24, 11], [1, 17, 2, 16], [3, 15, 4, 14], [5, 12, 6, 13], [7, 20, 8, 21], [9, 24, 10, 1], [11, 22, 12, 23]]"
12a_1144_144,"[[12, 23, 13, 24], [14, 20, 15, 19], [16, 4, 17, 3], [18, 6, 19, 5], [20, 9, 21, 10], [22, 7, 23, 8], [24, 11, 1, 12], [2, 18, 3, 17], [4, 16, 5, 15], [6, 13, 7, 14], [8, 21, 9, 22], [10, 1, 11, 2]]"
12a_1144_145,"[[10, 1, 11, 2], [12, 23, 13, 24], [14, 20, 15, 19], [16, 4, 17, 3], [18, 6, 19, 5], [20, 9, 21, 10], [22, 7, 23, 8], [24, 11, 1, 12], [2, 18, 3, 17], [4, 16, 5, 15], [6, 13, 7, 14], [8, 21, 9, 22]]"
12a_1144_146,"[[8, 21, 9, 22], [10, 1, 11, 2], [12, 23, 13, 24], [14, 20, 15, 19], [16, 4, 17, 3], [18, 6, 19, 5], [20, 9, 21, 10], [22, 7, 23, 8], [24, 11, 1, 12], [2, 18, 3, 17], [4, 16, 5, 15], [6, 13, 7, 14]]"
12a_1144_147,"[[6, 13, 7, 14], [8, 21, 9, 22], [10, 1, 11, 2], [12, 23, 13, 24], [14, 20, 15, 19], [16, 4, 17, 3], [18, 6, 19, 5], [20, 9, 21, 10], [22, 7, 23, 8], [24, 11, 1, 12], [2, 18, 3, 17], [4, 16, 5, 15]]"
12a_1144_148,"[[4, 16, 5, 15], [6, 13, 7, 14], [8, 21, 9, 22], [10, 1, 11, 2], [12, 23, 13, 24], [14, 20, 15, 19], [16, 4, 17, 3], [18, 6, 19, 5], [20, 9, 21, 10], [22, 7, 23, 8], [24, 11, 1, 12], [2, 18, 3, 17]]"
12a_1144_149,"[[2, 18, 3, 17], [4, 16, 5, 15], [6, 13, 7, 14], [8, 21, 9, 22], [10, 1, 11, 2], [12, 23, 13, 24], [14, 20, 15, 19], [16, 4, 17, 3], [18, 6, 19, 5], [20, 9, 21, 10], [22, 7, 23, 8], [24, 11, 1, 12]]"
12a_1144_150,"[[24, 11, 1, 12], [2, 18, 3, 17], [4, 16, 5, 15], [6, 13, 7, 14], [8, 21, 9, 22], [10, 1, 11, 2], [12, 23, 13, 24], [14, 20, 15, 19], [16, 4, 17, 3], [18, 6, 19, 5], [20, 9, 21, 10], [22, 7, 23, 8]]"
12a_1144_151,"[[22, 7, 23, 8], [24, 11, 1, 12], [2, 18, 3, 17], [4, 16, 5, 15], [6, 13, 7, 14], [8, 21, 9, 22], [10, 1, 11, 2], [12, 23, 13, 24], [14, 20, 15, 19], [16, 4, 17, 3], [18, 6, 19, 5], [20, 9, 21, 10]]"
12a_1144_152,"[[20, 9, 21, 10], [22, 7, 23, 8], [24, 11, 1, 12], [2, 18, 3, 17], [4, 16, 5, 15], [6, 13, 7, 14], [8, 21, 9, 22], [10, 1, 11, 2], [12, 23, 13, 24], [14, 20, 15, 19], [16, 4, 17, 3], [18, 6, 19, 5]]"
12a_1144_153,"[[18, 6, 19, 5], [20, 9, 21, 10], [22, 7, 23, 8], [24, 11, 1, 12], [2, 18, 3, 17], [4, 16, 5, 15], [6, 13, 7, 14], [8, 21, 9, 22], [10, 1, 11, 2], [12, 23, 13, 24], [14, 20, 15, 19], [16, 4, 17, 3]]"
12a_1144_154,"[[16, 4, 17, 3], [18, 6, 19, 5], [20, 9, 21, 10], [22, 7, 23, 8], [24, 11, 1, 12], [2, 18, 3, 17], [4, 16, 5, 15], [6, 13, 7, 14], [8, 21, 9, 22], [10, 1, 11, 2], [12, 23, 13, 24], [14, 20, 15, 19]]"
12a_1144_155,"[[14, 20, 15, 19], [16, 4, 17, 3], [18, 6, 19, 5], [20, 9, 21, 10], [22, 7, 23, 8], [24, 11, 1, 12], [2, 18, 3, 17], [4, 16, 5, 15], [6, 13, 7, 14], [8, 21, 9, 22], [10, 1, 11, 2], [12, 23, 13, 24]]"
12a_1144_156,"[[13, 24, 14, 1], [15, 21, 16, 20], [17, 5, 18, 4], [19, 7, 20, 6], [21, 10, 22, 11], [23, 8, 24, 9], [1, 12, 2, 13], [3, 19, 4, 18], [5, 17, 6, 16], [7, 14, 8, 15], [9, 22, 10, 23], [11, 2, 12, 3]]"
12a_1144_157,"[[11, 2, 12, 3], [13, 24, 14, 1], [15, 21, 16, 20], [17, 5, 18, 4], [19, 7, 20, 6], [21, 10, 22, 11], [23, 8, 24, 9], [1, 12, 2, 13], [3, 19, 4, 18], [5, 17, 6, 16], [7, 14, 8, 15], [9, 22, 10, 23]]"
12a_1144_158,"[[9, 22, 10, 23], [11, 2, 12, 3], [13, 24, 14, 1], [15, 21, 16, 20], [17, 5, 18, 4], [19, 7, 20, 6], [21, 10, 22, 11], [23, 8, 24, 9], [1, 12, 2, 13], [3, 19, 4, 18], [5, 17, 6, 16], [7, 14, 8, 15]]"
12a_1144_159,"[[7, 14, 8, 15], [9, 22, 10, 23], [11, 2, 12, 3], [13, 24, 14, 1], [15, 21, 16, 20], [17, 5, 18, 4], [19, 7, 20, 6], [21, 10, 22, 11], [23, 8, 24, 9], [1, 12, 2, 13], [3, 19, 4, 18], [5, 17, 6, 16]]"
12a_1144_160,"[[5, 17, 6, 16], [7, 14, 8, 15], [9, 22, 10, 23], [11, 2, 12, 3], [13, 24, 14, 1], [15, 21, 16, 20], [17, 5, 18, 4], [19, 7, 20, 6], [21, 10, 22, 11], [23, 8, 24, 9], [1, 12, 2, 13], [3, 19, 4, 18]]"
12a_1144_161,"[[3, 19, 4, 18], [5, 17, 6, 16], [7, 14, 8, 15], [9, 22, 10, 23], [11, 2, 12, 3], [13, 24, 14, 1], [15, 21, 16, 20], [17, 5, 18, 4], [19, 7, 20, 6], [21, 10, 22, 11], [23, 8, 24, 9], [1, 12, 2, 13]]"
12a_1144_162,"[[1, 12, 2, 13], [3, 19, 4, 18], [5, 17, 6, 16], [7, 14, 8, 15], [9, 22, 10, 23], [11, 2, 12, 3], [13, 24, 14, 1], [15, 21, 16, 20], [17, 5, 18, 4], [19, 7, 20, 6], [21, 10, 22, 11], [23, 8, 24, 9]]"
12a_1144_163,"[[23, 8, 24, 9], [1, 12, 2, 13], [3, 19, 4, 18], [5, 17, 6, 16], [7, 14, 8, 15], [9, 22, 10, 23], [11, 2, 12, 3], [13, 24, 14, 1], [15, 21, 16, 20], [17, 5, 18, 4], [19, 7, 20, 6], [21, 10, 22, 11]]"
12a_1144_164,"[[21, 10, 22, 11], [23, 8, 24, 9], [1, 12, 2, 13], [3, 19, 4, 18], [5, 17, 6, 16], [7, 14, 8, 15], [9, 22, 10, 23], [11, 2, 12, 3], [13, 24, 14, 1], [15, 21, 16, 20], [17, 5, 18, 4], [19, 7, 20, 6]]"
12a_1144_165,"[[19, 7, 20, 6], [21, 10, 22, 11], [23, 8, 24, 9], [1, 12, 2, 13], [3, 19, 4, 18], [5, 17, 6, 16], [7, 14, 8, 15], [9, 22, 10, 23], [11, 2, 12, 3], [13, 24, 14, 1], [15, 21, 16, 20], [17, 5, 18, 4]]"
12a_1144_166,"[[17, 5, 18, 4], [19, 7, 20, 6], [21, 10, 22, 11], [23, 8, 24, 9], [1, 12, 2, 13], [3, 19, 4, 18], [5, 17, 6, 16], [7, 14, 8, 15], [9, 22, 10, 23], [11, 2, 12, 3], [13, 24, 14, 1], [15, 21, 16, 20]]"
12a_1144_167,"[[15, 21, 16, 20], [17, 5, 18, 4], [19, 7, 20, 6], [21, 10, 22, 11], [23, 8, 24, 9], [1, 12, 2, 13], [3, 19, 4, 18], [5, 17, 6, 16], [7, 14, 8, 15], [9, 22, 10, 23], [11, 2, 12, 3], [13, 24, 14, 1]]"
12a_1144_168,"[[14, 1, 15, 2], [16, 22, 17, 21], [18, 6, 19, 5], [20, 8, 21, 7], [22, 11, 23, 12], [24, 9, 1, 10], [2, 13, 3, 14], [4, 20, 5, 19], [6, 18, 7, 17], [8, 15, 9, 16], [10, 23, 11, 24], [12, 3, 13, 4]]"
12a_1144_169,"[[12, 3, 13, 4], [14, 1, 15, 2], [16, 22, 17, 21], [18, 6, 19, 5], [20, 8, 21, 7], [22, 11, 23, 12], [24, 9, 1, 10], [2, 13, 3, 14], [4, 20, 5, 19], [6, 18, 7, 17], [8, 15, 9, 16], [10, 23, 11, 24]]"
12a_1144_170,"[[10, 23, 11, 24], [12, 3, 13, 4], [14, 1, 15, 2], [16, 22, 17, 21], [18, 6, 19, 5], [20, 8, 21, 7], [22, 11, 23, 12], [24, 9, 1, 10], [2, 13, 3, 14], [4, 20, 5, 19], [6, 18, 7, 17], [8, 15, 9, 16]]"
12a_1144_171,"[[8, 15, 9, 16], [10, 23, 11, 24], [12, 3, 13, 4], [14, 1, 15, 2], [16, 22, 17, 21], [18, 6, 19, 5], [20, 8, 21, 7], [22, 11, 23, 12], [24, 9, 1, 10], [2, 13, 3, 14], [4, 20, 5, 19], [6, 18, 7, 17]]"
12a_1144_172,"[[6, 18, 7, 17], [8, 15, 9, 16], [10, 23, 11, 24], [12, 3, 13, 4], [14, 1, 15, 2], [16, 22, 17, 21], [18, 6, 19, 5], [20, 8, 21, 7], [22, 11, 23, 12], [24, 9, 1, 10], [2, 13, 3, 14], [4, 20, 5, 19]]"
12a_1144_173,"[[4, 20, 5, 19], [6, 18, 7, 17], [8, 15, 9, 16], [10, 23, 11, 24], [12, 3, 13, 4], [14, 1, 15, 2], [16, 22, 17, 21], [18, 6, 19, 5], [20, 8, 21, 7], [22, 11, 23, 12], [24, 9, 1, 10], [2, 13, 3, 14]]"
12a_1144_174,"[[2, 13, 3, 14], [4, 20, 5, 19], [6, 18, 7, 17], [8, 15, 9, 16], [10, 23, 11, 24], [12, 3, 13, 4], [14, 1, 15, 2], [16, 22, 17, 21], [18, 6, 19, 5], [20, 8, 21, 7], [22, 11, 23, 12], [24, 9, 1, 10]]"
12a_1144_175,"[[24, 9, 1, 10], [2, 13, 3, 14], [4, 20, 5, 19], [6, 18, 7, 17], [8, 15, 9, 16], [10, 23, 11, 24], [12, 3, 13, 4], [14, 1, 15, 2], [16, 22, 17, 21], [18, 6, 19, 5], [20, 8, 21, 7], [22, 11, 23, 12]]"
12a_1144_176,"[[22, 11, 23, 12], [24, 9, 1, 10], [2, 13, 3, 14], [4, 20, 5, 19], [6, 18, 7, 17], [8, 15, 9, 16], [10, 23, 11, 24], [12, 3, 13, 4], [14, 1, 15, 2], [16, 22, 17, 21], [18, 6, 19, 5], [20, 8, 21, 7]]"
12a_1144_177,"[[20, 8, 21, 7], [22, 11, 23, 12], [24, 9, 1, 10], [2, 13, 3, 14], [4, 20, 5, 19], [6, 18, 7, 17], [8, 15, 9, 16], [10, 23, 11, 24], [12, 3, 13, 4], [14, 1, 15, 2], [16, 22, 17, 21], [18, 6, 19, 5]]"
12a_1144_178,"[[18, 6, 19, 5], [20, 8, 21, 7], [22, 11, 23, 12], [24, 9, 1, 10], [2, 13, 3, 14], [4, 20, 5, 19], [6, 18, 7, 17], [8, 15, 9, 16], [10, 23, 11, 24], [12, 3, 13, 4], [14, 1, 15, 2], [16, 22, 17, 21]]"
12a_1144_179,"[[16, 22, 17, 21], [18, 6, 19, 5], [20, 8, 21, 7], [22, 11, 23, 12], [24, 9, 1, 10], [2, 13, 3, 14], [4, 20, 5, 19], [6, 18, 7, 17], [8, 15, 9, 16], [10, 23, 11, 24], [12, 3, 13, 4], [14, 1, 15, 2]]"
12a_1144_180,"[[15, 2, 16, 3], [17, 23, 18, 22], [19, 7, 20, 6], [21, 9, 22, 8], [23, 12, 24, 13], [1, 10, 2, 11], [3, 14, 4, 15], [5, 21, 6, 20], [7, 19, 8, 18], [9, 16, 10, 17], [11, 24, 12, 1], [13, 4, 14, 5]]"
12a_1144_181,"[[13, 4, 14, 5], [15, 2, 16, 3], [17, 23, 18, 22], [19, 7, 20, 6], [21, 9, 22, 8], [23, 12, 24, 13], [1, 10, 2, 11], [3, 14, 4, 15], [5, 21, 6, 20], [7, 19, 8, 18], [9, 16, 10, 17], [11, 24, 12, 1]]"
12a_1144_182,"[[11, 24, 12, 1], [13, 4, 14, 5], [15, 2, 16, 3], [17, 23, 18, 22], [19, 7, 20, 6], [21, 9, 22, 8], [23, 12, 24, 13], [1, 10, 2, 11], [3, 14, 4, 15], [5, 21, 6, 20], [7, 19, 8, 18], [9, 16, 10, 17]]"
12a_1144_183,"[[9, 16, 10, 17], [11, 24, 12, 1], [13, 4, 14, 5], [15, 2, 16, 3], [17, 23, 18, 22], [19, 7, 20, 6], [21, 9, 22, 8], [23, 12, 24, 13], [1, 10, 2, 11], [3, 14, 4, 15], [5, 21, 6, 20], [7, 19, 8, 18]]"
12a_1144_184,"[[7, 19, 8, 18], [9, 16, 10, 17], [11, 24, 12, 1], [13, 4, 14, 5], [15, 2, 16, 3], [17, 23, 18, 22], [19, 7, 20, 6], [21, 9, 22, 8], [23, 12, 24, 13], [1, 10, 2, 11], [3, 14, 4, 15], [5, 21, 6, 20]]"
12a_1144_185,"[[5, 21, 6, 20], [7, 19, 8, 18], [9, 16, 10, 17], [11, 24, 12, 1], [13, 4, 14, 5], [15, 2, 16, 3], [17, 23, 18, 22], [19, 7, 20, 6], [21, 9, 22, 8], [23, 12, 24, 13], [1, 10, 2, 11], [3, 14, 4, 15]]"
