name,pd_notation
12a_0351_0,"[[24, 16, 1, 15], [2, 6, 3, 5], [4, 11, 5, 12], [6, 17, 7, 18], [8, 14, 9, 13], [10, 21, 11, 22], [12, 3, 13, 4], [14, 24, 15, 23], [16, 19, 17, 20], [18, 7, 19, 8], [20, 2, 21, 1], [22, 9, 23, 10]]"
12a_0351_1,"[[22, 9, 23, 10], [24, 16, 1, 15], [2, 6, 3, 5], [4, 11, 5, 12], [6, 17, 7, 18], [8, 14, 9, 13], [10, 21, 11, 22], [12, 3, 13, 4], [14, 24, 15, 23], [16, 19, 17, 20], [18, 7, 19, 8], [20, 2, 21, 1]]"
12a_0351_2,"[[20, 2, 21, 1], [22, 9, 23, 10], [24, 16, 1, 15], [2, 6, 3, 5], [4, 11, 5, 12], [6, 17, 7, 18], [8, 14, 9, 13], [10, 21, 11, 22], [12, 3, 13, 4], [14, 24, 15, 23], [16, 19, 17, 20], [18, 7, 19, 8]]"
12a_0351_3,"[[18, 7, 19, 8], [20, 2, 21, 1], [22, 9, 23, 10], [24, 16, 1, 15], [2, 6, 3, 5], [4, 11, 5, 12], [6, 17, 7, 18], [8, 14, 9, 13], [10, 21, 11, 22], [12, 3, 13, 4], [14, 24, 15, 23], [16, 19, 17, 20]]"
12a_0351_4,"[[16, 19, 17, 20], [18, 7, 19, 8], [20, 2, 21, 1], [22, 9, 23, 10], [24, 16, 1, 15], [2, 6, 3, 5], [4, 11, 5, 12], [6, 17, 7, 18], [8, 14, 9, 13], [10, 21, 11, 22], [12, 3, 13, 4], [14, 24, 15, 23]]"
12a_0351_5,"[[14, 24, 15, 23], [16, 19, 17, 20], [18, 7, 19, 8], [20, 2, 21, 1], [22, 9, 23, 10], [24, 16, 1, 15], [2, 6, 3, 5], [4, 11, 5, 12], [6, 17, 7, 18], [8, 14, 9, 13], [10, 21, 11, 22], [12, 3, 13, 4]]"
12a_0351_6,"[[12, 3, 13, 4], [14, 24, 15, 23], [16, 19, 17, 20], [18, 7, 19, 8], [20, 2, 21, 1], [22, 9, 23, 10], [24, 16, 1, 15], [2, 6, 3, 5], [4, 11, 5, 12], [6, 17, 7, 18], [8, 14, 9, 13], [10, 21, 11, 22]]"
12a_0351_7,"[[10, 21, 11, 22], [12, 3, 13, 4], [14, 24, 15, 23], [16, 19, 17, 20], [18, 7, 19, 8], [20, 2, 21, 1], [22, 9, 23, 10], [24, 16, 1, 15], [2, 6, 3, 5], [4, 11, 5, 12], [6, 17, 7, 18], [8, 14, 9, 13]]"
12a_0351_8,"[[8, 14, 9, 13], [10, 21, 11, 22], [12, 3, 13, 4], [14, 24, 15, 23], [16, 19, 17, 20], [18, 7, 19, 8], [20, 2, 21, 1], [22, 9, 23, 10], [24, 16, 1, 15], [2, 6, 3, 5], [4, 11, 5, 12], [6, 17, 7, 18]]"
12a_0351_9,"[[6, 17, 7, 18], [8, 14, 9, 13], [10, 21, 11, 22], [12, 3, 13, 4], [14, 24, 15, 23], [16, 19, 17, 20], [18, 7, 19, 8], [20, 2, 21, 1], [22, 9, 23, 10], [24, 16, 1, 15], [2, 6, 3, 5], [4, 11, 5, 12]]"
12a_0351_10,"[[4, 11, 5, 12], [6, 17, 7, 18], [8, 14, 9, 13], [10, 21, 11, 22], [12, 3, 13, 4], [14, 24, 15, 23], [16, 19, 17, 20], [18, 7, 19, 8], [20, 2, 21, 1], [22, 9, 23, 10], [24, 16, 1, 15], [2, 6, 3, 5]]"
12a_0351_11,"[[2, 6, 3, 5], [4, 11, 5, 12], [6, 17, 7, 18], [8, 14, 9, 13], [10, 21, 11, 22], [12, 3, 13, 4], [14, 24, 15, 23], [16, 19, 17, 20], [18, 7, 19, 8], [20, 2, 21, 1], [22, 9, 23, 10], [24, 16, 1, 15]]"
12a_0351_12,"[[1, 17, 2, 16], [3, 7, 4, 6], [5, 12, 6, 13], [7, 18, 8, 19], [9, 15, 10, 14], [11, 22, 12, 23], [13, 4, 14, 5], [15, 1, 16, 24], [17, 20, 18, 21], [19, 8, 20, 9], [21, 3, 22, 2], [23, 10, 24, 11]]"
12a_0351_13,"[[23, 10, 24, 11], [1, 17, 2, 16], [3, 7, 4, 6], [5, 12, 6, 13], [7, 18, 8, 19], [9, 15, 10, 14], [11, 22, 12, 23], [13, 4, 14, 5], [15, 1, 16, 24], [17, 20, 18, 21], [19, 8, 20, 9], [21, 3, 22, 2]]"
12a_0351_14,"[[21, 3, 22, 2], [23, 10, 24, 11], [1, 17, 2, 16], [3, 7, 4, 6], [5, 12, 6, 13], [7, 18, 8, 19], [9, 15, 10, 14], [11, 22, 12, 23], [13, 4, 14, 5], [15, 1, 16, 24], [17, 20, 18, 21], [19, 8, 20, 9]]"
12a_0351_15,"[[19, 8, 20, 9], [21, 3, 22, 2], [23, 10, 24, 11], [1, 17, 2, 16], [3, 7, 4, 6], [5, 12, 6, 13], [7, 18, 8, 19], [9, 15, 10, 14], [11, 22, 12, 23], [13, 4, 14, 5], [15, 1, 16, 24], [17, 20, 18, 21]]"
12a_0351_16,"[[17, 20, 18, 21], [19, 8, 20, 9], [21, 3, 22, 2], [23, 10, 24, 11], [1, 17, 2, 16], [3, 7, 4, 6], [5, 12, 6, 13], [7, 18, 8, 19], [9, 15, 10, 14], [11, 22, 12, 23], [13, 4, 14, 5], [15, 1, 16, 24]]"
12a_0351_17,"[[15, 1, 16, 24], [17, 20, 18, 21], [19, 8, 20, 9], [21, 3, 22, 2], [23, 10, 24, 11], [1, 17, 2, 16], [3, 7, 4, 6], [5, 12, 6, 13], [7, 18, 8, 19], [9, 15, 10, 14], [11, 22, 12, 23], [13, 4, 14, 5]]"
12a_0351_18,"[[13, 4, 14, 5], [15, 1, 16, 24], [17, 20, 18, 21], [19, 8, 20, 9], [21, 3, 22, 2], [23, 10, 24, 11], [1, 17, 2, 16], [3, 7, 4, 6], [5, 12, 6, 13], [7, 18, 8, 19], [9, 15, 10, 14], [11, 22, 12, 23]]"
12a_0351_19,"[[11, 22, 12, 23], [13, 4, 14, 5], [15, 1, 16, 24], [17, 20, 18, 21], [19, 8, 20, 9], [21, 3, 22, 2], [23, 10, 24, 11], [1, 17, 2, 16], [3, 7, 4, 6], [5, 12, 6, 13], [7, 18, 8, 19], [9, 15, 10, 14]]"
12a_0351_20,"[[9, 15, 10, 14], [11, 22, 12, 23], [13, 4, 14, 5], [15, 1, 16, 24], [17, 20, 18, 21], [19, 8, 20, 9], [21, 3, 22, 2], [23, 10, 24, 11], [1, 17, 2, 16], [3, 7, 4, 6], [5, 12, 6, 13], [7, 18, 8, 19]]"
12a_0351_21,"[[7, 18, 8, 19], [9, 15, 10, 14], [11, 22, 12, 23], [13, 4, 14, 5], [15, 1, 16, 24], [17, 20, 18, 21], [19, 8, 20, 9], [21, 3, 22, 2], [23, 10, 24, 11], [1, 17, 2, 16], [3, 7, 4, 6], [5, 12, 6, 13]]"
12a_0351_22,"[[5, 12, 6, 13], [7, 18, 8, 19], [9, 15, 10, 14], [11, 22, 12, 23], [13, 4, 14, 5], [15, 1, 16, 24], [17, 20, 18, 21], [19, 8, 20, 9], [21, 3, 22, 2], [23, 10, 24, 11], [1, 17, 2, 16], [3, 7, 4, 6]]"
12a_0351_23,"[[3, 7, 4, 6], [5, 12, 6, 13], [7, 18, 8, 19], [9, 15, 10, 14], [11, 22, 12, 23], [13, 4, 14, 5], [15, 1, 16, 24], [17, 20, 18, 21], [19, 8, 20, 9], [21, 3, 22, 2], [23, 10, 24, 11], [1, 17, 2, 16]]"
12a_0351_24,"[[2, 18, 3, 17], [4, 8, 5, 7], [6, 13, 7, 14], [8, 19, 9, 20], [10, 16, 11, 15], [12, 23, 13, 24], [14, 5, 15, 6], [16, 2, 17, 1], [18, 21, 19, 22], [20, 9, 21, 10], [22, 4, 23, 3], [24, 11, 1, 12]]"
12a_0351_25,"[[24, 11, 1, 12], [2, 18, 3, 17], [4, 8, 5, 7], [6, 13, 7, 14], [8, 19, 9, 20], [10, 16, 11, 15], [12, 23, 13, 24], [14, 5, 15, 6], [16, 2, 17, 1], [18, 21, 19, 22], [20, 9, 21, 10], [22, 4, 23, 3]]"
12a_0351_26,"[[22, 4, 23, 3], [24, 11, 1, 12], [2, 18, 3, 17], [4, 8, 5, 7], [6, 13, 7, 14], [8, 19, 9, 20], [10, 16, 11, 15], [12, 23, 13, 24], [14, 5, 15, 6], [16, 2, 17, 1], [18, 21, 19, 22], [20, 9, 21, 10]]"
12a_0351_27,"[[20, 9, 21, 10], [22, 4, 23, 3], [24, 11, 1, 12], [2, 18, 3, 17], [4, 8, 5, 7], [6, 13, 7, 14], [8, 19, 9, 20], [10, 16, 11, 15], [12, 23, 13, 24], [14, 5, 15, 6], [16, 2, 17, 1], [18, 21, 19, 22]]"
12a_0351_28,"[[18, 21, 19, 22], [20, 9, 21, 10], [22, 4, 23, 3], [24, 11, 1, 12], [2, 18, 3, 17], [4, 8, 5, 7], [6, 13, 7, 14], [8, 19, 9, 20], [10, 16, 11, 15], [12, 23, 13, 24], [14, 5, 15, 6], [16, 2, 17, 1]]"
12a_0351_29,"[[16, 2, 17, 1], [18, 21, 19, 22], [20, 9, 21, 10], [22, 4, 23, 3], [24, 11, 1, 12], [2, 18, 3, 17], [4, 8, 5, 7], [6, 13, 7, 14], [8, 19, 9, 20], [10, 16, 11, 15], [12, 23, 13, 24], [14, 5, 15, 6]]"
12a_0351_30,"[[14, 5, 15, 6], [16, 2, 17, 1], [18, 21, 19, 22], [20, 9, 21, 10], [22, 4, 23, 3], [24, 11, 1, 12], [2, 18, 3, 17], [4, 8, 5, 7], [6, 13, 7, 14], [8, 19, 9, 20], [10, 16, 11, 15], [12, 23, 13, 24]]"
12a_0351_31,"[[12, 23, 13, 24], [14, 5, 15, 6], [16, 2, 17, 1], [18, 21, 19, 22], [20, 9, 21, 10], [22, 4, 23, 3], [24, 11, 1, 12], [2, 18, 3, 17], [4, 8, 5, 7], [6, 13, 7, 14], [8, 19, 9, 20], [10, 16, 11, 15]]"
12a_0351_32,"[[10, 16, 11, 15], [12, 23, 13, 24], [14, 5, 15, 6], [16, 2, 17, 1], [18, 21, 19, 22], [20, 9, 21, 10], [22, 4, 23, 3], [24, 11, 1, 12], [2, 18, 3, 17], [4, 8, 5, 7], [6, 13, 7, 14], [8, 19, 9, 20]]"
12a_0351_33,"[[8, 19, 9, 20], [10, 16, 11, 15], [12, 23, 13, 24], [14, 5, 15, 6], [16, 2, 17, 1], [18, 21, 19, 22], [20, 9, 21, 10], [22, 4, 23, 3], [24, 11, 1, 12], [2, 18, 3, 17], [4, 8, 5, 7], [6, 13, 7, 14]]"
12a_0351_34,"[[6, 13, 7, 14], [8, 19, 9, 20], [10, 16, 11, 15], [12, 23, 13, 24], [14, 5, 15, 6], [16, 2, 17, 1], [18, 21, 19, 22], [20, 9, 21, 10], [22, 4, 23, 3], [24, 11, 1, 12], [2, 18, 3, 17], [4, 8, 5, 7]]"
12a_0351_35,"[[4, 8, 5, 7], [6, 13, 7, 14], [8, 19, 9, 20], [10, 16, 11, 15], [12, 23, 13, 24], [14, 5, 15, 6], [16, 2, 17, 1], [18, 21, 19, 22], [20, 9, 21, 10], [22, 4, 23, 3], [24, 11, 1, 12], [2, 18, 3, 17]]"
12a_0351_36,"[[3, 19, 4, 18], [5, 9, 6, 8], [7, 14, 8, 15], [9, 20, 10, 21], [11, 17, 12, 16], [13, 24, 14, 1], [15, 6, 16, 7], [17, 3, 18, 2], [19, 22, 20, 23], [21, 10, 22, 11], [23, 5, 24, 4], [1, 12, 2, 13]]"
12a_0351_37,"[[1, 12, 2, 13], [3, 19, 4, 18], [5, 9, 6, 8], [7, 14, 8, 15], [9, 20, 10, 21], [11, 17, 12, 16], [13, 24, 14, 1], [15, 6, 16, 7], [17, 3, 18, 2], [19, 22, 20, 23], [21, 10, 22, 11], [23, 5, 24, 4]]"
12a_0351_38,"[[23, 5, 24, 4], [1, 12, 2, 13], [3, 19, 4, 18], [5, 9, 6, 8], [7, 14, 8, 15], [9, 20, 10, 21], [11, 17, 12, 16], [13, 24, 14, 1], [15, 6, 16, 7], [17, 3, 18, 2], [19, 22, 20, 23], [21, 10, 22, 11]]"
12a_0351_39,"[[21, 10, 22, 11], [23, 5, 24, 4], [1, 12, 2, 13], [3, 19, 4, 18], [5, 9, 6, 8], [7, 14, 8, 15], [9, 20, 10, 21], [11, 17, 12, 16], [13, 24, 14, 1], [15, 6, 16, 7], [17, 3, 18, 2], [19, 22, 20, 23]]"
12a_0351_40,"[[19, 22, 20, 23], [21, 10, 22, 11], [23, 5, 24, 4], [1, 12, 2, 13], [3, 19, 4, 18], [5, 9, 6, 8], [7, 14, 8, 15], [9, 20, 10, 21], [11, 17, 12, 16], [13, 24, 14, 1], [15, 6, 16, 7], [17, 3, 18, 2]]"
12a_0351_41,"[[17, 3, 18, 2], [19, 22, 20, 23], [21, 10, 22, 11], [23, 5, 24, 4], [1, 12, 2, 13], [3, 19, 4, 18], [5, 9, 6, 8], [7, 14, 8, 15], [9, 20, 10, 21], [11, 17, 12, 16], [13, 24, 14, 1], [15, 6, 16, 7]]"
12a_0351_42,"[[15, 6, 16, 7], [17, 3, 18, 2], [19, 22, 20, 23], [21, 10, 22, 11], [23, 5, 24, 4], [1, 12, 2, 13], [3, 19, 4, 18], [5, 9, 6, 8], [7, 14, 8, 15], [9, 20, 10, 21], [11, 17, 12, 16], [13, 24, 14, 1]]"
12a_0351_43,"[[13, 24, 14, 1], [15, 6, 16, 7], [17, 3, 18, 2], [19, 22, 20, 23], [21, 10, 22, 11], [23, 5, 24, 4], [1, 12, 2, 13], [3, 19, 4, 18], [5, 9, 6, 8], [7, 14, 8, 15], [9, 20, 10, 21], [11, 17, 12, 16]]"
12a_0351_44,"[[11, 17, 12, 16], [13, 24, 14, 1], [15, 6, 16, 7], [17, 3, 18, 2], [19, 22, 20, 23], [21, 10, 22, 11], [23, 5, 24, 4], [1, 12, 2, 13], [3, 19, 4, 18], [5, 9, 6, 8], [7, 14, 8, 15], [9, 20, 10, 21]]"
12a_0351_45,"[[9, 20, 10, 21], [11, 17, 12, 16], [13, 24, 14, 1], [15, 6, 16, 7], [17, 3, 18, 2], [19, 22, 20, 23], [21, 10, 22, 11], [23, 5, 24, 4], [1, 12, 2, 13], [3, 19, 4, 18], [5, 9, 6, 8], [7, 14, 8, 15]]"
12a_0351_46,"[[7, 14, 8, 15], [9, 20, 10, 21], [11, 17, 12, 16], [13, 24, 14, 1], [15, 6, 16, 7], [17, 3, 18, 2], [19, 22, 20, 23], [21, 10, 22, 11], [23, 5, 24, 4], [1, 12, 2, 13], [3, 19, 4, 18], [5, 9, 6, 8]]"
12a_0351_47,"[[5, 9, 6, 8], [7, 14, 8, 15], [9, 20, 10, 21], [11, 17, 12, 16], [13, 24, 14, 1], [15, 6, 16, 7], [17, 3, 18, 2], [19, 22, 20, 23], [21, 10, 22, 11], [23, 5, 24, 4], [1, 12, 2, 13], [3, 19, 4, 18]]"
12a_0351_48,"[[4, 20, 5, 19], [6, 10, 7, 9], [8, 15, 9, 16], [10, 21, 11, 22], [12, 18, 13, 17], [14, 1, 15, 2], [16, 7, 17, 8], [18, 4, 19, 3], [20, 23, 21, 24], [22, 11, 23, 12], [24, 6, 1, 5], [2, 13, 3, 14]]"
12a_0351_49,"[[2, 13, 3, 14], [4, 20, 5, 19], [6, 10, 7, 9], [8, 15, 9, 16], [10, 21, 11, 22], [12, 18, 13, 17], [14, 1, 15, 2], [16, 7, 17, 8], [18, 4, 19, 3], [20, 23, 21, 24], [22, 11, 23, 12], [24, 6, 1, 5]]"
12a_0351_50,"[[24, 6, 1, 5], [2, 13, 3, 14], [4, 20, 5, 19], [6, 10, 7, 9], [8, 15, 9, 16], [10, 21, 11, 22], [12, 18, 13, 17], [14, 1, 15, 2], [16, 7, 17, 8], [18, 4, 19, 3], [20, 23, 21, 24], [22, 11, 23, 12]]"
12a_0351_51,"[[22, 11, 23, 12], [24, 6, 1, 5], [2, 13, 3, 14], [4, 20, 5, 19], [6, 10, 7, 9], [8, 15, 9, 16], [10, 21, 11, 22], [12, 18, 13, 17], [14, 1, 15, 2], [16, 7, 17, 8], [18, 4, 19, 3], [20, 23, 21, 24]]"
12a_0351_52,"[[20, 23, 21, 24], [22, 11, 23, 12], [24, 6, 1, 5], [2, 13, 3, 14], [4, 20, 5, 19], [6, 10, 7, 9], [8, 15, 9, 16], [10, 21, 11, 22], [12, 18, 13, 17], [14, 1, 15, 2], [16, 7, 17, 8], [18, 4, 19, 3]]"
12a_0351_53,"[[18, 4, 19, 3], [20, 23, 21, 24], [22, 11, 23, 12], [24, 6, 1, 5], [2, 13, 3, 14], [4, 20, 5, 19], [6, 10, 7, 9], [8, 15, 9, 16], [10, 21, 11, 22], [12, 18, 13, 17], [14, 1, 15, 2], [16, 7, 17, 8]]"
12a_0351_54,"[[16, 7, 17, 8], [18, 4, 19, 3], [20, 23, 21, 24], [22, 11, 23, 12], [24, 6, 1, 5], [2, 13, 3, 14], [4, 20, 5, 19], [6, 10, 7, 9], [8, 15, 9, 16], [10, 21, 11, 22], [12, 18, 13, 17], [14, 1, 15, 2]]"
12a_0351_55,"[[14, 1, 15, 2], [16, 7, 17, 8], [18, 4, 19, 3], [20, 23, 21, 24], [22, 11, 23, 12], [24, 6, 1, 5], [2, 13, 3, 14], [4, 20, 5, 19], [6, 10, 7, 9], [8, 15, 9, 16], [10, 21, 11, 22], [12, 18, 13, 17]]"
12a_0351_56,"[[12, 18, 13, 17], [14, 1, 15, 2], [16, 7, 17, 8], [18, 4, 19, 3], [20, 23, 21, 24], [22, 11, 23, 12], [24, 6, 1, 5], [2, 13, 3, 14], [4, 20, 5, 19], [6, 10, 7, 9], [8, 15, 9, 16], [10, 21, 11, 22]]"
12a_0351_57,"[[10, 21, 11, 22], [12, 18, 13, 17], [14, 1, 15, 2], [16, 7, 17, 8], [18, 4, 19, 3], [20, 23, 21, 24], [22, 11, 23, 12], [24, 6, 1, 5], [2, 13, 3, 14], [4, 20, 5, 19], [6, 10, 7, 9], [8, 15, 9, 16]]"
12a_0351_58,"[[8, 15, 9, 16], [10, 21, 11, 22], [12, 18, 13, 17], [14, 1, 15, 2], [16, 7, 17, 8], [18, 4, 19, 3], [20, 23, 21, 24], [22, 11, 23, 12], [24, 6, 1, 5], [2, 13, 3, 14], [4, 20, 5, 19], [6, 10, 7, 9]]"
12a_0351_59,"[[6, 10, 7, 9], [8, 15, 9, 16], [10, 21, 11, 22], [12, 18, 13, 17], [14, 1, 15, 2], [16, 7, 17, 8], [18, 4, 19, 3], [20, 23, 21, 24], [22, 11, 23, 12], [24, 6, 1, 5], [2, 13, 3, 14], [4, 20, 5, 19]]"
12a_0351_60,"[[5, 21, 6, 20], [7, 11, 8, 10], [9, 16, 10, 17], [11, 22, 12, 23], [13, 19, 14, 18], [15, 2, 16, 3], [17, 8, 18, 9], [19, 5, 20, 4], [21, 24, 22, 1], [23, 12, 24, 13], [1, 7, 2, 6], [3, 14, 4, 15]]"
12a_0351_61,"[[3, 14, 4, 15], [5, 21, 6, 20], [7, 11, 8, 10], [9, 16, 10, 17], [11, 22, 12, 23], [13, 19, 14, 18], [15, 2, 16, 3], [17, 8, 18, 9], [19, 5, 20, 4], [21, 24, 22, 1], [23, 12, 24, 13], [1, 7, 2, 6]]"
12a_0351_62,"[[1, 7, 2, 6], [3, 14, 4, 15], [5, 21, 6, 20], [7, 11, 8, 10], [9, 16, 10, 17], [11, 22, 12, 23], [13, 19, 14, 18], [15, 2, 16, 3], [17, 8, 18, 9], [19, 5, 20, 4], [21, 24, 22, 1], [23, 12, 24, 13]]"
12a_0351_63,"[[23, 12, 24, 13], [1, 7, 2, 6], [3, 14, 4, 15], [5, 21, 6, 20], [7, 11, 8, 10], [9, 16, 10, 17], [11, 22, 12, 23], [13, 19, 14, 18], [15, 2, 16, 3], [17, 8, 18, 9], [19, 5, 20, 4], [21, 24, 22, 1]]"
12a_0351_64,"[[21, 24, 22, 1], [23, 12, 24, 13], [1, 7, 2, 6], [3, 14, 4, 15], [5, 21, 6, 20], [7, 11, 8, 10], [9, 16, 10, 17], [11, 22, 12, 23], [13, 19, 14, 18], [15, 2, 16, 3], [17, 8, 18, 9], [19, 5, 20, 4]]"
12a_0351_65,"[[19, 5, 20, 4], [21, 24, 22, 1], [23, 12, 24, 13], [1, 7, 2, 6], [3, 14, 4, 15], [5, 21, 6, 20], [7, 11, 8, 10], [9, 16, 10, 17], [11, 22, 12, 23], [13, 19, 14, 18], [15, 2, 16, 3], [17, 8, 18, 9]]"
12a_0351_66,"[[17, 8, 18, 9], [19, 5, 20, 4], [21, 24, 22, 1], [23, 12, 24, 13], [1, 7, 2, 6], [3, 14, 4, 15], [5, 21, 6, 20], [7, 11, 8, 10], [9, 16, 10, 17], [11, 22, 12, 23], [13, 19, 14, 18], [15, 2, 16, 3]]"
12a_0351_67,"[[15, 2, 16, 3], [17, 8, 18, 9], [19, 5, 20, 4], [21, 24, 22, 1], [23, 12, 24, 13], [1, 7, 2, 6], [3, 14, 4, 15], [5, 21, 6, 20], [7, 11, 8, 10], [9, 16, 10, 17], [11, 22, 12, 23], [13, 19, 14, 18]]"
12a_0351_68,"[[13, 19, 14, 18], [15, 2, 16, 3], [17, 8, 18, 9], [19, 5, 20, 4], [21, 24, 22, 1], [23, 12, 24, 13], [1, 7, 2, 6], [3, 14, 4, 15], [5, 21, 6, 20], [7, 11, 8, 10], [9, 16, 10, 17], [11, 22, 12, 23]]"
12a_0351_69,"[[11, 22, 12, 23], [13, 19, 14, 18], [15, 2, 16, 3], [17, 8, 18, 9], [19, 5, 20, 4], [21, 24, 22, 1], [23, 12, 24, 13], [1, 7, 2, 6], [3, 14, 4, 15], [5, 21, 6, 20], [7, 11, 8, 10], [9, 16, 10, 17]]"
12a_0351_70,"[[9, 16, 10, 17], [11, 22, 12, 23], [13, 19, 14, 18], [15, 2, 16, 3], [17, 8, 18, 9], [19, 5, 20, 4], [21, 24, 22, 1], [23, 12, 24, 13], [1, 7, 2, 6], [3, 14, 4, 15], [5, 21, 6, 20], [7, 11, 8, 10]]"
12a_0351_71,"[[7, 11, 8, 10], [9, 16, 10, 17], [11, 22, 12, 23], [13, 19, 14, 18], [15, 2, 16, 3], [17, 8, 18, 9], [19, 5, 20, 4], [21, 24, 22, 1], [23, 12, 24, 13], [1, 7, 2, 6], [3, 14, 4, 15], [5, 21, 6, 20]]"
12a_0351_72,"[[6, 22, 7, 21], [8, 12, 9, 11], [10, 17, 11, 18], [12, 23, 13, 24], [14, 20, 15, 19], [16, 3, 17, 4], [18, 9, 19, 10], [20, 6, 21, 5], [22, 1, 23, 2], [24, 13, 1, 14], [2, 8, 3, 7], [4, 15, 5, 16]]"
12a_0351_73,"[[4, 15, 5, 16], [6, 22, 7, 21], [8, 12, 9, 11], [10, 17, 11, 18], [12, 23, 13, 24], [14, 20, 15, 19], [16, 3, 17, 4], [18, 9, 19, 10], [20, 6, 21, 5], [22, 1, 23, 2], [24, 13, 1, 14], [2, 8, 3, 7]]"
12a_0351_74,"[[2, 8, 3, 7], [4, 15, 5, 16], [6, 22, 7, 21], [8, 12, 9, 11], [10, 17, 11, 18], [12, 23, 13, 24], [14, 20, 15, 19], [16, 3, 17, 4], [18, 9, 19, 10], [20, 6, 21, 5], [22, 1, 23, 2], [24, 13, 1, 14]]"
12a_0351_75,"[[24, 13, 1, 14], [2, 8, 3, 7], [4, 15, 5, 16], [6, 22, 7, 21], [8, 12, 9, 11], [10, 17, 11, 18], [12, 23, 13, 24], [14, 20, 15, 19], [16, 3, 17, 4], [18, 9, 19, 10], [20, 6, 21, 5], [22, 1, 23, 2]]"
12a_0351_76,"[[22, 1, 23, 2], [24, 13, 1, 14], [2, 8, 3, 7], [4, 15, 5, 16], [6, 22, 7, 21], [8, 12, 9, 11], [10, 17, 11, 18], [12, 23, 13, 24], [14, 20, 15, 19], [16, 3, 17, 4], [18, 9, 19, 10], [20, 6, 21, 5]]"
12a_0351_77,"[[20, 6, 21, 5], [22, 1, 23, 2], [24, 13, 1, 14], [2, 8, 3, 7], [4, 15, 5, 16], [6, 22, 7, 21], [8, 12, 9, 11], [10, 17, 11, 18], [12, 23, 13, 24], [14, 20, 15, 19], [16, 3, 17, 4], [18, 9, 19, 10]]"
12a_0351_78,"[[18, 9, 19, 10], [20, 6, 21, 5], [22, 1, 23, 2], [24, 13, 1, 14], [2, 8, 3, 7], [4, 15, 5, 16], [6, 22, 7, 21], [8, 12, 9, 11], [10, 17, 11, 18], [12, 23, 13, 24], [14, 20, 15, 19], [16, 3, 17, 4]]"
12a_0351_79,"[[16, 3, 17, 4], [18, 9, 19, 10], [20, 6, 21, 5], [22, 1, 23, 2], [24, 13, 1, 14], [2, 8, 3, 7], [4, 15, 5, 16], [6, 22, 7, 21], [8, 12, 9, 11], [10, 17, 11, 18], [12, 23, 13, 24], [14, 20, 15, 19]]"
12a_0351_80,"[[14, 20, 15, 19], [16, 3, 17, 4], [18, 9, 19, 10], [20, 6, 21, 5], [22, 1, 23, 2], [24, 13, 1, 14], [2, 8, 3, 7], [4, 15, 5, 16], [6, 22, 7, 21], [8, 12, 9, 11], [10, 17, 11, 18], [12, 23, 13, 24]]"
12a_0351_81,"[[12, 23, 13, 24], [14, 20, 15, 19], [16, 3, 17, 4], [18, 9, 19, 10], [20, 6, 21, 5], [22, 1, 23, 2], [24, 13, 1, 14], [2, 8, 3, 7], [4, 15, 5, 16], [6, 22, 7, 21], [8, 12, 9, 11], [10, 17, 11, 18]]"
12a_0351_82,"[[10, 17, 11, 18], [12, 23, 13, 24], [14, 20, 15, 19], [16, 3, 17, 4], [18, 9, 19, 10], [20, 6, 21, 5], [22, 1, 23, 2], [24, 13, 1, 14], [2, 8, 3, 7], [4, 15, 5, 16], [6, 22, 7, 21], [8, 12, 9, 11]]"
12a_0351_83,"[[8, 12, 9, 11], [10, 17, 11, 18], [12, 23, 13, 24], [14, 20, 15, 19], [16, 3, 17, 4], [18, 9, 19, 10], [20, 6, 21, 5], [22, 1, 23, 2], [24, 13, 1, 14], [2, 8, 3, 7], [4, 15, 5, 16], [6, 22, 7, 21]]"
12a_0351_84,"[[7, 23, 8, 22], [9, 13, 10, 12], [11, 18, 12, 19], [13, 24, 14, 1], [15, 21, 16, 20], [17, 4, 18, 5], [19, 10, 20, 11], [21, 7, 22, 6], [23, 2, 24, 3], [1, 14, 2, 15], [3, 9, 4, 8], [5, 16, 6, 17]]"
12a_0351_85,"[[5, 16, 6, 17], [7, 23, 8, 22], [9, 13, 10, 12], [11, 18, 12, 19], [13, 24, 14, 1], [15, 21, 16, 20], [17, 4, 18, 5], [19, 10, 20, 11], [21, 7, 22, 6], [23, 2, 24, 3], [1, 14, 2, 15], [3, 9, 4, 8]]"
12a_0351_86,"[[3, 9, 4, 8], [5, 16, 6, 17], [7, 23, 8, 22], [9, 13, 10, 12], [11, 18, 12, 19], [13, 24, 14, 1], [15, 21, 16, 20], [17, 4, 18, 5], [19, 10, 20, 11], [21, 7, 22, 6], [23, 2, 24, 3], [1, 14, 2, 15]]"
12a_0351_87,"[[1, 14, 2, 15], [3, 9, 4, 8], [5, 16, 6, 17], [7, 23, 8, 22], [9, 13, 10, 12], [11, 18, 12, 19], [13, 24, 14, 1], [15, 21, 16, 20], [17, 4, 18, 5], [19, 10, 20, 11], [21, 7, 22, 6], [23, 2, 24, 3]]"
12a_0351_88,"[[23, 2, 24, 3], [1, 14, 2, 15], [3, 9, 4, 8], [5, 16, 6, 17], [7, 23, 8, 22], [9, 13, 10, 12], [11, 18, 12, 19], [13, 24, 14, 1], [15, 21, 16, 20], [17, 4, 18, 5], [19, 10, 20, 11], [21, 7, 22, 6]]"
12a_0351_89,"[[21, 7, 22, 6], [23, 2, 24, 3], [1, 14, 2, 15], [3, 9, 4, 8], [5, 16, 6, 17], [7, 23, 8, 22], [9, 13, 10, 12], [11, 18, 12, 19], [13, 24, 14, 1], [15, 21, 16, 20], [17, 4, 18, 5], [19, 10, 20, 11]]"
12a_0351_90,"[[19, 10, 20, 11], [21, 7, 22, 6], [23, 2, 24, 3], [1, 14, 2, 15], [3, 9, 4, 8], [5, 16, 6, 17], [7, 23, 8, 22], [9, 13, 10, 12], [11, 18, 12, 19], [13, 24, 14, 1], [15, 21, 16, 20], [17, 4, 18, 5]]"
12a_0351_91,"[[17, 4, 18, 5], [19, 10, 20, 11], [21, 7, 22, 6], [23, 2, 24, 3], [1, 14, 2, 15], [3, 9, 4, 8], [5, 16, 6, 17], [7, 23, 8, 22], [9, 13, 10, 12], [11, 18, 12, 19], [13, 24, 14, 1], [15, 21, 16, 20]]"
12a_0351_92,"[[15, 21, 16, 20], [17, 4, 18, 5], [19, 10, 20, 11], [21, 7, 22, 6], [23, 2, 24, 3], [1, 14, 2, 15], [3, 9, 4, 8], [5, 16, 6, 17], [7, 23, 8, 22], [9, 13, 10, 12], [11, 18, 12, 19], [13, 24, 14, 1]]"
12a_0351_93,"[[13, 24, 14, 1], [15, 21, 16, 20], [17, 4, 18, 5], [19, 10, 20, 11], [21, 7, 22, 6], [23, 2, 24, 3], [1, 14, 2, 15], [3, 9, 4, 8], [5, 16, 6, 17], [7, 23, 8, 22], [9, 13, 10, 12], [11, 18, 12, 19]]"
12a_0351_94,"[[11, 18, 12, 19], [13, 24, 14, 1], [15, 21, 16, 20], [17, 4, 18, 5], [19, 10, 20, 11], [21, 7, 22, 6], [23, 2, 24, 3], [1, 14, 2, 15], [3, 9, 4, 8], [5, 16, 6, 17], [7, 23, 8, 22], [9, 13, 10, 12]]"
12a_0351_95,"[[9, 13, 10, 12], [11, 18, 12, 19], [13, 24, 14, 1], [15, 21, 16, 20], [17, 4, 18, 5], [19, 10, 20, 11], [21, 7, 22, 6], [23, 2, 24, 3], [1, 14, 2, 15], [3, 9, 4, 8], [5, 16, 6, 17], [7, 23, 8, 22]]"
12a_0351_96,"[[8, 24, 9, 23], [10, 14, 11, 13], [12, 19, 13, 20], [14, 1, 15, 2], [16, 22, 17, 21], [18, 5, 19, 6], [20, 11, 21, 12], [22, 8, 23, 7], [24, 3, 1, 4], [2, 15, 3, 16], [4, 10, 5, 9], [6, 17, 7, 18]]"
12a_0351_97,"[[6, 17, 7, 18], [8, 24, 9, 23], [10, 14, 11, 13], [12, 19, 13, 20], [14, 1, 15, 2], [16, 22, 17, 21], [18, 5, 19, 6], [20, 11, 21, 12], [22, 8, 23, 7], [24, 3, 1, 4], [2, 15, 3, 16], [4, 10, 5, 9]]"
12a_0351_98,"[[4, 10, 5, 9], [6, 17, 7, 18], [8, 24, 9, 23], [10, 14, 11, 13], [12, 19, 13, 20], [14, 1, 15, 2], [16, 22, 17, 21], [18, 5, 19, 6], [20, 11, 21, 12], [22, 8, 23, 7], [24, 3, 1, 4], [2, 15, 3, 16]]"
12a_0351_99,"[[2, 15, 3, 16], [4, 10, 5, 9], [6, 17, 7, 18], [8, 24, 9, 23], [10, 14, 11, 13], [12, 19, 13, 20], [14, 1, 15, 2], [16, 22, 17, 21], [18, 5, 19, 6], [20, 11, 21, 12], [22, 8, 23, 7], [24, 3, 1, 4]]"
12a_0351_100,"[[24, 3, 1, 4], [2, 15, 3, 16], [4, 10, 5, 9], [6, 17, 7, 18], [8, 24, 9, 23], [10, 14, 11, 13], [12, 19, 13, 20], [14, 1, 15, 2], [16, 22, 17, 21], [18, 5, 19, 6], [20, 11, 21, 12], [22, 8, 23, 7]]"
12a_0351_101,"[[22, 8, 23, 7], [24, 3, 1, 4], [2, 15, 3, 16], [4, 10, 5, 9], [6, 17, 7, 18], [8, 24, 9, 23], [10, 14, 11, 13], [12, 19, 13, 20], [14, 1, 15, 2], [16, 22, 17, 21], [18, 5, 19, 6], [20, 11, 21, 12]]"
12a_0351_102,"[[20, 11, 21, 12], [22, 8, 23, 7], [24, 3, 1, 4], [2, 15, 3, 16], [4, 10, 5, 9], [6, 17, 7, 18], [8, 24, 9, 23], [10, 14, 11, 13], [12, 19, 13, 20], [14, 1, 15, 2], [16, 22, 17, 21], [18, 5, 19, 6]]"
12a_0351_103,"[[18, 5, 19, 6], [20, 11, 21, 12], [22, 8, 23, 7], [24, 3, 1, 4], [2, 15, 3, 16], [4, 10, 5, 9], [6, 17, 7, 18], [8, 24, 9, 23], [10, 14, 11, 13], [12, 19, 13, 20], [14, 1, 15, 2], [16, 22, 17, 21]]"
12a_0351_104,"[[16, 22, 17, 21], [18, 5, 19, 6], [20, 11, 21, 12], [22, 8, 23, 7], [24, 3, 1, 4], [2, 15, 3, 16], [4, 10, 5, 9], [6, 17, 7, 18], [8, 24, 9, 23], [10, 14, 11, 13], [12, 19, 13, 20], [14, 1, 15, 2]]"
12a_0351_105,"[[14, 1, 15, 2], [16, 22, 17, 21], [18, 5, 19, 6], [20, 11, 21, 12], [22, 8, 23, 7], [24, 3, 1, 4], [2, 15, 3, 16], [4, 10, 5, 9], [6, 17, 7, 18], [8, 24, 9, 23], [10, 14, 11, 13], [12, 19, 13, 20]]"
12a_0351_106,"[[12, 19, 13, 20], [14, 1, 15, 2], [16, 22, 17, 21], [18, 5, 19, 6], [20, 11, 21, 12], [22, 8, 23, 7], [24, 3, 1, 4], [2, 15, 3, 16], [4, 10, 5, 9], [6, 17, 7, 18], [8, 24, 9, 23], [10, 14, 11, 13]]"
12a_0351_107,"[[10, 14, 11, 13], [12, 19, 13, 20], [14, 1, 15, 2], [16, 22, 17, 21], [18, 5, 19, 6], [20, 11, 21, 12], [22, 8, 23, 7], [24, 3, 1, 4], [2, 15, 3, 16], [4, 10, 5, 9], [6, 17, 7, 18], [8, 24, 9, 23]]"
12a_0351_108,"[[9, 1, 10, 24], [11, 15, 12, 14], [13, 20, 14, 21], [15, 2, 16, 3], [17, 23, 18, 22], [19, 6, 20, 7], [21, 12, 22, 13], [23, 9, 24, 8], [1, 4, 2, 5], [3, 16, 4, 17], [5, 11, 6, 10], [7, 18, 8, 19]]"
12a_0351_109,"[[7, 18, 8, 19], [9, 1, 10, 24], [11, 15, 12, 14], [13, 20, 14, 21], [15, 2, 16, 3], [17, 23, 18, 22], [19, 6, 20, 7], [21, 12, 22, 13], [23, 9, 24, 8], [1, 4, 2, 5], [3, 16, 4, 17], [5, 11, 6, 10]]"
12a_0351_110,"[[5, 11, 6, 10], [7, 18, 8, 19], [9, 1, 10, 24], [11, 15, 12, 14], [13, 20, 14, 21], [15, 2, 16, 3], [17, 23, 18, 22], [19, 6, 20, 7], [21, 12, 22, 13], [23, 9, 24, 8], [1, 4, 2, 5], [3, 16, 4, 17]]"
12a_0351_111,"[[3, 16, 4, 17], [5, 11, 6, 10], [7, 18, 8, 19], [9, 1, 10, 24], [11, 15, 12, 14], [13, 20, 14, 21], [15, 2, 16, 3], [17, 23, 18, 22], [19, 6, 20, 7], [21, 12, 22, 13], [23, 9, 24, 8], [1, 4, 2, 5]]"
12a_0351_112,"[[1, 4, 2, 5], [3, 16, 4, 17], [5, 11, 6, 10], [7, 18, 8, 19], [9, 1, 10, 24], [11, 15, 12, 14], [13, 20, 14, 21], [15, 2, 16, 3], [17, 23, 18, 22], [19, 6, 20, 7], [21, 12, 22, 13], [23, 9, 24, 8]]"
12a_0351_113,"[[23, 9, 24, 8], [1, 4, 2, 5], [3, 16, 4, 17], [5, 11, 6, 10], [7, 18, 8, 19], [9, 1, 10, 24], [11, 15, 12, 14], [13, 20, 14, 21], [15, 2, 16, 3], [17, 23, 18, 22], [19, 6, 20, 7], [21, 12, 22, 13]]"
12a_0351_114,"[[21, 12, 22, 13], [23, 9, 24, 8], [1, 4, 2, 5], [3, 16, 4, 17], [5, 11, 6, 10], [7, 18, 8, 19], [9, 1, 10, 24], [11, 15, 12, 14], [13, 20, 14, 21], [15, 2, 16, 3], [17, 23, 18, 22], [19, 6, 20, 7]]"
12a_0351_115,"[[19, 6, 20, 7], [21, 12, 22, 13], [23, 9, 24, 8], [1, 4, 2, 5], [3, 16, 4, 17], [5, 11, 6, 10], [7, 18, 8, 19], [9, 1, 10, 24], [11, 15, 12, 14], [13, 20, 14, 21], [15, 2, 16, 3], [17, 23, 18, 22]]"
12a_0351_116,"[[17, 23, 18, 22], [19, 6, 20, 7], [21, 12, 22, 13], [23, 9, 24, 8], [1, 4, 2, 5], [3, 16, 4, 17], [5, 11, 6, 10], [7, 18, 8, 19], [9, 1, 10, 24], [11, 15, 12, 14], [13, 20, 14, 21], [15, 2, 16, 3]]"
12a_0351_117,"[[15, 2, 16, 3], [17, 23, 18, 22], [19, 6, 20, 7], [21, 12, 22, 13], [23, 9, 24, 8], [1, 4, 2, 5], [3, 16, 4, 17], [5, 11, 6, 10], [7, 18, 8, 19], [9, 1, 10, 24], [11, 15, 12, 14], [13, 20, 14, 21]]"
12a_0351_118,"[[13, 20, 14, 21], [15, 2, 16, 3], [17, 23, 18, 22], [19, 6, 20, 7], [21, 12, 22, 13], [23, 9, 24, 8], [1, 4, 2, 5], [3, 16, 4, 17], [5, 11, 6, 10], [7, 18, 8, 19], [9, 1, 10, 24], [11, 15, 12, 14]]"
12a_0351_119,"[[11, 15, 12, 14], [13, 20, 14, 21], [15, 2, 16, 3], [17, 23, 18, 22], [19, 6, 20, 7], [21, 12, 22, 13], [23, 9, 24, 8], [1, 4, 2, 5], [3, 16, 4, 17], [5, 11, 6, 10], [7, 18, 8, 19], [9, 1, 10, 24]]"
12a_0351_120,"[[10, 2, 11, 1], [12, 16, 13, 15], [14, 21, 15, 22], [16, 3, 17, 4], [18, 24, 19, 23], [20, 7, 21, 8], [22, 13, 23, 14], [24, 10, 1, 9], [2, 5, 3, 6], [4, 17, 5, 18], [6, 12, 7, 11], [8, 19, 9, 20]]"
12a_0351_121,"[[8, 19, 9, 20], [10, 2, 11, 1], [12, 16, 13, 15], [14, 21, 15, 22], [16, 3, 17, 4], [18, 24, 19, 23], [20, 7, 21, 8], [22, 13, 23, 14], [24, 10, 1, 9], [2, 5, 3, 6], [4, 17, 5, 18], [6, 12, 7, 11]]"
12a_0351_122,"[[6, 12, 7, 11], [8, 19, 9, 20], [10, 2, 11, 1], [12, 16, 13, 15], [14, 21, 15, 22], [16, 3, 17, 4], [18, 24, 19, 23], [20, 7, 21, 8], [22, 13, 23, 14], [24, 10, 1, 9], [2, 5, 3, 6], [4, 17, 5, 18]]"
12a_0351_123,"[[4, 17, 5, 18], [6, 12, 7, 11], [8, 19, 9, 20], [10, 2, 11, 1], [12, 16, 13, 15], [14, 21, 15, 22], [16, 3, 17, 4], [18, 24, 19, 23], [20, 7, 21, 8], [22, 13, 23, 14], [24, 10, 1, 9], [2, 5, 3, 6]]"
12a_0351_124,"[[2, 5, 3, 6], [4, 17, 5, 18], [6, 12, 7, 11], [8, 19, 9, 20], [10, 2, 11, 1], [12, 16, 13, 15], [14, 21, 15, 22], [16, 3, 17, 4], [18, 24, 19, 23], [20, 7, 21, 8], [22, 13, 23, 14], [24, 10, 1, 9]]"
12a_0351_125,"[[24, 10, 1, 9], [2, 5, 3, 6], [4, 17, 5, 18], [6, 12, 7, 11], [8, 19, 9, 20], [10, 2, 11, 1], [12, 16, 13, 15], [14, 21, 15, 22], [16, 3, 17, 4], [18, 24, 19, 23], [20, 7, 21, 8], [22, 13, 23, 14]]"
12a_0351_126,"[[22, 13, 23, 14], [24, 10, 1, 9], [2, 5, 3, 6], [4, 17, 5, 18], [6, 12, 7, 11], [8, 19, 9, 20], [10, 2, 11, 1], [12, 16, 13, 15], [14, 21, 15, 22], [16, 3, 17, 4], [18, 24, 19, 23], [20, 7, 21, 8]]"
12a_0351_127,"[[20, 7, 21, 8], [22, 13, 23, 14], [24, 10, 1, 9], [2, 5, 3, 6], [4, 17, 5, 18], [6, 12, 7, 11], [8, 19, 9, 20], [10, 2, 11, 1], [12, 16, 13, 15], [14, 21, 15, 22], [16, 3, 17, 4], [18, 24, 19, 23]]"
12a_0351_128,"[[18, 24, 19, 23], [20, 7, 21, 8], [22, 13, 23, 14], [24, 10, 1, 9], [2, 5, 3, 6], [4, 17, 5, 18], [6, 12, 7, 11], [8, 19, 9, 20], [10, 2, 11, 1], [12, 16, 13, 15], [14, 21, 15, 22], [16, 3, 17, 4]]"
12a_0351_129,"[[16, 3, 17, 4], [18, 24, 19, 23], [20, 7, 21, 8], [22, 13, 23, 14], [24, 10, 1, 9], [2, 5, 3, 6], [4, 17, 5, 18], [6, 12, 7, 11], [8, 19, 9, 20], [10, 2, 11, 1], [12, 16, 13, 15], [14, 21, 15, 22]]"
12a_0351_130,"[[14, 21, 15, 22], [16, 3, 17, 4], [18, 24, 19, 23], [20, 7, 21, 8], [22, 13, 23, 14], [24, 10, 1, 9], [2, 5, 3, 6], [4, 17, 5, 18], [6, 12, 7, 11], [8, 19, 9, 20], [10, 2, 11, 1], [12, 16, 13, 15]]"
12a_0351_131,"[[12, 16, 13, 15], [14, 21, 15, 22], [16, 3, 17, 4], [18, 24, 19, 23], [20, 7, 21, 8], [22, 13, 23, 14], [24, 10, 1, 9], [2, 5, 3, 6], [4, 17, 5, 18], [6, 12, 7, 11], [8, 19, 9, 20], [10, 2, 11, 1]]"
12a_0351_132,"[[11, 3, 12, 2], [13, 17, 14, 16], [15, 22, 16, 23], [17, 4, 18, 5], [19, 1, 20, 24], [21, 8, 22, 9], [23, 14, 24, 15], [1, 11, 2, 10], [3, 6, 4, 7], [5, 18, 6, 19], [7, 13, 8, 12], [9, 20, 10, 21]]"
12a_0351_133,"[[9, 20, 10, 21], [11, 3, 12, 2], [13, 17, 14, 16], [15, 22, 16, 23], [17, 4, 18, 5], [19, 1, 20, 24], [21, 8, 22, 9], [23, 14, 24, 15], [1, 11, 2, 10], [3, 6, 4, 7], [5, 18, 6, 19], [7, 13, 8, 12]]"
12a_0351_134,"[[7, 13, 8, 12], [9, 20, 10, 21], [11, 3, 12, 2], [13, 17, 14, 16], [15, 22, 16, 23], [17, 4, 18, 5], [19, 1, 20, 24], [21, 8, 22, 9], [23, 14, 24, 15], [1, 11, 2, 10], [3, 6, 4, 7], [5, 18, 6, 19]]"
12a_0351_135,"[[5, 18, 6, 19], [7, 13, 8, 12], [9, 20, 10, 21], [11, 3, 12, 2], [13, 17, 14, 16], [15, 22, 16, 23], [17, 4, 18, 5], [19, 1, 20, 24], [21, 8, 22, 9], [23, 14, 24, 15], [1, 11, 2, 10], [3, 6, 4, 7]]"
12a_0351_136,"[[3, 6, 4, 7], [5, 18, 6, 19], [7, 13, 8, 12], [9, 20, 10, 21], [11, 3, 12, 2], [13, 17, 14, 16], [15, 22, 16, 23], [17, 4, 18, 5], [19, 1, 20, 24], [21, 8, 22, 9], [23, 14, 24, 15], [1, 11, 2, 10]]"
12a_0351_137,"[[1, 11, 2, 10], [3, 6, 4, 7], [5, 18, 6, 19], [7, 13, 8, 12], [9, 20, 10, 21], [11, 3, 12, 2], [13, 17, 14, 16], [15, 22, 16, 23], [17, 4, 18, 5], [19, 1, 20, 24], [21, 8, 22, 9], [23, 14, 24, 15]]"
12a_0351_138,"[[23, 14, 24, 15], [1, 11, 2, 10], [3, 6, 4, 7], [5, 18, 6, 19], [7, 13, 8, 12], [9, 20, 10, 21], [11, 3, 12, 2], [13, 17, 14, 16], [15, 22, 16, 23], [17, 4, 18, 5], [19, 1, 20, 24], [21, 8, 22, 9]]"
12a_0351_139,"[[21, 8, 22, 9], [23, 14, 24, 15], [1, 11, 2, 10], [3, 6, 4, 7], [5, 18, 6, 19], [7, 13, 8, 12], [9, 20, 10, 21], [11, 3, 12, 2], [13, 17, 14, 16], [15, 22, 16, 23], [17, 4, 18, 5], [19, 1, 20, 24]]"
12a_0351_140,"[[19, 1, 20, 24], [21, 8, 22, 9], [23, 14, 24, 15], [1, 11, 2, 10], [3, 6, 4, 7], [5, 18, 6, 19], [7, 13, 8, 12], [9, 20, 10, 21], [11, 3, 12, 2], [13, 17, 14, 16], [15, 22, 16, 23], [17, 4, 18, 5]]"
12a_0351_141,"[[17, 4, 18, 5], [19, 1, 20, 24], [21, 8, 22, 9], [23, 14, 24, 15], [1, 11, 2, 10], [3, 6, 4, 7], [5, 18, 6, 19], [7, 13, 8, 12], [9, 20, 10, 21], [11, 3, 12, 2], [13, 17, 14, 16], [15, 22, 16, 23]]"
12a_0351_142,"[[15, 22, 16, 23], [17, 4, 18, 5], [19, 1, 20, 24], [21, 8, 22, 9], [23, 14, 24, 15], [1, 11, 2, 10], [3, 6, 4, 7], [5, 18, 6, 19], [7, 13, 8, 12], [9, 20, 10, 21], [11, 3, 12, 2], [13, 17, 14, 16]]"
12a_0351_143,"[[13, 17, 14, 16], [15, 22, 16, 23], [17, 4, 18, 5], [19, 1, 20, 24], [21, 8, 22, 9], [23, 14, 24, 15], [1, 11, 2, 10], [3, 6, 4, 7], [5, 18, 6, 19], [7, 13, 8, 12], [9, 20, 10, 21], [11, 3, 12, 2]]"
12a_0351_144,"[[12, 4, 13, 3], [14, 18, 15, 17], [16, 23, 17, 24], [18, 5, 19, 6], [20, 2, 21, 1], [22, 9, 23, 10], [24, 15, 1, 16], [2, 12, 3, 11], [4, 7, 5, 8], [6, 19, 7, 20], [8, 14, 9, 13], [10, 21, 11, 22]]"
12a_0351_145,"[[10, 21, 11, 22], [12, 4, 13, 3], [14, 18, 15, 17], [16, 23, 17, 24], [18, 5, 19, 6], [20, 2, 21, 1], [22, 9, 23, 10], [24, 15, 1, 16], [2, 12, 3, 11], [4, 7, 5, 8], [6, 19, 7, 20], [8, 14, 9, 13]]"
12a_0351_146,"[[8, 14, 9, 13], [10, 21, 11, 22], [12, 4, 13, 3], [14, 18, 15, 17], [16, 23, 17, 24], [18, 5, 19, 6], [20, 2, 21, 1], [22, 9, 23, 10], [24, 15, 1, 16], [2, 12, 3, 11], [4, 7, 5, 8], [6, 19, 7, 20]]"
12a_0351_147,"[[6, 19, 7, 20], [8, 14, 9, 13], [10, 21, 11, 22], [12, 4, 13, 3], [14, 18, 15, 17], [16, 23, 17, 24], [18, 5, 19, 6], [20, 2, 21, 1], [22, 9, 23, 10], [24, 15, 1, 16], [2, 12, 3, 11], [4, 7, 5, 8]]"
12a_0351_148,"[[4, 7, 5, 8], [6, 19, 7, 20], [8, 14, 9, 13], [10, 21, 11, 22], [12, 4, 13, 3], [14, 18, 15, 17], [16, 23, 17, 24], [18, 5, 19, 6], [20, 2, 21, 1], [22, 9, 23, 10], [24, 15, 1, 16], [2, 12, 3, 11]]"
12a_0351_149,"[[2, 12, 3, 11], [4, 7, 5, 8], [6, 19, 7, 20], [8, 14, 9, 13], [10, 21, 11, 22], [12, 4, 13, 3], [14, 18, 15, 17], [16, 23, 17, 24], [18, 5, 19, 6], [20, 2, 21, 1], [22, 9, 23, 10], [24, 15, 1, 16]]"
12a_0351_150,"[[24, 15, 1, 16], [2, 12, 3, 11], [4, 7, 5, 8], [6, 19, 7, 20], [8, 14, 9, 13], [10, 21, 11, 22], [12, 4, 13, 3], [14, 18, 15, 17], [16, 23, 17, 24], [18, 5, 19, 6], [20, 2, 21, 1], [22, 9, 23, 10]]"
12a_0351_151,"[[22, 9, 23, 10], [24, 15, 1, 16], [2, 12, 3, 11], [4, 7, 5, 8], [6, 19, 7, 20], [8, 14, 9, 13], [10, 21, 11, 22], [12, 4, 13, 3], [14, 18, 15, 17], [16, 23, 17, 24], [18, 5, 19, 6], [20, 2, 21, 1]]"
12a_0351_152,"[[20, 2, 21, 1], [22, 9, 23, 10], [24, 15, 1, 16], [2, 12, 3, 11], [4, 7, 5, 8], [6, 19, 7, 20], [8, 14, 9, 13], [10, 21, 11, 22], [12, 4, 13, 3], [14, 18, 15, 17], [16, 23, 17, 24], [18, 5, 19, 6]]"
12a_0351_153,"[[18, 5, 19, 6], [20, 2, 21, 1], [22, 9, 23, 10], [24, 15, 1, 16], [2, 12, 3, 11], [4, 7, 5, 8], [6, 19, 7, 20], [8, 14, 9, 13], [10, 21, 11, 22], [12, 4, 13, 3], [14, 18, 15, 17], [16, 23, 17, 24]]"
12a_0351_154,"[[16, 23, 17, 24], [18, 5, 19, 6], [20, 2, 21, 1], [22, 9, 23, 10], [24, 15, 1, 16], [2, 12, 3, 11], [4, 7, 5, 8], [6, 19, 7, 20], [8, 14, 9, 13], [10, 21, 11, 22], [12, 4, 13, 3], [14, 18, 15, 17]]"
12a_0351_155,"[[14, 18, 15, 17], [16, 23, 17, 24], [18, 5, 19, 6], [20, 2, 21, 1], [22, 9, 23, 10], [24, 15, 1, 16], [2, 12, 3, 11], [4, 7, 5, 8], [6, 19, 7, 20], [8, 14, 9, 13], [10, 21, 11, 22], [12, 4, 13, 3]]"
12a_0351_156,"[[13, 5, 14, 4], [15, 19, 16, 18], [17, 24, 18, 1], [19, 6, 20, 7], [21, 3, 22, 2], [23, 10, 24, 11], [1, 16, 2, 17], [3, 13, 4, 12], [5, 8, 6, 9], [7, 20, 8, 21], [9, 15, 10, 14], [11, 22, 12, 23]]"
12a_0351_157,"[[11, 22, 12, 23], [13, 5, 14, 4], [15, 19, 16, 18], [17, 24, 18, 1], [19, 6, 20, 7], [21, 3, 22, 2], [23, 10, 24, 11], [1, 16, 2, 17], [3, 13, 4, 12], [5, 8, 6, 9], [7, 20, 8, 21], [9, 15, 10, 14]]"
12a_0351_158,"[[9, 15, 10, 14], [11, 22, 12, 23], [13, 5, 14, 4], [15, 19, 16, 18], [17, 24, 18, 1], [19, 6, 20, 7], [21, 3, 22, 2], [23, 10, 24, 11], [1, 16, 2, 17], [3, 13, 4, 12], [5, 8, 6, 9], [7, 20, 8, 21]]"
12a_0351_159,"[[7, 20, 8, 21], [9, 15, 10, 14], [11, 22, 12, 23], [13, 5, 14, 4], [15, 19, 16, 18], [17, 24, 18, 1], [19, 6, 20, 7], [21, 3, 22, 2], [23, 10, 24, 11], [1, 16, 2, 17], [3, 13, 4, 12], [5, 8, 6, 9]]"
12a_0351_160,"[[5, 8, 6, 9], [7, 20, 8, 21], [9, 15, 10, 14], [11, 22, 12, 23], [13, 5, 14, 4], [15, 19, 16, 18], [17, 24, 18, 1], [19, 6, 20, 7], [21, 3, 22, 2], [23, 10, 24, 11], [1, 16, 2, 17], [3, 13, 4, 12]]"
12a_0351_161,"[[3, 13, 4, 12], [5, 8, 6, 9], [7, 20, 8, 21], [9, 15, 10, 14], [11, 22, 12, 23], [13, 5, 14, 4], [15, 19, 16, 18], [17, 24, 18, 1], [19, 6, 20, 7], [21, 3, 22, 2], [23, 10, 24, 11], [1, 16, 2, 17]]"
12a_0351_162,"[[1, 16, 2, 17], [3, 13, 4, 12], [5, 8, 6, 9], [7, 20, 8, 21], [9, 15, 10, 14], [11, 22, 12, 23], [13, 5, 14, 4], [15, 19, 16, 18], [17, 24, 18, 1], [19, 6, 20, 7], [21, 3, 22, 2], [23, 10, 24, 11]]"
12a_0351_163,"[[23, 10, 24, 11], [1, 16, 2, 17], [3, 13, 4, 12], [5, 8, 6, 9], [7, 20, 8, 21], [9, 15, 10, 14], [11, 22, 12, 23], [13, 5, 14, 4], [15, 19, 16, 18], [17, 24, 18, 1], [19, 6, 20, 7], [21, 3, 22, 2]]"
12a_0351_164,"[[21, 3, 22, 2], [23, 10, 24, 11], [1, 16, 2, 17], [3, 13, 4, 12], [5, 8, 6, 9], [7, 20, 8, 21], [9, 15, 10, 14], [11, 22, 12, 23], [13, 5, 14, 4], [15, 19, 16, 18], [17, 24, 18, 1], [19, 6, 20, 7]]"
12a_0351_165,"[[19, 6, 20, 7], [21, 3, 22, 2], [23, 10, 24, 11], [1, 16, 2, 17], [3, 13, 4, 12], [5, 8, 6, 9], [7, 20, 8, 21], [9, 15, 10, 14], [11, 22, 12, 23], [13, 5, 14, 4], [15, 19, 16, 18], [17, 24, 18, 1]]"
12a_0351_166,"[[17, 24, 18, 1], [19, 6, 20, 7], [21, 3, 22, 2], [23, 10, 24, 11], [1, 16, 2, 17], [3, 13, 4, 12], [5, 8, 6, 9], [7, 20, 8, 21], [9, 15, 10, 14], [11, 22, 12, 23], [13, 5, 14, 4], [15, 19, 16, 18]]"
12a_0351_167,"[[15, 19, 16, 18], [17, 24, 18, 1], [19, 6, 20, 7], [21, 3, 22, 2], [23, 10, 24, 11], [1, 16, 2, 17], [3, 13, 4, 12], [5, 8, 6, 9], [7, 20, 8, 21], [9, 15, 10, 14], [11, 22, 12, 23], [13, 5, 14, 4]]"
12a_0351_168,"[[14, 6, 15, 5], [16, 20, 17, 19], [18, 1, 19, 2], [20, 7, 21, 8], [22, 4, 23, 3], [24, 11, 1, 12], [2, 17, 3, 18], [4, 14, 5, 13], [6, 9, 7, 10], [8, 21, 9, 22], [10, 16, 11, 15], [12, 23, 13, 24]]"
12a_0351_169,"[[12, 23, 13, 24], [14, 6, 15, 5], [16, 20, 17, 19], [18, 1, 19, 2], [20, 7, 21, 8], [22, 4, 23, 3], [24, 11, 1, 12], [2, 17, 3, 18], [4, 14, 5, 13], [6, 9, 7, 10], [8, 21, 9, 22], [10, 16, 11, 15]]"
12a_0351_170,"[[10, 16, 11, 15], [12, 23, 13, 24], [14, 6, 15, 5], [16, 20, 17, 19], [18, 1, 19, 2], [20, 7, 21, 8], [22, 4, 23, 3], [24, 11, 1, 12], [2, 17, 3, 18], [4, 14, 5, 13], [6, 9, 7, 10], [8, 21, 9, 22]]"
12a_0351_171,"[[8, 21, 9, 22], [10, 16, 11, 15], [12, 23, 13, 24], [14, 6, 15, 5], [16, 20, 17, 19], [18, 1, 19, 2], [20, 7, 21, 8], [22, 4, 23, 3], [24, 11, 1, 12], [2, 17, 3, 18], [4, 14, 5, 13], [6, 9, 7, 10]]"
12a_0351_172,"[[6, 9, 7, 10], [8, 21, 9, 22], [10, 16, 11, 15], [12, 23, 13, 24], [14, 6, 15, 5], [16, 20, 17, 19], [18, 1, 19, 2], [20, 7, 21, 8], [22, 4, 23, 3], [24, 11, 1, 12], [2, 17, 3, 18], [4, 14, 5, 13]]"
12a_0351_173,"[[4, 14, 5, 13], [6, 9, 7, 10], [8, 21, 9, 22], [10, 16, 11, 15], [12, 23, 13, 24], [14, 6, 15, 5], [16, 20, 17, 19], [18, 1, 19, 2], [20, 7, 21, 8], [22, 4, 23, 3], [24, 11, 1, 12], [2, 17, 3, 18]]"
12a_0351_174,"[[2, 17, 3, 18], [4, 14, 5, 13], [6, 9, 7, 10], [8, 21, 9, 22], [10, 16, 11, 15], [12, 23, 13, 24], [14, 6, 15, 5], [16, 20, 17, 19], [18, 1, 19, 2], [20, 7, 21, 8], [22, 4, 23, 3], [24, 11, 1, 12]]"
12a_0351_175,"[[24, 11, 1, 12], [2, 17, 3, 18], [4, 14, 5, 13], [6, 9, 7, 10], [8, 21, 9, 22], [10, 16, 11, 15], [12, 23, 13, 24], [14, 6, 15, 5], [16, 20, 17, 19], [18, 1, 19, 2], [20, 7, 21, 8], [22, 4, 23, 3]]"
12a_0351_176,"[[22, 4, 23, 3], [24, 11, 1, 12], [2, 17, 3, 18], [4, 14, 5, 13], [6, 9, 7, 10], [8, 21, 9, 22], [10, 16, 11, 15], [12, 23, 13, 24], [14, 6, 15, 5], [16, 20, 17, 19], [18, 1, 19, 2], [20, 7, 21, 8]]"
12a_0351_177,"[[20, 7, 21, 8], [22, 4, 23, 3], [24, 11, 1, 12], [2, 17, 3, 18], [4, 14, 5, 13], [6, 9, 7, 10], [8, 21, 9, 22], [10, 16, 11, 15], [12, 23, 13, 24], [14, 6, 15, 5], [16, 20, 17, 19], [18, 1, 19, 2]]"
12a_0351_178,"[[18, 1, 19, 2], [20, 7, 21, 8], [22, 4, 23, 3], [24, 11, 1, 12], [2, 17, 3, 18], [4, 14, 5, 13], [6, 9, 7, 10], [8, 21, 9, 22], [10, 16, 11, 15], [12, 23, 13, 24], [14, 6, 15, 5], [16, 20, 17, 19]]"
12a_0351_179,"[[16, 20, 17, 19], [18, 1, 19, 2], [20, 7, 21, 8], [22, 4, 23, 3], [24, 11, 1, 12], [2, 17, 3, 18], [4, 14, 5, 13], [6, 9, 7, 10], [8, 21, 9, 22], [10, 16, 11, 15], [12, 23, 13, 24], [14, 6, 15, 5]]"
12a_0351_180,"[[15, 7, 16, 6], [17, 21, 18, 20], [19, 2, 20, 3], [21, 8, 22, 9], [23, 5, 24, 4], [1, 12, 2, 13], [3, 18, 4, 19], [5, 15, 6, 14], [7, 10, 8, 11], [9, 22, 10, 23], [11, 17, 12, 16], [13, 24, 14, 1]]"
12a_0351_181,"[[13, 24, 14, 1], [15, 7, 16, 6], [17, 21, 18, 20], [19, 2, 20, 3], [21, 8, 22, 9], [23, 5, 24, 4], [1, 12, 2, 13], [3, 18, 4, 19], [5, 15, 6, 14], [7, 10, 8, 11], [9, 22, 10, 23], [11, 17, 12, 16]]"
12a_0351_182,"[[11, 17, 12, 16], [13, 24, 14, 1], [15, 7, 16, 6], [17, 21, 18, 20], [19, 2, 20, 3], [21, 8, 22, 9], [23, 5, 24, 4], [1, 12, 2, 13], [3, 18, 4, 19], [5, 15, 6, 14], [7, 10, 8, 11], [9, 22, 10, 23]]"
12a_0351_183,"[[9, 22, 10, 23], [11, 17, 12, 16], [13, 24, 14, 1], [15, 7, 16, 6], [17, 21, 18, 20], [19, 2, 20, 3], [21, 8, 22, 9], [23, 5, 24, 4], [1, 12, 2, 13], [3, 18, 4, 19], [5, 15, 6, 14], [7, 10, 8, 11]]"
12a_0351_184,"[[7, 10, 8, 11], [9, 22, 10, 23], [11, 17, 12, 16], [13, 24, 14, 1], [15, 7, 16, 6], [17, 21, 18, 20], [19, 2, 20, 3], [21, 8, 22, 9], [23, 5, 24, 4], [1, 12, 2, 13], [3, 18, 4, 19], [5, 15, 6, 14]]"
12a_0351_185,"[[5, 15, 6, 14], [7, 10, 8, 11], [9, 22, 10, 23], [11, 17, 12, 16], [13, 24, 14, 1], [15, 7, 16, 6], [17, 21, 18, 20], [19, 2, 20, 3], [21, 8, 22, 9], [23, 5, 24, 4], [1, 12, 2, 13], [3, 18, 4, 19]]"
