name,pd_notation
12a_1203_0,"[[24, 15, 1, 16], [2, 8, 3, 7], [4, 22, 5, 21], [6, 14, 7, 13], [8, 17, 9, 18], [10, 19, 11, 20], [12, 6, 13, 5], [14, 23, 15, 24], [16, 1, 17, 2], [18, 9, 19, 10], [20, 4, 21, 3], [22, 11, 23, 12]]"
12a_1203_1,"[[22, 11, 23, 12], [24, 15, 1, 16], [2, 8, 3, 7], [4, 22, 5, 21], [6, 14, 7, 13], [8, 17, 9, 18], [10, 19, 11, 20], [12, 6, 13, 5], [14, 23, 15, 24], [16, 1, 17, 2], [18, 9, 19, 10], [20, 4, 21, 3]]"
12a_1203_2,"[[20, 4, 21, 3], [22, 11, 23, 12], [24, 15, 1, 16], [2, 8, 3, 7], [4, 22, 5, 21], [6, 14, 7, 13], [8, 17, 9, 18], [10, 19, 11, 20], [12, 6, 13, 5], [14, 23, 15, 24], [16, 1, 17, 2], [18, 9, 19, 10]]"
12a_1203_3,"[[18, 9, 19, 10], [20, 4, 21, 3], [22, 11, 23, 12], [24, 15, 1, 16], [2, 8, 3, 7], [4, 22, 5, 21], [6, 14, 7, 13], [8, 17, 9, 18], [10, 19, 11, 20], [12, 6, 13, 5], [14, 23, 15, 24], [16, 1, 17, 2]]"
12a_1203_4,"[[16, 1, 17, 2], [18, 9, 19, 10], [20, 4, 21, 3], [22, 11, 23, 12], [24, 15, 1, 16], [2, 8, 3, 7], [4, 22, 5, 21], [6, 14, 7, 13], [8, 17, 9, 18], [10, 19, 11, 20], [12, 6, 13, 5], [14, 23, 15, 24]]"
12a_1203_5,"[[14, 23, 15, 24], [16, 1, 17, 2], [18, 9, 19, 10], [20, 4, 21, 3], [22, 11, 23, 12], [24, 15, 1, 16], [2, 8, 3, 7], [4, 22, 5, 21], [6, 14, 7, 13], [8, 17, 9, 18], [10, 19, 11, 20], [12, 6, 13, 5]]"
12a_1203_6,"[[12, 6, 13, 5], [14, 23, 15, 24], [16, 1, 17, 2], [18, 9, 19, 10], [20, 4, 21, 3], [22, 11, 23, 12], [24, 15, 1, 16], [2, 8, 3, 7], [4, 22, 5, 21], [6, 14, 7, 13], [8, 17, 9, 18], [10, 19, 11, 20]]"
12a_1203_7,"[[10, 19, 11, 20], [12, 6, 13, 5], [14, 23, 15, 24], [16, 1, 17, 2], [18, 9, 19, 10], [20, 4, 21, 3], [22, 11, 23, 12], [24, 15, 1, 16], [2, 8, 3, 7], [4, 22, 5, 21], [6, 14, 7, 13], [8, 17, 9, 18]]"
12a_1203_8,"[[8, 17, 9, 18], [10, 19, 11, 20], [12, 6, 13, 5], [14, 23, 15, 24], [16, 1, 17, 2], [18, 9, 19, 10], [20, 4, 21, 3], [22, 11, 23, 12], [24, 15, 1, 16], [2, 8, 3, 7], [4, 22, 5, 21], [6, 14, 7, 13]]"
12a_1203_9,"[[6, 14, 7, 13], [8, 17, 9, 18], [10, 19, 11, 20], [12, 6, 13, 5], [14, 23, 15, 24], [16, 1, 17, 2], [18, 9, 19, 10], [20, 4, 21, 3], [22, 11, 23, 12], [24, 15, 1, 16], [2, 8, 3, 7], [4, 22, 5, 21]]"
12a_1203_10,"[[4, 22, 5, 21], [6, 14, 7, 13], [8, 17, 9, 18], [10, 19, 11, 20], [12, 6, 13, 5], [14, 23, 15, 24], [16, 1, 17, 2], [18, 9, 19, 10], [20, 4, 21, 3], [22, 11, 23, 12], [24, 15, 1, 16], [2, 8, 3, 7]]"
12a_1203_11,"[[2, 8, 3, 7], [4, 22, 5, 21], [6, 14, 7, 13], [8, 17, 9, 18], [10, 19, 11, 20], [12, 6, 13, 5], [14, 23, 15, 24], [16, 1, 17, 2], [18, 9, 19, 10], [20, 4, 21, 3], [22, 11, 23, 12], [24, 15, 1, 16]]"
12a_1203_12,"[[1, 16, 2, 17], [3, 9, 4, 8], [5, 23, 6, 22], [7, 15, 8, 14], [9, 18, 10, 19], [11, 20, 12, 21], [13, 7, 14, 6], [15, 24, 16, 1], [17, 2, 18, 3], [19, 10, 20, 11], [21, 5, 22, 4], [23, 12, 24, 13]]"
12a_1203_13,"[[23, 12, 24, 13], [1, 16, 2, 17], [3, 9, 4, 8], [5, 23, 6, 22], [7, 15, 8, 14], [9, 18, 10, 19], [11, 20, 12, 21], [13, 7, 14, 6], [15, 24, 16, 1], [17, 2, 18, 3], [19, 10, 20, 11], [21, 5, 22, 4]]"
12a_1203_14,"[[21, 5, 22, 4], [23, 12, 24, 13], [1, 16, 2, 17], [3, 9, 4, 8], [5, 23, 6, 22], [7, 15, 8, 14], [9, 18, 10, 19], [11, 20, 12, 21], [13, 7, 14, 6], [15, 24, 16, 1], [17, 2, 18, 3], [19, 10, 20, 11]]"
12a_1203_15,"[[19, 10, 20, 11], [21, 5, 22, 4], [23, 12, 24, 13], [1, 16, 2, 17], [3, 9, 4, 8], [5, 23, 6, 22], [7, 15, 8, 14], [9, 18, 10, 19], [11, 20, 12, 21], [13, 7, 14, 6], [15, 24, 16, 1], [17, 2, 18, 3]]"
12a_1203_16,"[[17, 2, 18, 3], [19, 10, 20, 11], [21, 5, 22, 4], [23, 12, 24, 13], [1, 16, 2, 17], [3, 9, 4, 8], [5, 23, 6, 22], [7, 15, 8, 14], [9, 18, 10, 19], [11, 20, 12, 21], [13, 7, 14, 6], [15, 24, 16, 1]]"
12a_1203_17,"[[15, 24, 16, 1], [17, 2, 18, 3], [19, 10, 20, 11], [21, 5, 22, 4], [23, 12, 24, 13], [1, 16, 2, 17], [3, 9, 4, 8], [5, 23, 6, 22], [7, 15, 8, 14], [9, 18, 10, 19], [11, 20, 12, 21], [13, 7, 14, 6]]"
12a_1203_18,"[[13, 7, 14, 6], [15, 24, 16, 1], [17, 2, 18, 3], [19, 10, 20, 11], [21, 5, 22, 4], [23, 12, 24, 13], [1, 16, 2, 17], [3, 9, 4, 8], [5, 23, 6, 22], [7, 15, 8, 14], [9, 18, 10, 19], [11, 20, 12, 21]]"
12a_1203_19,"[[11, 20, 12, 21], [13, 7, 14, 6], [15, 24, 16, 1], [17, 2, 18, 3], [19, 10, 20, 11], [21, 5, 22, 4], [23, 12, 24, 13], [1, 16, 2, 17], [3, 9, 4, 8], [5, 23, 6, 22], [7, 15, 8, 14], [9, 18, 10, 19]]"
12a_1203_20,"[[9, 18, 10, 19], [11, 20, 12, 21], [13, 7, 14, 6], [15, 24, 16, 1], [17, 2, 18, 3], [19, 10, 20, 11], [21, 5, 22, 4], [23, 12, 24, 13], [1, 16, 2, 17], [3, 9, 4, 8], [5, 23, 6, 22], [7, 15, 8, 14]]"
12a_1203_21,"[[7, 15, 8, 14], [9, 18, 10, 19], [11, 20, 12, 21], [13, 7, 14, 6], [15, 24, 16, 1], [17, 2, 18, 3], [19, 10, 20, 11], [21, 5, 22, 4], [23, 12, 24, 13], [1, 16, 2, 17], [3, 9, 4, 8], [5, 23, 6, 22]]"
12a_1203_22,"[[5, 23, 6, 22], [7, 15, 8, 14], [9, 18, 10, 19], [11, 20, 12, 21], [13, 7, 14, 6], [15, 24, 16, 1], [17, 2, 18, 3], [19, 10, 20, 11], [21, 5, 22, 4], [23, 12, 24, 13], [1, 16, 2, 17], [3, 9, 4, 8]]"
12a_1203_23,"[[3, 9, 4, 8], [5, 23, 6, 22], [7, 15, 8, 14], [9, 18, 10, 19], [11, 20, 12, 21], [13, 7, 14, 6], [15, 24, 16, 1], [17, 2, 18, 3], [19, 10, 20, 11], [21, 5, 22, 4], [23, 12, 24, 13], [1, 16, 2, 17]]"
12a_1203_24,"[[2, 17, 3, 18], [4, 10, 5, 9], [6, 24, 7, 23], [8, 16, 9, 15], [10, 19, 11, 20], [12, 21, 13, 22], [14, 8, 15, 7], [16, 1, 17, 2], [18, 3, 19, 4], [20, 11, 21, 12], [22, 6, 23, 5], [24, 13, 1, 14]]"
12a_1203_25,"[[24, 13, 1, 14], [2, 17, 3, 18], [4, 10, 5, 9], [6, 24, 7, 23], [8, 16, 9, 15], [10, 19, 11, 20], [12, 21, 13, 22], [14, 8, 15, 7], [16, 1, 17, 2], [18, 3, 19, 4], [20, 11, 21, 12], [22, 6, 23, 5]]"
12a_1203_26,"[[22, 6, 23, 5], [24, 13, 1, 14], [2, 17, 3, 18], [4, 10, 5, 9], [6, 24, 7, 23], [8, 16, 9, 15], [10, 19, 11, 20], [12, 21, 13, 22], [14, 8, 15, 7], [16, 1, 17, 2], [18, 3, 19, 4], [20, 11, 21, 12]]"
12a_1203_27,"[[20, 11, 21, 12], [22, 6, 23, 5], [24, 13, 1, 14], [2, 17, 3, 18], [4, 10, 5, 9], [6, 24, 7, 23], [8, 16, 9, 15], [10, 19, 11, 20], [12, 21, 13, 22], [14, 8, 15, 7], [16, 1, 17, 2], [18, 3, 19, 4]]"
12a_1203_28,"[[18, 3, 19, 4], [20, 11, 21, 12], [22, 6, 23, 5], [24, 13, 1, 14], [2, 17, 3, 18], [4, 10, 5, 9], [6, 24, 7, 23], [8, 16, 9, 15], [10, 19, 11, 20], [12, 21, 13, 22], [14, 8, 15, 7], [16, 1, 17, 2]]"
12a_1203_29,"[[16, 1, 17, 2], [18, 3, 19, 4], [20, 11, 21, 12], [22, 6, 23, 5], [24, 13, 1, 14], [2, 17, 3, 18], [4, 10, 5, 9], [6, 24, 7, 23], [8, 16, 9, 15], [10, 19, 11, 20], [12, 21, 13, 22], [14, 8, 15, 7]]"
12a_1203_30,"[[14, 8, 15, 7], [16, 1, 17, 2], [18, 3, 19, 4], [20, 11, 21, 12], [22, 6, 23, 5], [24, 13, 1, 14], [2, 17, 3, 18], [4, 10, 5, 9], [6, 24, 7, 23], [8, 16, 9, 15], [10, 19, 11, 20], [12, 21, 13, 22]]"
12a_1203_31,"[[12, 21, 13, 22], [14, 8, 15, 7], [16, 1, 17, 2], [18, 3, 19, 4], [20, 11, 21, 12], [22, 6, 23, 5], [24, 13, 1, 14], [2, 17, 3, 18], [4, 10, 5, 9], [6, 24, 7, 23], [8, 16, 9, 15], [10, 19, 11, 20]]"
12a_1203_32,"[[10, 19, 11, 20], [12, 21, 13, 22], [14, 8, 15, 7], [16, 1, 17, 2], [18, 3, 19, 4], [20, 11, 21, 12], [22, 6, 23, 5], [24, 13, 1, 14], [2, 17, 3, 18], [4, 10, 5, 9], [6, 24, 7, 23], [8, 16, 9, 15]]"
12a_1203_33,"[[8, 16, 9, 15], [10, 19, 11, 20], [12, 21, 13, 22], [14, 8, 15, 7], [16, 1, 17, 2], [18, 3, 19, 4], [20, 11, 21, 12], [22, 6, 23, 5], [24, 13, 1, 14], [2, 17, 3, 18], [4, 10, 5, 9], [6, 24, 7, 23]]"
12a_1203_34,"[[6, 24, 7, 23], [8, 16, 9, 15], [10, 19, 11, 20], [12, 21, 13, 22], [14, 8, 15, 7], [16, 1, 17, 2], [18, 3, 19, 4], [20, 11, 21, 12], [22, 6, 23, 5], [24, 13, 1, 14], [2, 17, 3, 18], [4, 10, 5, 9]]"
12a_1203_35,"[[4, 10, 5, 9], [6, 24, 7, 23], [8, 16, 9, 15], [10, 19, 11, 20], [12, 21, 13, 22], [14, 8, 15, 7], [16, 1, 17, 2], [18, 3, 19, 4], [20, 11, 21, 12], [22, 6, 23, 5], [24, 13, 1, 14], [2, 17, 3, 18]]"
12a_1203_36,"[[3, 18, 4, 19], [5, 11, 6, 10], [7, 1, 8, 24], [9, 17, 10, 16], [11, 20, 12, 21], [13, 22, 14, 23], [15, 9, 16, 8], [17, 2, 18, 3], [19, 4, 20, 5], [21, 12, 22, 13], [23, 7, 24, 6], [1, 14, 2, 15]]"
12a_1203_37,"[[1, 14, 2, 15], [3, 18, 4, 19], [5, 11, 6, 10], [7, 1, 8, 24], [9, 17, 10, 16], [11, 20, 12, 21], [13, 22, 14, 23], [15, 9, 16, 8], [17, 2, 18, 3], [19, 4, 20, 5], [21, 12, 22, 13], [23, 7, 24, 6]]"
12a_1203_38,"[[23, 7, 24, 6], [1, 14, 2, 15], [3, 18, 4, 19], [5, 11, 6, 10], [7, 1, 8, 24], [9, 17, 10, 16], [11, 20, 12, 21], [13, 22, 14, 23], [15, 9, 16, 8], [17, 2, 18, 3], [19, 4, 20, 5], [21, 12, 22, 13]]"
12a_1203_39,"[[21, 12, 22, 13], [23, 7, 24, 6], [1, 14, 2, 15], [3, 18, 4, 19], [5, 11, 6, 10], [7, 1, 8, 24], [9, 17, 10, 16], [11, 20, 12, 21], [13, 22, 14, 23], [15, 9, 16, 8], [17, 2, 18, 3], [19, 4, 20, 5]]"
12a_1203_40,"[[19, 4, 20, 5], [21, 12, 22, 13], [23, 7, 24, 6], [1, 14, 2, 15], [3, 18, 4, 19], [5, 11, 6, 10], [7, 1, 8, 24], [9, 17, 10, 16], [11, 20, 12, 21], [13, 22, 14, 23], [15, 9, 16, 8], [17, 2, 18, 3]]"
12a_1203_41,"[[17, 2, 18, 3], [19, 4, 20, 5], [21, 12, 22, 13], [23, 7, 24, 6], [1, 14, 2, 15], [3, 18, 4, 19], [5, 11, 6, 10], [7, 1, 8, 24], [9, 17, 10, 16], [11, 20, 12, 21], [13, 22, 14, 23], [15, 9, 16, 8]]"
12a_1203_42,"[[15, 9, 16, 8], [17, 2, 18, 3], [19, 4, 20, 5], [21, 12, 22, 13], [23, 7, 24, 6], [1, 14, 2, 15], [3, 18, 4, 19], [5, 11, 6, 10], [7, 1, 8, 24], [9, 17, 10, 16], [11, 20, 12, 21], [13, 22, 14, 23]]"
12a_1203_43,"[[13, 22, 14, 23], [15, 9, 16, 8], [17, 2, 18, 3], [19, 4, 20, 5], [21, 12, 22, 13], [23, 7, 24, 6], [1, 14, 2, 15], [3, 18, 4, 19], [5, 11, 6, 10], [7, 1, 8, 24], [9, 17, 10, 16], [11, 20, 12, 21]]"
12a_1203_44,"[[11, 20, 12, 21], [13, 22, 14, 23], [15, 9, 16, 8], [17, 2, 18, 3], [19, 4, 20, 5], [21, 12, 22, 13], [23, 7, 24, 6], [1, 14, 2, 15], [3, 18, 4, 19], [5, 11, 6, 10], [7, 1, 8, 24], [9, 17, 10, 16]]"
12a_1203_45,"[[9, 17, 10, 16], [11, 20, 12, 21], [13, 22, 14, 23], [15, 9, 16, 8], [17, 2, 18, 3], [19, 4, 20, 5], [21, 12, 22, 13], [23, 7, 24, 6], [1, 14, 2, 15], [3, 18, 4, 19], [5, 11, 6, 10], [7, 1, 8, 24]]"
12a_1203_46,"[[7, 1, 8, 24], [9, 17, 10, 16], [11, 20, 12, 21], [13, 22, 14, 23], [15, 9, 16, 8], [17, 2, 18, 3], [19, 4, 20, 5], [21, 12, 22, 13], [23, 7, 24, 6], [1, 14, 2, 15], [3, 18, 4, 19], [5, 11, 6, 10]]"
12a_1203_47,"[[5, 11, 6, 10], [7, 1, 8, 24], [9, 17, 10, 16], [11, 20, 12, 21], [13, 22, 14, 23], [15, 9, 16, 8], [17, 2, 18, 3], [19, 4, 20, 5], [21, 12, 22, 13], [23, 7, 24, 6], [1, 14, 2, 15], [3, 18, 4, 19]]"
12a_1203_48,"[[4, 19, 5, 20], [6, 12, 7, 11], [8, 2, 9, 1], [10, 18, 11, 17], [12, 21, 13, 22], [14, 23, 15, 24], [16, 10, 17, 9], [18, 3, 19, 4], [20, 5, 21, 6], [22, 13, 23, 14], [24, 8, 1, 7], [2, 15, 3, 16]]"
12a_1203_49,"[[2, 15, 3, 16], [4, 19, 5, 20], [6, 12, 7, 11], [8, 2, 9, 1], [10, 18, 11, 17], [12, 21, 13, 22], [14, 23, 15, 24], [16, 10, 17, 9], [18, 3, 19, 4], [20, 5, 21, 6], [22, 13, 23, 14], [24, 8, 1, 7]]"
12a_1203_50,"[[24, 8, 1, 7], [2, 15, 3, 16], [4, 19, 5, 20], [6, 12, 7, 11], [8, 2, 9, 1], [10, 18, 11, 17], [12, 21, 13, 22], [14, 23, 15, 24], [16, 10, 17, 9], [18, 3, 19, 4], [20, 5, 21, 6], [22, 13, 23, 14]]"
12a_1203_51,"[[22, 13, 23, 14], [24, 8, 1, 7], [2, 15, 3, 16], [4, 19, 5, 20], [6, 12, 7, 11], [8, 2, 9, 1], [10, 18, 11, 17], [12, 21, 13, 22], [14, 23, 15, 24], [16, 10, 17, 9], [18, 3, 19, 4], [20, 5, 21, 6]]"
12a_1203_52,"[[20, 5, 21, 6], [22, 13, 23, 14], [24, 8, 1, 7], [2, 15, 3, 16], [4, 19, 5, 20], [6, 12, 7, 11], [8, 2, 9, 1], [10, 18, 11, 17], [12, 21, 13, 22], [14, 23, 15, 24], [16, 10, 17, 9], [18, 3, 19, 4]]"
12a_1203_53,"[[18, 3, 19, 4], [20, 5, 21, 6], [22, 13, 23, 14], [24, 8, 1, 7], [2, 15, 3, 16], [4, 19, 5, 20], [6, 12, 7, 11], [8, 2, 9, 1], [10, 18, 11, 17], [12, 21, 13, 22], [14, 23, 15, 24], [16, 10, 17, 9]]"
12a_1203_54,"[[16, 10, 17, 9], [18, 3, 19, 4], [20, 5, 21, 6], [22, 13, 23, 14], [24, 8, 1, 7], [2, 15, 3, 16], [4, 19, 5, 20], [6, 12, 7, 11], [8, 2, 9, 1], [10, 18, 11, 17], [12, 21, 13, 22], [14, 23, 15, 24]]"
12a_1203_55,"[[14, 23, 15, 24], [16, 10, 17, 9], [18, 3, 19, 4], [20, 5, 21, 6], [22, 13, 23, 14], [24, 8, 1, 7], [2, 15, 3, 16], [4, 19, 5, 20], [6, 12, 7, 11], [8, 2, 9, 1], [10, 18, 11, 17], [12, 21, 13, 22]]"
12a_1203_56,"[[12, 21, 13, 22], [14, 23, 15, 24], [16, 10, 17, 9], [18, 3, 19, 4], [20, 5, 21, 6], [22, 13, 23, 14], [24, 8, 1, 7], [2, 15, 3, 16], [4, 19, 5, 20], [6, 12, 7, 11], [8, 2, 9, 1], [10, 18, 11, 17]]"
12a_1203_57,"[[10, 18, 11, 17], [12, 21, 13, 22], [14, 23, 15, 24], [16, 10, 17, 9], [18, 3, 19, 4], [20, 5, 21, 6], [22, 13, 23, 14], [24, 8, 1, 7], [2, 15, 3, 16], [4, 19, 5, 20], [6, 12, 7, 11], [8, 2, 9, 1]]"
12a_1203_58,"[[8, 2, 9, 1], [10, 18, 11, 17], [12, 21, 13, 22], [14, 23, 15, 24], [16, 10, 17, 9], [18, 3, 19, 4], [20, 5, 21, 6], [22, 13, 23, 14], [24, 8, 1, 7], [2, 15, 3, 16], [4, 19, 5, 20], [6, 12, 7, 11]]"
12a_1203_59,"[[6, 12, 7, 11], [8, 2, 9, 1], [10, 18, 11, 17], [12, 21, 13, 22], [14, 23, 15, 24], [16, 10, 17, 9], [18, 3, 19, 4], [20, 5, 21, 6], [22, 13, 23, 14], [24, 8, 1, 7], [2, 15, 3, 16], [4, 19, 5, 20]]"
12a_1203_60,"[[5, 20, 6, 21], [7, 13, 8, 12], [9, 3, 10, 2], [11, 19, 12, 18], [13, 22, 14, 23], [15, 24, 16, 1], [17, 11, 18, 10], [19, 4, 20, 5], [21, 6, 22, 7], [23, 14, 24, 15], [1, 9, 2, 8], [3, 16, 4, 17]]"
12a_1203_61,"[[3, 16, 4, 17], [5, 20, 6, 21], [7, 13, 8, 12], [9, 3, 10, 2], [11, 19, 12, 18], [13, 22, 14, 23], [15, 24, 16, 1], [17, 11, 18, 10], [19, 4, 20, 5], [21, 6, 22, 7], [23, 14, 24, 15], [1, 9, 2, 8]]"
12a_1203_62,"[[1, 9, 2, 8], [3, 16, 4, 17], [5, 20, 6, 21], [7, 13, 8, 12], [9, 3, 10, 2], [11, 19, 12, 18], [13, 22, 14, 23], [15, 24, 16, 1], [17, 11, 18, 10], [19, 4, 20, 5], [21, 6, 22, 7], [23, 14, 24, 15]]"
12a_1203_63,"[[23, 14, 24, 15], [1, 9, 2, 8], [3, 16, 4, 17], [5, 20, 6, 21], [7, 13, 8, 12], [9, 3, 10, 2], [11, 19, 12, 18], [13, 22, 14, 23], [15, 24, 16, 1], [17, 11, 18, 10], [19, 4, 20, 5], [21, 6, 22, 7]]"
12a_1203_64,"[[21, 6, 22, 7], [23, 14, 24, 15], [1, 9, 2, 8], [3, 16, 4, 17], [5, 20, 6, 21], [7, 13, 8, 12], [9, 3, 10, 2], [11, 19, 12, 18], [13, 22, 14, 23], [15, 24, 16, 1], [17, 11, 18, 10], [19, 4, 20, 5]]"
12a_1203_65,"[[19, 4, 20, 5], [21, 6, 22, 7], [23, 14, 24, 15], [1, 9, 2, 8], [3, 16, 4, 17], [5, 20, 6, 21], [7, 13, 8, 12], [9, 3, 10, 2], [11, 19, 12, 18], [13, 22, 14, 23], [15, 24, 16, 1], [17, 11, 18, 10]]"
12a_1203_66,"[[17, 11, 18, 10], [19, 4, 20, 5], [21, 6, 22, 7], [23, 14, 24, 15], [1, 9, 2, 8], [3, 16, 4, 17], [5, 20, 6, 21], [7, 13, 8, 12], [9, 3, 10, 2], [11, 19, 12, 18], [13, 22, 14, 23], [15, 24, 16, 1]]"
12a_1203_67,"[[15, 24, 16, 1], [17, 11, 18, 10], [19, 4, 20, 5], [21, 6, 22, 7], [23, 14, 24, 15], [1, 9, 2, 8], [3, 16, 4, 17], [5, 20, 6, 21], [7, 13, 8, 12], [9, 3, 10, 2], [11, 19, 12, 18], [13, 22, 14, 23]]"
12a_1203_68,"[[13, 22, 14, 23], [15, 24, 16, 1], [17, 11, 18, 10], [19, 4, 20, 5], [21, 6, 22, 7], [23, 14, 24, 15], [1, 9, 2, 8], [3, 16, 4, 17], [5, 20, 6, 21], [7, 13, 8, 12], [9, 3, 10, 2], [11, 19, 12, 18]]"
12a_1203_69,"[[11, 19, 12, 18], [13, 22, 14, 23], [15, 24, 16, 1], [17, 11, 18, 10], [19, 4, 20, 5], [21, 6, 22, 7], [23, 14, 24, 15], [1, 9, 2, 8], [3, 16, 4, 17], [5, 20, 6, 21], [7, 13, 8, 12], [9, 3, 10, 2]]"
12a_1203_70,"[[9, 3, 10, 2], [11, 19, 12, 18], [13, 22, 14, 23], [15, 24, 16, 1], [17, 11, 18, 10], [19, 4, 20, 5], [21, 6, 22, 7], [23, 14, 24, 15], [1, 9, 2, 8], [3, 16, 4, 17], [5, 20, 6, 21], [7, 13, 8, 12]]"
12a_1203_71,"[[7, 13, 8, 12], [9, 3, 10, 2], [11, 19, 12, 18], [13, 22, 14, 23], [15, 24, 16, 1], [17, 11, 18, 10], [19, 4, 20, 5], [21, 6, 22, 7], [23, 14, 24, 15], [1, 9, 2, 8], [3, 16, 4, 17], [5, 20, 6, 21]]"
12a_1203_72,"[[6, 21, 7, 22], [8, 14, 9, 13], [10, 4, 11, 3], [12, 20, 13, 19], [14, 23, 15, 24], [16, 1, 17, 2], [18, 12, 19, 11], [20, 5, 21, 6], [22, 7, 23, 8], [24, 15, 1, 16], [2, 10, 3, 9], [4, 17, 5, 18]]"
12a_1203_73,"[[4, 17, 5, 18], [6, 21, 7, 22], [8, 14, 9, 13], [10, 4, 11, 3], [12, 20, 13, 19], [14, 23, 15, 24], [16, 1, 17, 2], [18, 12, 19, 11], [20, 5, 21, 6], [22, 7, 23, 8], [24, 15, 1, 16], [2, 10, 3, 9]]"
12a_1203_74,"[[2, 10, 3, 9], [4, 17, 5, 18], [6, 21, 7, 22], [8, 14, 9, 13], [10, 4, 11, 3], [12, 20, 13, 19], [14, 23, 15, 24], [16, 1, 17, 2], [18, 12, 19, 11], [20, 5, 21, 6], [22, 7, 23, 8], [24, 15, 1, 16]]"
12a_1203_75,"[[24, 15, 1, 16], [2, 10, 3, 9], [4, 17, 5, 18], [6, 21, 7, 22], [8, 14, 9, 13], [10, 4, 11, 3], [12, 20, 13, 19], [14, 23, 15, 24], [16, 1, 17, 2], [18, 12, 19, 11], [20, 5, 21, 6], [22, 7, 23, 8]]"
12a_1203_76,"[[22, 7, 23, 8], [24, 15, 1, 16], [2, 10, 3, 9], [4, 17, 5, 18], [6, 21, 7, 22], [8, 14, 9, 13], [10, 4, 11, 3], [12, 20, 13, 19], [14, 23, 15, 24], [16, 1, 17, 2], [18, 12, 19, 11], [20, 5, 21, 6]]"
12a_1203_77,"[[20, 5, 21, 6], [22, 7, 23, 8], [24, 15, 1, 16], [2, 10, 3, 9], [4, 17, 5, 18], [6, 21, 7, 22], [8, 14, 9, 13], [10, 4, 11, 3], [12, 20, 13, 19], [14, 23, 15, 24], [16, 1, 17, 2], [18, 12, 19, 11]]"
12a_1203_78,"[[18, 12, 19, 11], [20, 5, 21, 6], [22, 7, 23, 8], [24, 15, 1, 16], [2, 10, 3, 9], [4, 17, 5, 18], [6, 21, 7, 22], [8, 14, 9, 13], [10, 4, 11, 3], [12, 20, 13, 19], [14, 23, 15, 24], [16, 1, 17, 2]]"
12a_1203_79,"[[16, 1, 17, 2], [18, 12, 19, 11], [20, 5, 21, 6], [22, 7, 23, 8], [24, 15, 1, 16], [2, 10, 3, 9], [4, 17, 5, 18], [6, 21, 7, 22], [8, 14, 9, 13], [10, 4, 11, 3], [12, 20, 13, 19], [14, 23, 15, 24]]"
12a_1203_80,"[[14, 23, 15, 24], [16, 1, 17, 2], [18, 12, 19, 11], [20, 5, 21, 6], [22, 7, 23, 8], [24, 15, 1, 16], [2, 10, 3, 9], [4, 17, 5, 18], [6, 21, 7, 22], [8, 14, 9, 13], [10, 4, 11, 3], [12, 20, 13, 19]]"
12a_1203_81,"[[12, 20, 13, 19], [14, 23, 15, 24], [16, 1, 17, 2], [18, 12, 19, 11], [20, 5, 21, 6], [22, 7, 23, 8], [24, 15, 1, 16], [2, 10, 3, 9], [4, 17, 5, 18], [6, 21, 7, 22], [8, 14, 9, 13], [10, 4, 11, 3]]"
12a_1203_82,"[[10, 4, 11, 3], [12, 20, 13, 19], [14, 23, 15, 24], [16, 1, 17, 2], [18, 12, 19, 11], [20, 5, 21, 6], [22, 7, 23, 8], [24, 15, 1, 16], [2, 10, 3, 9], [4, 17, 5, 18], [6, 21, 7, 22], [8, 14, 9, 13]]"
12a_1203_83,"[[8, 14, 9, 13], [10, 4, 11, 3], [12, 20, 13, 19], [14, 23, 15, 24], [16, 1, 17, 2], [18, 12, 19, 11], [20, 5, 21, 6], [22, 7, 23, 8], [24, 15, 1, 16], [2, 10, 3, 9], [4, 17, 5, 18], [6, 21, 7, 22]]"
12a_1203_84,"[[7, 22, 8, 23], [9, 15, 10, 14], [11, 5, 12, 4], [13, 21, 14, 20], [15, 24, 16, 1], [17, 2, 18, 3], [19, 13, 20, 12], [21, 6, 22, 7], [23, 8, 24, 9], [1, 16, 2, 17], [3, 11, 4, 10], [5, 18, 6, 19]]"
12a_1203_85,"[[5, 18, 6, 19], [7, 22, 8, 23], [9, 15, 10, 14], [11, 5, 12, 4], [13, 21, 14, 20], [15, 24, 16, 1], [17, 2, 18, 3], [19, 13, 20, 12], [21, 6, 22, 7], [23, 8, 24, 9], [1, 16, 2, 17], [3, 11, 4, 10]]"
12a_1203_86,"[[3, 11, 4, 10], [5, 18, 6, 19], [7, 22, 8, 23], [9, 15, 10, 14], [11, 5, 12, 4], [13, 21, 14, 20], [15, 24, 16, 1], [17, 2, 18, 3], [19, 13, 20, 12], [21, 6, 22, 7], [23, 8, 24, 9], [1, 16, 2, 17]]"
12a_1203_87,"[[1, 16, 2, 17], [3, 11, 4, 10], [5, 18, 6, 19], [7, 22, 8, 23], [9, 15, 10, 14], [11, 5, 12, 4], [13, 21, 14, 20], [15, 24, 16, 1], [17, 2, 18, 3], [19, 13, 20, 12], [21, 6, 22, 7], [23, 8, 24, 9]]"
12a_1203_88,"[[23, 8, 24, 9], [1, 16, 2, 17], [3, 11, 4, 10], [5, 18, 6, 19], [7, 22, 8, 23], [9, 15, 10, 14], [11, 5, 12, 4], [13, 21, 14, 20], [15, 24, 16, 1], [17, 2, 18, 3], [19, 13, 20, 12], [21, 6, 22, 7]]"
12a_1203_89,"[[21, 6, 22, 7], [23, 8, 24, 9], [1, 16, 2, 17], [3, 11, 4, 10], [5, 18, 6, 19], [7, 22, 8, 23], [9, 15, 10, 14], [11, 5, 12, 4], [13, 21, 14, 20], [15, 24, 16, 1], [17, 2, 18, 3], [19, 13, 20, 12]]"
12a_1203_90,"[[19, 13, 20, 12], [21, 6, 22, 7], [23, 8, 24, 9], [1, 16, 2, 17], [3, 11, 4, 10], [5, 18, 6, 19], [7, 22, 8, 23], [9, 15, 10, 14], [11, 5, 12, 4], [13, 21, 14, 20], [15, 24, 16, 1], [17, 2, 18, 3]]"
12a_1203_91,"[[17, 2, 18, 3], [19, 13, 20, 12], [21, 6, 22, 7], [23, 8, 24, 9], [1, 16, 2, 17], [3, 11, 4, 10], [5, 18, 6, 19], [7, 22, 8, 23], [9, 15, 10, 14], [11, 5, 12, 4], [13, 21, 14, 20], [15, 24, 16, 1]]"
12a_1203_92,"[[15, 24, 16, 1], [17, 2, 18, 3], [19, 13, 20, 12], [21, 6, 22, 7], [23, 8, 24, 9], [1, 16, 2, 17], [3, 11, 4, 10], [5, 18, 6, 19], [7, 22, 8, 23], [9, 15, 10, 14], [11, 5, 12, 4], [13, 21, 14, 20]]"
12a_1203_93,"[[13, 21, 14, 20], [15, 24, 16, 1], [17, 2, 18, 3], [19, 13, 20, 12], [21, 6, 22, 7], [23, 8, 24, 9], [1, 16, 2, 17], [3, 11, 4, 10], [5, 18, 6, 19], [7, 22, 8, 23], [9, 15, 10, 14], [11, 5, 12, 4]]"
12a_1203_94,"[[11, 5, 12, 4], [13, 21, 14, 20], [15, 24, 16, 1], [17, 2, 18, 3], [19, 13, 20, 12], [21, 6, 22, 7], [23, 8, 24, 9], [1, 16, 2, 17], [3, 11, 4, 10], [5, 18, 6, 19], [7, 22, 8, 23], [9, 15, 10, 14]]"
12a_1203_95,"[[9, 15, 10, 14], [11, 5, 12, 4], [13, 21, 14, 20], [15, 24, 16, 1], [17, 2, 18, 3], [19, 13, 20, 12], [21, 6, 22, 7], [23, 8, 24, 9], [1, 16, 2, 17], [3, 11, 4, 10], [5, 18, 6, 19], [7, 22, 8, 23]]"
12a_1203_96,"[[8, 23, 9, 24], [10, 16, 11, 15], [12, 6, 13, 5], [14, 22, 15, 21], [16, 1, 17, 2], [18, 3, 19, 4], [20, 14, 21, 13], [22, 7, 23, 8], [24, 9, 1, 10], [2, 17, 3, 18], [4, 12, 5, 11], [6, 19, 7, 20]]"
12a_1203_97,"[[6, 19, 7, 20], [8, 23, 9, 24], [10, 16, 11, 15], [12, 6, 13, 5], [14, 22, 15, 21], [16, 1, 17, 2], [18, 3, 19, 4], [20, 14, 21, 13], [22, 7, 23, 8], [24, 9, 1, 10], [2, 17, 3, 18], [4, 12, 5, 11]]"
12a_1203_98,"[[4, 12, 5, 11], [6, 19, 7, 20], [8, 23, 9, 24], [10, 16, 11, 15], [12, 6, 13, 5], [14, 22, 15, 21], [16, 1, 17, 2], [18, 3, 19, 4], [20, 14, 21, 13], [22, 7, 23, 8], [24, 9, 1, 10], [2, 17, 3, 18]]"
12a_1203_99,"[[2, 17, 3, 18], [4, 12, 5, 11], [6, 19, 7, 20], [8, 23, 9, 24], [10, 16, 11, 15], [12, 6, 13, 5], [14, 22, 15, 21], [16, 1, 17, 2], [18, 3, 19, 4], [20, 14, 21, 13], [22, 7, 23, 8], [24, 9, 1, 10]]"
12a_1203_100,"[[24, 9, 1, 10], [2, 17, 3, 18], [4, 12, 5, 11], [6, 19, 7, 20], [8, 23, 9, 24], [10, 16, 11, 15], [12, 6, 13, 5], [14, 22, 15, 21], [16, 1, 17, 2], [18, 3, 19, 4], [20, 14, 21, 13], [22, 7, 23, 8]]"
12a_1203_101,"[[22, 7, 23, 8], [24, 9, 1, 10], [2, 17, 3, 18], [4, 12, 5, 11], [6, 19, 7, 20], [8, 23, 9, 24], [10, 16, 11, 15], [12, 6, 13, 5], [14, 22, 15, 21], [16, 1, 17, 2], [18, 3, 19, 4], [20, 14, 21, 13]]"
12a_1203_102,"[[20, 14, 21, 13], [22, 7, 23, 8], [24, 9, 1, 10], [2, 17, 3, 18], [4, 12, 5, 11], [6, 19, 7, 20], [8, 23, 9, 24], [10, 16, 11, 15], [12, 6, 13, 5], [14, 22, 15, 21], [16, 1, 17, 2], [18, 3, 19, 4]]"
12a_1203_103,"[[18, 3, 19, 4], [20, 14, 21, 13], [22, 7, 23, 8], [24, 9, 1, 10], [2, 17, 3, 18], [4, 12, 5, 11], [6, 19, 7, 20], [8, 23, 9, 24], [10, 16, 11, 15], [12, 6, 13, 5], [14, 22, 15, 21], [16, 1, 17, 2]]"
12a_1203_104,"[[16, 1, 17, 2], [18, 3, 19, 4], [20, 14, 21, 13], [22, 7, 23, 8], [24, 9, 1, 10], [2, 17, 3, 18], [4, 12, 5, 11], [6, 19, 7, 20], [8, 23, 9, 24], [10, 16, 11, 15], [12, 6, 13, 5], [14, 22, 15, 21]]"
12a_1203_105,"[[14, 22, 15, 21], [16, 1, 17, 2], [18, 3, 19, 4], [20, 14, 21, 13], [22, 7, 23, 8], [24, 9, 1, 10], [2, 17, 3, 18], [4, 12, 5, 11], [6, 19, 7, 20], [8, 23, 9, 24], [10, 16, 11, 15], [12, 6, 13, 5]]"
12a_1203_106,"[[12, 6, 13, 5], [14, 22, 15, 21], [16, 1, 17, 2], [18, 3, 19, 4], [20, 14, 21, 13], [22, 7, 23, 8], [24, 9, 1, 10], [2, 17, 3, 18], [4, 12, 5, 11], [6, 19, 7, 20], [8, 23, 9, 24], [10, 16, 11, 15]]"
12a_1203_107,"[[10, 16, 11, 15], [12, 6, 13, 5], [14, 22, 15, 21], [16, 1, 17, 2], [18, 3, 19, 4], [20, 14, 21, 13], [22, 7, 23, 8], [24, 9, 1, 10], [2, 17, 3, 18], [4, 12, 5, 11], [6, 19, 7, 20], [8, 23, 9, 24]]"
12a_1203_108,"[[9, 24, 10, 1], [11, 17, 12, 16], [13, 7, 14, 6], [15, 23, 16, 22], [17, 2, 18, 3], [19, 4, 20, 5], [21, 15, 22, 14], [23, 8, 24, 9], [1, 10, 2, 11], [3, 18, 4, 19], [5, 13, 6, 12], [7, 20, 8, 21]]"
12a_1203_109,"[[7, 20, 8, 21], [9, 24, 10, 1], [11, 17, 12, 16], [13, 7, 14, 6], [15, 23, 16, 22], [17, 2, 18, 3], [19, 4, 20, 5], [21, 15, 22, 14], [23, 8, 24, 9], [1, 10, 2, 11], [3, 18, 4, 19], [5, 13, 6, 12]]"
12a_1203_110,"[[5, 13, 6, 12], [7, 20, 8, 21], [9, 24, 10, 1], [11, 17, 12, 16], [13, 7, 14, 6], [15, 23, 16, 22], [17, 2, 18, 3], [19, 4, 20, 5], [21, 15, 22, 14], [23, 8, 24, 9], [1, 10, 2, 11], [3, 18, 4, 19]]"
12a_1203_111,"[[3, 18, 4, 19], [5, 13, 6, 12], [7, 20, 8, 21], [9, 24, 10, 1], [11, 17, 12, 16], [13, 7, 14, 6], [15, 23, 16, 22], [17, 2, 18, 3], [19, 4, 20, 5], [21, 15, 22, 14], [23, 8, 24, 9], [1, 10, 2, 11]]"
12a_1203_112,"[[1, 10, 2, 11], [3, 18, 4, 19], [5, 13, 6, 12], [7, 20, 8, 21], [9, 24, 10, 1], [11, 17, 12, 16], [13, 7, 14, 6], [15, 23, 16, 22], [17, 2, 18, 3], [19, 4, 20, 5], [21, 15, 22, 14], [23, 8, 24, 9]]"
12a_1203_113,"[[23, 8, 24, 9], [1, 10, 2, 11], [3, 18, 4, 19], [5, 13, 6, 12], [7, 20, 8, 21], [9, 24, 10, 1], [11, 17, 12, 16], [13, 7, 14, 6], [15, 23, 16, 22], [17, 2, 18, 3], [19, 4, 20, 5], [21, 15, 22, 14]]"
12a_1203_114,"[[21, 15, 22, 14], [23, 8, 24, 9], [1, 10, 2, 11], [3, 18, 4, 19], [5, 13, 6, 12], [7, 20, 8, 21], [9, 24, 10, 1], [11, 17, 12, 16], [13, 7, 14, 6], [15, 23, 16, 22], [17, 2, 18, 3], [19, 4, 20, 5]]"
12a_1203_115,"[[19, 4, 20, 5], [21, 15, 22, 14], [23, 8, 24, 9], [1, 10, 2, 11], [3, 18, 4, 19], [5, 13, 6, 12], [7, 20, 8, 21], [9, 24, 10, 1], [11, 17, 12, 16], [13, 7, 14, 6], [15, 23, 16, 22], [17, 2, 18, 3]]"
12a_1203_116,"[[17, 2, 18, 3], [19, 4, 20, 5], [21, 15, 22, 14], [23, 8, 24, 9], [1, 10, 2, 11], [3, 18, 4, 19], [5, 13, 6, 12], [7, 20, 8, 21], [9, 24, 10, 1], [11, 17, 12, 16], [13, 7, 14, 6], [15, 23, 16, 22]]"
12a_1203_117,"[[15, 23, 16, 22], [17, 2, 18, 3], [19, 4, 20, 5], [21, 15, 22, 14], [23, 8, 24, 9], [1, 10, 2, 11], [3, 18, 4, 19], [5, 13, 6, 12], [7, 20, 8, 21], [9, 24, 10, 1], [11, 17, 12, 16], [13, 7, 14, 6]]"
12a_1203_118,"[[13, 7, 14, 6], [15, 23, 16, 22], [17, 2, 18, 3], [19, 4, 20, 5], [21, 15, 22, 14], [23, 8, 24, 9], [1, 10, 2, 11], [3, 18, 4, 19], [5, 13, 6, 12], [7, 20, 8, 21], [9, 24, 10, 1], [11, 17, 12, 16]]"
12a_1203_119,"[[11, 17, 12, 16], [13, 7, 14, 6], [15, 23, 16, 22], [17, 2, 18, 3], [19, 4, 20, 5], [21, 15, 22, 14], [23, 8, 24, 9], [1, 10, 2, 11], [3, 18, 4, 19], [5, 13, 6, 12], [7, 20, 8, 21], [9, 24, 10, 1]]"
12a_1203_120,"[[10, 1, 11, 2], [12, 18, 13, 17], [14, 8, 15, 7], [16, 24, 17, 23], [18, 3, 19, 4], [20, 5, 21, 6], [22, 16, 23, 15], [24, 9, 1, 10], [2, 11, 3, 12], [4, 19, 5, 20], [6, 14, 7, 13], [8, 21, 9, 22]]"
12a_1203_121,"[[8, 21, 9, 22], [10, 1, 11, 2], [12, 18, 13, 17], [14, 8, 15, 7], [16, 24, 17, 23], [18, 3, 19, 4], [20, 5, 21, 6], [22, 16, 23, 15], [24, 9, 1, 10], [2, 11, 3, 12], [4, 19, 5, 20], [6, 14, 7, 13]]"
12a_1203_122,"[[6, 14, 7, 13], [8, 21, 9, 22], [10, 1, 11, 2], [12, 18, 13, 17], [14, 8, 15, 7], [16, 24, 17, 23], [18, 3, 19, 4], [20, 5, 21, 6], [22, 16, 23, 15], [24, 9, 1, 10], [2, 11, 3, 12], [4, 19, 5, 20]]"
12a_1203_123,"[[4, 19, 5, 20], [6, 14, 7, 13], [8, 21, 9, 22], [10, 1, 11, 2], [12, 18, 13, 17], [14, 8, 15, 7], [16, 24, 17, 23], [18, 3, 19, 4], [20, 5, 21, 6], [22, 16, 23, 15], [24, 9, 1, 10], [2, 11, 3, 12]]"
12a_1203_124,"[[2, 11, 3, 12], [4, 19, 5, 20], [6, 14, 7, 13], [8, 21, 9, 22], [10, 1, 11, 2], [12, 18, 13, 17], [14, 8, 15, 7], [16, 24, 17, 23], [18, 3, 19, 4], [20, 5, 21, 6], [22, 16, 23, 15], [24, 9, 1, 10]]"
12a_1203_125,"[[24, 9, 1, 10], [2, 11, 3, 12], [4, 19, 5, 20], [6, 14, 7, 13], [8, 21, 9, 22], [10, 1, 11, 2], [12, 18, 13, 17], [14, 8, 15, 7], [16, 24, 17, 23], [18, 3, 19, 4], [20, 5, 21, 6], [22, 16, 23, 15]]"
12a_1203_126,"[[22, 16, 23, 15], [24, 9, 1, 10], [2, 11, 3, 12], [4, 19, 5, 20], [6, 14, 7, 13], [8, 21, 9, 22], [10, 1, 11, 2], [12, 18, 13, 17], [14, 8, 15, 7], [16, 24, 17, 23], [18, 3, 19, 4], [20, 5, 21, 6]]"
12a_1203_127,"[[20, 5, 21, 6], [22, 16, 23, 15], [24, 9, 1, 10], [2, 11, 3, 12], [4, 19, 5, 20], [6, 14, 7, 13], [8, 21, 9, 22], [10, 1, 11, 2], [12, 18, 13, 17], [14, 8, 15, 7], [16, 24, 17, 23], [18, 3, 19, 4]]"
12a_1203_128,"[[18, 3, 19, 4], [20, 5, 21, 6], [22, 16, 23, 15], [24, 9, 1, 10], [2, 11, 3, 12], [4, 19, 5, 20], [6, 14, 7, 13], [8, 21, 9, 22], [10, 1, 11, 2], [12, 18, 13, 17], [14, 8, 15, 7], [16, 24, 17, 23]]"
12a_1203_129,"[[16, 24, 17, 23], [18, 3, 19, 4], [20, 5, 21, 6], [22, 16, 23, 15], [24, 9, 1, 10], [2, 11, 3, 12], [4, 19, 5, 20], [6, 14, 7, 13], [8, 21, 9, 22], [10, 1, 11, 2], [12, 18, 13, 17], [14, 8, 15, 7]]"
12a_1203_130,"[[14, 8, 15, 7], [16, 24, 17, 23], [18, 3, 19, 4], [20, 5, 21, 6], [22, 16, 23, 15], [24, 9, 1, 10], [2, 11, 3, 12], [4, 19, 5, 20], [6, 14, 7, 13], [8, 21, 9, 22], [10, 1, 11, 2], [12, 18, 13, 17]]"
12a_1203_131,"[[12, 18, 13, 17], [14, 8, 15, 7], [16, 24, 17, 23], [18, 3, 19, 4], [20, 5, 21, 6], [22, 16, 23, 15], [24, 9, 1, 10], [2, 11, 3, 12], [4, 19, 5, 20], [6, 14, 7, 13], [8, 21, 9, 22], [10, 1, 11, 2]]"
12a_1203_132,"[[11, 2, 12, 3], [13, 19, 14, 18], [15, 9, 16, 8], [17, 1, 18, 24], [19, 4, 20, 5], [21, 6, 22, 7], [23, 17, 24, 16], [1, 10, 2, 11], [3, 12, 4, 13], [5, 20, 6, 21], [7, 15, 8, 14], [9, 22, 10, 23]]"
12a_1203_133,"[[9, 22, 10, 23], [11, 2, 12, 3], [13, 19, 14, 18], [15, 9, 16, 8], [17, 1, 18, 24], [19, 4, 20, 5], [21, 6, 22, 7], [23, 17, 24, 16], [1, 10, 2, 11], [3, 12, 4, 13], [5, 20, 6, 21], [7, 15, 8, 14]]"
12a_1203_134,"[[7, 15, 8, 14], [9, 22, 10, 23], [11, 2, 12, 3], [13, 19, 14, 18], [15, 9, 16, 8], [17, 1, 18, 24], [19, 4, 20, 5], [21, 6, 22, 7], [23, 17, 24, 16], [1, 10, 2, 11], [3, 12, 4, 13], [5, 20, 6, 21]]"
12a_1203_135,"[[5, 20, 6, 21], [7, 15, 8, 14], [9, 22, 10, 23], [11, 2, 12, 3], [13, 19, 14, 18], [15, 9, 16, 8], [17, 1, 18, 24], [19, 4, 20, 5], [21, 6, 22, 7], [23, 17, 24, 16], [1, 10, 2, 11], [3, 12, 4, 13]]"
12a_1203_136,"[[3, 12, 4, 13], [5, 20, 6, 21], [7, 15, 8, 14], [9, 22, 10, 23], [11, 2, 12, 3], [13, 19, 14, 18], [15, 9, 16, 8], [17, 1, 18, 24], [19, 4, 20, 5], [21, 6, 22, 7], [23, 17, 24, 16], [1, 10, 2, 11]]"
12a_1203_137,"[[1, 10, 2, 11], [3, 12, 4, 13], [5, 20, 6, 21], [7, 15, 8, 14], [9, 22, 10, 23], [11, 2, 12, 3], [13, 19, 14, 18], [15, 9, 16, 8], [17, 1, 18, 24], [19, 4, 20, 5], [21, 6, 22, 7], [23, 17, 24, 16]]"
12a_1203_138,"[[23, 17, 24, 16], [1, 10, 2, 11], [3, 12, 4, 13], [5, 20, 6, 21], [7, 15, 8, 14], [9, 22, 10, 23], [11, 2, 12, 3], [13, 19, 14, 18], [15, 9, 16, 8], [17, 1, 18, 24], [19, 4, 20, 5], [21, 6, 22, 7]]"
12a_1203_139,"[[21, 6, 22, 7], [23, 17, 24, 16], [1, 10, 2, 11], [3, 12, 4, 13], [5, 20, 6, 21], [7, 15, 8, 14], [9, 22, 10, 23], [11, 2, 12, 3], [13, 19, 14, 18], [15, 9, 16, 8], [17, 1, 18, 24], [19, 4, 20, 5]]"
12a_1203_140,"[[19, 4, 20, 5], [21, 6, 22, 7], [23, 17, 24, 16], [1, 10, 2, 11], [3, 12, 4, 13], [5, 20, 6, 21], [7, 15, 8, 14], [9, 22, 10, 23], [11, 2, 12, 3], [13, 19, 14, 18], [15, 9, 16, 8], [17, 1, 18, 24]]"
12a_1203_141,"[[17, 1, 18, 24], [19, 4, 20, 5], [21, 6, 22, 7], [23, 17, 24, 16], [1, 10, 2, 11], [3, 12, 4, 13], [5, 20, 6, 21], [7, 15, 8, 14], [9, 22, 10, 23], [11, 2, 12, 3], [13, 19, 14, 18], [15, 9, 16, 8]]"
12a_1203_142,"[[15, 9, 16, 8], [17, 1, 18, 24], [19, 4, 20, 5], [21, 6, 22, 7], [23, 17, 24, 16], [1, 10, 2, 11], [3, 12, 4, 13], [5, 20, 6, 21], [7, 15, 8, 14], [9, 22, 10, 23], [11, 2, 12, 3], [13, 19, 14, 18]]"
12a_1203_143,"[[13, 19, 14, 18], [15, 9, 16, 8], [17, 1, 18, 24], [19, 4, 20, 5], [21, 6, 22, 7], [23, 17, 24, 16], [1, 10, 2, 11], [3, 12, 4, 13], [5, 20, 6, 21], [7, 15, 8, 14], [9, 22, 10, 23], [11, 2, 12, 3]]"
12a_1203_144,"[[12, 3, 13, 4], [14, 20, 15, 19], [16, 10, 17, 9], [18, 2, 19, 1], [20, 5, 21, 6], [22, 7, 23, 8], [24, 18, 1, 17], [2, 11, 3, 12], [4, 13, 5, 14], [6, 21, 7, 22], [8, 16, 9, 15], [10, 23, 11, 24]]"
12a_1203_145,"[[10, 23, 11, 24], [12, 3, 13, 4], [14, 20, 15, 19], [16, 10, 17, 9], [18, 2, 19, 1], [20, 5, 21, 6], [22, 7, 23, 8], [24, 18, 1, 17], [2, 11, 3, 12], [4, 13, 5, 14], [6, 21, 7, 22], [8, 16, 9, 15]]"
12a_1203_146,"[[8, 16, 9, 15], [10, 23, 11, 24], [12, 3, 13, 4], [14, 20, 15, 19], [16, 10, 17, 9], [18, 2, 19, 1], [20, 5, 21, 6], [22, 7, 23, 8], [24, 18, 1, 17], [2, 11, 3, 12], [4, 13, 5, 14], [6, 21, 7, 22]]"
12a_1203_147,"[[6, 21, 7, 22], [8, 16, 9, 15], [10, 23, 11, 24], [12, 3, 13, 4], [14, 20, 15, 19], [16, 10, 17, 9], [18, 2, 19, 1], [20, 5, 21, 6], [22, 7, 23, 8], [24, 18, 1, 17], [2, 11, 3, 12], [4, 13, 5, 14]]"
12a_1203_148,"[[4, 13, 5, 14], [6, 21, 7, 22], [8, 16, 9, 15], [10, 23, 11, 24], [12, 3, 13, 4], [14, 20, 15, 19], [16, 10, 17, 9], [18, 2, 19, 1], [20, 5, 21, 6], [22, 7, 23, 8], [24, 18, 1, 17], [2, 11, 3, 12]]"
12a_1203_149,"[[2, 11, 3, 12], [4, 13, 5, 14], [6, 21, 7, 22], [8, 16, 9, 15], [10, 23, 11, 24], [12, 3, 13, 4], [14, 20, 15, 19], [16, 10, 17, 9], [18, 2, 19, 1], [20, 5, 21, 6], [22, 7, 23, 8], [24, 18, 1, 17]]"
12a_1203_150,"[[24, 18, 1, 17], [2, 11, 3, 12], [4, 13, 5, 14], [6, 21, 7, 22], [8, 16, 9, 15], [10, 23, 11, 24], [12, 3, 13, 4], [14, 20, 15, 19], [16, 10, 17, 9], [18, 2, 19, 1], [20, 5, 21, 6], [22, 7, 23, 8]]"
12a_1203_151,"[[22, 7, 23, 8], [24, 18, 1, 17], [2, 11, 3, 12], [4, 13, 5, 14], [6, 21, 7, 22], [8, 16, 9, 15], [10, 23, 11, 24], [12, 3, 13, 4], [14, 20, 15, 19], [16, 10, 17, 9], [18, 2, 19, 1], [20, 5, 21, 6]]"
12a_1203_152,"[[20, 5, 21, 6], [22, 7, 23, 8], [24, 18, 1, 17], [2, 11, 3, 12], [4, 13, 5, 14], [6, 21, 7, 22], [8, 16, 9, 15], [10, 23, 11, 24], [12, 3, 13, 4], [14, 20, 15, 19], [16, 10, 17, 9], [18, 2, 19, 1]]"
12a_1203_153,"[[18, 2, 19, 1], [20, 5, 21, 6], [22, 7, 23, 8], [24, 18, 1, 17], [2, 11, 3, 12], [4, 13, 5, 14], [6, 21, 7, 22], [8, 16, 9, 15], [10, 23, 11, 24], [12, 3, 13, 4], [14, 20, 15, 19], [16, 10, 17, 9]]"
12a_1203_154,"[[16, 10, 17, 9], [18, 2, 19, 1], [20, 5, 21, 6], [22, 7, 23, 8], [24, 18, 1, 17], [2, 11, 3, 12], [4, 13, 5, 14], [6, 21, 7, 22], [8, 16, 9, 15], [10, 23, 11, 24], [12, 3, 13, 4], [14, 20, 15, 19]]"
12a_1203_155,"[[14, 20, 15, 19], [16, 10, 17, 9], [18, 2, 19, 1], [20, 5, 21, 6], [22, 7, 23, 8], [24, 18, 1, 17], [2, 11, 3, 12], [4, 13, 5, 14], [6, 21, 7, 22], [8, 16, 9, 15], [10, 23, 11, 24], [12, 3, 13, 4]]"
12a_1203_156,"[[13, 4, 14, 5], [15, 21, 16, 20], [17, 11, 18, 10], [19, 3, 20, 2], [21, 6, 22, 7], [23, 8, 24, 9], [1, 19, 2, 18], [3, 12, 4, 13], [5, 14, 6, 15], [7, 22, 8, 23], [9, 17, 10, 16], [11, 24, 12, 1]]"
12a_1203_157,"[[11, 24, 12, 1], [13, 4, 14, 5], [15, 21, 16, 20], [17, 11, 18, 10], [19, 3, 20, 2], [21, 6, 22, 7], [23, 8, 24, 9], [1, 19, 2, 18], [3, 12, 4, 13], [5, 14, 6, 15], [7, 22, 8, 23], [9, 17, 10, 16]]"
12a_1203_158,"[[9, 17, 10, 16], [11, 24, 12, 1], [13, 4, 14, 5], [15, 21, 16, 20], [17, 11, 18, 10], [19, 3, 20, 2], [21, 6, 22, 7], [23, 8, 24, 9], [1, 19, 2, 18], [3, 12, 4, 13], [5, 14, 6, 15], [7, 22, 8, 23]]"
12a_1203_159,"[[7, 22, 8, 23], [9, 17, 10, 16], [11, 24, 12, 1], [13, 4, 14, 5], [15, 21, 16, 20], [17, 11, 18, 10], [19, 3, 20, 2], [21, 6, 22, 7], [23, 8, 24, 9], [1, 19, 2, 18], [3, 12, 4, 13], [5, 14, 6, 15]]"
12a_1203_160,"[[5, 14, 6, 15], [7, 22, 8, 23], [9, 17, 10, 16], [11, 24, 12, 1], [13, 4, 14, 5], [15, 21, 16, 20], [17, 11, 18, 10], [19, 3, 20, 2], [21, 6, 22, 7], [23, 8, 24, 9], [1, 19, 2, 18], [3, 12, 4, 13]]"
12a_1203_161,"[[3, 12, 4, 13], [5, 14, 6, 15], [7, 22, 8, 23], [9, 17, 10, 16], [11, 24, 12, 1], [13, 4, 14, 5], [15, 21, 16, 20], [17, 11, 18, 10], [19, 3, 20, 2], [21, 6, 22, 7], [23, 8, 24, 9], [1, 19, 2, 18]]"
12a_1203_162,"[[1, 19, 2, 18], [3, 12, 4, 13], [5, 14, 6, 15], [7, 22, 8, 23], [9, 17, 10, 16], [11, 24, 12, 1], [13, 4, 14, 5], [15, 21, 16, 20], [17, 11, 18, 10], [19, 3, 20, 2], [21, 6, 22, 7], [23, 8, 24, 9]]"
12a_1203_163,"[[23, 8, 24, 9], [1, 19, 2, 18], [3, 12, 4, 13], [5, 14, 6, 15], [7, 22, 8, 23], [9, 17, 10, 16], [11, 24, 12, 1], [13, 4, 14, 5], [15, 21, 16, 20], [17, 11, 18, 10], [19, 3, 20, 2], [21, 6, 22, 7]]"
12a_1203_164,"[[21, 6, 22, 7], [23, 8, 24, 9], [1, 19, 2, 18], [3, 12, 4, 13], [5, 14, 6, 15], [7, 22, 8, 23], [9, 17, 10, 16], [11, 24, 12, 1], [13, 4, 14, 5], [15, 21, 16, 20], [17, 11, 18, 10], [19, 3, 20, 2]]"
12a_1203_165,"[[19, 3, 20, 2], [21, 6, 22, 7], [23, 8, 24, 9], [1, 19, 2, 18], [3, 12, 4, 13], [5, 14, 6, 15], [7, 22, 8, 23], [9, 17, 10, 16], [11, 24, 12, 1], [13, 4, 14, 5], [15, 21, 16, 20], [17, 11, 18, 10]]"
12a_1203_166,"[[17, 11, 18, 10], [19, 3, 20, 2], [21, 6, 22, 7], [23, 8, 24, 9], [1, 19, 2, 18], [3, 12, 4, 13], [5, 14, 6, 15], [7, 22, 8, 23], [9, 17, 10, 16], [11, 24, 12, 1], [13, 4, 14, 5], [15, 21, 16, 20]]"
12a_1203_167,"[[15, 21, 16, 20], [17, 11, 18, 10], [19, 3, 20, 2], [21, 6, 22, 7], [23, 8, 24, 9], [1, 19, 2, 18], [3, 12, 4, 13], [5, 14, 6, 15], [7, 22, 8, 23], [9, 17, 10, 16], [11, 24, 12, 1], [13, 4, 14, 5]]"
12a_1203_168,"[[14, 5, 15, 6], [16, 22, 17, 21], [18, 12, 19, 11], [20, 4, 21, 3], [22, 7, 23, 8], [24, 9, 1, 10], [2, 20, 3, 19], [4, 13, 5, 14], [6, 15, 7, 16], [8, 23, 9, 24], [10, 18, 11, 17], [12, 1, 13, 2]]"
12a_1203_169,"[[12, 1, 13, 2], [14, 5, 15, 6], [16, 22, 17, 21], [18, 12, 19, 11], [20, 4, 21, 3], [22, 7, 23, 8], [24, 9, 1, 10], [2, 20, 3, 19], [4, 13, 5, 14], [6, 15, 7, 16], [8, 23, 9, 24], [10, 18, 11, 17]]"
12a_1203_170,"[[10, 18, 11, 17], [12, 1, 13, 2], [14, 5, 15, 6], [16, 22, 17, 21], [18, 12, 19, 11], [20, 4, 21, 3], [22, 7, 23, 8], [24, 9, 1, 10], [2, 20, 3, 19], [4, 13, 5, 14], [6, 15, 7, 16], [8, 23, 9, 24]]"
12a_1203_171,"[[8, 23, 9, 24], [10, 18, 11, 17], [12, 1, 13, 2], [14, 5, 15, 6], [16, 22, 17, 21], [18, 12, 19, 11], [20, 4, 21, 3], [22, 7, 23, 8], [24, 9, 1, 10], [2, 20, 3, 19], [4, 13, 5, 14], [6, 15, 7, 16]]"
12a_1203_172,"[[6, 15, 7, 16], [8, 23, 9, 24], [10, 18, 11, 17], [12, 1, 13, 2], [14, 5, 15, 6], [16, 22, 17, 21], [18, 12, 19, 11], [20, 4, 21, 3], [22, 7, 23, 8], [24, 9, 1, 10], [2, 20, 3, 19], [4, 13, 5, 14]]"
12a_1203_173,"[[4, 13, 5, 14], [6, 15, 7, 16], [8, 23, 9, 24], [10, 18, 11, 17], [12, 1, 13, 2], [14, 5, 15, 6], [16, 22, 17, 21], [18, 12, 19, 11], [20, 4, 21, 3], [22, 7, 23, 8], [24, 9, 1, 10], [2, 20, 3, 19]]"
12a_1203_174,"[[2, 20, 3, 19], [4, 13, 5, 14], [6, 15, 7, 16], [8, 23, 9, 24], [10, 18, 11, 17], [12, 1, 13, 2], [14, 5, 15, 6], [16, 22, 17, 21], [18, 12, 19, 11], [20, 4, 21, 3], [22, 7, 23, 8], [24, 9, 1, 10]]"
12a_1203_175,"[[24, 9, 1, 10], [2, 20, 3, 19], [4, 13, 5, 14], [6, 15, 7, 16], [8, 23, 9, 24], [10, 18, 11, 17], [12, 1, 13, 2], [14, 5, 15, 6], [16, 22, 17, 21], [18, 12, 19, 11], [20, 4, 21, 3], [22, 7, 23, 8]]"
12a_1203_176,"[[22, 7, 23, 8], [24, 9, 1, 10], [2, 20, 3, 19], [4, 13, 5, 14], [6, 15, 7, 16], [8, 23, 9, 24], [10, 18, 11, 17], [12, 1, 13, 2], [14, 5, 15, 6], [16, 22, 17, 21], [18, 12, 19, 11], [20, 4, 21, 3]]"
12a_1203_177,"[[20, 4, 21, 3], [22, 7, 23, 8], [24, 9, 1, 10], [2, 20, 3, 19], [4, 13, 5, 14], [6, 15, 7, 16], [8, 23, 9, 24], [10, 18, 11, 17], [12, 1, 13, 2], [14, 5, 15, 6], [16, 22, 17, 21], [18, 12, 19, 11]]"
12a_1203_178,"[[18, 12, 19, 11], [20, 4, 21, 3], [22, 7, 23, 8], [24, 9, 1, 10], [2, 20, 3, 19], [4, 13, 5, 14], [6, 15, 7, 16], [8, 23, 9, 24], [10, 18, 11, 17], [12, 1, 13, 2], [14, 5, 15, 6], [16, 22, 17, 21]]"
12a_1203_179,"[[16, 22, 17, 21], [18, 12, 19, 11], [20, 4, 21, 3], [22, 7, 23, 8], [24, 9, 1, 10], [2, 20, 3, 19], [4, 13, 5, 14], [6, 15, 7, 16], [8, 23, 9, 24], [10, 18, 11, 17], [12, 1, 13, 2], [14, 5, 15, 6]]"
12a_1203_180,"[[15, 6, 16, 7], [17, 23, 18, 22], [19, 13, 20, 12], [21, 5, 22, 4], [23, 8, 24, 9], [1, 10, 2, 11], [3, 21, 4, 20], [5, 14, 6, 15], [7, 16, 8, 17], [9, 24, 10, 1], [11, 19, 12, 18], [13, 2, 14, 3]]"
12a_1203_181,"[[13, 2, 14, 3], [15, 6, 16, 7], [17, 23, 18, 22], [19, 13, 20, 12], [21, 5, 22, 4], [23, 8, 24, 9], [1, 10, 2, 11], [3, 21, 4, 20], [5, 14, 6, 15], [7, 16, 8, 17], [9, 24, 10, 1], [11, 19, 12, 18]]"
12a_1203_182,"[[11, 19, 12, 18], [13, 2, 14, 3], [15, 6, 16, 7], [17, 23, 18, 22], [19, 13, 20, 12], [21, 5, 22, 4], [23, 8, 24, 9], [1, 10, 2, 11], [3, 21, 4, 20], [5, 14, 6, 15], [7, 16, 8, 17], [9, 24, 10, 1]]"
12a_1203_183,"[[9, 24, 10, 1], [11, 19, 12, 18], [13, 2, 14, 3], [15, 6, 16, 7], [17, 23, 18, 22], [19, 13, 20, 12], [21, 5, 22, 4], [23, 8, 24, 9], [1, 10, 2, 11], [3, 21, 4, 20], [5, 14, 6, 15], [7, 16, 8, 17]]"
12a_1203_184,"[[7, 16, 8, 17], [9, 24, 10, 1], [11, 19, 12, 18], [13, 2, 14, 3], [15, 6, 16, 7], [17, 23, 18, 22], [19, 13, 20, 12], [21, 5, 22, 4], [23, 8, 24, 9], [1, 10, 2, 11], [3, 21, 4, 20], [5, 14, 6, 15]]"
12a_1203_185,"[[5, 14, 6, 15], [7, 16, 8, 17], [9, 24, 10, 1], [11, 19, 12, 18], [13, 2, 14, 3], [15, 6, 16, 7], [17, 23, 18, 22], [19, 13, 20, 12], [21, 5, 22, 4], [23, 8, 24, 9], [1, 10, 2, 11], [3, 21, 4, 20]]"
