name,pd_notation
12a_0159_0,"[[24, 12, 1, 11], [2, 6, 3, 5], [4, 10, 5, 9], [6, 18, 7, 17], [8, 4, 9, 3], [10, 22, 11, 21], [12, 24, 13, 23], [14, 19, 15, 20], [16, 8, 17, 7], [18, 15, 19, 16], [20, 2, 21, 1], [22, 14, 23, 13]]"
12a_0159_1,"[[22, 14, 23, 13], [24, 12, 1, 11], [2, 6, 3, 5], [4, 10, 5, 9], [6, 18, 7, 17], [8, 4, 9, 3], [10, 22, 11, 21], [12, 24, 13, 23], [14, 19, 15, 20], [16, 8, 17, 7], [18, 15, 19, 16], [20, 2, 21, 1]]"
12a_0159_2,"[[20, 2, 21, 1], [22, 14, 23, 13], [24, 12, 1, 11], [2, 6, 3, 5], [4, 10, 5, 9], [6, 18, 7, 17], [8, 4, 9, 3], [10, 22, 11, 21], [12, 24, 13, 23], [14, 19, 15, 20], [16, 8, 17, 7], [18, 15, 19, 16]]"
12a_0159_3,"[[18, 15, 19, 16], [20, 2, 21, 1], [22, 14, 23, 13], [24, 12, 1, 11], [2, 6, 3, 5], [4, 10, 5, 9], [6, 18, 7, 17], [8, 4, 9, 3], [10, 22, 11, 21], [12, 24, 13, 23], [14, 19, 15, 20], [16, 8, 17, 7]]"
12a_0159_4,"[[16, 8, 17, 7], [18, 15, 19, 16], [20, 2, 21, 1], [22, 14, 23, 13], [24, 12, 1, 11], [2, 6, 3, 5], [4, 10, 5, 9], [6, 18, 7, 17], [8, 4, 9, 3], [10, 22, 11, 21], [12, 24, 13, 23], [14, 19, 15, 20]]"
12a_0159_5,"[[14, 19, 15, 20], [16, 8, 17, 7], [18, 15, 19, 16], [20, 2, 21, 1], [22, 14, 23, 13], [24, 12, 1, 11], [2, 6, 3, 5], [4, 10, 5, 9], [6, 18, 7, 17], [8, 4, 9, 3], [10, 22, 11, 21], [12, 24, 13, 23]]"
12a_0159_6,"[[12, 24, 13, 23], [14, 19, 15, 20], [16, 8, 17, 7], [18, 15, 19, 16], [20, 2, 21, 1], [22, 14, 23, 13], [24, 12, 1, 11], [2, 6, 3, 5], [4, 10, 5, 9], [6, 18, 7, 17], [8, 4, 9, 3], [10, 22, 11, 21]]"
12a_0159_7,"[[10, 22, 11, 21], [12, 24, 13, 23], [14, 19, 15, 20], [16, 8, 17, 7], [18, 15, 19, 16], [20, 2, 21, 1], [22, 14, 23, 13], [24, 12, 1, 11], [2, 6, 3, 5], [4, 10, 5, 9], [6, 18, 7, 17], [8, 4, 9, 3]]"
12a_0159_8,"[[8, 4, 9, 3], [10, 22, 11, 21], [12, 24, 13, 23], [14, 19, 15, 20], [16, 8, 17, 7], [18, 15, 19, 16], [20, 2, 21, 1], [22, 14, 23, 13], [24, 12, 1, 11], [2, 6, 3, 5], [4, 10, 5, 9], [6, 18, 7, 17]]"
12a_0159_9,"[[6, 18, 7, 17], [8, 4, 9, 3], [10, 22, 11, 21], [12, 24, 13, 23], [14, 19, 15, 20], [16, 8, 17, 7], [18, 15, 19, 16], [20, 2, 21, 1], [22, 14, 23, 13], [24, 12, 1, 11], [2, 6, 3, 5], [4, 10, 5, 9]]"
12a_0159_10,"[[4, 10, 5, 9], [6, 18, 7, 17], [8, 4, 9, 3], [10, 22, 11, 21], [12, 24, 13, 23], [14, 19, 15, 20], [16, 8, 17, 7], [18, 15, 19, 16], [20, 2, 21, 1], [22, 14, 23, 13], [24, 12, 1, 11], [2, 6, 3, 5]]"
12a_0159_11,"[[2, 6, 3, 5], [4, 10, 5, 9], [6, 18, 7, 17], [8, 4, 9, 3], [10, 22, 11, 21], [12, 24, 13, 23], [14, 19, 15, 20], [16, 8, 17, 7], [18, 15, 19, 16], [20, 2, 21, 1], [22, 14, 23, 13], [24, 12, 1, 11]]"
12a_0159_12,"[[1, 13, 2, 12], [3, 7, 4, 6], [5, 11, 6, 10], [7, 19, 8, 18], [9, 5, 10, 4], [11, 23, 12, 22], [13, 1, 14, 24], [15, 20, 16, 21], [17, 9, 18, 8], [19, 16, 20, 17], [21, 3, 22, 2], [23, 15, 24, 14]]"
12a_0159_13,"[[23, 15, 24, 14], [1, 13, 2, 12], [3, 7, 4, 6], [5, 11, 6, 10], [7, 19, 8, 18], [9, 5, 10, 4], [11, 23, 12, 22], [13, 1, 14, 24], [15, 20, 16, 21], [17, 9, 18, 8], [19, 16, 20, 17], [21, 3, 22, 2]]"
12a_0159_14,"[[21, 3, 22, 2], [23, 15, 24, 14], [1, 13, 2, 12], [3, 7, 4, 6], [5, 11, 6, 10], [7, 19, 8, 18], [9, 5, 10, 4], [11, 23, 12, 22], [13, 1, 14, 24], [15, 20, 16, 21], [17, 9, 18, 8], [19, 16, 20, 17]]"
12a_0159_15,"[[19, 16, 20, 17], [21, 3, 22, 2], [23, 15, 24, 14], [1, 13, 2, 12], [3, 7, 4, 6], [5, 11, 6, 10], [7, 19, 8, 18], [9, 5, 10, 4], [11, 23, 12, 22], [13, 1, 14, 24], [15, 20, 16, 21], [17, 9, 18, 8]]"
12a_0159_16,"[[17, 9, 18, 8], [19, 16, 20, 17], [21, 3, 22, 2], [23, 15, 24, 14], [1, 13, 2, 12], [3, 7, 4, 6], [5, 11, 6, 10], [7, 19, 8, 18], [9, 5, 10, 4], [11, 23, 12, 22], [13, 1, 14, 24], [15, 20, 16, 21]]"
12a_0159_17,"[[15, 20, 16, 21], [17, 9, 18, 8], [19, 16, 20, 17], [21, 3, 22, 2], [23, 15, 24, 14], [1, 13, 2, 12], [3, 7, 4, 6], [5, 11, 6, 10], [7, 19, 8, 18], [9, 5, 10, 4], [11, 23, 12, 22], [13, 1, 14, 24]]"
12a_0159_18,"[[13, 1, 14, 24], [15, 20, 16, 21], [17, 9, 18, 8], [19, 16, 20, 17], [21, 3, 22, 2], [23, 15, 24, 14], [1, 13, 2, 12], [3, 7, 4, 6], [5, 11, 6, 10], [7, 19, 8, 18], [9, 5, 10, 4], [11, 23, 12, 22]]"
12a_0159_19,"[[11, 23, 12, 22], [13, 1, 14, 24], [15, 20, 16, 21], [17, 9, 18, 8], [19, 16, 20, 17], [21, 3, 22, 2], [23, 15, 24, 14], [1, 13, 2, 12], [3, 7, 4, 6], [5, 11, 6, 10], [7, 19, 8, 18], [9, 5, 10, 4]]"
12a_0159_20,"[[9, 5, 10, 4], [11, 23, 12, 22], [13, 1, 14, 24], [15, 20, 16, 21], [17, 9, 18, 8], [19, 16, 20, 17], [21, 3, 22, 2], [23, 15, 24, 14], [1, 13, 2, 12], [3, 7, 4, 6], [5, 11, 6, 10], [7, 19, 8, 18]]"
12a_0159_21,"[[7, 19, 8, 18], [9, 5, 10, 4], [11, 23, 12, 22], [13, 1, 14, 24], [15, 20, 16, 21], [17, 9, 18, 8], [19, 16, 20, 17], [21, 3, 22, 2], [23, 15, 24, 14], [1, 13, 2, 12], [3, 7, 4, 6], [5, 11, 6, 10]]"
12a_0159_22,"[[5, 11, 6, 10], [7, 19, 8, 18], [9, 5, 10, 4], [11, 23, 12, 22], [13, 1, 14, 24], [15, 20, 16, 21], [17, 9, 18, 8], [19, 16, 20, 17], [21, 3, 22, 2], [23, 15, 24, 14], [1, 13, 2, 12], [3, 7, 4, 6]]"
12a_0159_23,"[[3, 7, 4, 6], [5, 11, 6, 10], [7, 19, 8, 18], [9, 5, 10, 4], [11, 23, 12, 22], [13, 1, 14, 24], [15, 20, 16, 21], [17, 9, 18, 8], [19, 16, 20, 17], [21, 3, 22, 2], [23, 15, 24, 14], [1, 13, 2, 12]]"
12a_0159_24,"[[2, 14, 3, 13], [4, 8, 5, 7], [6, 12, 7, 11], [8, 20, 9, 19], [10, 6, 11, 5], [12, 24, 13, 23], [14, 2, 15, 1], [16, 21, 17, 22], [18, 10, 19, 9], [20, 17, 21, 18], [22, 4, 23, 3], [24, 16, 1, 15]]"
12a_0159_25,"[[24, 16, 1, 15], [2, 14, 3, 13], [4, 8, 5, 7], [6, 12, 7, 11], [8, 20, 9, 19], [10, 6, 11, 5], [12, 24, 13, 23], [14, 2, 15, 1], [16, 21, 17, 22], [18, 10, 19, 9], [20, 17, 21, 18], [22, 4, 23, 3]]"
12a_0159_26,"[[22, 4, 23, 3], [24, 16, 1, 15], [2, 14, 3, 13], [4, 8, 5, 7], [6, 12, 7, 11], [8, 20, 9, 19], [10, 6, 11, 5], [12, 24, 13, 23], [14, 2, 15, 1], [16, 21, 17, 22], [18, 10, 19, 9], [20, 17, 21, 18]]"
12a_0159_27,"[[20, 17, 21, 18], [22, 4, 23, 3], [24, 16, 1, 15], [2, 14, 3, 13], [4, 8, 5, 7], [6, 12, 7, 11], [8, 20, 9, 19], [10, 6, 11, 5], [12, 24, 13, 23], [14, 2, 15, 1], [16, 21, 17, 22], [18, 10, 19, 9]]"
12a_0159_28,"[[18, 10, 19, 9], [20, 17, 21, 18], [22, 4, 23, 3], [24, 16, 1, 15], [2, 14, 3, 13], [4, 8, 5, 7], [6, 12, 7, 11], [8, 20, 9, 19], [10, 6, 11, 5], [12, 24, 13, 23], [14, 2, 15, 1], [16, 21, 17, 22]]"
12a_0159_29,"[[16, 21, 17, 22], [18, 10, 19, 9], [20, 17, 21, 18], [22, 4, 23, 3], [24, 16, 1, 15], [2, 14, 3, 13], [4, 8, 5, 7], [6, 12, 7, 11], [8, 20, 9, 19], [10, 6, 11, 5], [12, 24, 13, 23], [14, 2, 15, 1]]"
12a_0159_30,"[[14, 2, 15, 1], [16, 21, 17, 22], [18, 10, 19, 9], [20, 17, 21, 18], [22, 4, 23, 3], [24, 16, 1, 15], [2, 14, 3, 13], [4, 8, 5, 7], [6, 12, 7, 11], [8, 20, 9, 19], [10, 6, 11, 5], [12, 24, 13, 23]]"
12a_0159_31,"[[12, 24, 13, 23], [14, 2, 15, 1], [16, 21, 17, 22], [18, 10, 19, 9], [20, 17, 21, 18], [22, 4, 23, 3], [24, 16, 1, 15], [2, 14, 3, 13], [4, 8, 5, 7], [6, 12, 7, 11], [8, 20, 9, 19], [10, 6, 11, 5]]"
12a_0159_32,"[[10, 6, 11, 5], [12, 24, 13, 23], [14, 2, 15, 1], [16, 21, 17, 22], [18, 10, 19, 9], [20, 17, 21, 18], [22, 4, 23, 3], [24, 16, 1, 15], [2, 14, 3, 13], [4, 8, 5, 7], [6, 12, 7, 11], [8, 20, 9, 19]]"
12a_0159_33,"[[8, 20, 9, 19], [10, 6, 11, 5], [12, 24, 13, 23], [14, 2, 15, 1], [16, 21, 17, 22], [18, 10, 19, 9], [20, 17, 21, 18], [22, 4, 23, 3], [24, 16, 1, 15], [2, 14, 3, 13], [4, 8, 5, 7], [6, 12, 7, 11]]"
12a_0159_34,"[[6, 12, 7, 11], [8, 20, 9, 19], [10, 6, 11, 5], [12, 24, 13, 23], [14, 2, 15, 1], [16, 21, 17, 22], [18, 10, 19, 9], [20, 17, 21, 18], [22, 4, 23, 3], [24, 16, 1, 15], [2, 14, 3, 13], [4, 8, 5, 7]]"
12a_0159_35,"[[4, 8, 5, 7], [6, 12, 7, 11], [8, 20, 9, 19], [10, 6, 11, 5], [12, 24, 13, 23], [14, 2, 15, 1], [16, 21, 17, 22], [18, 10, 19, 9], [20, 17, 21, 18], [22, 4, 23, 3], [24, 16, 1, 15], [2, 14, 3, 13]]"
12a_0159_36,"[[3, 15, 4, 14], [5, 9, 6, 8], [7, 13, 8, 12], [9, 21, 10, 20], [11, 7, 12, 6], [13, 1, 14, 24], [15, 3, 16, 2], [17, 22, 18, 23], [19, 11, 20, 10], [21, 18, 22, 19], [23, 5, 24, 4], [1, 17, 2, 16]]"
12a_0159_37,"[[1, 17, 2, 16], [3, 15, 4, 14], [5, 9, 6, 8], [7, 13, 8, 12], [9, 21, 10, 20], [11, 7, 12, 6], [13, 1, 14, 24], [15, 3, 16, 2], [17, 22, 18, 23], [19, 11, 20, 10], [21, 18, 22, 19], [23, 5, 24, 4]]"
12a_0159_38,"[[23, 5, 24, 4], [1, 17, 2, 16], [3, 15, 4, 14], [5, 9, 6, 8], [7, 13, 8, 12], [9, 21, 10, 20], [11, 7, 12, 6], [13, 1, 14, 24], [15, 3, 16, 2], [17, 22, 18, 23], [19, 11, 20, 10], [21, 18, 22, 19]]"
12a_0159_39,"[[21, 18, 22, 19], [23, 5, 24, 4], [1, 17, 2, 16], [3, 15, 4, 14], [5, 9, 6, 8], [7, 13, 8, 12], [9, 21, 10, 20], [11, 7, 12, 6], [13, 1, 14, 24], [15, 3, 16, 2], [17, 22, 18, 23], [19, 11, 20, 10]]"
12a_0159_40,"[[19, 11, 20, 10], [21, 18, 22, 19], [23, 5, 24, 4], [1, 17, 2, 16], [3, 15, 4, 14], [5, 9, 6, 8], [7, 13, 8, 12], [9, 21, 10, 20], [11, 7, 12, 6], [13, 1, 14, 24], [15, 3, 16, 2], [17, 22, 18, 23]]"
12a_0159_41,"[[17, 22, 18, 23], [19, 11, 20, 10], [21, 18, 22, 19], [23, 5, 24, 4], [1, 17, 2, 16], [3, 15, 4, 14], [5, 9, 6, 8], [7, 13, 8, 12], [9, 21, 10, 20], [11, 7, 12, 6], [13, 1, 14, 24], [15, 3, 16, 2]]"
12a_0159_42,"[[15, 3, 16, 2], [17, 22, 18, 23], [19, 11, 20, 10], [21, 18, 22, 19], [23, 5, 24, 4], [1, 17, 2, 16], [3, 15, 4, 14], [5, 9, 6, 8], [7, 13, 8, 12], [9, 21, 10, 20], [11, 7, 12, 6], [13, 1, 14, 24]]"
12a_0159_43,"[[13, 1, 14, 24], [15, 3, 16, 2], [17, 22, 18, 23], [19, 11, 20, 10], [21, 18, 22, 19], [23, 5, 24, 4], [1, 17, 2, 16], [3, 15, 4, 14], [5, 9, 6, 8], [7, 13, 8, 12], [9, 21, 10, 20], [11, 7, 12, 6]]"
12a_0159_44,"[[11, 7, 12, 6], [13, 1, 14, 24], [15, 3, 16, 2], [17, 22, 18, 23], [19, 11, 20, 10], [21, 18, 22, 19], [23, 5, 24, 4], [1, 17, 2, 16], [3, 15, 4, 14], [5, 9, 6, 8], [7, 13, 8, 12], [9, 21, 10, 20]]"
12a_0159_45,"[[9, 21, 10, 20], [11, 7, 12, 6], [13, 1, 14, 24], [15, 3, 16, 2], [17, 22, 18, 23], [19, 11, 20, 10], [21, 18, 22, 19], [23, 5, 24, 4], [1, 17, 2, 16], [3, 15, 4, 14], [5, 9, 6, 8], [7, 13, 8, 12]]"
12a_0159_46,"[[7, 13, 8, 12], [9, 21, 10, 20], [11, 7, 12, 6], [13, 1, 14, 24], [15, 3, 16, 2], [17, 22, 18, 23], [19, 11, 20, 10], [21, 18, 22, 19], [23, 5, 24, 4], [1, 17, 2, 16], [3, 15, 4, 14], [5, 9, 6, 8]]"
12a_0159_47,"[[5, 9, 6, 8], [7, 13, 8, 12], [9, 21, 10, 20], [11, 7, 12, 6], [13, 1, 14, 24], [15, 3, 16, 2], [17, 22, 18, 23], [19, 11, 20, 10], [21, 18, 22, 19], [23, 5, 24, 4], [1, 17, 2, 16], [3, 15, 4, 14]]"
12a_0159_48,"[[4, 16, 5, 15], [6, 10, 7, 9], [8, 14, 9, 13], [10, 22, 11, 21], [12, 8, 13, 7], [14, 2, 15, 1], [16, 4, 17, 3], [18, 23, 19, 24], [20, 12, 21, 11], [22, 19, 23, 20], [24, 6, 1, 5], [2, 18, 3, 17]]"
12a_0159_49,"[[2, 18, 3, 17], [4, 16, 5, 15], [6, 10, 7, 9], [8, 14, 9, 13], [10, 22, 11, 21], [12, 8, 13, 7], [14, 2, 15, 1], [16, 4, 17, 3], [18, 23, 19, 24], [20, 12, 21, 11], [22, 19, 23, 20], [24, 6, 1, 5]]"
12a_0159_50,"[[24, 6, 1, 5], [2, 18, 3, 17], [4, 16, 5, 15], [6, 10, 7, 9], [8, 14, 9, 13], [10, 22, 11, 21], [12, 8, 13, 7], [14, 2, 15, 1], [16, 4, 17, 3], [18, 23, 19, 24], [20, 12, 21, 11], [22, 19, 23, 20]]"
12a_0159_51,"[[22, 19, 23, 20], [24, 6, 1, 5], [2, 18, 3, 17], [4, 16, 5, 15], [6, 10, 7, 9], [8, 14, 9, 13], [10, 22, 11, 21], [12, 8, 13, 7], [14, 2, 15, 1], [16, 4, 17, 3], [18, 23, 19, 24], [20, 12, 21, 11]]"
12a_0159_52,"[[20, 12, 21, 11], [22, 19, 23, 20], [24, 6, 1, 5], [2, 18, 3, 17], [4, 16, 5, 15], [6, 10, 7, 9], [8, 14, 9, 13], [10, 22, 11, 21], [12, 8, 13, 7], [14, 2, 15, 1], [16, 4, 17, 3], [18, 23, 19, 24]]"
12a_0159_53,"[[18, 23, 19, 24], [20, 12, 21, 11], [22, 19, 23, 20], [24, 6, 1, 5], [2, 18, 3, 17], [4, 16, 5, 15], [6, 10, 7, 9], [8, 14, 9, 13], [10, 22, 11, 21], [12, 8, 13, 7], [14, 2, 15, 1], [16, 4, 17, 3]]"
12a_0159_54,"[[16, 4, 17, 3], [18, 23, 19, 24], [20, 12, 21, 11], [22, 19, 23, 20], [24, 6, 1, 5], [2, 18, 3, 17], [4, 16, 5, 15], [6, 10, 7, 9], [8, 14, 9, 13], [10, 22, 11, 21], [12, 8, 13, 7], [14, 2, 15, 1]]"
12a_0159_55,"[[14, 2, 15, 1], [16, 4, 17, 3], [18, 23, 19, 24], [20, 12, 21, 11], [22, 19, 23, 20], [24, 6, 1, 5], [2, 18, 3, 17], [4, 16, 5, 15], [6, 10, 7, 9], [8, 14, 9, 13], [10, 22, 11, 21], [12, 8, 13, 7]]"
12a_0159_56,"[[12, 8, 13, 7], [14, 2, 15, 1], [16, 4, 17, 3], [18, 23, 19, 24], [20, 12, 21, 11], [22, 19, 23, 20], [24, 6, 1, 5], [2, 18, 3, 17], [4, 16, 5, 15], [6, 10, 7, 9], [8, 14, 9, 13], [10, 22, 11, 21]]"
12a_0159_57,"[[10, 22, 11, 21], [12, 8, 13, 7], [14, 2, 15, 1], [16, 4, 17, 3], [18, 23, 19, 24], [20, 12, 21, 11], [22, 19, 23, 20], [24, 6, 1, 5], [2, 18, 3, 17], [4, 16, 5, 15], [6, 10, 7, 9], [8, 14, 9, 13]]"
12a_0159_58,"[[8, 14, 9, 13], [10, 22, 11, 21], [12, 8, 13, 7], [14, 2, 15, 1], [16, 4, 17, 3], [18, 23, 19, 24], [20, 12, 21, 11], [22, 19, 23, 20], [24, 6, 1, 5], [2, 18, 3, 17], [4, 16, 5, 15], [6, 10, 7, 9]]"
12a_0159_59,"[[6, 10, 7, 9], [8, 14, 9, 13], [10, 22, 11, 21], [12, 8, 13, 7], [14, 2, 15, 1], [16, 4, 17, 3], [18, 23, 19, 24], [20, 12, 21, 11], [22, 19, 23, 20], [24, 6, 1, 5], [2, 18, 3, 17], [4, 16, 5, 15]]"
12a_0159_60,"[[5, 17, 6, 16], [7, 11, 8, 10], [9, 15, 10, 14], [11, 23, 12, 22], [13, 9, 14, 8], [15, 3, 16, 2], [17, 5, 18, 4], [19, 24, 20, 1], [21, 13, 22, 12], [23, 20, 24, 21], [1, 7, 2, 6], [3, 19, 4, 18]]"
12a_0159_61,"[[3, 19, 4, 18], [5, 17, 6, 16], [7, 11, 8, 10], [9, 15, 10, 14], [11, 23, 12, 22], [13, 9, 14, 8], [15, 3, 16, 2], [17, 5, 18, 4], [19, 24, 20, 1], [21, 13, 22, 12], [23, 20, 24, 21], [1, 7, 2, 6]]"
12a_0159_62,"[[1, 7, 2, 6], [3, 19, 4, 18], [5, 17, 6, 16], [7, 11, 8, 10], [9, 15, 10, 14], [11, 23, 12, 22], [13, 9, 14, 8], [15, 3, 16, 2], [17, 5, 18, 4], [19, 24, 20, 1], [21, 13, 22, 12], [23, 20, 24, 21]]"
12a_0159_63,"[[23, 20, 24, 21], [1, 7, 2, 6], [3, 19, 4, 18], [5, 17, 6, 16], [7, 11, 8, 10], [9, 15, 10, 14], [11, 23, 12, 22], [13, 9, 14, 8], [15, 3, 16, 2], [17, 5, 18, 4], [19, 24, 20, 1], [21, 13, 22, 12]]"
12a_0159_64,"[[21, 13, 22, 12], [23, 20, 24, 21], [1, 7, 2, 6], [3, 19, 4, 18], [5, 17, 6, 16], [7, 11, 8, 10], [9, 15, 10, 14], [11, 23, 12, 22], [13, 9, 14, 8], [15, 3, 16, 2], [17, 5, 18, 4], [19, 24, 20, 1]]"
12a_0159_65,"[[19, 24, 20, 1], [21, 13, 22, 12], [23, 20, 24, 21], [1, 7, 2, 6], [3, 19, 4, 18], [5, 17, 6, 16], [7, 11, 8, 10], [9, 15, 10, 14], [11, 23, 12, 22], [13, 9, 14, 8], [15, 3, 16, 2], [17, 5, 18, 4]]"
12a_0159_66,"[[17, 5, 18, 4], [19, 24, 20, 1], [21, 13, 22, 12], [23, 20, 24, 21], [1, 7, 2, 6], [3, 19, 4, 18], [5, 17, 6, 16], [7, 11, 8, 10], [9, 15, 10, 14], [11, 23, 12, 22], [13, 9, 14, 8], [15, 3, 16, 2]]"
12a_0159_67,"[[15, 3, 16, 2], [17, 5, 18, 4], [19, 24, 20, 1], [21, 13, 22, 12], [23, 20, 24, 21], [1, 7, 2, 6], [3, 19, 4, 18], [5, 17, 6, 16], [7, 11, 8, 10], [9, 15, 10, 14], [11, 23, 12, 22], [13, 9, 14, 8]]"
12a_0159_68,"[[13, 9, 14, 8], [15, 3, 16, 2], [17, 5, 18, 4], [19, 24, 20, 1], [21, 13, 22, 12], [23, 20, 24, 21], [1, 7, 2, 6], [3, 19, 4, 18], [5, 17, 6, 16], [7, 11, 8, 10], [9, 15, 10, 14], [11, 23, 12, 22]]"
12a_0159_69,"[[11, 23, 12, 22], [13, 9, 14, 8], [15, 3, 16, 2], [17, 5, 18, 4], [19, 24, 20, 1], [21, 13, 22, 12], [23, 20, 24, 21], [1, 7, 2, 6], [3, 19, 4, 18], [5, 17, 6, 16], [7, 11, 8, 10], [9, 15, 10, 14]]"
12a_0159_70,"[[9, 15, 10, 14], [11, 23, 12, 22], [13, 9, 14, 8], [15, 3, 16, 2], [17, 5, 18, 4], [19, 24, 20, 1], [21, 13, 22, 12], [23, 20, 24, 21], [1, 7, 2, 6], [3, 19, 4, 18], [5, 17, 6, 16], [7, 11, 8, 10]]"
12a_0159_71,"[[7, 11, 8, 10], [9, 15, 10, 14], [11, 23, 12, 22], [13, 9, 14, 8], [15, 3, 16, 2], [17, 5, 18, 4], [19, 24, 20, 1], [21, 13, 22, 12], [23, 20, 24, 21], [1, 7, 2, 6], [3, 19, 4, 18], [5, 17, 6, 16]]"
12a_0159_72,"[[6, 18, 7, 17], [8, 12, 9, 11], [10, 16, 11, 15], [12, 24, 13, 23], [14, 10, 15, 9], [16, 4, 17, 3], [18, 6, 19, 5], [20, 1, 21, 2], [22, 14, 23, 13], [24, 21, 1, 22], [2, 8, 3, 7], [4, 20, 5, 19]]"
12a_0159_73,"[[4, 20, 5, 19], [6, 18, 7, 17], [8, 12, 9, 11], [10, 16, 11, 15], [12, 24, 13, 23], [14, 10, 15, 9], [16, 4, 17, 3], [18, 6, 19, 5], [20, 1, 21, 2], [22, 14, 23, 13], [24, 21, 1, 22], [2, 8, 3, 7]]"
12a_0159_74,"[[2, 8, 3, 7], [4, 20, 5, 19], [6, 18, 7, 17], [8, 12, 9, 11], [10, 16, 11, 15], [12, 24, 13, 23], [14, 10, 15, 9], [16, 4, 17, 3], [18, 6, 19, 5], [20, 1, 21, 2], [22, 14, 23, 13], [24, 21, 1, 22]]"
12a_0159_75,"[[24, 21, 1, 22], [2, 8, 3, 7], [4, 20, 5, 19], [6, 18, 7, 17], [8, 12, 9, 11], [10, 16, 11, 15], [12, 24, 13, 23], [14, 10, 15, 9], [16, 4, 17, 3], [18, 6, 19, 5], [20, 1, 21, 2], [22, 14, 23, 13]]"
12a_0159_76,"[[22, 14, 23, 13], [24, 21, 1, 22], [2, 8, 3, 7], [4, 20, 5, 19], [6, 18, 7, 17], [8, 12, 9, 11], [10, 16, 11, 15], [12, 24, 13, 23], [14, 10, 15, 9], [16, 4, 17, 3], [18, 6, 19, 5], [20, 1, 21, 2]]"
12a_0159_77,"[[20, 1, 21, 2], [22, 14, 23, 13], [24, 21, 1, 22], [2, 8, 3, 7], [4, 20, 5, 19], [6, 18, 7, 17], [8, 12, 9, 11], [10, 16, 11, 15], [12, 24, 13, 23], [14, 10, 15, 9], [16, 4, 17, 3], [18, 6, 19, 5]]"
12a_0159_78,"[[18, 6, 19, 5], [20, 1, 21, 2], [22, 14, 23, 13], [24, 21, 1, 22], [2, 8, 3, 7], [4, 20, 5, 19], [6, 18, 7, 17], [8, 12, 9, 11], [10, 16, 11, 15], [12, 24, 13, 23], [14, 10, 15, 9], [16, 4, 17, 3]]"
12a_0159_79,"[[16, 4, 17, 3], [18, 6, 19, 5], [20, 1, 21, 2], [22, 14, 23, 13], [24, 21, 1, 22], [2, 8, 3, 7], [4, 20, 5, 19], [6, 18, 7, 17], [8, 12, 9, 11], [10, 16, 11, 15], [12, 24, 13, 23], [14, 10, 15, 9]]"
12a_0159_80,"[[14, 10, 15, 9], [16, 4, 17, 3], [18, 6, 19, 5], [20, 1, 21, 2], [22, 14, 23, 13], [24, 21, 1, 22], [2, 8, 3, 7], [4, 20, 5, 19], [6, 18, 7, 17], [8, 12, 9, 11], [10, 16, 11, 15], [12, 24, 13, 23]]"
12a_0159_81,"[[12, 24, 13, 23], [14, 10, 15, 9], [16, 4, 17, 3], [18, 6, 19, 5], [20, 1, 21, 2], [22, 14, 23, 13], [24, 21, 1, 22], [2, 8, 3, 7], [4, 20, 5, 19], [6, 18, 7, 17], [8, 12, 9, 11], [10, 16, 11, 15]]"
12a_0159_82,"[[10, 16, 11, 15], [12, 24, 13, 23], [14, 10, 15, 9], [16, 4, 17, 3], [18, 6, 19, 5], [20, 1, 21, 2], [22, 14, 23, 13], [24, 21, 1, 22], [2, 8, 3, 7], [4, 20, 5, 19], [6, 18, 7, 17], [8, 12, 9, 11]]"
12a_0159_83,"[[8, 12, 9, 11], [10, 16, 11, 15], [12, 24, 13, 23], [14, 10, 15, 9], [16, 4, 17, 3], [18, 6, 19, 5], [20, 1, 21, 2], [22, 14, 23, 13], [24, 21, 1, 22], [2, 8, 3, 7], [4, 20, 5, 19], [6, 18, 7, 17]]"
12a_0159_84,"[[7, 19, 8, 18], [9, 13, 10, 12], [11, 17, 12, 16], [13, 1, 14, 24], [15, 11, 16, 10], [17, 5, 18, 4], [19, 7, 20, 6], [21, 2, 22, 3], [23, 15, 24, 14], [1, 22, 2, 23], [3, 9, 4, 8], [5, 21, 6, 20]]"
12a_0159_85,"[[5, 21, 6, 20], [7, 19, 8, 18], [9, 13, 10, 12], [11, 17, 12, 16], [13, 1, 14, 24], [15, 11, 16, 10], [17, 5, 18, 4], [19, 7, 20, 6], [21, 2, 22, 3], [23, 15, 24, 14], [1, 22, 2, 23], [3, 9, 4, 8]]"
12a_0159_86,"[[3, 9, 4, 8], [5, 21, 6, 20], [7, 19, 8, 18], [9, 13, 10, 12], [11, 17, 12, 16], [13, 1, 14, 24], [15, 11, 16, 10], [17, 5, 18, 4], [19, 7, 20, 6], [21, 2, 22, 3], [23, 15, 24, 14], [1, 22, 2, 23]]"
12a_0159_87,"[[1, 22, 2, 23], [3, 9, 4, 8], [5, 21, 6, 20], [7, 19, 8, 18], [9, 13, 10, 12], [11, 17, 12, 16], [13, 1, 14, 24], [15, 11, 16, 10], [17, 5, 18, 4], [19, 7, 20, 6], [21, 2, 22, 3], [23, 15, 24, 14]]"
12a_0159_88,"[[23, 15, 24, 14], [1, 22, 2, 23], [3, 9, 4, 8], [5, 21, 6, 20], [7, 19, 8, 18], [9, 13, 10, 12], [11, 17, 12, 16], [13, 1, 14, 24], [15, 11, 16, 10], [17, 5, 18, 4], [19, 7, 20, 6], [21, 2, 22, 3]]"
12a_0159_89,"[[21, 2, 22, 3], [23, 15, 24, 14], [1, 22, 2, 23], [3, 9, 4, 8], [5, 21, 6, 20], [7, 19, 8, 18], [9, 13, 10, 12], [11, 17, 12, 16], [13, 1, 14, 24], [15, 11, 16, 10], [17, 5, 18, 4], [19, 7, 20, 6]]"
12a_0159_90,"[[19, 7, 20, 6], [21, 2, 22, 3], [23, 15, 24, 14], [1, 22, 2, 23], [3, 9, 4, 8], [5, 21, 6, 20], [7, 19, 8, 18], [9, 13, 10, 12], [11, 17, 12, 16], [13, 1, 14, 24], [15, 11, 16, 10], [17, 5, 18, 4]]"
12a_0159_91,"[[17, 5, 18, 4], [19, 7, 20, 6], [21, 2, 22, 3], [23, 15, 24, 14], [1, 22, 2, 23], [3, 9, 4, 8], [5, 21, 6, 20], [7, 19, 8, 18], [9, 13, 10, 12], [11, 17, 12, 16], [13, 1, 14, 24], [15, 11, 16, 10]]"
12a_0159_92,"[[15, 11, 16, 10], [17, 5, 18, 4], [19, 7, 20, 6], [21, 2, 22, 3], [23, 15, 24, 14], [1, 22, 2, 23], [3, 9, 4, 8], [5, 21, 6, 20], [7, 19, 8, 18], [9, 13, 10, 12], [11, 17, 12, 16], [13, 1, 14, 24]]"
12a_0159_93,"[[13, 1, 14, 24], [15, 11, 16, 10], [17, 5, 18, 4], [19, 7, 20, 6], [21, 2, 22, 3], [23, 15, 24, 14], [1, 22, 2, 23], [3, 9, 4, 8], [5, 21, 6, 20], [7, 19, 8, 18], [9, 13, 10, 12], [11, 17, 12, 16]]"
12a_0159_94,"[[11, 17, 12, 16], [13, 1, 14, 24], [15, 11, 16, 10], [17, 5, 18, 4], [19, 7, 20, 6], [21, 2, 22, 3], [23, 15, 24, 14], [1, 22, 2, 23], [3, 9, 4, 8], [5, 21, 6, 20], [7, 19, 8, 18], [9, 13, 10, 12]]"
12a_0159_95,"[[9, 13, 10, 12], [11, 17, 12, 16], [13, 1, 14, 24], [15, 11, 16, 10], [17, 5, 18, 4], [19, 7, 20, 6], [21, 2, 22, 3], [23, 15, 24, 14], [1, 22, 2, 23], [3, 9, 4, 8], [5, 21, 6, 20], [7, 19, 8, 18]]"
12a_0159_96,"[[8, 20, 9, 19], [10, 14, 11, 13], [12, 18, 13, 17], [14, 2, 15, 1], [16, 12, 17, 11], [18, 6, 19, 5], [20, 8, 21, 7], [22, 3, 23, 4], [24, 16, 1, 15], [2, 23, 3, 24], [4, 10, 5, 9], [6, 22, 7, 21]]"
12a_0159_97,"[[6, 22, 7, 21], [8, 20, 9, 19], [10, 14, 11, 13], [12, 18, 13, 17], [14, 2, 15, 1], [16, 12, 17, 11], [18, 6, 19, 5], [20, 8, 21, 7], [22, 3, 23, 4], [24, 16, 1, 15], [2, 23, 3, 24], [4, 10, 5, 9]]"
12a_0159_98,"[[4, 10, 5, 9], [6, 22, 7, 21], [8, 20, 9, 19], [10, 14, 11, 13], [12, 18, 13, 17], [14, 2, 15, 1], [16, 12, 17, 11], [18, 6, 19, 5], [20, 8, 21, 7], [22, 3, 23, 4], [24, 16, 1, 15], [2, 23, 3, 24]]"
12a_0159_99,"[[2, 23, 3, 24], [4, 10, 5, 9], [6, 22, 7, 21], [8, 20, 9, 19], [10, 14, 11, 13], [12, 18, 13, 17], [14, 2, 15, 1], [16, 12, 17, 11], [18, 6, 19, 5], [20, 8, 21, 7], [22, 3, 23, 4], [24, 16, 1, 15]]"
12a_0159_100,"[[24, 16, 1, 15], [2, 23, 3, 24], [4, 10, 5, 9], [6, 22, 7, 21], [8, 20, 9, 19], [10, 14, 11, 13], [12, 18, 13, 17], [14, 2, 15, 1], [16, 12, 17, 11], [18, 6, 19, 5], [20, 8, 21, 7], [22, 3, 23, 4]]"
12a_0159_101,"[[22, 3, 23, 4], [24, 16, 1, 15], [2, 23, 3, 24], [4, 10, 5, 9], [6, 22, 7, 21], [8, 20, 9, 19], [10, 14, 11, 13], [12, 18, 13, 17], [14, 2, 15, 1], [16, 12, 17, 11], [18, 6, 19, 5], [20, 8, 21, 7]]"
12a_0159_102,"[[20, 8, 21, 7], [22, 3, 23, 4], [24, 16, 1, 15], [2, 23, 3, 24], [4, 10, 5, 9], [6, 22, 7, 21], [8, 20, 9, 19], [10, 14, 11, 13], [12, 18, 13, 17], [14, 2, 15, 1], [16, 12, 17, 11], [18, 6, 19, 5]]"
12a_0159_103,"[[18, 6, 19, 5], [20, 8, 21, 7], [22, 3, 23, 4], [24, 16, 1, 15], [2, 23, 3, 24], [4, 10, 5, 9], [6, 22, 7, 21], [8, 20, 9, 19], [10, 14, 11, 13], [12, 18, 13, 17], [14, 2, 15, 1], [16, 12, 17, 11]]"
12a_0159_104,"[[16, 12, 17, 11], [18, 6, 19, 5], [20, 8, 21, 7], [22, 3, 23, 4], [24, 16, 1, 15], [2, 23, 3, 24], [4, 10, 5, 9], [6, 22, 7, 21], [8, 20, 9, 19], [10, 14, 11, 13], [12, 18, 13, 17], [14, 2, 15, 1]]"
12a_0159_105,"[[14, 2, 15, 1], [16, 12, 17, 11], [18, 6, 19, 5], [20, 8, 21, 7], [22, 3, 23, 4], [24, 16, 1, 15], [2, 23, 3, 24], [4, 10, 5, 9], [6, 22, 7, 21], [8, 20, 9, 19], [10, 14, 11, 13], [12, 18, 13, 17]]"
12a_0159_106,"[[12, 18, 13, 17], [14, 2, 15, 1], [16, 12, 17, 11], [18, 6, 19, 5], [20, 8, 21, 7], [22, 3, 23, 4], [24, 16, 1, 15], [2, 23, 3, 24], [4, 10, 5, 9], [6, 22, 7, 21], [8, 20, 9, 19], [10, 14, 11, 13]]"
12a_0159_107,"[[10, 14, 11, 13], [12, 18, 13, 17], [14, 2, 15, 1], [16, 12, 17, 11], [18, 6, 19, 5], [20, 8, 21, 7], [22, 3, 23, 4], [24, 16, 1, 15], [2, 23, 3, 24], [4, 10, 5, 9], [6, 22, 7, 21], [8, 20, 9, 19]]"
12a_0159_108,"[[9, 21, 10, 20], [11, 15, 12, 14], [13, 19, 14, 18], [15, 3, 16, 2], [17, 13, 18, 12], [19, 7, 20, 6], [21, 9, 22, 8], [23, 4, 24, 5], [1, 17, 2, 16], [3, 24, 4, 1], [5, 11, 6, 10], [7, 23, 8, 22]]"
12a_0159_109,"[[7, 23, 8, 22], [9, 21, 10, 20], [11, 15, 12, 14], [13, 19, 14, 18], [15, 3, 16, 2], [17, 13, 18, 12], [19, 7, 20, 6], [21, 9, 22, 8], [23, 4, 24, 5], [1, 17, 2, 16], [3, 24, 4, 1], [5, 11, 6, 10]]"
12a_0159_110,"[[5, 11, 6, 10], [7, 23, 8, 22], [9, 21, 10, 20], [11, 15, 12, 14], [13, 19, 14, 18], [15, 3, 16, 2], [17, 13, 18, 12], [19, 7, 20, 6], [21, 9, 22, 8], [23, 4, 24, 5], [1, 17, 2, 16], [3, 24, 4, 1]]"
12a_0159_111,"[[3, 24, 4, 1], [5, 11, 6, 10], [7, 23, 8, 22], [9, 21, 10, 20], [11, 15, 12, 14], [13, 19, 14, 18], [15, 3, 16, 2], [17, 13, 18, 12], [19, 7, 20, 6], [21, 9, 22, 8], [23, 4, 24, 5], [1, 17, 2, 16]]"
12a_0159_112,"[[1, 17, 2, 16], [3, 24, 4, 1], [5, 11, 6, 10], [7, 23, 8, 22], [9, 21, 10, 20], [11, 15, 12, 14], [13, 19, 14, 18], [15, 3, 16, 2], [17, 13, 18, 12], [19, 7, 20, 6], [21, 9, 22, 8], [23, 4, 24, 5]]"
12a_0159_113,"[[23, 4, 24, 5], [1, 17, 2, 16], [3, 24, 4, 1], [5, 11, 6, 10], [7, 23, 8, 22], [9, 21, 10, 20], [11, 15, 12, 14], [13, 19, 14, 18], [15, 3, 16, 2], [17, 13, 18, 12], [19, 7, 20, 6], [21, 9, 22, 8]]"
12a_0159_114,"[[21, 9, 22, 8], [23, 4, 24, 5], [1, 17, 2, 16], [3, 24, 4, 1], [5, 11, 6, 10], [7, 23, 8, 22], [9, 21, 10, 20], [11, 15, 12, 14], [13, 19, 14, 18], [15, 3, 16, 2], [17, 13, 18, 12], [19, 7, 20, 6]]"
12a_0159_115,"[[19, 7, 20, 6], [21, 9, 22, 8], [23, 4, 24, 5], [1, 17, 2, 16], [3, 24, 4, 1], [5, 11, 6, 10], [7, 23, 8, 22], [9, 21, 10, 20], [11, 15, 12, 14], [13, 19, 14, 18], [15, 3, 16, 2], [17, 13, 18, 12]]"
12a_0159_116,"[[17, 13, 18, 12], [19, 7, 20, 6], [21, 9, 22, 8], [23, 4, 24, 5], [1, 17, 2, 16], [3, 24, 4, 1], [5, 11, 6, 10], [7, 23, 8, 22], [9, 21, 10, 20], [11, 15, 12, 14], [13, 19, 14, 18], [15, 3, 16, 2]]"
12a_0159_117,"[[15, 3, 16, 2], [17, 13, 18, 12], [19, 7, 20, 6], [21, 9, 22, 8], [23, 4, 24, 5], [1, 17, 2, 16], [3, 24, 4, 1], [5, 11, 6, 10], [7, 23, 8, 22], [9, 21, 10, 20], [11, 15, 12, 14], [13, 19, 14, 18]]"
12a_0159_118,"[[13, 19, 14, 18], [15, 3, 16, 2], [17, 13, 18, 12], [19, 7, 20, 6], [21, 9, 22, 8], [23, 4, 24, 5], [1, 17, 2, 16], [3, 24, 4, 1], [5, 11, 6, 10], [7, 23, 8, 22], [9, 21, 10, 20], [11, 15, 12, 14]]"
12a_0159_119,"[[11, 15, 12, 14], [13, 19, 14, 18], [15, 3, 16, 2], [17, 13, 18, 12], [19, 7, 20, 6], [21, 9, 22, 8], [23, 4, 24, 5], [1, 17, 2, 16], [3, 24, 4, 1], [5, 11, 6, 10], [7, 23, 8, 22], [9, 21, 10, 20]]"
12a_0159_120,"[[10, 22, 11, 21], [12, 16, 13, 15], [14, 20, 15, 19], [16, 4, 17, 3], [18, 14, 19, 13], [20, 8, 21, 7], [22, 10, 23, 9], [24, 5, 1, 6], [2, 18, 3, 17], [4, 1, 5, 2], [6, 12, 7, 11], [8, 24, 9, 23]]"
12a_0159_121,"[[8, 24, 9, 23], [10, 22, 11, 21], [12, 16, 13, 15], [14, 20, 15, 19], [16, 4, 17, 3], [18, 14, 19, 13], [20, 8, 21, 7], [22, 10, 23, 9], [24, 5, 1, 6], [2, 18, 3, 17], [4, 1, 5, 2], [6, 12, 7, 11]]"
12a_0159_122,"[[6, 12, 7, 11], [8, 24, 9, 23], [10, 22, 11, 21], [12, 16, 13, 15], [14, 20, 15, 19], [16, 4, 17, 3], [18, 14, 19, 13], [20, 8, 21, 7], [22, 10, 23, 9], [24, 5, 1, 6], [2, 18, 3, 17], [4, 1, 5, 2]]"
12a_0159_123,"[[4, 1, 5, 2], [6, 12, 7, 11], [8, 24, 9, 23], [10, 22, 11, 21], [12, 16, 13, 15], [14, 20, 15, 19], [16, 4, 17, 3], [18, 14, 19, 13], [20, 8, 21, 7], [22, 10, 23, 9], [24, 5, 1, 6], [2, 18, 3, 17]]"
12a_0159_124,"[[2, 18, 3, 17], [4, 1, 5, 2], [6, 12, 7, 11], [8, 24, 9, 23], [10, 22, 11, 21], [12, 16, 13, 15], [14, 20, 15, 19], [16, 4, 17, 3], [18, 14, 19, 13], [20, 8, 21, 7], [22, 10, 23, 9], [24, 5, 1, 6]]"
12a_0159_125,"[[24, 5, 1, 6], [2, 18, 3, 17], [4, 1, 5, 2], [6, 12, 7, 11], [8, 24, 9, 23], [10, 22, 11, 21], [12, 16, 13, 15], [14, 20, 15, 19], [16, 4, 17, 3], [18, 14, 19, 13], [20, 8, 21, 7], [22, 10, 23, 9]]"
12a_0159_126,"[[22, 10, 23, 9], [24, 5, 1, 6], [2, 18, 3, 17], [4, 1, 5, 2], [6, 12, 7, 11], [8, 24, 9, 23], [10, 22, 11, 21], [12, 16, 13, 15], [14, 20, 15, 19], [16, 4, 17, 3], [18, 14, 19, 13], [20, 8, 21, 7]]"
12a_0159_127,"[[20, 8, 21, 7], [22, 10, 23, 9], [24, 5, 1, 6], [2, 18, 3, 17], [4, 1, 5, 2], [6, 12, 7, 11], [8, 24, 9, 23], [10, 22, 11, 21], [12, 16, 13, 15], [14, 20, 15, 19], [16, 4, 17, 3], [18, 14, 19, 13]]"
12a_0159_128,"[[18, 14, 19, 13], [20, 8, 21, 7], [22, 10, 23, 9], [24, 5, 1, 6], [2, 18, 3, 17], [4, 1, 5, 2], [6, 12, 7, 11], [8, 24, 9, 23], [10, 22, 11, 21], [12, 16, 13, 15], [14, 20, 15, 19], [16, 4, 17, 3]]"
12a_0159_129,"[[16, 4, 17, 3], [18, 14, 19, 13], [20, 8, 21, 7], [22, 10, 23, 9], [24, 5, 1, 6], [2, 18, 3, 17], [4, 1, 5, 2], [6, 12, 7, 11], [8, 24, 9, 23], [10, 22, 11, 21], [12, 16, 13, 15], [14, 20, 15, 19]]"
12a_0159_130,"[[14, 20, 15, 19], [16, 4, 17, 3], [18, 14, 19, 13], [20, 8, 21, 7], [22, 10, 23, 9], [24, 5, 1, 6], [2, 18, 3, 17], [4, 1, 5, 2], [6, 12, 7, 11], [8, 24, 9, 23], [10, 22, 11, 21], [12, 16, 13, 15]]"
12a_0159_131,"[[12, 16, 13, 15], [14, 20, 15, 19], [16, 4, 17, 3], [18, 14, 19, 13], [20, 8, 21, 7], [22, 10, 23, 9], [24, 5, 1, 6], [2, 18, 3, 17], [4, 1, 5, 2], [6, 12, 7, 11], [8, 24, 9, 23], [10, 22, 11, 21]]"
12a_0159_132,"[[11, 23, 12, 22], [13, 17, 14, 16], [15, 21, 16, 20], [17, 5, 18, 4], [19, 15, 20, 14], [21, 9, 22, 8], [23, 11, 24, 10], [1, 6, 2, 7], [3, 19, 4, 18], [5, 2, 6, 3], [7, 13, 8, 12], [9, 1, 10, 24]]"
12a_0159_133,"[[9, 1, 10, 24], [11, 23, 12, 22], [13, 17, 14, 16], [15, 21, 16, 20], [17, 5, 18, 4], [19, 15, 20, 14], [21, 9, 22, 8], [23, 11, 24, 10], [1, 6, 2, 7], [3, 19, 4, 18], [5, 2, 6, 3], [7, 13, 8, 12]]"
12a_0159_134,"[[7, 13, 8, 12], [9, 1, 10, 24], [11, 23, 12, 22], [13, 17, 14, 16], [15, 21, 16, 20], [17, 5, 18, 4], [19, 15, 20, 14], [21, 9, 22, 8], [23, 11, 24, 10], [1, 6, 2, 7], [3, 19, 4, 18], [5, 2, 6, 3]]"
12a_0159_135,"[[5, 2, 6, 3], [7, 13, 8, 12], [9, 1, 10, 24], [11, 23, 12, 22], [13, 17, 14, 16], [15, 21, 16, 20], [17, 5, 18, 4], [19, 15, 20, 14], [21, 9, 22, 8], [23, 11, 24, 10], [1, 6, 2, 7], [3, 19, 4, 18]]"
12a_0159_136,"[[3, 19, 4, 18], [5, 2, 6, 3], [7, 13, 8, 12], [9, 1, 10, 24], [11, 23, 12, 22], [13, 17, 14, 16], [15, 21, 16, 20], [17, 5, 18, 4], [19, 15, 20, 14], [21, 9, 22, 8], [23, 11, 24, 10], [1, 6, 2, 7]]"
12a_0159_137,"[[1, 6, 2, 7], [3, 19, 4, 18], [5, 2, 6, 3], [7, 13, 8, 12], [9, 1, 10, 24], [11, 23, 12, 22], [13, 17, 14, 16], [15, 21, 16, 20], [17, 5, 18, 4], [19, 15, 20, 14], [21, 9, 22, 8], [23, 11, 24, 10]]"
12a_0159_138,"[[23, 11, 24, 10], [1, 6, 2, 7], [3, 19, 4, 18], [5, 2, 6, 3], [7, 13, 8, 12], [9, 1, 10, 24], [11, 23, 12, 22], [13, 17, 14, 16], [15, 21, 16, 20], [17, 5, 18, 4], [19, 15, 20, 14], [21, 9, 22, 8]]"
12a_0159_139,"[[21, 9, 22, 8], [23, 11, 24, 10], [1, 6, 2, 7], [3, 19, 4, 18], [5, 2, 6, 3], [7, 13, 8, 12], [9, 1, 10, 24], [11, 23, 12, 22], [13, 17, 14, 16], [15, 21, 16, 20], [17, 5, 18, 4], [19, 15, 20, 14]]"
12a_0159_140,"[[19, 15, 20, 14], [21, 9, 22, 8], [23, 11, 24, 10], [1, 6, 2, 7], [3, 19, 4, 18], [5, 2, 6, 3], [7, 13, 8, 12], [9, 1, 10, 24], [11, 23, 12, 22], [13, 17, 14, 16], [15, 21, 16, 20], [17, 5, 18, 4]]"
12a_0159_141,"[[17, 5, 18, 4], [19, 15, 20, 14], [21, 9, 22, 8], [23, 11, 24, 10], [1, 6, 2, 7], [3, 19, 4, 18], [5, 2, 6, 3], [7, 13, 8, 12], [9, 1, 10, 24], [11, 23, 12, 22], [13, 17, 14, 16], [15, 21, 16, 20]]"
12a_0159_142,"[[15, 21, 16, 20], [17, 5, 18, 4], [19, 15, 20, 14], [21, 9, 22, 8], [23, 11, 24, 10], [1, 6, 2, 7], [3, 19, 4, 18], [5, 2, 6, 3], [7, 13, 8, 12], [9, 1, 10, 24], [11, 23, 12, 22], [13, 17, 14, 16]]"
12a_0159_143,"[[13, 17, 14, 16], [15, 21, 16, 20], [17, 5, 18, 4], [19, 15, 20, 14], [21, 9, 22, 8], [23, 11, 24, 10], [1, 6, 2, 7], [3, 19, 4, 18], [5, 2, 6, 3], [7, 13, 8, 12], [9, 1, 10, 24], [11, 23, 12, 22]]"
12a_0159_144,"[[12, 24, 13, 23], [14, 18, 15, 17], [16, 22, 17, 21], [18, 6, 19, 5], [20, 16, 21, 15], [22, 10, 23, 9], [24, 12, 1, 11], [2, 7, 3, 8], [4, 20, 5, 19], [6, 3, 7, 4], [8, 14, 9, 13], [10, 2, 11, 1]]"
12a_0159_145,"[[10, 2, 11, 1], [12, 24, 13, 23], [14, 18, 15, 17], [16, 22, 17, 21], [18, 6, 19, 5], [20, 16, 21, 15], [22, 10, 23, 9], [24, 12, 1, 11], [2, 7, 3, 8], [4, 20, 5, 19], [6, 3, 7, 4], [8, 14, 9, 13]]"
12a_0159_146,"[[8, 14, 9, 13], [10, 2, 11, 1], [12, 24, 13, 23], [14, 18, 15, 17], [16, 22, 17, 21], [18, 6, 19, 5], [20, 16, 21, 15], [22, 10, 23, 9], [24, 12, 1, 11], [2, 7, 3, 8], [4, 20, 5, 19], [6, 3, 7, 4]]"
12a_0159_147,"[[6, 3, 7, 4], [8, 14, 9, 13], [10, 2, 11, 1], [12, 24, 13, 23], [14, 18, 15, 17], [16, 22, 17, 21], [18, 6, 19, 5], [20, 16, 21, 15], [22, 10, 23, 9], [24, 12, 1, 11], [2, 7, 3, 8], [4, 20, 5, 19]]"
12a_0159_148,"[[4, 20, 5, 19], [6, 3, 7, 4], [8, 14, 9, 13], [10, 2, 11, 1], [12, 24, 13, 23], [14, 18, 15, 17], [16, 22, 17, 21], [18, 6, 19, 5], [20, 16, 21, 15], [22, 10, 23, 9], [24, 12, 1, 11], [2, 7, 3, 8]]"
12a_0159_149,"[[2, 7, 3, 8], [4, 20, 5, 19], [6, 3, 7, 4], [8, 14, 9, 13], [10, 2, 11, 1], [12, 24, 13, 23], [14, 18, 15, 17], [16, 22, 17, 21], [18, 6, 19, 5], [20, 16, 21, 15], [22, 10, 23, 9], [24, 12, 1, 11]]"
12a_0159_150,"[[24, 12, 1, 11], [2, 7, 3, 8], [4, 20, 5, 19], [6, 3, 7, 4], [8, 14, 9, 13], [10, 2, 11, 1], [12, 24, 13, 23], [14, 18, 15, 17], [16, 22, 17, 21], [18, 6, 19, 5], [20, 16, 21, 15], [22, 10, 23, 9]]"
12a_0159_151,"[[22, 10, 23, 9], [24, 12, 1, 11], [2, 7, 3, 8], [4, 20, 5, 19], [6, 3, 7, 4], [8, 14, 9, 13], [10, 2, 11, 1], [12, 24, 13, 23], [14, 18, 15, 17], [16, 22, 17, 21], [18, 6, 19, 5], [20, 16, 21, 15]]"
12a_0159_152,"[[20, 16, 21, 15], [22, 10, 23, 9], [24, 12, 1, 11], [2, 7, 3, 8], [4, 20, 5, 19], [6, 3, 7, 4], [8, 14, 9, 13], [10, 2, 11, 1], [12, 24, 13, 23], [14, 18, 15, 17], [16, 22, 17, 21], [18, 6, 19, 5]]"
12a_0159_153,"[[18, 6, 19, 5], [20, 16, 21, 15], [22, 10, 23, 9], [24, 12, 1, 11], [2, 7, 3, 8], [4, 20, 5, 19], [6, 3, 7, 4], [8, 14, 9, 13], [10, 2, 11, 1], [12, 24, 13, 23], [14, 18, 15, 17], [16, 22, 17, 21]]"
12a_0159_154,"[[16, 22, 17, 21], [18, 6, 19, 5], [20, 16, 21, 15], [22, 10, 23, 9], [24, 12, 1, 11], [2, 7, 3, 8], [4, 20, 5, 19], [6, 3, 7, 4], [8, 14, 9, 13], [10, 2, 11, 1], [12, 24, 13, 23], [14, 18, 15, 17]]"
12a_0159_155,"[[14, 18, 15, 17], [16, 22, 17, 21], [18, 6, 19, 5], [20, 16, 21, 15], [22, 10, 23, 9], [24, 12, 1, 11], [2, 7, 3, 8], [4, 20, 5, 19], [6, 3, 7, 4], [8, 14, 9, 13], [10, 2, 11, 1], [12, 24, 13, 23]]"
12a_0159_156,"[[13, 1, 14, 24], [15, 19, 16, 18], [17, 23, 18, 22], [19, 7, 20, 6], [21, 17, 22, 16], [23, 11, 24, 10], [1, 13, 2, 12], [3, 8, 4, 9], [5, 21, 6, 20], [7, 4, 8, 5], [9, 15, 10, 14], [11, 3, 12, 2]]"
12a_0159_157,"[[11, 3, 12, 2], [13, 1, 14, 24], [15, 19, 16, 18], [17, 23, 18, 22], [19, 7, 20, 6], [21, 17, 22, 16], [23, 11, 24, 10], [1, 13, 2, 12], [3, 8, 4, 9], [5, 21, 6, 20], [7, 4, 8, 5], [9, 15, 10, 14]]"
12a_0159_158,"[[9, 15, 10, 14], [11, 3, 12, 2], [13, 1, 14, 24], [15, 19, 16, 18], [17, 23, 18, 22], [19, 7, 20, 6], [21, 17, 22, 16], [23, 11, 24, 10], [1, 13, 2, 12], [3, 8, 4, 9], [5, 21, 6, 20], [7, 4, 8, 5]]"
12a_0159_159,"[[7, 4, 8, 5], [9, 15, 10, 14], [11, 3, 12, 2], [13, 1, 14, 24], [15, 19, 16, 18], [17, 23, 18, 22], [19, 7, 20, 6], [21, 17, 22, 16], [23, 11, 24, 10], [1, 13, 2, 12], [3, 8, 4, 9], [5, 21, 6, 20]]"
12a_0159_160,"[[5, 21, 6, 20], [7, 4, 8, 5], [9, 15, 10, 14], [11, 3, 12, 2], [13, 1, 14, 24], [15, 19, 16, 18], [17, 23, 18, 22], [19, 7, 20, 6], [21, 17, 22, 16], [23, 11, 24, 10], [1, 13, 2, 12], [3, 8, 4, 9]]"
12a_0159_161,"[[3, 8, 4, 9], [5, 21, 6, 20], [7, 4, 8, 5], [9, 15, 10, 14], [11, 3, 12, 2], [13, 1, 14, 24], [15, 19, 16, 18], [17, 23, 18, 22], [19, 7, 20, 6], [21, 17, 22, 16], [23, 11, 24, 10], [1, 13, 2, 12]]"
12a_0159_162,"[[1, 13, 2, 12], [3, 8, 4, 9], [5, 21, 6, 20], [7, 4, 8, 5], [9, 15, 10, 14], [11, 3, 12, 2], [13, 1, 14, 24], [15, 19, 16, 18], [17, 23, 18, 22], [19, 7, 20, 6], [21, 17, 22, 16], [23, 11, 24, 10]]"
12a_0159_163,"[[23, 11, 24, 10], [1, 13, 2, 12], [3, 8, 4, 9], [5, 21, 6, 20], [7, 4, 8, 5], [9, 15, 10, 14], [11, 3, 12, 2], [13, 1, 14, 24], [15, 19, 16, 18], [17, 23, 18, 22], [19, 7, 20, 6], [21, 17, 22, 16]]"
12a_0159_164,"[[21, 17, 22, 16], [23, 11, 24, 10], [1, 13, 2, 12], [3, 8, 4, 9], [5, 21, 6, 20], [7, 4, 8, 5], [9, 15, 10, 14], [11, 3, 12, 2], [13, 1, 14, 24], [15, 19, 16, 18], [17, 23, 18, 22], [19, 7, 20, 6]]"
12a_0159_165,"[[19, 7, 20, 6], [21, 17, 22, 16], [23, 11, 24, 10], [1, 13, 2, 12], [3, 8, 4, 9], [5, 21, 6, 20], [7, 4, 8, 5], [9, 15, 10, 14], [11, 3, 12, 2], [13, 1, 14, 24], [15, 19, 16, 18], [17, 23, 18, 22]]"
12a_0159_166,"[[17, 23, 18, 22], [19, 7, 20, 6], [21, 17, 22, 16], [23, 11, 24, 10], [1, 13, 2, 12], [3, 8, 4, 9], [5, 21, 6, 20], [7, 4, 8, 5], [9, 15, 10, 14], [11, 3, 12, 2], [13, 1, 14, 24], [15, 19, 16, 18]]"
12a_0159_167,"[[15, 19, 16, 18], [17, 23, 18, 22], [19, 7, 20, 6], [21, 17, 22, 16], [23, 11, 24, 10], [1, 13, 2, 12], [3, 8, 4, 9], [5, 21, 6, 20], [7, 4, 8, 5], [9, 15, 10, 14], [11, 3, 12, 2], [13, 1, 14, 24]]"
12a_0159_168,"[[14, 2, 15, 1], [16, 20, 17, 19], [18, 24, 19, 23], [20, 8, 21, 7], [22, 18, 23, 17], [24, 12, 1, 11], [2, 14, 3, 13], [4, 9, 5, 10], [6, 22, 7, 21], [8, 5, 9, 6], [10, 16, 11, 15], [12, 4, 13, 3]]"
12a_0159_169,"[[12, 4, 13, 3], [14, 2, 15, 1], [16, 20, 17, 19], [18, 24, 19, 23], [20, 8, 21, 7], [22, 18, 23, 17], [24, 12, 1, 11], [2, 14, 3, 13], [4, 9, 5, 10], [6, 22, 7, 21], [8, 5, 9, 6], [10, 16, 11, 15]]"
12a_0159_170,"[[10, 16, 11, 15], [12, 4, 13, 3], [14, 2, 15, 1], [16, 20, 17, 19], [18, 24, 19, 23], [20, 8, 21, 7], [22, 18, 23, 17], [24, 12, 1, 11], [2, 14, 3, 13], [4, 9, 5, 10], [6, 22, 7, 21], [8, 5, 9, 6]]"
12a_0159_171,"[[8, 5, 9, 6], [10, 16, 11, 15], [12, 4, 13, 3], [14, 2, 15, 1], [16, 20, 17, 19], [18, 24, 19, 23], [20, 8, 21, 7], [22, 18, 23, 17], [24, 12, 1, 11], [2, 14, 3, 13], [4, 9, 5, 10], [6, 22, 7, 21]]"
12a_0159_172,"[[6, 22, 7, 21], [8, 5, 9, 6], [10, 16, 11, 15], [12, 4, 13, 3], [14, 2, 15, 1], [16, 20, 17, 19], [18, 24, 19, 23], [20, 8, 21, 7], [22, 18, 23, 17], [24, 12, 1, 11], [2, 14, 3, 13], [4, 9, 5, 10]]"
12a_0159_173,"[[4, 9, 5, 10], [6, 22, 7, 21], [8, 5, 9, 6], [10, 16, 11, 15], [12, 4, 13, 3], [14, 2, 15, 1], [16, 20, 17, 19], [18, 24, 19, 23], [20, 8, 21, 7], [22, 18, 23, 17], [24, 12, 1, 11], [2, 14, 3, 13]]"
12a_0159_174,"[[2, 14, 3, 13], [4, 9, 5, 10], [6, 22, 7, 21], [8, 5, 9, 6], [10, 16, 11, 15], [12, 4, 13, 3], [14, 2, 15, 1], [16, 20, 17, 19], [18, 24, 19, 23], [20, 8, 21, 7], [22, 18, 23, 17], [24, 12, 1, 11]]"
12a_0159_175,"[[24, 12, 1, 11], [2, 14, 3, 13], [4, 9, 5, 10], [6, 22, 7, 21], [8, 5, 9, 6], [10, 16, 11, 15], [12, 4, 13, 3], [14, 2, 15, 1], [16, 20, 17, 19], [18, 24, 19, 23], [20, 8, 21, 7], [22, 18, 23, 17]]"
12a_0159_176,"[[22, 18, 23, 17], [24, 12, 1, 11], [2, 14, 3, 13], [4, 9, 5, 10], [6, 22, 7, 21], [8, 5, 9, 6], [10, 16, 11, 15], [12, 4, 13, 3], [14, 2, 15, 1], [16, 20, 17, 19], [18, 24, 19, 23], [20, 8, 21, 7]]"
12a_0159_177,"[[20, 8, 21, 7], [22, 18, 23, 17], [24, 12, 1, 11], [2, 14, 3, 13], [4, 9, 5, 10], [6, 22, 7, 21], [8, 5, 9, 6], [10, 16, 11, 15], [12, 4, 13, 3], [14, 2, 15, 1], [16, 20, 17, 19], [18, 24, 19, 23]]"
12a_0159_178,"[[18, 24, 19, 23], [20, 8, 21, 7], [22, 18, 23, 17], [24, 12, 1, 11], [2, 14, 3, 13], [4, 9, 5, 10], [6, 22, 7, 21], [8, 5, 9, 6], [10, 16, 11, 15], [12, 4, 13, 3], [14, 2, 15, 1], [16, 20, 17, 19]]"
12a_0159_179,"[[16, 20, 17, 19], [18, 24, 19, 23], [20, 8, 21, 7], [22, 18, 23, 17], [24, 12, 1, 11], [2, 14, 3, 13], [4, 9, 5, 10], [6, 22, 7, 21], [8, 5, 9, 6], [10, 16, 11, 15], [12, 4, 13, 3], [14, 2, 15, 1]]"
12a_0159_180,"[[15, 3, 16, 2], [17, 21, 18, 20], [19, 1, 20, 24], [21, 9, 22, 8], [23, 19, 24, 18], [1, 13, 2, 12], [3, 15, 4, 14], [5, 10, 6, 11], [7, 23, 8, 22], [9, 6, 10, 7], [11, 17, 12, 16], [13, 5, 14, 4]]"
12a_0159_181,"[[13, 5, 14, 4], [15, 3, 16, 2], [17, 21, 18, 20], [19, 1, 20, 24], [21, 9, 22, 8], [23, 19, 24, 18], [1, 13, 2, 12], [3, 15, 4, 14], [5, 10, 6, 11], [7, 23, 8, 22], [9, 6, 10, 7], [11, 17, 12, 16]]"
12a_0159_182,"[[11, 17, 12, 16], [13, 5, 14, 4], [15, 3, 16, 2], [17, 21, 18, 20], [19, 1, 20, 24], [21, 9, 22, 8], [23, 19, 24, 18], [1, 13, 2, 12], [3, 15, 4, 14], [5, 10, 6, 11], [7, 23, 8, 22], [9, 6, 10, 7]]"
12a_0159_183,"[[9, 6, 10, 7], [11, 17, 12, 16], [13, 5, 14, 4], [15, 3, 16, 2], [17, 21, 18, 20], [19, 1, 20, 24], [21, 9, 22, 8], [23, 19, 24, 18], [1, 13, 2, 12], [3, 15, 4, 14], [5, 10, 6, 11], [7, 23, 8, 22]]"
12a_0159_184,"[[7, 23, 8, 22], [9, 6, 10, 7], [11, 17, 12, 16], [13, 5, 14, 4], [15, 3, 16, 2], [17, 21, 18, 20], [19, 1, 20, 24], [21, 9, 22, 8], [23, 19, 24, 18], [1, 13, 2, 12], [3, 15, 4, 14], [5, 10, 6, 11]]"
12a_0159_185,"[[5, 10, 6, 11], [7, 23, 8, 22], [9, 6, 10, 7], [11, 17, 12, 16], [13, 5, 14, 4], [15, 3, 16, 2], [17, 21, 18, 20], [19, 1, 20, 24], [21, 9, 22, 8], [23, 19, 24, 18], [1, 13, 2, 12], [3, 15, 4, 14]]"
