name,pd_notation
12a_1163_0,"[[24, 10, 1, 9], [2, 8, 3, 7], [4, 17, 5, 18], [6, 15, 7, 16], [8, 22, 9, 21], [10, 24, 11, 23], [12, 2, 13, 1], [14, 20, 15, 19], [16, 5, 17, 6], [18, 3, 19, 4], [20, 14, 21, 13], [22, 12, 23, 11]]"
12a_1163_1,"[[22, 12, 23, 11], [24, 10, 1, 9], [2, 8, 3, 7], [4, 17, 5, 18], [6, 15, 7, 16], [8, 22, 9, 21], [10, 24, 11, 23], [12, 2, 13, 1], [14, 20, 15, 19], [16, 5, 17, 6], [18, 3, 19, 4], [20, 14, 21, 13]]"
12a_1163_2,"[[20, 14, 21, 13], [22, 12, 23, 11], [24, 10, 1, 9], [2, 8, 3, 7], [4, 17, 5, 18], [6, 15, 7, 16], [8, 22, 9, 21], [10, 24, 11, 23], [12, 2, 13, 1], [14, 20, 15, 19], [16, 5, 17, 6], [18, 3, 19, 4]]"
12a_1163_3,"[[18, 3, 19, 4], [20, 14, 21, 13], [22, 12, 23, 11], [24, 10, 1, 9], [2, 8, 3, 7], [4, 17, 5, 18], [6, 15, 7, 16], [8, 22, 9, 21], [10, 24, 11, 23], [12, 2, 13, 1], [14, 20, 15, 19], [16, 5, 17, 6]]"
12a_1163_4,"[[16, 5, 17, 6], [18, 3, 19, 4], [20, 14, 21, 13], [22, 12, 23, 11], [24, 10, 1, 9], [2, 8, 3, 7], [4, 17, 5, 18], [6, 15, 7, 16], [8, 22, 9, 21], [10, 24, 11, 23], [12, 2, 13, 1], [14, 20, 15, 19]]"
12a_1163_5,"[[14, 20, 15, 19], [16, 5, 17, 6], [18, 3, 19, 4], [20, 14, 21, 13], [22, 12, 23, 11], [24, 10, 1, 9], [2, 8, 3, 7], [4, 17, 5, 18], [6, 15, 7, 16], [8, 22, 9, 21], [10, 24, 11, 23], [12, 2, 13, 1]]"
12a_1163_6,"[[12, 2, 13, 1], [14, 20, 15, 19], [16, 5, 17, 6], [18, 3, 19, 4], [20, 14, 21, 13], [22, 12, 23, 11], [24, 10, 1, 9], [2, 8, 3, 7], [4, 17, 5, 18], [6, 15, 7, 16], [8, 22, 9, 21], [10, 24, 11, 23]]"
12a_1163_7,"[[10, 24, 11, 23], [12, 2, 13, 1], [14, 20, 15, 19], [16, 5, 17, 6], [18, 3, 19, 4], [20, 14, 21, 13], [22, 12, 23, 11], [24, 10, 1, 9], [2, 8, 3, 7], [4, 17, 5, 18], [6, 15, 7, 16], [8, 22, 9, 21]]"
12a_1163_8,"[[8, 22, 9, 21], [10, 24, 11, 23], [12, 2, 13, 1], [14, 20, 15, 19], [16, 5, 17, 6], [18, 3, 19, 4], [20, 14, 21, 13], [22, 12, 23, 11], [24, 10, 1, 9], [2, 8, 3, 7], [4, 17, 5, 18], [6, 15, 7, 16]]"
12a_1163_9,"[[6, 15, 7, 16], [8, 22, 9, 21], [10, 24, 11, 23], [12, 2, 13, 1], [14, 20, 15, 19], [16, 5, 17, 6], [18, 3, 19, 4], [20, 14, 21, 13], [22, 12, 23, 11], [24, 10, 1, 9], [2, 8, 3, 7], [4, 17, 5, 18]]"
12a_1163_10,"[[4, 17, 5, 18], [6, 15, 7, 16], [8, 22, 9, 21], [10, 24, 11, 23], [12, 2, 13, 1], [14, 20, 15, 19], [16, 5, 17, 6], [18, 3, 19, 4], [20, 14, 21, 13], [22, 12, 23, 11], [24, 10, 1, 9], [2, 8, 3, 7]]"
12a_1163_11,"[[2, 8, 3, 7], [4, 17, 5, 18], [6, 15, 7, 16], [8, 22, 9, 21], [10, 24, 11, 23], [12, 2, 13, 1], [14, 20, 15, 19], [16, 5, 17, 6], [18, 3, 19, 4], [20, 14, 21, 13], [22, 12, 23, 11], [24, 10, 1, 9]]"
12a_1163_12,"[[1, 11, 2, 10], [3, 9, 4, 8], [5, 18, 6, 19], [7, 16, 8, 17], [9, 23, 10, 22], [11, 1, 12, 24], [13, 3, 14, 2], [15, 21, 16, 20], [17, 6, 18, 7], [19, 4, 20, 5], [21, 15, 22, 14], [23, 13, 24, 12]]"
12a_1163_13,"[[23, 13, 24, 12], [1, 11, 2, 10], [3, 9, 4, 8], [5, 18, 6, 19], [7, 16, 8, 17], [9, 23, 10, 22], [11, 1, 12, 24], [13, 3, 14, 2], [15, 21, 16, 20], [17, 6, 18, 7], [19, 4, 20, 5], [21, 15, 22, 14]]"
12a_1163_14,"[[21, 15, 22, 14], [23, 13, 24, 12], [1, 11, 2, 10], [3, 9, 4, 8], [5, 18, 6, 19], [7, 16, 8, 17], [9, 23, 10, 22], [11, 1, 12, 24], [13, 3, 14, 2], [15, 21, 16, 20], [17, 6, 18, 7], [19, 4, 20, 5]]"
12a_1163_15,"[[19, 4, 20, 5], [21, 15, 22, 14], [23, 13, 24, 12], [1, 11, 2, 10], [3, 9, 4, 8], [5, 18, 6, 19], [7, 16, 8, 17], [9, 23, 10, 22], [11, 1, 12, 24], [13, 3, 14, 2], [15, 21, 16, 20], [17, 6, 18, 7]]"
12a_1163_16,"[[17, 6, 18, 7], [19, 4, 20, 5], [21, 15, 22, 14], [23, 13, 24, 12], [1, 11, 2, 10], [3, 9, 4, 8], [5, 18, 6, 19], [7, 16, 8, 17], [9, 23, 10, 22], [11, 1, 12, 24], [13, 3, 14, 2], [15, 21, 16, 20]]"
12a_1163_17,"[[15, 21, 16, 20], [17, 6, 18, 7], [19, 4, 20, 5], [21, 15, 22, 14], [23, 13, 24, 12], [1, 11, 2, 10], [3, 9, 4, 8], [5, 18, 6, 19], [7, 16, 8, 17], [9, 23, 10, 22], [11, 1, 12, 24], [13, 3, 14, 2]]"
12a_1163_18,"[[13, 3, 14, 2], [15, 21, 16, 20], [17, 6, 18, 7], [19, 4, 20, 5], [21, 15, 22, 14], [23, 13, 24, 12], [1, 11, 2, 10], [3, 9, 4, 8], [5, 18, 6, 19], [7, 16, 8, 17], [9, 23, 10, 22], [11, 1, 12, 24]]"
12a_1163_19,"[[11, 1, 12, 24], [13, 3, 14, 2], [15, 21, 16, 20], [17, 6, 18, 7], [19, 4, 20, 5], [21, 15, 22, 14], [23, 13, 24, 12], [1, 11, 2, 10], [3, 9, 4, 8], [5, 18, 6, 19], [7, 16, 8, 17], [9, 23, 10, 22]]"
12a_1163_20,"[[9, 23, 10, 22], [11, 1, 12, 24], [13, 3, 14, 2], [15, 21, 16, 20], [17, 6, 18, 7], [19, 4, 20, 5], [21, 15, 22, 14], [23, 13, 24, 12], [1, 11, 2, 10], [3, 9, 4, 8], [5, 18, 6, 19], [7, 16, 8, 17]]"
12a_1163_21,"[[7, 16, 8, 17], [9, 23, 10, 22], [11, 1, 12, 24], [13, 3, 14, 2], [15, 21, 16, 20], [17, 6, 18, 7], [19, 4, 20, 5], [21, 15, 22, 14], [23, 13, 24, 12], [1, 11, 2, 10], [3, 9, 4, 8], [5, 18, 6, 19]]"
12a_1163_22,"[[5, 18, 6, 19], [7, 16, 8, 17], [9, 23, 10, 22], [11, 1, 12, 24], [13, 3, 14, 2], [15, 21, 16, 20], [17, 6, 18, 7], [19, 4, 20, 5], [21, 15, 22, 14], [23, 13, 24, 12], [1, 11, 2, 10], [3, 9, 4, 8]]"
12a_1163_23,"[[3, 9, 4, 8], [5, 18, 6, 19], [7, 16, 8, 17], [9, 23, 10, 22], [11, 1, 12, 24], [13, 3, 14, 2], [15, 21, 16, 20], [17, 6, 18, 7], [19, 4, 20, 5], [21, 15, 22, 14], [23, 13, 24, 12], [1, 11, 2, 10]]"
12a_1163_24,"[[2, 12, 3, 11], [4, 10, 5, 9], [6, 19, 7, 20], [8, 17, 9, 18], [10, 24, 11, 23], [12, 2, 13, 1], [14, 4, 15, 3], [16, 22, 17, 21], [18, 7, 19, 8], [20, 5, 21, 6], [22, 16, 23, 15], [24, 14, 1, 13]]"
12a_1163_25,"[[24, 14, 1, 13], [2, 12, 3, 11], [4, 10, 5, 9], [6, 19, 7, 20], [8, 17, 9, 18], [10, 24, 11, 23], [12, 2, 13, 1], [14, 4, 15, 3], [16, 22, 17, 21], [18, 7, 19, 8], [20, 5, 21, 6], [22, 16, 23, 15]]"
12a_1163_26,"[[22, 16, 23, 15], [24, 14, 1, 13], [2, 12, 3, 11], [4, 10, 5, 9], [6, 19, 7, 20], [8, 17, 9, 18], [10, 24, 11, 23], [12, 2, 13, 1], [14, 4, 15, 3], [16, 22, 17, 21], [18, 7, 19, 8], [20, 5, 21, 6]]"
12a_1163_27,"[[20, 5, 21, 6], [22, 16, 23, 15], [24, 14, 1, 13], [2, 12, 3, 11], [4, 10, 5, 9], [6, 19, 7, 20], [8, 17, 9, 18], [10, 24, 11, 23], [12, 2, 13, 1], [14, 4, 15, 3], [16, 22, 17, 21], [18, 7, 19, 8]]"
12a_1163_28,"[[18, 7, 19, 8], [20, 5, 21, 6], [22, 16, 23, 15], [24, 14, 1, 13], [2, 12, 3, 11], [4, 10, 5, 9], [6, 19, 7, 20], [8, 17, 9, 18], [10, 24, 11, 23], [12, 2, 13, 1], [14, 4, 15, 3], [16, 22, 17, 21]]"
12a_1163_29,"[[16, 22, 17, 21], [18, 7, 19, 8], [20, 5, 21, 6], [22, 16, 23, 15], [24, 14, 1, 13], [2, 12, 3, 11], [4, 10, 5, 9], [6, 19, 7, 20], [8, 17, 9, 18], [10, 24, 11, 23], [12, 2, 13, 1], [14, 4, 15, 3]]"
12a_1163_30,"[[14, 4, 15, 3], [16, 22, 17, 21], [18, 7, 19, 8], [20, 5, 21, 6], [22, 16, 23, 15], [24, 14, 1, 13], [2, 12, 3, 11], [4, 10, 5, 9], [6, 19, 7, 20], [8, 17, 9, 18], [10, 24, 11, 23], [12, 2, 13, 1]]"
12a_1163_31,"[[12, 2, 13, 1], [14, 4, 15, 3], [16, 22, 17, 21], [18, 7, 19, 8], [20, 5, 21, 6], [22, 16, 23, 15], [24, 14, 1, 13], [2, 12, 3, 11], [4, 10, 5, 9], [6, 19, 7, 20], [8, 17, 9, 18], [10, 24, 11, 23]]"
12a_1163_32,"[[10, 24, 11, 23], [12, 2, 13, 1], [14, 4, 15, 3], [16, 22, 17, 21], [18, 7, 19, 8], [20, 5, 21, 6], [22, 16, 23, 15], [24, 14, 1, 13], [2, 12, 3, 11], [4, 10, 5, 9], [6, 19, 7, 20], [8, 17, 9, 18]]"
12a_1163_33,"[[8, 17, 9, 18], [10, 24, 11, 23], [12, 2, 13, 1], [14, 4, 15, 3], [16, 22, 17, 21], [18, 7, 19, 8], [20, 5, 21, 6], [22, 16, 23, 15], [24, 14, 1, 13], [2, 12, 3, 11], [4, 10, 5, 9], [6, 19, 7, 20]]"
12a_1163_34,"[[6, 19, 7, 20], [8, 17, 9, 18], [10, 24, 11, 23], [12, 2, 13, 1], [14, 4, 15, 3], [16, 22, 17, 21], [18, 7, 19, 8], [20, 5, 21, 6], [22, 16, 23, 15], [24, 14, 1, 13], [2, 12, 3, 11], [4, 10, 5, 9]]"
12a_1163_35,"[[4, 10, 5, 9], [6, 19, 7, 20], [8, 17, 9, 18], [10, 24, 11, 23], [12, 2, 13, 1], [14, 4, 15, 3], [16, 22, 17, 21], [18, 7, 19, 8], [20, 5, 21, 6], [22, 16, 23, 15], [24, 14, 1, 13], [2, 12, 3, 11]]"
12a_1163_36,"[[3, 13, 4, 12], [5, 11, 6, 10], [7, 20, 8, 21], [9, 18, 10, 19], [11, 1, 12, 24], [13, 3, 14, 2], [15, 5, 16, 4], [17, 23, 18, 22], [19, 8, 20, 9], [21, 6, 22, 7], [23, 17, 24, 16], [1, 15, 2, 14]]"
12a_1163_37,"[[1, 15, 2, 14], [3, 13, 4, 12], [5, 11, 6, 10], [7, 20, 8, 21], [9, 18, 10, 19], [11, 1, 12, 24], [13, 3, 14, 2], [15, 5, 16, 4], [17, 23, 18, 22], [19, 8, 20, 9], [21, 6, 22, 7], [23, 17, 24, 16]]"
12a_1163_38,"[[23, 17, 24, 16], [1, 15, 2, 14], [3, 13, 4, 12], [5, 11, 6, 10], [7, 20, 8, 21], [9, 18, 10, 19], [11, 1, 12, 24], [13, 3, 14, 2], [15, 5, 16, 4], [17, 23, 18, 22], [19, 8, 20, 9], [21, 6, 22, 7]]"
12a_1163_39,"[[21, 6, 22, 7], [23, 17, 24, 16], [1, 15, 2, 14], [3, 13, 4, 12], [5, 11, 6, 10], [7, 20, 8, 21], [9, 18, 10, 19], [11, 1, 12, 24], [13, 3, 14, 2], [15, 5, 16, 4], [17, 23, 18, 22], [19, 8, 20, 9]]"
12a_1163_40,"[[19, 8, 20, 9], [21, 6, 22, 7], [23, 17, 24, 16], [1, 15, 2, 14], [3, 13, 4, 12], [5, 11, 6, 10], [7, 20, 8, 21], [9, 18, 10, 19], [11, 1, 12, 24], [13, 3, 14, 2], [15, 5, 16, 4], [17, 23, 18, 22]]"
12a_1163_41,"[[17, 23, 18, 22], [19, 8, 20, 9], [21, 6, 22, 7], [23, 17, 24, 16], [1, 15, 2, 14], [3, 13, 4, 12], [5, 11, 6, 10], [7, 20, 8, 21], [9, 18, 10, 19], [11, 1, 12, 24], [13, 3, 14, 2], [15, 5, 16, 4]]"
12a_1163_42,"[[15, 5, 16, 4], [17, 23, 18, 22], [19, 8, 20, 9], [21, 6, 22, 7], [23, 17, 24, 16], [1, 15, 2, 14], [3, 13, 4, 12], [5, 11, 6, 10], [7, 20, 8, 21], [9, 18, 10, 19], [11, 1, 12, 24], [13, 3, 14, 2]]"
12a_1163_43,"[[13, 3, 14, 2], [15, 5, 16, 4], [17, 23, 18, 22], [19, 8, 20, 9], [21, 6, 22, 7], [23, 17, 24, 16], [1, 15, 2, 14], [3, 13, 4, 12], [5, 11, 6, 10], [7, 20, 8, 21], [9, 18, 10, 19], [11, 1, 12, 24]]"
12a_1163_44,"[[11, 1, 12, 24], [13, 3, 14, 2], [15, 5, 16, 4], [17, 23, 18, 22], [19, 8, 20, 9], [21, 6, 22, 7], [23, 17, 24, 16], [1, 15, 2, 14], [3, 13, 4, 12], [5, 11, 6, 10], [7, 20, 8, 21], [9, 18, 10, 19]]"
12a_1163_45,"[[9, 18, 10, 19], [11, 1, 12, 24], [13, 3, 14, 2], [15, 5, 16, 4], [17, 23, 18, 22], [19, 8, 20, 9], [21, 6, 22, 7], [23, 17, 24, 16], [1, 15, 2, 14], [3, 13, 4, 12], [5, 11, 6, 10], [7, 20, 8, 21]]"
12a_1163_46,"[[7, 20, 8, 21], [9, 18, 10, 19], [11, 1, 12, 24], [13, 3, 14, 2], [15, 5, 16, 4], [17, 23, 18, 22], [19, 8, 20, 9], [21, 6, 22, 7], [23, 17, 24, 16], [1, 15, 2, 14], [3, 13, 4, 12], [5, 11, 6, 10]]"
12a_1163_47,"[[5, 11, 6, 10], [7, 20, 8, 21], [9, 18, 10, 19], [11, 1, 12, 24], [13, 3, 14, 2], [15, 5, 16, 4], [17, 23, 18, 22], [19, 8, 20, 9], [21, 6, 22, 7], [23, 17, 24, 16], [1, 15, 2, 14], [3, 13, 4, 12]]"
12a_1163_48,"[[4, 14, 5, 13], [6, 12, 7, 11], [8, 21, 9, 22], [10, 19, 11, 20], [12, 2, 13, 1], [14, 4, 15, 3], [16, 6, 17, 5], [18, 24, 19, 23], [20, 9, 21, 10], [22, 7, 23, 8], [24, 18, 1, 17], [2, 16, 3, 15]]"
12a_1163_49,"[[2, 16, 3, 15], [4, 14, 5, 13], [6, 12, 7, 11], [8, 21, 9, 22], [10, 19, 11, 20], [12, 2, 13, 1], [14, 4, 15, 3], [16, 6, 17, 5], [18, 24, 19, 23], [20, 9, 21, 10], [22, 7, 23, 8], [24, 18, 1, 17]]"
12a_1163_50,"[[24, 18, 1, 17], [2, 16, 3, 15], [4, 14, 5, 13], [6, 12, 7, 11], [8, 21, 9, 22], [10, 19, 11, 20], [12, 2, 13, 1], [14, 4, 15, 3], [16, 6, 17, 5], [18, 24, 19, 23], [20, 9, 21, 10], [22, 7, 23, 8]]"
12a_1163_51,"[[22, 7, 23, 8], [24, 18, 1, 17], [2, 16, 3, 15], [4, 14, 5, 13], [6, 12, 7, 11], [8, 21, 9, 22], [10, 19, 11, 20], [12, 2, 13, 1], [14, 4, 15, 3], [16, 6, 17, 5], [18, 24, 19, 23], [20, 9, 21, 10]]"
12a_1163_52,"[[20, 9, 21, 10], [22, 7, 23, 8], [24, 18, 1, 17], [2, 16, 3, 15], [4, 14, 5, 13], [6, 12, 7, 11], [8, 21, 9, 22], [10, 19, 11, 20], [12, 2, 13, 1], [14, 4, 15, 3], [16, 6, 17, 5], [18, 24, 19, 23]]"
12a_1163_53,"[[18, 24, 19, 23], [20, 9, 21, 10], [22, 7, 23, 8], [24, 18, 1, 17], [2, 16, 3, 15], [4, 14, 5, 13], [6, 12, 7, 11], [8, 21, 9, 22], [10, 19, 11, 20], [12, 2, 13, 1], [14, 4, 15, 3], [16, 6, 17, 5]]"
12a_1163_54,"[[16, 6, 17, 5], [18, 24, 19, 23], [20, 9, 21, 10], [22, 7, 23, 8], [24, 18, 1, 17], [2, 16, 3, 15], [4, 14, 5, 13], [6, 12, 7, 11], [8, 21, 9, 22], [10, 19, 11, 20], [12, 2, 13, 1], [14, 4, 15, 3]]"
12a_1163_55,"[[14, 4, 15, 3], [16, 6, 17, 5], [18, 24, 19, 23], [20, 9, 21, 10], [22, 7, 23, 8], [24, 18, 1, 17], [2, 16, 3, 15], [4, 14, 5, 13], [6, 12, 7, 11], [8, 21, 9, 22], [10, 19, 11, 20], [12, 2, 13, 1]]"
12a_1163_56,"[[12, 2, 13, 1], [14, 4, 15, 3], [16, 6, 17, 5], [18, 24, 19, 23], [20, 9, 21, 10], [22, 7, 23, 8], [24, 18, 1, 17], [2, 16, 3, 15], [4, 14, 5, 13], [6, 12, 7, 11], [8, 21, 9, 22], [10, 19, 11, 20]]"
12a_1163_57,"[[10, 19, 11, 20], [12, 2, 13, 1], [14, 4, 15, 3], [16, 6, 17, 5], [18, 24, 19, 23], [20, 9, 21, 10], [22, 7, 23, 8], [24, 18, 1, 17], [2, 16, 3, 15], [4, 14, 5, 13], [6, 12, 7, 11], [8, 21, 9, 22]]"
12a_1163_58,"[[8, 21, 9, 22], [10, 19, 11, 20], [12, 2, 13, 1], [14, 4, 15, 3], [16, 6, 17, 5], [18, 24, 19, 23], [20, 9, 21, 10], [22, 7, 23, 8], [24, 18, 1, 17], [2, 16, 3, 15], [4, 14, 5, 13], [6, 12, 7, 11]]"
12a_1163_59,"[[6, 12, 7, 11], [8, 21, 9, 22], [10, 19, 11, 20], [12, 2, 13, 1], [14, 4, 15, 3], [16, 6, 17, 5], [18, 24, 19, 23], [20, 9, 21, 10], [22, 7, 23, 8], [24, 18, 1, 17], [2, 16, 3, 15], [4, 14, 5, 13]]"
12a_1163_60,"[[5, 15, 6, 14], [7, 13, 8, 12], [9, 22, 10, 23], [11, 20, 12, 21], [13, 3, 14, 2], [15, 5, 16, 4], [17, 7, 18, 6], [19, 1, 20, 24], [21, 10, 22, 11], [23, 8, 24, 9], [1, 19, 2, 18], [3, 17, 4, 16]]"
12a_1163_61,"[[3, 17, 4, 16], [5, 15, 6, 14], [7, 13, 8, 12], [9, 22, 10, 23], [11, 20, 12, 21], [13, 3, 14, 2], [15, 5, 16, 4], [17, 7, 18, 6], [19, 1, 20, 24], [21, 10, 22, 11], [23, 8, 24, 9], [1, 19, 2, 18]]"
12a_1163_62,"[[1, 19, 2, 18], [3, 17, 4, 16], [5, 15, 6, 14], [7, 13, 8, 12], [9, 22, 10, 23], [11, 20, 12, 21], [13, 3, 14, 2], [15, 5, 16, 4], [17, 7, 18, 6], [19, 1, 20, 24], [21, 10, 22, 11], [23, 8, 24, 9]]"
12a_1163_63,"[[23, 8, 24, 9], [1, 19, 2, 18], [3, 17, 4, 16], [5, 15, 6, 14], [7, 13, 8, 12], [9, 22, 10, 23], [11, 20, 12, 21], [13, 3, 14, 2], [15, 5, 16, 4], [17, 7, 18, 6], [19, 1, 20, 24], [21, 10, 22, 11]]"
12a_1163_64,"[[21, 10, 22, 11], [23, 8, 24, 9], [1, 19, 2, 18], [3, 17, 4, 16], [5, 15, 6, 14], [7, 13, 8, 12], [9, 22, 10, 23], [11, 20, 12, 21], [13, 3, 14, 2], [15, 5, 16, 4], [17, 7, 18, 6], [19, 1, 20, 24]]"
12a_1163_65,"[[19, 1, 20, 24], [21, 10, 22, 11], [23, 8, 24, 9], [1, 19, 2, 18], [3, 17, 4, 16], [5, 15, 6, 14], [7, 13, 8, 12], [9, 22, 10, 23], [11, 20, 12, 21], [13, 3, 14, 2], [15, 5, 16, 4], [17, 7, 18, 6]]"
12a_1163_66,"[[17, 7, 18, 6], [19, 1, 20, 24], [21, 10, 22, 11], [23, 8, 24, 9], [1, 19, 2, 18], [3, 17, 4, 16], [5, 15, 6, 14], [7, 13, 8, 12], [9, 22, 10, 23], [11, 20, 12, 21], [13, 3, 14, 2], [15, 5, 16, 4]]"
12a_1163_67,"[[15, 5, 16, 4], [17, 7, 18, 6], [19, 1, 20, 24], [21, 10, 22, 11], [23, 8, 24, 9], [1, 19, 2, 18], [3, 17, 4, 16], [5, 15, 6, 14], [7, 13, 8, 12], [9, 22, 10, 23], [11, 20, 12, 21], [13, 3, 14, 2]]"
12a_1163_68,"[[13, 3, 14, 2], [15, 5, 16, 4], [17, 7, 18, 6], [19, 1, 20, 24], [21, 10, 22, 11], [23, 8, 24, 9], [1, 19, 2, 18], [3, 17, 4, 16], [5, 15, 6, 14], [7, 13, 8, 12], [9, 22, 10, 23], [11, 20, 12, 21]]"
12a_1163_69,"[[11, 20, 12, 21], [13, 3, 14, 2], [15, 5, 16, 4], [17, 7, 18, 6], [19, 1, 20, 24], [21, 10, 22, 11], [23, 8, 24, 9], [1, 19, 2, 18], [3, 17, 4, 16], [5, 15, 6, 14], [7, 13, 8, 12], [9, 22, 10, 23]]"
12a_1163_70,"[[9, 22, 10, 23], [11, 20, 12, 21], [13, 3, 14, 2], [15, 5, 16, 4], [17, 7, 18, 6], [19, 1, 20, 24], [21, 10, 22, 11], [23, 8, 24, 9], [1, 19, 2, 18], [3, 17, 4, 16], [5, 15, 6, 14], [7, 13, 8, 12]]"
12a_1163_71,"[[7, 13, 8, 12], [9, 22, 10, 23], [11, 20, 12, 21], [13, 3, 14, 2], [15, 5, 16, 4], [17, 7, 18, 6], [19, 1, 20, 24], [21, 10, 22, 11], [23, 8, 24, 9], [1, 19, 2, 18], [3, 17, 4, 16], [5, 15, 6, 14]]"
12a_1163_72,"[[6, 16, 7, 15], [8, 14, 9, 13], [10, 23, 11, 24], [12, 21, 13, 22], [14, 4, 15, 3], [16, 6, 17, 5], [18, 8, 19, 7], [20, 2, 21, 1], [22, 11, 23, 12], [24, 9, 1, 10], [2, 20, 3, 19], [4, 18, 5, 17]]"
12a_1163_73,"[[4, 18, 5, 17], [6, 16, 7, 15], [8, 14, 9, 13], [10, 23, 11, 24], [12, 21, 13, 22], [14, 4, 15, 3], [16, 6, 17, 5], [18, 8, 19, 7], [20, 2, 21, 1], [22, 11, 23, 12], [24, 9, 1, 10], [2, 20, 3, 19]]"
12a_1163_74,"[[2, 20, 3, 19], [4, 18, 5, 17], [6, 16, 7, 15], [8, 14, 9, 13], [10, 23, 11, 24], [12, 21, 13, 22], [14, 4, 15, 3], [16, 6, 17, 5], [18, 8, 19, 7], [20, 2, 21, 1], [22, 11, 23, 12], [24, 9, 1, 10]]"
12a_1163_75,"[[24, 9, 1, 10], [2, 20, 3, 19], [4, 18, 5, 17], [6, 16, 7, 15], [8, 14, 9, 13], [10, 23, 11, 24], [12, 21, 13, 22], [14, 4, 15, 3], [16, 6, 17, 5], [18, 8, 19, 7], [20, 2, 21, 1], [22, 11, 23, 12]]"
12a_1163_76,"[[22, 11, 23, 12], [24, 9, 1, 10], [2, 20, 3, 19], [4, 18, 5, 17], [6, 16, 7, 15], [8, 14, 9, 13], [10, 23, 11, 24], [12, 21, 13, 22], [14, 4, 15, 3], [16, 6, 17, 5], [18, 8, 19, 7], [20, 2, 21, 1]]"
12a_1163_77,"[[20, 2, 21, 1], [22, 11, 23, 12], [24, 9, 1, 10], [2, 20, 3, 19], [4, 18, 5, 17], [6, 16, 7, 15], [8, 14, 9, 13], [10, 23, 11, 24], [12, 21, 13, 22], [14, 4, 15, 3], [16, 6, 17, 5], [18, 8, 19, 7]]"
12a_1163_78,"[[18, 8, 19, 7], [20, 2, 21, 1], [22, 11, 23, 12], [24, 9, 1, 10], [2, 20, 3, 19], [4, 18, 5, 17], [6, 16, 7, 15], [8, 14, 9, 13], [10, 23, 11, 24], [12, 21, 13, 22], [14, 4, 15, 3], [16, 6, 17, 5]]"
12a_1163_79,"[[16, 6, 17, 5], [18, 8, 19, 7], [20, 2, 21, 1], [22, 11, 23, 12], [24, 9, 1, 10], [2, 20, 3, 19], [4, 18, 5, 17], [6, 16, 7, 15], [8, 14, 9, 13], [10, 23, 11, 24], [12, 21, 13, 22], [14, 4, 15, 3]]"
12a_1163_80,"[[14, 4, 15, 3], [16, 6, 17, 5], [18, 8, 19, 7], [20, 2, 21, 1], [22, 11, 23, 12], [24, 9, 1, 10], [2, 20, 3, 19], [4, 18, 5, 17], [6, 16, 7, 15], [8, 14, 9, 13], [10, 23, 11, 24], [12, 21, 13, 22]]"
12a_1163_81,"[[12, 21, 13, 22], [14, 4, 15, 3], [16, 6, 17, 5], [18, 8, 19, 7], [20, 2, 21, 1], [22, 11, 23, 12], [24, 9, 1, 10], [2, 20, 3, 19], [4, 18, 5, 17], [6, 16, 7, 15], [8, 14, 9, 13], [10, 23, 11, 24]]"
12a_1163_82,"[[10, 23, 11, 24], [12, 21, 13, 22], [14, 4, 15, 3], [16, 6, 17, 5], [18, 8, 19, 7], [20, 2, 21, 1], [22, 11, 23, 12], [24, 9, 1, 10], [2, 20, 3, 19], [4, 18, 5, 17], [6, 16, 7, 15], [8, 14, 9, 13]]"
12a_1163_83,"[[8, 14, 9, 13], [10, 23, 11, 24], [12, 21, 13, 22], [14, 4, 15, 3], [16, 6, 17, 5], [18, 8, 19, 7], [20, 2, 21, 1], [22, 11, 23, 12], [24, 9, 1, 10], [2, 20, 3, 19], [4, 18, 5, 17], [6, 16, 7, 15]]"
12a_1163_84,"[[7, 17, 8, 16], [9, 15, 10, 14], [11, 24, 12, 1], [13, 22, 14, 23], [15, 5, 16, 4], [17, 7, 18, 6], [19, 9, 20, 8], [21, 3, 22, 2], [23, 12, 24, 13], [1, 10, 2, 11], [3, 21, 4, 20], [5, 19, 6, 18]]"
12a_1163_85,"[[5, 19, 6, 18], [7, 17, 8, 16], [9, 15, 10, 14], [11, 24, 12, 1], [13, 22, 14, 23], [15, 5, 16, 4], [17, 7, 18, 6], [19, 9, 20, 8], [21, 3, 22, 2], [23, 12, 24, 13], [1, 10, 2, 11], [3, 21, 4, 20]]"
12a_1163_86,"[[3, 21, 4, 20], [5, 19, 6, 18], [7, 17, 8, 16], [9, 15, 10, 14], [11, 24, 12, 1], [13, 22, 14, 23], [15, 5, 16, 4], [17, 7, 18, 6], [19, 9, 20, 8], [21, 3, 22, 2], [23, 12, 24, 13], [1, 10, 2, 11]]"
12a_1163_87,"[[1, 10, 2, 11], [3, 21, 4, 20], [5, 19, 6, 18], [7, 17, 8, 16], [9, 15, 10, 14], [11, 24, 12, 1], [13, 22, 14, 23], [15, 5, 16, 4], [17, 7, 18, 6], [19, 9, 20, 8], [21, 3, 22, 2], [23, 12, 24, 13]]"
12a_1163_88,"[[23, 12, 24, 13], [1, 10, 2, 11], [3, 21, 4, 20], [5, 19, 6, 18], [7, 17, 8, 16], [9, 15, 10, 14], [11, 24, 12, 1], [13, 22, 14, 23], [15, 5, 16, 4], [17, 7, 18, 6], [19, 9, 20, 8], [21, 3, 22, 2]]"
12a_1163_89,"[[21, 3, 22, 2], [23, 12, 24, 13], [1, 10, 2, 11], [3, 21, 4, 20], [5, 19, 6, 18], [7, 17, 8, 16], [9, 15, 10, 14], [11, 24, 12, 1], [13, 22, 14, 23], [15, 5, 16, 4], [17, 7, 18, 6], [19, 9, 20, 8]]"
12a_1163_90,"[[19, 9, 20, 8], [21, 3, 22, 2], [23, 12, 24, 13], [1, 10, 2, 11], [3, 21, 4, 20], [5, 19, 6, 18], [7, 17, 8, 16], [9, 15, 10, 14], [11, 24, 12, 1], [13, 22, 14, 23], [15, 5, 16, 4], [17, 7, 18, 6]]"
12a_1163_91,"[[17, 7, 18, 6], [19, 9, 20, 8], [21, 3, 22, 2], [23, 12, 24, 13], [1, 10, 2, 11], [3, 21, 4, 20], [5, 19, 6, 18], [7, 17, 8, 16], [9, 15, 10, 14], [11, 24, 12, 1], [13, 22, 14, 23], [15, 5, 16, 4]]"
12a_1163_92,"[[15, 5, 16, 4], [17, 7, 18, 6], [19, 9, 20, 8], [21, 3, 22, 2], [23, 12, 24, 13], [1, 10, 2, 11], [3, 21, 4, 20], [5, 19, 6, 18], [7, 17, 8, 16], [9, 15, 10, 14], [11, 24, 12, 1], [13, 22, 14, 23]]"
12a_1163_93,"[[13, 22, 14, 23], [15, 5, 16, 4], [17, 7, 18, 6], [19, 9, 20, 8], [21, 3, 22, 2], [23, 12, 24, 13], [1, 10, 2, 11], [3, 21, 4, 20], [5, 19, 6, 18], [7, 17, 8, 16], [9, 15, 10, 14], [11, 24, 12, 1]]"
12a_1163_94,"[[11, 24, 12, 1], [13, 22, 14, 23], [15, 5, 16, 4], [17, 7, 18, 6], [19, 9, 20, 8], [21, 3, 22, 2], [23, 12, 24, 13], [1, 10, 2, 11], [3, 21, 4, 20], [5, 19, 6, 18], [7, 17, 8, 16], [9, 15, 10, 14]]"
12a_1163_95,"[[9, 15, 10, 14], [11, 24, 12, 1], [13, 22, 14, 23], [15, 5, 16, 4], [17, 7, 18, 6], [19, 9, 20, 8], [21, 3, 22, 2], [23, 12, 24, 13], [1, 10, 2, 11], [3, 21, 4, 20], [5, 19, 6, 18], [7, 17, 8, 16]]"
12a_1163_96,"[[8, 18, 9, 17], [10, 16, 11, 15], [12, 1, 13, 2], [14, 23, 15, 24], [16, 6, 17, 5], [18, 8, 19, 7], [20, 10, 21, 9], [22, 4, 23, 3], [24, 13, 1, 14], [2, 11, 3, 12], [4, 22, 5, 21], [6, 20, 7, 19]]"
12a_1163_97,"[[6, 20, 7, 19], [8, 18, 9, 17], [10, 16, 11, 15], [12, 1, 13, 2], [14, 23, 15, 24], [16, 6, 17, 5], [18, 8, 19, 7], [20, 10, 21, 9], [22, 4, 23, 3], [24, 13, 1, 14], [2, 11, 3, 12], [4, 22, 5, 21]]"
12a_1163_98,"[[4, 22, 5, 21], [6, 20, 7, 19], [8, 18, 9, 17], [10, 16, 11, 15], [12, 1, 13, 2], [14, 23, 15, 24], [16, 6, 17, 5], [18, 8, 19, 7], [20, 10, 21, 9], [22, 4, 23, 3], [24, 13, 1, 14], [2, 11, 3, 12]]"
12a_1163_99,"[[2, 11, 3, 12], [4, 22, 5, 21], [6, 20, 7, 19], [8, 18, 9, 17], [10, 16, 11, 15], [12, 1, 13, 2], [14, 23, 15, 24], [16, 6, 17, 5], [18, 8, 19, 7], [20, 10, 21, 9], [22, 4, 23, 3], [24, 13, 1, 14]]"
12a_1163_100,"[[24, 13, 1, 14], [2, 11, 3, 12], [4, 22, 5, 21], [6, 20, 7, 19], [8, 18, 9, 17], [10, 16, 11, 15], [12, 1, 13, 2], [14, 23, 15, 24], [16, 6, 17, 5], [18, 8, 19, 7], [20, 10, 21, 9], [22, 4, 23, 3]]"
12a_1163_101,"[[22, 4, 23, 3], [24, 13, 1, 14], [2, 11, 3, 12], [4, 22, 5, 21], [6, 20, 7, 19], [8, 18, 9, 17], [10, 16, 11, 15], [12, 1, 13, 2], [14, 23, 15, 24], [16, 6, 17, 5], [18, 8, 19, 7], [20, 10, 21, 9]]"
12a_1163_102,"[[20, 10, 21, 9], [22, 4, 23, 3], [24, 13, 1, 14], [2, 11, 3, 12], [4, 22, 5, 21], [6, 20, 7, 19], [8, 18, 9, 17], [10, 16, 11, 15], [12, 1, 13, 2], [14, 23, 15, 24], [16, 6, 17, 5], [18, 8, 19, 7]]"
12a_1163_103,"[[18, 8, 19, 7], [20, 10, 21, 9], [22, 4, 23, 3], [24, 13, 1, 14], [2, 11, 3, 12], [4, 22, 5, 21], [6, 20, 7, 19], [8, 18, 9, 17], [10, 16, 11, 15], [12, 1, 13, 2], [14, 23, 15, 24], [16, 6, 17, 5]]"
12a_1163_104,"[[16, 6, 17, 5], [18, 8, 19, 7], [20, 10, 21, 9], [22, 4, 23, 3], [24, 13, 1, 14], [2, 11, 3, 12], [4, 22, 5, 21], [6, 20, 7, 19], [8, 18, 9, 17], [10, 16, 11, 15], [12, 1, 13, 2], [14, 23, 15, 24]]"
12a_1163_105,"[[14, 23, 15, 24], [16, 6, 17, 5], [18, 8, 19, 7], [20, 10, 21, 9], [22, 4, 23, 3], [24, 13, 1, 14], [2, 11, 3, 12], [4, 22, 5, 21], [6, 20, 7, 19], [8, 18, 9, 17], [10, 16, 11, 15], [12, 1, 13, 2]]"
12a_1163_106,"[[12, 1, 13, 2], [14, 23, 15, 24], [16, 6, 17, 5], [18, 8, 19, 7], [20, 10, 21, 9], [22, 4, 23, 3], [24, 13, 1, 14], [2, 11, 3, 12], [4, 22, 5, 21], [6, 20, 7, 19], [8, 18, 9, 17], [10, 16, 11, 15]]"
12a_1163_107,"[[10, 16, 11, 15], [12, 1, 13, 2], [14, 23, 15, 24], [16, 6, 17, 5], [18, 8, 19, 7], [20, 10, 21, 9], [22, 4, 23, 3], [24, 13, 1, 14], [2, 11, 3, 12], [4, 22, 5, 21], [6, 20, 7, 19], [8, 18, 9, 17]]"
12a_1163_108,"[[9, 19, 10, 18], [11, 17, 12, 16], [13, 2, 14, 3], [15, 24, 16, 1], [17, 7, 18, 6], [19, 9, 20, 8], [21, 11, 22, 10], [23, 5, 24, 4], [1, 14, 2, 15], [3, 12, 4, 13], [5, 23, 6, 22], [7, 21, 8, 20]]"
12a_1163_109,"[[7, 21, 8, 20], [9, 19, 10, 18], [11, 17, 12, 16], [13, 2, 14, 3], [15, 24, 16, 1], [17, 7, 18, 6], [19, 9, 20, 8], [21, 11, 22, 10], [23, 5, 24, 4], [1, 14, 2, 15], [3, 12, 4, 13], [5, 23, 6, 22]]"
12a_1163_110,"[[5, 23, 6, 22], [7, 21, 8, 20], [9, 19, 10, 18], [11, 17, 12, 16], [13, 2, 14, 3], [15, 24, 16, 1], [17, 7, 18, 6], [19, 9, 20, 8], [21, 11, 22, 10], [23, 5, 24, 4], [1, 14, 2, 15], [3, 12, 4, 13]]"
12a_1163_111,"[[3, 12, 4, 13], [5, 23, 6, 22], [7, 21, 8, 20], [9, 19, 10, 18], [11, 17, 12, 16], [13, 2, 14, 3], [15, 24, 16, 1], [17, 7, 18, 6], [19, 9, 20, 8], [21, 11, 22, 10], [23, 5, 24, 4], [1, 14, 2, 15]]"
12a_1163_112,"[[1, 14, 2, 15], [3, 12, 4, 13], [5, 23, 6, 22], [7, 21, 8, 20], [9, 19, 10, 18], [11, 17, 12, 16], [13, 2, 14, 3], [15, 24, 16, 1], [17, 7, 18, 6], [19, 9, 20, 8], [21, 11, 22, 10], [23, 5, 24, 4]]"
12a_1163_113,"[[23, 5, 24, 4], [1, 14, 2, 15], [3, 12, 4, 13], [5, 23, 6, 22], [7, 21, 8, 20], [9, 19, 10, 18], [11, 17, 12, 16], [13, 2, 14, 3], [15, 24, 16, 1], [17, 7, 18, 6], [19, 9, 20, 8], [21, 11, 22, 10]]"
12a_1163_114,"[[21, 11, 22, 10], [23, 5, 24, 4], [1, 14, 2, 15], [3, 12, 4, 13], [5, 23, 6, 22], [7, 21, 8, 20], [9, 19, 10, 18], [11, 17, 12, 16], [13, 2, 14, 3], [15, 24, 16, 1], [17, 7, 18, 6], [19, 9, 20, 8]]"
12a_1163_115,"[[19, 9, 20, 8], [21, 11, 22, 10], [23, 5, 24, 4], [1, 14, 2, 15], [3, 12, 4, 13], [5, 23, 6, 22], [7, 21, 8, 20], [9, 19, 10, 18], [11, 17, 12, 16], [13, 2, 14, 3], [15, 24, 16, 1], [17, 7, 18, 6]]"
12a_1163_116,"[[17, 7, 18, 6], [19, 9, 20, 8], [21, 11, 22, 10], [23, 5, 24, 4], [1, 14, 2, 15], [3, 12, 4, 13], [5, 23, 6, 22], [7, 21, 8, 20], [9, 19, 10, 18], [11, 17, 12, 16], [13, 2, 14, 3], [15, 24, 16, 1]]"
12a_1163_117,"[[15, 24, 16, 1], [17, 7, 18, 6], [19, 9, 20, 8], [21, 11, 22, 10], [23, 5, 24, 4], [1, 14, 2, 15], [3, 12, 4, 13], [5, 23, 6, 22], [7, 21, 8, 20], [9, 19, 10, 18], [11, 17, 12, 16], [13, 2, 14, 3]]"
12a_1163_118,"[[13, 2, 14, 3], [15, 24, 16, 1], [17, 7, 18, 6], [19, 9, 20, 8], [21, 11, 22, 10], [23, 5, 24, 4], [1, 14, 2, 15], [3, 12, 4, 13], [5, 23, 6, 22], [7, 21, 8, 20], [9, 19, 10, 18], [11, 17, 12, 16]]"
12a_1163_119,"[[11, 17, 12, 16], [13, 2, 14, 3], [15, 24, 16, 1], [17, 7, 18, 6], [19, 9, 20, 8], [21, 11, 22, 10], [23, 5, 24, 4], [1, 14, 2, 15], [3, 12, 4, 13], [5, 23, 6, 22], [7, 21, 8, 20], [9, 19, 10, 18]]"
12a_1163_120,"[[10, 20, 11, 19], [12, 18, 13, 17], [14, 3, 15, 4], [16, 1, 17, 2], [18, 8, 19, 7], [20, 10, 21, 9], [22, 12, 23, 11], [24, 6, 1, 5], [2, 15, 3, 16], [4, 13, 5, 14], [6, 24, 7, 23], [8, 22, 9, 21]]"
12a_1163_121,"[[8, 22, 9, 21], [10, 20, 11, 19], [12, 18, 13, 17], [14, 3, 15, 4], [16, 1, 17, 2], [18, 8, 19, 7], [20, 10, 21, 9], [22, 12, 23, 11], [24, 6, 1, 5], [2, 15, 3, 16], [4, 13, 5, 14], [6, 24, 7, 23]]"
12a_1163_122,"[[6, 24, 7, 23], [8, 22, 9, 21], [10, 20, 11, 19], [12, 18, 13, 17], [14, 3, 15, 4], [16, 1, 17, 2], [18, 8, 19, 7], [20, 10, 21, 9], [22, 12, 23, 11], [24, 6, 1, 5], [2, 15, 3, 16], [4, 13, 5, 14]]"
12a_1163_123,"[[4, 13, 5, 14], [6, 24, 7, 23], [8, 22, 9, 21], [10, 20, 11, 19], [12, 18, 13, 17], [14, 3, 15, 4], [16, 1, 17, 2], [18, 8, 19, 7], [20, 10, 21, 9], [22, 12, 23, 11], [24, 6, 1, 5], [2, 15, 3, 16]]"
12a_1163_124,"[[2, 15, 3, 16], [4, 13, 5, 14], [6, 24, 7, 23], [8, 22, 9, 21], [10, 20, 11, 19], [12, 18, 13, 17], [14, 3, 15, 4], [16, 1, 17, 2], [18, 8, 19, 7], [20, 10, 21, 9], [22, 12, 23, 11], [24, 6, 1, 5]]"
12a_1163_125,"[[24, 6, 1, 5], [2, 15, 3, 16], [4, 13, 5, 14], [6, 24, 7, 23], [8, 22, 9, 21], [10, 20, 11, 19], [12, 18, 13, 17], [14, 3, 15, 4], [16, 1, 17, 2], [18, 8, 19, 7], [20, 10, 21, 9], [22, 12, 23, 11]]"
12a_1163_126,"[[22, 12, 23, 11], [24, 6, 1, 5], [2, 15, 3, 16], [4, 13, 5, 14], [6, 24, 7, 23], [8, 22, 9, 21], [10, 20, 11, 19], [12, 18, 13, 17], [14, 3, 15, 4], [16, 1, 17, 2], [18, 8, 19, 7], [20, 10, 21, 9]]"
12a_1163_127,"[[20, 10, 21, 9], [22, 12, 23, 11], [24, 6, 1, 5], [2, 15, 3, 16], [4, 13, 5, 14], [6, 24, 7, 23], [8, 22, 9, 21], [10, 20, 11, 19], [12, 18, 13, 17], [14, 3, 15, 4], [16, 1, 17, 2], [18, 8, 19, 7]]"
12a_1163_128,"[[18, 8, 19, 7], [20, 10, 21, 9], [22, 12, 23, 11], [24, 6, 1, 5], [2, 15, 3, 16], [4, 13, 5, 14], [6, 24, 7, 23], [8, 22, 9, 21], [10, 20, 11, 19], [12, 18, 13, 17], [14, 3, 15, 4], [16, 1, 17, 2]]"
12a_1163_129,"[[16, 1, 17, 2], [18, 8, 19, 7], [20, 10, 21, 9], [22, 12, 23, 11], [24, 6, 1, 5], [2, 15, 3, 16], [4, 13, 5, 14], [6, 24, 7, 23], [8, 22, 9, 21], [10, 20, 11, 19], [12, 18, 13, 17], [14, 3, 15, 4]]"
12a_1163_130,"[[14, 3, 15, 4], [16, 1, 17, 2], [18, 8, 19, 7], [20, 10, 21, 9], [22, 12, 23, 11], [24, 6, 1, 5], [2, 15, 3, 16], [4, 13, 5, 14], [6, 24, 7, 23], [8, 22, 9, 21], [10, 20, 11, 19], [12, 18, 13, 17]]"
12a_1163_131,"[[12, 18, 13, 17], [14, 3, 15, 4], [16, 1, 17, 2], [18, 8, 19, 7], [20, 10, 21, 9], [22, 12, 23, 11], [24, 6, 1, 5], [2, 15, 3, 16], [4, 13, 5, 14], [6, 24, 7, 23], [8, 22, 9, 21], [10, 20, 11, 19]]"
12a_1163_132,"[[11, 21, 12, 20], [13, 19, 14, 18], [15, 4, 16, 5], [17, 2, 18, 3], [19, 9, 20, 8], [21, 11, 22, 10], [23, 13, 24, 12], [1, 7, 2, 6], [3, 16, 4, 17], [5, 14, 6, 15], [7, 1, 8, 24], [9, 23, 10, 22]]"
12a_1163_133,"[[9, 23, 10, 22], [11, 21, 12, 20], [13, 19, 14, 18], [15, 4, 16, 5], [17, 2, 18, 3], [19, 9, 20, 8], [21, 11, 22, 10], [23, 13, 24, 12], [1, 7, 2, 6], [3, 16, 4, 17], [5, 14, 6, 15], [7, 1, 8, 24]]"
12a_1163_134,"[[7, 1, 8, 24], [9, 23, 10, 22], [11, 21, 12, 20], [13, 19, 14, 18], [15, 4, 16, 5], [17, 2, 18, 3], [19, 9, 20, 8], [21, 11, 22, 10], [23, 13, 24, 12], [1, 7, 2, 6], [3, 16, 4, 17], [5, 14, 6, 15]]"
12a_1163_135,"[[5, 14, 6, 15], [7, 1, 8, 24], [9, 23, 10, 22], [11, 21, 12, 20], [13, 19, 14, 18], [15, 4, 16, 5], [17, 2, 18, 3], [19, 9, 20, 8], [21, 11, 22, 10], [23, 13, 24, 12], [1, 7, 2, 6], [3, 16, 4, 17]]"
12a_1163_136,"[[3, 16, 4, 17], [5, 14, 6, 15], [7, 1, 8, 24], [9, 23, 10, 22], [11, 21, 12, 20], [13, 19, 14, 18], [15, 4, 16, 5], [17, 2, 18, 3], [19, 9, 20, 8], [21, 11, 22, 10], [23, 13, 24, 12], [1, 7, 2, 6]]"
12a_1163_137,"[[1, 7, 2, 6], [3, 16, 4, 17], [5, 14, 6, 15], [7, 1, 8, 24], [9, 23, 10, 22], [11, 21, 12, 20], [13, 19, 14, 18], [15, 4, 16, 5], [17, 2, 18, 3], [19, 9, 20, 8], [21, 11, 22, 10], [23, 13, 24, 12]]"
12a_1163_138,"[[23, 13, 24, 12], [1, 7, 2, 6], [3, 16, 4, 17], [5, 14, 6, 15], [7, 1, 8, 24], [9, 23, 10, 22], [11, 21, 12, 20], [13, 19, 14, 18], [15, 4, 16, 5], [17, 2, 18, 3], [19, 9, 20, 8], [21, 11, 22, 10]]"
12a_1163_139,"[[21, 11, 22, 10], [23, 13, 24, 12], [1, 7, 2, 6], [3, 16, 4, 17], [5, 14, 6, 15], [7, 1, 8, 24], [9, 23, 10, 22], [11, 21, 12, 20], [13, 19, 14, 18], [15, 4, 16, 5], [17, 2, 18, 3], [19, 9, 20, 8]]"
12a_1163_140,"[[19, 9, 20, 8], [21, 11, 22, 10], [23, 13, 24, 12], [1, 7, 2, 6], [3, 16, 4, 17], [5, 14, 6, 15], [7, 1, 8, 24], [9, 23, 10, 22], [11, 21, 12, 20], [13, 19, 14, 18], [15, 4, 16, 5], [17, 2, 18, 3]]"
12a_1163_141,"[[17, 2, 18, 3], [19, 9, 20, 8], [21, 11, 22, 10], [23, 13, 24, 12], [1, 7, 2, 6], [3, 16, 4, 17], [5, 14, 6, 15], [7, 1, 8, 24], [9, 23, 10, 22], [11, 21, 12, 20], [13, 19, 14, 18], [15, 4, 16, 5]]"
12a_1163_142,"[[15, 4, 16, 5], [17, 2, 18, 3], [19, 9, 20, 8], [21, 11, 22, 10], [23, 13, 24, 12], [1, 7, 2, 6], [3, 16, 4, 17], [5, 14, 6, 15], [7, 1, 8, 24], [9, 23, 10, 22], [11, 21, 12, 20], [13, 19, 14, 18]]"
12a_1163_143,"[[13, 19, 14, 18], [15, 4, 16, 5], [17, 2, 18, 3], [19, 9, 20, 8], [21, 11, 22, 10], [23, 13, 24, 12], [1, 7, 2, 6], [3, 16, 4, 17], [5, 14, 6, 15], [7, 1, 8, 24], [9, 23, 10, 22], [11, 21, 12, 20]]"
12a_1163_144,"[[12, 22, 13, 21], [14, 20, 15, 19], [16, 5, 17, 6], [18, 3, 19, 4], [20, 10, 21, 9], [22, 12, 23, 11], [24, 14, 1, 13], [2, 8, 3, 7], [4, 17, 5, 18], [6, 15, 7, 16], [8, 2, 9, 1], [10, 24, 11, 23]]"
12a_1163_145,"[[10, 24, 11, 23], [12, 22, 13, 21], [14, 20, 15, 19], [16, 5, 17, 6], [18, 3, 19, 4], [20, 10, 21, 9], [22, 12, 23, 11], [24, 14, 1, 13], [2, 8, 3, 7], [4, 17, 5, 18], [6, 15, 7, 16], [8, 2, 9, 1]]"
12a_1163_146,"[[8, 2, 9, 1], [10, 24, 11, 23], [12, 22, 13, 21], [14, 20, 15, 19], [16, 5, 17, 6], [18, 3, 19, 4], [20, 10, 21, 9], [22, 12, 23, 11], [24, 14, 1, 13], [2, 8, 3, 7], [4, 17, 5, 18], [6, 15, 7, 16]]"
12a_1163_147,"[[6, 15, 7, 16], [8, 2, 9, 1], [10, 24, 11, 23], [12, 22, 13, 21], [14, 20, 15, 19], [16, 5, 17, 6], [18, 3, 19, 4], [20, 10, 21, 9], [22, 12, 23, 11], [24, 14, 1, 13], [2, 8, 3, 7], [4, 17, 5, 18]]"
12a_1163_148,"[[4, 17, 5, 18], [6, 15, 7, 16], [8, 2, 9, 1], [10, 24, 11, 23], [12, 22, 13, 21], [14, 20, 15, 19], [16, 5, 17, 6], [18, 3, 19, 4], [20, 10, 21, 9], [22, 12, 23, 11], [24, 14, 1, 13], [2, 8, 3, 7]]"
12a_1163_149,"[[2, 8, 3, 7], [4, 17, 5, 18], [6, 15, 7, 16], [8, 2, 9, 1], [10, 24, 11, 23], [12, 22, 13, 21], [14, 20, 15, 19], [16, 5, 17, 6], [18, 3, 19, 4], [20, 10, 21, 9], [22, 12, 23, 11], [24, 14, 1, 13]]"
12a_1163_150,"[[24, 14, 1, 13], [2, 8, 3, 7], [4, 17, 5, 18], [6, 15, 7, 16], [8, 2, 9, 1], [10, 24, 11, 23], [12, 22, 13, 21], [14, 20, 15, 19], [16, 5, 17, 6], [18, 3, 19, 4], [20, 10, 21, 9], [22, 12, 23, 11]]"
12a_1163_151,"[[22, 12, 23, 11], [24, 14, 1, 13], [2, 8, 3, 7], [4, 17, 5, 18], [6, 15, 7, 16], [8, 2, 9, 1], [10, 24, 11, 23], [12, 22, 13, 21], [14, 20, 15, 19], [16, 5, 17, 6], [18, 3, 19, 4], [20, 10, 21, 9]]"
12a_1163_152,"[[20, 10, 21, 9], [22, 12, 23, 11], [24, 14, 1, 13], [2, 8, 3, 7], [4, 17, 5, 18], [6, 15, 7, 16], [8, 2, 9, 1], [10, 24, 11, 23], [12, 22, 13, 21], [14, 20, 15, 19], [16, 5, 17, 6], [18, 3, 19, 4]]"
12a_1163_153,"[[18, 3, 19, 4], [20, 10, 21, 9], [22, 12, 23, 11], [24, 14, 1, 13], [2, 8, 3, 7], [4, 17, 5, 18], [6, 15, 7, 16], [8, 2, 9, 1], [10, 24, 11, 23], [12, 22, 13, 21], [14, 20, 15, 19], [16, 5, 17, 6]]"
12a_1163_154,"[[16, 5, 17, 6], [18, 3, 19, 4], [20, 10, 21, 9], [22, 12, 23, 11], [24, 14, 1, 13], [2, 8, 3, 7], [4, 17, 5, 18], [6, 15, 7, 16], [8, 2, 9, 1], [10, 24, 11, 23], [12, 22, 13, 21], [14, 20, 15, 19]]"
12a_1163_155,"[[14, 20, 15, 19], [16, 5, 17, 6], [18, 3, 19, 4], [20, 10, 21, 9], [22, 12, 23, 11], [24, 14, 1, 13], [2, 8, 3, 7], [4, 17, 5, 18], [6, 15, 7, 16], [8, 2, 9, 1], [10, 24, 11, 23], [12, 22, 13, 21]]"
12a_1163_156,"[[13, 23, 14, 22], [15, 21, 16, 20], [17, 6, 18, 7], [19, 4, 20, 5], [21, 11, 22, 10], [23, 13, 24, 12], [1, 15, 2, 14], [3, 9, 4, 8], [5, 18, 6, 19], [7, 16, 8, 17], [9, 3, 10, 2], [11, 1, 12, 24]]"
12a_1163_157,"[[11, 1, 12, 24], [13, 23, 14, 22], [15, 21, 16, 20], [17, 6, 18, 7], [19, 4, 20, 5], [21, 11, 22, 10], [23, 13, 24, 12], [1, 15, 2, 14], [3, 9, 4, 8], [5, 18, 6, 19], [7, 16, 8, 17], [9, 3, 10, 2]]"
12a_1163_158,"[[9, 3, 10, 2], [11, 1, 12, 24], [13, 23, 14, 22], [15, 21, 16, 20], [17, 6, 18, 7], [19, 4, 20, 5], [21, 11, 22, 10], [23, 13, 24, 12], [1, 15, 2, 14], [3, 9, 4, 8], [5, 18, 6, 19], [7, 16, 8, 17]]"
12a_1163_159,"[[7, 16, 8, 17], [9, 3, 10, 2], [11, 1, 12, 24], [13, 23, 14, 22], [15, 21, 16, 20], [17, 6, 18, 7], [19, 4, 20, 5], [21, 11, 22, 10], [23, 13, 24, 12], [1, 15, 2, 14], [3, 9, 4, 8], [5, 18, 6, 19]]"
12a_1163_160,"[[5, 18, 6, 19], [7, 16, 8, 17], [9, 3, 10, 2], [11, 1, 12, 24], [13, 23, 14, 22], [15, 21, 16, 20], [17, 6, 18, 7], [19, 4, 20, 5], [21, 11, 22, 10], [23, 13, 24, 12], [1, 15, 2, 14], [3, 9, 4, 8]]"
12a_1163_161,"[[3, 9, 4, 8], [5, 18, 6, 19], [7, 16, 8, 17], [9, 3, 10, 2], [11, 1, 12, 24], [13, 23, 14, 22], [15, 21, 16, 20], [17, 6, 18, 7], [19, 4, 20, 5], [21, 11, 22, 10], [23, 13, 24, 12], [1, 15, 2, 14]]"
12a_1163_162,"[[1, 15, 2, 14], [3, 9, 4, 8], [5, 18, 6, 19], [7, 16, 8, 17], [9, 3, 10, 2], [11, 1, 12, 24], [13, 23, 14, 22], [15, 21, 16, 20], [17, 6, 18, 7], [19, 4, 20, 5], [21, 11, 22, 10], [23, 13, 24, 12]]"
12a_1163_163,"[[23, 13, 24, 12], [1, 15, 2, 14], [3, 9, 4, 8], [5, 18, 6, 19], [7, 16, 8, 17], [9, 3, 10, 2], [11, 1, 12, 24], [13, 23, 14, 22], [15, 21, 16, 20], [17, 6, 18, 7], [19, 4, 20, 5], [21, 11, 22, 10]]"
12a_1163_164,"[[21, 11, 22, 10], [23, 13, 24, 12], [1, 15, 2, 14], [3, 9, 4, 8], [5, 18, 6, 19], [7, 16, 8, 17], [9, 3, 10, 2], [11, 1, 12, 24], [13, 23, 14, 22], [15, 21, 16, 20], [17, 6, 18, 7], [19, 4, 20, 5]]"
12a_1163_165,"[[19, 4, 20, 5], [21, 11, 22, 10], [23, 13, 24, 12], [1, 15, 2, 14], [3, 9, 4, 8], [5, 18, 6, 19], [7, 16, 8, 17], [9, 3, 10, 2], [11, 1, 12, 24], [13, 23, 14, 22], [15, 21, 16, 20], [17, 6, 18, 7]]"
12a_1163_166,"[[17, 6, 18, 7], [19, 4, 20, 5], [21, 11, 22, 10], [23, 13, 24, 12], [1, 15, 2, 14], [3, 9, 4, 8], [5, 18, 6, 19], [7, 16, 8, 17], [9, 3, 10, 2], [11, 1, 12, 24], [13, 23, 14, 22], [15, 21, 16, 20]]"
12a_1163_167,"[[15, 21, 16, 20], [17, 6, 18, 7], [19, 4, 20, 5], [21, 11, 22, 10], [23, 13, 24, 12], [1, 15, 2, 14], [3, 9, 4, 8], [5, 18, 6, 19], [7, 16, 8, 17], [9, 3, 10, 2], [11, 1, 12, 24], [13, 23, 14, 22]]"
12a_1163_168,"[[14, 24, 15, 23], [16, 22, 17, 21], [18, 7, 19, 8], [20, 5, 21, 6], [22, 12, 23, 11], [24, 14, 1, 13], [2, 16, 3, 15], [4, 10, 5, 9], [6, 19, 7, 20], [8, 17, 9, 18], [10, 4, 11, 3], [12, 2, 13, 1]]"
12a_1163_169,"[[12, 2, 13, 1], [14, 24, 15, 23], [16, 22, 17, 21], [18, 7, 19, 8], [20, 5, 21, 6], [22, 12, 23, 11], [24, 14, 1, 13], [2, 16, 3, 15], [4, 10, 5, 9], [6, 19, 7, 20], [8, 17, 9, 18], [10, 4, 11, 3]]"
12a_1163_170,"[[10, 4, 11, 3], [12, 2, 13, 1], [14, 24, 15, 23], [16, 22, 17, 21], [18, 7, 19, 8], [20, 5, 21, 6], [22, 12, 23, 11], [24, 14, 1, 13], [2, 16, 3, 15], [4, 10, 5, 9], [6, 19, 7, 20], [8, 17, 9, 18]]"
12a_1163_171,"[[8, 17, 9, 18], [10, 4, 11, 3], [12, 2, 13, 1], [14, 24, 15, 23], [16, 22, 17, 21], [18, 7, 19, 8], [20, 5, 21, 6], [22, 12, 23, 11], [24, 14, 1, 13], [2, 16, 3, 15], [4, 10, 5, 9], [6, 19, 7, 20]]"
12a_1163_172,"[[6, 19, 7, 20], [8, 17, 9, 18], [10, 4, 11, 3], [12, 2, 13, 1], [14, 24, 15, 23], [16, 22, 17, 21], [18, 7, 19, 8], [20, 5, 21, 6], [22, 12, 23, 11], [24, 14, 1, 13], [2, 16, 3, 15], [4, 10, 5, 9]]"
12a_1163_173,"[[4, 10, 5, 9], [6, 19, 7, 20], [8, 17, 9, 18], [10, 4, 11, 3], [12, 2, 13, 1], [14, 24, 15, 23], [16, 22, 17, 21], [18, 7, 19, 8], [20, 5, 21, 6], [22, 12, 23, 11], [24, 14, 1, 13], [2, 16, 3, 15]]"
12a_1163_174,"[[2, 16, 3, 15], [4, 10, 5, 9], [6, 19, 7, 20], [8, 17, 9, 18], [10, 4, 11, 3], [12, 2, 13, 1], [14, 24, 15, 23], [16, 22, 17, 21], [18, 7, 19, 8], [20, 5, 21, 6], [22, 12, 23, 11], [24, 14, 1, 13]]"
12a_1163_175,"[[24, 14, 1, 13], [2, 16, 3, 15], [4, 10, 5, 9], [6, 19, 7, 20], [8, 17, 9, 18], [10, 4, 11, 3], [12, 2, 13, 1], [14, 24, 15, 23], [16, 22, 17, 21], [18, 7, 19, 8], [20, 5, 21, 6], [22, 12, 23, 11]]"
12a_1163_176,"[[22, 12, 23, 11], [24, 14, 1, 13], [2, 16, 3, 15], [4, 10, 5, 9], [6, 19, 7, 20], [8, 17, 9, 18], [10, 4, 11, 3], [12, 2, 13, 1], [14, 24, 15, 23], [16, 22, 17, 21], [18, 7, 19, 8], [20, 5, 21, 6]]"
12a_1163_177,"[[20, 5, 21, 6], [22, 12, 23, 11], [24, 14, 1, 13], [2, 16, 3, 15], [4, 10, 5, 9], [6, 19, 7, 20], [8, 17, 9, 18], [10, 4, 11, 3], [12, 2, 13, 1], [14, 24, 15, 23], [16, 22, 17, 21], [18, 7, 19, 8]]"
12a_1163_178,"[[18, 7, 19, 8], [20, 5, 21, 6], [22, 12, 23, 11], [24, 14, 1, 13], [2, 16, 3, 15], [4, 10, 5, 9], [6, 19, 7, 20], [8, 17, 9, 18], [10, 4, 11, 3], [12, 2, 13, 1], [14, 24, 15, 23], [16, 22, 17, 21]]"
12a_1163_179,"[[16, 22, 17, 21], [18, 7, 19, 8], [20, 5, 21, 6], [22, 12, 23, 11], [24, 14, 1, 13], [2, 16, 3, 15], [4, 10, 5, 9], [6, 19, 7, 20], [8, 17, 9, 18], [10, 4, 11, 3], [12, 2, 13, 1], [14, 24, 15, 23]]"
12a_1163_180,"[[15, 1, 16, 24], [17, 23, 18, 22], [19, 8, 20, 9], [21, 6, 22, 7], [23, 13, 24, 12], [1, 15, 2, 14], [3, 17, 4, 16], [5, 11, 6, 10], [7, 20, 8, 21], [9, 18, 10, 19], [11, 5, 12, 4], [13, 3, 14, 2]]"
12a_1163_181,"[[13, 3, 14, 2], [15, 1, 16, 24], [17, 23, 18, 22], [19, 8, 20, 9], [21, 6, 22, 7], [23, 13, 24, 12], [1, 15, 2, 14], [3, 17, 4, 16], [5, 11, 6, 10], [7, 20, 8, 21], [9, 18, 10, 19], [11, 5, 12, 4]]"
12a_1163_182,"[[11, 5, 12, 4], [13, 3, 14, 2], [15, 1, 16, 24], [17, 23, 18, 22], [19, 8, 20, 9], [21, 6, 22, 7], [23, 13, 24, 12], [1, 15, 2, 14], [3, 17, 4, 16], [5, 11, 6, 10], [7, 20, 8, 21], [9, 18, 10, 19]]"
12a_1163_183,"[[9, 18, 10, 19], [11, 5, 12, 4], [13, 3, 14, 2], [15, 1, 16, 24], [17, 23, 18, 22], [19, 8, 20, 9], [21, 6, 22, 7], [23, 13, 24, 12], [1, 15, 2, 14], [3, 17, 4, 16], [5, 11, 6, 10], [7, 20, 8, 21]]"
12a_1163_184,"[[7, 20, 8, 21], [9, 18, 10, 19], [11, 5, 12, 4], [13, 3, 14, 2], [15, 1, 16, 24], [17, 23, 18, 22], [19, 8, 20, 9], [21, 6, 22, 7], [23, 13, 24, 12], [1, 15, 2, 14], [3, 17, 4, 16], [5, 11, 6, 10]]"
12a_1163_185,"[[5, 11, 6, 10], [7, 20, 8, 21], [9, 18, 10, 19], [11, 5, 12, 4], [13, 3, 14, 2], [15, 1, 16, 24], [17, 23, 18, 22], [19, 8, 20, 9], [21, 6, 22, 7], [23, 13, 24, 12], [1, 15, 2, 14], [3, 17, 4, 16]]"
