name,pd_notation
12a_0141_0,"[[24, 14, 1, 13], [2, 6, 3, 5], [4, 10, 5, 9], [6, 18, 7, 17], [8, 4, 9, 3], [10, 19, 11, 20], [12, 21, 13, 22], [14, 24, 15, 23], [16, 8, 17, 7], [18, 15, 19, 16], [20, 11, 21, 12], [22, 1, 23, 2]]"
12a_0141_1,"[[22, 1, 23, 2], [24, 14, 1, 13], [2, 6, 3, 5], [4, 10, 5, 9], [6, 18, 7, 17], [8, 4, 9, 3], [10, 19, 11, 20], [12, 21, 13, 22], [14, 24, 15, 23], [16, 8, 17, 7], [18, 15, 19, 16], [20, 11, 21, 12]]"
12a_0141_2,"[[20, 11, 21, 12], [22, 1, 23, 2], [24, 14, 1, 13], [2, 6, 3, 5], [4, 10, 5, 9], [6, 18, 7, 17], [8, 4, 9, 3], [10, 19, 11, 20], [12, 21, 13, 22], [14, 24, 15, 23], [16, 8, 17, 7], [18, 15, 19, 16]]"
12a_0141_3,"[[18, 15, 19, 16], [20, 11, 21, 12], [22, 1, 23, 2], [24, 14, 1, 13], [2, 6, 3, 5], [4, 10, 5, 9], [6, 18, 7, 17], [8, 4, 9, 3], [10, 19, 11, 20], [12, 21, 13, 22], [14, 24, 15, 23], [16, 8, 17, 7]]"
12a_0141_4,"[[16, 8, 17, 7], [18, 15, 19, 16], [20, 11, 21, 12], [22, 1, 23, 2], [24, 14, 1, 13], [2, 6, 3, 5], [4, 10, 5, 9], [6, 18, 7, 17], [8, 4, 9, 3], [10, 19, 11, 20], [12, 21, 13, 22], [14, 24, 15, 23]]"
12a_0141_5,"[[14, 24, 15, 23], [16, 8, 17, 7], [18, 15, 19, 16], [20, 11, 21, 12], [22, 1, 23, 2], [24, 14, 1, 13], [2, 6, 3, 5], [4, 10, 5, 9], [6, 18, 7, 17], [8, 4, 9, 3], [10, 19, 11, 20], [12, 21, 13, 22]]"
12a_0141_6,"[[12, 21, 13, 22], [14, 24, 15, 23], [16, 8, 17, 7], [18, 15, 19, 16], [20, 11, 21, 12], [22, 1, 23, 2], [24, 14, 1, 13], [2, 6, 3, 5], [4, 10, 5, 9], [6, 18, 7, 17], [8, 4, 9, 3], [10, 19, 11, 20]]"
12a_0141_7,"[[10, 19, 11, 20], [12, 21, 13, 22], [14, 24, 15, 23], [16, 8, 17, 7], [18, 15, 19, 16], [20, 11, 21, 12], [22, 1, 23, 2], [24, 14, 1, 13], [2, 6, 3, 5], [4, 10, 5, 9], [6, 18, 7, 17], [8, 4, 9, 3]]"
12a_0141_8,"[[8, 4, 9, 3], [10, 19, 11, 20], [12, 21, 13, 22], [14, 24, 15, 23], [16, 8, 17, 7], [18, 15, 19, 16], [20, 11, 21, 12], [22, 1, 23, 2], [24, 14, 1, 13], [2, 6, 3, 5], [4, 10, 5, 9], [6, 18, 7, 17]]"
12a_0141_9,"[[6, 18, 7, 17], [8, 4, 9, 3], [10, 19, 11, 20], [12, 21, 13, 22], [14, 24, 15, 23], [16, 8, 17, 7], [18, 15, 19, 16], [20, 11, 21, 12], [22, 1, 23, 2], [24, 14, 1, 13], [2, 6, 3, 5], [4, 10, 5, 9]]"
12a_0141_10,"[[4, 10, 5, 9], [6, 18, 7, 17], [8, 4, 9, 3], [10, 19, 11, 20], [12, 21, 13, 22], [14, 24, 15, 23], [16, 8, 17, 7], [18, 15, 19, 16], [20, 11, 21, 12], [22, 1, 23, 2], [24, 14, 1, 13], [2, 6, 3, 5]]"
12a_0141_11,"[[2, 6, 3, 5], [4, 10, 5, 9], [6, 18, 7, 17], [8, 4, 9, 3], [10, 19, 11, 20], [12, 21, 13, 22], [14, 24, 15, 23], [16, 8, 17, 7], [18, 15, 19, 16], [20, 11, 21, 12], [22, 1, 23, 2], [24, 14, 1, 13]]"
12a_0141_12,"[[1, 15, 2, 14], [3, 7, 4, 6], [5, 11, 6, 10], [7, 19, 8, 18], [9, 5, 10, 4], [11, 20, 12, 21], [13, 22, 14, 23], [15, 1, 16, 24], [17, 9, 18, 8], [19, 16, 20, 17], [21, 12, 22, 13], [23, 2, 24, 3]]"
12a_0141_13,"[[23, 2, 24, 3], [1, 15, 2, 14], [3, 7, 4, 6], [5, 11, 6, 10], [7, 19, 8, 18], [9, 5, 10, 4], [11, 20, 12, 21], [13, 22, 14, 23], [15, 1, 16, 24], [17, 9, 18, 8], [19, 16, 20, 17], [21, 12, 22, 13]]"
12a_0141_14,"[[21, 12, 22, 13], [23, 2, 24, 3], [1, 15, 2, 14], [3, 7, 4, 6], [5, 11, 6, 10], [7, 19, 8, 18], [9, 5, 10, 4], [11, 20, 12, 21], [13, 22, 14, 23], [15, 1, 16, 24], [17, 9, 18, 8], [19, 16, 20, 17]]"
12a_0141_15,"[[19, 16, 20, 17], [21, 12, 22, 13], [23, 2, 24, 3], [1, 15, 2, 14], [3, 7, 4, 6], [5, 11, 6, 10], [7, 19, 8, 18], [9, 5, 10, 4], [11, 20, 12, 21], [13, 22, 14, 23], [15, 1, 16, 24], [17, 9, 18, 8]]"
12a_0141_16,"[[17, 9, 18, 8], [19, 16, 20, 17], [21, 12, 22, 13], [23, 2, 24, 3], [1, 15, 2, 14], [3, 7, 4, 6], [5, 11, 6, 10], [7, 19, 8, 18], [9, 5, 10, 4], [11, 20, 12, 21], [13, 22, 14, 23], [15, 1, 16, 24]]"
12a_0141_17,"[[15, 1, 16, 24], [17, 9, 18, 8], [19, 16, 20, 17], [21, 12, 22, 13], [23, 2, 24, 3], [1, 15, 2, 14], [3, 7, 4, 6], [5, 11, 6, 10], [7, 19, 8, 18], [9, 5, 10, 4], [11, 20, 12, 21], [13, 22, 14, 23]]"
12a_0141_18,"[[13, 22, 14, 23], [15, 1, 16, 24], [17, 9, 18, 8], [19, 16, 20, 17], [21, 12, 22, 13], [23, 2, 24, 3], [1, 15, 2, 14], [3, 7, 4, 6], [5, 11, 6, 10], [7, 19, 8, 18], [9, 5, 10, 4], [11, 20, 12, 21]]"
12a_0141_19,"[[11, 20, 12, 21], [13, 22, 14, 23], [15, 1, 16, 24], [17, 9, 18, 8], [19, 16, 20, 17], [21, 12, 22, 13], [23, 2, 24, 3], [1, 15, 2, 14], [3, 7, 4, 6], [5, 11, 6, 10], [7, 19, 8, 18], [9, 5, 10, 4]]"
12a_0141_20,"[[9, 5, 10, 4], [11, 20, 12, 21], [13, 22, 14, 23], [15, 1, 16, 24], [17, 9, 18, 8], [19, 16, 20, 17], [21, 12, 22, 13], [23, 2, 24, 3], [1, 15, 2, 14], [3, 7, 4, 6], [5, 11, 6, 10], [7, 19, 8, 18]]"
12a_0141_21,"[[7, 19, 8, 18], [9, 5, 10, 4], [11, 20, 12, 21], [13, 22, 14, 23], [15, 1, 16, 24], [17, 9, 18, 8], [19, 16, 20, 17], [21, 12, 22, 13], [23, 2, 24, 3], [1, 15, 2, 14], [3, 7, 4, 6], [5, 11, 6, 10]]"
12a_0141_22,"[[5, 11, 6, 10], [7, 19, 8, 18], [9, 5, 10, 4], [11, 20, 12, 21], [13, 22, 14, 23], [15, 1, 16, 24], [17, 9, 18, 8], [19, 16, 20, 17], [21, 12, 22, 13], [23, 2, 24, 3], [1, 15, 2, 14], [3, 7, 4, 6]]"
12a_0141_23,"[[3, 7, 4, 6], [5, 11, 6, 10], [7, 19, 8, 18], [9, 5, 10, 4], [11, 20, 12, 21], [13, 22, 14, 23], [15, 1, 16, 24], [17, 9, 18, 8], [19, 16, 20, 17], [21, 12, 22, 13], [23, 2, 24, 3], [1, 15, 2, 14]]"
12a_0141_24,"[[2, 16, 3, 15], [4, 8, 5, 7], [6, 12, 7, 11], [8, 20, 9, 19], [10, 6, 11, 5], [12, 21, 13, 22], [14, 23, 15, 24], [16, 2, 17, 1], [18, 10, 19, 9], [20, 17, 21, 18], [22, 13, 23, 14], [24, 3, 1, 4]]"
12a_0141_25,"[[24, 3, 1, 4], [2, 16, 3, 15], [4, 8, 5, 7], [6, 12, 7, 11], [8, 20, 9, 19], [10, 6, 11, 5], [12, 21, 13, 22], [14, 23, 15, 24], [16, 2, 17, 1], [18, 10, 19, 9], [20, 17, 21, 18], [22, 13, 23, 14]]"
12a_0141_26,"[[22, 13, 23, 14], [24, 3, 1, 4], [2, 16, 3, 15], [4, 8, 5, 7], [6, 12, 7, 11], [8, 20, 9, 19], [10, 6, 11, 5], [12, 21, 13, 22], [14, 23, 15, 24], [16, 2, 17, 1], [18, 10, 19, 9], [20, 17, 21, 18]]"
12a_0141_27,"[[20, 17, 21, 18], [22, 13, 23, 14], [24, 3, 1, 4], [2, 16, 3, 15], [4, 8, 5, 7], [6, 12, 7, 11], [8, 20, 9, 19], [10, 6, 11, 5], [12, 21, 13, 22], [14, 23, 15, 24], [16, 2, 17, 1], [18, 10, 19, 9]]"
12a_0141_28,"[[18, 10, 19, 9], [20, 17, 21, 18], [22, 13, 23, 14], [24, 3, 1, 4], [2, 16, 3, 15], [4, 8, 5, 7], [6, 12, 7, 11], [8, 20, 9, 19], [10, 6, 11, 5], [12, 21, 13, 22], [14, 23, 15, 24], [16, 2, 17, 1]]"
12a_0141_29,"[[16, 2, 17, 1], [18, 10, 19, 9], [20, 17, 21, 18], [22, 13, 23, 14], [24, 3, 1, 4], [2, 16, 3, 15], [4, 8, 5, 7], [6, 12, 7, 11], [8, 20, 9, 19], [10, 6, 11, 5], [12, 21, 13, 22], [14, 23, 15, 24]]"
12a_0141_30,"[[14, 23, 15, 24], [16, 2, 17, 1], [18, 10, 19, 9], [20, 17, 21, 18], [22, 13, 23, 14], [24, 3, 1, 4], [2, 16, 3, 15], [4, 8, 5, 7], [6, 12, 7, 11], [8, 20, 9, 19], [10, 6, 11, 5], [12, 21, 13, 22]]"
12a_0141_31,"[[12, 21, 13, 22], [14, 23, 15, 24], [16, 2, 17, 1], [18, 10, 19, 9], [20, 17, 21, 18], [22, 13, 23, 14], [24, 3, 1, 4], [2, 16, 3, 15], [4, 8, 5, 7], [6, 12, 7, 11], [8, 20, 9, 19], [10, 6, 11, 5]]"
12a_0141_32,"[[10, 6, 11, 5], [12, 21, 13, 22], [14, 23, 15, 24], [16, 2, 17, 1], [18, 10, 19, 9], [20, 17, 21, 18], [22, 13, 23, 14], [24, 3, 1, 4], [2, 16, 3, 15], [4, 8, 5, 7], [6, 12, 7, 11], [8, 20, 9, 19]]"
12a_0141_33,"[[8, 20, 9, 19], [10, 6, 11, 5], [12, 21, 13, 22], [14, 23, 15, 24], [16, 2, 17, 1], [18, 10, 19, 9], [20, 17, 21, 18], [22, 13, 23, 14], [24, 3, 1, 4], [2, 16, 3, 15], [4, 8, 5, 7], [6, 12, 7, 11]]"
12a_0141_34,"[[6, 12, 7, 11], [8, 20, 9, 19], [10, 6, 11, 5], [12, 21, 13, 22], [14, 23, 15, 24], [16, 2, 17, 1], [18, 10, 19, 9], [20, 17, 21, 18], [22, 13, 23, 14], [24, 3, 1, 4], [2, 16, 3, 15], [4, 8, 5, 7]]"
12a_0141_35,"[[4, 8, 5, 7], [6, 12, 7, 11], [8, 20, 9, 19], [10, 6, 11, 5], [12, 21, 13, 22], [14, 23, 15, 24], [16, 2, 17, 1], [18, 10, 19, 9], [20, 17, 21, 18], [22, 13, 23, 14], [24, 3, 1, 4], [2, 16, 3, 15]]"
12a_0141_36,"[[3, 17, 4, 16], [5, 9, 6, 8], [7, 13, 8, 12], [9, 21, 10, 20], [11, 7, 12, 6], [13, 22, 14, 23], [15, 24, 16, 1], [17, 3, 18, 2], [19, 11, 20, 10], [21, 18, 22, 19], [23, 14, 24, 15], [1, 4, 2, 5]]"
12a_0141_37,"[[1, 4, 2, 5], [3, 17, 4, 16], [5, 9, 6, 8], [7, 13, 8, 12], [9, 21, 10, 20], [11, 7, 12, 6], [13, 22, 14, 23], [15, 24, 16, 1], [17, 3, 18, 2], [19, 11, 20, 10], [21, 18, 22, 19], [23, 14, 24, 15]]"
12a_0141_38,"[[23, 14, 24, 15], [1, 4, 2, 5], [3, 17, 4, 16], [5, 9, 6, 8], [7, 13, 8, 12], [9, 21, 10, 20], [11, 7, 12, 6], [13, 22, 14, 23], [15, 24, 16, 1], [17, 3, 18, 2], [19, 11, 20, 10], [21, 18, 22, 19]]"
12a_0141_39,"[[21, 18, 22, 19], [23, 14, 24, 15], [1, 4, 2, 5], [3, 17, 4, 16], [5, 9, 6, 8], [7, 13, 8, 12], [9, 21, 10, 20], [11, 7, 12, 6], [13, 22, 14, 23], [15, 24, 16, 1], [17, 3, 18, 2], [19, 11, 20, 10]]"
12a_0141_40,"[[19, 11, 20, 10], [21, 18, 22, 19], [23, 14, 24, 15], [1, 4, 2, 5], [3, 17, 4, 16], [5, 9, 6, 8], [7, 13, 8, 12], [9, 21, 10, 20], [11, 7, 12, 6], [13, 22, 14, 23], [15, 24, 16, 1], [17, 3, 18, 2]]"
12a_0141_41,"[[17, 3, 18, 2], [19, 11, 20, 10], [21, 18, 22, 19], [23, 14, 24, 15], [1, 4, 2, 5], [3, 17, 4, 16], [5, 9, 6, 8], [7, 13, 8, 12], [9, 21, 10, 20], [11, 7, 12, 6], [13, 22, 14, 23], [15, 24, 16, 1]]"
12a_0141_42,"[[15, 24, 16, 1], [17, 3, 18, 2], [19, 11, 20, 10], [21, 18, 22, 19], [23, 14, 24, 15], [1, 4, 2, 5], [3, 17, 4, 16], [5, 9, 6, 8], [7, 13, 8, 12], [9, 21, 10, 20], [11, 7, 12, 6], [13, 22, 14, 23]]"
12a_0141_43,"[[13, 22, 14, 23], [15, 24, 16, 1], [17, 3, 18, 2], [19, 11, 20, 10], [21, 18, 22, 19], [23, 14, 24, 15], [1, 4, 2, 5], [3, 17, 4, 16], [5, 9, 6, 8], [7, 13, 8, 12], [9, 21, 10, 20], [11, 7, 12, 6]]"
12a_0141_44,"[[11, 7, 12, 6], [13, 22, 14, 23], [15, 24, 16, 1], [17, 3, 18, 2], [19, 11, 20, 10], [21, 18, 22, 19], [23, 14, 24, 15], [1, 4, 2, 5], [3, 17, 4, 16], [5, 9, 6, 8], [7, 13, 8, 12], [9, 21, 10, 20]]"
12a_0141_45,"[[9, 21, 10, 20], [11, 7, 12, 6], [13, 22, 14, 23], [15, 24, 16, 1], [17, 3, 18, 2], [19, 11, 20, 10], [21, 18, 22, 19], [23, 14, 24, 15], [1, 4, 2, 5], [3, 17, 4, 16], [5, 9, 6, 8], [7, 13, 8, 12]]"
12a_0141_46,"[[7, 13, 8, 12], [9, 21, 10, 20], [11, 7, 12, 6], [13, 22, 14, 23], [15, 24, 16, 1], [17, 3, 18, 2], [19, 11, 20, 10], [21, 18, 22, 19], [23, 14, 24, 15], [1, 4, 2, 5], [3, 17, 4, 16], [5, 9, 6, 8]]"
12a_0141_47,"[[5, 9, 6, 8], [7, 13, 8, 12], [9, 21, 10, 20], [11, 7, 12, 6], [13, 22, 14, 23], [15, 24, 16, 1], [17, 3, 18, 2], [19, 11, 20, 10], [21, 18, 22, 19], [23, 14, 24, 15], [1, 4, 2, 5], [3, 17, 4, 16]]"
12a_0141_48,"[[4, 18, 5, 17], [6, 10, 7, 9], [8, 14, 9, 13], [10, 22, 11, 21], [12, 8, 13, 7], [14, 23, 15, 24], [16, 1, 17, 2], [18, 4, 19, 3], [20, 12, 21, 11], [22, 19, 23, 20], [24, 15, 1, 16], [2, 5, 3, 6]]"
12a_0141_49,"[[2, 5, 3, 6], [4, 18, 5, 17], [6, 10, 7, 9], [8, 14, 9, 13], [10, 22, 11, 21], [12, 8, 13, 7], [14, 23, 15, 24], [16, 1, 17, 2], [18, 4, 19, 3], [20, 12, 21, 11], [22, 19, 23, 20], [24, 15, 1, 16]]"
12a_0141_50,"[[24, 15, 1, 16], [2, 5, 3, 6], [4, 18, 5, 17], [6, 10, 7, 9], [8, 14, 9, 13], [10, 22, 11, 21], [12, 8, 13, 7], [14, 23, 15, 24], [16, 1, 17, 2], [18, 4, 19, 3], [20, 12, 21, 11], [22, 19, 23, 20]]"
12a_0141_51,"[[22, 19, 23, 20], [24, 15, 1, 16], [2, 5, 3, 6], [4, 18, 5, 17], [6, 10, 7, 9], [8, 14, 9, 13], [10, 22, 11, 21], [12, 8, 13, 7], [14, 23, 15, 24], [16, 1, 17, 2], [18, 4, 19, 3], [20, 12, 21, 11]]"
12a_0141_52,"[[20, 12, 21, 11], [22, 19, 23, 20], [24, 15, 1, 16], [2, 5, 3, 6], [4, 18, 5, 17], [6, 10, 7, 9], [8, 14, 9, 13], [10, 22, 11, 21], [12, 8, 13, 7], [14, 23, 15, 24], [16, 1, 17, 2], [18, 4, 19, 3]]"
12a_0141_53,"[[18, 4, 19, 3], [20, 12, 21, 11], [22, 19, 23, 20], [24, 15, 1, 16], [2, 5, 3, 6], [4, 18, 5, 17], [6, 10, 7, 9], [8, 14, 9, 13], [10, 22, 11, 21], [12, 8, 13, 7], [14, 23, 15, 24], [16, 1, 17, 2]]"
12a_0141_54,"[[16, 1, 17, 2], [18, 4, 19, 3], [20, 12, 21, 11], [22, 19, 23, 20], [24, 15, 1, 16], [2, 5, 3, 6], [4, 18, 5, 17], [6, 10, 7, 9], [8, 14, 9, 13], [10, 22, 11, 21], [12, 8, 13, 7], [14, 23, 15, 24]]"
12a_0141_55,"[[14, 23, 15, 24], [16, 1, 17, 2], [18, 4, 19, 3], [20, 12, 21, 11], [22, 19, 23, 20], [24, 15, 1, 16], [2, 5, 3, 6], [4, 18, 5, 17], [6, 10, 7, 9], [8, 14, 9, 13], [10, 22, 11, 21], [12, 8, 13, 7]]"
12a_0141_56,"[[12, 8, 13, 7], [14, 23, 15, 24], [16, 1, 17, 2], [18, 4, 19, 3], [20, 12, 21, 11], [22, 19, 23, 20], [24, 15, 1, 16], [2, 5, 3, 6], [4, 18, 5, 17], [6, 10, 7, 9], [8, 14, 9, 13], [10, 22, 11, 21]]"
12a_0141_57,"[[10, 22, 11, 21], [12, 8, 13, 7], [14, 23, 15, 24], [16, 1, 17, 2], [18, 4, 19, 3], [20, 12, 21, 11], [22, 19, 23, 20], [24, 15, 1, 16], [2, 5, 3, 6], [4, 18, 5, 17], [6, 10, 7, 9], [8, 14, 9, 13]]"
12a_0141_58,"[[8, 14, 9, 13], [10, 22, 11, 21], [12, 8, 13, 7], [14, 23, 15, 24], [16, 1, 17, 2], [18, 4, 19, 3], [20, 12, 21, 11], [22, 19, 23, 20], [24, 15, 1, 16], [2, 5, 3, 6], [4, 18, 5, 17], [6, 10, 7, 9]]"
12a_0141_59,"[[6, 10, 7, 9], [8, 14, 9, 13], [10, 22, 11, 21], [12, 8, 13, 7], [14, 23, 15, 24], [16, 1, 17, 2], [18, 4, 19, 3], [20, 12, 21, 11], [22, 19, 23, 20], [24, 15, 1, 16], [2, 5, 3, 6], [4, 18, 5, 17]]"
12a_0141_60,"[[5, 19, 6, 18], [7, 11, 8, 10], [9, 15, 10, 14], [11, 23, 12, 22], [13, 9, 14, 8], [15, 24, 16, 1], [17, 2, 18, 3], [19, 5, 20, 4], [21, 13, 22, 12], [23, 20, 24, 21], [1, 16, 2, 17], [3, 6, 4, 7]]"
12a_0141_61,"[[3, 6, 4, 7], [5, 19, 6, 18], [7, 11, 8, 10], [9, 15, 10, 14], [11, 23, 12, 22], [13, 9, 14, 8], [15, 24, 16, 1], [17, 2, 18, 3], [19, 5, 20, 4], [21, 13, 22, 12], [23, 20, 24, 21], [1, 16, 2, 17]]"
12a_0141_62,"[[1, 16, 2, 17], [3, 6, 4, 7], [5, 19, 6, 18], [7, 11, 8, 10], [9, 15, 10, 14], [11, 23, 12, 22], [13, 9, 14, 8], [15, 24, 16, 1], [17, 2, 18, 3], [19, 5, 20, 4], [21, 13, 22, 12], [23, 20, 24, 21]]"
12a_0141_63,"[[23, 20, 24, 21], [1, 16, 2, 17], [3, 6, 4, 7], [5, 19, 6, 18], [7, 11, 8, 10], [9, 15, 10, 14], [11, 23, 12, 22], [13, 9, 14, 8], [15, 24, 16, 1], [17, 2, 18, 3], [19, 5, 20, 4], [21, 13, 22, 12]]"
12a_0141_64,"[[21, 13, 22, 12], [23, 20, 24, 21], [1, 16, 2, 17], [3, 6, 4, 7], [5, 19, 6, 18], [7, 11, 8, 10], [9, 15, 10, 14], [11, 23, 12, 22], [13, 9, 14, 8], [15, 24, 16, 1], [17, 2, 18, 3], [19, 5, 20, 4]]"
12a_0141_65,"[[19, 5, 20, 4], [21, 13, 22, 12], [23, 20, 24, 21], [1, 16, 2, 17], [3, 6, 4, 7], [5, 19, 6, 18], [7, 11, 8, 10], [9, 15, 10, 14], [11, 23, 12, 22], [13, 9, 14, 8], [15, 24, 16, 1], [17, 2, 18, 3]]"
12a_0141_66,"[[17, 2, 18, 3], [19, 5, 20, 4], [21, 13, 22, 12], [23, 20, 24, 21], [1, 16, 2, 17], [3, 6, 4, 7], [5, 19, 6, 18], [7, 11, 8, 10], [9, 15, 10, 14], [11, 23, 12, 22], [13, 9, 14, 8], [15, 24, 16, 1]]"
12a_0141_67,"[[15, 24, 16, 1], [17, 2, 18, 3], [19, 5, 20, 4], [21, 13, 22, 12], [23, 20, 24, 21], [1, 16, 2, 17], [3, 6, 4, 7], [5, 19, 6, 18], [7, 11, 8, 10], [9, 15, 10, 14], [11, 23, 12, 22], [13, 9, 14, 8]]"
12a_0141_68,"[[13, 9, 14, 8], [15, 24, 16, 1], [17, 2, 18, 3], [19, 5, 20, 4], [21, 13, 22, 12], [23, 20, 24, 21], [1, 16, 2, 17], [3, 6, 4, 7], [5, 19, 6, 18], [7, 11, 8, 10], [9, 15, 10, 14], [11, 23, 12, 22]]"
12a_0141_69,"[[11, 23, 12, 22], [13, 9, 14, 8], [15, 24, 16, 1], [17, 2, 18, 3], [19, 5, 20, 4], [21, 13, 22, 12], [23, 20, 24, 21], [1, 16, 2, 17], [3, 6, 4, 7], [5, 19, 6, 18], [7, 11, 8, 10], [9, 15, 10, 14]]"
12a_0141_70,"[[9, 15, 10, 14], [11, 23, 12, 22], [13, 9, 14, 8], [15, 24, 16, 1], [17, 2, 18, 3], [19, 5, 20, 4], [21, 13, 22, 12], [23, 20, 24, 21], [1, 16, 2, 17], [3, 6, 4, 7], [5, 19, 6, 18], [7, 11, 8, 10]]"
12a_0141_71,"[[7, 11, 8, 10], [9, 15, 10, 14], [11, 23, 12, 22], [13, 9, 14, 8], [15, 24, 16, 1], [17, 2, 18, 3], [19, 5, 20, 4], [21, 13, 22, 12], [23, 20, 24, 21], [1, 16, 2, 17], [3, 6, 4, 7], [5, 19, 6, 18]]"
12a_0141_72,"[[6, 20, 7, 19], [8, 12, 9, 11], [10, 16, 11, 15], [12, 24, 13, 23], [14, 10, 15, 9], [16, 1, 17, 2], [18, 3, 19, 4], [20, 6, 21, 5], [22, 14, 23, 13], [24, 21, 1, 22], [2, 17, 3, 18], [4, 7, 5, 8]]"
12a_0141_73,"[[4, 7, 5, 8], [6, 20, 7, 19], [8, 12, 9, 11], [10, 16, 11, 15], [12, 24, 13, 23], [14, 10, 15, 9], [16, 1, 17, 2], [18, 3, 19, 4], [20, 6, 21, 5], [22, 14, 23, 13], [24, 21, 1, 22], [2, 17, 3, 18]]"
12a_0141_74,"[[2, 17, 3, 18], [4, 7, 5, 8], [6, 20, 7, 19], [8, 12, 9, 11], [10, 16, 11, 15], [12, 24, 13, 23], [14, 10, 15, 9], [16, 1, 17, 2], [18, 3, 19, 4], [20, 6, 21, 5], [22, 14, 23, 13], [24, 21, 1, 22]]"
12a_0141_75,"[[24, 21, 1, 22], [2, 17, 3, 18], [4, 7, 5, 8], [6, 20, 7, 19], [8, 12, 9, 11], [10, 16, 11, 15], [12, 24, 13, 23], [14, 10, 15, 9], [16, 1, 17, 2], [18, 3, 19, 4], [20, 6, 21, 5], [22, 14, 23, 13]]"
12a_0141_76,"[[22, 14, 23, 13], [24, 21, 1, 22], [2, 17, 3, 18], [4, 7, 5, 8], [6, 20, 7, 19], [8, 12, 9, 11], [10, 16, 11, 15], [12, 24, 13, 23], [14, 10, 15, 9], [16, 1, 17, 2], [18, 3, 19, 4], [20, 6, 21, 5]]"
12a_0141_77,"[[20, 6, 21, 5], [22, 14, 23, 13], [24, 21, 1, 22], [2, 17, 3, 18], [4, 7, 5, 8], [6, 20, 7, 19], [8, 12, 9, 11], [10, 16, 11, 15], [12, 24, 13, 23], [14, 10, 15, 9], [16, 1, 17, 2], [18, 3, 19, 4]]"
12a_0141_78,"[[18, 3, 19, 4], [20, 6, 21, 5], [22, 14, 23, 13], [24, 21, 1, 22], [2, 17, 3, 18], [4, 7, 5, 8], [6, 20, 7, 19], [8, 12, 9, 11], [10, 16, 11, 15], [12, 24, 13, 23], [14, 10, 15, 9], [16, 1, 17, 2]]"
12a_0141_79,"[[16, 1, 17, 2], [18, 3, 19, 4], [20, 6, 21, 5], [22, 14, 23, 13], [24, 21, 1, 22], [2, 17, 3, 18], [4, 7, 5, 8], [6, 20, 7, 19], [8, 12, 9, 11], [10, 16, 11, 15], [12, 24, 13, 23], [14, 10, 15, 9]]"
12a_0141_80,"[[14, 10, 15, 9], [16, 1, 17, 2], [18, 3, 19, 4], [20, 6, 21, 5], [22, 14, 23, 13], [24, 21, 1, 22], [2, 17, 3, 18], [4, 7, 5, 8], [6, 20, 7, 19], [8, 12, 9, 11], [10, 16, 11, 15], [12, 24, 13, 23]]"
12a_0141_81,"[[12, 24, 13, 23], [14, 10, 15, 9], [16, 1, 17, 2], [18, 3, 19, 4], [20, 6, 21, 5], [22, 14, 23, 13], [24, 21, 1, 22], [2, 17, 3, 18], [4, 7, 5, 8], [6, 20, 7, 19], [8, 12, 9, 11], [10, 16, 11, 15]]"
12a_0141_82,"[[10, 16, 11, 15], [12, 24, 13, 23], [14, 10, 15, 9], [16, 1, 17, 2], [18, 3, 19, 4], [20, 6, 21, 5], [22, 14, 23, 13], [24, 21, 1, 22], [2, 17, 3, 18], [4, 7, 5, 8], [6, 20, 7, 19], [8, 12, 9, 11]]"
12a_0141_83,"[[8, 12, 9, 11], [10, 16, 11, 15], [12, 24, 13, 23], [14, 10, 15, 9], [16, 1, 17, 2], [18, 3, 19, 4], [20, 6, 21, 5], [22, 14, 23, 13], [24, 21, 1, 22], [2, 17, 3, 18], [4, 7, 5, 8], [6, 20, 7, 19]]"
12a_0141_84,"[[7, 21, 8, 20], [9, 13, 10, 12], [11, 17, 12, 16], [13, 1, 14, 24], [15, 11, 16, 10], [17, 2, 18, 3], [19, 4, 20, 5], [21, 7, 22, 6], [23, 15, 24, 14], [1, 22, 2, 23], [3, 18, 4, 19], [5, 8, 6, 9]]"
12a_0141_85,"[[5, 8, 6, 9], [7, 21, 8, 20], [9, 13, 10, 12], [11, 17, 12, 16], [13, 1, 14, 24], [15, 11, 16, 10], [17, 2, 18, 3], [19, 4, 20, 5], [21, 7, 22, 6], [23, 15, 24, 14], [1, 22, 2, 23], [3, 18, 4, 19]]"
12a_0141_86,"[[3, 18, 4, 19], [5, 8, 6, 9], [7, 21, 8, 20], [9, 13, 10, 12], [11, 17, 12, 16], [13, 1, 14, 24], [15, 11, 16, 10], [17, 2, 18, 3], [19, 4, 20, 5], [21, 7, 22, 6], [23, 15, 24, 14], [1, 22, 2, 23]]"
12a_0141_87,"[[1, 22, 2, 23], [3, 18, 4, 19], [5, 8, 6, 9], [7, 21, 8, 20], [9, 13, 10, 12], [11, 17, 12, 16], [13, 1, 14, 24], [15, 11, 16, 10], [17, 2, 18, 3], [19, 4, 20, 5], [21, 7, 22, 6], [23, 15, 24, 14]]"
12a_0141_88,"[[23, 15, 24, 14], [1, 22, 2, 23], [3, 18, 4, 19], [5, 8, 6, 9], [7, 21, 8, 20], [9, 13, 10, 12], [11, 17, 12, 16], [13, 1, 14, 24], [15, 11, 16, 10], [17, 2, 18, 3], [19, 4, 20, 5], [21, 7, 22, 6]]"
12a_0141_89,"[[21, 7, 22, 6], [23, 15, 24, 14], [1, 22, 2, 23], [3, 18, 4, 19], [5, 8, 6, 9], [7, 21, 8, 20], [9, 13, 10, 12], [11, 17, 12, 16], [13, 1, 14, 24], [15, 11, 16, 10], [17, 2, 18, 3], [19, 4, 20, 5]]"
12a_0141_90,"[[19, 4, 20, 5], [21, 7, 22, 6], [23, 15, 24, 14], [1, 22, 2, 23], [3, 18, 4, 19], [5, 8, 6, 9], [7, 21, 8, 20], [9, 13, 10, 12], [11, 17, 12, 16], [13, 1, 14, 24], [15, 11, 16, 10], [17, 2, 18, 3]]"
12a_0141_91,"[[17, 2, 18, 3], [19, 4, 20, 5], [21, 7, 22, 6], [23, 15, 24, 14], [1, 22, 2, 23], [3, 18, 4, 19], [5, 8, 6, 9], [7, 21, 8, 20], [9, 13, 10, 12], [11, 17, 12, 16], [13, 1, 14, 24], [15, 11, 16, 10]]"
12a_0141_92,"[[15, 11, 16, 10], [17, 2, 18, 3], [19, 4, 20, 5], [21, 7, 22, 6], [23, 15, 24, 14], [1, 22, 2, 23], [3, 18, 4, 19], [5, 8, 6, 9], [7, 21, 8, 20], [9, 13, 10, 12], [11, 17, 12, 16], [13, 1, 14, 24]]"
12a_0141_93,"[[13, 1, 14, 24], [15, 11, 16, 10], [17, 2, 18, 3], [19, 4, 20, 5], [21, 7, 22, 6], [23, 15, 24, 14], [1, 22, 2, 23], [3, 18, 4, 19], [5, 8, 6, 9], [7, 21, 8, 20], [9, 13, 10, 12], [11, 17, 12, 16]]"
12a_0141_94,"[[11, 17, 12, 16], [13, 1, 14, 24], [15, 11, 16, 10], [17, 2, 18, 3], [19, 4, 20, 5], [21, 7, 22, 6], [23, 15, 24, 14], [1, 22, 2, 23], [3, 18, 4, 19], [5, 8, 6, 9], [7, 21, 8, 20], [9, 13, 10, 12]]"
12a_0141_95,"[[9, 13, 10, 12], [11, 17, 12, 16], [13, 1, 14, 24], [15, 11, 16, 10], [17, 2, 18, 3], [19, 4, 20, 5], [21, 7, 22, 6], [23, 15, 24, 14], [1, 22, 2, 23], [3, 18, 4, 19], [5, 8, 6, 9], [7, 21, 8, 20]]"
12a_0141_96,"[[8, 22, 9, 21], [10, 14, 11, 13], [12, 18, 13, 17], [14, 2, 15, 1], [16, 12, 17, 11], [18, 3, 19, 4], [20, 5, 21, 6], [22, 8, 23, 7], [24, 16, 1, 15], [2, 23, 3, 24], [4, 19, 5, 20], [6, 9, 7, 10]]"
12a_0141_97,"[[6, 9, 7, 10], [8, 22, 9, 21], [10, 14, 11, 13], [12, 18, 13, 17], [14, 2, 15, 1], [16, 12, 17, 11], [18, 3, 19, 4], [20, 5, 21, 6], [22, 8, 23, 7], [24, 16, 1, 15], [2, 23, 3, 24], [4, 19, 5, 20]]"
12a_0141_98,"[[4, 19, 5, 20], [6, 9, 7, 10], [8, 22, 9, 21], [10, 14, 11, 13], [12, 18, 13, 17], [14, 2, 15, 1], [16, 12, 17, 11], [18, 3, 19, 4], [20, 5, 21, 6], [22, 8, 23, 7], [24, 16, 1, 15], [2, 23, 3, 24]]"
12a_0141_99,"[[2, 23, 3, 24], [4, 19, 5, 20], [6, 9, 7, 10], [8, 22, 9, 21], [10, 14, 11, 13], [12, 18, 13, 17], [14, 2, 15, 1], [16, 12, 17, 11], [18, 3, 19, 4], [20, 5, 21, 6], [22, 8, 23, 7], [24, 16, 1, 15]]"
12a_0141_100,"[[24, 16, 1, 15], [2, 23, 3, 24], [4, 19, 5, 20], [6, 9, 7, 10], [8, 22, 9, 21], [10, 14, 11, 13], [12, 18, 13, 17], [14, 2, 15, 1], [16, 12, 17, 11], [18, 3, 19, 4], [20, 5, 21, 6], [22, 8, 23, 7]]"
12a_0141_101,"[[22, 8, 23, 7], [24, 16, 1, 15], [2, 23, 3, 24], [4, 19, 5, 20], [6, 9, 7, 10], [8, 22, 9, 21], [10, 14, 11, 13], [12, 18, 13, 17], [14, 2, 15, 1], [16, 12, 17, 11], [18, 3, 19, 4], [20, 5, 21, 6]]"
12a_0141_102,"[[20, 5, 21, 6], [22, 8, 23, 7], [24, 16, 1, 15], [2, 23, 3, 24], [4, 19, 5, 20], [6, 9, 7, 10], [8, 22, 9, 21], [10, 14, 11, 13], [12, 18, 13, 17], [14, 2, 15, 1], [16, 12, 17, 11], [18, 3, 19, 4]]"
12a_0141_103,"[[18, 3, 19, 4], [20, 5, 21, 6], [22, 8, 23, 7], [24, 16, 1, 15], [2, 23, 3, 24], [4, 19, 5, 20], [6, 9, 7, 10], [8, 22, 9, 21], [10, 14, 11, 13], [12, 18, 13, 17], [14, 2, 15, 1], [16, 12, 17, 11]]"
12a_0141_104,"[[16, 12, 17, 11], [18, 3, 19, 4], [20, 5, 21, 6], [22, 8, 23, 7], [24, 16, 1, 15], [2, 23, 3, 24], [4, 19, 5, 20], [6, 9, 7, 10], [8, 22, 9, 21], [10, 14, 11, 13], [12, 18, 13, 17], [14, 2, 15, 1]]"
12a_0141_105,"[[14, 2, 15, 1], [16, 12, 17, 11], [18, 3, 19, 4], [20, 5, 21, 6], [22, 8, 23, 7], [24, 16, 1, 15], [2, 23, 3, 24], [4, 19, 5, 20], [6, 9, 7, 10], [8, 22, 9, 21], [10, 14, 11, 13], [12, 18, 13, 17]]"
12a_0141_106,"[[12, 18, 13, 17], [14, 2, 15, 1], [16, 12, 17, 11], [18, 3, 19, 4], [20, 5, 21, 6], [22, 8, 23, 7], [24, 16, 1, 15], [2, 23, 3, 24], [4, 19, 5, 20], [6, 9, 7, 10], [8, 22, 9, 21], [10, 14, 11, 13]]"
12a_0141_107,"[[10, 14, 11, 13], [12, 18, 13, 17], [14, 2, 15, 1], [16, 12, 17, 11], [18, 3, 19, 4], [20, 5, 21, 6], [22, 8, 23, 7], [24, 16, 1, 15], [2, 23, 3, 24], [4, 19, 5, 20], [6, 9, 7, 10], [8, 22, 9, 21]]"
12a_0141_108,"[[9, 23, 10, 22], [11, 15, 12, 14], [13, 19, 14, 18], [15, 3, 16, 2], [17, 13, 18, 12], [19, 4, 20, 5], [21, 6, 22, 7], [23, 9, 24, 8], [1, 17, 2, 16], [3, 24, 4, 1], [5, 20, 6, 21], [7, 10, 8, 11]]"
12a_0141_109,"[[7, 10, 8, 11], [9, 23, 10, 22], [11, 15, 12, 14], [13, 19, 14, 18], [15, 3, 16, 2], [17, 13, 18, 12], [19, 4, 20, 5], [21, 6, 22, 7], [23, 9, 24, 8], [1, 17, 2, 16], [3, 24, 4, 1], [5, 20, 6, 21]]"
12a_0141_110,"[[5, 20, 6, 21], [7, 10, 8, 11], [9, 23, 10, 22], [11, 15, 12, 14], [13, 19, 14, 18], [15, 3, 16, 2], [17, 13, 18, 12], [19, 4, 20, 5], [21, 6, 22, 7], [23, 9, 24, 8], [1, 17, 2, 16], [3, 24, 4, 1]]"
12a_0141_111,"[[3, 24, 4, 1], [5, 20, 6, 21], [7, 10, 8, 11], [9, 23, 10, 22], [11, 15, 12, 14], [13, 19, 14, 18], [15, 3, 16, 2], [17, 13, 18, 12], [19, 4, 20, 5], [21, 6, 22, 7], [23, 9, 24, 8], [1, 17, 2, 16]]"
12a_0141_112,"[[1, 17, 2, 16], [3, 24, 4, 1], [5, 20, 6, 21], [7, 10, 8, 11], [9, 23, 10, 22], [11, 15, 12, 14], [13, 19, 14, 18], [15, 3, 16, 2], [17, 13, 18, 12], [19, 4, 20, 5], [21, 6, 22, 7], [23, 9, 24, 8]]"
12a_0141_113,"[[23, 9, 24, 8], [1, 17, 2, 16], [3, 24, 4, 1], [5, 20, 6, 21], [7, 10, 8, 11], [9, 23, 10, 22], [11, 15, 12, 14], [13, 19, 14, 18], [15, 3, 16, 2], [17, 13, 18, 12], [19, 4, 20, 5], [21, 6, 22, 7]]"
12a_0141_114,"[[21, 6, 22, 7], [23, 9, 24, 8], [1, 17, 2, 16], [3, 24, 4, 1], [5, 20, 6, 21], [7, 10, 8, 11], [9, 23, 10, 22], [11, 15, 12, 14], [13, 19, 14, 18], [15, 3, 16, 2], [17, 13, 18, 12], [19, 4, 20, 5]]"
12a_0141_115,"[[19, 4, 20, 5], [21, 6, 22, 7], [23, 9, 24, 8], [1, 17, 2, 16], [3, 24, 4, 1], [5, 20, 6, 21], [7, 10, 8, 11], [9, 23, 10, 22], [11, 15, 12, 14], [13, 19, 14, 18], [15, 3, 16, 2], [17, 13, 18, 12]]"
12a_0141_116,"[[17, 13, 18, 12], [19, 4, 20, 5], [21, 6, 22, 7], [23, 9, 24, 8], [1, 17, 2, 16], [3, 24, 4, 1], [5, 20, 6, 21], [7, 10, 8, 11], [9, 23, 10, 22], [11, 15, 12, 14], [13, 19, 14, 18], [15, 3, 16, 2]]"
12a_0141_117,"[[15, 3, 16, 2], [17, 13, 18, 12], [19, 4, 20, 5], [21, 6, 22, 7], [23, 9, 24, 8], [1, 17, 2, 16], [3, 24, 4, 1], [5, 20, 6, 21], [7, 10, 8, 11], [9, 23, 10, 22], [11, 15, 12, 14], [13, 19, 14, 18]]"
12a_0141_118,"[[13, 19, 14, 18], [15, 3, 16, 2], [17, 13, 18, 12], [19, 4, 20, 5], [21, 6, 22, 7], [23, 9, 24, 8], [1, 17, 2, 16], [3, 24, 4, 1], [5, 20, 6, 21], [7, 10, 8, 11], [9, 23, 10, 22], [11, 15, 12, 14]]"
12a_0141_119,"[[11, 15, 12, 14], [13, 19, 14, 18], [15, 3, 16, 2], [17, 13, 18, 12], [19, 4, 20, 5], [21, 6, 22, 7], [23, 9, 24, 8], [1, 17, 2, 16], [3, 24, 4, 1], [5, 20, 6, 21], [7, 10, 8, 11], [9, 23, 10, 22]]"
12a_0141_120,"[[10, 24, 11, 23], [12, 16, 13, 15], [14, 20, 15, 19], [16, 4, 17, 3], [18, 14, 19, 13], [20, 5, 21, 6], [22, 7, 23, 8], [24, 10, 1, 9], [2, 18, 3, 17], [4, 1, 5, 2], [6, 21, 7, 22], [8, 11, 9, 12]]"
12a_0141_121,"[[8, 11, 9, 12], [10, 24, 11, 23], [12, 16, 13, 15], [14, 20, 15, 19], [16, 4, 17, 3], [18, 14, 19, 13], [20, 5, 21, 6], [22, 7, 23, 8], [24, 10, 1, 9], [2, 18, 3, 17], [4, 1, 5, 2], [6, 21, 7, 22]]"
12a_0141_122,"[[6, 21, 7, 22], [8, 11, 9, 12], [10, 24, 11, 23], [12, 16, 13, 15], [14, 20, 15, 19], [16, 4, 17, 3], [18, 14, 19, 13], [20, 5, 21, 6], [22, 7, 23, 8], [24, 10, 1, 9], [2, 18, 3, 17], [4, 1, 5, 2]]"
12a_0141_123,"[[4, 1, 5, 2], [6, 21, 7, 22], [8, 11, 9, 12], [10, 24, 11, 23], [12, 16, 13, 15], [14, 20, 15, 19], [16, 4, 17, 3], [18, 14, 19, 13], [20, 5, 21, 6], [22, 7, 23, 8], [24, 10, 1, 9], [2, 18, 3, 17]]"
12a_0141_124,"[[2, 18, 3, 17], [4, 1, 5, 2], [6, 21, 7, 22], [8, 11, 9, 12], [10, 24, 11, 23], [12, 16, 13, 15], [14, 20, 15, 19], [16, 4, 17, 3], [18, 14, 19, 13], [20, 5, 21, 6], [22, 7, 23, 8], [24, 10, 1, 9]]"
12a_0141_125,"[[24, 10, 1, 9], [2, 18, 3, 17], [4, 1, 5, 2], [6, 21, 7, 22], [8, 11, 9, 12], [10, 24, 11, 23], [12, 16, 13, 15], [14, 20, 15, 19], [16, 4, 17, 3], [18, 14, 19, 13], [20, 5, 21, 6], [22, 7, 23, 8]]"
12a_0141_126,"[[22, 7, 23, 8], [24, 10, 1, 9], [2, 18, 3, 17], [4, 1, 5, 2], [6, 21, 7, 22], [8, 11, 9, 12], [10, 24, 11, 23], [12, 16, 13, 15], [14, 20, 15, 19], [16, 4, 17, 3], [18, 14, 19, 13], [20, 5, 21, 6]]"
12a_0141_127,"[[20, 5, 21, 6], [22, 7, 23, 8], [24, 10, 1, 9], [2, 18, 3, 17], [4, 1, 5, 2], [6, 21, 7, 22], [8, 11, 9, 12], [10, 24, 11, 23], [12, 16, 13, 15], [14, 20, 15, 19], [16, 4, 17, 3], [18, 14, 19, 13]]"
12a_0141_128,"[[18, 14, 19, 13], [20, 5, 21, 6], [22, 7, 23, 8], [24, 10, 1, 9], [2, 18, 3, 17], [4, 1, 5, 2], [6, 21, 7, 22], [8, 11, 9, 12], [10, 24, 11, 23], [12, 16, 13, 15], [14, 20, 15, 19], [16, 4, 17, 3]]"
12a_0141_129,"[[16, 4, 17, 3], [18, 14, 19, 13], [20, 5, 21, 6], [22, 7, 23, 8], [24, 10, 1, 9], [2, 18, 3, 17], [4, 1, 5, 2], [6, 21, 7, 22], [8, 11, 9, 12], [10, 24, 11, 23], [12, 16, 13, 15], [14, 20, 15, 19]]"
12a_0141_130,"[[14, 20, 15, 19], [16, 4, 17, 3], [18, 14, 19, 13], [20, 5, 21, 6], [22, 7, 23, 8], [24, 10, 1, 9], [2, 18, 3, 17], [4, 1, 5, 2], [6, 21, 7, 22], [8, 11, 9, 12], [10, 24, 11, 23], [12, 16, 13, 15]]"
12a_0141_131,"[[12, 16, 13, 15], [14, 20, 15, 19], [16, 4, 17, 3], [18, 14, 19, 13], [20, 5, 21, 6], [22, 7, 23, 8], [24, 10, 1, 9], [2, 18, 3, 17], [4, 1, 5, 2], [6, 21, 7, 22], [8, 11, 9, 12], [10, 24, 11, 23]]"
12a_0141_132,"[[11, 1, 12, 24], [13, 17, 14, 16], [15, 21, 16, 20], [17, 5, 18, 4], [19, 15, 20, 14], [21, 6, 22, 7], [23, 8, 24, 9], [1, 11, 2, 10], [3, 19, 4, 18], [5, 2, 6, 3], [7, 22, 8, 23], [9, 12, 10, 13]]"
12a_0141_133,"[[9, 12, 10, 13], [11, 1, 12, 24], [13, 17, 14, 16], [15, 21, 16, 20], [17, 5, 18, 4], [19, 15, 20, 14], [21, 6, 22, 7], [23, 8, 24, 9], [1, 11, 2, 10], [3, 19, 4, 18], [5, 2, 6, 3], [7, 22, 8, 23]]"
12a_0141_134,"[[7, 22, 8, 23], [9, 12, 10, 13], [11, 1, 12, 24], [13, 17, 14, 16], [15, 21, 16, 20], [17, 5, 18, 4], [19, 15, 20, 14], [21, 6, 22, 7], [23, 8, 24, 9], [1, 11, 2, 10], [3, 19, 4, 18], [5, 2, 6, 3]]"
12a_0141_135,"[[5, 2, 6, 3], [7, 22, 8, 23], [9, 12, 10, 13], [11, 1, 12, 24], [13, 17, 14, 16], [15, 21, 16, 20], [17, 5, 18, 4], [19, 15, 20, 14], [21, 6, 22, 7], [23, 8, 24, 9], [1, 11, 2, 10], [3, 19, 4, 18]]"
12a_0141_136,"[[3, 19, 4, 18], [5, 2, 6, 3], [7, 22, 8, 23], [9, 12, 10, 13], [11, 1, 12, 24], [13, 17, 14, 16], [15, 21, 16, 20], [17, 5, 18, 4], [19, 15, 20, 14], [21, 6, 22, 7], [23, 8, 24, 9], [1, 11, 2, 10]]"
12a_0141_137,"[[1, 11, 2, 10], [3, 19, 4, 18], [5, 2, 6, 3], [7, 22, 8, 23], [9, 12, 10, 13], [11, 1, 12, 24], [13, 17, 14, 16], [15, 21, 16, 20], [17, 5, 18, 4], [19, 15, 20, 14], [21, 6, 22, 7], [23, 8, 24, 9]]"
12a_0141_138,"[[23, 8, 24, 9], [1, 11, 2, 10], [3, 19, 4, 18], [5, 2, 6, 3], [7, 22, 8, 23], [9, 12, 10, 13], [11, 1, 12, 24], [13, 17, 14, 16], [15, 21, 16, 20], [17, 5, 18, 4], [19, 15, 20, 14], [21, 6, 22, 7]]"
12a_0141_139,"[[21, 6, 22, 7], [23, 8, 24, 9], [1, 11, 2, 10], [3, 19, 4, 18], [5, 2, 6, 3], [7, 22, 8, 23], [9, 12, 10, 13], [11, 1, 12, 24], [13, 17, 14, 16], [15, 21, 16, 20], [17, 5, 18, 4], [19, 15, 20, 14]]"
12a_0141_140,"[[19, 15, 20, 14], [21, 6, 22, 7], [23, 8, 24, 9], [1, 11, 2, 10], [3, 19, 4, 18], [5, 2, 6, 3], [7, 22, 8, 23], [9, 12, 10, 13], [11, 1, 12, 24], [13, 17, 14, 16], [15, 21, 16, 20], [17, 5, 18, 4]]"
12a_0141_141,"[[17, 5, 18, 4], [19, 15, 20, 14], [21, 6, 22, 7], [23, 8, 24, 9], [1, 11, 2, 10], [3, 19, 4, 18], [5, 2, 6, 3], [7, 22, 8, 23], [9, 12, 10, 13], [11, 1, 12, 24], [13, 17, 14, 16], [15, 21, 16, 20]]"
12a_0141_142,"[[15, 21, 16, 20], [17, 5, 18, 4], [19, 15, 20, 14], [21, 6, 22, 7], [23, 8, 24, 9], [1, 11, 2, 10], [3, 19, 4, 18], [5, 2, 6, 3], [7, 22, 8, 23], [9, 12, 10, 13], [11, 1, 12, 24], [13, 17, 14, 16]]"
12a_0141_143,"[[13, 17, 14, 16], [15, 21, 16, 20], [17, 5, 18, 4], [19, 15, 20, 14], [21, 6, 22, 7], [23, 8, 24, 9], [1, 11, 2, 10], [3, 19, 4, 18], [5, 2, 6, 3], [7, 22, 8, 23], [9, 12, 10, 13], [11, 1, 12, 24]]"
12a_0141_144,"[[12, 2, 13, 1], [14, 18, 15, 17], [16, 22, 17, 21], [18, 6, 19, 5], [20, 16, 21, 15], [22, 7, 23, 8], [24, 9, 1, 10], [2, 12, 3, 11], [4, 20, 5, 19], [6, 3, 7, 4], [8, 23, 9, 24], [10, 13, 11, 14]]"
12a_0141_145,"[[10, 13, 11, 14], [12, 2, 13, 1], [14, 18, 15, 17], [16, 22, 17, 21], [18, 6, 19, 5], [20, 16, 21, 15], [22, 7, 23, 8], [24, 9, 1, 10], [2, 12, 3, 11], [4, 20, 5, 19], [6, 3, 7, 4], [8, 23, 9, 24]]"
12a_0141_146,"[[8, 23, 9, 24], [10, 13, 11, 14], [12, 2, 13, 1], [14, 18, 15, 17], [16, 22, 17, 21], [18, 6, 19, 5], [20, 16, 21, 15], [22, 7, 23, 8], [24, 9, 1, 10], [2, 12, 3, 11], [4, 20, 5, 19], [6, 3, 7, 4]]"
12a_0141_147,"[[6, 3, 7, 4], [8, 23, 9, 24], [10, 13, 11, 14], [12, 2, 13, 1], [14, 18, 15, 17], [16, 22, 17, 21], [18, 6, 19, 5], [20, 16, 21, 15], [22, 7, 23, 8], [24, 9, 1, 10], [2, 12, 3, 11], [4, 20, 5, 19]]"
12a_0141_148,"[[4, 20, 5, 19], [6, 3, 7, 4], [8, 23, 9, 24], [10, 13, 11, 14], [12, 2, 13, 1], [14, 18, 15, 17], [16, 22, 17, 21], [18, 6, 19, 5], [20, 16, 21, 15], [22, 7, 23, 8], [24, 9, 1, 10], [2, 12, 3, 11]]"
12a_0141_149,"[[2, 12, 3, 11], [4, 20, 5, 19], [6, 3, 7, 4], [8, 23, 9, 24], [10, 13, 11, 14], [12, 2, 13, 1], [14, 18, 15, 17], [16, 22, 17, 21], [18, 6, 19, 5], [20, 16, 21, 15], [22, 7, 23, 8], [24, 9, 1, 10]]"
12a_0141_150,"[[24, 9, 1, 10], [2, 12, 3, 11], [4, 20, 5, 19], [6, 3, 7, 4], [8, 23, 9, 24], [10, 13, 11, 14], [12, 2, 13, 1], [14, 18, 15, 17], [16, 22, 17, 21], [18, 6, 19, 5], [20, 16, 21, 15], [22, 7, 23, 8]]"
12a_0141_151,"[[22, 7, 23, 8], [24, 9, 1, 10], [2, 12, 3, 11], [4, 20, 5, 19], [6, 3, 7, 4], [8, 23, 9, 24], [10, 13, 11, 14], [12, 2, 13, 1], [14, 18, 15, 17], [16, 22, 17, 21], [18, 6, 19, 5], [20, 16, 21, 15]]"
12a_0141_152,"[[20, 16, 21, 15], [22, 7, 23, 8], [24, 9, 1, 10], [2, 12, 3, 11], [4, 20, 5, 19], [6, 3, 7, 4], [8, 23, 9, 24], [10, 13, 11, 14], [12, 2, 13, 1], [14, 18, 15, 17], [16, 22, 17, 21], [18, 6, 19, 5]]"
12a_0141_153,"[[18, 6, 19, 5], [20, 16, 21, 15], [22, 7, 23, 8], [24, 9, 1, 10], [2, 12, 3, 11], [4, 20, 5, 19], [6, 3, 7, 4], [8, 23, 9, 24], [10, 13, 11, 14], [12, 2, 13, 1], [14, 18, 15, 17], [16, 22, 17, 21]]"
12a_0141_154,"[[16, 22, 17, 21], [18, 6, 19, 5], [20, 16, 21, 15], [22, 7, 23, 8], [24, 9, 1, 10], [2, 12, 3, 11], [4, 20, 5, 19], [6, 3, 7, 4], [8, 23, 9, 24], [10, 13, 11, 14], [12, 2, 13, 1], [14, 18, 15, 17]]"
12a_0141_155,"[[14, 18, 15, 17], [16, 22, 17, 21], [18, 6, 19, 5], [20, 16, 21, 15], [22, 7, 23, 8], [24, 9, 1, 10], [2, 12, 3, 11], [4, 20, 5, 19], [6, 3, 7, 4], [8, 23, 9, 24], [10, 13, 11, 14], [12, 2, 13, 1]]"
12a_0141_156,"[[13, 3, 14, 2], [15, 19, 16, 18], [17, 23, 18, 22], [19, 7, 20, 6], [21, 17, 22, 16], [23, 8, 24, 9], [1, 10, 2, 11], [3, 13, 4, 12], [5, 21, 6, 20], [7, 4, 8, 5], [9, 24, 10, 1], [11, 14, 12, 15]]"
12a_0141_157,"[[11, 14, 12, 15], [13, 3, 14, 2], [15, 19, 16, 18], [17, 23, 18, 22], [19, 7, 20, 6], [21, 17, 22, 16], [23, 8, 24, 9], [1, 10, 2, 11], [3, 13, 4, 12], [5, 21, 6, 20], [7, 4, 8, 5], [9, 24, 10, 1]]"
12a_0141_158,"[[9, 24, 10, 1], [11, 14, 12, 15], [13, 3, 14, 2], [15, 19, 16, 18], [17, 23, 18, 22], [19, 7, 20, 6], [21, 17, 22, 16], [23, 8, 24, 9], [1, 10, 2, 11], [3, 13, 4, 12], [5, 21, 6, 20], [7, 4, 8, 5]]"
12a_0141_159,"[[7, 4, 8, 5], [9, 24, 10, 1], [11, 14, 12, 15], [13, 3, 14, 2], [15, 19, 16, 18], [17, 23, 18, 22], [19, 7, 20, 6], [21, 17, 22, 16], [23, 8, 24, 9], [1, 10, 2, 11], [3, 13, 4, 12], [5, 21, 6, 20]]"
12a_0141_160,"[[5, 21, 6, 20], [7, 4, 8, 5], [9, 24, 10, 1], [11, 14, 12, 15], [13, 3, 14, 2], [15, 19, 16, 18], [17, 23, 18, 22], [19, 7, 20, 6], [21, 17, 22, 16], [23, 8, 24, 9], [1, 10, 2, 11], [3, 13, 4, 12]]"
12a_0141_161,"[[3, 13, 4, 12], [5, 21, 6, 20], [7, 4, 8, 5], [9, 24, 10, 1], [11, 14, 12, 15], [13, 3, 14, 2], [15, 19, 16, 18], [17, 23, 18, 22], [19, 7, 20, 6], [21, 17, 22, 16], [23, 8, 24, 9], [1, 10, 2, 11]]"
12a_0141_162,"[[1, 10, 2, 11], [3, 13, 4, 12], [5, 21, 6, 20], [7, 4, 8, 5], [9, 24, 10, 1], [11, 14, 12, 15], [13, 3, 14, 2], [15, 19, 16, 18], [17, 23, 18, 22], [19, 7, 20, 6], [21, 17, 22, 16], [23, 8, 24, 9]]"
12a_0141_163,"[[23, 8, 24, 9], [1, 10, 2, 11], [3, 13, 4, 12], [5, 21, 6, 20], [7, 4, 8, 5], [9, 24, 10, 1], [11, 14, 12, 15], [13, 3, 14, 2], [15, 19, 16, 18], [17, 23, 18, 22], [19, 7, 20, 6], [21, 17, 22, 16]]"
12a_0141_164,"[[21, 17, 22, 16], [23, 8, 24, 9], [1, 10, 2, 11], [3, 13, 4, 12], [5, 21, 6, 20], [7, 4, 8, 5], [9, 24, 10, 1], [11, 14, 12, 15], [13, 3, 14, 2], [15, 19, 16, 18], [17, 23, 18, 22], [19, 7, 20, 6]]"
12a_0141_165,"[[19, 7, 20, 6], [21, 17, 22, 16], [23, 8, 24, 9], [1, 10, 2, 11], [3, 13, 4, 12], [5, 21, 6, 20], [7, 4, 8, 5], [9, 24, 10, 1], [11, 14, 12, 15], [13, 3, 14, 2], [15, 19, 16, 18], [17, 23, 18, 22]]"
12a_0141_166,"[[17, 23, 18, 22], [19, 7, 20, 6], [21, 17, 22, 16], [23, 8, 24, 9], [1, 10, 2, 11], [3, 13, 4, 12], [5, 21, 6, 20], [7, 4, 8, 5], [9, 24, 10, 1], [11, 14, 12, 15], [13, 3, 14, 2], [15, 19, 16, 18]]"
12a_0141_167,"[[15, 19, 16, 18], [17, 23, 18, 22], [19, 7, 20, 6], [21, 17, 22, 16], [23, 8, 24, 9], [1, 10, 2, 11], [3, 13, 4, 12], [5, 21, 6, 20], [7, 4, 8, 5], [9, 24, 10, 1], [11, 14, 12, 15], [13, 3, 14, 2]]"
12a_0141_168,"[[14, 4, 15, 3], [16, 20, 17, 19], [18, 24, 19, 23], [20, 8, 21, 7], [22, 18, 23, 17], [24, 9, 1, 10], [2, 11, 3, 12], [4, 14, 5, 13], [6, 22, 7, 21], [8, 5, 9, 6], [10, 1, 11, 2], [12, 15, 13, 16]]"
12a_0141_169,"[[12, 15, 13, 16], [14, 4, 15, 3], [16, 20, 17, 19], [18, 24, 19, 23], [20, 8, 21, 7], [22, 18, 23, 17], [24, 9, 1, 10], [2, 11, 3, 12], [4, 14, 5, 13], [6, 22, 7, 21], [8, 5, 9, 6], [10, 1, 11, 2]]"
12a_0141_170,"[[10, 1, 11, 2], [12, 15, 13, 16], [14, 4, 15, 3], [16, 20, 17, 19], [18, 24, 19, 23], [20, 8, 21, 7], [22, 18, 23, 17], [24, 9, 1, 10], [2, 11, 3, 12], [4, 14, 5, 13], [6, 22, 7, 21], [8, 5, 9, 6]]"
12a_0141_171,"[[8, 5, 9, 6], [10, 1, 11, 2], [12, 15, 13, 16], [14, 4, 15, 3], [16, 20, 17, 19], [18, 24, 19, 23], [20, 8, 21, 7], [22, 18, 23, 17], [24, 9, 1, 10], [2, 11, 3, 12], [4, 14, 5, 13], [6, 22, 7, 21]]"
12a_0141_172,"[[6, 22, 7, 21], [8, 5, 9, 6], [10, 1, 11, 2], [12, 15, 13, 16], [14, 4, 15, 3], [16, 20, 17, 19], [18, 24, 19, 23], [20, 8, 21, 7], [22, 18, 23, 17], [24, 9, 1, 10], [2, 11, 3, 12], [4, 14, 5, 13]]"
12a_0141_173,"[[4, 14, 5, 13], [6, 22, 7, 21], [8, 5, 9, 6], [10, 1, 11, 2], [12, 15, 13, 16], [14, 4, 15, 3], [16, 20, 17, 19], [18, 24, 19, 23], [20, 8, 21, 7], [22, 18, 23, 17], [24, 9, 1, 10], [2, 11, 3, 12]]"
12a_0141_174,"[[2, 11, 3, 12], [4, 14, 5, 13], [6, 22, 7, 21], [8, 5, 9, 6], [10, 1, 11, 2], [12, 15, 13, 16], [14, 4, 15, 3], [16, 20, 17, 19], [18, 24, 19, 23], [20, 8, 21, 7], [22, 18, 23, 17], [24, 9, 1, 10]]"
12a_0141_175,"[[24, 9, 1, 10], [2, 11, 3, 12], [4, 14, 5, 13], [6, 22, 7, 21], [8, 5, 9, 6], [10, 1, 11, 2], [12, 15, 13, 16], [14, 4, 15, 3], [16, 20, 17, 19], [18, 24, 19, 23], [20, 8, 21, 7], [22, 18, 23, 17]]"
12a_0141_176,"[[22, 18, 23, 17], [24, 9, 1, 10], [2, 11, 3, 12], [4, 14, 5, 13], [6, 22, 7, 21], [8, 5, 9, 6], [10, 1, 11, 2], [12, 15, 13, 16], [14, 4, 15, 3], [16, 20, 17, 19], [18, 24, 19, 23], [20, 8, 21, 7]]"
12a_0141_177,"[[20, 8, 21, 7], [22, 18, 23, 17], [24, 9, 1, 10], [2, 11, 3, 12], [4, 14, 5, 13], [6, 22, 7, 21], [8, 5, 9, 6], [10, 1, 11, 2], [12, 15, 13, 16], [14, 4, 15, 3], [16, 20, 17, 19], [18, 24, 19, 23]]"
12a_0141_178,"[[18, 24, 19, 23], [20, 8, 21, 7], [22, 18, 23, 17], [24, 9, 1, 10], [2, 11, 3, 12], [4, 14, 5, 13], [6, 22, 7, 21], [8, 5, 9, 6], [10, 1, 11, 2], [12, 15, 13, 16], [14, 4, 15, 3], [16, 20, 17, 19]]"
12a_0141_179,"[[16, 20, 17, 19], [18, 24, 19, 23], [20, 8, 21, 7], [22, 18, 23, 17], [24, 9, 1, 10], [2, 11, 3, 12], [4, 14, 5, 13], [6, 22, 7, 21], [8, 5, 9, 6], [10, 1, 11, 2], [12, 15, 13, 16], [14, 4, 15, 3]]"
12a_0141_180,"[[15, 5, 16, 4], [17, 21, 18, 20], [19, 1, 20, 24], [21, 9, 22, 8], [23, 19, 24, 18], [1, 10, 2, 11], [3, 12, 4, 13], [5, 15, 6, 14], [7, 23, 8, 22], [9, 6, 10, 7], [11, 2, 12, 3], [13, 16, 14, 17]]"
12a_0141_181,"[[13, 16, 14, 17], [15, 5, 16, 4], [17, 21, 18, 20], [19, 1, 20, 24], [21, 9, 22, 8], [23, 19, 24, 18], [1, 10, 2, 11], [3, 12, 4, 13], [5, 15, 6, 14], [7, 23, 8, 22], [9, 6, 10, 7], [11, 2, 12, 3]]"
12a_0141_182,"[[11, 2, 12, 3], [13, 16, 14, 17], [15, 5, 16, 4], [17, 21, 18, 20], [19, 1, 20, 24], [21, 9, 22, 8], [23, 19, 24, 18], [1, 10, 2, 11], [3, 12, 4, 13], [5, 15, 6, 14], [7, 23, 8, 22], [9, 6, 10, 7]]"
12a_0141_183,"[[9, 6, 10, 7], [11, 2, 12, 3], [13, 16, 14, 17], [15, 5, 16, 4], [17, 21, 18, 20], [19, 1, 20, 24], [21, 9, 22, 8], [23, 19, 24, 18], [1, 10, 2, 11], [3, 12, 4, 13], [5, 15, 6, 14], [7, 23, 8, 22]]"
12a_0141_184,"[[7, 23, 8, 22], [9, 6, 10, 7], [11, 2, 12, 3], [13, 16, 14, 17], [15, 5, 16, 4], [17, 21, 18, 20], [19, 1, 20, 24], [21, 9, 22, 8], [23, 19, 24, 18], [1, 10, 2, 11], [3, 12, 4, 13], [5, 15, 6, 14]]"
12a_0141_185,"[[5, 15, 6, 14], [7, 23, 8, 22], [9, 6, 10, 7], [11, 2, 12, 3], [13, 16, 14, 17], [15, 5, 16, 4], [17, 21, 18, 20], [19, 1, 20, 24], [21, 9, 22, 8], [23, 19, 24, 18], [1, 10, 2, 11], [3, 12, 4, 13]]"
