name,pd_notation
12a_0315_0,"[[24, 20, 1, 19], [2, 6, 3, 5], [4, 12, 5, 11], [6, 16, 7, 15], [8, 21, 9, 22], [10, 4, 11, 3], [12, 18, 13, 17], [14, 10, 15, 9], [16, 2, 17, 1], [18, 14, 19, 13], [20, 24, 21, 23], [22, 7, 23, 8]]"
12a_0315_1,"[[22, 7, 23, 8], [24, 20, 1, 19], [2, 6, 3, 5], [4, 12, 5, 11], [6, 16, 7, 15], [8, 21, 9, 22], [10, 4, 11, 3], [12, 18, 13, 17], [14, 10, 15, 9], [16, 2, 17, 1], [18, 14, 19, 13], [20, 24, 21, 23]]"
12a_0315_2,"[[20, 24, 21, 23], [22, 7, 23, 8], [24, 20, 1, 19], [2, 6, 3, 5], [4, 12, 5, 11], [6, 16, 7, 15], [8, 21, 9, 22], [10, 4, 11, 3], [12, 18, 13, 17], [14, 10, 15, 9], [16, 2, 17, 1], [18, 14, 19, 13]]"
12a_0315_3,"[[18, 14, 19, 13], [20, 24, 21, 23], [22, 7, 23, 8], [24, 20, 1, 19], [2, 6, 3, 5], [4, 12, 5, 11], [6, 16, 7, 15], [8, 21, 9, 22], [10, 4, 11, 3], [12, 18, 13, 17], [14, 10, 15, 9], [16, 2, 17, 1]]"
12a_0315_4,"[[16, 2, 17, 1], [18, 14, 19, 13], [20, 24, 21, 23], [22, 7, 23, 8], [24, 20, 1, 19], [2, 6, 3, 5], [4, 12, 5, 11], [6, 16, 7, 15], [8, 21, 9, 22], [10, 4, 11, 3], [12, 18, 13, 17], [14, 10, 15, 9]]"
12a_0315_5,"[[14, 10, 15, 9], [16, 2, 17, 1], [18, 14, 19, 13], [20, 24, 21, 23], [22, 7, 23, 8], [24, 20, 1, 19], [2, 6, 3, 5], [4, 12, 5, 11], [6, 16, 7, 15], [8, 21, 9, 22], [10, 4, 11, 3], [12, 18, 13, 17]]"
12a_0315_6,"[[12, 18, 13, 17], [14, 10, 15, 9], [16, 2, 17, 1], [18, 14, 19, 13], [20, 24, 21, 23], [22, 7, 23, 8], [24, 20, 1, 19], [2, 6, 3, 5], [4, 12, 5, 11], [6, 16, 7, 15], [8, 21, 9, 22], [10, 4, 11, 3]]"
12a_0315_7,"[[10, 4, 11, 3], [12, 18, 13, 17], [14, 10, 15, 9], [16, 2, 17, 1], [18, 14, 19, 13], [20, 24, 21, 23], [22, 7, 23, 8], [24, 20, 1, 19], [2, 6, 3, 5], [4, 12, 5, 11], [6, 16, 7, 15], [8, 21, 9, 22]]"
12a_0315_8,"[[8, 21, 9, 22], [10, 4, 11, 3], [12, 18, 13, 17], [14, 10, 15, 9], [16, 2, 17, 1], [18, 14, 19, 13], [20, 24, 21, 23], [22, 7, 23, 8], [24, 20, 1, 19], [2, 6, 3, 5], [4, 12, 5, 11], [6, 16, 7, 15]]"
12a_0315_9,"[[6, 16, 7, 15], [8, 21, 9, 22], [10, 4, 11, 3], [12, 18, 13, 17], [14, 10, 15, 9], [16, 2, 17, 1], [18, 14, 19, 13], [20, 24, 21, 23], [22, 7, 23, 8], [24, 20, 1, 19], [2, 6, 3, 5], [4, 12, 5, 11]]"
12a_0315_10,"[[4, 12, 5, 11], [6, 16, 7, 15], [8, 21, 9, 22], [10, 4, 11, 3], [12, 18, 13, 17], [14, 10, 15, 9], [16, 2, 17, 1], [18, 14, 19, 13], [20, 24, 21, 23], [22, 7, 23, 8], [24, 20, 1, 19], [2, 6, 3, 5]]"
12a_0315_11,"[[2, 6, 3, 5], [4, 12, 5, 11], [6, 16, 7, 15], [8, 21, 9, 22], [10, 4, 11, 3], [12, 18, 13, 17], [14, 10, 15, 9], [16, 2, 17, 1], [18, 14, 19, 13], [20, 24, 21, 23], [22, 7, 23, 8], [24, 20, 1, 19]]"
12a_0315_12,"[[1, 21, 2, 20], [3, 7, 4, 6], [5, 13, 6, 12], [7, 17, 8, 16], [9, 22, 10, 23], [11, 5, 12, 4], [13, 19, 14, 18], [15, 11, 16, 10], [17, 3, 18, 2], [19, 15, 20, 14], [21, 1, 22, 24], [23, 8, 24, 9]]"
12a_0315_13,"[[23, 8, 24, 9], [1, 21, 2, 20], [3, 7, 4, 6], [5, 13, 6, 12], [7, 17, 8, 16], [9, 22, 10, 23], [11, 5, 12, 4], [13, 19, 14, 18], [15, 11, 16, 10], [17, 3, 18, 2], [19, 15, 20, 14], [21, 1, 22, 24]]"
12a_0315_14,"[[21, 1, 22, 24], [23, 8, 24, 9], [1, 21, 2, 20], [3, 7, 4, 6], [5, 13, 6, 12], [7, 17, 8, 16], [9, 22, 10, 23], [11, 5, 12, 4], [13, 19, 14, 18], [15, 11, 16, 10], [17, 3, 18, 2], [19, 15, 20, 14]]"
12a_0315_15,"[[19, 15, 20, 14], [21, 1, 22, 24], [23, 8, 24, 9], [1, 21, 2, 20], [3, 7, 4, 6], [5, 13, 6, 12], [7, 17, 8, 16], [9, 22, 10, 23], [11, 5, 12, 4], [13, 19, 14, 18], [15, 11, 16, 10], [17, 3, 18, 2]]"
12a_0315_16,"[[17, 3, 18, 2], [19, 15, 20, 14], [21, 1, 22, 24], [23, 8, 24, 9], [1, 21, 2, 20], [3, 7, 4, 6], [5, 13, 6, 12], [7, 17, 8, 16], [9, 22, 10, 23], [11, 5, 12, 4], [13, 19, 14, 18], [15, 11, 16, 10]]"
12a_0315_17,"[[15, 11, 16, 10], [17, 3, 18, 2], [19, 15, 20, 14], [21, 1, 22, 24], [23, 8, 24, 9], [1, 21, 2, 20], [3, 7, 4, 6], [5, 13, 6, 12], [7, 17, 8, 16], [9, 22, 10, 23], [11, 5, 12, 4], [13, 19, 14, 18]]"
12a_0315_18,"[[13, 19, 14, 18], [15, 11, 16, 10], [17, 3, 18, 2], [19, 15, 20, 14], [21, 1, 22, 24], [23, 8, 24, 9], [1, 21, 2, 20], [3, 7, 4, 6], [5, 13, 6, 12], [7, 17, 8, 16], [9, 22, 10, 23], [11, 5, 12, 4]]"
12a_0315_19,"[[11, 5, 12, 4], [13, 19, 14, 18], [15, 11, 16, 10], [17, 3, 18, 2], [19, 15, 20, 14], [21, 1, 22, 24], [23, 8, 24, 9], [1, 21, 2, 20], [3, 7, 4, 6], [5, 13, 6, 12], [7, 17, 8, 16], [9, 22, 10, 23]]"
12a_0315_20,"[[9, 22, 10, 23], [11, 5, 12, 4], [13, 19, 14, 18], [15, 11, 16, 10], [17, 3, 18, 2], [19, 15, 20, 14], [21, 1, 22, 24], [23, 8, 24, 9], [1, 21, 2, 20], [3, 7, 4, 6], [5, 13, 6, 12], [7, 17, 8, 16]]"
12a_0315_21,"[[7, 17, 8, 16], [9, 22, 10, 23], [11, 5, 12, 4], [13, 19, 14, 18], [15, 11, 16, 10], [17, 3, 18, 2], [19, 15, 20, 14], [21, 1, 22, 24], [23, 8, 24, 9], [1, 21, 2, 20], [3, 7, 4, 6], [5, 13, 6, 12]]"
12a_0315_22,"[[5, 13, 6, 12], [7, 17, 8, 16], [9, 22, 10, 23], [11, 5, 12, 4], [13, 19, 14, 18], [15, 11, 16, 10], [17, 3, 18, 2], [19, 15, 20, 14], [21, 1, 22, 24], [23, 8, 24, 9], [1, 21, 2, 20], [3, 7, 4, 6]]"
12a_0315_23,"[[3, 7, 4, 6], [5, 13, 6, 12], [7, 17, 8, 16], [9, 22, 10, 23], [11, 5, 12, 4], [13, 19, 14, 18], [15, 11, 16, 10], [17, 3, 18, 2], [19, 15, 20, 14], [21, 1, 22, 24], [23, 8, 24, 9], [1, 21, 2, 20]]"
12a_0315_24,"[[2, 22, 3, 21], [4, 8, 5, 7], [6, 14, 7, 13], [8, 18, 9, 17], [10, 23, 11, 24], [12, 6, 13, 5], [14, 20, 15, 19], [16, 12, 17, 11], [18, 4, 19, 3], [20, 16, 21, 15], [22, 2, 23, 1], [24, 9, 1, 10]]"
12a_0315_25,"[[24, 9, 1, 10], [2, 22, 3, 21], [4, 8, 5, 7], [6, 14, 7, 13], [8, 18, 9, 17], [10, 23, 11, 24], [12, 6, 13, 5], [14, 20, 15, 19], [16, 12, 17, 11], [18, 4, 19, 3], [20, 16, 21, 15], [22, 2, 23, 1]]"
12a_0315_26,"[[22, 2, 23, 1], [24, 9, 1, 10], [2, 22, 3, 21], [4, 8, 5, 7], [6, 14, 7, 13], [8, 18, 9, 17], [10, 23, 11, 24], [12, 6, 13, 5], [14, 20, 15, 19], [16, 12, 17, 11], [18, 4, 19, 3], [20, 16, 21, 15]]"
12a_0315_27,"[[20, 16, 21, 15], [22, 2, 23, 1], [24, 9, 1, 10], [2, 22, 3, 21], [4, 8, 5, 7], [6, 14, 7, 13], [8, 18, 9, 17], [10, 23, 11, 24], [12, 6, 13, 5], [14, 20, 15, 19], [16, 12, 17, 11], [18, 4, 19, 3]]"
12a_0315_28,"[[18, 4, 19, 3], [20, 16, 21, 15], [22, 2, 23, 1], [24, 9, 1, 10], [2, 22, 3, 21], [4, 8, 5, 7], [6, 14, 7, 13], [8, 18, 9, 17], [10, 23, 11, 24], [12, 6, 13, 5], [14, 20, 15, 19], [16, 12, 17, 11]]"
12a_0315_29,"[[16, 12, 17, 11], [18, 4, 19, 3], [20, 16, 21, 15], [22, 2, 23, 1], [24, 9, 1, 10], [2, 22, 3, 21], [4, 8, 5, 7], [6, 14, 7, 13], [8, 18, 9, 17], [10, 23, 11, 24], [12, 6, 13, 5], [14, 20, 15, 19]]"
12a_0315_30,"[[14, 20, 15, 19], [16, 12, 17, 11], [18, 4, 19, 3], [20, 16, 21, 15], [22, 2, 23, 1], [24, 9, 1, 10], [2, 22, 3, 21], [4, 8, 5, 7], [6, 14, 7, 13], [8, 18, 9, 17], [10, 23, 11, 24], [12, 6, 13, 5]]"
12a_0315_31,"[[12, 6, 13, 5], [14, 20, 15, 19], [16, 12, 17, 11], [18, 4, 19, 3], [20, 16, 21, 15], [22, 2, 23, 1], [24, 9, 1, 10], [2, 22, 3, 21], [4, 8, 5, 7], [6, 14, 7, 13], [8, 18, 9, 17], [10, 23, 11, 24]]"
12a_0315_32,"[[10, 23, 11, 24], [12, 6, 13, 5], [14, 20, 15, 19], [16, 12, 17, 11], [18, 4, 19, 3], [20, 16, 21, 15], [22, 2, 23, 1], [24, 9, 1, 10], [2, 22, 3, 21], [4, 8, 5, 7], [6, 14, 7, 13], [8, 18, 9, 17]]"
12a_0315_33,"[[8, 18, 9, 17], [10, 23, 11, 24], [12, 6, 13, 5], [14, 20, 15, 19], [16, 12, 17, 11], [18, 4, 19, 3], [20, 16, 21, 15], [22, 2, 23, 1], [24, 9, 1, 10], [2, 22, 3, 21], [4, 8, 5, 7], [6, 14, 7, 13]]"
12a_0315_34,"[[6, 14, 7, 13], [8, 18, 9, 17], [10, 23, 11, 24], [12, 6, 13, 5], [14, 20, 15, 19], [16, 12, 17, 11], [18, 4, 19, 3], [20, 16, 21, 15], [22, 2, 23, 1], [24, 9, 1, 10], [2, 22, 3, 21], [4, 8, 5, 7]]"
12a_0315_35,"[[4, 8, 5, 7], [6, 14, 7, 13], [8, 18, 9, 17], [10, 23, 11, 24], [12, 6, 13, 5], [14, 20, 15, 19], [16, 12, 17, 11], [18, 4, 19, 3], [20, 16, 21, 15], [22, 2, 23, 1], [24, 9, 1, 10], [2, 22, 3, 21]]"
12a_0315_36,"[[3, 23, 4, 22], [5, 9, 6, 8], [7, 15, 8, 14], [9, 19, 10, 18], [11, 24, 12, 1], [13, 7, 14, 6], [15, 21, 16, 20], [17, 13, 18, 12], [19, 5, 20, 4], [21, 17, 22, 16], [23, 3, 24, 2], [1, 10, 2, 11]]"
12a_0315_37,"[[1, 10, 2, 11], [3, 23, 4, 22], [5, 9, 6, 8], [7, 15, 8, 14], [9, 19, 10, 18], [11, 24, 12, 1], [13, 7, 14, 6], [15, 21, 16, 20], [17, 13, 18, 12], [19, 5, 20, 4], [21, 17, 22, 16], [23, 3, 24, 2]]"
12a_0315_38,"[[23, 3, 24, 2], [1, 10, 2, 11], [3, 23, 4, 22], [5, 9, 6, 8], [7, 15, 8, 14], [9, 19, 10, 18], [11, 24, 12, 1], [13, 7, 14, 6], [15, 21, 16, 20], [17, 13, 18, 12], [19, 5, 20, 4], [21, 17, 22, 16]]"
12a_0315_39,"[[21, 17, 22, 16], [23, 3, 24, 2], [1, 10, 2, 11], [3, 23, 4, 22], [5, 9, 6, 8], [7, 15, 8, 14], [9, 19, 10, 18], [11, 24, 12, 1], [13, 7, 14, 6], [15, 21, 16, 20], [17, 13, 18, 12], [19, 5, 20, 4]]"
12a_0315_40,"[[19, 5, 20, 4], [21, 17, 22, 16], [23, 3, 24, 2], [1, 10, 2, 11], [3, 23, 4, 22], [5, 9, 6, 8], [7, 15, 8, 14], [9, 19, 10, 18], [11, 24, 12, 1], [13, 7, 14, 6], [15, 21, 16, 20], [17, 13, 18, 12]]"
12a_0315_41,"[[17, 13, 18, 12], [19, 5, 20, 4], [21, 17, 22, 16], [23, 3, 24, 2], [1, 10, 2, 11], [3, 23, 4, 22], [5, 9, 6, 8], [7, 15, 8, 14], [9, 19, 10, 18], [11, 24, 12, 1], [13, 7, 14, 6], [15, 21, 16, 20]]"
12a_0315_42,"[[15, 21, 16, 20], [17, 13, 18, 12], [19, 5, 20, 4], [21, 17, 22, 16], [23, 3, 24, 2], [1, 10, 2, 11], [3, 23, 4, 22], [5, 9, 6, 8], [7, 15, 8, 14], [9, 19, 10, 18], [11, 24, 12, 1], [13, 7, 14, 6]]"
12a_0315_43,"[[13, 7, 14, 6], [15, 21, 16, 20], [17, 13, 18, 12], [19, 5, 20, 4], [21, 17, 22, 16], [23, 3, 24, 2], [1, 10, 2, 11], [3, 23, 4, 22], [5, 9, 6, 8], [7, 15, 8, 14], [9, 19, 10, 18], [11, 24, 12, 1]]"
12a_0315_44,"[[11, 24, 12, 1], [13, 7, 14, 6], [15, 21, 16, 20], [17, 13, 18, 12], [19, 5, 20, 4], [21, 17, 22, 16], [23, 3, 24, 2], [1, 10, 2, 11], [3, 23, 4, 22], [5, 9, 6, 8], [7, 15, 8, 14], [9, 19, 10, 18]]"
12a_0315_45,"[[9, 19, 10, 18], [11, 24, 12, 1], [13, 7, 14, 6], [15, 21, 16, 20], [17, 13, 18, 12], [19, 5, 20, 4], [21, 17, 22, 16], [23, 3, 24, 2], [1, 10, 2, 11], [3, 23, 4, 22], [5, 9, 6, 8], [7, 15, 8, 14]]"
12a_0315_46,"[[7, 15, 8, 14], [9, 19, 10, 18], [11, 24, 12, 1], [13, 7, 14, 6], [15, 21, 16, 20], [17, 13, 18, 12], [19, 5, 20, 4], [21, 17, 22, 16], [23, 3, 24, 2], [1, 10, 2, 11], [3, 23, 4, 22], [5, 9, 6, 8]]"
12a_0315_47,"[[5, 9, 6, 8], [7, 15, 8, 14], [9, 19, 10, 18], [11, 24, 12, 1], [13, 7, 14, 6], [15, 21, 16, 20], [17, 13, 18, 12], [19, 5, 20, 4], [21, 17, 22, 16], [23, 3, 24, 2], [1, 10, 2, 11], [3, 23, 4, 22]]"
12a_0315_48,"[[4, 24, 5, 23], [6, 10, 7, 9], [8, 16, 9, 15], [10, 20, 11, 19], [12, 1, 13, 2], [14, 8, 15, 7], [16, 22, 17, 21], [18, 14, 19, 13], [20, 6, 21, 5], [22, 18, 23, 17], [24, 4, 1, 3], [2, 11, 3, 12]]"
12a_0315_49,"[[2, 11, 3, 12], [4, 24, 5, 23], [6, 10, 7, 9], [8, 16, 9, 15], [10, 20, 11, 19], [12, 1, 13, 2], [14, 8, 15, 7], [16, 22, 17, 21], [18, 14, 19, 13], [20, 6, 21, 5], [22, 18, 23, 17], [24, 4, 1, 3]]"
12a_0315_50,"[[24, 4, 1, 3], [2, 11, 3, 12], [4, 24, 5, 23], [6, 10, 7, 9], [8, 16, 9, 15], [10, 20, 11, 19], [12, 1, 13, 2], [14, 8, 15, 7], [16, 22, 17, 21], [18, 14, 19, 13], [20, 6, 21, 5], [22, 18, 23, 17]]"
12a_0315_51,"[[22, 18, 23, 17], [24, 4, 1, 3], [2, 11, 3, 12], [4, 24, 5, 23], [6, 10, 7, 9], [8, 16, 9, 15], [10, 20, 11, 19], [12, 1, 13, 2], [14, 8, 15, 7], [16, 22, 17, 21], [18, 14, 19, 13], [20, 6, 21, 5]]"
12a_0315_52,"[[20, 6, 21, 5], [22, 18, 23, 17], [24, 4, 1, 3], [2, 11, 3, 12], [4, 24, 5, 23], [6, 10, 7, 9], [8, 16, 9, 15], [10, 20, 11, 19], [12, 1, 13, 2], [14, 8, 15, 7], [16, 22, 17, 21], [18, 14, 19, 13]]"
12a_0315_53,"[[18, 14, 19, 13], [20, 6, 21, 5], [22, 18, 23, 17], [24, 4, 1, 3], [2, 11, 3, 12], [4, 24, 5, 23], [6, 10, 7, 9], [8, 16, 9, 15], [10, 20, 11, 19], [12, 1, 13, 2], [14, 8, 15, 7], [16, 22, 17, 21]]"
12a_0315_54,"[[16, 22, 17, 21], [18, 14, 19, 13], [20, 6, 21, 5], [22, 18, 23, 17], [24, 4, 1, 3], [2, 11, 3, 12], [4, 24, 5, 23], [6, 10, 7, 9], [8, 16, 9, 15], [10, 20, 11, 19], [12, 1, 13, 2], [14, 8, 15, 7]]"
12a_0315_55,"[[14, 8, 15, 7], [16, 22, 17, 21], [18, 14, 19, 13], [20, 6, 21, 5], [22, 18, 23, 17], [24, 4, 1, 3], [2, 11, 3, 12], [4, 24, 5, 23], [6, 10, 7, 9], [8, 16, 9, 15], [10, 20, 11, 19], [12, 1, 13, 2]]"
12a_0315_56,"[[12, 1, 13, 2], [14, 8, 15, 7], [16, 22, 17, 21], [18, 14, 19, 13], [20, 6, 21, 5], [22, 18, 23, 17], [24, 4, 1, 3], [2, 11, 3, 12], [4, 24, 5, 23], [6, 10, 7, 9], [8, 16, 9, 15], [10, 20, 11, 19]]"
12a_0315_57,"[[10, 20, 11, 19], [12, 1, 13, 2], [14, 8, 15, 7], [16, 22, 17, 21], [18, 14, 19, 13], [20, 6, 21, 5], [22, 18, 23, 17], [24, 4, 1, 3], [2, 11, 3, 12], [4, 24, 5, 23], [6, 10, 7, 9], [8, 16, 9, 15]]"
12a_0315_58,"[[8, 16, 9, 15], [10, 20, 11, 19], [12, 1, 13, 2], [14, 8, 15, 7], [16, 22, 17, 21], [18, 14, 19, 13], [20, 6, 21, 5], [22, 18, 23, 17], [24, 4, 1, 3], [2, 11, 3, 12], [4, 24, 5, 23], [6, 10, 7, 9]]"
12a_0315_59,"[[6, 10, 7, 9], [8, 16, 9, 15], [10, 20, 11, 19], [12, 1, 13, 2], [14, 8, 15, 7], [16, 22, 17, 21], [18, 14, 19, 13], [20, 6, 21, 5], [22, 18, 23, 17], [24, 4, 1, 3], [2, 11, 3, 12], [4, 24, 5, 23]]"
12a_0315_60,"[[5, 1, 6, 24], [7, 11, 8, 10], [9, 17, 10, 16], [11, 21, 12, 20], [13, 2, 14, 3], [15, 9, 16, 8], [17, 23, 18, 22], [19, 15, 20, 14], [21, 7, 22, 6], [23, 19, 24, 18], [1, 5, 2, 4], [3, 12, 4, 13]]"
12a_0315_61,"[[3, 12, 4, 13], [5, 1, 6, 24], [7, 11, 8, 10], [9, 17, 10, 16], [11, 21, 12, 20], [13, 2, 14, 3], [15, 9, 16, 8], [17, 23, 18, 22], [19, 15, 20, 14], [21, 7, 22, 6], [23, 19, 24, 18], [1, 5, 2, 4]]"
12a_0315_62,"[[1, 5, 2, 4], [3, 12, 4, 13], [5, 1, 6, 24], [7, 11, 8, 10], [9, 17, 10, 16], [11, 21, 12, 20], [13, 2, 14, 3], [15, 9, 16, 8], [17, 23, 18, 22], [19, 15, 20, 14], [21, 7, 22, 6], [23, 19, 24, 18]]"
12a_0315_63,"[[23, 19, 24, 18], [1, 5, 2, 4], [3, 12, 4, 13], [5, 1, 6, 24], [7, 11, 8, 10], [9, 17, 10, 16], [11, 21, 12, 20], [13, 2, 14, 3], [15, 9, 16, 8], [17, 23, 18, 22], [19, 15, 20, 14], [21, 7, 22, 6]]"
12a_0315_64,"[[21, 7, 22, 6], [23, 19, 24, 18], [1, 5, 2, 4], [3, 12, 4, 13], [5, 1, 6, 24], [7, 11, 8, 10], [9, 17, 10, 16], [11, 21, 12, 20], [13, 2, 14, 3], [15, 9, 16, 8], [17, 23, 18, 22], [19, 15, 20, 14]]"
12a_0315_65,"[[19, 15, 20, 14], [21, 7, 22, 6], [23, 19, 24, 18], [1, 5, 2, 4], [3, 12, 4, 13], [5, 1, 6, 24], [7, 11, 8, 10], [9, 17, 10, 16], [11, 21, 12, 20], [13, 2, 14, 3], [15, 9, 16, 8], [17, 23, 18, 22]]"
12a_0315_66,"[[17, 23, 18, 22], [19, 15, 20, 14], [21, 7, 22, 6], [23, 19, 24, 18], [1, 5, 2, 4], [3, 12, 4, 13], [5, 1, 6, 24], [7, 11, 8, 10], [9, 17, 10, 16], [11, 21, 12, 20], [13, 2, 14, 3], [15, 9, 16, 8]]"
12a_0315_67,"[[15, 9, 16, 8], [17, 23, 18, 22], [19, 15, 20, 14], [21, 7, 22, 6], [23, 19, 24, 18], [1, 5, 2, 4], [3, 12, 4, 13], [5, 1, 6, 24], [7, 11, 8, 10], [9, 17, 10, 16], [11, 21, 12, 20], [13, 2, 14, 3]]"
12a_0315_68,"[[13, 2, 14, 3], [15, 9, 16, 8], [17, 23, 18, 22], [19, 15, 20, 14], [21, 7, 22, 6], [23, 19, 24, 18], [1, 5, 2, 4], [3, 12, 4, 13], [5, 1, 6, 24], [7, 11, 8, 10], [9, 17, 10, 16], [11, 21, 12, 20]]"
12a_0315_69,"[[11, 21, 12, 20], [13, 2, 14, 3], [15, 9, 16, 8], [17, 23, 18, 22], [19, 15, 20, 14], [21, 7, 22, 6], [23, 19, 24, 18], [1, 5, 2, 4], [3, 12, 4, 13], [5, 1, 6, 24], [7, 11, 8, 10], [9, 17, 10, 16]]"
12a_0315_70,"[[9, 17, 10, 16], [11, 21, 12, 20], [13, 2, 14, 3], [15, 9, 16, 8], [17, 23, 18, 22], [19, 15, 20, 14], [21, 7, 22, 6], [23, 19, 24, 18], [1, 5, 2, 4], [3, 12, 4, 13], [5, 1, 6, 24], [7, 11, 8, 10]]"
12a_0315_71,"[[7, 11, 8, 10], [9, 17, 10, 16], [11, 21, 12, 20], [13, 2, 14, 3], [15, 9, 16, 8], [17, 23, 18, 22], [19, 15, 20, 14], [21, 7, 22, 6], [23, 19, 24, 18], [1, 5, 2, 4], [3, 12, 4, 13], [5, 1, 6, 24]]"
12a_0315_72,"[[6, 2, 7, 1], [8, 12, 9, 11], [10, 18, 11, 17], [12, 22, 13, 21], [14, 3, 15, 4], [16, 10, 17, 9], [18, 24, 19, 23], [20, 16, 21, 15], [22, 8, 23, 7], [24, 20, 1, 19], [2, 6, 3, 5], [4, 13, 5, 14]]"
12a_0315_73,"[[4, 13, 5, 14], [6, 2, 7, 1], [8, 12, 9, 11], [10, 18, 11, 17], [12, 22, 13, 21], [14, 3, 15, 4], [16, 10, 17, 9], [18, 24, 19, 23], [20, 16, 21, 15], [22, 8, 23, 7], [24, 20, 1, 19], [2, 6, 3, 5]]"
12a_0315_74,"[[2, 6, 3, 5], [4, 13, 5, 14], [6, 2, 7, 1], [8, 12, 9, 11], [10, 18, 11, 17], [12, 22, 13, 21], [14, 3, 15, 4], [16, 10, 17, 9], [18, 24, 19, 23], [20, 16, 21, 15], [22, 8, 23, 7], [24, 20, 1, 19]]"
12a_0315_75,"[[24, 20, 1, 19], [2, 6, 3, 5], [4, 13, 5, 14], [6, 2, 7, 1], [8, 12, 9, 11], [10, 18, 11, 17], [12, 22, 13, 21], [14, 3, 15, 4], [16, 10, 17, 9], [18, 24, 19, 23], [20, 16, 21, 15], [22, 8, 23, 7]]"
12a_0315_76,"[[22, 8, 23, 7], [24, 20, 1, 19], [2, 6, 3, 5], [4, 13, 5, 14], [6, 2, 7, 1], [8, 12, 9, 11], [10, 18, 11, 17], [12, 22, 13, 21], [14, 3, 15, 4], [16, 10, 17, 9], [18, 24, 19, 23], [20, 16, 21, 15]]"
12a_0315_77,"[[20, 16, 21, 15], [22, 8, 23, 7], [24, 20, 1, 19], [2, 6, 3, 5], [4, 13, 5, 14], [6, 2, 7, 1], [8, 12, 9, 11], [10, 18, 11, 17], [12, 22, 13, 21], [14, 3, 15, 4], [16, 10, 17, 9], [18, 24, 19, 23]]"
12a_0315_78,"[[18, 24, 19, 23], [20, 16, 21, 15], [22, 8, 23, 7], [24, 20, 1, 19], [2, 6, 3, 5], [4, 13, 5, 14], [6, 2, 7, 1], [8, 12, 9, 11], [10, 18, 11, 17], [12, 22, 13, 21], [14, 3, 15, 4], [16, 10, 17, 9]]"
12a_0315_79,"[[16, 10, 17, 9], [18, 24, 19, 23], [20, 16, 21, 15], [22, 8, 23, 7], [24, 20, 1, 19], [2, 6, 3, 5], [4, 13, 5, 14], [6, 2, 7, 1], [8, 12, 9, 11], [10, 18, 11, 17], [12, 22, 13, 21], [14, 3, 15, 4]]"
12a_0315_80,"[[14, 3, 15, 4], [16, 10, 17, 9], [18, 24, 19, 23], [20, 16, 21, 15], [22, 8, 23, 7], [24, 20, 1, 19], [2, 6, 3, 5], [4, 13, 5, 14], [6, 2, 7, 1], [8, 12, 9, 11], [10, 18, 11, 17], [12, 22, 13, 21]]"
12a_0315_81,"[[12, 22, 13, 21], [14, 3, 15, 4], [16, 10, 17, 9], [18, 24, 19, 23], [20, 16, 21, 15], [22, 8, 23, 7], [24, 20, 1, 19], [2, 6, 3, 5], [4, 13, 5, 14], [6, 2, 7, 1], [8, 12, 9, 11], [10, 18, 11, 17]]"
12a_0315_82,"[[10, 18, 11, 17], [12, 22, 13, 21], [14, 3, 15, 4], [16, 10, 17, 9], [18, 24, 19, 23], [20, 16, 21, 15], [22, 8, 23, 7], [24, 20, 1, 19], [2, 6, 3, 5], [4, 13, 5, 14], [6, 2, 7, 1], [8, 12, 9, 11]]"
12a_0315_83,"[[8, 12, 9, 11], [10, 18, 11, 17], [12, 22, 13, 21], [14, 3, 15, 4], [16, 10, 17, 9], [18, 24, 19, 23], [20, 16, 21, 15], [22, 8, 23, 7], [24, 20, 1, 19], [2, 6, 3, 5], [4, 13, 5, 14], [6, 2, 7, 1]]"
12a_0315_84,"[[7, 3, 8, 2], [9, 13, 10, 12], [11, 19, 12, 18], [13, 23, 14, 22], [15, 4, 16, 5], [17, 11, 18, 10], [19, 1, 20, 24], [21, 17, 22, 16], [23, 9, 24, 8], [1, 21, 2, 20], [3, 7, 4, 6], [5, 14, 6, 15]]"
12a_0315_85,"[[5, 14, 6, 15], [7, 3, 8, 2], [9, 13, 10, 12], [11, 19, 12, 18], [13, 23, 14, 22], [15, 4, 16, 5], [17, 11, 18, 10], [19, 1, 20, 24], [21, 17, 22, 16], [23, 9, 24, 8], [1, 21, 2, 20], [3, 7, 4, 6]]"
12a_0315_86,"[[3, 7, 4, 6], [5, 14, 6, 15], [7, 3, 8, 2], [9, 13, 10, 12], [11, 19, 12, 18], [13, 23, 14, 22], [15, 4, 16, 5], [17, 11, 18, 10], [19, 1, 20, 24], [21, 17, 22, 16], [23, 9, 24, 8], [1, 21, 2, 20]]"
12a_0315_87,"[[1, 21, 2, 20], [3, 7, 4, 6], [5, 14, 6, 15], [7, 3, 8, 2], [9, 13, 10, 12], [11, 19, 12, 18], [13, 23, 14, 22], [15, 4, 16, 5], [17, 11, 18, 10], [19, 1, 20, 24], [21, 17, 22, 16], [23, 9, 24, 8]]"
12a_0315_88,"[[23, 9, 24, 8], [1, 21, 2, 20], [3, 7, 4, 6], [5, 14, 6, 15], [7, 3, 8, 2], [9, 13, 10, 12], [11, 19, 12, 18], [13, 23, 14, 22], [15, 4, 16, 5], [17, 11, 18, 10], [19, 1, 20, 24], [21, 17, 22, 16]]"
12a_0315_89,"[[21, 17, 22, 16], [23, 9, 24, 8], [1, 21, 2, 20], [3, 7, 4, 6], [5, 14, 6, 15], [7, 3, 8, 2], [9, 13, 10, 12], [11, 19, 12, 18], [13, 23, 14, 22], [15, 4, 16, 5], [17, 11, 18, 10], [19, 1, 20, 24]]"
12a_0315_90,"[[19, 1, 20, 24], [21, 17, 22, 16], [23, 9, 24, 8], [1, 21, 2, 20], [3, 7, 4, 6], [5, 14, 6, 15], [7, 3, 8, 2], [9, 13, 10, 12], [11, 19, 12, 18], [13, 23, 14, 22], [15, 4, 16, 5], [17, 11, 18, 10]]"
12a_0315_91,"[[17, 11, 18, 10], [19, 1, 20, 24], [21, 17, 22, 16], [23, 9, 24, 8], [1, 21, 2, 20], [3, 7, 4, 6], [5, 14, 6, 15], [7, 3, 8, 2], [9, 13, 10, 12], [11, 19, 12, 18], [13, 23, 14, 22], [15, 4, 16, 5]]"
12a_0315_92,"[[15, 4, 16, 5], [17, 11, 18, 10], [19, 1, 20, 24], [21, 17, 22, 16], [23, 9, 24, 8], [1, 21, 2, 20], [3, 7, 4, 6], [5, 14, 6, 15], [7, 3, 8, 2], [9, 13, 10, 12], [11, 19, 12, 18], [13, 23, 14, 22]]"
12a_0315_93,"[[13, 23, 14, 22], [15, 4, 16, 5], [17, 11, 18, 10], [19, 1, 20, 24], [21, 17, 22, 16], [23, 9, 24, 8], [1, 21, 2, 20], [3, 7, 4, 6], [5, 14, 6, 15], [7, 3, 8, 2], [9, 13, 10, 12], [11, 19, 12, 18]]"
12a_0315_94,"[[11, 19, 12, 18], [13, 23, 14, 22], [15, 4, 16, 5], [17, 11, 18, 10], [19, 1, 20, 24], [21, 17, 22, 16], [23, 9, 24, 8], [1, 21, 2, 20], [3, 7, 4, 6], [5, 14, 6, 15], [7, 3, 8, 2], [9, 13, 10, 12]]"
12a_0315_95,"[[9, 13, 10, 12], [11, 19, 12, 18], [13, 23, 14, 22], [15, 4, 16, 5], [17, 11, 18, 10], [19, 1, 20, 24], [21, 17, 22, 16], [23, 9, 24, 8], [1, 21, 2, 20], [3, 7, 4, 6], [5, 14, 6, 15], [7, 3, 8, 2]]"
12a_0315_96,"[[8, 4, 9, 3], [10, 14, 11, 13], [12, 20, 13, 19], [14, 24, 15, 23], [16, 5, 17, 6], [18, 12, 19, 11], [20, 2, 21, 1], [22, 18, 23, 17], [24, 10, 1, 9], [2, 22, 3, 21], [4, 8, 5, 7], [6, 15, 7, 16]]"
12a_0315_97,"[[6, 15, 7, 16], [8, 4, 9, 3], [10, 14, 11, 13], [12, 20, 13, 19], [14, 24, 15, 23], [16, 5, 17, 6], [18, 12, 19, 11], [20, 2, 21, 1], [22, 18, 23, 17], [24, 10, 1, 9], [2, 22, 3, 21], [4, 8, 5, 7]]"
12a_0315_98,"[[4, 8, 5, 7], [6, 15, 7, 16], [8, 4, 9, 3], [10, 14, 11, 13], [12, 20, 13, 19], [14, 24, 15, 23], [16, 5, 17, 6], [18, 12, 19, 11], [20, 2, 21, 1], [22, 18, 23, 17], [24, 10, 1, 9], [2, 22, 3, 21]]"
12a_0315_99,"[[2, 22, 3, 21], [4, 8, 5, 7], [6, 15, 7, 16], [8, 4, 9, 3], [10, 14, 11, 13], [12, 20, 13, 19], [14, 24, 15, 23], [16, 5, 17, 6], [18, 12, 19, 11], [20, 2, 21, 1], [22, 18, 23, 17], [24, 10, 1, 9]]"
12a_0315_100,"[[24, 10, 1, 9], [2, 22, 3, 21], [4, 8, 5, 7], [6, 15, 7, 16], [8, 4, 9, 3], [10, 14, 11, 13], [12, 20, 13, 19], [14, 24, 15, 23], [16, 5, 17, 6], [18, 12, 19, 11], [20, 2, 21, 1], [22, 18, 23, 17]]"
12a_0315_101,"[[22, 18, 23, 17], [24, 10, 1, 9], [2, 22, 3, 21], [4, 8, 5, 7], [6, 15, 7, 16], [8, 4, 9, 3], [10, 14, 11, 13], [12, 20, 13, 19], [14, 24, 15, 23], [16, 5, 17, 6], [18, 12, 19, 11], [20, 2, 21, 1]]"
12a_0315_102,"[[20, 2, 21, 1], [22, 18, 23, 17], [24, 10, 1, 9], [2, 22, 3, 21], [4, 8, 5, 7], [6, 15, 7, 16], [8, 4, 9, 3], [10, 14, 11, 13], [12, 20, 13, 19], [14, 24, 15, 23], [16, 5, 17, 6], [18, 12, 19, 11]]"
12a_0315_103,"[[18, 12, 19, 11], [20, 2, 21, 1], [22, 18, 23, 17], [24, 10, 1, 9], [2, 22, 3, 21], [4, 8, 5, 7], [6, 15, 7, 16], [8, 4, 9, 3], [10, 14, 11, 13], [12, 20, 13, 19], [14, 24, 15, 23], [16, 5, 17, 6]]"
12a_0315_104,"[[16, 5, 17, 6], [18, 12, 19, 11], [20, 2, 21, 1], [22, 18, 23, 17], [24, 10, 1, 9], [2, 22, 3, 21], [4, 8, 5, 7], [6, 15, 7, 16], [8, 4, 9, 3], [10, 14, 11, 13], [12, 20, 13, 19], [14, 24, 15, 23]]"
12a_0315_105,"[[14, 24, 15, 23], [16, 5, 17, 6], [18, 12, 19, 11], [20, 2, 21, 1], [22, 18, 23, 17], [24, 10, 1, 9], [2, 22, 3, 21], [4, 8, 5, 7], [6, 15, 7, 16], [8, 4, 9, 3], [10, 14, 11, 13], [12, 20, 13, 19]]"
12a_0315_106,"[[12, 20, 13, 19], [14, 24, 15, 23], [16, 5, 17, 6], [18, 12, 19, 11], [20, 2, 21, 1], [22, 18, 23, 17], [24, 10, 1, 9], [2, 22, 3, 21], [4, 8, 5, 7], [6, 15, 7, 16], [8, 4, 9, 3], [10, 14, 11, 13]]"
12a_0315_107,"[[10, 14, 11, 13], [12, 20, 13, 19], [14, 24, 15, 23], [16, 5, 17, 6], [18, 12, 19, 11], [20, 2, 21, 1], [22, 18, 23, 17], [24, 10, 1, 9], [2, 22, 3, 21], [4, 8, 5, 7], [6, 15, 7, 16], [8, 4, 9, 3]]"
12a_0315_108,"[[9, 5, 10, 4], [11, 15, 12, 14], [13, 21, 14, 20], [15, 1, 16, 24], [17, 6, 18, 7], [19, 13, 20, 12], [21, 3, 22, 2], [23, 19, 24, 18], [1, 11, 2, 10], [3, 23, 4, 22], [5, 9, 6, 8], [7, 16, 8, 17]]"
12a_0315_109,"[[7, 16, 8, 17], [9, 5, 10, 4], [11, 15, 12, 14], [13, 21, 14, 20], [15, 1, 16, 24], [17, 6, 18, 7], [19, 13, 20, 12], [21, 3, 22, 2], [23, 19, 24, 18], [1, 11, 2, 10], [3, 23, 4, 22], [5, 9, 6, 8]]"
12a_0315_110,"[[5, 9, 6, 8], [7, 16, 8, 17], [9, 5, 10, 4], [11, 15, 12, 14], [13, 21, 14, 20], [15, 1, 16, 24], [17, 6, 18, 7], [19, 13, 20, 12], [21, 3, 22, 2], [23, 19, 24, 18], [1, 11, 2, 10], [3, 23, 4, 22]]"
12a_0315_111,"[[3, 23, 4, 22], [5, 9, 6, 8], [7, 16, 8, 17], [9, 5, 10, 4], [11, 15, 12, 14], [13, 21, 14, 20], [15, 1, 16, 24], [17, 6, 18, 7], [19, 13, 20, 12], [21, 3, 22, 2], [23, 19, 24, 18], [1, 11, 2, 10]]"
12a_0315_112,"[[1, 11, 2, 10], [3, 23, 4, 22], [5, 9, 6, 8], [7, 16, 8, 17], [9, 5, 10, 4], [11, 15, 12, 14], [13, 21, 14, 20], [15, 1, 16, 24], [17, 6, 18, 7], [19, 13, 20, 12], [21, 3, 22, 2], [23, 19, 24, 18]]"
12a_0315_113,"[[23, 19, 24, 18], [1, 11, 2, 10], [3, 23, 4, 22], [5, 9, 6, 8], [7, 16, 8, 17], [9, 5, 10, 4], [11, 15, 12, 14], [13, 21, 14, 20], [15, 1, 16, 24], [17, 6, 18, 7], [19, 13, 20, 12], [21, 3, 22, 2]]"
12a_0315_114,"[[21, 3, 22, 2], [23, 19, 24, 18], [1, 11, 2, 10], [3, 23, 4, 22], [5, 9, 6, 8], [7, 16, 8, 17], [9, 5, 10, 4], [11, 15, 12, 14], [13, 21, 14, 20], [15, 1, 16, 24], [17, 6, 18, 7], [19, 13, 20, 12]]"
12a_0315_115,"[[19, 13, 20, 12], [21, 3, 22, 2], [23, 19, 24, 18], [1, 11, 2, 10], [3, 23, 4, 22], [5, 9, 6, 8], [7, 16, 8, 17], [9, 5, 10, 4], [11, 15, 12, 14], [13, 21, 14, 20], [15, 1, 16, 24], [17, 6, 18, 7]]"
12a_0315_116,"[[17, 6, 18, 7], [19, 13, 20, 12], [21, 3, 22, 2], [23, 19, 24, 18], [1, 11, 2, 10], [3, 23, 4, 22], [5, 9, 6, 8], [7, 16, 8, 17], [9, 5, 10, 4], [11, 15, 12, 14], [13, 21, 14, 20], [15, 1, 16, 24]]"
12a_0315_117,"[[15, 1, 16, 24], [17, 6, 18, 7], [19, 13, 20, 12], [21, 3, 22, 2], [23, 19, 24, 18], [1, 11, 2, 10], [3, 23, 4, 22], [5, 9, 6, 8], [7, 16, 8, 17], [9, 5, 10, 4], [11, 15, 12, 14], [13, 21, 14, 20]]"
12a_0315_118,"[[13, 21, 14, 20], [15, 1, 16, 24], [17, 6, 18, 7], [19, 13, 20, 12], [21, 3, 22, 2], [23, 19, 24, 18], [1, 11, 2, 10], [3, 23, 4, 22], [5, 9, 6, 8], [7, 16, 8, 17], [9, 5, 10, 4], [11, 15, 12, 14]]"
12a_0315_119,"[[11, 15, 12, 14], [13, 21, 14, 20], [15, 1, 16, 24], [17, 6, 18, 7], [19, 13, 20, 12], [21, 3, 22, 2], [23, 19, 24, 18], [1, 11, 2, 10], [3, 23, 4, 22], [5, 9, 6, 8], [7, 16, 8, 17], [9, 5, 10, 4]]"
12a_0315_120,"[[10, 6, 11, 5], [12, 16, 13, 15], [14, 22, 15, 21], [16, 2, 17, 1], [18, 7, 19, 8], [20, 14, 21, 13], [22, 4, 23, 3], [24, 20, 1, 19], [2, 12, 3, 11], [4, 24, 5, 23], [6, 10, 7, 9], [8, 17, 9, 18]]"
12a_0315_121,"[[8, 17, 9, 18], [10, 6, 11, 5], [12, 16, 13, 15], [14, 22, 15, 21], [16, 2, 17, 1], [18, 7, 19, 8], [20, 14, 21, 13], [22, 4, 23, 3], [24, 20, 1, 19], [2, 12, 3, 11], [4, 24, 5, 23], [6, 10, 7, 9]]"
12a_0315_122,"[[6, 10, 7, 9], [8, 17, 9, 18], [10, 6, 11, 5], [12, 16, 13, 15], [14, 22, 15, 21], [16, 2, 17, 1], [18, 7, 19, 8], [20, 14, 21, 13], [22, 4, 23, 3], [24, 20, 1, 19], [2, 12, 3, 11], [4, 24, 5, 23]]"
12a_0315_123,"[[4, 24, 5, 23], [6, 10, 7, 9], [8, 17, 9, 18], [10, 6, 11, 5], [12, 16, 13, 15], [14, 22, 15, 21], [16, 2, 17, 1], [18, 7, 19, 8], [20, 14, 21, 13], [22, 4, 23, 3], [24, 20, 1, 19], [2, 12, 3, 11]]"
12a_0315_124,"[[2, 12, 3, 11], [4, 24, 5, 23], [6, 10, 7, 9], [8, 17, 9, 18], [10, 6, 11, 5], [12, 16, 13, 15], [14, 22, 15, 21], [16, 2, 17, 1], [18, 7, 19, 8], [20, 14, 21, 13], [22, 4, 23, 3], [24, 20, 1, 19]]"
12a_0315_125,"[[24, 20, 1, 19], [2, 12, 3, 11], [4, 24, 5, 23], [6, 10, 7, 9], [8, 17, 9, 18], [10, 6, 11, 5], [12, 16, 13, 15], [14, 22, 15, 21], [16, 2, 17, 1], [18, 7, 19, 8], [20, 14, 21, 13], [22, 4, 23, 3]]"
12a_0315_126,"[[22, 4, 23, 3], [24, 20, 1, 19], [2, 12, 3, 11], [4, 24, 5, 23], [6, 10, 7, 9], [8, 17, 9, 18], [10, 6, 11, 5], [12, 16, 13, 15], [14, 22, 15, 21], [16, 2, 17, 1], [18, 7, 19, 8], [20, 14, 21, 13]]"
12a_0315_127,"[[20, 14, 21, 13], [22, 4, 23, 3], [24, 20, 1, 19], [2, 12, 3, 11], [4, 24, 5, 23], [6, 10, 7, 9], [8, 17, 9, 18], [10, 6, 11, 5], [12, 16, 13, 15], [14, 22, 15, 21], [16, 2, 17, 1], [18, 7, 19, 8]]"
12a_0315_128,"[[18, 7, 19, 8], [20, 14, 21, 13], [22, 4, 23, 3], [24, 20, 1, 19], [2, 12, 3, 11], [4, 24, 5, 23], [6, 10, 7, 9], [8, 17, 9, 18], [10, 6, 11, 5], [12, 16, 13, 15], [14, 22, 15, 21], [16, 2, 17, 1]]"
12a_0315_129,"[[16, 2, 17, 1], [18, 7, 19, 8], [20, 14, 21, 13], [22, 4, 23, 3], [24, 20, 1, 19], [2, 12, 3, 11], [4, 24, 5, 23], [6, 10, 7, 9], [8, 17, 9, 18], [10, 6, 11, 5], [12, 16, 13, 15], [14, 22, 15, 21]]"
12a_0315_130,"[[14, 22, 15, 21], [16, 2, 17, 1], [18, 7, 19, 8], [20, 14, 21, 13], [22, 4, 23, 3], [24, 20, 1, 19], [2, 12, 3, 11], [4, 24, 5, 23], [6, 10, 7, 9], [8, 17, 9, 18], [10, 6, 11, 5], [12, 16, 13, 15]]"
12a_0315_131,"[[12, 16, 13, 15], [14, 22, 15, 21], [16, 2, 17, 1], [18, 7, 19, 8], [20, 14, 21, 13], [22, 4, 23, 3], [24, 20, 1, 19], [2, 12, 3, 11], [4, 24, 5, 23], [6, 10, 7, 9], [8, 17, 9, 18], [10, 6, 11, 5]]"
12a_0315_132,"[[11, 7, 12, 6], [13, 17, 14, 16], [15, 23, 16, 22], [17, 3, 18, 2], [19, 8, 20, 9], [21, 15, 22, 14], [23, 5, 24, 4], [1, 21, 2, 20], [3, 13, 4, 12], [5, 1, 6, 24], [7, 11, 8, 10], [9, 18, 10, 19]]"
12a_0315_133,"[[9, 18, 10, 19], [11, 7, 12, 6], [13, 17, 14, 16], [15, 23, 16, 22], [17, 3, 18, 2], [19, 8, 20, 9], [21, 15, 22, 14], [23, 5, 24, 4], [1, 21, 2, 20], [3, 13, 4, 12], [5, 1, 6, 24], [7, 11, 8, 10]]"
12a_0315_134,"[[7, 11, 8, 10], [9, 18, 10, 19], [11, 7, 12, 6], [13, 17, 14, 16], [15, 23, 16, 22], [17, 3, 18, 2], [19, 8, 20, 9], [21, 15, 22, 14], [23, 5, 24, 4], [1, 21, 2, 20], [3, 13, 4, 12], [5, 1, 6, 24]]"
12a_0315_135,"[[5, 1, 6, 24], [7, 11, 8, 10], [9, 18, 10, 19], [11, 7, 12, 6], [13, 17, 14, 16], [15, 23, 16, 22], [17, 3, 18, 2], [19, 8, 20, 9], [21, 15, 22, 14], [23, 5, 24, 4], [1, 21, 2, 20], [3, 13, 4, 12]]"
12a_0315_136,"[[3, 13, 4, 12], [5, 1, 6, 24], [7, 11, 8, 10], [9, 18, 10, 19], [11, 7, 12, 6], [13, 17, 14, 16], [15, 23, 16, 22], [17, 3, 18, 2], [19, 8, 20, 9], [21, 15, 22, 14], [23, 5, 24, 4], [1, 21, 2, 20]]"
12a_0315_137,"[[1, 21, 2, 20], [3, 13, 4, 12], [5, 1, 6, 24], [7, 11, 8, 10], [9, 18, 10, 19], [11, 7, 12, 6], [13, 17, 14, 16], [15, 23, 16, 22], [17, 3, 18, 2], [19, 8, 20, 9], [21, 15, 22, 14], [23, 5, 24, 4]]"
12a_0315_138,"[[23, 5, 24, 4], [1, 21, 2, 20], [3, 13, 4, 12], [5, 1, 6, 24], [7, 11, 8, 10], [9, 18, 10, 19], [11, 7, 12, 6], [13, 17, 14, 16], [15, 23, 16, 22], [17, 3, 18, 2], [19, 8, 20, 9], [21, 15, 22, 14]]"
12a_0315_139,"[[21, 15, 22, 14], [23, 5, 24, 4], [1, 21, 2, 20], [3, 13, 4, 12], [5, 1, 6, 24], [7, 11, 8, 10], [9, 18, 10, 19], [11, 7, 12, 6], [13, 17, 14, 16], [15, 23, 16, 22], [17, 3, 18, 2], [19, 8, 20, 9]]"
12a_0315_140,"[[19, 8, 20, 9], [21, 15, 22, 14], [23, 5, 24, 4], [1, 21, 2, 20], [3, 13, 4, 12], [5, 1, 6, 24], [7, 11, 8, 10], [9, 18, 10, 19], [11, 7, 12, 6], [13, 17, 14, 16], [15, 23, 16, 22], [17, 3, 18, 2]]"
12a_0315_141,"[[17, 3, 18, 2], [19, 8, 20, 9], [21, 15, 22, 14], [23, 5, 24, 4], [1, 21, 2, 20], [3, 13, 4, 12], [5, 1, 6, 24], [7, 11, 8, 10], [9, 18, 10, 19], [11, 7, 12, 6], [13, 17, 14, 16], [15, 23, 16, 22]]"
12a_0315_142,"[[15, 23, 16, 22], [17, 3, 18, 2], [19, 8, 20, 9], [21, 15, 22, 14], [23, 5, 24, 4], [1, 21, 2, 20], [3, 13, 4, 12], [5, 1, 6, 24], [7, 11, 8, 10], [9, 18, 10, 19], [11, 7, 12, 6], [13, 17, 14, 16]]"
12a_0315_143,"[[13, 17, 14, 16], [15, 23, 16, 22], [17, 3, 18, 2], [19, 8, 20, 9], [21, 15, 22, 14], [23, 5, 24, 4], [1, 21, 2, 20], [3, 13, 4, 12], [5, 1, 6, 24], [7, 11, 8, 10], [9, 18, 10, 19], [11, 7, 12, 6]]"
12a_0315_144,"[[12, 8, 13, 7], [14, 18, 15, 17], [16, 24, 17, 23], [18, 4, 19, 3], [20, 9, 21, 10], [22, 16, 23, 15], [24, 6, 1, 5], [2, 22, 3, 21], [4, 14, 5, 13], [6, 2, 7, 1], [8, 12, 9, 11], [10, 19, 11, 20]]"
12a_0315_145,"[[10, 19, 11, 20], [12, 8, 13, 7], [14, 18, 15, 17], [16, 24, 17, 23], [18, 4, 19, 3], [20, 9, 21, 10], [22, 16, 23, 15], [24, 6, 1, 5], [2, 22, 3, 21], [4, 14, 5, 13], [6, 2, 7, 1], [8, 12, 9, 11]]"
12a_0315_146,"[[8, 12, 9, 11], [10, 19, 11, 20], [12, 8, 13, 7], [14, 18, 15, 17], [16, 24, 17, 23], [18, 4, 19, 3], [20, 9, 21, 10], [22, 16, 23, 15], [24, 6, 1, 5], [2, 22, 3, 21], [4, 14, 5, 13], [6, 2, 7, 1]]"
12a_0315_147,"[[6, 2, 7, 1], [8, 12, 9, 11], [10, 19, 11, 20], [12, 8, 13, 7], [14, 18, 15, 17], [16, 24, 17, 23], [18, 4, 19, 3], [20, 9, 21, 10], [22, 16, 23, 15], [24, 6, 1, 5], [2, 22, 3, 21], [4, 14, 5, 13]]"
12a_0315_148,"[[4, 14, 5, 13], [6, 2, 7, 1], [8, 12, 9, 11], [10, 19, 11, 20], [12, 8, 13, 7], [14, 18, 15, 17], [16, 24, 17, 23], [18, 4, 19, 3], [20, 9, 21, 10], [22, 16, 23, 15], [24, 6, 1, 5], [2, 22, 3, 21]]"
12a_0315_149,"[[2, 22, 3, 21], [4, 14, 5, 13], [6, 2, 7, 1], [8, 12, 9, 11], [10, 19, 11, 20], [12, 8, 13, 7], [14, 18, 15, 17], [16, 24, 17, 23], [18, 4, 19, 3], [20, 9, 21, 10], [22, 16, 23, 15], [24, 6, 1, 5]]"
12a_0315_150,"[[24, 6, 1, 5], [2, 22, 3, 21], [4, 14, 5, 13], [6, 2, 7, 1], [8, 12, 9, 11], [10, 19, 11, 20], [12, 8, 13, 7], [14, 18, 15, 17], [16, 24, 17, 23], [18, 4, 19, 3], [20, 9, 21, 10], [22, 16, 23, 15]]"
12a_0315_151,"[[22, 16, 23, 15], [24, 6, 1, 5], [2, 22, 3, 21], [4, 14, 5, 13], [6, 2, 7, 1], [8, 12, 9, 11], [10, 19, 11, 20], [12, 8, 13, 7], [14, 18, 15, 17], [16, 24, 17, 23], [18, 4, 19, 3], [20, 9, 21, 10]]"
12a_0315_152,"[[20, 9, 21, 10], [22, 16, 23, 15], [24, 6, 1, 5], [2, 22, 3, 21], [4, 14, 5, 13], [6, 2, 7, 1], [8, 12, 9, 11], [10, 19, 11, 20], [12, 8, 13, 7], [14, 18, 15, 17], [16, 24, 17, 23], [18, 4, 19, 3]]"
12a_0315_153,"[[18, 4, 19, 3], [20, 9, 21, 10], [22, 16, 23, 15], [24, 6, 1, 5], [2, 22, 3, 21], [4, 14, 5, 13], [6, 2, 7, 1], [8, 12, 9, 11], [10, 19, 11, 20], [12, 8, 13, 7], [14, 18, 15, 17], [16, 24, 17, 23]]"
12a_0315_154,"[[16, 24, 17, 23], [18, 4, 19, 3], [20, 9, 21, 10], [22, 16, 23, 15], [24, 6, 1, 5], [2, 22, 3, 21], [4, 14, 5, 13], [6, 2, 7, 1], [8, 12, 9, 11], [10, 19, 11, 20], [12, 8, 13, 7], [14, 18, 15, 17]]"
12a_0315_155,"[[14, 18, 15, 17], [16, 24, 17, 23], [18, 4, 19, 3], [20, 9, 21, 10], [22, 16, 23, 15], [24, 6, 1, 5], [2, 22, 3, 21], [4, 14, 5, 13], [6, 2, 7, 1], [8, 12, 9, 11], [10, 19, 11, 20], [12, 8, 13, 7]]"
12a_0315_156,"[[13, 9, 14, 8], [15, 19, 16, 18], [17, 1, 18, 24], [19, 5, 20, 4], [21, 10, 22, 11], [23, 17, 24, 16], [1, 7, 2, 6], [3, 23, 4, 22], [5, 15, 6, 14], [7, 3, 8, 2], [9, 13, 10, 12], [11, 20, 12, 21]]"
12a_0315_157,"[[11, 20, 12, 21], [13, 9, 14, 8], [15, 19, 16, 18], [17, 1, 18, 24], [19, 5, 20, 4], [21, 10, 22, 11], [23, 17, 24, 16], [1, 7, 2, 6], [3, 23, 4, 22], [5, 15, 6, 14], [7, 3, 8, 2], [9, 13, 10, 12]]"
12a_0315_158,"[[9, 13, 10, 12], [11, 20, 12, 21], [13, 9, 14, 8], [15, 19, 16, 18], [17, 1, 18, 24], [19, 5, 20, 4], [21, 10, 22, 11], [23, 17, 24, 16], [1, 7, 2, 6], [3, 23, 4, 22], [5, 15, 6, 14], [7, 3, 8, 2]]"
12a_0315_159,"[[7, 3, 8, 2], [9, 13, 10, 12], [11, 20, 12, 21], [13, 9, 14, 8], [15, 19, 16, 18], [17, 1, 18, 24], [19, 5, 20, 4], [21, 10, 22, 11], [23, 17, 24, 16], [1, 7, 2, 6], [3, 23, 4, 22], [5, 15, 6, 14]]"
12a_0315_160,"[[5, 15, 6, 14], [7, 3, 8, 2], [9, 13, 10, 12], [11, 20, 12, 21], [13, 9, 14, 8], [15, 19, 16, 18], [17, 1, 18, 24], [19, 5, 20, 4], [21, 10, 22, 11], [23, 17, 24, 16], [1, 7, 2, 6], [3, 23, 4, 22]]"
12a_0315_161,"[[3, 23, 4, 22], [5, 15, 6, 14], [7, 3, 8, 2], [9, 13, 10, 12], [11, 20, 12, 21], [13, 9, 14, 8], [15, 19, 16, 18], [17, 1, 18, 24], [19, 5, 20, 4], [21, 10, 22, 11], [23, 17, 24, 16], [1, 7, 2, 6]]"
12a_0315_162,"[[1, 7, 2, 6], [3, 23, 4, 22], [5, 15, 6, 14], [7, 3, 8, 2], [9, 13, 10, 12], [11, 20, 12, 21], [13, 9, 14, 8], [15, 19, 16, 18], [17, 1, 18, 24], [19, 5, 20, 4], [21, 10, 22, 11], [23, 17, 24, 16]]"
12a_0315_163,"[[23, 17, 24, 16], [1, 7, 2, 6], [3, 23, 4, 22], [5, 15, 6, 14], [7, 3, 8, 2], [9, 13, 10, 12], [11, 20, 12, 21], [13, 9, 14, 8], [15, 19, 16, 18], [17, 1, 18, 24], [19, 5, 20, 4], [21, 10, 22, 11]]"
12a_0315_164,"[[21, 10, 22, 11], [23, 17, 24, 16], [1, 7, 2, 6], [3, 23, 4, 22], [5, 15, 6, 14], [7, 3, 8, 2], [9, 13, 10, 12], [11, 20, 12, 21], [13, 9, 14, 8], [15, 19, 16, 18], [17, 1, 18, 24], [19, 5, 20, 4]]"
12a_0315_165,"[[19, 5, 20, 4], [21, 10, 22, 11], [23, 17, 24, 16], [1, 7, 2, 6], [3, 23, 4, 22], [5, 15, 6, 14], [7, 3, 8, 2], [9, 13, 10, 12], [11, 20, 12, 21], [13, 9, 14, 8], [15, 19, 16, 18], [17, 1, 18, 24]]"
12a_0315_166,"[[17, 1, 18, 24], [19, 5, 20, 4], [21, 10, 22, 11], [23, 17, 24, 16], [1, 7, 2, 6], [3, 23, 4, 22], [5, 15, 6, 14], [7, 3, 8, 2], [9, 13, 10, 12], [11, 20, 12, 21], [13, 9, 14, 8], [15, 19, 16, 18]]"
12a_0315_167,"[[15, 19, 16, 18], [17, 1, 18, 24], [19, 5, 20, 4], [21, 10, 22, 11], [23, 17, 24, 16], [1, 7, 2, 6], [3, 23, 4, 22], [5, 15, 6, 14], [7, 3, 8, 2], [9, 13, 10, 12], [11, 20, 12, 21], [13, 9, 14, 8]]"
12a_0315_168,"[[14, 10, 15, 9], [16, 20, 17, 19], [18, 2, 19, 1], [20, 6, 21, 5], [22, 11, 23, 12], [24, 18, 1, 17], [2, 8, 3, 7], [4, 24, 5, 23], [6, 16, 7, 15], [8, 4, 9, 3], [10, 14, 11, 13], [12, 21, 13, 22]]"
12a_0315_169,"[[12, 21, 13, 22], [14, 10, 15, 9], [16, 20, 17, 19], [18, 2, 19, 1], [20, 6, 21, 5], [22, 11, 23, 12], [24, 18, 1, 17], [2, 8, 3, 7], [4, 24, 5, 23], [6, 16, 7, 15], [8, 4, 9, 3], [10, 14, 11, 13]]"
12a_0315_170,"[[10, 14, 11, 13], [12, 21, 13, 22], [14, 10, 15, 9], [16, 20, 17, 19], [18, 2, 19, 1], [20, 6, 21, 5], [22, 11, 23, 12], [24, 18, 1, 17], [2, 8, 3, 7], [4, 24, 5, 23], [6, 16, 7, 15], [8, 4, 9, 3]]"
12a_0315_171,"[[8, 4, 9, 3], [10, 14, 11, 13], [12, 21, 13, 22], [14, 10, 15, 9], [16, 20, 17, 19], [18, 2, 19, 1], [20, 6, 21, 5], [22, 11, 23, 12], [24, 18, 1, 17], [2, 8, 3, 7], [4, 24, 5, 23], [6, 16, 7, 15]]"
12a_0315_172,"[[6, 16, 7, 15], [8, 4, 9, 3], [10, 14, 11, 13], [12, 21, 13, 22], [14, 10, 15, 9], [16, 20, 17, 19], [18, 2, 19, 1], [20, 6, 21, 5], [22, 11, 23, 12], [24, 18, 1, 17], [2, 8, 3, 7], [4, 24, 5, 23]]"
12a_0315_173,"[[4, 24, 5, 23], [6, 16, 7, 15], [8, 4, 9, 3], [10, 14, 11, 13], [12, 21, 13, 22], [14, 10, 15, 9], [16, 20, 17, 19], [18, 2, 19, 1], [20, 6, 21, 5], [22, 11, 23, 12], [24, 18, 1, 17], [2, 8, 3, 7]]"
12a_0315_174,"[[2, 8, 3, 7], [4, 24, 5, 23], [6, 16, 7, 15], [8, 4, 9, 3], [10, 14, 11, 13], [12, 21, 13, 22], [14, 10, 15, 9], [16, 20, 17, 19], [18, 2, 19, 1], [20, 6, 21, 5], [22, 11, 23, 12], [24, 18, 1, 17]]"
12a_0315_175,"[[24, 18, 1, 17], [2, 8, 3, 7], [4, 24, 5, 23], [6, 16, 7, 15], [8, 4, 9, 3], [10, 14, 11, 13], [12, 21, 13, 22], [14, 10, 15, 9], [16, 20, 17, 19], [18, 2, 19, 1], [20, 6, 21, 5], [22, 11, 23, 12]]"
12a_0315_176,"[[22, 11, 23, 12], [24, 18, 1, 17], [2, 8, 3, 7], [4, 24, 5, 23], [6, 16, 7, 15], [8, 4, 9, 3], [10, 14, 11, 13], [12, 21, 13, 22], [14, 10, 15, 9], [16, 20, 17, 19], [18, 2, 19, 1], [20, 6, 21, 5]]"
12a_0315_177,"[[20, 6, 21, 5], [22, 11, 23, 12], [24, 18, 1, 17], [2, 8, 3, 7], [4, 24, 5, 23], [6, 16, 7, 15], [8, 4, 9, 3], [10, 14, 11, 13], [12, 21, 13, 22], [14, 10, 15, 9], [16, 20, 17, 19], [18, 2, 19, 1]]"
12a_0315_178,"[[18, 2, 19, 1], [20, 6, 21, 5], [22, 11, 23, 12], [24, 18, 1, 17], [2, 8, 3, 7], [4, 24, 5, 23], [6, 16, 7, 15], [8, 4, 9, 3], [10, 14, 11, 13], [12, 21, 13, 22], [14, 10, 15, 9], [16, 20, 17, 19]]"
12a_0315_179,"[[16, 20, 17, 19], [18, 2, 19, 1], [20, 6, 21, 5], [22, 11, 23, 12], [24, 18, 1, 17], [2, 8, 3, 7], [4, 24, 5, 23], [6, 16, 7, 15], [8, 4, 9, 3], [10, 14, 11, 13], [12, 21, 13, 22], [14, 10, 15, 9]]"
12a_0315_180,"[[15, 11, 16, 10], [17, 21, 18, 20], [19, 3, 20, 2], [21, 7, 22, 6], [23, 12, 24, 13], [1, 19, 2, 18], [3, 9, 4, 8], [5, 1, 6, 24], [7, 17, 8, 16], [9, 5, 10, 4], [11, 15, 12, 14], [13, 22, 14, 23]]"
12a_0315_181,"[[13, 22, 14, 23], [15, 11, 16, 10], [17, 21, 18, 20], [19, 3, 20, 2], [21, 7, 22, 6], [23, 12, 24, 13], [1, 19, 2, 18], [3, 9, 4, 8], [5, 1, 6, 24], [7, 17, 8, 16], [9, 5, 10, 4], [11, 15, 12, 14]]"
12a_0315_182,"[[11, 15, 12, 14], [13, 22, 14, 23], [15, 11, 16, 10], [17, 21, 18, 20], [19, 3, 20, 2], [21, 7, 22, 6], [23, 12, 24, 13], [1, 19, 2, 18], [3, 9, 4, 8], [5, 1, 6, 24], [7, 17, 8, 16], [9, 5, 10, 4]]"
12a_0315_183,"[[9, 5, 10, 4], [11, 15, 12, 14], [13, 22, 14, 23], [15, 11, 16, 10], [17, 21, 18, 20], [19, 3, 20, 2], [21, 7, 22, 6], [23, 12, 24, 13], [1, 19, 2, 18], [3, 9, 4, 8], [5, 1, 6, 24], [7, 17, 8, 16]]"
12a_0315_184,"[[7, 17, 8, 16], [9, 5, 10, 4], [11, 15, 12, 14], [13, 22, 14, 23], [15, 11, 16, 10], [17, 21, 18, 20], [19, 3, 20, 2], [21, 7, 22, 6], [23, 12, 24, 13], [1, 19, 2, 18], [3, 9, 4, 8], [5, 1, 6, 24]]"
12a_0315_185,"[[5, 1, 6, 24], [7, 17, 8, 16], [9, 5, 10, 4], [11, 15, 12, 14], [13, 22, 14, 23], [15, 11, 16, 10], [17, 21, 18, 20], [19, 3, 20, 2], [21, 7, 22, 6], [23, 12, 24, 13], [1, 19, 2, 18], [3, 9, 4, 8]]"
