name,pd_notation
12a_1274_0,"[[24, 12, 1, 11], [2, 10, 3, 9], [4, 15, 5, 16], [6, 17, 7, 18], [8, 19, 9, 20], [10, 22, 11, 21], [12, 24, 13, 23], [14, 2, 15, 1], [16, 5, 17, 6], [18, 7, 19, 8], [20, 3, 21, 4], [22, 14, 23, 13]]"
12a_1274_1,"[[22, 14, 23, 13], [24, 12, 1, 11], [2, 10, 3, 9], [4, 15, 5, 16], [6, 17, 7, 18], [8, 19, 9, 20], [10, 22, 11, 21], [12, 24, 13, 23], [14, 2, 15, 1], [16, 5, 17, 6], [18, 7, 19, 8], [20, 3, 21, 4]]"
12a_1274_2,"[[20, 3, 21, 4], [22, 14, 23, 13], [24, 12, 1, 11], [2, 10, 3, 9], [4, 15, 5, 16], [6, 17, 7, 18], [8, 19, 9, 20], [10, 22, 11, 21], [12, 24, 13, 23], [14, 2, 15, 1], [16, 5, 17, 6], [18, 7, 19, 8]]"
12a_1274_3,"[[18, 7, 19, 8], [20, 3, 21, 4], [22, 14, 23, 13], [24, 12, 1, 11], [2, 10, 3, 9], [4, 15, 5, 16], [6, 17, 7, 18], [8, 19, 9, 20], [10, 22, 11, 21], [12, 24, 13, 23], [14, 2, 15, 1], [16, 5, 17, 6]]"
12a_1274_4,"[[16, 5, 17, 6], [18, 7, 19, 8], [20, 3, 21, 4], [22, 14, 23, 13], [24, 12, 1, 11], [2, 10, 3, 9], [4, 15, 5, 16], [6, 17, 7, 18], [8, 19, 9, 20], [10, 22, 11, 21], [12, 24, 13, 23], [14, 2, 15, 1]]"
12a_1274_5,"[[14, 2, 15, 1], [16, 5, 17, 6], [18, 7, 19, 8], [20, 3, 21, 4], [22, 14, 23, 13], [24, 12, 1, 11], [2, 10, 3, 9], [4, 15, 5, 16], [6, 17, 7, 18], [8, 19, 9, 20], [10, 22, 11, 21], [12, 24, 13, 23]]"
12a_1274_6,"[[12, 24, 13, 23], [14, 2, 15, 1], [16, 5, 17, 6], [18, 7, 19, 8], [20, 3, 21, 4], [22, 14, 23, 13], [24, 12, 1, 11], [2, 10, 3, 9], [4, 15, 5, 16], [6, 17, 7, 18], [8, 19, 9, 20], [10, 22, 11, 21]]"
12a_1274_7,"[[10, 22, 11, 21], [12, 24, 13, 23], [14, 2, 15, 1], [16, 5, 17, 6], [18, 7, 19, 8], [20, 3, 21, 4], [22, 14, 23, 13], [24, 12, 1, 11], [2, 10, 3, 9], [4, 15, 5, 16], [6, 17, 7, 18], [8, 19, 9, 20]]"
12a_1274_8,"[[8, 19, 9, 20], [10, 22, 11, 21], [12, 24, 13, 23], [14, 2, 15, 1], [16, 5, 17, 6], [18, 7, 19, 8], [20, 3, 21, 4], [22, 14, 23, 13], [24, 12, 1, 11], [2, 10, 3, 9], [4, 15, 5, 16], [6, 17, 7, 18]]"
12a_1274_9,"[[6, 17, 7, 18], [8, 19, 9, 20], [10, 22, 11, 21], [12, 24, 13, 23], [14, 2, 15, 1], [16, 5, 17, 6], [18, 7, 19, 8], [20, 3, 21, 4], [22, 14, 23, 13], [24, 12, 1, 11], [2, 10, 3, 9], [4, 15, 5, 16]]"
12a_1274_10,"[[4, 15, 5, 16], [6, 17, 7, 18], [8, 19, 9, 20], [10, 22, 11, 21], [12, 24, 13, 23], [14, 2, 15, 1], [16, 5, 17, 6], [18, 7, 19, 8], [20, 3, 21, 4], [22, 14, 23, 13], [24, 12, 1, 11], [2, 10, 3, 9]]"
12a_1274_11,"[[2, 10, 3, 9], [4, 15, 5, 16], [6, 17, 7, 18], [8, 19, 9, 20], [10, 22, 11, 21], [12, 24, 13, 23], [14, 2, 15, 1], [16, 5, 17, 6], [18, 7, 19, 8], [20, 3, 21, 4], [22, 14, 23, 13], [24, 12, 1, 11]]"
12a_1274_12,"[[1, 13, 2, 12], [3, 11, 4, 10], [5, 16, 6, 17], [7, 18, 8, 19], [9, 20, 10, 21], [11, 23, 12, 22], [13, 1, 14, 24], [15, 3, 16, 2], [17, 6, 18, 7], [19, 8, 20, 9], [21, 4, 22, 5], [23, 15, 24, 14]]"
12a_1274_13,"[[23, 15, 24, 14], [1, 13, 2, 12], [3, 11, 4, 10], [5, 16, 6, 17], [7, 18, 8, 19], [9, 20, 10, 21], [11, 23, 12, 22], [13, 1, 14, 24], [15, 3, 16, 2], [17, 6, 18, 7], [19, 8, 20, 9], [21, 4, 22, 5]]"
12a_1274_14,"[[21, 4, 22, 5], [23, 15, 24, 14], [1, 13, 2, 12], [3, 11, 4, 10], [5, 16, 6, 17], [7, 18, 8, 19], [9, 20, 10, 21], [11, 23, 12, 22], [13, 1, 14, 24], [15, 3, 16, 2], [17, 6, 18, 7], [19, 8, 20, 9]]"
12a_1274_15,"[[19, 8, 20, 9], [21, 4, 22, 5], [23, 15, 24, 14], [1, 13, 2, 12], [3, 11, 4, 10], [5, 16, 6, 17], [7, 18, 8, 19], [9, 20, 10, 21], [11, 23, 12, 22], [13, 1, 14, 24], [15, 3, 16, 2], [17, 6, 18, 7]]"
12a_1274_16,"[[17, 6, 18, 7], [19, 8, 20, 9], [21, 4, 22, 5], [23, 15, 24, 14], [1, 13, 2, 12], [3, 11, 4, 10], [5, 16, 6, 17], [7, 18, 8, 19], [9, 20, 10, 21], [11, 23, 12, 22], [13, 1, 14, 24], [15, 3, 16, 2]]"
12a_1274_17,"[[15, 3, 16, 2], [17, 6, 18, 7], [19, 8, 20, 9], [21, 4, 22, 5], [23, 15, 24, 14], [1, 13, 2, 12], [3, 11, 4, 10], [5, 16, 6, 17], [7, 18, 8, 19], [9, 20, 10, 21], [11, 23, 12, 22], [13, 1, 14, 24]]"
12a_1274_18,"[[13, 1, 14, 24], [15, 3, 16, 2], [17, 6, 18, 7], [19, 8, 20, 9], [21, 4, 22, 5], [23, 15, 24, 14], [1, 13, 2, 12], [3, 11, 4, 10], [5, 16, 6, 17], [7, 18, 8, 19], [9, 20, 10, 21], [11, 23, 12, 22]]"
12a_1274_19,"[[11, 23, 12, 22], [13, 1, 14, 24], [15, 3, 16, 2], [17, 6, 18, 7], [19, 8, 20, 9], [21, 4, 22, 5], [23, 15, 24, 14], [1, 13, 2, 12], [3, 11, 4, 10], [5, 16, 6, 17], [7, 18, 8, 19], [9, 20, 10, 21]]"
12a_1274_20,"[[9, 20, 10, 21], [11, 23, 12, 22], [13, 1, 14, 24], [15, 3, 16, 2], [17, 6, 18, 7], [19, 8, 20, 9], [21, 4, 22, 5], [23, 15, 24, 14], [1, 13, 2, 12], [3, 11, 4, 10], [5, 16, 6, 17], [7, 18, 8, 19]]"
12a_1274_21,"[[7, 18, 8, 19], [9, 20, 10, 21], [11, 23, 12, 22], [13, 1, 14, 24], [15, 3, 16, 2], [17, 6, 18, 7], [19, 8, 20, 9], [21, 4, 22, 5], [23, 15, 24, 14], [1, 13, 2, 12], [3, 11, 4, 10], [5, 16, 6, 17]]"
12a_1274_22,"[[5, 16, 6, 17], [7, 18, 8, 19], [9, 20, 10, 21], [11, 23, 12, 22], [13, 1, 14, 24], [15, 3, 16, 2], [17, 6, 18, 7], [19, 8, 20, 9], [21, 4, 22, 5], [23, 15, 24, 14], [1, 13, 2, 12], [3, 11, 4, 10]]"
12a_1274_23,"[[3, 11, 4, 10], [5, 16, 6, 17], [7, 18, 8, 19], [9, 20, 10, 21], [11, 23, 12, 22], [13, 1, 14, 24], [15, 3, 16, 2], [17, 6, 18, 7], [19, 8, 20, 9], [21, 4, 22, 5], [23, 15, 24, 14], [1, 13, 2, 12]]"
12a_1274_24,"[[2, 14, 3, 13], [4, 12, 5, 11], [6, 17, 7, 18], [8, 19, 9, 20], [10, 21, 11, 22], [12, 24, 13, 23], [14, 2, 15, 1], [16, 4, 17, 3], [18, 7, 19, 8], [20, 9, 21, 10], [22, 5, 23, 6], [24, 16, 1, 15]]"
12a_1274_25,"[[24, 16, 1, 15], [2, 14, 3, 13], [4, 12, 5, 11], [6, 17, 7, 18], [8, 19, 9, 20], [10, 21, 11, 22], [12, 24, 13, 23], [14, 2, 15, 1], [16, 4, 17, 3], [18, 7, 19, 8], [20, 9, 21, 10], [22, 5, 23, 6]]"
12a_1274_26,"[[22, 5, 23, 6], [24, 16, 1, 15], [2, 14, 3, 13], [4, 12, 5, 11], [6, 17, 7, 18], [8, 19, 9, 20], [10, 21, 11, 22], [12, 24, 13, 23], [14, 2, 15, 1], [16, 4, 17, 3], [18, 7, 19, 8], [20, 9, 21, 10]]"
12a_1274_27,"[[20, 9, 21, 10], [22, 5, 23, 6], [24, 16, 1, 15], [2, 14, 3, 13], [4, 12, 5, 11], [6, 17, 7, 18], [8, 19, 9, 20], [10, 21, 11, 22], [12, 24, 13, 23], [14, 2, 15, 1], [16, 4, 17, 3], [18, 7, 19, 8]]"
12a_1274_28,"[[18, 7, 19, 8], [20, 9, 21, 10], [22, 5, 23, 6], [24, 16, 1, 15], [2, 14, 3, 13], [4, 12, 5, 11], [6, 17, 7, 18], [8, 19, 9, 20], [10, 21, 11, 22], [12, 24, 13, 23], [14, 2, 15, 1], [16, 4, 17, 3]]"
12a_1274_29,"[[16, 4, 17, 3], [18, 7, 19, 8], [20, 9, 21, 10], [22, 5, 23, 6], [24, 16, 1, 15], [2, 14, 3, 13], [4, 12, 5, 11], [6, 17, 7, 18], [8, 19, 9, 20], [10, 21, 11, 22], [12, 24, 13, 23], [14, 2, 15, 1]]"
12a_1274_30,"[[14, 2, 15, 1], [16, 4, 17, 3], [18, 7, 19, 8], [20, 9, 21, 10], [22, 5, 23, 6], [24, 16, 1, 15], [2, 14, 3, 13], [4, 12, 5, 11], [6, 17, 7, 18], [8, 19, 9, 20], [10, 21, 11, 22], [12, 24, 13, 23]]"
12a_1274_31,"[[12, 24, 13, 23], [14, 2, 15, 1], [16, 4, 17, 3], [18, 7, 19, 8], [20, 9, 21, 10], [22, 5, 23, 6], [24, 16, 1, 15], [2, 14, 3, 13], [4, 12, 5, 11], [6, 17, 7, 18], [8, 19, 9, 20], [10, 21, 11, 22]]"
12a_1274_32,"[[10, 21, 11, 22], [12, 24, 13, 23], [14, 2, 15, 1], [16, 4, 17, 3], [18, 7, 19, 8], [20, 9, 21, 10], [22, 5, 23, 6], [24, 16, 1, 15], [2, 14, 3, 13], [4, 12, 5, 11], [6, 17, 7, 18], [8, 19, 9, 20]]"
12a_1274_33,"[[8, 19, 9, 20], [10, 21, 11, 22], [12, 24, 13, 23], [14, 2, 15, 1], [16, 4, 17, 3], [18, 7, 19, 8], [20, 9, 21, 10], [22, 5, 23, 6], [24, 16, 1, 15], [2, 14, 3, 13], [4, 12, 5, 11], [6, 17, 7, 18]]"
12a_1274_34,"[[6, 17, 7, 18], [8, 19, 9, 20], [10, 21, 11, 22], [12, 24, 13, 23], [14, 2, 15, 1], [16, 4, 17, 3], [18, 7, 19, 8], [20, 9, 21, 10], [22, 5, 23, 6], [24, 16, 1, 15], [2, 14, 3, 13], [4, 12, 5, 11]]"
12a_1274_35,"[[4, 12, 5, 11], [6, 17, 7, 18], [8, 19, 9, 20], [10, 21, 11, 22], [12, 24, 13, 23], [14, 2, 15, 1], [16, 4, 17, 3], [18, 7, 19, 8], [20, 9, 21, 10], [22, 5, 23, 6], [24, 16, 1, 15], [2, 14, 3, 13]]"
12a_1274_36,"[[3, 15, 4, 14], [5, 13, 6, 12], [7, 18, 8, 19], [9, 20, 10, 21], [11, 22, 12, 23], [13, 1, 14, 24], [15, 3, 16, 2], [17, 5, 18, 4], [19, 8, 20, 9], [21, 10, 22, 11], [23, 6, 24, 7], [1, 17, 2, 16]]"
12a_1274_37,"[[1, 17, 2, 16], [3, 15, 4, 14], [5, 13, 6, 12], [7, 18, 8, 19], [9, 20, 10, 21], [11, 22, 12, 23], [13, 1, 14, 24], [15, 3, 16, 2], [17, 5, 18, 4], [19, 8, 20, 9], [21, 10, 22, 11], [23, 6, 24, 7]]"
12a_1274_38,"[[23, 6, 24, 7], [1, 17, 2, 16], [3, 15, 4, 14], [5, 13, 6, 12], [7, 18, 8, 19], [9, 20, 10, 21], [11, 22, 12, 23], [13, 1, 14, 24], [15, 3, 16, 2], [17, 5, 18, 4], [19, 8, 20, 9], [21, 10, 22, 11]]"
12a_1274_39,"[[21, 10, 22, 11], [23, 6, 24, 7], [1, 17, 2, 16], [3, 15, 4, 14], [5, 13, 6, 12], [7, 18, 8, 19], [9, 20, 10, 21], [11, 22, 12, 23], [13, 1, 14, 24], [15, 3, 16, 2], [17, 5, 18, 4], [19, 8, 20, 9]]"
12a_1274_40,"[[19, 8, 20, 9], [21, 10, 22, 11], [23, 6, 24, 7], [1, 17, 2, 16], [3, 15, 4, 14], [5, 13, 6, 12], [7, 18, 8, 19], [9, 20, 10, 21], [11, 22, 12, 23], [13, 1, 14, 24], [15, 3, 16, 2], [17, 5, 18, 4]]"
12a_1274_41,"[[17, 5, 18, 4], [19, 8, 20, 9], [21, 10, 22, 11], [23, 6, 24, 7], [1, 17, 2, 16], [3, 15, 4, 14], [5, 13, 6, 12], [7, 18, 8, 19], [9, 20, 10, 21], [11, 22, 12, 23], [13, 1, 14, 24], [15, 3, 16, 2]]"
12a_1274_42,"[[15, 3, 16, 2], [17, 5, 18, 4], [19, 8, 20, 9], [21, 10, 22, 11], [23, 6, 24, 7], [1, 17, 2, 16], [3, 15, 4, 14], [5, 13, 6, 12], [7, 18, 8, 19], [9, 20, 10, 21], [11, 22, 12, 23], [13, 1, 14, 24]]"
12a_1274_43,"[[13, 1, 14, 24], [15, 3, 16, 2], [17, 5, 18, 4], [19, 8, 20, 9], [21, 10, 22, 11], [23, 6, 24, 7], [1, 17, 2, 16], [3, 15, 4, 14], [5, 13, 6, 12], [7, 18, 8, 19], [9, 20, 10, 21], [11, 22, 12, 23]]"
12a_1274_44,"[[11, 22, 12, 23], [13, 1, 14, 24], [15, 3, 16, 2], [17, 5, 18, 4], [19, 8, 20, 9], [21, 10, 22, 11], [23, 6, 24, 7], [1, 17, 2, 16], [3, 15, 4, 14], [5, 13, 6, 12], [7, 18, 8, 19], [9, 20, 10, 21]]"
12a_1274_45,"[[9, 20, 10, 21], [11, 22, 12, 23], [13, 1, 14, 24], [15, 3, 16, 2], [17, 5, 18, 4], [19, 8, 20, 9], [21, 10, 22, 11], [23, 6, 24, 7], [1, 17, 2, 16], [3, 15, 4, 14], [5, 13, 6, 12], [7, 18, 8, 19]]"
12a_1274_46,"[[7, 18, 8, 19], [9, 20, 10, 21], [11, 22, 12, 23], [13, 1, 14, 24], [15, 3, 16, 2], [17, 5, 18, 4], [19, 8, 20, 9], [21, 10, 22, 11], [23, 6, 24, 7], [1, 17, 2, 16], [3, 15, 4, 14], [5, 13, 6, 12]]"
12a_1274_47,"[[5, 13, 6, 12], [7, 18, 8, 19], [9, 20, 10, 21], [11, 22, 12, 23], [13, 1, 14, 24], [15, 3, 16, 2], [17, 5, 18, 4], [19, 8, 20, 9], [21, 10, 22, 11], [23, 6, 24, 7], [1, 17, 2, 16], [3, 15, 4, 14]]"
12a_1274_48,"[[4, 16, 5, 15], [6, 14, 7, 13], [8, 19, 9, 20], [10, 21, 11, 22], [12, 23, 13, 24], [14, 2, 15, 1], [16, 4, 17, 3], [18, 6, 19, 5], [20, 9, 21, 10], [22, 11, 23, 12], [24, 7, 1, 8], [2, 18, 3, 17]]"
12a_1274_49,"[[2, 18, 3, 17], [4, 16, 5, 15], [6, 14, 7, 13], [8, 19, 9, 20], [10, 21, 11, 22], [12, 23, 13, 24], [14, 2, 15, 1], [16, 4, 17, 3], [18, 6, 19, 5], [20, 9, 21, 10], [22, 11, 23, 12], [24, 7, 1, 8]]"
12a_1274_50,"[[24, 7, 1, 8], [2, 18, 3, 17], [4, 16, 5, 15], [6, 14, 7, 13], [8, 19, 9, 20], [10, 21, 11, 22], [12, 23, 13, 24], [14, 2, 15, 1], [16, 4, 17, 3], [18, 6, 19, 5], [20, 9, 21, 10], [22, 11, 23, 12]]"
12a_1274_51,"[[22, 11, 23, 12], [24, 7, 1, 8], [2, 18, 3, 17], [4, 16, 5, 15], [6, 14, 7, 13], [8, 19, 9, 20], [10, 21, 11, 22], [12, 23, 13, 24], [14, 2, 15, 1], [16, 4, 17, 3], [18, 6, 19, 5], [20, 9, 21, 10]]"
12a_1274_52,"[[20, 9, 21, 10], [22, 11, 23, 12], [24, 7, 1, 8], [2, 18, 3, 17], [4, 16, 5, 15], [6, 14, 7, 13], [8, 19, 9, 20], [10, 21, 11, 22], [12, 23, 13, 24], [14, 2, 15, 1], [16, 4, 17, 3], [18, 6, 19, 5]]"
12a_1274_53,"[[18, 6, 19, 5], [20, 9, 21, 10], [22, 11, 23, 12], [24, 7, 1, 8], [2, 18, 3, 17], [4, 16, 5, 15], [6, 14, 7, 13], [8, 19, 9, 20], [10, 21, 11, 22], [12, 23, 13, 24], [14, 2, 15, 1], [16, 4, 17, 3]]"
12a_1274_54,"[[16, 4, 17, 3], [18, 6, 19, 5], [20, 9, 21, 10], [22, 11, 23, 12], [24, 7, 1, 8], [2, 18, 3, 17], [4, 16, 5, 15], [6, 14, 7, 13], [8, 19, 9, 20], [10, 21, 11, 22], [12, 23, 13, 24], [14, 2, 15, 1]]"
12a_1274_55,"[[14, 2, 15, 1], [16, 4, 17, 3], [18, 6, 19, 5], [20, 9, 21, 10], [22, 11, 23, 12], [24, 7, 1, 8], [2, 18, 3, 17], [4, 16, 5, 15], [6, 14, 7, 13], [8, 19, 9, 20], [10, 21, 11, 22], [12, 23, 13, 24]]"
12a_1274_56,"[[12, 23, 13, 24], [14, 2, 15, 1], [16, 4, 17, 3], [18, 6, 19, 5], [20, 9, 21, 10], [22, 11, 23, 12], [24, 7, 1, 8], [2, 18, 3, 17], [4, 16, 5, 15], [6, 14, 7, 13], [8, 19, 9, 20], [10, 21, 11, 22]]"
12a_1274_57,"[[10, 21, 11, 22], [12, 23, 13, 24], [14, 2, 15, 1], [16, 4, 17, 3], [18, 6, 19, 5], [20, 9, 21, 10], [22, 11, 23, 12], [24, 7, 1, 8], [2, 18, 3, 17], [4, 16, 5, 15], [6, 14, 7, 13], [8, 19, 9, 20]]"
12a_1274_58,"[[8, 19, 9, 20], [10, 21, 11, 22], [12, 23, 13, 24], [14, 2, 15, 1], [16, 4, 17, 3], [18, 6, 19, 5], [20, 9, 21, 10], [22, 11, 23, 12], [24, 7, 1, 8], [2, 18, 3, 17], [4, 16, 5, 15], [6, 14, 7, 13]]"
12a_1274_59,"[[6, 14, 7, 13], [8, 19, 9, 20], [10, 21, 11, 22], [12, 23, 13, 24], [14, 2, 15, 1], [16, 4, 17, 3], [18, 6, 19, 5], [20, 9, 21, 10], [22, 11, 23, 12], [24, 7, 1, 8], [2, 18, 3, 17], [4, 16, 5, 15]]"
12a_1274_60,"[[5, 17, 6, 16], [7, 15, 8, 14], [9, 20, 10, 21], [11, 22, 12, 23], [13, 24, 14, 1], [15, 3, 16, 2], [17, 5, 18, 4], [19, 7, 20, 6], [21, 10, 22, 11], [23, 12, 24, 13], [1, 8, 2, 9], [3, 19, 4, 18]]"
12a_1274_61,"[[3, 19, 4, 18], [5, 17, 6, 16], [7, 15, 8, 14], [9, 20, 10, 21], [11, 22, 12, 23], [13, 24, 14, 1], [15, 3, 16, 2], [17, 5, 18, 4], [19, 7, 20, 6], [21, 10, 22, 11], [23, 12, 24, 13], [1, 8, 2, 9]]"
12a_1274_62,"[[1, 8, 2, 9], [3, 19, 4, 18], [5, 17, 6, 16], [7, 15, 8, 14], [9, 20, 10, 21], [11, 22, 12, 23], [13, 24, 14, 1], [15, 3, 16, 2], [17, 5, 18, 4], [19, 7, 20, 6], [21, 10, 22, 11], [23, 12, 24, 13]]"
12a_1274_63,"[[23, 12, 24, 13], [1, 8, 2, 9], [3, 19, 4, 18], [5, 17, 6, 16], [7, 15, 8, 14], [9, 20, 10, 21], [11, 22, 12, 23], [13, 24, 14, 1], [15, 3, 16, 2], [17, 5, 18, 4], [19, 7, 20, 6], [21, 10, 22, 11]]"
12a_1274_64,"[[21, 10, 22, 11], [23, 12, 24, 13], [1, 8, 2, 9], [3, 19, 4, 18], [5, 17, 6, 16], [7, 15, 8, 14], [9, 20, 10, 21], [11, 22, 12, 23], [13, 24, 14, 1], [15, 3, 16, 2], [17, 5, 18, 4], [19, 7, 20, 6]]"
12a_1274_65,"[[19, 7, 20, 6], [21, 10, 22, 11], [23, 12, 24, 13], [1, 8, 2, 9], [3, 19, 4, 18], [5, 17, 6, 16], [7, 15, 8, 14], [9, 20, 10, 21], [11, 22, 12, 23], [13, 24, 14, 1], [15, 3, 16, 2], [17, 5, 18, 4]]"
12a_1274_66,"[[17, 5, 18, 4], [19, 7, 20, 6], [21, 10, 22, 11], [23, 12, 24, 13], [1, 8, 2, 9], [3, 19, 4, 18], [5, 17, 6, 16], [7, 15, 8, 14], [9, 20, 10, 21], [11, 22, 12, 23], [13, 24, 14, 1], [15, 3, 16, 2]]"
12a_1274_67,"[[15, 3, 16, 2], [17, 5, 18, 4], [19, 7, 20, 6], [21, 10, 22, 11], [23, 12, 24, 13], [1, 8, 2, 9], [3, 19, 4, 18], [5, 17, 6, 16], [7, 15, 8, 14], [9, 20, 10, 21], [11, 22, 12, 23], [13, 24, 14, 1]]"
12a_1274_68,"[[13, 24, 14, 1], [15, 3, 16, 2], [17, 5, 18, 4], [19, 7, 20, 6], [21, 10, 22, 11], [23, 12, 24, 13], [1, 8, 2, 9], [3, 19, 4, 18], [5, 17, 6, 16], [7, 15, 8, 14], [9, 20, 10, 21], [11, 22, 12, 23]]"
12a_1274_69,"[[11, 22, 12, 23], [13, 24, 14, 1], [15, 3, 16, 2], [17, 5, 18, 4], [19, 7, 20, 6], [21, 10, 22, 11], [23, 12, 24, 13], [1, 8, 2, 9], [3, 19, 4, 18], [5, 17, 6, 16], [7, 15, 8, 14], [9, 20, 10, 21]]"
12a_1274_70,"[[9, 20, 10, 21], [11, 22, 12, 23], [13, 24, 14, 1], [15, 3, 16, 2], [17, 5, 18, 4], [19, 7, 20, 6], [21, 10, 22, 11], [23, 12, 24, 13], [1, 8, 2, 9], [3, 19, 4, 18], [5, 17, 6, 16], [7, 15, 8, 14]]"
12a_1274_71,"[[7, 15, 8, 14], [9, 20, 10, 21], [11, 22, 12, 23], [13, 24, 14, 1], [15, 3, 16, 2], [17, 5, 18, 4], [19, 7, 20, 6], [21, 10, 22, 11], [23, 12, 24, 13], [1, 8, 2, 9], [3, 19, 4, 18], [5, 17, 6, 16]]"
12a_1274_72,"[[6, 18, 7, 17], [8, 16, 9, 15], [10, 21, 11, 22], [12, 23, 13, 24], [14, 1, 15, 2], [16, 4, 17, 3], [18, 6, 19, 5], [20, 8, 21, 7], [22, 11, 23, 12], [24, 13, 1, 14], [2, 9, 3, 10], [4, 20, 5, 19]]"
12a_1274_73,"[[4, 20, 5, 19], [6, 18, 7, 17], [8, 16, 9, 15], [10, 21, 11, 22], [12, 23, 13, 24], [14, 1, 15, 2], [16, 4, 17, 3], [18, 6, 19, 5], [20, 8, 21, 7], [22, 11, 23, 12], [24, 13, 1, 14], [2, 9, 3, 10]]"
12a_1274_74,"[[2, 9, 3, 10], [4, 20, 5, 19], [6, 18, 7, 17], [8, 16, 9, 15], [10, 21, 11, 22], [12, 23, 13, 24], [14, 1, 15, 2], [16, 4, 17, 3], [18, 6, 19, 5], [20, 8, 21, 7], [22, 11, 23, 12], [24, 13, 1, 14]]"
12a_1274_75,"[[24, 13, 1, 14], [2, 9, 3, 10], [4, 20, 5, 19], [6, 18, 7, 17], [8, 16, 9, 15], [10, 21, 11, 22], [12, 23, 13, 24], [14, 1, 15, 2], [16, 4, 17, 3], [18, 6, 19, 5], [20, 8, 21, 7], [22, 11, 23, 12]]"
12a_1274_76,"[[22, 11, 23, 12], [24, 13, 1, 14], [2, 9, 3, 10], [4, 20, 5, 19], [6, 18, 7, 17], [8, 16, 9, 15], [10, 21, 11, 22], [12, 23, 13, 24], [14, 1, 15, 2], [16, 4, 17, 3], [18, 6, 19, 5], [20, 8, 21, 7]]"
12a_1274_77,"[[20, 8, 21, 7], [22, 11, 23, 12], [24, 13, 1, 14], [2, 9, 3, 10], [4, 20, 5, 19], [6, 18, 7, 17], [8, 16, 9, 15], [10, 21, 11, 22], [12, 23, 13, 24], [14, 1, 15, 2], [16, 4, 17, 3], [18, 6, 19, 5]]"
12a_1274_78,"[[18, 6, 19, 5], [20, 8, 21, 7], [22, 11, 23, 12], [24, 13, 1, 14], [2, 9, 3, 10], [4, 20, 5, 19], [6, 18, 7, 17], [8, 16, 9, 15], [10, 21, 11, 22], [12, 23, 13, 24], [14, 1, 15, 2], [16, 4, 17, 3]]"
12a_1274_79,"[[16, 4, 17, 3], [18, 6, 19, 5], [20, 8, 21, 7], [22, 11, 23, 12], [24, 13, 1, 14], [2, 9, 3, 10], [4, 20, 5, 19], [6, 18, 7, 17], [8, 16, 9, 15], [10, 21, 11, 22], [12, 23, 13, 24], [14, 1, 15, 2]]"
12a_1274_80,"[[14, 1, 15, 2], [16, 4, 17, 3], [18, 6, 19, 5], [20, 8, 21, 7], [22, 11, 23, 12], [24, 13, 1, 14], [2, 9, 3, 10], [4, 20, 5, 19], [6, 18, 7, 17], [8, 16, 9, 15], [10, 21, 11, 22], [12, 23, 13, 24]]"
12a_1274_81,"[[12, 23, 13, 24], [14, 1, 15, 2], [16, 4, 17, 3], [18, 6, 19, 5], [20, 8, 21, 7], [22, 11, 23, 12], [24, 13, 1, 14], [2, 9, 3, 10], [4, 20, 5, 19], [6, 18, 7, 17], [8, 16, 9, 15], [10, 21, 11, 22]]"
12a_1274_82,"[[10, 21, 11, 22], [12, 23, 13, 24], [14, 1, 15, 2], [16, 4, 17, 3], [18, 6, 19, 5], [20, 8, 21, 7], [22, 11, 23, 12], [24, 13, 1, 14], [2, 9, 3, 10], [4, 20, 5, 19], [6, 18, 7, 17], [8, 16, 9, 15]]"
12a_1274_83,"[[8, 16, 9, 15], [10, 21, 11, 22], [12, 23, 13, 24], [14, 1, 15, 2], [16, 4, 17, 3], [18, 6, 19, 5], [20, 8, 21, 7], [22, 11, 23, 12], [24, 13, 1, 14], [2, 9, 3, 10], [4, 20, 5, 19], [6, 18, 7, 17]]"
12a_1274_84,"[[7, 19, 8, 18], [9, 17, 10, 16], [11, 22, 12, 23], [13, 24, 14, 1], [15, 2, 16, 3], [17, 5, 18, 4], [19, 7, 20, 6], [21, 9, 22, 8], [23, 12, 24, 13], [1, 14, 2, 15], [3, 10, 4, 11], [5, 21, 6, 20]]"
12a_1274_85,"[[5, 21, 6, 20], [7, 19, 8, 18], [9, 17, 10, 16], [11, 22, 12, 23], [13, 24, 14, 1], [15, 2, 16, 3], [17, 5, 18, 4], [19, 7, 20, 6], [21, 9, 22, 8], [23, 12, 24, 13], [1, 14, 2, 15], [3, 10, 4, 11]]"
12a_1274_86,"[[3, 10, 4, 11], [5, 21, 6, 20], [7, 19, 8, 18], [9, 17, 10, 16], [11, 22, 12, 23], [13, 24, 14, 1], [15, 2, 16, 3], [17, 5, 18, 4], [19, 7, 20, 6], [21, 9, 22, 8], [23, 12, 24, 13], [1, 14, 2, 15]]"
12a_1274_87,"[[1, 14, 2, 15], [3, 10, 4, 11], [5, 21, 6, 20], [7, 19, 8, 18], [9, 17, 10, 16], [11, 22, 12, 23], [13, 24, 14, 1], [15, 2, 16, 3], [17, 5, 18, 4], [19, 7, 20, 6], [21, 9, 22, 8], [23, 12, 24, 13]]"
12a_1274_88,"[[23, 12, 24, 13], [1, 14, 2, 15], [3, 10, 4, 11], [5, 21, 6, 20], [7, 19, 8, 18], [9, 17, 10, 16], [11, 22, 12, 23], [13, 24, 14, 1], [15, 2, 16, 3], [17, 5, 18, 4], [19, 7, 20, 6], [21, 9, 22, 8]]"
12a_1274_89,"[[21, 9, 22, 8], [23, 12, 24, 13], [1, 14, 2, 15], [3, 10, 4, 11], [5, 21, 6, 20], [7, 19, 8, 18], [9, 17, 10, 16], [11, 22, 12, 23], [13, 24, 14, 1], [15, 2, 16, 3], [17, 5, 18, 4], [19, 7, 20, 6]]"
12a_1274_90,"[[19, 7, 20, 6], [21, 9, 22, 8], [23, 12, 24, 13], [1, 14, 2, 15], [3, 10, 4, 11], [5, 21, 6, 20], [7, 19, 8, 18], [9, 17, 10, 16], [11, 22, 12, 23], [13, 24, 14, 1], [15, 2, 16, 3], [17, 5, 18, 4]]"
12a_1274_91,"[[17, 5, 18, 4], [19, 7, 20, 6], [21, 9, 22, 8], [23, 12, 24, 13], [1, 14, 2, 15], [3, 10, 4, 11], [5, 21, 6, 20], [7, 19, 8, 18], [9, 17, 10, 16], [11, 22, 12, 23], [13, 24, 14, 1], [15, 2, 16, 3]]"
12a_1274_92,"[[15, 2, 16, 3], [17, 5, 18, 4], [19, 7, 20, 6], [21, 9, 22, 8], [23, 12, 24, 13], [1, 14, 2, 15], [3, 10, 4, 11], [5, 21, 6, 20], [7, 19, 8, 18], [9, 17, 10, 16], [11, 22, 12, 23], [13, 24, 14, 1]]"
12a_1274_93,"[[13, 24, 14, 1], [15, 2, 16, 3], [17, 5, 18, 4], [19, 7, 20, 6], [21, 9, 22, 8], [23, 12, 24, 13], [1, 14, 2, 15], [3, 10, 4, 11], [5, 21, 6, 20], [7, 19, 8, 18], [9, 17, 10, 16], [11, 22, 12, 23]]"
12a_1274_94,"[[11, 22, 12, 23], [13, 24, 14, 1], [15, 2, 16, 3], [17, 5, 18, 4], [19, 7, 20, 6], [21, 9, 22, 8], [23, 12, 24, 13], [1, 14, 2, 15], [3, 10, 4, 11], [5, 21, 6, 20], [7, 19, 8, 18], [9, 17, 10, 16]]"
12a_1274_95,"[[9, 17, 10, 16], [11, 22, 12, 23], [13, 24, 14, 1], [15, 2, 16, 3], [17, 5, 18, 4], [19, 7, 20, 6], [21, 9, 22, 8], [23, 12, 24, 13], [1, 14, 2, 15], [3, 10, 4, 11], [5, 21, 6, 20], [7, 19, 8, 18]]"
12a_1274_96,"[[8, 20, 9, 19], [10, 18, 11, 17], [12, 23, 13, 24], [14, 1, 15, 2], [16, 3, 17, 4], [18, 6, 19, 5], [20, 8, 21, 7], [22, 10, 23, 9], [24, 13, 1, 14], [2, 15, 3, 16], [4, 11, 5, 12], [6, 22, 7, 21]]"
12a_1274_97,"[[6, 22, 7, 21], [8, 20, 9, 19], [10, 18, 11, 17], [12, 23, 13, 24], [14, 1, 15, 2], [16, 3, 17, 4], [18, 6, 19, 5], [20, 8, 21, 7], [22, 10, 23, 9], [24, 13, 1, 14], [2, 15, 3, 16], [4, 11, 5, 12]]"
12a_1274_98,"[[4, 11, 5, 12], [6, 22, 7, 21], [8, 20, 9, 19], [10, 18, 11, 17], [12, 23, 13, 24], [14, 1, 15, 2], [16, 3, 17, 4], [18, 6, 19, 5], [20, 8, 21, 7], [22, 10, 23, 9], [24, 13, 1, 14], [2, 15, 3, 16]]"
12a_1274_99,"[[2, 15, 3, 16], [4, 11, 5, 12], [6, 22, 7, 21], [8, 20, 9, 19], [10, 18, 11, 17], [12, 23, 13, 24], [14, 1, 15, 2], [16, 3, 17, 4], [18, 6, 19, 5], [20, 8, 21, 7], [22, 10, 23, 9], [24, 13, 1, 14]]"
12a_1274_100,"[[24, 13, 1, 14], [2, 15, 3, 16], [4, 11, 5, 12], [6, 22, 7, 21], [8, 20, 9, 19], [10, 18, 11, 17], [12, 23, 13, 24], [14, 1, 15, 2], [16, 3, 17, 4], [18, 6, 19, 5], [20, 8, 21, 7], [22, 10, 23, 9]]"
12a_1274_101,"[[22, 10, 23, 9], [24, 13, 1, 14], [2, 15, 3, 16], [4, 11, 5, 12], [6, 22, 7, 21], [8, 20, 9, 19], [10, 18, 11, 17], [12, 23, 13, 24], [14, 1, 15, 2], [16, 3, 17, 4], [18, 6, 19, 5], [20, 8, 21, 7]]"
12a_1274_102,"[[20, 8, 21, 7], [22, 10, 23, 9], [24, 13, 1, 14], [2, 15, 3, 16], [4, 11, 5, 12], [6, 22, 7, 21], [8, 20, 9, 19], [10, 18, 11, 17], [12, 23, 13, 24], [14, 1, 15, 2], [16, 3, 17, 4], [18, 6, 19, 5]]"
12a_1274_103,"[[18, 6, 19, 5], [20, 8, 21, 7], [22, 10, 23, 9], [24, 13, 1, 14], [2, 15, 3, 16], [4, 11, 5, 12], [6, 22, 7, 21], [8, 20, 9, 19], [10, 18, 11, 17], [12, 23, 13, 24], [14, 1, 15, 2], [16, 3, 17, 4]]"
12a_1274_104,"[[16, 3, 17, 4], [18, 6, 19, 5], [20, 8, 21, 7], [22, 10, 23, 9], [24, 13, 1, 14], [2, 15, 3, 16], [4, 11, 5, 12], [6, 22, 7, 21], [8, 20, 9, 19], [10, 18, 11, 17], [12, 23, 13, 24], [14, 1, 15, 2]]"
12a_1274_105,"[[14, 1, 15, 2], [16, 3, 17, 4], [18, 6, 19, 5], [20, 8, 21, 7], [22, 10, 23, 9], [24, 13, 1, 14], [2, 15, 3, 16], [4, 11, 5, 12], [6, 22, 7, 21], [8, 20, 9, 19], [10, 18, 11, 17], [12, 23, 13, 24]]"
12a_1274_106,"[[12, 23, 13, 24], [14, 1, 15, 2], [16, 3, 17, 4], [18, 6, 19, 5], [20, 8, 21, 7], [22, 10, 23, 9], [24, 13, 1, 14], [2, 15, 3, 16], [4, 11, 5, 12], [6, 22, 7, 21], [8, 20, 9, 19], [10, 18, 11, 17]]"
12a_1274_107,"[[10, 18, 11, 17], [12, 23, 13, 24], [14, 1, 15, 2], [16, 3, 17, 4], [18, 6, 19, 5], [20, 8, 21, 7], [22, 10, 23, 9], [24, 13, 1, 14], [2, 15, 3, 16], [4, 11, 5, 12], [6, 22, 7, 21], [8, 20, 9, 19]]"
12a_1274_108,"[[9, 21, 10, 20], [11, 19, 12, 18], [13, 24, 14, 1], [15, 2, 16, 3], [17, 4, 18, 5], [19, 7, 20, 6], [21, 9, 22, 8], [23, 11, 24, 10], [1, 14, 2, 15], [3, 16, 4, 17], [5, 12, 6, 13], [7, 23, 8, 22]]"
12a_1274_109,"[[7, 23, 8, 22], [9, 21, 10, 20], [11, 19, 12, 18], [13, 24, 14, 1], [15, 2, 16, 3], [17, 4, 18, 5], [19, 7, 20, 6], [21, 9, 22, 8], [23, 11, 24, 10], [1, 14, 2, 15], [3, 16, 4, 17], [5, 12, 6, 13]]"
12a_1274_110,"[[5, 12, 6, 13], [7, 23, 8, 22], [9, 21, 10, 20], [11, 19, 12, 18], [13, 24, 14, 1], [15, 2, 16, 3], [17, 4, 18, 5], [19, 7, 20, 6], [21, 9, 22, 8], [23, 11, 24, 10], [1, 14, 2, 15], [3, 16, 4, 17]]"
12a_1274_111,"[[3, 16, 4, 17], [5, 12, 6, 13], [7, 23, 8, 22], [9, 21, 10, 20], [11, 19, 12, 18], [13, 24, 14, 1], [15, 2, 16, 3], [17, 4, 18, 5], [19, 7, 20, 6], [21, 9, 22, 8], [23, 11, 24, 10], [1, 14, 2, 15]]"
12a_1274_112,"[[1, 14, 2, 15], [3, 16, 4, 17], [5, 12, 6, 13], [7, 23, 8, 22], [9, 21, 10, 20], [11, 19, 12, 18], [13, 24, 14, 1], [15, 2, 16, 3], [17, 4, 18, 5], [19, 7, 20, 6], [21, 9, 22, 8], [23, 11, 24, 10]]"
12a_1274_113,"[[23, 11, 24, 10], [1, 14, 2, 15], [3, 16, 4, 17], [5, 12, 6, 13], [7, 23, 8, 22], [9, 21, 10, 20], [11, 19, 12, 18], [13, 24, 14, 1], [15, 2, 16, 3], [17, 4, 18, 5], [19, 7, 20, 6], [21, 9, 22, 8]]"
12a_1274_114,"[[21, 9, 22, 8], [23, 11, 24, 10], [1, 14, 2, 15], [3, 16, 4, 17], [5, 12, 6, 13], [7, 23, 8, 22], [9, 21, 10, 20], [11, 19, 12, 18], [13, 24, 14, 1], [15, 2, 16, 3], [17, 4, 18, 5], [19, 7, 20, 6]]"
12a_1274_115,"[[19, 7, 20, 6], [21, 9, 22, 8], [23, 11, 24, 10], [1, 14, 2, 15], [3, 16, 4, 17], [5, 12, 6, 13], [7, 23, 8, 22], [9, 21, 10, 20], [11, 19, 12, 18], [13, 24, 14, 1], [15, 2, 16, 3], [17, 4, 18, 5]]"
12a_1274_116,"[[17, 4, 18, 5], [19, 7, 20, 6], [21, 9, 22, 8], [23, 11, 24, 10], [1, 14, 2, 15], [3, 16, 4, 17], [5, 12, 6, 13], [7, 23, 8, 22], [9, 21, 10, 20], [11, 19, 12, 18], [13, 24, 14, 1], [15, 2, 16, 3]]"
12a_1274_117,"[[15, 2, 16, 3], [17, 4, 18, 5], [19, 7, 20, 6], [21, 9, 22, 8], [23, 11, 24, 10], [1, 14, 2, 15], [3, 16, 4, 17], [5, 12, 6, 13], [7, 23, 8, 22], [9, 21, 10, 20], [11, 19, 12, 18], [13, 24, 14, 1]]"
12a_1274_118,"[[13, 24, 14, 1], [15, 2, 16, 3], [17, 4, 18, 5], [19, 7, 20, 6], [21, 9, 22, 8], [23, 11, 24, 10], [1, 14, 2, 15], [3, 16, 4, 17], [5, 12, 6, 13], [7, 23, 8, 22], [9, 21, 10, 20], [11, 19, 12, 18]]"
12a_1274_119,"[[11, 19, 12, 18], [13, 24, 14, 1], [15, 2, 16, 3], [17, 4, 18, 5], [19, 7, 20, 6], [21, 9, 22, 8], [23, 11, 24, 10], [1, 14, 2, 15], [3, 16, 4, 17], [5, 12, 6, 13], [7, 23, 8, 22], [9, 21, 10, 20]]"
12a_1274_120,"[[10, 22, 11, 21], [12, 20, 13, 19], [14, 1, 15, 2], [16, 3, 17, 4], [18, 5, 19, 6], [20, 8, 21, 7], [22, 10, 23, 9], [24, 12, 1, 11], [2, 15, 3, 16], [4, 17, 5, 18], [6, 13, 7, 14], [8, 24, 9, 23]]"
12a_1274_121,"[[8, 24, 9, 23], [10, 22, 11, 21], [12, 20, 13, 19], [14, 1, 15, 2], [16, 3, 17, 4], [18, 5, 19, 6], [20, 8, 21, 7], [22, 10, 23, 9], [24, 12, 1, 11], [2, 15, 3, 16], [4, 17, 5, 18], [6, 13, 7, 14]]"
12a_1274_122,"[[6, 13, 7, 14], [8, 24, 9, 23], [10, 22, 11, 21], [12, 20, 13, 19], [14, 1, 15, 2], [16, 3, 17, 4], [18, 5, 19, 6], [20, 8, 21, 7], [22, 10, 23, 9], [24, 12, 1, 11], [2, 15, 3, 16], [4, 17, 5, 18]]"
12a_1274_123,"[[4, 17, 5, 18], [6, 13, 7, 14], [8, 24, 9, 23], [10, 22, 11, 21], [12, 20, 13, 19], [14, 1, 15, 2], [16, 3, 17, 4], [18, 5, 19, 6], [20, 8, 21, 7], [22, 10, 23, 9], [24, 12, 1, 11], [2, 15, 3, 16]]"
12a_1274_124,"[[2, 15, 3, 16], [4, 17, 5, 18], [6, 13, 7, 14], [8, 24, 9, 23], [10, 22, 11, 21], [12, 20, 13, 19], [14, 1, 15, 2], [16, 3, 17, 4], [18, 5, 19, 6], [20, 8, 21, 7], [22, 10, 23, 9], [24, 12, 1, 11]]"
12a_1274_125,"[[24, 12, 1, 11], [2, 15, 3, 16], [4, 17, 5, 18], [6, 13, 7, 14], [8, 24, 9, 23], [10, 22, 11, 21], [12, 20, 13, 19], [14, 1, 15, 2], [16, 3, 17, 4], [18, 5, 19, 6], [20, 8, 21, 7], [22, 10, 23, 9]]"
12a_1274_126,"[[22, 10, 23, 9], [24, 12, 1, 11], [2, 15, 3, 16], [4, 17, 5, 18], [6, 13, 7, 14], [8, 24, 9, 23], [10, 22, 11, 21], [12, 20, 13, 19], [14, 1, 15, 2], [16, 3, 17, 4], [18, 5, 19, 6], [20, 8, 21, 7]]"
12a_1274_127,"[[20, 8, 21, 7], [22, 10, 23, 9], [24, 12, 1, 11], [2, 15, 3, 16], [4, 17, 5, 18], [6, 13, 7, 14], [8, 24, 9, 23], [10, 22, 11, 21], [12, 20, 13, 19], [14, 1, 15, 2], [16, 3, 17, 4], [18, 5, 19, 6]]"
12a_1274_128,"[[18, 5, 19, 6], [20, 8, 21, 7], [22, 10, 23, 9], [24, 12, 1, 11], [2, 15, 3, 16], [4, 17, 5, 18], [6, 13, 7, 14], [8, 24, 9, 23], [10, 22, 11, 21], [12, 20, 13, 19], [14, 1, 15, 2], [16, 3, 17, 4]]"
12a_1274_129,"[[16, 3, 17, 4], [18, 5, 19, 6], [20, 8, 21, 7], [22, 10, 23, 9], [24, 12, 1, 11], [2, 15, 3, 16], [4, 17, 5, 18], [6, 13, 7, 14], [8, 24, 9, 23], [10, 22, 11, 21], [12, 20, 13, 19], [14, 1, 15, 2]]"
12a_1274_130,"[[14, 1, 15, 2], [16, 3, 17, 4], [18, 5, 19, 6], [20, 8, 21, 7], [22, 10, 23, 9], [24, 12, 1, 11], [2, 15, 3, 16], [4, 17, 5, 18], [6, 13, 7, 14], [8, 24, 9, 23], [10, 22, 11, 21], [12, 20, 13, 19]]"
12a_1274_131,"[[12, 20, 13, 19], [14, 1, 15, 2], [16, 3, 17, 4], [18, 5, 19, 6], [20, 8, 21, 7], [22, 10, 23, 9], [24, 12, 1, 11], [2, 15, 3, 16], [4, 17, 5, 18], [6, 13, 7, 14], [8, 24, 9, 23], [10, 22, 11, 21]]"
12a_1274_132,"[[11, 23, 12, 22], [13, 21, 14, 20], [15, 2, 16, 3], [17, 4, 18, 5], [19, 6, 20, 7], [21, 9, 22, 8], [23, 11, 24, 10], [1, 13, 2, 12], [3, 16, 4, 17], [5, 18, 6, 19], [7, 14, 8, 15], [9, 1, 10, 24]]"
12a_1274_133,"[[9, 1, 10, 24], [11, 23, 12, 22], [13, 21, 14, 20], [15, 2, 16, 3], [17, 4, 18, 5], [19, 6, 20, 7], [21, 9, 22, 8], [23, 11, 24, 10], [1, 13, 2, 12], [3, 16, 4, 17], [5, 18, 6, 19], [7, 14, 8, 15]]"
12a_1274_134,"[[7, 14, 8, 15], [9, 1, 10, 24], [11, 23, 12, 22], [13, 21, 14, 20], [15, 2, 16, 3], [17, 4, 18, 5], [19, 6, 20, 7], [21, 9, 22, 8], [23, 11, 24, 10], [1, 13, 2, 12], [3, 16, 4, 17], [5, 18, 6, 19]]"
12a_1274_135,"[[5, 18, 6, 19], [7, 14, 8, 15], [9, 1, 10, 24], [11, 23, 12, 22], [13, 21, 14, 20], [15, 2, 16, 3], [17, 4, 18, 5], [19, 6, 20, 7], [21, 9, 22, 8], [23, 11, 24, 10], [1, 13, 2, 12], [3, 16, 4, 17]]"
12a_1274_136,"[[3, 16, 4, 17], [5, 18, 6, 19], [7, 14, 8, 15], [9, 1, 10, 24], [11, 23, 12, 22], [13, 21, 14, 20], [15, 2, 16, 3], [17, 4, 18, 5], [19, 6, 20, 7], [21, 9, 22, 8], [23, 11, 24, 10], [1, 13, 2, 12]]"
12a_1274_137,"[[1, 13, 2, 12], [3, 16, 4, 17], [5, 18, 6, 19], [7, 14, 8, 15], [9, 1, 10, 24], [11, 23, 12, 22], [13, 21, 14, 20], [15, 2, 16, 3], [17, 4, 18, 5], [19, 6, 20, 7], [21, 9, 22, 8], [23, 11, 24, 10]]"
12a_1274_138,"[[23, 11, 24, 10], [1, 13, 2, 12], [3, 16, 4, 17], [5, 18, 6, 19], [7, 14, 8, 15], [9, 1, 10, 24], [11, 23, 12, 22], [13, 21, 14, 20], [15, 2, 16, 3], [17, 4, 18, 5], [19, 6, 20, 7], [21, 9, 22, 8]]"
12a_1274_139,"[[21, 9, 22, 8], [23, 11, 24, 10], [1, 13, 2, 12], [3, 16, 4, 17], [5, 18, 6, 19], [7, 14, 8, 15], [9, 1, 10, 24], [11, 23, 12, 22], [13, 21, 14, 20], [15, 2, 16, 3], [17, 4, 18, 5], [19, 6, 20, 7]]"
12a_1274_140,"[[19, 6, 20, 7], [21, 9, 22, 8], [23, 11, 24, 10], [1, 13, 2, 12], [3, 16, 4, 17], [5, 18, 6, 19], [7, 14, 8, 15], [9, 1, 10, 24], [11, 23, 12, 22], [13, 21, 14, 20], [15, 2, 16, 3], [17, 4, 18, 5]]"
12a_1274_141,"[[17, 4, 18, 5], [19, 6, 20, 7], [21, 9, 22, 8], [23, 11, 24, 10], [1, 13, 2, 12], [3, 16, 4, 17], [5, 18, 6, 19], [7, 14, 8, 15], [9, 1, 10, 24], [11, 23, 12, 22], [13, 21, 14, 20], [15, 2, 16, 3]]"
12a_1274_142,"[[15, 2, 16, 3], [17, 4, 18, 5], [19, 6, 20, 7], [21, 9, 22, 8], [23, 11, 24, 10], [1, 13, 2, 12], [3, 16, 4, 17], [5, 18, 6, 19], [7, 14, 8, 15], [9, 1, 10, 24], [11, 23, 12, 22], [13, 21, 14, 20]]"
12a_1274_143,"[[13, 21, 14, 20], [15, 2, 16, 3], [17, 4, 18, 5], [19, 6, 20, 7], [21, 9, 22, 8], [23, 11, 24, 10], [1, 13, 2, 12], [3, 16, 4, 17], [5, 18, 6, 19], [7, 14, 8, 15], [9, 1, 10, 24], [11, 23, 12, 22]]"
12a_1274_144,"[[12, 24, 13, 23], [14, 22, 15, 21], [16, 3, 17, 4], [18, 5, 19, 6], [20, 7, 21, 8], [22, 10, 23, 9], [24, 12, 1, 11], [2, 14, 3, 13], [4, 17, 5, 18], [6, 19, 7, 20], [8, 15, 9, 16], [10, 2, 11, 1]]"
12a_1274_145,"[[10, 2, 11, 1], [12, 24, 13, 23], [14, 22, 15, 21], [16, 3, 17, 4], [18, 5, 19, 6], [20, 7, 21, 8], [22, 10, 23, 9], [24, 12, 1, 11], [2, 14, 3, 13], [4, 17, 5, 18], [6, 19, 7, 20], [8, 15, 9, 16]]"
12a_1274_146,"[[8, 15, 9, 16], [10, 2, 11, 1], [12, 24, 13, 23], [14, 22, 15, 21], [16, 3, 17, 4], [18, 5, 19, 6], [20, 7, 21, 8], [22, 10, 23, 9], [24, 12, 1, 11], [2, 14, 3, 13], [4, 17, 5, 18], [6, 19, 7, 20]]"
12a_1274_147,"[[6, 19, 7, 20], [8, 15, 9, 16], [10, 2, 11, 1], [12, 24, 13, 23], [14, 22, 15, 21], [16, 3, 17, 4], [18, 5, 19, 6], [20, 7, 21, 8], [22, 10, 23, 9], [24, 12, 1, 11], [2, 14, 3, 13], [4, 17, 5, 18]]"
12a_1274_148,"[[4, 17, 5, 18], [6, 19, 7, 20], [8, 15, 9, 16], [10, 2, 11, 1], [12, 24, 13, 23], [14, 22, 15, 21], [16, 3, 17, 4], [18, 5, 19, 6], [20, 7, 21, 8], [22, 10, 23, 9], [24, 12, 1, 11], [2, 14, 3, 13]]"
12a_1274_149,"[[2, 14, 3, 13], [4, 17, 5, 18], [6, 19, 7, 20], [8, 15, 9, 16], [10, 2, 11, 1], [12, 24, 13, 23], [14, 22, 15, 21], [16, 3, 17, 4], [18, 5, 19, 6], [20, 7, 21, 8], [22, 10, 23, 9], [24, 12, 1, 11]]"
12a_1274_150,"[[24, 12, 1, 11], [2, 14, 3, 13], [4, 17, 5, 18], [6, 19, 7, 20], [8, 15, 9, 16], [10, 2, 11, 1], [12, 24, 13, 23], [14, 22, 15, 21], [16, 3, 17, 4], [18, 5, 19, 6], [20, 7, 21, 8], [22, 10, 23, 9]]"
12a_1274_151,"[[22, 10, 23, 9], [24, 12, 1, 11], [2, 14, 3, 13], [4, 17, 5, 18], [6, 19, 7, 20], [8, 15, 9, 16], [10, 2, 11, 1], [12, 24, 13, 23], [14, 22, 15, 21], [16, 3, 17, 4], [18, 5, 19, 6], [20, 7, 21, 8]]"
12a_1274_152,"[[20, 7, 21, 8], [22, 10, 23, 9], [24, 12, 1, 11], [2, 14, 3, 13], [4, 17, 5, 18], [6, 19, 7, 20], [8, 15, 9, 16], [10, 2, 11, 1], [12, 24, 13, 23], [14, 22, 15, 21], [16, 3, 17, 4], [18, 5, 19, 6]]"
12a_1274_153,"[[18, 5, 19, 6], [20, 7, 21, 8], [22, 10, 23, 9], [24, 12, 1, 11], [2, 14, 3, 13], [4, 17, 5, 18], [6, 19, 7, 20], [8, 15, 9, 16], [10, 2, 11, 1], [12, 24, 13, 23], [14, 22, 15, 21], [16, 3, 17, 4]]"
12a_1274_154,"[[16, 3, 17, 4], [18, 5, 19, 6], [20, 7, 21, 8], [22, 10, 23, 9], [24, 12, 1, 11], [2, 14, 3, 13], [4, 17, 5, 18], [6, 19, 7, 20], [8, 15, 9, 16], [10, 2, 11, 1], [12, 24, 13, 23], [14, 22, 15, 21]]"
12a_1274_155,"[[14, 22, 15, 21], [16, 3, 17, 4], [18, 5, 19, 6], [20, 7, 21, 8], [22, 10, 23, 9], [24, 12, 1, 11], [2, 14, 3, 13], [4, 17, 5, 18], [6, 19, 7, 20], [8, 15, 9, 16], [10, 2, 11, 1], [12, 24, 13, 23]]"
12a_1274_156,"[[13, 1, 14, 24], [15, 23, 16, 22], [17, 4, 18, 5], [19, 6, 20, 7], [21, 8, 22, 9], [23, 11, 24, 10], [1, 13, 2, 12], [3, 15, 4, 14], [5, 18, 6, 19], [7, 20, 8, 21], [9, 16, 10, 17], [11, 3, 12, 2]]"
12a_1274_157,"[[11, 3, 12, 2], [13, 1, 14, 24], [15, 23, 16, 22], [17, 4, 18, 5], [19, 6, 20, 7], [21, 8, 22, 9], [23, 11, 24, 10], [1, 13, 2, 12], [3, 15, 4, 14], [5, 18, 6, 19], [7, 20, 8, 21], [9, 16, 10, 17]]"
12a_1274_158,"[[9, 16, 10, 17], [11, 3, 12, 2], [13, 1, 14, 24], [15, 23, 16, 22], [17, 4, 18, 5], [19, 6, 20, 7], [21, 8, 22, 9], [23, 11, 24, 10], [1, 13, 2, 12], [3, 15, 4, 14], [5, 18, 6, 19], [7, 20, 8, 21]]"
12a_1274_159,"[[7, 20, 8, 21], [9, 16, 10, 17], [11, 3, 12, 2], [13, 1, 14, 24], [15, 23, 16, 22], [17, 4, 18, 5], [19, 6, 20, 7], [21, 8, 22, 9], [23, 11, 24, 10], [1, 13, 2, 12], [3, 15, 4, 14], [5, 18, 6, 19]]"
12a_1274_160,"[[5, 18, 6, 19], [7, 20, 8, 21], [9, 16, 10, 17], [11, 3, 12, 2], [13, 1, 14, 24], [15, 23, 16, 22], [17, 4, 18, 5], [19, 6, 20, 7], [21, 8, 22, 9], [23, 11, 24, 10], [1, 13, 2, 12], [3, 15, 4, 14]]"
12a_1274_161,"[[3, 15, 4, 14], [5, 18, 6, 19], [7, 20, 8, 21], [9, 16, 10, 17], [11, 3, 12, 2], [13, 1, 14, 24], [15, 23, 16, 22], [17, 4, 18, 5], [19, 6, 20, 7], [21, 8, 22, 9], [23, 11, 24, 10], [1, 13, 2, 12]]"
12a_1274_162,"[[1, 13, 2, 12], [3, 15, 4, 14], [5, 18, 6, 19], [7, 20, 8, 21], [9, 16, 10, 17], [11, 3, 12, 2], [13, 1, 14, 24], [15, 23, 16, 22], [17, 4, 18, 5], [19, 6, 20, 7], [21, 8, 22, 9], [23, 11, 24, 10]]"
12a_1274_163,"[[23, 11, 24, 10], [1, 13, 2, 12], [3, 15, 4, 14], [5, 18, 6, 19], [7, 20, 8, 21], [9, 16, 10, 17], [11, 3, 12, 2], [13, 1, 14, 24], [15, 23, 16, 22], [17, 4, 18, 5], [19, 6, 20, 7], [21, 8, 22, 9]]"
12a_1274_164,"[[21, 8, 22, 9], [23, 11, 24, 10], [1, 13, 2, 12], [3, 15, 4, 14], [5, 18, 6, 19], [7, 20, 8, 21], [9, 16, 10, 17], [11, 3, 12, 2], [13, 1, 14, 24], [15, 23, 16, 22], [17, 4, 18, 5], [19, 6, 20, 7]]"
12a_1274_165,"[[19, 6, 20, 7], [21, 8, 22, 9], [23, 11, 24, 10], [1, 13, 2, 12], [3, 15, 4, 14], [5, 18, 6, 19], [7, 20, 8, 21], [9, 16, 10, 17], [11, 3, 12, 2], [13, 1, 14, 24], [15, 23, 16, 22], [17, 4, 18, 5]]"
12a_1274_166,"[[17, 4, 18, 5], [19, 6, 20, 7], [21, 8, 22, 9], [23, 11, 24, 10], [1, 13, 2, 12], [3, 15, 4, 14], [5, 18, 6, 19], [7, 20, 8, 21], [9, 16, 10, 17], [11, 3, 12, 2], [13, 1, 14, 24], [15, 23, 16, 22]]"
12a_1274_167,"[[15, 23, 16, 22], [17, 4, 18, 5], [19, 6, 20, 7], [21, 8, 22, 9], [23, 11, 24, 10], [1, 13, 2, 12], [3, 15, 4, 14], [5, 18, 6, 19], [7, 20, 8, 21], [9, 16, 10, 17], [11, 3, 12, 2], [13, 1, 14, 24]]"
12a_1274_168,"[[14, 2, 15, 1], [16, 24, 17, 23], [18, 5, 19, 6], [20, 7, 21, 8], [22, 9, 23, 10], [24, 12, 1, 11], [2, 14, 3, 13], [4, 16, 5, 15], [6, 19, 7, 20], [8, 21, 9, 22], [10, 17, 11, 18], [12, 4, 13, 3]]"
12a_1274_169,"[[12, 4, 13, 3], [14, 2, 15, 1], [16, 24, 17, 23], [18, 5, 19, 6], [20, 7, 21, 8], [22, 9, 23, 10], [24, 12, 1, 11], [2, 14, 3, 13], [4, 16, 5, 15], [6, 19, 7, 20], [8, 21, 9, 22], [10, 17, 11, 18]]"
12a_1274_170,"[[10, 17, 11, 18], [12, 4, 13, 3], [14, 2, 15, 1], [16, 24, 17, 23], [18, 5, 19, 6], [20, 7, 21, 8], [22, 9, 23, 10], [24, 12, 1, 11], [2, 14, 3, 13], [4, 16, 5, 15], [6, 19, 7, 20], [8, 21, 9, 22]]"
12a_1274_171,"[[8, 21, 9, 22], [10, 17, 11, 18], [12, 4, 13, 3], [14, 2, 15, 1], [16, 24, 17, 23], [18, 5, 19, 6], [20, 7, 21, 8], [22, 9, 23, 10], [24, 12, 1, 11], [2, 14, 3, 13], [4, 16, 5, 15], [6, 19, 7, 20]]"
12a_1274_172,"[[6, 19, 7, 20], [8, 21, 9, 22], [10, 17, 11, 18], [12, 4, 13, 3], [14, 2, 15, 1], [16, 24, 17, 23], [18, 5, 19, 6], [20, 7, 21, 8], [22, 9, 23, 10], [24, 12, 1, 11], [2, 14, 3, 13], [4, 16, 5, 15]]"
12a_1274_173,"[[4, 16, 5, 15], [6, 19, 7, 20], [8, 21, 9, 22], [10, 17, 11, 18], [12, 4, 13, 3], [14, 2, 15, 1], [16, 24, 17, 23], [18, 5, 19, 6], [20, 7, 21, 8], [22, 9, 23, 10], [24, 12, 1, 11], [2, 14, 3, 13]]"
12a_1274_174,"[[2, 14, 3, 13], [4, 16, 5, 15], [6, 19, 7, 20], [8, 21, 9, 22], [10, 17, 11, 18], [12, 4, 13, 3], [14, 2, 15, 1], [16, 24, 17, 23], [18, 5, 19, 6], [20, 7, 21, 8], [22, 9, 23, 10], [24, 12, 1, 11]]"
12a_1274_175,"[[24, 12, 1, 11], [2, 14, 3, 13], [4, 16, 5, 15], [6, 19, 7, 20], [8, 21, 9, 22], [10, 17, 11, 18], [12, 4, 13, 3], [14, 2, 15, 1], [16, 24, 17, 23], [18, 5, 19, 6], [20, 7, 21, 8], [22, 9, 23, 10]]"
12a_1274_176,"[[22, 9, 23, 10], [24, 12, 1, 11], [2, 14, 3, 13], [4, 16, 5, 15], [6, 19, 7, 20], [8, 21, 9, 22], [10, 17, 11, 18], [12, 4, 13, 3], [14, 2, 15, 1], [16, 24, 17, 23], [18, 5, 19, 6], [20, 7, 21, 8]]"
12a_1274_177,"[[20, 7, 21, 8], [22, 9, 23, 10], [24, 12, 1, 11], [2, 14, 3, 13], [4, 16, 5, 15], [6, 19, 7, 20], [8, 21, 9, 22], [10, 17, 11, 18], [12, 4, 13, 3], [14, 2, 15, 1], [16, 24, 17, 23], [18, 5, 19, 6]]"
12a_1274_178,"[[18, 5, 19, 6], [20, 7, 21, 8], [22, 9, 23, 10], [24, 12, 1, 11], [2, 14, 3, 13], [4, 16, 5, 15], [6, 19, 7, 20], [8, 21, 9, 22], [10, 17, 11, 18], [12, 4, 13, 3], [14, 2, 15, 1], [16, 24, 17, 23]]"
12a_1274_179,"[[16, 24, 17, 23], [18, 5, 19, 6], [20, 7, 21, 8], [22, 9, 23, 10], [24, 12, 1, 11], [2, 14, 3, 13], [4, 16, 5, 15], [6, 19, 7, 20], [8, 21, 9, 22], [10, 17, 11, 18], [12, 4, 13, 3], [14, 2, 15, 1]]"
12a_1274_180,"[[15, 3, 16, 2], [17, 1, 18, 24], [19, 6, 20, 7], [21, 8, 22, 9], [23, 10, 24, 11], [1, 13, 2, 12], [3, 15, 4, 14], [5, 17, 6, 16], [7, 20, 8, 21], [9, 22, 10, 23], [11, 18, 12, 19], [13, 5, 14, 4]]"
12a_1274_181,"[[13, 5, 14, 4], [15, 3, 16, 2], [17, 1, 18, 24], [19, 6, 20, 7], [21, 8, 22, 9], [23, 10, 24, 11], [1, 13, 2, 12], [3, 15, 4, 14], [5, 17, 6, 16], [7, 20, 8, 21], [9, 22, 10, 23], [11, 18, 12, 19]]"
12a_1274_182,"[[11, 18, 12, 19], [13, 5, 14, 4], [15, 3, 16, 2], [17, 1, 18, 24], [19, 6, 20, 7], [21, 8, 22, 9], [23, 10, 24, 11], [1, 13, 2, 12], [3, 15, 4, 14], [5, 17, 6, 16], [7, 20, 8, 21], [9, 22, 10, 23]]"
12a_1274_183,"[[9, 22, 10, 23], [11, 18, 12, 19], [13, 5, 14, 4], [15, 3, 16, 2], [17, 1, 18, 24], [19, 6, 20, 7], [21, 8, 22, 9], [23, 10, 24, 11], [1, 13, 2, 12], [3, 15, 4, 14], [5, 17, 6, 16], [7, 20, 8, 21]]"
12a_1274_184,"[[7, 20, 8, 21], [9, 22, 10, 23], [11, 18, 12, 19], [13, 5, 14, 4], [15, 3, 16, 2], [17, 1, 18, 24], [19, 6, 20, 7], [21, 8, 22, 9], [23, 10, 24, 11], [1, 13, 2, 12], [3, 15, 4, 14], [5, 17, 6, 16]]"
12a_1274_185,"[[5, 17, 6, 16], [7, 20, 8, 21], [9, 22, 10, 23], [11, 18, 12, 19], [13, 5, 14, 4], [15, 3, 16, 2], [17, 1, 18, 24], [19, 6, 20, 7], [21, 8, 22, 9], [23, 10, 24, 11], [1, 13, 2, 12], [3, 15, 4, 14]]"
