name,pd_notation
12a_0819_0,"[[24, 15, 1, 16], [2, 8, 3, 7], [4, 9, 5, 10], [6, 14, 7, 13], [8, 17, 9, 18], [10, 20, 11, 19], [12, 22, 13, 21], [14, 23, 15, 24], [16, 1, 17, 2], [18, 4, 19, 3], [20, 12, 21, 11], [22, 5, 23, 6]]"
12a_0819_1,"[[22, 5, 23, 6], [24, 15, 1, 16], [2, 8, 3, 7], [4, 9, 5, 10], [6, 14, 7, 13], [8, 17, 9, 18], [10, 20, 11, 19], [12, 22, 13, 21], [14, 23, 15, 24], [16, 1, 17, 2], [18, 4, 19, 3], [20, 12, 21, 11]]"
12a_0819_2,"[[20, 12, 21, 11], [22, 5, 23, 6], [24, 15, 1, 16], [2, 8, 3, 7], [4, 9, 5, 10], [6, 14, 7, 13], [8, 17, 9, 18], [10, 20, 11, 19], [12, 22, 13, 21], [14, 23, 15, 24], [16, 1, 17, 2], [18, 4, 19, 3]]"
12a_0819_3,"[[18, 4, 19, 3], [20, 12, 21, 11], [22, 5, 23, 6], [24, 15, 1, 16], [2, 8, 3, 7], [4, 9, 5, 10], [6, 14, 7, 13], [8, 17, 9, 18], [10, 20, 11, 19], [12, 22, 13, 21], [14, 23, 15, 24], [16, 1, 17, 2]]"
12a_0819_4,"[[16, 1, 17, 2], [18, 4, 19, 3], [20, 12, 21, 11], [22, 5, 23, 6], [24, 15, 1, 16], [2, 8, 3, 7], [4, 9, 5, 10], [6, 14, 7, 13], [8, 17, 9, 18], [10, 20, 11, 19], [12, 22, 13, 21], [14, 23, 15, 24]]"
12a_0819_5,"[[14, 23, 15, 24], [16, 1, 17, 2], [18, 4, 19, 3], [20, 12, 21, 11], [22, 5, 23, 6], [24, 15, 1, 16], [2, 8, 3, 7], [4, 9, 5, 10], [6, 14, 7, 13], [8, 17, 9, 18], [10, 20, 11, 19], [12, 22, 13, 21]]"
12a_0819_6,"[[12, 22, 13, 21], [14, 23, 15, 24], [16, 1, 17, 2], [18, 4, 19, 3], [20, 12, 21, 11], [22, 5, 23, 6], [24, 15, 1, 16], [2, 8, 3, 7], [4, 9, 5, 10], [6, 14, 7, 13], [8, 17, 9, 18], [10, 20, 11, 19]]"
12a_0819_7,"[[10, 20, 11, 19], [12, 22, 13, 21], [14, 23, 15, 24], [16, 1, 17, 2], [18, 4, 19, 3], [20, 12, 21, 11], [22, 5, 23, 6], [24, 15, 1, 16], [2, 8, 3, 7], [4, 9, 5, 10], [6, 14, 7, 13], [8, 17, 9, 18]]"
12a_0819_8,"[[8, 17, 9, 18], [10, 20, 11, 19], [12, 22, 13, 21], [14, 23, 15, 24], [16, 1, 17, 2], [18, 4, 19, 3], [20, 12, 21, 11], [22, 5, 23, 6], [24, 15, 1, 16], [2, 8, 3, 7], [4, 9, 5, 10], [6, 14, 7, 13]]"
12a_0819_9,"[[6, 14, 7, 13], [8, 17, 9, 18], [10, 20, 11, 19], [12, 22, 13, 21], [14, 23, 15, 24], [16, 1, 17, 2], [18, 4, 19, 3], [20, 12, 21, 11], [22, 5, 23, 6], [24, 15, 1, 16], [2, 8, 3, 7], [4, 9, 5, 10]]"
12a_0819_10,"[[4, 9, 5, 10], [6, 14, 7, 13], [8, 17, 9, 18], [10, 20, 11, 19], [12, 22, 13, 21], [14, 23, 15, 24], [16, 1, 17, 2], [18, 4, 19, 3], [20, 12, 21, 11], [22, 5, 23, 6], [24, 15, 1, 16], [2, 8, 3, 7]]"
12a_0819_11,"[[2, 8, 3, 7], [4, 9, 5, 10], [6, 14, 7, 13], [8, 17, 9, 18], [10, 20, 11, 19], [12, 22, 13, 21], [14, 23, 15, 24], [16, 1, 17, 2], [18, 4, 19, 3], [20, 12, 21, 11], [22, 5, 23, 6], [24, 15, 1, 16]]"
12a_0819_12,"[[1, 16, 2, 17], [3, 9, 4, 8], [5, 10, 6, 11], [7, 15, 8, 14], [9, 18, 10, 19], [11, 21, 12, 20], [13, 23, 14, 22], [15, 24, 16, 1], [17, 2, 18, 3], [19, 5, 20, 4], [21, 13, 22, 12], [23, 6, 24, 7]]"
12a_0819_13,"[[23, 6, 24, 7], [1, 16, 2, 17], [3, 9, 4, 8], [5, 10, 6, 11], [7, 15, 8, 14], [9, 18, 10, 19], [11, 21, 12, 20], [13, 23, 14, 22], [15, 24, 16, 1], [17, 2, 18, 3], [19, 5, 20, 4], [21, 13, 22, 12]]"
12a_0819_14,"[[21, 13, 22, 12], [23, 6, 24, 7], [1, 16, 2, 17], [3, 9, 4, 8], [5, 10, 6, 11], [7, 15, 8, 14], [9, 18, 10, 19], [11, 21, 12, 20], [13, 23, 14, 22], [15, 24, 16, 1], [17, 2, 18, 3], [19, 5, 20, 4]]"
12a_0819_15,"[[19, 5, 20, 4], [21, 13, 22, 12], [23, 6, 24, 7], [1, 16, 2, 17], [3, 9, 4, 8], [5, 10, 6, 11], [7, 15, 8, 14], [9, 18, 10, 19], [11, 21, 12, 20], [13, 23, 14, 22], [15, 24, 16, 1], [17, 2, 18, 3]]"
12a_0819_16,"[[17, 2, 18, 3], [19, 5, 20, 4], [21, 13, 22, 12], [23, 6, 24, 7], [1, 16, 2, 17], [3, 9, 4, 8], [5, 10, 6, 11], [7, 15, 8, 14], [9, 18, 10, 19], [11, 21, 12, 20], [13, 23, 14, 22], [15, 24, 16, 1]]"
12a_0819_17,"[[15, 24, 16, 1], [17, 2, 18, 3], [19, 5, 20, 4], [21, 13, 22, 12], [23, 6, 24, 7], [1, 16, 2, 17], [3, 9, 4, 8], [5, 10, 6, 11], [7, 15, 8, 14], [9, 18, 10, 19], [11, 21, 12, 20], [13, 23, 14, 22]]"
12a_0819_18,"[[13, 23, 14, 22], [15, 24, 16, 1], [17, 2, 18, 3], [19, 5, 20, 4], [21, 13, 22, 12], [23, 6, 24, 7], [1, 16, 2, 17], [3, 9, 4, 8], [5, 10, 6, 11], [7, 15, 8, 14], [9, 18, 10, 19], [11, 21, 12, 20]]"
12a_0819_19,"[[11, 21, 12, 20], [13, 23, 14, 22], [15, 24, 16, 1], [17, 2, 18, 3], [19, 5, 20, 4], [21, 13, 22, 12], [23, 6, 24, 7], [1, 16, 2, 17], [3, 9, 4, 8], [5, 10, 6, 11], [7, 15, 8, 14], [9, 18, 10, 19]]"
12a_0819_20,"[[9, 18, 10, 19], [11, 21, 12, 20], [13, 23, 14, 22], [15, 24, 16, 1], [17, 2, 18, 3], [19, 5, 20, 4], [21, 13, 22, 12], [23, 6, 24, 7], [1, 16, 2, 17], [3, 9, 4, 8], [5, 10, 6, 11], [7, 15, 8, 14]]"
12a_0819_21,"[[7, 15, 8, 14], [9, 18, 10, 19], [11, 21, 12, 20], [13, 23, 14, 22], [15, 24, 16, 1], [17, 2, 18, 3], [19, 5, 20, 4], [21, 13, 22, 12], [23, 6, 24, 7], [1, 16, 2, 17], [3, 9, 4, 8], [5, 10, 6, 11]]"
12a_0819_22,"[[5, 10, 6, 11], [7, 15, 8, 14], [9, 18, 10, 19], [11, 21, 12, 20], [13, 23, 14, 22], [15, 24, 16, 1], [17, 2, 18, 3], [19, 5, 20, 4], [21, 13, 22, 12], [23, 6, 24, 7], [1, 16, 2, 17], [3, 9, 4, 8]]"
12a_0819_23,"[[3, 9, 4, 8], [5, 10, 6, 11], [7, 15, 8, 14], [9, 18, 10, 19], [11, 21, 12, 20], [13, 23, 14, 22], [15, 24, 16, 1], [17, 2, 18, 3], [19, 5, 20, 4], [21, 13, 22, 12], [23, 6, 24, 7], [1, 16, 2, 17]]"
12a_0819_24,"[[2, 17, 3, 18], [4, 10, 5, 9], [6, 11, 7, 12], [8, 16, 9, 15], [10, 19, 11, 20], [12, 22, 13, 21], [14, 24, 15, 23], [16, 1, 17, 2], [18, 3, 19, 4], [20, 6, 21, 5], [22, 14, 23, 13], [24, 7, 1, 8]]"
12a_0819_25,"[[24, 7, 1, 8], [2, 17, 3, 18], [4, 10, 5, 9], [6, 11, 7, 12], [8, 16, 9, 15], [10, 19, 11, 20], [12, 22, 13, 21], [14, 24, 15, 23], [16, 1, 17, 2], [18, 3, 19, 4], [20, 6, 21, 5], [22, 14, 23, 13]]"
12a_0819_26,"[[22, 14, 23, 13], [24, 7, 1, 8], [2, 17, 3, 18], [4, 10, 5, 9], [6, 11, 7, 12], [8, 16, 9, 15], [10, 19, 11, 20], [12, 22, 13, 21], [14, 24, 15, 23], [16, 1, 17, 2], [18, 3, 19, 4], [20, 6, 21, 5]]"
12a_0819_27,"[[20, 6, 21, 5], [22, 14, 23, 13], [24, 7, 1, 8], [2, 17, 3, 18], [4, 10, 5, 9], [6, 11, 7, 12], [8, 16, 9, 15], [10, 19, 11, 20], [12, 22, 13, 21], [14, 24, 15, 23], [16, 1, 17, 2], [18, 3, 19, 4]]"
12a_0819_28,"[[18, 3, 19, 4], [20, 6, 21, 5], [22, 14, 23, 13], [24, 7, 1, 8], [2, 17, 3, 18], [4, 10, 5, 9], [6, 11, 7, 12], [8, 16, 9, 15], [10, 19, 11, 20], [12, 22, 13, 21], [14, 24, 15, 23], [16, 1, 17, 2]]"
12a_0819_29,"[[16, 1, 17, 2], [18, 3, 19, 4], [20, 6, 21, 5], [22, 14, 23, 13], [24, 7, 1, 8], [2, 17, 3, 18], [4, 10, 5, 9], [6, 11, 7, 12], [8, 16, 9, 15], [10, 19, 11, 20], [12, 22, 13, 21], [14, 24, 15, 23]]"
12a_0819_30,"[[14, 24, 15, 23], [16, 1, 17, 2], [18, 3, 19, 4], [20, 6, 21, 5], [22, 14, 23, 13], [24, 7, 1, 8], [2, 17, 3, 18], [4, 10, 5, 9], [6, 11, 7, 12], [8, 16, 9, 15], [10, 19, 11, 20], [12, 22, 13, 21]]"
12a_0819_31,"[[12, 22, 13, 21], [14, 24, 15, 23], [16, 1, 17, 2], [18, 3, 19, 4], [20, 6, 21, 5], [22, 14, 23, 13], [24, 7, 1, 8], [2, 17, 3, 18], [4, 10, 5, 9], [6, 11, 7, 12], [8, 16, 9, 15], [10, 19, 11, 20]]"
12a_0819_32,"[[10, 19, 11, 20], [12, 22, 13, 21], [14, 24, 15, 23], [16, 1, 17, 2], [18, 3, 19, 4], [20, 6, 21, 5], [22, 14, 23, 13], [24, 7, 1, 8], [2, 17, 3, 18], [4, 10, 5, 9], [6, 11, 7, 12], [8, 16, 9, 15]]"
12a_0819_33,"[[8, 16, 9, 15], [10, 19, 11, 20], [12, 22, 13, 21], [14, 24, 15, 23], [16, 1, 17, 2], [18, 3, 19, 4], [20, 6, 21, 5], [22, 14, 23, 13], [24, 7, 1, 8], [2, 17, 3, 18], [4, 10, 5, 9], [6, 11, 7, 12]]"
12a_0819_34,"[[6, 11, 7, 12], [8, 16, 9, 15], [10, 19, 11, 20], [12, 22, 13, 21], [14, 24, 15, 23], [16, 1, 17, 2], [18, 3, 19, 4], [20, 6, 21, 5], [22, 14, 23, 13], [24, 7, 1, 8], [2, 17, 3, 18], [4, 10, 5, 9]]"
12a_0819_35,"[[4, 10, 5, 9], [6, 11, 7, 12], [8, 16, 9, 15], [10, 19, 11, 20], [12, 22, 13, 21], [14, 24, 15, 23], [16, 1, 17, 2], [18, 3, 19, 4], [20, 6, 21, 5], [22, 14, 23, 13], [24, 7, 1, 8], [2, 17, 3, 18]]"
12a_0819_36,"[[3, 18, 4, 19], [5, 11, 6, 10], [7, 12, 8, 13], [9, 17, 10, 16], [11, 20, 12, 21], [13, 23, 14, 22], [15, 1, 16, 24], [17, 2, 18, 3], [19, 4, 20, 5], [21, 7, 22, 6], [23, 15, 24, 14], [1, 8, 2, 9]]"
12a_0819_37,"[[1, 8, 2, 9], [3, 18, 4, 19], [5, 11, 6, 10], [7, 12, 8, 13], [9, 17, 10, 16], [11, 20, 12, 21], [13, 23, 14, 22], [15, 1, 16, 24], [17, 2, 18, 3], [19, 4, 20, 5], [21, 7, 22, 6], [23, 15, 24, 14]]"
12a_0819_38,"[[23, 15, 24, 14], [1, 8, 2, 9], [3, 18, 4, 19], [5, 11, 6, 10], [7, 12, 8, 13], [9, 17, 10, 16], [11, 20, 12, 21], [13, 23, 14, 22], [15, 1, 16, 24], [17, 2, 18, 3], [19, 4, 20, 5], [21, 7, 22, 6]]"
12a_0819_39,"[[21, 7, 22, 6], [23, 15, 24, 14], [1, 8, 2, 9], [3, 18, 4, 19], [5, 11, 6, 10], [7, 12, 8, 13], [9, 17, 10, 16], [11, 20, 12, 21], [13, 23, 14, 22], [15, 1, 16, 24], [17, 2, 18, 3], [19, 4, 20, 5]]"
12a_0819_40,"[[19, 4, 20, 5], [21, 7, 22, 6], [23, 15, 24, 14], [1, 8, 2, 9], [3, 18, 4, 19], [5, 11, 6, 10], [7, 12, 8, 13], [9, 17, 10, 16], [11, 20, 12, 21], [13, 23, 14, 22], [15, 1, 16, 24], [17, 2, 18, 3]]"
12a_0819_41,"[[17, 2, 18, 3], [19, 4, 20, 5], [21, 7, 22, 6], [23, 15, 24, 14], [1, 8, 2, 9], [3, 18, 4, 19], [5, 11, 6, 10], [7, 12, 8, 13], [9, 17, 10, 16], [11, 20, 12, 21], [13, 23, 14, 22], [15, 1, 16, 24]]"
12a_0819_42,"[[15, 1, 16, 24], [17, 2, 18, 3], [19, 4, 20, 5], [21, 7, 22, 6], [23, 15, 24, 14], [1, 8, 2, 9], [3, 18, 4, 19], [5, 11, 6, 10], [7, 12, 8, 13], [9, 17, 10, 16], [11, 20, 12, 21], [13, 23, 14, 22]]"
12a_0819_43,"[[13, 23, 14, 22], [15, 1, 16, 24], [17, 2, 18, 3], [19, 4, 20, 5], [21, 7, 22, 6], [23, 15, 24, 14], [1, 8, 2, 9], [3, 18, 4, 19], [5, 11, 6, 10], [7, 12, 8, 13], [9, 17, 10, 16], [11, 20, 12, 21]]"
12a_0819_44,"[[11, 20, 12, 21], [13, 23, 14, 22], [15, 1, 16, 24], [17, 2, 18, 3], [19, 4, 20, 5], [21, 7, 22, 6], [23, 15, 24, 14], [1, 8, 2, 9], [3, 18, 4, 19], [5, 11, 6, 10], [7, 12, 8, 13], [9, 17, 10, 16]]"
12a_0819_45,"[[9, 17, 10, 16], [11, 20, 12, 21], [13, 23, 14, 22], [15, 1, 16, 24], [17, 2, 18, 3], [19, 4, 20, 5], [21, 7, 22, 6], [23, 15, 24, 14], [1, 8, 2, 9], [3, 18, 4, 19], [5, 11, 6, 10], [7, 12, 8, 13]]"
12a_0819_46,"[[7, 12, 8, 13], [9, 17, 10, 16], [11, 20, 12, 21], [13, 23, 14, 22], [15, 1, 16, 24], [17, 2, 18, 3], [19, 4, 20, 5], [21, 7, 22, 6], [23, 15, 24, 14], [1, 8, 2, 9], [3, 18, 4, 19], [5, 11, 6, 10]]"
12a_0819_47,"[[5, 11, 6, 10], [7, 12, 8, 13], [9, 17, 10, 16], [11, 20, 12, 21], [13, 23, 14, 22], [15, 1, 16, 24], [17, 2, 18, 3], [19, 4, 20, 5], [21, 7, 22, 6], [23, 15, 24, 14], [1, 8, 2, 9], [3, 18, 4, 19]]"
12a_0819_48,"[[4, 19, 5, 20], [6, 12, 7, 11], [8, 13, 9, 14], [10, 18, 11, 17], [12, 21, 13, 22], [14, 24, 15, 23], [16, 2, 17, 1], [18, 3, 19, 4], [20, 5, 21, 6], [22, 8, 23, 7], [24, 16, 1, 15], [2, 9, 3, 10]]"
12a_0819_49,"[[2, 9, 3, 10], [4, 19, 5, 20], [6, 12, 7, 11], [8, 13, 9, 14], [10, 18, 11, 17], [12, 21, 13, 22], [14, 24, 15, 23], [16, 2, 17, 1], [18, 3, 19, 4], [20, 5, 21, 6], [22, 8, 23, 7], [24, 16, 1, 15]]"
12a_0819_50,"[[24, 16, 1, 15], [2, 9, 3, 10], [4, 19, 5, 20], [6, 12, 7, 11], [8, 13, 9, 14], [10, 18, 11, 17], [12, 21, 13, 22], [14, 24, 15, 23], [16, 2, 17, 1], [18, 3, 19, 4], [20, 5, 21, 6], [22, 8, 23, 7]]"
12a_0819_51,"[[22, 8, 23, 7], [24, 16, 1, 15], [2, 9, 3, 10], [4, 19, 5, 20], [6, 12, 7, 11], [8, 13, 9, 14], [10, 18, 11, 17], [12, 21, 13, 22], [14, 24, 15, 23], [16, 2, 17, 1], [18, 3, 19, 4], [20, 5, 21, 6]]"
12a_0819_52,"[[20, 5, 21, 6], [22, 8, 23, 7], [24, 16, 1, 15], [2, 9, 3, 10], [4, 19, 5, 20], [6, 12, 7, 11], [8, 13, 9, 14], [10, 18, 11, 17], [12, 21, 13, 22], [14, 24, 15, 23], [16, 2, 17, 1], [18, 3, 19, 4]]"
12a_0819_53,"[[18, 3, 19, 4], [20, 5, 21, 6], [22, 8, 23, 7], [24, 16, 1, 15], [2, 9, 3, 10], [4, 19, 5, 20], [6, 12, 7, 11], [8, 13, 9, 14], [10, 18, 11, 17], [12, 21, 13, 22], [14, 24, 15, 23], [16, 2, 17, 1]]"
12a_0819_54,"[[16, 2, 17, 1], [18, 3, 19, 4], [20, 5, 21, 6], [22, 8, 23, 7], [24, 16, 1, 15], [2, 9, 3, 10], [4, 19, 5, 20], [6, 12, 7, 11], [8, 13, 9, 14], [10, 18, 11, 17], [12, 21, 13, 22], [14, 24, 15, 23]]"
12a_0819_55,"[[14, 24, 15, 23], [16, 2, 17, 1], [18, 3, 19, 4], [20, 5, 21, 6], [22, 8, 23, 7], [24, 16, 1, 15], [2, 9, 3, 10], [4, 19, 5, 20], [6, 12, 7, 11], [8, 13, 9, 14], [10, 18, 11, 17], [12, 21, 13, 22]]"
12a_0819_56,"[[12, 21, 13, 22], [14, 24, 15, 23], [16, 2, 17, 1], [18, 3, 19, 4], [20, 5, 21, 6], [22, 8, 23, 7], [24, 16, 1, 15], [2, 9, 3, 10], [4, 19, 5, 20], [6, 12, 7, 11], [8, 13, 9, 14], [10, 18, 11, 17]]"
12a_0819_57,"[[10, 18, 11, 17], [12, 21, 13, 22], [14, 24, 15, 23], [16, 2, 17, 1], [18, 3, 19, 4], [20, 5, 21, 6], [22, 8, 23, 7], [24, 16, 1, 15], [2, 9, 3, 10], [4, 19, 5, 20], [6, 12, 7, 11], [8, 13, 9, 14]]"
12a_0819_58,"[[8, 13, 9, 14], [10, 18, 11, 17], [12, 21, 13, 22], [14, 24, 15, 23], [16, 2, 17, 1], [18, 3, 19, 4], [20, 5, 21, 6], [22, 8, 23, 7], [24, 16, 1, 15], [2, 9, 3, 10], [4, 19, 5, 20], [6, 12, 7, 11]]"
12a_0819_59,"[[6, 12, 7, 11], [8, 13, 9, 14], [10, 18, 11, 17], [12, 21, 13, 22], [14, 24, 15, 23], [16, 2, 17, 1], [18, 3, 19, 4], [20, 5, 21, 6], [22, 8, 23, 7], [24, 16, 1, 15], [2, 9, 3, 10], [4, 19, 5, 20]]"
12a_0819_60,"[[5, 20, 6, 21], [7, 13, 8, 12], [9, 14, 10, 15], [11, 19, 12, 18], [13, 22, 14, 23], [15, 1, 16, 24], [17, 3, 18, 2], [19, 4, 20, 5], [21, 6, 22, 7], [23, 9, 24, 8], [1, 17, 2, 16], [3, 10, 4, 11]]"
12a_0819_61,"[[3, 10, 4, 11], [5, 20, 6, 21], [7, 13, 8, 12], [9, 14, 10, 15], [11, 19, 12, 18], [13, 22, 14, 23], [15, 1, 16, 24], [17, 3, 18, 2], [19, 4, 20, 5], [21, 6, 22, 7], [23, 9, 24, 8], [1, 17, 2, 16]]"
12a_0819_62,"[[1, 17, 2, 16], [3, 10, 4, 11], [5, 20, 6, 21], [7, 13, 8, 12], [9, 14, 10, 15], [11, 19, 12, 18], [13, 22, 14, 23], [15, 1, 16, 24], [17, 3, 18, 2], [19, 4, 20, 5], [21, 6, 22, 7], [23, 9, 24, 8]]"
12a_0819_63,"[[23, 9, 24, 8], [1, 17, 2, 16], [3, 10, 4, 11], [5, 20, 6, 21], [7, 13, 8, 12], [9, 14, 10, 15], [11, 19, 12, 18], [13, 22, 14, 23], [15, 1, 16, 24], [17, 3, 18, 2], [19, 4, 20, 5], [21, 6, 22, 7]]"
12a_0819_64,"[[21, 6, 22, 7], [23, 9, 24, 8], [1, 17, 2, 16], [3, 10, 4, 11], [5, 20, 6, 21], [7, 13, 8, 12], [9, 14, 10, 15], [11, 19, 12, 18], [13, 22, 14, 23], [15, 1, 16, 24], [17, 3, 18, 2], [19, 4, 20, 5]]"
12a_0819_65,"[[19, 4, 20, 5], [21, 6, 22, 7], [23, 9, 24, 8], [1, 17, 2, 16], [3, 10, 4, 11], [5, 20, 6, 21], [7, 13, 8, 12], [9, 14, 10, 15], [11, 19, 12, 18], [13, 22, 14, 23], [15, 1, 16, 24], [17, 3, 18, 2]]"
12a_0819_66,"[[17, 3, 18, 2], [19, 4, 20, 5], [21, 6, 22, 7], [23, 9, 24, 8], [1, 17, 2, 16], [3, 10, 4, 11], [5, 20, 6, 21], [7, 13, 8, 12], [9, 14, 10, 15], [11, 19, 12, 18], [13, 22, 14, 23], [15, 1, 16, 24]]"
12a_0819_67,"[[15, 1, 16, 24], [17, 3, 18, 2], [19, 4, 20, 5], [21, 6, 22, 7], [23, 9, 24, 8], [1, 17, 2, 16], [3, 10, 4, 11], [5, 20, 6, 21], [7, 13, 8, 12], [9, 14, 10, 15], [11, 19, 12, 18], [13, 22, 14, 23]]"
12a_0819_68,"[[13, 22, 14, 23], [15, 1, 16, 24], [17, 3, 18, 2], [19, 4, 20, 5], [21, 6, 22, 7], [23, 9, 24, 8], [1, 17, 2, 16], [3, 10, 4, 11], [5, 20, 6, 21], [7, 13, 8, 12], [9, 14, 10, 15], [11, 19, 12, 18]]"
12a_0819_69,"[[11, 19, 12, 18], [13, 22, 14, 23], [15, 1, 16, 24], [17, 3, 18, 2], [19, 4, 20, 5], [21, 6, 22, 7], [23, 9, 24, 8], [1, 17, 2, 16], [3, 10, 4, 11], [5, 20, 6, 21], [7, 13, 8, 12], [9, 14, 10, 15]]"
12a_0819_70,"[[9, 14, 10, 15], [11, 19, 12, 18], [13, 22, 14, 23], [15, 1, 16, 24], [17, 3, 18, 2], [19, 4, 20, 5], [21, 6, 22, 7], [23, 9, 24, 8], [1, 17, 2, 16], [3, 10, 4, 11], [5, 20, 6, 21], [7, 13, 8, 12]]"
12a_0819_71,"[[7, 13, 8, 12], [9, 14, 10, 15], [11, 19, 12, 18], [13, 22, 14, 23], [15, 1, 16, 24], [17, 3, 18, 2], [19, 4, 20, 5], [21, 6, 22, 7], [23, 9, 24, 8], [1, 17, 2, 16], [3, 10, 4, 11], [5, 20, 6, 21]]"
12a_0819_72,"[[6, 21, 7, 22], [8, 14, 9, 13], [10, 15, 11, 16], [12, 20, 13, 19], [14, 23, 15, 24], [16, 2, 17, 1], [18, 4, 19, 3], [20, 5, 21, 6], [22, 7, 23, 8], [24, 10, 1, 9], [2, 18, 3, 17], [4, 11, 5, 12]]"
12a_0819_73,"[[4, 11, 5, 12], [6, 21, 7, 22], [8, 14, 9, 13], [10, 15, 11, 16], [12, 20, 13, 19], [14, 23, 15, 24], [16, 2, 17, 1], [18, 4, 19, 3], [20, 5, 21, 6], [22, 7, 23, 8], [24, 10, 1, 9], [2, 18, 3, 17]]"
12a_0819_74,"[[2, 18, 3, 17], [4, 11, 5, 12], [6, 21, 7, 22], [8, 14, 9, 13], [10, 15, 11, 16], [12, 20, 13, 19], [14, 23, 15, 24], [16, 2, 17, 1], [18, 4, 19, 3], [20, 5, 21, 6], [22, 7, 23, 8], [24, 10, 1, 9]]"
12a_0819_75,"[[24, 10, 1, 9], [2, 18, 3, 17], [4, 11, 5, 12], [6, 21, 7, 22], [8, 14, 9, 13], [10, 15, 11, 16], [12, 20, 13, 19], [14, 23, 15, 24], [16, 2, 17, 1], [18, 4, 19, 3], [20, 5, 21, 6], [22, 7, 23, 8]]"
12a_0819_76,"[[22, 7, 23, 8], [24, 10, 1, 9], [2, 18, 3, 17], [4, 11, 5, 12], [6, 21, 7, 22], [8, 14, 9, 13], [10, 15, 11, 16], [12, 20, 13, 19], [14, 23, 15, 24], [16, 2, 17, 1], [18, 4, 19, 3], [20, 5, 21, 6]]"
12a_0819_77,"[[20, 5, 21, 6], [22, 7, 23, 8], [24, 10, 1, 9], [2, 18, 3, 17], [4, 11, 5, 12], [6, 21, 7, 22], [8, 14, 9, 13], [10, 15, 11, 16], [12, 20, 13, 19], [14, 23, 15, 24], [16, 2, 17, 1], [18, 4, 19, 3]]"
12a_0819_78,"[[18, 4, 19, 3], [20, 5, 21, 6], [22, 7, 23, 8], [24, 10, 1, 9], [2, 18, 3, 17], [4, 11, 5, 12], [6, 21, 7, 22], [8, 14, 9, 13], [10, 15, 11, 16], [12, 20, 13, 19], [14, 23, 15, 24], [16, 2, 17, 1]]"
12a_0819_79,"[[16, 2, 17, 1], [18, 4, 19, 3], [20, 5, 21, 6], [22, 7, 23, 8], [24, 10, 1, 9], [2, 18, 3, 17], [4, 11, 5, 12], [6, 21, 7, 22], [8, 14, 9, 13], [10, 15, 11, 16], [12, 20, 13, 19], [14, 23, 15, 24]]"
12a_0819_80,"[[14, 23, 15, 24], [16, 2, 17, 1], [18, 4, 19, 3], [20, 5, 21, 6], [22, 7, 23, 8], [24, 10, 1, 9], [2, 18, 3, 17], [4, 11, 5, 12], [6, 21, 7, 22], [8, 14, 9, 13], [10, 15, 11, 16], [12, 20, 13, 19]]"
12a_0819_81,"[[12, 20, 13, 19], [14, 23, 15, 24], [16, 2, 17, 1], [18, 4, 19, 3], [20, 5, 21, 6], [22, 7, 23, 8], [24, 10, 1, 9], [2, 18, 3, 17], [4, 11, 5, 12], [6, 21, 7, 22], [8, 14, 9, 13], [10, 15, 11, 16]]"
12a_0819_82,"[[10, 15, 11, 16], [12, 20, 13, 19], [14, 23, 15, 24], [16, 2, 17, 1], [18, 4, 19, 3], [20, 5, 21, 6], [22, 7, 23, 8], [24, 10, 1, 9], [2, 18, 3, 17], [4, 11, 5, 12], [6, 21, 7, 22], [8, 14, 9, 13]]"
12a_0819_83,"[[8, 14, 9, 13], [10, 15, 11, 16], [12, 20, 13, 19], [14, 23, 15, 24], [16, 2, 17, 1], [18, 4, 19, 3], [20, 5, 21, 6], [22, 7, 23, 8], [24, 10, 1, 9], [2, 18, 3, 17], [4, 11, 5, 12], [6, 21, 7, 22]]"
12a_0819_84,"[[7, 22, 8, 23], [9, 15, 10, 14], [11, 16, 12, 17], [13, 21, 14, 20], [15, 24, 16, 1], [17, 3, 18, 2], [19, 5, 20, 4], [21, 6, 22, 7], [23, 8, 24, 9], [1, 11, 2, 10], [3, 19, 4, 18], [5, 12, 6, 13]]"
12a_0819_85,"[[5, 12, 6, 13], [7, 22, 8, 23], [9, 15, 10, 14], [11, 16, 12, 17], [13, 21, 14, 20], [15, 24, 16, 1], [17, 3, 18, 2], [19, 5, 20, 4], [21, 6, 22, 7], [23, 8, 24, 9], [1, 11, 2, 10], [3, 19, 4, 18]]"
12a_0819_86,"[[3, 19, 4, 18], [5, 12, 6, 13], [7, 22, 8, 23], [9, 15, 10, 14], [11, 16, 12, 17], [13, 21, 14, 20], [15, 24, 16, 1], [17, 3, 18, 2], [19, 5, 20, 4], [21, 6, 22, 7], [23, 8, 24, 9], [1, 11, 2, 10]]"
12a_0819_87,"[[1, 11, 2, 10], [3, 19, 4, 18], [5, 12, 6, 13], [7, 22, 8, 23], [9, 15, 10, 14], [11, 16, 12, 17], [13, 21, 14, 20], [15, 24, 16, 1], [17, 3, 18, 2], [19, 5, 20, 4], [21, 6, 22, 7], [23, 8, 24, 9]]"
12a_0819_88,"[[23, 8, 24, 9], [1, 11, 2, 10], [3, 19, 4, 18], [5, 12, 6, 13], [7, 22, 8, 23], [9, 15, 10, 14], [11, 16, 12, 17], [13, 21, 14, 20], [15, 24, 16, 1], [17, 3, 18, 2], [19, 5, 20, 4], [21, 6, 22, 7]]"
12a_0819_89,"[[21, 6, 22, 7], [23, 8, 24, 9], [1, 11, 2, 10], [3, 19, 4, 18], [5, 12, 6, 13], [7, 22, 8, 23], [9, 15, 10, 14], [11, 16, 12, 17], [13, 21, 14, 20], [15, 24, 16, 1], [17, 3, 18, 2], [19, 5, 20, 4]]"
12a_0819_90,"[[19, 5, 20, 4], [21, 6, 22, 7], [23, 8, 24, 9], [1, 11, 2, 10], [3, 19, 4, 18], [5, 12, 6, 13], [7, 22, 8, 23], [9, 15, 10, 14], [11, 16, 12, 17], [13, 21, 14, 20], [15, 24, 16, 1], [17, 3, 18, 2]]"
12a_0819_91,"[[17, 3, 18, 2], [19, 5, 20, 4], [21, 6, 22, 7], [23, 8, 24, 9], [1, 11, 2, 10], [3, 19, 4, 18], [5, 12, 6, 13], [7, 22, 8, 23], [9, 15, 10, 14], [11, 16, 12, 17], [13, 21, 14, 20], [15, 24, 16, 1]]"
12a_0819_92,"[[15, 24, 16, 1], [17, 3, 18, 2], [19, 5, 20, 4], [21, 6, 22, 7], [23, 8, 24, 9], [1, 11, 2, 10], [3, 19, 4, 18], [5, 12, 6, 13], [7, 22, 8, 23], [9, 15, 10, 14], [11, 16, 12, 17], [13, 21, 14, 20]]"
12a_0819_93,"[[13, 21, 14, 20], [15, 24, 16, 1], [17, 3, 18, 2], [19, 5, 20, 4], [21, 6, 22, 7], [23, 8, 24, 9], [1, 11, 2, 10], [3, 19, 4, 18], [5, 12, 6, 13], [7, 22, 8, 23], [9, 15, 10, 14], [11, 16, 12, 17]]"
12a_0819_94,"[[11, 16, 12, 17], [13, 21, 14, 20], [15, 24, 16, 1], [17, 3, 18, 2], [19, 5, 20, 4], [21, 6, 22, 7], [23, 8, 24, 9], [1, 11, 2, 10], [3, 19, 4, 18], [5, 12, 6, 13], [7, 22, 8, 23], [9, 15, 10, 14]]"
12a_0819_95,"[[9, 15, 10, 14], [11, 16, 12, 17], [13, 21, 14, 20], [15, 24, 16, 1], [17, 3, 18, 2], [19, 5, 20, 4], [21, 6, 22, 7], [23, 8, 24, 9], [1, 11, 2, 10], [3, 19, 4, 18], [5, 12, 6, 13], [7, 22, 8, 23]]"
12a_0819_96,"[[8, 23, 9, 24], [10, 16, 11, 15], [12, 17, 13, 18], [14, 22, 15, 21], [16, 1, 17, 2], [18, 4, 19, 3], [20, 6, 21, 5], [22, 7, 23, 8], [24, 9, 1, 10], [2, 12, 3, 11], [4, 20, 5, 19], [6, 13, 7, 14]]"
12a_0819_97,"[[6, 13, 7, 14], [8, 23, 9, 24], [10, 16, 11, 15], [12, 17, 13, 18], [14, 22, 15, 21], [16, 1, 17, 2], [18, 4, 19, 3], [20, 6, 21, 5], [22, 7, 23, 8], [24, 9, 1, 10], [2, 12, 3, 11], [4, 20, 5, 19]]"
12a_0819_98,"[[4, 20, 5, 19], [6, 13, 7, 14], [8, 23, 9, 24], [10, 16, 11, 15], [12, 17, 13, 18], [14, 22, 15, 21], [16, 1, 17, 2], [18, 4, 19, 3], [20, 6, 21, 5], [22, 7, 23, 8], [24, 9, 1, 10], [2, 12, 3, 11]]"
12a_0819_99,"[[2, 12, 3, 11], [4, 20, 5, 19], [6, 13, 7, 14], [8, 23, 9, 24], [10, 16, 11, 15], [12, 17, 13, 18], [14, 22, 15, 21], [16, 1, 17, 2], [18, 4, 19, 3], [20, 6, 21, 5], [22, 7, 23, 8], [24, 9, 1, 10]]"
12a_0819_100,"[[24, 9, 1, 10], [2, 12, 3, 11], [4, 20, 5, 19], [6, 13, 7, 14], [8, 23, 9, 24], [10, 16, 11, 15], [12, 17, 13, 18], [14, 22, 15, 21], [16, 1, 17, 2], [18, 4, 19, 3], [20, 6, 21, 5], [22, 7, 23, 8]]"
12a_0819_101,"[[22, 7, 23, 8], [24, 9, 1, 10], [2, 12, 3, 11], [4, 20, 5, 19], [6, 13, 7, 14], [8, 23, 9, 24], [10, 16, 11, 15], [12, 17, 13, 18], [14, 22, 15, 21], [16, 1, 17, 2], [18, 4, 19, 3], [20, 6, 21, 5]]"
12a_0819_102,"[[20, 6, 21, 5], [22, 7, 23, 8], [24, 9, 1, 10], [2, 12, 3, 11], [4, 20, 5, 19], [6, 13, 7, 14], [8, 23, 9, 24], [10, 16, 11, 15], [12, 17, 13, 18], [14, 22, 15, 21], [16, 1, 17, 2], [18, 4, 19, 3]]"
12a_0819_103,"[[18, 4, 19, 3], [20, 6, 21, 5], [22, 7, 23, 8], [24, 9, 1, 10], [2, 12, 3, 11], [4, 20, 5, 19], [6, 13, 7, 14], [8, 23, 9, 24], [10, 16, 11, 15], [12, 17, 13, 18], [14, 22, 15, 21], [16, 1, 17, 2]]"
12a_0819_104,"[[16, 1, 17, 2], [18, 4, 19, 3], [20, 6, 21, 5], [22, 7, 23, 8], [24, 9, 1, 10], [2, 12, 3, 11], [4, 20, 5, 19], [6, 13, 7, 14], [8, 23, 9, 24], [10, 16, 11, 15], [12, 17, 13, 18], [14, 22, 15, 21]]"
12a_0819_105,"[[14, 22, 15, 21], [16, 1, 17, 2], [18, 4, 19, 3], [20, 6, 21, 5], [22, 7, 23, 8], [24, 9, 1, 10], [2, 12, 3, 11], [4, 20, 5, 19], [6, 13, 7, 14], [8, 23, 9, 24], [10, 16, 11, 15], [12, 17, 13, 18]]"
12a_0819_106,"[[12, 17, 13, 18], [14, 22, 15, 21], [16, 1, 17, 2], [18, 4, 19, 3], [20, 6, 21, 5], [22, 7, 23, 8], [24, 9, 1, 10], [2, 12, 3, 11], [4, 20, 5, 19], [6, 13, 7, 14], [8, 23, 9, 24], [10, 16, 11, 15]]"
12a_0819_107,"[[10, 16, 11, 15], [12, 17, 13, 18], [14, 22, 15, 21], [16, 1, 17, 2], [18, 4, 19, 3], [20, 6, 21, 5], [22, 7, 23, 8], [24, 9, 1, 10], [2, 12, 3, 11], [4, 20, 5, 19], [6, 13, 7, 14], [8, 23, 9, 24]]"
12a_0819_108,"[[9, 24, 10, 1], [11, 17, 12, 16], [13, 18, 14, 19], [15, 23, 16, 22], [17, 2, 18, 3], [19, 5, 20, 4], [21, 7, 22, 6], [23, 8, 24, 9], [1, 10, 2, 11], [3, 13, 4, 12], [5, 21, 6, 20], [7, 14, 8, 15]]"
12a_0819_109,"[[7, 14, 8, 15], [9, 24, 10, 1], [11, 17, 12, 16], [13, 18, 14, 19], [15, 23, 16, 22], [17, 2, 18, 3], [19, 5, 20, 4], [21, 7, 22, 6], [23, 8, 24, 9], [1, 10, 2, 11], [3, 13, 4, 12], [5, 21, 6, 20]]"
12a_0819_110,"[[5, 21, 6, 20], [7, 14, 8, 15], [9, 24, 10, 1], [11, 17, 12, 16], [13, 18, 14, 19], [15, 23, 16, 22], [17, 2, 18, 3], [19, 5, 20, 4], [21, 7, 22, 6], [23, 8, 24, 9], [1, 10, 2, 11], [3, 13, 4, 12]]"
12a_0819_111,"[[3, 13, 4, 12], [5, 21, 6, 20], [7, 14, 8, 15], [9, 24, 10, 1], [11, 17, 12, 16], [13, 18, 14, 19], [15, 23, 16, 22], [17, 2, 18, 3], [19, 5, 20, 4], [21, 7, 22, 6], [23, 8, 24, 9], [1, 10, 2, 11]]"
12a_0819_112,"[[1, 10, 2, 11], [3, 13, 4, 12], [5, 21, 6, 20], [7, 14, 8, 15], [9, 24, 10, 1], [11, 17, 12, 16], [13, 18, 14, 19], [15, 23, 16, 22], [17, 2, 18, 3], [19, 5, 20, 4], [21, 7, 22, 6], [23, 8, 24, 9]]"
12a_0819_113,"[[23, 8, 24, 9], [1, 10, 2, 11], [3, 13, 4, 12], [5, 21, 6, 20], [7, 14, 8, 15], [9, 24, 10, 1], [11, 17, 12, 16], [13, 18, 14, 19], [15, 23, 16, 22], [17, 2, 18, 3], [19, 5, 20, 4], [21, 7, 22, 6]]"
12a_0819_114,"[[21, 7, 22, 6], [23, 8, 24, 9], [1, 10, 2, 11], [3, 13, 4, 12], [5, 21, 6, 20], [7, 14, 8, 15], [9, 24, 10, 1], [11, 17, 12, 16], [13, 18, 14, 19], [15, 23, 16, 22], [17, 2, 18, 3], [19, 5, 20, 4]]"
12a_0819_115,"[[19, 5, 20, 4], [21, 7, 22, 6], [23, 8, 24, 9], [1, 10, 2, 11], [3, 13, 4, 12], [5, 21, 6, 20], [7, 14, 8, 15], [9, 24, 10, 1], [11, 17, 12, 16], [13, 18, 14, 19], [15, 23, 16, 22], [17, 2, 18, 3]]"
12a_0819_116,"[[17, 2, 18, 3], [19, 5, 20, 4], [21, 7, 22, 6], [23, 8, 24, 9], [1, 10, 2, 11], [3, 13, 4, 12], [5, 21, 6, 20], [7, 14, 8, 15], [9, 24, 10, 1], [11, 17, 12, 16], [13, 18, 14, 19], [15, 23, 16, 22]]"
12a_0819_117,"[[15, 23, 16, 22], [17, 2, 18, 3], [19, 5, 20, 4], [21, 7, 22, 6], [23, 8, 24, 9], [1, 10, 2, 11], [3, 13, 4, 12], [5, 21, 6, 20], [7, 14, 8, 15], [9, 24, 10, 1], [11, 17, 12, 16], [13, 18, 14, 19]]"
12a_0819_118,"[[13, 18, 14, 19], [15, 23, 16, 22], [17, 2, 18, 3], [19, 5, 20, 4], [21, 7, 22, 6], [23, 8, 24, 9], [1, 10, 2, 11], [3, 13, 4, 12], [5, 21, 6, 20], [7, 14, 8, 15], [9, 24, 10, 1], [11, 17, 12, 16]]"
12a_0819_119,"[[11, 17, 12, 16], [13, 18, 14, 19], [15, 23, 16, 22], [17, 2, 18, 3], [19, 5, 20, 4], [21, 7, 22, 6], [23, 8, 24, 9], [1, 10, 2, 11], [3, 13, 4, 12], [5, 21, 6, 20], [7, 14, 8, 15], [9, 24, 10, 1]]"
12a_0819_120,"[[10, 1, 11, 2], [12, 18, 13, 17], [14, 19, 15, 20], [16, 24, 17, 23], [18, 3, 19, 4], [20, 6, 21, 5], [22, 8, 23, 7], [24, 9, 1, 10], [2, 11, 3, 12], [4, 14, 5, 13], [6, 22, 7, 21], [8, 15, 9, 16]]"
12a_0819_121,"[[8, 15, 9, 16], [10, 1, 11, 2], [12, 18, 13, 17], [14, 19, 15, 20], [16, 24, 17, 23], [18, 3, 19, 4], [20, 6, 21, 5], [22, 8, 23, 7], [24, 9, 1, 10], [2, 11, 3, 12], [4, 14, 5, 13], [6, 22, 7, 21]]"
12a_0819_122,"[[6, 22, 7, 21], [8, 15, 9, 16], [10, 1, 11, 2], [12, 18, 13, 17], [14, 19, 15, 20], [16, 24, 17, 23], [18, 3, 19, 4], [20, 6, 21, 5], [22, 8, 23, 7], [24, 9, 1, 10], [2, 11, 3, 12], [4, 14, 5, 13]]"
12a_0819_123,"[[4, 14, 5, 13], [6, 22, 7, 21], [8, 15, 9, 16], [10, 1, 11, 2], [12, 18, 13, 17], [14, 19, 15, 20], [16, 24, 17, 23], [18, 3, 19, 4], [20, 6, 21, 5], [22, 8, 23, 7], [24, 9, 1, 10], [2, 11, 3, 12]]"
12a_0819_124,"[[2, 11, 3, 12], [4, 14, 5, 13], [6, 22, 7, 21], [8, 15, 9, 16], [10, 1, 11, 2], [12, 18, 13, 17], [14, 19, 15, 20], [16, 24, 17, 23], [18, 3, 19, 4], [20, 6, 21, 5], [22, 8, 23, 7], [24, 9, 1, 10]]"
12a_0819_125,"[[24, 9, 1, 10], [2, 11, 3, 12], [4, 14, 5, 13], [6, 22, 7, 21], [8, 15, 9, 16], [10, 1, 11, 2], [12, 18, 13, 17], [14, 19, 15, 20], [16, 24, 17, 23], [18, 3, 19, 4], [20, 6, 21, 5], [22, 8, 23, 7]]"
12a_0819_126,"[[22, 8, 23, 7], [24, 9, 1, 10], [2, 11, 3, 12], [4, 14, 5, 13], [6, 22, 7, 21], [8, 15, 9, 16], [10, 1, 11, 2], [12, 18, 13, 17], [14, 19, 15, 20], [16, 24, 17, 23], [18, 3, 19, 4], [20, 6, 21, 5]]"
12a_0819_127,"[[20, 6, 21, 5], [22, 8, 23, 7], [24, 9, 1, 10], [2, 11, 3, 12], [4, 14, 5, 13], [6, 22, 7, 21], [8, 15, 9, 16], [10, 1, 11, 2], [12, 18, 13, 17], [14, 19, 15, 20], [16, 24, 17, 23], [18, 3, 19, 4]]"
12a_0819_128,"[[18, 3, 19, 4], [20, 6, 21, 5], [22, 8, 23, 7], [24, 9, 1, 10], [2, 11, 3, 12], [4, 14, 5, 13], [6, 22, 7, 21], [8, 15, 9, 16], [10, 1, 11, 2], [12, 18, 13, 17], [14, 19, 15, 20], [16, 24, 17, 23]]"
12a_0819_129,"[[16, 24, 17, 23], [18, 3, 19, 4], [20, 6, 21, 5], [22, 8, 23, 7], [24, 9, 1, 10], [2, 11, 3, 12], [4, 14, 5, 13], [6, 22, 7, 21], [8, 15, 9, 16], [10, 1, 11, 2], [12, 18, 13, 17], [14, 19, 15, 20]]"
12a_0819_130,"[[14, 19, 15, 20], [16, 24, 17, 23], [18, 3, 19, 4], [20, 6, 21, 5], [22, 8, 23, 7], [24, 9, 1, 10], [2, 11, 3, 12], [4, 14, 5, 13], [6, 22, 7, 21], [8, 15, 9, 16], [10, 1, 11, 2], [12, 18, 13, 17]]"
12a_0819_131,"[[12, 18, 13, 17], [14, 19, 15, 20], [16, 24, 17, 23], [18, 3, 19, 4], [20, 6, 21, 5], [22, 8, 23, 7], [24, 9, 1, 10], [2, 11, 3, 12], [4, 14, 5, 13], [6, 22, 7, 21], [8, 15, 9, 16], [10, 1, 11, 2]]"
12a_0819_132,"[[11, 2, 12, 3], [13, 19, 14, 18], [15, 20, 16, 21], [17, 1, 18, 24], [19, 4, 20, 5], [21, 7, 22, 6], [23, 9, 24, 8], [1, 10, 2, 11], [3, 12, 4, 13], [5, 15, 6, 14], [7, 23, 8, 22], [9, 16, 10, 17]]"
12a_0819_133,"[[9, 16, 10, 17], [11, 2, 12, 3], [13, 19, 14, 18], [15, 20, 16, 21], [17, 1, 18, 24], [19, 4, 20, 5], [21, 7, 22, 6], [23, 9, 24, 8], [1, 10, 2, 11], [3, 12, 4, 13], [5, 15, 6, 14], [7, 23, 8, 22]]"
12a_0819_134,"[[7, 23, 8, 22], [9, 16, 10, 17], [11, 2, 12, 3], [13, 19, 14, 18], [15, 20, 16, 21], [17, 1, 18, 24], [19, 4, 20, 5], [21, 7, 22, 6], [23, 9, 24, 8], [1, 10, 2, 11], [3, 12, 4, 13], [5, 15, 6, 14]]"
12a_0819_135,"[[5, 15, 6, 14], [7, 23, 8, 22], [9, 16, 10, 17], [11, 2, 12, 3], [13, 19, 14, 18], [15, 20, 16, 21], [17, 1, 18, 24], [19, 4, 20, 5], [21, 7, 22, 6], [23, 9, 24, 8], [1, 10, 2, 11], [3, 12, 4, 13]]"
12a_0819_136,"[[3, 12, 4, 13], [5, 15, 6, 14], [7, 23, 8, 22], [9, 16, 10, 17], [11, 2, 12, 3], [13, 19, 14, 18], [15, 20, 16, 21], [17, 1, 18, 24], [19, 4, 20, 5], [21, 7, 22, 6], [23, 9, 24, 8], [1, 10, 2, 11]]"
12a_0819_137,"[[1, 10, 2, 11], [3, 12, 4, 13], [5, 15, 6, 14], [7, 23, 8, 22], [9, 16, 10, 17], [11, 2, 12, 3], [13, 19, 14, 18], [15, 20, 16, 21], [17, 1, 18, 24], [19, 4, 20, 5], [21, 7, 22, 6], [23, 9, 24, 8]]"
12a_0819_138,"[[23, 9, 24, 8], [1, 10, 2, 11], [3, 12, 4, 13], [5, 15, 6, 14], [7, 23, 8, 22], [9, 16, 10, 17], [11, 2, 12, 3], [13, 19, 14, 18], [15, 20, 16, 21], [17, 1, 18, 24], [19, 4, 20, 5], [21, 7, 22, 6]]"
12a_0819_139,"[[21, 7, 22, 6], [23, 9, 24, 8], [1, 10, 2, 11], [3, 12, 4, 13], [5, 15, 6, 14], [7, 23, 8, 22], [9, 16, 10, 17], [11, 2, 12, 3], [13, 19, 14, 18], [15, 20, 16, 21], [17, 1, 18, 24], [19, 4, 20, 5]]"
12a_0819_140,"[[19, 4, 20, 5], [21, 7, 22, 6], [23, 9, 24, 8], [1, 10, 2, 11], [3, 12, 4, 13], [5, 15, 6, 14], [7, 23, 8, 22], [9, 16, 10, 17], [11, 2, 12, 3], [13, 19, 14, 18], [15, 20, 16, 21], [17, 1, 18, 24]]"
12a_0819_141,"[[17, 1, 18, 24], [19, 4, 20, 5], [21, 7, 22, 6], [23, 9, 24, 8], [1, 10, 2, 11], [3, 12, 4, 13], [5, 15, 6, 14], [7, 23, 8, 22], [9, 16, 10, 17], [11, 2, 12, 3], [13, 19, 14, 18], [15, 20, 16, 21]]"
12a_0819_142,"[[15, 20, 16, 21], [17, 1, 18, 24], [19, 4, 20, 5], [21, 7, 22, 6], [23, 9, 24, 8], [1, 10, 2, 11], [3, 12, 4, 13], [5, 15, 6, 14], [7, 23, 8, 22], [9, 16, 10, 17], [11, 2, 12, 3], [13, 19, 14, 18]]"
12a_0819_143,"[[13, 19, 14, 18], [15, 20, 16, 21], [17, 1, 18, 24], [19, 4, 20, 5], [21, 7, 22, 6], [23, 9, 24, 8], [1, 10, 2, 11], [3, 12, 4, 13], [5, 15, 6, 14], [7, 23, 8, 22], [9, 16, 10, 17], [11, 2, 12, 3]]"
12a_0819_144,"[[12, 3, 13, 4], [14, 20, 15, 19], [16, 21, 17, 22], [18, 2, 19, 1], [20, 5, 21, 6], [22, 8, 23, 7], [24, 10, 1, 9], [2, 11, 3, 12], [4, 13, 5, 14], [6, 16, 7, 15], [8, 24, 9, 23], [10, 17, 11, 18]]"
12a_0819_145,"[[10, 17, 11, 18], [12, 3, 13, 4], [14, 20, 15, 19], [16, 21, 17, 22], [18, 2, 19, 1], [20, 5, 21, 6], [22, 8, 23, 7], [24, 10, 1, 9], [2, 11, 3, 12], [4, 13, 5, 14], [6, 16, 7, 15], [8, 24, 9, 23]]"
12a_0819_146,"[[8, 24, 9, 23], [10, 17, 11, 18], [12, 3, 13, 4], [14, 20, 15, 19], [16, 21, 17, 22], [18, 2, 19, 1], [20, 5, 21, 6], [22, 8, 23, 7], [24, 10, 1, 9], [2, 11, 3, 12], [4, 13, 5, 14], [6, 16, 7, 15]]"
12a_0819_147,"[[6, 16, 7, 15], [8, 24, 9, 23], [10, 17, 11, 18], [12, 3, 13, 4], [14, 20, 15, 19], [16, 21, 17, 22], [18, 2, 19, 1], [20, 5, 21, 6], [22, 8, 23, 7], [24, 10, 1, 9], [2, 11, 3, 12], [4, 13, 5, 14]]"
12a_0819_148,"[[4, 13, 5, 14], [6, 16, 7, 15], [8, 24, 9, 23], [10, 17, 11, 18], [12, 3, 13, 4], [14, 20, 15, 19], [16, 21, 17, 22], [18, 2, 19, 1], [20, 5, 21, 6], [22, 8, 23, 7], [24, 10, 1, 9], [2, 11, 3, 12]]"
12a_0819_149,"[[2, 11, 3, 12], [4, 13, 5, 14], [6, 16, 7, 15], [8, 24, 9, 23], [10, 17, 11, 18], [12, 3, 13, 4], [14, 20, 15, 19], [16, 21, 17, 22], [18, 2, 19, 1], [20, 5, 21, 6], [22, 8, 23, 7], [24, 10, 1, 9]]"
12a_0819_150,"[[24, 10, 1, 9], [2, 11, 3, 12], [4, 13, 5, 14], [6, 16, 7, 15], [8, 24, 9, 23], [10, 17, 11, 18], [12, 3, 13, 4], [14, 20, 15, 19], [16, 21, 17, 22], [18, 2, 19, 1], [20, 5, 21, 6], [22, 8, 23, 7]]"
12a_0819_151,"[[22, 8, 23, 7], [24, 10, 1, 9], [2, 11, 3, 12], [4, 13, 5, 14], [6, 16, 7, 15], [8, 24, 9, 23], [10, 17, 11, 18], [12, 3, 13, 4], [14, 20, 15, 19], [16, 21, 17, 22], [18, 2, 19, 1], [20, 5, 21, 6]]"
12a_0819_152,"[[20, 5, 21, 6], [22, 8, 23, 7], [24, 10, 1, 9], [2, 11, 3, 12], [4, 13, 5, 14], [6, 16, 7, 15], [8, 24, 9, 23], [10, 17, 11, 18], [12, 3, 13, 4], [14, 20, 15, 19], [16, 21, 17, 22], [18, 2, 19, 1]]"
12a_0819_153,"[[18, 2, 19, 1], [20, 5, 21, 6], [22, 8, 23, 7], [24, 10, 1, 9], [2, 11, 3, 12], [4, 13, 5, 14], [6, 16, 7, 15], [8, 24, 9, 23], [10, 17, 11, 18], [12, 3, 13, 4], [14, 20, 15, 19], [16, 21, 17, 22]]"
12a_0819_154,"[[16, 21, 17, 22], [18, 2, 19, 1], [20, 5, 21, 6], [22, 8, 23, 7], [24, 10, 1, 9], [2, 11, 3, 12], [4, 13, 5, 14], [6, 16, 7, 15], [8, 24, 9, 23], [10, 17, 11, 18], [12, 3, 13, 4], [14, 20, 15, 19]]"
12a_0819_155,"[[14, 20, 15, 19], [16, 21, 17, 22], [18, 2, 19, 1], [20, 5, 21, 6], [22, 8, 23, 7], [24, 10, 1, 9], [2, 11, 3, 12], [4, 13, 5, 14], [6, 16, 7, 15], [8, 24, 9, 23], [10, 17, 11, 18], [12, 3, 13, 4]]"
12a_0819_156,"[[13, 4, 14, 5], [15, 21, 16, 20], [17, 22, 18, 23], [19, 3, 20, 2], [21, 6, 22, 7], [23, 9, 24, 8], [1, 11, 2, 10], [3, 12, 4, 13], [5, 14, 6, 15], [7, 17, 8, 16], [9, 1, 10, 24], [11, 18, 12, 19]]"
12a_0819_157,"[[11, 18, 12, 19], [13, 4, 14, 5], [15, 21, 16, 20], [17, 22, 18, 23], [19, 3, 20, 2], [21, 6, 22, 7], [23, 9, 24, 8], [1, 11, 2, 10], [3, 12, 4, 13], [5, 14, 6, 15], [7, 17, 8, 16], [9, 1, 10, 24]]"
12a_0819_158,"[[9, 1, 10, 24], [11, 18, 12, 19], [13, 4, 14, 5], [15, 21, 16, 20], [17, 22, 18, 23], [19, 3, 20, 2], [21, 6, 22, 7], [23, 9, 24, 8], [1, 11, 2, 10], [3, 12, 4, 13], [5, 14, 6, 15], [7, 17, 8, 16]]"
12a_0819_159,"[[7, 17, 8, 16], [9, 1, 10, 24], [11, 18, 12, 19], [13, 4, 14, 5], [15, 21, 16, 20], [17, 22, 18, 23], [19, 3, 20, 2], [21, 6, 22, 7], [23, 9, 24, 8], [1, 11, 2, 10], [3, 12, 4, 13], [5, 14, 6, 15]]"
12a_0819_160,"[[5, 14, 6, 15], [7, 17, 8, 16], [9, 1, 10, 24], [11, 18, 12, 19], [13, 4, 14, 5], [15, 21, 16, 20], [17, 22, 18, 23], [19, 3, 20, 2], [21, 6, 22, 7], [23, 9, 24, 8], [1, 11, 2, 10], [3, 12, 4, 13]]"
12a_0819_161,"[[3, 12, 4, 13], [5, 14, 6, 15], [7, 17, 8, 16], [9, 1, 10, 24], [11, 18, 12, 19], [13, 4, 14, 5], [15, 21, 16, 20], [17, 22, 18, 23], [19, 3, 20, 2], [21, 6, 22, 7], [23, 9, 24, 8], [1, 11, 2, 10]]"
12a_0819_162,"[[1, 11, 2, 10], [3, 12, 4, 13], [5, 14, 6, 15], [7, 17, 8, 16], [9, 1, 10, 24], [11, 18, 12, 19], [13, 4, 14, 5], [15, 21, 16, 20], [17, 22, 18, 23], [19, 3, 20, 2], [21, 6, 22, 7], [23, 9, 24, 8]]"
12a_0819_163,"[[23, 9, 24, 8], [1, 11, 2, 10], [3, 12, 4, 13], [5, 14, 6, 15], [7, 17, 8, 16], [9, 1, 10, 24], [11, 18, 12, 19], [13, 4, 14, 5], [15, 21, 16, 20], [17, 22, 18, 23], [19, 3, 20, 2], [21, 6, 22, 7]]"
12a_0819_164,"[[21, 6, 22, 7], [23, 9, 24, 8], [1, 11, 2, 10], [3, 12, 4, 13], [5, 14, 6, 15], [7, 17, 8, 16], [9, 1, 10, 24], [11, 18, 12, 19], [13, 4, 14, 5], [15, 21, 16, 20], [17, 22, 18, 23], [19, 3, 20, 2]]"
12a_0819_165,"[[19, 3, 20, 2], [21, 6, 22, 7], [23, 9, 24, 8], [1, 11, 2, 10], [3, 12, 4, 13], [5, 14, 6, 15], [7, 17, 8, 16], [9, 1, 10, 24], [11, 18, 12, 19], [13, 4, 14, 5], [15, 21, 16, 20], [17, 22, 18, 23]]"
12a_0819_166,"[[17, 22, 18, 23], [19, 3, 20, 2], [21, 6, 22, 7], [23, 9, 24, 8], [1, 11, 2, 10], [3, 12, 4, 13], [5, 14, 6, 15], [7, 17, 8, 16], [9, 1, 10, 24], [11, 18, 12, 19], [13, 4, 14, 5], [15, 21, 16, 20]]"
12a_0819_167,"[[15, 21, 16, 20], [17, 22, 18, 23], [19, 3, 20, 2], [21, 6, 22, 7], [23, 9, 24, 8], [1, 11, 2, 10], [3, 12, 4, 13], [5, 14, 6, 15], [7, 17, 8, 16], [9, 1, 10, 24], [11, 18, 12, 19], [13, 4, 14, 5]]"
12a_0819_168,"[[14, 5, 15, 6], [16, 22, 17, 21], [18, 23, 19, 24], [20, 4, 21, 3], [22, 7, 23, 8], [24, 10, 1, 9], [2, 12, 3, 11], [4, 13, 5, 14], [6, 15, 7, 16], [8, 18, 9, 17], [10, 2, 11, 1], [12, 19, 13, 20]]"
12a_0819_169,"[[12, 19, 13, 20], [14, 5, 15, 6], [16, 22, 17, 21], [18, 23, 19, 24], [20, 4, 21, 3], [22, 7, 23, 8], [24, 10, 1, 9], [2, 12, 3, 11], [4, 13, 5, 14], [6, 15, 7, 16], [8, 18, 9, 17], [10, 2, 11, 1]]"
12a_0819_170,"[[10, 2, 11, 1], [12, 19, 13, 20], [14, 5, 15, 6], [16, 22, 17, 21], [18, 23, 19, 24], [20, 4, 21, 3], [22, 7, 23, 8], [24, 10, 1, 9], [2, 12, 3, 11], [4, 13, 5, 14], [6, 15, 7, 16], [8, 18, 9, 17]]"
12a_0819_171,"[[8, 18, 9, 17], [10, 2, 11, 1], [12, 19, 13, 20], [14, 5, 15, 6], [16, 22, 17, 21], [18, 23, 19, 24], [20, 4, 21, 3], [22, 7, 23, 8], [24, 10, 1, 9], [2, 12, 3, 11], [4, 13, 5, 14], [6, 15, 7, 16]]"
12a_0819_172,"[[6, 15, 7, 16], [8, 18, 9, 17], [10, 2, 11, 1], [12, 19, 13, 20], [14, 5, 15, 6], [16, 22, 17, 21], [18, 23, 19, 24], [20, 4, 21, 3], [22, 7, 23, 8], [24, 10, 1, 9], [2, 12, 3, 11], [4, 13, 5, 14]]"
12a_0819_173,"[[4, 13, 5, 14], [6, 15, 7, 16], [8, 18, 9, 17], [10, 2, 11, 1], [12, 19, 13, 20], [14, 5, 15, 6], [16, 22, 17, 21], [18, 23, 19, 24], [20, 4, 21, 3], [22, 7, 23, 8], [24, 10, 1, 9], [2, 12, 3, 11]]"
12a_0819_174,"[[2, 12, 3, 11], [4, 13, 5, 14], [6, 15, 7, 16], [8, 18, 9, 17], [10, 2, 11, 1], [12, 19, 13, 20], [14, 5, 15, 6], [16, 22, 17, 21], [18, 23, 19, 24], [20, 4, 21, 3], [22, 7, 23, 8], [24, 10, 1, 9]]"
12a_0819_175,"[[24, 10, 1, 9], [2, 12, 3, 11], [4, 13, 5, 14], [6, 15, 7, 16], [8, 18, 9, 17], [10, 2, 11, 1], [12, 19, 13, 20], [14, 5, 15, 6], [16, 22, 17, 21], [18, 23, 19, 24], [20, 4, 21, 3], [22, 7, 23, 8]]"
12a_0819_176,"[[22, 7, 23, 8], [24, 10, 1, 9], [2, 12, 3, 11], [4, 13, 5, 14], [6, 15, 7, 16], [8, 18, 9, 17], [10, 2, 11, 1], [12, 19, 13, 20], [14, 5, 15, 6], [16, 22, 17, 21], [18, 23, 19, 24], [20, 4, 21, 3]]"
12a_0819_177,"[[20, 4, 21, 3], [22, 7, 23, 8], [24, 10, 1, 9], [2, 12, 3, 11], [4, 13, 5, 14], [6, 15, 7, 16], [8, 18, 9, 17], [10, 2, 11, 1], [12, 19, 13, 20], [14, 5, 15, 6], [16, 22, 17, 21], [18, 23, 19, 24]]"
12a_0819_178,"[[18, 23, 19, 24], [20, 4, 21, 3], [22, 7, 23, 8], [24, 10, 1, 9], [2, 12, 3, 11], [4, 13, 5, 14], [6, 15, 7, 16], [8, 18, 9, 17], [10, 2, 11, 1], [12, 19, 13, 20], [14, 5, 15, 6], [16, 22, 17, 21]]"
12a_0819_179,"[[16, 22, 17, 21], [18, 23, 19, 24], [20, 4, 21, 3], [22, 7, 23, 8], [24, 10, 1, 9], [2, 12, 3, 11], [4, 13, 5, 14], [6, 15, 7, 16], [8, 18, 9, 17], [10, 2, 11, 1], [12, 19, 13, 20], [14, 5, 15, 6]]"
12a_0819_180,"[[15, 6, 16, 7], [17, 23, 18, 22], [19, 24, 20, 1], [21, 5, 22, 4], [23, 8, 24, 9], [1, 11, 2, 10], [3, 13, 4, 12], [5, 14, 6, 15], [7, 16, 8, 17], [9, 19, 10, 18], [11, 3, 12, 2], [13, 20, 14, 21]]"
12a_0819_181,"[[13, 20, 14, 21], [15, 6, 16, 7], [17, 23, 18, 22], [19, 24, 20, 1], [21, 5, 22, 4], [23, 8, 24, 9], [1, 11, 2, 10], [3, 13, 4, 12], [5, 14, 6, 15], [7, 16, 8, 17], [9, 19, 10, 18], [11, 3, 12, 2]]"
12a_0819_182,"[[11, 3, 12, 2], [13, 20, 14, 21], [15, 6, 16, 7], [17, 23, 18, 22], [19, 24, 20, 1], [21, 5, 22, 4], [23, 8, 24, 9], [1, 11, 2, 10], [3, 13, 4, 12], [5, 14, 6, 15], [7, 16, 8, 17], [9, 19, 10, 18]]"
12a_0819_183,"[[9, 19, 10, 18], [11, 3, 12, 2], [13, 20, 14, 21], [15, 6, 16, 7], [17, 23, 18, 22], [19, 24, 20, 1], [21, 5, 22, 4], [23, 8, 24, 9], [1, 11, 2, 10], [3, 13, 4, 12], [5, 14, 6, 15], [7, 16, 8, 17]]"
12a_0819_184,"[[7, 16, 8, 17], [9, 19, 10, 18], [11, 3, 12, 2], [13, 20, 14, 21], [15, 6, 16, 7], [17, 23, 18, 22], [19, 24, 20, 1], [21, 5, 22, 4], [23, 8, 24, 9], [1, 11, 2, 10], [3, 13, 4, 12], [5, 14, 6, 15]]"
12a_0819_185,"[[5, 14, 6, 15], [7, 16, 8, 17], [9, 19, 10, 18], [11, 3, 12, 2], [13, 20, 14, 21], [15, 6, 16, 7], [17, 23, 18, 22], [19, 24, 20, 1], [21, 5, 22, 4], [23, 8, 24, 9], [1, 11, 2, 10], [3, 13, 4, 12]]"
