name,pd_notation
12a_1227_0,"[[24, 17, 1, 18], [2, 10, 3, 9], [4, 11, 5, 12], [6, 15, 7, 16], [8, 24, 9, 23], [10, 19, 11, 20], [12, 22, 13, 21], [14, 5, 15, 6], [16, 7, 17, 8], [18, 1, 19, 2], [20, 4, 21, 3], [22, 14, 23, 13]]"
12a_1227_1,"[[22, 14, 23, 13], [24, 17, 1, 18], [2, 10, 3, 9], [4, 11, 5, 12], [6, 15, 7, 16], [8, 24, 9, 23], [10, 19, 11, 20], [12, 22, 13, 21], [14, 5, 15, 6], [16, 7, 17, 8], [18, 1, 19, 2], [20, 4, 21, 3]]"
12a_1227_2,"[[20, 4, 21, 3], [22, 14, 23, 13], [24, 17, 1, 18], [2, 10, 3, 9], [4, 11, 5, 12], [6, 15, 7, 16], [8, 24, 9, 23], [10, 19, 11, 20], [12, 22, 13, 21], [14, 5, 15, 6], [16, 7, 17, 8], [18, 1, 19, 2]]"
12a_1227_3,"[[18, 1, 19, 2], [20, 4, 21, 3], [22, 14, 23, 13], [24, 17, 1, 18], [2, 10, 3, 9], [4, 11, 5, 12], [6, 15, 7, 16], [8, 24, 9, 23], [10, 19, 11, 20], [12, 22, 13, 21], [14, 5, 15, 6], [16, 7, 17, 8]]"
12a_1227_4,"[[16, 7, 17, 8], [18, 1, 19, 2], [20, 4, 21, 3], [22, 14, 23, 13], [24, 17, 1, 18], [2, 10, 3, 9], [4, 11, 5, 12], [6, 15, 7, 16], [8, 24, 9, 23], [10, 19, 11, 20], [12, 22, 13, 21], [14, 5, 15, 6]]"
12a_1227_5,"[[14, 5, 15, 6], [16, 7, 17, 8], [18, 1, 19, 2], [20, 4, 21, 3], [22, 14, 23, 13], [24, 17, 1, 18], [2, 10, 3, 9], [4, 11, 5, 12], [6, 15, 7, 16], [8, 24, 9, 23], [10, 19, 11, 20], [12, 22, 13, 21]]"
12a_1227_6,"[[12, 22, 13, 21], [14, 5, 15, 6], [16, 7, 17, 8], [18, 1, 19, 2], [20, 4, 21, 3], [22, 14, 23, 13], [24, 17, 1, 18], [2, 10, 3, 9], [4, 11, 5, 12], [6, 15, 7, 16], [8, 24, 9, 23], [10, 19, 11, 20]]"
12a_1227_7,"[[10, 19, 11, 20], [12, 22, 13, 21], [14, 5, 15, 6], [16, 7, 17, 8], [18, 1, 19, 2], [20, 4, 21, 3], [22, 14, 23, 13], [24, 17, 1, 18], [2, 10, 3, 9], [4, 11, 5, 12], [6, 15, 7, 16], [8, 24, 9, 23]]"
12a_1227_8,"[[8, 24, 9, 23], [10, 19, 11, 20], [12, 22, 13, 21], [14, 5, 15, 6], [16, 7, 17, 8], [18, 1, 19, 2], [20, 4, 21, 3], [22, 14, 23, 13], [24, 17, 1, 18], [2, 10, 3, 9], [4, 11, 5, 12], [6, 15, 7, 16]]"
12a_1227_9,"[[6, 15, 7, 16], [8, 24, 9, 23], [10, 19, 11, 20], [12, 22, 13, 21], [14, 5, 15, 6], [16, 7, 17, 8], [18, 1, 19, 2], [20, 4, 21, 3], [22, 14, 23, 13], [24, 17, 1, 18], [2, 10, 3, 9], [4, 11, 5, 12]]"
12a_1227_10,"[[4, 11, 5, 12], [6, 15, 7, 16], [8, 24, 9, 23], [10, 19, 11, 20], [12, 22, 13, 21], [14, 5, 15, 6], [16, 7, 17, 8], [18, 1, 19, 2], [20, 4, 21, 3], [22, 14, 23, 13], [24, 17, 1, 18], [2, 10, 3, 9]]"
12a_1227_11,"[[2, 10, 3, 9], [4, 11, 5, 12], [6, 15, 7, 16], [8, 24, 9, 23], [10, 19, 11, 20], [12, 22, 13, 21], [14, 5, 15, 6], [16, 7, 17, 8], [18, 1, 19, 2], [20, 4, 21, 3], [22, 14, 23, 13], [24, 17, 1, 18]]"
12a_1227_12,"[[1, 18, 2, 19], [3, 11, 4, 10], [5, 12, 6, 13], [7, 16, 8, 17], [9, 1, 10, 24], [11, 20, 12, 21], [13, 23, 14, 22], [15, 6, 16, 7], [17, 8, 18, 9], [19, 2, 20, 3], [21, 5, 22, 4], [23, 15, 24, 14]]"
12a_1227_13,"[[23, 15, 24, 14], [1, 18, 2, 19], [3, 11, 4, 10], [5, 12, 6, 13], [7, 16, 8, 17], [9, 1, 10, 24], [11, 20, 12, 21], [13, 23, 14, 22], [15, 6, 16, 7], [17, 8, 18, 9], [19, 2, 20, 3], [21, 5, 22, 4]]"
12a_1227_14,"[[21, 5, 22, 4], [23, 15, 24, 14], [1, 18, 2, 19], [3, 11, 4, 10], [5, 12, 6, 13], [7, 16, 8, 17], [9, 1, 10, 24], [11, 20, 12, 21], [13, 23, 14, 22], [15, 6, 16, 7], [17, 8, 18, 9], [19, 2, 20, 3]]"
12a_1227_15,"[[19, 2, 20, 3], [21, 5, 22, 4], [23, 15, 24, 14], [1, 18, 2, 19], [3, 11, 4, 10], [5, 12, 6, 13], [7, 16, 8, 17], [9, 1, 10, 24], [11, 20, 12, 21], [13, 23, 14, 22], [15, 6, 16, 7], [17, 8, 18, 9]]"
12a_1227_16,"[[17, 8, 18, 9], [19, 2, 20, 3], [21, 5, 22, 4], [23, 15, 24, 14], [1, 18, 2, 19], [3, 11, 4, 10], [5, 12, 6, 13], [7, 16, 8, 17], [9, 1, 10, 24], [11, 20, 12, 21], [13, 23, 14, 22], [15, 6, 16, 7]]"
12a_1227_17,"[[15, 6, 16, 7], [17, 8, 18, 9], [19, 2, 20, 3], [21, 5, 22, 4], [23, 15, 24, 14], [1, 18, 2, 19], [3, 11, 4, 10], [5, 12, 6, 13], [7, 16, 8, 17], [9, 1, 10, 24], [11, 20, 12, 21], [13, 23, 14, 22]]"
12a_1227_18,"[[13, 23, 14, 22], [15, 6, 16, 7], [17, 8, 18, 9], [19, 2, 20, 3], [21, 5, 22, 4], [23, 15, 24, 14], [1, 18, 2, 19], [3, 11, 4, 10], [5, 12, 6, 13], [7, 16, 8, 17], [9, 1, 10, 24], [11, 20, 12, 21]]"
12a_1227_19,"[[11, 20, 12, 21], [13, 23, 14, 22], [15, 6, 16, 7], [17, 8, 18, 9], [19, 2, 20, 3], [21, 5, 22, 4], [23, 15, 24, 14], [1, 18, 2, 19], [3, 11, 4, 10], [5, 12, 6, 13], [7, 16, 8, 17], [9, 1, 10, 24]]"
12a_1227_20,"[[9, 1, 10, 24], [11, 20, 12, 21], [13, 23, 14, 22], [15, 6, 16, 7], [17, 8, 18, 9], [19, 2, 20, 3], [21, 5, 22, 4], [23, 15, 24, 14], [1, 18, 2, 19], [3, 11, 4, 10], [5, 12, 6, 13], [7, 16, 8, 17]]"
12a_1227_21,"[[7, 16, 8, 17], [9, 1, 10, 24], [11, 20, 12, 21], [13, 23, 14, 22], [15, 6, 16, 7], [17, 8, 18, 9], [19, 2, 20, 3], [21, 5, 22, 4], [23, 15, 24, 14], [1, 18, 2, 19], [3, 11, 4, 10], [5, 12, 6, 13]]"
12a_1227_22,"[[5, 12, 6, 13], [7, 16, 8, 17], [9, 1, 10, 24], [11, 20, 12, 21], [13, 23, 14, 22], [15, 6, 16, 7], [17, 8, 18, 9], [19, 2, 20, 3], [21, 5, 22, 4], [23, 15, 24, 14], [1, 18, 2, 19], [3, 11, 4, 10]]"
12a_1227_23,"[[3, 11, 4, 10], [5, 12, 6, 13], [7, 16, 8, 17], [9, 1, 10, 24], [11, 20, 12, 21], [13, 23, 14, 22], [15, 6, 16, 7], [17, 8, 18, 9], [19, 2, 20, 3], [21, 5, 22, 4], [23, 15, 24, 14], [1, 18, 2, 19]]"
12a_1227_24,"[[2, 19, 3, 20], [4, 12, 5, 11], [6, 13, 7, 14], [8, 17, 9, 18], [10, 2, 11, 1], [12, 21, 13, 22], [14, 24, 15, 23], [16, 7, 17, 8], [18, 9, 19, 10], [20, 3, 21, 4], [22, 6, 23, 5], [24, 16, 1, 15]]"
12a_1227_25,"[[24, 16, 1, 15], [2, 19, 3, 20], [4, 12, 5, 11], [6, 13, 7, 14], [8, 17, 9, 18], [10, 2, 11, 1], [12, 21, 13, 22], [14, 24, 15, 23], [16, 7, 17, 8], [18, 9, 19, 10], [20, 3, 21, 4], [22, 6, 23, 5]]"
12a_1227_26,"[[22, 6, 23, 5], [24, 16, 1, 15], [2, 19, 3, 20], [4, 12, 5, 11], [6, 13, 7, 14], [8, 17, 9, 18], [10, 2, 11, 1], [12, 21, 13, 22], [14, 24, 15, 23], [16, 7, 17, 8], [18, 9, 19, 10], [20, 3, 21, 4]]"
12a_1227_27,"[[20, 3, 21, 4], [22, 6, 23, 5], [24, 16, 1, 15], [2, 19, 3, 20], [4, 12, 5, 11], [6, 13, 7, 14], [8, 17, 9, 18], [10, 2, 11, 1], [12, 21, 13, 22], [14, 24, 15, 23], [16, 7, 17, 8], [18, 9, 19, 10]]"
12a_1227_28,"[[18, 9, 19, 10], [20, 3, 21, 4], [22, 6, 23, 5], [24, 16, 1, 15], [2, 19, 3, 20], [4, 12, 5, 11], [6, 13, 7, 14], [8, 17, 9, 18], [10, 2, 11, 1], [12, 21, 13, 22], [14, 24, 15, 23], [16, 7, 17, 8]]"
12a_1227_29,"[[16, 7, 17, 8], [18, 9, 19, 10], [20, 3, 21, 4], [22, 6, 23, 5], [24, 16, 1, 15], [2, 19, 3, 20], [4, 12, 5, 11], [6, 13, 7, 14], [8, 17, 9, 18], [10, 2, 11, 1], [12, 21, 13, 22], [14, 24, 15, 23]]"
12a_1227_30,"[[14, 24, 15, 23], [16, 7, 17, 8], [18, 9, 19, 10], [20, 3, 21, 4], [22, 6, 23, 5], [24, 16, 1, 15], [2, 19, 3, 20], [4, 12, 5, 11], [6, 13, 7, 14], [8, 17, 9, 18], [10, 2, 11, 1], [12, 21, 13, 22]]"
12a_1227_31,"[[12, 21, 13, 22], [14, 24, 15, 23], [16, 7, 17, 8], [18, 9, 19, 10], [20, 3, 21, 4], [22, 6, 23, 5], [24, 16, 1, 15], [2, 19, 3, 20], [4, 12, 5, 11], [6, 13, 7, 14], [8, 17, 9, 18], [10, 2, 11, 1]]"
12a_1227_32,"[[10, 2, 11, 1], [12, 21, 13, 22], [14, 24, 15, 23], [16, 7, 17, 8], [18, 9, 19, 10], [20, 3, 21, 4], [22, 6, 23, 5], [24, 16, 1, 15], [2, 19, 3, 20], [4, 12, 5, 11], [6, 13, 7, 14], [8, 17, 9, 18]]"
12a_1227_33,"[[8, 17, 9, 18], [10, 2, 11, 1], [12, 21, 13, 22], [14, 24, 15, 23], [16, 7, 17, 8], [18, 9, 19, 10], [20, 3, 21, 4], [22, 6, 23, 5], [24, 16, 1, 15], [2, 19, 3, 20], [4, 12, 5, 11], [6, 13, 7, 14]]"
12a_1227_34,"[[6, 13, 7, 14], [8, 17, 9, 18], [10, 2, 11, 1], [12, 21, 13, 22], [14, 24, 15, 23], [16, 7, 17, 8], [18, 9, 19, 10], [20, 3, 21, 4], [22, 6, 23, 5], [24, 16, 1, 15], [2, 19, 3, 20], [4, 12, 5, 11]]"
12a_1227_35,"[[4, 12, 5, 11], [6, 13, 7, 14], [8, 17, 9, 18], [10, 2, 11, 1], [12, 21, 13, 22], [14, 24, 15, 23], [16, 7, 17, 8], [18, 9, 19, 10], [20, 3, 21, 4], [22, 6, 23, 5], [24, 16, 1, 15], [2, 19, 3, 20]]"
12a_1227_36,"[[3, 20, 4, 21], [5, 13, 6, 12], [7, 14, 8, 15], [9, 18, 10, 19], [11, 3, 12, 2], [13, 22, 14, 23], [15, 1, 16, 24], [17, 8, 18, 9], [19, 10, 20, 11], [21, 4, 22, 5], [23, 7, 24, 6], [1, 17, 2, 16]]"
12a_1227_37,"[[1, 17, 2, 16], [3, 20, 4, 21], [5, 13, 6, 12], [7, 14, 8, 15], [9, 18, 10, 19], [11, 3, 12, 2], [13, 22, 14, 23], [15, 1, 16, 24], [17, 8, 18, 9], [19, 10, 20, 11], [21, 4, 22, 5], [23, 7, 24, 6]]"
12a_1227_38,"[[23, 7, 24, 6], [1, 17, 2, 16], [3, 20, 4, 21], [5, 13, 6, 12], [7, 14, 8, 15], [9, 18, 10, 19], [11, 3, 12, 2], [13, 22, 14, 23], [15, 1, 16, 24], [17, 8, 18, 9], [19, 10, 20, 11], [21, 4, 22, 5]]"
12a_1227_39,"[[21, 4, 22, 5], [23, 7, 24, 6], [1, 17, 2, 16], [3, 20, 4, 21], [5, 13, 6, 12], [7, 14, 8, 15], [9, 18, 10, 19], [11, 3, 12, 2], [13, 22, 14, 23], [15, 1, 16, 24], [17, 8, 18, 9], [19, 10, 20, 11]]"
12a_1227_40,"[[19, 10, 20, 11], [21, 4, 22, 5], [23, 7, 24, 6], [1, 17, 2, 16], [3, 20, 4, 21], [5, 13, 6, 12], [7, 14, 8, 15], [9, 18, 10, 19], [11, 3, 12, 2], [13, 22, 14, 23], [15, 1, 16, 24], [17, 8, 18, 9]]"
12a_1227_41,"[[17, 8, 18, 9], [19, 10, 20, 11], [21, 4, 22, 5], [23, 7, 24, 6], [1, 17, 2, 16], [3, 20, 4, 21], [5, 13, 6, 12], [7, 14, 8, 15], [9, 18, 10, 19], [11, 3, 12, 2], [13, 22, 14, 23], [15, 1, 16, 24]]"
12a_1227_42,"[[15, 1, 16, 24], [17, 8, 18, 9], [19, 10, 20, 11], [21, 4, 22, 5], [23, 7, 24, 6], [1, 17, 2, 16], [3, 20, 4, 21], [5, 13, 6, 12], [7, 14, 8, 15], [9, 18, 10, 19], [11, 3, 12, 2], [13, 22, 14, 23]]"
12a_1227_43,"[[13, 22, 14, 23], [15, 1, 16, 24], [17, 8, 18, 9], [19, 10, 20, 11], [21, 4, 22, 5], [23, 7, 24, 6], [1, 17, 2, 16], [3, 20, 4, 21], [5, 13, 6, 12], [7, 14, 8, 15], [9, 18, 10, 19], [11, 3, 12, 2]]"
12a_1227_44,"[[11, 3, 12, 2], [13, 22, 14, 23], [15, 1, 16, 24], [17, 8, 18, 9], [19, 10, 20, 11], [21, 4, 22, 5], [23, 7, 24, 6], [1, 17, 2, 16], [3, 20, 4, 21], [5, 13, 6, 12], [7, 14, 8, 15], [9, 18, 10, 19]]"
12a_1227_45,"[[9, 18, 10, 19], [11, 3, 12, 2], [13, 22, 14, 23], [15, 1, 16, 24], [17, 8, 18, 9], [19, 10, 20, 11], [21, 4, 22, 5], [23, 7, 24, 6], [1, 17, 2, 16], [3, 20, 4, 21], [5, 13, 6, 12], [7, 14, 8, 15]]"
12a_1227_46,"[[7, 14, 8, 15], [9, 18, 10, 19], [11, 3, 12, 2], [13, 22, 14, 23], [15, 1, 16, 24], [17, 8, 18, 9], [19, 10, 20, 11], [21, 4, 22, 5], [23, 7, 24, 6], [1, 17, 2, 16], [3, 20, 4, 21], [5, 13, 6, 12]]"
12a_1227_47,"[[5, 13, 6, 12], [7, 14, 8, 15], [9, 18, 10, 19], [11, 3, 12, 2], [13, 22, 14, 23], [15, 1, 16, 24], [17, 8, 18, 9], [19, 10, 20, 11], [21, 4, 22, 5], [23, 7, 24, 6], [1, 17, 2, 16], [3, 20, 4, 21]]"
12a_1227_48,"[[4, 21, 5, 22], [6, 14, 7, 13], [8, 15, 9, 16], [10, 19, 11, 20], [12, 4, 13, 3], [14, 23, 15, 24], [16, 2, 17, 1], [18, 9, 19, 10], [20, 11, 21, 12], [22, 5, 23, 6], [24, 8, 1, 7], [2, 18, 3, 17]]"
12a_1227_49,"[[2, 18, 3, 17], [4, 21, 5, 22], [6, 14, 7, 13], [8, 15, 9, 16], [10, 19, 11, 20], [12, 4, 13, 3], [14, 23, 15, 24], [16, 2, 17, 1], [18, 9, 19, 10], [20, 11, 21, 12], [22, 5, 23, 6], [24, 8, 1, 7]]"
12a_1227_50,"[[24, 8, 1, 7], [2, 18, 3, 17], [4, 21, 5, 22], [6, 14, 7, 13], [8, 15, 9, 16], [10, 19, 11, 20], [12, 4, 13, 3], [14, 23, 15, 24], [16, 2, 17, 1], [18, 9, 19, 10], [20, 11, 21, 12], [22, 5, 23, 6]]"
12a_1227_51,"[[22, 5, 23, 6], [24, 8, 1, 7], [2, 18, 3, 17], [4, 21, 5, 22], [6, 14, 7, 13], [8, 15, 9, 16], [10, 19, 11, 20], [12, 4, 13, 3], [14, 23, 15, 24], [16, 2, 17, 1], [18, 9, 19, 10], [20, 11, 21, 12]]"
12a_1227_52,"[[20, 11, 21, 12], [22, 5, 23, 6], [24, 8, 1, 7], [2, 18, 3, 17], [4, 21, 5, 22], [6, 14, 7, 13], [8, 15, 9, 16], [10, 19, 11, 20], [12, 4, 13, 3], [14, 23, 15, 24], [16, 2, 17, 1], [18, 9, 19, 10]]"
12a_1227_53,"[[18, 9, 19, 10], [20, 11, 21, 12], [22, 5, 23, 6], [24, 8, 1, 7], [2, 18, 3, 17], [4, 21, 5, 22], [6, 14, 7, 13], [8, 15, 9, 16], [10, 19, 11, 20], [12, 4, 13, 3], [14, 23, 15, 24], [16, 2, 17, 1]]"
12a_1227_54,"[[16, 2, 17, 1], [18, 9, 19, 10], [20, 11, 21, 12], [22, 5, 23, 6], [24, 8, 1, 7], [2, 18, 3, 17], [4, 21, 5, 22], [6, 14, 7, 13], [8, 15, 9, 16], [10, 19, 11, 20], [12, 4, 13, 3], [14, 23, 15, 24]]"
12a_1227_55,"[[14, 23, 15, 24], [16, 2, 17, 1], [18, 9, 19, 10], [20, 11, 21, 12], [22, 5, 23, 6], [24, 8, 1, 7], [2, 18, 3, 17], [4, 21, 5, 22], [6, 14, 7, 13], [8, 15, 9, 16], [10, 19, 11, 20], [12, 4, 13, 3]]"
12a_1227_56,"[[12, 4, 13, 3], [14, 23, 15, 24], [16, 2, 17, 1], [18, 9, 19, 10], [20, 11, 21, 12], [22, 5, 23, 6], [24, 8, 1, 7], [2, 18, 3, 17], [4, 21, 5, 22], [6, 14, 7, 13], [8, 15, 9, 16], [10, 19, 11, 20]]"
12a_1227_57,"[[10, 19, 11, 20], [12, 4, 13, 3], [14, 23, 15, 24], [16, 2, 17, 1], [18, 9, 19, 10], [20, 11, 21, 12], [22, 5, 23, 6], [24, 8, 1, 7], [2, 18, 3, 17], [4, 21, 5, 22], [6, 14, 7, 13], [8, 15, 9, 16]]"
12a_1227_58,"[[8, 15, 9, 16], [10, 19, 11, 20], [12, 4, 13, 3], [14, 23, 15, 24], [16, 2, 17, 1], [18, 9, 19, 10], [20, 11, 21, 12], [22, 5, 23, 6], [24, 8, 1, 7], [2, 18, 3, 17], [4, 21, 5, 22], [6, 14, 7, 13]]"
12a_1227_59,"[[6, 14, 7, 13], [8, 15, 9, 16], [10, 19, 11, 20], [12, 4, 13, 3], [14, 23, 15, 24], [16, 2, 17, 1], [18, 9, 19, 10], [20, 11, 21, 12], [22, 5, 23, 6], [24, 8, 1, 7], [2, 18, 3, 17], [4, 21, 5, 22]]"
12a_1227_60,"[[5, 22, 6, 23], [7, 15, 8, 14], [9, 16, 10, 17], [11, 20, 12, 21], [13, 5, 14, 4], [15, 24, 16, 1], [17, 3, 18, 2], [19, 10, 20, 11], [21, 12, 22, 13], [23, 6, 24, 7], [1, 9, 2, 8], [3, 19, 4, 18]]"
12a_1227_61,"[[3, 19, 4, 18], [5, 22, 6, 23], [7, 15, 8, 14], [9, 16, 10, 17], [11, 20, 12, 21], [13, 5, 14, 4], [15, 24, 16, 1], [17, 3, 18, 2], [19, 10, 20, 11], [21, 12, 22, 13], [23, 6, 24, 7], [1, 9, 2, 8]]"
12a_1227_62,"[[1, 9, 2, 8], [3, 19, 4, 18], [5, 22, 6, 23], [7, 15, 8, 14], [9, 16, 10, 17], [11, 20, 12, 21], [13, 5, 14, 4], [15, 24, 16, 1], [17, 3, 18, 2], [19, 10, 20, 11], [21, 12, 22, 13], [23, 6, 24, 7]]"
12a_1227_63,"[[23, 6, 24, 7], [1, 9, 2, 8], [3, 19, 4, 18], [5, 22, 6, 23], [7, 15, 8, 14], [9, 16, 10, 17], [11, 20, 12, 21], [13, 5, 14, 4], [15, 24, 16, 1], [17, 3, 18, 2], [19, 10, 20, 11], [21, 12, 22, 13]]"
12a_1227_64,"[[21, 12, 22, 13], [23, 6, 24, 7], [1, 9, 2, 8], [3, 19, 4, 18], [5, 22, 6, 23], [7, 15, 8, 14], [9, 16, 10, 17], [11, 20, 12, 21], [13, 5, 14, 4], [15, 24, 16, 1], [17, 3, 18, 2], [19, 10, 20, 11]]"
12a_1227_65,"[[19, 10, 20, 11], [21, 12, 22, 13], [23, 6, 24, 7], [1, 9, 2, 8], [3, 19, 4, 18], [5, 22, 6, 23], [7, 15, 8, 14], [9, 16, 10, 17], [11, 20, 12, 21], [13, 5, 14, 4], [15, 24, 16, 1], [17, 3, 18, 2]]"
12a_1227_66,"[[17, 3, 18, 2], [19, 10, 20, 11], [21, 12, 22, 13], [23, 6, 24, 7], [1, 9, 2, 8], [3, 19, 4, 18], [5, 22, 6, 23], [7, 15, 8, 14], [9, 16, 10, 17], [11, 20, 12, 21], [13, 5, 14, 4], [15, 24, 16, 1]]"
12a_1227_67,"[[15, 24, 16, 1], [17, 3, 18, 2], [19, 10, 20, 11], [21, 12, 22, 13], [23, 6, 24, 7], [1, 9, 2, 8], [3, 19, 4, 18], [5, 22, 6, 23], [7, 15, 8, 14], [9, 16, 10, 17], [11, 20, 12, 21], [13, 5, 14, 4]]"
12a_1227_68,"[[13, 5, 14, 4], [15, 24, 16, 1], [17, 3, 18, 2], [19, 10, 20, 11], [21, 12, 22, 13], [23, 6, 24, 7], [1, 9, 2, 8], [3, 19, 4, 18], [5, 22, 6, 23], [7, 15, 8, 14], [9, 16, 10, 17], [11, 20, 12, 21]]"
12a_1227_69,"[[11, 20, 12, 21], [13, 5, 14, 4], [15, 24, 16, 1], [17, 3, 18, 2], [19, 10, 20, 11], [21, 12, 22, 13], [23, 6, 24, 7], [1, 9, 2, 8], [3, 19, 4, 18], [5, 22, 6, 23], [7, 15, 8, 14], [9, 16, 10, 17]]"
12a_1227_70,"[[9, 16, 10, 17], [11, 20, 12, 21], [13, 5, 14, 4], [15, 24, 16, 1], [17, 3, 18, 2], [19, 10, 20, 11], [21, 12, 22, 13], [23, 6, 24, 7], [1, 9, 2, 8], [3, 19, 4, 18], [5, 22, 6, 23], [7, 15, 8, 14]]"
12a_1227_71,"[[7, 15, 8, 14], [9, 16, 10, 17], [11, 20, 12, 21], [13, 5, 14, 4], [15, 24, 16, 1], [17, 3, 18, 2], [19, 10, 20, 11], [21, 12, 22, 13], [23, 6, 24, 7], [1, 9, 2, 8], [3, 19, 4, 18], [5, 22, 6, 23]]"
12a_1227_72,"[[6, 23, 7, 24], [8, 16, 9, 15], [10, 17, 11, 18], [12, 21, 13, 22], [14, 6, 15, 5], [16, 1, 17, 2], [18, 4, 19, 3], [20, 11, 21, 12], [22, 13, 23, 14], [24, 7, 1, 8], [2, 10, 3, 9], [4, 20, 5, 19]]"
12a_1227_73,"[[4, 20, 5, 19], [6, 23, 7, 24], [8, 16, 9, 15], [10, 17, 11, 18], [12, 21, 13, 22], [14, 6, 15, 5], [16, 1, 17, 2], [18, 4, 19, 3], [20, 11, 21, 12], [22, 13, 23, 14], [24, 7, 1, 8], [2, 10, 3, 9]]"
12a_1227_74,"[[2, 10, 3, 9], [4, 20, 5, 19], [6, 23, 7, 24], [8, 16, 9, 15], [10, 17, 11, 18], [12, 21, 13, 22], [14, 6, 15, 5], [16, 1, 17, 2], [18, 4, 19, 3], [20, 11, 21, 12], [22, 13, 23, 14], [24, 7, 1, 8]]"
12a_1227_75,"[[24, 7, 1, 8], [2, 10, 3, 9], [4, 20, 5, 19], [6, 23, 7, 24], [8, 16, 9, 15], [10, 17, 11, 18], [12, 21, 13, 22], [14, 6, 15, 5], [16, 1, 17, 2], [18, 4, 19, 3], [20, 11, 21, 12], [22, 13, 23, 14]]"
12a_1227_76,"[[22, 13, 23, 14], [24, 7, 1, 8], [2, 10, 3, 9], [4, 20, 5, 19], [6, 23, 7, 24], [8, 16, 9, 15], [10, 17, 11, 18], [12, 21, 13, 22], [14, 6, 15, 5], [16, 1, 17, 2], [18, 4, 19, 3], [20, 11, 21, 12]]"
12a_1227_77,"[[20, 11, 21, 12], [22, 13, 23, 14], [24, 7, 1, 8], [2, 10, 3, 9], [4, 20, 5, 19], [6, 23, 7, 24], [8, 16, 9, 15], [10, 17, 11, 18], [12, 21, 13, 22], [14, 6, 15, 5], [16, 1, 17, 2], [18, 4, 19, 3]]"
12a_1227_78,"[[18, 4, 19, 3], [20, 11, 21, 12], [22, 13, 23, 14], [24, 7, 1, 8], [2, 10, 3, 9], [4, 20, 5, 19], [6, 23, 7, 24], [8, 16, 9, 15], [10, 17, 11, 18], [12, 21, 13, 22], [14, 6, 15, 5], [16, 1, 17, 2]]"
12a_1227_79,"[[16, 1, 17, 2], [18, 4, 19, 3], [20, 11, 21, 12], [22, 13, 23, 14], [24, 7, 1, 8], [2, 10, 3, 9], [4, 20, 5, 19], [6, 23, 7, 24], [8, 16, 9, 15], [10, 17, 11, 18], [12, 21, 13, 22], [14, 6, 15, 5]]"
12a_1227_80,"[[14, 6, 15, 5], [16, 1, 17, 2], [18, 4, 19, 3], [20, 11, 21, 12], [22, 13, 23, 14], [24, 7, 1, 8], [2, 10, 3, 9], [4, 20, 5, 19], [6, 23, 7, 24], [8, 16, 9, 15], [10, 17, 11, 18], [12, 21, 13, 22]]"
12a_1227_81,"[[12, 21, 13, 22], [14, 6, 15, 5], [16, 1, 17, 2], [18, 4, 19, 3], [20, 11, 21, 12], [22, 13, 23, 14], [24, 7, 1, 8], [2, 10, 3, 9], [4, 20, 5, 19], [6, 23, 7, 24], [8, 16, 9, 15], [10, 17, 11, 18]]"
12a_1227_82,"[[10, 17, 11, 18], [12, 21, 13, 22], [14, 6, 15, 5], [16, 1, 17, 2], [18, 4, 19, 3], [20, 11, 21, 12], [22, 13, 23, 14], [24, 7, 1, 8], [2, 10, 3, 9], [4, 20, 5, 19], [6, 23, 7, 24], [8, 16, 9, 15]]"
12a_1227_83,"[[8, 16, 9, 15], [10, 17, 11, 18], [12, 21, 13, 22], [14, 6, 15, 5], [16, 1, 17, 2], [18, 4, 19, 3], [20, 11, 21, 12], [22, 13, 23, 14], [24, 7, 1, 8], [2, 10, 3, 9], [4, 20, 5, 19], [6, 23, 7, 24]]"
12a_1227_84,"[[7, 24, 8, 1], [9, 17, 10, 16], [11, 18, 12, 19], [13, 22, 14, 23], [15, 7, 16, 6], [17, 2, 18, 3], [19, 5, 20, 4], [21, 12, 22, 13], [23, 14, 24, 15], [1, 8, 2, 9], [3, 11, 4, 10], [5, 21, 6, 20]]"
12a_1227_85,"[[5, 21, 6, 20], [7, 24, 8, 1], [9, 17, 10, 16], [11, 18, 12, 19], [13, 22, 14, 23], [15, 7, 16, 6], [17, 2, 18, 3], [19, 5, 20, 4], [21, 12, 22, 13], [23, 14, 24, 15], [1, 8, 2, 9], [3, 11, 4, 10]]"
12a_1227_86,"[[3, 11, 4, 10], [5, 21, 6, 20], [7, 24, 8, 1], [9, 17, 10, 16], [11, 18, 12, 19], [13, 22, 14, 23], [15, 7, 16, 6], [17, 2, 18, 3], [19, 5, 20, 4], [21, 12, 22, 13], [23, 14, 24, 15], [1, 8, 2, 9]]"
12a_1227_87,"[[1, 8, 2, 9], [3, 11, 4, 10], [5, 21, 6, 20], [7, 24, 8, 1], [9, 17, 10, 16], [11, 18, 12, 19], [13, 22, 14, 23], [15, 7, 16, 6], [17, 2, 18, 3], [19, 5, 20, 4], [21, 12, 22, 13], [23, 14, 24, 15]]"
12a_1227_88,"[[23, 14, 24, 15], [1, 8, 2, 9], [3, 11, 4, 10], [5, 21, 6, 20], [7, 24, 8, 1], [9, 17, 10, 16], [11, 18, 12, 19], [13, 22, 14, 23], [15, 7, 16, 6], [17, 2, 18, 3], [19, 5, 20, 4], [21, 12, 22, 13]]"
12a_1227_89,"[[21, 12, 22, 13], [23, 14, 24, 15], [1, 8, 2, 9], [3, 11, 4, 10], [5, 21, 6, 20], [7, 24, 8, 1], [9, 17, 10, 16], [11, 18, 12, 19], [13, 22, 14, 23], [15, 7, 16, 6], [17, 2, 18, 3], [19, 5, 20, 4]]"
12a_1227_90,"[[19, 5, 20, 4], [21, 12, 22, 13], [23, 14, 24, 15], [1, 8, 2, 9], [3, 11, 4, 10], [5, 21, 6, 20], [7, 24, 8, 1], [9, 17, 10, 16], [11, 18, 12, 19], [13, 22, 14, 23], [15, 7, 16, 6], [17, 2, 18, 3]]"
12a_1227_91,"[[17, 2, 18, 3], [19, 5, 20, 4], [21, 12, 22, 13], [23, 14, 24, 15], [1, 8, 2, 9], [3, 11, 4, 10], [5, 21, 6, 20], [7, 24, 8, 1], [9, 17, 10, 16], [11, 18, 12, 19], [13, 22, 14, 23], [15, 7, 16, 6]]"
12a_1227_92,"[[15, 7, 16, 6], [17, 2, 18, 3], [19, 5, 20, 4], [21, 12, 22, 13], [23, 14, 24, 15], [1, 8, 2, 9], [3, 11, 4, 10], [5, 21, 6, 20], [7, 24, 8, 1], [9, 17, 10, 16], [11, 18, 12, 19], [13, 22, 14, 23]]"
12a_1227_93,"[[13, 22, 14, 23], [15, 7, 16, 6], [17, 2, 18, 3], [19, 5, 20, 4], [21, 12, 22, 13], [23, 14, 24, 15], [1, 8, 2, 9], [3, 11, 4, 10], [5, 21, 6, 20], [7, 24, 8, 1], [9, 17, 10, 16], [11, 18, 12, 19]]"
12a_1227_94,"[[11, 18, 12, 19], [13, 22, 14, 23], [15, 7, 16, 6], [17, 2, 18, 3], [19, 5, 20, 4], [21, 12, 22, 13], [23, 14, 24, 15], [1, 8, 2, 9], [3, 11, 4, 10], [5, 21, 6, 20], [7, 24, 8, 1], [9, 17, 10, 16]]"
12a_1227_95,"[[9, 17, 10, 16], [11, 18, 12, 19], [13, 22, 14, 23], [15, 7, 16, 6], [17, 2, 18, 3], [19, 5, 20, 4], [21, 12, 22, 13], [23, 14, 24, 15], [1, 8, 2, 9], [3, 11, 4, 10], [5, 21, 6, 20], [7, 24, 8, 1]]"
12a_1227_96,"[[8, 1, 9, 2], [10, 18, 11, 17], [12, 19, 13, 20], [14, 23, 15, 24], [16, 8, 17, 7], [18, 3, 19, 4], [20, 6, 21, 5], [22, 13, 23, 14], [24, 15, 1, 16], [2, 9, 3, 10], [4, 12, 5, 11], [6, 22, 7, 21]]"
12a_1227_97,"[[6, 22, 7, 21], [8, 1, 9, 2], [10, 18, 11, 17], [12, 19, 13, 20], [14, 23, 15, 24], [16, 8, 17, 7], [18, 3, 19, 4], [20, 6, 21, 5], [22, 13, 23, 14], [24, 15, 1, 16], [2, 9, 3, 10], [4, 12, 5, 11]]"
12a_1227_98,"[[4, 12, 5, 11], [6, 22, 7, 21], [8, 1, 9, 2], [10, 18, 11, 17], [12, 19, 13, 20], [14, 23, 15, 24], [16, 8, 17, 7], [18, 3, 19, 4], [20, 6, 21, 5], [22, 13, 23, 14], [24, 15, 1, 16], [2, 9, 3, 10]]"
12a_1227_99,"[[2, 9, 3, 10], [4, 12, 5, 11], [6, 22, 7, 21], [8, 1, 9, 2], [10, 18, 11, 17], [12, 19, 13, 20], [14, 23, 15, 24], [16, 8, 17, 7], [18, 3, 19, 4], [20, 6, 21, 5], [22, 13, 23, 14], [24, 15, 1, 16]]"
12a_1227_100,"[[24, 15, 1, 16], [2, 9, 3, 10], [4, 12, 5, 11], [6, 22, 7, 21], [8, 1, 9, 2], [10, 18, 11, 17], [12, 19, 13, 20], [14, 23, 15, 24], [16, 8, 17, 7], [18, 3, 19, 4], [20, 6, 21, 5], [22, 13, 23, 14]]"
12a_1227_101,"[[22, 13, 23, 14], [24, 15, 1, 16], [2, 9, 3, 10], [4, 12, 5, 11], [6, 22, 7, 21], [8, 1, 9, 2], [10, 18, 11, 17], [12, 19, 13, 20], [14, 23, 15, 24], [16, 8, 17, 7], [18, 3, 19, 4], [20, 6, 21, 5]]"
12a_1227_102,"[[20, 6, 21, 5], [22, 13, 23, 14], [24, 15, 1, 16], [2, 9, 3, 10], [4, 12, 5, 11], [6, 22, 7, 21], [8, 1, 9, 2], [10, 18, 11, 17], [12, 19, 13, 20], [14, 23, 15, 24], [16, 8, 17, 7], [18, 3, 19, 4]]"
12a_1227_103,"[[18, 3, 19, 4], [20, 6, 21, 5], [22, 13, 23, 14], [24, 15, 1, 16], [2, 9, 3, 10], [4, 12, 5, 11], [6, 22, 7, 21], [8, 1, 9, 2], [10, 18, 11, 17], [12, 19, 13, 20], [14, 23, 15, 24], [16, 8, 17, 7]]"
12a_1227_104,"[[16, 8, 17, 7], [18, 3, 19, 4], [20, 6, 21, 5], [22, 13, 23, 14], [24, 15, 1, 16], [2, 9, 3, 10], [4, 12, 5, 11], [6, 22, 7, 21], [8, 1, 9, 2], [10, 18, 11, 17], [12, 19, 13, 20], [14, 23, 15, 24]]"
12a_1227_105,"[[14, 23, 15, 24], [16, 8, 17, 7], [18, 3, 19, 4], [20, 6, 21, 5], [22, 13, 23, 14], [24, 15, 1, 16], [2, 9, 3, 10], [4, 12, 5, 11], [6, 22, 7, 21], [8, 1, 9, 2], [10, 18, 11, 17], [12, 19, 13, 20]]"
12a_1227_106,"[[12, 19, 13, 20], [14, 23, 15, 24], [16, 8, 17, 7], [18, 3, 19, 4], [20, 6, 21, 5], [22, 13, 23, 14], [24, 15, 1, 16], [2, 9, 3, 10], [4, 12, 5, 11], [6, 22, 7, 21], [8, 1, 9, 2], [10, 18, 11, 17]]"
12a_1227_107,"[[10, 18, 11, 17], [12, 19, 13, 20], [14, 23, 15, 24], [16, 8, 17, 7], [18, 3, 19, 4], [20, 6, 21, 5], [22, 13, 23, 14], [24, 15, 1, 16], [2, 9, 3, 10], [4, 12, 5, 11], [6, 22, 7, 21], [8, 1, 9, 2]]"
12a_1227_108,"[[9, 2, 10, 3], [11, 19, 12, 18], [13, 20, 14, 21], [15, 24, 16, 1], [17, 9, 18, 8], [19, 4, 20, 5], [21, 7, 22, 6], [23, 14, 24, 15], [1, 16, 2, 17], [3, 10, 4, 11], [5, 13, 6, 12], [7, 23, 8, 22]]"
12a_1227_109,"[[7, 23, 8, 22], [9, 2, 10, 3], [11, 19, 12, 18], [13, 20, 14, 21], [15, 24, 16, 1], [17, 9, 18, 8], [19, 4, 20, 5], [21, 7, 22, 6], [23, 14, 24, 15], [1, 16, 2, 17], [3, 10, 4, 11], [5, 13, 6, 12]]"
12a_1227_110,"[[5, 13, 6, 12], [7, 23, 8, 22], [9, 2, 10, 3], [11, 19, 12, 18], [13, 20, 14, 21], [15, 24, 16, 1], [17, 9, 18, 8], [19, 4, 20, 5], [21, 7, 22, 6], [23, 14, 24, 15], [1, 16, 2, 17], [3, 10, 4, 11]]"
12a_1227_111,"[[3, 10, 4, 11], [5, 13, 6, 12], [7, 23, 8, 22], [9, 2, 10, 3], [11, 19, 12, 18], [13, 20, 14, 21], [15, 24, 16, 1], [17, 9, 18, 8], [19, 4, 20, 5], [21, 7, 22, 6], [23, 14, 24, 15], [1, 16, 2, 17]]"
12a_1227_112,"[[1, 16, 2, 17], [3, 10, 4, 11], [5, 13, 6, 12], [7, 23, 8, 22], [9, 2, 10, 3], [11, 19, 12, 18], [13, 20, 14, 21], [15, 24, 16, 1], [17, 9, 18, 8], [19, 4, 20, 5], [21, 7, 22, 6], [23, 14, 24, 15]]"
12a_1227_113,"[[23, 14, 24, 15], [1, 16, 2, 17], [3, 10, 4, 11], [5, 13, 6, 12], [7, 23, 8, 22], [9, 2, 10, 3], [11, 19, 12, 18], [13, 20, 14, 21], [15, 24, 16, 1], [17, 9, 18, 8], [19, 4, 20, 5], [21, 7, 22, 6]]"
12a_1227_114,"[[21, 7, 22, 6], [23, 14, 24, 15], [1, 16, 2, 17], [3, 10, 4, 11], [5, 13, 6, 12], [7, 23, 8, 22], [9, 2, 10, 3], [11, 19, 12, 18], [13, 20, 14, 21], [15, 24, 16, 1], [17, 9, 18, 8], [19, 4, 20, 5]]"
12a_1227_115,"[[19, 4, 20, 5], [21, 7, 22, 6], [23, 14, 24, 15], [1, 16, 2, 17], [3, 10, 4, 11], [5, 13, 6, 12], [7, 23, 8, 22], [9, 2, 10, 3], [11, 19, 12, 18], [13, 20, 14, 21], [15, 24, 16, 1], [17, 9, 18, 8]]"
12a_1227_116,"[[17, 9, 18, 8], [19, 4, 20, 5], [21, 7, 22, 6], [23, 14, 24, 15], [1, 16, 2, 17], [3, 10, 4, 11], [5, 13, 6, 12], [7, 23, 8, 22], [9, 2, 10, 3], [11, 19, 12, 18], [13, 20, 14, 21], [15, 24, 16, 1]]"
12a_1227_117,"[[15, 24, 16, 1], [17, 9, 18, 8], [19, 4, 20, 5], [21, 7, 22, 6], [23, 14, 24, 15], [1, 16, 2, 17], [3, 10, 4, 11], [5, 13, 6, 12], [7, 23, 8, 22], [9, 2, 10, 3], [11, 19, 12, 18], [13, 20, 14, 21]]"
12a_1227_118,"[[13, 20, 14, 21], [15, 24, 16, 1], [17, 9, 18, 8], [19, 4, 20, 5], [21, 7, 22, 6], [23, 14, 24, 15], [1, 16, 2, 17], [3, 10, 4, 11], [5, 13, 6, 12], [7, 23, 8, 22], [9, 2, 10, 3], [11, 19, 12, 18]]"
12a_1227_119,"[[11, 19, 12, 18], [13, 20, 14, 21], [15, 24, 16, 1], [17, 9, 18, 8], [19, 4, 20, 5], [21, 7, 22, 6], [23, 14, 24, 15], [1, 16, 2, 17], [3, 10, 4, 11], [5, 13, 6, 12], [7, 23, 8, 22], [9, 2, 10, 3]]"
12a_1227_120,"[[10, 3, 11, 4], [12, 20, 13, 19], [14, 21, 15, 22], [16, 1, 17, 2], [18, 10, 19, 9], [20, 5, 21, 6], [22, 8, 23, 7], [24, 15, 1, 16], [2, 17, 3, 18], [4, 11, 5, 12], [6, 14, 7, 13], [8, 24, 9, 23]]"
12a_1227_121,"[[8, 24, 9, 23], [10, 3, 11, 4], [12, 20, 13, 19], [14, 21, 15, 22], [16, 1, 17, 2], [18, 10, 19, 9], [20, 5, 21, 6], [22, 8, 23, 7], [24, 15, 1, 16], [2, 17, 3, 18], [4, 11, 5, 12], [6, 14, 7, 13]]"
12a_1227_122,"[[6, 14, 7, 13], [8, 24, 9, 23], [10, 3, 11, 4], [12, 20, 13, 19], [14, 21, 15, 22], [16, 1, 17, 2], [18, 10, 19, 9], [20, 5, 21, 6], [22, 8, 23, 7], [24, 15, 1, 16], [2, 17, 3, 18], [4, 11, 5, 12]]"
12a_1227_123,"[[4, 11, 5, 12], [6, 14, 7, 13], [8, 24, 9, 23], [10, 3, 11, 4], [12, 20, 13, 19], [14, 21, 15, 22], [16, 1, 17, 2], [18, 10, 19, 9], [20, 5, 21, 6], [22, 8, 23, 7], [24, 15, 1, 16], [2, 17, 3, 18]]"
12a_1227_124,"[[2, 17, 3, 18], [4, 11, 5, 12], [6, 14, 7, 13], [8, 24, 9, 23], [10, 3, 11, 4], [12, 20, 13, 19], [14, 21, 15, 22], [16, 1, 17, 2], [18, 10, 19, 9], [20, 5, 21, 6], [22, 8, 23, 7], [24, 15, 1, 16]]"
12a_1227_125,"[[24, 15, 1, 16], [2, 17, 3, 18], [4, 11, 5, 12], [6, 14, 7, 13], [8, 24, 9, 23], [10, 3, 11, 4], [12, 20, 13, 19], [14, 21, 15, 22], [16, 1, 17, 2], [18, 10, 19, 9], [20, 5, 21, 6], [22, 8, 23, 7]]"
12a_1227_126,"[[22, 8, 23, 7], [24, 15, 1, 16], [2, 17, 3, 18], [4, 11, 5, 12], [6, 14, 7, 13], [8, 24, 9, 23], [10, 3, 11, 4], [12, 20, 13, 19], [14, 21, 15, 22], [16, 1, 17, 2], [18, 10, 19, 9], [20, 5, 21, 6]]"
12a_1227_127,"[[20, 5, 21, 6], [22, 8, 23, 7], [24, 15, 1, 16], [2, 17, 3, 18], [4, 11, 5, 12], [6, 14, 7, 13], [8, 24, 9, 23], [10, 3, 11, 4], [12, 20, 13, 19], [14, 21, 15, 22], [16, 1, 17, 2], [18, 10, 19, 9]]"
12a_1227_128,"[[18, 10, 19, 9], [20, 5, 21, 6], [22, 8, 23, 7], [24, 15, 1, 16], [2, 17, 3, 18], [4, 11, 5, 12], [6, 14, 7, 13], [8, 24, 9, 23], [10, 3, 11, 4], [12, 20, 13, 19], [14, 21, 15, 22], [16, 1, 17, 2]]"
12a_1227_129,"[[16, 1, 17, 2], [18, 10, 19, 9], [20, 5, 21, 6], [22, 8, 23, 7], [24, 15, 1, 16], [2, 17, 3, 18], [4, 11, 5, 12], [6, 14, 7, 13], [8, 24, 9, 23], [10, 3, 11, 4], [12, 20, 13, 19], [14, 21, 15, 22]]"
12a_1227_130,"[[14, 21, 15, 22], [16, 1, 17, 2], [18, 10, 19, 9], [20, 5, 21, 6], [22, 8, 23, 7], [24, 15, 1, 16], [2, 17, 3, 18], [4, 11, 5, 12], [6, 14, 7, 13], [8, 24, 9, 23], [10, 3, 11, 4], [12, 20, 13, 19]]"
12a_1227_131,"[[12, 20, 13, 19], [14, 21, 15, 22], [16, 1, 17, 2], [18, 10, 19, 9], [20, 5, 21, 6], [22, 8, 23, 7], [24, 15, 1, 16], [2, 17, 3, 18], [4, 11, 5, 12], [6, 14, 7, 13], [8, 24, 9, 23], [10, 3, 11, 4]]"
12a_1227_132,"[[11, 4, 12, 5], [13, 21, 14, 20], [15, 22, 16, 23], [17, 2, 18, 3], [19, 11, 20, 10], [21, 6, 22, 7], [23, 9, 24, 8], [1, 16, 2, 17], [3, 18, 4, 19], [5, 12, 6, 13], [7, 15, 8, 14], [9, 1, 10, 24]]"
12a_1227_133,"[[9, 1, 10, 24], [11, 4, 12, 5], [13, 21, 14, 20], [15, 22, 16, 23], [17, 2, 18, 3], [19, 11, 20, 10], [21, 6, 22, 7], [23, 9, 24, 8], [1, 16, 2, 17], [3, 18, 4, 19], [5, 12, 6, 13], [7, 15, 8, 14]]"
12a_1227_134,"[[7, 15, 8, 14], [9, 1, 10, 24], [11, 4, 12, 5], [13, 21, 14, 20], [15, 22, 16, 23], [17, 2, 18, 3], [19, 11, 20, 10], [21, 6, 22, 7], [23, 9, 24, 8], [1, 16, 2, 17], [3, 18, 4, 19], [5, 12, 6, 13]]"
12a_1227_135,"[[5, 12, 6, 13], [7, 15, 8, 14], [9, 1, 10, 24], [11, 4, 12, 5], [13, 21, 14, 20], [15, 22, 16, 23], [17, 2, 18, 3], [19, 11, 20, 10], [21, 6, 22, 7], [23, 9, 24, 8], [1, 16, 2, 17], [3, 18, 4, 19]]"
12a_1227_136,"[[3, 18, 4, 19], [5, 12, 6, 13], [7, 15, 8, 14], [9, 1, 10, 24], [11, 4, 12, 5], [13, 21, 14, 20], [15, 22, 16, 23], [17, 2, 18, 3], [19, 11, 20, 10], [21, 6, 22, 7], [23, 9, 24, 8], [1, 16, 2, 17]]"
12a_1227_137,"[[1, 16, 2, 17], [3, 18, 4, 19], [5, 12, 6, 13], [7, 15, 8, 14], [9, 1, 10, 24], [11, 4, 12, 5], [13, 21, 14, 20], [15, 22, 16, 23], [17, 2, 18, 3], [19, 11, 20, 10], [21, 6, 22, 7], [23, 9, 24, 8]]"
12a_1227_138,"[[23, 9, 24, 8], [1, 16, 2, 17], [3, 18, 4, 19], [5, 12, 6, 13], [7, 15, 8, 14], [9, 1, 10, 24], [11, 4, 12, 5], [13, 21, 14, 20], [15, 22, 16, 23], [17, 2, 18, 3], [19, 11, 20, 10], [21, 6, 22, 7]]"
12a_1227_139,"[[21, 6, 22, 7], [23, 9, 24, 8], [1, 16, 2, 17], [3, 18, 4, 19], [5, 12, 6, 13], [7, 15, 8, 14], [9, 1, 10, 24], [11, 4, 12, 5], [13, 21, 14, 20], [15, 22, 16, 23], [17, 2, 18, 3], [19, 11, 20, 10]]"
12a_1227_140,"[[19, 11, 20, 10], [21, 6, 22, 7], [23, 9, 24, 8], [1, 16, 2, 17], [3, 18, 4, 19], [5, 12, 6, 13], [7, 15, 8, 14], [9, 1, 10, 24], [11, 4, 12, 5], [13, 21, 14, 20], [15, 22, 16, 23], [17, 2, 18, 3]]"
12a_1227_141,"[[17, 2, 18, 3], [19, 11, 20, 10], [21, 6, 22, 7], [23, 9, 24, 8], [1, 16, 2, 17], [3, 18, 4, 19], [5, 12, 6, 13], [7, 15, 8, 14], [9, 1, 10, 24], [11, 4, 12, 5], [13, 21, 14, 20], [15, 22, 16, 23]]"
12a_1227_142,"[[15, 22, 16, 23], [17, 2, 18, 3], [19, 11, 20, 10], [21, 6, 22, 7], [23, 9, 24, 8], [1, 16, 2, 17], [3, 18, 4, 19], [5, 12, 6, 13], [7, 15, 8, 14], [9, 1, 10, 24], [11, 4, 12, 5], [13, 21, 14, 20]]"
12a_1227_143,"[[13, 21, 14, 20], [15, 22, 16, 23], [17, 2, 18, 3], [19, 11, 20, 10], [21, 6, 22, 7], [23, 9, 24, 8], [1, 16, 2, 17], [3, 18, 4, 19], [5, 12, 6, 13], [7, 15, 8, 14], [9, 1, 10, 24], [11, 4, 12, 5]]"
12a_1227_144,"[[12, 5, 13, 6], [14, 22, 15, 21], [16, 23, 17, 24], [18, 3, 19, 4], [20, 12, 21, 11], [22, 7, 23, 8], [24, 10, 1, 9], [2, 17, 3, 18], [4, 19, 5, 20], [6, 13, 7, 14], [8, 16, 9, 15], [10, 2, 11, 1]]"
12a_1227_145,"[[10, 2, 11, 1], [12, 5, 13, 6], [14, 22, 15, 21], [16, 23, 17, 24], [18, 3, 19, 4], [20, 12, 21, 11], [22, 7, 23, 8], [24, 10, 1, 9], [2, 17, 3, 18], [4, 19, 5, 20], [6, 13, 7, 14], [8, 16, 9, 15]]"
12a_1227_146,"[[8, 16, 9, 15], [10, 2, 11, 1], [12, 5, 13, 6], [14, 22, 15, 21], [16, 23, 17, 24], [18, 3, 19, 4], [20, 12, 21, 11], [22, 7, 23, 8], [24, 10, 1, 9], [2, 17, 3, 18], [4, 19, 5, 20], [6, 13, 7, 14]]"
12a_1227_147,"[[6, 13, 7, 14], [8, 16, 9, 15], [10, 2, 11, 1], [12, 5, 13, 6], [14, 22, 15, 21], [16, 23, 17, 24], [18, 3, 19, 4], [20, 12, 21, 11], [22, 7, 23, 8], [24, 10, 1, 9], [2, 17, 3, 18], [4, 19, 5, 20]]"
12a_1227_148,"[[4, 19, 5, 20], [6, 13, 7, 14], [8, 16, 9, 15], [10, 2, 11, 1], [12, 5, 13, 6], [14, 22, 15, 21], [16, 23, 17, 24], [18, 3, 19, 4], [20, 12, 21, 11], [22, 7, 23, 8], [24, 10, 1, 9], [2, 17, 3, 18]]"
12a_1227_149,"[[2, 17, 3, 18], [4, 19, 5, 20], [6, 13, 7, 14], [8, 16, 9, 15], [10, 2, 11, 1], [12, 5, 13, 6], [14, 22, 15, 21], [16, 23, 17, 24], [18, 3, 19, 4], [20, 12, 21, 11], [22, 7, 23, 8], [24, 10, 1, 9]]"
12a_1227_150,"[[24, 10, 1, 9], [2, 17, 3, 18], [4, 19, 5, 20], [6, 13, 7, 14], [8, 16, 9, 15], [10, 2, 11, 1], [12, 5, 13, 6], [14, 22, 15, 21], [16, 23, 17, 24], [18, 3, 19, 4], [20, 12, 21, 11], [22, 7, 23, 8]]"
12a_1227_151,"[[22, 7, 23, 8], [24, 10, 1, 9], [2, 17, 3, 18], [4, 19, 5, 20], [6, 13, 7, 14], [8, 16, 9, 15], [10, 2, 11, 1], [12, 5, 13, 6], [14, 22, 15, 21], [16, 23, 17, 24], [18, 3, 19, 4], [20, 12, 21, 11]]"
12a_1227_152,"[[20, 12, 21, 11], [22, 7, 23, 8], [24, 10, 1, 9], [2, 17, 3, 18], [4, 19, 5, 20], [6, 13, 7, 14], [8, 16, 9, 15], [10, 2, 11, 1], [12, 5, 13, 6], [14, 22, 15, 21], [16, 23, 17, 24], [18, 3, 19, 4]]"
12a_1227_153,"[[18, 3, 19, 4], [20, 12, 21, 11], [22, 7, 23, 8], [24, 10, 1, 9], [2, 17, 3, 18], [4, 19, 5, 20], [6, 13, 7, 14], [8, 16, 9, 15], [10, 2, 11, 1], [12, 5, 13, 6], [14, 22, 15, 21], [16, 23, 17, 24]]"
12a_1227_154,"[[16, 23, 17, 24], [18, 3, 19, 4], [20, 12, 21, 11], [22, 7, 23, 8], [24, 10, 1, 9], [2, 17, 3, 18], [4, 19, 5, 20], [6, 13, 7, 14], [8, 16, 9, 15], [10, 2, 11, 1], [12, 5, 13, 6], [14, 22, 15, 21]]"
12a_1227_155,"[[14, 22, 15, 21], [16, 23, 17, 24], [18, 3, 19, 4], [20, 12, 21, 11], [22, 7, 23, 8], [24, 10, 1, 9], [2, 17, 3, 18], [4, 19, 5, 20], [6, 13, 7, 14], [8, 16, 9, 15], [10, 2, 11, 1], [12, 5, 13, 6]]"
12a_1227_156,"[[13, 6, 14, 7], [15, 23, 16, 22], [17, 24, 18, 1], [19, 4, 20, 5], [21, 13, 22, 12], [23, 8, 24, 9], [1, 11, 2, 10], [3, 18, 4, 19], [5, 20, 6, 21], [7, 14, 8, 15], [9, 17, 10, 16], [11, 3, 12, 2]]"
12a_1227_157,"[[11, 3, 12, 2], [13, 6, 14, 7], [15, 23, 16, 22], [17, 24, 18, 1], [19, 4, 20, 5], [21, 13, 22, 12], [23, 8, 24, 9], [1, 11, 2, 10], [3, 18, 4, 19], [5, 20, 6, 21], [7, 14, 8, 15], [9, 17, 10, 16]]"
12a_1227_158,"[[9, 17, 10, 16], [11, 3, 12, 2], [13, 6, 14, 7], [15, 23, 16, 22], [17, 24, 18, 1], [19, 4, 20, 5], [21, 13, 22, 12], [23, 8, 24, 9], [1, 11, 2, 10], [3, 18, 4, 19], [5, 20, 6, 21], [7, 14, 8, 15]]"
12a_1227_159,"[[7, 14, 8, 15], [9, 17, 10, 16], [11, 3, 12, 2], [13, 6, 14, 7], [15, 23, 16, 22], [17, 24, 18, 1], [19, 4, 20, 5], [21, 13, 22, 12], [23, 8, 24, 9], [1, 11, 2, 10], [3, 18, 4, 19], [5, 20, 6, 21]]"
12a_1227_160,"[[5, 20, 6, 21], [7, 14, 8, 15], [9, 17, 10, 16], [11, 3, 12, 2], [13, 6, 14, 7], [15, 23, 16, 22], [17, 24, 18, 1], [19, 4, 20, 5], [21, 13, 22, 12], [23, 8, 24, 9], [1, 11, 2, 10], [3, 18, 4, 19]]"
12a_1227_161,"[[3, 18, 4, 19], [5, 20, 6, 21], [7, 14, 8, 15], [9, 17, 10, 16], [11, 3, 12, 2], [13, 6, 14, 7], [15, 23, 16, 22], [17, 24, 18, 1], [19, 4, 20, 5], [21, 13, 22, 12], [23, 8, 24, 9], [1, 11, 2, 10]]"
12a_1227_162,"[[1, 11, 2, 10], [3, 18, 4, 19], [5, 20, 6, 21], [7, 14, 8, 15], [9, 17, 10, 16], [11, 3, 12, 2], [13, 6, 14, 7], [15, 23, 16, 22], [17, 24, 18, 1], [19, 4, 20, 5], [21, 13, 22, 12], [23, 8, 24, 9]]"
12a_1227_163,"[[23, 8, 24, 9], [1, 11, 2, 10], [3, 18, 4, 19], [5, 20, 6, 21], [7, 14, 8, 15], [9, 17, 10, 16], [11, 3, 12, 2], [13, 6, 14, 7], [15, 23, 16, 22], [17, 24, 18, 1], [19, 4, 20, 5], [21, 13, 22, 12]]"
12a_1227_164,"[[21, 13, 22, 12], [23, 8, 24, 9], [1, 11, 2, 10], [3, 18, 4, 19], [5, 20, 6, 21], [7, 14, 8, 15], [9, 17, 10, 16], [11, 3, 12, 2], [13, 6, 14, 7], [15, 23, 16, 22], [17, 24, 18, 1], [19, 4, 20, 5]]"
12a_1227_165,"[[19, 4, 20, 5], [21, 13, 22, 12], [23, 8, 24, 9], [1, 11, 2, 10], [3, 18, 4, 19], [5, 20, 6, 21], [7, 14, 8, 15], [9, 17, 10, 16], [11, 3, 12, 2], [13, 6, 14, 7], [15, 23, 16, 22], [17, 24, 18, 1]]"
12a_1227_166,"[[17, 24, 18, 1], [19, 4, 20, 5], [21, 13, 22, 12], [23, 8, 24, 9], [1, 11, 2, 10], [3, 18, 4, 19], [5, 20, 6, 21], [7, 14, 8, 15], [9, 17, 10, 16], [11, 3, 12, 2], [13, 6, 14, 7], [15, 23, 16, 22]]"
12a_1227_167,"[[15, 23, 16, 22], [17, 24, 18, 1], [19, 4, 20, 5], [21, 13, 22, 12], [23, 8, 24, 9], [1, 11, 2, 10], [3, 18, 4, 19], [5, 20, 6, 21], [7, 14, 8, 15], [9, 17, 10, 16], [11, 3, 12, 2], [13, 6, 14, 7]]"
12a_1227_168,"[[14, 7, 15, 8], [16, 24, 17, 23], [18, 1, 19, 2], [20, 5, 21, 6], [22, 14, 23, 13], [24, 9, 1, 10], [2, 12, 3, 11], [4, 19, 5, 20], [6, 21, 7, 22], [8, 15, 9, 16], [10, 18, 11, 17], [12, 4, 13, 3]]"
12a_1227_169,"[[12, 4, 13, 3], [14, 7, 15, 8], [16, 24, 17, 23], [18, 1, 19, 2], [20, 5, 21, 6], [22, 14, 23, 13], [24, 9, 1, 10], [2, 12, 3, 11], [4, 19, 5, 20], [6, 21, 7, 22], [8, 15, 9, 16], [10, 18, 11, 17]]"
12a_1227_170,"[[10, 18, 11, 17], [12, 4, 13, 3], [14, 7, 15, 8], [16, 24, 17, 23], [18, 1, 19, 2], [20, 5, 21, 6], [22, 14, 23, 13], [24, 9, 1, 10], [2, 12, 3, 11], [4, 19, 5, 20], [6, 21, 7, 22], [8, 15, 9, 16]]"
12a_1227_171,"[[8, 15, 9, 16], [10, 18, 11, 17], [12, 4, 13, 3], [14, 7, 15, 8], [16, 24, 17, 23], [18, 1, 19, 2], [20, 5, 21, 6], [22, 14, 23, 13], [24, 9, 1, 10], [2, 12, 3, 11], [4, 19, 5, 20], [6, 21, 7, 22]]"
12a_1227_172,"[[6, 21, 7, 22], [8, 15, 9, 16], [10, 18, 11, 17], [12, 4, 13, 3], [14, 7, 15, 8], [16, 24, 17, 23], [18, 1, 19, 2], [20, 5, 21, 6], [22, 14, 23, 13], [24, 9, 1, 10], [2, 12, 3, 11], [4, 19, 5, 20]]"
12a_1227_173,"[[4, 19, 5, 20], [6, 21, 7, 22], [8, 15, 9, 16], [10, 18, 11, 17], [12, 4, 13, 3], [14, 7, 15, 8], [16, 24, 17, 23], [18, 1, 19, 2], [20, 5, 21, 6], [22, 14, 23, 13], [24, 9, 1, 10], [2, 12, 3, 11]]"
12a_1227_174,"[[2, 12, 3, 11], [4, 19, 5, 20], [6, 21, 7, 22], [8, 15, 9, 16], [10, 18, 11, 17], [12, 4, 13, 3], [14, 7, 15, 8], [16, 24, 17, 23], [18, 1, 19, 2], [20, 5, 21, 6], [22, 14, 23, 13], [24, 9, 1, 10]]"
12a_1227_175,"[[24, 9, 1, 10], [2, 12, 3, 11], [4, 19, 5, 20], [6, 21, 7, 22], [8, 15, 9, 16], [10, 18, 11, 17], [12, 4, 13, 3], [14, 7, 15, 8], [16, 24, 17, 23], [18, 1, 19, 2], [20, 5, 21, 6], [22, 14, 23, 13]]"
12a_1227_176,"[[22, 14, 23, 13], [24, 9, 1, 10], [2, 12, 3, 11], [4, 19, 5, 20], [6, 21, 7, 22], [8, 15, 9, 16], [10, 18, 11, 17], [12, 4, 13, 3], [14, 7, 15, 8], [16, 24, 17, 23], [18, 1, 19, 2], [20, 5, 21, 6]]"
12a_1227_177,"[[20, 5, 21, 6], [22, 14, 23, 13], [24, 9, 1, 10], [2, 12, 3, 11], [4, 19, 5, 20], [6, 21, 7, 22], [8, 15, 9, 16], [10, 18, 11, 17], [12, 4, 13, 3], [14, 7, 15, 8], [16, 24, 17, 23], [18, 1, 19, 2]]"
12a_1227_178,"[[18, 1, 19, 2], [20, 5, 21, 6], [22, 14, 23, 13], [24, 9, 1, 10], [2, 12, 3, 11], [4, 19, 5, 20], [6, 21, 7, 22], [8, 15, 9, 16], [10, 18, 11, 17], [12, 4, 13, 3], [14, 7, 15, 8], [16, 24, 17, 23]]"
12a_1227_179,"[[16, 24, 17, 23], [18, 1, 19, 2], [20, 5, 21, 6], [22, 14, 23, 13], [24, 9, 1, 10], [2, 12, 3, 11], [4, 19, 5, 20], [6, 21, 7, 22], [8, 15, 9, 16], [10, 18, 11, 17], [12, 4, 13, 3], [14, 7, 15, 8]]"
12a_1227_180,"[[15, 8, 16, 9], [17, 1, 18, 24], [19, 2, 20, 3], [21, 6, 22, 7], [23, 15, 24, 14], [1, 10, 2, 11], [3, 13, 4, 12], [5, 20, 6, 21], [7, 22, 8, 23], [9, 16, 10, 17], [11, 19, 12, 18], [13, 5, 14, 4]]"
12a_1227_181,"[[13, 5, 14, 4], [15, 8, 16, 9], [17, 1, 18, 24], [19, 2, 20, 3], [21, 6, 22, 7], [23, 15, 24, 14], [1, 10, 2, 11], [3, 13, 4, 12], [5, 20, 6, 21], [7, 22, 8, 23], [9, 16, 10, 17], [11, 19, 12, 18]]"
12a_1227_182,"[[11, 19, 12, 18], [13, 5, 14, 4], [15, 8, 16, 9], [17, 1, 18, 24], [19, 2, 20, 3], [21, 6, 22, 7], [23, 15, 24, 14], [1, 10, 2, 11], [3, 13, 4, 12], [5, 20, 6, 21], [7, 22, 8, 23], [9, 16, 10, 17]]"
12a_1227_183,"[[9, 16, 10, 17], [11, 19, 12, 18], [13, 5, 14, 4], [15, 8, 16, 9], [17, 1, 18, 24], [19, 2, 20, 3], [21, 6, 22, 7], [23, 15, 24, 14], [1, 10, 2, 11], [3, 13, 4, 12], [5, 20, 6, 21], [7, 22, 8, 23]]"
12a_1227_184,"[[7, 22, 8, 23], [9, 16, 10, 17], [11, 19, 12, 18], [13, 5, 14, 4], [15, 8, 16, 9], [17, 1, 18, 24], [19, 2, 20, 3], [21, 6, 22, 7], [23, 15, 24, 14], [1, 10, 2, 11], [3, 13, 4, 12], [5, 20, 6, 21]]"
12a_1227_185,"[[5, 20, 6, 21], [7, 22, 8, 23], [9, 16, 10, 17], [11, 19, 12, 18], [13, 5, 14, 4], [15, 8, 16, 9], [17, 1, 18, 24], [19, 2, 20, 3], [21, 6, 22, 7], [23, 15, 24, 14], [1, 10, 2, 11], [3, 13, 4, 12]]"
