name,pd_notation
12a_1193_0,"[[24, 9, 1, 10], [2, 8, 3, 7], [4, 19, 5, 20], [6, 22, 7, 21], [8, 17, 9, 18], [10, 23, 11, 24], [12, 4, 13, 3], [14, 5, 15, 6], [16, 1, 17, 2], [18, 11, 19, 12], [20, 14, 21, 13], [22, 15, 23, 16]]"
12a_1193_1,"[[22, 15, 23, 16], [24, 9, 1, 10], [2, 8, 3, 7], [4, 19, 5, 20], [6, 22, 7, 21], [8, 17, 9, 18], [10, 23, 11, 24], [12, 4, 13, 3], [14, 5, 15, 6], [16, 1, 17, 2], [18, 11, 19, 12], [20, 14, 21, 13]]"
12a_1193_2,"[[20, 14, 21, 13], [22, 15, 23, 16], [24, 9, 1, 10], [2, 8, 3, 7], [4, 19, 5, 20], [6, 22, 7, 21], [8, 17, 9, 18], [10, 23, 11, 24], [12, 4, 13, 3], [14, 5, 15, 6], [16, 1, 17, 2], [18, 11, 19, 12]]"
12a_1193_3,"[[18, 11, 19, 12], [20, 14, 21, 13], [22, 15, 23, 16], [24, 9, 1, 10], [2, 8, 3, 7], [4, 19, 5, 20], [6, 22, 7, 21], [8, 17, 9, 18], [10, 23, 11, 24], [12, 4, 13, 3], [14, 5, 15, 6], [16, 1, 17, 2]]"
12a_1193_4,"[[16, 1, 17, 2], [18, 11, 19, 12], [20, 14, 21, 13], [22, 15, 23, 16], [24, 9, 1, 10], [2, 8, 3, 7], [4, 19, 5, 20], [6, 22, 7, 21], [8, 17, 9, 18], [10, 23, 11, 24], [12, 4, 13, 3], [14, 5, 15, 6]]"
12a_1193_5,"[[14, 5, 15, 6], [16, 1, 17, 2], [18, 11, 19, 12], [20, 14, 21, 13], [22, 15, 23, 16], [24, 9, 1, 10], [2, 8, 3, 7], [4, 19, 5, 20], [6, 22, 7, 21], [8, 17, 9, 18], [10, 23, 11, 24], [12, 4, 13, 3]]"
12a_1193_6,"[[12, 4, 13, 3], [14, 5, 15, 6], [16, 1, 17, 2], [18, 11, 19, 12], [20, 14, 21, 13], [22, 15, 23, 16], [24, 9, 1, 10], [2, 8, 3, 7], [4, 19, 5, 20], [6, 22, 7, 21], [8, 17, 9, 18], [10, 23, 11, 24]]"
12a_1193_7,"[[10, 23, 11, 24], [12, 4, 13, 3], [14, 5, 15, 6], [16, 1, 17, 2], [18, 11, 19, 12], [20, 14, 21, 13], [22, 15, 23, 16], [24, 9, 1, 10], [2, 8, 3, 7], [4, 19, 5, 20], [6, 22, 7, 21], [8, 17, 9, 18]]"
12a_1193_8,"[[8, 17, 9, 18], [10, 23, 11, 24], [12, 4, 13, 3], [14, 5, 15, 6], [16, 1, 17, 2], [18, 11, 19, 12], [20, 14, 21, 13], [22, 15, 23, 16], [24, 9, 1, 10], [2, 8, 3, 7], [4, 19, 5, 20], [6, 22, 7, 21]]"
12a_1193_9,"[[6, 22, 7, 21], [8, 17, 9, 18], [10, 23, 11, 24], [12, 4, 13, 3], [14, 5, 15, 6], [16, 1, 17, 2], [18, 11, 19, 12], [20, 14, 21, 13], [22, 15, 23, 16], [24, 9, 1, 10], [2, 8, 3, 7], [4, 19, 5, 20]]"
12a_1193_10,"[[4, 19, 5, 20], [6, 22, 7, 21], [8, 17, 9, 18], [10, 23, 11, 24], [12, 4, 13, 3], [14, 5, 15, 6], [16, 1, 17, 2], [18, 11, 19, 12], [20, 14, 21, 13], [22, 15, 23, 16], [24, 9, 1, 10], [2, 8, 3, 7]]"
12a_1193_11,"[[2, 8, 3, 7], [4, 19, 5, 20], [6, 22, 7, 21], [8, 17, 9, 18], [10, 23, 11, 24], [12, 4, 13, 3], [14, 5, 15, 6], [16, 1, 17, 2], [18, 11, 19, 12], [20, 14, 21, 13], [22, 15, 23, 16], [24, 9, 1, 10]]"
12a_1193_12,"[[1, 10, 2, 11], [3, 9, 4, 8], [5, 20, 6, 21], [7, 23, 8, 22], [9, 18, 10, 19], [11, 24, 12, 1], [13, 5, 14, 4], [15, 6, 16, 7], [17, 2, 18, 3], [19, 12, 20, 13], [21, 15, 22, 14], [23, 16, 24, 17]]"
12a_1193_13,"[[23, 16, 24, 17], [1, 10, 2, 11], [3, 9, 4, 8], [5, 20, 6, 21], [7, 23, 8, 22], [9, 18, 10, 19], [11, 24, 12, 1], [13, 5, 14, 4], [15, 6, 16, 7], [17, 2, 18, 3], [19, 12, 20, 13], [21, 15, 22, 14]]"
12a_1193_14,"[[21, 15, 22, 14], [23, 16, 24, 17], [1, 10, 2, 11], [3, 9, 4, 8], [5, 20, 6, 21], [7, 23, 8, 22], [9, 18, 10, 19], [11, 24, 12, 1], [13, 5, 14, 4], [15, 6, 16, 7], [17, 2, 18, 3], [19, 12, 20, 13]]"
12a_1193_15,"[[19, 12, 20, 13], [21, 15, 22, 14], [23, 16, 24, 17], [1, 10, 2, 11], [3, 9, 4, 8], [5, 20, 6, 21], [7, 23, 8, 22], [9, 18, 10, 19], [11, 24, 12, 1], [13, 5, 14, 4], [15, 6, 16, 7], [17, 2, 18, 3]]"
12a_1193_16,"[[17, 2, 18, 3], [19, 12, 20, 13], [21, 15, 22, 14], [23, 16, 24, 17], [1, 10, 2, 11], [3, 9, 4, 8], [5, 20, 6, 21], [7, 23, 8, 22], [9, 18, 10, 19], [11, 24, 12, 1], [13, 5, 14, 4], [15, 6, 16, 7]]"
12a_1193_17,"[[15, 6, 16, 7], [17, 2, 18, 3], [19, 12, 20, 13], [21, 15, 22, 14], [23, 16, 24, 17], [1, 10, 2, 11], [3, 9, 4, 8], [5, 20, 6, 21], [7, 23, 8, 22], [9, 18, 10, 19], [11, 24, 12, 1], [13, 5, 14, 4]]"
12a_1193_18,"[[13, 5, 14, 4], [15, 6, 16, 7], [17, 2, 18, 3], [19, 12, 20, 13], [21, 15, 22, 14], [23, 16, 24, 17], [1, 10, 2, 11], [3, 9, 4, 8], [5, 20, 6, 21], [7, 23, 8, 22], [9, 18, 10, 19], [11, 24, 12, 1]]"
12a_1193_19,"[[11, 24, 12, 1], [13, 5, 14, 4], [15, 6, 16, 7], [17, 2, 18, 3], [19, 12, 20, 13], [21, 15, 22, 14], [23, 16, 24, 17], [1, 10, 2, 11], [3, 9, 4, 8], [5, 20, 6, 21], [7, 23, 8, 22], [9, 18, 10, 19]]"
12a_1193_20,"[[9, 18, 10, 19], [11, 24, 12, 1], [13, 5, 14, 4], [15, 6, 16, 7], [17, 2, 18, 3], [19, 12, 20, 13], [21, 15, 22, 14], [23, 16, 24, 17], [1, 10, 2, 11], [3, 9, 4, 8], [5, 20, 6, 21], [7, 23, 8, 22]]"
12a_1193_21,"[[7, 23, 8, 22], [9, 18, 10, 19], [11, 24, 12, 1], [13, 5, 14, 4], [15, 6, 16, 7], [17, 2, 18, 3], [19, 12, 20, 13], [21, 15, 22, 14], [23, 16, 24, 17], [1, 10, 2, 11], [3, 9, 4, 8], [5, 20, 6, 21]]"
12a_1193_22,"[[5, 20, 6, 21], [7, 23, 8, 22], [9, 18, 10, 19], [11, 24, 12, 1], [13, 5, 14, 4], [15, 6, 16, 7], [17, 2, 18, 3], [19, 12, 20, 13], [21, 15, 22, 14], [23, 16, 24, 17], [1, 10, 2, 11], [3, 9, 4, 8]]"
12a_1193_23,"[[3, 9, 4, 8], [5, 20, 6, 21], [7, 23, 8, 22], [9, 18, 10, 19], [11, 24, 12, 1], [13, 5, 14, 4], [15, 6, 16, 7], [17, 2, 18, 3], [19, 12, 20, 13], [21, 15, 22, 14], [23, 16, 24, 17], [1, 10, 2, 11]]"
12a_1193_24,"[[2, 11, 3, 12], [4, 10, 5, 9], [6, 21, 7, 22], [8, 24, 9, 23], [10, 19, 11, 20], [12, 1, 13, 2], [14, 6, 15, 5], [16, 7, 17, 8], [18, 3, 19, 4], [20, 13, 21, 14], [22, 16, 23, 15], [24, 17, 1, 18]]"
12a_1193_25,"[[24, 17, 1, 18], [2, 11, 3, 12], [4, 10, 5, 9], [6, 21, 7, 22], [8, 24, 9, 23], [10, 19, 11, 20], [12, 1, 13, 2], [14, 6, 15, 5], [16, 7, 17, 8], [18, 3, 19, 4], [20, 13, 21, 14], [22, 16, 23, 15]]"
12a_1193_26,"[[22, 16, 23, 15], [24, 17, 1, 18], [2, 11, 3, 12], [4, 10, 5, 9], [6, 21, 7, 22], [8, 24, 9, 23], [10, 19, 11, 20], [12, 1, 13, 2], [14, 6, 15, 5], [16, 7, 17, 8], [18, 3, 19, 4], [20, 13, 21, 14]]"
12a_1193_27,"[[20, 13, 21, 14], [22, 16, 23, 15], [24, 17, 1, 18], [2, 11, 3, 12], [4, 10, 5, 9], [6, 21, 7, 22], [8, 24, 9, 23], [10, 19, 11, 20], [12, 1, 13, 2], [14, 6, 15, 5], [16, 7, 17, 8], [18, 3, 19, 4]]"
12a_1193_28,"[[18, 3, 19, 4], [20, 13, 21, 14], [22, 16, 23, 15], [24, 17, 1, 18], [2, 11, 3, 12], [4, 10, 5, 9], [6, 21, 7, 22], [8, 24, 9, 23], [10, 19, 11, 20], [12, 1, 13, 2], [14, 6, 15, 5], [16, 7, 17, 8]]"
12a_1193_29,"[[16, 7, 17, 8], [18, 3, 19, 4], [20, 13, 21, 14], [22, 16, 23, 15], [24, 17, 1, 18], [2, 11, 3, 12], [4, 10, 5, 9], [6, 21, 7, 22], [8, 24, 9, 23], [10, 19, 11, 20], [12, 1, 13, 2], [14, 6, 15, 5]]"
12a_1193_30,"[[14, 6, 15, 5], [16, 7, 17, 8], [18, 3, 19, 4], [20, 13, 21, 14], [22, 16, 23, 15], [24, 17, 1, 18], [2, 11, 3, 12], [4, 10, 5, 9], [6, 21, 7, 22], [8, 24, 9, 23], [10, 19, 11, 20], [12, 1, 13, 2]]"
12a_1193_31,"[[12, 1, 13, 2], [14, 6, 15, 5], [16, 7, 17, 8], [18, 3, 19, 4], [20, 13, 21, 14], [22, 16, 23, 15], [24, 17, 1, 18], [2, 11, 3, 12], [4, 10, 5, 9], [6, 21, 7, 22], [8, 24, 9, 23], [10, 19, 11, 20]]"
12a_1193_32,"[[10, 19, 11, 20], [12, 1, 13, 2], [14, 6, 15, 5], [16, 7, 17, 8], [18, 3, 19, 4], [20, 13, 21, 14], [22, 16, 23, 15], [24, 17, 1, 18], [2, 11, 3, 12], [4, 10, 5, 9], [6, 21, 7, 22], [8, 24, 9, 23]]"
12a_1193_33,"[[8, 24, 9, 23], [10, 19, 11, 20], [12, 1, 13, 2], [14, 6, 15, 5], [16, 7, 17, 8], [18, 3, 19, 4], [20, 13, 21, 14], [22, 16, 23, 15], [24, 17, 1, 18], [2, 11, 3, 12], [4, 10, 5, 9], [6, 21, 7, 22]]"
12a_1193_34,"[[6, 21, 7, 22], [8, 24, 9, 23], [10, 19, 11, 20], [12, 1, 13, 2], [14, 6, 15, 5], [16, 7, 17, 8], [18, 3, 19, 4], [20, 13, 21, 14], [22, 16, 23, 15], [24, 17, 1, 18], [2, 11, 3, 12], [4, 10, 5, 9]]"
12a_1193_35,"[[4, 10, 5, 9], [6, 21, 7, 22], [8, 24, 9, 23], [10, 19, 11, 20], [12, 1, 13, 2], [14, 6, 15, 5], [16, 7, 17, 8], [18, 3, 19, 4], [20, 13, 21, 14], [22, 16, 23, 15], [24, 17, 1, 18], [2, 11, 3, 12]]"
12a_1193_36,"[[3, 12, 4, 13], [5, 11, 6, 10], [7, 22, 8, 23], [9, 1, 10, 24], [11, 20, 12, 21], [13, 2, 14, 3], [15, 7, 16, 6], [17, 8, 18, 9], [19, 4, 20, 5], [21, 14, 22, 15], [23, 17, 24, 16], [1, 18, 2, 19]]"
12a_1193_37,"[[1, 18, 2, 19], [3, 12, 4, 13], [5, 11, 6, 10], [7, 22, 8, 23], [9, 1, 10, 24], [11, 20, 12, 21], [13, 2, 14, 3], [15, 7, 16, 6], [17, 8, 18, 9], [19, 4, 20, 5], [21, 14, 22, 15], [23, 17, 24, 16]]"
12a_1193_38,"[[23, 17, 24, 16], [1, 18, 2, 19], [3, 12, 4, 13], [5, 11, 6, 10], [7, 22, 8, 23], [9, 1, 10, 24], [11, 20, 12, 21], [13, 2, 14, 3], [15, 7, 16, 6], [17, 8, 18, 9], [19, 4, 20, 5], [21, 14, 22, 15]]"
12a_1193_39,"[[21, 14, 22, 15], [23, 17, 24, 16], [1, 18, 2, 19], [3, 12, 4, 13], [5, 11, 6, 10], [7, 22, 8, 23], [9, 1, 10, 24], [11, 20, 12, 21], [13, 2, 14, 3], [15, 7, 16, 6], [17, 8, 18, 9], [19, 4, 20, 5]]"
12a_1193_40,"[[19, 4, 20, 5], [21, 14, 22, 15], [23, 17, 24, 16], [1, 18, 2, 19], [3, 12, 4, 13], [5, 11, 6, 10], [7, 22, 8, 23], [9, 1, 10, 24], [11, 20, 12, 21], [13, 2, 14, 3], [15, 7, 16, 6], [17, 8, 18, 9]]"
12a_1193_41,"[[17, 8, 18, 9], [19, 4, 20, 5], [21, 14, 22, 15], [23, 17, 24, 16], [1, 18, 2, 19], [3, 12, 4, 13], [5, 11, 6, 10], [7, 22, 8, 23], [9, 1, 10, 24], [11, 20, 12, 21], [13, 2, 14, 3], [15, 7, 16, 6]]"
12a_1193_42,"[[15, 7, 16, 6], [17, 8, 18, 9], [19, 4, 20, 5], [21, 14, 22, 15], [23, 17, 24, 16], [1, 18, 2, 19], [3, 12, 4, 13], [5, 11, 6, 10], [7, 22, 8, 23], [9, 1, 10, 24], [11, 20, 12, 21], [13, 2, 14, 3]]"
12a_1193_43,"[[13, 2, 14, 3], [15, 7, 16, 6], [17, 8, 18, 9], [19, 4, 20, 5], [21, 14, 22, 15], [23, 17, 24, 16], [1, 18, 2, 19], [3, 12, 4, 13], [5, 11, 6, 10], [7, 22, 8, 23], [9, 1, 10, 24], [11, 20, 12, 21]]"
12a_1193_44,"[[11, 20, 12, 21], [13, 2, 14, 3], [15, 7, 16, 6], [17, 8, 18, 9], [19, 4, 20, 5], [21, 14, 22, 15], [23, 17, 24, 16], [1, 18, 2, 19], [3, 12, 4, 13], [5, 11, 6, 10], [7, 22, 8, 23], [9, 1, 10, 24]]"
12a_1193_45,"[[9, 1, 10, 24], [11, 20, 12, 21], [13, 2, 14, 3], [15, 7, 16, 6], [17, 8, 18, 9], [19, 4, 20, 5], [21, 14, 22, 15], [23, 17, 24, 16], [1, 18, 2, 19], [3, 12, 4, 13], [5, 11, 6, 10], [7, 22, 8, 23]]"
12a_1193_46,"[[7, 22, 8, 23], [9, 1, 10, 24], [11, 20, 12, 21], [13, 2, 14, 3], [15, 7, 16, 6], [17, 8, 18, 9], [19, 4, 20, 5], [21, 14, 22, 15], [23, 17, 24, 16], [1, 18, 2, 19], [3, 12, 4, 13], [5, 11, 6, 10]]"
12a_1193_47,"[[5, 11, 6, 10], [7, 22, 8, 23], [9, 1, 10, 24], [11, 20, 12, 21], [13, 2, 14, 3], [15, 7, 16, 6], [17, 8, 18, 9], [19, 4, 20, 5], [21, 14, 22, 15], [23, 17, 24, 16], [1, 18, 2, 19], [3, 12, 4, 13]]"
12a_1193_48,"[[4, 13, 5, 14], [6, 12, 7, 11], [8, 23, 9, 24], [10, 2, 11, 1], [12, 21, 13, 22], [14, 3, 15, 4], [16, 8, 17, 7], [18, 9, 19, 10], [20, 5, 21, 6], [22, 15, 23, 16], [24, 18, 1, 17], [2, 19, 3, 20]]"
12a_1193_49,"[[2, 19, 3, 20], [4, 13, 5, 14], [6, 12, 7, 11], [8, 23, 9, 24], [10, 2, 11, 1], [12, 21, 13, 22], [14, 3, 15, 4], [16, 8, 17, 7], [18, 9, 19, 10], [20, 5, 21, 6], [22, 15, 23, 16], [24, 18, 1, 17]]"
12a_1193_50,"[[24, 18, 1, 17], [2, 19, 3, 20], [4, 13, 5, 14], [6, 12, 7, 11], [8, 23, 9, 24], [10, 2, 11, 1], [12, 21, 13, 22], [14, 3, 15, 4], [16, 8, 17, 7], [18, 9, 19, 10], [20, 5, 21, 6], [22, 15, 23, 16]]"
12a_1193_51,"[[22, 15, 23, 16], [24, 18, 1, 17], [2, 19, 3, 20], [4, 13, 5, 14], [6, 12, 7, 11], [8, 23, 9, 24], [10, 2, 11, 1], [12, 21, 13, 22], [14, 3, 15, 4], [16, 8, 17, 7], [18, 9, 19, 10], [20, 5, 21, 6]]"
12a_1193_52,"[[20, 5, 21, 6], [22, 15, 23, 16], [24, 18, 1, 17], [2, 19, 3, 20], [4, 13, 5, 14], [6, 12, 7, 11], [8, 23, 9, 24], [10, 2, 11, 1], [12, 21, 13, 22], [14, 3, 15, 4], [16, 8, 17, 7], [18, 9, 19, 10]]"
12a_1193_53,"[[18, 9, 19, 10], [20, 5, 21, 6], [22, 15, 23, 16], [24, 18, 1, 17], [2, 19, 3, 20], [4, 13, 5, 14], [6, 12, 7, 11], [8, 23, 9, 24], [10, 2, 11, 1], [12, 21, 13, 22], [14, 3, 15, 4], [16, 8, 17, 7]]"
12a_1193_54,"[[16, 8, 17, 7], [18, 9, 19, 10], [20, 5, 21, 6], [22, 15, 23, 16], [24, 18, 1, 17], [2, 19, 3, 20], [4, 13, 5, 14], [6, 12, 7, 11], [8, 23, 9, 24], [10, 2, 11, 1], [12, 21, 13, 22], [14, 3, 15, 4]]"
12a_1193_55,"[[14, 3, 15, 4], [16, 8, 17, 7], [18, 9, 19, 10], [20, 5, 21, 6], [22, 15, 23, 16], [24, 18, 1, 17], [2, 19, 3, 20], [4, 13, 5, 14], [6, 12, 7, 11], [8, 23, 9, 24], [10, 2, 11, 1], [12, 21, 13, 22]]"
12a_1193_56,"[[12, 21, 13, 22], [14, 3, 15, 4], [16, 8, 17, 7], [18, 9, 19, 10], [20, 5, 21, 6], [22, 15, 23, 16], [24, 18, 1, 17], [2, 19, 3, 20], [4, 13, 5, 14], [6, 12, 7, 11], [8, 23, 9, 24], [10, 2, 11, 1]]"
12a_1193_57,"[[10, 2, 11, 1], [12, 21, 13, 22], [14, 3, 15, 4], [16, 8, 17, 7], [18, 9, 19, 10], [20, 5, 21, 6], [22, 15, 23, 16], [24, 18, 1, 17], [2, 19, 3, 20], [4, 13, 5, 14], [6, 12, 7, 11], [8, 23, 9, 24]]"
12a_1193_58,"[[8, 23, 9, 24], [10, 2, 11, 1], [12, 21, 13, 22], [14, 3, 15, 4], [16, 8, 17, 7], [18, 9, 19, 10], [20, 5, 21, 6], [22, 15, 23, 16], [24, 18, 1, 17], [2, 19, 3, 20], [4, 13, 5, 14], [6, 12, 7, 11]]"
12a_1193_59,"[[6, 12, 7, 11], [8, 23, 9, 24], [10, 2, 11, 1], [12, 21, 13, 22], [14, 3, 15, 4], [16, 8, 17, 7], [18, 9, 19, 10], [20, 5, 21, 6], [22, 15, 23, 16], [24, 18, 1, 17], [2, 19, 3, 20], [4, 13, 5, 14]]"
12a_1193_60,"[[5, 14, 6, 15], [7, 13, 8, 12], [9, 24, 10, 1], [11, 3, 12, 2], [13, 22, 14, 23], [15, 4, 16, 5], [17, 9, 18, 8], [19, 10, 20, 11], [21, 6, 22, 7], [23, 16, 24, 17], [1, 19, 2, 18], [3, 20, 4, 21]]"
12a_1193_61,"[[3, 20, 4, 21], [5, 14, 6, 15], [7, 13, 8, 12], [9, 24, 10, 1], [11, 3, 12, 2], [13, 22, 14, 23], [15, 4, 16, 5], [17, 9, 18, 8], [19, 10, 20, 11], [21, 6, 22, 7], [23, 16, 24, 17], [1, 19, 2, 18]]"
12a_1193_62,"[[1, 19, 2, 18], [3, 20, 4, 21], [5, 14, 6, 15], [7, 13, 8, 12], [9, 24, 10, 1], [11, 3, 12, 2], [13, 22, 14, 23], [15, 4, 16, 5], [17, 9, 18, 8], [19, 10, 20, 11], [21, 6, 22, 7], [23, 16, 24, 17]]"
12a_1193_63,"[[23, 16, 24, 17], [1, 19, 2, 18], [3, 20, 4, 21], [5, 14, 6, 15], [7, 13, 8, 12], [9, 24, 10, 1], [11, 3, 12, 2], [13, 22, 14, 23], [15, 4, 16, 5], [17, 9, 18, 8], [19, 10, 20, 11], [21, 6, 22, 7]]"
12a_1193_64,"[[21, 6, 22, 7], [23, 16, 24, 17], [1, 19, 2, 18], [3, 20, 4, 21], [5, 14, 6, 15], [7, 13, 8, 12], [9, 24, 10, 1], [11, 3, 12, 2], [13, 22, 14, 23], [15, 4, 16, 5], [17, 9, 18, 8], [19, 10, 20, 11]]"
12a_1193_65,"[[19, 10, 20, 11], [21, 6, 22, 7], [23, 16, 24, 17], [1, 19, 2, 18], [3, 20, 4, 21], [5, 14, 6, 15], [7, 13, 8, 12], [9, 24, 10, 1], [11, 3, 12, 2], [13, 22, 14, 23], [15, 4, 16, 5], [17, 9, 18, 8]]"
12a_1193_66,"[[17, 9, 18, 8], [19, 10, 20, 11], [21, 6, 22, 7], [23, 16, 24, 17], [1, 19, 2, 18], [3, 20, 4, 21], [5, 14, 6, 15], [7, 13, 8, 12], [9, 24, 10, 1], [11, 3, 12, 2], [13, 22, 14, 23], [15, 4, 16, 5]]"
12a_1193_67,"[[15, 4, 16, 5], [17, 9, 18, 8], [19, 10, 20, 11], [21, 6, 22, 7], [23, 16, 24, 17], [1, 19, 2, 18], [3, 20, 4, 21], [5, 14, 6, 15], [7, 13, 8, 12], [9, 24, 10, 1], [11, 3, 12, 2], [13, 22, 14, 23]]"
12a_1193_68,"[[13, 22, 14, 23], [15, 4, 16, 5], [17, 9, 18, 8], [19, 10, 20, 11], [21, 6, 22, 7], [23, 16, 24, 17], [1, 19, 2, 18], [3, 20, 4, 21], [5, 14, 6, 15], [7, 13, 8, 12], [9, 24, 10, 1], [11, 3, 12, 2]]"
12a_1193_69,"[[11, 3, 12, 2], [13, 22, 14, 23], [15, 4, 16, 5], [17, 9, 18, 8], [19, 10, 20, 11], [21, 6, 22, 7], [23, 16, 24, 17], [1, 19, 2, 18], [3, 20, 4, 21], [5, 14, 6, 15], [7, 13, 8, 12], [9, 24, 10, 1]]"
12a_1193_70,"[[9, 24, 10, 1], [11, 3, 12, 2], [13, 22, 14, 23], [15, 4, 16, 5], [17, 9, 18, 8], [19, 10, 20, 11], [21, 6, 22, 7], [23, 16, 24, 17], [1, 19, 2, 18], [3, 20, 4, 21], [5, 14, 6, 15], [7, 13, 8, 12]]"
12a_1193_71,"[[7, 13, 8, 12], [9, 24, 10, 1], [11, 3, 12, 2], [13, 22, 14, 23], [15, 4, 16, 5], [17, 9, 18, 8], [19, 10, 20, 11], [21, 6, 22, 7], [23, 16, 24, 17], [1, 19, 2, 18], [3, 20, 4, 21], [5, 14, 6, 15]]"
12a_1193_72,"[[6, 15, 7, 16], [8, 14, 9, 13], [10, 1, 11, 2], [12, 4, 13, 3], [14, 23, 15, 24], [16, 5, 17, 6], [18, 10, 19, 9], [20, 11, 21, 12], [22, 7, 23, 8], [24, 17, 1, 18], [2, 20, 3, 19], [4, 21, 5, 22]]"
12a_1193_73,"[[4, 21, 5, 22], [6, 15, 7, 16], [8, 14, 9, 13], [10, 1, 11, 2], [12, 4, 13, 3], [14, 23, 15, 24], [16, 5, 17, 6], [18, 10, 19, 9], [20, 11, 21, 12], [22, 7, 23, 8], [24, 17, 1, 18], [2, 20, 3, 19]]"
12a_1193_74,"[[2, 20, 3, 19], [4, 21, 5, 22], [6, 15, 7, 16], [8, 14, 9, 13], [10, 1, 11, 2], [12, 4, 13, 3], [14, 23, 15, 24], [16, 5, 17, 6], [18, 10, 19, 9], [20, 11, 21, 12], [22, 7, 23, 8], [24, 17, 1, 18]]"
12a_1193_75,"[[24, 17, 1, 18], [2, 20, 3, 19], [4, 21, 5, 22], [6, 15, 7, 16], [8, 14, 9, 13], [10, 1, 11, 2], [12, 4, 13, 3], [14, 23, 15, 24], [16, 5, 17, 6], [18, 10, 19, 9], [20, 11, 21, 12], [22, 7, 23, 8]]"
12a_1193_76,"[[22, 7, 23, 8], [24, 17, 1, 18], [2, 20, 3, 19], [4, 21, 5, 22], [6, 15, 7, 16], [8, 14, 9, 13], [10, 1, 11, 2], [12, 4, 13, 3], [14, 23, 15, 24], [16, 5, 17, 6], [18, 10, 19, 9], [20, 11, 21, 12]]"
12a_1193_77,"[[20, 11, 21, 12], [22, 7, 23, 8], [24, 17, 1, 18], [2, 20, 3, 19], [4, 21, 5, 22], [6, 15, 7, 16], [8, 14, 9, 13], [10, 1, 11, 2], [12, 4, 13, 3], [14, 23, 15, 24], [16, 5, 17, 6], [18, 10, 19, 9]]"
12a_1193_78,"[[18, 10, 19, 9], [20, 11, 21, 12], [22, 7, 23, 8], [24, 17, 1, 18], [2, 20, 3, 19], [4, 21, 5, 22], [6, 15, 7, 16], [8, 14, 9, 13], [10, 1, 11, 2], [12, 4, 13, 3], [14, 23, 15, 24], [16, 5, 17, 6]]"
12a_1193_79,"[[16, 5, 17, 6], [18, 10, 19, 9], [20, 11, 21, 12], [22, 7, 23, 8], [24, 17, 1, 18], [2, 20, 3, 19], [4, 21, 5, 22], [6, 15, 7, 16], [8, 14, 9, 13], [10, 1, 11, 2], [12, 4, 13, 3], [14, 23, 15, 24]]"
12a_1193_80,"[[14, 23, 15, 24], [16, 5, 17, 6], [18, 10, 19, 9], [20, 11, 21, 12], [22, 7, 23, 8], [24, 17, 1, 18], [2, 20, 3, 19], [4, 21, 5, 22], [6, 15, 7, 16], [8, 14, 9, 13], [10, 1, 11, 2], [12, 4, 13, 3]]"
12a_1193_81,"[[12, 4, 13, 3], [14, 23, 15, 24], [16, 5, 17, 6], [18, 10, 19, 9], [20, 11, 21, 12], [22, 7, 23, 8], [24, 17, 1, 18], [2, 20, 3, 19], [4, 21, 5, 22], [6, 15, 7, 16], [8, 14, 9, 13], [10, 1, 11, 2]]"
12a_1193_82,"[[10, 1, 11, 2], [12, 4, 13, 3], [14, 23, 15, 24], [16, 5, 17, 6], [18, 10, 19, 9], [20, 11, 21, 12], [22, 7, 23, 8], [24, 17, 1, 18], [2, 20, 3, 19], [4, 21, 5, 22], [6, 15, 7, 16], [8, 14, 9, 13]]"
12a_1193_83,"[[8, 14, 9, 13], [10, 1, 11, 2], [12, 4, 13, 3], [14, 23, 15, 24], [16, 5, 17, 6], [18, 10, 19, 9], [20, 11, 21, 12], [22, 7, 23, 8], [24, 17, 1, 18], [2, 20, 3, 19], [4, 21, 5, 22], [6, 15, 7, 16]]"
12a_1193_84,"[[7, 16, 8, 17], [9, 15, 10, 14], [11, 2, 12, 3], [13, 5, 14, 4], [15, 24, 16, 1], [17, 6, 18, 7], [19, 11, 20, 10], [21, 12, 22, 13], [23, 8, 24, 9], [1, 18, 2, 19], [3, 21, 4, 20], [5, 22, 6, 23]]"
12a_1193_85,"[[5, 22, 6, 23], [7, 16, 8, 17], [9, 15, 10, 14], [11, 2, 12, 3], [13, 5, 14, 4], [15, 24, 16, 1], [17, 6, 18, 7], [19, 11, 20, 10], [21, 12, 22, 13], [23, 8, 24, 9], [1, 18, 2, 19], [3, 21, 4, 20]]"
12a_1193_86,"[[3, 21, 4, 20], [5, 22, 6, 23], [7, 16, 8, 17], [9, 15, 10, 14], [11, 2, 12, 3], [13, 5, 14, 4], [15, 24, 16, 1], [17, 6, 18, 7], [19, 11, 20, 10], [21, 12, 22, 13], [23, 8, 24, 9], [1, 18, 2, 19]]"
12a_1193_87,"[[1, 18, 2, 19], [3, 21, 4, 20], [5, 22, 6, 23], [7, 16, 8, 17], [9, 15, 10, 14], [11, 2, 12, 3], [13, 5, 14, 4], [15, 24, 16, 1], [17, 6, 18, 7], [19, 11, 20, 10], [21, 12, 22, 13], [23, 8, 24, 9]]"
12a_1193_88,"[[23, 8, 24, 9], [1, 18, 2, 19], [3, 21, 4, 20], [5, 22, 6, 23], [7, 16, 8, 17], [9, 15, 10, 14], [11, 2, 12, 3], [13, 5, 14, 4], [15, 24, 16, 1], [17, 6, 18, 7], [19, 11, 20, 10], [21, 12, 22, 13]]"
12a_1193_89,"[[21, 12, 22, 13], [23, 8, 24, 9], [1, 18, 2, 19], [3, 21, 4, 20], [5, 22, 6, 23], [7, 16, 8, 17], [9, 15, 10, 14], [11, 2, 12, 3], [13, 5, 14, 4], [15, 24, 16, 1], [17, 6, 18, 7], [19, 11, 20, 10]]"
12a_1193_90,"[[19, 11, 20, 10], [21, 12, 22, 13], [23, 8, 24, 9], [1, 18, 2, 19], [3, 21, 4, 20], [5, 22, 6, 23], [7, 16, 8, 17], [9, 15, 10, 14], [11, 2, 12, 3], [13, 5, 14, 4], [15, 24, 16, 1], [17, 6, 18, 7]]"
12a_1193_91,"[[17, 6, 18, 7], [19, 11, 20, 10], [21, 12, 22, 13], [23, 8, 24, 9], [1, 18, 2, 19], [3, 21, 4, 20], [5, 22, 6, 23], [7, 16, 8, 17], [9, 15, 10, 14], [11, 2, 12, 3], [13, 5, 14, 4], [15, 24, 16, 1]]"
12a_1193_92,"[[15, 24, 16, 1], [17, 6, 18, 7], [19, 11, 20, 10], [21, 12, 22, 13], [23, 8, 24, 9], [1, 18, 2, 19], [3, 21, 4, 20], [5, 22, 6, 23], [7, 16, 8, 17], [9, 15, 10, 14], [11, 2, 12, 3], [13, 5, 14, 4]]"
12a_1193_93,"[[13, 5, 14, 4], [15, 24, 16, 1], [17, 6, 18, 7], [19, 11, 20, 10], [21, 12, 22, 13], [23, 8, 24, 9], [1, 18, 2, 19], [3, 21, 4, 20], [5, 22, 6, 23], [7, 16, 8, 17], [9, 15, 10, 14], [11, 2, 12, 3]]"
12a_1193_94,"[[11, 2, 12, 3], [13, 5, 14, 4], [15, 24, 16, 1], [17, 6, 18, 7], [19, 11, 20, 10], [21, 12, 22, 13], [23, 8, 24, 9], [1, 18, 2, 19], [3, 21, 4, 20], [5, 22, 6, 23], [7, 16, 8, 17], [9, 15, 10, 14]]"
12a_1193_95,"[[9, 15, 10, 14], [11, 2, 12, 3], [13, 5, 14, 4], [15, 24, 16, 1], [17, 6, 18, 7], [19, 11, 20, 10], [21, 12, 22, 13], [23, 8, 24, 9], [1, 18, 2, 19], [3, 21, 4, 20], [5, 22, 6, 23], [7, 16, 8, 17]]"
12a_1193_96,"[[8, 17, 9, 18], [10, 16, 11, 15], [12, 3, 13, 4], [14, 6, 15, 5], [16, 1, 17, 2], [18, 7, 19, 8], [20, 12, 21, 11], [22, 13, 23, 14], [24, 9, 1, 10], [2, 19, 3, 20], [4, 22, 5, 21], [6, 23, 7, 24]]"
12a_1193_97,"[[6, 23, 7, 24], [8, 17, 9, 18], [10, 16, 11, 15], [12, 3, 13, 4], [14, 6, 15, 5], [16, 1, 17, 2], [18, 7, 19, 8], [20, 12, 21, 11], [22, 13, 23, 14], [24, 9, 1, 10], [2, 19, 3, 20], [4, 22, 5, 21]]"
12a_1193_98,"[[4, 22, 5, 21], [6, 23, 7, 24], [8, 17, 9, 18], [10, 16, 11, 15], [12, 3, 13, 4], [14, 6, 15, 5], [16, 1, 17, 2], [18, 7, 19, 8], [20, 12, 21, 11], [22, 13, 23, 14], [24, 9, 1, 10], [2, 19, 3, 20]]"
12a_1193_99,"[[2, 19, 3, 20], [4, 22, 5, 21], [6, 23, 7, 24], [8, 17, 9, 18], [10, 16, 11, 15], [12, 3, 13, 4], [14, 6, 15, 5], [16, 1, 17, 2], [18, 7, 19, 8], [20, 12, 21, 11], [22, 13, 23, 14], [24, 9, 1, 10]]"
12a_1193_100,"[[24, 9, 1, 10], [2, 19, 3, 20], [4, 22, 5, 21], [6, 23, 7, 24], [8, 17, 9, 18], [10, 16, 11, 15], [12, 3, 13, 4], [14, 6, 15, 5], [16, 1, 17, 2], [18, 7, 19, 8], [20, 12, 21, 11], [22, 13, 23, 14]]"
12a_1193_101,"[[22, 13, 23, 14], [24, 9, 1, 10], [2, 19, 3, 20], [4, 22, 5, 21], [6, 23, 7, 24], [8, 17, 9, 18], [10, 16, 11, 15], [12, 3, 13, 4], [14, 6, 15, 5], [16, 1, 17, 2], [18, 7, 19, 8], [20, 12, 21, 11]]"
12a_1193_102,"[[20, 12, 21, 11], [22, 13, 23, 14], [24, 9, 1, 10], [2, 19, 3, 20], [4, 22, 5, 21], [6, 23, 7, 24], [8, 17, 9, 18], [10, 16, 11, 15], [12, 3, 13, 4], [14, 6, 15, 5], [16, 1, 17, 2], [18, 7, 19, 8]]"
12a_1193_103,"[[18, 7, 19, 8], [20, 12, 21, 11], [22, 13, 23, 14], [24, 9, 1, 10], [2, 19, 3, 20], [4, 22, 5, 21], [6, 23, 7, 24], [8, 17, 9, 18], [10, 16, 11, 15], [12, 3, 13, 4], [14, 6, 15, 5], [16, 1, 17, 2]]"
12a_1193_104,"[[16, 1, 17, 2], [18, 7, 19, 8], [20, 12, 21, 11], [22, 13, 23, 14], [24, 9, 1, 10], [2, 19, 3, 20], [4, 22, 5, 21], [6, 23, 7, 24], [8, 17, 9, 18], [10, 16, 11, 15], [12, 3, 13, 4], [14, 6, 15, 5]]"
12a_1193_105,"[[14, 6, 15, 5], [16, 1, 17, 2], [18, 7, 19, 8], [20, 12, 21, 11], [22, 13, 23, 14], [24, 9, 1, 10], [2, 19, 3, 20], [4, 22, 5, 21], [6, 23, 7, 24], [8, 17, 9, 18], [10, 16, 11, 15], [12, 3, 13, 4]]"
12a_1193_106,"[[12, 3, 13, 4], [14, 6, 15, 5], [16, 1, 17, 2], [18, 7, 19, 8], [20, 12, 21, 11], [22, 13, 23, 14], [24, 9, 1, 10], [2, 19, 3, 20], [4, 22, 5, 21], [6, 23, 7, 24], [8, 17, 9, 18], [10, 16, 11, 15]]"
12a_1193_107,"[[10, 16, 11, 15], [12, 3, 13, 4], [14, 6, 15, 5], [16, 1, 17, 2], [18, 7, 19, 8], [20, 12, 21, 11], [22, 13, 23, 14], [24, 9, 1, 10], [2, 19, 3, 20], [4, 22, 5, 21], [6, 23, 7, 24], [8, 17, 9, 18]]"
12a_1193_108,"[[9, 18, 10, 19], [11, 17, 12, 16], [13, 4, 14, 5], [15, 7, 16, 6], [17, 2, 18, 3], [19, 8, 20, 9], [21, 13, 22, 12], [23, 14, 24, 15], [1, 10, 2, 11], [3, 20, 4, 21], [5, 23, 6, 22], [7, 24, 8, 1]]"
12a_1193_109,"[[7, 24, 8, 1], [9, 18, 10, 19], [11, 17, 12, 16], [13, 4, 14, 5], [15, 7, 16, 6], [17, 2, 18, 3], [19, 8, 20, 9], [21, 13, 22, 12], [23, 14, 24, 15], [1, 10, 2, 11], [3, 20, 4, 21], [5, 23, 6, 22]]"
12a_1193_110,"[[5, 23, 6, 22], [7, 24, 8, 1], [9, 18, 10, 19], [11, 17, 12, 16], [13, 4, 14, 5], [15, 7, 16, 6], [17, 2, 18, 3], [19, 8, 20, 9], [21, 13, 22, 12], [23, 14, 24, 15], [1, 10, 2, 11], [3, 20, 4, 21]]"
12a_1193_111,"[[3, 20, 4, 21], [5, 23, 6, 22], [7, 24, 8, 1], [9, 18, 10, 19], [11, 17, 12, 16], [13, 4, 14, 5], [15, 7, 16, 6], [17, 2, 18, 3], [19, 8, 20, 9], [21, 13, 22, 12], [23, 14, 24, 15], [1, 10, 2, 11]]"
12a_1193_112,"[[1, 10, 2, 11], [3, 20, 4, 21], [5, 23, 6, 22], [7, 24, 8, 1], [9, 18, 10, 19], [11, 17, 12, 16], [13, 4, 14, 5], [15, 7, 16, 6], [17, 2, 18, 3], [19, 8, 20, 9], [21, 13, 22, 12], [23, 14, 24, 15]]"
12a_1193_113,"[[23, 14, 24, 15], [1, 10, 2, 11], [3, 20, 4, 21], [5, 23, 6, 22], [7, 24, 8, 1], [9, 18, 10, 19], [11, 17, 12, 16], [13, 4, 14, 5], [15, 7, 16, 6], [17, 2, 18, 3], [19, 8, 20, 9], [21, 13, 22, 12]]"
12a_1193_114,"[[21, 13, 22, 12], [23, 14, 24, 15], [1, 10, 2, 11], [3, 20, 4, 21], [5, 23, 6, 22], [7, 24, 8, 1], [9, 18, 10, 19], [11, 17, 12, 16], [13, 4, 14, 5], [15, 7, 16, 6], [17, 2, 18, 3], [19, 8, 20, 9]]"
12a_1193_115,"[[19, 8, 20, 9], [21, 13, 22, 12], [23, 14, 24, 15], [1, 10, 2, 11], [3, 20, 4, 21], [5, 23, 6, 22], [7, 24, 8, 1], [9, 18, 10, 19], [11, 17, 12, 16], [13, 4, 14, 5], [15, 7, 16, 6], [17, 2, 18, 3]]"
12a_1193_116,"[[17, 2, 18, 3], [19, 8, 20, 9], [21, 13, 22, 12], [23, 14, 24, 15], [1, 10, 2, 11], [3, 20, 4, 21], [5, 23, 6, 22], [7, 24, 8, 1], [9, 18, 10, 19], [11, 17, 12, 16], [13, 4, 14, 5], [15, 7, 16, 6]]"
12a_1193_117,"[[15, 7, 16, 6], [17, 2, 18, 3], [19, 8, 20, 9], [21, 13, 22, 12], [23, 14, 24, 15], [1, 10, 2, 11], [3, 20, 4, 21], [5, 23, 6, 22], [7, 24, 8, 1], [9, 18, 10, 19], [11, 17, 12, 16], [13, 4, 14, 5]]"
12a_1193_118,"[[13, 4, 14, 5], [15, 7, 16, 6], [17, 2, 18, 3], [19, 8, 20, 9], [21, 13, 22, 12], [23, 14, 24, 15], [1, 10, 2, 11], [3, 20, 4, 21], [5, 23, 6, 22], [7, 24, 8, 1], [9, 18, 10, 19], [11, 17, 12, 16]]"
12a_1193_119,"[[11, 17, 12, 16], [13, 4, 14, 5], [15, 7, 16, 6], [17, 2, 18, 3], [19, 8, 20, 9], [21, 13, 22, 12], [23, 14, 24, 15], [1, 10, 2, 11], [3, 20, 4, 21], [5, 23, 6, 22], [7, 24, 8, 1], [9, 18, 10, 19]]"
12a_1193_120,"[[10, 19, 11, 20], [12, 18, 13, 17], [14, 5, 15, 6], [16, 8, 17, 7], [18, 3, 19, 4], [20, 9, 21, 10], [22, 14, 23, 13], [24, 15, 1, 16], [2, 11, 3, 12], [4, 21, 5, 22], [6, 24, 7, 23], [8, 1, 9, 2]]"
12a_1193_121,"[[8, 1, 9, 2], [10, 19, 11, 20], [12, 18, 13, 17], [14, 5, 15, 6], [16, 8, 17, 7], [18, 3, 19, 4], [20, 9, 21, 10], [22, 14, 23, 13], [24, 15, 1, 16], [2, 11, 3, 12], [4, 21, 5, 22], [6, 24, 7, 23]]"
12a_1193_122,"[[6, 24, 7, 23], [8, 1, 9, 2], [10, 19, 11, 20], [12, 18, 13, 17], [14, 5, 15, 6], [16, 8, 17, 7], [18, 3, 19, 4], [20, 9, 21, 10], [22, 14, 23, 13], [24, 15, 1, 16], [2, 11, 3, 12], [4, 21, 5, 22]]"
12a_1193_123,"[[4, 21, 5, 22], [6, 24, 7, 23], [8, 1, 9, 2], [10, 19, 11, 20], [12, 18, 13, 17], [14, 5, 15, 6], [16, 8, 17, 7], [18, 3, 19, 4], [20, 9, 21, 10], [22, 14, 23, 13], [24, 15, 1, 16], [2, 11, 3, 12]]"
12a_1193_124,"[[2, 11, 3, 12], [4, 21, 5, 22], [6, 24, 7, 23], [8, 1, 9, 2], [10, 19, 11, 20], [12, 18, 13, 17], [14, 5, 15, 6], [16, 8, 17, 7], [18, 3, 19, 4], [20, 9, 21, 10], [22, 14, 23, 13], [24, 15, 1, 16]]"
12a_1193_125,"[[24, 15, 1, 16], [2, 11, 3, 12], [4, 21, 5, 22], [6, 24, 7, 23], [8, 1, 9, 2], [10, 19, 11, 20], [12, 18, 13, 17], [14, 5, 15, 6], [16, 8, 17, 7], [18, 3, 19, 4], [20, 9, 21, 10], [22, 14, 23, 13]]"
12a_1193_126,"[[22, 14, 23, 13], [24, 15, 1, 16], [2, 11, 3, 12], [4, 21, 5, 22], [6, 24, 7, 23], [8, 1, 9, 2], [10, 19, 11, 20], [12, 18, 13, 17], [14, 5, 15, 6], [16, 8, 17, 7], [18, 3, 19, 4], [20, 9, 21, 10]]"
12a_1193_127,"[[20, 9, 21, 10], [22, 14, 23, 13], [24, 15, 1, 16], [2, 11, 3, 12], [4, 21, 5, 22], [6, 24, 7, 23], [8, 1, 9, 2], [10, 19, 11, 20], [12, 18, 13, 17], [14, 5, 15, 6], [16, 8, 17, 7], [18, 3, 19, 4]]"
12a_1193_128,"[[18, 3, 19, 4], [20, 9, 21, 10], [22, 14, 23, 13], [24, 15, 1, 16], [2, 11, 3, 12], [4, 21, 5, 22], [6, 24, 7, 23], [8, 1, 9, 2], [10, 19, 11, 20], [12, 18, 13, 17], [14, 5, 15, 6], [16, 8, 17, 7]]"
12a_1193_129,"[[16, 8, 17, 7], [18, 3, 19, 4], [20, 9, 21, 10], [22, 14, 23, 13], [24, 15, 1, 16], [2, 11, 3, 12], [4, 21, 5, 22], [6, 24, 7, 23], [8, 1, 9, 2], [10, 19, 11, 20], [12, 18, 13, 17], [14, 5, 15, 6]]"
12a_1193_130,"[[14, 5, 15, 6], [16, 8, 17, 7], [18, 3, 19, 4], [20, 9, 21, 10], [22, 14, 23, 13], [24, 15, 1, 16], [2, 11, 3, 12], [4, 21, 5, 22], [6, 24, 7, 23], [8, 1, 9, 2], [10, 19, 11, 20], [12, 18, 13, 17]]"
12a_1193_131,"[[12, 18, 13, 17], [14, 5, 15, 6], [16, 8, 17, 7], [18, 3, 19, 4], [20, 9, 21, 10], [22, 14, 23, 13], [24, 15, 1, 16], [2, 11, 3, 12], [4, 21, 5, 22], [6, 24, 7, 23], [8, 1, 9, 2], [10, 19, 11, 20]]"
12a_1193_132,"[[11, 20, 12, 21], [13, 19, 14, 18], [15, 6, 16, 7], [17, 9, 18, 8], [19, 4, 20, 5], [21, 10, 22, 11], [23, 15, 24, 14], [1, 16, 2, 17], [3, 12, 4, 13], [5, 22, 6, 23], [7, 1, 8, 24], [9, 2, 10, 3]]"
12a_1193_133,"[[9, 2, 10, 3], [11, 20, 12, 21], [13, 19, 14, 18], [15, 6, 16, 7], [17, 9, 18, 8], [19, 4, 20, 5], [21, 10, 22, 11], [23, 15, 24, 14], [1, 16, 2, 17], [3, 12, 4, 13], [5, 22, 6, 23], [7, 1, 8, 24]]"
12a_1193_134,"[[7, 1, 8, 24], [9, 2, 10, 3], [11, 20, 12, 21], [13, 19, 14, 18], [15, 6, 16, 7], [17, 9, 18, 8], [19, 4, 20, 5], [21, 10, 22, 11], [23, 15, 24, 14], [1, 16, 2, 17], [3, 12, 4, 13], [5, 22, 6, 23]]"
12a_1193_135,"[[5, 22, 6, 23], [7, 1, 8, 24], [9, 2, 10, 3], [11, 20, 12, 21], [13, 19, 14, 18], [15, 6, 16, 7], [17, 9, 18, 8], [19, 4, 20, 5], [21, 10, 22, 11], [23, 15, 24, 14], [1, 16, 2, 17], [3, 12, 4, 13]]"
12a_1193_136,"[[3, 12, 4, 13], [5, 22, 6, 23], [7, 1, 8, 24], [9, 2, 10, 3], [11, 20, 12, 21], [13, 19, 14, 18], [15, 6, 16, 7], [17, 9, 18, 8], [19, 4, 20, 5], [21, 10, 22, 11], [23, 15, 24, 14], [1, 16, 2, 17]]"
12a_1193_137,"[[1, 16, 2, 17], [3, 12, 4, 13], [5, 22, 6, 23], [7, 1, 8, 24], [9, 2, 10, 3], [11, 20, 12, 21], [13, 19, 14, 18], [15, 6, 16, 7], [17, 9, 18, 8], [19, 4, 20, 5], [21, 10, 22, 11], [23, 15, 24, 14]]"
12a_1193_138,"[[23, 15, 24, 14], [1, 16, 2, 17], [3, 12, 4, 13], [5, 22, 6, 23], [7, 1, 8, 24], [9, 2, 10, 3], [11, 20, 12, 21], [13, 19, 14, 18], [15, 6, 16, 7], [17, 9, 18, 8], [19, 4, 20, 5], [21, 10, 22, 11]]"
12a_1193_139,"[[21, 10, 22, 11], [23, 15, 24, 14], [1, 16, 2, 17], [3, 12, 4, 13], [5, 22, 6, 23], [7, 1, 8, 24], [9, 2, 10, 3], [11, 20, 12, 21], [13, 19, 14, 18], [15, 6, 16, 7], [17, 9, 18, 8], [19, 4, 20, 5]]"
12a_1193_140,"[[19, 4, 20, 5], [21, 10, 22, 11], [23, 15, 24, 14], [1, 16, 2, 17], [3, 12, 4, 13], [5, 22, 6, 23], [7, 1, 8, 24], [9, 2, 10, 3], [11, 20, 12, 21], [13, 19, 14, 18], [15, 6, 16, 7], [17, 9, 18, 8]]"
12a_1193_141,"[[17, 9, 18, 8], [19, 4, 20, 5], [21, 10, 22, 11], [23, 15, 24, 14], [1, 16, 2, 17], [3, 12, 4, 13], [5, 22, 6, 23], [7, 1, 8, 24], [9, 2, 10, 3], [11, 20, 12, 21], [13, 19, 14, 18], [15, 6, 16, 7]]"
12a_1193_142,"[[15, 6, 16, 7], [17, 9, 18, 8], [19, 4, 20, 5], [21, 10, 22, 11], [23, 15, 24, 14], [1, 16, 2, 17], [3, 12, 4, 13], [5, 22, 6, 23], [7, 1, 8, 24], [9, 2, 10, 3], [11, 20, 12, 21], [13, 19, 14, 18]]"
12a_1193_143,"[[13, 19, 14, 18], [15, 6, 16, 7], [17, 9, 18, 8], [19, 4, 20, 5], [21, 10, 22, 11], [23, 15, 24, 14], [1, 16, 2, 17], [3, 12, 4, 13], [5, 22, 6, 23], [7, 1, 8, 24], [9, 2, 10, 3], [11, 20, 12, 21]]"
12a_1193_144,"[[12, 21, 13, 22], [14, 20, 15, 19], [16, 7, 17, 8], [18, 10, 19, 9], [20, 5, 21, 6], [22, 11, 23, 12], [24, 16, 1, 15], [2, 17, 3, 18], [4, 13, 5, 14], [6, 23, 7, 24], [8, 2, 9, 1], [10, 3, 11, 4]]"
12a_1193_145,"[[10, 3, 11, 4], [12, 21, 13, 22], [14, 20, 15, 19], [16, 7, 17, 8], [18, 10, 19, 9], [20, 5, 21, 6], [22, 11, 23, 12], [24, 16, 1, 15], [2, 17, 3, 18], [4, 13, 5, 14], [6, 23, 7, 24], [8, 2, 9, 1]]"
12a_1193_146,"[[8, 2, 9, 1], [10, 3, 11, 4], [12, 21, 13, 22], [14, 20, 15, 19], [16, 7, 17, 8], [18, 10, 19, 9], [20, 5, 21, 6], [22, 11, 23, 12], [24, 16, 1, 15], [2, 17, 3, 18], [4, 13, 5, 14], [6, 23, 7, 24]]"
12a_1193_147,"[[6, 23, 7, 24], [8, 2, 9, 1], [10, 3, 11, 4], [12, 21, 13, 22], [14, 20, 15, 19], [16, 7, 17, 8], [18, 10, 19, 9], [20, 5, 21, 6], [22, 11, 23, 12], [24, 16, 1, 15], [2, 17, 3, 18], [4, 13, 5, 14]]"
12a_1193_148,"[[4, 13, 5, 14], [6, 23, 7, 24], [8, 2, 9, 1], [10, 3, 11, 4], [12, 21, 13, 22], [14, 20, 15, 19], [16, 7, 17, 8], [18, 10, 19, 9], [20, 5, 21, 6], [22, 11, 23, 12], [24, 16, 1, 15], [2, 17, 3, 18]]"
12a_1193_149,"[[2, 17, 3, 18], [4, 13, 5, 14], [6, 23, 7, 24], [8, 2, 9, 1], [10, 3, 11, 4], [12, 21, 13, 22], [14, 20, 15, 19], [16, 7, 17, 8], [18, 10, 19, 9], [20, 5, 21, 6], [22, 11, 23, 12], [24, 16, 1, 15]]"
12a_1193_150,"[[24, 16, 1, 15], [2, 17, 3, 18], [4, 13, 5, 14], [6, 23, 7, 24], [8, 2, 9, 1], [10, 3, 11, 4], [12, 21, 13, 22], [14, 20, 15, 19], [16, 7, 17, 8], [18, 10, 19, 9], [20, 5, 21, 6], [22, 11, 23, 12]]"
12a_1193_151,"[[22, 11, 23, 12], [24, 16, 1, 15], [2, 17, 3, 18], [4, 13, 5, 14], [6, 23, 7, 24], [8, 2, 9, 1], [10, 3, 11, 4], [12, 21, 13, 22], [14, 20, 15, 19], [16, 7, 17, 8], [18, 10, 19, 9], [20, 5, 21, 6]]"
12a_1193_152,"[[20, 5, 21, 6], [22, 11, 23, 12], [24, 16, 1, 15], [2, 17, 3, 18], [4, 13, 5, 14], [6, 23, 7, 24], [8, 2, 9, 1], [10, 3, 11, 4], [12, 21, 13, 22], [14, 20, 15, 19], [16, 7, 17, 8], [18, 10, 19, 9]]"
12a_1193_153,"[[18, 10, 19, 9], [20, 5, 21, 6], [22, 11, 23, 12], [24, 16, 1, 15], [2, 17, 3, 18], [4, 13, 5, 14], [6, 23, 7, 24], [8, 2, 9, 1], [10, 3, 11, 4], [12, 21, 13, 22], [14, 20, 15, 19], [16, 7, 17, 8]]"
12a_1193_154,"[[16, 7, 17, 8], [18, 10, 19, 9], [20, 5, 21, 6], [22, 11, 23, 12], [24, 16, 1, 15], [2, 17, 3, 18], [4, 13, 5, 14], [6, 23, 7, 24], [8, 2, 9, 1], [10, 3, 11, 4], [12, 21, 13, 22], [14, 20, 15, 19]]"
12a_1193_155,"[[14, 20, 15, 19], [16, 7, 17, 8], [18, 10, 19, 9], [20, 5, 21, 6], [22, 11, 23, 12], [24, 16, 1, 15], [2, 17, 3, 18], [4, 13, 5, 14], [6, 23, 7, 24], [8, 2, 9, 1], [10, 3, 11, 4], [12, 21, 13, 22]]"
12a_1193_156,"[[13, 22, 14, 23], [15, 21, 16, 20], [17, 8, 18, 9], [19, 11, 20, 10], [21, 6, 22, 7], [23, 12, 24, 13], [1, 17, 2, 16], [3, 18, 4, 19], [5, 14, 6, 15], [7, 24, 8, 1], [9, 3, 10, 2], [11, 4, 12, 5]]"
12a_1193_157,"[[11, 4, 12, 5], [13, 22, 14, 23], [15, 21, 16, 20], [17, 8, 18, 9], [19, 11, 20, 10], [21, 6, 22, 7], [23, 12, 24, 13], [1, 17, 2, 16], [3, 18, 4, 19], [5, 14, 6, 15], [7, 24, 8, 1], [9, 3, 10, 2]]"
12a_1193_158,"[[9, 3, 10, 2], [11, 4, 12, 5], [13, 22, 14, 23], [15, 21, 16, 20], [17, 8, 18, 9], [19, 11, 20, 10], [21, 6, 22, 7], [23, 12, 24, 13], [1, 17, 2, 16], [3, 18, 4, 19], [5, 14, 6, 15], [7, 24, 8, 1]]"
12a_1193_159,"[[7, 24, 8, 1], [9, 3, 10, 2], [11, 4, 12, 5], [13, 22, 14, 23], [15, 21, 16, 20], [17, 8, 18, 9], [19, 11, 20, 10], [21, 6, 22, 7], [23, 12, 24, 13], [1, 17, 2, 16], [3, 18, 4, 19], [5, 14, 6, 15]]"
12a_1193_160,"[[5, 14, 6, 15], [7, 24, 8, 1], [9, 3, 10, 2], [11, 4, 12, 5], [13, 22, 14, 23], [15, 21, 16, 20], [17, 8, 18, 9], [19, 11, 20, 10], [21, 6, 22, 7], [23, 12, 24, 13], [1, 17, 2, 16], [3, 18, 4, 19]]"
12a_1193_161,"[[3, 18, 4, 19], [5, 14, 6, 15], [7, 24, 8, 1], [9, 3, 10, 2], [11, 4, 12, 5], [13, 22, 14, 23], [15, 21, 16, 20], [17, 8, 18, 9], [19, 11, 20, 10], [21, 6, 22, 7], [23, 12, 24, 13], [1, 17, 2, 16]]"
12a_1193_162,"[[1, 17, 2, 16], [3, 18, 4, 19], [5, 14, 6, 15], [7, 24, 8, 1], [9, 3, 10, 2], [11, 4, 12, 5], [13, 22, 14, 23], [15, 21, 16, 20], [17, 8, 18, 9], [19, 11, 20, 10], [21, 6, 22, 7], [23, 12, 24, 13]]"
12a_1193_163,"[[23, 12, 24, 13], [1, 17, 2, 16], [3, 18, 4, 19], [5, 14, 6, 15], [7, 24, 8, 1], [9, 3, 10, 2], [11, 4, 12, 5], [13, 22, 14, 23], [15, 21, 16, 20], [17, 8, 18, 9], [19, 11, 20, 10], [21, 6, 22, 7]]"
12a_1193_164,"[[21, 6, 22, 7], [23, 12, 24, 13], [1, 17, 2, 16], [3, 18, 4, 19], [5, 14, 6, 15], [7, 24, 8, 1], [9, 3, 10, 2], [11, 4, 12, 5], [13, 22, 14, 23], [15, 21, 16, 20], [17, 8, 18, 9], [19, 11, 20, 10]]"
12a_1193_165,"[[19, 11, 20, 10], [21, 6, 22, 7], [23, 12, 24, 13], [1, 17, 2, 16], [3, 18, 4, 19], [5, 14, 6, 15], [7, 24, 8, 1], [9, 3, 10, 2], [11, 4, 12, 5], [13, 22, 14, 23], [15, 21, 16, 20], [17, 8, 18, 9]]"
12a_1193_166,"[[17, 8, 18, 9], [19, 11, 20, 10], [21, 6, 22, 7], [23, 12, 24, 13], [1, 17, 2, 16], [3, 18, 4, 19], [5, 14, 6, 15], [7, 24, 8, 1], [9, 3, 10, 2], [11, 4, 12, 5], [13, 22, 14, 23], [15, 21, 16, 20]]"
12a_1193_167,"[[15, 21, 16, 20], [17, 8, 18, 9], [19, 11, 20, 10], [21, 6, 22, 7], [23, 12, 24, 13], [1, 17, 2, 16], [3, 18, 4, 19], [5, 14, 6, 15], [7, 24, 8, 1], [9, 3, 10, 2], [11, 4, 12, 5], [13, 22, 14, 23]]"
12a_1193_168,"[[14, 23, 15, 24], [16, 22, 17, 21], [18, 9, 19, 10], [20, 12, 21, 11], [22, 7, 23, 8], [24, 13, 1, 14], [2, 18, 3, 17], [4, 19, 5, 20], [6, 15, 7, 16], [8, 1, 9, 2], [10, 4, 11, 3], [12, 5, 13, 6]]"
12a_1193_169,"[[12, 5, 13, 6], [14, 23, 15, 24], [16, 22, 17, 21], [18, 9, 19, 10], [20, 12, 21, 11], [22, 7, 23, 8], [24, 13, 1, 14], [2, 18, 3, 17], [4, 19, 5, 20], [6, 15, 7, 16], [8, 1, 9, 2], [10, 4, 11, 3]]"
12a_1193_170,"[[10, 4, 11, 3], [12, 5, 13, 6], [14, 23, 15, 24], [16, 22, 17, 21], [18, 9, 19, 10], [20, 12, 21, 11], [22, 7, 23, 8], [24, 13, 1, 14], [2, 18, 3, 17], [4, 19, 5, 20], [6, 15, 7, 16], [8, 1, 9, 2]]"
12a_1193_171,"[[8, 1, 9, 2], [10, 4, 11, 3], [12, 5, 13, 6], [14, 23, 15, 24], [16, 22, 17, 21], [18, 9, 19, 10], [20, 12, 21, 11], [22, 7, 23, 8], [24, 13, 1, 14], [2, 18, 3, 17], [4, 19, 5, 20], [6, 15, 7, 16]]"
12a_1193_172,"[[6, 15, 7, 16], [8, 1, 9, 2], [10, 4, 11, 3], [12, 5, 13, 6], [14, 23, 15, 24], [16, 22, 17, 21], [18, 9, 19, 10], [20, 12, 21, 11], [22, 7, 23, 8], [24, 13, 1, 14], [2, 18, 3, 17], [4, 19, 5, 20]]"
12a_1193_173,"[[4, 19, 5, 20], [6, 15, 7, 16], [8, 1, 9, 2], [10, 4, 11, 3], [12, 5, 13, 6], [14, 23, 15, 24], [16, 22, 17, 21], [18, 9, 19, 10], [20, 12, 21, 11], [22, 7, 23, 8], [24, 13, 1, 14], [2, 18, 3, 17]]"
12a_1193_174,"[[2, 18, 3, 17], [4, 19, 5, 20], [6, 15, 7, 16], [8, 1, 9, 2], [10, 4, 11, 3], [12, 5, 13, 6], [14, 23, 15, 24], [16, 22, 17, 21], [18, 9, 19, 10], [20, 12, 21, 11], [22, 7, 23, 8], [24, 13, 1, 14]]"
12a_1193_175,"[[24, 13, 1, 14], [2, 18, 3, 17], [4, 19, 5, 20], [6, 15, 7, 16], [8, 1, 9, 2], [10, 4, 11, 3], [12, 5, 13, 6], [14, 23, 15, 24], [16, 22, 17, 21], [18, 9, 19, 10], [20, 12, 21, 11], [22, 7, 23, 8]]"
12a_1193_176,"[[22, 7, 23, 8], [24, 13, 1, 14], [2, 18, 3, 17], [4, 19, 5, 20], [6, 15, 7, 16], [8, 1, 9, 2], [10, 4, 11, 3], [12, 5, 13, 6], [14, 23, 15, 24], [16, 22, 17, 21], [18, 9, 19, 10], [20, 12, 21, 11]]"
12a_1193_177,"[[20, 12, 21, 11], [22, 7, 23, 8], [24, 13, 1, 14], [2, 18, 3, 17], [4, 19, 5, 20], [6, 15, 7, 16], [8, 1, 9, 2], [10, 4, 11, 3], [12, 5, 13, 6], [14, 23, 15, 24], [16, 22, 17, 21], [18, 9, 19, 10]]"
12a_1193_178,"[[18, 9, 19, 10], [20, 12, 21, 11], [22, 7, 23, 8], [24, 13, 1, 14], [2, 18, 3, 17], [4, 19, 5, 20], [6, 15, 7, 16], [8, 1, 9, 2], [10, 4, 11, 3], [12, 5, 13, 6], [14, 23, 15, 24], [16, 22, 17, 21]]"
12a_1193_179,"[[16, 22, 17, 21], [18, 9, 19, 10], [20, 12, 21, 11], [22, 7, 23, 8], [24, 13, 1, 14], [2, 18, 3, 17], [4, 19, 5, 20], [6, 15, 7, 16], [8, 1, 9, 2], [10, 4, 11, 3], [12, 5, 13, 6], [14, 23, 15, 24]]"
12a_1193_180,"[[15, 24, 16, 1], [17, 23, 18, 22], [19, 10, 20, 11], [21, 13, 22, 12], [23, 8, 24, 9], [1, 14, 2, 15], [3, 19, 4, 18], [5, 20, 6, 21], [7, 16, 8, 17], [9, 2, 10, 3], [11, 5, 12, 4], [13, 6, 14, 7]]"
12a_1193_181,"[[13, 6, 14, 7], [15, 24, 16, 1], [17, 23, 18, 22], [19, 10, 20, 11], [21, 13, 22, 12], [23, 8, 24, 9], [1, 14, 2, 15], [3, 19, 4, 18], [5, 20, 6, 21], [7, 16, 8, 17], [9, 2, 10, 3], [11, 5, 12, 4]]"
12a_1193_182,"[[11, 5, 12, 4], [13, 6, 14, 7], [15, 24, 16, 1], [17, 23, 18, 22], [19, 10, 20, 11], [21, 13, 22, 12], [23, 8, 24, 9], [1, 14, 2, 15], [3, 19, 4, 18], [5, 20, 6, 21], [7, 16, 8, 17], [9, 2, 10, 3]]"
12a_1193_183,"[[9, 2, 10, 3], [11, 5, 12, 4], [13, 6, 14, 7], [15, 24, 16, 1], [17, 23, 18, 22], [19, 10, 20, 11], [21, 13, 22, 12], [23, 8, 24, 9], [1, 14, 2, 15], [3, 19, 4, 18], [5, 20, 6, 21], [7, 16, 8, 17]]"
12a_1193_184,"[[7, 16, 8, 17], [9, 2, 10, 3], [11, 5, 12, 4], [13, 6, 14, 7], [15, 24, 16, 1], [17, 23, 18, 22], [19, 10, 20, 11], [21, 13, 22, 12], [23, 8, 24, 9], [1, 14, 2, 15], [3, 19, 4, 18], [5, 20, 6, 21]]"
12a_1193_185,"[[5, 20, 6, 21], [7, 16, 8, 17], [9, 2, 10, 3], [11, 5, 12, 4], [13, 6, 14, 7], [15, 24, 16, 1], [17, 23, 18, 22], [19, 10, 20, 11], [21, 13, 22, 12], [23, 8, 24, 9], [1, 14, 2, 15], [3, 19, 4, 18]]"
