name,pd_notation
12a_1244_0,"[[24, 16, 1, 15], [2, 10, 3, 9], [4, 11, 5, 12], [6, 19, 7, 20], [8, 17, 9, 18], [10, 22, 11, 21], [12, 5, 13, 6], [14, 24, 15, 23], [16, 2, 17, 1], [18, 7, 19, 8], [20, 3, 21, 4], [22, 14, 23, 13]]"
12a_1244_1,"[[22, 14, 23, 13], [24, 16, 1, 15], [2, 10, 3, 9], [4, 11, 5, 12], [6, 19, 7, 20], [8, 17, 9, 18], [10, 22, 11, 21], [12, 5, 13, 6], [14, 24, 15, 23], [16, 2, 17, 1], [18, 7, 19, 8], [20, 3, 21, 4]]"
12a_1244_2,"[[20, 3, 21, 4], [22, 14, 23, 13], [24, 16, 1, 15], [2, 10, 3, 9], [4, 11, 5, 12], [6, 19, 7, 20], [8, 17, 9, 18], [10, 22, 11, 21], [12, 5, 13, 6], [14, 24, 15, 23], [16, 2, 17, 1], [18, 7, 19, 8]]"
12a_1244_3,"[[18, 7, 19, 8], [20, 3, 21, 4], [22, 14, 23, 13], [24, 16, 1, 15], [2, 10, 3, 9], [4, 11, 5, 12], [6, 19, 7, 20], [8, 17, 9, 18], [10, 22, 11, 21], [12, 5, 13, 6], [14, 24, 15, 23], [16, 2, 17, 1]]"
12a_1244_4,"[[16, 2, 17, 1], [18, 7, 19, 8], [20, 3, 21, 4], [22, 14, 23, 13], [24, 16, 1, 15], [2, 10, 3, 9], [4, 11, 5, 12], [6, 19, 7, 20], [8, 17, 9, 18], [10, 22, 11, 21], [12, 5, 13, 6], [14, 24, 15, 23]]"
12a_1244_5,"[[14, 24, 15, 23], [16, 2, 17, 1], [18, 7, 19, 8], [20, 3, 21, 4], [22, 14, 23, 13], [24, 16, 1, 15], [2, 10, 3, 9], [4, 11, 5, 12], [6, 19, 7, 20], [8, 17, 9, 18], [10, 22, 11, 21], [12, 5, 13, 6]]"
12a_1244_6,"[[12, 5, 13, 6], [14, 24, 15, 23], [16, 2, 17, 1], [18, 7, 19, 8], [20, 3, 21, 4], [22, 14, 23, 13], [24, 16, 1, 15], [2, 10, 3, 9], [4, 11, 5, 12], [6, 19, 7, 20], [8, 17, 9, 18], [10, 22, 11, 21]]"
12a_1244_7,"[[10, 22, 11, 21], [12, 5, 13, 6], [14, 24, 15, 23], [16, 2, 17, 1], [18, 7, 19, 8], [20, 3, 21, 4], [22, 14, 23, 13], [24, 16, 1, 15], [2, 10, 3, 9], [4, 11, 5, 12], [6, 19, 7, 20], [8, 17, 9, 18]]"
12a_1244_8,"[[8, 17, 9, 18], [10, 22, 11, 21], [12, 5, 13, 6], [14, 24, 15, 23], [16, 2, 17, 1], [18, 7, 19, 8], [20, 3, 21, 4], [22, 14, 23, 13], [24, 16, 1, 15], [2, 10, 3, 9], [4, 11, 5, 12], [6, 19, 7, 20]]"
12a_1244_9,"[[6, 19, 7, 20], [8, 17, 9, 18], [10, 22, 11, 21], [12, 5, 13, 6], [14, 24, 15, 23], [16, 2, 17, 1], [18, 7, 19, 8], [20, 3, 21, 4], [22, 14, 23, 13], [24, 16, 1, 15], [2, 10, 3, 9], [4, 11, 5, 12]]"
12a_1244_10,"[[4, 11, 5, 12], [6, 19, 7, 20], [8, 17, 9, 18], [10, 22, 11, 21], [12, 5, 13, 6], [14, 24, 15, 23], [16, 2, 17, 1], [18, 7, 19, 8], [20, 3, 21, 4], [22, 14, 23, 13], [24, 16, 1, 15], [2, 10, 3, 9]]"
12a_1244_11,"[[2, 10, 3, 9], [4, 11, 5, 12], [6, 19, 7, 20], [8, 17, 9, 18], [10, 22, 11, 21], [12, 5, 13, 6], [14, 24, 15, 23], [16, 2, 17, 1], [18, 7, 19, 8], [20, 3, 21, 4], [22, 14, 23, 13], [24, 16, 1, 15]]"
12a_1244_12,"[[1, 17, 2, 16], [3, 11, 4, 10], [5, 12, 6, 13], [7, 20, 8, 21], [9, 18, 10, 19], [11, 23, 12, 22], [13, 6, 14, 7], [15, 1, 16, 24], [17, 3, 18, 2], [19, 8, 20, 9], [21, 4, 22, 5], [23, 15, 24, 14]]"
12a_1244_13,"[[23, 15, 24, 14], [1, 17, 2, 16], [3, 11, 4, 10], [5, 12, 6, 13], [7, 20, 8, 21], [9, 18, 10, 19], [11, 23, 12, 22], [13, 6, 14, 7], [15, 1, 16, 24], [17, 3, 18, 2], [19, 8, 20, 9], [21, 4, 22, 5]]"
12a_1244_14,"[[21, 4, 22, 5], [23, 15, 24, 14], [1, 17, 2, 16], [3, 11, 4, 10], [5, 12, 6, 13], [7, 20, 8, 21], [9, 18, 10, 19], [11, 23, 12, 22], [13, 6, 14, 7], [15, 1, 16, 24], [17, 3, 18, 2], [19, 8, 20, 9]]"
12a_1244_15,"[[19, 8, 20, 9], [21, 4, 22, 5], [23, 15, 24, 14], [1, 17, 2, 16], [3, 11, 4, 10], [5, 12, 6, 13], [7, 20, 8, 21], [9, 18, 10, 19], [11, 23, 12, 22], [13, 6, 14, 7], [15, 1, 16, 24], [17, 3, 18, 2]]"
12a_1244_16,"[[17, 3, 18, 2], [19, 8, 20, 9], [21, 4, 22, 5], [23, 15, 24, 14], [1, 17, 2, 16], [3, 11, 4, 10], [5, 12, 6, 13], [7, 20, 8, 21], [9, 18, 10, 19], [11, 23, 12, 22], [13, 6, 14, 7], [15, 1, 16, 24]]"
12a_1244_17,"[[15, 1, 16, 24], [17, 3, 18, 2], [19, 8, 20, 9], [21, 4, 22, 5], [23, 15, 24, 14], [1, 17, 2, 16], [3, 11, 4, 10], [5, 12, 6, 13], [7, 20, 8, 21], [9, 18, 10, 19], [11, 23, 12, 22], [13, 6, 14, 7]]"
12a_1244_18,"[[13, 6, 14, 7], [15, 1, 16, 24], [17, 3, 18, 2], [19, 8, 20, 9], [21, 4, 22, 5], [23, 15, 24, 14], [1, 17, 2, 16], [3, 11, 4, 10], [5, 12, 6, 13], [7, 20, 8, 21], [9, 18, 10, 19], [11, 23, 12, 22]]"
12a_1244_19,"[[11, 23, 12, 22], [13, 6, 14, 7], [15, 1, 16, 24], [17, 3, 18, 2], [19, 8, 20, 9], [21, 4, 22, 5], [23, 15, 24, 14], [1, 17, 2, 16], [3, 11, 4, 10], [5, 12, 6, 13], [7, 20, 8, 21], [9, 18, 10, 19]]"
12a_1244_20,"[[9, 18, 10, 19], [11, 23, 12, 22], [13, 6, 14, 7], [15, 1, 16, 24], [17, 3, 18, 2], [19, 8, 20, 9], [21, 4, 22, 5], [23, 15, 24, 14], [1, 17, 2, 16], [3, 11, 4, 10], [5, 12, 6, 13], [7, 20, 8, 21]]"
12a_1244_21,"[[7, 20, 8, 21], [9, 18, 10, 19], [11, 23, 12, 22], [13, 6, 14, 7], [15, 1, 16, 24], [17, 3, 18, 2], [19, 8, 20, 9], [21, 4, 22, 5], [23, 15, 24, 14], [1, 17, 2, 16], [3, 11, 4, 10], [5, 12, 6, 13]]"
12a_1244_22,"[[5, 12, 6, 13], [7, 20, 8, 21], [9, 18, 10, 19], [11, 23, 12, 22], [13, 6, 14, 7], [15, 1, 16, 24], [17, 3, 18, 2], [19, 8, 20, 9], [21, 4, 22, 5], [23, 15, 24, 14], [1, 17, 2, 16], [3, 11, 4, 10]]"
12a_1244_23,"[[3, 11, 4, 10], [5, 12, 6, 13], [7, 20, 8, 21], [9, 18, 10, 19], [11, 23, 12, 22], [13, 6, 14, 7], [15, 1, 16, 24], [17, 3, 18, 2], [19, 8, 20, 9], [21, 4, 22, 5], [23, 15, 24, 14], [1, 17, 2, 16]]"
12a_1244_24,"[[2, 18, 3, 17], [4, 12, 5, 11], [6, 13, 7, 14], [8, 21, 9, 22], [10, 19, 11, 20], [12, 24, 13, 23], [14, 7, 15, 8], [16, 2, 17, 1], [18, 4, 19, 3], [20, 9, 21, 10], [22, 5, 23, 6], [24, 16, 1, 15]]"
12a_1244_25,"[[24, 16, 1, 15], [2, 18, 3, 17], [4, 12, 5, 11], [6, 13, 7, 14], [8, 21, 9, 22], [10, 19, 11, 20], [12, 24, 13, 23], [14, 7, 15, 8], [16, 2, 17, 1], [18, 4, 19, 3], [20, 9, 21, 10], [22, 5, 23, 6]]"
12a_1244_26,"[[22, 5, 23, 6], [24, 16, 1, 15], [2, 18, 3, 17], [4, 12, 5, 11], [6, 13, 7, 14], [8, 21, 9, 22], [10, 19, 11, 20], [12, 24, 13, 23], [14, 7, 15, 8], [16, 2, 17, 1], [18, 4, 19, 3], [20, 9, 21, 10]]"
12a_1244_27,"[[20, 9, 21, 10], [22, 5, 23, 6], [24, 16, 1, 15], [2, 18, 3, 17], [4, 12, 5, 11], [6, 13, 7, 14], [8, 21, 9, 22], [10, 19, 11, 20], [12, 24, 13, 23], [14, 7, 15, 8], [16, 2, 17, 1], [18, 4, 19, 3]]"
12a_1244_28,"[[18, 4, 19, 3], [20, 9, 21, 10], [22, 5, 23, 6], [24, 16, 1, 15], [2, 18, 3, 17], [4, 12, 5, 11], [6, 13, 7, 14], [8, 21, 9, 22], [10, 19, 11, 20], [12, 24, 13, 23], [14, 7, 15, 8], [16, 2, 17, 1]]"
12a_1244_29,"[[16, 2, 17, 1], [18, 4, 19, 3], [20, 9, 21, 10], [22, 5, 23, 6], [24, 16, 1, 15], [2, 18, 3, 17], [4, 12, 5, 11], [6, 13, 7, 14], [8, 21, 9, 22], [10, 19, 11, 20], [12, 24, 13, 23], [14, 7, 15, 8]]"
12a_1244_30,"[[14, 7, 15, 8], [16, 2, 17, 1], [18, 4, 19, 3], [20, 9, 21, 10], [22, 5, 23, 6], [24, 16, 1, 15], [2, 18, 3, 17], [4, 12, 5, 11], [6, 13, 7, 14], [8, 21, 9, 22], [10, 19, 11, 20], [12, 24, 13, 23]]"
12a_1244_31,"[[12, 24, 13, 23], [14, 7, 15, 8], [16, 2, 17, 1], [18, 4, 19, 3], [20, 9, 21, 10], [22, 5, 23, 6], [24, 16, 1, 15], [2, 18, 3, 17], [4, 12, 5, 11], [6, 13, 7, 14], [8, 21, 9, 22], [10, 19, 11, 20]]"
12a_1244_32,"[[10, 19, 11, 20], [12, 24, 13, 23], [14, 7, 15, 8], [16, 2, 17, 1], [18, 4, 19, 3], [20, 9, 21, 10], [22, 5, 23, 6], [24, 16, 1, 15], [2, 18, 3, 17], [4, 12, 5, 11], [6, 13, 7, 14], [8, 21, 9, 22]]"
12a_1244_33,"[[8, 21, 9, 22], [10, 19, 11, 20], [12, 24, 13, 23], [14, 7, 15, 8], [16, 2, 17, 1], [18, 4, 19, 3], [20, 9, 21, 10], [22, 5, 23, 6], [24, 16, 1, 15], [2, 18, 3, 17], [4, 12, 5, 11], [6, 13, 7, 14]]"
12a_1244_34,"[[6, 13, 7, 14], [8, 21, 9, 22], [10, 19, 11, 20], [12, 24, 13, 23], [14, 7, 15, 8], [16, 2, 17, 1], [18, 4, 19, 3], [20, 9, 21, 10], [22, 5, 23, 6], [24, 16, 1, 15], [2, 18, 3, 17], [4, 12, 5, 11]]"
12a_1244_35,"[[4, 12, 5, 11], [6, 13, 7, 14], [8, 21, 9, 22], [10, 19, 11, 20], [12, 24, 13, 23], [14, 7, 15, 8], [16, 2, 17, 1], [18, 4, 19, 3], [20, 9, 21, 10], [22, 5, 23, 6], [24, 16, 1, 15], [2, 18, 3, 17]]"
12a_1244_36,"[[3, 19, 4, 18], [5, 13, 6, 12], [7, 14, 8, 15], [9, 22, 10, 23], [11, 20, 12, 21], [13, 1, 14, 24], [15, 8, 16, 9], [17, 3, 18, 2], [19, 5, 20, 4], [21, 10, 22, 11], [23, 6, 24, 7], [1, 17, 2, 16]]"
12a_1244_37,"[[1, 17, 2, 16], [3, 19, 4, 18], [5, 13, 6, 12], [7, 14, 8, 15], [9, 22, 10, 23], [11, 20, 12, 21], [13, 1, 14, 24], [15, 8, 16, 9], [17, 3, 18, 2], [19, 5, 20, 4], [21, 10, 22, 11], [23, 6, 24, 7]]"
12a_1244_38,"[[23, 6, 24, 7], [1, 17, 2, 16], [3, 19, 4, 18], [5, 13, 6, 12], [7, 14, 8, 15], [9, 22, 10, 23], [11, 20, 12, 21], [13, 1, 14, 24], [15, 8, 16, 9], [17, 3, 18, 2], [19, 5, 20, 4], [21, 10, 22, 11]]"
12a_1244_39,"[[21, 10, 22, 11], [23, 6, 24, 7], [1, 17, 2, 16], [3, 19, 4, 18], [5, 13, 6, 12], [7, 14, 8, 15], [9, 22, 10, 23], [11, 20, 12, 21], [13, 1, 14, 24], [15, 8, 16, 9], [17, 3, 18, 2], [19, 5, 20, 4]]"
12a_1244_40,"[[19, 5, 20, 4], [21, 10, 22, 11], [23, 6, 24, 7], [1, 17, 2, 16], [3, 19, 4, 18], [5, 13, 6, 12], [7, 14, 8, 15], [9, 22, 10, 23], [11, 20, 12, 21], [13, 1, 14, 24], [15, 8, 16, 9], [17, 3, 18, 2]]"
12a_1244_41,"[[17, 3, 18, 2], [19, 5, 20, 4], [21, 10, 22, 11], [23, 6, 24, 7], [1, 17, 2, 16], [3, 19, 4, 18], [5, 13, 6, 12], [7, 14, 8, 15], [9, 22, 10, 23], [11, 20, 12, 21], [13, 1, 14, 24], [15, 8, 16, 9]]"
12a_1244_42,"[[15, 8, 16, 9], [17, 3, 18, 2], [19, 5, 20, 4], [21, 10, 22, 11], [23, 6, 24, 7], [1, 17, 2, 16], [3, 19, 4, 18], [5, 13, 6, 12], [7, 14, 8, 15], [9, 22, 10, 23], [11, 20, 12, 21], [13, 1, 14, 24]]"
12a_1244_43,"[[13, 1, 14, 24], [15, 8, 16, 9], [17, 3, 18, 2], [19, 5, 20, 4], [21, 10, 22, 11], [23, 6, 24, 7], [1, 17, 2, 16], [3, 19, 4, 18], [5, 13, 6, 12], [7, 14, 8, 15], [9, 22, 10, 23], [11, 20, 12, 21]]"
12a_1244_44,"[[11, 20, 12, 21], [13, 1, 14, 24], [15, 8, 16, 9], [17, 3, 18, 2], [19, 5, 20, 4], [21, 10, 22, 11], [23, 6, 24, 7], [1, 17, 2, 16], [3, 19, 4, 18], [5, 13, 6, 12], [7, 14, 8, 15], [9, 22, 10, 23]]"
12a_1244_45,"[[9, 22, 10, 23], [11, 20, 12, 21], [13, 1, 14, 24], [15, 8, 16, 9], [17, 3, 18, 2], [19, 5, 20, 4], [21, 10, 22, 11], [23, 6, 24, 7], [1, 17, 2, 16], [3, 19, 4, 18], [5, 13, 6, 12], [7, 14, 8, 15]]"
12a_1244_46,"[[7, 14, 8, 15], [9, 22, 10, 23], [11, 20, 12, 21], [13, 1, 14, 24], [15, 8, 16, 9], [17, 3, 18, 2], [19, 5, 20, 4], [21, 10, 22, 11], [23, 6, 24, 7], [1, 17, 2, 16], [3, 19, 4, 18], [5, 13, 6, 12]]"
12a_1244_47,"[[5, 13, 6, 12], [7, 14, 8, 15], [9, 22, 10, 23], [11, 20, 12, 21], [13, 1, 14, 24], [15, 8, 16, 9], [17, 3, 18, 2], [19, 5, 20, 4], [21, 10, 22, 11], [23, 6, 24, 7], [1, 17, 2, 16], [3, 19, 4, 18]]"
12a_1244_48,"[[4, 20, 5, 19], [6, 14, 7, 13], [8, 15, 9, 16], [10, 23, 11, 24], [12, 21, 13, 22], [14, 2, 15, 1], [16, 9, 17, 10], [18, 4, 19, 3], [20, 6, 21, 5], [22, 11, 23, 12], [24, 7, 1, 8], [2, 18, 3, 17]]"
12a_1244_49,"[[2, 18, 3, 17], [4, 20, 5, 19], [6, 14, 7, 13], [8, 15, 9, 16], [10, 23, 11, 24], [12, 21, 13, 22], [14, 2, 15, 1], [16, 9, 17, 10], [18, 4, 19, 3], [20, 6, 21, 5], [22, 11, 23, 12], [24, 7, 1, 8]]"
12a_1244_50,"[[24, 7, 1, 8], [2, 18, 3, 17], [4, 20, 5, 19], [6, 14, 7, 13], [8, 15, 9, 16], [10, 23, 11, 24], [12, 21, 13, 22], [14, 2, 15, 1], [16, 9, 17, 10], [18, 4, 19, 3], [20, 6, 21, 5], [22, 11, 23, 12]]"
12a_1244_51,"[[22, 11, 23, 12], [24, 7, 1, 8], [2, 18, 3, 17], [4, 20, 5, 19], [6, 14, 7, 13], [8, 15, 9, 16], [10, 23, 11, 24], [12, 21, 13, 22], [14, 2, 15, 1], [16, 9, 17, 10], [18, 4, 19, 3], [20, 6, 21, 5]]"
12a_1244_52,"[[20, 6, 21, 5], [22, 11, 23, 12], [24, 7, 1, 8], [2, 18, 3, 17], [4, 20, 5, 19], [6, 14, 7, 13], [8, 15, 9, 16], [10, 23, 11, 24], [12, 21, 13, 22], [14, 2, 15, 1], [16, 9, 17, 10], [18, 4, 19, 3]]"
12a_1244_53,"[[18, 4, 19, 3], [20, 6, 21, 5], [22, 11, 23, 12], [24, 7, 1, 8], [2, 18, 3, 17], [4, 20, 5, 19], [6, 14, 7, 13], [8, 15, 9, 16], [10, 23, 11, 24], [12, 21, 13, 22], [14, 2, 15, 1], [16, 9, 17, 10]]"
12a_1244_54,"[[16, 9, 17, 10], [18, 4, 19, 3], [20, 6, 21, 5], [22, 11, 23, 12], [24, 7, 1, 8], [2, 18, 3, 17], [4, 20, 5, 19], [6, 14, 7, 13], [8, 15, 9, 16], [10, 23, 11, 24], [12, 21, 13, 22], [14, 2, 15, 1]]"
12a_1244_55,"[[14, 2, 15, 1], [16, 9, 17, 10], [18, 4, 19, 3], [20, 6, 21, 5], [22, 11, 23, 12], [24, 7, 1, 8], [2, 18, 3, 17], [4, 20, 5, 19], [6, 14, 7, 13], [8, 15, 9, 16], [10, 23, 11, 24], [12, 21, 13, 22]]"
12a_1244_56,"[[12, 21, 13, 22], [14, 2, 15, 1], [16, 9, 17, 10], [18, 4, 19, 3], [20, 6, 21, 5], [22, 11, 23, 12], [24, 7, 1, 8], [2, 18, 3, 17], [4, 20, 5, 19], [6, 14, 7, 13], [8, 15, 9, 16], [10, 23, 11, 24]]"
12a_1244_57,"[[10, 23, 11, 24], [12, 21, 13, 22], [14, 2, 15, 1], [16, 9, 17, 10], [18, 4, 19, 3], [20, 6, 21, 5], [22, 11, 23, 12], [24, 7, 1, 8], [2, 18, 3, 17], [4, 20, 5, 19], [6, 14, 7, 13], [8, 15, 9, 16]]"
12a_1244_58,"[[8, 15, 9, 16], [10, 23, 11, 24], [12, 21, 13, 22], [14, 2, 15, 1], [16, 9, 17, 10], [18, 4, 19, 3], [20, 6, 21, 5], [22, 11, 23, 12], [24, 7, 1, 8], [2, 18, 3, 17], [4, 20, 5, 19], [6, 14, 7, 13]]"
12a_1244_59,"[[6, 14, 7, 13], [8, 15, 9, 16], [10, 23, 11, 24], [12, 21, 13, 22], [14, 2, 15, 1], [16, 9, 17, 10], [18, 4, 19, 3], [20, 6, 21, 5], [22, 11, 23, 12], [24, 7, 1, 8], [2, 18, 3, 17], [4, 20, 5, 19]]"
12a_1244_60,"[[5, 21, 6, 20], [7, 15, 8, 14], [9, 16, 10, 17], [11, 24, 12, 1], [13, 22, 14, 23], [15, 3, 16, 2], [17, 10, 18, 11], [19, 5, 20, 4], [21, 7, 22, 6], [23, 12, 24, 13], [1, 8, 2, 9], [3, 19, 4, 18]]"
12a_1244_61,"[[3, 19, 4, 18], [5, 21, 6, 20], [7, 15, 8, 14], [9, 16, 10, 17], [11, 24, 12, 1], [13, 22, 14, 23], [15, 3, 16, 2], [17, 10, 18, 11], [19, 5, 20, 4], [21, 7, 22, 6], [23, 12, 24, 13], [1, 8, 2, 9]]"
12a_1244_62,"[[1, 8, 2, 9], [3, 19, 4, 18], [5, 21, 6, 20], [7, 15, 8, 14], [9, 16, 10, 17], [11, 24, 12, 1], [13, 22, 14, 23], [15, 3, 16, 2], [17, 10, 18, 11], [19, 5, 20, 4], [21, 7, 22, 6], [23, 12, 24, 13]]"
12a_1244_63,"[[23, 12, 24, 13], [1, 8, 2, 9], [3, 19, 4, 18], [5, 21, 6, 20], [7, 15, 8, 14], [9, 16, 10, 17], [11, 24, 12, 1], [13, 22, 14, 23], [15, 3, 16, 2], [17, 10, 18, 11], [19, 5, 20, 4], [21, 7, 22, 6]]"
12a_1244_64,"[[21, 7, 22, 6], [23, 12, 24, 13], [1, 8, 2, 9], [3, 19, 4, 18], [5, 21, 6, 20], [7, 15, 8, 14], [9, 16, 10, 17], [11, 24, 12, 1], [13, 22, 14, 23], [15, 3, 16, 2], [17, 10, 18, 11], [19, 5, 20, 4]]"
12a_1244_65,"[[19, 5, 20, 4], [21, 7, 22, 6], [23, 12, 24, 13], [1, 8, 2, 9], [3, 19, 4, 18], [5, 21, 6, 20], [7, 15, 8, 14], [9, 16, 10, 17], [11, 24, 12, 1], [13, 22, 14, 23], [15, 3, 16, 2], [17, 10, 18, 11]]"
12a_1244_66,"[[17, 10, 18, 11], [19, 5, 20, 4], [21, 7, 22, 6], [23, 12, 24, 13], [1, 8, 2, 9], [3, 19, 4, 18], [5, 21, 6, 20], [7, 15, 8, 14], [9, 16, 10, 17], [11, 24, 12, 1], [13, 22, 14, 23], [15, 3, 16, 2]]"
12a_1244_67,"[[15, 3, 16, 2], [17, 10, 18, 11], [19, 5, 20, 4], [21, 7, 22, 6], [23, 12, 24, 13], [1, 8, 2, 9], [3, 19, 4, 18], [5, 21, 6, 20], [7, 15, 8, 14], [9, 16, 10, 17], [11, 24, 12, 1], [13, 22, 14, 23]]"
12a_1244_68,"[[13, 22, 14, 23], [15, 3, 16, 2], [17, 10, 18, 11], [19, 5, 20, 4], [21, 7, 22, 6], [23, 12, 24, 13], [1, 8, 2, 9], [3, 19, 4, 18], [5, 21, 6, 20], [7, 15, 8, 14], [9, 16, 10, 17], [11, 24, 12, 1]]"
12a_1244_69,"[[11, 24, 12, 1], [13, 22, 14, 23], [15, 3, 16, 2], [17, 10, 18, 11], [19, 5, 20, 4], [21, 7, 22, 6], [23, 12, 24, 13], [1, 8, 2, 9], [3, 19, 4, 18], [5, 21, 6, 20], [7, 15, 8, 14], [9, 16, 10, 17]]"
12a_1244_70,"[[9, 16, 10, 17], [11, 24, 12, 1], [13, 22, 14, 23], [15, 3, 16, 2], [17, 10, 18, 11], [19, 5, 20, 4], [21, 7, 22, 6], [23, 12, 24, 13], [1, 8, 2, 9], [3, 19, 4, 18], [5, 21, 6, 20], [7, 15, 8, 14]]"
12a_1244_71,"[[7, 15, 8, 14], [9, 16, 10, 17], [11, 24, 12, 1], [13, 22, 14, 23], [15, 3, 16, 2], [17, 10, 18, 11], [19, 5, 20, 4], [21, 7, 22, 6], [23, 12, 24, 13], [1, 8, 2, 9], [3, 19, 4, 18], [5, 21, 6, 20]]"
12a_1244_72,"[[6, 22, 7, 21], [8, 16, 9, 15], [10, 17, 11, 18], [12, 1, 13, 2], [14, 23, 15, 24], [16, 4, 17, 3], [18, 11, 19, 12], [20, 6, 21, 5], [22, 8, 23, 7], [24, 13, 1, 14], [2, 9, 3, 10], [4, 20, 5, 19]]"
12a_1244_73,"[[4, 20, 5, 19], [6, 22, 7, 21], [8, 16, 9, 15], [10, 17, 11, 18], [12, 1, 13, 2], [14, 23, 15, 24], [16, 4, 17, 3], [18, 11, 19, 12], [20, 6, 21, 5], [22, 8, 23, 7], [24, 13, 1, 14], [2, 9, 3, 10]]"
12a_1244_74,"[[2, 9, 3, 10], [4, 20, 5, 19], [6, 22, 7, 21], [8, 16, 9, 15], [10, 17, 11, 18], [12, 1, 13, 2], [14, 23, 15, 24], [16, 4, 17, 3], [18, 11, 19, 12], [20, 6, 21, 5], [22, 8, 23, 7], [24, 13, 1, 14]]"
12a_1244_75,"[[24, 13, 1, 14], [2, 9, 3, 10], [4, 20, 5, 19], [6, 22, 7, 21], [8, 16, 9, 15], [10, 17, 11, 18], [12, 1, 13, 2], [14, 23, 15, 24], [16, 4, 17, 3], [18, 11, 19, 12], [20, 6, 21, 5], [22, 8, 23, 7]]"
12a_1244_76,"[[22, 8, 23, 7], [24, 13, 1, 14], [2, 9, 3, 10], [4, 20, 5, 19], [6, 22, 7, 21], [8, 16, 9, 15], [10, 17, 11, 18], [12, 1, 13, 2], [14, 23, 15, 24], [16, 4, 17, 3], [18, 11, 19, 12], [20, 6, 21, 5]]"
12a_1244_77,"[[20, 6, 21, 5], [22, 8, 23, 7], [24, 13, 1, 14], [2, 9, 3, 10], [4, 20, 5, 19], [6, 22, 7, 21], [8, 16, 9, 15], [10, 17, 11, 18], [12, 1, 13, 2], [14, 23, 15, 24], [16, 4, 17, 3], [18, 11, 19, 12]]"
12a_1244_78,"[[18, 11, 19, 12], [20, 6, 21, 5], [22, 8, 23, 7], [24, 13, 1, 14], [2, 9, 3, 10], [4, 20, 5, 19], [6, 22, 7, 21], [8, 16, 9, 15], [10, 17, 11, 18], [12, 1, 13, 2], [14, 23, 15, 24], [16, 4, 17, 3]]"
12a_1244_79,"[[16, 4, 17, 3], [18, 11, 19, 12], [20, 6, 21, 5], [22, 8, 23, 7], [24, 13, 1, 14], [2, 9, 3, 10], [4, 20, 5, 19], [6, 22, 7, 21], [8, 16, 9, 15], [10, 17, 11, 18], [12, 1, 13, 2], [14, 23, 15, 24]]"
12a_1244_80,"[[14, 23, 15, 24], [16, 4, 17, 3], [18, 11, 19, 12], [20, 6, 21, 5], [22, 8, 23, 7], [24, 13, 1, 14], [2, 9, 3, 10], [4, 20, 5, 19], [6, 22, 7, 21], [8, 16, 9, 15], [10, 17, 11, 18], [12, 1, 13, 2]]"
12a_1244_81,"[[12, 1, 13, 2], [14, 23, 15, 24], [16, 4, 17, 3], [18, 11, 19, 12], [20, 6, 21, 5], [22, 8, 23, 7], [24, 13, 1, 14], [2, 9, 3, 10], [4, 20, 5, 19], [6, 22, 7, 21], [8, 16, 9, 15], [10, 17, 11, 18]]"
12a_1244_82,"[[10, 17, 11, 18], [12, 1, 13, 2], [14, 23, 15, 24], [16, 4, 17, 3], [18, 11, 19, 12], [20, 6, 21, 5], [22, 8, 23, 7], [24, 13, 1, 14], [2, 9, 3, 10], [4, 20, 5, 19], [6, 22, 7, 21], [8, 16, 9, 15]]"
12a_1244_83,"[[8, 16, 9, 15], [10, 17, 11, 18], [12, 1, 13, 2], [14, 23, 15, 24], [16, 4, 17, 3], [18, 11, 19, 12], [20, 6, 21, 5], [22, 8, 23, 7], [24, 13, 1, 14], [2, 9, 3, 10], [4, 20, 5, 19], [6, 22, 7, 21]]"
12a_1244_84,"[[7, 23, 8, 22], [9, 17, 10, 16], [11, 18, 12, 19], [13, 2, 14, 3], [15, 24, 16, 1], [17, 5, 18, 4], [19, 12, 20, 13], [21, 7, 22, 6], [23, 9, 24, 8], [1, 14, 2, 15], [3, 10, 4, 11], [5, 21, 6, 20]]"
12a_1244_85,"[[5, 21, 6, 20], [7, 23, 8, 22], [9, 17, 10, 16], [11, 18, 12, 19], [13, 2, 14, 3], [15, 24, 16, 1], [17, 5, 18, 4], [19, 12, 20, 13], [21, 7, 22, 6], [23, 9, 24, 8], [1, 14, 2, 15], [3, 10, 4, 11]]"
12a_1244_86,"[[3, 10, 4, 11], [5, 21, 6, 20], [7, 23, 8, 22], [9, 17, 10, 16], [11, 18, 12, 19], [13, 2, 14, 3], [15, 24, 16, 1], [17, 5, 18, 4], [19, 12, 20, 13], [21, 7, 22, 6], [23, 9, 24, 8], [1, 14, 2, 15]]"
12a_1244_87,"[[1, 14, 2, 15], [3, 10, 4, 11], [5, 21, 6, 20], [7, 23, 8, 22], [9, 17, 10, 16], [11, 18, 12, 19], [13, 2, 14, 3], [15, 24, 16, 1], [17, 5, 18, 4], [19, 12, 20, 13], [21, 7, 22, 6], [23, 9, 24, 8]]"
12a_1244_88,"[[23, 9, 24, 8], [1, 14, 2, 15], [3, 10, 4, 11], [5, 21, 6, 20], [7, 23, 8, 22], [9, 17, 10, 16], [11, 18, 12, 19], [13, 2, 14, 3], [15, 24, 16, 1], [17, 5, 18, 4], [19, 12, 20, 13], [21, 7, 22, 6]]"
12a_1244_89,"[[21, 7, 22, 6], [23, 9, 24, 8], [1, 14, 2, 15], [3, 10, 4, 11], [5, 21, 6, 20], [7, 23, 8, 22], [9, 17, 10, 16], [11, 18, 12, 19], [13, 2, 14, 3], [15, 24, 16, 1], [17, 5, 18, 4], [19, 12, 20, 13]]"
12a_1244_90,"[[19, 12, 20, 13], [21, 7, 22, 6], [23, 9, 24, 8], [1, 14, 2, 15], [3, 10, 4, 11], [5, 21, 6, 20], [7, 23, 8, 22], [9, 17, 10, 16], [11, 18, 12, 19], [13, 2, 14, 3], [15, 24, 16, 1], [17, 5, 18, 4]]"
12a_1244_91,"[[17, 5, 18, 4], [19, 12, 20, 13], [21, 7, 22, 6], [23, 9, 24, 8], [1, 14, 2, 15], [3, 10, 4, 11], [5, 21, 6, 20], [7, 23, 8, 22], [9, 17, 10, 16], [11, 18, 12, 19], [13, 2, 14, 3], [15, 24, 16, 1]]"
12a_1244_92,"[[15, 24, 16, 1], [17, 5, 18, 4], [19, 12, 20, 13], [21, 7, 22, 6], [23, 9, 24, 8], [1, 14, 2, 15], [3, 10, 4, 11], [5, 21, 6, 20], [7, 23, 8, 22], [9, 17, 10, 16], [11, 18, 12, 19], [13, 2, 14, 3]]"
12a_1244_93,"[[13, 2, 14, 3], [15, 24, 16, 1], [17, 5, 18, 4], [19, 12, 20, 13], [21, 7, 22, 6], [23, 9, 24, 8], [1, 14, 2, 15], [3, 10, 4, 11], [5, 21, 6, 20], [7, 23, 8, 22], [9, 17, 10, 16], [11, 18, 12, 19]]"
12a_1244_94,"[[11, 18, 12, 19], [13, 2, 14, 3], [15, 24, 16, 1], [17, 5, 18, 4], [19, 12, 20, 13], [21, 7, 22, 6], [23, 9, 24, 8], [1, 14, 2, 15], [3, 10, 4, 11], [5, 21, 6, 20], [7, 23, 8, 22], [9, 17, 10, 16]]"
12a_1244_95,"[[9, 17, 10, 16], [11, 18, 12, 19], [13, 2, 14, 3], [15, 24, 16, 1], [17, 5, 18, 4], [19, 12, 20, 13], [21, 7, 22, 6], [23, 9, 24, 8], [1, 14, 2, 15], [3, 10, 4, 11], [5, 21, 6, 20], [7, 23, 8, 22]]"
12a_1244_96,"[[8, 24, 9, 23], [10, 18, 11, 17], [12, 19, 13, 20], [14, 3, 15, 4], [16, 1, 17, 2], [18, 6, 19, 5], [20, 13, 21, 14], [22, 8, 23, 7], [24, 10, 1, 9], [2, 15, 3, 16], [4, 11, 5, 12], [6, 22, 7, 21]]"
12a_1244_97,"[[6, 22, 7, 21], [8, 24, 9, 23], [10, 18, 11, 17], [12, 19, 13, 20], [14, 3, 15, 4], [16, 1, 17, 2], [18, 6, 19, 5], [20, 13, 21, 14], [22, 8, 23, 7], [24, 10, 1, 9], [2, 15, 3, 16], [4, 11, 5, 12]]"
12a_1244_98,"[[4, 11, 5, 12], [6, 22, 7, 21], [8, 24, 9, 23], [10, 18, 11, 17], [12, 19, 13, 20], [14, 3, 15, 4], [16, 1, 17, 2], [18, 6, 19, 5], [20, 13, 21, 14], [22, 8, 23, 7], [24, 10, 1, 9], [2, 15, 3, 16]]"
12a_1244_99,"[[2, 15, 3, 16], [4, 11, 5, 12], [6, 22, 7, 21], [8, 24, 9, 23], [10, 18, 11, 17], [12, 19, 13, 20], [14, 3, 15, 4], [16, 1, 17, 2], [18, 6, 19, 5], [20, 13, 21, 14], [22, 8, 23, 7], [24, 10, 1, 9]]"
12a_1244_100,"[[24, 10, 1, 9], [2, 15, 3, 16], [4, 11, 5, 12], [6, 22, 7, 21], [8, 24, 9, 23], [10, 18, 11, 17], [12, 19, 13, 20], [14, 3, 15, 4], [16, 1, 17, 2], [18, 6, 19, 5], [20, 13, 21, 14], [22, 8, 23, 7]]"
12a_1244_101,"[[22, 8, 23, 7], [24, 10, 1, 9], [2, 15, 3, 16], [4, 11, 5, 12], [6, 22, 7, 21], [8, 24, 9, 23], [10, 18, 11, 17], [12, 19, 13, 20], [14, 3, 15, 4], [16, 1, 17, 2], [18, 6, 19, 5], [20, 13, 21, 14]]"
12a_1244_102,"[[20, 13, 21, 14], [22, 8, 23, 7], [24, 10, 1, 9], [2, 15, 3, 16], [4, 11, 5, 12], [6, 22, 7, 21], [8, 24, 9, 23], [10, 18, 11, 17], [12, 19, 13, 20], [14, 3, 15, 4], [16, 1, 17, 2], [18, 6, 19, 5]]"
12a_1244_103,"[[18, 6, 19, 5], [20, 13, 21, 14], [22, 8, 23, 7], [24, 10, 1, 9], [2, 15, 3, 16], [4, 11, 5, 12], [6, 22, 7, 21], [8, 24, 9, 23], [10, 18, 11, 17], [12, 19, 13, 20], [14, 3, 15, 4], [16, 1, 17, 2]]"
12a_1244_104,"[[16, 1, 17, 2], [18, 6, 19, 5], [20, 13, 21, 14], [22, 8, 23, 7], [24, 10, 1, 9], [2, 15, 3, 16], [4, 11, 5, 12], [6, 22, 7, 21], [8, 24, 9, 23], [10, 18, 11, 17], [12, 19, 13, 20], [14, 3, 15, 4]]"
12a_1244_105,"[[14, 3, 15, 4], [16, 1, 17, 2], [18, 6, 19, 5], [20, 13, 21, 14], [22, 8, 23, 7], [24, 10, 1, 9], [2, 15, 3, 16], [4, 11, 5, 12], [6, 22, 7, 21], [8, 24, 9, 23], [10, 18, 11, 17], [12, 19, 13, 20]]"
12a_1244_106,"[[12, 19, 13, 20], [14, 3, 15, 4], [16, 1, 17, 2], [18, 6, 19, 5], [20, 13, 21, 14], [22, 8, 23, 7], [24, 10, 1, 9], [2, 15, 3, 16], [4, 11, 5, 12], [6, 22, 7, 21], [8, 24, 9, 23], [10, 18, 11, 17]]"
12a_1244_107,"[[10, 18, 11, 17], [12, 19, 13, 20], [14, 3, 15, 4], [16, 1, 17, 2], [18, 6, 19, 5], [20, 13, 21, 14], [22, 8, 23, 7], [24, 10, 1, 9], [2, 15, 3, 16], [4, 11, 5, 12], [6, 22, 7, 21], [8, 24, 9, 23]]"
12a_1244_108,"[[9, 1, 10, 24], [11, 19, 12, 18], [13, 20, 14, 21], [15, 4, 16, 5], [17, 2, 18, 3], [19, 7, 20, 6], [21, 14, 22, 15], [23, 9, 24, 8], [1, 11, 2, 10], [3, 16, 4, 17], [5, 12, 6, 13], [7, 23, 8, 22]]"
12a_1244_109,"[[7, 23, 8, 22], [9, 1, 10, 24], [11, 19, 12, 18], [13, 20, 14, 21], [15, 4, 16, 5], [17, 2, 18, 3], [19, 7, 20, 6], [21, 14, 22, 15], [23, 9, 24, 8], [1, 11, 2, 10], [3, 16, 4, 17], [5, 12, 6, 13]]"
12a_1244_110,"[[5, 12, 6, 13], [7, 23, 8, 22], [9, 1, 10, 24], [11, 19, 12, 18], [13, 20, 14, 21], [15, 4, 16, 5], [17, 2, 18, 3], [19, 7, 20, 6], [21, 14, 22, 15], [23, 9, 24, 8], [1, 11, 2, 10], [3, 16, 4, 17]]"
12a_1244_111,"[[3, 16, 4, 17], [5, 12, 6, 13], [7, 23, 8, 22], [9, 1, 10, 24], [11, 19, 12, 18], [13, 20, 14, 21], [15, 4, 16, 5], [17, 2, 18, 3], [19, 7, 20, 6], [21, 14, 22, 15], [23, 9, 24, 8], [1, 11, 2, 10]]"
12a_1244_112,"[[1, 11, 2, 10], [3, 16, 4, 17], [5, 12, 6, 13], [7, 23, 8, 22], [9, 1, 10, 24], [11, 19, 12, 18], [13, 20, 14, 21], [15, 4, 16, 5], [17, 2, 18, 3], [19, 7, 20, 6], [21, 14, 22, 15], [23, 9, 24, 8]]"
12a_1244_113,"[[23, 9, 24, 8], [1, 11, 2, 10], [3, 16, 4, 17], [5, 12, 6, 13], [7, 23, 8, 22], [9, 1, 10, 24], [11, 19, 12, 18], [13, 20, 14, 21], [15, 4, 16, 5], [17, 2, 18, 3], [19, 7, 20, 6], [21, 14, 22, 15]]"
12a_1244_114,"[[21, 14, 22, 15], [23, 9, 24, 8], [1, 11, 2, 10], [3, 16, 4, 17], [5, 12, 6, 13], [7, 23, 8, 22], [9, 1, 10, 24], [11, 19, 12, 18], [13, 20, 14, 21], [15, 4, 16, 5], [17, 2, 18, 3], [19, 7, 20, 6]]"
12a_1244_115,"[[19, 7, 20, 6], [21, 14, 22, 15], [23, 9, 24, 8], [1, 11, 2, 10], [3, 16, 4, 17], [5, 12, 6, 13], [7, 23, 8, 22], [9, 1, 10, 24], [11, 19, 12, 18], [13, 20, 14, 21], [15, 4, 16, 5], [17, 2, 18, 3]]"
12a_1244_116,"[[17, 2, 18, 3], [19, 7, 20, 6], [21, 14, 22, 15], [23, 9, 24, 8], [1, 11, 2, 10], [3, 16, 4, 17], [5, 12, 6, 13], [7, 23, 8, 22], [9, 1, 10, 24], [11, 19, 12, 18], [13, 20, 14, 21], [15, 4, 16, 5]]"
12a_1244_117,"[[15, 4, 16, 5], [17, 2, 18, 3], [19, 7, 20, 6], [21, 14, 22, 15], [23, 9, 24, 8], [1, 11, 2, 10], [3, 16, 4, 17], [5, 12, 6, 13], [7, 23, 8, 22], [9, 1, 10, 24], [11, 19, 12, 18], [13, 20, 14, 21]]"
12a_1244_118,"[[13, 20, 14, 21], [15, 4, 16, 5], [17, 2, 18, 3], [19, 7, 20, 6], [21, 14, 22, 15], [23, 9, 24, 8], [1, 11, 2, 10], [3, 16, 4, 17], [5, 12, 6, 13], [7, 23, 8, 22], [9, 1, 10, 24], [11, 19, 12, 18]]"
12a_1244_119,"[[11, 19, 12, 18], [13, 20, 14, 21], [15, 4, 16, 5], [17, 2, 18, 3], [19, 7, 20, 6], [21, 14, 22, 15], [23, 9, 24, 8], [1, 11, 2, 10], [3, 16, 4, 17], [5, 12, 6, 13], [7, 23, 8, 22], [9, 1, 10, 24]]"
12a_1244_120,"[[10, 2, 11, 1], [12, 20, 13, 19], [14, 21, 15, 22], [16, 5, 17, 6], [18, 3, 19, 4], [20, 8, 21, 7], [22, 15, 23, 16], [24, 10, 1, 9], [2, 12, 3, 11], [4, 17, 5, 18], [6, 13, 7, 14], [8, 24, 9, 23]]"
12a_1244_121,"[[8, 24, 9, 23], [10, 2, 11, 1], [12, 20, 13, 19], [14, 21, 15, 22], [16, 5, 17, 6], [18, 3, 19, 4], [20, 8, 21, 7], [22, 15, 23, 16], [24, 10, 1, 9], [2, 12, 3, 11], [4, 17, 5, 18], [6, 13, 7, 14]]"
12a_1244_122,"[[6, 13, 7, 14], [8, 24, 9, 23], [10, 2, 11, 1], [12, 20, 13, 19], [14, 21, 15, 22], [16, 5, 17, 6], [18, 3, 19, 4], [20, 8, 21, 7], [22, 15, 23, 16], [24, 10, 1, 9], [2, 12, 3, 11], [4, 17, 5, 18]]"
12a_1244_123,"[[4, 17, 5, 18], [6, 13, 7, 14], [8, 24, 9, 23], [10, 2, 11, 1], [12, 20, 13, 19], [14, 21, 15, 22], [16, 5, 17, 6], [18, 3, 19, 4], [20, 8, 21, 7], [22, 15, 23, 16], [24, 10, 1, 9], [2, 12, 3, 11]]"
12a_1244_124,"[[2, 12, 3, 11], [4, 17, 5, 18], [6, 13, 7, 14], [8, 24, 9, 23], [10, 2, 11, 1], [12, 20, 13, 19], [14, 21, 15, 22], [16, 5, 17, 6], [18, 3, 19, 4], [20, 8, 21, 7], [22, 15, 23, 16], [24, 10, 1, 9]]"
12a_1244_125,"[[24, 10, 1, 9], [2, 12, 3, 11], [4, 17, 5, 18], [6, 13, 7, 14], [8, 24, 9, 23], [10, 2, 11, 1], [12, 20, 13, 19], [14, 21, 15, 22], [16, 5, 17, 6], [18, 3, 19, 4], [20, 8, 21, 7], [22, 15, 23, 16]]"
12a_1244_126,"[[22, 15, 23, 16], [24, 10, 1, 9], [2, 12, 3, 11], [4, 17, 5, 18], [6, 13, 7, 14], [8, 24, 9, 23], [10, 2, 11, 1], [12, 20, 13, 19], [14, 21, 15, 22], [16, 5, 17, 6], [18, 3, 19, 4], [20, 8, 21, 7]]"
12a_1244_127,"[[20, 8, 21, 7], [22, 15, 23, 16], [24, 10, 1, 9], [2, 12, 3, 11], [4, 17, 5, 18], [6, 13, 7, 14], [8, 24, 9, 23], [10, 2, 11, 1], [12, 20, 13, 19], [14, 21, 15, 22], [16, 5, 17, 6], [18, 3, 19, 4]]"
12a_1244_128,"[[18, 3, 19, 4], [20, 8, 21, 7], [22, 15, 23, 16], [24, 10, 1, 9], [2, 12, 3, 11], [4, 17, 5, 18], [6, 13, 7, 14], [8, 24, 9, 23], [10, 2, 11, 1], [12, 20, 13, 19], [14, 21, 15, 22], [16, 5, 17, 6]]"
12a_1244_129,"[[16, 5, 17, 6], [18, 3, 19, 4], [20, 8, 21, 7], [22, 15, 23, 16], [24, 10, 1, 9], [2, 12, 3, 11], [4, 17, 5, 18], [6, 13, 7, 14], [8, 24, 9, 23], [10, 2, 11, 1], [12, 20, 13, 19], [14, 21, 15, 22]]"
12a_1244_130,"[[14, 21, 15, 22], [16, 5, 17, 6], [18, 3, 19, 4], [20, 8, 21, 7], [22, 15, 23, 16], [24, 10, 1, 9], [2, 12, 3, 11], [4, 17, 5, 18], [6, 13, 7, 14], [8, 24, 9, 23], [10, 2, 11, 1], [12, 20, 13, 19]]"
12a_1244_131,"[[12, 20, 13, 19], [14, 21, 15, 22], [16, 5, 17, 6], [18, 3, 19, 4], [20, 8, 21, 7], [22, 15, 23, 16], [24, 10, 1, 9], [2, 12, 3, 11], [4, 17, 5, 18], [6, 13, 7, 14], [8, 24, 9, 23], [10, 2, 11, 1]]"
12a_1244_132,"[[11, 3, 12, 2], [13, 21, 14, 20], [15, 22, 16, 23], [17, 6, 18, 7], [19, 4, 20, 5], [21, 9, 22, 8], [23, 16, 24, 17], [1, 11, 2, 10], [3, 13, 4, 12], [5, 18, 6, 19], [7, 14, 8, 15], [9, 1, 10, 24]]"
12a_1244_133,"[[9, 1, 10, 24], [11, 3, 12, 2], [13, 21, 14, 20], [15, 22, 16, 23], [17, 6, 18, 7], [19, 4, 20, 5], [21, 9, 22, 8], [23, 16, 24, 17], [1, 11, 2, 10], [3, 13, 4, 12], [5, 18, 6, 19], [7, 14, 8, 15]]"
12a_1244_134,"[[7, 14, 8, 15], [9, 1, 10, 24], [11, 3, 12, 2], [13, 21, 14, 20], [15, 22, 16, 23], [17, 6, 18, 7], [19, 4, 20, 5], [21, 9, 22, 8], [23, 16, 24, 17], [1, 11, 2, 10], [3, 13, 4, 12], [5, 18, 6, 19]]"
12a_1244_135,"[[5, 18, 6, 19], [7, 14, 8, 15], [9, 1, 10, 24], [11, 3, 12, 2], [13, 21, 14, 20], [15, 22, 16, 23], [17, 6, 18, 7], [19, 4, 20, 5], [21, 9, 22, 8], [23, 16, 24, 17], [1, 11, 2, 10], [3, 13, 4, 12]]"
12a_1244_136,"[[3, 13, 4, 12], [5, 18, 6, 19], [7, 14, 8, 15], [9, 1, 10, 24], [11, 3, 12, 2], [13, 21, 14, 20], [15, 22, 16, 23], [17, 6, 18, 7], [19, 4, 20, 5], [21, 9, 22, 8], [23, 16, 24, 17], [1, 11, 2, 10]]"
12a_1244_137,"[[1, 11, 2, 10], [3, 13, 4, 12], [5, 18, 6, 19], [7, 14, 8, 15], [9, 1, 10, 24], [11, 3, 12, 2], [13, 21, 14, 20], [15, 22, 16, 23], [17, 6, 18, 7], [19, 4, 20, 5], [21, 9, 22, 8], [23, 16, 24, 17]]"
12a_1244_138,"[[23, 16, 24, 17], [1, 11, 2, 10], [3, 13, 4, 12], [5, 18, 6, 19], [7, 14, 8, 15], [9, 1, 10, 24], [11, 3, 12, 2], [13, 21, 14, 20], [15, 22, 16, 23], [17, 6, 18, 7], [19, 4, 20, 5], [21, 9, 22, 8]]"
12a_1244_139,"[[21, 9, 22, 8], [23, 16, 24, 17], [1, 11, 2, 10], [3, 13, 4, 12], [5, 18, 6, 19], [7, 14, 8, 15], [9, 1, 10, 24], [11, 3, 12, 2], [13, 21, 14, 20], [15, 22, 16, 23], [17, 6, 18, 7], [19, 4, 20, 5]]"
12a_1244_140,"[[19, 4, 20, 5], [21, 9, 22, 8], [23, 16, 24, 17], [1, 11, 2, 10], [3, 13, 4, 12], [5, 18, 6, 19], [7, 14, 8, 15], [9, 1, 10, 24], [11, 3, 12, 2], [13, 21, 14, 20], [15, 22, 16, 23], [17, 6, 18, 7]]"
12a_1244_141,"[[17, 6, 18, 7], [19, 4, 20, 5], [21, 9, 22, 8], [23, 16, 24, 17], [1, 11, 2, 10], [3, 13, 4, 12], [5, 18, 6, 19], [7, 14, 8, 15], [9, 1, 10, 24], [11, 3, 12, 2], [13, 21, 14, 20], [15, 22, 16, 23]]"
12a_1244_142,"[[15, 22, 16, 23], [17, 6, 18, 7], [19, 4, 20, 5], [21, 9, 22, 8], [23, 16, 24, 17], [1, 11, 2, 10], [3, 13, 4, 12], [5, 18, 6, 19], [7, 14, 8, 15], [9, 1, 10, 24], [11, 3, 12, 2], [13, 21, 14, 20]]"
12a_1244_143,"[[13, 21, 14, 20], [15, 22, 16, 23], [17, 6, 18, 7], [19, 4, 20, 5], [21, 9, 22, 8], [23, 16, 24, 17], [1, 11, 2, 10], [3, 13, 4, 12], [5, 18, 6, 19], [7, 14, 8, 15], [9, 1, 10, 24], [11, 3, 12, 2]]"
12a_1244_144,"[[12, 4, 13, 3], [14, 22, 15, 21], [16, 23, 17, 24], [18, 7, 19, 8], [20, 5, 21, 6], [22, 10, 23, 9], [24, 17, 1, 18], [2, 12, 3, 11], [4, 14, 5, 13], [6, 19, 7, 20], [8, 15, 9, 16], [10, 2, 11, 1]]"
12a_1244_145,"[[10, 2, 11, 1], [12, 4, 13, 3], [14, 22, 15, 21], [16, 23, 17, 24], [18, 7, 19, 8], [20, 5, 21, 6], [22, 10, 23, 9], [24, 17, 1, 18], [2, 12, 3, 11], [4, 14, 5, 13], [6, 19, 7, 20], [8, 15, 9, 16]]"
12a_1244_146,"[[8, 15, 9, 16], [10, 2, 11, 1], [12, 4, 13, 3], [14, 22, 15, 21], [16, 23, 17, 24], [18, 7, 19, 8], [20, 5, 21, 6], [22, 10, 23, 9], [24, 17, 1, 18], [2, 12, 3, 11], [4, 14, 5, 13], [6, 19, 7, 20]]"
12a_1244_147,"[[6, 19, 7, 20], [8, 15, 9, 16], [10, 2, 11, 1], [12, 4, 13, 3], [14, 22, 15, 21], [16, 23, 17, 24], [18, 7, 19, 8], [20, 5, 21, 6], [22, 10, 23, 9], [24, 17, 1, 18], [2, 12, 3, 11], [4, 14, 5, 13]]"
12a_1244_148,"[[4, 14, 5, 13], [6, 19, 7, 20], [8, 15, 9, 16], [10, 2, 11, 1], [12, 4, 13, 3], [14, 22, 15, 21], [16, 23, 17, 24], [18, 7, 19, 8], [20, 5, 21, 6], [22, 10, 23, 9], [24, 17, 1, 18], [2, 12, 3, 11]]"
12a_1244_149,"[[2, 12, 3, 11], [4, 14, 5, 13], [6, 19, 7, 20], [8, 15, 9, 16], [10, 2, 11, 1], [12, 4, 13, 3], [14, 22, 15, 21], [16, 23, 17, 24], [18, 7, 19, 8], [20, 5, 21, 6], [22, 10, 23, 9], [24, 17, 1, 18]]"
12a_1244_150,"[[24, 17, 1, 18], [2, 12, 3, 11], [4, 14, 5, 13], [6, 19, 7, 20], [8, 15, 9, 16], [10, 2, 11, 1], [12, 4, 13, 3], [14, 22, 15, 21], [16, 23, 17, 24], [18, 7, 19, 8], [20, 5, 21, 6], [22, 10, 23, 9]]"
12a_1244_151,"[[22, 10, 23, 9], [24, 17, 1, 18], [2, 12, 3, 11], [4, 14, 5, 13], [6, 19, 7, 20], [8, 15, 9, 16], [10, 2, 11, 1], [12, 4, 13, 3], [14, 22, 15, 21], [16, 23, 17, 24], [18, 7, 19, 8], [20, 5, 21, 6]]"
12a_1244_152,"[[20, 5, 21, 6], [22, 10, 23, 9], [24, 17, 1, 18], [2, 12, 3, 11], [4, 14, 5, 13], [6, 19, 7, 20], [8, 15, 9, 16], [10, 2, 11, 1], [12, 4, 13, 3], [14, 22, 15, 21], [16, 23, 17, 24], [18, 7, 19, 8]]"
12a_1244_153,"[[18, 7, 19, 8], [20, 5, 21, 6], [22, 10, 23, 9], [24, 17, 1, 18], [2, 12, 3, 11], [4, 14, 5, 13], [6, 19, 7, 20], [8, 15, 9, 16], [10, 2, 11, 1], [12, 4, 13, 3], [14, 22, 15, 21], [16, 23, 17, 24]]"
12a_1244_154,"[[16, 23, 17, 24], [18, 7, 19, 8], [20, 5, 21, 6], [22, 10, 23, 9], [24, 17, 1, 18], [2, 12, 3, 11], [4, 14, 5, 13], [6, 19, 7, 20], [8, 15, 9, 16], [10, 2, 11, 1], [12, 4, 13, 3], [14, 22, 15, 21]]"
12a_1244_155,"[[14, 22, 15, 21], [16, 23, 17, 24], [18, 7, 19, 8], [20, 5, 21, 6], [22, 10, 23, 9], [24, 17, 1, 18], [2, 12, 3, 11], [4, 14, 5, 13], [6, 19, 7, 20], [8, 15, 9, 16], [10, 2, 11, 1], [12, 4, 13, 3]]"
12a_1244_156,"[[13, 5, 14, 4], [15, 23, 16, 22], [17, 24, 18, 1], [19, 8, 20, 9], [21, 6, 22, 7], [23, 11, 24, 10], [1, 18, 2, 19], [3, 13, 4, 12], [5, 15, 6, 14], [7, 20, 8, 21], [9, 16, 10, 17], [11, 3, 12, 2]]"
12a_1244_157,"[[11, 3, 12, 2], [13, 5, 14, 4], [15, 23, 16, 22], [17, 24, 18, 1], [19, 8, 20, 9], [21, 6, 22, 7], [23, 11, 24, 10], [1, 18, 2, 19], [3, 13, 4, 12], [5, 15, 6, 14], [7, 20, 8, 21], [9, 16, 10, 17]]"
12a_1244_158,"[[9, 16, 10, 17], [11, 3, 12, 2], [13, 5, 14, 4], [15, 23, 16, 22], [17, 24, 18, 1], [19, 8, 20, 9], [21, 6, 22, 7], [23, 11, 24, 10], [1, 18, 2, 19], [3, 13, 4, 12], [5, 15, 6, 14], [7, 20, 8, 21]]"
12a_1244_159,"[[7, 20, 8, 21], [9, 16, 10, 17], [11, 3, 12, 2], [13, 5, 14, 4], [15, 23, 16, 22], [17, 24, 18, 1], [19, 8, 20, 9], [21, 6, 22, 7], [23, 11, 24, 10], [1, 18, 2, 19], [3, 13, 4, 12], [5, 15, 6, 14]]"
12a_1244_160,"[[5, 15, 6, 14], [7, 20, 8, 21], [9, 16, 10, 17], [11, 3, 12, 2], [13, 5, 14, 4], [15, 23, 16, 22], [17, 24, 18, 1], [19, 8, 20, 9], [21, 6, 22, 7], [23, 11, 24, 10], [1, 18, 2, 19], [3, 13, 4, 12]]"
12a_1244_161,"[[3, 13, 4, 12], [5, 15, 6, 14], [7, 20, 8, 21], [9, 16, 10, 17], [11, 3, 12, 2], [13, 5, 14, 4], [15, 23, 16, 22], [17, 24, 18, 1], [19, 8, 20, 9], [21, 6, 22, 7], [23, 11, 24, 10], [1, 18, 2, 19]]"
12a_1244_162,"[[1, 18, 2, 19], [3, 13, 4, 12], [5, 15, 6, 14], [7, 20, 8, 21], [9, 16, 10, 17], [11, 3, 12, 2], [13, 5, 14, 4], [15, 23, 16, 22], [17, 24, 18, 1], [19, 8, 20, 9], [21, 6, 22, 7], [23, 11, 24, 10]]"
12a_1244_163,"[[23, 11, 24, 10], [1, 18, 2, 19], [3, 13, 4, 12], [5, 15, 6, 14], [7, 20, 8, 21], [9, 16, 10, 17], [11, 3, 12, 2], [13, 5, 14, 4], [15, 23, 16, 22], [17, 24, 18, 1], [19, 8, 20, 9], [21, 6, 22, 7]]"
12a_1244_164,"[[21, 6, 22, 7], [23, 11, 24, 10], [1, 18, 2, 19], [3, 13, 4, 12], [5, 15, 6, 14], [7, 20, 8, 21], [9, 16, 10, 17], [11, 3, 12, 2], [13, 5, 14, 4], [15, 23, 16, 22], [17, 24, 18, 1], [19, 8, 20, 9]]"
12a_1244_165,"[[19, 8, 20, 9], [21, 6, 22, 7], [23, 11, 24, 10], [1, 18, 2, 19], [3, 13, 4, 12], [5, 15, 6, 14], [7, 20, 8, 21], [9, 16, 10, 17], [11, 3, 12, 2], [13, 5, 14, 4], [15, 23, 16, 22], [17, 24, 18, 1]]"
12a_1244_166,"[[17, 24, 18, 1], [19, 8, 20, 9], [21, 6, 22, 7], [23, 11, 24, 10], [1, 18, 2, 19], [3, 13, 4, 12], [5, 15, 6, 14], [7, 20, 8, 21], [9, 16, 10, 17], [11, 3, 12, 2], [13, 5, 14, 4], [15, 23, 16, 22]]"
12a_1244_167,"[[15, 23, 16, 22], [17, 24, 18, 1], [19, 8, 20, 9], [21, 6, 22, 7], [23, 11, 24, 10], [1, 18, 2, 19], [3, 13, 4, 12], [5, 15, 6, 14], [7, 20, 8, 21], [9, 16, 10, 17], [11, 3, 12, 2], [13, 5, 14, 4]]"
12a_1244_168,"[[14, 6, 15, 5], [16, 24, 17, 23], [18, 1, 19, 2], [20, 9, 21, 10], [22, 7, 23, 8], [24, 12, 1, 11], [2, 19, 3, 20], [4, 14, 5, 13], [6, 16, 7, 15], [8, 21, 9, 22], [10, 17, 11, 18], [12, 4, 13, 3]]"
12a_1244_169,"[[12, 4, 13, 3], [14, 6, 15, 5], [16, 24, 17, 23], [18, 1, 19, 2], [20, 9, 21, 10], [22, 7, 23, 8], [24, 12, 1, 11], [2, 19, 3, 20], [4, 14, 5, 13], [6, 16, 7, 15], [8, 21, 9, 22], [10, 17, 11, 18]]"
12a_1244_170,"[[10, 17, 11, 18], [12, 4, 13, 3], [14, 6, 15, 5], [16, 24, 17, 23], [18, 1, 19, 2], [20, 9, 21, 10], [22, 7, 23, 8], [24, 12, 1, 11], [2, 19, 3, 20], [4, 14, 5, 13], [6, 16, 7, 15], [8, 21, 9, 22]]"
12a_1244_171,"[[8, 21, 9, 22], [10, 17, 11, 18], [12, 4, 13, 3], [14, 6, 15, 5], [16, 24, 17, 23], [18, 1, 19, 2], [20, 9, 21, 10], [22, 7, 23, 8], [24, 12, 1, 11], [2, 19, 3, 20], [4, 14, 5, 13], [6, 16, 7, 15]]"
12a_1244_172,"[[6, 16, 7, 15], [8, 21, 9, 22], [10, 17, 11, 18], [12, 4, 13, 3], [14, 6, 15, 5], [16, 24, 17, 23], [18, 1, 19, 2], [20, 9, 21, 10], [22, 7, 23, 8], [24, 12, 1, 11], [2, 19, 3, 20], [4, 14, 5, 13]]"
12a_1244_173,"[[4, 14, 5, 13], [6, 16, 7, 15], [8, 21, 9, 22], [10, 17, 11, 18], [12, 4, 13, 3], [14, 6, 15, 5], [16, 24, 17, 23], [18, 1, 19, 2], [20, 9, 21, 10], [22, 7, 23, 8], [24, 12, 1, 11], [2, 19, 3, 20]]"
12a_1244_174,"[[2, 19, 3, 20], [4, 14, 5, 13], [6, 16, 7, 15], [8, 21, 9, 22], [10, 17, 11, 18], [12, 4, 13, 3], [14, 6, 15, 5], [16, 24, 17, 23], [18, 1, 19, 2], [20, 9, 21, 10], [22, 7, 23, 8], [24, 12, 1, 11]]"
12a_1244_175,"[[24, 12, 1, 11], [2, 19, 3, 20], [4, 14, 5, 13], [6, 16, 7, 15], [8, 21, 9, 22], [10, 17, 11, 18], [12, 4, 13, 3], [14, 6, 15, 5], [16, 24, 17, 23], [18, 1, 19, 2], [20, 9, 21, 10], [22, 7, 23, 8]]"
12a_1244_176,"[[22, 7, 23, 8], [24, 12, 1, 11], [2, 19, 3, 20], [4, 14, 5, 13], [6, 16, 7, 15], [8, 21, 9, 22], [10, 17, 11, 18], [12, 4, 13, 3], [14, 6, 15, 5], [16, 24, 17, 23], [18, 1, 19, 2], [20, 9, 21, 10]]"
12a_1244_177,"[[20, 9, 21, 10], [22, 7, 23, 8], [24, 12, 1, 11], [2, 19, 3, 20], [4, 14, 5, 13], [6, 16, 7, 15], [8, 21, 9, 22], [10, 17, 11, 18], [12, 4, 13, 3], [14, 6, 15, 5], [16, 24, 17, 23], [18, 1, 19, 2]]"
12a_1244_178,"[[18, 1, 19, 2], [20, 9, 21, 10], [22, 7, 23, 8], [24, 12, 1, 11], [2, 19, 3, 20], [4, 14, 5, 13], [6, 16, 7, 15], [8, 21, 9, 22], [10, 17, 11, 18], [12, 4, 13, 3], [14, 6, 15, 5], [16, 24, 17, 23]]"
12a_1244_179,"[[16, 24, 17, 23], [18, 1, 19, 2], [20, 9, 21, 10], [22, 7, 23, 8], [24, 12, 1, 11], [2, 19, 3, 20], [4, 14, 5, 13], [6, 16, 7, 15], [8, 21, 9, 22], [10, 17, 11, 18], [12, 4, 13, 3], [14, 6, 15, 5]]"
12a_1244_180,"[[15, 7, 16, 6], [17, 1, 18, 24], [19, 2, 20, 3], [21, 10, 22, 11], [23, 8, 24, 9], [1, 13, 2, 12], [3, 20, 4, 21], [5, 15, 6, 14], [7, 17, 8, 16], [9, 22, 10, 23], [11, 18, 12, 19], [13, 5, 14, 4]]"
12a_1244_181,"[[13, 5, 14, 4], [15, 7, 16, 6], [17, 1, 18, 24], [19, 2, 20, 3], [21, 10, 22, 11], [23, 8, 24, 9], [1, 13, 2, 12], [3, 20, 4, 21], [5, 15, 6, 14], [7, 17, 8, 16], [9, 22, 10, 23], [11, 18, 12, 19]]"
12a_1244_182,"[[11, 18, 12, 19], [13, 5, 14, 4], [15, 7, 16, 6], [17, 1, 18, 24], [19, 2, 20, 3], [21, 10, 22, 11], [23, 8, 24, 9], [1, 13, 2, 12], [3, 20, 4, 21], [5, 15, 6, 14], [7, 17, 8, 16], [9, 22, 10, 23]]"
12a_1244_183,"[[9, 22, 10, 23], [11, 18, 12, 19], [13, 5, 14, 4], [15, 7, 16, 6], [17, 1, 18, 24], [19, 2, 20, 3], [21, 10, 22, 11], [23, 8, 24, 9], [1, 13, 2, 12], [3, 20, 4, 21], [5, 15, 6, 14], [7, 17, 8, 16]]"
12a_1244_184,"[[7, 17, 8, 16], [9, 22, 10, 23], [11, 18, 12, 19], [13, 5, 14, 4], [15, 7, 16, 6], [17, 1, 18, 24], [19, 2, 20, 3], [21, 10, 22, 11], [23, 8, 24, 9], [1, 13, 2, 12], [3, 20, 4, 21], [5, 15, 6, 14]]"
12a_1244_185,"[[5, 15, 6, 14], [7, 17, 8, 16], [9, 22, 10, 23], [11, 18, 12, 19], [13, 5, 14, 4], [15, 7, 16, 6], [17, 1, 18, 24], [19, 2, 20, 3], [21, 10, 22, 11], [23, 8, 24, 9], [1, 13, 2, 12], [3, 20, 4, 21]]"
