name,pd_notation
12a_0431_0,"[[24, 14, 1, 13], [2, 6, 3, 5], [4, 12, 5, 11], [6, 20, 7, 19], [8, 16, 9, 15], [10, 4, 11, 3], [12, 22, 13, 21], [14, 8, 15, 7], [16, 24, 17, 23], [18, 10, 19, 9], [20, 2, 21, 1], [22, 18, 23, 17]]"
12a_0431_1,"[[22, 18, 23, 17], [24, 14, 1, 13], [2, 6, 3, 5], [4, 12, 5, 11], [6, 20, 7, 19], [8, 16, 9, 15], [10, 4, 11, 3], [12, 22, 13, 21], [14, 8, 15, 7], [16, 24, 17, 23], [18, 10, 19, 9], [20, 2, 21, 1]]"
12a_0431_2,"[[20, 2, 21, 1], [22, 18, 23, 17], [24, 14, 1, 13], [2, 6, 3, 5], [4, 12, 5, 11], [6, 20, 7, 19], [8, 16, 9, 15], [10, 4, 11, 3], [12, 22, 13, 21], [14, 8, 15, 7], [16, 24, 17, 23], [18, 10, 19, 9]]"
12a_0431_3,"[[18, 10, 19, 9], [20, 2, 21, 1], [22, 18, 23, 17], [24, 14, 1, 13], [2, 6, 3, 5], [4, 12, 5, 11], [6, 20, 7, 19], [8, 16, 9, 15], [10, 4, 11, 3], [12, 22, 13, 21], [14, 8, 15, 7], [16, 24, 17, 23]]"
12a_0431_4,"[[16, 24, 17, 23], [18, 10, 19, 9], [20, 2, 21, 1], [22, 18, 23, 17], [24, 14, 1, 13], [2, 6, 3, 5], [4, 12, 5, 11], [6, 20, 7, 19], [8, 16, 9, 15], [10, 4, 11, 3], [12, 22, 13, 21], [14, 8, 15, 7]]"
12a_0431_5,"[[14, 8, 15, 7], [16, 24, 17, 23], [18, 10, 19, 9], [20, 2, 21, 1], [22, 18, 23, 17], [24, 14, 1, 13], [2, 6, 3, 5], [4, 12, 5, 11], [6, 20, 7, 19], [8, 16, 9, 15], [10, 4, 11, 3], [12, 22, 13, 21]]"
12a_0431_6,"[[12, 22, 13, 21], [14, 8, 15, 7], [16, 24, 17, 23], [18, 10, 19, 9], [20, 2, 21, 1], [22, 18, 23, 17], [24, 14, 1, 13], [2, 6, 3, 5], [4, 12, 5, 11], [6, 20, 7, 19], [8, 16, 9, 15], [10, 4, 11, 3]]"
12a_0431_7,"[[10, 4, 11, 3], [12, 22, 13, 21], [14, 8, 15, 7], [16, 24, 17, 23], [18, 10, 19, 9], [20, 2, 21, 1], [22, 18, 23, 17], [24, 14, 1, 13], [2, 6, 3, 5], [4, 12, 5, 11], [6, 20, 7, 19], [8, 16, 9, 15]]"
12a_0431_8,"[[8, 16, 9, 15], [10, 4, 11, 3], [12, 22, 13, 21], [14, 8, 15, 7], [16, 24, 17, 23], [18, 10, 19, 9], [20, 2, 21, 1], [22, 18, 23, 17], [24, 14, 1, 13], [2, 6, 3, 5], [4, 12, 5, 11], [6, 20, 7, 19]]"
12a_0431_9,"[[6, 20, 7, 19], [8, 16, 9, 15], [10, 4, 11, 3], [12, 22, 13, 21], [14, 8, 15, 7], [16, 24, 17, 23], [18, 10, 19, 9], [20, 2, 21, 1], [22, 18, 23, 17], [24, 14, 1, 13], [2, 6, 3, 5], [4, 12, 5, 11]]"
12a_0431_10,"[[4, 12, 5, 11], [6, 20, 7, 19], [8, 16, 9, 15], [10, 4, 11, 3], [12, 22, 13, 21], [14, 8, 15, 7], [16, 24, 17, 23], [18, 10, 19, 9], [20, 2, 21, 1], [22, 18, 23, 17], [24, 14, 1, 13], [2, 6, 3, 5]]"
12a_0431_11,"[[2, 6, 3, 5], [4, 12, 5, 11], [6, 20, 7, 19], [8, 16, 9, 15], [10, 4, 11, 3], [12, 22, 13, 21], [14, 8, 15, 7], [16, 24, 17, 23], [18, 10, 19, 9], [20, 2, 21, 1], [22, 18, 23, 17], [24, 14, 1, 13]]"
12a_0431_12,"[[1, 15, 2, 14], [3, 7, 4, 6], [5, 13, 6, 12], [7, 21, 8, 20], [9, 17, 10, 16], [11, 5, 12, 4], [13, 23, 14, 22], [15, 9, 16, 8], [17, 1, 18, 24], [19, 11, 20, 10], [21, 3, 22, 2], [23, 19, 24, 18]]"
12a_0431_13,"[[23, 19, 24, 18], [1, 15, 2, 14], [3, 7, 4, 6], [5, 13, 6, 12], [7, 21, 8, 20], [9, 17, 10, 16], [11, 5, 12, 4], [13, 23, 14, 22], [15, 9, 16, 8], [17, 1, 18, 24], [19, 11, 20, 10], [21, 3, 22, 2]]"
12a_0431_14,"[[21, 3, 22, 2], [23, 19, 24, 18], [1, 15, 2, 14], [3, 7, 4, 6], [5, 13, 6, 12], [7, 21, 8, 20], [9, 17, 10, 16], [11, 5, 12, 4], [13, 23, 14, 22], [15, 9, 16, 8], [17, 1, 18, 24], [19, 11, 20, 10]]"
12a_0431_15,"[[19, 11, 20, 10], [21, 3, 22, 2], [23, 19, 24, 18], [1, 15, 2, 14], [3, 7, 4, 6], [5, 13, 6, 12], [7, 21, 8, 20], [9, 17, 10, 16], [11, 5, 12, 4], [13, 23, 14, 22], [15, 9, 16, 8], [17, 1, 18, 24]]"
12a_0431_16,"[[17, 1, 18, 24], [19, 11, 20, 10], [21, 3, 22, 2], [23, 19, 24, 18], [1, 15, 2, 14], [3, 7, 4, 6], [5, 13, 6, 12], [7, 21, 8, 20], [9, 17, 10, 16], [11, 5, 12, 4], [13, 23, 14, 22], [15, 9, 16, 8]]"
12a_0431_17,"[[15, 9, 16, 8], [17, 1, 18, 24], [19, 11, 20, 10], [21, 3, 22, 2], [23, 19, 24, 18], [1, 15, 2, 14], [3, 7, 4, 6], [5, 13, 6, 12], [7, 21, 8, 20], [9, 17, 10, 16], [11, 5, 12, 4], [13, 23, 14, 22]]"
12a_0431_18,"[[13, 23, 14, 22], [15, 9, 16, 8], [17, 1, 18, 24], [19, 11, 20, 10], [21, 3, 22, 2], [23, 19, 24, 18], [1, 15, 2, 14], [3, 7, 4, 6], [5, 13, 6, 12], [7, 21, 8, 20], [9, 17, 10, 16], [11, 5, 12, 4]]"
12a_0431_19,"[[11, 5, 12, 4], [13, 23, 14, 22], [15, 9, 16, 8], [17, 1, 18, 24], [19, 11, 20, 10], [21, 3, 22, 2], [23, 19, 24, 18], [1, 15, 2, 14], [3, 7, 4, 6], [5, 13, 6, 12], [7, 21, 8, 20], [9, 17, 10, 16]]"
12a_0431_20,"[[9, 17, 10, 16], [11, 5, 12, 4], [13, 23, 14, 22], [15, 9, 16, 8], [17, 1, 18, 24], [19, 11, 20, 10], [21, 3, 22, 2], [23, 19, 24, 18], [1, 15, 2, 14], [3, 7, 4, 6], [5, 13, 6, 12], [7, 21, 8, 20]]"
12a_0431_21,"[[7, 21, 8, 20], [9, 17, 10, 16], [11, 5, 12, 4], [13, 23, 14, 22], [15, 9, 16, 8], [17, 1, 18, 24], [19, 11, 20, 10], [21, 3, 22, 2], [23, 19, 24, 18], [1, 15, 2, 14], [3, 7, 4, 6], [5, 13, 6, 12]]"
12a_0431_22,"[[5, 13, 6, 12], [7, 21, 8, 20], [9, 17, 10, 16], [11, 5, 12, 4], [13, 23, 14, 22], [15, 9, 16, 8], [17, 1, 18, 24], [19, 11, 20, 10], [21, 3, 22, 2], [23, 19, 24, 18], [1, 15, 2, 14], [3, 7, 4, 6]]"
12a_0431_23,"[[3, 7, 4, 6], [5, 13, 6, 12], [7, 21, 8, 20], [9, 17, 10, 16], [11, 5, 12, 4], [13, 23, 14, 22], [15, 9, 16, 8], [17, 1, 18, 24], [19, 11, 20, 10], [21, 3, 22, 2], [23, 19, 24, 18], [1, 15, 2, 14]]"
12a_0431_24,"[[2, 16, 3, 15], [4, 8, 5, 7], [6, 14, 7, 13], [8, 22, 9, 21], [10, 18, 11, 17], [12, 6, 13, 5], [14, 24, 15, 23], [16, 10, 17, 9], [18, 2, 19, 1], [20, 12, 21, 11], [22, 4, 23, 3], [24, 20, 1, 19]]"
12a_0431_25,"[[24, 20, 1, 19], [2, 16, 3, 15], [4, 8, 5, 7], [6, 14, 7, 13], [8, 22, 9, 21], [10, 18, 11, 17], [12, 6, 13, 5], [14, 24, 15, 23], [16, 10, 17, 9], [18, 2, 19, 1], [20, 12, 21, 11], [22, 4, 23, 3]]"
12a_0431_26,"[[22, 4, 23, 3], [24, 20, 1, 19], [2, 16, 3, 15], [4, 8, 5, 7], [6, 14, 7, 13], [8, 22, 9, 21], [10, 18, 11, 17], [12, 6, 13, 5], [14, 24, 15, 23], [16, 10, 17, 9], [18, 2, 19, 1], [20, 12, 21, 11]]"
12a_0431_27,"[[20, 12, 21, 11], [22, 4, 23, 3], [24, 20, 1, 19], [2, 16, 3, 15], [4, 8, 5, 7], [6, 14, 7, 13], [8, 22, 9, 21], [10, 18, 11, 17], [12, 6, 13, 5], [14, 24, 15, 23], [16, 10, 17, 9], [18, 2, 19, 1]]"
12a_0431_28,"[[18, 2, 19, 1], [20, 12, 21, 11], [22, 4, 23, 3], [24, 20, 1, 19], [2, 16, 3, 15], [4, 8, 5, 7], [6, 14, 7, 13], [8, 22, 9, 21], [10, 18, 11, 17], [12, 6, 13, 5], [14, 24, 15, 23], [16, 10, 17, 9]]"
12a_0431_29,"[[16, 10, 17, 9], [18, 2, 19, 1], [20, 12, 21, 11], [22, 4, 23, 3], [24, 20, 1, 19], [2, 16, 3, 15], [4, 8, 5, 7], [6, 14, 7, 13], [8, 22, 9, 21], [10, 18, 11, 17], [12, 6, 13, 5], [14, 24, 15, 23]]"
12a_0431_30,"[[14, 24, 15, 23], [16, 10, 17, 9], [18, 2, 19, 1], [20, 12, 21, 11], [22, 4, 23, 3], [24, 20, 1, 19], [2, 16, 3, 15], [4, 8, 5, 7], [6, 14, 7, 13], [8, 22, 9, 21], [10, 18, 11, 17], [12, 6, 13, 5]]"
12a_0431_31,"[[12, 6, 13, 5], [14, 24, 15, 23], [16, 10, 17, 9], [18, 2, 19, 1], [20, 12, 21, 11], [22, 4, 23, 3], [24, 20, 1, 19], [2, 16, 3, 15], [4, 8, 5, 7], [6, 14, 7, 13], [8, 22, 9, 21], [10, 18, 11, 17]]"
12a_0431_32,"[[10, 18, 11, 17], [12, 6, 13, 5], [14, 24, 15, 23], [16, 10, 17, 9], [18, 2, 19, 1], [20, 12, 21, 11], [22, 4, 23, 3], [24, 20, 1, 19], [2, 16, 3, 15], [4, 8, 5, 7], [6, 14, 7, 13], [8, 22, 9, 21]]"
12a_0431_33,"[[8, 22, 9, 21], [10, 18, 11, 17], [12, 6, 13, 5], [14, 24, 15, 23], [16, 10, 17, 9], [18, 2, 19, 1], [20, 12, 21, 11], [22, 4, 23, 3], [24, 20, 1, 19], [2, 16, 3, 15], [4, 8, 5, 7], [6, 14, 7, 13]]"
12a_0431_34,"[[6, 14, 7, 13], [8, 22, 9, 21], [10, 18, 11, 17], [12, 6, 13, 5], [14, 24, 15, 23], [16, 10, 17, 9], [18, 2, 19, 1], [20, 12, 21, 11], [22, 4, 23, 3], [24, 20, 1, 19], [2, 16, 3, 15], [4, 8, 5, 7]]"
12a_0431_35,"[[4, 8, 5, 7], [6, 14, 7, 13], [8, 22, 9, 21], [10, 18, 11, 17], [12, 6, 13, 5], [14, 24, 15, 23], [16, 10, 17, 9], [18, 2, 19, 1], [20, 12, 21, 11], [22, 4, 23, 3], [24, 20, 1, 19], [2, 16, 3, 15]]"
12a_0431_36,"[[3, 17, 4, 16], [5, 9, 6, 8], [7, 15, 8, 14], [9, 23, 10, 22], [11, 19, 12, 18], [13, 7, 14, 6], [15, 1, 16, 24], [17, 11, 18, 10], [19, 3, 20, 2], [21, 13, 22, 12], [23, 5, 24, 4], [1, 21, 2, 20]]"
12a_0431_37,"[[1, 21, 2, 20], [3, 17, 4, 16], [5, 9, 6, 8], [7, 15, 8, 14], [9, 23, 10, 22], [11, 19, 12, 18], [13, 7, 14, 6], [15, 1, 16, 24], [17, 11, 18, 10], [19, 3, 20, 2], [21, 13, 22, 12], [23, 5, 24, 4]]"
12a_0431_38,"[[23, 5, 24, 4], [1, 21, 2, 20], [3, 17, 4, 16], [5, 9, 6, 8], [7, 15, 8, 14], [9, 23, 10, 22], [11, 19, 12, 18], [13, 7, 14, 6], [15, 1, 16, 24], [17, 11, 18, 10], [19, 3, 20, 2], [21, 13, 22, 12]]"
12a_0431_39,"[[21, 13, 22, 12], [23, 5, 24, 4], [1, 21, 2, 20], [3, 17, 4, 16], [5, 9, 6, 8], [7, 15, 8, 14], [9, 23, 10, 22], [11, 19, 12, 18], [13, 7, 14, 6], [15, 1, 16, 24], [17, 11, 18, 10], [19, 3, 20, 2]]"
12a_0431_40,"[[19, 3, 20, 2], [21, 13, 22, 12], [23, 5, 24, 4], [1, 21, 2, 20], [3, 17, 4, 16], [5, 9, 6, 8], [7, 15, 8, 14], [9, 23, 10, 22], [11, 19, 12, 18], [13, 7, 14, 6], [15, 1, 16, 24], [17, 11, 18, 10]]"
12a_0431_41,"[[17, 11, 18, 10], [19, 3, 20, 2], [21, 13, 22, 12], [23, 5, 24, 4], [1, 21, 2, 20], [3, 17, 4, 16], [5, 9, 6, 8], [7, 15, 8, 14], [9, 23, 10, 22], [11, 19, 12, 18], [13, 7, 14, 6], [15, 1, 16, 24]]"
12a_0431_42,"[[15, 1, 16, 24], [17, 11, 18, 10], [19, 3, 20, 2], [21, 13, 22, 12], [23, 5, 24, 4], [1, 21, 2, 20], [3, 17, 4, 16], [5, 9, 6, 8], [7, 15, 8, 14], [9, 23, 10, 22], [11, 19, 12, 18], [13, 7, 14, 6]]"
12a_0431_43,"[[13, 7, 14, 6], [15, 1, 16, 24], [17, 11, 18, 10], [19, 3, 20, 2], [21, 13, 22, 12], [23, 5, 24, 4], [1, 21, 2, 20], [3, 17, 4, 16], [5, 9, 6, 8], [7, 15, 8, 14], [9, 23, 10, 22], [11, 19, 12, 18]]"
12a_0431_44,"[[11, 19, 12, 18], [13, 7, 14, 6], [15, 1, 16, 24], [17, 11, 18, 10], [19, 3, 20, 2], [21, 13, 22, 12], [23, 5, 24, 4], [1, 21, 2, 20], [3, 17, 4, 16], [5, 9, 6, 8], [7, 15, 8, 14], [9, 23, 10, 22]]"
12a_0431_45,"[[9, 23, 10, 22], [11, 19, 12, 18], [13, 7, 14, 6], [15, 1, 16, 24], [17, 11, 18, 10], [19, 3, 20, 2], [21, 13, 22, 12], [23, 5, 24, 4], [1, 21, 2, 20], [3, 17, 4, 16], [5, 9, 6, 8], [7, 15, 8, 14]]"
12a_0431_46,"[[7, 15, 8, 14], [9, 23, 10, 22], [11, 19, 12, 18], [13, 7, 14, 6], [15, 1, 16, 24], [17, 11, 18, 10], [19, 3, 20, 2], [21, 13, 22, 12], [23, 5, 24, 4], [1, 21, 2, 20], [3, 17, 4, 16], [5, 9, 6, 8]]"
12a_0431_47,"[[5, 9, 6, 8], [7, 15, 8, 14], [9, 23, 10, 22], [11, 19, 12, 18], [13, 7, 14, 6], [15, 1, 16, 24], [17, 11, 18, 10], [19, 3, 20, 2], [21, 13, 22, 12], [23, 5, 24, 4], [1, 21, 2, 20], [3, 17, 4, 16]]"
12a_0431_48,"[[4, 18, 5, 17], [6, 10, 7, 9], [8, 16, 9, 15], [10, 24, 11, 23], [12, 20, 13, 19], [14, 8, 15, 7], [16, 2, 17, 1], [18, 12, 19, 11], [20, 4, 21, 3], [22, 14, 23, 13], [24, 6, 1, 5], [2, 22, 3, 21]]"
12a_0431_49,"[[2, 22, 3, 21], [4, 18, 5, 17], [6, 10, 7, 9], [8, 16, 9, 15], [10, 24, 11, 23], [12, 20, 13, 19], [14, 8, 15, 7], [16, 2, 17, 1], [18, 12, 19, 11], [20, 4, 21, 3], [22, 14, 23, 13], [24, 6, 1, 5]]"
12a_0431_50,"[[24, 6, 1, 5], [2, 22, 3, 21], [4, 18, 5, 17], [6, 10, 7, 9], [8, 16, 9, 15], [10, 24, 11, 23], [12, 20, 13, 19], [14, 8, 15, 7], [16, 2, 17, 1], [18, 12, 19, 11], [20, 4, 21, 3], [22, 14, 23, 13]]"
12a_0431_51,"[[22, 14, 23, 13], [24, 6, 1, 5], [2, 22, 3, 21], [4, 18, 5, 17], [6, 10, 7, 9], [8, 16, 9, 15], [10, 24, 11, 23], [12, 20, 13, 19], [14, 8, 15, 7], [16, 2, 17, 1], [18, 12, 19, 11], [20, 4, 21, 3]]"
12a_0431_52,"[[20, 4, 21, 3], [22, 14, 23, 13], [24, 6, 1, 5], [2, 22, 3, 21], [4, 18, 5, 17], [6, 10, 7, 9], [8, 16, 9, 15], [10, 24, 11, 23], [12, 20, 13, 19], [14, 8, 15, 7], [16, 2, 17, 1], [18, 12, 19, 11]]"
12a_0431_53,"[[18, 12, 19, 11], [20, 4, 21, 3], [22, 14, 23, 13], [24, 6, 1, 5], [2, 22, 3, 21], [4, 18, 5, 17], [6, 10, 7, 9], [8, 16, 9, 15], [10, 24, 11, 23], [12, 20, 13, 19], [14, 8, 15, 7], [16, 2, 17, 1]]"
12a_0431_54,"[[16, 2, 17, 1], [18, 12, 19, 11], [20, 4, 21, 3], [22, 14, 23, 13], [24, 6, 1, 5], [2, 22, 3, 21], [4, 18, 5, 17], [6, 10, 7, 9], [8, 16, 9, 15], [10, 24, 11, 23], [12, 20, 13, 19], [14, 8, 15, 7]]"
12a_0431_55,"[[14, 8, 15, 7], [16, 2, 17, 1], [18, 12, 19, 11], [20, 4, 21, 3], [22, 14, 23, 13], [24, 6, 1, 5], [2, 22, 3, 21], [4, 18, 5, 17], [6, 10, 7, 9], [8, 16, 9, 15], [10, 24, 11, 23], [12, 20, 13, 19]]"
12a_0431_56,"[[12, 20, 13, 19], [14, 8, 15, 7], [16, 2, 17, 1], [18, 12, 19, 11], [20, 4, 21, 3], [22, 14, 23, 13], [24, 6, 1, 5], [2, 22, 3, 21], [4, 18, 5, 17], [6, 10, 7, 9], [8, 16, 9, 15], [10, 24, 11, 23]]"
12a_0431_57,"[[10, 24, 11, 23], [12, 20, 13, 19], [14, 8, 15, 7], [16, 2, 17, 1], [18, 12, 19, 11], [20, 4, 21, 3], [22, 14, 23, 13], [24, 6, 1, 5], [2, 22, 3, 21], [4, 18, 5, 17], [6, 10, 7, 9], [8, 16, 9, 15]]"
12a_0431_58,"[[8, 16, 9, 15], [10, 24, 11, 23], [12, 20, 13, 19], [14, 8, 15, 7], [16, 2, 17, 1], [18, 12, 19, 11], [20, 4, 21, 3], [22, 14, 23, 13], [24, 6, 1, 5], [2, 22, 3, 21], [4, 18, 5, 17], [6, 10, 7, 9]]"
12a_0431_59,"[[6, 10, 7, 9], [8, 16, 9, 15], [10, 24, 11, 23], [12, 20, 13, 19], [14, 8, 15, 7], [16, 2, 17, 1], [18, 12, 19, 11], [20, 4, 21, 3], [22, 14, 23, 13], [24, 6, 1, 5], [2, 22, 3, 21], [4, 18, 5, 17]]"
12a_0431_60,"[[5, 19, 6, 18], [7, 11, 8, 10], [9, 17, 10, 16], [11, 1, 12, 24], [13, 21, 14, 20], [15, 9, 16, 8], [17, 3, 18, 2], [19, 13, 20, 12], [21, 5, 22, 4], [23, 15, 24, 14], [1, 7, 2, 6], [3, 23, 4, 22]]"
12a_0431_61,"[[3, 23, 4, 22], [5, 19, 6, 18], [7, 11, 8, 10], [9, 17, 10, 16], [11, 1, 12, 24], [13, 21, 14, 20], [15, 9, 16, 8], [17, 3, 18, 2], [19, 13, 20, 12], [21, 5, 22, 4], [23, 15, 24, 14], [1, 7, 2, 6]]"
12a_0431_62,"[[1, 7, 2, 6], [3, 23, 4, 22], [5, 19, 6, 18], [7, 11, 8, 10], [9, 17, 10, 16], [11, 1, 12, 24], [13, 21, 14, 20], [15, 9, 16, 8], [17, 3, 18, 2], [19, 13, 20, 12], [21, 5, 22, 4], [23, 15, 24, 14]]"
12a_0431_63,"[[23, 15, 24, 14], [1, 7, 2, 6], [3, 23, 4, 22], [5, 19, 6, 18], [7, 11, 8, 10], [9, 17, 10, 16], [11, 1, 12, 24], [13, 21, 14, 20], [15, 9, 16, 8], [17, 3, 18, 2], [19, 13, 20, 12], [21, 5, 22, 4]]"
12a_0431_64,"[[21, 5, 22, 4], [23, 15, 24, 14], [1, 7, 2, 6], [3, 23, 4, 22], [5, 19, 6, 18], [7, 11, 8, 10], [9, 17, 10, 16], [11, 1, 12, 24], [13, 21, 14, 20], [15, 9, 16, 8], [17, 3, 18, 2], [19, 13, 20, 12]]"
12a_0431_65,"[[19, 13, 20, 12], [21, 5, 22, 4], [23, 15, 24, 14], [1, 7, 2, 6], [3, 23, 4, 22], [5, 19, 6, 18], [7, 11, 8, 10], [9, 17, 10, 16], [11, 1, 12, 24], [13, 21, 14, 20], [15, 9, 16, 8], [17, 3, 18, 2]]"
12a_0431_66,"[[17, 3, 18, 2], [19, 13, 20, 12], [21, 5, 22, 4], [23, 15, 24, 14], [1, 7, 2, 6], [3, 23, 4, 22], [5, 19, 6, 18], [7, 11, 8, 10], [9, 17, 10, 16], [11, 1, 12, 24], [13, 21, 14, 20], [15, 9, 16, 8]]"
12a_0431_67,"[[15, 9, 16, 8], [17, 3, 18, 2], [19, 13, 20, 12], [21, 5, 22, 4], [23, 15, 24, 14], [1, 7, 2, 6], [3, 23, 4, 22], [5, 19, 6, 18], [7, 11, 8, 10], [9, 17, 10, 16], [11, 1, 12, 24], [13, 21, 14, 20]]"
12a_0431_68,"[[13, 21, 14, 20], [15, 9, 16, 8], [17, 3, 18, 2], [19, 13, 20, 12], [21, 5, 22, 4], [23, 15, 24, 14], [1, 7, 2, 6], [3, 23, 4, 22], [5, 19, 6, 18], [7, 11, 8, 10], [9, 17, 10, 16], [11, 1, 12, 24]]"
12a_0431_69,"[[11, 1, 12, 24], [13, 21, 14, 20], [15, 9, 16, 8], [17, 3, 18, 2], [19, 13, 20, 12], [21, 5, 22, 4], [23, 15, 24, 14], [1, 7, 2, 6], [3, 23, 4, 22], [5, 19, 6, 18], [7, 11, 8, 10], [9, 17, 10, 16]]"
12a_0431_70,"[[9, 17, 10, 16], [11, 1, 12, 24], [13, 21, 14, 20], [15, 9, 16, 8], [17, 3, 18, 2], [19, 13, 20, 12], [21, 5, 22, 4], [23, 15, 24, 14], [1, 7, 2, 6], [3, 23, 4, 22], [5, 19, 6, 18], [7, 11, 8, 10]]"
12a_0431_71,"[[7, 11, 8, 10], [9, 17, 10, 16], [11, 1, 12, 24], [13, 21, 14, 20], [15, 9, 16, 8], [17, 3, 18, 2], [19, 13, 20, 12], [21, 5, 22, 4], [23, 15, 24, 14], [1, 7, 2, 6], [3, 23, 4, 22], [5, 19, 6, 18]]"
12a_0431_72,"[[6, 20, 7, 19], [8, 12, 9, 11], [10, 18, 11, 17], [12, 2, 13, 1], [14, 22, 15, 21], [16, 10, 17, 9], [18, 4, 19, 3], [20, 14, 21, 13], [22, 6, 23, 5], [24, 16, 1, 15], [2, 8, 3, 7], [4, 24, 5, 23]]"
12a_0431_73,"[[4, 24, 5, 23], [6, 20, 7, 19], [8, 12, 9, 11], [10, 18, 11, 17], [12, 2, 13, 1], [14, 22, 15, 21], [16, 10, 17, 9], [18, 4, 19, 3], [20, 14, 21, 13], [22, 6, 23, 5], [24, 16, 1, 15], [2, 8, 3, 7]]"
12a_0431_74,"[[2, 8, 3, 7], [4, 24, 5, 23], [6, 20, 7, 19], [8, 12, 9, 11], [10, 18, 11, 17], [12, 2, 13, 1], [14, 22, 15, 21], [16, 10, 17, 9], [18, 4, 19, 3], [20, 14, 21, 13], [22, 6, 23, 5], [24, 16, 1, 15]]"
12a_0431_75,"[[24, 16, 1, 15], [2, 8, 3, 7], [4, 24, 5, 23], [6, 20, 7, 19], [8, 12, 9, 11], [10, 18, 11, 17], [12, 2, 13, 1], [14, 22, 15, 21], [16, 10, 17, 9], [18, 4, 19, 3], [20, 14, 21, 13], [22, 6, 23, 5]]"
12a_0431_76,"[[22, 6, 23, 5], [24, 16, 1, 15], [2, 8, 3, 7], [4, 24, 5, 23], [6, 20, 7, 19], [8, 12, 9, 11], [10, 18, 11, 17], [12, 2, 13, 1], [14, 22, 15, 21], [16, 10, 17, 9], [18, 4, 19, 3], [20, 14, 21, 13]]"
12a_0431_77,"[[20, 14, 21, 13], [22, 6, 23, 5], [24, 16, 1, 15], [2, 8, 3, 7], [4, 24, 5, 23], [6, 20, 7, 19], [8, 12, 9, 11], [10, 18, 11, 17], [12, 2, 13, 1], [14, 22, 15, 21], [16, 10, 17, 9], [18, 4, 19, 3]]"
12a_0431_78,"[[18, 4, 19, 3], [20, 14, 21, 13], [22, 6, 23, 5], [24, 16, 1, 15], [2, 8, 3, 7], [4, 24, 5, 23], [6, 20, 7, 19], [8, 12, 9, 11], [10, 18, 11, 17], [12, 2, 13, 1], [14, 22, 15, 21], [16, 10, 17, 9]]"
12a_0431_79,"[[16, 10, 17, 9], [18, 4, 19, 3], [20, 14, 21, 13], [22, 6, 23, 5], [24, 16, 1, 15], [2, 8, 3, 7], [4, 24, 5, 23], [6, 20, 7, 19], [8, 12, 9, 11], [10, 18, 11, 17], [12, 2, 13, 1], [14, 22, 15, 21]]"
12a_0431_80,"[[14, 22, 15, 21], [16, 10, 17, 9], [18, 4, 19, 3], [20, 14, 21, 13], [22, 6, 23, 5], [24, 16, 1, 15], [2, 8, 3, 7], [4, 24, 5, 23], [6, 20, 7, 19], [8, 12, 9, 11], [10, 18, 11, 17], [12, 2, 13, 1]]"
12a_0431_81,"[[12, 2, 13, 1], [14, 22, 15, 21], [16, 10, 17, 9], [18, 4, 19, 3], [20, 14, 21, 13], [22, 6, 23, 5], [24, 16, 1, 15], [2, 8, 3, 7], [4, 24, 5, 23], [6, 20, 7, 19], [8, 12, 9, 11], [10, 18, 11, 17]]"
12a_0431_82,"[[10, 18, 11, 17], [12, 2, 13, 1], [14, 22, 15, 21], [16, 10, 17, 9], [18, 4, 19, 3], [20, 14, 21, 13], [22, 6, 23, 5], [24, 16, 1, 15], [2, 8, 3, 7], [4, 24, 5, 23], [6, 20, 7, 19], [8, 12, 9, 11]]"
12a_0431_83,"[[8, 12, 9, 11], [10, 18, 11, 17], [12, 2, 13, 1], [14, 22, 15, 21], [16, 10, 17, 9], [18, 4, 19, 3], [20, 14, 21, 13], [22, 6, 23, 5], [24, 16, 1, 15], [2, 8, 3, 7], [4, 24, 5, 23], [6, 20, 7, 19]]"
12a_0431_84,"[[7, 21, 8, 20], [9, 13, 10, 12], [11, 19, 12, 18], [13, 3, 14, 2], [15, 23, 16, 22], [17, 11, 18, 10], [19, 5, 20, 4], [21, 15, 22, 14], [23, 7, 24, 6], [1, 17, 2, 16], [3, 9, 4, 8], [5, 1, 6, 24]]"
12a_0431_85,"[[5, 1, 6, 24], [7, 21, 8, 20], [9, 13, 10, 12], [11, 19, 12, 18], [13, 3, 14, 2], [15, 23, 16, 22], [17, 11, 18, 10], [19, 5, 20, 4], [21, 15, 22, 14], [23, 7, 24, 6], [1, 17, 2, 16], [3, 9, 4, 8]]"
12a_0431_86,"[[3, 9, 4, 8], [5, 1, 6, 24], [7, 21, 8, 20], [9, 13, 10, 12], [11, 19, 12, 18], [13, 3, 14, 2], [15, 23, 16, 22], [17, 11, 18, 10], [19, 5, 20, 4], [21, 15, 22, 14], [23, 7, 24, 6], [1, 17, 2, 16]]"
12a_0431_87,"[[1, 17, 2, 16], [3, 9, 4, 8], [5, 1, 6, 24], [7, 21, 8, 20], [9, 13, 10, 12], [11, 19, 12, 18], [13, 3, 14, 2], [15, 23, 16, 22], [17, 11, 18, 10], [19, 5, 20, 4], [21, 15, 22, 14], [23, 7, 24, 6]]"
12a_0431_88,"[[23, 7, 24, 6], [1, 17, 2, 16], [3, 9, 4, 8], [5, 1, 6, 24], [7, 21, 8, 20], [9, 13, 10, 12], [11, 19, 12, 18], [13, 3, 14, 2], [15, 23, 16, 22], [17, 11, 18, 10], [19, 5, 20, 4], [21, 15, 22, 14]]"
12a_0431_89,"[[21, 15, 22, 14], [23, 7, 24, 6], [1, 17, 2, 16], [3, 9, 4, 8], [5, 1, 6, 24], [7, 21, 8, 20], [9, 13, 10, 12], [11, 19, 12, 18], [13, 3, 14, 2], [15, 23, 16, 22], [17, 11, 18, 10], [19, 5, 20, 4]]"
12a_0431_90,"[[19, 5, 20, 4], [21, 15, 22, 14], [23, 7, 24, 6], [1, 17, 2, 16], [3, 9, 4, 8], [5, 1, 6, 24], [7, 21, 8, 20], [9, 13, 10, 12], [11, 19, 12, 18], [13, 3, 14, 2], [15, 23, 16, 22], [17, 11, 18, 10]]"
12a_0431_91,"[[17, 11, 18, 10], [19, 5, 20, 4], [21, 15, 22, 14], [23, 7, 24, 6], [1, 17, 2, 16], [3, 9, 4, 8], [5, 1, 6, 24], [7, 21, 8, 20], [9, 13, 10, 12], [11, 19, 12, 18], [13, 3, 14, 2], [15, 23, 16, 22]]"
12a_0431_92,"[[15, 23, 16, 22], [17, 11, 18, 10], [19, 5, 20, 4], [21, 15, 22, 14], [23, 7, 24, 6], [1, 17, 2, 16], [3, 9, 4, 8], [5, 1, 6, 24], [7, 21, 8, 20], [9, 13, 10, 12], [11, 19, 12, 18], [13, 3, 14, 2]]"
12a_0431_93,"[[13, 3, 14, 2], [15, 23, 16, 22], [17, 11, 18, 10], [19, 5, 20, 4], [21, 15, 22, 14], [23, 7, 24, 6], [1, 17, 2, 16], [3, 9, 4, 8], [5, 1, 6, 24], [7, 21, 8, 20], [9, 13, 10, 12], [11, 19, 12, 18]]"
12a_0431_94,"[[11, 19, 12, 18], [13, 3, 14, 2], [15, 23, 16, 22], [17, 11, 18, 10], [19, 5, 20, 4], [21, 15, 22, 14], [23, 7, 24, 6], [1, 17, 2, 16], [3, 9, 4, 8], [5, 1, 6, 24], [7, 21, 8, 20], [9, 13, 10, 12]]"
12a_0431_95,"[[9, 13, 10, 12], [11, 19, 12, 18], [13, 3, 14, 2], [15, 23, 16, 22], [17, 11, 18, 10], [19, 5, 20, 4], [21, 15, 22, 14], [23, 7, 24, 6], [1, 17, 2, 16], [3, 9, 4, 8], [5, 1, 6, 24], [7, 21, 8, 20]]"
12a_0431_96,"[[8, 22, 9, 21], [10, 14, 11, 13], [12, 20, 13, 19], [14, 4, 15, 3], [16, 24, 17, 23], [18, 12, 19, 11], [20, 6, 21, 5], [22, 16, 23, 15], [24, 8, 1, 7], [2, 18, 3, 17], [4, 10, 5, 9], [6, 2, 7, 1]]"
12a_0431_97,"[[6, 2, 7, 1], [8, 22, 9, 21], [10, 14, 11, 13], [12, 20, 13, 19], [14, 4, 15, 3], [16, 24, 17, 23], [18, 12, 19, 11], [20, 6, 21, 5], [22, 16, 23, 15], [24, 8, 1, 7], [2, 18, 3, 17], [4, 10, 5, 9]]"
12a_0431_98,"[[4, 10, 5, 9], [6, 2, 7, 1], [8, 22, 9, 21], [10, 14, 11, 13], [12, 20, 13, 19], [14, 4, 15, 3], [16, 24, 17, 23], [18, 12, 19, 11], [20, 6, 21, 5], [22, 16, 23, 15], [24, 8, 1, 7], [2, 18, 3, 17]]"
12a_0431_99,"[[2, 18, 3, 17], [4, 10, 5, 9], [6, 2, 7, 1], [8, 22, 9, 21], [10, 14, 11, 13], [12, 20, 13, 19], [14, 4, 15, 3], [16, 24, 17, 23], [18, 12, 19, 11], [20, 6, 21, 5], [22, 16, 23, 15], [24, 8, 1, 7]]"
12a_0431_100,"[[24, 8, 1, 7], [2, 18, 3, 17], [4, 10, 5, 9], [6, 2, 7, 1], [8, 22, 9, 21], [10, 14, 11, 13], [12, 20, 13, 19], [14, 4, 15, 3], [16, 24, 17, 23], [18, 12, 19, 11], [20, 6, 21, 5], [22, 16, 23, 15]]"
12a_0431_101,"[[22, 16, 23, 15], [24, 8, 1, 7], [2, 18, 3, 17], [4, 10, 5, 9], [6, 2, 7, 1], [8, 22, 9, 21], [10, 14, 11, 13], [12, 20, 13, 19], [14, 4, 15, 3], [16, 24, 17, 23], [18, 12, 19, 11], [20, 6, 21, 5]]"
12a_0431_102,"[[20, 6, 21, 5], [22, 16, 23, 15], [24, 8, 1, 7], [2, 18, 3, 17], [4, 10, 5, 9], [6, 2, 7, 1], [8, 22, 9, 21], [10, 14, 11, 13], [12, 20, 13, 19], [14, 4, 15, 3], [16, 24, 17, 23], [18, 12, 19, 11]]"
12a_0431_103,"[[18, 12, 19, 11], [20, 6, 21, 5], [22, 16, 23, 15], [24, 8, 1, 7], [2, 18, 3, 17], [4, 10, 5, 9], [6, 2, 7, 1], [8, 22, 9, 21], [10, 14, 11, 13], [12, 20, 13, 19], [14, 4, 15, 3], [16, 24, 17, 23]]"
12a_0431_104,"[[16, 24, 17, 23], [18, 12, 19, 11], [20, 6, 21, 5], [22, 16, 23, 15], [24, 8, 1, 7], [2, 18, 3, 17], [4, 10, 5, 9], [6, 2, 7, 1], [8, 22, 9, 21], [10, 14, 11, 13], [12, 20, 13, 19], [14, 4, 15, 3]]"
12a_0431_105,"[[14, 4, 15, 3], [16, 24, 17, 23], [18, 12, 19, 11], [20, 6, 21, 5], [22, 16, 23, 15], [24, 8, 1, 7], [2, 18, 3, 17], [4, 10, 5, 9], [6, 2, 7, 1], [8, 22, 9, 21], [10, 14, 11, 13], [12, 20, 13, 19]]"
12a_0431_106,"[[12, 20, 13, 19], [14, 4, 15, 3], [16, 24, 17, 23], [18, 12, 19, 11], [20, 6, 21, 5], [22, 16, 23, 15], [24, 8, 1, 7], [2, 18, 3, 17], [4, 10, 5, 9], [6, 2, 7, 1], [8, 22, 9, 21], [10, 14, 11, 13]]"
12a_0431_107,"[[10, 14, 11, 13], [12, 20, 13, 19], [14, 4, 15, 3], [16, 24, 17, 23], [18, 12, 19, 11], [20, 6, 21, 5], [22, 16, 23, 15], [24, 8, 1, 7], [2, 18, 3, 17], [4, 10, 5, 9], [6, 2, 7, 1], [8, 22, 9, 21]]"
12a_0431_108,"[[9, 23, 10, 22], [11, 15, 12, 14], [13, 21, 14, 20], [15, 5, 16, 4], [17, 1, 18, 24], [19, 13, 20, 12], [21, 7, 22, 6], [23, 17, 24, 16], [1, 9, 2, 8], [3, 19, 4, 18], [5, 11, 6, 10], [7, 3, 8, 2]]"
12a_0431_109,"[[7, 3, 8, 2], [9, 23, 10, 22], [11, 15, 12, 14], [13, 21, 14, 20], [15, 5, 16, 4], [17, 1, 18, 24], [19, 13, 20, 12], [21, 7, 22, 6], [23, 17, 24, 16], [1, 9, 2, 8], [3, 19, 4, 18], [5, 11, 6, 10]]"
12a_0431_110,"[[5, 11, 6, 10], [7, 3, 8, 2], [9, 23, 10, 22], [11, 15, 12, 14], [13, 21, 14, 20], [15, 5, 16, 4], [17, 1, 18, 24], [19, 13, 20, 12], [21, 7, 22, 6], [23, 17, 24, 16], [1, 9, 2, 8], [3, 19, 4, 18]]"
12a_0431_111,"[[3, 19, 4, 18], [5, 11, 6, 10], [7, 3, 8, 2], [9, 23, 10, 22], [11, 15, 12, 14], [13, 21, 14, 20], [15, 5, 16, 4], [17, 1, 18, 24], [19, 13, 20, 12], [21, 7, 22, 6], [23, 17, 24, 16], [1, 9, 2, 8]]"
12a_0431_112,"[[1, 9, 2, 8], [3, 19, 4, 18], [5, 11, 6, 10], [7, 3, 8, 2], [9, 23, 10, 22], [11, 15, 12, 14], [13, 21, 14, 20], [15, 5, 16, 4], [17, 1, 18, 24], [19, 13, 20, 12], [21, 7, 22, 6], [23, 17, 24, 16]]"
12a_0431_113,"[[23, 17, 24, 16], [1, 9, 2, 8], [3, 19, 4, 18], [5, 11, 6, 10], [7, 3, 8, 2], [9, 23, 10, 22], [11, 15, 12, 14], [13, 21, 14, 20], [15, 5, 16, 4], [17, 1, 18, 24], [19, 13, 20, 12], [21, 7, 22, 6]]"
12a_0431_114,"[[21, 7, 22, 6], [23, 17, 24, 16], [1, 9, 2, 8], [3, 19, 4, 18], [5, 11, 6, 10], [7, 3, 8, 2], [9, 23, 10, 22], [11, 15, 12, 14], [13, 21, 14, 20], [15, 5, 16, 4], [17, 1, 18, 24], [19, 13, 20, 12]]"
12a_0431_115,"[[19, 13, 20, 12], [21, 7, 22, 6], [23, 17, 24, 16], [1, 9, 2, 8], [3, 19, 4, 18], [5, 11, 6, 10], [7, 3, 8, 2], [9, 23, 10, 22], [11, 15, 12, 14], [13, 21, 14, 20], [15, 5, 16, 4], [17, 1, 18, 24]]"
12a_0431_116,"[[17, 1, 18, 24], [19, 13, 20, 12], [21, 7, 22, 6], [23, 17, 24, 16], [1, 9, 2, 8], [3, 19, 4, 18], [5, 11, 6, 10], [7, 3, 8, 2], [9, 23, 10, 22], [11, 15, 12, 14], [13, 21, 14, 20], [15, 5, 16, 4]]"
12a_0431_117,"[[15, 5, 16, 4], [17, 1, 18, 24], [19, 13, 20, 12], [21, 7, 22, 6], [23, 17, 24, 16], [1, 9, 2, 8], [3, 19, 4, 18], [5, 11, 6, 10], [7, 3, 8, 2], [9, 23, 10, 22], [11, 15, 12, 14], [13, 21, 14, 20]]"
12a_0431_118,"[[13, 21, 14, 20], [15, 5, 16, 4], [17, 1, 18, 24], [19, 13, 20, 12], [21, 7, 22, 6], [23, 17, 24, 16], [1, 9, 2, 8], [3, 19, 4, 18], [5, 11, 6, 10], [7, 3, 8, 2], [9, 23, 10, 22], [11, 15, 12, 14]]"
12a_0431_119,"[[11, 15, 12, 14], [13, 21, 14, 20], [15, 5, 16, 4], [17, 1, 18, 24], [19, 13, 20, 12], [21, 7, 22, 6], [23, 17, 24, 16], [1, 9, 2, 8], [3, 19, 4, 18], [5, 11, 6, 10], [7, 3, 8, 2], [9, 23, 10, 22]]"
12a_0431_120,"[[10, 24, 11, 23], [12, 16, 13, 15], [14, 22, 15, 21], [16, 6, 17, 5], [18, 2, 19, 1], [20, 14, 21, 13], [22, 8, 23, 7], [24, 18, 1, 17], [2, 10, 3, 9], [4, 20, 5, 19], [6, 12, 7, 11], [8, 4, 9, 3]]"
12a_0431_121,"[[8, 4, 9, 3], [10, 24, 11, 23], [12, 16, 13, 15], [14, 22, 15, 21], [16, 6, 17, 5], [18, 2, 19, 1], [20, 14, 21, 13], [22, 8, 23, 7], [24, 18, 1, 17], [2, 10, 3, 9], [4, 20, 5, 19], [6, 12, 7, 11]]"
12a_0431_122,"[[6, 12, 7, 11], [8, 4, 9, 3], [10, 24, 11, 23], [12, 16, 13, 15], [14, 22, 15, 21], [16, 6, 17, 5], [18, 2, 19, 1], [20, 14, 21, 13], [22, 8, 23, 7], [24, 18, 1, 17], [2, 10, 3, 9], [4, 20, 5, 19]]"
12a_0431_123,"[[4, 20, 5, 19], [6, 12, 7, 11], [8, 4, 9, 3], [10, 24, 11, 23], [12, 16, 13, 15], [14, 22, 15, 21], [16, 6, 17, 5], [18, 2, 19, 1], [20, 14, 21, 13], [22, 8, 23, 7], [24, 18, 1, 17], [2, 10, 3, 9]]"
12a_0431_124,"[[2, 10, 3, 9], [4, 20, 5, 19], [6, 12, 7, 11], [8, 4, 9, 3], [10, 24, 11, 23], [12, 16, 13, 15], [14, 22, 15, 21], [16, 6, 17, 5], [18, 2, 19, 1], [20, 14, 21, 13], [22, 8, 23, 7], [24, 18, 1, 17]]"
12a_0431_125,"[[24, 18, 1, 17], [2, 10, 3, 9], [4, 20, 5, 19], [6, 12, 7, 11], [8, 4, 9, 3], [10, 24, 11, 23], [12, 16, 13, 15], [14, 22, 15, 21], [16, 6, 17, 5], [18, 2, 19, 1], [20, 14, 21, 13], [22, 8, 23, 7]]"
12a_0431_126,"[[22, 8, 23, 7], [24, 18, 1, 17], [2, 10, 3, 9], [4, 20, 5, 19], [6, 12, 7, 11], [8, 4, 9, 3], [10, 24, 11, 23], [12, 16, 13, 15], [14, 22, 15, 21], [16, 6, 17, 5], [18, 2, 19, 1], [20, 14, 21, 13]]"
12a_0431_127,"[[20, 14, 21, 13], [22, 8, 23, 7], [24, 18, 1, 17], [2, 10, 3, 9], [4, 20, 5, 19], [6, 12, 7, 11], [8, 4, 9, 3], [10, 24, 11, 23], [12, 16, 13, 15], [14, 22, 15, 21], [16, 6, 17, 5], [18, 2, 19, 1]]"
12a_0431_128,"[[18, 2, 19, 1], [20, 14, 21, 13], [22, 8, 23, 7], [24, 18, 1, 17], [2, 10, 3, 9], [4, 20, 5, 19], [6, 12, 7, 11], [8, 4, 9, 3], [10, 24, 11, 23], [12, 16, 13, 15], [14, 22, 15, 21], [16, 6, 17, 5]]"
12a_0431_129,"[[16, 6, 17, 5], [18, 2, 19, 1], [20, 14, 21, 13], [22, 8, 23, 7], [24, 18, 1, 17], [2, 10, 3, 9], [4, 20, 5, 19], [6, 12, 7, 11], [8, 4, 9, 3], [10, 24, 11, 23], [12, 16, 13, 15], [14, 22, 15, 21]]"
12a_0431_130,"[[14, 22, 15, 21], [16, 6, 17, 5], [18, 2, 19, 1], [20, 14, 21, 13], [22, 8, 23, 7], [24, 18, 1, 17], [2, 10, 3, 9], [4, 20, 5, 19], [6, 12, 7, 11], [8, 4, 9, 3], [10, 24, 11, 23], [12, 16, 13, 15]]"
12a_0431_131,"[[12, 16, 13, 15], [14, 22, 15, 21], [16, 6, 17, 5], [18, 2, 19, 1], [20, 14, 21, 13], [22, 8, 23, 7], [24, 18, 1, 17], [2, 10, 3, 9], [4, 20, 5, 19], [6, 12, 7, 11], [8, 4, 9, 3], [10, 24, 11, 23]]"
12a_0431_132,"[[11, 1, 12, 24], [13, 17, 14, 16], [15, 23, 16, 22], [17, 7, 18, 6], [19, 3, 20, 2], [21, 15, 22, 14], [23, 9, 24, 8], [1, 19, 2, 18], [3, 11, 4, 10], [5, 21, 6, 20], [7, 13, 8, 12], [9, 5, 10, 4]]"
12a_0431_133,"[[9, 5, 10, 4], [11, 1, 12, 24], [13, 17, 14, 16], [15, 23, 16, 22], [17, 7, 18, 6], [19, 3, 20, 2], [21, 15, 22, 14], [23, 9, 24, 8], [1, 19, 2, 18], [3, 11, 4, 10], [5, 21, 6, 20], [7, 13, 8, 12]]"
12a_0431_134,"[[7, 13, 8, 12], [9, 5, 10, 4], [11, 1, 12, 24], [13, 17, 14, 16], [15, 23, 16, 22], [17, 7, 18, 6], [19, 3, 20, 2], [21, 15, 22, 14], [23, 9, 24, 8], [1, 19, 2, 18], [3, 11, 4, 10], [5, 21, 6, 20]]"
12a_0431_135,"[[5, 21, 6, 20], [7, 13, 8, 12], [9, 5, 10, 4], [11, 1, 12, 24], [13, 17, 14, 16], [15, 23, 16, 22], [17, 7, 18, 6], [19, 3, 20, 2], [21, 15, 22, 14], [23, 9, 24, 8], [1, 19, 2, 18], [3, 11, 4, 10]]"
12a_0431_136,"[[3, 11, 4, 10], [5, 21, 6, 20], [7, 13, 8, 12], [9, 5, 10, 4], [11, 1, 12, 24], [13, 17, 14, 16], [15, 23, 16, 22], [17, 7, 18, 6], [19, 3, 20, 2], [21, 15, 22, 14], [23, 9, 24, 8], [1, 19, 2, 18]]"
12a_0431_137,"[[1, 19, 2, 18], [3, 11, 4, 10], [5, 21, 6, 20], [7, 13, 8, 12], [9, 5, 10, 4], [11, 1, 12, 24], [13, 17, 14, 16], [15, 23, 16, 22], [17, 7, 18, 6], [19, 3, 20, 2], [21, 15, 22, 14], [23, 9, 24, 8]]"
12a_0431_138,"[[23, 9, 24, 8], [1, 19, 2, 18], [3, 11, 4, 10], [5, 21, 6, 20], [7, 13, 8, 12], [9, 5, 10, 4], [11, 1, 12, 24], [13, 17, 14, 16], [15, 23, 16, 22], [17, 7, 18, 6], [19, 3, 20, 2], [21, 15, 22, 14]]"
12a_0431_139,"[[21, 15, 22, 14], [23, 9, 24, 8], [1, 19, 2, 18], [3, 11, 4, 10], [5, 21, 6, 20], [7, 13, 8, 12], [9, 5, 10, 4], [11, 1, 12, 24], [13, 17, 14, 16], [15, 23, 16, 22], [17, 7, 18, 6], [19, 3, 20, 2]]"
12a_0431_140,"[[19, 3, 20, 2], [21, 15, 22, 14], [23, 9, 24, 8], [1, 19, 2, 18], [3, 11, 4, 10], [5, 21, 6, 20], [7, 13, 8, 12], [9, 5, 10, 4], [11, 1, 12, 24], [13, 17, 14, 16], [15, 23, 16, 22], [17, 7, 18, 6]]"
12a_0431_141,"[[17, 7, 18, 6], [19, 3, 20, 2], [21, 15, 22, 14], [23, 9, 24, 8], [1, 19, 2, 18], [3, 11, 4, 10], [5, 21, 6, 20], [7, 13, 8, 12], [9, 5, 10, 4], [11, 1, 12, 24], [13, 17, 14, 16], [15, 23, 16, 22]]"
12a_0431_142,"[[15, 23, 16, 22], [17, 7, 18, 6], [19, 3, 20, 2], [21, 15, 22, 14], [23, 9, 24, 8], [1, 19, 2, 18], [3, 11, 4, 10], [5, 21, 6, 20], [7, 13, 8, 12], [9, 5, 10, 4], [11, 1, 12, 24], [13, 17, 14, 16]]"
12a_0431_143,"[[13, 17, 14, 16], [15, 23, 16, 22], [17, 7, 18, 6], [19, 3, 20, 2], [21, 15, 22, 14], [23, 9, 24, 8], [1, 19, 2, 18], [3, 11, 4, 10], [5, 21, 6, 20], [7, 13, 8, 12], [9, 5, 10, 4], [11, 1, 12, 24]]"
12a_0431_144,"[[12, 2, 13, 1], [14, 18, 15, 17], [16, 24, 17, 23], [18, 8, 19, 7], [20, 4, 21, 3], [22, 16, 23, 15], [24, 10, 1, 9], [2, 20, 3, 19], [4, 12, 5, 11], [6, 22, 7, 21], [8, 14, 9, 13], [10, 6, 11, 5]]"
12a_0431_145,"[[10, 6, 11, 5], [12, 2, 13, 1], [14, 18, 15, 17], [16, 24, 17, 23], [18, 8, 19, 7], [20, 4, 21, 3], [22, 16, 23, 15], [24, 10, 1, 9], [2, 20, 3, 19], [4, 12, 5, 11], [6, 22, 7, 21], [8, 14, 9, 13]]"
12a_0431_146,"[[8, 14, 9, 13], [10, 6, 11, 5], [12, 2, 13, 1], [14, 18, 15, 17], [16, 24, 17, 23], [18, 8, 19, 7], [20, 4, 21, 3], [22, 16, 23, 15], [24, 10, 1, 9], [2, 20, 3, 19], [4, 12, 5, 11], [6, 22, 7, 21]]"
12a_0431_147,"[[6, 22, 7, 21], [8, 14, 9, 13], [10, 6, 11, 5], [12, 2, 13, 1], [14, 18, 15, 17], [16, 24, 17, 23], [18, 8, 19, 7], [20, 4, 21, 3], [22, 16, 23, 15], [24, 10, 1, 9], [2, 20, 3, 19], [4, 12, 5, 11]]"
12a_0431_148,"[[4, 12, 5, 11], [6, 22, 7, 21], [8, 14, 9, 13], [10, 6, 11, 5], [12, 2, 13, 1], [14, 18, 15, 17], [16, 24, 17, 23], [18, 8, 19, 7], [20, 4, 21, 3], [22, 16, 23, 15], [24, 10, 1, 9], [2, 20, 3, 19]]"
12a_0431_149,"[[2, 20, 3, 19], [4, 12, 5, 11], [6, 22, 7, 21], [8, 14, 9, 13], [10, 6, 11, 5], [12, 2, 13, 1], [14, 18, 15, 17], [16, 24, 17, 23], [18, 8, 19, 7], [20, 4, 21, 3], [22, 16, 23, 15], [24, 10, 1, 9]]"
12a_0431_150,"[[24, 10, 1, 9], [2, 20, 3, 19], [4, 12, 5, 11], [6, 22, 7, 21], [8, 14, 9, 13], [10, 6, 11, 5], [12, 2, 13, 1], [14, 18, 15, 17], [16, 24, 17, 23], [18, 8, 19, 7], [20, 4, 21, 3], [22, 16, 23, 15]]"
12a_0431_151,"[[22, 16, 23, 15], [24, 10, 1, 9], [2, 20, 3, 19], [4, 12, 5, 11], [6, 22, 7, 21], [8, 14, 9, 13], [10, 6, 11, 5], [12, 2, 13, 1], [14, 18, 15, 17], [16, 24, 17, 23], [18, 8, 19, 7], [20, 4, 21, 3]]"
12a_0431_152,"[[20, 4, 21, 3], [22, 16, 23, 15], [24, 10, 1, 9], [2, 20, 3, 19], [4, 12, 5, 11], [6, 22, 7, 21], [8, 14, 9, 13], [10, 6, 11, 5], [12, 2, 13, 1], [14, 18, 15, 17], [16, 24, 17, 23], [18, 8, 19, 7]]"
12a_0431_153,"[[18, 8, 19, 7], [20, 4, 21, 3], [22, 16, 23, 15], [24, 10, 1, 9], [2, 20, 3, 19], [4, 12, 5, 11], [6, 22, 7, 21], [8, 14, 9, 13], [10, 6, 11, 5], [12, 2, 13, 1], [14, 18, 15, 17], [16, 24, 17, 23]]"
12a_0431_154,"[[16, 24, 17, 23], [18, 8, 19, 7], [20, 4, 21, 3], [22, 16, 23, 15], [24, 10, 1, 9], [2, 20, 3, 19], [4, 12, 5, 11], [6, 22, 7, 21], [8, 14, 9, 13], [10, 6, 11, 5], [12, 2, 13, 1], [14, 18, 15, 17]]"
12a_0431_155,"[[14, 18, 15, 17], [16, 24, 17, 23], [18, 8, 19, 7], [20, 4, 21, 3], [22, 16, 23, 15], [24, 10, 1, 9], [2, 20, 3, 19], [4, 12, 5, 11], [6, 22, 7, 21], [8, 14, 9, 13], [10, 6, 11, 5], [12, 2, 13, 1]]"
12a_0431_156,"[[13, 3, 14, 2], [15, 19, 16, 18], [17, 1, 18, 24], [19, 9, 20, 8], [21, 5, 22, 4], [23, 17, 24, 16], [1, 11, 2, 10], [3, 21, 4, 20], [5, 13, 6, 12], [7, 23, 8, 22], [9, 15, 10, 14], [11, 7, 12, 6]]"
12a_0431_157,"[[11, 7, 12, 6], [13, 3, 14, 2], [15, 19, 16, 18], [17, 1, 18, 24], [19, 9, 20, 8], [21, 5, 22, 4], [23, 17, 24, 16], [1, 11, 2, 10], [3, 21, 4, 20], [5, 13, 6, 12], [7, 23, 8, 22], [9, 15, 10, 14]]"
12a_0431_158,"[[9, 15, 10, 14], [11, 7, 12, 6], [13, 3, 14, 2], [15, 19, 16, 18], [17, 1, 18, 24], [19, 9, 20, 8], [21, 5, 22, 4], [23, 17, 24, 16], [1, 11, 2, 10], [3, 21, 4, 20], [5, 13, 6, 12], [7, 23, 8, 22]]"
12a_0431_159,"[[7, 23, 8, 22], [9, 15, 10, 14], [11, 7, 12, 6], [13, 3, 14, 2], [15, 19, 16, 18], [17, 1, 18, 24], [19, 9, 20, 8], [21, 5, 22, 4], [23, 17, 24, 16], [1, 11, 2, 10], [3, 21, 4, 20], [5, 13, 6, 12]]"
12a_0431_160,"[[5, 13, 6, 12], [7, 23, 8, 22], [9, 15, 10, 14], [11, 7, 12, 6], [13, 3, 14, 2], [15, 19, 16, 18], [17, 1, 18, 24], [19, 9, 20, 8], [21, 5, 22, 4], [23, 17, 24, 16], [1, 11, 2, 10], [3, 21, 4, 20]]"
12a_0431_161,"[[3, 21, 4, 20], [5, 13, 6, 12], [7, 23, 8, 22], [9, 15, 10, 14], [11, 7, 12, 6], [13, 3, 14, 2], [15, 19, 16, 18], [17, 1, 18, 24], [19, 9, 20, 8], [21, 5, 22, 4], [23, 17, 24, 16], [1, 11, 2, 10]]"
12a_0431_162,"[[1, 11, 2, 10], [3, 21, 4, 20], [5, 13, 6, 12], [7, 23, 8, 22], [9, 15, 10, 14], [11, 7, 12, 6], [13, 3, 14, 2], [15, 19, 16, 18], [17, 1, 18, 24], [19, 9, 20, 8], [21, 5, 22, 4], [23, 17, 24, 16]]"
12a_0431_163,"[[23, 17, 24, 16], [1, 11, 2, 10], [3, 21, 4, 20], [5, 13, 6, 12], [7, 23, 8, 22], [9, 15, 10, 14], [11, 7, 12, 6], [13, 3, 14, 2], [15, 19, 16, 18], [17, 1, 18, 24], [19, 9, 20, 8], [21, 5, 22, 4]]"
12a_0431_164,"[[21, 5, 22, 4], [23, 17, 24, 16], [1, 11, 2, 10], [3, 21, 4, 20], [5, 13, 6, 12], [7, 23, 8, 22], [9, 15, 10, 14], [11, 7, 12, 6], [13, 3, 14, 2], [15, 19, 16, 18], [17, 1, 18, 24], [19, 9, 20, 8]]"
12a_0431_165,"[[19, 9, 20, 8], [21, 5, 22, 4], [23, 17, 24, 16], [1, 11, 2, 10], [3, 21, 4, 20], [5, 13, 6, 12], [7, 23, 8, 22], [9, 15, 10, 14], [11, 7, 12, 6], [13, 3, 14, 2], [15, 19, 16, 18], [17, 1, 18, 24]]"
12a_0431_166,"[[17, 1, 18, 24], [19, 9, 20, 8], [21, 5, 22, 4], [23, 17, 24, 16], [1, 11, 2, 10], [3, 21, 4, 20], [5, 13, 6, 12], [7, 23, 8, 22], [9, 15, 10, 14], [11, 7, 12, 6], [13, 3, 14, 2], [15, 19, 16, 18]]"
12a_0431_167,"[[15, 19, 16, 18], [17, 1, 18, 24], [19, 9, 20, 8], [21, 5, 22, 4], [23, 17, 24, 16], [1, 11, 2, 10], [3, 21, 4, 20], [5, 13, 6, 12], [7, 23, 8, 22], [9, 15, 10, 14], [11, 7, 12, 6], [13, 3, 14, 2]]"
12a_0431_168,"[[14, 4, 15, 3], [16, 20, 17, 19], [18, 2, 19, 1], [20, 10, 21, 9], [22, 6, 23, 5], [24, 18, 1, 17], [2, 12, 3, 11], [4, 22, 5, 21], [6, 14, 7, 13], [8, 24, 9, 23], [10, 16, 11, 15], [12, 8, 13, 7]]"
12a_0431_169,"[[12, 8, 13, 7], [14, 4, 15, 3], [16, 20, 17, 19], [18, 2, 19, 1], [20, 10, 21, 9], [22, 6, 23, 5], [24, 18, 1, 17], [2, 12, 3, 11], [4, 22, 5, 21], [6, 14, 7, 13], [8, 24, 9, 23], [10, 16, 11, 15]]"
12a_0431_170,"[[10, 16, 11, 15], [12, 8, 13, 7], [14, 4, 15, 3], [16, 20, 17, 19], [18, 2, 19, 1], [20, 10, 21, 9], [22, 6, 23, 5], [24, 18, 1, 17], [2, 12, 3, 11], [4, 22, 5, 21], [6, 14, 7, 13], [8, 24, 9, 23]]"
12a_0431_171,"[[8, 24, 9, 23], [10, 16, 11, 15], [12, 8, 13, 7], [14, 4, 15, 3], [16, 20, 17, 19], [18, 2, 19, 1], [20, 10, 21, 9], [22, 6, 23, 5], [24, 18, 1, 17], [2, 12, 3, 11], [4, 22, 5, 21], [6, 14, 7, 13]]"
12a_0431_172,"[[6, 14, 7, 13], [8, 24, 9, 23], [10, 16, 11, 15], [12, 8, 13, 7], [14, 4, 15, 3], [16, 20, 17, 19], [18, 2, 19, 1], [20, 10, 21, 9], [22, 6, 23, 5], [24, 18, 1, 17], [2, 12, 3, 11], [4, 22, 5, 21]]"
12a_0431_173,"[[4, 22, 5, 21], [6, 14, 7, 13], [8, 24, 9, 23], [10, 16, 11, 15], [12, 8, 13, 7], [14, 4, 15, 3], [16, 20, 17, 19], [18, 2, 19, 1], [20, 10, 21, 9], [22, 6, 23, 5], [24, 18, 1, 17], [2, 12, 3, 11]]"
12a_0431_174,"[[2, 12, 3, 11], [4, 22, 5, 21], [6, 14, 7, 13], [8, 24, 9, 23], [10, 16, 11, 15], [12, 8, 13, 7], [14, 4, 15, 3], [16, 20, 17, 19], [18, 2, 19, 1], [20, 10, 21, 9], [22, 6, 23, 5], [24, 18, 1, 17]]"
12a_0431_175,"[[24, 18, 1, 17], [2, 12, 3, 11], [4, 22, 5, 21], [6, 14, 7, 13], [8, 24, 9, 23], [10, 16, 11, 15], [12, 8, 13, 7], [14, 4, 15, 3], [16, 20, 17, 19], [18, 2, 19, 1], [20, 10, 21, 9], [22, 6, 23, 5]]"
12a_0431_176,"[[22, 6, 23, 5], [24, 18, 1, 17], [2, 12, 3, 11], [4, 22, 5, 21], [6, 14, 7, 13], [8, 24, 9, 23], [10, 16, 11, 15], [12, 8, 13, 7], [14, 4, 15, 3], [16, 20, 17, 19], [18, 2, 19, 1], [20, 10, 21, 9]]"
12a_0431_177,"[[20, 10, 21, 9], [22, 6, 23, 5], [24, 18, 1, 17], [2, 12, 3, 11], [4, 22, 5, 21], [6, 14, 7, 13], [8, 24, 9, 23], [10, 16, 11, 15], [12, 8, 13, 7], [14, 4, 15, 3], [16, 20, 17, 19], [18, 2, 19, 1]]"
12a_0431_178,"[[18, 2, 19, 1], [20, 10, 21, 9], [22, 6, 23, 5], [24, 18, 1, 17], [2, 12, 3, 11], [4, 22, 5, 21], [6, 14, 7, 13], [8, 24, 9, 23], [10, 16, 11, 15], [12, 8, 13, 7], [14, 4, 15, 3], [16, 20, 17, 19]]"
12a_0431_179,"[[16, 20, 17, 19], [18, 2, 19, 1], [20, 10, 21, 9], [22, 6, 23, 5], [24, 18, 1, 17], [2, 12, 3, 11], [4, 22, 5, 21], [6, 14, 7, 13], [8, 24, 9, 23], [10, 16, 11, 15], [12, 8, 13, 7], [14, 4, 15, 3]]"
12a_0431_180,"[[15, 5, 16, 4], [17, 21, 18, 20], [19, 3, 20, 2], [21, 11, 22, 10], [23, 7, 24, 6], [1, 19, 2, 18], [3, 13, 4, 12], [5, 23, 6, 22], [7, 15, 8, 14], [9, 1, 10, 24], [11, 17, 12, 16], [13, 9, 14, 8]]"
12a_0431_181,"[[13, 9, 14, 8], [15, 5, 16, 4], [17, 21, 18, 20], [19, 3, 20, 2], [21, 11, 22, 10], [23, 7, 24, 6], [1, 19, 2, 18], [3, 13, 4, 12], [5, 23, 6, 22], [7, 15, 8, 14], [9, 1, 10, 24], [11, 17, 12, 16]]"
12a_0431_182,"[[11, 17, 12, 16], [13, 9, 14, 8], [15, 5, 16, 4], [17, 21, 18, 20], [19, 3, 20, 2], [21, 11, 22, 10], [23, 7, 24, 6], [1, 19, 2, 18], [3, 13, 4, 12], [5, 23, 6, 22], [7, 15, 8, 14], [9, 1, 10, 24]]"
12a_0431_183,"[[9, 1, 10, 24], [11, 17, 12, 16], [13, 9, 14, 8], [15, 5, 16, 4], [17, 21, 18, 20], [19, 3, 20, 2], [21, 11, 22, 10], [23, 7, 24, 6], [1, 19, 2, 18], [3, 13, 4, 12], [5, 23, 6, 22], [7, 15, 8, 14]]"
12a_0431_184,"[[7, 15, 8, 14], [9, 1, 10, 24], [11, 17, 12, 16], [13, 9, 14, 8], [15, 5, 16, 4], [17, 21, 18, 20], [19, 3, 20, 2], [21, 11, 22, 10], [23, 7, 24, 6], [1, 19, 2, 18], [3, 13, 4, 12], [5, 23, 6, 22]]"
12a_0431_185,"[[5, 23, 6, 22], [7, 15, 8, 14], [9, 1, 10, 24], [11, 17, 12, 16], [13, 9, 14, 8], [15, 5, 16, 4], [17, 21, 18, 20], [19, 3, 20, 2], [21, 11, 22, 10], [23, 7, 24, 6], [1, 19, 2, 18], [3, 13, 4, 12]]"
