name,pd_notation
12a_1003_0,"[[24, 15, 1, 16], [2, 8, 3, 7], [4, 11, 5, 12], [6, 24, 7, 23], [8, 17, 9, 18], [10, 21, 11, 22], [12, 5, 13, 6], [14, 19, 15, 20], [16, 1, 17, 2], [18, 9, 19, 10], [20, 13, 21, 14], [22, 4, 23, 3]]"
12a_1003_1,"[[22, 4, 23, 3], [24, 15, 1, 16], [2, 8, 3, 7], [4, 11, 5, 12], [6, 24, 7, 23], [8, 17, 9, 18], [10, 21, 11, 22], [12, 5, 13, 6], [14, 19, 15, 20], [16, 1, 17, 2], [18, 9, 19, 10], [20, 13, 21, 14]]"
12a_1003_2,"[[20, 13, 21, 14], [22, 4, 23, 3], [24, 15, 1, 16], [2, 8, 3, 7], [4, 11, 5, 12], [6, 24, 7, 23], [8, 17, 9, 18], [10, 21, 11, 22], [12, 5, 13, 6], [14, 19, 15, 20], [16, 1, 17, 2], [18, 9, 19, 10]]"
12a_1003_3,"[[18, 9, 19, 10], [20, 13, 21, 14], [22, 4, 23, 3], [24, 15, 1, 16], [2, 8, 3, 7], [4, 11, 5, 12], [6, 24, 7, 23], [8, 17, 9, 18], [10, 21, 11, 22], [12, 5, 13, 6], [14, 19, 15, 20], [16, 1, 17, 2]]"
12a_1003_4,"[[16, 1, 17, 2], [18, 9, 19, 10], [20, 13, 21, 14], [22, 4, 23, 3], [24, 15, 1, 16], [2, 8, 3, 7], [4, 11, 5, 12], [6, 24, 7, 23], [8, 17, 9, 18], [10, 21, 11, 22], [12, 5, 13, 6], [14, 19, 15, 20]]"
12a_1003_5,"[[14, 19, 15, 20], [16, 1, 17, 2], [18, 9, 19, 10], [20, 13, 21, 14], [22, 4, 23, 3], [24, 15, 1, 16], [2, 8, 3, 7], [4, 11, 5, 12], [6, 24, 7, 23], [8, 17, 9, 18], [10, 21, 11, 22], [12, 5, 13, 6]]"
12a_1003_6,"[[12, 5, 13, 6], [14, 19, 15, 20], [16, 1, 17, 2], [18, 9, 19, 10], [20, 13, 21, 14], [22, 4, 23, 3], [24, 15, 1, 16], [2, 8, 3, 7], [4, 11, 5, 12], [6, 24, 7, 23], [8, 17, 9, 18], [10, 21, 11, 22]]"
12a_1003_7,"[[10, 21, 11, 22], [12, 5, 13, 6], [14, 19, 15, 20], [16, 1, 17, 2], [18, 9, 19, 10], [20, 13, 21, 14], [22, 4, 23, 3], [24, 15, 1, 16], [2, 8, 3, 7], [4, 11, 5, 12], [6, 24, 7, 23], [8, 17, 9, 18]]"
12a_1003_8,"[[8, 17, 9, 18], [10, 21, 11, 22], [12, 5, 13, 6], [14, 19, 15, 20], [16, 1, 17, 2], [18, 9, 19, 10], [20, 13, 21, 14], [22, 4, 23, 3], [24, 15, 1, 16], [2, 8, 3, 7], [4, 11, 5, 12], [6, 24, 7, 23]]"
12a_1003_9,"[[6, 24, 7, 23], [8, 17, 9, 18], [10, 21, 11, 22], [12, 5, 13, 6], [14, 19, 15, 20], [16, 1, 17, 2], [18, 9, 19, 10], [20, 13, 21, 14], [22, 4, 23, 3], [24, 15, 1, 16], [2, 8, 3, 7], [4, 11, 5, 12]]"
12a_1003_10,"[[4, 11, 5, 12], [6, 24, 7, 23], [8, 17, 9, 18], [10, 21, 11, 22], [12, 5, 13, 6], [14, 19, 15, 20], [16, 1, 17, 2], [18, 9, 19, 10], [20, 13, 21, 14], [22, 4, 23, 3], [24, 15, 1, 16], [2, 8, 3, 7]]"
12a_1003_11,"[[2, 8, 3, 7], [4, 11, 5, 12], [6, 24, 7, 23], [8, 17, 9, 18], [10, 21, 11, 22], [12, 5, 13, 6], [14, 19, 15, 20], [16, 1, 17, 2], [18, 9, 19, 10], [20, 13, 21, 14], [22, 4, 23, 3], [24, 15, 1, 16]]"
12a_1003_12,"[[1, 16, 2, 17], [3, 9, 4, 8], [5, 12, 6, 13], [7, 1, 8, 24], [9, 18, 10, 19], [11, 22, 12, 23], [13, 6, 14, 7], [15, 20, 16, 21], [17, 2, 18, 3], [19, 10, 20, 11], [21, 14, 22, 15], [23, 5, 24, 4]]"
12a_1003_13,"[[23, 5, 24, 4], [1, 16, 2, 17], [3, 9, 4, 8], [5, 12, 6, 13], [7, 1, 8, 24], [9, 18, 10, 19], [11, 22, 12, 23], [13, 6, 14, 7], [15, 20, 16, 21], [17, 2, 18, 3], [19, 10, 20, 11], [21, 14, 22, 15]]"
12a_1003_14,"[[21, 14, 22, 15], [23, 5, 24, 4], [1, 16, 2, 17], [3, 9, 4, 8], [5, 12, 6, 13], [7, 1, 8, 24], [9, 18, 10, 19], [11, 22, 12, 23], [13, 6, 14, 7], [15, 20, 16, 21], [17, 2, 18, 3], [19, 10, 20, 11]]"
12a_1003_15,"[[19, 10, 20, 11], [21, 14, 22, 15], [23, 5, 24, 4], [1, 16, 2, 17], [3, 9, 4, 8], [5, 12, 6, 13], [7, 1, 8, 24], [9, 18, 10, 19], [11, 22, 12, 23], [13, 6, 14, 7], [15, 20, 16, 21], [17, 2, 18, 3]]"
12a_1003_16,"[[17, 2, 18, 3], [19, 10, 20, 11], [21, 14, 22, 15], [23, 5, 24, 4], [1, 16, 2, 17], [3, 9, 4, 8], [5, 12, 6, 13], [7, 1, 8, 24], [9, 18, 10, 19], [11, 22, 12, 23], [13, 6, 14, 7], [15, 20, 16, 21]]"
12a_1003_17,"[[15, 20, 16, 21], [17, 2, 18, 3], [19, 10, 20, 11], [21, 14, 22, 15], [23, 5, 24, 4], [1, 16, 2, 17], [3, 9, 4, 8], [5, 12, 6, 13], [7, 1, 8, 24], [9, 18, 10, 19], [11, 22, 12, 23], [13, 6, 14, 7]]"
12a_1003_18,"[[13, 6, 14, 7], [15, 20, 16, 21], [17, 2, 18, 3], [19, 10, 20, 11], [21, 14, 22, 15], [23, 5, 24, 4], [1, 16, 2, 17], [3, 9, 4, 8], [5, 12, 6, 13], [7, 1, 8, 24], [9, 18, 10, 19], [11, 22, 12, 23]]"
12a_1003_19,"[[11, 22, 12, 23], [13, 6, 14, 7], [15, 20, 16, 21], [17, 2, 18, 3], [19, 10, 20, 11], [21, 14, 22, 15], [23, 5, 24, 4], [1, 16, 2, 17], [3, 9, 4, 8], [5, 12, 6, 13], [7, 1, 8, 24], [9, 18, 10, 19]]"
12a_1003_20,"[[9, 18, 10, 19], [11, 22, 12, 23], [13, 6, 14, 7], [15, 20, 16, 21], [17, 2, 18, 3], [19, 10, 20, 11], [21, 14, 22, 15], [23, 5, 24, 4], [1, 16, 2, 17], [3, 9, 4, 8], [5, 12, 6, 13], [7, 1, 8, 24]]"
12a_1003_21,"[[7, 1, 8, 24], [9, 18, 10, 19], [11, 22, 12, 23], [13, 6, 14, 7], [15, 20, 16, 21], [17, 2, 18, 3], [19, 10, 20, 11], [21, 14, 22, 15], [23, 5, 24, 4], [1, 16, 2, 17], [3, 9, 4, 8], [5, 12, 6, 13]]"
12a_1003_22,"[[5, 12, 6, 13], [7, 1, 8, 24], [9, 18, 10, 19], [11, 22, 12, 23], [13, 6, 14, 7], [15, 20, 16, 21], [17, 2, 18, 3], [19, 10, 20, 11], [21, 14, 22, 15], [23, 5, 24, 4], [1, 16, 2, 17], [3, 9, 4, 8]]"
12a_1003_23,"[[3, 9, 4, 8], [5, 12, 6, 13], [7, 1, 8, 24], [9, 18, 10, 19], [11, 22, 12, 23], [13, 6, 14, 7], [15, 20, 16, 21], [17, 2, 18, 3], [19, 10, 20, 11], [21, 14, 22, 15], [23, 5, 24, 4], [1, 16, 2, 17]]"
12a_1003_24,"[[2, 17, 3, 18], [4, 10, 5, 9], [6, 13, 7, 14], [8, 2, 9, 1], [10, 19, 11, 20], [12, 23, 13, 24], [14, 7, 15, 8], [16, 21, 17, 22], [18, 3, 19, 4], [20, 11, 21, 12], [22, 15, 23, 16], [24, 6, 1, 5]]"
12a_1003_25,"[[24, 6, 1, 5], [2, 17, 3, 18], [4, 10, 5, 9], [6, 13, 7, 14], [8, 2, 9, 1], [10, 19, 11, 20], [12, 23, 13, 24], [14, 7, 15, 8], [16, 21, 17, 22], [18, 3, 19, 4], [20, 11, 21, 12], [22, 15, 23, 16]]"
12a_1003_26,"[[22, 15, 23, 16], [24, 6, 1, 5], [2, 17, 3, 18], [4, 10, 5, 9], [6, 13, 7, 14], [8, 2, 9, 1], [10, 19, 11, 20], [12, 23, 13, 24], [14, 7, 15, 8], [16, 21, 17, 22], [18, 3, 19, 4], [20, 11, 21, 12]]"
12a_1003_27,"[[20, 11, 21, 12], [22, 15, 23, 16], [24, 6, 1, 5], [2, 17, 3, 18], [4, 10, 5, 9], [6, 13, 7, 14], [8, 2, 9, 1], [10, 19, 11, 20], [12, 23, 13, 24], [14, 7, 15, 8], [16, 21, 17, 22], [18, 3, 19, 4]]"
12a_1003_28,"[[18, 3, 19, 4], [20, 11, 21, 12], [22, 15, 23, 16], [24, 6, 1, 5], [2, 17, 3, 18], [4, 10, 5, 9], [6, 13, 7, 14], [8, 2, 9, 1], [10, 19, 11, 20], [12, 23, 13, 24], [14, 7, 15, 8], [16, 21, 17, 22]]"
12a_1003_29,"[[16, 21, 17, 22], [18, 3, 19, 4], [20, 11, 21, 12], [22, 15, 23, 16], [24, 6, 1, 5], [2, 17, 3, 18], [4, 10, 5, 9], [6, 13, 7, 14], [8, 2, 9, 1], [10, 19, 11, 20], [12, 23, 13, 24], [14, 7, 15, 8]]"
12a_1003_30,"[[14, 7, 15, 8], [16, 21, 17, 22], [18, 3, 19, 4], [20, 11, 21, 12], [22, 15, 23, 16], [24, 6, 1, 5], [2, 17, 3, 18], [4, 10, 5, 9], [6, 13, 7, 14], [8, 2, 9, 1], [10, 19, 11, 20], [12, 23, 13, 24]]"
12a_1003_31,"[[12, 23, 13, 24], [14, 7, 15, 8], [16, 21, 17, 22], [18, 3, 19, 4], [20, 11, 21, 12], [22, 15, 23, 16], [24, 6, 1, 5], [2, 17, 3, 18], [4, 10, 5, 9], [6, 13, 7, 14], [8, 2, 9, 1], [10, 19, 11, 20]]"
12a_1003_32,"[[10, 19, 11, 20], [12, 23, 13, 24], [14, 7, 15, 8], [16, 21, 17, 22], [18, 3, 19, 4], [20, 11, 21, 12], [22, 15, 23, 16], [24, 6, 1, 5], [2, 17, 3, 18], [4, 10, 5, 9], [6, 13, 7, 14], [8, 2, 9, 1]]"
12a_1003_33,"[[8, 2, 9, 1], [10, 19, 11, 20], [12, 23, 13, 24], [14, 7, 15, 8], [16, 21, 17, 22], [18, 3, 19, 4], [20, 11, 21, 12], [22, 15, 23, 16], [24, 6, 1, 5], [2, 17, 3, 18], [4, 10, 5, 9], [6, 13, 7, 14]]"
12a_1003_34,"[[6, 13, 7, 14], [8, 2, 9, 1], [10, 19, 11, 20], [12, 23, 13, 24], [14, 7, 15, 8], [16, 21, 17, 22], [18, 3, 19, 4], [20, 11, 21, 12], [22, 15, 23, 16], [24, 6, 1, 5], [2, 17, 3, 18], [4, 10, 5, 9]]"
12a_1003_35,"[[4, 10, 5, 9], [6, 13, 7, 14], [8, 2, 9, 1], [10, 19, 11, 20], [12, 23, 13, 24], [14, 7, 15, 8], [16, 21, 17, 22], [18, 3, 19, 4], [20, 11, 21, 12], [22, 15, 23, 16], [24, 6, 1, 5], [2, 17, 3, 18]]"
12a_1003_36,"[[3, 18, 4, 19], [5, 11, 6, 10], [7, 14, 8, 15], [9, 3, 10, 2], [11, 20, 12, 21], [13, 24, 14, 1], [15, 8, 16, 9], [17, 22, 18, 23], [19, 4, 20, 5], [21, 12, 22, 13], [23, 16, 24, 17], [1, 7, 2, 6]]"
12a_1003_37,"[[1, 7, 2, 6], [3, 18, 4, 19], [5, 11, 6, 10], [7, 14, 8, 15], [9, 3, 10, 2], [11, 20, 12, 21], [13, 24, 14, 1], [15, 8, 16, 9], [17, 22, 18, 23], [19, 4, 20, 5], [21, 12, 22, 13], [23, 16, 24, 17]]"
12a_1003_38,"[[23, 16, 24, 17], [1, 7, 2, 6], [3, 18, 4, 19], [5, 11, 6, 10], [7, 14, 8, 15], [9, 3, 10, 2], [11, 20, 12, 21], [13, 24, 14, 1], [15, 8, 16, 9], [17, 22, 18, 23], [19, 4, 20, 5], [21, 12, 22, 13]]"
12a_1003_39,"[[21, 12, 22, 13], [23, 16, 24, 17], [1, 7, 2, 6], [3, 18, 4, 19], [5, 11, 6, 10], [7, 14, 8, 15], [9, 3, 10, 2], [11, 20, 12, 21], [13, 24, 14, 1], [15, 8, 16, 9], [17, 22, 18, 23], [19, 4, 20, 5]]"
12a_1003_40,"[[19, 4, 20, 5], [21, 12, 22, 13], [23, 16, 24, 17], [1, 7, 2, 6], [3, 18, 4, 19], [5, 11, 6, 10], [7, 14, 8, 15], [9, 3, 10, 2], [11, 20, 12, 21], [13, 24, 14, 1], [15, 8, 16, 9], [17, 22, 18, 23]]"
12a_1003_41,"[[17, 22, 18, 23], [19, 4, 20, 5], [21, 12, 22, 13], [23, 16, 24, 17], [1, 7, 2, 6], [3, 18, 4, 19], [5, 11, 6, 10], [7, 14, 8, 15], [9, 3, 10, 2], [11, 20, 12, 21], [13, 24, 14, 1], [15, 8, 16, 9]]"
12a_1003_42,"[[15, 8, 16, 9], [17, 22, 18, 23], [19, 4, 20, 5], [21, 12, 22, 13], [23, 16, 24, 17], [1, 7, 2, 6], [3, 18, 4, 19], [5, 11, 6, 10], [7, 14, 8, 15], [9, 3, 10, 2], [11, 20, 12, 21], [13, 24, 14, 1]]"
12a_1003_43,"[[13, 24, 14, 1], [15, 8, 16, 9], [17, 22, 18, 23], [19, 4, 20, 5], [21, 12, 22, 13], [23, 16, 24, 17], [1, 7, 2, 6], [3, 18, 4, 19], [5, 11, 6, 10], [7, 14, 8, 15], [9, 3, 10, 2], [11, 20, 12, 21]]"
12a_1003_44,"[[11, 20, 12, 21], [13, 24, 14, 1], [15, 8, 16, 9], [17, 22, 18, 23], [19, 4, 20, 5], [21, 12, 22, 13], [23, 16, 24, 17], [1, 7, 2, 6], [3, 18, 4, 19], [5, 11, 6, 10], [7, 14, 8, 15], [9, 3, 10, 2]]"
12a_1003_45,"[[9, 3, 10, 2], [11, 20, 12, 21], [13, 24, 14, 1], [15, 8, 16, 9], [17, 22, 18, 23], [19, 4, 20, 5], [21, 12, 22, 13], [23, 16, 24, 17], [1, 7, 2, 6], [3, 18, 4, 19], [5, 11, 6, 10], [7, 14, 8, 15]]"
12a_1003_46,"[[7, 14, 8, 15], [9, 3, 10, 2], [11, 20, 12, 21], [13, 24, 14, 1], [15, 8, 16, 9], [17, 22, 18, 23], [19, 4, 20, 5], [21, 12, 22, 13], [23, 16, 24, 17], [1, 7, 2, 6], [3, 18, 4, 19], [5, 11, 6, 10]]"
12a_1003_47,"[[5, 11, 6, 10], [7, 14, 8, 15], [9, 3, 10, 2], [11, 20, 12, 21], [13, 24, 14, 1], [15, 8, 16, 9], [17, 22, 18, 23], [19, 4, 20, 5], [21, 12, 22, 13], [23, 16, 24, 17], [1, 7, 2, 6], [3, 18, 4, 19]]"
12a_1003_48,"[[4, 19, 5, 20], [6, 12, 7, 11], [8, 15, 9, 16], [10, 4, 11, 3], [12, 21, 13, 22], [14, 1, 15, 2], [16, 9, 17, 10], [18, 23, 19, 24], [20, 5, 21, 6], [22, 13, 23, 14], [24, 17, 1, 18], [2, 8, 3, 7]]"
12a_1003_49,"[[2, 8, 3, 7], [4, 19, 5, 20], [6, 12, 7, 11], [8, 15, 9, 16], [10, 4, 11, 3], [12, 21, 13, 22], [14, 1, 15, 2], [16, 9, 17, 10], [18, 23, 19, 24], [20, 5, 21, 6], [22, 13, 23, 14], [24, 17, 1, 18]]"
12a_1003_50,"[[24, 17, 1, 18], [2, 8, 3, 7], [4, 19, 5, 20], [6, 12, 7, 11], [8, 15, 9, 16], [10, 4, 11, 3], [12, 21, 13, 22], [14, 1, 15, 2], [16, 9, 17, 10], [18, 23, 19, 24], [20, 5, 21, 6], [22, 13, 23, 14]]"
12a_1003_51,"[[22, 13, 23, 14], [24, 17, 1, 18], [2, 8, 3, 7], [4, 19, 5, 20], [6, 12, 7, 11], [8, 15, 9, 16], [10, 4, 11, 3], [12, 21, 13, 22], [14, 1, 15, 2], [16, 9, 17, 10], [18, 23, 19, 24], [20, 5, 21, 6]]"
12a_1003_52,"[[20, 5, 21, 6], [22, 13, 23, 14], [24, 17, 1, 18], [2, 8, 3, 7], [4, 19, 5, 20], [6, 12, 7, 11], [8, 15, 9, 16], [10, 4, 11, 3], [12, 21, 13, 22], [14, 1, 15, 2], [16, 9, 17, 10], [18, 23, 19, 24]]"
12a_1003_53,"[[18, 23, 19, 24], [20, 5, 21, 6], [22, 13, 23, 14], [24, 17, 1, 18], [2, 8, 3, 7], [4, 19, 5, 20], [6, 12, 7, 11], [8, 15, 9, 16], [10, 4, 11, 3], [12, 21, 13, 22], [14, 1, 15, 2], [16, 9, 17, 10]]"
12a_1003_54,"[[16, 9, 17, 10], [18, 23, 19, 24], [20, 5, 21, 6], [22, 13, 23, 14], [24, 17, 1, 18], [2, 8, 3, 7], [4, 19, 5, 20], [6, 12, 7, 11], [8, 15, 9, 16], [10, 4, 11, 3], [12, 21, 13, 22], [14, 1, 15, 2]]"
12a_1003_55,"[[14, 1, 15, 2], [16, 9, 17, 10], [18, 23, 19, 24], [20, 5, 21, 6], [22, 13, 23, 14], [24, 17, 1, 18], [2, 8, 3, 7], [4, 19, 5, 20], [6, 12, 7, 11], [8, 15, 9, 16], [10, 4, 11, 3], [12, 21, 13, 22]]"
12a_1003_56,"[[12, 21, 13, 22], [14, 1, 15, 2], [16, 9, 17, 10], [18, 23, 19, 24], [20, 5, 21, 6], [22, 13, 23, 14], [24, 17, 1, 18], [2, 8, 3, 7], [4, 19, 5, 20], [6, 12, 7, 11], [8, 15, 9, 16], [10, 4, 11, 3]]"
12a_1003_57,"[[10, 4, 11, 3], [12, 21, 13, 22], [14, 1, 15, 2], [16, 9, 17, 10], [18, 23, 19, 24], [20, 5, 21, 6], [22, 13, 23, 14], [24, 17, 1, 18], [2, 8, 3, 7], [4, 19, 5, 20], [6, 12, 7, 11], [8, 15, 9, 16]]"
12a_1003_58,"[[8, 15, 9, 16], [10, 4, 11, 3], [12, 21, 13, 22], [14, 1, 15, 2], [16, 9, 17, 10], [18, 23, 19, 24], [20, 5, 21, 6], [22, 13, 23, 14], [24, 17, 1, 18], [2, 8, 3, 7], [4, 19, 5, 20], [6, 12, 7, 11]]"
12a_1003_59,"[[6, 12, 7, 11], [8, 15, 9, 16], [10, 4, 11, 3], [12, 21, 13, 22], [14, 1, 15, 2], [16, 9, 17, 10], [18, 23, 19, 24], [20, 5, 21, 6], [22, 13, 23, 14], [24, 17, 1, 18], [2, 8, 3, 7], [4, 19, 5, 20]]"
12a_1003_60,"[[5, 20, 6, 21], [7, 13, 8, 12], [9, 16, 10, 17], [11, 5, 12, 4], [13, 22, 14, 23], [15, 2, 16, 3], [17, 10, 18, 11], [19, 24, 20, 1], [21, 6, 22, 7], [23, 14, 24, 15], [1, 18, 2, 19], [3, 9, 4, 8]]"
12a_1003_61,"[[3, 9, 4, 8], [5, 20, 6, 21], [7, 13, 8, 12], [9, 16, 10, 17], [11, 5, 12, 4], [13, 22, 14, 23], [15, 2, 16, 3], [17, 10, 18, 11], [19, 24, 20, 1], [21, 6, 22, 7], [23, 14, 24, 15], [1, 18, 2, 19]]"
12a_1003_62,"[[1, 18, 2, 19], [3, 9, 4, 8], [5, 20, 6, 21], [7, 13, 8, 12], [9, 16, 10, 17], [11, 5, 12, 4], [13, 22, 14, 23], [15, 2, 16, 3], [17, 10, 18, 11], [19, 24, 20, 1], [21, 6, 22, 7], [23, 14, 24, 15]]"
12a_1003_63,"[[23, 14, 24, 15], [1, 18, 2, 19], [3, 9, 4, 8], [5, 20, 6, 21], [7, 13, 8, 12], [9, 16, 10, 17], [11, 5, 12, 4], [13, 22, 14, 23], [15, 2, 16, 3], [17, 10, 18, 11], [19, 24, 20, 1], [21, 6, 22, 7]]"
12a_1003_64,"[[21, 6, 22, 7], [23, 14, 24, 15], [1, 18, 2, 19], [3, 9, 4, 8], [5, 20, 6, 21], [7, 13, 8, 12], [9, 16, 10, 17], [11, 5, 12, 4], [13, 22, 14, 23], [15, 2, 16, 3], [17, 10, 18, 11], [19, 24, 20, 1]]"
12a_1003_65,"[[19, 24, 20, 1], [21, 6, 22, 7], [23, 14, 24, 15], [1, 18, 2, 19], [3, 9, 4, 8], [5, 20, 6, 21], [7, 13, 8, 12], [9, 16, 10, 17], [11, 5, 12, 4], [13, 22, 14, 23], [15, 2, 16, 3], [17, 10, 18, 11]]"
12a_1003_66,"[[17, 10, 18, 11], [19, 24, 20, 1], [21, 6, 22, 7], [23, 14, 24, 15], [1, 18, 2, 19], [3, 9, 4, 8], [5, 20, 6, 21], [7, 13, 8, 12], [9, 16, 10, 17], [11, 5, 12, 4], [13, 22, 14, 23], [15, 2, 16, 3]]"
12a_1003_67,"[[15, 2, 16, 3], [17, 10, 18, 11], [19, 24, 20, 1], [21, 6, 22, 7], [23, 14, 24, 15], [1, 18, 2, 19], [3, 9, 4, 8], [5, 20, 6, 21], [7, 13, 8, 12], [9, 16, 10, 17], [11, 5, 12, 4], [13, 22, 14, 23]]"
12a_1003_68,"[[13, 22, 14, 23], [15, 2, 16, 3], [17, 10, 18, 11], [19, 24, 20, 1], [21, 6, 22, 7], [23, 14, 24, 15], [1, 18, 2, 19], [3, 9, 4, 8], [5, 20, 6, 21], [7, 13, 8, 12], [9, 16, 10, 17], [11, 5, 12, 4]]"
12a_1003_69,"[[11, 5, 12, 4], [13, 22, 14, 23], [15, 2, 16, 3], [17, 10, 18, 11], [19, 24, 20, 1], [21, 6, 22, 7], [23, 14, 24, 15], [1, 18, 2, 19], [3, 9, 4, 8], [5, 20, 6, 21], [7, 13, 8, 12], [9, 16, 10, 17]]"
12a_1003_70,"[[9, 16, 10, 17], [11, 5, 12, 4], [13, 22, 14, 23], [15, 2, 16, 3], [17, 10, 18, 11], [19, 24, 20, 1], [21, 6, 22, 7], [23, 14, 24, 15], [1, 18, 2, 19], [3, 9, 4, 8], [5, 20, 6, 21], [7, 13, 8, 12]]"
12a_1003_71,"[[7, 13, 8, 12], [9, 16, 10, 17], [11, 5, 12, 4], [13, 22, 14, 23], [15, 2, 16, 3], [17, 10, 18, 11], [19, 24, 20, 1], [21, 6, 22, 7], [23, 14, 24, 15], [1, 18, 2, 19], [3, 9, 4, 8], [5, 20, 6, 21]]"
12a_1003_72,"[[6, 21, 7, 22], [8, 14, 9, 13], [10, 17, 11, 18], [12, 6, 13, 5], [14, 23, 15, 24], [16, 3, 17, 4], [18, 11, 19, 12], [20, 1, 21, 2], [22, 7, 23, 8], [24, 15, 1, 16], [2, 19, 3, 20], [4, 10, 5, 9]]"
12a_1003_73,"[[4, 10, 5, 9], [6, 21, 7, 22], [8, 14, 9, 13], [10, 17, 11, 18], [12, 6, 13, 5], [14, 23, 15, 24], [16, 3, 17, 4], [18, 11, 19, 12], [20, 1, 21, 2], [22, 7, 23, 8], [24, 15, 1, 16], [2, 19, 3, 20]]"
12a_1003_74,"[[2, 19, 3, 20], [4, 10, 5, 9], [6, 21, 7, 22], [8, 14, 9, 13], [10, 17, 11, 18], [12, 6, 13, 5], [14, 23, 15, 24], [16, 3, 17, 4], [18, 11, 19, 12], [20, 1, 21, 2], [22, 7, 23, 8], [24, 15, 1, 16]]"
12a_1003_75,"[[24, 15, 1, 16], [2, 19, 3, 20], [4, 10, 5, 9], [6, 21, 7, 22], [8, 14, 9, 13], [10, 17, 11, 18], [12, 6, 13, 5], [14, 23, 15, 24], [16, 3, 17, 4], [18, 11, 19, 12], [20, 1, 21, 2], [22, 7, 23, 8]]"
12a_1003_76,"[[22, 7, 23, 8], [24, 15, 1, 16], [2, 19, 3, 20], [4, 10, 5, 9], [6, 21, 7, 22], [8, 14, 9, 13], [10, 17, 11, 18], [12, 6, 13, 5], [14, 23, 15, 24], [16, 3, 17, 4], [18, 11, 19, 12], [20, 1, 21, 2]]"
12a_1003_77,"[[20, 1, 21, 2], [22, 7, 23, 8], [24, 15, 1, 16], [2, 19, 3, 20], [4, 10, 5, 9], [6, 21, 7, 22], [8, 14, 9, 13], [10, 17, 11, 18], [12, 6, 13, 5], [14, 23, 15, 24], [16, 3, 17, 4], [18, 11, 19, 12]]"
12a_1003_78,"[[18, 11, 19, 12], [20, 1, 21, 2], [22, 7, 23, 8], [24, 15, 1, 16], [2, 19, 3, 20], [4, 10, 5, 9], [6, 21, 7, 22], [8, 14, 9, 13], [10, 17, 11, 18], [12, 6, 13, 5], [14, 23, 15, 24], [16, 3, 17, 4]]"
12a_1003_79,"[[16, 3, 17, 4], [18, 11, 19, 12], [20, 1, 21, 2], [22, 7, 23, 8], [24, 15, 1, 16], [2, 19, 3, 20], [4, 10, 5, 9], [6, 21, 7, 22], [8, 14, 9, 13], [10, 17, 11, 18], [12, 6, 13, 5], [14, 23, 15, 24]]"
12a_1003_80,"[[14, 23, 15, 24], [16, 3, 17, 4], [18, 11, 19, 12], [20, 1, 21, 2], [22, 7, 23, 8], [24, 15, 1, 16], [2, 19, 3, 20], [4, 10, 5, 9], [6, 21, 7, 22], [8, 14, 9, 13], [10, 17, 11, 18], [12, 6, 13, 5]]"
12a_1003_81,"[[12, 6, 13, 5], [14, 23, 15, 24], [16, 3, 17, 4], [18, 11, 19, 12], [20, 1, 21, 2], [22, 7, 23, 8], [24, 15, 1, 16], [2, 19, 3, 20], [4, 10, 5, 9], [6, 21, 7, 22], [8, 14, 9, 13], [10, 17, 11, 18]]"
12a_1003_82,"[[10, 17, 11, 18], [12, 6, 13, 5], [14, 23, 15, 24], [16, 3, 17, 4], [18, 11, 19, 12], [20, 1, 21, 2], [22, 7, 23, 8], [24, 15, 1, 16], [2, 19, 3, 20], [4, 10, 5, 9], [6, 21, 7, 22], [8, 14, 9, 13]]"
12a_1003_83,"[[8, 14, 9, 13], [10, 17, 11, 18], [12, 6, 13, 5], [14, 23, 15, 24], [16, 3, 17, 4], [18, 11, 19, 12], [20, 1, 21, 2], [22, 7, 23, 8], [24, 15, 1, 16], [2, 19, 3, 20], [4, 10, 5, 9], [6, 21, 7, 22]]"
12a_1003_84,"[[7, 22, 8, 23], [9, 15, 10, 14], [11, 18, 12, 19], [13, 7, 14, 6], [15, 24, 16, 1], [17, 4, 18, 5], [19, 12, 20, 13], [21, 2, 22, 3], [23, 8, 24, 9], [1, 16, 2, 17], [3, 20, 4, 21], [5, 11, 6, 10]]"
12a_1003_85,"[[5, 11, 6, 10], [7, 22, 8, 23], [9, 15, 10, 14], [11, 18, 12, 19], [13, 7, 14, 6], [15, 24, 16, 1], [17, 4, 18, 5], [19, 12, 20, 13], [21, 2, 22, 3], [23, 8, 24, 9], [1, 16, 2, 17], [3, 20, 4, 21]]"
12a_1003_86,"[[3, 20, 4, 21], [5, 11, 6, 10], [7, 22, 8, 23], [9, 15, 10, 14], [11, 18, 12, 19], [13, 7, 14, 6], [15, 24, 16, 1], [17, 4, 18, 5], [19, 12, 20, 13], [21, 2, 22, 3], [23, 8, 24, 9], [1, 16, 2, 17]]"
12a_1003_87,"[[1, 16, 2, 17], [3, 20, 4, 21], [5, 11, 6, 10], [7, 22, 8, 23], [9, 15, 10, 14], [11, 18, 12, 19], [13, 7, 14, 6], [15, 24, 16, 1], [17, 4, 18, 5], [19, 12, 20, 13], [21, 2, 22, 3], [23, 8, 24, 9]]"
12a_1003_88,"[[23, 8, 24, 9], [1, 16, 2, 17], [3, 20, 4, 21], [5, 11, 6, 10], [7, 22, 8, 23], [9, 15, 10, 14], [11, 18, 12, 19], [13, 7, 14, 6], [15, 24, 16, 1], [17, 4, 18, 5], [19, 12, 20, 13], [21, 2, 22, 3]]"
12a_1003_89,"[[21, 2, 22, 3], [23, 8, 24, 9], [1, 16, 2, 17], [3, 20, 4, 21], [5, 11, 6, 10], [7, 22, 8, 23], [9, 15, 10, 14], [11, 18, 12, 19], [13, 7, 14, 6], [15, 24, 16, 1], [17, 4, 18, 5], [19, 12, 20, 13]]"
12a_1003_90,"[[19, 12, 20, 13], [21, 2, 22, 3], [23, 8, 24, 9], [1, 16, 2, 17], [3, 20, 4, 21], [5, 11, 6, 10], [7, 22, 8, 23], [9, 15, 10, 14], [11, 18, 12, 19], [13, 7, 14, 6], [15, 24, 16, 1], [17, 4, 18, 5]]"
12a_1003_91,"[[17, 4, 18, 5], [19, 12, 20, 13], [21, 2, 22, 3], [23, 8, 24, 9], [1, 16, 2, 17], [3, 20, 4, 21], [5, 11, 6, 10], [7, 22, 8, 23], [9, 15, 10, 14], [11, 18, 12, 19], [13, 7, 14, 6], [15, 24, 16, 1]]"
12a_1003_92,"[[15, 24, 16, 1], [17, 4, 18, 5], [19, 12, 20, 13], [21, 2, 22, 3], [23, 8, 24, 9], [1, 16, 2, 17], [3, 20, 4, 21], [5, 11, 6, 10], [7, 22, 8, 23], [9, 15, 10, 14], [11, 18, 12, 19], [13, 7, 14, 6]]"
12a_1003_93,"[[13, 7, 14, 6], [15, 24, 16, 1], [17, 4, 18, 5], [19, 12, 20, 13], [21, 2, 22, 3], [23, 8, 24, 9], [1, 16, 2, 17], [3, 20, 4, 21], [5, 11, 6, 10], [7, 22, 8, 23], [9, 15, 10, 14], [11, 18, 12, 19]]"
12a_1003_94,"[[11, 18, 12, 19], [13, 7, 14, 6], [15, 24, 16, 1], [17, 4, 18, 5], [19, 12, 20, 13], [21, 2, 22, 3], [23, 8, 24, 9], [1, 16, 2, 17], [3, 20, 4, 21], [5, 11, 6, 10], [7, 22, 8, 23], [9, 15, 10, 14]]"
12a_1003_95,"[[9, 15, 10, 14], [11, 18, 12, 19], [13, 7, 14, 6], [15, 24, 16, 1], [17, 4, 18, 5], [19, 12, 20, 13], [21, 2, 22, 3], [23, 8, 24, 9], [1, 16, 2, 17], [3, 20, 4, 21], [5, 11, 6, 10], [7, 22, 8, 23]]"
12a_1003_96,"[[8, 23, 9, 24], [10, 16, 11, 15], [12, 19, 13, 20], [14, 8, 15, 7], [16, 1, 17, 2], [18, 5, 19, 6], [20, 13, 21, 14], [22, 3, 23, 4], [24, 9, 1, 10], [2, 17, 3, 18], [4, 21, 5, 22], [6, 12, 7, 11]]"
12a_1003_97,"[[6, 12, 7, 11], [8, 23, 9, 24], [10, 16, 11, 15], [12, 19, 13, 20], [14, 8, 15, 7], [16, 1, 17, 2], [18, 5, 19, 6], [20, 13, 21, 14], [22, 3, 23, 4], [24, 9, 1, 10], [2, 17, 3, 18], [4, 21, 5, 22]]"
12a_1003_98,"[[4, 21, 5, 22], [6, 12, 7, 11], [8, 23, 9, 24], [10, 16, 11, 15], [12, 19, 13, 20], [14, 8, 15, 7], [16, 1, 17, 2], [18, 5, 19, 6], [20, 13, 21, 14], [22, 3, 23, 4], [24, 9, 1, 10], [2, 17, 3, 18]]"
12a_1003_99,"[[2, 17, 3, 18], [4, 21, 5, 22], [6, 12, 7, 11], [8, 23, 9, 24], [10, 16, 11, 15], [12, 19, 13, 20], [14, 8, 15, 7], [16, 1, 17, 2], [18, 5, 19, 6], [20, 13, 21, 14], [22, 3, 23, 4], [24, 9, 1, 10]]"
12a_1003_100,"[[24, 9, 1, 10], [2, 17, 3, 18], [4, 21, 5, 22], [6, 12, 7, 11], [8, 23, 9, 24], [10, 16, 11, 15], [12, 19, 13, 20], [14, 8, 15, 7], [16, 1, 17, 2], [18, 5, 19, 6], [20, 13, 21, 14], [22, 3, 23, 4]]"
12a_1003_101,"[[22, 3, 23, 4], [24, 9, 1, 10], [2, 17, 3, 18], [4, 21, 5, 22], [6, 12, 7, 11], [8, 23, 9, 24], [10, 16, 11, 15], [12, 19, 13, 20], [14, 8, 15, 7], [16, 1, 17, 2], [18, 5, 19, 6], [20, 13, 21, 14]]"
12a_1003_102,"[[20, 13, 21, 14], [22, 3, 23, 4], [24, 9, 1, 10], [2, 17, 3, 18], [4, 21, 5, 22], [6, 12, 7, 11], [8, 23, 9, 24], [10, 16, 11, 15], [12, 19, 13, 20], [14, 8, 15, 7], [16, 1, 17, 2], [18, 5, 19, 6]]"
12a_1003_103,"[[18, 5, 19, 6], [20, 13, 21, 14], [22, 3, 23, 4], [24, 9, 1, 10], [2, 17, 3, 18], [4, 21, 5, 22], [6, 12, 7, 11], [8, 23, 9, 24], [10, 16, 11, 15], [12, 19, 13, 20], [14, 8, 15, 7], [16, 1, 17, 2]]"
12a_1003_104,"[[16, 1, 17, 2], [18, 5, 19, 6], [20, 13, 21, 14], [22, 3, 23, 4], [24, 9, 1, 10], [2, 17, 3, 18], [4, 21, 5, 22], [6, 12, 7, 11], [8, 23, 9, 24], [10, 16, 11, 15], [12, 19, 13, 20], [14, 8, 15, 7]]"
12a_1003_105,"[[14, 8, 15, 7], [16, 1, 17, 2], [18, 5, 19, 6], [20, 13, 21, 14], [22, 3, 23, 4], [24, 9, 1, 10], [2, 17, 3, 18], [4, 21, 5, 22], [6, 12, 7, 11], [8, 23, 9, 24], [10, 16, 11, 15], [12, 19, 13, 20]]"
12a_1003_106,"[[12, 19, 13, 20], [14, 8, 15, 7], [16, 1, 17, 2], [18, 5, 19, 6], [20, 13, 21, 14], [22, 3, 23, 4], [24, 9, 1, 10], [2, 17, 3, 18], [4, 21, 5, 22], [6, 12, 7, 11], [8, 23, 9, 24], [10, 16, 11, 15]]"
12a_1003_107,"[[10, 16, 11, 15], [12, 19, 13, 20], [14, 8, 15, 7], [16, 1, 17, 2], [18, 5, 19, 6], [20, 13, 21, 14], [22, 3, 23, 4], [24, 9, 1, 10], [2, 17, 3, 18], [4, 21, 5, 22], [6, 12, 7, 11], [8, 23, 9, 24]]"
12a_1003_108,"[[9, 24, 10, 1], [11, 17, 12, 16], [13, 20, 14, 21], [15, 9, 16, 8], [17, 2, 18, 3], [19, 6, 20, 7], [21, 14, 22, 15], [23, 4, 24, 5], [1, 10, 2, 11], [3, 18, 4, 19], [5, 22, 6, 23], [7, 13, 8, 12]]"
12a_1003_109,"[[7, 13, 8, 12], [9, 24, 10, 1], [11, 17, 12, 16], [13, 20, 14, 21], [15, 9, 16, 8], [17, 2, 18, 3], [19, 6, 20, 7], [21, 14, 22, 15], [23, 4, 24, 5], [1, 10, 2, 11], [3, 18, 4, 19], [5, 22, 6, 23]]"
12a_1003_110,"[[5, 22, 6, 23], [7, 13, 8, 12], [9, 24, 10, 1], [11, 17, 12, 16], [13, 20, 14, 21], [15, 9, 16, 8], [17, 2, 18, 3], [19, 6, 20, 7], [21, 14, 22, 15], [23, 4, 24, 5], [1, 10, 2, 11], [3, 18, 4, 19]]"
12a_1003_111,"[[3, 18, 4, 19], [5, 22, 6, 23], [7, 13, 8, 12], [9, 24, 10, 1], [11, 17, 12, 16], [13, 20, 14, 21], [15, 9, 16, 8], [17, 2, 18, 3], [19, 6, 20, 7], [21, 14, 22, 15], [23, 4, 24, 5], [1, 10, 2, 11]]"
12a_1003_112,"[[1, 10, 2, 11], [3, 18, 4, 19], [5, 22, 6, 23], [7, 13, 8, 12], [9, 24, 10, 1], [11, 17, 12, 16], [13, 20, 14, 21], [15, 9, 16, 8], [17, 2, 18, 3], [19, 6, 20, 7], [21, 14, 22, 15], [23, 4, 24, 5]]"
12a_1003_113,"[[23, 4, 24, 5], [1, 10, 2, 11], [3, 18, 4, 19], [5, 22, 6, 23], [7, 13, 8, 12], [9, 24, 10, 1], [11, 17, 12, 16], [13, 20, 14, 21], [15, 9, 16, 8], [17, 2, 18, 3], [19, 6, 20, 7], [21, 14, 22, 15]]"
12a_1003_114,"[[21, 14, 22, 15], [23, 4, 24, 5], [1, 10, 2, 11], [3, 18, 4, 19], [5, 22, 6, 23], [7, 13, 8, 12], [9, 24, 10, 1], [11, 17, 12, 16], [13, 20, 14, 21], [15, 9, 16, 8], [17, 2, 18, 3], [19, 6, 20, 7]]"
12a_1003_115,"[[19, 6, 20, 7], [21, 14, 22, 15], [23, 4, 24, 5], [1, 10, 2, 11], [3, 18, 4, 19], [5, 22, 6, 23], [7, 13, 8, 12], [9, 24, 10, 1], [11, 17, 12, 16], [13, 20, 14, 21], [15, 9, 16, 8], [17, 2, 18, 3]]"
12a_1003_116,"[[17, 2, 18, 3], [19, 6, 20, 7], [21, 14, 22, 15], [23, 4, 24, 5], [1, 10, 2, 11], [3, 18, 4, 19], [5, 22, 6, 23], [7, 13, 8, 12], [9, 24, 10, 1], [11, 17, 12, 16], [13, 20, 14, 21], [15, 9, 16, 8]]"
12a_1003_117,"[[15, 9, 16, 8], [17, 2, 18, 3], [19, 6, 20, 7], [21, 14, 22, 15], [23, 4, 24, 5], [1, 10, 2, 11], [3, 18, 4, 19], [5, 22, 6, 23], [7, 13, 8, 12], [9, 24, 10, 1], [11, 17, 12, 16], [13, 20, 14, 21]]"
12a_1003_118,"[[13, 20, 14, 21], [15, 9, 16, 8], [17, 2, 18, 3], [19, 6, 20, 7], [21, 14, 22, 15], [23, 4, 24, 5], [1, 10, 2, 11], [3, 18, 4, 19], [5, 22, 6, 23], [7, 13, 8, 12], [9, 24, 10, 1], [11, 17, 12, 16]]"
12a_1003_119,"[[11, 17, 12, 16], [13, 20, 14, 21], [15, 9, 16, 8], [17, 2, 18, 3], [19, 6, 20, 7], [21, 14, 22, 15], [23, 4, 24, 5], [1, 10, 2, 11], [3, 18, 4, 19], [5, 22, 6, 23], [7, 13, 8, 12], [9, 24, 10, 1]]"
12a_1003_120,"[[10, 1, 11, 2], [12, 18, 13, 17], [14, 21, 15, 22], [16, 10, 17, 9], [18, 3, 19, 4], [20, 7, 21, 8], [22, 15, 23, 16], [24, 5, 1, 6], [2, 11, 3, 12], [4, 19, 5, 20], [6, 23, 7, 24], [8, 14, 9, 13]]"
12a_1003_121,"[[8, 14, 9, 13], [10, 1, 11, 2], [12, 18, 13, 17], [14, 21, 15, 22], [16, 10, 17, 9], [18, 3, 19, 4], [20, 7, 21, 8], [22, 15, 23, 16], [24, 5, 1, 6], [2, 11, 3, 12], [4, 19, 5, 20], [6, 23, 7, 24]]"
12a_1003_122,"[[6, 23, 7, 24], [8, 14, 9, 13], [10, 1, 11, 2], [12, 18, 13, 17], [14, 21, 15, 22], [16, 10, 17, 9], [18, 3, 19, 4], [20, 7, 21, 8], [22, 15, 23, 16], [24, 5, 1, 6], [2, 11, 3, 12], [4, 19, 5, 20]]"
12a_1003_123,"[[4, 19, 5, 20], [6, 23, 7, 24], [8, 14, 9, 13], [10, 1, 11, 2], [12, 18, 13, 17], [14, 21, 15, 22], [16, 10, 17, 9], [18, 3, 19, 4], [20, 7, 21, 8], [22, 15, 23, 16], [24, 5, 1, 6], [2, 11, 3, 12]]"
12a_1003_124,"[[2, 11, 3, 12], [4, 19, 5, 20], [6, 23, 7, 24], [8, 14, 9, 13], [10, 1, 11, 2], [12, 18, 13, 17], [14, 21, 15, 22], [16, 10, 17, 9], [18, 3, 19, 4], [20, 7, 21, 8], [22, 15, 23, 16], [24, 5, 1, 6]]"
12a_1003_125,"[[24, 5, 1, 6], [2, 11, 3, 12], [4, 19, 5, 20], [6, 23, 7, 24], [8, 14, 9, 13], [10, 1, 11, 2], [12, 18, 13, 17], [14, 21, 15, 22], [16, 10, 17, 9], [18, 3, 19, 4], [20, 7, 21, 8], [22, 15, 23, 16]]"
12a_1003_126,"[[22, 15, 23, 16], [24, 5, 1, 6], [2, 11, 3, 12], [4, 19, 5, 20], [6, 23, 7, 24], [8, 14, 9, 13], [10, 1, 11, 2], [12, 18, 13, 17], [14, 21, 15, 22], [16, 10, 17, 9], [18, 3, 19, 4], [20, 7, 21, 8]]"
12a_1003_127,"[[20, 7, 21, 8], [22, 15, 23, 16], [24, 5, 1, 6], [2, 11, 3, 12], [4, 19, 5, 20], [6, 23, 7, 24], [8, 14, 9, 13], [10, 1, 11, 2], [12, 18, 13, 17], [14, 21, 15, 22], [16, 10, 17, 9], [18, 3, 19, 4]]"
12a_1003_128,"[[18, 3, 19, 4], [20, 7, 21, 8], [22, 15, 23, 16], [24, 5, 1, 6], [2, 11, 3, 12], [4, 19, 5, 20], [6, 23, 7, 24], [8, 14, 9, 13], [10, 1, 11, 2], [12, 18, 13, 17], [14, 21, 15, 22], [16, 10, 17, 9]]"
12a_1003_129,"[[16, 10, 17, 9], [18, 3, 19, 4], [20, 7, 21, 8], [22, 15, 23, 16], [24, 5, 1, 6], [2, 11, 3, 12], [4, 19, 5, 20], [6, 23, 7, 24], [8, 14, 9, 13], [10, 1, 11, 2], [12, 18, 13, 17], [14, 21, 15, 22]]"
12a_1003_130,"[[14, 21, 15, 22], [16, 10, 17, 9], [18, 3, 19, 4], [20, 7, 21, 8], [22, 15, 23, 16], [24, 5, 1, 6], [2, 11, 3, 12], [4, 19, 5, 20], [6, 23, 7, 24], [8, 14, 9, 13], [10, 1, 11, 2], [12, 18, 13, 17]]"
12a_1003_131,"[[12, 18, 13, 17], [14, 21, 15, 22], [16, 10, 17, 9], [18, 3, 19, 4], [20, 7, 21, 8], [22, 15, 23, 16], [24, 5, 1, 6], [2, 11, 3, 12], [4, 19, 5, 20], [6, 23, 7, 24], [8, 14, 9, 13], [10, 1, 11, 2]]"
12a_1003_132,"[[11, 2, 12, 3], [13, 19, 14, 18], [15, 22, 16, 23], [17, 11, 18, 10], [19, 4, 20, 5], [21, 8, 22, 9], [23, 16, 24, 17], [1, 6, 2, 7], [3, 12, 4, 13], [5, 20, 6, 21], [7, 24, 8, 1], [9, 15, 10, 14]]"
12a_1003_133,"[[9, 15, 10, 14], [11, 2, 12, 3], [13, 19, 14, 18], [15, 22, 16, 23], [17, 11, 18, 10], [19, 4, 20, 5], [21, 8, 22, 9], [23, 16, 24, 17], [1, 6, 2, 7], [3, 12, 4, 13], [5, 20, 6, 21], [7, 24, 8, 1]]"
12a_1003_134,"[[7, 24, 8, 1], [9, 15, 10, 14], [11, 2, 12, 3], [13, 19, 14, 18], [15, 22, 16, 23], [17, 11, 18, 10], [19, 4, 20, 5], [21, 8, 22, 9], [23, 16, 24, 17], [1, 6, 2, 7], [3, 12, 4, 13], [5, 20, 6, 21]]"
12a_1003_135,"[[5, 20, 6, 21], [7, 24, 8, 1], [9, 15, 10, 14], [11, 2, 12, 3], [13, 19, 14, 18], [15, 22, 16, 23], [17, 11, 18, 10], [19, 4, 20, 5], [21, 8, 22, 9], [23, 16, 24, 17], [1, 6, 2, 7], [3, 12, 4, 13]]"
12a_1003_136,"[[3, 12, 4, 13], [5, 20, 6, 21], [7, 24, 8, 1], [9, 15, 10, 14], [11, 2, 12, 3], [13, 19, 14, 18], [15, 22, 16, 23], [17, 11, 18, 10], [19, 4, 20, 5], [21, 8, 22, 9], [23, 16, 24, 17], [1, 6, 2, 7]]"
12a_1003_137,"[[1, 6, 2, 7], [3, 12, 4, 13], [5, 20, 6, 21], [7, 24, 8, 1], [9, 15, 10, 14], [11, 2, 12, 3], [13, 19, 14, 18], [15, 22, 16, 23], [17, 11, 18, 10], [19, 4, 20, 5], [21, 8, 22, 9], [23, 16, 24, 17]]"
12a_1003_138,"[[23, 16, 24, 17], [1, 6, 2, 7], [3, 12, 4, 13], [5, 20, 6, 21], [7, 24, 8, 1], [9, 15, 10, 14], [11, 2, 12, 3], [13, 19, 14, 18], [15, 22, 16, 23], [17, 11, 18, 10], [19, 4, 20, 5], [21, 8, 22, 9]]"
12a_1003_139,"[[21, 8, 22, 9], [23, 16, 24, 17], [1, 6, 2, 7], [3, 12, 4, 13], [5, 20, 6, 21], [7, 24, 8, 1], [9, 15, 10, 14], [11, 2, 12, 3], [13, 19, 14, 18], [15, 22, 16, 23], [17, 11, 18, 10], [19, 4, 20, 5]]"
12a_1003_140,"[[19, 4, 20, 5], [21, 8, 22, 9], [23, 16, 24, 17], [1, 6, 2, 7], [3, 12, 4, 13], [5, 20, 6, 21], [7, 24, 8, 1], [9, 15, 10, 14], [11, 2, 12, 3], [13, 19, 14, 18], [15, 22, 16, 23], [17, 11, 18, 10]]"
12a_1003_141,"[[17, 11, 18, 10], [19, 4, 20, 5], [21, 8, 22, 9], [23, 16, 24, 17], [1, 6, 2, 7], [3, 12, 4, 13], [5, 20, 6, 21], [7, 24, 8, 1], [9, 15, 10, 14], [11, 2, 12, 3], [13, 19, 14, 18], [15, 22, 16, 23]]"
12a_1003_142,"[[15, 22, 16, 23], [17, 11, 18, 10], [19, 4, 20, 5], [21, 8, 22, 9], [23, 16, 24, 17], [1, 6, 2, 7], [3, 12, 4, 13], [5, 20, 6, 21], [7, 24, 8, 1], [9, 15, 10, 14], [11, 2, 12, 3], [13, 19, 14, 18]]"
12a_1003_143,"[[13, 19, 14, 18], [15, 22, 16, 23], [17, 11, 18, 10], [19, 4, 20, 5], [21, 8, 22, 9], [23, 16, 24, 17], [1, 6, 2, 7], [3, 12, 4, 13], [5, 20, 6, 21], [7, 24, 8, 1], [9, 15, 10, 14], [11, 2, 12, 3]]"
12a_1003_144,"[[12, 3, 13, 4], [14, 20, 15, 19], [16, 23, 17, 24], [18, 12, 19, 11], [20, 5, 21, 6], [22, 9, 23, 10], [24, 17, 1, 18], [2, 7, 3, 8], [4, 13, 5, 14], [6, 21, 7, 22], [8, 1, 9, 2], [10, 16, 11, 15]]"
12a_1003_145,"[[10, 16, 11, 15], [12, 3, 13, 4], [14, 20, 15, 19], [16, 23, 17, 24], [18, 12, 19, 11], [20, 5, 21, 6], [22, 9, 23, 10], [24, 17, 1, 18], [2, 7, 3, 8], [4, 13, 5, 14], [6, 21, 7, 22], [8, 1, 9, 2]]"
12a_1003_146,"[[8, 1, 9, 2], [10, 16, 11, 15], [12, 3, 13, 4], [14, 20, 15, 19], [16, 23, 17, 24], [18, 12, 19, 11], [20, 5, 21, 6], [22, 9, 23, 10], [24, 17, 1, 18], [2, 7, 3, 8], [4, 13, 5, 14], [6, 21, 7, 22]]"
12a_1003_147,"[[6, 21, 7, 22], [8, 1, 9, 2], [10, 16, 11, 15], [12, 3, 13, 4], [14, 20, 15, 19], [16, 23, 17, 24], [18, 12, 19, 11], [20, 5, 21, 6], [22, 9, 23, 10], [24, 17, 1, 18], [2, 7, 3, 8], [4, 13, 5, 14]]"
12a_1003_148,"[[4, 13, 5, 14], [6, 21, 7, 22], [8, 1, 9, 2], [10, 16, 11, 15], [12, 3, 13, 4], [14, 20, 15, 19], [16, 23, 17, 24], [18, 12, 19, 11], [20, 5, 21, 6], [22, 9, 23, 10], [24, 17, 1, 18], [2, 7, 3, 8]]"
12a_1003_149,"[[2, 7, 3, 8], [4, 13, 5, 14], [6, 21, 7, 22], [8, 1, 9, 2], [10, 16, 11, 15], [12, 3, 13, 4], [14, 20, 15, 19], [16, 23, 17, 24], [18, 12, 19, 11], [20, 5, 21, 6], [22, 9, 23, 10], [24, 17, 1, 18]]"
12a_1003_150,"[[24, 17, 1, 18], [2, 7, 3, 8], [4, 13, 5, 14], [6, 21, 7, 22], [8, 1, 9, 2], [10, 16, 11, 15], [12, 3, 13, 4], [14, 20, 15, 19], [16, 23, 17, 24], [18, 12, 19, 11], [20, 5, 21, 6], [22, 9, 23, 10]]"
12a_1003_151,"[[22, 9, 23, 10], [24, 17, 1, 18], [2, 7, 3, 8], [4, 13, 5, 14], [6, 21, 7, 22], [8, 1, 9, 2], [10, 16, 11, 15], [12, 3, 13, 4], [14, 20, 15, 19], [16, 23, 17, 24], [18, 12, 19, 11], [20, 5, 21, 6]]"
12a_1003_152,"[[20, 5, 21, 6], [22, 9, 23, 10], [24, 17, 1, 18], [2, 7, 3, 8], [4, 13, 5, 14], [6, 21, 7, 22], [8, 1, 9, 2], [10, 16, 11, 15], [12, 3, 13, 4], [14, 20, 15, 19], [16, 23, 17, 24], [18, 12, 19, 11]]"
12a_1003_153,"[[18, 12, 19, 11], [20, 5, 21, 6], [22, 9, 23, 10], [24, 17, 1, 18], [2, 7, 3, 8], [4, 13, 5, 14], [6, 21, 7, 22], [8, 1, 9, 2], [10, 16, 11, 15], [12, 3, 13, 4], [14, 20, 15, 19], [16, 23, 17, 24]]"
12a_1003_154,"[[16, 23, 17, 24], [18, 12, 19, 11], [20, 5, 21, 6], [22, 9, 23, 10], [24, 17, 1, 18], [2, 7, 3, 8], [4, 13, 5, 14], [6, 21, 7, 22], [8, 1, 9, 2], [10, 16, 11, 15], [12, 3, 13, 4], [14, 20, 15, 19]]"
12a_1003_155,"[[14, 20, 15, 19], [16, 23, 17, 24], [18, 12, 19, 11], [20, 5, 21, 6], [22, 9, 23, 10], [24, 17, 1, 18], [2, 7, 3, 8], [4, 13, 5, 14], [6, 21, 7, 22], [8, 1, 9, 2], [10, 16, 11, 15], [12, 3, 13, 4]]"
12a_1003_156,"[[13, 4, 14, 5], [15, 21, 16, 20], [17, 24, 18, 1], [19, 13, 20, 12], [21, 6, 22, 7], [23, 10, 24, 11], [1, 18, 2, 19], [3, 8, 4, 9], [5, 14, 6, 15], [7, 22, 8, 23], [9, 2, 10, 3], [11, 17, 12, 16]]"
12a_1003_157,"[[11, 17, 12, 16], [13, 4, 14, 5], [15, 21, 16, 20], [17, 24, 18, 1], [19, 13, 20, 12], [21, 6, 22, 7], [23, 10, 24, 11], [1, 18, 2, 19], [3, 8, 4, 9], [5, 14, 6, 15], [7, 22, 8, 23], [9, 2, 10, 3]]"
12a_1003_158,"[[9, 2, 10, 3], [11, 17, 12, 16], [13, 4, 14, 5], [15, 21, 16, 20], [17, 24, 18, 1], [19, 13, 20, 12], [21, 6, 22, 7], [23, 10, 24, 11], [1, 18, 2, 19], [3, 8, 4, 9], [5, 14, 6, 15], [7, 22, 8, 23]]"
12a_1003_159,"[[7, 22, 8, 23], [9, 2, 10, 3], [11, 17, 12, 16], [13, 4, 14, 5], [15, 21, 16, 20], [17, 24, 18, 1], [19, 13, 20, 12], [21, 6, 22, 7], [23, 10, 24, 11], [1, 18, 2, 19], [3, 8, 4, 9], [5, 14, 6, 15]]"
12a_1003_160,"[[5, 14, 6, 15], [7, 22, 8, 23], [9, 2, 10, 3], [11, 17, 12, 16], [13, 4, 14, 5], [15, 21, 16, 20], [17, 24, 18, 1], [19, 13, 20, 12], [21, 6, 22, 7], [23, 10, 24, 11], [1, 18, 2, 19], [3, 8, 4, 9]]"
12a_1003_161,"[[3, 8, 4, 9], [5, 14, 6, 15], [7, 22, 8, 23], [9, 2, 10, 3], [11, 17, 12, 16], [13, 4, 14, 5], [15, 21, 16, 20], [17, 24, 18, 1], [19, 13, 20, 12], [21, 6, 22, 7], [23, 10, 24, 11], [1, 18, 2, 19]]"
12a_1003_162,"[[1, 18, 2, 19], [3, 8, 4, 9], [5, 14, 6, 15], [7, 22, 8, 23], [9, 2, 10, 3], [11, 17, 12, 16], [13, 4, 14, 5], [15, 21, 16, 20], [17, 24, 18, 1], [19, 13, 20, 12], [21, 6, 22, 7], [23, 10, 24, 11]]"
12a_1003_163,"[[23, 10, 24, 11], [1, 18, 2, 19], [3, 8, 4, 9], [5, 14, 6, 15], [7, 22, 8, 23], [9, 2, 10, 3], [11, 17, 12, 16], [13, 4, 14, 5], [15, 21, 16, 20], [17, 24, 18, 1], [19, 13, 20, 12], [21, 6, 22, 7]]"
12a_1003_164,"[[21, 6, 22, 7], [23, 10, 24, 11], [1, 18, 2, 19], [3, 8, 4, 9], [5, 14, 6, 15], [7, 22, 8, 23], [9, 2, 10, 3], [11, 17, 12, 16], [13, 4, 14, 5], [15, 21, 16, 20], [17, 24, 18, 1], [19, 13, 20, 12]]"
12a_1003_165,"[[19, 13, 20, 12], [21, 6, 22, 7], [23, 10, 24, 11], [1, 18, 2, 19], [3, 8, 4, 9], [5, 14, 6, 15], [7, 22, 8, 23], [9, 2, 10, 3], [11, 17, 12, 16], [13, 4, 14, 5], [15, 21, 16, 20], [17, 24, 18, 1]]"
12a_1003_166,"[[17, 24, 18, 1], [19, 13, 20, 12], [21, 6, 22, 7], [23, 10, 24, 11], [1, 18, 2, 19], [3, 8, 4, 9], [5, 14, 6, 15], [7, 22, 8, 23], [9, 2, 10, 3], [11, 17, 12, 16], [13, 4, 14, 5], [15, 21, 16, 20]]"
12a_1003_167,"[[15, 21, 16, 20], [17, 24, 18, 1], [19, 13, 20, 12], [21, 6, 22, 7], [23, 10, 24, 11], [1, 18, 2, 19], [3, 8, 4, 9], [5, 14, 6, 15], [7, 22, 8, 23], [9, 2, 10, 3], [11, 17, 12, 16], [13, 4, 14, 5]]"
12a_1003_168,"[[14, 5, 15, 6], [16, 22, 17, 21], [18, 1, 19, 2], [20, 14, 21, 13], [22, 7, 23, 8], [24, 11, 1, 12], [2, 19, 3, 20], [4, 9, 5, 10], [6, 15, 7, 16], [8, 23, 9, 24], [10, 3, 11, 4], [12, 18, 13, 17]]"
12a_1003_169,"[[12, 18, 13, 17], [14, 5, 15, 6], [16, 22, 17, 21], [18, 1, 19, 2], [20, 14, 21, 13], [22, 7, 23, 8], [24, 11, 1, 12], [2, 19, 3, 20], [4, 9, 5, 10], [6, 15, 7, 16], [8, 23, 9, 24], [10, 3, 11, 4]]"
12a_1003_170,"[[10, 3, 11, 4], [12, 18, 13, 17], [14, 5, 15, 6], [16, 22, 17, 21], [18, 1, 19, 2], [20, 14, 21, 13], [22, 7, 23, 8], [24, 11, 1, 12], [2, 19, 3, 20], [4, 9, 5, 10], [6, 15, 7, 16], [8, 23, 9, 24]]"
12a_1003_171,"[[8, 23, 9, 24], [10, 3, 11, 4], [12, 18, 13, 17], [14, 5, 15, 6], [16, 22, 17, 21], [18, 1, 19, 2], [20, 14, 21, 13], [22, 7, 23, 8], [24, 11, 1, 12], [2, 19, 3, 20], [4, 9, 5, 10], [6, 15, 7, 16]]"
12a_1003_172,"[[6, 15, 7, 16], [8, 23, 9, 24], [10, 3, 11, 4], [12, 18, 13, 17], [14, 5, 15, 6], [16, 22, 17, 21], [18, 1, 19, 2], [20, 14, 21, 13], [22, 7, 23, 8], [24, 11, 1, 12], [2, 19, 3, 20], [4, 9, 5, 10]]"
12a_1003_173,"[[4, 9, 5, 10], [6, 15, 7, 16], [8, 23, 9, 24], [10, 3, 11, 4], [12, 18, 13, 17], [14, 5, 15, 6], [16, 22, 17, 21], [18, 1, 19, 2], [20, 14, 21, 13], [22, 7, 23, 8], [24, 11, 1, 12], [2, 19, 3, 20]]"
12a_1003_174,"[[2, 19, 3, 20], [4, 9, 5, 10], [6, 15, 7, 16], [8, 23, 9, 24], [10, 3, 11, 4], [12, 18, 13, 17], [14, 5, 15, 6], [16, 22, 17, 21], [18, 1, 19, 2], [20, 14, 21, 13], [22, 7, 23, 8], [24, 11, 1, 12]]"
12a_1003_175,"[[24, 11, 1, 12], [2, 19, 3, 20], [4, 9, 5, 10], [6, 15, 7, 16], [8, 23, 9, 24], [10, 3, 11, 4], [12, 18, 13, 17], [14, 5, 15, 6], [16, 22, 17, 21], [18, 1, 19, 2], [20, 14, 21, 13], [22, 7, 23, 8]]"
12a_1003_176,"[[22, 7, 23, 8], [24, 11, 1, 12], [2, 19, 3, 20], [4, 9, 5, 10], [6, 15, 7, 16], [8, 23, 9, 24], [10, 3, 11, 4], [12, 18, 13, 17], [14, 5, 15, 6], [16, 22, 17, 21], [18, 1, 19, 2], [20, 14, 21, 13]]"
12a_1003_177,"[[20, 14, 21, 13], [22, 7, 23, 8], [24, 11, 1, 12], [2, 19, 3, 20], [4, 9, 5, 10], [6, 15, 7, 16], [8, 23, 9, 24], [10, 3, 11, 4], [12, 18, 13, 17], [14, 5, 15, 6], [16, 22, 17, 21], [18, 1, 19, 2]]"
12a_1003_178,"[[18, 1, 19, 2], [20, 14, 21, 13], [22, 7, 23, 8], [24, 11, 1, 12], [2, 19, 3, 20], [4, 9, 5, 10], [6, 15, 7, 16], [8, 23, 9, 24], [10, 3, 11, 4], [12, 18, 13, 17], [14, 5, 15, 6], [16, 22, 17, 21]]"
12a_1003_179,"[[16, 22, 17, 21], [18, 1, 19, 2], [20, 14, 21, 13], [22, 7, 23, 8], [24, 11, 1, 12], [2, 19, 3, 20], [4, 9, 5, 10], [6, 15, 7, 16], [8, 23, 9, 24], [10, 3, 11, 4], [12, 18, 13, 17], [14, 5, 15, 6]]"
12a_1003_180,"[[15, 6, 16, 7], [17, 23, 18, 22], [19, 2, 20, 3], [21, 15, 22, 14], [23, 8, 24, 9], [1, 12, 2, 13], [3, 20, 4, 21], [5, 10, 6, 11], [7, 16, 8, 17], [9, 24, 10, 1], [11, 4, 12, 5], [13, 19, 14, 18]]"
12a_1003_181,"[[13, 19, 14, 18], [15, 6, 16, 7], [17, 23, 18, 22], [19, 2, 20, 3], [21, 15, 22, 14], [23, 8, 24, 9], [1, 12, 2, 13], [3, 20, 4, 21], [5, 10, 6, 11], [7, 16, 8, 17], [9, 24, 10, 1], [11, 4, 12, 5]]"
12a_1003_182,"[[11, 4, 12, 5], [13, 19, 14, 18], [15, 6, 16, 7], [17, 23, 18, 22], [19, 2, 20, 3], [21, 15, 22, 14], [23, 8, 24, 9], [1, 12, 2, 13], [3, 20, 4, 21], [5, 10, 6, 11], [7, 16, 8, 17], [9, 24, 10, 1]]"
12a_1003_183,"[[9, 24, 10, 1], [11, 4, 12, 5], [13, 19, 14, 18], [15, 6, 16, 7], [17, 23, 18, 22], [19, 2, 20, 3], [21, 15, 22, 14], [23, 8, 24, 9], [1, 12, 2, 13], [3, 20, 4, 21], [5, 10, 6, 11], [7, 16, 8, 17]]"
12a_1003_184,"[[7, 16, 8, 17], [9, 24, 10, 1], [11, 4, 12, 5], [13, 19, 14, 18], [15, 6, 16, 7], [17, 23, 18, 22], [19, 2, 20, 3], [21, 15, 22, 14], [23, 8, 24, 9], [1, 12, 2, 13], [3, 20, 4, 21], [5, 10, 6, 11]]"
12a_1003_185,"[[5, 10, 6, 11], [7, 16, 8, 17], [9, 24, 10, 1], [11, 4, 12, 5], [13, 19, 14, 18], [15, 6, 16, 7], [17, 23, 18, 22], [19, 2, 20, 3], [21, 15, 22, 14], [23, 8, 24, 9], [1, 12, 2, 13], [3, 20, 4, 21]]"
