name,pd_notation
12a_0902_0,"[[24, 17, 1, 18], [2, 8, 3, 7], [4, 12, 5, 11], [6, 16, 7, 15], [8, 19, 9, 20], [10, 6, 11, 5], [12, 21, 13, 22], [14, 4, 15, 3], [16, 1, 17, 2], [18, 23, 19, 24], [20, 13, 21, 14], [22, 9, 23, 10]]"
12a_0902_1,"[[22, 9, 23, 10], [24, 17, 1, 18], [2, 8, 3, 7], [4, 12, 5, 11], [6, 16, 7, 15], [8, 19, 9, 20], [10, 6, 11, 5], [12, 21, 13, 22], [14, 4, 15, 3], [16, 1, 17, 2], [18, 23, 19, 24], [20, 13, 21, 14]]"
12a_0902_2,"[[20, 13, 21, 14], [22, 9, 23, 10], [24, 17, 1, 18], [2, 8, 3, 7], [4, 12, 5, 11], [6, 16, 7, 15], [8, 19, 9, 20], [10, 6, 11, 5], [12, 21, 13, 22], [14, 4, 15, 3], [16, 1, 17, 2], [18, 23, 19, 24]]"
12a_0902_3,"[[18, 23, 19, 24], [20, 13, 21, 14], [22, 9, 23, 10], [24, 17, 1, 18], [2, 8, 3, 7], [4, 12, 5, 11], [6, 16, 7, 15], [8, 19, 9, 20], [10, 6, 11, 5], [12, 21, 13, 22], [14, 4, 15, 3], [16, 1, 17, 2]]"
12a_0902_4,"[[16, 1, 17, 2], [18, 23, 19, 24], [20, 13, 21, 14], [22, 9, 23, 10], [24, 17, 1, 18], [2, 8, 3, 7], [4, 12, 5, 11], [6, 16, 7, 15], [8, 19, 9, 20], [10, 6, 11, 5], [12, 21, 13, 22], [14, 4, 15, 3]]"
12a_0902_5,"[[14, 4, 15, 3], [16, 1, 17, 2], [18, 23, 19, 24], [20, 13, 21, 14], [22, 9, 23, 10], [24, 17, 1, 18], [2, 8, 3, 7], [4, 12, 5, 11], [6, 16, 7, 15], [8, 19, 9, 20], [10, 6, 11, 5], [12, 21, 13, 22]]"
12a_0902_6,"[[12, 21, 13, 22], [14, 4, 15, 3], [16, 1, 17, 2], [18, 23, 19, 24], [20, 13, 21, 14], [22, 9, 23, 10], [24, 17, 1, 18], [2, 8, 3, 7], [4, 12, 5, 11], [6, 16, 7, 15], [8, 19, 9, 20], [10, 6, 11, 5]]"
12a_0902_7,"[[10, 6, 11, 5], [12, 21, 13, 22], [14, 4, 15, 3], [16, 1, 17, 2], [18, 23, 19, 24], [20, 13, 21, 14], [22, 9, 23, 10], [24, 17, 1, 18], [2, 8, 3, 7], [4, 12, 5, 11], [6, 16, 7, 15], [8, 19, 9, 20]]"
12a_0902_8,"[[8, 19, 9, 20], [10, 6, 11, 5], [12, 21, 13, 22], [14, 4, 15, 3], [16, 1, 17, 2], [18, 23, 19, 24], [20, 13, 21, 14], [22, 9, 23, 10], [24, 17, 1, 18], [2, 8, 3, 7], [4, 12, 5, 11], [6, 16, 7, 15]]"
12a_0902_9,"[[6, 16, 7, 15], [8, 19, 9, 20], [10, 6, 11, 5], [12, 21, 13, 22], [14, 4, 15, 3], [16, 1, 17, 2], [18, 23, 19, 24], [20, 13, 21, 14], [22, 9, 23, 10], [24, 17, 1, 18], [2, 8, 3, 7], [4, 12, 5, 11]]"
12a_0902_10,"[[4, 12, 5, 11], [6, 16, 7, 15], [8, 19, 9, 20], [10, 6, 11, 5], [12, 21, 13, 22], [14, 4, 15, 3], [16, 1, 17, 2], [18, 23, 19, 24], [20, 13, 21, 14], [22, 9, 23, 10], [24, 17, 1, 18], [2, 8, 3, 7]]"
12a_0902_11,"[[2, 8, 3, 7], [4, 12, 5, 11], [6, 16, 7, 15], [8, 19, 9, 20], [10, 6, 11, 5], [12, 21, 13, 22], [14, 4, 15, 3], [16, 1, 17, 2], [18, 23, 19, 24], [20, 13, 21, 14], [22, 9, 23, 10], [24, 17, 1, 18]]"
12a_0902_12,"[[1, 18, 2, 19], [3, 9, 4, 8], [5, 13, 6, 12], [7, 17, 8, 16], [9, 20, 10, 21], [11, 7, 12, 6], [13, 22, 14, 23], [15, 5, 16, 4], [17, 2, 18, 3], [19, 24, 20, 1], [21, 14, 22, 15], [23, 10, 24, 11]]"
12a_0902_13,"[[23, 10, 24, 11], [1, 18, 2, 19], [3, 9, 4, 8], [5, 13, 6, 12], [7, 17, 8, 16], [9, 20, 10, 21], [11, 7, 12, 6], [13, 22, 14, 23], [15, 5, 16, 4], [17, 2, 18, 3], [19, 24, 20, 1], [21, 14, 22, 15]]"
12a_0902_14,"[[21, 14, 22, 15], [23, 10, 24, 11], [1, 18, 2, 19], [3, 9, 4, 8], [5, 13, 6, 12], [7, 17, 8, 16], [9, 20, 10, 21], [11, 7, 12, 6], [13, 22, 14, 23], [15, 5, 16, 4], [17, 2, 18, 3], [19, 24, 20, 1]]"
12a_0902_15,"[[19, 24, 20, 1], [21, 14, 22, 15], [23, 10, 24, 11], [1, 18, 2, 19], [3, 9, 4, 8], [5, 13, 6, 12], [7, 17, 8, 16], [9, 20, 10, 21], [11, 7, 12, 6], [13, 22, 14, 23], [15, 5, 16, 4], [17, 2, 18, 3]]"
12a_0902_16,"[[17, 2, 18, 3], [19, 24, 20, 1], [21, 14, 22, 15], [23, 10, 24, 11], [1, 18, 2, 19], [3, 9, 4, 8], [5, 13, 6, 12], [7, 17, 8, 16], [9, 20, 10, 21], [11, 7, 12, 6], [13, 22, 14, 23], [15, 5, 16, 4]]"
12a_0902_17,"[[15, 5, 16, 4], [17, 2, 18, 3], [19, 24, 20, 1], [21, 14, 22, 15], [23, 10, 24, 11], [1, 18, 2, 19], [3, 9, 4, 8], [5, 13, 6, 12], [7, 17, 8, 16], [9, 20, 10, 21], [11, 7, 12, 6], [13, 22, 14, 23]]"
12a_0902_18,"[[13, 22, 14, 23], [15, 5, 16, 4], [17, 2, 18, 3], [19, 24, 20, 1], [21, 14, 22, 15], [23, 10, 24, 11], [1, 18, 2, 19], [3, 9, 4, 8], [5, 13, 6, 12], [7, 17, 8, 16], [9, 20, 10, 21], [11, 7, 12, 6]]"
12a_0902_19,"[[11, 7, 12, 6], [13, 22, 14, 23], [15, 5, 16, 4], [17, 2, 18, 3], [19, 24, 20, 1], [21, 14, 22, 15], [23, 10, 24, 11], [1, 18, 2, 19], [3, 9, 4, 8], [5, 13, 6, 12], [7, 17, 8, 16], [9, 20, 10, 21]]"
12a_0902_20,"[[9, 20, 10, 21], [11, 7, 12, 6], [13, 22, 14, 23], [15, 5, 16, 4], [17, 2, 18, 3], [19, 24, 20, 1], [21, 14, 22, 15], [23, 10, 24, 11], [1, 18, 2, 19], [3, 9, 4, 8], [5, 13, 6, 12], [7, 17, 8, 16]]"
12a_0902_21,"[[7, 17, 8, 16], [9, 20, 10, 21], [11, 7, 12, 6], [13, 22, 14, 23], [15, 5, 16, 4], [17, 2, 18, 3], [19, 24, 20, 1], [21, 14, 22, 15], [23, 10, 24, 11], [1, 18, 2, 19], [3, 9, 4, 8], [5, 13, 6, 12]]"
12a_0902_22,"[[5, 13, 6, 12], [7, 17, 8, 16], [9, 20, 10, 21], [11, 7, 12, 6], [13, 22, 14, 23], [15, 5, 16, 4], [17, 2, 18, 3], [19, 24, 20, 1], [21, 14, 22, 15], [23, 10, 24, 11], [1, 18, 2, 19], [3, 9, 4, 8]]"
12a_0902_23,"[[3, 9, 4, 8], [5, 13, 6, 12], [7, 17, 8, 16], [9, 20, 10, 21], [11, 7, 12, 6], [13, 22, 14, 23], [15, 5, 16, 4], [17, 2, 18, 3], [19, 24, 20, 1], [21, 14, 22, 15], [23, 10, 24, 11], [1, 18, 2, 19]]"
12a_0902_24,"[[2, 19, 3, 20], [4, 10, 5, 9], [6, 14, 7, 13], [8, 18, 9, 17], [10, 21, 11, 22], [12, 8, 13, 7], [14, 23, 15, 24], [16, 6, 17, 5], [18, 3, 19, 4], [20, 1, 21, 2], [22, 15, 23, 16], [24, 11, 1, 12]]"
12a_0902_25,"[[24, 11, 1, 12], [2, 19, 3, 20], [4, 10, 5, 9], [6, 14, 7, 13], [8, 18, 9, 17], [10, 21, 11, 22], [12, 8, 13, 7], [14, 23, 15, 24], [16, 6, 17, 5], [18, 3, 19, 4], [20, 1, 21, 2], [22, 15, 23, 16]]"
12a_0902_26,"[[22, 15, 23, 16], [24, 11, 1, 12], [2, 19, 3, 20], [4, 10, 5, 9], [6, 14, 7, 13], [8, 18, 9, 17], [10, 21, 11, 22], [12, 8, 13, 7], [14, 23, 15, 24], [16, 6, 17, 5], [18, 3, 19, 4], [20, 1, 21, 2]]"
12a_0902_27,"[[20, 1, 21, 2], [22, 15, 23, 16], [24, 11, 1, 12], [2, 19, 3, 20], [4, 10, 5, 9], [6, 14, 7, 13], [8, 18, 9, 17], [10, 21, 11, 22], [12, 8, 13, 7], [14, 23, 15, 24], [16, 6, 17, 5], [18, 3, 19, 4]]"
12a_0902_28,"[[18, 3, 19, 4], [20, 1, 21, 2], [22, 15, 23, 16], [24, 11, 1, 12], [2, 19, 3, 20], [4, 10, 5, 9], [6, 14, 7, 13], [8, 18, 9, 17], [10, 21, 11, 22], [12, 8, 13, 7], [14, 23, 15, 24], [16, 6, 17, 5]]"
12a_0902_29,"[[16, 6, 17, 5], [18, 3, 19, 4], [20, 1, 21, 2], [22, 15, 23, 16], [24, 11, 1, 12], [2, 19, 3, 20], [4, 10, 5, 9], [6, 14, 7, 13], [8, 18, 9, 17], [10, 21, 11, 22], [12, 8, 13, 7], [14, 23, 15, 24]]"
12a_0902_30,"[[14, 23, 15, 24], [16, 6, 17, 5], [18, 3, 19, 4], [20, 1, 21, 2], [22, 15, 23, 16], [24, 11, 1, 12], [2, 19, 3, 20], [4, 10, 5, 9], [6, 14, 7, 13], [8, 18, 9, 17], [10, 21, 11, 22], [12, 8, 13, 7]]"
12a_0902_31,"[[12, 8, 13, 7], [14, 23, 15, 24], [16, 6, 17, 5], [18, 3, 19, 4], [20, 1, 21, 2], [22, 15, 23, 16], [24, 11, 1, 12], [2, 19, 3, 20], [4, 10, 5, 9], [6, 14, 7, 13], [8, 18, 9, 17], [10, 21, 11, 22]]"
12a_0902_32,"[[10, 21, 11, 22], [12, 8, 13, 7], [14, 23, 15, 24], [16, 6, 17, 5], [18, 3, 19, 4], [20, 1, 21, 2], [22, 15, 23, 16], [24, 11, 1, 12], [2, 19, 3, 20], [4, 10, 5, 9], [6, 14, 7, 13], [8, 18, 9, 17]]"
12a_0902_33,"[[8, 18, 9, 17], [10, 21, 11, 22], [12, 8, 13, 7], [14, 23, 15, 24], [16, 6, 17, 5], [18, 3, 19, 4], [20, 1, 21, 2], [22, 15, 23, 16], [24, 11, 1, 12], [2, 19, 3, 20], [4, 10, 5, 9], [6, 14, 7, 13]]"
12a_0902_34,"[[6, 14, 7, 13], [8, 18, 9, 17], [10, 21, 11, 22], [12, 8, 13, 7], [14, 23, 15, 24], [16, 6, 17, 5], [18, 3, 19, 4], [20, 1, 21, 2], [22, 15, 23, 16], [24, 11, 1, 12], [2, 19, 3, 20], [4, 10, 5, 9]]"
12a_0902_35,"[[4, 10, 5, 9], [6, 14, 7, 13], [8, 18, 9, 17], [10, 21, 11, 22], [12, 8, 13, 7], [14, 23, 15, 24], [16, 6, 17, 5], [18, 3, 19, 4], [20, 1, 21, 2], [22, 15, 23, 16], [24, 11, 1, 12], [2, 19, 3, 20]]"
12a_0902_36,"[[3, 20, 4, 21], [5, 11, 6, 10], [7, 15, 8, 14], [9, 19, 10, 18], [11, 22, 12, 23], [13, 9, 14, 8], [15, 24, 16, 1], [17, 7, 18, 6], [19, 4, 20, 5], [21, 2, 22, 3], [23, 16, 24, 17], [1, 12, 2, 13]]"
12a_0902_37,"[[1, 12, 2, 13], [3, 20, 4, 21], [5, 11, 6, 10], [7, 15, 8, 14], [9, 19, 10, 18], [11, 22, 12, 23], [13, 9, 14, 8], [15, 24, 16, 1], [17, 7, 18, 6], [19, 4, 20, 5], [21, 2, 22, 3], [23, 16, 24, 17]]"
12a_0902_38,"[[23, 16, 24, 17], [1, 12, 2, 13], [3, 20, 4, 21], [5, 11, 6, 10], [7, 15, 8, 14], [9, 19, 10, 18], [11, 22, 12, 23], [13, 9, 14, 8], [15, 24, 16, 1], [17, 7, 18, 6], [19, 4, 20, 5], [21, 2, 22, 3]]"
12a_0902_39,"[[21, 2, 22, 3], [23, 16, 24, 17], [1, 12, 2, 13], [3, 20, 4, 21], [5, 11, 6, 10], [7, 15, 8, 14], [9, 19, 10, 18], [11, 22, 12, 23], [13, 9, 14, 8], [15, 24, 16, 1], [17, 7, 18, 6], [19, 4, 20, 5]]"
12a_0902_40,"[[19, 4, 20, 5], [21, 2, 22, 3], [23, 16, 24, 17], [1, 12, 2, 13], [3, 20, 4, 21], [5, 11, 6, 10], [7, 15, 8, 14], [9, 19, 10, 18], [11, 22, 12, 23], [13, 9, 14, 8], [15, 24, 16, 1], [17, 7, 18, 6]]"
12a_0902_41,"[[17, 7, 18, 6], [19, 4, 20, 5], [21, 2, 22, 3], [23, 16, 24, 17], [1, 12, 2, 13], [3, 20, 4, 21], [5, 11, 6, 10], [7, 15, 8, 14], [9, 19, 10, 18], [11, 22, 12, 23], [13, 9, 14, 8], [15, 24, 16, 1]]"
12a_0902_42,"[[15, 24, 16, 1], [17, 7, 18, 6], [19, 4, 20, 5], [21, 2, 22, 3], [23, 16, 24, 17], [1, 12, 2, 13], [3, 20, 4, 21], [5, 11, 6, 10], [7, 15, 8, 14], [9, 19, 10, 18], [11, 22, 12, 23], [13, 9, 14, 8]]"
12a_0902_43,"[[13, 9, 14, 8], [15, 24, 16, 1], [17, 7, 18, 6], [19, 4, 20, 5], [21, 2, 22, 3], [23, 16, 24, 17], [1, 12, 2, 13], [3, 20, 4, 21], [5, 11, 6, 10], [7, 15, 8, 14], [9, 19, 10, 18], [11, 22, 12, 23]]"
12a_0902_44,"[[11, 22, 12, 23], [13, 9, 14, 8], [15, 24, 16, 1], [17, 7, 18, 6], [19, 4, 20, 5], [21, 2, 22, 3], [23, 16, 24, 17], [1, 12, 2, 13], [3, 20, 4, 21], [5, 11, 6, 10], [7, 15, 8, 14], [9, 19, 10, 18]]"
12a_0902_45,"[[9, 19, 10, 18], [11, 22, 12, 23], [13, 9, 14, 8], [15, 24, 16, 1], [17, 7, 18, 6], [19, 4, 20, 5], [21, 2, 22, 3], [23, 16, 24, 17], [1, 12, 2, 13], [3, 20, 4, 21], [5, 11, 6, 10], [7, 15, 8, 14]]"
12a_0902_46,"[[7, 15, 8, 14], [9, 19, 10, 18], [11, 22, 12, 23], [13, 9, 14, 8], [15, 24, 16, 1], [17, 7, 18, 6], [19, 4, 20, 5], [21, 2, 22, 3], [23, 16, 24, 17], [1, 12, 2, 13], [3, 20, 4, 21], [5, 11, 6, 10]]"
12a_0902_47,"[[5, 11, 6, 10], [7, 15, 8, 14], [9, 19, 10, 18], [11, 22, 12, 23], [13, 9, 14, 8], [15, 24, 16, 1], [17, 7, 18, 6], [19, 4, 20, 5], [21, 2, 22, 3], [23, 16, 24, 17], [1, 12, 2, 13], [3, 20, 4, 21]]"
12a_0902_48,"[[4, 21, 5, 22], [6, 12, 7, 11], [8, 16, 9, 15], [10, 20, 11, 19], [12, 23, 13, 24], [14, 10, 15, 9], [16, 1, 17, 2], [18, 8, 19, 7], [20, 5, 21, 6], [22, 3, 23, 4], [24, 17, 1, 18], [2, 13, 3, 14]]"
12a_0902_49,"[[2, 13, 3, 14], [4, 21, 5, 22], [6, 12, 7, 11], [8, 16, 9, 15], [10, 20, 11, 19], [12, 23, 13, 24], [14, 10, 15, 9], [16, 1, 17, 2], [18, 8, 19, 7], [20, 5, 21, 6], [22, 3, 23, 4], [24, 17, 1, 18]]"
12a_0902_50,"[[24, 17, 1, 18], [2, 13, 3, 14], [4, 21, 5, 22], [6, 12, 7, 11], [8, 16, 9, 15], [10, 20, 11, 19], [12, 23, 13, 24], [14, 10, 15, 9], [16, 1, 17, 2], [18, 8, 19, 7], [20, 5, 21, 6], [22, 3, 23, 4]]"
12a_0902_51,"[[22, 3, 23, 4], [24, 17, 1, 18], [2, 13, 3, 14], [4, 21, 5, 22], [6, 12, 7, 11], [8, 16, 9, 15], [10, 20, 11, 19], [12, 23, 13, 24], [14, 10, 15, 9], [16, 1, 17, 2], [18, 8, 19, 7], [20, 5, 21, 6]]"
12a_0902_52,"[[20, 5, 21, 6], [22, 3, 23, 4], [24, 17, 1, 18], [2, 13, 3, 14], [4, 21, 5, 22], [6, 12, 7, 11], [8, 16, 9, 15], [10, 20, 11, 19], [12, 23, 13, 24], [14, 10, 15, 9], [16, 1, 17, 2], [18, 8, 19, 7]]"
12a_0902_53,"[[18, 8, 19, 7], [20, 5, 21, 6], [22, 3, 23, 4], [24, 17, 1, 18], [2, 13, 3, 14], [4, 21, 5, 22], [6, 12, 7, 11], [8, 16, 9, 15], [10, 20, 11, 19], [12, 23, 13, 24], [14, 10, 15, 9], [16, 1, 17, 2]]"
12a_0902_54,"[[16, 1, 17, 2], [18, 8, 19, 7], [20, 5, 21, 6], [22, 3, 23, 4], [24, 17, 1, 18], [2, 13, 3, 14], [4, 21, 5, 22], [6, 12, 7, 11], [8, 16, 9, 15], [10, 20, 11, 19], [12, 23, 13, 24], [14, 10, 15, 9]]"
12a_0902_55,"[[14, 10, 15, 9], [16, 1, 17, 2], [18, 8, 19, 7], [20, 5, 21, 6], [22, 3, 23, 4], [24, 17, 1, 18], [2, 13, 3, 14], [4, 21, 5, 22], [6, 12, 7, 11], [8, 16, 9, 15], [10, 20, 11, 19], [12, 23, 13, 24]]"
12a_0902_56,"[[12, 23, 13, 24], [14, 10, 15, 9], [16, 1, 17, 2], [18, 8, 19, 7], [20, 5, 21, 6], [22, 3, 23, 4], [24, 17, 1, 18], [2, 13, 3, 14], [4, 21, 5, 22], [6, 12, 7, 11], [8, 16, 9, 15], [10, 20, 11, 19]]"
12a_0902_57,"[[10, 20, 11, 19], [12, 23, 13, 24], [14, 10, 15, 9], [16, 1, 17, 2], [18, 8, 19, 7], [20, 5, 21, 6], [22, 3, 23, 4], [24, 17, 1, 18], [2, 13, 3, 14], [4, 21, 5, 22], [6, 12, 7, 11], [8, 16, 9, 15]]"
12a_0902_58,"[[8, 16, 9, 15], [10, 20, 11, 19], [12, 23, 13, 24], [14, 10, 15, 9], [16, 1, 17, 2], [18, 8, 19, 7], [20, 5, 21, 6], [22, 3, 23, 4], [24, 17, 1, 18], [2, 13, 3, 14], [4, 21, 5, 22], [6, 12, 7, 11]]"
12a_0902_59,"[[6, 12, 7, 11], [8, 16, 9, 15], [10, 20, 11, 19], [12, 23, 13, 24], [14, 10, 15, 9], [16, 1, 17, 2], [18, 8, 19, 7], [20, 5, 21, 6], [22, 3, 23, 4], [24, 17, 1, 18], [2, 13, 3, 14], [4, 21, 5, 22]]"
12a_0902_60,"[[5, 22, 6, 23], [7, 13, 8, 12], [9, 17, 10, 16], [11, 21, 12, 20], [13, 24, 14, 1], [15, 11, 16, 10], [17, 2, 18, 3], [19, 9, 20, 8], [21, 6, 22, 7], [23, 4, 24, 5], [1, 18, 2, 19], [3, 14, 4, 15]]"
12a_0902_61,"[[3, 14, 4, 15], [5, 22, 6, 23], [7, 13, 8, 12], [9, 17, 10, 16], [11, 21, 12, 20], [13, 24, 14, 1], [15, 11, 16, 10], [17, 2, 18, 3], [19, 9, 20, 8], [21, 6, 22, 7], [23, 4, 24, 5], [1, 18, 2, 19]]"
12a_0902_62,"[[1, 18, 2, 19], [3, 14, 4, 15], [5, 22, 6, 23], [7, 13, 8, 12], [9, 17, 10, 16], [11, 21, 12, 20], [13, 24, 14, 1], [15, 11, 16, 10], [17, 2, 18, 3], [19, 9, 20, 8], [21, 6, 22, 7], [23, 4, 24, 5]]"
12a_0902_63,"[[23, 4, 24, 5], [1, 18, 2, 19], [3, 14, 4, 15], [5, 22, 6, 23], [7, 13, 8, 12], [9, 17, 10, 16], [11, 21, 12, 20], [13, 24, 14, 1], [15, 11, 16, 10], [17, 2, 18, 3], [19, 9, 20, 8], [21, 6, 22, 7]]"
12a_0902_64,"[[21, 6, 22, 7], [23, 4, 24, 5], [1, 18, 2, 19], [3, 14, 4, 15], [5, 22, 6, 23], [7, 13, 8, 12], [9, 17, 10, 16], [11, 21, 12, 20], [13, 24, 14, 1], [15, 11, 16, 10], [17, 2, 18, 3], [19, 9, 20, 8]]"
12a_0902_65,"[[19, 9, 20, 8], [21, 6, 22, 7], [23, 4, 24, 5], [1, 18, 2, 19], [3, 14, 4, 15], [5, 22, 6, 23], [7, 13, 8, 12], [9, 17, 10, 16], [11, 21, 12, 20], [13, 24, 14, 1], [15, 11, 16, 10], [17, 2, 18, 3]]"
12a_0902_66,"[[17, 2, 18, 3], [19, 9, 20, 8], [21, 6, 22, 7], [23, 4, 24, 5], [1, 18, 2, 19], [3, 14, 4, 15], [5, 22, 6, 23], [7, 13, 8, 12], [9, 17, 10, 16], [11, 21, 12, 20], [13, 24, 14, 1], [15, 11, 16, 10]]"
12a_0902_67,"[[15, 11, 16, 10], [17, 2, 18, 3], [19, 9, 20, 8], [21, 6, 22, 7], [23, 4, 24, 5], [1, 18, 2, 19], [3, 14, 4, 15], [5, 22, 6, 23], [7, 13, 8, 12], [9, 17, 10, 16], [11, 21, 12, 20], [13, 24, 14, 1]]"
12a_0902_68,"[[13, 24, 14, 1], [15, 11, 16, 10], [17, 2, 18, 3], [19, 9, 20, 8], [21, 6, 22, 7], [23, 4, 24, 5], [1, 18, 2, 19], [3, 14, 4, 15], [5, 22, 6, 23], [7, 13, 8, 12], [9, 17, 10, 16], [11, 21, 12, 20]]"
12a_0902_69,"[[11, 21, 12, 20], [13, 24, 14, 1], [15, 11, 16, 10], [17, 2, 18, 3], [19, 9, 20, 8], [21, 6, 22, 7], [23, 4, 24, 5], [1, 18, 2, 19], [3, 14, 4, 15], [5, 22, 6, 23], [7, 13, 8, 12], [9, 17, 10, 16]]"
12a_0902_70,"[[9, 17, 10, 16], [11, 21, 12, 20], [13, 24, 14, 1], [15, 11, 16, 10], [17, 2, 18, 3], [19, 9, 20, 8], [21, 6, 22, 7], [23, 4, 24, 5], [1, 18, 2, 19], [3, 14, 4, 15], [5, 22, 6, 23], [7, 13, 8, 12]]"
12a_0902_71,"[[7, 13, 8, 12], [9, 17, 10, 16], [11, 21, 12, 20], [13, 24, 14, 1], [15, 11, 16, 10], [17, 2, 18, 3], [19, 9, 20, 8], [21, 6, 22, 7], [23, 4, 24, 5], [1, 18, 2, 19], [3, 14, 4, 15], [5, 22, 6, 23]]"
12a_0902_72,"[[6, 23, 7, 24], [8, 14, 9, 13], [10, 18, 11, 17], [12, 22, 13, 21], [14, 1, 15, 2], [16, 12, 17, 11], [18, 3, 19, 4], [20, 10, 21, 9], [22, 7, 23, 8], [24, 5, 1, 6], [2, 19, 3, 20], [4, 15, 5, 16]]"
12a_0902_73,"[[4, 15, 5, 16], [6, 23, 7, 24], [8, 14, 9, 13], [10, 18, 11, 17], [12, 22, 13, 21], [14, 1, 15, 2], [16, 12, 17, 11], [18, 3, 19, 4], [20, 10, 21, 9], [22, 7, 23, 8], [24, 5, 1, 6], [2, 19, 3, 20]]"
12a_0902_74,"[[2, 19, 3, 20], [4, 15, 5, 16], [6, 23, 7, 24], [8, 14, 9, 13], [10, 18, 11, 17], [12, 22, 13, 21], [14, 1, 15, 2], [16, 12, 17, 11], [18, 3, 19, 4], [20, 10, 21, 9], [22, 7, 23, 8], [24, 5, 1, 6]]"
12a_0902_75,"[[24, 5, 1, 6], [2, 19, 3, 20], [4, 15, 5, 16], [6, 23, 7, 24], [8, 14, 9, 13], [10, 18, 11, 17], [12, 22, 13, 21], [14, 1, 15, 2], [16, 12, 17, 11], [18, 3, 19, 4], [20, 10, 21, 9], [22, 7, 23, 8]]"
12a_0902_76,"[[22, 7, 23, 8], [24, 5, 1, 6], [2, 19, 3, 20], [4, 15, 5, 16], [6, 23, 7, 24], [8, 14, 9, 13], [10, 18, 11, 17], [12, 22, 13, 21], [14, 1, 15, 2], [16, 12, 17, 11], [18, 3, 19, 4], [20, 10, 21, 9]]"
12a_0902_77,"[[20, 10, 21, 9], [22, 7, 23, 8], [24, 5, 1, 6], [2, 19, 3, 20], [4, 15, 5, 16], [6, 23, 7, 24], [8, 14, 9, 13], [10, 18, 11, 17], [12, 22, 13, 21], [14, 1, 15, 2], [16, 12, 17, 11], [18, 3, 19, 4]]"
12a_0902_78,"[[18, 3, 19, 4], [20, 10, 21, 9], [22, 7, 23, 8], [24, 5, 1, 6], [2, 19, 3, 20], [4, 15, 5, 16], [6, 23, 7, 24], [8, 14, 9, 13], [10, 18, 11, 17], [12, 22, 13, 21], [14, 1, 15, 2], [16, 12, 17, 11]]"
12a_0902_79,"[[16, 12, 17, 11], [18, 3, 19, 4], [20, 10, 21, 9], [22, 7, 23, 8], [24, 5, 1, 6], [2, 19, 3, 20], [4, 15, 5, 16], [6, 23, 7, 24], [8, 14, 9, 13], [10, 18, 11, 17], [12, 22, 13, 21], [14, 1, 15, 2]]"
12a_0902_80,"[[14, 1, 15, 2], [16, 12, 17, 11], [18, 3, 19, 4], [20, 10, 21, 9], [22, 7, 23, 8], [24, 5, 1, 6], [2, 19, 3, 20], [4, 15, 5, 16], [6, 23, 7, 24], [8, 14, 9, 13], [10, 18, 11, 17], [12, 22, 13, 21]]"
12a_0902_81,"[[12, 22, 13, 21], [14, 1, 15, 2], [16, 12, 17, 11], [18, 3, 19, 4], [20, 10, 21, 9], [22, 7, 23, 8], [24, 5, 1, 6], [2, 19, 3, 20], [4, 15, 5, 16], [6, 23, 7, 24], [8, 14, 9, 13], [10, 18, 11, 17]]"
12a_0902_82,"[[10, 18, 11, 17], [12, 22, 13, 21], [14, 1, 15, 2], [16, 12, 17, 11], [18, 3, 19, 4], [20, 10, 21, 9], [22, 7, 23, 8], [24, 5, 1, 6], [2, 19, 3, 20], [4, 15, 5, 16], [6, 23, 7, 24], [8, 14, 9, 13]]"
12a_0902_83,"[[8, 14, 9, 13], [10, 18, 11, 17], [12, 22, 13, 21], [14, 1, 15, 2], [16, 12, 17, 11], [18, 3, 19, 4], [20, 10, 21, 9], [22, 7, 23, 8], [24, 5, 1, 6], [2, 19, 3, 20], [4, 15, 5, 16], [6, 23, 7, 24]]"
12a_0902_84,"[[7, 24, 8, 1], [9, 15, 10, 14], [11, 19, 12, 18], [13, 23, 14, 22], [15, 2, 16, 3], [17, 13, 18, 12], [19, 4, 20, 5], [21, 11, 22, 10], [23, 8, 24, 9], [1, 6, 2, 7], [3, 20, 4, 21], [5, 16, 6, 17]]"
12a_0902_85,"[[5, 16, 6, 17], [7, 24, 8, 1], [9, 15, 10, 14], [11, 19, 12, 18], [13, 23, 14, 22], [15, 2, 16, 3], [17, 13, 18, 12], [19, 4, 20, 5], [21, 11, 22, 10], [23, 8, 24, 9], [1, 6, 2, 7], [3, 20, 4, 21]]"
12a_0902_86,"[[3, 20, 4, 21], [5, 16, 6, 17], [7, 24, 8, 1], [9, 15, 10, 14], [11, 19, 12, 18], [13, 23, 14, 22], [15, 2, 16, 3], [17, 13, 18, 12], [19, 4, 20, 5], [21, 11, 22, 10], [23, 8, 24, 9], [1, 6, 2, 7]]"
12a_0902_87,"[[1, 6, 2, 7], [3, 20, 4, 21], [5, 16, 6, 17], [7, 24, 8, 1], [9, 15, 10, 14], [11, 19, 12, 18], [13, 23, 14, 22], [15, 2, 16, 3], [17, 13, 18, 12], [19, 4, 20, 5], [21, 11, 22, 10], [23, 8, 24, 9]]"
12a_0902_88,"[[23, 8, 24, 9], [1, 6, 2, 7], [3, 20, 4, 21], [5, 16, 6, 17], [7, 24, 8, 1], [9, 15, 10, 14], [11, 19, 12, 18], [13, 23, 14, 22], [15, 2, 16, 3], [17, 13, 18, 12], [19, 4, 20, 5], [21, 11, 22, 10]]"
12a_0902_89,"[[21, 11, 22, 10], [23, 8, 24, 9], [1, 6, 2, 7], [3, 20, 4, 21], [5, 16, 6, 17], [7, 24, 8, 1], [9, 15, 10, 14], [11, 19, 12, 18], [13, 23, 14, 22], [15, 2, 16, 3], [17, 13, 18, 12], [19, 4, 20, 5]]"
12a_0902_90,"[[19, 4, 20, 5], [21, 11, 22, 10], [23, 8, 24, 9], [1, 6, 2, 7], [3, 20, 4, 21], [5, 16, 6, 17], [7, 24, 8, 1], [9, 15, 10, 14], [11, 19, 12, 18], [13, 23, 14, 22], [15, 2, 16, 3], [17, 13, 18, 12]]"
12a_0902_91,"[[17, 13, 18, 12], [19, 4, 20, 5], [21, 11, 22, 10], [23, 8, 24, 9], [1, 6, 2, 7], [3, 20, 4, 21], [5, 16, 6, 17], [7, 24, 8, 1], [9, 15, 10, 14], [11, 19, 12, 18], [13, 23, 14, 22], [15, 2, 16, 3]]"
12a_0902_92,"[[15, 2, 16, 3], [17, 13, 18, 12], [19, 4, 20, 5], [21, 11, 22, 10], [23, 8, 24, 9], [1, 6, 2, 7], [3, 20, 4, 21], [5, 16, 6, 17], [7, 24, 8, 1], [9, 15, 10, 14], [11, 19, 12, 18], [13, 23, 14, 22]]"
12a_0902_93,"[[13, 23, 14, 22], [15, 2, 16, 3], [17, 13, 18, 12], [19, 4, 20, 5], [21, 11, 22, 10], [23, 8, 24, 9], [1, 6, 2, 7], [3, 20, 4, 21], [5, 16, 6, 17], [7, 24, 8, 1], [9, 15, 10, 14], [11, 19, 12, 18]]"
12a_0902_94,"[[11, 19, 12, 18], [13, 23, 14, 22], [15, 2, 16, 3], [17, 13, 18, 12], [19, 4, 20, 5], [21, 11, 22, 10], [23, 8, 24, 9], [1, 6, 2, 7], [3, 20, 4, 21], [5, 16, 6, 17], [7, 24, 8, 1], [9, 15, 10, 14]]"
12a_0902_95,"[[9, 15, 10, 14], [11, 19, 12, 18], [13, 23, 14, 22], [15, 2, 16, 3], [17, 13, 18, 12], [19, 4, 20, 5], [21, 11, 22, 10], [23, 8, 24, 9], [1, 6, 2, 7], [3, 20, 4, 21], [5, 16, 6, 17], [7, 24, 8, 1]]"
12a_0902_96,"[[8, 1, 9, 2], [10, 16, 11, 15], [12, 20, 13, 19], [14, 24, 15, 23], [16, 3, 17, 4], [18, 14, 19, 13], [20, 5, 21, 6], [22, 12, 23, 11], [24, 9, 1, 10], [2, 7, 3, 8], [4, 21, 5, 22], [6, 17, 7, 18]]"
12a_0902_97,"[[6, 17, 7, 18], [8, 1, 9, 2], [10, 16, 11, 15], [12, 20, 13, 19], [14, 24, 15, 23], [16, 3, 17, 4], [18, 14, 19, 13], [20, 5, 21, 6], [22, 12, 23, 11], [24, 9, 1, 10], [2, 7, 3, 8], [4, 21, 5, 22]]"
12a_0902_98,"[[4, 21, 5, 22], [6, 17, 7, 18], [8, 1, 9, 2], [10, 16, 11, 15], [12, 20, 13, 19], [14, 24, 15, 23], [16, 3, 17, 4], [18, 14, 19, 13], [20, 5, 21, 6], [22, 12, 23, 11], [24, 9, 1, 10], [2, 7, 3, 8]]"
12a_0902_99,"[[2, 7, 3, 8], [4, 21, 5, 22], [6, 17, 7, 18], [8, 1, 9, 2], [10, 16, 11, 15], [12, 20, 13, 19], [14, 24, 15, 23], [16, 3, 17, 4], [18, 14, 19, 13], [20, 5, 21, 6], [22, 12, 23, 11], [24, 9, 1, 10]]"
12a_0902_100,"[[24, 9, 1, 10], [2, 7, 3, 8], [4, 21, 5, 22], [6, 17, 7, 18], [8, 1, 9, 2], [10, 16, 11, 15], [12, 20, 13, 19], [14, 24, 15, 23], [16, 3, 17, 4], [18, 14, 19, 13], [20, 5, 21, 6], [22, 12, 23, 11]]"
12a_0902_101,"[[22, 12, 23, 11], [24, 9, 1, 10], [2, 7, 3, 8], [4, 21, 5, 22], [6, 17, 7, 18], [8, 1, 9, 2], [10, 16, 11, 15], [12, 20, 13, 19], [14, 24, 15, 23], [16, 3, 17, 4], [18, 14, 19, 13], [20, 5, 21, 6]]"
12a_0902_102,"[[20, 5, 21, 6], [22, 12, 23, 11], [24, 9, 1, 10], [2, 7, 3, 8], [4, 21, 5, 22], [6, 17, 7, 18], [8, 1, 9, 2], [10, 16, 11, 15], [12, 20, 13, 19], [14, 24, 15, 23], [16, 3, 17, 4], [18, 14, 19, 13]]"
12a_0902_103,"[[18, 14, 19, 13], [20, 5, 21, 6], [22, 12, 23, 11], [24, 9, 1, 10], [2, 7, 3, 8], [4, 21, 5, 22], [6, 17, 7, 18], [8, 1, 9, 2], [10, 16, 11, 15], [12, 20, 13, 19], [14, 24, 15, 23], [16, 3, 17, 4]]"
12a_0902_104,"[[16, 3, 17, 4], [18, 14, 19, 13], [20, 5, 21, 6], [22, 12, 23, 11], [24, 9, 1, 10], [2, 7, 3, 8], [4, 21, 5, 22], [6, 17, 7, 18], [8, 1, 9, 2], [10, 16, 11, 15], [12, 20, 13, 19], [14, 24, 15, 23]]"
12a_0902_105,"[[14, 24, 15, 23], [16, 3, 17, 4], [18, 14, 19, 13], [20, 5, 21, 6], [22, 12, 23, 11], [24, 9, 1, 10], [2, 7, 3, 8], [4, 21, 5, 22], [6, 17, 7, 18], [8, 1, 9, 2], [10, 16, 11, 15], [12, 20, 13, 19]]"
12a_0902_106,"[[12, 20, 13, 19], [14, 24, 15, 23], [16, 3, 17, 4], [18, 14, 19, 13], [20, 5, 21, 6], [22, 12, 23, 11], [24, 9, 1, 10], [2, 7, 3, 8], [4, 21, 5, 22], [6, 17, 7, 18], [8, 1, 9, 2], [10, 16, 11, 15]]"
12a_0902_107,"[[10, 16, 11, 15], [12, 20, 13, 19], [14, 24, 15, 23], [16, 3, 17, 4], [18, 14, 19, 13], [20, 5, 21, 6], [22, 12, 23, 11], [24, 9, 1, 10], [2, 7, 3, 8], [4, 21, 5, 22], [6, 17, 7, 18], [8, 1, 9, 2]]"
12a_0902_108,"[[9, 2, 10, 3], [11, 17, 12, 16], [13, 21, 14, 20], [15, 1, 16, 24], [17, 4, 18, 5], [19, 15, 20, 14], [21, 6, 22, 7], [23, 13, 24, 12], [1, 10, 2, 11], [3, 8, 4, 9], [5, 22, 6, 23], [7, 18, 8, 19]]"
12a_0902_109,"[[7, 18, 8, 19], [9, 2, 10, 3], [11, 17, 12, 16], [13, 21, 14, 20], [15, 1, 16, 24], [17, 4, 18, 5], [19, 15, 20, 14], [21, 6, 22, 7], [23, 13, 24, 12], [1, 10, 2, 11], [3, 8, 4, 9], [5, 22, 6, 23]]"
12a_0902_110,"[[5, 22, 6, 23], [7, 18, 8, 19], [9, 2, 10, 3], [11, 17, 12, 16], [13, 21, 14, 20], [15, 1, 16, 24], [17, 4, 18, 5], [19, 15, 20, 14], [21, 6, 22, 7], [23, 13, 24, 12], [1, 10, 2, 11], [3, 8, 4, 9]]"
12a_0902_111,"[[3, 8, 4, 9], [5, 22, 6, 23], [7, 18, 8, 19], [9, 2, 10, 3], [11, 17, 12, 16], [13, 21, 14, 20], [15, 1, 16, 24], [17, 4, 18, 5], [19, 15, 20, 14], [21, 6, 22, 7], [23, 13, 24, 12], [1, 10, 2, 11]]"
12a_0902_112,"[[1, 10, 2, 11], [3, 8, 4, 9], [5, 22, 6, 23], [7, 18, 8, 19], [9, 2, 10, 3], [11, 17, 12, 16], [13, 21, 14, 20], [15, 1, 16, 24], [17, 4, 18, 5], [19, 15, 20, 14], [21, 6, 22, 7], [23, 13, 24, 12]]"
12a_0902_113,"[[23, 13, 24, 12], [1, 10, 2, 11], [3, 8, 4, 9], [5, 22, 6, 23], [7, 18, 8, 19], [9, 2, 10, 3], [11, 17, 12, 16], [13, 21, 14, 20], [15, 1, 16, 24], [17, 4, 18, 5], [19, 15, 20, 14], [21, 6, 22, 7]]"
12a_0902_114,"[[21, 6, 22, 7], [23, 13, 24, 12], [1, 10, 2, 11], [3, 8, 4, 9], [5, 22, 6, 23], [7, 18, 8, 19], [9, 2, 10, 3], [11, 17, 12, 16], [13, 21, 14, 20], [15, 1, 16, 24], [17, 4, 18, 5], [19, 15, 20, 14]]"
12a_0902_115,"[[19, 15, 20, 14], [21, 6, 22, 7], [23, 13, 24, 12], [1, 10, 2, 11], [3, 8, 4, 9], [5, 22, 6, 23], [7, 18, 8, 19], [9, 2, 10, 3], [11, 17, 12, 16], [13, 21, 14, 20], [15, 1, 16, 24], [17, 4, 18, 5]]"
12a_0902_116,"[[17, 4, 18, 5], [19, 15, 20, 14], [21, 6, 22, 7], [23, 13, 24, 12], [1, 10, 2, 11], [3, 8, 4, 9], [5, 22, 6, 23], [7, 18, 8, 19], [9, 2, 10, 3], [11, 17, 12, 16], [13, 21, 14, 20], [15, 1, 16, 24]]"
12a_0902_117,"[[15, 1, 16, 24], [17, 4, 18, 5], [19, 15, 20, 14], [21, 6, 22, 7], [23, 13, 24, 12], [1, 10, 2, 11], [3, 8, 4, 9], [5, 22, 6, 23], [7, 18, 8, 19], [9, 2, 10, 3], [11, 17, 12, 16], [13, 21, 14, 20]]"
12a_0902_118,"[[13, 21, 14, 20], [15, 1, 16, 24], [17, 4, 18, 5], [19, 15, 20, 14], [21, 6, 22, 7], [23, 13, 24, 12], [1, 10, 2, 11], [3, 8, 4, 9], [5, 22, 6, 23], [7, 18, 8, 19], [9, 2, 10, 3], [11, 17, 12, 16]]"
12a_0902_119,"[[11, 17, 12, 16], [13, 21, 14, 20], [15, 1, 16, 24], [17, 4, 18, 5], [19, 15, 20, 14], [21, 6, 22, 7], [23, 13, 24, 12], [1, 10, 2, 11], [3, 8, 4, 9], [5, 22, 6, 23], [7, 18, 8, 19], [9, 2, 10, 3]]"
12a_0902_120,"[[10, 3, 11, 4], [12, 18, 13, 17], [14, 22, 15, 21], [16, 2, 17, 1], [18, 5, 19, 6], [20, 16, 21, 15], [22, 7, 23, 8], [24, 14, 1, 13], [2, 11, 3, 12], [4, 9, 5, 10], [6, 23, 7, 24], [8, 19, 9, 20]]"
12a_0902_121,"[[8, 19, 9, 20], [10, 3, 11, 4], [12, 18, 13, 17], [14, 22, 15, 21], [16, 2, 17, 1], [18, 5, 19, 6], [20, 16, 21, 15], [22, 7, 23, 8], [24, 14, 1, 13], [2, 11, 3, 12], [4, 9, 5, 10], [6, 23, 7, 24]]"
12a_0902_122,"[[6, 23, 7, 24], [8, 19, 9, 20], [10, 3, 11, 4], [12, 18, 13, 17], [14, 22, 15, 21], [16, 2, 17, 1], [18, 5, 19, 6], [20, 16, 21, 15], [22, 7, 23, 8], [24, 14, 1, 13], [2, 11, 3, 12], [4, 9, 5, 10]]"
12a_0902_123,"[[4, 9, 5, 10], [6, 23, 7, 24], [8, 19, 9, 20], [10, 3, 11, 4], [12, 18, 13, 17], [14, 22, 15, 21], [16, 2, 17, 1], [18, 5, 19, 6], [20, 16, 21, 15], [22, 7, 23, 8], [24, 14, 1, 13], [2, 11, 3, 12]]"
12a_0902_124,"[[2, 11, 3, 12], [4, 9, 5, 10], [6, 23, 7, 24], [8, 19, 9, 20], [10, 3, 11, 4], [12, 18, 13, 17], [14, 22, 15, 21], [16, 2, 17, 1], [18, 5, 19, 6], [20, 16, 21, 15], [22, 7, 23, 8], [24, 14, 1, 13]]"
12a_0902_125,"[[24, 14, 1, 13], [2, 11, 3, 12], [4, 9, 5, 10], [6, 23, 7, 24], [8, 19, 9, 20], [10, 3, 11, 4], [12, 18, 13, 17], [14, 22, 15, 21], [16, 2, 17, 1], [18, 5, 19, 6], [20, 16, 21, 15], [22, 7, 23, 8]]"
12a_0902_126,"[[22, 7, 23, 8], [24, 14, 1, 13], [2, 11, 3, 12], [4, 9, 5, 10], [6, 23, 7, 24], [8, 19, 9, 20], [10, 3, 11, 4], [12, 18, 13, 17], [14, 22, 15, 21], [16, 2, 17, 1], [18, 5, 19, 6], [20, 16, 21, 15]]"
12a_0902_127,"[[20, 16, 21, 15], [22, 7, 23, 8], [24, 14, 1, 13], [2, 11, 3, 12], [4, 9, 5, 10], [6, 23, 7, 24], [8, 19, 9, 20], [10, 3, 11, 4], [12, 18, 13, 17], [14, 22, 15, 21], [16, 2, 17, 1], [18, 5, 19, 6]]"
12a_0902_128,"[[18, 5, 19, 6], [20, 16, 21, 15], [22, 7, 23, 8], [24, 14, 1, 13], [2, 11, 3, 12], [4, 9, 5, 10], [6, 23, 7, 24], [8, 19, 9, 20], [10, 3, 11, 4], [12, 18, 13, 17], [14, 22, 15, 21], [16, 2, 17, 1]]"
12a_0902_129,"[[16, 2, 17, 1], [18, 5, 19, 6], [20, 16, 21, 15], [22, 7, 23, 8], [24, 14, 1, 13], [2, 11, 3, 12], [4, 9, 5, 10], [6, 23, 7, 24], [8, 19, 9, 20], [10, 3, 11, 4], [12, 18, 13, 17], [14, 22, 15, 21]]"
12a_0902_130,"[[14, 22, 15, 21], [16, 2, 17, 1], [18, 5, 19, 6], [20, 16, 21, 15], [22, 7, 23, 8], [24, 14, 1, 13], [2, 11, 3, 12], [4, 9, 5, 10], [6, 23, 7, 24], [8, 19, 9, 20], [10, 3, 11, 4], [12, 18, 13, 17]]"
12a_0902_131,"[[12, 18, 13, 17], [14, 22, 15, 21], [16, 2, 17, 1], [18, 5, 19, 6], [20, 16, 21, 15], [22, 7, 23, 8], [24, 14, 1, 13], [2, 11, 3, 12], [4, 9, 5, 10], [6, 23, 7, 24], [8, 19, 9, 20], [10, 3, 11, 4]]"
12a_0902_132,"[[11, 4, 12, 5], [13, 19, 14, 18], [15, 23, 16, 22], [17, 3, 18, 2], [19, 6, 20, 7], [21, 17, 22, 16], [23, 8, 24, 9], [1, 15, 2, 14], [3, 12, 4, 13], [5, 10, 6, 11], [7, 24, 8, 1], [9, 20, 10, 21]]"
12a_0902_133,"[[9, 20, 10, 21], [11, 4, 12, 5], [13, 19, 14, 18], [15, 23, 16, 22], [17, 3, 18, 2], [19, 6, 20, 7], [21, 17, 22, 16], [23, 8, 24, 9], [1, 15, 2, 14], [3, 12, 4, 13], [5, 10, 6, 11], [7, 24, 8, 1]]"
12a_0902_134,"[[7, 24, 8, 1], [9, 20, 10, 21], [11, 4, 12, 5], [13, 19, 14, 18], [15, 23, 16, 22], [17, 3, 18, 2], [19, 6, 20, 7], [21, 17, 22, 16], [23, 8, 24, 9], [1, 15, 2, 14], [3, 12, 4, 13], [5, 10, 6, 11]]"
12a_0902_135,"[[5, 10, 6, 11], [7, 24, 8, 1], [9, 20, 10, 21], [11, 4, 12, 5], [13, 19, 14, 18], [15, 23, 16, 22], [17, 3, 18, 2], [19, 6, 20, 7], [21, 17, 22, 16], [23, 8, 24, 9], [1, 15, 2, 14], [3, 12, 4, 13]]"
12a_0902_136,"[[3, 12, 4, 13], [5, 10, 6, 11], [7, 24, 8, 1], [9, 20, 10, 21], [11, 4, 12, 5], [13, 19, 14, 18], [15, 23, 16, 22], [17, 3, 18, 2], [19, 6, 20, 7], [21, 17, 22, 16], [23, 8, 24, 9], [1, 15, 2, 14]]"
12a_0902_137,"[[1, 15, 2, 14], [3, 12, 4, 13], [5, 10, 6, 11], [7, 24, 8, 1], [9, 20, 10, 21], [11, 4, 12, 5], [13, 19, 14, 18], [15, 23, 16, 22], [17, 3, 18, 2], [19, 6, 20, 7], [21, 17, 22, 16], [23, 8, 24, 9]]"
12a_0902_138,"[[23, 8, 24, 9], [1, 15, 2, 14], [3, 12, 4, 13], [5, 10, 6, 11], [7, 24, 8, 1], [9, 20, 10, 21], [11, 4, 12, 5], [13, 19, 14, 18], [15, 23, 16, 22], [17, 3, 18, 2], [19, 6, 20, 7], [21, 17, 22, 16]]"
12a_0902_139,"[[21, 17, 22, 16], [23, 8, 24, 9], [1, 15, 2, 14], [3, 12, 4, 13], [5, 10, 6, 11], [7, 24, 8, 1], [9, 20, 10, 21], [11, 4, 12, 5], [13, 19, 14, 18], [15, 23, 16, 22], [17, 3, 18, 2], [19, 6, 20, 7]]"
12a_0902_140,"[[19, 6, 20, 7], [21, 17, 22, 16], [23, 8, 24, 9], [1, 15, 2, 14], [3, 12, 4, 13], [5, 10, 6, 11], [7, 24, 8, 1], [9, 20, 10, 21], [11, 4, 12, 5], [13, 19, 14, 18], [15, 23, 16, 22], [17, 3, 18, 2]]"
12a_0902_141,"[[17, 3, 18, 2], [19, 6, 20, 7], [21, 17, 22, 16], [23, 8, 24, 9], [1, 15, 2, 14], [3, 12, 4, 13], [5, 10, 6, 11], [7, 24, 8, 1], [9, 20, 10, 21], [11, 4, 12, 5], [13, 19, 14, 18], [15, 23, 16, 22]]"
12a_0902_142,"[[15, 23, 16, 22], [17, 3, 18, 2], [19, 6, 20, 7], [21, 17, 22, 16], [23, 8, 24, 9], [1, 15, 2, 14], [3, 12, 4, 13], [5, 10, 6, 11], [7, 24, 8, 1], [9, 20, 10, 21], [11, 4, 12, 5], [13, 19, 14, 18]]"
12a_0902_143,"[[13, 19, 14, 18], [15, 23, 16, 22], [17, 3, 18, 2], [19, 6, 20, 7], [21, 17, 22, 16], [23, 8, 24, 9], [1, 15, 2, 14], [3, 12, 4, 13], [5, 10, 6, 11], [7, 24, 8, 1], [9, 20, 10, 21], [11, 4, 12, 5]]"
12a_0902_144,"[[12, 5, 13, 6], [14, 20, 15, 19], [16, 24, 17, 23], [18, 4, 19, 3], [20, 7, 21, 8], [22, 18, 23, 17], [24, 9, 1, 10], [2, 16, 3, 15], [4, 13, 5, 14], [6, 11, 7, 12], [8, 1, 9, 2], [10, 21, 11, 22]]"
12a_0902_145,"[[10, 21, 11, 22], [12, 5, 13, 6], [14, 20, 15, 19], [16, 24, 17, 23], [18, 4, 19, 3], [20, 7, 21, 8], [22, 18, 23, 17], [24, 9, 1, 10], [2, 16, 3, 15], [4, 13, 5, 14], [6, 11, 7, 12], [8, 1, 9, 2]]"
12a_0902_146,"[[8, 1, 9, 2], [10, 21, 11, 22], [12, 5, 13, 6], [14, 20, 15, 19], [16, 24, 17, 23], [18, 4, 19, 3], [20, 7, 21, 8], [22, 18, 23, 17], [24, 9, 1, 10], [2, 16, 3, 15], [4, 13, 5, 14], [6, 11, 7, 12]]"
12a_0902_147,"[[6, 11, 7, 12], [8, 1, 9, 2], [10, 21, 11, 22], [12, 5, 13, 6], [14, 20, 15, 19], [16, 24, 17, 23], [18, 4, 19, 3], [20, 7, 21, 8], [22, 18, 23, 17], [24, 9, 1, 10], [2, 16, 3, 15], [4, 13, 5, 14]]"
12a_0902_148,"[[4, 13, 5, 14], [6, 11, 7, 12], [8, 1, 9, 2], [10, 21, 11, 22], [12, 5, 13, 6], [14, 20, 15, 19], [16, 24, 17, 23], [18, 4, 19, 3], [20, 7, 21, 8], [22, 18, 23, 17], [24, 9, 1, 10], [2, 16, 3, 15]]"
12a_0902_149,"[[2, 16, 3, 15], [4, 13, 5, 14], [6, 11, 7, 12], [8, 1, 9, 2], [10, 21, 11, 22], [12, 5, 13, 6], [14, 20, 15, 19], [16, 24, 17, 23], [18, 4, 19, 3], [20, 7, 21, 8], [22, 18, 23, 17], [24, 9, 1, 10]]"
12a_0902_150,"[[24, 9, 1, 10], [2, 16, 3, 15], [4, 13, 5, 14], [6, 11, 7, 12], [8, 1, 9, 2], [10, 21, 11, 22], [12, 5, 13, 6], [14, 20, 15, 19], [16, 24, 17, 23], [18, 4, 19, 3], [20, 7, 21, 8], [22, 18, 23, 17]]"
12a_0902_151,"[[22, 18, 23, 17], [24, 9, 1, 10], [2, 16, 3, 15], [4, 13, 5, 14], [6, 11, 7, 12], [8, 1, 9, 2], [10, 21, 11, 22], [12, 5, 13, 6], [14, 20, 15, 19], [16, 24, 17, 23], [18, 4, 19, 3], [20, 7, 21, 8]]"
12a_0902_152,"[[20, 7, 21, 8], [22, 18, 23, 17], [24, 9, 1, 10], [2, 16, 3, 15], [4, 13, 5, 14], [6, 11, 7, 12], [8, 1, 9, 2], [10, 21, 11, 22], [12, 5, 13, 6], [14, 20, 15, 19], [16, 24, 17, 23], [18, 4, 19, 3]]"
12a_0902_153,"[[18, 4, 19, 3], [20, 7, 21, 8], [22, 18, 23, 17], [24, 9, 1, 10], [2, 16, 3, 15], [4, 13, 5, 14], [6, 11, 7, 12], [8, 1, 9, 2], [10, 21, 11, 22], [12, 5, 13, 6], [14, 20, 15, 19], [16, 24, 17, 23]]"
12a_0902_154,"[[16, 24, 17, 23], [18, 4, 19, 3], [20, 7, 21, 8], [22, 18, 23, 17], [24, 9, 1, 10], [2, 16, 3, 15], [4, 13, 5, 14], [6, 11, 7, 12], [8, 1, 9, 2], [10, 21, 11, 22], [12, 5, 13, 6], [14, 20, 15, 19]]"
12a_0902_155,"[[14, 20, 15, 19], [16, 24, 17, 23], [18, 4, 19, 3], [20, 7, 21, 8], [22, 18, 23, 17], [24, 9, 1, 10], [2, 16, 3, 15], [4, 13, 5, 14], [6, 11, 7, 12], [8, 1, 9, 2], [10, 21, 11, 22], [12, 5, 13, 6]]"
12a_0902_156,"[[13, 6, 14, 7], [15, 21, 16, 20], [17, 1, 18, 24], [19, 5, 20, 4], [21, 8, 22, 9], [23, 19, 24, 18], [1, 10, 2, 11], [3, 17, 4, 16], [5, 14, 6, 15], [7, 12, 8, 13], [9, 2, 10, 3], [11, 22, 12, 23]]"
12a_0902_157,"[[11, 22, 12, 23], [13, 6, 14, 7], [15, 21, 16, 20], [17, 1, 18, 24], [19, 5, 20, 4], [21, 8, 22, 9], [23, 19, 24, 18], [1, 10, 2, 11], [3, 17, 4, 16], [5, 14, 6, 15], [7, 12, 8, 13], [9, 2, 10, 3]]"
12a_0902_158,"[[9, 2, 10, 3], [11, 22, 12, 23], [13, 6, 14, 7], [15, 21, 16, 20], [17, 1, 18, 24], [19, 5, 20, 4], [21, 8, 22, 9], [23, 19, 24, 18], [1, 10, 2, 11], [3, 17, 4, 16], [5, 14, 6, 15], [7, 12, 8, 13]]"
12a_0902_159,"[[7, 12, 8, 13], [9, 2, 10, 3], [11, 22, 12, 23], [13, 6, 14, 7], [15, 21, 16, 20], [17, 1, 18, 24], [19, 5, 20, 4], [21, 8, 22, 9], [23, 19, 24, 18], [1, 10, 2, 11], [3, 17, 4, 16], [5, 14, 6, 15]]"
12a_0902_160,"[[5, 14, 6, 15], [7, 12, 8, 13], [9, 2, 10, 3], [11, 22, 12, 23], [13, 6, 14, 7], [15, 21, 16, 20], [17, 1, 18, 24], [19, 5, 20, 4], [21, 8, 22, 9], [23, 19, 24, 18], [1, 10, 2, 11], [3, 17, 4, 16]]"
12a_0902_161,"[[3, 17, 4, 16], [5, 14, 6, 15], [7, 12, 8, 13], [9, 2, 10, 3], [11, 22, 12, 23], [13, 6, 14, 7], [15, 21, 16, 20], [17, 1, 18, 24], [19, 5, 20, 4], [21, 8, 22, 9], [23, 19, 24, 18], [1, 10, 2, 11]]"
12a_0902_162,"[[1, 10, 2, 11], [3, 17, 4, 16], [5, 14, 6, 15], [7, 12, 8, 13], [9, 2, 10, 3], [11, 22, 12, 23], [13, 6, 14, 7], [15, 21, 16, 20], [17, 1, 18, 24], [19, 5, 20, 4], [21, 8, 22, 9], [23, 19, 24, 18]]"
12a_0902_163,"[[23, 19, 24, 18], [1, 10, 2, 11], [3, 17, 4, 16], [5, 14, 6, 15], [7, 12, 8, 13], [9, 2, 10, 3], [11, 22, 12, 23], [13, 6, 14, 7], [15, 21, 16, 20], [17, 1, 18, 24], [19, 5, 20, 4], [21, 8, 22, 9]]"
12a_0902_164,"[[21, 8, 22, 9], [23, 19, 24, 18], [1, 10, 2, 11], [3, 17, 4, 16], [5, 14, 6, 15], [7, 12, 8, 13], [9, 2, 10, 3], [11, 22, 12, 23], [13, 6, 14, 7], [15, 21, 16, 20], [17, 1, 18, 24], [19, 5, 20, 4]]"
12a_0902_165,"[[19, 5, 20, 4], [21, 8, 22, 9], [23, 19, 24, 18], [1, 10, 2, 11], [3, 17, 4, 16], [5, 14, 6, 15], [7, 12, 8, 13], [9, 2, 10, 3], [11, 22, 12, 23], [13, 6, 14, 7], [15, 21, 16, 20], [17, 1, 18, 24]]"
12a_0902_166,"[[17, 1, 18, 24], [19, 5, 20, 4], [21, 8, 22, 9], [23, 19, 24, 18], [1, 10, 2, 11], [3, 17, 4, 16], [5, 14, 6, 15], [7, 12, 8, 13], [9, 2, 10, 3], [11, 22, 12, 23], [13, 6, 14, 7], [15, 21, 16, 20]]"
12a_0902_167,"[[15, 21, 16, 20], [17, 1, 18, 24], [19, 5, 20, 4], [21, 8, 22, 9], [23, 19, 24, 18], [1, 10, 2, 11], [3, 17, 4, 16], [5, 14, 6, 15], [7, 12, 8, 13], [9, 2, 10, 3], [11, 22, 12, 23], [13, 6, 14, 7]]"
12a_0902_168,"[[14, 7, 15, 8], [16, 22, 17, 21], [18, 2, 19, 1], [20, 6, 21, 5], [22, 9, 23, 10], [24, 20, 1, 19], [2, 11, 3, 12], [4, 18, 5, 17], [6, 15, 7, 16], [8, 13, 9, 14], [10, 3, 11, 4], [12, 23, 13, 24]]"
12a_0902_169,"[[12, 23, 13, 24], [14, 7, 15, 8], [16, 22, 17, 21], [18, 2, 19, 1], [20, 6, 21, 5], [22, 9, 23, 10], [24, 20, 1, 19], [2, 11, 3, 12], [4, 18, 5, 17], [6, 15, 7, 16], [8, 13, 9, 14], [10, 3, 11, 4]]"
12a_0902_170,"[[10, 3, 11, 4], [12, 23, 13, 24], [14, 7, 15, 8], [16, 22, 17, 21], [18, 2, 19, 1], [20, 6, 21, 5], [22, 9, 23, 10], [24, 20, 1, 19], [2, 11, 3, 12], [4, 18, 5, 17], [6, 15, 7, 16], [8, 13, 9, 14]]"
12a_0902_171,"[[8, 13, 9, 14], [10, 3, 11, 4], [12, 23, 13, 24], [14, 7, 15, 8], [16, 22, 17, 21], [18, 2, 19, 1], [20, 6, 21, 5], [22, 9, 23, 10], [24, 20, 1, 19], [2, 11, 3, 12], [4, 18, 5, 17], [6, 15, 7, 16]]"
12a_0902_172,"[[6, 15, 7, 16], [8, 13, 9, 14], [10, 3, 11, 4], [12, 23, 13, 24], [14, 7, 15, 8], [16, 22, 17, 21], [18, 2, 19, 1], [20, 6, 21, 5], [22, 9, 23, 10], [24, 20, 1, 19], [2, 11, 3, 12], [4, 18, 5, 17]]"
12a_0902_173,"[[4, 18, 5, 17], [6, 15, 7, 16], [8, 13, 9, 14], [10, 3, 11, 4], [12, 23, 13, 24], [14, 7, 15, 8], [16, 22, 17, 21], [18, 2, 19, 1], [20, 6, 21, 5], [22, 9, 23, 10], [24, 20, 1, 19], [2, 11, 3, 12]]"
12a_0902_174,"[[2, 11, 3, 12], [4, 18, 5, 17], [6, 15, 7, 16], [8, 13, 9, 14], [10, 3, 11, 4], [12, 23, 13, 24], [14, 7, 15, 8], [16, 22, 17, 21], [18, 2, 19, 1], [20, 6, 21, 5], [22, 9, 23, 10], [24, 20, 1, 19]]"
12a_0902_175,"[[24, 20, 1, 19], [2, 11, 3, 12], [4, 18, 5, 17], [6, 15, 7, 16], [8, 13, 9, 14], [10, 3, 11, 4], [12, 23, 13, 24], [14, 7, 15, 8], [16, 22, 17, 21], [18, 2, 19, 1], [20, 6, 21, 5], [22, 9, 23, 10]]"
12a_0902_176,"[[22, 9, 23, 10], [24, 20, 1, 19], [2, 11, 3, 12], [4, 18, 5, 17], [6, 15, 7, 16], [8, 13, 9, 14], [10, 3, 11, 4], [12, 23, 13, 24], [14, 7, 15, 8], [16, 22, 17, 21], [18, 2, 19, 1], [20, 6, 21, 5]]"
12a_0902_177,"[[20, 6, 21, 5], [22, 9, 23, 10], [24, 20, 1, 19], [2, 11, 3, 12], [4, 18, 5, 17], [6, 15, 7, 16], [8, 13, 9, 14], [10, 3, 11, 4], [12, 23, 13, 24], [14, 7, 15, 8], [16, 22, 17, 21], [18, 2, 19, 1]]"
12a_0902_178,"[[18, 2, 19, 1], [20, 6, 21, 5], [22, 9, 23, 10], [24, 20, 1, 19], [2, 11, 3, 12], [4, 18, 5, 17], [6, 15, 7, 16], [8, 13, 9, 14], [10, 3, 11, 4], [12, 23, 13, 24], [14, 7, 15, 8], [16, 22, 17, 21]]"
12a_0902_179,"[[16, 22, 17, 21], [18, 2, 19, 1], [20, 6, 21, 5], [22, 9, 23, 10], [24, 20, 1, 19], [2, 11, 3, 12], [4, 18, 5, 17], [6, 15, 7, 16], [8, 13, 9, 14], [10, 3, 11, 4], [12, 23, 13, 24], [14, 7, 15, 8]]"
12a_0902_180,"[[15, 8, 16, 9], [17, 23, 18, 22], [19, 3, 20, 2], [21, 7, 22, 6], [23, 10, 24, 11], [1, 21, 2, 20], [3, 12, 4, 13], [5, 19, 6, 18], [7, 16, 8, 17], [9, 14, 10, 15], [11, 4, 12, 5], [13, 24, 14, 1]]"
12a_0902_181,"[[13, 24, 14, 1], [15, 8, 16, 9], [17, 23, 18, 22], [19, 3, 20, 2], [21, 7, 22, 6], [23, 10, 24, 11], [1, 21, 2, 20], [3, 12, 4, 13], [5, 19, 6, 18], [7, 16, 8, 17], [9, 14, 10, 15], [11, 4, 12, 5]]"
12a_0902_182,"[[11, 4, 12, 5], [13, 24, 14, 1], [15, 8, 16, 9], [17, 23, 18, 22], [19, 3, 20, 2], [21, 7, 22, 6], [23, 10, 24, 11], [1, 21, 2, 20], [3, 12, 4, 13], [5, 19, 6, 18], [7, 16, 8, 17], [9, 14, 10, 15]]"
12a_0902_183,"[[9, 14, 10, 15], [11, 4, 12, 5], [13, 24, 14, 1], [15, 8, 16, 9], [17, 23, 18, 22], [19, 3, 20, 2], [21, 7, 22, 6], [23, 10, 24, 11], [1, 21, 2, 20], [3, 12, 4, 13], [5, 19, 6, 18], [7, 16, 8, 17]]"
12a_0902_184,"[[7, 16, 8, 17], [9, 14, 10, 15], [11, 4, 12, 5], [13, 24, 14, 1], [15, 8, 16, 9], [17, 23, 18, 22], [19, 3, 20, 2], [21, 7, 22, 6], [23, 10, 24, 11], [1, 21, 2, 20], [3, 12, 4, 13], [5, 19, 6, 18]]"
12a_0902_185,"[[5, 19, 6, 18], [7, 16, 8, 17], [9, 14, 10, 15], [11, 4, 12, 5], [13, 24, 14, 1], [15, 8, 16, 9], [17, 23, 18, 22], [19, 3, 20, 2], [21, 7, 22, 6], [23, 10, 24, 11], [1, 21, 2, 20], [3, 12, 4, 13]]"
