name,pd_notation
12a_0500_0,"[[24, 9, 1, 10], [2, 6, 3, 5], [4, 13, 5, 14], [6, 16, 7, 15], [8, 18, 9, 17], [10, 19, 11, 20], [12, 22, 13, 21], [14, 3, 15, 4], [16, 8, 17, 7], [18, 2, 19, 1], [20, 23, 21, 24], [22, 12, 23, 11]]"
12a_0500_1,"[[22, 12, 23, 11], [24, 9, 1, 10], [2, 6, 3, 5], [4, 13, 5, 14], [6, 16, 7, 15], [8, 18, 9, 17], [10, 19, 11, 20], [12, 22, 13, 21], [14, 3, 15, 4], [16, 8, 17, 7], [18, 2, 19, 1], [20, 23, 21, 24]]"
12a_0500_2,"[[20, 23, 21, 24], [22, 12, 23, 11], [24, 9, 1, 10], [2, 6, 3, 5], [4, 13, 5, 14], [6, 16, 7, 15], [8, 18, 9, 17], [10, 19, 11, 20], [12, 22, 13, 21], [14, 3, 15, 4], [16, 8, 17, 7], [18, 2, 19, 1]]"
12a_0500_3,"[[18, 2, 19, 1], [20, 23, 21, 24], [22, 12, 23, 11], [24, 9, 1, 10], [2, 6, 3, 5], [4, 13, 5, 14], [6, 16, 7, 15], [8, 18, 9, 17], [10, 19, 11, 20], [12, 22, 13, 21], [14, 3, 15, 4], [16, 8, 17, 7]]"
12a_0500_4,"[[16, 8, 17, 7], [18, 2, 19, 1], [20, 23, 21, 24], [22, 12, 23, 11], [24, 9, 1, 10], [2, 6, 3, 5], [4, 13, 5, 14], [6, 16, 7, 15], [8, 18, 9, 17], [10, 19, 11, 20], [12, 22, 13, 21], [14, 3, 15, 4]]"
12a_0500_5,"[[14, 3, 15, 4], [16, 8, 17, 7], [18, 2, 19, 1], [20, 23, 21, 24], [22, 12, 23, 11], [24, 9, 1, 10], [2, 6, 3, 5], [4, 13, 5, 14], [6, 16, 7, 15], [8, 18, 9, 17], [10, 19, 11, 20], [12, 22, 13, 21]]"
12a_0500_6,"[[12, 22, 13, 21], [14, 3, 15, 4], [16, 8, 17, 7], [18, 2, 19, 1], [20, 23, 21, 24], [22, 12, 23, 11], [24, 9, 1, 10], [2, 6, 3, 5], [4, 13, 5, 14], [6, 16, 7, 15], [8, 18, 9, 17], [10, 19, 11, 20]]"
12a_0500_7,"[[10, 19, 11, 20], [12, 22, 13, 21], [14, 3, 15, 4], [16, 8, 17, 7], [18, 2, 19, 1], [20, 23, 21, 24], [22, 12, 23, 11], [24, 9, 1, 10], [2, 6, 3, 5], [4, 13, 5, 14], [6, 16, 7, 15], [8, 18, 9, 17]]"
12a_0500_8,"[[8, 18, 9, 17], [10, 19, 11, 20], [12, 22, 13, 21], [14, 3, 15, 4], [16, 8, 17, 7], [18, 2, 19, 1], [20, 23, 21, 24], [22, 12, 23, 11], [24, 9, 1, 10], [2, 6, 3, 5], [4, 13, 5, 14], [6, 16, 7, 15]]"
12a_0500_9,"[[6, 16, 7, 15], [8, 18, 9, 17], [10, 19, 11, 20], [12, 22, 13, 21], [14, 3, 15, 4], [16, 8, 17, 7], [18, 2, 19, 1], [20, 23, 21, 24], [22, 12, 23, 11], [24, 9, 1, 10], [2, 6, 3, 5], [4, 13, 5, 14]]"
12a_0500_10,"[[4, 13, 5, 14], [6, 16, 7, 15], [8, 18, 9, 17], [10, 19, 11, 20], [12, 22, 13, 21], [14, 3, 15, 4], [16, 8, 17, 7], [18, 2, 19, 1], [20, 23, 21, 24], [22, 12, 23, 11], [24, 9, 1, 10], [2, 6, 3, 5]]"
12a_0500_11,"[[2, 6, 3, 5], [4, 13, 5, 14], [6, 16, 7, 15], [8, 18, 9, 17], [10, 19, 11, 20], [12, 22, 13, 21], [14, 3, 15, 4], [16, 8, 17, 7], [18, 2, 19, 1], [20, 23, 21, 24], [22, 12, 23, 11], [24, 9, 1, 10]]"
12a_0500_12,"[[1, 10, 2, 11], [3, 7, 4, 6], [5, 14, 6, 15], [7, 17, 8, 16], [9, 19, 10, 18], [11, 20, 12, 21], [13, 23, 14, 22], [15, 4, 16, 5], [17, 9, 18, 8], [19, 3, 20, 2], [21, 24, 22, 1], [23, 13, 24, 12]]"
12a_0500_13,"[[23, 13, 24, 12], [1, 10, 2, 11], [3, 7, 4, 6], [5, 14, 6, 15], [7, 17, 8, 16], [9, 19, 10, 18], [11, 20, 12, 21], [13, 23, 14, 22], [15, 4, 16, 5], [17, 9, 18, 8], [19, 3, 20, 2], [21, 24, 22, 1]]"
12a_0500_14,"[[21, 24, 22, 1], [23, 13, 24, 12], [1, 10, 2, 11], [3, 7, 4, 6], [5, 14, 6, 15], [7, 17, 8, 16], [9, 19, 10, 18], [11, 20, 12, 21], [13, 23, 14, 22], [15, 4, 16, 5], [17, 9, 18, 8], [19, 3, 20, 2]]"
12a_0500_15,"[[19, 3, 20, 2], [21, 24, 22, 1], [23, 13, 24, 12], [1, 10, 2, 11], [3, 7, 4, 6], [5, 14, 6, 15], [7, 17, 8, 16], [9, 19, 10, 18], [11, 20, 12, 21], [13, 23, 14, 22], [15, 4, 16, 5], [17, 9, 18, 8]]"
12a_0500_16,"[[17, 9, 18, 8], [19, 3, 20, 2], [21, 24, 22, 1], [23, 13, 24, 12], [1, 10, 2, 11], [3, 7, 4, 6], [5, 14, 6, 15], [7, 17, 8, 16], [9, 19, 10, 18], [11, 20, 12, 21], [13, 23, 14, 22], [15, 4, 16, 5]]"
12a_0500_17,"[[15, 4, 16, 5], [17, 9, 18, 8], [19, 3, 20, 2], [21, 24, 22, 1], [23, 13, 24, 12], [1, 10, 2, 11], [3, 7, 4, 6], [5, 14, 6, 15], [7, 17, 8, 16], [9, 19, 10, 18], [11, 20, 12, 21], [13, 23, 14, 22]]"
12a_0500_18,"[[13, 23, 14, 22], [15, 4, 16, 5], [17, 9, 18, 8], [19, 3, 20, 2], [21, 24, 22, 1], [23, 13, 24, 12], [1, 10, 2, 11], [3, 7, 4, 6], [5, 14, 6, 15], [7, 17, 8, 16], [9, 19, 10, 18], [11, 20, 12, 21]]"
12a_0500_19,"[[11, 20, 12, 21], [13, 23, 14, 22], [15, 4, 16, 5], [17, 9, 18, 8], [19, 3, 20, 2], [21, 24, 22, 1], [23, 13, 24, 12], [1, 10, 2, 11], [3, 7, 4, 6], [5, 14, 6, 15], [7, 17, 8, 16], [9, 19, 10, 18]]"
12a_0500_20,"[[9, 19, 10, 18], [11, 20, 12, 21], [13, 23, 14, 22], [15, 4, 16, 5], [17, 9, 18, 8], [19, 3, 20, 2], [21, 24, 22, 1], [23, 13, 24, 12], [1, 10, 2, 11], [3, 7, 4, 6], [5, 14, 6, 15], [7, 17, 8, 16]]"
12a_0500_21,"[[7, 17, 8, 16], [9, 19, 10, 18], [11, 20, 12, 21], [13, 23, 14, 22], [15, 4, 16, 5], [17, 9, 18, 8], [19, 3, 20, 2], [21, 24, 22, 1], [23, 13, 24, 12], [1, 10, 2, 11], [3, 7, 4, 6], [5, 14, 6, 15]]"
12a_0500_22,"[[5, 14, 6, 15], [7, 17, 8, 16], [9, 19, 10, 18], [11, 20, 12, 21], [13, 23, 14, 22], [15, 4, 16, 5], [17, 9, 18, 8], [19, 3, 20, 2], [21, 24, 22, 1], [23, 13, 24, 12], [1, 10, 2, 11], [3, 7, 4, 6]]"
12a_0500_23,"[[3, 7, 4, 6], [5, 14, 6, 15], [7, 17, 8, 16], [9, 19, 10, 18], [11, 20, 12, 21], [13, 23, 14, 22], [15, 4, 16, 5], [17, 9, 18, 8], [19, 3, 20, 2], [21, 24, 22, 1], [23, 13, 24, 12], [1, 10, 2, 11]]"
12a_0500_24,"[[2, 11, 3, 12], [4, 8, 5, 7], [6, 15, 7, 16], [8, 18, 9, 17], [10, 20, 11, 19], [12, 21, 13, 22], [14, 24, 15, 23], [16, 5, 17, 6], [18, 10, 19, 9], [20, 4, 21, 3], [22, 1, 23, 2], [24, 14, 1, 13]]"
12a_0500_25,"[[24, 14, 1, 13], [2, 11, 3, 12], [4, 8, 5, 7], [6, 15, 7, 16], [8, 18, 9, 17], [10, 20, 11, 19], [12, 21, 13, 22], [14, 24, 15, 23], [16, 5, 17, 6], [18, 10, 19, 9], [20, 4, 21, 3], [22, 1, 23, 2]]"
12a_0500_26,"[[22, 1, 23, 2], [24, 14, 1, 13], [2, 11, 3, 12], [4, 8, 5, 7], [6, 15, 7, 16], [8, 18, 9, 17], [10, 20, 11, 19], [12, 21, 13, 22], [14, 24, 15, 23], [16, 5, 17, 6], [18, 10, 19, 9], [20, 4, 21, 3]]"
12a_0500_27,"[[20, 4, 21, 3], [22, 1, 23, 2], [24, 14, 1, 13], [2, 11, 3, 12], [4, 8, 5, 7], [6, 15, 7, 16], [8, 18, 9, 17], [10, 20, 11, 19], [12, 21, 13, 22], [14, 24, 15, 23], [16, 5, 17, 6], [18, 10, 19, 9]]"
12a_0500_28,"[[18, 10, 19, 9], [20, 4, 21, 3], [22, 1, 23, 2], [24, 14, 1, 13], [2, 11, 3, 12], [4, 8, 5, 7], [6, 15, 7, 16], [8, 18, 9, 17], [10, 20, 11, 19], [12, 21, 13, 22], [14, 24, 15, 23], [16, 5, 17, 6]]"
12a_0500_29,"[[16, 5, 17, 6], [18, 10, 19, 9], [20, 4, 21, 3], [22, 1, 23, 2], [24, 14, 1, 13], [2, 11, 3, 12], [4, 8, 5, 7], [6, 15, 7, 16], [8, 18, 9, 17], [10, 20, 11, 19], [12, 21, 13, 22], [14, 24, 15, 23]]"
12a_0500_30,"[[14, 24, 15, 23], [16, 5, 17, 6], [18, 10, 19, 9], [20, 4, 21, 3], [22, 1, 23, 2], [24, 14, 1, 13], [2, 11, 3, 12], [4, 8, 5, 7], [6, 15, 7, 16], [8, 18, 9, 17], [10, 20, 11, 19], [12, 21, 13, 22]]"
12a_0500_31,"[[12, 21, 13, 22], [14, 24, 15, 23], [16, 5, 17, 6], [18, 10, 19, 9], [20, 4, 21, 3], [22, 1, 23, 2], [24, 14, 1, 13], [2, 11, 3, 12], [4, 8, 5, 7], [6, 15, 7, 16], [8, 18, 9, 17], [10, 20, 11, 19]]"
12a_0500_32,"[[10, 20, 11, 19], [12, 21, 13, 22], [14, 24, 15, 23], [16, 5, 17, 6], [18, 10, 19, 9], [20, 4, 21, 3], [22, 1, 23, 2], [24, 14, 1, 13], [2, 11, 3, 12], [4, 8, 5, 7], [6, 15, 7, 16], [8, 18, 9, 17]]"
12a_0500_33,"[[8, 18, 9, 17], [10, 20, 11, 19], [12, 21, 13, 22], [14, 24, 15, 23], [16, 5, 17, 6], [18, 10, 19, 9], [20, 4, 21, 3], [22, 1, 23, 2], [24, 14, 1, 13], [2, 11, 3, 12], [4, 8, 5, 7], [6, 15, 7, 16]]"
12a_0500_34,"[[6, 15, 7, 16], [8, 18, 9, 17], [10, 20, 11, 19], [12, 21, 13, 22], [14, 24, 15, 23], [16, 5, 17, 6], [18, 10, 19, 9], [20, 4, 21, 3], [22, 1, 23, 2], [24, 14, 1, 13], [2, 11, 3, 12], [4, 8, 5, 7]]"
12a_0500_35,"[[4, 8, 5, 7], [6, 15, 7, 16], [8, 18, 9, 17], [10, 20, 11, 19], [12, 21, 13, 22], [14, 24, 15, 23], [16, 5, 17, 6], [18, 10, 19, 9], [20, 4, 21, 3], [22, 1, 23, 2], [24, 14, 1, 13], [2, 11, 3, 12]]"
12a_0500_36,"[[3, 12, 4, 13], [5, 9, 6, 8], [7, 16, 8, 17], [9, 19, 10, 18], [11, 21, 12, 20], [13, 22, 14, 23], [15, 1, 16, 24], [17, 6, 18, 7], [19, 11, 20, 10], [21, 5, 22, 4], [23, 2, 24, 3], [1, 15, 2, 14]]"
12a_0500_37,"[[1, 15, 2, 14], [3, 12, 4, 13], [5, 9, 6, 8], [7, 16, 8, 17], [9, 19, 10, 18], [11, 21, 12, 20], [13, 22, 14, 23], [15, 1, 16, 24], [17, 6, 18, 7], [19, 11, 20, 10], [21, 5, 22, 4], [23, 2, 24, 3]]"
12a_0500_38,"[[23, 2, 24, 3], [1, 15, 2, 14], [3, 12, 4, 13], [5, 9, 6, 8], [7, 16, 8, 17], [9, 19, 10, 18], [11, 21, 12, 20], [13, 22, 14, 23], [15, 1, 16, 24], [17, 6, 18, 7], [19, 11, 20, 10], [21, 5, 22, 4]]"
12a_0500_39,"[[21, 5, 22, 4], [23, 2, 24, 3], [1, 15, 2, 14], [3, 12, 4, 13], [5, 9, 6, 8], [7, 16, 8, 17], [9, 19, 10, 18], [11, 21, 12, 20], [13, 22, 14, 23], [15, 1, 16, 24], [17, 6, 18, 7], [19, 11, 20, 10]]"
12a_0500_40,"[[19, 11, 20, 10], [21, 5, 22, 4], [23, 2, 24, 3], [1, 15, 2, 14], [3, 12, 4, 13], [5, 9, 6, 8], [7, 16, 8, 17], [9, 19, 10, 18], [11, 21, 12, 20], [13, 22, 14, 23], [15, 1, 16, 24], [17, 6, 18, 7]]"
12a_0500_41,"[[17, 6, 18, 7], [19, 11, 20, 10], [21, 5, 22, 4], [23, 2, 24, 3], [1, 15, 2, 14], [3, 12, 4, 13], [5, 9, 6, 8], [7, 16, 8, 17], [9, 19, 10, 18], [11, 21, 12, 20], [13, 22, 14, 23], [15, 1, 16, 24]]"
12a_0500_42,"[[15, 1, 16, 24], [17, 6, 18, 7], [19, 11, 20, 10], [21, 5, 22, 4], [23, 2, 24, 3], [1, 15, 2, 14], [3, 12, 4, 13], [5, 9, 6, 8], [7, 16, 8, 17], [9, 19, 10, 18], [11, 21, 12, 20], [13, 22, 14, 23]]"
12a_0500_43,"[[13, 22, 14, 23], [15, 1, 16, 24], [17, 6, 18, 7], [19, 11, 20, 10], [21, 5, 22, 4], [23, 2, 24, 3], [1, 15, 2, 14], [3, 12, 4, 13], [5, 9, 6, 8], [7, 16, 8, 17], [9, 19, 10, 18], [11, 21, 12, 20]]"
12a_0500_44,"[[11, 21, 12, 20], [13, 22, 14, 23], [15, 1, 16, 24], [17, 6, 18, 7], [19, 11, 20, 10], [21, 5, 22, 4], [23, 2, 24, 3], [1, 15, 2, 14], [3, 12, 4, 13], [5, 9, 6, 8], [7, 16, 8, 17], [9, 19, 10, 18]]"
12a_0500_45,"[[9, 19, 10, 18], [11, 21, 12, 20], [13, 22, 14, 23], [15, 1, 16, 24], [17, 6, 18, 7], [19, 11, 20, 10], [21, 5, 22, 4], [23, 2, 24, 3], [1, 15, 2, 14], [3, 12, 4, 13], [5, 9, 6, 8], [7, 16, 8, 17]]"
12a_0500_46,"[[7, 16, 8, 17], [9, 19, 10, 18], [11, 21, 12, 20], [13, 22, 14, 23], [15, 1, 16, 24], [17, 6, 18, 7], [19, 11, 20, 10], [21, 5, 22, 4], [23, 2, 24, 3], [1, 15, 2, 14], [3, 12, 4, 13], [5, 9, 6, 8]]"
12a_0500_47,"[[5, 9, 6, 8], [7, 16, 8, 17], [9, 19, 10, 18], [11, 21, 12, 20], [13, 22, 14, 23], [15, 1, 16, 24], [17, 6, 18, 7], [19, 11, 20, 10], [21, 5, 22, 4], [23, 2, 24, 3], [1, 15, 2, 14], [3, 12, 4, 13]]"
12a_0500_48,"[[4, 13, 5, 14], [6, 10, 7, 9], [8, 17, 9, 18], [10, 20, 11, 19], [12, 22, 13, 21], [14, 23, 15, 24], [16, 2, 17, 1], [18, 7, 19, 8], [20, 12, 21, 11], [22, 6, 23, 5], [24, 3, 1, 4], [2, 16, 3, 15]]"
12a_0500_49,"[[2, 16, 3, 15], [4, 13, 5, 14], [6, 10, 7, 9], [8, 17, 9, 18], [10, 20, 11, 19], [12, 22, 13, 21], [14, 23, 15, 24], [16, 2, 17, 1], [18, 7, 19, 8], [20, 12, 21, 11], [22, 6, 23, 5], [24, 3, 1, 4]]"
12a_0500_50,"[[24, 3, 1, 4], [2, 16, 3, 15], [4, 13, 5, 14], [6, 10, 7, 9], [8, 17, 9, 18], [10, 20, 11, 19], [12, 22, 13, 21], [14, 23, 15, 24], [16, 2, 17, 1], [18, 7, 19, 8], [20, 12, 21, 11], [22, 6, 23, 5]]"
12a_0500_51,"[[22, 6, 23, 5], [24, 3, 1, 4], [2, 16, 3, 15], [4, 13, 5, 14], [6, 10, 7, 9], [8, 17, 9, 18], [10, 20, 11, 19], [12, 22, 13, 21], [14, 23, 15, 24], [16, 2, 17, 1], [18, 7, 19, 8], [20, 12, 21, 11]]"
12a_0500_52,"[[20, 12, 21, 11], [22, 6, 23, 5], [24, 3, 1, 4], [2, 16, 3, 15], [4, 13, 5, 14], [6, 10, 7, 9], [8, 17, 9, 18], [10, 20, 11, 19], [12, 22, 13, 21], [14, 23, 15, 24], [16, 2, 17, 1], [18, 7, 19, 8]]"
12a_0500_53,"[[18, 7, 19, 8], [20, 12, 21, 11], [22, 6, 23, 5], [24, 3, 1, 4], [2, 16, 3, 15], [4, 13, 5, 14], [6, 10, 7, 9], [8, 17, 9, 18], [10, 20, 11, 19], [12, 22, 13, 21], [14, 23, 15, 24], [16, 2, 17, 1]]"
12a_0500_54,"[[16, 2, 17, 1], [18, 7, 19, 8], [20, 12, 21, 11], [22, 6, 23, 5], [24, 3, 1, 4], [2, 16, 3, 15], [4, 13, 5, 14], [6, 10, 7, 9], [8, 17, 9, 18], [10, 20, 11, 19], [12, 22, 13, 21], [14, 23, 15, 24]]"
12a_0500_55,"[[14, 23, 15, 24], [16, 2, 17, 1], [18, 7, 19, 8], [20, 12, 21, 11], [22, 6, 23, 5], [24, 3, 1, 4], [2, 16, 3, 15], [4, 13, 5, 14], [6, 10, 7, 9], [8, 17, 9, 18], [10, 20, 11, 19], [12, 22, 13, 21]]"
12a_0500_56,"[[12, 22, 13, 21], [14, 23, 15, 24], [16, 2, 17, 1], [18, 7, 19, 8], [20, 12, 21, 11], [22, 6, 23, 5], [24, 3, 1, 4], [2, 16, 3, 15], [4, 13, 5, 14], [6, 10, 7, 9], [8, 17, 9, 18], [10, 20, 11, 19]]"
12a_0500_57,"[[10, 20, 11, 19], [12, 22, 13, 21], [14, 23, 15, 24], [16, 2, 17, 1], [18, 7, 19, 8], [20, 12, 21, 11], [22, 6, 23, 5], [24, 3, 1, 4], [2, 16, 3, 15], [4, 13, 5, 14], [6, 10, 7, 9], [8, 17, 9, 18]]"
12a_0500_58,"[[8, 17, 9, 18], [10, 20, 11, 19], [12, 22, 13, 21], [14, 23, 15, 24], [16, 2, 17, 1], [18, 7, 19, 8], [20, 12, 21, 11], [22, 6, 23, 5], [24, 3, 1, 4], [2, 16, 3, 15], [4, 13, 5, 14], [6, 10, 7, 9]]"
12a_0500_59,"[[6, 10, 7, 9], [8, 17, 9, 18], [10, 20, 11, 19], [12, 22, 13, 21], [14, 23, 15, 24], [16, 2, 17, 1], [18, 7, 19, 8], [20, 12, 21, 11], [22, 6, 23, 5], [24, 3, 1, 4], [2, 16, 3, 15], [4, 13, 5, 14]]"
12a_0500_60,"[[5, 14, 6, 15], [7, 11, 8, 10], [9, 18, 10, 19], [11, 21, 12, 20], [13, 23, 14, 22], [15, 24, 16, 1], [17, 3, 18, 2], [19, 8, 20, 9], [21, 13, 22, 12], [23, 7, 24, 6], [1, 4, 2, 5], [3, 17, 4, 16]]"
12a_0500_61,"[[3, 17, 4, 16], [5, 14, 6, 15], [7, 11, 8, 10], [9, 18, 10, 19], [11, 21, 12, 20], [13, 23, 14, 22], [15, 24, 16, 1], [17, 3, 18, 2], [19, 8, 20, 9], [21, 13, 22, 12], [23, 7, 24, 6], [1, 4, 2, 5]]"
12a_0500_62,"[[1, 4, 2, 5], [3, 17, 4, 16], [5, 14, 6, 15], [7, 11, 8, 10], [9, 18, 10, 19], [11, 21, 12, 20], [13, 23, 14, 22], [15, 24, 16, 1], [17, 3, 18, 2], [19, 8, 20, 9], [21, 13, 22, 12], [23, 7, 24, 6]]"
12a_0500_63,"[[23, 7, 24, 6], [1, 4, 2, 5], [3, 17, 4, 16], [5, 14, 6, 15], [7, 11, 8, 10], [9, 18, 10, 19], [11, 21, 12, 20], [13, 23, 14, 22], [15, 24, 16, 1], [17, 3, 18, 2], [19, 8, 20, 9], [21, 13, 22, 12]]"
12a_0500_64,"[[21, 13, 22, 12], [23, 7, 24, 6], [1, 4, 2, 5], [3, 17, 4, 16], [5, 14, 6, 15], [7, 11, 8, 10], [9, 18, 10, 19], [11, 21, 12, 20], [13, 23, 14, 22], [15, 24, 16, 1], [17, 3, 18, 2], [19, 8, 20, 9]]"
12a_0500_65,"[[19, 8, 20, 9], [21, 13, 22, 12], [23, 7, 24, 6], [1, 4, 2, 5], [3, 17, 4, 16], [5, 14, 6, 15], [7, 11, 8, 10], [9, 18, 10, 19], [11, 21, 12, 20], [13, 23, 14, 22], [15, 24, 16, 1], [17, 3, 18, 2]]"
12a_0500_66,"[[17, 3, 18, 2], [19, 8, 20, 9], [21, 13, 22, 12], [23, 7, 24, 6], [1, 4, 2, 5], [3, 17, 4, 16], [5, 14, 6, 15], [7, 11, 8, 10], [9, 18, 10, 19], [11, 21, 12, 20], [13, 23, 14, 22], [15, 24, 16, 1]]"
12a_0500_67,"[[15, 24, 16, 1], [17, 3, 18, 2], [19, 8, 20, 9], [21, 13, 22, 12], [23, 7, 24, 6], [1, 4, 2, 5], [3, 17, 4, 16], [5, 14, 6, 15], [7, 11, 8, 10], [9, 18, 10, 19], [11, 21, 12, 20], [13, 23, 14, 22]]"
12a_0500_68,"[[13, 23, 14, 22], [15, 24, 16, 1], [17, 3, 18, 2], [19, 8, 20, 9], [21, 13, 22, 12], [23, 7, 24, 6], [1, 4, 2, 5], [3, 17, 4, 16], [5, 14, 6, 15], [7, 11, 8, 10], [9, 18, 10, 19], [11, 21, 12, 20]]"
12a_0500_69,"[[11, 21, 12, 20], [13, 23, 14, 22], [15, 24, 16, 1], [17, 3, 18, 2], [19, 8, 20, 9], [21, 13, 22, 12], [23, 7, 24, 6], [1, 4, 2, 5], [3, 17, 4, 16], [5, 14, 6, 15], [7, 11, 8, 10], [9, 18, 10, 19]]"
12a_0500_70,"[[9, 18, 10, 19], [11, 21, 12, 20], [13, 23, 14, 22], [15, 24, 16, 1], [17, 3, 18, 2], [19, 8, 20, 9], [21, 13, 22, 12], [23, 7, 24, 6], [1, 4, 2, 5], [3, 17, 4, 16], [5, 14, 6, 15], [7, 11, 8, 10]]"
12a_0500_71,"[[7, 11, 8, 10], [9, 18, 10, 19], [11, 21, 12, 20], [13, 23, 14, 22], [15, 24, 16, 1], [17, 3, 18, 2], [19, 8, 20, 9], [21, 13, 22, 12], [23, 7, 24, 6], [1, 4, 2, 5], [3, 17, 4, 16], [5, 14, 6, 15]]"
12a_0500_72,"[[6, 15, 7, 16], [8, 12, 9, 11], [10, 19, 11, 20], [12, 22, 13, 21], [14, 24, 15, 23], [16, 1, 17, 2], [18, 4, 19, 3], [20, 9, 21, 10], [22, 14, 23, 13], [24, 8, 1, 7], [2, 5, 3, 6], [4, 18, 5, 17]]"
12a_0500_73,"[[4, 18, 5, 17], [6, 15, 7, 16], [8, 12, 9, 11], [10, 19, 11, 20], [12, 22, 13, 21], [14, 24, 15, 23], [16, 1, 17, 2], [18, 4, 19, 3], [20, 9, 21, 10], [22, 14, 23, 13], [24, 8, 1, 7], [2, 5, 3, 6]]"
12a_0500_74,"[[2, 5, 3, 6], [4, 18, 5, 17], [6, 15, 7, 16], [8, 12, 9, 11], [10, 19, 11, 20], [12, 22, 13, 21], [14, 24, 15, 23], [16, 1, 17, 2], [18, 4, 19, 3], [20, 9, 21, 10], [22, 14, 23, 13], [24, 8, 1, 7]]"
12a_0500_75,"[[24, 8, 1, 7], [2, 5, 3, 6], [4, 18, 5, 17], [6, 15, 7, 16], [8, 12, 9, 11], [10, 19, 11, 20], [12, 22, 13, 21], [14, 24, 15, 23], [16, 1, 17, 2], [18, 4, 19, 3], [20, 9, 21, 10], [22, 14, 23, 13]]"
12a_0500_76,"[[22, 14, 23, 13], [24, 8, 1, 7], [2, 5, 3, 6], [4, 18, 5, 17], [6, 15, 7, 16], [8, 12, 9, 11], [10, 19, 11, 20], [12, 22, 13, 21], [14, 24, 15, 23], [16, 1, 17, 2], [18, 4, 19, 3], [20, 9, 21, 10]]"
12a_0500_77,"[[20, 9, 21, 10], [22, 14, 23, 13], [24, 8, 1, 7], [2, 5, 3, 6], [4, 18, 5, 17], [6, 15, 7, 16], [8, 12, 9, 11], [10, 19, 11, 20], [12, 22, 13, 21], [14, 24, 15, 23], [16, 1, 17, 2], [18, 4, 19, 3]]"
12a_0500_78,"[[18, 4, 19, 3], [20, 9, 21, 10], [22, 14, 23, 13], [24, 8, 1, 7], [2, 5, 3, 6], [4, 18, 5, 17], [6, 15, 7, 16], [8, 12, 9, 11], [10, 19, 11, 20], [12, 22, 13, 21], [14, 24, 15, 23], [16, 1, 17, 2]]"
12a_0500_79,"[[16, 1, 17, 2], [18, 4, 19, 3], [20, 9, 21, 10], [22, 14, 23, 13], [24, 8, 1, 7], [2, 5, 3, 6], [4, 18, 5, 17], [6, 15, 7, 16], [8, 12, 9, 11], [10, 19, 11, 20], [12, 22, 13, 21], [14, 24, 15, 23]]"
12a_0500_80,"[[14, 24, 15, 23], [16, 1, 17, 2], [18, 4, 19, 3], [20, 9, 21, 10], [22, 14, 23, 13], [24, 8, 1, 7], [2, 5, 3, 6], [4, 18, 5, 17], [6, 15, 7, 16], [8, 12, 9, 11], [10, 19, 11, 20], [12, 22, 13, 21]]"
12a_0500_81,"[[12, 22, 13, 21], [14, 24, 15, 23], [16, 1, 17, 2], [18, 4, 19, 3], [20, 9, 21, 10], [22, 14, 23, 13], [24, 8, 1, 7], [2, 5, 3, 6], [4, 18, 5, 17], [6, 15, 7, 16], [8, 12, 9, 11], [10, 19, 11, 20]]"
12a_0500_82,"[[10, 19, 11, 20], [12, 22, 13, 21], [14, 24, 15, 23], [16, 1, 17, 2], [18, 4, 19, 3], [20, 9, 21, 10], [22, 14, 23, 13], [24, 8, 1, 7], [2, 5, 3, 6], [4, 18, 5, 17], [6, 15, 7, 16], [8, 12, 9, 11]]"
12a_0500_83,"[[8, 12, 9, 11], [10, 19, 11, 20], [12, 22, 13, 21], [14, 24, 15, 23], [16, 1, 17, 2], [18, 4, 19, 3], [20, 9, 21, 10], [22, 14, 23, 13], [24, 8, 1, 7], [2, 5, 3, 6], [4, 18, 5, 17], [6, 15, 7, 16]]"
12a_0500_84,"[[7, 16, 8, 17], [9, 13, 10, 12], [11, 20, 12, 21], [13, 23, 14, 22], [15, 1, 16, 24], [17, 2, 18, 3], [19, 5, 20, 4], [21, 10, 22, 11], [23, 15, 24, 14], [1, 9, 2, 8], [3, 6, 4, 7], [5, 19, 6, 18]]"
12a_0500_85,"[[5, 19, 6, 18], [7, 16, 8, 17], [9, 13, 10, 12], [11, 20, 12, 21], [13, 23, 14, 22], [15, 1, 16, 24], [17, 2, 18, 3], [19, 5, 20, 4], [21, 10, 22, 11], [23, 15, 24, 14], [1, 9, 2, 8], [3, 6, 4, 7]]"
12a_0500_86,"[[3, 6, 4, 7], [5, 19, 6, 18], [7, 16, 8, 17], [9, 13, 10, 12], [11, 20, 12, 21], [13, 23, 14, 22], [15, 1, 16, 24], [17, 2, 18, 3], [19, 5, 20, 4], [21, 10, 22, 11], [23, 15, 24, 14], [1, 9, 2, 8]]"
12a_0500_87,"[[1, 9, 2, 8], [3, 6, 4, 7], [5, 19, 6, 18], [7, 16, 8, 17], [9, 13, 10, 12], [11, 20, 12, 21], [13, 23, 14, 22], [15, 1, 16, 24], [17, 2, 18, 3], [19, 5, 20, 4], [21, 10, 22, 11], [23, 15, 24, 14]]"
12a_0500_88,"[[23, 15, 24, 14], [1, 9, 2, 8], [3, 6, 4, 7], [5, 19, 6, 18], [7, 16, 8, 17], [9, 13, 10, 12], [11, 20, 12, 21], [13, 23, 14, 22], [15, 1, 16, 24], [17, 2, 18, 3], [19, 5, 20, 4], [21, 10, 22, 11]]"
12a_0500_89,"[[21, 10, 22, 11], [23, 15, 24, 14], [1, 9, 2, 8], [3, 6, 4, 7], [5, 19, 6, 18], [7, 16, 8, 17], [9, 13, 10, 12], [11, 20, 12, 21], [13, 23, 14, 22], [15, 1, 16, 24], [17, 2, 18, 3], [19, 5, 20, 4]]"
12a_0500_90,"[[19, 5, 20, 4], [21, 10, 22, 11], [23, 15, 24, 14], [1, 9, 2, 8], [3, 6, 4, 7], [5, 19, 6, 18], [7, 16, 8, 17], [9, 13, 10, 12], [11, 20, 12, 21], [13, 23, 14, 22], [15, 1, 16, 24], [17, 2, 18, 3]]"
12a_0500_91,"[[17, 2, 18, 3], [19, 5, 20, 4], [21, 10, 22, 11], [23, 15, 24, 14], [1, 9, 2, 8], [3, 6, 4, 7], [5, 19, 6, 18], [7, 16, 8, 17], [9, 13, 10, 12], [11, 20, 12, 21], [13, 23, 14, 22], [15, 1, 16, 24]]"
12a_0500_92,"[[15, 1, 16, 24], [17, 2, 18, 3], [19, 5, 20, 4], [21, 10, 22, 11], [23, 15, 24, 14], [1, 9, 2, 8], [3, 6, 4, 7], [5, 19, 6, 18], [7, 16, 8, 17], [9, 13, 10, 12], [11, 20, 12, 21], [13, 23, 14, 22]]"
12a_0500_93,"[[13, 23, 14, 22], [15, 1, 16, 24], [17, 2, 18, 3], [19, 5, 20, 4], [21, 10, 22, 11], [23, 15, 24, 14], [1, 9, 2, 8], [3, 6, 4, 7], [5, 19, 6, 18], [7, 16, 8, 17], [9, 13, 10, 12], [11, 20, 12, 21]]"
12a_0500_94,"[[11, 20, 12, 21], [13, 23, 14, 22], [15, 1, 16, 24], [17, 2, 18, 3], [19, 5, 20, 4], [21, 10, 22, 11], [23, 15, 24, 14], [1, 9, 2, 8], [3, 6, 4, 7], [5, 19, 6, 18], [7, 16, 8, 17], [9, 13, 10, 12]]"
12a_0500_95,"[[9, 13, 10, 12], [11, 20, 12, 21], [13, 23, 14, 22], [15, 1, 16, 24], [17, 2, 18, 3], [19, 5, 20, 4], [21, 10, 22, 11], [23, 15, 24, 14], [1, 9, 2, 8], [3, 6, 4, 7], [5, 19, 6, 18], [7, 16, 8, 17]]"
12a_0500_96,"[[8, 17, 9, 18], [10, 14, 11, 13], [12, 21, 13, 22], [14, 24, 15, 23], [16, 2, 17, 1], [18, 3, 19, 4], [20, 6, 21, 5], [22, 11, 23, 12], [24, 16, 1, 15], [2, 10, 3, 9], [4, 7, 5, 8], [6, 20, 7, 19]]"
12a_0500_97,"[[6, 20, 7, 19], [8, 17, 9, 18], [10, 14, 11, 13], [12, 21, 13, 22], [14, 24, 15, 23], [16, 2, 17, 1], [18, 3, 19, 4], [20, 6, 21, 5], [22, 11, 23, 12], [24, 16, 1, 15], [2, 10, 3, 9], [4, 7, 5, 8]]"
12a_0500_98,"[[4, 7, 5, 8], [6, 20, 7, 19], [8, 17, 9, 18], [10, 14, 11, 13], [12, 21, 13, 22], [14, 24, 15, 23], [16, 2, 17, 1], [18, 3, 19, 4], [20, 6, 21, 5], [22, 11, 23, 12], [24, 16, 1, 15], [2, 10, 3, 9]]"
12a_0500_99,"[[2, 10, 3, 9], [4, 7, 5, 8], [6, 20, 7, 19], [8, 17, 9, 18], [10, 14, 11, 13], [12, 21, 13, 22], [14, 24, 15, 23], [16, 2, 17, 1], [18, 3, 19, 4], [20, 6, 21, 5], [22, 11, 23, 12], [24, 16, 1, 15]]"
12a_0500_100,"[[24, 16, 1, 15], [2, 10, 3, 9], [4, 7, 5, 8], [6, 20, 7, 19], [8, 17, 9, 18], [10, 14, 11, 13], [12, 21, 13, 22], [14, 24, 15, 23], [16, 2, 17, 1], [18, 3, 19, 4], [20, 6, 21, 5], [22, 11, 23, 12]]"
12a_0500_101,"[[22, 11, 23, 12], [24, 16, 1, 15], [2, 10, 3, 9], [4, 7, 5, 8], [6, 20, 7, 19], [8, 17, 9, 18], [10, 14, 11, 13], [12, 21, 13, 22], [14, 24, 15, 23], [16, 2, 17, 1], [18, 3, 19, 4], [20, 6, 21, 5]]"
12a_0500_102,"[[20, 6, 21, 5], [22, 11, 23, 12], [24, 16, 1, 15], [2, 10, 3, 9], [4, 7, 5, 8], [6, 20, 7, 19], [8, 17, 9, 18], [10, 14, 11, 13], [12, 21, 13, 22], [14, 24, 15, 23], [16, 2, 17, 1], [18, 3, 19, 4]]"
12a_0500_103,"[[18, 3, 19, 4], [20, 6, 21, 5], [22, 11, 23, 12], [24, 16, 1, 15], [2, 10, 3, 9], [4, 7, 5, 8], [6, 20, 7, 19], [8, 17, 9, 18], [10, 14, 11, 13], [12, 21, 13, 22], [14, 24, 15, 23], [16, 2, 17, 1]]"
12a_0500_104,"[[16, 2, 17, 1], [18, 3, 19, 4], [20, 6, 21, 5], [22, 11, 23, 12], [24, 16, 1, 15], [2, 10, 3, 9], [4, 7, 5, 8], [6, 20, 7, 19], [8, 17, 9, 18], [10, 14, 11, 13], [12, 21, 13, 22], [14, 24, 15, 23]]"
12a_0500_105,"[[14, 24, 15, 23], [16, 2, 17, 1], [18, 3, 19, 4], [20, 6, 21, 5], [22, 11, 23, 12], [24, 16, 1, 15], [2, 10, 3, 9], [4, 7, 5, 8], [6, 20, 7, 19], [8, 17, 9, 18], [10, 14, 11, 13], [12, 21, 13, 22]]"
12a_0500_106,"[[12, 21, 13, 22], [14, 24, 15, 23], [16, 2, 17, 1], [18, 3, 19, 4], [20, 6, 21, 5], [22, 11, 23, 12], [24, 16, 1, 15], [2, 10, 3, 9], [4, 7, 5, 8], [6, 20, 7, 19], [8, 17, 9, 18], [10, 14, 11, 13]]"
12a_0500_107,"[[10, 14, 11, 13], [12, 21, 13, 22], [14, 24, 15, 23], [16, 2, 17, 1], [18, 3, 19, 4], [20, 6, 21, 5], [22, 11, 23, 12], [24, 16, 1, 15], [2, 10, 3, 9], [4, 7, 5, 8], [6, 20, 7, 19], [8, 17, 9, 18]]"
12a_0500_108,"[[9, 18, 10, 19], [11, 15, 12, 14], [13, 22, 14, 23], [15, 1, 16, 24], [17, 3, 18, 2], [19, 4, 20, 5], [21, 7, 22, 6], [23, 12, 24, 13], [1, 17, 2, 16], [3, 11, 4, 10], [5, 8, 6, 9], [7, 21, 8, 20]]"
12a_0500_109,"[[7, 21, 8, 20], [9, 18, 10, 19], [11, 15, 12, 14], [13, 22, 14, 23], [15, 1, 16, 24], [17, 3, 18, 2], [19, 4, 20, 5], [21, 7, 22, 6], [23, 12, 24, 13], [1, 17, 2, 16], [3, 11, 4, 10], [5, 8, 6, 9]]"
12a_0500_110,"[[5, 8, 6, 9], [7, 21, 8, 20], [9, 18, 10, 19], [11, 15, 12, 14], [13, 22, 14, 23], [15, 1, 16, 24], [17, 3, 18, 2], [19, 4, 20, 5], [21, 7, 22, 6], [23, 12, 24, 13], [1, 17, 2, 16], [3, 11, 4, 10]]"
12a_0500_111,"[[3, 11, 4, 10], [5, 8, 6, 9], [7, 21, 8, 20], [9, 18, 10, 19], [11, 15, 12, 14], [13, 22, 14, 23], [15, 1, 16, 24], [17, 3, 18, 2], [19, 4, 20, 5], [21, 7, 22, 6], [23, 12, 24, 13], [1, 17, 2, 16]]"
12a_0500_112,"[[1, 17, 2, 16], [3, 11, 4, 10], [5, 8, 6, 9], [7, 21, 8, 20], [9, 18, 10, 19], [11, 15, 12, 14], [13, 22, 14, 23], [15, 1, 16, 24], [17, 3, 18, 2], [19, 4, 20, 5], [21, 7, 22, 6], [23, 12, 24, 13]]"
12a_0500_113,"[[23, 12, 24, 13], [1, 17, 2, 16], [3, 11, 4, 10], [5, 8, 6, 9], [7, 21, 8, 20], [9, 18, 10, 19], [11, 15, 12, 14], [13, 22, 14, 23], [15, 1, 16, 24], [17, 3, 18, 2], [19, 4, 20, 5], [21, 7, 22, 6]]"
12a_0500_114,"[[21, 7, 22, 6], [23, 12, 24, 13], [1, 17, 2, 16], [3, 11, 4, 10], [5, 8, 6, 9], [7, 21, 8, 20], [9, 18, 10, 19], [11, 15, 12, 14], [13, 22, 14, 23], [15, 1, 16, 24], [17, 3, 18, 2], [19, 4, 20, 5]]"
12a_0500_115,"[[19, 4, 20, 5], [21, 7, 22, 6], [23, 12, 24, 13], [1, 17, 2, 16], [3, 11, 4, 10], [5, 8, 6, 9], [7, 21, 8, 20], [9, 18, 10, 19], [11, 15, 12, 14], [13, 22, 14, 23], [15, 1, 16, 24], [17, 3, 18, 2]]"
12a_0500_116,"[[17, 3, 18, 2], [19, 4, 20, 5], [21, 7, 22, 6], [23, 12, 24, 13], [1, 17, 2, 16], [3, 11, 4, 10], [5, 8, 6, 9], [7, 21, 8, 20], [9, 18, 10, 19], [11, 15, 12, 14], [13, 22, 14, 23], [15, 1, 16, 24]]"
12a_0500_117,"[[15, 1, 16, 24], [17, 3, 18, 2], [19, 4, 20, 5], [21, 7, 22, 6], [23, 12, 24, 13], [1, 17, 2, 16], [3, 11, 4, 10], [5, 8, 6, 9], [7, 21, 8, 20], [9, 18, 10, 19], [11, 15, 12, 14], [13, 22, 14, 23]]"
12a_0500_118,"[[13, 22, 14, 23], [15, 1, 16, 24], [17, 3, 18, 2], [19, 4, 20, 5], [21, 7, 22, 6], [23, 12, 24, 13], [1, 17, 2, 16], [3, 11, 4, 10], [5, 8, 6, 9], [7, 21, 8, 20], [9, 18, 10, 19], [11, 15, 12, 14]]"
12a_0500_119,"[[11, 15, 12, 14], [13, 22, 14, 23], [15, 1, 16, 24], [17, 3, 18, 2], [19, 4, 20, 5], [21, 7, 22, 6], [23, 12, 24, 13], [1, 17, 2, 16], [3, 11, 4, 10], [5, 8, 6, 9], [7, 21, 8, 20], [9, 18, 10, 19]]"
12a_0500_120,"[[10, 19, 11, 20], [12, 16, 13, 15], [14, 23, 15, 24], [16, 2, 17, 1], [18, 4, 19, 3], [20, 5, 21, 6], [22, 8, 23, 7], [24, 13, 1, 14], [2, 18, 3, 17], [4, 12, 5, 11], [6, 9, 7, 10], [8, 22, 9, 21]]"
12a_0500_121,"[[8, 22, 9, 21], [10, 19, 11, 20], [12, 16, 13, 15], [14, 23, 15, 24], [16, 2, 17, 1], [18, 4, 19, 3], [20, 5, 21, 6], [22, 8, 23, 7], [24, 13, 1, 14], [2, 18, 3, 17], [4, 12, 5, 11], [6, 9, 7, 10]]"
12a_0500_122,"[[6, 9, 7, 10], [8, 22, 9, 21], [10, 19, 11, 20], [12, 16, 13, 15], [14, 23, 15, 24], [16, 2, 17, 1], [18, 4, 19, 3], [20, 5, 21, 6], [22, 8, 23, 7], [24, 13, 1, 14], [2, 18, 3, 17], [4, 12, 5, 11]]"
12a_0500_123,"[[4, 12, 5, 11], [6, 9, 7, 10], [8, 22, 9, 21], [10, 19, 11, 20], [12, 16, 13, 15], [14, 23, 15, 24], [16, 2, 17, 1], [18, 4, 19, 3], [20, 5, 21, 6], [22, 8, 23, 7], [24, 13, 1, 14], [2, 18, 3, 17]]"
12a_0500_124,"[[2, 18, 3, 17], [4, 12, 5, 11], [6, 9, 7, 10], [8, 22, 9, 21], [10, 19, 11, 20], [12, 16, 13, 15], [14, 23, 15, 24], [16, 2, 17, 1], [18, 4, 19, 3], [20, 5, 21, 6], [22, 8, 23, 7], [24, 13, 1, 14]]"
12a_0500_125,"[[24, 13, 1, 14], [2, 18, 3, 17], [4, 12, 5, 11], [6, 9, 7, 10], [8, 22, 9, 21], [10, 19, 11, 20], [12, 16, 13, 15], [14, 23, 15, 24], [16, 2, 17, 1], [18, 4, 19, 3], [20, 5, 21, 6], [22, 8, 23, 7]]"
12a_0500_126,"[[22, 8, 23, 7], [24, 13, 1, 14], [2, 18, 3, 17], [4, 12, 5, 11], [6, 9, 7, 10], [8, 22, 9, 21], [10, 19, 11, 20], [12, 16, 13, 15], [14, 23, 15, 24], [16, 2, 17, 1], [18, 4, 19, 3], [20, 5, 21, 6]]"
12a_0500_127,"[[20, 5, 21, 6], [22, 8, 23, 7], [24, 13, 1, 14], [2, 18, 3, 17], [4, 12, 5, 11], [6, 9, 7, 10], [8, 22, 9, 21], [10, 19, 11, 20], [12, 16, 13, 15], [14, 23, 15, 24], [16, 2, 17, 1], [18, 4, 19, 3]]"
12a_0500_128,"[[18, 4, 19, 3], [20, 5, 21, 6], [22, 8, 23, 7], [24, 13, 1, 14], [2, 18, 3, 17], [4, 12, 5, 11], [6, 9, 7, 10], [8, 22, 9, 21], [10, 19, 11, 20], [12, 16, 13, 15], [14, 23, 15, 24], [16, 2, 17, 1]]"
12a_0500_129,"[[16, 2, 17, 1], [18, 4, 19, 3], [20, 5, 21, 6], [22, 8, 23, 7], [24, 13, 1, 14], [2, 18, 3, 17], [4, 12, 5, 11], [6, 9, 7, 10], [8, 22, 9, 21], [10, 19, 11, 20], [12, 16, 13, 15], [14, 23, 15, 24]]"
12a_0500_130,"[[14, 23, 15, 24], [16, 2, 17, 1], [18, 4, 19, 3], [20, 5, 21, 6], [22, 8, 23, 7], [24, 13, 1, 14], [2, 18, 3, 17], [4, 12, 5, 11], [6, 9, 7, 10], [8, 22, 9, 21], [10, 19, 11, 20], [12, 16, 13, 15]]"
12a_0500_131,"[[12, 16, 13, 15], [14, 23, 15, 24], [16, 2, 17, 1], [18, 4, 19, 3], [20, 5, 21, 6], [22, 8, 23, 7], [24, 13, 1, 14], [2, 18, 3, 17], [4, 12, 5, 11], [6, 9, 7, 10], [8, 22, 9, 21], [10, 19, 11, 20]]"
12a_0500_132,"[[11, 20, 12, 21], [13, 17, 14, 16], [15, 24, 16, 1], [17, 3, 18, 2], [19, 5, 20, 4], [21, 6, 22, 7], [23, 9, 24, 8], [1, 14, 2, 15], [3, 19, 4, 18], [5, 13, 6, 12], [7, 10, 8, 11], [9, 23, 10, 22]]"
12a_0500_133,"[[9, 23, 10, 22], [11, 20, 12, 21], [13, 17, 14, 16], [15, 24, 16, 1], [17, 3, 18, 2], [19, 5, 20, 4], [21, 6, 22, 7], [23, 9, 24, 8], [1, 14, 2, 15], [3, 19, 4, 18], [5, 13, 6, 12], [7, 10, 8, 11]]"
12a_0500_134,"[[7, 10, 8, 11], [9, 23, 10, 22], [11, 20, 12, 21], [13, 17, 14, 16], [15, 24, 16, 1], [17, 3, 18, 2], [19, 5, 20, 4], [21, 6, 22, 7], [23, 9, 24, 8], [1, 14, 2, 15], [3, 19, 4, 18], [5, 13, 6, 12]]"
12a_0500_135,"[[5, 13, 6, 12], [7, 10, 8, 11], [9, 23, 10, 22], [11, 20, 12, 21], [13, 17, 14, 16], [15, 24, 16, 1], [17, 3, 18, 2], [19, 5, 20, 4], [21, 6, 22, 7], [23, 9, 24, 8], [1, 14, 2, 15], [3, 19, 4, 18]]"
12a_0500_136,"[[3, 19, 4, 18], [5, 13, 6, 12], [7, 10, 8, 11], [9, 23, 10, 22], [11, 20, 12, 21], [13, 17, 14, 16], [15, 24, 16, 1], [17, 3, 18, 2], [19, 5, 20, 4], [21, 6, 22, 7], [23, 9, 24, 8], [1, 14, 2, 15]]"
12a_0500_137,"[[1, 14, 2, 15], [3, 19, 4, 18], [5, 13, 6, 12], [7, 10, 8, 11], [9, 23, 10, 22], [11, 20, 12, 21], [13, 17, 14, 16], [15, 24, 16, 1], [17, 3, 18, 2], [19, 5, 20, 4], [21, 6, 22, 7], [23, 9, 24, 8]]"
12a_0500_138,"[[23, 9, 24, 8], [1, 14, 2, 15], [3, 19, 4, 18], [5, 13, 6, 12], [7, 10, 8, 11], [9, 23, 10, 22], [11, 20, 12, 21], [13, 17, 14, 16], [15, 24, 16, 1], [17, 3, 18, 2], [19, 5, 20, 4], [21, 6, 22, 7]]"
12a_0500_139,"[[21, 6, 22, 7], [23, 9, 24, 8], [1, 14, 2, 15], [3, 19, 4, 18], [5, 13, 6, 12], [7, 10, 8, 11], [9, 23, 10, 22], [11, 20, 12, 21], [13, 17, 14, 16], [15, 24, 16, 1], [17, 3, 18, 2], [19, 5, 20, 4]]"
12a_0500_140,"[[19, 5, 20, 4], [21, 6, 22, 7], [23, 9, 24, 8], [1, 14, 2, 15], [3, 19, 4, 18], [5, 13, 6, 12], [7, 10, 8, 11], [9, 23, 10, 22], [11, 20, 12, 21], [13, 17, 14, 16], [15, 24, 16, 1], [17, 3, 18, 2]]"
12a_0500_141,"[[17, 3, 18, 2], [19, 5, 20, 4], [21, 6, 22, 7], [23, 9, 24, 8], [1, 14, 2, 15], [3, 19, 4, 18], [5, 13, 6, 12], [7, 10, 8, 11], [9, 23, 10, 22], [11, 20, 12, 21], [13, 17, 14, 16], [15, 24, 16, 1]]"
12a_0500_142,"[[15, 24, 16, 1], [17, 3, 18, 2], [19, 5, 20, 4], [21, 6, 22, 7], [23, 9, 24, 8], [1, 14, 2, 15], [3, 19, 4, 18], [5, 13, 6, 12], [7, 10, 8, 11], [9, 23, 10, 22], [11, 20, 12, 21], [13, 17, 14, 16]]"
12a_0500_143,"[[13, 17, 14, 16], [15, 24, 16, 1], [17, 3, 18, 2], [19, 5, 20, 4], [21, 6, 22, 7], [23, 9, 24, 8], [1, 14, 2, 15], [3, 19, 4, 18], [5, 13, 6, 12], [7, 10, 8, 11], [9, 23, 10, 22], [11, 20, 12, 21]]"
12a_0500_144,"[[12, 21, 13, 22], [14, 18, 15, 17], [16, 1, 17, 2], [18, 4, 19, 3], [20, 6, 21, 5], [22, 7, 23, 8], [24, 10, 1, 9], [2, 15, 3, 16], [4, 20, 5, 19], [6, 14, 7, 13], [8, 11, 9, 12], [10, 24, 11, 23]]"
12a_0500_145,"[[10, 24, 11, 23], [12, 21, 13, 22], [14, 18, 15, 17], [16, 1, 17, 2], [18, 4, 19, 3], [20, 6, 21, 5], [22, 7, 23, 8], [24, 10, 1, 9], [2, 15, 3, 16], [4, 20, 5, 19], [6, 14, 7, 13], [8, 11, 9, 12]]"
12a_0500_146,"[[8, 11, 9, 12], [10, 24, 11, 23], [12, 21, 13, 22], [14, 18, 15, 17], [16, 1, 17, 2], [18, 4, 19, 3], [20, 6, 21, 5], [22, 7, 23, 8], [24, 10, 1, 9], [2, 15, 3, 16], [4, 20, 5, 19], [6, 14, 7, 13]]"
12a_0500_147,"[[6, 14, 7, 13], [8, 11, 9, 12], [10, 24, 11, 23], [12, 21, 13, 22], [14, 18, 15, 17], [16, 1, 17, 2], [18, 4, 19, 3], [20, 6, 21, 5], [22, 7, 23, 8], [24, 10, 1, 9], [2, 15, 3, 16], [4, 20, 5, 19]]"
12a_0500_148,"[[4, 20, 5, 19], [6, 14, 7, 13], [8, 11, 9, 12], [10, 24, 11, 23], [12, 21, 13, 22], [14, 18, 15, 17], [16, 1, 17, 2], [18, 4, 19, 3], [20, 6, 21, 5], [22, 7, 23, 8], [24, 10, 1, 9], [2, 15, 3, 16]]"
12a_0500_149,"[[2, 15, 3, 16], [4, 20, 5, 19], [6, 14, 7, 13], [8, 11, 9, 12], [10, 24, 11, 23], [12, 21, 13, 22], [14, 18, 15, 17], [16, 1, 17, 2], [18, 4, 19, 3], [20, 6, 21, 5], [22, 7, 23, 8], [24, 10, 1, 9]]"
12a_0500_150,"[[24, 10, 1, 9], [2, 15, 3, 16], [4, 20, 5, 19], [6, 14, 7, 13], [8, 11, 9, 12], [10, 24, 11, 23], [12, 21, 13, 22], [14, 18, 15, 17], [16, 1, 17, 2], [18, 4, 19, 3], [20, 6, 21, 5], [22, 7, 23, 8]]"
12a_0500_151,"[[22, 7, 23, 8], [24, 10, 1, 9], [2, 15, 3, 16], [4, 20, 5, 19], [6, 14, 7, 13], [8, 11, 9, 12], [10, 24, 11, 23], [12, 21, 13, 22], [14, 18, 15, 17], [16, 1, 17, 2], [18, 4, 19, 3], [20, 6, 21, 5]]"
12a_0500_152,"[[20, 6, 21, 5], [22, 7, 23, 8], [24, 10, 1, 9], [2, 15, 3, 16], [4, 20, 5, 19], [6, 14, 7, 13], [8, 11, 9, 12], [10, 24, 11, 23], [12, 21, 13, 22], [14, 18, 15, 17], [16, 1, 17, 2], [18, 4, 19, 3]]"
12a_0500_153,"[[18, 4, 19, 3], [20, 6, 21, 5], [22, 7, 23, 8], [24, 10, 1, 9], [2, 15, 3, 16], [4, 20, 5, 19], [6, 14, 7, 13], [8, 11, 9, 12], [10, 24, 11, 23], [12, 21, 13, 22], [14, 18, 15, 17], [16, 1, 17, 2]]"
12a_0500_154,"[[16, 1, 17, 2], [18, 4, 19, 3], [20, 6, 21, 5], [22, 7, 23, 8], [24, 10, 1, 9], [2, 15, 3, 16], [4, 20, 5, 19], [6, 14, 7, 13], [8, 11, 9, 12], [10, 24, 11, 23], [12, 21, 13, 22], [14, 18, 15, 17]]"
12a_0500_155,"[[14, 18, 15, 17], [16, 1, 17, 2], [18, 4, 19, 3], [20, 6, 21, 5], [22, 7, 23, 8], [24, 10, 1, 9], [2, 15, 3, 16], [4, 20, 5, 19], [6, 14, 7, 13], [8, 11, 9, 12], [10, 24, 11, 23], [12, 21, 13, 22]]"
12a_0500_156,"[[13, 22, 14, 23], [15, 19, 16, 18], [17, 2, 18, 3], [19, 5, 20, 4], [21, 7, 22, 6], [23, 8, 24, 9], [1, 11, 2, 10], [3, 16, 4, 17], [5, 21, 6, 20], [7, 15, 8, 14], [9, 12, 10, 13], [11, 1, 12, 24]]"
12a_0500_157,"[[11, 1, 12, 24], [13, 22, 14, 23], [15, 19, 16, 18], [17, 2, 18, 3], [19, 5, 20, 4], [21, 7, 22, 6], [23, 8, 24, 9], [1, 11, 2, 10], [3, 16, 4, 17], [5, 21, 6, 20], [7, 15, 8, 14], [9, 12, 10, 13]]"
12a_0500_158,"[[9, 12, 10, 13], [11, 1, 12, 24], [13, 22, 14, 23], [15, 19, 16, 18], [17, 2, 18, 3], [19, 5, 20, 4], [21, 7, 22, 6], [23, 8, 24, 9], [1, 11, 2, 10], [3, 16, 4, 17], [5, 21, 6, 20], [7, 15, 8, 14]]"
12a_0500_159,"[[7, 15, 8, 14], [9, 12, 10, 13], [11, 1, 12, 24], [13, 22, 14, 23], [15, 19, 16, 18], [17, 2, 18, 3], [19, 5, 20, 4], [21, 7, 22, 6], [23, 8, 24, 9], [1, 11, 2, 10], [3, 16, 4, 17], [5, 21, 6, 20]]"
12a_0500_160,"[[5, 21, 6, 20], [7, 15, 8, 14], [9, 12, 10, 13], [11, 1, 12, 24], [13, 22, 14, 23], [15, 19, 16, 18], [17, 2, 18, 3], [19, 5, 20, 4], [21, 7, 22, 6], [23, 8, 24, 9], [1, 11, 2, 10], [3, 16, 4, 17]]"
12a_0500_161,"[[3, 16, 4, 17], [5, 21, 6, 20], [7, 15, 8, 14], [9, 12, 10, 13], [11, 1, 12, 24], [13, 22, 14, 23], [15, 19, 16, 18], [17, 2, 18, 3], [19, 5, 20, 4], [21, 7, 22, 6], [23, 8, 24, 9], [1, 11, 2, 10]]"
12a_0500_162,"[[1, 11, 2, 10], [3, 16, 4, 17], [5, 21, 6, 20], [7, 15, 8, 14], [9, 12, 10, 13], [11, 1, 12, 24], [13, 22, 14, 23], [15, 19, 16, 18], [17, 2, 18, 3], [19, 5, 20, 4], [21, 7, 22, 6], [23, 8, 24, 9]]"
12a_0500_163,"[[23, 8, 24, 9], [1, 11, 2, 10], [3, 16, 4, 17], [5, 21, 6, 20], [7, 15, 8, 14], [9, 12, 10, 13], [11, 1, 12, 24], [13, 22, 14, 23], [15, 19, 16, 18], [17, 2, 18, 3], [19, 5, 20, 4], [21, 7, 22, 6]]"
12a_0500_164,"[[21, 7, 22, 6], [23, 8, 24, 9], [1, 11, 2, 10], [3, 16, 4, 17], [5, 21, 6, 20], [7, 15, 8, 14], [9, 12, 10, 13], [11, 1, 12, 24], [13, 22, 14, 23], [15, 19, 16, 18], [17, 2, 18, 3], [19, 5, 20, 4]]"
12a_0500_165,"[[19, 5, 20, 4], [21, 7, 22, 6], [23, 8, 24, 9], [1, 11, 2, 10], [3, 16, 4, 17], [5, 21, 6, 20], [7, 15, 8, 14], [9, 12, 10, 13], [11, 1, 12, 24], [13, 22, 14, 23], [15, 19, 16, 18], [17, 2, 18, 3]]"
12a_0500_166,"[[17, 2, 18, 3], [19, 5, 20, 4], [21, 7, 22, 6], [23, 8, 24, 9], [1, 11, 2, 10], [3, 16, 4, 17], [5, 21, 6, 20], [7, 15, 8, 14], [9, 12, 10, 13], [11, 1, 12, 24], [13, 22, 14, 23], [15, 19, 16, 18]]"
12a_0500_167,"[[15, 19, 16, 18], [17, 2, 18, 3], [19, 5, 20, 4], [21, 7, 22, 6], [23, 8, 24, 9], [1, 11, 2, 10], [3, 16, 4, 17], [5, 21, 6, 20], [7, 15, 8, 14], [9, 12, 10, 13], [11, 1, 12, 24], [13, 22, 14, 23]]"
12a_0500_168,"[[14, 23, 15, 24], [16, 20, 17, 19], [18, 3, 19, 4], [20, 6, 21, 5], [22, 8, 23, 7], [24, 9, 1, 10], [2, 12, 3, 11], [4, 17, 5, 18], [6, 22, 7, 21], [8, 16, 9, 15], [10, 13, 11, 14], [12, 2, 13, 1]]"
12a_0500_169,"[[12, 2, 13, 1], [14, 23, 15, 24], [16, 20, 17, 19], [18, 3, 19, 4], [20, 6, 21, 5], [22, 8, 23, 7], [24, 9, 1, 10], [2, 12, 3, 11], [4, 17, 5, 18], [6, 22, 7, 21], [8, 16, 9, 15], [10, 13, 11, 14]]"
12a_0500_170,"[[10, 13, 11, 14], [12, 2, 13, 1], [14, 23, 15, 24], [16, 20, 17, 19], [18, 3, 19, 4], [20, 6, 21, 5], [22, 8, 23, 7], [24, 9, 1, 10], [2, 12, 3, 11], [4, 17, 5, 18], [6, 22, 7, 21], [8, 16, 9, 15]]"
12a_0500_171,"[[8, 16, 9, 15], [10, 13, 11, 14], [12, 2, 13, 1], [14, 23, 15, 24], [16, 20, 17, 19], [18, 3, 19, 4], [20, 6, 21, 5], [22, 8, 23, 7], [24, 9, 1, 10], [2, 12, 3, 11], [4, 17, 5, 18], [6, 22, 7, 21]]"
12a_0500_172,"[[6, 22, 7, 21], [8, 16, 9, 15], [10, 13, 11, 14], [12, 2, 13, 1], [14, 23, 15, 24], [16, 20, 17, 19], [18, 3, 19, 4], [20, 6, 21, 5], [22, 8, 23, 7], [24, 9, 1, 10], [2, 12, 3, 11], [4, 17, 5, 18]]"
12a_0500_173,"[[4, 17, 5, 18], [6, 22, 7, 21], [8, 16, 9, 15], [10, 13, 11, 14], [12, 2, 13, 1], [14, 23, 15, 24], [16, 20, 17, 19], [18, 3, 19, 4], [20, 6, 21, 5], [22, 8, 23, 7], [24, 9, 1, 10], [2, 12, 3, 11]]"
12a_0500_174,"[[2, 12, 3, 11], [4, 17, 5, 18], [6, 22, 7, 21], [8, 16, 9, 15], [10, 13, 11, 14], [12, 2, 13, 1], [14, 23, 15, 24], [16, 20, 17, 19], [18, 3, 19, 4], [20, 6, 21, 5], [22, 8, 23, 7], [24, 9, 1, 10]]"
12a_0500_175,"[[24, 9, 1, 10], [2, 12, 3, 11], [4, 17, 5, 18], [6, 22, 7, 21], [8, 16, 9, 15], [10, 13, 11, 14], [12, 2, 13, 1], [14, 23, 15, 24], [16, 20, 17, 19], [18, 3, 19, 4], [20, 6, 21, 5], [22, 8, 23, 7]]"
12a_0500_176,"[[22, 8, 23, 7], [24, 9, 1, 10], [2, 12, 3, 11], [4, 17, 5, 18], [6, 22, 7, 21], [8, 16, 9, 15], [10, 13, 11, 14], [12, 2, 13, 1], [14, 23, 15, 24], [16, 20, 17, 19], [18, 3, 19, 4], [20, 6, 21, 5]]"
12a_0500_177,"[[20, 6, 21, 5], [22, 8, 23, 7], [24, 9, 1, 10], [2, 12, 3, 11], [4, 17, 5, 18], [6, 22, 7, 21], [8, 16, 9, 15], [10, 13, 11, 14], [12, 2, 13, 1], [14, 23, 15, 24], [16, 20, 17, 19], [18, 3, 19, 4]]"
12a_0500_178,"[[18, 3, 19, 4], [20, 6, 21, 5], [22, 8, 23, 7], [24, 9, 1, 10], [2, 12, 3, 11], [4, 17, 5, 18], [6, 22, 7, 21], [8, 16, 9, 15], [10, 13, 11, 14], [12, 2, 13, 1], [14, 23, 15, 24], [16, 20, 17, 19]]"
12a_0500_179,"[[16, 20, 17, 19], [18, 3, 19, 4], [20, 6, 21, 5], [22, 8, 23, 7], [24, 9, 1, 10], [2, 12, 3, 11], [4, 17, 5, 18], [6, 22, 7, 21], [8, 16, 9, 15], [10, 13, 11, 14], [12, 2, 13, 1], [14, 23, 15, 24]]"
12a_0500_180,"[[15, 24, 16, 1], [17, 21, 18, 20], [19, 4, 20, 5], [21, 7, 22, 6], [23, 9, 24, 8], [1, 10, 2, 11], [3, 13, 4, 12], [5, 18, 6, 19], [7, 23, 8, 22], [9, 17, 10, 16], [11, 14, 12, 15], [13, 3, 14, 2]]"
12a_0500_181,"[[13, 3, 14, 2], [15, 24, 16, 1], [17, 21, 18, 20], [19, 4, 20, 5], [21, 7, 22, 6], [23, 9, 24, 8], [1, 10, 2, 11], [3, 13, 4, 12], [5, 18, 6, 19], [7, 23, 8, 22], [9, 17, 10, 16], [11, 14, 12, 15]]"
12a_0500_182,"[[11, 14, 12, 15], [13, 3, 14, 2], [15, 24, 16, 1], [17, 21, 18, 20], [19, 4, 20, 5], [21, 7, 22, 6], [23, 9, 24, 8], [1, 10, 2, 11], [3, 13, 4, 12], [5, 18, 6, 19], [7, 23, 8, 22], [9, 17, 10, 16]]"
12a_0500_183,"[[9, 17, 10, 16], [11, 14, 12, 15], [13, 3, 14, 2], [15, 24, 16, 1], [17, 21, 18, 20], [19, 4, 20, 5], [21, 7, 22, 6], [23, 9, 24, 8], [1, 10, 2, 11], [3, 13, 4, 12], [5, 18, 6, 19], [7, 23, 8, 22]]"
12a_0500_184,"[[7, 23, 8, 22], [9, 17, 10, 16], [11, 14, 12, 15], [13, 3, 14, 2], [15, 24, 16, 1], [17, 21, 18, 20], [19, 4, 20, 5], [21, 7, 22, 6], [23, 9, 24, 8], [1, 10, 2, 11], [3, 13, 4, 12], [5, 18, 6, 19]]"
12a_0500_185,"[[5, 18, 6, 19], [7, 23, 8, 22], [9, 17, 10, 16], [11, 14, 12, 15], [13, 3, 14, 2], [15, 24, 16, 1], [17, 21, 18, 20], [19, 4, 20, 5], [21, 7, 22, 6], [23, 9, 24, 8], [1, 10, 2, 11], [3, 13, 4, 12]]"
