name,pd_notation
12a_1005_0,"[[24, 17, 1, 18], [2, 8, 3, 7], [4, 11, 5, 12], [6, 24, 7, 23], [8, 19, 9, 20], [10, 15, 11, 16], [12, 22, 13, 21], [14, 5, 15, 6], [16, 9, 17, 10], [18, 1, 19, 2], [20, 4, 21, 3], [22, 14, 23, 13]]"
12a_1005_1,"[[22, 14, 23, 13], [24, 17, 1, 18], [2, 8, 3, 7], [4, 11, 5, 12], [6, 24, 7, 23], [8, 19, 9, 20], [10, 15, 11, 16], [12, 22, 13, 21], [14, 5, 15, 6], [16, 9, 17, 10], [18, 1, 19, 2], [20, 4, 21, 3]]"
12a_1005_2,"[[20, 4, 21, 3], [22, 14, 23, 13], [24, 17, 1, 18], [2, 8, 3, 7], [4, 11, 5, 12], [6, 24, 7, 23], [8, 19, 9, 20], [10, 15, 11, 16], [12, 22, 13, 21], [14, 5, 15, 6], [16, 9, 17, 10], [18, 1, 19, 2]]"
12a_1005_3,"[[18, 1, 19, 2], [20, 4, 21, 3], [22, 14, 23, 13], [24, 17, 1, 18], [2, 8, 3, 7], [4, 11, 5, 12], [6, 24, 7, 23], [8, 19, 9, 20], [10, 15, 11, 16], [12, 22, 13, 21], [14, 5, 15, 6], [16, 9, 17, 10]]"
12a_1005_4,"[[16, 9, 17, 10], [18, 1, 19, 2], [20, 4, 21, 3], [22, 14, 23, 13], [24, 17, 1, 18], [2, 8, 3, 7], [4, 11, 5, 12], [6, 24, 7, 23], [8, 19, 9, 20], [10, 15, 11, 16], [12, 22, 13, 21], [14, 5, 15, 6]]"
12a_1005_5,"[[14, 5, 15, 6], [16, 9, 17, 10], [18, 1, 19, 2], [20, 4, 21, 3], [22, 14, 23, 13], [24, 17, 1, 18], [2, 8, 3, 7], [4, 11, 5, 12], [6, 24, 7, 23], [8, 19, 9, 20], [10, 15, 11, 16], [12, 22, 13, 21]]"
12a_1005_6,"[[12, 22, 13, 21], [14, 5, 15, 6], [16, 9, 17, 10], [18, 1, 19, 2], [20, 4, 21, 3], [22, 14, 23, 13], [24, 17, 1, 18], [2, 8, 3, 7], [4, 11, 5, 12], [6, 24, 7, 23], [8, 19, 9, 20], [10, 15, 11, 16]]"
12a_1005_7,"[[10, 15, 11, 16], [12, 22, 13, 21], [14, 5, 15, 6], [16, 9, 17, 10], [18, 1, 19, 2], [20, 4, 21, 3], [22, 14, 23, 13], [24, 17, 1, 18], [2, 8, 3, 7], [4, 11, 5, 12], [6, 24, 7, 23], [8, 19, 9, 20]]"
12a_1005_8,"[[8, 19, 9, 20], [10, 15, 11, 16], [12, 22, 13, 21], [14, 5, 15, 6], [16, 9, 17, 10], [18, 1, 19, 2], [20, 4, 21, 3], [22, 14, 23, 13], [24, 17, 1, 18], [2, 8, 3, 7], [4, 11, 5, 12], [6, 24, 7, 23]]"
12a_1005_9,"[[6, 24, 7, 23], [8, 19, 9, 20], [10, 15, 11, 16], [12, 22, 13, 21], [14, 5, 15, 6], [16, 9, 17, 10], [18, 1, 19, 2], [20, 4, 21, 3], [22, 14, 23, 13], [24, 17, 1, 18], [2, 8, 3, 7], [4, 11, 5, 12]]"
12a_1005_10,"[[4, 11, 5, 12], [6, 24, 7, 23], [8, 19, 9, 20], [10, 15, 11, 16], [12, 22, 13, 21], [14, 5, 15, 6], [16, 9, 17, 10], [18, 1, 19, 2], [20, 4, 21, 3], [22, 14, 23, 13], [24, 17, 1, 18], [2, 8, 3, 7]]"
12a_1005_11,"[[2, 8, 3, 7], [4, 11, 5, 12], [6, 24, 7, 23], [8, 19, 9, 20], [10, 15, 11, 16], [12, 22, 13, 21], [14, 5, 15, 6], [16, 9, 17, 10], [18, 1, 19, 2], [20, 4, 21, 3], [22, 14, 23, 13], [24, 17, 1, 18]]"
12a_1005_12,"[[1, 18, 2, 19], [3, 9, 4, 8], [5, 12, 6, 13], [7, 1, 8, 24], [9, 20, 10, 21], [11, 16, 12, 17], [13, 23, 14, 22], [15, 6, 16, 7], [17, 10, 18, 11], [19, 2, 20, 3], [21, 5, 22, 4], [23, 15, 24, 14]]"
12a_1005_13,"[[23, 15, 24, 14], [1, 18, 2, 19], [3, 9, 4, 8], [5, 12, 6, 13], [7, 1, 8, 24], [9, 20, 10, 21], [11, 16, 12, 17], [13, 23, 14, 22], [15, 6, 16, 7], [17, 10, 18, 11], [19, 2, 20, 3], [21, 5, 22, 4]]"
12a_1005_14,"[[21, 5, 22, 4], [23, 15, 24, 14], [1, 18, 2, 19], [3, 9, 4, 8], [5, 12, 6, 13], [7, 1, 8, 24], [9, 20, 10, 21], [11, 16, 12, 17], [13, 23, 14, 22], [15, 6, 16, 7], [17, 10, 18, 11], [19, 2, 20, 3]]"
12a_1005_15,"[[19, 2, 20, 3], [21, 5, 22, 4], [23, 15, 24, 14], [1, 18, 2, 19], [3, 9, 4, 8], [5, 12, 6, 13], [7, 1, 8, 24], [9, 20, 10, 21], [11, 16, 12, 17], [13, 23, 14, 22], [15, 6, 16, 7], [17, 10, 18, 11]]"
12a_1005_16,"[[17, 10, 18, 11], [19, 2, 20, 3], [21, 5, 22, 4], [23, 15, 24, 14], [1, 18, 2, 19], [3, 9, 4, 8], [5, 12, 6, 13], [7, 1, 8, 24], [9, 20, 10, 21], [11, 16, 12, 17], [13, 23, 14, 22], [15, 6, 16, 7]]"
12a_1005_17,"[[15, 6, 16, 7], [17, 10, 18, 11], [19, 2, 20, 3], [21, 5, 22, 4], [23, 15, 24, 14], [1, 18, 2, 19], [3, 9, 4, 8], [5, 12, 6, 13], [7, 1, 8, 24], [9, 20, 10, 21], [11, 16, 12, 17], [13, 23, 14, 22]]"
12a_1005_18,"[[13, 23, 14, 22], [15, 6, 16, 7], [17, 10, 18, 11], [19, 2, 20, 3], [21, 5, 22, 4], [23, 15, 24, 14], [1, 18, 2, 19], [3, 9, 4, 8], [5, 12, 6, 13], [7, 1, 8, 24], [9, 20, 10, 21], [11, 16, 12, 17]]"
12a_1005_19,"[[11, 16, 12, 17], [13, 23, 14, 22], [15, 6, 16, 7], [17, 10, 18, 11], [19, 2, 20, 3], [21, 5, 22, 4], [23, 15, 24, 14], [1, 18, 2, 19], [3, 9, 4, 8], [5, 12, 6, 13], [7, 1, 8, 24], [9, 20, 10, 21]]"
12a_1005_20,"[[9, 20, 10, 21], [11, 16, 12, 17], [13, 23, 14, 22], [15, 6, 16, 7], [17, 10, 18, 11], [19, 2, 20, 3], [21, 5, 22, 4], [23, 15, 24, 14], [1, 18, 2, 19], [3, 9, 4, 8], [5, 12, 6, 13], [7, 1, 8, 24]]"
12a_1005_21,"[[7, 1, 8, 24], [9, 20, 10, 21], [11, 16, 12, 17], [13, 23, 14, 22], [15, 6, 16, 7], [17, 10, 18, 11], [19, 2, 20, 3], [21, 5, 22, 4], [23, 15, 24, 14], [1, 18, 2, 19], [3, 9, 4, 8], [5, 12, 6, 13]]"
12a_1005_22,"[[5, 12, 6, 13], [7, 1, 8, 24], [9, 20, 10, 21], [11, 16, 12, 17], [13, 23, 14, 22], [15, 6, 16, 7], [17, 10, 18, 11], [19, 2, 20, 3], [21, 5, 22, 4], [23, 15, 24, 14], [1, 18, 2, 19], [3, 9, 4, 8]]"
12a_1005_23,"[[3, 9, 4, 8], [5, 12, 6, 13], [7, 1, 8, 24], [9, 20, 10, 21], [11, 16, 12, 17], [13, 23, 14, 22], [15, 6, 16, 7], [17, 10, 18, 11], [19, 2, 20, 3], [21, 5, 22, 4], [23, 15, 24, 14], [1, 18, 2, 19]]"
12a_1005_24,"[[2, 19, 3, 20], [4, 10, 5, 9], [6, 13, 7, 14], [8, 2, 9, 1], [10, 21, 11, 22], [12, 17, 13, 18], [14, 24, 15, 23], [16, 7, 17, 8], [18, 11, 19, 12], [20, 3, 21, 4], [22, 6, 23, 5], [24, 16, 1, 15]]"
12a_1005_25,"[[24, 16, 1, 15], [2, 19, 3, 20], [4, 10, 5, 9], [6, 13, 7, 14], [8, 2, 9, 1], [10, 21, 11, 22], [12, 17, 13, 18], [14, 24, 15, 23], [16, 7, 17, 8], [18, 11, 19, 12], [20, 3, 21, 4], [22, 6, 23, 5]]"
12a_1005_26,"[[22, 6, 23, 5], [24, 16, 1, 15], [2, 19, 3, 20], [4, 10, 5, 9], [6, 13, 7, 14], [8, 2, 9, 1], [10, 21, 11, 22], [12, 17, 13, 18], [14, 24, 15, 23], [16, 7, 17, 8], [18, 11, 19, 12], [20, 3, 21, 4]]"
12a_1005_27,"[[20, 3, 21, 4], [22, 6, 23, 5], [24, 16, 1, 15], [2, 19, 3, 20], [4, 10, 5, 9], [6, 13, 7, 14], [8, 2, 9, 1], [10, 21, 11, 22], [12, 17, 13, 18], [14, 24, 15, 23], [16, 7, 17, 8], [18, 11, 19, 12]]"
12a_1005_28,"[[18, 11, 19, 12], [20, 3, 21, 4], [22, 6, 23, 5], [24, 16, 1, 15], [2, 19, 3, 20], [4, 10, 5, 9], [6, 13, 7, 14], [8, 2, 9, 1], [10, 21, 11, 22], [12, 17, 13, 18], [14, 24, 15, 23], [16, 7, 17, 8]]"
12a_1005_29,"[[16, 7, 17, 8], [18, 11, 19, 12], [20, 3, 21, 4], [22, 6, 23, 5], [24, 16, 1, 15], [2, 19, 3, 20], [4, 10, 5, 9], [6, 13, 7, 14], [8, 2, 9, 1], [10, 21, 11, 22], [12, 17, 13, 18], [14, 24, 15, 23]]"
12a_1005_30,"[[14, 24, 15, 23], [16, 7, 17, 8], [18, 11, 19, 12], [20, 3, 21, 4], [22, 6, 23, 5], [24, 16, 1, 15], [2, 19, 3, 20], [4, 10, 5, 9], [6, 13, 7, 14], [8, 2, 9, 1], [10, 21, 11, 22], [12, 17, 13, 18]]"
12a_1005_31,"[[12, 17, 13, 18], [14, 24, 15, 23], [16, 7, 17, 8], [18, 11, 19, 12], [20, 3, 21, 4], [22, 6, 23, 5], [24, 16, 1, 15], [2, 19, 3, 20], [4, 10, 5, 9], [6, 13, 7, 14], [8, 2, 9, 1], [10, 21, 11, 22]]"
12a_1005_32,"[[10, 21, 11, 22], [12, 17, 13, 18], [14, 24, 15, 23], [16, 7, 17, 8], [18, 11, 19, 12], [20, 3, 21, 4], [22, 6, 23, 5], [24, 16, 1, 15], [2, 19, 3, 20], [4, 10, 5, 9], [6, 13, 7, 14], [8, 2, 9, 1]]"
12a_1005_33,"[[8, 2, 9, 1], [10, 21, 11, 22], [12, 17, 13, 18], [14, 24, 15, 23], [16, 7, 17, 8], [18, 11, 19, 12], [20, 3, 21, 4], [22, 6, 23, 5], [24, 16, 1, 15], [2, 19, 3, 20], [4, 10, 5, 9], [6, 13, 7, 14]]"
12a_1005_34,"[[6, 13, 7, 14], [8, 2, 9, 1], [10, 21, 11, 22], [12, 17, 13, 18], [14, 24, 15, 23], [16, 7, 17, 8], [18, 11, 19, 12], [20, 3, 21, 4], [22, 6, 23, 5], [24, 16, 1, 15], [2, 19, 3, 20], [4, 10, 5, 9]]"
12a_1005_35,"[[4, 10, 5, 9], [6, 13, 7, 14], [8, 2, 9, 1], [10, 21, 11, 22], [12, 17, 13, 18], [14, 24, 15, 23], [16, 7, 17, 8], [18, 11, 19, 12], [20, 3, 21, 4], [22, 6, 23, 5], [24, 16, 1, 15], [2, 19, 3, 20]]"
12a_1005_36,"[[3, 20, 4, 21], [5, 11, 6, 10], [7, 14, 8, 15], [9, 3, 10, 2], [11, 22, 12, 23], [13, 18, 14, 19], [15, 1, 16, 24], [17, 8, 18, 9], [19, 12, 20, 13], [21, 4, 22, 5], [23, 7, 24, 6], [1, 17, 2, 16]]"
12a_1005_37,"[[1, 17, 2, 16], [3, 20, 4, 21], [5, 11, 6, 10], [7, 14, 8, 15], [9, 3, 10, 2], [11, 22, 12, 23], [13, 18, 14, 19], [15, 1, 16, 24], [17, 8, 18, 9], [19, 12, 20, 13], [21, 4, 22, 5], [23, 7, 24, 6]]"
12a_1005_38,"[[23, 7, 24, 6], [1, 17, 2, 16], [3, 20, 4, 21], [5, 11, 6, 10], [7, 14, 8, 15], [9, 3, 10, 2], [11, 22, 12, 23], [13, 18, 14, 19], [15, 1, 16, 24], [17, 8, 18, 9], [19, 12, 20, 13], [21, 4, 22, 5]]"
12a_1005_39,"[[21, 4, 22, 5], [23, 7, 24, 6], [1, 17, 2, 16], [3, 20, 4, 21], [5, 11, 6, 10], [7, 14, 8, 15], [9, 3, 10, 2], [11, 22, 12, 23], [13, 18, 14, 19], [15, 1, 16, 24], [17, 8, 18, 9], [19, 12, 20, 13]]"
12a_1005_40,"[[19, 12, 20, 13], [21, 4, 22, 5], [23, 7, 24, 6], [1, 17, 2, 16], [3, 20, 4, 21], [5, 11, 6, 10], [7, 14, 8, 15], [9, 3, 10, 2], [11, 22, 12, 23], [13, 18, 14, 19], [15, 1, 16, 24], [17, 8, 18, 9]]"
12a_1005_41,"[[17, 8, 18, 9], [19, 12, 20, 13], [21, 4, 22, 5], [23, 7, 24, 6], [1, 17, 2, 16], [3, 20, 4, 21], [5, 11, 6, 10], [7, 14, 8, 15], [9, 3, 10, 2], [11, 22, 12, 23], [13, 18, 14, 19], [15, 1, 16, 24]]"
12a_1005_42,"[[15, 1, 16, 24], [17, 8, 18, 9], [19, 12, 20, 13], [21, 4, 22, 5], [23, 7, 24, 6], [1, 17, 2, 16], [3, 20, 4, 21], [5, 11, 6, 10], [7, 14, 8, 15], [9, 3, 10, 2], [11, 22, 12, 23], [13, 18, 14, 19]]"
12a_1005_43,"[[13, 18, 14, 19], [15, 1, 16, 24], [17, 8, 18, 9], [19, 12, 20, 13], [21, 4, 22, 5], [23, 7, 24, 6], [1, 17, 2, 16], [3, 20, 4, 21], [5, 11, 6, 10], [7, 14, 8, 15], [9, 3, 10, 2], [11, 22, 12, 23]]"
12a_1005_44,"[[11, 22, 12, 23], [13, 18, 14, 19], [15, 1, 16, 24], [17, 8, 18, 9], [19, 12, 20, 13], [21, 4, 22, 5], [23, 7, 24, 6], [1, 17, 2, 16], [3, 20, 4, 21], [5, 11, 6, 10], [7, 14, 8, 15], [9, 3, 10, 2]]"
12a_1005_45,"[[9, 3, 10, 2], [11, 22, 12, 23], [13, 18, 14, 19], [15, 1, 16, 24], [17, 8, 18, 9], [19, 12, 20, 13], [21, 4, 22, 5], [23, 7, 24, 6], [1, 17, 2, 16], [3, 20, 4, 21], [5, 11, 6, 10], [7, 14, 8, 15]]"
12a_1005_46,"[[7, 14, 8, 15], [9, 3, 10, 2], [11, 22, 12, 23], [13, 18, 14, 19], [15, 1, 16, 24], [17, 8, 18, 9], [19, 12, 20, 13], [21, 4, 22, 5], [23, 7, 24, 6], [1, 17, 2, 16], [3, 20, 4, 21], [5, 11, 6, 10]]"
12a_1005_47,"[[5, 11, 6, 10], [7, 14, 8, 15], [9, 3, 10, 2], [11, 22, 12, 23], [13, 18, 14, 19], [15, 1, 16, 24], [17, 8, 18, 9], [19, 12, 20, 13], [21, 4, 22, 5], [23, 7, 24, 6], [1, 17, 2, 16], [3, 20, 4, 21]]"
12a_1005_48,"[[4, 21, 5, 22], [6, 12, 7, 11], [8, 15, 9, 16], [10, 4, 11, 3], [12, 23, 13, 24], [14, 19, 15, 20], [16, 2, 17, 1], [18, 9, 19, 10], [20, 13, 21, 14], [22, 5, 23, 6], [24, 8, 1, 7], [2, 18, 3, 17]]"
12a_1005_49,"[[2, 18, 3, 17], [4, 21, 5, 22], [6, 12, 7, 11], [8, 15, 9, 16], [10, 4, 11, 3], [12, 23, 13, 24], [14, 19, 15, 20], [16, 2, 17, 1], [18, 9, 19, 10], [20, 13, 21, 14], [22, 5, 23, 6], [24, 8, 1, 7]]"
12a_1005_50,"[[24, 8, 1, 7], [2, 18, 3, 17], [4, 21, 5, 22], [6, 12, 7, 11], [8, 15, 9, 16], [10, 4, 11, 3], [12, 23, 13, 24], [14, 19, 15, 20], [16, 2, 17, 1], [18, 9, 19, 10], [20, 13, 21, 14], [22, 5, 23, 6]]"
12a_1005_51,"[[22, 5, 23, 6], [24, 8, 1, 7], [2, 18, 3, 17], [4, 21, 5, 22], [6, 12, 7, 11], [8, 15, 9, 16], [10, 4, 11, 3], [12, 23, 13, 24], [14, 19, 15, 20], [16, 2, 17, 1], [18, 9, 19, 10], [20, 13, 21, 14]]"
12a_1005_52,"[[20, 13, 21, 14], [22, 5, 23, 6], [24, 8, 1, 7], [2, 18, 3, 17], [4, 21, 5, 22], [6, 12, 7, 11], [8, 15, 9, 16], [10, 4, 11, 3], [12, 23, 13, 24], [14, 19, 15, 20], [16, 2, 17, 1], [18, 9, 19, 10]]"
12a_1005_53,"[[18, 9, 19, 10], [20, 13, 21, 14], [22, 5, 23, 6], [24, 8, 1, 7], [2, 18, 3, 17], [4, 21, 5, 22], [6, 12, 7, 11], [8, 15, 9, 16], [10, 4, 11, 3], [12, 23, 13, 24], [14, 19, 15, 20], [16, 2, 17, 1]]"
12a_1005_54,"[[16, 2, 17, 1], [18, 9, 19, 10], [20, 13, 21, 14], [22, 5, 23, 6], [24, 8, 1, 7], [2, 18, 3, 17], [4, 21, 5, 22], [6, 12, 7, 11], [8, 15, 9, 16], [10, 4, 11, 3], [12, 23, 13, 24], [14, 19, 15, 20]]"
12a_1005_55,"[[14, 19, 15, 20], [16, 2, 17, 1], [18, 9, 19, 10], [20, 13, 21, 14], [22, 5, 23, 6], [24, 8, 1, 7], [2, 18, 3, 17], [4, 21, 5, 22], [6, 12, 7, 11], [8, 15, 9, 16], [10, 4, 11, 3], [12, 23, 13, 24]]"
12a_1005_56,"[[12, 23, 13, 24], [14, 19, 15, 20], [16, 2, 17, 1], [18, 9, 19, 10], [20, 13, 21, 14], [22, 5, 23, 6], [24, 8, 1, 7], [2, 18, 3, 17], [4, 21, 5, 22], [6, 12, 7, 11], [8, 15, 9, 16], [10, 4, 11, 3]]"
12a_1005_57,"[[10, 4, 11, 3], [12, 23, 13, 24], [14, 19, 15, 20], [16, 2, 17, 1], [18, 9, 19, 10], [20, 13, 21, 14], [22, 5, 23, 6], [24, 8, 1, 7], [2, 18, 3, 17], [4, 21, 5, 22], [6, 12, 7, 11], [8, 15, 9, 16]]"
12a_1005_58,"[[8, 15, 9, 16], [10, 4, 11, 3], [12, 23, 13, 24], [14, 19, 15, 20], [16, 2, 17, 1], [18, 9, 19, 10], [20, 13, 21, 14], [22, 5, 23, 6], [24, 8, 1, 7], [2, 18, 3, 17], [4, 21, 5, 22], [6, 12, 7, 11]]"
12a_1005_59,"[[6, 12, 7, 11], [8, 15, 9, 16], [10, 4, 11, 3], [12, 23, 13, 24], [14, 19, 15, 20], [16, 2, 17, 1], [18, 9, 19, 10], [20, 13, 21, 14], [22, 5, 23, 6], [24, 8, 1, 7], [2, 18, 3, 17], [4, 21, 5, 22]]"
12a_1005_60,"[[5, 22, 6, 23], [7, 13, 8, 12], [9, 16, 10, 17], [11, 5, 12, 4], [13, 24, 14, 1], [15, 20, 16, 21], [17, 3, 18, 2], [19, 10, 20, 11], [21, 14, 22, 15], [23, 6, 24, 7], [1, 9, 2, 8], [3, 19, 4, 18]]"
12a_1005_61,"[[3, 19, 4, 18], [5, 22, 6, 23], [7, 13, 8, 12], [9, 16, 10, 17], [11, 5, 12, 4], [13, 24, 14, 1], [15, 20, 16, 21], [17, 3, 18, 2], [19, 10, 20, 11], [21, 14, 22, 15], [23, 6, 24, 7], [1, 9, 2, 8]]"
12a_1005_62,"[[1, 9, 2, 8], [3, 19, 4, 18], [5, 22, 6, 23], [7, 13, 8, 12], [9, 16, 10, 17], [11, 5, 12, 4], [13, 24, 14, 1], [15, 20, 16, 21], [17, 3, 18, 2], [19, 10, 20, 11], [21, 14, 22, 15], [23, 6, 24, 7]]"
12a_1005_63,"[[23, 6, 24, 7], [1, 9, 2, 8], [3, 19, 4, 18], [5, 22, 6, 23], [7, 13, 8, 12], [9, 16, 10, 17], [11, 5, 12, 4], [13, 24, 14, 1], [15, 20, 16, 21], [17, 3, 18, 2], [19, 10, 20, 11], [21, 14, 22, 15]]"
12a_1005_64,"[[21, 14, 22, 15], [23, 6, 24, 7], [1, 9, 2, 8], [3, 19, 4, 18], [5, 22, 6, 23], [7, 13, 8, 12], [9, 16, 10, 17], [11, 5, 12, 4], [13, 24, 14, 1], [15, 20, 16, 21], [17, 3, 18, 2], [19, 10, 20, 11]]"
12a_1005_65,"[[19, 10, 20, 11], [21, 14, 22, 15], [23, 6, 24, 7], [1, 9, 2, 8], [3, 19, 4, 18], [5, 22, 6, 23], [7, 13, 8, 12], [9, 16, 10, 17], [11, 5, 12, 4], [13, 24, 14, 1], [15, 20, 16, 21], [17, 3, 18, 2]]"
12a_1005_66,"[[17, 3, 18, 2], [19, 10, 20, 11], [21, 14, 22, 15], [23, 6, 24, 7], [1, 9, 2, 8], [3, 19, 4, 18], [5, 22, 6, 23], [7, 13, 8, 12], [9, 16, 10, 17], [11, 5, 12, 4], [13, 24, 14, 1], [15, 20, 16, 21]]"
12a_1005_67,"[[15, 20, 16, 21], [17, 3, 18, 2], [19, 10, 20, 11], [21, 14, 22, 15], [23, 6, 24, 7], [1, 9, 2, 8], [3, 19, 4, 18], [5, 22, 6, 23], [7, 13, 8, 12], [9, 16, 10, 17], [11, 5, 12, 4], [13, 24, 14, 1]]"
12a_1005_68,"[[13, 24, 14, 1], [15, 20, 16, 21], [17, 3, 18, 2], [19, 10, 20, 11], [21, 14, 22, 15], [23, 6, 24, 7], [1, 9, 2, 8], [3, 19, 4, 18], [5, 22, 6, 23], [7, 13, 8, 12], [9, 16, 10, 17], [11, 5, 12, 4]]"
12a_1005_69,"[[11, 5, 12, 4], [13, 24, 14, 1], [15, 20, 16, 21], [17, 3, 18, 2], [19, 10, 20, 11], [21, 14, 22, 15], [23, 6, 24, 7], [1, 9, 2, 8], [3, 19, 4, 18], [5, 22, 6, 23], [7, 13, 8, 12], [9, 16, 10, 17]]"
12a_1005_70,"[[9, 16, 10, 17], [11, 5, 12, 4], [13, 24, 14, 1], [15, 20, 16, 21], [17, 3, 18, 2], [19, 10, 20, 11], [21, 14, 22, 15], [23, 6, 24, 7], [1, 9, 2, 8], [3, 19, 4, 18], [5, 22, 6, 23], [7, 13, 8, 12]]"
12a_1005_71,"[[7, 13, 8, 12], [9, 16, 10, 17], [11, 5, 12, 4], [13, 24, 14, 1], [15, 20, 16, 21], [17, 3, 18, 2], [19, 10, 20, 11], [21, 14, 22, 15], [23, 6, 24, 7], [1, 9, 2, 8], [3, 19, 4, 18], [5, 22, 6, 23]]"
12a_1005_72,"[[6, 23, 7, 24], [8, 14, 9, 13], [10, 17, 11, 18], [12, 6, 13, 5], [14, 1, 15, 2], [16, 21, 17, 22], [18, 4, 19, 3], [20, 11, 21, 12], [22, 15, 23, 16], [24, 7, 1, 8], [2, 10, 3, 9], [4, 20, 5, 19]]"
12a_1005_73,"[[4, 20, 5, 19], [6, 23, 7, 24], [8, 14, 9, 13], [10, 17, 11, 18], [12, 6, 13, 5], [14, 1, 15, 2], [16, 21, 17, 22], [18, 4, 19, 3], [20, 11, 21, 12], [22, 15, 23, 16], [24, 7, 1, 8], [2, 10, 3, 9]]"
12a_1005_74,"[[2, 10, 3, 9], [4, 20, 5, 19], [6, 23, 7, 24], [8, 14, 9, 13], [10, 17, 11, 18], [12, 6, 13, 5], [14, 1, 15, 2], [16, 21, 17, 22], [18, 4, 19, 3], [20, 11, 21, 12], [22, 15, 23, 16], [24, 7, 1, 8]]"
12a_1005_75,"[[24, 7, 1, 8], [2, 10, 3, 9], [4, 20, 5, 19], [6, 23, 7, 24], [8, 14, 9, 13], [10, 17, 11, 18], [12, 6, 13, 5], [14, 1, 15, 2], [16, 21, 17, 22], [18, 4, 19, 3], [20, 11, 21, 12], [22, 15, 23, 16]]"
12a_1005_76,"[[22, 15, 23, 16], [24, 7, 1, 8], [2, 10, 3, 9], [4, 20, 5, 19], [6, 23, 7, 24], [8, 14, 9, 13], [10, 17, 11, 18], [12, 6, 13, 5], [14, 1, 15, 2], [16, 21, 17, 22], [18, 4, 19, 3], [20, 11, 21, 12]]"
12a_1005_77,"[[20, 11, 21, 12], [22, 15, 23, 16], [24, 7, 1, 8], [2, 10, 3, 9], [4, 20, 5, 19], [6, 23, 7, 24], [8, 14, 9, 13], [10, 17, 11, 18], [12, 6, 13, 5], [14, 1, 15, 2], [16, 21, 17, 22], [18, 4, 19, 3]]"
12a_1005_78,"[[18, 4, 19, 3], [20, 11, 21, 12], [22, 15, 23, 16], [24, 7, 1, 8], [2, 10, 3, 9], [4, 20, 5, 19], [6, 23, 7, 24], [8, 14, 9, 13], [10, 17, 11, 18], [12, 6, 13, 5], [14, 1, 15, 2], [16, 21, 17, 22]]"
12a_1005_79,"[[16, 21, 17, 22], [18, 4, 19, 3], [20, 11, 21, 12], [22, 15, 23, 16], [24, 7, 1, 8], [2, 10, 3, 9], [4, 20, 5, 19], [6, 23, 7, 24], [8, 14, 9, 13], [10, 17, 11, 18], [12, 6, 13, 5], [14, 1, 15, 2]]"
12a_1005_80,"[[14, 1, 15, 2], [16, 21, 17, 22], [18, 4, 19, 3], [20, 11, 21, 12], [22, 15, 23, 16], [24, 7, 1, 8], [2, 10, 3, 9], [4, 20, 5, 19], [6, 23, 7, 24], [8, 14, 9, 13], [10, 17, 11, 18], [12, 6, 13, 5]]"
12a_1005_81,"[[12, 6, 13, 5], [14, 1, 15, 2], [16, 21, 17, 22], [18, 4, 19, 3], [20, 11, 21, 12], [22, 15, 23, 16], [24, 7, 1, 8], [2, 10, 3, 9], [4, 20, 5, 19], [6, 23, 7, 24], [8, 14, 9, 13], [10, 17, 11, 18]]"
12a_1005_82,"[[10, 17, 11, 18], [12, 6, 13, 5], [14, 1, 15, 2], [16, 21, 17, 22], [18, 4, 19, 3], [20, 11, 21, 12], [22, 15, 23, 16], [24, 7, 1, 8], [2, 10, 3, 9], [4, 20, 5, 19], [6, 23, 7, 24], [8, 14, 9, 13]]"
12a_1005_83,"[[8, 14, 9, 13], [10, 17, 11, 18], [12, 6, 13, 5], [14, 1, 15, 2], [16, 21, 17, 22], [18, 4, 19, 3], [20, 11, 21, 12], [22, 15, 23, 16], [24, 7, 1, 8], [2, 10, 3, 9], [4, 20, 5, 19], [6, 23, 7, 24]]"
12a_1005_84,"[[7, 24, 8, 1], [9, 15, 10, 14], [11, 18, 12, 19], [13, 7, 14, 6], [15, 2, 16, 3], [17, 22, 18, 23], [19, 5, 20, 4], [21, 12, 22, 13], [23, 16, 24, 17], [1, 8, 2, 9], [3, 11, 4, 10], [5, 21, 6, 20]]"
12a_1005_85,"[[5, 21, 6, 20], [7, 24, 8, 1], [9, 15, 10, 14], [11, 18, 12, 19], [13, 7, 14, 6], [15, 2, 16, 3], [17, 22, 18, 23], [19, 5, 20, 4], [21, 12, 22, 13], [23, 16, 24, 17], [1, 8, 2, 9], [3, 11, 4, 10]]"
12a_1005_86,"[[3, 11, 4, 10], [5, 21, 6, 20], [7, 24, 8, 1], [9, 15, 10, 14], [11, 18, 12, 19], [13, 7, 14, 6], [15, 2, 16, 3], [17, 22, 18, 23], [19, 5, 20, 4], [21, 12, 22, 13], [23, 16, 24, 17], [1, 8, 2, 9]]"
12a_1005_87,"[[1, 8, 2, 9], [3, 11, 4, 10], [5, 21, 6, 20], [7, 24, 8, 1], [9, 15, 10, 14], [11, 18, 12, 19], [13, 7, 14, 6], [15, 2, 16, 3], [17, 22, 18, 23], [19, 5, 20, 4], [21, 12, 22, 13], [23, 16, 24, 17]]"
12a_1005_88,"[[23, 16, 24, 17], [1, 8, 2, 9], [3, 11, 4, 10], [5, 21, 6, 20], [7, 24, 8, 1], [9, 15, 10, 14], [11, 18, 12, 19], [13, 7, 14, 6], [15, 2, 16, 3], [17, 22, 18, 23], [19, 5, 20, 4], [21, 12, 22, 13]]"
12a_1005_89,"[[21, 12, 22, 13], [23, 16, 24, 17], [1, 8, 2, 9], [3, 11, 4, 10], [5, 21, 6, 20], [7, 24, 8, 1], [9, 15, 10, 14], [11, 18, 12, 19], [13, 7, 14, 6], [15, 2, 16, 3], [17, 22, 18, 23], [19, 5, 20, 4]]"
12a_1005_90,"[[19, 5, 20, 4], [21, 12, 22, 13], [23, 16, 24, 17], [1, 8, 2, 9], [3, 11, 4, 10], [5, 21, 6, 20], [7, 24, 8, 1], [9, 15, 10, 14], [11, 18, 12, 19], [13, 7, 14, 6], [15, 2, 16, 3], [17, 22, 18, 23]]"
12a_1005_91,"[[17, 22, 18, 23], [19, 5, 20, 4], [21, 12, 22, 13], [23, 16, 24, 17], [1, 8, 2, 9], [3, 11, 4, 10], [5, 21, 6, 20], [7, 24, 8, 1], [9, 15, 10, 14], [11, 18, 12, 19], [13, 7, 14, 6], [15, 2, 16, 3]]"
12a_1005_92,"[[15, 2, 16, 3], [17, 22, 18, 23], [19, 5, 20, 4], [21, 12, 22, 13], [23, 16, 24, 17], [1, 8, 2, 9], [3, 11, 4, 10], [5, 21, 6, 20], [7, 24, 8, 1], [9, 15, 10, 14], [11, 18, 12, 19], [13, 7, 14, 6]]"
12a_1005_93,"[[13, 7, 14, 6], [15, 2, 16, 3], [17, 22, 18, 23], [19, 5, 20, 4], [21, 12, 22, 13], [23, 16, 24, 17], [1, 8, 2, 9], [3, 11, 4, 10], [5, 21, 6, 20], [7, 24, 8, 1], [9, 15, 10, 14], [11, 18, 12, 19]]"
12a_1005_94,"[[11, 18, 12, 19], [13, 7, 14, 6], [15, 2, 16, 3], [17, 22, 18, 23], [19, 5, 20, 4], [21, 12, 22, 13], [23, 16, 24, 17], [1, 8, 2, 9], [3, 11, 4, 10], [5, 21, 6, 20], [7, 24, 8, 1], [9, 15, 10, 14]]"
12a_1005_95,"[[9, 15, 10, 14], [11, 18, 12, 19], [13, 7, 14, 6], [15, 2, 16, 3], [17, 22, 18, 23], [19, 5, 20, 4], [21, 12, 22, 13], [23, 16, 24, 17], [1, 8, 2, 9], [3, 11, 4, 10], [5, 21, 6, 20], [7, 24, 8, 1]]"
12a_1005_96,"[[8, 1, 9, 2], [10, 16, 11, 15], [12, 19, 13, 20], [14, 8, 15, 7], [16, 3, 17, 4], [18, 23, 19, 24], [20, 6, 21, 5], [22, 13, 23, 14], [24, 17, 1, 18], [2, 9, 3, 10], [4, 12, 5, 11], [6, 22, 7, 21]]"
12a_1005_97,"[[6, 22, 7, 21], [8, 1, 9, 2], [10, 16, 11, 15], [12, 19, 13, 20], [14, 8, 15, 7], [16, 3, 17, 4], [18, 23, 19, 24], [20, 6, 21, 5], [22, 13, 23, 14], [24, 17, 1, 18], [2, 9, 3, 10], [4, 12, 5, 11]]"
12a_1005_98,"[[4, 12, 5, 11], [6, 22, 7, 21], [8, 1, 9, 2], [10, 16, 11, 15], [12, 19, 13, 20], [14, 8, 15, 7], [16, 3, 17, 4], [18, 23, 19, 24], [20, 6, 21, 5], [22, 13, 23, 14], [24, 17, 1, 18], [2, 9, 3, 10]]"
12a_1005_99,"[[2, 9, 3, 10], [4, 12, 5, 11], [6, 22, 7, 21], [8, 1, 9, 2], [10, 16, 11, 15], [12, 19, 13, 20], [14, 8, 15, 7], [16, 3, 17, 4], [18, 23, 19, 24], [20, 6, 21, 5], [22, 13, 23, 14], [24, 17, 1, 18]]"
12a_1005_100,"[[24, 17, 1, 18], [2, 9, 3, 10], [4, 12, 5, 11], [6, 22, 7, 21], [8, 1, 9, 2], [10, 16, 11, 15], [12, 19, 13, 20], [14, 8, 15, 7], [16, 3, 17, 4], [18, 23, 19, 24], [20, 6, 21, 5], [22, 13, 23, 14]]"
12a_1005_101,"[[22, 13, 23, 14], [24, 17, 1, 18], [2, 9, 3, 10], [4, 12, 5, 11], [6, 22, 7, 21], [8, 1, 9, 2], [10, 16, 11, 15], [12, 19, 13, 20], [14, 8, 15, 7], [16, 3, 17, 4], [18, 23, 19, 24], [20, 6, 21, 5]]"
12a_1005_102,"[[20, 6, 21, 5], [22, 13, 23, 14], [24, 17, 1, 18], [2, 9, 3, 10], [4, 12, 5, 11], [6, 22, 7, 21], [8, 1, 9, 2], [10, 16, 11, 15], [12, 19, 13, 20], [14, 8, 15, 7], [16, 3, 17, 4], [18, 23, 19, 24]]"
12a_1005_103,"[[18, 23, 19, 24], [20, 6, 21, 5], [22, 13, 23, 14], [24, 17, 1, 18], [2, 9, 3, 10], [4, 12, 5, 11], [6, 22, 7, 21], [8, 1, 9, 2], [10, 16, 11, 15], [12, 19, 13, 20], [14, 8, 15, 7], [16, 3, 17, 4]]"
12a_1005_104,"[[16, 3, 17, 4], [18, 23, 19, 24], [20, 6, 21, 5], [22, 13, 23, 14], [24, 17, 1, 18], [2, 9, 3, 10], [4, 12, 5, 11], [6, 22, 7, 21], [8, 1, 9, 2], [10, 16, 11, 15], [12, 19, 13, 20], [14, 8, 15, 7]]"
12a_1005_105,"[[14, 8, 15, 7], [16, 3, 17, 4], [18, 23, 19, 24], [20, 6, 21, 5], [22, 13, 23, 14], [24, 17, 1, 18], [2, 9, 3, 10], [4, 12, 5, 11], [6, 22, 7, 21], [8, 1, 9, 2], [10, 16, 11, 15], [12, 19, 13, 20]]"
12a_1005_106,"[[12, 19, 13, 20], [14, 8, 15, 7], [16, 3, 17, 4], [18, 23, 19, 24], [20, 6, 21, 5], [22, 13, 23, 14], [24, 17, 1, 18], [2, 9, 3, 10], [4, 12, 5, 11], [6, 22, 7, 21], [8, 1, 9, 2], [10, 16, 11, 15]]"
12a_1005_107,"[[10, 16, 11, 15], [12, 19, 13, 20], [14, 8, 15, 7], [16, 3, 17, 4], [18, 23, 19, 24], [20, 6, 21, 5], [22, 13, 23, 14], [24, 17, 1, 18], [2, 9, 3, 10], [4, 12, 5, 11], [6, 22, 7, 21], [8, 1, 9, 2]]"
12a_1005_108,"[[9, 2, 10, 3], [11, 17, 12, 16], [13, 20, 14, 21], [15, 9, 16, 8], [17, 4, 18, 5], [19, 24, 20, 1], [21, 7, 22, 6], [23, 14, 24, 15], [1, 18, 2, 19], [3, 10, 4, 11], [5, 13, 6, 12], [7, 23, 8, 22]]"
12a_1005_109,"[[7, 23, 8, 22], [9, 2, 10, 3], [11, 17, 12, 16], [13, 20, 14, 21], [15, 9, 16, 8], [17, 4, 18, 5], [19, 24, 20, 1], [21, 7, 22, 6], [23, 14, 24, 15], [1, 18, 2, 19], [3, 10, 4, 11], [5, 13, 6, 12]]"
12a_1005_110,"[[5, 13, 6, 12], [7, 23, 8, 22], [9, 2, 10, 3], [11, 17, 12, 16], [13, 20, 14, 21], [15, 9, 16, 8], [17, 4, 18, 5], [19, 24, 20, 1], [21, 7, 22, 6], [23, 14, 24, 15], [1, 18, 2, 19], [3, 10, 4, 11]]"
12a_1005_111,"[[3, 10, 4, 11], [5, 13, 6, 12], [7, 23, 8, 22], [9, 2, 10, 3], [11, 17, 12, 16], [13, 20, 14, 21], [15, 9, 16, 8], [17, 4, 18, 5], [19, 24, 20, 1], [21, 7, 22, 6], [23, 14, 24, 15], [1, 18, 2, 19]]"
12a_1005_112,"[[1, 18, 2, 19], [3, 10, 4, 11], [5, 13, 6, 12], [7, 23, 8, 22], [9, 2, 10, 3], [11, 17, 12, 16], [13, 20, 14, 21], [15, 9, 16, 8], [17, 4, 18, 5], [19, 24, 20, 1], [21, 7, 22, 6], [23, 14, 24, 15]]"
12a_1005_113,"[[23, 14, 24, 15], [1, 18, 2, 19], [3, 10, 4, 11], [5, 13, 6, 12], [7, 23, 8, 22], [9, 2, 10, 3], [11, 17, 12, 16], [13, 20, 14, 21], [15, 9, 16, 8], [17, 4, 18, 5], [19, 24, 20, 1], [21, 7, 22, 6]]"
12a_1005_114,"[[21, 7, 22, 6], [23, 14, 24, 15], [1, 18, 2, 19], [3, 10, 4, 11], [5, 13, 6, 12], [7, 23, 8, 22], [9, 2, 10, 3], [11, 17, 12, 16], [13, 20, 14, 21], [15, 9, 16, 8], [17, 4, 18, 5], [19, 24, 20, 1]]"
12a_1005_115,"[[19, 24, 20, 1], [21, 7, 22, 6], [23, 14, 24, 15], [1, 18, 2, 19], [3, 10, 4, 11], [5, 13, 6, 12], [7, 23, 8, 22], [9, 2, 10, 3], [11, 17, 12, 16], [13, 20, 14, 21], [15, 9, 16, 8], [17, 4, 18, 5]]"
12a_1005_116,"[[17, 4, 18, 5], [19, 24, 20, 1], [21, 7, 22, 6], [23, 14, 24, 15], [1, 18, 2, 19], [3, 10, 4, 11], [5, 13, 6, 12], [7, 23, 8, 22], [9, 2, 10, 3], [11, 17, 12, 16], [13, 20, 14, 21], [15, 9, 16, 8]]"
12a_1005_117,"[[15, 9, 16, 8], [17, 4, 18, 5], [19, 24, 20, 1], [21, 7, 22, 6], [23, 14, 24, 15], [1, 18, 2, 19], [3, 10, 4, 11], [5, 13, 6, 12], [7, 23, 8, 22], [9, 2, 10, 3], [11, 17, 12, 16], [13, 20, 14, 21]]"
12a_1005_118,"[[13, 20, 14, 21], [15, 9, 16, 8], [17, 4, 18, 5], [19, 24, 20, 1], [21, 7, 22, 6], [23, 14, 24, 15], [1, 18, 2, 19], [3, 10, 4, 11], [5, 13, 6, 12], [7, 23, 8, 22], [9, 2, 10, 3], [11, 17, 12, 16]]"
12a_1005_119,"[[11, 17, 12, 16], [13, 20, 14, 21], [15, 9, 16, 8], [17, 4, 18, 5], [19, 24, 20, 1], [21, 7, 22, 6], [23, 14, 24, 15], [1, 18, 2, 19], [3, 10, 4, 11], [5, 13, 6, 12], [7, 23, 8, 22], [9, 2, 10, 3]]"
12a_1005_120,"[[10, 3, 11, 4], [12, 18, 13, 17], [14, 21, 15, 22], [16, 10, 17, 9], [18, 5, 19, 6], [20, 1, 21, 2], [22, 8, 23, 7], [24, 15, 1, 16], [2, 19, 3, 20], [4, 11, 5, 12], [6, 14, 7, 13], [8, 24, 9, 23]]"
12a_1005_121,"[[8, 24, 9, 23], [10, 3, 11, 4], [12, 18, 13, 17], [14, 21, 15, 22], [16, 10, 17, 9], [18, 5, 19, 6], [20, 1, 21, 2], [22, 8, 23, 7], [24, 15, 1, 16], [2, 19, 3, 20], [4, 11, 5, 12], [6, 14, 7, 13]]"
12a_1005_122,"[[6, 14, 7, 13], [8, 24, 9, 23], [10, 3, 11, 4], [12, 18, 13, 17], [14, 21, 15, 22], [16, 10, 17, 9], [18, 5, 19, 6], [20, 1, 21, 2], [22, 8, 23, 7], [24, 15, 1, 16], [2, 19, 3, 20], [4, 11, 5, 12]]"
12a_1005_123,"[[4, 11, 5, 12], [6, 14, 7, 13], [8, 24, 9, 23], [10, 3, 11, 4], [12, 18, 13, 17], [14, 21, 15, 22], [16, 10, 17, 9], [18, 5, 19, 6], [20, 1, 21, 2], [22, 8, 23, 7], [24, 15, 1, 16], [2, 19, 3, 20]]"
12a_1005_124,"[[2, 19, 3, 20], [4, 11, 5, 12], [6, 14, 7, 13], [8, 24, 9, 23], [10, 3, 11, 4], [12, 18, 13, 17], [14, 21, 15, 22], [16, 10, 17, 9], [18, 5, 19, 6], [20, 1, 21, 2], [22, 8, 23, 7], [24, 15, 1, 16]]"
12a_1005_125,"[[24, 15, 1, 16], [2, 19, 3, 20], [4, 11, 5, 12], [6, 14, 7, 13], [8, 24, 9, 23], [10, 3, 11, 4], [12, 18, 13, 17], [14, 21, 15, 22], [16, 10, 17, 9], [18, 5, 19, 6], [20, 1, 21, 2], [22, 8, 23, 7]]"
12a_1005_126,"[[22, 8, 23, 7], [24, 15, 1, 16], [2, 19, 3, 20], [4, 11, 5, 12], [6, 14, 7, 13], [8, 24, 9, 23], [10, 3, 11, 4], [12, 18, 13, 17], [14, 21, 15, 22], [16, 10, 17, 9], [18, 5, 19, 6], [20, 1, 21, 2]]"
12a_1005_127,"[[20, 1, 21, 2], [22, 8, 23, 7], [24, 15, 1, 16], [2, 19, 3, 20], [4, 11, 5, 12], [6, 14, 7, 13], [8, 24, 9, 23], [10, 3, 11, 4], [12, 18, 13, 17], [14, 21, 15, 22], [16, 10, 17, 9], [18, 5, 19, 6]]"
12a_1005_128,"[[18, 5, 19, 6], [20, 1, 21, 2], [22, 8, 23, 7], [24, 15, 1, 16], [2, 19, 3, 20], [4, 11, 5, 12], [6, 14, 7, 13], [8, 24, 9, 23], [10, 3, 11, 4], [12, 18, 13, 17], [14, 21, 15, 22], [16, 10, 17, 9]]"
12a_1005_129,"[[16, 10, 17, 9], [18, 5, 19, 6], [20, 1, 21, 2], [22, 8, 23, 7], [24, 15, 1, 16], [2, 19, 3, 20], [4, 11, 5, 12], [6, 14, 7, 13], [8, 24, 9, 23], [10, 3, 11, 4], [12, 18, 13, 17], [14, 21, 15, 22]]"
12a_1005_130,"[[14, 21, 15, 22], [16, 10, 17, 9], [18, 5, 19, 6], [20, 1, 21, 2], [22, 8, 23, 7], [24, 15, 1, 16], [2, 19, 3, 20], [4, 11, 5, 12], [6, 14, 7, 13], [8, 24, 9, 23], [10, 3, 11, 4], [12, 18, 13, 17]]"
12a_1005_131,"[[12, 18, 13, 17], [14, 21, 15, 22], [16, 10, 17, 9], [18, 5, 19, 6], [20, 1, 21, 2], [22, 8, 23, 7], [24, 15, 1, 16], [2, 19, 3, 20], [4, 11, 5, 12], [6, 14, 7, 13], [8, 24, 9, 23], [10, 3, 11, 4]]"
12a_1005_132,"[[11, 4, 12, 5], [13, 19, 14, 18], [15, 22, 16, 23], [17, 11, 18, 10], [19, 6, 20, 7], [21, 2, 22, 3], [23, 9, 24, 8], [1, 16, 2, 17], [3, 20, 4, 21], [5, 12, 6, 13], [7, 15, 8, 14], [9, 1, 10, 24]]"
12a_1005_133,"[[9, 1, 10, 24], [11, 4, 12, 5], [13, 19, 14, 18], [15, 22, 16, 23], [17, 11, 18, 10], [19, 6, 20, 7], [21, 2, 22, 3], [23, 9, 24, 8], [1, 16, 2, 17], [3, 20, 4, 21], [5, 12, 6, 13], [7, 15, 8, 14]]"
12a_1005_134,"[[7, 15, 8, 14], [9, 1, 10, 24], [11, 4, 12, 5], [13, 19, 14, 18], [15, 22, 16, 23], [17, 11, 18, 10], [19, 6, 20, 7], [21, 2, 22, 3], [23, 9, 24, 8], [1, 16, 2, 17], [3, 20, 4, 21], [5, 12, 6, 13]]"
12a_1005_135,"[[5, 12, 6, 13], [7, 15, 8, 14], [9, 1, 10, 24], [11, 4, 12, 5], [13, 19, 14, 18], [15, 22, 16, 23], [17, 11, 18, 10], [19, 6, 20, 7], [21, 2, 22, 3], [23, 9, 24, 8], [1, 16, 2, 17], [3, 20, 4, 21]]"
12a_1005_136,"[[3, 20, 4, 21], [5, 12, 6, 13], [7, 15, 8, 14], [9, 1, 10, 24], [11, 4, 12, 5], [13, 19, 14, 18], [15, 22, 16, 23], [17, 11, 18, 10], [19, 6, 20, 7], [21, 2, 22, 3], [23, 9, 24, 8], [1, 16, 2, 17]]"
12a_1005_137,"[[1, 16, 2, 17], [3, 20, 4, 21], [5, 12, 6, 13], [7, 15, 8, 14], [9, 1, 10, 24], [11, 4, 12, 5], [13, 19, 14, 18], [15, 22, 16, 23], [17, 11, 18, 10], [19, 6, 20, 7], [21, 2, 22, 3], [23, 9, 24, 8]]"
12a_1005_138,"[[23, 9, 24, 8], [1, 16, 2, 17], [3, 20, 4, 21], [5, 12, 6, 13], [7, 15, 8, 14], [9, 1, 10, 24], [11, 4, 12, 5], [13, 19, 14, 18], [15, 22, 16, 23], [17, 11, 18, 10], [19, 6, 20, 7], [21, 2, 22, 3]]"
12a_1005_139,"[[21, 2, 22, 3], [23, 9, 24, 8], [1, 16, 2, 17], [3, 20, 4, 21], [5, 12, 6, 13], [7, 15, 8, 14], [9, 1, 10, 24], [11, 4, 12, 5], [13, 19, 14, 18], [15, 22, 16, 23], [17, 11, 18, 10], [19, 6, 20, 7]]"
12a_1005_140,"[[19, 6, 20, 7], [21, 2, 22, 3], [23, 9, 24, 8], [1, 16, 2, 17], [3, 20, 4, 21], [5, 12, 6, 13], [7, 15, 8, 14], [9, 1, 10, 24], [11, 4, 12, 5], [13, 19, 14, 18], [15, 22, 16, 23], [17, 11, 18, 10]]"
12a_1005_141,"[[17, 11, 18, 10], [19, 6, 20, 7], [21, 2, 22, 3], [23, 9, 24, 8], [1, 16, 2, 17], [3, 20, 4, 21], [5, 12, 6, 13], [7, 15, 8, 14], [9, 1, 10, 24], [11, 4, 12, 5], [13, 19, 14, 18], [15, 22, 16, 23]]"
12a_1005_142,"[[15, 22, 16, 23], [17, 11, 18, 10], [19, 6, 20, 7], [21, 2, 22, 3], [23, 9, 24, 8], [1, 16, 2, 17], [3, 20, 4, 21], [5, 12, 6, 13], [7, 15, 8, 14], [9, 1, 10, 24], [11, 4, 12, 5], [13, 19, 14, 18]]"
12a_1005_143,"[[13, 19, 14, 18], [15, 22, 16, 23], [17, 11, 18, 10], [19, 6, 20, 7], [21, 2, 22, 3], [23, 9, 24, 8], [1, 16, 2, 17], [3, 20, 4, 21], [5, 12, 6, 13], [7, 15, 8, 14], [9, 1, 10, 24], [11, 4, 12, 5]]"
12a_1005_144,"[[12, 5, 13, 6], [14, 20, 15, 19], [16, 23, 17, 24], [18, 12, 19, 11], [20, 7, 21, 8], [22, 3, 23, 4], [24, 10, 1, 9], [2, 17, 3, 18], [4, 21, 5, 22], [6, 13, 7, 14], [8, 16, 9, 15], [10, 2, 11, 1]]"
12a_1005_145,"[[10, 2, 11, 1], [12, 5, 13, 6], [14, 20, 15, 19], [16, 23, 17, 24], [18, 12, 19, 11], [20, 7, 21, 8], [22, 3, 23, 4], [24, 10, 1, 9], [2, 17, 3, 18], [4, 21, 5, 22], [6, 13, 7, 14], [8, 16, 9, 15]]"
12a_1005_146,"[[8, 16, 9, 15], [10, 2, 11, 1], [12, 5, 13, 6], [14, 20, 15, 19], [16, 23, 17, 24], [18, 12, 19, 11], [20, 7, 21, 8], [22, 3, 23, 4], [24, 10, 1, 9], [2, 17, 3, 18], [4, 21, 5, 22], [6, 13, 7, 14]]"
12a_1005_147,"[[6, 13, 7, 14], [8, 16, 9, 15], [10, 2, 11, 1], [12, 5, 13, 6], [14, 20, 15, 19], [16, 23, 17, 24], [18, 12, 19, 11], [20, 7, 21, 8], [22, 3, 23, 4], [24, 10, 1, 9], [2, 17, 3, 18], [4, 21, 5, 22]]"
12a_1005_148,"[[4, 21, 5, 22], [6, 13, 7, 14], [8, 16, 9, 15], [10, 2, 11, 1], [12, 5, 13, 6], [14, 20, 15, 19], [16, 23, 17, 24], [18, 12, 19, 11], [20, 7, 21, 8], [22, 3, 23, 4], [24, 10, 1, 9], [2, 17, 3, 18]]"
12a_1005_149,"[[2, 17, 3, 18], [4, 21, 5, 22], [6, 13, 7, 14], [8, 16, 9, 15], [10, 2, 11, 1], [12, 5, 13, 6], [14, 20, 15, 19], [16, 23, 17, 24], [18, 12, 19, 11], [20, 7, 21, 8], [22, 3, 23, 4], [24, 10, 1, 9]]"
12a_1005_150,"[[24, 10, 1, 9], [2, 17, 3, 18], [4, 21, 5, 22], [6, 13, 7, 14], [8, 16, 9, 15], [10, 2, 11, 1], [12, 5, 13, 6], [14, 20, 15, 19], [16, 23, 17, 24], [18, 12, 19, 11], [20, 7, 21, 8], [22, 3, 23, 4]]"
12a_1005_151,"[[22, 3, 23, 4], [24, 10, 1, 9], [2, 17, 3, 18], [4, 21, 5, 22], [6, 13, 7, 14], [8, 16, 9, 15], [10, 2, 11, 1], [12, 5, 13, 6], [14, 20, 15, 19], [16, 23, 17, 24], [18, 12, 19, 11], [20, 7, 21, 8]]"
12a_1005_152,"[[20, 7, 21, 8], [22, 3, 23, 4], [24, 10, 1, 9], [2, 17, 3, 18], [4, 21, 5, 22], [6, 13, 7, 14], [8, 16, 9, 15], [10, 2, 11, 1], [12, 5, 13, 6], [14, 20, 15, 19], [16, 23, 17, 24], [18, 12, 19, 11]]"
12a_1005_153,"[[18, 12, 19, 11], [20, 7, 21, 8], [22, 3, 23, 4], [24, 10, 1, 9], [2, 17, 3, 18], [4, 21, 5, 22], [6, 13, 7, 14], [8, 16, 9, 15], [10, 2, 11, 1], [12, 5, 13, 6], [14, 20, 15, 19], [16, 23, 17, 24]]"
12a_1005_154,"[[16, 23, 17, 24], [18, 12, 19, 11], [20, 7, 21, 8], [22, 3, 23, 4], [24, 10, 1, 9], [2, 17, 3, 18], [4, 21, 5, 22], [6, 13, 7, 14], [8, 16, 9, 15], [10, 2, 11, 1], [12, 5, 13, 6], [14, 20, 15, 19]]"
12a_1005_155,"[[14, 20, 15, 19], [16, 23, 17, 24], [18, 12, 19, 11], [20, 7, 21, 8], [22, 3, 23, 4], [24, 10, 1, 9], [2, 17, 3, 18], [4, 21, 5, 22], [6, 13, 7, 14], [8, 16, 9, 15], [10, 2, 11, 1], [12, 5, 13, 6]]"
12a_1005_156,"[[13, 6, 14, 7], [15, 21, 16, 20], [17, 24, 18, 1], [19, 13, 20, 12], [21, 8, 22, 9], [23, 4, 24, 5], [1, 11, 2, 10], [3, 18, 4, 19], [5, 22, 6, 23], [7, 14, 8, 15], [9, 17, 10, 16], [11, 3, 12, 2]]"
12a_1005_157,"[[11, 3, 12, 2], [13, 6, 14, 7], [15, 21, 16, 20], [17, 24, 18, 1], [19, 13, 20, 12], [21, 8, 22, 9], [23, 4, 24, 5], [1, 11, 2, 10], [3, 18, 4, 19], [5, 22, 6, 23], [7, 14, 8, 15], [9, 17, 10, 16]]"
12a_1005_158,"[[9, 17, 10, 16], [11, 3, 12, 2], [13, 6, 14, 7], [15, 21, 16, 20], [17, 24, 18, 1], [19, 13, 20, 12], [21, 8, 22, 9], [23, 4, 24, 5], [1, 11, 2, 10], [3, 18, 4, 19], [5, 22, 6, 23], [7, 14, 8, 15]]"
12a_1005_159,"[[7, 14, 8, 15], [9, 17, 10, 16], [11, 3, 12, 2], [13, 6, 14, 7], [15, 21, 16, 20], [17, 24, 18, 1], [19, 13, 20, 12], [21, 8, 22, 9], [23, 4, 24, 5], [1, 11, 2, 10], [3, 18, 4, 19], [5, 22, 6, 23]]"
12a_1005_160,"[[5, 22, 6, 23], [7, 14, 8, 15], [9, 17, 10, 16], [11, 3, 12, 2], [13, 6, 14, 7], [15, 21, 16, 20], [17, 24, 18, 1], [19, 13, 20, 12], [21, 8, 22, 9], [23, 4, 24, 5], [1, 11, 2, 10], [3, 18, 4, 19]]"
12a_1005_161,"[[3, 18, 4, 19], [5, 22, 6, 23], [7, 14, 8, 15], [9, 17, 10, 16], [11, 3, 12, 2], [13, 6, 14, 7], [15, 21, 16, 20], [17, 24, 18, 1], [19, 13, 20, 12], [21, 8, 22, 9], [23, 4, 24, 5], [1, 11, 2, 10]]"
12a_1005_162,"[[1, 11, 2, 10], [3, 18, 4, 19], [5, 22, 6, 23], [7, 14, 8, 15], [9, 17, 10, 16], [11, 3, 12, 2], [13, 6, 14, 7], [15, 21, 16, 20], [17, 24, 18, 1], [19, 13, 20, 12], [21, 8, 22, 9], [23, 4, 24, 5]]"
12a_1005_163,"[[23, 4, 24, 5], [1, 11, 2, 10], [3, 18, 4, 19], [5, 22, 6, 23], [7, 14, 8, 15], [9, 17, 10, 16], [11, 3, 12, 2], [13, 6, 14, 7], [15, 21, 16, 20], [17, 24, 18, 1], [19, 13, 20, 12], [21, 8, 22, 9]]"
12a_1005_164,"[[21, 8, 22, 9], [23, 4, 24, 5], [1, 11, 2, 10], [3, 18, 4, 19], [5, 22, 6, 23], [7, 14, 8, 15], [9, 17, 10, 16], [11, 3, 12, 2], [13, 6, 14, 7], [15, 21, 16, 20], [17, 24, 18, 1], [19, 13, 20, 12]]"
12a_1005_165,"[[19, 13, 20, 12], [21, 8, 22, 9], [23, 4, 24, 5], [1, 11, 2, 10], [3, 18, 4, 19], [5, 22, 6, 23], [7, 14, 8, 15], [9, 17, 10, 16], [11, 3, 12, 2], [13, 6, 14, 7], [15, 21, 16, 20], [17, 24, 18, 1]]"
12a_1005_166,"[[17, 24, 18, 1], [19, 13, 20, 12], [21, 8, 22, 9], [23, 4, 24, 5], [1, 11, 2, 10], [3, 18, 4, 19], [5, 22, 6, 23], [7, 14, 8, 15], [9, 17, 10, 16], [11, 3, 12, 2], [13, 6, 14, 7], [15, 21, 16, 20]]"
12a_1005_167,"[[15, 21, 16, 20], [17, 24, 18, 1], [19, 13, 20, 12], [21, 8, 22, 9], [23, 4, 24, 5], [1, 11, 2, 10], [3, 18, 4, 19], [5, 22, 6, 23], [7, 14, 8, 15], [9, 17, 10, 16], [11, 3, 12, 2], [13, 6, 14, 7]]"
12a_1005_168,"[[14, 7, 15, 8], [16, 22, 17, 21], [18, 1, 19, 2], [20, 14, 21, 13], [22, 9, 23, 10], [24, 5, 1, 6], [2, 12, 3, 11], [4, 19, 5, 20], [6, 23, 7, 24], [8, 15, 9, 16], [10, 18, 11, 17], [12, 4, 13, 3]]"
12a_1005_169,"[[12, 4, 13, 3], [14, 7, 15, 8], [16, 22, 17, 21], [18, 1, 19, 2], [20, 14, 21, 13], [22, 9, 23, 10], [24, 5, 1, 6], [2, 12, 3, 11], [4, 19, 5, 20], [6, 23, 7, 24], [8, 15, 9, 16], [10, 18, 11, 17]]"
12a_1005_170,"[[10, 18, 11, 17], [12, 4, 13, 3], [14, 7, 15, 8], [16, 22, 17, 21], [18, 1, 19, 2], [20, 14, 21, 13], [22, 9, 23, 10], [24, 5, 1, 6], [2, 12, 3, 11], [4, 19, 5, 20], [6, 23, 7, 24], [8, 15, 9, 16]]"
12a_1005_171,"[[8, 15, 9, 16], [10, 18, 11, 17], [12, 4, 13, 3], [14, 7, 15, 8], [16, 22, 17, 21], [18, 1, 19, 2], [20, 14, 21, 13], [22, 9, 23, 10], [24, 5, 1, 6], [2, 12, 3, 11], [4, 19, 5, 20], [6, 23, 7, 24]]"
12a_1005_172,"[[6, 23, 7, 24], [8, 15, 9, 16], [10, 18, 11, 17], [12, 4, 13, 3], [14, 7, 15, 8], [16, 22, 17, 21], [18, 1, 19, 2], [20, 14, 21, 13], [22, 9, 23, 10], [24, 5, 1, 6], [2, 12, 3, 11], [4, 19, 5, 20]]"
12a_1005_173,"[[4, 19, 5, 20], [6, 23, 7, 24], [8, 15, 9, 16], [10, 18, 11, 17], [12, 4, 13, 3], [14, 7, 15, 8], [16, 22, 17, 21], [18, 1, 19, 2], [20, 14, 21, 13], [22, 9, 23, 10], [24, 5, 1, 6], [2, 12, 3, 11]]"
12a_1005_174,"[[2, 12, 3, 11], [4, 19, 5, 20], [6, 23, 7, 24], [8, 15, 9, 16], [10, 18, 11, 17], [12, 4, 13, 3], [14, 7, 15, 8], [16, 22, 17, 21], [18, 1, 19, 2], [20, 14, 21, 13], [22, 9, 23, 10], [24, 5, 1, 6]]"
12a_1005_175,"[[24, 5, 1, 6], [2, 12, 3, 11], [4, 19, 5, 20], [6, 23, 7, 24], [8, 15, 9, 16], [10, 18, 11, 17], [12, 4, 13, 3], [14, 7, 15, 8], [16, 22, 17, 21], [18, 1, 19, 2], [20, 14, 21, 13], [22, 9, 23, 10]]"
12a_1005_176,"[[22, 9, 23, 10], [24, 5, 1, 6], [2, 12, 3, 11], [4, 19, 5, 20], [6, 23, 7, 24], [8, 15, 9, 16], [10, 18, 11, 17], [12, 4, 13, 3], [14, 7, 15, 8], [16, 22, 17, 21], [18, 1, 19, 2], [20, 14, 21, 13]]"
12a_1005_177,"[[20, 14, 21, 13], [22, 9, 23, 10], [24, 5, 1, 6], [2, 12, 3, 11], [4, 19, 5, 20], [6, 23, 7, 24], [8, 15, 9, 16], [10, 18, 11, 17], [12, 4, 13, 3], [14, 7, 15, 8], [16, 22, 17, 21], [18, 1, 19, 2]]"
12a_1005_178,"[[18, 1, 19, 2], [20, 14, 21, 13], [22, 9, 23, 10], [24, 5, 1, 6], [2, 12, 3, 11], [4, 19, 5, 20], [6, 23, 7, 24], [8, 15, 9, 16], [10, 18, 11, 17], [12, 4, 13, 3], [14, 7, 15, 8], [16, 22, 17, 21]]"
12a_1005_179,"[[16, 22, 17, 21], [18, 1, 19, 2], [20, 14, 21, 13], [22, 9, 23, 10], [24, 5, 1, 6], [2, 12, 3, 11], [4, 19, 5, 20], [6, 23, 7, 24], [8, 15, 9, 16], [10, 18, 11, 17], [12, 4, 13, 3], [14, 7, 15, 8]]"
12a_1005_180,"[[15, 8, 16, 9], [17, 23, 18, 22], [19, 2, 20, 3], [21, 15, 22, 14], [23, 10, 24, 11], [1, 6, 2, 7], [3, 13, 4, 12], [5, 20, 6, 21], [7, 24, 8, 1], [9, 16, 10, 17], [11, 19, 12, 18], [13, 5, 14, 4]]"
12a_1005_181,"[[13, 5, 14, 4], [15, 8, 16, 9], [17, 23, 18, 22], [19, 2, 20, 3], [21, 15, 22, 14], [23, 10, 24, 11], [1, 6, 2, 7], [3, 13, 4, 12], [5, 20, 6, 21], [7, 24, 8, 1], [9, 16, 10, 17], [11, 19, 12, 18]]"
12a_1005_182,"[[11, 19, 12, 18], [13, 5, 14, 4], [15, 8, 16, 9], [17, 23, 18, 22], [19, 2, 20, 3], [21, 15, 22, 14], [23, 10, 24, 11], [1, 6, 2, 7], [3, 13, 4, 12], [5, 20, 6, 21], [7, 24, 8, 1], [9, 16, 10, 17]]"
12a_1005_183,"[[9, 16, 10, 17], [11, 19, 12, 18], [13, 5, 14, 4], [15, 8, 16, 9], [17, 23, 18, 22], [19, 2, 20, 3], [21, 15, 22, 14], [23, 10, 24, 11], [1, 6, 2, 7], [3, 13, 4, 12], [5, 20, 6, 21], [7, 24, 8, 1]]"
12a_1005_184,"[[7, 24, 8, 1], [9, 16, 10, 17], [11, 19, 12, 18], [13, 5, 14, 4], [15, 8, 16, 9], [17, 23, 18, 22], [19, 2, 20, 3], [21, 15, 22, 14], [23, 10, 24, 11], [1, 6, 2, 7], [3, 13, 4, 12], [5, 20, 6, 21]]"
12a_1005_185,"[[5, 20, 6, 21], [7, 24, 8, 1], [9, 16, 10, 17], [11, 19, 12, 18], [13, 5, 14, 4], [15, 8, 16, 9], [17, 23, 18, 22], [19, 2, 20, 3], [21, 15, 22, 14], [23, 10, 24, 11], [1, 6, 2, 7], [3, 13, 4, 12]]"
