name,pd_notation
12a_0827_0,"[[24, 17, 1, 18], [2, 8, 3, 7], [4, 10, 5, 9], [6, 16, 7, 15], [8, 4, 9, 3], [10, 19, 11, 20], [12, 21, 13, 22], [14, 6, 15, 5], [16, 1, 17, 2], [18, 23, 19, 24], [20, 13, 21, 14], [22, 11, 23, 12]]"
12a_0827_1,"[[22, 11, 23, 12], [24, 17, 1, 18], [2, 8, 3, 7], [4, 10, 5, 9], [6, 16, 7, 15], [8, 4, 9, 3], [10, 19, 11, 20], [12, 21, 13, 22], [14, 6, 15, 5], [16, 1, 17, 2], [18, 23, 19, 24], [20, 13, 21, 14]]"
12a_0827_2,"[[20, 13, 21, 14], [22, 11, 23, 12], [24, 17, 1, 18], [2, 8, 3, 7], [4, 10, 5, 9], [6, 16, 7, 15], [8, 4, 9, 3], [10, 19, 11, 20], [12, 21, 13, 22], [14, 6, 15, 5], [16, 1, 17, 2], [18, 23, 19, 24]]"
12a_0827_3,"[[18, 23, 19, 24], [20, 13, 21, 14], [22, 11, 23, 12], [24, 17, 1, 18], [2, 8, 3, 7], [4, 10, 5, 9], [6, 16, 7, 15], [8, 4, 9, 3], [10, 19, 11, 20], [12, 21, 13, 22], [14, 6, 15, 5], [16, 1, 17, 2]]"
12a_0827_4,"[[16, 1, 17, 2], [18, 23, 19, 24], [20, 13, 21, 14], [22, 11, 23, 12], [24, 17, 1, 18], [2, 8, 3, 7], [4, 10, 5, 9], [6, 16, 7, 15], [8, 4, 9, 3], [10, 19, 11, 20], [12, 21, 13, 22], [14, 6, 15, 5]]"
12a_0827_5,"[[14, 6, 15, 5], [16, 1, 17, 2], [18, 23, 19, 24], [20, 13, 21, 14], [22, 11, 23, 12], [24, 17, 1, 18], [2, 8, 3, 7], [4, 10, 5, 9], [6, 16, 7, 15], [8, 4, 9, 3], [10, 19, 11, 20], [12, 21, 13, 22]]"
12a_0827_6,"[[12, 21, 13, 22], [14, 6, 15, 5], [16, 1, 17, 2], [18, 23, 19, 24], [20, 13, 21, 14], [22, 11, 23, 12], [24, 17, 1, 18], [2, 8, 3, 7], [4, 10, 5, 9], [6, 16, 7, 15], [8, 4, 9, 3], [10, 19, 11, 20]]"
12a_0827_7,"[[10, 19, 11, 20], [12, 21, 13, 22], [14, 6, 15, 5], [16, 1, 17, 2], [18, 23, 19, 24], [20, 13, 21, 14], [22, 11, 23, 12], [24, 17, 1, 18], [2, 8, 3, 7], [4, 10, 5, 9], [6, 16, 7, 15], [8, 4, 9, 3]]"
12a_0827_8,"[[8, 4, 9, 3], [10, 19, 11, 20], [12, 21, 13, 22], [14, 6, 15, 5], [16, 1, 17, 2], [18, 23, 19, 24], [20, 13, 21, 14], [22, 11, 23, 12], [24, 17, 1, 18], [2, 8, 3, 7], [4, 10, 5, 9], [6, 16, 7, 15]]"
12a_0827_9,"[[6, 16, 7, 15], [8, 4, 9, 3], [10, 19, 11, 20], [12, 21, 13, 22], [14, 6, 15, 5], [16, 1, 17, 2], [18, 23, 19, 24], [20, 13, 21, 14], [22, 11, 23, 12], [24, 17, 1, 18], [2, 8, 3, 7], [4, 10, 5, 9]]"
12a_0827_10,"[[4, 10, 5, 9], [6, 16, 7, 15], [8, 4, 9, 3], [10, 19, 11, 20], [12, 21, 13, 22], [14, 6, 15, 5], [16, 1, 17, 2], [18, 23, 19, 24], [20, 13, 21, 14], [22, 11, 23, 12], [24, 17, 1, 18], [2, 8, 3, 7]]"
12a_0827_11,"[[2, 8, 3, 7], [4, 10, 5, 9], [6, 16, 7, 15], [8, 4, 9, 3], [10, 19, 11, 20], [12, 21, 13, 22], [14, 6, 15, 5], [16, 1, 17, 2], [18, 23, 19, 24], [20, 13, 21, 14], [22, 11, 23, 12], [24, 17, 1, 18]]"
12a_0827_12,"[[1, 18, 2, 19], [3, 9, 4, 8], [5, 11, 6, 10], [7, 17, 8, 16], [9, 5, 10, 4], [11, 20, 12, 21], [13, 22, 14, 23], [15, 7, 16, 6], [17, 2, 18, 3], [19, 24, 20, 1], [21, 14, 22, 15], [23, 12, 24, 13]]"
12a_0827_13,"[[23, 12, 24, 13], [1, 18, 2, 19], [3, 9, 4, 8], [5, 11, 6, 10], [7, 17, 8, 16], [9, 5, 10, 4], [11, 20, 12, 21], [13, 22, 14, 23], [15, 7, 16, 6], [17, 2, 18, 3], [19, 24, 20, 1], [21, 14, 22, 15]]"
12a_0827_14,"[[21, 14, 22, 15], [23, 12, 24, 13], [1, 18, 2, 19], [3, 9, 4, 8], [5, 11, 6, 10], [7, 17, 8, 16], [9, 5, 10, 4], [11, 20, 12, 21], [13, 22, 14, 23], [15, 7, 16, 6], [17, 2, 18, 3], [19, 24, 20, 1]]"
12a_0827_15,"[[19, 24, 20, 1], [21, 14, 22, 15], [23, 12, 24, 13], [1, 18, 2, 19], [3, 9, 4, 8], [5, 11, 6, 10], [7, 17, 8, 16], [9, 5, 10, 4], [11, 20, 12, 21], [13, 22, 14, 23], [15, 7, 16, 6], [17, 2, 18, 3]]"
12a_0827_16,"[[17, 2, 18, 3], [19, 24, 20, 1], [21, 14, 22, 15], [23, 12, 24, 13], [1, 18, 2, 19], [3, 9, 4, 8], [5, 11, 6, 10], [7, 17, 8, 16], [9, 5, 10, 4], [11, 20, 12, 21], [13, 22, 14, 23], [15, 7, 16, 6]]"
12a_0827_17,"[[15, 7, 16, 6], [17, 2, 18, 3], [19, 24, 20, 1], [21, 14, 22, 15], [23, 12, 24, 13], [1, 18, 2, 19], [3, 9, 4, 8], [5, 11, 6, 10], [7, 17, 8, 16], [9, 5, 10, 4], [11, 20, 12, 21], [13, 22, 14, 23]]"
12a_0827_18,"[[13, 22, 14, 23], [15, 7, 16, 6], [17, 2, 18, 3], [19, 24, 20, 1], [21, 14, 22, 15], [23, 12, 24, 13], [1, 18, 2, 19], [3, 9, 4, 8], [5, 11, 6, 10], [7, 17, 8, 16], [9, 5, 10, 4], [11, 20, 12, 21]]"
12a_0827_19,"[[11, 20, 12, 21], [13, 22, 14, 23], [15, 7, 16, 6], [17, 2, 18, 3], [19, 24, 20, 1], [21, 14, 22, 15], [23, 12, 24, 13], [1, 18, 2, 19], [3, 9, 4, 8], [5, 11, 6, 10], [7, 17, 8, 16], [9, 5, 10, 4]]"
12a_0827_20,"[[9, 5, 10, 4], [11, 20, 12, 21], [13, 22, 14, 23], [15, 7, 16, 6], [17, 2, 18, 3], [19, 24, 20, 1], [21, 14, 22, 15], [23, 12, 24, 13], [1, 18, 2, 19], [3, 9, 4, 8], [5, 11, 6, 10], [7, 17, 8, 16]]"
12a_0827_21,"[[7, 17, 8, 16], [9, 5, 10, 4], [11, 20, 12, 21], [13, 22, 14, 23], [15, 7, 16, 6], [17, 2, 18, 3], [19, 24, 20, 1], [21, 14, 22, 15], [23, 12, 24, 13], [1, 18, 2, 19], [3, 9, 4, 8], [5, 11, 6, 10]]"
12a_0827_22,"[[5, 11, 6, 10], [7, 17, 8, 16], [9, 5, 10, 4], [11, 20, 12, 21], [13, 22, 14, 23], [15, 7, 16, 6], [17, 2, 18, 3], [19, 24, 20, 1], [21, 14, 22, 15], [23, 12, 24, 13], [1, 18, 2, 19], [3, 9, 4, 8]]"
12a_0827_23,"[[3, 9, 4, 8], [5, 11, 6, 10], [7, 17, 8, 16], [9, 5, 10, 4], [11, 20, 12, 21], [13, 22, 14, 23], [15, 7, 16, 6], [17, 2, 18, 3], [19, 24, 20, 1], [21, 14, 22, 15], [23, 12, 24, 13], [1, 18, 2, 19]]"
12a_0827_24,"[[2, 19, 3, 20], [4, 10, 5, 9], [6, 12, 7, 11], [8, 18, 9, 17], [10, 6, 11, 5], [12, 21, 13, 22], [14, 23, 15, 24], [16, 8, 17, 7], [18, 3, 19, 4], [20, 1, 21, 2], [22, 15, 23, 16], [24, 13, 1, 14]]"
12a_0827_25,"[[24, 13, 1, 14], [2, 19, 3, 20], [4, 10, 5, 9], [6, 12, 7, 11], [8, 18, 9, 17], [10, 6, 11, 5], [12, 21, 13, 22], [14, 23, 15, 24], [16, 8, 17, 7], [18, 3, 19, 4], [20, 1, 21, 2], [22, 15, 23, 16]]"
12a_0827_26,"[[22, 15, 23, 16], [24, 13, 1, 14], [2, 19, 3, 20], [4, 10, 5, 9], [6, 12, 7, 11], [8, 18, 9, 17], [10, 6, 11, 5], [12, 21, 13, 22], [14, 23, 15, 24], [16, 8, 17, 7], [18, 3, 19, 4], [20, 1, 21, 2]]"
12a_0827_27,"[[20, 1, 21, 2], [22, 15, 23, 16], [24, 13, 1, 14], [2, 19, 3, 20], [4, 10, 5, 9], [6, 12, 7, 11], [8, 18, 9, 17], [10, 6, 11, 5], [12, 21, 13, 22], [14, 23, 15, 24], [16, 8, 17, 7], [18, 3, 19, 4]]"
12a_0827_28,"[[18, 3, 19, 4], [20, 1, 21, 2], [22, 15, 23, 16], [24, 13, 1, 14], [2, 19, 3, 20], [4, 10, 5, 9], [6, 12, 7, 11], [8, 18, 9, 17], [10, 6, 11, 5], [12, 21, 13, 22], [14, 23, 15, 24], [16, 8, 17, 7]]"
12a_0827_29,"[[16, 8, 17, 7], [18, 3, 19, 4], [20, 1, 21, 2], [22, 15, 23, 16], [24, 13, 1, 14], [2, 19, 3, 20], [4, 10, 5, 9], [6, 12, 7, 11], [8, 18, 9, 17], [10, 6, 11, 5], [12, 21, 13, 22], [14, 23, 15, 24]]"
12a_0827_30,"[[14, 23, 15, 24], [16, 8, 17, 7], [18, 3, 19, 4], [20, 1, 21, 2], [22, 15, 23, 16], [24, 13, 1, 14], [2, 19, 3, 20], [4, 10, 5, 9], [6, 12, 7, 11], [8, 18, 9, 17], [10, 6, 11, 5], [12, 21, 13, 22]]"
12a_0827_31,"[[12, 21, 13, 22], [14, 23, 15, 24], [16, 8, 17, 7], [18, 3, 19, 4], [20, 1, 21, 2], [22, 15, 23, 16], [24, 13, 1, 14], [2, 19, 3, 20], [4, 10, 5, 9], [6, 12, 7, 11], [8, 18, 9, 17], [10, 6, 11, 5]]"
12a_0827_32,"[[10, 6, 11, 5], [12, 21, 13, 22], [14, 23, 15, 24], [16, 8, 17, 7], [18, 3, 19, 4], [20, 1, 21, 2], [22, 15, 23, 16], [24, 13, 1, 14], [2, 19, 3, 20], [4, 10, 5, 9], [6, 12, 7, 11], [8, 18, 9, 17]]"
12a_0827_33,"[[8, 18, 9, 17], [10, 6, 11, 5], [12, 21, 13, 22], [14, 23, 15, 24], [16, 8, 17, 7], [18, 3, 19, 4], [20, 1, 21, 2], [22, 15, 23, 16], [24, 13, 1, 14], [2, 19, 3, 20], [4, 10, 5, 9], [6, 12, 7, 11]]"
12a_0827_34,"[[6, 12, 7, 11], [8, 18, 9, 17], [10, 6, 11, 5], [12, 21, 13, 22], [14, 23, 15, 24], [16, 8, 17, 7], [18, 3, 19, 4], [20, 1, 21, 2], [22, 15, 23, 16], [24, 13, 1, 14], [2, 19, 3, 20], [4, 10, 5, 9]]"
12a_0827_35,"[[4, 10, 5, 9], [6, 12, 7, 11], [8, 18, 9, 17], [10, 6, 11, 5], [12, 21, 13, 22], [14, 23, 15, 24], [16, 8, 17, 7], [18, 3, 19, 4], [20, 1, 21, 2], [22, 15, 23, 16], [24, 13, 1, 14], [2, 19, 3, 20]]"
12a_0827_36,"[[3, 20, 4, 21], [5, 11, 6, 10], [7, 13, 8, 12], [9, 19, 10, 18], [11, 7, 12, 6], [13, 22, 14, 23], [15, 24, 16, 1], [17, 9, 18, 8], [19, 4, 20, 5], [21, 2, 22, 3], [23, 16, 24, 17], [1, 14, 2, 15]]"
12a_0827_37,"[[1, 14, 2, 15], [3, 20, 4, 21], [5, 11, 6, 10], [7, 13, 8, 12], [9, 19, 10, 18], [11, 7, 12, 6], [13, 22, 14, 23], [15, 24, 16, 1], [17, 9, 18, 8], [19, 4, 20, 5], [21, 2, 22, 3], [23, 16, 24, 17]]"
12a_0827_38,"[[23, 16, 24, 17], [1, 14, 2, 15], [3, 20, 4, 21], [5, 11, 6, 10], [7, 13, 8, 12], [9, 19, 10, 18], [11, 7, 12, 6], [13, 22, 14, 23], [15, 24, 16, 1], [17, 9, 18, 8], [19, 4, 20, 5], [21, 2, 22, 3]]"
12a_0827_39,"[[21, 2, 22, 3], [23, 16, 24, 17], [1, 14, 2, 15], [3, 20, 4, 21], [5, 11, 6, 10], [7, 13, 8, 12], [9, 19, 10, 18], [11, 7, 12, 6], [13, 22, 14, 23], [15, 24, 16, 1], [17, 9, 18, 8], [19, 4, 20, 5]]"
12a_0827_40,"[[19, 4, 20, 5], [21, 2, 22, 3], [23, 16, 24, 17], [1, 14, 2, 15], [3, 20, 4, 21], [5, 11, 6, 10], [7, 13, 8, 12], [9, 19, 10, 18], [11, 7, 12, 6], [13, 22, 14, 23], [15, 24, 16, 1], [17, 9, 18, 8]]"
12a_0827_41,"[[17, 9, 18, 8], [19, 4, 20, 5], [21, 2, 22, 3], [23, 16, 24, 17], [1, 14, 2, 15], [3, 20, 4, 21], [5, 11, 6, 10], [7, 13, 8, 12], [9, 19, 10, 18], [11, 7, 12, 6], [13, 22, 14, 23], [15, 24, 16, 1]]"
12a_0827_42,"[[15, 24, 16, 1], [17, 9, 18, 8], [19, 4, 20, 5], [21, 2, 22, 3], [23, 16, 24, 17], [1, 14, 2, 15], [3, 20, 4, 21], [5, 11, 6, 10], [7, 13, 8, 12], [9, 19, 10, 18], [11, 7, 12, 6], [13, 22, 14, 23]]"
12a_0827_43,"[[13, 22, 14, 23], [15, 24, 16, 1], [17, 9, 18, 8], [19, 4, 20, 5], [21, 2, 22, 3], [23, 16, 24, 17], [1, 14, 2, 15], [3, 20, 4, 21], [5, 11, 6, 10], [7, 13, 8, 12], [9, 19, 10, 18], [11, 7, 12, 6]]"
12a_0827_44,"[[11, 7, 12, 6], [13, 22, 14, 23], [15, 24, 16, 1], [17, 9, 18, 8], [19, 4, 20, 5], [21, 2, 22, 3], [23, 16, 24, 17], [1, 14, 2, 15], [3, 20, 4, 21], [5, 11, 6, 10], [7, 13, 8, 12], [9, 19, 10, 18]]"
12a_0827_45,"[[9, 19, 10, 18], [11, 7, 12, 6], [13, 22, 14, 23], [15, 24, 16, 1], [17, 9, 18, 8], [19, 4, 20, 5], [21, 2, 22, 3], [23, 16, 24, 17], [1, 14, 2, 15], [3, 20, 4, 21], [5, 11, 6, 10], [7, 13, 8, 12]]"
12a_0827_46,"[[7, 13, 8, 12], [9, 19, 10, 18], [11, 7, 12, 6], [13, 22, 14, 23], [15, 24, 16, 1], [17, 9, 18, 8], [19, 4, 20, 5], [21, 2, 22, 3], [23, 16, 24, 17], [1, 14, 2, 15], [3, 20, 4, 21], [5, 11, 6, 10]]"
12a_0827_47,"[[5, 11, 6, 10], [7, 13, 8, 12], [9, 19, 10, 18], [11, 7, 12, 6], [13, 22, 14, 23], [15, 24, 16, 1], [17, 9, 18, 8], [19, 4, 20, 5], [21, 2, 22, 3], [23, 16, 24, 17], [1, 14, 2, 15], [3, 20, 4, 21]]"
12a_0827_48,"[[4, 21, 5, 22], [6, 12, 7, 11], [8, 14, 9, 13], [10, 20, 11, 19], [12, 8, 13, 7], [14, 23, 15, 24], [16, 1, 17, 2], [18, 10, 19, 9], [20, 5, 21, 6], [22, 3, 23, 4], [24, 17, 1, 18], [2, 15, 3, 16]]"
12a_0827_49,"[[2, 15, 3, 16], [4, 21, 5, 22], [6, 12, 7, 11], [8, 14, 9, 13], [10, 20, 11, 19], [12, 8, 13, 7], [14, 23, 15, 24], [16, 1, 17, 2], [18, 10, 19, 9], [20, 5, 21, 6], [22, 3, 23, 4], [24, 17, 1, 18]]"
12a_0827_50,"[[24, 17, 1, 18], [2, 15, 3, 16], [4, 21, 5, 22], [6, 12, 7, 11], [8, 14, 9, 13], [10, 20, 11, 19], [12, 8, 13, 7], [14, 23, 15, 24], [16, 1, 17, 2], [18, 10, 19, 9], [20, 5, 21, 6], [22, 3, 23, 4]]"
12a_0827_51,"[[22, 3, 23, 4], [24, 17, 1, 18], [2, 15, 3, 16], [4, 21, 5, 22], [6, 12, 7, 11], [8, 14, 9, 13], [10, 20, 11, 19], [12, 8, 13, 7], [14, 23, 15, 24], [16, 1, 17, 2], [18, 10, 19, 9], [20, 5, 21, 6]]"
12a_0827_52,"[[20, 5, 21, 6], [22, 3, 23, 4], [24, 17, 1, 18], [2, 15, 3, 16], [4, 21, 5, 22], [6, 12, 7, 11], [8, 14, 9, 13], [10, 20, 11, 19], [12, 8, 13, 7], [14, 23, 15, 24], [16, 1, 17, 2], [18, 10, 19, 9]]"
12a_0827_53,"[[18, 10, 19, 9], [20, 5, 21, 6], [22, 3, 23, 4], [24, 17, 1, 18], [2, 15, 3, 16], [4, 21, 5, 22], [6, 12, 7, 11], [8, 14, 9, 13], [10, 20, 11, 19], [12, 8, 13, 7], [14, 23, 15, 24], [16, 1, 17, 2]]"
12a_0827_54,"[[16, 1, 17, 2], [18, 10, 19, 9], [20, 5, 21, 6], [22, 3, 23, 4], [24, 17, 1, 18], [2, 15, 3, 16], [4, 21, 5, 22], [6, 12, 7, 11], [8, 14, 9, 13], [10, 20, 11, 19], [12, 8, 13, 7], [14, 23, 15, 24]]"
12a_0827_55,"[[14, 23, 15, 24], [16, 1, 17, 2], [18, 10, 19, 9], [20, 5, 21, 6], [22, 3, 23, 4], [24, 17, 1, 18], [2, 15, 3, 16], [4, 21, 5, 22], [6, 12, 7, 11], [8, 14, 9, 13], [10, 20, 11, 19], [12, 8, 13, 7]]"
12a_0827_56,"[[12, 8, 13, 7], [14, 23, 15, 24], [16, 1, 17, 2], [18, 10, 19, 9], [20, 5, 21, 6], [22, 3, 23, 4], [24, 17, 1, 18], [2, 15, 3, 16], [4, 21, 5, 22], [6, 12, 7, 11], [8, 14, 9, 13], [10, 20, 11, 19]]"
12a_0827_57,"[[10, 20, 11, 19], [12, 8, 13, 7], [14, 23, 15, 24], [16, 1, 17, 2], [18, 10, 19, 9], [20, 5, 21, 6], [22, 3, 23, 4], [24, 17, 1, 18], [2, 15, 3, 16], [4, 21, 5, 22], [6, 12, 7, 11], [8, 14, 9, 13]]"
12a_0827_58,"[[8, 14, 9, 13], [10, 20, 11, 19], [12, 8, 13, 7], [14, 23, 15, 24], [16, 1, 17, 2], [18, 10, 19, 9], [20, 5, 21, 6], [22, 3, 23, 4], [24, 17, 1, 18], [2, 15, 3, 16], [4, 21, 5, 22], [6, 12, 7, 11]]"
12a_0827_59,"[[6, 12, 7, 11], [8, 14, 9, 13], [10, 20, 11, 19], [12, 8, 13, 7], [14, 23, 15, 24], [16, 1, 17, 2], [18, 10, 19, 9], [20, 5, 21, 6], [22, 3, 23, 4], [24, 17, 1, 18], [2, 15, 3, 16], [4, 21, 5, 22]]"
12a_0827_60,"[[5, 22, 6, 23], [7, 13, 8, 12], [9, 15, 10, 14], [11, 21, 12, 20], [13, 9, 14, 8], [15, 24, 16, 1], [17, 2, 18, 3], [19, 11, 20, 10], [21, 6, 22, 7], [23, 4, 24, 5], [1, 18, 2, 19], [3, 16, 4, 17]]"
12a_0827_61,"[[3, 16, 4, 17], [5, 22, 6, 23], [7, 13, 8, 12], [9, 15, 10, 14], [11, 21, 12, 20], [13, 9, 14, 8], [15, 24, 16, 1], [17, 2, 18, 3], [19, 11, 20, 10], [21, 6, 22, 7], [23, 4, 24, 5], [1, 18, 2, 19]]"
12a_0827_62,"[[1, 18, 2, 19], [3, 16, 4, 17], [5, 22, 6, 23], [7, 13, 8, 12], [9, 15, 10, 14], [11, 21, 12, 20], [13, 9, 14, 8], [15, 24, 16, 1], [17, 2, 18, 3], [19, 11, 20, 10], [21, 6, 22, 7], [23, 4, 24, 5]]"
12a_0827_63,"[[23, 4, 24, 5], [1, 18, 2, 19], [3, 16, 4, 17], [5, 22, 6, 23], [7, 13, 8, 12], [9, 15, 10, 14], [11, 21, 12, 20], [13, 9, 14, 8], [15, 24, 16, 1], [17, 2, 18, 3], [19, 11, 20, 10], [21, 6, 22, 7]]"
12a_0827_64,"[[21, 6, 22, 7], [23, 4, 24, 5], [1, 18, 2, 19], [3, 16, 4, 17], [5, 22, 6, 23], [7, 13, 8, 12], [9, 15, 10, 14], [11, 21, 12, 20], [13, 9, 14, 8], [15, 24, 16, 1], [17, 2, 18, 3], [19, 11, 20, 10]]"
12a_0827_65,"[[19, 11, 20, 10], [21, 6, 22, 7], [23, 4, 24, 5], [1, 18, 2, 19], [3, 16, 4, 17], [5, 22, 6, 23], [7, 13, 8, 12], [9, 15, 10, 14], [11, 21, 12, 20], [13, 9, 14, 8], [15, 24, 16, 1], [17, 2, 18, 3]]"
12a_0827_66,"[[17, 2, 18, 3], [19, 11, 20, 10], [21, 6, 22, 7], [23, 4, 24, 5], [1, 18, 2, 19], [3, 16, 4, 17], [5, 22, 6, 23], [7, 13, 8, 12], [9, 15, 10, 14], [11, 21, 12, 20], [13, 9, 14, 8], [15, 24, 16, 1]]"
12a_0827_67,"[[15, 24, 16, 1], [17, 2, 18, 3], [19, 11, 20, 10], [21, 6, 22, 7], [23, 4, 24, 5], [1, 18, 2, 19], [3, 16, 4, 17], [5, 22, 6, 23], [7, 13, 8, 12], [9, 15, 10, 14], [11, 21, 12, 20], [13, 9, 14, 8]]"
12a_0827_68,"[[13, 9, 14, 8], [15, 24, 16, 1], [17, 2, 18, 3], [19, 11, 20, 10], [21, 6, 22, 7], [23, 4, 24, 5], [1, 18, 2, 19], [3, 16, 4, 17], [5, 22, 6, 23], [7, 13, 8, 12], [9, 15, 10, 14], [11, 21, 12, 20]]"
12a_0827_69,"[[11, 21, 12, 20], [13, 9, 14, 8], [15, 24, 16, 1], [17, 2, 18, 3], [19, 11, 20, 10], [21, 6, 22, 7], [23, 4, 24, 5], [1, 18, 2, 19], [3, 16, 4, 17], [5, 22, 6, 23], [7, 13, 8, 12], [9, 15, 10, 14]]"
12a_0827_70,"[[9, 15, 10, 14], [11, 21, 12, 20], [13, 9, 14, 8], [15, 24, 16, 1], [17, 2, 18, 3], [19, 11, 20, 10], [21, 6, 22, 7], [23, 4, 24, 5], [1, 18, 2, 19], [3, 16, 4, 17], [5, 22, 6, 23], [7, 13, 8, 12]]"
12a_0827_71,"[[7, 13, 8, 12], [9, 15, 10, 14], [11, 21, 12, 20], [13, 9, 14, 8], [15, 24, 16, 1], [17, 2, 18, 3], [19, 11, 20, 10], [21, 6, 22, 7], [23, 4, 24, 5], [1, 18, 2, 19], [3, 16, 4, 17], [5, 22, 6, 23]]"
12a_0827_72,"[[6, 23, 7, 24], [8, 14, 9, 13], [10, 16, 11, 15], [12, 22, 13, 21], [14, 10, 15, 9], [16, 1, 17, 2], [18, 3, 19, 4], [20, 12, 21, 11], [22, 7, 23, 8], [24, 5, 1, 6], [2, 19, 3, 20], [4, 17, 5, 18]]"
12a_0827_73,"[[4, 17, 5, 18], [6, 23, 7, 24], [8, 14, 9, 13], [10, 16, 11, 15], [12, 22, 13, 21], [14, 10, 15, 9], [16, 1, 17, 2], [18, 3, 19, 4], [20, 12, 21, 11], [22, 7, 23, 8], [24, 5, 1, 6], [2, 19, 3, 20]]"
12a_0827_74,"[[2, 19, 3, 20], [4, 17, 5, 18], [6, 23, 7, 24], [8, 14, 9, 13], [10, 16, 11, 15], [12, 22, 13, 21], [14, 10, 15, 9], [16, 1, 17, 2], [18, 3, 19, 4], [20, 12, 21, 11], [22, 7, 23, 8], [24, 5, 1, 6]]"
12a_0827_75,"[[24, 5, 1, 6], [2, 19, 3, 20], [4, 17, 5, 18], [6, 23, 7, 24], [8, 14, 9, 13], [10, 16, 11, 15], [12, 22, 13, 21], [14, 10, 15, 9], [16, 1, 17, 2], [18, 3, 19, 4], [20, 12, 21, 11], [22, 7, 23, 8]]"
12a_0827_76,"[[22, 7, 23, 8], [24, 5, 1, 6], [2, 19, 3, 20], [4, 17, 5, 18], [6, 23, 7, 24], [8, 14, 9, 13], [10, 16, 11, 15], [12, 22, 13, 21], [14, 10, 15, 9], [16, 1, 17, 2], [18, 3, 19, 4], [20, 12, 21, 11]]"
12a_0827_77,"[[20, 12, 21, 11], [22, 7, 23, 8], [24, 5, 1, 6], [2, 19, 3, 20], [4, 17, 5, 18], [6, 23, 7, 24], [8, 14, 9, 13], [10, 16, 11, 15], [12, 22, 13, 21], [14, 10, 15, 9], [16, 1, 17, 2], [18, 3, 19, 4]]"
12a_0827_78,"[[18, 3, 19, 4], [20, 12, 21, 11], [22, 7, 23, 8], [24, 5, 1, 6], [2, 19, 3, 20], [4, 17, 5, 18], [6, 23, 7, 24], [8, 14, 9, 13], [10, 16, 11, 15], [12, 22, 13, 21], [14, 10, 15, 9], [16, 1, 17, 2]]"
12a_0827_79,"[[16, 1, 17, 2], [18, 3, 19, 4], [20, 12, 21, 11], [22, 7, 23, 8], [24, 5, 1, 6], [2, 19, 3, 20], [4, 17, 5, 18], [6, 23, 7, 24], [8, 14, 9, 13], [10, 16, 11, 15], [12, 22, 13, 21], [14, 10, 15, 9]]"
12a_0827_80,"[[14, 10, 15, 9], [16, 1, 17, 2], [18, 3, 19, 4], [20, 12, 21, 11], [22, 7, 23, 8], [24, 5, 1, 6], [2, 19, 3, 20], [4, 17, 5, 18], [6, 23, 7, 24], [8, 14, 9, 13], [10, 16, 11, 15], [12, 22, 13, 21]]"
12a_0827_81,"[[12, 22, 13, 21], [14, 10, 15, 9], [16, 1, 17, 2], [18, 3, 19, 4], [20, 12, 21, 11], [22, 7, 23, 8], [24, 5, 1, 6], [2, 19, 3, 20], [4, 17, 5, 18], [6, 23, 7, 24], [8, 14, 9, 13], [10, 16, 11, 15]]"
12a_0827_82,"[[10, 16, 11, 15], [12, 22, 13, 21], [14, 10, 15, 9], [16, 1, 17, 2], [18, 3, 19, 4], [20, 12, 21, 11], [22, 7, 23, 8], [24, 5, 1, 6], [2, 19, 3, 20], [4, 17, 5, 18], [6, 23, 7, 24], [8, 14, 9, 13]]"
12a_0827_83,"[[8, 14, 9, 13], [10, 16, 11, 15], [12, 22, 13, 21], [14, 10, 15, 9], [16, 1, 17, 2], [18, 3, 19, 4], [20, 12, 21, 11], [22, 7, 23, 8], [24, 5, 1, 6], [2, 19, 3, 20], [4, 17, 5, 18], [6, 23, 7, 24]]"
12a_0827_84,"[[7, 24, 8, 1], [9, 15, 10, 14], [11, 17, 12, 16], [13, 23, 14, 22], [15, 11, 16, 10], [17, 2, 18, 3], [19, 4, 20, 5], [21, 13, 22, 12], [23, 8, 24, 9], [1, 6, 2, 7], [3, 20, 4, 21], [5, 18, 6, 19]]"
12a_0827_85,"[[5, 18, 6, 19], [7, 24, 8, 1], [9, 15, 10, 14], [11, 17, 12, 16], [13, 23, 14, 22], [15, 11, 16, 10], [17, 2, 18, 3], [19, 4, 20, 5], [21, 13, 22, 12], [23, 8, 24, 9], [1, 6, 2, 7], [3, 20, 4, 21]]"
12a_0827_86,"[[3, 20, 4, 21], [5, 18, 6, 19], [7, 24, 8, 1], [9, 15, 10, 14], [11, 17, 12, 16], [13, 23, 14, 22], [15, 11, 16, 10], [17, 2, 18, 3], [19, 4, 20, 5], [21, 13, 22, 12], [23, 8, 24, 9], [1, 6, 2, 7]]"
12a_0827_87,"[[1, 6, 2, 7], [3, 20, 4, 21], [5, 18, 6, 19], [7, 24, 8, 1], [9, 15, 10, 14], [11, 17, 12, 16], [13, 23, 14, 22], [15, 11, 16, 10], [17, 2, 18, 3], [19, 4, 20, 5], [21, 13, 22, 12], [23, 8, 24, 9]]"
12a_0827_88,"[[23, 8, 24, 9], [1, 6, 2, 7], [3, 20, 4, 21], [5, 18, 6, 19], [7, 24, 8, 1], [9, 15, 10, 14], [11, 17, 12, 16], [13, 23, 14, 22], [15, 11, 16, 10], [17, 2, 18, 3], [19, 4, 20, 5], [21, 13, 22, 12]]"
12a_0827_89,"[[21, 13, 22, 12], [23, 8, 24, 9], [1, 6, 2, 7], [3, 20, 4, 21], [5, 18, 6, 19], [7, 24, 8, 1], [9, 15, 10, 14], [11, 17, 12, 16], [13, 23, 14, 22], [15, 11, 16, 10], [17, 2, 18, 3], [19, 4, 20, 5]]"
12a_0827_90,"[[19, 4, 20, 5], [21, 13, 22, 12], [23, 8, 24, 9], [1, 6, 2, 7], [3, 20, 4, 21], [5, 18, 6, 19], [7, 24, 8, 1], [9, 15, 10, 14], [11, 17, 12, 16], [13, 23, 14, 22], [15, 11, 16, 10], [17, 2, 18, 3]]"
12a_0827_91,"[[17, 2, 18, 3], [19, 4, 20, 5], [21, 13, 22, 12], [23, 8, 24, 9], [1, 6, 2, 7], [3, 20, 4, 21], [5, 18, 6, 19], [7, 24, 8, 1], [9, 15, 10, 14], [11, 17, 12, 16], [13, 23, 14, 22], [15, 11, 16, 10]]"
12a_0827_92,"[[15, 11, 16, 10], [17, 2, 18, 3], [19, 4, 20, 5], [21, 13, 22, 12], [23, 8, 24, 9], [1, 6, 2, 7], [3, 20, 4, 21], [5, 18, 6, 19], [7, 24, 8, 1], [9, 15, 10, 14], [11, 17, 12, 16], [13, 23, 14, 22]]"
12a_0827_93,"[[13, 23, 14, 22], [15, 11, 16, 10], [17, 2, 18, 3], [19, 4, 20, 5], [21, 13, 22, 12], [23, 8, 24, 9], [1, 6, 2, 7], [3, 20, 4, 21], [5, 18, 6, 19], [7, 24, 8, 1], [9, 15, 10, 14], [11, 17, 12, 16]]"
12a_0827_94,"[[11, 17, 12, 16], [13, 23, 14, 22], [15, 11, 16, 10], [17, 2, 18, 3], [19, 4, 20, 5], [21, 13, 22, 12], [23, 8, 24, 9], [1, 6, 2, 7], [3, 20, 4, 21], [5, 18, 6, 19], [7, 24, 8, 1], [9, 15, 10, 14]]"
12a_0827_95,"[[9, 15, 10, 14], [11, 17, 12, 16], [13, 23, 14, 22], [15, 11, 16, 10], [17, 2, 18, 3], [19, 4, 20, 5], [21, 13, 22, 12], [23, 8, 24, 9], [1, 6, 2, 7], [3, 20, 4, 21], [5, 18, 6, 19], [7, 24, 8, 1]]"
12a_0827_96,"[[8, 1, 9, 2], [10, 16, 11, 15], [12, 18, 13, 17], [14, 24, 15, 23], [16, 12, 17, 11], [18, 3, 19, 4], [20, 5, 21, 6], [22, 14, 23, 13], [24, 9, 1, 10], [2, 7, 3, 8], [4, 21, 5, 22], [6, 19, 7, 20]]"
12a_0827_97,"[[6, 19, 7, 20], [8, 1, 9, 2], [10, 16, 11, 15], [12, 18, 13, 17], [14, 24, 15, 23], [16, 12, 17, 11], [18, 3, 19, 4], [20, 5, 21, 6], [22, 14, 23, 13], [24, 9, 1, 10], [2, 7, 3, 8], [4, 21, 5, 22]]"
12a_0827_98,"[[4, 21, 5, 22], [6, 19, 7, 20], [8, 1, 9, 2], [10, 16, 11, 15], [12, 18, 13, 17], [14, 24, 15, 23], [16, 12, 17, 11], [18, 3, 19, 4], [20, 5, 21, 6], [22, 14, 23, 13], [24, 9, 1, 10], [2, 7, 3, 8]]"
12a_0827_99,"[[2, 7, 3, 8], [4, 21, 5, 22], [6, 19, 7, 20], [8, 1, 9, 2], [10, 16, 11, 15], [12, 18, 13, 17], [14, 24, 15, 23], [16, 12, 17, 11], [18, 3, 19, 4], [20, 5, 21, 6], [22, 14, 23, 13], [24, 9, 1, 10]]"
12a_0827_100,"[[24, 9, 1, 10], [2, 7, 3, 8], [4, 21, 5, 22], [6, 19, 7, 20], [8, 1, 9, 2], [10, 16, 11, 15], [12, 18, 13, 17], [14, 24, 15, 23], [16, 12, 17, 11], [18, 3, 19, 4], [20, 5, 21, 6], [22, 14, 23, 13]]"
12a_0827_101,"[[22, 14, 23, 13], [24, 9, 1, 10], [2, 7, 3, 8], [4, 21, 5, 22], [6, 19, 7, 20], [8, 1, 9, 2], [10, 16, 11, 15], [12, 18, 13, 17], [14, 24, 15, 23], [16, 12, 17, 11], [18, 3, 19, 4], [20, 5, 21, 6]]"
12a_0827_102,"[[20, 5, 21, 6], [22, 14, 23, 13], [24, 9, 1, 10], [2, 7, 3, 8], [4, 21, 5, 22], [6, 19, 7, 20], [8, 1, 9, 2], [10, 16, 11, 15], [12, 18, 13, 17], [14, 24, 15, 23], [16, 12, 17, 11], [18, 3, 19, 4]]"
12a_0827_103,"[[18, 3, 19, 4], [20, 5, 21, 6], [22, 14, 23, 13], [24, 9, 1, 10], [2, 7, 3, 8], [4, 21, 5, 22], [6, 19, 7, 20], [8, 1, 9, 2], [10, 16, 11, 15], [12, 18, 13, 17], [14, 24, 15, 23], [16, 12, 17, 11]]"
12a_0827_104,"[[16, 12, 17, 11], [18, 3, 19, 4], [20, 5, 21, 6], [22, 14, 23, 13], [24, 9, 1, 10], [2, 7, 3, 8], [4, 21, 5, 22], [6, 19, 7, 20], [8, 1, 9, 2], [10, 16, 11, 15], [12, 18, 13, 17], [14, 24, 15, 23]]"
12a_0827_105,"[[14, 24, 15, 23], [16, 12, 17, 11], [18, 3, 19, 4], [20, 5, 21, 6], [22, 14, 23, 13], [24, 9, 1, 10], [2, 7, 3, 8], [4, 21, 5, 22], [6, 19, 7, 20], [8, 1, 9, 2], [10, 16, 11, 15], [12, 18, 13, 17]]"
12a_0827_106,"[[12, 18, 13, 17], [14, 24, 15, 23], [16, 12, 17, 11], [18, 3, 19, 4], [20, 5, 21, 6], [22, 14, 23, 13], [24, 9, 1, 10], [2, 7, 3, 8], [4, 21, 5, 22], [6, 19, 7, 20], [8, 1, 9, 2], [10, 16, 11, 15]]"
12a_0827_107,"[[10, 16, 11, 15], [12, 18, 13, 17], [14, 24, 15, 23], [16, 12, 17, 11], [18, 3, 19, 4], [20, 5, 21, 6], [22, 14, 23, 13], [24, 9, 1, 10], [2, 7, 3, 8], [4, 21, 5, 22], [6, 19, 7, 20], [8, 1, 9, 2]]"
12a_0827_108,"[[9, 2, 10, 3], [11, 17, 12, 16], [13, 19, 14, 18], [15, 1, 16, 24], [17, 13, 18, 12], [19, 4, 20, 5], [21, 6, 22, 7], [23, 15, 24, 14], [1, 10, 2, 11], [3, 8, 4, 9], [5, 22, 6, 23], [7, 20, 8, 21]]"
12a_0827_109,"[[7, 20, 8, 21], [9, 2, 10, 3], [11, 17, 12, 16], [13, 19, 14, 18], [15, 1, 16, 24], [17, 13, 18, 12], [19, 4, 20, 5], [21, 6, 22, 7], [23, 15, 24, 14], [1, 10, 2, 11], [3, 8, 4, 9], [5, 22, 6, 23]]"
12a_0827_110,"[[5, 22, 6, 23], [7, 20, 8, 21], [9, 2, 10, 3], [11, 17, 12, 16], [13, 19, 14, 18], [15, 1, 16, 24], [17, 13, 18, 12], [19, 4, 20, 5], [21, 6, 22, 7], [23, 15, 24, 14], [1, 10, 2, 11], [3, 8, 4, 9]]"
12a_0827_111,"[[3, 8, 4, 9], [5, 22, 6, 23], [7, 20, 8, 21], [9, 2, 10, 3], [11, 17, 12, 16], [13, 19, 14, 18], [15, 1, 16, 24], [17, 13, 18, 12], [19, 4, 20, 5], [21, 6, 22, 7], [23, 15, 24, 14], [1, 10, 2, 11]]"
12a_0827_112,"[[1, 10, 2, 11], [3, 8, 4, 9], [5, 22, 6, 23], [7, 20, 8, 21], [9, 2, 10, 3], [11, 17, 12, 16], [13, 19, 14, 18], [15, 1, 16, 24], [17, 13, 18, 12], [19, 4, 20, 5], [21, 6, 22, 7], [23, 15, 24, 14]]"
12a_0827_113,"[[23, 15, 24, 14], [1, 10, 2, 11], [3, 8, 4, 9], [5, 22, 6, 23], [7, 20, 8, 21], [9, 2, 10, 3], [11, 17, 12, 16], [13, 19, 14, 18], [15, 1, 16, 24], [17, 13, 18, 12], [19, 4, 20, 5], [21, 6, 22, 7]]"
12a_0827_114,"[[21, 6, 22, 7], [23, 15, 24, 14], [1, 10, 2, 11], [3, 8, 4, 9], [5, 22, 6, 23], [7, 20, 8, 21], [9, 2, 10, 3], [11, 17, 12, 16], [13, 19, 14, 18], [15, 1, 16, 24], [17, 13, 18, 12], [19, 4, 20, 5]]"
12a_0827_115,"[[19, 4, 20, 5], [21, 6, 22, 7], [23, 15, 24, 14], [1, 10, 2, 11], [3, 8, 4, 9], [5, 22, 6, 23], [7, 20, 8, 21], [9, 2, 10, 3], [11, 17, 12, 16], [13, 19, 14, 18], [15, 1, 16, 24], [17, 13, 18, 12]]"
12a_0827_116,"[[17, 13, 18, 12], [19, 4, 20, 5], [21, 6, 22, 7], [23, 15, 24, 14], [1, 10, 2, 11], [3, 8, 4, 9], [5, 22, 6, 23], [7, 20, 8, 21], [9, 2, 10, 3], [11, 17, 12, 16], [13, 19, 14, 18], [15, 1, 16, 24]]"
12a_0827_117,"[[15, 1, 16, 24], [17, 13, 18, 12], [19, 4, 20, 5], [21, 6, 22, 7], [23, 15, 24, 14], [1, 10, 2, 11], [3, 8, 4, 9], [5, 22, 6, 23], [7, 20, 8, 21], [9, 2, 10, 3], [11, 17, 12, 16], [13, 19, 14, 18]]"
12a_0827_118,"[[13, 19, 14, 18], [15, 1, 16, 24], [17, 13, 18, 12], [19, 4, 20, 5], [21, 6, 22, 7], [23, 15, 24, 14], [1, 10, 2, 11], [3, 8, 4, 9], [5, 22, 6, 23], [7, 20, 8, 21], [9, 2, 10, 3], [11, 17, 12, 16]]"
12a_0827_119,"[[11, 17, 12, 16], [13, 19, 14, 18], [15, 1, 16, 24], [17, 13, 18, 12], [19, 4, 20, 5], [21, 6, 22, 7], [23, 15, 24, 14], [1, 10, 2, 11], [3, 8, 4, 9], [5, 22, 6, 23], [7, 20, 8, 21], [9, 2, 10, 3]]"
12a_0827_120,"[[10, 3, 11, 4], [12, 18, 13, 17], [14, 20, 15, 19], [16, 2, 17, 1], [18, 14, 19, 13], [20, 5, 21, 6], [22, 7, 23, 8], [24, 16, 1, 15], [2, 11, 3, 12], [4, 9, 5, 10], [6, 23, 7, 24], [8, 21, 9, 22]]"
12a_0827_121,"[[8, 21, 9, 22], [10, 3, 11, 4], [12, 18, 13, 17], [14, 20, 15, 19], [16, 2, 17, 1], [18, 14, 19, 13], [20, 5, 21, 6], [22, 7, 23, 8], [24, 16, 1, 15], [2, 11, 3, 12], [4, 9, 5, 10], [6, 23, 7, 24]]"
12a_0827_122,"[[6, 23, 7, 24], [8, 21, 9, 22], [10, 3, 11, 4], [12, 18, 13, 17], [14, 20, 15, 19], [16, 2, 17, 1], [18, 14, 19, 13], [20, 5, 21, 6], [22, 7, 23, 8], [24, 16, 1, 15], [2, 11, 3, 12], [4, 9, 5, 10]]"
12a_0827_123,"[[4, 9, 5, 10], [6, 23, 7, 24], [8, 21, 9, 22], [10, 3, 11, 4], [12, 18, 13, 17], [14, 20, 15, 19], [16, 2, 17, 1], [18, 14, 19, 13], [20, 5, 21, 6], [22, 7, 23, 8], [24, 16, 1, 15], [2, 11, 3, 12]]"
12a_0827_124,"[[2, 11, 3, 12], [4, 9, 5, 10], [6, 23, 7, 24], [8, 21, 9, 22], [10, 3, 11, 4], [12, 18, 13, 17], [14, 20, 15, 19], [16, 2, 17, 1], [18, 14, 19, 13], [20, 5, 21, 6], [22, 7, 23, 8], [24, 16, 1, 15]]"
12a_0827_125,"[[24, 16, 1, 15], [2, 11, 3, 12], [4, 9, 5, 10], [6, 23, 7, 24], [8, 21, 9, 22], [10, 3, 11, 4], [12, 18, 13, 17], [14, 20, 15, 19], [16, 2, 17, 1], [18, 14, 19, 13], [20, 5, 21, 6], [22, 7, 23, 8]]"
12a_0827_126,"[[22, 7, 23, 8], [24, 16, 1, 15], [2, 11, 3, 12], [4, 9, 5, 10], [6, 23, 7, 24], [8, 21, 9, 22], [10, 3, 11, 4], [12, 18, 13, 17], [14, 20, 15, 19], [16, 2, 17, 1], [18, 14, 19, 13], [20, 5, 21, 6]]"
12a_0827_127,"[[20, 5, 21, 6], [22, 7, 23, 8], [24, 16, 1, 15], [2, 11, 3, 12], [4, 9, 5, 10], [6, 23, 7, 24], [8, 21, 9, 22], [10, 3, 11, 4], [12, 18, 13, 17], [14, 20, 15, 19], [16, 2, 17, 1], [18, 14, 19, 13]]"
12a_0827_128,"[[18, 14, 19, 13], [20, 5, 21, 6], [22, 7, 23, 8], [24, 16, 1, 15], [2, 11, 3, 12], [4, 9, 5, 10], [6, 23, 7, 24], [8, 21, 9, 22], [10, 3, 11, 4], [12, 18, 13, 17], [14, 20, 15, 19], [16, 2, 17, 1]]"
12a_0827_129,"[[16, 2, 17, 1], [18, 14, 19, 13], [20, 5, 21, 6], [22, 7, 23, 8], [24, 16, 1, 15], [2, 11, 3, 12], [4, 9, 5, 10], [6, 23, 7, 24], [8, 21, 9, 22], [10, 3, 11, 4], [12, 18, 13, 17], [14, 20, 15, 19]]"
12a_0827_130,"[[14, 20, 15, 19], [16, 2, 17, 1], [18, 14, 19, 13], [20, 5, 21, 6], [22, 7, 23, 8], [24, 16, 1, 15], [2, 11, 3, 12], [4, 9, 5, 10], [6, 23, 7, 24], [8, 21, 9, 22], [10, 3, 11, 4], [12, 18, 13, 17]]"
12a_0827_131,"[[12, 18, 13, 17], [14, 20, 15, 19], [16, 2, 17, 1], [18, 14, 19, 13], [20, 5, 21, 6], [22, 7, 23, 8], [24, 16, 1, 15], [2, 11, 3, 12], [4, 9, 5, 10], [6, 23, 7, 24], [8, 21, 9, 22], [10, 3, 11, 4]]"
12a_0827_132,"[[11, 4, 12, 5], [13, 19, 14, 18], [15, 21, 16, 20], [17, 3, 18, 2], [19, 15, 20, 14], [21, 6, 22, 7], [23, 8, 24, 9], [1, 17, 2, 16], [3, 12, 4, 13], [5, 10, 6, 11], [7, 24, 8, 1], [9, 22, 10, 23]]"
12a_0827_133,"[[9, 22, 10, 23], [11, 4, 12, 5], [13, 19, 14, 18], [15, 21, 16, 20], [17, 3, 18, 2], [19, 15, 20, 14], [21, 6, 22, 7], [23, 8, 24, 9], [1, 17, 2, 16], [3, 12, 4, 13], [5, 10, 6, 11], [7, 24, 8, 1]]"
12a_0827_134,"[[7, 24, 8, 1], [9, 22, 10, 23], [11, 4, 12, 5], [13, 19, 14, 18], [15, 21, 16, 20], [17, 3, 18, 2], [19, 15, 20, 14], [21, 6, 22, 7], [23, 8, 24, 9], [1, 17, 2, 16], [3, 12, 4, 13], [5, 10, 6, 11]]"
12a_0827_135,"[[5, 10, 6, 11], [7, 24, 8, 1], [9, 22, 10, 23], [11, 4, 12, 5], [13, 19, 14, 18], [15, 21, 16, 20], [17, 3, 18, 2], [19, 15, 20, 14], [21, 6, 22, 7], [23, 8, 24, 9], [1, 17, 2, 16], [3, 12, 4, 13]]"
12a_0827_136,"[[3, 12, 4, 13], [5, 10, 6, 11], [7, 24, 8, 1], [9, 22, 10, 23], [11, 4, 12, 5], [13, 19, 14, 18], [15, 21, 16, 20], [17, 3, 18, 2], [19, 15, 20, 14], [21, 6, 22, 7], [23, 8, 24, 9], [1, 17, 2, 16]]"
12a_0827_137,"[[1, 17, 2, 16], [3, 12, 4, 13], [5, 10, 6, 11], [7, 24, 8, 1], [9, 22, 10, 23], [11, 4, 12, 5], [13, 19, 14, 18], [15, 21, 16, 20], [17, 3, 18, 2], [19, 15, 20, 14], [21, 6, 22, 7], [23, 8, 24, 9]]"
12a_0827_138,"[[23, 8, 24, 9], [1, 17, 2, 16], [3, 12, 4, 13], [5, 10, 6, 11], [7, 24, 8, 1], [9, 22, 10, 23], [11, 4, 12, 5], [13, 19, 14, 18], [15, 21, 16, 20], [17, 3, 18, 2], [19, 15, 20, 14], [21, 6, 22, 7]]"
12a_0827_139,"[[21, 6, 22, 7], [23, 8, 24, 9], [1, 17, 2, 16], [3, 12, 4, 13], [5, 10, 6, 11], [7, 24, 8, 1], [9, 22, 10, 23], [11, 4, 12, 5], [13, 19, 14, 18], [15, 21, 16, 20], [17, 3, 18, 2], [19, 15, 20, 14]]"
12a_0827_140,"[[19, 15, 20, 14], [21, 6, 22, 7], [23, 8, 24, 9], [1, 17, 2, 16], [3, 12, 4, 13], [5, 10, 6, 11], [7, 24, 8, 1], [9, 22, 10, 23], [11, 4, 12, 5], [13, 19, 14, 18], [15, 21, 16, 20], [17, 3, 18, 2]]"
12a_0827_141,"[[17, 3, 18, 2], [19, 15, 20, 14], [21, 6, 22, 7], [23, 8, 24, 9], [1, 17, 2, 16], [3, 12, 4, 13], [5, 10, 6, 11], [7, 24, 8, 1], [9, 22, 10, 23], [11, 4, 12, 5], [13, 19, 14, 18], [15, 21, 16, 20]]"
12a_0827_142,"[[15, 21, 16, 20], [17, 3, 18, 2], [19, 15, 20, 14], [21, 6, 22, 7], [23, 8, 24, 9], [1, 17, 2, 16], [3, 12, 4, 13], [5, 10, 6, 11], [7, 24, 8, 1], [9, 22, 10, 23], [11, 4, 12, 5], [13, 19, 14, 18]]"
12a_0827_143,"[[13, 19, 14, 18], [15, 21, 16, 20], [17, 3, 18, 2], [19, 15, 20, 14], [21, 6, 22, 7], [23, 8, 24, 9], [1, 17, 2, 16], [3, 12, 4, 13], [5, 10, 6, 11], [7, 24, 8, 1], [9, 22, 10, 23], [11, 4, 12, 5]]"
12a_0827_144,"[[12, 5, 13, 6], [14, 20, 15, 19], [16, 22, 17, 21], [18, 4, 19, 3], [20, 16, 21, 15], [22, 7, 23, 8], [24, 9, 1, 10], [2, 18, 3, 17], [4, 13, 5, 14], [6, 11, 7, 12], [8, 1, 9, 2], [10, 23, 11, 24]]"
12a_0827_145,"[[10, 23, 11, 24], [12, 5, 13, 6], [14, 20, 15, 19], [16, 22, 17, 21], [18, 4, 19, 3], [20, 16, 21, 15], [22, 7, 23, 8], [24, 9, 1, 10], [2, 18, 3, 17], [4, 13, 5, 14], [6, 11, 7, 12], [8, 1, 9, 2]]"
12a_0827_146,"[[8, 1, 9, 2], [10, 23, 11, 24], [12, 5, 13, 6], [14, 20, 15, 19], [16, 22, 17, 21], [18, 4, 19, 3], [20, 16, 21, 15], [22, 7, 23, 8], [24, 9, 1, 10], [2, 18, 3, 17], [4, 13, 5, 14], [6, 11, 7, 12]]"
12a_0827_147,"[[6, 11, 7, 12], [8, 1, 9, 2], [10, 23, 11, 24], [12, 5, 13, 6], [14, 20, 15, 19], [16, 22, 17, 21], [18, 4, 19, 3], [20, 16, 21, 15], [22, 7, 23, 8], [24, 9, 1, 10], [2, 18, 3, 17], [4, 13, 5, 14]]"
12a_0827_148,"[[4, 13, 5, 14], [6, 11, 7, 12], [8, 1, 9, 2], [10, 23, 11, 24], [12, 5, 13, 6], [14, 20, 15, 19], [16, 22, 17, 21], [18, 4, 19, 3], [20, 16, 21, 15], [22, 7, 23, 8], [24, 9, 1, 10], [2, 18, 3, 17]]"
12a_0827_149,"[[2, 18, 3, 17], [4, 13, 5, 14], [6, 11, 7, 12], [8, 1, 9, 2], [10, 23, 11, 24], [12, 5, 13, 6], [14, 20, 15, 19], [16, 22, 17, 21], [18, 4, 19, 3], [20, 16, 21, 15], [22, 7, 23, 8], [24, 9, 1, 10]]"
12a_0827_150,"[[24, 9, 1, 10], [2, 18, 3, 17], [4, 13, 5, 14], [6, 11, 7, 12], [8, 1, 9, 2], [10, 23, 11, 24], [12, 5, 13, 6], [14, 20, 15, 19], [16, 22, 17, 21], [18, 4, 19, 3], [20, 16, 21, 15], [22, 7, 23, 8]]"
12a_0827_151,"[[22, 7, 23, 8], [24, 9, 1, 10], [2, 18, 3, 17], [4, 13, 5, 14], [6, 11, 7, 12], [8, 1, 9, 2], [10, 23, 11, 24], [12, 5, 13, 6], [14, 20, 15, 19], [16, 22, 17, 21], [18, 4, 19, 3], [20, 16, 21, 15]]"
12a_0827_152,"[[20, 16, 21, 15], [22, 7, 23, 8], [24, 9, 1, 10], [2, 18, 3, 17], [4, 13, 5, 14], [6, 11, 7, 12], [8, 1, 9, 2], [10, 23, 11, 24], [12, 5, 13, 6], [14, 20, 15, 19], [16, 22, 17, 21], [18, 4, 19, 3]]"
12a_0827_153,"[[18, 4, 19, 3], [20, 16, 21, 15], [22, 7, 23, 8], [24, 9, 1, 10], [2, 18, 3, 17], [4, 13, 5, 14], [6, 11, 7, 12], [8, 1, 9, 2], [10, 23, 11, 24], [12, 5, 13, 6], [14, 20, 15, 19], [16, 22, 17, 21]]"
12a_0827_154,"[[16, 22, 17, 21], [18, 4, 19, 3], [20, 16, 21, 15], [22, 7, 23, 8], [24, 9, 1, 10], [2, 18, 3, 17], [4, 13, 5, 14], [6, 11, 7, 12], [8, 1, 9, 2], [10, 23, 11, 24], [12, 5, 13, 6], [14, 20, 15, 19]]"
12a_0827_155,"[[14, 20, 15, 19], [16, 22, 17, 21], [18, 4, 19, 3], [20, 16, 21, 15], [22, 7, 23, 8], [24, 9, 1, 10], [2, 18, 3, 17], [4, 13, 5, 14], [6, 11, 7, 12], [8, 1, 9, 2], [10, 23, 11, 24], [12, 5, 13, 6]]"
12a_0827_156,"[[13, 6, 14, 7], [15, 21, 16, 20], [17, 23, 18, 22], [19, 5, 20, 4], [21, 17, 22, 16], [23, 8, 24, 9], [1, 10, 2, 11], [3, 19, 4, 18], [5, 14, 6, 15], [7, 12, 8, 13], [9, 2, 10, 3], [11, 24, 12, 1]]"
12a_0827_157,"[[11, 24, 12, 1], [13, 6, 14, 7], [15, 21, 16, 20], [17, 23, 18, 22], [19, 5, 20, 4], [21, 17, 22, 16], [23, 8, 24, 9], [1, 10, 2, 11], [3, 19, 4, 18], [5, 14, 6, 15], [7, 12, 8, 13], [9, 2, 10, 3]]"
12a_0827_158,"[[9, 2, 10, 3], [11, 24, 12, 1], [13, 6, 14, 7], [15, 21, 16, 20], [17, 23, 18, 22], [19, 5, 20, 4], [21, 17, 22, 16], [23, 8, 24, 9], [1, 10, 2, 11], [3, 19, 4, 18], [5, 14, 6, 15], [7, 12, 8, 13]]"
12a_0827_159,"[[7, 12, 8, 13], [9, 2, 10, 3], [11, 24, 12, 1], [13, 6, 14, 7], [15, 21, 16, 20], [17, 23, 18, 22], [19, 5, 20, 4], [21, 17, 22, 16], [23, 8, 24, 9], [1, 10, 2, 11], [3, 19, 4, 18], [5, 14, 6, 15]]"
12a_0827_160,"[[5, 14, 6, 15], [7, 12, 8, 13], [9, 2, 10, 3], [11, 24, 12, 1], [13, 6, 14, 7], [15, 21, 16, 20], [17, 23, 18, 22], [19, 5, 20, 4], [21, 17, 22, 16], [23, 8, 24, 9], [1, 10, 2, 11], [3, 19, 4, 18]]"
12a_0827_161,"[[3, 19, 4, 18], [5, 14, 6, 15], [7, 12, 8, 13], [9, 2, 10, 3], [11, 24, 12, 1], [13, 6, 14, 7], [15, 21, 16, 20], [17, 23, 18, 22], [19, 5, 20, 4], [21, 17, 22, 16], [23, 8, 24, 9], [1, 10, 2, 11]]"
12a_0827_162,"[[1, 10, 2, 11], [3, 19, 4, 18], [5, 14, 6, 15], [7, 12, 8, 13], [9, 2, 10, 3], [11, 24, 12, 1], [13, 6, 14, 7], [15, 21, 16, 20], [17, 23, 18, 22], [19, 5, 20, 4], [21, 17, 22, 16], [23, 8, 24, 9]]"
12a_0827_163,"[[23, 8, 24, 9], [1, 10, 2, 11], [3, 19, 4, 18], [5, 14, 6, 15], [7, 12, 8, 13], [9, 2, 10, 3], [11, 24, 12, 1], [13, 6, 14, 7], [15, 21, 16, 20], [17, 23, 18, 22], [19, 5, 20, 4], [21, 17, 22, 16]]"
12a_0827_164,"[[21, 17, 22, 16], [23, 8, 24, 9], [1, 10, 2, 11], [3, 19, 4, 18], [5, 14, 6, 15], [7, 12, 8, 13], [9, 2, 10, 3], [11, 24, 12, 1], [13, 6, 14, 7], [15, 21, 16, 20], [17, 23, 18, 22], [19, 5, 20, 4]]"
12a_0827_165,"[[19, 5, 20, 4], [21, 17, 22, 16], [23, 8, 24, 9], [1, 10, 2, 11], [3, 19, 4, 18], [5, 14, 6, 15], [7, 12, 8, 13], [9, 2, 10, 3], [11, 24, 12, 1], [13, 6, 14, 7], [15, 21, 16, 20], [17, 23, 18, 22]]"
12a_0827_166,"[[17, 23, 18, 22], [19, 5, 20, 4], [21, 17, 22, 16], [23, 8, 24, 9], [1, 10, 2, 11], [3, 19, 4, 18], [5, 14, 6, 15], [7, 12, 8, 13], [9, 2, 10, 3], [11, 24, 12, 1], [13, 6, 14, 7], [15, 21, 16, 20]]"
12a_0827_167,"[[15, 21, 16, 20], [17, 23, 18, 22], [19, 5, 20, 4], [21, 17, 22, 16], [23, 8, 24, 9], [1, 10, 2, 11], [3, 19, 4, 18], [5, 14, 6, 15], [7, 12, 8, 13], [9, 2, 10, 3], [11, 24, 12, 1], [13, 6, 14, 7]]"
12a_0827_168,"[[14, 7, 15, 8], [16, 22, 17, 21], [18, 24, 19, 23], [20, 6, 21, 5], [22, 18, 23, 17], [24, 9, 1, 10], [2, 11, 3, 12], [4, 20, 5, 19], [6, 15, 7, 16], [8, 13, 9, 14], [10, 3, 11, 4], [12, 1, 13, 2]]"
12a_0827_169,"[[12, 1, 13, 2], [14, 7, 15, 8], [16, 22, 17, 21], [18, 24, 19, 23], [20, 6, 21, 5], [22, 18, 23, 17], [24, 9, 1, 10], [2, 11, 3, 12], [4, 20, 5, 19], [6, 15, 7, 16], [8, 13, 9, 14], [10, 3, 11, 4]]"
12a_0827_170,"[[10, 3, 11, 4], [12, 1, 13, 2], [14, 7, 15, 8], [16, 22, 17, 21], [18, 24, 19, 23], [20, 6, 21, 5], [22, 18, 23, 17], [24, 9, 1, 10], [2, 11, 3, 12], [4, 20, 5, 19], [6, 15, 7, 16], [8, 13, 9, 14]]"
12a_0827_171,"[[8, 13, 9, 14], [10, 3, 11, 4], [12, 1, 13, 2], [14, 7, 15, 8], [16, 22, 17, 21], [18, 24, 19, 23], [20, 6, 21, 5], [22, 18, 23, 17], [24, 9, 1, 10], [2, 11, 3, 12], [4, 20, 5, 19], [6, 15, 7, 16]]"
12a_0827_172,"[[6, 15, 7, 16], [8, 13, 9, 14], [10, 3, 11, 4], [12, 1, 13, 2], [14, 7, 15, 8], [16, 22, 17, 21], [18, 24, 19, 23], [20, 6, 21, 5], [22, 18, 23, 17], [24, 9, 1, 10], [2, 11, 3, 12], [4, 20, 5, 19]]"
12a_0827_173,"[[4, 20, 5, 19], [6, 15, 7, 16], [8, 13, 9, 14], [10, 3, 11, 4], [12, 1, 13, 2], [14, 7, 15, 8], [16, 22, 17, 21], [18, 24, 19, 23], [20, 6, 21, 5], [22, 18, 23, 17], [24, 9, 1, 10], [2, 11, 3, 12]]"
12a_0827_174,"[[2, 11, 3, 12], [4, 20, 5, 19], [6, 15, 7, 16], [8, 13, 9, 14], [10, 3, 11, 4], [12, 1, 13, 2], [14, 7, 15, 8], [16, 22, 17, 21], [18, 24, 19, 23], [20, 6, 21, 5], [22, 18, 23, 17], [24, 9, 1, 10]]"
12a_0827_175,"[[24, 9, 1, 10], [2, 11, 3, 12], [4, 20, 5, 19], [6, 15, 7, 16], [8, 13, 9, 14], [10, 3, 11, 4], [12, 1, 13, 2], [14, 7, 15, 8], [16, 22, 17, 21], [18, 24, 19, 23], [20, 6, 21, 5], [22, 18, 23, 17]]"
12a_0827_176,"[[22, 18, 23, 17], [24, 9, 1, 10], [2, 11, 3, 12], [4, 20, 5, 19], [6, 15, 7, 16], [8, 13, 9, 14], [10, 3, 11, 4], [12, 1, 13, 2], [14, 7, 15, 8], [16, 22, 17, 21], [18, 24, 19, 23], [20, 6, 21, 5]]"
12a_0827_177,"[[20, 6, 21, 5], [22, 18, 23, 17], [24, 9, 1, 10], [2, 11, 3, 12], [4, 20, 5, 19], [6, 15, 7, 16], [8, 13, 9, 14], [10, 3, 11, 4], [12, 1, 13, 2], [14, 7, 15, 8], [16, 22, 17, 21], [18, 24, 19, 23]]"
12a_0827_178,"[[18, 24, 19, 23], [20, 6, 21, 5], [22, 18, 23, 17], [24, 9, 1, 10], [2, 11, 3, 12], [4, 20, 5, 19], [6, 15, 7, 16], [8, 13, 9, 14], [10, 3, 11, 4], [12, 1, 13, 2], [14, 7, 15, 8], [16, 22, 17, 21]]"
12a_0827_179,"[[16, 22, 17, 21], [18, 24, 19, 23], [20, 6, 21, 5], [22, 18, 23, 17], [24, 9, 1, 10], [2, 11, 3, 12], [4, 20, 5, 19], [6, 15, 7, 16], [8, 13, 9, 14], [10, 3, 11, 4], [12, 1, 13, 2], [14, 7, 15, 8]]"
12a_0827_180,"[[15, 8, 16, 9], [17, 23, 18, 22], [19, 1, 20, 24], [21, 7, 22, 6], [23, 19, 24, 18], [1, 10, 2, 11], [3, 12, 4, 13], [5, 21, 6, 20], [7, 16, 8, 17], [9, 14, 10, 15], [11, 4, 12, 5], [13, 2, 14, 3]]"
12a_0827_181,"[[13, 2, 14, 3], [15, 8, 16, 9], [17, 23, 18, 22], [19, 1, 20, 24], [21, 7, 22, 6], [23, 19, 24, 18], [1, 10, 2, 11], [3, 12, 4, 13], [5, 21, 6, 20], [7, 16, 8, 17], [9, 14, 10, 15], [11, 4, 12, 5]]"
12a_0827_182,"[[11, 4, 12, 5], [13, 2, 14, 3], [15, 8, 16, 9], [17, 23, 18, 22], [19, 1, 20, 24], [21, 7, 22, 6], [23, 19, 24, 18], [1, 10, 2, 11], [3, 12, 4, 13], [5, 21, 6, 20], [7, 16, 8, 17], [9, 14, 10, 15]]"
12a_0827_183,"[[9, 14, 10, 15], [11, 4, 12, 5], [13, 2, 14, 3], [15, 8, 16, 9], [17, 23, 18, 22], [19, 1, 20, 24], [21, 7, 22, 6], [23, 19, 24, 18], [1, 10, 2, 11], [3, 12, 4, 13], [5, 21, 6, 20], [7, 16, 8, 17]]"
12a_0827_184,"[[7, 16, 8, 17], [9, 14, 10, 15], [11, 4, 12, 5], [13, 2, 14, 3], [15, 8, 16, 9], [17, 23, 18, 22], [19, 1, 20, 24], [21, 7, 22, 6], [23, 19, 24, 18], [1, 10, 2, 11], [3, 12, 4, 13], [5, 21, 6, 20]]"
12a_0827_185,"[[5, 21, 6, 20], [7, 16, 8, 17], [9, 14, 10, 15], [11, 4, 12, 5], [13, 2, 14, 3], [15, 8, 16, 9], [17, 23, 18, 22], [19, 1, 20, 24], [21, 7, 22, 6], [23, 19, 24, 18], [1, 10, 2, 11], [3, 12, 4, 13]]"
