name,pd_notation
12a_0331_0,"[[24, 19, 1, 20], [2, 6, 3, 5], [4, 11, 5, 12], [6, 15, 7, 16], [8, 21, 9, 22], [10, 18, 11, 17], [12, 3, 13, 4], [14, 7, 15, 8], [16, 14, 17, 13], [18, 23, 19, 24], [20, 1, 21, 2], [22, 9, 23, 10]]"
12a_0331_1,"[[22, 9, 23, 10], [24, 19, 1, 20], [2, 6, 3, 5], [4, 11, 5, 12], [6, 15, 7, 16], [8, 21, 9, 22], [10, 18, 11, 17], [12, 3, 13, 4], [14, 7, 15, 8], [16, 14, 17, 13], [18, 23, 19, 24], [20, 1, 21, 2]]"
12a_0331_2,"[[20, 1, 21, 2], [22, 9, 23, 10], [24, 19, 1, 20], [2, 6, 3, 5], [4, 11, 5, 12], [6, 15, 7, 16], [8, 21, 9, 22], [10, 18, 11, 17], [12, 3, 13, 4], [14, 7, 15, 8], [16, 14, 17, 13], [18, 23, 19, 24]]"
12a_0331_3,"[[18, 23, 19, 24], [20, 1, 21, 2], [22, 9, 23, 10], [24, 19, 1, 20], [2, 6, 3, 5], [4, 11, 5, 12], [6, 15, 7, 16], [8, 21, 9, 22], [10, 18, 11, 17], [12, 3, 13, 4], [14, 7, 15, 8], [16, 14, 17, 13]]"
12a_0331_4,"[[16, 14, 17, 13], [18, 23, 19, 24], [20, 1, 21, 2], [22, 9, 23, 10], [24, 19, 1, 20], [2, 6, 3, 5], [4, 11, 5, 12], [6, 15, 7, 16], [8, 21, 9, 22], [10, 18, 11, 17], [12, 3, 13, 4], [14, 7, 15, 8]]"
12a_0331_5,"[[14, 7, 15, 8], [16, 14, 17, 13], [18, 23, 19, 24], [20, 1, 21, 2], [22, 9, 23, 10], [24, 19, 1, 20], [2, 6, 3, 5], [4, 11, 5, 12], [6, 15, 7, 16], [8, 21, 9, 22], [10, 18, 11, 17], [12, 3, 13, 4]]"
12a_0331_6,"[[12, 3, 13, 4], [14, 7, 15, 8], [16, 14, 17, 13], [18, 23, 19, 24], [20, 1, 21, 2], [22, 9, 23, 10], [24, 19, 1, 20], [2, 6, 3, 5], [4, 11, 5, 12], [6, 15, 7, 16], [8, 21, 9, 22], [10, 18, 11, 17]]"
12a_0331_7,"[[10, 18, 11, 17], [12, 3, 13, 4], [14, 7, 15, 8], [16, 14, 17, 13], [18, 23, 19, 24], [20, 1, 21, 2], [22, 9, 23, 10], [24, 19, 1, 20], [2, 6, 3, 5], [4, 11, 5, 12], [6, 15, 7, 16], [8, 21, 9, 22]]"
12a_0331_8,"[[8, 21, 9, 22], [10, 18, 11, 17], [12, 3, 13, 4], [14, 7, 15, 8], [16, 14, 17, 13], [18, 23, 19, 24], [20, 1, 21, 2], [22, 9, 23, 10], [24, 19, 1, 20], [2, 6, 3, 5], [4, 11, 5, 12], [6, 15, 7, 16]]"
12a_0331_9,"[[6, 15, 7, 16], [8, 21, 9, 22], [10, 18, 11, 17], [12, 3, 13, 4], [14, 7, 15, 8], [16, 14, 17, 13], [18, 23, 19, 24], [20, 1, 21, 2], [22, 9, 23, 10], [24, 19, 1, 20], [2, 6, 3, 5], [4, 11, 5, 12]]"
12a_0331_10,"[[4, 11, 5, 12], [6, 15, 7, 16], [8, 21, 9, 22], [10, 18, 11, 17], [12, 3, 13, 4], [14, 7, 15, 8], [16, 14, 17, 13], [18, 23, 19, 24], [20, 1, 21, 2], [22, 9, 23, 10], [24, 19, 1, 20], [2, 6, 3, 5]]"
12a_0331_11,"[[2, 6, 3, 5], [4, 11, 5, 12], [6, 15, 7, 16], [8, 21, 9, 22], [10, 18, 11, 17], [12, 3, 13, 4], [14, 7, 15, 8], [16, 14, 17, 13], [18, 23, 19, 24], [20, 1, 21, 2], [22, 9, 23, 10], [24, 19, 1, 20]]"
12a_0331_12,"[[1, 20, 2, 21], [3, 7, 4, 6], [5, 12, 6, 13], [7, 16, 8, 17], [9, 22, 10, 23], [11, 19, 12, 18], [13, 4, 14, 5], [15, 8, 16, 9], [17, 15, 18, 14], [19, 24, 20, 1], [21, 2, 22, 3], [23, 10, 24, 11]]"
12a_0331_13,"[[23, 10, 24, 11], [1, 20, 2, 21], [3, 7, 4, 6], [5, 12, 6, 13], [7, 16, 8, 17], [9, 22, 10, 23], [11, 19, 12, 18], [13, 4, 14, 5], [15, 8, 16, 9], [17, 15, 18, 14], [19, 24, 20, 1], [21, 2, 22, 3]]"
12a_0331_14,"[[21, 2, 22, 3], [23, 10, 24, 11], [1, 20, 2, 21], [3, 7, 4, 6], [5, 12, 6, 13], [7, 16, 8, 17], [9, 22, 10, 23], [11, 19, 12, 18], [13, 4, 14, 5], [15, 8, 16, 9], [17, 15, 18, 14], [19, 24, 20, 1]]"
12a_0331_15,"[[19, 24, 20, 1], [21, 2, 22, 3], [23, 10, 24, 11], [1, 20, 2, 21], [3, 7, 4, 6], [5, 12, 6, 13], [7, 16, 8, 17], [9, 22, 10, 23], [11, 19, 12, 18], [13, 4, 14, 5], [15, 8, 16, 9], [17, 15, 18, 14]]"
12a_0331_16,"[[17, 15, 18, 14], [19, 24, 20, 1], [21, 2, 22, 3], [23, 10, 24, 11], [1, 20, 2, 21], [3, 7, 4, 6], [5, 12, 6, 13], [7, 16, 8, 17], [9, 22, 10, 23], [11, 19, 12, 18], [13, 4, 14, 5], [15, 8, 16, 9]]"
12a_0331_17,"[[15, 8, 16, 9], [17, 15, 18, 14], [19, 24, 20, 1], [21, 2, 22, 3], [23, 10, 24, 11], [1, 20, 2, 21], [3, 7, 4, 6], [5, 12, 6, 13], [7, 16, 8, 17], [9, 22, 10, 23], [11, 19, 12, 18], [13, 4, 14, 5]]"
12a_0331_18,"[[13, 4, 14, 5], [15, 8, 16, 9], [17, 15, 18, 14], [19, 24, 20, 1], [21, 2, 22, 3], [23, 10, 24, 11], [1, 20, 2, 21], [3, 7, 4, 6], [5, 12, 6, 13], [7, 16, 8, 17], [9, 22, 10, 23], [11, 19, 12, 18]]"
12a_0331_19,"[[11, 19, 12, 18], [13, 4, 14, 5], [15, 8, 16, 9], [17, 15, 18, 14], [19, 24, 20, 1], [21, 2, 22, 3], [23, 10, 24, 11], [1, 20, 2, 21], [3, 7, 4, 6], [5, 12, 6, 13], [7, 16, 8, 17], [9, 22, 10, 23]]"
12a_0331_20,"[[9, 22, 10, 23], [11, 19, 12, 18], [13, 4, 14, 5], [15, 8, 16, 9], [17, 15, 18, 14], [19, 24, 20, 1], [21, 2, 22, 3], [23, 10, 24, 11], [1, 20, 2, 21], [3, 7, 4, 6], [5, 12, 6, 13], [7, 16, 8, 17]]"
12a_0331_21,"[[7, 16, 8, 17], [9, 22, 10, 23], [11, 19, 12, 18], [13, 4, 14, 5], [15, 8, 16, 9], [17, 15, 18, 14], [19, 24, 20, 1], [21, 2, 22, 3], [23, 10, 24, 11], [1, 20, 2, 21], [3, 7, 4, 6], [5, 12, 6, 13]]"
12a_0331_22,"[[5, 12, 6, 13], [7, 16, 8, 17], [9, 22, 10, 23], [11, 19, 12, 18], [13, 4, 14, 5], [15, 8, 16, 9], [17, 15, 18, 14], [19, 24, 20, 1], [21, 2, 22, 3], [23, 10, 24, 11], [1, 20, 2, 21], [3, 7, 4, 6]]"
12a_0331_23,"[[3, 7, 4, 6], [5, 12, 6, 13], [7, 16, 8, 17], [9, 22, 10, 23], [11, 19, 12, 18], [13, 4, 14, 5], [15, 8, 16, 9], [17, 15, 18, 14], [19, 24, 20, 1], [21, 2, 22, 3], [23, 10, 24, 11], [1, 20, 2, 21]]"
12a_0331_24,"[[2, 21, 3, 22], [4, 8, 5, 7], [6, 13, 7, 14], [8, 17, 9, 18], [10, 23, 11, 24], [12, 20, 13, 19], [14, 5, 15, 6], [16, 9, 17, 10], [18, 16, 19, 15], [20, 1, 21, 2], [22, 3, 23, 4], [24, 11, 1, 12]]"
12a_0331_25,"[[24, 11, 1, 12], [2, 21, 3, 22], [4, 8, 5, 7], [6, 13, 7, 14], [8, 17, 9, 18], [10, 23, 11, 24], [12, 20, 13, 19], [14, 5, 15, 6], [16, 9, 17, 10], [18, 16, 19, 15], [20, 1, 21, 2], [22, 3, 23, 4]]"
12a_0331_26,"[[22, 3, 23, 4], [24, 11, 1, 12], [2, 21, 3, 22], [4, 8, 5, 7], [6, 13, 7, 14], [8, 17, 9, 18], [10, 23, 11, 24], [12, 20, 13, 19], [14, 5, 15, 6], [16, 9, 17, 10], [18, 16, 19, 15], [20, 1, 21, 2]]"
12a_0331_27,"[[20, 1, 21, 2], [22, 3, 23, 4], [24, 11, 1, 12], [2, 21, 3, 22], [4, 8, 5, 7], [6, 13, 7, 14], [8, 17, 9, 18], [10, 23, 11, 24], [12, 20, 13, 19], [14, 5, 15, 6], [16, 9, 17, 10], [18, 16, 19, 15]]"
12a_0331_28,"[[18, 16, 19, 15], [20, 1, 21, 2], [22, 3, 23, 4], [24, 11, 1, 12], [2, 21, 3, 22], [4, 8, 5, 7], [6, 13, 7, 14], [8, 17, 9, 18], [10, 23, 11, 24], [12, 20, 13, 19], [14, 5, 15, 6], [16, 9, 17, 10]]"
12a_0331_29,"[[16, 9, 17, 10], [18, 16, 19, 15], [20, 1, 21, 2], [22, 3, 23, 4], [24, 11, 1, 12], [2, 21, 3, 22], [4, 8, 5, 7], [6, 13, 7, 14], [8, 17, 9, 18], [10, 23, 11, 24], [12, 20, 13, 19], [14, 5, 15, 6]]"
12a_0331_30,"[[14, 5, 15, 6], [16, 9, 17, 10], [18, 16, 19, 15], [20, 1, 21, 2], [22, 3, 23, 4], [24, 11, 1, 12], [2, 21, 3, 22], [4, 8, 5, 7], [6, 13, 7, 14], [8, 17, 9, 18], [10, 23, 11, 24], [12, 20, 13, 19]]"
12a_0331_31,"[[12, 20, 13, 19], [14, 5, 15, 6], [16, 9, 17, 10], [18, 16, 19, 15], [20, 1, 21, 2], [22, 3, 23, 4], [24, 11, 1, 12], [2, 21, 3, 22], [4, 8, 5, 7], [6, 13, 7, 14], [8, 17, 9, 18], [10, 23, 11, 24]]"
12a_0331_32,"[[10, 23, 11, 24], [12, 20, 13, 19], [14, 5, 15, 6], [16, 9, 17, 10], [18, 16, 19, 15], [20, 1, 21, 2], [22, 3, 23, 4], [24, 11, 1, 12], [2, 21, 3, 22], [4, 8, 5, 7], [6, 13, 7, 14], [8, 17, 9, 18]]"
12a_0331_33,"[[8, 17, 9, 18], [10, 23, 11, 24], [12, 20, 13, 19], [14, 5, 15, 6], [16, 9, 17, 10], [18, 16, 19, 15], [20, 1, 21, 2], [22, 3, 23, 4], [24, 11, 1, 12], [2, 21, 3, 22], [4, 8, 5, 7], [6, 13, 7, 14]]"
12a_0331_34,"[[6, 13, 7, 14], [8, 17, 9, 18], [10, 23, 11, 24], [12, 20, 13, 19], [14, 5, 15, 6], [16, 9, 17, 10], [18, 16, 19, 15], [20, 1, 21, 2], [22, 3, 23, 4], [24, 11, 1, 12], [2, 21, 3, 22], [4, 8, 5, 7]]"
12a_0331_35,"[[4, 8, 5, 7], [6, 13, 7, 14], [8, 17, 9, 18], [10, 23, 11, 24], [12, 20, 13, 19], [14, 5, 15, 6], [16, 9, 17, 10], [18, 16, 19, 15], [20, 1, 21, 2], [22, 3, 23, 4], [24, 11, 1, 12], [2, 21, 3, 22]]"
12a_0331_36,"[[3, 22, 4, 23], [5, 9, 6, 8], [7, 14, 8, 15], [9, 18, 10, 19], [11, 24, 12, 1], [13, 21, 14, 20], [15, 6, 16, 7], [17, 10, 18, 11], [19, 17, 20, 16], [21, 2, 22, 3], [23, 4, 24, 5], [1, 12, 2, 13]]"
12a_0331_37,"[[1, 12, 2, 13], [3, 22, 4, 23], [5, 9, 6, 8], [7, 14, 8, 15], [9, 18, 10, 19], [11, 24, 12, 1], [13, 21, 14, 20], [15, 6, 16, 7], [17, 10, 18, 11], [19, 17, 20, 16], [21, 2, 22, 3], [23, 4, 24, 5]]"
12a_0331_38,"[[23, 4, 24, 5], [1, 12, 2, 13], [3, 22, 4, 23], [5, 9, 6, 8], [7, 14, 8, 15], [9, 18, 10, 19], [11, 24, 12, 1], [13, 21, 14, 20], [15, 6, 16, 7], [17, 10, 18, 11], [19, 17, 20, 16], [21, 2, 22, 3]]"
12a_0331_39,"[[21, 2, 22, 3], [23, 4, 24, 5], [1, 12, 2, 13], [3, 22, 4, 23], [5, 9, 6, 8], [7, 14, 8, 15], [9, 18, 10, 19], [11, 24, 12, 1], [13, 21, 14, 20], [15, 6, 16, 7], [17, 10, 18, 11], [19, 17, 20, 16]]"
12a_0331_40,"[[19, 17, 20, 16], [21, 2, 22, 3], [23, 4, 24, 5], [1, 12, 2, 13], [3, 22, 4, 23], [5, 9, 6, 8], [7, 14, 8, 15], [9, 18, 10, 19], [11, 24, 12, 1], [13, 21, 14, 20], [15, 6, 16, 7], [17, 10, 18, 11]]"
12a_0331_41,"[[17, 10, 18, 11], [19, 17, 20, 16], [21, 2, 22, 3], [23, 4, 24, 5], [1, 12, 2, 13], [3, 22, 4, 23], [5, 9, 6, 8], [7, 14, 8, 15], [9, 18, 10, 19], [11, 24, 12, 1], [13, 21, 14, 20], [15, 6, 16, 7]]"
12a_0331_42,"[[15, 6, 16, 7], [17, 10, 18, 11], [19, 17, 20, 16], [21, 2, 22, 3], [23, 4, 24, 5], [1, 12, 2, 13], [3, 22, 4, 23], [5, 9, 6, 8], [7, 14, 8, 15], [9, 18, 10, 19], [11, 24, 12, 1], [13, 21, 14, 20]]"
12a_0331_43,"[[13, 21, 14, 20], [15, 6, 16, 7], [17, 10, 18, 11], [19, 17, 20, 16], [21, 2, 22, 3], [23, 4, 24, 5], [1, 12, 2, 13], [3, 22, 4, 23], [5, 9, 6, 8], [7, 14, 8, 15], [9, 18, 10, 19], [11, 24, 12, 1]]"
12a_0331_44,"[[11, 24, 12, 1], [13, 21, 14, 20], [15, 6, 16, 7], [17, 10, 18, 11], [19, 17, 20, 16], [21, 2, 22, 3], [23, 4, 24, 5], [1, 12, 2, 13], [3, 22, 4, 23], [5, 9, 6, 8], [7, 14, 8, 15], [9, 18, 10, 19]]"
12a_0331_45,"[[9, 18, 10, 19], [11, 24, 12, 1], [13, 21, 14, 20], [15, 6, 16, 7], [17, 10, 18, 11], [19, 17, 20, 16], [21, 2, 22, 3], [23, 4, 24, 5], [1, 12, 2, 13], [3, 22, 4, 23], [5, 9, 6, 8], [7, 14, 8, 15]]"
12a_0331_46,"[[7, 14, 8, 15], [9, 18, 10, 19], [11, 24, 12, 1], [13, 21, 14, 20], [15, 6, 16, 7], [17, 10, 18, 11], [19, 17, 20, 16], [21, 2, 22, 3], [23, 4, 24, 5], [1, 12, 2, 13], [3, 22, 4, 23], [5, 9, 6, 8]]"
12a_0331_47,"[[5, 9, 6, 8], [7, 14, 8, 15], [9, 18, 10, 19], [11, 24, 12, 1], [13, 21, 14, 20], [15, 6, 16, 7], [17, 10, 18, 11], [19, 17, 20, 16], [21, 2, 22, 3], [23, 4, 24, 5], [1, 12, 2, 13], [3, 22, 4, 23]]"
12a_0331_48,"[[4, 23, 5, 24], [6, 10, 7, 9], [8, 15, 9, 16], [10, 19, 11, 20], [12, 1, 13, 2], [14, 22, 15, 21], [16, 7, 17, 8], [18, 11, 19, 12], [20, 18, 21, 17], [22, 3, 23, 4], [24, 5, 1, 6], [2, 13, 3, 14]]"
12a_0331_49,"[[2, 13, 3, 14], [4, 23, 5, 24], [6, 10, 7, 9], [8, 15, 9, 16], [10, 19, 11, 20], [12, 1, 13, 2], [14, 22, 15, 21], [16, 7, 17, 8], [18, 11, 19, 12], [20, 18, 21, 17], [22, 3, 23, 4], [24, 5, 1, 6]]"
12a_0331_50,"[[24, 5, 1, 6], [2, 13, 3, 14], [4, 23, 5, 24], [6, 10, 7, 9], [8, 15, 9, 16], [10, 19, 11, 20], [12, 1, 13, 2], [14, 22, 15, 21], [16, 7, 17, 8], [18, 11, 19, 12], [20, 18, 21, 17], [22, 3, 23, 4]]"
12a_0331_51,"[[22, 3, 23, 4], [24, 5, 1, 6], [2, 13, 3, 14], [4, 23, 5, 24], [6, 10, 7, 9], [8, 15, 9, 16], [10, 19, 11, 20], [12, 1, 13, 2], [14, 22, 15, 21], [16, 7, 17, 8], [18, 11, 19, 12], [20, 18, 21, 17]]"
12a_0331_52,"[[20, 18, 21, 17], [22, 3, 23, 4], [24, 5, 1, 6], [2, 13, 3, 14], [4, 23, 5, 24], [6, 10, 7, 9], [8, 15, 9, 16], [10, 19, 11, 20], [12, 1, 13, 2], [14, 22, 15, 21], [16, 7, 17, 8], [18, 11, 19, 12]]"
12a_0331_53,"[[18, 11, 19, 12], [20, 18, 21, 17], [22, 3, 23, 4], [24, 5, 1, 6], [2, 13, 3, 14], [4, 23, 5, 24], [6, 10, 7, 9], [8, 15, 9, 16], [10, 19, 11, 20], [12, 1, 13, 2], [14, 22, 15, 21], [16, 7, 17, 8]]"
12a_0331_54,"[[16, 7, 17, 8], [18, 11, 19, 12], [20, 18, 21, 17], [22, 3, 23, 4], [24, 5, 1, 6], [2, 13, 3, 14], [4, 23, 5, 24], [6, 10, 7, 9], [8, 15, 9, 16], [10, 19, 11, 20], [12, 1, 13, 2], [14, 22, 15, 21]]"
12a_0331_55,"[[14, 22, 15, 21], [16, 7, 17, 8], [18, 11, 19, 12], [20, 18, 21, 17], [22, 3, 23, 4], [24, 5, 1, 6], [2, 13, 3, 14], [4, 23, 5, 24], [6, 10, 7, 9], [8, 15, 9, 16], [10, 19, 11, 20], [12, 1, 13, 2]]"
12a_0331_56,"[[12, 1, 13, 2], [14, 22, 15, 21], [16, 7, 17, 8], [18, 11, 19, 12], [20, 18, 21, 17], [22, 3, 23, 4], [24, 5, 1, 6], [2, 13, 3, 14], [4, 23, 5, 24], [6, 10, 7, 9], [8, 15, 9, 16], [10, 19, 11, 20]]"
12a_0331_57,"[[10, 19, 11, 20], [12, 1, 13, 2], [14, 22, 15, 21], [16, 7, 17, 8], [18, 11, 19, 12], [20, 18, 21, 17], [22, 3, 23, 4], [24, 5, 1, 6], [2, 13, 3, 14], [4, 23, 5, 24], [6, 10, 7, 9], [8, 15, 9, 16]]"
12a_0331_58,"[[8, 15, 9, 16], [10, 19, 11, 20], [12, 1, 13, 2], [14, 22, 15, 21], [16, 7, 17, 8], [18, 11, 19, 12], [20, 18, 21, 17], [22, 3, 23, 4], [24, 5, 1, 6], [2, 13, 3, 14], [4, 23, 5, 24], [6, 10, 7, 9]]"
12a_0331_59,"[[6, 10, 7, 9], [8, 15, 9, 16], [10, 19, 11, 20], [12, 1, 13, 2], [14, 22, 15, 21], [16, 7, 17, 8], [18, 11, 19, 12], [20, 18, 21, 17], [22, 3, 23, 4], [24, 5, 1, 6], [2, 13, 3, 14], [4, 23, 5, 24]]"
12a_0331_60,"[[5, 24, 6, 1], [7, 11, 8, 10], [9, 16, 10, 17], [11, 20, 12, 21], [13, 2, 14, 3], [15, 23, 16, 22], [17, 8, 18, 9], [19, 12, 20, 13], [21, 19, 22, 18], [23, 4, 24, 5], [1, 6, 2, 7], [3, 14, 4, 15]]"
12a_0331_61,"[[3, 14, 4, 15], [5, 24, 6, 1], [7, 11, 8, 10], [9, 16, 10, 17], [11, 20, 12, 21], [13, 2, 14, 3], [15, 23, 16, 22], [17, 8, 18, 9], [19, 12, 20, 13], [21, 19, 22, 18], [23, 4, 24, 5], [1, 6, 2, 7]]"
12a_0331_62,"[[1, 6, 2, 7], [3, 14, 4, 15], [5, 24, 6, 1], [7, 11, 8, 10], [9, 16, 10, 17], [11, 20, 12, 21], [13, 2, 14, 3], [15, 23, 16, 22], [17, 8, 18, 9], [19, 12, 20, 13], [21, 19, 22, 18], [23, 4, 24, 5]]"
12a_0331_63,"[[23, 4, 24, 5], [1, 6, 2, 7], [3, 14, 4, 15], [5, 24, 6, 1], [7, 11, 8, 10], [9, 16, 10, 17], [11, 20, 12, 21], [13, 2, 14, 3], [15, 23, 16, 22], [17, 8, 18, 9], [19, 12, 20, 13], [21, 19, 22, 18]]"
12a_0331_64,"[[21, 19, 22, 18], [23, 4, 24, 5], [1, 6, 2, 7], [3, 14, 4, 15], [5, 24, 6, 1], [7, 11, 8, 10], [9, 16, 10, 17], [11, 20, 12, 21], [13, 2, 14, 3], [15, 23, 16, 22], [17, 8, 18, 9], [19, 12, 20, 13]]"
12a_0331_65,"[[19, 12, 20, 13], [21, 19, 22, 18], [23, 4, 24, 5], [1, 6, 2, 7], [3, 14, 4, 15], [5, 24, 6, 1], [7, 11, 8, 10], [9, 16, 10, 17], [11, 20, 12, 21], [13, 2, 14, 3], [15, 23, 16, 22], [17, 8, 18, 9]]"
12a_0331_66,"[[17, 8, 18, 9], [19, 12, 20, 13], [21, 19, 22, 18], [23, 4, 24, 5], [1, 6, 2, 7], [3, 14, 4, 15], [5, 24, 6, 1], [7, 11, 8, 10], [9, 16, 10, 17], [11, 20, 12, 21], [13, 2, 14, 3], [15, 23, 16, 22]]"
12a_0331_67,"[[15, 23, 16, 22], [17, 8, 18, 9], [19, 12, 20, 13], [21, 19, 22, 18], [23, 4, 24, 5], [1, 6, 2, 7], [3, 14, 4, 15], [5, 24, 6, 1], [7, 11, 8, 10], [9, 16, 10, 17], [11, 20, 12, 21], [13, 2, 14, 3]]"
12a_0331_68,"[[13, 2, 14, 3], [15, 23, 16, 22], [17, 8, 18, 9], [19, 12, 20, 13], [21, 19, 22, 18], [23, 4, 24, 5], [1, 6, 2, 7], [3, 14, 4, 15], [5, 24, 6, 1], [7, 11, 8, 10], [9, 16, 10, 17], [11, 20, 12, 21]]"
12a_0331_69,"[[11, 20, 12, 21], [13, 2, 14, 3], [15, 23, 16, 22], [17, 8, 18, 9], [19, 12, 20, 13], [21, 19, 22, 18], [23, 4, 24, 5], [1, 6, 2, 7], [3, 14, 4, 15], [5, 24, 6, 1], [7, 11, 8, 10], [9, 16, 10, 17]]"
12a_0331_70,"[[9, 16, 10, 17], [11, 20, 12, 21], [13, 2, 14, 3], [15, 23, 16, 22], [17, 8, 18, 9], [19, 12, 20, 13], [21, 19, 22, 18], [23, 4, 24, 5], [1, 6, 2, 7], [3, 14, 4, 15], [5, 24, 6, 1], [7, 11, 8, 10]]"
12a_0331_71,"[[7, 11, 8, 10], [9, 16, 10, 17], [11, 20, 12, 21], [13, 2, 14, 3], [15, 23, 16, 22], [17, 8, 18, 9], [19, 12, 20, 13], [21, 19, 22, 18], [23, 4, 24, 5], [1, 6, 2, 7], [3, 14, 4, 15], [5, 24, 6, 1]]"
12a_0331_72,"[[6, 1, 7, 2], [8, 12, 9, 11], [10, 17, 11, 18], [12, 21, 13, 22], [14, 3, 15, 4], [16, 24, 17, 23], [18, 9, 19, 10], [20, 13, 21, 14], [22, 20, 23, 19], [24, 5, 1, 6], [2, 7, 3, 8], [4, 15, 5, 16]]"
12a_0331_73,"[[4, 15, 5, 16], [6, 1, 7, 2], [8, 12, 9, 11], [10, 17, 11, 18], [12, 21, 13, 22], [14, 3, 15, 4], [16, 24, 17, 23], [18, 9, 19, 10], [20, 13, 21, 14], [22, 20, 23, 19], [24, 5, 1, 6], [2, 7, 3, 8]]"
12a_0331_74,"[[2, 7, 3, 8], [4, 15, 5, 16], [6, 1, 7, 2], [8, 12, 9, 11], [10, 17, 11, 18], [12, 21, 13, 22], [14, 3, 15, 4], [16, 24, 17, 23], [18, 9, 19, 10], [20, 13, 21, 14], [22, 20, 23, 19], [24, 5, 1, 6]]"
12a_0331_75,"[[24, 5, 1, 6], [2, 7, 3, 8], [4, 15, 5, 16], [6, 1, 7, 2], [8, 12, 9, 11], [10, 17, 11, 18], [12, 21, 13, 22], [14, 3, 15, 4], [16, 24, 17, 23], [18, 9, 19, 10], [20, 13, 21, 14], [22, 20, 23, 19]]"
12a_0331_76,"[[22, 20, 23, 19], [24, 5, 1, 6], [2, 7, 3, 8], [4, 15, 5, 16], [6, 1, 7, 2], [8, 12, 9, 11], [10, 17, 11, 18], [12, 21, 13, 22], [14, 3, 15, 4], [16, 24, 17, 23], [18, 9, 19, 10], [20, 13, 21, 14]]"
12a_0331_77,"[[20, 13, 21, 14], [22, 20, 23, 19], [24, 5, 1, 6], [2, 7, 3, 8], [4, 15, 5, 16], [6, 1, 7, 2], [8, 12, 9, 11], [10, 17, 11, 18], [12, 21, 13, 22], [14, 3, 15, 4], [16, 24, 17, 23], [18, 9, 19, 10]]"
12a_0331_78,"[[18, 9, 19, 10], [20, 13, 21, 14], [22, 20, 23, 19], [24, 5, 1, 6], [2, 7, 3, 8], [4, 15, 5, 16], [6, 1, 7, 2], [8, 12, 9, 11], [10, 17, 11, 18], [12, 21, 13, 22], [14, 3, 15, 4], [16, 24, 17, 23]]"
12a_0331_79,"[[16, 24, 17, 23], [18, 9, 19, 10], [20, 13, 21, 14], [22, 20, 23, 19], [24, 5, 1, 6], [2, 7, 3, 8], [4, 15, 5, 16], [6, 1, 7, 2], [8, 12, 9, 11], [10, 17, 11, 18], [12, 21, 13, 22], [14, 3, 15, 4]]"
12a_0331_80,"[[14, 3, 15, 4], [16, 24, 17, 23], [18, 9, 19, 10], [20, 13, 21, 14], [22, 20, 23, 19], [24, 5, 1, 6], [2, 7, 3, 8], [4, 15, 5, 16], [6, 1, 7, 2], [8, 12, 9, 11], [10, 17, 11, 18], [12, 21, 13, 22]]"
12a_0331_81,"[[12, 21, 13, 22], [14, 3, 15, 4], [16, 24, 17, 23], [18, 9, 19, 10], [20, 13, 21, 14], [22, 20, 23, 19], [24, 5, 1, 6], [2, 7, 3, 8], [4, 15, 5, 16], [6, 1, 7, 2], [8, 12, 9, 11], [10, 17, 11, 18]]"
12a_0331_82,"[[10, 17, 11, 18], [12, 21, 13, 22], [14, 3, 15, 4], [16, 24, 17, 23], [18, 9, 19, 10], [20, 13, 21, 14], [22, 20, 23, 19], [24, 5, 1, 6], [2, 7, 3, 8], [4, 15, 5, 16], [6, 1, 7, 2], [8, 12, 9, 11]]"
12a_0331_83,"[[8, 12, 9, 11], [10, 17, 11, 18], [12, 21, 13, 22], [14, 3, 15, 4], [16, 24, 17, 23], [18, 9, 19, 10], [20, 13, 21, 14], [22, 20, 23, 19], [24, 5, 1, 6], [2, 7, 3, 8], [4, 15, 5, 16], [6, 1, 7, 2]]"
12a_0331_84,"[[7, 2, 8, 3], [9, 13, 10, 12], [11, 18, 12, 19], [13, 22, 14, 23], [15, 4, 16, 5], [17, 1, 18, 24], [19, 10, 20, 11], [21, 14, 22, 15], [23, 21, 24, 20], [1, 6, 2, 7], [3, 8, 4, 9], [5, 16, 6, 17]]"
12a_0331_85,"[[5, 16, 6, 17], [7, 2, 8, 3], [9, 13, 10, 12], [11, 18, 12, 19], [13, 22, 14, 23], [15, 4, 16, 5], [17, 1, 18, 24], [19, 10, 20, 11], [21, 14, 22, 15], [23, 21, 24, 20], [1, 6, 2, 7], [3, 8, 4, 9]]"
12a_0331_86,"[[3, 8, 4, 9], [5, 16, 6, 17], [7, 2, 8, 3], [9, 13, 10, 12], [11, 18, 12, 19], [13, 22, 14, 23], [15, 4, 16, 5], [17, 1, 18, 24], [19, 10, 20, 11], [21, 14, 22, 15], [23, 21, 24, 20], [1, 6, 2, 7]]"
12a_0331_87,"[[1, 6, 2, 7], [3, 8, 4, 9], [5, 16, 6, 17], [7, 2, 8, 3], [9, 13, 10, 12], [11, 18, 12, 19], [13, 22, 14, 23], [15, 4, 16, 5], [17, 1, 18, 24], [19, 10, 20, 11], [21, 14, 22, 15], [23, 21, 24, 20]]"
12a_0331_88,"[[23, 21, 24, 20], [1, 6, 2, 7], [3, 8, 4, 9], [5, 16, 6, 17], [7, 2, 8, 3], [9, 13, 10, 12], [11, 18, 12, 19], [13, 22, 14, 23], [15, 4, 16, 5], [17, 1, 18, 24], [19, 10, 20, 11], [21, 14, 22, 15]]"
12a_0331_89,"[[21, 14, 22, 15], [23, 21, 24, 20], [1, 6, 2, 7], [3, 8, 4, 9], [5, 16, 6, 17], [7, 2, 8, 3], [9, 13, 10, 12], [11, 18, 12, 19], [13, 22, 14, 23], [15, 4, 16, 5], [17, 1, 18, 24], [19, 10, 20, 11]]"
12a_0331_90,"[[19, 10, 20, 11], [21, 14, 22, 15], [23, 21, 24, 20], [1, 6, 2, 7], [3, 8, 4, 9], [5, 16, 6, 17], [7, 2, 8, 3], [9, 13, 10, 12], [11, 18, 12, 19], [13, 22, 14, 23], [15, 4, 16, 5], [17, 1, 18, 24]]"
12a_0331_91,"[[17, 1, 18, 24], [19, 10, 20, 11], [21, 14, 22, 15], [23, 21, 24, 20], [1, 6, 2, 7], [3, 8, 4, 9], [5, 16, 6, 17], [7, 2, 8, 3], [9, 13, 10, 12], [11, 18, 12, 19], [13, 22, 14, 23], [15, 4, 16, 5]]"
12a_0331_92,"[[15, 4, 16, 5], [17, 1, 18, 24], [19, 10, 20, 11], [21, 14, 22, 15], [23, 21, 24, 20], [1, 6, 2, 7], [3, 8, 4, 9], [5, 16, 6, 17], [7, 2, 8, 3], [9, 13, 10, 12], [11, 18, 12, 19], [13, 22, 14, 23]]"
12a_0331_93,"[[13, 22, 14, 23], [15, 4, 16, 5], [17, 1, 18, 24], [19, 10, 20, 11], [21, 14, 22, 15], [23, 21, 24, 20], [1, 6, 2, 7], [3, 8, 4, 9], [5, 16, 6, 17], [7, 2, 8, 3], [9, 13, 10, 12], [11, 18, 12, 19]]"
12a_0331_94,"[[11, 18, 12, 19], [13, 22, 14, 23], [15, 4, 16, 5], [17, 1, 18, 24], [19, 10, 20, 11], [21, 14, 22, 15], [23, 21, 24, 20], [1, 6, 2, 7], [3, 8, 4, 9], [5, 16, 6, 17], [7, 2, 8, 3], [9, 13, 10, 12]]"
12a_0331_95,"[[9, 13, 10, 12], [11, 18, 12, 19], [13, 22, 14, 23], [15, 4, 16, 5], [17, 1, 18, 24], [19, 10, 20, 11], [21, 14, 22, 15], [23, 21, 24, 20], [1, 6, 2, 7], [3, 8, 4, 9], [5, 16, 6, 17], [7, 2, 8, 3]]"
12a_0331_96,"[[8, 3, 9, 4], [10, 14, 11, 13], [12, 19, 13, 20], [14, 23, 15, 24], [16, 5, 17, 6], [18, 2, 19, 1], [20, 11, 21, 12], [22, 15, 23, 16], [24, 22, 1, 21], [2, 7, 3, 8], [4, 9, 5, 10], [6, 17, 7, 18]]"
12a_0331_97,"[[6, 17, 7, 18], [8, 3, 9, 4], [10, 14, 11, 13], [12, 19, 13, 20], [14, 23, 15, 24], [16, 5, 17, 6], [18, 2, 19, 1], [20, 11, 21, 12], [22, 15, 23, 16], [24, 22, 1, 21], [2, 7, 3, 8], [4, 9, 5, 10]]"
12a_0331_98,"[[4, 9, 5, 10], [6, 17, 7, 18], [8, 3, 9, 4], [10, 14, 11, 13], [12, 19, 13, 20], [14, 23, 15, 24], [16, 5, 17, 6], [18, 2, 19, 1], [20, 11, 21, 12], [22, 15, 23, 16], [24, 22, 1, 21], [2, 7, 3, 8]]"
12a_0331_99,"[[2, 7, 3, 8], [4, 9, 5, 10], [6, 17, 7, 18], [8, 3, 9, 4], [10, 14, 11, 13], [12, 19, 13, 20], [14, 23, 15, 24], [16, 5, 17, 6], [18, 2, 19, 1], [20, 11, 21, 12], [22, 15, 23, 16], [24, 22, 1, 21]]"
12a_0331_100,"[[24, 22, 1, 21], [2, 7, 3, 8], [4, 9, 5, 10], [6, 17, 7, 18], [8, 3, 9, 4], [10, 14, 11, 13], [12, 19, 13, 20], [14, 23, 15, 24], [16, 5, 17, 6], [18, 2, 19, 1], [20, 11, 21, 12], [22, 15, 23, 16]]"
12a_0331_101,"[[22, 15, 23, 16], [24, 22, 1, 21], [2, 7, 3, 8], [4, 9, 5, 10], [6, 17, 7, 18], [8, 3, 9, 4], [10, 14, 11, 13], [12, 19, 13, 20], [14, 23, 15, 24], [16, 5, 17, 6], [18, 2, 19, 1], [20, 11, 21, 12]]"
12a_0331_102,"[[20, 11, 21, 12], [22, 15, 23, 16], [24, 22, 1, 21], [2, 7, 3, 8], [4, 9, 5, 10], [6, 17, 7, 18], [8, 3, 9, 4], [10, 14, 11, 13], [12, 19, 13, 20], [14, 23, 15, 24], [16, 5, 17, 6], [18, 2, 19, 1]]"
12a_0331_103,"[[18, 2, 19, 1], [20, 11, 21, 12], [22, 15, 23, 16], [24, 22, 1, 21], [2, 7, 3, 8], [4, 9, 5, 10], [6, 17, 7, 18], [8, 3, 9, 4], [10, 14, 11, 13], [12, 19, 13, 20], [14, 23, 15, 24], [16, 5, 17, 6]]"
12a_0331_104,"[[16, 5, 17, 6], [18, 2, 19, 1], [20, 11, 21, 12], [22, 15, 23, 16], [24, 22, 1, 21], [2, 7, 3, 8], [4, 9, 5, 10], [6, 17, 7, 18], [8, 3, 9, 4], [10, 14, 11, 13], [12, 19, 13, 20], [14, 23, 15, 24]]"
12a_0331_105,"[[14, 23, 15, 24], [16, 5, 17, 6], [18, 2, 19, 1], [20, 11, 21, 12], [22, 15, 23, 16], [24, 22, 1, 21], [2, 7, 3, 8], [4, 9, 5, 10], [6, 17, 7, 18], [8, 3, 9, 4], [10, 14, 11, 13], [12, 19, 13, 20]]"
12a_0331_106,"[[12, 19, 13, 20], [14, 23, 15, 24], [16, 5, 17, 6], [18, 2, 19, 1], [20, 11, 21, 12], [22, 15, 23, 16], [24, 22, 1, 21], [2, 7, 3, 8], [4, 9, 5, 10], [6, 17, 7, 18], [8, 3, 9, 4], [10, 14, 11, 13]]"
12a_0331_107,"[[10, 14, 11, 13], [12, 19, 13, 20], [14, 23, 15, 24], [16, 5, 17, 6], [18, 2, 19, 1], [20, 11, 21, 12], [22, 15, 23, 16], [24, 22, 1, 21], [2, 7, 3, 8], [4, 9, 5, 10], [6, 17, 7, 18], [8, 3, 9, 4]]"
12a_0331_108,"[[9, 4, 10, 5], [11, 15, 12, 14], [13, 20, 14, 21], [15, 24, 16, 1], [17, 6, 18, 7], [19, 3, 20, 2], [21, 12, 22, 13], [23, 16, 24, 17], [1, 23, 2, 22], [3, 8, 4, 9], [5, 10, 6, 11], [7, 18, 8, 19]]"
12a_0331_109,"[[7, 18, 8, 19], [9, 4, 10, 5], [11, 15, 12, 14], [13, 20, 14, 21], [15, 24, 16, 1], [17, 6, 18, 7], [19, 3, 20, 2], [21, 12, 22, 13], [23, 16, 24, 17], [1, 23, 2, 22], [3, 8, 4, 9], [5, 10, 6, 11]]"
12a_0331_110,"[[5, 10, 6, 11], [7, 18, 8, 19], [9, 4, 10, 5], [11, 15, 12, 14], [13, 20, 14, 21], [15, 24, 16, 1], [17, 6, 18, 7], [19, 3, 20, 2], [21, 12, 22, 13], [23, 16, 24, 17], [1, 23, 2, 22], [3, 8, 4, 9]]"
12a_0331_111,"[[3, 8, 4, 9], [5, 10, 6, 11], [7, 18, 8, 19], [9, 4, 10, 5], [11, 15, 12, 14], [13, 20, 14, 21], [15, 24, 16, 1], [17, 6, 18, 7], [19, 3, 20, 2], [21, 12, 22, 13], [23, 16, 24, 17], [1, 23, 2, 22]]"
12a_0331_112,"[[1, 23, 2, 22], [3, 8, 4, 9], [5, 10, 6, 11], [7, 18, 8, 19], [9, 4, 10, 5], [11, 15, 12, 14], [13, 20, 14, 21], [15, 24, 16, 1], [17, 6, 18, 7], [19, 3, 20, 2], [21, 12, 22, 13], [23, 16, 24, 17]]"
12a_0331_113,"[[23, 16, 24, 17], [1, 23, 2, 22], [3, 8, 4, 9], [5, 10, 6, 11], [7, 18, 8, 19], [9, 4, 10, 5], [11, 15, 12, 14], [13, 20, 14, 21], [15, 24, 16, 1], [17, 6, 18, 7], [19, 3, 20, 2], [21, 12, 22, 13]]"
12a_0331_114,"[[21, 12, 22, 13], [23, 16, 24, 17], [1, 23, 2, 22], [3, 8, 4, 9], [5, 10, 6, 11], [7, 18, 8, 19], [9, 4, 10, 5], [11, 15, 12, 14], [13, 20, 14, 21], [15, 24, 16, 1], [17, 6, 18, 7], [19, 3, 20, 2]]"
12a_0331_115,"[[19, 3, 20, 2], [21, 12, 22, 13], [23, 16, 24, 17], [1, 23, 2, 22], [3, 8, 4, 9], [5, 10, 6, 11], [7, 18, 8, 19], [9, 4, 10, 5], [11, 15, 12, 14], [13, 20, 14, 21], [15, 24, 16, 1], [17, 6, 18, 7]]"
12a_0331_116,"[[17, 6, 18, 7], [19, 3, 20, 2], [21, 12, 22, 13], [23, 16, 24, 17], [1, 23, 2, 22], [3, 8, 4, 9], [5, 10, 6, 11], [7, 18, 8, 19], [9, 4, 10, 5], [11, 15, 12, 14], [13, 20, 14, 21], [15, 24, 16, 1]]"
12a_0331_117,"[[15, 24, 16, 1], [17, 6, 18, 7], [19, 3, 20, 2], [21, 12, 22, 13], [23, 16, 24, 17], [1, 23, 2, 22], [3, 8, 4, 9], [5, 10, 6, 11], [7, 18, 8, 19], [9, 4, 10, 5], [11, 15, 12, 14], [13, 20, 14, 21]]"
12a_0331_118,"[[13, 20, 14, 21], [15, 24, 16, 1], [17, 6, 18, 7], [19, 3, 20, 2], [21, 12, 22, 13], [23, 16, 24, 17], [1, 23, 2, 22], [3, 8, 4, 9], [5, 10, 6, 11], [7, 18, 8, 19], [9, 4, 10, 5], [11, 15, 12, 14]]"
12a_0331_119,"[[11, 15, 12, 14], [13, 20, 14, 21], [15, 24, 16, 1], [17, 6, 18, 7], [19, 3, 20, 2], [21, 12, 22, 13], [23, 16, 24, 17], [1, 23, 2, 22], [3, 8, 4, 9], [5, 10, 6, 11], [7, 18, 8, 19], [9, 4, 10, 5]]"
12a_0331_120,"[[10, 5, 11, 6], [12, 16, 13, 15], [14, 21, 15, 22], [16, 1, 17, 2], [18, 7, 19, 8], [20, 4, 21, 3], [22, 13, 23, 14], [24, 17, 1, 18], [2, 24, 3, 23], [4, 9, 5, 10], [6, 11, 7, 12], [8, 19, 9, 20]]"
12a_0331_121,"[[8, 19, 9, 20], [10, 5, 11, 6], [12, 16, 13, 15], [14, 21, 15, 22], [16, 1, 17, 2], [18, 7, 19, 8], [20, 4, 21, 3], [22, 13, 23, 14], [24, 17, 1, 18], [2, 24, 3, 23], [4, 9, 5, 10], [6, 11, 7, 12]]"
12a_0331_122,"[[6, 11, 7, 12], [8, 19, 9, 20], [10, 5, 11, 6], [12, 16, 13, 15], [14, 21, 15, 22], [16, 1, 17, 2], [18, 7, 19, 8], [20, 4, 21, 3], [22, 13, 23, 14], [24, 17, 1, 18], [2, 24, 3, 23], [4, 9, 5, 10]]"
12a_0331_123,"[[4, 9, 5, 10], [6, 11, 7, 12], [8, 19, 9, 20], [10, 5, 11, 6], [12, 16, 13, 15], [14, 21, 15, 22], [16, 1, 17, 2], [18, 7, 19, 8], [20, 4, 21, 3], [22, 13, 23, 14], [24, 17, 1, 18], [2, 24, 3, 23]]"
12a_0331_124,"[[2, 24, 3, 23], [4, 9, 5, 10], [6, 11, 7, 12], [8, 19, 9, 20], [10, 5, 11, 6], [12, 16, 13, 15], [14, 21, 15, 22], [16, 1, 17, 2], [18, 7, 19, 8], [20, 4, 21, 3], [22, 13, 23, 14], [24, 17, 1, 18]]"
12a_0331_125,"[[24, 17, 1, 18], [2, 24, 3, 23], [4, 9, 5, 10], [6, 11, 7, 12], [8, 19, 9, 20], [10, 5, 11, 6], [12, 16, 13, 15], [14, 21, 15, 22], [16, 1, 17, 2], [18, 7, 19, 8], [20, 4, 21, 3], [22, 13, 23, 14]]"
12a_0331_126,"[[22, 13, 23, 14], [24, 17, 1, 18], [2, 24, 3, 23], [4, 9, 5, 10], [6, 11, 7, 12], [8, 19, 9, 20], [10, 5, 11, 6], [12, 16, 13, 15], [14, 21, 15, 22], [16, 1, 17, 2], [18, 7, 19, 8], [20, 4, 21, 3]]"
12a_0331_127,"[[20, 4, 21, 3], [22, 13, 23, 14], [24, 17, 1, 18], [2, 24, 3, 23], [4, 9, 5, 10], [6, 11, 7, 12], [8, 19, 9, 20], [10, 5, 11, 6], [12, 16, 13, 15], [14, 21, 15, 22], [16, 1, 17, 2], [18, 7, 19, 8]]"
12a_0331_128,"[[18, 7, 19, 8], [20, 4, 21, 3], [22, 13, 23, 14], [24, 17, 1, 18], [2, 24, 3, 23], [4, 9, 5, 10], [6, 11, 7, 12], [8, 19, 9, 20], [10, 5, 11, 6], [12, 16, 13, 15], [14, 21, 15, 22], [16, 1, 17, 2]]"
12a_0331_129,"[[16, 1, 17, 2], [18, 7, 19, 8], [20, 4, 21, 3], [22, 13, 23, 14], [24, 17, 1, 18], [2, 24, 3, 23], [4, 9, 5, 10], [6, 11, 7, 12], [8, 19, 9, 20], [10, 5, 11, 6], [12, 16, 13, 15], [14, 21, 15, 22]]"
12a_0331_130,"[[14, 21, 15, 22], [16, 1, 17, 2], [18, 7, 19, 8], [20, 4, 21, 3], [22, 13, 23, 14], [24, 17, 1, 18], [2, 24, 3, 23], [4, 9, 5, 10], [6, 11, 7, 12], [8, 19, 9, 20], [10, 5, 11, 6], [12, 16, 13, 15]]"
12a_0331_131,"[[12, 16, 13, 15], [14, 21, 15, 22], [16, 1, 17, 2], [18, 7, 19, 8], [20, 4, 21, 3], [22, 13, 23, 14], [24, 17, 1, 18], [2, 24, 3, 23], [4, 9, 5, 10], [6, 11, 7, 12], [8, 19, 9, 20], [10, 5, 11, 6]]"
12a_0331_132,"[[11, 6, 12, 7], [13, 17, 14, 16], [15, 22, 16, 23], [17, 2, 18, 3], [19, 8, 20, 9], [21, 5, 22, 4], [23, 14, 24, 15], [1, 18, 2, 19], [3, 1, 4, 24], [5, 10, 6, 11], [7, 12, 8, 13], [9, 20, 10, 21]]"
12a_0331_133,"[[9, 20, 10, 21], [11, 6, 12, 7], [13, 17, 14, 16], [15, 22, 16, 23], [17, 2, 18, 3], [19, 8, 20, 9], [21, 5, 22, 4], [23, 14, 24, 15], [1, 18, 2, 19], [3, 1, 4, 24], [5, 10, 6, 11], [7, 12, 8, 13]]"
12a_0331_134,"[[7, 12, 8, 13], [9, 20, 10, 21], [11, 6, 12, 7], [13, 17, 14, 16], [15, 22, 16, 23], [17, 2, 18, 3], [19, 8, 20, 9], [21, 5, 22, 4], [23, 14, 24, 15], [1, 18, 2, 19], [3, 1, 4, 24], [5, 10, 6, 11]]"
12a_0331_135,"[[5, 10, 6, 11], [7, 12, 8, 13], [9, 20, 10, 21], [11, 6, 12, 7], [13, 17, 14, 16], [15, 22, 16, 23], [17, 2, 18, 3], [19, 8, 20, 9], [21, 5, 22, 4], [23, 14, 24, 15], [1, 18, 2, 19], [3, 1, 4, 24]]"
12a_0331_136,"[[3, 1, 4, 24], [5, 10, 6, 11], [7, 12, 8, 13], [9, 20, 10, 21], [11, 6, 12, 7], [13, 17, 14, 16], [15, 22, 16, 23], [17, 2, 18, 3], [19, 8, 20, 9], [21, 5, 22, 4], [23, 14, 24, 15], [1, 18, 2, 19]]"
12a_0331_137,"[[1, 18, 2, 19], [3, 1, 4, 24], [5, 10, 6, 11], [7, 12, 8, 13], [9, 20, 10, 21], [11, 6, 12, 7], [13, 17, 14, 16], [15, 22, 16, 23], [17, 2, 18, 3], [19, 8, 20, 9], [21, 5, 22, 4], [23, 14, 24, 15]]"
12a_0331_138,"[[23, 14, 24, 15], [1, 18, 2, 19], [3, 1, 4, 24], [5, 10, 6, 11], [7, 12, 8, 13], [9, 20, 10, 21], [11, 6, 12, 7], [13, 17, 14, 16], [15, 22, 16, 23], [17, 2, 18, 3], [19, 8, 20, 9], [21, 5, 22, 4]]"
12a_0331_139,"[[21, 5, 22, 4], [23, 14, 24, 15], [1, 18, 2, 19], [3, 1, 4, 24], [5, 10, 6, 11], [7, 12, 8, 13], [9, 20, 10, 21], [11, 6, 12, 7], [13, 17, 14, 16], [15, 22, 16, 23], [17, 2, 18, 3], [19, 8, 20, 9]]"
12a_0331_140,"[[19, 8, 20, 9], [21, 5, 22, 4], [23, 14, 24, 15], [1, 18, 2, 19], [3, 1, 4, 24], [5, 10, 6, 11], [7, 12, 8, 13], [9, 20, 10, 21], [11, 6, 12, 7], [13, 17, 14, 16], [15, 22, 16, 23], [17, 2, 18, 3]]"
12a_0331_141,"[[17, 2, 18, 3], [19, 8, 20, 9], [21, 5, 22, 4], [23, 14, 24, 15], [1, 18, 2, 19], [3, 1, 4, 24], [5, 10, 6, 11], [7, 12, 8, 13], [9, 20, 10, 21], [11, 6, 12, 7], [13, 17, 14, 16], [15, 22, 16, 23]]"
12a_0331_142,"[[15, 22, 16, 23], [17, 2, 18, 3], [19, 8, 20, 9], [21, 5, 22, 4], [23, 14, 24, 15], [1, 18, 2, 19], [3, 1, 4, 24], [5, 10, 6, 11], [7, 12, 8, 13], [9, 20, 10, 21], [11, 6, 12, 7], [13, 17, 14, 16]]"
12a_0331_143,"[[13, 17, 14, 16], [15, 22, 16, 23], [17, 2, 18, 3], [19, 8, 20, 9], [21, 5, 22, 4], [23, 14, 24, 15], [1, 18, 2, 19], [3, 1, 4, 24], [5, 10, 6, 11], [7, 12, 8, 13], [9, 20, 10, 21], [11, 6, 12, 7]]"
12a_0331_144,"[[12, 7, 13, 8], [14, 18, 15, 17], [16, 23, 17, 24], [18, 3, 19, 4], [20, 9, 21, 10], [22, 6, 23, 5], [24, 15, 1, 16], [2, 19, 3, 20], [4, 2, 5, 1], [6, 11, 7, 12], [8, 13, 9, 14], [10, 21, 11, 22]]"
12a_0331_145,"[[10, 21, 11, 22], [12, 7, 13, 8], [14, 18, 15, 17], [16, 23, 17, 24], [18, 3, 19, 4], [20, 9, 21, 10], [22, 6, 23, 5], [24, 15, 1, 16], [2, 19, 3, 20], [4, 2, 5, 1], [6, 11, 7, 12], [8, 13, 9, 14]]"
12a_0331_146,"[[8, 13, 9, 14], [10, 21, 11, 22], [12, 7, 13, 8], [14, 18, 15, 17], [16, 23, 17, 24], [18, 3, 19, 4], [20, 9, 21, 10], [22, 6, 23, 5], [24, 15, 1, 16], [2, 19, 3, 20], [4, 2, 5, 1], [6, 11, 7, 12]]"
12a_0331_147,"[[6, 11, 7, 12], [8, 13, 9, 14], [10, 21, 11, 22], [12, 7, 13, 8], [14, 18, 15, 17], [16, 23, 17, 24], [18, 3, 19, 4], [20, 9, 21, 10], [22, 6, 23, 5], [24, 15, 1, 16], [2, 19, 3, 20], [4, 2, 5, 1]]"
12a_0331_148,"[[4, 2, 5, 1], [6, 11, 7, 12], [8, 13, 9, 14], [10, 21, 11, 22], [12, 7, 13, 8], [14, 18, 15, 17], [16, 23, 17, 24], [18, 3, 19, 4], [20, 9, 21, 10], [22, 6, 23, 5], [24, 15, 1, 16], [2, 19, 3, 20]]"
12a_0331_149,"[[2, 19, 3, 20], [4, 2, 5, 1], [6, 11, 7, 12], [8, 13, 9, 14], [10, 21, 11, 22], [12, 7, 13, 8], [14, 18, 15, 17], [16, 23, 17, 24], [18, 3, 19, 4], [20, 9, 21, 10], [22, 6, 23, 5], [24, 15, 1, 16]]"
12a_0331_150,"[[24, 15, 1, 16], [2, 19, 3, 20], [4, 2, 5, 1], [6, 11, 7, 12], [8, 13, 9, 14], [10, 21, 11, 22], [12, 7, 13, 8], [14, 18, 15, 17], [16, 23, 17, 24], [18, 3, 19, 4], [20, 9, 21, 10], [22, 6, 23, 5]]"
12a_0331_151,"[[22, 6, 23, 5], [24, 15, 1, 16], [2, 19, 3, 20], [4, 2, 5, 1], [6, 11, 7, 12], [8, 13, 9, 14], [10, 21, 11, 22], [12, 7, 13, 8], [14, 18, 15, 17], [16, 23, 17, 24], [18, 3, 19, 4], [20, 9, 21, 10]]"
12a_0331_152,"[[20, 9, 21, 10], [22, 6, 23, 5], [24, 15, 1, 16], [2, 19, 3, 20], [4, 2, 5, 1], [6, 11, 7, 12], [8, 13, 9, 14], [10, 21, 11, 22], [12, 7, 13, 8], [14, 18, 15, 17], [16, 23, 17, 24], [18, 3, 19, 4]]"
12a_0331_153,"[[18, 3, 19, 4], [20, 9, 21, 10], [22, 6, 23, 5], [24, 15, 1, 16], [2, 19, 3, 20], [4, 2, 5, 1], [6, 11, 7, 12], [8, 13, 9, 14], [10, 21, 11, 22], [12, 7, 13, 8], [14, 18, 15, 17], [16, 23, 17, 24]]"
12a_0331_154,"[[16, 23, 17, 24], [18, 3, 19, 4], [20, 9, 21, 10], [22, 6, 23, 5], [24, 15, 1, 16], [2, 19, 3, 20], [4, 2, 5, 1], [6, 11, 7, 12], [8, 13, 9, 14], [10, 21, 11, 22], [12, 7, 13, 8], [14, 18, 15, 17]]"
12a_0331_155,"[[14, 18, 15, 17], [16, 23, 17, 24], [18, 3, 19, 4], [20, 9, 21, 10], [22, 6, 23, 5], [24, 15, 1, 16], [2, 19, 3, 20], [4, 2, 5, 1], [6, 11, 7, 12], [8, 13, 9, 14], [10, 21, 11, 22], [12, 7, 13, 8]]"
12a_0331_156,"[[13, 8, 14, 9], [15, 19, 16, 18], [17, 24, 18, 1], [19, 4, 20, 5], [21, 10, 22, 11], [23, 7, 24, 6], [1, 16, 2, 17], [3, 20, 4, 21], [5, 3, 6, 2], [7, 12, 8, 13], [9, 14, 10, 15], [11, 22, 12, 23]]"
12a_0331_157,"[[11, 22, 12, 23], [13, 8, 14, 9], [15, 19, 16, 18], [17, 24, 18, 1], [19, 4, 20, 5], [21, 10, 22, 11], [23, 7, 24, 6], [1, 16, 2, 17], [3, 20, 4, 21], [5, 3, 6, 2], [7, 12, 8, 13], [9, 14, 10, 15]]"
12a_0331_158,"[[9, 14, 10, 15], [11, 22, 12, 23], [13, 8, 14, 9], [15, 19, 16, 18], [17, 24, 18, 1], [19, 4, 20, 5], [21, 10, 22, 11], [23, 7, 24, 6], [1, 16, 2, 17], [3, 20, 4, 21], [5, 3, 6, 2], [7, 12, 8, 13]]"
12a_0331_159,"[[7, 12, 8, 13], [9, 14, 10, 15], [11, 22, 12, 23], [13, 8, 14, 9], [15, 19, 16, 18], [17, 24, 18, 1], [19, 4, 20, 5], [21, 10, 22, 11], [23, 7, 24, 6], [1, 16, 2, 17], [3, 20, 4, 21], [5, 3, 6, 2]]"
12a_0331_160,"[[5, 3, 6, 2], [7, 12, 8, 13], [9, 14, 10, 15], [11, 22, 12, 23], [13, 8, 14, 9], [15, 19, 16, 18], [17, 24, 18, 1], [19, 4, 20, 5], [21, 10, 22, 11], [23, 7, 24, 6], [1, 16, 2, 17], [3, 20, 4, 21]]"
12a_0331_161,"[[3, 20, 4, 21], [5, 3, 6, 2], [7, 12, 8, 13], [9, 14, 10, 15], [11, 22, 12, 23], [13, 8, 14, 9], [15, 19, 16, 18], [17, 24, 18, 1], [19, 4, 20, 5], [21, 10, 22, 11], [23, 7, 24, 6], [1, 16, 2, 17]]"
12a_0331_162,"[[1, 16, 2, 17], [3, 20, 4, 21], [5, 3, 6, 2], [7, 12, 8, 13], [9, 14, 10, 15], [11, 22, 12, 23], [13, 8, 14, 9], [15, 19, 16, 18], [17, 24, 18, 1], [19, 4, 20, 5], [21, 10, 22, 11], [23, 7, 24, 6]]"
12a_0331_163,"[[23, 7, 24, 6], [1, 16, 2, 17], [3, 20, 4, 21], [5, 3, 6, 2], [7, 12, 8, 13], [9, 14, 10, 15], [11, 22, 12, 23], [13, 8, 14, 9], [15, 19, 16, 18], [17, 24, 18, 1], [19, 4, 20, 5], [21, 10, 22, 11]]"
12a_0331_164,"[[21, 10, 22, 11], [23, 7, 24, 6], [1, 16, 2, 17], [3, 20, 4, 21], [5, 3, 6, 2], [7, 12, 8, 13], [9, 14, 10, 15], [11, 22, 12, 23], [13, 8, 14, 9], [15, 19, 16, 18], [17, 24, 18, 1], [19, 4, 20, 5]]"
12a_0331_165,"[[19, 4, 20, 5], [21, 10, 22, 11], [23, 7, 24, 6], [1, 16, 2, 17], [3, 20, 4, 21], [5, 3, 6, 2], [7, 12, 8, 13], [9, 14, 10, 15], [11, 22, 12, 23], [13, 8, 14, 9], [15, 19, 16, 18], [17, 24, 18, 1]]"
12a_0331_166,"[[17, 24, 18, 1], [19, 4, 20, 5], [21, 10, 22, 11], [23, 7, 24, 6], [1, 16, 2, 17], [3, 20, 4, 21], [5, 3, 6, 2], [7, 12, 8, 13], [9, 14, 10, 15], [11, 22, 12, 23], [13, 8, 14, 9], [15, 19, 16, 18]]"
12a_0331_167,"[[15, 19, 16, 18], [17, 24, 18, 1], [19, 4, 20, 5], [21, 10, 22, 11], [23, 7, 24, 6], [1, 16, 2, 17], [3, 20, 4, 21], [5, 3, 6, 2], [7, 12, 8, 13], [9, 14, 10, 15], [11, 22, 12, 23], [13, 8, 14, 9]]"
12a_0331_168,"[[14, 9, 15, 10], [16, 20, 17, 19], [18, 1, 19, 2], [20, 5, 21, 6], [22, 11, 23, 12], [24, 8, 1, 7], [2, 17, 3, 18], [4, 21, 5, 22], [6, 4, 7, 3], [8, 13, 9, 14], [10, 15, 11, 16], [12, 23, 13, 24]]"
12a_0331_169,"[[12, 23, 13, 24], [14, 9, 15, 10], [16, 20, 17, 19], [18, 1, 19, 2], [20, 5, 21, 6], [22, 11, 23, 12], [24, 8, 1, 7], [2, 17, 3, 18], [4, 21, 5, 22], [6, 4, 7, 3], [8, 13, 9, 14], [10, 15, 11, 16]]"
12a_0331_170,"[[10, 15, 11, 16], [12, 23, 13, 24], [14, 9, 15, 10], [16, 20, 17, 19], [18, 1, 19, 2], [20, 5, 21, 6], [22, 11, 23, 12], [24, 8, 1, 7], [2, 17, 3, 18], [4, 21, 5, 22], [6, 4, 7, 3], [8, 13, 9, 14]]"
12a_0331_171,"[[8, 13, 9, 14], [10, 15, 11, 16], [12, 23, 13, 24], [14, 9, 15, 10], [16, 20, 17, 19], [18, 1, 19, 2], [20, 5, 21, 6], [22, 11, 23, 12], [24, 8, 1, 7], [2, 17, 3, 18], [4, 21, 5, 22], [6, 4, 7, 3]]"
12a_0331_172,"[[6, 4, 7, 3], [8, 13, 9, 14], [10, 15, 11, 16], [12, 23, 13, 24], [14, 9, 15, 10], [16, 20, 17, 19], [18, 1, 19, 2], [20, 5, 21, 6], [22, 11, 23, 12], [24, 8, 1, 7], [2, 17, 3, 18], [4, 21, 5, 22]]"
12a_0331_173,"[[4, 21, 5, 22], [6, 4, 7, 3], [8, 13, 9, 14], [10, 15, 11, 16], [12, 23, 13, 24], [14, 9, 15, 10], [16, 20, 17, 19], [18, 1, 19, 2], [20, 5, 21, 6], [22, 11, 23, 12], [24, 8, 1, 7], [2, 17, 3, 18]]"
12a_0331_174,"[[2, 17, 3, 18], [4, 21, 5, 22], [6, 4, 7, 3], [8, 13, 9, 14], [10, 15, 11, 16], [12, 23, 13, 24], [14, 9, 15, 10], [16, 20, 17, 19], [18, 1, 19, 2], [20, 5, 21, 6], [22, 11, 23, 12], [24, 8, 1, 7]]"
12a_0331_175,"[[24, 8, 1, 7], [2, 17, 3, 18], [4, 21, 5, 22], [6, 4, 7, 3], [8, 13, 9, 14], [10, 15, 11, 16], [12, 23, 13, 24], [14, 9, 15, 10], [16, 20, 17, 19], [18, 1, 19, 2], [20, 5, 21, 6], [22, 11, 23, 12]]"
12a_0331_176,"[[22, 11, 23, 12], [24, 8, 1, 7], [2, 17, 3, 18], [4, 21, 5, 22], [6, 4, 7, 3], [8, 13, 9, 14], [10, 15, 11, 16], [12, 23, 13, 24], [14, 9, 15, 10], [16, 20, 17, 19], [18, 1, 19, 2], [20, 5, 21, 6]]"
12a_0331_177,"[[20, 5, 21, 6], [22, 11, 23, 12], [24, 8, 1, 7], [2, 17, 3, 18], [4, 21, 5, 22], [6, 4, 7, 3], [8, 13, 9, 14], [10, 15, 11, 16], [12, 23, 13, 24], [14, 9, 15, 10], [16, 20, 17, 19], [18, 1, 19, 2]]"
12a_0331_178,"[[18, 1, 19, 2], [20, 5, 21, 6], [22, 11, 23, 12], [24, 8, 1, 7], [2, 17, 3, 18], [4, 21, 5, 22], [6, 4, 7, 3], [8, 13, 9, 14], [10, 15, 11, 16], [12, 23, 13, 24], [14, 9, 15, 10], [16, 20, 17, 19]]"
12a_0331_179,"[[16, 20, 17, 19], [18, 1, 19, 2], [20, 5, 21, 6], [22, 11, 23, 12], [24, 8, 1, 7], [2, 17, 3, 18], [4, 21, 5, 22], [6, 4, 7, 3], [8, 13, 9, 14], [10, 15, 11, 16], [12, 23, 13, 24], [14, 9, 15, 10]]"
12a_0331_180,"[[15, 10, 16, 11], [17, 21, 18, 20], [19, 2, 20, 3], [21, 6, 22, 7], [23, 12, 24, 13], [1, 9, 2, 8], [3, 18, 4, 19], [5, 22, 6, 23], [7, 5, 8, 4], [9, 14, 10, 15], [11, 16, 12, 17], [13, 24, 14, 1]]"
12a_0331_181,"[[13, 24, 14, 1], [15, 10, 16, 11], [17, 21, 18, 20], [19, 2, 20, 3], [21, 6, 22, 7], [23, 12, 24, 13], [1, 9, 2, 8], [3, 18, 4, 19], [5, 22, 6, 23], [7, 5, 8, 4], [9, 14, 10, 15], [11, 16, 12, 17]]"
12a_0331_182,"[[11, 16, 12, 17], [13, 24, 14, 1], [15, 10, 16, 11], [17, 21, 18, 20], [19, 2, 20, 3], [21, 6, 22, 7], [23, 12, 24, 13], [1, 9, 2, 8], [3, 18, 4, 19], [5, 22, 6, 23], [7, 5, 8, 4], [9, 14, 10, 15]]"
12a_0331_183,"[[9, 14, 10, 15], [11, 16, 12, 17], [13, 24, 14, 1], [15, 10, 16, 11], [17, 21, 18, 20], [19, 2, 20, 3], [21, 6, 22, 7], [23, 12, 24, 13], [1, 9, 2, 8], [3, 18, 4, 19], [5, 22, 6, 23], [7, 5, 8, 4]]"
12a_0331_184,"[[7, 5, 8, 4], [9, 14, 10, 15], [11, 16, 12, 17], [13, 24, 14, 1], [15, 10, 16, 11], [17, 21, 18, 20], [19, 2, 20, 3], [21, 6, 22, 7], [23, 12, 24, 13], [1, 9, 2, 8], [3, 18, 4, 19], [5, 22, 6, 23]]"
12a_0331_185,"[[5, 22, 6, 23], [7, 5, 8, 4], [9, 14, 10, 15], [11, 16, 12, 17], [13, 24, 14, 1], [15, 10, 16, 11], [17, 21, 18, 20], [19, 2, 20, 3], [21, 6, 22, 7], [23, 12, 24, 13], [1, 9, 2, 8], [3, 18, 4, 19]]"
