name,pd_notation
12a_0609_0,"[[24, 9, 1, 10], [2, 6, 3, 5], [4, 14, 5, 13], [6, 17, 7, 18], [8, 23, 9, 24], [10, 19, 11, 20], [12, 4, 13, 3], [14, 1, 15, 2], [16, 21, 17, 22], [18, 11, 19, 12], [20, 7, 21, 8], [22, 15, 23, 16]]"
12a_0609_1,"[[22, 15, 23, 16], [24, 9, 1, 10], [2, 6, 3, 5], [4, 14, 5, 13], [6, 17, 7, 18], [8, 23, 9, 24], [10, 19, 11, 20], [12, 4, 13, 3], [14, 1, 15, 2], [16, 21, 17, 22], [18, 11, 19, 12], [20, 7, 21, 8]]"
12a_0609_2,"[[20, 7, 21, 8], [22, 15, 23, 16], [24, 9, 1, 10], [2, 6, 3, 5], [4, 14, 5, 13], [6, 17, 7, 18], [8, 23, 9, 24], [10, 19, 11, 20], [12, 4, 13, 3], [14, 1, 15, 2], [16, 21, 17, 22], [18, 11, 19, 12]]"
12a_0609_3,"[[18, 11, 19, 12], [20, 7, 21, 8], [22, 15, 23, 16], [24, 9, 1, 10], [2, 6, 3, 5], [4, 14, 5, 13], [6, 17, 7, 18], [8, 23, 9, 24], [10, 19, 11, 20], [12, 4, 13, 3], [14, 1, 15, 2], [16, 21, 17, 22]]"
12a_0609_4,"[[16, 21, 17, 22], [18, 11, 19, 12], [20, 7, 21, 8], [22, 15, 23, 16], [24, 9, 1, 10], [2, 6, 3, 5], [4, 14, 5, 13], [6, 17, 7, 18], [8, 23, 9, 24], [10, 19, 11, 20], [12, 4, 13, 3], [14, 1, 15, 2]]"
12a_0609_5,"[[14, 1, 15, 2], [16, 21, 17, 22], [18, 11, 19, 12], [20, 7, 21, 8], [22, 15, 23, 16], [24, 9, 1, 10], [2, 6, 3, 5], [4, 14, 5, 13], [6, 17, 7, 18], [8, 23, 9, 24], [10, 19, 11, 20], [12, 4, 13, 3]]"
12a_0609_6,"[[12, 4, 13, 3], [14, 1, 15, 2], [16, 21, 17, 22], [18, 11, 19, 12], [20, 7, 21, 8], [22, 15, 23, 16], [24, 9, 1, 10], [2, 6, 3, 5], [4, 14, 5, 13], [6, 17, 7, 18], [8, 23, 9, 24], [10, 19, 11, 20]]"
12a_0609_7,"[[10, 19, 11, 20], [12, 4, 13, 3], [14, 1, 15, 2], [16, 21, 17, 22], [18, 11, 19, 12], [20, 7, 21, 8], [22, 15, 23, 16], [24, 9, 1, 10], [2, 6, 3, 5], [4, 14, 5, 13], [6, 17, 7, 18], [8, 23, 9, 24]]"
12a_0609_8,"[[8, 23, 9, 24], [10, 19, 11, 20], [12, 4, 13, 3], [14, 1, 15, 2], [16, 21, 17, 22], [18, 11, 19, 12], [20, 7, 21, 8], [22, 15, 23, 16], [24, 9, 1, 10], [2, 6, 3, 5], [4, 14, 5, 13], [6, 17, 7, 18]]"
12a_0609_9,"[[6, 17, 7, 18], [8, 23, 9, 24], [10, 19, 11, 20], [12, 4, 13, 3], [14, 1, 15, 2], [16, 21, 17, 22], [18, 11, 19, 12], [20, 7, 21, 8], [22, 15, 23, 16], [24, 9, 1, 10], [2, 6, 3, 5], [4, 14, 5, 13]]"
12a_0609_10,"[[4, 14, 5, 13], [6, 17, 7, 18], [8, 23, 9, 24], [10, 19, 11, 20], [12, 4, 13, 3], [14, 1, 15, 2], [16, 21, 17, 22], [18, 11, 19, 12], [20, 7, 21, 8], [22, 15, 23, 16], [24, 9, 1, 10], [2, 6, 3, 5]]"
12a_0609_11,"[[2, 6, 3, 5], [4, 14, 5, 13], [6, 17, 7, 18], [8, 23, 9, 24], [10, 19, 11, 20], [12, 4, 13, 3], [14, 1, 15, 2], [16, 21, 17, 22], [18, 11, 19, 12], [20, 7, 21, 8], [22, 15, 23, 16], [24, 9, 1, 10]]"
12a_0609_12,"[[1, 10, 2, 11], [3, 7, 4, 6], [5, 15, 6, 14], [7, 18, 8, 19], [9, 24, 10, 1], [11, 20, 12, 21], [13, 5, 14, 4], [15, 2, 16, 3], [17, 22, 18, 23], [19, 12, 20, 13], [21, 8, 22, 9], [23, 16, 24, 17]]"
12a_0609_13,"[[23, 16, 24, 17], [1, 10, 2, 11], [3, 7, 4, 6], [5, 15, 6, 14], [7, 18, 8, 19], [9, 24, 10, 1], [11, 20, 12, 21], [13, 5, 14, 4], [15, 2, 16, 3], [17, 22, 18, 23], [19, 12, 20, 13], [21, 8, 22, 9]]"
12a_0609_14,"[[21, 8, 22, 9], [23, 16, 24, 17], [1, 10, 2, 11], [3, 7, 4, 6], [5, 15, 6, 14], [7, 18, 8, 19], [9, 24, 10, 1], [11, 20, 12, 21], [13, 5, 14, 4], [15, 2, 16, 3], [17, 22, 18, 23], [19, 12, 20, 13]]"
12a_0609_15,"[[19, 12, 20, 13], [21, 8, 22, 9], [23, 16, 24, 17], [1, 10, 2, 11], [3, 7, 4, 6], [5, 15, 6, 14], [7, 18, 8, 19], [9, 24, 10, 1], [11, 20, 12, 21], [13, 5, 14, 4], [15, 2, 16, 3], [17, 22, 18, 23]]"
12a_0609_16,"[[17, 22, 18, 23], [19, 12, 20, 13], [21, 8, 22, 9], [23, 16, 24, 17], [1, 10, 2, 11], [3, 7, 4, 6], [5, 15, 6, 14], [7, 18, 8, 19], [9, 24, 10, 1], [11, 20, 12, 21], [13, 5, 14, 4], [15, 2, 16, 3]]"
12a_0609_17,"[[15, 2, 16, 3], [17, 22, 18, 23], [19, 12, 20, 13], [21, 8, 22, 9], [23, 16, 24, 17], [1, 10, 2, 11], [3, 7, 4, 6], [5, 15, 6, 14], [7, 18, 8, 19], [9, 24, 10, 1], [11, 20, 12, 21], [13, 5, 14, 4]]"
12a_0609_18,"[[13, 5, 14, 4], [15, 2, 16, 3], [17, 22, 18, 23], [19, 12, 20, 13], [21, 8, 22, 9], [23, 16, 24, 17], [1, 10, 2, 11], [3, 7, 4, 6], [5, 15, 6, 14], [7, 18, 8, 19], [9, 24, 10, 1], [11, 20, 12, 21]]"
12a_0609_19,"[[11, 20, 12, 21], [13, 5, 14, 4], [15, 2, 16, 3], [17, 22, 18, 23], [19, 12, 20, 13], [21, 8, 22, 9], [23, 16, 24, 17], [1, 10, 2, 11], [3, 7, 4, 6], [5, 15, 6, 14], [7, 18, 8, 19], [9, 24, 10, 1]]"
12a_0609_20,"[[9, 24, 10, 1], [11, 20, 12, 21], [13, 5, 14, 4], [15, 2, 16, 3], [17, 22, 18, 23], [19, 12, 20, 13], [21, 8, 22, 9], [23, 16, 24, 17], [1, 10, 2, 11], [3, 7, 4, 6], [5, 15, 6, 14], [7, 18, 8, 19]]"
12a_0609_21,"[[7, 18, 8, 19], [9, 24, 10, 1], [11, 20, 12, 21], [13, 5, 14, 4], [15, 2, 16, 3], [17, 22, 18, 23], [19, 12, 20, 13], [21, 8, 22, 9], [23, 16, 24, 17], [1, 10, 2, 11], [3, 7, 4, 6], [5, 15, 6, 14]]"
12a_0609_22,"[[5, 15, 6, 14], [7, 18, 8, 19], [9, 24, 10, 1], [11, 20, 12, 21], [13, 5, 14, 4], [15, 2, 16, 3], [17, 22, 18, 23], [19, 12, 20, 13], [21, 8, 22, 9], [23, 16, 24, 17], [1, 10, 2, 11], [3, 7, 4, 6]]"
12a_0609_23,"[[3, 7, 4, 6], [5, 15, 6, 14], [7, 18, 8, 19], [9, 24, 10, 1], [11, 20, 12, 21], [13, 5, 14, 4], [15, 2, 16, 3], [17, 22, 18, 23], [19, 12, 20, 13], [21, 8, 22, 9], [23, 16, 24, 17], [1, 10, 2, 11]]"
12a_0609_24,"[[2, 11, 3, 12], [4, 8, 5, 7], [6, 16, 7, 15], [8, 19, 9, 20], [10, 1, 11, 2], [12, 21, 13, 22], [14, 6, 15, 5], [16, 3, 17, 4], [18, 23, 19, 24], [20, 13, 21, 14], [22, 9, 23, 10], [24, 17, 1, 18]]"
12a_0609_25,"[[24, 17, 1, 18], [2, 11, 3, 12], [4, 8, 5, 7], [6, 16, 7, 15], [8, 19, 9, 20], [10, 1, 11, 2], [12, 21, 13, 22], [14, 6, 15, 5], [16, 3, 17, 4], [18, 23, 19, 24], [20, 13, 21, 14], [22, 9, 23, 10]]"
12a_0609_26,"[[22, 9, 23, 10], [24, 17, 1, 18], [2, 11, 3, 12], [4, 8, 5, 7], [6, 16, 7, 15], [8, 19, 9, 20], [10, 1, 11, 2], [12, 21, 13, 22], [14, 6, 15, 5], [16, 3, 17, 4], [18, 23, 19, 24], [20, 13, 21, 14]]"
12a_0609_27,"[[20, 13, 21, 14], [22, 9, 23, 10], [24, 17, 1, 18], [2, 11, 3, 12], [4, 8, 5, 7], [6, 16, 7, 15], [8, 19, 9, 20], [10, 1, 11, 2], [12, 21, 13, 22], [14, 6, 15, 5], [16, 3, 17, 4], [18, 23, 19, 24]]"
12a_0609_28,"[[18, 23, 19, 24], [20, 13, 21, 14], [22, 9, 23, 10], [24, 17, 1, 18], [2, 11, 3, 12], [4, 8, 5, 7], [6, 16, 7, 15], [8, 19, 9, 20], [10, 1, 11, 2], [12, 21, 13, 22], [14, 6, 15, 5], [16, 3, 17, 4]]"
12a_0609_29,"[[16, 3, 17, 4], [18, 23, 19, 24], [20, 13, 21, 14], [22, 9, 23, 10], [24, 17, 1, 18], [2, 11, 3, 12], [4, 8, 5, 7], [6, 16, 7, 15], [8, 19, 9, 20], [10, 1, 11, 2], [12, 21, 13, 22], [14, 6, 15, 5]]"
12a_0609_30,"[[14, 6, 15, 5], [16, 3, 17, 4], [18, 23, 19, 24], [20, 13, 21, 14], [22, 9, 23, 10], [24, 17, 1, 18], [2, 11, 3, 12], [4, 8, 5, 7], [6, 16, 7, 15], [8, 19, 9, 20], [10, 1, 11, 2], [12, 21, 13, 22]]"
12a_0609_31,"[[12, 21, 13, 22], [14, 6, 15, 5], [16, 3, 17, 4], [18, 23, 19, 24], [20, 13, 21, 14], [22, 9, 23, 10], [24, 17, 1, 18], [2, 11, 3, 12], [4, 8, 5, 7], [6, 16, 7, 15], [8, 19, 9, 20], [10, 1, 11, 2]]"
12a_0609_32,"[[10, 1, 11, 2], [12, 21, 13, 22], [14, 6, 15, 5], [16, 3, 17, 4], [18, 23, 19, 24], [20, 13, 21, 14], [22, 9, 23, 10], [24, 17, 1, 18], [2, 11, 3, 12], [4, 8, 5, 7], [6, 16, 7, 15], [8, 19, 9, 20]]"
12a_0609_33,"[[8, 19, 9, 20], [10, 1, 11, 2], [12, 21, 13, 22], [14, 6, 15, 5], [16, 3, 17, 4], [18, 23, 19, 24], [20, 13, 21, 14], [22, 9, 23, 10], [24, 17, 1, 18], [2, 11, 3, 12], [4, 8, 5, 7], [6, 16, 7, 15]]"
12a_0609_34,"[[6, 16, 7, 15], [8, 19, 9, 20], [10, 1, 11, 2], [12, 21, 13, 22], [14, 6, 15, 5], [16, 3, 17, 4], [18, 23, 19, 24], [20, 13, 21, 14], [22, 9, 23, 10], [24, 17, 1, 18], [2, 11, 3, 12], [4, 8, 5, 7]]"
12a_0609_35,"[[4, 8, 5, 7], [6, 16, 7, 15], [8, 19, 9, 20], [10, 1, 11, 2], [12, 21, 13, 22], [14, 6, 15, 5], [16, 3, 17, 4], [18, 23, 19, 24], [20, 13, 21, 14], [22, 9, 23, 10], [24, 17, 1, 18], [2, 11, 3, 12]]"
12a_0609_36,"[[3, 12, 4, 13], [5, 9, 6, 8], [7, 17, 8, 16], [9, 20, 10, 21], [11, 2, 12, 3], [13, 22, 14, 23], [15, 7, 16, 6], [17, 4, 18, 5], [19, 24, 20, 1], [21, 14, 22, 15], [23, 10, 24, 11], [1, 18, 2, 19]]"
12a_0609_37,"[[1, 18, 2, 19], [3, 12, 4, 13], [5, 9, 6, 8], [7, 17, 8, 16], [9, 20, 10, 21], [11, 2, 12, 3], [13, 22, 14, 23], [15, 7, 16, 6], [17, 4, 18, 5], [19, 24, 20, 1], [21, 14, 22, 15], [23, 10, 24, 11]]"
12a_0609_38,"[[23, 10, 24, 11], [1, 18, 2, 19], [3, 12, 4, 13], [5, 9, 6, 8], [7, 17, 8, 16], [9, 20, 10, 21], [11, 2, 12, 3], [13, 22, 14, 23], [15, 7, 16, 6], [17, 4, 18, 5], [19, 24, 20, 1], [21, 14, 22, 15]]"
12a_0609_39,"[[21, 14, 22, 15], [23, 10, 24, 11], [1, 18, 2, 19], [3, 12, 4, 13], [5, 9, 6, 8], [7, 17, 8, 16], [9, 20, 10, 21], [11, 2, 12, 3], [13, 22, 14, 23], [15, 7, 16, 6], [17, 4, 18, 5], [19, 24, 20, 1]]"
12a_0609_40,"[[19, 24, 20, 1], [21, 14, 22, 15], [23, 10, 24, 11], [1, 18, 2, 19], [3, 12, 4, 13], [5, 9, 6, 8], [7, 17, 8, 16], [9, 20, 10, 21], [11, 2, 12, 3], [13, 22, 14, 23], [15, 7, 16, 6], [17, 4, 18, 5]]"
12a_0609_41,"[[17, 4, 18, 5], [19, 24, 20, 1], [21, 14, 22, 15], [23, 10, 24, 11], [1, 18, 2, 19], [3, 12, 4, 13], [5, 9, 6, 8], [7, 17, 8, 16], [9, 20, 10, 21], [11, 2, 12, 3], [13, 22, 14, 23], [15, 7, 16, 6]]"
12a_0609_42,"[[15, 7, 16, 6], [17, 4, 18, 5], [19, 24, 20, 1], [21, 14, 22, 15], [23, 10, 24, 11], [1, 18, 2, 19], [3, 12, 4, 13], [5, 9, 6, 8], [7, 17, 8, 16], [9, 20, 10, 21], [11, 2, 12, 3], [13, 22, 14, 23]]"
12a_0609_43,"[[13, 22, 14, 23], [15, 7, 16, 6], [17, 4, 18, 5], [19, 24, 20, 1], [21, 14, 22, 15], [23, 10, 24, 11], [1, 18, 2, 19], [3, 12, 4, 13], [5, 9, 6, 8], [7, 17, 8, 16], [9, 20, 10, 21], [11, 2, 12, 3]]"
12a_0609_44,"[[11, 2, 12, 3], [13, 22, 14, 23], [15, 7, 16, 6], [17, 4, 18, 5], [19, 24, 20, 1], [21, 14, 22, 15], [23, 10, 24, 11], [1, 18, 2, 19], [3, 12, 4, 13], [5, 9, 6, 8], [7, 17, 8, 16], [9, 20, 10, 21]]"
12a_0609_45,"[[9, 20, 10, 21], [11, 2, 12, 3], [13, 22, 14, 23], [15, 7, 16, 6], [17, 4, 18, 5], [19, 24, 20, 1], [21, 14, 22, 15], [23, 10, 24, 11], [1, 18, 2, 19], [3, 12, 4, 13], [5, 9, 6, 8], [7, 17, 8, 16]]"
12a_0609_46,"[[7, 17, 8, 16], [9, 20, 10, 21], [11, 2, 12, 3], [13, 22, 14, 23], [15, 7, 16, 6], [17, 4, 18, 5], [19, 24, 20, 1], [21, 14, 22, 15], [23, 10, 24, 11], [1, 18, 2, 19], [3, 12, 4, 13], [5, 9, 6, 8]]"
12a_0609_47,"[[5, 9, 6, 8], [7, 17, 8, 16], [9, 20, 10, 21], [11, 2, 12, 3], [13, 22, 14, 23], [15, 7, 16, 6], [17, 4, 18, 5], [19, 24, 20, 1], [21, 14, 22, 15], [23, 10, 24, 11], [1, 18, 2, 19], [3, 12, 4, 13]]"
12a_0609_48,"[[4, 13, 5, 14], [6, 10, 7, 9], [8, 18, 9, 17], [10, 21, 11, 22], [12, 3, 13, 4], [14, 23, 15, 24], [16, 8, 17, 7], [18, 5, 19, 6], [20, 1, 21, 2], [22, 15, 23, 16], [24, 11, 1, 12], [2, 19, 3, 20]]"
12a_0609_49,"[[2, 19, 3, 20], [4, 13, 5, 14], [6, 10, 7, 9], [8, 18, 9, 17], [10, 21, 11, 22], [12, 3, 13, 4], [14, 23, 15, 24], [16, 8, 17, 7], [18, 5, 19, 6], [20, 1, 21, 2], [22, 15, 23, 16], [24, 11, 1, 12]]"
12a_0609_50,"[[24, 11, 1, 12], [2, 19, 3, 20], [4, 13, 5, 14], [6, 10, 7, 9], [8, 18, 9, 17], [10, 21, 11, 22], [12, 3, 13, 4], [14, 23, 15, 24], [16, 8, 17, 7], [18, 5, 19, 6], [20, 1, 21, 2], [22, 15, 23, 16]]"
12a_0609_51,"[[22, 15, 23, 16], [24, 11, 1, 12], [2, 19, 3, 20], [4, 13, 5, 14], [6, 10, 7, 9], [8, 18, 9, 17], [10, 21, 11, 22], [12, 3, 13, 4], [14, 23, 15, 24], [16, 8, 17, 7], [18, 5, 19, 6], [20, 1, 21, 2]]"
12a_0609_52,"[[20, 1, 21, 2], [22, 15, 23, 16], [24, 11, 1, 12], [2, 19, 3, 20], [4, 13, 5, 14], [6, 10, 7, 9], [8, 18, 9, 17], [10, 21, 11, 22], [12, 3, 13, 4], [14, 23, 15, 24], [16, 8, 17, 7], [18, 5, 19, 6]]"
12a_0609_53,"[[18, 5, 19, 6], [20, 1, 21, 2], [22, 15, 23, 16], [24, 11, 1, 12], [2, 19, 3, 20], [4, 13, 5, 14], [6, 10, 7, 9], [8, 18, 9, 17], [10, 21, 11, 22], [12, 3, 13, 4], [14, 23, 15, 24], [16, 8, 17, 7]]"
12a_0609_54,"[[16, 8, 17, 7], [18, 5, 19, 6], [20, 1, 21, 2], [22, 15, 23, 16], [24, 11, 1, 12], [2, 19, 3, 20], [4, 13, 5, 14], [6, 10, 7, 9], [8, 18, 9, 17], [10, 21, 11, 22], [12, 3, 13, 4], [14, 23, 15, 24]]"
12a_0609_55,"[[14, 23, 15, 24], [16, 8, 17, 7], [18, 5, 19, 6], [20, 1, 21, 2], [22, 15, 23, 16], [24, 11, 1, 12], [2, 19, 3, 20], [4, 13, 5, 14], [6, 10, 7, 9], [8, 18, 9, 17], [10, 21, 11, 22], [12, 3, 13, 4]]"
12a_0609_56,"[[12, 3, 13, 4], [14, 23, 15, 24], [16, 8, 17, 7], [18, 5, 19, 6], [20, 1, 21, 2], [22, 15, 23, 16], [24, 11, 1, 12], [2, 19, 3, 20], [4, 13, 5, 14], [6, 10, 7, 9], [8, 18, 9, 17], [10, 21, 11, 22]]"
12a_0609_57,"[[10, 21, 11, 22], [12, 3, 13, 4], [14, 23, 15, 24], [16, 8, 17, 7], [18, 5, 19, 6], [20, 1, 21, 2], [22, 15, 23, 16], [24, 11, 1, 12], [2, 19, 3, 20], [4, 13, 5, 14], [6, 10, 7, 9], [8, 18, 9, 17]]"
12a_0609_58,"[[8, 18, 9, 17], [10, 21, 11, 22], [12, 3, 13, 4], [14, 23, 15, 24], [16, 8, 17, 7], [18, 5, 19, 6], [20, 1, 21, 2], [22, 15, 23, 16], [24, 11, 1, 12], [2, 19, 3, 20], [4, 13, 5, 14], [6, 10, 7, 9]]"
12a_0609_59,"[[6, 10, 7, 9], [8, 18, 9, 17], [10, 21, 11, 22], [12, 3, 13, 4], [14, 23, 15, 24], [16, 8, 17, 7], [18, 5, 19, 6], [20, 1, 21, 2], [22, 15, 23, 16], [24, 11, 1, 12], [2, 19, 3, 20], [4, 13, 5, 14]]"
12a_0609_60,"[[5, 14, 6, 15], [7, 11, 8, 10], [9, 19, 10, 18], [11, 22, 12, 23], [13, 4, 14, 5], [15, 24, 16, 1], [17, 9, 18, 8], [19, 6, 20, 7], [21, 2, 22, 3], [23, 16, 24, 17], [1, 12, 2, 13], [3, 20, 4, 21]]"
12a_0609_61,"[[3, 20, 4, 21], [5, 14, 6, 15], [7, 11, 8, 10], [9, 19, 10, 18], [11, 22, 12, 23], [13, 4, 14, 5], [15, 24, 16, 1], [17, 9, 18, 8], [19, 6, 20, 7], [21, 2, 22, 3], [23, 16, 24, 17], [1, 12, 2, 13]]"
12a_0609_62,"[[1, 12, 2, 13], [3, 20, 4, 21], [5, 14, 6, 15], [7, 11, 8, 10], [9, 19, 10, 18], [11, 22, 12, 23], [13, 4, 14, 5], [15, 24, 16, 1], [17, 9, 18, 8], [19, 6, 20, 7], [21, 2, 22, 3], [23, 16, 24, 17]]"
12a_0609_63,"[[23, 16, 24, 17], [1, 12, 2, 13], [3, 20, 4, 21], [5, 14, 6, 15], [7, 11, 8, 10], [9, 19, 10, 18], [11, 22, 12, 23], [13, 4, 14, 5], [15, 24, 16, 1], [17, 9, 18, 8], [19, 6, 20, 7], [21, 2, 22, 3]]"
12a_0609_64,"[[21, 2, 22, 3], [23, 16, 24, 17], [1, 12, 2, 13], [3, 20, 4, 21], [5, 14, 6, 15], [7, 11, 8, 10], [9, 19, 10, 18], [11, 22, 12, 23], [13, 4, 14, 5], [15, 24, 16, 1], [17, 9, 18, 8], [19, 6, 20, 7]]"
12a_0609_65,"[[19, 6, 20, 7], [21, 2, 22, 3], [23, 16, 24, 17], [1, 12, 2, 13], [3, 20, 4, 21], [5, 14, 6, 15], [7, 11, 8, 10], [9, 19, 10, 18], [11, 22, 12, 23], [13, 4, 14, 5], [15, 24, 16, 1], [17, 9, 18, 8]]"
12a_0609_66,"[[17, 9, 18, 8], [19, 6, 20, 7], [21, 2, 22, 3], [23, 16, 24, 17], [1, 12, 2, 13], [3, 20, 4, 21], [5, 14, 6, 15], [7, 11, 8, 10], [9, 19, 10, 18], [11, 22, 12, 23], [13, 4, 14, 5], [15, 24, 16, 1]]"
12a_0609_67,"[[15, 24, 16, 1], [17, 9, 18, 8], [19, 6, 20, 7], [21, 2, 22, 3], [23, 16, 24, 17], [1, 12, 2, 13], [3, 20, 4, 21], [5, 14, 6, 15], [7, 11, 8, 10], [9, 19, 10, 18], [11, 22, 12, 23], [13, 4, 14, 5]]"
12a_0609_68,"[[13, 4, 14, 5], [15, 24, 16, 1], [17, 9, 18, 8], [19, 6, 20, 7], [21, 2, 22, 3], [23, 16, 24, 17], [1, 12, 2, 13], [3, 20, 4, 21], [5, 14, 6, 15], [7, 11, 8, 10], [9, 19, 10, 18], [11, 22, 12, 23]]"
12a_0609_69,"[[11, 22, 12, 23], [13, 4, 14, 5], [15, 24, 16, 1], [17, 9, 18, 8], [19, 6, 20, 7], [21, 2, 22, 3], [23, 16, 24, 17], [1, 12, 2, 13], [3, 20, 4, 21], [5, 14, 6, 15], [7, 11, 8, 10], [9, 19, 10, 18]]"
12a_0609_70,"[[9, 19, 10, 18], [11, 22, 12, 23], [13, 4, 14, 5], [15, 24, 16, 1], [17, 9, 18, 8], [19, 6, 20, 7], [21, 2, 22, 3], [23, 16, 24, 17], [1, 12, 2, 13], [3, 20, 4, 21], [5, 14, 6, 15], [7, 11, 8, 10]]"
12a_0609_71,"[[7, 11, 8, 10], [9, 19, 10, 18], [11, 22, 12, 23], [13, 4, 14, 5], [15, 24, 16, 1], [17, 9, 18, 8], [19, 6, 20, 7], [21, 2, 22, 3], [23, 16, 24, 17], [1, 12, 2, 13], [3, 20, 4, 21], [5, 14, 6, 15]]"
12a_0609_72,"[[6, 15, 7, 16], [8, 12, 9, 11], [10, 20, 11, 19], [12, 23, 13, 24], [14, 5, 15, 6], [16, 1, 17, 2], [18, 10, 19, 9], [20, 7, 21, 8], [22, 3, 23, 4], [24, 17, 1, 18], [2, 13, 3, 14], [4, 21, 5, 22]]"
12a_0609_73,"[[4, 21, 5, 22], [6, 15, 7, 16], [8, 12, 9, 11], [10, 20, 11, 19], [12, 23, 13, 24], [14, 5, 15, 6], [16, 1, 17, 2], [18, 10, 19, 9], [20, 7, 21, 8], [22, 3, 23, 4], [24, 17, 1, 18], [2, 13, 3, 14]]"
12a_0609_74,"[[2, 13, 3, 14], [4, 21, 5, 22], [6, 15, 7, 16], [8, 12, 9, 11], [10, 20, 11, 19], [12, 23, 13, 24], [14, 5, 15, 6], [16, 1, 17, 2], [18, 10, 19, 9], [20, 7, 21, 8], [22, 3, 23, 4], [24, 17, 1, 18]]"
12a_0609_75,"[[24, 17, 1, 18], [2, 13, 3, 14], [4, 21, 5, 22], [6, 15, 7, 16], [8, 12, 9, 11], [10, 20, 11, 19], [12, 23, 13, 24], [14, 5, 15, 6], [16, 1, 17, 2], [18, 10, 19, 9], [20, 7, 21, 8], [22, 3, 23, 4]]"
12a_0609_76,"[[22, 3, 23, 4], [24, 17, 1, 18], [2, 13, 3, 14], [4, 21, 5, 22], [6, 15, 7, 16], [8, 12, 9, 11], [10, 20, 11, 19], [12, 23, 13, 24], [14, 5, 15, 6], [16, 1, 17, 2], [18, 10, 19, 9], [20, 7, 21, 8]]"
12a_0609_77,"[[20, 7, 21, 8], [22, 3, 23, 4], [24, 17, 1, 18], [2, 13, 3, 14], [4, 21, 5, 22], [6, 15, 7, 16], [8, 12, 9, 11], [10, 20, 11, 19], [12, 23, 13, 24], [14, 5, 15, 6], [16, 1, 17, 2], [18, 10, 19, 9]]"
12a_0609_78,"[[18, 10, 19, 9], [20, 7, 21, 8], [22, 3, 23, 4], [24, 17, 1, 18], [2, 13, 3, 14], [4, 21, 5, 22], [6, 15, 7, 16], [8, 12, 9, 11], [10, 20, 11, 19], [12, 23, 13, 24], [14, 5, 15, 6], [16, 1, 17, 2]]"
12a_0609_79,"[[16, 1, 17, 2], [18, 10, 19, 9], [20, 7, 21, 8], [22, 3, 23, 4], [24, 17, 1, 18], [2, 13, 3, 14], [4, 21, 5, 22], [6, 15, 7, 16], [8, 12, 9, 11], [10, 20, 11, 19], [12, 23, 13, 24], [14, 5, 15, 6]]"
12a_0609_80,"[[14, 5, 15, 6], [16, 1, 17, 2], [18, 10, 19, 9], [20, 7, 21, 8], [22, 3, 23, 4], [24, 17, 1, 18], [2, 13, 3, 14], [4, 21, 5, 22], [6, 15, 7, 16], [8, 12, 9, 11], [10, 20, 11, 19], [12, 23, 13, 24]]"
12a_0609_81,"[[12, 23, 13, 24], [14, 5, 15, 6], [16, 1, 17, 2], [18, 10, 19, 9], [20, 7, 21, 8], [22, 3, 23, 4], [24, 17, 1, 18], [2, 13, 3, 14], [4, 21, 5, 22], [6, 15, 7, 16], [8, 12, 9, 11], [10, 20, 11, 19]]"
12a_0609_82,"[[10, 20, 11, 19], [12, 23, 13, 24], [14, 5, 15, 6], [16, 1, 17, 2], [18, 10, 19, 9], [20, 7, 21, 8], [22, 3, 23, 4], [24, 17, 1, 18], [2, 13, 3, 14], [4, 21, 5, 22], [6, 15, 7, 16], [8, 12, 9, 11]]"
12a_0609_83,"[[8, 12, 9, 11], [10, 20, 11, 19], [12, 23, 13, 24], [14, 5, 15, 6], [16, 1, 17, 2], [18, 10, 19, 9], [20, 7, 21, 8], [22, 3, 23, 4], [24, 17, 1, 18], [2, 13, 3, 14], [4, 21, 5, 22], [6, 15, 7, 16]]"
12a_0609_84,"[[7, 16, 8, 17], [9, 13, 10, 12], [11, 21, 12, 20], [13, 24, 14, 1], [15, 6, 16, 7], [17, 2, 18, 3], [19, 11, 20, 10], [21, 8, 22, 9], [23, 4, 24, 5], [1, 18, 2, 19], [3, 14, 4, 15], [5, 22, 6, 23]]"
12a_0609_85,"[[5, 22, 6, 23], [7, 16, 8, 17], [9, 13, 10, 12], [11, 21, 12, 20], [13, 24, 14, 1], [15, 6, 16, 7], [17, 2, 18, 3], [19, 11, 20, 10], [21, 8, 22, 9], [23, 4, 24, 5], [1, 18, 2, 19], [3, 14, 4, 15]]"
12a_0609_86,"[[3, 14, 4, 15], [5, 22, 6, 23], [7, 16, 8, 17], [9, 13, 10, 12], [11, 21, 12, 20], [13, 24, 14, 1], [15, 6, 16, 7], [17, 2, 18, 3], [19, 11, 20, 10], [21, 8, 22, 9], [23, 4, 24, 5], [1, 18, 2, 19]]"
12a_0609_87,"[[1, 18, 2, 19], [3, 14, 4, 15], [5, 22, 6, 23], [7, 16, 8, 17], [9, 13, 10, 12], [11, 21, 12, 20], [13, 24, 14, 1], [15, 6, 16, 7], [17, 2, 18, 3], [19, 11, 20, 10], [21, 8, 22, 9], [23, 4, 24, 5]]"
12a_0609_88,"[[23, 4, 24, 5], [1, 18, 2, 19], [3, 14, 4, 15], [5, 22, 6, 23], [7, 16, 8, 17], [9, 13, 10, 12], [11, 21, 12, 20], [13, 24, 14, 1], [15, 6, 16, 7], [17, 2, 18, 3], [19, 11, 20, 10], [21, 8, 22, 9]]"
12a_0609_89,"[[21, 8, 22, 9], [23, 4, 24, 5], [1, 18, 2, 19], [3, 14, 4, 15], [5, 22, 6, 23], [7, 16, 8, 17], [9, 13, 10, 12], [11, 21, 12, 20], [13, 24, 14, 1], [15, 6, 16, 7], [17, 2, 18, 3], [19, 11, 20, 10]]"
12a_0609_90,"[[19, 11, 20, 10], [21, 8, 22, 9], [23, 4, 24, 5], [1, 18, 2, 19], [3, 14, 4, 15], [5, 22, 6, 23], [7, 16, 8, 17], [9, 13, 10, 12], [11, 21, 12, 20], [13, 24, 14, 1], [15, 6, 16, 7], [17, 2, 18, 3]]"
12a_0609_91,"[[17, 2, 18, 3], [19, 11, 20, 10], [21, 8, 22, 9], [23, 4, 24, 5], [1, 18, 2, 19], [3, 14, 4, 15], [5, 22, 6, 23], [7, 16, 8, 17], [9, 13, 10, 12], [11, 21, 12, 20], [13, 24, 14, 1], [15, 6, 16, 7]]"
12a_0609_92,"[[15, 6, 16, 7], [17, 2, 18, 3], [19, 11, 20, 10], [21, 8, 22, 9], [23, 4, 24, 5], [1, 18, 2, 19], [3, 14, 4, 15], [5, 22, 6, 23], [7, 16, 8, 17], [9, 13, 10, 12], [11, 21, 12, 20], [13, 24, 14, 1]]"
12a_0609_93,"[[13, 24, 14, 1], [15, 6, 16, 7], [17, 2, 18, 3], [19, 11, 20, 10], [21, 8, 22, 9], [23, 4, 24, 5], [1, 18, 2, 19], [3, 14, 4, 15], [5, 22, 6, 23], [7, 16, 8, 17], [9, 13, 10, 12], [11, 21, 12, 20]]"
12a_0609_94,"[[11, 21, 12, 20], [13, 24, 14, 1], [15, 6, 16, 7], [17, 2, 18, 3], [19, 11, 20, 10], [21, 8, 22, 9], [23, 4, 24, 5], [1, 18, 2, 19], [3, 14, 4, 15], [5, 22, 6, 23], [7, 16, 8, 17], [9, 13, 10, 12]]"
12a_0609_95,"[[9, 13, 10, 12], [11, 21, 12, 20], [13, 24, 14, 1], [15, 6, 16, 7], [17, 2, 18, 3], [19, 11, 20, 10], [21, 8, 22, 9], [23, 4, 24, 5], [1, 18, 2, 19], [3, 14, 4, 15], [5, 22, 6, 23], [7, 16, 8, 17]]"
12a_0609_96,"[[8, 17, 9, 18], [10, 14, 11, 13], [12, 22, 13, 21], [14, 1, 15, 2], [16, 7, 17, 8], [18, 3, 19, 4], [20, 12, 21, 11], [22, 9, 23, 10], [24, 5, 1, 6], [2, 19, 3, 20], [4, 15, 5, 16], [6, 23, 7, 24]]"
12a_0609_97,"[[6, 23, 7, 24], [8, 17, 9, 18], [10, 14, 11, 13], [12, 22, 13, 21], [14, 1, 15, 2], [16, 7, 17, 8], [18, 3, 19, 4], [20, 12, 21, 11], [22, 9, 23, 10], [24, 5, 1, 6], [2, 19, 3, 20], [4, 15, 5, 16]]"
12a_0609_98,"[[4, 15, 5, 16], [6, 23, 7, 24], [8, 17, 9, 18], [10, 14, 11, 13], [12, 22, 13, 21], [14, 1, 15, 2], [16, 7, 17, 8], [18, 3, 19, 4], [20, 12, 21, 11], [22, 9, 23, 10], [24, 5, 1, 6], [2, 19, 3, 20]]"
12a_0609_99,"[[2, 19, 3, 20], [4, 15, 5, 16], [6, 23, 7, 24], [8, 17, 9, 18], [10, 14, 11, 13], [12, 22, 13, 21], [14, 1, 15, 2], [16, 7, 17, 8], [18, 3, 19, 4], [20, 12, 21, 11], [22, 9, 23, 10], [24, 5, 1, 6]]"
12a_0609_100,"[[24, 5, 1, 6], [2, 19, 3, 20], [4, 15, 5, 16], [6, 23, 7, 24], [8, 17, 9, 18], [10, 14, 11, 13], [12, 22, 13, 21], [14, 1, 15, 2], [16, 7, 17, 8], [18, 3, 19, 4], [20, 12, 21, 11], [22, 9, 23, 10]]"
12a_0609_101,"[[22, 9, 23, 10], [24, 5, 1, 6], [2, 19, 3, 20], [4, 15, 5, 16], [6, 23, 7, 24], [8, 17, 9, 18], [10, 14, 11, 13], [12, 22, 13, 21], [14, 1, 15, 2], [16, 7, 17, 8], [18, 3, 19, 4], [20, 12, 21, 11]]"
12a_0609_102,"[[20, 12, 21, 11], [22, 9, 23, 10], [24, 5, 1, 6], [2, 19, 3, 20], [4, 15, 5, 16], [6, 23, 7, 24], [8, 17, 9, 18], [10, 14, 11, 13], [12, 22, 13, 21], [14, 1, 15, 2], [16, 7, 17, 8], [18, 3, 19, 4]]"
12a_0609_103,"[[18, 3, 19, 4], [20, 12, 21, 11], [22, 9, 23, 10], [24, 5, 1, 6], [2, 19, 3, 20], [4, 15, 5, 16], [6, 23, 7, 24], [8, 17, 9, 18], [10, 14, 11, 13], [12, 22, 13, 21], [14, 1, 15, 2], [16, 7, 17, 8]]"
12a_0609_104,"[[16, 7, 17, 8], [18, 3, 19, 4], [20, 12, 21, 11], [22, 9, 23, 10], [24, 5, 1, 6], [2, 19, 3, 20], [4, 15, 5, 16], [6, 23, 7, 24], [8, 17, 9, 18], [10, 14, 11, 13], [12, 22, 13, 21], [14, 1, 15, 2]]"
12a_0609_105,"[[14, 1, 15, 2], [16, 7, 17, 8], [18, 3, 19, 4], [20, 12, 21, 11], [22, 9, 23, 10], [24, 5, 1, 6], [2, 19, 3, 20], [4, 15, 5, 16], [6, 23, 7, 24], [8, 17, 9, 18], [10, 14, 11, 13], [12, 22, 13, 21]]"
12a_0609_106,"[[12, 22, 13, 21], [14, 1, 15, 2], [16, 7, 17, 8], [18, 3, 19, 4], [20, 12, 21, 11], [22, 9, 23, 10], [24, 5, 1, 6], [2, 19, 3, 20], [4, 15, 5, 16], [6, 23, 7, 24], [8, 17, 9, 18], [10, 14, 11, 13]]"
12a_0609_107,"[[10, 14, 11, 13], [12, 22, 13, 21], [14, 1, 15, 2], [16, 7, 17, 8], [18, 3, 19, 4], [20, 12, 21, 11], [22, 9, 23, 10], [24, 5, 1, 6], [2, 19, 3, 20], [4, 15, 5, 16], [6, 23, 7, 24], [8, 17, 9, 18]]"
12a_0609_108,"[[9, 18, 10, 19], [11, 15, 12, 14], [13, 23, 14, 22], [15, 2, 16, 3], [17, 8, 18, 9], [19, 4, 20, 5], [21, 13, 22, 12], [23, 10, 24, 11], [1, 6, 2, 7], [3, 20, 4, 21], [5, 16, 6, 17], [7, 24, 8, 1]]"
12a_0609_109,"[[7, 24, 8, 1], [9, 18, 10, 19], [11, 15, 12, 14], [13, 23, 14, 22], [15, 2, 16, 3], [17, 8, 18, 9], [19, 4, 20, 5], [21, 13, 22, 12], [23, 10, 24, 11], [1, 6, 2, 7], [3, 20, 4, 21], [5, 16, 6, 17]]"
12a_0609_110,"[[5, 16, 6, 17], [7, 24, 8, 1], [9, 18, 10, 19], [11, 15, 12, 14], [13, 23, 14, 22], [15, 2, 16, 3], [17, 8, 18, 9], [19, 4, 20, 5], [21, 13, 22, 12], [23, 10, 24, 11], [1, 6, 2, 7], [3, 20, 4, 21]]"
12a_0609_111,"[[3, 20, 4, 21], [5, 16, 6, 17], [7, 24, 8, 1], [9, 18, 10, 19], [11, 15, 12, 14], [13, 23, 14, 22], [15, 2, 16, 3], [17, 8, 18, 9], [19, 4, 20, 5], [21, 13, 22, 12], [23, 10, 24, 11], [1, 6, 2, 7]]"
12a_0609_112,"[[1, 6, 2, 7], [3, 20, 4, 21], [5, 16, 6, 17], [7, 24, 8, 1], [9, 18, 10, 19], [11, 15, 12, 14], [13, 23, 14, 22], [15, 2, 16, 3], [17, 8, 18, 9], [19, 4, 20, 5], [21, 13, 22, 12], [23, 10, 24, 11]]"
12a_0609_113,"[[23, 10, 24, 11], [1, 6, 2, 7], [3, 20, 4, 21], [5, 16, 6, 17], [7, 24, 8, 1], [9, 18, 10, 19], [11, 15, 12, 14], [13, 23, 14, 22], [15, 2, 16, 3], [17, 8, 18, 9], [19, 4, 20, 5], [21, 13, 22, 12]]"
12a_0609_114,"[[21, 13, 22, 12], [23, 10, 24, 11], [1, 6, 2, 7], [3, 20, 4, 21], [5, 16, 6, 17], [7, 24, 8, 1], [9, 18, 10, 19], [11, 15, 12, 14], [13, 23, 14, 22], [15, 2, 16, 3], [17, 8, 18, 9], [19, 4, 20, 5]]"
12a_0609_115,"[[19, 4, 20, 5], [21, 13, 22, 12], [23, 10, 24, 11], [1, 6, 2, 7], [3, 20, 4, 21], [5, 16, 6, 17], [7, 24, 8, 1], [9, 18, 10, 19], [11, 15, 12, 14], [13, 23, 14, 22], [15, 2, 16, 3], [17, 8, 18, 9]]"
12a_0609_116,"[[17, 8, 18, 9], [19, 4, 20, 5], [21, 13, 22, 12], [23, 10, 24, 11], [1, 6, 2, 7], [3, 20, 4, 21], [5, 16, 6, 17], [7, 24, 8, 1], [9, 18, 10, 19], [11, 15, 12, 14], [13, 23, 14, 22], [15, 2, 16, 3]]"
12a_0609_117,"[[15, 2, 16, 3], [17, 8, 18, 9], [19, 4, 20, 5], [21, 13, 22, 12], [23, 10, 24, 11], [1, 6, 2, 7], [3, 20, 4, 21], [5, 16, 6, 17], [7, 24, 8, 1], [9, 18, 10, 19], [11, 15, 12, 14], [13, 23, 14, 22]]"
12a_0609_118,"[[13, 23, 14, 22], [15, 2, 16, 3], [17, 8, 18, 9], [19, 4, 20, 5], [21, 13, 22, 12], [23, 10, 24, 11], [1, 6, 2, 7], [3, 20, 4, 21], [5, 16, 6, 17], [7, 24, 8, 1], [9, 18, 10, 19], [11, 15, 12, 14]]"
12a_0609_119,"[[11, 15, 12, 14], [13, 23, 14, 22], [15, 2, 16, 3], [17, 8, 18, 9], [19, 4, 20, 5], [21, 13, 22, 12], [23, 10, 24, 11], [1, 6, 2, 7], [3, 20, 4, 21], [5, 16, 6, 17], [7, 24, 8, 1], [9, 18, 10, 19]]"
12a_0609_120,"[[10, 19, 11, 20], [12, 16, 13, 15], [14, 24, 15, 23], [16, 3, 17, 4], [18, 9, 19, 10], [20, 5, 21, 6], [22, 14, 23, 13], [24, 11, 1, 12], [2, 7, 3, 8], [4, 21, 5, 22], [6, 17, 7, 18], [8, 1, 9, 2]]"
12a_0609_121,"[[8, 1, 9, 2], [10, 19, 11, 20], [12, 16, 13, 15], [14, 24, 15, 23], [16, 3, 17, 4], [18, 9, 19, 10], [20, 5, 21, 6], [22, 14, 23, 13], [24, 11, 1, 12], [2, 7, 3, 8], [4, 21, 5, 22], [6, 17, 7, 18]]"
12a_0609_122,"[[6, 17, 7, 18], [8, 1, 9, 2], [10, 19, 11, 20], [12, 16, 13, 15], [14, 24, 15, 23], [16, 3, 17, 4], [18, 9, 19, 10], [20, 5, 21, 6], [22, 14, 23, 13], [24, 11, 1, 12], [2, 7, 3, 8], [4, 21, 5, 22]]"
12a_0609_123,"[[4, 21, 5, 22], [6, 17, 7, 18], [8, 1, 9, 2], [10, 19, 11, 20], [12, 16, 13, 15], [14, 24, 15, 23], [16, 3, 17, 4], [18, 9, 19, 10], [20, 5, 21, 6], [22, 14, 23, 13], [24, 11, 1, 12], [2, 7, 3, 8]]"
12a_0609_124,"[[2, 7, 3, 8], [4, 21, 5, 22], [6, 17, 7, 18], [8, 1, 9, 2], [10, 19, 11, 20], [12, 16, 13, 15], [14, 24, 15, 23], [16, 3, 17, 4], [18, 9, 19, 10], [20, 5, 21, 6], [22, 14, 23, 13], [24, 11, 1, 12]]"
12a_0609_125,"[[24, 11, 1, 12], [2, 7, 3, 8], [4, 21, 5, 22], [6, 17, 7, 18], [8, 1, 9, 2], [10, 19, 11, 20], [12, 16, 13, 15], [14, 24, 15, 23], [16, 3, 17, 4], [18, 9, 19, 10], [20, 5, 21, 6], [22, 14, 23, 13]]"
12a_0609_126,"[[22, 14, 23, 13], [24, 11, 1, 12], [2, 7, 3, 8], [4, 21, 5, 22], [6, 17, 7, 18], [8, 1, 9, 2], [10, 19, 11, 20], [12, 16, 13, 15], [14, 24, 15, 23], [16, 3, 17, 4], [18, 9, 19, 10], [20, 5, 21, 6]]"
12a_0609_127,"[[20, 5, 21, 6], [22, 14, 23, 13], [24, 11, 1, 12], [2, 7, 3, 8], [4, 21, 5, 22], [6, 17, 7, 18], [8, 1, 9, 2], [10, 19, 11, 20], [12, 16, 13, 15], [14, 24, 15, 23], [16, 3, 17, 4], [18, 9, 19, 10]]"
12a_0609_128,"[[18, 9, 19, 10], [20, 5, 21, 6], [22, 14, 23, 13], [24, 11, 1, 12], [2, 7, 3, 8], [4, 21, 5, 22], [6, 17, 7, 18], [8, 1, 9, 2], [10, 19, 11, 20], [12, 16, 13, 15], [14, 24, 15, 23], [16, 3, 17, 4]]"
12a_0609_129,"[[16, 3, 17, 4], [18, 9, 19, 10], [20, 5, 21, 6], [22, 14, 23, 13], [24, 11, 1, 12], [2, 7, 3, 8], [4, 21, 5, 22], [6, 17, 7, 18], [8, 1, 9, 2], [10, 19, 11, 20], [12, 16, 13, 15], [14, 24, 15, 23]]"
12a_0609_130,"[[14, 24, 15, 23], [16, 3, 17, 4], [18, 9, 19, 10], [20, 5, 21, 6], [22, 14, 23, 13], [24, 11, 1, 12], [2, 7, 3, 8], [4, 21, 5, 22], [6, 17, 7, 18], [8, 1, 9, 2], [10, 19, 11, 20], [12, 16, 13, 15]]"
12a_0609_131,"[[12, 16, 13, 15], [14, 24, 15, 23], [16, 3, 17, 4], [18, 9, 19, 10], [20, 5, 21, 6], [22, 14, 23, 13], [24, 11, 1, 12], [2, 7, 3, 8], [4, 21, 5, 22], [6, 17, 7, 18], [8, 1, 9, 2], [10, 19, 11, 20]]"
12a_0609_132,"[[11, 20, 12, 21], [13, 17, 14, 16], [15, 1, 16, 24], [17, 4, 18, 5], [19, 10, 20, 11], [21, 6, 22, 7], [23, 15, 24, 14], [1, 12, 2, 13], [3, 8, 4, 9], [5, 22, 6, 23], [7, 18, 8, 19], [9, 2, 10, 3]]"
12a_0609_133,"[[9, 2, 10, 3], [11, 20, 12, 21], [13, 17, 14, 16], [15, 1, 16, 24], [17, 4, 18, 5], [19, 10, 20, 11], [21, 6, 22, 7], [23, 15, 24, 14], [1, 12, 2, 13], [3, 8, 4, 9], [5, 22, 6, 23], [7, 18, 8, 19]]"
12a_0609_134,"[[7, 18, 8, 19], [9, 2, 10, 3], [11, 20, 12, 21], [13, 17, 14, 16], [15, 1, 16, 24], [17, 4, 18, 5], [19, 10, 20, 11], [21, 6, 22, 7], [23, 15, 24, 14], [1, 12, 2, 13], [3, 8, 4, 9], [5, 22, 6, 23]]"
12a_0609_135,"[[5, 22, 6, 23], [7, 18, 8, 19], [9, 2, 10, 3], [11, 20, 12, 21], [13, 17, 14, 16], [15, 1, 16, 24], [17, 4, 18, 5], [19, 10, 20, 11], [21, 6, 22, 7], [23, 15, 24, 14], [1, 12, 2, 13], [3, 8, 4, 9]]"
12a_0609_136,"[[3, 8, 4, 9], [5, 22, 6, 23], [7, 18, 8, 19], [9, 2, 10, 3], [11, 20, 12, 21], [13, 17, 14, 16], [15, 1, 16, 24], [17, 4, 18, 5], [19, 10, 20, 11], [21, 6, 22, 7], [23, 15, 24, 14], [1, 12, 2, 13]]"
12a_0609_137,"[[1, 12, 2, 13], [3, 8, 4, 9], [5, 22, 6, 23], [7, 18, 8, 19], [9, 2, 10, 3], [11, 20, 12, 21], [13, 17, 14, 16], [15, 1, 16, 24], [17, 4, 18, 5], [19, 10, 20, 11], [21, 6, 22, 7], [23, 15, 24, 14]]"
12a_0609_138,"[[23, 15, 24, 14], [1, 12, 2, 13], [3, 8, 4, 9], [5, 22, 6, 23], [7, 18, 8, 19], [9, 2, 10, 3], [11, 20, 12, 21], [13, 17, 14, 16], [15, 1, 16, 24], [17, 4, 18, 5], [19, 10, 20, 11], [21, 6, 22, 7]]"
12a_0609_139,"[[21, 6, 22, 7], [23, 15, 24, 14], [1, 12, 2, 13], [3, 8, 4, 9], [5, 22, 6, 23], [7, 18, 8, 19], [9, 2, 10, 3], [11, 20, 12, 21], [13, 17, 14, 16], [15, 1, 16, 24], [17, 4, 18, 5], [19, 10, 20, 11]]"
12a_0609_140,"[[19, 10, 20, 11], [21, 6, 22, 7], [23, 15, 24, 14], [1, 12, 2, 13], [3, 8, 4, 9], [5, 22, 6, 23], [7, 18, 8, 19], [9, 2, 10, 3], [11, 20, 12, 21], [13, 17, 14, 16], [15, 1, 16, 24], [17, 4, 18, 5]]"
12a_0609_141,"[[17, 4, 18, 5], [19, 10, 20, 11], [21, 6, 22, 7], [23, 15, 24, 14], [1, 12, 2, 13], [3, 8, 4, 9], [5, 22, 6, 23], [7, 18, 8, 19], [9, 2, 10, 3], [11, 20, 12, 21], [13, 17, 14, 16], [15, 1, 16, 24]]"
12a_0609_142,"[[15, 1, 16, 24], [17, 4, 18, 5], [19, 10, 20, 11], [21, 6, 22, 7], [23, 15, 24, 14], [1, 12, 2, 13], [3, 8, 4, 9], [5, 22, 6, 23], [7, 18, 8, 19], [9, 2, 10, 3], [11, 20, 12, 21], [13, 17, 14, 16]]"
12a_0609_143,"[[13, 17, 14, 16], [15, 1, 16, 24], [17, 4, 18, 5], [19, 10, 20, 11], [21, 6, 22, 7], [23, 15, 24, 14], [1, 12, 2, 13], [3, 8, 4, 9], [5, 22, 6, 23], [7, 18, 8, 19], [9, 2, 10, 3], [11, 20, 12, 21]]"
12a_0609_144,"[[12, 21, 13, 22], [14, 18, 15, 17], [16, 2, 17, 1], [18, 5, 19, 6], [20, 11, 21, 12], [22, 7, 23, 8], [24, 16, 1, 15], [2, 13, 3, 14], [4, 9, 5, 10], [6, 23, 7, 24], [8, 19, 9, 20], [10, 3, 11, 4]]"
12a_0609_145,"[[10, 3, 11, 4], [12, 21, 13, 22], [14, 18, 15, 17], [16, 2, 17, 1], [18, 5, 19, 6], [20, 11, 21, 12], [22, 7, 23, 8], [24, 16, 1, 15], [2, 13, 3, 14], [4, 9, 5, 10], [6, 23, 7, 24], [8, 19, 9, 20]]"
12a_0609_146,"[[8, 19, 9, 20], [10, 3, 11, 4], [12, 21, 13, 22], [14, 18, 15, 17], [16, 2, 17, 1], [18, 5, 19, 6], [20, 11, 21, 12], [22, 7, 23, 8], [24, 16, 1, 15], [2, 13, 3, 14], [4, 9, 5, 10], [6, 23, 7, 24]]"
12a_0609_147,"[[6, 23, 7, 24], [8, 19, 9, 20], [10, 3, 11, 4], [12, 21, 13, 22], [14, 18, 15, 17], [16, 2, 17, 1], [18, 5, 19, 6], [20, 11, 21, 12], [22, 7, 23, 8], [24, 16, 1, 15], [2, 13, 3, 14], [4, 9, 5, 10]]"
12a_0609_148,"[[4, 9, 5, 10], [6, 23, 7, 24], [8, 19, 9, 20], [10, 3, 11, 4], [12, 21, 13, 22], [14, 18, 15, 17], [16, 2, 17, 1], [18, 5, 19, 6], [20, 11, 21, 12], [22, 7, 23, 8], [24, 16, 1, 15], [2, 13, 3, 14]]"
12a_0609_149,"[[2, 13, 3, 14], [4, 9, 5, 10], [6, 23, 7, 24], [8, 19, 9, 20], [10, 3, 11, 4], [12, 21, 13, 22], [14, 18, 15, 17], [16, 2, 17, 1], [18, 5, 19, 6], [20, 11, 21, 12], [22, 7, 23, 8], [24, 16, 1, 15]]"
12a_0609_150,"[[24, 16, 1, 15], [2, 13, 3, 14], [4, 9, 5, 10], [6, 23, 7, 24], [8, 19, 9, 20], [10, 3, 11, 4], [12, 21, 13, 22], [14, 18, 15, 17], [16, 2, 17, 1], [18, 5, 19, 6], [20, 11, 21, 12], [22, 7, 23, 8]]"
12a_0609_151,"[[22, 7, 23, 8], [24, 16, 1, 15], [2, 13, 3, 14], [4, 9, 5, 10], [6, 23, 7, 24], [8, 19, 9, 20], [10, 3, 11, 4], [12, 21, 13, 22], [14, 18, 15, 17], [16, 2, 17, 1], [18, 5, 19, 6], [20, 11, 21, 12]]"
12a_0609_152,"[[20, 11, 21, 12], [22, 7, 23, 8], [24, 16, 1, 15], [2, 13, 3, 14], [4, 9, 5, 10], [6, 23, 7, 24], [8, 19, 9, 20], [10, 3, 11, 4], [12, 21, 13, 22], [14, 18, 15, 17], [16, 2, 17, 1], [18, 5, 19, 6]]"
12a_0609_153,"[[18, 5, 19, 6], [20, 11, 21, 12], [22, 7, 23, 8], [24, 16, 1, 15], [2, 13, 3, 14], [4, 9, 5, 10], [6, 23, 7, 24], [8, 19, 9, 20], [10, 3, 11, 4], [12, 21, 13, 22], [14, 18, 15, 17], [16, 2, 17, 1]]"
12a_0609_154,"[[16, 2, 17, 1], [18, 5, 19, 6], [20, 11, 21, 12], [22, 7, 23, 8], [24, 16, 1, 15], [2, 13, 3, 14], [4, 9, 5, 10], [6, 23, 7, 24], [8, 19, 9, 20], [10, 3, 11, 4], [12, 21, 13, 22], [14, 18, 15, 17]]"
12a_0609_155,"[[14, 18, 15, 17], [16, 2, 17, 1], [18, 5, 19, 6], [20, 11, 21, 12], [22, 7, 23, 8], [24, 16, 1, 15], [2, 13, 3, 14], [4, 9, 5, 10], [6, 23, 7, 24], [8, 19, 9, 20], [10, 3, 11, 4], [12, 21, 13, 22]]"
12a_0609_156,"[[13, 22, 14, 23], [15, 19, 16, 18], [17, 3, 18, 2], [19, 6, 20, 7], [21, 12, 22, 13], [23, 8, 24, 9], [1, 17, 2, 16], [3, 14, 4, 15], [5, 10, 6, 11], [7, 24, 8, 1], [9, 20, 10, 21], [11, 4, 12, 5]]"
12a_0609_157,"[[11, 4, 12, 5], [13, 22, 14, 23], [15, 19, 16, 18], [17, 3, 18, 2], [19, 6, 20, 7], [21, 12, 22, 13], [23, 8, 24, 9], [1, 17, 2, 16], [3, 14, 4, 15], [5, 10, 6, 11], [7, 24, 8, 1], [9, 20, 10, 21]]"
12a_0609_158,"[[9, 20, 10, 21], [11, 4, 12, 5], [13, 22, 14, 23], [15, 19, 16, 18], [17, 3, 18, 2], [19, 6, 20, 7], [21, 12, 22, 13], [23, 8, 24, 9], [1, 17, 2, 16], [3, 14, 4, 15], [5, 10, 6, 11], [7, 24, 8, 1]]"
12a_0609_159,"[[7, 24, 8, 1], [9, 20, 10, 21], [11, 4, 12, 5], [13, 22, 14, 23], [15, 19, 16, 18], [17, 3, 18, 2], [19, 6, 20, 7], [21, 12, 22, 13], [23, 8, 24, 9], [1, 17, 2, 16], [3, 14, 4, 15], [5, 10, 6, 11]]"
12a_0609_160,"[[5, 10, 6, 11], [7, 24, 8, 1], [9, 20, 10, 21], [11, 4, 12, 5], [13, 22, 14, 23], [15, 19, 16, 18], [17, 3, 18, 2], [19, 6, 20, 7], [21, 12, 22, 13], [23, 8, 24, 9], [1, 17, 2, 16], [3, 14, 4, 15]]"
12a_0609_161,"[[3, 14, 4, 15], [5, 10, 6, 11], [7, 24, 8, 1], [9, 20, 10, 21], [11, 4, 12, 5], [13, 22, 14, 23], [15, 19, 16, 18], [17, 3, 18, 2], [19, 6, 20, 7], [21, 12, 22, 13], [23, 8, 24, 9], [1, 17, 2, 16]]"
12a_0609_162,"[[1, 17, 2, 16], [3, 14, 4, 15], [5, 10, 6, 11], [7, 24, 8, 1], [9, 20, 10, 21], [11, 4, 12, 5], [13, 22, 14, 23], [15, 19, 16, 18], [17, 3, 18, 2], [19, 6, 20, 7], [21, 12, 22, 13], [23, 8, 24, 9]]"
12a_0609_163,"[[23, 8, 24, 9], [1, 17, 2, 16], [3, 14, 4, 15], [5, 10, 6, 11], [7, 24, 8, 1], [9, 20, 10, 21], [11, 4, 12, 5], [13, 22, 14, 23], [15, 19, 16, 18], [17, 3, 18, 2], [19, 6, 20, 7], [21, 12, 22, 13]]"
12a_0609_164,"[[21, 12, 22, 13], [23, 8, 24, 9], [1, 17, 2, 16], [3, 14, 4, 15], [5, 10, 6, 11], [7, 24, 8, 1], [9, 20, 10, 21], [11, 4, 12, 5], [13, 22, 14, 23], [15, 19, 16, 18], [17, 3, 18, 2], [19, 6, 20, 7]]"
12a_0609_165,"[[19, 6, 20, 7], [21, 12, 22, 13], [23, 8, 24, 9], [1, 17, 2, 16], [3, 14, 4, 15], [5, 10, 6, 11], [7, 24, 8, 1], [9, 20, 10, 21], [11, 4, 12, 5], [13, 22, 14, 23], [15, 19, 16, 18], [17, 3, 18, 2]]"
12a_0609_166,"[[17, 3, 18, 2], [19, 6, 20, 7], [21, 12, 22, 13], [23, 8, 24, 9], [1, 17, 2, 16], [3, 14, 4, 15], [5, 10, 6, 11], [7, 24, 8, 1], [9, 20, 10, 21], [11, 4, 12, 5], [13, 22, 14, 23], [15, 19, 16, 18]]"
12a_0609_167,"[[15, 19, 16, 18], [17, 3, 18, 2], [19, 6, 20, 7], [21, 12, 22, 13], [23, 8, 24, 9], [1, 17, 2, 16], [3, 14, 4, 15], [5, 10, 6, 11], [7, 24, 8, 1], [9, 20, 10, 21], [11, 4, 12, 5], [13, 22, 14, 23]]"
12a_0609_168,"[[14, 23, 15, 24], [16, 20, 17, 19], [18, 4, 19, 3], [20, 7, 21, 8], [22, 13, 23, 14], [24, 9, 1, 10], [2, 18, 3, 17], [4, 15, 5, 16], [6, 11, 7, 12], [8, 1, 9, 2], [10, 21, 11, 22], [12, 5, 13, 6]]"
12a_0609_169,"[[12, 5, 13, 6], [14, 23, 15, 24], [16, 20, 17, 19], [18, 4, 19, 3], [20, 7, 21, 8], [22, 13, 23, 14], [24, 9, 1, 10], [2, 18, 3, 17], [4, 15, 5, 16], [6, 11, 7, 12], [8, 1, 9, 2], [10, 21, 11, 22]]"
12a_0609_170,"[[10, 21, 11, 22], [12, 5, 13, 6], [14, 23, 15, 24], [16, 20, 17, 19], [18, 4, 19, 3], [20, 7, 21, 8], [22, 13, 23, 14], [24, 9, 1, 10], [2, 18, 3, 17], [4, 15, 5, 16], [6, 11, 7, 12], [8, 1, 9, 2]]"
12a_0609_171,"[[8, 1, 9, 2], [10, 21, 11, 22], [12, 5, 13, 6], [14, 23, 15, 24], [16, 20, 17, 19], [18, 4, 19, 3], [20, 7, 21, 8], [22, 13, 23, 14], [24, 9, 1, 10], [2, 18, 3, 17], [4, 15, 5, 16], [6, 11, 7, 12]]"
12a_0609_172,"[[6, 11, 7, 12], [8, 1, 9, 2], [10, 21, 11, 22], [12, 5, 13, 6], [14, 23, 15, 24], [16, 20, 17, 19], [18, 4, 19, 3], [20, 7, 21, 8], [22, 13, 23, 14], [24, 9, 1, 10], [2, 18, 3, 17], [4, 15, 5, 16]]"
12a_0609_173,"[[4, 15, 5, 16], [6, 11, 7, 12], [8, 1, 9, 2], [10, 21, 11, 22], [12, 5, 13, 6], [14, 23, 15, 24], [16, 20, 17, 19], [18, 4, 19, 3], [20, 7, 21, 8], [22, 13, 23, 14], [24, 9, 1, 10], [2, 18, 3, 17]]"
12a_0609_174,"[[2, 18, 3, 17], [4, 15, 5, 16], [6, 11, 7, 12], [8, 1, 9, 2], [10, 21, 11, 22], [12, 5, 13, 6], [14, 23, 15, 24], [16, 20, 17, 19], [18, 4, 19, 3], [20, 7, 21, 8], [22, 13, 23, 14], [24, 9, 1, 10]]"
12a_0609_175,"[[24, 9, 1, 10], [2, 18, 3, 17], [4, 15, 5, 16], [6, 11, 7, 12], [8, 1, 9, 2], [10, 21, 11, 22], [12, 5, 13, 6], [14, 23, 15, 24], [16, 20, 17, 19], [18, 4, 19, 3], [20, 7, 21, 8], [22, 13, 23, 14]]"
12a_0609_176,"[[22, 13, 23, 14], [24, 9, 1, 10], [2, 18, 3, 17], [4, 15, 5, 16], [6, 11, 7, 12], [8, 1, 9, 2], [10, 21, 11, 22], [12, 5, 13, 6], [14, 23, 15, 24], [16, 20, 17, 19], [18, 4, 19, 3], [20, 7, 21, 8]]"
12a_0609_177,"[[20, 7, 21, 8], [22, 13, 23, 14], [24, 9, 1, 10], [2, 18, 3, 17], [4, 15, 5, 16], [6, 11, 7, 12], [8, 1, 9, 2], [10, 21, 11, 22], [12, 5, 13, 6], [14, 23, 15, 24], [16, 20, 17, 19], [18, 4, 19, 3]]"
12a_0609_178,"[[18, 4, 19, 3], [20, 7, 21, 8], [22, 13, 23, 14], [24, 9, 1, 10], [2, 18, 3, 17], [4, 15, 5, 16], [6, 11, 7, 12], [8, 1, 9, 2], [10, 21, 11, 22], [12, 5, 13, 6], [14, 23, 15, 24], [16, 20, 17, 19]]"
12a_0609_179,"[[16, 20, 17, 19], [18, 4, 19, 3], [20, 7, 21, 8], [22, 13, 23, 14], [24, 9, 1, 10], [2, 18, 3, 17], [4, 15, 5, 16], [6, 11, 7, 12], [8, 1, 9, 2], [10, 21, 11, 22], [12, 5, 13, 6], [14, 23, 15, 24]]"
12a_0609_180,"[[15, 24, 16, 1], [17, 21, 18, 20], [19, 5, 20, 4], [21, 8, 22, 9], [23, 14, 24, 15], [1, 10, 2, 11], [3, 19, 4, 18], [5, 16, 6, 17], [7, 12, 8, 13], [9, 2, 10, 3], [11, 22, 12, 23], [13, 6, 14, 7]]"
12a_0609_181,"[[13, 6, 14, 7], [15, 24, 16, 1], [17, 21, 18, 20], [19, 5, 20, 4], [21, 8, 22, 9], [23, 14, 24, 15], [1, 10, 2, 11], [3, 19, 4, 18], [5, 16, 6, 17], [7, 12, 8, 13], [9, 2, 10, 3], [11, 22, 12, 23]]"
12a_0609_182,"[[11, 22, 12, 23], [13, 6, 14, 7], [15, 24, 16, 1], [17, 21, 18, 20], [19, 5, 20, 4], [21, 8, 22, 9], [23, 14, 24, 15], [1, 10, 2, 11], [3, 19, 4, 18], [5, 16, 6, 17], [7, 12, 8, 13], [9, 2, 10, 3]]"
12a_0609_183,"[[9, 2, 10, 3], [11, 22, 12, 23], [13, 6, 14, 7], [15, 24, 16, 1], [17, 21, 18, 20], [19, 5, 20, 4], [21, 8, 22, 9], [23, 14, 24, 15], [1, 10, 2, 11], [3, 19, 4, 18], [5, 16, 6, 17], [7, 12, 8, 13]]"
12a_0609_184,"[[7, 12, 8, 13], [9, 2, 10, 3], [11, 22, 12, 23], [13, 6, 14, 7], [15, 24, 16, 1], [17, 21, 18, 20], [19, 5, 20, 4], [21, 8, 22, 9], [23, 14, 24, 15], [1, 10, 2, 11], [3, 19, 4, 18], [5, 16, 6, 17]]"
12a_0609_185,"[[5, 16, 6, 17], [7, 12, 8, 13], [9, 2, 10, 3], [11, 22, 12, 23], [13, 6, 14, 7], [15, 24, 16, 1], [17, 21, 18, 20], [19, 5, 20, 4], [21, 8, 22, 9], [23, 14, 24, 15], [1, 10, 2, 11], [3, 19, 4, 18]]"
