name,pd_notation
12a_0381_0,"[[24, 22, 1, 21], [2, 6, 3, 5], [4, 11, 5, 12], [6, 18, 7, 17], [8, 20, 9, 19], [10, 14, 11, 13], [12, 3, 13, 4], [14, 23, 15, 24], [16, 10, 17, 9], [18, 8, 19, 7], [20, 2, 21, 1], [22, 15, 23, 16]]"
12a_0381_1,"[[22, 15, 23, 16], [24, 22, 1, 21], [2, 6, 3, 5], [4, 11, 5, 12], [6, 18, 7, 17], [8, 20, 9, 19], [10, 14, 11, 13], [12, 3, 13, 4], [14, 23, 15, 24], [16, 10, 17, 9], [18, 8, 19, 7], [20, 2, 21, 1]]"
12a_0381_2,"[[20, 2, 21, 1], [22, 15, 23, 16], [24, 22, 1, 21], [2, 6, 3, 5], [4, 11, 5, 12], [6, 18, 7, 17], [8, 20, 9, 19], [10, 14, 11, 13], [12, 3, 13, 4], [14, 23, 15, 24], [16, 10, 17, 9], [18, 8, 19, 7]]"
12a_0381_3,"[[18, 8, 19, 7], [20, 2, 21, 1], [22, 15, 23, 16], [24, 22, 1, 21], [2, 6, 3, 5], [4, 11, 5, 12], [6, 18, 7, 17], [8, 20, 9, 19], [10, 14, 11, 13], [12, 3, 13, 4], [14, 23, 15, 24], [16, 10, 17, 9]]"
12a_0381_4,"[[16, 10, 17, 9], [18, 8, 19, 7], [20, 2, 21, 1], [22, 15, 23, 16], [24, 22, 1, 21], [2, 6, 3, 5], [4, 11, 5, 12], [6, 18, 7, 17], [8, 20, 9, 19], [10, 14, 11, 13], [12, 3, 13, 4], [14, 23, 15, 24]]"
12a_0381_5,"[[14, 23, 15, 24], [16, 10, 17, 9], [18, 8, 19, 7], [20, 2, 21, 1], [22, 15, 23, 16], [24, 22, 1, 21], [2, 6, 3, 5], [4, 11, 5, 12], [6, 18, 7, 17], [8, 20, 9, 19], [10, 14, 11, 13], [12, 3, 13, 4]]"
12a_0381_6,"[[12, 3, 13, 4], [14, 23, 15, 24], [16, 10, 17, 9], [18, 8, 19, 7], [20, 2, 21, 1], [22, 15, 23, 16], [24, 22, 1, 21], [2, 6, 3, 5], [4, 11, 5, 12], [6, 18, 7, 17], [8, 20, 9, 19], [10, 14, 11, 13]]"
12a_0381_7,"[[10, 14, 11, 13], [12, 3, 13, 4], [14, 23, 15, 24], [16, 10, 17, 9], [18, 8, 19, 7], [20, 2, 21, 1], [22, 15, 23, 16], [24, 22, 1, 21], [2, 6, 3, 5], [4, 11, 5, 12], [6, 18, 7, 17], [8, 20, 9, 19]]"
12a_0381_8,"[[8, 20, 9, 19], [10, 14, 11, 13], [12, 3, 13, 4], [14, 23, 15, 24], [16, 10, 17, 9], [18, 8, 19, 7], [20, 2, 21, 1], [22, 15, 23, 16], [24, 22, 1, 21], [2, 6, 3, 5], [4, 11, 5, 12], [6, 18, 7, 17]]"
12a_0381_9,"[[6, 18, 7, 17], [8, 20, 9, 19], [10, 14, 11, 13], [12, 3, 13, 4], [14, 23, 15, 24], [16, 10, 17, 9], [18, 8, 19, 7], [20, 2, 21, 1], [22, 15, 23, 16], [24, 22, 1, 21], [2, 6, 3, 5], [4, 11, 5, 12]]"
12a_0381_10,"[[4, 11, 5, 12], [6, 18, 7, 17], [8, 20, 9, 19], [10, 14, 11, 13], [12, 3, 13, 4], [14, 23, 15, 24], [16, 10, 17, 9], [18, 8, 19, 7], [20, 2, 21, 1], [22, 15, 23, 16], [24, 22, 1, 21], [2, 6, 3, 5]]"
12a_0381_11,"[[2, 6, 3, 5], [4, 11, 5, 12], [6, 18, 7, 17], [8, 20, 9, 19], [10, 14, 11, 13], [12, 3, 13, 4], [14, 23, 15, 24], [16, 10, 17, 9], [18, 8, 19, 7], [20, 2, 21, 1], [22, 15, 23, 16], [24, 22, 1, 21]]"
12a_0381_12,"[[1, 23, 2, 22], [3, 7, 4, 6], [5, 12, 6, 13], [7, 19, 8, 18], [9, 21, 10, 20], [11, 15, 12, 14], [13, 4, 14, 5], [15, 24, 16, 1], [17, 11, 18, 10], [19, 9, 20, 8], [21, 3, 22, 2], [23, 16, 24, 17]]"
12a_0381_13,"[[23, 16, 24, 17], [1, 23, 2, 22], [3, 7, 4, 6], [5, 12, 6, 13], [7, 19, 8, 18], [9, 21, 10, 20], [11, 15, 12, 14], [13, 4, 14, 5], [15, 24, 16, 1], [17, 11, 18, 10], [19, 9, 20, 8], [21, 3, 22, 2]]"
12a_0381_14,"[[21, 3, 22, 2], [23, 16, 24, 17], [1, 23, 2, 22], [3, 7, 4, 6], [5, 12, 6, 13], [7, 19, 8, 18], [9, 21, 10, 20], [11, 15, 12, 14], [13, 4, 14, 5], [15, 24, 16, 1], [17, 11, 18, 10], [19, 9, 20, 8]]"
12a_0381_15,"[[19, 9, 20, 8], [21, 3, 22, 2], [23, 16, 24, 17], [1, 23, 2, 22], [3, 7, 4, 6], [5, 12, 6, 13], [7, 19, 8, 18], [9, 21, 10, 20], [11, 15, 12, 14], [13, 4, 14, 5], [15, 24, 16, 1], [17, 11, 18, 10]]"
12a_0381_16,"[[17, 11, 18, 10], [19, 9, 20, 8], [21, 3, 22, 2], [23, 16, 24, 17], [1, 23, 2, 22], [3, 7, 4, 6], [5, 12, 6, 13], [7, 19, 8, 18], [9, 21, 10, 20], [11, 15, 12, 14], [13, 4, 14, 5], [15, 24, 16, 1]]"
12a_0381_17,"[[15, 24, 16, 1], [17, 11, 18, 10], [19, 9, 20, 8], [21, 3, 22, 2], [23, 16, 24, 17], [1, 23, 2, 22], [3, 7, 4, 6], [5, 12, 6, 13], [7, 19, 8, 18], [9, 21, 10, 20], [11, 15, 12, 14], [13, 4, 14, 5]]"
12a_0381_18,"[[13, 4, 14, 5], [15, 24, 16, 1], [17, 11, 18, 10], [19, 9, 20, 8], [21, 3, 22, 2], [23, 16, 24, 17], [1, 23, 2, 22], [3, 7, 4, 6], [5, 12, 6, 13], [7, 19, 8, 18], [9, 21, 10, 20], [11, 15, 12, 14]]"
12a_0381_19,"[[11, 15, 12, 14], [13, 4, 14, 5], [15, 24, 16, 1], [17, 11, 18, 10], [19, 9, 20, 8], [21, 3, 22, 2], [23, 16, 24, 17], [1, 23, 2, 22], [3, 7, 4, 6], [5, 12, 6, 13], [7, 19, 8, 18], [9, 21, 10, 20]]"
12a_0381_20,"[[9, 21, 10, 20], [11, 15, 12, 14], [13, 4, 14, 5], [15, 24, 16, 1], [17, 11, 18, 10], [19, 9, 20, 8], [21, 3, 22, 2], [23, 16, 24, 17], [1, 23, 2, 22], [3, 7, 4, 6], [5, 12, 6, 13], [7, 19, 8, 18]]"
12a_0381_21,"[[7, 19, 8, 18], [9, 21, 10, 20], [11, 15, 12, 14], [13, 4, 14, 5], [15, 24, 16, 1], [17, 11, 18, 10], [19, 9, 20, 8], [21, 3, 22, 2], [23, 16, 24, 17], [1, 23, 2, 22], [3, 7, 4, 6], [5, 12, 6, 13]]"
12a_0381_22,"[[5, 12, 6, 13], [7, 19, 8, 18], [9, 21, 10, 20], [11, 15, 12, 14], [13, 4, 14, 5], [15, 24, 16, 1], [17, 11, 18, 10], [19, 9, 20, 8], [21, 3, 22, 2], [23, 16, 24, 17], [1, 23, 2, 22], [3, 7, 4, 6]]"
12a_0381_23,"[[3, 7, 4, 6], [5, 12, 6, 13], [7, 19, 8, 18], [9, 21, 10, 20], [11, 15, 12, 14], [13, 4, 14, 5], [15, 24, 16, 1], [17, 11, 18, 10], [19, 9, 20, 8], [21, 3, 22, 2], [23, 16, 24, 17], [1, 23, 2, 22]]"
12a_0381_24,"[[2, 24, 3, 23], [4, 8, 5, 7], [6, 13, 7, 14], [8, 20, 9, 19], [10, 22, 11, 21], [12, 16, 13, 15], [14, 5, 15, 6], [16, 1, 17, 2], [18, 12, 19, 11], [20, 10, 21, 9], [22, 4, 23, 3], [24, 17, 1, 18]]"
12a_0381_25,"[[24, 17, 1, 18], [2, 24, 3, 23], [4, 8, 5, 7], [6, 13, 7, 14], [8, 20, 9, 19], [10, 22, 11, 21], [12, 16, 13, 15], [14, 5, 15, 6], [16, 1, 17, 2], [18, 12, 19, 11], [20, 10, 21, 9], [22, 4, 23, 3]]"
12a_0381_26,"[[22, 4, 23, 3], [24, 17, 1, 18], [2, 24, 3, 23], [4, 8, 5, 7], [6, 13, 7, 14], [8, 20, 9, 19], [10, 22, 11, 21], [12, 16, 13, 15], [14, 5, 15, 6], [16, 1, 17, 2], [18, 12, 19, 11], [20, 10, 21, 9]]"
12a_0381_27,"[[20, 10, 21, 9], [22, 4, 23, 3], [24, 17, 1, 18], [2, 24, 3, 23], [4, 8, 5, 7], [6, 13, 7, 14], [8, 20, 9, 19], [10, 22, 11, 21], [12, 16, 13, 15], [14, 5, 15, 6], [16, 1, 17, 2], [18, 12, 19, 11]]"
12a_0381_28,"[[18, 12, 19, 11], [20, 10, 21, 9], [22, 4, 23, 3], [24, 17, 1, 18], [2, 24, 3, 23], [4, 8, 5, 7], [6, 13, 7, 14], [8, 20, 9, 19], [10, 22, 11, 21], [12, 16, 13, 15], [14, 5, 15, 6], [16, 1, 17, 2]]"
12a_0381_29,"[[16, 1, 17, 2], [18, 12, 19, 11], [20, 10, 21, 9], [22, 4, 23, 3], [24, 17, 1, 18], [2, 24, 3, 23], [4, 8, 5, 7], [6, 13, 7, 14], [8, 20, 9, 19], [10, 22, 11, 21], [12, 16, 13, 15], [14, 5, 15, 6]]"
12a_0381_30,"[[14, 5, 15, 6], [16, 1, 17, 2], [18, 12, 19, 11], [20, 10, 21, 9], [22, 4, 23, 3], [24, 17, 1, 18], [2, 24, 3, 23], [4, 8, 5, 7], [6, 13, 7, 14], [8, 20, 9, 19], [10, 22, 11, 21], [12, 16, 13, 15]]"
12a_0381_31,"[[12, 16, 13, 15], [14, 5, 15, 6], [16, 1, 17, 2], [18, 12, 19, 11], [20, 10, 21, 9], [22, 4, 23, 3], [24, 17, 1, 18], [2, 24, 3, 23], [4, 8, 5, 7], [6, 13, 7, 14], [8, 20, 9, 19], [10, 22, 11, 21]]"
12a_0381_32,"[[10, 22, 11, 21], [12, 16, 13, 15], [14, 5, 15, 6], [16, 1, 17, 2], [18, 12, 19, 11], [20, 10, 21, 9], [22, 4, 23, 3], [24, 17, 1, 18], [2, 24, 3, 23], [4, 8, 5, 7], [6, 13, 7, 14], [8, 20, 9, 19]]"
12a_0381_33,"[[8, 20, 9, 19], [10, 22, 11, 21], [12, 16, 13, 15], [14, 5, 15, 6], [16, 1, 17, 2], [18, 12, 19, 11], [20, 10, 21, 9], [22, 4, 23, 3], [24, 17, 1, 18], [2, 24, 3, 23], [4, 8, 5, 7], [6, 13, 7, 14]]"
12a_0381_34,"[[6, 13, 7, 14], [8, 20, 9, 19], [10, 22, 11, 21], [12, 16, 13, 15], [14, 5, 15, 6], [16, 1, 17, 2], [18, 12, 19, 11], [20, 10, 21, 9], [22, 4, 23, 3], [24, 17, 1, 18], [2, 24, 3, 23], [4, 8, 5, 7]]"
12a_0381_35,"[[4, 8, 5, 7], [6, 13, 7, 14], [8, 20, 9, 19], [10, 22, 11, 21], [12, 16, 13, 15], [14, 5, 15, 6], [16, 1, 17, 2], [18, 12, 19, 11], [20, 10, 21, 9], [22, 4, 23, 3], [24, 17, 1, 18], [2, 24, 3, 23]]"
12a_0381_36,"[[3, 1, 4, 24], [5, 9, 6, 8], [7, 14, 8, 15], [9, 21, 10, 20], [11, 23, 12, 22], [13, 17, 14, 16], [15, 6, 16, 7], [17, 2, 18, 3], [19, 13, 20, 12], [21, 11, 22, 10], [23, 5, 24, 4], [1, 18, 2, 19]]"
12a_0381_37,"[[1, 18, 2, 19], [3, 1, 4, 24], [5, 9, 6, 8], [7, 14, 8, 15], [9, 21, 10, 20], [11, 23, 12, 22], [13, 17, 14, 16], [15, 6, 16, 7], [17, 2, 18, 3], [19, 13, 20, 12], [21, 11, 22, 10], [23, 5, 24, 4]]"
12a_0381_38,"[[23, 5, 24, 4], [1, 18, 2, 19], [3, 1, 4, 24], [5, 9, 6, 8], [7, 14, 8, 15], [9, 21, 10, 20], [11, 23, 12, 22], [13, 17, 14, 16], [15, 6, 16, 7], [17, 2, 18, 3], [19, 13, 20, 12], [21, 11, 22, 10]]"
12a_0381_39,"[[21, 11, 22, 10], [23, 5, 24, 4], [1, 18, 2, 19], [3, 1, 4, 24], [5, 9, 6, 8], [7, 14, 8, 15], [9, 21, 10, 20], [11, 23, 12, 22], [13, 17, 14, 16], [15, 6, 16, 7], [17, 2, 18, 3], [19, 13, 20, 12]]"
12a_0381_40,"[[19, 13, 20, 12], [21, 11, 22, 10], [23, 5, 24, 4], [1, 18, 2, 19], [3, 1, 4, 24], [5, 9, 6, 8], [7, 14, 8, 15], [9, 21, 10, 20], [11, 23, 12, 22], [13, 17, 14, 16], [15, 6, 16, 7], [17, 2, 18, 3]]"
12a_0381_41,"[[17, 2, 18, 3], [19, 13, 20, 12], [21, 11, 22, 10], [23, 5, 24, 4], [1, 18, 2, 19], [3, 1, 4, 24], [5, 9, 6, 8], [7, 14, 8, 15], [9, 21, 10, 20], [11, 23, 12, 22], [13, 17, 14, 16], [15, 6, 16, 7]]"
12a_0381_42,"[[15, 6, 16, 7], [17, 2, 18, 3], [19, 13, 20, 12], [21, 11, 22, 10], [23, 5, 24, 4], [1, 18, 2, 19], [3, 1, 4, 24], [5, 9, 6, 8], [7, 14, 8, 15], [9, 21, 10, 20], [11, 23, 12, 22], [13, 17, 14, 16]]"
12a_0381_43,"[[13, 17, 14, 16], [15, 6, 16, 7], [17, 2, 18, 3], [19, 13, 20, 12], [21, 11, 22, 10], [23, 5, 24, 4], [1, 18, 2, 19], [3, 1, 4, 24], [5, 9, 6, 8], [7, 14, 8, 15], [9, 21, 10, 20], [11, 23, 12, 22]]"
12a_0381_44,"[[11, 23, 12, 22], [13, 17, 14, 16], [15, 6, 16, 7], [17, 2, 18, 3], [19, 13, 20, 12], [21, 11, 22, 10], [23, 5, 24, 4], [1, 18, 2, 19], [3, 1, 4, 24], [5, 9, 6, 8], [7, 14, 8, 15], [9, 21, 10, 20]]"
12a_0381_45,"[[9, 21, 10, 20], [11, 23, 12, 22], [13, 17, 14, 16], [15, 6, 16, 7], [17, 2, 18, 3], [19, 13, 20, 12], [21, 11, 22, 10], [23, 5, 24, 4], [1, 18, 2, 19], [3, 1, 4, 24], [5, 9, 6, 8], [7, 14, 8, 15]]"
12a_0381_46,"[[7, 14, 8, 15], [9, 21, 10, 20], [11, 23, 12, 22], [13, 17, 14, 16], [15, 6, 16, 7], [17, 2, 18, 3], [19, 13, 20, 12], [21, 11, 22, 10], [23, 5, 24, 4], [1, 18, 2, 19], [3, 1, 4, 24], [5, 9, 6, 8]]"
12a_0381_47,"[[5, 9, 6, 8], [7, 14, 8, 15], [9, 21, 10, 20], [11, 23, 12, 22], [13, 17, 14, 16], [15, 6, 16, 7], [17, 2, 18, 3], [19, 13, 20, 12], [21, 11, 22, 10], [23, 5, 24, 4], [1, 18, 2, 19], [3, 1, 4, 24]]"
12a_0381_48,"[[4, 2, 5, 1], [6, 10, 7, 9], [8, 15, 9, 16], [10, 22, 11, 21], [12, 24, 13, 23], [14, 18, 15, 17], [16, 7, 17, 8], [18, 3, 19, 4], [20, 14, 21, 13], [22, 12, 23, 11], [24, 6, 1, 5], [2, 19, 3, 20]]"
12a_0381_49,"[[2, 19, 3, 20], [4, 2, 5, 1], [6, 10, 7, 9], [8, 15, 9, 16], [10, 22, 11, 21], [12, 24, 13, 23], [14, 18, 15, 17], [16, 7, 17, 8], [18, 3, 19, 4], [20, 14, 21, 13], [22, 12, 23, 11], [24, 6, 1, 5]]"
12a_0381_50,"[[24, 6, 1, 5], [2, 19, 3, 20], [4, 2, 5, 1], [6, 10, 7, 9], [8, 15, 9, 16], [10, 22, 11, 21], [12, 24, 13, 23], [14, 18, 15, 17], [16, 7, 17, 8], [18, 3, 19, 4], [20, 14, 21, 13], [22, 12, 23, 11]]"
12a_0381_51,"[[22, 12, 23, 11], [24, 6, 1, 5], [2, 19, 3, 20], [4, 2, 5, 1], [6, 10, 7, 9], [8, 15, 9, 16], [10, 22, 11, 21], [12, 24, 13, 23], [14, 18, 15, 17], [16, 7, 17, 8], [18, 3, 19, 4], [20, 14, 21, 13]]"
12a_0381_52,"[[20, 14, 21, 13], [22, 12, 23, 11], [24, 6, 1, 5], [2, 19, 3, 20], [4, 2, 5, 1], [6, 10, 7, 9], [8, 15, 9, 16], [10, 22, 11, 21], [12, 24, 13, 23], [14, 18, 15, 17], [16, 7, 17, 8], [18, 3, 19, 4]]"
12a_0381_53,"[[18, 3, 19, 4], [20, 14, 21, 13], [22, 12, 23, 11], [24, 6, 1, 5], [2, 19, 3, 20], [4, 2, 5, 1], [6, 10, 7, 9], [8, 15, 9, 16], [10, 22, 11, 21], [12, 24, 13, 23], [14, 18, 15, 17], [16, 7, 17, 8]]"
12a_0381_54,"[[16, 7, 17, 8], [18, 3, 19, 4], [20, 14, 21, 13], [22, 12, 23, 11], [24, 6, 1, 5], [2, 19, 3, 20], [4, 2, 5, 1], [6, 10, 7, 9], [8, 15, 9, 16], [10, 22, 11, 21], [12, 24, 13, 23], [14, 18, 15, 17]]"
12a_0381_55,"[[14, 18, 15, 17], [16, 7, 17, 8], [18, 3, 19, 4], [20, 14, 21, 13], [22, 12, 23, 11], [24, 6, 1, 5], [2, 19, 3, 20], [4, 2, 5, 1], [6, 10, 7, 9], [8, 15, 9, 16], [10, 22, 11, 21], [12, 24, 13, 23]]"
12a_0381_56,"[[12, 24, 13, 23], [14, 18, 15, 17], [16, 7, 17, 8], [18, 3, 19, 4], [20, 14, 21, 13], [22, 12, 23, 11], [24, 6, 1, 5], [2, 19, 3, 20], [4, 2, 5, 1], [6, 10, 7, 9], [8, 15, 9, 16], [10, 22, 11, 21]]"
12a_0381_57,"[[10, 22, 11, 21], [12, 24, 13, 23], [14, 18, 15, 17], [16, 7, 17, 8], [18, 3, 19, 4], [20, 14, 21, 13], [22, 12, 23, 11], [24, 6, 1, 5], [2, 19, 3, 20], [4, 2, 5, 1], [6, 10, 7, 9], [8, 15, 9, 16]]"
12a_0381_58,"[[8, 15, 9, 16], [10, 22, 11, 21], [12, 24, 13, 23], [14, 18, 15, 17], [16, 7, 17, 8], [18, 3, 19, 4], [20, 14, 21, 13], [22, 12, 23, 11], [24, 6, 1, 5], [2, 19, 3, 20], [4, 2, 5, 1], [6, 10, 7, 9]]"
12a_0381_59,"[[6, 10, 7, 9], [8, 15, 9, 16], [10, 22, 11, 21], [12, 24, 13, 23], [14, 18, 15, 17], [16, 7, 17, 8], [18, 3, 19, 4], [20, 14, 21, 13], [22, 12, 23, 11], [24, 6, 1, 5], [2, 19, 3, 20], [4, 2, 5, 1]]"
12a_0381_60,"[[5, 3, 6, 2], [7, 11, 8, 10], [9, 16, 10, 17], [11, 23, 12, 22], [13, 1, 14, 24], [15, 19, 16, 18], [17, 8, 18, 9], [19, 4, 20, 5], [21, 15, 22, 14], [23, 13, 24, 12], [1, 7, 2, 6], [3, 20, 4, 21]]"
12a_0381_61,"[[3, 20, 4, 21], [5, 3, 6, 2], [7, 11, 8, 10], [9, 16, 10, 17], [11, 23, 12, 22], [13, 1, 14, 24], [15, 19, 16, 18], [17, 8, 18, 9], [19, 4, 20, 5], [21, 15, 22, 14], [23, 13, 24, 12], [1, 7, 2, 6]]"
12a_0381_62,"[[1, 7, 2, 6], [3, 20, 4, 21], [5, 3, 6, 2], [7, 11, 8, 10], [9, 16, 10, 17], [11, 23, 12, 22], [13, 1, 14, 24], [15, 19, 16, 18], [17, 8, 18, 9], [19, 4, 20, 5], [21, 15, 22, 14], [23, 13, 24, 12]]"
12a_0381_63,"[[23, 13, 24, 12], [1, 7, 2, 6], [3, 20, 4, 21], [5, 3, 6, 2], [7, 11, 8, 10], [9, 16, 10, 17], [11, 23, 12, 22], [13, 1, 14, 24], [15, 19, 16, 18], [17, 8, 18, 9], [19, 4, 20, 5], [21, 15, 22, 14]]"
12a_0381_64,"[[21, 15, 22, 14], [23, 13, 24, 12], [1, 7, 2, 6], [3, 20, 4, 21], [5, 3, 6, 2], [7, 11, 8, 10], [9, 16, 10, 17], [11, 23, 12, 22], [13, 1, 14, 24], [15, 19, 16, 18], [17, 8, 18, 9], [19, 4, 20, 5]]"
12a_0381_65,"[[19, 4, 20, 5], [21, 15, 22, 14], [23, 13, 24, 12], [1, 7, 2, 6], [3, 20, 4, 21], [5, 3, 6, 2], [7, 11, 8, 10], [9, 16, 10, 17], [11, 23, 12, 22], [13, 1, 14, 24], [15, 19, 16, 18], [17, 8, 18, 9]]"
12a_0381_66,"[[17, 8, 18, 9], [19, 4, 20, 5], [21, 15, 22, 14], [23, 13, 24, 12], [1, 7, 2, 6], [3, 20, 4, 21], [5, 3, 6, 2], [7, 11, 8, 10], [9, 16, 10, 17], [11, 23, 12, 22], [13, 1, 14, 24], [15, 19, 16, 18]]"
12a_0381_67,"[[15, 19, 16, 18], [17, 8, 18, 9], [19, 4, 20, 5], [21, 15, 22, 14], [23, 13, 24, 12], [1, 7, 2, 6], [3, 20, 4, 21], [5, 3, 6, 2], [7, 11, 8, 10], [9, 16, 10, 17], [11, 23, 12, 22], [13, 1, 14, 24]]"
12a_0381_68,"[[13, 1, 14, 24], [15, 19, 16, 18], [17, 8, 18, 9], [19, 4, 20, 5], [21, 15, 22, 14], [23, 13, 24, 12], [1, 7, 2, 6], [3, 20, 4, 21], [5, 3, 6, 2], [7, 11, 8, 10], [9, 16, 10, 17], [11, 23, 12, 22]]"
12a_0381_69,"[[11, 23, 12, 22], [13, 1, 14, 24], [15, 19, 16, 18], [17, 8, 18, 9], [19, 4, 20, 5], [21, 15, 22, 14], [23, 13, 24, 12], [1, 7, 2, 6], [3, 20, 4, 21], [5, 3, 6, 2], [7, 11, 8, 10], [9, 16, 10, 17]]"
12a_0381_70,"[[9, 16, 10, 17], [11, 23, 12, 22], [13, 1, 14, 24], [15, 19, 16, 18], [17, 8, 18, 9], [19, 4, 20, 5], [21, 15, 22, 14], [23, 13, 24, 12], [1, 7, 2, 6], [3, 20, 4, 21], [5, 3, 6, 2], [7, 11, 8, 10]]"
12a_0381_71,"[[7, 11, 8, 10], [9, 16, 10, 17], [11, 23, 12, 22], [13, 1, 14, 24], [15, 19, 16, 18], [17, 8, 18, 9], [19, 4, 20, 5], [21, 15, 22, 14], [23, 13, 24, 12], [1, 7, 2, 6], [3, 20, 4, 21], [5, 3, 6, 2]]"
12a_0381_72,"[[6, 4, 7, 3], [8, 12, 9, 11], [10, 17, 11, 18], [12, 24, 13, 23], [14, 2, 15, 1], [16, 20, 17, 19], [18, 9, 19, 10], [20, 5, 21, 6], [22, 16, 23, 15], [24, 14, 1, 13], [2, 8, 3, 7], [4, 21, 5, 22]]"
12a_0381_73,"[[4, 21, 5, 22], [6, 4, 7, 3], [8, 12, 9, 11], [10, 17, 11, 18], [12, 24, 13, 23], [14, 2, 15, 1], [16, 20, 17, 19], [18, 9, 19, 10], [20, 5, 21, 6], [22, 16, 23, 15], [24, 14, 1, 13], [2, 8, 3, 7]]"
12a_0381_74,"[[2, 8, 3, 7], [4, 21, 5, 22], [6, 4, 7, 3], [8, 12, 9, 11], [10, 17, 11, 18], [12, 24, 13, 23], [14, 2, 15, 1], [16, 20, 17, 19], [18, 9, 19, 10], [20, 5, 21, 6], [22, 16, 23, 15], [24, 14, 1, 13]]"
12a_0381_75,"[[24, 14, 1, 13], [2, 8, 3, 7], [4, 21, 5, 22], [6, 4, 7, 3], [8, 12, 9, 11], [10, 17, 11, 18], [12, 24, 13, 23], [14, 2, 15, 1], [16, 20, 17, 19], [18, 9, 19, 10], [20, 5, 21, 6], [22, 16, 23, 15]]"
12a_0381_76,"[[22, 16, 23, 15], [24, 14, 1, 13], [2, 8, 3, 7], [4, 21, 5, 22], [6, 4, 7, 3], [8, 12, 9, 11], [10, 17, 11, 18], [12, 24, 13, 23], [14, 2, 15, 1], [16, 20, 17, 19], [18, 9, 19, 10], [20, 5, 21, 6]]"
12a_0381_77,"[[20, 5, 21, 6], [22, 16, 23, 15], [24, 14, 1, 13], [2, 8, 3, 7], [4, 21, 5, 22], [6, 4, 7, 3], [8, 12, 9, 11], [10, 17, 11, 18], [12, 24, 13, 23], [14, 2, 15, 1], [16, 20, 17, 19], [18, 9, 19, 10]]"
12a_0381_78,"[[18, 9, 19, 10], [20, 5, 21, 6], [22, 16, 23, 15], [24, 14, 1, 13], [2, 8, 3, 7], [4, 21, 5, 22], [6, 4, 7, 3], [8, 12, 9, 11], [10, 17, 11, 18], [12, 24, 13, 23], [14, 2, 15, 1], [16, 20, 17, 19]]"
12a_0381_79,"[[16, 20, 17, 19], [18, 9, 19, 10], [20, 5, 21, 6], [22, 16, 23, 15], [24, 14, 1, 13], [2, 8, 3, 7], [4, 21, 5, 22], [6, 4, 7, 3], [8, 12, 9, 11], [10, 17, 11, 18], [12, 24, 13, 23], [14, 2, 15, 1]]"
12a_0381_80,"[[14, 2, 15, 1], [16, 20, 17, 19], [18, 9, 19, 10], [20, 5, 21, 6], [22, 16, 23, 15], [24, 14, 1, 13], [2, 8, 3, 7], [4, 21, 5, 22], [6, 4, 7, 3], [8, 12, 9, 11], [10, 17, 11, 18], [12, 24, 13, 23]]"
12a_0381_81,"[[12, 24, 13, 23], [14, 2, 15, 1], [16, 20, 17, 19], [18, 9, 19, 10], [20, 5, 21, 6], [22, 16, 23, 15], [24, 14, 1, 13], [2, 8, 3, 7], [4, 21, 5, 22], [6, 4, 7, 3], [8, 12, 9, 11], [10, 17, 11, 18]]"
12a_0381_82,"[[10, 17, 11, 18], [12, 24, 13, 23], [14, 2, 15, 1], [16, 20, 17, 19], [18, 9, 19, 10], [20, 5, 21, 6], [22, 16, 23, 15], [24, 14, 1, 13], [2, 8, 3, 7], [4, 21, 5, 22], [6, 4, 7, 3], [8, 12, 9, 11]]"
12a_0381_83,"[[8, 12, 9, 11], [10, 17, 11, 18], [12, 24, 13, 23], [14, 2, 15, 1], [16, 20, 17, 19], [18, 9, 19, 10], [20, 5, 21, 6], [22, 16, 23, 15], [24, 14, 1, 13], [2, 8, 3, 7], [4, 21, 5, 22], [6, 4, 7, 3]]"
12a_0381_84,"[[7, 5, 8, 4], [9, 13, 10, 12], [11, 18, 12, 19], [13, 1, 14, 24], [15, 3, 16, 2], [17, 21, 18, 20], [19, 10, 20, 11], [21, 6, 22, 7], [23, 17, 24, 16], [1, 15, 2, 14], [3, 9, 4, 8], [5, 22, 6, 23]]"
12a_0381_85,"[[5, 22, 6, 23], [7, 5, 8, 4], [9, 13, 10, 12], [11, 18, 12, 19], [13, 1, 14, 24], [15, 3, 16, 2], [17, 21, 18, 20], [19, 10, 20, 11], [21, 6, 22, 7], [23, 17, 24, 16], [1, 15, 2, 14], [3, 9, 4, 8]]"
12a_0381_86,"[[3, 9, 4, 8], [5, 22, 6, 23], [7, 5, 8, 4], [9, 13, 10, 12], [11, 18, 12, 19], [13, 1, 14, 24], [15, 3, 16, 2], [17, 21, 18, 20], [19, 10, 20, 11], [21, 6, 22, 7], [23, 17, 24, 16], [1, 15, 2, 14]]"
12a_0381_87,"[[1, 15, 2, 14], [3, 9, 4, 8], [5, 22, 6, 23], [7, 5, 8, 4], [9, 13, 10, 12], [11, 18, 12, 19], [13, 1, 14, 24], [15, 3, 16, 2], [17, 21, 18, 20], [19, 10, 20, 11], [21, 6, 22, 7], [23, 17, 24, 16]]"
12a_0381_88,"[[23, 17, 24, 16], [1, 15, 2, 14], [3, 9, 4, 8], [5, 22, 6, 23], [7, 5, 8, 4], [9, 13, 10, 12], [11, 18, 12, 19], [13, 1, 14, 24], [15, 3, 16, 2], [17, 21, 18, 20], [19, 10, 20, 11], [21, 6, 22, 7]]"
12a_0381_89,"[[21, 6, 22, 7], [23, 17, 24, 16], [1, 15, 2, 14], [3, 9, 4, 8], [5, 22, 6, 23], [7, 5, 8, 4], [9, 13, 10, 12], [11, 18, 12, 19], [13, 1, 14, 24], [15, 3, 16, 2], [17, 21, 18, 20], [19, 10, 20, 11]]"
12a_0381_90,"[[19, 10, 20, 11], [21, 6, 22, 7], [23, 17, 24, 16], [1, 15, 2, 14], [3, 9, 4, 8], [5, 22, 6, 23], [7, 5, 8, 4], [9, 13, 10, 12], [11, 18, 12, 19], [13, 1, 14, 24], [15, 3, 16, 2], [17, 21, 18, 20]]"
12a_0381_91,"[[17, 21, 18, 20], [19, 10, 20, 11], [21, 6, 22, 7], [23, 17, 24, 16], [1, 15, 2, 14], [3, 9, 4, 8], [5, 22, 6, 23], [7, 5, 8, 4], [9, 13, 10, 12], [11, 18, 12, 19], [13, 1, 14, 24], [15, 3, 16, 2]]"
12a_0381_92,"[[15, 3, 16, 2], [17, 21, 18, 20], [19, 10, 20, 11], [21, 6, 22, 7], [23, 17, 24, 16], [1, 15, 2, 14], [3, 9, 4, 8], [5, 22, 6, 23], [7, 5, 8, 4], [9, 13, 10, 12], [11, 18, 12, 19], [13, 1, 14, 24]]"
12a_0381_93,"[[13, 1, 14, 24], [15, 3, 16, 2], [17, 21, 18, 20], [19, 10, 20, 11], [21, 6, 22, 7], [23, 17, 24, 16], [1, 15, 2, 14], [3, 9, 4, 8], [5, 22, 6, 23], [7, 5, 8, 4], [9, 13, 10, 12], [11, 18, 12, 19]]"
12a_0381_94,"[[11, 18, 12, 19], [13, 1, 14, 24], [15, 3, 16, 2], [17, 21, 18, 20], [19, 10, 20, 11], [21, 6, 22, 7], [23, 17, 24, 16], [1, 15, 2, 14], [3, 9, 4, 8], [5, 22, 6, 23], [7, 5, 8, 4], [9, 13, 10, 12]]"
12a_0381_95,"[[9, 13, 10, 12], [11, 18, 12, 19], [13, 1, 14, 24], [15, 3, 16, 2], [17, 21, 18, 20], [19, 10, 20, 11], [21, 6, 22, 7], [23, 17, 24, 16], [1, 15, 2, 14], [3, 9, 4, 8], [5, 22, 6, 23], [7, 5, 8, 4]]"
12a_0381_96,"[[8, 6, 9, 5], [10, 14, 11, 13], [12, 19, 13, 20], [14, 2, 15, 1], [16, 4, 17, 3], [18, 22, 19, 21], [20, 11, 21, 12], [22, 7, 23, 8], [24, 18, 1, 17], [2, 16, 3, 15], [4, 10, 5, 9], [6, 23, 7, 24]]"
12a_0381_97,"[[6, 23, 7, 24], [8, 6, 9, 5], [10, 14, 11, 13], [12, 19, 13, 20], [14, 2, 15, 1], [16, 4, 17, 3], [18, 22, 19, 21], [20, 11, 21, 12], [22, 7, 23, 8], [24, 18, 1, 17], [2, 16, 3, 15], [4, 10, 5, 9]]"
12a_0381_98,"[[4, 10, 5, 9], [6, 23, 7, 24], [8, 6, 9, 5], [10, 14, 11, 13], [12, 19, 13, 20], [14, 2, 15, 1], [16, 4, 17, 3], [18, 22, 19, 21], [20, 11, 21, 12], [22, 7, 23, 8], [24, 18, 1, 17], [2, 16, 3, 15]]"
12a_0381_99,"[[2, 16, 3, 15], [4, 10, 5, 9], [6, 23, 7, 24], [8, 6, 9, 5], [10, 14, 11, 13], [12, 19, 13, 20], [14, 2, 15, 1], [16, 4, 17, 3], [18, 22, 19, 21], [20, 11, 21, 12], [22, 7, 23, 8], [24, 18, 1, 17]]"
12a_0381_100,"[[24, 18, 1, 17], [2, 16, 3, 15], [4, 10, 5, 9], [6, 23, 7, 24], [8, 6, 9, 5], [10, 14, 11, 13], [12, 19, 13, 20], [14, 2, 15, 1], [16, 4, 17, 3], [18, 22, 19, 21], [20, 11, 21, 12], [22, 7, 23, 8]]"
12a_0381_101,"[[22, 7, 23, 8], [24, 18, 1, 17], [2, 16, 3, 15], [4, 10, 5, 9], [6, 23, 7, 24], [8, 6, 9, 5], [10, 14, 11, 13], [12, 19, 13, 20], [14, 2, 15, 1], [16, 4, 17, 3], [18, 22, 19, 21], [20, 11, 21, 12]]"
12a_0381_102,"[[20, 11, 21, 12], [22, 7, 23, 8], [24, 18, 1, 17], [2, 16, 3, 15], [4, 10, 5, 9], [6, 23, 7, 24], [8, 6, 9, 5], [10, 14, 11, 13], [12, 19, 13, 20], [14, 2, 15, 1], [16, 4, 17, 3], [18, 22, 19, 21]]"
12a_0381_103,"[[18, 22, 19, 21], [20, 11, 21, 12], [22, 7, 23, 8], [24, 18, 1, 17], [2, 16, 3, 15], [4, 10, 5, 9], [6, 23, 7, 24], [8, 6, 9, 5], [10, 14, 11, 13], [12, 19, 13, 20], [14, 2, 15, 1], [16, 4, 17, 3]]"
12a_0381_104,"[[16, 4, 17, 3], [18, 22, 19, 21], [20, 11, 21, 12], [22, 7, 23, 8], [24, 18, 1, 17], [2, 16, 3, 15], [4, 10, 5, 9], [6, 23, 7, 24], [8, 6, 9, 5], [10, 14, 11, 13], [12, 19, 13, 20], [14, 2, 15, 1]]"
12a_0381_105,"[[14, 2, 15, 1], [16, 4, 17, 3], [18, 22, 19, 21], [20, 11, 21, 12], [22, 7, 23, 8], [24, 18, 1, 17], [2, 16, 3, 15], [4, 10, 5, 9], [6, 23, 7, 24], [8, 6, 9, 5], [10, 14, 11, 13], [12, 19, 13, 20]]"
12a_0381_106,"[[12, 19, 13, 20], [14, 2, 15, 1], [16, 4, 17, 3], [18, 22, 19, 21], [20, 11, 21, 12], [22, 7, 23, 8], [24, 18, 1, 17], [2, 16, 3, 15], [4, 10, 5, 9], [6, 23, 7, 24], [8, 6, 9, 5], [10, 14, 11, 13]]"
12a_0381_107,"[[10, 14, 11, 13], [12, 19, 13, 20], [14, 2, 15, 1], [16, 4, 17, 3], [18, 22, 19, 21], [20, 11, 21, 12], [22, 7, 23, 8], [24, 18, 1, 17], [2, 16, 3, 15], [4, 10, 5, 9], [6, 23, 7, 24], [8, 6, 9, 5]]"
12a_0381_108,"[[9, 7, 10, 6], [11, 15, 12, 14], [13, 20, 14, 21], [15, 3, 16, 2], [17, 5, 18, 4], [19, 23, 20, 22], [21, 12, 22, 13], [23, 8, 24, 9], [1, 19, 2, 18], [3, 17, 4, 16], [5, 11, 6, 10], [7, 24, 8, 1]]"
12a_0381_109,"[[7, 24, 8, 1], [9, 7, 10, 6], [11, 15, 12, 14], [13, 20, 14, 21], [15, 3, 16, 2], [17, 5, 18, 4], [19, 23, 20, 22], [21, 12, 22, 13], [23, 8, 24, 9], [1, 19, 2, 18], [3, 17, 4, 16], [5, 11, 6, 10]]"
12a_0381_110,"[[5, 11, 6, 10], [7, 24, 8, 1], [9, 7, 10, 6], [11, 15, 12, 14], [13, 20, 14, 21], [15, 3, 16, 2], [17, 5, 18, 4], [19, 23, 20, 22], [21, 12, 22, 13], [23, 8, 24, 9], [1, 19, 2, 18], [3, 17, 4, 16]]"
12a_0381_111,"[[3, 17, 4, 16], [5, 11, 6, 10], [7, 24, 8, 1], [9, 7, 10, 6], [11, 15, 12, 14], [13, 20, 14, 21], [15, 3, 16, 2], [17, 5, 18, 4], [19, 23, 20, 22], [21, 12, 22, 13], [23, 8, 24, 9], [1, 19, 2, 18]]"
12a_0381_112,"[[1, 19, 2, 18], [3, 17, 4, 16], [5, 11, 6, 10], [7, 24, 8, 1], [9, 7, 10, 6], [11, 15, 12, 14], [13, 20, 14, 21], [15, 3, 16, 2], [17, 5, 18, 4], [19, 23, 20, 22], [21, 12, 22, 13], [23, 8, 24, 9]]"
12a_0381_113,"[[23, 8, 24, 9], [1, 19, 2, 18], [3, 17, 4, 16], [5, 11, 6, 10], [7, 24, 8, 1], [9, 7, 10, 6], [11, 15, 12, 14], [13, 20, 14, 21], [15, 3, 16, 2], [17, 5, 18, 4], [19, 23, 20, 22], [21, 12, 22, 13]]"
12a_0381_114,"[[21, 12, 22, 13], [23, 8, 24, 9], [1, 19, 2, 18], [3, 17, 4, 16], [5, 11, 6, 10], [7, 24, 8, 1], [9, 7, 10, 6], [11, 15, 12, 14], [13, 20, 14, 21], [15, 3, 16, 2], [17, 5, 18, 4], [19, 23, 20, 22]]"
12a_0381_115,"[[19, 23, 20, 22], [21, 12, 22, 13], [23, 8, 24, 9], [1, 19, 2, 18], [3, 17, 4, 16], [5, 11, 6, 10], [7, 24, 8, 1], [9, 7, 10, 6], [11, 15, 12, 14], [13, 20, 14, 21], [15, 3, 16, 2], [17, 5, 18, 4]]"
12a_0381_116,"[[17, 5, 18, 4], [19, 23, 20, 22], [21, 12, 22, 13], [23, 8, 24, 9], [1, 19, 2, 18], [3, 17, 4, 16], [5, 11, 6, 10], [7, 24, 8, 1], [9, 7, 10, 6], [11, 15, 12, 14], [13, 20, 14, 21], [15, 3, 16, 2]]"
12a_0381_117,"[[15, 3, 16, 2], [17, 5, 18, 4], [19, 23, 20, 22], [21, 12, 22, 13], [23, 8, 24, 9], [1, 19, 2, 18], [3, 17, 4, 16], [5, 11, 6, 10], [7, 24, 8, 1], [9, 7, 10, 6], [11, 15, 12, 14], [13, 20, 14, 21]]"
12a_0381_118,"[[13, 20, 14, 21], [15, 3, 16, 2], [17, 5, 18, 4], [19, 23, 20, 22], [21, 12, 22, 13], [23, 8, 24, 9], [1, 19, 2, 18], [3, 17, 4, 16], [5, 11, 6, 10], [7, 24, 8, 1], [9, 7, 10, 6], [11, 15, 12, 14]]"
12a_0381_119,"[[11, 15, 12, 14], [13, 20, 14, 21], [15, 3, 16, 2], [17, 5, 18, 4], [19, 23, 20, 22], [21, 12, 22, 13], [23, 8, 24, 9], [1, 19, 2, 18], [3, 17, 4, 16], [5, 11, 6, 10], [7, 24, 8, 1], [9, 7, 10, 6]]"
12a_0381_120,"[[10, 8, 11, 7], [12, 16, 13, 15], [14, 21, 15, 22], [16, 4, 17, 3], [18, 6, 19, 5], [20, 24, 21, 23], [22, 13, 23, 14], [24, 9, 1, 10], [2, 20, 3, 19], [4, 18, 5, 17], [6, 12, 7, 11], [8, 1, 9, 2]]"
12a_0381_121,"[[8, 1, 9, 2], [10, 8, 11, 7], [12, 16, 13, 15], [14, 21, 15, 22], [16, 4, 17, 3], [18, 6, 19, 5], [20, 24, 21, 23], [22, 13, 23, 14], [24, 9, 1, 10], [2, 20, 3, 19], [4, 18, 5, 17], [6, 12, 7, 11]]"
12a_0381_122,"[[6, 12, 7, 11], [8, 1, 9, 2], [10, 8, 11, 7], [12, 16, 13, 15], [14, 21, 15, 22], [16, 4, 17, 3], [18, 6, 19, 5], [20, 24, 21, 23], [22, 13, 23, 14], [24, 9, 1, 10], [2, 20, 3, 19], [4, 18, 5, 17]]"
12a_0381_123,"[[4, 18, 5, 17], [6, 12, 7, 11], [8, 1, 9, 2], [10, 8, 11, 7], [12, 16, 13, 15], [14, 21, 15, 22], [16, 4, 17, 3], [18, 6, 19, 5], [20, 24, 21, 23], [22, 13, 23, 14], [24, 9, 1, 10], [2, 20, 3, 19]]"
12a_0381_124,"[[2, 20, 3, 19], [4, 18, 5, 17], [6, 12, 7, 11], [8, 1, 9, 2], [10, 8, 11, 7], [12, 16, 13, 15], [14, 21, 15, 22], [16, 4, 17, 3], [18, 6, 19, 5], [20, 24, 21, 23], [22, 13, 23, 14], [24, 9, 1, 10]]"
12a_0381_125,"[[24, 9, 1, 10], [2, 20, 3, 19], [4, 18, 5, 17], [6, 12, 7, 11], [8, 1, 9, 2], [10, 8, 11, 7], [12, 16, 13, 15], [14, 21, 15, 22], [16, 4, 17, 3], [18, 6, 19, 5], [20, 24, 21, 23], [22, 13, 23, 14]]"
12a_0381_126,"[[22, 13, 23, 14], [24, 9, 1, 10], [2, 20, 3, 19], [4, 18, 5, 17], [6, 12, 7, 11], [8, 1, 9, 2], [10, 8, 11, 7], [12, 16, 13, 15], [14, 21, 15, 22], [16, 4, 17, 3], [18, 6, 19, 5], [20, 24, 21, 23]]"
12a_0381_127,"[[20, 24, 21, 23], [22, 13, 23, 14], [24, 9, 1, 10], [2, 20, 3, 19], [4, 18, 5, 17], [6, 12, 7, 11], [8, 1, 9, 2], [10, 8, 11, 7], [12, 16, 13, 15], [14, 21, 15, 22], [16, 4, 17, 3], [18, 6, 19, 5]]"
12a_0381_128,"[[18, 6, 19, 5], [20, 24, 21, 23], [22, 13, 23, 14], [24, 9, 1, 10], [2, 20, 3, 19], [4, 18, 5, 17], [6, 12, 7, 11], [8, 1, 9, 2], [10, 8, 11, 7], [12, 16, 13, 15], [14, 21, 15, 22], [16, 4, 17, 3]]"
12a_0381_129,"[[16, 4, 17, 3], [18, 6, 19, 5], [20, 24, 21, 23], [22, 13, 23, 14], [24, 9, 1, 10], [2, 20, 3, 19], [4, 18, 5, 17], [6, 12, 7, 11], [8, 1, 9, 2], [10, 8, 11, 7], [12, 16, 13, 15], [14, 21, 15, 22]]"
12a_0381_130,"[[14, 21, 15, 22], [16, 4, 17, 3], [18, 6, 19, 5], [20, 24, 21, 23], [22, 13, 23, 14], [24, 9, 1, 10], [2, 20, 3, 19], [4, 18, 5, 17], [6, 12, 7, 11], [8, 1, 9, 2], [10, 8, 11, 7], [12, 16, 13, 15]]"
12a_0381_131,"[[12, 16, 13, 15], [14, 21, 15, 22], [16, 4, 17, 3], [18, 6, 19, 5], [20, 24, 21, 23], [22, 13, 23, 14], [24, 9, 1, 10], [2, 20, 3, 19], [4, 18, 5, 17], [6, 12, 7, 11], [8, 1, 9, 2], [10, 8, 11, 7]]"
12a_0381_132,"[[11, 9, 12, 8], [13, 17, 14, 16], [15, 22, 16, 23], [17, 5, 18, 4], [19, 7, 20, 6], [21, 1, 22, 24], [23, 14, 24, 15], [1, 10, 2, 11], [3, 21, 4, 20], [5, 19, 6, 18], [7, 13, 8, 12], [9, 2, 10, 3]]"
12a_0381_133,"[[9, 2, 10, 3], [11, 9, 12, 8], [13, 17, 14, 16], [15, 22, 16, 23], [17, 5, 18, 4], [19, 7, 20, 6], [21, 1, 22, 24], [23, 14, 24, 15], [1, 10, 2, 11], [3, 21, 4, 20], [5, 19, 6, 18], [7, 13, 8, 12]]"
12a_0381_134,"[[7, 13, 8, 12], [9, 2, 10, 3], [11, 9, 12, 8], [13, 17, 14, 16], [15, 22, 16, 23], [17, 5, 18, 4], [19, 7, 20, 6], [21, 1, 22, 24], [23, 14, 24, 15], [1, 10, 2, 11], [3, 21, 4, 20], [5, 19, 6, 18]]"
12a_0381_135,"[[5, 19, 6, 18], [7, 13, 8, 12], [9, 2, 10, 3], [11, 9, 12, 8], [13, 17, 14, 16], [15, 22, 16, 23], [17, 5, 18, 4], [19, 7, 20, 6], [21, 1, 22, 24], [23, 14, 24, 15], [1, 10, 2, 11], [3, 21, 4, 20]]"
12a_0381_136,"[[3, 21, 4, 20], [5, 19, 6, 18], [7, 13, 8, 12], [9, 2, 10, 3], [11, 9, 12, 8], [13, 17, 14, 16], [15, 22, 16, 23], [17, 5, 18, 4], [19, 7, 20, 6], [21, 1, 22, 24], [23, 14, 24, 15], [1, 10, 2, 11]]"
12a_0381_137,"[[1, 10, 2, 11], [3, 21, 4, 20], [5, 19, 6, 18], [7, 13, 8, 12], [9, 2, 10, 3], [11, 9, 12, 8], [13, 17, 14, 16], [15, 22, 16, 23], [17, 5, 18, 4], [19, 7, 20, 6], [21, 1, 22, 24], [23, 14, 24, 15]]"
12a_0381_138,"[[23, 14, 24, 15], [1, 10, 2, 11], [3, 21, 4, 20], [5, 19, 6, 18], [7, 13, 8, 12], [9, 2, 10, 3], [11, 9, 12, 8], [13, 17, 14, 16], [15, 22, 16, 23], [17, 5, 18, 4], [19, 7, 20, 6], [21, 1, 22, 24]]"
12a_0381_139,"[[21, 1, 22, 24], [23, 14, 24, 15], [1, 10, 2, 11], [3, 21, 4, 20], [5, 19, 6, 18], [7, 13, 8, 12], [9, 2, 10, 3], [11, 9, 12, 8], [13, 17, 14, 16], [15, 22, 16, 23], [17, 5, 18, 4], [19, 7, 20, 6]]"
12a_0381_140,"[[19, 7, 20, 6], [21, 1, 22, 24], [23, 14, 24, 15], [1, 10, 2, 11], [3, 21, 4, 20], [5, 19, 6, 18], [7, 13, 8, 12], [9, 2, 10, 3], [11, 9, 12, 8], [13, 17, 14, 16], [15, 22, 16, 23], [17, 5, 18, 4]]"
12a_0381_141,"[[17, 5, 18, 4], [19, 7, 20, 6], [21, 1, 22, 24], [23, 14, 24, 15], [1, 10, 2, 11], [3, 21, 4, 20], [5, 19, 6, 18], [7, 13, 8, 12], [9, 2, 10, 3], [11, 9, 12, 8], [13, 17, 14, 16], [15, 22, 16, 23]]"
12a_0381_142,"[[15, 22, 16, 23], [17, 5, 18, 4], [19, 7, 20, 6], [21, 1, 22, 24], [23, 14, 24, 15], [1, 10, 2, 11], [3, 21, 4, 20], [5, 19, 6, 18], [7, 13, 8, 12], [9, 2, 10, 3], [11, 9, 12, 8], [13, 17, 14, 16]]"
12a_0381_143,"[[13, 17, 14, 16], [15, 22, 16, 23], [17, 5, 18, 4], [19, 7, 20, 6], [21, 1, 22, 24], [23, 14, 24, 15], [1, 10, 2, 11], [3, 21, 4, 20], [5, 19, 6, 18], [7, 13, 8, 12], [9, 2, 10, 3], [11, 9, 12, 8]]"
12a_0381_144,"[[12, 10, 13, 9], [14, 18, 15, 17], [16, 23, 17, 24], [18, 6, 19, 5], [20, 8, 21, 7], [22, 2, 23, 1], [24, 15, 1, 16], [2, 11, 3, 12], [4, 22, 5, 21], [6, 20, 7, 19], [8, 14, 9, 13], [10, 3, 11, 4]]"
12a_0381_145,"[[10, 3, 11, 4], [12, 10, 13, 9], [14, 18, 15, 17], [16, 23, 17, 24], [18, 6, 19, 5], [20, 8, 21, 7], [22, 2, 23, 1], [24, 15, 1, 16], [2, 11, 3, 12], [4, 22, 5, 21], [6, 20, 7, 19], [8, 14, 9, 13]]"
12a_0381_146,"[[8, 14, 9, 13], [10, 3, 11, 4], [12, 10, 13, 9], [14, 18, 15, 17], [16, 23, 17, 24], [18, 6, 19, 5], [20, 8, 21, 7], [22, 2, 23, 1], [24, 15, 1, 16], [2, 11, 3, 12], [4, 22, 5, 21], [6, 20, 7, 19]]"
12a_0381_147,"[[6, 20, 7, 19], [8, 14, 9, 13], [10, 3, 11, 4], [12, 10, 13, 9], [14, 18, 15, 17], [16, 23, 17, 24], [18, 6, 19, 5], [20, 8, 21, 7], [22, 2, 23, 1], [24, 15, 1, 16], [2, 11, 3, 12], [4, 22, 5, 21]]"
12a_0381_148,"[[4, 22, 5, 21], [6, 20, 7, 19], [8, 14, 9, 13], [10, 3, 11, 4], [12, 10, 13, 9], [14, 18, 15, 17], [16, 23, 17, 24], [18, 6, 19, 5], [20, 8, 21, 7], [22, 2, 23, 1], [24, 15, 1, 16], [2, 11, 3, 12]]"
12a_0381_149,"[[2, 11, 3, 12], [4, 22, 5, 21], [6, 20, 7, 19], [8, 14, 9, 13], [10, 3, 11, 4], [12, 10, 13, 9], [14, 18, 15, 17], [16, 23, 17, 24], [18, 6, 19, 5], [20, 8, 21, 7], [22, 2, 23, 1], [24, 15, 1, 16]]"
12a_0381_150,"[[24, 15, 1, 16], [2, 11, 3, 12], [4, 22, 5, 21], [6, 20, 7, 19], [8, 14, 9, 13], [10, 3, 11, 4], [12, 10, 13, 9], [14, 18, 15, 17], [16, 23, 17, 24], [18, 6, 19, 5], [20, 8, 21, 7], [22, 2, 23, 1]]"
12a_0381_151,"[[22, 2, 23, 1], [24, 15, 1, 16], [2, 11, 3, 12], [4, 22, 5, 21], [6, 20, 7, 19], [8, 14, 9, 13], [10, 3, 11, 4], [12, 10, 13, 9], [14, 18, 15, 17], [16, 23, 17, 24], [18, 6, 19, 5], [20, 8, 21, 7]]"
12a_0381_152,"[[20, 8, 21, 7], [22, 2, 23, 1], [24, 15, 1, 16], [2, 11, 3, 12], [4, 22, 5, 21], [6, 20, 7, 19], [8, 14, 9, 13], [10, 3, 11, 4], [12, 10, 13, 9], [14, 18, 15, 17], [16, 23, 17, 24], [18, 6, 19, 5]]"
12a_0381_153,"[[18, 6, 19, 5], [20, 8, 21, 7], [22, 2, 23, 1], [24, 15, 1, 16], [2, 11, 3, 12], [4, 22, 5, 21], [6, 20, 7, 19], [8, 14, 9, 13], [10, 3, 11, 4], [12, 10, 13, 9], [14, 18, 15, 17], [16, 23, 17, 24]]"
12a_0381_154,"[[16, 23, 17, 24], [18, 6, 19, 5], [20, 8, 21, 7], [22, 2, 23, 1], [24, 15, 1, 16], [2, 11, 3, 12], [4, 22, 5, 21], [6, 20, 7, 19], [8, 14, 9, 13], [10, 3, 11, 4], [12, 10, 13, 9], [14, 18, 15, 17]]"
12a_0381_155,"[[14, 18, 15, 17], [16, 23, 17, 24], [18, 6, 19, 5], [20, 8, 21, 7], [22, 2, 23, 1], [24, 15, 1, 16], [2, 11, 3, 12], [4, 22, 5, 21], [6, 20, 7, 19], [8, 14, 9, 13], [10, 3, 11, 4], [12, 10, 13, 9]]"
12a_0381_156,"[[13, 11, 14, 10], [15, 19, 16, 18], [17, 24, 18, 1], [19, 7, 20, 6], [21, 9, 22, 8], [23, 3, 24, 2], [1, 16, 2, 17], [3, 12, 4, 13], [5, 23, 6, 22], [7, 21, 8, 20], [9, 15, 10, 14], [11, 4, 12, 5]]"
12a_0381_157,"[[11, 4, 12, 5], [13, 11, 14, 10], [15, 19, 16, 18], [17, 24, 18, 1], [19, 7, 20, 6], [21, 9, 22, 8], [23, 3, 24, 2], [1, 16, 2, 17], [3, 12, 4, 13], [5, 23, 6, 22], [7, 21, 8, 20], [9, 15, 10, 14]]"
12a_0381_158,"[[9, 15, 10, 14], [11, 4, 12, 5], [13, 11, 14, 10], [15, 19, 16, 18], [17, 24, 18, 1], [19, 7, 20, 6], [21, 9, 22, 8], [23, 3, 24, 2], [1, 16, 2, 17], [3, 12, 4, 13], [5, 23, 6, 22], [7, 21, 8, 20]]"
12a_0381_159,"[[7, 21, 8, 20], [9, 15, 10, 14], [11, 4, 12, 5], [13, 11, 14, 10], [15, 19, 16, 18], [17, 24, 18, 1], [19, 7, 20, 6], [21, 9, 22, 8], [23, 3, 24, 2], [1, 16, 2, 17], [3, 12, 4, 13], [5, 23, 6, 22]]"
12a_0381_160,"[[5, 23, 6, 22], [7, 21, 8, 20], [9, 15, 10, 14], [11, 4, 12, 5], [13, 11, 14, 10], [15, 19, 16, 18], [17, 24, 18, 1], [19, 7, 20, 6], [21, 9, 22, 8], [23, 3, 24, 2], [1, 16, 2, 17], [3, 12, 4, 13]]"
12a_0381_161,"[[3, 12, 4, 13], [5, 23, 6, 22], [7, 21, 8, 20], [9, 15, 10, 14], [11, 4, 12, 5], [13, 11, 14, 10], [15, 19, 16, 18], [17, 24, 18, 1], [19, 7, 20, 6], [21, 9, 22, 8], [23, 3, 24, 2], [1, 16, 2, 17]]"
12a_0381_162,"[[1, 16, 2, 17], [3, 12, 4, 13], [5, 23, 6, 22], [7, 21, 8, 20], [9, 15, 10, 14], [11, 4, 12, 5], [13, 11, 14, 10], [15, 19, 16, 18], [17, 24, 18, 1], [19, 7, 20, 6], [21, 9, 22, 8], [23, 3, 24, 2]]"
12a_0381_163,"[[23, 3, 24, 2], [1, 16, 2, 17], [3, 12, 4, 13], [5, 23, 6, 22], [7, 21, 8, 20], [9, 15, 10, 14], [11, 4, 12, 5], [13, 11, 14, 10], [15, 19, 16, 18], [17, 24, 18, 1], [19, 7, 20, 6], [21, 9, 22, 8]]"
12a_0381_164,"[[21, 9, 22, 8], [23, 3, 24, 2], [1, 16, 2, 17], [3, 12, 4, 13], [5, 23, 6, 22], [7, 21, 8, 20], [9, 15, 10, 14], [11, 4, 12, 5], [13, 11, 14, 10], [15, 19, 16, 18], [17, 24, 18, 1], [19, 7, 20, 6]]"
12a_0381_165,"[[19, 7, 20, 6], [21, 9, 22, 8], [23, 3, 24, 2], [1, 16, 2, 17], [3, 12, 4, 13], [5, 23, 6, 22], [7, 21, 8, 20], [9, 15, 10, 14], [11, 4, 12, 5], [13, 11, 14, 10], [15, 19, 16, 18], [17, 24, 18, 1]]"
12a_0381_166,"[[17, 24, 18, 1], [19, 7, 20, 6], [21, 9, 22, 8], [23, 3, 24, 2], [1, 16, 2, 17], [3, 12, 4, 13], [5, 23, 6, 22], [7, 21, 8, 20], [9, 15, 10, 14], [11, 4, 12, 5], [13, 11, 14, 10], [15, 19, 16, 18]]"
12a_0381_167,"[[15, 19, 16, 18], [17, 24, 18, 1], [19, 7, 20, 6], [21, 9, 22, 8], [23, 3, 24, 2], [1, 16, 2, 17], [3, 12, 4, 13], [5, 23, 6, 22], [7, 21, 8, 20], [9, 15, 10, 14], [11, 4, 12, 5], [13, 11, 14, 10]]"
12a_0381_168,"[[14, 12, 15, 11], [16, 20, 17, 19], [18, 1, 19, 2], [20, 8, 21, 7], [22, 10, 23, 9], [24, 4, 1, 3], [2, 17, 3, 18], [4, 13, 5, 14], [6, 24, 7, 23], [8, 22, 9, 21], [10, 16, 11, 15], [12, 5, 13, 6]]"
12a_0381_169,"[[12, 5, 13, 6], [14, 12, 15, 11], [16, 20, 17, 19], [18, 1, 19, 2], [20, 8, 21, 7], [22, 10, 23, 9], [24, 4, 1, 3], [2, 17, 3, 18], [4, 13, 5, 14], [6, 24, 7, 23], [8, 22, 9, 21], [10, 16, 11, 15]]"
12a_0381_170,"[[10, 16, 11, 15], [12, 5, 13, 6], [14, 12, 15, 11], [16, 20, 17, 19], [18, 1, 19, 2], [20, 8, 21, 7], [22, 10, 23, 9], [24, 4, 1, 3], [2, 17, 3, 18], [4, 13, 5, 14], [6, 24, 7, 23], [8, 22, 9, 21]]"
12a_0381_171,"[[8, 22, 9, 21], [10, 16, 11, 15], [12, 5, 13, 6], [14, 12, 15, 11], [16, 20, 17, 19], [18, 1, 19, 2], [20, 8, 21, 7], [22, 10, 23, 9], [24, 4, 1, 3], [2, 17, 3, 18], [4, 13, 5, 14], [6, 24, 7, 23]]"
12a_0381_172,"[[6, 24, 7, 23], [8, 22, 9, 21], [10, 16, 11, 15], [12, 5, 13, 6], [14, 12, 15, 11], [16, 20, 17, 19], [18, 1, 19, 2], [20, 8, 21, 7], [22, 10, 23, 9], [24, 4, 1, 3], [2, 17, 3, 18], [4, 13, 5, 14]]"
12a_0381_173,"[[4, 13, 5, 14], [6, 24, 7, 23], [8, 22, 9, 21], [10, 16, 11, 15], [12, 5, 13, 6], [14, 12, 15, 11], [16, 20, 17, 19], [18, 1, 19, 2], [20, 8, 21, 7], [22, 10, 23, 9], [24, 4, 1, 3], [2, 17, 3, 18]]"
12a_0381_174,"[[2, 17, 3, 18], [4, 13, 5, 14], [6, 24, 7, 23], [8, 22, 9, 21], [10, 16, 11, 15], [12, 5, 13, 6], [14, 12, 15, 11], [16, 20, 17, 19], [18, 1, 19, 2], [20, 8, 21, 7], [22, 10, 23, 9], [24, 4, 1, 3]]"
12a_0381_175,"[[24, 4, 1, 3], [2, 17, 3, 18], [4, 13, 5, 14], [6, 24, 7, 23], [8, 22, 9, 21], [10, 16, 11, 15], [12, 5, 13, 6], [14, 12, 15, 11], [16, 20, 17, 19], [18, 1, 19, 2], [20, 8, 21, 7], [22, 10, 23, 9]]"
12a_0381_176,"[[22, 10, 23, 9], [24, 4, 1, 3], [2, 17, 3, 18], [4, 13, 5, 14], [6, 24, 7, 23], [8, 22, 9, 21], [10, 16, 11, 15], [12, 5, 13, 6], [14, 12, 15, 11], [16, 20, 17, 19], [18, 1, 19, 2], [20, 8, 21, 7]]"
12a_0381_177,"[[20, 8, 21, 7], [22, 10, 23, 9], [24, 4, 1, 3], [2, 17, 3, 18], [4, 13, 5, 14], [6, 24, 7, 23], [8, 22, 9, 21], [10, 16, 11, 15], [12, 5, 13, 6], [14, 12, 15, 11], [16, 20, 17, 19], [18, 1, 19, 2]]"
12a_0381_178,"[[18, 1, 19, 2], [20, 8, 21, 7], [22, 10, 23, 9], [24, 4, 1, 3], [2, 17, 3, 18], [4, 13, 5, 14], [6, 24, 7, 23], [8, 22, 9, 21], [10, 16, 11, 15], [12, 5, 13, 6], [14, 12, 15, 11], [16, 20, 17, 19]]"
12a_0381_179,"[[16, 20, 17, 19], [18, 1, 19, 2], [20, 8, 21, 7], [22, 10, 23, 9], [24, 4, 1, 3], [2, 17, 3, 18], [4, 13, 5, 14], [6, 24, 7, 23], [8, 22, 9, 21], [10, 16, 11, 15], [12, 5, 13, 6], [14, 12, 15, 11]]"
12a_0381_180,"[[15, 13, 16, 12], [17, 21, 18, 20], [19, 2, 20, 3], [21, 9, 22, 8], [23, 11, 24, 10], [1, 5, 2, 4], [3, 18, 4, 19], [5, 14, 6, 15], [7, 1, 8, 24], [9, 23, 10, 22], [11, 17, 12, 16], [13, 6, 14, 7]]"
12a_0381_181,"[[13, 6, 14, 7], [15, 13, 16, 12], [17, 21, 18, 20], [19, 2, 20, 3], [21, 9, 22, 8], [23, 11, 24, 10], [1, 5, 2, 4], [3, 18, 4, 19], [5, 14, 6, 15], [7, 1, 8, 24], [9, 23, 10, 22], [11, 17, 12, 16]]"
12a_0381_182,"[[11, 17, 12, 16], [13, 6, 14, 7], [15, 13, 16, 12], [17, 21, 18, 20], [19, 2, 20, 3], [21, 9, 22, 8], [23, 11, 24, 10], [1, 5, 2, 4], [3, 18, 4, 19], [5, 14, 6, 15], [7, 1, 8, 24], [9, 23, 10, 22]]"
12a_0381_183,"[[9, 23, 10, 22], [11, 17, 12, 16], [13, 6, 14, 7], [15, 13, 16, 12], [17, 21, 18, 20], [19, 2, 20, 3], [21, 9, 22, 8], [23, 11, 24, 10], [1, 5, 2, 4], [3, 18, 4, 19], [5, 14, 6, 15], [7, 1, 8, 24]]"
12a_0381_184,"[[7, 1, 8, 24], [9, 23, 10, 22], [11, 17, 12, 16], [13, 6, 14, 7], [15, 13, 16, 12], [17, 21, 18, 20], [19, 2, 20, 3], [21, 9, 22, 8], [23, 11, 24, 10], [1, 5, 2, 4], [3, 18, 4, 19], [5, 14, 6, 15]]"
12a_0381_185,"[[5, 14, 6, 15], [7, 1, 8, 24], [9, 23, 10, 22], [11, 17, 12, 16], [13, 6, 14, 7], [15, 13, 16, 12], [17, 21, 18, 20], [19, 2, 20, 3], [21, 9, 22, 8], [23, 11, 24, 10], [1, 5, 2, 4], [3, 18, 4, 19]]"
