name,pd_notation
12a_0933_0,"[[24, 19, 1, 20], [2, 8, 3, 7], [4, 11, 5, 12], [6, 18, 7, 17], [8, 24, 9, 23], [10, 15, 11, 16], [12, 5, 13, 6], [14, 21, 15, 22], [16, 4, 17, 3], [18, 1, 19, 2], [20, 13, 21, 14], [22, 10, 23, 9]]"
12a_0933_1,"[[22, 10, 23, 9], [24, 19, 1, 20], [2, 8, 3, 7], [4, 11, 5, 12], [6, 18, 7, 17], [8, 24, 9, 23], [10, 15, 11, 16], [12, 5, 13, 6], [14, 21, 15, 22], [16, 4, 17, 3], [18, 1, 19, 2], [20, 13, 21, 14]]"
12a_0933_2,"[[20, 13, 21, 14], [22, 10, 23, 9], [24, 19, 1, 20], [2, 8, 3, 7], [4, 11, 5, 12], [6, 18, 7, 17], [8, 24, 9, 23], [10, 15, 11, 16], [12, 5, 13, 6], [14, 21, 15, 22], [16, 4, 17, 3], [18, 1, 19, 2]]"
12a_0933_3,"[[18, 1, 19, 2], [20, 13, 21, 14], [22, 10, 23, 9], [24, 19, 1, 20], [2, 8, 3, 7], [4, 11, 5, 12], [6, 18, 7, 17], [8, 24, 9, 23], [10, 15, 11, 16], [12, 5, 13, 6], [14, 21, 15, 22], [16, 4, 17, 3]]"
12a_0933_4,"[[16, 4, 17, 3], [18, 1, 19, 2], [20, 13, 21, 14], [22, 10, 23, 9], [24, 19, 1, 20], [2, 8, 3, 7], [4, 11, 5, 12], [6, 18, 7, 17], [8, 24, 9, 23], [10, 15, 11, 16], [12, 5, 13, 6], [14, 21, 15, 22]]"
12a_0933_5,"[[14, 21, 15, 22], [16, 4, 17, 3], [18, 1, 19, 2], [20, 13, 21, 14], [22, 10, 23, 9], [24, 19, 1, 20], [2, 8, 3, 7], [4, 11, 5, 12], [6, 18, 7, 17], [8, 24, 9, 23], [10, 15, 11, 16], [12, 5, 13, 6]]"
12a_0933_6,"[[12, 5, 13, 6], [14, 21, 15, 22], [16, 4, 17, 3], [18, 1, 19, 2], [20, 13, 21, 14], [22, 10, 23, 9], [24, 19, 1, 20], [2, 8, 3, 7], [4, 11, 5, 12], [6, 18, 7, 17], [8, 24, 9, 23], [10, 15, 11, 16]]"
12a_0933_7,"[[10, 15, 11, 16], [12, 5, 13, 6], [14, 21, 15, 22], [16, 4, 17, 3], [18, 1, 19, 2], [20, 13, 21, 14], [22, 10, 23, 9], [24, 19, 1, 20], [2, 8, 3, 7], [4, 11, 5, 12], [6, 18, 7, 17], [8, 24, 9, 23]]"
12a_0933_8,"[[8, 24, 9, 23], [10, 15, 11, 16], [12, 5, 13, 6], [14, 21, 15, 22], [16, 4, 17, 3], [18, 1, 19, 2], [20, 13, 21, 14], [22, 10, 23, 9], [24, 19, 1, 20], [2, 8, 3, 7], [4, 11, 5, 12], [6, 18, 7, 17]]"
12a_0933_9,"[[6, 18, 7, 17], [8, 24, 9, 23], [10, 15, 11, 16], [12, 5, 13, 6], [14, 21, 15, 22], [16, 4, 17, 3], [18, 1, 19, 2], [20, 13, 21, 14], [22, 10, 23, 9], [24, 19, 1, 20], [2, 8, 3, 7], [4, 11, 5, 12]]"
12a_0933_10,"[[4, 11, 5, 12], [6, 18, 7, 17], [8, 24, 9, 23], [10, 15, 11, 16], [12, 5, 13, 6], [14, 21, 15, 22], [16, 4, 17, 3], [18, 1, 19, 2], [20, 13, 21, 14], [22, 10, 23, 9], [24, 19, 1, 20], [2, 8, 3, 7]]"
12a_0933_11,"[[2, 8, 3, 7], [4, 11, 5, 12], [6, 18, 7, 17], [8, 24, 9, 23], [10, 15, 11, 16], [12, 5, 13, 6], [14, 21, 15, 22], [16, 4, 17, 3], [18, 1, 19, 2], [20, 13, 21, 14], [22, 10, 23, 9], [24, 19, 1, 20]]"
12a_0933_12,"[[1, 20, 2, 21], [3, 9, 4, 8], [5, 12, 6, 13], [7, 19, 8, 18], [9, 1, 10, 24], [11, 16, 12, 17], [13, 6, 14, 7], [15, 22, 16, 23], [17, 5, 18, 4], [19, 2, 20, 3], [21, 14, 22, 15], [23, 11, 24, 10]]"
12a_0933_13,"[[23, 11, 24, 10], [1, 20, 2, 21], [3, 9, 4, 8], [5, 12, 6, 13], [7, 19, 8, 18], [9, 1, 10, 24], [11, 16, 12, 17], [13, 6, 14, 7], [15, 22, 16, 23], [17, 5, 18, 4], [19, 2, 20, 3], [21, 14, 22, 15]]"
12a_0933_14,"[[21, 14, 22, 15], [23, 11, 24, 10], [1, 20, 2, 21], [3, 9, 4, 8], [5, 12, 6, 13], [7, 19, 8, 18], [9, 1, 10, 24], [11, 16, 12, 17], [13, 6, 14, 7], [15, 22, 16, 23], [17, 5, 18, 4], [19, 2, 20, 3]]"
12a_0933_15,"[[19, 2, 20, 3], [21, 14, 22, 15], [23, 11, 24, 10], [1, 20, 2, 21], [3, 9, 4, 8], [5, 12, 6, 13], [7, 19, 8, 18], [9, 1, 10, 24], [11, 16, 12, 17], [13, 6, 14, 7], [15, 22, 16, 23], [17, 5, 18, 4]]"
12a_0933_16,"[[17, 5, 18, 4], [19, 2, 20, 3], [21, 14, 22, 15], [23, 11, 24, 10], [1, 20, 2, 21], [3, 9, 4, 8], [5, 12, 6, 13], [7, 19, 8, 18], [9, 1, 10, 24], [11, 16, 12, 17], [13, 6, 14, 7], [15, 22, 16, 23]]"
12a_0933_17,"[[15, 22, 16, 23], [17, 5, 18, 4], [19, 2, 20, 3], [21, 14, 22, 15], [23, 11, 24, 10], [1, 20, 2, 21], [3, 9, 4, 8], [5, 12, 6, 13], [7, 19, 8, 18], [9, 1, 10, 24], [11, 16, 12, 17], [13, 6, 14, 7]]"
12a_0933_18,"[[13, 6, 14, 7], [15, 22, 16, 23], [17, 5, 18, 4], [19, 2, 20, 3], [21, 14, 22, 15], [23, 11, 24, 10], [1, 20, 2, 21], [3, 9, 4, 8], [5, 12, 6, 13], [7, 19, 8, 18], [9, 1, 10, 24], [11, 16, 12, 17]]"
12a_0933_19,"[[11, 16, 12, 17], [13, 6, 14, 7], [15, 22, 16, 23], [17, 5, 18, 4], [19, 2, 20, 3], [21, 14, 22, 15], [23, 11, 24, 10], [1, 20, 2, 21], [3, 9, 4, 8], [5, 12, 6, 13], [7, 19, 8, 18], [9, 1, 10, 24]]"
12a_0933_20,"[[9, 1, 10, 24], [11, 16, 12, 17], [13, 6, 14, 7], [15, 22, 16, 23], [17, 5, 18, 4], [19, 2, 20, 3], [21, 14, 22, 15], [23, 11, 24, 10], [1, 20, 2, 21], [3, 9, 4, 8], [5, 12, 6, 13], [7, 19, 8, 18]]"
12a_0933_21,"[[7, 19, 8, 18], [9, 1, 10, 24], [11, 16, 12, 17], [13, 6, 14, 7], [15, 22, 16, 23], [17, 5, 18, 4], [19, 2, 20, 3], [21, 14, 22, 15], [23, 11, 24, 10], [1, 20, 2, 21], [3, 9, 4, 8], [5, 12, 6, 13]]"
12a_0933_22,"[[5, 12, 6, 13], [7, 19, 8, 18], [9, 1, 10, 24], [11, 16, 12, 17], [13, 6, 14, 7], [15, 22, 16, 23], [17, 5, 18, 4], [19, 2, 20, 3], [21, 14, 22, 15], [23, 11, 24, 10], [1, 20, 2, 21], [3, 9, 4, 8]]"
12a_0933_23,"[[3, 9, 4, 8], [5, 12, 6, 13], [7, 19, 8, 18], [9, 1, 10, 24], [11, 16, 12, 17], [13, 6, 14, 7], [15, 22, 16, 23], [17, 5, 18, 4], [19, 2, 20, 3], [21, 14, 22, 15], [23, 11, 24, 10], [1, 20, 2, 21]]"
12a_0933_24,"[[2, 21, 3, 22], [4, 10, 5, 9], [6, 13, 7, 14], [8, 20, 9, 19], [10, 2, 11, 1], [12, 17, 13, 18], [14, 7, 15, 8], [16, 23, 17, 24], [18, 6, 19, 5], [20, 3, 21, 4], [22, 15, 23, 16], [24, 12, 1, 11]]"
12a_0933_25,"[[24, 12, 1, 11], [2, 21, 3, 22], [4, 10, 5, 9], [6, 13, 7, 14], [8, 20, 9, 19], [10, 2, 11, 1], [12, 17, 13, 18], [14, 7, 15, 8], [16, 23, 17, 24], [18, 6, 19, 5], [20, 3, 21, 4], [22, 15, 23, 16]]"
12a_0933_26,"[[22, 15, 23, 16], [24, 12, 1, 11], [2, 21, 3, 22], [4, 10, 5, 9], [6, 13, 7, 14], [8, 20, 9, 19], [10, 2, 11, 1], [12, 17, 13, 18], [14, 7, 15, 8], [16, 23, 17, 24], [18, 6, 19, 5], [20, 3, 21, 4]]"
12a_0933_27,"[[20, 3, 21, 4], [22, 15, 23, 16], [24, 12, 1, 11], [2, 21, 3, 22], [4, 10, 5, 9], [6, 13, 7, 14], [8, 20, 9, 19], [10, 2, 11, 1], [12, 17, 13, 18], [14, 7, 15, 8], [16, 23, 17, 24], [18, 6, 19, 5]]"
12a_0933_28,"[[18, 6, 19, 5], [20, 3, 21, 4], [22, 15, 23, 16], [24, 12, 1, 11], [2, 21, 3, 22], [4, 10, 5, 9], [6, 13, 7, 14], [8, 20, 9, 19], [10, 2, 11, 1], [12, 17, 13, 18], [14, 7, 15, 8], [16, 23, 17, 24]]"
12a_0933_29,"[[16, 23, 17, 24], [18, 6, 19, 5], [20, 3, 21, 4], [22, 15, 23, 16], [24, 12, 1, 11], [2, 21, 3, 22], [4, 10, 5, 9], [6, 13, 7, 14], [8, 20, 9, 19], [10, 2, 11, 1], [12, 17, 13, 18], [14, 7, 15, 8]]"
12a_0933_30,"[[14, 7, 15, 8], [16, 23, 17, 24], [18, 6, 19, 5], [20, 3, 21, 4], [22, 15, 23, 16], [24, 12, 1, 11], [2, 21, 3, 22], [4, 10, 5, 9], [6, 13, 7, 14], [8, 20, 9, 19], [10, 2, 11, 1], [12, 17, 13, 18]]"
12a_0933_31,"[[12, 17, 13, 18], [14, 7, 15, 8], [16, 23, 17, 24], [18, 6, 19, 5], [20, 3, 21, 4], [22, 15, 23, 16], [24, 12, 1, 11], [2, 21, 3, 22], [4, 10, 5, 9], [6, 13, 7, 14], [8, 20, 9, 19], [10, 2, 11, 1]]"
12a_0933_32,"[[10, 2, 11, 1], [12, 17, 13, 18], [14, 7, 15, 8], [16, 23, 17, 24], [18, 6, 19, 5], [20, 3, 21, 4], [22, 15, 23, 16], [24, 12, 1, 11], [2, 21, 3, 22], [4, 10, 5, 9], [6, 13, 7, 14], [8, 20, 9, 19]]"
12a_0933_33,"[[8, 20, 9, 19], [10, 2, 11, 1], [12, 17, 13, 18], [14, 7, 15, 8], [16, 23, 17, 24], [18, 6, 19, 5], [20, 3, 21, 4], [22, 15, 23, 16], [24, 12, 1, 11], [2, 21, 3, 22], [4, 10, 5, 9], [6, 13, 7, 14]]"
12a_0933_34,"[[6, 13, 7, 14], [8, 20, 9, 19], [10, 2, 11, 1], [12, 17, 13, 18], [14, 7, 15, 8], [16, 23, 17, 24], [18, 6, 19, 5], [20, 3, 21, 4], [22, 15, 23, 16], [24, 12, 1, 11], [2, 21, 3, 22], [4, 10, 5, 9]]"
12a_0933_35,"[[4, 10, 5, 9], [6, 13, 7, 14], [8, 20, 9, 19], [10, 2, 11, 1], [12, 17, 13, 18], [14, 7, 15, 8], [16, 23, 17, 24], [18, 6, 19, 5], [20, 3, 21, 4], [22, 15, 23, 16], [24, 12, 1, 11], [2, 21, 3, 22]]"
12a_0933_36,"[[3, 22, 4, 23], [5, 11, 6, 10], [7, 14, 8, 15], [9, 21, 10, 20], [11, 3, 12, 2], [13, 18, 14, 19], [15, 8, 16, 9], [17, 24, 18, 1], [19, 7, 20, 6], [21, 4, 22, 5], [23, 16, 24, 17], [1, 13, 2, 12]]"
12a_0933_37,"[[1, 13, 2, 12], [3, 22, 4, 23], [5, 11, 6, 10], [7, 14, 8, 15], [9, 21, 10, 20], [11, 3, 12, 2], [13, 18, 14, 19], [15, 8, 16, 9], [17, 24, 18, 1], [19, 7, 20, 6], [21, 4, 22, 5], [23, 16, 24, 17]]"
12a_0933_38,"[[23, 16, 24, 17], [1, 13, 2, 12], [3, 22, 4, 23], [5, 11, 6, 10], [7, 14, 8, 15], [9, 21, 10, 20], [11, 3, 12, 2], [13, 18, 14, 19], [15, 8, 16, 9], [17, 24, 18, 1], [19, 7, 20, 6], [21, 4, 22, 5]]"
12a_0933_39,"[[21, 4, 22, 5], [23, 16, 24, 17], [1, 13, 2, 12], [3, 22, 4, 23], [5, 11, 6, 10], [7, 14, 8, 15], [9, 21, 10, 20], [11, 3, 12, 2], [13, 18, 14, 19], [15, 8, 16, 9], [17, 24, 18, 1], [19, 7, 20, 6]]"
12a_0933_40,"[[19, 7, 20, 6], [21, 4, 22, 5], [23, 16, 24, 17], [1, 13, 2, 12], [3, 22, 4, 23], [5, 11, 6, 10], [7, 14, 8, 15], [9, 21, 10, 20], [11, 3, 12, 2], [13, 18, 14, 19], [15, 8, 16, 9], [17, 24, 18, 1]]"
12a_0933_41,"[[17, 24, 18, 1], [19, 7, 20, 6], [21, 4, 22, 5], [23, 16, 24, 17], [1, 13, 2, 12], [3, 22, 4, 23], [5, 11, 6, 10], [7, 14, 8, 15], [9, 21, 10, 20], [11, 3, 12, 2], [13, 18, 14, 19], [15, 8, 16, 9]]"
12a_0933_42,"[[15, 8, 16, 9], [17, 24, 18, 1], [19, 7, 20, 6], [21, 4, 22, 5], [23, 16, 24, 17], [1, 13, 2, 12], [3, 22, 4, 23], [5, 11, 6, 10], [7, 14, 8, 15], [9, 21, 10, 20], [11, 3, 12, 2], [13, 18, 14, 19]]"
12a_0933_43,"[[13, 18, 14, 19], [15, 8, 16, 9], [17, 24, 18, 1], [19, 7, 20, 6], [21, 4, 22, 5], [23, 16, 24, 17], [1, 13, 2, 12], [3, 22, 4, 23], [5, 11, 6, 10], [7, 14, 8, 15], [9, 21, 10, 20], [11, 3, 12, 2]]"
12a_0933_44,"[[11, 3, 12, 2], [13, 18, 14, 19], [15, 8, 16, 9], [17, 24, 18, 1], [19, 7, 20, 6], [21, 4, 22, 5], [23, 16, 24, 17], [1, 13, 2, 12], [3, 22, 4, 23], [5, 11, 6, 10], [7, 14, 8, 15], [9, 21, 10, 20]]"
12a_0933_45,"[[9, 21, 10, 20], [11, 3, 12, 2], [13, 18, 14, 19], [15, 8, 16, 9], [17, 24, 18, 1], [19, 7, 20, 6], [21, 4, 22, 5], [23, 16, 24, 17], [1, 13, 2, 12], [3, 22, 4, 23], [5, 11, 6, 10], [7, 14, 8, 15]]"
12a_0933_46,"[[7, 14, 8, 15], [9, 21, 10, 20], [11, 3, 12, 2], [13, 18, 14, 19], [15, 8, 16, 9], [17, 24, 18, 1], [19, 7, 20, 6], [21, 4, 22, 5], [23, 16, 24, 17], [1, 13, 2, 12], [3, 22, 4, 23], [5, 11, 6, 10]]"
12a_0933_47,"[[5, 11, 6, 10], [7, 14, 8, 15], [9, 21, 10, 20], [11, 3, 12, 2], [13, 18, 14, 19], [15, 8, 16, 9], [17, 24, 18, 1], [19, 7, 20, 6], [21, 4, 22, 5], [23, 16, 24, 17], [1, 13, 2, 12], [3, 22, 4, 23]]"
12a_0933_48,"[[4, 23, 5, 24], [6, 12, 7, 11], [8, 15, 9, 16], [10, 22, 11, 21], [12, 4, 13, 3], [14, 19, 15, 20], [16, 9, 17, 10], [18, 1, 19, 2], [20, 8, 21, 7], [22, 5, 23, 6], [24, 17, 1, 18], [2, 14, 3, 13]]"
12a_0933_49,"[[2, 14, 3, 13], [4, 23, 5, 24], [6, 12, 7, 11], [8, 15, 9, 16], [10, 22, 11, 21], [12, 4, 13, 3], [14, 19, 15, 20], [16, 9, 17, 10], [18, 1, 19, 2], [20, 8, 21, 7], [22, 5, 23, 6], [24, 17, 1, 18]]"
12a_0933_50,"[[24, 17, 1, 18], [2, 14, 3, 13], [4, 23, 5, 24], [6, 12, 7, 11], [8, 15, 9, 16], [10, 22, 11, 21], [12, 4, 13, 3], [14, 19, 15, 20], [16, 9, 17, 10], [18, 1, 19, 2], [20, 8, 21, 7], [22, 5, 23, 6]]"
12a_0933_51,"[[22, 5, 23, 6], [24, 17, 1, 18], [2, 14, 3, 13], [4, 23, 5, 24], [6, 12, 7, 11], [8, 15, 9, 16], [10, 22, 11, 21], [12, 4, 13, 3], [14, 19, 15, 20], [16, 9, 17, 10], [18, 1, 19, 2], [20, 8, 21, 7]]"
12a_0933_52,"[[20, 8, 21, 7], [22, 5, 23, 6], [24, 17, 1, 18], [2, 14, 3, 13], [4, 23, 5, 24], [6, 12, 7, 11], [8, 15, 9, 16], [10, 22, 11, 21], [12, 4, 13, 3], [14, 19, 15, 20], [16, 9, 17, 10], [18, 1, 19, 2]]"
12a_0933_53,"[[18, 1, 19, 2], [20, 8, 21, 7], [22, 5, 23, 6], [24, 17, 1, 18], [2, 14, 3, 13], [4, 23, 5, 24], [6, 12, 7, 11], [8, 15, 9, 16], [10, 22, 11, 21], [12, 4, 13, 3], [14, 19, 15, 20], [16, 9, 17, 10]]"
12a_0933_54,"[[16, 9, 17, 10], [18, 1, 19, 2], [20, 8, 21, 7], [22, 5, 23, 6], [24, 17, 1, 18], [2, 14, 3, 13], [4, 23, 5, 24], [6, 12, 7, 11], [8, 15, 9, 16], [10, 22, 11, 21], [12, 4, 13, 3], [14, 19, 15, 20]]"
12a_0933_55,"[[14, 19, 15, 20], [16, 9, 17, 10], [18, 1, 19, 2], [20, 8, 21, 7], [22, 5, 23, 6], [24, 17, 1, 18], [2, 14, 3, 13], [4, 23, 5, 24], [6, 12, 7, 11], [8, 15, 9, 16], [10, 22, 11, 21], [12, 4, 13, 3]]"
12a_0933_56,"[[12, 4, 13, 3], [14, 19, 15, 20], [16, 9, 17, 10], [18, 1, 19, 2], [20, 8, 21, 7], [22, 5, 23, 6], [24, 17, 1, 18], [2, 14, 3, 13], [4, 23, 5, 24], [6, 12, 7, 11], [8, 15, 9, 16], [10, 22, 11, 21]]"
12a_0933_57,"[[10, 22, 11, 21], [12, 4, 13, 3], [14, 19, 15, 20], [16, 9, 17, 10], [18, 1, 19, 2], [20, 8, 21, 7], [22, 5, 23, 6], [24, 17, 1, 18], [2, 14, 3, 13], [4, 23, 5, 24], [6, 12, 7, 11], [8, 15, 9, 16]]"
12a_0933_58,"[[8, 15, 9, 16], [10, 22, 11, 21], [12, 4, 13, 3], [14, 19, 15, 20], [16, 9, 17, 10], [18, 1, 19, 2], [20, 8, 21, 7], [22, 5, 23, 6], [24, 17, 1, 18], [2, 14, 3, 13], [4, 23, 5, 24], [6, 12, 7, 11]]"
12a_0933_59,"[[6, 12, 7, 11], [8, 15, 9, 16], [10, 22, 11, 21], [12, 4, 13, 3], [14, 19, 15, 20], [16, 9, 17, 10], [18, 1, 19, 2], [20, 8, 21, 7], [22, 5, 23, 6], [24, 17, 1, 18], [2, 14, 3, 13], [4, 23, 5, 24]]"
12a_0933_60,"[[5, 24, 6, 1], [7, 13, 8, 12], [9, 16, 10, 17], [11, 23, 12, 22], [13, 5, 14, 4], [15, 20, 16, 21], [17, 10, 18, 11], [19, 2, 20, 3], [21, 9, 22, 8], [23, 6, 24, 7], [1, 18, 2, 19], [3, 15, 4, 14]]"
12a_0933_61,"[[3, 15, 4, 14], [5, 24, 6, 1], [7, 13, 8, 12], [9, 16, 10, 17], [11, 23, 12, 22], [13, 5, 14, 4], [15, 20, 16, 21], [17, 10, 18, 11], [19, 2, 20, 3], [21, 9, 22, 8], [23, 6, 24, 7], [1, 18, 2, 19]]"
12a_0933_62,"[[1, 18, 2, 19], [3, 15, 4, 14], [5, 24, 6, 1], [7, 13, 8, 12], [9, 16, 10, 17], [11, 23, 12, 22], [13, 5, 14, 4], [15, 20, 16, 21], [17, 10, 18, 11], [19, 2, 20, 3], [21, 9, 22, 8], [23, 6, 24, 7]]"
12a_0933_63,"[[23, 6, 24, 7], [1, 18, 2, 19], [3, 15, 4, 14], [5, 24, 6, 1], [7, 13, 8, 12], [9, 16, 10, 17], [11, 23, 12, 22], [13, 5, 14, 4], [15, 20, 16, 21], [17, 10, 18, 11], [19, 2, 20, 3], [21, 9, 22, 8]]"
12a_0933_64,"[[21, 9, 22, 8], [23, 6, 24, 7], [1, 18, 2, 19], [3, 15, 4, 14], [5, 24, 6, 1], [7, 13, 8, 12], [9, 16, 10, 17], [11, 23, 12, 22], [13, 5, 14, 4], [15, 20, 16, 21], [17, 10, 18, 11], [19, 2, 20, 3]]"
12a_0933_65,"[[19, 2, 20, 3], [21, 9, 22, 8], [23, 6, 24, 7], [1, 18, 2, 19], [3, 15, 4, 14], [5, 24, 6, 1], [7, 13, 8, 12], [9, 16, 10, 17], [11, 23, 12, 22], [13, 5, 14, 4], [15, 20, 16, 21], [17, 10, 18, 11]]"
12a_0933_66,"[[17, 10, 18, 11], [19, 2, 20, 3], [21, 9, 22, 8], [23, 6, 24, 7], [1, 18, 2, 19], [3, 15, 4, 14], [5, 24, 6, 1], [7, 13, 8, 12], [9, 16, 10, 17], [11, 23, 12, 22], [13, 5, 14, 4], [15, 20, 16, 21]]"
12a_0933_67,"[[15, 20, 16, 21], [17, 10, 18, 11], [19, 2, 20, 3], [21, 9, 22, 8], [23, 6, 24, 7], [1, 18, 2, 19], [3, 15, 4, 14], [5, 24, 6, 1], [7, 13, 8, 12], [9, 16, 10, 17], [11, 23, 12, 22], [13, 5, 14, 4]]"
12a_0933_68,"[[13, 5, 14, 4], [15, 20, 16, 21], [17, 10, 18, 11], [19, 2, 20, 3], [21, 9, 22, 8], [23, 6, 24, 7], [1, 18, 2, 19], [3, 15, 4, 14], [5, 24, 6, 1], [7, 13, 8, 12], [9, 16, 10, 17], [11, 23, 12, 22]]"
12a_0933_69,"[[11, 23, 12, 22], [13, 5, 14, 4], [15, 20, 16, 21], [17, 10, 18, 11], [19, 2, 20, 3], [21, 9, 22, 8], [23, 6, 24, 7], [1, 18, 2, 19], [3, 15, 4, 14], [5, 24, 6, 1], [7, 13, 8, 12], [9, 16, 10, 17]]"
12a_0933_70,"[[9, 16, 10, 17], [11, 23, 12, 22], [13, 5, 14, 4], [15, 20, 16, 21], [17, 10, 18, 11], [19, 2, 20, 3], [21, 9, 22, 8], [23, 6, 24, 7], [1, 18, 2, 19], [3, 15, 4, 14], [5, 24, 6, 1], [7, 13, 8, 12]]"
12a_0933_71,"[[7, 13, 8, 12], [9, 16, 10, 17], [11, 23, 12, 22], [13, 5, 14, 4], [15, 20, 16, 21], [17, 10, 18, 11], [19, 2, 20, 3], [21, 9, 22, 8], [23, 6, 24, 7], [1, 18, 2, 19], [3, 15, 4, 14], [5, 24, 6, 1]]"
12a_0933_72,"[[6, 1, 7, 2], [8, 14, 9, 13], [10, 17, 11, 18], [12, 24, 13, 23], [14, 6, 15, 5], [16, 21, 17, 22], [18, 11, 19, 12], [20, 3, 21, 4], [22, 10, 23, 9], [24, 7, 1, 8], [2, 19, 3, 20], [4, 16, 5, 15]]"
12a_0933_73,"[[4, 16, 5, 15], [6, 1, 7, 2], [8, 14, 9, 13], [10, 17, 11, 18], [12, 24, 13, 23], [14, 6, 15, 5], [16, 21, 17, 22], [18, 11, 19, 12], [20, 3, 21, 4], [22, 10, 23, 9], [24, 7, 1, 8], [2, 19, 3, 20]]"
12a_0933_74,"[[2, 19, 3, 20], [4, 16, 5, 15], [6, 1, 7, 2], [8, 14, 9, 13], [10, 17, 11, 18], [12, 24, 13, 23], [14, 6, 15, 5], [16, 21, 17, 22], [18, 11, 19, 12], [20, 3, 21, 4], [22, 10, 23, 9], [24, 7, 1, 8]]"
12a_0933_75,"[[24, 7, 1, 8], [2, 19, 3, 20], [4, 16, 5, 15], [6, 1, 7, 2], [8, 14, 9, 13], [10, 17, 11, 18], [12, 24, 13, 23], [14, 6, 15, 5], [16, 21, 17, 22], [18, 11, 19, 12], [20, 3, 21, 4], [22, 10, 23, 9]]"
12a_0933_76,"[[22, 10, 23, 9], [24, 7, 1, 8], [2, 19, 3, 20], [4, 16, 5, 15], [6, 1, 7, 2], [8, 14, 9, 13], [10, 17, 11, 18], [12, 24, 13, 23], [14, 6, 15, 5], [16, 21, 17, 22], [18, 11, 19, 12], [20, 3, 21, 4]]"
12a_0933_77,"[[20, 3, 21, 4], [22, 10, 23, 9], [24, 7, 1, 8], [2, 19, 3, 20], [4, 16, 5, 15], [6, 1, 7, 2], [8, 14, 9, 13], [10, 17, 11, 18], [12, 24, 13, 23], [14, 6, 15, 5], [16, 21, 17, 22], [18, 11, 19, 12]]"
12a_0933_78,"[[18, 11, 19, 12], [20, 3, 21, 4], [22, 10, 23, 9], [24, 7, 1, 8], [2, 19, 3, 20], [4, 16, 5, 15], [6, 1, 7, 2], [8, 14, 9, 13], [10, 17, 11, 18], [12, 24, 13, 23], [14, 6, 15, 5], [16, 21, 17, 22]]"
12a_0933_79,"[[16, 21, 17, 22], [18, 11, 19, 12], [20, 3, 21, 4], [22, 10, 23, 9], [24, 7, 1, 8], [2, 19, 3, 20], [4, 16, 5, 15], [6, 1, 7, 2], [8, 14, 9, 13], [10, 17, 11, 18], [12, 24, 13, 23], [14, 6, 15, 5]]"
12a_0933_80,"[[14, 6, 15, 5], [16, 21, 17, 22], [18, 11, 19, 12], [20, 3, 21, 4], [22, 10, 23, 9], [24, 7, 1, 8], [2, 19, 3, 20], [4, 16, 5, 15], [6, 1, 7, 2], [8, 14, 9, 13], [10, 17, 11, 18], [12, 24, 13, 23]]"
12a_0933_81,"[[12, 24, 13, 23], [14, 6, 15, 5], [16, 21, 17, 22], [18, 11, 19, 12], [20, 3, 21, 4], [22, 10, 23, 9], [24, 7, 1, 8], [2, 19, 3, 20], [4, 16, 5, 15], [6, 1, 7, 2], [8, 14, 9, 13], [10, 17, 11, 18]]"
12a_0933_82,"[[10, 17, 11, 18], [12, 24, 13, 23], [14, 6, 15, 5], [16, 21, 17, 22], [18, 11, 19, 12], [20, 3, 21, 4], [22, 10, 23, 9], [24, 7, 1, 8], [2, 19, 3, 20], [4, 16, 5, 15], [6, 1, 7, 2], [8, 14, 9, 13]]"
12a_0933_83,"[[8, 14, 9, 13], [10, 17, 11, 18], [12, 24, 13, 23], [14, 6, 15, 5], [16, 21, 17, 22], [18, 11, 19, 12], [20, 3, 21, 4], [22, 10, 23, 9], [24, 7, 1, 8], [2, 19, 3, 20], [4, 16, 5, 15], [6, 1, 7, 2]]"
12a_0933_84,"[[7, 2, 8, 3], [9, 15, 10, 14], [11, 18, 12, 19], [13, 1, 14, 24], [15, 7, 16, 6], [17, 22, 18, 23], [19, 12, 20, 13], [21, 4, 22, 5], [23, 11, 24, 10], [1, 8, 2, 9], [3, 20, 4, 21], [5, 17, 6, 16]]"
12a_0933_85,"[[5, 17, 6, 16], [7, 2, 8, 3], [9, 15, 10, 14], [11, 18, 12, 19], [13, 1, 14, 24], [15, 7, 16, 6], [17, 22, 18, 23], [19, 12, 20, 13], [21, 4, 22, 5], [23, 11, 24, 10], [1, 8, 2, 9], [3, 20, 4, 21]]"
12a_0933_86,"[[3, 20, 4, 21], [5, 17, 6, 16], [7, 2, 8, 3], [9, 15, 10, 14], [11, 18, 12, 19], [13, 1, 14, 24], [15, 7, 16, 6], [17, 22, 18, 23], [19, 12, 20, 13], [21, 4, 22, 5], [23, 11, 24, 10], [1, 8, 2, 9]]"
12a_0933_87,"[[1, 8, 2, 9], [3, 20, 4, 21], [5, 17, 6, 16], [7, 2, 8, 3], [9, 15, 10, 14], [11, 18, 12, 19], [13, 1, 14, 24], [15, 7, 16, 6], [17, 22, 18, 23], [19, 12, 20, 13], [21, 4, 22, 5], [23, 11, 24, 10]]"
12a_0933_88,"[[23, 11, 24, 10], [1, 8, 2, 9], [3, 20, 4, 21], [5, 17, 6, 16], [7, 2, 8, 3], [9, 15, 10, 14], [11, 18, 12, 19], [13, 1, 14, 24], [15, 7, 16, 6], [17, 22, 18, 23], [19, 12, 20, 13], [21, 4, 22, 5]]"
12a_0933_89,"[[21, 4, 22, 5], [23, 11, 24, 10], [1, 8, 2, 9], [3, 20, 4, 21], [5, 17, 6, 16], [7, 2, 8, 3], [9, 15, 10, 14], [11, 18, 12, 19], [13, 1, 14, 24], [15, 7, 16, 6], [17, 22, 18, 23], [19, 12, 20, 13]]"
12a_0933_90,"[[19, 12, 20, 13], [21, 4, 22, 5], [23, 11, 24, 10], [1, 8, 2, 9], [3, 20, 4, 21], [5, 17, 6, 16], [7, 2, 8, 3], [9, 15, 10, 14], [11, 18, 12, 19], [13, 1, 14, 24], [15, 7, 16, 6], [17, 22, 18, 23]]"
12a_0933_91,"[[17, 22, 18, 23], [19, 12, 20, 13], [21, 4, 22, 5], [23, 11, 24, 10], [1, 8, 2, 9], [3, 20, 4, 21], [5, 17, 6, 16], [7, 2, 8, 3], [9, 15, 10, 14], [11, 18, 12, 19], [13, 1, 14, 24], [15, 7, 16, 6]]"
12a_0933_92,"[[15, 7, 16, 6], [17, 22, 18, 23], [19, 12, 20, 13], [21, 4, 22, 5], [23, 11, 24, 10], [1, 8, 2, 9], [3, 20, 4, 21], [5, 17, 6, 16], [7, 2, 8, 3], [9, 15, 10, 14], [11, 18, 12, 19], [13, 1, 14, 24]]"
12a_0933_93,"[[13, 1, 14, 24], [15, 7, 16, 6], [17, 22, 18, 23], [19, 12, 20, 13], [21, 4, 22, 5], [23, 11, 24, 10], [1, 8, 2, 9], [3, 20, 4, 21], [5, 17, 6, 16], [7, 2, 8, 3], [9, 15, 10, 14], [11, 18, 12, 19]]"
12a_0933_94,"[[11, 18, 12, 19], [13, 1, 14, 24], [15, 7, 16, 6], [17, 22, 18, 23], [19, 12, 20, 13], [21, 4, 22, 5], [23, 11, 24, 10], [1, 8, 2, 9], [3, 20, 4, 21], [5, 17, 6, 16], [7, 2, 8, 3], [9, 15, 10, 14]]"
12a_0933_95,"[[9, 15, 10, 14], [11, 18, 12, 19], [13, 1, 14, 24], [15, 7, 16, 6], [17, 22, 18, 23], [19, 12, 20, 13], [21, 4, 22, 5], [23, 11, 24, 10], [1, 8, 2, 9], [3, 20, 4, 21], [5, 17, 6, 16], [7, 2, 8, 3]]"
12a_0933_96,"[[8, 3, 9, 4], [10, 16, 11, 15], [12, 19, 13, 20], [14, 2, 15, 1], [16, 8, 17, 7], [18, 23, 19, 24], [20, 13, 21, 14], [22, 5, 23, 6], [24, 12, 1, 11], [2, 9, 3, 10], [4, 21, 5, 22], [6, 18, 7, 17]]"
12a_0933_97,"[[6, 18, 7, 17], [8, 3, 9, 4], [10, 16, 11, 15], [12, 19, 13, 20], [14, 2, 15, 1], [16, 8, 17, 7], [18, 23, 19, 24], [20, 13, 21, 14], [22, 5, 23, 6], [24, 12, 1, 11], [2, 9, 3, 10], [4, 21, 5, 22]]"
12a_0933_98,"[[4, 21, 5, 22], [6, 18, 7, 17], [8, 3, 9, 4], [10, 16, 11, 15], [12, 19, 13, 20], [14, 2, 15, 1], [16, 8, 17, 7], [18, 23, 19, 24], [20, 13, 21, 14], [22, 5, 23, 6], [24, 12, 1, 11], [2, 9, 3, 10]]"
12a_0933_99,"[[2, 9, 3, 10], [4, 21, 5, 22], [6, 18, 7, 17], [8, 3, 9, 4], [10, 16, 11, 15], [12, 19, 13, 20], [14, 2, 15, 1], [16, 8, 17, 7], [18, 23, 19, 24], [20, 13, 21, 14], [22, 5, 23, 6], [24, 12, 1, 11]]"
12a_0933_100,"[[24, 12, 1, 11], [2, 9, 3, 10], [4, 21, 5, 22], [6, 18, 7, 17], [8, 3, 9, 4], [10, 16, 11, 15], [12, 19, 13, 20], [14, 2, 15, 1], [16, 8, 17, 7], [18, 23, 19, 24], [20, 13, 21, 14], [22, 5, 23, 6]]"
12a_0933_101,"[[22, 5, 23, 6], [24, 12, 1, 11], [2, 9, 3, 10], [4, 21, 5, 22], [6, 18, 7, 17], [8, 3, 9, 4], [10, 16, 11, 15], [12, 19, 13, 20], [14, 2, 15, 1], [16, 8, 17, 7], [18, 23, 19, 24], [20, 13, 21, 14]]"
12a_0933_102,"[[20, 13, 21, 14], [22, 5, 23, 6], [24, 12, 1, 11], [2, 9, 3, 10], [4, 21, 5, 22], [6, 18, 7, 17], [8, 3, 9, 4], [10, 16, 11, 15], [12, 19, 13, 20], [14, 2, 15, 1], [16, 8, 17, 7], [18, 23, 19, 24]]"
12a_0933_103,"[[18, 23, 19, 24], [20, 13, 21, 14], [22, 5, 23, 6], [24, 12, 1, 11], [2, 9, 3, 10], [4, 21, 5, 22], [6, 18, 7, 17], [8, 3, 9, 4], [10, 16, 11, 15], [12, 19, 13, 20], [14, 2, 15, 1], [16, 8, 17, 7]]"
12a_0933_104,"[[16, 8, 17, 7], [18, 23, 19, 24], [20, 13, 21, 14], [22, 5, 23, 6], [24, 12, 1, 11], [2, 9, 3, 10], [4, 21, 5, 22], [6, 18, 7, 17], [8, 3, 9, 4], [10, 16, 11, 15], [12, 19, 13, 20], [14, 2, 15, 1]]"
12a_0933_105,"[[14, 2, 15, 1], [16, 8, 17, 7], [18, 23, 19, 24], [20, 13, 21, 14], [22, 5, 23, 6], [24, 12, 1, 11], [2, 9, 3, 10], [4, 21, 5, 22], [6, 18, 7, 17], [8, 3, 9, 4], [10, 16, 11, 15], [12, 19, 13, 20]]"
12a_0933_106,"[[12, 19, 13, 20], [14, 2, 15, 1], [16, 8, 17, 7], [18, 23, 19, 24], [20, 13, 21, 14], [22, 5, 23, 6], [24, 12, 1, 11], [2, 9, 3, 10], [4, 21, 5, 22], [6, 18, 7, 17], [8, 3, 9, 4], [10, 16, 11, 15]]"
12a_0933_107,"[[10, 16, 11, 15], [12, 19, 13, 20], [14, 2, 15, 1], [16, 8, 17, 7], [18, 23, 19, 24], [20, 13, 21, 14], [22, 5, 23, 6], [24, 12, 1, 11], [2, 9, 3, 10], [4, 21, 5, 22], [6, 18, 7, 17], [8, 3, 9, 4]]"
12a_0933_108,"[[9, 4, 10, 5], [11, 17, 12, 16], [13, 20, 14, 21], [15, 3, 16, 2], [17, 9, 18, 8], [19, 24, 20, 1], [21, 14, 22, 15], [23, 6, 24, 7], [1, 13, 2, 12], [3, 10, 4, 11], [5, 22, 6, 23], [7, 19, 8, 18]]"
12a_0933_109,"[[7, 19, 8, 18], [9, 4, 10, 5], [11, 17, 12, 16], [13, 20, 14, 21], [15, 3, 16, 2], [17, 9, 18, 8], [19, 24, 20, 1], [21, 14, 22, 15], [23, 6, 24, 7], [1, 13, 2, 12], [3, 10, 4, 11], [5, 22, 6, 23]]"
12a_0933_110,"[[5, 22, 6, 23], [7, 19, 8, 18], [9, 4, 10, 5], [11, 17, 12, 16], [13, 20, 14, 21], [15, 3, 16, 2], [17, 9, 18, 8], [19, 24, 20, 1], [21, 14, 22, 15], [23, 6, 24, 7], [1, 13, 2, 12], [3, 10, 4, 11]]"
12a_0933_111,"[[3, 10, 4, 11], [5, 22, 6, 23], [7, 19, 8, 18], [9, 4, 10, 5], [11, 17, 12, 16], [13, 20, 14, 21], [15, 3, 16, 2], [17, 9, 18, 8], [19, 24, 20, 1], [21, 14, 22, 15], [23, 6, 24, 7], [1, 13, 2, 12]]"
12a_0933_112,"[[1, 13, 2, 12], [3, 10, 4, 11], [5, 22, 6, 23], [7, 19, 8, 18], [9, 4, 10, 5], [11, 17, 12, 16], [13, 20, 14, 21], [15, 3, 16, 2], [17, 9, 18, 8], [19, 24, 20, 1], [21, 14, 22, 15], [23, 6, 24, 7]]"
12a_0933_113,"[[23, 6, 24, 7], [1, 13, 2, 12], [3, 10, 4, 11], [5, 22, 6, 23], [7, 19, 8, 18], [9, 4, 10, 5], [11, 17, 12, 16], [13, 20, 14, 21], [15, 3, 16, 2], [17, 9, 18, 8], [19, 24, 20, 1], [21, 14, 22, 15]]"
12a_0933_114,"[[21, 14, 22, 15], [23, 6, 24, 7], [1, 13, 2, 12], [3, 10, 4, 11], [5, 22, 6, 23], [7, 19, 8, 18], [9, 4, 10, 5], [11, 17, 12, 16], [13, 20, 14, 21], [15, 3, 16, 2], [17, 9, 18, 8], [19, 24, 20, 1]]"
12a_0933_115,"[[19, 24, 20, 1], [21, 14, 22, 15], [23, 6, 24, 7], [1, 13, 2, 12], [3, 10, 4, 11], [5, 22, 6, 23], [7, 19, 8, 18], [9, 4, 10, 5], [11, 17, 12, 16], [13, 20, 14, 21], [15, 3, 16, 2], [17, 9, 18, 8]]"
12a_0933_116,"[[17, 9, 18, 8], [19, 24, 20, 1], [21, 14, 22, 15], [23, 6, 24, 7], [1, 13, 2, 12], [3, 10, 4, 11], [5, 22, 6, 23], [7, 19, 8, 18], [9, 4, 10, 5], [11, 17, 12, 16], [13, 20, 14, 21], [15, 3, 16, 2]]"
12a_0933_117,"[[15, 3, 16, 2], [17, 9, 18, 8], [19, 24, 20, 1], [21, 14, 22, 15], [23, 6, 24, 7], [1, 13, 2, 12], [3, 10, 4, 11], [5, 22, 6, 23], [7, 19, 8, 18], [9, 4, 10, 5], [11, 17, 12, 16], [13, 20, 14, 21]]"
12a_0933_118,"[[13, 20, 14, 21], [15, 3, 16, 2], [17, 9, 18, 8], [19, 24, 20, 1], [21, 14, 22, 15], [23, 6, 24, 7], [1, 13, 2, 12], [3, 10, 4, 11], [5, 22, 6, 23], [7, 19, 8, 18], [9, 4, 10, 5], [11, 17, 12, 16]]"
12a_0933_119,"[[11, 17, 12, 16], [13, 20, 14, 21], [15, 3, 16, 2], [17, 9, 18, 8], [19, 24, 20, 1], [21, 14, 22, 15], [23, 6, 24, 7], [1, 13, 2, 12], [3, 10, 4, 11], [5, 22, 6, 23], [7, 19, 8, 18], [9, 4, 10, 5]]"
12a_0933_120,"[[10, 5, 11, 6], [12, 18, 13, 17], [14, 21, 15, 22], [16, 4, 17, 3], [18, 10, 19, 9], [20, 1, 21, 2], [22, 15, 23, 16], [24, 7, 1, 8], [2, 14, 3, 13], [4, 11, 5, 12], [6, 23, 7, 24], [8, 20, 9, 19]]"
12a_0933_121,"[[8, 20, 9, 19], [10, 5, 11, 6], [12, 18, 13, 17], [14, 21, 15, 22], [16, 4, 17, 3], [18, 10, 19, 9], [20, 1, 21, 2], [22, 15, 23, 16], [24, 7, 1, 8], [2, 14, 3, 13], [4, 11, 5, 12], [6, 23, 7, 24]]"
12a_0933_122,"[[6, 23, 7, 24], [8, 20, 9, 19], [10, 5, 11, 6], [12, 18, 13, 17], [14, 21, 15, 22], [16, 4, 17, 3], [18, 10, 19, 9], [20, 1, 21, 2], [22, 15, 23, 16], [24, 7, 1, 8], [2, 14, 3, 13], [4, 11, 5, 12]]"
12a_0933_123,"[[4, 11, 5, 12], [6, 23, 7, 24], [8, 20, 9, 19], [10, 5, 11, 6], [12, 18, 13, 17], [14, 21, 15, 22], [16, 4, 17, 3], [18, 10, 19, 9], [20, 1, 21, 2], [22, 15, 23, 16], [24, 7, 1, 8], [2, 14, 3, 13]]"
12a_0933_124,"[[2, 14, 3, 13], [4, 11, 5, 12], [6, 23, 7, 24], [8, 20, 9, 19], [10, 5, 11, 6], [12, 18, 13, 17], [14, 21, 15, 22], [16, 4, 17, 3], [18, 10, 19, 9], [20, 1, 21, 2], [22, 15, 23, 16], [24, 7, 1, 8]]"
12a_0933_125,"[[24, 7, 1, 8], [2, 14, 3, 13], [4, 11, 5, 12], [6, 23, 7, 24], [8, 20, 9, 19], [10, 5, 11, 6], [12, 18, 13, 17], [14, 21, 15, 22], [16, 4, 17, 3], [18, 10, 19, 9], [20, 1, 21, 2], [22, 15, 23, 16]]"
12a_0933_126,"[[22, 15, 23, 16], [24, 7, 1, 8], [2, 14, 3, 13], [4, 11, 5, 12], [6, 23, 7, 24], [8, 20, 9, 19], [10, 5, 11, 6], [12, 18, 13, 17], [14, 21, 15, 22], [16, 4, 17, 3], [18, 10, 19, 9], [20, 1, 21, 2]]"
12a_0933_127,"[[20, 1, 21, 2], [22, 15, 23, 16], [24, 7, 1, 8], [2, 14, 3, 13], [4, 11, 5, 12], [6, 23, 7, 24], [8, 20, 9, 19], [10, 5, 11, 6], [12, 18, 13, 17], [14, 21, 15, 22], [16, 4, 17, 3], [18, 10, 19, 9]]"
12a_0933_128,"[[18, 10, 19, 9], [20, 1, 21, 2], [22, 15, 23, 16], [24, 7, 1, 8], [2, 14, 3, 13], [4, 11, 5, 12], [6, 23, 7, 24], [8, 20, 9, 19], [10, 5, 11, 6], [12, 18, 13, 17], [14, 21, 15, 22], [16, 4, 17, 3]]"
12a_0933_129,"[[16, 4, 17, 3], [18, 10, 19, 9], [20, 1, 21, 2], [22, 15, 23, 16], [24, 7, 1, 8], [2, 14, 3, 13], [4, 11, 5, 12], [6, 23, 7, 24], [8, 20, 9, 19], [10, 5, 11, 6], [12, 18, 13, 17], [14, 21, 15, 22]]"
12a_0933_130,"[[14, 21, 15, 22], [16, 4, 17, 3], [18, 10, 19, 9], [20, 1, 21, 2], [22, 15, 23, 16], [24, 7, 1, 8], [2, 14, 3, 13], [4, 11, 5, 12], [6, 23, 7, 24], [8, 20, 9, 19], [10, 5, 11, 6], [12, 18, 13, 17]]"
12a_0933_131,"[[12, 18, 13, 17], [14, 21, 15, 22], [16, 4, 17, 3], [18, 10, 19, 9], [20, 1, 21, 2], [22, 15, 23, 16], [24, 7, 1, 8], [2, 14, 3, 13], [4, 11, 5, 12], [6, 23, 7, 24], [8, 20, 9, 19], [10, 5, 11, 6]]"
12a_0933_132,"[[11, 6, 12, 7], [13, 19, 14, 18], [15, 22, 16, 23], [17, 5, 18, 4], [19, 11, 20, 10], [21, 2, 22, 3], [23, 16, 24, 17], [1, 8, 2, 9], [3, 15, 4, 14], [5, 12, 6, 13], [7, 24, 8, 1], [9, 21, 10, 20]]"
12a_0933_133,"[[9, 21, 10, 20], [11, 6, 12, 7], [13, 19, 14, 18], [15, 22, 16, 23], [17, 5, 18, 4], [19, 11, 20, 10], [21, 2, 22, 3], [23, 16, 24, 17], [1, 8, 2, 9], [3, 15, 4, 14], [5, 12, 6, 13], [7, 24, 8, 1]]"
12a_0933_134,"[[7, 24, 8, 1], [9, 21, 10, 20], [11, 6, 12, 7], [13, 19, 14, 18], [15, 22, 16, 23], [17, 5, 18, 4], [19, 11, 20, 10], [21, 2, 22, 3], [23, 16, 24, 17], [1, 8, 2, 9], [3, 15, 4, 14], [5, 12, 6, 13]]"
12a_0933_135,"[[5, 12, 6, 13], [7, 24, 8, 1], [9, 21, 10, 20], [11, 6, 12, 7], [13, 19, 14, 18], [15, 22, 16, 23], [17, 5, 18, 4], [19, 11, 20, 10], [21, 2, 22, 3], [23, 16, 24, 17], [1, 8, 2, 9], [3, 15, 4, 14]]"
12a_0933_136,"[[3, 15, 4, 14], [5, 12, 6, 13], [7, 24, 8, 1], [9, 21, 10, 20], [11, 6, 12, 7], [13, 19, 14, 18], [15, 22, 16, 23], [17, 5, 18, 4], [19, 11, 20, 10], [21, 2, 22, 3], [23, 16, 24, 17], [1, 8, 2, 9]]"
12a_0933_137,"[[1, 8, 2, 9], [3, 15, 4, 14], [5, 12, 6, 13], [7, 24, 8, 1], [9, 21, 10, 20], [11, 6, 12, 7], [13, 19, 14, 18], [15, 22, 16, 23], [17, 5, 18, 4], [19, 11, 20, 10], [21, 2, 22, 3], [23, 16, 24, 17]]"
12a_0933_138,"[[23, 16, 24, 17], [1, 8, 2, 9], [3, 15, 4, 14], [5, 12, 6, 13], [7, 24, 8, 1], [9, 21, 10, 20], [11, 6, 12, 7], [13, 19, 14, 18], [15, 22, 16, 23], [17, 5, 18, 4], [19, 11, 20, 10], [21, 2, 22, 3]]"
12a_0933_139,"[[21, 2, 22, 3], [23, 16, 24, 17], [1, 8, 2, 9], [3, 15, 4, 14], [5, 12, 6, 13], [7, 24, 8, 1], [9, 21, 10, 20], [11, 6, 12, 7], [13, 19, 14, 18], [15, 22, 16, 23], [17, 5, 18, 4], [19, 11, 20, 10]]"
12a_0933_140,"[[19, 11, 20, 10], [21, 2, 22, 3], [23, 16, 24, 17], [1, 8, 2, 9], [3, 15, 4, 14], [5, 12, 6, 13], [7, 24, 8, 1], [9, 21, 10, 20], [11, 6, 12, 7], [13, 19, 14, 18], [15, 22, 16, 23], [17, 5, 18, 4]]"
12a_0933_141,"[[17, 5, 18, 4], [19, 11, 20, 10], [21, 2, 22, 3], [23, 16, 24, 17], [1, 8, 2, 9], [3, 15, 4, 14], [5, 12, 6, 13], [7, 24, 8, 1], [9, 21, 10, 20], [11, 6, 12, 7], [13, 19, 14, 18], [15, 22, 16, 23]]"
12a_0933_142,"[[15, 22, 16, 23], [17, 5, 18, 4], [19, 11, 20, 10], [21, 2, 22, 3], [23, 16, 24, 17], [1, 8, 2, 9], [3, 15, 4, 14], [5, 12, 6, 13], [7, 24, 8, 1], [9, 21, 10, 20], [11, 6, 12, 7], [13, 19, 14, 18]]"
12a_0933_143,"[[13, 19, 14, 18], [15, 22, 16, 23], [17, 5, 18, 4], [19, 11, 20, 10], [21, 2, 22, 3], [23, 16, 24, 17], [1, 8, 2, 9], [3, 15, 4, 14], [5, 12, 6, 13], [7, 24, 8, 1], [9, 21, 10, 20], [11, 6, 12, 7]]"
12a_0933_144,"[[12, 7, 13, 8], [14, 20, 15, 19], [16, 23, 17, 24], [18, 6, 19, 5], [20, 12, 21, 11], [22, 3, 23, 4], [24, 17, 1, 18], [2, 9, 3, 10], [4, 16, 5, 15], [6, 13, 7, 14], [8, 1, 9, 2], [10, 22, 11, 21]]"
12a_0933_145,"[[10, 22, 11, 21], [12, 7, 13, 8], [14, 20, 15, 19], [16, 23, 17, 24], [18, 6, 19, 5], [20, 12, 21, 11], [22, 3, 23, 4], [24, 17, 1, 18], [2, 9, 3, 10], [4, 16, 5, 15], [6, 13, 7, 14], [8, 1, 9, 2]]"
12a_0933_146,"[[8, 1, 9, 2], [10, 22, 11, 21], [12, 7, 13, 8], [14, 20, 15, 19], [16, 23, 17, 24], [18, 6, 19, 5], [20, 12, 21, 11], [22, 3, 23, 4], [24, 17, 1, 18], [2, 9, 3, 10], [4, 16, 5, 15], [6, 13, 7, 14]]"
12a_0933_147,"[[6, 13, 7, 14], [8, 1, 9, 2], [10, 22, 11, 21], [12, 7, 13, 8], [14, 20, 15, 19], [16, 23, 17, 24], [18, 6, 19, 5], [20, 12, 21, 11], [22, 3, 23, 4], [24, 17, 1, 18], [2, 9, 3, 10], [4, 16, 5, 15]]"
12a_0933_148,"[[4, 16, 5, 15], [6, 13, 7, 14], [8, 1, 9, 2], [10, 22, 11, 21], [12, 7, 13, 8], [14, 20, 15, 19], [16, 23, 17, 24], [18, 6, 19, 5], [20, 12, 21, 11], [22, 3, 23, 4], [24, 17, 1, 18], [2, 9, 3, 10]]"
12a_0933_149,"[[2, 9, 3, 10], [4, 16, 5, 15], [6, 13, 7, 14], [8, 1, 9, 2], [10, 22, 11, 21], [12, 7, 13, 8], [14, 20, 15, 19], [16, 23, 17, 24], [18, 6, 19, 5], [20, 12, 21, 11], [22, 3, 23, 4], [24, 17, 1, 18]]"
12a_0933_150,"[[24, 17, 1, 18], [2, 9, 3, 10], [4, 16, 5, 15], [6, 13, 7, 14], [8, 1, 9, 2], [10, 22, 11, 21], [12, 7, 13, 8], [14, 20, 15, 19], [16, 23, 17, 24], [18, 6, 19, 5], [20, 12, 21, 11], [22, 3, 23, 4]]"
12a_0933_151,"[[22, 3, 23, 4], [24, 17, 1, 18], [2, 9, 3, 10], [4, 16, 5, 15], [6, 13, 7, 14], [8, 1, 9, 2], [10, 22, 11, 21], [12, 7, 13, 8], [14, 20, 15, 19], [16, 23, 17, 24], [18, 6, 19, 5], [20, 12, 21, 11]]"
12a_0933_152,"[[20, 12, 21, 11], [22, 3, 23, 4], [24, 17, 1, 18], [2, 9, 3, 10], [4, 16, 5, 15], [6, 13, 7, 14], [8, 1, 9, 2], [10, 22, 11, 21], [12, 7, 13, 8], [14, 20, 15, 19], [16, 23, 17, 24], [18, 6, 19, 5]]"
12a_0933_153,"[[18, 6, 19, 5], [20, 12, 21, 11], [22, 3, 23, 4], [24, 17, 1, 18], [2, 9, 3, 10], [4, 16, 5, 15], [6, 13, 7, 14], [8, 1, 9, 2], [10, 22, 11, 21], [12, 7, 13, 8], [14, 20, 15, 19], [16, 23, 17, 24]]"
12a_0933_154,"[[16, 23, 17, 24], [18, 6, 19, 5], [20, 12, 21, 11], [22, 3, 23, 4], [24, 17, 1, 18], [2, 9, 3, 10], [4, 16, 5, 15], [6, 13, 7, 14], [8, 1, 9, 2], [10, 22, 11, 21], [12, 7, 13, 8], [14, 20, 15, 19]]"
12a_0933_155,"[[14, 20, 15, 19], [16, 23, 17, 24], [18, 6, 19, 5], [20, 12, 21, 11], [22, 3, 23, 4], [24, 17, 1, 18], [2, 9, 3, 10], [4, 16, 5, 15], [6, 13, 7, 14], [8, 1, 9, 2], [10, 22, 11, 21], [12, 7, 13, 8]]"
12a_0933_156,"[[13, 8, 14, 9], [15, 21, 16, 20], [17, 24, 18, 1], [19, 7, 20, 6], [21, 13, 22, 12], [23, 4, 24, 5], [1, 18, 2, 19], [3, 10, 4, 11], [5, 17, 6, 16], [7, 14, 8, 15], [9, 2, 10, 3], [11, 23, 12, 22]]"
12a_0933_157,"[[11, 23, 12, 22], [13, 8, 14, 9], [15, 21, 16, 20], [17, 24, 18, 1], [19, 7, 20, 6], [21, 13, 22, 12], [23, 4, 24, 5], [1, 18, 2, 19], [3, 10, 4, 11], [5, 17, 6, 16], [7, 14, 8, 15], [9, 2, 10, 3]]"
12a_0933_158,"[[9, 2, 10, 3], [11, 23, 12, 22], [13, 8, 14, 9], [15, 21, 16, 20], [17, 24, 18, 1], [19, 7, 20, 6], [21, 13, 22, 12], [23, 4, 24, 5], [1, 18, 2, 19], [3, 10, 4, 11], [5, 17, 6, 16], [7, 14, 8, 15]]"
12a_0933_159,"[[7, 14, 8, 15], [9, 2, 10, 3], [11, 23, 12, 22], [13, 8, 14, 9], [15, 21, 16, 20], [17, 24, 18, 1], [19, 7, 20, 6], [21, 13, 22, 12], [23, 4, 24, 5], [1, 18, 2, 19], [3, 10, 4, 11], [5, 17, 6, 16]]"
12a_0933_160,"[[5, 17, 6, 16], [7, 14, 8, 15], [9, 2, 10, 3], [11, 23, 12, 22], [13, 8, 14, 9], [15, 21, 16, 20], [17, 24, 18, 1], [19, 7, 20, 6], [21, 13, 22, 12], [23, 4, 24, 5], [1, 18, 2, 19], [3, 10, 4, 11]]"
12a_0933_161,"[[3, 10, 4, 11], [5, 17, 6, 16], [7, 14, 8, 15], [9, 2, 10, 3], [11, 23, 12, 22], [13, 8, 14, 9], [15, 21, 16, 20], [17, 24, 18, 1], [19, 7, 20, 6], [21, 13, 22, 12], [23, 4, 24, 5], [1, 18, 2, 19]]"
12a_0933_162,"[[1, 18, 2, 19], [3, 10, 4, 11], [5, 17, 6, 16], [7, 14, 8, 15], [9, 2, 10, 3], [11, 23, 12, 22], [13, 8, 14, 9], [15, 21, 16, 20], [17, 24, 18, 1], [19, 7, 20, 6], [21, 13, 22, 12], [23, 4, 24, 5]]"
12a_0933_163,"[[23, 4, 24, 5], [1, 18, 2, 19], [3, 10, 4, 11], [5, 17, 6, 16], [7, 14, 8, 15], [9, 2, 10, 3], [11, 23, 12, 22], [13, 8, 14, 9], [15, 21, 16, 20], [17, 24, 18, 1], [19, 7, 20, 6], [21, 13, 22, 12]]"
12a_0933_164,"[[21, 13, 22, 12], [23, 4, 24, 5], [1, 18, 2, 19], [3, 10, 4, 11], [5, 17, 6, 16], [7, 14, 8, 15], [9, 2, 10, 3], [11, 23, 12, 22], [13, 8, 14, 9], [15, 21, 16, 20], [17, 24, 18, 1], [19, 7, 20, 6]]"
12a_0933_165,"[[19, 7, 20, 6], [21, 13, 22, 12], [23, 4, 24, 5], [1, 18, 2, 19], [3, 10, 4, 11], [5, 17, 6, 16], [7, 14, 8, 15], [9, 2, 10, 3], [11, 23, 12, 22], [13, 8, 14, 9], [15, 21, 16, 20], [17, 24, 18, 1]]"
12a_0933_166,"[[17, 24, 18, 1], [19, 7, 20, 6], [21, 13, 22, 12], [23, 4, 24, 5], [1, 18, 2, 19], [3, 10, 4, 11], [5, 17, 6, 16], [7, 14, 8, 15], [9, 2, 10, 3], [11, 23, 12, 22], [13, 8, 14, 9], [15, 21, 16, 20]]"
12a_0933_167,"[[15, 21, 16, 20], [17, 24, 18, 1], [19, 7, 20, 6], [21, 13, 22, 12], [23, 4, 24, 5], [1, 18, 2, 19], [3, 10, 4, 11], [5, 17, 6, 16], [7, 14, 8, 15], [9, 2, 10, 3], [11, 23, 12, 22], [13, 8, 14, 9]]"
12a_0933_168,"[[14, 9, 15, 10], [16, 22, 17, 21], [18, 1, 19, 2], [20, 8, 21, 7], [22, 14, 23, 13], [24, 5, 1, 6], [2, 19, 3, 20], [4, 11, 5, 12], [6, 18, 7, 17], [8, 15, 9, 16], [10, 3, 11, 4], [12, 24, 13, 23]]"
12a_0933_169,"[[12, 24, 13, 23], [14, 9, 15, 10], [16, 22, 17, 21], [18, 1, 19, 2], [20, 8, 21, 7], [22, 14, 23, 13], [24, 5, 1, 6], [2, 19, 3, 20], [4, 11, 5, 12], [6, 18, 7, 17], [8, 15, 9, 16], [10, 3, 11, 4]]"
12a_0933_170,"[[10, 3, 11, 4], [12, 24, 13, 23], [14, 9, 15, 10], [16, 22, 17, 21], [18, 1, 19, 2], [20, 8, 21, 7], [22, 14, 23, 13], [24, 5, 1, 6], [2, 19, 3, 20], [4, 11, 5, 12], [6, 18, 7, 17], [8, 15, 9, 16]]"
12a_0933_171,"[[8, 15, 9, 16], [10, 3, 11, 4], [12, 24, 13, 23], [14, 9, 15, 10], [16, 22, 17, 21], [18, 1, 19, 2], [20, 8, 21, 7], [22, 14, 23, 13], [24, 5, 1, 6], [2, 19, 3, 20], [4, 11, 5, 12], [6, 18, 7, 17]]"
12a_0933_172,"[[6, 18, 7, 17], [8, 15, 9, 16], [10, 3, 11, 4], [12, 24, 13, 23], [14, 9, 15, 10], [16, 22, 17, 21], [18, 1, 19, 2], [20, 8, 21, 7], [22, 14, 23, 13], [24, 5, 1, 6], [2, 19, 3, 20], [4, 11, 5, 12]]"
12a_0933_173,"[[4, 11, 5, 12], [6, 18, 7, 17], [8, 15, 9, 16], [10, 3, 11, 4], [12, 24, 13, 23], [14, 9, 15, 10], [16, 22, 17, 21], [18, 1, 19, 2], [20, 8, 21, 7], [22, 14, 23, 13], [24, 5, 1, 6], [2, 19, 3, 20]]"
12a_0933_174,"[[2, 19, 3, 20], [4, 11, 5, 12], [6, 18, 7, 17], [8, 15, 9, 16], [10, 3, 11, 4], [12, 24, 13, 23], [14, 9, 15, 10], [16, 22, 17, 21], [18, 1, 19, 2], [20, 8, 21, 7], [22, 14, 23, 13], [24, 5, 1, 6]]"
12a_0933_175,"[[24, 5, 1, 6], [2, 19, 3, 20], [4, 11, 5, 12], [6, 18, 7, 17], [8, 15, 9, 16], [10, 3, 11, 4], [12, 24, 13, 23], [14, 9, 15, 10], [16, 22, 17, 21], [18, 1, 19, 2], [20, 8, 21, 7], [22, 14, 23, 13]]"
12a_0933_176,"[[22, 14, 23, 13], [24, 5, 1, 6], [2, 19, 3, 20], [4, 11, 5, 12], [6, 18, 7, 17], [8, 15, 9, 16], [10, 3, 11, 4], [12, 24, 13, 23], [14, 9, 15, 10], [16, 22, 17, 21], [18, 1, 19, 2], [20, 8, 21, 7]]"
12a_0933_177,"[[20, 8, 21, 7], [22, 14, 23, 13], [24, 5, 1, 6], [2, 19, 3, 20], [4, 11, 5, 12], [6, 18, 7, 17], [8, 15, 9, 16], [10, 3, 11, 4], [12, 24, 13, 23], [14, 9, 15, 10], [16, 22, 17, 21], [18, 1, 19, 2]]"
12a_0933_178,"[[18, 1, 19, 2], [20, 8, 21, 7], [22, 14, 23, 13], [24, 5, 1, 6], [2, 19, 3, 20], [4, 11, 5, 12], [6, 18, 7, 17], [8, 15, 9, 16], [10, 3, 11, 4], [12, 24, 13, 23], [14, 9, 15, 10], [16, 22, 17, 21]]"
12a_0933_179,"[[16, 22, 17, 21], [18, 1, 19, 2], [20, 8, 21, 7], [22, 14, 23, 13], [24, 5, 1, 6], [2, 19, 3, 20], [4, 11, 5, 12], [6, 18, 7, 17], [8, 15, 9, 16], [10, 3, 11, 4], [12, 24, 13, 23], [14, 9, 15, 10]]"
12a_0933_180,"[[15, 10, 16, 11], [17, 23, 18, 22], [19, 2, 20, 3], [21, 9, 22, 8], [23, 15, 24, 14], [1, 6, 2, 7], [3, 20, 4, 21], [5, 12, 6, 13], [7, 19, 8, 18], [9, 16, 10, 17], [11, 4, 12, 5], [13, 1, 14, 24]]"
12a_0933_181,"[[13, 1, 14, 24], [15, 10, 16, 11], [17, 23, 18, 22], [19, 2, 20, 3], [21, 9, 22, 8], [23, 15, 24, 14], [1, 6, 2, 7], [3, 20, 4, 21], [5, 12, 6, 13], [7, 19, 8, 18], [9, 16, 10, 17], [11, 4, 12, 5]]"
12a_0933_182,"[[11, 4, 12, 5], [13, 1, 14, 24], [15, 10, 16, 11], [17, 23, 18, 22], [19, 2, 20, 3], [21, 9, 22, 8], [23, 15, 24, 14], [1, 6, 2, 7], [3, 20, 4, 21], [5, 12, 6, 13], [7, 19, 8, 18], [9, 16, 10, 17]]"
12a_0933_183,"[[9, 16, 10, 17], [11, 4, 12, 5], [13, 1, 14, 24], [15, 10, 16, 11], [17, 23, 18, 22], [19, 2, 20, 3], [21, 9, 22, 8], [23, 15, 24, 14], [1, 6, 2, 7], [3, 20, 4, 21], [5, 12, 6, 13], [7, 19, 8, 18]]"
12a_0933_184,"[[7, 19, 8, 18], [9, 16, 10, 17], [11, 4, 12, 5], [13, 1, 14, 24], [15, 10, 16, 11], [17, 23, 18, 22], [19, 2, 20, 3], [21, 9, 22, 8], [23, 15, 24, 14], [1, 6, 2, 7], [3, 20, 4, 21], [5, 12, 6, 13]]"
12a_0933_185,"[[5, 12, 6, 13], [7, 19, 8, 18], [9, 16, 10, 17], [11, 4, 12, 5], [13, 1, 14, 24], [15, 10, 16, 11], [17, 23, 18, 22], [19, 2, 20, 3], [21, 9, 22, 8], [23, 15, 24, 14], [1, 6, 2, 7], [3, 20, 4, 21]]"
