name,pd_notation
12a_1184_0,"[[24, 16, 1, 15], [2, 8, 3, 7], [4, 20, 5, 19], [6, 17, 7, 18], [8, 22, 9, 21], [10, 4, 11, 3], [12, 5, 13, 6], [14, 24, 15, 23], [16, 2, 17, 1], [18, 11, 19, 12], [20, 10, 21, 9], [22, 14, 23, 13]]"
12a_1184_1,"[[22, 14, 23, 13], [24, 16, 1, 15], [2, 8, 3, 7], [4, 20, 5, 19], [6, 17, 7, 18], [8, 22, 9, 21], [10, 4, 11, 3], [12, 5, 13, 6], [14, 24, 15, 23], [16, 2, 17, 1], [18, 11, 19, 12], [20, 10, 21, 9]]"
12a_1184_2,"[[20, 10, 21, 9], [22, 14, 23, 13], [24, 16, 1, 15], [2, 8, 3, 7], [4, 20, 5, 19], [6, 17, 7, 18], [8, 22, 9, 21], [10, 4, 11, 3], [12, 5, 13, 6], [14, 24, 15, 23], [16, 2, 17, 1], [18, 11, 19, 12]]"
12a_1184_3,"[[18, 11, 19, 12], [20, 10, 21, 9], [22, 14, 23, 13], [24, 16, 1, 15], [2, 8, 3, 7], [4, 20, 5, 19], [6, 17, 7, 18], [8, 22, 9, 21], [10, 4, 11, 3], [12, 5, 13, 6], [14, 24, 15, 23], [16, 2, 17, 1]]"
12a_1184_4,"[[16, 2, 17, 1], [18, 11, 19, 12], [20, 10, 21, 9], [22, 14, 23, 13], [24, 16, 1, 15], [2, 8, 3, 7], [4, 20, 5, 19], [6, 17, 7, 18], [8, 22, 9, 21], [10, 4, 11, 3], [12, 5, 13, 6], [14, 24, 15, 23]]"
12a_1184_5,"[[14, 24, 15, 23], [16, 2, 17, 1], [18, 11, 19, 12], [20, 10, 21, 9], [22, 14, 23, 13], [24, 16, 1, 15], [2, 8, 3, 7], [4, 20, 5, 19], [6, 17, 7, 18], [8, 22, 9, 21], [10, 4, 11, 3], [12, 5, 13, 6]]"
12a_1184_6,"[[12, 5, 13, 6], [14, 24, 15, 23], [16, 2, 17, 1], [18, 11, 19, 12], [20, 10, 21, 9], [22, 14, 23, 13], [24, 16, 1, 15], [2, 8, 3, 7], [4, 20, 5, 19], [6, 17, 7, 18], [8, 22, 9, 21], [10, 4, 11, 3]]"
12a_1184_7,"[[10, 4, 11, 3], [12, 5, 13, 6], [14, 24, 15, 23], [16, 2, 17, 1], [18, 11, 19, 12], [20, 10, 21, 9], [22, 14, 23, 13], [24, 16, 1, 15], [2, 8, 3, 7], [4, 20, 5, 19], [6, 17, 7, 18], [8, 22, 9, 21]]"
12a_1184_8,"[[8, 22, 9, 21], [10, 4, 11, 3], [12, 5, 13, 6], [14, 24, 15, 23], [16, 2, 17, 1], [18, 11, 19, 12], [20, 10, 21, 9], [22, 14, 23, 13], [24, 16, 1, 15], [2, 8, 3, 7], [4, 20, 5, 19], [6, 17, 7, 18]]"
12a_1184_9,"[[6, 17, 7, 18], [8, 22, 9, 21], [10, 4, 11, 3], [12, 5, 13, 6], [14, 24, 15, 23], [16, 2, 17, 1], [18, 11, 19, 12], [20, 10, 21, 9], [22, 14, 23, 13], [24, 16, 1, 15], [2, 8, 3, 7], [4, 20, 5, 19]]"
12a_1184_10,"[[4, 20, 5, 19], [6, 17, 7, 18], [8, 22, 9, 21], [10, 4, 11, 3], [12, 5, 13, 6], [14, 24, 15, 23], [16, 2, 17, 1], [18, 11, 19, 12], [20, 10, 21, 9], [22, 14, 23, 13], [24, 16, 1, 15], [2, 8, 3, 7]]"
12a_1184_11,"[[2, 8, 3, 7], [4, 20, 5, 19], [6, 17, 7, 18], [8, 22, 9, 21], [10, 4, 11, 3], [12, 5, 13, 6], [14, 24, 15, 23], [16, 2, 17, 1], [18, 11, 19, 12], [20, 10, 21, 9], [22, 14, 23, 13], [24, 16, 1, 15]]"
12a_1184_12,"[[1, 17, 2, 16], [3, 9, 4, 8], [5, 21, 6, 20], [7, 18, 8, 19], [9, 23, 10, 22], [11, 5, 12, 4], [13, 6, 14, 7], [15, 1, 16, 24], [17, 3, 18, 2], [19, 12, 20, 13], [21, 11, 22, 10], [23, 15, 24, 14]]"
12a_1184_13,"[[23, 15, 24, 14], [1, 17, 2, 16], [3, 9, 4, 8], [5, 21, 6, 20], [7, 18, 8, 19], [9, 23, 10, 22], [11, 5, 12, 4], [13, 6, 14, 7], [15, 1, 16, 24], [17, 3, 18, 2], [19, 12, 20, 13], [21, 11, 22, 10]]"
12a_1184_14,"[[21, 11, 22, 10], [23, 15, 24, 14], [1, 17, 2, 16], [3, 9, 4, 8], [5, 21, 6, 20], [7, 18, 8, 19], [9, 23, 10, 22], [11, 5, 12, 4], [13, 6, 14, 7], [15, 1, 16, 24], [17, 3, 18, 2], [19, 12, 20, 13]]"
12a_1184_15,"[[19, 12, 20, 13], [21, 11, 22, 10], [23, 15, 24, 14], [1, 17, 2, 16], [3, 9, 4, 8], [5, 21, 6, 20], [7, 18, 8, 19], [9, 23, 10, 22], [11, 5, 12, 4], [13, 6, 14, 7], [15, 1, 16, 24], [17, 3, 18, 2]]"
12a_1184_16,"[[17, 3, 18, 2], [19, 12, 20, 13], [21, 11, 22, 10], [23, 15, 24, 14], [1, 17, 2, 16], [3, 9, 4, 8], [5, 21, 6, 20], [7, 18, 8, 19], [9, 23, 10, 22], [11, 5, 12, 4], [13, 6, 14, 7], [15, 1, 16, 24]]"
12a_1184_17,"[[15, 1, 16, 24], [17, 3, 18, 2], [19, 12, 20, 13], [21, 11, 22, 10], [23, 15, 24, 14], [1, 17, 2, 16], [3, 9, 4, 8], [5, 21, 6, 20], [7, 18, 8, 19], [9, 23, 10, 22], [11, 5, 12, 4], [13, 6, 14, 7]]"
12a_1184_18,"[[13, 6, 14, 7], [15, 1, 16, 24], [17, 3, 18, 2], [19, 12, 20, 13], [21, 11, 22, 10], [23, 15, 24, 14], [1, 17, 2, 16], [3, 9, 4, 8], [5, 21, 6, 20], [7, 18, 8, 19], [9, 23, 10, 22], [11, 5, 12, 4]]"
12a_1184_19,"[[11, 5, 12, 4], [13, 6, 14, 7], [15, 1, 16, 24], [17, 3, 18, 2], [19, 12, 20, 13], [21, 11, 22, 10], [23, 15, 24, 14], [1, 17, 2, 16], [3, 9, 4, 8], [5, 21, 6, 20], [7, 18, 8, 19], [9, 23, 10, 22]]"
12a_1184_20,"[[9, 23, 10, 22], [11, 5, 12, 4], [13, 6, 14, 7], [15, 1, 16, 24], [17, 3, 18, 2], [19, 12, 20, 13], [21, 11, 22, 10], [23, 15, 24, 14], [1, 17, 2, 16], [3, 9, 4, 8], [5, 21, 6, 20], [7, 18, 8, 19]]"
12a_1184_21,"[[7, 18, 8, 19], [9, 23, 10, 22], [11, 5, 12, 4], [13, 6, 14, 7], [15, 1, 16, 24], [17, 3, 18, 2], [19, 12, 20, 13], [21, 11, 22, 10], [23, 15, 24, 14], [1, 17, 2, 16], [3, 9, 4, 8], [5, 21, 6, 20]]"
12a_1184_22,"[[5, 21, 6, 20], [7, 18, 8, 19], [9, 23, 10, 22], [11, 5, 12, 4], [13, 6, 14, 7], [15, 1, 16, 24], [17, 3, 18, 2], [19, 12, 20, 13], [21, 11, 22, 10], [23, 15, 24, 14], [1, 17, 2, 16], [3, 9, 4, 8]]"
12a_1184_23,"[[3, 9, 4, 8], [5, 21, 6, 20], [7, 18, 8, 19], [9, 23, 10, 22], [11, 5, 12, 4], [13, 6, 14, 7], [15, 1, 16, 24], [17, 3, 18, 2], [19, 12, 20, 13], [21, 11, 22, 10], [23, 15, 24, 14], [1, 17, 2, 16]]"
12a_1184_24,"[[2, 18, 3, 17], [4, 10, 5, 9], [6, 22, 7, 21], [8, 19, 9, 20], [10, 24, 11, 23], [12, 6, 13, 5], [14, 7, 15, 8], [16, 2, 17, 1], [18, 4, 19, 3], [20, 13, 21, 14], [22, 12, 23, 11], [24, 16, 1, 15]]"
12a_1184_25,"[[24, 16, 1, 15], [2, 18, 3, 17], [4, 10, 5, 9], [6, 22, 7, 21], [8, 19, 9, 20], [10, 24, 11, 23], [12, 6, 13, 5], [14, 7, 15, 8], [16, 2, 17, 1], [18, 4, 19, 3], [20, 13, 21, 14], [22, 12, 23, 11]]"
12a_1184_26,"[[22, 12, 23, 11], [24, 16, 1, 15], [2, 18, 3, 17], [4, 10, 5, 9], [6, 22, 7, 21], [8, 19, 9, 20], [10, 24, 11, 23], [12, 6, 13, 5], [14, 7, 15, 8], [16, 2, 17, 1], [18, 4, 19, 3], [20, 13, 21, 14]]"
12a_1184_27,"[[20, 13, 21, 14], [22, 12, 23, 11], [24, 16, 1, 15], [2, 18, 3, 17], [4, 10, 5, 9], [6, 22, 7, 21], [8, 19, 9, 20], [10, 24, 11, 23], [12, 6, 13, 5], [14, 7, 15, 8], [16, 2, 17, 1], [18, 4, 19, 3]]"
12a_1184_28,"[[18, 4, 19, 3], [20, 13, 21, 14], [22, 12, 23, 11], [24, 16, 1, 15], [2, 18, 3, 17], [4, 10, 5, 9], [6, 22, 7, 21], [8, 19, 9, 20], [10, 24, 11, 23], [12, 6, 13, 5], [14, 7, 15, 8], [16, 2, 17, 1]]"
12a_1184_29,"[[16, 2, 17, 1], [18, 4, 19, 3], [20, 13, 21, 14], [22, 12, 23, 11], [24, 16, 1, 15], [2, 18, 3, 17], [4, 10, 5, 9], [6, 22, 7, 21], [8, 19, 9, 20], [10, 24, 11, 23], [12, 6, 13, 5], [14, 7, 15, 8]]"
12a_1184_30,"[[14, 7, 15, 8], [16, 2, 17, 1], [18, 4, 19, 3], [20, 13, 21, 14], [22, 12, 23, 11], [24, 16, 1, 15], [2, 18, 3, 17], [4, 10, 5, 9], [6, 22, 7, 21], [8, 19, 9, 20], [10, 24, 11, 23], [12, 6, 13, 5]]"
12a_1184_31,"[[12, 6, 13, 5], [14, 7, 15, 8], [16, 2, 17, 1], [18, 4, 19, 3], [20, 13, 21, 14], [22, 12, 23, 11], [24, 16, 1, 15], [2, 18, 3, 17], [4, 10, 5, 9], [6, 22, 7, 21], [8, 19, 9, 20], [10, 24, 11, 23]]"
12a_1184_32,"[[10, 24, 11, 23], [12, 6, 13, 5], [14, 7, 15, 8], [16, 2, 17, 1], [18, 4, 19, 3], [20, 13, 21, 14], [22, 12, 23, 11], [24, 16, 1, 15], [2, 18, 3, 17], [4, 10, 5, 9], [6, 22, 7, 21], [8, 19, 9, 20]]"
12a_1184_33,"[[8, 19, 9, 20], [10, 24, 11, 23], [12, 6, 13, 5], [14, 7, 15, 8], [16, 2, 17, 1], [18, 4, 19, 3], [20, 13, 21, 14], [22, 12, 23, 11], [24, 16, 1, 15], [2, 18, 3, 17], [4, 10, 5, 9], [6, 22, 7, 21]]"
12a_1184_34,"[[6, 22, 7, 21], [8, 19, 9, 20], [10, 24, 11, 23], [12, 6, 13, 5], [14, 7, 15, 8], [16, 2, 17, 1], [18, 4, 19, 3], [20, 13, 21, 14], [22, 12, 23, 11], [24, 16, 1, 15], [2, 18, 3, 17], [4, 10, 5, 9]]"
12a_1184_35,"[[4, 10, 5, 9], [6, 22, 7, 21], [8, 19, 9, 20], [10, 24, 11, 23], [12, 6, 13, 5], [14, 7, 15, 8], [16, 2, 17, 1], [18, 4, 19, 3], [20, 13, 21, 14], [22, 12, 23, 11], [24, 16, 1, 15], [2, 18, 3, 17]]"
12a_1184_36,"[[3, 19, 4, 18], [5, 11, 6, 10], [7, 23, 8, 22], [9, 20, 10, 21], [11, 1, 12, 24], [13, 7, 14, 6], [15, 8, 16, 9], [17, 3, 18, 2], [19, 5, 20, 4], [21, 14, 22, 15], [23, 13, 24, 12], [1, 17, 2, 16]]"
12a_1184_37,"[[1, 17, 2, 16], [3, 19, 4, 18], [5, 11, 6, 10], [7, 23, 8, 22], [9, 20, 10, 21], [11, 1, 12, 24], [13, 7, 14, 6], [15, 8, 16, 9], [17, 3, 18, 2], [19, 5, 20, 4], [21, 14, 22, 15], [23, 13, 24, 12]]"
12a_1184_38,"[[23, 13, 24, 12], [1, 17, 2, 16], [3, 19, 4, 18], [5, 11, 6, 10], [7, 23, 8, 22], [9, 20, 10, 21], [11, 1, 12, 24], [13, 7, 14, 6], [15, 8, 16, 9], [17, 3, 18, 2], [19, 5, 20, 4], [21, 14, 22, 15]]"
12a_1184_39,"[[21, 14, 22, 15], [23, 13, 24, 12], [1, 17, 2, 16], [3, 19, 4, 18], [5, 11, 6, 10], [7, 23, 8, 22], [9, 20, 10, 21], [11, 1, 12, 24], [13, 7, 14, 6], [15, 8, 16, 9], [17, 3, 18, 2], [19, 5, 20, 4]]"
12a_1184_40,"[[19, 5, 20, 4], [21, 14, 22, 15], [23, 13, 24, 12], [1, 17, 2, 16], [3, 19, 4, 18], [5, 11, 6, 10], [7, 23, 8, 22], [9, 20, 10, 21], [11, 1, 12, 24], [13, 7, 14, 6], [15, 8, 16, 9], [17, 3, 18, 2]]"
12a_1184_41,"[[17, 3, 18, 2], [19, 5, 20, 4], [21, 14, 22, 15], [23, 13, 24, 12], [1, 17, 2, 16], [3, 19, 4, 18], [5, 11, 6, 10], [7, 23, 8, 22], [9, 20, 10, 21], [11, 1, 12, 24], [13, 7, 14, 6], [15, 8, 16, 9]]"
12a_1184_42,"[[15, 8, 16, 9], [17, 3, 18, 2], [19, 5, 20, 4], [21, 14, 22, 15], [23, 13, 24, 12], [1, 17, 2, 16], [3, 19, 4, 18], [5, 11, 6, 10], [7, 23, 8, 22], [9, 20, 10, 21], [11, 1, 12, 24], [13, 7, 14, 6]]"
12a_1184_43,"[[13, 7, 14, 6], [15, 8, 16, 9], [17, 3, 18, 2], [19, 5, 20, 4], [21, 14, 22, 15], [23, 13, 24, 12], [1, 17, 2, 16], [3, 19, 4, 18], [5, 11, 6, 10], [7, 23, 8, 22], [9, 20, 10, 21], [11, 1, 12, 24]]"
12a_1184_44,"[[11, 1, 12, 24], [13, 7, 14, 6], [15, 8, 16, 9], [17, 3, 18, 2], [19, 5, 20, 4], [21, 14, 22, 15], [23, 13, 24, 12], [1, 17, 2, 16], [3, 19, 4, 18], [5, 11, 6, 10], [7, 23, 8, 22], [9, 20, 10, 21]]"
12a_1184_45,"[[9, 20, 10, 21], [11, 1, 12, 24], [13, 7, 14, 6], [15, 8, 16, 9], [17, 3, 18, 2], [19, 5, 20, 4], [21, 14, 22, 15], [23, 13, 24, 12], [1, 17, 2, 16], [3, 19, 4, 18], [5, 11, 6, 10], [7, 23, 8, 22]]"
12a_1184_46,"[[7, 23, 8, 22], [9, 20, 10, 21], [11, 1, 12, 24], [13, 7, 14, 6], [15, 8, 16, 9], [17, 3, 18, 2], [19, 5, 20, 4], [21, 14, 22, 15], [23, 13, 24, 12], [1, 17, 2, 16], [3, 19, 4, 18], [5, 11, 6, 10]]"
12a_1184_47,"[[5, 11, 6, 10], [7, 23, 8, 22], [9, 20, 10, 21], [11, 1, 12, 24], [13, 7, 14, 6], [15, 8, 16, 9], [17, 3, 18, 2], [19, 5, 20, 4], [21, 14, 22, 15], [23, 13, 24, 12], [1, 17, 2, 16], [3, 19, 4, 18]]"
12a_1184_48,"[[4, 20, 5, 19], [6, 12, 7, 11], [8, 24, 9, 23], [10, 21, 11, 22], [12, 2, 13, 1], [14, 8, 15, 7], [16, 9, 17, 10], [18, 4, 19, 3], [20, 6, 21, 5], [22, 15, 23, 16], [24, 14, 1, 13], [2, 18, 3, 17]]"
12a_1184_49,"[[2, 18, 3, 17], [4, 20, 5, 19], [6, 12, 7, 11], [8, 24, 9, 23], [10, 21, 11, 22], [12, 2, 13, 1], [14, 8, 15, 7], [16, 9, 17, 10], [18, 4, 19, 3], [20, 6, 21, 5], [22, 15, 23, 16], [24, 14, 1, 13]]"
12a_1184_50,"[[24, 14, 1, 13], [2, 18, 3, 17], [4, 20, 5, 19], [6, 12, 7, 11], [8, 24, 9, 23], [10, 21, 11, 22], [12, 2, 13, 1], [14, 8, 15, 7], [16, 9, 17, 10], [18, 4, 19, 3], [20, 6, 21, 5], [22, 15, 23, 16]]"
12a_1184_51,"[[22, 15, 23, 16], [24, 14, 1, 13], [2, 18, 3, 17], [4, 20, 5, 19], [6, 12, 7, 11], [8, 24, 9, 23], [10, 21, 11, 22], [12, 2, 13, 1], [14, 8, 15, 7], [16, 9, 17, 10], [18, 4, 19, 3], [20, 6, 21, 5]]"
12a_1184_52,"[[20, 6, 21, 5], [22, 15, 23, 16], [24, 14, 1, 13], [2, 18, 3, 17], [4, 20, 5, 19], [6, 12, 7, 11], [8, 24, 9, 23], [10, 21, 11, 22], [12, 2, 13, 1], [14, 8, 15, 7], [16, 9, 17, 10], [18, 4, 19, 3]]"
12a_1184_53,"[[18, 4, 19, 3], [20, 6, 21, 5], [22, 15, 23, 16], [24, 14, 1, 13], [2, 18, 3, 17], [4, 20, 5, 19], [6, 12, 7, 11], [8, 24, 9, 23], [10, 21, 11, 22], [12, 2, 13, 1], [14, 8, 15, 7], [16, 9, 17, 10]]"
12a_1184_54,"[[16, 9, 17, 10], [18, 4, 19, 3], [20, 6, 21, 5], [22, 15, 23, 16], [24, 14, 1, 13], [2, 18, 3, 17], [4, 20, 5, 19], [6, 12, 7, 11], [8, 24, 9, 23], [10, 21, 11, 22], [12, 2, 13, 1], [14, 8, 15, 7]]"
12a_1184_55,"[[14, 8, 15, 7], [16, 9, 17, 10], [18, 4, 19, 3], [20, 6, 21, 5], [22, 15, 23, 16], [24, 14, 1, 13], [2, 18, 3, 17], [4, 20, 5, 19], [6, 12, 7, 11], [8, 24, 9, 23], [10, 21, 11, 22], [12, 2, 13, 1]]"
12a_1184_56,"[[12, 2, 13, 1], [14, 8, 15, 7], [16, 9, 17, 10], [18, 4, 19, 3], [20, 6, 21, 5], [22, 15, 23, 16], [24, 14, 1, 13], [2, 18, 3, 17], [4, 20, 5, 19], [6, 12, 7, 11], [8, 24, 9, 23], [10, 21, 11, 22]]"
12a_1184_57,"[[10, 21, 11, 22], [12, 2, 13, 1], [14, 8, 15, 7], [16, 9, 17, 10], [18, 4, 19, 3], [20, 6, 21, 5], [22, 15, 23, 16], [24, 14, 1, 13], [2, 18, 3, 17], [4, 20, 5, 19], [6, 12, 7, 11], [8, 24, 9, 23]]"
12a_1184_58,"[[8, 24, 9, 23], [10, 21, 11, 22], [12, 2, 13, 1], [14, 8, 15, 7], [16, 9, 17, 10], [18, 4, 19, 3], [20, 6, 21, 5], [22, 15, 23, 16], [24, 14, 1, 13], [2, 18, 3, 17], [4, 20, 5, 19], [6, 12, 7, 11]]"
12a_1184_59,"[[6, 12, 7, 11], [8, 24, 9, 23], [10, 21, 11, 22], [12, 2, 13, 1], [14, 8, 15, 7], [16, 9, 17, 10], [18, 4, 19, 3], [20, 6, 21, 5], [22, 15, 23, 16], [24, 14, 1, 13], [2, 18, 3, 17], [4, 20, 5, 19]]"
12a_1184_60,"[[5, 21, 6, 20], [7, 13, 8, 12], [9, 1, 10, 24], [11, 22, 12, 23], [13, 3, 14, 2], [15, 9, 16, 8], [17, 10, 18, 11], [19, 5, 20, 4], [21, 7, 22, 6], [23, 16, 24, 17], [1, 15, 2, 14], [3, 19, 4, 18]]"
12a_1184_61,"[[3, 19, 4, 18], [5, 21, 6, 20], [7, 13, 8, 12], [9, 1, 10, 24], [11, 22, 12, 23], [13, 3, 14, 2], [15, 9, 16, 8], [17, 10, 18, 11], [19, 5, 20, 4], [21, 7, 22, 6], [23, 16, 24, 17], [1, 15, 2, 14]]"
12a_1184_62,"[[1, 15, 2, 14], [3, 19, 4, 18], [5, 21, 6, 20], [7, 13, 8, 12], [9, 1, 10, 24], [11, 22, 12, 23], [13, 3, 14, 2], [15, 9, 16, 8], [17, 10, 18, 11], [19, 5, 20, 4], [21, 7, 22, 6], [23, 16, 24, 17]]"
12a_1184_63,"[[23, 16, 24, 17], [1, 15, 2, 14], [3, 19, 4, 18], [5, 21, 6, 20], [7, 13, 8, 12], [9, 1, 10, 24], [11, 22, 12, 23], [13, 3, 14, 2], [15, 9, 16, 8], [17, 10, 18, 11], [19, 5, 20, 4], [21, 7, 22, 6]]"
12a_1184_64,"[[21, 7, 22, 6], [23, 16, 24, 17], [1, 15, 2, 14], [3, 19, 4, 18], [5, 21, 6, 20], [7, 13, 8, 12], [9, 1, 10, 24], [11, 22, 12, 23], [13, 3, 14, 2], [15, 9, 16, 8], [17, 10, 18, 11], [19, 5, 20, 4]]"
12a_1184_65,"[[19, 5, 20, 4], [21, 7, 22, 6], [23, 16, 24, 17], [1, 15, 2, 14], [3, 19, 4, 18], [5, 21, 6, 20], [7, 13, 8, 12], [9, 1, 10, 24], [11, 22, 12, 23], [13, 3, 14, 2], [15, 9, 16, 8], [17, 10, 18, 11]]"
12a_1184_66,"[[17, 10, 18, 11], [19, 5, 20, 4], [21, 7, 22, 6], [23, 16, 24, 17], [1, 15, 2, 14], [3, 19, 4, 18], [5, 21, 6, 20], [7, 13, 8, 12], [9, 1, 10, 24], [11, 22, 12, 23], [13, 3, 14, 2], [15, 9, 16, 8]]"
12a_1184_67,"[[15, 9, 16, 8], [17, 10, 18, 11], [19, 5, 20, 4], [21, 7, 22, 6], [23, 16, 24, 17], [1, 15, 2, 14], [3, 19, 4, 18], [5, 21, 6, 20], [7, 13, 8, 12], [9, 1, 10, 24], [11, 22, 12, 23], [13, 3, 14, 2]]"
12a_1184_68,"[[13, 3, 14, 2], [15, 9, 16, 8], [17, 10, 18, 11], [19, 5, 20, 4], [21, 7, 22, 6], [23, 16, 24, 17], [1, 15, 2, 14], [3, 19, 4, 18], [5, 21, 6, 20], [7, 13, 8, 12], [9, 1, 10, 24], [11, 22, 12, 23]]"
12a_1184_69,"[[11, 22, 12, 23], [13, 3, 14, 2], [15, 9, 16, 8], [17, 10, 18, 11], [19, 5, 20, 4], [21, 7, 22, 6], [23, 16, 24, 17], [1, 15, 2, 14], [3, 19, 4, 18], [5, 21, 6, 20], [7, 13, 8, 12], [9, 1, 10, 24]]"
12a_1184_70,"[[9, 1, 10, 24], [11, 22, 12, 23], [13, 3, 14, 2], [15, 9, 16, 8], [17, 10, 18, 11], [19, 5, 20, 4], [21, 7, 22, 6], [23, 16, 24, 17], [1, 15, 2, 14], [3, 19, 4, 18], [5, 21, 6, 20], [7, 13, 8, 12]]"
12a_1184_71,"[[7, 13, 8, 12], [9, 1, 10, 24], [11, 22, 12, 23], [13, 3, 14, 2], [15, 9, 16, 8], [17, 10, 18, 11], [19, 5, 20, 4], [21, 7, 22, 6], [23, 16, 24, 17], [1, 15, 2, 14], [3, 19, 4, 18], [5, 21, 6, 20]]"
12a_1184_72,"[[6, 22, 7, 21], [8, 14, 9, 13], [10, 2, 11, 1], [12, 23, 13, 24], [14, 4, 15, 3], [16, 10, 17, 9], [18, 11, 19, 12], [20, 6, 21, 5], [22, 8, 23, 7], [24, 17, 1, 18], [2, 16, 3, 15], [4, 20, 5, 19]]"
12a_1184_73,"[[4, 20, 5, 19], [6, 22, 7, 21], [8, 14, 9, 13], [10, 2, 11, 1], [12, 23, 13, 24], [14, 4, 15, 3], [16, 10, 17, 9], [18, 11, 19, 12], [20, 6, 21, 5], [22, 8, 23, 7], [24, 17, 1, 18], [2, 16, 3, 15]]"
12a_1184_74,"[[2, 16, 3, 15], [4, 20, 5, 19], [6, 22, 7, 21], [8, 14, 9, 13], [10, 2, 11, 1], [12, 23, 13, 24], [14, 4, 15, 3], [16, 10, 17, 9], [18, 11, 19, 12], [20, 6, 21, 5], [22, 8, 23, 7], [24, 17, 1, 18]]"
12a_1184_75,"[[24, 17, 1, 18], [2, 16, 3, 15], [4, 20, 5, 19], [6, 22, 7, 21], [8, 14, 9, 13], [10, 2, 11, 1], [12, 23, 13, 24], [14, 4, 15, 3], [16, 10, 17, 9], [18, 11, 19, 12], [20, 6, 21, 5], [22, 8, 23, 7]]"
12a_1184_76,"[[22, 8, 23, 7], [24, 17, 1, 18], [2, 16, 3, 15], [4, 20, 5, 19], [6, 22, 7, 21], [8, 14, 9, 13], [10, 2, 11, 1], [12, 23, 13, 24], [14, 4, 15, 3], [16, 10, 17, 9], [18, 11, 19, 12], [20, 6, 21, 5]]"
12a_1184_77,"[[20, 6, 21, 5], [22, 8, 23, 7], [24, 17, 1, 18], [2, 16, 3, 15], [4, 20, 5, 19], [6, 22, 7, 21], [8, 14, 9, 13], [10, 2, 11, 1], [12, 23, 13, 24], [14, 4, 15, 3], [16, 10, 17, 9], [18, 11, 19, 12]]"
12a_1184_78,"[[18, 11, 19, 12], [20, 6, 21, 5], [22, 8, 23, 7], [24, 17, 1, 18], [2, 16, 3, 15], [4, 20, 5, 19], [6, 22, 7, 21], [8, 14, 9, 13], [10, 2, 11, 1], [12, 23, 13, 24], [14, 4, 15, 3], [16, 10, 17, 9]]"
12a_1184_79,"[[16, 10, 17, 9], [18, 11, 19, 12], [20, 6, 21, 5], [22, 8, 23, 7], [24, 17, 1, 18], [2, 16, 3, 15], [4, 20, 5, 19], [6, 22, 7, 21], [8, 14, 9, 13], [10, 2, 11, 1], [12, 23, 13, 24], [14, 4, 15, 3]]"
12a_1184_80,"[[14, 4, 15, 3], [16, 10, 17, 9], [18, 11, 19, 12], [20, 6, 21, 5], [22, 8, 23, 7], [24, 17, 1, 18], [2, 16, 3, 15], [4, 20, 5, 19], [6, 22, 7, 21], [8, 14, 9, 13], [10, 2, 11, 1], [12, 23, 13, 24]]"
12a_1184_81,"[[12, 23, 13, 24], [14, 4, 15, 3], [16, 10, 17, 9], [18, 11, 19, 12], [20, 6, 21, 5], [22, 8, 23, 7], [24, 17, 1, 18], [2, 16, 3, 15], [4, 20, 5, 19], [6, 22, 7, 21], [8, 14, 9, 13], [10, 2, 11, 1]]"
12a_1184_82,"[[10, 2, 11, 1], [12, 23, 13, 24], [14, 4, 15, 3], [16, 10, 17, 9], [18, 11, 19, 12], [20, 6, 21, 5], [22, 8, 23, 7], [24, 17, 1, 18], [2, 16, 3, 15], [4, 20, 5, 19], [6, 22, 7, 21], [8, 14, 9, 13]]"
12a_1184_83,"[[8, 14, 9, 13], [10, 2, 11, 1], [12, 23, 13, 24], [14, 4, 15, 3], [16, 10, 17, 9], [18, 11, 19, 12], [20, 6, 21, 5], [22, 8, 23, 7], [24, 17, 1, 18], [2, 16, 3, 15], [4, 20, 5, 19], [6, 22, 7, 21]]"
12a_1184_84,"[[7, 23, 8, 22], [9, 15, 10, 14], [11, 3, 12, 2], [13, 24, 14, 1], [15, 5, 16, 4], [17, 11, 18, 10], [19, 12, 20, 13], [21, 7, 22, 6], [23, 9, 24, 8], [1, 18, 2, 19], [3, 17, 4, 16], [5, 21, 6, 20]]"
12a_1184_85,"[[5, 21, 6, 20], [7, 23, 8, 22], [9, 15, 10, 14], [11, 3, 12, 2], [13, 24, 14, 1], [15, 5, 16, 4], [17, 11, 18, 10], [19, 12, 20, 13], [21, 7, 22, 6], [23, 9, 24, 8], [1, 18, 2, 19], [3, 17, 4, 16]]"
12a_1184_86,"[[3, 17, 4, 16], [5, 21, 6, 20], [7, 23, 8, 22], [9, 15, 10, 14], [11, 3, 12, 2], [13, 24, 14, 1], [15, 5, 16, 4], [17, 11, 18, 10], [19, 12, 20, 13], [21, 7, 22, 6], [23, 9, 24, 8], [1, 18, 2, 19]]"
12a_1184_87,"[[1, 18, 2, 19], [3, 17, 4, 16], [5, 21, 6, 20], [7, 23, 8, 22], [9, 15, 10, 14], [11, 3, 12, 2], [13, 24, 14, 1], [15, 5, 16, 4], [17, 11, 18, 10], [19, 12, 20, 13], [21, 7, 22, 6], [23, 9, 24, 8]]"
12a_1184_88,"[[23, 9, 24, 8], [1, 18, 2, 19], [3, 17, 4, 16], [5, 21, 6, 20], [7, 23, 8, 22], [9, 15, 10, 14], [11, 3, 12, 2], [13, 24, 14, 1], [15, 5, 16, 4], [17, 11, 18, 10], [19, 12, 20, 13], [21, 7, 22, 6]]"
12a_1184_89,"[[21, 7, 22, 6], [23, 9, 24, 8], [1, 18, 2, 19], [3, 17, 4, 16], [5, 21, 6, 20], [7, 23, 8, 22], [9, 15, 10, 14], [11, 3, 12, 2], [13, 24, 14, 1], [15, 5, 16, 4], [17, 11, 18, 10], [19, 12, 20, 13]]"
12a_1184_90,"[[19, 12, 20, 13], [21, 7, 22, 6], [23, 9, 24, 8], [1, 18, 2, 19], [3, 17, 4, 16], [5, 21, 6, 20], [7, 23, 8, 22], [9, 15, 10, 14], [11, 3, 12, 2], [13, 24, 14, 1], [15, 5, 16, 4], [17, 11, 18, 10]]"
12a_1184_91,"[[17, 11, 18, 10], [19, 12, 20, 13], [21, 7, 22, 6], [23, 9, 24, 8], [1, 18, 2, 19], [3, 17, 4, 16], [5, 21, 6, 20], [7, 23, 8, 22], [9, 15, 10, 14], [11, 3, 12, 2], [13, 24, 14, 1], [15, 5, 16, 4]]"
12a_1184_92,"[[15, 5, 16, 4], [17, 11, 18, 10], [19, 12, 20, 13], [21, 7, 22, 6], [23, 9, 24, 8], [1, 18, 2, 19], [3, 17, 4, 16], [5, 21, 6, 20], [7, 23, 8, 22], [9, 15, 10, 14], [11, 3, 12, 2], [13, 24, 14, 1]]"
12a_1184_93,"[[13, 24, 14, 1], [15, 5, 16, 4], [17, 11, 18, 10], [19, 12, 20, 13], [21, 7, 22, 6], [23, 9, 24, 8], [1, 18, 2, 19], [3, 17, 4, 16], [5, 21, 6, 20], [7, 23, 8, 22], [9, 15, 10, 14], [11, 3, 12, 2]]"
12a_1184_94,"[[11, 3, 12, 2], [13, 24, 14, 1], [15, 5, 16, 4], [17, 11, 18, 10], [19, 12, 20, 13], [21, 7, 22, 6], [23, 9, 24, 8], [1, 18, 2, 19], [3, 17, 4, 16], [5, 21, 6, 20], [7, 23, 8, 22], [9, 15, 10, 14]]"
12a_1184_95,"[[9, 15, 10, 14], [11, 3, 12, 2], [13, 24, 14, 1], [15, 5, 16, 4], [17, 11, 18, 10], [19, 12, 20, 13], [21, 7, 22, 6], [23, 9, 24, 8], [1, 18, 2, 19], [3, 17, 4, 16], [5, 21, 6, 20], [7, 23, 8, 22]]"
12a_1184_96,"[[8, 24, 9, 23], [10, 16, 11, 15], [12, 4, 13, 3], [14, 1, 15, 2], [16, 6, 17, 5], [18, 12, 19, 11], [20, 13, 21, 14], [22, 8, 23, 7], [24, 10, 1, 9], [2, 19, 3, 20], [4, 18, 5, 17], [6, 22, 7, 21]]"
12a_1184_97,"[[6, 22, 7, 21], [8, 24, 9, 23], [10, 16, 11, 15], [12, 4, 13, 3], [14, 1, 15, 2], [16, 6, 17, 5], [18, 12, 19, 11], [20, 13, 21, 14], [22, 8, 23, 7], [24, 10, 1, 9], [2, 19, 3, 20], [4, 18, 5, 17]]"
12a_1184_98,"[[4, 18, 5, 17], [6, 22, 7, 21], [8, 24, 9, 23], [10, 16, 11, 15], [12, 4, 13, 3], [14, 1, 15, 2], [16, 6, 17, 5], [18, 12, 19, 11], [20, 13, 21, 14], [22, 8, 23, 7], [24, 10, 1, 9], [2, 19, 3, 20]]"
12a_1184_99,"[[2, 19, 3, 20], [4, 18, 5, 17], [6, 22, 7, 21], [8, 24, 9, 23], [10, 16, 11, 15], [12, 4, 13, 3], [14, 1, 15, 2], [16, 6, 17, 5], [18, 12, 19, 11], [20, 13, 21, 14], [22, 8, 23, 7], [24, 10, 1, 9]]"
12a_1184_100,"[[24, 10, 1, 9], [2, 19, 3, 20], [4, 18, 5, 17], [6, 22, 7, 21], [8, 24, 9, 23], [10, 16, 11, 15], [12, 4, 13, 3], [14, 1, 15, 2], [16, 6, 17, 5], [18, 12, 19, 11], [20, 13, 21, 14], [22, 8, 23, 7]]"
12a_1184_101,"[[22, 8, 23, 7], [24, 10, 1, 9], [2, 19, 3, 20], [4, 18, 5, 17], [6, 22, 7, 21], [8, 24, 9, 23], [10, 16, 11, 15], [12, 4, 13, 3], [14, 1, 15, 2], [16, 6, 17, 5], [18, 12, 19, 11], [20, 13, 21, 14]]"
12a_1184_102,"[[20, 13, 21, 14], [22, 8, 23, 7], [24, 10, 1, 9], [2, 19, 3, 20], [4, 18, 5, 17], [6, 22, 7, 21], [8, 24, 9, 23], [10, 16, 11, 15], [12, 4, 13, 3], [14, 1, 15, 2], [16, 6, 17, 5], [18, 12, 19, 11]]"
12a_1184_103,"[[18, 12, 19, 11], [20, 13, 21, 14], [22, 8, 23, 7], [24, 10, 1, 9], [2, 19, 3, 20], [4, 18, 5, 17], [6, 22, 7, 21], [8, 24, 9, 23], [10, 16, 11, 15], [12, 4, 13, 3], [14, 1, 15, 2], [16, 6, 17, 5]]"
12a_1184_104,"[[16, 6, 17, 5], [18, 12, 19, 11], [20, 13, 21, 14], [22, 8, 23, 7], [24, 10, 1, 9], [2, 19, 3, 20], [4, 18, 5, 17], [6, 22, 7, 21], [8, 24, 9, 23], [10, 16, 11, 15], [12, 4, 13, 3], [14, 1, 15, 2]]"
12a_1184_105,"[[14, 1, 15, 2], [16, 6, 17, 5], [18, 12, 19, 11], [20, 13, 21, 14], [22, 8, 23, 7], [24, 10, 1, 9], [2, 19, 3, 20], [4, 18, 5, 17], [6, 22, 7, 21], [8, 24, 9, 23], [10, 16, 11, 15], [12, 4, 13, 3]]"
12a_1184_106,"[[12, 4, 13, 3], [14, 1, 15, 2], [16, 6, 17, 5], [18, 12, 19, 11], [20, 13, 21, 14], [22, 8, 23, 7], [24, 10, 1, 9], [2, 19, 3, 20], [4, 18, 5, 17], [6, 22, 7, 21], [8, 24, 9, 23], [10, 16, 11, 15]]"
12a_1184_107,"[[10, 16, 11, 15], [12, 4, 13, 3], [14, 1, 15, 2], [16, 6, 17, 5], [18, 12, 19, 11], [20, 13, 21, 14], [22, 8, 23, 7], [24, 10, 1, 9], [2, 19, 3, 20], [4, 18, 5, 17], [6, 22, 7, 21], [8, 24, 9, 23]]"
12a_1184_108,"[[9, 1, 10, 24], [11, 17, 12, 16], [13, 5, 14, 4], [15, 2, 16, 3], [17, 7, 18, 6], [19, 13, 20, 12], [21, 14, 22, 15], [23, 9, 24, 8], [1, 11, 2, 10], [3, 20, 4, 21], [5, 19, 6, 18], [7, 23, 8, 22]]"
12a_1184_109,"[[7, 23, 8, 22], [9, 1, 10, 24], [11, 17, 12, 16], [13, 5, 14, 4], [15, 2, 16, 3], [17, 7, 18, 6], [19, 13, 20, 12], [21, 14, 22, 15], [23, 9, 24, 8], [1, 11, 2, 10], [3, 20, 4, 21], [5, 19, 6, 18]]"
12a_1184_110,"[[5, 19, 6, 18], [7, 23, 8, 22], [9, 1, 10, 24], [11, 17, 12, 16], [13, 5, 14, 4], [15, 2, 16, 3], [17, 7, 18, 6], [19, 13, 20, 12], [21, 14, 22, 15], [23, 9, 24, 8], [1, 11, 2, 10], [3, 20, 4, 21]]"
12a_1184_111,"[[3, 20, 4, 21], [5, 19, 6, 18], [7, 23, 8, 22], [9, 1, 10, 24], [11, 17, 12, 16], [13, 5, 14, 4], [15, 2, 16, 3], [17, 7, 18, 6], [19, 13, 20, 12], [21, 14, 22, 15], [23, 9, 24, 8], [1, 11, 2, 10]]"
12a_1184_112,"[[1, 11, 2, 10], [3, 20, 4, 21], [5, 19, 6, 18], [7, 23, 8, 22], [9, 1, 10, 24], [11, 17, 12, 16], [13, 5, 14, 4], [15, 2, 16, 3], [17, 7, 18, 6], [19, 13, 20, 12], [21, 14, 22, 15], [23, 9, 24, 8]]"
12a_1184_113,"[[23, 9, 24, 8], [1, 11, 2, 10], [3, 20, 4, 21], [5, 19, 6, 18], [7, 23, 8, 22], [9, 1, 10, 24], [11, 17, 12, 16], [13, 5, 14, 4], [15, 2, 16, 3], [17, 7, 18, 6], [19, 13, 20, 12], [21, 14, 22, 15]]"
12a_1184_114,"[[21, 14, 22, 15], [23, 9, 24, 8], [1, 11, 2, 10], [3, 20, 4, 21], [5, 19, 6, 18], [7, 23, 8, 22], [9, 1, 10, 24], [11, 17, 12, 16], [13, 5, 14, 4], [15, 2, 16, 3], [17, 7, 18, 6], [19, 13, 20, 12]]"
12a_1184_115,"[[19, 13, 20, 12], [21, 14, 22, 15], [23, 9, 24, 8], [1, 11, 2, 10], [3, 20, 4, 21], [5, 19, 6, 18], [7, 23, 8, 22], [9, 1, 10, 24], [11, 17, 12, 16], [13, 5, 14, 4], [15, 2, 16, 3], [17, 7, 18, 6]]"
12a_1184_116,"[[17, 7, 18, 6], [19, 13, 20, 12], [21, 14, 22, 15], [23, 9, 24, 8], [1, 11, 2, 10], [3, 20, 4, 21], [5, 19, 6, 18], [7, 23, 8, 22], [9, 1, 10, 24], [11, 17, 12, 16], [13, 5, 14, 4], [15, 2, 16, 3]]"
12a_1184_117,"[[15, 2, 16, 3], [17, 7, 18, 6], [19, 13, 20, 12], [21, 14, 22, 15], [23, 9, 24, 8], [1, 11, 2, 10], [3, 20, 4, 21], [5, 19, 6, 18], [7, 23, 8, 22], [9, 1, 10, 24], [11, 17, 12, 16], [13, 5, 14, 4]]"
12a_1184_118,"[[13, 5, 14, 4], [15, 2, 16, 3], [17, 7, 18, 6], [19, 13, 20, 12], [21, 14, 22, 15], [23, 9, 24, 8], [1, 11, 2, 10], [3, 20, 4, 21], [5, 19, 6, 18], [7, 23, 8, 22], [9, 1, 10, 24], [11, 17, 12, 16]]"
12a_1184_119,"[[11, 17, 12, 16], [13, 5, 14, 4], [15, 2, 16, 3], [17, 7, 18, 6], [19, 13, 20, 12], [21, 14, 22, 15], [23, 9, 24, 8], [1, 11, 2, 10], [3, 20, 4, 21], [5, 19, 6, 18], [7, 23, 8, 22], [9, 1, 10, 24]]"
12a_1184_120,"[[10, 2, 11, 1], [12, 18, 13, 17], [14, 6, 15, 5], [16, 3, 17, 4], [18, 8, 19, 7], [20, 14, 21, 13], [22, 15, 23, 16], [24, 10, 1, 9], [2, 12, 3, 11], [4, 21, 5, 22], [6, 20, 7, 19], [8, 24, 9, 23]]"
12a_1184_121,"[[8, 24, 9, 23], [10, 2, 11, 1], [12, 18, 13, 17], [14, 6, 15, 5], [16, 3, 17, 4], [18, 8, 19, 7], [20, 14, 21, 13], [22, 15, 23, 16], [24, 10, 1, 9], [2, 12, 3, 11], [4, 21, 5, 22], [6, 20, 7, 19]]"
12a_1184_122,"[[6, 20, 7, 19], [8, 24, 9, 23], [10, 2, 11, 1], [12, 18, 13, 17], [14, 6, 15, 5], [16, 3, 17, 4], [18, 8, 19, 7], [20, 14, 21, 13], [22, 15, 23, 16], [24, 10, 1, 9], [2, 12, 3, 11], [4, 21, 5, 22]]"
12a_1184_123,"[[4, 21, 5, 22], [6, 20, 7, 19], [8, 24, 9, 23], [10, 2, 11, 1], [12, 18, 13, 17], [14, 6, 15, 5], [16, 3, 17, 4], [18, 8, 19, 7], [20, 14, 21, 13], [22, 15, 23, 16], [24, 10, 1, 9], [2, 12, 3, 11]]"
12a_1184_124,"[[2, 12, 3, 11], [4, 21, 5, 22], [6, 20, 7, 19], [8, 24, 9, 23], [10, 2, 11, 1], [12, 18, 13, 17], [14, 6, 15, 5], [16, 3, 17, 4], [18, 8, 19, 7], [20, 14, 21, 13], [22, 15, 23, 16], [24, 10, 1, 9]]"
12a_1184_125,"[[24, 10, 1, 9], [2, 12, 3, 11], [4, 21, 5, 22], [6, 20, 7, 19], [8, 24, 9, 23], [10, 2, 11, 1], [12, 18, 13, 17], [14, 6, 15, 5], [16, 3, 17, 4], [18, 8, 19, 7], [20, 14, 21, 13], [22, 15, 23, 16]]"
12a_1184_126,"[[22, 15, 23, 16], [24, 10, 1, 9], [2, 12, 3, 11], [4, 21, 5, 22], [6, 20, 7, 19], [8, 24, 9, 23], [10, 2, 11, 1], [12, 18, 13, 17], [14, 6, 15, 5], [16, 3, 17, 4], [18, 8, 19, 7], [20, 14, 21, 13]]"
12a_1184_127,"[[20, 14, 21, 13], [22, 15, 23, 16], [24, 10, 1, 9], [2, 12, 3, 11], [4, 21, 5, 22], [6, 20, 7, 19], [8, 24, 9, 23], [10, 2, 11, 1], [12, 18, 13, 17], [14, 6, 15, 5], [16, 3, 17, 4], [18, 8, 19, 7]]"
12a_1184_128,"[[18, 8, 19, 7], [20, 14, 21, 13], [22, 15, 23, 16], [24, 10, 1, 9], [2, 12, 3, 11], [4, 21, 5, 22], [6, 20, 7, 19], [8, 24, 9, 23], [10, 2, 11, 1], [12, 18, 13, 17], [14, 6, 15, 5], [16, 3, 17, 4]]"
12a_1184_129,"[[16, 3, 17, 4], [18, 8, 19, 7], [20, 14, 21, 13], [22, 15, 23, 16], [24, 10, 1, 9], [2, 12, 3, 11], [4, 21, 5, 22], [6, 20, 7, 19], [8, 24, 9, 23], [10, 2, 11, 1], [12, 18, 13, 17], [14, 6, 15, 5]]"
12a_1184_130,"[[14, 6, 15, 5], [16, 3, 17, 4], [18, 8, 19, 7], [20, 14, 21, 13], [22, 15, 23, 16], [24, 10, 1, 9], [2, 12, 3, 11], [4, 21, 5, 22], [6, 20, 7, 19], [8, 24, 9, 23], [10, 2, 11, 1], [12, 18, 13, 17]]"
12a_1184_131,"[[12, 18, 13, 17], [14, 6, 15, 5], [16, 3, 17, 4], [18, 8, 19, 7], [20, 14, 21, 13], [22, 15, 23, 16], [24, 10, 1, 9], [2, 12, 3, 11], [4, 21, 5, 22], [6, 20, 7, 19], [8, 24, 9, 23], [10, 2, 11, 1]]"
12a_1184_132,"[[11, 3, 12, 2], [13, 19, 14, 18], [15, 7, 16, 6], [17, 4, 18, 5], [19, 9, 20, 8], [21, 15, 22, 14], [23, 16, 24, 17], [1, 11, 2, 10], [3, 13, 4, 12], [5, 22, 6, 23], [7, 21, 8, 20], [9, 1, 10, 24]]"
12a_1184_133,"[[9, 1, 10, 24], [11, 3, 12, 2], [13, 19, 14, 18], [15, 7, 16, 6], [17, 4, 18, 5], [19, 9, 20, 8], [21, 15, 22, 14], [23, 16, 24, 17], [1, 11, 2, 10], [3, 13, 4, 12], [5, 22, 6, 23], [7, 21, 8, 20]]"
12a_1184_134,"[[7, 21, 8, 20], [9, 1, 10, 24], [11, 3, 12, 2], [13, 19, 14, 18], [15, 7, 16, 6], [17, 4, 18, 5], [19, 9, 20, 8], [21, 15, 22, 14], [23, 16, 24, 17], [1, 11, 2, 10], [3, 13, 4, 12], [5, 22, 6, 23]]"
12a_1184_135,"[[5, 22, 6, 23], [7, 21, 8, 20], [9, 1, 10, 24], [11, 3, 12, 2], [13, 19, 14, 18], [15, 7, 16, 6], [17, 4, 18, 5], [19, 9, 20, 8], [21, 15, 22, 14], [23, 16, 24, 17], [1, 11, 2, 10], [3, 13, 4, 12]]"
12a_1184_136,"[[3, 13, 4, 12], [5, 22, 6, 23], [7, 21, 8, 20], [9, 1, 10, 24], [11, 3, 12, 2], [13, 19, 14, 18], [15, 7, 16, 6], [17, 4, 18, 5], [19, 9, 20, 8], [21, 15, 22, 14], [23, 16, 24, 17], [1, 11, 2, 10]]"
12a_1184_137,"[[1, 11, 2, 10], [3, 13, 4, 12], [5, 22, 6, 23], [7, 21, 8, 20], [9, 1, 10, 24], [11, 3, 12, 2], [13, 19, 14, 18], [15, 7, 16, 6], [17, 4, 18, 5], [19, 9, 20, 8], [21, 15, 22, 14], [23, 16, 24, 17]]"
12a_1184_138,"[[23, 16, 24, 17], [1, 11, 2, 10], [3, 13, 4, 12], [5, 22, 6, 23], [7, 21, 8, 20], [9, 1, 10, 24], [11, 3, 12, 2], [13, 19, 14, 18], [15, 7, 16, 6], [17, 4, 18, 5], [19, 9, 20, 8], [21, 15, 22, 14]]"
12a_1184_139,"[[21, 15, 22, 14], [23, 16, 24, 17], [1, 11, 2, 10], [3, 13, 4, 12], [5, 22, 6, 23], [7, 21, 8, 20], [9, 1, 10, 24], [11, 3, 12, 2], [13, 19, 14, 18], [15, 7, 16, 6], [17, 4, 18, 5], [19, 9, 20, 8]]"
12a_1184_140,"[[19, 9, 20, 8], [21, 15, 22, 14], [23, 16, 24, 17], [1, 11, 2, 10], [3, 13, 4, 12], [5, 22, 6, 23], [7, 21, 8, 20], [9, 1, 10, 24], [11, 3, 12, 2], [13, 19, 14, 18], [15, 7, 16, 6], [17, 4, 18, 5]]"
12a_1184_141,"[[17, 4, 18, 5], [19, 9, 20, 8], [21, 15, 22, 14], [23, 16, 24, 17], [1, 11, 2, 10], [3, 13, 4, 12], [5, 22, 6, 23], [7, 21, 8, 20], [9, 1, 10, 24], [11, 3, 12, 2], [13, 19, 14, 18], [15, 7, 16, 6]]"
12a_1184_142,"[[15, 7, 16, 6], [17, 4, 18, 5], [19, 9, 20, 8], [21, 15, 22, 14], [23, 16, 24, 17], [1, 11, 2, 10], [3, 13, 4, 12], [5, 22, 6, 23], [7, 21, 8, 20], [9, 1, 10, 24], [11, 3, 12, 2], [13, 19, 14, 18]]"
12a_1184_143,"[[13, 19, 14, 18], [15, 7, 16, 6], [17, 4, 18, 5], [19, 9, 20, 8], [21, 15, 22, 14], [23, 16, 24, 17], [1, 11, 2, 10], [3, 13, 4, 12], [5, 22, 6, 23], [7, 21, 8, 20], [9, 1, 10, 24], [11, 3, 12, 2]]"
12a_1184_144,"[[12, 4, 13, 3], [14, 20, 15, 19], [16, 8, 17, 7], [18, 5, 19, 6], [20, 10, 21, 9], [22, 16, 23, 15], [24, 17, 1, 18], [2, 12, 3, 11], [4, 14, 5, 13], [6, 23, 7, 24], [8, 22, 9, 21], [10, 2, 11, 1]]"
12a_1184_145,"[[10, 2, 11, 1], [12, 4, 13, 3], [14, 20, 15, 19], [16, 8, 17, 7], [18, 5, 19, 6], [20, 10, 21, 9], [22, 16, 23, 15], [24, 17, 1, 18], [2, 12, 3, 11], [4, 14, 5, 13], [6, 23, 7, 24], [8, 22, 9, 21]]"
12a_1184_146,"[[8, 22, 9, 21], [10, 2, 11, 1], [12, 4, 13, 3], [14, 20, 15, 19], [16, 8, 17, 7], [18, 5, 19, 6], [20, 10, 21, 9], [22, 16, 23, 15], [24, 17, 1, 18], [2, 12, 3, 11], [4, 14, 5, 13], [6, 23, 7, 24]]"
12a_1184_147,"[[6, 23, 7, 24], [8, 22, 9, 21], [10, 2, 11, 1], [12, 4, 13, 3], [14, 20, 15, 19], [16, 8, 17, 7], [18, 5, 19, 6], [20, 10, 21, 9], [22, 16, 23, 15], [24, 17, 1, 18], [2, 12, 3, 11], [4, 14, 5, 13]]"
12a_1184_148,"[[4, 14, 5, 13], [6, 23, 7, 24], [8, 22, 9, 21], [10, 2, 11, 1], [12, 4, 13, 3], [14, 20, 15, 19], [16, 8, 17, 7], [18, 5, 19, 6], [20, 10, 21, 9], [22, 16, 23, 15], [24, 17, 1, 18], [2, 12, 3, 11]]"
12a_1184_149,"[[2, 12, 3, 11], [4, 14, 5, 13], [6, 23, 7, 24], [8, 22, 9, 21], [10, 2, 11, 1], [12, 4, 13, 3], [14, 20, 15, 19], [16, 8, 17, 7], [18, 5, 19, 6], [20, 10, 21, 9], [22, 16, 23, 15], [24, 17, 1, 18]]"
12a_1184_150,"[[24, 17, 1, 18], [2, 12, 3, 11], [4, 14, 5, 13], [6, 23, 7, 24], [8, 22, 9, 21], [10, 2, 11, 1], [12, 4, 13, 3], [14, 20, 15, 19], [16, 8, 17, 7], [18, 5, 19, 6], [20, 10, 21, 9], [22, 16, 23, 15]]"
12a_1184_151,"[[22, 16, 23, 15], [24, 17, 1, 18], [2, 12, 3, 11], [4, 14, 5, 13], [6, 23, 7, 24], [8, 22, 9, 21], [10, 2, 11, 1], [12, 4, 13, 3], [14, 20, 15, 19], [16, 8, 17, 7], [18, 5, 19, 6], [20, 10, 21, 9]]"
12a_1184_152,"[[20, 10, 21, 9], [22, 16, 23, 15], [24, 17, 1, 18], [2, 12, 3, 11], [4, 14, 5, 13], [6, 23, 7, 24], [8, 22, 9, 21], [10, 2, 11, 1], [12, 4, 13, 3], [14, 20, 15, 19], [16, 8, 17, 7], [18, 5, 19, 6]]"
12a_1184_153,"[[18, 5, 19, 6], [20, 10, 21, 9], [22, 16, 23, 15], [24, 17, 1, 18], [2, 12, 3, 11], [4, 14, 5, 13], [6, 23, 7, 24], [8, 22, 9, 21], [10, 2, 11, 1], [12, 4, 13, 3], [14, 20, 15, 19], [16, 8, 17, 7]]"
12a_1184_154,"[[16, 8, 17, 7], [18, 5, 19, 6], [20, 10, 21, 9], [22, 16, 23, 15], [24, 17, 1, 18], [2, 12, 3, 11], [4, 14, 5, 13], [6, 23, 7, 24], [8, 22, 9, 21], [10, 2, 11, 1], [12, 4, 13, 3], [14, 20, 15, 19]]"
12a_1184_155,"[[14, 20, 15, 19], [16, 8, 17, 7], [18, 5, 19, 6], [20, 10, 21, 9], [22, 16, 23, 15], [24, 17, 1, 18], [2, 12, 3, 11], [4, 14, 5, 13], [6, 23, 7, 24], [8, 22, 9, 21], [10, 2, 11, 1], [12, 4, 13, 3]]"
12a_1184_156,"[[13, 5, 14, 4], [15, 21, 16, 20], [17, 9, 18, 8], [19, 6, 20, 7], [21, 11, 22, 10], [23, 17, 24, 16], [1, 18, 2, 19], [3, 13, 4, 12], [5, 15, 6, 14], [7, 24, 8, 1], [9, 23, 10, 22], [11, 3, 12, 2]]"
12a_1184_157,"[[11, 3, 12, 2], [13, 5, 14, 4], [15, 21, 16, 20], [17, 9, 18, 8], [19, 6, 20, 7], [21, 11, 22, 10], [23, 17, 24, 16], [1, 18, 2, 19], [3, 13, 4, 12], [5, 15, 6, 14], [7, 24, 8, 1], [9, 23, 10, 22]]"
12a_1184_158,"[[9, 23, 10, 22], [11, 3, 12, 2], [13, 5, 14, 4], [15, 21, 16, 20], [17, 9, 18, 8], [19, 6, 20, 7], [21, 11, 22, 10], [23, 17, 24, 16], [1, 18, 2, 19], [3, 13, 4, 12], [5, 15, 6, 14], [7, 24, 8, 1]]"
12a_1184_159,"[[7, 24, 8, 1], [9, 23, 10, 22], [11, 3, 12, 2], [13, 5, 14, 4], [15, 21, 16, 20], [17, 9, 18, 8], [19, 6, 20, 7], [21, 11, 22, 10], [23, 17, 24, 16], [1, 18, 2, 19], [3, 13, 4, 12], [5, 15, 6, 14]]"
12a_1184_160,"[[5, 15, 6, 14], [7, 24, 8, 1], [9, 23, 10, 22], [11, 3, 12, 2], [13, 5, 14, 4], [15, 21, 16, 20], [17, 9, 18, 8], [19, 6, 20, 7], [21, 11, 22, 10], [23, 17, 24, 16], [1, 18, 2, 19], [3, 13, 4, 12]]"
12a_1184_161,"[[3, 13, 4, 12], [5, 15, 6, 14], [7, 24, 8, 1], [9, 23, 10, 22], [11, 3, 12, 2], [13, 5, 14, 4], [15, 21, 16, 20], [17, 9, 18, 8], [19, 6, 20, 7], [21, 11, 22, 10], [23, 17, 24, 16], [1, 18, 2, 19]]"
12a_1184_162,"[[1, 18, 2, 19], [3, 13, 4, 12], [5, 15, 6, 14], [7, 24, 8, 1], [9, 23, 10, 22], [11, 3, 12, 2], [13, 5, 14, 4], [15, 21, 16, 20], [17, 9, 18, 8], [19, 6, 20, 7], [21, 11, 22, 10], [23, 17, 24, 16]]"
12a_1184_163,"[[23, 17, 24, 16], [1, 18, 2, 19], [3, 13, 4, 12], [5, 15, 6, 14], [7, 24, 8, 1], [9, 23, 10, 22], [11, 3, 12, 2], [13, 5, 14, 4], [15, 21, 16, 20], [17, 9, 18, 8], [19, 6, 20, 7], [21, 11, 22, 10]]"
12a_1184_164,"[[21, 11, 22, 10], [23, 17, 24, 16], [1, 18, 2, 19], [3, 13, 4, 12], [5, 15, 6, 14], [7, 24, 8, 1], [9, 23, 10, 22], [11, 3, 12, 2], [13, 5, 14, 4], [15, 21, 16, 20], [17, 9, 18, 8], [19, 6, 20, 7]]"
12a_1184_165,"[[19, 6, 20, 7], [21, 11, 22, 10], [23, 17, 24, 16], [1, 18, 2, 19], [3, 13, 4, 12], [5, 15, 6, 14], [7, 24, 8, 1], [9, 23, 10, 22], [11, 3, 12, 2], [13, 5, 14, 4], [15, 21, 16, 20], [17, 9, 18, 8]]"
12a_1184_166,"[[17, 9, 18, 8], [19, 6, 20, 7], [21, 11, 22, 10], [23, 17, 24, 16], [1, 18, 2, 19], [3, 13, 4, 12], [5, 15, 6, 14], [7, 24, 8, 1], [9, 23, 10, 22], [11, 3, 12, 2], [13, 5, 14, 4], [15, 21, 16, 20]]"
12a_1184_167,"[[15, 21, 16, 20], [17, 9, 18, 8], [19, 6, 20, 7], [21, 11, 22, 10], [23, 17, 24, 16], [1, 18, 2, 19], [3, 13, 4, 12], [5, 15, 6, 14], [7, 24, 8, 1], [9, 23, 10, 22], [11, 3, 12, 2], [13, 5, 14, 4]]"
12a_1184_168,"[[14, 6, 15, 5], [16, 22, 17, 21], [18, 10, 19, 9], [20, 7, 21, 8], [22, 12, 23, 11], [24, 18, 1, 17], [2, 19, 3, 20], [4, 14, 5, 13], [6, 16, 7, 15], [8, 1, 9, 2], [10, 24, 11, 23], [12, 4, 13, 3]]"
12a_1184_169,"[[12, 4, 13, 3], [14, 6, 15, 5], [16, 22, 17, 21], [18, 10, 19, 9], [20, 7, 21, 8], [22, 12, 23, 11], [24, 18, 1, 17], [2, 19, 3, 20], [4, 14, 5, 13], [6, 16, 7, 15], [8, 1, 9, 2], [10, 24, 11, 23]]"
12a_1184_170,"[[10, 24, 11, 23], [12, 4, 13, 3], [14, 6, 15, 5], [16, 22, 17, 21], [18, 10, 19, 9], [20, 7, 21, 8], [22, 12, 23, 11], [24, 18, 1, 17], [2, 19, 3, 20], [4, 14, 5, 13], [6, 16, 7, 15], [8, 1, 9, 2]]"
12a_1184_171,"[[8, 1, 9, 2], [10, 24, 11, 23], [12, 4, 13, 3], [14, 6, 15, 5], [16, 22, 17, 21], [18, 10, 19, 9], [20, 7, 21, 8], [22, 12, 23, 11], [24, 18, 1, 17], [2, 19, 3, 20], [4, 14, 5, 13], [6, 16, 7, 15]]"
12a_1184_172,"[[6, 16, 7, 15], [8, 1, 9, 2], [10, 24, 11, 23], [12, 4, 13, 3], [14, 6, 15, 5], [16, 22, 17, 21], [18, 10, 19, 9], [20, 7, 21, 8], [22, 12, 23, 11], [24, 18, 1, 17], [2, 19, 3, 20], [4, 14, 5, 13]]"
12a_1184_173,"[[4, 14, 5, 13], [6, 16, 7, 15], [8, 1, 9, 2], [10, 24, 11, 23], [12, 4, 13, 3], [14, 6, 15, 5], [16, 22, 17, 21], [18, 10, 19, 9], [20, 7, 21, 8], [22, 12, 23, 11], [24, 18, 1, 17], [2, 19, 3, 20]]"
12a_1184_174,"[[2, 19, 3, 20], [4, 14, 5, 13], [6, 16, 7, 15], [8, 1, 9, 2], [10, 24, 11, 23], [12, 4, 13, 3], [14, 6, 15, 5], [16, 22, 17, 21], [18, 10, 19, 9], [20, 7, 21, 8], [22, 12, 23, 11], [24, 18, 1, 17]]"
12a_1184_175,"[[24, 18, 1, 17], [2, 19, 3, 20], [4, 14, 5, 13], [6, 16, 7, 15], [8, 1, 9, 2], [10, 24, 11, 23], [12, 4, 13, 3], [14, 6, 15, 5], [16, 22, 17, 21], [18, 10, 19, 9], [20, 7, 21, 8], [22, 12, 23, 11]]"
12a_1184_176,"[[22, 12, 23, 11], [24, 18, 1, 17], [2, 19, 3, 20], [4, 14, 5, 13], [6, 16, 7, 15], [8, 1, 9, 2], [10, 24, 11, 23], [12, 4, 13, 3], [14, 6, 15, 5], [16, 22, 17, 21], [18, 10, 19, 9], [20, 7, 21, 8]]"
12a_1184_177,"[[20, 7, 21, 8], [22, 12, 23, 11], [24, 18, 1, 17], [2, 19, 3, 20], [4, 14, 5, 13], [6, 16, 7, 15], [8, 1, 9, 2], [10, 24, 11, 23], [12, 4, 13, 3], [14, 6, 15, 5], [16, 22, 17, 21], [18, 10, 19, 9]]"
12a_1184_178,"[[18, 10, 19, 9], [20, 7, 21, 8], [22, 12, 23, 11], [24, 18, 1, 17], [2, 19, 3, 20], [4, 14, 5, 13], [6, 16, 7, 15], [8, 1, 9, 2], [10, 24, 11, 23], [12, 4, 13, 3], [14, 6, 15, 5], [16, 22, 17, 21]]"
12a_1184_179,"[[16, 22, 17, 21], [18, 10, 19, 9], [20, 7, 21, 8], [22, 12, 23, 11], [24, 18, 1, 17], [2, 19, 3, 20], [4, 14, 5, 13], [6, 16, 7, 15], [8, 1, 9, 2], [10, 24, 11, 23], [12, 4, 13, 3], [14, 6, 15, 5]]"
12a_1184_180,"[[15, 7, 16, 6], [17, 23, 18, 22], [19, 11, 20, 10], [21, 8, 22, 9], [23, 13, 24, 12], [1, 19, 2, 18], [3, 20, 4, 21], [5, 15, 6, 14], [7, 17, 8, 16], [9, 2, 10, 3], [11, 1, 12, 24], [13, 5, 14, 4]]"
12a_1184_181,"[[13, 5, 14, 4], [15, 7, 16, 6], [17, 23, 18, 22], [19, 11, 20, 10], [21, 8, 22, 9], [23, 13, 24, 12], [1, 19, 2, 18], [3, 20, 4, 21], [5, 15, 6, 14], [7, 17, 8, 16], [9, 2, 10, 3], [11, 1, 12, 24]]"
12a_1184_182,"[[11, 1, 12, 24], [13, 5, 14, 4], [15, 7, 16, 6], [17, 23, 18, 22], [19, 11, 20, 10], [21, 8, 22, 9], [23, 13, 24, 12], [1, 19, 2, 18], [3, 20, 4, 21], [5, 15, 6, 14], [7, 17, 8, 16], [9, 2, 10, 3]]"
12a_1184_183,"[[9, 2, 10, 3], [11, 1, 12, 24], [13, 5, 14, 4], [15, 7, 16, 6], [17, 23, 18, 22], [19, 11, 20, 10], [21, 8, 22, 9], [23, 13, 24, 12], [1, 19, 2, 18], [3, 20, 4, 21], [5, 15, 6, 14], [7, 17, 8, 16]]"
12a_1184_184,"[[7, 17, 8, 16], [9, 2, 10, 3], [11, 1, 12, 24], [13, 5, 14, 4], [15, 7, 16, 6], [17, 23, 18, 22], [19, 11, 20, 10], [21, 8, 22, 9], [23, 13, 24, 12], [1, 19, 2, 18], [3, 20, 4, 21], [5, 15, 6, 14]]"
12a_1184_185,"[[5, 15, 6, 14], [7, 17, 8, 16], [9, 2, 10, 3], [11, 1, 12, 24], [13, 5, 14, 4], [15, 7, 16, 6], [17, 23, 18, 22], [19, 11, 20, 10], [21, 8, 22, 9], [23, 13, 24, 12], [1, 19, 2, 18], [3, 20, 4, 21]]"
