name,pd_notation
12a_0073_0,"[[24, 21, 1, 22], [2, 6, 3, 5], [4, 9, 5, 10], [6, 14, 7, 13], [8, 20, 9, 19], [10, 3, 11, 4], [12, 18, 13, 17], [14, 24, 15, 23], [16, 8, 17, 7], [18, 12, 19, 11], [20, 1, 21, 2], [22, 16, 23, 15]]"
12a_0073_1,"[[22, 16, 23, 15], [24, 21, 1, 22], [2, 6, 3, 5], [4, 9, 5, 10], [6, 14, 7, 13], [8, 20, 9, 19], [10, 3, 11, 4], [12, 18, 13, 17], [14, 24, 15, 23], [16, 8, 17, 7], [18, 12, 19, 11], [20, 1, 21, 2]]"
12a_0073_2,"[[20, 1, 21, 2], [22, 16, 23, 15], [24, 21, 1, 22], [2, 6, 3, 5], [4, 9, 5, 10], [6, 14, 7, 13], [8, 20, 9, 19], [10, 3, 11, 4], [12, 18, 13, 17], [14, 24, 15, 23], [16, 8, 17, 7], [18, 12, 19, 11]]"
12a_0073_3,"[[18, 12, 19, 11], [20, 1, 21, 2], [22, 16, 23, 15], [24, 21, 1, 22], [2, 6, 3, 5], [4, 9, 5, 10], [6, 14, 7, 13], [8, 20, 9, 19], [10, 3, 11, 4], [12, 18, 13, 17], [14, 24, 15, 23], [16, 8, 17, 7]]"
12a_0073_4,"[[16, 8, 17, 7], [18, 12, 19, 11], [20, 1, 21, 2], [22, 16, 23, 15], [24, 21, 1, 22], [2, 6, 3, 5], [4, 9, 5, 10], [6, 14, 7, 13], [8, 20, 9, 19], [10, 3, 11, 4], [12, 18, 13, 17], [14, 24, 15, 23]]"
12a_0073_5,"[[14, 24, 15, 23], [16, 8, 17, 7], [18, 12, 19, 11], [20, 1, 21, 2], [22, 16, 23, 15], [24, 21, 1, 22], [2, 6, 3, 5], [4, 9, 5, 10], [6, 14, 7, 13], [8, 20, 9, 19], [10, 3, 11, 4], [12, 18, 13, 17]]"
12a_0073_6,"[[12, 18, 13, 17], [14, 24, 15, 23], [16, 8, 17, 7], [18, 12, 19, 11], [20, 1, 21, 2], [22, 16, 23, 15], [24, 21, 1, 22], [2, 6, 3, 5], [4, 9, 5, 10], [6, 14, 7, 13], [8, 20, 9, 19], [10, 3, 11, 4]]"
12a_0073_7,"[[10, 3, 11, 4], [12, 18, 13, 17], [14, 24, 15, 23], [16, 8, 17, 7], [18, 12, 19, 11], [20, 1, 21, 2], [22, 16, 23, 15], [24, 21, 1, 22], [2, 6, 3, 5], [4, 9, 5, 10], [6, 14, 7, 13], [8, 20, 9, 19]]"
12a_0073_8,"[[8, 20, 9, 19], [10, 3, 11, 4], [12, 18, 13, 17], [14, 24, 15, 23], [16, 8, 17, 7], [18, 12, 19, 11], [20, 1, 21, 2], [22, 16, 23, 15], [24, 21, 1, 22], [2, 6, 3, 5], [4, 9, 5, 10], [6, 14, 7, 13]]"
12a_0073_9,"[[6, 14, 7, 13], [8, 20, 9, 19], [10, 3, 11, 4], [12, 18, 13, 17], [14, 24, 15, 23], [16, 8, 17, 7], [18, 12, 19, 11], [20, 1, 21, 2], [22, 16, 23, 15], [24, 21, 1, 22], [2, 6, 3, 5], [4, 9, 5, 10]]"
12a_0073_10,"[[4, 9, 5, 10], [6, 14, 7, 13], [8, 20, 9, 19], [10, 3, 11, 4], [12, 18, 13, 17], [14, 24, 15, 23], [16, 8, 17, 7], [18, 12, 19, 11], [20, 1, 21, 2], [22, 16, 23, 15], [24, 21, 1, 22], [2, 6, 3, 5]]"
12a_0073_11,"[[2, 6, 3, 5], [4, 9, 5, 10], [6, 14, 7, 13], [8, 20, 9, 19], [10, 3, 11, 4], [12, 18, 13, 17], [14, 24, 15, 23], [16, 8, 17, 7], [18, 12, 19, 11], [20, 1, 21, 2], [22, 16, 23, 15], [24, 21, 1, 22]]"
12a_0073_12,"[[1, 22, 2, 23], [3, 7, 4, 6], [5, 10, 6, 11], [7, 15, 8, 14], [9, 21, 10, 20], [11, 4, 12, 5], [13, 19, 14, 18], [15, 1, 16, 24], [17, 9, 18, 8], [19, 13, 20, 12], [21, 2, 22, 3], [23, 17, 24, 16]]"
12a_0073_13,"[[23, 17, 24, 16], [1, 22, 2, 23], [3, 7, 4, 6], [5, 10, 6, 11], [7, 15, 8, 14], [9, 21, 10, 20], [11, 4, 12, 5], [13, 19, 14, 18], [15, 1, 16, 24], [17, 9, 18, 8], [19, 13, 20, 12], [21, 2, 22, 3]]"
12a_0073_14,"[[21, 2, 22, 3], [23, 17, 24, 16], [1, 22, 2, 23], [3, 7, 4, 6], [5, 10, 6, 11], [7, 15, 8, 14], [9, 21, 10, 20], [11, 4, 12, 5], [13, 19, 14, 18], [15, 1, 16, 24], [17, 9, 18, 8], [19, 13, 20, 12]]"
12a_0073_15,"[[19, 13, 20, 12], [21, 2, 22, 3], [23, 17, 24, 16], [1, 22, 2, 23], [3, 7, 4, 6], [5, 10, 6, 11], [7, 15, 8, 14], [9, 21, 10, 20], [11, 4, 12, 5], [13, 19, 14, 18], [15, 1, 16, 24], [17, 9, 18, 8]]"
12a_0073_16,"[[17, 9, 18, 8], [19, 13, 20, 12], [21, 2, 22, 3], [23, 17, 24, 16], [1, 22, 2, 23], [3, 7, 4, 6], [5, 10, 6, 11], [7, 15, 8, 14], [9, 21, 10, 20], [11, 4, 12, 5], [13, 19, 14, 18], [15, 1, 16, 24]]"
12a_0073_17,"[[15, 1, 16, 24], [17, 9, 18, 8], [19, 13, 20, 12], [21, 2, 22, 3], [23, 17, 24, 16], [1, 22, 2, 23], [3, 7, 4, 6], [5, 10, 6, 11], [7, 15, 8, 14], [9, 21, 10, 20], [11, 4, 12, 5], [13, 19, 14, 18]]"
12a_0073_18,"[[13, 19, 14, 18], [15, 1, 16, 24], [17, 9, 18, 8], [19, 13, 20, 12], [21, 2, 22, 3], [23, 17, 24, 16], [1, 22, 2, 23], [3, 7, 4, 6], [5, 10, 6, 11], [7, 15, 8, 14], [9, 21, 10, 20], [11, 4, 12, 5]]"
12a_0073_19,"[[11, 4, 12, 5], [13, 19, 14, 18], [15, 1, 16, 24], [17, 9, 18, 8], [19, 13, 20, 12], [21, 2, 22, 3], [23, 17, 24, 16], [1, 22, 2, 23], [3, 7, 4, 6], [5, 10, 6, 11], [7, 15, 8, 14], [9, 21, 10, 20]]"
12a_0073_20,"[[9, 21, 10, 20], [11, 4, 12, 5], [13, 19, 14, 18], [15, 1, 16, 24], [17, 9, 18, 8], [19, 13, 20, 12], [21, 2, 22, 3], [23, 17, 24, 16], [1, 22, 2, 23], [3, 7, 4, 6], [5, 10, 6, 11], [7, 15, 8, 14]]"
12a_0073_21,"[[7, 15, 8, 14], [9, 21, 10, 20], [11, 4, 12, 5], [13, 19, 14, 18], [15, 1, 16, 24], [17, 9, 18, 8], [19, 13, 20, 12], [21, 2, 22, 3], [23, 17, 24, 16], [1, 22, 2, 23], [3, 7, 4, 6], [5, 10, 6, 11]]"
12a_0073_22,"[[5, 10, 6, 11], [7, 15, 8, 14], [9, 21, 10, 20], [11, 4, 12, 5], [13, 19, 14, 18], [15, 1, 16, 24], [17, 9, 18, 8], [19, 13, 20, 12], [21, 2, 22, 3], [23, 17, 24, 16], [1, 22, 2, 23], [3, 7, 4, 6]]"
12a_0073_23,"[[3, 7, 4, 6], [5, 10, 6, 11], [7, 15, 8, 14], [9, 21, 10, 20], [11, 4, 12, 5], [13, 19, 14, 18], [15, 1, 16, 24], [17, 9, 18, 8], [19, 13, 20, 12], [21, 2, 22, 3], [23, 17, 24, 16], [1, 22, 2, 23]]"
12a_0073_24,"[[2, 23, 3, 24], [4, 8, 5, 7], [6, 11, 7, 12], [8, 16, 9, 15], [10, 22, 11, 21], [12, 5, 13, 6], [14, 20, 15, 19], [16, 2, 17, 1], [18, 10, 19, 9], [20, 14, 21, 13], [22, 3, 23, 4], [24, 18, 1, 17]]"
12a_0073_25,"[[24, 18, 1, 17], [2, 23, 3, 24], [4, 8, 5, 7], [6, 11, 7, 12], [8, 16, 9, 15], [10, 22, 11, 21], [12, 5, 13, 6], [14, 20, 15, 19], [16, 2, 17, 1], [18, 10, 19, 9], [20, 14, 21, 13], [22, 3, 23, 4]]"
12a_0073_26,"[[22, 3, 23, 4], [24, 18, 1, 17], [2, 23, 3, 24], [4, 8, 5, 7], [6, 11, 7, 12], [8, 16, 9, 15], [10, 22, 11, 21], [12, 5, 13, 6], [14, 20, 15, 19], [16, 2, 17, 1], [18, 10, 19, 9], [20, 14, 21, 13]]"
12a_0073_27,"[[20, 14, 21, 13], [22, 3, 23, 4], [24, 18, 1, 17], [2, 23, 3, 24], [4, 8, 5, 7], [6, 11, 7, 12], [8, 16, 9, 15], [10, 22, 11, 21], [12, 5, 13, 6], [14, 20, 15, 19], [16, 2, 17, 1], [18, 10, 19, 9]]"
12a_0073_28,"[[18, 10, 19, 9], [20, 14, 21, 13], [22, 3, 23, 4], [24, 18, 1, 17], [2, 23, 3, 24], [4, 8, 5, 7], [6, 11, 7, 12], [8, 16, 9, 15], [10, 22, 11, 21], [12, 5, 13, 6], [14, 20, 15, 19], [16, 2, 17, 1]]"
12a_0073_29,"[[16, 2, 17, 1], [18, 10, 19, 9], [20, 14, 21, 13], [22, 3, 23, 4], [24, 18, 1, 17], [2, 23, 3, 24], [4, 8, 5, 7], [6, 11, 7, 12], [8, 16, 9, 15], [10, 22, 11, 21], [12, 5, 13, 6], [14, 20, 15, 19]]"
12a_0073_30,"[[14, 20, 15, 19], [16, 2, 17, 1], [18, 10, 19, 9], [20, 14, 21, 13], [22, 3, 23, 4], [24, 18, 1, 17], [2, 23, 3, 24], [4, 8, 5, 7], [6, 11, 7, 12], [8, 16, 9, 15], [10, 22, 11, 21], [12, 5, 13, 6]]"
12a_0073_31,"[[12, 5, 13, 6], [14, 20, 15, 19], [16, 2, 17, 1], [18, 10, 19, 9], [20, 14, 21, 13], [22, 3, 23, 4], [24, 18, 1, 17], [2, 23, 3, 24], [4, 8, 5, 7], [6, 11, 7, 12], [8, 16, 9, 15], [10, 22, 11, 21]]"
12a_0073_32,"[[10, 22, 11, 21], [12, 5, 13, 6], [14, 20, 15, 19], [16, 2, 17, 1], [18, 10, 19, 9], [20, 14, 21, 13], [22, 3, 23, 4], [24, 18, 1, 17], [2, 23, 3, 24], [4, 8, 5, 7], [6, 11, 7, 12], [8, 16, 9, 15]]"
12a_0073_33,"[[8, 16, 9, 15], [10, 22, 11, 21], [12, 5, 13, 6], [14, 20, 15, 19], [16, 2, 17, 1], [18, 10, 19, 9], [20, 14, 21, 13], [22, 3, 23, 4], [24, 18, 1, 17], [2, 23, 3, 24], [4, 8, 5, 7], [6, 11, 7, 12]]"
12a_0073_34,"[[6, 11, 7, 12], [8, 16, 9, 15], [10, 22, 11, 21], [12, 5, 13, 6], [14, 20, 15, 19], [16, 2, 17, 1], [18, 10, 19, 9], [20, 14, 21, 13], [22, 3, 23, 4], [24, 18, 1, 17], [2, 23, 3, 24], [4, 8, 5, 7]]"
12a_0073_35,"[[4, 8, 5, 7], [6, 11, 7, 12], [8, 16, 9, 15], [10, 22, 11, 21], [12, 5, 13, 6], [14, 20, 15, 19], [16, 2, 17, 1], [18, 10, 19, 9], [20, 14, 21, 13], [22, 3, 23, 4], [24, 18, 1, 17], [2, 23, 3, 24]]"
12a_0073_36,"[[3, 24, 4, 1], [5, 9, 6, 8], [7, 12, 8, 13], [9, 17, 10, 16], [11, 23, 12, 22], [13, 6, 14, 7], [15, 21, 16, 20], [17, 3, 18, 2], [19, 11, 20, 10], [21, 15, 22, 14], [23, 4, 24, 5], [1, 19, 2, 18]]"
12a_0073_37,"[[1, 19, 2, 18], [3, 24, 4, 1], [5, 9, 6, 8], [7, 12, 8, 13], [9, 17, 10, 16], [11, 23, 12, 22], [13, 6, 14, 7], [15, 21, 16, 20], [17, 3, 18, 2], [19, 11, 20, 10], [21, 15, 22, 14], [23, 4, 24, 5]]"
12a_0073_38,"[[23, 4, 24, 5], [1, 19, 2, 18], [3, 24, 4, 1], [5, 9, 6, 8], [7, 12, 8, 13], [9, 17, 10, 16], [11, 23, 12, 22], [13, 6, 14, 7], [15, 21, 16, 20], [17, 3, 18, 2], [19, 11, 20, 10], [21, 15, 22, 14]]"
12a_0073_39,"[[21, 15, 22, 14], [23, 4, 24, 5], [1, 19, 2, 18], [3, 24, 4, 1], [5, 9, 6, 8], [7, 12, 8, 13], [9, 17, 10, 16], [11, 23, 12, 22], [13, 6, 14, 7], [15, 21, 16, 20], [17, 3, 18, 2], [19, 11, 20, 10]]"
12a_0073_40,"[[19, 11, 20, 10], [21, 15, 22, 14], [23, 4, 24, 5], [1, 19, 2, 18], [3, 24, 4, 1], [5, 9, 6, 8], [7, 12, 8, 13], [9, 17, 10, 16], [11, 23, 12, 22], [13, 6, 14, 7], [15, 21, 16, 20], [17, 3, 18, 2]]"
12a_0073_41,"[[17, 3, 18, 2], [19, 11, 20, 10], [21, 15, 22, 14], [23, 4, 24, 5], [1, 19, 2, 18], [3, 24, 4, 1], [5, 9, 6, 8], [7, 12, 8, 13], [9, 17, 10, 16], [11, 23, 12, 22], [13, 6, 14, 7], [15, 21, 16, 20]]"
12a_0073_42,"[[15, 21, 16, 20], [17, 3, 18, 2], [19, 11, 20, 10], [21, 15, 22, 14], [23, 4, 24, 5], [1, 19, 2, 18], [3, 24, 4, 1], [5, 9, 6, 8], [7, 12, 8, 13], [9, 17, 10, 16], [11, 23, 12, 22], [13, 6, 14, 7]]"
12a_0073_43,"[[13, 6, 14, 7], [15, 21, 16, 20], [17, 3, 18, 2], [19, 11, 20, 10], [21, 15, 22, 14], [23, 4, 24, 5], [1, 19, 2, 18], [3, 24, 4, 1], [5, 9, 6, 8], [7, 12, 8, 13], [9, 17, 10, 16], [11, 23, 12, 22]]"
12a_0073_44,"[[11, 23, 12, 22], [13, 6, 14, 7], [15, 21, 16, 20], [17, 3, 18, 2], [19, 11, 20, 10], [21, 15, 22, 14], [23, 4, 24, 5], [1, 19, 2, 18], [3, 24, 4, 1], [5, 9, 6, 8], [7, 12, 8, 13], [9, 17, 10, 16]]"
12a_0073_45,"[[9, 17, 10, 16], [11, 23, 12, 22], [13, 6, 14, 7], [15, 21, 16, 20], [17, 3, 18, 2], [19, 11, 20, 10], [21, 15, 22, 14], [23, 4, 24, 5], [1, 19, 2, 18], [3, 24, 4, 1], [5, 9, 6, 8], [7, 12, 8, 13]]"
12a_0073_46,"[[7, 12, 8, 13], [9, 17, 10, 16], [11, 23, 12, 22], [13, 6, 14, 7], [15, 21, 16, 20], [17, 3, 18, 2], [19, 11, 20, 10], [21, 15, 22, 14], [23, 4, 24, 5], [1, 19, 2, 18], [3, 24, 4, 1], [5, 9, 6, 8]]"
12a_0073_47,"[[5, 9, 6, 8], [7, 12, 8, 13], [9, 17, 10, 16], [11, 23, 12, 22], [13, 6, 14, 7], [15, 21, 16, 20], [17, 3, 18, 2], [19, 11, 20, 10], [21, 15, 22, 14], [23, 4, 24, 5], [1, 19, 2, 18], [3, 24, 4, 1]]"
12a_0073_48,"[[4, 1, 5, 2], [6, 10, 7, 9], [8, 13, 9, 14], [10, 18, 11, 17], [12, 24, 13, 23], [14, 7, 15, 8], [16, 22, 17, 21], [18, 4, 19, 3], [20, 12, 21, 11], [22, 16, 23, 15], [24, 5, 1, 6], [2, 20, 3, 19]]"
12a_0073_49,"[[2, 20, 3, 19], [4, 1, 5, 2], [6, 10, 7, 9], [8, 13, 9, 14], [10, 18, 11, 17], [12, 24, 13, 23], [14, 7, 15, 8], [16, 22, 17, 21], [18, 4, 19, 3], [20, 12, 21, 11], [22, 16, 23, 15], [24, 5, 1, 6]]"
12a_0073_50,"[[24, 5, 1, 6], [2, 20, 3, 19], [4, 1, 5, 2], [6, 10, 7, 9], [8, 13, 9, 14], [10, 18, 11, 17], [12, 24, 13, 23], [14, 7, 15, 8], [16, 22, 17, 21], [18, 4, 19, 3], [20, 12, 21, 11], [22, 16, 23, 15]]"
12a_0073_51,"[[22, 16, 23, 15], [24, 5, 1, 6], [2, 20, 3, 19], [4, 1, 5, 2], [6, 10, 7, 9], [8, 13, 9, 14], [10, 18, 11, 17], [12, 24, 13, 23], [14, 7, 15, 8], [16, 22, 17, 21], [18, 4, 19, 3], [20, 12, 21, 11]]"
12a_0073_52,"[[20, 12, 21, 11], [22, 16, 23, 15], [24, 5, 1, 6], [2, 20, 3, 19], [4, 1, 5, 2], [6, 10, 7, 9], [8, 13, 9, 14], [10, 18, 11, 17], [12, 24, 13, 23], [14, 7, 15, 8], [16, 22, 17, 21], [18, 4, 19, 3]]"
12a_0073_53,"[[18, 4, 19, 3], [20, 12, 21, 11], [22, 16, 23, 15], [24, 5, 1, 6], [2, 20, 3, 19], [4, 1, 5, 2], [6, 10, 7, 9], [8, 13, 9, 14], [10, 18, 11, 17], [12, 24, 13, 23], [14, 7, 15, 8], [16, 22, 17, 21]]"
12a_0073_54,"[[16, 22, 17, 21], [18, 4, 19, 3], [20, 12, 21, 11], [22, 16, 23, 15], [24, 5, 1, 6], [2, 20, 3, 19], [4, 1, 5, 2], [6, 10, 7, 9], [8, 13, 9, 14], [10, 18, 11, 17], [12, 24, 13, 23], [14, 7, 15, 8]]"
12a_0073_55,"[[14, 7, 15, 8], [16, 22, 17, 21], [18, 4, 19, 3], [20, 12, 21, 11], [22, 16, 23, 15], [24, 5, 1, 6], [2, 20, 3, 19], [4, 1, 5, 2], [6, 10, 7, 9], [8, 13, 9, 14], [10, 18, 11, 17], [12, 24, 13, 23]]"
12a_0073_56,"[[12, 24, 13, 23], [14, 7, 15, 8], [16, 22, 17, 21], [18, 4, 19, 3], [20, 12, 21, 11], [22, 16, 23, 15], [24, 5, 1, 6], [2, 20, 3, 19], [4, 1, 5, 2], [6, 10, 7, 9], [8, 13, 9, 14], [10, 18, 11, 17]]"
12a_0073_57,"[[10, 18, 11, 17], [12, 24, 13, 23], [14, 7, 15, 8], [16, 22, 17, 21], [18, 4, 19, 3], [20, 12, 21, 11], [22, 16, 23, 15], [24, 5, 1, 6], [2, 20, 3, 19], [4, 1, 5, 2], [6, 10, 7, 9], [8, 13, 9, 14]]"
12a_0073_58,"[[8, 13, 9, 14], [10, 18, 11, 17], [12, 24, 13, 23], [14, 7, 15, 8], [16, 22, 17, 21], [18, 4, 19, 3], [20, 12, 21, 11], [22, 16, 23, 15], [24, 5, 1, 6], [2, 20, 3, 19], [4, 1, 5, 2], [6, 10, 7, 9]]"
12a_0073_59,"[[6, 10, 7, 9], [8, 13, 9, 14], [10, 18, 11, 17], [12, 24, 13, 23], [14, 7, 15, 8], [16, 22, 17, 21], [18, 4, 19, 3], [20, 12, 21, 11], [22, 16, 23, 15], [24, 5, 1, 6], [2, 20, 3, 19], [4, 1, 5, 2]]"
12a_0073_60,"[[5, 2, 6, 3], [7, 11, 8, 10], [9, 14, 10, 15], [11, 19, 12, 18], [13, 1, 14, 24], [15, 8, 16, 9], [17, 23, 18, 22], [19, 5, 20, 4], [21, 13, 22, 12], [23, 17, 24, 16], [1, 6, 2, 7], [3, 21, 4, 20]]"
12a_0073_61,"[[3, 21, 4, 20], [5, 2, 6, 3], [7, 11, 8, 10], [9, 14, 10, 15], [11, 19, 12, 18], [13, 1, 14, 24], [15, 8, 16, 9], [17, 23, 18, 22], [19, 5, 20, 4], [21, 13, 22, 12], [23, 17, 24, 16], [1, 6, 2, 7]]"
12a_0073_62,"[[1, 6, 2, 7], [3, 21, 4, 20], [5, 2, 6, 3], [7, 11, 8, 10], [9, 14, 10, 15], [11, 19, 12, 18], [13, 1, 14, 24], [15, 8, 16, 9], [17, 23, 18, 22], [19, 5, 20, 4], [21, 13, 22, 12], [23, 17, 24, 16]]"
12a_0073_63,"[[23, 17, 24, 16], [1, 6, 2, 7], [3, 21, 4, 20], [5, 2, 6, 3], [7, 11, 8, 10], [9, 14, 10, 15], [11, 19, 12, 18], [13, 1, 14, 24], [15, 8, 16, 9], [17, 23, 18, 22], [19, 5, 20, 4], [21, 13, 22, 12]]"
12a_0073_64,"[[21, 13, 22, 12], [23, 17, 24, 16], [1, 6, 2, 7], [3, 21, 4, 20], [5, 2, 6, 3], [7, 11, 8, 10], [9, 14, 10, 15], [11, 19, 12, 18], [13, 1, 14, 24], [15, 8, 16, 9], [17, 23, 18, 22], [19, 5, 20, 4]]"
12a_0073_65,"[[19, 5, 20, 4], [21, 13, 22, 12], [23, 17, 24, 16], [1, 6, 2, 7], [3, 21, 4, 20], [5, 2, 6, 3], [7, 11, 8, 10], [9, 14, 10, 15], [11, 19, 12, 18], [13, 1, 14, 24], [15, 8, 16, 9], [17, 23, 18, 22]]"
12a_0073_66,"[[17, 23, 18, 22], [19, 5, 20, 4], [21, 13, 22, 12], [23, 17, 24, 16], [1, 6, 2, 7], [3, 21, 4, 20], [5, 2, 6, 3], [7, 11, 8, 10], [9, 14, 10, 15], [11, 19, 12, 18], [13, 1, 14, 24], [15, 8, 16, 9]]"
12a_0073_67,"[[15, 8, 16, 9], [17, 23, 18, 22], [19, 5, 20, 4], [21, 13, 22, 12], [23, 17, 24, 16], [1, 6, 2, 7], [3, 21, 4, 20], [5, 2, 6, 3], [7, 11, 8, 10], [9, 14, 10, 15], [11, 19, 12, 18], [13, 1, 14, 24]]"
12a_0073_68,"[[13, 1, 14, 24], [15, 8, 16, 9], [17, 23, 18, 22], [19, 5, 20, 4], [21, 13, 22, 12], [23, 17, 24, 16], [1, 6, 2, 7], [3, 21, 4, 20], [5, 2, 6, 3], [7, 11, 8, 10], [9, 14, 10, 15], [11, 19, 12, 18]]"
12a_0073_69,"[[11, 19, 12, 18], [13, 1, 14, 24], [15, 8, 16, 9], [17, 23, 18, 22], [19, 5, 20, 4], [21, 13, 22, 12], [23, 17, 24, 16], [1, 6, 2, 7], [3, 21, 4, 20], [5, 2, 6, 3], [7, 11, 8, 10], [9, 14, 10, 15]]"
12a_0073_70,"[[9, 14, 10, 15], [11, 19, 12, 18], [13, 1, 14, 24], [15, 8, 16, 9], [17, 23, 18, 22], [19, 5, 20, 4], [21, 13, 22, 12], [23, 17, 24, 16], [1, 6, 2, 7], [3, 21, 4, 20], [5, 2, 6, 3], [7, 11, 8, 10]]"
12a_0073_71,"[[7, 11, 8, 10], [9, 14, 10, 15], [11, 19, 12, 18], [13, 1, 14, 24], [15, 8, 16, 9], [17, 23, 18, 22], [19, 5, 20, 4], [21, 13, 22, 12], [23, 17, 24, 16], [1, 6, 2, 7], [3, 21, 4, 20], [5, 2, 6, 3]]"
12a_0073_72,"[[6, 3, 7, 4], [8, 12, 9, 11], [10, 15, 11, 16], [12, 20, 13, 19], [14, 2, 15, 1], [16, 9, 17, 10], [18, 24, 19, 23], [20, 6, 21, 5], [22, 14, 23, 13], [24, 18, 1, 17], [2, 7, 3, 8], [4, 22, 5, 21]]"
12a_0073_73,"[[4, 22, 5, 21], [6, 3, 7, 4], [8, 12, 9, 11], [10, 15, 11, 16], [12, 20, 13, 19], [14, 2, 15, 1], [16, 9, 17, 10], [18, 24, 19, 23], [20, 6, 21, 5], [22, 14, 23, 13], [24, 18, 1, 17], [2, 7, 3, 8]]"
12a_0073_74,"[[2, 7, 3, 8], [4, 22, 5, 21], [6, 3, 7, 4], [8, 12, 9, 11], [10, 15, 11, 16], [12, 20, 13, 19], [14, 2, 15, 1], [16, 9, 17, 10], [18, 24, 19, 23], [20, 6, 21, 5], [22, 14, 23, 13], [24, 18, 1, 17]]"
12a_0073_75,"[[24, 18, 1, 17], [2, 7, 3, 8], [4, 22, 5, 21], [6, 3, 7, 4], [8, 12, 9, 11], [10, 15, 11, 16], [12, 20, 13, 19], [14, 2, 15, 1], [16, 9, 17, 10], [18, 24, 19, 23], [20, 6, 21, 5], [22, 14, 23, 13]]"
12a_0073_76,"[[22, 14, 23, 13], [24, 18, 1, 17], [2, 7, 3, 8], [4, 22, 5, 21], [6, 3, 7, 4], [8, 12, 9, 11], [10, 15, 11, 16], [12, 20, 13, 19], [14, 2, 15, 1], [16, 9, 17, 10], [18, 24, 19, 23], [20, 6, 21, 5]]"
12a_0073_77,"[[20, 6, 21, 5], [22, 14, 23, 13], [24, 18, 1, 17], [2, 7, 3, 8], [4, 22, 5, 21], [6, 3, 7, 4], [8, 12, 9, 11], [10, 15, 11, 16], [12, 20, 13, 19], [14, 2, 15, 1], [16, 9, 17, 10], [18, 24, 19, 23]]"
12a_0073_78,"[[18, 24, 19, 23], [20, 6, 21, 5], [22, 14, 23, 13], [24, 18, 1, 17], [2, 7, 3, 8], [4, 22, 5, 21], [6, 3, 7, 4], [8, 12, 9, 11], [10, 15, 11, 16], [12, 20, 13, 19], [14, 2, 15, 1], [16, 9, 17, 10]]"
12a_0073_79,"[[16, 9, 17, 10], [18, 24, 19, 23], [20, 6, 21, 5], [22, 14, 23, 13], [24, 18, 1, 17], [2, 7, 3, 8], [4, 22, 5, 21], [6, 3, 7, 4], [8, 12, 9, 11], [10, 15, 11, 16], [12, 20, 13, 19], [14, 2, 15, 1]]"
12a_0073_80,"[[14, 2, 15, 1], [16, 9, 17, 10], [18, 24, 19, 23], [20, 6, 21, 5], [22, 14, 23, 13], [24, 18, 1, 17], [2, 7, 3, 8], [4, 22, 5, 21], [6, 3, 7, 4], [8, 12, 9, 11], [10, 15, 11, 16], [12, 20, 13, 19]]"
12a_0073_81,"[[12, 20, 13, 19], [14, 2, 15, 1], [16, 9, 17, 10], [18, 24, 19, 23], [20, 6, 21, 5], [22, 14, 23, 13], [24, 18, 1, 17], [2, 7, 3, 8], [4, 22, 5, 21], [6, 3, 7, 4], [8, 12, 9, 11], [10, 15, 11, 16]]"
12a_0073_82,"[[10, 15, 11, 16], [12, 20, 13, 19], [14, 2, 15, 1], [16, 9, 17, 10], [18, 24, 19, 23], [20, 6, 21, 5], [22, 14, 23, 13], [24, 18, 1, 17], [2, 7, 3, 8], [4, 22, 5, 21], [6, 3, 7, 4], [8, 12, 9, 11]]"
12a_0073_83,"[[8, 12, 9, 11], [10, 15, 11, 16], [12, 20, 13, 19], [14, 2, 15, 1], [16, 9, 17, 10], [18, 24, 19, 23], [20, 6, 21, 5], [22, 14, 23, 13], [24, 18, 1, 17], [2, 7, 3, 8], [4, 22, 5, 21], [6, 3, 7, 4]]"
12a_0073_84,"[[7, 4, 8, 5], [9, 13, 10, 12], [11, 16, 12, 17], [13, 21, 14, 20], [15, 3, 16, 2], [17, 10, 18, 11], [19, 1, 20, 24], [21, 7, 22, 6], [23, 15, 24, 14], [1, 19, 2, 18], [3, 8, 4, 9], [5, 23, 6, 22]]"
12a_0073_85,"[[5, 23, 6, 22], [7, 4, 8, 5], [9, 13, 10, 12], [11, 16, 12, 17], [13, 21, 14, 20], [15, 3, 16, 2], [17, 10, 18, 11], [19, 1, 20, 24], [21, 7, 22, 6], [23, 15, 24, 14], [1, 19, 2, 18], [3, 8, 4, 9]]"
12a_0073_86,"[[3, 8, 4, 9], [5, 23, 6, 22], [7, 4, 8, 5], [9, 13, 10, 12], [11, 16, 12, 17], [13, 21, 14, 20], [15, 3, 16, 2], [17, 10, 18, 11], [19, 1, 20, 24], [21, 7, 22, 6], [23, 15, 24, 14], [1, 19, 2, 18]]"
12a_0073_87,"[[1, 19, 2, 18], [3, 8, 4, 9], [5, 23, 6, 22], [7, 4, 8, 5], [9, 13, 10, 12], [11, 16, 12, 17], [13, 21, 14, 20], [15, 3, 16, 2], [17, 10, 18, 11], [19, 1, 20, 24], [21, 7, 22, 6], [23, 15, 24, 14]]"
12a_0073_88,"[[23, 15, 24, 14], [1, 19, 2, 18], [3, 8, 4, 9], [5, 23, 6, 22], [7, 4, 8, 5], [9, 13, 10, 12], [11, 16, 12, 17], [13, 21, 14, 20], [15, 3, 16, 2], [17, 10, 18, 11], [19, 1, 20, 24], [21, 7, 22, 6]]"
12a_0073_89,"[[21, 7, 22, 6], [23, 15, 24, 14], [1, 19, 2, 18], [3, 8, 4, 9], [5, 23, 6, 22], [7, 4, 8, 5], [9, 13, 10, 12], [11, 16, 12, 17], [13, 21, 14, 20], [15, 3, 16, 2], [17, 10, 18, 11], [19, 1, 20, 24]]"
12a_0073_90,"[[19, 1, 20, 24], [21, 7, 22, 6], [23, 15, 24, 14], [1, 19, 2, 18], [3, 8, 4, 9], [5, 23, 6, 22], [7, 4, 8, 5], [9, 13, 10, 12], [11, 16, 12, 17], [13, 21, 14, 20], [15, 3, 16, 2], [17, 10, 18, 11]]"
12a_0073_91,"[[17, 10, 18, 11], [19, 1, 20, 24], [21, 7, 22, 6], [23, 15, 24, 14], [1, 19, 2, 18], [3, 8, 4, 9], [5, 23, 6, 22], [7, 4, 8, 5], [9, 13, 10, 12], [11, 16, 12, 17], [13, 21, 14, 20], [15, 3, 16, 2]]"
12a_0073_92,"[[15, 3, 16, 2], [17, 10, 18, 11], [19, 1, 20, 24], [21, 7, 22, 6], [23, 15, 24, 14], [1, 19, 2, 18], [3, 8, 4, 9], [5, 23, 6, 22], [7, 4, 8, 5], [9, 13, 10, 12], [11, 16, 12, 17], [13, 21, 14, 20]]"
12a_0073_93,"[[13, 21, 14, 20], [15, 3, 16, 2], [17, 10, 18, 11], [19, 1, 20, 24], [21, 7, 22, 6], [23, 15, 24, 14], [1, 19, 2, 18], [3, 8, 4, 9], [5, 23, 6, 22], [7, 4, 8, 5], [9, 13, 10, 12], [11, 16, 12, 17]]"
12a_0073_94,"[[11, 16, 12, 17], [13, 21, 14, 20], [15, 3, 16, 2], [17, 10, 18, 11], [19, 1, 20, 24], [21, 7, 22, 6], [23, 15, 24, 14], [1, 19, 2, 18], [3, 8, 4, 9], [5, 23, 6, 22], [7, 4, 8, 5], [9, 13, 10, 12]]"
12a_0073_95,"[[9, 13, 10, 12], [11, 16, 12, 17], [13, 21, 14, 20], [15, 3, 16, 2], [17, 10, 18, 11], [19, 1, 20, 24], [21, 7, 22, 6], [23, 15, 24, 14], [1, 19, 2, 18], [3, 8, 4, 9], [5, 23, 6, 22], [7, 4, 8, 5]]"
12a_0073_96,"[[8, 5, 9, 6], [10, 14, 11, 13], [12, 17, 13, 18], [14, 22, 15, 21], [16, 4, 17, 3], [18, 11, 19, 12], [20, 2, 21, 1], [22, 8, 23, 7], [24, 16, 1, 15], [2, 20, 3, 19], [4, 9, 5, 10], [6, 24, 7, 23]]"
12a_0073_97,"[[6, 24, 7, 23], [8, 5, 9, 6], [10, 14, 11, 13], [12, 17, 13, 18], [14, 22, 15, 21], [16, 4, 17, 3], [18, 11, 19, 12], [20, 2, 21, 1], [22, 8, 23, 7], [24, 16, 1, 15], [2, 20, 3, 19], [4, 9, 5, 10]]"
12a_0073_98,"[[4, 9, 5, 10], [6, 24, 7, 23], [8, 5, 9, 6], [10, 14, 11, 13], [12, 17, 13, 18], [14, 22, 15, 21], [16, 4, 17, 3], [18, 11, 19, 12], [20, 2, 21, 1], [22, 8, 23, 7], [24, 16, 1, 15], [2, 20, 3, 19]]"
12a_0073_99,"[[2, 20, 3, 19], [4, 9, 5, 10], [6, 24, 7, 23], [8, 5, 9, 6], [10, 14, 11, 13], [12, 17, 13, 18], [14, 22, 15, 21], [16, 4, 17, 3], [18, 11, 19, 12], [20, 2, 21, 1], [22, 8, 23, 7], [24, 16, 1, 15]]"
12a_0073_100,"[[24, 16, 1, 15], [2, 20, 3, 19], [4, 9, 5, 10], [6, 24, 7, 23], [8, 5, 9, 6], [10, 14, 11, 13], [12, 17, 13, 18], [14, 22, 15, 21], [16, 4, 17, 3], [18, 11, 19, 12], [20, 2, 21, 1], [22, 8, 23, 7]]"
12a_0073_101,"[[22, 8, 23, 7], [24, 16, 1, 15], [2, 20, 3, 19], [4, 9, 5, 10], [6, 24, 7, 23], [8, 5, 9, 6], [10, 14, 11, 13], [12, 17, 13, 18], [14, 22, 15, 21], [16, 4, 17, 3], [18, 11, 19, 12], [20, 2, 21, 1]]"
12a_0073_102,"[[20, 2, 21, 1], [22, 8, 23, 7], [24, 16, 1, 15], [2, 20, 3, 19], [4, 9, 5, 10], [6, 24, 7, 23], [8, 5, 9, 6], [10, 14, 11, 13], [12, 17, 13, 18], [14, 22, 15, 21], [16, 4, 17, 3], [18, 11, 19, 12]]"
12a_0073_103,"[[18, 11, 19, 12], [20, 2, 21, 1], [22, 8, 23, 7], [24, 16, 1, 15], [2, 20, 3, 19], [4, 9, 5, 10], [6, 24, 7, 23], [8, 5, 9, 6], [10, 14, 11, 13], [12, 17, 13, 18], [14, 22, 15, 21], [16, 4, 17, 3]]"
12a_0073_104,"[[16, 4, 17, 3], [18, 11, 19, 12], [20, 2, 21, 1], [22, 8, 23, 7], [24, 16, 1, 15], [2, 20, 3, 19], [4, 9, 5, 10], [6, 24, 7, 23], [8, 5, 9, 6], [10, 14, 11, 13], [12, 17, 13, 18], [14, 22, 15, 21]]"
12a_0073_105,"[[14, 22, 15, 21], [16, 4, 17, 3], [18, 11, 19, 12], [20, 2, 21, 1], [22, 8, 23, 7], [24, 16, 1, 15], [2, 20, 3, 19], [4, 9, 5, 10], [6, 24, 7, 23], [8, 5, 9, 6], [10, 14, 11, 13], [12, 17, 13, 18]]"
12a_0073_106,"[[12, 17, 13, 18], [14, 22, 15, 21], [16, 4, 17, 3], [18, 11, 19, 12], [20, 2, 21, 1], [22, 8, 23, 7], [24, 16, 1, 15], [2, 20, 3, 19], [4, 9, 5, 10], [6, 24, 7, 23], [8, 5, 9, 6], [10, 14, 11, 13]]"
12a_0073_107,"[[10, 14, 11, 13], [12, 17, 13, 18], [14, 22, 15, 21], [16, 4, 17, 3], [18, 11, 19, 12], [20, 2, 21, 1], [22, 8, 23, 7], [24, 16, 1, 15], [2, 20, 3, 19], [4, 9, 5, 10], [6, 24, 7, 23], [8, 5, 9, 6]]"
12a_0073_108,"[[9, 6, 10, 7], [11, 15, 12, 14], [13, 18, 14, 19], [15, 23, 16, 22], [17, 5, 18, 4], [19, 12, 20, 13], [21, 3, 22, 2], [23, 9, 24, 8], [1, 17, 2, 16], [3, 21, 4, 20], [5, 10, 6, 11], [7, 1, 8, 24]]"
12a_0073_109,"[[7, 1, 8, 24], [9, 6, 10, 7], [11, 15, 12, 14], [13, 18, 14, 19], [15, 23, 16, 22], [17, 5, 18, 4], [19, 12, 20, 13], [21, 3, 22, 2], [23, 9, 24, 8], [1, 17, 2, 16], [3, 21, 4, 20], [5, 10, 6, 11]]"
12a_0073_110,"[[5, 10, 6, 11], [7, 1, 8, 24], [9, 6, 10, 7], [11, 15, 12, 14], [13, 18, 14, 19], [15, 23, 16, 22], [17, 5, 18, 4], [19, 12, 20, 13], [21, 3, 22, 2], [23, 9, 24, 8], [1, 17, 2, 16], [3, 21, 4, 20]]"
12a_0073_111,"[[3, 21, 4, 20], [5, 10, 6, 11], [7, 1, 8, 24], [9, 6, 10, 7], [11, 15, 12, 14], [13, 18, 14, 19], [15, 23, 16, 22], [17, 5, 18, 4], [19, 12, 20, 13], [21, 3, 22, 2], [23, 9, 24, 8], [1, 17, 2, 16]]"
12a_0073_112,"[[1, 17, 2, 16], [3, 21, 4, 20], [5, 10, 6, 11], [7, 1, 8, 24], [9, 6, 10, 7], [11, 15, 12, 14], [13, 18, 14, 19], [15, 23, 16, 22], [17, 5, 18, 4], [19, 12, 20, 13], [21, 3, 22, 2], [23, 9, 24, 8]]"
12a_0073_113,"[[23, 9, 24, 8], [1, 17, 2, 16], [3, 21, 4, 20], [5, 10, 6, 11], [7, 1, 8, 24], [9, 6, 10, 7], [11, 15, 12, 14], [13, 18, 14, 19], [15, 23, 16, 22], [17, 5, 18, 4], [19, 12, 20, 13], [21, 3, 22, 2]]"
12a_0073_114,"[[21, 3, 22, 2], [23, 9, 24, 8], [1, 17, 2, 16], [3, 21, 4, 20], [5, 10, 6, 11], [7, 1, 8, 24], [9, 6, 10, 7], [11, 15, 12, 14], [13, 18, 14, 19], [15, 23, 16, 22], [17, 5, 18, 4], [19, 12, 20, 13]]"
12a_0073_115,"[[19, 12, 20, 13], [21, 3, 22, 2], [23, 9, 24, 8], [1, 17, 2, 16], [3, 21, 4, 20], [5, 10, 6, 11], [7, 1, 8, 24], [9, 6, 10, 7], [11, 15, 12, 14], [13, 18, 14, 19], [15, 23, 16, 22], [17, 5, 18, 4]]"
12a_0073_116,"[[17, 5, 18, 4], [19, 12, 20, 13], [21, 3, 22, 2], [23, 9, 24, 8], [1, 17, 2, 16], [3, 21, 4, 20], [5, 10, 6, 11], [7, 1, 8, 24], [9, 6, 10, 7], [11, 15, 12, 14], [13, 18, 14, 19], [15, 23, 16, 22]]"
12a_0073_117,"[[15, 23, 16, 22], [17, 5, 18, 4], [19, 12, 20, 13], [21, 3, 22, 2], [23, 9, 24, 8], [1, 17, 2, 16], [3, 21, 4, 20], [5, 10, 6, 11], [7, 1, 8, 24], [9, 6, 10, 7], [11, 15, 12, 14], [13, 18, 14, 19]]"
12a_0073_118,"[[13, 18, 14, 19], [15, 23, 16, 22], [17, 5, 18, 4], [19, 12, 20, 13], [21, 3, 22, 2], [23, 9, 24, 8], [1, 17, 2, 16], [3, 21, 4, 20], [5, 10, 6, 11], [7, 1, 8, 24], [9, 6, 10, 7], [11, 15, 12, 14]]"
12a_0073_119,"[[11, 15, 12, 14], [13, 18, 14, 19], [15, 23, 16, 22], [17, 5, 18, 4], [19, 12, 20, 13], [21, 3, 22, 2], [23, 9, 24, 8], [1, 17, 2, 16], [3, 21, 4, 20], [5, 10, 6, 11], [7, 1, 8, 24], [9, 6, 10, 7]]"
12a_0073_120,"[[10, 7, 11, 8], [12, 16, 13, 15], [14, 19, 15, 20], [16, 24, 17, 23], [18, 6, 19, 5], [20, 13, 21, 14], [22, 4, 23, 3], [24, 10, 1, 9], [2, 18, 3, 17], [4, 22, 5, 21], [6, 11, 7, 12], [8, 2, 9, 1]]"
12a_0073_121,"[[8, 2, 9, 1], [10, 7, 11, 8], [12, 16, 13, 15], [14, 19, 15, 20], [16, 24, 17, 23], [18, 6, 19, 5], [20, 13, 21, 14], [22, 4, 23, 3], [24, 10, 1, 9], [2, 18, 3, 17], [4, 22, 5, 21], [6, 11, 7, 12]]"
12a_0073_122,"[[6, 11, 7, 12], [8, 2, 9, 1], [10, 7, 11, 8], [12, 16, 13, 15], [14, 19, 15, 20], [16, 24, 17, 23], [18, 6, 19, 5], [20, 13, 21, 14], [22, 4, 23, 3], [24, 10, 1, 9], [2, 18, 3, 17], [4, 22, 5, 21]]"
12a_0073_123,"[[4, 22, 5, 21], [6, 11, 7, 12], [8, 2, 9, 1], [10, 7, 11, 8], [12, 16, 13, 15], [14, 19, 15, 20], [16, 24, 17, 23], [18, 6, 19, 5], [20, 13, 21, 14], [22, 4, 23, 3], [24, 10, 1, 9], [2, 18, 3, 17]]"
12a_0073_124,"[[2, 18, 3, 17], [4, 22, 5, 21], [6, 11, 7, 12], [8, 2, 9, 1], [10, 7, 11, 8], [12, 16, 13, 15], [14, 19, 15, 20], [16, 24, 17, 23], [18, 6, 19, 5], [20, 13, 21, 14], [22, 4, 23, 3], [24, 10, 1, 9]]"
12a_0073_125,"[[24, 10, 1, 9], [2, 18, 3, 17], [4, 22, 5, 21], [6, 11, 7, 12], [8, 2, 9, 1], [10, 7, 11, 8], [12, 16, 13, 15], [14, 19, 15, 20], [16, 24, 17, 23], [18, 6, 19, 5], [20, 13, 21, 14], [22, 4, 23, 3]]"
12a_0073_126,"[[22, 4, 23, 3], [24, 10, 1, 9], [2, 18, 3, 17], [4, 22, 5, 21], [6, 11, 7, 12], [8, 2, 9, 1], [10, 7, 11, 8], [12, 16, 13, 15], [14, 19, 15, 20], [16, 24, 17, 23], [18, 6, 19, 5], [20, 13, 21, 14]]"
12a_0073_127,"[[20, 13, 21, 14], [22, 4, 23, 3], [24, 10, 1, 9], [2, 18, 3, 17], [4, 22, 5, 21], [6, 11, 7, 12], [8, 2, 9, 1], [10, 7, 11, 8], [12, 16, 13, 15], [14, 19, 15, 20], [16, 24, 17, 23], [18, 6, 19, 5]]"
12a_0073_128,"[[18, 6, 19, 5], [20, 13, 21, 14], [22, 4, 23, 3], [24, 10, 1, 9], [2, 18, 3, 17], [4, 22, 5, 21], [6, 11, 7, 12], [8, 2, 9, 1], [10, 7, 11, 8], [12, 16, 13, 15], [14, 19, 15, 20], [16, 24, 17, 23]]"
12a_0073_129,"[[16, 24, 17, 23], [18, 6, 19, 5], [20, 13, 21, 14], [22, 4, 23, 3], [24, 10, 1, 9], [2, 18, 3, 17], [4, 22, 5, 21], [6, 11, 7, 12], [8, 2, 9, 1], [10, 7, 11, 8], [12, 16, 13, 15], [14, 19, 15, 20]]"
12a_0073_130,"[[14, 19, 15, 20], [16, 24, 17, 23], [18, 6, 19, 5], [20, 13, 21, 14], [22, 4, 23, 3], [24, 10, 1, 9], [2, 18, 3, 17], [4, 22, 5, 21], [6, 11, 7, 12], [8, 2, 9, 1], [10, 7, 11, 8], [12, 16, 13, 15]]"
12a_0073_131,"[[12, 16, 13, 15], [14, 19, 15, 20], [16, 24, 17, 23], [18, 6, 19, 5], [20, 13, 21, 14], [22, 4, 23, 3], [24, 10, 1, 9], [2, 18, 3, 17], [4, 22, 5, 21], [6, 11, 7, 12], [8, 2, 9, 1], [10, 7, 11, 8]]"
12a_0073_132,"[[11, 8, 12, 9], [13, 17, 14, 16], [15, 20, 16, 21], [17, 1, 18, 24], [19, 7, 20, 6], [21, 14, 22, 15], [23, 5, 24, 4], [1, 11, 2, 10], [3, 19, 4, 18], [5, 23, 6, 22], [7, 12, 8, 13], [9, 3, 10, 2]]"
12a_0073_133,"[[9, 3, 10, 2], [11, 8, 12, 9], [13, 17, 14, 16], [15, 20, 16, 21], [17, 1, 18, 24], [19, 7, 20, 6], [21, 14, 22, 15], [23, 5, 24, 4], [1, 11, 2, 10], [3, 19, 4, 18], [5, 23, 6, 22], [7, 12, 8, 13]]"
12a_0073_134,"[[7, 12, 8, 13], [9, 3, 10, 2], [11, 8, 12, 9], [13, 17, 14, 16], [15, 20, 16, 21], [17, 1, 18, 24], [19, 7, 20, 6], [21, 14, 22, 15], [23, 5, 24, 4], [1, 11, 2, 10], [3, 19, 4, 18], [5, 23, 6, 22]]"
12a_0073_135,"[[5, 23, 6, 22], [7, 12, 8, 13], [9, 3, 10, 2], [11, 8, 12, 9], [13, 17, 14, 16], [15, 20, 16, 21], [17, 1, 18, 24], [19, 7, 20, 6], [21, 14, 22, 15], [23, 5, 24, 4], [1, 11, 2, 10], [3, 19, 4, 18]]"
12a_0073_136,"[[3, 19, 4, 18], [5, 23, 6, 22], [7, 12, 8, 13], [9, 3, 10, 2], [11, 8, 12, 9], [13, 17, 14, 16], [15, 20, 16, 21], [17, 1, 18, 24], [19, 7, 20, 6], [21, 14, 22, 15], [23, 5, 24, 4], [1, 11, 2, 10]]"
12a_0073_137,"[[1, 11, 2, 10], [3, 19, 4, 18], [5, 23, 6, 22], [7, 12, 8, 13], [9, 3, 10, 2], [11, 8, 12, 9], [13, 17, 14, 16], [15, 20, 16, 21], [17, 1, 18, 24], [19, 7, 20, 6], [21, 14, 22, 15], [23, 5, 24, 4]]"
12a_0073_138,"[[23, 5, 24, 4], [1, 11, 2, 10], [3, 19, 4, 18], [5, 23, 6, 22], [7, 12, 8, 13], [9, 3, 10, 2], [11, 8, 12, 9], [13, 17, 14, 16], [15, 20, 16, 21], [17, 1, 18, 24], [19, 7, 20, 6], [21, 14, 22, 15]]"
12a_0073_139,"[[21, 14, 22, 15], [23, 5, 24, 4], [1, 11, 2, 10], [3, 19, 4, 18], [5, 23, 6, 22], [7, 12, 8, 13], [9, 3, 10, 2], [11, 8, 12, 9], [13, 17, 14, 16], [15, 20, 16, 21], [17, 1, 18, 24], [19, 7, 20, 6]]"
12a_0073_140,"[[19, 7, 20, 6], [21, 14, 22, 15], [23, 5, 24, 4], [1, 11, 2, 10], [3, 19, 4, 18], [5, 23, 6, 22], [7, 12, 8, 13], [9, 3, 10, 2], [11, 8, 12, 9], [13, 17, 14, 16], [15, 20, 16, 21], [17, 1, 18, 24]]"
12a_0073_141,"[[17, 1, 18, 24], [19, 7, 20, 6], [21, 14, 22, 15], [23, 5, 24, 4], [1, 11, 2, 10], [3, 19, 4, 18], [5, 23, 6, 22], [7, 12, 8, 13], [9, 3, 10, 2], [11, 8, 12, 9], [13, 17, 14, 16], [15, 20, 16, 21]]"
12a_0073_142,"[[15, 20, 16, 21], [17, 1, 18, 24], [19, 7, 20, 6], [21, 14, 22, 15], [23, 5, 24, 4], [1, 11, 2, 10], [3, 19, 4, 18], [5, 23, 6, 22], [7, 12, 8, 13], [9, 3, 10, 2], [11, 8, 12, 9], [13, 17, 14, 16]]"
12a_0073_143,"[[13, 17, 14, 16], [15, 20, 16, 21], [17, 1, 18, 24], [19, 7, 20, 6], [21, 14, 22, 15], [23, 5, 24, 4], [1, 11, 2, 10], [3, 19, 4, 18], [5, 23, 6, 22], [7, 12, 8, 13], [9, 3, 10, 2], [11, 8, 12, 9]]"
12a_0073_144,"[[12, 9, 13, 10], [14, 18, 15, 17], [16, 21, 17, 22], [18, 2, 19, 1], [20, 8, 21, 7], [22, 15, 23, 16], [24, 6, 1, 5], [2, 12, 3, 11], [4, 20, 5, 19], [6, 24, 7, 23], [8, 13, 9, 14], [10, 4, 11, 3]]"
12a_0073_145,"[[10, 4, 11, 3], [12, 9, 13, 10], [14, 18, 15, 17], [16, 21, 17, 22], [18, 2, 19, 1], [20, 8, 21, 7], [22, 15, 23, 16], [24, 6, 1, 5], [2, 12, 3, 11], [4, 20, 5, 19], [6, 24, 7, 23], [8, 13, 9, 14]]"
12a_0073_146,"[[8, 13, 9, 14], [10, 4, 11, 3], [12, 9, 13, 10], [14, 18, 15, 17], [16, 21, 17, 22], [18, 2, 19, 1], [20, 8, 21, 7], [22, 15, 23, 16], [24, 6, 1, 5], [2, 12, 3, 11], [4, 20, 5, 19], [6, 24, 7, 23]]"
12a_0073_147,"[[6, 24, 7, 23], [8, 13, 9, 14], [10, 4, 11, 3], [12, 9, 13, 10], [14, 18, 15, 17], [16, 21, 17, 22], [18, 2, 19, 1], [20, 8, 21, 7], [22, 15, 23, 16], [24, 6, 1, 5], [2, 12, 3, 11], [4, 20, 5, 19]]"
12a_0073_148,"[[4, 20, 5, 19], [6, 24, 7, 23], [8, 13, 9, 14], [10, 4, 11, 3], [12, 9, 13, 10], [14, 18, 15, 17], [16, 21, 17, 22], [18, 2, 19, 1], [20, 8, 21, 7], [22, 15, 23, 16], [24, 6, 1, 5], [2, 12, 3, 11]]"
12a_0073_149,"[[2, 12, 3, 11], [4, 20, 5, 19], [6, 24, 7, 23], [8, 13, 9, 14], [10, 4, 11, 3], [12, 9, 13, 10], [14, 18, 15, 17], [16, 21, 17, 22], [18, 2, 19, 1], [20, 8, 21, 7], [22, 15, 23, 16], [24, 6, 1, 5]]"
12a_0073_150,"[[24, 6, 1, 5], [2, 12, 3, 11], [4, 20, 5, 19], [6, 24, 7, 23], [8, 13, 9, 14], [10, 4, 11, 3], [12, 9, 13, 10], [14, 18, 15, 17], [16, 21, 17, 22], [18, 2, 19, 1], [20, 8, 21, 7], [22, 15, 23, 16]]"
12a_0073_151,"[[22, 15, 23, 16], [24, 6, 1, 5], [2, 12, 3, 11], [4, 20, 5, 19], [6, 24, 7, 23], [8, 13, 9, 14], [10, 4, 11, 3], [12, 9, 13, 10], [14, 18, 15, 17], [16, 21, 17, 22], [18, 2, 19, 1], [20, 8, 21, 7]]"
12a_0073_152,"[[20, 8, 21, 7], [22, 15, 23, 16], [24, 6, 1, 5], [2, 12, 3, 11], [4, 20, 5, 19], [6, 24, 7, 23], [8, 13, 9, 14], [10, 4, 11, 3], [12, 9, 13, 10], [14, 18, 15, 17], [16, 21, 17, 22], [18, 2, 19, 1]]"
12a_0073_153,"[[18, 2, 19, 1], [20, 8, 21, 7], [22, 15, 23, 16], [24, 6, 1, 5], [2, 12, 3, 11], [4, 20, 5, 19], [6, 24, 7, 23], [8, 13, 9, 14], [10, 4, 11, 3], [12, 9, 13, 10], [14, 18, 15, 17], [16, 21, 17, 22]]"
12a_0073_154,"[[16, 21, 17, 22], [18, 2, 19, 1], [20, 8, 21, 7], [22, 15, 23, 16], [24, 6, 1, 5], [2, 12, 3, 11], [4, 20, 5, 19], [6, 24, 7, 23], [8, 13, 9, 14], [10, 4, 11, 3], [12, 9, 13, 10], [14, 18, 15, 17]]"
12a_0073_155,"[[14, 18, 15, 17], [16, 21, 17, 22], [18, 2, 19, 1], [20, 8, 21, 7], [22, 15, 23, 16], [24, 6, 1, 5], [2, 12, 3, 11], [4, 20, 5, 19], [6, 24, 7, 23], [8, 13, 9, 14], [10, 4, 11, 3], [12, 9, 13, 10]]"
12a_0073_156,"[[13, 10, 14, 11], [15, 19, 16, 18], [17, 22, 18, 23], [19, 3, 20, 2], [21, 9, 22, 8], [23, 16, 24, 17], [1, 7, 2, 6], [3, 13, 4, 12], [5, 21, 6, 20], [7, 1, 8, 24], [9, 14, 10, 15], [11, 5, 12, 4]]"
12a_0073_157,"[[11, 5, 12, 4], [13, 10, 14, 11], [15, 19, 16, 18], [17, 22, 18, 23], [19, 3, 20, 2], [21, 9, 22, 8], [23, 16, 24, 17], [1, 7, 2, 6], [3, 13, 4, 12], [5, 21, 6, 20], [7, 1, 8, 24], [9, 14, 10, 15]]"
12a_0073_158,"[[9, 14, 10, 15], [11, 5, 12, 4], [13, 10, 14, 11], [15, 19, 16, 18], [17, 22, 18, 23], [19, 3, 20, 2], [21, 9, 22, 8], [23, 16, 24, 17], [1, 7, 2, 6], [3, 13, 4, 12], [5, 21, 6, 20], [7, 1, 8, 24]]"
12a_0073_159,"[[7, 1, 8, 24], [9, 14, 10, 15], [11, 5, 12, 4], [13, 10, 14, 11], [15, 19, 16, 18], [17, 22, 18, 23], [19, 3, 20, 2], [21, 9, 22, 8], [23, 16, 24, 17], [1, 7, 2, 6], [3, 13, 4, 12], [5, 21, 6, 20]]"
12a_0073_160,"[[5, 21, 6, 20], [7, 1, 8, 24], [9, 14, 10, 15], [11, 5, 12, 4], [13, 10, 14, 11], [15, 19, 16, 18], [17, 22, 18, 23], [19, 3, 20, 2], [21, 9, 22, 8], [23, 16, 24, 17], [1, 7, 2, 6], [3, 13, 4, 12]]"
12a_0073_161,"[[3, 13, 4, 12], [5, 21, 6, 20], [7, 1, 8, 24], [9, 14, 10, 15], [11, 5, 12, 4], [13, 10, 14, 11], [15, 19, 16, 18], [17, 22, 18, 23], [19, 3, 20, 2], [21, 9, 22, 8], [23, 16, 24, 17], [1, 7, 2, 6]]"
12a_0073_162,"[[1, 7, 2, 6], [3, 13, 4, 12], [5, 21, 6, 20], [7, 1, 8, 24], [9, 14, 10, 15], [11, 5, 12, 4], [13, 10, 14, 11], [15, 19, 16, 18], [17, 22, 18, 23], [19, 3, 20, 2], [21, 9, 22, 8], [23, 16, 24, 17]]"
12a_0073_163,"[[23, 16, 24, 17], [1, 7, 2, 6], [3, 13, 4, 12], [5, 21, 6, 20], [7, 1, 8, 24], [9, 14, 10, 15], [11, 5, 12, 4], [13, 10, 14, 11], [15, 19, 16, 18], [17, 22, 18, 23], [19, 3, 20, 2], [21, 9, 22, 8]]"
12a_0073_164,"[[21, 9, 22, 8], [23, 16, 24, 17], [1, 7, 2, 6], [3, 13, 4, 12], [5, 21, 6, 20], [7, 1, 8, 24], [9, 14, 10, 15], [11, 5, 12, 4], [13, 10, 14, 11], [15, 19, 16, 18], [17, 22, 18, 23], [19, 3, 20, 2]]"
12a_0073_165,"[[19, 3, 20, 2], [21, 9, 22, 8], [23, 16, 24, 17], [1, 7, 2, 6], [3, 13, 4, 12], [5, 21, 6, 20], [7, 1, 8, 24], [9, 14, 10, 15], [11, 5, 12, 4], [13, 10, 14, 11], [15, 19, 16, 18], [17, 22, 18, 23]]"
12a_0073_166,"[[17, 22, 18, 23], [19, 3, 20, 2], [21, 9, 22, 8], [23, 16, 24, 17], [1, 7, 2, 6], [3, 13, 4, 12], [5, 21, 6, 20], [7, 1, 8, 24], [9, 14, 10, 15], [11, 5, 12, 4], [13, 10, 14, 11], [15, 19, 16, 18]]"
12a_0073_167,"[[15, 19, 16, 18], [17, 22, 18, 23], [19, 3, 20, 2], [21, 9, 22, 8], [23, 16, 24, 17], [1, 7, 2, 6], [3, 13, 4, 12], [5, 21, 6, 20], [7, 1, 8, 24], [9, 14, 10, 15], [11, 5, 12, 4], [13, 10, 14, 11]]"
12a_0073_168,"[[14, 11, 15, 12], [16, 20, 17, 19], [18, 23, 19, 24], [20, 4, 21, 3], [22, 10, 23, 9], [24, 17, 1, 18], [2, 8, 3, 7], [4, 14, 5, 13], [6, 22, 7, 21], [8, 2, 9, 1], [10, 15, 11, 16], [12, 6, 13, 5]]"
12a_0073_169,"[[12, 6, 13, 5], [14, 11, 15, 12], [16, 20, 17, 19], [18, 23, 19, 24], [20, 4, 21, 3], [22, 10, 23, 9], [24, 17, 1, 18], [2, 8, 3, 7], [4, 14, 5, 13], [6, 22, 7, 21], [8, 2, 9, 1], [10, 15, 11, 16]]"
12a_0073_170,"[[10, 15, 11, 16], [12, 6, 13, 5], [14, 11, 15, 12], [16, 20, 17, 19], [18, 23, 19, 24], [20, 4, 21, 3], [22, 10, 23, 9], [24, 17, 1, 18], [2, 8, 3, 7], [4, 14, 5, 13], [6, 22, 7, 21], [8, 2, 9, 1]]"
12a_0073_171,"[[8, 2, 9, 1], [10, 15, 11, 16], [12, 6, 13, 5], [14, 11, 15, 12], [16, 20, 17, 19], [18, 23, 19, 24], [20, 4, 21, 3], [22, 10, 23, 9], [24, 17, 1, 18], [2, 8, 3, 7], [4, 14, 5, 13], [6, 22, 7, 21]]"
12a_0073_172,"[[6, 22, 7, 21], [8, 2, 9, 1], [10, 15, 11, 16], [12, 6, 13, 5], [14, 11, 15, 12], [16, 20, 17, 19], [18, 23, 19, 24], [20, 4, 21, 3], [22, 10, 23, 9], [24, 17, 1, 18], [2, 8, 3, 7], [4, 14, 5, 13]]"
12a_0073_173,"[[4, 14, 5, 13], [6, 22, 7, 21], [8, 2, 9, 1], [10, 15, 11, 16], [12, 6, 13, 5], [14, 11, 15, 12], [16, 20, 17, 19], [18, 23, 19, 24], [20, 4, 21, 3], [22, 10, 23, 9], [24, 17, 1, 18], [2, 8, 3, 7]]"
12a_0073_174,"[[2, 8, 3, 7], [4, 14, 5, 13], [6, 22, 7, 21], [8, 2, 9, 1], [10, 15, 11, 16], [12, 6, 13, 5], [14, 11, 15, 12], [16, 20, 17, 19], [18, 23, 19, 24], [20, 4, 21, 3], [22, 10, 23, 9], [24, 17, 1, 18]]"
12a_0073_175,"[[24, 17, 1, 18], [2, 8, 3, 7], [4, 14, 5, 13], [6, 22, 7, 21], [8, 2, 9, 1], [10, 15, 11, 16], [12, 6, 13, 5], [14, 11, 15, 12], [16, 20, 17, 19], [18, 23, 19, 24], [20, 4, 21, 3], [22, 10, 23, 9]]"
12a_0073_176,"[[22, 10, 23, 9], [24, 17, 1, 18], [2, 8, 3, 7], [4, 14, 5, 13], [6, 22, 7, 21], [8, 2, 9, 1], [10, 15, 11, 16], [12, 6, 13, 5], [14, 11, 15, 12], [16, 20, 17, 19], [18, 23, 19, 24], [20, 4, 21, 3]]"
12a_0073_177,"[[20, 4, 21, 3], [22, 10, 23, 9], [24, 17, 1, 18], [2, 8, 3, 7], [4, 14, 5, 13], [6, 22, 7, 21], [8, 2, 9, 1], [10, 15, 11, 16], [12, 6, 13, 5], [14, 11, 15, 12], [16, 20, 17, 19], [18, 23, 19, 24]]"
12a_0073_178,"[[18, 23, 19, 24], [20, 4, 21, 3], [22, 10, 23, 9], [24, 17, 1, 18], [2, 8, 3, 7], [4, 14, 5, 13], [6, 22, 7, 21], [8, 2, 9, 1], [10, 15, 11, 16], [12, 6, 13, 5], [14, 11, 15, 12], [16, 20, 17, 19]]"
12a_0073_179,"[[16, 20, 17, 19], [18, 23, 19, 24], [20, 4, 21, 3], [22, 10, 23, 9], [24, 17, 1, 18], [2, 8, 3, 7], [4, 14, 5, 13], [6, 22, 7, 21], [8, 2, 9, 1], [10, 15, 11, 16], [12, 6, 13, 5], [14, 11, 15, 12]]"
12a_0073_180,"[[15, 12, 16, 13], [17, 21, 18, 20], [19, 24, 20, 1], [21, 5, 22, 4], [23, 11, 24, 10], [1, 18, 2, 19], [3, 9, 4, 8], [5, 15, 6, 14], [7, 23, 8, 22], [9, 3, 10, 2], [11, 16, 12, 17], [13, 7, 14, 6]]"
12a_0073_181,"[[13, 7, 14, 6], [15, 12, 16, 13], [17, 21, 18, 20], [19, 24, 20, 1], [21, 5, 22, 4], [23, 11, 24, 10], [1, 18, 2, 19], [3, 9, 4, 8], [5, 15, 6, 14], [7, 23, 8, 22], [9, 3, 10, 2], [11, 16, 12, 17]]"
12a_0073_182,"[[11, 16, 12, 17], [13, 7, 14, 6], [15, 12, 16, 13], [17, 21, 18, 20], [19, 24, 20, 1], [21, 5, 22, 4], [23, 11, 24, 10], [1, 18, 2, 19], [3, 9, 4, 8], [5, 15, 6, 14], [7, 23, 8, 22], [9, 3, 10, 2]]"
12a_0073_183,"[[9, 3, 10, 2], [11, 16, 12, 17], [13, 7, 14, 6], [15, 12, 16, 13], [17, 21, 18, 20], [19, 24, 20, 1], [21, 5, 22, 4], [23, 11, 24, 10], [1, 18, 2, 19], [3, 9, 4, 8], [5, 15, 6, 14], [7, 23, 8, 22]]"
12a_0073_184,"[[7, 23, 8, 22], [9, 3, 10, 2], [11, 16, 12, 17], [13, 7, 14, 6], [15, 12, 16, 13], [17, 21, 18, 20], [19, 24, 20, 1], [21, 5, 22, 4], [23, 11, 24, 10], [1, 18, 2, 19], [3, 9, 4, 8], [5, 15, 6, 14]]"
12a_0073_185,"[[5, 15, 6, 14], [7, 23, 8, 22], [9, 3, 10, 2], [11, 16, 12, 17], [13, 7, 14, 6], [15, 12, 16, 13], [17, 21, 18, 20], [19, 24, 20, 1], [21, 5, 22, 4], [23, 11, 24, 10], [1, 18, 2, 19], [3, 9, 4, 8]]"
