name,pd_notation
12a_0166_0,"[[24, 11, 1, 12], [2, 6, 3, 5], [4, 10, 5, 9], [6, 18, 7, 17], [8, 4, 9, 3], [10, 23, 11, 24], [12, 1, 13, 2], [14, 20, 15, 19], [16, 8, 17, 7], [18, 22, 19, 21], [20, 16, 21, 15], [22, 13, 23, 14]]"
12a_0166_1,"[[22, 13, 23, 14], [24, 11, 1, 12], [2, 6, 3, 5], [4, 10, 5, 9], [6, 18, 7, 17], [8, 4, 9, 3], [10, 23, 11, 24], [12, 1, 13, 2], [14, 20, 15, 19], [16, 8, 17, 7], [18, 22, 19, 21], [20, 16, 21, 15]]"
12a_0166_2,"[[20, 16, 21, 15], [22, 13, 23, 14], [24, 11, 1, 12], [2, 6, 3, 5], [4, 10, 5, 9], [6, 18, 7, 17], [8, 4, 9, 3], [10, 23, 11, 24], [12, 1, 13, 2], [14, 20, 15, 19], [16, 8, 17, 7], [18, 22, 19, 21]]"
12a_0166_3,"[[18, 22, 19, 21], [20, 16, 21, 15], [22, 13, 23, 14], [24, 11, 1, 12], [2, 6, 3, 5], [4, 10, 5, 9], [6, 18, 7, 17], [8, 4, 9, 3], [10, 23, 11, 24], [12, 1, 13, 2], [14, 20, 15, 19], [16, 8, 17, 7]]"
12a_0166_4,"[[16, 8, 17, 7], [18, 22, 19, 21], [20, 16, 21, 15], [22, 13, 23, 14], [24, 11, 1, 12], [2, 6, 3, 5], [4, 10, 5, 9], [6, 18, 7, 17], [8, 4, 9, 3], [10, 23, 11, 24], [12, 1, 13, 2], [14, 20, 15, 19]]"
12a_0166_5,"[[14, 20, 15, 19], [16, 8, 17, 7], [18, 22, 19, 21], [20, 16, 21, 15], [22, 13, 23, 14], [24, 11, 1, 12], [2, 6, 3, 5], [4, 10, 5, 9], [6, 18, 7, 17], [8, 4, 9, 3], [10, 23, 11, 24], [12, 1, 13, 2]]"
12a_0166_6,"[[12, 1, 13, 2], [14, 20, 15, 19], [16, 8, 17, 7], [18, 22, 19, 21], [20, 16, 21, 15], [22, 13, 23, 14], [24, 11, 1, 12], [2, 6, 3, 5], [4, 10, 5, 9], [6, 18, 7, 17], [8, 4, 9, 3], [10, 23, 11, 24]]"
12a_0166_7,"[[10, 23, 11, 24], [12, 1, 13, 2], [14, 20, 15, 19], [16, 8, 17, 7], [18, 22, 19, 21], [20, 16, 21, 15], [22, 13, 23, 14], [24, 11, 1, 12], [2, 6, 3, 5], [4, 10, 5, 9], [6, 18, 7, 17], [8, 4, 9, 3]]"
12a_0166_8,"[[8, 4, 9, 3], [10, 23, 11, 24], [12, 1, 13, 2], [14, 20, 15, 19], [16, 8, 17, 7], [18, 22, 19, 21], [20, 16, 21, 15], [22, 13, 23, 14], [24, 11, 1, 12], [2, 6, 3, 5], [4, 10, 5, 9], [6, 18, 7, 17]]"
12a_0166_9,"[[6, 18, 7, 17], [8, 4, 9, 3], [10, 23, 11, 24], [12, 1, 13, 2], [14, 20, 15, 19], [16, 8, 17, 7], [18, 22, 19, 21], [20, 16, 21, 15], [22, 13, 23, 14], [24, 11, 1, 12], [2, 6, 3, 5], [4, 10, 5, 9]]"
12a_0166_10,"[[4, 10, 5, 9], [6, 18, 7, 17], [8, 4, 9, 3], [10, 23, 11, 24], [12, 1, 13, 2], [14, 20, 15, 19], [16, 8, 17, 7], [18, 22, 19, 21], [20, 16, 21, 15], [22, 13, 23, 14], [24, 11, 1, 12], [2, 6, 3, 5]]"
12a_0166_11,"[[2, 6, 3, 5], [4, 10, 5, 9], [6, 18, 7, 17], [8, 4, 9, 3], [10, 23, 11, 24], [12, 1, 13, 2], [14, 20, 15, 19], [16, 8, 17, 7], [18, 22, 19, 21], [20, 16, 21, 15], [22, 13, 23, 14], [24, 11, 1, 12]]"
12a_0166_12,"[[1, 12, 2, 13], [3, 7, 4, 6], [5, 11, 6, 10], [7, 19, 8, 18], [9, 5, 10, 4], [11, 24, 12, 1], [13, 2, 14, 3], [15, 21, 16, 20], [17, 9, 18, 8], [19, 23, 20, 22], [21, 17, 22, 16], [23, 14, 24, 15]]"
12a_0166_13,"[[23, 14, 24, 15], [1, 12, 2, 13], [3, 7, 4, 6], [5, 11, 6, 10], [7, 19, 8, 18], [9, 5, 10, 4], [11, 24, 12, 1], [13, 2, 14, 3], [15, 21, 16, 20], [17, 9, 18, 8], [19, 23, 20, 22], [21, 17, 22, 16]]"
12a_0166_14,"[[21, 17, 22, 16], [23, 14, 24, 15], [1, 12, 2, 13], [3, 7, 4, 6], [5, 11, 6, 10], [7, 19, 8, 18], [9, 5, 10, 4], [11, 24, 12, 1], [13, 2, 14, 3], [15, 21, 16, 20], [17, 9, 18, 8], [19, 23, 20, 22]]"
12a_0166_15,"[[19, 23, 20, 22], [21, 17, 22, 16], [23, 14, 24, 15], [1, 12, 2, 13], [3, 7, 4, 6], [5, 11, 6, 10], [7, 19, 8, 18], [9, 5, 10, 4], [11, 24, 12, 1], [13, 2, 14, 3], [15, 21, 16, 20], [17, 9, 18, 8]]"
12a_0166_16,"[[17, 9, 18, 8], [19, 23, 20, 22], [21, 17, 22, 16], [23, 14, 24, 15], [1, 12, 2, 13], [3, 7, 4, 6], [5, 11, 6, 10], [7, 19, 8, 18], [9, 5, 10, 4], [11, 24, 12, 1], [13, 2, 14, 3], [15, 21, 16, 20]]"
12a_0166_17,"[[15, 21, 16, 20], [17, 9, 18, 8], [19, 23, 20, 22], [21, 17, 22, 16], [23, 14, 24, 15], [1, 12, 2, 13], [3, 7, 4, 6], [5, 11, 6, 10], [7, 19, 8, 18], [9, 5, 10, 4], [11, 24, 12, 1], [13, 2, 14, 3]]"
12a_0166_18,"[[13, 2, 14, 3], [15, 21, 16, 20], [17, 9, 18, 8], [19, 23, 20, 22], [21, 17, 22, 16], [23, 14, 24, 15], [1, 12, 2, 13], [3, 7, 4, 6], [5, 11, 6, 10], [7, 19, 8, 18], [9, 5, 10, 4], [11, 24, 12, 1]]"
12a_0166_19,"[[11, 24, 12, 1], [13, 2, 14, 3], [15, 21, 16, 20], [17, 9, 18, 8], [19, 23, 20, 22], [21, 17, 22, 16], [23, 14, 24, 15], [1, 12, 2, 13], [3, 7, 4, 6], [5, 11, 6, 10], [7, 19, 8, 18], [9, 5, 10, 4]]"
12a_0166_20,"[[9, 5, 10, 4], [11, 24, 12, 1], [13, 2, 14, 3], [15, 21, 16, 20], [17, 9, 18, 8], [19, 23, 20, 22], [21, 17, 22, 16], [23, 14, 24, 15], [1, 12, 2, 13], [3, 7, 4, 6], [5, 11, 6, 10], [7, 19, 8, 18]]"
12a_0166_21,"[[7, 19, 8, 18], [9, 5, 10, 4], [11, 24, 12, 1], [13, 2, 14, 3], [15, 21, 16, 20], [17, 9, 18, 8], [19, 23, 20, 22], [21, 17, 22, 16], [23, 14, 24, 15], [1, 12, 2, 13], [3, 7, 4, 6], [5, 11, 6, 10]]"
12a_0166_22,"[[5, 11, 6, 10], [7, 19, 8, 18], [9, 5, 10, 4], [11, 24, 12, 1], [13, 2, 14, 3], [15, 21, 16, 20], [17, 9, 18, 8], [19, 23, 20, 22], [21, 17, 22, 16], [23, 14, 24, 15], [1, 12, 2, 13], [3, 7, 4, 6]]"
12a_0166_23,"[[3, 7, 4, 6], [5, 11, 6, 10], [7, 19, 8, 18], [9, 5, 10, 4], [11, 24, 12, 1], [13, 2, 14, 3], [15, 21, 16, 20], [17, 9, 18, 8], [19, 23, 20, 22], [21, 17, 22, 16], [23, 14, 24, 15], [1, 12, 2, 13]]"
12a_0166_24,"[[2, 13, 3, 14], [4, 8, 5, 7], [6, 12, 7, 11], [8, 20, 9, 19], [10, 6, 11, 5], [12, 1, 13, 2], [14, 3, 15, 4], [16, 22, 17, 21], [18, 10, 19, 9], [20, 24, 21, 23], [22, 18, 23, 17], [24, 15, 1, 16]]"
12a_0166_25,"[[24, 15, 1, 16], [2, 13, 3, 14], [4, 8, 5, 7], [6, 12, 7, 11], [8, 20, 9, 19], [10, 6, 11, 5], [12, 1, 13, 2], [14, 3, 15, 4], [16, 22, 17, 21], [18, 10, 19, 9], [20, 24, 21, 23], [22, 18, 23, 17]]"
12a_0166_26,"[[22, 18, 23, 17], [24, 15, 1, 16], [2, 13, 3, 14], [4, 8, 5, 7], [6, 12, 7, 11], [8, 20, 9, 19], [10, 6, 11, 5], [12, 1, 13, 2], [14, 3, 15, 4], [16, 22, 17, 21], [18, 10, 19, 9], [20, 24, 21, 23]]"
12a_0166_27,"[[20, 24, 21, 23], [22, 18, 23, 17], [24, 15, 1, 16], [2, 13, 3, 14], [4, 8, 5, 7], [6, 12, 7, 11], [8, 20, 9, 19], [10, 6, 11, 5], [12, 1, 13, 2], [14, 3, 15, 4], [16, 22, 17, 21], [18, 10, 19, 9]]"
12a_0166_28,"[[18, 10, 19, 9], [20, 24, 21, 23], [22, 18, 23, 17], [24, 15, 1, 16], [2, 13, 3, 14], [4, 8, 5, 7], [6, 12, 7, 11], [8, 20, 9, 19], [10, 6, 11, 5], [12, 1, 13, 2], [14, 3, 15, 4], [16, 22, 17, 21]]"
12a_0166_29,"[[16, 22, 17, 21], [18, 10, 19, 9], [20, 24, 21, 23], [22, 18, 23, 17], [24, 15, 1, 16], [2, 13, 3, 14], [4, 8, 5, 7], [6, 12, 7, 11], [8, 20, 9, 19], [10, 6, 11, 5], [12, 1, 13, 2], [14, 3, 15, 4]]"
12a_0166_30,"[[14, 3, 15, 4], [16, 22, 17, 21], [18, 10, 19, 9], [20, 24, 21, 23], [22, 18, 23, 17], [24, 15, 1, 16], [2, 13, 3, 14], [4, 8, 5, 7], [6, 12, 7, 11], [8, 20, 9, 19], [10, 6, 11, 5], [12, 1, 13, 2]]"
12a_0166_31,"[[12, 1, 13, 2], [14, 3, 15, 4], [16, 22, 17, 21], [18, 10, 19, 9], [20, 24, 21, 23], [22, 18, 23, 17], [24, 15, 1, 16], [2, 13, 3, 14], [4, 8, 5, 7], [6, 12, 7, 11], [8, 20, 9, 19], [10, 6, 11, 5]]"
12a_0166_32,"[[10, 6, 11, 5], [12, 1, 13, 2], [14, 3, 15, 4], [16, 22, 17, 21], [18, 10, 19, 9], [20, 24, 21, 23], [22, 18, 23, 17], [24, 15, 1, 16], [2, 13, 3, 14], [4, 8, 5, 7], [6, 12, 7, 11], [8, 20, 9, 19]]"
12a_0166_33,"[[8, 20, 9, 19], [10, 6, 11, 5], [12, 1, 13, 2], [14, 3, 15, 4], [16, 22, 17, 21], [18, 10, 19, 9], [20, 24, 21, 23], [22, 18, 23, 17], [24, 15, 1, 16], [2, 13, 3, 14], [4, 8, 5, 7], [6, 12, 7, 11]]"
12a_0166_34,"[[6, 12, 7, 11], [8, 20, 9, 19], [10, 6, 11, 5], [12, 1, 13, 2], [14, 3, 15, 4], [16, 22, 17, 21], [18, 10, 19, 9], [20, 24, 21, 23], [22, 18, 23, 17], [24, 15, 1, 16], [2, 13, 3, 14], [4, 8, 5, 7]]"
12a_0166_35,"[[4, 8, 5, 7], [6, 12, 7, 11], [8, 20, 9, 19], [10, 6, 11, 5], [12, 1, 13, 2], [14, 3, 15, 4], [16, 22, 17, 21], [18, 10, 19, 9], [20, 24, 21, 23], [22, 18, 23, 17], [24, 15, 1, 16], [2, 13, 3, 14]]"
12a_0166_36,"[[3, 14, 4, 15], [5, 9, 6, 8], [7, 13, 8, 12], [9, 21, 10, 20], [11, 7, 12, 6], [13, 2, 14, 3], [15, 4, 16, 5], [17, 23, 18, 22], [19, 11, 20, 10], [21, 1, 22, 24], [23, 19, 24, 18], [1, 16, 2, 17]]"
12a_0166_37,"[[1, 16, 2, 17], [3, 14, 4, 15], [5, 9, 6, 8], [7, 13, 8, 12], [9, 21, 10, 20], [11, 7, 12, 6], [13, 2, 14, 3], [15, 4, 16, 5], [17, 23, 18, 22], [19, 11, 20, 10], [21, 1, 22, 24], [23, 19, 24, 18]]"
12a_0166_38,"[[23, 19, 24, 18], [1, 16, 2, 17], [3, 14, 4, 15], [5, 9, 6, 8], [7, 13, 8, 12], [9, 21, 10, 20], [11, 7, 12, 6], [13, 2, 14, 3], [15, 4, 16, 5], [17, 23, 18, 22], [19, 11, 20, 10], [21, 1, 22, 24]]"
12a_0166_39,"[[21, 1, 22, 24], [23, 19, 24, 18], [1, 16, 2, 17], [3, 14, 4, 15], [5, 9, 6, 8], [7, 13, 8, 12], [9, 21, 10, 20], [11, 7, 12, 6], [13, 2, 14, 3], [15, 4, 16, 5], [17, 23, 18, 22], [19, 11, 20, 10]]"
12a_0166_40,"[[19, 11, 20, 10], [21, 1, 22, 24], [23, 19, 24, 18], [1, 16, 2, 17], [3, 14, 4, 15], [5, 9, 6, 8], [7, 13, 8, 12], [9, 21, 10, 20], [11, 7, 12, 6], [13, 2, 14, 3], [15, 4, 16, 5], [17, 23, 18, 22]]"
12a_0166_41,"[[17, 23, 18, 22], [19, 11, 20, 10], [21, 1, 22, 24], [23, 19, 24, 18], [1, 16, 2, 17], [3, 14, 4, 15], [5, 9, 6, 8], [7, 13, 8, 12], [9, 21, 10, 20], [11, 7, 12, 6], [13, 2, 14, 3], [15, 4, 16, 5]]"
12a_0166_42,"[[15, 4, 16, 5], [17, 23, 18, 22], [19, 11, 20, 10], [21, 1, 22, 24], [23, 19, 24, 18], [1, 16, 2, 17], [3, 14, 4, 15], [5, 9, 6, 8], [7, 13, 8, 12], [9, 21, 10, 20], [11, 7, 12, 6], [13, 2, 14, 3]]"
12a_0166_43,"[[13, 2, 14, 3], [15, 4, 16, 5], [17, 23, 18, 22], [19, 11, 20, 10], [21, 1, 22, 24], [23, 19, 24, 18], [1, 16, 2, 17], [3, 14, 4, 15], [5, 9, 6, 8], [7, 13, 8, 12], [9, 21, 10, 20], [11, 7, 12, 6]]"
12a_0166_44,"[[11, 7, 12, 6], [13, 2, 14, 3], [15, 4, 16, 5], [17, 23, 18, 22], [19, 11, 20, 10], [21, 1, 22, 24], [23, 19, 24, 18], [1, 16, 2, 17], [3, 14, 4, 15], [5, 9, 6, 8], [7, 13, 8, 12], [9, 21, 10, 20]]"
12a_0166_45,"[[9, 21, 10, 20], [11, 7, 12, 6], [13, 2, 14, 3], [15, 4, 16, 5], [17, 23, 18, 22], [19, 11, 20, 10], [21, 1, 22, 24], [23, 19, 24, 18], [1, 16, 2, 17], [3, 14, 4, 15], [5, 9, 6, 8], [7, 13, 8, 12]]"
12a_0166_46,"[[7, 13, 8, 12], [9, 21, 10, 20], [11, 7, 12, 6], [13, 2, 14, 3], [15, 4, 16, 5], [17, 23, 18, 22], [19, 11, 20, 10], [21, 1, 22, 24], [23, 19, 24, 18], [1, 16, 2, 17], [3, 14, 4, 15], [5, 9, 6, 8]]"
12a_0166_47,"[[5, 9, 6, 8], [7, 13, 8, 12], [9, 21, 10, 20], [11, 7, 12, 6], [13, 2, 14, 3], [15, 4, 16, 5], [17, 23, 18, 22], [19, 11, 20, 10], [21, 1, 22, 24], [23, 19, 24, 18], [1, 16, 2, 17], [3, 14, 4, 15]]"
12a_0166_48,"[[4, 15, 5, 16], [6, 10, 7, 9], [8, 14, 9, 13], [10, 22, 11, 21], [12, 8, 13, 7], [14, 3, 15, 4], [16, 5, 17, 6], [18, 24, 19, 23], [20, 12, 21, 11], [22, 2, 23, 1], [24, 20, 1, 19], [2, 17, 3, 18]]"
12a_0166_49,"[[2, 17, 3, 18], [4, 15, 5, 16], [6, 10, 7, 9], [8, 14, 9, 13], [10, 22, 11, 21], [12, 8, 13, 7], [14, 3, 15, 4], [16, 5, 17, 6], [18, 24, 19, 23], [20, 12, 21, 11], [22, 2, 23, 1], [24, 20, 1, 19]]"
12a_0166_50,"[[24, 20, 1, 19], [2, 17, 3, 18], [4, 15, 5, 16], [6, 10, 7, 9], [8, 14, 9, 13], [10, 22, 11, 21], [12, 8, 13, 7], [14, 3, 15, 4], [16, 5, 17, 6], [18, 24, 19, 23], [20, 12, 21, 11], [22, 2, 23, 1]]"
12a_0166_51,"[[22, 2, 23, 1], [24, 20, 1, 19], [2, 17, 3, 18], [4, 15, 5, 16], [6, 10, 7, 9], [8, 14, 9, 13], [10, 22, 11, 21], [12, 8, 13, 7], [14, 3, 15, 4], [16, 5, 17, 6], [18, 24, 19, 23], [20, 12, 21, 11]]"
12a_0166_52,"[[20, 12, 21, 11], [22, 2, 23, 1], [24, 20, 1, 19], [2, 17, 3, 18], [4, 15, 5, 16], [6, 10, 7, 9], [8, 14, 9, 13], [10, 22, 11, 21], [12, 8, 13, 7], [14, 3, 15, 4], [16, 5, 17, 6], [18, 24, 19, 23]]"
12a_0166_53,"[[18, 24, 19, 23], [20, 12, 21, 11], [22, 2, 23, 1], [24, 20, 1, 19], [2, 17, 3, 18], [4, 15, 5, 16], [6, 10, 7, 9], [8, 14, 9, 13], [10, 22, 11, 21], [12, 8, 13, 7], [14, 3, 15, 4], [16, 5, 17, 6]]"
12a_0166_54,"[[16, 5, 17, 6], [18, 24, 19, 23], [20, 12, 21, 11], [22, 2, 23, 1], [24, 20, 1, 19], [2, 17, 3, 18], [4, 15, 5, 16], [6, 10, 7, 9], [8, 14, 9, 13], [10, 22, 11, 21], [12, 8, 13, 7], [14, 3, 15, 4]]"
12a_0166_55,"[[14, 3, 15, 4], [16, 5, 17, 6], [18, 24, 19, 23], [20, 12, 21, 11], [22, 2, 23, 1], [24, 20, 1, 19], [2, 17, 3, 18], [4, 15, 5, 16], [6, 10, 7, 9], [8, 14, 9, 13], [10, 22, 11, 21], [12, 8, 13, 7]]"
12a_0166_56,"[[12, 8, 13, 7], [14, 3, 15, 4], [16, 5, 17, 6], [18, 24, 19, 23], [20, 12, 21, 11], [22, 2, 23, 1], [24, 20, 1, 19], [2, 17, 3, 18], [4, 15, 5, 16], [6, 10, 7, 9], [8, 14, 9, 13], [10, 22, 11, 21]]"
12a_0166_57,"[[10, 22, 11, 21], [12, 8, 13, 7], [14, 3, 15, 4], [16, 5, 17, 6], [18, 24, 19, 23], [20, 12, 21, 11], [22, 2, 23, 1], [24, 20, 1, 19], [2, 17, 3, 18], [4, 15, 5, 16], [6, 10, 7, 9], [8, 14, 9, 13]]"
12a_0166_58,"[[8, 14, 9, 13], [10, 22, 11, 21], [12, 8, 13, 7], [14, 3, 15, 4], [16, 5, 17, 6], [18, 24, 19, 23], [20, 12, 21, 11], [22, 2, 23, 1], [24, 20, 1, 19], [2, 17, 3, 18], [4, 15, 5, 16], [6, 10, 7, 9]]"
12a_0166_59,"[[6, 10, 7, 9], [8, 14, 9, 13], [10, 22, 11, 21], [12, 8, 13, 7], [14, 3, 15, 4], [16, 5, 17, 6], [18, 24, 19, 23], [20, 12, 21, 11], [22, 2, 23, 1], [24, 20, 1, 19], [2, 17, 3, 18], [4, 15, 5, 16]]"
12a_0166_60,"[[5, 16, 6, 17], [7, 11, 8, 10], [9, 15, 10, 14], [11, 23, 12, 22], [13, 9, 14, 8], [15, 4, 16, 5], [17, 6, 18, 7], [19, 1, 20, 24], [21, 13, 22, 12], [23, 3, 24, 2], [1, 21, 2, 20], [3, 18, 4, 19]]"
12a_0166_61,"[[3, 18, 4, 19], [5, 16, 6, 17], [7, 11, 8, 10], [9, 15, 10, 14], [11, 23, 12, 22], [13, 9, 14, 8], [15, 4, 16, 5], [17, 6, 18, 7], [19, 1, 20, 24], [21, 13, 22, 12], [23, 3, 24, 2], [1, 21, 2, 20]]"
12a_0166_62,"[[1, 21, 2, 20], [3, 18, 4, 19], [5, 16, 6, 17], [7, 11, 8, 10], [9, 15, 10, 14], [11, 23, 12, 22], [13, 9, 14, 8], [15, 4, 16, 5], [17, 6, 18, 7], [19, 1, 20, 24], [21, 13, 22, 12], [23, 3, 24, 2]]"
12a_0166_63,"[[23, 3, 24, 2], [1, 21, 2, 20], [3, 18, 4, 19], [5, 16, 6, 17], [7, 11, 8, 10], [9, 15, 10, 14], [11, 23, 12, 22], [13, 9, 14, 8], [15, 4, 16, 5], [17, 6, 18, 7], [19, 1, 20, 24], [21, 13, 22, 12]]"
12a_0166_64,"[[21, 13, 22, 12], [23, 3, 24, 2], [1, 21, 2, 20], [3, 18, 4, 19], [5, 16, 6, 17], [7, 11, 8, 10], [9, 15, 10, 14], [11, 23, 12, 22], [13, 9, 14, 8], [15, 4, 16, 5], [17, 6, 18, 7], [19, 1, 20, 24]]"
12a_0166_65,"[[19, 1, 20, 24], [21, 13, 22, 12], [23, 3, 24, 2], [1, 21, 2, 20], [3, 18, 4, 19], [5, 16, 6, 17], [7, 11, 8, 10], [9, 15, 10, 14], [11, 23, 12, 22], [13, 9, 14, 8], [15, 4, 16, 5], [17, 6, 18, 7]]"
12a_0166_66,"[[17, 6, 18, 7], [19, 1, 20, 24], [21, 13, 22, 12], [23, 3, 24, 2], [1, 21, 2, 20], [3, 18, 4, 19], [5, 16, 6, 17], [7, 11, 8, 10], [9, 15, 10, 14], [11, 23, 12, 22], [13, 9, 14, 8], [15, 4, 16, 5]]"
12a_0166_67,"[[15, 4, 16, 5], [17, 6, 18, 7], [19, 1, 20, 24], [21, 13, 22, 12], [23, 3, 24, 2], [1, 21, 2, 20], [3, 18, 4, 19], [5, 16, 6, 17], [7, 11, 8, 10], [9, 15, 10, 14], [11, 23, 12, 22], [13, 9, 14, 8]]"
12a_0166_68,"[[13, 9, 14, 8], [15, 4, 16, 5], [17, 6, 18, 7], [19, 1, 20, 24], [21, 13, 22, 12], [23, 3, 24, 2], [1, 21, 2, 20], [3, 18, 4, 19], [5, 16, 6, 17], [7, 11, 8, 10], [9, 15, 10, 14], [11, 23, 12, 22]]"
12a_0166_69,"[[11, 23, 12, 22], [13, 9, 14, 8], [15, 4, 16, 5], [17, 6, 18, 7], [19, 1, 20, 24], [21, 13, 22, 12], [23, 3, 24, 2], [1, 21, 2, 20], [3, 18, 4, 19], [5, 16, 6, 17], [7, 11, 8, 10], [9, 15, 10, 14]]"
12a_0166_70,"[[9, 15, 10, 14], [11, 23, 12, 22], [13, 9, 14, 8], [15, 4, 16, 5], [17, 6, 18, 7], [19, 1, 20, 24], [21, 13, 22, 12], [23, 3, 24, 2], [1, 21, 2, 20], [3, 18, 4, 19], [5, 16, 6, 17], [7, 11, 8, 10]]"
12a_0166_71,"[[7, 11, 8, 10], [9, 15, 10, 14], [11, 23, 12, 22], [13, 9, 14, 8], [15, 4, 16, 5], [17, 6, 18, 7], [19, 1, 20, 24], [21, 13, 22, 12], [23, 3, 24, 2], [1, 21, 2, 20], [3, 18, 4, 19], [5, 16, 6, 17]]"
12a_0166_72,"[[6, 17, 7, 18], [8, 12, 9, 11], [10, 16, 11, 15], [12, 24, 13, 23], [14, 10, 15, 9], [16, 5, 17, 6], [18, 7, 19, 8], [20, 2, 21, 1], [22, 14, 23, 13], [24, 4, 1, 3], [2, 22, 3, 21], [4, 19, 5, 20]]"
12a_0166_73,"[[4, 19, 5, 20], [6, 17, 7, 18], [8, 12, 9, 11], [10, 16, 11, 15], [12, 24, 13, 23], [14, 10, 15, 9], [16, 5, 17, 6], [18, 7, 19, 8], [20, 2, 21, 1], [22, 14, 23, 13], [24, 4, 1, 3], [2, 22, 3, 21]]"
12a_0166_74,"[[2, 22, 3, 21], [4, 19, 5, 20], [6, 17, 7, 18], [8, 12, 9, 11], [10, 16, 11, 15], [12, 24, 13, 23], [14, 10, 15, 9], [16, 5, 17, 6], [18, 7, 19, 8], [20, 2, 21, 1], [22, 14, 23, 13], [24, 4, 1, 3]]"
12a_0166_75,"[[24, 4, 1, 3], [2, 22, 3, 21], [4, 19, 5, 20], [6, 17, 7, 18], [8, 12, 9, 11], [10, 16, 11, 15], [12, 24, 13, 23], [14, 10, 15, 9], [16, 5, 17, 6], [18, 7, 19, 8], [20, 2, 21, 1], [22, 14, 23, 13]]"
12a_0166_76,"[[22, 14, 23, 13], [24, 4, 1, 3], [2, 22, 3, 21], [4, 19, 5, 20], [6, 17, 7, 18], [8, 12, 9, 11], [10, 16, 11, 15], [12, 24, 13, 23], [14, 10, 15, 9], [16, 5, 17, 6], [18, 7, 19, 8], [20, 2, 21, 1]]"
12a_0166_77,"[[20, 2, 21, 1], [22, 14, 23, 13], [24, 4, 1, 3], [2, 22, 3, 21], [4, 19, 5, 20], [6, 17, 7, 18], [8, 12, 9, 11], [10, 16, 11, 15], [12, 24, 13, 23], [14, 10, 15, 9], [16, 5, 17, 6], [18, 7, 19, 8]]"
12a_0166_78,"[[18, 7, 19, 8], [20, 2, 21, 1], [22, 14, 23, 13], [24, 4, 1, 3], [2, 22, 3, 21], [4, 19, 5, 20], [6, 17, 7, 18], [8, 12, 9, 11], [10, 16, 11, 15], [12, 24, 13, 23], [14, 10, 15, 9], [16, 5, 17, 6]]"
12a_0166_79,"[[16, 5, 17, 6], [18, 7, 19, 8], [20, 2, 21, 1], [22, 14, 23, 13], [24, 4, 1, 3], [2, 22, 3, 21], [4, 19, 5, 20], [6, 17, 7, 18], [8, 12, 9, 11], [10, 16, 11, 15], [12, 24, 13, 23], [14, 10, 15, 9]]"
12a_0166_80,"[[14, 10, 15, 9], [16, 5, 17, 6], [18, 7, 19, 8], [20, 2, 21, 1], [22, 14, 23, 13], [24, 4, 1, 3], [2, 22, 3, 21], [4, 19, 5, 20], [6, 17, 7, 18], [8, 12, 9, 11], [10, 16, 11, 15], [12, 24, 13, 23]]"
12a_0166_81,"[[12, 24, 13, 23], [14, 10, 15, 9], [16, 5, 17, 6], [18, 7, 19, 8], [20, 2, 21, 1], [22, 14, 23, 13], [24, 4, 1, 3], [2, 22, 3, 21], [4, 19, 5, 20], [6, 17, 7, 18], [8, 12, 9, 11], [10, 16, 11, 15]]"
12a_0166_82,"[[10, 16, 11, 15], [12, 24, 13, 23], [14, 10, 15, 9], [16, 5, 17, 6], [18, 7, 19, 8], [20, 2, 21, 1], [22, 14, 23, 13], [24, 4, 1, 3], [2, 22, 3, 21], [4, 19, 5, 20], [6, 17, 7, 18], [8, 12, 9, 11]]"
12a_0166_83,"[[8, 12, 9, 11], [10, 16, 11, 15], [12, 24, 13, 23], [14, 10, 15, 9], [16, 5, 17, 6], [18, 7, 19, 8], [20, 2, 21, 1], [22, 14, 23, 13], [24, 4, 1, 3], [2, 22, 3, 21], [4, 19, 5, 20], [6, 17, 7, 18]]"
12a_0166_84,"[[7, 18, 8, 19], [9, 13, 10, 12], [11, 17, 12, 16], [13, 1, 14, 24], [15, 11, 16, 10], [17, 6, 18, 7], [19, 8, 20, 9], [21, 3, 22, 2], [23, 15, 24, 14], [1, 5, 2, 4], [3, 23, 4, 22], [5, 20, 6, 21]]"
12a_0166_85,"[[5, 20, 6, 21], [7, 18, 8, 19], [9, 13, 10, 12], [11, 17, 12, 16], [13, 1, 14, 24], [15, 11, 16, 10], [17, 6, 18, 7], [19, 8, 20, 9], [21, 3, 22, 2], [23, 15, 24, 14], [1, 5, 2, 4], [3, 23, 4, 22]]"
12a_0166_86,"[[3, 23, 4, 22], [5, 20, 6, 21], [7, 18, 8, 19], [9, 13, 10, 12], [11, 17, 12, 16], [13, 1, 14, 24], [15, 11, 16, 10], [17, 6, 18, 7], [19, 8, 20, 9], [21, 3, 22, 2], [23, 15, 24, 14], [1, 5, 2, 4]]"
12a_0166_87,"[[1, 5, 2, 4], [3, 23, 4, 22], [5, 20, 6, 21], [7, 18, 8, 19], [9, 13, 10, 12], [11, 17, 12, 16], [13, 1, 14, 24], [15, 11, 16, 10], [17, 6, 18, 7], [19, 8, 20, 9], [21, 3, 22, 2], [23, 15, 24, 14]]"
12a_0166_88,"[[23, 15, 24, 14], [1, 5, 2, 4], [3, 23, 4, 22], [5, 20, 6, 21], [7, 18, 8, 19], [9, 13, 10, 12], [11, 17, 12, 16], [13, 1, 14, 24], [15, 11, 16, 10], [17, 6, 18, 7], [19, 8, 20, 9], [21, 3, 22, 2]]"
12a_0166_89,"[[21, 3, 22, 2], [23, 15, 24, 14], [1, 5, 2, 4], [3, 23, 4, 22], [5, 20, 6, 21], [7, 18, 8, 19], [9, 13, 10, 12], [11, 17, 12, 16], [13, 1, 14, 24], [15, 11, 16, 10], [17, 6, 18, 7], [19, 8, 20, 9]]"
12a_0166_90,"[[19, 8, 20, 9], [21, 3, 22, 2], [23, 15, 24, 14], [1, 5, 2, 4], [3, 23, 4, 22], [5, 20, 6, 21], [7, 18, 8, 19], [9, 13, 10, 12], [11, 17, 12, 16], [13, 1, 14, 24], [15, 11, 16, 10], [17, 6, 18, 7]]"
12a_0166_91,"[[17, 6, 18, 7], [19, 8, 20, 9], [21, 3, 22, 2], [23, 15, 24, 14], [1, 5, 2, 4], [3, 23, 4, 22], [5, 20, 6, 21], [7, 18, 8, 19], [9, 13, 10, 12], [11, 17, 12, 16], [13, 1, 14, 24], [15, 11, 16, 10]]"
12a_0166_92,"[[15, 11, 16, 10], [17, 6, 18, 7], [19, 8, 20, 9], [21, 3, 22, 2], [23, 15, 24, 14], [1, 5, 2, 4], [3, 23, 4, 22], [5, 20, 6, 21], [7, 18, 8, 19], [9, 13, 10, 12], [11, 17, 12, 16], [13, 1, 14, 24]]"
12a_0166_93,"[[13, 1, 14, 24], [15, 11, 16, 10], [17, 6, 18, 7], [19, 8, 20, 9], [21, 3, 22, 2], [23, 15, 24, 14], [1, 5, 2, 4], [3, 23, 4, 22], [5, 20, 6, 21], [7, 18, 8, 19], [9, 13, 10, 12], [11, 17, 12, 16]]"
12a_0166_94,"[[11, 17, 12, 16], [13, 1, 14, 24], [15, 11, 16, 10], [17, 6, 18, 7], [19, 8, 20, 9], [21, 3, 22, 2], [23, 15, 24, 14], [1, 5, 2, 4], [3, 23, 4, 22], [5, 20, 6, 21], [7, 18, 8, 19], [9, 13, 10, 12]]"
12a_0166_95,"[[9, 13, 10, 12], [11, 17, 12, 16], [13, 1, 14, 24], [15, 11, 16, 10], [17, 6, 18, 7], [19, 8, 20, 9], [21, 3, 22, 2], [23, 15, 24, 14], [1, 5, 2, 4], [3, 23, 4, 22], [5, 20, 6, 21], [7, 18, 8, 19]]"
12a_0166_96,"[[8, 19, 9, 20], [10, 14, 11, 13], [12, 18, 13, 17], [14, 2, 15, 1], [16, 12, 17, 11], [18, 7, 19, 8], [20, 9, 21, 10], [22, 4, 23, 3], [24, 16, 1, 15], [2, 6, 3, 5], [4, 24, 5, 23], [6, 21, 7, 22]]"
12a_0166_97,"[[6, 21, 7, 22], [8, 19, 9, 20], [10, 14, 11, 13], [12, 18, 13, 17], [14, 2, 15, 1], [16, 12, 17, 11], [18, 7, 19, 8], [20, 9, 21, 10], [22, 4, 23, 3], [24, 16, 1, 15], [2, 6, 3, 5], [4, 24, 5, 23]]"
12a_0166_98,"[[4, 24, 5, 23], [6, 21, 7, 22], [8, 19, 9, 20], [10, 14, 11, 13], [12, 18, 13, 17], [14, 2, 15, 1], [16, 12, 17, 11], [18, 7, 19, 8], [20, 9, 21, 10], [22, 4, 23, 3], [24, 16, 1, 15], [2, 6, 3, 5]]"
12a_0166_99,"[[2, 6, 3, 5], [4, 24, 5, 23], [6, 21, 7, 22], [8, 19, 9, 20], [10, 14, 11, 13], [12, 18, 13, 17], [14, 2, 15, 1], [16, 12, 17, 11], [18, 7, 19, 8], [20, 9, 21, 10], [22, 4, 23, 3], [24, 16, 1, 15]]"
12a_0166_100,"[[24, 16, 1, 15], [2, 6, 3, 5], [4, 24, 5, 23], [6, 21, 7, 22], [8, 19, 9, 20], [10, 14, 11, 13], [12, 18, 13, 17], [14, 2, 15, 1], [16, 12, 17, 11], [18, 7, 19, 8], [20, 9, 21, 10], [22, 4, 23, 3]]"
12a_0166_101,"[[22, 4, 23, 3], [24, 16, 1, 15], [2, 6, 3, 5], [4, 24, 5, 23], [6, 21, 7, 22], [8, 19, 9, 20], [10, 14, 11, 13], [12, 18, 13, 17], [14, 2, 15, 1], [16, 12, 17, 11], [18, 7, 19, 8], [20, 9, 21, 10]]"
12a_0166_102,"[[20, 9, 21, 10], [22, 4, 23, 3], [24, 16, 1, 15], [2, 6, 3, 5], [4, 24, 5, 23], [6, 21, 7, 22], [8, 19, 9, 20], [10, 14, 11, 13], [12, 18, 13, 17], [14, 2, 15, 1], [16, 12, 17, 11], [18, 7, 19, 8]]"
12a_0166_103,"[[18, 7, 19, 8], [20, 9, 21, 10], [22, 4, 23, 3], [24, 16, 1, 15], [2, 6, 3, 5], [4, 24, 5, 23], [6, 21, 7, 22], [8, 19, 9, 20], [10, 14, 11, 13], [12, 18, 13, 17], [14, 2, 15, 1], [16, 12, 17, 11]]"
12a_0166_104,"[[16, 12, 17, 11], [18, 7, 19, 8], [20, 9, 21, 10], [22, 4, 23, 3], [24, 16, 1, 15], [2, 6, 3, 5], [4, 24, 5, 23], [6, 21, 7, 22], [8, 19, 9, 20], [10, 14, 11, 13], [12, 18, 13, 17], [14, 2, 15, 1]]"
12a_0166_105,"[[14, 2, 15, 1], [16, 12, 17, 11], [18, 7, 19, 8], [20, 9, 21, 10], [22, 4, 23, 3], [24, 16, 1, 15], [2, 6, 3, 5], [4, 24, 5, 23], [6, 21, 7, 22], [8, 19, 9, 20], [10, 14, 11, 13], [12, 18, 13, 17]]"
12a_0166_106,"[[12, 18, 13, 17], [14, 2, 15, 1], [16, 12, 17, 11], [18, 7, 19, 8], [20, 9, 21, 10], [22, 4, 23, 3], [24, 16, 1, 15], [2, 6, 3, 5], [4, 24, 5, 23], [6, 21, 7, 22], [8, 19, 9, 20], [10, 14, 11, 13]]"
12a_0166_107,"[[10, 14, 11, 13], [12, 18, 13, 17], [14, 2, 15, 1], [16, 12, 17, 11], [18, 7, 19, 8], [20, 9, 21, 10], [22, 4, 23, 3], [24, 16, 1, 15], [2, 6, 3, 5], [4, 24, 5, 23], [6, 21, 7, 22], [8, 19, 9, 20]]"
12a_0166_108,"[[9, 20, 10, 21], [11, 15, 12, 14], [13, 19, 14, 18], [15, 3, 16, 2], [17, 13, 18, 12], [19, 8, 20, 9], [21, 10, 22, 11], [23, 5, 24, 4], [1, 17, 2, 16], [3, 7, 4, 6], [5, 1, 6, 24], [7, 22, 8, 23]]"
12a_0166_109,"[[7, 22, 8, 23], [9, 20, 10, 21], [11, 15, 12, 14], [13, 19, 14, 18], [15, 3, 16, 2], [17, 13, 18, 12], [19, 8, 20, 9], [21, 10, 22, 11], [23, 5, 24, 4], [1, 17, 2, 16], [3, 7, 4, 6], [5, 1, 6, 24]]"
12a_0166_110,"[[5, 1, 6, 24], [7, 22, 8, 23], [9, 20, 10, 21], [11, 15, 12, 14], [13, 19, 14, 18], [15, 3, 16, 2], [17, 13, 18, 12], [19, 8, 20, 9], [21, 10, 22, 11], [23, 5, 24, 4], [1, 17, 2, 16], [3, 7, 4, 6]]"
12a_0166_111,"[[3, 7, 4, 6], [5, 1, 6, 24], [7, 22, 8, 23], [9, 20, 10, 21], [11, 15, 12, 14], [13, 19, 14, 18], [15, 3, 16, 2], [17, 13, 18, 12], [19, 8, 20, 9], [21, 10, 22, 11], [23, 5, 24, 4], [1, 17, 2, 16]]"
12a_0166_112,"[[1, 17, 2, 16], [3, 7, 4, 6], [5, 1, 6, 24], [7, 22, 8, 23], [9, 20, 10, 21], [11, 15, 12, 14], [13, 19, 14, 18], [15, 3, 16, 2], [17, 13, 18, 12], [19, 8, 20, 9], [21, 10, 22, 11], [23, 5, 24, 4]]"
12a_0166_113,"[[23, 5, 24, 4], [1, 17, 2, 16], [3, 7, 4, 6], [5, 1, 6, 24], [7, 22, 8, 23], [9, 20, 10, 21], [11, 15, 12, 14], [13, 19, 14, 18], [15, 3, 16, 2], [17, 13, 18, 12], [19, 8, 20, 9], [21, 10, 22, 11]]"
12a_0166_114,"[[21, 10, 22, 11], [23, 5, 24, 4], [1, 17, 2, 16], [3, 7, 4, 6], [5, 1, 6, 24], [7, 22, 8, 23], [9, 20, 10, 21], [11, 15, 12, 14], [13, 19, 14, 18], [15, 3, 16, 2], [17, 13, 18, 12], [19, 8, 20, 9]]"
12a_0166_115,"[[19, 8, 20, 9], [21, 10, 22, 11], [23, 5, 24, 4], [1, 17, 2, 16], [3, 7, 4, 6], [5, 1, 6, 24], [7, 22, 8, 23], [9, 20, 10, 21], [11, 15, 12, 14], [13, 19, 14, 18], [15, 3, 16, 2], [17, 13, 18, 12]]"
12a_0166_116,"[[17, 13, 18, 12], [19, 8, 20, 9], [21, 10, 22, 11], [23, 5, 24, 4], [1, 17, 2, 16], [3, 7, 4, 6], [5, 1, 6, 24], [7, 22, 8, 23], [9, 20, 10, 21], [11, 15, 12, 14], [13, 19, 14, 18], [15, 3, 16, 2]]"
12a_0166_117,"[[15, 3, 16, 2], [17, 13, 18, 12], [19, 8, 20, 9], [21, 10, 22, 11], [23, 5, 24, 4], [1, 17, 2, 16], [3, 7, 4, 6], [5, 1, 6, 24], [7, 22, 8, 23], [9, 20, 10, 21], [11, 15, 12, 14], [13, 19, 14, 18]]"
12a_0166_118,"[[13, 19, 14, 18], [15, 3, 16, 2], [17, 13, 18, 12], [19, 8, 20, 9], [21, 10, 22, 11], [23, 5, 24, 4], [1, 17, 2, 16], [3, 7, 4, 6], [5, 1, 6, 24], [7, 22, 8, 23], [9, 20, 10, 21], [11, 15, 12, 14]]"
12a_0166_119,"[[11, 15, 12, 14], [13, 19, 14, 18], [15, 3, 16, 2], [17, 13, 18, 12], [19, 8, 20, 9], [21, 10, 22, 11], [23, 5, 24, 4], [1, 17, 2, 16], [3, 7, 4, 6], [5, 1, 6, 24], [7, 22, 8, 23], [9, 20, 10, 21]]"
12a_0166_120,"[[10, 21, 11, 22], [12, 16, 13, 15], [14, 20, 15, 19], [16, 4, 17, 3], [18, 14, 19, 13], [20, 9, 21, 10], [22, 11, 23, 12], [24, 6, 1, 5], [2, 18, 3, 17], [4, 8, 5, 7], [6, 2, 7, 1], [8, 23, 9, 24]]"
12a_0166_121,"[[8, 23, 9, 24], [10, 21, 11, 22], [12, 16, 13, 15], [14, 20, 15, 19], [16, 4, 17, 3], [18, 14, 19, 13], [20, 9, 21, 10], [22, 11, 23, 12], [24, 6, 1, 5], [2, 18, 3, 17], [4, 8, 5, 7], [6, 2, 7, 1]]"
12a_0166_122,"[[6, 2, 7, 1], [8, 23, 9, 24], [10, 21, 11, 22], [12, 16, 13, 15], [14, 20, 15, 19], [16, 4, 17, 3], [18, 14, 19, 13], [20, 9, 21, 10], [22, 11, 23, 12], [24, 6, 1, 5], [2, 18, 3, 17], [4, 8, 5, 7]]"
12a_0166_123,"[[4, 8, 5, 7], [6, 2, 7, 1], [8, 23, 9, 24], [10, 21, 11, 22], [12, 16, 13, 15], [14, 20, 15, 19], [16, 4, 17, 3], [18, 14, 19, 13], [20, 9, 21, 10], [22, 11, 23, 12], [24, 6, 1, 5], [2, 18, 3, 17]]"
12a_0166_124,"[[2, 18, 3, 17], [4, 8, 5, 7], [6, 2, 7, 1], [8, 23, 9, 24], [10, 21, 11, 22], [12, 16, 13, 15], [14, 20, 15, 19], [16, 4, 17, 3], [18, 14, 19, 13], [20, 9, 21, 10], [22, 11, 23, 12], [24, 6, 1, 5]]"
12a_0166_125,"[[24, 6, 1, 5], [2, 18, 3, 17], [4, 8, 5, 7], [6, 2, 7, 1], [8, 23, 9, 24], [10, 21, 11, 22], [12, 16, 13, 15], [14, 20, 15, 19], [16, 4, 17, 3], [18, 14, 19, 13], [20, 9, 21, 10], [22, 11, 23, 12]]"
12a_0166_126,"[[22, 11, 23, 12], [24, 6, 1, 5], [2, 18, 3, 17], [4, 8, 5, 7], [6, 2, 7, 1], [8, 23, 9, 24], [10, 21, 11, 22], [12, 16, 13, 15], [14, 20, 15, 19], [16, 4, 17, 3], [18, 14, 19, 13], [20, 9, 21, 10]]"
12a_0166_127,"[[20, 9, 21, 10], [22, 11, 23, 12], [24, 6, 1, 5], [2, 18, 3, 17], [4, 8, 5, 7], [6, 2, 7, 1], [8, 23, 9, 24], [10, 21, 11, 22], [12, 16, 13, 15], [14, 20, 15, 19], [16, 4, 17, 3], [18, 14, 19, 13]]"
12a_0166_128,"[[18, 14, 19, 13], [20, 9, 21, 10], [22, 11, 23, 12], [24, 6, 1, 5], [2, 18, 3, 17], [4, 8, 5, 7], [6, 2, 7, 1], [8, 23, 9, 24], [10, 21, 11, 22], [12, 16, 13, 15], [14, 20, 15, 19], [16, 4, 17, 3]]"
12a_0166_129,"[[16, 4, 17, 3], [18, 14, 19, 13], [20, 9, 21, 10], [22, 11, 23, 12], [24, 6, 1, 5], [2, 18, 3, 17], [4, 8, 5, 7], [6, 2, 7, 1], [8, 23, 9, 24], [10, 21, 11, 22], [12, 16, 13, 15], [14, 20, 15, 19]]"
12a_0166_130,"[[14, 20, 15, 19], [16, 4, 17, 3], [18, 14, 19, 13], [20, 9, 21, 10], [22, 11, 23, 12], [24, 6, 1, 5], [2, 18, 3, 17], [4, 8, 5, 7], [6, 2, 7, 1], [8, 23, 9, 24], [10, 21, 11, 22], [12, 16, 13, 15]]"
12a_0166_131,"[[12, 16, 13, 15], [14, 20, 15, 19], [16, 4, 17, 3], [18, 14, 19, 13], [20, 9, 21, 10], [22, 11, 23, 12], [24, 6, 1, 5], [2, 18, 3, 17], [4, 8, 5, 7], [6, 2, 7, 1], [8, 23, 9, 24], [10, 21, 11, 22]]"
12a_0166_132,"[[11, 22, 12, 23], [13, 17, 14, 16], [15, 21, 16, 20], [17, 5, 18, 4], [19, 15, 20, 14], [21, 10, 22, 11], [23, 12, 24, 13], [1, 7, 2, 6], [3, 19, 4, 18], [5, 9, 6, 8], [7, 3, 8, 2], [9, 24, 10, 1]]"
12a_0166_133,"[[9, 24, 10, 1], [11, 22, 12, 23], [13, 17, 14, 16], [15, 21, 16, 20], [17, 5, 18, 4], [19, 15, 20, 14], [21, 10, 22, 11], [23, 12, 24, 13], [1, 7, 2, 6], [3, 19, 4, 18], [5, 9, 6, 8], [7, 3, 8, 2]]"
12a_0166_134,"[[7, 3, 8, 2], [9, 24, 10, 1], [11, 22, 12, 23], [13, 17, 14, 16], [15, 21, 16, 20], [17, 5, 18, 4], [19, 15, 20, 14], [21, 10, 22, 11], [23, 12, 24, 13], [1, 7, 2, 6], [3, 19, 4, 18], [5, 9, 6, 8]]"
12a_0166_135,"[[5, 9, 6, 8], [7, 3, 8, 2], [9, 24, 10, 1], [11, 22, 12, 23], [13, 17, 14, 16], [15, 21, 16, 20], [17, 5, 18, 4], [19, 15, 20, 14], [21, 10, 22, 11], [23, 12, 24, 13], [1, 7, 2, 6], [3, 19, 4, 18]]"
12a_0166_136,"[[3, 19, 4, 18], [5, 9, 6, 8], [7, 3, 8, 2], [9, 24, 10, 1], [11, 22, 12, 23], [13, 17, 14, 16], [15, 21, 16, 20], [17, 5, 18, 4], [19, 15, 20, 14], [21, 10, 22, 11], [23, 12, 24, 13], [1, 7, 2, 6]]"
12a_0166_137,"[[1, 7, 2, 6], [3, 19, 4, 18], [5, 9, 6, 8], [7, 3, 8, 2], [9, 24, 10, 1], [11, 22, 12, 23], [13, 17, 14, 16], [15, 21, 16, 20], [17, 5, 18, 4], [19, 15, 20, 14], [21, 10, 22, 11], [23, 12, 24, 13]]"
12a_0166_138,"[[23, 12, 24, 13], [1, 7, 2, 6], [3, 19, 4, 18], [5, 9, 6, 8], [7, 3, 8, 2], [9, 24, 10, 1], [11, 22, 12, 23], [13, 17, 14, 16], [15, 21, 16, 20], [17, 5, 18, 4], [19, 15, 20, 14], [21, 10, 22, 11]]"
12a_0166_139,"[[21, 10, 22, 11], [23, 12, 24, 13], [1, 7, 2, 6], [3, 19, 4, 18], [5, 9, 6, 8], [7, 3, 8, 2], [9, 24, 10, 1], [11, 22, 12, 23], [13, 17, 14, 16], [15, 21, 16, 20], [17, 5, 18, 4], [19, 15, 20, 14]]"
12a_0166_140,"[[19, 15, 20, 14], [21, 10, 22, 11], [23, 12, 24, 13], [1, 7, 2, 6], [3, 19, 4, 18], [5, 9, 6, 8], [7, 3, 8, 2], [9, 24, 10, 1], [11, 22, 12, 23], [13, 17, 14, 16], [15, 21, 16, 20], [17, 5, 18, 4]]"
12a_0166_141,"[[17, 5, 18, 4], [19, 15, 20, 14], [21, 10, 22, 11], [23, 12, 24, 13], [1, 7, 2, 6], [3, 19, 4, 18], [5, 9, 6, 8], [7, 3, 8, 2], [9, 24, 10, 1], [11, 22, 12, 23], [13, 17, 14, 16], [15, 21, 16, 20]]"
12a_0166_142,"[[15, 21, 16, 20], [17, 5, 18, 4], [19, 15, 20, 14], [21, 10, 22, 11], [23, 12, 24, 13], [1, 7, 2, 6], [3, 19, 4, 18], [5, 9, 6, 8], [7, 3, 8, 2], [9, 24, 10, 1], [11, 22, 12, 23], [13, 17, 14, 16]]"
12a_0166_143,"[[13, 17, 14, 16], [15, 21, 16, 20], [17, 5, 18, 4], [19, 15, 20, 14], [21, 10, 22, 11], [23, 12, 24, 13], [1, 7, 2, 6], [3, 19, 4, 18], [5, 9, 6, 8], [7, 3, 8, 2], [9, 24, 10, 1], [11, 22, 12, 23]]"
12a_0166_144,"[[12, 23, 13, 24], [14, 18, 15, 17], [16, 22, 17, 21], [18, 6, 19, 5], [20, 16, 21, 15], [22, 11, 23, 12], [24, 13, 1, 14], [2, 8, 3, 7], [4, 20, 5, 19], [6, 10, 7, 9], [8, 4, 9, 3], [10, 1, 11, 2]]"
12a_0166_145,"[[10, 1, 11, 2], [12, 23, 13, 24], [14, 18, 15, 17], [16, 22, 17, 21], [18, 6, 19, 5], [20, 16, 21, 15], [22, 11, 23, 12], [24, 13, 1, 14], [2, 8, 3, 7], [4, 20, 5, 19], [6, 10, 7, 9], [8, 4, 9, 3]]"
12a_0166_146,"[[8, 4, 9, 3], [10, 1, 11, 2], [12, 23, 13, 24], [14, 18, 15, 17], [16, 22, 17, 21], [18, 6, 19, 5], [20, 16, 21, 15], [22, 11, 23, 12], [24, 13, 1, 14], [2, 8, 3, 7], [4, 20, 5, 19], [6, 10, 7, 9]]"
12a_0166_147,"[[6, 10, 7, 9], [8, 4, 9, 3], [10, 1, 11, 2], [12, 23, 13, 24], [14, 18, 15, 17], [16, 22, 17, 21], [18, 6, 19, 5], [20, 16, 21, 15], [22, 11, 23, 12], [24, 13, 1, 14], [2, 8, 3, 7], [4, 20, 5, 19]]"
12a_0166_148,"[[4, 20, 5, 19], [6, 10, 7, 9], [8, 4, 9, 3], [10, 1, 11, 2], [12, 23, 13, 24], [14, 18, 15, 17], [16, 22, 17, 21], [18, 6, 19, 5], [20, 16, 21, 15], [22, 11, 23, 12], [24, 13, 1, 14], [2, 8, 3, 7]]"
12a_0166_149,"[[2, 8, 3, 7], [4, 20, 5, 19], [6, 10, 7, 9], [8, 4, 9, 3], [10, 1, 11, 2], [12, 23, 13, 24], [14, 18, 15, 17], [16, 22, 17, 21], [18, 6, 19, 5], [20, 16, 21, 15], [22, 11, 23, 12], [24, 13, 1, 14]]"
12a_0166_150,"[[24, 13, 1, 14], [2, 8, 3, 7], [4, 20, 5, 19], [6, 10, 7, 9], [8, 4, 9, 3], [10, 1, 11, 2], [12, 23, 13, 24], [14, 18, 15, 17], [16, 22, 17, 21], [18, 6, 19, 5], [20, 16, 21, 15], [22, 11, 23, 12]]"
12a_0166_151,"[[22, 11, 23, 12], [24, 13, 1, 14], [2, 8, 3, 7], [4, 20, 5, 19], [6, 10, 7, 9], [8, 4, 9, 3], [10, 1, 11, 2], [12, 23, 13, 24], [14, 18, 15, 17], [16, 22, 17, 21], [18, 6, 19, 5], [20, 16, 21, 15]]"
12a_0166_152,"[[20, 16, 21, 15], [22, 11, 23, 12], [24, 13, 1, 14], [2, 8, 3, 7], [4, 20, 5, 19], [6, 10, 7, 9], [8, 4, 9, 3], [10, 1, 11, 2], [12, 23, 13, 24], [14, 18, 15, 17], [16, 22, 17, 21], [18, 6, 19, 5]]"
12a_0166_153,"[[18, 6, 19, 5], [20, 16, 21, 15], [22, 11, 23, 12], [24, 13, 1, 14], [2, 8, 3, 7], [4, 20, 5, 19], [6, 10, 7, 9], [8, 4, 9, 3], [10, 1, 11, 2], [12, 23, 13, 24], [14, 18, 15, 17], [16, 22, 17, 21]]"
12a_0166_154,"[[16, 22, 17, 21], [18, 6, 19, 5], [20, 16, 21, 15], [22, 11, 23, 12], [24, 13, 1, 14], [2, 8, 3, 7], [4, 20, 5, 19], [6, 10, 7, 9], [8, 4, 9, 3], [10, 1, 11, 2], [12, 23, 13, 24], [14, 18, 15, 17]]"
12a_0166_155,"[[14, 18, 15, 17], [16, 22, 17, 21], [18, 6, 19, 5], [20, 16, 21, 15], [22, 11, 23, 12], [24, 13, 1, 14], [2, 8, 3, 7], [4, 20, 5, 19], [6, 10, 7, 9], [8, 4, 9, 3], [10, 1, 11, 2], [12, 23, 13, 24]]"
12a_0166_156,"[[13, 24, 14, 1], [15, 19, 16, 18], [17, 23, 18, 22], [19, 7, 20, 6], [21, 17, 22, 16], [23, 12, 24, 13], [1, 14, 2, 15], [3, 9, 4, 8], [5, 21, 6, 20], [7, 11, 8, 10], [9, 5, 10, 4], [11, 2, 12, 3]]"
12a_0166_157,"[[11, 2, 12, 3], [13, 24, 14, 1], [15, 19, 16, 18], [17, 23, 18, 22], [19, 7, 20, 6], [21, 17, 22, 16], [23, 12, 24, 13], [1, 14, 2, 15], [3, 9, 4, 8], [5, 21, 6, 20], [7, 11, 8, 10], [9, 5, 10, 4]]"
12a_0166_158,"[[9, 5, 10, 4], [11, 2, 12, 3], [13, 24, 14, 1], [15, 19, 16, 18], [17, 23, 18, 22], [19, 7, 20, 6], [21, 17, 22, 16], [23, 12, 24, 13], [1, 14, 2, 15], [3, 9, 4, 8], [5, 21, 6, 20], [7, 11, 8, 10]]"
12a_0166_159,"[[7, 11, 8, 10], [9, 5, 10, 4], [11, 2, 12, 3], [13, 24, 14, 1], [15, 19, 16, 18], [17, 23, 18, 22], [19, 7, 20, 6], [21, 17, 22, 16], [23, 12, 24, 13], [1, 14, 2, 15], [3, 9, 4, 8], [5, 21, 6, 20]]"
12a_0166_160,"[[5, 21, 6, 20], [7, 11, 8, 10], [9, 5, 10, 4], [11, 2, 12, 3], [13, 24, 14, 1], [15, 19, 16, 18], [17, 23, 18, 22], [19, 7, 20, 6], [21, 17, 22, 16], [23, 12, 24, 13], [1, 14, 2, 15], [3, 9, 4, 8]]"
12a_0166_161,"[[3, 9, 4, 8], [5, 21, 6, 20], [7, 11, 8, 10], [9, 5, 10, 4], [11, 2, 12, 3], [13, 24, 14, 1], [15, 19, 16, 18], [17, 23, 18, 22], [19, 7, 20, 6], [21, 17, 22, 16], [23, 12, 24, 13], [1, 14, 2, 15]]"
12a_0166_162,"[[1, 14, 2, 15], [3, 9, 4, 8], [5, 21, 6, 20], [7, 11, 8, 10], [9, 5, 10, 4], [11, 2, 12, 3], [13, 24, 14, 1], [15, 19, 16, 18], [17, 23, 18, 22], [19, 7, 20, 6], [21, 17, 22, 16], [23, 12, 24, 13]]"
12a_0166_163,"[[23, 12, 24, 13], [1, 14, 2, 15], [3, 9, 4, 8], [5, 21, 6, 20], [7, 11, 8, 10], [9, 5, 10, 4], [11, 2, 12, 3], [13, 24, 14, 1], [15, 19, 16, 18], [17, 23, 18, 22], [19, 7, 20, 6], [21, 17, 22, 16]]"
12a_0166_164,"[[21, 17, 22, 16], [23, 12, 24, 13], [1, 14, 2, 15], [3, 9, 4, 8], [5, 21, 6, 20], [7, 11, 8, 10], [9, 5, 10, 4], [11, 2, 12, 3], [13, 24, 14, 1], [15, 19, 16, 18], [17, 23, 18, 22], [19, 7, 20, 6]]"
12a_0166_165,"[[19, 7, 20, 6], [21, 17, 22, 16], [23, 12, 24, 13], [1, 14, 2, 15], [3, 9, 4, 8], [5, 21, 6, 20], [7, 11, 8, 10], [9, 5, 10, 4], [11, 2, 12, 3], [13, 24, 14, 1], [15, 19, 16, 18], [17, 23, 18, 22]]"
12a_0166_166,"[[17, 23, 18, 22], [19, 7, 20, 6], [21, 17, 22, 16], [23, 12, 24, 13], [1, 14, 2, 15], [3, 9, 4, 8], [5, 21, 6, 20], [7, 11, 8, 10], [9, 5, 10, 4], [11, 2, 12, 3], [13, 24, 14, 1], [15, 19, 16, 18]]"
12a_0166_167,"[[15, 19, 16, 18], [17, 23, 18, 22], [19, 7, 20, 6], [21, 17, 22, 16], [23, 12, 24, 13], [1, 14, 2, 15], [3, 9, 4, 8], [5, 21, 6, 20], [7, 11, 8, 10], [9, 5, 10, 4], [11, 2, 12, 3], [13, 24, 14, 1]]"
12a_0166_168,"[[14, 1, 15, 2], [16, 20, 17, 19], [18, 24, 19, 23], [20, 8, 21, 7], [22, 18, 23, 17], [24, 13, 1, 14], [2, 15, 3, 16], [4, 10, 5, 9], [6, 22, 7, 21], [8, 12, 9, 11], [10, 6, 11, 5], [12, 3, 13, 4]]"
12a_0166_169,"[[12, 3, 13, 4], [14, 1, 15, 2], [16, 20, 17, 19], [18, 24, 19, 23], [20, 8, 21, 7], [22, 18, 23, 17], [24, 13, 1, 14], [2, 15, 3, 16], [4, 10, 5, 9], [6, 22, 7, 21], [8, 12, 9, 11], [10, 6, 11, 5]]"
12a_0166_170,"[[10, 6, 11, 5], [12, 3, 13, 4], [14, 1, 15, 2], [16, 20, 17, 19], [18, 24, 19, 23], [20, 8, 21, 7], [22, 18, 23, 17], [24, 13, 1, 14], [2, 15, 3, 16], [4, 10, 5, 9], [6, 22, 7, 21], [8, 12, 9, 11]]"
12a_0166_171,"[[8, 12, 9, 11], [10, 6, 11, 5], [12, 3, 13, 4], [14, 1, 15, 2], [16, 20, 17, 19], [18, 24, 19, 23], [20, 8, 21, 7], [22, 18, 23, 17], [24, 13, 1, 14], [2, 15, 3, 16], [4, 10, 5, 9], [6, 22, 7, 21]]"
12a_0166_172,"[[6, 22, 7, 21], [8, 12, 9, 11], [10, 6, 11, 5], [12, 3, 13, 4], [14, 1, 15, 2], [16, 20, 17, 19], [18, 24, 19, 23], [20, 8, 21, 7], [22, 18, 23, 17], [24, 13, 1, 14], [2, 15, 3, 16], [4, 10, 5, 9]]"
12a_0166_173,"[[4, 10, 5, 9], [6, 22, 7, 21], [8, 12, 9, 11], [10, 6, 11, 5], [12, 3, 13, 4], [14, 1, 15, 2], [16, 20, 17, 19], [18, 24, 19, 23], [20, 8, 21, 7], [22, 18, 23, 17], [24, 13, 1, 14], [2, 15, 3, 16]]"
12a_0166_174,"[[2, 15, 3, 16], [4, 10, 5, 9], [6, 22, 7, 21], [8, 12, 9, 11], [10, 6, 11, 5], [12, 3, 13, 4], [14, 1, 15, 2], [16, 20, 17, 19], [18, 24, 19, 23], [20, 8, 21, 7], [22, 18, 23, 17], [24, 13, 1, 14]]"
12a_0166_175,"[[24, 13, 1, 14], [2, 15, 3, 16], [4, 10, 5, 9], [6, 22, 7, 21], [8, 12, 9, 11], [10, 6, 11, 5], [12, 3, 13, 4], [14, 1, 15, 2], [16, 20, 17, 19], [18, 24, 19, 23], [20, 8, 21, 7], [22, 18, 23, 17]]"
12a_0166_176,"[[22, 18, 23, 17], [24, 13, 1, 14], [2, 15, 3, 16], [4, 10, 5, 9], [6, 22, 7, 21], [8, 12, 9, 11], [10, 6, 11, 5], [12, 3, 13, 4], [14, 1, 15, 2], [16, 20, 17, 19], [18, 24, 19, 23], [20, 8, 21, 7]]"
12a_0166_177,"[[20, 8, 21, 7], [22, 18, 23, 17], [24, 13, 1, 14], [2, 15, 3, 16], [4, 10, 5, 9], [6, 22, 7, 21], [8, 12, 9, 11], [10, 6, 11, 5], [12, 3, 13, 4], [14, 1, 15, 2], [16, 20, 17, 19], [18, 24, 19, 23]]"
12a_0166_178,"[[18, 24, 19, 23], [20, 8, 21, 7], [22, 18, 23, 17], [24, 13, 1, 14], [2, 15, 3, 16], [4, 10, 5, 9], [6, 22, 7, 21], [8, 12, 9, 11], [10, 6, 11, 5], [12, 3, 13, 4], [14, 1, 15, 2], [16, 20, 17, 19]]"
12a_0166_179,"[[16, 20, 17, 19], [18, 24, 19, 23], [20, 8, 21, 7], [22, 18, 23, 17], [24, 13, 1, 14], [2, 15, 3, 16], [4, 10, 5, 9], [6, 22, 7, 21], [8, 12, 9, 11], [10, 6, 11, 5], [12, 3, 13, 4], [14, 1, 15, 2]]"
12a_0166_180,"[[15, 2, 16, 3], [17, 21, 18, 20], [19, 1, 20, 24], [21, 9, 22, 8], [23, 19, 24, 18], [1, 14, 2, 15], [3, 16, 4, 17], [5, 11, 6, 10], [7, 23, 8, 22], [9, 13, 10, 12], [11, 7, 12, 6], [13, 4, 14, 5]]"
12a_0166_181,"[[13, 4, 14, 5], [15, 2, 16, 3], [17, 21, 18, 20], [19, 1, 20, 24], [21, 9, 22, 8], [23, 19, 24, 18], [1, 14, 2, 15], [3, 16, 4, 17], [5, 11, 6, 10], [7, 23, 8, 22], [9, 13, 10, 12], [11, 7, 12, 6]]"
12a_0166_182,"[[11, 7, 12, 6], [13, 4, 14, 5], [15, 2, 16, 3], [17, 21, 18, 20], [19, 1, 20, 24], [21, 9, 22, 8], [23, 19, 24, 18], [1, 14, 2, 15], [3, 16, 4, 17], [5, 11, 6, 10], [7, 23, 8, 22], [9, 13, 10, 12]]"
12a_0166_183,"[[9, 13, 10, 12], [11, 7, 12, 6], [13, 4, 14, 5], [15, 2, 16, 3], [17, 21, 18, 20], [19, 1, 20, 24], [21, 9, 22, 8], [23, 19, 24, 18], [1, 14, 2, 15], [3, 16, 4, 17], [5, 11, 6, 10], [7, 23, 8, 22]]"
12a_0166_184,"[[7, 23, 8, 22], [9, 13, 10, 12], [11, 7, 12, 6], [13, 4, 14, 5], [15, 2, 16, 3], [17, 21, 18, 20], [19, 1, 20, 24], [21, 9, 22, 8], [23, 19, 24, 18], [1, 14, 2, 15], [3, 16, 4, 17], [5, 11, 6, 10]]"
12a_0166_185,"[[5, 11, 6, 10], [7, 23, 8, 22], [9, 13, 10, 12], [11, 7, 12, 6], [13, 4, 14, 5], [15, 2, 16, 3], [17, 21, 18, 20], [19, 1, 20, 24], [21, 9, 22, 8], [23, 19, 24, 18], [1, 14, 2, 15], [3, 16, 4, 17]]"
