name,pd_notation
12n_0001,"[[1,5,2,4],[3,8,4,9],[5,11,6,10],[14,8,15,7],[9,2,10,3],[16,11,17,12],[20,13,21,14],[6,16,7,15],[22,18,23,17],[12,19,13,20],[24,22,1,21],[18,24,19,23]]"
12n_0002,"[[1,5,2,4],[3,8,4,9],[5,11,6,10],[14,8,15,7],[9,2,10,3],[11,17,12,16],[13,21,14,20],[6,16,7,15],[17,22,18,23],[19,13,20,12],[21,24,22,1],[23,18,24,19]]"
12n_0003,"[[1,5,2,4],[3,8,4,9],[5,11,6,10],[7,14,8,15],[9,2,10,3],[16,11,17,12],[20,13,21,14],[15,6,16,7],[22,18,23,17],[12,19,13,20],[24,22,1,21],[18,24,19,23]]"
12n_0004,"[[1,5,2,4],[3,8,4,9],[5,11,6,10],[7,14,8,15],[9,2,10,3],[11,17,12,16],[20,13,21,14],[15,6,16,7],[22,18,23,17],[12,19,13,20],[24,22,1,21],[18,24,19,23]]"
12n_0005,"[[1,5,2,4],[3,8,4,9],[5,11,6,10],[7,14,8,15],[9,2,10,3],[11,17,12,16],[20,13,21,14],[15,6,16,7],[17,22,18,23],[12,19,13,20],[21,24,22,1],[23,18,24,19]]"
12n_0006,"[[1,5,2,4],[3,8,4,9],[5,11,6,10],[7,14,8,15],[9,2,10,3],[11,17,12,16],[13,21,14,20],[15,6,16,7],[22,18,23,17],[19,13,20,12],[24,22,1,21],[18,24,19,23]]"
12n_0007,"[[1,5,2,4],[3,8,4,9],[5,11,6,10],[14,8,15,7],[9,2,10,3],[16,11,17,12],[20,14,21,13],[6,16,7,15],[22,17,23,18],[24,19,1,20],[12,22,13,21],[18,23,19,24]]"
12n_0008,"[[1,5,2,4],[3,8,4,9],[5,11,6,10],[14,8,15,7],[9,2,10,3],[11,17,12,16],[13,20,14,21],[6,16,7,15],[17,23,18,22],[19,1,20,24],[21,12,22,13],[23,19,24,18]]"
12n_0009,"[[1,5,2,4],[3,8,4,9],[5,11,6,10],[7,14,8,15],[9,2,10,3],[16,11,17,12],[20,14,21,13],[15,6,16,7],[22,17,23,18],[24,19,1,20],[12,22,13,21],[18,23,19,24]]"
12n_0010,"[[1,5,2,4],[3,8,4,9],[5,11,6,10],[7,14,8,15],[9,2,10,3],[11,17,12,16],[20,14,21,13],[15,6,16,7],[22,17,23,18],[24,19,1,20],[12,22,13,21],[18,23,19,24]]"
12n_0011,"[[1,5,2,4],[3,8,4,9],[5,11,6,10],[14,8,15,7],[9,2,10,3],[16,11,17,12],[20,14,21,13],[6,16,7,15],[24,17,1,18],[22,19,23,20],[12,22,13,21],[18,23,19,24]]"
12n_0012,"[[1,5,2,4],[3,8,4,9],[5,11,6,10],[14,8,15,7],[9,2,10,3],[11,17,12,16],[13,20,14,21],[6,16,7,15],[17,1,18,24],[19,23,20,22],[21,12,22,13],[23,19,24,18]]"
12n_0013,"[[1,5,2,4],[3,8,4,9],[5,11,6,10],[7,14,8,15],[9,2,10,3],[16,11,17,12],[20,14,21,13],[15,6,16,7],[24,17,1,18],[22,19,23,20],[12,22,13,21],[18,23,19,24]]"
12n_0014,"[[1,5,2,4],[3,8,4,9],[5,11,6,10],[14,7,15,8],[9,2,10,3],[18,12,19,11],[6,13,7,14],[20,16,21,15],[22,17,23,18],[12,20,13,19],[24,22,1,21],[16,23,17,24]]"
12n_0015,"[[1,5,2,4],[3,8,4,9],[5,11,6,10],[14,7,15,8],[9,2,10,3],[11,18,12,19],[6,13,7,14],[15,20,16,21],[17,23,18,22],[19,12,20,13],[21,24,22,1],[23,17,24,16]]"
12n_0016,"[[1,5,2,4],[3,8,4,9],[5,11,6,10],[7,15,8,14],[9,2,10,3],[18,12,19,11],[13,7,14,6],[20,16,21,15],[22,17,23,18],[12,20,13,19],[24,22,1,21],[16,23,17,24]]"
12n_0017,"[[1,5,2,4],[3,8,4,9],[5,11,6,10],[14,7,15,8],[9,2,10,3],[18,11,19,12],[6,13,7,14],[22,16,23,15],[12,17,13,18],[24,19,1,20],[16,22,17,21],[20,23,21,24]]"
12n_0018,"[[1,5,2,4],[3,8,4,9],[5,11,6,10],[14,7,15,8],[9,2,10,3],[11,19,12,18],[6,13,7,14],[15,22,16,23],[17,13,18,12],[19,1,20,24],[21,16,22,17],[23,21,24,20]]"
12n_0019,"[[1,5,2,4],[3,8,4,9],[5,11,6,10],[7,15,8,14],[9,2,10,3],[18,11,19,12],[13,7,14,6],[22,16,23,15],[12,17,13,18],[24,19,1,20],[16,22,17,21],[20,23,21,24]]"
12n_0020,"[[1,5,2,4],[3,8,4,9],[5,11,6,10],[14,7,15,8],[9,2,10,3],[18,12,19,11],[6,13,7,14],[22,15,23,16],[20,18,21,17],[12,20,13,19],[24,21,1,22],[16,23,17,24]]"
12n_0021,"[[1,5,2,4],[3,8,4,9],[5,11,6,10],[14,8,15,7],[9,2,10,3],[18,11,19,12],[20,14,21,13],[6,16,7,15],[22,18,23,17],[24,19,1,20],[16,22,17,21],[12,24,13,23]]"
12n_0022,"[[1,5,2,4],[3,8,4,9],[5,11,6,10],[14,8,15,7],[9,2,10,3],[11,19,12,18],[13,20,14,21],[6,16,7,15],[17,22,18,23],[19,1,20,24],[21,16,22,17],[23,12,24,13]]"
12n_0023,"[[1,5,2,4],[3,8,4,9],[5,11,6,10],[7,14,8,15],[9,2,10,3],[18,11,19,12],[20,14,21,13],[15,6,16,7],[22,18,23,17],[24,19,1,20],[16,22,17,21],[12,24,13,23]]"
12n_0024,"[[1,5,2,4],[3,8,4,9],[5,11,6,10],[14,7,15,8],[9,2,10,3],[20,11,21,12],[6,13,7,14],[22,16,23,15],[24,18,1,17],[12,19,13,20],[18,22,19,21],[16,24,17,23]]"
12n_0025,"[[1,5,2,4],[3,8,4,9],[5,11,6,10],[14,7,15,8],[9,2,10,3],[20,11,21,12],[6,13,7,14],[24,16,1,15],[22,18,23,17],[12,19,13,20],[18,22,19,21],[16,24,17,23]]"
12n_0026,"[[1,5,2,4],[3,8,4,9],[5,11,6,10],[14,8,15,7],[9,2,10,3],[20,12,21,11],[18,13,19,14],[6,16,7,15],[22,17,23,18],[24,20,1,19],[16,21,17,22],[12,24,13,23]]"
12n_0027,"[[1,5,2,4],[3,8,4,9],[5,11,6,10],[14,8,15,7],[9,2,10,3],[11,20,12,21],[13,19,14,18],[6,16,7,15],[17,23,18,22],[19,24,20,1],[21,17,22,16],[23,12,24,13]]"
12n_0028,"[[1,5,2,4],[3,8,4,9],[5,11,6,10],[7,14,8,15],[9,2,10,3],[20,12,21,11],[18,13,19,14],[15,6,16,7],[22,17,23,18],[24,20,1,19],[16,21,17,22],[12,24,13,23]]"
12n_0029,"[[1,5,2,4],[3,8,4,9],[5,11,6,10],[14,8,15,7],[9,2,10,3],[20,12,21,11],[22,13,23,14],[6,16,7,15],[12,18,13,17],[24,20,1,19],[16,21,17,22],[18,24,19,23]]"
12n_0030,"[[1,5,2,4],[3,8,4,9],[5,11,6,10],[14,8,15,7],[9,2,10,3],[11,20,12,21],[13,23,14,22],[6,16,7,15],[17,12,18,13],[19,24,20,1],[21,17,22,16],[23,18,24,19]]"
12n_0031,"[[1,5,2,4],[3,8,4,9],[5,11,6,10],[7,14,8,15],[9,2,10,3],[20,12,21,11],[22,13,23,14],[15,6,16,7],[12,18,13,17],[24,20,1,19],[16,21,17,22],[18,24,19,23]]"
12n_0032,"[[1,5,2,4],[3,8,4,9],[5,11,6,10],[14,8,15,7],[9,2,10,3],[22,11,23,12],[20,14,21,13],[6,16,7,15],[12,18,13,17],[24,19,1,20],[16,22,17,21],[18,23,19,24]]"
12n_0033,"[[1,5,2,4],[3,8,4,9],[5,11,6,10],[14,8,15,7],[9,2,10,3],[11,23,12,22],[13,20,14,21],[6,16,7,15],[17,12,18,13],[19,1,20,24],[21,16,22,17],[23,19,24,18]]"
12n_0034,"[[1,5,2,4],[3,8,4,9],[5,11,6,10],[7,14,8,15],[9,2,10,3],[22,11,23,12],[20,14,21,13],[15,6,16,7],[12,18,13,17],[24,19,1,20],[16,22,17,21],[18,23,19,24]]"
12n_0035,"[[1,5,2,4],[3,8,4,9],[5,11,6,10],[16,7,17,8],[9,2,10,3],[18,12,19,11],[20,13,21,14],[6,15,7,16],[24,18,1,17],[22,20,23,19],[12,21,13,22],[14,24,15,23]]"
12n_0036,"[[1,5,2,4],[3,8,4,9],[5,11,6,10],[16,7,17,8],[9,2,10,3],[11,18,12,19],[13,21,14,20],[6,15,7,16],[17,24,18,1],[19,22,20,23],[21,13,22,12],[23,14,24,15]]"
12n_0037,"[[1,5,2,4],[3,8,4,9],[5,11,6,10],[7,17,8,16],[9,2,10,3],[18,12,19,11],[20,13,21,14],[15,7,16,6],[24,18,1,17],[22,20,23,19],[12,21,13,22],[14,24,15,23]]"
12n_0038,"[[1,5,2,4],[3,8,4,9],[5,11,6,10],[16,7,17,8],[9,2,10,3],[18,12,19,11],[20,13,21,14],[6,15,7,16],[24,18,1,17],[22,19,23,20],[14,21,15,22],[12,24,13,23]]"
12n_0039,"[[1,5,2,4],[3,8,4,9],[5,11,6,10],[16,7,17,8],[9,2,10,3],[11,18,12,19],[13,21,14,20],[6,15,7,16],[17,24,18,1],[19,23,20,22],[21,15,22,14],[23,12,24,13]]"
12n_0040,"[[1,5,2,4],[3,8,4,9],[5,11,6,10],[7,17,8,16],[9,2,10,3],[18,12,19,11],[20,13,21,14],[15,7,16,6],[24,18,1,17],[22,19,23,20],[14,21,15,22],[12,24,13,23]]"
12n_0041,"[[1,5,2,4],[3,8,4,9],[5,11,6,10],[16,8,17,7],[9,2,10,3],[18,11,19,12],[20,13,21,14],[22,16,23,15],[6,18,7,17],[12,19,13,20],[24,21,1,22],[14,24,15,23]]"
12n_0042,"[[1,5,2,4],[3,8,4,9],[5,11,6,10],[16,8,17,7],[9,2,10,3],[18,11,19,12],[20,14,21,13],[22,16,23,15],[6,18,7,17],[24,19,1,20],[14,22,15,21],[12,24,13,23]]"
12n_0043,"[[1,5,2,4],[3,8,4,9],[5,11,6,10],[16,8,17,7],[9,2,10,3],[11,19,12,18],[13,20,14,21],[15,22,16,23],[6,18,7,17],[19,1,20,24],[21,14,22,15],[23,12,24,13]]"
12n_0044,"[[1,5,2,4],[3,8,4,9],[5,11,6,10],[7,16,8,17],[9,2,10,3],[18,11,19,12],[20,14,21,13],[22,16,23,15],[17,6,18,7],[24,19,1,20],[14,22,15,21],[12,24,13,23]]"
12n_0045,"[[1,5,2,4],[3,8,4,9],[5,11,6,10],[16,8,17,7],[9,2,10,3],[18,11,19,12],[20,14,21,13],[24,15,1,16],[6,18,7,17],[22,20,23,19],[14,22,15,21],[12,23,13,24]]"
12n_0046,"[[1,5,2,4],[3,8,4,9],[5,11,6,10],[16,8,17,7],[9,2,10,3],[18,11,19,12],[22,14,23,13],[20,16,21,15],[6,18,7,17],[24,19,1,20],[14,22,15,21],[12,24,13,23]]"
12n_0047,"[[1,5,2,4],[3,8,4,9],[5,11,6,10],[16,8,17,7],[9,2,10,3],[11,19,12,18],[13,22,14,23],[15,20,16,21],[6,18,7,17],[19,1,20,24],[21,14,22,15],[23,12,24,13]]"
12n_0048,"[[1,5,2,4],[3,8,4,9],[5,11,6,10],[7,16,8,17],[9,2,10,3],[18,11,19,12],[22,14,23,13],[20,16,21,15],[17,6,18,7],[24,19,1,20],[14,22,15,21],[12,24,13,23]]"
12n_0049,"[[1,5,2,4],[3,8,4,9],[5,11,6,10],[16,8,17,7],[9,2,10,3],[20,11,21,12],[18,13,19,14],[22,16,23,15],[6,18,7,17],[12,19,13,20],[24,21,1,22],[14,24,15,23]]"
12n_0050,"[[1,5,2,4],[3,8,4,9],[5,11,6,10],[16,8,17,7],[9,2,10,3],[11,21,12,20],[13,19,14,18],[15,22,16,23],[6,18,7,17],[19,13,20,12],[21,1,22,24],[23,14,24,15]]"
12n_0051,"[[1,5,2,4],[3,8,4,9],[5,11,6,10],[7,16,8,17],[9,2,10,3],[20,11,21,12],[18,13,19,14],[22,16,23,15],[17,6,18,7],[12,19,13,20],[24,21,1,22],[14,24,15,23]]"
12n_0052,"[[1,5,2,4],[3,8,4,9],[5,11,6,10],[7,16,8,17],[9,2,10,3],[20,11,21,12],[18,13,19,14],[15,22,16,23],[17,6,18,7],[12,19,13,20],[21,1,22,24],[23,14,24,15]]"
12n_0053,"[[1,5,2,4],[3,8,4,9],[5,11,6,10],[7,16,8,17],[9,2,10,3],[11,21,12,20],[13,19,14,18],[22,16,23,15],[17,6,18,7],[19,13,20,12],[24,21,1,22],[14,24,15,23]]"
12n_0054,"[[1,5,2,4],[3,8,4,9],[5,11,6,10],[16,7,17,8],[9,2,10,3],[20,11,21,12],[22,13,23,14],[6,15,7,16],[24,18,1,17],[14,19,15,20],[12,21,13,22],[18,24,19,23]]"
12n_0055,"[[1,5,2,4],[3,8,4,9],[5,11,6,10],[16,7,17,8],[9,2,10,3],[22,12,23,11],[18,14,19,13],[6,15,7,16],[20,18,21,17],[14,20,15,19],[24,22,1,21],[12,24,13,23]]"
12n_0056,"[[1,5,2,4],[3,8,4,9],[5,11,6,10],[16,7,17,8],[9,2,10,3],[22,12,23,11],[13,18,14,19],[6,15,7,16],[17,20,18,21],[19,14,20,15],[24,22,1,21],[12,24,13,23]]"
12n_0057,"[[1,5,2,4],[3,8,4,9],[5,11,6,10],[16,7,17,8],[9,2,10,3],[11,22,12,23],[18,14,19,13],[6,15,7,16],[20,18,21,17],[14,20,15,19],[21,24,22,1],[23,12,24,13]]"
12n_0058,"[[1,5,2,4],[3,8,4,9],[5,11,6,10],[16,7,17,8],[9,2,10,3],[11,22,12,23],[13,18,14,19],[6,15,7,16],[17,20,18,21],[19,14,20,15],[21,24,22,1],[23,12,24,13]]"
12n_0059,"[[1,5,2,4],[3,8,4,9],[5,11,6,10],[7,17,8,16],[9,2,10,3],[22,12,23,11],[18,14,19,13],[15,7,16,6],[20,18,21,17],[14,20,15,19],[24,22,1,21],[12,24,13,23]]"
12n_0060,"[[1,5,2,4],[3,8,4,9],[5,11,6,10],[7,17,8,16],[9,2,10,3],[22,12,23,11],[13,18,14,19],[15,7,16,6],[17,20,18,21],[19,14,20,15],[24,22,1,21],[12,24,13,23]]"
12n_0061,"[[1,5,2,4],[3,8,4,9],[5,11,6,10],[7,17,8,16],[9,2,10,3],[11,22,12,23],[18,14,19,13],[15,7,16,6],[20,18,21,17],[14,20,15,19],[21,24,22,1],[23,12,24,13]]"
12n_0062,"[[1,5,2,4],[3,8,4,9],[5,11,6,10],[16,8,17,7],[9,2,10,3],[22,12,23,11],[18,13,19,14],[20,15,21,16],[6,18,7,17],[14,19,15,20],[24,22,1,21],[12,24,13,23]]"
12n_0063,"[[1,5,2,4],[3,8,4,9],[5,11,6,10],[16,8,17,7],[9,2,10,3],[11,22,12,23],[18,13,19,14],[20,15,21,16],[6,18,7,17],[14,19,15,20],[21,24,22,1],[23,12,24,13]]"
12n_0064,"[[1,5,2,4],[3,8,4,9],[5,11,6,10],[7,16,8,17],[9,2,10,3],[22,12,23,11],[13,19,14,18],[15,21,16,20],[17,6,18,7],[19,15,20,14],[24,22,1,21],[12,24,13,23]]"
12n_0065,"[[1,5,2,4],[3,8,4,9],[5,11,6,10],[16,7,17,8],[9,2,10,3],[22,11,23,12],[20,13,21,14],[6,15,7,16],[24,18,1,17],[14,19,15,20],[12,21,13,22],[18,24,19,23]]"
12n_0066,"[[1,5,2,4],[3,8,4,9],[5,11,6,10],[16,8,17,7],[9,2,10,3],[22,11,23,12],[24,13,1,14],[20,16,21,15],[6,18,7,17],[14,20,15,19],[18,22,19,21],[12,23,13,24]]"
12n_0067,"[[1,5,2,4],[3,8,4,9],[5,11,6,10],[18,7,19,8],[9,2,10,3],[22,11,23,12],[24,13,1,14],[20,15,21,16],[6,17,7,18],[14,19,15,20],[16,21,17,22],[12,23,13,24]]"
12n_0068,"[[1,5,2,4],[3,9,4,8],[12,6,13,5],[7,3,8,2],[14,10,15,9],[18,12,19,11],[6,14,7,13],[22,16,23,15],[10,18,11,17],[24,19,1,20],[16,22,17,21],[20,23,21,24]]"
12n_0069,"[[1,5,2,4],[3,9,4,8],[12,6,13,5],[7,3,8,2],[9,14,10,15],[11,18,12,19],[6,14,7,13],[15,22,16,23],[17,10,18,11],[19,1,20,24],[21,16,22,17],[23,21,24,20]]"
12n_0070,"[[1,5,2,4],[3,9,4,8],[5,12,6,13],[7,3,8,2],[14,10,15,9],[18,12,19,11],[13,6,14,7],[22,16,23,15],[10,18,11,17],[24,19,1,20],[16,22,17,21],[20,23,21,24]]"
12n_0071,"[[1,5,2,4],[3,9,4,8],[12,6,13,5],[7,3,8,2],[14,10,15,9],[18,11,19,12],[6,14,7,13],[22,15,23,16],[20,18,21,17],[10,19,11,20],[24,21,1,22],[16,23,17,24]]"
12n_0072,"[[1,5,2,4],[3,9,4,8],[12,6,13,5],[7,3,8,2],[9,14,10,15],[11,19,12,18],[6,14,7,13],[15,23,16,22],[17,20,18,21],[19,11,20,10],[21,1,22,24],[23,17,24,16]]"
12n_0073,"[[1,5,2,4],[3,9,4,8],[5,12,6,13],[7,3,8,2],[14,10,15,9],[18,11,19,12],[13,6,14,7],[22,15,23,16],[20,18,21,17],[10,19,11,20],[24,21,1,22],[16,23,17,24]]"
12n_0074,"[[1,5,2,4],[3,9,4,8],[12,6,13,5],[7,3,8,2],[14,10,15,9],[20,12,21,11],[6,14,7,13],[22,16,23,15],[24,18,1,17],[10,20,11,19],[18,22,19,21],[16,24,17,23]]"
12n_0075,"[[1,5,2,4],[3,9,4,8],[12,6,13,5],[7,3,8,2],[9,14,10,15],[11,20,12,21],[6,14,7,13],[15,22,16,23],[17,24,18,1],[19,10,20,11],[21,18,22,19],[23,16,24,17]]"
12n_0076,"[[1,5,2,4],[3,9,4,8],[5,12,6,13],[7,3,8,2],[14,10,15,9],[20,12,21,11],[13,6,14,7],[22,16,23,15],[24,18,1,17],[10,20,11,19],[18,22,19,21],[16,24,17,23]]"
12n_0077,"[[1,5,2,4],[3,9,4,8],[12,6,13,5],[7,3,8,2],[14,10,15,9],[20,12,21,11],[6,14,7,13],[24,16,1,15],[22,18,23,17],[10,20,11,19],[18,22,19,21],[16,24,17,23]]"
12n_0078,"[[1,5,2,4],[3,9,4,8],[12,6,13,5],[7,3,8,2],[9,14,10,15],[11,20,12,21],[6,14,7,13],[15,24,16,1],[17,22,18,23],[19,10,20,11],[21,18,22,19],[23,16,24,17]]"
12n_0079,"[[1,5,2,4],[3,9,4,8],[5,12,6,13],[7,3,8,2],[14,10,15,9],[20,12,21,11],[13,6,14,7],[24,16,1,15],[22,18,23,17],[10,20,11,19],[18,22,19,21],[16,24,17,23]]"
12n_0080,"[[1,5,2,4],[3,9,4,8],[12,5,13,6],[7,3,8,2],[16,9,17,10],[6,11,7,12],[18,13,19,14],[22,15,23,16],[10,17,11,18],[24,19,1,20],[14,21,15,22],[20,23,21,24]]"
12n_0081,"[[1,5,2,4],[3,9,4,8],[12,5,13,6],[7,3,8,2],[9,17,10,16],[6,11,7,12],[13,19,14,18],[15,23,16,22],[17,11,18,10],[19,1,20,24],[21,15,22,14],[23,21,24,20]]"
12n_0082,"[[1,5,2,4],[3,9,4,8],[5,13,6,12],[7,3,8,2],[16,9,17,10],[11,7,12,6],[18,13,19,14],[22,15,23,16],[10,17,11,18],[24,19,1,20],[14,21,15,22],[20,23,21,24]]"
12n_0083,"[[1,5,2,4],[3,9,4,8],[5,13,6,12],[7,3,8,2],[16,9,17,10],[11,7,12,6],[13,19,14,18],[15,23,16,22],[10,17,11,18],[19,1,20,24],[21,15,22,14],[23,21,24,20]]"
12n_0084,"[[1,5,2,4],[3,9,4,8],[5,13,6,12],[7,3,8,2],[9,17,10,16],[11,7,12,6],[18,13,19,14],[22,15,23,16],[17,11,18,10],[24,19,1,20],[14,21,15,22],[20,23,21,24]]"
12n_0085,"[[1,5,2,4],[3,9,4,8],[12,5,13,6],[7,3,8,2],[16,10,17,9],[6,11,7,12],[20,13,21,14],[10,16,11,15],[22,17,23,18],[14,19,15,20],[24,21,1,22],[18,23,19,24]]"
12n_0086,"[[1,5,2,4],[3,9,4,8],[12,5,13,6],[7,3,8,2],[9,16,10,17],[6,11,7,12],[13,21,14,20],[15,10,16,11],[17,23,18,22],[19,15,20,14],[21,1,22,24],[23,19,24,18]]"
12n_0087,"[[1,5,2,4],[3,9,4,8],[5,13,6,12],[7,3,8,2],[16,10,17,9],[11,7,12,6],[20,13,21,14],[10,16,11,15],[22,17,23,18],[14,19,15,20],[24,21,1,22],[18,23,19,24]]"
12n_0088,"[[1,5,2,4],[3,9,4,8],[5,13,6,12],[7,3,8,2],[16,10,17,9],[11,7,12,6],[13,21,14,20],[10,16,11,15],[17,23,18,22],[19,15,20,14],[21,1,22,24],[23,19,24,18]]"
12n_0089,"[[1,5,2,4],[3,9,4,8],[12,5,13,6],[7,3,8,2],[16,10,17,9],[6,11,7,12],[20,14,21,13],[10,16,11,15],[22,18,23,17],[24,20,1,19],[14,22,15,21],[18,24,19,23]]"
12n_0090,"[[1,5,2,4],[3,9,4,8],[12,5,13,6],[7,3,8,2],[9,16,10,17],[6,11,7,12],[13,20,14,21],[15,10,16,11],[17,22,18,23],[19,24,20,1],[21,14,22,15],[23,18,24,19]]"
12n_0091,"[[1,5,2,4],[3,9,4,8],[5,13,6,12],[7,3,8,2],[16,10,17,9],[11,7,12,6],[20,14,21,13],[10,16,11,15],[22,18,23,17],[24,20,1,19],[14,22,15,21],[18,24,19,23]]"
12n_0092,"[[1,5,2,4],[3,9,4,8],[5,13,6,12],[7,3,8,2],[16,10,17,9],[11,7,12,6],[13,20,14,21],[10,16,11,15],[17,22,18,23],[19,24,20,1],[21,14,22,15],[23,18,24,19]]"
12n_0093,"[[1,5,2,4],[3,9,4,8],[5,13,6,12],[7,3,8,2],[9,16,10,17],[11,7,12,6],[20,14,21,13],[15,10,16,11],[22,18,23,17],[24,20,1,19],[14,22,15,21],[18,24,19,23]]"
12n_0094,"[[1,5,2,4],[3,9,4,8],[12,5,13,6],[7,3,8,2],[16,10,17,9],[6,11,7,12],[20,14,21,13],[10,16,11,15],[24,18,1,17],[22,20,23,19],[14,22,15,21],[18,24,19,23]]"
12n_0095,"[[1,5,2,4],[3,9,4,8],[12,5,13,6],[7,3,8,2],[9,16,10,17],[6,11,7,12],[13,20,14,21],[15,10,16,11],[17,24,18,1],[19,22,20,23],[21,14,22,15],[23,18,24,19]]"
12n_0096,"[[1,5,2,4],[3,9,4,8],[5,13,6,12],[7,3,8,2],[16,10,17,9],[11,7,12,6],[20,14,21,13],[10,16,11,15],[24,18,1,17],[22,20,23,19],[14,22,15,21],[18,24,19,23]]"
12n_0097,"[[1,5,2,4],[3,9,4,8],[12,5,13,6],[7,3,8,2],[16,9,17,10],[6,11,7,12],[22,13,23,14],[18,15,19,16],[10,17,11,18],[24,20,1,19],[14,21,15,22],[20,24,21,23]]"
12n_0098,"[[1,5,2,4],[3,9,4,8],[12,6,13,5],[7,3,8,2],[16,10,17,9],[18,11,19,12],[6,14,7,13],[20,16,21,15],[24,18,1,17],[22,19,23,20],[14,22,15,21],[10,23,11,24]]"
12n_0099,"[[1,5,2,4],[3,9,4,8],[12,6,13,5],[7,3,8,2],[9,16,10,17],[11,19,12,18],[6,14,7,13],[15,20,16,21],[17,24,18,1],[19,23,20,22],[21,14,22,15],[23,11,24,10]]"
12n_0100,"[[1,5,2,4],[3,9,4,8],[12,6,13,5],[7,3,8,2],[16,10,17,9],[22,12,23,11],[6,14,7,13],[20,16,21,15],[24,18,1,17],[10,20,11,19],[14,22,15,21],[18,24,19,23]]"
12n_0101,"[[1,5,2,4],[3,9,4,8],[12,6,13,5],[7,3,8,2],[9,16,10,17],[11,22,12,23],[6,14,7,13],[15,20,16,21],[17,24,18,1],[19,10,20,11],[21,14,22,15],[23,18,24,19]]"
12n_0102,"[[1,5,2,4],[3,9,4,8],[5,12,6,13],[7,3,8,2],[16,10,17,9],[22,12,23,11],[13,6,14,7],[20,16,21,15],[24,18,1,17],[10,20,11,19],[14,22,15,21],[18,24,19,23]]"
12n_0103,"[[1,5,2,4],[3,9,4,8],[12,5,13,6],[7,3,8,2],[18,10,19,9],[6,11,7,12],[20,14,21,13],[22,16,23,15],[10,18,11,17],[24,20,1,19],[14,22,15,21],[16,24,17,23]]"
12n_0104,"[[1,5,2,4],[3,9,4,8],[12,5,13,6],[7,3,8,2],[9,18,10,19],[6,11,7,12],[13,20,14,21],[15,22,16,23],[17,10,18,11],[19,24,20,1],[21,14,22,15],[23,16,24,17]]"
12n_0105,"[[1,5,2,4],[3,9,4,8],[5,13,6,12],[7,3,8,2],[18,10,19,9],[11,7,12,6],[20,14,21,13],[22,16,23,15],[10,18,11,17],[24,20,1,19],[14,22,15,21],[16,24,17,23]]"
12n_0106,"[[1,5,2,4],[3,9,4,8],[5,13,6,12],[7,3,8,2],[18,10,19,9],[11,7,12,6],[13,20,14,21],[15,22,16,23],[10,18,11,17],[19,24,20,1],[21,14,22,15],[23,16,24,17]]"
12n_0107,"[[1,5,2,4],[3,9,4,8],[5,13,6,12],[7,3,8,2],[9,18,10,19],[11,7,12,6],[20,14,21,13],[22,16,23,15],[17,10,18,11],[24,20,1,19],[14,22,15,21],[16,24,17,23]]"
12n_0108,"[[1,5,2,4],[3,9,4,8],[12,5,13,6],[7,3,8,2],[18,10,19,9],[6,11,7,12],[20,14,21,13],[22,16,23,15],[10,18,11,17],[24,20,1,19],[16,22,17,21],[14,24,15,23]]"
12n_0109,"[[1,5,2,4],[3,9,4,8],[12,5,13,6],[7,3,8,2],[9,18,10,19],[6,11,7,12],[13,20,14,21],[15,22,16,23],[17,10,18,11],[19,24,20,1],[21,16,22,17],[23,14,24,15]]"
12n_0110,"[[1,5,2,4],[3,9,4,8],[5,13,6,12],[7,3,8,2],[18,10,19,9],[11,7,12,6],[20,14,21,13],[22,16,23,15],[10,18,11,17],[24,20,1,19],[16,22,17,21],[14,24,15,23]]"
12n_0111,"[[1,5,2,4],[3,9,4,8],[5,13,6,12],[7,3,8,2],[18,10,19,9],[11,7,12,6],[13,20,14,21],[15,22,16,23],[10,18,11,17],[19,24,20,1],[21,16,22,17],[23,14,24,15]]"
12n_0112,"[[1,5,2,4],[3,9,4,8],[5,13,6,12],[7,3,8,2],[9,18,10,19],[11,7,12,6],[20,14,21,13],[22,16,23,15],[17,10,18,11],[24,20,1,19],[16,22,17,21],[14,24,15,23]]"
12n_0113,"[[1,5,2,4],[3,9,4,8],[12,5,13,6],[7,3,8,2],[18,9,19,10],[6,11,7,12],[20,13,21,14],[22,15,23,16],[24,17,1,18],[10,19,11,20],[14,21,15,22],[16,23,17,24]]"
12n_0114,"[[1,5,2,4],[3,9,4,8],[12,5,13,6],[7,3,8,2],[9,19,10,18],[6,11,7,12],[13,21,14,20],[15,23,16,22],[17,1,18,24],[19,11,20,10],[21,15,22,14],[23,17,24,16]]"
12n_0115,"[[1,5,2,4],[3,9,4,8],[5,13,6,12],[7,3,8,2],[18,9,19,10],[11,7,12,6],[20,13,21,14],[22,15,23,16],[24,17,1,18],[10,19,11,20],[14,21,15,22],[16,23,17,24]]"
12n_0116,"[[1,5,2,4],[3,9,4,8],[12,5,13,6],[7,3,8,2],[18,9,19,10],[6,11,7,12],[20,13,21,14],[22,15,23,16],[24,17,1,18],[10,19,11,20],[16,21,17,22],[14,23,15,24]]"
12n_0117,"[[1,5,2,4],[3,9,4,8],[12,5,13,6],[7,3,8,2],[9,19,10,18],[6,11,7,12],[13,21,14,20],[15,23,16,22],[17,1,18,24],[19,11,20,10],[21,17,22,16],[23,15,24,14]]"
12n_0118,"[[1,5,2,4],[3,9,4,8],[5,13,6,12],[7,3,8,2],[18,9,19,10],[11,7,12,6],[20,13,21,14],[22,15,23,16],[24,17,1,18],[10,19,11,20],[16,21,17,22],[14,23,15,24]]"
12n_0119,"[[1,5,2,4],[3,9,4,8],[12,5,13,6],[7,3,8,2],[18,10,19,9],[6,11,7,12],[22,14,23,13],[20,15,21,16],[10,18,11,17],[16,19,17,20],[24,22,1,21],[14,24,15,23]]"
12n_0120,"[[1,5,2,4],[3,9,4,8],[12,5,13,6],[7,3,8,2],[18,9,19,10],[6,11,7,12],[22,13,23,14],[24,15,1,16],[20,17,21,18],[10,19,11,20],[16,21,17,22],[14,23,15,24]]"
12n_0121,"[[1,5,2,4],[3,9,4,8],[12,5,13,6],[7,3,8,2],[18,9,19,10],[6,11,7,12],[24,13,1,14],[22,15,23,16],[20,17,21,18],[10,19,11,20],[16,21,17,22],[14,23,15,24]]"
12n_0122,"[[1,5,2,4],[3,9,4,8],[12,6,13,5],[7,3,8,2],[18,9,19,10],[16,12,17,11],[6,14,7,13],[20,15,21,16],[24,17,1,18],[22,20,23,19],[14,21,15,22],[10,23,11,24]]"
12n_0123,"[[1,5,2,4],[3,9,4,8],[12,6,13,5],[7,3,8,2],[9,19,10,18],[11,16,12,17],[6,14,7,13],[15,21,16,20],[17,1,18,24],[19,22,20,23],[21,15,22,14],[23,11,24,10]]"
12n_0124,"[[1,5,2,4],[3,9,4,8],[5,12,6,13],[7,3,8,2],[18,9,19,10],[16,12,17,11],[13,6,14,7],[20,15,21,16],[24,17,1,18],[22,20,23,19],[14,21,15,22],[10,23,11,24]]"
12n_0125,"[[1,5,2,4],[3,9,4,8],[12,6,13,5],[7,3,8,2],[18,9,19,10],[20,12,21,11],[6,14,7,13],[10,15,11,16],[22,18,23,17],[14,20,15,19],[24,21,1,22],[16,24,17,23]]"
12n_0126,"[[1,5,2,4],[3,9,4,8],[12,6,13,5],[7,3,8,2],[9,19,10,18],[11,20,12,21],[6,14,7,13],[15,11,16,10],[17,22,18,23],[19,14,20,15],[21,1,22,24],[23,16,24,17]]"
12n_0127,"[[1,5,2,4],[3,9,4,8],[12,6,13,5],[7,3,8,2],[20,10,21,9],[18,11,19,12],[6,14,7,13],[10,15,11,16],[22,17,23,18],[14,19,15,20],[24,22,1,21],[16,23,17,24]]"
12n_0128,"[[1,5,2,4],[3,9,4,8],[12,6,13,5],[7,3,8,2],[9,20,10,21],[11,19,12,18],[6,14,7,13],[15,11,16,10],[17,23,18,22],[19,15,20,14],[21,24,22,1],[23,17,24,16]]"
12n_0129,"[[1,5,2,4],[3,9,4,8],[5,12,6,13],[7,3,8,2],[20,10,21,9],[18,11,19,12],[13,6,14,7],[10,15,11,16],[22,17,23,18],[14,19,15,20],[24,22,1,21],[16,23,17,24]]"
12n_0130,"[[1,5,2,4],[3,9,4,8],[12,5,13,6],[7,3,8,2],[22,10,23,9],[6,11,7,12],[16,13,17,14],[20,15,21,16],[24,17,1,18],[14,19,15,20],[10,22,11,21],[18,23,19,24]]"
12n_0131,"[[1,5,2,4],[3,9,4,8],[12,5,13,6],[7,3,8,2],[9,22,10,23],[6,11,7,12],[13,17,14,16],[15,21,16,20],[17,1,18,24],[19,15,20,14],[21,10,22,11],[23,19,24,18]]"
12n_0132,"[[1,5,2,4],[3,9,4,8],[5,13,6,12],[7,3,8,2],[22,10,23,9],[11,7,12,6],[16,13,17,14],[20,15,21,16],[24,17,1,18],[14,19,15,20],[10,22,11,21],[18,23,19,24]]"
12n_0133,"[[1,5,2,4],[3,9,4,8],[5,13,6,12],[7,3,8,2],[22,10,23,9],[11,7,12,6],[13,17,14,16],[15,21,16,20],[17,1,18,24],[19,15,20,14],[10,22,11,21],[23,19,24,18]]"
12n_0134,"[[1,5,2,4],[3,9,4,8],[12,5,13,6],[7,3,8,2],[22,10,23,9],[6,11,7,12],[18,14,19,13],[20,16,21,15],[24,18,1,17],[14,20,15,19],[10,22,11,21],[16,24,17,23]]"
12n_0135,"[[1,5,2,4],[3,9,4,8],[12,5,13,6],[7,3,8,2],[9,22,10,23],[6,11,7,12],[13,18,14,19],[15,20,16,21],[17,24,18,1],[19,14,20,15],[21,10,22,11],[23,16,24,17]]"
12n_0136,"[[1,5,2,4],[3,9,4,8],[5,13,6,12],[7,3,8,2],[22,10,23,9],[11,7,12,6],[18,14,19,13],[20,16,21,15],[24,18,1,17],[14,20,15,19],[10,22,11,21],[16,24,17,23]]"
12n_0137,"[[1,5,2,4],[3,9,4,8],[5,13,6,12],[7,3,8,2],[22,10,23,9],[11,7,12,6],[13,18,14,19],[15,20,16,21],[17,24,18,1],[19,14,20,15],[10,22,11,21],[23,16,24,17]]"
12n_0138,"[[1,5,2,4],[3,9,4,8],[5,13,6,12],[7,3,8,2],[9,22,10,23],[11,7,12,6],[18,14,19,13],[20,16,21,15],[24,18,1,17],[14,20,15,19],[21,10,22,11],[16,24,17,23]]"
12n_0139,"[[1,5,2,4],[3,9,4,8],[12,6,13,5],[7,3,8,2],[22,10,23,9],[16,12,17,11],[6,14,7,13],[20,15,21,16],[24,17,1,18],[10,20,11,19],[14,21,15,22],[18,23,19,24]]"
12n_0140,"[[1,5,2,4],[3,9,4,8],[12,6,13,5],[7,3,8,2],[9,22,10,23],[11,16,12,17],[6,14,7,13],[15,21,16,20],[17,1,18,24],[19,10,20,11],[21,15,22,14],[23,19,24,18]]"
12n_0141,"[[1,5,2,4],[3,9,4,8],[5,12,6,13],[7,3,8,2],[22,10,23,9],[16,12,17,11],[13,6,14,7],[20,15,21,16],[24,17,1,18],[10,20,11,19],[14,21,15,22],[18,23,19,24]]"
12n_0142,"[[1,5,2,4],[3,8,4,9],[12,5,13,6],[16,8,17,7],[9,2,10,3],[18,12,19,11],[20,13,21,14],[22,16,23,15],[10,18,11,17],[6,20,7,19],[24,21,1,22],[14,24,15,23]]"
12n_0143,"[[1,5,2,4],[3,8,4,9],[12,5,13,6],[16,8,17,7],[9,2,10,3],[18,12,19,11],[22,14,23,13],[20,15,21,16],[10,18,11,17],[6,20,7,19],[24,22,1,21],[14,24,15,23]]"
12n_0144,"[[1,5,2,4],[3,8,4,9],[12,5,13,6],[16,8,17,7],[9,2,10,3],[18,11,19,12],[22,13,23,14],[24,15,1,16],[20,18,21,17],[10,19,11,20],[6,22,7,21],[14,23,15,24]]"
12n_0145,"[[1,5,2,4],[3,8,4,9],[12,5,13,6],[16,8,17,7],[9,2,10,3],[18,11,19,12],[24,13,1,14],[22,15,23,16],[20,18,21,17],[10,19,11,20],[6,22,7,21],[14,23,15,24]]"
12n_0146,"[[1,5,2,4],[3,8,4,9],[12,5,13,6],[18,7,19,8],[9,2,10,3],[16,11,17,12],[22,13,23,14],[6,15,7,16],[10,17,11,18],[24,20,1,19],[14,21,15,22],[20,24,21,23]]"
12n_0147,"[[1,5,2,4],[3,8,4,9],[12,5,13,6],[20,7,21,8],[9,2,10,3],[18,12,19,11],[22,14,23,13],[6,15,7,16],[10,18,11,17],[16,20,17,19],[24,22,1,21],[14,24,15,23]]"
12n_0148,"[[1,5,2,4],[3,8,4,9],[12,5,13,6],[20,7,21,8],[9,2,10,3],[18,11,19,12],[22,13,23,14],[24,15,1,16],[6,17,7,18],[10,19,11,20],[16,21,17,22],[14,23,15,24]]"
12n_0149,"[[1,5,2,4],[3,8,4,9],[12,5,13,6],[20,7,21,8],[9,2,10,3],[18,11,19,12],[24,13,1,14],[22,15,23,16],[6,17,7,18],[10,19,11,20],[16,21,17,22],[14,23,15,24]]"
12n_0150,"[[1,5,2,4],[3,9,4,8],[14,6,15,5],[7,3,8,2],[16,10,17,9],[18,11,19,12],[20,14,21,13],[6,16,7,15],[24,18,1,17],[22,19,23,20],[12,22,13,21],[10,23,11,24]]"
12n_0151,"[[1,5,2,4],[3,9,4,8],[14,6,15,5],[7,3,8,2],[9,16,10,17],[11,19,12,18],[13,20,14,21],[6,16,7,15],[17,24,18,1],[19,23,20,22],[21,12,22,13],[23,11,24,10]]"
12n_0152,"[[1,5,2,4],[3,9,4,8],[5,14,6,15],[7,3,8,2],[16,10,17,9],[18,11,19,12],[20,14,21,13],[15,6,16,7],[24,18,1,17],[22,19,23,20],[12,22,13,21],[10,23,11,24]]"
12n_0153,"[[1,5,2,4],[3,9,4,8],[14,6,15,5],[7,3,8,2],[16,10,17,9],[18,12,19,11],[22,14,23,13],[6,16,7,15],[10,18,11,17],[24,20,1,19],[12,22,13,21],[20,24,21,23]]"
12n_0154,"[[1,5,2,4],[3,9,4,8],[14,6,15,5],[7,3,8,2],[9,16,10,17],[11,18,12,19],[13,22,14,23],[6,16,7,15],[17,10,18,11],[19,24,20,1],[21,12,22,13],[23,20,24,21]]"
12n_0155,"[[1,5,2,4],[3,9,4,8],[5,14,6,15],[7,3,8,2],[16,10,17,9],[18,12,19,11],[22,14,23,13],[15,6,16,7],[10,18,11,17],[24,20,1,19],[12,22,13,21],[20,24,21,23]]"
12n_0156,"[[1,5,2,4],[3,9,4,8],[14,6,15,5],[7,3,8,2],[16,10,17,9],[18,11,19,12],[22,13,23,14],[6,16,7,15],[20,18,21,17],[10,19,11,20],[24,22,1,21],[12,23,13,24]]"
12n_0157,"[[1,5,2,4],[3,9,4,8],[14,6,15,5],[7,3,8,2],[9,16,10,17],[11,19,12,18],[13,23,14,22],[6,16,7,15],[17,20,18,21],[19,11,20,10],[21,24,22,1],[23,13,24,12]]"
12n_0158,"[[1,5,2,4],[3,9,4,8],[5,14,6,15],[7,3,8,2],[16,10,17,9],[18,11,19,12],[22,13,23,14],[15,6,16,7],[20,18,21,17],[10,19,11,20],[24,22,1,21],[12,23,13,24]]"
12n_0159,"[[1,5,2,4],[3,9,4,8],[14,5,15,6],[7,3,8,2],[16,9,17,10],[20,11,21,12],[6,13,7,14],[24,15,1,16],[10,17,11,18],[22,19,23,20],[12,21,13,22],[18,23,19,24]]"
12n_0160,"[[1,5,2,4],[3,9,4,8],[14,5,15,6],[7,3,8,2],[16,9,17,10],[20,11,21,12],[6,13,7,14],[24,15,1,16],[12,17,13,18],[22,20,23,19],[10,21,11,22],[18,24,19,23]]"
12n_0161,"[[1,5,2,4],[3,9,4,8],[14,5,15,6],[7,3,8,2],[9,17,10,16],[11,21,12,20],[6,13,7,14],[15,1,16,24],[17,13,18,12],[19,22,20,23],[21,11,22,10],[23,18,24,19]]"
12n_0162,"[[1,5,2,4],[3,9,4,8],[5,15,6,14],[7,3,8,2],[16,9,17,10],[20,11,21,12],[13,7,14,6],[24,15,1,16],[12,17,13,18],[22,20,23,19],[10,21,11,22],[18,24,19,23]]"
12n_0163,"[[1,5,2,4],[3,9,4,8],[14,6,15,5],[7,3,8,2],[16,10,17,9],[20,12,21,11],[18,13,19,14],[6,16,7,15],[24,18,1,17],[22,20,23,19],[12,22,13,21],[10,23,11,24]]"
12n_0164,"[[1,5,2,4],[3,9,4,8],[14,6,15,5],[7,3,8,2],[9,16,10,17],[11,20,12,21],[13,19,14,18],[6,16,7,15],[17,24,18,1],[19,22,20,23],[21,12,22,13],[23,11,24,10]]"
12n_0165,"[[1,5,2,4],[3,9,4,8],[5,14,6,15],[7,3,8,2],[16,10,17,9],[20,12,21,11],[18,13,19,14],[15,6,16,7],[24,18,1,17],[22,20,23,19],[12,22,13,21],[10,23,11,24]]"
12n_0166,"[[1,5,2,4],[3,9,4,8],[14,6,15,5],[7,3,8,2],[16,10,17,9],[20,12,21,11],[22,14,23,13],[6,16,7,15],[24,18,1,17],[10,20,11,19],[12,22,13,21],[18,24,19,23]]"
12n_0167,"[[1,5,2,4],[3,9,4,8],[14,6,15,5],[7,3,8,2],[9,16,10,17],[11,20,12,21],[13,22,14,23],[6,16,7,15],[17,24,18,1],[19,10,20,11],[21,12,22,13],[23,18,24,19]]"
12n_0168,"[[1,5,2,4],[3,9,4,8],[5,14,6,15],[7,3,8,2],[16,10,17,9],[20,12,21,11],[22,14,23,13],[15,6,16,7],[24,18,1,17],[10,20,11,19],[12,22,13,21],[18,24,19,23]]"
12n_0169,"[[1,5,2,4],[3,9,4,8],[14,6,15,5],[7,3,8,2],[16,10,17,9],[20,12,21,11],[22,14,23,13],[6,16,7,15],[24,18,1,17],[12,20,13,19],[10,22,11,21],[18,24,19,23]]"
12n_0170,"[[1,5,2,4],[3,9,4,8],[14,6,15,5],[7,3,8,2],[9,16,10,17],[11,20,12,21],[13,22,14,23],[6,16,7,15],[17,24,18,1],[19,12,20,13],[21,10,22,11],[23,18,24,19]]"
12n_0171,"[[1,5,2,4],[3,9,4,8],[5,14,6,15],[7,3,8,2],[16,10,17,9],[20,12,21,11],[22,14,23,13],[15,6,16,7],[24,18,1,17],[12,20,13,19],[10,22,11,21],[18,24,19,23]]"
12n_0172,"[[1,5,2,4],[3,9,4,8],[14,6,15,5],[7,3,8,2],[16,10,17,9],[20,12,21,11],[24,14,1,13],[6,16,7,15],[12,18,13,17],[22,19,23,20],[10,22,11,21],[18,23,19,24]]"
12n_0173,"[[1,5,2,4],[3,9,4,8],[14,5,15,6],[7,3,8,2],[18,10,19,9],[16,11,17,12],[6,13,7,14],[20,16,21,15],[22,17,23,18],[24,20,1,19],[12,22,13,21],[10,23,11,24]]"
12n_0174,"[[1,5,2,4],[3,9,4,8],[14,5,15,6],[7,3,8,2],[9,18,10,19],[11,17,12,16],[6,13,7,14],[15,20,16,21],[17,23,18,22],[19,24,20,1],[21,12,22,13],[23,11,24,10]]"
12n_0175,"[[1,5,2,4],[3,9,4,8],[5,15,6,14],[7,3,8,2],[18,10,19,9],[16,11,17,12],[13,7,14,6],[20,16,21,15],[22,17,23,18],[24,20,1,19],[12,22,13,21],[10,23,11,24]]"
12n_0176,"[[1,5,2,4],[3,9,4,8],[5,15,6,14],[7,3,8,2],[18,10,19,9],[11,17,12,16],[13,7,14,6],[15,20,16,21],[17,23,18,22],[24,20,1,19],[21,12,22,13],[10,23,11,24]]"
12n_0177,"[[1,5,2,4],[3,9,4,8],[14,6,15,5],[7,3,8,2],[18,10,19,9],[16,12,17,11],[22,14,23,13],[6,16,7,15],[10,18,11,17],[24,20,1,19],[12,22,13,21],[20,24,21,23]]"
12n_0178,"[[1,5,2,4],[3,9,4,8],[14,6,15,5],[7,3,8,2],[9,18,10,19],[11,16,12,17],[13,22,14,23],[6,16,7,15],[17,10,18,11],[19,24,20,1],[21,12,22,13],[23,20,24,21]]"
12n_0179,"[[1,5,2,4],[3,9,4,8],[5,14,6,15],[7,3,8,2],[18,10,19,9],[16,12,17,11],[22,14,23,13],[15,6,16,7],[10,18,11,17],[24,20,1,19],[12,22,13,21],[20,24,21,23]]"
12n_0180,"[[1,5,2,4],[3,9,4,8],[5,14,6,15],[7,3,8,2],[18,10,19,9],[16,12,17,11],[13,22,14,23],[15,6,16,7],[10,18,11,17],[19,24,20,1],[21,12,22,13],[23,20,24,21]]"
12n_0181,"[[1,5,2,4],[3,9,4,8],[5,14,6,15],[7,3,8,2],[9,18,10,19],[11,16,12,17],[22,14,23,13],[15,6,16,7],[17,10,18,11],[24,20,1,19],[12,22,13,21],[20,24,21,23]]"
12n_0182,"[[1,5,2,4],[3,9,4,8],[14,6,15,5],[7,3,8,2],[18,9,19,10],[16,12,17,11],[22,13,23,14],[6,16,7,15],[20,17,21,18],[10,19,11,20],[24,22,1,21],[12,23,13,24]]"
12n_0183,"[[1,5,2,4],[3,9,4,8],[14,6,15,5],[7,3,8,2],[9,19,10,18],[11,16,12,17],[13,23,14,22],[6,16,7,15],[17,21,18,20],[19,11,20,10],[21,24,22,1],[23,13,24,12]]"
12n_0184,"[[1,5,2,4],[3,9,4,8],[5,14,6,15],[7,3,8,2],[18,9,19,10],[16,12,17,11],[22,13,23,14],[15,6,16,7],[20,17,21,18],[10,19,11,20],[24,22,1,21],[12,23,13,24]]"
12n_0185,"[[1,5,2,4],[3,9,4,8],[14,5,15,6],[7,3,8,2],[18,10,19,9],[20,12,21,11],[6,13,7,14],[22,16,23,15],[12,18,13,17],[10,20,11,19],[24,22,1,21],[16,24,17,23]]"
12n_0186,"[[1,5,2,4],[3,9,4,8],[14,5,15,6],[7,3,8,2],[9,18,10,19],[11,20,12,21],[6,13,7,14],[15,22,16,23],[17,12,18,13],[19,10,20,11],[21,24,22,1],[23,16,24,17]]"
12n_0187,"[[1,5,2,4],[3,9,4,8],[5,15,6,14],[7,3,8,2],[18,10,19,9],[20,12,21,11],[13,7,14,6],[22,16,23,15],[12,18,13,17],[10,20,11,19],[24,22,1,21],[16,24,17,23]]"
12n_0188,"[[1,5,2,4],[3,9,4,8],[5,15,6,14],[7,3,8,2],[18,10,19,9],[20,12,21,11],[13,7,14,6],[15,22,16,23],[12,18,13,17],[10,20,11,19],[21,24,22,1],[23,16,24,17]]"
12n_0189,"[[1,5,2,4],[3,9,4,8],[5,15,6,14],[7,3,8,2],[9,18,10,19],[11,20,12,21],[13,7,14,6],[22,16,23,15],[17,12,18,13],[19,10,20,11],[24,22,1,21],[16,24,17,23]]"
12n_0190,"[[1,5,2,4],[3,9,4,8],[14,5,15,6],[7,3,8,2],[18,9,19,10],[20,11,21,12],[6,13,7,14],[22,15,23,16],[24,17,1,18],[10,19,11,20],[12,21,13,22],[16,23,17,24]]"
12n_0191,"[[1,5,2,4],[3,9,4,8],[14,5,15,6],[7,3,8,2],[9,19,10,18],[11,21,12,20],[6,13,7,14],[15,23,16,22],[17,1,18,24],[19,11,20,10],[21,13,22,12],[23,17,24,16]]"
12n_0192,"[[1,5,2,4],[3,9,4,8],[5,15,6,14],[7,3,8,2],[18,9,19,10],[20,11,21,12],[13,7,14,6],[22,15,23,16],[24,17,1,18],[10,19,11,20],[12,21,13,22],[16,23,17,24]]"
12n_0193,"[[1,5,2,4],[3,9,4,8],[14,5,15,6],[7,3,8,2],[18,9,19,10],[20,11,21,12],[6,13,7,14],[22,15,23,16],[24,17,1,18],[12,19,13,20],[10,21,11,22],[16,23,17,24]]"
12n_0194,"[[1,5,2,4],[3,9,4,8],[14,5,15,6],[7,3,8,2],[9,19,10,18],[11,21,12,20],[6,13,7,14],[15,23,16,22],[17,1,18,24],[19,13,20,12],[21,11,22,10],[23,17,24,16]]"
12n_0195,"[[1,5,2,4],[3,9,4,8],[5,15,6,14],[7,3,8,2],[18,9,19,10],[20,11,21,12],[13,7,14,6],[22,15,23,16],[24,17,1,18],[12,19,13,20],[10,21,11,22],[16,23,17,24]]"
12n_0196,"[[1,5,2,4],[3,9,4,8],[5,15,6,14],[7,3,8,2],[18,9,19,10],[20,11,21,12],[13,7,14,6],[15,23,16,22],[17,1,18,24],[12,19,13,20],[10,21,11,22],[23,17,24,16]]"
12n_0197,"[[1,5,2,4],[3,9,4,8],[5,15,6,14],[7,3,8,2],[9,19,10,18],[11,21,12,20],[13,7,14,6],[22,15,23,16],[24,17,1,18],[19,13,20,12],[21,11,22,10],[16,23,17,24]]"
12n_0198,"[[1,5,2,4],[3,9,4,8],[14,5,15,6],[7,3,8,2],[18,10,19,9],[20,11,21,12],[6,13,7,14],[24,15,1,16],[12,18,13,17],[22,20,23,19],[10,21,11,22],[16,23,17,24]]"
12n_0199,"[[1,5,2,4],[3,9,4,8],[14,5,15,6],[7,3,8,2],[18,9,19,10],[20,11,21,12],[6,13,7,14],[24,15,1,16],[22,17,23,18],[10,19,11,20],[12,21,13,22],[16,23,17,24]]"
12n_0200,"[[1,5,2,4],[3,9,4,8],[14,5,15,6],[7,3,8,2],[18,9,19,10],[20,11,21,12],[6,13,7,14],[24,15,1,16],[22,17,23,18],[12,19,13,20],[10,21,11,22],[16,23,17,24]]"
12n_0201,"[[1,5,2,4],[3,9,4,8],[14,5,15,6],[7,3,8,2],[18,10,19,9],[22,12,23,11],[6,13,7,14],[20,16,21,15],[10,18,11,17],[24,20,1,19],[12,22,13,21],[16,24,17,23]]"
12n_0202,"[[1,5,2,4],[3,9,4,8],[14,5,15,6],[7,3,8,2],[9,18,10,19],[11,22,12,23],[6,13,7,14],[15,20,16,21],[17,10,18,11],[19,24,20,1],[21,12,22,13],[23,16,24,17]]"
12n_0203,"[[1,5,2,4],[3,9,4,8],[5,15,6,14],[7,3,8,2],[18,10,19,9],[22,12,23,11],[13,7,14,6],[20,16,21,15],[10,18,11,17],[24,20,1,19],[12,22,13,21],[16,24,17,23]]"
12n_0204,"[[1,5,2,4],[3,9,4,8],[5,15,6,14],[7,3,8,2],[18,10,19,9],[22,12,23,11],[13,7,14,6],[15,20,16,21],[10,18,11,17],[19,24,20,1],[12,22,13,21],[16,24,17,23]]"
12n_0205,"[[1,5,2,4],[3,9,4,8],[14,5,15,6],[7,3,8,2],[18,10,19,9],[22,11,23,12],[6,13,7,14],[20,16,21,15],[12,18,13,17],[24,20,1,19],[16,22,17,21],[10,23,11,24]]"
12n_0206,"[[1,5,2,4],[3,9,4,8],[14,5,15,6],[7,3,8,2],[9,18,10,19],[11,23,12,22],[6,13,7,14],[15,20,16,21],[17,12,18,13],[19,24,20,1],[21,16,22,17],[23,11,24,10]]"
12n_0207,"[[1,5,2,4],[3,9,4,8],[5,15,6,14],[7,3,8,2],[18,10,19,9],[22,11,23,12],[13,7,14,6],[20,16,21,15],[12,18,13,17],[24,20,1,19],[16,22,17,21],[10,23,11,24]]"
12n_0208,"[[1,5,2,4],[3,9,4,8],[14,5,15,6],[7,3,8,2],[18,9,19,10],[22,11,23,12],[6,13,7,14],[20,15,21,16],[24,17,1,18],[12,19,13,20],[16,21,17,22],[10,23,11,24]]"
12n_0209,"[[1,5,2,4],[3,9,4,8],[14,5,15,6],[7,3,8,2],[9,19,10,18],[11,23,12,22],[6,13,7,14],[15,21,16,20],[17,1,18,24],[19,13,20,12],[21,17,22,16],[23,11,24,10]]"
12n_0210,"[[1,5,2,4],[3,9,4,8],[5,15,6,14],[7,3,8,2],[18,9,19,10],[22,11,23,12],[13,7,14,6],[20,15,21,16],[24,17,1,18],[12,19,13,20],[16,21,17,22],[10,23,11,24]]"
12n_0211,"[[1,5,2,4],[3,9,4,8],[14,5,15,6],[7,3,8,2],[18,10,19,9],[22,12,23,11],[6,13,7,14],[24,15,1,16],[10,18,11,17],[16,19,17,20],[12,22,13,21],[20,23,21,24]]"
12n_0212,"[[1,5,2,4],[3,9,4,8],[14,5,15,6],[7,3,8,2],[20,9,21,10],[16,11,17,12],[6,13,7,14],[22,15,23,16],[10,17,11,18],[24,19,1,20],[12,21,13,22],[18,23,19,24]]"
12n_0213,"[[1,5,2,4],[3,9,4,8],[14,5,15,6],[7,3,8,2],[9,21,10,20],[11,17,12,16],[6,13,7,14],[15,23,16,22],[17,11,18,10],[19,1,20,24],[21,13,22,12],[23,19,24,18]]"
12n_0214,"[[1,5,2,4],[3,9,4,8],[5,15,6,14],[7,3,8,2],[20,9,21,10],[16,11,17,12],[13,7,14,6],[22,15,23,16],[10,17,11,18],[24,19,1,20],[12,21,13,22],[18,23,19,24]]"
12n_0215,"[[1,5,2,4],[3,9,4,8],[14,5,15,6],[7,3,8,2],[20,10,21,9],[18,12,19,11],[6,13,7,14],[22,16,23,15],[12,18,13,17],[10,20,11,19],[24,22,1,21],[16,24,17,23]]"
12n_0216,"[[1,5,2,4],[3,9,4,8],[14,5,15,6],[7,3,8,2],[9,20,10,21],[11,18,12,19],[6,13,7,14],[15,22,16,23],[17,12,18,13],[19,10,20,11],[21,24,22,1],[23,16,24,17]]"
12n_0217,"[[1,5,2,4],[3,9,4,8],[5,15,6,14],[7,3,8,2],[20,10,21,9],[18,12,19,11],[13,7,14,6],[22,16,23,15],[12,18,13,17],[10,20,11,19],[24,22,1,21],[16,24,17,23]]"
12n_0218,"[[1,5,2,4],[3,9,4,8],[14,5,15,6],[7,3,8,2],[20,9,21,10],[18,12,19,11],[6,13,7,14],[24,15,1,16],[12,18,13,17],[22,19,23,20],[10,21,11,22],[16,23,17,24]]"
12n_0219,"[[1,5,2,4],[3,9,4,8],[14,6,15,5],[7,3,8,2],[20,10,21,9],[22,11,23,12],[18,13,19,14],[6,16,7,15],[12,17,13,18],[16,19,17,20],[24,22,1,21],[10,23,11,24]]"
12n_0220,"[[1,5,2,4],[3,9,4,8],[14,6,15,5],[7,3,8,2],[20,10,21,9],[22,11,23,12],[13,19,14,18],[6,16,7,15],[17,13,18,12],[19,17,20,16],[24,22,1,21],[10,23,11,24]]"
12n_0221,"[[1,5,2,4],[3,9,4,8],[14,6,15,5],[7,3,8,2],[9,20,10,21],[11,23,12,22],[18,13,19,14],[6,16,7,15],[12,17,13,18],[16,19,17,20],[21,24,22,1],[23,11,24,10]]"
12n_0222,"[[1,5,2,4],[3,9,4,8],[14,6,15,5],[7,3,8,2],[9,20,10,21],[11,23,12,22],[13,19,14,18],[6,16,7,15],[17,13,18,12],[19,17,20,16],[21,24,22,1],[23,11,24,10]]"
12n_0223,"[[1,5,2,4],[3,9,4,8],[5,14,6,15],[7,3,8,2],[20,10,21,9],[22,11,23,12],[13,19,14,18],[15,6,16,7],[17,13,18,12],[19,17,20,16],[24,22,1,21],[10,23,11,24]]"
12n_0224,"[[1,5,2,4],[3,9,4,8],[14,5,15,6],[7,3,8,2],[22,10,23,9],[16,11,17,12],[6,13,7,14],[18,15,19,16],[12,17,13,18],[24,19,1,20],[10,22,11,21],[20,23,21,24]]"
12n_0225,"[[1,5,2,4],[3,9,4,8],[14,5,15,6],[7,3,8,2],[22,10,23,9],[11,17,12,16],[6,13,7,14],[15,19,16,18],[17,13,18,12],[24,19,1,20],[10,22,11,21],[20,23,21,24]]"
12n_0226,"[[1,5,2,4],[3,9,4,8],[14,5,15,6],[7,3,8,2],[22,10,23,9],[16,11,17,12],[6,13,7,14],[20,16,21,15],[10,17,11,18],[24,20,1,19],[12,22,13,21],[18,24,19,23]]"
12n_0227,"[[1,5,2,4],[3,9,4,8],[14,5,15,6],[7,3,8,2],[9,22,10,23],[11,17,12,16],[6,13,7,14],[15,20,16,21],[17,11,18,10],[19,24,20,1],[21,12,22,13],[23,18,24,19]]"
12n_0228,"[[1,5,2,4],[3,9,4,8],[5,15,6,14],[7,3,8,2],[22,10,23,9],[16,11,17,12],[13,7,14,6],[20,16,21,15],[10,17,11,18],[24,20,1,19],[12,22,13,21],[18,24,19,23]]"
12n_0229,"[[1,5,2,4],[3,9,4,8],[14,6,15,5],[7,3,8,2],[22,10,23,9],[16,12,17,11],[18,14,19,13],[6,16,7,15],[12,18,13,17],[24,19,1,20],[10,22,11,21],[20,23,21,24]]"
12n_0230,"[[1,5,2,4],[3,8,4,9],[5,15,6,14],[7,11,8,10],[9,2,10,3],[18,12,19,11],[13,7,14,6],[22,15,23,16],[12,18,13,17],[24,20,1,19],[16,21,17,22],[20,24,21,23]]"
12n_0231,"[[1,5,2,4],[3,8,4,9],[5,14,6,15],[7,11,8,10],[9,2,10,3],[18,12,19,11],[20,13,21,14],[15,6,16,7],[22,17,23,18],[24,20,1,19],[16,21,17,22],[12,23,13,24]]"
12n_0232,"[[1,5,2,4],[3,8,4,9],[5,14,6,15],[7,11,8,10],[9,2,10,3],[20,11,21,12],[22,14,23,13],[15,6,16,7],[12,17,13,18],[24,19,1,20],[16,22,17,21],[18,23,19,24]]"
12n_0233,"[[1,5,2,4],[3,9,4,8],[16,5,17,6],[7,3,8,2],[18,9,19,10],[20,11,21,12],[22,13,23,14],[6,15,7,16],[24,17,1,18],[10,19,11,20],[12,21,13,22],[14,23,15,24]]"
12n_0234,"[[1,5,2,4],[3,9,4,8],[16,5,17,6],[7,3,8,2],[9,19,10,18],[11,21,12,20],[13,23,14,22],[6,15,7,16],[17,1,18,24],[19,11,20,10],[21,13,22,12],[23,15,24,14]]"
12n_0235,"[[1,5,2,4],[3,9,4,8],[5,17,6,16],[7,3,8,2],[18,9,19,10],[20,11,21,12],[22,13,23,14],[15,7,16,6],[24,17,1,18],[10,19,11,20],[12,21,13,22],[14,23,15,24]]"
12n_0236,"[[1,5,2,4],[3,9,4,8],[16,5,17,6],[7,3,8,2],[18,9,19,10],[20,11,21,12],[22,13,23,14],[6,15,7,16],[24,17,1,18],[10,19,11,20],[14,21,15,22],[12,23,13,24]]"
12n_0237,"[[1,5,2,4],[3,9,4,8],[16,5,17,6],[7,3,8,2],[9,19,10,18],[11,21,12,20],[13,23,14,22],[6,15,7,16],[17,1,18,24],[19,11,20,10],[21,15,22,14],[23,13,24,12]]"
12n_0238,"[[1,5,2,4],[3,9,4,8],[5,17,6,16],[7,3,8,2],[18,9,19,10],[20,11,21,12],[22,13,23,14],[15,7,16,6],[24,17,1,18],[10,19,11,20],[14,21,15,22],[12,23,13,24]]"
12n_0239,"[[1,5,2,4],[3,9,4,8],[16,5,17,6],[7,3,8,2],[18,9,19,10],[20,11,21,12],[22,13,23,14],[6,15,7,16],[24,17,1,18],[14,19,15,20],[12,21,13,22],[10,23,11,24]]"
12n_0240,"[[1,5,2,4],[3,9,4,8],[16,5,17,6],[7,3,8,2],[9,19,10,18],[11,21,12,20],[13,23,14,22],[6,15,7,16],[17,1,18,24],[19,15,20,14],[21,13,22,12],[23,11,24,10]]"
12n_0241,"[[1,5,2,4],[3,9,4,8],[5,17,6,16],[7,3,8,2],[18,9,19,10],[20,11,21,12],[22,13,23,14],[15,7,16,6],[24,17,1,18],[14,19,15,20],[12,21,13,22],[10,23,11,24]]"
12n_0242,"[[1,5,2,4],[3,9,4,8],[16,6,17,5],[7,3,8,2],[18,10,19,9],[20,12,21,11],[22,14,23,13],[24,16,1,15],[6,18,7,17],[10,20,11,19],[12,22,13,21],[14,24,15,23]]"
12n_0243,"[[1,5,2,4],[3,9,4,8],[16,6,17,5],[7,3,8,2],[18,10,19,9],[20,12,21,11],[22,14,23,13],[24,16,1,15],[6,18,7,17],[10,20,11,19],[14,22,15,21],[12,24,13,23]]"
12n_0244,"[[1,5,2,4],[3,9,4,8],[16,6,17,5],[7,3,8,2],[18,10,19,9],[20,12,21,11],[22,14,23,13],[24,16,1,15],[6,18,7,17],[14,20,15,19],[12,22,13,21],[10,24,11,23]]"
12n_0245,"[[1,5,2,4],[3,9,4,8],[16,6,17,5],[7,3,8,2],[18,10,19,9],[20,12,21,11],[24,14,1,13],[22,16,23,15],[6,18,7,17],[12,20,13,19],[10,22,11,21],[14,24,15,23]]"
