name,pd_notation
12n_0043_0,"[[24, 13, 1, 14], [2, 6, 3, 5], [4, 9, 5, 10], [6, 12, 7, 11], [17, 9, 18, 8], [10, 3, 11, 4], [12, 20, 13, 19], [14, 21, 15, 22], [16, 23, 17, 24], [7, 19, 8, 18], [20, 2, 21, 1], [22, 15, 23, 16]]"
12n_0043_1,"[[22, 15, 23, 16], [24, 13, 1, 14], [2, 6, 3, 5], [4, 9, 5, 10], [6, 12, 7, 11], [17, 9, 18, 8], [10, 3, 11, 4], [12, 20, 13, 19], [14, 21, 15, 22], [16, 23, 17, 24], [7, 19, 8, 18], [20, 2, 21, 1]]"
12n_0043_2,"[[20, 2, 21, 1], [22, 15, 23, 16], [24, 13, 1, 14], [2, 6, 3, 5], [4, 9, 5, 10], [6, 12, 7, 11], [17, 9, 18, 8], [10, 3, 11, 4], [12, 20, 13, 19], [14, 21, 15, 22], [16, 23, 17, 24], [7, 19, 8, 18]]"
12n_0043_3,"[[7, 19, 8, 18], [20, 2, 21, 1], [22, 15, 23, 16], [24, 13, 1, 14], [2, 6, 3, 5], [4, 9, 5, 10], [6, 12, 7, 11], [17, 9, 18, 8], [10, 3, 11, 4], [12, 20, 13, 19], [14, 21, 15, 22], [16, 23, 17, 24]]"
12n_0043_4,"[[16, 23, 17, 24], [7, 19, 8, 18], [20, 2, 21, 1], [22, 15, 23, 16], [24, 13, 1, 14], [2, 6, 3, 5], [4, 9, 5, 10], [6, 12, 7, 11], [17, 9, 18, 8], [10, 3, 11, 4], [12, 20, 13, 19], [14, 21, 15, 22]]"
12n_0043_5,"[[14, 21, 15, 22], [16, 23, 17, 24], [7, 19, 8, 18], [20, 2, 21, 1], [22, 15, 23, 16], [24, 13, 1, 14], [2, 6, 3, 5], [4, 9, 5, 10], [6, 12, 7, 11], [17, 9, 18, 8], [10, 3, 11, 4], [12, 20, 13, 19]]"
12n_0043_6,"[[12, 20, 13, 19], [14, 21, 15, 22], [16, 23, 17, 24], [7, 19, 8, 18], [20, 2, 21, 1], [22, 15, 23, 16], [24, 13, 1, 14], [2, 6, 3, 5], [4, 9, 5, 10], [6, 12, 7, 11], [17, 9, 18, 8], [10, 3, 11, 4]]"
12n_0043_7,"[[10, 3, 11, 4], [12, 20, 13, 19], [14, 21, 15, 22], [16, 23, 17, 24], [7, 19, 8, 18], [20, 2, 21, 1], [22, 15, 23, 16], [24, 13, 1, 14], [2, 6, 3, 5], [4, 9, 5, 10], [6, 12, 7, 11], [17, 9, 18, 8]]"
12n_0043_8,"[[17, 9, 18, 8], [10, 3, 11, 4], [12, 20, 13, 19], [14, 21, 15, 22], [16, 23, 17, 24], [7, 19, 8, 18], [20, 2, 21, 1], [22, 15, 23, 16], [24, 13, 1, 14], [2, 6, 3, 5], [4, 9, 5, 10], [6, 12, 7, 11]]"
12n_0043_9,"[[6, 12, 7, 11], [17, 9, 18, 8], [10, 3, 11, 4], [12, 20, 13, 19], [14, 21, 15, 22], [16, 23, 17, 24], [7, 19, 8, 18], [20, 2, 21, 1], [22, 15, 23, 16], [24, 13, 1, 14], [2, 6, 3, 5], [4, 9, 5, 10]]"
12n_0043_10,"[[4, 9, 5, 10], [6, 12, 7, 11], [17, 9, 18, 8], [10, 3, 11, 4], [12, 20, 13, 19], [14, 21, 15, 22], [16, 23, 17, 24], [7, 19, 8, 18], [20, 2, 21, 1], [22, 15, 23, 16], [24, 13, 1, 14], [2, 6, 3, 5]]"
12n_0043_11,"[[2, 6, 3, 5], [4, 9, 5, 10], [6, 12, 7, 11], [17, 9, 18, 8], [10, 3, 11, 4], [12, 20, 13, 19], [14, 21, 15, 22], [16, 23, 17, 24], [7, 19, 8, 18], [20, 2, 21, 1], [22, 15, 23, 16], [24, 13, 1, 14]]"
12n_0043_12,"[[1, 14, 2, 15], [3, 7, 4, 6], [5, 10, 6, 11], [7, 13, 8, 12], [18, 10, 19, 9], [11, 4, 12, 5], [13, 21, 14, 20], [15, 22, 16, 23], [17, 24, 18, 1], [8, 20, 9, 19], [21, 3, 22, 2], [23, 16, 24, 17]]"
12n_0043_13,"[[23, 16, 24, 17], [1, 14, 2, 15], [3, 7, 4, 6], [5, 10, 6, 11], [7, 13, 8, 12], [18, 10, 19, 9], [11, 4, 12, 5], [13, 21, 14, 20], [15, 22, 16, 23], [17, 24, 18, 1], [8, 20, 9, 19], [21, 3, 22, 2]]"
12n_0043_14,"[[21, 3, 22, 2], [23, 16, 24, 17], [1, 14, 2, 15], [3, 7, 4, 6], [5, 10, 6, 11], [7, 13, 8, 12], [18, 10, 19, 9], [11, 4, 12, 5], [13, 21, 14, 20], [15, 22, 16, 23], [17, 24, 18, 1], [8, 20, 9, 19]]"
12n_0043_15,"[[8, 20, 9, 19], [21, 3, 22, 2], [23, 16, 24, 17], [1, 14, 2, 15], [3, 7, 4, 6], [5, 10, 6, 11], [7, 13, 8, 12], [18, 10, 19, 9], [11, 4, 12, 5], [13, 21, 14, 20], [15, 22, 16, 23], [17, 24, 18, 1]]"
12n_0043_16,"[[17, 24, 18, 1], [8, 20, 9, 19], [21, 3, 22, 2], [23, 16, 24, 17], [1, 14, 2, 15], [3, 7, 4, 6], [5, 10, 6, 11], [7, 13, 8, 12], [18, 10, 19, 9], [11, 4, 12, 5], [13, 21, 14, 20], [15, 22, 16, 23]]"
12n_0043_17,"[[15, 22, 16, 23], [17, 24, 18, 1], [8, 20, 9, 19], [21, 3, 22, 2], [23, 16, 24, 17], [1, 14, 2, 15], [3, 7, 4, 6], [5, 10, 6, 11], [7, 13, 8, 12], [18, 10, 19, 9], [11, 4, 12, 5], [13, 21, 14, 20]]"
12n_0043_18,"[[13, 21, 14, 20], [15, 22, 16, 23], [17, 24, 18, 1], [8, 20, 9, 19], [21, 3, 22, 2], [23, 16, 24, 17], [1, 14, 2, 15], [3, 7, 4, 6], [5, 10, 6, 11], [7, 13, 8, 12], [18, 10, 19, 9], [11, 4, 12, 5]]"
12n_0043_19,"[[11, 4, 12, 5], [13, 21, 14, 20], [15, 22, 16, 23], [17, 24, 18, 1], [8, 20, 9, 19], [21, 3, 22, 2], [23, 16, 24, 17], [1, 14, 2, 15], [3, 7, 4, 6], [5, 10, 6, 11], [7, 13, 8, 12], [18, 10, 19, 9]]"
12n_0043_20,"[[18, 10, 19, 9], [11, 4, 12, 5], [13, 21, 14, 20], [15, 22, 16, 23], [17, 24, 18, 1], [8, 20, 9, 19], [21, 3, 22, 2], [23, 16, 24, 17], [1, 14, 2, 15], [3, 7, 4, 6], [5, 10, 6, 11], [7, 13, 8, 12]]"
12n_0043_21,"[[7, 13, 8, 12], [18, 10, 19, 9], [11, 4, 12, 5], [13, 21, 14, 20], [15, 22, 16, 23], [17, 24, 18, 1], [8, 20, 9, 19], [21, 3, 22, 2], [23, 16, 24, 17], [1, 14, 2, 15], [3, 7, 4, 6], [5, 10, 6, 11]]"
12n_0043_22,"[[5, 10, 6, 11], [7, 13, 8, 12], [18, 10, 19, 9], [11, 4, 12, 5], [13, 21, 14, 20], [15, 22, 16, 23], [17, 24, 18, 1], [8, 20, 9, 19], [21, 3, 22, 2], [23, 16, 24, 17], [1, 14, 2, 15], [3, 7, 4, 6]]"
12n_0043_23,"[[3, 7, 4, 6], [5, 10, 6, 11], [7, 13, 8, 12], [18, 10, 19, 9], [11, 4, 12, 5], [13, 21, 14, 20], [15, 22, 16, 23], [17, 24, 18, 1], [8, 20, 9, 19], [21, 3, 22, 2], [23, 16, 24, 17], [1, 14, 2, 15]]"
12n_0043_24,"[[2, 15, 3, 16], [4, 8, 5, 7], [6, 11, 7, 12], [8, 14, 9, 13], [19, 11, 20, 10], [12, 5, 13, 6], [14, 22, 15, 21], [16, 23, 17, 24], [18, 1, 19, 2], [9, 21, 10, 20], [22, 4, 23, 3], [24, 17, 1, 18]]"
12n_0043_25,"[[24, 17, 1, 18], [2, 15, 3, 16], [4, 8, 5, 7], [6, 11, 7, 12], [8, 14, 9, 13], [19, 11, 20, 10], [12, 5, 13, 6], [14, 22, 15, 21], [16, 23, 17, 24], [18, 1, 19, 2], [9, 21, 10, 20], [22, 4, 23, 3]]"
12n_0043_26,"[[22, 4, 23, 3], [24, 17, 1, 18], [2, 15, 3, 16], [4, 8, 5, 7], [6, 11, 7, 12], [8, 14, 9, 13], [19, 11, 20, 10], [12, 5, 13, 6], [14, 22, 15, 21], [16, 23, 17, 24], [18, 1, 19, 2], [9, 21, 10, 20]]"
12n_0043_27,"[[9, 21, 10, 20], [22, 4, 23, 3], [24, 17, 1, 18], [2, 15, 3, 16], [4, 8, 5, 7], [6, 11, 7, 12], [8, 14, 9, 13], [19, 11, 20, 10], [12, 5, 13, 6], [14, 22, 15, 21], [16, 23, 17, 24], [18, 1, 19, 2]]"
12n_0043_28,"[[18, 1, 19, 2], [9, 21, 10, 20], [22, 4, 23, 3], [24, 17, 1, 18], [2, 15, 3, 16], [4, 8, 5, 7], [6, 11, 7, 12], [8, 14, 9, 13], [19, 11, 20, 10], [12, 5, 13, 6], [14, 22, 15, 21], [16, 23, 17, 24]]"
12n_0043_29,"[[16, 23, 17, 24], [18, 1, 19, 2], [9, 21, 10, 20], [22, 4, 23, 3], [24, 17, 1, 18], [2, 15, 3, 16], [4, 8, 5, 7], [6, 11, 7, 12], [8, 14, 9, 13], [19, 11, 20, 10], [12, 5, 13, 6], [14, 22, 15, 21]]"
12n_0043_30,"[[14, 22, 15, 21], [16, 23, 17, 24], [18, 1, 19, 2], [9, 21, 10, 20], [22, 4, 23, 3], [24, 17, 1, 18], [2, 15, 3, 16], [4, 8, 5, 7], [6, 11, 7, 12], [8, 14, 9, 13], [19, 11, 20, 10], [12, 5, 13, 6]]"
12n_0043_31,"[[12, 5, 13, 6], [14, 22, 15, 21], [16, 23, 17, 24], [18, 1, 19, 2], [9, 21, 10, 20], [22, 4, 23, 3], [24, 17, 1, 18], [2, 15, 3, 16], [4, 8, 5, 7], [6, 11, 7, 12], [8, 14, 9, 13], [19, 11, 20, 10]]"
12n_0043_32,"[[19, 11, 20, 10], [12, 5, 13, 6], [14, 22, 15, 21], [16, 23, 17, 24], [18, 1, 19, 2], [9, 21, 10, 20], [22, 4, 23, 3], [24, 17, 1, 18], [2, 15, 3, 16], [4, 8, 5, 7], [6, 11, 7, 12], [8, 14, 9, 13]]"
12n_0043_33,"[[8, 14, 9, 13], [19, 11, 20, 10], [12, 5, 13, 6], [14, 22, 15, 21], [16, 23, 17, 24], [18, 1, 19, 2], [9, 21, 10, 20], [22, 4, 23, 3], [24, 17, 1, 18], [2, 15, 3, 16], [4, 8, 5, 7], [6, 11, 7, 12]]"
12n_0043_34,"[[6, 11, 7, 12], [8, 14, 9, 13], [19, 11, 20, 10], [12, 5, 13, 6], [14, 22, 15, 21], [16, 23, 17, 24], [18, 1, 19, 2], [9, 21, 10, 20], [22, 4, 23, 3], [24, 17, 1, 18], [2, 15, 3, 16], [4, 8, 5, 7]]"
12n_0043_35,"[[4, 8, 5, 7], [6, 11, 7, 12], [8, 14, 9, 13], [19, 11, 20, 10], [12, 5, 13, 6], [14, 22, 15, 21], [16, 23, 17, 24], [18, 1, 19, 2], [9, 21, 10, 20], [22, 4, 23, 3], [24, 17, 1, 18], [2, 15, 3, 16]]"
12n_0043_36,"[[3, 16, 4, 17], [5, 9, 6, 8], [7, 12, 8, 13], [9, 15, 10, 14], [20, 12, 21, 11], [13, 6, 14, 7], [15, 23, 16, 22], [17, 24, 18, 1], [19, 2, 20, 3], [10, 22, 11, 21], [23, 5, 24, 4], [1, 18, 2, 19]]"
12n_0043_37,"[[1, 18, 2, 19], [3, 16, 4, 17], [5, 9, 6, 8], [7, 12, 8, 13], [9, 15, 10, 14], [20, 12, 21, 11], [13, 6, 14, 7], [15, 23, 16, 22], [17, 24, 18, 1], [19, 2, 20, 3], [10, 22, 11, 21], [23, 5, 24, 4]]"
12n_0043_38,"[[23, 5, 24, 4], [1, 18, 2, 19], [3, 16, 4, 17], [5, 9, 6, 8], [7, 12, 8, 13], [9, 15, 10, 14], [20, 12, 21, 11], [13, 6, 14, 7], [15, 23, 16, 22], [17, 24, 18, 1], [19, 2, 20, 3], [10, 22, 11, 21]]"
12n_0043_39,"[[10, 22, 11, 21], [23, 5, 24, 4], [1, 18, 2, 19], [3, 16, 4, 17], [5, 9, 6, 8], [7, 12, 8, 13], [9, 15, 10, 14], [20, 12, 21, 11], [13, 6, 14, 7], [15, 23, 16, 22], [17, 24, 18, 1], [19, 2, 20, 3]]"
12n_0043_40,"[[19, 2, 20, 3], [10, 22, 11, 21], [23, 5, 24, 4], [1, 18, 2, 19], [3, 16, 4, 17], [5, 9, 6, 8], [7, 12, 8, 13], [9, 15, 10, 14], [20, 12, 21, 11], [13, 6, 14, 7], [15, 23, 16, 22], [17, 24, 18, 1]]"
12n_0043_41,"[[17, 24, 18, 1], [19, 2, 20, 3], [10, 22, 11, 21], [23, 5, 24, 4], [1, 18, 2, 19], [3, 16, 4, 17], [5, 9, 6, 8], [7, 12, 8, 13], [9, 15, 10, 14], [20, 12, 21, 11], [13, 6, 14, 7], [15, 23, 16, 22]]"
12n_0043_42,"[[15, 23, 16, 22], [17, 24, 18, 1], [19, 2, 20, 3], [10, 22, 11, 21], [23, 5, 24, 4], [1, 18, 2, 19], [3, 16, 4, 17], [5, 9, 6, 8], [7, 12, 8, 13], [9, 15, 10, 14], [20, 12, 21, 11], [13, 6, 14, 7]]"
12n_0043_43,"[[13, 6, 14, 7], [15, 23, 16, 22], [17, 24, 18, 1], [19, 2, 20, 3], [10, 22, 11, 21], [23, 5, 24, 4], [1, 18, 2, 19], [3, 16, 4, 17], [5, 9, 6, 8], [7, 12, 8, 13], [9, 15, 10, 14], [20, 12, 21, 11]]"
12n_0043_44,"[[20, 12, 21, 11], [13, 6, 14, 7], [15, 23, 16, 22], [17, 24, 18, 1], [19, 2, 20, 3], [10, 22, 11, 21], [23, 5, 24, 4], [1, 18, 2, 19], [3, 16, 4, 17], [5, 9, 6, 8], [7, 12, 8, 13], [9, 15, 10, 14]]"
12n_0043_45,"[[9, 15, 10, 14], [20, 12, 21, 11], [13, 6, 14, 7], [15, 23, 16, 22], [17, 24, 18, 1], [19, 2, 20, 3], [10, 22, 11, 21], [23, 5, 24, 4], [1, 18, 2, 19], [3, 16, 4, 17], [5, 9, 6, 8], [7, 12, 8, 13]]"
12n_0043_46,"[[7, 12, 8, 13], [9, 15, 10, 14], [20, 12, 21, 11], [13, 6, 14, 7], [15, 23, 16, 22], [17, 24, 18, 1], [19, 2, 20, 3], [10, 22, 11, 21], [23, 5, 24, 4], [1, 18, 2, 19], [3, 16, 4, 17], [5, 9, 6, 8]]"
12n_0043_47,"[[5, 9, 6, 8], [7, 12, 8, 13], [9, 15, 10, 14], [20, 12, 21, 11], [13, 6, 14, 7], [15, 23, 16, 22], [17, 24, 18, 1], [19, 2, 20, 3], [10, 22, 11, 21], [23, 5, 24, 4], [1, 18, 2, 19], [3, 16, 4, 17]]"
12n_0043_48,"[[4, 17, 5, 18], [6, 10, 7, 9], [8, 13, 9, 14], [10, 16, 11, 15], [21, 13, 22, 12], [14, 7, 15, 8], [16, 24, 17, 23], [18, 1, 19, 2], [20, 3, 21, 4], [11, 23, 12, 22], [24, 6, 1, 5], [2, 19, 3, 20]]"
12n_0043_49,"[[2, 19, 3, 20], [4, 17, 5, 18], [6, 10, 7, 9], [8, 13, 9, 14], [10, 16, 11, 15], [21, 13, 22, 12], [14, 7, 15, 8], [16, 24, 17, 23], [18, 1, 19, 2], [20, 3, 21, 4], [11, 23, 12, 22], [24, 6, 1, 5]]"
12n_0043_50,"[[24, 6, 1, 5], [2, 19, 3, 20], [4, 17, 5, 18], [6, 10, 7, 9], [8, 13, 9, 14], [10, 16, 11, 15], [21, 13, 22, 12], [14, 7, 15, 8], [16, 24, 17, 23], [18, 1, 19, 2], [20, 3, 21, 4], [11, 23, 12, 22]]"
12n_0043_51,"[[11, 23, 12, 22], [24, 6, 1, 5], [2, 19, 3, 20], [4, 17, 5, 18], [6, 10, 7, 9], [8, 13, 9, 14], [10, 16, 11, 15], [21, 13, 22, 12], [14, 7, 15, 8], [16, 24, 17, 23], [18, 1, 19, 2], [20, 3, 21, 4]]"
12n_0043_52,"[[20, 3, 21, 4], [11, 23, 12, 22], [24, 6, 1, 5], [2, 19, 3, 20], [4, 17, 5, 18], [6, 10, 7, 9], [8, 13, 9, 14], [10, 16, 11, 15], [21, 13, 22, 12], [14, 7, 15, 8], [16, 24, 17, 23], [18, 1, 19, 2]]"
12n_0043_53,"[[18, 1, 19, 2], [20, 3, 21, 4], [11, 23, 12, 22], [24, 6, 1, 5], [2, 19, 3, 20], [4, 17, 5, 18], [6, 10, 7, 9], [8, 13, 9, 14], [10, 16, 11, 15], [21, 13, 22, 12], [14, 7, 15, 8], [16, 24, 17, 23]]"
12n_0043_54,"[[16, 24, 17, 23], [18, 1, 19, 2], [20, 3, 21, 4], [11, 23, 12, 22], [24, 6, 1, 5], [2, 19, 3, 20], [4, 17, 5, 18], [6, 10, 7, 9], [8, 13, 9, 14], [10, 16, 11, 15], [21, 13, 22, 12], [14, 7, 15, 8]]"
12n_0043_55,"[[14, 7, 15, 8], [16, 24, 17, 23], [18, 1, 19, 2], [20, 3, 21, 4], [11, 23, 12, 22], [24, 6, 1, 5], [2, 19, 3, 20], [4, 17, 5, 18], [6, 10, 7, 9], [8, 13, 9, 14], [10, 16, 11, 15], [21, 13, 22, 12]]"
12n_0043_56,"[[21, 13, 22, 12], [14, 7, 15, 8], [16, 24, 17, 23], [18, 1, 19, 2], [20, 3, 21, 4], [11, 23, 12, 22], [24, 6, 1, 5], [2, 19, 3, 20], [4, 17, 5, 18], [6, 10, 7, 9], [8, 13, 9, 14], [10, 16, 11, 15]]"
12n_0043_57,"[[10, 16, 11, 15], [21, 13, 22, 12], [14, 7, 15, 8], [16, 24, 17, 23], [18, 1, 19, 2], [20, 3, 21, 4], [11, 23, 12, 22], [24, 6, 1, 5], [2, 19, 3, 20], [4, 17, 5, 18], [6, 10, 7, 9], [8, 13, 9, 14]]"
12n_0043_58,"[[8, 13, 9, 14], [10, 16, 11, 15], [21, 13, 22, 12], [14, 7, 15, 8], [16, 24, 17, 23], [18, 1, 19, 2], [20, 3, 21, 4], [11, 23, 12, 22], [24, 6, 1, 5], [2, 19, 3, 20], [4, 17, 5, 18], [6, 10, 7, 9]]"
12n_0043_59,"[[6, 10, 7, 9], [8, 13, 9, 14], [10, 16, 11, 15], [21, 13, 22, 12], [14, 7, 15, 8], [16, 24, 17, 23], [18, 1, 19, 2], [20, 3, 21, 4], [11, 23, 12, 22], [24, 6, 1, 5], [2, 19, 3, 20], [4, 17, 5, 18]]"
12n_0043_60,"[[5, 18, 6, 19], [7, 11, 8, 10], [9, 14, 10, 15], [11, 17, 12, 16], [22, 14, 23, 13], [15, 8, 16, 9], [17, 1, 18, 24], [19, 2, 20, 3], [21, 4, 22, 5], [12, 24, 13, 23], [1, 7, 2, 6], [3, 20, 4, 21]]"
12n_0043_61,"[[3, 20, 4, 21], [5, 18, 6, 19], [7, 11, 8, 10], [9, 14, 10, 15], [11, 17, 12, 16], [22, 14, 23, 13], [15, 8, 16, 9], [17, 1, 18, 24], [19, 2, 20, 3], [21, 4, 22, 5], [12, 24, 13, 23], [1, 7, 2, 6]]"
12n_0043_62,"[[1, 7, 2, 6], [3, 20, 4, 21], [5, 18, 6, 19], [7, 11, 8, 10], [9, 14, 10, 15], [11, 17, 12, 16], [22, 14, 23, 13], [15, 8, 16, 9], [17, 1, 18, 24], [19, 2, 20, 3], [21, 4, 22, 5], [12, 24, 13, 23]]"
12n_0043_63,"[[12, 24, 13, 23], [1, 7, 2, 6], [3, 20, 4, 21], [5, 18, 6, 19], [7, 11, 8, 10], [9, 14, 10, 15], [11, 17, 12, 16], [22, 14, 23, 13], [15, 8, 16, 9], [17, 1, 18, 24], [19, 2, 20, 3], [21, 4, 22, 5]]"
12n_0043_64,"[[21, 4, 22, 5], [12, 24, 13, 23], [1, 7, 2, 6], [3, 20, 4, 21], [5, 18, 6, 19], [7, 11, 8, 10], [9, 14, 10, 15], [11, 17, 12, 16], [22, 14, 23, 13], [15, 8, 16, 9], [17, 1, 18, 24], [19, 2, 20, 3]]"
12n_0043_65,"[[19, 2, 20, 3], [21, 4, 22, 5], [12, 24, 13, 23], [1, 7, 2, 6], [3, 20, 4, 21], [5, 18, 6, 19], [7, 11, 8, 10], [9, 14, 10, 15], [11, 17, 12, 16], [22, 14, 23, 13], [15, 8, 16, 9], [17, 1, 18, 24]]"
12n_0043_66,"[[17, 1, 18, 24], [19, 2, 20, 3], [21, 4, 22, 5], [12, 24, 13, 23], [1, 7, 2, 6], [3, 20, 4, 21], [5, 18, 6, 19], [7, 11, 8, 10], [9, 14, 10, 15], [11, 17, 12, 16], [22, 14, 23, 13], [15, 8, 16, 9]]"
12n_0043_67,"[[15, 8, 16, 9], [17, 1, 18, 24], [19, 2, 20, 3], [21, 4, 22, 5], [12, 24, 13, 23], [1, 7, 2, 6], [3, 20, 4, 21], [5, 18, 6, 19], [7, 11, 8, 10], [9, 14, 10, 15], [11, 17, 12, 16], [22, 14, 23, 13]]"
12n_0043_68,"[[22, 14, 23, 13], [15, 8, 16, 9], [17, 1, 18, 24], [19, 2, 20, 3], [21, 4, 22, 5], [12, 24, 13, 23], [1, 7, 2, 6], [3, 20, 4, 21], [5, 18, 6, 19], [7, 11, 8, 10], [9, 14, 10, 15], [11, 17, 12, 16]]"
12n_0043_69,"[[11, 17, 12, 16], [22, 14, 23, 13], [15, 8, 16, 9], [17, 1, 18, 24], [19, 2, 20, 3], [21, 4, 22, 5], [12, 24, 13, 23], [1, 7, 2, 6], [3, 20, 4, 21], [5, 18, 6, 19], [7, 11, 8, 10], [9, 14, 10, 15]]"
12n_0043_70,"[[9, 14, 10, 15], [11, 17, 12, 16], [22, 14, 23, 13], [15, 8, 16, 9], [17, 1, 18, 24], [19, 2, 20, 3], [21, 4, 22, 5], [12, 24, 13, 23], [1, 7, 2, 6], [3, 20, 4, 21], [5, 18, 6, 19], [7, 11, 8, 10]]"
12n_0043_71,"[[7, 11, 8, 10], [9, 14, 10, 15], [11, 17, 12, 16], [22, 14, 23, 13], [15, 8, 16, 9], [17, 1, 18, 24], [19, 2, 20, 3], [21, 4, 22, 5], [12, 24, 13, 23], [1, 7, 2, 6], [3, 20, 4, 21], [5, 18, 6, 19]]"
12n_0043_72,"[[6, 19, 7, 20], [8, 12, 9, 11], [10, 15, 11, 16], [12, 18, 13, 17], [23, 15, 24, 14], [16, 9, 17, 10], [18, 2, 19, 1], [20, 3, 21, 4], [22, 5, 23, 6], [13, 1, 14, 24], [2, 8, 3, 7], [4, 21, 5, 22]]"
12n_0043_73,"[[4, 21, 5, 22], [6, 19, 7, 20], [8, 12, 9, 11], [10, 15, 11, 16], [12, 18, 13, 17], [23, 15, 24, 14], [16, 9, 17, 10], [18, 2, 19, 1], [20, 3, 21, 4], [22, 5, 23, 6], [13, 1, 14, 24], [2, 8, 3, 7]]"
12n_0043_74,"[[2, 8, 3, 7], [4, 21, 5, 22], [6, 19, 7, 20], [8, 12, 9, 11], [10, 15, 11, 16], [12, 18, 13, 17], [23, 15, 24, 14], [16, 9, 17, 10], [18, 2, 19, 1], [20, 3, 21, 4], [22, 5, 23, 6], [13, 1, 14, 24]]"
12n_0043_75,"[[13, 1, 14, 24], [2, 8, 3, 7], [4, 21, 5, 22], [6, 19, 7, 20], [8, 12, 9, 11], [10, 15, 11, 16], [12, 18, 13, 17], [23, 15, 24, 14], [16, 9, 17, 10], [18, 2, 19, 1], [20, 3, 21, 4], [22, 5, 23, 6]]"
12n_0043_76,"[[22, 5, 23, 6], [13, 1, 14, 24], [2, 8, 3, 7], [4, 21, 5, 22], [6, 19, 7, 20], [8, 12, 9, 11], [10, 15, 11, 16], [12, 18, 13, 17], [23, 15, 24, 14], [16, 9, 17, 10], [18, 2, 19, 1], [20, 3, 21, 4]]"
12n_0043_77,"[[20, 3, 21, 4], [22, 5, 23, 6], [13, 1, 14, 24], [2, 8, 3, 7], [4, 21, 5, 22], [6, 19, 7, 20], [8, 12, 9, 11], [10, 15, 11, 16], [12, 18, 13, 17], [23, 15, 24, 14], [16, 9, 17, 10], [18, 2, 19, 1]]"
12n_0043_78,"[[18, 2, 19, 1], [20, 3, 21, 4], [22, 5, 23, 6], [13, 1, 14, 24], [2, 8, 3, 7], [4, 21, 5, 22], [6, 19, 7, 20], [8, 12, 9, 11], [10, 15, 11, 16], [12, 18, 13, 17], [23, 15, 24, 14], [16, 9, 17, 10]]"
12n_0043_79,"[[16, 9, 17, 10], [18, 2, 19, 1], [20, 3, 21, 4], [22, 5, 23, 6], [13, 1, 14, 24], [2, 8, 3, 7], [4, 21, 5, 22], [6, 19, 7, 20], [8, 12, 9, 11], [10, 15, 11, 16], [12, 18, 13, 17], [23, 15, 24, 14]]"
12n_0043_80,"[[23, 15, 24, 14], [16, 9, 17, 10], [18, 2, 19, 1], [20, 3, 21, 4], [22, 5, 23, 6], [13, 1, 14, 24], [2, 8, 3, 7], [4, 21, 5, 22], [6, 19, 7, 20], [8, 12, 9, 11], [10, 15, 11, 16], [12, 18, 13, 17]]"
12n_0043_81,"[[12, 18, 13, 17], [23, 15, 24, 14], [16, 9, 17, 10], [18, 2, 19, 1], [20, 3, 21, 4], [22, 5, 23, 6], [13, 1, 14, 24], [2, 8, 3, 7], [4, 21, 5, 22], [6, 19, 7, 20], [8, 12, 9, 11], [10, 15, 11, 16]]"
12n_0043_82,"[[10, 15, 11, 16], [12, 18, 13, 17], [23, 15, 24, 14], [16, 9, 17, 10], [18, 2, 19, 1], [20, 3, 21, 4], [22, 5, 23, 6], [13, 1, 14, 24], [2, 8, 3, 7], [4, 21, 5, 22], [6, 19, 7, 20], [8, 12, 9, 11]]"
12n_0043_83,"[[8, 12, 9, 11], [10, 15, 11, 16], [12, 18, 13, 17], [23, 15, 24, 14], [16, 9, 17, 10], [18, 2, 19, 1], [20, 3, 21, 4], [22, 5, 23, 6], [13, 1, 14, 24], [2, 8, 3, 7], [4, 21, 5, 22], [6, 19, 7, 20]]"
12n_0043_84,"[[7, 20, 8, 21], [9, 13, 10, 12], [11, 16, 12, 17], [13, 19, 14, 18], [24, 16, 1, 15], [17, 10, 18, 11], [19, 3, 20, 2], [21, 4, 22, 5], [23, 6, 24, 7], [14, 2, 15, 1], [3, 9, 4, 8], [5, 22, 6, 23]]"
12n_0043_85,"[[5, 22, 6, 23], [7, 20, 8, 21], [9, 13, 10, 12], [11, 16, 12, 17], [13, 19, 14, 18], [24, 16, 1, 15], [17, 10, 18, 11], [19, 3, 20, 2], [21, 4, 22, 5], [23, 6, 24, 7], [14, 2, 15, 1], [3, 9, 4, 8]]"
12n_0043_86,"[[3, 9, 4, 8], [5, 22, 6, 23], [7, 20, 8, 21], [9, 13, 10, 12], [11, 16, 12, 17], [13, 19, 14, 18], [24, 16, 1, 15], [17, 10, 18, 11], [19, 3, 20, 2], [21, 4, 22, 5], [23, 6, 24, 7], [14, 2, 15, 1]]"
12n_0043_87,"[[14, 2, 15, 1], [3, 9, 4, 8], [5, 22, 6, 23], [7, 20, 8, 21], [9, 13, 10, 12], [11, 16, 12, 17], [13, 19, 14, 18], [24, 16, 1, 15], [17, 10, 18, 11], [19, 3, 20, 2], [21, 4, 22, 5], [23, 6, 24, 7]]"
12n_0043_88,"[[23, 6, 24, 7], [14, 2, 15, 1], [3, 9, 4, 8], [5, 22, 6, 23], [7, 20, 8, 21], [9, 13, 10, 12], [11, 16, 12, 17], [13, 19, 14, 18], [24, 16, 1, 15], [17, 10, 18, 11], [19, 3, 20, 2], [21, 4, 22, 5]]"
12n_0043_89,"[[21, 4, 22, 5], [23, 6, 24, 7], [14, 2, 15, 1], [3, 9, 4, 8], [5, 22, 6, 23], [7, 20, 8, 21], [9, 13, 10, 12], [11, 16, 12, 17], [13, 19, 14, 18], [24, 16, 1, 15], [17, 10, 18, 11], [19, 3, 20, 2]]"
12n_0043_90,"[[19, 3, 20, 2], [21, 4, 22, 5], [23, 6, 24, 7], [14, 2, 15, 1], [3, 9, 4, 8], [5, 22, 6, 23], [7, 20, 8, 21], [9, 13, 10, 12], [11, 16, 12, 17], [13, 19, 14, 18], [24, 16, 1, 15], [17, 10, 18, 11]]"
12n_0043_91,"[[17, 10, 18, 11], [19, 3, 20, 2], [21, 4, 22, 5], [23, 6, 24, 7], [14, 2, 15, 1], [3, 9, 4, 8], [5, 22, 6, 23], [7, 20, 8, 21], [9, 13, 10, 12], [11, 16, 12, 17], [13, 19, 14, 18], [24, 16, 1, 15]]"
12n_0043_92,"[[24, 16, 1, 15], [17, 10, 18, 11], [19, 3, 20, 2], [21, 4, 22, 5], [23, 6, 24, 7], [14, 2, 15, 1], [3, 9, 4, 8], [5, 22, 6, 23], [7, 20, 8, 21], [9, 13, 10, 12], [11, 16, 12, 17], [13, 19, 14, 18]]"
12n_0043_93,"[[13, 19, 14, 18], [24, 16, 1, 15], [17, 10, 18, 11], [19, 3, 20, 2], [21, 4, 22, 5], [23, 6, 24, 7], [14, 2, 15, 1], [3, 9, 4, 8], [5, 22, 6, 23], [7, 20, 8, 21], [9, 13, 10, 12], [11, 16, 12, 17]]"
12n_0043_94,"[[11, 16, 12, 17], [13, 19, 14, 18], [24, 16, 1, 15], [17, 10, 18, 11], [19, 3, 20, 2], [21, 4, 22, 5], [23, 6, 24, 7], [14, 2, 15, 1], [3, 9, 4, 8], [5, 22, 6, 23], [7, 20, 8, 21], [9, 13, 10, 12]]"
12n_0043_95,"[[9, 13, 10, 12], [11, 16, 12, 17], [13, 19, 14, 18], [24, 16, 1, 15], [17, 10, 18, 11], [19, 3, 20, 2], [21, 4, 22, 5], [23, 6, 24, 7], [14, 2, 15, 1], [3, 9, 4, 8], [5, 22, 6, 23], [7, 20, 8, 21]]"
12n_0043_96,"[[8, 21, 9, 22], [10, 14, 11, 13], [12, 17, 13, 18], [14, 20, 15, 19], [1, 17, 2, 16], [18, 11, 19, 12], [20, 4, 21, 3], [22, 5, 23, 6], [24, 7, 1, 8], [15, 3, 16, 2], [4, 10, 5, 9], [6, 23, 7, 24]]"
12n_0043_97,"[[6, 23, 7, 24], [8, 21, 9, 22], [10, 14, 11, 13], [12, 17, 13, 18], [14, 20, 15, 19], [1, 17, 2, 16], [18, 11, 19, 12], [20, 4, 21, 3], [22, 5, 23, 6], [24, 7, 1, 8], [15, 3, 16, 2], [4, 10, 5, 9]]"
12n_0043_98,"[[4, 10, 5, 9], [6, 23, 7, 24], [8, 21, 9, 22], [10, 14, 11, 13], [12, 17, 13, 18], [14, 20, 15, 19], [1, 17, 2, 16], [18, 11, 19, 12], [20, 4, 21, 3], [22, 5, 23, 6], [24, 7, 1, 8], [15, 3, 16, 2]]"
12n_0043_99,"[[15, 3, 16, 2], [4, 10, 5, 9], [6, 23, 7, 24], [8, 21, 9, 22], [10, 14, 11, 13], [12, 17, 13, 18], [14, 20, 15, 19], [1, 17, 2, 16], [18, 11, 19, 12], [20, 4, 21, 3], [22, 5, 23, 6], [24, 7, 1, 8]]"
12n_0043_100,"[[24, 7, 1, 8], [15, 3, 16, 2], [4, 10, 5, 9], [6, 23, 7, 24], [8, 21, 9, 22], [10, 14, 11, 13], [12, 17, 13, 18], [14, 20, 15, 19], [1, 17, 2, 16], [18, 11, 19, 12], [20, 4, 21, 3], [22, 5, 23, 6]]"
12n_0043_101,"[[22, 5, 23, 6], [24, 7, 1, 8], [15, 3, 16, 2], [4, 10, 5, 9], [6, 23, 7, 24], [8, 21, 9, 22], [10, 14, 11, 13], [12, 17, 13, 18], [14, 20, 15, 19], [1, 17, 2, 16], [18, 11, 19, 12], [20, 4, 21, 3]]"
12n_0043_102,"[[20, 4, 21, 3], [22, 5, 23, 6], [24, 7, 1, 8], [15, 3, 16, 2], [4, 10, 5, 9], [6, 23, 7, 24], [8, 21, 9, 22], [10, 14, 11, 13], [12, 17, 13, 18], [14, 20, 15, 19], [1, 17, 2, 16], [18, 11, 19, 12]]"
12n_0043_103,"[[18, 11, 19, 12], [20, 4, 21, 3], [22, 5, 23, 6], [24, 7, 1, 8], [15, 3, 16, 2], [4, 10, 5, 9], [6, 23, 7, 24], [8, 21, 9, 22], [10, 14, 11, 13], [12, 17, 13, 18], [14, 20, 15, 19], [1, 17, 2, 16]]"
12n_0043_104,"[[1, 17, 2, 16], [18, 11, 19, 12], [20, 4, 21, 3], [22, 5, 23, 6], [24, 7, 1, 8], [15, 3, 16, 2], [4, 10, 5, 9], [6, 23, 7, 24], [8, 21, 9, 22], [10, 14, 11, 13], [12, 17, 13, 18], [14, 20, 15, 19]]"
12n_0043_105,"[[14, 20, 15, 19], [1, 17, 2, 16], [18, 11, 19, 12], [20, 4, 21, 3], [22, 5, 23, 6], [24, 7, 1, 8], [15, 3, 16, 2], [4, 10, 5, 9], [6, 23, 7, 24], [8, 21, 9, 22], [10, 14, 11, 13], [12, 17, 13, 18]]"
12n_0043_106,"[[12, 17, 13, 18], [14, 20, 15, 19], [1, 17, 2, 16], [18, 11, 19, 12], [20, 4, 21, 3], [22, 5, 23, 6], [24, 7, 1, 8], [15, 3, 16, 2], [4, 10, 5, 9], [6, 23, 7, 24], [8, 21, 9, 22], [10, 14, 11, 13]]"
12n_0043_107,"[[10, 14, 11, 13], [12, 17, 13, 18], [14, 20, 15, 19], [1, 17, 2, 16], [18, 11, 19, 12], [20, 4, 21, 3], [22, 5, 23, 6], [24, 7, 1, 8], [15, 3, 16, 2], [4, 10, 5, 9], [6, 23, 7, 24], [8, 21, 9, 22]]"
12n_0043_108,"[[9, 22, 10, 23], [11, 15, 12, 14], [13, 18, 14, 19], [15, 21, 16, 20], [2, 18, 3, 17], [19, 12, 20, 13], [21, 5, 22, 4], [23, 6, 24, 7], [1, 8, 2, 9], [16, 4, 17, 3], [5, 11, 6, 10], [7, 24, 8, 1]]"
12n_0043_109,"[[7, 24, 8, 1], [9, 22, 10, 23], [11, 15, 12, 14], [13, 18, 14, 19], [15, 21, 16, 20], [2, 18, 3, 17], [19, 12, 20, 13], [21, 5, 22, 4], [23, 6, 24, 7], [1, 8, 2, 9], [16, 4, 17, 3], [5, 11, 6, 10]]"
12n_0043_110,"[[5, 11, 6, 10], [7, 24, 8, 1], [9, 22, 10, 23], [11, 15, 12, 14], [13, 18, 14, 19], [15, 21, 16, 20], [2, 18, 3, 17], [19, 12, 20, 13], [21, 5, 22, 4], [23, 6, 24, 7], [1, 8, 2, 9], [16, 4, 17, 3]]"
12n_0043_111,"[[16, 4, 17, 3], [5, 11, 6, 10], [7, 24, 8, 1], [9, 22, 10, 23], [11, 15, 12, 14], [13, 18, 14, 19], [15, 21, 16, 20], [2, 18, 3, 17], [19, 12, 20, 13], [21, 5, 22, 4], [23, 6, 24, 7], [1, 8, 2, 9]]"
12n_0043_112,"[[1, 8, 2, 9], [16, 4, 17, 3], [5, 11, 6, 10], [7, 24, 8, 1], [9, 22, 10, 23], [11, 15, 12, 14], [13, 18, 14, 19], [15, 21, 16, 20], [2, 18, 3, 17], [19, 12, 20, 13], [21, 5, 22, 4], [23, 6, 24, 7]]"
12n_0043_113,"[[23, 6, 24, 7], [1, 8, 2, 9], [16, 4, 17, 3], [5, 11, 6, 10], [7, 24, 8, 1], [9, 22, 10, 23], [11, 15, 12, 14], [13, 18, 14, 19], [15, 21, 16, 20], [2, 18, 3, 17], [19, 12, 20, 13], [21, 5, 22, 4]]"
12n_0043_114,"[[21, 5, 22, 4], [23, 6, 24, 7], [1, 8, 2, 9], [16, 4, 17, 3], [5, 11, 6, 10], [7, 24, 8, 1], [9, 22, 10, 23], [11, 15, 12, 14], [13, 18, 14, 19], [15, 21, 16, 20], [2, 18, 3, 17], [19, 12, 20, 13]]"
12n_0043_115,"[[19, 12, 20, 13], [21, 5, 22, 4], [23, 6, 24, 7], [1, 8, 2, 9], [16, 4, 17, 3], [5, 11, 6, 10], [7, 24, 8, 1], [9, 22, 10, 23], [11, 15, 12, 14], [13, 18, 14, 19], [15, 21, 16, 20], [2, 18, 3, 17]]"
12n_0043_116,"[[2, 18, 3, 17], [19, 12, 20, 13], [21, 5, 22, 4], [23, 6, 24, 7], [1, 8, 2, 9], [16, 4, 17, 3], [5, 11, 6, 10], [7, 24, 8, 1], [9, 22, 10, 23], [11, 15, 12, 14], [13, 18, 14, 19], [15, 21, 16, 20]]"
12n_0043_117,"[[15, 21, 16, 20], [2, 18, 3, 17], [19, 12, 20, 13], [21, 5, 22, 4], [23, 6, 24, 7], [1, 8, 2, 9], [16, 4, 17, 3], [5, 11, 6, 10], [7, 24, 8, 1], [9, 22, 10, 23], [11, 15, 12, 14], [13, 18, 14, 19]]"
12n_0043_118,"[[13, 18, 14, 19], [15, 21, 16, 20], [2, 18, 3, 17], [19, 12, 20, 13], [21, 5, 22, 4], [23, 6, 24, 7], [1, 8, 2, 9], [16, 4, 17, 3], [5, 11, 6, 10], [7, 24, 8, 1], [9, 22, 10, 23], [11, 15, 12, 14]]"
12n_0043_119,"[[11, 15, 12, 14], [13, 18, 14, 19], [15, 21, 16, 20], [2, 18, 3, 17], [19, 12, 20, 13], [21, 5, 22, 4], [23, 6, 24, 7], [1, 8, 2, 9], [16, 4, 17, 3], [5, 11, 6, 10], [7, 24, 8, 1], [9, 22, 10, 23]]"
12n_0043_120,"[[10, 23, 11, 24], [12, 16, 13, 15], [14, 19, 15, 20], [16, 22, 17, 21], [3, 19, 4, 18], [20, 13, 21, 14], [22, 6, 23, 5], [24, 7, 1, 8], [2, 9, 3, 10], [17, 5, 18, 4], [6, 12, 7, 11], [8, 1, 9, 2]]"
12n_0043_121,"[[8, 1, 9, 2], [10, 23, 11, 24], [12, 16, 13, 15], [14, 19, 15, 20], [16, 22, 17, 21], [3, 19, 4, 18], [20, 13, 21, 14], [22, 6, 23, 5], [24, 7, 1, 8], [2, 9, 3, 10], [17, 5, 18, 4], [6, 12, 7, 11]]"
12n_0043_122,"[[6, 12, 7, 11], [8, 1, 9, 2], [10, 23, 11, 24], [12, 16, 13, 15], [14, 19, 15, 20], [16, 22, 17, 21], [3, 19, 4, 18], [20, 13, 21, 14], [22, 6, 23, 5], [24, 7, 1, 8], [2, 9, 3, 10], [17, 5, 18, 4]]"
12n_0043_123,"[[17, 5, 18, 4], [6, 12, 7, 11], [8, 1, 9, 2], [10, 23, 11, 24], [12, 16, 13, 15], [14, 19, 15, 20], [16, 22, 17, 21], [3, 19, 4, 18], [20, 13, 21, 14], [22, 6, 23, 5], [24, 7, 1, 8], [2, 9, 3, 10]]"
12n_0043_124,"[[2, 9, 3, 10], [17, 5, 18, 4], [6, 12, 7, 11], [8, 1, 9, 2], [10, 23, 11, 24], [12, 16, 13, 15], [14, 19, 15, 20], [16, 22, 17, 21], [3, 19, 4, 18], [20, 13, 21, 14], [22, 6, 23, 5], [24, 7, 1, 8]]"
12n_0043_125,"[[24, 7, 1, 8], [2, 9, 3, 10], [17, 5, 18, 4], [6, 12, 7, 11], [8, 1, 9, 2], [10, 23, 11, 24], [12, 16, 13, 15], [14, 19, 15, 20], [16, 22, 17, 21], [3, 19, 4, 18], [20, 13, 21, 14], [22, 6, 23, 5]]"
12n_0043_126,"[[22, 6, 23, 5], [24, 7, 1, 8], [2, 9, 3, 10], [17, 5, 18, 4], [6, 12, 7, 11], [8, 1, 9, 2], [10, 23, 11, 24], [12, 16, 13, 15], [14, 19, 15, 20], [16, 22, 17, 21], [3, 19, 4, 18], [20, 13, 21, 14]]"
12n_0043_127,"[[20, 13, 21, 14], [22, 6, 23, 5], [24, 7, 1, 8], [2, 9, 3, 10], [17, 5, 18, 4], [6, 12, 7, 11], [8, 1, 9, 2], [10, 23, 11, 24], [12, 16, 13, 15], [14, 19, 15, 20], [16, 22, 17, 21], [3, 19, 4, 18]]"
12n_0043_128,"[[3, 19, 4, 18], [20, 13, 21, 14], [22, 6, 23, 5], [24, 7, 1, 8], [2, 9, 3, 10], [17, 5, 18, 4], [6, 12, 7, 11], [8, 1, 9, 2], [10, 23, 11, 24], [12, 16, 13, 15], [14, 19, 15, 20], [16, 22, 17, 21]]"
12n_0043_129,"[[16, 22, 17, 21], [3, 19, 4, 18], [20, 13, 21, 14], [22, 6, 23, 5], [24, 7, 1, 8], [2, 9, 3, 10], [17, 5, 18, 4], [6, 12, 7, 11], [8, 1, 9, 2], [10, 23, 11, 24], [12, 16, 13, 15], [14, 19, 15, 20]]"
12n_0043_130,"[[14, 19, 15, 20], [16, 22, 17, 21], [3, 19, 4, 18], [20, 13, 21, 14], [22, 6, 23, 5], [24, 7, 1, 8], [2, 9, 3, 10], [17, 5, 18, 4], [6, 12, 7, 11], [8, 1, 9, 2], [10, 23, 11, 24], [12, 16, 13, 15]]"
12n_0043_131,"[[12, 16, 13, 15], [14, 19, 15, 20], [16, 22, 17, 21], [3, 19, 4, 18], [20, 13, 21, 14], [22, 6, 23, 5], [24, 7, 1, 8], [2, 9, 3, 10], [17, 5, 18, 4], [6, 12, 7, 11], [8, 1, 9, 2], [10, 23, 11, 24]]"
12n_0043_132,"[[11, 24, 12, 1], [13, 17, 14, 16], [15, 20, 16, 21], [17, 23, 18, 22], [4, 20, 5, 19], [21, 14, 22, 15], [23, 7, 24, 6], [1, 8, 2, 9], [3, 10, 4, 11], [18, 6, 19, 5], [7, 13, 8, 12], [9, 2, 10, 3]]"
12n_0043_133,"[[9, 2, 10, 3], [11, 24, 12, 1], [13, 17, 14, 16], [15, 20, 16, 21], [17, 23, 18, 22], [4, 20, 5, 19], [21, 14, 22, 15], [23, 7, 24, 6], [1, 8, 2, 9], [3, 10, 4, 11], [18, 6, 19, 5], [7, 13, 8, 12]]"
12n_0043_134,"[[7, 13, 8, 12], [9, 2, 10, 3], [11, 24, 12, 1], [13, 17, 14, 16], [15, 20, 16, 21], [17, 23, 18, 22], [4, 20, 5, 19], [21, 14, 22, 15], [23, 7, 24, 6], [1, 8, 2, 9], [3, 10, 4, 11], [18, 6, 19, 5]]"
12n_0043_135,"[[18, 6, 19, 5], [7, 13, 8, 12], [9, 2, 10, 3], [11, 24, 12, 1], [13, 17, 14, 16], [15, 20, 16, 21], [17, 23, 18, 22], [4, 20, 5, 19], [21, 14, 22, 15], [23, 7, 24, 6], [1, 8, 2, 9], [3, 10, 4, 11]]"
12n_0043_136,"[[3, 10, 4, 11], [18, 6, 19, 5], [7, 13, 8, 12], [9, 2, 10, 3], [11, 24, 12, 1], [13, 17, 14, 16], [15, 20, 16, 21], [17, 23, 18, 22], [4, 20, 5, 19], [21, 14, 22, 15], [23, 7, 24, 6], [1, 8, 2, 9]]"
12n_0043_137,"[[1, 8, 2, 9], [3, 10, 4, 11], [18, 6, 19, 5], [7, 13, 8, 12], [9, 2, 10, 3], [11, 24, 12, 1], [13, 17, 14, 16], [15, 20, 16, 21], [17, 23, 18, 22], [4, 20, 5, 19], [21, 14, 22, 15], [23, 7, 24, 6]]"
12n_0043_138,"[[23, 7, 24, 6], [1, 8, 2, 9], [3, 10, 4, 11], [18, 6, 19, 5], [7, 13, 8, 12], [9, 2, 10, 3], [11, 24, 12, 1], [13, 17, 14, 16], [15, 20, 16, 21], [17, 23, 18, 22], [4, 20, 5, 19], [21, 14, 22, 15]]"
12n_0043_139,"[[21, 14, 22, 15], [23, 7, 24, 6], [1, 8, 2, 9], [3, 10, 4, 11], [18, 6, 19, 5], [7, 13, 8, 12], [9, 2, 10, 3], [11, 24, 12, 1], [13, 17, 14, 16], [15, 20, 16, 21], [17, 23, 18, 22], [4, 20, 5, 19]]"
12n_0043_140,"[[4, 20, 5, 19], [21, 14, 22, 15], [23, 7, 24, 6], [1, 8, 2, 9], [3, 10, 4, 11], [18, 6, 19, 5], [7, 13, 8, 12], [9, 2, 10, 3], [11, 24, 12, 1], [13, 17, 14, 16], [15, 20, 16, 21], [17, 23, 18, 22]]"
12n_0043_141,"[[17, 23, 18, 22], [4, 20, 5, 19], [21, 14, 22, 15], [23, 7, 24, 6], [1, 8, 2, 9], [3, 10, 4, 11], [18, 6, 19, 5], [7, 13, 8, 12], [9, 2, 10, 3], [11, 24, 12, 1], [13, 17, 14, 16], [15, 20, 16, 21]]"
12n_0043_142,"[[15, 20, 16, 21], [17, 23, 18, 22], [4, 20, 5, 19], [21, 14, 22, 15], [23, 7, 24, 6], [1, 8, 2, 9], [3, 10, 4, 11], [18, 6, 19, 5], [7, 13, 8, 12], [9, 2, 10, 3], [11, 24, 12, 1], [13, 17, 14, 16]]"
12n_0043_143,"[[13, 17, 14, 16], [15, 20, 16, 21], [17, 23, 18, 22], [4, 20, 5, 19], [21, 14, 22, 15], [23, 7, 24, 6], [1, 8, 2, 9], [3, 10, 4, 11], [18, 6, 19, 5], [7, 13, 8, 12], [9, 2, 10, 3], [11, 24, 12, 1]]"
12n_0043_144,"[[12, 1, 13, 2], [14, 18, 15, 17], [16, 21, 17, 22], [18, 24, 19, 23], [5, 21, 6, 20], [22, 15, 23, 16], [24, 8, 1, 7], [2, 9, 3, 10], [4, 11, 5, 12], [19, 7, 20, 6], [8, 14, 9, 13], [10, 3, 11, 4]]"
12n_0043_145,"[[10, 3, 11, 4], [12, 1, 13, 2], [14, 18, 15, 17], [16, 21, 17, 22], [18, 24, 19, 23], [5, 21, 6, 20], [22, 15, 23, 16], [24, 8, 1, 7], [2, 9, 3, 10], [4, 11, 5, 12], [19, 7, 20, 6], [8, 14, 9, 13]]"
12n_0043_146,"[[8, 14, 9, 13], [10, 3, 11, 4], [12, 1, 13, 2], [14, 18, 15, 17], [16, 21, 17, 22], [18, 24, 19, 23], [5, 21, 6, 20], [22, 15, 23, 16], [24, 8, 1, 7], [2, 9, 3, 10], [4, 11, 5, 12], [19, 7, 20, 6]]"
12n_0043_147,"[[19, 7, 20, 6], [8, 14, 9, 13], [10, 3, 11, 4], [12, 1, 13, 2], [14, 18, 15, 17], [16, 21, 17, 22], [18, 24, 19, 23], [5, 21, 6, 20], [22, 15, 23, 16], [24, 8, 1, 7], [2, 9, 3, 10], [4, 11, 5, 12]]"
12n_0043_148,"[[4, 11, 5, 12], [19, 7, 20, 6], [8, 14, 9, 13], [10, 3, 11, 4], [12, 1, 13, 2], [14, 18, 15, 17], [16, 21, 17, 22], [18, 24, 19, 23], [5, 21, 6, 20], [22, 15, 23, 16], [24, 8, 1, 7], [2, 9, 3, 10]]"
12n_0043_149,"[[2, 9, 3, 10], [4, 11, 5, 12], [19, 7, 20, 6], [8, 14, 9, 13], [10, 3, 11, 4], [12, 1, 13, 2], [14, 18, 15, 17], [16, 21, 17, 22], [18, 24, 19, 23], [5, 21, 6, 20], [22, 15, 23, 16], [24, 8, 1, 7]]"
12n_0043_150,"[[24, 8, 1, 7], [2, 9, 3, 10], [4, 11, 5, 12], [19, 7, 20, 6], [8, 14, 9, 13], [10, 3, 11, 4], [12, 1, 13, 2], [14, 18, 15, 17], [16, 21, 17, 22], [18, 24, 19, 23], [5, 21, 6, 20], [22, 15, 23, 16]]"
12n_0043_151,"[[22, 15, 23, 16], [24, 8, 1, 7], [2, 9, 3, 10], [4, 11, 5, 12], [19, 7, 20, 6], [8, 14, 9, 13], [10, 3, 11, 4], [12, 1, 13, 2], [14, 18, 15, 17], [16, 21, 17, 22], [18, 24, 19, 23], [5, 21, 6, 20]]"
12n_0043_152,"[[5, 21, 6, 20], [22, 15, 23, 16], [24, 8, 1, 7], [2, 9, 3, 10], [4, 11, 5, 12], [19, 7, 20, 6], [8, 14, 9, 13], [10, 3, 11, 4], [12, 1, 13, 2], [14, 18, 15, 17], [16, 21, 17, 22], [18, 24, 19, 23]]"
12n_0043_153,"[[18, 24, 19, 23], [5, 21, 6, 20], [22, 15, 23, 16], [24, 8, 1, 7], [2, 9, 3, 10], [4, 11, 5, 12], [19, 7, 20, 6], [8, 14, 9, 13], [10, 3, 11, 4], [12, 1, 13, 2], [14, 18, 15, 17], [16, 21, 17, 22]]"
12n_0043_154,"[[16, 21, 17, 22], [18, 24, 19, 23], [5, 21, 6, 20], [22, 15, 23, 16], [24, 8, 1, 7], [2, 9, 3, 10], [4, 11, 5, 12], [19, 7, 20, 6], [8, 14, 9, 13], [10, 3, 11, 4], [12, 1, 13, 2], [14, 18, 15, 17]]"
12n_0043_155,"[[14, 18, 15, 17], [16, 21, 17, 22], [18, 24, 19, 23], [5, 21, 6, 20], [22, 15, 23, 16], [24, 8, 1, 7], [2, 9, 3, 10], [4, 11, 5, 12], [19, 7, 20, 6], [8, 14, 9, 13], [10, 3, 11, 4], [12, 1, 13, 2]]"
12n_0043_156,"[[13, 2, 14, 3], [15, 19, 16, 18], [17, 22, 18, 23], [19, 1, 20, 24], [6, 22, 7, 21], [23, 16, 24, 17], [1, 9, 2, 8], [3, 10, 4, 11], [5, 12, 6, 13], [20, 8, 21, 7], [9, 15, 10, 14], [11, 4, 12, 5]]"
12n_0043_157,"[[11, 4, 12, 5], [13, 2, 14, 3], [15, 19, 16, 18], [17, 22, 18, 23], [19, 1, 20, 24], [6, 22, 7, 21], [23, 16, 24, 17], [1, 9, 2, 8], [3, 10, 4, 11], [5, 12, 6, 13], [20, 8, 21, 7], [9, 15, 10, 14]]"
12n_0043_158,"[[9, 15, 10, 14], [11, 4, 12, 5], [13, 2, 14, 3], [15, 19, 16, 18], [17, 22, 18, 23], [19, 1, 20, 24], [6, 22, 7, 21], [23, 16, 24, 17], [1, 9, 2, 8], [3, 10, 4, 11], [5, 12, 6, 13], [20, 8, 21, 7]]"
12n_0043_159,"[[20, 8, 21, 7], [9, 15, 10, 14], [11, 4, 12, 5], [13, 2, 14, 3], [15, 19, 16, 18], [17, 22, 18, 23], [19, 1, 20, 24], [6, 22, 7, 21], [23, 16, 24, 17], [1, 9, 2, 8], [3, 10, 4, 11], [5, 12, 6, 13]]"
12n_0043_160,"[[5, 12, 6, 13], [20, 8, 21, 7], [9, 15, 10, 14], [11, 4, 12, 5], [13, 2, 14, 3], [15, 19, 16, 18], [17, 22, 18, 23], [19, 1, 20, 24], [6, 22, 7, 21], [23, 16, 24, 17], [1, 9, 2, 8], [3, 10, 4, 11]]"
12n_0043_161,"[[3, 10, 4, 11], [5, 12, 6, 13], [20, 8, 21, 7], [9, 15, 10, 14], [11, 4, 12, 5], [13, 2, 14, 3], [15, 19, 16, 18], [17, 22, 18, 23], [19, 1, 20, 24], [6, 22, 7, 21], [23, 16, 24, 17], [1, 9, 2, 8]]"
12n_0043_162,"[[1, 9, 2, 8], [3, 10, 4, 11], [5, 12, 6, 13], [20, 8, 21, 7], [9, 15, 10, 14], [11, 4, 12, 5], [13, 2, 14, 3], [15, 19, 16, 18], [17, 22, 18, 23], [19, 1, 20, 24], [6, 22, 7, 21], [23, 16, 24, 17]]"
12n_0043_163,"[[23, 16, 24, 17], [1, 9, 2, 8], [3, 10, 4, 11], [5, 12, 6, 13], [20, 8, 21, 7], [9, 15, 10, 14], [11, 4, 12, 5], [13, 2, 14, 3], [15, 19, 16, 18], [17, 22, 18, 23], [19, 1, 20, 24], [6, 22, 7, 21]]"
12n_0043_164,"[[6, 22, 7, 21], [23, 16, 24, 17], [1, 9, 2, 8], [3, 10, 4, 11], [5, 12, 6, 13], [20, 8, 21, 7], [9, 15, 10, 14], [11, 4, 12, 5], [13, 2, 14, 3], [15, 19, 16, 18], [17, 22, 18, 23], [19, 1, 20, 24]]"
12n_0043_165,"[[19, 1, 20, 24], [6, 22, 7, 21], [23, 16, 24, 17], [1, 9, 2, 8], [3, 10, 4, 11], [5, 12, 6, 13], [20, 8, 21, 7], [9, 15, 10, 14], [11, 4, 12, 5], [13, 2, 14, 3], [15, 19, 16, 18], [17, 22, 18, 23]]"
12n_0043_166,"[[17, 22, 18, 23], [19, 1, 20, 24], [6, 22, 7, 21], [23, 16, 24, 17], [1, 9, 2, 8], [3, 10, 4, 11], [5, 12, 6, 13], [20, 8, 21, 7], [9, 15, 10, 14], [11, 4, 12, 5], [13, 2, 14, 3], [15, 19, 16, 18]]"
12n_0043_167,"[[15, 19, 16, 18], [17, 22, 18, 23], [19, 1, 20, 24], [6, 22, 7, 21], [23, 16, 24, 17], [1, 9, 2, 8], [3, 10, 4, 11], [5, 12, 6, 13], [20, 8, 21, 7], [9, 15, 10, 14], [11, 4, 12, 5], [13, 2, 14, 3]]"
12n_0043_168,"[[14, 3, 15, 4], [16, 20, 17, 19], [18, 23, 19, 24], [20, 2, 21, 1], [7, 23, 8, 22], [24, 17, 1, 18], [2, 10, 3, 9], [4, 11, 5, 12], [6, 13, 7, 14], [21, 9, 22, 8], [10, 16, 11, 15], [12, 5, 13, 6]]"
12n_0043_169,"[[12, 5, 13, 6], [14, 3, 15, 4], [16, 20, 17, 19], [18, 23, 19, 24], [20, 2, 21, 1], [7, 23, 8, 22], [24, 17, 1, 18], [2, 10, 3, 9], [4, 11, 5, 12], [6, 13, 7, 14], [21, 9, 22, 8], [10, 16, 11, 15]]"
12n_0043_170,"[[10, 16, 11, 15], [12, 5, 13, 6], [14, 3, 15, 4], [16, 20, 17, 19], [18, 23, 19, 24], [20, 2, 21, 1], [7, 23, 8, 22], [24, 17, 1, 18], [2, 10, 3, 9], [4, 11, 5, 12], [6, 13, 7, 14], [21, 9, 22, 8]]"
12n_0043_171,"[[21, 9, 22, 8], [10, 16, 11, 15], [12, 5, 13, 6], [14, 3, 15, 4], [16, 20, 17, 19], [18, 23, 19, 24], [20, 2, 21, 1], [7, 23, 8, 22], [24, 17, 1, 18], [2, 10, 3, 9], [4, 11, 5, 12], [6, 13, 7, 14]]"
12n_0043_172,"[[6, 13, 7, 14], [21, 9, 22, 8], [10, 16, 11, 15], [12, 5, 13, 6], [14, 3, 15, 4], [16, 20, 17, 19], [18, 23, 19, 24], [20, 2, 21, 1], [7, 23, 8, 22], [24, 17, 1, 18], [2, 10, 3, 9], [4, 11, 5, 12]]"
12n_0043_173,"[[4, 11, 5, 12], [6, 13, 7, 14], [21, 9, 22, 8], [10, 16, 11, 15], [12, 5, 13, 6], [14, 3, 15, 4], [16, 20, 17, 19], [18, 23, 19, 24], [20, 2, 21, 1], [7, 23, 8, 22], [24, 17, 1, 18], [2, 10, 3, 9]]"
12n_0043_174,"[[2, 10, 3, 9], [4, 11, 5, 12], [6, 13, 7, 14], [21, 9, 22, 8], [10, 16, 11, 15], [12, 5, 13, 6], [14, 3, 15, 4], [16, 20, 17, 19], [18, 23, 19, 24], [20, 2, 21, 1], [7, 23, 8, 22], [24, 17, 1, 18]]"
12n_0043_175,"[[24, 17, 1, 18], [2, 10, 3, 9], [4, 11, 5, 12], [6, 13, 7, 14], [21, 9, 22, 8], [10, 16, 11, 15], [12, 5, 13, 6], [14, 3, 15, 4], [16, 20, 17, 19], [18, 23, 19, 24], [20, 2, 21, 1], [7, 23, 8, 22]]"
12n_0043_176,"[[7, 23, 8, 22], [24, 17, 1, 18], [2, 10, 3, 9], [4, 11, 5, 12], [6, 13, 7, 14], [21, 9, 22, 8], [10, 16, 11, 15], [12, 5, 13, 6], [14, 3, 15, 4], [16, 20, 17, 19], [18, 23, 19, 24], [20, 2, 21, 1]]"
12n_0043_177,"[[20, 2, 21, 1], [7, 23, 8, 22], [24, 17, 1, 18], [2, 10, 3, 9], [4, 11, 5, 12], [6, 13, 7, 14], [21, 9, 22, 8], [10, 16, 11, 15], [12, 5, 13, 6], [14, 3, 15, 4], [16, 20, 17, 19], [18, 23, 19, 24]]"
12n_0043_178,"[[18, 23, 19, 24], [20, 2, 21, 1], [7, 23, 8, 22], [24, 17, 1, 18], [2, 10, 3, 9], [4, 11, 5, 12], [6, 13, 7, 14], [21, 9, 22, 8], [10, 16, 11, 15], [12, 5, 13, 6], [14, 3, 15, 4], [16, 20, 17, 19]]"
12n_0043_179,"[[16, 20, 17, 19], [18, 23, 19, 24], [20, 2, 21, 1], [7, 23, 8, 22], [24, 17, 1, 18], [2, 10, 3, 9], [4, 11, 5, 12], [6, 13, 7, 14], [21, 9, 22, 8], [10, 16, 11, 15], [12, 5, 13, 6], [14, 3, 15, 4]]"
12n_0043_180,"[[15, 4, 16, 5], [17, 21, 18, 20], [19, 24, 20, 1], [21, 3, 22, 2], [8, 24, 9, 23], [1, 18, 2, 19], [3, 11, 4, 10], [5, 12, 6, 13], [7, 14, 8, 15], [22, 10, 23, 9], [11, 17, 12, 16], [13, 6, 14, 7]]"
12n_0043_181,"[[13, 6, 14, 7], [15, 4, 16, 5], [17, 21, 18, 20], [19, 24, 20, 1], [21, 3, 22, 2], [8, 24, 9, 23], [1, 18, 2, 19], [3, 11, 4, 10], [5, 12, 6, 13], [7, 14, 8, 15], [22, 10, 23, 9], [11, 17, 12, 16]]"
12n_0043_182,"[[11, 17, 12, 16], [13, 6, 14, 7], [15, 4, 16, 5], [17, 21, 18, 20], [19, 24, 20, 1], [21, 3, 22, 2], [8, 24, 9, 23], [1, 18, 2, 19], [3, 11, 4, 10], [5, 12, 6, 13], [7, 14, 8, 15], [22, 10, 23, 9]]"
12n_0043_183,"[[22, 10, 23, 9], [11, 17, 12, 16], [13, 6, 14, 7], [15, 4, 16, 5], [17, 21, 18, 20], [19, 24, 20, 1], [21, 3, 22, 2], [8, 24, 9, 23], [1, 18, 2, 19], [3, 11, 4, 10], [5, 12, 6, 13], [7, 14, 8, 15]]"
12n_0043_184,"[[7, 14, 8, 15], [22, 10, 23, 9], [11, 17, 12, 16], [13, 6, 14, 7], [15, 4, 16, 5], [17, 21, 18, 20], [19, 24, 20, 1], [21, 3, 22, 2], [8, 24, 9, 23], [1, 18, 2, 19], [3, 11, 4, 10], [5, 12, 6, 13]]"
12n_0043_185,"[[5, 12, 6, 13], [7, 14, 8, 15], [22, 10, 23, 9], [11, 17, 12, 16], [13, 6, 14, 7], [15, 4, 16, 5], [17, 21, 18, 20], [19, 24, 20, 1], [21, 3, 22, 2], [8, 24, 9, 23], [1, 18, 2, 19], [3, 11, 4, 10]]"
