name,pd_notation
12n_0051_0,"[[15, 1, 16, 24], [2, 6, 3, 5], [4, 9, 5, 10], [6, 12, 7, 11], [8, 17, 9, 18], [10, 3, 11, 4], [21, 12, 22, 13], [19, 14, 20, 15], [23, 17, 24, 16], [18, 7, 19, 8], [13, 20, 14, 21], [1, 22, 2, 23]]"
12n_0051_1,"[[1, 22, 2, 23], [15, 1, 16, 24], [2, 6, 3, 5], [4, 9, 5, 10], [6, 12, 7, 11], [8, 17, 9, 18], [10, 3, 11, 4], [21, 12, 22, 13], [19, 14, 20, 15], [23, 17, 24, 16], [18, 7, 19, 8], [13, 20, 14, 21]]"
12n_0051_2,"[[13, 20, 14, 21], [1, 22, 2, 23], [15, 1, 16, 24], [2, 6, 3, 5], [4, 9, 5, 10], [6, 12, 7, 11], [8, 17, 9, 18], [10, 3, 11, 4], [21, 12, 22, 13], [19, 14, 20, 15], [23, 17, 24, 16], [18, 7, 19, 8]]"
12n_0051_3,"[[18, 7, 19, 8], [13, 20, 14, 21], [1, 22, 2, 23], [15, 1, 16, 24], [2, 6, 3, 5], [4, 9, 5, 10], [6, 12, 7, 11], [8, 17, 9, 18], [10, 3, 11, 4], [21, 12, 22, 13], [19, 14, 20, 15], [23, 17, 24, 16]]"
12n_0051_4,"[[23, 17, 24, 16], [18, 7, 19, 8], [13, 20, 14, 21], [1, 22, 2, 23], [15, 1, 16, 24], [2, 6, 3, 5], [4, 9, 5, 10], [6, 12, 7, 11], [8, 17, 9, 18], [10, 3, 11, 4], [21, 12, 22, 13], [19, 14, 20, 15]]"
12n_0051_5,"[[19, 14, 20, 15], [23, 17, 24, 16], [18, 7, 19, 8], [13, 20, 14, 21], [1, 22, 2, 23], [15, 1, 16, 24], [2, 6, 3, 5], [4, 9, 5, 10], [6, 12, 7, 11], [8, 17, 9, 18], [10, 3, 11, 4], [21, 12, 22, 13]]"
12n_0051_6,"[[21, 12, 22, 13], [19, 14, 20, 15], [23, 17, 24, 16], [18, 7, 19, 8], [13, 20, 14, 21], [1, 22, 2, 23], [15, 1, 16, 24], [2, 6, 3, 5], [4, 9, 5, 10], [6, 12, 7, 11], [8, 17, 9, 18], [10, 3, 11, 4]]"
12n_0051_7,"[[10, 3, 11, 4], [21, 12, 22, 13], [19, 14, 20, 15], [23, 17, 24, 16], [18, 7, 19, 8], [13, 20, 14, 21], [1, 22, 2, 23], [15, 1, 16, 24], [2, 6, 3, 5], [4, 9, 5, 10], [6, 12, 7, 11], [8, 17, 9, 18]]"
12n_0051_8,"[[8, 17, 9, 18], [10, 3, 11, 4], [21, 12, 22, 13], [19, 14, 20, 15], [23, 17, 24, 16], [18, 7, 19, 8], [13, 20, 14, 21], [1, 22, 2, 23], [15, 1, 16, 24], [2, 6, 3, 5], [4, 9, 5, 10], [6, 12, 7, 11]]"
12n_0051_9,"[[6, 12, 7, 11], [8, 17, 9, 18], [10, 3, 11, 4], [21, 12, 22, 13], [19, 14, 20, 15], [23, 17, 24, 16], [18, 7, 19, 8], [13, 20, 14, 21], [1, 22, 2, 23], [15, 1, 16, 24], [2, 6, 3, 5], [4, 9, 5, 10]]"
12n_0051_10,"[[4, 9, 5, 10], [6, 12, 7, 11], [8, 17, 9, 18], [10, 3, 11, 4], [21, 12, 22, 13], [19, 14, 20, 15], [23, 17, 24, 16], [18, 7, 19, 8], [13, 20, 14, 21], [1, 22, 2, 23], [15, 1, 16, 24], [2, 6, 3, 5]]"
12n_0051_11,"[[2, 6, 3, 5], [4, 9, 5, 10], [6, 12, 7, 11], [8, 17, 9, 18], [10, 3, 11, 4], [21, 12, 22, 13], [19, 14, 20, 15], [23, 17, 24, 16], [18, 7, 19, 8], [13, 20, 14, 21], [1, 22, 2, 23], [15, 1, 16, 24]]"
12n_0051_12,"[[16, 2, 17, 1], [3, 7, 4, 6], [5, 10, 6, 11], [7, 13, 8, 12], [9, 18, 10, 19], [11, 4, 12, 5], [22, 13, 23, 14], [20, 15, 21, 16], [24, 18, 1, 17], [19, 8, 20, 9], [14, 21, 15, 22], [2, 23, 3, 24]]"
12n_0051_13,"[[2, 23, 3, 24], [16, 2, 17, 1], [3, 7, 4, 6], [5, 10, 6, 11], [7, 13, 8, 12], [9, 18, 10, 19], [11, 4, 12, 5], [22, 13, 23, 14], [20, 15, 21, 16], [24, 18, 1, 17], [19, 8, 20, 9], [14, 21, 15, 22]]"
12n_0051_14,"[[14, 21, 15, 22], [2, 23, 3, 24], [16, 2, 17, 1], [3, 7, 4, 6], [5, 10, 6, 11], [7, 13, 8, 12], [9, 18, 10, 19], [11, 4, 12, 5], [22, 13, 23, 14], [20, 15, 21, 16], [24, 18, 1, 17], [19, 8, 20, 9]]"
12n_0051_15,"[[19, 8, 20, 9], [14, 21, 15, 22], [2, 23, 3, 24], [16, 2, 17, 1], [3, 7, 4, 6], [5, 10, 6, 11], [7, 13, 8, 12], [9, 18, 10, 19], [11, 4, 12, 5], [22, 13, 23, 14], [20, 15, 21, 16], [24, 18, 1, 17]]"
12n_0051_16,"[[24, 18, 1, 17], [19, 8, 20, 9], [14, 21, 15, 22], [2, 23, 3, 24], [16, 2, 17, 1], [3, 7, 4, 6], [5, 10, 6, 11], [7, 13, 8, 12], [9, 18, 10, 19], [11, 4, 12, 5], [22, 13, 23, 14], [20, 15, 21, 16]]"
12n_0051_17,"[[20, 15, 21, 16], [24, 18, 1, 17], [19, 8, 20, 9], [14, 21, 15, 22], [2, 23, 3, 24], [16, 2, 17, 1], [3, 7, 4, 6], [5, 10, 6, 11], [7, 13, 8, 12], [9, 18, 10, 19], [11, 4, 12, 5], [22, 13, 23, 14]]"
12n_0051_18,"[[22, 13, 23, 14], [20, 15, 21, 16], [24, 18, 1, 17], [19, 8, 20, 9], [14, 21, 15, 22], [2, 23, 3, 24], [16, 2, 17, 1], [3, 7, 4, 6], [5, 10, 6, 11], [7, 13, 8, 12], [9, 18, 10, 19], [11, 4, 12, 5]]"
12n_0051_19,"[[11, 4, 12, 5], [22, 13, 23, 14], [20, 15, 21, 16], [24, 18, 1, 17], [19, 8, 20, 9], [14, 21, 15, 22], [2, 23, 3, 24], [16, 2, 17, 1], [3, 7, 4, 6], [5, 10, 6, 11], [7, 13, 8, 12], [9, 18, 10, 19]]"
12n_0051_20,"[[9, 18, 10, 19], [11, 4, 12, 5], [22, 13, 23, 14], [20, 15, 21, 16], [24, 18, 1, 17], [19, 8, 20, 9], [14, 21, 15, 22], [2, 23, 3, 24], [16, 2, 17, 1], [3, 7, 4, 6], [5, 10, 6, 11], [7, 13, 8, 12]]"
12n_0051_21,"[[7, 13, 8, 12], [9, 18, 10, 19], [11, 4, 12, 5], [22, 13, 23, 14], [20, 15, 21, 16], [24, 18, 1, 17], [19, 8, 20, 9], [14, 21, 15, 22], [2, 23, 3, 24], [16, 2, 17, 1], [3, 7, 4, 6], [5, 10, 6, 11]]"
12n_0051_22,"[[5, 10, 6, 11], [7, 13, 8, 12], [9, 18, 10, 19], [11, 4, 12, 5], [22, 13, 23, 14], [20, 15, 21, 16], [24, 18, 1, 17], [19, 8, 20, 9], [14, 21, 15, 22], [2, 23, 3, 24], [16, 2, 17, 1], [3, 7, 4, 6]]"
12n_0051_23,"[[3, 7, 4, 6], [5, 10, 6, 11], [7, 13, 8, 12], [9, 18, 10, 19], [11, 4, 12, 5], [22, 13, 23, 14], [20, 15, 21, 16], [24, 18, 1, 17], [19, 8, 20, 9], [14, 21, 15, 22], [2, 23, 3, 24], [16, 2, 17, 1]]"
12n_0051_24,"[[17, 3, 18, 2], [4, 8, 5, 7], [6, 11, 7, 12], [8, 14, 9, 13], [10, 19, 11, 20], [12, 5, 13, 6], [23, 14, 24, 15], [21, 16, 22, 17], [1, 19, 2, 18], [20, 9, 21, 10], [15, 22, 16, 23], [3, 24, 4, 1]]"
12n_0051_25,"[[3, 24, 4, 1], [17, 3, 18, 2], [4, 8, 5, 7], [6, 11, 7, 12], [8, 14, 9, 13], [10, 19, 11, 20], [12, 5, 13, 6], [23, 14, 24, 15], [21, 16, 22, 17], [1, 19, 2, 18], [20, 9, 21, 10], [15, 22, 16, 23]]"
12n_0051_26,"[[15, 22, 16, 23], [3, 24, 4, 1], [17, 3, 18, 2], [4, 8, 5, 7], [6, 11, 7, 12], [8, 14, 9, 13], [10, 19, 11, 20], [12, 5, 13, 6], [23, 14, 24, 15], [21, 16, 22, 17], [1, 19, 2, 18], [20, 9, 21, 10]]"
12n_0051_27,"[[20, 9, 21, 10], [15, 22, 16, 23], [3, 24, 4, 1], [17, 3, 18, 2], [4, 8, 5, 7], [6, 11, 7, 12], [8, 14, 9, 13], [10, 19, 11, 20], [12, 5, 13, 6], [23, 14, 24, 15], [21, 16, 22, 17], [1, 19, 2, 18]]"
12n_0051_28,"[[1, 19, 2, 18], [20, 9, 21, 10], [15, 22, 16, 23], [3, 24, 4, 1], [17, 3, 18, 2], [4, 8, 5, 7], [6, 11, 7, 12], [8, 14, 9, 13], [10, 19, 11, 20], [12, 5, 13, 6], [23, 14, 24, 15], [21, 16, 22, 17]]"
12n_0051_29,"[[21, 16, 22, 17], [1, 19, 2, 18], [20, 9, 21, 10], [15, 22, 16, 23], [3, 24, 4, 1], [17, 3, 18, 2], [4, 8, 5, 7], [6, 11, 7, 12], [8, 14, 9, 13], [10, 19, 11, 20], [12, 5, 13, 6], [23, 14, 24, 15]]"
12n_0051_30,"[[23, 14, 24, 15], [21, 16, 22, 17], [1, 19, 2, 18], [20, 9, 21, 10], [15, 22, 16, 23], [3, 24, 4, 1], [17, 3, 18, 2], [4, 8, 5, 7], [6, 11, 7, 12], [8, 14, 9, 13], [10, 19, 11, 20], [12, 5, 13, 6]]"
12n_0051_31,"[[12, 5, 13, 6], [23, 14, 24, 15], [21, 16, 22, 17], [1, 19, 2, 18], [20, 9, 21, 10], [15, 22, 16, 23], [3, 24, 4, 1], [17, 3, 18, 2], [4, 8, 5, 7], [6, 11, 7, 12], [8, 14, 9, 13], [10, 19, 11, 20]]"
12n_0051_32,"[[10, 19, 11, 20], [12, 5, 13, 6], [23, 14, 24, 15], [21, 16, 22, 17], [1, 19, 2, 18], [20, 9, 21, 10], [15, 22, 16, 23], [3, 24, 4, 1], [17, 3, 18, 2], [4, 8, 5, 7], [6, 11, 7, 12], [8, 14, 9, 13]]"
12n_0051_33,"[[8, 14, 9, 13], [10, 19, 11, 20], [12, 5, 13, 6], [23, 14, 24, 15], [21, 16, 22, 17], [1, 19, 2, 18], [20, 9, 21, 10], [15, 22, 16, 23], [3, 24, 4, 1], [17, 3, 18, 2], [4, 8, 5, 7], [6, 11, 7, 12]]"
12n_0051_34,"[[6, 11, 7, 12], [8, 14, 9, 13], [10, 19, 11, 20], [12, 5, 13, 6], [23, 14, 24, 15], [21, 16, 22, 17], [1, 19, 2, 18], [20, 9, 21, 10], [15, 22, 16, 23], [3, 24, 4, 1], [17, 3, 18, 2], [4, 8, 5, 7]]"
12n_0051_35,"[[4, 8, 5, 7], [6, 11, 7, 12], [8, 14, 9, 13], [10, 19, 11, 20], [12, 5, 13, 6], [23, 14, 24, 15], [21, 16, 22, 17], [1, 19, 2, 18], [20, 9, 21, 10], [15, 22, 16, 23], [3, 24, 4, 1], [17, 3, 18, 2]]"
12n_0051_36,"[[18, 4, 19, 3], [5, 9, 6, 8], [7, 12, 8, 13], [9, 15, 10, 14], [11, 20, 12, 21], [13, 6, 14, 7], [24, 15, 1, 16], [22, 17, 23, 18], [2, 20, 3, 19], [21, 10, 22, 11], [16, 23, 17, 24], [4, 1, 5, 2]]"
12n_0051_37,"[[4, 1, 5, 2], [18, 4, 19, 3], [5, 9, 6, 8], [7, 12, 8, 13], [9, 15, 10, 14], [11, 20, 12, 21], [13, 6, 14, 7], [24, 15, 1, 16], [22, 17, 23, 18], [2, 20, 3, 19], [21, 10, 22, 11], [16, 23, 17, 24]]"
12n_0051_38,"[[16, 23, 17, 24], [4, 1, 5, 2], [18, 4, 19, 3], [5, 9, 6, 8], [7, 12, 8, 13], [9, 15, 10, 14], [11, 20, 12, 21], [13, 6, 14, 7], [24, 15, 1, 16], [22, 17, 23, 18], [2, 20, 3, 19], [21, 10, 22, 11]]"
12n_0051_39,"[[21, 10, 22, 11], [16, 23, 17, 24], [4, 1, 5, 2], [18, 4, 19, 3], [5, 9, 6, 8], [7, 12, 8, 13], [9, 15, 10, 14], [11, 20, 12, 21], [13, 6, 14, 7], [24, 15, 1, 16], [22, 17, 23, 18], [2, 20, 3, 19]]"
12n_0051_40,"[[2, 20, 3, 19], [21, 10, 22, 11], [16, 23, 17, 24], [4, 1, 5, 2], [18, 4, 19, 3], [5, 9, 6, 8], [7, 12, 8, 13], [9, 15, 10, 14], [11, 20, 12, 21], [13, 6, 14, 7], [24, 15, 1, 16], [22, 17, 23, 18]]"
12n_0051_41,"[[22, 17, 23, 18], [2, 20, 3, 19], [21, 10, 22, 11], [16, 23, 17, 24], [4, 1, 5, 2], [18, 4, 19, 3], [5, 9, 6, 8], [7, 12, 8, 13], [9, 15, 10, 14], [11, 20, 12, 21], [13, 6, 14, 7], [24, 15, 1, 16]]"
12n_0051_42,"[[24, 15, 1, 16], [22, 17, 23, 18], [2, 20, 3, 19], [21, 10, 22, 11], [16, 23, 17, 24], [4, 1, 5, 2], [18, 4, 19, 3], [5, 9, 6, 8], [7, 12, 8, 13], [9, 15, 10, 14], [11, 20, 12, 21], [13, 6, 14, 7]]"
12n_0051_43,"[[13, 6, 14, 7], [24, 15, 1, 16], [22, 17, 23, 18], [2, 20, 3, 19], [21, 10, 22, 11], [16, 23, 17, 24], [4, 1, 5, 2], [18, 4, 19, 3], [5, 9, 6, 8], [7, 12, 8, 13], [9, 15, 10, 14], [11, 20, 12, 21]]"
12n_0051_44,"[[11, 20, 12, 21], [13, 6, 14, 7], [24, 15, 1, 16], [22, 17, 23, 18], [2, 20, 3, 19], [21, 10, 22, 11], [16, 23, 17, 24], [4, 1, 5, 2], [18, 4, 19, 3], [5, 9, 6, 8], [7, 12, 8, 13], [9, 15, 10, 14]]"
12n_0051_45,"[[9, 15, 10, 14], [11, 20, 12, 21], [13, 6, 14, 7], [24, 15, 1, 16], [22, 17, 23, 18], [2, 20, 3, 19], [21, 10, 22, 11], [16, 23, 17, 24], [4, 1, 5, 2], [18, 4, 19, 3], [5, 9, 6, 8], [7, 12, 8, 13]]"
12n_0051_46,"[[7, 12, 8, 13], [9, 15, 10, 14], [11, 20, 12, 21], [13, 6, 14, 7], [24, 15, 1, 16], [22, 17, 23, 18], [2, 20, 3, 19], [21, 10, 22, 11], [16, 23, 17, 24], [4, 1, 5, 2], [18, 4, 19, 3], [5, 9, 6, 8]]"
12n_0051_47,"[[5, 9, 6, 8], [7, 12, 8, 13], [9, 15, 10, 14], [11, 20, 12, 21], [13, 6, 14, 7], [24, 15, 1, 16], [22, 17, 23, 18], [2, 20, 3, 19], [21, 10, 22, 11], [16, 23, 17, 24], [4, 1, 5, 2], [18, 4, 19, 3]]"
12n_0051_48,"[[19, 5, 20, 4], [6, 10, 7, 9], [8, 13, 9, 14], [10, 16, 11, 15], [12, 21, 13, 22], [14, 7, 15, 8], [1, 16, 2, 17], [23, 18, 24, 19], [3, 21, 4, 20], [22, 11, 23, 12], [17, 24, 18, 1], [5, 2, 6, 3]]"
12n_0051_49,"[[5, 2, 6, 3], [19, 5, 20, 4], [6, 10, 7, 9], [8, 13, 9, 14], [10, 16, 11, 15], [12, 21, 13, 22], [14, 7, 15, 8], [1, 16, 2, 17], [23, 18, 24, 19], [3, 21, 4, 20], [22, 11, 23, 12], [17, 24, 18, 1]]"
12n_0051_50,"[[17, 24, 18, 1], [5, 2, 6, 3], [19, 5, 20, 4], [6, 10, 7, 9], [8, 13, 9, 14], [10, 16, 11, 15], [12, 21, 13, 22], [14, 7, 15, 8], [1, 16, 2, 17], [23, 18, 24, 19], [3, 21, 4, 20], [22, 11, 23, 12]]"
12n_0051_51,"[[22, 11, 23, 12], [17, 24, 18, 1], [5, 2, 6, 3], [19, 5, 20, 4], [6, 10, 7, 9], [8, 13, 9, 14], [10, 16, 11, 15], [12, 21, 13, 22], [14, 7, 15, 8], [1, 16, 2, 17], [23, 18, 24, 19], [3, 21, 4, 20]]"
12n_0051_52,"[[3, 21, 4, 20], [22, 11, 23, 12], [17, 24, 18, 1], [5, 2, 6, 3], [19, 5, 20, 4], [6, 10, 7, 9], [8, 13, 9, 14], [10, 16, 11, 15], [12, 21, 13, 22], [14, 7, 15, 8], [1, 16, 2, 17], [23, 18, 24, 19]]"
12n_0051_53,"[[23, 18, 24, 19], [3, 21, 4, 20], [22, 11, 23, 12], [17, 24, 18, 1], [5, 2, 6, 3], [19, 5, 20, 4], [6, 10, 7, 9], [8, 13, 9, 14], [10, 16, 11, 15], [12, 21, 13, 22], [14, 7, 15, 8], [1, 16, 2, 17]]"
12n_0051_54,"[[1, 16, 2, 17], [23, 18, 24, 19], [3, 21, 4, 20], [22, 11, 23, 12], [17, 24, 18, 1], [5, 2, 6, 3], [19, 5, 20, 4], [6, 10, 7, 9], [8, 13, 9, 14], [10, 16, 11, 15], [12, 21, 13, 22], [14, 7, 15, 8]]"
12n_0051_55,"[[14, 7, 15, 8], [1, 16, 2, 17], [23, 18, 24, 19], [3, 21, 4, 20], [22, 11, 23, 12], [17, 24, 18, 1], [5, 2, 6, 3], [19, 5, 20, 4], [6, 10, 7, 9], [8, 13, 9, 14], [10, 16, 11, 15], [12, 21, 13, 22]]"
12n_0051_56,"[[12, 21, 13, 22], [14, 7, 15, 8], [1, 16, 2, 17], [23, 18, 24, 19], [3, 21, 4, 20], [22, 11, 23, 12], [17, 24, 18, 1], [5, 2, 6, 3], [19, 5, 20, 4], [6, 10, 7, 9], [8, 13, 9, 14], [10, 16, 11, 15]]"
12n_0051_57,"[[10, 16, 11, 15], [12, 21, 13, 22], [14, 7, 15, 8], [1, 16, 2, 17], [23, 18, 24, 19], [3, 21, 4, 20], [22, 11, 23, 12], [17, 24, 18, 1], [5, 2, 6, 3], [19, 5, 20, 4], [6, 10, 7, 9], [8, 13, 9, 14]]"
12n_0051_58,"[[8, 13, 9, 14], [10, 16, 11, 15], [12, 21, 13, 22], [14, 7, 15, 8], [1, 16, 2, 17], [23, 18, 24, 19], [3, 21, 4, 20], [22, 11, 23, 12], [17, 24, 18, 1], [5, 2, 6, 3], [19, 5, 20, 4], [6, 10, 7, 9]]"
12n_0051_59,"[[6, 10, 7, 9], [8, 13, 9, 14], [10, 16, 11, 15], [12, 21, 13, 22], [14, 7, 15, 8], [1, 16, 2, 17], [23, 18, 24, 19], [3, 21, 4, 20], [22, 11, 23, 12], [17, 24, 18, 1], [5, 2, 6, 3], [19, 5, 20, 4]]"
12n_0051_60,"[[20, 6, 21, 5], [7, 11, 8, 10], [9, 14, 10, 15], [11, 17, 12, 16], [13, 22, 14, 23], [15, 8, 16, 9], [2, 17, 3, 18], [24, 19, 1, 20], [4, 22, 5, 21], [23, 12, 24, 13], [18, 1, 19, 2], [6, 3, 7, 4]]"
12n_0051_61,"[[6, 3, 7, 4], [20, 6, 21, 5], [7, 11, 8, 10], [9, 14, 10, 15], [11, 17, 12, 16], [13, 22, 14, 23], [15, 8, 16, 9], [2, 17, 3, 18], [24, 19, 1, 20], [4, 22, 5, 21], [23, 12, 24, 13], [18, 1, 19, 2]]"
12n_0051_62,"[[18, 1, 19, 2], [6, 3, 7, 4], [20, 6, 21, 5], [7, 11, 8, 10], [9, 14, 10, 15], [11, 17, 12, 16], [13, 22, 14, 23], [15, 8, 16, 9], [2, 17, 3, 18], [24, 19, 1, 20], [4, 22, 5, 21], [23, 12, 24, 13]]"
12n_0051_63,"[[23, 12, 24, 13], [18, 1, 19, 2], [6, 3, 7, 4], [20, 6, 21, 5], [7, 11, 8, 10], [9, 14, 10, 15], [11, 17, 12, 16], [13, 22, 14, 23], [15, 8, 16, 9], [2, 17, 3, 18], [24, 19, 1, 20], [4, 22, 5, 21]]"
12n_0051_64,"[[4, 22, 5, 21], [23, 12, 24, 13], [18, 1, 19, 2], [6, 3, 7, 4], [20, 6, 21, 5], [7, 11, 8, 10], [9, 14, 10, 15], [11, 17, 12, 16], [13, 22, 14, 23], [15, 8, 16, 9], [2, 17, 3, 18], [24, 19, 1, 20]]"
12n_0051_65,"[[24, 19, 1, 20], [4, 22, 5, 21], [23, 12, 24, 13], [18, 1, 19, 2], [6, 3, 7, 4], [20, 6, 21, 5], [7, 11, 8, 10], [9, 14, 10, 15], [11, 17, 12, 16], [13, 22, 14, 23], [15, 8, 16, 9], [2, 17, 3, 18]]"
12n_0051_66,"[[2, 17, 3, 18], [24, 19, 1, 20], [4, 22, 5, 21], [23, 12, 24, 13], [18, 1, 19, 2], [6, 3, 7, 4], [20, 6, 21, 5], [7, 11, 8, 10], [9, 14, 10, 15], [11, 17, 12, 16], [13, 22, 14, 23], [15, 8, 16, 9]]"
12n_0051_67,"[[15, 8, 16, 9], [2, 17, 3, 18], [24, 19, 1, 20], [4, 22, 5, 21], [23, 12, 24, 13], [18, 1, 19, 2], [6, 3, 7, 4], [20, 6, 21, 5], [7, 11, 8, 10], [9, 14, 10, 15], [11, 17, 12, 16], [13, 22, 14, 23]]"
12n_0051_68,"[[13, 22, 14, 23], [15, 8, 16, 9], [2, 17, 3, 18], [24, 19, 1, 20], [4, 22, 5, 21], [23, 12, 24, 13], [18, 1, 19, 2], [6, 3, 7, 4], [20, 6, 21, 5], [7, 11, 8, 10], [9, 14, 10, 15], [11, 17, 12, 16]]"
12n_0051_69,"[[11, 17, 12, 16], [13, 22, 14, 23], [15, 8, 16, 9], [2, 17, 3, 18], [24, 19, 1, 20], [4, 22, 5, 21], [23, 12, 24, 13], [18, 1, 19, 2], [6, 3, 7, 4], [20, 6, 21, 5], [7, 11, 8, 10], [9, 14, 10, 15]]"
12n_0051_70,"[[9, 14, 10, 15], [11, 17, 12, 16], [13, 22, 14, 23], [15, 8, 16, 9], [2, 17, 3, 18], [24, 19, 1, 20], [4, 22, 5, 21], [23, 12, 24, 13], [18, 1, 19, 2], [6, 3, 7, 4], [20, 6, 21, 5], [7, 11, 8, 10]]"
12n_0051_71,"[[7, 11, 8, 10], [9, 14, 10, 15], [11, 17, 12, 16], [13, 22, 14, 23], [15, 8, 16, 9], [2, 17, 3, 18], [24, 19, 1, 20], [4, 22, 5, 21], [23, 12, 24, 13], [18, 1, 19, 2], [6, 3, 7, 4], [20, 6, 21, 5]]"
12n_0051_72,"[[21, 7, 22, 6], [8, 12, 9, 11], [10, 15, 11, 16], [12, 18, 13, 17], [14, 23, 15, 24], [16, 9, 17, 10], [3, 18, 4, 19], [1, 20, 2, 21], [5, 23, 6, 22], [24, 13, 1, 14], [19, 2, 20, 3], [7, 4, 8, 5]]"
12n_0051_73,"[[7, 4, 8, 5], [21, 7, 22, 6], [8, 12, 9, 11], [10, 15, 11, 16], [12, 18, 13, 17], [14, 23, 15, 24], [16, 9, 17, 10], [3, 18, 4, 19], [1, 20, 2, 21], [5, 23, 6, 22], [24, 13, 1, 14], [19, 2, 20, 3]]"
12n_0051_74,"[[19, 2, 20, 3], [7, 4, 8, 5], [21, 7, 22, 6], [8, 12, 9, 11], [10, 15, 11, 16], [12, 18, 13, 17], [14, 23, 15, 24], [16, 9, 17, 10], [3, 18, 4, 19], [1, 20, 2, 21], [5, 23, 6, 22], [24, 13, 1, 14]]"
12n_0051_75,"[[24, 13, 1, 14], [19, 2, 20, 3], [7, 4, 8, 5], [21, 7, 22, 6], [8, 12, 9, 11], [10, 15, 11, 16], [12, 18, 13, 17], [14, 23, 15, 24], [16, 9, 17, 10], [3, 18, 4, 19], [1, 20, 2, 21], [5, 23, 6, 22]]"
12n_0051_76,"[[5, 23, 6, 22], [24, 13, 1, 14], [19, 2, 20, 3], [7, 4, 8, 5], [21, 7, 22, 6], [8, 12, 9, 11], [10, 15, 11, 16], [12, 18, 13, 17], [14, 23, 15, 24], [16, 9, 17, 10], [3, 18, 4, 19], [1, 20, 2, 21]]"
12n_0051_77,"[[1, 20, 2, 21], [5, 23, 6, 22], [24, 13, 1, 14], [19, 2, 20, 3], [7, 4, 8, 5], [21, 7, 22, 6], [8, 12, 9, 11], [10, 15, 11, 16], [12, 18, 13, 17], [14, 23, 15, 24], [16, 9, 17, 10], [3, 18, 4, 19]]"
12n_0051_78,"[[3, 18, 4, 19], [1, 20, 2, 21], [5, 23, 6, 22], [24, 13, 1, 14], [19, 2, 20, 3], [7, 4, 8, 5], [21, 7, 22, 6], [8, 12, 9, 11], [10, 15, 11, 16], [12, 18, 13, 17], [14, 23, 15, 24], [16, 9, 17, 10]]"
12n_0051_79,"[[16, 9, 17, 10], [3, 18, 4, 19], [1, 20, 2, 21], [5, 23, 6, 22], [24, 13, 1, 14], [19, 2, 20, 3], [7, 4, 8, 5], [21, 7, 22, 6], [8, 12, 9, 11], [10, 15, 11, 16], [12, 18, 13, 17], [14, 23, 15, 24]]"
12n_0051_80,"[[14, 23, 15, 24], [16, 9, 17, 10], [3, 18, 4, 19], [1, 20, 2, 21], [5, 23, 6, 22], [24, 13, 1, 14], [19, 2, 20, 3], [7, 4, 8, 5], [21, 7, 22, 6], [8, 12, 9, 11], [10, 15, 11, 16], [12, 18, 13, 17]]"
12n_0051_81,"[[12, 18, 13, 17], [14, 23, 15, 24], [16, 9, 17, 10], [3, 18, 4, 19], [1, 20, 2, 21], [5, 23, 6, 22], [24, 13, 1, 14], [19, 2, 20, 3], [7, 4, 8, 5], [21, 7, 22, 6], [8, 12, 9, 11], [10, 15, 11, 16]]"
12n_0051_82,"[[10, 15, 11, 16], [12, 18, 13, 17], [14, 23, 15, 24], [16, 9, 17, 10], [3, 18, 4, 19], [1, 20, 2, 21], [5, 23, 6, 22], [24, 13, 1, 14], [19, 2, 20, 3], [7, 4, 8, 5], [21, 7, 22, 6], [8, 12, 9, 11]]"
12n_0051_83,"[[8, 12, 9, 11], [10, 15, 11, 16], [12, 18, 13, 17], [14, 23, 15, 24], [16, 9, 17, 10], [3, 18, 4, 19], [1, 20, 2, 21], [5, 23, 6, 22], [24, 13, 1, 14], [19, 2, 20, 3], [7, 4, 8, 5], [21, 7, 22, 6]]"
12n_0051_84,"[[22, 8, 23, 7], [9, 13, 10, 12], [11, 16, 12, 17], [13, 19, 14, 18], [15, 24, 16, 1], [17, 10, 18, 11], [4, 19, 5, 20], [2, 21, 3, 22], [6, 24, 7, 23], [1, 14, 2, 15], [20, 3, 21, 4], [8, 5, 9, 6]]"
12n_0051_85,"[[8, 5, 9, 6], [22, 8, 23, 7], [9, 13, 10, 12], [11, 16, 12, 17], [13, 19, 14, 18], [15, 24, 16, 1], [17, 10, 18, 11], [4, 19, 5, 20], [2, 21, 3, 22], [6, 24, 7, 23], [1, 14, 2, 15], [20, 3, 21, 4]]"
12n_0051_86,"[[20, 3, 21, 4], [8, 5, 9, 6], [22, 8, 23, 7], [9, 13, 10, 12], [11, 16, 12, 17], [13, 19, 14, 18], [15, 24, 16, 1], [17, 10, 18, 11], [4, 19, 5, 20], [2, 21, 3, 22], [6, 24, 7, 23], [1, 14, 2, 15]]"
12n_0051_87,"[[1, 14, 2, 15], [20, 3, 21, 4], [8, 5, 9, 6], [22, 8, 23, 7], [9, 13, 10, 12], [11, 16, 12, 17], [13, 19, 14, 18], [15, 24, 16, 1], [17, 10, 18, 11], [4, 19, 5, 20], [2, 21, 3, 22], [6, 24, 7, 23]]"
12n_0051_88,"[[6, 24, 7, 23], [1, 14, 2, 15], [20, 3, 21, 4], [8, 5, 9, 6], [22, 8, 23, 7], [9, 13, 10, 12], [11, 16, 12, 17], [13, 19, 14, 18], [15, 24, 16, 1], [17, 10, 18, 11], [4, 19, 5, 20], [2, 21, 3, 22]]"
12n_0051_89,"[[2, 21, 3, 22], [6, 24, 7, 23], [1, 14, 2, 15], [20, 3, 21, 4], [8, 5, 9, 6], [22, 8, 23, 7], [9, 13, 10, 12], [11, 16, 12, 17], [13, 19, 14, 18], [15, 24, 16, 1], [17, 10, 18, 11], [4, 19, 5, 20]]"
12n_0051_90,"[[4, 19, 5, 20], [2, 21, 3, 22], [6, 24, 7, 23], [1, 14, 2, 15], [20, 3, 21, 4], [8, 5, 9, 6], [22, 8, 23, 7], [9, 13, 10, 12], [11, 16, 12, 17], [13, 19, 14, 18], [15, 24, 16, 1], [17, 10, 18, 11]]"
12n_0051_91,"[[17, 10, 18, 11], [4, 19, 5, 20], [2, 21, 3, 22], [6, 24, 7, 23], [1, 14, 2, 15], [20, 3, 21, 4], [8, 5, 9, 6], [22, 8, 23, 7], [9, 13, 10, 12], [11, 16, 12, 17], [13, 19, 14, 18], [15, 24, 16, 1]]"
12n_0051_92,"[[15, 24, 16, 1], [17, 10, 18, 11], [4, 19, 5, 20], [2, 21, 3, 22], [6, 24, 7, 23], [1, 14, 2, 15], [20, 3, 21, 4], [8, 5, 9, 6], [22, 8, 23, 7], [9, 13, 10, 12], [11, 16, 12, 17], [13, 19, 14, 18]]"
12n_0051_93,"[[13, 19, 14, 18], [15, 24, 16, 1], [17, 10, 18, 11], [4, 19, 5, 20], [2, 21, 3, 22], [6, 24, 7, 23], [1, 14, 2, 15], [20, 3, 21, 4], [8, 5, 9, 6], [22, 8, 23, 7], [9, 13, 10, 12], [11, 16, 12, 17]]"
12n_0051_94,"[[11, 16, 12, 17], [13, 19, 14, 18], [15, 24, 16, 1], [17, 10, 18, 11], [4, 19, 5, 20], [2, 21, 3, 22], [6, 24, 7, 23], [1, 14, 2, 15], [20, 3, 21, 4], [8, 5, 9, 6], [22, 8, 23, 7], [9, 13, 10, 12]]"
12n_0051_95,"[[9, 13, 10, 12], [11, 16, 12, 17], [13, 19, 14, 18], [15, 24, 16, 1], [17, 10, 18, 11], [4, 19, 5, 20], [2, 21, 3, 22], [6, 24, 7, 23], [1, 14, 2, 15], [20, 3, 21, 4], [8, 5, 9, 6], [22, 8, 23, 7]]"
12n_0051_96,"[[23, 9, 24, 8], [10, 14, 11, 13], [12, 17, 13, 18], [14, 20, 15, 19], [16, 1, 17, 2], [18, 11, 19, 12], [5, 20, 6, 21], [3, 22, 4, 23], [7, 1, 8, 24], [2, 15, 3, 16], [21, 4, 22, 5], [9, 6, 10, 7]]"
12n_0051_97,"[[9, 6, 10, 7], [23, 9, 24, 8], [10, 14, 11, 13], [12, 17, 13, 18], [14, 20, 15, 19], [16, 1, 17, 2], [18, 11, 19, 12], [5, 20, 6, 21], [3, 22, 4, 23], [7, 1, 8, 24], [2, 15, 3, 16], [21, 4, 22, 5]]"
12n_0051_98,"[[21, 4, 22, 5], [9, 6, 10, 7], [23, 9, 24, 8], [10, 14, 11, 13], [12, 17, 13, 18], [14, 20, 15, 19], [16, 1, 17, 2], [18, 11, 19, 12], [5, 20, 6, 21], [3, 22, 4, 23], [7, 1, 8, 24], [2, 15, 3, 16]]"
12n_0051_99,"[[2, 15, 3, 16], [21, 4, 22, 5], [9, 6, 10, 7], [23, 9, 24, 8], [10, 14, 11, 13], [12, 17, 13, 18], [14, 20, 15, 19], [16, 1, 17, 2], [18, 11, 19, 12], [5, 20, 6, 21], [3, 22, 4, 23], [7, 1, 8, 24]]"
12n_0051_100,"[[7, 1, 8, 24], [2, 15, 3, 16], [21, 4, 22, 5], [9, 6, 10, 7], [23, 9, 24, 8], [10, 14, 11, 13], [12, 17, 13, 18], [14, 20, 15, 19], [16, 1, 17, 2], [18, 11, 19, 12], [5, 20, 6, 21], [3, 22, 4, 23]]"
12n_0051_101,"[[3, 22, 4, 23], [7, 1, 8, 24], [2, 15, 3, 16], [21, 4, 22, 5], [9, 6, 10, 7], [23, 9, 24, 8], [10, 14, 11, 13], [12, 17, 13, 18], [14, 20, 15, 19], [16, 1, 17, 2], [18, 11, 19, 12], [5, 20, 6, 21]]"
12n_0051_102,"[[5, 20, 6, 21], [3, 22, 4, 23], [7, 1, 8, 24], [2, 15, 3, 16], [21, 4, 22, 5], [9, 6, 10, 7], [23, 9, 24, 8], [10, 14, 11, 13], [12, 17, 13, 18], [14, 20, 15, 19], [16, 1, 17, 2], [18, 11, 19, 12]]"
12n_0051_103,"[[18, 11, 19, 12], [5, 20, 6, 21], [3, 22, 4, 23], [7, 1, 8, 24], [2, 15, 3, 16], [21, 4, 22, 5], [9, 6, 10, 7], [23, 9, 24, 8], [10, 14, 11, 13], [12, 17, 13, 18], [14, 20, 15, 19], [16, 1, 17, 2]]"
12n_0051_104,"[[16, 1, 17, 2], [18, 11, 19, 12], [5, 20, 6, 21], [3, 22, 4, 23], [7, 1, 8, 24], [2, 15, 3, 16], [21, 4, 22, 5], [9, 6, 10, 7], [23, 9, 24, 8], [10, 14, 11, 13], [12, 17, 13, 18], [14, 20, 15, 19]]"
12n_0051_105,"[[14, 20, 15, 19], [16, 1, 17, 2], [18, 11, 19, 12], [5, 20, 6, 21], [3, 22, 4, 23], [7, 1, 8, 24], [2, 15, 3, 16], [21, 4, 22, 5], [9, 6, 10, 7], [23, 9, 24, 8], [10, 14, 11, 13], [12, 17, 13, 18]]"
12n_0051_106,"[[12, 17, 13, 18], [14, 20, 15, 19], [16, 1, 17, 2], [18, 11, 19, 12], [5, 20, 6, 21], [3, 22, 4, 23], [7, 1, 8, 24], [2, 15, 3, 16], [21, 4, 22, 5], [9, 6, 10, 7], [23, 9, 24, 8], [10, 14, 11, 13]]"
12n_0051_107,"[[10, 14, 11, 13], [12, 17, 13, 18], [14, 20, 15, 19], [16, 1, 17, 2], [18, 11, 19, 12], [5, 20, 6, 21], [3, 22, 4, 23], [7, 1, 8, 24], [2, 15, 3, 16], [21, 4, 22, 5], [9, 6, 10, 7], [23, 9, 24, 8]]"
12n_0051_108,"[[24, 10, 1, 9], [11, 15, 12, 14], [13, 18, 14, 19], [15, 21, 16, 20], [17, 2, 18, 3], [19, 12, 20, 13], [6, 21, 7, 22], [4, 23, 5, 24], [8, 2, 9, 1], [3, 16, 4, 17], [22, 5, 23, 6], [10, 7, 11, 8]]"
12n_0051_109,"[[10, 7, 11, 8], [24, 10, 1, 9], [11, 15, 12, 14], [13, 18, 14, 19], [15, 21, 16, 20], [17, 2, 18, 3], [19, 12, 20, 13], [6, 21, 7, 22], [4, 23, 5, 24], [8, 2, 9, 1], [3, 16, 4, 17], [22, 5, 23, 6]]"
12n_0051_110,"[[22, 5, 23, 6], [10, 7, 11, 8], [24, 10, 1, 9], [11, 15, 12, 14], [13, 18, 14, 19], [15, 21, 16, 20], [17, 2, 18, 3], [19, 12, 20, 13], [6, 21, 7, 22], [4, 23, 5, 24], [8, 2, 9, 1], [3, 16, 4, 17]]"
12n_0051_111,"[[3, 16, 4, 17], [22, 5, 23, 6], [10, 7, 11, 8], [24, 10, 1, 9], [11, 15, 12, 14], [13, 18, 14, 19], [15, 21, 16, 20], [17, 2, 18, 3], [19, 12, 20, 13], [6, 21, 7, 22], [4, 23, 5, 24], [8, 2, 9, 1]]"
12n_0051_112,"[[8, 2, 9, 1], [3, 16, 4, 17], [22, 5, 23, 6], [10, 7, 11, 8], [24, 10, 1, 9], [11, 15, 12, 14], [13, 18, 14, 19], [15, 21, 16, 20], [17, 2, 18, 3], [19, 12, 20, 13], [6, 21, 7, 22], [4, 23, 5, 24]]"
12n_0051_113,"[[4, 23, 5, 24], [8, 2, 9, 1], [3, 16, 4, 17], [22, 5, 23, 6], [10, 7, 11, 8], [24, 10, 1, 9], [11, 15, 12, 14], [13, 18, 14, 19], [15, 21, 16, 20], [17, 2, 18, 3], [19, 12, 20, 13], [6, 21, 7, 22]]"
12n_0051_114,"[[6, 21, 7, 22], [4, 23, 5, 24], [8, 2, 9, 1], [3, 16, 4, 17], [22, 5, 23, 6], [10, 7, 11, 8], [24, 10, 1, 9], [11, 15, 12, 14], [13, 18, 14, 19], [15, 21, 16, 20], [17, 2, 18, 3], [19, 12, 20, 13]]"
12n_0051_115,"[[19, 12, 20, 13], [6, 21, 7, 22], [4, 23, 5, 24], [8, 2, 9, 1], [3, 16, 4, 17], [22, 5, 23, 6], [10, 7, 11, 8], [24, 10, 1, 9], [11, 15, 12, 14], [13, 18, 14, 19], [15, 21, 16, 20], [17, 2, 18, 3]]"
12n_0051_116,"[[17, 2, 18, 3], [19, 12, 20, 13], [6, 21, 7, 22], [4, 23, 5, 24], [8, 2, 9, 1], [3, 16, 4, 17], [22, 5, 23, 6], [10, 7, 11, 8], [24, 10, 1, 9], [11, 15, 12, 14], [13, 18, 14, 19], [15, 21, 16, 20]]"
12n_0051_117,"[[15, 21, 16, 20], [17, 2, 18, 3], [19, 12, 20, 13], [6, 21, 7, 22], [4, 23, 5, 24], [8, 2, 9, 1], [3, 16, 4, 17], [22, 5, 23, 6], [10, 7, 11, 8], [24, 10, 1, 9], [11, 15, 12, 14], [13, 18, 14, 19]]"
12n_0051_118,"[[13, 18, 14, 19], [15, 21, 16, 20], [17, 2, 18, 3], [19, 12, 20, 13], [6, 21, 7, 22], [4, 23, 5, 24], [8, 2, 9, 1], [3, 16, 4, 17], [22, 5, 23, 6], [10, 7, 11, 8], [24, 10, 1, 9], [11, 15, 12, 14]]"
12n_0051_119,"[[11, 15, 12, 14], [13, 18, 14, 19], [15, 21, 16, 20], [17, 2, 18, 3], [19, 12, 20, 13], [6, 21, 7, 22], [4, 23, 5, 24], [8, 2, 9, 1], [3, 16, 4, 17], [22, 5, 23, 6], [10, 7, 11, 8], [24, 10, 1, 9]]"
12n_0051_120,"[[1, 11, 2, 10], [12, 16, 13, 15], [14, 19, 15, 20], [16, 22, 17, 21], [18, 3, 19, 4], [20, 13, 21, 14], [7, 22, 8, 23], [5, 24, 6, 1], [9, 3, 10, 2], [4, 17, 5, 18], [23, 6, 24, 7], [11, 8, 12, 9]]"
12n_0051_121,"[[11, 8, 12, 9], [1, 11, 2, 10], [12, 16, 13, 15], [14, 19, 15, 20], [16, 22, 17, 21], [18, 3, 19, 4], [20, 13, 21, 14], [7, 22, 8, 23], [5, 24, 6, 1], [9, 3, 10, 2], [4, 17, 5, 18], [23, 6, 24, 7]]"
12n_0051_122,"[[23, 6, 24, 7], [11, 8, 12, 9], [1, 11, 2, 10], [12, 16, 13, 15], [14, 19, 15, 20], [16, 22, 17, 21], [18, 3, 19, 4], [20, 13, 21, 14], [7, 22, 8, 23], [5, 24, 6, 1], [9, 3, 10, 2], [4, 17, 5, 18]]"
12n_0051_123,"[[4, 17, 5, 18], [23, 6, 24, 7], [11, 8, 12, 9], [1, 11, 2, 10], [12, 16, 13, 15], [14, 19, 15, 20], [16, 22, 17, 21], [18, 3, 19, 4], [20, 13, 21, 14], [7, 22, 8, 23], [5, 24, 6, 1], [9, 3, 10, 2]]"
12n_0051_124,"[[9, 3, 10, 2], [4, 17, 5, 18], [23, 6, 24, 7], [11, 8, 12, 9], [1, 11, 2, 10], [12, 16, 13, 15], [14, 19, 15, 20], [16, 22, 17, 21], [18, 3, 19, 4], [20, 13, 21, 14], [7, 22, 8, 23], [5, 24, 6, 1]]"
12n_0051_125,"[[5, 24, 6, 1], [9, 3, 10, 2], [4, 17, 5, 18], [23, 6, 24, 7], [11, 8, 12, 9], [1, 11, 2, 10], [12, 16, 13, 15], [14, 19, 15, 20], [16, 22, 17, 21], [18, 3, 19, 4], [20, 13, 21, 14], [7, 22, 8, 23]]"
12n_0051_126,"[[7, 22, 8, 23], [5, 24, 6, 1], [9, 3, 10, 2], [4, 17, 5, 18], [23, 6, 24, 7], [11, 8, 12, 9], [1, 11, 2, 10], [12, 16, 13, 15], [14, 19, 15, 20], [16, 22, 17, 21], [18, 3, 19, 4], [20, 13, 21, 14]]"
12n_0051_127,"[[20, 13, 21, 14], [7, 22, 8, 23], [5, 24, 6, 1], [9, 3, 10, 2], [4, 17, 5, 18], [23, 6, 24, 7], [11, 8, 12, 9], [1, 11, 2, 10], [12, 16, 13, 15], [14, 19, 15, 20], [16, 22, 17, 21], [18, 3, 19, 4]]"
12n_0051_128,"[[18, 3, 19, 4], [20, 13, 21, 14], [7, 22, 8, 23], [5, 24, 6, 1], [9, 3, 10, 2], [4, 17, 5, 18], [23, 6, 24, 7], [11, 8, 12, 9], [1, 11, 2, 10], [12, 16, 13, 15], [14, 19, 15, 20], [16, 22, 17, 21]]"
12n_0051_129,"[[16, 22, 17, 21], [18, 3, 19, 4], [20, 13, 21, 14], [7, 22, 8, 23], [5, 24, 6, 1], [9, 3, 10, 2], [4, 17, 5, 18], [23, 6, 24, 7], [11, 8, 12, 9], [1, 11, 2, 10], [12, 16, 13, 15], [14, 19, 15, 20]]"
12n_0051_130,"[[14, 19, 15, 20], [16, 22, 17, 21], [18, 3, 19, 4], [20, 13, 21, 14], [7, 22, 8, 23], [5, 24, 6, 1], [9, 3, 10, 2], [4, 17, 5, 18], [23, 6, 24, 7], [11, 8, 12, 9], [1, 11, 2, 10], [12, 16, 13, 15]]"
12n_0051_131,"[[12, 16, 13, 15], [14, 19, 15, 20], [16, 22, 17, 21], [18, 3, 19, 4], [20, 13, 21, 14], [7, 22, 8, 23], [5, 24, 6, 1], [9, 3, 10, 2], [4, 17, 5, 18], [23, 6, 24, 7], [11, 8, 12, 9], [1, 11, 2, 10]]"
12n_0051_132,"[[2, 12, 3, 11], [13, 17, 14, 16], [15, 20, 16, 21], [17, 23, 18, 22], [19, 4, 20, 5], [21, 14, 22, 15], [8, 23, 9, 24], [6, 1, 7, 2], [10, 4, 11, 3], [5, 18, 6, 19], [24, 7, 1, 8], [12, 9, 13, 10]]"
12n_0051_133,"[[12, 9, 13, 10], [2, 12, 3, 11], [13, 17, 14, 16], [15, 20, 16, 21], [17, 23, 18, 22], [19, 4, 20, 5], [21, 14, 22, 15], [8, 23, 9, 24], [6, 1, 7, 2], [10, 4, 11, 3], [5, 18, 6, 19], [24, 7, 1, 8]]"
12n_0051_134,"[[24, 7, 1, 8], [12, 9, 13, 10], [2, 12, 3, 11], [13, 17, 14, 16], [15, 20, 16, 21], [17, 23, 18, 22], [19, 4, 20, 5], [21, 14, 22, 15], [8, 23, 9, 24], [6, 1, 7, 2], [10, 4, 11, 3], [5, 18, 6, 19]]"
12n_0051_135,"[[5, 18, 6, 19], [24, 7, 1, 8], [12, 9, 13, 10], [2, 12, 3, 11], [13, 17, 14, 16], [15, 20, 16, 21], [17, 23, 18, 22], [19, 4, 20, 5], [21, 14, 22, 15], [8, 23, 9, 24], [6, 1, 7, 2], [10, 4, 11, 3]]"
12n_0051_136,"[[10, 4, 11, 3], [5, 18, 6, 19], [24, 7, 1, 8], [12, 9, 13, 10], [2, 12, 3, 11], [13, 17, 14, 16], [15, 20, 16, 21], [17, 23, 18, 22], [19, 4, 20, 5], [21, 14, 22, 15], [8, 23, 9, 24], [6, 1, 7, 2]]"
12n_0051_137,"[[6, 1, 7, 2], [10, 4, 11, 3], [5, 18, 6, 19], [24, 7, 1, 8], [12, 9, 13, 10], [2, 12, 3, 11], [13, 17, 14, 16], [15, 20, 16, 21], [17, 23, 18, 22], [19, 4, 20, 5], [21, 14, 22, 15], [8, 23, 9, 24]]"
12n_0051_138,"[[8, 23, 9, 24], [6, 1, 7, 2], [10, 4, 11, 3], [5, 18, 6, 19], [24, 7, 1, 8], [12, 9, 13, 10], [2, 12, 3, 11], [13, 17, 14, 16], [15, 20, 16, 21], [17, 23, 18, 22], [19, 4, 20, 5], [21, 14, 22, 15]]"
12n_0051_139,"[[21, 14, 22, 15], [8, 23, 9, 24], [6, 1, 7, 2], [10, 4, 11, 3], [5, 18, 6, 19], [24, 7, 1, 8], [12, 9, 13, 10], [2, 12, 3, 11], [13, 17, 14, 16], [15, 20, 16, 21], [17, 23, 18, 22], [19, 4, 20, 5]]"
12n_0051_140,"[[19, 4, 20, 5], [21, 14, 22, 15], [8, 23, 9, 24], [6, 1, 7, 2], [10, 4, 11, 3], [5, 18, 6, 19], [24, 7, 1, 8], [12, 9, 13, 10], [2, 12, 3, 11], [13, 17, 14, 16], [15, 20, 16, 21], [17, 23, 18, 22]]"
12n_0051_141,"[[17, 23, 18, 22], [19, 4, 20, 5], [21, 14, 22, 15], [8, 23, 9, 24], [6, 1, 7, 2], [10, 4, 11, 3], [5, 18, 6, 19], [24, 7, 1, 8], [12, 9, 13, 10], [2, 12, 3, 11], [13, 17, 14, 16], [15, 20, 16, 21]]"
12n_0051_142,"[[15, 20, 16, 21], [17, 23, 18, 22], [19, 4, 20, 5], [21, 14, 22, 15], [8, 23, 9, 24], [6, 1, 7, 2], [10, 4, 11, 3], [5, 18, 6, 19], [24, 7, 1, 8], [12, 9, 13, 10], [2, 12, 3, 11], [13, 17, 14, 16]]"
12n_0051_143,"[[13, 17, 14, 16], [15, 20, 16, 21], [17, 23, 18, 22], [19, 4, 20, 5], [21, 14, 22, 15], [8, 23, 9, 24], [6, 1, 7, 2], [10, 4, 11, 3], [5, 18, 6, 19], [24, 7, 1, 8], [12, 9, 13, 10], [2, 12, 3, 11]]"
12n_0051_144,"[[3, 13, 4, 12], [14, 18, 15, 17], [16, 21, 17, 22], [18, 24, 19, 23], [20, 5, 21, 6], [22, 15, 23, 16], [9, 24, 10, 1], [7, 2, 8, 3], [11, 5, 12, 4], [6, 19, 7, 20], [1, 8, 2, 9], [13, 10, 14, 11]]"
12n_0051_145,"[[13, 10, 14, 11], [3, 13, 4, 12], [14, 18, 15, 17], [16, 21, 17, 22], [18, 24, 19, 23], [20, 5, 21, 6], [22, 15, 23, 16], [9, 24, 10, 1], [7, 2, 8, 3], [11, 5, 12, 4], [6, 19, 7, 20], [1, 8, 2, 9]]"
12n_0051_146,"[[1, 8, 2, 9], [13, 10, 14, 11], [3, 13, 4, 12], [14, 18, 15, 17], [16, 21, 17, 22], [18, 24, 19, 23], [20, 5, 21, 6], [22, 15, 23, 16], [9, 24, 10, 1], [7, 2, 8, 3], [11, 5, 12, 4], [6, 19, 7, 20]]"
12n_0051_147,"[[6, 19, 7, 20], [1, 8, 2, 9], [13, 10, 14, 11], [3, 13, 4, 12], [14, 18, 15, 17], [16, 21, 17, 22], [18, 24, 19, 23], [20, 5, 21, 6], [22, 15, 23, 16], [9, 24, 10, 1], [7, 2, 8, 3], [11, 5, 12, 4]]"
12n_0051_148,"[[11, 5, 12, 4], [6, 19, 7, 20], [1, 8, 2, 9], [13, 10, 14, 11], [3, 13, 4, 12], [14, 18, 15, 17], [16, 21, 17, 22], [18, 24, 19, 23], [20, 5, 21, 6], [22, 15, 23, 16], [9, 24, 10, 1], [7, 2, 8, 3]]"
12n_0051_149,"[[7, 2, 8, 3], [11, 5, 12, 4], [6, 19, 7, 20], [1, 8, 2, 9], [13, 10, 14, 11], [3, 13, 4, 12], [14, 18, 15, 17], [16, 21, 17, 22], [18, 24, 19, 23], [20, 5, 21, 6], [22, 15, 23, 16], [9, 24, 10, 1]]"
12n_0051_150,"[[9, 24, 10, 1], [7, 2, 8, 3], [11, 5, 12, 4], [6, 19, 7, 20], [1, 8, 2, 9], [13, 10, 14, 11], [3, 13, 4, 12], [14, 18, 15, 17], [16, 21, 17, 22], [18, 24, 19, 23], [20, 5, 21, 6], [22, 15, 23, 16]]"
12n_0051_151,"[[22, 15, 23, 16], [9, 24, 10, 1], [7, 2, 8, 3], [11, 5, 12, 4], [6, 19, 7, 20], [1, 8, 2, 9], [13, 10, 14, 11], [3, 13, 4, 12], [14, 18, 15, 17], [16, 21, 17, 22], [18, 24, 19, 23], [20, 5, 21, 6]]"
12n_0051_152,"[[20, 5, 21, 6], [22, 15, 23, 16], [9, 24, 10, 1], [7, 2, 8, 3], [11, 5, 12, 4], [6, 19, 7, 20], [1, 8, 2, 9], [13, 10, 14, 11], [3, 13, 4, 12], [14, 18, 15, 17], [16, 21, 17, 22], [18, 24, 19, 23]]"
12n_0051_153,"[[18, 24, 19, 23], [20, 5, 21, 6], [22, 15, 23, 16], [9, 24, 10, 1], [7, 2, 8, 3], [11, 5, 12, 4], [6, 19, 7, 20], [1, 8, 2, 9], [13, 10, 14, 11], [3, 13, 4, 12], [14, 18, 15, 17], [16, 21, 17, 22]]"
12n_0051_154,"[[16, 21, 17, 22], [18, 24, 19, 23], [20, 5, 21, 6], [22, 15, 23, 16], [9, 24, 10, 1], [7, 2, 8, 3], [11, 5, 12, 4], [6, 19, 7, 20], [1, 8, 2, 9], [13, 10, 14, 11], [3, 13, 4, 12], [14, 18, 15, 17]]"
12n_0051_155,"[[14, 18, 15, 17], [16, 21, 17, 22], [18, 24, 19, 23], [20, 5, 21, 6], [22, 15, 23, 16], [9, 24, 10, 1], [7, 2, 8, 3], [11, 5, 12, 4], [6, 19, 7, 20], [1, 8, 2, 9], [13, 10, 14, 11], [3, 13, 4, 12]]"
12n_0051_156,"[[4, 14, 5, 13], [15, 19, 16, 18], [17, 22, 18, 23], [19, 1, 20, 24], [21, 6, 22, 7], [23, 16, 24, 17], [10, 1, 11, 2], [8, 3, 9, 4], [12, 6, 13, 5], [7, 20, 8, 21], [2, 9, 3, 10], [14, 11, 15, 12]]"
12n_0051_157,"[[14, 11, 15, 12], [4, 14, 5, 13], [15, 19, 16, 18], [17, 22, 18, 23], [19, 1, 20, 24], [21, 6, 22, 7], [23, 16, 24, 17], [10, 1, 11, 2], [8, 3, 9, 4], [12, 6, 13, 5], [7, 20, 8, 21], [2, 9, 3, 10]]"
12n_0051_158,"[[2, 9, 3, 10], [14, 11, 15, 12], [4, 14, 5, 13], [15, 19, 16, 18], [17, 22, 18, 23], [19, 1, 20, 24], [21, 6, 22, 7], [23, 16, 24, 17], [10, 1, 11, 2], [8, 3, 9, 4], [12, 6, 13, 5], [7, 20, 8, 21]]"
12n_0051_159,"[[7, 20, 8, 21], [2, 9, 3, 10], [14, 11, 15, 12], [4, 14, 5, 13], [15, 19, 16, 18], [17, 22, 18, 23], [19, 1, 20, 24], [21, 6, 22, 7], [23, 16, 24, 17], [10, 1, 11, 2], [8, 3, 9, 4], [12, 6, 13, 5]]"
12n_0051_160,"[[12, 6, 13, 5], [7, 20, 8, 21], [2, 9, 3, 10], [14, 11, 15, 12], [4, 14, 5, 13], [15, 19, 16, 18], [17, 22, 18, 23], [19, 1, 20, 24], [21, 6, 22, 7], [23, 16, 24, 17], [10, 1, 11, 2], [8, 3, 9, 4]]"
12n_0051_161,"[[8, 3, 9, 4], [12, 6, 13, 5], [7, 20, 8, 21], [2, 9, 3, 10], [14, 11, 15, 12], [4, 14, 5, 13], [15, 19, 16, 18], [17, 22, 18, 23], [19, 1, 20, 24], [21, 6, 22, 7], [23, 16, 24, 17], [10, 1, 11, 2]]"
12n_0051_162,"[[10, 1, 11, 2], [8, 3, 9, 4], [12, 6, 13, 5], [7, 20, 8, 21], [2, 9, 3, 10], [14, 11, 15, 12], [4, 14, 5, 13], [15, 19, 16, 18], [17, 22, 18, 23], [19, 1, 20, 24], [21, 6, 22, 7], [23, 16, 24, 17]]"
12n_0051_163,"[[23, 16, 24, 17], [10, 1, 11, 2], [8, 3, 9, 4], [12, 6, 13, 5], [7, 20, 8, 21], [2, 9, 3, 10], [14, 11, 15, 12], [4, 14, 5, 13], [15, 19, 16, 18], [17, 22, 18, 23], [19, 1, 20, 24], [21, 6, 22, 7]]"
12n_0051_164,"[[21, 6, 22, 7], [23, 16, 24, 17], [10, 1, 11, 2], [8, 3, 9, 4], [12, 6, 13, 5], [7, 20, 8, 21], [2, 9, 3, 10], [14, 11, 15, 12], [4, 14, 5, 13], [15, 19, 16, 18], [17, 22, 18, 23], [19, 1, 20, 24]]"
12n_0051_165,"[[19, 1, 20, 24], [21, 6, 22, 7], [23, 16, 24, 17], [10, 1, 11, 2], [8, 3, 9, 4], [12, 6, 13, 5], [7, 20, 8, 21], [2, 9, 3, 10], [14, 11, 15, 12], [4, 14, 5, 13], [15, 19, 16, 18], [17, 22, 18, 23]]"
12n_0051_166,"[[17, 22, 18, 23], [19, 1, 20, 24], [21, 6, 22, 7], [23, 16, 24, 17], [10, 1, 11, 2], [8, 3, 9, 4], [12, 6, 13, 5], [7, 20, 8, 21], [2, 9, 3, 10], [14, 11, 15, 12], [4, 14, 5, 13], [15, 19, 16, 18]]"
12n_0051_167,"[[15, 19, 16, 18], [17, 22, 18, 23], [19, 1, 20, 24], [21, 6, 22, 7], [23, 16, 24, 17], [10, 1, 11, 2], [8, 3, 9, 4], [12, 6, 13, 5], [7, 20, 8, 21], [2, 9, 3, 10], [14, 11, 15, 12], [4, 14, 5, 13]]"
12n_0051_168,"[[5, 15, 6, 14], [16, 20, 17, 19], [18, 23, 19, 24], [20, 2, 21, 1], [22, 7, 23, 8], [24, 17, 1, 18], [11, 2, 12, 3], [9, 4, 10, 5], [13, 7, 14, 6], [8, 21, 9, 22], [3, 10, 4, 11], [15, 12, 16, 13]]"
12n_0051_169,"[[15, 12, 16, 13], [5, 15, 6, 14], [16, 20, 17, 19], [18, 23, 19, 24], [20, 2, 21, 1], [22, 7, 23, 8], [24, 17, 1, 18], [11, 2, 12, 3], [9, 4, 10, 5], [13, 7, 14, 6], [8, 21, 9, 22], [3, 10, 4, 11]]"
12n_0051_170,"[[3, 10, 4, 11], [15, 12, 16, 13], [5, 15, 6, 14], [16, 20, 17, 19], [18, 23, 19, 24], [20, 2, 21, 1], [22, 7, 23, 8], [24, 17, 1, 18], [11, 2, 12, 3], [9, 4, 10, 5], [13, 7, 14, 6], [8, 21, 9, 22]]"
12n_0051_171,"[[8, 21, 9, 22], [3, 10, 4, 11], [15, 12, 16, 13], [5, 15, 6, 14], [16, 20, 17, 19], [18, 23, 19, 24], [20, 2, 21, 1], [22, 7, 23, 8], [24, 17, 1, 18], [11, 2, 12, 3], [9, 4, 10, 5], [13, 7, 14, 6]]"
12n_0051_172,"[[13, 7, 14, 6], [8, 21, 9, 22], [3, 10, 4, 11], [15, 12, 16, 13], [5, 15, 6, 14], [16, 20, 17, 19], [18, 23, 19, 24], [20, 2, 21, 1], [22, 7, 23, 8], [24, 17, 1, 18], [11, 2, 12, 3], [9, 4, 10, 5]]"
12n_0051_173,"[[9, 4, 10, 5], [13, 7, 14, 6], [8, 21, 9, 22], [3, 10, 4, 11], [15, 12, 16, 13], [5, 15, 6, 14], [16, 20, 17, 19], [18, 23, 19, 24], [20, 2, 21, 1], [22, 7, 23, 8], [24, 17, 1, 18], [11, 2, 12, 3]]"
12n_0051_174,"[[11, 2, 12, 3], [9, 4, 10, 5], [13, 7, 14, 6], [8, 21, 9, 22], [3, 10, 4, 11], [15, 12, 16, 13], [5, 15, 6, 14], [16, 20, 17, 19], [18, 23, 19, 24], [20, 2, 21, 1], [22, 7, 23, 8], [24, 17, 1, 18]]"
12n_0051_175,"[[24, 17, 1, 18], [11, 2, 12, 3], [9, 4, 10, 5], [13, 7, 14, 6], [8, 21, 9, 22], [3, 10, 4, 11], [15, 12, 16, 13], [5, 15, 6, 14], [16, 20, 17, 19], [18, 23, 19, 24], [20, 2, 21, 1], [22, 7, 23, 8]]"
12n_0051_176,"[[22, 7, 23, 8], [24, 17, 1, 18], [11, 2, 12, 3], [9, 4, 10, 5], [13, 7, 14, 6], [8, 21, 9, 22], [3, 10, 4, 11], [15, 12, 16, 13], [5, 15, 6, 14], [16, 20, 17, 19], [18, 23, 19, 24], [20, 2, 21, 1]]"
12n_0051_177,"[[20, 2, 21, 1], [22, 7, 23, 8], [24, 17, 1, 18], [11, 2, 12, 3], [9, 4, 10, 5], [13, 7, 14, 6], [8, 21, 9, 22], [3, 10, 4, 11], [15, 12, 16, 13], [5, 15, 6, 14], [16, 20, 17, 19], [18, 23, 19, 24]]"
12n_0051_178,"[[18, 23, 19, 24], [20, 2, 21, 1], [22, 7, 23, 8], [24, 17, 1, 18], [11, 2, 12, 3], [9, 4, 10, 5], [13, 7, 14, 6], [8, 21, 9, 22], [3, 10, 4, 11], [15, 12, 16, 13], [5, 15, 6, 14], [16, 20, 17, 19]]"
12n_0051_179,"[[16, 20, 17, 19], [18, 23, 19, 24], [20, 2, 21, 1], [22, 7, 23, 8], [24, 17, 1, 18], [11, 2, 12, 3], [9, 4, 10, 5], [13, 7, 14, 6], [8, 21, 9, 22], [3, 10, 4, 11], [15, 12, 16, 13], [5, 15, 6, 14]]"
12n_0051_180,"[[6, 16, 7, 15], [17, 21, 18, 20], [19, 24, 20, 1], [21, 3, 22, 2], [23, 8, 24, 9], [1, 18, 2, 19], [12, 3, 13, 4], [10, 5, 11, 6], [14, 8, 15, 7], [9, 22, 10, 23], [4, 11, 5, 12], [16, 13, 17, 14]]"
12n_0051_181,"[[16, 13, 17, 14], [6, 16, 7, 15], [17, 21, 18, 20], [19, 24, 20, 1], [21, 3, 22, 2], [23, 8, 24, 9], [1, 18, 2, 19], [12, 3, 13, 4], [10, 5, 11, 6], [14, 8, 15, 7], [9, 22, 10, 23], [4, 11, 5, 12]]"
12n_0051_182,"[[4, 11, 5, 12], [16, 13, 17, 14], [6, 16, 7, 15], [17, 21, 18, 20], [19, 24, 20, 1], [21, 3, 22, 2], [23, 8, 24, 9], [1, 18, 2, 19], [12, 3, 13, 4], [10, 5, 11, 6], [14, 8, 15, 7], [9, 22, 10, 23]]"
12n_0051_183,"[[9, 22, 10, 23], [4, 11, 5, 12], [16, 13, 17, 14], [6, 16, 7, 15], [17, 21, 18, 20], [19, 24, 20, 1], [21, 3, 22, 2], [23, 8, 24, 9], [1, 18, 2, 19], [12, 3, 13, 4], [10, 5, 11, 6], [14, 8, 15, 7]]"
12n_0051_184,"[[14, 8, 15, 7], [9, 22, 10, 23], [4, 11, 5, 12], [16, 13, 17, 14], [6, 16, 7, 15], [17, 21, 18, 20], [19, 24, 20, 1], [21, 3, 22, 2], [23, 8, 24, 9], [1, 18, 2, 19], [12, 3, 13, 4], [10, 5, 11, 6]]"
12n_0051_185,"[[10, 5, 11, 6], [14, 8, 15, 7], [9, 22, 10, 23], [4, 11, 5, 12], [16, 13, 17, 14], [6, 16, 7, 15], [17, 21, 18, 20], [19, 24, 20, 1], [21, 3, 22, 2], [23, 8, 24, 9], [1, 18, 2, 19], [12, 3, 13, 4]]"
