name,pd_notation
12n_0217_0,"[[17, 1, 18, 24], [2, 6, 3, 5], [4, 10, 5, 9], [6, 16, 7, 15], [8, 4, 9, 3], [21, 11, 22, 10], [19, 13, 20, 12], [14, 8, 15, 7], [23, 17, 24, 16], [13, 19, 14, 18], [11, 21, 12, 20], [1, 23, 2, 22]]"
12n_0217_1,"[[1, 23, 2, 22], [17, 1, 18, 24], [2, 6, 3, 5], [4, 10, 5, 9], [6, 16, 7, 15], [8, 4, 9, 3], [21, 11, 22, 10], [19, 13, 20, 12], [14, 8, 15, 7], [23, 17, 24, 16], [13, 19, 14, 18], [11, 21, 12, 20]]"
12n_0217_2,"[[11, 21, 12, 20], [1, 23, 2, 22], [17, 1, 18, 24], [2, 6, 3, 5], [4, 10, 5, 9], [6, 16, 7, 15], [8, 4, 9, 3], [21, 11, 22, 10], [19, 13, 20, 12], [14, 8, 15, 7], [23, 17, 24, 16], [13, 19, 14, 18]]"
12n_0217_3,"[[13, 19, 14, 18], [11, 21, 12, 20], [1, 23, 2, 22], [17, 1, 18, 24], [2, 6, 3, 5], [4, 10, 5, 9], [6, 16, 7, 15], [8, 4, 9, 3], [21, 11, 22, 10], [19, 13, 20, 12], [14, 8, 15, 7], [23, 17, 24, 16]]"
12n_0217_4,"[[23, 17, 24, 16], [13, 19, 14, 18], [11, 21, 12, 20], [1, 23, 2, 22], [17, 1, 18, 24], [2, 6, 3, 5], [4, 10, 5, 9], [6, 16, 7, 15], [8, 4, 9, 3], [21, 11, 22, 10], [19, 13, 20, 12], [14, 8, 15, 7]]"
12n_0217_5,"[[14, 8, 15, 7], [23, 17, 24, 16], [13, 19, 14, 18], [11, 21, 12, 20], [1, 23, 2, 22], [17, 1, 18, 24], [2, 6, 3, 5], [4, 10, 5, 9], [6, 16, 7, 15], [8, 4, 9, 3], [21, 11, 22, 10], [19, 13, 20, 12]]"
12n_0217_6,"[[19, 13, 20, 12], [14, 8, 15, 7], [23, 17, 24, 16], [13, 19, 14, 18], [11, 21, 12, 20], [1, 23, 2, 22], [17, 1, 18, 24], [2, 6, 3, 5], [4, 10, 5, 9], [6, 16, 7, 15], [8, 4, 9, 3], [21, 11, 22, 10]]"
12n_0217_7,"[[21, 11, 22, 10], [19, 13, 20, 12], [14, 8, 15, 7], [23, 17, 24, 16], [13, 19, 14, 18], [11, 21, 12, 20], [1, 23, 2, 22], [17, 1, 18, 24], [2, 6, 3, 5], [4, 10, 5, 9], [6, 16, 7, 15], [8, 4, 9, 3]]"
12n_0217_8,"[[8, 4, 9, 3], [21, 11, 22, 10], [19, 13, 20, 12], [14, 8, 15, 7], [23, 17, 24, 16], [13, 19, 14, 18], [11, 21, 12, 20], [1, 23, 2, 22], [17, 1, 18, 24], [2, 6, 3, 5], [4, 10, 5, 9], [6, 16, 7, 15]]"
12n_0217_9,"[[6, 16, 7, 15], [8, 4, 9, 3], [21, 11, 22, 10], [19, 13, 20, 12], [14, 8, 15, 7], [23, 17, 24, 16], [13, 19, 14, 18], [11, 21, 12, 20], [1, 23, 2, 22], [17, 1, 18, 24], [2, 6, 3, 5], [4, 10, 5, 9]]"
12n_0217_10,"[[4, 10, 5, 9], [6, 16, 7, 15], [8, 4, 9, 3], [21, 11, 22, 10], [19, 13, 20, 12], [14, 8, 15, 7], [23, 17, 24, 16], [13, 19, 14, 18], [11, 21, 12, 20], [1, 23, 2, 22], [17, 1, 18, 24], [2, 6, 3, 5]]"
12n_0217_11,"[[2, 6, 3, 5], [4, 10, 5, 9], [6, 16, 7, 15], [8, 4, 9, 3], [21, 11, 22, 10], [19, 13, 20, 12], [14, 8, 15, 7], [23, 17, 24, 16], [13, 19, 14, 18], [11, 21, 12, 20], [1, 23, 2, 22], [17, 1, 18, 24]]"
12n_0217_12,"[[18, 2, 19, 1], [3, 7, 4, 6], [5, 11, 6, 10], [7, 17, 8, 16], [9, 5, 10, 4], [22, 12, 23, 11], [20, 14, 21, 13], [15, 9, 16, 8], [24, 18, 1, 17], [14, 20, 15, 19], [12, 22, 13, 21], [2, 24, 3, 23]]"
12n_0217_13,"[[2, 24, 3, 23], [18, 2, 19, 1], [3, 7, 4, 6], [5, 11, 6, 10], [7, 17, 8, 16], [9, 5, 10, 4], [22, 12, 23, 11], [20, 14, 21, 13], [15, 9, 16, 8], [24, 18, 1, 17], [14, 20, 15, 19], [12, 22, 13, 21]]"
12n_0217_14,"[[12, 22, 13, 21], [2, 24, 3, 23], [18, 2, 19, 1], [3, 7, 4, 6], [5, 11, 6, 10], [7, 17, 8, 16], [9, 5, 10, 4], [22, 12, 23, 11], [20, 14, 21, 13], [15, 9, 16, 8], [24, 18, 1, 17], [14, 20, 15, 19]]"
12n_0217_15,"[[14, 20, 15, 19], [12, 22, 13, 21], [2, 24, 3, 23], [18, 2, 19, 1], [3, 7, 4, 6], [5, 11, 6, 10], [7, 17, 8, 16], [9, 5, 10, 4], [22, 12, 23, 11], [20, 14, 21, 13], [15, 9, 16, 8], [24, 18, 1, 17]]"
12n_0217_16,"[[24, 18, 1, 17], [14, 20, 15, 19], [12, 22, 13, 21], [2, 24, 3, 23], [18, 2, 19, 1], [3, 7, 4, 6], [5, 11, 6, 10], [7, 17, 8, 16], [9, 5, 10, 4], [22, 12, 23, 11], [20, 14, 21, 13], [15, 9, 16, 8]]"
12n_0217_17,"[[15, 9, 16, 8], [24, 18, 1, 17], [14, 20, 15, 19], [12, 22, 13, 21], [2, 24, 3, 23], [18, 2, 19, 1], [3, 7, 4, 6], [5, 11, 6, 10], [7, 17, 8, 16], [9, 5, 10, 4], [22, 12, 23, 11], [20, 14, 21, 13]]"
12n_0217_18,"[[20, 14, 21, 13], [15, 9, 16, 8], [24, 18, 1, 17], [14, 20, 15, 19], [12, 22, 13, 21], [2, 24, 3, 23], [18, 2, 19, 1], [3, 7, 4, 6], [5, 11, 6, 10], [7, 17, 8, 16], [9, 5, 10, 4], [22, 12, 23, 11]]"
12n_0217_19,"[[22, 12, 23, 11], [20, 14, 21, 13], [15, 9, 16, 8], [24, 18, 1, 17], [14, 20, 15, 19], [12, 22, 13, 21], [2, 24, 3, 23], [18, 2, 19, 1], [3, 7, 4, 6], [5, 11, 6, 10], [7, 17, 8, 16], [9, 5, 10, 4]]"
12n_0217_20,"[[9, 5, 10, 4], [22, 12, 23, 11], [20, 14, 21, 13], [15, 9, 16, 8], [24, 18, 1, 17], [14, 20, 15, 19], [12, 22, 13, 21], [2, 24, 3, 23], [18, 2, 19, 1], [3, 7, 4, 6], [5, 11, 6, 10], [7, 17, 8, 16]]"
12n_0217_21,"[[7, 17, 8, 16], [9, 5, 10, 4], [22, 12, 23, 11], [20, 14, 21, 13], [15, 9, 16, 8], [24, 18, 1, 17], [14, 20, 15, 19], [12, 22, 13, 21], [2, 24, 3, 23], [18, 2, 19, 1], [3, 7, 4, 6], [5, 11, 6, 10]]"
12n_0217_22,"[[5, 11, 6, 10], [7, 17, 8, 16], [9, 5, 10, 4], [22, 12, 23, 11], [20, 14, 21, 13], [15, 9, 16, 8], [24, 18, 1, 17], [14, 20, 15, 19], [12, 22, 13, 21], [2, 24, 3, 23], [18, 2, 19, 1], [3, 7, 4, 6]]"
12n_0217_23,"[[3, 7, 4, 6], [5, 11, 6, 10], [7, 17, 8, 16], [9, 5, 10, 4], [22, 12, 23, 11], [20, 14, 21, 13], [15, 9, 16, 8], [24, 18, 1, 17], [14, 20, 15, 19], [12, 22, 13, 21], [2, 24, 3, 23], [18, 2, 19, 1]]"
12n_0217_24,"[[19, 3, 20, 2], [4, 8, 5, 7], [6, 12, 7, 11], [8, 18, 9, 17], [10, 6, 11, 5], [23, 13, 24, 12], [21, 15, 22, 14], [16, 10, 17, 9], [1, 19, 2, 18], [15, 21, 16, 20], [13, 23, 14, 22], [3, 1, 4, 24]]"
12n_0217_25,"[[3, 1, 4, 24], [19, 3, 20, 2], [4, 8, 5, 7], [6, 12, 7, 11], [8, 18, 9, 17], [10, 6, 11, 5], [23, 13, 24, 12], [21, 15, 22, 14], [16, 10, 17, 9], [1, 19, 2, 18], [15, 21, 16, 20], [13, 23, 14, 22]]"
12n_0217_26,"[[13, 23, 14, 22], [3, 1, 4, 24], [19, 3, 20, 2], [4, 8, 5, 7], [6, 12, 7, 11], [8, 18, 9, 17], [10, 6, 11, 5], [23, 13, 24, 12], [21, 15, 22, 14], [16, 10, 17, 9], [1, 19, 2, 18], [15, 21, 16, 20]]"
12n_0217_27,"[[15, 21, 16, 20], [13, 23, 14, 22], [3, 1, 4, 24], [19, 3, 20, 2], [4, 8, 5, 7], [6, 12, 7, 11], [8, 18, 9, 17], [10, 6, 11, 5], [23, 13, 24, 12], [21, 15, 22, 14], [16, 10, 17, 9], [1, 19, 2, 18]]"
12n_0217_28,"[[1, 19, 2, 18], [15, 21, 16, 20], [13, 23, 14, 22], [3, 1, 4, 24], [19, 3, 20, 2], [4, 8, 5, 7], [6, 12, 7, 11], [8, 18, 9, 17], [10, 6, 11, 5], [23, 13, 24, 12], [21, 15, 22, 14], [16, 10, 17, 9]]"
12n_0217_29,"[[16, 10, 17, 9], [1, 19, 2, 18], [15, 21, 16, 20], [13, 23, 14, 22], [3, 1, 4, 24], [19, 3, 20, 2], [4, 8, 5, 7], [6, 12, 7, 11], [8, 18, 9, 17], [10, 6, 11, 5], [23, 13, 24, 12], [21, 15, 22, 14]]"
12n_0217_30,"[[21, 15, 22, 14], [16, 10, 17, 9], [1, 19, 2, 18], [15, 21, 16, 20], [13, 23, 14, 22], [3, 1, 4, 24], [19, 3, 20, 2], [4, 8, 5, 7], [6, 12, 7, 11], [8, 18, 9, 17], [10, 6, 11, 5], [23, 13, 24, 12]]"
12n_0217_31,"[[23, 13, 24, 12], [21, 15, 22, 14], [16, 10, 17, 9], [1, 19, 2, 18], [15, 21, 16, 20], [13, 23, 14, 22], [3, 1, 4, 24], [19, 3, 20, 2], [4, 8, 5, 7], [6, 12, 7, 11], [8, 18, 9, 17], [10, 6, 11, 5]]"
12n_0217_32,"[[10, 6, 11, 5], [23, 13, 24, 12], [21, 15, 22, 14], [16, 10, 17, 9], [1, 19, 2, 18], [15, 21, 16, 20], [13, 23, 14, 22], [3, 1, 4, 24], [19, 3, 20, 2], [4, 8, 5, 7], [6, 12, 7, 11], [8, 18, 9, 17]]"
12n_0217_33,"[[8, 18, 9, 17], [10, 6, 11, 5], [23, 13, 24, 12], [21, 15, 22, 14], [16, 10, 17, 9], [1, 19, 2, 18], [15, 21, 16, 20], [13, 23, 14, 22], [3, 1, 4, 24], [19, 3, 20, 2], [4, 8, 5, 7], [6, 12, 7, 11]]"
12n_0217_34,"[[6, 12, 7, 11], [8, 18, 9, 17], [10, 6, 11, 5], [23, 13, 24, 12], [21, 15, 22, 14], [16, 10, 17, 9], [1, 19, 2, 18], [15, 21, 16, 20], [13, 23, 14, 22], [3, 1, 4, 24], [19, 3, 20, 2], [4, 8, 5, 7]]"
12n_0217_35,"[[4, 8, 5, 7], [6, 12, 7, 11], [8, 18, 9, 17], [10, 6, 11, 5], [23, 13, 24, 12], [21, 15, 22, 14], [16, 10, 17, 9], [1, 19, 2, 18], [15, 21, 16, 20], [13, 23, 14, 22], [3, 1, 4, 24], [19, 3, 20, 2]]"
12n_0217_36,"[[20, 4, 21, 3], [5, 9, 6, 8], [7, 13, 8, 12], [9, 19, 10, 18], [11, 7, 12, 6], [24, 14, 1, 13], [22, 16, 23, 15], [17, 11, 18, 10], [2, 20, 3, 19], [16, 22, 17, 21], [14, 24, 15, 23], [4, 2, 5, 1]]"
12n_0217_37,"[[4, 2, 5, 1], [20, 4, 21, 3], [5, 9, 6, 8], [7, 13, 8, 12], [9, 19, 10, 18], [11, 7, 12, 6], [24, 14, 1, 13], [22, 16, 23, 15], [17, 11, 18, 10], [2, 20, 3, 19], [16, 22, 17, 21], [14, 24, 15, 23]]"
12n_0217_38,"[[14, 24, 15, 23], [4, 2, 5, 1], [20, 4, 21, 3], [5, 9, 6, 8], [7, 13, 8, 12], [9, 19, 10, 18], [11, 7, 12, 6], [24, 14, 1, 13], [22, 16, 23, 15], [17, 11, 18, 10], [2, 20, 3, 19], [16, 22, 17, 21]]"
12n_0217_39,"[[16, 22, 17, 21], [14, 24, 15, 23], [4, 2, 5, 1], [20, 4, 21, 3], [5, 9, 6, 8], [7, 13, 8, 12], [9, 19, 10, 18], [11, 7, 12, 6], [24, 14, 1, 13], [22, 16, 23, 15], [17, 11, 18, 10], [2, 20, 3, 19]]"
12n_0217_40,"[[2, 20, 3, 19], [16, 22, 17, 21], [14, 24, 15, 23], [4, 2, 5, 1], [20, 4, 21, 3], [5, 9, 6, 8], [7, 13, 8, 12], [9, 19, 10, 18], [11, 7, 12, 6], [24, 14, 1, 13], [22, 16, 23, 15], [17, 11, 18, 10]]"
12n_0217_41,"[[17, 11, 18, 10], [2, 20, 3, 19], [16, 22, 17, 21], [14, 24, 15, 23], [4, 2, 5, 1], [20, 4, 21, 3], [5, 9, 6, 8], [7, 13, 8, 12], [9, 19, 10, 18], [11, 7, 12, 6], [24, 14, 1, 13], [22, 16, 23, 15]]"
12n_0217_42,"[[22, 16, 23, 15], [17, 11, 18, 10], [2, 20, 3, 19], [16, 22, 17, 21], [14, 24, 15, 23], [4, 2, 5, 1], [20, 4, 21, 3], [5, 9, 6, 8], [7, 13, 8, 12], [9, 19, 10, 18], [11, 7, 12, 6], [24, 14, 1, 13]]"
12n_0217_43,"[[24, 14, 1, 13], [22, 16, 23, 15], [17, 11, 18, 10], [2, 20, 3, 19], [16, 22, 17, 21], [14, 24, 15, 23], [4, 2, 5, 1], [20, 4, 21, 3], [5, 9, 6, 8], [7, 13, 8, 12], [9, 19, 10, 18], [11, 7, 12, 6]]"
12n_0217_44,"[[11, 7, 12, 6], [24, 14, 1, 13], [22, 16, 23, 15], [17, 11, 18, 10], [2, 20, 3, 19], [16, 22, 17, 21], [14, 24, 15, 23], [4, 2, 5, 1], [20, 4, 21, 3], [5, 9, 6, 8], [7, 13, 8, 12], [9, 19, 10, 18]]"
12n_0217_45,"[[9, 19, 10, 18], [11, 7, 12, 6], [24, 14, 1, 13], [22, 16, 23, 15], [17, 11, 18, 10], [2, 20, 3, 19], [16, 22, 17, 21], [14, 24, 15, 23], [4, 2, 5, 1], [20, 4, 21, 3], [5, 9, 6, 8], [7, 13, 8, 12]]"
12n_0217_46,"[[7, 13, 8, 12], [9, 19, 10, 18], [11, 7, 12, 6], [24, 14, 1, 13], [22, 16, 23, 15], [17, 11, 18, 10], [2, 20, 3, 19], [16, 22, 17, 21], [14, 24, 15, 23], [4, 2, 5, 1], [20, 4, 21, 3], [5, 9, 6, 8]]"
12n_0217_47,"[[5, 9, 6, 8], [7, 13, 8, 12], [9, 19, 10, 18], [11, 7, 12, 6], [24, 14, 1, 13], [22, 16, 23, 15], [17, 11, 18, 10], [2, 20, 3, 19], [16, 22, 17, 21], [14, 24, 15, 23], [4, 2, 5, 1], [20, 4, 21, 3]]"
12n_0217_48,"[[21, 5, 22, 4], [6, 10, 7, 9], [8, 14, 9, 13], [10, 20, 11, 19], [12, 8, 13, 7], [1, 15, 2, 14], [23, 17, 24, 16], [18, 12, 19, 11], [3, 21, 4, 20], [17, 23, 18, 22], [15, 1, 16, 24], [5, 3, 6, 2]]"
12n_0217_49,"[[5, 3, 6, 2], [21, 5, 22, 4], [6, 10, 7, 9], [8, 14, 9, 13], [10, 20, 11, 19], [12, 8, 13, 7], [1, 15, 2, 14], [23, 17, 24, 16], [18, 12, 19, 11], [3, 21, 4, 20], [17, 23, 18, 22], [15, 1, 16, 24]]"
12n_0217_50,"[[15, 1, 16, 24], [5, 3, 6, 2], [21, 5, 22, 4], [6, 10, 7, 9], [8, 14, 9, 13], [10, 20, 11, 19], [12, 8, 13, 7], [1, 15, 2, 14], [23, 17, 24, 16], [18, 12, 19, 11], [3, 21, 4, 20], [17, 23, 18, 22]]"
12n_0217_51,"[[17, 23, 18, 22], [15, 1, 16, 24], [5, 3, 6, 2], [21, 5, 22, 4], [6, 10, 7, 9], [8, 14, 9, 13], [10, 20, 11, 19], [12, 8, 13, 7], [1, 15, 2, 14], [23, 17, 24, 16], [18, 12, 19, 11], [3, 21, 4, 20]]"
12n_0217_52,"[[3, 21, 4, 20], [17, 23, 18, 22], [15, 1, 16, 24], [5, 3, 6, 2], [21, 5, 22, 4], [6, 10, 7, 9], [8, 14, 9, 13], [10, 20, 11, 19], [12, 8, 13, 7], [1, 15, 2, 14], [23, 17, 24, 16], [18, 12, 19, 11]]"
12n_0217_53,"[[18, 12, 19, 11], [3, 21, 4, 20], [17, 23, 18, 22], [15, 1, 16, 24], [5, 3, 6, 2], [21, 5, 22, 4], [6, 10, 7, 9], [8, 14, 9, 13], [10, 20, 11, 19], [12, 8, 13, 7], [1, 15, 2, 14], [23, 17, 24, 16]]"
12n_0217_54,"[[23, 17, 24, 16], [18, 12, 19, 11], [3, 21, 4, 20], [17, 23, 18, 22], [15, 1, 16, 24], [5, 3, 6, 2], [21, 5, 22, 4], [6, 10, 7, 9], [8, 14, 9, 13], [10, 20, 11, 19], [12, 8, 13, 7], [1, 15, 2, 14]]"
12n_0217_55,"[[1, 15, 2, 14], [23, 17, 24, 16], [18, 12, 19, 11], [3, 21, 4, 20], [17, 23, 18, 22], [15, 1, 16, 24], [5, 3, 6, 2], [21, 5, 22, 4], [6, 10, 7, 9], [8, 14, 9, 13], [10, 20, 11, 19], [12, 8, 13, 7]]"
12n_0217_56,"[[12, 8, 13, 7], [1, 15, 2, 14], [23, 17, 24, 16], [18, 12, 19, 11], [3, 21, 4, 20], [17, 23, 18, 22], [15, 1, 16, 24], [5, 3, 6, 2], [21, 5, 22, 4], [6, 10, 7, 9], [8, 14, 9, 13], [10, 20, 11, 19]]"
12n_0217_57,"[[10, 20, 11, 19], [12, 8, 13, 7], [1, 15, 2, 14], [23, 17, 24, 16], [18, 12, 19, 11], [3, 21, 4, 20], [17, 23, 18, 22], [15, 1, 16, 24], [5, 3, 6, 2], [21, 5, 22, 4], [6, 10, 7, 9], [8, 14, 9, 13]]"
12n_0217_58,"[[8, 14, 9, 13], [10, 20, 11, 19], [12, 8, 13, 7], [1, 15, 2, 14], [23, 17, 24, 16], [18, 12, 19, 11], [3, 21, 4, 20], [17, 23, 18, 22], [15, 1, 16, 24], [5, 3, 6, 2], [21, 5, 22, 4], [6, 10, 7, 9]]"
12n_0217_59,"[[6, 10, 7, 9], [8, 14, 9, 13], [10, 20, 11, 19], [12, 8, 13, 7], [1, 15, 2, 14], [23, 17, 24, 16], [18, 12, 19, 11], [3, 21, 4, 20], [17, 23, 18, 22], [15, 1, 16, 24], [5, 3, 6, 2], [21, 5, 22, 4]]"
12n_0217_60,"[[22, 6, 23, 5], [7, 11, 8, 10], [9, 15, 10, 14], [11, 21, 12, 20], [13, 9, 14, 8], [2, 16, 3, 15], [24, 18, 1, 17], [19, 13, 20, 12], [4, 22, 5, 21], [18, 24, 19, 23], [16, 2, 17, 1], [6, 4, 7, 3]]"
12n_0217_61,"[[6, 4, 7, 3], [22, 6, 23, 5], [7, 11, 8, 10], [9, 15, 10, 14], [11, 21, 12, 20], [13, 9, 14, 8], [2, 16, 3, 15], [24, 18, 1, 17], [19, 13, 20, 12], [4, 22, 5, 21], [18, 24, 19, 23], [16, 2, 17, 1]]"
12n_0217_62,"[[16, 2, 17, 1], [6, 4, 7, 3], [22, 6, 23, 5], [7, 11, 8, 10], [9, 15, 10, 14], [11, 21, 12, 20], [13, 9, 14, 8], [2, 16, 3, 15], [24, 18, 1, 17], [19, 13, 20, 12], [4, 22, 5, 21], [18, 24, 19, 23]]"
12n_0217_63,"[[18, 24, 19, 23], [16, 2, 17, 1], [6, 4, 7, 3], [22, 6, 23, 5], [7, 11, 8, 10], [9, 15, 10, 14], [11, 21, 12, 20], [13, 9, 14, 8], [2, 16, 3, 15], [24, 18, 1, 17], [19, 13, 20, 12], [4, 22, 5, 21]]"
12n_0217_64,"[[4, 22, 5, 21], [18, 24, 19, 23], [16, 2, 17, 1], [6, 4, 7, 3], [22, 6, 23, 5], [7, 11, 8, 10], [9, 15, 10, 14], [11, 21, 12, 20], [13, 9, 14, 8], [2, 16, 3, 15], [24, 18, 1, 17], [19, 13, 20, 12]]"
12n_0217_65,"[[19, 13, 20, 12], [4, 22, 5, 21], [18, 24, 19, 23], [16, 2, 17, 1], [6, 4, 7, 3], [22, 6, 23, 5], [7, 11, 8, 10], [9, 15, 10, 14], [11, 21, 12, 20], [13, 9, 14, 8], [2, 16, 3, 15], [24, 18, 1, 17]]"
12n_0217_66,"[[24, 18, 1, 17], [19, 13, 20, 12], [4, 22, 5, 21], [18, 24, 19, 23], [16, 2, 17, 1], [6, 4, 7, 3], [22, 6, 23, 5], [7, 11, 8, 10], [9, 15, 10, 14], [11, 21, 12, 20], [13, 9, 14, 8], [2, 16, 3, 15]]"
12n_0217_67,"[[2, 16, 3, 15], [24, 18, 1, 17], [19, 13, 20, 12], [4, 22, 5, 21], [18, 24, 19, 23], [16, 2, 17, 1], [6, 4, 7, 3], [22, 6, 23, 5], [7, 11, 8, 10], [9, 15, 10, 14], [11, 21, 12, 20], [13, 9, 14, 8]]"
12n_0217_68,"[[13, 9, 14, 8], [2, 16, 3, 15], [24, 18, 1, 17], [19, 13, 20, 12], [4, 22, 5, 21], [18, 24, 19, 23], [16, 2, 17, 1], [6, 4, 7, 3], [22, 6, 23, 5], [7, 11, 8, 10], [9, 15, 10, 14], [11, 21, 12, 20]]"
12n_0217_69,"[[11, 21, 12, 20], [13, 9, 14, 8], [2, 16, 3, 15], [24, 18, 1, 17], [19, 13, 20, 12], [4, 22, 5, 21], [18, 24, 19, 23], [16, 2, 17, 1], [6, 4, 7, 3], [22, 6, 23, 5], [7, 11, 8, 10], [9, 15, 10, 14]]"
12n_0217_70,"[[9, 15, 10, 14], [11, 21, 12, 20], [13, 9, 14, 8], [2, 16, 3, 15], [24, 18, 1, 17], [19, 13, 20, 12], [4, 22, 5, 21], [18, 24, 19, 23], [16, 2, 17, 1], [6, 4, 7, 3], [22, 6, 23, 5], [7, 11, 8, 10]]"
12n_0217_71,"[[7, 11, 8, 10], [9, 15, 10, 14], [11, 21, 12, 20], [13, 9, 14, 8], [2, 16, 3, 15], [24, 18, 1, 17], [19, 13, 20, 12], [4, 22, 5, 21], [18, 24, 19, 23], [16, 2, 17, 1], [6, 4, 7, 3], [22, 6, 23, 5]]"
12n_0217_72,"[[23, 7, 24, 6], [8, 12, 9, 11], [10, 16, 11, 15], [12, 22, 13, 21], [14, 10, 15, 9], [3, 17, 4, 16], [1, 19, 2, 18], [20, 14, 21, 13], [5, 23, 6, 22], [19, 1, 20, 24], [17, 3, 18, 2], [7, 5, 8, 4]]"
12n_0217_73,"[[7, 5, 8, 4], [23, 7, 24, 6], [8, 12, 9, 11], [10, 16, 11, 15], [12, 22, 13, 21], [14, 10, 15, 9], [3, 17, 4, 16], [1, 19, 2, 18], [20, 14, 21, 13], [5, 23, 6, 22], [19, 1, 20, 24], [17, 3, 18, 2]]"
12n_0217_74,"[[17, 3, 18, 2], [7, 5, 8, 4], [23, 7, 24, 6], [8, 12, 9, 11], [10, 16, 11, 15], [12, 22, 13, 21], [14, 10, 15, 9], [3, 17, 4, 16], [1, 19, 2, 18], [20, 14, 21, 13], [5, 23, 6, 22], [19, 1, 20, 24]]"
12n_0217_75,"[[19, 1, 20, 24], [17, 3, 18, 2], [7, 5, 8, 4], [23, 7, 24, 6], [8, 12, 9, 11], [10, 16, 11, 15], [12, 22, 13, 21], [14, 10, 15, 9], [3, 17, 4, 16], [1, 19, 2, 18], [20, 14, 21, 13], [5, 23, 6, 22]]"
12n_0217_76,"[[5, 23, 6, 22], [19, 1, 20, 24], [17, 3, 18, 2], [7, 5, 8, 4], [23, 7, 24, 6], [8, 12, 9, 11], [10, 16, 11, 15], [12, 22, 13, 21], [14, 10, 15, 9], [3, 17, 4, 16], [1, 19, 2, 18], [20, 14, 21, 13]]"
12n_0217_77,"[[20, 14, 21, 13], [5, 23, 6, 22], [19, 1, 20, 24], [17, 3, 18, 2], [7, 5, 8, 4], [23, 7, 24, 6], [8, 12, 9, 11], [10, 16, 11, 15], [12, 22, 13, 21], [14, 10, 15, 9], [3, 17, 4, 16], [1, 19, 2, 18]]"
12n_0217_78,"[[1, 19, 2, 18], [20, 14, 21, 13], [5, 23, 6, 22], [19, 1, 20, 24], [17, 3, 18, 2], [7, 5, 8, 4], [23, 7, 24, 6], [8, 12, 9, 11], [10, 16, 11, 15], [12, 22, 13, 21], [14, 10, 15, 9], [3, 17, 4, 16]]"
12n_0217_79,"[[3, 17, 4, 16], [1, 19, 2, 18], [20, 14, 21, 13], [5, 23, 6, 22], [19, 1, 20, 24], [17, 3, 18, 2], [7, 5, 8, 4], [23, 7, 24, 6], [8, 12, 9, 11], [10, 16, 11, 15], [12, 22, 13, 21], [14, 10, 15, 9]]"
12n_0217_80,"[[14, 10, 15, 9], [3, 17, 4, 16], [1, 19, 2, 18], [20, 14, 21, 13], [5, 23, 6, 22], [19, 1, 20, 24], [17, 3, 18, 2], [7, 5, 8, 4], [23, 7, 24, 6], [8, 12, 9, 11], [10, 16, 11, 15], [12, 22, 13, 21]]"
12n_0217_81,"[[12, 22, 13, 21], [14, 10, 15, 9], [3, 17, 4, 16], [1, 19, 2, 18], [20, 14, 21, 13], [5, 23, 6, 22], [19, 1, 20, 24], [17, 3, 18, 2], [7, 5, 8, 4], [23, 7, 24, 6], [8, 12, 9, 11], [10, 16, 11, 15]]"
12n_0217_82,"[[10, 16, 11, 15], [12, 22, 13, 21], [14, 10, 15, 9], [3, 17, 4, 16], [1, 19, 2, 18], [20, 14, 21, 13], [5, 23, 6, 22], [19, 1, 20, 24], [17, 3, 18, 2], [7, 5, 8, 4], [23, 7, 24, 6], [8, 12, 9, 11]]"
12n_0217_83,"[[8, 12, 9, 11], [10, 16, 11, 15], [12, 22, 13, 21], [14, 10, 15, 9], [3, 17, 4, 16], [1, 19, 2, 18], [20, 14, 21, 13], [5, 23, 6, 22], [19, 1, 20, 24], [17, 3, 18, 2], [7, 5, 8, 4], [23, 7, 24, 6]]"
12n_0217_84,"[[24, 8, 1, 7], [9, 13, 10, 12], [11, 17, 12, 16], [13, 23, 14, 22], [15, 11, 16, 10], [4, 18, 5, 17], [2, 20, 3, 19], [21, 15, 22, 14], [6, 24, 7, 23], [20, 2, 21, 1], [18, 4, 19, 3], [8, 6, 9, 5]]"
12n_0217_85,"[[8, 6, 9, 5], [24, 8, 1, 7], [9, 13, 10, 12], [11, 17, 12, 16], [13, 23, 14, 22], [15, 11, 16, 10], [4, 18, 5, 17], [2, 20, 3, 19], [21, 15, 22, 14], [6, 24, 7, 23], [20, 2, 21, 1], [18, 4, 19, 3]]"
12n_0217_86,"[[18, 4, 19, 3], [8, 6, 9, 5], [24, 8, 1, 7], [9, 13, 10, 12], [11, 17, 12, 16], [13, 23, 14, 22], [15, 11, 16, 10], [4, 18, 5, 17], [2, 20, 3, 19], [21, 15, 22, 14], [6, 24, 7, 23], [20, 2, 21, 1]]"
12n_0217_87,"[[20, 2, 21, 1], [18, 4, 19, 3], [8, 6, 9, 5], [24, 8, 1, 7], [9, 13, 10, 12], [11, 17, 12, 16], [13, 23, 14, 22], [15, 11, 16, 10], [4, 18, 5, 17], [2, 20, 3, 19], [21, 15, 22, 14], [6, 24, 7, 23]]"
12n_0217_88,"[[6, 24, 7, 23], [20, 2, 21, 1], [18, 4, 19, 3], [8, 6, 9, 5], [24, 8, 1, 7], [9, 13, 10, 12], [11, 17, 12, 16], [13, 23, 14, 22], [15, 11, 16, 10], [4, 18, 5, 17], [2, 20, 3, 19], [21, 15, 22, 14]]"
12n_0217_89,"[[21, 15, 22, 14], [6, 24, 7, 23], [20, 2, 21, 1], [18, 4, 19, 3], [8, 6, 9, 5], [24, 8, 1, 7], [9, 13, 10, 12], [11, 17, 12, 16], [13, 23, 14, 22], [15, 11, 16, 10], [4, 18, 5, 17], [2, 20, 3, 19]]"
12n_0217_90,"[[2, 20, 3, 19], [21, 15, 22, 14], [6, 24, 7, 23], [20, 2, 21, 1], [18, 4, 19, 3], [8, 6, 9, 5], [24, 8, 1, 7], [9, 13, 10, 12], [11, 17, 12, 16], [13, 23, 14, 22], [15, 11, 16, 10], [4, 18, 5, 17]]"
12n_0217_91,"[[4, 18, 5, 17], [2, 20, 3, 19], [21, 15, 22, 14], [6, 24, 7, 23], [20, 2, 21, 1], [18, 4, 19, 3], [8, 6, 9, 5], [24, 8, 1, 7], [9, 13, 10, 12], [11, 17, 12, 16], [13, 23, 14, 22], [15, 11, 16, 10]]"
12n_0217_92,"[[15, 11, 16, 10], [4, 18, 5, 17], [2, 20, 3, 19], [21, 15, 22, 14], [6, 24, 7, 23], [20, 2, 21, 1], [18, 4, 19, 3], [8, 6, 9, 5], [24, 8, 1, 7], [9, 13, 10, 12], [11, 17, 12, 16], [13, 23, 14, 22]]"
12n_0217_93,"[[13, 23, 14, 22], [15, 11, 16, 10], [4, 18, 5, 17], [2, 20, 3, 19], [21, 15, 22, 14], [6, 24, 7, 23], [20, 2, 21, 1], [18, 4, 19, 3], [8, 6, 9, 5], [24, 8, 1, 7], [9, 13, 10, 12], [11, 17, 12, 16]]"
12n_0217_94,"[[11, 17, 12, 16], [13, 23, 14, 22], [15, 11, 16, 10], [4, 18, 5, 17], [2, 20, 3, 19], [21, 15, 22, 14], [6, 24, 7, 23], [20, 2, 21, 1], [18, 4, 19, 3], [8, 6, 9, 5], [24, 8, 1, 7], [9, 13, 10, 12]]"
12n_0217_95,"[[9, 13, 10, 12], [11, 17, 12, 16], [13, 23, 14, 22], [15, 11, 16, 10], [4, 18, 5, 17], [2, 20, 3, 19], [21, 15, 22, 14], [6, 24, 7, 23], [20, 2, 21, 1], [18, 4, 19, 3], [8, 6, 9, 5], [24, 8, 1, 7]]"
12n_0217_96,"[[1, 9, 2, 8], [10, 14, 11, 13], [12, 18, 13, 17], [14, 24, 15, 23], [16, 12, 17, 11], [5, 19, 6, 18], [3, 21, 4, 20], [22, 16, 23, 15], [7, 1, 8, 24], [21, 3, 22, 2], [19, 5, 20, 4], [9, 7, 10, 6]]"
12n_0217_97,"[[9, 7, 10, 6], [1, 9, 2, 8], [10, 14, 11, 13], [12, 18, 13, 17], [14, 24, 15, 23], [16, 12, 17, 11], [5, 19, 6, 18], [3, 21, 4, 20], [22, 16, 23, 15], [7, 1, 8, 24], [21, 3, 22, 2], [19, 5, 20, 4]]"
12n_0217_98,"[[19, 5, 20, 4], [9, 7, 10, 6], [1, 9, 2, 8], [10, 14, 11, 13], [12, 18, 13, 17], [14, 24, 15, 23], [16, 12, 17, 11], [5, 19, 6, 18], [3, 21, 4, 20], [22, 16, 23, 15], [7, 1, 8, 24], [21, 3, 22, 2]]"
12n_0217_99,"[[21, 3, 22, 2], [19, 5, 20, 4], [9, 7, 10, 6], [1, 9, 2, 8], [10, 14, 11, 13], [12, 18, 13, 17], [14, 24, 15, 23], [16, 12, 17, 11], [5, 19, 6, 18], [3, 21, 4, 20], [22, 16, 23, 15], [7, 1, 8, 24]]"
12n_0217_100,"[[7, 1, 8, 24], [21, 3, 22, 2], [19, 5, 20, 4], [9, 7, 10, 6], [1, 9, 2, 8], [10, 14, 11, 13], [12, 18, 13, 17], [14, 24, 15, 23], [16, 12, 17, 11], [5, 19, 6, 18], [3, 21, 4, 20], [22, 16, 23, 15]]"
12n_0217_101,"[[22, 16, 23, 15], [7, 1, 8, 24], [21, 3, 22, 2], [19, 5, 20, 4], [9, 7, 10, 6], [1, 9, 2, 8], [10, 14, 11, 13], [12, 18, 13, 17], [14, 24, 15, 23], [16, 12, 17, 11], [5, 19, 6, 18], [3, 21, 4, 20]]"
12n_0217_102,"[[3, 21, 4, 20], [22, 16, 23, 15], [7, 1, 8, 24], [21, 3, 22, 2], [19, 5, 20, 4], [9, 7, 10, 6], [1, 9, 2, 8], [10, 14, 11, 13], [12, 18, 13, 17], [14, 24, 15, 23], [16, 12, 17, 11], [5, 19, 6, 18]]"
12n_0217_103,"[[5, 19, 6, 18], [3, 21, 4, 20], [22, 16, 23, 15], [7, 1, 8, 24], [21, 3, 22, 2], [19, 5, 20, 4], [9, 7, 10, 6], [1, 9, 2, 8], [10, 14, 11, 13], [12, 18, 13, 17], [14, 24, 15, 23], [16, 12, 17, 11]]"
12n_0217_104,"[[16, 12, 17, 11], [5, 19, 6, 18], [3, 21, 4, 20], [22, 16, 23, 15], [7, 1, 8, 24], [21, 3, 22, 2], [19, 5, 20, 4], [9, 7, 10, 6], [1, 9, 2, 8], [10, 14, 11, 13], [12, 18, 13, 17], [14, 24, 15, 23]]"
12n_0217_105,"[[14, 24, 15, 23], [16, 12, 17, 11], [5, 19, 6, 18], [3, 21, 4, 20], [22, 16, 23, 15], [7, 1, 8, 24], [21, 3, 22, 2], [19, 5, 20, 4], [9, 7, 10, 6], [1, 9, 2, 8], [10, 14, 11, 13], [12, 18, 13, 17]]"
12n_0217_106,"[[12, 18, 13, 17], [14, 24, 15, 23], [16, 12, 17, 11], [5, 19, 6, 18], [3, 21, 4, 20], [22, 16, 23, 15], [7, 1, 8, 24], [21, 3, 22, 2], [19, 5, 20, 4], [9, 7, 10, 6], [1, 9, 2, 8], [10, 14, 11, 13]]"
12n_0217_107,"[[10, 14, 11, 13], [12, 18, 13, 17], [14, 24, 15, 23], [16, 12, 17, 11], [5, 19, 6, 18], [3, 21, 4, 20], [22, 16, 23, 15], [7, 1, 8, 24], [21, 3, 22, 2], [19, 5, 20, 4], [9, 7, 10, 6], [1, 9, 2, 8]]"
12n_0217_108,"[[2, 10, 3, 9], [11, 15, 12, 14], [13, 19, 14, 18], [15, 1, 16, 24], [17, 13, 18, 12], [6, 20, 7, 19], [4, 22, 5, 21], [23, 17, 24, 16], [8, 2, 9, 1], [22, 4, 23, 3], [20, 6, 21, 5], [10, 8, 11, 7]]"
12n_0217_109,"[[10, 8, 11, 7], [2, 10, 3, 9], [11, 15, 12, 14], [13, 19, 14, 18], [15, 1, 16, 24], [17, 13, 18, 12], [6, 20, 7, 19], [4, 22, 5, 21], [23, 17, 24, 16], [8, 2, 9, 1], [22, 4, 23, 3], [20, 6, 21, 5]]"
12n_0217_110,"[[20, 6, 21, 5], [10, 8, 11, 7], [2, 10, 3, 9], [11, 15, 12, 14], [13, 19, 14, 18], [15, 1, 16, 24], [17, 13, 18, 12], [6, 20, 7, 19], [4, 22, 5, 21], [23, 17, 24, 16], [8, 2, 9, 1], [22, 4, 23, 3]]"
12n_0217_111,"[[22, 4, 23, 3], [20, 6, 21, 5], [10, 8, 11, 7], [2, 10, 3, 9], [11, 15, 12, 14], [13, 19, 14, 18], [15, 1, 16, 24], [17, 13, 18, 12], [6, 20, 7, 19], [4, 22, 5, 21], [23, 17, 24, 16], [8, 2, 9, 1]]"
12n_0217_112,"[[8, 2, 9, 1], [22, 4, 23, 3], [20, 6, 21, 5], [10, 8, 11, 7], [2, 10, 3, 9], [11, 15, 12, 14], [13, 19, 14, 18], [15, 1, 16, 24], [17, 13, 18, 12], [6, 20, 7, 19], [4, 22, 5, 21], [23, 17, 24, 16]]"
12n_0217_113,"[[23, 17, 24, 16], [8, 2, 9, 1], [22, 4, 23, 3], [20, 6, 21, 5], [10, 8, 11, 7], [2, 10, 3, 9], [11, 15, 12, 14], [13, 19, 14, 18], [15, 1, 16, 24], [17, 13, 18, 12], [6, 20, 7, 19], [4, 22, 5, 21]]"
12n_0217_114,"[[4, 22, 5, 21], [23, 17, 24, 16], [8, 2, 9, 1], [22, 4, 23, 3], [20, 6, 21, 5], [10, 8, 11, 7], [2, 10, 3, 9], [11, 15, 12, 14], [13, 19, 14, 18], [15, 1, 16, 24], [17, 13, 18, 12], [6, 20, 7, 19]]"
12n_0217_115,"[[6, 20, 7, 19], [4, 22, 5, 21], [23, 17, 24, 16], [8, 2, 9, 1], [22, 4, 23, 3], [20, 6, 21, 5], [10, 8, 11, 7], [2, 10, 3, 9], [11, 15, 12, 14], [13, 19, 14, 18], [15, 1, 16, 24], [17, 13, 18, 12]]"
12n_0217_116,"[[17, 13, 18, 12], [6, 20, 7, 19], [4, 22, 5, 21], [23, 17, 24, 16], [8, 2, 9, 1], [22, 4, 23, 3], [20, 6, 21, 5], [10, 8, 11, 7], [2, 10, 3, 9], [11, 15, 12, 14], [13, 19, 14, 18], [15, 1, 16, 24]]"
12n_0217_117,"[[15, 1, 16, 24], [17, 13, 18, 12], [6, 20, 7, 19], [4, 22, 5, 21], [23, 17, 24, 16], [8, 2, 9, 1], [22, 4, 23, 3], [20, 6, 21, 5], [10, 8, 11, 7], [2, 10, 3, 9], [11, 15, 12, 14], [13, 19, 14, 18]]"
12n_0217_118,"[[13, 19, 14, 18], [15, 1, 16, 24], [17, 13, 18, 12], [6, 20, 7, 19], [4, 22, 5, 21], [23, 17, 24, 16], [8, 2, 9, 1], [22, 4, 23, 3], [20, 6, 21, 5], [10, 8, 11, 7], [2, 10, 3, 9], [11, 15, 12, 14]]"
12n_0217_119,"[[11, 15, 12, 14], [13, 19, 14, 18], [15, 1, 16, 24], [17, 13, 18, 12], [6, 20, 7, 19], [4, 22, 5, 21], [23, 17, 24, 16], [8, 2, 9, 1], [22, 4, 23, 3], [20, 6, 21, 5], [10, 8, 11, 7], [2, 10, 3, 9]]"
12n_0217_120,"[[3, 11, 4, 10], [12, 16, 13, 15], [14, 20, 15, 19], [16, 2, 17, 1], [18, 14, 19, 13], [7, 21, 8, 20], [5, 23, 6, 22], [24, 18, 1, 17], [9, 3, 10, 2], [23, 5, 24, 4], [21, 7, 22, 6], [11, 9, 12, 8]]"
12n_0217_121,"[[11, 9, 12, 8], [3, 11, 4, 10], [12, 16, 13, 15], [14, 20, 15, 19], [16, 2, 17, 1], [18, 14, 19, 13], [7, 21, 8, 20], [5, 23, 6, 22], [24, 18, 1, 17], [9, 3, 10, 2], [23, 5, 24, 4], [21, 7, 22, 6]]"
12n_0217_122,"[[21, 7, 22, 6], [11, 9, 12, 8], [3, 11, 4, 10], [12, 16, 13, 15], [14, 20, 15, 19], [16, 2, 17, 1], [18, 14, 19, 13], [7, 21, 8, 20], [5, 23, 6, 22], [24, 18, 1, 17], [9, 3, 10, 2], [23, 5, 24, 4]]"
12n_0217_123,"[[23, 5, 24, 4], [21, 7, 22, 6], [11, 9, 12, 8], [3, 11, 4, 10], [12, 16, 13, 15], [14, 20, 15, 19], [16, 2, 17, 1], [18, 14, 19, 13], [7, 21, 8, 20], [5, 23, 6, 22], [24, 18, 1, 17], [9, 3, 10, 2]]"
12n_0217_124,"[[9, 3, 10, 2], [23, 5, 24, 4], [21, 7, 22, 6], [11, 9, 12, 8], [3, 11, 4, 10], [12, 16, 13, 15], [14, 20, 15, 19], [16, 2, 17, 1], [18, 14, 19, 13], [7, 21, 8, 20], [5, 23, 6, 22], [24, 18, 1, 17]]"
12n_0217_125,"[[24, 18, 1, 17], [9, 3, 10, 2], [23, 5, 24, 4], [21, 7, 22, 6], [11, 9, 12, 8], [3, 11, 4, 10], [12, 16, 13, 15], [14, 20, 15, 19], [16, 2, 17, 1], [18, 14, 19, 13], [7, 21, 8, 20], [5, 23, 6, 22]]"
12n_0217_126,"[[5, 23, 6, 22], [24, 18, 1, 17], [9, 3, 10, 2], [23, 5, 24, 4], [21, 7, 22, 6], [11, 9, 12, 8], [3, 11, 4, 10], [12, 16, 13, 15], [14, 20, 15, 19], [16, 2, 17, 1], [18, 14, 19, 13], [7, 21, 8, 20]]"
12n_0217_127,"[[7, 21, 8, 20], [5, 23, 6, 22], [24, 18, 1, 17], [9, 3, 10, 2], [23, 5, 24, 4], [21, 7, 22, 6], [11, 9, 12, 8], [3, 11, 4, 10], [12, 16, 13, 15], [14, 20, 15, 19], [16, 2, 17, 1], [18, 14, 19, 13]]"
12n_0217_128,"[[18, 14, 19, 13], [7, 21, 8, 20], [5, 23, 6, 22], [24, 18, 1, 17], [9, 3, 10, 2], [23, 5, 24, 4], [21, 7, 22, 6], [11, 9, 12, 8], [3, 11, 4, 10], [12, 16, 13, 15], [14, 20, 15, 19], [16, 2, 17, 1]]"
12n_0217_129,"[[16, 2, 17, 1], [18, 14, 19, 13], [7, 21, 8, 20], [5, 23, 6, 22], [24, 18, 1, 17], [9, 3, 10, 2], [23, 5, 24, 4], [21, 7, 22, 6], [11, 9, 12, 8], [3, 11, 4, 10], [12, 16, 13, 15], [14, 20, 15, 19]]"
12n_0217_130,"[[14, 20, 15, 19], [16, 2, 17, 1], [18, 14, 19, 13], [7, 21, 8, 20], [5, 23, 6, 22], [24, 18, 1, 17], [9, 3, 10, 2], [23, 5, 24, 4], [21, 7, 22, 6], [11, 9, 12, 8], [3, 11, 4, 10], [12, 16, 13, 15]]"
12n_0217_131,"[[12, 16, 13, 15], [14, 20, 15, 19], [16, 2, 17, 1], [18, 14, 19, 13], [7, 21, 8, 20], [5, 23, 6, 22], [24, 18, 1, 17], [9, 3, 10, 2], [23, 5, 24, 4], [21, 7, 22, 6], [11, 9, 12, 8], [3, 11, 4, 10]]"
12n_0217_132,"[[4, 12, 5, 11], [13, 17, 14, 16], [15, 21, 16, 20], [17, 3, 18, 2], [19, 15, 20, 14], [8, 22, 9, 21], [6, 24, 7, 23], [1, 19, 2, 18], [10, 4, 11, 3], [24, 6, 1, 5], [22, 8, 23, 7], [12, 10, 13, 9]]"
12n_0217_133,"[[12, 10, 13, 9], [4, 12, 5, 11], [13, 17, 14, 16], [15, 21, 16, 20], [17, 3, 18, 2], [19, 15, 20, 14], [8, 22, 9, 21], [6, 24, 7, 23], [1, 19, 2, 18], [10, 4, 11, 3], [24, 6, 1, 5], [22, 8, 23, 7]]"
12n_0217_134,"[[22, 8, 23, 7], [12, 10, 13, 9], [4, 12, 5, 11], [13, 17, 14, 16], [15, 21, 16, 20], [17, 3, 18, 2], [19, 15, 20, 14], [8, 22, 9, 21], [6, 24, 7, 23], [1, 19, 2, 18], [10, 4, 11, 3], [24, 6, 1, 5]]"
12n_0217_135,"[[24, 6, 1, 5], [22, 8, 23, 7], [12, 10, 13, 9], [4, 12, 5, 11], [13, 17, 14, 16], [15, 21, 16, 20], [17, 3, 18, 2], [19, 15, 20, 14], [8, 22, 9, 21], [6, 24, 7, 23], [1, 19, 2, 18], [10, 4, 11, 3]]"
12n_0217_136,"[[10, 4, 11, 3], [24, 6, 1, 5], [22, 8, 23, 7], [12, 10, 13, 9], [4, 12, 5, 11], [13, 17, 14, 16], [15, 21, 16, 20], [17, 3, 18, 2], [19, 15, 20, 14], [8, 22, 9, 21], [6, 24, 7, 23], [1, 19, 2, 18]]"
12n_0217_137,"[[1, 19, 2, 18], [10, 4, 11, 3], [24, 6, 1, 5], [22, 8, 23, 7], [12, 10, 13, 9], [4, 12, 5, 11], [13, 17, 14, 16], [15, 21, 16, 20], [17, 3, 18, 2], [19, 15, 20, 14], [8, 22, 9, 21], [6, 24, 7, 23]]"
12n_0217_138,"[[6, 24, 7, 23], [1, 19, 2, 18], [10, 4, 11, 3], [24, 6, 1, 5], [22, 8, 23, 7], [12, 10, 13, 9], [4, 12, 5, 11], [13, 17, 14, 16], [15, 21, 16, 20], [17, 3, 18, 2], [19, 15, 20, 14], [8, 22, 9, 21]]"
12n_0217_139,"[[8, 22, 9, 21], [6, 24, 7, 23], [1, 19, 2, 18], [10, 4, 11, 3], [24, 6, 1, 5], [22, 8, 23, 7], [12, 10, 13, 9], [4, 12, 5, 11], [13, 17, 14, 16], [15, 21, 16, 20], [17, 3, 18, 2], [19, 15, 20, 14]]"
12n_0217_140,"[[19, 15, 20, 14], [8, 22, 9, 21], [6, 24, 7, 23], [1, 19, 2, 18], [10, 4, 11, 3], [24, 6, 1, 5], [22, 8, 23, 7], [12, 10, 13, 9], [4, 12, 5, 11], [13, 17, 14, 16], [15, 21, 16, 20], [17, 3, 18, 2]]"
12n_0217_141,"[[17, 3, 18, 2], [19, 15, 20, 14], [8, 22, 9, 21], [6, 24, 7, 23], [1, 19, 2, 18], [10, 4, 11, 3], [24, 6, 1, 5], [22, 8, 23, 7], [12, 10, 13, 9], [4, 12, 5, 11], [13, 17, 14, 16], [15, 21, 16, 20]]"
12n_0217_142,"[[15, 21, 16, 20], [17, 3, 18, 2], [19, 15, 20, 14], [8, 22, 9, 21], [6, 24, 7, 23], [1, 19, 2, 18], [10, 4, 11, 3], [24, 6, 1, 5], [22, 8, 23, 7], [12, 10, 13, 9], [4, 12, 5, 11], [13, 17, 14, 16]]"
12n_0217_143,"[[13, 17, 14, 16], [15, 21, 16, 20], [17, 3, 18, 2], [19, 15, 20, 14], [8, 22, 9, 21], [6, 24, 7, 23], [1, 19, 2, 18], [10, 4, 11, 3], [24, 6, 1, 5], [22, 8, 23, 7], [12, 10, 13, 9], [4, 12, 5, 11]]"
12n_0217_144,"[[5, 13, 6, 12], [14, 18, 15, 17], [16, 22, 17, 21], [18, 4, 19, 3], [20, 16, 21, 15], [9, 23, 10, 22], [7, 1, 8, 24], [2, 20, 3, 19], [11, 5, 12, 4], [1, 7, 2, 6], [23, 9, 24, 8], [13, 11, 14, 10]]"
12n_0217_145,"[[13, 11, 14, 10], [5, 13, 6, 12], [14, 18, 15, 17], [16, 22, 17, 21], [18, 4, 19, 3], [20, 16, 21, 15], [9, 23, 10, 22], [7, 1, 8, 24], [2, 20, 3, 19], [11, 5, 12, 4], [1, 7, 2, 6], [23, 9, 24, 8]]"
12n_0217_146,"[[23, 9, 24, 8], [13, 11, 14, 10], [5, 13, 6, 12], [14, 18, 15, 17], [16, 22, 17, 21], [18, 4, 19, 3], [20, 16, 21, 15], [9, 23, 10, 22], [7, 1, 8, 24], [2, 20, 3, 19], [11, 5, 12, 4], [1, 7, 2, 6]]"
12n_0217_147,"[[1, 7, 2, 6], [23, 9, 24, 8], [13, 11, 14, 10], [5, 13, 6, 12], [14, 18, 15, 17], [16, 22, 17, 21], [18, 4, 19, 3], [20, 16, 21, 15], [9, 23, 10, 22], [7, 1, 8, 24], [2, 20, 3, 19], [11, 5, 12, 4]]"
12n_0217_148,"[[11, 5, 12, 4], [1, 7, 2, 6], [23, 9, 24, 8], [13, 11, 14, 10], [5, 13, 6, 12], [14, 18, 15, 17], [16, 22, 17, 21], [18, 4, 19, 3], [20, 16, 21, 15], [9, 23, 10, 22], [7, 1, 8, 24], [2, 20, 3, 19]]"
12n_0217_149,"[[2, 20, 3, 19], [11, 5, 12, 4], [1, 7, 2, 6], [23, 9, 24, 8], [13, 11, 14, 10], [5, 13, 6, 12], [14, 18, 15, 17], [16, 22, 17, 21], [18, 4, 19, 3], [20, 16, 21, 15], [9, 23, 10, 22], [7, 1, 8, 24]]"
12n_0217_150,"[[7, 1, 8, 24], [2, 20, 3, 19], [11, 5, 12, 4], [1, 7, 2, 6], [23, 9, 24, 8], [13, 11, 14, 10], [5, 13, 6, 12], [14, 18, 15, 17], [16, 22, 17, 21], [18, 4, 19, 3], [20, 16, 21, 15], [9, 23, 10, 22]]"
12n_0217_151,"[[9, 23, 10, 22], [7, 1, 8, 24], [2, 20, 3, 19], [11, 5, 12, 4], [1, 7, 2, 6], [23, 9, 24, 8], [13, 11, 14, 10], [5, 13, 6, 12], [14, 18, 15, 17], [16, 22, 17, 21], [18, 4, 19, 3], [20, 16, 21, 15]]"
12n_0217_152,"[[20, 16, 21, 15], [9, 23, 10, 22], [7, 1, 8, 24], [2, 20, 3, 19], [11, 5, 12, 4], [1, 7, 2, 6], [23, 9, 24, 8], [13, 11, 14, 10], [5, 13, 6, 12], [14, 18, 15, 17], [16, 22, 17, 21], [18, 4, 19, 3]]"
12n_0217_153,"[[18, 4, 19, 3], [20, 16, 21, 15], [9, 23, 10, 22], [7, 1, 8, 24], [2, 20, 3, 19], [11, 5, 12, 4], [1, 7, 2, 6], [23, 9, 24, 8], [13, 11, 14, 10], [5, 13, 6, 12], [14, 18, 15, 17], [16, 22, 17, 21]]"
12n_0217_154,"[[16, 22, 17, 21], [18, 4, 19, 3], [20, 16, 21, 15], [9, 23, 10, 22], [7, 1, 8, 24], [2, 20, 3, 19], [11, 5, 12, 4], [1, 7, 2, 6], [23, 9, 24, 8], [13, 11, 14, 10], [5, 13, 6, 12], [14, 18, 15, 17]]"
12n_0217_155,"[[14, 18, 15, 17], [16, 22, 17, 21], [18, 4, 19, 3], [20, 16, 21, 15], [9, 23, 10, 22], [7, 1, 8, 24], [2, 20, 3, 19], [11, 5, 12, 4], [1, 7, 2, 6], [23, 9, 24, 8], [13, 11, 14, 10], [5, 13, 6, 12]]"
12n_0217_156,"[[6, 14, 7, 13], [15, 19, 16, 18], [17, 23, 18, 22], [19, 5, 20, 4], [21, 17, 22, 16], [10, 24, 11, 23], [8, 2, 9, 1], [3, 21, 4, 20], [12, 6, 13, 5], [2, 8, 3, 7], [24, 10, 1, 9], [14, 12, 15, 11]]"
12n_0217_157,"[[14, 12, 15, 11], [6, 14, 7, 13], [15, 19, 16, 18], [17, 23, 18, 22], [19, 5, 20, 4], [21, 17, 22, 16], [10, 24, 11, 23], [8, 2, 9, 1], [3, 21, 4, 20], [12, 6, 13, 5], [2, 8, 3, 7], [24, 10, 1, 9]]"
12n_0217_158,"[[24, 10, 1, 9], [14, 12, 15, 11], [6, 14, 7, 13], [15, 19, 16, 18], [17, 23, 18, 22], [19, 5, 20, 4], [21, 17, 22, 16], [10, 24, 11, 23], [8, 2, 9, 1], [3, 21, 4, 20], [12, 6, 13, 5], [2, 8, 3, 7]]"
12n_0217_159,"[[2, 8, 3, 7], [24, 10, 1, 9], [14, 12, 15, 11], [6, 14, 7, 13], [15, 19, 16, 18], [17, 23, 18, 22], [19, 5, 20, 4], [21, 17, 22, 16], [10, 24, 11, 23], [8, 2, 9, 1], [3, 21, 4, 20], [12, 6, 13, 5]]"
12n_0217_160,"[[12, 6, 13, 5], [2, 8, 3, 7], [24, 10, 1, 9], [14, 12, 15, 11], [6, 14, 7, 13], [15, 19, 16, 18], [17, 23, 18, 22], [19, 5, 20, 4], [21, 17, 22, 16], [10, 24, 11, 23], [8, 2, 9, 1], [3, 21, 4, 20]]"
12n_0217_161,"[[3, 21, 4, 20], [12, 6, 13, 5], [2, 8, 3, 7], [24, 10, 1, 9], [14, 12, 15, 11], [6, 14, 7, 13], [15, 19, 16, 18], [17, 23, 18, 22], [19, 5, 20, 4], [21, 17, 22, 16], [10, 24, 11, 23], [8, 2, 9, 1]]"
12n_0217_162,"[[8, 2, 9, 1], [3, 21, 4, 20], [12, 6, 13, 5], [2, 8, 3, 7], [24, 10, 1, 9], [14, 12, 15, 11], [6, 14, 7, 13], [15, 19, 16, 18], [17, 23, 18, 22], [19, 5, 20, 4], [21, 17, 22, 16], [10, 24, 11, 23]]"
12n_0217_163,"[[10, 24, 11, 23], [8, 2, 9, 1], [3, 21, 4, 20], [12, 6, 13, 5], [2, 8, 3, 7], [24, 10, 1, 9], [14, 12, 15, 11], [6, 14, 7, 13], [15, 19, 16, 18], [17, 23, 18, 22], [19, 5, 20, 4], [21, 17, 22, 16]]"
12n_0217_164,"[[21, 17, 22, 16], [10, 24, 11, 23], [8, 2, 9, 1], [3, 21, 4, 20], [12, 6, 13, 5], [2, 8, 3, 7], [24, 10, 1, 9], [14, 12, 15, 11], [6, 14, 7, 13], [15, 19, 16, 18], [17, 23, 18, 22], [19, 5, 20, 4]]"
12n_0217_165,"[[19, 5, 20, 4], [21, 17, 22, 16], [10, 24, 11, 23], [8, 2, 9, 1], [3, 21, 4, 20], [12, 6, 13, 5], [2, 8, 3, 7], [24, 10, 1, 9], [14, 12, 15, 11], [6, 14, 7, 13], [15, 19, 16, 18], [17, 23, 18, 22]]"
12n_0217_166,"[[17, 23, 18, 22], [19, 5, 20, 4], [21, 17, 22, 16], [10, 24, 11, 23], [8, 2, 9, 1], [3, 21, 4, 20], [12, 6, 13, 5], [2, 8, 3, 7], [24, 10, 1, 9], [14, 12, 15, 11], [6, 14, 7, 13], [15, 19, 16, 18]]"
12n_0217_167,"[[15, 19, 16, 18], [17, 23, 18, 22], [19, 5, 20, 4], [21, 17, 22, 16], [10, 24, 11, 23], [8, 2, 9, 1], [3, 21, 4, 20], [12, 6, 13, 5], [2, 8, 3, 7], [24, 10, 1, 9], [14, 12, 15, 11], [6, 14, 7, 13]]"
12n_0217_168,"[[7, 15, 8, 14], [16, 20, 17, 19], [18, 24, 19, 23], [20, 6, 21, 5], [22, 18, 23, 17], [11, 1, 12, 24], [9, 3, 10, 2], [4, 22, 5, 21], [13, 7, 14, 6], [3, 9, 4, 8], [1, 11, 2, 10], [15, 13, 16, 12]]"
12n_0217_169,"[[15, 13, 16, 12], [7, 15, 8, 14], [16, 20, 17, 19], [18, 24, 19, 23], [20, 6, 21, 5], [22, 18, 23, 17], [11, 1, 12, 24], [9, 3, 10, 2], [4, 22, 5, 21], [13, 7, 14, 6], [3, 9, 4, 8], [1, 11, 2, 10]]"
12n_0217_170,"[[1, 11, 2, 10], [15, 13, 16, 12], [7, 15, 8, 14], [16, 20, 17, 19], [18, 24, 19, 23], [20, 6, 21, 5], [22, 18, 23, 17], [11, 1, 12, 24], [9, 3, 10, 2], [4, 22, 5, 21], [13, 7, 14, 6], [3, 9, 4, 8]]"
12n_0217_171,"[[3, 9, 4, 8], [1, 11, 2, 10], [15, 13, 16, 12], [7, 15, 8, 14], [16, 20, 17, 19], [18, 24, 19, 23], [20, 6, 21, 5], [22, 18, 23, 17], [11, 1, 12, 24], [9, 3, 10, 2], [4, 22, 5, 21], [13, 7, 14, 6]]"
12n_0217_172,"[[13, 7, 14, 6], [3, 9, 4, 8], [1, 11, 2, 10], [15, 13, 16, 12], [7, 15, 8, 14], [16, 20, 17, 19], [18, 24, 19, 23], [20, 6, 21, 5], [22, 18, 23, 17], [11, 1, 12, 24], [9, 3, 10, 2], [4, 22, 5, 21]]"
12n_0217_173,"[[4, 22, 5, 21], [13, 7, 14, 6], [3, 9, 4, 8], [1, 11, 2, 10], [15, 13, 16, 12], [7, 15, 8, 14], [16, 20, 17, 19], [18, 24, 19, 23], [20, 6, 21, 5], [22, 18, 23, 17], [11, 1, 12, 24], [9, 3, 10, 2]]"
12n_0217_174,"[[9, 3, 10, 2], [4, 22, 5, 21], [13, 7, 14, 6], [3, 9, 4, 8], [1, 11, 2, 10], [15, 13, 16, 12], [7, 15, 8, 14], [16, 20, 17, 19], [18, 24, 19, 23], [20, 6, 21, 5], [22, 18, 23, 17], [11, 1, 12, 24]]"
12n_0217_175,"[[11, 1, 12, 24], [9, 3, 10, 2], [4, 22, 5, 21], [13, 7, 14, 6], [3, 9, 4, 8], [1, 11, 2, 10], [15, 13, 16, 12], [7, 15, 8, 14], [16, 20, 17, 19], [18, 24, 19, 23], [20, 6, 21, 5], [22, 18, 23, 17]]"
12n_0217_176,"[[22, 18, 23, 17], [11, 1, 12, 24], [9, 3, 10, 2], [4, 22, 5, 21], [13, 7, 14, 6], [3, 9, 4, 8], [1, 11, 2, 10], [15, 13, 16, 12], [7, 15, 8, 14], [16, 20, 17, 19], [18, 24, 19, 23], [20, 6, 21, 5]]"
12n_0217_177,"[[20, 6, 21, 5], [22, 18, 23, 17], [11, 1, 12, 24], [9, 3, 10, 2], [4, 22, 5, 21], [13, 7, 14, 6], [3, 9, 4, 8], [1, 11, 2, 10], [15, 13, 16, 12], [7, 15, 8, 14], [16, 20, 17, 19], [18, 24, 19, 23]]"
12n_0217_178,"[[18, 24, 19, 23], [20, 6, 21, 5], [22, 18, 23, 17], [11, 1, 12, 24], [9, 3, 10, 2], [4, 22, 5, 21], [13, 7, 14, 6], [3, 9, 4, 8], [1, 11, 2, 10], [15, 13, 16, 12], [7, 15, 8, 14], [16, 20, 17, 19]]"
12n_0217_179,"[[16, 20, 17, 19], [18, 24, 19, 23], [20, 6, 21, 5], [22, 18, 23, 17], [11, 1, 12, 24], [9, 3, 10, 2], [4, 22, 5, 21], [13, 7, 14, 6], [3, 9, 4, 8], [1, 11, 2, 10], [15, 13, 16, 12], [7, 15, 8, 14]]"
12n_0217_180,"[[8, 16, 9, 15], [17, 21, 18, 20], [19, 1, 20, 24], [21, 7, 22, 6], [23, 19, 24, 18], [12, 2, 13, 1], [10, 4, 11, 3], [5, 23, 6, 22], [14, 8, 15, 7], [4, 10, 5, 9], [2, 12, 3, 11], [16, 14, 17, 13]]"
12n_0217_181,"[[16, 14, 17, 13], [8, 16, 9, 15], [17, 21, 18, 20], [19, 1, 20, 24], [21, 7, 22, 6], [23, 19, 24, 18], [12, 2, 13, 1], [10, 4, 11, 3], [5, 23, 6, 22], [14, 8, 15, 7], [4, 10, 5, 9], [2, 12, 3, 11]]"
12n_0217_182,"[[2, 12, 3, 11], [16, 14, 17, 13], [8, 16, 9, 15], [17, 21, 18, 20], [19, 1, 20, 24], [21, 7, 22, 6], [23, 19, 24, 18], [12, 2, 13, 1], [10, 4, 11, 3], [5, 23, 6, 22], [14, 8, 15, 7], [4, 10, 5, 9]]"
12n_0217_183,"[[4, 10, 5, 9], [2, 12, 3, 11], [16, 14, 17, 13], [8, 16, 9, 15], [17, 21, 18, 20], [19, 1, 20, 24], [21, 7, 22, 6], [23, 19, 24, 18], [12, 2, 13, 1], [10, 4, 11, 3], [5, 23, 6, 22], [14, 8, 15, 7]]"
12n_0217_184,"[[14, 8, 15, 7], [4, 10, 5, 9], [2, 12, 3, 11], [16, 14, 17, 13], [8, 16, 9, 15], [17, 21, 18, 20], [19, 1, 20, 24], [21, 7, 22, 6], [23, 19, 24, 18], [12, 2, 13, 1], [10, 4, 11, 3], [5, 23, 6, 22]]"
12n_0217_185,"[[5, 23, 6, 22], [14, 8, 15, 7], [4, 10, 5, 9], [2, 12, 3, 11], [16, 14, 17, 13], [8, 16, 9, 15], [17, 21, 18, 20], [19, 1, 20, 24], [21, 7, 22, 6], [23, 19, 24, 18], [12, 2, 13, 1], [10, 4, 11, 3]]"
