name,pd_notation
12n_0257_0,"[[11, 24, 12, 1], [2, 6, 3, 5], [4, 10, 5, 9], [6, 18, 7, 17], [8, 4, 9, 3], [21, 10, 22, 11], [12, 19, 13, 20], [23, 14, 24, 15], [16, 8, 17, 7], [18, 13, 19, 14], [1, 20, 2, 21], [15, 22, 16, 23]]"
12n_0257_1,"[[15, 22, 16, 23], [11, 24, 12, 1], [2, 6, 3, 5], [4, 10, 5, 9], [6, 18, 7, 17], [8, 4, 9, 3], [21, 10, 22, 11], [12, 19, 13, 20], [23, 14, 24, 15], [16, 8, 17, 7], [18, 13, 19, 14], [1, 20, 2, 21]]"
12n_0257_2,"[[1, 20, 2, 21], [15, 22, 16, 23], [11, 24, 12, 1], [2, 6, 3, 5], [4, 10, 5, 9], [6, 18, 7, 17], [8, 4, 9, 3], [21, 10, 22, 11], [12, 19, 13, 20], [23, 14, 24, 15], [16, 8, 17, 7], [18, 13, 19, 14]]"
12n_0257_3,"[[18, 13, 19, 14], [1, 20, 2, 21], [15, 22, 16, 23], [11, 24, 12, 1], [2, 6, 3, 5], [4, 10, 5, 9], [6, 18, 7, 17], [8, 4, 9, 3], [21, 10, 22, 11], [12, 19, 13, 20], [23, 14, 24, 15], [16, 8, 17, 7]]"
12n_0257_4,"[[16, 8, 17, 7], [18, 13, 19, 14], [1, 20, 2, 21], [15, 22, 16, 23], [11, 24, 12, 1], [2, 6, 3, 5], [4, 10, 5, 9], [6, 18, 7, 17], [8, 4, 9, 3], [21, 10, 22, 11], [12, 19, 13, 20], [23, 14, 24, 15]]"
12n_0257_5,"[[23, 14, 24, 15], [16, 8, 17, 7], [18, 13, 19, 14], [1, 20, 2, 21], [15, 22, 16, 23], [11, 24, 12, 1], [2, 6, 3, 5], [4, 10, 5, 9], [6, 18, 7, 17], [8, 4, 9, 3], [21, 10, 22, 11], [12, 19, 13, 20]]"
12n_0257_6,"[[12, 19, 13, 20], [23, 14, 24, 15], [16, 8, 17, 7], [18, 13, 19, 14], [1, 20, 2, 21], [15, 22, 16, 23], [11, 24, 12, 1], [2, 6, 3, 5], [4, 10, 5, 9], [6, 18, 7, 17], [8, 4, 9, 3], [21, 10, 22, 11]]"
12n_0257_7,"[[21, 10, 22, 11], [12, 19, 13, 20], [23, 14, 24, 15], [16, 8, 17, 7], [18, 13, 19, 14], [1, 20, 2, 21], [15, 22, 16, 23], [11, 24, 12, 1], [2, 6, 3, 5], [4, 10, 5, 9], [6, 18, 7, 17], [8, 4, 9, 3]]"
12n_0257_8,"[[8, 4, 9, 3], [21, 10, 22, 11], [12, 19, 13, 20], [23, 14, 24, 15], [16, 8, 17, 7], [18, 13, 19, 14], [1, 20, 2, 21], [15, 22, 16, 23], [11, 24, 12, 1], [2, 6, 3, 5], [4, 10, 5, 9], [6, 18, 7, 17]]"
12n_0257_9,"[[6, 18, 7, 17], [8, 4, 9, 3], [21, 10, 22, 11], [12, 19, 13, 20], [23, 14, 24, 15], [16, 8, 17, 7], [18, 13, 19, 14], [1, 20, 2, 21], [15, 22, 16, 23], [11, 24, 12, 1], [2, 6, 3, 5], [4, 10, 5, 9]]"
12n_0257_10,"[[4, 10, 5, 9], [6, 18, 7, 17], [8, 4, 9, 3], [21, 10, 22, 11], [12, 19, 13, 20], [23, 14, 24, 15], [16, 8, 17, 7], [18, 13, 19, 14], [1, 20, 2, 21], [15, 22, 16, 23], [11, 24, 12, 1], [2, 6, 3, 5]]"
12n_0257_11,"[[2, 6, 3, 5], [4, 10, 5, 9], [6, 18, 7, 17], [8, 4, 9, 3], [21, 10, 22, 11], [12, 19, 13, 20], [23, 14, 24, 15], [16, 8, 17, 7], [18, 13, 19, 14], [1, 20, 2, 21], [15, 22, 16, 23], [11, 24, 12, 1]]"
12n_0257_12,"[[12, 1, 13, 2], [3, 7, 4, 6], [5, 11, 6, 10], [7, 19, 8, 18], [9, 5, 10, 4], [22, 11, 23, 12], [13, 20, 14, 21], [24, 15, 1, 16], [17, 9, 18, 8], [19, 14, 20, 15], [2, 21, 3, 22], [16, 23, 17, 24]]"
12n_0257_13,"[[16, 23, 17, 24], [12, 1, 13, 2], [3, 7, 4, 6], [5, 11, 6, 10], [7, 19, 8, 18], [9, 5, 10, 4], [22, 11, 23, 12], [13, 20, 14, 21], [24, 15, 1, 16], [17, 9, 18, 8], [19, 14, 20, 15], [2, 21, 3, 22]]"
12n_0257_14,"[[2, 21, 3, 22], [16, 23, 17, 24], [12, 1, 13, 2], [3, 7, 4, 6], [5, 11, 6, 10], [7, 19, 8, 18], [9, 5, 10, 4], [22, 11, 23, 12], [13, 20, 14, 21], [24, 15, 1, 16], [17, 9, 18, 8], [19, 14, 20, 15]]"
12n_0257_15,"[[19, 14, 20, 15], [2, 21, 3, 22], [16, 23, 17, 24], [12, 1, 13, 2], [3, 7, 4, 6], [5, 11, 6, 10], [7, 19, 8, 18], [9, 5, 10, 4], [22, 11, 23, 12], [13, 20, 14, 21], [24, 15, 1, 16], [17, 9, 18, 8]]"
12n_0257_16,"[[17, 9, 18, 8], [19, 14, 20, 15], [2, 21, 3, 22], [16, 23, 17, 24], [12, 1, 13, 2], [3, 7, 4, 6], [5, 11, 6, 10], [7, 19, 8, 18], [9, 5, 10, 4], [22, 11, 23, 12], [13, 20, 14, 21], [24, 15, 1, 16]]"
12n_0257_17,"[[24, 15, 1, 16], [17, 9, 18, 8], [19, 14, 20, 15], [2, 21, 3, 22], [16, 23, 17, 24], [12, 1, 13, 2], [3, 7, 4, 6], [5, 11, 6, 10], [7, 19, 8, 18], [9, 5, 10, 4], [22, 11, 23, 12], [13, 20, 14, 21]]"
12n_0257_18,"[[13, 20, 14, 21], [24, 15, 1, 16], [17, 9, 18, 8], [19, 14, 20, 15], [2, 21, 3, 22], [16, 23, 17, 24], [12, 1, 13, 2], [3, 7, 4, 6], [5, 11, 6, 10], [7, 19, 8, 18], [9, 5, 10, 4], [22, 11, 23, 12]]"
12n_0257_19,"[[22, 11, 23, 12], [13, 20, 14, 21], [24, 15, 1, 16], [17, 9, 18, 8], [19, 14, 20, 15], [2, 21, 3, 22], [16, 23, 17, 24], [12, 1, 13, 2], [3, 7, 4, 6], [5, 11, 6, 10], [7, 19, 8, 18], [9, 5, 10, 4]]"
12n_0257_20,"[[9, 5, 10, 4], [22, 11, 23, 12], [13, 20, 14, 21], [24, 15, 1, 16], [17, 9, 18, 8], [19, 14, 20, 15], [2, 21, 3, 22], [16, 23, 17, 24], [12, 1, 13, 2], [3, 7, 4, 6], [5, 11, 6, 10], [7, 19, 8, 18]]"
12n_0257_21,"[[7, 19, 8, 18], [9, 5, 10, 4], [22, 11, 23, 12], [13, 20, 14, 21], [24, 15, 1, 16], [17, 9, 18, 8], [19, 14, 20, 15], [2, 21, 3, 22], [16, 23, 17, 24], [12, 1, 13, 2], [3, 7, 4, 6], [5, 11, 6, 10]]"
12n_0257_22,"[[5, 11, 6, 10], [7, 19, 8, 18], [9, 5, 10, 4], [22, 11, 23, 12], [13, 20, 14, 21], [24, 15, 1, 16], [17, 9, 18, 8], [19, 14, 20, 15], [2, 21, 3, 22], [16, 23, 17, 24], [12, 1, 13, 2], [3, 7, 4, 6]]"
12n_0257_23,"[[3, 7, 4, 6], [5, 11, 6, 10], [7, 19, 8, 18], [9, 5, 10, 4], [22, 11, 23, 12], [13, 20, 14, 21], [24, 15, 1, 16], [17, 9, 18, 8], [19, 14, 20, 15], [2, 21, 3, 22], [16, 23, 17, 24], [12, 1, 13, 2]]"
12n_0257_24,"[[13, 2, 14, 3], [4, 8, 5, 7], [6, 12, 7, 11], [8, 20, 9, 19], [10, 6, 11, 5], [23, 12, 24, 13], [14, 21, 15, 22], [1, 16, 2, 17], [18, 10, 19, 9], [20, 15, 21, 16], [3, 22, 4, 23], [17, 24, 18, 1]]"
12n_0257_25,"[[17, 24, 18, 1], [13, 2, 14, 3], [4, 8, 5, 7], [6, 12, 7, 11], [8, 20, 9, 19], [10, 6, 11, 5], [23, 12, 24, 13], [14, 21, 15, 22], [1, 16, 2, 17], [18, 10, 19, 9], [20, 15, 21, 16], [3, 22, 4, 23]]"
12n_0257_26,"[[3, 22, 4, 23], [17, 24, 18, 1], [13, 2, 14, 3], [4, 8, 5, 7], [6, 12, 7, 11], [8, 20, 9, 19], [10, 6, 11, 5], [23, 12, 24, 13], [14, 21, 15, 22], [1, 16, 2, 17], [18, 10, 19, 9], [20, 15, 21, 16]]"
12n_0257_27,"[[20, 15, 21, 16], [3, 22, 4, 23], [17, 24, 18, 1], [13, 2, 14, 3], [4, 8, 5, 7], [6, 12, 7, 11], [8, 20, 9, 19], [10, 6, 11, 5], [23, 12, 24, 13], [14, 21, 15, 22], [1, 16, 2, 17], [18, 10, 19, 9]]"
12n_0257_28,"[[18, 10, 19, 9], [20, 15, 21, 16], [3, 22, 4, 23], [17, 24, 18, 1], [13, 2, 14, 3], [4, 8, 5, 7], [6, 12, 7, 11], [8, 20, 9, 19], [10, 6, 11, 5], [23, 12, 24, 13], [14, 21, 15, 22], [1, 16, 2, 17]]"
12n_0257_29,"[[1, 16, 2, 17], [18, 10, 19, 9], [20, 15, 21, 16], [3, 22, 4, 23], [17, 24, 18, 1], [13, 2, 14, 3], [4, 8, 5, 7], [6, 12, 7, 11], [8, 20, 9, 19], [10, 6, 11, 5], [23, 12, 24, 13], [14, 21, 15, 22]]"
12n_0257_30,"[[14, 21, 15, 22], [1, 16, 2, 17], [18, 10, 19, 9], [20, 15, 21, 16], [3, 22, 4, 23], [17, 24, 18, 1], [13, 2, 14, 3], [4, 8, 5, 7], [6, 12, 7, 11], [8, 20, 9, 19], [10, 6, 11, 5], [23, 12, 24, 13]]"
12n_0257_31,"[[23, 12, 24, 13], [14, 21, 15, 22], [1, 16, 2, 17], [18, 10, 19, 9], [20, 15, 21, 16], [3, 22, 4, 23], [17, 24, 18, 1], [13, 2, 14, 3], [4, 8, 5, 7], [6, 12, 7, 11], [8, 20, 9, 19], [10, 6, 11, 5]]"
12n_0257_32,"[[10, 6, 11, 5], [23, 12, 24, 13], [14, 21, 15, 22], [1, 16, 2, 17], [18, 10, 19, 9], [20, 15, 21, 16], [3, 22, 4, 23], [17, 24, 18, 1], [13, 2, 14, 3], [4, 8, 5, 7], [6, 12, 7, 11], [8, 20, 9, 19]]"
12n_0257_33,"[[8, 20, 9, 19], [10, 6, 11, 5], [23, 12, 24, 13], [14, 21, 15, 22], [1, 16, 2, 17], [18, 10, 19, 9], [20, 15, 21, 16], [3, 22, 4, 23], [17, 24, 18, 1], [13, 2, 14, 3], [4, 8, 5, 7], [6, 12, 7, 11]]"
12n_0257_34,"[[6, 12, 7, 11], [8, 20, 9, 19], [10, 6, 11, 5], [23, 12, 24, 13], [14, 21, 15, 22], [1, 16, 2, 17], [18, 10, 19, 9], [20, 15, 21, 16], [3, 22, 4, 23], [17, 24, 18, 1], [13, 2, 14, 3], [4, 8, 5, 7]]"
12n_0257_35,"[[4, 8, 5, 7], [6, 12, 7, 11], [8, 20, 9, 19], [10, 6, 11, 5], [23, 12, 24, 13], [14, 21, 15, 22], [1, 16, 2, 17], [18, 10, 19, 9], [20, 15, 21, 16], [3, 22, 4, 23], [17, 24, 18, 1], [13, 2, 14, 3]]"
12n_0257_36,"[[14, 3, 15, 4], [5, 9, 6, 8], [7, 13, 8, 12], [9, 21, 10, 20], [11, 7, 12, 6], [24, 13, 1, 14], [15, 22, 16, 23], [2, 17, 3, 18], [19, 11, 20, 10], [21, 16, 22, 17], [4, 23, 5, 24], [18, 1, 19, 2]]"
12n_0257_37,"[[18, 1, 19, 2], [14, 3, 15, 4], [5, 9, 6, 8], [7, 13, 8, 12], [9, 21, 10, 20], [11, 7, 12, 6], [24, 13, 1, 14], [15, 22, 16, 23], [2, 17, 3, 18], [19, 11, 20, 10], [21, 16, 22, 17], [4, 23, 5, 24]]"
12n_0257_38,"[[4, 23, 5, 24], [18, 1, 19, 2], [14, 3, 15, 4], [5, 9, 6, 8], [7, 13, 8, 12], [9, 21, 10, 20], [11, 7, 12, 6], [24, 13, 1, 14], [15, 22, 16, 23], [2, 17, 3, 18], [19, 11, 20, 10], [21, 16, 22, 17]]"
12n_0257_39,"[[21, 16, 22, 17], [4, 23, 5, 24], [18, 1, 19, 2], [14, 3, 15, 4], [5, 9, 6, 8], [7, 13, 8, 12], [9, 21, 10, 20], [11, 7, 12, 6], [24, 13, 1, 14], [15, 22, 16, 23], [2, 17, 3, 18], [19, 11, 20, 10]]"
12n_0257_40,"[[19, 11, 20, 10], [21, 16, 22, 17], [4, 23, 5, 24], [18, 1, 19, 2], [14, 3, 15, 4], [5, 9, 6, 8], [7, 13, 8, 12], [9, 21, 10, 20], [11, 7, 12, 6], [24, 13, 1, 14], [15, 22, 16, 23], [2, 17, 3, 18]]"
12n_0257_41,"[[2, 17, 3, 18], [19, 11, 20, 10], [21, 16, 22, 17], [4, 23, 5, 24], [18, 1, 19, 2], [14, 3, 15, 4], [5, 9, 6, 8], [7, 13, 8, 12], [9, 21, 10, 20], [11, 7, 12, 6], [24, 13, 1, 14], [15, 22, 16, 23]]"
12n_0257_42,"[[15, 22, 16, 23], [2, 17, 3, 18], [19, 11, 20, 10], [21, 16, 22, 17], [4, 23, 5, 24], [18, 1, 19, 2], [14, 3, 15, 4], [5, 9, 6, 8], [7, 13, 8, 12], [9, 21, 10, 20], [11, 7, 12, 6], [24, 13, 1, 14]]"
12n_0257_43,"[[24, 13, 1, 14], [15, 22, 16, 23], [2, 17, 3, 18], [19, 11, 20, 10], [21, 16, 22, 17], [4, 23, 5, 24], [18, 1, 19, 2], [14, 3, 15, 4], [5, 9, 6, 8], [7, 13, 8, 12], [9, 21, 10, 20], [11, 7, 12, 6]]"
12n_0257_44,"[[11, 7, 12, 6], [24, 13, 1, 14], [15, 22, 16, 23], [2, 17, 3, 18], [19, 11, 20, 10], [21, 16, 22, 17], [4, 23, 5, 24], [18, 1, 19, 2], [14, 3, 15, 4], [5, 9, 6, 8], [7, 13, 8, 12], [9, 21, 10, 20]]"
12n_0257_45,"[[9, 21, 10, 20], [11, 7, 12, 6], [24, 13, 1, 14], [15, 22, 16, 23], [2, 17, 3, 18], [19, 11, 20, 10], [21, 16, 22, 17], [4, 23, 5, 24], [18, 1, 19, 2], [14, 3, 15, 4], [5, 9, 6, 8], [7, 13, 8, 12]]"
12n_0257_46,"[[7, 13, 8, 12], [9, 21, 10, 20], [11, 7, 12, 6], [24, 13, 1, 14], [15, 22, 16, 23], [2, 17, 3, 18], [19, 11, 20, 10], [21, 16, 22, 17], [4, 23, 5, 24], [18, 1, 19, 2], [14, 3, 15, 4], [5, 9, 6, 8]]"
12n_0257_47,"[[5, 9, 6, 8], [7, 13, 8, 12], [9, 21, 10, 20], [11, 7, 12, 6], [24, 13, 1, 14], [15, 22, 16, 23], [2, 17, 3, 18], [19, 11, 20, 10], [21, 16, 22, 17], [4, 23, 5, 24], [18, 1, 19, 2], [14, 3, 15, 4]]"
12n_0257_48,"[[15, 4, 16, 5], [6, 10, 7, 9], [8, 14, 9, 13], [10, 22, 11, 21], [12, 8, 13, 7], [1, 14, 2, 15], [16, 23, 17, 24], [3, 18, 4, 19], [20, 12, 21, 11], [22, 17, 23, 18], [5, 24, 6, 1], [19, 2, 20, 3]]"
12n_0257_49,"[[19, 2, 20, 3], [15, 4, 16, 5], [6, 10, 7, 9], [8, 14, 9, 13], [10, 22, 11, 21], [12, 8, 13, 7], [1, 14, 2, 15], [16, 23, 17, 24], [3, 18, 4, 19], [20, 12, 21, 11], [22, 17, 23, 18], [5, 24, 6, 1]]"
12n_0257_50,"[[5, 24, 6, 1], [19, 2, 20, 3], [15, 4, 16, 5], [6, 10, 7, 9], [8, 14, 9, 13], [10, 22, 11, 21], [12, 8, 13, 7], [1, 14, 2, 15], [16, 23, 17, 24], [3, 18, 4, 19], [20, 12, 21, 11], [22, 17, 23, 18]]"
12n_0257_51,"[[22, 17, 23, 18], [5, 24, 6, 1], [19, 2, 20, 3], [15, 4, 16, 5], [6, 10, 7, 9], [8, 14, 9, 13], [10, 22, 11, 21], [12, 8, 13, 7], [1, 14, 2, 15], [16, 23, 17, 24], [3, 18, 4, 19], [20, 12, 21, 11]]"
12n_0257_52,"[[20, 12, 21, 11], [22, 17, 23, 18], [5, 24, 6, 1], [19, 2, 20, 3], [15, 4, 16, 5], [6, 10, 7, 9], [8, 14, 9, 13], [10, 22, 11, 21], [12, 8, 13, 7], [1, 14, 2, 15], [16, 23, 17, 24], [3, 18, 4, 19]]"
12n_0257_53,"[[3, 18, 4, 19], [20, 12, 21, 11], [22, 17, 23, 18], [5, 24, 6, 1], [19, 2, 20, 3], [15, 4, 16, 5], [6, 10, 7, 9], [8, 14, 9, 13], [10, 22, 11, 21], [12, 8, 13, 7], [1, 14, 2, 15], [16, 23, 17, 24]]"
12n_0257_54,"[[16, 23, 17, 24], [3, 18, 4, 19], [20, 12, 21, 11], [22, 17, 23, 18], [5, 24, 6, 1], [19, 2, 20, 3], [15, 4, 16, 5], [6, 10, 7, 9], [8, 14, 9, 13], [10, 22, 11, 21], [12, 8, 13, 7], [1, 14, 2, 15]]"
12n_0257_55,"[[1, 14, 2, 15], [16, 23, 17, 24], [3, 18, 4, 19], [20, 12, 21, 11], [22, 17, 23, 18], [5, 24, 6, 1], [19, 2, 20, 3], [15, 4, 16, 5], [6, 10, 7, 9], [8, 14, 9, 13], [10, 22, 11, 21], [12, 8, 13, 7]]"
12n_0257_56,"[[12, 8, 13, 7], [1, 14, 2, 15], [16, 23, 17, 24], [3, 18, 4, 19], [20, 12, 21, 11], [22, 17, 23, 18], [5, 24, 6, 1], [19, 2, 20, 3], [15, 4, 16, 5], [6, 10, 7, 9], [8, 14, 9, 13], [10, 22, 11, 21]]"
12n_0257_57,"[[10, 22, 11, 21], [12, 8, 13, 7], [1, 14, 2, 15], [16, 23, 17, 24], [3, 18, 4, 19], [20, 12, 21, 11], [22, 17, 23, 18], [5, 24, 6, 1], [19, 2, 20, 3], [15, 4, 16, 5], [6, 10, 7, 9], [8, 14, 9, 13]]"
12n_0257_58,"[[8, 14, 9, 13], [10, 22, 11, 21], [12, 8, 13, 7], [1, 14, 2, 15], [16, 23, 17, 24], [3, 18, 4, 19], [20, 12, 21, 11], [22, 17, 23, 18], [5, 24, 6, 1], [19, 2, 20, 3], [15, 4, 16, 5], [6, 10, 7, 9]]"
12n_0257_59,"[[6, 10, 7, 9], [8, 14, 9, 13], [10, 22, 11, 21], [12, 8, 13, 7], [1, 14, 2, 15], [16, 23, 17, 24], [3, 18, 4, 19], [20, 12, 21, 11], [22, 17, 23, 18], [5, 24, 6, 1], [19, 2, 20, 3], [15, 4, 16, 5]]"
12n_0257_60,"[[16, 5, 17, 6], [7, 11, 8, 10], [9, 15, 10, 14], [11, 23, 12, 22], [13, 9, 14, 8], [2, 15, 3, 16], [17, 24, 18, 1], [4, 19, 5, 20], [21, 13, 22, 12], [23, 18, 24, 19], [6, 1, 7, 2], [20, 3, 21, 4]]"
12n_0257_61,"[[20, 3, 21, 4], [16, 5, 17, 6], [7, 11, 8, 10], [9, 15, 10, 14], [11, 23, 12, 22], [13, 9, 14, 8], [2, 15, 3, 16], [17, 24, 18, 1], [4, 19, 5, 20], [21, 13, 22, 12], [23, 18, 24, 19], [6, 1, 7, 2]]"
12n_0257_62,"[[6, 1, 7, 2], [20, 3, 21, 4], [16, 5, 17, 6], [7, 11, 8, 10], [9, 15, 10, 14], [11, 23, 12, 22], [13, 9, 14, 8], [2, 15, 3, 16], [17, 24, 18, 1], [4, 19, 5, 20], [21, 13, 22, 12], [23, 18, 24, 19]]"
12n_0257_63,"[[23, 18, 24, 19], [6, 1, 7, 2], [20, 3, 21, 4], [16, 5, 17, 6], [7, 11, 8, 10], [9, 15, 10, 14], [11, 23, 12, 22], [13, 9, 14, 8], [2, 15, 3, 16], [17, 24, 18, 1], [4, 19, 5, 20], [21, 13, 22, 12]]"
12n_0257_64,"[[21, 13, 22, 12], [23, 18, 24, 19], [6, 1, 7, 2], [20, 3, 21, 4], [16, 5, 17, 6], [7, 11, 8, 10], [9, 15, 10, 14], [11, 23, 12, 22], [13, 9, 14, 8], [2, 15, 3, 16], [17, 24, 18, 1], [4, 19, 5, 20]]"
12n_0257_65,"[[4, 19, 5, 20], [21, 13, 22, 12], [23, 18, 24, 19], [6, 1, 7, 2], [20, 3, 21, 4], [16, 5, 17, 6], [7, 11, 8, 10], [9, 15, 10, 14], [11, 23, 12, 22], [13, 9, 14, 8], [2, 15, 3, 16], [17, 24, 18, 1]]"
12n_0257_66,"[[17, 24, 18, 1], [4, 19, 5, 20], [21, 13, 22, 12], [23, 18, 24, 19], [6, 1, 7, 2], [20, 3, 21, 4], [16, 5, 17, 6], [7, 11, 8, 10], [9, 15, 10, 14], [11, 23, 12, 22], [13, 9, 14, 8], [2, 15, 3, 16]]"
12n_0257_67,"[[2, 15, 3, 16], [17, 24, 18, 1], [4, 19, 5, 20], [21, 13, 22, 12], [23, 18, 24, 19], [6, 1, 7, 2], [20, 3, 21, 4], [16, 5, 17, 6], [7, 11, 8, 10], [9, 15, 10, 14], [11, 23, 12, 22], [13, 9, 14, 8]]"
12n_0257_68,"[[13, 9, 14, 8], [2, 15, 3, 16], [17, 24, 18, 1], [4, 19, 5, 20], [21, 13, 22, 12], [23, 18, 24, 19], [6, 1, 7, 2], [20, 3, 21, 4], [16, 5, 17, 6], [7, 11, 8, 10], [9, 15, 10, 14], [11, 23, 12, 22]]"
12n_0257_69,"[[11, 23, 12, 22], [13, 9, 14, 8], [2, 15, 3, 16], [17, 24, 18, 1], [4, 19, 5, 20], [21, 13, 22, 12], [23, 18, 24, 19], [6, 1, 7, 2], [20, 3, 21, 4], [16, 5, 17, 6], [7, 11, 8, 10], [9, 15, 10, 14]]"
12n_0257_70,"[[9, 15, 10, 14], [11, 23, 12, 22], [13, 9, 14, 8], [2, 15, 3, 16], [17, 24, 18, 1], [4, 19, 5, 20], [21, 13, 22, 12], [23, 18, 24, 19], [6, 1, 7, 2], [20, 3, 21, 4], [16, 5, 17, 6], [7, 11, 8, 10]]"
12n_0257_71,"[[7, 11, 8, 10], [9, 15, 10, 14], [11, 23, 12, 22], [13, 9, 14, 8], [2, 15, 3, 16], [17, 24, 18, 1], [4, 19, 5, 20], [21, 13, 22, 12], [23, 18, 24, 19], [6, 1, 7, 2], [20, 3, 21, 4], [16, 5, 17, 6]]"
12n_0257_72,"[[17, 6, 18, 7], [8, 12, 9, 11], [10, 16, 11, 15], [12, 24, 13, 23], [14, 10, 15, 9], [3, 16, 4, 17], [18, 1, 19, 2], [5, 20, 6, 21], [22, 14, 23, 13], [24, 19, 1, 20], [7, 2, 8, 3], [21, 4, 22, 5]]"
12n_0257_73,"[[21, 4, 22, 5], [17, 6, 18, 7], [8, 12, 9, 11], [10, 16, 11, 15], [12, 24, 13, 23], [14, 10, 15, 9], [3, 16, 4, 17], [18, 1, 19, 2], [5, 20, 6, 21], [22, 14, 23, 13], [24, 19, 1, 20], [7, 2, 8, 3]]"
12n_0257_74,"[[7, 2, 8, 3], [21, 4, 22, 5], [17, 6, 18, 7], [8, 12, 9, 11], [10, 16, 11, 15], [12, 24, 13, 23], [14, 10, 15, 9], [3, 16, 4, 17], [18, 1, 19, 2], [5, 20, 6, 21], [22, 14, 23, 13], [24, 19, 1, 20]]"
12n_0257_75,"[[24, 19, 1, 20], [7, 2, 8, 3], [21, 4, 22, 5], [17, 6, 18, 7], [8, 12, 9, 11], [10, 16, 11, 15], [12, 24, 13, 23], [14, 10, 15, 9], [3, 16, 4, 17], [18, 1, 19, 2], [5, 20, 6, 21], [22, 14, 23, 13]]"
12n_0257_76,"[[22, 14, 23, 13], [24, 19, 1, 20], [7, 2, 8, 3], [21, 4, 22, 5], [17, 6, 18, 7], [8, 12, 9, 11], [10, 16, 11, 15], [12, 24, 13, 23], [14, 10, 15, 9], [3, 16, 4, 17], [18, 1, 19, 2], [5, 20, 6, 21]]"
12n_0257_77,"[[5, 20, 6, 21], [22, 14, 23, 13], [24, 19, 1, 20], [7, 2, 8, 3], [21, 4, 22, 5], [17, 6, 18, 7], [8, 12, 9, 11], [10, 16, 11, 15], [12, 24, 13, 23], [14, 10, 15, 9], [3, 16, 4, 17], [18, 1, 19, 2]]"
12n_0257_78,"[[18, 1, 19, 2], [5, 20, 6, 21], [22, 14, 23, 13], [24, 19, 1, 20], [7, 2, 8, 3], [21, 4, 22, 5], [17, 6, 18, 7], [8, 12, 9, 11], [10, 16, 11, 15], [12, 24, 13, 23], [14, 10, 15, 9], [3, 16, 4, 17]]"
12n_0257_79,"[[3, 16, 4, 17], [18, 1, 19, 2], [5, 20, 6, 21], [22, 14, 23, 13], [24, 19, 1, 20], [7, 2, 8, 3], [21, 4, 22, 5], [17, 6, 18, 7], [8, 12, 9, 11], [10, 16, 11, 15], [12, 24, 13, 23], [14, 10, 15, 9]]"
12n_0257_80,"[[14, 10, 15, 9], [3, 16, 4, 17], [18, 1, 19, 2], [5, 20, 6, 21], [22, 14, 23, 13], [24, 19, 1, 20], [7, 2, 8, 3], [21, 4, 22, 5], [17, 6, 18, 7], [8, 12, 9, 11], [10, 16, 11, 15], [12, 24, 13, 23]]"
12n_0257_81,"[[12, 24, 13, 23], [14, 10, 15, 9], [3, 16, 4, 17], [18, 1, 19, 2], [5, 20, 6, 21], [22, 14, 23, 13], [24, 19, 1, 20], [7, 2, 8, 3], [21, 4, 22, 5], [17, 6, 18, 7], [8, 12, 9, 11], [10, 16, 11, 15]]"
12n_0257_82,"[[10, 16, 11, 15], [12, 24, 13, 23], [14, 10, 15, 9], [3, 16, 4, 17], [18, 1, 19, 2], [5, 20, 6, 21], [22, 14, 23, 13], [24, 19, 1, 20], [7, 2, 8, 3], [21, 4, 22, 5], [17, 6, 18, 7], [8, 12, 9, 11]]"
12n_0257_83,"[[8, 12, 9, 11], [10, 16, 11, 15], [12, 24, 13, 23], [14, 10, 15, 9], [3, 16, 4, 17], [18, 1, 19, 2], [5, 20, 6, 21], [22, 14, 23, 13], [24, 19, 1, 20], [7, 2, 8, 3], [21, 4, 22, 5], [17, 6, 18, 7]]"
12n_0257_84,"[[18, 7, 19, 8], [9, 13, 10, 12], [11, 17, 12, 16], [13, 1, 14, 24], [15, 11, 16, 10], [4, 17, 5, 18], [19, 2, 20, 3], [6, 21, 7, 22], [23, 15, 24, 14], [1, 20, 2, 21], [8, 3, 9, 4], [22, 5, 23, 6]]"
12n_0257_85,"[[22, 5, 23, 6], [18, 7, 19, 8], [9, 13, 10, 12], [11, 17, 12, 16], [13, 1, 14, 24], [15, 11, 16, 10], [4, 17, 5, 18], [19, 2, 20, 3], [6, 21, 7, 22], [23, 15, 24, 14], [1, 20, 2, 21], [8, 3, 9, 4]]"
12n_0257_86,"[[8, 3, 9, 4], [22, 5, 23, 6], [18, 7, 19, 8], [9, 13, 10, 12], [11, 17, 12, 16], [13, 1, 14, 24], [15, 11, 16, 10], [4, 17, 5, 18], [19, 2, 20, 3], [6, 21, 7, 22], [23, 15, 24, 14], [1, 20, 2, 21]]"
12n_0257_87,"[[1, 20, 2, 21], [8, 3, 9, 4], [22, 5, 23, 6], [18, 7, 19, 8], [9, 13, 10, 12], [11, 17, 12, 16], [13, 1, 14, 24], [15, 11, 16, 10], [4, 17, 5, 18], [19, 2, 20, 3], [6, 21, 7, 22], [23, 15, 24, 14]]"
12n_0257_88,"[[23, 15, 24, 14], [1, 20, 2, 21], [8, 3, 9, 4], [22, 5, 23, 6], [18, 7, 19, 8], [9, 13, 10, 12], [11, 17, 12, 16], [13, 1, 14, 24], [15, 11, 16, 10], [4, 17, 5, 18], [19, 2, 20, 3], [6, 21, 7, 22]]"
12n_0257_89,"[[6, 21, 7, 22], [23, 15, 24, 14], [1, 20, 2, 21], [8, 3, 9, 4], [22, 5, 23, 6], [18, 7, 19, 8], [9, 13, 10, 12], [11, 17, 12, 16], [13, 1, 14, 24], [15, 11, 16, 10], [4, 17, 5, 18], [19, 2, 20, 3]]"
12n_0257_90,"[[19, 2, 20, 3], [6, 21, 7, 22], [23, 15, 24, 14], [1, 20, 2, 21], [8, 3, 9, 4], [22, 5, 23, 6], [18, 7, 19, 8], [9, 13, 10, 12], [11, 17, 12, 16], [13, 1, 14, 24], [15, 11, 16, 10], [4, 17, 5, 18]]"
12n_0257_91,"[[4, 17, 5, 18], [19, 2, 20, 3], [6, 21, 7, 22], [23, 15, 24, 14], [1, 20, 2, 21], [8, 3, 9, 4], [22, 5, 23, 6], [18, 7, 19, 8], [9, 13, 10, 12], [11, 17, 12, 16], [13, 1, 14, 24], [15, 11, 16, 10]]"
12n_0257_92,"[[15, 11, 16, 10], [4, 17, 5, 18], [19, 2, 20, 3], [6, 21, 7, 22], [23, 15, 24, 14], [1, 20, 2, 21], [8, 3, 9, 4], [22, 5, 23, 6], [18, 7, 19, 8], [9, 13, 10, 12], [11, 17, 12, 16], [13, 1, 14, 24]]"
12n_0257_93,"[[13, 1, 14, 24], [15, 11, 16, 10], [4, 17, 5, 18], [19, 2, 20, 3], [6, 21, 7, 22], [23, 15, 24, 14], [1, 20, 2, 21], [8, 3, 9, 4], [22, 5, 23, 6], [18, 7, 19, 8], [9, 13, 10, 12], [11, 17, 12, 16]]"
12n_0257_94,"[[11, 17, 12, 16], [13, 1, 14, 24], [15, 11, 16, 10], [4, 17, 5, 18], [19, 2, 20, 3], [6, 21, 7, 22], [23, 15, 24, 14], [1, 20, 2, 21], [8, 3, 9, 4], [22, 5, 23, 6], [18, 7, 19, 8], [9, 13, 10, 12]]"
12n_0257_95,"[[9, 13, 10, 12], [11, 17, 12, 16], [13, 1, 14, 24], [15, 11, 16, 10], [4, 17, 5, 18], [19, 2, 20, 3], [6, 21, 7, 22], [23, 15, 24, 14], [1, 20, 2, 21], [8, 3, 9, 4], [22, 5, 23, 6], [18, 7, 19, 8]]"
12n_0257_96,"[[19, 8, 20, 9], [10, 14, 11, 13], [12, 18, 13, 17], [14, 2, 15, 1], [16, 12, 17, 11], [5, 18, 6, 19], [20, 3, 21, 4], [7, 22, 8, 23], [24, 16, 1, 15], [2, 21, 3, 22], [9, 4, 10, 5], [23, 6, 24, 7]]"
12n_0257_97,"[[23, 6, 24, 7], [19, 8, 20, 9], [10, 14, 11, 13], [12, 18, 13, 17], [14, 2, 15, 1], [16, 12, 17, 11], [5, 18, 6, 19], [20, 3, 21, 4], [7, 22, 8, 23], [24, 16, 1, 15], [2, 21, 3, 22], [9, 4, 10, 5]]"
12n_0257_98,"[[9, 4, 10, 5], [23, 6, 24, 7], [19, 8, 20, 9], [10, 14, 11, 13], [12, 18, 13, 17], [14, 2, 15, 1], [16, 12, 17, 11], [5, 18, 6, 19], [20, 3, 21, 4], [7, 22, 8, 23], [24, 16, 1, 15], [2, 21, 3, 22]]"
12n_0257_99,"[[2, 21, 3, 22], [9, 4, 10, 5], [23, 6, 24, 7], [19, 8, 20, 9], [10, 14, 11, 13], [12, 18, 13, 17], [14, 2, 15, 1], [16, 12, 17, 11], [5, 18, 6, 19], [20, 3, 21, 4], [7, 22, 8, 23], [24, 16, 1, 15]]"
12n_0257_100,"[[24, 16, 1, 15], [2, 21, 3, 22], [9, 4, 10, 5], [23, 6, 24, 7], [19, 8, 20, 9], [10, 14, 11, 13], [12, 18, 13, 17], [14, 2, 15, 1], [16, 12, 17, 11], [5, 18, 6, 19], [20, 3, 21, 4], [7, 22, 8, 23]]"
12n_0257_101,"[[7, 22, 8, 23], [24, 16, 1, 15], [2, 21, 3, 22], [9, 4, 10, 5], [23, 6, 24, 7], [19, 8, 20, 9], [10, 14, 11, 13], [12, 18, 13, 17], [14, 2, 15, 1], [16, 12, 17, 11], [5, 18, 6, 19], [20, 3, 21, 4]]"
12n_0257_102,"[[20, 3, 21, 4], [7, 22, 8, 23], [24, 16, 1, 15], [2, 21, 3, 22], [9, 4, 10, 5], [23, 6, 24, 7], [19, 8, 20, 9], [10, 14, 11, 13], [12, 18, 13, 17], [14, 2, 15, 1], [16, 12, 17, 11], [5, 18, 6, 19]]"
12n_0257_103,"[[5, 18, 6, 19], [20, 3, 21, 4], [7, 22, 8, 23], [24, 16, 1, 15], [2, 21, 3, 22], [9, 4, 10, 5], [23, 6, 24, 7], [19, 8, 20, 9], [10, 14, 11, 13], [12, 18, 13, 17], [14, 2, 15, 1], [16, 12, 17, 11]]"
12n_0257_104,"[[16, 12, 17, 11], [5, 18, 6, 19], [20, 3, 21, 4], [7, 22, 8, 23], [24, 16, 1, 15], [2, 21, 3, 22], [9, 4, 10, 5], [23, 6, 24, 7], [19, 8, 20, 9], [10, 14, 11, 13], [12, 18, 13, 17], [14, 2, 15, 1]]"
12n_0257_105,"[[14, 2, 15, 1], [16, 12, 17, 11], [5, 18, 6, 19], [20, 3, 21, 4], [7, 22, 8, 23], [24, 16, 1, 15], [2, 21, 3, 22], [9, 4, 10, 5], [23, 6, 24, 7], [19, 8, 20, 9], [10, 14, 11, 13], [12, 18, 13, 17]]"
12n_0257_106,"[[12, 18, 13, 17], [14, 2, 15, 1], [16, 12, 17, 11], [5, 18, 6, 19], [20, 3, 21, 4], [7, 22, 8, 23], [24, 16, 1, 15], [2, 21, 3, 22], [9, 4, 10, 5], [23, 6, 24, 7], [19, 8, 20, 9], [10, 14, 11, 13]]"
12n_0257_107,"[[10, 14, 11, 13], [12, 18, 13, 17], [14, 2, 15, 1], [16, 12, 17, 11], [5, 18, 6, 19], [20, 3, 21, 4], [7, 22, 8, 23], [24, 16, 1, 15], [2, 21, 3, 22], [9, 4, 10, 5], [23, 6, 24, 7], [19, 8, 20, 9]]"
12n_0257_108,"[[20, 9, 21, 10], [11, 15, 12, 14], [13, 19, 14, 18], [15, 3, 16, 2], [17, 13, 18, 12], [6, 19, 7, 20], [21, 4, 22, 5], [8, 23, 9, 24], [1, 17, 2, 16], [3, 22, 4, 23], [10, 5, 11, 6], [24, 7, 1, 8]]"
12n_0257_109,"[[24, 7, 1, 8], [20, 9, 21, 10], [11, 15, 12, 14], [13, 19, 14, 18], [15, 3, 16, 2], [17, 13, 18, 12], [6, 19, 7, 20], [21, 4, 22, 5], [8, 23, 9, 24], [1, 17, 2, 16], [3, 22, 4, 23], [10, 5, 11, 6]]"
12n_0257_110,"[[10, 5, 11, 6], [24, 7, 1, 8], [20, 9, 21, 10], [11, 15, 12, 14], [13, 19, 14, 18], [15, 3, 16, 2], [17, 13, 18, 12], [6, 19, 7, 20], [21, 4, 22, 5], [8, 23, 9, 24], [1, 17, 2, 16], [3, 22, 4, 23]]"
12n_0257_111,"[[3, 22, 4, 23], [10, 5, 11, 6], [24, 7, 1, 8], [20, 9, 21, 10], [11, 15, 12, 14], [13, 19, 14, 18], [15, 3, 16, 2], [17, 13, 18, 12], [6, 19, 7, 20], [21, 4, 22, 5], [8, 23, 9, 24], [1, 17, 2, 16]]"
12n_0257_112,"[[1, 17, 2, 16], [3, 22, 4, 23], [10, 5, 11, 6], [24, 7, 1, 8], [20, 9, 21, 10], [11, 15, 12, 14], [13, 19, 14, 18], [15, 3, 16, 2], [17, 13, 18, 12], [6, 19, 7, 20], [21, 4, 22, 5], [8, 23, 9, 24]]"
12n_0257_113,"[[8, 23, 9, 24], [1, 17, 2, 16], [3, 22, 4, 23], [10, 5, 11, 6], [24, 7, 1, 8], [20, 9, 21, 10], [11, 15, 12, 14], [13, 19, 14, 18], [15, 3, 16, 2], [17, 13, 18, 12], [6, 19, 7, 20], [21, 4, 22, 5]]"
12n_0257_114,"[[21, 4, 22, 5], [8, 23, 9, 24], [1, 17, 2, 16], [3, 22, 4, 23], [10, 5, 11, 6], [24, 7, 1, 8], [20, 9, 21, 10], [11, 15, 12, 14], [13, 19, 14, 18], [15, 3, 16, 2], [17, 13, 18, 12], [6, 19, 7, 20]]"
12n_0257_115,"[[6, 19, 7, 20], [21, 4, 22, 5], [8, 23, 9, 24], [1, 17, 2, 16], [3, 22, 4, 23], [10, 5, 11, 6], [24, 7, 1, 8], [20, 9, 21, 10], [11, 15, 12, 14], [13, 19, 14, 18], [15, 3, 16, 2], [17, 13, 18, 12]]"
12n_0257_116,"[[17, 13, 18, 12], [6, 19, 7, 20], [21, 4, 22, 5], [8, 23, 9, 24], [1, 17, 2, 16], [3, 22, 4, 23], [10, 5, 11, 6], [24, 7, 1, 8], [20, 9, 21, 10], [11, 15, 12, 14], [13, 19, 14, 18], [15, 3, 16, 2]]"
12n_0257_117,"[[15, 3, 16, 2], [17, 13, 18, 12], [6, 19, 7, 20], [21, 4, 22, 5], [8, 23, 9, 24], [1, 17, 2, 16], [3, 22, 4, 23], [10, 5, 11, 6], [24, 7, 1, 8], [20, 9, 21, 10], [11, 15, 12, 14], [13, 19, 14, 18]]"
12n_0257_118,"[[13, 19, 14, 18], [15, 3, 16, 2], [17, 13, 18, 12], [6, 19, 7, 20], [21, 4, 22, 5], [8, 23, 9, 24], [1, 17, 2, 16], [3, 22, 4, 23], [10, 5, 11, 6], [24, 7, 1, 8], [20, 9, 21, 10], [11, 15, 12, 14]]"
12n_0257_119,"[[11, 15, 12, 14], [13, 19, 14, 18], [15, 3, 16, 2], [17, 13, 18, 12], [6, 19, 7, 20], [21, 4, 22, 5], [8, 23, 9, 24], [1, 17, 2, 16], [3, 22, 4, 23], [10, 5, 11, 6], [24, 7, 1, 8], [20, 9, 21, 10]]"
12n_0257_120,"[[21, 10, 22, 11], [12, 16, 13, 15], [14, 20, 15, 19], [16, 4, 17, 3], [18, 14, 19, 13], [7, 20, 8, 21], [22, 5, 23, 6], [9, 24, 10, 1], [2, 18, 3, 17], [4, 23, 5, 24], [11, 6, 12, 7], [1, 8, 2, 9]]"
12n_0257_121,"[[1, 8, 2, 9], [21, 10, 22, 11], [12, 16, 13, 15], [14, 20, 15, 19], [16, 4, 17, 3], [18, 14, 19, 13], [7, 20, 8, 21], [22, 5, 23, 6], [9, 24, 10, 1], [2, 18, 3, 17], [4, 23, 5, 24], [11, 6, 12, 7]]"
12n_0257_122,"[[11, 6, 12, 7], [1, 8, 2, 9], [21, 10, 22, 11], [12, 16, 13, 15], [14, 20, 15, 19], [16, 4, 17, 3], [18, 14, 19, 13], [7, 20, 8, 21], [22, 5, 23, 6], [9, 24, 10, 1], [2, 18, 3, 17], [4, 23, 5, 24]]"
12n_0257_123,"[[4, 23, 5, 24], [11, 6, 12, 7], [1, 8, 2, 9], [21, 10, 22, 11], [12, 16, 13, 15], [14, 20, 15, 19], [16, 4, 17, 3], [18, 14, 19, 13], [7, 20, 8, 21], [22, 5, 23, 6], [9, 24, 10, 1], [2, 18, 3, 17]]"
12n_0257_124,"[[2, 18, 3, 17], [4, 23, 5, 24], [11, 6, 12, 7], [1, 8, 2, 9], [21, 10, 22, 11], [12, 16, 13, 15], [14, 20, 15, 19], [16, 4, 17, 3], [18, 14, 19, 13], [7, 20, 8, 21], [22, 5, 23, 6], [9, 24, 10, 1]]"
12n_0257_125,"[[9, 24, 10, 1], [2, 18, 3, 17], [4, 23, 5, 24], [11, 6, 12, 7], [1, 8, 2, 9], [21, 10, 22, 11], [12, 16, 13, 15], [14, 20, 15, 19], [16, 4, 17, 3], [18, 14, 19, 13], [7, 20, 8, 21], [22, 5, 23, 6]]"
12n_0257_126,"[[22, 5, 23, 6], [9, 24, 10, 1], [2, 18, 3, 17], [4, 23, 5, 24], [11, 6, 12, 7], [1, 8, 2, 9], [21, 10, 22, 11], [12, 16, 13, 15], [14, 20, 15, 19], [16, 4, 17, 3], [18, 14, 19, 13], [7, 20, 8, 21]]"
12n_0257_127,"[[7, 20, 8, 21], [22, 5, 23, 6], [9, 24, 10, 1], [2, 18, 3, 17], [4, 23, 5, 24], [11, 6, 12, 7], [1, 8, 2, 9], [21, 10, 22, 11], [12, 16, 13, 15], [14, 20, 15, 19], [16, 4, 17, 3], [18, 14, 19, 13]]"
12n_0257_128,"[[18, 14, 19, 13], [7, 20, 8, 21], [22, 5, 23, 6], [9, 24, 10, 1], [2, 18, 3, 17], [4, 23, 5, 24], [11, 6, 12, 7], [1, 8, 2, 9], [21, 10, 22, 11], [12, 16, 13, 15], [14, 20, 15, 19], [16, 4, 17, 3]]"
12n_0257_129,"[[16, 4, 17, 3], [18, 14, 19, 13], [7, 20, 8, 21], [22, 5, 23, 6], [9, 24, 10, 1], [2, 18, 3, 17], [4, 23, 5, 24], [11, 6, 12, 7], [1, 8, 2, 9], [21, 10, 22, 11], [12, 16, 13, 15], [14, 20, 15, 19]]"
12n_0257_130,"[[14, 20, 15, 19], [16, 4, 17, 3], [18, 14, 19, 13], [7, 20, 8, 21], [22, 5, 23, 6], [9, 24, 10, 1], [2, 18, 3, 17], [4, 23, 5, 24], [11, 6, 12, 7], [1, 8, 2, 9], [21, 10, 22, 11], [12, 16, 13, 15]]"
12n_0257_131,"[[12, 16, 13, 15], [14, 20, 15, 19], [16, 4, 17, 3], [18, 14, 19, 13], [7, 20, 8, 21], [22, 5, 23, 6], [9, 24, 10, 1], [2, 18, 3, 17], [4, 23, 5, 24], [11, 6, 12, 7], [1, 8, 2, 9], [21, 10, 22, 11]]"
12n_0257_132,"[[22, 11, 23, 12], [13, 17, 14, 16], [15, 21, 16, 20], [17, 5, 18, 4], [19, 15, 20, 14], [8, 21, 9, 22], [23, 6, 24, 7], [10, 1, 11, 2], [3, 19, 4, 18], [5, 24, 6, 1], [12, 7, 13, 8], [2, 9, 3, 10]]"
12n_0257_133,"[[2, 9, 3, 10], [22, 11, 23, 12], [13, 17, 14, 16], [15, 21, 16, 20], [17, 5, 18, 4], [19, 15, 20, 14], [8, 21, 9, 22], [23, 6, 24, 7], [10, 1, 11, 2], [3, 19, 4, 18], [5, 24, 6, 1], [12, 7, 13, 8]]"
12n_0257_134,"[[12, 7, 13, 8], [2, 9, 3, 10], [22, 11, 23, 12], [13, 17, 14, 16], [15, 21, 16, 20], [17, 5, 18, 4], [19, 15, 20, 14], [8, 21, 9, 22], [23, 6, 24, 7], [10, 1, 11, 2], [3, 19, 4, 18], [5, 24, 6, 1]]"
12n_0257_135,"[[5, 24, 6, 1], [12, 7, 13, 8], [2, 9, 3, 10], [22, 11, 23, 12], [13, 17, 14, 16], [15, 21, 16, 20], [17, 5, 18, 4], [19, 15, 20, 14], [8, 21, 9, 22], [23, 6, 24, 7], [10, 1, 11, 2], [3, 19, 4, 18]]"
12n_0257_136,"[[3, 19, 4, 18], [5, 24, 6, 1], [12, 7, 13, 8], [2, 9, 3, 10], [22, 11, 23, 12], [13, 17, 14, 16], [15, 21, 16, 20], [17, 5, 18, 4], [19, 15, 20, 14], [8, 21, 9, 22], [23, 6, 24, 7], [10, 1, 11, 2]]"
12n_0257_137,"[[10, 1, 11, 2], [3, 19, 4, 18], [5, 24, 6, 1], [12, 7, 13, 8], [2, 9, 3, 10], [22, 11, 23, 12], [13, 17, 14, 16], [15, 21, 16, 20], [17, 5, 18, 4], [19, 15, 20, 14], [8, 21, 9, 22], [23, 6, 24, 7]]"
12n_0257_138,"[[23, 6, 24, 7], [10, 1, 11, 2], [3, 19, 4, 18], [5, 24, 6, 1], [12, 7, 13, 8], [2, 9, 3, 10], [22, 11, 23, 12], [13, 17, 14, 16], [15, 21, 16, 20], [17, 5, 18, 4], [19, 15, 20, 14], [8, 21, 9, 22]]"
12n_0257_139,"[[8, 21, 9, 22], [23, 6, 24, 7], [10, 1, 11, 2], [3, 19, 4, 18], [5, 24, 6, 1], [12, 7, 13, 8], [2, 9, 3, 10], [22, 11, 23, 12], [13, 17, 14, 16], [15, 21, 16, 20], [17, 5, 18, 4], [19, 15, 20, 14]]"
12n_0257_140,"[[19, 15, 20, 14], [8, 21, 9, 22], [23, 6, 24, 7], [10, 1, 11, 2], [3, 19, 4, 18], [5, 24, 6, 1], [12, 7, 13, 8], [2, 9, 3, 10], [22, 11, 23, 12], [13, 17, 14, 16], [15, 21, 16, 20], [17, 5, 18, 4]]"
12n_0257_141,"[[17, 5, 18, 4], [19, 15, 20, 14], [8, 21, 9, 22], [23, 6, 24, 7], [10, 1, 11, 2], [3, 19, 4, 18], [5, 24, 6, 1], [12, 7, 13, 8], [2, 9, 3, 10], [22, 11, 23, 12], [13, 17, 14, 16], [15, 21, 16, 20]]"
12n_0257_142,"[[15, 21, 16, 20], [17, 5, 18, 4], [19, 15, 20, 14], [8, 21, 9, 22], [23, 6, 24, 7], [10, 1, 11, 2], [3, 19, 4, 18], [5, 24, 6, 1], [12, 7, 13, 8], [2, 9, 3, 10], [22, 11, 23, 12], [13, 17, 14, 16]]"
12n_0257_143,"[[13, 17, 14, 16], [15, 21, 16, 20], [17, 5, 18, 4], [19, 15, 20, 14], [8, 21, 9, 22], [23, 6, 24, 7], [10, 1, 11, 2], [3, 19, 4, 18], [5, 24, 6, 1], [12, 7, 13, 8], [2, 9, 3, 10], [22, 11, 23, 12]]"
12n_0257_144,"[[23, 12, 24, 13], [14, 18, 15, 17], [16, 22, 17, 21], [18, 6, 19, 5], [20, 16, 21, 15], [9, 22, 10, 23], [24, 7, 1, 8], [11, 2, 12, 3], [4, 20, 5, 19], [6, 1, 7, 2], [13, 8, 14, 9], [3, 10, 4, 11]]"
12n_0257_145,"[[3, 10, 4, 11], [23, 12, 24, 13], [14, 18, 15, 17], [16, 22, 17, 21], [18, 6, 19, 5], [20, 16, 21, 15], [9, 22, 10, 23], [24, 7, 1, 8], [11, 2, 12, 3], [4, 20, 5, 19], [6, 1, 7, 2], [13, 8, 14, 9]]"
12n_0257_146,"[[13, 8, 14, 9], [3, 10, 4, 11], [23, 12, 24, 13], [14, 18, 15, 17], [16, 22, 17, 21], [18, 6, 19, 5], [20, 16, 21, 15], [9, 22, 10, 23], [24, 7, 1, 8], [11, 2, 12, 3], [4, 20, 5, 19], [6, 1, 7, 2]]"
12n_0257_147,"[[6, 1, 7, 2], [13, 8, 14, 9], [3, 10, 4, 11], [23, 12, 24, 13], [14, 18, 15, 17], [16, 22, 17, 21], [18, 6, 19, 5], [20, 16, 21, 15], [9, 22, 10, 23], [24, 7, 1, 8], [11, 2, 12, 3], [4, 20, 5, 19]]"
12n_0257_148,"[[4, 20, 5, 19], [6, 1, 7, 2], [13, 8, 14, 9], [3, 10, 4, 11], [23, 12, 24, 13], [14, 18, 15, 17], [16, 22, 17, 21], [18, 6, 19, 5], [20, 16, 21, 15], [9, 22, 10, 23], [24, 7, 1, 8], [11, 2, 12, 3]]"
12n_0257_149,"[[11, 2, 12, 3], [4, 20, 5, 19], [6, 1, 7, 2], [13, 8, 14, 9], [3, 10, 4, 11], [23, 12, 24, 13], [14, 18, 15, 17], [16, 22, 17, 21], [18, 6, 19, 5], [20, 16, 21, 15], [9, 22, 10, 23], [24, 7, 1, 8]]"
12n_0257_150,"[[24, 7, 1, 8], [11, 2, 12, 3], [4, 20, 5, 19], [6, 1, 7, 2], [13, 8, 14, 9], [3, 10, 4, 11], [23, 12, 24, 13], [14, 18, 15, 17], [16, 22, 17, 21], [18, 6, 19, 5], [20, 16, 21, 15], [9, 22, 10, 23]]"
12n_0257_151,"[[9, 22, 10, 23], [24, 7, 1, 8], [11, 2, 12, 3], [4, 20, 5, 19], [6, 1, 7, 2], [13, 8, 14, 9], [3, 10, 4, 11], [23, 12, 24, 13], [14, 18, 15, 17], [16, 22, 17, 21], [18, 6, 19, 5], [20, 16, 21, 15]]"
12n_0257_152,"[[20, 16, 21, 15], [9, 22, 10, 23], [24, 7, 1, 8], [11, 2, 12, 3], [4, 20, 5, 19], [6, 1, 7, 2], [13, 8, 14, 9], [3, 10, 4, 11], [23, 12, 24, 13], [14, 18, 15, 17], [16, 22, 17, 21], [18, 6, 19, 5]]"
12n_0257_153,"[[18, 6, 19, 5], [20, 16, 21, 15], [9, 22, 10, 23], [24, 7, 1, 8], [11, 2, 12, 3], [4, 20, 5, 19], [6, 1, 7, 2], [13, 8, 14, 9], [3, 10, 4, 11], [23, 12, 24, 13], [14, 18, 15, 17], [16, 22, 17, 21]]"
12n_0257_154,"[[16, 22, 17, 21], [18, 6, 19, 5], [20, 16, 21, 15], [9, 22, 10, 23], [24, 7, 1, 8], [11, 2, 12, 3], [4, 20, 5, 19], [6, 1, 7, 2], [13, 8, 14, 9], [3, 10, 4, 11], [23, 12, 24, 13], [14, 18, 15, 17]]"
12n_0257_155,"[[14, 18, 15, 17], [16, 22, 17, 21], [18, 6, 19, 5], [20, 16, 21, 15], [9, 22, 10, 23], [24, 7, 1, 8], [11, 2, 12, 3], [4, 20, 5, 19], [6, 1, 7, 2], [13, 8, 14, 9], [3, 10, 4, 11], [23, 12, 24, 13]]"
12n_0257_156,"[[24, 13, 1, 14], [15, 19, 16, 18], [17, 23, 18, 22], [19, 7, 20, 6], [21, 17, 22, 16], [10, 23, 11, 24], [1, 8, 2, 9], [12, 3, 13, 4], [5, 21, 6, 20], [7, 2, 8, 3], [14, 9, 15, 10], [4, 11, 5, 12]]"
12n_0257_157,"[[4, 11, 5, 12], [24, 13, 1, 14], [15, 19, 16, 18], [17, 23, 18, 22], [19, 7, 20, 6], [21, 17, 22, 16], [10, 23, 11, 24], [1, 8, 2, 9], [12, 3, 13, 4], [5, 21, 6, 20], [7, 2, 8, 3], [14, 9, 15, 10]]"
12n_0257_158,"[[14, 9, 15, 10], [4, 11, 5, 12], [24, 13, 1, 14], [15, 19, 16, 18], [17, 23, 18, 22], [19, 7, 20, 6], [21, 17, 22, 16], [10, 23, 11, 24], [1, 8, 2, 9], [12, 3, 13, 4], [5, 21, 6, 20], [7, 2, 8, 3]]"
12n_0257_159,"[[7, 2, 8, 3], [14, 9, 15, 10], [4, 11, 5, 12], [24, 13, 1, 14], [15, 19, 16, 18], [17, 23, 18, 22], [19, 7, 20, 6], [21, 17, 22, 16], [10, 23, 11, 24], [1, 8, 2, 9], [12, 3, 13, 4], [5, 21, 6, 20]]"
12n_0257_160,"[[5, 21, 6, 20], [7, 2, 8, 3], [14, 9, 15, 10], [4, 11, 5, 12], [24, 13, 1, 14], [15, 19, 16, 18], [17, 23, 18, 22], [19, 7, 20, 6], [21, 17, 22, 16], [10, 23, 11, 24], [1, 8, 2, 9], [12, 3, 13, 4]]"
12n_0257_161,"[[12, 3, 13, 4], [5, 21, 6, 20], [7, 2, 8, 3], [14, 9, 15, 10], [4, 11, 5, 12], [24, 13, 1, 14], [15, 19, 16, 18], [17, 23, 18, 22], [19, 7, 20, 6], [21, 17, 22, 16], [10, 23, 11, 24], [1, 8, 2, 9]]"
12n_0257_162,"[[1, 8, 2, 9], [12, 3, 13, 4], [5, 21, 6, 20], [7, 2, 8, 3], [14, 9, 15, 10], [4, 11, 5, 12], [24, 13, 1, 14], [15, 19, 16, 18], [17, 23, 18, 22], [19, 7, 20, 6], [21, 17, 22, 16], [10, 23, 11, 24]]"
12n_0257_163,"[[10, 23, 11, 24], [1, 8, 2, 9], [12, 3, 13, 4], [5, 21, 6, 20], [7, 2, 8, 3], [14, 9, 15, 10], [4, 11, 5, 12], [24, 13, 1, 14], [15, 19, 16, 18], [17, 23, 18, 22], [19, 7, 20, 6], [21, 17, 22, 16]]"
12n_0257_164,"[[21, 17, 22, 16], [10, 23, 11, 24], [1, 8, 2, 9], [12, 3, 13, 4], [5, 21, 6, 20], [7, 2, 8, 3], [14, 9, 15, 10], [4, 11, 5, 12], [24, 13, 1, 14], [15, 19, 16, 18], [17, 23, 18, 22], [19, 7, 20, 6]]"
12n_0257_165,"[[19, 7, 20, 6], [21, 17, 22, 16], [10, 23, 11, 24], [1, 8, 2, 9], [12, 3, 13, 4], [5, 21, 6, 20], [7, 2, 8, 3], [14, 9, 15, 10], [4, 11, 5, 12], [24, 13, 1, 14], [15, 19, 16, 18], [17, 23, 18, 22]]"
12n_0257_166,"[[17, 23, 18, 22], [19, 7, 20, 6], [21, 17, 22, 16], [10, 23, 11, 24], [1, 8, 2, 9], [12, 3, 13, 4], [5, 21, 6, 20], [7, 2, 8, 3], [14, 9, 15, 10], [4, 11, 5, 12], [24, 13, 1, 14], [15, 19, 16, 18]]"
12n_0257_167,"[[15, 19, 16, 18], [17, 23, 18, 22], [19, 7, 20, 6], [21, 17, 22, 16], [10, 23, 11, 24], [1, 8, 2, 9], [12, 3, 13, 4], [5, 21, 6, 20], [7, 2, 8, 3], [14, 9, 15, 10], [4, 11, 5, 12], [24, 13, 1, 14]]"
12n_0257_168,"[[1, 14, 2, 15], [16, 20, 17, 19], [18, 24, 19, 23], [20, 8, 21, 7], [22, 18, 23, 17], [11, 24, 12, 1], [2, 9, 3, 10], [13, 4, 14, 5], [6, 22, 7, 21], [8, 3, 9, 4], [15, 10, 16, 11], [5, 12, 6, 13]]"
12n_0257_169,"[[5, 12, 6, 13], [1, 14, 2, 15], [16, 20, 17, 19], [18, 24, 19, 23], [20, 8, 21, 7], [22, 18, 23, 17], [11, 24, 12, 1], [2, 9, 3, 10], [13, 4, 14, 5], [6, 22, 7, 21], [8, 3, 9, 4], [15, 10, 16, 11]]"
12n_0257_170,"[[15, 10, 16, 11], [5, 12, 6, 13], [1, 14, 2, 15], [16, 20, 17, 19], [18, 24, 19, 23], [20, 8, 21, 7], [22, 18, 23, 17], [11, 24, 12, 1], [2, 9, 3, 10], [13, 4, 14, 5], [6, 22, 7, 21], [8, 3, 9, 4]]"
12n_0257_171,"[[8, 3, 9, 4], [15, 10, 16, 11], [5, 12, 6, 13], [1, 14, 2, 15], [16, 20, 17, 19], [18, 24, 19, 23], [20, 8, 21, 7], [22, 18, 23, 17], [11, 24, 12, 1], [2, 9, 3, 10], [13, 4, 14, 5], [6, 22, 7, 21]]"
12n_0257_172,"[[6, 22, 7, 21], [8, 3, 9, 4], [15, 10, 16, 11], [5, 12, 6, 13], [1, 14, 2, 15], [16, 20, 17, 19], [18, 24, 19, 23], [20, 8, 21, 7], [22, 18, 23, 17], [11, 24, 12, 1], [2, 9, 3, 10], [13, 4, 14, 5]]"
12n_0257_173,"[[13, 4, 14, 5], [6, 22, 7, 21], [8, 3, 9, 4], [15, 10, 16, 11], [5, 12, 6, 13], [1, 14, 2, 15], [16, 20, 17, 19], [18, 24, 19, 23], [20, 8, 21, 7], [22, 18, 23, 17], [11, 24, 12, 1], [2, 9, 3, 10]]"
12n_0257_174,"[[2, 9, 3, 10], [13, 4, 14, 5], [6, 22, 7, 21], [8, 3, 9, 4], [15, 10, 16, 11], [5, 12, 6, 13], [1, 14, 2, 15], [16, 20, 17, 19], [18, 24, 19, 23], [20, 8, 21, 7], [22, 18, 23, 17], [11, 24, 12, 1]]"
12n_0257_175,"[[11, 24, 12, 1], [2, 9, 3, 10], [13, 4, 14, 5], [6, 22, 7, 21], [8, 3, 9, 4], [15, 10, 16, 11], [5, 12, 6, 13], [1, 14, 2, 15], [16, 20, 17, 19], [18, 24, 19, 23], [20, 8, 21, 7], [22, 18, 23, 17]]"
12n_0257_176,"[[22, 18, 23, 17], [11, 24, 12, 1], [2, 9, 3, 10], [13, 4, 14, 5], [6, 22, 7, 21], [8, 3, 9, 4], [15, 10, 16, 11], [5, 12, 6, 13], [1, 14, 2, 15], [16, 20, 17, 19], [18, 24, 19, 23], [20, 8, 21, 7]]"
12n_0257_177,"[[20, 8, 21, 7], [22, 18, 23, 17], [11, 24, 12, 1], [2, 9, 3, 10], [13, 4, 14, 5], [6, 22, 7, 21], [8, 3, 9, 4], [15, 10, 16, 11], [5, 12, 6, 13], [1, 14, 2, 15], [16, 20, 17, 19], [18, 24, 19, 23]]"
12n_0257_178,"[[18, 24, 19, 23], [20, 8, 21, 7], [22, 18, 23, 17], [11, 24, 12, 1], [2, 9, 3, 10], [13, 4, 14, 5], [6, 22, 7, 21], [8, 3, 9, 4], [15, 10, 16, 11], [5, 12, 6, 13], [1, 14, 2, 15], [16, 20, 17, 19]]"
12n_0257_179,"[[16, 20, 17, 19], [18, 24, 19, 23], [20, 8, 21, 7], [22, 18, 23, 17], [11, 24, 12, 1], [2, 9, 3, 10], [13, 4, 14, 5], [6, 22, 7, 21], [8, 3, 9, 4], [15, 10, 16, 11], [5, 12, 6, 13], [1, 14, 2, 15]]"
12n_0257_180,"[[2, 15, 3, 16], [17, 21, 18, 20], [19, 1, 20, 24], [21, 9, 22, 8], [23, 19, 24, 18], [12, 1, 13, 2], [3, 10, 4, 11], [14, 5, 15, 6], [7, 23, 8, 22], [9, 4, 10, 5], [16, 11, 17, 12], [6, 13, 7, 14]]"
12n_0257_181,"[[6, 13, 7, 14], [2, 15, 3, 16], [17, 21, 18, 20], [19, 1, 20, 24], [21, 9, 22, 8], [23, 19, 24, 18], [12, 1, 13, 2], [3, 10, 4, 11], [14, 5, 15, 6], [7, 23, 8, 22], [9, 4, 10, 5], [16, 11, 17, 12]]"
12n_0257_182,"[[16, 11, 17, 12], [6, 13, 7, 14], [2, 15, 3, 16], [17, 21, 18, 20], [19, 1, 20, 24], [21, 9, 22, 8], [23, 19, 24, 18], [12, 1, 13, 2], [3, 10, 4, 11], [14, 5, 15, 6], [7, 23, 8, 22], [9, 4, 10, 5]]"
12n_0257_183,"[[9, 4, 10, 5], [16, 11, 17, 12], [6, 13, 7, 14], [2, 15, 3, 16], [17, 21, 18, 20], [19, 1, 20, 24], [21, 9, 22, 8], [23, 19, 24, 18], [12, 1, 13, 2], [3, 10, 4, 11], [14, 5, 15, 6], [7, 23, 8, 22]]"
12n_0257_184,"[[7, 23, 8, 22], [9, 4, 10, 5], [16, 11, 17, 12], [6, 13, 7, 14], [2, 15, 3, 16], [17, 21, 18, 20], [19, 1, 20, 24], [21, 9, 22, 8], [23, 19, 24, 18], [12, 1, 13, 2], [3, 10, 4, 11], [14, 5, 15, 6]]"
12n_0257_185,"[[14, 5, 15, 6], [7, 23, 8, 22], [9, 4, 10, 5], [16, 11, 17, 12], [6, 13, 7, 14], [2, 15, 3, 16], [17, 21, 18, 20], [19, 1, 20, 24], [21, 9, 22, 8], [23, 19, 24, 18], [12, 1, 13, 2], [3, 10, 4, 11]]"
