name,pd_notation
12n_0553_0,"[[11, 1, 12, 24], [2, 6, 3, 5], [4, 13, 5, 14], [17, 6, 18, 7], [15, 8, 16, 9], [19, 11, 20, 10], [23, 13, 24, 12], [14, 3, 15, 4], [7, 16, 8, 17], [21, 18, 22, 19], [9, 21, 10, 20], [1, 22, 2, 23]]"
12n_0553_1,"[[1, 22, 2, 23], [11, 1, 12, 24], [2, 6, 3, 5], [4, 13, 5, 14], [17, 6, 18, 7], [15, 8, 16, 9], [19, 11, 20, 10], [23, 13, 24, 12], [14, 3, 15, 4], [7, 16, 8, 17], [21, 18, 22, 19], [9, 21, 10, 20]]"
12n_0553_2,"[[9, 21, 10, 20], [1, 22, 2, 23], [11, 1, 12, 24], [2, 6, 3, 5], [4, 13, 5, 14], [17, 6, 18, 7], [15, 8, 16, 9], [19, 11, 20, 10], [23, 13, 24, 12], [14, 3, 15, 4], [7, 16, 8, 17], [21, 18, 22, 19]]"
12n_0553_3,"[[21, 18, 22, 19], [9, 21, 10, 20], [1, 22, 2, 23], [11, 1, 12, 24], [2, 6, 3, 5], [4, 13, 5, 14], [17, 6, 18, 7], [15, 8, 16, 9], [19, 11, 20, 10], [23, 13, 24, 12], [14, 3, 15, 4], [7, 16, 8, 17]]"
12n_0553_4,"[[7, 16, 8, 17], [21, 18, 22, 19], [9, 21, 10, 20], [1, 22, 2, 23], [11, 1, 12, 24], [2, 6, 3, 5], [4, 13, 5, 14], [17, 6, 18, 7], [15, 8, 16, 9], [19, 11, 20, 10], [23, 13, 24, 12], [14, 3, 15, 4]]"
12n_0553_5,"[[14, 3, 15, 4], [7, 16, 8, 17], [21, 18, 22, 19], [9, 21, 10, 20], [1, 22, 2, 23], [11, 1, 12, 24], [2, 6, 3, 5], [4, 13, 5, 14], [17, 6, 18, 7], [15, 8, 16, 9], [19, 11, 20, 10], [23, 13, 24, 12]]"
12n_0553_6,"[[23, 13, 24, 12], [14, 3, 15, 4], [7, 16, 8, 17], [21, 18, 22, 19], [9, 21, 10, 20], [1, 22, 2, 23], [11, 1, 12, 24], [2, 6, 3, 5], [4, 13, 5, 14], [17, 6, 18, 7], [15, 8, 16, 9], [19, 11, 20, 10]]"
12n_0553_7,"[[19, 11, 20, 10], [23, 13, 24, 12], [14, 3, 15, 4], [7, 16, 8, 17], [21, 18, 22, 19], [9, 21, 10, 20], [1, 22, 2, 23], [11, 1, 12, 24], [2, 6, 3, 5], [4, 13, 5, 14], [17, 6, 18, 7], [15, 8, 16, 9]]"
12n_0553_8,"[[15, 8, 16, 9], [19, 11, 20, 10], [23, 13, 24, 12], [14, 3, 15, 4], [7, 16, 8, 17], [21, 18, 22, 19], [9, 21, 10, 20], [1, 22, 2, 23], [11, 1, 12, 24], [2, 6, 3, 5], [4, 13, 5, 14], [17, 6, 18, 7]]"
12n_0553_9,"[[17, 6, 18, 7], [15, 8, 16, 9], [19, 11, 20, 10], [23, 13, 24, 12], [14, 3, 15, 4], [7, 16, 8, 17], [21, 18, 22, 19], [9, 21, 10, 20], [1, 22, 2, 23], [11, 1, 12, 24], [2, 6, 3, 5], [4, 13, 5, 14]]"
12n_0553_10,"[[4, 13, 5, 14], [17, 6, 18, 7], [15, 8, 16, 9], [19, 11, 20, 10], [23, 13, 24, 12], [14, 3, 15, 4], [7, 16, 8, 17], [21, 18, 22, 19], [9, 21, 10, 20], [1, 22, 2, 23], [11, 1, 12, 24], [2, 6, 3, 5]]"
12n_0553_11,"[[2, 6, 3, 5], [4, 13, 5, 14], [17, 6, 18, 7], [15, 8, 16, 9], [19, 11, 20, 10], [23, 13, 24, 12], [14, 3, 15, 4], [7, 16, 8, 17], [21, 18, 22, 19], [9, 21, 10, 20], [1, 22, 2, 23], [11, 1, 12, 24]]"
12n_0553_12,"[[12, 2, 13, 1], [3, 7, 4, 6], [5, 14, 6, 15], [18, 7, 19, 8], [16, 9, 17, 10], [20, 12, 21, 11], [24, 14, 1, 13], [15, 4, 16, 5], [8, 17, 9, 18], [22, 19, 23, 20], [10, 22, 11, 21], [2, 23, 3, 24]]"
12n_0553_13,"[[2, 23, 3, 24], [12, 2, 13, 1], [3, 7, 4, 6], [5, 14, 6, 15], [18, 7, 19, 8], [16, 9, 17, 10], [20, 12, 21, 11], [24, 14, 1, 13], [15, 4, 16, 5], [8, 17, 9, 18], [22, 19, 23, 20], [10, 22, 11, 21]]"
12n_0553_14,"[[10, 22, 11, 21], [2, 23, 3, 24], [12, 2, 13, 1], [3, 7, 4, 6], [5, 14, 6, 15], [18, 7, 19, 8], [16, 9, 17, 10], [20, 12, 21, 11], [24, 14, 1, 13], [15, 4, 16, 5], [8, 17, 9, 18], [22, 19, 23, 20]]"
12n_0553_15,"[[22, 19, 23, 20], [10, 22, 11, 21], [2, 23, 3, 24], [12, 2, 13, 1], [3, 7, 4, 6], [5, 14, 6, 15], [18, 7, 19, 8], [16, 9, 17, 10], [20, 12, 21, 11], [24, 14, 1, 13], [15, 4, 16, 5], [8, 17, 9, 18]]"
12n_0553_16,"[[8, 17, 9, 18], [22, 19, 23, 20], [10, 22, 11, 21], [2, 23, 3, 24], [12, 2, 13, 1], [3, 7, 4, 6], [5, 14, 6, 15], [18, 7, 19, 8], [16, 9, 17, 10], [20, 12, 21, 11], [24, 14, 1, 13], [15, 4, 16, 5]]"
12n_0553_17,"[[15, 4, 16, 5], [8, 17, 9, 18], [22, 19, 23, 20], [10, 22, 11, 21], [2, 23, 3, 24], [12, 2, 13, 1], [3, 7, 4, 6], [5, 14, 6, 15], [18, 7, 19, 8], [16, 9, 17, 10], [20, 12, 21, 11], [24, 14, 1, 13]]"
12n_0553_18,"[[24, 14, 1, 13], [15, 4, 16, 5], [8, 17, 9, 18], [22, 19, 23, 20], [10, 22, 11, 21], [2, 23, 3, 24], [12, 2, 13, 1], [3, 7, 4, 6], [5, 14, 6, 15], [18, 7, 19, 8], [16, 9, 17, 10], [20, 12, 21, 11]]"
12n_0553_19,"[[20, 12, 21, 11], [24, 14, 1, 13], [15, 4, 16, 5], [8, 17, 9, 18], [22, 19, 23, 20], [10, 22, 11, 21], [2, 23, 3, 24], [12, 2, 13, 1], [3, 7, 4, 6], [5, 14, 6, 15], [18, 7, 19, 8], [16, 9, 17, 10]]"
12n_0553_20,"[[16, 9, 17, 10], [20, 12, 21, 11], [24, 14, 1, 13], [15, 4, 16, 5], [8, 17, 9, 18], [22, 19, 23, 20], [10, 22, 11, 21], [2, 23, 3, 24], [12, 2, 13, 1], [3, 7, 4, 6], [5, 14, 6, 15], [18, 7, 19, 8]]"
12n_0553_21,"[[18, 7, 19, 8], [16, 9, 17, 10], [20, 12, 21, 11], [24, 14, 1, 13], [15, 4, 16, 5], [8, 17, 9, 18], [22, 19, 23, 20], [10, 22, 11, 21], [2, 23, 3, 24], [12, 2, 13, 1], [3, 7, 4, 6], [5, 14, 6, 15]]"
12n_0553_22,"[[5, 14, 6, 15], [18, 7, 19, 8], [16, 9, 17, 10], [20, 12, 21, 11], [24, 14, 1, 13], [15, 4, 16, 5], [8, 17, 9, 18], [22, 19, 23, 20], [10, 22, 11, 21], [2, 23, 3, 24], [12, 2, 13, 1], [3, 7, 4, 6]]"
12n_0553_23,"[[3, 7, 4, 6], [5, 14, 6, 15], [18, 7, 19, 8], [16, 9, 17, 10], [20, 12, 21, 11], [24, 14, 1, 13], [15, 4, 16, 5], [8, 17, 9, 18], [22, 19, 23, 20], [10, 22, 11, 21], [2, 23, 3, 24], [12, 2, 13, 1]]"
12n_0553_24,"[[13, 3, 14, 2], [4, 8, 5, 7], [6, 15, 7, 16], [19, 8, 20, 9], [17, 10, 18, 11], [21, 13, 22, 12], [1, 15, 2, 14], [16, 5, 17, 6], [9, 18, 10, 19], [23, 20, 24, 21], [11, 23, 12, 22], [3, 24, 4, 1]]"
12n_0553_25,"[[3, 24, 4, 1], [13, 3, 14, 2], [4, 8, 5, 7], [6, 15, 7, 16], [19, 8, 20, 9], [17, 10, 18, 11], [21, 13, 22, 12], [1, 15, 2, 14], [16, 5, 17, 6], [9, 18, 10, 19], [23, 20, 24, 21], [11, 23, 12, 22]]"
12n_0553_26,"[[11, 23, 12, 22], [3, 24, 4, 1], [13, 3, 14, 2], [4, 8, 5, 7], [6, 15, 7, 16], [19, 8, 20, 9], [17, 10, 18, 11], [21, 13, 22, 12], [1, 15, 2, 14], [16, 5, 17, 6], [9, 18, 10, 19], [23, 20, 24, 21]]"
12n_0553_27,"[[23, 20, 24, 21], [11, 23, 12, 22], [3, 24, 4, 1], [13, 3, 14, 2], [4, 8, 5, 7], [6, 15, 7, 16], [19, 8, 20, 9], [17, 10, 18, 11], [21, 13, 22, 12], [1, 15, 2, 14], [16, 5, 17, 6], [9, 18, 10, 19]]"
12n_0553_28,"[[9, 18, 10, 19], [23, 20, 24, 21], [11, 23, 12, 22], [3, 24, 4, 1], [13, 3, 14, 2], [4, 8, 5, 7], [6, 15, 7, 16], [19, 8, 20, 9], [17, 10, 18, 11], [21, 13, 22, 12], [1, 15, 2, 14], [16, 5, 17, 6]]"
12n_0553_29,"[[16, 5, 17, 6], [9, 18, 10, 19], [23, 20, 24, 21], [11, 23, 12, 22], [3, 24, 4, 1], [13, 3, 14, 2], [4, 8, 5, 7], [6, 15, 7, 16], [19, 8, 20, 9], [17, 10, 18, 11], [21, 13, 22, 12], [1, 15, 2, 14]]"
12n_0553_30,"[[1, 15, 2, 14], [16, 5, 17, 6], [9, 18, 10, 19], [23, 20, 24, 21], [11, 23, 12, 22], [3, 24, 4, 1], [13, 3, 14, 2], [4, 8, 5, 7], [6, 15, 7, 16], [19, 8, 20, 9], [17, 10, 18, 11], [21, 13, 22, 12]]"
12n_0553_31,"[[21, 13, 22, 12], [1, 15, 2, 14], [16, 5, 17, 6], [9, 18, 10, 19], [23, 20, 24, 21], [11, 23, 12, 22], [3, 24, 4, 1], [13, 3, 14, 2], [4, 8, 5, 7], [6, 15, 7, 16], [19, 8, 20, 9], [17, 10, 18, 11]]"
12n_0553_32,"[[17, 10, 18, 11], [21, 13, 22, 12], [1, 15, 2, 14], [16, 5, 17, 6], [9, 18, 10, 19], [23, 20, 24, 21], [11, 23, 12, 22], [3, 24, 4, 1], [13, 3, 14, 2], [4, 8, 5, 7], [6, 15, 7, 16], [19, 8, 20, 9]]"
12n_0553_33,"[[19, 8, 20, 9], [17, 10, 18, 11], [21, 13, 22, 12], [1, 15, 2, 14], [16, 5, 17, 6], [9, 18, 10, 19], [23, 20, 24, 21], [11, 23, 12, 22], [3, 24, 4, 1], [13, 3, 14, 2], [4, 8, 5, 7], [6, 15, 7, 16]]"
12n_0553_34,"[[6, 15, 7, 16], [19, 8, 20, 9], [17, 10, 18, 11], [21, 13, 22, 12], [1, 15, 2, 14], [16, 5, 17, 6], [9, 18, 10, 19], [23, 20, 24, 21], [11, 23, 12, 22], [3, 24, 4, 1], [13, 3, 14, 2], [4, 8, 5, 7]]"
12n_0553_35,"[[4, 8, 5, 7], [6, 15, 7, 16], [19, 8, 20, 9], [17, 10, 18, 11], [21, 13, 22, 12], [1, 15, 2, 14], [16, 5, 17, 6], [9, 18, 10, 19], [23, 20, 24, 21], [11, 23, 12, 22], [3, 24, 4, 1], [13, 3, 14, 2]]"
12n_0553_36,"[[14, 4, 15, 3], [5, 9, 6, 8], [7, 16, 8, 17], [20, 9, 21, 10], [18, 11, 19, 12], [22, 14, 23, 13], [2, 16, 3, 15], [17, 6, 18, 7], [10, 19, 11, 20], [24, 21, 1, 22], [12, 24, 13, 23], [4, 1, 5, 2]]"
12n_0553_37,"[[4, 1, 5, 2], [14, 4, 15, 3], [5, 9, 6, 8], [7, 16, 8, 17], [20, 9, 21, 10], [18, 11, 19, 12], [22, 14, 23, 13], [2, 16, 3, 15], [17, 6, 18, 7], [10, 19, 11, 20], [24, 21, 1, 22], [12, 24, 13, 23]]"
12n_0553_38,"[[12, 24, 13, 23], [4, 1, 5, 2], [14, 4, 15, 3], [5, 9, 6, 8], [7, 16, 8, 17], [20, 9, 21, 10], [18, 11, 19, 12], [22, 14, 23, 13], [2, 16, 3, 15], [17, 6, 18, 7], [10, 19, 11, 20], [24, 21, 1, 22]]"
12n_0553_39,"[[24, 21, 1, 22], [12, 24, 13, 23], [4, 1, 5, 2], [14, 4, 15, 3], [5, 9, 6, 8], [7, 16, 8, 17], [20, 9, 21, 10], [18, 11, 19, 12], [22, 14, 23, 13], [2, 16, 3, 15], [17, 6, 18, 7], [10, 19, 11, 20]]"
12n_0553_40,"[[10, 19, 11, 20], [24, 21, 1, 22], [12, 24, 13, 23], [4, 1, 5, 2], [14, 4, 15, 3], [5, 9, 6, 8], [7, 16, 8, 17], [20, 9, 21, 10], [18, 11, 19, 12], [22, 14, 23, 13], [2, 16, 3, 15], [17, 6, 18, 7]]"
12n_0553_41,"[[17, 6, 18, 7], [10, 19, 11, 20], [24, 21, 1, 22], [12, 24, 13, 23], [4, 1, 5, 2], [14, 4, 15, 3], [5, 9, 6, 8], [7, 16, 8, 17], [20, 9, 21, 10], [18, 11, 19, 12], [22, 14, 23, 13], [2, 16, 3, 15]]"
12n_0553_42,"[[2, 16, 3, 15], [17, 6, 18, 7], [10, 19, 11, 20], [24, 21, 1, 22], [12, 24, 13, 23], [4, 1, 5, 2], [14, 4, 15, 3], [5, 9, 6, 8], [7, 16, 8, 17], [20, 9, 21, 10], [18, 11, 19, 12], [22, 14, 23, 13]]"
12n_0553_43,"[[22, 14, 23, 13], [2, 16, 3, 15], [17, 6, 18, 7], [10, 19, 11, 20], [24, 21, 1, 22], [12, 24, 13, 23], [4, 1, 5, 2], [14, 4, 15, 3], [5, 9, 6, 8], [7, 16, 8, 17], [20, 9, 21, 10], [18, 11, 19, 12]]"
12n_0553_44,"[[18, 11, 19, 12], [22, 14, 23, 13], [2, 16, 3, 15], [17, 6, 18, 7], [10, 19, 11, 20], [24, 21, 1, 22], [12, 24, 13, 23], [4, 1, 5, 2], [14, 4, 15, 3], [5, 9, 6, 8], [7, 16, 8, 17], [20, 9, 21, 10]]"
12n_0553_45,"[[20, 9, 21, 10], [18, 11, 19, 12], [22, 14, 23, 13], [2, 16, 3, 15], [17, 6, 18, 7], [10, 19, 11, 20], [24, 21, 1, 22], [12, 24, 13, 23], [4, 1, 5, 2], [14, 4, 15, 3], [5, 9, 6, 8], [7, 16, 8, 17]]"
12n_0553_46,"[[7, 16, 8, 17], [20, 9, 21, 10], [18, 11, 19, 12], [22, 14, 23, 13], [2, 16, 3, 15], [17, 6, 18, 7], [10, 19, 11, 20], [24, 21, 1, 22], [12, 24, 13, 23], [4, 1, 5, 2], [14, 4, 15, 3], [5, 9, 6, 8]]"
12n_0553_47,"[[5, 9, 6, 8], [7, 16, 8, 17], [20, 9, 21, 10], [18, 11, 19, 12], [22, 14, 23, 13], [2, 16, 3, 15], [17, 6, 18, 7], [10, 19, 11, 20], [24, 21, 1, 22], [12, 24, 13, 23], [4, 1, 5, 2], [14, 4, 15, 3]]"
12n_0553_48,"[[15, 5, 16, 4], [6, 10, 7, 9], [8, 17, 9, 18], [21, 10, 22, 11], [19, 12, 20, 13], [23, 15, 24, 14], [3, 17, 4, 16], [18, 7, 19, 8], [11, 20, 12, 21], [1, 22, 2, 23], [13, 1, 14, 24], [5, 2, 6, 3]]"
12n_0553_49,"[[5, 2, 6, 3], [15, 5, 16, 4], [6, 10, 7, 9], [8, 17, 9, 18], [21, 10, 22, 11], [19, 12, 20, 13], [23, 15, 24, 14], [3, 17, 4, 16], [18, 7, 19, 8], [11, 20, 12, 21], [1, 22, 2, 23], [13, 1, 14, 24]]"
12n_0553_50,"[[13, 1, 14, 24], [5, 2, 6, 3], [15, 5, 16, 4], [6, 10, 7, 9], [8, 17, 9, 18], [21, 10, 22, 11], [19, 12, 20, 13], [23, 15, 24, 14], [3, 17, 4, 16], [18, 7, 19, 8], [11, 20, 12, 21], [1, 22, 2, 23]]"
12n_0553_51,"[[1, 22, 2, 23], [13, 1, 14, 24], [5, 2, 6, 3], [15, 5, 16, 4], [6, 10, 7, 9], [8, 17, 9, 18], [21, 10, 22, 11], [19, 12, 20, 13], [23, 15, 24, 14], [3, 17, 4, 16], [18, 7, 19, 8], [11, 20, 12, 21]]"
12n_0553_52,"[[11, 20, 12, 21], [1, 22, 2, 23], [13, 1, 14, 24], [5, 2, 6, 3], [15, 5, 16, 4], [6, 10, 7, 9], [8, 17, 9, 18], [21, 10, 22, 11], [19, 12, 20, 13], [23, 15, 24, 14], [3, 17, 4, 16], [18, 7, 19, 8]]"
12n_0553_53,"[[18, 7, 19, 8], [11, 20, 12, 21], [1, 22, 2, 23], [13, 1, 14, 24], [5, 2, 6, 3], [15, 5, 16, 4], [6, 10, 7, 9], [8, 17, 9, 18], [21, 10, 22, 11], [19, 12, 20, 13], [23, 15, 24, 14], [3, 17, 4, 16]]"
12n_0553_54,"[[3, 17, 4, 16], [18, 7, 19, 8], [11, 20, 12, 21], [1, 22, 2, 23], [13, 1, 14, 24], [5, 2, 6, 3], [15, 5, 16, 4], [6, 10, 7, 9], [8, 17, 9, 18], [21, 10, 22, 11], [19, 12, 20, 13], [23, 15, 24, 14]]"
12n_0553_55,"[[23, 15, 24, 14], [3, 17, 4, 16], [18, 7, 19, 8], [11, 20, 12, 21], [1, 22, 2, 23], [13, 1, 14, 24], [5, 2, 6, 3], [15, 5, 16, 4], [6, 10, 7, 9], [8, 17, 9, 18], [21, 10, 22, 11], [19, 12, 20, 13]]"
12n_0553_56,"[[19, 12, 20, 13], [23, 15, 24, 14], [3, 17, 4, 16], [18, 7, 19, 8], [11, 20, 12, 21], [1, 22, 2, 23], [13, 1, 14, 24], [5, 2, 6, 3], [15, 5, 16, 4], [6, 10, 7, 9], [8, 17, 9, 18], [21, 10, 22, 11]]"
12n_0553_57,"[[21, 10, 22, 11], [19, 12, 20, 13], [23, 15, 24, 14], [3, 17, 4, 16], [18, 7, 19, 8], [11, 20, 12, 21], [1, 22, 2, 23], [13, 1, 14, 24], [5, 2, 6, 3], [15, 5, 16, 4], [6, 10, 7, 9], [8, 17, 9, 18]]"
12n_0553_58,"[[8, 17, 9, 18], [21, 10, 22, 11], [19, 12, 20, 13], [23, 15, 24, 14], [3, 17, 4, 16], [18, 7, 19, 8], [11, 20, 12, 21], [1, 22, 2, 23], [13, 1, 14, 24], [5, 2, 6, 3], [15, 5, 16, 4], [6, 10, 7, 9]]"
12n_0553_59,"[[6, 10, 7, 9], [8, 17, 9, 18], [21, 10, 22, 11], [19, 12, 20, 13], [23, 15, 24, 14], [3, 17, 4, 16], [18, 7, 19, 8], [11, 20, 12, 21], [1, 22, 2, 23], [13, 1, 14, 24], [5, 2, 6, 3], [15, 5, 16, 4]]"
12n_0553_60,"[[16, 6, 17, 5], [7, 11, 8, 10], [9, 18, 10, 19], [22, 11, 23, 12], [20, 13, 21, 14], [24, 16, 1, 15], [4, 18, 5, 17], [19, 8, 20, 9], [12, 21, 13, 22], [2, 23, 3, 24], [14, 2, 15, 1], [6, 3, 7, 4]]"
12n_0553_61,"[[6, 3, 7, 4], [16, 6, 17, 5], [7, 11, 8, 10], [9, 18, 10, 19], [22, 11, 23, 12], [20, 13, 21, 14], [24, 16, 1, 15], [4, 18, 5, 17], [19, 8, 20, 9], [12, 21, 13, 22], [2, 23, 3, 24], [14, 2, 15, 1]]"
12n_0553_62,"[[14, 2, 15, 1], [6, 3, 7, 4], [16, 6, 17, 5], [7, 11, 8, 10], [9, 18, 10, 19], [22, 11, 23, 12], [20, 13, 21, 14], [24, 16, 1, 15], [4, 18, 5, 17], [19, 8, 20, 9], [12, 21, 13, 22], [2, 23, 3, 24]]"
12n_0553_63,"[[2, 23, 3, 24], [14, 2, 15, 1], [6, 3, 7, 4], [16, 6, 17, 5], [7, 11, 8, 10], [9, 18, 10, 19], [22, 11, 23, 12], [20, 13, 21, 14], [24, 16, 1, 15], [4, 18, 5, 17], [19, 8, 20, 9], [12, 21, 13, 22]]"
12n_0553_64,"[[12, 21, 13, 22], [2, 23, 3, 24], [14, 2, 15, 1], [6, 3, 7, 4], [16, 6, 17, 5], [7, 11, 8, 10], [9, 18, 10, 19], [22, 11, 23, 12], [20, 13, 21, 14], [24, 16, 1, 15], [4, 18, 5, 17], [19, 8, 20, 9]]"
12n_0553_65,"[[19, 8, 20, 9], [12, 21, 13, 22], [2, 23, 3, 24], [14, 2, 15, 1], [6, 3, 7, 4], [16, 6, 17, 5], [7, 11, 8, 10], [9, 18, 10, 19], [22, 11, 23, 12], [20, 13, 21, 14], [24, 16, 1, 15], [4, 18, 5, 17]]"
12n_0553_66,"[[4, 18, 5, 17], [19, 8, 20, 9], [12, 21, 13, 22], [2, 23, 3, 24], [14, 2, 15, 1], [6, 3, 7, 4], [16, 6, 17, 5], [7, 11, 8, 10], [9, 18, 10, 19], [22, 11, 23, 12], [20, 13, 21, 14], [24, 16, 1, 15]]"
12n_0553_67,"[[24, 16, 1, 15], [4, 18, 5, 17], [19, 8, 20, 9], [12, 21, 13, 22], [2, 23, 3, 24], [14, 2, 15, 1], [6, 3, 7, 4], [16, 6, 17, 5], [7, 11, 8, 10], [9, 18, 10, 19], [22, 11, 23, 12], [20, 13, 21, 14]]"
12n_0553_68,"[[20, 13, 21, 14], [24, 16, 1, 15], [4, 18, 5, 17], [19, 8, 20, 9], [12, 21, 13, 22], [2, 23, 3, 24], [14, 2, 15, 1], [6, 3, 7, 4], [16, 6, 17, 5], [7, 11, 8, 10], [9, 18, 10, 19], [22, 11, 23, 12]]"
12n_0553_69,"[[22, 11, 23, 12], [20, 13, 21, 14], [24, 16, 1, 15], [4, 18, 5, 17], [19, 8, 20, 9], [12, 21, 13, 22], [2, 23, 3, 24], [14, 2, 15, 1], [6, 3, 7, 4], [16, 6, 17, 5], [7, 11, 8, 10], [9, 18, 10, 19]]"
12n_0553_70,"[[9, 18, 10, 19], [22, 11, 23, 12], [20, 13, 21, 14], [24, 16, 1, 15], [4, 18, 5, 17], [19, 8, 20, 9], [12, 21, 13, 22], [2, 23, 3, 24], [14, 2, 15, 1], [6, 3, 7, 4], [16, 6, 17, 5], [7, 11, 8, 10]]"
12n_0553_71,"[[7, 11, 8, 10], [9, 18, 10, 19], [22, 11, 23, 12], [20, 13, 21, 14], [24, 16, 1, 15], [4, 18, 5, 17], [19, 8, 20, 9], [12, 21, 13, 22], [2, 23, 3, 24], [14, 2, 15, 1], [6, 3, 7, 4], [16, 6, 17, 5]]"
12n_0553_72,"[[17, 7, 18, 6], [8, 12, 9, 11], [10, 19, 11, 20], [23, 12, 24, 13], [21, 14, 22, 15], [1, 17, 2, 16], [5, 19, 6, 18], [20, 9, 21, 10], [13, 22, 14, 23], [3, 24, 4, 1], [15, 3, 16, 2], [7, 4, 8, 5]]"
12n_0553_73,"[[7, 4, 8, 5], [17, 7, 18, 6], [8, 12, 9, 11], [10, 19, 11, 20], [23, 12, 24, 13], [21, 14, 22, 15], [1, 17, 2, 16], [5, 19, 6, 18], [20, 9, 21, 10], [13, 22, 14, 23], [3, 24, 4, 1], [15, 3, 16, 2]]"
12n_0553_74,"[[15, 3, 16, 2], [7, 4, 8, 5], [17, 7, 18, 6], [8, 12, 9, 11], [10, 19, 11, 20], [23, 12, 24, 13], [21, 14, 22, 15], [1, 17, 2, 16], [5, 19, 6, 18], [20, 9, 21, 10], [13, 22, 14, 23], [3, 24, 4, 1]]"
12n_0553_75,"[[3, 24, 4, 1], [15, 3, 16, 2], [7, 4, 8, 5], [17, 7, 18, 6], [8, 12, 9, 11], [10, 19, 11, 20], [23, 12, 24, 13], [21, 14, 22, 15], [1, 17, 2, 16], [5, 19, 6, 18], [20, 9, 21, 10], [13, 22, 14, 23]]"
12n_0553_76,"[[13, 22, 14, 23], [3, 24, 4, 1], [15, 3, 16, 2], [7, 4, 8, 5], [17, 7, 18, 6], [8, 12, 9, 11], [10, 19, 11, 20], [23, 12, 24, 13], [21, 14, 22, 15], [1, 17, 2, 16], [5, 19, 6, 18], [20, 9, 21, 10]]"
12n_0553_77,"[[20, 9, 21, 10], [13, 22, 14, 23], [3, 24, 4, 1], [15, 3, 16, 2], [7, 4, 8, 5], [17, 7, 18, 6], [8, 12, 9, 11], [10, 19, 11, 20], [23, 12, 24, 13], [21, 14, 22, 15], [1, 17, 2, 16], [5, 19, 6, 18]]"
12n_0553_78,"[[5, 19, 6, 18], [20, 9, 21, 10], [13, 22, 14, 23], [3, 24, 4, 1], [15, 3, 16, 2], [7, 4, 8, 5], [17, 7, 18, 6], [8, 12, 9, 11], [10, 19, 11, 20], [23, 12, 24, 13], [21, 14, 22, 15], [1, 17, 2, 16]]"
12n_0553_79,"[[1, 17, 2, 16], [5, 19, 6, 18], [20, 9, 21, 10], [13, 22, 14, 23], [3, 24, 4, 1], [15, 3, 16, 2], [7, 4, 8, 5], [17, 7, 18, 6], [8, 12, 9, 11], [10, 19, 11, 20], [23, 12, 24, 13], [21, 14, 22, 15]]"
12n_0553_80,"[[21, 14, 22, 15], [1, 17, 2, 16], [5, 19, 6, 18], [20, 9, 21, 10], [13, 22, 14, 23], [3, 24, 4, 1], [15, 3, 16, 2], [7, 4, 8, 5], [17, 7, 18, 6], [8, 12, 9, 11], [10, 19, 11, 20], [23, 12, 24, 13]]"
12n_0553_81,"[[23, 12, 24, 13], [21, 14, 22, 15], [1, 17, 2, 16], [5, 19, 6, 18], [20, 9, 21, 10], [13, 22, 14, 23], [3, 24, 4, 1], [15, 3, 16, 2], [7, 4, 8, 5], [17, 7, 18, 6], [8, 12, 9, 11], [10, 19, 11, 20]]"
12n_0553_82,"[[10, 19, 11, 20], [23, 12, 24, 13], [21, 14, 22, 15], [1, 17, 2, 16], [5, 19, 6, 18], [20, 9, 21, 10], [13, 22, 14, 23], [3, 24, 4, 1], [15, 3, 16, 2], [7, 4, 8, 5], [17, 7, 18, 6], [8, 12, 9, 11]]"
12n_0553_83,"[[8, 12, 9, 11], [10, 19, 11, 20], [23, 12, 24, 13], [21, 14, 22, 15], [1, 17, 2, 16], [5, 19, 6, 18], [20, 9, 21, 10], [13, 22, 14, 23], [3, 24, 4, 1], [15, 3, 16, 2], [7, 4, 8, 5], [17, 7, 18, 6]]"
12n_0553_84,"[[18, 8, 19, 7], [9, 13, 10, 12], [11, 20, 12, 21], [24, 13, 1, 14], [22, 15, 23, 16], [2, 18, 3, 17], [6, 20, 7, 19], [21, 10, 22, 11], [14, 23, 15, 24], [4, 1, 5, 2], [16, 4, 17, 3], [8, 5, 9, 6]]"
12n_0553_85,"[[8, 5, 9, 6], [18, 8, 19, 7], [9, 13, 10, 12], [11, 20, 12, 21], [24, 13, 1, 14], [22, 15, 23, 16], [2, 18, 3, 17], [6, 20, 7, 19], [21, 10, 22, 11], [14, 23, 15, 24], [4, 1, 5, 2], [16, 4, 17, 3]]"
12n_0553_86,"[[16, 4, 17, 3], [8, 5, 9, 6], [18, 8, 19, 7], [9, 13, 10, 12], [11, 20, 12, 21], [24, 13, 1, 14], [22, 15, 23, 16], [2, 18, 3, 17], [6, 20, 7, 19], [21, 10, 22, 11], [14, 23, 15, 24], [4, 1, 5, 2]]"
12n_0553_87,"[[4, 1, 5, 2], [16, 4, 17, 3], [8, 5, 9, 6], [18, 8, 19, 7], [9, 13, 10, 12], [11, 20, 12, 21], [24, 13, 1, 14], [22, 15, 23, 16], [2, 18, 3, 17], [6, 20, 7, 19], [21, 10, 22, 11], [14, 23, 15, 24]]"
12n_0553_88,"[[14, 23, 15, 24], [4, 1, 5, 2], [16, 4, 17, 3], [8, 5, 9, 6], [18, 8, 19, 7], [9, 13, 10, 12], [11, 20, 12, 21], [24, 13, 1, 14], [22, 15, 23, 16], [2, 18, 3, 17], [6, 20, 7, 19], [21, 10, 22, 11]]"
12n_0553_89,"[[21, 10, 22, 11], [14, 23, 15, 24], [4, 1, 5, 2], [16, 4, 17, 3], [8, 5, 9, 6], [18, 8, 19, 7], [9, 13, 10, 12], [11, 20, 12, 21], [24, 13, 1, 14], [22, 15, 23, 16], [2, 18, 3, 17], [6, 20, 7, 19]]"
12n_0553_90,"[[6, 20, 7, 19], [21, 10, 22, 11], [14, 23, 15, 24], [4, 1, 5, 2], [16, 4, 17, 3], [8, 5, 9, 6], [18, 8, 19, 7], [9, 13, 10, 12], [11, 20, 12, 21], [24, 13, 1, 14], [22, 15, 23, 16], [2, 18, 3, 17]]"
12n_0553_91,"[[2, 18, 3, 17], [6, 20, 7, 19], [21, 10, 22, 11], [14, 23, 15, 24], [4, 1, 5, 2], [16, 4, 17, 3], [8, 5, 9, 6], [18, 8, 19, 7], [9, 13, 10, 12], [11, 20, 12, 21], [24, 13, 1, 14], [22, 15, 23, 16]]"
12n_0553_92,"[[22, 15, 23, 16], [2, 18, 3, 17], [6, 20, 7, 19], [21, 10, 22, 11], [14, 23, 15, 24], [4, 1, 5, 2], [16, 4, 17, 3], [8, 5, 9, 6], [18, 8, 19, 7], [9, 13, 10, 12], [11, 20, 12, 21], [24, 13, 1, 14]]"
12n_0553_93,"[[24, 13, 1, 14], [22, 15, 23, 16], [2, 18, 3, 17], [6, 20, 7, 19], [21, 10, 22, 11], [14, 23, 15, 24], [4, 1, 5, 2], [16, 4, 17, 3], [8, 5, 9, 6], [18, 8, 19, 7], [9, 13, 10, 12], [11, 20, 12, 21]]"
12n_0553_94,"[[11, 20, 12, 21], [24, 13, 1, 14], [22, 15, 23, 16], [2, 18, 3, 17], [6, 20, 7, 19], [21, 10, 22, 11], [14, 23, 15, 24], [4, 1, 5, 2], [16, 4, 17, 3], [8, 5, 9, 6], [18, 8, 19, 7], [9, 13, 10, 12]]"
12n_0553_95,"[[9, 13, 10, 12], [11, 20, 12, 21], [24, 13, 1, 14], [22, 15, 23, 16], [2, 18, 3, 17], [6, 20, 7, 19], [21, 10, 22, 11], [14, 23, 15, 24], [4, 1, 5, 2], [16, 4, 17, 3], [8, 5, 9, 6], [18, 8, 19, 7]]"
12n_0553_96,"[[19, 9, 20, 8], [10, 14, 11, 13], [12, 21, 13, 22], [1, 14, 2, 15], [23, 16, 24, 17], [3, 19, 4, 18], [7, 21, 8, 20], [22, 11, 23, 12], [15, 24, 16, 1], [5, 2, 6, 3], [17, 5, 18, 4], [9, 6, 10, 7]]"
12n_0553_97,"[[9, 6, 10, 7], [19, 9, 20, 8], [10, 14, 11, 13], [12, 21, 13, 22], [1, 14, 2, 15], [23, 16, 24, 17], [3, 19, 4, 18], [7, 21, 8, 20], [22, 11, 23, 12], [15, 24, 16, 1], [5, 2, 6, 3], [17, 5, 18, 4]]"
12n_0553_98,"[[17, 5, 18, 4], [9, 6, 10, 7], [19, 9, 20, 8], [10, 14, 11, 13], [12, 21, 13, 22], [1, 14, 2, 15], [23, 16, 24, 17], [3, 19, 4, 18], [7, 21, 8, 20], [22, 11, 23, 12], [15, 24, 16, 1], [5, 2, 6, 3]]"
12n_0553_99,"[[5, 2, 6, 3], [17, 5, 18, 4], [9, 6, 10, 7], [19, 9, 20, 8], [10, 14, 11, 13], [12, 21, 13, 22], [1, 14, 2, 15], [23, 16, 24, 17], [3, 19, 4, 18], [7, 21, 8, 20], [22, 11, 23, 12], [15, 24, 16, 1]]"
12n_0553_100,"[[15, 24, 16, 1], [5, 2, 6, 3], [17, 5, 18, 4], [9, 6, 10, 7], [19, 9, 20, 8], [10, 14, 11, 13], [12, 21, 13, 22], [1, 14, 2, 15], [23, 16, 24, 17], [3, 19, 4, 18], [7, 21, 8, 20], [22, 11, 23, 12]]"
12n_0553_101,"[[22, 11, 23, 12], [15, 24, 16, 1], [5, 2, 6, 3], [17, 5, 18, 4], [9, 6, 10, 7], [19, 9, 20, 8], [10, 14, 11, 13], [12, 21, 13, 22], [1, 14, 2, 15], [23, 16, 24, 17], [3, 19, 4, 18], [7, 21, 8, 20]]"
12n_0553_102,"[[7, 21, 8, 20], [22, 11, 23, 12], [15, 24, 16, 1], [5, 2, 6, 3], [17, 5, 18, 4], [9, 6, 10, 7], [19, 9, 20, 8], [10, 14, 11, 13], [12, 21, 13, 22], [1, 14, 2, 15], [23, 16, 24, 17], [3, 19, 4, 18]]"
12n_0553_103,"[[3, 19, 4, 18], [7, 21, 8, 20], [22, 11, 23, 12], [15, 24, 16, 1], [5, 2, 6, 3], [17, 5, 18, 4], [9, 6, 10, 7], [19, 9, 20, 8], [10, 14, 11, 13], [12, 21, 13, 22], [1, 14, 2, 15], [23, 16, 24, 17]]"
12n_0553_104,"[[23, 16, 24, 17], [3, 19, 4, 18], [7, 21, 8, 20], [22, 11, 23, 12], [15, 24, 16, 1], [5, 2, 6, 3], [17, 5, 18, 4], [9, 6, 10, 7], [19, 9, 20, 8], [10, 14, 11, 13], [12, 21, 13, 22], [1, 14, 2, 15]]"
12n_0553_105,"[[1, 14, 2, 15], [23, 16, 24, 17], [3, 19, 4, 18], [7, 21, 8, 20], [22, 11, 23, 12], [15, 24, 16, 1], [5, 2, 6, 3], [17, 5, 18, 4], [9, 6, 10, 7], [19, 9, 20, 8], [10, 14, 11, 13], [12, 21, 13, 22]]"
12n_0553_106,"[[12, 21, 13, 22], [1, 14, 2, 15], [23, 16, 24, 17], [3, 19, 4, 18], [7, 21, 8, 20], [22, 11, 23, 12], [15, 24, 16, 1], [5, 2, 6, 3], [17, 5, 18, 4], [9, 6, 10, 7], [19, 9, 20, 8], [10, 14, 11, 13]]"
12n_0553_107,"[[10, 14, 11, 13], [12, 21, 13, 22], [1, 14, 2, 15], [23, 16, 24, 17], [3, 19, 4, 18], [7, 21, 8, 20], [22, 11, 23, 12], [15, 24, 16, 1], [5, 2, 6, 3], [17, 5, 18, 4], [9, 6, 10, 7], [19, 9, 20, 8]]"
12n_0553_108,"[[20, 10, 21, 9], [11, 15, 12, 14], [13, 22, 14, 23], [2, 15, 3, 16], [24, 17, 1, 18], [4, 20, 5, 19], [8, 22, 9, 21], [23, 12, 24, 13], [16, 1, 17, 2], [6, 3, 7, 4], [18, 6, 19, 5], [10, 7, 11, 8]]"
12n_0553_109,"[[10, 7, 11, 8], [20, 10, 21, 9], [11, 15, 12, 14], [13, 22, 14, 23], [2, 15, 3, 16], [24, 17, 1, 18], [4, 20, 5, 19], [8, 22, 9, 21], [23, 12, 24, 13], [16, 1, 17, 2], [6, 3, 7, 4], [18, 6, 19, 5]]"
12n_0553_110,"[[18, 6, 19, 5], [10, 7, 11, 8], [20, 10, 21, 9], [11, 15, 12, 14], [13, 22, 14, 23], [2, 15, 3, 16], [24, 17, 1, 18], [4, 20, 5, 19], [8, 22, 9, 21], [23, 12, 24, 13], [16, 1, 17, 2], [6, 3, 7, 4]]"
12n_0553_111,"[[6, 3, 7, 4], [18, 6, 19, 5], [10, 7, 11, 8], [20, 10, 21, 9], [11, 15, 12, 14], [13, 22, 14, 23], [2, 15, 3, 16], [24, 17, 1, 18], [4, 20, 5, 19], [8, 22, 9, 21], [23, 12, 24, 13], [16, 1, 17, 2]]"
12n_0553_112,"[[16, 1, 17, 2], [6, 3, 7, 4], [18, 6, 19, 5], [10, 7, 11, 8], [20, 10, 21, 9], [11, 15, 12, 14], [13, 22, 14, 23], [2, 15, 3, 16], [24, 17, 1, 18], [4, 20, 5, 19], [8, 22, 9, 21], [23, 12, 24, 13]]"
12n_0553_113,"[[23, 12, 24, 13], [16, 1, 17, 2], [6, 3, 7, 4], [18, 6, 19, 5], [10, 7, 11, 8], [20, 10, 21, 9], [11, 15, 12, 14], [13, 22, 14, 23], [2, 15, 3, 16], [24, 17, 1, 18], [4, 20, 5, 19], [8, 22, 9, 21]]"
12n_0553_114,"[[8, 22, 9, 21], [23, 12, 24, 13], [16, 1, 17, 2], [6, 3, 7, 4], [18, 6, 19, 5], [10, 7, 11, 8], [20, 10, 21, 9], [11, 15, 12, 14], [13, 22, 14, 23], [2, 15, 3, 16], [24, 17, 1, 18], [4, 20, 5, 19]]"
12n_0553_115,"[[4, 20, 5, 19], [8, 22, 9, 21], [23, 12, 24, 13], [16, 1, 17, 2], [6, 3, 7, 4], [18, 6, 19, 5], [10, 7, 11, 8], [20, 10, 21, 9], [11, 15, 12, 14], [13, 22, 14, 23], [2, 15, 3, 16], [24, 17, 1, 18]]"
12n_0553_116,"[[24, 17, 1, 18], [4, 20, 5, 19], [8, 22, 9, 21], [23, 12, 24, 13], [16, 1, 17, 2], [6, 3, 7, 4], [18, 6, 19, 5], [10, 7, 11, 8], [20, 10, 21, 9], [11, 15, 12, 14], [13, 22, 14, 23], [2, 15, 3, 16]]"
12n_0553_117,"[[2, 15, 3, 16], [24, 17, 1, 18], [4, 20, 5, 19], [8, 22, 9, 21], [23, 12, 24, 13], [16, 1, 17, 2], [6, 3, 7, 4], [18, 6, 19, 5], [10, 7, 11, 8], [20, 10, 21, 9], [11, 15, 12, 14], [13, 22, 14, 23]]"
12n_0553_118,"[[13, 22, 14, 23], [2, 15, 3, 16], [24, 17, 1, 18], [4, 20, 5, 19], [8, 22, 9, 21], [23, 12, 24, 13], [16, 1, 17, 2], [6, 3, 7, 4], [18, 6, 19, 5], [10, 7, 11, 8], [20, 10, 21, 9], [11, 15, 12, 14]]"
12n_0553_119,"[[11, 15, 12, 14], [13, 22, 14, 23], [2, 15, 3, 16], [24, 17, 1, 18], [4, 20, 5, 19], [8, 22, 9, 21], [23, 12, 24, 13], [16, 1, 17, 2], [6, 3, 7, 4], [18, 6, 19, 5], [10, 7, 11, 8], [20, 10, 21, 9]]"
12n_0553_120,"[[21, 11, 22, 10], [12, 16, 13, 15], [14, 23, 15, 24], [3, 16, 4, 17], [1, 18, 2, 19], [5, 21, 6, 20], [9, 23, 10, 22], [24, 13, 1, 14], [17, 2, 18, 3], [7, 4, 8, 5], [19, 7, 20, 6], [11, 8, 12, 9]]"
12n_0553_121,"[[11, 8, 12, 9], [21, 11, 22, 10], [12, 16, 13, 15], [14, 23, 15, 24], [3, 16, 4, 17], [1, 18, 2, 19], [5, 21, 6, 20], [9, 23, 10, 22], [24, 13, 1, 14], [17, 2, 18, 3], [7, 4, 8, 5], [19, 7, 20, 6]]"
12n_0553_122,"[[19, 7, 20, 6], [11, 8, 12, 9], [21, 11, 22, 10], [12, 16, 13, 15], [14, 23, 15, 24], [3, 16, 4, 17], [1, 18, 2, 19], [5, 21, 6, 20], [9, 23, 10, 22], [24, 13, 1, 14], [17, 2, 18, 3], [7, 4, 8, 5]]"
12n_0553_123,"[[7, 4, 8, 5], [19, 7, 20, 6], [11, 8, 12, 9], [21, 11, 22, 10], [12, 16, 13, 15], [14, 23, 15, 24], [3, 16, 4, 17], [1, 18, 2, 19], [5, 21, 6, 20], [9, 23, 10, 22], [24, 13, 1, 14], [17, 2, 18, 3]]"
12n_0553_124,"[[17, 2, 18, 3], [7, 4, 8, 5], [19, 7, 20, 6], [11, 8, 12, 9], [21, 11, 22, 10], [12, 16, 13, 15], [14, 23, 15, 24], [3, 16, 4, 17], [1, 18, 2, 19], [5, 21, 6, 20], [9, 23, 10, 22], [24, 13, 1, 14]]"
12n_0553_125,"[[24, 13, 1, 14], [17, 2, 18, 3], [7, 4, 8, 5], [19, 7, 20, 6], [11, 8, 12, 9], [21, 11, 22, 10], [12, 16, 13, 15], [14, 23, 15, 24], [3, 16, 4, 17], [1, 18, 2, 19], [5, 21, 6, 20], [9, 23, 10, 22]]"
12n_0553_126,"[[9, 23, 10, 22], [24, 13, 1, 14], [17, 2, 18, 3], [7, 4, 8, 5], [19, 7, 20, 6], [11, 8, 12, 9], [21, 11, 22, 10], [12, 16, 13, 15], [14, 23, 15, 24], [3, 16, 4, 17], [1, 18, 2, 19], [5, 21, 6, 20]]"
12n_0553_127,"[[5, 21, 6, 20], [9, 23, 10, 22], [24, 13, 1, 14], [17, 2, 18, 3], [7, 4, 8, 5], [19, 7, 20, 6], [11, 8, 12, 9], [21, 11, 22, 10], [12, 16, 13, 15], [14, 23, 15, 24], [3, 16, 4, 17], [1, 18, 2, 19]]"
12n_0553_128,"[[1, 18, 2, 19], [5, 21, 6, 20], [9, 23, 10, 22], [24, 13, 1, 14], [17, 2, 18, 3], [7, 4, 8, 5], [19, 7, 20, 6], [11, 8, 12, 9], [21, 11, 22, 10], [12, 16, 13, 15], [14, 23, 15, 24], [3, 16, 4, 17]]"
12n_0553_129,"[[3, 16, 4, 17], [1, 18, 2, 19], [5, 21, 6, 20], [9, 23, 10, 22], [24, 13, 1, 14], [17, 2, 18, 3], [7, 4, 8, 5], [19, 7, 20, 6], [11, 8, 12, 9], [21, 11, 22, 10], [12, 16, 13, 15], [14, 23, 15, 24]]"
12n_0553_130,"[[14, 23, 15, 24], [3, 16, 4, 17], [1, 18, 2, 19], [5, 21, 6, 20], [9, 23, 10, 22], [24, 13, 1, 14], [17, 2, 18, 3], [7, 4, 8, 5], [19, 7, 20, 6], [11, 8, 12, 9], [21, 11, 22, 10], [12, 16, 13, 15]]"
12n_0553_131,"[[12, 16, 13, 15], [14, 23, 15, 24], [3, 16, 4, 17], [1, 18, 2, 19], [5, 21, 6, 20], [9, 23, 10, 22], [24, 13, 1, 14], [17, 2, 18, 3], [7, 4, 8, 5], [19, 7, 20, 6], [11, 8, 12, 9], [21, 11, 22, 10]]"
12n_0553_132,"[[22, 12, 23, 11], [13, 17, 14, 16], [15, 24, 16, 1], [4, 17, 5, 18], [2, 19, 3, 20], [6, 22, 7, 21], [10, 24, 11, 23], [1, 14, 2, 15], [18, 3, 19, 4], [8, 5, 9, 6], [20, 8, 21, 7], [12, 9, 13, 10]]"
12n_0553_133,"[[12, 9, 13, 10], [22, 12, 23, 11], [13, 17, 14, 16], [15, 24, 16, 1], [4, 17, 5, 18], [2, 19, 3, 20], [6, 22, 7, 21], [10, 24, 11, 23], [1, 14, 2, 15], [18, 3, 19, 4], [8, 5, 9, 6], [20, 8, 21, 7]]"
12n_0553_134,"[[20, 8, 21, 7], [12, 9, 13, 10], [22, 12, 23, 11], [13, 17, 14, 16], [15, 24, 16, 1], [4, 17, 5, 18], [2, 19, 3, 20], [6, 22, 7, 21], [10, 24, 11, 23], [1, 14, 2, 15], [18, 3, 19, 4], [8, 5, 9, 6]]"
12n_0553_135,"[[8, 5, 9, 6], [20, 8, 21, 7], [12, 9, 13, 10], [22, 12, 23, 11], [13, 17, 14, 16], [15, 24, 16, 1], [4, 17, 5, 18], [2, 19, 3, 20], [6, 22, 7, 21], [10, 24, 11, 23], [1, 14, 2, 15], [18, 3, 19, 4]]"
12n_0553_136,"[[18, 3, 19, 4], [8, 5, 9, 6], [20, 8, 21, 7], [12, 9, 13, 10], [22, 12, 23, 11], [13, 17, 14, 16], [15, 24, 16, 1], [4, 17, 5, 18], [2, 19, 3, 20], [6, 22, 7, 21], [10, 24, 11, 23], [1, 14, 2, 15]]"
12n_0553_137,"[[1, 14, 2, 15], [18, 3, 19, 4], [8, 5, 9, 6], [20, 8, 21, 7], [12, 9, 13, 10], [22, 12, 23, 11], [13, 17, 14, 16], [15, 24, 16, 1], [4, 17, 5, 18], [2, 19, 3, 20], [6, 22, 7, 21], [10, 24, 11, 23]]"
12n_0553_138,"[[10, 24, 11, 23], [1, 14, 2, 15], [18, 3, 19, 4], [8, 5, 9, 6], [20, 8, 21, 7], [12, 9, 13, 10], [22, 12, 23, 11], [13, 17, 14, 16], [15, 24, 16, 1], [4, 17, 5, 18], [2, 19, 3, 20], [6, 22, 7, 21]]"
12n_0553_139,"[[6, 22, 7, 21], [10, 24, 11, 23], [1, 14, 2, 15], [18, 3, 19, 4], [8, 5, 9, 6], [20, 8, 21, 7], [12, 9, 13, 10], [22, 12, 23, 11], [13, 17, 14, 16], [15, 24, 16, 1], [4, 17, 5, 18], [2, 19, 3, 20]]"
12n_0553_140,"[[2, 19, 3, 20], [6, 22, 7, 21], [10, 24, 11, 23], [1, 14, 2, 15], [18, 3, 19, 4], [8, 5, 9, 6], [20, 8, 21, 7], [12, 9, 13, 10], [22, 12, 23, 11], [13, 17, 14, 16], [15, 24, 16, 1], [4, 17, 5, 18]]"
12n_0553_141,"[[4, 17, 5, 18], [2, 19, 3, 20], [6, 22, 7, 21], [10, 24, 11, 23], [1, 14, 2, 15], [18, 3, 19, 4], [8, 5, 9, 6], [20, 8, 21, 7], [12, 9, 13, 10], [22, 12, 23, 11], [13, 17, 14, 16], [15, 24, 16, 1]]"
12n_0553_142,"[[15, 24, 16, 1], [4, 17, 5, 18], [2, 19, 3, 20], [6, 22, 7, 21], [10, 24, 11, 23], [1, 14, 2, 15], [18, 3, 19, 4], [8, 5, 9, 6], [20, 8, 21, 7], [12, 9, 13, 10], [22, 12, 23, 11], [13, 17, 14, 16]]"
12n_0553_143,"[[13, 17, 14, 16], [15, 24, 16, 1], [4, 17, 5, 18], [2, 19, 3, 20], [6, 22, 7, 21], [10, 24, 11, 23], [1, 14, 2, 15], [18, 3, 19, 4], [8, 5, 9, 6], [20, 8, 21, 7], [12, 9, 13, 10], [22, 12, 23, 11]]"
12n_0553_144,"[[23, 13, 24, 12], [14, 18, 15, 17], [16, 1, 17, 2], [5, 18, 6, 19], [3, 20, 4, 21], [7, 23, 8, 22], [11, 1, 12, 24], [2, 15, 3, 16], [19, 4, 20, 5], [9, 6, 10, 7], [21, 9, 22, 8], [13, 10, 14, 11]]"
12n_0553_145,"[[13, 10, 14, 11], [23, 13, 24, 12], [14, 18, 15, 17], [16, 1, 17, 2], [5, 18, 6, 19], [3, 20, 4, 21], [7, 23, 8, 22], [11, 1, 12, 24], [2, 15, 3, 16], [19, 4, 20, 5], [9, 6, 10, 7], [21, 9, 22, 8]]"
12n_0553_146,"[[21, 9, 22, 8], [13, 10, 14, 11], [23, 13, 24, 12], [14, 18, 15, 17], [16, 1, 17, 2], [5, 18, 6, 19], [3, 20, 4, 21], [7, 23, 8, 22], [11, 1, 12, 24], [2, 15, 3, 16], [19, 4, 20, 5], [9, 6, 10, 7]]"
12n_0553_147,"[[9, 6, 10, 7], [21, 9, 22, 8], [13, 10, 14, 11], [23, 13, 24, 12], [14, 18, 15, 17], [16, 1, 17, 2], [5, 18, 6, 19], [3, 20, 4, 21], [7, 23, 8, 22], [11, 1, 12, 24], [2, 15, 3, 16], [19, 4, 20, 5]]"
12n_0553_148,"[[19, 4, 20, 5], [9, 6, 10, 7], [21, 9, 22, 8], [13, 10, 14, 11], [23, 13, 24, 12], [14, 18, 15, 17], [16, 1, 17, 2], [5, 18, 6, 19], [3, 20, 4, 21], [7, 23, 8, 22], [11, 1, 12, 24], [2, 15, 3, 16]]"
12n_0553_149,"[[2, 15, 3, 16], [19, 4, 20, 5], [9, 6, 10, 7], [21, 9, 22, 8], [13, 10, 14, 11], [23, 13, 24, 12], [14, 18, 15, 17], [16, 1, 17, 2], [5, 18, 6, 19], [3, 20, 4, 21], [7, 23, 8, 22], [11, 1, 12, 24]]"
12n_0553_150,"[[11, 1, 12, 24], [2, 15, 3, 16], [19, 4, 20, 5], [9, 6, 10, 7], [21, 9, 22, 8], [13, 10, 14, 11], [23, 13, 24, 12], [14, 18, 15, 17], [16, 1, 17, 2], [5, 18, 6, 19], [3, 20, 4, 21], [7, 23, 8, 22]]"
12n_0553_151,"[[7, 23, 8, 22], [11, 1, 12, 24], [2, 15, 3, 16], [19, 4, 20, 5], [9, 6, 10, 7], [21, 9, 22, 8], [13, 10, 14, 11], [23, 13, 24, 12], [14, 18, 15, 17], [16, 1, 17, 2], [5, 18, 6, 19], [3, 20, 4, 21]]"
12n_0553_152,"[[3, 20, 4, 21], [7, 23, 8, 22], [11, 1, 12, 24], [2, 15, 3, 16], [19, 4, 20, 5], [9, 6, 10, 7], [21, 9, 22, 8], [13, 10, 14, 11], [23, 13, 24, 12], [14, 18, 15, 17], [16, 1, 17, 2], [5, 18, 6, 19]]"
12n_0553_153,"[[5, 18, 6, 19], [3, 20, 4, 21], [7, 23, 8, 22], [11, 1, 12, 24], [2, 15, 3, 16], [19, 4, 20, 5], [9, 6, 10, 7], [21, 9, 22, 8], [13, 10, 14, 11], [23, 13, 24, 12], [14, 18, 15, 17], [16, 1, 17, 2]]"
12n_0553_154,"[[16, 1, 17, 2], [5, 18, 6, 19], [3, 20, 4, 21], [7, 23, 8, 22], [11, 1, 12, 24], [2, 15, 3, 16], [19, 4, 20, 5], [9, 6, 10, 7], [21, 9, 22, 8], [13, 10, 14, 11], [23, 13, 24, 12], [14, 18, 15, 17]]"
12n_0553_155,"[[14, 18, 15, 17], [16, 1, 17, 2], [5, 18, 6, 19], [3, 20, 4, 21], [7, 23, 8, 22], [11, 1, 12, 24], [2, 15, 3, 16], [19, 4, 20, 5], [9, 6, 10, 7], [21, 9, 22, 8], [13, 10, 14, 11], [23, 13, 24, 12]]"
12n_0553_156,"[[24, 14, 1, 13], [15, 19, 16, 18], [17, 2, 18, 3], [6, 19, 7, 20], [4, 21, 5, 22], [8, 24, 9, 23], [12, 2, 13, 1], [3, 16, 4, 17], [20, 5, 21, 6], [10, 7, 11, 8], [22, 10, 23, 9], [14, 11, 15, 12]]"
12n_0553_157,"[[14, 11, 15, 12], [24, 14, 1, 13], [15, 19, 16, 18], [17, 2, 18, 3], [6, 19, 7, 20], [4, 21, 5, 22], [8, 24, 9, 23], [12, 2, 13, 1], [3, 16, 4, 17], [20, 5, 21, 6], [10, 7, 11, 8], [22, 10, 23, 9]]"
12n_0553_158,"[[22, 10, 23, 9], [14, 11, 15, 12], [24, 14, 1, 13], [15, 19, 16, 18], [17, 2, 18, 3], [6, 19, 7, 20], [4, 21, 5, 22], [8, 24, 9, 23], [12, 2, 13, 1], [3, 16, 4, 17], [20, 5, 21, 6], [10, 7, 11, 8]]"
12n_0553_159,"[[10, 7, 11, 8], [22, 10, 23, 9], [14, 11, 15, 12], [24, 14, 1, 13], [15, 19, 16, 18], [17, 2, 18, 3], [6, 19, 7, 20], [4, 21, 5, 22], [8, 24, 9, 23], [12, 2, 13, 1], [3, 16, 4, 17], [20, 5, 21, 6]]"
12n_0553_160,"[[20, 5, 21, 6], [10, 7, 11, 8], [22, 10, 23, 9], [14, 11, 15, 12], [24, 14, 1, 13], [15, 19, 16, 18], [17, 2, 18, 3], [6, 19, 7, 20], [4, 21, 5, 22], [8, 24, 9, 23], [12, 2, 13, 1], [3, 16, 4, 17]]"
12n_0553_161,"[[3, 16, 4, 17], [20, 5, 21, 6], [10, 7, 11, 8], [22, 10, 23, 9], [14, 11, 15, 12], [24, 14, 1, 13], [15, 19, 16, 18], [17, 2, 18, 3], [6, 19, 7, 20], [4, 21, 5, 22], [8, 24, 9, 23], [12, 2, 13, 1]]"
12n_0553_162,"[[12, 2, 13, 1], [3, 16, 4, 17], [20, 5, 21, 6], [10, 7, 11, 8], [22, 10, 23, 9], [14, 11, 15, 12], [24, 14, 1, 13], [15, 19, 16, 18], [17, 2, 18, 3], [6, 19, 7, 20], [4, 21, 5, 22], [8, 24, 9, 23]]"
12n_0553_163,"[[8, 24, 9, 23], [12, 2, 13, 1], [3, 16, 4, 17], [20, 5, 21, 6], [10, 7, 11, 8], [22, 10, 23, 9], [14, 11, 15, 12], [24, 14, 1, 13], [15, 19, 16, 18], [17, 2, 18, 3], [6, 19, 7, 20], [4, 21, 5, 22]]"
12n_0553_164,"[[4, 21, 5, 22], [8, 24, 9, 23], [12, 2, 13, 1], [3, 16, 4, 17], [20, 5, 21, 6], [10, 7, 11, 8], [22, 10, 23, 9], [14, 11, 15, 12], [24, 14, 1, 13], [15, 19, 16, 18], [17, 2, 18, 3], [6, 19, 7, 20]]"
12n_0553_165,"[[6, 19, 7, 20], [4, 21, 5, 22], [8, 24, 9, 23], [12, 2, 13, 1], [3, 16, 4, 17], [20, 5, 21, 6], [10, 7, 11, 8], [22, 10, 23, 9], [14, 11, 15, 12], [24, 14, 1, 13], [15, 19, 16, 18], [17, 2, 18, 3]]"
12n_0553_166,"[[17, 2, 18, 3], [6, 19, 7, 20], [4, 21, 5, 22], [8, 24, 9, 23], [12, 2, 13, 1], [3, 16, 4, 17], [20, 5, 21, 6], [10, 7, 11, 8], [22, 10, 23, 9], [14, 11, 15, 12], [24, 14, 1, 13], [15, 19, 16, 18]]"
12n_0553_167,"[[15, 19, 16, 18], [17, 2, 18, 3], [6, 19, 7, 20], [4, 21, 5, 22], [8, 24, 9, 23], [12, 2, 13, 1], [3, 16, 4, 17], [20, 5, 21, 6], [10, 7, 11, 8], [22, 10, 23, 9], [14, 11, 15, 12], [24, 14, 1, 13]]"
12n_0553_168,"[[1, 15, 2, 14], [16, 20, 17, 19], [18, 3, 19, 4], [7, 20, 8, 21], [5, 22, 6, 23], [9, 1, 10, 24], [13, 3, 14, 2], [4, 17, 5, 18], [21, 6, 22, 7], [11, 8, 12, 9], [23, 11, 24, 10], [15, 12, 16, 13]]"
12n_0553_169,"[[15, 12, 16, 13], [1, 15, 2, 14], [16, 20, 17, 19], [18, 3, 19, 4], [7, 20, 8, 21], [5, 22, 6, 23], [9, 1, 10, 24], [13, 3, 14, 2], [4, 17, 5, 18], [21, 6, 22, 7], [11, 8, 12, 9], [23, 11, 24, 10]]"
12n_0553_170,"[[23, 11, 24, 10], [15, 12, 16, 13], [1, 15, 2, 14], [16, 20, 17, 19], [18, 3, 19, 4], [7, 20, 8, 21], [5, 22, 6, 23], [9, 1, 10, 24], [13, 3, 14, 2], [4, 17, 5, 18], [21, 6, 22, 7], [11, 8, 12, 9]]"
12n_0553_171,"[[11, 8, 12, 9], [23, 11, 24, 10], [15, 12, 16, 13], [1, 15, 2, 14], [16, 20, 17, 19], [18, 3, 19, 4], [7, 20, 8, 21], [5, 22, 6, 23], [9, 1, 10, 24], [13, 3, 14, 2], [4, 17, 5, 18], [21, 6, 22, 7]]"
12n_0553_172,"[[21, 6, 22, 7], [11, 8, 12, 9], [23, 11, 24, 10], [15, 12, 16, 13], [1, 15, 2, 14], [16, 20, 17, 19], [18, 3, 19, 4], [7, 20, 8, 21], [5, 22, 6, 23], [9, 1, 10, 24], [13, 3, 14, 2], [4, 17, 5, 18]]"
12n_0553_173,"[[4, 17, 5, 18], [21, 6, 22, 7], [11, 8, 12, 9], [23, 11, 24, 10], [15, 12, 16, 13], [1, 15, 2, 14], [16, 20, 17, 19], [18, 3, 19, 4], [7, 20, 8, 21], [5, 22, 6, 23], [9, 1, 10, 24], [13, 3, 14, 2]]"
12n_0553_174,"[[13, 3, 14, 2], [4, 17, 5, 18], [21, 6, 22, 7], [11, 8, 12, 9], [23, 11, 24, 10], [15, 12, 16, 13], [1, 15, 2, 14], [16, 20, 17, 19], [18, 3, 19, 4], [7, 20, 8, 21], [5, 22, 6, 23], [9, 1, 10, 24]]"
12n_0553_175,"[[9, 1, 10, 24], [13, 3, 14, 2], [4, 17, 5, 18], [21, 6, 22, 7], [11, 8, 12, 9], [23, 11, 24, 10], [15, 12, 16, 13], [1, 15, 2, 14], [16, 20, 17, 19], [18, 3, 19, 4], [7, 20, 8, 21], [5, 22, 6, 23]]"
12n_0553_176,"[[5, 22, 6, 23], [9, 1, 10, 24], [13, 3, 14, 2], [4, 17, 5, 18], [21, 6, 22, 7], [11, 8, 12, 9], [23, 11, 24, 10], [15, 12, 16, 13], [1, 15, 2, 14], [16, 20, 17, 19], [18, 3, 19, 4], [7, 20, 8, 21]]"
12n_0553_177,"[[7, 20, 8, 21], [5, 22, 6, 23], [9, 1, 10, 24], [13, 3, 14, 2], [4, 17, 5, 18], [21, 6, 22, 7], [11, 8, 12, 9], [23, 11, 24, 10], [15, 12, 16, 13], [1, 15, 2, 14], [16, 20, 17, 19], [18, 3, 19, 4]]"
12n_0553_178,"[[18, 3, 19, 4], [7, 20, 8, 21], [5, 22, 6, 23], [9, 1, 10, 24], [13, 3, 14, 2], [4, 17, 5, 18], [21, 6, 22, 7], [11, 8, 12, 9], [23, 11, 24, 10], [15, 12, 16, 13], [1, 15, 2, 14], [16, 20, 17, 19]]"
12n_0553_179,"[[16, 20, 17, 19], [18, 3, 19, 4], [7, 20, 8, 21], [5, 22, 6, 23], [9, 1, 10, 24], [13, 3, 14, 2], [4, 17, 5, 18], [21, 6, 22, 7], [11, 8, 12, 9], [23, 11, 24, 10], [15, 12, 16, 13], [1, 15, 2, 14]]"
12n_0553_180,"[[2, 16, 3, 15], [17, 21, 18, 20], [19, 4, 20, 5], [8, 21, 9, 22], [6, 23, 7, 24], [10, 2, 11, 1], [14, 4, 15, 3], [5, 18, 6, 19], [22, 7, 23, 8], [12, 9, 13, 10], [24, 12, 1, 11], [16, 13, 17, 14]]"
12n_0553_181,"[[16, 13, 17, 14], [2, 16, 3, 15], [17, 21, 18, 20], [19, 4, 20, 5], [8, 21, 9, 22], [6, 23, 7, 24], [10, 2, 11, 1], [14, 4, 15, 3], [5, 18, 6, 19], [22, 7, 23, 8], [12, 9, 13, 10], [24, 12, 1, 11]]"
12n_0553_182,"[[24, 12, 1, 11], [16, 13, 17, 14], [2, 16, 3, 15], [17, 21, 18, 20], [19, 4, 20, 5], [8, 21, 9, 22], [6, 23, 7, 24], [10, 2, 11, 1], [14, 4, 15, 3], [5, 18, 6, 19], [22, 7, 23, 8], [12, 9, 13, 10]]"
12n_0553_183,"[[12, 9, 13, 10], [24, 12, 1, 11], [16, 13, 17, 14], [2, 16, 3, 15], [17, 21, 18, 20], [19, 4, 20, 5], [8, 21, 9, 22], [6, 23, 7, 24], [10, 2, 11, 1], [14, 4, 15, 3], [5, 18, 6, 19], [22, 7, 23, 8]]"
12n_0553_184,"[[22, 7, 23, 8], [12, 9, 13, 10], [24, 12, 1, 11], [16, 13, 17, 14], [2, 16, 3, 15], [17, 21, 18, 20], [19, 4, 20, 5], [8, 21, 9, 22], [6, 23, 7, 24], [10, 2, 11, 1], [14, 4, 15, 3], [5, 18, 6, 19]]"
12n_0553_185,"[[5, 18, 6, 19], [22, 7, 23, 8], [12, 9, 13, 10], [24, 12, 1, 11], [16, 13, 17, 14], [2, 16, 3, 15], [17, 21, 18, 20], [19, 4, 20, 5], [8, 21, 9, 22], [6, 23, 7, 24], [10, 2, 11, 1], [14, 4, 15, 3]]"
