name,pd_notation
12n_0876_0,"[[24, 12, 1, 11], [2, 8, 3, 7], [4, 15, 5, 16], [6, 19, 7, 20], [8, 2, 9, 1], [17, 11, 18, 10], [12, 24, 13, 23], [14, 22, 15, 21], [16, 5, 17, 6], [9, 19, 10, 18], [20, 3, 21, 4], [22, 14, 23, 13]]"
12n_0876_1,"[[22, 14, 23, 13], [24, 12, 1, 11], [2, 8, 3, 7], [4, 15, 5, 16], [6, 19, 7, 20], [8, 2, 9, 1], [17, 11, 18, 10], [12, 24, 13, 23], [14, 22, 15, 21], [16, 5, 17, 6], [9, 19, 10, 18], [20, 3, 21, 4]]"
12n_0876_2,"[[20, 3, 21, 4], [22, 14, 23, 13], [24, 12, 1, 11], [2, 8, 3, 7], [4, 15, 5, 16], [6, 19, 7, 20], [8, 2, 9, 1], [17, 11, 18, 10], [12, 24, 13, 23], [14, 22, 15, 21], [16, 5, 17, 6], [9, 19, 10, 18]]"
12n_0876_3,"[[9, 19, 10, 18], [20, 3, 21, 4], [22, 14, 23, 13], [24, 12, 1, 11], [2, 8, 3, 7], [4, 15, 5, 16], [6, 19, 7, 20], [8, 2, 9, 1], [17, 11, 18, 10], [12, 24, 13, 23], [14, 22, 15, 21], [16, 5, 17, 6]]"
12n_0876_4,"[[16, 5, 17, 6], [9, 19, 10, 18], [20, 3, 21, 4], [22, 14, 23, 13], [24, 12, 1, 11], [2, 8, 3, 7], [4, 15, 5, 16], [6, 19, 7, 20], [8, 2, 9, 1], [17, 11, 18, 10], [12, 24, 13, 23], [14, 22, 15, 21]]"
12n_0876_5,"[[14, 22, 15, 21], [16, 5, 17, 6], [9, 19, 10, 18], [20, 3, 21, 4], [22, 14, 23, 13], [24, 12, 1, 11], [2, 8, 3, 7], [4, 15, 5, 16], [6, 19, 7, 20], [8, 2, 9, 1], [17, 11, 18, 10], [12, 24, 13, 23]]"
12n_0876_6,"[[12, 24, 13, 23], [14, 22, 15, 21], [16, 5, 17, 6], [9, 19, 10, 18], [20, 3, 21, 4], [22, 14, 23, 13], [24, 12, 1, 11], [2, 8, 3, 7], [4, 15, 5, 16], [6, 19, 7, 20], [8, 2, 9, 1], [17, 11, 18, 10]]"
12n_0876_7,"[[17, 11, 18, 10], [12, 24, 13, 23], [14, 22, 15, 21], [16, 5, 17, 6], [9, 19, 10, 18], [20, 3, 21, 4], [22, 14, 23, 13], [24, 12, 1, 11], [2, 8, 3, 7], [4, 15, 5, 16], [6, 19, 7, 20], [8, 2, 9, 1]]"
12n_0876_8,"[[8, 2, 9, 1], [17, 11, 18, 10], [12, 24, 13, 23], [14, 22, 15, 21], [16, 5, 17, 6], [9, 19, 10, 18], [20, 3, 21, 4], [22, 14, 23, 13], [24, 12, 1, 11], [2, 8, 3, 7], [4, 15, 5, 16], [6, 19, 7, 20]]"
12n_0876_9,"[[6, 19, 7, 20], [8, 2, 9, 1], [17, 11, 18, 10], [12, 24, 13, 23], [14, 22, 15, 21], [16, 5, 17, 6], [9, 19, 10, 18], [20, 3, 21, 4], [22, 14, 23, 13], [24, 12, 1, 11], [2, 8, 3, 7], [4, 15, 5, 16]]"
12n_0876_10,"[[4, 15, 5, 16], [6, 19, 7, 20], [8, 2, 9, 1], [17, 11, 18, 10], [12, 24, 13, 23], [14, 22, 15, 21], [16, 5, 17, 6], [9, 19, 10, 18], [20, 3, 21, 4], [22, 14, 23, 13], [24, 12, 1, 11], [2, 8, 3, 7]]"
12n_0876_11,"[[2, 8, 3, 7], [4, 15, 5, 16], [6, 19, 7, 20], [8, 2, 9, 1], [17, 11, 18, 10], [12, 24, 13, 23], [14, 22, 15, 21], [16, 5, 17, 6], [9, 19, 10, 18], [20, 3, 21, 4], [22, 14, 23, 13], [24, 12, 1, 11]]"
12n_0876_12,"[[1, 13, 2, 12], [3, 9, 4, 8], [5, 16, 6, 17], [7, 20, 8, 21], [9, 3, 10, 2], [18, 12, 19, 11], [13, 1, 14, 24], [15, 23, 16, 22], [17, 6, 18, 7], [10, 20, 11, 19], [21, 4, 22, 5], [23, 15, 24, 14]]"
12n_0876_13,"[[23, 15, 24, 14], [1, 13, 2, 12], [3, 9, 4, 8], [5, 16, 6, 17], [7, 20, 8, 21], [9, 3, 10, 2], [18, 12, 19, 11], [13, 1, 14, 24], [15, 23, 16, 22], [17, 6, 18, 7], [10, 20, 11, 19], [21, 4, 22, 5]]"
12n_0876_14,"[[21, 4, 22, 5], [23, 15, 24, 14], [1, 13, 2, 12], [3, 9, 4, 8], [5, 16, 6, 17], [7, 20, 8, 21], [9, 3, 10, 2], [18, 12, 19, 11], [13, 1, 14, 24], [15, 23, 16, 22], [17, 6, 18, 7], [10, 20, 11, 19]]"
12n_0876_15,"[[10, 20, 11, 19], [21, 4, 22, 5], [23, 15, 24, 14], [1, 13, 2, 12], [3, 9, 4, 8], [5, 16, 6, 17], [7, 20, 8, 21], [9, 3, 10, 2], [18, 12, 19, 11], [13, 1, 14, 24], [15, 23, 16, 22], [17, 6, 18, 7]]"
12n_0876_16,"[[17, 6, 18, 7], [10, 20, 11, 19], [21, 4, 22, 5], [23, 15, 24, 14], [1, 13, 2, 12], [3, 9, 4, 8], [5, 16, 6, 17], [7, 20, 8, 21], [9, 3, 10, 2], [18, 12, 19, 11], [13, 1, 14, 24], [15, 23, 16, 22]]"
12n_0876_17,"[[15, 23, 16, 22], [17, 6, 18, 7], [10, 20, 11, 19], [21, 4, 22, 5], [23, 15, 24, 14], [1, 13, 2, 12], [3, 9, 4, 8], [5, 16, 6, 17], [7, 20, 8, 21], [9, 3, 10, 2], [18, 12, 19, 11], [13, 1, 14, 24]]"
12n_0876_18,"[[13, 1, 14, 24], [15, 23, 16, 22], [17, 6, 18, 7], [10, 20, 11, 19], [21, 4, 22, 5], [23, 15, 24, 14], [1, 13, 2, 12], [3, 9, 4, 8], [5, 16, 6, 17], [7, 20, 8, 21], [9, 3, 10, 2], [18, 12, 19, 11]]"
12n_0876_19,"[[18, 12, 19, 11], [13, 1, 14, 24], [15, 23, 16, 22], [17, 6, 18, 7], [10, 20, 11, 19], [21, 4, 22, 5], [23, 15, 24, 14], [1, 13, 2, 12], [3, 9, 4, 8], [5, 16, 6, 17], [7, 20, 8, 21], [9, 3, 10, 2]]"
12n_0876_20,"[[9, 3, 10, 2], [18, 12, 19, 11], [13, 1, 14, 24], [15, 23, 16, 22], [17, 6, 18, 7], [10, 20, 11, 19], [21, 4, 22, 5], [23, 15, 24, 14], [1, 13, 2, 12], [3, 9, 4, 8], [5, 16, 6, 17], [7, 20, 8, 21]]"
12n_0876_21,"[[7, 20, 8, 21], [9, 3, 10, 2], [18, 12, 19, 11], [13, 1, 14, 24], [15, 23, 16, 22], [17, 6, 18, 7], [10, 20, 11, 19], [21, 4, 22, 5], [23, 15, 24, 14], [1, 13, 2, 12], [3, 9, 4, 8], [5, 16, 6, 17]]"
12n_0876_22,"[[5, 16, 6, 17], [7, 20, 8, 21], [9, 3, 10, 2], [18, 12, 19, 11], [13, 1, 14, 24], [15, 23, 16, 22], [17, 6, 18, 7], [10, 20, 11, 19], [21, 4, 22, 5], [23, 15, 24, 14], [1, 13, 2, 12], [3, 9, 4, 8]]"
12n_0876_23,"[[3, 9, 4, 8], [5, 16, 6, 17], [7, 20, 8, 21], [9, 3, 10, 2], [18, 12, 19, 11], [13, 1, 14, 24], [15, 23, 16, 22], [17, 6, 18, 7], [10, 20, 11, 19], [21, 4, 22, 5], [23, 15, 24, 14], [1, 13, 2, 12]]"
12n_0876_24,"[[2, 14, 3, 13], [4, 10, 5, 9], [6, 17, 7, 18], [8, 21, 9, 22], [10, 4, 11, 3], [19, 13, 20, 12], [14, 2, 15, 1], [16, 24, 17, 23], [18, 7, 19, 8], [11, 21, 12, 20], [22, 5, 23, 6], [24, 16, 1, 15]]"
12n_0876_25,"[[24, 16, 1, 15], [2, 14, 3, 13], [4, 10, 5, 9], [6, 17, 7, 18], [8, 21, 9, 22], [10, 4, 11, 3], [19, 13, 20, 12], [14, 2, 15, 1], [16, 24, 17, 23], [18, 7, 19, 8], [11, 21, 12, 20], [22, 5, 23, 6]]"
12n_0876_26,"[[22, 5, 23, 6], [24, 16, 1, 15], [2, 14, 3, 13], [4, 10, 5, 9], [6, 17, 7, 18], [8, 21, 9, 22], [10, 4, 11, 3], [19, 13, 20, 12], [14, 2, 15, 1], [16, 24, 17, 23], [18, 7, 19, 8], [11, 21, 12, 20]]"
12n_0876_27,"[[11, 21, 12, 20], [22, 5, 23, 6], [24, 16, 1, 15], [2, 14, 3, 13], [4, 10, 5, 9], [6, 17, 7, 18], [8, 21, 9, 22], [10, 4, 11, 3], [19, 13, 20, 12], [14, 2, 15, 1], [16, 24, 17, 23], [18, 7, 19, 8]]"
12n_0876_28,"[[18, 7, 19, 8], [11, 21, 12, 20], [22, 5, 23, 6], [24, 16, 1, 15], [2, 14, 3, 13], [4, 10, 5, 9], [6, 17, 7, 18], [8, 21, 9, 22], [10, 4, 11, 3], [19, 13, 20, 12], [14, 2, 15, 1], [16, 24, 17, 23]]"
12n_0876_29,"[[16, 24, 17, 23], [18, 7, 19, 8], [11, 21, 12, 20], [22, 5, 23, 6], [24, 16, 1, 15], [2, 14, 3, 13], [4, 10, 5, 9], [6, 17, 7, 18], [8, 21, 9, 22], [10, 4, 11, 3], [19, 13, 20, 12], [14, 2, 15, 1]]"
12n_0876_30,"[[14, 2, 15, 1], [16, 24, 17, 23], [18, 7, 19, 8], [11, 21, 12, 20], [22, 5, 23, 6], [24, 16, 1, 15], [2, 14, 3, 13], [4, 10, 5, 9], [6, 17, 7, 18], [8, 21, 9, 22], [10, 4, 11, 3], [19, 13, 20, 12]]"
12n_0876_31,"[[19, 13, 20, 12], [14, 2, 15, 1], [16, 24, 17, 23], [18, 7, 19, 8], [11, 21, 12, 20], [22, 5, 23, 6], [24, 16, 1, 15], [2, 14, 3, 13], [4, 10, 5, 9], [6, 17, 7, 18], [8, 21, 9, 22], [10, 4, 11, 3]]"
12n_0876_32,"[[10, 4, 11, 3], [19, 13, 20, 12], [14, 2, 15, 1], [16, 24, 17, 23], [18, 7, 19, 8], [11, 21, 12, 20], [22, 5, 23, 6], [24, 16, 1, 15], [2, 14, 3, 13], [4, 10, 5, 9], [6, 17, 7, 18], [8, 21, 9, 22]]"
12n_0876_33,"[[8, 21, 9, 22], [10, 4, 11, 3], [19, 13, 20, 12], [14, 2, 15, 1], [16, 24, 17, 23], [18, 7, 19, 8], [11, 21, 12, 20], [22, 5, 23, 6], [24, 16, 1, 15], [2, 14, 3, 13], [4, 10, 5, 9], [6, 17, 7, 18]]"
12n_0876_34,"[[6, 17, 7, 18], [8, 21, 9, 22], [10, 4, 11, 3], [19, 13, 20, 12], [14, 2, 15, 1], [16, 24, 17, 23], [18, 7, 19, 8], [11, 21, 12, 20], [22, 5, 23, 6], [24, 16, 1, 15], [2, 14, 3, 13], [4, 10, 5, 9]]"
12n_0876_35,"[[4, 10, 5, 9], [6, 17, 7, 18], [8, 21, 9, 22], [10, 4, 11, 3], [19, 13, 20, 12], [14, 2, 15, 1], [16, 24, 17, 23], [18, 7, 19, 8], [11, 21, 12, 20], [22, 5, 23, 6], [24, 16, 1, 15], [2, 14, 3, 13]]"
12n_0876_36,"[[3, 15, 4, 14], [5, 11, 6, 10], [7, 18, 8, 19], [9, 22, 10, 23], [11, 5, 12, 4], [20, 14, 21, 13], [15, 3, 16, 2], [17, 1, 18, 24], [19, 8, 20, 9], [12, 22, 13, 21], [23, 6, 24, 7], [1, 17, 2, 16]]"
12n_0876_37,"[[1, 17, 2, 16], [3, 15, 4, 14], [5, 11, 6, 10], [7, 18, 8, 19], [9, 22, 10, 23], [11, 5, 12, 4], [20, 14, 21, 13], [15, 3, 16, 2], [17, 1, 18, 24], [19, 8, 20, 9], [12, 22, 13, 21], [23, 6, 24, 7]]"
12n_0876_38,"[[23, 6, 24, 7], [1, 17, 2, 16], [3, 15, 4, 14], [5, 11, 6, 10], [7, 18, 8, 19], [9, 22, 10, 23], [11, 5, 12, 4], [20, 14, 21, 13], [15, 3, 16, 2], [17, 1, 18, 24], [19, 8, 20, 9], [12, 22, 13, 21]]"
12n_0876_39,"[[12, 22, 13, 21], [23, 6, 24, 7], [1, 17, 2, 16], [3, 15, 4, 14], [5, 11, 6, 10], [7, 18, 8, 19], [9, 22, 10, 23], [11, 5, 12, 4], [20, 14, 21, 13], [15, 3, 16, 2], [17, 1, 18, 24], [19, 8, 20, 9]]"
12n_0876_40,"[[19, 8, 20, 9], [12, 22, 13, 21], [23, 6, 24, 7], [1, 17, 2, 16], [3, 15, 4, 14], [5, 11, 6, 10], [7, 18, 8, 19], [9, 22, 10, 23], [11, 5, 12, 4], [20, 14, 21, 13], [15, 3, 16, 2], [17, 1, 18, 24]]"
12n_0876_41,"[[17, 1, 18, 24], [19, 8, 20, 9], [12, 22, 13, 21], [23, 6, 24, 7], [1, 17, 2, 16], [3, 15, 4, 14], [5, 11, 6, 10], [7, 18, 8, 19], [9, 22, 10, 23], [11, 5, 12, 4], [20, 14, 21, 13], [15, 3, 16, 2]]"
12n_0876_42,"[[15, 3, 16, 2], [17, 1, 18, 24], [19, 8, 20, 9], [12, 22, 13, 21], [23, 6, 24, 7], [1, 17, 2, 16], [3, 15, 4, 14], [5, 11, 6, 10], [7, 18, 8, 19], [9, 22, 10, 23], [11, 5, 12, 4], [20, 14, 21, 13]]"
12n_0876_43,"[[20, 14, 21, 13], [15, 3, 16, 2], [17, 1, 18, 24], [19, 8, 20, 9], [12, 22, 13, 21], [23, 6, 24, 7], [1, 17, 2, 16], [3, 15, 4, 14], [5, 11, 6, 10], [7, 18, 8, 19], [9, 22, 10, 23], [11, 5, 12, 4]]"
12n_0876_44,"[[11, 5, 12, 4], [20, 14, 21, 13], [15, 3, 16, 2], [17, 1, 18, 24], [19, 8, 20, 9], [12, 22, 13, 21], [23, 6, 24, 7], [1, 17, 2, 16], [3, 15, 4, 14], [5, 11, 6, 10], [7, 18, 8, 19], [9, 22, 10, 23]]"
12n_0876_45,"[[9, 22, 10, 23], [11, 5, 12, 4], [20, 14, 21, 13], [15, 3, 16, 2], [17, 1, 18, 24], [19, 8, 20, 9], [12, 22, 13, 21], [23, 6, 24, 7], [1, 17, 2, 16], [3, 15, 4, 14], [5, 11, 6, 10], [7, 18, 8, 19]]"
12n_0876_46,"[[7, 18, 8, 19], [9, 22, 10, 23], [11, 5, 12, 4], [20, 14, 21, 13], [15, 3, 16, 2], [17, 1, 18, 24], [19, 8, 20, 9], [12, 22, 13, 21], [23, 6, 24, 7], [1, 17, 2, 16], [3, 15, 4, 14], [5, 11, 6, 10]]"
12n_0876_47,"[[5, 11, 6, 10], [7, 18, 8, 19], [9, 22, 10, 23], [11, 5, 12, 4], [20, 14, 21, 13], [15, 3, 16, 2], [17, 1, 18, 24], [19, 8, 20, 9], [12, 22, 13, 21], [23, 6, 24, 7], [1, 17, 2, 16], [3, 15, 4, 14]]"
12n_0876_48,"[[4, 16, 5, 15], [6, 12, 7, 11], [8, 19, 9, 20], [10, 23, 11, 24], [12, 6, 13, 5], [21, 15, 22, 14], [16, 4, 17, 3], [18, 2, 19, 1], [20, 9, 21, 10], [13, 23, 14, 22], [24, 7, 1, 8], [2, 18, 3, 17]]"
12n_0876_49,"[[2, 18, 3, 17], [4, 16, 5, 15], [6, 12, 7, 11], [8, 19, 9, 20], [10, 23, 11, 24], [12, 6, 13, 5], [21, 15, 22, 14], [16, 4, 17, 3], [18, 2, 19, 1], [20, 9, 21, 10], [13, 23, 14, 22], [24, 7, 1, 8]]"
12n_0876_50,"[[24, 7, 1, 8], [2, 18, 3, 17], [4, 16, 5, 15], [6, 12, 7, 11], [8, 19, 9, 20], [10, 23, 11, 24], [12, 6, 13, 5], [21, 15, 22, 14], [16, 4, 17, 3], [18, 2, 19, 1], [20, 9, 21, 10], [13, 23, 14, 22]]"
12n_0876_51,"[[13, 23, 14, 22], [24, 7, 1, 8], [2, 18, 3, 17], [4, 16, 5, 15], [6, 12, 7, 11], [8, 19, 9, 20], [10, 23, 11, 24], [12, 6, 13, 5], [21, 15, 22, 14], [16, 4, 17, 3], [18, 2, 19, 1], [20, 9, 21, 10]]"
12n_0876_52,"[[20, 9, 21, 10], [13, 23, 14, 22], [24, 7, 1, 8], [2, 18, 3, 17], [4, 16, 5, 15], [6, 12, 7, 11], [8, 19, 9, 20], [10, 23, 11, 24], [12, 6, 13, 5], [21, 15, 22, 14], [16, 4, 17, 3], [18, 2, 19, 1]]"
12n_0876_53,"[[18, 2, 19, 1], [20, 9, 21, 10], [13, 23, 14, 22], [24, 7, 1, 8], [2, 18, 3, 17], [4, 16, 5, 15], [6, 12, 7, 11], [8, 19, 9, 20], [10, 23, 11, 24], [12, 6, 13, 5], [21, 15, 22, 14], [16, 4, 17, 3]]"
12n_0876_54,"[[16, 4, 17, 3], [18, 2, 19, 1], [20, 9, 21, 10], [13, 23, 14, 22], [24, 7, 1, 8], [2, 18, 3, 17], [4, 16, 5, 15], [6, 12, 7, 11], [8, 19, 9, 20], [10, 23, 11, 24], [12, 6, 13, 5], [21, 15, 22, 14]]"
12n_0876_55,"[[21, 15, 22, 14], [16, 4, 17, 3], [18, 2, 19, 1], [20, 9, 21, 10], [13, 23, 14, 22], [24, 7, 1, 8], [2, 18, 3, 17], [4, 16, 5, 15], [6, 12, 7, 11], [8, 19, 9, 20], [10, 23, 11, 24], [12, 6, 13, 5]]"
12n_0876_56,"[[12, 6, 13, 5], [21, 15, 22, 14], [16, 4, 17, 3], [18, 2, 19, 1], [20, 9, 21, 10], [13, 23, 14, 22], [24, 7, 1, 8], [2, 18, 3, 17], [4, 16, 5, 15], [6, 12, 7, 11], [8, 19, 9, 20], [10, 23, 11, 24]]"
12n_0876_57,"[[10, 23, 11, 24], [12, 6, 13, 5], [21, 15, 22, 14], [16, 4, 17, 3], [18, 2, 19, 1], [20, 9, 21, 10], [13, 23, 14, 22], [24, 7, 1, 8], [2, 18, 3, 17], [4, 16, 5, 15], [6, 12, 7, 11], [8, 19, 9, 20]]"
12n_0876_58,"[[8, 19, 9, 20], [10, 23, 11, 24], [12, 6, 13, 5], [21, 15, 22, 14], [16, 4, 17, 3], [18, 2, 19, 1], [20, 9, 21, 10], [13, 23, 14, 22], [24, 7, 1, 8], [2, 18, 3, 17], [4, 16, 5, 15], [6, 12, 7, 11]]"
12n_0876_59,"[[6, 12, 7, 11], [8, 19, 9, 20], [10, 23, 11, 24], [12, 6, 13, 5], [21, 15, 22, 14], [16, 4, 17, 3], [18, 2, 19, 1], [20, 9, 21, 10], [13, 23, 14, 22], [24, 7, 1, 8], [2, 18, 3, 17], [4, 16, 5, 15]]"
12n_0876_60,"[[5, 17, 6, 16], [7, 13, 8, 12], [9, 20, 10, 21], [11, 24, 12, 1], [13, 7, 14, 6], [22, 16, 23, 15], [17, 5, 18, 4], [19, 3, 20, 2], [21, 10, 22, 11], [14, 24, 15, 23], [1, 8, 2, 9], [3, 19, 4, 18]]"
12n_0876_61,"[[3, 19, 4, 18], [5, 17, 6, 16], [7, 13, 8, 12], [9, 20, 10, 21], [11, 24, 12, 1], [13, 7, 14, 6], [22, 16, 23, 15], [17, 5, 18, 4], [19, 3, 20, 2], [21, 10, 22, 11], [14, 24, 15, 23], [1, 8, 2, 9]]"
12n_0876_62,"[[1, 8, 2, 9], [3, 19, 4, 18], [5, 17, 6, 16], [7, 13, 8, 12], [9, 20, 10, 21], [11, 24, 12, 1], [13, 7, 14, 6], [22, 16, 23, 15], [17, 5, 18, 4], [19, 3, 20, 2], [21, 10, 22, 11], [14, 24, 15, 23]]"
12n_0876_63,"[[14, 24, 15, 23], [1, 8, 2, 9], [3, 19, 4, 18], [5, 17, 6, 16], [7, 13, 8, 12], [9, 20, 10, 21], [11, 24, 12, 1], [13, 7, 14, 6], [22, 16, 23, 15], [17, 5, 18, 4], [19, 3, 20, 2], [21, 10, 22, 11]]"
12n_0876_64,"[[21, 10, 22, 11], [14, 24, 15, 23], [1, 8, 2, 9], [3, 19, 4, 18], [5, 17, 6, 16], [7, 13, 8, 12], [9, 20, 10, 21], [11, 24, 12, 1], [13, 7, 14, 6], [22, 16, 23, 15], [17, 5, 18, 4], [19, 3, 20, 2]]"
12n_0876_65,"[[19, 3, 20, 2], [21, 10, 22, 11], [14, 24, 15, 23], [1, 8, 2, 9], [3, 19, 4, 18], [5, 17, 6, 16], [7, 13, 8, 12], [9, 20, 10, 21], [11, 24, 12, 1], [13, 7, 14, 6], [22, 16, 23, 15], [17, 5, 18, 4]]"
12n_0876_66,"[[17, 5, 18, 4], [19, 3, 20, 2], [21, 10, 22, 11], [14, 24, 15, 23], [1, 8, 2, 9], [3, 19, 4, 18], [5, 17, 6, 16], [7, 13, 8, 12], [9, 20, 10, 21], [11, 24, 12, 1], [13, 7, 14, 6], [22, 16, 23, 15]]"
12n_0876_67,"[[22, 16, 23, 15], [17, 5, 18, 4], [19, 3, 20, 2], [21, 10, 22, 11], [14, 24, 15, 23], [1, 8, 2, 9], [3, 19, 4, 18], [5, 17, 6, 16], [7, 13, 8, 12], [9, 20, 10, 21], [11, 24, 12, 1], [13, 7, 14, 6]]"
12n_0876_68,"[[13, 7, 14, 6], [22, 16, 23, 15], [17, 5, 18, 4], [19, 3, 20, 2], [21, 10, 22, 11], [14, 24, 15, 23], [1, 8, 2, 9], [3, 19, 4, 18], [5, 17, 6, 16], [7, 13, 8, 12], [9, 20, 10, 21], [11, 24, 12, 1]]"
12n_0876_69,"[[11, 24, 12, 1], [13, 7, 14, 6], [22, 16, 23, 15], [17, 5, 18, 4], [19, 3, 20, 2], [21, 10, 22, 11], [14, 24, 15, 23], [1, 8, 2, 9], [3, 19, 4, 18], [5, 17, 6, 16], [7, 13, 8, 12], [9, 20, 10, 21]]"
12n_0876_70,"[[9, 20, 10, 21], [11, 24, 12, 1], [13, 7, 14, 6], [22, 16, 23, 15], [17, 5, 18, 4], [19, 3, 20, 2], [21, 10, 22, 11], [14, 24, 15, 23], [1, 8, 2, 9], [3, 19, 4, 18], [5, 17, 6, 16], [7, 13, 8, 12]]"
12n_0876_71,"[[7, 13, 8, 12], [9, 20, 10, 21], [11, 24, 12, 1], [13, 7, 14, 6], [22, 16, 23, 15], [17, 5, 18, 4], [19, 3, 20, 2], [21, 10, 22, 11], [14, 24, 15, 23], [1, 8, 2, 9], [3, 19, 4, 18], [5, 17, 6, 16]]"
12n_0876_72,"[[6, 18, 7, 17], [8, 14, 9, 13], [10, 21, 11, 22], [12, 1, 13, 2], [14, 8, 15, 7], [23, 17, 24, 16], [18, 6, 19, 5], [20, 4, 21, 3], [22, 11, 23, 12], [15, 1, 16, 24], [2, 9, 3, 10], [4, 20, 5, 19]]"
12n_0876_73,"[[4, 20, 5, 19], [6, 18, 7, 17], [8, 14, 9, 13], [10, 21, 11, 22], [12, 1, 13, 2], [14, 8, 15, 7], [23, 17, 24, 16], [18, 6, 19, 5], [20, 4, 21, 3], [22, 11, 23, 12], [15, 1, 16, 24], [2, 9, 3, 10]]"
12n_0876_74,"[[2, 9, 3, 10], [4, 20, 5, 19], [6, 18, 7, 17], [8, 14, 9, 13], [10, 21, 11, 22], [12, 1, 13, 2], [14, 8, 15, 7], [23, 17, 24, 16], [18, 6, 19, 5], [20, 4, 21, 3], [22, 11, 23, 12], [15, 1, 16, 24]]"
12n_0876_75,"[[15, 1, 16, 24], [2, 9, 3, 10], [4, 20, 5, 19], [6, 18, 7, 17], [8, 14, 9, 13], [10, 21, 11, 22], [12, 1, 13, 2], [14, 8, 15, 7], [23, 17, 24, 16], [18, 6, 19, 5], [20, 4, 21, 3], [22, 11, 23, 12]]"
12n_0876_76,"[[22, 11, 23, 12], [15, 1, 16, 24], [2, 9, 3, 10], [4, 20, 5, 19], [6, 18, 7, 17], [8, 14, 9, 13], [10, 21, 11, 22], [12, 1, 13, 2], [14, 8, 15, 7], [23, 17, 24, 16], [18, 6, 19, 5], [20, 4, 21, 3]]"
12n_0876_77,"[[20, 4, 21, 3], [22, 11, 23, 12], [15, 1, 16, 24], [2, 9, 3, 10], [4, 20, 5, 19], [6, 18, 7, 17], [8, 14, 9, 13], [10, 21, 11, 22], [12, 1, 13, 2], [14, 8, 15, 7], [23, 17, 24, 16], [18, 6, 19, 5]]"
12n_0876_78,"[[18, 6, 19, 5], [20, 4, 21, 3], [22, 11, 23, 12], [15, 1, 16, 24], [2, 9, 3, 10], [4, 20, 5, 19], [6, 18, 7, 17], [8, 14, 9, 13], [10, 21, 11, 22], [12, 1, 13, 2], [14, 8, 15, 7], [23, 17, 24, 16]]"
12n_0876_79,"[[23, 17, 24, 16], [18, 6, 19, 5], [20, 4, 21, 3], [22, 11, 23, 12], [15, 1, 16, 24], [2, 9, 3, 10], [4, 20, 5, 19], [6, 18, 7, 17], [8, 14, 9, 13], [10, 21, 11, 22], [12, 1, 13, 2], [14, 8, 15, 7]]"
12n_0876_80,"[[14, 8, 15, 7], [23, 17, 24, 16], [18, 6, 19, 5], [20, 4, 21, 3], [22, 11, 23, 12], [15, 1, 16, 24], [2, 9, 3, 10], [4, 20, 5, 19], [6, 18, 7, 17], [8, 14, 9, 13], [10, 21, 11, 22], [12, 1, 13, 2]]"
12n_0876_81,"[[12, 1, 13, 2], [14, 8, 15, 7], [23, 17, 24, 16], [18, 6, 19, 5], [20, 4, 21, 3], [22, 11, 23, 12], [15, 1, 16, 24], [2, 9, 3, 10], [4, 20, 5, 19], [6, 18, 7, 17], [8, 14, 9, 13], [10, 21, 11, 22]]"
12n_0876_82,"[[10, 21, 11, 22], [12, 1, 13, 2], [14, 8, 15, 7], [23, 17, 24, 16], [18, 6, 19, 5], [20, 4, 21, 3], [22, 11, 23, 12], [15, 1, 16, 24], [2, 9, 3, 10], [4, 20, 5, 19], [6, 18, 7, 17], [8, 14, 9, 13]]"
12n_0876_83,"[[8, 14, 9, 13], [10, 21, 11, 22], [12, 1, 13, 2], [14, 8, 15, 7], [23, 17, 24, 16], [18, 6, 19, 5], [20, 4, 21, 3], [22, 11, 23, 12], [15, 1, 16, 24], [2, 9, 3, 10], [4, 20, 5, 19], [6, 18, 7, 17]]"
12n_0876_84,"[[7, 19, 8, 18], [9, 15, 10, 14], [11, 22, 12, 23], [13, 2, 14, 3], [15, 9, 16, 8], [24, 18, 1, 17], [19, 7, 20, 6], [21, 5, 22, 4], [23, 12, 24, 13], [16, 2, 17, 1], [3, 10, 4, 11], [5, 21, 6, 20]]"
12n_0876_85,"[[5, 21, 6, 20], [7, 19, 8, 18], [9, 15, 10, 14], [11, 22, 12, 23], [13, 2, 14, 3], [15, 9, 16, 8], [24, 18, 1, 17], [19, 7, 20, 6], [21, 5, 22, 4], [23, 12, 24, 13], [16, 2, 17, 1], [3, 10, 4, 11]]"
12n_0876_86,"[[3, 10, 4, 11], [5, 21, 6, 20], [7, 19, 8, 18], [9, 15, 10, 14], [11, 22, 12, 23], [13, 2, 14, 3], [15, 9, 16, 8], [24, 18, 1, 17], [19, 7, 20, 6], [21, 5, 22, 4], [23, 12, 24, 13], [16, 2, 17, 1]]"
12n_0876_87,"[[16, 2, 17, 1], [3, 10, 4, 11], [5, 21, 6, 20], [7, 19, 8, 18], [9, 15, 10, 14], [11, 22, 12, 23], [13, 2, 14, 3], [15, 9, 16, 8], [24, 18, 1, 17], [19, 7, 20, 6], [21, 5, 22, 4], [23, 12, 24, 13]]"
12n_0876_88,"[[23, 12, 24, 13], [16, 2, 17, 1], [3, 10, 4, 11], [5, 21, 6, 20], [7, 19, 8, 18], [9, 15, 10, 14], [11, 22, 12, 23], [13, 2, 14, 3], [15, 9, 16, 8], [24, 18, 1, 17], [19, 7, 20, 6], [21, 5, 22, 4]]"
12n_0876_89,"[[21, 5, 22, 4], [23, 12, 24, 13], [16, 2, 17, 1], [3, 10, 4, 11], [5, 21, 6, 20], [7, 19, 8, 18], [9, 15, 10, 14], [11, 22, 12, 23], [13, 2, 14, 3], [15, 9, 16, 8], [24, 18, 1, 17], [19, 7, 20, 6]]"
12n_0876_90,"[[19, 7, 20, 6], [21, 5, 22, 4], [23, 12, 24, 13], [16, 2, 17, 1], [3, 10, 4, 11], [5, 21, 6, 20], [7, 19, 8, 18], [9, 15, 10, 14], [11, 22, 12, 23], [13, 2, 14, 3], [15, 9, 16, 8], [24, 18, 1, 17]]"
12n_0876_91,"[[24, 18, 1, 17], [19, 7, 20, 6], [21, 5, 22, 4], [23, 12, 24, 13], [16, 2, 17, 1], [3, 10, 4, 11], [5, 21, 6, 20], [7, 19, 8, 18], [9, 15, 10, 14], [11, 22, 12, 23], [13, 2, 14, 3], [15, 9, 16, 8]]"
12n_0876_92,"[[15, 9, 16, 8], [24, 18, 1, 17], [19, 7, 20, 6], [21, 5, 22, 4], [23, 12, 24, 13], [16, 2, 17, 1], [3, 10, 4, 11], [5, 21, 6, 20], [7, 19, 8, 18], [9, 15, 10, 14], [11, 22, 12, 23], [13, 2, 14, 3]]"
12n_0876_93,"[[13, 2, 14, 3], [15, 9, 16, 8], [24, 18, 1, 17], [19, 7, 20, 6], [21, 5, 22, 4], [23, 12, 24, 13], [16, 2, 17, 1], [3, 10, 4, 11], [5, 21, 6, 20], [7, 19, 8, 18], [9, 15, 10, 14], [11, 22, 12, 23]]"
12n_0876_94,"[[11, 22, 12, 23], [13, 2, 14, 3], [15, 9, 16, 8], [24, 18, 1, 17], [19, 7, 20, 6], [21, 5, 22, 4], [23, 12, 24, 13], [16, 2, 17, 1], [3, 10, 4, 11], [5, 21, 6, 20], [7, 19, 8, 18], [9, 15, 10, 14]]"
12n_0876_95,"[[9, 15, 10, 14], [11, 22, 12, 23], [13, 2, 14, 3], [15, 9, 16, 8], [24, 18, 1, 17], [19, 7, 20, 6], [21, 5, 22, 4], [23, 12, 24, 13], [16, 2, 17, 1], [3, 10, 4, 11], [5, 21, 6, 20], [7, 19, 8, 18]]"
12n_0876_96,"[[8, 20, 9, 19], [10, 16, 11, 15], [12, 23, 13, 24], [14, 3, 15, 4], [16, 10, 17, 9], [1, 19, 2, 18], [20, 8, 21, 7], [22, 6, 23, 5], [24, 13, 1, 14], [17, 3, 18, 2], [4, 11, 5, 12], [6, 22, 7, 21]]"
12n_0876_97,"[[6, 22, 7, 21], [8, 20, 9, 19], [10, 16, 11, 15], [12, 23, 13, 24], [14, 3, 15, 4], [16, 10, 17, 9], [1, 19, 2, 18], [20, 8, 21, 7], [22, 6, 23, 5], [24, 13, 1, 14], [17, 3, 18, 2], [4, 11, 5, 12]]"
12n_0876_98,"[[4, 11, 5, 12], [6, 22, 7, 21], [8, 20, 9, 19], [10, 16, 11, 15], [12, 23, 13, 24], [14, 3, 15, 4], [16, 10, 17, 9], [1, 19, 2, 18], [20, 8, 21, 7], [22, 6, 23, 5], [24, 13, 1, 14], [17, 3, 18, 2]]"
12n_0876_99,"[[17, 3, 18, 2], [4, 11, 5, 12], [6, 22, 7, 21], [8, 20, 9, 19], [10, 16, 11, 15], [12, 23, 13, 24], [14, 3, 15, 4], [16, 10, 17, 9], [1, 19, 2, 18], [20, 8, 21, 7], [22, 6, 23, 5], [24, 13, 1, 14]]"
12n_0876_100,"[[24, 13, 1, 14], [17, 3, 18, 2], [4, 11, 5, 12], [6, 22, 7, 21], [8, 20, 9, 19], [10, 16, 11, 15], [12, 23, 13, 24], [14, 3, 15, 4], [16, 10, 17, 9], [1, 19, 2, 18], [20, 8, 21, 7], [22, 6, 23, 5]]"
12n_0876_101,"[[22, 6, 23, 5], [24, 13, 1, 14], [17, 3, 18, 2], [4, 11, 5, 12], [6, 22, 7, 21], [8, 20, 9, 19], [10, 16, 11, 15], [12, 23, 13, 24], [14, 3, 15, 4], [16, 10, 17, 9], [1, 19, 2, 18], [20, 8, 21, 7]]"
12n_0876_102,"[[20, 8, 21, 7], [22, 6, 23, 5], [24, 13, 1, 14], [17, 3, 18, 2], [4, 11, 5, 12], [6, 22, 7, 21], [8, 20, 9, 19], [10, 16, 11, 15], [12, 23, 13, 24], [14, 3, 15, 4], [16, 10, 17, 9], [1, 19, 2, 18]]"
12n_0876_103,"[[1, 19, 2, 18], [20, 8, 21, 7], [22, 6, 23, 5], [24, 13, 1, 14], [17, 3, 18, 2], [4, 11, 5, 12], [6, 22, 7, 21], [8, 20, 9, 19], [10, 16, 11, 15], [12, 23, 13, 24], [14, 3, 15, 4], [16, 10, 17, 9]]"
12n_0876_104,"[[16, 10, 17, 9], [1, 19, 2, 18], [20, 8, 21, 7], [22, 6, 23, 5], [24, 13, 1, 14], [17, 3, 18, 2], [4, 11, 5, 12], [6, 22, 7, 21], [8, 20, 9, 19], [10, 16, 11, 15], [12, 23, 13, 24], [14, 3, 15, 4]]"
12n_0876_105,"[[14, 3, 15, 4], [16, 10, 17, 9], [1, 19, 2, 18], [20, 8, 21, 7], [22, 6, 23, 5], [24, 13, 1, 14], [17, 3, 18, 2], [4, 11, 5, 12], [6, 22, 7, 21], [8, 20, 9, 19], [10, 16, 11, 15], [12, 23, 13, 24]]"
12n_0876_106,"[[12, 23, 13, 24], [14, 3, 15, 4], [16, 10, 17, 9], [1, 19, 2, 18], [20, 8, 21, 7], [22, 6, 23, 5], [24, 13, 1, 14], [17, 3, 18, 2], [4, 11, 5, 12], [6, 22, 7, 21], [8, 20, 9, 19], [10, 16, 11, 15]]"
12n_0876_107,"[[10, 16, 11, 15], [12, 23, 13, 24], [14, 3, 15, 4], [16, 10, 17, 9], [1, 19, 2, 18], [20, 8, 21, 7], [22, 6, 23, 5], [24, 13, 1, 14], [17, 3, 18, 2], [4, 11, 5, 12], [6, 22, 7, 21], [8, 20, 9, 19]]"
12n_0876_108,"[[9, 21, 10, 20], [11, 17, 12, 16], [13, 24, 14, 1], [15, 4, 16, 5], [17, 11, 18, 10], [2, 20, 3, 19], [21, 9, 22, 8], [23, 7, 24, 6], [1, 14, 2, 15], [18, 4, 19, 3], [5, 12, 6, 13], [7, 23, 8, 22]]"
12n_0876_109,"[[7, 23, 8, 22], [9, 21, 10, 20], [11, 17, 12, 16], [13, 24, 14, 1], [15, 4, 16, 5], [17, 11, 18, 10], [2, 20, 3, 19], [21, 9, 22, 8], [23, 7, 24, 6], [1, 14, 2, 15], [18, 4, 19, 3], [5, 12, 6, 13]]"
12n_0876_110,"[[5, 12, 6, 13], [7, 23, 8, 22], [9, 21, 10, 20], [11, 17, 12, 16], [13, 24, 14, 1], [15, 4, 16, 5], [17, 11, 18, 10], [2, 20, 3, 19], [21, 9, 22, 8], [23, 7, 24, 6], [1, 14, 2, 15], [18, 4, 19, 3]]"
12n_0876_111,"[[18, 4, 19, 3], [5, 12, 6, 13], [7, 23, 8, 22], [9, 21, 10, 20], [11, 17, 12, 16], [13, 24, 14, 1], [15, 4, 16, 5], [17, 11, 18, 10], [2, 20, 3, 19], [21, 9, 22, 8], [23, 7, 24, 6], [1, 14, 2, 15]]"
12n_0876_112,"[[1, 14, 2, 15], [18, 4, 19, 3], [5, 12, 6, 13], [7, 23, 8, 22], [9, 21, 10, 20], [11, 17, 12, 16], [13, 24, 14, 1], [15, 4, 16, 5], [17, 11, 18, 10], [2, 20, 3, 19], [21, 9, 22, 8], [23, 7, 24, 6]]"
12n_0876_113,"[[23, 7, 24, 6], [1, 14, 2, 15], [18, 4, 19, 3], [5, 12, 6, 13], [7, 23, 8, 22], [9, 21, 10, 20], [11, 17, 12, 16], [13, 24, 14, 1], [15, 4, 16, 5], [17, 11, 18, 10], [2, 20, 3, 19], [21, 9, 22, 8]]"
12n_0876_114,"[[21, 9, 22, 8], [23, 7, 24, 6], [1, 14, 2, 15], [18, 4, 19, 3], [5, 12, 6, 13], [7, 23, 8, 22], [9, 21, 10, 20], [11, 17, 12, 16], [13, 24, 14, 1], [15, 4, 16, 5], [17, 11, 18, 10], [2, 20, 3, 19]]"
12n_0876_115,"[[2, 20, 3, 19], [21, 9, 22, 8], [23, 7, 24, 6], [1, 14, 2, 15], [18, 4, 19, 3], [5, 12, 6, 13], [7, 23, 8, 22], [9, 21, 10, 20], [11, 17, 12, 16], [13, 24, 14, 1], [15, 4, 16, 5], [17, 11, 18, 10]]"
12n_0876_116,"[[17, 11, 18, 10], [2, 20, 3, 19], [21, 9, 22, 8], [23, 7, 24, 6], [1, 14, 2, 15], [18, 4, 19, 3], [5, 12, 6, 13], [7, 23, 8, 22], [9, 21, 10, 20], [11, 17, 12, 16], [13, 24, 14, 1], [15, 4, 16, 5]]"
12n_0876_117,"[[15, 4, 16, 5], [17, 11, 18, 10], [2, 20, 3, 19], [21, 9, 22, 8], [23, 7, 24, 6], [1, 14, 2, 15], [18, 4, 19, 3], [5, 12, 6, 13], [7, 23, 8, 22], [9, 21, 10, 20], [11, 17, 12, 16], [13, 24, 14, 1]]"
12n_0876_118,"[[13, 24, 14, 1], [15, 4, 16, 5], [17, 11, 18, 10], [2, 20, 3, 19], [21, 9, 22, 8], [23, 7, 24, 6], [1, 14, 2, 15], [18, 4, 19, 3], [5, 12, 6, 13], [7, 23, 8, 22], [9, 21, 10, 20], [11, 17, 12, 16]]"
12n_0876_119,"[[11, 17, 12, 16], [13, 24, 14, 1], [15, 4, 16, 5], [17, 11, 18, 10], [2, 20, 3, 19], [21, 9, 22, 8], [23, 7, 24, 6], [1, 14, 2, 15], [18, 4, 19, 3], [5, 12, 6, 13], [7, 23, 8, 22], [9, 21, 10, 20]]"
12n_0876_120,"[[10, 22, 11, 21], [12, 18, 13, 17], [14, 1, 15, 2], [16, 5, 17, 6], [18, 12, 19, 11], [3, 21, 4, 20], [22, 10, 23, 9], [24, 8, 1, 7], [2, 15, 3, 16], [19, 5, 20, 4], [6, 13, 7, 14], [8, 24, 9, 23]]"
12n_0876_121,"[[8, 24, 9, 23], [10, 22, 11, 21], [12, 18, 13, 17], [14, 1, 15, 2], [16, 5, 17, 6], [18, 12, 19, 11], [3, 21, 4, 20], [22, 10, 23, 9], [24, 8, 1, 7], [2, 15, 3, 16], [19, 5, 20, 4], [6, 13, 7, 14]]"
12n_0876_122,"[[6, 13, 7, 14], [8, 24, 9, 23], [10, 22, 11, 21], [12, 18, 13, 17], [14, 1, 15, 2], [16, 5, 17, 6], [18, 12, 19, 11], [3, 21, 4, 20], [22, 10, 23, 9], [24, 8, 1, 7], [2, 15, 3, 16], [19, 5, 20, 4]]"
12n_0876_123,"[[19, 5, 20, 4], [6, 13, 7, 14], [8, 24, 9, 23], [10, 22, 11, 21], [12, 18, 13, 17], [14, 1, 15, 2], [16, 5, 17, 6], [18, 12, 19, 11], [3, 21, 4, 20], [22, 10, 23, 9], [24, 8, 1, 7], [2, 15, 3, 16]]"
12n_0876_124,"[[2, 15, 3, 16], [19, 5, 20, 4], [6, 13, 7, 14], [8, 24, 9, 23], [10, 22, 11, 21], [12, 18, 13, 17], [14, 1, 15, 2], [16, 5, 17, 6], [18, 12, 19, 11], [3, 21, 4, 20], [22, 10, 23, 9], [24, 8, 1, 7]]"
12n_0876_125,"[[24, 8, 1, 7], [2, 15, 3, 16], [19, 5, 20, 4], [6, 13, 7, 14], [8, 24, 9, 23], [10, 22, 11, 21], [12, 18, 13, 17], [14, 1, 15, 2], [16, 5, 17, 6], [18, 12, 19, 11], [3, 21, 4, 20], [22, 10, 23, 9]]"
12n_0876_126,"[[22, 10, 23, 9], [24, 8, 1, 7], [2, 15, 3, 16], [19, 5, 20, 4], [6, 13, 7, 14], [8, 24, 9, 23], [10, 22, 11, 21], [12, 18, 13, 17], [14, 1, 15, 2], [16, 5, 17, 6], [18, 12, 19, 11], [3, 21, 4, 20]]"
12n_0876_127,"[[3, 21, 4, 20], [22, 10, 23, 9], [24, 8, 1, 7], [2, 15, 3, 16], [19, 5, 20, 4], [6, 13, 7, 14], [8, 24, 9, 23], [10, 22, 11, 21], [12, 18, 13, 17], [14, 1, 15, 2], [16, 5, 17, 6], [18, 12, 19, 11]]"
12n_0876_128,"[[18, 12, 19, 11], [3, 21, 4, 20], [22, 10, 23, 9], [24, 8, 1, 7], [2, 15, 3, 16], [19, 5, 20, 4], [6, 13, 7, 14], [8, 24, 9, 23], [10, 22, 11, 21], [12, 18, 13, 17], [14, 1, 15, 2], [16, 5, 17, 6]]"
12n_0876_129,"[[16, 5, 17, 6], [18, 12, 19, 11], [3, 21, 4, 20], [22, 10, 23, 9], [24, 8, 1, 7], [2, 15, 3, 16], [19, 5, 20, 4], [6, 13, 7, 14], [8, 24, 9, 23], [10, 22, 11, 21], [12, 18, 13, 17], [14, 1, 15, 2]]"
12n_0876_130,"[[14, 1, 15, 2], [16, 5, 17, 6], [18, 12, 19, 11], [3, 21, 4, 20], [22, 10, 23, 9], [24, 8, 1, 7], [2, 15, 3, 16], [19, 5, 20, 4], [6, 13, 7, 14], [8, 24, 9, 23], [10, 22, 11, 21], [12, 18, 13, 17]]"
12n_0876_131,"[[12, 18, 13, 17], [14, 1, 15, 2], [16, 5, 17, 6], [18, 12, 19, 11], [3, 21, 4, 20], [22, 10, 23, 9], [24, 8, 1, 7], [2, 15, 3, 16], [19, 5, 20, 4], [6, 13, 7, 14], [8, 24, 9, 23], [10, 22, 11, 21]]"
12n_0876_132,"[[11, 23, 12, 22], [13, 19, 14, 18], [15, 2, 16, 3], [17, 6, 18, 7], [19, 13, 20, 12], [4, 22, 5, 21], [23, 11, 24, 10], [1, 9, 2, 8], [3, 16, 4, 17], [20, 6, 21, 5], [7, 14, 8, 15], [9, 1, 10, 24]]"
12n_0876_133,"[[9, 1, 10, 24], [11, 23, 12, 22], [13, 19, 14, 18], [15, 2, 16, 3], [17, 6, 18, 7], [19, 13, 20, 12], [4, 22, 5, 21], [23, 11, 24, 10], [1, 9, 2, 8], [3, 16, 4, 17], [20, 6, 21, 5], [7, 14, 8, 15]]"
12n_0876_134,"[[7, 14, 8, 15], [9, 1, 10, 24], [11, 23, 12, 22], [13, 19, 14, 18], [15, 2, 16, 3], [17, 6, 18, 7], [19, 13, 20, 12], [4, 22, 5, 21], [23, 11, 24, 10], [1, 9, 2, 8], [3, 16, 4, 17], [20, 6, 21, 5]]"
12n_0876_135,"[[20, 6, 21, 5], [7, 14, 8, 15], [9, 1, 10, 24], [11, 23, 12, 22], [13, 19, 14, 18], [15, 2, 16, 3], [17, 6, 18, 7], [19, 13, 20, 12], [4, 22, 5, 21], [23, 11, 24, 10], [1, 9, 2, 8], [3, 16, 4, 17]]"
12n_0876_136,"[[3, 16, 4, 17], [20, 6, 21, 5], [7, 14, 8, 15], [9, 1, 10, 24], [11, 23, 12, 22], [13, 19, 14, 18], [15, 2, 16, 3], [17, 6, 18, 7], [19, 13, 20, 12], [4, 22, 5, 21], [23, 11, 24, 10], [1, 9, 2, 8]]"
12n_0876_137,"[[1, 9, 2, 8], [3, 16, 4, 17], [20, 6, 21, 5], [7, 14, 8, 15], [9, 1, 10, 24], [11, 23, 12, 22], [13, 19, 14, 18], [15, 2, 16, 3], [17, 6, 18, 7], [19, 13, 20, 12], [4, 22, 5, 21], [23, 11, 24, 10]]"
12n_0876_138,"[[23, 11, 24, 10], [1, 9, 2, 8], [3, 16, 4, 17], [20, 6, 21, 5], [7, 14, 8, 15], [9, 1, 10, 24], [11, 23, 12, 22], [13, 19, 14, 18], [15, 2, 16, 3], [17, 6, 18, 7], [19, 13, 20, 12], [4, 22, 5, 21]]"
12n_0876_139,"[[4, 22, 5, 21], [23, 11, 24, 10], [1, 9, 2, 8], [3, 16, 4, 17], [20, 6, 21, 5], [7, 14, 8, 15], [9, 1, 10, 24], [11, 23, 12, 22], [13, 19, 14, 18], [15, 2, 16, 3], [17, 6, 18, 7], [19, 13, 20, 12]]"
12n_0876_140,"[[19, 13, 20, 12], [4, 22, 5, 21], [23, 11, 24, 10], [1, 9, 2, 8], [3, 16, 4, 17], [20, 6, 21, 5], [7, 14, 8, 15], [9, 1, 10, 24], [11, 23, 12, 22], [13, 19, 14, 18], [15, 2, 16, 3], [17, 6, 18, 7]]"
12n_0876_141,"[[17, 6, 18, 7], [19, 13, 20, 12], [4, 22, 5, 21], [23, 11, 24, 10], [1, 9, 2, 8], [3, 16, 4, 17], [20, 6, 21, 5], [7, 14, 8, 15], [9, 1, 10, 24], [11, 23, 12, 22], [13, 19, 14, 18], [15, 2, 16, 3]]"
12n_0876_142,"[[15, 2, 16, 3], [17, 6, 18, 7], [19, 13, 20, 12], [4, 22, 5, 21], [23, 11, 24, 10], [1, 9, 2, 8], [3, 16, 4, 17], [20, 6, 21, 5], [7, 14, 8, 15], [9, 1, 10, 24], [11, 23, 12, 22], [13, 19, 14, 18]]"
12n_0876_143,"[[13, 19, 14, 18], [15, 2, 16, 3], [17, 6, 18, 7], [19, 13, 20, 12], [4, 22, 5, 21], [23, 11, 24, 10], [1, 9, 2, 8], [3, 16, 4, 17], [20, 6, 21, 5], [7, 14, 8, 15], [9, 1, 10, 24], [11, 23, 12, 22]]"
12n_0876_144,"[[12, 24, 13, 23], [14, 20, 15, 19], [16, 3, 17, 4], [18, 7, 19, 8], [20, 14, 21, 13], [5, 23, 6, 22], [24, 12, 1, 11], [2, 10, 3, 9], [4, 17, 5, 18], [21, 7, 22, 6], [8, 15, 9, 16], [10, 2, 11, 1]]"
12n_0876_145,"[[10, 2, 11, 1], [12, 24, 13, 23], [14, 20, 15, 19], [16, 3, 17, 4], [18, 7, 19, 8], [20, 14, 21, 13], [5, 23, 6, 22], [24, 12, 1, 11], [2, 10, 3, 9], [4, 17, 5, 18], [21, 7, 22, 6], [8, 15, 9, 16]]"
12n_0876_146,"[[8, 15, 9, 16], [10, 2, 11, 1], [12, 24, 13, 23], [14, 20, 15, 19], [16, 3, 17, 4], [18, 7, 19, 8], [20, 14, 21, 13], [5, 23, 6, 22], [24, 12, 1, 11], [2, 10, 3, 9], [4, 17, 5, 18], [21, 7, 22, 6]]"
12n_0876_147,"[[21, 7, 22, 6], [8, 15, 9, 16], [10, 2, 11, 1], [12, 24, 13, 23], [14, 20, 15, 19], [16, 3, 17, 4], [18, 7, 19, 8], [20, 14, 21, 13], [5, 23, 6, 22], [24, 12, 1, 11], [2, 10, 3, 9], [4, 17, 5, 18]]"
12n_0876_148,"[[4, 17, 5, 18], [21, 7, 22, 6], [8, 15, 9, 16], [10, 2, 11, 1], [12, 24, 13, 23], [14, 20, 15, 19], [16, 3, 17, 4], [18, 7, 19, 8], [20, 14, 21, 13], [5, 23, 6, 22], [24, 12, 1, 11], [2, 10, 3, 9]]"
12n_0876_149,"[[2, 10, 3, 9], [4, 17, 5, 18], [21, 7, 22, 6], [8, 15, 9, 16], [10, 2, 11, 1], [12, 24, 13, 23], [14, 20, 15, 19], [16, 3, 17, 4], [18, 7, 19, 8], [20, 14, 21, 13], [5, 23, 6, 22], [24, 12, 1, 11]]"
12n_0876_150,"[[24, 12, 1, 11], [2, 10, 3, 9], [4, 17, 5, 18], [21, 7, 22, 6], [8, 15, 9, 16], [10, 2, 11, 1], [12, 24, 13, 23], [14, 20, 15, 19], [16, 3, 17, 4], [18, 7, 19, 8], [20, 14, 21, 13], [5, 23, 6, 22]]"
12n_0876_151,"[[5, 23, 6, 22], [24, 12, 1, 11], [2, 10, 3, 9], [4, 17, 5, 18], [21, 7, 22, 6], [8, 15, 9, 16], [10, 2, 11, 1], [12, 24, 13, 23], [14, 20, 15, 19], [16, 3, 17, 4], [18, 7, 19, 8], [20, 14, 21, 13]]"
12n_0876_152,"[[20, 14, 21, 13], [5, 23, 6, 22], [24, 12, 1, 11], [2, 10, 3, 9], [4, 17, 5, 18], [21, 7, 22, 6], [8, 15, 9, 16], [10, 2, 11, 1], [12, 24, 13, 23], [14, 20, 15, 19], [16, 3, 17, 4], [18, 7, 19, 8]]"
12n_0876_153,"[[18, 7, 19, 8], [20, 14, 21, 13], [5, 23, 6, 22], [24, 12, 1, 11], [2, 10, 3, 9], [4, 17, 5, 18], [21, 7, 22, 6], [8, 15, 9, 16], [10, 2, 11, 1], [12, 24, 13, 23], [14, 20, 15, 19], [16, 3, 17, 4]]"
12n_0876_154,"[[16, 3, 17, 4], [18, 7, 19, 8], [20, 14, 21, 13], [5, 23, 6, 22], [24, 12, 1, 11], [2, 10, 3, 9], [4, 17, 5, 18], [21, 7, 22, 6], [8, 15, 9, 16], [10, 2, 11, 1], [12, 24, 13, 23], [14, 20, 15, 19]]"
12n_0876_155,"[[14, 20, 15, 19], [16, 3, 17, 4], [18, 7, 19, 8], [20, 14, 21, 13], [5, 23, 6, 22], [24, 12, 1, 11], [2, 10, 3, 9], [4, 17, 5, 18], [21, 7, 22, 6], [8, 15, 9, 16], [10, 2, 11, 1], [12, 24, 13, 23]]"
12n_0876_156,"[[13, 1, 14, 24], [15, 21, 16, 20], [17, 4, 18, 5], [19, 8, 20, 9], [21, 15, 22, 14], [6, 24, 7, 23], [1, 13, 2, 12], [3, 11, 4, 10], [5, 18, 6, 19], [22, 8, 23, 7], [9, 16, 10, 17], [11, 3, 12, 2]]"
12n_0876_157,"[[11, 3, 12, 2], [13, 1, 14, 24], [15, 21, 16, 20], [17, 4, 18, 5], [19, 8, 20, 9], [21, 15, 22, 14], [6, 24, 7, 23], [1, 13, 2, 12], [3, 11, 4, 10], [5, 18, 6, 19], [22, 8, 23, 7], [9, 16, 10, 17]]"
12n_0876_158,"[[9, 16, 10, 17], [11, 3, 12, 2], [13, 1, 14, 24], [15, 21, 16, 20], [17, 4, 18, 5], [19, 8, 20, 9], [21, 15, 22, 14], [6, 24, 7, 23], [1, 13, 2, 12], [3, 11, 4, 10], [5, 18, 6, 19], [22, 8, 23, 7]]"
12n_0876_159,"[[22, 8, 23, 7], [9, 16, 10, 17], [11, 3, 12, 2], [13, 1, 14, 24], [15, 21, 16, 20], [17, 4, 18, 5], [19, 8, 20, 9], [21, 15, 22, 14], [6, 24, 7, 23], [1, 13, 2, 12], [3, 11, 4, 10], [5, 18, 6, 19]]"
12n_0876_160,"[[5, 18, 6, 19], [22, 8, 23, 7], [9, 16, 10, 17], [11, 3, 12, 2], [13, 1, 14, 24], [15, 21, 16, 20], [17, 4, 18, 5], [19, 8, 20, 9], [21, 15, 22, 14], [6, 24, 7, 23], [1, 13, 2, 12], [3, 11, 4, 10]]"
12n_0876_161,"[[3, 11, 4, 10], [5, 18, 6, 19], [22, 8, 23, 7], [9, 16, 10, 17], [11, 3, 12, 2], [13, 1, 14, 24], [15, 21, 16, 20], [17, 4, 18, 5], [19, 8, 20, 9], [21, 15, 22, 14], [6, 24, 7, 23], [1, 13, 2, 12]]"
12n_0876_162,"[[1, 13, 2, 12], [3, 11, 4, 10], [5, 18, 6, 19], [22, 8, 23, 7], [9, 16, 10, 17], [11, 3, 12, 2], [13, 1, 14, 24], [15, 21, 16, 20], [17, 4, 18, 5], [19, 8, 20, 9], [21, 15, 22, 14], [6, 24, 7, 23]]"
12n_0876_163,"[[6, 24, 7, 23], [1, 13, 2, 12], [3, 11, 4, 10], [5, 18, 6, 19], [22, 8, 23, 7], [9, 16, 10, 17], [11, 3, 12, 2], [13, 1, 14, 24], [15, 21, 16, 20], [17, 4, 18, 5], [19, 8, 20, 9], [21, 15, 22, 14]]"
12n_0876_164,"[[21, 15, 22, 14], [6, 24, 7, 23], [1, 13, 2, 12], [3, 11, 4, 10], [5, 18, 6, 19], [22, 8, 23, 7], [9, 16, 10, 17], [11, 3, 12, 2], [13, 1, 14, 24], [15, 21, 16, 20], [17, 4, 18, 5], [19, 8, 20, 9]]"
12n_0876_165,"[[19, 8, 20, 9], [21, 15, 22, 14], [6, 24, 7, 23], [1, 13, 2, 12], [3, 11, 4, 10], [5, 18, 6, 19], [22, 8, 23, 7], [9, 16, 10, 17], [11, 3, 12, 2], [13, 1, 14, 24], [15, 21, 16, 20], [17, 4, 18, 5]]"
12n_0876_166,"[[17, 4, 18, 5], [19, 8, 20, 9], [21, 15, 22, 14], [6, 24, 7, 23], [1, 13, 2, 12], [3, 11, 4, 10], [5, 18, 6, 19], [22, 8, 23, 7], [9, 16, 10, 17], [11, 3, 12, 2], [13, 1, 14, 24], [15, 21, 16, 20]]"
12n_0876_167,"[[15, 21, 16, 20], [17, 4, 18, 5], [19, 8, 20, 9], [21, 15, 22, 14], [6, 24, 7, 23], [1, 13, 2, 12], [3, 11, 4, 10], [5, 18, 6, 19], [22, 8, 23, 7], [9, 16, 10, 17], [11, 3, 12, 2], [13, 1, 14, 24]]"
12n_0876_168,"[[14, 2, 15, 1], [16, 22, 17, 21], [18, 5, 19, 6], [20, 9, 21, 10], [22, 16, 23, 15], [7, 1, 8, 24], [2, 14, 3, 13], [4, 12, 5, 11], [6, 19, 7, 20], [23, 9, 24, 8], [10, 17, 11, 18], [12, 4, 13, 3]]"
12n_0876_169,"[[12, 4, 13, 3], [14, 2, 15, 1], [16, 22, 17, 21], [18, 5, 19, 6], [20, 9, 21, 10], [22, 16, 23, 15], [7, 1, 8, 24], [2, 14, 3, 13], [4, 12, 5, 11], [6, 19, 7, 20], [23, 9, 24, 8], [10, 17, 11, 18]]"
12n_0876_170,"[[10, 17, 11, 18], [12, 4, 13, 3], [14, 2, 15, 1], [16, 22, 17, 21], [18, 5, 19, 6], [20, 9, 21, 10], [22, 16, 23, 15], [7, 1, 8, 24], [2, 14, 3, 13], [4, 12, 5, 11], [6, 19, 7, 20], [23, 9, 24, 8]]"
12n_0876_171,"[[23, 9, 24, 8], [10, 17, 11, 18], [12, 4, 13, 3], [14, 2, 15, 1], [16, 22, 17, 21], [18, 5, 19, 6], [20, 9, 21, 10], [22, 16, 23, 15], [7, 1, 8, 24], [2, 14, 3, 13], [4, 12, 5, 11], [6, 19, 7, 20]]"
12n_0876_172,"[[6, 19, 7, 20], [23, 9, 24, 8], [10, 17, 11, 18], [12, 4, 13, 3], [14, 2, 15, 1], [16, 22, 17, 21], [18, 5, 19, 6], [20, 9, 21, 10], [22, 16, 23, 15], [7, 1, 8, 24], [2, 14, 3, 13], [4, 12, 5, 11]]"
12n_0876_173,"[[4, 12, 5, 11], [6, 19, 7, 20], [23, 9, 24, 8], [10, 17, 11, 18], [12, 4, 13, 3], [14, 2, 15, 1], [16, 22, 17, 21], [18, 5, 19, 6], [20, 9, 21, 10], [22, 16, 23, 15], [7, 1, 8, 24], [2, 14, 3, 13]]"
12n_0876_174,"[[2, 14, 3, 13], [4, 12, 5, 11], [6, 19, 7, 20], [23, 9, 24, 8], [10, 17, 11, 18], [12, 4, 13, 3], [14, 2, 15, 1], [16, 22, 17, 21], [18, 5, 19, 6], [20, 9, 21, 10], [22, 16, 23, 15], [7, 1, 8, 24]]"
12n_0876_175,"[[7, 1, 8, 24], [2, 14, 3, 13], [4, 12, 5, 11], [6, 19, 7, 20], [23, 9, 24, 8], [10, 17, 11, 18], [12, 4, 13, 3], [14, 2, 15, 1], [16, 22, 17, 21], [18, 5, 19, 6], [20, 9, 21, 10], [22, 16, 23, 15]]"
12n_0876_176,"[[22, 16, 23, 15], [7, 1, 8, 24], [2, 14, 3, 13], [4, 12, 5, 11], [6, 19, 7, 20], [23, 9, 24, 8], [10, 17, 11, 18], [12, 4, 13, 3], [14, 2, 15, 1], [16, 22, 17, 21], [18, 5, 19, 6], [20, 9, 21, 10]]"
12n_0876_177,"[[20, 9, 21, 10], [22, 16, 23, 15], [7, 1, 8, 24], [2, 14, 3, 13], [4, 12, 5, 11], [6, 19, 7, 20], [23, 9, 24, 8], [10, 17, 11, 18], [12, 4, 13, 3], [14, 2, 15, 1], [16, 22, 17, 21], [18, 5, 19, 6]]"
12n_0876_178,"[[18, 5, 19, 6], [20, 9, 21, 10], [22, 16, 23, 15], [7, 1, 8, 24], [2, 14, 3, 13], [4, 12, 5, 11], [6, 19, 7, 20], [23, 9, 24, 8], [10, 17, 11, 18], [12, 4, 13, 3], [14, 2, 15, 1], [16, 22, 17, 21]]"
12n_0876_179,"[[16, 22, 17, 21], [18, 5, 19, 6], [20, 9, 21, 10], [22, 16, 23, 15], [7, 1, 8, 24], [2, 14, 3, 13], [4, 12, 5, 11], [6, 19, 7, 20], [23, 9, 24, 8], [10, 17, 11, 18], [12, 4, 13, 3], [14, 2, 15, 1]]"
12n_0876_180,"[[15, 3, 16, 2], [17, 23, 18, 22], [19, 6, 20, 7], [21, 10, 22, 11], [23, 17, 24, 16], [8, 2, 9, 1], [3, 15, 4, 14], [5, 13, 6, 12], [7, 20, 8, 21], [24, 10, 1, 9], [11, 18, 12, 19], [13, 5, 14, 4]]"
12n_0876_181,"[[13, 5, 14, 4], [15, 3, 16, 2], [17, 23, 18, 22], [19, 6, 20, 7], [21, 10, 22, 11], [23, 17, 24, 16], [8, 2, 9, 1], [3, 15, 4, 14], [5, 13, 6, 12], [7, 20, 8, 21], [24, 10, 1, 9], [11, 18, 12, 19]]"
12n_0876_182,"[[11, 18, 12, 19], [13, 5, 14, 4], [15, 3, 16, 2], [17, 23, 18, 22], [19, 6, 20, 7], [21, 10, 22, 11], [23, 17, 24, 16], [8, 2, 9, 1], [3, 15, 4, 14], [5, 13, 6, 12], [7, 20, 8, 21], [24, 10, 1, 9]]"
12n_0876_183,"[[24, 10, 1, 9], [11, 18, 12, 19], [13, 5, 14, 4], [15, 3, 16, 2], [17, 23, 18, 22], [19, 6, 20, 7], [21, 10, 22, 11], [23, 17, 24, 16], [8, 2, 9, 1], [3, 15, 4, 14], [5, 13, 6, 12], [7, 20, 8, 21]]"
12n_0876_184,"[[7, 20, 8, 21], [24, 10, 1, 9], [11, 18, 12, 19], [13, 5, 14, 4], [15, 3, 16, 2], [17, 23, 18, 22], [19, 6, 20, 7], [21, 10, 22, 11], [23, 17, 24, 16], [8, 2, 9, 1], [3, 15, 4, 14], [5, 13, 6, 12]]"
12n_0876_185,"[[5, 13, 6, 12], [7, 20, 8, 21], [24, 10, 1, 9], [11, 18, 12, 19], [13, 5, 14, 4], [15, 3, 16, 2], [17, 23, 18, 22], [19, 6, 20, 7], [21, 10, 22, 11], [23, 17, 24, 16], [8, 2, 9, 1], [3, 15, 4, 14]]"
