name,pd_notation
12n_0833_0,"[[24, 15, 1, 16], [2, 8, 3, 7], [11, 5, 12, 4], [6, 24, 7, 23], [8, 17, 9, 18], [10, 21, 11, 22], [5, 13, 6, 12], [14, 19, 15, 20], [16, 1, 17, 2], [18, 9, 19, 10], [20, 13, 21, 14], [22, 4, 23, 3]]"
12n_0833_1,"[[22, 4, 23, 3], [24, 15, 1, 16], [2, 8, 3, 7], [11, 5, 12, 4], [6, 24, 7, 23], [8, 17, 9, 18], [10, 21, 11, 22], [5, 13, 6, 12], [14, 19, 15, 20], [16, 1, 17, 2], [18, 9, 19, 10], [20, 13, 21, 14]]"
12n_0833_2,"[[20, 13, 21, 14], [22, 4, 23, 3], [24, 15, 1, 16], [2, 8, 3, 7], [11, 5, 12, 4], [6, 24, 7, 23], [8, 17, 9, 18], [10, 21, 11, 22], [5, 13, 6, 12], [14, 19, 15, 20], [16, 1, 17, 2], [18, 9, 19, 10]]"
12n_0833_3,"[[18, 9, 19, 10], [20, 13, 21, 14], [22, 4, 23, 3], [24, 15, 1, 16], [2, 8, 3, 7], [11, 5, 12, 4], [6, 24, 7, 23], [8, 17, 9, 18], [10, 21, 11, 22], [5, 13, 6, 12], [14, 19, 15, 20], [16, 1, 17, 2]]"
12n_0833_4,"[[16, 1, 17, 2], [18, 9, 19, 10], [20, 13, 21, 14], [22, 4, 23, 3], [24, 15, 1, 16], [2, 8, 3, 7], [11, 5, 12, 4], [6, 24, 7, 23], [8, 17, 9, 18], [10, 21, 11, 22], [5, 13, 6, 12], [14, 19, 15, 20]]"
12n_0833_5,"[[14, 19, 15, 20], [16, 1, 17, 2], [18, 9, 19, 10], [20, 13, 21, 14], [22, 4, 23, 3], [24, 15, 1, 16], [2, 8, 3, 7], [11, 5, 12, 4], [6, 24, 7, 23], [8, 17, 9, 18], [10, 21, 11, 22], [5, 13, 6, 12]]"
12n_0833_6,"[[5, 13, 6, 12], [14, 19, 15, 20], [16, 1, 17, 2], [18, 9, 19, 10], [20, 13, 21, 14], [22, 4, 23, 3], [24, 15, 1, 16], [2, 8, 3, 7], [11, 5, 12, 4], [6, 24, 7, 23], [8, 17, 9, 18], [10, 21, 11, 22]]"
12n_0833_7,"[[10, 21, 11, 22], [5, 13, 6, 12], [14, 19, 15, 20], [16, 1, 17, 2], [18, 9, 19, 10], [20, 13, 21, 14], [22, 4, 23, 3], [24, 15, 1, 16], [2, 8, 3, 7], [11, 5, 12, 4], [6, 24, 7, 23], [8, 17, 9, 18]]"
12n_0833_8,"[[8, 17, 9, 18], [10, 21, 11, 22], [5, 13, 6, 12], [14, 19, 15, 20], [16, 1, 17, 2], [18, 9, 19, 10], [20, 13, 21, 14], [22, 4, 23, 3], [24, 15, 1, 16], [2, 8, 3, 7], [11, 5, 12, 4], [6, 24, 7, 23]]"
12n_0833_9,"[[6, 24, 7, 23], [8, 17, 9, 18], [10, 21, 11, 22], [5, 13, 6, 12], [14, 19, 15, 20], [16, 1, 17, 2], [18, 9, 19, 10], [20, 13, 21, 14], [22, 4, 23, 3], [24, 15, 1, 16], [2, 8, 3, 7], [11, 5, 12, 4]]"
12n_0833_10,"[[11, 5, 12, 4], [6, 24, 7, 23], [8, 17, 9, 18], [10, 21, 11, 22], [5, 13, 6, 12], [14, 19, 15, 20], [16, 1, 17, 2], [18, 9, 19, 10], [20, 13, 21, 14], [22, 4, 23, 3], [24, 15, 1, 16], [2, 8, 3, 7]]"
12n_0833_11,"[[2, 8, 3, 7], [11, 5, 12, 4], [6, 24, 7, 23], [8, 17, 9, 18], [10, 21, 11, 22], [5, 13, 6, 12], [14, 19, 15, 20], [16, 1, 17, 2], [18, 9, 19, 10], [20, 13, 21, 14], [22, 4, 23, 3], [24, 15, 1, 16]]"
12n_0833_12,"[[1, 16, 2, 17], [3, 9, 4, 8], [12, 6, 13, 5], [7, 1, 8, 24], [9, 18, 10, 19], [11, 22, 12, 23], [6, 14, 7, 13], [15, 20, 16, 21], [17, 2, 18, 3], [19, 10, 20, 11], [21, 14, 22, 15], [23, 5, 24, 4]]"
12n_0833_13,"[[23, 5, 24, 4], [1, 16, 2, 17], [3, 9, 4, 8], [12, 6, 13, 5], [7, 1, 8, 24], [9, 18, 10, 19], [11, 22, 12, 23], [6, 14, 7, 13], [15, 20, 16, 21], [17, 2, 18, 3], [19, 10, 20, 11], [21, 14, 22, 15]]"
12n_0833_14,"[[21, 14, 22, 15], [23, 5, 24, 4], [1, 16, 2, 17], [3, 9, 4, 8], [12, 6, 13, 5], [7, 1, 8, 24], [9, 18, 10, 19], [11, 22, 12, 23], [6, 14, 7, 13], [15, 20, 16, 21], [17, 2, 18, 3], [19, 10, 20, 11]]"
12n_0833_15,"[[19, 10, 20, 11], [21, 14, 22, 15], [23, 5, 24, 4], [1, 16, 2, 17], [3, 9, 4, 8], [12, 6, 13, 5], [7, 1, 8, 24], [9, 18, 10, 19], [11, 22, 12, 23], [6, 14, 7, 13], [15, 20, 16, 21], [17, 2, 18, 3]]"
12n_0833_16,"[[17, 2, 18, 3], [19, 10, 20, 11], [21, 14, 22, 15], [23, 5, 24, 4], [1, 16, 2, 17], [3, 9, 4, 8], [12, 6, 13, 5], [7, 1, 8, 24], [9, 18, 10, 19], [11, 22, 12, 23], [6, 14, 7, 13], [15, 20, 16, 21]]"
12n_0833_17,"[[15, 20, 16, 21], [17, 2, 18, 3], [19, 10, 20, 11], [21, 14, 22, 15], [23, 5, 24, 4], [1, 16, 2, 17], [3, 9, 4, 8], [12, 6, 13, 5], [7, 1, 8, 24], [9, 18, 10, 19], [11, 22, 12, 23], [6, 14, 7, 13]]"
12n_0833_18,"[[6, 14, 7, 13], [15, 20, 16, 21], [17, 2, 18, 3], [19, 10, 20, 11], [21, 14, 22, 15], [23, 5, 24, 4], [1, 16, 2, 17], [3, 9, 4, 8], [12, 6, 13, 5], [7, 1, 8, 24], [9, 18, 10, 19], [11, 22, 12, 23]]"
12n_0833_19,"[[11, 22, 12, 23], [6, 14, 7, 13], [15, 20, 16, 21], [17, 2, 18, 3], [19, 10, 20, 11], [21, 14, 22, 15], [23, 5, 24, 4], [1, 16, 2, 17], [3, 9, 4, 8], [12, 6, 13, 5], [7, 1, 8, 24], [9, 18, 10, 19]]"
12n_0833_20,"[[9, 18, 10, 19], [11, 22, 12, 23], [6, 14, 7, 13], [15, 20, 16, 21], [17, 2, 18, 3], [19, 10, 20, 11], [21, 14, 22, 15], [23, 5, 24, 4], [1, 16, 2, 17], [3, 9, 4, 8], [12, 6, 13, 5], [7, 1, 8, 24]]"
12n_0833_21,"[[7, 1, 8, 24], [9, 18, 10, 19], [11, 22, 12, 23], [6, 14, 7, 13], [15, 20, 16, 21], [17, 2, 18, 3], [19, 10, 20, 11], [21, 14, 22, 15], [23, 5, 24, 4], [1, 16, 2, 17], [3, 9, 4, 8], [12, 6, 13, 5]]"
12n_0833_22,"[[12, 6, 13, 5], [7, 1, 8, 24], [9, 18, 10, 19], [11, 22, 12, 23], [6, 14, 7, 13], [15, 20, 16, 21], [17, 2, 18, 3], [19, 10, 20, 11], [21, 14, 22, 15], [23, 5, 24, 4], [1, 16, 2, 17], [3, 9, 4, 8]]"
12n_0833_23,"[[3, 9, 4, 8], [12, 6, 13, 5], [7, 1, 8, 24], [9, 18, 10, 19], [11, 22, 12, 23], [6, 14, 7, 13], [15, 20, 16, 21], [17, 2, 18, 3], [19, 10, 20, 11], [21, 14, 22, 15], [23, 5, 24, 4], [1, 16, 2, 17]]"
12n_0833_24,"[[2, 17, 3, 18], [4, 10, 5, 9], [13, 7, 14, 6], [8, 2, 9, 1], [10, 19, 11, 20], [12, 23, 13, 24], [7, 15, 8, 14], [16, 21, 17, 22], [18, 3, 19, 4], [20, 11, 21, 12], [22, 15, 23, 16], [24, 6, 1, 5]]"
12n_0833_25,"[[24, 6, 1, 5], [2, 17, 3, 18], [4, 10, 5, 9], [13, 7, 14, 6], [8, 2, 9, 1], [10, 19, 11, 20], [12, 23, 13, 24], [7, 15, 8, 14], [16, 21, 17, 22], [18, 3, 19, 4], [20, 11, 21, 12], [22, 15, 23, 16]]"
12n_0833_26,"[[22, 15, 23, 16], [24, 6, 1, 5], [2, 17, 3, 18], [4, 10, 5, 9], [13, 7, 14, 6], [8, 2, 9, 1], [10, 19, 11, 20], [12, 23, 13, 24], [7, 15, 8, 14], [16, 21, 17, 22], [18, 3, 19, 4], [20, 11, 21, 12]]"
12n_0833_27,"[[20, 11, 21, 12], [22, 15, 23, 16], [24, 6, 1, 5], [2, 17, 3, 18], [4, 10, 5, 9], [13, 7, 14, 6], [8, 2, 9, 1], [10, 19, 11, 20], [12, 23, 13, 24], [7, 15, 8, 14], [16, 21, 17, 22], [18, 3, 19, 4]]"
12n_0833_28,"[[18, 3, 19, 4], [20, 11, 21, 12], [22, 15, 23, 16], [24, 6, 1, 5], [2, 17, 3, 18], [4, 10, 5, 9], [13, 7, 14, 6], [8, 2, 9, 1], [10, 19, 11, 20], [12, 23, 13, 24], [7, 15, 8, 14], [16, 21, 17, 22]]"
12n_0833_29,"[[16, 21, 17, 22], [18, 3, 19, 4], [20, 11, 21, 12], [22, 15, 23, 16], [24, 6, 1, 5], [2, 17, 3, 18], [4, 10, 5, 9], [13, 7, 14, 6], [8, 2, 9, 1], [10, 19, 11, 20], [12, 23, 13, 24], [7, 15, 8, 14]]"
12n_0833_30,"[[7, 15, 8, 14], [16, 21, 17, 22], [18, 3, 19, 4], [20, 11, 21, 12], [22, 15, 23, 16], [24, 6, 1, 5], [2, 17, 3, 18], [4, 10, 5, 9], [13, 7, 14, 6], [8, 2, 9, 1], [10, 19, 11, 20], [12, 23, 13, 24]]"
12n_0833_31,"[[12, 23, 13, 24], [7, 15, 8, 14], [16, 21, 17, 22], [18, 3, 19, 4], [20, 11, 21, 12], [22, 15, 23, 16], [24, 6, 1, 5], [2, 17, 3, 18], [4, 10, 5, 9], [13, 7, 14, 6], [8, 2, 9, 1], [10, 19, 11, 20]]"
12n_0833_32,"[[10, 19, 11, 20], [12, 23, 13, 24], [7, 15, 8, 14], [16, 21, 17, 22], [18, 3, 19, 4], [20, 11, 21, 12], [22, 15, 23, 16], [24, 6, 1, 5], [2, 17, 3, 18], [4, 10, 5, 9], [13, 7, 14, 6], [8, 2, 9, 1]]"
12n_0833_33,"[[8, 2, 9, 1], [10, 19, 11, 20], [12, 23, 13, 24], [7, 15, 8, 14], [16, 21, 17, 22], [18, 3, 19, 4], [20, 11, 21, 12], [22, 15, 23, 16], [24, 6, 1, 5], [2, 17, 3, 18], [4, 10, 5, 9], [13, 7, 14, 6]]"
12n_0833_34,"[[13, 7, 14, 6], [8, 2, 9, 1], [10, 19, 11, 20], [12, 23, 13, 24], [7, 15, 8, 14], [16, 21, 17, 22], [18, 3, 19, 4], [20, 11, 21, 12], [22, 15, 23, 16], [24, 6, 1, 5], [2, 17, 3, 18], [4, 10, 5, 9]]"
12n_0833_35,"[[4, 10, 5, 9], [13, 7, 14, 6], [8, 2, 9, 1], [10, 19, 11, 20], [12, 23, 13, 24], [7, 15, 8, 14], [16, 21, 17, 22], [18, 3, 19, 4], [20, 11, 21, 12], [22, 15, 23, 16], [24, 6, 1, 5], [2, 17, 3, 18]]"
12n_0833_36,"[[3, 18, 4, 19], [5, 11, 6, 10], [14, 8, 15, 7], [9, 3, 10, 2], [11, 20, 12, 21], [13, 24, 14, 1], [8, 16, 9, 15], [17, 22, 18, 23], [19, 4, 20, 5], [21, 12, 22, 13], [23, 16, 24, 17], [1, 7, 2, 6]]"
12n_0833_37,"[[1, 7, 2, 6], [3, 18, 4, 19], [5, 11, 6, 10], [14, 8, 15, 7], [9, 3, 10, 2], [11, 20, 12, 21], [13, 24, 14, 1], [8, 16, 9, 15], [17, 22, 18, 23], [19, 4, 20, 5], [21, 12, 22, 13], [23, 16, 24, 17]]"
12n_0833_38,"[[23, 16, 24, 17], [1, 7, 2, 6], [3, 18, 4, 19], [5, 11, 6, 10], [14, 8, 15, 7], [9, 3, 10, 2], [11, 20, 12, 21], [13, 24, 14, 1], [8, 16, 9, 15], [17, 22, 18, 23], [19, 4, 20, 5], [21, 12, 22, 13]]"
12n_0833_39,"[[21, 12, 22, 13], [23, 16, 24, 17], [1, 7, 2, 6], [3, 18, 4, 19], [5, 11, 6, 10], [14, 8, 15, 7], [9, 3, 10, 2], [11, 20, 12, 21], [13, 24, 14, 1], [8, 16, 9, 15], [17, 22, 18, 23], [19, 4, 20, 5]]"
12n_0833_40,"[[19, 4, 20, 5], [21, 12, 22, 13], [23, 16, 24, 17], [1, 7, 2, 6], [3, 18, 4, 19], [5, 11, 6, 10], [14, 8, 15, 7], [9, 3, 10, 2], [11, 20, 12, 21], [13, 24, 14, 1], [8, 16, 9, 15], [17, 22, 18, 23]]"
12n_0833_41,"[[17, 22, 18, 23], [19, 4, 20, 5], [21, 12, 22, 13], [23, 16, 24, 17], [1, 7, 2, 6], [3, 18, 4, 19], [5, 11, 6, 10], [14, 8, 15, 7], [9, 3, 10, 2], [11, 20, 12, 21], [13, 24, 14, 1], [8, 16, 9, 15]]"
12n_0833_42,"[[8, 16, 9, 15], [17, 22, 18, 23], [19, 4, 20, 5], [21, 12, 22, 13], [23, 16, 24, 17], [1, 7, 2, 6], [3, 18, 4, 19], [5, 11, 6, 10], [14, 8, 15, 7], [9, 3, 10, 2], [11, 20, 12, 21], [13, 24, 14, 1]]"
12n_0833_43,"[[13, 24, 14, 1], [8, 16, 9, 15], [17, 22, 18, 23], [19, 4, 20, 5], [21, 12, 22, 13], [23, 16, 24, 17], [1, 7, 2, 6], [3, 18, 4, 19], [5, 11, 6, 10], [14, 8, 15, 7], [9, 3, 10, 2], [11, 20, 12, 21]]"
12n_0833_44,"[[11, 20, 12, 21], [13, 24, 14, 1], [8, 16, 9, 15], [17, 22, 18, 23], [19, 4, 20, 5], [21, 12, 22, 13], [23, 16, 24, 17], [1, 7, 2, 6], [3, 18, 4, 19], [5, 11, 6, 10], [14, 8, 15, 7], [9, 3, 10, 2]]"
12n_0833_45,"[[9, 3, 10, 2], [11, 20, 12, 21], [13, 24, 14, 1], [8, 16, 9, 15], [17, 22, 18, 23], [19, 4, 20, 5], [21, 12, 22, 13], [23, 16, 24, 17], [1, 7, 2, 6], [3, 18, 4, 19], [5, 11, 6, 10], [14, 8, 15, 7]]"
12n_0833_46,"[[14, 8, 15, 7], [9, 3, 10, 2], [11, 20, 12, 21], [13, 24, 14, 1], [8, 16, 9, 15], [17, 22, 18, 23], [19, 4, 20, 5], [21, 12, 22, 13], [23, 16, 24, 17], [1, 7, 2, 6], [3, 18, 4, 19], [5, 11, 6, 10]]"
12n_0833_47,"[[5, 11, 6, 10], [14, 8, 15, 7], [9, 3, 10, 2], [11, 20, 12, 21], [13, 24, 14, 1], [8, 16, 9, 15], [17, 22, 18, 23], [19, 4, 20, 5], [21, 12, 22, 13], [23, 16, 24, 17], [1, 7, 2, 6], [3, 18, 4, 19]]"
12n_0833_48,"[[4, 19, 5, 20], [6, 12, 7, 11], [15, 9, 16, 8], [10, 4, 11, 3], [12, 21, 13, 22], [14, 1, 15, 2], [9, 17, 10, 16], [18, 23, 19, 24], [20, 5, 21, 6], [22, 13, 23, 14], [24, 17, 1, 18], [2, 8, 3, 7]]"
12n_0833_49,"[[2, 8, 3, 7], [4, 19, 5, 20], [6, 12, 7, 11], [15, 9, 16, 8], [10, 4, 11, 3], [12, 21, 13, 22], [14, 1, 15, 2], [9, 17, 10, 16], [18, 23, 19, 24], [20, 5, 21, 6], [22, 13, 23, 14], [24, 17, 1, 18]]"
12n_0833_50,"[[24, 17, 1, 18], [2, 8, 3, 7], [4, 19, 5, 20], [6, 12, 7, 11], [15, 9, 16, 8], [10, 4, 11, 3], [12, 21, 13, 22], [14, 1, 15, 2], [9, 17, 10, 16], [18, 23, 19, 24], [20, 5, 21, 6], [22, 13, 23, 14]]"
12n_0833_51,"[[22, 13, 23, 14], [24, 17, 1, 18], [2, 8, 3, 7], [4, 19, 5, 20], [6, 12, 7, 11], [15, 9, 16, 8], [10, 4, 11, 3], [12, 21, 13, 22], [14, 1, 15, 2], [9, 17, 10, 16], [18, 23, 19, 24], [20, 5, 21, 6]]"
12n_0833_52,"[[20, 5, 21, 6], [22, 13, 23, 14], [24, 17, 1, 18], [2, 8, 3, 7], [4, 19, 5, 20], [6, 12, 7, 11], [15, 9, 16, 8], [10, 4, 11, 3], [12, 21, 13, 22], [14, 1, 15, 2], [9, 17, 10, 16], [18, 23, 19, 24]]"
12n_0833_53,"[[18, 23, 19, 24], [20, 5, 21, 6], [22, 13, 23, 14], [24, 17, 1, 18], [2, 8, 3, 7], [4, 19, 5, 20], [6, 12, 7, 11], [15, 9, 16, 8], [10, 4, 11, 3], [12, 21, 13, 22], [14, 1, 15, 2], [9, 17, 10, 16]]"
12n_0833_54,"[[9, 17, 10, 16], [18, 23, 19, 24], [20, 5, 21, 6], [22, 13, 23, 14], [24, 17, 1, 18], [2, 8, 3, 7], [4, 19, 5, 20], [6, 12, 7, 11], [15, 9, 16, 8], [10, 4, 11, 3], [12, 21, 13, 22], [14, 1, 15, 2]]"
12n_0833_55,"[[14, 1, 15, 2], [9, 17, 10, 16], [18, 23, 19, 24], [20, 5, 21, 6], [22, 13, 23, 14], [24, 17, 1, 18], [2, 8, 3, 7], [4, 19, 5, 20], [6, 12, 7, 11], [15, 9, 16, 8], [10, 4, 11, 3], [12, 21, 13, 22]]"
12n_0833_56,"[[12, 21, 13, 22], [14, 1, 15, 2], [9, 17, 10, 16], [18, 23, 19, 24], [20, 5, 21, 6], [22, 13, 23, 14], [24, 17, 1, 18], [2, 8, 3, 7], [4, 19, 5, 20], [6, 12, 7, 11], [15, 9, 16, 8], [10, 4, 11, 3]]"
12n_0833_57,"[[10, 4, 11, 3], [12, 21, 13, 22], [14, 1, 15, 2], [9, 17, 10, 16], [18, 23, 19, 24], [20, 5, 21, 6], [22, 13, 23, 14], [24, 17, 1, 18], [2, 8, 3, 7], [4, 19, 5, 20], [6, 12, 7, 11], [15, 9, 16, 8]]"
12n_0833_58,"[[15, 9, 16, 8], [10, 4, 11, 3], [12, 21, 13, 22], [14, 1, 15, 2], [9, 17, 10, 16], [18, 23, 19, 24], [20, 5, 21, 6], [22, 13, 23, 14], [24, 17, 1, 18], [2, 8, 3, 7], [4, 19, 5, 20], [6, 12, 7, 11]]"
12n_0833_59,"[[6, 12, 7, 11], [15, 9, 16, 8], [10, 4, 11, 3], [12, 21, 13, 22], [14, 1, 15, 2], [9, 17, 10, 16], [18, 23, 19, 24], [20, 5, 21, 6], [22, 13, 23, 14], [24, 17, 1, 18], [2, 8, 3, 7], [4, 19, 5, 20]]"
12n_0833_60,"[[5, 20, 6, 21], [7, 13, 8, 12], [16, 10, 17, 9], [11, 5, 12, 4], [13, 22, 14, 23], [15, 2, 16, 3], [10, 18, 11, 17], [19, 24, 20, 1], [21, 6, 22, 7], [23, 14, 24, 15], [1, 18, 2, 19], [3, 9, 4, 8]]"
12n_0833_61,"[[3, 9, 4, 8], [5, 20, 6, 21], [7, 13, 8, 12], [16, 10, 17, 9], [11, 5, 12, 4], [13, 22, 14, 23], [15, 2, 16, 3], [10, 18, 11, 17], [19, 24, 20, 1], [21, 6, 22, 7], [23, 14, 24, 15], [1, 18, 2, 19]]"
12n_0833_62,"[[1, 18, 2, 19], [3, 9, 4, 8], [5, 20, 6, 21], [7, 13, 8, 12], [16, 10, 17, 9], [11, 5, 12, 4], [13, 22, 14, 23], [15, 2, 16, 3], [10, 18, 11, 17], [19, 24, 20, 1], [21, 6, 22, 7], [23, 14, 24, 15]]"
12n_0833_63,"[[23, 14, 24, 15], [1, 18, 2, 19], [3, 9, 4, 8], [5, 20, 6, 21], [7, 13, 8, 12], [16, 10, 17, 9], [11, 5, 12, 4], [13, 22, 14, 23], [15, 2, 16, 3], [10, 18, 11, 17], [19, 24, 20, 1], [21, 6, 22, 7]]"
12n_0833_64,"[[21, 6, 22, 7], [23, 14, 24, 15], [1, 18, 2, 19], [3, 9, 4, 8], [5, 20, 6, 21], [7, 13, 8, 12], [16, 10, 17, 9], [11, 5, 12, 4], [13, 22, 14, 23], [15, 2, 16, 3], [10, 18, 11, 17], [19, 24, 20, 1]]"
12n_0833_65,"[[19, 24, 20, 1], [21, 6, 22, 7], [23, 14, 24, 15], [1, 18, 2, 19], [3, 9, 4, 8], [5, 20, 6, 21], [7, 13, 8, 12], [16, 10, 17, 9], [11, 5, 12, 4], [13, 22, 14, 23], [15, 2, 16, 3], [10, 18, 11, 17]]"
12n_0833_66,"[[10, 18, 11, 17], [19, 24, 20, 1], [21, 6, 22, 7], [23, 14, 24, 15], [1, 18, 2, 19], [3, 9, 4, 8], [5, 20, 6, 21], [7, 13, 8, 12], [16, 10, 17, 9], [11, 5, 12, 4], [13, 22, 14, 23], [15, 2, 16, 3]]"
12n_0833_67,"[[15, 2, 16, 3], [10, 18, 11, 17], [19, 24, 20, 1], [21, 6, 22, 7], [23, 14, 24, 15], [1, 18, 2, 19], [3, 9, 4, 8], [5, 20, 6, 21], [7, 13, 8, 12], [16, 10, 17, 9], [11, 5, 12, 4], [13, 22, 14, 23]]"
12n_0833_68,"[[13, 22, 14, 23], [15, 2, 16, 3], [10, 18, 11, 17], [19, 24, 20, 1], [21, 6, 22, 7], [23, 14, 24, 15], [1, 18, 2, 19], [3, 9, 4, 8], [5, 20, 6, 21], [7, 13, 8, 12], [16, 10, 17, 9], [11, 5, 12, 4]]"
12n_0833_69,"[[11, 5, 12, 4], [13, 22, 14, 23], [15, 2, 16, 3], [10, 18, 11, 17], [19, 24, 20, 1], [21, 6, 22, 7], [23, 14, 24, 15], [1, 18, 2, 19], [3, 9, 4, 8], [5, 20, 6, 21], [7, 13, 8, 12], [16, 10, 17, 9]]"
12n_0833_70,"[[16, 10, 17, 9], [11, 5, 12, 4], [13, 22, 14, 23], [15, 2, 16, 3], [10, 18, 11, 17], [19, 24, 20, 1], [21, 6, 22, 7], [23, 14, 24, 15], [1, 18, 2, 19], [3, 9, 4, 8], [5, 20, 6, 21], [7, 13, 8, 12]]"
12n_0833_71,"[[7, 13, 8, 12], [16, 10, 17, 9], [11, 5, 12, 4], [13, 22, 14, 23], [15, 2, 16, 3], [10, 18, 11, 17], [19, 24, 20, 1], [21, 6, 22, 7], [23, 14, 24, 15], [1, 18, 2, 19], [3, 9, 4, 8], [5, 20, 6, 21]]"
12n_0833_72,"[[6, 21, 7, 22], [8, 14, 9, 13], [17, 11, 18, 10], [12, 6, 13, 5], [14, 23, 15, 24], [16, 3, 17, 4], [11, 19, 12, 18], [20, 1, 21, 2], [22, 7, 23, 8], [24, 15, 1, 16], [2, 19, 3, 20], [4, 10, 5, 9]]"
12n_0833_73,"[[4, 10, 5, 9], [6, 21, 7, 22], [8, 14, 9, 13], [17, 11, 18, 10], [12, 6, 13, 5], [14, 23, 15, 24], [16, 3, 17, 4], [11, 19, 12, 18], [20, 1, 21, 2], [22, 7, 23, 8], [24, 15, 1, 16], [2, 19, 3, 20]]"
12n_0833_74,"[[2, 19, 3, 20], [4, 10, 5, 9], [6, 21, 7, 22], [8, 14, 9, 13], [17, 11, 18, 10], [12, 6, 13, 5], [14, 23, 15, 24], [16, 3, 17, 4], [11, 19, 12, 18], [20, 1, 21, 2], [22, 7, 23, 8], [24, 15, 1, 16]]"
12n_0833_75,"[[24, 15, 1, 16], [2, 19, 3, 20], [4, 10, 5, 9], [6, 21, 7, 22], [8, 14, 9, 13], [17, 11, 18, 10], [12, 6, 13, 5], [14, 23, 15, 24], [16, 3, 17, 4], [11, 19, 12, 18], [20, 1, 21, 2], [22, 7, 23, 8]]"
12n_0833_76,"[[22, 7, 23, 8], [24, 15, 1, 16], [2, 19, 3, 20], [4, 10, 5, 9], [6, 21, 7, 22], [8, 14, 9, 13], [17, 11, 18, 10], [12, 6, 13, 5], [14, 23, 15, 24], [16, 3, 17, 4], [11, 19, 12, 18], [20, 1, 21, 2]]"
12n_0833_77,"[[20, 1, 21, 2], [22, 7, 23, 8], [24, 15, 1, 16], [2, 19, 3, 20], [4, 10, 5, 9], [6, 21, 7, 22], [8, 14, 9, 13], [17, 11, 18, 10], [12, 6, 13, 5], [14, 23, 15, 24], [16, 3, 17, 4], [11, 19, 12, 18]]"
12n_0833_78,"[[11, 19, 12, 18], [20, 1, 21, 2], [22, 7, 23, 8], [24, 15, 1, 16], [2, 19, 3, 20], [4, 10, 5, 9], [6, 21, 7, 22], [8, 14, 9, 13], [17, 11, 18, 10], [12, 6, 13, 5], [14, 23, 15, 24], [16, 3, 17, 4]]"
12n_0833_79,"[[16, 3, 17, 4], [11, 19, 12, 18], [20, 1, 21, 2], [22, 7, 23, 8], [24, 15, 1, 16], [2, 19, 3, 20], [4, 10, 5, 9], [6, 21, 7, 22], [8, 14, 9, 13], [17, 11, 18, 10], [12, 6, 13, 5], [14, 23, 15, 24]]"
12n_0833_80,"[[14, 23, 15, 24], [16, 3, 17, 4], [11, 19, 12, 18], [20, 1, 21, 2], [22, 7, 23, 8], [24, 15, 1, 16], [2, 19, 3, 20], [4, 10, 5, 9], [6, 21, 7, 22], [8, 14, 9, 13], [17, 11, 18, 10], [12, 6, 13, 5]]"
12n_0833_81,"[[12, 6, 13, 5], [14, 23, 15, 24], [16, 3, 17, 4], [11, 19, 12, 18], [20, 1, 21, 2], [22, 7, 23, 8], [24, 15, 1, 16], [2, 19, 3, 20], [4, 10, 5, 9], [6, 21, 7, 22], [8, 14, 9, 13], [17, 11, 18, 10]]"
12n_0833_82,"[[17, 11, 18, 10], [12, 6, 13, 5], [14, 23, 15, 24], [16, 3, 17, 4], [11, 19, 12, 18], [20, 1, 21, 2], [22, 7, 23, 8], [24, 15, 1, 16], [2, 19, 3, 20], [4, 10, 5, 9], [6, 21, 7, 22], [8, 14, 9, 13]]"
12n_0833_83,"[[8, 14, 9, 13], [17, 11, 18, 10], [12, 6, 13, 5], [14, 23, 15, 24], [16, 3, 17, 4], [11, 19, 12, 18], [20, 1, 21, 2], [22, 7, 23, 8], [24, 15, 1, 16], [2, 19, 3, 20], [4, 10, 5, 9], [6, 21, 7, 22]]"
12n_0833_84,"[[7, 22, 8, 23], [9, 15, 10, 14], [18, 12, 19, 11], [13, 7, 14, 6], [15, 24, 16, 1], [17, 4, 18, 5], [12, 20, 13, 19], [21, 2, 22, 3], [23, 8, 24, 9], [1, 16, 2, 17], [3, 20, 4, 21], [5, 11, 6, 10]]"
12n_0833_85,"[[5, 11, 6, 10], [7, 22, 8, 23], [9, 15, 10, 14], [18, 12, 19, 11], [13, 7, 14, 6], [15, 24, 16, 1], [17, 4, 18, 5], [12, 20, 13, 19], [21, 2, 22, 3], [23, 8, 24, 9], [1, 16, 2, 17], [3, 20, 4, 21]]"
12n_0833_86,"[[3, 20, 4, 21], [5, 11, 6, 10], [7, 22, 8, 23], [9, 15, 10, 14], [18, 12, 19, 11], [13, 7, 14, 6], [15, 24, 16, 1], [17, 4, 18, 5], [12, 20, 13, 19], [21, 2, 22, 3], [23, 8, 24, 9], [1, 16, 2, 17]]"
12n_0833_87,"[[1, 16, 2, 17], [3, 20, 4, 21], [5, 11, 6, 10], [7, 22, 8, 23], [9, 15, 10, 14], [18, 12, 19, 11], [13, 7, 14, 6], [15, 24, 16, 1], [17, 4, 18, 5], [12, 20, 13, 19], [21, 2, 22, 3], [23, 8, 24, 9]]"
12n_0833_88,"[[23, 8, 24, 9], [1, 16, 2, 17], [3, 20, 4, 21], [5, 11, 6, 10], [7, 22, 8, 23], [9, 15, 10, 14], [18, 12, 19, 11], [13, 7, 14, 6], [15, 24, 16, 1], [17, 4, 18, 5], [12, 20, 13, 19], [21, 2, 22, 3]]"
12n_0833_89,"[[21, 2, 22, 3], [23, 8, 24, 9], [1, 16, 2, 17], [3, 20, 4, 21], [5, 11, 6, 10], [7, 22, 8, 23], [9, 15, 10, 14], [18, 12, 19, 11], [13, 7, 14, 6], [15, 24, 16, 1], [17, 4, 18, 5], [12, 20, 13, 19]]"
12n_0833_90,"[[12, 20, 13, 19], [21, 2, 22, 3], [23, 8, 24, 9], [1, 16, 2, 17], [3, 20, 4, 21], [5, 11, 6, 10], [7, 22, 8, 23], [9, 15, 10, 14], [18, 12, 19, 11], [13, 7, 14, 6], [15, 24, 16, 1], [17, 4, 18, 5]]"
12n_0833_91,"[[17, 4, 18, 5], [12, 20, 13, 19], [21, 2, 22, 3], [23, 8, 24, 9], [1, 16, 2, 17], [3, 20, 4, 21], [5, 11, 6, 10], [7, 22, 8, 23], [9, 15, 10, 14], [18, 12, 19, 11], [13, 7, 14, 6], [15, 24, 16, 1]]"
12n_0833_92,"[[15, 24, 16, 1], [17, 4, 18, 5], [12, 20, 13, 19], [21, 2, 22, 3], [23, 8, 24, 9], [1, 16, 2, 17], [3, 20, 4, 21], [5, 11, 6, 10], [7, 22, 8, 23], [9, 15, 10, 14], [18, 12, 19, 11], [13, 7, 14, 6]]"
12n_0833_93,"[[13, 7, 14, 6], [15, 24, 16, 1], [17, 4, 18, 5], [12, 20, 13, 19], [21, 2, 22, 3], [23, 8, 24, 9], [1, 16, 2, 17], [3, 20, 4, 21], [5, 11, 6, 10], [7, 22, 8, 23], [9, 15, 10, 14], [18, 12, 19, 11]]"
12n_0833_94,"[[18, 12, 19, 11], [13, 7, 14, 6], [15, 24, 16, 1], [17, 4, 18, 5], [12, 20, 13, 19], [21, 2, 22, 3], [23, 8, 24, 9], [1, 16, 2, 17], [3, 20, 4, 21], [5, 11, 6, 10], [7, 22, 8, 23], [9, 15, 10, 14]]"
12n_0833_95,"[[9, 15, 10, 14], [18, 12, 19, 11], [13, 7, 14, 6], [15, 24, 16, 1], [17, 4, 18, 5], [12, 20, 13, 19], [21, 2, 22, 3], [23, 8, 24, 9], [1, 16, 2, 17], [3, 20, 4, 21], [5, 11, 6, 10], [7, 22, 8, 23]]"
12n_0833_96,"[[8, 23, 9, 24], [10, 16, 11, 15], [19, 13, 20, 12], [14, 8, 15, 7], [16, 1, 17, 2], [18, 5, 19, 6], [13, 21, 14, 20], [22, 3, 23, 4], [24, 9, 1, 10], [2, 17, 3, 18], [4, 21, 5, 22], [6, 12, 7, 11]]"
12n_0833_97,"[[6, 12, 7, 11], [8, 23, 9, 24], [10, 16, 11, 15], [19, 13, 20, 12], [14, 8, 15, 7], [16, 1, 17, 2], [18, 5, 19, 6], [13, 21, 14, 20], [22, 3, 23, 4], [24, 9, 1, 10], [2, 17, 3, 18], [4, 21, 5, 22]]"
12n_0833_98,"[[4, 21, 5, 22], [6, 12, 7, 11], [8, 23, 9, 24], [10, 16, 11, 15], [19, 13, 20, 12], [14, 8, 15, 7], [16, 1, 17, 2], [18, 5, 19, 6], [13, 21, 14, 20], [22, 3, 23, 4], [24, 9, 1, 10], [2, 17, 3, 18]]"
12n_0833_99,"[[2, 17, 3, 18], [4, 21, 5, 22], [6, 12, 7, 11], [8, 23, 9, 24], [10, 16, 11, 15], [19, 13, 20, 12], [14, 8, 15, 7], [16, 1, 17, 2], [18, 5, 19, 6], [13, 21, 14, 20], [22, 3, 23, 4], [24, 9, 1, 10]]"
12n_0833_100,"[[24, 9, 1, 10], [2, 17, 3, 18], [4, 21, 5, 22], [6, 12, 7, 11], [8, 23, 9, 24], [10, 16, 11, 15], [19, 13, 20, 12], [14, 8, 15, 7], [16, 1, 17, 2], [18, 5, 19, 6], [13, 21, 14, 20], [22, 3, 23, 4]]"
12n_0833_101,"[[22, 3, 23, 4], [24, 9, 1, 10], [2, 17, 3, 18], [4, 21, 5, 22], [6, 12, 7, 11], [8, 23, 9, 24], [10, 16, 11, 15], [19, 13, 20, 12], [14, 8, 15, 7], [16, 1, 17, 2], [18, 5, 19, 6], [13, 21, 14, 20]]"
12n_0833_102,"[[13, 21, 14, 20], [22, 3, 23, 4], [24, 9, 1, 10], [2, 17, 3, 18], [4, 21, 5, 22], [6, 12, 7, 11], [8, 23, 9, 24], [10, 16, 11, 15], [19, 13, 20, 12], [14, 8, 15, 7], [16, 1, 17, 2], [18, 5, 19, 6]]"
12n_0833_103,"[[18, 5, 19, 6], [13, 21, 14, 20], [22, 3, 23, 4], [24, 9, 1, 10], [2, 17, 3, 18], [4, 21, 5, 22], [6, 12, 7, 11], [8, 23, 9, 24], [10, 16, 11, 15], [19, 13, 20, 12], [14, 8, 15, 7], [16, 1, 17, 2]]"
12n_0833_104,"[[16, 1, 17, 2], [18, 5, 19, 6], [13, 21, 14, 20], [22, 3, 23, 4], [24, 9, 1, 10], [2, 17, 3, 18], [4, 21, 5, 22], [6, 12, 7, 11], [8, 23, 9, 24], [10, 16, 11, 15], [19, 13, 20, 12], [14, 8, 15, 7]]"
12n_0833_105,"[[14, 8, 15, 7], [16, 1, 17, 2], [18, 5, 19, 6], [13, 21, 14, 20], [22, 3, 23, 4], [24, 9, 1, 10], [2, 17, 3, 18], [4, 21, 5, 22], [6, 12, 7, 11], [8, 23, 9, 24], [10, 16, 11, 15], [19, 13, 20, 12]]"
12n_0833_106,"[[19, 13, 20, 12], [14, 8, 15, 7], [16, 1, 17, 2], [18, 5, 19, 6], [13, 21, 14, 20], [22, 3, 23, 4], [24, 9, 1, 10], [2, 17, 3, 18], [4, 21, 5, 22], [6, 12, 7, 11], [8, 23, 9, 24], [10, 16, 11, 15]]"
12n_0833_107,"[[10, 16, 11, 15], [19, 13, 20, 12], [14, 8, 15, 7], [16, 1, 17, 2], [18, 5, 19, 6], [13, 21, 14, 20], [22, 3, 23, 4], [24, 9, 1, 10], [2, 17, 3, 18], [4, 21, 5, 22], [6, 12, 7, 11], [8, 23, 9, 24]]"
12n_0833_108,"[[9, 24, 10, 1], [11, 17, 12, 16], [20, 14, 21, 13], [15, 9, 16, 8], [17, 2, 18, 3], [19, 6, 20, 7], [14, 22, 15, 21], [23, 4, 24, 5], [1, 10, 2, 11], [3, 18, 4, 19], [5, 22, 6, 23], [7, 13, 8, 12]]"
12n_0833_109,"[[7, 13, 8, 12], [9, 24, 10, 1], [11, 17, 12, 16], [20, 14, 21, 13], [15, 9, 16, 8], [17, 2, 18, 3], [19, 6, 20, 7], [14, 22, 15, 21], [23, 4, 24, 5], [1, 10, 2, 11], [3, 18, 4, 19], [5, 22, 6, 23]]"
12n_0833_110,"[[5, 22, 6, 23], [7, 13, 8, 12], [9, 24, 10, 1], [11, 17, 12, 16], [20, 14, 21, 13], [15, 9, 16, 8], [17, 2, 18, 3], [19, 6, 20, 7], [14, 22, 15, 21], [23, 4, 24, 5], [1, 10, 2, 11], [3, 18, 4, 19]]"
12n_0833_111,"[[3, 18, 4, 19], [5, 22, 6, 23], [7, 13, 8, 12], [9, 24, 10, 1], [11, 17, 12, 16], [20, 14, 21, 13], [15, 9, 16, 8], [17, 2, 18, 3], [19, 6, 20, 7], [14, 22, 15, 21], [23, 4, 24, 5], [1, 10, 2, 11]]"
12n_0833_112,"[[1, 10, 2, 11], [3, 18, 4, 19], [5, 22, 6, 23], [7, 13, 8, 12], [9, 24, 10, 1], [11, 17, 12, 16], [20, 14, 21, 13], [15, 9, 16, 8], [17, 2, 18, 3], [19, 6, 20, 7], [14, 22, 15, 21], [23, 4, 24, 5]]"
12n_0833_113,"[[23, 4, 24, 5], [1, 10, 2, 11], [3, 18, 4, 19], [5, 22, 6, 23], [7, 13, 8, 12], [9, 24, 10, 1], [11, 17, 12, 16], [20, 14, 21, 13], [15, 9, 16, 8], [17, 2, 18, 3], [19, 6, 20, 7], [14, 22, 15, 21]]"
12n_0833_114,"[[14, 22, 15, 21], [23, 4, 24, 5], [1, 10, 2, 11], [3, 18, 4, 19], [5, 22, 6, 23], [7, 13, 8, 12], [9, 24, 10, 1], [11, 17, 12, 16], [20, 14, 21, 13], [15, 9, 16, 8], [17, 2, 18, 3], [19, 6, 20, 7]]"
12n_0833_115,"[[19, 6, 20, 7], [14, 22, 15, 21], [23, 4, 24, 5], [1, 10, 2, 11], [3, 18, 4, 19], [5, 22, 6, 23], [7, 13, 8, 12], [9, 24, 10, 1], [11, 17, 12, 16], [20, 14, 21, 13], [15, 9, 16, 8], [17, 2, 18, 3]]"
12n_0833_116,"[[17, 2, 18, 3], [19, 6, 20, 7], [14, 22, 15, 21], [23, 4, 24, 5], [1, 10, 2, 11], [3, 18, 4, 19], [5, 22, 6, 23], [7, 13, 8, 12], [9, 24, 10, 1], [11, 17, 12, 16], [20, 14, 21, 13], [15, 9, 16, 8]]"
12n_0833_117,"[[15, 9, 16, 8], [17, 2, 18, 3], [19, 6, 20, 7], [14, 22, 15, 21], [23, 4, 24, 5], [1, 10, 2, 11], [3, 18, 4, 19], [5, 22, 6, 23], [7, 13, 8, 12], [9, 24, 10, 1], [11, 17, 12, 16], [20, 14, 21, 13]]"
12n_0833_118,"[[20, 14, 21, 13], [15, 9, 16, 8], [17, 2, 18, 3], [19, 6, 20, 7], [14, 22, 15, 21], [23, 4, 24, 5], [1, 10, 2, 11], [3, 18, 4, 19], [5, 22, 6, 23], [7, 13, 8, 12], [9, 24, 10, 1], [11, 17, 12, 16]]"
12n_0833_119,"[[11, 17, 12, 16], [20, 14, 21, 13], [15, 9, 16, 8], [17, 2, 18, 3], [19, 6, 20, 7], [14, 22, 15, 21], [23, 4, 24, 5], [1, 10, 2, 11], [3, 18, 4, 19], [5, 22, 6, 23], [7, 13, 8, 12], [9, 24, 10, 1]]"
12n_0833_120,"[[10, 1, 11, 2], [12, 18, 13, 17], [21, 15, 22, 14], [16, 10, 17, 9], [18, 3, 19, 4], [20, 7, 21, 8], [15, 23, 16, 22], [24, 5, 1, 6], [2, 11, 3, 12], [4, 19, 5, 20], [6, 23, 7, 24], [8, 14, 9, 13]]"
12n_0833_121,"[[8, 14, 9, 13], [10, 1, 11, 2], [12, 18, 13, 17], [21, 15, 22, 14], [16, 10, 17, 9], [18, 3, 19, 4], [20, 7, 21, 8], [15, 23, 16, 22], [24, 5, 1, 6], [2, 11, 3, 12], [4, 19, 5, 20], [6, 23, 7, 24]]"
12n_0833_122,"[[6, 23, 7, 24], [8, 14, 9, 13], [10, 1, 11, 2], [12, 18, 13, 17], [21, 15, 22, 14], [16, 10, 17, 9], [18, 3, 19, 4], [20, 7, 21, 8], [15, 23, 16, 22], [24, 5, 1, 6], [2, 11, 3, 12], [4, 19, 5, 20]]"
12n_0833_123,"[[4, 19, 5, 20], [6, 23, 7, 24], [8, 14, 9, 13], [10, 1, 11, 2], [12, 18, 13, 17], [21, 15, 22, 14], [16, 10, 17, 9], [18, 3, 19, 4], [20, 7, 21, 8], [15, 23, 16, 22], [24, 5, 1, 6], [2, 11, 3, 12]]"
12n_0833_124,"[[2, 11, 3, 12], [4, 19, 5, 20], [6, 23, 7, 24], [8, 14, 9, 13], [10, 1, 11, 2], [12, 18, 13, 17], [21, 15, 22, 14], [16, 10, 17, 9], [18, 3, 19, 4], [20, 7, 21, 8], [15, 23, 16, 22], [24, 5, 1, 6]]"
12n_0833_125,"[[24, 5, 1, 6], [2, 11, 3, 12], [4, 19, 5, 20], [6, 23, 7, 24], [8, 14, 9, 13], [10, 1, 11, 2], [12, 18, 13, 17], [21, 15, 22, 14], [16, 10, 17, 9], [18, 3, 19, 4], [20, 7, 21, 8], [15, 23, 16, 22]]"
12n_0833_126,"[[15, 23, 16, 22], [24, 5, 1, 6], [2, 11, 3, 12], [4, 19, 5, 20], [6, 23, 7, 24], [8, 14, 9, 13], [10, 1, 11, 2], [12, 18, 13, 17], [21, 15, 22, 14], [16, 10, 17, 9], [18, 3, 19, 4], [20, 7, 21, 8]]"
12n_0833_127,"[[20, 7, 21, 8], [15, 23, 16, 22], [24, 5, 1, 6], [2, 11, 3, 12], [4, 19, 5, 20], [6, 23, 7, 24], [8, 14, 9, 13], [10, 1, 11, 2], [12, 18, 13, 17], [21, 15, 22, 14], [16, 10, 17, 9], [18, 3, 19, 4]]"
12n_0833_128,"[[18, 3, 19, 4], [20, 7, 21, 8], [15, 23, 16, 22], [24, 5, 1, 6], [2, 11, 3, 12], [4, 19, 5, 20], [6, 23, 7, 24], [8, 14, 9, 13], [10, 1, 11, 2], [12, 18, 13, 17], [21, 15, 22, 14], [16, 10, 17, 9]]"
12n_0833_129,"[[16, 10, 17, 9], [18, 3, 19, 4], [20, 7, 21, 8], [15, 23, 16, 22], [24, 5, 1, 6], [2, 11, 3, 12], [4, 19, 5, 20], [6, 23, 7, 24], [8, 14, 9, 13], [10, 1, 11, 2], [12, 18, 13, 17], [21, 15, 22, 14]]"
12n_0833_130,"[[21, 15, 22, 14], [16, 10, 17, 9], [18, 3, 19, 4], [20, 7, 21, 8], [15, 23, 16, 22], [24, 5, 1, 6], [2, 11, 3, 12], [4, 19, 5, 20], [6, 23, 7, 24], [8, 14, 9, 13], [10, 1, 11, 2], [12, 18, 13, 17]]"
12n_0833_131,"[[12, 18, 13, 17], [21, 15, 22, 14], [16, 10, 17, 9], [18, 3, 19, 4], [20, 7, 21, 8], [15, 23, 16, 22], [24, 5, 1, 6], [2, 11, 3, 12], [4, 19, 5, 20], [6, 23, 7, 24], [8, 14, 9, 13], [10, 1, 11, 2]]"
12n_0833_132,"[[11, 2, 12, 3], [13, 19, 14, 18], [22, 16, 23, 15], [17, 11, 18, 10], [19, 4, 20, 5], [21, 8, 22, 9], [16, 24, 17, 23], [1, 6, 2, 7], [3, 12, 4, 13], [5, 20, 6, 21], [7, 24, 8, 1], [9, 15, 10, 14]]"
12n_0833_133,"[[9, 15, 10, 14], [11, 2, 12, 3], [13, 19, 14, 18], [22, 16, 23, 15], [17, 11, 18, 10], [19, 4, 20, 5], [21, 8, 22, 9], [16, 24, 17, 23], [1, 6, 2, 7], [3, 12, 4, 13], [5, 20, 6, 21], [7, 24, 8, 1]]"
12n_0833_134,"[[7, 24, 8, 1], [9, 15, 10, 14], [11, 2, 12, 3], [13, 19, 14, 18], [22, 16, 23, 15], [17, 11, 18, 10], [19, 4, 20, 5], [21, 8, 22, 9], [16, 24, 17, 23], [1, 6, 2, 7], [3, 12, 4, 13], [5, 20, 6, 21]]"
12n_0833_135,"[[5, 20, 6, 21], [7, 24, 8, 1], [9, 15, 10, 14], [11, 2, 12, 3], [13, 19, 14, 18], [22, 16, 23, 15], [17, 11, 18, 10], [19, 4, 20, 5], [21, 8, 22, 9], [16, 24, 17, 23], [1, 6, 2, 7], [3, 12, 4, 13]]"
12n_0833_136,"[[3, 12, 4, 13], [5, 20, 6, 21], [7, 24, 8, 1], [9, 15, 10, 14], [11, 2, 12, 3], [13, 19, 14, 18], [22, 16, 23, 15], [17, 11, 18, 10], [19, 4, 20, 5], [21, 8, 22, 9], [16, 24, 17, 23], [1, 6, 2, 7]]"
12n_0833_137,"[[1, 6, 2, 7], [3, 12, 4, 13], [5, 20, 6, 21], [7, 24, 8, 1], [9, 15, 10, 14], [11, 2, 12, 3], [13, 19, 14, 18], [22, 16, 23, 15], [17, 11, 18, 10], [19, 4, 20, 5], [21, 8, 22, 9], [16, 24, 17, 23]]"
12n_0833_138,"[[16, 24, 17, 23], [1, 6, 2, 7], [3, 12, 4, 13], [5, 20, 6, 21], [7, 24, 8, 1], [9, 15, 10, 14], [11, 2, 12, 3], [13, 19, 14, 18], [22, 16, 23, 15], [17, 11, 18, 10], [19, 4, 20, 5], [21, 8, 22, 9]]"
12n_0833_139,"[[21, 8, 22, 9], [16, 24, 17, 23], [1, 6, 2, 7], [3, 12, 4, 13], [5, 20, 6, 21], [7, 24, 8, 1], [9, 15, 10, 14], [11, 2, 12, 3], [13, 19, 14, 18], [22, 16, 23, 15], [17, 11, 18, 10], [19, 4, 20, 5]]"
12n_0833_140,"[[19, 4, 20, 5], [21, 8, 22, 9], [16, 24, 17, 23], [1, 6, 2, 7], [3, 12, 4, 13], [5, 20, 6, 21], [7, 24, 8, 1], [9, 15, 10, 14], [11, 2, 12, 3], [13, 19, 14, 18], [22, 16, 23, 15], [17, 11, 18, 10]]"
12n_0833_141,"[[17, 11, 18, 10], [19, 4, 20, 5], [21, 8, 22, 9], [16, 24, 17, 23], [1, 6, 2, 7], [3, 12, 4, 13], [5, 20, 6, 21], [7, 24, 8, 1], [9, 15, 10, 14], [11, 2, 12, 3], [13, 19, 14, 18], [22, 16, 23, 15]]"
12n_0833_142,"[[22, 16, 23, 15], [17, 11, 18, 10], [19, 4, 20, 5], [21, 8, 22, 9], [16, 24, 17, 23], [1, 6, 2, 7], [3, 12, 4, 13], [5, 20, 6, 21], [7, 24, 8, 1], [9, 15, 10, 14], [11, 2, 12, 3], [13, 19, 14, 18]]"
12n_0833_143,"[[13, 19, 14, 18], [22, 16, 23, 15], [17, 11, 18, 10], [19, 4, 20, 5], [21, 8, 22, 9], [16, 24, 17, 23], [1, 6, 2, 7], [3, 12, 4, 13], [5, 20, 6, 21], [7, 24, 8, 1], [9, 15, 10, 14], [11, 2, 12, 3]]"
12n_0833_144,"[[12, 3, 13, 4], [14, 20, 15, 19], [23, 17, 24, 16], [18, 12, 19, 11], [20, 5, 21, 6], [22, 9, 23, 10], [17, 1, 18, 24], [2, 7, 3, 8], [4, 13, 5, 14], [6, 21, 7, 22], [8, 1, 9, 2], [10, 16, 11, 15]]"
12n_0833_145,"[[10, 16, 11, 15], [12, 3, 13, 4], [14, 20, 15, 19], [23, 17, 24, 16], [18, 12, 19, 11], [20, 5, 21, 6], [22, 9, 23, 10], [17, 1, 18, 24], [2, 7, 3, 8], [4, 13, 5, 14], [6, 21, 7, 22], [8, 1, 9, 2]]"
12n_0833_146,"[[8, 1, 9, 2], [10, 16, 11, 15], [12, 3, 13, 4], [14, 20, 15, 19], [23, 17, 24, 16], [18, 12, 19, 11], [20, 5, 21, 6], [22, 9, 23, 10], [17, 1, 18, 24], [2, 7, 3, 8], [4, 13, 5, 14], [6, 21, 7, 22]]"
12n_0833_147,"[[6, 21, 7, 22], [8, 1, 9, 2], [10, 16, 11, 15], [12, 3, 13, 4], [14, 20, 15, 19], [23, 17, 24, 16], [18, 12, 19, 11], [20, 5, 21, 6], [22, 9, 23, 10], [17, 1, 18, 24], [2, 7, 3, 8], [4, 13, 5, 14]]"
12n_0833_148,"[[4, 13, 5, 14], [6, 21, 7, 22], [8, 1, 9, 2], [10, 16, 11, 15], [12, 3, 13, 4], [14, 20, 15, 19], [23, 17, 24, 16], [18, 12, 19, 11], [20, 5, 21, 6], [22, 9, 23, 10], [17, 1, 18, 24], [2, 7, 3, 8]]"
12n_0833_149,"[[2, 7, 3, 8], [4, 13, 5, 14], [6, 21, 7, 22], [8, 1, 9, 2], [10, 16, 11, 15], [12, 3, 13, 4], [14, 20, 15, 19], [23, 17, 24, 16], [18, 12, 19, 11], [20, 5, 21, 6], [22, 9, 23, 10], [17, 1, 18, 24]]"
12n_0833_150,"[[17, 1, 18, 24], [2, 7, 3, 8], [4, 13, 5, 14], [6, 21, 7, 22], [8, 1, 9, 2], [10, 16, 11, 15], [12, 3, 13, 4], [14, 20, 15, 19], [23, 17, 24, 16], [18, 12, 19, 11], [20, 5, 21, 6], [22, 9, 23, 10]]"
12n_0833_151,"[[22, 9, 23, 10], [17, 1, 18, 24], [2, 7, 3, 8], [4, 13, 5, 14], [6, 21, 7, 22], [8, 1, 9, 2], [10, 16, 11, 15], [12, 3, 13, 4], [14, 20, 15, 19], [23, 17, 24, 16], [18, 12, 19, 11], [20, 5, 21, 6]]"
12n_0833_152,"[[20, 5, 21, 6], [22, 9, 23, 10], [17, 1, 18, 24], [2, 7, 3, 8], [4, 13, 5, 14], [6, 21, 7, 22], [8, 1, 9, 2], [10, 16, 11, 15], [12, 3, 13, 4], [14, 20, 15, 19], [23, 17, 24, 16], [18, 12, 19, 11]]"
12n_0833_153,"[[18, 12, 19, 11], [20, 5, 21, 6], [22, 9, 23, 10], [17, 1, 18, 24], [2, 7, 3, 8], [4, 13, 5, 14], [6, 21, 7, 22], [8, 1, 9, 2], [10, 16, 11, 15], [12, 3, 13, 4], [14, 20, 15, 19], [23, 17, 24, 16]]"
12n_0833_154,"[[23, 17, 24, 16], [18, 12, 19, 11], [20, 5, 21, 6], [22, 9, 23, 10], [17, 1, 18, 24], [2, 7, 3, 8], [4, 13, 5, 14], [6, 21, 7, 22], [8, 1, 9, 2], [10, 16, 11, 15], [12, 3, 13, 4], [14, 20, 15, 19]]"
12n_0833_155,"[[14, 20, 15, 19], [23, 17, 24, 16], [18, 12, 19, 11], [20, 5, 21, 6], [22, 9, 23, 10], [17, 1, 18, 24], [2, 7, 3, 8], [4, 13, 5, 14], [6, 21, 7, 22], [8, 1, 9, 2], [10, 16, 11, 15], [12, 3, 13, 4]]"
12n_0833_156,"[[13, 4, 14, 5], [15, 21, 16, 20], [24, 18, 1, 17], [19, 13, 20, 12], [21, 6, 22, 7], [23, 10, 24, 11], [18, 2, 19, 1], [3, 8, 4, 9], [5, 14, 6, 15], [7, 22, 8, 23], [9, 2, 10, 3], [11, 17, 12, 16]]"
12n_0833_157,"[[11, 17, 12, 16], [13, 4, 14, 5], [15, 21, 16, 20], [24, 18, 1, 17], [19, 13, 20, 12], [21, 6, 22, 7], [23, 10, 24, 11], [18, 2, 19, 1], [3, 8, 4, 9], [5, 14, 6, 15], [7, 22, 8, 23], [9, 2, 10, 3]]"
12n_0833_158,"[[9, 2, 10, 3], [11, 17, 12, 16], [13, 4, 14, 5], [15, 21, 16, 20], [24, 18, 1, 17], [19, 13, 20, 12], [21, 6, 22, 7], [23, 10, 24, 11], [18, 2, 19, 1], [3, 8, 4, 9], [5, 14, 6, 15], [7, 22, 8, 23]]"
12n_0833_159,"[[7, 22, 8, 23], [9, 2, 10, 3], [11, 17, 12, 16], [13, 4, 14, 5], [15, 21, 16, 20], [24, 18, 1, 17], [19, 13, 20, 12], [21, 6, 22, 7], [23, 10, 24, 11], [18, 2, 19, 1], [3, 8, 4, 9], [5, 14, 6, 15]]"
12n_0833_160,"[[5, 14, 6, 15], [7, 22, 8, 23], [9, 2, 10, 3], [11, 17, 12, 16], [13, 4, 14, 5], [15, 21, 16, 20], [24, 18, 1, 17], [19, 13, 20, 12], [21, 6, 22, 7], [23, 10, 24, 11], [18, 2, 19, 1], [3, 8, 4, 9]]"
12n_0833_161,"[[3, 8, 4, 9], [5, 14, 6, 15], [7, 22, 8, 23], [9, 2, 10, 3], [11, 17, 12, 16], [13, 4, 14, 5], [15, 21, 16, 20], [24, 18, 1, 17], [19, 13, 20, 12], [21, 6, 22, 7], [23, 10, 24, 11], [18, 2, 19, 1]]"
12n_0833_162,"[[18, 2, 19, 1], [3, 8, 4, 9], [5, 14, 6, 15], [7, 22, 8, 23], [9, 2, 10, 3], [11, 17, 12, 16], [13, 4, 14, 5], [15, 21, 16, 20], [24, 18, 1, 17], [19, 13, 20, 12], [21, 6, 22, 7], [23, 10, 24, 11]]"
12n_0833_163,"[[23, 10, 24, 11], [18, 2, 19, 1], [3, 8, 4, 9], [5, 14, 6, 15], [7, 22, 8, 23], [9, 2, 10, 3], [11, 17, 12, 16], [13, 4, 14, 5], [15, 21, 16, 20], [24, 18, 1, 17], [19, 13, 20, 12], [21, 6, 22, 7]]"
12n_0833_164,"[[21, 6, 22, 7], [23, 10, 24, 11], [18, 2, 19, 1], [3, 8, 4, 9], [5, 14, 6, 15], [7, 22, 8, 23], [9, 2, 10, 3], [11, 17, 12, 16], [13, 4, 14, 5], [15, 21, 16, 20], [24, 18, 1, 17], [19, 13, 20, 12]]"
12n_0833_165,"[[19, 13, 20, 12], [21, 6, 22, 7], [23, 10, 24, 11], [18, 2, 19, 1], [3, 8, 4, 9], [5, 14, 6, 15], [7, 22, 8, 23], [9, 2, 10, 3], [11, 17, 12, 16], [13, 4, 14, 5], [15, 21, 16, 20], [24, 18, 1, 17]]"
12n_0833_166,"[[24, 18, 1, 17], [19, 13, 20, 12], [21, 6, 22, 7], [23, 10, 24, 11], [18, 2, 19, 1], [3, 8, 4, 9], [5, 14, 6, 15], [7, 22, 8, 23], [9, 2, 10, 3], [11, 17, 12, 16], [13, 4, 14, 5], [15, 21, 16, 20]]"
12n_0833_167,"[[15, 21, 16, 20], [24, 18, 1, 17], [19, 13, 20, 12], [21, 6, 22, 7], [23, 10, 24, 11], [18, 2, 19, 1], [3, 8, 4, 9], [5, 14, 6, 15], [7, 22, 8, 23], [9, 2, 10, 3], [11, 17, 12, 16], [13, 4, 14, 5]]"
12n_0833_168,"[[14, 5, 15, 6], [16, 22, 17, 21], [1, 19, 2, 18], [20, 14, 21, 13], [22, 7, 23, 8], [24, 11, 1, 12], [19, 3, 20, 2], [4, 9, 5, 10], [6, 15, 7, 16], [8, 23, 9, 24], [10, 3, 11, 4], [12, 18, 13, 17]]"
12n_0833_169,"[[12, 18, 13, 17], [14, 5, 15, 6], [16, 22, 17, 21], [1, 19, 2, 18], [20, 14, 21, 13], [22, 7, 23, 8], [24, 11, 1, 12], [19, 3, 20, 2], [4, 9, 5, 10], [6, 15, 7, 16], [8, 23, 9, 24], [10, 3, 11, 4]]"
12n_0833_170,"[[10, 3, 11, 4], [12, 18, 13, 17], [14, 5, 15, 6], [16, 22, 17, 21], [1, 19, 2, 18], [20, 14, 21, 13], [22, 7, 23, 8], [24, 11, 1, 12], [19, 3, 20, 2], [4, 9, 5, 10], [6, 15, 7, 16], [8, 23, 9, 24]]"
12n_0833_171,"[[8, 23, 9, 24], [10, 3, 11, 4], [12, 18, 13, 17], [14, 5, 15, 6], [16, 22, 17, 21], [1, 19, 2, 18], [20, 14, 21, 13], [22, 7, 23, 8], [24, 11, 1, 12], [19, 3, 20, 2], [4, 9, 5, 10], [6, 15, 7, 16]]"
12n_0833_172,"[[6, 15, 7, 16], [8, 23, 9, 24], [10, 3, 11, 4], [12, 18, 13, 17], [14, 5, 15, 6], [16, 22, 17, 21], [1, 19, 2, 18], [20, 14, 21, 13], [22, 7, 23, 8], [24, 11, 1, 12], [19, 3, 20, 2], [4, 9, 5, 10]]"
12n_0833_173,"[[4, 9, 5, 10], [6, 15, 7, 16], [8, 23, 9, 24], [10, 3, 11, 4], [12, 18, 13, 17], [14, 5, 15, 6], [16, 22, 17, 21], [1, 19, 2, 18], [20, 14, 21, 13], [22, 7, 23, 8], [24, 11, 1, 12], [19, 3, 20, 2]]"
12n_0833_174,"[[19, 3, 20, 2], [4, 9, 5, 10], [6, 15, 7, 16], [8, 23, 9, 24], [10, 3, 11, 4], [12, 18, 13, 17], [14, 5, 15, 6], [16, 22, 17, 21], [1, 19, 2, 18], [20, 14, 21, 13], [22, 7, 23, 8], [24, 11, 1, 12]]"
12n_0833_175,"[[24, 11, 1, 12], [19, 3, 20, 2], [4, 9, 5, 10], [6, 15, 7, 16], [8, 23, 9, 24], [10, 3, 11, 4], [12, 18, 13, 17], [14, 5, 15, 6], [16, 22, 17, 21], [1, 19, 2, 18], [20, 14, 21, 13], [22, 7, 23, 8]]"
12n_0833_176,"[[22, 7, 23, 8], [24, 11, 1, 12], [19, 3, 20, 2], [4, 9, 5, 10], [6, 15, 7, 16], [8, 23, 9, 24], [10, 3, 11, 4], [12, 18, 13, 17], [14, 5, 15, 6], [16, 22, 17, 21], [1, 19, 2, 18], [20, 14, 21, 13]]"
12n_0833_177,"[[20, 14, 21, 13], [22, 7, 23, 8], [24, 11, 1, 12], [19, 3, 20, 2], [4, 9, 5, 10], [6, 15, 7, 16], [8, 23, 9, 24], [10, 3, 11, 4], [12, 18, 13, 17], [14, 5, 15, 6], [16, 22, 17, 21], [1, 19, 2, 18]]"
12n_0833_178,"[[1, 19, 2, 18], [20, 14, 21, 13], [22, 7, 23, 8], [24, 11, 1, 12], [19, 3, 20, 2], [4, 9, 5, 10], [6, 15, 7, 16], [8, 23, 9, 24], [10, 3, 11, 4], [12, 18, 13, 17], [14, 5, 15, 6], [16, 22, 17, 21]]"
12n_0833_179,"[[16, 22, 17, 21], [1, 19, 2, 18], [20, 14, 21, 13], [22, 7, 23, 8], [24, 11, 1, 12], [19, 3, 20, 2], [4, 9, 5, 10], [6, 15, 7, 16], [8, 23, 9, 24], [10, 3, 11, 4], [12, 18, 13, 17], [14, 5, 15, 6]]"
12n_0833_180,"[[15, 6, 16, 7], [17, 23, 18, 22], [2, 20, 3, 19], [21, 15, 22, 14], [23, 8, 24, 9], [1, 12, 2, 13], [20, 4, 21, 3], [5, 10, 6, 11], [7, 16, 8, 17], [9, 24, 10, 1], [11, 4, 12, 5], [13, 19, 14, 18]]"
12n_0833_181,"[[13, 19, 14, 18], [15, 6, 16, 7], [17, 23, 18, 22], [2, 20, 3, 19], [21, 15, 22, 14], [23, 8, 24, 9], [1, 12, 2, 13], [20, 4, 21, 3], [5, 10, 6, 11], [7, 16, 8, 17], [9, 24, 10, 1], [11, 4, 12, 5]]"
12n_0833_182,"[[11, 4, 12, 5], [13, 19, 14, 18], [15, 6, 16, 7], [17, 23, 18, 22], [2, 20, 3, 19], [21, 15, 22, 14], [23, 8, 24, 9], [1, 12, 2, 13], [20, 4, 21, 3], [5, 10, 6, 11], [7, 16, 8, 17], [9, 24, 10, 1]]"
12n_0833_183,"[[9, 24, 10, 1], [11, 4, 12, 5], [13, 19, 14, 18], [15, 6, 16, 7], [17, 23, 18, 22], [2, 20, 3, 19], [21, 15, 22, 14], [23, 8, 24, 9], [1, 12, 2, 13], [20, 4, 21, 3], [5, 10, 6, 11], [7, 16, 8, 17]]"
12n_0833_184,"[[7, 16, 8, 17], [9, 24, 10, 1], [11, 4, 12, 5], [13, 19, 14, 18], [15, 6, 16, 7], [17, 23, 18, 22], [2, 20, 3, 19], [21, 15, 22, 14], [23, 8, 24, 9], [1, 12, 2, 13], [20, 4, 21, 3], [5, 10, 6, 11]]"
12n_0833_185,"[[5, 10, 6, 11], [7, 16, 8, 17], [9, 24, 10, 1], [11, 4, 12, 5], [13, 19, 14, 18], [15, 6, 16, 7], [17, 23, 18, 22], [2, 20, 3, 19], [21, 15, 22, 14], [23, 8, 24, 9], [1, 12, 2, 13], [20, 4, 21, 3]]"
