name,pd_notation
12n_0789_0,"[[24, 17, 1, 18], [2, 8, 3, 7], [11, 4, 12, 5], [6, 20, 7, 19], [8, 16, 9, 15], [3, 10, 4, 11], [12, 23, 13, 24], [14, 10, 15, 9], [16, 21, 17, 22], [18, 6, 19, 5], [20, 1, 21, 2], [22, 13, 23, 14]]"
12n_0789_1,"[[22, 13, 23, 14], [24, 17, 1, 18], [2, 8, 3, 7], [11, 4, 12, 5], [6, 20, 7, 19], [8, 16, 9, 15], [3, 10, 4, 11], [12, 23, 13, 24], [14, 10, 15, 9], [16, 21, 17, 22], [18, 6, 19, 5], [20, 1, 21, 2]]"
12n_0789_2,"[[20, 1, 21, 2], [22, 13, 23, 14], [24, 17, 1, 18], [2, 8, 3, 7], [11, 4, 12, 5], [6, 20, 7, 19], [8, 16, 9, 15], [3, 10, 4, 11], [12, 23, 13, 24], [14, 10, 15, 9], [16, 21, 17, 22], [18, 6, 19, 5]]"
12n_0789_3,"[[18, 6, 19, 5], [20, 1, 21, 2], [22, 13, 23, 14], [24, 17, 1, 18], [2, 8, 3, 7], [11, 4, 12, 5], [6, 20, 7, 19], [8, 16, 9, 15], [3, 10, 4, 11], [12, 23, 13, 24], [14, 10, 15, 9], [16, 21, 17, 22]]"
12n_0789_4,"[[16, 21, 17, 22], [18, 6, 19, 5], [20, 1, 21, 2], [22, 13, 23, 14], [24, 17, 1, 18], [2, 8, 3, 7], [11, 4, 12, 5], [6, 20, 7, 19], [8, 16, 9, 15], [3, 10, 4, 11], [12, 23, 13, 24], [14, 10, 15, 9]]"
12n_0789_5,"[[14, 10, 15, 9], [16, 21, 17, 22], [18, 6, 19, 5], [20, 1, 21, 2], [22, 13, 23, 14], [24, 17, 1, 18], [2, 8, 3, 7], [11, 4, 12, 5], [6, 20, 7, 19], [8, 16, 9, 15], [3, 10, 4, 11], [12, 23, 13, 24]]"
12n_0789_6,"[[12, 23, 13, 24], [14, 10, 15, 9], [16, 21, 17, 22], [18, 6, 19, 5], [20, 1, 21, 2], [22, 13, 23, 14], [24, 17, 1, 18], [2, 8, 3, 7], [11, 4, 12, 5], [6, 20, 7, 19], [8, 16, 9, 15], [3, 10, 4, 11]]"
12n_0789_7,"[[3, 10, 4, 11], [12, 23, 13, 24], [14, 10, 15, 9], [16, 21, 17, 22], [18, 6, 19, 5], [20, 1, 21, 2], [22, 13, 23, 14], [24, 17, 1, 18], [2, 8, 3, 7], [11, 4, 12, 5], [6, 20, 7, 19], [8, 16, 9, 15]]"
12n_0789_8,"[[8, 16, 9, 15], [3, 10, 4, 11], [12, 23, 13, 24], [14, 10, 15, 9], [16, 21, 17, 22], [18, 6, 19, 5], [20, 1, 21, 2], [22, 13, 23, 14], [24, 17, 1, 18], [2, 8, 3, 7], [11, 4, 12, 5], [6, 20, 7, 19]]"
12n_0789_9,"[[6, 20, 7, 19], [8, 16, 9, 15], [3, 10, 4, 11], [12, 23, 13, 24], [14, 10, 15, 9], [16, 21, 17, 22], [18, 6, 19, 5], [20, 1, 21, 2], [22, 13, 23, 14], [24, 17, 1, 18], [2, 8, 3, 7], [11, 4, 12, 5]]"
12n_0789_10,"[[11, 4, 12, 5], [6, 20, 7, 19], [8, 16, 9, 15], [3, 10, 4, 11], [12, 23, 13, 24], [14, 10, 15, 9], [16, 21, 17, 22], [18, 6, 19, 5], [20, 1, 21, 2], [22, 13, 23, 14], [24, 17, 1, 18], [2, 8, 3, 7]]"
12n_0789_11,"[[2, 8, 3, 7], [11, 4, 12, 5], [6, 20, 7, 19], [8, 16, 9, 15], [3, 10, 4, 11], [12, 23, 13, 24], [14, 10, 15, 9], [16, 21, 17, 22], [18, 6, 19, 5], [20, 1, 21, 2], [22, 13, 23, 14], [24, 17, 1, 18]]"
12n_0789_12,"[[1, 18, 2, 19], [3, 9, 4, 8], [12, 5, 13, 6], [7, 21, 8, 20], [9, 17, 10, 16], [4, 11, 5, 12], [13, 24, 14, 1], [15, 11, 16, 10], [17, 22, 18, 23], [19, 7, 20, 6], [21, 2, 22, 3], [23, 14, 24, 15]]"
12n_0789_13,"[[23, 14, 24, 15], [1, 18, 2, 19], [3, 9, 4, 8], [12, 5, 13, 6], [7, 21, 8, 20], [9, 17, 10, 16], [4, 11, 5, 12], [13, 24, 14, 1], [15, 11, 16, 10], [17, 22, 18, 23], [19, 7, 20, 6], [21, 2, 22, 3]]"
12n_0789_14,"[[21, 2, 22, 3], [23, 14, 24, 15], [1, 18, 2, 19], [3, 9, 4, 8], [12, 5, 13, 6], [7, 21, 8, 20], [9, 17, 10, 16], [4, 11, 5, 12], [13, 24, 14, 1], [15, 11, 16, 10], [17, 22, 18, 23], [19, 7, 20, 6]]"
12n_0789_15,"[[19, 7, 20, 6], [21, 2, 22, 3], [23, 14, 24, 15], [1, 18, 2, 19], [3, 9, 4, 8], [12, 5, 13, 6], [7, 21, 8, 20], [9, 17, 10, 16], [4, 11, 5, 12], [13, 24, 14, 1], [15, 11, 16, 10], [17, 22, 18, 23]]"
12n_0789_16,"[[17, 22, 18, 23], [19, 7, 20, 6], [21, 2, 22, 3], [23, 14, 24, 15], [1, 18, 2, 19], [3, 9, 4, 8], [12, 5, 13, 6], [7, 21, 8, 20], [9, 17, 10, 16], [4, 11, 5, 12], [13, 24, 14, 1], [15, 11, 16, 10]]"
12n_0789_17,"[[15, 11, 16, 10], [17, 22, 18, 23], [19, 7, 20, 6], [21, 2, 22, 3], [23, 14, 24, 15], [1, 18, 2, 19], [3, 9, 4, 8], [12, 5, 13, 6], [7, 21, 8, 20], [9, 17, 10, 16], [4, 11, 5, 12], [13, 24, 14, 1]]"
12n_0789_18,"[[13, 24, 14, 1], [15, 11, 16, 10], [17, 22, 18, 23], [19, 7, 20, 6], [21, 2, 22, 3], [23, 14, 24, 15], [1, 18, 2, 19], [3, 9, 4, 8], [12, 5, 13, 6], [7, 21, 8, 20], [9, 17, 10, 16], [4, 11, 5, 12]]"
12n_0789_19,"[[4, 11, 5, 12], [13, 24, 14, 1], [15, 11, 16, 10], [17, 22, 18, 23], [19, 7, 20, 6], [21, 2, 22, 3], [23, 14, 24, 15], [1, 18, 2, 19], [3, 9, 4, 8], [12, 5, 13, 6], [7, 21, 8, 20], [9, 17, 10, 16]]"
12n_0789_20,"[[9, 17, 10, 16], [4, 11, 5, 12], [13, 24, 14, 1], [15, 11, 16, 10], [17, 22, 18, 23], [19, 7, 20, 6], [21, 2, 22, 3], [23, 14, 24, 15], [1, 18, 2, 19], [3, 9, 4, 8], [12, 5, 13, 6], [7, 21, 8, 20]]"
12n_0789_21,"[[7, 21, 8, 20], [9, 17, 10, 16], [4, 11, 5, 12], [13, 24, 14, 1], [15, 11, 16, 10], [17, 22, 18, 23], [19, 7, 20, 6], [21, 2, 22, 3], [23, 14, 24, 15], [1, 18, 2, 19], [3, 9, 4, 8], [12, 5, 13, 6]]"
12n_0789_22,"[[12, 5, 13, 6], [7, 21, 8, 20], [9, 17, 10, 16], [4, 11, 5, 12], [13, 24, 14, 1], [15, 11, 16, 10], [17, 22, 18, 23], [19, 7, 20, 6], [21, 2, 22, 3], [23, 14, 24, 15], [1, 18, 2, 19], [3, 9, 4, 8]]"
12n_0789_23,"[[3, 9, 4, 8], [12, 5, 13, 6], [7, 21, 8, 20], [9, 17, 10, 16], [4, 11, 5, 12], [13, 24, 14, 1], [15, 11, 16, 10], [17, 22, 18, 23], [19, 7, 20, 6], [21, 2, 22, 3], [23, 14, 24, 15], [1, 18, 2, 19]]"
12n_0789_24,"[[2, 19, 3, 20], [4, 10, 5, 9], [13, 6, 14, 7], [8, 22, 9, 21], [10, 18, 11, 17], [5, 12, 6, 13], [14, 1, 15, 2], [16, 12, 17, 11], [18, 23, 19, 24], [20, 8, 21, 7], [22, 3, 23, 4], [24, 15, 1, 16]]"
12n_0789_25,"[[24, 15, 1, 16], [2, 19, 3, 20], [4, 10, 5, 9], [13, 6, 14, 7], [8, 22, 9, 21], [10, 18, 11, 17], [5, 12, 6, 13], [14, 1, 15, 2], [16, 12, 17, 11], [18, 23, 19, 24], [20, 8, 21, 7], [22, 3, 23, 4]]"
12n_0789_26,"[[22, 3, 23, 4], [24, 15, 1, 16], [2, 19, 3, 20], [4, 10, 5, 9], [13, 6, 14, 7], [8, 22, 9, 21], [10, 18, 11, 17], [5, 12, 6, 13], [14, 1, 15, 2], [16, 12, 17, 11], [18, 23, 19, 24], [20, 8, 21, 7]]"
12n_0789_27,"[[20, 8, 21, 7], [22, 3, 23, 4], [24, 15, 1, 16], [2, 19, 3, 20], [4, 10, 5, 9], [13, 6, 14, 7], [8, 22, 9, 21], [10, 18, 11, 17], [5, 12, 6, 13], [14, 1, 15, 2], [16, 12, 17, 11], [18, 23, 19, 24]]"
12n_0789_28,"[[18, 23, 19, 24], [20, 8, 21, 7], [22, 3, 23, 4], [24, 15, 1, 16], [2, 19, 3, 20], [4, 10, 5, 9], [13, 6, 14, 7], [8, 22, 9, 21], [10, 18, 11, 17], [5, 12, 6, 13], [14, 1, 15, 2], [16, 12, 17, 11]]"
12n_0789_29,"[[16, 12, 17, 11], [18, 23, 19, 24], [20, 8, 21, 7], [22, 3, 23, 4], [24, 15, 1, 16], [2, 19, 3, 20], [4, 10, 5, 9], [13, 6, 14, 7], [8, 22, 9, 21], [10, 18, 11, 17], [5, 12, 6, 13], [14, 1, 15, 2]]"
12n_0789_30,"[[14, 1, 15, 2], [16, 12, 17, 11], [18, 23, 19, 24], [20, 8, 21, 7], [22, 3, 23, 4], [24, 15, 1, 16], [2, 19, 3, 20], [4, 10, 5, 9], [13, 6, 14, 7], [8, 22, 9, 21], [10, 18, 11, 17], [5, 12, 6, 13]]"
12n_0789_31,"[[5, 12, 6, 13], [14, 1, 15, 2], [16, 12, 17, 11], [18, 23, 19, 24], [20, 8, 21, 7], [22, 3, 23, 4], [24, 15, 1, 16], [2, 19, 3, 20], [4, 10, 5, 9], [13, 6, 14, 7], [8, 22, 9, 21], [10, 18, 11, 17]]"
12n_0789_32,"[[10, 18, 11, 17], [5, 12, 6, 13], [14, 1, 15, 2], [16, 12, 17, 11], [18, 23, 19, 24], [20, 8, 21, 7], [22, 3, 23, 4], [24, 15, 1, 16], [2, 19, 3, 20], [4, 10, 5, 9], [13, 6, 14, 7], [8, 22, 9, 21]]"
12n_0789_33,"[[8, 22, 9, 21], [10, 18, 11, 17], [5, 12, 6, 13], [14, 1, 15, 2], [16, 12, 17, 11], [18, 23, 19, 24], [20, 8, 21, 7], [22, 3, 23, 4], [24, 15, 1, 16], [2, 19, 3, 20], [4, 10, 5, 9], [13, 6, 14, 7]]"
12n_0789_34,"[[13, 6, 14, 7], [8, 22, 9, 21], [10, 18, 11, 17], [5, 12, 6, 13], [14, 1, 15, 2], [16, 12, 17, 11], [18, 23, 19, 24], [20, 8, 21, 7], [22, 3, 23, 4], [24, 15, 1, 16], [2, 19, 3, 20], [4, 10, 5, 9]]"
12n_0789_35,"[[4, 10, 5, 9], [13, 6, 14, 7], [8, 22, 9, 21], [10, 18, 11, 17], [5, 12, 6, 13], [14, 1, 15, 2], [16, 12, 17, 11], [18, 23, 19, 24], [20, 8, 21, 7], [22, 3, 23, 4], [24, 15, 1, 16], [2, 19, 3, 20]]"
12n_0789_36,"[[3, 20, 4, 21], [5, 11, 6, 10], [14, 7, 15, 8], [9, 23, 10, 22], [11, 19, 12, 18], [6, 13, 7, 14], [15, 2, 16, 3], [17, 13, 18, 12], [19, 24, 20, 1], [21, 9, 22, 8], [23, 4, 24, 5], [1, 16, 2, 17]]"
12n_0789_37,"[[1, 16, 2, 17], [3, 20, 4, 21], [5, 11, 6, 10], [14, 7, 15, 8], [9, 23, 10, 22], [11, 19, 12, 18], [6, 13, 7, 14], [15, 2, 16, 3], [17, 13, 18, 12], [19, 24, 20, 1], [21, 9, 22, 8], [23, 4, 24, 5]]"
12n_0789_38,"[[23, 4, 24, 5], [1, 16, 2, 17], [3, 20, 4, 21], [5, 11, 6, 10], [14, 7, 15, 8], [9, 23, 10, 22], [11, 19, 12, 18], [6, 13, 7, 14], [15, 2, 16, 3], [17, 13, 18, 12], [19, 24, 20, 1], [21, 9, 22, 8]]"
12n_0789_39,"[[21, 9, 22, 8], [23, 4, 24, 5], [1, 16, 2, 17], [3, 20, 4, 21], [5, 11, 6, 10], [14, 7, 15, 8], [9, 23, 10, 22], [11, 19, 12, 18], [6, 13, 7, 14], [15, 2, 16, 3], [17, 13, 18, 12], [19, 24, 20, 1]]"
12n_0789_40,"[[19, 24, 20, 1], [21, 9, 22, 8], [23, 4, 24, 5], [1, 16, 2, 17], [3, 20, 4, 21], [5, 11, 6, 10], [14, 7, 15, 8], [9, 23, 10, 22], [11, 19, 12, 18], [6, 13, 7, 14], [15, 2, 16, 3], [17, 13, 18, 12]]"
12n_0789_41,"[[17, 13, 18, 12], [19, 24, 20, 1], [21, 9, 22, 8], [23, 4, 24, 5], [1, 16, 2, 17], [3, 20, 4, 21], [5, 11, 6, 10], [14, 7, 15, 8], [9, 23, 10, 22], [11, 19, 12, 18], [6, 13, 7, 14], [15, 2, 16, 3]]"
12n_0789_42,"[[15, 2, 16, 3], [17, 13, 18, 12], [19, 24, 20, 1], [21, 9, 22, 8], [23, 4, 24, 5], [1, 16, 2, 17], [3, 20, 4, 21], [5, 11, 6, 10], [14, 7, 15, 8], [9, 23, 10, 22], [11, 19, 12, 18], [6, 13, 7, 14]]"
12n_0789_43,"[[6, 13, 7, 14], [15, 2, 16, 3], [17, 13, 18, 12], [19, 24, 20, 1], [21, 9, 22, 8], [23, 4, 24, 5], [1, 16, 2, 17], [3, 20, 4, 21], [5, 11, 6, 10], [14, 7, 15, 8], [9, 23, 10, 22], [11, 19, 12, 18]]"
12n_0789_44,"[[11, 19, 12, 18], [6, 13, 7, 14], [15, 2, 16, 3], [17, 13, 18, 12], [19, 24, 20, 1], [21, 9, 22, 8], [23, 4, 24, 5], [1, 16, 2, 17], [3, 20, 4, 21], [5, 11, 6, 10], [14, 7, 15, 8], [9, 23, 10, 22]]"
12n_0789_45,"[[9, 23, 10, 22], [11, 19, 12, 18], [6, 13, 7, 14], [15, 2, 16, 3], [17, 13, 18, 12], [19, 24, 20, 1], [21, 9, 22, 8], [23, 4, 24, 5], [1, 16, 2, 17], [3, 20, 4, 21], [5, 11, 6, 10], [14, 7, 15, 8]]"
12n_0789_46,"[[14, 7, 15, 8], [9, 23, 10, 22], [11, 19, 12, 18], [6, 13, 7, 14], [15, 2, 16, 3], [17, 13, 18, 12], [19, 24, 20, 1], [21, 9, 22, 8], [23, 4, 24, 5], [1, 16, 2, 17], [3, 20, 4, 21], [5, 11, 6, 10]]"
12n_0789_47,"[[5, 11, 6, 10], [14, 7, 15, 8], [9, 23, 10, 22], [11, 19, 12, 18], [6, 13, 7, 14], [15, 2, 16, 3], [17, 13, 18, 12], [19, 24, 20, 1], [21, 9, 22, 8], [23, 4, 24, 5], [1, 16, 2, 17], [3, 20, 4, 21]]"
12n_0789_48,"[[4, 21, 5, 22], [6, 12, 7, 11], [15, 8, 16, 9], [10, 24, 11, 23], [12, 20, 13, 19], [7, 14, 8, 15], [16, 3, 17, 4], [18, 14, 19, 13], [20, 1, 21, 2], [22, 10, 23, 9], [24, 5, 1, 6], [2, 17, 3, 18]]"
12n_0789_49,"[[2, 17, 3, 18], [4, 21, 5, 22], [6, 12, 7, 11], [15, 8, 16, 9], [10, 24, 11, 23], [12, 20, 13, 19], [7, 14, 8, 15], [16, 3, 17, 4], [18, 14, 19, 13], [20, 1, 21, 2], [22, 10, 23, 9], [24, 5, 1, 6]]"
12n_0789_50,"[[24, 5, 1, 6], [2, 17, 3, 18], [4, 21, 5, 22], [6, 12, 7, 11], [15, 8, 16, 9], [10, 24, 11, 23], [12, 20, 13, 19], [7, 14, 8, 15], [16, 3, 17, 4], [18, 14, 19, 13], [20, 1, 21, 2], [22, 10, 23, 9]]"
12n_0789_51,"[[22, 10, 23, 9], [24, 5, 1, 6], [2, 17, 3, 18], [4, 21, 5, 22], [6, 12, 7, 11], [15, 8, 16, 9], [10, 24, 11, 23], [12, 20, 13, 19], [7, 14, 8, 15], [16, 3, 17, 4], [18, 14, 19, 13], [20, 1, 21, 2]]"
12n_0789_52,"[[20, 1, 21, 2], [22, 10, 23, 9], [24, 5, 1, 6], [2, 17, 3, 18], [4, 21, 5, 22], [6, 12, 7, 11], [15, 8, 16, 9], [10, 24, 11, 23], [12, 20, 13, 19], [7, 14, 8, 15], [16, 3, 17, 4], [18, 14, 19, 13]]"
12n_0789_53,"[[18, 14, 19, 13], [20, 1, 21, 2], [22, 10, 23, 9], [24, 5, 1, 6], [2, 17, 3, 18], [4, 21, 5, 22], [6, 12, 7, 11], [15, 8, 16, 9], [10, 24, 11, 23], [12, 20, 13, 19], [7, 14, 8, 15], [16, 3, 17, 4]]"
12n_0789_54,"[[16, 3, 17, 4], [18, 14, 19, 13], [20, 1, 21, 2], [22, 10, 23, 9], [24, 5, 1, 6], [2, 17, 3, 18], [4, 21, 5, 22], [6, 12, 7, 11], [15, 8, 16, 9], [10, 24, 11, 23], [12, 20, 13, 19], [7, 14, 8, 15]]"
12n_0789_55,"[[7, 14, 8, 15], [16, 3, 17, 4], [18, 14, 19, 13], [20, 1, 21, 2], [22, 10, 23, 9], [24, 5, 1, 6], [2, 17, 3, 18], [4, 21, 5, 22], [6, 12, 7, 11], [15, 8, 16, 9], [10, 24, 11, 23], [12, 20, 13, 19]]"
12n_0789_56,"[[12, 20, 13, 19], [7, 14, 8, 15], [16, 3, 17, 4], [18, 14, 19, 13], [20, 1, 21, 2], [22, 10, 23, 9], [24, 5, 1, 6], [2, 17, 3, 18], [4, 21, 5, 22], [6, 12, 7, 11], [15, 8, 16, 9], [10, 24, 11, 23]]"
12n_0789_57,"[[10, 24, 11, 23], [12, 20, 13, 19], [7, 14, 8, 15], [16, 3, 17, 4], [18, 14, 19, 13], [20, 1, 21, 2], [22, 10, 23, 9], [24, 5, 1, 6], [2, 17, 3, 18], [4, 21, 5, 22], [6, 12, 7, 11], [15, 8, 16, 9]]"
12n_0789_58,"[[15, 8, 16, 9], [10, 24, 11, 23], [12, 20, 13, 19], [7, 14, 8, 15], [16, 3, 17, 4], [18, 14, 19, 13], [20, 1, 21, 2], [22, 10, 23, 9], [24, 5, 1, 6], [2, 17, 3, 18], [4, 21, 5, 22], [6, 12, 7, 11]]"
12n_0789_59,"[[6, 12, 7, 11], [15, 8, 16, 9], [10, 24, 11, 23], [12, 20, 13, 19], [7, 14, 8, 15], [16, 3, 17, 4], [18, 14, 19, 13], [20, 1, 21, 2], [22, 10, 23, 9], [24, 5, 1, 6], [2, 17, 3, 18], [4, 21, 5, 22]]"
12n_0789_60,"[[5, 22, 6, 23], [7, 13, 8, 12], [16, 9, 17, 10], [11, 1, 12, 24], [13, 21, 14, 20], [8, 15, 9, 16], [17, 4, 18, 5], [19, 15, 20, 14], [21, 2, 22, 3], [23, 11, 24, 10], [1, 6, 2, 7], [3, 18, 4, 19]]"
12n_0789_61,"[[3, 18, 4, 19], [5, 22, 6, 23], [7, 13, 8, 12], [16, 9, 17, 10], [11, 1, 12, 24], [13, 21, 14, 20], [8, 15, 9, 16], [17, 4, 18, 5], [19, 15, 20, 14], [21, 2, 22, 3], [23, 11, 24, 10], [1, 6, 2, 7]]"
12n_0789_62,"[[1, 6, 2, 7], [3, 18, 4, 19], [5, 22, 6, 23], [7, 13, 8, 12], [16, 9, 17, 10], [11, 1, 12, 24], [13, 21, 14, 20], [8, 15, 9, 16], [17, 4, 18, 5], [19, 15, 20, 14], [21, 2, 22, 3], [23, 11, 24, 10]]"
12n_0789_63,"[[23, 11, 24, 10], [1, 6, 2, 7], [3, 18, 4, 19], [5, 22, 6, 23], [7, 13, 8, 12], [16, 9, 17, 10], [11, 1, 12, 24], [13, 21, 14, 20], [8, 15, 9, 16], [17, 4, 18, 5], [19, 15, 20, 14], [21, 2, 22, 3]]"
12n_0789_64,"[[21, 2, 22, 3], [23, 11, 24, 10], [1, 6, 2, 7], [3, 18, 4, 19], [5, 22, 6, 23], [7, 13, 8, 12], [16, 9, 17, 10], [11, 1, 12, 24], [13, 21, 14, 20], [8, 15, 9, 16], [17, 4, 18, 5], [19, 15, 20, 14]]"
12n_0789_65,"[[19, 15, 20, 14], [21, 2, 22, 3], [23, 11, 24, 10], [1, 6, 2, 7], [3, 18, 4, 19], [5, 22, 6, 23], [7, 13, 8, 12], [16, 9, 17, 10], [11, 1, 12, 24], [13, 21, 14, 20], [8, 15, 9, 16], [17, 4, 18, 5]]"
12n_0789_66,"[[17, 4, 18, 5], [19, 15, 20, 14], [21, 2, 22, 3], [23, 11, 24, 10], [1, 6, 2, 7], [3, 18, 4, 19], [5, 22, 6, 23], [7, 13, 8, 12], [16, 9, 17, 10], [11, 1, 12, 24], [13, 21, 14, 20], [8, 15, 9, 16]]"
12n_0789_67,"[[8, 15, 9, 16], [17, 4, 18, 5], [19, 15, 20, 14], [21, 2, 22, 3], [23, 11, 24, 10], [1, 6, 2, 7], [3, 18, 4, 19], [5, 22, 6, 23], [7, 13, 8, 12], [16, 9, 17, 10], [11, 1, 12, 24], [13, 21, 14, 20]]"
12n_0789_68,"[[13, 21, 14, 20], [8, 15, 9, 16], [17, 4, 18, 5], [19, 15, 20, 14], [21, 2, 22, 3], [23, 11, 24, 10], [1, 6, 2, 7], [3, 18, 4, 19], [5, 22, 6, 23], [7, 13, 8, 12], [16, 9, 17, 10], [11, 1, 12, 24]]"
12n_0789_69,"[[11, 1, 12, 24], [13, 21, 14, 20], [8, 15, 9, 16], [17, 4, 18, 5], [19, 15, 20, 14], [21, 2, 22, 3], [23, 11, 24, 10], [1, 6, 2, 7], [3, 18, 4, 19], [5, 22, 6, 23], [7, 13, 8, 12], [16, 9, 17, 10]]"
12n_0789_70,"[[16, 9, 17, 10], [11, 1, 12, 24], [13, 21, 14, 20], [8, 15, 9, 16], [17, 4, 18, 5], [19, 15, 20, 14], [21, 2, 22, 3], [23, 11, 24, 10], [1, 6, 2, 7], [3, 18, 4, 19], [5, 22, 6, 23], [7, 13, 8, 12]]"
12n_0789_71,"[[7, 13, 8, 12], [16, 9, 17, 10], [11, 1, 12, 24], [13, 21, 14, 20], [8, 15, 9, 16], [17, 4, 18, 5], [19, 15, 20, 14], [21, 2, 22, 3], [23, 11, 24, 10], [1, 6, 2, 7], [3, 18, 4, 19], [5, 22, 6, 23]]"
12n_0789_72,"[[6, 23, 7, 24], [8, 14, 9, 13], [17, 10, 18, 11], [12, 2, 13, 1], [14, 22, 15, 21], [9, 16, 10, 17], [18, 5, 19, 6], [20, 16, 21, 15], [22, 3, 23, 4], [24, 12, 1, 11], [2, 7, 3, 8], [4, 19, 5, 20]]"
12n_0789_73,"[[4, 19, 5, 20], [6, 23, 7, 24], [8, 14, 9, 13], [17, 10, 18, 11], [12, 2, 13, 1], [14, 22, 15, 21], [9, 16, 10, 17], [18, 5, 19, 6], [20, 16, 21, 15], [22, 3, 23, 4], [24, 12, 1, 11], [2, 7, 3, 8]]"
12n_0789_74,"[[2, 7, 3, 8], [4, 19, 5, 20], [6, 23, 7, 24], [8, 14, 9, 13], [17, 10, 18, 11], [12, 2, 13, 1], [14, 22, 15, 21], [9, 16, 10, 17], [18, 5, 19, 6], [20, 16, 21, 15], [22, 3, 23, 4], [24, 12, 1, 11]]"
12n_0789_75,"[[24, 12, 1, 11], [2, 7, 3, 8], [4, 19, 5, 20], [6, 23, 7, 24], [8, 14, 9, 13], [17, 10, 18, 11], [12, 2, 13, 1], [14, 22, 15, 21], [9, 16, 10, 17], [18, 5, 19, 6], [20, 16, 21, 15], [22, 3, 23, 4]]"
12n_0789_76,"[[22, 3, 23, 4], [24, 12, 1, 11], [2, 7, 3, 8], [4, 19, 5, 20], [6, 23, 7, 24], [8, 14, 9, 13], [17, 10, 18, 11], [12, 2, 13, 1], [14, 22, 15, 21], [9, 16, 10, 17], [18, 5, 19, 6], [20, 16, 21, 15]]"
12n_0789_77,"[[20, 16, 21, 15], [22, 3, 23, 4], [24, 12, 1, 11], [2, 7, 3, 8], [4, 19, 5, 20], [6, 23, 7, 24], [8, 14, 9, 13], [17, 10, 18, 11], [12, 2, 13, 1], [14, 22, 15, 21], [9, 16, 10, 17], [18, 5, 19, 6]]"
12n_0789_78,"[[18, 5, 19, 6], [20, 16, 21, 15], [22, 3, 23, 4], [24, 12, 1, 11], [2, 7, 3, 8], [4, 19, 5, 20], [6, 23, 7, 24], [8, 14, 9, 13], [17, 10, 18, 11], [12, 2, 13, 1], [14, 22, 15, 21], [9, 16, 10, 17]]"
12n_0789_79,"[[9, 16, 10, 17], [18, 5, 19, 6], [20, 16, 21, 15], [22, 3, 23, 4], [24, 12, 1, 11], [2, 7, 3, 8], [4, 19, 5, 20], [6, 23, 7, 24], [8, 14, 9, 13], [17, 10, 18, 11], [12, 2, 13, 1], [14, 22, 15, 21]]"
12n_0789_80,"[[14, 22, 15, 21], [9, 16, 10, 17], [18, 5, 19, 6], [20, 16, 21, 15], [22, 3, 23, 4], [24, 12, 1, 11], [2, 7, 3, 8], [4, 19, 5, 20], [6, 23, 7, 24], [8, 14, 9, 13], [17, 10, 18, 11], [12, 2, 13, 1]]"
12n_0789_81,"[[12, 2, 13, 1], [14, 22, 15, 21], [9, 16, 10, 17], [18, 5, 19, 6], [20, 16, 21, 15], [22, 3, 23, 4], [24, 12, 1, 11], [2, 7, 3, 8], [4, 19, 5, 20], [6, 23, 7, 24], [8, 14, 9, 13], [17, 10, 18, 11]]"
12n_0789_82,"[[17, 10, 18, 11], [12, 2, 13, 1], [14, 22, 15, 21], [9, 16, 10, 17], [18, 5, 19, 6], [20, 16, 21, 15], [22, 3, 23, 4], [24, 12, 1, 11], [2, 7, 3, 8], [4, 19, 5, 20], [6, 23, 7, 24], [8, 14, 9, 13]]"
12n_0789_83,"[[8, 14, 9, 13], [17, 10, 18, 11], [12, 2, 13, 1], [14, 22, 15, 21], [9, 16, 10, 17], [18, 5, 19, 6], [20, 16, 21, 15], [22, 3, 23, 4], [24, 12, 1, 11], [2, 7, 3, 8], [4, 19, 5, 20], [6, 23, 7, 24]]"
12n_0789_84,"[[7, 24, 8, 1], [9, 15, 10, 14], [18, 11, 19, 12], [13, 3, 14, 2], [15, 23, 16, 22], [10, 17, 11, 18], [19, 6, 20, 7], [21, 17, 22, 16], [23, 4, 24, 5], [1, 13, 2, 12], [3, 8, 4, 9], [5, 20, 6, 21]]"
12n_0789_85,"[[5, 20, 6, 21], [7, 24, 8, 1], [9, 15, 10, 14], [18, 11, 19, 12], [13, 3, 14, 2], [15, 23, 16, 22], [10, 17, 11, 18], [19, 6, 20, 7], [21, 17, 22, 16], [23, 4, 24, 5], [1, 13, 2, 12], [3, 8, 4, 9]]"
12n_0789_86,"[[3, 8, 4, 9], [5, 20, 6, 21], [7, 24, 8, 1], [9, 15, 10, 14], [18, 11, 19, 12], [13, 3, 14, 2], [15, 23, 16, 22], [10, 17, 11, 18], [19, 6, 20, 7], [21, 17, 22, 16], [23, 4, 24, 5], [1, 13, 2, 12]]"
12n_0789_87,"[[1, 13, 2, 12], [3, 8, 4, 9], [5, 20, 6, 21], [7, 24, 8, 1], [9, 15, 10, 14], [18, 11, 19, 12], [13, 3, 14, 2], [15, 23, 16, 22], [10, 17, 11, 18], [19, 6, 20, 7], [21, 17, 22, 16], [23, 4, 24, 5]]"
12n_0789_88,"[[23, 4, 24, 5], [1, 13, 2, 12], [3, 8, 4, 9], [5, 20, 6, 21], [7, 24, 8, 1], [9, 15, 10, 14], [18, 11, 19, 12], [13, 3, 14, 2], [15, 23, 16, 22], [10, 17, 11, 18], [19, 6, 20, 7], [21, 17, 22, 16]]"
12n_0789_89,"[[21, 17, 22, 16], [23, 4, 24, 5], [1, 13, 2, 12], [3, 8, 4, 9], [5, 20, 6, 21], [7, 24, 8, 1], [9, 15, 10, 14], [18, 11, 19, 12], [13, 3, 14, 2], [15, 23, 16, 22], [10, 17, 11, 18], [19, 6, 20, 7]]"
12n_0789_90,"[[19, 6, 20, 7], [21, 17, 22, 16], [23, 4, 24, 5], [1, 13, 2, 12], [3, 8, 4, 9], [5, 20, 6, 21], [7, 24, 8, 1], [9, 15, 10, 14], [18, 11, 19, 12], [13, 3, 14, 2], [15, 23, 16, 22], [10, 17, 11, 18]]"
12n_0789_91,"[[10, 17, 11, 18], [19, 6, 20, 7], [21, 17, 22, 16], [23, 4, 24, 5], [1, 13, 2, 12], [3, 8, 4, 9], [5, 20, 6, 21], [7, 24, 8, 1], [9, 15, 10, 14], [18, 11, 19, 12], [13, 3, 14, 2], [15, 23, 16, 22]]"
12n_0789_92,"[[15, 23, 16, 22], [10, 17, 11, 18], [19, 6, 20, 7], [21, 17, 22, 16], [23, 4, 24, 5], [1, 13, 2, 12], [3, 8, 4, 9], [5, 20, 6, 21], [7, 24, 8, 1], [9, 15, 10, 14], [18, 11, 19, 12], [13, 3, 14, 2]]"
12n_0789_93,"[[13, 3, 14, 2], [15, 23, 16, 22], [10, 17, 11, 18], [19, 6, 20, 7], [21, 17, 22, 16], [23, 4, 24, 5], [1, 13, 2, 12], [3, 8, 4, 9], [5, 20, 6, 21], [7, 24, 8, 1], [9, 15, 10, 14], [18, 11, 19, 12]]"
12n_0789_94,"[[18, 11, 19, 12], [13, 3, 14, 2], [15, 23, 16, 22], [10, 17, 11, 18], [19, 6, 20, 7], [21, 17, 22, 16], [23, 4, 24, 5], [1, 13, 2, 12], [3, 8, 4, 9], [5, 20, 6, 21], [7, 24, 8, 1], [9, 15, 10, 14]]"
12n_0789_95,"[[9, 15, 10, 14], [18, 11, 19, 12], [13, 3, 14, 2], [15, 23, 16, 22], [10, 17, 11, 18], [19, 6, 20, 7], [21, 17, 22, 16], [23, 4, 24, 5], [1, 13, 2, 12], [3, 8, 4, 9], [5, 20, 6, 21], [7, 24, 8, 1]]"
12n_0789_96,"[[8, 1, 9, 2], [10, 16, 11, 15], [19, 12, 20, 13], [14, 4, 15, 3], [16, 24, 17, 23], [11, 18, 12, 19], [20, 7, 21, 8], [22, 18, 23, 17], [24, 5, 1, 6], [2, 14, 3, 13], [4, 9, 5, 10], [6, 21, 7, 22]]"
12n_0789_97,"[[6, 21, 7, 22], [8, 1, 9, 2], [10, 16, 11, 15], [19, 12, 20, 13], [14, 4, 15, 3], [16, 24, 17, 23], [11, 18, 12, 19], [20, 7, 21, 8], [22, 18, 23, 17], [24, 5, 1, 6], [2, 14, 3, 13], [4, 9, 5, 10]]"
12n_0789_98,"[[4, 9, 5, 10], [6, 21, 7, 22], [8, 1, 9, 2], [10, 16, 11, 15], [19, 12, 20, 13], [14, 4, 15, 3], [16, 24, 17, 23], [11, 18, 12, 19], [20, 7, 21, 8], [22, 18, 23, 17], [24, 5, 1, 6], [2, 14, 3, 13]]"
12n_0789_99,"[[2, 14, 3, 13], [4, 9, 5, 10], [6, 21, 7, 22], [8, 1, 9, 2], [10, 16, 11, 15], [19, 12, 20, 13], [14, 4, 15, 3], [16, 24, 17, 23], [11, 18, 12, 19], [20, 7, 21, 8], [22, 18, 23, 17], [24, 5, 1, 6]]"
12n_0789_100,"[[24, 5, 1, 6], [2, 14, 3, 13], [4, 9, 5, 10], [6, 21, 7, 22], [8, 1, 9, 2], [10, 16, 11, 15], [19, 12, 20, 13], [14, 4, 15, 3], [16, 24, 17, 23], [11, 18, 12, 19], [20, 7, 21, 8], [22, 18, 23, 17]]"
12n_0789_101,"[[22, 18, 23, 17], [24, 5, 1, 6], [2, 14, 3, 13], [4, 9, 5, 10], [6, 21, 7, 22], [8, 1, 9, 2], [10, 16, 11, 15], [19, 12, 20, 13], [14, 4, 15, 3], [16, 24, 17, 23], [11, 18, 12, 19], [20, 7, 21, 8]]"
12n_0789_102,"[[20, 7, 21, 8], [22, 18, 23, 17], [24, 5, 1, 6], [2, 14, 3, 13], [4, 9, 5, 10], [6, 21, 7, 22], [8, 1, 9, 2], [10, 16, 11, 15], [19, 12, 20, 13], [14, 4, 15, 3], [16, 24, 17, 23], [11, 18, 12, 19]]"
12n_0789_103,"[[11, 18, 12, 19], [20, 7, 21, 8], [22, 18, 23, 17], [24, 5, 1, 6], [2, 14, 3, 13], [4, 9, 5, 10], [6, 21, 7, 22], [8, 1, 9, 2], [10, 16, 11, 15], [19, 12, 20, 13], [14, 4, 15, 3], [16, 24, 17, 23]]"
12n_0789_104,"[[16, 24, 17, 23], [11, 18, 12, 19], [20, 7, 21, 8], [22, 18, 23, 17], [24, 5, 1, 6], [2, 14, 3, 13], [4, 9, 5, 10], [6, 21, 7, 22], [8, 1, 9, 2], [10, 16, 11, 15], [19, 12, 20, 13], [14, 4, 15, 3]]"
12n_0789_105,"[[14, 4, 15, 3], [16, 24, 17, 23], [11, 18, 12, 19], [20, 7, 21, 8], [22, 18, 23, 17], [24, 5, 1, 6], [2, 14, 3, 13], [4, 9, 5, 10], [6, 21, 7, 22], [8, 1, 9, 2], [10, 16, 11, 15], [19, 12, 20, 13]]"
12n_0789_106,"[[19, 12, 20, 13], [14, 4, 15, 3], [16, 24, 17, 23], [11, 18, 12, 19], [20, 7, 21, 8], [22, 18, 23, 17], [24, 5, 1, 6], [2, 14, 3, 13], [4, 9, 5, 10], [6, 21, 7, 22], [8, 1, 9, 2], [10, 16, 11, 15]]"
12n_0789_107,"[[10, 16, 11, 15], [19, 12, 20, 13], [14, 4, 15, 3], [16, 24, 17, 23], [11, 18, 12, 19], [20, 7, 21, 8], [22, 18, 23, 17], [24, 5, 1, 6], [2, 14, 3, 13], [4, 9, 5, 10], [6, 21, 7, 22], [8, 1, 9, 2]]"
12n_0789_108,"[[9, 2, 10, 3], [11, 17, 12, 16], [20, 13, 21, 14], [15, 5, 16, 4], [17, 1, 18, 24], [12, 19, 13, 20], [21, 8, 22, 9], [23, 19, 24, 18], [1, 6, 2, 7], [3, 15, 4, 14], [5, 10, 6, 11], [7, 22, 8, 23]]"
12n_0789_109,"[[7, 22, 8, 23], [9, 2, 10, 3], [11, 17, 12, 16], [20, 13, 21, 14], [15, 5, 16, 4], [17, 1, 18, 24], [12, 19, 13, 20], [21, 8, 22, 9], [23, 19, 24, 18], [1, 6, 2, 7], [3, 15, 4, 14], [5, 10, 6, 11]]"
12n_0789_110,"[[5, 10, 6, 11], [7, 22, 8, 23], [9, 2, 10, 3], [11, 17, 12, 16], [20, 13, 21, 14], [15, 5, 16, 4], [17, 1, 18, 24], [12, 19, 13, 20], [21, 8, 22, 9], [23, 19, 24, 18], [1, 6, 2, 7], [3, 15, 4, 14]]"
12n_0789_111,"[[3, 15, 4, 14], [5, 10, 6, 11], [7, 22, 8, 23], [9, 2, 10, 3], [11, 17, 12, 16], [20, 13, 21, 14], [15, 5, 16, 4], [17, 1, 18, 24], [12, 19, 13, 20], [21, 8, 22, 9], [23, 19, 24, 18], [1, 6, 2, 7]]"
12n_0789_112,"[[1, 6, 2, 7], [3, 15, 4, 14], [5, 10, 6, 11], [7, 22, 8, 23], [9, 2, 10, 3], [11, 17, 12, 16], [20, 13, 21, 14], [15, 5, 16, 4], [17, 1, 18, 24], [12, 19, 13, 20], [21, 8, 22, 9], [23, 19, 24, 18]]"
12n_0789_113,"[[23, 19, 24, 18], [1, 6, 2, 7], [3, 15, 4, 14], [5, 10, 6, 11], [7, 22, 8, 23], [9, 2, 10, 3], [11, 17, 12, 16], [20, 13, 21, 14], [15, 5, 16, 4], [17, 1, 18, 24], [12, 19, 13, 20], [21, 8, 22, 9]]"
12n_0789_114,"[[21, 8, 22, 9], [23, 19, 24, 18], [1, 6, 2, 7], [3, 15, 4, 14], [5, 10, 6, 11], [7, 22, 8, 23], [9, 2, 10, 3], [11, 17, 12, 16], [20, 13, 21, 14], [15, 5, 16, 4], [17, 1, 18, 24], [12, 19, 13, 20]]"
12n_0789_115,"[[12, 19, 13, 20], [21, 8, 22, 9], [23, 19, 24, 18], [1, 6, 2, 7], [3, 15, 4, 14], [5, 10, 6, 11], [7, 22, 8, 23], [9, 2, 10, 3], [11, 17, 12, 16], [20, 13, 21, 14], [15, 5, 16, 4], [17, 1, 18, 24]]"
12n_0789_116,"[[17, 1, 18, 24], [12, 19, 13, 20], [21, 8, 22, 9], [23, 19, 24, 18], [1, 6, 2, 7], [3, 15, 4, 14], [5, 10, 6, 11], [7, 22, 8, 23], [9, 2, 10, 3], [11, 17, 12, 16], [20, 13, 21, 14], [15, 5, 16, 4]]"
12n_0789_117,"[[15, 5, 16, 4], [17, 1, 18, 24], [12, 19, 13, 20], [21, 8, 22, 9], [23, 19, 24, 18], [1, 6, 2, 7], [3, 15, 4, 14], [5, 10, 6, 11], [7, 22, 8, 23], [9, 2, 10, 3], [11, 17, 12, 16], [20, 13, 21, 14]]"
12n_0789_118,"[[20, 13, 21, 14], [15, 5, 16, 4], [17, 1, 18, 24], [12, 19, 13, 20], [21, 8, 22, 9], [23, 19, 24, 18], [1, 6, 2, 7], [3, 15, 4, 14], [5, 10, 6, 11], [7, 22, 8, 23], [9, 2, 10, 3], [11, 17, 12, 16]]"
12n_0789_119,"[[11, 17, 12, 16], [20, 13, 21, 14], [15, 5, 16, 4], [17, 1, 18, 24], [12, 19, 13, 20], [21, 8, 22, 9], [23, 19, 24, 18], [1, 6, 2, 7], [3, 15, 4, 14], [5, 10, 6, 11], [7, 22, 8, 23], [9, 2, 10, 3]]"
12n_0789_120,"[[10, 3, 11, 4], [12, 18, 13, 17], [21, 14, 22, 15], [16, 6, 17, 5], [18, 2, 19, 1], [13, 20, 14, 21], [22, 9, 23, 10], [24, 20, 1, 19], [2, 7, 3, 8], [4, 16, 5, 15], [6, 11, 7, 12], [8, 23, 9, 24]]"
12n_0789_121,"[[8, 23, 9, 24], [10, 3, 11, 4], [12, 18, 13, 17], [21, 14, 22, 15], [16, 6, 17, 5], [18, 2, 19, 1], [13, 20, 14, 21], [22, 9, 23, 10], [24, 20, 1, 19], [2, 7, 3, 8], [4, 16, 5, 15], [6, 11, 7, 12]]"
12n_0789_122,"[[6, 11, 7, 12], [8, 23, 9, 24], [10, 3, 11, 4], [12, 18, 13, 17], [21, 14, 22, 15], [16, 6, 17, 5], [18, 2, 19, 1], [13, 20, 14, 21], [22, 9, 23, 10], [24, 20, 1, 19], [2, 7, 3, 8], [4, 16, 5, 15]]"
12n_0789_123,"[[4, 16, 5, 15], [6, 11, 7, 12], [8, 23, 9, 24], [10, 3, 11, 4], [12, 18, 13, 17], [21, 14, 22, 15], [16, 6, 17, 5], [18, 2, 19, 1], [13, 20, 14, 21], [22, 9, 23, 10], [24, 20, 1, 19], [2, 7, 3, 8]]"
12n_0789_124,"[[2, 7, 3, 8], [4, 16, 5, 15], [6, 11, 7, 12], [8, 23, 9, 24], [10, 3, 11, 4], [12, 18, 13, 17], [21, 14, 22, 15], [16, 6, 17, 5], [18, 2, 19, 1], [13, 20, 14, 21], [22, 9, 23, 10], [24, 20, 1, 19]]"
12n_0789_125,"[[24, 20, 1, 19], [2, 7, 3, 8], [4, 16, 5, 15], [6, 11, 7, 12], [8, 23, 9, 24], [10, 3, 11, 4], [12, 18, 13, 17], [21, 14, 22, 15], [16, 6, 17, 5], [18, 2, 19, 1], [13, 20, 14, 21], [22, 9, 23, 10]]"
12n_0789_126,"[[22, 9, 23, 10], [24, 20, 1, 19], [2, 7, 3, 8], [4, 16, 5, 15], [6, 11, 7, 12], [8, 23, 9, 24], [10, 3, 11, 4], [12, 18, 13, 17], [21, 14, 22, 15], [16, 6, 17, 5], [18, 2, 19, 1], [13, 20, 14, 21]]"
12n_0789_127,"[[13, 20, 14, 21], [22, 9, 23, 10], [24, 20, 1, 19], [2, 7, 3, 8], [4, 16, 5, 15], [6, 11, 7, 12], [8, 23, 9, 24], [10, 3, 11, 4], [12, 18, 13, 17], [21, 14, 22, 15], [16, 6, 17, 5], [18, 2, 19, 1]]"
12n_0789_128,"[[18, 2, 19, 1], [13, 20, 14, 21], [22, 9, 23, 10], [24, 20, 1, 19], [2, 7, 3, 8], [4, 16, 5, 15], [6, 11, 7, 12], [8, 23, 9, 24], [10, 3, 11, 4], [12, 18, 13, 17], [21, 14, 22, 15], [16, 6, 17, 5]]"
12n_0789_129,"[[16, 6, 17, 5], [18, 2, 19, 1], [13, 20, 14, 21], [22, 9, 23, 10], [24, 20, 1, 19], [2, 7, 3, 8], [4, 16, 5, 15], [6, 11, 7, 12], [8, 23, 9, 24], [10, 3, 11, 4], [12, 18, 13, 17], [21, 14, 22, 15]]"
12n_0789_130,"[[21, 14, 22, 15], [16, 6, 17, 5], [18, 2, 19, 1], [13, 20, 14, 21], [22, 9, 23, 10], [24, 20, 1, 19], [2, 7, 3, 8], [4, 16, 5, 15], [6, 11, 7, 12], [8, 23, 9, 24], [10, 3, 11, 4], [12, 18, 13, 17]]"
12n_0789_131,"[[12, 18, 13, 17], [21, 14, 22, 15], [16, 6, 17, 5], [18, 2, 19, 1], [13, 20, 14, 21], [22, 9, 23, 10], [24, 20, 1, 19], [2, 7, 3, 8], [4, 16, 5, 15], [6, 11, 7, 12], [8, 23, 9, 24], [10, 3, 11, 4]]"
12n_0789_132,"[[11, 4, 12, 5], [13, 19, 14, 18], [22, 15, 23, 16], [17, 7, 18, 6], [19, 3, 20, 2], [14, 21, 15, 22], [23, 10, 24, 11], [1, 21, 2, 20], [3, 8, 4, 9], [5, 17, 6, 16], [7, 12, 8, 13], [9, 24, 10, 1]]"
12n_0789_133,"[[9, 24, 10, 1], [11, 4, 12, 5], [13, 19, 14, 18], [22, 15, 23, 16], [17, 7, 18, 6], [19, 3, 20, 2], [14, 21, 15, 22], [23, 10, 24, 11], [1, 21, 2, 20], [3, 8, 4, 9], [5, 17, 6, 16], [7, 12, 8, 13]]"
12n_0789_134,"[[7, 12, 8, 13], [9, 24, 10, 1], [11, 4, 12, 5], [13, 19, 14, 18], [22, 15, 23, 16], [17, 7, 18, 6], [19, 3, 20, 2], [14, 21, 15, 22], [23, 10, 24, 11], [1, 21, 2, 20], [3, 8, 4, 9], [5, 17, 6, 16]]"
12n_0789_135,"[[5, 17, 6, 16], [7, 12, 8, 13], [9, 24, 10, 1], [11, 4, 12, 5], [13, 19, 14, 18], [22, 15, 23, 16], [17, 7, 18, 6], [19, 3, 20, 2], [14, 21, 15, 22], [23, 10, 24, 11], [1, 21, 2, 20], [3, 8, 4, 9]]"
12n_0789_136,"[[3, 8, 4, 9], [5, 17, 6, 16], [7, 12, 8, 13], [9, 24, 10, 1], [11, 4, 12, 5], [13, 19, 14, 18], [22, 15, 23, 16], [17, 7, 18, 6], [19, 3, 20, 2], [14, 21, 15, 22], [23, 10, 24, 11], [1, 21, 2, 20]]"
12n_0789_137,"[[1, 21, 2, 20], [3, 8, 4, 9], [5, 17, 6, 16], [7, 12, 8, 13], [9, 24, 10, 1], [11, 4, 12, 5], [13, 19, 14, 18], [22, 15, 23, 16], [17, 7, 18, 6], [19, 3, 20, 2], [14, 21, 15, 22], [23, 10, 24, 11]]"
12n_0789_138,"[[23, 10, 24, 11], [1, 21, 2, 20], [3, 8, 4, 9], [5, 17, 6, 16], [7, 12, 8, 13], [9, 24, 10, 1], [11, 4, 12, 5], [13, 19, 14, 18], [22, 15, 23, 16], [17, 7, 18, 6], [19, 3, 20, 2], [14, 21, 15, 22]]"
12n_0789_139,"[[14, 21, 15, 22], [23, 10, 24, 11], [1, 21, 2, 20], [3, 8, 4, 9], [5, 17, 6, 16], [7, 12, 8, 13], [9, 24, 10, 1], [11, 4, 12, 5], [13, 19, 14, 18], [22, 15, 23, 16], [17, 7, 18, 6], [19, 3, 20, 2]]"
12n_0789_140,"[[19, 3, 20, 2], [14, 21, 15, 22], [23, 10, 24, 11], [1, 21, 2, 20], [3, 8, 4, 9], [5, 17, 6, 16], [7, 12, 8, 13], [9, 24, 10, 1], [11, 4, 12, 5], [13, 19, 14, 18], [22, 15, 23, 16], [17, 7, 18, 6]]"
12n_0789_141,"[[17, 7, 18, 6], [19, 3, 20, 2], [14, 21, 15, 22], [23, 10, 24, 11], [1, 21, 2, 20], [3, 8, 4, 9], [5, 17, 6, 16], [7, 12, 8, 13], [9, 24, 10, 1], [11, 4, 12, 5], [13, 19, 14, 18], [22, 15, 23, 16]]"
12n_0789_142,"[[22, 15, 23, 16], [17, 7, 18, 6], [19, 3, 20, 2], [14, 21, 15, 22], [23, 10, 24, 11], [1, 21, 2, 20], [3, 8, 4, 9], [5, 17, 6, 16], [7, 12, 8, 13], [9, 24, 10, 1], [11, 4, 12, 5], [13, 19, 14, 18]]"
12n_0789_143,"[[13, 19, 14, 18], [22, 15, 23, 16], [17, 7, 18, 6], [19, 3, 20, 2], [14, 21, 15, 22], [23, 10, 24, 11], [1, 21, 2, 20], [3, 8, 4, 9], [5, 17, 6, 16], [7, 12, 8, 13], [9, 24, 10, 1], [11, 4, 12, 5]]"
12n_0789_144,"[[12, 5, 13, 6], [14, 20, 15, 19], [23, 16, 24, 17], [18, 8, 19, 7], [20, 4, 21, 3], [15, 22, 16, 23], [24, 11, 1, 12], [2, 22, 3, 21], [4, 9, 5, 10], [6, 18, 7, 17], [8, 13, 9, 14], [10, 1, 11, 2]]"
12n_0789_145,"[[10, 1, 11, 2], [12, 5, 13, 6], [14, 20, 15, 19], [23, 16, 24, 17], [18, 8, 19, 7], [20, 4, 21, 3], [15, 22, 16, 23], [24, 11, 1, 12], [2, 22, 3, 21], [4, 9, 5, 10], [6, 18, 7, 17], [8, 13, 9, 14]]"
12n_0789_146,"[[8, 13, 9, 14], [10, 1, 11, 2], [12, 5, 13, 6], [14, 20, 15, 19], [23, 16, 24, 17], [18, 8, 19, 7], [20, 4, 21, 3], [15, 22, 16, 23], [24, 11, 1, 12], [2, 22, 3, 21], [4, 9, 5, 10], [6, 18, 7, 17]]"
12n_0789_147,"[[6, 18, 7, 17], [8, 13, 9, 14], [10, 1, 11, 2], [12, 5, 13, 6], [14, 20, 15, 19], [23, 16, 24, 17], [18, 8, 19, 7], [20, 4, 21, 3], [15, 22, 16, 23], [24, 11, 1, 12], [2, 22, 3, 21], [4, 9, 5, 10]]"
12n_0789_148,"[[4, 9, 5, 10], [6, 18, 7, 17], [8, 13, 9, 14], [10, 1, 11, 2], [12, 5, 13, 6], [14, 20, 15, 19], [23, 16, 24, 17], [18, 8, 19, 7], [20, 4, 21, 3], [15, 22, 16, 23], [24, 11, 1, 12], [2, 22, 3, 21]]"
12n_0789_149,"[[2, 22, 3, 21], [4, 9, 5, 10], [6, 18, 7, 17], [8, 13, 9, 14], [10, 1, 11, 2], [12, 5, 13, 6], [14, 20, 15, 19], [23, 16, 24, 17], [18, 8, 19, 7], [20, 4, 21, 3], [15, 22, 16, 23], [24, 11, 1, 12]]"
12n_0789_150,"[[24, 11, 1, 12], [2, 22, 3, 21], [4, 9, 5, 10], [6, 18, 7, 17], [8, 13, 9, 14], [10, 1, 11, 2], [12, 5, 13, 6], [14, 20, 15, 19], [23, 16, 24, 17], [18, 8, 19, 7], [20, 4, 21, 3], [15, 22, 16, 23]]"
12n_0789_151,"[[15, 22, 16, 23], [24, 11, 1, 12], [2, 22, 3, 21], [4, 9, 5, 10], [6, 18, 7, 17], [8, 13, 9, 14], [10, 1, 11, 2], [12, 5, 13, 6], [14, 20, 15, 19], [23, 16, 24, 17], [18, 8, 19, 7], [20, 4, 21, 3]]"
12n_0789_152,"[[20, 4, 21, 3], [15, 22, 16, 23], [24, 11, 1, 12], [2, 22, 3, 21], [4, 9, 5, 10], [6, 18, 7, 17], [8, 13, 9, 14], [10, 1, 11, 2], [12, 5, 13, 6], [14, 20, 15, 19], [23, 16, 24, 17], [18, 8, 19, 7]]"
12n_0789_153,"[[18, 8, 19, 7], [20, 4, 21, 3], [15, 22, 16, 23], [24, 11, 1, 12], [2, 22, 3, 21], [4, 9, 5, 10], [6, 18, 7, 17], [8, 13, 9, 14], [10, 1, 11, 2], [12, 5, 13, 6], [14, 20, 15, 19], [23, 16, 24, 17]]"
12n_0789_154,"[[23, 16, 24, 17], [18, 8, 19, 7], [20, 4, 21, 3], [15, 22, 16, 23], [24, 11, 1, 12], [2, 22, 3, 21], [4, 9, 5, 10], [6, 18, 7, 17], [8, 13, 9, 14], [10, 1, 11, 2], [12, 5, 13, 6], [14, 20, 15, 19]]"
12n_0789_155,"[[14, 20, 15, 19], [23, 16, 24, 17], [18, 8, 19, 7], [20, 4, 21, 3], [15, 22, 16, 23], [24, 11, 1, 12], [2, 22, 3, 21], [4, 9, 5, 10], [6, 18, 7, 17], [8, 13, 9, 14], [10, 1, 11, 2], [12, 5, 13, 6]]"
12n_0789_156,"[[13, 6, 14, 7], [15, 21, 16, 20], [24, 17, 1, 18], [19, 9, 20, 8], [21, 5, 22, 4], [16, 23, 17, 24], [1, 12, 2, 13], [3, 23, 4, 22], [5, 10, 6, 11], [7, 19, 8, 18], [9, 14, 10, 15], [11, 2, 12, 3]]"
12n_0789_157,"[[11, 2, 12, 3], [13, 6, 14, 7], [15, 21, 16, 20], [24, 17, 1, 18], [19, 9, 20, 8], [21, 5, 22, 4], [16, 23, 17, 24], [1, 12, 2, 13], [3, 23, 4, 22], [5, 10, 6, 11], [7, 19, 8, 18], [9, 14, 10, 15]]"
12n_0789_158,"[[9, 14, 10, 15], [11, 2, 12, 3], [13, 6, 14, 7], [15, 21, 16, 20], [24, 17, 1, 18], [19, 9, 20, 8], [21, 5, 22, 4], [16, 23, 17, 24], [1, 12, 2, 13], [3, 23, 4, 22], [5, 10, 6, 11], [7, 19, 8, 18]]"
12n_0789_159,"[[7, 19, 8, 18], [9, 14, 10, 15], [11, 2, 12, 3], [13, 6, 14, 7], [15, 21, 16, 20], [24, 17, 1, 18], [19, 9, 20, 8], [21, 5, 22, 4], [16, 23, 17, 24], [1, 12, 2, 13], [3, 23, 4, 22], [5, 10, 6, 11]]"
12n_0789_160,"[[5, 10, 6, 11], [7, 19, 8, 18], [9, 14, 10, 15], [11, 2, 12, 3], [13, 6, 14, 7], [15, 21, 16, 20], [24, 17, 1, 18], [19, 9, 20, 8], [21, 5, 22, 4], [16, 23, 17, 24], [1, 12, 2, 13], [3, 23, 4, 22]]"
12n_0789_161,"[[3, 23, 4, 22], [5, 10, 6, 11], [7, 19, 8, 18], [9, 14, 10, 15], [11, 2, 12, 3], [13, 6, 14, 7], [15, 21, 16, 20], [24, 17, 1, 18], [19, 9, 20, 8], [21, 5, 22, 4], [16, 23, 17, 24], [1, 12, 2, 13]]"
12n_0789_162,"[[1, 12, 2, 13], [3, 23, 4, 22], [5, 10, 6, 11], [7, 19, 8, 18], [9, 14, 10, 15], [11, 2, 12, 3], [13, 6, 14, 7], [15, 21, 16, 20], [24, 17, 1, 18], [19, 9, 20, 8], [21, 5, 22, 4], [16, 23, 17, 24]]"
12n_0789_163,"[[16, 23, 17, 24], [1, 12, 2, 13], [3, 23, 4, 22], [5, 10, 6, 11], [7, 19, 8, 18], [9, 14, 10, 15], [11, 2, 12, 3], [13, 6, 14, 7], [15, 21, 16, 20], [24, 17, 1, 18], [19, 9, 20, 8], [21, 5, 22, 4]]"
12n_0789_164,"[[21, 5, 22, 4], [16, 23, 17, 24], [1, 12, 2, 13], [3, 23, 4, 22], [5, 10, 6, 11], [7, 19, 8, 18], [9, 14, 10, 15], [11, 2, 12, 3], [13, 6, 14, 7], [15, 21, 16, 20], [24, 17, 1, 18], [19, 9, 20, 8]]"
12n_0789_165,"[[19, 9, 20, 8], [21, 5, 22, 4], [16, 23, 17, 24], [1, 12, 2, 13], [3, 23, 4, 22], [5, 10, 6, 11], [7, 19, 8, 18], [9, 14, 10, 15], [11, 2, 12, 3], [13, 6, 14, 7], [15, 21, 16, 20], [24, 17, 1, 18]]"
12n_0789_166,"[[24, 17, 1, 18], [19, 9, 20, 8], [21, 5, 22, 4], [16, 23, 17, 24], [1, 12, 2, 13], [3, 23, 4, 22], [5, 10, 6, 11], [7, 19, 8, 18], [9, 14, 10, 15], [11, 2, 12, 3], [13, 6, 14, 7], [15, 21, 16, 20]]"
12n_0789_167,"[[15, 21, 16, 20], [24, 17, 1, 18], [19, 9, 20, 8], [21, 5, 22, 4], [16, 23, 17, 24], [1, 12, 2, 13], [3, 23, 4, 22], [5, 10, 6, 11], [7, 19, 8, 18], [9, 14, 10, 15], [11, 2, 12, 3], [13, 6, 14, 7]]"
12n_0789_168,"[[14, 7, 15, 8], [16, 22, 17, 21], [1, 18, 2, 19], [20, 10, 21, 9], [22, 6, 23, 5], [17, 24, 18, 1], [2, 13, 3, 14], [4, 24, 5, 23], [6, 11, 7, 12], [8, 20, 9, 19], [10, 15, 11, 16], [12, 3, 13, 4]]"
12n_0789_169,"[[12, 3, 13, 4], [14, 7, 15, 8], [16, 22, 17, 21], [1, 18, 2, 19], [20, 10, 21, 9], [22, 6, 23, 5], [17, 24, 18, 1], [2, 13, 3, 14], [4, 24, 5, 23], [6, 11, 7, 12], [8, 20, 9, 19], [10, 15, 11, 16]]"
12n_0789_170,"[[10, 15, 11, 16], [12, 3, 13, 4], [14, 7, 15, 8], [16, 22, 17, 21], [1, 18, 2, 19], [20, 10, 21, 9], [22, 6, 23, 5], [17, 24, 18, 1], [2, 13, 3, 14], [4, 24, 5, 23], [6, 11, 7, 12], [8, 20, 9, 19]]"
12n_0789_171,"[[8, 20, 9, 19], [10, 15, 11, 16], [12, 3, 13, 4], [14, 7, 15, 8], [16, 22, 17, 21], [1, 18, 2, 19], [20, 10, 21, 9], [22, 6, 23, 5], [17, 24, 18, 1], [2, 13, 3, 14], [4, 24, 5, 23], [6, 11, 7, 12]]"
12n_0789_172,"[[6, 11, 7, 12], [8, 20, 9, 19], [10, 15, 11, 16], [12, 3, 13, 4], [14, 7, 15, 8], [16, 22, 17, 21], [1, 18, 2, 19], [20, 10, 21, 9], [22, 6, 23, 5], [17, 24, 18, 1], [2, 13, 3, 14], [4, 24, 5, 23]]"
12n_0789_173,"[[4, 24, 5, 23], [6, 11, 7, 12], [8, 20, 9, 19], [10, 15, 11, 16], [12, 3, 13, 4], [14, 7, 15, 8], [16, 22, 17, 21], [1, 18, 2, 19], [20, 10, 21, 9], [22, 6, 23, 5], [17, 24, 18, 1], [2, 13, 3, 14]]"
12n_0789_174,"[[2, 13, 3, 14], [4, 24, 5, 23], [6, 11, 7, 12], [8, 20, 9, 19], [10, 15, 11, 16], [12, 3, 13, 4], [14, 7, 15, 8], [16, 22, 17, 21], [1, 18, 2, 19], [20, 10, 21, 9], [22, 6, 23, 5], [17, 24, 18, 1]]"
12n_0789_175,"[[17, 24, 18, 1], [2, 13, 3, 14], [4, 24, 5, 23], [6, 11, 7, 12], [8, 20, 9, 19], [10, 15, 11, 16], [12, 3, 13, 4], [14, 7, 15, 8], [16, 22, 17, 21], [1, 18, 2, 19], [20, 10, 21, 9], [22, 6, 23, 5]]"
12n_0789_176,"[[22, 6, 23, 5], [17, 24, 18, 1], [2, 13, 3, 14], [4, 24, 5, 23], [6, 11, 7, 12], [8, 20, 9, 19], [10, 15, 11, 16], [12, 3, 13, 4], [14, 7, 15, 8], [16, 22, 17, 21], [1, 18, 2, 19], [20, 10, 21, 9]]"
12n_0789_177,"[[20, 10, 21, 9], [22, 6, 23, 5], [17, 24, 18, 1], [2, 13, 3, 14], [4, 24, 5, 23], [6, 11, 7, 12], [8, 20, 9, 19], [10, 15, 11, 16], [12, 3, 13, 4], [14, 7, 15, 8], [16, 22, 17, 21], [1, 18, 2, 19]]"
12n_0789_178,"[[1, 18, 2, 19], [20, 10, 21, 9], [22, 6, 23, 5], [17, 24, 18, 1], [2, 13, 3, 14], [4, 24, 5, 23], [6, 11, 7, 12], [8, 20, 9, 19], [10, 15, 11, 16], [12, 3, 13, 4], [14, 7, 15, 8], [16, 22, 17, 21]]"
12n_0789_179,"[[16, 22, 17, 21], [1, 18, 2, 19], [20, 10, 21, 9], [22, 6, 23, 5], [17, 24, 18, 1], [2, 13, 3, 14], [4, 24, 5, 23], [6, 11, 7, 12], [8, 20, 9, 19], [10, 15, 11, 16], [12, 3, 13, 4], [14, 7, 15, 8]]"
12n_0789_180,"[[15, 8, 16, 9], [17, 23, 18, 22], [2, 19, 3, 20], [21, 11, 22, 10], [23, 7, 24, 6], [18, 1, 19, 2], [3, 14, 4, 15], [5, 1, 6, 24], [7, 12, 8, 13], [9, 21, 10, 20], [11, 16, 12, 17], [13, 4, 14, 5]]"
12n_0789_181,"[[13, 4, 14, 5], [15, 8, 16, 9], [17, 23, 18, 22], [2, 19, 3, 20], [21, 11, 22, 10], [23, 7, 24, 6], [18, 1, 19, 2], [3, 14, 4, 15], [5, 1, 6, 24], [7, 12, 8, 13], [9, 21, 10, 20], [11, 16, 12, 17]]"
12n_0789_182,"[[11, 16, 12, 17], [13, 4, 14, 5], [15, 8, 16, 9], [17, 23, 18, 22], [2, 19, 3, 20], [21, 11, 22, 10], [23, 7, 24, 6], [18, 1, 19, 2], [3, 14, 4, 15], [5, 1, 6, 24], [7, 12, 8, 13], [9, 21, 10, 20]]"
12n_0789_183,"[[9, 21, 10, 20], [11, 16, 12, 17], [13, 4, 14, 5], [15, 8, 16, 9], [17, 23, 18, 22], [2, 19, 3, 20], [21, 11, 22, 10], [23, 7, 24, 6], [18, 1, 19, 2], [3, 14, 4, 15], [5, 1, 6, 24], [7, 12, 8, 13]]"
12n_0789_184,"[[7, 12, 8, 13], [9, 21, 10, 20], [11, 16, 12, 17], [13, 4, 14, 5], [15, 8, 16, 9], [17, 23, 18, 22], [2, 19, 3, 20], [21, 11, 22, 10], [23, 7, 24, 6], [18, 1, 19, 2], [3, 14, 4, 15], [5, 1, 6, 24]]"
12n_0789_185,"[[5, 1, 6, 24], [7, 12, 8, 13], [9, 21, 10, 20], [11, 16, 12, 17], [13, 4, 14, 5], [15, 8, 16, 9], [17, 23, 18, 22], [2, 19, 3, 20], [21, 11, 22, 10], [23, 7, 24, 6], [18, 1, 19, 2], [3, 14, 4, 15]]"
