name,pd_notation
12n_0684_0,"[[24, 15, 1, 16], [2, 8, 3, 7], [4, 9, 5, 10], [6, 14, 7, 13], [8, 17, 9, 18], [19, 10, 20, 11], [21, 12, 22, 13], [14, 23, 15, 24], [16, 1, 17, 2], [18, 4, 19, 3], [11, 20, 12, 21], [22, 5, 23, 6]]"
12n_0684_1,"[[22, 5, 23, 6], [24, 15, 1, 16], [2, 8, 3, 7], [4, 9, 5, 10], [6, 14, 7, 13], [8, 17, 9, 18], [19, 10, 20, 11], [21, 12, 22, 13], [14, 23, 15, 24], [16, 1, 17, 2], [18, 4, 19, 3], [11, 20, 12, 21]]"
12n_0684_2,"[[11, 20, 12, 21], [22, 5, 23, 6], [24, 15, 1, 16], [2, 8, 3, 7], [4, 9, 5, 10], [6, 14, 7, 13], [8, 17, 9, 18], [19, 10, 20, 11], [21, 12, 22, 13], [14, 23, 15, 24], [16, 1, 17, 2], [18, 4, 19, 3]]"
12n_0684_3,"[[18, 4, 19, 3], [11, 20, 12, 21], [22, 5, 23, 6], [24, 15, 1, 16], [2, 8, 3, 7], [4, 9, 5, 10], [6, 14, 7, 13], [8, 17, 9, 18], [19, 10, 20, 11], [21, 12, 22, 13], [14, 23, 15, 24], [16, 1, 17, 2]]"
12n_0684_4,"[[16, 1, 17, 2], [18, 4, 19, 3], [11, 20, 12, 21], [22, 5, 23, 6], [24, 15, 1, 16], [2, 8, 3, 7], [4, 9, 5, 10], [6, 14, 7, 13], [8, 17, 9, 18], [19, 10, 20, 11], [21, 12, 22, 13], [14, 23, 15, 24]]"
12n_0684_5,"[[14, 23, 15, 24], [16, 1, 17, 2], [18, 4, 19, 3], [11, 20, 12, 21], [22, 5, 23, 6], [24, 15, 1, 16], [2, 8, 3, 7], [4, 9, 5, 10], [6, 14, 7, 13], [8, 17, 9, 18], [19, 10, 20, 11], [21, 12, 22, 13]]"
12n_0684_6,"[[21, 12, 22, 13], [14, 23, 15, 24], [16, 1, 17, 2], [18, 4, 19, 3], [11, 20, 12, 21], [22, 5, 23, 6], [24, 15, 1, 16], [2, 8, 3, 7], [4, 9, 5, 10], [6, 14, 7, 13], [8, 17, 9, 18], [19, 10, 20, 11]]"
12n_0684_7,"[[19, 10, 20, 11], [21, 12, 22, 13], [14, 23, 15, 24], [16, 1, 17, 2], [18, 4, 19, 3], [11, 20, 12, 21], [22, 5, 23, 6], [24, 15, 1, 16], [2, 8, 3, 7], [4, 9, 5, 10], [6, 14, 7, 13], [8, 17, 9, 18]]"
12n_0684_8,"[[8, 17, 9, 18], [19, 10, 20, 11], [21, 12, 22, 13], [14, 23, 15, 24], [16, 1, 17, 2], [18, 4, 19, 3], [11, 20, 12, 21], [22, 5, 23, 6], [24, 15, 1, 16], [2, 8, 3, 7], [4, 9, 5, 10], [6, 14, 7, 13]]"
12n_0684_9,"[[6, 14, 7, 13], [8, 17, 9, 18], [19, 10, 20, 11], [21, 12, 22, 13], [14, 23, 15, 24], [16, 1, 17, 2], [18, 4, 19, 3], [11, 20, 12, 21], [22, 5, 23, 6], [24, 15, 1, 16], [2, 8, 3, 7], [4, 9, 5, 10]]"
12n_0684_10,"[[4, 9, 5, 10], [6, 14, 7, 13], [8, 17, 9, 18], [19, 10, 20, 11], [21, 12, 22, 13], [14, 23, 15, 24], [16, 1, 17, 2], [18, 4, 19, 3], [11, 20, 12, 21], [22, 5, 23, 6], [24, 15, 1, 16], [2, 8, 3, 7]]"
12n_0684_11,"[[2, 8, 3, 7], [4, 9, 5, 10], [6, 14, 7, 13], [8, 17, 9, 18], [19, 10, 20, 11], [21, 12, 22, 13], [14, 23, 15, 24], [16, 1, 17, 2], [18, 4, 19, 3], [11, 20, 12, 21], [22, 5, 23, 6], [24, 15, 1, 16]]"
12n_0684_12,"[[1, 16, 2, 17], [3, 9, 4, 8], [5, 10, 6, 11], [7, 15, 8, 14], [9, 18, 10, 19], [20, 11, 21, 12], [22, 13, 23, 14], [15, 24, 16, 1], [17, 2, 18, 3], [19, 5, 20, 4], [12, 21, 13, 22], [23, 6, 24, 7]]"
12n_0684_13,"[[23, 6, 24, 7], [1, 16, 2, 17], [3, 9, 4, 8], [5, 10, 6, 11], [7, 15, 8, 14], [9, 18, 10, 19], [20, 11, 21, 12], [22, 13, 23, 14], [15, 24, 16, 1], [17, 2, 18, 3], [19, 5, 20, 4], [12, 21, 13, 22]]"
12n_0684_14,"[[12, 21, 13, 22], [23, 6, 24, 7], [1, 16, 2, 17], [3, 9, 4, 8], [5, 10, 6, 11], [7, 15, 8, 14], [9, 18, 10, 19], [20, 11, 21, 12], [22, 13, 23, 14], [15, 24, 16, 1], [17, 2, 18, 3], [19, 5, 20, 4]]"
12n_0684_15,"[[19, 5, 20, 4], [12, 21, 13, 22], [23, 6, 24, 7], [1, 16, 2, 17], [3, 9, 4, 8], [5, 10, 6, 11], [7, 15, 8, 14], [9, 18, 10, 19], [20, 11, 21, 12], [22, 13, 23, 14], [15, 24, 16, 1], [17, 2, 18, 3]]"
12n_0684_16,"[[17, 2, 18, 3], [19, 5, 20, 4], [12, 21, 13, 22], [23, 6, 24, 7], [1, 16, 2, 17], [3, 9, 4, 8], [5, 10, 6, 11], [7, 15, 8, 14], [9, 18, 10, 19], [20, 11, 21, 12], [22, 13, 23, 14], [15, 24, 16, 1]]"
12n_0684_17,"[[15, 24, 16, 1], [17, 2, 18, 3], [19, 5, 20, 4], [12, 21, 13, 22], [23, 6, 24, 7], [1, 16, 2, 17], [3, 9, 4, 8], [5, 10, 6, 11], [7, 15, 8, 14], [9, 18, 10, 19], [20, 11, 21, 12], [22, 13, 23, 14]]"
12n_0684_18,"[[22, 13, 23, 14], [15, 24, 16, 1], [17, 2, 18, 3], [19, 5, 20, 4], [12, 21, 13, 22], [23, 6, 24, 7], [1, 16, 2, 17], [3, 9, 4, 8], [5, 10, 6, 11], [7, 15, 8, 14], [9, 18, 10, 19], [20, 11, 21, 12]]"
12n_0684_19,"[[20, 11, 21, 12], [22, 13, 23, 14], [15, 24, 16, 1], [17, 2, 18, 3], [19, 5, 20, 4], [12, 21, 13, 22], [23, 6, 24, 7], [1, 16, 2, 17], [3, 9, 4, 8], [5, 10, 6, 11], [7, 15, 8, 14], [9, 18, 10, 19]]"
12n_0684_20,"[[9, 18, 10, 19], [20, 11, 21, 12], [22, 13, 23, 14], [15, 24, 16, 1], [17, 2, 18, 3], [19, 5, 20, 4], [12, 21, 13, 22], [23, 6, 24, 7], [1, 16, 2, 17], [3, 9, 4, 8], [5, 10, 6, 11], [7, 15, 8, 14]]"
12n_0684_21,"[[7, 15, 8, 14], [9, 18, 10, 19], [20, 11, 21, 12], [22, 13, 23, 14], [15, 24, 16, 1], [17, 2, 18, 3], [19, 5, 20, 4], [12, 21, 13, 22], [23, 6, 24, 7], [1, 16, 2, 17], [3, 9, 4, 8], [5, 10, 6, 11]]"
12n_0684_22,"[[5, 10, 6, 11], [7, 15, 8, 14], [9, 18, 10, 19], [20, 11, 21, 12], [22, 13, 23, 14], [15, 24, 16, 1], [17, 2, 18, 3], [19, 5, 20, 4], [12, 21, 13, 22], [23, 6, 24, 7], [1, 16, 2, 17], [3, 9, 4, 8]]"
12n_0684_23,"[[3, 9, 4, 8], [5, 10, 6, 11], [7, 15, 8, 14], [9, 18, 10, 19], [20, 11, 21, 12], [22, 13, 23, 14], [15, 24, 16, 1], [17, 2, 18, 3], [19, 5, 20, 4], [12, 21, 13, 22], [23, 6, 24, 7], [1, 16, 2, 17]]"
12n_0684_24,"[[2, 17, 3, 18], [4, 10, 5, 9], [6, 11, 7, 12], [8, 16, 9, 15], [10, 19, 11, 20], [21, 12, 22, 13], [23, 14, 24, 15], [16, 1, 17, 2], [18, 3, 19, 4], [20, 6, 21, 5], [13, 22, 14, 23], [24, 7, 1, 8]]"
12n_0684_25,"[[24, 7, 1, 8], [2, 17, 3, 18], [4, 10, 5, 9], [6, 11, 7, 12], [8, 16, 9, 15], [10, 19, 11, 20], [21, 12, 22, 13], [23, 14, 24, 15], [16, 1, 17, 2], [18, 3, 19, 4], [20, 6, 21, 5], [13, 22, 14, 23]]"
12n_0684_26,"[[13, 22, 14, 23], [24, 7, 1, 8], [2, 17, 3, 18], [4, 10, 5, 9], [6, 11, 7, 12], [8, 16, 9, 15], [10, 19, 11, 20], [21, 12, 22, 13], [23, 14, 24, 15], [16, 1, 17, 2], [18, 3, 19, 4], [20, 6, 21, 5]]"
12n_0684_27,"[[20, 6, 21, 5], [13, 22, 14, 23], [24, 7, 1, 8], [2, 17, 3, 18], [4, 10, 5, 9], [6, 11, 7, 12], [8, 16, 9, 15], [10, 19, 11, 20], [21, 12, 22, 13], [23, 14, 24, 15], [16, 1, 17, 2], [18, 3, 19, 4]]"
12n_0684_28,"[[18, 3, 19, 4], [20, 6, 21, 5], [13, 22, 14, 23], [24, 7, 1, 8], [2, 17, 3, 18], [4, 10, 5, 9], [6, 11, 7, 12], [8, 16, 9, 15], [10, 19, 11, 20], [21, 12, 22, 13], [23, 14, 24, 15], [16, 1, 17, 2]]"
12n_0684_29,"[[16, 1, 17, 2], [18, 3, 19, 4], [20, 6, 21, 5], [13, 22, 14, 23], [24, 7, 1, 8], [2, 17, 3, 18], [4, 10, 5, 9], [6, 11, 7, 12], [8, 16, 9, 15], [10, 19, 11, 20], [21, 12, 22, 13], [23, 14, 24, 15]]"
12n_0684_30,"[[23, 14, 24, 15], [16, 1, 17, 2], [18, 3, 19, 4], [20, 6, 21, 5], [13, 22, 14, 23], [24, 7, 1, 8], [2, 17, 3, 18], [4, 10, 5, 9], [6, 11, 7, 12], [8, 16, 9, 15], [10, 19, 11, 20], [21, 12, 22, 13]]"
12n_0684_31,"[[21, 12, 22, 13], [23, 14, 24, 15], [16, 1, 17, 2], [18, 3, 19, 4], [20, 6, 21, 5], [13, 22, 14, 23], [24, 7, 1, 8], [2, 17, 3, 18], [4, 10, 5, 9], [6, 11, 7, 12], [8, 16, 9, 15], [10, 19, 11, 20]]"
12n_0684_32,"[[10, 19, 11, 20], [21, 12, 22, 13], [23, 14, 24, 15], [16, 1, 17, 2], [18, 3, 19, 4], [20, 6, 21, 5], [13, 22, 14, 23], [24, 7, 1, 8], [2, 17, 3, 18], [4, 10, 5, 9], [6, 11, 7, 12], [8, 16, 9, 15]]"
12n_0684_33,"[[8, 16, 9, 15], [10, 19, 11, 20], [21, 12, 22, 13], [23, 14, 24, 15], [16, 1, 17, 2], [18, 3, 19, 4], [20, 6, 21, 5], [13, 22, 14, 23], [24, 7, 1, 8], [2, 17, 3, 18], [4, 10, 5, 9], [6, 11, 7, 12]]"
12n_0684_34,"[[6, 11, 7, 12], [8, 16, 9, 15], [10, 19, 11, 20], [21, 12, 22, 13], [23, 14, 24, 15], [16, 1, 17, 2], [18, 3, 19, 4], [20, 6, 21, 5], [13, 22, 14, 23], [24, 7, 1, 8], [2, 17, 3, 18], [4, 10, 5, 9]]"
12n_0684_35,"[[4, 10, 5, 9], [6, 11, 7, 12], [8, 16, 9, 15], [10, 19, 11, 20], [21, 12, 22, 13], [23, 14, 24, 15], [16, 1, 17, 2], [18, 3, 19, 4], [20, 6, 21, 5], [13, 22, 14, 23], [24, 7, 1, 8], [2, 17, 3, 18]]"
12n_0684_36,"[[3, 18, 4, 19], [5, 11, 6, 10], [7, 12, 8, 13], [9, 17, 10, 16], [11, 20, 12, 21], [22, 13, 23, 14], [24, 15, 1, 16], [17, 2, 18, 3], [19, 4, 20, 5], [21, 7, 22, 6], [14, 23, 15, 24], [1, 8, 2, 9]]"
12n_0684_37,"[[1, 8, 2, 9], [3, 18, 4, 19], [5, 11, 6, 10], [7, 12, 8, 13], [9, 17, 10, 16], [11, 20, 12, 21], [22, 13, 23, 14], [24, 15, 1, 16], [17, 2, 18, 3], [19, 4, 20, 5], [21, 7, 22, 6], [14, 23, 15, 24]]"
12n_0684_38,"[[14, 23, 15, 24], [1, 8, 2, 9], [3, 18, 4, 19], [5, 11, 6, 10], [7, 12, 8, 13], [9, 17, 10, 16], [11, 20, 12, 21], [22, 13, 23, 14], [24, 15, 1, 16], [17, 2, 18, 3], [19, 4, 20, 5], [21, 7, 22, 6]]"
12n_0684_39,"[[21, 7, 22, 6], [14, 23, 15, 24], [1, 8, 2, 9], [3, 18, 4, 19], [5, 11, 6, 10], [7, 12, 8, 13], [9, 17, 10, 16], [11, 20, 12, 21], [22, 13, 23, 14], [24, 15, 1, 16], [17, 2, 18, 3], [19, 4, 20, 5]]"
12n_0684_40,"[[19, 4, 20, 5], [21, 7, 22, 6], [14, 23, 15, 24], [1, 8, 2, 9], [3, 18, 4, 19], [5, 11, 6, 10], [7, 12, 8, 13], [9, 17, 10, 16], [11, 20, 12, 21], [22, 13, 23, 14], [24, 15, 1, 16], [17, 2, 18, 3]]"
12n_0684_41,"[[17, 2, 18, 3], [19, 4, 20, 5], [21, 7, 22, 6], [14, 23, 15, 24], [1, 8, 2, 9], [3, 18, 4, 19], [5, 11, 6, 10], [7, 12, 8, 13], [9, 17, 10, 16], [11, 20, 12, 21], [22, 13, 23, 14], [24, 15, 1, 16]]"
12n_0684_42,"[[24, 15, 1, 16], [17, 2, 18, 3], [19, 4, 20, 5], [21, 7, 22, 6], [14, 23, 15, 24], [1, 8, 2, 9], [3, 18, 4, 19], [5, 11, 6, 10], [7, 12, 8, 13], [9, 17, 10, 16], [11, 20, 12, 21], [22, 13, 23, 14]]"
12n_0684_43,"[[22, 13, 23, 14], [24, 15, 1, 16], [17, 2, 18, 3], [19, 4, 20, 5], [21, 7, 22, 6], [14, 23, 15, 24], [1, 8, 2, 9], [3, 18, 4, 19], [5, 11, 6, 10], [7, 12, 8, 13], [9, 17, 10, 16], [11, 20, 12, 21]]"
12n_0684_44,"[[11, 20, 12, 21], [22, 13, 23, 14], [24, 15, 1, 16], [17, 2, 18, 3], [19, 4, 20, 5], [21, 7, 22, 6], [14, 23, 15, 24], [1, 8, 2, 9], [3, 18, 4, 19], [5, 11, 6, 10], [7, 12, 8, 13], [9, 17, 10, 16]]"
12n_0684_45,"[[9, 17, 10, 16], [11, 20, 12, 21], [22, 13, 23, 14], [24, 15, 1, 16], [17, 2, 18, 3], [19, 4, 20, 5], [21, 7, 22, 6], [14, 23, 15, 24], [1, 8, 2, 9], [3, 18, 4, 19], [5, 11, 6, 10], [7, 12, 8, 13]]"
12n_0684_46,"[[7, 12, 8, 13], [9, 17, 10, 16], [11, 20, 12, 21], [22, 13, 23, 14], [24, 15, 1, 16], [17, 2, 18, 3], [19, 4, 20, 5], [21, 7, 22, 6], [14, 23, 15, 24], [1, 8, 2, 9], [3, 18, 4, 19], [5, 11, 6, 10]]"
12n_0684_47,"[[5, 11, 6, 10], [7, 12, 8, 13], [9, 17, 10, 16], [11, 20, 12, 21], [22, 13, 23, 14], [24, 15, 1, 16], [17, 2, 18, 3], [19, 4, 20, 5], [21, 7, 22, 6], [14, 23, 15, 24], [1, 8, 2, 9], [3, 18, 4, 19]]"
12n_0684_48,"[[4, 19, 5, 20], [6, 12, 7, 11], [8, 13, 9, 14], [10, 18, 11, 17], [12, 21, 13, 22], [23, 14, 24, 15], [1, 16, 2, 17], [18, 3, 19, 4], [20, 5, 21, 6], [22, 8, 23, 7], [15, 24, 16, 1], [2, 9, 3, 10]]"
12n_0684_49,"[[2, 9, 3, 10], [4, 19, 5, 20], [6, 12, 7, 11], [8, 13, 9, 14], [10, 18, 11, 17], [12, 21, 13, 22], [23, 14, 24, 15], [1, 16, 2, 17], [18, 3, 19, 4], [20, 5, 21, 6], [22, 8, 23, 7], [15, 24, 16, 1]]"
12n_0684_50,"[[15, 24, 16, 1], [2, 9, 3, 10], [4, 19, 5, 20], [6, 12, 7, 11], [8, 13, 9, 14], [10, 18, 11, 17], [12, 21, 13, 22], [23, 14, 24, 15], [1, 16, 2, 17], [18, 3, 19, 4], [20, 5, 21, 6], [22, 8, 23, 7]]"
12n_0684_51,"[[22, 8, 23, 7], [15, 24, 16, 1], [2, 9, 3, 10], [4, 19, 5, 20], [6, 12, 7, 11], [8, 13, 9, 14], [10, 18, 11, 17], [12, 21, 13, 22], [23, 14, 24, 15], [1, 16, 2, 17], [18, 3, 19, 4], [20, 5, 21, 6]]"
12n_0684_52,"[[20, 5, 21, 6], [22, 8, 23, 7], [15, 24, 16, 1], [2, 9, 3, 10], [4, 19, 5, 20], [6, 12, 7, 11], [8, 13, 9, 14], [10, 18, 11, 17], [12, 21, 13, 22], [23, 14, 24, 15], [1, 16, 2, 17], [18, 3, 19, 4]]"
12n_0684_53,"[[18, 3, 19, 4], [20, 5, 21, 6], [22, 8, 23, 7], [15, 24, 16, 1], [2, 9, 3, 10], [4, 19, 5, 20], [6, 12, 7, 11], [8, 13, 9, 14], [10, 18, 11, 17], [12, 21, 13, 22], [23, 14, 24, 15], [1, 16, 2, 17]]"
12n_0684_54,"[[1, 16, 2, 17], [18, 3, 19, 4], [20, 5, 21, 6], [22, 8, 23, 7], [15, 24, 16, 1], [2, 9, 3, 10], [4, 19, 5, 20], [6, 12, 7, 11], [8, 13, 9, 14], [10, 18, 11, 17], [12, 21, 13, 22], [23, 14, 24, 15]]"
12n_0684_55,"[[23, 14, 24, 15], [1, 16, 2, 17], [18, 3, 19, 4], [20, 5, 21, 6], [22, 8, 23, 7], [15, 24, 16, 1], [2, 9, 3, 10], [4, 19, 5, 20], [6, 12, 7, 11], [8, 13, 9, 14], [10, 18, 11, 17], [12, 21, 13, 22]]"
12n_0684_56,"[[12, 21, 13, 22], [23, 14, 24, 15], [1, 16, 2, 17], [18, 3, 19, 4], [20, 5, 21, 6], [22, 8, 23, 7], [15, 24, 16, 1], [2, 9, 3, 10], [4, 19, 5, 20], [6, 12, 7, 11], [8, 13, 9, 14], [10, 18, 11, 17]]"
12n_0684_57,"[[10, 18, 11, 17], [12, 21, 13, 22], [23, 14, 24, 15], [1, 16, 2, 17], [18, 3, 19, 4], [20, 5, 21, 6], [22, 8, 23, 7], [15, 24, 16, 1], [2, 9, 3, 10], [4, 19, 5, 20], [6, 12, 7, 11], [8, 13, 9, 14]]"
12n_0684_58,"[[8, 13, 9, 14], [10, 18, 11, 17], [12, 21, 13, 22], [23, 14, 24, 15], [1, 16, 2, 17], [18, 3, 19, 4], [20, 5, 21, 6], [22, 8, 23, 7], [15, 24, 16, 1], [2, 9, 3, 10], [4, 19, 5, 20], [6, 12, 7, 11]]"
12n_0684_59,"[[6, 12, 7, 11], [8, 13, 9, 14], [10, 18, 11, 17], [12, 21, 13, 22], [23, 14, 24, 15], [1, 16, 2, 17], [18, 3, 19, 4], [20, 5, 21, 6], [22, 8, 23, 7], [15, 24, 16, 1], [2, 9, 3, 10], [4, 19, 5, 20]]"
12n_0684_60,"[[5, 20, 6, 21], [7, 13, 8, 12], [9, 14, 10, 15], [11, 19, 12, 18], [13, 22, 14, 23], [24, 15, 1, 16], [2, 17, 3, 18], [19, 4, 20, 5], [21, 6, 22, 7], [23, 9, 24, 8], [16, 1, 17, 2], [3, 10, 4, 11]]"
12n_0684_61,"[[3, 10, 4, 11], [5, 20, 6, 21], [7, 13, 8, 12], [9, 14, 10, 15], [11, 19, 12, 18], [13, 22, 14, 23], [24, 15, 1, 16], [2, 17, 3, 18], [19, 4, 20, 5], [21, 6, 22, 7], [23, 9, 24, 8], [16, 1, 17, 2]]"
12n_0684_62,"[[16, 1, 17, 2], [3, 10, 4, 11], [5, 20, 6, 21], [7, 13, 8, 12], [9, 14, 10, 15], [11, 19, 12, 18], [13, 22, 14, 23], [24, 15, 1, 16], [2, 17, 3, 18], [19, 4, 20, 5], [21, 6, 22, 7], [23, 9, 24, 8]]"
12n_0684_63,"[[23, 9, 24, 8], [16, 1, 17, 2], [3, 10, 4, 11], [5, 20, 6, 21], [7, 13, 8, 12], [9, 14, 10, 15], [11, 19, 12, 18], [13, 22, 14, 23], [24, 15, 1, 16], [2, 17, 3, 18], [19, 4, 20, 5], [21, 6, 22, 7]]"
12n_0684_64,"[[21, 6, 22, 7], [23, 9, 24, 8], [16, 1, 17, 2], [3, 10, 4, 11], [5, 20, 6, 21], [7, 13, 8, 12], [9, 14, 10, 15], [11, 19, 12, 18], [13, 22, 14, 23], [24, 15, 1, 16], [2, 17, 3, 18], [19, 4, 20, 5]]"
12n_0684_65,"[[19, 4, 20, 5], [21, 6, 22, 7], [23, 9, 24, 8], [16, 1, 17, 2], [3, 10, 4, 11], [5, 20, 6, 21], [7, 13, 8, 12], [9, 14, 10, 15], [11, 19, 12, 18], [13, 22, 14, 23], [24, 15, 1, 16], [2, 17, 3, 18]]"
12n_0684_66,"[[2, 17, 3, 18], [19, 4, 20, 5], [21, 6, 22, 7], [23, 9, 24, 8], [16, 1, 17, 2], [3, 10, 4, 11], [5, 20, 6, 21], [7, 13, 8, 12], [9, 14, 10, 15], [11, 19, 12, 18], [13, 22, 14, 23], [24, 15, 1, 16]]"
12n_0684_67,"[[24, 15, 1, 16], [2, 17, 3, 18], [19, 4, 20, 5], [21, 6, 22, 7], [23, 9, 24, 8], [16, 1, 17, 2], [3, 10, 4, 11], [5, 20, 6, 21], [7, 13, 8, 12], [9, 14, 10, 15], [11, 19, 12, 18], [13, 22, 14, 23]]"
12n_0684_68,"[[13, 22, 14, 23], [24, 15, 1, 16], [2, 17, 3, 18], [19, 4, 20, 5], [21, 6, 22, 7], [23, 9, 24, 8], [16, 1, 17, 2], [3, 10, 4, 11], [5, 20, 6, 21], [7, 13, 8, 12], [9, 14, 10, 15], [11, 19, 12, 18]]"
12n_0684_69,"[[11, 19, 12, 18], [13, 22, 14, 23], [24, 15, 1, 16], [2, 17, 3, 18], [19, 4, 20, 5], [21, 6, 22, 7], [23, 9, 24, 8], [16, 1, 17, 2], [3, 10, 4, 11], [5, 20, 6, 21], [7, 13, 8, 12], [9, 14, 10, 15]]"
12n_0684_70,"[[9, 14, 10, 15], [11, 19, 12, 18], [13, 22, 14, 23], [24, 15, 1, 16], [2, 17, 3, 18], [19, 4, 20, 5], [21, 6, 22, 7], [23, 9, 24, 8], [16, 1, 17, 2], [3, 10, 4, 11], [5, 20, 6, 21], [7, 13, 8, 12]]"
12n_0684_71,"[[7, 13, 8, 12], [9, 14, 10, 15], [11, 19, 12, 18], [13, 22, 14, 23], [24, 15, 1, 16], [2, 17, 3, 18], [19, 4, 20, 5], [21, 6, 22, 7], [23, 9, 24, 8], [16, 1, 17, 2], [3, 10, 4, 11], [5, 20, 6, 21]]"
12n_0684_72,"[[6, 21, 7, 22], [8, 14, 9, 13], [10, 15, 11, 16], [12, 20, 13, 19], [14, 23, 15, 24], [1, 16, 2, 17], [3, 18, 4, 19], [20, 5, 21, 6], [22, 7, 23, 8], [24, 10, 1, 9], [17, 2, 18, 3], [4, 11, 5, 12]]"
12n_0684_73,"[[4, 11, 5, 12], [6, 21, 7, 22], [8, 14, 9, 13], [10, 15, 11, 16], [12, 20, 13, 19], [14, 23, 15, 24], [1, 16, 2, 17], [3, 18, 4, 19], [20, 5, 21, 6], [22, 7, 23, 8], [24, 10, 1, 9], [17, 2, 18, 3]]"
12n_0684_74,"[[17, 2, 18, 3], [4, 11, 5, 12], [6, 21, 7, 22], [8, 14, 9, 13], [10, 15, 11, 16], [12, 20, 13, 19], [14, 23, 15, 24], [1, 16, 2, 17], [3, 18, 4, 19], [20, 5, 21, 6], [22, 7, 23, 8], [24, 10, 1, 9]]"
12n_0684_75,"[[24, 10, 1, 9], [17, 2, 18, 3], [4, 11, 5, 12], [6, 21, 7, 22], [8, 14, 9, 13], [10, 15, 11, 16], [12, 20, 13, 19], [14, 23, 15, 24], [1, 16, 2, 17], [3, 18, 4, 19], [20, 5, 21, 6], [22, 7, 23, 8]]"
12n_0684_76,"[[22, 7, 23, 8], [24, 10, 1, 9], [17, 2, 18, 3], [4, 11, 5, 12], [6, 21, 7, 22], [8, 14, 9, 13], [10, 15, 11, 16], [12, 20, 13, 19], [14, 23, 15, 24], [1, 16, 2, 17], [3, 18, 4, 19], [20, 5, 21, 6]]"
12n_0684_77,"[[20, 5, 21, 6], [22, 7, 23, 8], [24, 10, 1, 9], [17, 2, 18, 3], [4, 11, 5, 12], [6, 21, 7, 22], [8, 14, 9, 13], [10, 15, 11, 16], [12, 20, 13, 19], [14, 23, 15, 24], [1, 16, 2, 17], [3, 18, 4, 19]]"
12n_0684_78,"[[3, 18, 4, 19], [20, 5, 21, 6], [22, 7, 23, 8], [24, 10, 1, 9], [17, 2, 18, 3], [4, 11, 5, 12], [6, 21, 7, 22], [8, 14, 9, 13], [10, 15, 11, 16], [12, 20, 13, 19], [14, 23, 15, 24], [1, 16, 2, 17]]"
12n_0684_79,"[[1, 16, 2, 17], [3, 18, 4, 19], [20, 5, 21, 6], [22, 7, 23, 8], [24, 10, 1, 9], [17, 2, 18, 3], [4, 11, 5, 12], [6, 21, 7, 22], [8, 14, 9, 13], [10, 15, 11, 16], [12, 20, 13, 19], [14, 23, 15, 24]]"
12n_0684_80,"[[14, 23, 15, 24], [1, 16, 2, 17], [3, 18, 4, 19], [20, 5, 21, 6], [22, 7, 23, 8], [24, 10, 1, 9], [17, 2, 18, 3], [4, 11, 5, 12], [6, 21, 7, 22], [8, 14, 9, 13], [10, 15, 11, 16], [12, 20, 13, 19]]"
12n_0684_81,"[[12, 20, 13, 19], [14, 23, 15, 24], [1, 16, 2, 17], [3, 18, 4, 19], [20, 5, 21, 6], [22, 7, 23, 8], [24, 10, 1, 9], [17, 2, 18, 3], [4, 11, 5, 12], [6, 21, 7, 22], [8, 14, 9, 13], [10, 15, 11, 16]]"
12n_0684_82,"[[10, 15, 11, 16], [12, 20, 13, 19], [14, 23, 15, 24], [1, 16, 2, 17], [3, 18, 4, 19], [20, 5, 21, 6], [22, 7, 23, 8], [24, 10, 1, 9], [17, 2, 18, 3], [4, 11, 5, 12], [6, 21, 7, 22], [8, 14, 9, 13]]"
12n_0684_83,"[[8, 14, 9, 13], [10, 15, 11, 16], [12, 20, 13, 19], [14, 23, 15, 24], [1, 16, 2, 17], [3, 18, 4, 19], [20, 5, 21, 6], [22, 7, 23, 8], [24, 10, 1, 9], [17, 2, 18, 3], [4, 11, 5, 12], [6, 21, 7, 22]]"
12n_0684_84,"[[7, 22, 8, 23], [9, 15, 10, 14], [11, 16, 12, 17], [13, 21, 14, 20], [15, 24, 16, 1], [2, 17, 3, 18], [4, 19, 5, 20], [21, 6, 22, 7], [23, 8, 24, 9], [1, 11, 2, 10], [18, 3, 19, 4], [5, 12, 6, 13]]"
12n_0684_85,"[[5, 12, 6, 13], [7, 22, 8, 23], [9, 15, 10, 14], [11, 16, 12, 17], [13, 21, 14, 20], [15, 24, 16, 1], [2, 17, 3, 18], [4, 19, 5, 20], [21, 6, 22, 7], [23, 8, 24, 9], [1, 11, 2, 10], [18, 3, 19, 4]]"
12n_0684_86,"[[18, 3, 19, 4], [5, 12, 6, 13], [7, 22, 8, 23], [9, 15, 10, 14], [11, 16, 12, 17], [13, 21, 14, 20], [15, 24, 16, 1], [2, 17, 3, 18], [4, 19, 5, 20], [21, 6, 22, 7], [23, 8, 24, 9], [1, 11, 2, 10]]"
12n_0684_87,"[[1, 11, 2, 10], [18, 3, 19, 4], [5, 12, 6, 13], [7, 22, 8, 23], [9, 15, 10, 14], [11, 16, 12, 17], [13, 21, 14, 20], [15, 24, 16, 1], [2, 17, 3, 18], [4, 19, 5, 20], [21, 6, 22, 7], [23, 8, 24, 9]]"
12n_0684_88,"[[23, 8, 24, 9], [1, 11, 2, 10], [18, 3, 19, 4], [5, 12, 6, 13], [7, 22, 8, 23], [9, 15, 10, 14], [11, 16, 12, 17], [13, 21, 14, 20], [15, 24, 16, 1], [2, 17, 3, 18], [4, 19, 5, 20], [21, 6, 22, 7]]"
12n_0684_89,"[[21, 6, 22, 7], [23, 8, 24, 9], [1, 11, 2, 10], [18, 3, 19, 4], [5, 12, 6, 13], [7, 22, 8, 23], [9, 15, 10, 14], [11, 16, 12, 17], [13, 21, 14, 20], [15, 24, 16, 1], [2, 17, 3, 18], [4, 19, 5, 20]]"
12n_0684_90,"[[4, 19, 5, 20], [21, 6, 22, 7], [23, 8, 24, 9], [1, 11, 2, 10], [18, 3, 19, 4], [5, 12, 6, 13], [7, 22, 8, 23], [9, 15, 10, 14], [11, 16, 12, 17], [13, 21, 14, 20], [15, 24, 16, 1], [2, 17, 3, 18]]"
12n_0684_91,"[[2, 17, 3, 18], [4, 19, 5, 20], [21, 6, 22, 7], [23, 8, 24, 9], [1, 11, 2, 10], [18, 3, 19, 4], [5, 12, 6, 13], [7, 22, 8, 23], [9, 15, 10, 14], [11, 16, 12, 17], [13, 21, 14, 20], [15, 24, 16, 1]]"
12n_0684_92,"[[15, 24, 16, 1], [2, 17, 3, 18], [4, 19, 5, 20], [21, 6, 22, 7], [23, 8, 24, 9], [1, 11, 2, 10], [18, 3, 19, 4], [5, 12, 6, 13], [7, 22, 8, 23], [9, 15, 10, 14], [11, 16, 12, 17], [13, 21, 14, 20]]"
12n_0684_93,"[[13, 21, 14, 20], [15, 24, 16, 1], [2, 17, 3, 18], [4, 19, 5, 20], [21, 6, 22, 7], [23, 8, 24, 9], [1, 11, 2, 10], [18, 3, 19, 4], [5, 12, 6, 13], [7, 22, 8, 23], [9, 15, 10, 14], [11, 16, 12, 17]]"
12n_0684_94,"[[11, 16, 12, 17], [13, 21, 14, 20], [15, 24, 16, 1], [2, 17, 3, 18], [4, 19, 5, 20], [21, 6, 22, 7], [23, 8, 24, 9], [1, 11, 2, 10], [18, 3, 19, 4], [5, 12, 6, 13], [7, 22, 8, 23], [9, 15, 10, 14]]"
12n_0684_95,"[[9, 15, 10, 14], [11, 16, 12, 17], [13, 21, 14, 20], [15, 24, 16, 1], [2, 17, 3, 18], [4, 19, 5, 20], [21, 6, 22, 7], [23, 8, 24, 9], [1, 11, 2, 10], [18, 3, 19, 4], [5, 12, 6, 13], [7, 22, 8, 23]]"
12n_0684_96,"[[8, 23, 9, 24], [10, 16, 11, 15], [12, 17, 13, 18], [14, 22, 15, 21], [16, 1, 17, 2], [3, 18, 4, 19], [5, 20, 6, 21], [22, 7, 23, 8], [24, 9, 1, 10], [2, 12, 3, 11], [19, 4, 20, 5], [6, 13, 7, 14]]"
12n_0684_97,"[[6, 13, 7, 14], [8, 23, 9, 24], [10, 16, 11, 15], [12, 17, 13, 18], [14, 22, 15, 21], [16, 1, 17, 2], [3, 18, 4, 19], [5, 20, 6, 21], [22, 7, 23, 8], [24, 9, 1, 10], [2, 12, 3, 11], [19, 4, 20, 5]]"
12n_0684_98,"[[19, 4, 20, 5], [6, 13, 7, 14], [8, 23, 9, 24], [10, 16, 11, 15], [12, 17, 13, 18], [14, 22, 15, 21], [16, 1, 17, 2], [3, 18, 4, 19], [5, 20, 6, 21], [22, 7, 23, 8], [24, 9, 1, 10], [2, 12, 3, 11]]"
12n_0684_99,"[[2, 12, 3, 11], [19, 4, 20, 5], [6, 13, 7, 14], [8, 23, 9, 24], [10, 16, 11, 15], [12, 17, 13, 18], [14, 22, 15, 21], [16, 1, 17, 2], [3, 18, 4, 19], [5, 20, 6, 21], [22, 7, 23, 8], [24, 9, 1, 10]]"
12n_0684_100,"[[24, 9, 1, 10], [2, 12, 3, 11], [19, 4, 20, 5], [6, 13, 7, 14], [8, 23, 9, 24], [10, 16, 11, 15], [12, 17, 13, 18], [14, 22, 15, 21], [16, 1, 17, 2], [3, 18, 4, 19], [5, 20, 6, 21], [22, 7, 23, 8]]"
12n_0684_101,"[[22, 7, 23, 8], [24, 9, 1, 10], [2, 12, 3, 11], [19, 4, 20, 5], [6, 13, 7, 14], [8, 23, 9, 24], [10, 16, 11, 15], [12, 17, 13, 18], [14, 22, 15, 21], [16, 1, 17, 2], [3, 18, 4, 19], [5, 20, 6, 21]]"
12n_0684_102,"[[5, 20, 6, 21], [22, 7, 23, 8], [24, 9, 1, 10], [2, 12, 3, 11], [19, 4, 20, 5], [6, 13, 7, 14], [8, 23, 9, 24], [10, 16, 11, 15], [12, 17, 13, 18], [14, 22, 15, 21], [16, 1, 17, 2], [3, 18, 4, 19]]"
12n_0684_103,"[[3, 18, 4, 19], [5, 20, 6, 21], [22, 7, 23, 8], [24, 9, 1, 10], [2, 12, 3, 11], [19, 4, 20, 5], [6, 13, 7, 14], [8, 23, 9, 24], [10, 16, 11, 15], [12, 17, 13, 18], [14, 22, 15, 21], [16, 1, 17, 2]]"
12n_0684_104,"[[16, 1, 17, 2], [3, 18, 4, 19], [5, 20, 6, 21], [22, 7, 23, 8], [24, 9, 1, 10], [2, 12, 3, 11], [19, 4, 20, 5], [6, 13, 7, 14], [8, 23, 9, 24], [10, 16, 11, 15], [12, 17, 13, 18], [14, 22, 15, 21]]"
12n_0684_105,"[[14, 22, 15, 21], [16, 1, 17, 2], [3, 18, 4, 19], [5, 20, 6, 21], [22, 7, 23, 8], [24, 9, 1, 10], [2, 12, 3, 11], [19, 4, 20, 5], [6, 13, 7, 14], [8, 23, 9, 24], [10, 16, 11, 15], [12, 17, 13, 18]]"
12n_0684_106,"[[12, 17, 13, 18], [14, 22, 15, 21], [16, 1, 17, 2], [3, 18, 4, 19], [5, 20, 6, 21], [22, 7, 23, 8], [24, 9, 1, 10], [2, 12, 3, 11], [19, 4, 20, 5], [6, 13, 7, 14], [8, 23, 9, 24], [10, 16, 11, 15]]"
12n_0684_107,"[[10, 16, 11, 15], [12, 17, 13, 18], [14, 22, 15, 21], [16, 1, 17, 2], [3, 18, 4, 19], [5, 20, 6, 21], [22, 7, 23, 8], [24, 9, 1, 10], [2, 12, 3, 11], [19, 4, 20, 5], [6, 13, 7, 14], [8, 23, 9, 24]]"
12n_0684_108,"[[9, 24, 10, 1], [11, 17, 12, 16], [13, 18, 14, 19], [15, 23, 16, 22], [17, 2, 18, 3], [4, 19, 5, 20], [6, 21, 7, 22], [23, 8, 24, 9], [1, 10, 2, 11], [3, 13, 4, 12], [20, 5, 21, 6], [7, 14, 8, 15]]"
12n_0684_109,"[[7, 14, 8, 15], [9, 24, 10, 1], [11, 17, 12, 16], [13, 18, 14, 19], [15, 23, 16, 22], [17, 2, 18, 3], [4, 19, 5, 20], [6, 21, 7, 22], [23, 8, 24, 9], [1, 10, 2, 11], [3, 13, 4, 12], [20, 5, 21, 6]]"
12n_0684_110,"[[20, 5, 21, 6], [7, 14, 8, 15], [9, 24, 10, 1], [11, 17, 12, 16], [13, 18, 14, 19], [15, 23, 16, 22], [17, 2, 18, 3], [4, 19, 5, 20], [6, 21, 7, 22], [23, 8, 24, 9], [1, 10, 2, 11], [3, 13, 4, 12]]"
12n_0684_111,"[[3, 13, 4, 12], [20, 5, 21, 6], [7, 14, 8, 15], [9, 24, 10, 1], [11, 17, 12, 16], [13, 18, 14, 19], [15, 23, 16, 22], [17, 2, 18, 3], [4, 19, 5, 20], [6, 21, 7, 22], [23, 8, 24, 9], [1, 10, 2, 11]]"
12n_0684_112,"[[1, 10, 2, 11], [3, 13, 4, 12], [20, 5, 21, 6], [7, 14, 8, 15], [9, 24, 10, 1], [11, 17, 12, 16], [13, 18, 14, 19], [15, 23, 16, 22], [17, 2, 18, 3], [4, 19, 5, 20], [6, 21, 7, 22], [23, 8, 24, 9]]"
12n_0684_113,"[[23, 8, 24, 9], [1, 10, 2, 11], [3, 13, 4, 12], [20, 5, 21, 6], [7, 14, 8, 15], [9, 24, 10, 1], [11, 17, 12, 16], [13, 18, 14, 19], [15, 23, 16, 22], [17, 2, 18, 3], [4, 19, 5, 20], [6, 21, 7, 22]]"
12n_0684_114,"[[6, 21, 7, 22], [23, 8, 24, 9], [1, 10, 2, 11], [3, 13, 4, 12], [20, 5, 21, 6], [7, 14, 8, 15], [9, 24, 10, 1], [11, 17, 12, 16], [13, 18, 14, 19], [15, 23, 16, 22], [17, 2, 18, 3], [4, 19, 5, 20]]"
12n_0684_115,"[[4, 19, 5, 20], [6, 21, 7, 22], [23, 8, 24, 9], [1, 10, 2, 11], [3, 13, 4, 12], [20, 5, 21, 6], [7, 14, 8, 15], [9, 24, 10, 1], [11, 17, 12, 16], [13, 18, 14, 19], [15, 23, 16, 22], [17, 2, 18, 3]]"
12n_0684_116,"[[17, 2, 18, 3], [4, 19, 5, 20], [6, 21, 7, 22], [23, 8, 24, 9], [1, 10, 2, 11], [3, 13, 4, 12], [20, 5, 21, 6], [7, 14, 8, 15], [9, 24, 10, 1], [11, 17, 12, 16], [13, 18, 14, 19], [15, 23, 16, 22]]"
12n_0684_117,"[[15, 23, 16, 22], [17, 2, 18, 3], [4, 19, 5, 20], [6, 21, 7, 22], [23, 8, 24, 9], [1, 10, 2, 11], [3, 13, 4, 12], [20, 5, 21, 6], [7, 14, 8, 15], [9, 24, 10, 1], [11, 17, 12, 16], [13, 18, 14, 19]]"
12n_0684_118,"[[13, 18, 14, 19], [15, 23, 16, 22], [17, 2, 18, 3], [4, 19, 5, 20], [6, 21, 7, 22], [23, 8, 24, 9], [1, 10, 2, 11], [3, 13, 4, 12], [20, 5, 21, 6], [7, 14, 8, 15], [9, 24, 10, 1], [11, 17, 12, 16]]"
12n_0684_119,"[[11, 17, 12, 16], [13, 18, 14, 19], [15, 23, 16, 22], [17, 2, 18, 3], [4, 19, 5, 20], [6, 21, 7, 22], [23, 8, 24, 9], [1, 10, 2, 11], [3, 13, 4, 12], [20, 5, 21, 6], [7, 14, 8, 15], [9, 24, 10, 1]]"
12n_0684_120,"[[10, 1, 11, 2], [12, 18, 13, 17], [14, 19, 15, 20], [16, 24, 17, 23], [18, 3, 19, 4], [5, 20, 6, 21], [7, 22, 8, 23], [24, 9, 1, 10], [2, 11, 3, 12], [4, 14, 5, 13], [21, 6, 22, 7], [8, 15, 9, 16]]"
12n_0684_121,"[[8, 15, 9, 16], [10, 1, 11, 2], [12, 18, 13, 17], [14, 19, 15, 20], [16, 24, 17, 23], [18, 3, 19, 4], [5, 20, 6, 21], [7, 22, 8, 23], [24, 9, 1, 10], [2, 11, 3, 12], [4, 14, 5, 13], [21, 6, 22, 7]]"
12n_0684_122,"[[21, 6, 22, 7], [8, 15, 9, 16], [10, 1, 11, 2], [12, 18, 13, 17], [14, 19, 15, 20], [16, 24, 17, 23], [18, 3, 19, 4], [5, 20, 6, 21], [7, 22, 8, 23], [24, 9, 1, 10], [2, 11, 3, 12], [4, 14, 5, 13]]"
12n_0684_123,"[[4, 14, 5, 13], [21, 6, 22, 7], [8, 15, 9, 16], [10, 1, 11, 2], [12, 18, 13, 17], [14, 19, 15, 20], [16, 24, 17, 23], [18, 3, 19, 4], [5, 20, 6, 21], [7, 22, 8, 23], [24, 9, 1, 10], [2, 11, 3, 12]]"
12n_0684_124,"[[2, 11, 3, 12], [4, 14, 5, 13], [21, 6, 22, 7], [8, 15, 9, 16], [10, 1, 11, 2], [12, 18, 13, 17], [14, 19, 15, 20], [16, 24, 17, 23], [18, 3, 19, 4], [5, 20, 6, 21], [7, 22, 8, 23], [24, 9, 1, 10]]"
12n_0684_125,"[[24, 9, 1, 10], [2, 11, 3, 12], [4, 14, 5, 13], [21, 6, 22, 7], [8, 15, 9, 16], [10, 1, 11, 2], [12, 18, 13, 17], [14, 19, 15, 20], [16, 24, 17, 23], [18, 3, 19, 4], [5, 20, 6, 21], [7, 22, 8, 23]]"
12n_0684_126,"[[7, 22, 8, 23], [24, 9, 1, 10], [2, 11, 3, 12], [4, 14, 5, 13], [21, 6, 22, 7], [8, 15, 9, 16], [10, 1, 11, 2], [12, 18, 13, 17], [14, 19, 15, 20], [16, 24, 17, 23], [18, 3, 19, 4], [5, 20, 6, 21]]"
12n_0684_127,"[[5, 20, 6, 21], [7, 22, 8, 23], [24, 9, 1, 10], [2, 11, 3, 12], [4, 14, 5, 13], [21, 6, 22, 7], [8, 15, 9, 16], [10, 1, 11, 2], [12, 18, 13, 17], [14, 19, 15, 20], [16, 24, 17, 23], [18, 3, 19, 4]]"
12n_0684_128,"[[18, 3, 19, 4], [5, 20, 6, 21], [7, 22, 8, 23], [24, 9, 1, 10], [2, 11, 3, 12], [4, 14, 5, 13], [21, 6, 22, 7], [8, 15, 9, 16], [10, 1, 11, 2], [12, 18, 13, 17], [14, 19, 15, 20], [16, 24, 17, 23]]"
12n_0684_129,"[[16, 24, 17, 23], [18, 3, 19, 4], [5, 20, 6, 21], [7, 22, 8, 23], [24, 9, 1, 10], [2, 11, 3, 12], [4, 14, 5, 13], [21, 6, 22, 7], [8, 15, 9, 16], [10, 1, 11, 2], [12, 18, 13, 17], [14, 19, 15, 20]]"
12n_0684_130,"[[14, 19, 15, 20], [16, 24, 17, 23], [18, 3, 19, 4], [5, 20, 6, 21], [7, 22, 8, 23], [24, 9, 1, 10], [2, 11, 3, 12], [4, 14, 5, 13], [21, 6, 22, 7], [8, 15, 9, 16], [10, 1, 11, 2], [12, 18, 13, 17]]"
12n_0684_131,"[[12, 18, 13, 17], [14, 19, 15, 20], [16, 24, 17, 23], [18, 3, 19, 4], [5, 20, 6, 21], [7, 22, 8, 23], [24, 9, 1, 10], [2, 11, 3, 12], [4, 14, 5, 13], [21, 6, 22, 7], [8, 15, 9, 16], [10, 1, 11, 2]]"
12n_0684_132,"[[11, 2, 12, 3], [13, 19, 14, 18], [15, 20, 16, 21], [17, 1, 18, 24], [19, 4, 20, 5], [6, 21, 7, 22], [8, 23, 9, 24], [1, 10, 2, 11], [3, 12, 4, 13], [5, 15, 6, 14], [22, 7, 23, 8], [9, 16, 10, 17]]"
12n_0684_133,"[[9, 16, 10, 17], [11, 2, 12, 3], [13, 19, 14, 18], [15, 20, 16, 21], [17, 1, 18, 24], [19, 4, 20, 5], [6, 21, 7, 22], [8, 23, 9, 24], [1, 10, 2, 11], [3, 12, 4, 13], [5, 15, 6, 14], [22, 7, 23, 8]]"
12n_0684_134,"[[22, 7, 23, 8], [9, 16, 10, 17], [11, 2, 12, 3], [13, 19, 14, 18], [15, 20, 16, 21], [17, 1, 18, 24], [19, 4, 20, 5], [6, 21, 7, 22], [8, 23, 9, 24], [1, 10, 2, 11], [3, 12, 4, 13], [5, 15, 6, 14]]"
12n_0684_135,"[[5, 15, 6, 14], [22, 7, 23, 8], [9, 16, 10, 17], [11, 2, 12, 3], [13, 19, 14, 18], [15, 20, 16, 21], [17, 1, 18, 24], [19, 4, 20, 5], [6, 21, 7, 22], [8, 23, 9, 24], [1, 10, 2, 11], [3, 12, 4, 13]]"
12n_0684_136,"[[3, 12, 4, 13], [5, 15, 6, 14], [22, 7, 23, 8], [9, 16, 10, 17], [11, 2, 12, 3], [13, 19, 14, 18], [15, 20, 16, 21], [17, 1, 18, 24], [19, 4, 20, 5], [6, 21, 7, 22], [8, 23, 9, 24], [1, 10, 2, 11]]"
12n_0684_137,"[[1, 10, 2, 11], [3, 12, 4, 13], [5, 15, 6, 14], [22, 7, 23, 8], [9, 16, 10, 17], [11, 2, 12, 3], [13, 19, 14, 18], [15, 20, 16, 21], [17, 1, 18, 24], [19, 4, 20, 5], [6, 21, 7, 22], [8, 23, 9, 24]]"
12n_0684_138,"[[8, 23, 9, 24], [1, 10, 2, 11], [3, 12, 4, 13], [5, 15, 6, 14], [22, 7, 23, 8], [9, 16, 10, 17], [11, 2, 12, 3], [13, 19, 14, 18], [15, 20, 16, 21], [17, 1, 18, 24], [19, 4, 20, 5], [6, 21, 7, 22]]"
12n_0684_139,"[[6, 21, 7, 22], [8, 23, 9, 24], [1, 10, 2, 11], [3, 12, 4, 13], [5, 15, 6, 14], [22, 7, 23, 8], [9, 16, 10, 17], [11, 2, 12, 3], [13, 19, 14, 18], [15, 20, 16, 21], [17, 1, 18, 24], [19, 4, 20, 5]]"
12n_0684_140,"[[19, 4, 20, 5], [6, 21, 7, 22], [8, 23, 9, 24], [1, 10, 2, 11], [3, 12, 4, 13], [5, 15, 6, 14], [22, 7, 23, 8], [9, 16, 10, 17], [11, 2, 12, 3], [13, 19, 14, 18], [15, 20, 16, 21], [17, 1, 18, 24]]"
12n_0684_141,"[[17, 1, 18, 24], [19, 4, 20, 5], [6, 21, 7, 22], [8, 23, 9, 24], [1, 10, 2, 11], [3, 12, 4, 13], [5, 15, 6, 14], [22, 7, 23, 8], [9, 16, 10, 17], [11, 2, 12, 3], [13, 19, 14, 18], [15, 20, 16, 21]]"
12n_0684_142,"[[15, 20, 16, 21], [17, 1, 18, 24], [19, 4, 20, 5], [6, 21, 7, 22], [8, 23, 9, 24], [1, 10, 2, 11], [3, 12, 4, 13], [5, 15, 6, 14], [22, 7, 23, 8], [9, 16, 10, 17], [11, 2, 12, 3], [13, 19, 14, 18]]"
12n_0684_143,"[[13, 19, 14, 18], [15, 20, 16, 21], [17, 1, 18, 24], [19, 4, 20, 5], [6, 21, 7, 22], [8, 23, 9, 24], [1, 10, 2, 11], [3, 12, 4, 13], [5, 15, 6, 14], [22, 7, 23, 8], [9, 16, 10, 17], [11, 2, 12, 3]]"
12n_0684_144,"[[12, 3, 13, 4], [14, 20, 15, 19], [16, 21, 17, 22], [18, 2, 19, 1], [20, 5, 21, 6], [7, 22, 8, 23], [9, 24, 10, 1], [2, 11, 3, 12], [4, 13, 5, 14], [6, 16, 7, 15], [23, 8, 24, 9], [10, 17, 11, 18]]"
12n_0684_145,"[[10, 17, 11, 18], [12, 3, 13, 4], [14, 20, 15, 19], [16, 21, 17, 22], [18, 2, 19, 1], [20, 5, 21, 6], [7, 22, 8, 23], [9, 24, 10, 1], [2, 11, 3, 12], [4, 13, 5, 14], [6, 16, 7, 15], [23, 8, 24, 9]]"
12n_0684_146,"[[23, 8, 24, 9], [10, 17, 11, 18], [12, 3, 13, 4], [14, 20, 15, 19], [16, 21, 17, 22], [18, 2, 19, 1], [20, 5, 21, 6], [7, 22, 8, 23], [9, 24, 10, 1], [2, 11, 3, 12], [4, 13, 5, 14], [6, 16, 7, 15]]"
12n_0684_147,"[[6, 16, 7, 15], [23, 8, 24, 9], [10, 17, 11, 18], [12, 3, 13, 4], [14, 20, 15, 19], [16, 21, 17, 22], [18, 2, 19, 1], [20, 5, 21, 6], [7, 22, 8, 23], [9, 24, 10, 1], [2, 11, 3, 12], [4, 13, 5, 14]]"
12n_0684_148,"[[4, 13, 5, 14], [6, 16, 7, 15], [23, 8, 24, 9], [10, 17, 11, 18], [12, 3, 13, 4], [14, 20, 15, 19], [16, 21, 17, 22], [18, 2, 19, 1], [20, 5, 21, 6], [7, 22, 8, 23], [9, 24, 10, 1], [2, 11, 3, 12]]"
12n_0684_149,"[[2, 11, 3, 12], [4, 13, 5, 14], [6, 16, 7, 15], [23, 8, 24, 9], [10, 17, 11, 18], [12, 3, 13, 4], [14, 20, 15, 19], [16, 21, 17, 22], [18, 2, 19, 1], [20, 5, 21, 6], [7, 22, 8, 23], [9, 24, 10, 1]]"
12n_0684_150,"[[9, 24, 10, 1], [2, 11, 3, 12], [4, 13, 5, 14], [6, 16, 7, 15], [23, 8, 24, 9], [10, 17, 11, 18], [12, 3, 13, 4], [14, 20, 15, 19], [16, 21, 17, 22], [18, 2, 19, 1], [20, 5, 21, 6], [7, 22, 8, 23]]"
12n_0684_151,"[[7, 22, 8, 23], [9, 24, 10, 1], [2, 11, 3, 12], [4, 13, 5, 14], [6, 16, 7, 15], [23, 8, 24, 9], [10, 17, 11, 18], [12, 3, 13, 4], [14, 20, 15, 19], [16, 21, 17, 22], [18, 2, 19, 1], [20, 5, 21, 6]]"
12n_0684_152,"[[20, 5, 21, 6], [7, 22, 8, 23], [9, 24, 10, 1], [2, 11, 3, 12], [4, 13, 5, 14], [6, 16, 7, 15], [23, 8, 24, 9], [10, 17, 11, 18], [12, 3, 13, 4], [14, 20, 15, 19], [16, 21, 17, 22], [18, 2, 19, 1]]"
12n_0684_153,"[[18, 2, 19, 1], [20, 5, 21, 6], [7, 22, 8, 23], [9, 24, 10, 1], [2, 11, 3, 12], [4, 13, 5, 14], [6, 16, 7, 15], [23, 8, 24, 9], [10, 17, 11, 18], [12, 3, 13, 4], [14, 20, 15, 19], [16, 21, 17, 22]]"
12n_0684_154,"[[16, 21, 17, 22], [18, 2, 19, 1], [20, 5, 21, 6], [7, 22, 8, 23], [9, 24, 10, 1], [2, 11, 3, 12], [4, 13, 5, 14], [6, 16, 7, 15], [23, 8, 24, 9], [10, 17, 11, 18], [12, 3, 13, 4], [14, 20, 15, 19]]"
12n_0684_155,"[[14, 20, 15, 19], [16, 21, 17, 22], [18, 2, 19, 1], [20, 5, 21, 6], [7, 22, 8, 23], [9, 24, 10, 1], [2, 11, 3, 12], [4, 13, 5, 14], [6, 16, 7, 15], [23, 8, 24, 9], [10, 17, 11, 18], [12, 3, 13, 4]]"
12n_0684_156,"[[13, 4, 14, 5], [15, 21, 16, 20], [17, 22, 18, 23], [19, 3, 20, 2], [21, 6, 22, 7], [8, 23, 9, 24], [10, 1, 11, 2], [3, 12, 4, 13], [5, 14, 6, 15], [7, 17, 8, 16], [24, 9, 1, 10], [11, 18, 12, 19]]"
12n_0684_157,"[[11, 18, 12, 19], [13, 4, 14, 5], [15, 21, 16, 20], [17, 22, 18, 23], [19, 3, 20, 2], [21, 6, 22, 7], [8, 23, 9, 24], [10, 1, 11, 2], [3, 12, 4, 13], [5, 14, 6, 15], [7, 17, 8, 16], [24, 9, 1, 10]]"
12n_0684_158,"[[24, 9, 1, 10], [11, 18, 12, 19], [13, 4, 14, 5], [15, 21, 16, 20], [17, 22, 18, 23], [19, 3, 20, 2], [21, 6, 22, 7], [8, 23, 9, 24], [10, 1, 11, 2], [3, 12, 4, 13], [5, 14, 6, 15], [7, 17, 8, 16]]"
12n_0684_159,"[[7, 17, 8, 16], [24, 9, 1, 10], [11, 18, 12, 19], [13, 4, 14, 5], [15, 21, 16, 20], [17, 22, 18, 23], [19, 3, 20, 2], [21, 6, 22, 7], [8, 23, 9, 24], [10, 1, 11, 2], [3, 12, 4, 13], [5, 14, 6, 15]]"
12n_0684_160,"[[5, 14, 6, 15], [7, 17, 8, 16], [24, 9, 1, 10], [11, 18, 12, 19], [13, 4, 14, 5], [15, 21, 16, 20], [17, 22, 18, 23], [19, 3, 20, 2], [21, 6, 22, 7], [8, 23, 9, 24], [10, 1, 11, 2], [3, 12, 4, 13]]"
12n_0684_161,"[[3, 12, 4, 13], [5, 14, 6, 15], [7, 17, 8, 16], [24, 9, 1, 10], [11, 18, 12, 19], [13, 4, 14, 5], [15, 21, 16, 20], [17, 22, 18, 23], [19, 3, 20, 2], [21, 6, 22, 7], [8, 23, 9, 24], [10, 1, 11, 2]]"
12n_0684_162,"[[10, 1, 11, 2], [3, 12, 4, 13], [5, 14, 6, 15], [7, 17, 8, 16], [24, 9, 1, 10], [11, 18, 12, 19], [13, 4, 14, 5], [15, 21, 16, 20], [17, 22, 18, 23], [19, 3, 20, 2], [21, 6, 22, 7], [8, 23, 9, 24]]"
12n_0684_163,"[[8, 23, 9, 24], [10, 1, 11, 2], [3, 12, 4, 13], [5, 14, 6, 15], [7, 17, 8, 16], [24, 9, 1, 10], [11, 18, 12, 19], [13, 4, 14, 5], [15, 21, 16, 20], [17, 22, 18, 23], [19, 3, 20, 2], [21, 6, 22, 7]]"
12n_0684_164,"[[21, 6, 22, 7], [8, 23, 9, 24], [10, 1, 11, 2], [3, 12, 4, 13], [5, 14, 6, 15], [7, 17, 8, 16], [24, 9, 1, 10], [11, 18, 12, 19], [13, 4, 14, 5], [15, 21, 16, 20], [17, 22, 18, 23], [19, 3, 20, 2]]"
12n_0684_165,"[[19, 3, 20, 2], [21, 6, 22, 7], [8, 23, 9, 24], [10, 1, 11, 2], [3, 12, 4, 13], [5, 14, 6, 15], [7, 17, 8, 16], [24, 9, 1, 10], [11, 18, 12, 19], [13, 4, 14, 5], [15, 21, 16, 20], [17, 22, 18, 23]]"
12n_0684_166,"[[17, 22, 18, 23], [19, 3, 20, 2], [21, 6, 22, 7], [8, 23, 9, 24], [10, 1, 11, 2], [3, 12, 4, 13], [5, 14, 6, 15], [7, 17, 8, 16], [24, 9, 1, 10], [11, 18, 12, 19], [13, 4, 14, 5], [15, 21, 16, 20]]"
12n_0684_167,"[[15, 21, 16, 20], [17, 22, 18, 23], [19, 3, 20, 2], [21, 6, 22, 7], [8, 23, 9, 24], [10, 1, 11, 2], [3, 12, 4, 13], [5, 14, 6, 15], [7, 17, 8, 16], [24, 9, 1, 10], [11, 18, 12, 19], [13, 4, 14, 5]]"
12n_0684_168,"[[14, 5, 15, 6], [16, 22, 17, 21], [18, 23, 19, 24], [20, 4, 21, 3], [22, 7, 23, 8], [9, 24, 10, 1], [11, 2, 12, 3], [4, 13, 5, 14], [6, 15, 7, 16], [8, 18, 9, 17], [1, 10, 2, 11], [12, 19, 13, 20]]"
12n_0684_169,"[[12, 19, 13, 20], [14, 5, 15, 6], [16, 22, 17, 21], [18, 23, 19, 24], [20, 4, 21, 3], [22, 7, 23, 8], [9, 24, 10, 1], [11, 2, 12, 3], [4, 13, 5, 14], [6, 15, 7, 16], [8, 18, 9, 17], [1, 10, 2, 11]]"
12n_0684_170,"[[1, 10, 2, 11], [12, 19, 13, 20], [14, 5, 15, 6], [16, 22, 17, 21], [18, 23, 19, 24], [20, 4, 21, 3], [22, 7, 23, 8], [9, 24, 10, 1], [11, 2, 12, 3], [4, 13, 5, 14], [6, 15, 7, 16], [8, 18, 9, 17]]"
12n_0684_171,"[[8, 18, 9, 17], [1, 10, 2, 11], [12, 19, 13, 20], [14, 5, 15, 6], [16, 22, 17, 21], [18, 23, 19, 24], [20, 4, 21, 3], [22, 7, 23, 8], [9, 24, 10, 1], [11, 2, 12, 3], [4, 13, 5, 14], [6, 15, 7, 16]]"
12n_0684_172,"[[6, 15, 7, 16], [8, 18, 9, 17], [1, 10, 2, 11], [12, 19, 13, 20], [14, 5, 15, 6], [16, 22, 17, 21], [18, 23, 19, 24], [20, 4, 21, 3], [22, 7, 23, 8], [9, 24, 10, 1], [11, 2, 12, 3], [4, 13, 5, 14]]"
12n_0684_173,"[[4, 13, 5, 14], [6, 15, 7, 16], [8, 18, 9, 17], [1, 10, 2, 11], [12, 19, 13, 20], [14, 5, 15, 6], [16, 22, 17, 21], [18, 23, 19, 24], [20, 4, 21, 3], [22, 7, 23, 8], [9, 24, 10, 1], [11, 2, 12, 3]]"
12n_0684_174,"[[11, 2, 12, 3], [4, 13, 5, 14], [6, 15, 7, 16], [8, 18, 9, 17], [1, 10, 2, 11], [12, 19, 13, 20], [14, 5, 15, 6], [16, 22, 17, 21], [18, 23, 19, 24], [20, 4, 21, 3], [22, 7, 23, 8], [9, 24, 10, 1]]"
12n_0684_175,"[[9, 24, 10, 1], [11, 2, 12, 3], [4, 13, 5, 14], [6, 15, 7, 16], [8, 18, 9, 17], [1, 10, 2, 11], [12, 19, 13, 20], [14, 5, 15, 6], [16, 22, 17, 21], [18, 23, 19, 24], [20, 4, 21, 3], [22, 7, 23, 8]]"
12n_0684_176,"[[22, 7, 23, 8], [9, 24, 10, 1], [11, 2, 12, 3], [4, 13, 5, 14], [6, 15, 7, 16], [8, 18, 9, 17], [1, 10, 2, 11], [12, 19, 13, 20], [14, 5, 15, 6], [16, 22, 17, 21], [18, 23, 19, 24], [20, 4, 21, 3]]"
12n_0684_177,"[[20, 4, 21, 3], [22, 7, 23, 8], [9, 24, 10, 1], [11, 2, 12, 3], [4, 13, 5, 14], [6, 15, 7, 16], [8, 18, 9, 17], [1, 10, 2, 11], [12, 19, 13, 20], [14, 5, 15, 6], [16, 22, 17, 21], [18, 23, 19, 24]]"
12n_0684_178,"[[18, 23, 19, 24], [20, 4, 21, 3], [22, 7, 23, 8], [9, 24, 10, 1], [11, 2, 12, 3], [4, 13, 5, 14], [6, 15, 7, 16], [8, 18, 9, 17], [1, 10, 2, 11], [12, 19, 13, 20], [14, 5, 15, 6], [16, 22, 17, 21]]"
12n_0684_179,"[[16, 22, 17, 21], [18, 23, 19, 24], [20, 4, 21, 3], [22, 7, 23, 8], [9, 24, 10, 1], [11, 2, 12, 3], [4, 13, 5, 14], [6, 15, 7, 16], [8, 18, 9, 17], [1, 10, 2, 11], [12, 19, 13, 20], [14, 5, 15, 6]]"
12n_0684_180,"[[15, 6, 16, 7], [17, 23, 18, 22], [19, 24, 20, 1], [21, 5, 22, 4], [23, 8, 24, 9], [10, 1, 11, 2], [12, 3, 13, 4], [5, 14, 6, 15], [7, 16, 8, 17], [9, 19, 10, 18], [2, 11, 3, 12], [13, 20, 14, 21]]"
12n_0684_181,"[[13, 20, 14, 21], [15, 6, 16, 7], [17, 23, 18, 22], [19, 24, 20, 1], [21, 5, 22, 4], [23, 8, 24, 9], [10, 1, 11, 2], [12, 3, 13, 4], [5, 14, 6, 15], [7, 16, 8, 17], [9, 19, 10, 18], [2, 11, 3, 12]]"
12n_0684_182,"[[2, 11, 3, 12], [13, 20, 14, 21], [15, 6, 16, 7], [17, 23, 18, 22], [19, 24, 20, 1], [21, 5, 22, 4], [23, 8, 24, 9], [10, 1, 11, 2], [12, 3, 13, 4], [5, 14, 6, 15], [7, 16, 8, 17], [9, 19, 10, 18]]"
12n_0684_183,"[[9, 19, 10, 18], [2, 11, 3, 12], [13, 20, 14, 21], [15, 6, 16, 7], [17, 23, 18, 22], [19, 24, 20, 1], [21, 5, 22, 4], [23, 8, 24, 9], [10, 1, 11, 2], [12, 3, 13, 4], [5, 14, 6, 15], [7, 16, 8, 17]]"
12n_0684_184,"[[7, 16, 8, 17], [9, 19, 10, 18], [2, 11, 3, 12], [13, 20, 14, 21], [15, 6, 16, 7], [17, 23, 18, 22], [19, 24, 20, 1], [21, 5, 22, 4], [23, 8, 24, 9], [10, 1, 11, 2], [12, 3, 13, 4], [5, 14, 6, 15]]"
12n_0684_185,"[[5, 14, 6, 15], [7, 16, 8, 17], [9, 19, 10, 18], [2, 11, 3, 12], [13, 20, 14, 21], [15, 6, 16, 7], [17, 23, 18, 22], [19, 24, 20, 1], [21, 5, 22, 4], [23, 8, 24, 9], [10, 1, 11, 2], [12, 3, 13, 4]]"
