name,pd_notation
12n_0050_0,"[[24, 15, 1, 16], [2, 6, 3, 5], [4, 9, 5, 10], [6, 12, 7, 11], [17, 9, 18, 8], [10, 3, 11, 4], [12, 22, 13, 21], [14, 20, 15, 19], [16, 23, 17, 24], [7, 19, 8, 18], [20, 14, 21, 13], [22, 2, 23, 1]]"
12n_0050_1,"[[22, 2, 23, 1], [24, 15, 1, 16], [2, 6, 3, 5], [4, 9, 5, 10], [6, 12, 7, 11], [17, 9, 18, 8], [10, 3, 11, 4], [12, 22, 13, 21], [14, 20, 15, 19], [16, 23, 17, 24], [7, 19, 8, 18], [20, 14, 21, 13]]"
12n_0050_2,"[[20, 14, 21, 13], [22, 2, 23, 1], [24, 15, 1, 16], [2, 6, 3, 5], [4, 9, 5, 10], [6, 12, 7, 11], [17, 9, 18, 8], [10, 3, 11, 4], [12, 22, 13, 21], [14, 20, 15, 19], [16, 23, 17, 24], [7, 19, 8, 18]]"
12n_0050_3,"[[7, 19, 8, 18], [20, 14, 21, 13], [22, 2, 23, 1], [24, 15, 1, 16], [2, 6, 3, 5], [4, 9, 5, 10], [6, 12, 7, 11], [17, 9, 18, 8], [10, 3, 11, 4], [12, 22, 13, 21], [14, 20, 15, 19], [16, 23, 17, 24]]"
12n_0050_4,"[[16, 23, 17, 24], [7, 19, 8, 18], [20, 14, 21, 13], [22, 2, 23, 1], [24, 15, 1, 16], [2, 6, 3, 5], [4, 9, 5, 10], [6, 12, 7, 11], [17, 9, 18, 8], [10, 3, 11, 4], [12, 22, 13, 21], [14, 20, 15, 19]]"
12n_0050_5,"[[14, 20, 15, 19], [16, 23, 17, 24], [7, 19, 8, 18], [20, 14, 21, 13], [22, 2, 23, 1], [24, 15, 1, 16], [2, 6, 3, 5], [4, 9, 5, 10], [6, 12, 7, 11], [17, 9, 18, 8], [10, 3, 11, 4], [12, 22, 13, 21]]"
12n_0050_6,"[[12, 22, 13, 21], [14, 20, 15, 19], [16, 23, 17, 24], [7, 19, 8, 18], [20, 14, 21, 13], [22, 2, 23, 1], [24, 15, 1, 16], [2, 6, 3, 5], [4, 9, 5, 10], [6, 12, 7, 11], [17, 9, 18, 8], [10, 3, 11, 4]]"
12n_0050_7,"[[10, 3, 11, 4], [12, 22, 13, 21], [14, 20, 15, 19], [16, 23, 17, 24], [7, 19, 8, 18], [20, 14, 21, 13], [22, 2, 23, 1], [24, 15, 1, 16], [2, 6, 3, 5], [4, 9, 5, 10], [6, 12, 7, 11], [17, 9, 18, 8]]"
12n_0050_8,"[[17, 9, 18, 8], [10, 3, 11, 4], [12, 22, 13, 21], [14, 20, 15, 19], [16, 23, 17, 24], [7, 19, 8, 18], [20, 14, 21, 13], [22, 2, 23, 1], [24, 15, 1, 16], [2, 6, 3, 5], [4, 9, 5, 10], [6, 12, 7, 11]]"
12n_0050_9,"[[6, 12, 7, 11], [17, 9, 18, 8], [10, 3, 11, 4], [12, 22, 13, 21], [14, 20, 15, 19], [16, 23, 17, 24], [7, 19, 8, 18], [20, 14, 21, 13], [22, 2, 23, 1], [24, 15, 1, 16], [2, 6, 3, 5], [4, 9, 5, 10]]"
12n_0050_10,"[[4, 9, 5, 10], [6, 12, 7, 11], [17, 9, 18, 8], [10, 3, 11, 4], [12, 22, 13, 21], [14, 20, 15, 19], [16, 23, 17, 24], [7, 19, 8, 18], [20, 14, 21, 13], [22, 2, 23, 1], [24, 15, 1, 16], [2, 6, 3, 5]]"
12n_0050_11,"[[2, 6, 3, 5], [4, 9, 5, 10], [6, 12, 7, 11], [17, 9, 18, 8], [10, 3, 11, 4], [12, 22, 13, 21], [14, 20, 15, 19], [16, 23, 17, 24], [7, 19, 8, 18], [20, 14, 21, 13], [22, 2, 23, 1], [24, 15, 1, 16]]"
12n_0050_12,"[[1, 16, 2, 17], [3, 7, 4, 6], [5, 10, 6, 11], [7, 13, 8, 12], [18, 10, 19, 9], [11, 4, 12, 5], [13, 23, 14, 22], [15, 21, 16, 20], [17, 24, 18, 1], [8, 20, 9, 19], [21, 15, 22, 14], [23, 3, 24, 2]]"
12n_0050_13,"[[23, 3, 24, 2], [1, 16, 2, 17], [3, 7, 4, 6], [5, 10, 6, 11], [7, 13, 8, 12], [18, 10, 19, 9], [11, 4, 12, 5], [13, 23, 14, 22], [15, 21, 16, 20], [17, 24, 18, 1], [8, 20, 9, 19], [21, 15, 22, 14]]"
12n_0050_14,"[[21, 15, 22, 14], [23, 3, 24, 2], [1, 16, 2, 17], [3, 7, 4, 6], [5, 10, 6, 11], [7, 13, 8, 12], [18, 10, 19, 9], [11, 4, 12, 5], [13, 23, 14, 22], [15, 21, 16, 20], [17, 24, 18, 1], [8, 20, 9, 19]]"
12n_0050_15,"[[8, 20, 9, 19], [21, 15, 22, 14], [23, 3, 24, 2], [1, 16, 2, 17], [3, 7, 4, 6], [5, 10, 6, 11], [7, 13, 8, 12], [18, 10, 19, 9], [11, 4, 12, 5], [13, 23, 14, 22], [15, 21, 16, 20], [17, 24, 18, 1]]"
12n_0050_16,"[[17, 24, 18, 1], [8, 20, 9, 19], [21, 15, 22, 14], [23, 3, 24, 2], [1, 16, 2, 17], [3, 7, 4, 6], [5, 10, 6, 11], [7, 13, 8, 12], [18, 10, 19, 9], [11, 4, 12, 5], [13, 23, 14, 22], [15, 21, 16, 20]]"
12n_0050_17,"[[15, 21, 16, 20], [17, 24, 18, 1], [8, 20, 9, 19], [21, 15, 22, 14], [23, 3, 24, 2], [1, 16, 2, 17], [3, 7, 4, 6], [5, 10, 6, 11], [7, 13, 8, 12], [18, 10, 19, 9], [11, 4, 12, 5], [13, 23, 14, 22]]"
12n_0050_18,"[[13, 23, 14, 22], [15, 21, 16, 20], [17, 24, 18, 1], [8, 20, 9, 19], [21, 15, 22, 14], [23, 3, 24, 2], [1, 16, 2, 17], [3, 7, 4, 6], [5, 10, 6, 11], [7, 13, 8, 12], [18, 10, 19, 9], [11, 4, 12, 5]]"
12n_0050_19,"[[11, 4, 12, 5], [13, 23, 14, 22], [15, 21, 16, 20], [17, 24, 18, 1], [8, 20, 9, 19], [21, 15, 22, 14], [23, 3, 24, 2], [1, 16, 2, 17], [3, 7, 4, 6], [5, 10, 6, 11], [7, 13, 8, 12], [18, 10, 19, 9]]"
12n_0050_20,"[[18, 10, 19, 9], [11, 4, 12, 5], [13, 23, 14, 22], [15, 21, 16, 20], [17, 24, 18, 1], [8, 20, 9, 19], [21, 15, 22, 14], [23, 3, 24, 2], [1, 16, 2, 17], [3, 7, 4, 6], [5, 10, 6, 11], [7, 13, 8, 12]]"
12n_0050_21,"[[7, 13, 8, 12], [18, 10, 19, 9], [11, 4, 12, 5], [13, 23, 14, 22], [15, 21, 16, 20], [17, 24, 18, 1], [8, 20, 9, 19], [21, 15, 22, 14], [23, 3, 24, 2], [1, 16, 2, 17], [3, 7, 4, 6], [5, 10, 6, 11]]"
12n_0050_22,"[[5, 10, 6, 11], [7, 13, 8, 12], [18, 10, 19, 9], [11, 4, 12, 5], [13, 23, 14, 22], [15, 21, 16, 20], [17, 24, 18, 1], [8, 20, 9, 19], [21, 15, 22, 14], [23, 3, 24, 2], [1, 16, 2, 17], [3, 7, 4, 6]]"
12n_0050_23,"[[3, 7, 4, 6], [5, 10, 6, 11], [7, 13, 8, 12], [18, 10, 19, 9], [11, 4, 12, 5], [13, 23, 14, 22], [15, 21, 16, 20], [17, 24, 18, 1], [8, 20, 9, 19], [21, 15, 22, 14], [23, 3, 24, 2], [1, 16, 2, 17]]"
12n_0050_24,"[[2, 17, 3, 18], [4, 8, 5, 7], [6, 11, 7, 12], [8, 14, 9, 13], [19, 11, 20, 10], [12, 5, 13, 6], [14, 24, 15, 23], [16, 22, 17, 21], [18, 1, 19, 2], [9, 21, 10, 20], [22, 16, 23, 15], [24, 4, 1, 3]]"
12n_0050_25,"[[24, 4, 1, 3], [2, 17, 3, 18], [4, 8, 5, 7], [6, 11, 7, 12], [8, 14, 9, 13], [19, 11, 20, 10], [12, 5, 13, 6], [14, 24, 15, 23], [16, 22, 17, 21], [18, 1, 19, 2], [9, 21, 10, 20], [22, 16, 23, 15]]"
12n_0050_26,"[[22, 16, 23, 15], [24, 4, 1, 3], [2, 17, 3, 18], [4, 8, 5, 7], [6, 11, 7, 12], [8, 14, 9, 13], [19, 11, 20, 10], [12, 5, 13, 6], [14, 24, 15, 23], [16, 22, 17, 21], [18, 1, 19, 2], [9, 21, 10, 20]]"
12n_0050_27,"[[9, 21, 10, 20], [22, 16, 23, 15], [24, 4, 1, 3], [2, 17, 3, 18], [4, 8, 5, 7], [6, 11, 7, 12], [8, 14, 9, 13], [19, 11, 20, 10], [12, 5, 13, 6], [14, 24, 15, 23], [16, 22, 17, 21], [18, 1, 19, 2]]"
12n_0050_28,"[[18, 1, 19, 2], [9, 21, 10, 20], [22, 16, 23, 15], [24, 4, 1, 3], [2, 17, 3, 18], [4, 8, 5, 7], [6, 11, 7, 12], [8, 14, 9, 13], [19, 11, 20, 10], [12, 5, 13, 6], [14, 24, 15, 23], [16, 22, 17, 21]]"
12n_0050_29,"[[16, 22, 17, 21], [18, 1, 19, 2], [9, 21, 10, 20], [22, 16, 23, 15], [24, 4, 1, 3], [2, 17, 3, 18], [4, 8, 5, 7], [6, 11, 7, 12], [8, 14, 9, 13], [19, 11, 20, 10], [12, 5, 13, 6], [14, 24, 15, 23]]"
12n_0050_30,"[[14, 24, 15, 23], [16, 22, 17, 21], [18, 1, 19, 2], [9, 21, 10, 20], [22, 16, 23, 15], [24, 4, 1, 3], [2, 17, 3, 18], [4, 8, 5, 7], [6, 11, 7, 12], [8, 14, 9, 13], [19, 11, 20, 10], [12, 5, 13, 6]]"
12n_0050_31,"[[12, 5, 13, 6], [14, 24, 15, 23], [16, 22, 17, 21], [18, 1, 19, 2], [9, 21, 10, 20], [22, 16, 23, 15], [24, 4, 1, 3], [2, 17, 3, 18], [4, 8, 5, 7], [6, 11, 7, 12], [8, 14, 9, 13], [19, 11, 20, 10]]"
12n_0050_32,"[[19, 11, 20, 10], [12, 5, 13, 6], [14, 24, 15, 23], [16, 22, 17, 21], [18, 1, 19, 2], [9, 21, 10, 20], [22, 16, 23, 15], [24, 4, 1, 3], [2, 17, 3, 18], [4, 8, 5, 7], [6, 11, 7, 12], [8, 14, 9, 13]]"
12n_0050_33,"[[8, 14, 9, 13], [19, 11, 20, 10], [12, 5, 13, 6], [14, 24, 15, 23], [16, 22, 17, 21], [18, 1, 19, 2], [9, 21, 10, 20], [22, 16, 23, 15], [24, 4, 1, 3], [2, 17, 3, 18], [4, 8, 5, 7], [6, 11, 7, 12]]"
12n_0050_34,"[[6, 11, 7, 12], [8, 14, 9, 13], [19, 11, 20, 10], [12, 5, 13, 6], [14, 24, 15, 23], [16, 22, 17, 21], [18, 1, 19, 2], [9, 21, 10, 20], [22, 16, 23, 15], [24, 4, 1, 3], [2, 17, 3, 18], [4, 8, 5, 7]]"
12n_0050_35,"[[4, 8, 5, 7], [6, 11, 7, 12], [8, 14, 9, 13], [19, 11, 20, 10], [12, 5, 13, 6], [14, 24, 15, 23], [16, 22, 17, 21], [18, 1, 19, 2], [9, 21, 10, 20], [22, 16, 23, 15], [24, 4, 1, 3], [2, 17, 3, 18]]"
12n_0050_36,"[[3, 18, 4, 19], [5, 9, 6, 8], [7, 12, 8, 13], [9, 15, 10, 14], [20, 12, 21, 11], [13, 6, 14, 7], [15, 1, 16, 24], [17, 23, 18, 22], [19, 2, 20, 3], [10, 22, 11, 21], [23, 17, 24, 16], [1, 5, 2, 4]]"
12n_0050_37,"[[1, 5, 2, 4], [3, 18, 4, 19], [5, 9, 6, 8], [7, 12, 8, 13], [9, 15, 10, 14], [20, 12, 21, 11], [13, 6, 14, 7], [15, 1, 16, 24], [17, 23, 18, 22], [19, 2, 20, 3], [10, 22, 11, 21], [23, 17, 24, 16]]"
12n_0050_38,"[[23, 17, 24, 16], [1, 5, 2, 4], [3, 18, 4, 19], [5, 9, 6, 8], [7, 12, 8, 13], [9, 15, 10, 14], [20, 12, 21, 11], [13, 6, 14, 7], [15, 1, 16, 24], [17, 23, 18, 22], [19, 2, 20, 3], [10, 22, 11, 21]]"
12n_0050_39,"[[10, 22, 11, 21], [23, 17, 24, 16], [1, 5, 2, 4], [3, 18, 4, 19], [5, 9, 6, 8], [7, 12, 8, 13], [9, 15, 10, 14], [20, 12, 21, 11], [13, 6, 14, 7], [15, 1, 16, 24], [17, 23, 18, 22], [19, 2, 20, 3]]"
12n_0050_40,"[[19, 2, 20, 3], [10, 22, 11, 21], [23, 17, 24, 16], [1, 5, 2, 4], [3, 18, 4, 19], [5, 9, 6, 8], [7, 12, 8, 13], [9, 15, 10, 14], [20, 12, 21, 11], [13, 6, 14, 7], [15, 1, 16, 24], [17, 23, 18, 22]]"
12n_0050_41,"[[17, 23, 18, 22], [19, 2, 20, 3], [10, 22, 11, 21], [23, 17, 24, 16], [1, 5, 2, 4], [3, 18, 4, 19], [5, 9, 6, 8], [7, 12, 8, 13], [9, 15, 10, 14], [20, 12, 21, 11], [13, 6, 14, 7], [15, 1, 16, 24]]"
12n_0050_42,"[[15, 1, 16, 24], [17, 23, 18, 22], [19, 2, 20, 3], [10, 22, 11, 21], [23, 17, 24, 16], [1, 5, 2, 4], [3, 18, 4, 19], [5, 9, 6, 8], [7, 12, 8, 13], [9, 15, 10, 14], [20, 12, 21, 11], [13, 6, 14, 7]]"
12n_0050_43,"[[13, 6, 14, 7], [15, 1, 16, 24], [17, 23, 18, 22], [19, 2, 20, 3], [10, 22, 11, 21], [23, 17, 24, 16], [1, 5, 2, 4], [3, 18, 4, 19], [5, 9, 6, 8], [7, 12, 8, 13], [9, 15, 10, 14], [20, 12, 21, 11]]"
12n_0050_44,"[[20, 12, 21, 11], [13, 6, 14, 7], [15, 1, 16, 24], [17, 23, 18, 22], [19, 2, 20, 3], [10, 22, 11, 21], [23, 17, 24, 16], [1, 5, 2, 4], [3, 18, 4, 19], [5, 9, 6, 8], [7, 12, 8, 13], [9, 15, 10, 14]]"
12n_0050_45,"[[9, 15, 10, 14], [20, 12, 21, 11], [13, 6, 14, 7], [15, 1, 16, 24], [17, 23, 18, 22], [19, 2, 20, 3], [10, 22, 11, 21], [23, 17, 24, 16], [1, 5, 2, 4], [3, 18, 4, 19], [5, 9, 6, 8], [7, 12, 8, 13]]"
12n_0050_46,"[[7, 12, 8, 13], [9, 15, 10, 14], [20, 12, 21, 11], [13, 6, 14, 7], [15, 1, 16, 24], [17, 23, 18, 22], [19, 2, 20, 3], [10, 22, 11, 21], [23, 17, 24, 16], [1, 5, 2, 4], [3, 18, 4, 19], [5, 9, 6, 8]]"
12n_0050_47,"[[5, 9, 6, 8], [7, 12, 8, 13], [9, 15, 10, 14], [20, 12, 21, 11], [13, 6, 14, 7], [15, 1, 16, 24], [17, 23, 18, 22], [19, 2, 20, 3], [10, 22, 11, 21], [23, 17, 24, 16], [1, 5, 2, 4], [3, 18, 4, 19]]"
12n_0050_48,"[[4, 19, 5, 20], [6, 10, 7, 9], [8, 13, 9, 14], [10, 16, 11, 15], [21, 13, 22, 12], [14, 7, 15, 8], [16, 2, 17, 1], [18, 24, 19, 23], [20, 3, 21, 4], [11, 23, 12, 22], [24, 18, 1, 17], [2, 6, 3, 5]]"
12n_0050_49,"[[2, 6, 3, 5], [4, 19, 5, 20], [6, 10, 7, 9], [8, 13, 9, 14], [10, 16, 11, 15], [21, 13, 22, 12], [14, 7, 15, 8], [16, 2, 17, 1], [18, 24, 19, 23], [20, 3, 21, 4], [11, 23, 12, 22], [24, 18, 1, 17]]"
12n_0050_50,"[[24, 18, 1, 17], [2, 6, 3, 5], [4, 19, 5, 20], [6, 10, 7, 9], [8, 13, 9, 14], [10, 16, 11, 15], [21, 13, 22, 12], [14, 7, 15, 8], [16, 2, 17, 1], [18, 24, 19, 23], [20, 3, 21, 4], [11, 23, 12, 22]]"
12n_0050_51,"[[11, 23, 12, 22], [24, 18, 1, 17], [2, 6, 3, 5], [4, 19, 5, 20], [6, 10, 7, 9], [8, 13, 9, 14], [10, 16, 11, 15], [21, 13, 22, 12], [14, 7, 15, 8], [16, 2, 17, 1], [18, 24, 19, 23], [20, 3, 21, 4]]"
12n_0050_52,"[[20, 3, 21, 4], [11, 23, 12, 22], [24, 18, 1, 17], [2, 6, 3, 5], [4, 19, 5, 20], [6, 10, 7, 9], [8, 13, 9, 14], [10, 16, 11, 15], [21, 13, 22, 12], [14, 7, 15, 8], [16, 2, 17, 1], [18, 24, 19, 23]]"
12n_0050_53,"[[18, 24, 19, 23], [20, 3, 21, 4], [11, 23, 12, 22], [24, 18, 1, 17], [2, 6, 3, 5], [4, 19, 5, 20], [6, 10, 7, 9], [8, 13, 9, 14], [10, 16, 11, 15], [21, 13, 22, 12], [14, 7, 15, 8], [16, 2, 17, 1]]"
12n_0050_54,"[[16, 2, 17, 1], [18, 24, 19, 23], [20, 3, 21, 4], [11, 23, 12, 22], [24, 18, 1, 17], [2, 6, 3, 5], [4, 19, 5, 20], [6, 10, 7, 9], [8, 13, 9, 14], [10, 16, 11, 15], [21, 13, 22, 12], [14, 7, 15, 8]]"
12n_0050_55,"[[14, 7, 15, 8], [16, 2, 17, 1], [18, 24, 19, 23], [20, 3, 21, 4], [11, 23, 12, 22], [24, 18, 1, 17], [2, 6, 3, 5], [4, 19, 5, 20], [6, 10, 7, 9], [8, 13, 9, 14], [10, 16, 11, 15], [21, 13, 22, 12]]"
12n_0050_56,"[[21, 13, 22, 12], [14, 7, 15, 8], [16, 2, 17, 1], [18, 24, 19, 23], [20, 3, 21, 4], [11, 23, 12, 22], [24, 18, 1, 17], [2, 6, 3, 5], [4, 19, 5, 20], [6, 10, 7, 9], [8, 13, 9, 14], [10, 16, 11, 15]]"
12n_0050_57,"[[10, 16, 11, 15], [21, 13, 22, 12], [14, 7, 15, 8], [16, 2, 17, 1], [18, 24, 19, 23], [20, 3, 21, 4], [11, 23, 12, 22], [24, 18, 1, 17], [2, 6, 3, 5], [4, 19, 5, 20], [6, 10, 7, 9], [8, 13, 9, 14]]"
12n_0050_58,"[[8, 13, 9, 14], [10, 16, 11, 15], [21, 13, 22, 12], [14, 7, 15, 8], [16, 2, 17, 1], [18, 24, 19, 23], [20, 3, 21, 4], [11, 23, 12, 22], [24, 18, 1, 17], [2, 6, 3, 5], [4, 19, 5, 20], [6, 10, 7, 9]]"
12n_0050_59,"[[6, 10, 7, 9], [8, 13, 9, 14], [10, 16, 11, 15], [21, 13, 22, 12], [14, 7, 15, 8], [16, 2, 17, 1], [18, 24, 19, 23], [20, 3, 21, 4], [11, 23, 12, 22], [24, 18, 1, 17], [2, 6, 3, 5], [4, 19, 5, 20]]"
12n_0050_60,"[[5, 20, 6, 21], [7, 11, 8, 10], [9, 14, 10, 15], [11, 17, 12, 16], [22, 14, 23, 13], [15, 8, 16, 9], [17, 3, 18, 2], [19, 1, 20, 24], [21, 4, 22, 5], [12, 24, 13, 23], [1, 19, 2, 18], [3, 7, 4, 6]]"
12n_0050_61,"[[3, 7, 4, 6], [5, 20, 6, 21], [7, 11, 8, 10], [9, 14, 10, 15], [11, 17, 12, 16], [22, 14, 23, 13], [15, 8, 16, 9], [17, 3, 18, 2], [19, 1, 20, 24], [21, 4, 22, 5], [12, 24, 13, 23], [1, 19, 2, 18]]"
12n_0050_62,"[[1, 19, 2, 18], [3, 7, 4, 6], [5, 20, 6, 21], [7, 11, 8, 10], [9, 14, 10, 15], [11, 17, 12, 16], [22, 14, 23, 13], [15, 8, 16, 9], [17, 3, 18, 2], [19, 1, 20, 24], [21, 4, 22, 5], [12, 24, 13, 23]]"
12n_0050_63,"[[12, 24, 13, 23], [1, 19, 2, 18], [3, 7, 4, 6], [5, 20, 6, 21], [7, 11, 8, 10], [9, 14, 10, 15], [11, 17, 12, 16], [22, 14, 23, 13], [15, 8, 16, 9], [17, 3, 18, 2], [19, 1, 20, 24], [21, 4, 22, 5]]"
12n_0050_64,"[[21, 4, 22, 5], [12, 24, 13, 23], [1, 19, 2, 18], [3, 7, 4, 6], [5, 20, 6, 21], [7, 11, 8, 10], [9, 14, 10, 15], [11, 17, 12, 16], [22, 14, 23, 13], [15, 8, 16, 9], [17, 3, 18, 2], [19, 1, 20, 24]]"
12n_0050_65,"[[19, 1, 20, 24], [21, 4, 22, 5], [12, 24, 13, 23], [1, 19, 2, 18], [3, 7, 4, 6], [5, 20, 6, 21], [7, 11, 8, 10], [9, 14, 10, 15], [11, 17, 12, 16], [22, 14, 23, 13], [15, 8, 16, 9], [17, 3, 18, 2]]"
12n_0050_66,"[[17, 3, 18, 2], [19, 1, 20, 24], [21, 4, 22, 5], [12, 24, 13, 23], [1, 19, 2, 18], [3, 7, 4, 6], [5, 20, 6, 21], [7, 11, 8, 10], [9, 14, 10, 15], [11, 17, 12, 16], [22, 14, 23, 13], [15, 8, 16, 9]]"
12n_0050_67,"[[15, 8, 16, 9], [17, 3, 18, 2], [19, 1, 20, 24], [21, 4, 22, 5], [12, 24, 13, 23], [1, 19, 2, 18], [3, 7, 4, 6], [5, 20, 6, 21], [7, 11, 8, 10], [9, 14, 10, 15], [11, 17, 12, 16], [22, 14, 23, 13]]"
12n_0050_68,"[[22, 14, 23, 13], [15, 8, 16, 9], [17, 3, 18, 2], [19, 1, 20, 24], [21, 4, 22, 5], [12, 24, 13, 23], [1, 19, 2, 18], [3, 7, 4, 6], [5, 20, 6, 21], [7, 11, 8, 10], [9, 14, 10, 15], [11, 17, 12, 16]]"
12n_0050_69,"[[11, 17, 12, 16], [22, 14, 23, 13], [15, 8, 16, 9], [17, 3, 18, 2], [19, 1, 20, 24], [21, 4, 22, 5], [12, 24, 13, 23], [1, 19, 2, 18], [3, 7, 4, 6], [5, 20, 6, 21], [7, 11, 8, 10], [9, 14, 10, 15]]"
12n_0050_70,"[[9, 14, 10, 15], [11, 17, 12, 16], [22, 14, 23, 13], [15, 8, 16, 9], [17, 3, 18, 2], [19, 1, 20, 24], [21, 4, 22, 5], [12, 24, 13, 23], [1, 19, 2, 18], [3, 7, 4, 6], [5, 20, 6, 21], [7, 11, 8, 10]]"
12n_0050_71,"[[7, 11, 8, 10], [9, 14, 10, 15], [11, 17, 12, 16], [22, 14, 23, 13], [15, 8, 16, 9], [17, 3, 18, 2], [19, 1, 20, 24], [21, 4, 22, 5], [12, 24, 13, 23], [1, 19, 2, 18], [3, 7, 4, 6], [5, 20, 6, 21]]"
12n_0050_72,"[[6, 21, 7, 22], [8, 12, 9, 11], [10, 15, 11, 16], [12, 18, 13, 17], [23, 15, 24, 14], [16, 9, 17, 10], [18, 4, 19, 3], [20, 2, 21, 1], [22, 5, 23, 6], [13, 1, 14, 24], [2, 20, 3, 19], [4, 8, 5, 7]]"
12n_0050_73,"[[4, 8, 5, 7], [6, 21, 7, 22], [8, 12, 9, 11], [10, 15, 11, 16], [12, 18, 13, 17], [23, 15, 24, 14], [16, 9, 17, 10], [18, 4, 19, 3], [20, 2, 21, 1], [22, 5, 23, 6], [13, 1, 14, 24], [2, 20, 3, 19]]"
12n_0050_74,"[[2, 20, 3, 19], [4, 8, 5, 7], [6, 21, 7, 22], [8, 12, 9, 11], [10, 15, 11, 16], [12, 18, 13, 17], [23, 15, 24, 14], [16, 9, 17, 10], [18, 4, 19, 3], [20, 2, 21, 1], [22, 5, 23, 6], [13, 1, 14, 24]]"
12n_0050_75,"[[13, 1, 14, 24], [2, 20, 3, 19], [4, 8, 5, 7], [6, 21, 7, 22], [8, 12, 9, 11], [10, 15, 11, 16], [12, 18, 13, 17], [23, 15, 24, 14], [16, 9, 17, 10], [18, 4, 19, 3], [20, 2, 21, 1], [22, 5, 23, 6]]"
12n_0050_76,"[[22, 5, 23, 6], [13, 1, 14, 24], [2, 20, 3, 19], [4, 8, 5, 7], [6, 21, 7, 22], [8, 12, 9, 11], [10, 15, 11, 16], [12, 18, 13, 17], [23, 15, 24, 14], [16, 9, 17, 10], [18, 4, 19, 3], [20, 2, 21, 1]]"
12n_0050_77,"[[20, 2, 21, 1], [22, 5, 23, 6], [13, 1, 14, 24], [2, 20, 3, 19], [4, 8, 5, 7], [6, 21, 7, 22], [8, 12, 9, 11], [10, 15, 11, 16], [12, 18, 13, 17], [23, 15, 24, 14], [16, 9, 17, 10], [18, 4, 19, 3]]"
12n_0050_78,"[[18, 4, 19, 3], [20, 2, 21, 1], [22, 5, 23, 6], [13, 1, 14, 24], [2, 20, 3, 19], [4, 8, 5, 7], [6, 21, 7, 22], [8, 12, 9, 11], [10, 15, 11, 16], [12, 18, 13, 17], [23, 15, 24, 14], [16, 9, 17, 10]]"
12n_0050_79,"[[16, 9, 17, 10], [18, 4, 19, 3], [20, 2, 21, 1], [22, 5, 23, 6], [13, 1, 14, 24], [2, 20, 3, 19], [4, 8, 5, 7], [6, 21, 7, 22], [8, 12, 9, 11], [10, 15, 11, 16], [12, 18, 13, 17], [23, 15, 24, 14]]"
12n_0050_80,"[[23, 15, 24, 14], [16, 9, 17, 10], [18, 4, 19, 3], [20, 2, 21, 1], [22, 5, 23, 6], [13, 1, 14, 24], [2, 20, 3, 19], [4, 8, 5, 7], [6, 21, 7, 22], [8, 12, 9, 11], [10, 15, 11, 16], [12, 18, 13, 17]]"
12n_0050_81,"[[12, 18, 13, 17], [23, 15, 24, 14], [16, 9, 17, 10], [18, 4, 19, 3], [20, 2, 21, 1], [22, 5, 23, 6], [13, 1, 14, 24], [2, 20, 3, 19], [4, 8, 5, 7], [6, 21, 7, 22], [8, 12, 9, 11], [10, 15, 11, 16]]"
12n_0050_82,"[[10, 15, 11, 16], [12, 18, 13, 17], [23, 15, 24, 14], [16, 9, 17, 10], [18, 4, 19, 3], [20, 2, 21, 1], [22, 5, 23, 6], [13, 1, 14, 24], [2, 20, 3, 19], [4, 8, 5, 7], [6, 21, 7, 22], [8, 12, 9, 11]]"
12n_0050_83,"[[8, 12, 9, 11], [10, 15, 11, 16], [12, 18, 13, 17], [23, 15, 24, 14], [16, 9, 17, 10], [18, 4, 19, 3], [20, 2, 21, 1], [22, 5, 23, 6], [13, 1, 14, 24], [2, 20, 3, 19], [4, 8, 5, 7], [6, 21, 7, 22]]"
12n_0050_84,"[[7, 22, 8, 23], [9, 13, 10, 12], [11, 16, 12, 17], [13, 19, 14, 18], [24, 16, 1, 15], [17, 10, 18, 11], [19, 5, 20, 4], [21, 3, 22, 2], [23, 6, 24, 7], [14, 2, 15, 1], [3, 21, 4, 20], [5, 9, 6, 8]]"
12n_0050_85,"[[5, 9, 6, 8], [7, 22, 8, 23], [9, 13, 10, 12], [11, 16, 12, 17], [13, 19, 14, 18], [24, 16, 1, 15], [17, 10, 18, 11], [19, 5, 20, 4], [21, 3, 22, 2], [23, 6, 24, 7], [14, 2, 15, 1], [3, 21, 4, 20]]"
12n_0050_86,"[[3, 21, 4, 20], [5, 9, 6, 8], [7, 22, 8, 23], [9, 13, 10, 12], [11, 16, 12, 17], [13, 19, 14, 18], [24, 16, 1, 15], [17, 10, 18, 11], [19, 5, 20, 4], [21, 3, 22, 2], [23, 6, 24, 7], [14, 2, 15, 1]]"
12n_0050_87,"[[14, 2, 15, 1], [3, 21, 4, 20], [5, 9, 6, 8], [7, 22, 8, 23], [9, 13, 10, 12], [11, 16, 12, 17], [13, 19, 14, 18], [24, 16, 1, 15], [17, 10, 18, 11], [19, 5, 20, 4], [21, 3, 22, 2], [23, 6, 24, 7]]"
12n_0050_88,"[[23, 6, 24, 7], [14, 2, 15, 1], [3, 21, 4, 20], [5, 9, 6, 8], [7, 22, 8, 23], [9, 13, 10, 12], [11, 16, 12, 17], [13, 19, 14, 18], [24, 16, 1, 15], [17, 10, 18, 11], [19, 5, 20, 4], [21, 3, 22, 2]]"
12n_0050_89,"[[21, 3, 22, 2], [23, 6, 24, 7], [14, 2, 15, 1], [3, 21, 4, 20], [5, 9, 6, 8], [7, 22, 8, 23], [9, 13, 10, 12], [11, 16, 12, 17], [13, 19, 14, 18], [24, 16, 1, 15], [17, 10, 18, 11], [19, 5, 20, 4]]"
12n_0050_90,"[[19, 5, 20, 4], [21, 3, 22, 2], [23, 6, 24, 7], [14, 2, 15, 1], [3, 21, 4, 20], [5, 9, 6, 8], [7, 22, 8, 23], [9, 13, 10, 12], [11, 16, 12, 17], [13, 19, 14, 18], [24, 16, 1, 15], [17, 10, 18, 11]]"
12n_0050_91,"[[17, 10, 18, 11], [19, 5, 20, 4], [21, 3, 22, 2], [23, 6, 24, 7], [14, 2, 15, 1], [3, 21, 4, 20], [5, 9, 6, 8], [7, 22, 8, 23], [9, 13, 10, 12], [11, 16, 12, 17], [13, 19, 14, 18], [24, 16, 1, 15]]"
12n_0050_92,"[[24, 16, 1, 15], [17, 10, 18, 11], [19, 5, 20, 4], [21, 3, 22, 2], [23, 6, 24, 7], [14, 2, 15, 1], [3, 21, 4, 20], [5, 9, 6, 8], [7, 22, 8, 23], [9, 13, 10, 12], [11, 16, 12, 17], [13, 19, 14, 18]]"
12n_0050_93,"[[13, 19, 14, 18], [24, 16, 1, 15], [17, 10, 18, 11], [19, 5, 20, 4], [21, 3, 22, 2], [23, 6, 24, 7], [14, 2, 15, 1], [3, 21, 4, 20], [5, 9, 6, 8], [7, 22, 8, 23], [9, 13, 10, 12], [11, 16, 12, 17]]"
12n_0050_94,"[[11, 16, 12, 17], [13, 19, 14, 18], [24, 16, 1, 15], [17, 10, 18, 11], [19, 5, 20, 4], [21, 3, 22, 2], [23, 6, 24, 7], [14, 2, 15, 1], [3, 21, 4, 20], [5, 9, 6, 8], [7, 22, 8, 23], [9, 13, 10, 12]]"
12n_0050_95,"[[9, 13, 10, 12], [11, 16, 12, 17], [13, 19, 14, 18], [24, 16, 1, 15], [17, 10, 18, 11], [19, 5, 20, 4], [21, 3, 22, 2], [23, 6, 24, 7], [14, 2, 15, 1], [3, 21, 4, 20], [5, 9, 6, 8], [7, 22, 8, 23]]"
12n_0050_96,"[[8, 23, 9, 24], [10, 14, 11, 13], [12, 17, 13, 18], [14, 20, 15, 19], [1, 17, 2, 16], [18, 11, 19, 12], [20, 6, 21, 5], [22, 4, 23, 3], [24, 7, 1, 8], [15, 3, 16, 2], [4, 22, 5, 21], [6, 10, 7, 9]]"
12n_0050_97,"[[6, 10, 7, 9], [8, 23, 9, 24], [10, 14, 11, 13], [12, 17, 13, 18], [14, 20, 15, 19], [1, 17, 2, 16], [18, 11, 19, 12], [20, 6, 21, 5], [22, 4, 23, 3], [24, 7, 1, 8], [15, 3, 16, 2], [4, 22, 5, 21]]"
12n_0050_98,"[[4, 22, 5, 21], [6, 10, 7, 9], [8, 23, 9, 24], [10, 14, 11, 13], [12, 17, 13, 18], [14, 20, 15, 19], [1, 17, 2, 16], [18, 11, 19, 12], [20, 6, 21, 5], [22, 4, 23, 3], [24, 7, 1, 8], [15, 3, 16, 2]]"
12n_0050_99,"[[15, 3, 16, 2], [4, 22, 5, 21], [6, 10, 7, 9], [8, 23, 9, 24], [10, 14, 11, 13], [12, 17, 13, 18], [14, 20, 15, 19], [1, 17, 2, 16], [18, 11, 19, 12], [20, 6, 21, 5], [22, 4, 23, 3], [24, 7, 1, 8]]"
12n_0050_100,"[[24, 7, 1, 8], [15, 3, 16, 2], [4, 22, 5, 21], [6, 10, 7, 9], [8, 23, 9, 24], [10, 14, 11, 13], [12, 17, 13, 18], [14, 20, 15, 19], [1, 17, 2, 16], [18, 11, 19, 12], [20, 6, 21, 5], [22, 4, 23, 3]]"
12n_0050_101,"[[22, 4, 23, 3], [24, 7, 1, 8], [15, 3, 16, 2], [4, 22, 5, 21], [6, 10, 7, 9], [8, 23, 9, 24], [10, 14, 11, 13], [12, 17, 13, 18], [14, 20, 15, 19], [1, 17, 2, 16], [18, 11, 19, 12], [20, 6, 21, 5]]"
12n_0050_102,"[[20, 6, 21, 5], [22, 4, 23, 3], [24, 7, 1, 8], [15, 3, 16, 2], [4, 22, 5, 21], [6, 10, 7, 9], [8, 23, 9, 24], [10, 14, 11, 13], [12, 17, 13, 18], [14, 20, 15, 19], [1, 17, 2, 16], [18, 11, 19, 12]]"
12n_0050_103,"[[18, 11, 19, 12], [20, 6, 21, 5], [22, 4, 23, 3], [24, 7, 1, 8], [15, 3, 16, 2], [4, 22, 5, 21], [6, 10, 7, 9], [8, 23, 9, 24], [10, 14, 11, 13], [12, 17, 13, 18], [14, 20, 15, 19], [1, 17, 2, 16]]"
12n_0050_104,"[[1, 17, 2, 16], [18, 11, 19, 12], [20, 6, 21, 5], [22, 4, 23, 3], [24, 7, 1, 8], [15, 3, 16, 2], [4, 22, 5, 21], [6, 10, 7, 9], [8, 23, 9, 24], [10, 14, 11, 13], [12, 17, 13, 18], [14, 20, 15, 19]]"
12n_0050_105,"[[14, 20, 15, 19], [1, 17, 2, 16], [18, 11, 19, 12], [20, 6, 21, 5], [22, 4, 23, 3], [24, 7, 1, 8], [15, 3, 16, 2], [4, 22, 5, 21], [6, 10, 7, 9], [8, 23, 9, 24], [10, 14, 11, 13], [12, 17, 13, 18]]"
12n_0050_106,"[[12, 17, 13, 18], [14, 20, 15, 19], [1, 17, 2, 16], [18, 11, 19, 12], [20, 6, 21, 5], [22, 4, 23, 3], [24, 7, 1, 8], [15, 3, 16, 2], [4, 22, 5, 21], [6, 10, 7, 9], [8, 23, 9, 24], [10, 14, 11, 13]]"
12n_0050_107,"[[10, 14, 11, 13], [12, 17, 13, 18], [14, 20, 15, 19], [1, 17, 2, 16], [18, 11, 19, 12], [20, 6, 21, 5], [22, 4, 23, 3], [24, 7, 1, 8], [15, 3, 16, 2], [4, 22, 5, 21], [6, 10, 7, 9], [8, 23, 9, 24]]"
12n_0050_108,"[[9, 24, 10, 1], [11, 15, 12, 14], [13, 18, 14, 19], [15, 21, 16, 20], [2, 18, 3, 17], [19, 12, 20, 13], [21, 7, 22, 6], [23, 5, 24, 4], [1, 8, 2, 9], [16, 4, 17, 3], [5, 23, 6, 22], [7, 11, 8, 10]]"
12n_0050_109,"[[7, 11, 8, 10], [9, 24, 10, 1], [11, 15, 12, 14], [13, 18, 14, 19], [15, 21, 16, 20], [2, 18, 3, 17], [19, 12, 20, 13], [21, 7, 22, 6], [23, 5, 24, 4], [1, 8, 2, 9], [16, 4, 17, 3], [5, 23, 6, 22]]"
12n_0050_110,"[[5, 23, 6, 22], [7, 11, 8, 10], [9, 24, 10, 1], [11, 15, 12, 14], [13, 18, 14, 19], [15, 21, 16, 20], [2, 18, 3, 17], [19, 12, 20, 13], [21, 7, 22, 6], [23, 5, 24, 4], [1, 8, 2, 9], [16, 4, 17, 3]]"
12n_0050_111,"[[16, 4, 17, 3], [5, 23, 6, 22], [7, 11, 8, 10], [9, 24, 10, 1], [11, 15, 12, 14], [13, 18, 14, 19], [15, 21, 16, 20], [2, 18, 3, 17], [19, 12, 20, 13], [21, 7, 22, 6], [23, 5, 24, 4], [1, 8, 2, 9]]"
12n_0050_112,"[[1, 8, 2, 9], [16, 4, 17, 3], [5, 23, 6, 22], [7, 11, 8, 10], [9, 24, 10, 1], [11, 15, 12, 14], [13, 18, 14, 19], [15, 21, 16, 20], [2, 18, 3, 17], [19, 12, 20, 13], [21, 7, 22, 6], [23, 5, 24, 4]]"
12n_0050_113,"[[23, 5, 24, 4], [1, 8, 2, 9], [16, 4, 17, 3], [5, 23, 6, 22], [7, 11, 8, 10], [9, 24, 10, 1], [11, 15, 12, 14], [13, 18, 14, 19], [15, 21, 16, 20], [2, 18, 3, 17], [19, 12, 20, 13], [21, 7, 22, 6]]"
12n_0050_114,"[[21, 7, 22, 6], [23, 5, 24, 4], [1, 8, 2, 9], [16, 4, 17, 3], [5, 23, 6, 22], [7, 11, 8, 10], [9, 24, 10, 1], [11, 15, 12, 14], [13, 18, 14, 19], [15, 21, 16, 20], [2, 18, 3, 17], [19, 12, 20, 13]]"
12n_0050_115,"[[19, 12, 20, 13], [21, 7, 22, 6], [23, 5, 24, 4], [1, 8, 2, 9], [16, 4, 17, 3], [5, 23, 6, 22], [7, 11, 8, 10], [9, 24, 10, 1], [11, 15, 12, 14], [13, 18, 14, 19], [15, 21, 16, 20], [2, 18, 3, 17]]"
12n_0050_116,"[[2, 18, 3, 17], [19, 12, 20, 13], [21, 7, 22, 6], [23, 5, 24, 4], [1, 8, 2, 9], [16, 4, 17, 3], [5, 23, 6, 22], [7, 11, 8, 10], [9, 24, 10, 1], [11, 15, 12, 14], [13, 18, 14, 19], [15, 21, 16, 20]]"
12n_0050_117,"[[15, 21, 16, 20], [2, 18, 3, 17], [19, 12, 20, 13], [21, 7, 22, 6], [23, 5, 24, 4], [1, 8, 2, 9], [16, 4, 17, 3], [5, 23, 6, 22], [7, 11, 8, 10], [9, 24, 10, 1], [11, 15, 12, 14], [13, 18, 14, 19]]"
12n_0050_118,"[[13, 18, 14, 19], [15, 21, 16, 20], [2, 18, 3, 17], [19, 12, 20, 13], [21, 7, 22, 6], [23, 5, 24, 4], [1, 8, 2, 9], [16, 4, 17, 3], [5, 23, 6, 22], [7, 11, 8, 10], [9, 24, 10, 1], [11, 15, 12, 14]]"
12n_0050_119,"[[11, 15, 12, 14], [13, 18, 14, 19], [15, 21, 16, 20], [2, 18, 3, 17], [19, 12, 20, 13], [21, 7, 22, 6], [23, 5, 24, 4], [1, 8, 2, 9], [16, 4, 17, 3], [5, 23, 6, 22], [7, 11, 8, 10], [9, 24, 10, 1]]"
12n_0050_120,"[[10, 1, 11, 2], [12, 16, 13, 15], [14, 19, 15, 20], [16, 22, 17, 21], [3, 19, 4, 18], [20, 13, 21, 14], [22, 8, 23, 7], [24, 6, 1, 5], [2, 9, 3, 10], [17, 5, 18, 4], [6, 24, 7, 23], [8, 12, 9, 11]]"
12n_0050_121,"[[8, 12, 9, 11], [10, 1, 11, 2], [12, 16, 13, 15], [14, 19, 15, 20], [16, 22, 17, 21], [3, 19, 4, 18], [20, 13, 21, 14], [22, 8, 23, 7], [24, 6, 1, 5], [2, 9, 3, 10], [17, 5, 18, 4], [6, 24, 7, 23]]"
12n_0050_122,"[[6, 24, 7, 23], [8, 12, 9, 11], [10, 1, 11, 2], [12, 16, 13, 15], [14, 19, 15, 20], [16, 22, 17, 21], [3, 19, 4, 18], [20, 13, 21, 14], [22, 8, 23, 7], [24, 6, 1, 5], [2, 9, 3, 10], [17, 5, 18, 4]]"
12n_0050_123,"[[17, 5, 18, 4], [6, 24, 7, 23], [8, 12, 9, 11], [10, 1, 11, 2], [12, 16, 13, 15], [14, 19, 15, 20], [16, 22, 17, 21], [3, 19, 4, 18], [20, 13, 21, 14], [22, 8, 23, 7], [24, 6, 1, 5], [2, 9, 3, 10]]"
12n_0050_124,"[[2, 9, 3, 10], [17, 5, 18, 4], [6, 24, 7, 23], [8, 12, 9, 11], [10, 1, 11, 2], [12, 16, 13, 15], [14, 19, 15, 20], [16, 22, 17, 21], [3, 19, 4, 18], [20, 13, 21, 14], [22, 8, 23, 7], [24, 6, 1, 5]]"
12n_0050_125,"[[24, 6, 1, 5], [2, 9, 3, 10], [17, 5, 18, 4], [6, 24, 7, 23], [8, 12, 9, 11], [10, 1, 11, 2], [12, 16, 13, 15], [14, 19, 15, 20], [16, 22, 17, 21], [3, 19, 4, 18], [20, 13, 21, 14], [22, 8, 23, 7]]"
12n_0050_126,"[[22, 8, 23, 7], [24, 6, 1, 5], [2, 9, 3, 10], [17, 5, 18, 4], [6, 24, 7, 23], [8, 12, 9, 11], [10, 1, 11, 2], [12, 16, 13, 15], [14, 19, 15, 20], [16, 22, 17, 21], [3, 19, 4, 18], [20, 13, 21, 14]]"
12n_0050_127,"[[20, 13, 21, 14], [22, 8, 23, 7], [24, 6, 1, 5], [2, 9, 3, 10], [17, 5, 18, 4], [6, 24, 7, 23], [8, 12, 9, 11], [10, 1, 11, 2], [12, 16, 13, 15], [14, 19, 15, 20], [16, 22, 17, 21], [3, 19, 4, 18]]"
12n_0050_128,"[[3, 19, 4, 18], [20, 13, 21, 14], [22, 8, 23, 7], [24, 6, 1, 5], [2, 9, 3, 10], [17, 5, 18, 4], [6, 24, 7, 23], [8, 12, 9, 11], [10, 1, 11, 2], [12, 16, 13, 15], [14, 19, 15, 20], [16, 22, 17, 21]]"
12n_0050_129,"[[16, 22, 17, 21], [3, 19, 4, 18], [20, 13, 21, 14], [22, 8, 23, 7], [24, 6, 1, 5], [2, 9, 3, 10], [17, 5, 18, 4], [6, 24, 7, 23], [8, 12, 9, 11], [10, 1, 11, 2], [12, 16, 13, 15], [14, 19, 15, 20]]"
12n_0050_130,"[[14, 19, 15, 20], [16, 22, 17, 21], [3, 19, 4, 18], [20, 13, 21, 14], [22, 8, 23, 7], [24, 6, 1, 5], [2, 9, 3, 10], [17, 5, 18, 4], [6, 24, 7, 23], [8, 12, 9, 11], [10, 1, 11, 2], [12, 16, 13, 15]]"
12n_0050_131,"[[12, 16, 13, 15], [14, 19, 15, 20], [16, 22, 17, 21], [3, 19, 4, 18], [20, 13, 21, 14], [22, 8, 23, 7], [24, 6, 1, 5], [2, 9, 3, 10], [17, 5, 18, 4], [6, 24, 7, 23], [8, 12, 9, 11], [10, 1, 11, 2]]"
12n_0050_132,"[[11, 2, 12, 3], [13, 17, 14, 16], [15, 20, 16, 21], [17, 23, 18, 22], [4, 20, 5, 19], [21, 14, 22, 15], [23, 9, 24, 8], [1, 7, 2, 6], [3, 10, 4, 11], [18, 6, 19, 5], [7, 1, 8, 24], [9, 13, 10, 12]]"
12n_0050_133,"[[9, 13, 10, 12], [11, 2, 12, 3], [13, 17, 14, 16], [15, 20, 16, 21], [17, 23, 18, 22], [4, 20, 5, 19], [21, 14, 22, 15], [23, 9, 24, 8], [1, 7, 2, 6], [3, 10, 4, 11], [18, 6, 19, 5], [7, 1, 8, 24]]"
12n_0050_134,"[[7, 1, 8, 24], [9, 13, 10, 12], [11, 2, 12, 3], [13, 17, 14, 16], [15, 20, 16, 21], [17, 23, 18, 22], [4, 20, 5, 19], [21, 14, 22, 15], [23, 9, 24, 8], [1, 7, 2, 6], [3, 10, 4, 11], [18, 6, 19, 5]]"
12n_0050_135,"[[18, 6, 19, 5], [7, 1, 8, 24], [9, 13, 10, 12], [11, 2, 12, 3], [13, 17, 14, 16], [15, 20, 16, 21], [17, 23, 18, 22], [4, 20, 5, 19], [21, 14, 22, 15], [23, 9, 24, 8], [1, 7, 2, 6], [3, 10, 4, 11]]"
12n_0050_136,"[[3, 10, 4, 11], [18, 6, 19, 5], [7, 1, 8, 24], [9, 13, 10, 12], [11, 2, 12, 3], [13, 17, 14, 16], [15, 20, 16, 21], [17, 23, 18, 22], [4, 20, 5, 19], [21, 14, 22, 15], [23, 9, 24, 8], [1, 7, 2, 6]]"
12n_0050_137,"[[1, 7, 2, 6], [3, 10, 4, 11], [18, 6, 19, 5], [7, 1, 8, 24], [9, 13, 10, 12], [11, 2, 12, 3], [13, 17, 14, 16], [15, 20, 16, 21], [17, 23, 18, 22], [4, 20, 5, 19], [21, 14, 22, 15], [23, 9, 24, 8]]"
12n_0050_138,"[[23, 9, 24, 8], [1, 7, 2, 6], [3, 10, 4, 11], [18, 6, 19, 5], [7, 1, 8, 24], [9, 13, 10, 12], [11, 2, 12, 3], [13, 17, 14, 16], [15, 20, 16, 21], [17, 23, 18, 22], [4, 20, 5, 19], [21, 14, 22, 15]]"
12n_0050_139,"[[21, 14, 22, 15], [23, 9, 24, 8], [1, 7, 2, 6], [3, 10, 4, 11], [18, 6, 19, 5], [7, 1, 8, 24], [9, 13, 10, 12], [11, 2, 12, 3], [13, 17, 14, 16], [15, 20, 16, 21], [17, 23, 18, 22], [4, 20, 5, 19]]"
12n_0050_140,"[[4, 20, 5, 19], [21, 14, 22, 15], [23, 9, 24, 8], [1, 7, 2, 6], [3, 10, 4, 11], [18, 6, 19, 5], [7, 1, 8, 24], [9, 13, 10, 12], [11, 2, 12, 3], [13, 17, 14, 16], [15, 20, 16, 21], [17, 23, 18, 22]]"
12n_0050_141,"[[17, 23, 18, 22], [4, 20, 5, 19], [21, 14, 22, 15], [23, 9, 24, 8], [1, 7, 2, 6], [3, 10, 4, 11], [18, 6, 19, 5], [7, 1, 8, 24], [9, 13, 10, 12], [11, 2, 12, 3], [13, 17, 14, 16], [15, 20, 16, 21]]"
12n_0050_142,"[[15, 20, 16, 21], [17, 23, 18, 22], [4, 20, 5, 19], [21, 14, 22, 15], [23, 9, 24, 8], [1, 7, 2, 6], [3, 10, 4, 11], [18, 6, 19, 5], [7, 1, 8, 24], [9, 13, 10, 12], [11, 2, 12, 3], [13, 17, 14, 16]]"
12n_0050_143,"[[13, 17, 14, 16], [15, 20, 16, 21], [17, 23, 18, 22], [4, 20, 5, 19], [21, 14, 22, 15], [23, 9, 24, 8], [1, 7, 2, 6], [3, 10, 4, 11], [18, 6, 19, 5], [7, 1, 8, 24], [9, 13, 10, 12], [11, 2, 12, 3]]"
12n_0050_144,"[[12, 3, 13, 4], [14, 18, 15, 17], [16, 21, 17, 22], [18, 24, 19, 23], [5, 21, 6, 20], [22, 15, 23, 16], [24, 10, 1, 9], [2, 8, 3, 7], [4, 11, 5, 12], [19, 7, 20, 6], [8, 2, 9, 1], [10, 14, 11, 13]]"
12n_0050_145,"[[10, 14, 11, 13], [12, 3, 13, 4], [14, 18, 15, 17], [16, 21, 17, 22], [18, 24, 19, 23], [5, 21, 6, 20], [22, 15, 23, 16], [24, 10, 1, 9], [2, 8, 3, 7], [4, 11, 5, 12], [19, 7, 20, 6], [8, 2, 9, 1]]"
12n_0050_146,"[[8, 2, 9, 1], [10, 14, 11, 13], [12, 3, 13, 4], [14, 18, 15, 17], [16, 21, 17, 22], [18, 24, 19, 23], [5, 21, 6, 20], [22, 15, 23, 16], [24, 10, 1, 9], [2, 8, 3, 7], [4, 11, 5, 12], [19, 7, 20, 6]]"
12n_0050_147,"[[19, 7, 20, 6], [8, 2, 9, 1], [10, 14, 11, 13], [12, 3, 13, 4], [14, 18, 15, 17], [16, 21, 17, 22], [18, 24, 19, 23], [5, 21, 6, 20], [22, 15, 23, 16], [24, 10, 1, 9], [2, 8, 3, 7], [4, 11, 5, 12]]"
12n_0050_148,"[[4, 11, 5, 12], [19, 7, 20, 6], [8, 2, 9, 1], [10, 14, 11, 13], [12, 3, 13, 4], [14, 18, 15, 17], [16, 21, 17, 22], [18, 24, 19, 23], [5, 21, 6, 20], [22, 15, 23, 16], [24, 10, 1, 9], [2, 8, 3, 7]]"
12n_0050_149,"[[2, 8, 3, 7], [4, 11, 5, 12], [19, 7, 20, 6], [8, 2, 9, 1], [10, 14, 11, 13], [12, 3, 13, 4], [14, 18, 15, 17], [16, 21, 17, 22], [18, 24, 19, 23], [5, 21, 6, 20], [22, 15, 23, 16], [24, 10, 1, 9]]"
12n_0050_150,"[[24, 10, 1, 9], [2, 8, 3, 7], [4, 11, 5, 12], [19, 7, 20, 6], [8, 2, 9, 1], [10, 14, 11, 13], [12, 3, 13, 4], [14, 18, 15, 17], [16, 21, 17, 22], [18, 24, 19, 23], [5, 21, 6, 20], [22, 15, 23, 16]]"
12n_0050_151,"[[22, 15, 23, 16], [24, 10, 1, 9], [2, 8, 3, 7], [4, 11, 5, 12], [19, 7, 20, 6], [8, 2, 9, 1], [10, 14, 11, 13], [12, 3, 13, 4], [14, 18, 15, 17], [16, 21, 17, 22], [18, 24, 19, 23], [5, 21, 6, 20]]"
12n_0050_152,"[[5, 21, 6, 20], [22, 15, 23, 16], [24, 10, 1, 9], [2, 8, 3, 7], [4, 11, 5, 12], [19, 7, 20, 6], [8, 2, 9, 1], [10, 14, 11, 13], [12, 3, 13, 4], [14, 18, 15, 17], [16, 21, 17, 22], [18, 24, 19, 23]]"
12n_0050_153,"[[18, 24, 19, 23], [5, 21, 6, 20], [22, 15, 23, 16], [24, 10, 1, 9], [2, 8, 3, 7], [4, 11, 5, 12], [19, 7, 20, 6], [8, 2, 9, 1], [10, 14, 11, 13], [12, 3, 13, 4], [14, 18, 15, 17], [16, 21, 17, 22]]"
12n_0050_154,"[[16, 21, 17, 22], [18, 24, 19, 23], [5, 21, 6, 20], [22, 15, 23, 16], [24, 10, 1, 9], [2, 8, 3, 7], [4, 11, 5, 12], [19, 7, 20, 6], [8, 2, 9, 1], [10, 14, 11, 13], [12, 3, 13, 4], [14, 18, 15, 17]]"
12n_0050_155,"[[14, 18, 15, 17], [16, 21, 17, 22], [18, 24, 19, 23], [5, 21, 6, 20], [22, 15, 23, 16], [24, 10, 1, 9], [2, 8, 3, 7], [4, 11, 5, 12], [19, 7, 20, 6], [8, 2, 9, 1], [10, 14, 11, 13], [12, 3, 13, 4]]"
12n_0050_156,"[[13, 4, 14, 5], [15, 19, 16, 18], [17, 22, 18, 23], [19, 1, 20, 24], [6, 22, 7, 21], [23, 16, 24, 17], [1, 11, 2, 10], [3, 9, 4, 8], [5, 12, 6, 13], [20, 8, 21, 7], [9, 3, 10, 2], [11, 15, 12, 14]]"
12n_0050_157,"[[11, 15, 12, 14], [13, 4, 14, 5], [15, 19, 16, 18], [17, 22, 18, 23], [19, 1, 20, 24], [6, 22, 7, 21], [23, 16, 24, 17], [1, 11, 2, 10], [3, 9, 4, 8], [5, 12, 6, 13], [20, 8, 21, 7], [9, 3, 10, 2]]"
12n_0050_158,"[[9, 3, 10, 2], [11, 15, 12, 14], [13, 4, 14, 5], [15, 19, 16, 18], [17, 22, 18, 23], [19, 1, 20, 24], [6, 22, 7, 21], [23, 16, 24, 17], [1, 11, 2, 10], [3, 9, 4, 8], [5, 12, 6, 13], [20, 8, 21, 7]]"
12n_0050_159,"[[20, 8, 21, 7], [9, 3, 10, 2], [11, 15, 12, 14], [13, 4, 14, 5], [15, 19, 16, 18], [17, 22, 18, 23], [19, 1, 20, 24], [6, 22, 7, 21], [23, 16, 24, 17], [1, 11, 2, 10], [3, 9, 4, 8], [5, 12, 6, 13]]"
12n_0050_160,"[[5, 12, 6, 13], [20, 8, 21, 7], [9, 3, 10, 2], [11, 15, 12, 14], [13, 4, 14, 5], [15, 19, 16, 18], [17, 22, 18, 23], [19, 1, 20, 24], [6, 22, 7, 21], [23, 16, 24, 17], [1, 11, 2, 10], [3, 9, 4, 8]]"
12n_0050_161,"[[3, 9, 4, 8], [5, 12, 6, 13], [20, 8, 21, 7], [9, 3, 10, 2], [11, 15, 12, 14], [13, 4, 14, 5], [15, 19, 16, 18], [17, 22, 18, 23], [19, 1, 20, 24], [6, 22, 7, 21], [23, 16, 24, 17], [1, 11, 2, 10]]"
12n_0050_162,"[[1, 11, 2, 10], [3, 9, 4, 8], [5, 12, 6, 13], [20, 8, 21, 7], [9, 3, 10, 2], [11, 15, 12, 14], [13, 4, 14, 5], [15, 19, 16, 18], [17, 22, 18, 23], [19, 1, 20, 24], [6, 22, 7, 21], [23, 16, 24, 17]]"
12n_0050_163,"[[23, 16, 24, 17], [1, 11, 2, 10], [3, 9, 4, 8], [5, 12, 6, 13], [20, 8, 21, 7], [9, 3, 10, 2], [11, 15, 12, 14], [13, 4, 14, 5], [15, 19, 16, 18], [17, 22, 18, 23], [19, 1, 20, 24], [6, 22, 7, 21]]"
12n_0050_164,"[[6, 22, 7, 21], [23, 16, 24, 17], [1, 11, 2, 10], [3, 9, 4, 8], [5, 12, 6, 13], [20, 8, 21, 7], [9, 3, 10, 2], [11, 15, 12, 14], [13, 4, 14, 5], [15, 19, 16, 18], [17, 22, 18, 23], [19, 1, 20, 24]]"
12n_0050_165,"[[19, 1, 20, 24], [6, 22, 7, 21], [23, 16, 24, 17], [1, 11, 2, 10], [3, 9, 4, 8], [5, 12, 6, 13], [20, 8, 21, 7], [9, 3, 10, 2], [11, 15, 12, 14], [13, 4, 14, 5], [15, 19, 16, 18], [17, 22, 18, 23]]"
12n_0050_166,"[[17, 22, 18, 23], [19, 1, 20, 24], [6, 22, 7, 21], [23, 16, 24, 17], [1, 11, 2, 10], [3, 9, 4, 8], [5, 12, 6, 13], [20, 8, 21, 7], [9, 3, 10, 2], [11, 15, 12, 14], [13, 4, 14, 5], [15, 19, 16, 18]]"
12n_0050_167,"[[15, 19, 16, 18], [17, 22, 18, 23], [19, 1, 20, 24], [6, 22, 7, 21], [23, 16, 24, 17], [1, 11, 2, 10], [3, 9, 4, 8], [5, 12, 6, 13], [20, 8, 21, 7], [9, 3, 10, 2], [11, 15, 12, 14], [13, 4, 14, 5]]"
12n_0050_168,"[[14, 5, 15, 6], [16, 20, 17, 19], [18, 23, 19, 24], [20, 2, 21, 1], [7, 23, 8, 22], [24, 17, 1, 18], [2, 12, 3, 11], [4, 10, 5, 9], [6, 13, 7, 14], [21, 9, 22, 8], [10, 4, 11, 3], [12, 16, 13, 15]]"
12n_0050_169,"[[12, 16, 13, 15], [14, 5, 15, 6], [16, 20, 17, 19], [18, 23, 19, 24], [20, 2, 21, 1], [7, 23, 8, 22], [24, 17, 1, 18], [2, 12, 3, 11], [4, 10, 5, 9], [6, 13, 7, 14], [21, 9, 22, 8], [10, 4, 11, 3]]"
12n_0050_170,"[[10, 4, 11, 3], [12, 16, 13, 15], [14, 5, 15, 6], [16, 20, 17, 19], [18, 23, 19, 24], [20, 2, 21, 1], [7, 23, 8, 22], [24, 17, 1, 18], [2, 12, 3, 11], [4, 10, 5, 9], [6, 13, 7, 14], [21, 9, 22, 8]]"
12n_0050_171,"[[21, 9, 22, 8], [10, 4, 11, 3], [12, 16, 13, 15], [14, 5, 15, 6], [16, 20, 17, 19], [18, 23, 19, 24], [20, 2, 21, 1], [7, 23, 8, 22], [24, 17, 1, 18], [2, 12, 3, 11], [4, 10, 5, 9], [6, 13, 7, 14]]"
12n_0050_172,"[[6, 13, 7, 14], [21, 9, 22, 8], [10, 4, 11, 3], [12, 16, 13, 15], [14, 5, 15, 6], [16, 20, 17, 19], [18, 23, 19, 24], [20, 2, 21, 1], [7, 23, 8, 22], [24, 17, 1, 18], [2, 12, 3, 11], [4, 10, 5, 9]]"
12n_0050_173,"[[4, 10, 5, 9], [6, 13, 7, 14], [21, 9, 22, 8], [10, 4, 11, 3], [12, 16, 13, 15], [14, 5, 15, 6], [16, 20, 17, 19], [18, 23, 19, 24], [20, 2, 21, 1], [7, 23, 8, 22], [24, 17, 1, 18], [2, 12, 3, 11]]"
12n_0050_174,"[[2, 12, 3, 11], [4, 10, 5, 9], [6, 13, 7, 14], [21, 9, 22, 8], [10, 4, 11, 3], [12, 16, 13, 15], [14, 5, 15, 6], [16, 20, 17, 19], [18, 23, 19, 24], [20, 2, 21, 1], [7, 23, 8, 22], [24, 17, 1, 18]]"
12n_0050_175,"[[24, 17, 1, 18], [2, 12, 3, 11], [4, 10, 5, 9], [6, 13, 7, 14], [21, 9, 22, 8], [10, 4, 11, 3], [12, 16, 13, 15], [14, 5, 15, 6], [16, 20, 17, 19], [18, 23, 19, 24], [20, 2, 21, 1], [7, 23, 8, 22]]"
12n_0050_176,"[[7, 23, 8, 22], [24, 17, 1, 18], [2, 12, 3, 11], [4, 10, 5, 9], [6, 13, 7, 14], [21, 9, 22, 8], [10, 4, 11, 3], [12, 16, 13, 15], [14, 5, 15, 6], [16, 20, 17, 19], [18, 23, 19, 24], [20, 2, 21, 1]]"
12n_0050_177,"[[20, 2, 21, 1], [7, 23, 8, 22], [24, 17, 1, 18], [2, 12, 3, 11], [4, 10, 5, 9], [6, 13, 7, 14], [21, 9, 22, 8], [10, 4, 11, 3], [12, 16, 13, 15], [14, 5, 15, 6], [16, 20, 17, 19], [18, 23, 19, 24]]"
12n_0050_178,"[[18, 23, 19, 24], [20, 2, 21, 1], [7, 23, 8, 22], [24, 17, 1, 18], [2, 12, 3, 11], [4, 10, 5, 9], [6, 13, 7, 14], [21, 9, 22, 8], [10, 4, 11, 3], [12, 16, 13, 15], [14, 5, 15, 6], [16, 20, 17, 19]]"
12n_0050_179,"[[16, 20, 17, 19], [18, 23, 19, 24], [20, 2, 21, 1], [7, 23, 8, 22], [24, 17, 1, 18], [2, 12, 3, 11], [4, 10, 5, 9], [6, 13, 7, 14], [21, 9, 22, 8], [10, 4, 11, 3], [12, 16, 13, 15], [14, 5, 15, 6]]"
12n_0050_180,"[[15, 6, 16, 7], [17, 21, 18, 20], [19, 24, 20, 1], [21, 3, 22, 2], [8, 24, 9, 23], [1, 18, 2, 19], [3, 13, 4, 12], [5, 11, 6, 10], [7, 14, 8, 15], [22, 10, 23, 9], [11, 5, 12, 4], [13, 17, 14, 16]]"
12n_0050_181,"[[13, 17, 14, 16], [15, 6, 16, 7], [17, 21, 18, 20], [19, 24, 20, 1], [21, 3, 22, 2], [8, 24, 9, 23], [1, 18, 2, 19], [3, 13, 4, 12], [5, 11, 6, 10], [7, 14, 8, 15], [22, 10, 23, 9], [11, 5, 12, 4]]"
12n_0050_182,"[[11, 5, 12, 4], [13, 17, 14, 16], [15, 6, 16, 7], [17, 21, 18, 20], [19, 24, 20, 1], [21, 3, 22, 2], [8, 24, 9, 23], [1, 18, 2, 19], [3, 13, 4, 12], [5, 11, 6, 10], [7, 14, 8, 15], [22, 10, 23, 9]]"
12n_0050_183,"[[22, 10, 23, 9], [11, 5, 12, 4], [13, 17, 14, 16], [15, 6, 16, 7], [17, 21, 18, 20], [19, 24, 20, 1], [21, 3, 22, 2], [8, 24, 9, 23], [1, 18, 2, 19], [3, 13, 4, 12], [5, 11, 6, 10], [7, 14, 8, 15]]"
12n_0050_184,"[[7, 14, 8, 15], [22, 10, 23, 9], [11, 5, 12, 4], [13, 17, 14, 16], [15, 6, 16, 7], [17, 21, 18, 20], [19, 24, 20, 1], [21, 3, 22, 2], [8, 24, 9, 23], [1, 18, 2, 19], [3, 13, 4, 12], [5, 11, 6, 10]]"
12n_0050_185,"[[5, 11, 6, 10], [7, 14, 8, 15], [22, 10, 23, 9], [11, 5, 12, 4], [13, 17, 14, 16], [15, 6, 16, 7], [17, 21, 18, 20], [19, 24, 20, 1], [21, 3, 22, 2], [8, 24, 9, 23], [1, 18, 2, 19], [3, 13, 4, 12]]"
