name,pd_notation
12n_0482_0,"[[24, 9, 1, 10], [2, 6, 3, 5], [4, 11, 5, 12], [17, 7, 18, 6], [19, 8, 20, 9], [10, 16, 11, 15], [12, 3, 13, 4], [14, 24, 15, 23], [16, 1, 17, 2], [21, 19, 22, 18], [7, 20, 8, 21], [22, 14, 23, 13]]"
12n_0482_1,"[[22, 14, 23, 13], [24, 9, 1, 10], [2, 6, 3, 5], [4, 11, 5, 12], [17, 7, 18, 6], [19, 8, 20, 9], [10, 16, 11, 15], [12, 3, 13, 4], [14, 24, 15, 23], [16, 1, 17, 2], [21, 19, 22, 18], [7, 20, 8, 21]]"
12n_0482_2,"[[7, 20, 8, 21], [22, 14, 23, 13], [24, 9, 1, 10], [2, 6, 3, 5], [4, 11, 5, 12], [17, 7, 18, 6], [19, 8, 20, 9], [10, 16, 11, 15], [12, 3, 13, 4], [14, 24, 15, 23], [16, 1, 17, 2], [21, 19, 22, 18]]"
12n_0482_3,"[[21, 19, 22, 18], [7, 20, 8, 21], [22, 14, 23, 13], [24, 9, 1, 10], [2, 6, 3, 5], [4, 11, 5, 12], [17, 7, 18, 6], [19, 8, 20, 9], [10, 16, 11, 15], [12, 3, 13, 4], [14, 24, 15, 23], [16, 1, 17, 2]]"
12n_0482_4,"[[16, 1, 17, 2], [21, 19, 22, 18], [7, 20, 8, 21], [22, 14, 23, 13], [24, 9, 1, 10], [2, 6, 3, 5], [4, 11, 5, 12], [17, 7, 18, 6], [19, 8, 20, 9], [10, 16, 11, 15], [12, 3, 13, 4], [14, 24, 15, 23]]"
12n_0482_5,"[[14, 24, 15, 23], [16, 1, 17, 2], [21, 19, 22, 18], [7, 20, 8, 21], [22, 14, 23, 13], [24, 9, 1, 10], [2, 6, 3, 5], [4, 11, 5, 12], [17, 7, 18, 6], [19, 8, 20, 9], [10, 16, 11, 15], [12, 3, 13, 4]]"
12n_0482_6,"[[12, 3, 13, 4], [14, 24, 15, 23], [16, 1, 17, 2], [21, 19, 22, 18], [7, 20, 8, 21], [22, 14, 23, 13], [24, 9, 1, 10], [2, 6, 3, 5], [4, 11, 5, 12], [17, 7, 18, 6], [19, 8, 20, 9], [10, 16, 11, 15]]"
12n_0482_7,"[[10, 16, 11, 15], [12, 3, 13, 4], [14, 24, 15, 23], [16, 1, 17, 2], [21, 19, 22, 18], [7, 20, 8, 21], [22, 14, 23, 13], [24, 9, 1, 10], [2, 6, 3, 5], [4, 11, 5, 12], [17, 7, 18, 6], [19, 8, 20, 9]]"
12n_0482_8,"[[19, 8, 20, 9], [10, 16, 11, 15], [12, 3, 13, 4], [14, 24, 15, 23], [16, 1, 17, 2], [21, 19, 22, 18], [7, 20, 8, 21], [22, 14, 23, 13], [24, 9, 1, 10], [2, 6, 3, 5], [4, 11, 5, 12], [17, 7, 18, 6]]"
12n_0482_9,"[[17, 7, 18, 6], [19, 8, 20, 9], [10, 16, 11, 15], [12, 3, 13, 4], [14, 24, 15, 23], [16, 1, 17, 2], [21, 19, 22, 18], [7, 20, 8, 21], [22, 14, 23, 13], [24, 9, 1, 10], [2, 6, 3, 5], [4, 11, 5, 12]]"
12n_0482_10,"[[4, 11, 5, 12], [17, 7, 18, 6], [19, 8, 20, 9], [10, 16, 11, 15], [12, 3, 13, 4], [14, 24, 15, 23], [16, 1, 17, 2], [21, 19, 22, 18], [7, 20, 8, 21], [22, 14, 23, 13], [24, 9, 1, 10], [2, 6, 3, 5]]"
12n_0482_11,"[[2, 6, 3, 5], [4, 11, 5, 12], [17, 7, 18, 6], [19, 8, 20, 9], [10, 16, 11, 15], [12, 3, 13, 4], [14, 24, 15, 23], [16, 1, 17, 2], [21, 19, 22, 18], [7, 20, 8, 21], [22, 14, 23, 13], [24, 9, 1, 10]]"
12n_0482_12,"[[1, 10, 2, 11], [3, 7, 4, 6], [5, 12, 6, 13], [18, 8, 19, 7], [20, 9, 21, 10], [11, 17, 12, 16], [13, 4, 14, 5], [15, 1, 16, 24], [17, 2, 18, 3], [22, 20, 23, 19], [8, 21, 9, 22], [23, 15, 24, 14]]"
12n_0482_13,"[[23, 15, 24, 14], [1, 10, 2, 11], [3, 7, 4, 6], [5, 12, 6, 13], [18, 8, 19, 7], [20, 9, 21, 10], [11, 17, 12, 16], [13, 4, 14, 5], [15, 1, 16, 24], [17, 2, 18, 3], [22, 20, 23, 19], [8, 21, 9, 22]]"
12n_0482_14,"[[8, 21, 9, 22], [23, 15, 24, 14], [1, 10, 2, 11], [3, 7, 4, 6], [5, 12, 6, 13], [18, 8, 19, 7], [20, 9, 21, 10], [11, 17, 12, 16], [13, 4, 14, 5], [15, 1, 16, 24], [17, 2, 18, 3], [22, 20, 23, 19]]"
12n_0482_15,"[[22, 20, 23, 19], [8, 21, 9, 22], [23, 15, 24, 14], [1, 10, 2, 11], [3, 7, 4, 6], [5, 12, 6, 13], [18, 8, 19, 7], [20, 9, 21, 10], [11, 17, 12, 16], [13, 4, 14, 5], [15, 1, 16, 24], [17, 2, 18, 3]]"
12n_0482_16,"[[17, 2, 18, 3], [22, 20, 23, 19], [8, 21, 9, 22], [23, 15, 24, 14], [1, 10, 2, 11], [3, 7, 4, 6], [5, 12, 6, 13], [18, 8, 19, 7], [20, 9, 21, 10], [11, 17, 12, 16], [13, 4, 14, 5], [15, 1, 16, 24]]"
12n_0482_17,"[[15, 1, 16, 24], [17, 2, 18, 3], [22, 20, 23, 19], [8, 21, 9, 22], [23, 15, 24, 14], [1, 10, 2, 11], [3, 7, 4, 6], [5, 12, 6, 13], [18, 8, 19, 7], [20, 9, 21, 10], [11, 17, 12, 16], [13, 4, 14, 5]]"
12n_0482_18,"[[13, 4, 14, 5], [15, 1, 16, 24], [17, 2, 18, 3], [22, 20, 23, 19], [8, 21, 9, 22], [23, 15, 24, 14], [1, 10, 2, 11], [3, 7, 4, 6], [5, 12, 6, 13], [18, 8, 19, 7], [20, 9, 21, 10], [11, 17, 12, 16]]"
12n_0482_19,"[[11, 17, 12, 16], [13, 4, 14, 5], [15, 1, 16, 24], [17, 2, 18, 3], [22, 20, 23, 19], [8, 21, 9, 22], [23, 15, 24, 14], [1, 10, 2, 11], [3, 7, 4, 6], [5, 12, 6, 13], [18, 8, 19, 7], [20, 9, 21, 10]]"
12n_0482_20,"[[20, 9, 21, 10], [11, 17, 12, 16], [13, 4, 14, 5], [15, 1, 16, 24], [17, 2, 18, 3], [22, 20, 23, 19], [8, 21, 9, 22], [23, 15, 24, 14], [1, 10, 2, 11], [3, 7, 4, 6], [5, 12, 6, 13], [18, 8, 19, 7]]"
12n_0482_21,"[[18, 8, 19, 7], [20, 9, 21, 10], [11, 17, 12, 16], [13, 4, 14, 5], [15, 1, 16, 24], [17, 2, 18, 3], [22, 20, 23, 19], [8, 21, 9, 22], [23, 15, 24, 14], [1, 10, 2, 11], [3, 7, 4, 6], [5, 12, 6, 13]]"
12n_0482_22,"[[5, 12, 6, 13], [18, 8, 19, 7], [20, 9, 21, 10], [11, 17, 12, 16], [13, 4, 14, 5], [15, 1, 16, 24], [17, 2, 18, 3], [22, 20, 23, 19], [8, 21, 9, 22], [23, 15, 24, 14], [1, 10, 2, 11], [3, 7, 4, 6]]"
12n_0482_23,"[[3, 7, 4, 6], [5, 12, 6, 13], [18, 8, 19, 7], [20, 9, 21, 10], [11, 17, 12, 16], [13, 4, 14, 5], [15, 1, 16, 24], [17, 2, 18, 3], [22, 20, 23, 19], [8, 21, 9, 22], [23, 15, 24, 14], [1, 10, 2, 11]]"
12n_0482_24,"[[2, 11, 3, 12], [4, 8, 5, 7], [6, 13, 7, 14], [19, 9, 20, 8], [21, 10, 22, 11], [12, 18, 13, 17], [14, 5, 15, 6], [16, 2, 17, 1], [18, 3, 19, 4], [23, 21, 24, 20], [9, 22, 10, 23], [24, 16, 1, 15]]"
12n_0482_25,"[[24, 16, 1, 15], [2, 11, 3, 12], [4, 8, 5, 7], [6, 13, 7, 14], [19, 9, 20, 8], [21, 10, 22, 11], [12, 18, 13, 17], [14, 5, 15, 6], [16, 2, 17, 1], [18, 3, 19, 4], [23, 21, 24, 20], [9, 22, 10, 23]]"
12n_0482_26,"[[9, 22, 10, 23], [24, 16, 1, 15], [2, 11, 3, 12], [4, 8, 5, 7], [6, 13, 7, 14], [19, 9, 20, 8], [21, 10, 22, 11], [12, 18, 13, 17], [14, 5, 15, 6], [16, 2, 17, 1], [18, 3, 19, 4], [23, 21, 24, 20]]"
12n_0482_27,"[[23, 21, 24, 20], [9, 22, 10, 23], [24, 16, 1, 15], [2, 11, 3, 12], [4, 8, 5, 7], [6, 13, 7, 14], [19, 9, 20, 8], [21, 10, 22, 11], [12, 18, 13, 17], [14, 5, 15, 6], [16, 2, 17, 1], [18, 3, 19, 4]]"
12n_0482_28,"[[18, 3, 19, 4], [23, 21, 24, 20], [9, 22, 10, 23], [24, 16, 1, 15], [2, 11, 3, 12], [4, 8, 5, 7], [6, 13, 7, 14], [19, 9, 20, 8], [21, 10, 22, 11], [12, 18, 13, 17], [14, 5, 15, 6], [16, 2, 17, 1]]"
12n_0482_29,"[[16, 2, 17, 1], [18, 3, 19, 4], [23, 21, 24, 20], [9, 22, 10, 23], [24, 16, 1, 15], [2, 11, 3, 12], [4, 8, 5, 7], [6, 13, 7, 14], [19, 9, 20, 8], [21, 10, 22, 11], [12, 18, 13, 17], [14, 5, 15, 6]]"
12n_0482_30,"[[14, 5, 15, 6], [16, 2, 17, 1], [18, 3, 19, 4], [23, 21, 24, 20], [9, 22, 10, 23], [24, 16, 1, 15], [2, 11, 3, 12], [4, 8, 5, 7], [6, 13, 7, 14], [19, 9, 20, 8], [21, 10, 22, 11], [12, 18, 13, 17]]"
12n_0482_31,"[[12, 18, 13, 17], [14, 5, 15, 6], [16, 2, 17, 1], [18, 3, 19, 4], [23, 21, 24, 20], [9, 22, 10, 23], [24, 16, 1, 15], [2, 11, 3, 12], [4, 8, 5, 7], [6, 13, 7, 14], [19, 9, 20, 8], [21, 10, 22, 11]]"
12n_0482_32,"[[21, 10, 22, 11], [12, 18, 13, 17], [14, 5, 15, 6], [16, 2, 17, 1], [18, 3, 19, 4], [23, 21, 24, 20], [9, 22, 10, 23], [24, 16, 1, 15], [2, 11, 3, 12], [4, 8, 5, 7], [6, 13, 7, 14], [19, 9, 20, 8]]"
12n_0482_33,"[[19, 9, 20, 8], [21, 10, 22, 11], [12, 18, 13, 17], [14, 5, 15, 6], [16, 2, 17, 1], [18, 3, 19, 4], [23, 21, 24, 20], [9, 22, 10, 23], [24, 16, 1, 15], [2, 11, 3, 12], [4, 8, 5, 7], [6, 13, 7, 14]]"
12n_0482_34,"[[6, 13, 7, 14], [19, 9, 20, 8], [21, 10, 22, 11], [12, 18, 13, 17], [14, 5, 15, 6], [16, 2, 17, 1], [18, 3, 19, 4], [23, 21, 24, 20], [9, 22, 10, 23], [24, 16, 1, 15], [2, 11, 3, 12], [4, 8, 5, 7]]"
12n_0482_35,"[[4, 8, 5, 7], [6, 13, 7, 14], [19, 9, 20, 8], [21, 10, 22, 11], [12, 18, 13, 17], [14, 5, 15, 6], [16, 2, 17, 1], [18, 3, 19, 4], [23, 21, 24, 20], [9, 22, 10, 23], [24, 16, 1, 15], [2, 11, 3, 12]]"
12n_0482_36,"[[3, 12, 4, 13], [5, 9, 6, 8], [7, 14, 8, 15], [20, 10, 21, 9], [22, 11, 23, 12], [13, 19, 14, 18], [15, 6, 16, 7], [17, 3, 18, 2], [19, 4, 20, 5], [24, 22, 1, 21], [10, 23, 11, 24], [1, 17, 2, 16]]"
12n_0482_37,"[[1, 17, 2, 16], [3, 12, 4, 13], [5, 9, 6, 8], [7, 14, 8, 15], [20, 10, 21, 9], [22, 11, 23, 12], [13, 19, 14, 18], [15, 6, 16, 7], [17, 3, 18, 2], [19, 4, 20, 5], [24, 22, 1, 21], [10, 23, 11, 24]]"
12n_0482_38,"[[10, 23, 11, 24], [1, 17, 2, 16], [3, 12, 4, 13], [5, 9, 6, 8], [7, 14, 8, 15], [20, 10, 21, 9], [22, 11, 23, 12], [13, 19, 14, 18], [15, 6, 16, 7], [17, 3, 18, 2], [19, 4, 20, 5], [24, 22, 1, 21]]"
12n_0482_39,"[[24, 22, 1, 21], [10, 23, 11, 24], [1, 17, 2, 16], [3, 12, 4, 13], [5, 9, 6, 8], [7, 14, 8, 15], [20, 10, 21, 9], [22, 11, 23, 12], [13, 19, 14, 18], [15, 6, 16, 7], [17, 3, 18, 2], [19, 4, 20, 5]]"
12n_0482_40,"[[19, 4, 20, 5], [24, 22, 1, 21], [10, 23, 11, 24], [1, 17, 2, 16], [3, 12, 4, 13], [5, 9, 6, 8], [7, 14, 8, 15], [20, 10, 21, 9], [22, 11, 23, 12], [13, 19, 14, 18], [15, 6, 16, 7], [17, 3, 18, 2]]"
12n_0482_41,"[[17, 3, 18, 2], [19, 4, 20, 5], [24, 22, 1, 21], [10, 23, 11, 24], [1, 17, 2, 16], [3, 12, 4, 13], [5, 9, 6, 8], [7, 14, 8, 15], [20, 10, 21, 9], [22, 11, 23, 12], [13, 19, 14, 18], [15, 6, 16, 7]]"
12n_0482_42,"[[15, 6, 16, 7], [17, 3, 18, 2], [19, 4, 20, 5], [24, 22, 1, 21], [10, 23, 11, 24], [1, 17, 2, 16], [3, 12, 4, 13], [5, 9, 6, 8], [7, 14, 8, 15], [20, 10, 21, 9], [22, 11, 23, 12], [13, 19, 14, 18]]"
12n_0482_43,"[[13, 19, 14, 18], [15, 6, 16, 7], [17, 3, 18, 2], [19, 4, 20, 5], [24, 22, 1, 21], [10, 23, 11, 24], [1, 17, 2, 16], [3, 12, 4, 13], [5, 9, 6, 8], [7, 14, 8, 15], [20, 10, 21, 9], [22, 11, 23, 12]]"
12n_0482_44,"[[22, 11, 23, 12], [13, 19, 14, 18], [15, 6, 16, 7], [17, 3, 18, 2], [19, 4, 20, 5], [24, 22, 1, 21], [10, 23, 11, 24], [1, 17, 2, 16], [3, 12, 4, 13], [5, 9, 6, 8], [7, 14, 8, 15], [20, 10, 21, 9]]"
12n_0482_45,"[[20, 10, 21, 9], [22, 11, 23, 12], [13, 19, 14, 18], [15, 6, 16, 7], [17, 3, 18, 2], [19, 4, 20, 5], [24, 22, 1, 21], [10, 23, 11, 24], [1, 17, 2, 16], [3, 12, 4, 13], [5, 9, 6, 8], [7, 14, 8, 15]]"
12n_0482_46,"[[7, 14, 8, 15], [20, 10, 21, 9], [22, 11, 23, 12], [13, 19, 14, 18], [15, 6, 16, 7], [17, 3, 18, 2], [19, 4, 20, 5], [24, 22, 1, 21], [10, 23, 11, 24], [1, 17, 2, 16], [3, 12, 4, 13], [5, 9, 6, 8]]"
12n_0482_47,"[[5, 9, 6, 8], [7, 14, 8, 15], [20, 10, 21, 9], [22, 11, 23, 12], [13, 19, 14, 18], [15, 6, 16, 7], [17, 3, 18, 2], [19, 4, 20, 5], [24, 22, 1, 21], [10, 23, 11, 24], [1, 17, 2, 16], [3, 12, 4, 13]]"
12n_0482_48,"[[4, 13, 5, 14], [6, 10, 7, 9], [8, 15, 9, 16], [21, 11, 22, 10], [23, 12, 24, 13], [14, 20, 15, 19], [16, 7, 17, 8], [18, 4, 19, 3], [20, 5, 21, 6], [1, 23, 2, 22], [11, 24, 12, 1], [2, 18, 3, 17]]"
12n_0482_49,"[[2, 18, 3, 17], [4, 13, 5, 14], [6, 10, 7, 9], [8, 15, 9, 16], [21, 11, 22, 10], [23, 12, 24, 13], [14, 20, 15, 19], [16, 7, 17, 8], [18, 4, 19, 3], [20, 5, 21, 6], [1, 23, 2, 22], [11, 24, 12, 1]]"
12n_0482_50,"[[11, 24, 12, 1], [2, 18, 3, 17], [4, 13, 5, 14], [6, 10, 7, 9], [8, 15, 9, 16], [21, 11, 22, 10], [23, 12, 24, 13], [14, 20, 15, 19], [16, 7, 17, 8], [18, 4, 19, 3], [20, 5, 21, 6], [1, 23, 2, 22]]"
12n_0482_51,"[[1, 23, 2, 22], [11, 24, 12, 1], [2, 18, 3, 17], [4, 13, 5, 14], [6, 10, 7, 9], [8, 15, 9, 16], [21, 11, 22, 10], [23, 12, 24, 13], [14, 20, 15, 19], [16, 7, 17, 8], [18, 4, 19, 3], [20, 5, 21, 6]]"
12n_0482_52,"[[20, 5, 21, 6], [1, 23, 2, 22], [11, 24, 12, 1], [2, 18, 3, 17], [4, 13, 5, 14], [6, 10, 7, 9], [8, 15, 9, 16], [21, 11, 22, 10], [23, 12, 24, 13], [14, 20, 15, 19], [16, 7, 17, 8], [18, 4, 19, 3]]"
12n_0482_53,"[[18, 4, 19, 3], [20, 5, 21, 6], [1, 23, 2, 22], [11, 24, 12, 1], [2, 18, 3, 17], [4, 13, 5, 14], [6, 10, 7, 9], [8, 15, 9, 16], [21, 11, 22, 10], [23, 12, 24, 13], [14, 20, 15, 19], [16, 7, 17, 8]]"
12n_0482_54,"[[16, 7, 17, 8], [18, 4, 19, 3], [20, 5, 21, 6], [1, 23, 2, 22], [11, 24, 12, 1], [2, 18, 3, 17], [4, 13, 5, 14], [6, 10, 7, 9], [8, 15, 9, 16], [21, 11, 22, 10], [23, 12, 24, 13], [14, 20, 15, 19]]"
12n_0482_55,"[[14, 20, 15, 19], [16, 7, 17, 8], [18, 4, 19, 3], [20, 5, 21, 6], [1, 23, 2, 22], [11, 24, 12, 1], [2, 18, 3, 17], [4, 13, 5, 14], [6, 10, 7, 9], [8, 15, 9, 16], [21, 11, 22, 10], [23, 12, 24, 13]]"
12n_0482_56,"[[23, 12, 24, 13], [14, 20, 15, 19], [16, 7, 17, 8], [18, 4, 19, 3], [20, 5, 21, 6], [1, 23, 2, 22], [11, 24, 12, 1], [2, 18, 3, 17], [4, 13, 5, 14], [6, 10, 7, 9], [8, 15, 9, 16], [21, 11, 22, 10]]"
12n_0482_57,"[[21, 11, 22, 10], [23, 12, 24, 13], [14, 20, 15, 19], [16, 7, 17, 8], [18, 4, 19, 3], [20, 5, 21, 6], [1, 23, 2, 22], [11, 24, 12, 1], [2, 18, 3, 17], [4, 13, 5, 14], [6, 10, 7, 9], [8, 15, 9, 16]]"
12n_0482_58,"[[8, 15, 9, 16], [21, 11, 22, 10], [23, 12, 24, 13], [14, 20, 15, 19], [16, 7, 17, 8], [18, 4, 19, 3], [20, 5, 21, 6], [1, 23, 2, 22], [11, 24, 12, 1], [2, 18, 3, 17], [4, 13, 5, 14], [6, 10, 7, 9]]"
12n_0482_59,"[[6, 10, 7, 9], [8, 15, 9, 16], [21, 11, 22, 10], [23, 12, 24, 13], [14, 20, 15, 19], [16, 7, 17, 8], [18, 4, 19, 3], [20, 5, 21, 6], [1, 23, 2, 22], [11, 24, 12, 1], [2, 18, 3, 17], [4, 13, 5, 14]]"
12n_0482_60,"[[5, 14, 6, 15], [7, 11, 8, 10], [9, 16, 10, 17], [22, 12, 23, 11], [24, 13, 1, 14], [15, 21, 16, 20], [17, 8, 18, 9], [19, 5, 20, 4], [21, 6, 22, 7], [2, 24, 3, 23], [12, 1, 13, 2], [3, 19, 4, 18]]"
12n_0482_61,"[[3, 19, 4, 18], [5, 14, 6, 15], [7, 11, 8, 10], [9, 16, 10, 17], [22, 12, 23, 11], [24, 13, 1, 14], [15, 21, 16, 20], [17, 8, 18, 9], [19, 5, 20, 4], [21, 6, 22, 7], [2, 24, 3, 23], [12, 1, 13, 2]]"
12n_0482_62,"[[12, 1, 13, 2], [3, 19, 4, 18], [5, 14, 6, 15], [7, 11, 8, 10], [9, 16, 10, 17], [22, 12, 23, 11], [24, 13, 1, 14], [15, 21, 16, 20], [17, 8, 18, 9], [19, 5, 20, 4], [21, 6, 22, 7], [2, 24, 3, 23]]"
12n_0482_63,"[[2, 24, 3, 23], [12, 1, 13, 2], [3, 19, 4, 18], [5, 14, 6, 15], [7, 11, 8, 10], [9, 16, 10, 17], [22, 12, 23, 11], [24, 13, 1, 14], [15, 21, 16, 20], [17, 8, 18, 9], [19, 5, 20, 4], [21, 6, 22, 7]]"
12n_0482_64,"[[21, 6, 22, 7], [2, 24, 3, 23], [12, 1, 13, 2], [3, 19, 4, 18], [5, 14, 6, 15], [7, 11, 8, 10], [9, 16, 10, 17], [22, 12, 23, 11], [24, 13, 1, 14], [15, 21, 16, 20], [17, 8, 18, 9], [19, 5, 20, 4]]"
12n_0482_65,"[[19, 5, 20, 4], [21, 6, 22, 7], [2, 24, 3, 23], [12, 1, 13, 2], [3, 19, 4, 18], [5, 14, 6, 15], [7, 11, 8, 10], [9, 16, 10, 17], [22, 12, 23, 11], [24, 13, 1, 14], [15, 21, 16, 20], [17, 8, 18, 9]]"
12n_0482_66,"[[17, 8, 18, 9], [19, 5, 20, 4], [21, 6, 22, 7], [2, 24, 3, 23], [12, 1, 13, 2], [3, 19, 4, 18], [5, 14, 6, 15], [7, 11, 8, 10], [9, 16, 10, 17], [22, 12, 23, 11], [24, 13, 1, 14], [15, 21, 16, 20]]"
12n_0482_67,"[[15, 21, 16, 20], [17, 8, 18, 9], [19, 5, 20, 4], [21, 6, 22, 7], [2, 24, 3, 23], [12, 1, 13, 2], [3, 19, 4, 18], [5, 14, 6, 15], [7, 11, 8, 10], [9, 16, 10, 17], [22, 12, 23, 11], [24, 13, 1, 14]]"
12n_0482_68,"[[24, 13, 1, 14], [15, 21, 16, 20], [17, 8, 18, 9], [19, 5, 20, 4], [21, 6, 22, 7], [2, 24, 3, 23], [12, 1, 13, 2], [3, 19, 4, 18], [5, 14, 6, 15], [7, 11, 8, 10], [9, 16, 10, 17], [22, 12, 23, 11]]"
12n_0482_69,"[[22, 12, 23, 11], [24, 13, 1, 14], [15, 21, 16, 20], [17, 8, 18, 9], [19, 5, 20, 4], [21, 6, 22, 7], [2, 24, 3, 23], [12, 1, 13, 2], [3, 19, 4, 18], [5, 14, 6, 15], [7, 11, 8, 10], [9, 16, 10, 17]]"
12n_0482_70,"[[9, 16, 10, 17], [22, 12, 23, 11], [24, 13, 1, 14], [15, 21, 16, 20], [17, 8, 18, 9], [19, 5, 20, 4], [21, 6, 22, 7], [2, 24, 3, 23], [12, 1, 13, 2], [3, 19, 4, 18], [5, 14, 6, 15], [7, 11, 8, 10]]"
12n_0482_71,"[[7, 11, 8, 10], [9, 16, 10, 17], [22, 12, 23, 11], [24, 13, 1, 14], [15, 21, 16, 20], [17, 8, 18, 9], [19, 5, 20, 4], [21, 6, 22, 7], [2, 24, 3, 23], [12, 1, 13, 2], [3, 19, 4, 18], [5, 14, 6, 15]]"
12n_0482_72,"[[6, 15, 7, 16], [8, 12, 9, 11], [10, 17, 11, 18], [23, 13, 24, 12], [1, 14, 2, 15], [16, 22, 17, 21], [18, 9, 19, 10], [20, 6, 21, 5], [22, 7, 23, 8], [3, 1, 4, 24], [13, 2, 14, 3], [4, 20, 5, 19]]"
12n_0482_73,"[[4, 20, 5, 19], [6, 15, 7, 16], [8, 12, 9, 11], [10, 17, 11, 18], [23, 13, 24, 12], [1, 14, 2, 15], [16, 22, 17, 21], [18, 9, 19, 10], [20, 6, 21, 5], [22, 7, 23, 8], [3, 1, 4, 24], [13, 2, 14, 3]]"
12n_0482_74,"[[13, 2, 14, 3], [4, 20, 5, 19], [6, 15, 7, 16], [8, 12, 9, 11], [10, 17, 11, 18], [23, 13, 24, 12], [1, 14, 2, 15], [16, 22, 17, 21], [18, 9, 19, 10], [20, 6, 21, 5], [22, 7, 23, 8], [3, 1, 4, 24]]"
12n_0482_75,"[[3, 1, 4, 24], [13, 2, 14, 3], [4, 20, 5, 19], [6, 15, 7, 16], [8, 12, 9, 11], [10, 17, 11, 18], [23, 13, 24, 12], [1, 14, 2, 15], [16, 22, 17, 21], [18, 9, 19, 10], [20, 6, 21, 5], [22, 7, 23, 8]]"
12n_0482_76,"[[22, 7, 23, 8], [3, 1, 4, 24], [13, 2, 14, 3], [4, 20, 5, 19], [6, 15, 7, 16], [8, 12, 9, 11], [10, 17, 11, 18], [23, 13, 24, 12], [1, 14, 2, 15], [16, 22, 17, 21], [18, 9, 19, 10], [20, 6, 21, 5]]"
12n_0482_77,"[[20, 6, 21, 5], [22, 7, 23, 8], [3, 1, 4, 24], [13, 2, 14, 3], [4, 20, 5, 19], [6, 15, 7, 16], [8, 12, 9, 11], [10, 17, 11, 18], [23, 13, 24, 12], [1, 14, 2, 15], [16, 22, 17, 21], [18, 9, 19, 10]]"
12n_0482_78,"[[18, 9, 19, 10], [20, 6, 21, 5], [22, 7, 23, 8], [3, 1, 4, 24], [13, 2, 14, 3], [4, 20, 5, 19], [6, 15, 7, 16], [8, 12, 9, 11], [10, 17, 11, 18], [23, 13, 24, 12], [1, 14, 2, 15], [16, 22, 17, 21]]"
12n_0482_79,"[[16, 22, 17, 21], [18, 9, 19, 10], [20, 6, 21, 5], [22, 7, 23, 8], [3, 1, 4, 24], [13, 2, 14, 3], [4, 20, 5, 19], [6, 15, 7, 16], [8, 12, 9, 11], [10, 17, 11, 18], [23, 13, 24, 12], [1, 14, 2, 15]]"
12n_0482_80,"[[1, 14, 2, 15], [16, 22, 17, 21], [18, 9, 19, 10], [20, 6, 21, 5], [22, 7, 23, 8], [3, 1, 4, 24], [13, 2, 14, 3], [4, 20, 5, 19], [6, 15, 7, 16], [8, 12, 9, 11], [10, 17, 11, 18], [23, 13, 24, 12]]"
12n_0482_81,"[[23, 13, 24, 12], [1, 14, 2, 15], [16, 22, 17, 21], [18, 9, 19, 10], [20, 6, 21, 5], [22, 7, 23, 8], [3, 1, 4, 24], [13, 2, 14, 3], [4, 20, 5, 19], [6, 15, 7, 16], [8, 12, 9, 11], [10, 17, 11, 18]]"
12n_0482_82,"[[10, 17, 11, 18], [23, 13, 24, 12], [1, 14, 2, 15], [16, 22, 17, 21], [18, 9, 19, 10], [20, 6, 21, 5], [22, 7, 23, 8], [3, 1, 4, 24], [13, 2, 14, 3], [4, 20, 5, 19], [6, 15, 7, 16], [8, 12, 9, 11]]"
12n_0482_83,"[[8, 12, 9, 11], [10, 17, 11, 18], [23, 13, 24, 12], [1, 14, 2, 15], [16, 22, 17, 21], [18, 9, 19, 10], [20, 6, 21, 5], [22, 7, 23, 8], [3, 1, 4, 24], [13, 2, 14, 3], [4, 20, 5, 19], [6, 15, 7, 16]]"
12n_0482_84,"[[7, 16, 8, 17], [9, 13, 10, 12], [11, 18, 12, 19], [24, 14, 1, 13], [2, 15, 3, 16], [17, 23, 18, 22], [19, 10, 20, 11], [21, 7, 22, 6], [23, 8, 24, 9], [4, 2, 5, 1], [14, 3, 15, 4], [5, 21, 6, 20]]"
12n_0482_85,"[[5, 21, 6, 20], [7, 16, 8, 17], [9, 13, 10, 12], [11, 18, 12, 19], [24, 14, 1, 13], [2, 15, 3, 16], [17, 23, 18, 22], [19, 10, 20, 11], [21, 7, 22, 6], [23, 8, 24, 9], [4, 2, 5, 1], [14, 3, 15, 4]]"
12n_0482_86,"[[14, 3, 15, 4], [5, 21, 6, 20], [7, 16, 8, 17], [9, 13, 10, 12], [11, 18, 12, 19], [24, 14, 1, 13], [2, 15, 3, 16], [17, 23, 18, 22], [19, 10, 20, 11], [21, 7, 22, 6], [23, 8, 24, 9], [4, 2, 5, 1]]"
12n_0482_87,"[[4, 2, 5, 1], [14, 3, 15, 4], [5, 21, 6, 20], [7, 16, 8, 17], [9, 13, 10, 12], [11, 18, 12, 19], [24, 14, 1, 13], [2, 15, 3, 16], [17, 23, 18, 22], [19, 10, 20, 11], [21, 7, 22, 6], [23, 8, 24, 9]]"
12n_0482_88,"[[23, 8, 24, 9], [4, 2, 5, 1], [14, 3, 15, 4], [5, 21, 6, 20], [7, 16, 8, 17], [9, 13, 10, 12], [11, 18, 12, 19], [24, 14, 1, 13], [2, 15, 3, 16], [17, 23, 18, 22], [19, 10, 20, 11], [21, 7, 22, 6]]"
12n_0482_89,"[[21, 7, 22, 6], [23, 8, 24, 9], [4, 2, 5, 1], [14, 3, 15, 4], [5, 21, 6, 20], [7, 16, 8, 17], [9, 13, 10, 12], [11, 18, 12, 19], [24, 14, 1, 13], [2, 15, 3, 16], [17, 23, 18, 22], [19, 10, 20, 11]]"
12n_0482_90,"[[19, 10, 20, 11], [21, 7, 22, 6], [23, 8, 24, 9], [4, 2, 5, 1], [14, 3, 15, 4], [5, 21, 6, 20], [7, 16, 8, 17], [9, 13, 10, 12], [11, 18, 12, 19], [24, 14, 1, 13], [2, 15, 3, 16], [17, 23, 18, 22]]"
12n_0482_91,"[[17, 23, 18, 22], [19, 10, 20, 11], [21, 7, 22, 6], [23, 8, 24, 9], [4, 2, 5, 1], [14, 3, 15, 4], [5, 21, 6, 20], [7, 16, 8, 17], [9, 13, 10, 12], [11, 18, 12, 19], [24, 14, 1, 13], [2, 15, 3, 16]]"
12n_0482_92,"[[2, 15, 3, 16], [17, 23, 18, 22], [19, 10, 20, 11], [21, 7, 22, 6], [23, 8, 24, 9], [4, 2, 5, 1], [14, 3, 15, 4], [5, 21, 6, 20], [7, 16, 8, 17], [9, 13, 10, 12], [11, 18, 12, 19], [24, 14, 1, 13]]"
12n_0482_93,"[[24, 14, 1, 13], [2, 15, 3, 16], [17, 23, 18, 22], [19, 10, 20, 11], [21, 7, 22, 6], [23, 8, 24, 9], [4, 2, 5, 1], [14, 3, 15, 4], [5, 21, 6, 20], [7, 16, 8, 17], [9, 13, 10, 12], [11, 18, 12, 19]]"
12n_0482_94,"[[11, 18, 12, 19], [24, 14, 1, 13], [2, 15, 3, 16], [17, 23, 18, 22], [19, 10, 20, 11], [21, 7, 22, 6], [23, 8, 24, 9], [4, 2, 5, 1], [14, 3, 15, 4], [5, 21, 6, 20], [7, 16, 8, 17], [9, 13, 10, 12]]"
12n_0482_95,"[[9, 13, 10, 12], [11, 18, 12, 19], [24, 14, 1, 13], [2, 15, 3, 16], [17, 23, 18, 22], [19, 10, 20, 11], [21, 7, 22, 6], [23, 8, 24, 9], [4, 2, 5, 1], [14, 3, 15, 4], [5, 21, 6, 20], [7, 16, 8, 17]]"
12n_0482_96,"[[8, 17, 9, 18], [10, 14, 11, 13], [12, 19, 13, 20], [1, 15, 2, 14], [3, 16, 4, 17], [18, 24, 19, 23], [20, 11, 21, 12], [22, 8, 23, 7], [24, 9, 1, 10], [5, 3, 6, 2], [15, 4, 16, 5], [6, 22, 7, 21]]"
12n_0482_97,"[[6, 22, 7, 21], [8, 17, 9, 18], [10, 14, 11, 13], [12, 19, 13, 20], [1, 15, 2, 14], [3, 16, 4, 17], [18, 24, 19, 23], [20, 11, 21, 12], [22, 8, 23, 7], [24, 9, 1, 10], [5, 3, 6, 2], [15, 4, 16, 5]]"
12n_0482_98,"[[15, 4, 16, 5], [6, 22, 7, 21], [8, 17, 9, 18], [10, 14, 11, 13], [12, 19, 13, 20], [1, 15, 2, 14], [3, 16, 4, 17], [18, 24, 19, 23], [20, 11, 21, 12], [22, 8, 23, 7], [24, 9, 1, 10], [5, 3, 6, 2]]"
12n_0482_99,"[[5, 3, 6, 2], [15, 4, 16, 5], [6, 22, 7, 21], [8, 17, 9, 18], [10, 14, 11, 13], [12, 19, 13, 20], [1, 15, 2, 14], [3, 16, 4, 17], [18, 24, 19, 23], [20, 11, 21, 12], [22, 8, 23, 7], [24, 9, 1, 10]]"
12n_0482_100,"[[24, 9, 1, 10], [5, 3, 6, 2], [15, 4, 16, 5], [6, 22, 7, 21], [8, 17, 9, 18], [10, 14, 11, 13], [12, 19, 13, 20], [1, 15, 2, 14], [3, 16, 4, 17], [18, 24, 19, 23], [20, 11, 21, 12], [22, 8, 23, 7]]"
12n_0482_101,"[[22, 8, 23, 7], [24, 9, 1, 10], [5, 3, 6, 2], [15, 4, 16, 5], [6, 22, 7, 21], [8, 17, 9, 18], [10, 14, 11, 13], [12, 19, 13, 20], [1, 15, 2, 14], [3, 16, 4, 17], [18, 24, 19, 23], [20, 11, 21, 12]]"
12n_0482_102,"[[20, 11, 21, 12], [22, 8, 23, 7], [24, 9, 1, 10], [5, 3, 6, 2], [15, 4, 16, 5], [6, 22, 7, 21], [8, 17, 9, 18], [10, 14, 11, 13], [12, 19, 13, 20], [1, 15, 2, 14], [3, 16, 4, 17], [18, 24, 19, 23]]"
12n_0482_103,"[[18, 24, 19, 23], [20, 11, 21, 12], [22, 8, 23, 7], [24, 9, 1, 10], [5, 3, 6, 2], [15, 4, 16, 5], [6, 22, 7, 21], [8, 17, 9, 18], [10, 14, 11, 13], [12, 19, 13, 20], [1, 15, 2, 14], [3, 16, 4, 17]]"
12n_0482_104,"[[3, 16, 4, 17], [18, 24, 19, 23], [20, 11, 21, 12], [22, 8, 23, 7], [24, 9, 1, 10], [5, 3, 6, 2], [15, 4, 16, 5], [6, 22, 7, 21], [8, 17, 9, 18], [10, 14, 11, 13], [12, 19, 13, 20], [1, 15, 2, 14]]"
12n_0482_105,"[[1, 15, 2, 14], [3, 16, 4, 17], [18, 24, 19, 23], [20, 11, 21, 12], [22, 8, 23, 7], [24, 9, 1, 10], [5, 3, 6, 2], [15, 4, 16, 5], [6, 22, 7, 21], [8, 17, 9, 18], [10, 14, 11, 13], [12, 19, 13, 20]]"
12n_0482_106,"[[12, 19, 13, 20], [1, 15, 2, 14], [3, 16, 4, 17], [18, 24, 19, 23], [20, 11, 21, 12], [22, 8, 23, 7], [24, 9, 1, 10], [5, 3, 6, 2], [15, 4, 16, 5], [6, 22, 7, 21], [8, 17, 9, 18], [10, 14, 11, 13]]"
12n_0482_107,"[[10, 14, 11, 13], [12, 19, 13, 20], [1, 15, 2, 14], [3, 16, 4, 17], [18, 24, 19, 23], [20, 11, 21, 12], [22, 8, 23, 7], [24, 9, 1, 10], [5, 3, 6, 2], [15, 4, 16, 5], [6, 22, 7, 21], [8, 17, 9, 18]]"
12n_0482_108,"[[9, 18, 10, 19], [11, 15, 12, 14], [13, 20, 14, 21], [2, 16, 3, 15], [4, 17, 5, 18], [19, 1, 20, 24], [21, 12, 22, 13], [23, 9, 24, 8], [1, 10, 2, 11], [6, 4, 7, 3], [16, 5, 17, 6], [7, 23, 8, 22]]"
12n_0482_109,"[[7, 23, 8, 22], [9, 18, 10, 19], [11, 15, 12, 14], [13, 20, 14, 21], [2, 16, 3, 15], [4, 17, 5, 18], [19, 1, 20, 24], [21, 12, 22, 13], [23, 9, 24, 8], [1, 10, 2, 11], [6, 4, 7, 3], [16, 5, 17, 6]]"
12n_0482_110,"[[16, 5, 17, 6], [7, 23, 8, 22], [9, 18, 10, 19], [11, 15, 12, 14], [13, 20, 14, 21], [2, 16, 3, 15], [4, 17, 5, 18], [19, 1, 20, 24], [21, 12, 22, 13], [23, 9, 24, 8], [1, 10, 2, 11], [6, 4, 7, 3]]"
12n_0482_111,"[[6, 4, 7, 3], [16, 5, 17, 6], [7, 23, 8, 22], [9, 18, 10, 19], [11, 15, 12, 14], [13, 20, 14, 21], [2, 16, 3, 15], [4, 17, 5, 18], [19, 1, 20, 24], [21, 12, 22, 13], [23, 9, 24, 8], [1, 10, 2, 11]]"
12n_0482_112,"[[1, 10, 2, 11], [6, 4, 7, 3], [16, 5, 17, 6], [7, 23, 8, 22], [9, 18, 10, 19], [11, 15, 12, 14], [13, 20, 14, 21], [2, 16, 3, 15], [4, 17, 5, 18], [19, 1, 20, 24], [21, 12, 22, 13], [23, 9, 24, 8]]"
12n_0482_113,"[[23, 9, 24, 8], [1, 10, 2, 11], [6, 4, 7, 3], [16, 5, 17, 6], [7, 23, 8, 22], [9, 18, 10, 19], [11, 15, 12, 14], [13, 20, 14, 21], [2, 16, 3, 15], [4, 17, 5, 18], [19, 1, 20, 24], [21, 12, 22, 13]]"
12n_0482_114,"[[21, 12, 22, 13], [23, 9, 24, 8], [1, 10, 2, 11], [6, 4, 7, 3], [16, 5, 17, 6], [7, 23, 8, 22], [9, 18, 10, 19], [11, 15, 12, 14], [13, 20, 14, 21], [2, 16, 3, 15], [4, 17, 5, 18], [19, 1, 20, 24]]"
12n_0482_115,"[[19, 1, 20, 24], [21, 12, 22, 13], [23, 9, 24, 8], [1, 10, 2, 11], [6, 4, 7, 3], [16, 5, 17, 6], [7, 23, 8, 22], [9, 18, 10, 19], [11, 15, 12, 14], [13, 20, 14, 21], [2, 16, 3, 15], [4, 17, 5, 18]]"
12n_0482_116,"[[4, 17, 5, 18], [19, 1, 20, 24], [21, 12, 22, 13], [23, 9, 24, 8], [1, 10, 2, 11], [6, 4, 7, 3], [16, 5, 17, 6], [7, 23, 8, 22], [9, 18, 10, 19], [11, 15, 12, 14], [13, 20, 14, 21], [2, 16, 3, 15]]"
12n_0482_117,"[[2, 16, 3, 15], [4, 17, 5, 18], [19, 1, 20, 24], [21, 12, 22, 13], [23, 9, 24, 8], [1, 10, 2, 11], [6, 4, 7, 3], [16, 5, 17, 6], [7, 23, 8, 22], [9, 18, 10, 19], [11, 15, 12, 14], [13, 20, 14, 21]]"
12n_0482_118,"[[13, 20, 14, 21], [2, 16, 3, 15], [4, 17, 5, 18], [19, 1, 20, 24], [21, 12, 22, 13], [23, 9, 24, 8], [1, 10, 2, 11], [6, 4, 7, 3], [16, 5, 17, 6], [7, 23, 8, 22], [9, 18, 10, 19], [11, 15, 12, 14]]"
12n_0482_119,"[[11, 15, 12, 14], [13, 20, 14, 21], [2, 16, 3, 15], [4, 17, 5, 18], [19, 1, 20, 24], [21, 12, 22, 13], [23, 9, 24, 8], [1, 10, 2, 11], [6, 4, 7, 3], [16, 5, 17, 6], [7, 23, 8, 22], [9, 18, 10, 19]]"
12n_0482_120,"[[10, 19, 11, 20], [12, 16, 13, 15], [14, 21, 15, 22], [3, 17, 4, 16], [5, 18, 6, 19], [20, 2, 21, 1], [22, 13, 23, 14], [24, 10, 1, 9], [2, 11, 3, 12], [7, 5, 8, 4], [17, 6, 18, 7], [8, 24, 9, 23]]"
12n_0482_121,"[[8, 24, 9, 23], [10, 19, 11, 20], [12, 16, 13, 15], [14, 21, 15, 22], [3, 17, 4, 16], [5, 18, 6, 19], [20, 2, 21, 1], [22, 13, 23, 14], [24, 10, 1, 9], [2, 11, 3, 12], [7, 5, 8, 4], [17, 6, 18, 7]]"
12n_0482_122,"[[17, 6, 18, 7], [8, 24, 9, 23], [10, 19, 11, 20], [12, 16, 13, 15], [14, 21, 15, 22], [3, 17, 4, 16], [5, 18, 6, 19], [20, 2, 21, 1], [22, 13, 23, 14], [24, 10, 1, 9], [2, 11, 3, 12], [7, 5, 8, 4]]"
12n_0482_123,"[[7, 5, 8, 4], [17, 6, 18, 7], [8, 24, 9, 23], [10, 19, 11, 20], [12, 16, 13, 15], [14, 21, 15, 22], [3, 17, 4, 16], [5, 18, 6, 19], [20, 2, 21, 1], [22, 13, 23, 14], [24, 10, 1, 9], [2, 11, 3, 12]]"
12n_0482_124,"[[2, 11, 3, 12], [7, 5, 8, 4], [17, 6, 18, 7], [8, 24, 9, 23], [10, 19, 11, 20], [12, 16, 13, 15], [14, 21, 15, 22], [3, 17, 4, 16], [5, 18, 6, 19], [20, 2, 21, 1], [22, 13, 23, 14], [24, 10, 1, 9]]"
12n_0482_125,"[[24, 10, 1, 9], [2, 11, 3, 12], [7, 5, 8, 4], [17, 6, 18, 7], [8, 24, 9, 23], [10, 19, 11, 20], [12, 16, 13, 15], [14, 21, 15, 22], [3, 17, 4, 16], [5, 18, 6, 19], [20, 2, 21, 1], [22, 13, 23, 14]]"
12n_0482_126,"[[22, 13, 23, 14], [24, 10, 1, 9], [2, 11, 3, 12], [7, 5, 8, 4], [17, 6, 18, 7], [8, 24, 9, 23], [10, 19, 11, 20], [12, 16, 13, 15], [14, 21, 15, 22], [3, 17, 4, 16], [5, 18, 6, 19], [20, 2, 21, 1]]"
12n_0482_127,"[[20, 2, 21, 1], [22, 13, 23, 14], [24, 10, 1, 9], [2, 11, 3, 12], [7, 5, 8, 4], [17, 6, 18, 7], [8, 24, 9, 23], [10, 19, 11, 20], [12, 16, 13, 15], [14, 21, 15, 22], [3, 17, 4, 16], [5, 18, 6, 19]]"
12n_0482_128,"[[5, 18, 6, 19], [20, 2, 21, 1], [22, 13, 23, 14], [24, 10, 1, 9], [2, 11, 3, 12], [7, 5, 8, 4], [17, 6, 18, 7], [8, 24, 9, 23], [10, 19, 11, 20], [12, 16, 13, 15], [14, 21, 15, 22], [3, 17, 4, 16]]"
12n_0482_129,"[[3, 17, 4, 16], [5, 18, 6, 19], [20, 2, 21, 1], [22, 13, 23, 14], [24, 10, 1, 9], [2, 11, 3, 12], [7, 5, 8, 4], [17, 6, 18, 7], [8, 24, 9, 23], [10, 19, 11, 20], [12, 16, 13, 15], [14, 21, 15, 22]]"
12n_0482_130,"[[14, 21, 15, 22], [3, 17, 4, 16], [5, 18, 6, 19], [20, 2, 21, 1], [22, 13, 23, 14], [24, 10, 1, 9], [2, 11, 3, 12], [7, 5, 8, 4], [17, 6, 18, 7], [8, 24, 9, 23], [10, 19, 11, 20], [12, 16, 13, 15]]"
12n_0482_131,"[[12, 16, 13, 15], [14, 21, 15, 22], [3, 17, 4, 16], [5, 18, 6, 19], [20, 2, 21, 1], [22, 13, 23, 14], [24, 10, 1, 9], [2, 11, 3, 12], [7, 5, 8, 4], [17, 6, 18, 7], [8, 24, 9, 23], [10, 19, 11, 20]]"
12n_0482_132,"[[11, 20, 12, 21], [13, 17, 14, 16], [15, 22, 16, 23], [4, 18, 5, 17], [6, 19, 7, 20], [21, 3, 22, 2], [23, 14, 24, 15], [1, 11, 2, 10], [3, 12, 4, 13], [8, 6, 9, 5], [18, 7, 19, 8], [9, 1, 10, 24]]"
12n_0482_133,"[[9, 1, 10, 24], [11, 20, 12, 21], [13, 17, 14, 16], [15, 22, 16, 23], [4, 18, 5, 17], [6, 19, 7, 20], [21, 3, 22, 2], [23, 14, 24, 15], [1, 11, 2, 10], [3, 12, 4, 13], [8, 6, 9, 5], [18, 7, 19, 8]]"
12n_0482_134,"[[18, 7, 19, 8], [9, 1, 10, 24], [11, 20, 12, 21], [13, 17, 14, 16], [15, 22, 16, 23], [4, 18, 5, 17], [6, 19, 7, 20], [21, 3, 22, 2], [23, 14, 24, 15], [1, 11, 2, 10], [3, 12, 4, 13], [8, 6, 9, 5]]"
12n_0482_135,"[[8, 6, 9, 5], [18, 7, 19, 8], [9, 1, 10, 24], [11, 20, 12, 21], [13, 17, 14, 16], [15, 22, 16, 23], [4, 18, 5, 17], [6, 19, 7, 20], [21, 3, 22, 2], [23, 14, 24, 15], [1, 11, 2, 10], [3, 12, 4, 13]]"
12n_0482_136,"[[3, 12, 4, 13], [8, 6, 9, 5], [18, 7, 19, 8], [9, 1, 10, 24], [11, 20, 12, 21], [13, 17, 14, 16], [15, 22, 16, 23], [4, 18, 5, 17], [6, 19, 7, 20], [21, 3, 22, 2], [23, 14, 24, 15], [1, 11, 2, 10]]"
12n_0482_137,"[[1, 11, 2, 10], [3, 12, 4, 13], [8, 6, 9, 5], [18, 7, 19, 8], [9, 1, 10, 24], [11, 20, 12, 21], [13, 17, 14, 16], [15, 22, 16, 23], [4, 18, 5, 17], [6, 19, 7, 20], [21, 3, 22, 2], [23, 14, 24, 15]]"
12n_0482_138,"[[23, 14, 24, 15], [1, 11, 2, 10], [3, 12, 4, 13], [8, 6, 9, 5], [18, 7, 19, 8], [9, 1, 10, 24], [11, 20, 12, 21], [13, 17, 14, 16], [15, 22, 16, 23], [4, 18, 5, 17], [6, 19, 7, 20], [21, 3, 22, 2]]"
12n_0482_139,"[[21, 3, 22, 2], [23, 14, 24, 15], [1, 11, 2, 10], [3, 12, 4, 13], [8, 6, 9, 5], [18, 7, 19, 8], [9, 1, 10, 24], [11, 20, 12, 21], [13, 17, 14, 16], [15, 22, 16, 23], [4, 18, 5, 17], [6, 19, 7, 20]]"
12n_0482_140,"[[6, 19, 7, 20], [21, 3, 22, 2], [23, 14, 24, 15], [1, 11, 2, 10], [3, 12, 4, 13], [8, 6, 9, 5], [18, 7, 19, 8], [9, 1, 10, 24], [11, 20, 12, 21], [13, 17, 14, 16], [15, 22, 16, 23], [4, 18, 5, 17]]"
12n_0482_141,"[[4, 18, 5, 17], [6, 19, 7, 20], [21, 3, 22, 2], [23, 14, 24, 15], [1, 11, 2, 10], [3, 12, 4, 13], [8, 6, 9, 5], [18, 7, 19, 8], [9, 1, 10, 24], [11, 20, 12, 21], [13, 17, 14, 16], [15, 22, 16, 23]]"
12n_0482_142,"[[15, 22, 16, 23], [4, 18, 5, 17], [6, 19, 7, 20], [21, 3, 22, 2], [23, 14, 24, 15], [1, 11, 2, 10], [3, 12, 4, 13], [8, 6, 9, 5], [18, 7, 19, 8], [9, 1, 10, 24], [11, 20, 12, 21], [13, 17, 14, 16]]"
12n_0482_143,"[[13, 17, 14, 16], [15, 22, 16, 23], [4, 18, 5, 17], [6, 19, 7, 20], [21, 3, 22, 2], [23, 14, 24, 15], [1, 11, 2, 10], [3, 12, 4, 13], [8, 6, 9, 5], [18, 7, 19, 8], [9, 1, 10, 24], [11, 20, 12, 21]]"
12n_0482_144,"[[12, 21, 13, 22], [14, 18, 15, 17], [16, 23, 17, 24], [5, 19, 6, 18], [7, 20, 8, 21], [22, 4, 23, 3], [24, 15, 1, 16], [2, 12, 3, 11], [4, 13, 5, 14], [9, 7, 10, 6], [19, 8, 20, 9], [10, 2, 11, 1]]"
12n_0482_145,"[[10, 2, 11, 1], [12, 21, 13, 22], [14, 18, 15, 17], [16, 23, 17, 24], [5, 19, 6, 18], [7, 20, 8, 21], [22, 4, 23, 3], [24, 15, 1, 16], [2, 12, 3, 11], [4, 13, 5, 14], [9, 7, 10, 6], [19, 8, 20, 9]]"
12n_0482_146,"[[19, 8, 20, 9], [10, 2, 11, 1], [12, 21, 13, 22], [14, 18, 15, 17], [16, 23, 17, 24], [5, 19, 6, 18], [7, 20, 8, 21], [22, 4, 23, 3], [24, 15, 1, 16], [2, 12, 3, 11], [4, 13, 5, 14], [9, 7, 10, 6]]"
12n_0482_147,"[[9, 7, 10, 6], [19, 8, 20, 9], [10, 2, 11, 1], [12, 21, 13, 22], [14, 18, 15, 17], [16, 23, 17, 24], [5, 19, 6, 18], [7, 20, 8, 21], [22, 4, 23, 3], [24, 15, 1, 16], [2, 12, 3, 11], [4, 13, 5, 14]]"
12n_0482_148,"[[4, 13, 5, 14], [9, 7, 10, 6], [19, 8, 20, 9], [10, 2, 11, 1], [12, 21, 13, 22], [14, 18, 15, 17], [16, 23, 17, 24], [5, 19, 6, 18], [7, 20, 8, 21], [22, 4, 23, 3], [24, 15, 1, 16], [2, 12, 3, 11]]"
12n_0482_149,"[[2, 12, 3, 11], [4, 13, 5, 14], [9, 7, 10, 6], [19, 8, 20, 9], [10, 2, 11, 1], [12, 21, 13, 22], [14, 18, 15, 17], [16, 23, 17, 24], [5, 19, 6, 18], [7, 20, 8, 21], [22, 4, 23, 3], [24, 15, 1, 16]]"
12n_0482_150,"[[24, 15, 1, 16], [2, 12, 3, 11], [4, 13, 5, 14], [9, 7, 10, 6], [19, 8, 20, 9], [10, 2, 11, 1], [12, 21, 13, 22], [14, 18, 15, 17], [16, 23, 17, 24], [5, 19, 6, 18], [7, 20, 8, 21], [22, 4, 23, 3]]"
12n_0482_151,"[[22, 4, 23, 3], [24, 15, 1, 16], [2, 12, 3, 11], [4, 13, 5, 14], [9, 7, 10, 6], [19, 8, 20, 9], [10, 2, 11, 1], [12, 21, 13, 22], [14, 18, 15, 17], [16, 23, 17, 24], [5, 19, 6, 18], [7, 20, 8, 21]]"
12n_0482_152,"[[7, 20, 8, 21], [22, 4, 23, 3], [24, 15, 1, 16], [2, 12, 3, 11], [4, 13, 5, 14], [9, 7, 10, 6], [19, 8, 20, 9], [10, 2, 11, 1], [12, 21, 13, 22], [14, 18, 15, 17], [16, 23, 17, 24], [5, 19, 6, 18]]"
12n_0482_153,"[[5, 19, 6, 18], [7, 20, 8, 21], [22, 4, 23, 3], [24, 15, 1, 16], [2, 12, 3, 11], [4, 13, 5, 14], [9, 7, 10, 6], [19, 8, 20, 9], [10, 2, 11, 1], [12, 21, 13, 22], [14, 18, 15, 17], [16, 23, 17, 24]]"
12n_0482_154,"[[16, 23, 17, 24], [5, 19, 6, 18], [7, 20, 8, 21], [22, 4, 23, 3], [24, 15, 1, 16], [2, 12, 3, 11], [4, 13, 5, 14], [9, 7, 10, 6], [19, 8, 20, 9], [10, 2, 11, 1], [12, 21, 13, 22], [14, 18, 15, 17]]"
12n_0482_155,"[[14, 18, 15, 17], [16, 23, 17, 24], [5, 19, 6, 18], [7, 20, 8, 21], [22, 4, 23, 3], [24, 15, 1, 16], [2, 12, 3, 11], [4, 13, 5, 14], [9, 7, 10, 6], [19, 8, 20, 9], [10, 2, 11, 1], [12, 21, 13, 22]]"
12n_0482_156,"[[13, 22, 14, 23], [15, 19, 16, 18], [17, 24, 18, 1], [6, 20, 7, 19], [8, 21, 9, 22], [23, 5, 24, 4], [1, 16, 2, 17], [3, 13, 4, 12], [5, 14, 6, 15], [10, 8, 11, 7], [20, 9, 21, 10], [11, 3, 12, 2]]"
12n_0482_157,"[[11, 3, 12, 2], [13, 22, 14, 23], [15, 19, 16, 18], [17, 24, 18, 1], [6, 20, 7, 19], [8, 21, 9, 22], [23, 5, 24, 4], [1, 16, 2, 17], [3, 13, 4, 12], [5, 14, 6, 15], [10, 8, 11, 7], [20, 9, 21, 10]]"
12n_0482_158,"[[20, 9, 21, 10], [11, 3, 12, 2], [13, 22, 14, 23], [15, 19, 16, 18], [17, 24, 18, 1], [6, 20, 7, 19], [8, 21, 9, 22], [23, 5, 24, 4], [1, 16, 2, 17], [3, 13, 4, 12], [5, 14, 6, 15], [10, 8, 11, 7]]"
12n_0482_159,"[[10, 8, 11, 7], [20, 9, 21, 10], [11, 3, 12, 2], [13, 22, 14, 23], [15, 19, 16, 18], [17, 24, 18, 1], [6, 20, 7, 19], [8, 21, 9, 22], [23, 5, 24, 4], [1, 16, 2, 17], [3, 13, 4, 12], [5, 14, 6, 15]]"
12n_0482_160,"[[5, 14, 6, 15], [10, 8, 11, 7], [20, 9, 21, 10], [11, 3, 12, 2], [13, 22, 14, 23], [15, 19, 16, 18], [17, 24, 18, 1], [6, 20, 7, 19], [8, 21, 9, 22], [23, 5, 24, 4], [1, 16, 2, 17], [3, 13, 4, 12]]"
12n_0482_161,"[[3, 13, 4, 12], [5, 14, 6, 15], [10, 8, 11, 7], [20, 9, 21, 10], [11, 3, 12, 2], [13, 22, 14, 23], [15, 19, 16, 18], [17, 24, 18, 1], [6, 20, 7, 19], [8, 21, 9, 22], [23, 5, 24, 4], [1, 16, 2, 17]]"
12n_0482_162,"[[1, 16, 2, 17], [3, 13, 4, 12], [5, 14, 6, 15], [10, 8, 11, 7], [20, 9, 21, 10], [11, 3, 12, 2], [13, 22, 14, 23], [15, 19, 16, 18], [17, 24, 18, 1], [6, 20, 7, 19], [8, 21, 9, 22], [23, 5, 24, 4]]"
12n_0482_163,"[[23, 5, 24, 4], [1, 16, 2, 17], [3, 13, 4, 12], [5, 14, 6, 15], [10, 8, 11, 7], [20, 9, 21, 10], [11, 3, 12, 2], [13, 22, 14, 23], [15, 19, 16, 18], [17, 24, 18, 1], [6, 20, 7, 19], [8, 21, 9, 22]]"
12n_0482_164,"[[8, 21, 9, 22], [23, 5, 24, 4], [1, 16, 2, 17], [3, 13, 4, 12], [5, 14, 6, 15], [10, 8, 11, 7], [20, 9, 21, 10], [11, 3, 12, 2], [13, 22, 14, 23], [15, 19, 16, 18], [17, 24, 18, 1], [6, 20, 7, 19]]"
12n_0482_165,"[[6, 20, 7, 19], [8, 21, 9, 22], [23, 5, 24, 4], [1, 16, 2, 17], [3, 13, 4, 12], [5, 14, 6, 15], [10, 8, 11, 7], [20, 9, 21, 10], [11, 3, 12, 2], [13, 22, 14, 23], [15, 19, 16, 18], [17, 24, 18, 1]]"
12n_0482_166,"[[17, 24, 18, 1], [6, 20, 7, 19], [8, 21, 9, 22], [23, 5, 24, 4], [1, 16, 2, 17], [3, 13, 4, 12], [5, 14, 6, 15], [10, 8, 11, 7], [20, 9, 21, 10], [11, 3, 12, 2], [13, 22, 14, 23], [15, 19, 16, 18]]"
12n_0482_167,"[[15, 19, 16, 18], [17, 24, 18, 1], [6, 20, 7, 19], [8, 21, 9, 22], [23, 5, 24, 4], [1, 16, 2, 17], [3, 13, 4, 12], [5, 14, 6, 15], [10, 8, 11, 7], [20, 9, 21, 10], [11, 3, 12, 2], [13, 22, 14, 23]]"
12n_0482_168,"[[14, 23, 15, 24], [16, 20, 17, 19], [18, 1, 19, 2], [7, 21, 8, 20], [9, 22, 10, 23], [24, 6, 1, 5], [2, 17, 3, 18], [4, 14, 5, 13], [6, 15, 7, 16], [11, 9, 12, 8], [21, 10, 22, 11], [12, 4, 13, 3]]"
12n_0482_169,"[[12, 4, 13, 3], [14, 23, 15, 24], [16, 20, 17, 19], [18, 1, 19, 2], [7, 21, 8, 20], [9, 22, 10, 23], [24, 6, 1, 5], [2, 17, 3, 18], [4, 14, 5, 13], [6, 15, 7, 16], [11, 9, 12, 8], [21, 10, 22, 11]]"
12n_0482_170,"[[21, 10, 22, 11], [12, 4, 13, 3], [14, 23, 15, 24], [16, 20, 17, 19], [18, 1, 19, 2], [7, 21, 8, 20], [9, 22, 10, 23], [24, 6, 1, 5], [2, 17, 3, 18], [4, 14, 5, 13], [6, 15, 7, 16], [11, 9, 12, 8]]"
12n_0482_171,"[[11, 9, 12, 8], [21, 10, 22, 11], [12, 4, 13, 3], [14, 23, 15, 24], [16, 20, 17, 19], [18, 1, 19, 2], [7, 21, 8, 20], [9, 22, 10, 23], [24, 6, 1, 5], [2, 17, 3, 18], [4, 14, 5, 13], [6, 15, 7, 16]]"
12n_0482_172,"[[6, 15, 7, 16], [11, 9, 12, 8], [21, 10, 22, 11], [12, 4, 13, 3], [14, 23, 15, 24], [16, 20, 17, 19], [18, 1, 19, 2], [7, 21, 8, 20], [9, 22, 10, 23], [24, 6, 1, 5], [2, 17, 3, 18], [4, 14, 5, 13]]"
12n_0482_173,"[[4, 14, 5, 13], [6, 15, 7, 16], [11, 9, 12, 8], [21, 10, 22, 11], [12, 4, 13, 3], [14, 23, 15, 24], [16, 20, 17, 19], [18, 1, 19, 2], [7, 21, 8, 20], [9, 22, 10, 23], [24, 6, 1, 5], [2, 17, 3, 18]]"
12n_0482_174,"[[2, 17, 3, 18], [4, 14, 5, 13], [6, 15, 7, 16], [11, 9, 12, 8], [21, 10, 22, 11], [12, 4, 13, 3], [14, 23, 15, 24], [16, 20, 17, 19], [18, 1, 19, 2], [7, 21, 8, 20], [9, 22, 10, 23], [24, 6, 1, 5]]"
12n_0482_175,"[[24, 6, 1, 5], [2, 17, 3, 18], [4, 14, 5, 13], [6, 15, 7, 16], [11, 9, 12, 8], [21, 10, 22, 11], [12, 4, 13, 3], [14, 23, 15, 24], [16, 20, 17, 19], [18, 1, 19, 2], [7, 21, 8, 20], [9, 22, 10, 23]]"
12n_0482_176,"[[9, 22, 10, 23], [24, 6, 1, 5], [2, 17, 3, 18], [4, 14, 5, 13], [6, 15, 7, 16], [11, 9, 12, 8], [21, 10, 22, 11], [12, 4, 13, 3], [14, 23, 15, 24], [16, 20, 17, 19], [18, 1, 19, 2], [7, 21, 8, 20]]"
12n_0482_177,"[[7, 21, 8, 20], [9, 22, 10, 23], [24, 6, 1, 5], [2, 17, 3, 18], [4, 14, 5, 13], [6, 15, 7, 16], [11, 9, 12, 8], [21, 10, 22, 11], [12, 4, 13, 3], [14, 23, 15, 24], [16, 20, 17, 19], [18, 1, 19, 2]]"
12n_0482_178,"[[18, 1, 19, 2], [7, 21, 8, 20], [9, 22, 10, 23], [24, 6, 1, 5], [2, 17, 3, 18], [4, 14, 5, 13], [6, 15, 7, 16], [11, 9, 12, 8], [21, 10, 22, 11], [12, 4, 13, 3], [14, 23, 15, 24], [16, 20, 17, 19]]"
12n_0482_179,"[[16, 20, 17, 19], [18, 1, 19, 2], [7, 21, 8, 20], [9, 22, 10, 23], [24, 6, 1, 5], [2, 17, 3, 18], [4, 14, 5, 13], [6, 15, 7, 16], [11, 9, 12, 8], [21, 10, 22, 11], [12, 4, 13, 3], [14, 23, 15, 24]]"
12n_0482_180,"[[15, 24, 16, 1], [17, 21, 18, 20], [19, 2, 20, 3], [8, 22, 9, 21], [10, 23, 11, 24], [1, 7, 2, 6], [3, 18, 4, 19], [5, 15, 6, 14], [7, 16, 8, 17], [12, 10, 13, 9], [22, 11, 23, 12], [13, 5, 14, 4]]"
12n_0482_181,"[[13, 5, 14, 4], [15, 24, 16, 1], [17, 21, 18, 20], [19, 2, 20, 3], [8, 22, 9, 21], [10, 23, 11, 24], [1, 7, 2, 6], [3, 18, 4, 19], [5, 15, 6, 14], [7, 16, 8, 17], [12, 10, 13, 9], [22, 11, 23, 12]]"
12n_0482_182,"[[22, 11, 23, 12], [13, 5, 14, 4], [15, 24, 16, 1], [17, 21, 18, 20], [19, 2, 20, 3], [8, 22, 9, 21], [10, 23, 11, 24], [1, 7, 2, 6], [3, 18, 4, 19], [5, 15, 6, 14], [7, 16, 8, 17], [12, 10, 13, 9]]"
12n_0482_183,"[[12, 10, 13, 9], [22, 11, 23, 12], [13, 5, 14, 4], [15, 24, 16, 1], [17, 21, 18, 20], [19, 2, 20, 3], [8, 22, 9, 21], [10, 23, 11, 24], [1, 7, 2, 6], [3, 18, 4, 19], [5, 15, 6, 14], [7, 16, 8, 17]]"
12n_0482_184,"[[7, 16, 8, 17], [12, 10, 13, 9], [22, 11, 23, 12], [13, 5, 14, 4], [15, 24, 16, 1], [17, 21, 18, 20], [19, 2, 20, 3], [8, 22, 9, 21], [10, 23, 11, 24], [1, 7, 2, 6], [3, 18, 4, 19], [5, 15, 6, 14]]"
12n_0482_185,"[[5, 15, 6, 14], [7, 16, 8, 17], [12, 10, 13, 9], [22, 11, 23, 12], [13, 5, 14, 4], [15, 24, 16, 1], [17, 21, 18, 20], [19, 2, 20, 3], [8, 22, 9, 21], [10, 23, 11, 24], [1, 7, 2, 6], [3, 18, 4, 19]]"
