name,pd_notation
12n_0885_0,"[[13, 24, 14, 1], [2, 8, 3, 7], [4, 22, 5, 21], [6, 19, 7, 20], [8, 18, 9, 17], [10, 4, 11, 3], [12, 5, 13, 6], [23, 14, 24, 15], [16, 10, 17, 9], [18, 2, 19, 1], [20, 11, 21, 12], [15, 22, 16, 23]]"
12n_0885_1,"[[15, 22, 16, 23], [13, 24, 14, 1], [2, 8, 3, 7], [4, 22, 5, 21], [6, 19, 7, 20], [8, 18, 9, 17], [10, 4, 11, 3], [12, 5, 13, 6], [23, 14, 24, 15], [16, 10, 17, 9], [18, 2, 19, 1], [20, 11, 21, 12]]"
12n_0885_2,"[[20, 11, 21, 12], [15, 22, 16, 23], [13, 24, 14, 1], [2, 8, 3, 7], [4, 22, 5, 21], [6, 19, 7, 20], [8, 18, 9, 17], [10, 4, 11, 3], [12, 5, 13, 6], [23, 14, 24, 15], [16, 10, 17, 9], [18, 2, 19, 1]]"
12n_0885_3,"[[18, 2, 19, 1], [20, 11, 21, 12], [15, 22, 16, 23], [13, 24, 14, 1], [2, 8, 3, 7], [4, 22, 5, 21], [6, 19, 7, 20], [8, 18, 9, 17], [10, 4, 11, 3], [12, 5, 13, 6], [23, 14, 24, 15], [16, 10, 17, 9]]"
12n_0885_4,"[[16, 10, 17, 9], [18, 2, 19, 1], [20, 11, 21, 12], [15, 22, 16, 23], [13, 24, 14, 1], [2, 8, 3, 7], [4, 22, 5, 21], [6, 19, 7, 20], [8, 18, 9, 17], [10, 4, 11, 3], [12, 5, 13, 6], [23, 14, 24, 15]]"
12n_0885_5,"[[23, 14, 24, 15], [16, 10, 17, 9], [18, 2, 19, 1], [20, 11, 21, 12], [15, 22, 16, 23], [13, 24, 14, 1], [2, 8, 3, 7], [4, 22, 5, 21], [6, 19, 7, 20], [8, 18, 9, 17], [10, 4, 11, 3], [12, 5, 13, 6]]"
12n_0885_6,"[[12, 5, 13, 6], [23, 14, 24, 15], [16, 10, 17, 9], [18, 2, 19, 1], [20, 11, 21, 12], [15, 22, 16, 23], [13, 24, 14, 1], [2, 8, 3, 7], [4, 22, 5, 21], [6, 19, 7, 20], [8, 18, 9, 17], [10, 4, 11, 3]]"
12n_0885_7,"[[10, 4, 11, 3], [12, 5, 13, 6], [23, 14, 24, 15], [16, 10, 17, 9], [18, 2, 19, 1], [20, 11, 21, 12], [15, 22, 16, 23], [13, 24, 14, 1], [2, 8, 3, 7], [4, 22, 5, 21], [6, 19, 7, 20], [8, 18, 9, 17]]"
12n_0885_8,"[[8, 18, 9, 17], [10, 4, 11, 3], [12, 5, 13, 6], [23, 14, 24, 15], [16, 10, 17, 9], [18, 2, 19, 1], [20, 11, 21, 12], [15, 22, 16, 23], [13, 24, 14, 1], [2, 8, 3, 7], [4, 22, 5, 21], [6, 19, 7, 20]]"
12n_0885_9,"[[6, 19, 7, 20], [8, 18, 9, 17], [10, 4, 11, 3], [12, 5, 13, 6], [23, 14, 24, 15], [16, 10, 17, 9], [18, 2, 19, 1], [20, 11, 21, 12], [15, 22, 16, 23], [13, 24, 14, 1], [2, 8, 3, 7], [4, 22, 5, 21]]"
12n_0885_10,"[[4, 22, 5, 21], [6, 19, 7, 20], [8, 18, 9, 17], [10, 4, 11, 3], [12, 5, 13, 6], [23, 14, 24, 15], [16, 10, 17, 9], [18, 2, 19, 1], [20, 11, 21, 12], [15, 22, 16, 23], [13, 24, 14, 1], [2, 8, 3, 7]]"
12n_0885_11,"[[2, 8, 3, 7], [4, 22, 5, 21], [6, 19, 7, 20], [8, 18, 9, 17], [10, 4, 11, 3], [12, 5, 13, 6], [23, 14, 24, 15], [16, 10, 17, 9], [18, 2, 19, 1], [20, 11, 21, 12], [15, 22, 16, 23], [13, 24, 14, 1]]"
12n_0885_12,"[[14, 1, 15, 2], [3, 9, 4, 8], [5, 23, 6, 22], [7, 20, 8, 21], [9, 19, 10, 18], [11, 5, 12, 4], [13, 6, 14, 7], [24, 15, 1, 16], [17, 11, 18, 10], [19, 3, 20, 2], [21, 12, 22, 13], [16, 23, 17, 24]]"
12n_0885_13,"[[16, 23, 17, 24], [14, 1, 15, 2], [3, 9, 4, 8], [5, 23, 6, 22], [7, 20, 8, 21], [9, 19, 10, 18], [11, 5, 12, 4], [13, 6, 14, 7], [24, 15, 1, 16], [17, 11, 18, 10], [19, 3, 20, 2], [21, 12, 22, 13]]"
12n_0885_14,"[[21, 12, 22, 13], [16, 23, 17, 24], [14, 1, 15, 2], [3, 9, 4, 8], [5, 23, 6, 22], [7, 20, 8, 21], [9, 19, 10, 18], [11, 5, 12, 4], [13, 6, 14, 7], [24, 15, 1, 16], [17, 11, 18, 10], [19, 3, 20, 2]]"
12n_0885_15,"[[19, 3, 20, 2], [21, 12, 22, 13], [16, 23, 17, 24], [14, 1, 15, 2], [3, 9, 4, 8], [5, 23, 6, 22], [7, 20, 8, 21], [9, 19, 10, 18], [11, 5, 12, 4], [13, 6, 14, 7], [24, 15, 1, 16], [17, 11, 18, 10]]"
12n_0885_16,"[[17, 11, 18, 10], [19, 3, 20, 2], [21, 12, 22, 13], [16, 23, 17, 24], [14, 1, 15, 2], [3, 9, 4, 8], [5, 23, 6, 22], [7, 20, 8, 21], [9, 19, 10, 18], [11, 5, 12, 4], [13, 6, 14, 7], [24, 15, 1, 16]]"
12n_0885_17,"[[24, 15, 1, 16], [17, 11, 18, 10], [19, 3, 20, 2], [21, 12, 22, 13], [16, 23, 17, 24], [14, 1, 15, 2], [3, 9, 4, 8], [5, 23, 6, 22], [7, 20, 8, 21], [9, 19, 10, 18], [11, 5, 12, 4], [13, 6, 14, 7]]"
12n_0885_18,"[[13, 6, 14, 7], [24, 15, 1, 16], [17, 11, 18, 10], [19, 3, 20, 2], [21, 12, 22, 13], [16, 23, 17, 24], [14, 1, 15, 2], [3, 9, 4, 8], [5, 23, 6, 22], [7, 20, 8, 21], [9, 19, 10, 18], [11, 5, 12, 4]]"
12n_0885_19,"[[11, 5, 12, 4], [13, 6, 14, 7], [24, 15, 1, 16], [17, 11, 18, 10], [19, 3, 20, 2], [21, 12, 22, 13], [16, 23, 17, 24], [14, 1, 15, 2], [3, 9, 4, 8], [5, 23, 6, 22], [7, 20, 8, 21], [9, 19, 10, 18]]"
12n_0885_20,"[[9, 19, 10, 18], [11, 5, 12, 4], [13, 6, 14, 7], [24, 15, 1, 16], [17, 11, 18, 10], [19, 3, 20, 2], [21, 12, 22, 13], [16, 23, 17, 24], [14, 1, 15, 2], [3, 9, 4, 8], [5, 23, 6, 22], [7, 20, 8, 21]]"
12n_0885_21,"[[7, 20, 8, 21], [9, 19, 10, 18], [11, 5, 12, 4], [13, 6, 14, 7], [24, 15, 1, 16], [17, 11, 18, 10], [19, 3, 20, 2], [21, 12, 22, 13], [16, 23, 17, 24], [14, 1, 15, 2], [3, 9, 4, 8], [5, 23, 6, 22]]"
12n_0885_22,"[[5, 23, 6, 22], [7, 20, 8, 21], [9, 19, 10, 18], [11, 5, 12, 4], [13, 6, 14, 7], [24, 15, 1, 16], [17, 11, 18, 10], [19, 3, 20, 2], [21, 12, 22, 13], [16, 23, 17, 24], [14, 1, 15, 2], [3, 9, 4, 8]]"
12n_0885_23,"[[3, 9, 4, 8], [5, 23, 6, 22], [7, 20, 8, 21], [9, 19, 10, 18], [11, 5, 12, 4], [13, 6, 14, 7], [24, 15, 1, 16], [17, 11, 18, 10], [19, 3, 20, 2], [21, 12, 22, 13], [16, 23, 17, 24], [14, 1, 15, 2]]"
12n_0885_24,"[[15, 2, 16, 3], [4, 10, 5, 9], [6, 24, 7, 23], [8, 21, 9, 22], [10, 20, 11, 19], [12, 6, 13, 5], [14, 7, 15, 8], [1, 16, 2, 17], [18, 12, 19, 11], [20, 4, 21, 3], [22, 13, 23, 14], [17, 24, 18, 1]]"
12n_0885_25,"[[17, 24, 18, 1], [15, 2, 16, 3], [4, 10, 5, 9], [6, 24, 7, 23], [8, 21, 9, 22], [10, 20, 11, 19], [12, 6, 13, 5], [14, 7, 15, 8], [1, 16, 2, 17], [18, 12, 19, 11], [20, 4, 21, 3], [22, 13, 23, 14]]"
12n_0885_26,"[[22, 13, 23, 14], [17, 24, 18, 1], [15, 2, 16, 3], [4, 10, 5, 9], [6, 24, 7, 23], [8, 21, 9, 22], [10, 20, 11, 19], [12, 6, 13, 5], [14, 7, 15, 8], [1, 16, 2, 17], [18, 12, 19, 11], [20, 4, 21, 3]]"
12n_0885_27,"[[20, 4, 21, 3], [22, 13, 23, 14], [17, 24, 18, 1], [15, 2, 16, 3], [4, 10, 5, 9], [6, 24, 7, 23], [8, 21, 9, 22], [10, 20, 11, 19], [12, 6, 13, 5], [14, 7, 15, 8], [1, 16, 2, 17], [18, 12, 19, 11]]"
12n_0885_28,"[[18, 12, 19, 11], [20, 4, 21, 3], [22, 13, 23, 14], [17, 24, 18, 1], [15, 2, 16, 3], [4, 10, 5, 9], [6, 24, 7, 23], [8, 21, 9, 22], [10, 20, 11, 19], [12, 6, 13, 5], [14, 7, 15, 8], [1, 16, 2, 17]]"
12n_0885_29,"[[1, 16, 2, 17], [18, 12, 19, 11], [20, 4, 21, 3], [22, 13, 23, 14], [17, 24, 18, 1], [15, 2, 16, 3], [4, 10, 5, 9], [6, 24, 7, 23], [8, 21, 9, 22], [10, 20, 11, 19], [12, 6, 13, 5], [14, 7, 15, 8]]"
12n_0885_30,"[[14, 7, 15, 8], [1, 16, 2, 17], [18, 12, 19, 11], [20, 4, 21, 3], [22, 13, 23, 14], [17, 24, 18, 1], [15, 2, 16, 3], [4, 10, 5, 9], [6, 24, 7, 23], [8, 21, 9, 22], [10, 20, 11, 19], [12, 6, 13, 5]]"
12n_0885_31,"[[12, 6, 13, 5], [14, 7, 15, 8], [1, 16, 2, 17], [18, 12, 19, 11], [20, 4, 21, 3], [22, 13, 23, 14], [17, 24, 18, 1], [15, 2, 16, 3], [4, 10, 5, 9], [6, 24, 7, 23], [8, 21, 9, 22], [10, 20, 11, 19]]"
12n_0885_32,"[[10, 20, 11, 19], [12, 6, 13, 5], [14, 7, 15, 8], [1, 16, 2, 17], [18, 12, 19, 11], [20, 4, 21, 3], [22, 13, 23, 14], [17, 24, 18, 1], [15, 2, 16, 3], [4, 10, 5, 9], [6, 24, 7, 23], [8, 21, 9, 22]]"
12n_0885_33,"[[8, 21, 9, 22], [10, 20, 11, 19], [12, 6, 13, 5], [14, 7, 15, 8], [1, 16, 2, 17], [18, 12, 19, 11], [20, 4, 21, 3], [22, 13, 23, 14], [17, 24, 18, 1], [15, 2, 16, 3], [4, 10, 5, 9], [6, 24, 7, 23]]"
12n_0885_34,"[[6, 24, 7, 23], [8, 21, 9, 22], [10, 20, 11, 19], [12, 6, 13, 5], [14, 7, 15, 8], [1, 16, 2, 17], [18, 12, 19, 11], [20, 4, 21, 3], [22, 13, 23, 14], [17, 24, 18, 1], [15, 2, 16, 3], [4, 10, 5, 9]]"
12n_0885_35,"[[4, 10, 5, 9], [6, 24, 7, 23], [8, 21, 9, 22], [10, 20, 11, 19], [12, 6, 13, 5], [14, 7, 15, 8], [1, 16, 2, 17], [18, 12, 19, 11], [20, 4, 21, 3], [22, 13, 23, 14], [17, 24, 18, 1], [15, 2, 16, 3]]"
12n_0885_36,"[[16, 3, 17, 4], [5, 11, 6, 10], [7, 1, 8, 24], [9, 22, 10, 23], [11, 21, 12, 20], [13, 7, 14, 6], [15, 8, 16, 9], [2, 17, 3, 18], [19, 13, 20, 12], [21, 5, 22, 4], [23, 14, 24, 15], [18, 1, 19, 2]]"
12n_0885_37,"[[18, 1, 19, 2], [16, 3, 17, 4], [5, 11, 6, 10], [7, 1, 8, 24], [9, 22, 10, 23], [11, 21, 12, 20], [13, 7, 14, 6], [15, 8, 16, 9], [2, 17, 3, 18], [19, 13, 20, 12], [21, 5, 22, 4], [23, 14, 24, 15]]"
12n_0885_38,"[[23, 14, 24, 15], [18, 1, 19, 2], [16, 3, 17, 4], [5, 11, 6, 10], [7, 1, 8, 24], [9, 22, 10, 23], [11, 21, 12, 20], [13, 7, 14, 6], [15, 8, 16, 9], [2, 17, 3, 18], [19, 13, 20, 12], [21, 5, 22, 4]]"
12n_0885_39,"[[21, 5, 22, 4], [23, 14, 24, 15], [18, 1, 19, 2], [16, 3, 17, 4], [5, 11, 6, 10], [7, 1, 8, 24], [9, 22, 10, 23], [11, 21, 12, 20], [13, 7, 14, 6], [15, 8, 16, 9], [2, 17, 3, 18], [19, 13, 20, 12]]"
12n_0885_40,"[[19, 13, 20, 12], [21, 5, 22, 4], [23, 14, 24, 15], [18, 1, 19, 2], [16, 3, 17, 4], [5, 11, 6, 10], [7, 1, 8, 24], [9, 22, 10, 23], [11, 21, 12, 20], [13, 7, 14, 6], [15, 8, 16, 9], [2, 17, 3, 18]]"
12n_0885_41,"[[2, 17, 3, 18], [19, 13, 20, 12], [21, 5, 22, 4], [23, 14, 24, 15], [18, 1, 19, 2], [16, 3, 17, 4], [5, 11, 6, 10], [7, 1, 8, 24], [9, 22, 10, 23], [11, 21, 12, 20], [13, 7, 14, 6], [15, 8, 16, 9]]"
12n_0885_42,"[[15, 8, 16, 9], [2, 17, 3, 18], [19, 13, 20, 12], [21, 5, 22, 4], [23, 14, 24, 15], [18, 1, 19, 2], [16, 3, 17, 4], [5, 11, 6, 10], [7, 1, 8, 24], [9, 22, 10, 23], [11, 21, 12, 20], [13, 7, 14, 6]]"
12n_0885_43,"[[13, 7, 14, 6], [15, 8, 16, 9], [2, 17, 3, 18], [19, 13, 20, 12], [21, 5, 22, 4], [23, 14, 24, 15], [18, 1, 19, 2], [16, 3, 17, 4], [5, 11, 6, 10], [7, 1, 8, 24], [9, 22, 10, 23], [11, 21, 12, 20]]"
12n_0885_44,"[[11, 21, 12, 20], [13, 7, 14, 6], [15, 8, 16, 9], [2, 17, 3, 18], [19, 13, 20, 12], [21, 5, 22, 4], [23, 14, 24, 15], [18, 1, 19, 2], [16, 3, 17, 4], [5, 11, 6, 10], [7, 1, 8, 24], [9, 22, 10, 23]]"
12n_0885_45,"[[9, 22, 10, 23], [11, 21, 12, 20], [13, 7, 14, 6], [15, 8, 16, 9], [2, 17, 3, 18], [19, 13, 20, 12], [21, 5, 22, 4], [23, 14, 24, 15], [18, 1, 19, 2], [16, 3, 17, 4], [5, 11, 6, 10], [7, 1, 8, 24]]"
12n_0885_46,"[[7, 1, 8, 24], [9, 22, 10, 23], [11, 21, 12, 20], [13, 7, 14, 6], [15, 8, 16, 9], [2, 17, 3, 18], [19, 13, 20, 12], [21, 5, 22, 4], [23, 14, 24, 15], [18, 1, 19, 2], [16, 3, 17, 4], [5, 11, 6, 10]]"
12n_0885_47,"[[5, 11, 6, 10], [7, 1, 8, 24], [9, 22, 10, 23], [11, 21, 12, 20], [13, 7, 14, 6], [15, 8, 16, 9], [2, 17, 3, 18], [19, 13, 20, 12], [21, 5, 22, 4], [23, 14, 24, 15], [18, 1, 19, 2], [16, 3, 17, 4]]"
12n_0885_48,"[[17, 4, 18, 5], [6, 12, 7, 11], [8, 2, 9, 1], [10, 23, 11, 24], [12, 22, 13, 21], [14, 8, 15, 7], [16, 9, 17, 10], [3, 18, 4, 19], [20, 14, 21, 13], [22, 6, 23, 5], [24, 15, 1, 16], [19, 2, 20, 3]]"
12n_0885_49,"[[19, 2, 20, 3], [17, 4, 18, 5], [6, 12, 7, 11], [8, 2, 9, 1], [10, 23, 11, 24], [12, 22, 13, 21], [14, 8, 15, 7], [16, 9, 17, 10], [3, 18, 4, 19], [20, 14, 21, 13], [22, 6, 23, 5], [24, 15, 1, 16]]"
12n_0885_50,"[[24, 15, 1, 16], [19, 2, 20, 3], [17, 4, 18, 5], [6, 12, 7, 11], [8, 2, 9, 1], [10, 23, 11, 24], [12, 22, 13, 21], [14, 8, 15, 7], [16, 9, 17, 10], [3, 18, 4, 19], [20, 14, 21, 13], [22, 6, 23, 5]]"
12n_0885_51,"[[22, 6, 23, 5], [24, 15, 1, 16], [19, 2, 20, 3], [17, 4, 18, 5], [6, 12, 7, 11], [8, 2, 9, 1], [10, 23, 11, 24], [12, 22, 13, 21], [14, 8, 15, 7], [16, 9, 17, 10], [3, 18, 4, 19], [20, 14, 21, 13]]"
12n_0885_52,"[[20, 14, 21, 13], [22, 6, 23, 5], [24, 15, 1, 16], [19, 2, 20, 3], [17, 4, 18, 5], [6, 12, 7, 11], [8, 2, 9, 1], [10, 23, 11, 24], [12, 22, 13, 21], [14, 8, 15, 7], [16, 9, 17, 10], [3, 18, 4, 19]]"
12n_0885_53,"[[3, 18, 4, 19], [20, 14, 21, 13], [22, 6, 23, 5], [24, 15, 1, 16], [19, 2, 20, 3], [17, 4, 18, 5], [6, 12, 7, 11], [8, 2, 9, 1], [10, 23, 11, 24], [12, 22, 13, 21], [14, 8, 15, 7], [16, 9, 17, 10]]"
12n_0885_54,"[[16, 9, 17, 10], [3, 18, 4, 19], [20, 14, 21, 13], [22, 6, 23, 5], [24, 15, 1, 16], [19, 2, 20, 3], [17, 4, 18, 5], [6, 12, 7, 11], [8, 2, 9, 1], [10, 23, 11, 24], [12, 22, 13, 21], [14, 8, 15, 7]]"
12n_0885_55,"[[14, 8, 15, 7], [16, 9, 17, 10], [3, 18, 4, 19], [20, 14, 21, 13], [22, 6, 23, 5], [24, 15, 1, 16], [19, 2, 20, 3], [17, 4, 18, 5], [6, 12, 7, 11], [8, 2, 9, 1], [10, 23, 11, 24], [12, 22, 13, 21]]"
12n_0885_56,"[[12, 22, 13, 21], [14, 8, 15, 7], [16, 9, 17, 10], [3, 18, 4, 19], [20, 14, 21, 13], [22, 6, 23, 5], [24, 15, 1, 16], [19, 2, 20, 3], [17, 4, 18, 5], [6, 12, 7, 11], [8, 2, 9, 1], [10, 23, 11, 24]]"
12n_0885_57,"[[10, 23, 11, 24], [12, 22, 13, 21], [14, 8, 15, 7], [16, 9, 17, 10], [3, 18, 4, 19], [20, 14, 21, 13], [22, 6, 23, 5], [24, 15, 1, 16], [19, 2, 20, 3], [17, 4, 18, 5], [6, 12, 7, 11], [8, 2, 9, 1]]"
12n_0885_58,"[[8, 2, 9, 1], [10, 23, 11, 24], [12, 22, 13, 21], [14, 8, 15, 7], [16, 9, 17, 10], [3, 18, 4, 19], [20, 14, 21, 13], [22, 6, 23, 5], [24, 15, 1, 16], [19, 2, 20, 3], [17, 4, 18, 5], [6, 12, 7, 11]]"
12n_0885_59,"[[6, 12, 7, 11], [8, 2, 9, 1], [10, 23, 11, 24], [12, 22, 13, 21], [14, 8, 15, 7], [16, 9, 17, 10], [3, 18, 4, 19], [20, 14, 21, 13], [22, 6, 23, 5], [24, 15, 1, 16], [19, 2, 20, 3], [17, 4, 18, 5]]"
12n_0885_60,"[[18, 5, 19, 6], [7, 13, 8, 12], [9, 3, 10, 2], [11, 24, 12, 1], [13, 23, 14, 22], [15, 9, 16, 8], [17, 10, 18, 11], [4, 19, 5, 20], [21, 15, 22, 14], [23, 7, 24, 6], [1, 16, 2, 17], [20, 3, 21, 4]]"
12n_0885_61,"[[20, 3, 21, 4], [18, 5, 19, 6], [7, 13, 8, 12], [9, 3, 10, 2], [11, 24, 12, 1], [13, 23, 14, 22], [15, 9, 16, 8], [17, 10, 18, 11], [4, 19, 5, 20], [21, 15, 22, 14], [23, 7, 24, 6], [1, 16, 2, 17]]"
12n_0885_62,"[[1, 16, 2, 17], [20, 3, 21, 4], [18, 5, 19, 6], [7, 13, 8, 12], [9, 3, 10, 2], [11, 24, 12, 1], [13, 23, 14, 22], [15, 9, 16, 8], [17, 10, 18, 11], [4, 19, 5, 20], [21, 15, 22, 14], [23, 7, 24, 6]]"
12n_0885_63,"[[23, 7, 24, 6], [1, 16, 2, 17], [20, 3, 21, 4], [18, 5, 19, 6], [7, 13, 8, 12], [9, 3, 10, 2], [11, 24, 12, 1], [13, 23, 14, 22], [15, 9, 16, 8], [17, 10, 18, 11], [4, 19, 5, 20], [21, 15, 22, 14]]"
12n_0885_64,"[[21, 15, 22, 14], [23, 7, 24, 6], [1, 16, 2, 17], [20, 3, 21, 4], [18, 5, 19, 6], [7, 13, 8, 12], [9, 3, 10, 2], [11, 24, 12, 1], [13, 23, 14, 22], [15, 9, 16, 8], [17, 10, 18, 11], [4, 19, 5, 20]]"
12n_0885_65,"[[4, 19, 5, 20], [21, 15, 22, 14], [23, 7, 24, 6], [1, 16, 2, 17], [20, 3, 21, 4], [18, 5, 19, 6], [7, 13, 8, 12], [9, 3, 10, 2], [11, 24, 12, 1], [13, 23, 14, 22], [15, 9, 16, 8], [17, 10, 18, 11]]"
12n_0885_66,"[[17, 10, 18, 11], [4, 19, 5, 20], [21, 15, 22, 14], [23, 7, 24, 6], [1, 16, 2, 17], [20, 3, 21, 4], [18, 5, 19, 6], [7, 13, 8, 12], [9, 3, 10, 2], [11, 24, 12, 1], [13, 23, 14, 22], [15, 9, 16, 8]]"
12n_0885_67,"[[15, 9, 16, 8], [17, 10, 18, 11], [4, 19, 5, 20], [21, 15, 22, 14], [23, 7, 24, 6], [1, 16, 2, 17], [20, 3, 21, 4], [18, 5, 19, 6], [7, 13, 8, 12], [9, 3, 10, 2], [11, 24, 12, 1], [13, 23, 14, 22]]"
12n_0885_68,"[[13, 23, 14, 22], [15, 9, 16, 8], [17, 10, 18, 11], [4, 19, 5, 20], [21, 15, 22, 14], [23, 7, 24, 6], [1, 16, 2, 17], [20, 3, 21, 4], [18, 5, 19, 6], [7, 13, 8, 12], [9, 3, 10, 2], [11, 24, 12, 1]]"
12n_0885_69,"[[11, 24, 12, 1], [13, 23, 14, 22], [15, 9, 16, 8], [17, 10, 18, 11], [4, 19, 5, 20], [21, 15, 22, 14], [23, 7, 24, 6], [1, 16, 2, 17], [20, 3, 21, 4], [18, 5, 19, 6], [7, 13, 8, 12], [9, 3, 10, 2]]"
12n_0885_70,"[[9, 3, 10, 2], [11, 24, 12, 1], [13, 23, 14, 22], [15, 9, 16, 8], [17, 10, 18, 11], [4, 19, 5, 20], [21, 15, 22, 14], [23, 7, 24, 6], [1, 16, 2, 17], [20, 3, 21, 4], [18, 5, 19, 6], [7, 13, 8, 12]]"
12n_0885_71,"[[7, 13, 8, 12], [9, 3, 10, 2], [11, 24, 12, 1], [13, 23, 14, 22], [15, 9, 16, 8], [17, 10, 18, 11], [4, 19, 5, 20], [21, 15, 22, 14], [23, 7, 24, 6], [1, 16, 2, 17], [20, 3, 21, 4], [18, 5, 19, 6]]"
12n_0885_72,"[[19, 6, 20, 7], [8, 14, 9, 13], [10, 4, 11, 3], [12, 1, 13, 2], [14, 24, 15, 23], [16, 10, 17, 9], [18, 11, 19, 12], [5, 20, 6, 21], [22, 16, 23, 15], [24, 8, 1, 7], [2, 17, 3, 18], [21, 4, 22, 5]]"
12n_0885_73,"[[21, 4, 22, 5], [19, 6, 20, 7], [8, 14, 9, 13], [10, 4, 11, 3], [12, 1, 13, 2], [14, 24, 15, 23], [16, 10, 17, 9], [18, 11, 19, 12], [5, 20, 6, 21], [22, 16, 23, 15], [24, 8, 1, 7], [2, 17, 3, 18]]"
12n_0885_74,"[[2, 17, 3, 18], [21, 4, 22, 5], [19, 6, 20, 7], [8, 14, 9, 13], [10, 4, 11, 3], [12, 1, 13, 2], [14, 24, 15, 23], [16, 10, 17, 9], [18, 11, 19, 12], [5, 20, 6, 21], [22, 16, 23, 15], [24, 8, 1, 7]]"
12n_0885_75,"[[24, 8, 1, 7], [2, 17, 3, 18], [21, 4, 22, 5], [19, 6, 20, 7], [8, 14, 9, 13], [10, 4, 11, 3], [12, 1, 13, 2], [14, 24, 15, 23], [16, 10, 17, 9], [18, 11, 19, 12], [5, 20, 6, 21], [22, 16, 23, 15]]"
12n_0885_76,"[[22, 16, 23, 15], [24, 8, 1, 7], [2, 17, 3, 18], [21, 4, 22, 5], [19, 6, 20, 7], [8, 14, 9, 13], [10, 4, 11, 3], [12, 1, 13, 2], [14, 24, 15, 23], [16, 10, 17, 9], [18, 11, 19, 12], [5, 20, 6, 21]]"
12n_0885_77,"[[5, 20, 6, 21], [22, 16, 23, 15], [24, 8, 1, 7], [2, 17, 3, 18], [21, 4, 22, 5], [19, 6, 20, 7], [8, 14, 9, 13], [10, 4, 11, 3], [12, 1, 13, 2], [14, 24, 15, 23], [16, 10, 17, 9], [18, 11, 19, 12]]"
12n_0885_78,"[[18, 11, 19, 12], [5, 20, 6, 21], [22, 16, 23, 15], [24, 8, 1, 7], [2, 17, 3, 18], [21, 4, 22, 5], [19, 6, 20, 7], [8, 14, 9, 13], [10, 4, 11, 3], [12, 1, 13, 2], [14, 24, 15, 23], [16, 10, 17, 9]]"
12n_0885_79,"[[16, 10, 17, 9], [18, 11, 19, 12], [5, 20, 6, 21], [22, 16, 23, 15], [24, 8, 1, 7], [2, 17, 3, 18], [21, 4, 22, 5], [19, 6, 20, 7], [8, 14, 9, 13], [10, 4, 11, 3], [12, 1, 13, 2], [14, 24, 15, 23]]"
12n_0885_80,"[[14, 24, 15, 23], [16, 10, 17, 9], [18, 11, 19, 12], [5, 20, 6, 21], [22, 16, 23, 15], [24, 8, 1, 7], [2, 17, 3, 18], [21, 4, 22, 5], [19, 6, 20, 7], [8, 14, 9, 13], [10, 4, 11, 3], [12, 1, 13, 2]]"
12n_0885_81,"[[12, 1, 13, 2], [14, 24, 15, 23], [16, 10, 17, 9], [18, 11, 19, 12], [5, 20, 6, 21], [22, 16, 23, 15], [24, 8, 1, 7], [2, 17, 3, 18], [21, 4, 22, 5], [19, 6, 20, 7], [8, 14, 9, 13], [10, 4, 11, 3]]"
12n_0885_82,"[[10, 4, 11, 3], [12, 1, 13, 2], [14, 24, 15, 23], [16, 10, 17, 9], [18, 11, 19, 12], [5, 20, 6, 21], [22, 16, 23, 15], [24, 8, 1, 7], [2, 17, 3, 18], [21, 4, 22, 5], [19, 6, 20, 7], [8, 14, 9, 13]]"
12n_0885_83,"[[8, 14, 9, 13], [10, 4, 11, 3], [12, 1, 13, 2], [14, 24, 15, 23], [16, 10, 17, 9], [18, 11, 19, 12], [5, 20, 6, 21], [22, 16, 23, 15], [24, 8, 1, 7], [2, 17, 3, 18], [21, 4, 22, 5], [19, 6, 20, 7]]"
12n_0885_84,"[[20, 7, 21, 8], [9, 15, 10, 14], [11, 5, 12, 4], [13, 2, 14, 3], [15, 1, 16, 24], [17, 11, 18, 10], [19, 12, 20, 13], [6, 21, 7, 22], [23, 17, 24, 16], [1, 9, 2, 8], [3, 18, 4, 19], [22, 5, 23, 6]]"
12n_0885_85,"[[22, 5, 23, 6], [20, 7, 21, 8], [9, 15, 10, 14], [11, 5, 12, 4], [13, 2, 14, 3], [15, 1, 16, 24], [17, 11, 18, 10], [19, 12, 20, 13], [6, 21, 7, 22], [23, 17, 24, 16], [1, 9, 2, 8], [3, 18, 4, 19]]"
12n_0885_86,"[[3, 18, 4, 19], [22, 5, 23, 6], [20, 7, 21, 8], [9, 15, 10, 14], [11, 5, 12, 4], [13, 2, 14, 3], [15, 1, 16, 24], [17, 11, 18, 10], [19, 12, 20, 13], [6, 21, 7, 22], [23, 17, 24, 16], [1, 9, 2, 8]]"
12n_0885_87,"[[1, 9, 2, 8], [3, 18, 4, 19], [22, 5, 23, 6], [20, 7, 21, 8], [9, 15, 10, 14], [11, 5, 12, 4], [13, 2, 14, 3], [15, 1, 16, 24], [17, 11, 18, 10], [19, 12, 20, 13], [6, 21, 7, 22], [23, 17, 24, 16]]"
12n_0885_88,"[[23, 17, 24, 16], [1, 9, 2, 8], [3, 18, 4, 19], [22, 5, 23, 6], [20, 7, 21, 8], [9, 15, 10, 14], [11, 5, 12, 4], [13, 2, 14, 3], [15, 1, 16, 24], [17, 11, 18, 10], [19, 12, 20, 13], [6, 21, 7, 22]]"
12n_0885_89,"[[6, 21, 7, 22], [23, 17, 24, 16], [1, 9, 2, 8], [3, 18, 4, 19], [22, 5, 23, 6], [20, 7, 21, 8], [9, 15, 10, 14], [11, 5, 12, 4], [13, 2, 14, 3], [15, 1, 16, 24], [17, 11, 18, 10], [19, 12, 20, 13]]"
12n_0885_90,"[[19, 12, 20, 13], [6, 21, 7, 22], [23, 17, 24, 16], [1, 9, 2, 8], [3, 18, 4, 19], [22, 5, 23, 6], [20, 7, 21, 8], [9, 15, 10, 14], [11, 5, 12, 4], [13, 2, 14, 3], [15, 1, 16, 24], [17, 11, 18, 10]]"
12n_0885_91,"[[17, 11, 18, 10], [19, 12, 20, 13], [6, 21, 7, 22], [23, 17, 24, 16], [1, 9, 2, 8], [3, 18, 4, 19], [22, 5, 23, 6], [20, 7, 21, 8], [9, 15, 10, 14], [11, 5, 12, 4], [13, 2, 14, 3], [15, 1, 16, 24]]"
12n_0885_92,"[[15, 1, 16, 24], [17, 11, 18, 10], [19, 12, 20, 13], [6, 21, 7, 22], [23, 17, 24, 16], [1, 9, 2, 8], [3, 18, 4, 19], [22, 5, 23, 6], [20, 7, 21, 8], [9, 15, 10, 14], [11, 5, 12, 4], [13, 2, 14, 3]]"
12n_0885_93,"[[13, 2, 14, 3], [15, 1, 16, 24], [17, 11, 18, 10], [19, 12, 20, 13], [6, 21, 7, 22], [23, 17, 24, 16], [1, 9, 2, 8], [3, 18, 4, 19], [22, 5, 23, 6], [20, 7, 21, 8], [9, 15, 10, 14], [11, 5, 12, 4]]"
12n_0885_94,"[[11, 5, 12, 4], [13, 2, 14, 3], [15, 1, 16, 24], [17, 11, 18, 10], [19, 12, 20, 13], [6, 21, 7, 22], [23, 17, 24, 16], [1, 9, 2, 8], [3, 18, 4, 19], [22, 5, 23, 6], [20, 7, 21, 8], [9, 15, 10, 14]]"
12n_0885_95,"[[9, 15, 10, 14], [11, 5, 12, 4], [13, 2, 14, 3], [15, 1, 16, 24], [17, 11, 18, 10], [19, 12, 20, 13], [6, 21, 7, 22], [23, 17, 24, 16], [1, 9, 2, 8], [3, 18, 4, 19], [22, 5, 23, 6], [20, 7, 21, 8]]"
12n_0885_96,"[[21, 8, 22, 9], [10, 16, 11, 15], [12, 6, 13, 5], [14, 3, 15, 4], [16, 2, 17, 1], [18, 12, 19, 11], [20, 13, 21, 14], [7, 22, 8, 23], [24, 18, 1, 17], [2, 10, 3, 9], [4, 19, 5, 20], [23, 6, 24, 7]]"
12n_0885_97,"[[23, 6, 24, 7], [21, 8, 22, 9], [10, 16, 11, 15], [12, 6, 13, 5], [14, 3, 15, 4], [16, 2, 17, 1], [18, 12, 19, 11], [20, 13, 21, 14], [7, 22, 8, 23], [24, 18, 1, 17], [2, 10, 3, 9], [4, 19, 5, 20]]"
12n_0885_98,"[[4, 19, 5, 20], [23, 6, 24, 7], [21, 8, 22, 9], [10, 16, 11, 15], [12, 6, 13, 5], [14, 3, 15, 4], [16, 2, 17, 1], [18, 12, 19, 11], [20, 13, 21, 14], [7, 22, 8, 23], [24, 18, 1, 17], [2, 10, 3, 9]]"
12n_0885_99,"[[2, 10, 3, 9], [4, 19, 5, 20], [23, 6, 24, 7], [21, 8, 22, 9], [10, 16, 11, 15], [12, 6, 13, 5], [14, 3, 15, 4], [16, 2, 17, 1], [18, 12, 19, 11], [20, 13, 21, 14], [7, 22, 8, 23], [24, 18, 1, 17]]"
12n_0885_100,"[[24, 18, 1, 17], [2, 10, 3, 9], [4, 19, 5, 20], [23, 6, 24, 7], [21, 8, 22, 9], [10, 16, 11, 15], [12, 6, 13, 5], [14, 3, 15, 4], [16, 2, 17, 1], [18, 12, 19, 11], [20, 13, 21, 14], [7, 22, 8, 23]]"
12n_0885_101,"[[7, 22, 8, 23], [24, 18, 1, 17], [2, 10, 3, 9], [4, 19, 5, 20], [23, 6, 24, 7], [21, 8, 22, 9], [10, 16, 11, 15], [12, 6, 13, 5], [14, 3, 15, 4], [16, 2, 17, 1], [18, 12, 19, 11], [20, 13, 21, 14]]"
12n_0885_102,"[[20, 13, 21, 14], [7, 22, 8, 23], [24, 18, 1, 17], [2, 10, 3, 9], [4, 19, 5, 20], [23, 6, 24, 7], [21, 8, 22, 9], [10, 16, 11, 15], [12, 6, 13, 5], [14, 3, 15, 4], [16, 2, 17, 1], [18, 12, 19, 11]]"
12n_0885_103,"[[18, 12, 19, 11], [20, 13, 21, 14], [7, 22, 8, 23], [24, 18, 1, 17], [2, 10, 3, 9], [4, 19, 5, 20], [23, 6, 24, 7], [21, 8, 22, 9], [10, 16, 11, 15], [12, 6, 13, 5], [14, 3, 15, 4], [16, 2, 17, 1]]"
12n_0885_104,"[[16, 2, 17, 1], [18, 12, 19, 11], [20, 13, 21, 14], [7, 22, 8, 23], [24, 18, 1, 17], [2, 10, 3, 9], [4, 19, 5, 20], [23, 6, 24, 7], [21, 8, 22, 9], [10, 16, 11, 15], [12, 6, 13, 5], [14, 3, 15, 4]]"
12n_0885_105,"[[14, 3, 15, 4], [16, 2, 17, 1], [18, 12, 19, 11], [20, 13, 21, 14], [7, 22, 8, 23], [24, 18, 1, 17], [2, 10, 3, 9], [4, 19, 5, 20], [23, 6, 24, 7], [21, 8, 22, 9], [10, 16, 11, 15], [12, 6, 13, 5]]"
12n_0885_106,"[[12, 6, 13, 5], [14, 3, 15, 4], [16, 2, 17, 1], [18, 12, 19, 11], [20, 13, 21, 14], [7, 22, 8, 23], [24, 18, 1, 17], [2, 10, 3, 9], [4, 19, 5, 20], [23, 6, 24, 7], [21, 8, 22, 9], [10, 16, 11, 15]]"
12n_0885_107,"[[10, 16, 11, 15], [12, 6, 13, 5], [14, 3, 15, 4], [16, 2, 17, 1], [18, 12, 19, 11], [20, 13, 21, 14], [7, 22, 8, 23], [24, 18, 1, 17], [2, 10, 3, 9], [4, 19, 5, 20], [23, 6, 24, 7], [21, 8, 22, 9]]"
12n_0885_108,"[[22, 9, 23, 10], [11, 17, 12, 16], [13, 7, 14, 6], [15, 4, 16, 5], [17, 3, 18, 2], [19, 13, 20, 12], [21, 14, 22, 15], [8, 23, 9, 24], [1, 19, 2, 18], [3, 11, 4, 10], [5, 20, 6, 21], [24, 7, 1, 8]]"
12n_0885_109,"[[24, 7, 1, 8], [22, 9, 23, 10], [11, 17, 12, 16], [13, 7, 14, 6], [15, 4, 16, 5], [17, 3, 18, 2], [19, 13, 20, 12], [21, 14, 22, 15], [8, 23, 9, 24], [1, 19, 2, 18], [3, 11, 4, 10], [5, 20, 6, 21]]"
12n_0885_110,"[[5, 20, 6, 21], [24, 7, 1, 8], [22, 9, 23, 10], [11, 17, 12, 16], [13, 7, 14, 6], [15, 4, 16, 5], [17, 3, 18, 2], [19, 13, 20, 12], [21, 14, 22, 15], [8, 23, 9, 24], [1, 19, 2, 18], [3, 11, 4, 10]]"
12n_0885_111,"[[3, 11, 4, 10], [5, 20, 6, 21], [24, 7, 1, 8], [22, 9, 23, 10], [11, 17, 12, 16], [13, 7, 14, 6], [15, 4, 16, 5], [17, 3, 18, 2], [19, 13, 20, 12], [21, 14, 22, 15], [8, 23, 9, 24], [1, 19, 2, 18]]"
12n_0885_112,"[[1, 19, 2, 18], [3, 11, 4, 10], [5, 20, 6, 21], [24, 7, 1, 8], [22, 9, 23, 10], [11, 17, 12, 16], [13, 7, 14, 6], [15, 4, 16, 5], [17, 3, 18, 2], [19, 13, 20, 12], [21, 14, 22, 15], [8, 23, 9, 24]]"
12n_0885_113,"[[8, 23, 9, 24], [1, 19, 2, 18], [3, 11, 4, 10], [5, 20, 6, 21], [24, 7, 1, 8], [22, 9, 23, 10], [11, 17, 12, 16], [13, 7, 14, 6], [15, 4, 16, 5], [17, 3, 18, 2], [19, 13, 20, 12], [21, 14, 22, 15]]"
12n_0885_114,"[[21, 14, 22, 15], [8, 23, 9, 24], [1, 19, 2, 18], [3, 11, 4, 10], [5, 20, 6, 21], [24, 7, 1, 8], [22, 9, 23, 10], [11, 17, 12, 16], [13, 7, 14, 6], [15, 4, 16, 5], [17, 3, 18, 2], [19, 13, 20, 12]]"
12n_0885_115,"[[19, 13, 20, 12], [21, 14, 22, 15], [8, 23, 9, 24], [1, 19, 2, 18], [3, 11, 4, 10], [5, 20, 6, 21], [24, 7, 1, 8], [22, 9, 23, 10], [11, 17, 12, 16], [13, 7, 14, 6], [15, 4, 16, 5], [17, 3, 18, 2]]"
12n_0885_116,"[[17, 3, 18, 2], [19, 13, 20, 12], [21, 14, 22, 15], [8, 23, 9, 24], [1, 19, 2, 18], [3, 11, 4, 10], [5, 20, 6, 21], [24, 7, 1, 8], [22, 9, 23, 10], [11, 17, 12, 16], [13, 7, 14, 6], [15, 4, 16, 5]]"
12n_0885_117,"[[15, 4, 16, 5], [17, 3, 18, 2], [19, 13, 20, 12], [21, 14, 22, 15], [8, 23, 9, 24], [1, 19, 2, 18], [3, 11, 4, 10], [5, 20, 6, 21], [24, 7, 1, 8], [22, 9, 23, 10], [11, 17, 12, 16], [13, 7, 14, 6]]"
12n_0885_118,"[[13, 7, 14, 6], [15, 4, 16, 5], [17, 3, 18, 2], [19, 13, 20, 12], [21, 14, 22, 15], [8, 23, 9, 24], [1, 19, 2, 18], [3, 11, 4, 10], [5, 20, 6, 21], [24, 7, 1, 8], [22, 9, 23, 10], [11, 17, 12, 16]]"
12n_0885_119,"[[11, 17, 12, 16], [13, 7, 14, 6], [15, 4, 16, 5], [17, 3, 18, 2], [19, 13, 20, 12], [21, 14, 22, 15], [8, 23, 9, 24], [1, 19, 2, 18], [3, 11, 4, 10], [5, 20, 6, 21], [24, 7, 1, 8], [22, 9, 23, 10]]"
12n_0885_120,"[[23, 10, 24, 11], [12, 18, 13, 17], [14, 8, 15, 7], [16, 5, 17, 6], [18, 4, 19, 3], [20, 14, 21, 13], [22, 15, 23, 16], [9, 24, 10, 1], [2, 20, 3, 19], [4, 12, 5, 11], [6, 21, 7, 22], [1, 8, 2, 9]]"
12n_0885_121,"[[1, 8, 2, 9], [23, 10, 24, 11], [12, 18, 13, 17], [14, 8, 15, 7], [16, 5, 17, 6], [18, 4, 19, 3], [20, 14, 21, 13], [22, 15, 23, 16], [9, 24, 10, 1], [2, 20, 3, 19], [4, 12, 5, 11], [6, 21, 7, 22]]"
12n_0885_122,"[[6, 21, 7, 22], [1, 8, 2, 9], [23, 10, 24, 11], [12, 18, 13, 17], [14, 8, 15, 7], [16, 5, 17, 6], [18, 4, 19, 3], [20, 14, 21, 13], [22, 15, 23, 16], [9, 24, 10, 1], [2, 20, 3, 19], [4, 12, 5, 11]]"
12n_0885_123,"[[4, 12, 5, 11], [6, 21, 7, 22], [1, 8, 2, 9], [23, 10, 24, 11], [12, 18, 13, 17], [14, 8, 15, 7], [16, 5, 17, 6], [18, 4, 19, 3], [20, 14, 21, 13], [22, 15, 23, 16], [9, 24, 10, 1], [2, 20, 3, 19]]"
12n_0885_124,"[[2, 20, 3, 19], [4, 12, 5, 11], [6, 21, 7, 22], [1, 8, 2, 9], [23, 10, 24, 11], [12, 18, 13, 17], [14, 8, 15, 7], [16, 5, 17, 6], [18, 4, 19, 3], [20, 14, 21, 13], [22, 15, 23, 16], [9, 24, 10, 1]]"
12n_0885_125,"[[9, 24, 10, 1], [2, 20, 3, 19], [4, 12, 5, 11], [6, 21, 7, 22], [1, 8, 2, 9], [23, 10, 24, 11], [12, 18, 13, 17], [14, 8, 15, 7], [16, 5, 17, 6], [18, 4, 19, 3], [20, 14, 21, 13], [22, 15, 23, 16]]"
12n_0885_126,"[[22, 15, 23, 16], [9, 24, 10, 1], [2, 20, 3, 19], [4, 12, 5, 11], [6, 21, 7, 22], [1, 8, 2, 9], [23, 10, 24, 11], [12, 18, 13, 17], [14, 8, 15, 7], [16, 5, 17, 6], [18, 4, 19, 3], [20, 14, 21, 13]]"
12n_0885_127,"[[20, 14, 21, 13], [22, 15, 23, 16], [9, 24, 10, 1], [2, 20, 3, 19], [4, 12, 5, 11], [6, 21, 7, 22], [1, 8, 2, 9], [23, 10, 24, 11], [12, 18, 13, 17], [14, 8, 15, 7], [16, 5, 17, 6], [18, 4, 19, 3]]"
12n_0885_128,"[[18, 4, 19, 3], [20, 14, 21, 13], [22, 15, 23, 16], [9, 24, 10, 1], [2, 20, 3, 19], [4, 12, 5, 11], [6, 21, 7, 22], [1, 8, 2, 9], [23, 10, 24, 11], [12, 18, 13, 17], [14, 8, 15, 7], [16, 5, 17, 6]]"
12n_0885_129,"[[16, 5, 17, 6], [18, 4, 19, 3], [20, 14, 21, 13], [22, 15, 23, 16], [9, 24, 10, 1], [2, 20, 3, 19], [4, 12, 5, 11], [6, 21, 7, 22], [1, 8, 2, 9], [23, 10, 24, 11], [12, 18, 13, 17], [14, 8, 15, 7]]"
12n_0885_130,"[[14, 8, 15, 7], [16, 5, 17, 6], [18, 4, 19, 3], [20, 14, 21, 13], [22, 15, 23, 16], [9, 24, 10, 1], [2, 20, 3, 19], [4, 12, 5, 11], [6, 21, 7, 22], [1, 8, 2, 9], [23, 10, 24, 11], [12, 18, 13, 17]]"
12n_0885_131,"[[12, 18, 13, 17], [14, 8, 15, 7], [16, 5, 17, 6], [18, 4, 19, 3], [20, 14, 21, 13], [22, 15, 23, 16], [9, 24, 10, 1], [2, 20, 3, 19], [4, 12, 5, 11], [6, 21, 7, 22], [1, 8, 2, 9], [23, 10, 24, 11]]"
12n_0885_132,"[[24, 11, 1, 12], [13, 19, 14, 18], [15, 9, 16, 8], [17, 6, 18, 7], [19, 5, 20, 4], [21, 15, 22, 14], [23, 16, 24, 17], [10, 1, 11, 2], [3, 21, 4, 20], [5, 13, 6, 12], [7, 22, 8, 23], [2, 9, 3, 10]]"
12n_0885_133,"[[2, 9, 3, 10], [24, 11, 1, 12], [13, 19, 14, 18], [15, 9, 16, 8], [17, 6, 18, 7], [19, 5, 20, 4], [21, 15, 22, 14], [23, 16, 24, 17], [10, 1, 11, 2], [3, 21, 4, 20], [5, 13, 6, 12], [7, 22, 8, 23]]"
12n_0885_134,"[[7, 22, 8, 23], [2, 9, 3, 10], [24, 11, 1, 12], [13, 19, 14, 18], [15, 9, 16, 8], [17, 6, 18, 7], [19, 5, 20, 4], [21, 15, 22, 14], [23, 16, 24, 17], [10, 1, 11, 2], [3, 21, 4, 20], [5, 13, 6, 12]]"
12n_0885_135,"[[5, 13, 6, 12], [7, 22, 8, 23], [2, 9, 3, 10], [24, 11, 1, 12], [13, 19, 14, 18], [15, 9, 16, 8], [17, 6, 18, 7], [19, 5, 20, 4], [21, 15, 22, 14], [23, 16, 24, 17], [10, 1, 11, 2], [3, 21, 4, 20]]"
12n_0885_136,"[[3, 21, 4, 20], [5, 13, 6, 12], [7, 22, 8, 23], [2, 9, 3, 10], [24, 11, 1, 12], [13, 19, 14, 18], [15, 9, 16, 8], [17, 6, 18, 7], [19, 5, 20, 4], [21, 15, 22, 14], [23, 16, 24, 17], [10, 1, 11, 2]]"
12n_0885_137,"[[10, 1, 11, 2], [3, 21, 4, 20], [5, 13, 6, 12], [7, 22, 8, 23], [2, 9, 3, 10], [24, 11, 1, 12], [13, 19, 14, 18], [15, 9, 16, 8], [17, 6, 18, 7], [19, 5, 20, 4], [21, 15, 22, 14], [23, 16, 24, 17]]"
12n_0885_138,"[[23, 16, 24, 17], [10, 1, 11, 2], [3, 21, 4, 20], [5, 13, 6, 12], [7, 22, 8, 23], [2, 9, 3, 10], [24, 11, 1, 12], [13, 19, 14, 18], [15, 9, 16, 8], [17, 6, 18, 7], [19, 5, 20, 4], [21, 15, 22, 14]]"
12n_0885_139,"[[21, 15, 22, 14], [23, 16, 24, 17], [10, 1, 11, 2], [3, 21, 4, 20], [5, 13, 6, 12], [7, 22, 8, 23], [2, 9, 3, 10], [24, 11, 1, 12], [13, 19, 14, 18], [15, 9, 16, 8], [17, 6, 18, 7], [19, 5, 20, 4]]"
12n_0885_140,"[[19, 5, 20, 4], [21, 15, 22, 14], [23, 16, 24, 17], [10, 1, 11, 2], [3, 21, 4, 20], [5, 13, 6, 12], [7, 22, 8, 23], [2, 9, 3, 10], [24, 11, 1, 12], [13, 19, 14, 18], [15, 9, 16, 8], [17, 6, 18, 7]]"
12n_0885_141,"[[17, 6, 18, 7], [19, 5, 20, 4], [21, 15, 22, 14], [23, 16, 24, 17], [10, 1, 11, 2], [3, 21, 4, 20], [5, 13, 6, 12], [7, 22, 8, 23], [2, 9, 3, 10], [24, 11, 1, 12], [13, 19, 14, 18], [15, 9, 16, 8]]"
12n_0885_142,"[[15, 9, 16, 8], [17, 6, 18, 7], [19, 5, 20, 4], [21, 15, 22, 14], [23, 16, 24, 17], [10, 1, 11, 2], [3, 21, 4, 20], [5, 13, 6, 12], [7, 22, 8, 23], [2, 9, 3, 10], [24, 11, 1, 12], [13, 19, 14, 18]]"
12n_0885_143,"[[13, 19, 14, 18], [15, 9, 16, 8], [17, 6, 18, 7], [19, 5, 20, 4], [21, 15, 22, 14], [23, 16, 24, 17], [10, 1, 11, 2], [3, 21, 4, 20], [5, 13, 6, 12], [7, 22, 8, 23], [2, 9, 3, 10], [24, 11, 1, 12]]"
12n_0885_144,"[[1, 12, 2, 13], [14, 20, 15, 19], [16, 10, 17, 9], [18, 7, 19, 8], [20, 6, 21, 5], [22, 16, 23, 15], [24, 17, 1, 18], [11, 2, 12, 3], [4, 22, 5, 21], [6, 14, 7, 13], [8, 23, 9, 24], [3, 10, 4, 11]]"
12n_0885_145,"[[3, 10, 4, 11], [1, 12, 2, 13], [14, 20, 15, 19], [16, 10, 17, 9], [18, 7, 19, 8], [20, 6, 21, 5], [22, 16, 23, 15], [24, 17, 1, 18], [11, 2, 12, 3], [4, 22, 5, 21], [6, 14, 7, 13], [8, 23, 9, 24]]"
12n_0885_146,"[[8, 23, 9, 24], [3, 10, 4, 11], [1, 12, 2, 13], [14, 20, 15, 19], [16, 10, 17, 9], [18, 7, 19, 8], [20, 6, 21, 5], [22, 16, 23, 15], [24, 17, 1, 18], [11, 2, 12, 3], [4, 22, 5, 21], [6, 14, 7, 13]]"
12n_0885_147,"[[6, 14, 7, 13], [8, 23, 9, 24], [3, 10, 4, 11], [1, 12, 2, 13], [14, 20, 15, 19], [16, 10, 17, 9], [18, 7, 19, 8], [20, 6, 21, 5], [22, 16, 23, 15], [24, 17, 1, 18], [11, 2, 12, 3], [4, 22, 5, 21]]"
12n_0885_148,"[[4, 22, 5, 21], [6, 14, 7, 13], [8, 23, 9, 24], [3, 10, 4, 11], [1, 12, 2, 13], [14, 20, 15, 19], [16, 10, 17, 9], [18, 7, 19, 8], [20, 6, 21, 5], [22, 16, 23, 15], [24, 17, 1, 18], [11, 2, 12, 3]]"
12n_0885_149,"[[11, 2, 12, 3], [4, 22, 5, 21], [6, 14, 7, 13], [8, 23, 9, 24], [3, 10, 4, 11], [1, 12, 2, 13], [14, 20, 15, 19], [16, 10, 17, 9], [18, 7, 19, 8], [20, 6, 21, 5], [22, 16, 23, 15], [24, 17, 1, 18]]"
12n_0885_150,"[[24, 17, 1, 18], [11, 2, 12, 3], [4, 22, 5, 21], [6, 14, 7, 13], [8, 23, 9, 24], [3, 10, 4, 11], [1, 12, 2, 13], [14, 20, 15, 19], [16, 10, 17, 9], [18, 7, 19, 8], [20, 6, 21, 5], [22, 16, 23, 15]]"
12n_0885_151,"[[22, 16, 23, 15], [24, 17, 1, 18], [11, 2, 12, 3], [4, 22, 5, 21], [6, 14, 7, 13], [8, 23, 9, 24], [3, 10, 4, 11], [1, 12, 2, 13], [14, 20, 15, 19], [16, 10, 17, 9], [18, 7, 19, 8], [20, 6, 21, 5]]"
12n_0885_152,"[[20, 6, 21, 5], [22, 16, 23, 15], [24, 17, 1, 18], [11, 2, 12, 3], [4, 22, 5, 21], [6, 14, 7, 13], [8, 23, 9, 24], [3, 10, 4, 11], [1, 12, 2, 13], [14, 20, 15, 19], [16, 10, 17, 9], [18, 7, 19, 8]]"
12n_0885_153,"[[18, 7, 19, 8], [20, 6, 21, 5], [22, 16, 23, 15], [24, 17, 1, 18], [11, 2, 12, 3], [4, 22, 5, 21], [6, 14, 7, 13], [8, 23, 9, 24], [3, 10, 4, 11], [1, 12, 2, 13], [14, 20, 15, 19], [16, 10, 17, 9]]"
12n_0885_154,"[[16, 10, 17, 9], [18, 7, 19, 8], [20, 6, 21, 5], [22, 16, 23, 15], [24, 17, 1, 18], [11, 2, 12, 3], [4, 22, 5, 21], [6, 14, 7, 13], [8, 23, 9, 24], [3, 10, 4, 11], [1, 12, 2, 13], [14, 20, 15, 19]]"
12n_0885_155,"[[14, 20, 15, 19], [16, 10, 17, 9], [18, 7, 19, 8], [20, 6, 21, 5], [22, 16, 23, 15], [24, 17, 1, 18], [11, 2, 12, 3], [4, 22, 5, 21], [6, 14, 7, 13], [8, 23, 9, 24], [3, 10, 4, 11], [1, 12, 2, 13]]"
12n_0885_156,"[[2, 13, 3, 14], [15, 21, 16, 20], [17, 11, 18, 10], [19, 8, 20, 9], [21, 7, 22, 6], [23, 17, 24, 16], [1, 18, 2, 19], [12, 3, 13, 4], [5, 23, 6, 22], [7, 15, 8, 14], [9, 24, 10, 1], [4, 11, 5, 12]]"
12n_0885_157,"[[4, 11, 5, 12], [2, 13, 3, 14], [15, 21, 16, 20], [17, 11, 18, 10], [19, 8, 20, 9], [21, 7, 22, 6], [23, 17, 24, 16], [1, 18, 2, 19], [12, 3, 13, 4], [5, 23, 6, 22], [7, 15, 8, 14], [9, 24, 10, 1]]"
12n_0885_158,"[[9, 24, 10, 1], [4, 11, 5, 12], [2, 13, 3, 14], [15, 21, 16, 20], [17, 11, 18, 10], [19, 8, 20, 9], [21, 7, 22, 6], [23, 17, 24, 16], [1, 18, 2, 19], [12, 3, 13, 4], [5, 23, 6, 22], [7, 15, 8, 14]]"
12n_0885_159,"[[7, 15, 8, 14], [9, 24, 10, 1], [4, 11, 5, 12], [2, 13, 3, 14], [15, 21, 16, 20], [17, 11, 18, 10], [19, 8, 20, 9], [21, 7, 22, 6], [23, 17, 24, 16], [1, 18, 2, 19], [12, 3, 13, 4], [5, 23, 6, 22]]"
12n_0885_160,"[[5, 23, 6, 22], [7, 15, 8, 14], [9, 24, 10, 1], [4, 11, 5, 12], [2, 13, 3, 14], [15, 21, 16, 20], [17, 11, 18, 10], [19, 8, 20, 9], [21, 7, 22, 6], [23, 17, 24, 16], [1, 18, 2, 19], [12, 3, 13, 4]]"
12n_0885_161,"[[12, 3, 13, 4], [5, 23, 6, 22], [7, 15, 8, 14], [9, 24, 10, 1], [4, 11, 5, 12], [2, 13, 3, 14], [15, 21, 16, 20], [17, 11, 18, 10], [19, 8, 20, 9], [21, 7, 22, 6], [23, 17, 24, 16], [1, 18, 2, 19]]"
12n_0885_162,"[[1, 18, 2, 19], [12, 3, 13, 4], [5, 23, 6, 22], [7, 15, 8, 14], [9, 24, 10, 1], [4, 11, 5, 12], [2, 13, 3, 14], [15, 21, 16, 20], [17, 11, 18, 10], [19, 8, 20, 9], [21, 7, 22, 6], [23, 17, 24, 16]]"
12n_0885_163,"[[23, 17, 24, 16], [1, 18, 2, 19], [12, 3, 13, 4], [5, 23, 6, 22], [7, 15, 8, 14], [9, 24, 10, 1], [4, 11, 5, 12], [2, 13, 3, 14], [15, 21, 16, 20], [17, 11, 18, 10], [19, 8, 20, 9], [21, 7, 22, 6]]"
12n_0885_164,"[[21, 7, 22, 6], [23, 17, 24, 16], [1, 18, 2, 19], [12, 3, 13, 4], [5, 23, 6, 22], [7, 15, 8, 14], [9, 24, 10, 1], [4, 11, 5, 12], [2, 13, 3, 14], [15, 21, 16, 20], [17, 11, 18, 10], [19, 8, 20, 9]]"
12n_0885_165,"[[19, 8, 20, 9], [21, 7, 22, 6], [23, 17, 24, 16], [1, 18, 2, 19], [12, 3, 13, 4], [5, 23, 6, 22], [7, 15, 8, 14], [9, 24, 10, 1], [4, 11, 5, 12], [2, 13, 3, 14], [15, 21, 16, 20], [17, 11, 18, 10]]"
12n_0885_166,"[[17, 11, 18, 10], [19, 8, 20, 9], [21, 7, 22, 6], [23, 17, 24, 16], [1, 18, 2, 19], [12, 3, 13, 4], [5, 23, 6, 22], [7, 15, 8, 14], [9, 24, 10, 1], [4, 11, 5, 12], [2, 13, 3, 14], [15, 21, 16, 20]]"
12n_0885_167,"[[15, 21, 16, 20], [17, 11, 18, 10], [19, 8, 20, 9], [21, 7, 22, 6], [23, 17, 24, 16], [1, 18, 2, 19], [12, 3, 13, 4], [5, 23, 6, 22], [7, 15, 8, 14], [9, 24, 10, 1], [4, 11, 5, 12], [2, 13, 3, 14]]"
12n_0885_168,"[[3, 14, 4, 15], [16, 22, 17, 21], [18, 12, 19, 11], [20, 9, 21, 10], [22, 8, 23, 7], [24, 18, 1, 17], [2, 19, 3, 20], [13, 4, 14, 5], [6, 24, 7, 23], [8, 16, 9, 15], [10, 1, 11, 2], [5, 12, 6, 13]]"
12n_0885_169,"[[5, 12, 6, 13], [3, 14, 4, 15], [16, 22, 17, 21], [18, 12, 19, 11], [20, 9, 21, 10], [22, 8, 23, 7], [24, 18, 1, 17], [2, 19, 3, 20], [13, 4, 14, 5], [6, 24, 7, 23], [8, 16, 9, 15], [10, 1, 11, 2]]"
12n_0885_170,"[[10, 1, 11, 2], [5, 12, 6, 13], [3, 14, 4, 15], [16, 22, 17, 21], [18, 12, 19, 11], [20, 9, 21, 10], [22, 8, 23, 7], [24, 18, 1, 17], [2, 19, 3, 20], [13, 4, 14, 5], [6, 24, 7, 23], [8, 16, 9, 15]]"
12n_0885_171,"[[8, 16, 9, 15], [10, 1, 11, 2], [5, 12, 6, 13], [3, 14, 4, 15], [16, 22, 17, 21], [18, 12, 19, 11], [20, 9, 21, 10], [22, 8, 23, 7], [24, 18, 1, 17], [2, 19, 3, 20], [13, 4, 14, 5], [6, 24, 7, 23]]"
12n_0885_172,"[[6, 24, 7, 23], [8, 16, 9, 15], [10, 1, 11, 2], [5, 12, 6, 13], [3, 14, 4, 15], [16, 22, 17, 21], [18, 12, 19, 11], [20, 9, 21, 10], [22, 8, 23, 7], [24, 18, 1, 17], [2, 19, 3, 20], [13, 4, 14, 5]]"
12n_0885_173,"[[13, 4, 14, 5], [6, 24, 7, 23], [8, 16, 9, 15], [10, 1, 11, 2], [5, 12, 6, 13], [3, 14, 4, 15], [16, 22, 17, 21], [18, 12, 19, 11], [20, 9, 21, 10], [22, 8, 23, 7], [24, 18, 1, 17], [2, 19, 3, 20]]"
12n_0885_174,"[[2, 19, 3, 20], [13, 4, 14, 5], [6, 24, 7, 23], [8, 16, 9, 15], [10, 1, 11, 2], [5, 12, 6, 13], [3, 14, 4, 15], [16, 22, 17, 21], [18, 12, 19, 11], [20, 9, 21, 10], [22, 8, 23, 7], [24, 18, 1, 17]]"
12n_0885_175,"[[24, 18, 1, 17], [2, 19, 3, 20], [13, 4, 14, 5], [6, 24, 7, 23], [8, 16, 9, 15], [10, 1, 11, 2], [5, 12, 6, 13], [3, 14, 4, 15], [16, 22, 17, 21], [18, 12, 19, 11], [20, 9, 21, 10], [22, 8, 23, 7]]"
12n_0885_176,"[[22, 8, 23, 7], [24, 18, 1, 17], [2, 19, 3, 20], [13, 4, 14, 5], [6, 24, 7, 23], [8, 16, 9, 15], [10, 1, 11, 2], [5, 12, 6, 13], [3, 14, 4, 15], [16, 22, 17, 21], [18, 12, 19, 11], [20, 9, 21, 10]]"
12n_0885_177,"[[20, 9, 21, 10], [22, 8, 23, 7], [24, 18, 1, 17], [2, 19, 3, 20], [13, 4, 14, 5], [6, 24, 7, 23], [8, 16, 9, 15], [10, 1, 11, 2], [5, 12, 6, 13], [3, 14, 4, 15], [16, 22, 17, 21], [18, 12, 19, 11]]"
12n_0885_178,"[[18, 12, 19, 11], [20, 9, 21, 10], [22, 8, 23, 7], [24, 18, 1, 17], [2, 19, 3, 20], [13, 4, 14, 5], [6, 24, 7, 23], [8, 16, 9, 15], [10, 1, 11, 2], [5, 12, 6, 13], [3, 14, 4, 15], [16, 22, 17, 21]]"
12n_0885_179,"[[16, 22, 17, 21], [18, 12, 19, 11], [20, 9, 21, 10], [22, 8, 23, 7], [24, 18, 1, 17], [2, 19, 3, 20], [13, 4, 14, 5], [6, 24, 7, 23], [8, 16, 9, 15], [10, 1, 11, 2], [5, 12, 6, 13], [3, 14, 4, 15]]"
12n_0885_180,"[[4, 15, 5, 16], [17, 23, 18, 22], [19, 13, 20, 12], [21, 10, 22, 11], [23, 9, 24, 8], [1, 19, 2, 18], [3, 20, 4, 21], [14, 5, 15, 6], [7, 1, 8, 24], [9, 17, 10, 16], [11, 2, 12, 3], [6, 13, 7, 14]]"
12n_0885_181,"[[6, 13, 7, 14], [4, 15, 5, 16], [17, 23, 18, 22], [19, 13, 20, 12], [21, 10, 22, 11], [23, 9, 24, 8], [1, 19, 2, 18], [3, 20, 4, 21], [14, 5, 15, 6], [7, 1, 8, 24], [9, 17, 10, 16], [11, 2, 12, 3]]"
12n_0885_182,"[[11, 2, 12, 3], [6, 13, 7, 14], [4, 15, 5, 16], [17, 23, 18, 22], [19, 13, 20, 12], [21, 10, 22, 11], [23, 9, 24, 8], [1, 19, 2, 18], [3, 20, 4, 21], [14, 5, 15, 6], [7, 1, 8, 24], [9, 17, 10, 16]]"
12n_0885_183,"[[9, 17, 10, 16], [11, 2, 12, 3], [6, 13, 7, 14], [4, 15, 5, 16], [17, 23, 18, 22], [19, 13, 20, 12], [21, 10, 22, 11], [23, 9, 24, 8], [1, 19, 2, 18], [3, 20, 4, 21], [14, 5, 15, 6], [7, 1, 8, 24]]"
12n_0885_184,"[[7, 1, 8, 24], [9, 17, 10, 16], [11, 2, 12, 3], [6, 13, 7, 14], [4, 15, 5, 16], [17, 23, 18, 22], [19, 13, 20, 12], [21, 10, 22, 11], [23, 9, 24, 8], [1, 19, 2, 18], [3, 20, 4, 21], [14, 5, 15, 6]]"
12n_0885_185,"[[14, 5, 15, 6], [7, 1, 8, 24], [9, 17, 10, 16], [11, 2, 12, 3], [6, 13, 7, 14], [4, 15, 5, 16], [17, 23, 18, 22], [19, 13, 20, 12], [21, 10, 22, 11], [23, 9, 24, 8], [1, 19, 2, 18], [3, 20, 4, 21]]"
