name,pd_notation
12n_0568_0,"[[7, 1, 8, 24], [2, 6, 3, 5], [4, 14, 5, 13], [17, 6, 18, 7], [8, 19, 9, 20], [10, 22, 11, 21], [12, 4, 13, 3], [14, 10, 15, 9], [16, 23, 17, 24], [1, 18, 2, 19], [20, 15, 21, 16], [22, 12, 23, 11]]"
12n_0568_1,"[[22, 12, 23, 11], [7, 1, 8, 24], [2, 6, 3, 5], [4, 14, 5, 13], [17, 6, 18, 7], [8, 19, 9, 20], [10, 22, 11, 21], [12, 4, 13, 3], [14, 10, 15, 9], [16, 23, 17, 24], [1, 18, 2, 19], [20, 15, 21, 16]]"
12n_0568_2,"[[20, 15, 21, 16], [22, 12, 23, 11], [7, 1, 8, 24], [2, 6, 3, 5], [4, 14, 5, 13], [17, 6, 18, 7], [8, 19, 9, 20], [10, 22, 11, 21], [12, 4, 13, 3], [14, 10, 15, 9], [16, 23, 17, 24], [1, 18, 2, 19]]"
12n_0568_3,"[[1, 18, 2, 19], [20, 15, 21, 16], [22, 12, 23, 11], [7, 1, 8, 24], [2, 6, 3, 5], [4, 14, 5, 13], [17, 6, 18, 7], [8, 19, 9, 20], [10, 22, 11, 21], [12, 4, 13, 3], [14, 10, 15, 9], [16, 23, 17, 24]]"
12n_0568_4,"[[16, 23, 17, 24], [1, 18, 2, 19], [20, 15, 21, 16], [22, 12, 23, 11], [7, 1, 8, 24], [2, 6, 3, 5], [4, 14, 5, 13], [17, 6, 18, 7], [8, 19, 9, 20], [10, 22, 11, 21], [12, 4, 13, 3], [14, 10, 15, 9]]"
12n_0568_5,"[[14, 10, 15, 9], [16, 23, 17, 24], [1, 18, 2, 19], [20, 15, 21, 16], [22, 12, 23, 11], [7, 1, 8, 24], [2, 6, 3, 5], [4, 14, 5, 13], [17, 6, 18, 7], [8, 19, 9, 20], [10, 22, 11, 21], [12, 4, 13, 3]]"
12n_0568_6,"[[12, 4, 13, 3], [14, 10, 15, 9], [16, 23, 17, 24], [1, 18, 2, 19], [20, 15, 21, 16], [22, 12, 23, 11], [7, 1, 8, 24], [2, 6, 3, 5], [4, 14, 5, 13], [17, 6, 18, 7], [8, 19, 9, 20], [10, 22, 11, 21]]"
12n_0568_7,"[[10, 22, 11, 21], [12, 4, 13, 3], [14, 10, 15, 9], [16, 23, 17, 24], [1, 18, 2, 19], [20, 15, 21, 16], [22, 12, 23, 11], [7, 1, 8, 24], [2, 6, 3, 5], [4, 14, 5, 13], [17, 6, 18, 7], [8, 19, 9, 20]]"
12n_0568_8,"[[8, 19, 9, 20], [10, 22, 11, 21], [12, 4, 13, 3], [14, 10, 15, 9], [16, 23, 17, 24], [1, 18, 2, 19], [20, 15, 21, 16], [22, 12, 23, 11], [7, 1, 8, 24], [2, 6, 3, 5], [4, 14, 5, 13], [17, 6, 18, 7]]"
12n_0568_9,"[[17, 6, 18, 7], [8, 19, 9, 20], [10, 22, 11, 21], [12, 4, 13, 3], [14, 10, 15, 9], [16, 23, 17, 24], [1, 18, 2, 19], [20, 15, 21, 16], [22, 12, 23, 11], [7, 1, 8, 24], [2, 6, 3, 5], [4, 14, 5, 13]]"
12n_0568_10,"[[4, 14, 5, 13], [17, 6, 18, 7], [8, 19, 9, 20], [10, 22, 11, 21], [12, 4, 13, 3], [14, 10, 15, 9], [16, 23, 17, 24], [1, 18, 2, 19], [20, 15, 21, 16], [22, 12, 23, 11], [7, 1, 8, 24], [2, 6, 3, 5]]"
12n_0568_11,"[[2, 6, 3, 5], [4, 14, 5, 13], [17, 6, 18, 7], [8, 19, 9, 20], [10, 22, 11, 21], [12, 4, 13, 3], [14, 10, 15, 9], [16, 23, 17, 24], [1, 18, 2, 19], [20, 15, 21, 16], [22, 12, 23, 11], [7, 1, 8, 24]]"
12n_0568_12,"[[8, 2, 9, 1], [3, 7, 4, 6], [5, 15, 6, 14], [18, 7, 19, 8], [9, 20, 10, 21], [11, 23, 12, 22], [13, 5, 14, 4], [15, 11, 16, 10], [17, 24, 18, 1], [2, 19, 3, 20], [21, 16, 22, 17], [23, 13, 24, 12]]"
12n_0568_13,"[[23, 13, 24, 12], [8, 2, 9, 1], [3, 7, 4, 6], [5, 15, 6, 14], [18, 7, 19, 8], [9, 20, 10, 21], [11, 23, 12, 22], [13, 5, 14, 4], [15, 11, 16, 10], [17, 24, 18, 1], [2, 19, 3, 20], [21, 16, 22, 17]]"
12n_0568_14,"[[21, 16, 22, 17], [23, 13, 24, 12], [8, 2, 9, 1], [3, 7, 4, 6], [5, 15, 6, 14], [18, 7, 19, 8], [9, 20, 10, 21], [11, 23, 12, 22], [13, 5, 14, 4], [15, 11, 16, 10], [17, 24, 18, 1], [2, 19, 3, 20]]"
12n_0568_15,"[[2, 19, 3, 20], [21, 16, 22, 17], [23, 13, 24, 12], [8, 2, 9, 1], [3, 7, 4, 6], [5, 15, 6, 14], [18, 7, 19, 8], [9, 20, 10, 21], [11, 23, 12, 22], [13, 5, 14, 4], [15, 11, 16, 10], [17, 24, 18, 1]]"
12n_0568_16,"[[17, 24, 18, 1], [2, 19, 3, 20], [21, 16, 22, 17], [23, 13, 24, 12], [8, 2, 9, 1], [3, 7, 4, 6], [5, 15, 6, 14], [18, 7, 19, 8], [9, 20, 10, 21], [11, 23, 12, 22], [13, 5, 14, 4], [15, 11, 16, 10]]"
12n_0568_17,"[[15, 11, 16, 10], [17, 24, 18, 1], [2, 19, 3, 20], [21, 16, 22, 17], [23, 13, 24, 12], [8, 2, 9, 1], [3, 7, 4, 6], [5, 15, 6, 14], [18, 7, 19, 8], [9, 20, 10, 21], [11, 23, 12, 22], [13, 5, 14, 4]]"
12n_0568_18,"[[13, 5, 14, 4], [15, 11, 16, 10], [17, 24, 18, 1], [2, 19, 3, 20], [21, 16, 22, 17], [23, 13, 24, 12], [8, 2, 9, 1], [3, 7, 4, 6], [5, 15, 6, 14], [18, 7, 19, 8], [9, 20, 10, 21], [11, 23, 12, 22]]"
12n_0568_19,"[[11, 23, 12, 22], [13, 5, 14, 4], [15, 11, 16, 10], [17, 24, 18, 1], [2, 19, 3, 20], [21, 16, 22, 17], [23, 13, 24, 12], [8, 2, 9, 1], [3, 7, 4, 6], [5, 15, 6, 14], [18, 7, 19, 8], [9, 20, 10, 21]]"
12n_0568_20,"[[9, 20, 10, 21], [11, 23, 12, 22], [13, 5, 14, 4], [15, 11, 16, 10], [17, 24, 18, 1], [2, 19, 3, 20], [21, 16, 22, 17], [23, 13, 24, 12], [8, 2, 9, 1], [3, 7, 4, 6], [5, 15, 6, 14], [18, 7, 19, 8]]"
12n_0568_21,"[[18, 7, 19, 8], [9, 20, 10, 21], [11, 23, 12, 22], [13, 5, 14, 4], [15, 11, 16, 10], [17, 24, 18, 1], [2, 19, 3, 20], [21, 16, 22, 17], [23, 13, 24, 12], [8, 2, 9, 1], [3, 7, 4, 6], [5, 15, 6, 14]]"
12n_0568_22,"[[5, 15, 6, 14], [18, 7, 19, 8], [9, 20, 10, 21], [11, 23, 12, 22], [13, 5, 14, 4], [15, 11, 16, 10], [17, 24, 18, 1], [2, 19, 3, 20], [21, 16, 22, 17], [23, 13, 24, 12], [8, 2, 9, 1], [3, 7, 4, 6]]"
12n_0568_23,"[[3, 7, 4, 6], [5, 15, 6, 14], [18, 7, 19, 8], [9, 20, 10, 21], [11, 23, 12, 22], [13, 5, 14, 4], [15, 11, 16, 10], [17, 24, 18, 1], [2, 19, 3, 20], [21, 16, 22, 17], [23, 13, 24, 12], [8, 2, 9, 1]]"
12n_0568_24,"[[9, 3, 10, 2], [4, 8, 5, 7], [6, 16, 7, 15], [19, 8, 20, 9], [10, 21, 11, 22], [12, 24, 13, 23], [14, 6, 15, 5], [16, 12, 17, 11], [18, 1, 19, 2], [3, 20, 4, 21], [22, 17, 23, 18], [24, 14, 1, 13]]"
12n_0568_25,"[[24, 14, 1, 13], [9, 3, 10, 2], [4, 8, 5, 7], [6, 16, 7, 15], [19, 8, 20, 9], [10, 21, 11, 22], [12, 24, 13, 23], [14, 6, 15, 5], [16, 12, 17, 11], [18, 1, 19, 2], [3, 20, 4, 21], [22, 17, 23, 18]]"
12n_0568_26,"[[22, 17, 23, 18], [24, 14, 1, 13], [9, 3, 10, 2], [4, 8, 5, 7], [6, 16, 7, 15], [19, 8, 20, 9], [10, 21, 11, 22], [12, 24, 13, 23], [14, 6, 15, 5], [16, 12, 17, 11], [18, 1, 19, 2], [3, 20, 4, 21]]"
12n_0568_27,"[[3, 20, 4, 21], [22, 17, 23, 18], [24, 14, 1, 13], [9, 3, 10, 2], [4, 8, 5, 7], [6, 16, 7, 15], [19, 8, 20, 9], [10, 21, 11, 22], [12, 24, 13, 23], [14, 6, 15, 5], [16, 12, 17, 11], [18, 1, 19, 2]]"
12n_0568_28,"[[18, 1, 19, 2], [3, 20, 4, 21], [22, 17, 23, 18], [24, 14, 1, 13], [9, 3, 10, 2], [4, 8, 5, 7], [6, 16, 7, 15], [19, 8, 20, 9], [10, 21, 11, 22], [12, 24, 13, 23], [14, 6, 15, 5], [16, 12, 17, 11]]"
12n_0568_29,"[[16, 12, 17, 11], [18, 1, 19, 2], [3, 20, 4, 21], [22, 17, 23, 18], [24, 14, 1, 13], [9, 3, 10, 2], [4, 8, 5, 7], [6, 16, 7, 15], [19, 8, 20, 9], [10, 21, 11, 22], [12, 24, 13, 23], [14, 6, 15, 5]]"
12n_0568_30,"[[14, 6, 15, 5], [16, 12, 17, 11], [18, 1, 19, 2], [3, 20, 4, 21], [22, 17, 23, 18], [24, 14, 1, 13], [9, 3, 10, 2], [4, 8, 5, 7], [6, 16, 7, 15], [19, 8, 20, 9], [10, 21, 11, 22], [12, 24, 13, 23]]"
12n_0568_31,"[[12, 24, 13, 23], [14, 6, 15, 5], [16, 12, 17, 11], [18, 1, 19, 2], [3, 20, 4, 21], [22, 17, 23, 18], [24, 14, 1, 13], [9, 3, 10, 2], [4, 8, 5, 7], [6, 16, 7, 15], [19, 8, 20, 9], [10, 21, 11, 22]]"
12n_0568_32,"[[10, 21, 11, 22], [12, 24, 13, 23], [14, 6, 15, 5], [16, 12, 17, 11], [18, 1, 19, 2], [3, 20, 4, 21], [22, 17, 23, 18], [24, 14, 1, 13], [9, 3, 10, 2], [4, 8, 5, 7], [6, 16, 7, 15], [19, 8, 20, 9]]"
12n_0568_33,"[[19, 8, 20, 9], [10, 21, 11, 22], [12, 24, 13, 23], [14, 6, 15, 5], [16, 12, 17, 11], [18, 1, 19, 2], [3, 20, 4, 21], [22, 17, 23, 18], [24, 14, 1, 13], [9, 3, 10, 2], [4, 8, 5, 7], [6, 16, 7, 15]]"
12n_0568_34,"[[6, 16, 7, 15], [19, 8, 20, 9], [10, 21, 11, 22], [12, 24, 13, 23], [14, 6, 15, 5], [16, 12, 17, 11], [18, 1, 19, 2], [3, 20, 4, 21], [22, 17, 23, 18], [24, 14, 1, 13], [9, 3, 10, 2], [4, 8, 5, 7]]"
12n_0568_35,"[[4, 8, 5, 7], [6, 16, 7, 15], [19, 8, 20, 9], [10, 21, 11, 22], [12, 24, 13, 23], [14, 6, 15, 5], [16, 12, 17, 11], [18, 1, 19, 2], [3, 20, 4, 21], [22, 17, 23, 18], [24, 14, 1, 13], [9, 3, 10, 2]]"
12n_0568_36,"[[10, 4, 11, 3], [5, 9, 6, 8], [7, 17, 8, 16], [20, 9, 21, 10], [11, 22, 12, 23], [13, 1, 14, 24], [15, 7, 16, 6], [17, 13, 18, 12], [19, 2, 20, 3], [4, 21, 5, 22], [23, 18, 24, 19], [1, 15, 2, 14]]"
12n_0568_37,"[[1, 15, 2, 14], [10, 4, 11, 3], [5, 9, 6, 8], [7, 17, 8, 16], [20, 9, 21, 10], [11, 22, 12, 23], [13, 1, 14, 24], [15, 7, 16, 6], [17, 13, 18, 12], [19, 2, 20, 3], [4, 21, 5, 22], [23, 18, 24, 19]]"
12n_0568_38,"[[23, 18, 24, 19], [1, 15, 2, 14], [10, 4, 11, 3], [5, 9, 6, 8], [7, 17, 8, 16], [20, 9, 21, 10], [11, 22, 12, 23], [13, 1, 14, 24], [15, 7, 16, 6], [17, 13, 18, 12], [19, 2, 20, 3], [4, 21, 5, 22]]"
12n_0568_39,"[[4, 21, 5, 22], [23, 18, 24, 19], [1, 15, 2, 14], [10, 4, 11, 3], [5, 9, 6, 8], [7, 17, 8, 16], [20, 9, 21, 10], [11, 22, 12, 23], [13, 1, 14, 24], [15, 7, 16, 6], [17, 13, 18, 12], [19, 2, 20, 3]]"
12n_0568_40,"[[19, 2, 20, 3], [4, 21, 5, 22], [23, 18, 24, 19], [1, 15, 2, 14], [10, 4, 11, 3], [5, 9, 6, 8], [7, 17, 8, 16], [20, 9, 21, 10], [11, 22, 12, 23], [13, 1, 14, 24], [15, 7, 16, 6], [17, 13, 18, 12]]"
12n_0568_41,"[[17, 13, 18, 12], [19, 2, 20, 3], [4, 21, 5, 22], [23, 18, 24, 19], [1, 15, 2, 14], [10, 4, 11, 3], [5, 9, 6, 8], [7, 17, 8, 16], [20, 9, 21, 10], [11, 22, 12, 23], [13, 1, 14, 24], [15, 7, 16, 6]]"
12n_0568_42,"[[15, 7, 16, 6], [17, 13, 18, 12], [19, 2, 20, 3], [4, 21, 5, 22], [23, 18, 24, 19], [1, 15, 2, 14], [10, 4, 11, 3], [5, 9, 6, 8], [7, 17, 8, 16], [20, 9, 21, 10], [11, 22, 12, 23], [13, 1, 14, 24]]"
12n_0568_43,"[[13, 1, 14, 24], [15, 7, 16, 6], [17, 13, 18, 12], [19, 2, 20, 3], [4, 21, 5, 22], [23, 18, 24, 19], [1, 15, 2, 14], [10, 4, 11, 3], [5, 9, 6, 8], [7, 17, 8, 16], [20, 9, 21, 10], [11, 22, 12, 23]]"
12n_0568_44,"[[11, 22, 12, 23], [13, 1, 14, 24], [15, 7, 16, 6], [17, 13, 18, 12], [19, 2, 20, 3], [4, 21, 5, 22], [23, 18, 24, 19], [1, 15, 2, 14], [10, 4, 11, 3], [5, 9, 6, 8], [7, 17, 8, 16], [20, 9, 21, 10]]"
12n_0568_45,"[[20, 9, 21, 10], [11, 22, 12, 23], [13, 1, 14, 24], [15, 7, 16, 6], [17, 13, 18, 12], [19, 2, 20, 3], [4, 21, 5, 22], [23, 18, 24, 19], [1, 15, 2, 14], [10, 4, 11, 3], [5, 9, 6, 8], [7, 17, 8, 16]]"
12n_0568_46,"[[7, 17, 8, 16], [20, 9, 21, 10], [11, 22, 12, 23], [13, 1, 14, 24], [15, 7, 16, 6], [17, 13, 18, 12], [19, 2, 20, 3], [4, 21, 5, 22], [23, 18, 24, 19], [1, 15, 2, 14], [10, 4, 11, 3], [5, 9, 6, 8]]"
12n_0568_47,"[[5, 9, 6, 8], [7, 17, 8, 16], [20, 9, 21, 10], [11, 22, 12, 23], [13, 1, 14, 24], [15, 7, 16, 6], [17, 13, 18, 12], [19, 2, 20, 3], [4, 21, 5, 22], [23, 18, 24, 19], [1, 15, 2, 14], [10, 4, 11, 3]]"
12n_0568_48,"[[11, 5, 12, 4], [6, 10, 7, 9], [8, 18, 9, 17], [21, 10, 22, 11], [12, 23, 13, 24], [14, 2, 15, 1], [16, 8, 17, 7], [18, 14, 19, 13], [20, 3, 21, 4], [5, 22, 6, 23], [24, 19, 1, 20], [2, 16, 3, 15]]"
12n_0568_49,"[[2, 16, 3, 15], [11, 5, 12, 4], [6, 10, 7, 9], [8, 18, 9, 17], [21, 10, 22, 11], [12, 23, 13, 24], [14, 2, 15, 1], [16, 8, 17, 7], [18, 14, 19, 13], [20, 3, 21, 4], [5, 22, 6, 23], [24, 19, 1, 20]]"
12n_0568_50,"[[24, 19, 1, 20], [2, 16, 3, 15], [11, 5, 12, 4], [6, 10, 7, 9], [8, 18, 9, 17], [21, 10, 22, 11], [12, 23, 13, 24], [14, 2, 15, 1], [16, 8, 17, 7], [18, 14, 19, 13], [20, 3, 21, 4], [5, 22, 6, 23]]"
12n_0568_51,"[[5, 22, 6, 23], [24, 19, 1, 20], [2, 16, 3, 15], [11, 5, 12, 4], [6, 10, 7, 9], [8, 18, 9, 17], [21, 10, 22, 11], [12, 23, 13, 24], [14, 2, 15, 1], [16, 8, 17, 7], [18, 14, 19, 13], [20, 3, 21, 4]]"
12n_0568_52,"[[20, 3, 21, 4], [5, 22, 6, 23], [24, 19, 1, 20], [2, 16, 3, 15], [11, 5, 12, 4], [6, 10, 7, 9], [8, 18, 9, 17], [21, 10, 22, 11], [12, 23, 13, 24], [14, 2, 15, 1], [16, 8, 17, 7], [18, 14, 19, 13]]"
12n_0568_53,"[[18, 14, 19, 13], [20, 3, 21, 4], [5, 22, 6, 23], [24, 19, 1, 20], [2, 16, 3, 15], [11, 5, 12, 4], [6, 10, 7, 9], [8, 18, 9, 17], [21, 10, 22, 11], [12, 23, 13, 24], [14, 2, 15, 1], [16, 8, 17, 7]]"
12n_0568_54,"[[16, 8, 17, 7], [18, 14, 19, 13], [20, 3, 21, 4], [5, 22, 6, 23], [24, 19, 1, 20], [2, 16, 3, 15], [11, 5, 12, 4], [6, 10, 7, 9], [8, 18, 9, 17], [21, 10, 22, 11], [12, 23, 13, 24], [14, 2, 15, 1]]"
12n_0568_55,"[[14, 2, 15, 1], [16, 8, 17, 7], [18, 14, 19, 13], [20, 3, 21, 4], [5, 22, 6, 23], [24, 19, 1, 20], [2, 16, 3, 15], [11, 5, 12, 4], [6, 10, 7, 9], [8, 18, 9, 17], [21, 10, 22, 11], [12, 23, 13, 24]]"
12n_0568_56,"[[12, 23, 13, 24], [14, 2, 15, 1], [16, 8, 17, 7], [18, 14, 19, 13], [20, 3, 21, 4], [5, 22, 6, 23], [24, 19, 1, 20], [2, 16, 3, 15], [11, 5, 12, 4], [6, 10, 7, 9], [8, 18, 9, 17], [21, 10, 22, 11]]"
12n_0568_57,"[[21, 10, 22, 11], [12, 23, 13, 24], [14, 2, 15, 1], [16, 8, 17, 7], [18, 14, 19, 13], [20, 3, 21, 4], [5, 22, 6, 23], [24, 19, 1, 20], [2, 16, 3, 15], [11, 5, 12, 4], [6, 10, 7, 9], [8, 18, 9, 17]]"
12n_0568_58,"[[8, 18, 9, 17], [21, 10, 22, 11], [12, 23, 13, 24], [14, 2, 15, 1], [16, 8, 17, 7], [18, 14, 19, 13], [20, 3, 21, 4], [5, 22, 6, 23], [24, 19, 1, 20], [2, 16, 3, 15], [11, 5, 12, 4], [6, 10, 7, 9]]"
12n_0568_59,"[[6, 10, 7, 9], [8, 18, 9, 17], [21, 10, 22, 11], [12, 23, 13, 24], [14, 2, 15, 1], [16, 8, 17, 7], [18, 14, 19, 13], [20, 3, 21, 4], [5, 22, 6, 23], [24, 19, 1, 20], [2, 16, 3, 15], [11, 5, 12, 4]]"
12n_0568_60,"[[12, 6, 13, 5], [7, 11, 8, 10], [9, 19, 10, 18], [22, 11, 23, 12], [13, 24, 14, 1], [15, 3, 16, 2], [17, 9, 18, 8], [19, 15, 20, 14], [21, 4, 22, 5], [6, 23, 7, 24], [1, 20, 2, 21], [3, 17, 4, 16]]"
12n_0568_61,"[[3, 17, 4, 16], [12, 6, 13, 5], [7, 11, 8, 10], [9, 19, 10, 18], [22, 11, 23, 12], [13, 24, 14, 1], [15, 3, 16, 2], [17, 9, 18, 8], [19, 15, 20, 14], [21, 4, 22, 5], [6, 23, 7, 24], [1, 20, 2, 21]]"
12n_0568_62,"[[1, 20, 2, 21], [3, 17, 4, 16], [12, 6, 13, 5], [7, 11, 8, 10], [9, 19, 10, 18], [22, 11, 23, 12], [13, 24, 14, 1], [15, 3, 16, 2], [17, 9, 18, 8], [19, 15, 20, 14], [21, 4, 22, 5], [6, 23, 7, 24]]"
12n_0568_63,"[[6, 23, 7, 24], [1, 20, 2, 21], [3, 17, 4, 16], [12, 6, 13, 5], [7, 11, 8, 10], [9, 19, 10, 18], [22, 11, 23, 12], [13, 24, 14, 1], [15, 3, 16, 2], [17, 9, 18, 8], [19, 15, 20, 14], [21, 4, 22, 5]]"
12n_0568_64,"[[21, 4, 22, 5], [6, 23, 7, 24], [1, 20, 2, 21], [3, 17, 4, 16], [12, 6, 13, 5], [7, 11, 8, 10], [9, 19, 10, 18], [22, 11, 23, 12], [13, 24, 14, 1], [15, 3, 16, 2], [17, 9, 18, 8], [19, 15, 20, 14]]"
12n_0568_65,"[[19, 15, 20, 14], [21, 4, 22, 5], [6, 23, 7, 24], [1, 20, 2, 21], [3, 17, 4, 16], [12, 6, 13, 5], [7, 11, 8, 10], [9, 19, 10, 18], [22, 11, 23, 12], [13, 24, 14, 1], [15, 3, 16, 2], [17, 9, 18, 8]]"
12n_0568_66,"[[17, 9, 18, 8], [19, 15, 20, 14], [21, 4, 22, 5], [6, 23, 7, 24], [1, 20, 2, 21], [3, 17, 4, 16], [12, 6, 13, 5], [7, 11, 8, 10], [9, 19, 10, 18], [22, 11, 23, 12], [13, 24, 14, 1], [15, 3, 16, 2]]"
12n_0568_67,"[[15, 3, 16, 2], [17, 9, 18, 8], [19, 15, 20, 14], [21, 4, 22, 5], [6, 23, 7, 24], [1, 20, 2, 21], [3, 17, 4, 16], [12, 6, 13, 5], [7, 11, 8, 10], [9, 19, 10, 18], [22, 11, 23, 12], [13, 24, 14, 1]]"
12n_0568_68,"[[13, 24, 14, 1], [15, 3, 16, 2], [17, 9, 18, 8], [19, 15, 20, 14], [21, 4, 22, 5], [6, 23, 7, 24], [1, 20, 2, 21], [3, 17, 4, 16], [12, 6, 13, 5], [7, 11, 8, 10], [9, 19, 10, 18], [22, 11, 23, 12]]"
12n_0568_69,"[[22, 11, 23, 12], [13, 24, 14, 1], [15, 3, 16, 2], [17, 9, 18, 8], [19, 15, 20, 14], [21, 4, 22, 5], [6, 23, 7, 24], [1, 20, 2, 21], [3, 17, 4, 16], [12, 6, 13, 5], [7, 11, 8, 10], [9, 19, 10, 18]]"
12n_0568_70,"[[9, 19, 10, 18], [22, 11, 23, 12], [13, 24, 14, 1], [15, 3, 16, 2], [17, 9, 18, 8], [19, 15, 20, 14], [21, 4, 22, 5], [6, 23, 7, 24], [1, 20, 2, 21], [3, 17, 4, 16], [12, 6, 13, 5], [7, 11, 8, 10]]"
12n_0568_71,"[[7, 11, 8, 10], [9, 19, 10, 18], [22, 11, 23, 12], [13, 24, 14, 1], [15, 3, 16, 2], [17, 9, 18, 8], [19, 15, 20, 14], [21, 4, 22, 5], [6, 23, 7, 24], [1, 20, 2, 21], [3, 17, 4, 16], [12, 6, 13, 5]]"
12n_0568_72,"[[13, 7, 14, 6], [8, 12, 9, 11], [10, 20, 11, 19], [23, 12, 24, 13], [14, 1, 15, 2], [16, 4, 17, 3], [18, 10, 19, 9], [20, 16, 21, 15], [22, 5, 23, 6], [7, 24, 8, 1], [2, 21, 3, 22], [4, 18, 5, 17]]"
12n_0568_73,"[[4, 18, 5, 17], [13, 7, 14, 6], [8, 12, 9, 11], [10, 20, 11, 19], [23, 12, 24, 13], [14, 1, 15, 2], [16, 4, 17, 3], [18, 10, 19, 9], [20, 16, 21, 15], [22, 5, 23, 6], [7, 24, 8, 1], [2, 21, 3, 22]]"
12n_0568_74,"[[2, 21, 3, 22], [4, 18, 5, 17], [13, 7, 14, 6], [8, 12, 9, 11], [10, 20, 11, 19], [23, 12, 24, 13], [14, 1, 15, 2], [16, 4, 17, 3], [18, 10, 19, 9], [20, 16, 21, 15], [22, 5, 23, 6], [7, 24, 8, 1]]"
12n_0568_75,"[[7, 24, 8, 1], [2, 21, 3, 22], [4, 18, 5, 17], [13, 7, 14, 6], [8, 12, 9, 11], [10, 20, 11, 19], [23, 12, 24, 13], [14, 1, 15, 2], [16, 4, 17, 3], [18, 10, 19, 9], [20, 16, 21, 15], [22, 5, 23, 6]]"
12n_0568_76,"[[22, 5, 23, 6], [7, 24, 8, 1], [2, 21, 3, 22], [4, 18, 5, 17], [13, 7, 14, 6], [8, 12, 9, 11], [10, 20, 11, 19], [23, 12, 24, 13], [14, 1, 15, 2], [16, 4, 17, 3], [18, 10, 19, 9], [20, 16, 21, 15]]"
12n_0568_77,"[[20, 16, 21, 15], [22, 5, 23, 6], [7, 24, 8, 1], [2, 21, 3, 22], [4, 18, 5, 17], [13, 7, 14, 6], [8, 12, 9, 11], [10, 20, 11, 19], [23, 12, 24, 13], [14, 1, 15, 2], [16, 4, 17, 3], [18, 10, 19, 9]]"
12n_0568_78,"[[18, 10, 19, 9], [20, 16, 21, 15], [22, 5, 23, 6], [7, 24, 8, 1], [2, 21, 3, 22], [4, 18, 5, 17], [13, 7, 14, 6], [8, 12, 9, 11], [10, 20, 11, 19], [23, 12, 24, 13], [14, 1, 15, 2], [16, 4, 17, 3]]"
12n_0568_79,"[[16, 4, 17, 3], [18, 10, 19, 9], [20, 16, 21, 15], [22, 5, 23, 6], [7, 24, 8, 1], [2, 21, 3, 22], [4, 18, 5, 17], [13, 7, 14, 6], [8, 12, 9, 11], [10, 20, 11, 19], [23, 12, 24, 13], [14, 1, 15, 2]]"
12n_0568_80,"[[14, 1, 15, 2], [16, 4, 17, 3], [18, 10, 19, 9], [20, 16, 21, 15], [22, 5, 23, 6], [7, 24, 8, 1], [2, 21, 3, 22], [4, 18, 5, 17], [13, 7, 14, 6], [8, 12, 9, 11], [10, 20, 11, 19], [23, 12, 24, 13]]"
12n_0568_81,"[[23, 12, 24, 13], [14, 1, 15, 2], [16, 4, 17, 3], [18, 10, 19, 9], [20, 16, 21, 15], [22, 5, 23, 6], [7, 24, 8, 1], [2, 21, 3, 22], [4, 18, 5, 17], [13, 7, 14, 6], [8, 12, 9, 11], [10, 20, 11, 19]]"
12n_0568_82,"[[10, 20, 11, 19], [23, 12, 24, 13], [14, 1, 15, 2], [16, 4, 17, 3], [18, 10, 19, 9], [20, 16, 21, 15], [22, 5, 23, 6], [7, 24, 8, 1], [2, 21, 3, 22], [4, 18, 5, 17], [13, 7, 14, 6], [8, 12, 9, 11]]"
12n_0568_83,"[[8, 12, 9, 11], [10, 20, 11, 19], [23, 12, 24, 13], [14, 1, 15, 2], [16, 4, 17, 3], [18, 10, 19, 9], [20, 16, 21, 15], [22, 5, 23, 6], [7, 24, 8, 1], [2, 21, 3, 22], [4, 18, 5, 17], [13, 7, 14, 6]]"
12n_0568_84,"[[14, 8, 15, 7], [9, 13, 10, 12], [11, 21, 12, 20], [24, 13, 1, 14], [15, 2, 16, 3], [17, 5, 18, 4], [19, 11, 20, 10], [21, 17, 22, 16], [23, 6, 24, 7], [8, 1, 9, 2], [3, 22, 4, 23], [5, 19, 6, 18]]"
12n_0568_85,"[[5, 19, 6, 18], [14, 8, 15, 7], [9, 13, 10, 12], [11, 21, 12, 20], [24, 13, 1, 14], [15, 2, 16, 3], [17, 5, 18, 4], [19, 11, 20, 10], [21, 17, 22, 16], [23, 6, 24, 7], [8, 1, 9, 2], [3, 22, 4, 23]]"
12n_0568_86,"[[3, 22, 4, 23], [5, 19, 6, 18], [14, 8, 15, 7], [9, 13, 10, 12], [11, 21, 12, 20], [24, 13, 1, 14], [15, 2, 16, 3], [17, 5, 18, 4], [19, 11, 20, 10], [21, 17, 22, 16], [23, 6, 24, 7], [8, 1, 9, 2]]"
12n_0568_87,"[[8, 1, 9, 2], [3, 22, 4, 23], [5, 19, 6, 18], [14, 8, 15, 7], [9, 13, 10, 12], [11, 21, 12, 20], [24, 13, 1, 14], [15, 2, 16, 3], [17, 5, 18, 4], [19, 11, 20, 10], [21, 17, 22, 16], [23, 6, 24, 7]]"
12n_0568_88,"[[23, 6, 24, 7], [8, 1, 9, 2], [3, 22, 4, 23], [5, 19, 6, 18], [14, 8, 15, 7], [9, 13, 10, 12], [11, 21, 12, 20], [24, 13, 1, 14], [15, 2, 16, 3], [17, 5, 18, 4], [19, 11, 20, 10], [21, 17, 22, 16]]"
12n_0568_89,"[[21, 17, 22, 16], [23, 6, 24, 7], [8, 1, 9, 2], [3, 22, 4, 23], [5, 19, 6, 18], [14, 8, 15, 7], [9, 13, 10, 12], [11, 21, 12, 20], [24, 13, 1, 14], [15, 2, 16, 3], [17, 5, 18, 4], [19, 11, 20, 10]]"
12n_0568_90,"[[19, 11, 20, 10], [21, 17, 22, 16], [23, 6, 24, 7], [8, 1, 9, 2], [3, 22, 4, 23], [5, 19, 6, 18], [14, 8, 15, 7], [9, 13, 10, 12], [11, 21, 12, 20], [24, 13, 1, 14], [15, 2, 16, 3], [17, 5, 18, 4]]"
12n_0568_91,"[[17, 5, 18, 4], [19, 11, 20, 10], [21, 17, 22, 16], [23, 6, 24, 7], [8, 1, 9, 2], [3, 22, 4, 23], [5, 19, 6, 18], [14, 8, 15, 7], [9, 13, 10, 12], [11, 21, 12, 20], [24, 13, 1, 14], [15, 2, 16, 3]]"
12n_0568_92,"[[15, 2, 16, 3], [17, 5, 18, 4], [19, 11, 20, 10], [21, 17, 22, 16], [23, 6, 24, 7], [8, 1, 9, 2], [3, 22, 4, 23], [5, 19, 6, 18], [14, 8, 15, 7], [9, 13, 10, 12], [11, 21, 12, 20], [24, 13, 1, 14]]"
12n_0568_93,"[[24, 13, 1, 14], [15, 2, 16, 3], [17, 5, 18, 4], [19, 11, 20, 10], [21, 17, 22, 16], [23, 6, 24, 7], [8, 1, 9, 2], [3, 22, 4, 23], [5, 19, 6, 18], [14, 8, 15, 7], [9, 13, 10, 12], [11, 21, 12, 20]]"
12n_0568_94,"[[11, 21, 12, 20], [24, 13, 1, 14], [15, 2, 16, 3], [17, 5, 18, 4], [19, 11, 20, 10], [21, 17, 22, 16], [23, 6, 24, 7], [8, 1, 9, 2], [3, 22, 4, 23], [5, 19, 6, 18], [14, 8, 15, 7], [9, 13, 10, 12]]"
12n_0568_95,"[[9, 13, 10, 12], [11, 21, 12, 20], [24, 13, 1, 14], [15, 2, 16, 3], [17, 5, 18, 4], [19, 11, 20, 10], [21, 17, 22, 16], [23, 6, 24, 7], [8, 1, 9, 2], [3, 22, 4, 23], [5, 19, 6, 18], [14, 8, 15, 7]]"
12n_0568_96,"[[15, 9, 16, 8], [10, 14, 11, 13], [12, 22, 13, 21], [1, 14, 2, 15], [16, 3, 17, 4], [18, 6, 19, 5], [20, 12, 21, 11], [22, 18, 23, 17], [24, 7, 1, 8], [9, 2, 10, 3], [4, 23, 5, 24], [6, 20, 7, 19]]"
12n_0568_97,"[[6, 20, 7, 19], [15, 9, 16, 8], [10, 14, 11, 13], [12, 22, 13, 21], [1, 14, 2, 15], [16, 3, 17, 4], [18, 6, 19, 5], [20, 12, 21, 11], [22, 18, 23, 17], [24, 7, 1, 8], [9, 2, 10, 3], [4, 23, 5, 24]]"
12n_0568_98,"[[4, 23, 5, 24], [6, 20, 7, 19], [15, 9, 16, 8], [10, 14, 11, 13], [12, 22, 13, 21], [1, 14, 2, 15], [16, 3, 17, 4], [18, 6, 19, 5], [20, 12, 21, 11], [22, 18, 23, 17], [24, 7, 1, 8], [9, 2, 10, 3]]"
12n_0568_99,"[[9, 2, 10, 3], [4, 23, 5, 24], [6, 20, 7, 19], [15, 9, 16, 8], [10, 14, 11, 13], [12, 22, 13, 21], [1, 14, 2, 15], [16, 3, 17, 4], [18, 6, 19, 5], [20, 12, 21, 11], [22, 18, 23, 17], [24, 7, 1, 8]]"
12n_0568_100,"[[24, 7, 1, 8], [9, 2, 10, 3], [4, 23, 5, 24], [6, 20, 7, 19], [15, 9, 16, 8], [10, 14, 11, 13], [12, 22, 13, 21], [1, 14, 2, 15], [16, 3, 17, 4], [18, 6, 19, 5], [20, 12, 21, 11], [22, 18, 23, 17]]"
12n_0568_101,"[[22, 18, 23, 17], [24, 7, 1, 8], [9, 2, 10, 3], [4, 23, 5, 24], [6, 20, 7, 19], [15, 9, 16, 8], [10, 14, 11, 13], [12, 22, 13, 21], [1, 14, 2, 15], [16, 3, 17, 4], [18, 6, 19, 5], [20, 12, 21, 11]]"
12n_0568_102,"[[20, 12, 21, 11], [22, 18, 23, 17], [24, 7, 1, 8], [9, 2, 10, 3], [4, 23, 5, 24], [6, 20, 7, 19], [15, 9, 16, 8], [10, 14, 11, 13], [12, 22, 13, 21], [1, 14, 2, 15], [16, 3, 17, 4], [18, 6, 19, 5]]"
12n_0568_103,"[[18, 6, 19, 5], [20, 12, 21, 11], [22, 18, 23, 17], [24, 7, 1, 8], [9, 2, 10, 3], [4, 23, 5, 24], [6, 20, 7, 19], [15, 9, 16, 8], [10, 14, 11, 13], [12, 22, 13, 21], [1, 14, 2, 15], [16, 3, 17, 4]]"
12n_0568_104,"[[16, 3, 17, 4], [18, 6, 19, 5], [20, 12, 21, 11], [22, 18, 23, 17], [24, 7, 1, 8], [9, 2, 10, 3], [4, 23, 5, 24], [6, 20, 7, 19], [15, 9, 16, 8], [10, 14, 11, 13], [12, 22, 13, 21], [1, 14, 2, 15]]"
12n_0568_105,"[[1, 14, 2, 15], [16, 3, 17, 4], [18, 6, 19, 5], [20, 12, 21, 11], [22, 18, 23, 17], [24, 7, 1, 8], [9, 2, 10, 3], [4, 23, 5, 24], [6, 20, 7, 19], [15, 9, 16, 8], [10, 14, 11, 13], [12, 22, 13, 21]]"
12n_0568_106,"[[12, 22, 13, 21], [1, 14, 2, 15], [16, 3, 17, 4], [18, 6, 19, 5], [20, 12, 21, 11], [22, 18, 23, 17], [24, 7, 1, 8], [9, 2, 10, 3], [4, 23, 5, 24], [6, 20, 7, 19], [15, 9, 16, 8], [10, 14, 11, 13]]"
12n_0568_107,"[[10, 14, 11, 13], [12, 22, 13, 21], [1, 14, 2, 15], [16, 3, 17, 4], [18, 6, 19, 5], [20, 12, 21, 11], [22, 18, 23, 17], [24, 7, 1, 8], [9, 2, 10, 3], [4, 23, 5, 24], [6, 20, 7, 19], [15, 9, 16, 8]]"
12n_0568_108,"[[16, 10, 17, 9], [11, 15, 12, 14], [13, 23, 14, 22], [2, 15, 3, 16], [17, 4, 18, 5], [19, 7, 20, 6], [21, 13, 22, 12], [23, 19, 24, 18], [1, 8, 2, 9], [10, 3, 11, 4], [5, 24, 6, 1], [7, 21, 8, 20]]"
12n_0568_109,"[[7, 21, 8, 20], [16, 10, 17, 9], [11, 15, 12, 14], [13, 23, 14, 22], [2, 15, 3, 16], [17, 4, 18, 5], [19, 7, 20, 6], [21, 13, 22, 12], [23, 19, 24, 18], [1, 8, 2, 9], [10, 3, 11, 4], [5, 24, 6, 1]]"
12n_0568_110,"[[5, 24, 6, 1], [7, 21, 8, 20], [16, 10, 17, 9], [11, 15, 12, 14], [13, 23, 14, 22], [2, 15, 3, 16], [17, 4, 18, 5], [19, 7, 20, 6], [21, 13, 22, 12], [23, 19, 24, 18], [1, 8, 2, 9], [10, 3, 11, 4]]"
12n_0568_111,"[[10, 3, 11, 4], [5, 24, 6, 1], [7, 21, 8, 20], [16, 10, 17, 9], [11, 15, 12, 14], [13, 23, 14, 22], [2, 15, 3, 16], [17, 4, 18, 5], [19, 7, 20, 6], [21, 13, 22, 12], [23, 19, 24, 18], [1, 8, 2, 9]]"
12n_0568_112,"[[1, 8, 2, 9], [10, 3, 11, 4], [5, 24, 6, 1], [7, 21, 8, 20], [16, 10, 17, 9], [11, 15, 12, 14], [13, 23, 14, 22], [2, 15, 3, 16], [17, 4, 18, 5], [19, 7, 20, 6], [21, 13, 22, 12], [23, 19, 24, 18]]"
12n_0568_113,"[[23, 19, 24, 18], [1, 8, 2, 9], [10, 3, 11, 4], [5, 24, 6, 1], [7, 21, 8, 20], [16, 10, 17, 9], [11, 15, 12, 14], [13, 23, 14, 22], [2, 15, 3, 16], [17, 4, 18, 5], [19, 7, 20, 6], [21, 13, 22, 12]]"
12n_0568_114,"[[21, 13, 22, 12], [23, 19, 24, 18], [1, 8, 2, 9], [10, 3, 11, 4], [5, 24, 6, 1], [7, 21, 8, 20], [16, 10, 17, 9], [11, 15, 12, 14], [13, 23, 14, 22], [2, 15, 3, 16], [17, 4, 18, 5], [19, 7, 20, 6]]"
12n_0568_115,"[[19, 7, 20, 6], [21, 13, 22, 12], [23, 19, 24, 18], [1, 8, 2, 9], [10, 3, 11, 4], [5, 24, 6, 1], [7, 21, 8, 20], [16, 10, 17, 9], [11, 15, 12, 14], [13, 23, 14, 22], [2, 15, 3, 16], [17, 4, 18, 5]]"
12n_0568_116,"[[17, 4, 18, 5], [19, 7, 20, 6], [21, 13, 22, 12], [23, 19, 24, 18], [1, 8, 2, 9], [10, 3, 11, 4], [5, 24, 6, 1], [7, 21, 8, 20], [16, 10, 17, 9], [11, 15, 12, 14], [13, 23, 14, 22], [2, 15, 3, 16]]"
12n_0568_117,"[[2, 15, 3, 16], [17, 4, 18, 5], [19, 7, 20, 6], [21, 13, 22, 12], [23, 19, 24, 18], [1, 8, 2, 9], [10, 3, 11, 4], [5, 24, 6, 1], [7, 21, 8, 20], [16, 10, 17, 9], [11, 15, 12, 14], [13, 23, 14, 22]]"
12n_0568_118,"[[13, 23, 14, 22], [2, 15, 3, 16], [17, 4, 18, 5], [19, 7, 20, 6], [21, 13, 22, 12], [23, 19, 24, 18], [1, 8, 2, 9], [10, 3, 11, 4], [5, 24, 6, 1], [7, 21, 8, 20], [16, 10, 17, 9], [11, 15, 12, 14]]"
12n_0568_119,"[[11, 15, 12, 14], [13, 23, 14, 22], [2, 15, 3, 16], [17, 4, 18, 5], [19, 7, 20, 6], [21, 13, 22, 12], [23, 19, 24, 18], [1, 8, 2, 9], [10, 3, 11, 4], [5, 24, 6, 1], [7, 21, 8, 20], [16, 10, 17, 9]]"
12n_0568_120,"[[17, 11, 18, 10], [12, 16, 13, 15], [14, 24, 15, 23], [3, 16, 4, 17], [18, 5, 19, 6], [20, 8, 21, 7], [22, 14, 23, 13], [24, 20, 1, 19], [2, 9, 3, 10], [11, 4, 12, 5], [6, 1, 7, 2], [8, 22, 9, 21]]"
12n_0568_121,"[[8, 22, 9, 21], [17, 11, 18, 10], [12, 16, 13, 15], [14, 24, 15, 23], [3, 16, 4, 17], [18, 5, 19, 6], [20, 8, 21, 7], [22, 14, 23, 13], [24, 20, 1, 19], [2, 9, 3, 10], [11, 4, 12, 5], [6, 1, 7, 2]]"
12n_0568_122,"[[6, 1, 7, 2], [8, 22, 9, 21], [17, 11, 18, 10], [12, 16, 13, 15], [14, 24, 15, 23], [3, 16, 4, 17], [18, 5, 19, 6], [20, 8, 21, 7], [22, 14, 23, 13], [24, 20, 1, 19], [2, 9, 3, 10], [11, 4, 12, 5]]"
12n_0568_123,"[[11, 4, 12, 5], [6, 1, 7, 2], [8, 22, 9, 21], [17, 11, 18, 10], [12, 16, 13, 15], [14, 24, 15, 23], [3, 16, 4, 17], [18, 5, 19, 6], [20, 8, 21, 7], [22, 14, 23, 13], [24, 20, 1, 19], [2, 9, 3, 10]]"
12n_0568_124,"[[2, 9, 3, 10], [11, 4, 12, 5], [6, 1, 7, 2], [8, 22, 9, 21], [17, 11, 18, 10], [12, 16, 13, 15], [14, 24, 15, 23], [3, 16, 4, 17], [18, 5, 19, 6], [20, 8, 21, 7], [22, 14, 23, 13], [24, 20, 1, 19]]"
12n_0568_125,"[[24, 20, 1, 19], [2, 9, 3, 10], [11, 4, 12, 5], [6, 1, 7, 2], [8, 22, 9, 21], [17, 11, 18, 10], [12, 16, 13, 15], [14, 24, 15, 23], [3, 16, 4, 17], [18, 5, 19, 6], [20, 8, 21, 7], [22, 14, 23, 13]]"
12n_0568_126,"[[22, 14, 23, 13], [24, 20, 1, 19], [2, 9, 3, 10], [11, 4, 12, 5], [6, 1, 7, 2], [8, 22, 9, 21], [17, 11, 18, 10], [12, 16, 13, 15], [14, 24, 15, 23], [3, 16, 4, 17], [18, 5, 19, 6], [20, 8, 21, 7]]"
12n_0568_127,"[[20, 8, 21, 7], [22, 14, 23, 13], [24, 20, 1, 19], [2, 9, 3, 10], [11, 4, 12, 5], [6, 1, 7, 2], [8, 22, 9, 21], [17, 11, 18, 10], [12, 16, 13, 15], [14, 24, 15, 23], [3, 16, 4, 17], [18, 5, 19, 6]]"
12n_0568_128,"[[18, 5, 19, 6], [20, 8, 21, 7], [22, 14, 23, 13], [24, 20, 1, 19], [2, 9, 3, 10], [11, 4, 12, 5], [6, 1, 7, 2], [8, 22, 9, 21], [17, 11, 18, 10], [12, 16, 13, 15], [14, 24, 15, 23], [3, 16, 4, 17]]"
12n_0568_129,"[[3, 16, 4, 17], [18, 5, 19, 6], [20, 8, 21, 7], [22, 14, 23, 13], [24, 20, 1, 19], [2, 9, 3, 10], [11, 4, 12, 5], [6, 1, 7, 2], [8, 22, 9, 21], [17, 11, 18, 10], [12, 16, 13, 15], [14, 24, 15, 23]]"
12n_0568_130,"[[14, 24, 15, 23], [3, 16, 4, 17], [18, 5, 19, 6], [20, 8, 21, 7], [22, 14, 23, 13], [24, 20, 1, 19], [2, 9, 3, 10], [11, 4, 12, 5], [6, 1, 7, 2], [8, 22, 9, 21], [17, 11, 18, 10], [12, 16, 13, 15]]"
12n_0568_131,"[[12, 16, 13, 15], [14, 24, 15, 23], [3, 16, 4, 17], [18, 5, 19, 6], [20, 8, 21, 7], [22, 14, 23, 13], [24, 20, 1, 19], [2, 9, 3, 10], [11, 4, 12, 5], [6, 1, 7, 2], [8, 22, 9, 21], [17, 11, 18, 10]]"
12n_0568_132,"[[18, 12, 19, 11], [13, 17, 14, 16], [15, 1, 16, 24], [4, 17, 5, 18], [19, 6, 20, 7], [21, 9, 22, 8], [23, 15, 24, 14], [1, 21, 2, 20], [3, 10, 4, 11], [12, 5, 13, 6], [7, 2, 8, 3], [9, 23, 10, 22]]"
12n_0568_133,"[[9, 23, 10, 22], [18, 12, 19, 11], [13, 17, 14, 16], [15, 1, 16, 24], [4, 17, 5, 18], [19, 6, 20, 7], [21, 9, 22, 8], [23, 15, 24, 14], [1, 21, 2, 20], [3, 10, 4, 11], [12, 5, 13, 6], [7, 2, 8, 3]]"
12n_0568_134,"[[7, 2, 8, 3], [9, 23, 10, 22], [18, 12, 19, 11], [13, 17, 14, 16], [15, 1, 16, 24], [4, 17, 5, 18], [19, 6, 20, 7], [21, 9, 22, 8], [23, 15, 24, 14], [1, 21, 2, 20], [3, 10, 4, 11], [12, 5, 13, 6]]"
12n_0568_135,"[[12, 5, 13, 6], [7, 2, 8, 3], [9, 23, 10, 22], [18, 12, 19, 11], [13, 17, 14, 16], [15, 1, 16, 24], [4, 17, 5, 18], [19, 6, 20, 7], [21, 9, 22, 8], [23, 15, 24, 14], [1, 21, 2, 20], [3, 10, 4, 11]]"
12n_0568_136,"[[3, 10, 4, 11], [12, 5, 13, 6], [7, 2, 8, 3], [9, 23, 10, 22], [18, 12, 19, 11], [13, 17, 14, 16], [15, 1, 16, 24], [4, 17, 5, 18], [19, 6, 20, 7], [21, 9, 22, 8], [23, 15, 24, 14], [1, 21, 2, 20]]"
12n_0568_137,"[[1, 21, 2, 20], [3, 10, 4, 11], [12, 5, 13, 6], [7, 2, 8, 3], [9, 23, 10, 22], [18, 12, 19, 11], [13, 17, 14, 16], [15, 1, 16, 24], [4, 17, 5, 18], [19, 6, 20, 7], [21, 9, 22, 8], [23, 15, 24, 14]]"
12n_0568_138,"[[23, 15, 24, 14], [1, 21, 2, 20], [3, 10, 4, 11], [12, 5, 13, 6], [7, 2, 8, 3], [9, 23, 10, 22], [18, 12, 19, 11], [13, 17, 14, 16], [15, 1, 16, 24], [4, 17, 5, 18], [19, 6, 20, 7], [21, 9, 22, 8]]"
12n_0568_139,"[[21, 9, 22, 8], [23, 15, 24, 14], [1, 21, 2, 20], [3, 10, 4, 11], [12, 5, 13, 6], [7, 2, 8, 3], [9, 23, 10, 22], [18, 12, 19, 11], [13, 17, 14, 16], [15, 1, 16, 24], [4, 17, 5, 18], [19, 6, 20, 7]]"
12n_0568_140,"[[19, 6, 20, 7], [21, 9, 22, 8], [23, 15, 24, 14], [1, 21, 2, 20], [3, 10, 4, 11], [12, 5, 13, 6], [7, 2, 8, 3], [9, 23, 10, 22], [18, 12, 19, 11], [13, 17, 14, 16], [15, 1, 16, 24], [4, 17, 5, 18]]"
12n_0568_141,"[[4, 17, 5, 18], [19, 6, 20, 7], [21, 9, 22, 8], [23, 15, 24, 14], [1, 21, 2, 20], [3, 10, 4, 11], [12, 5, 13, 6], [7, 2, 8, 3], [9, 23, 10, 22], [18, 12, 19, 11], [13, 17, 14, 16], [15, 1, 16, 24]]"
12n_0568_142,"[[15, 1, 16, 24], [4, 17, 5, 18], [19, 6, 20, 7], [21, 9, 22, 8], [23, 15, 24, 14], [1, 21, 2, 20], [3, 10, 4, 11], [12, 5, 13, 6], [7, 2, 8, 3], [9, 23, 10, 22], [18, 12, 19, 11], [13, 17, 14, 16]]"
12n_0568_143,"[[13, 17, 14, 16], [15, 1, 16, 24], [4, 17, 5, 18], [19, 6, 20, 7], [21, 9, 22, 8], [23, 15, 24, 14], [1, 21, 2, 20], [3, 10, 4, 11], [12, 5, 13, 6], [7, 2, 8, 3], [9, 23, 10, 22], [18, 12, 19, 11]]"
12n_0568_144,"[[19, 13, 20, 12], [14, 18, 15, 17], [16, 2, 17, 1], [5, 18, 6, 19], [20, 7, 21, 8], [22, 10, 23, 9], [24, 16, 1, 15], [2, 22, 3, 21], [4, 11, 5, 12], [13, 6, 14, 7], [8, 3, 9, 4], [10, 24, 11, 23]]"
12n_0568_145,"[[10, 24, 11, 23], [19, 13, 20, 12], [14, 18, 15, 17], [16, 2, 17, 1], [5, 18, 6, 19], [20, 7, 21, 8], [22, 10, 23, 9], [24, 16, 1, 15], [2, 22, 3, 21], [4, 11, 5, 12], [13, 6, 14, 7], [8, 3, 9, 4]]"
12n_0568_146,"[[8, 3, 9, 4], [10, 24, 11, 23], [19, 13, 20, 12], [14, 18, 15, 17], [16, 2, 17, 1], [5, 18, 6, 19], [20, 7, 21, 8], [22, 10, 23, 9], [24, 16, 1, 15], [2, 22, 3, 21], [4, 11, 5, 12], [13, 6, 14, 7]]"
12n_0568_147,"[[13, 6, 14, 7], [8, 3, 9, 4], [10, 24, 11, 23], [19, 13, 20, 12], [14, 18, 15, 17], [16, 2, 17, 1], [5, 18, 6, 19], [20, 7, 21, 8], [22, 10, 23, 9], [24, 16, 1, 15], [2, 22, 3, 21], [4, 11, 5, 12]]"
12n_0568_148,"[[4, 11, 5, 12], [13, 6, 14, 7], [8, 3, 9, 4], [10, 24, 11, 23], [19, 13, 20, 12], [14, 18, 15, 17], [16, 2, 17, 1], [5, 18, 6, 19], [20, 7, 21, 8], [22, 10, 23, 9], [24, 16, 1, 15], [2, 22, 3, 21]]"
12n_0568_149,"[[2, 22, 3, 21], [4, 11, 5, 12], [13, 6, 14, 7], [8, 3, 9, 4], [10, 24, 11, 23], [19, 13, 20, 12], [14, 18, 15, 17], [16, 2, 17, 1], [5, 18, 6, 19], [20, 7, 21, 8], [22, 10, 23, 9], [24, 16, 1, 15]]"
12n_0568_150,"[[24, 16, 1, 15], [2, 22, 3, 21], [4, 11, 5, 12], [13, 6, 14, 7], [8, 3, 9, 4], [10, 24, 11, 23], [19, 13, 20, 12], [14, 18, 15, 17], [16, 2, 17, 1], [5, 18, 6, 19], [20, 7, 21, 8], [22, 10, 23, 9]]"
12n_0568_151,"[[22, 10, 23, 9], [24, 16, 1, 15], [2, 22, 3, 21], [4, 11, 5, 12], [13, 6, 14, 7], [8, 3, 9, 4], [10, 24, 11, 23], [19, 13, 20, 12], [14, 18, 15, 17], [16, 2, 17, 1], [5, 18, 6, 19], [20, 7, 21, 8]]"
12n_0568_152,"[[20, 7, 21, 8], [22, 10, 23, 9], [24, 16, 1, 15], [2, 22, 3, 21], [4, 11, 5, 12], [13, 6, 14, 7], [8, 3, 9, 4], [10, 24, 11, 23], [19, 13, 20, 12], [14, 18, 15, 17], [16, 2, 17, 1], [5, 18, 6, 19]]"
12n_0568_153,"[[5, 18, 6, 19], [20, 7, 21, 8], [22, 10, 23, 9], [24, 16, 1, 15], [2, 22, 3, 21], [4, 11, 5, 12], [13, 6, 14, 7], [8, 3, 9, 4], [10, 24, 11, 23], [19, 13, 20, 12], [14, 18, 15, 17], [16, 2, 17, 1]]"
12n_0568_154,"[[16, 2, 17, 1], [5, 18, 6, 19], [20, 7, 21, 8], [22, 10, 23, 9], [24, 16, 1, 15], [2, 22, 3, 21], [4, 11, 5, 12], [13, 6, 14, 7], [8, 3, 9, 4], [10, 24, 11, 23], [19, 13, 20, 12], [14, 18, 15, 17]]"
12n_0568_155,"[[14, 18, 15, 17], [16, 2, 17, 1], [5, 18, 6, 19], [20, 7, 21, 8], [22, 10, 23, 9], [24, 16, 1, 15], [2, 22, 3, 21], [4, 11, 5, 12], [13, 6, 14, 7], [8, 3, 9, 4], [10, 24, 11, 23], [19, 13, 20, 12]]"
12n_0568_156,"[[20, 14, 21, 13], [15, 19, 16, 18], [17, 3, 18, 2], [6, 19, 7, 20], [21, 8, 22, 9], [23, 11, 24, 10], [1, 17, 2, 16], [3, 23, 4, 22], [5, 12, 6, 13], [14, 7, 15, 8], [9, 4, 10, 5], [11, 1, 12, 24]]"
12n_0568_157,"[[11, 1, 12, 24], [20, 14, 21, 13], [15, 19, 16, 18], [17, 3, 18, 2], [6, 19, 7, 20], [21, 8, 22, 9], [23, 11, 24, 10], [1, 17, 2, 16], [3, 23, 4, 22], [5, 12, 6, 13], [14, 7, 15, 8], [9, 4, 10, 5]]"
12n_0568_158,"[[9, 4, 10, 5], [11, 1, 12, 24], [20, 14, 21, 13], [15, 19, 16, 18], [17, 3, 18, 2], [6, 19, 7, 20], [21, 8, 22, 9], [23, 11, 24, 10], [1, 17, 2, 16], [3, 23, 4, 22], [5, 12, 6, 13], [14, 7, 15, 8]]"
12n_0568_159,"[[14, 7, 15, 8], [9, 4, 10, 5], [11, 1, 12, 24], [20, 14, 21, 13], [15, 19, 16, 18], [17, 3, 18, 2], [6, 19, 7, 20], [21, 8, 22, 9], [23, 11, 24, 10], [1, 17, 2, 16], [3, 23, 4, 22], [5, 12, 6, 13]]"
12n_0568_160,"[[5, 12, 6, 13], [14, 7, 15, 8], [9, 4, 10, 5], [11, 1, 12, 24], [20, 14, 21, 13], [15, 19, 16, 18], [17, 3, 18, 2], [6, 19, 7, 20], [21, 8, 22, 9], [23, 11, 24, 10], [1, 17, 2, 16], [3, 23, 4, 22]]"
12n_0568_161,"[[3, 23, 4, 22], [5, 12, 6, 13], [14, 7, 15, 8], [9, 4, 10, 5], [11, 1, 12, 24], [20, 14, 21, 13], [15, 19, 16, 18], [17, 3, 18, 2], [6, 19, 7, 20], [21, 8, 22, 9], [23, 11, 24, 10], [1, 17, 2, 16]]"
12n_0568_162,"[[1, 17, 2, 16], [3, 23, 4, 22], [5, 12, 6, 13], [14, 7, 15, 8], [9, 4, 10, 5], [11, 1, 12, 24], [20, 14, 21, 13], [15, 19, 16, 18], [17, 3, 18, 2], [6, 19, 7, 20], [21, 8, 22, 9], [23, 11, 24, 10]]"
12n_0568_163,"[[23, 11, 24, 10], [1, 17, 2, 16], [3, 23, 4, 22], [5, 12, 6, 13], [14, 7, 15, 8], [9, 4, 10, 5], [11, 1, 12, 24], [20, 14, 21, 13], [15, 19, 16, 18], [17, 3, 18, 2], [6, 19, 7, 20], [21, 8, 22, 9]]"
12n_0568_164,"[[21, 8, 22, 9], [23, 11, 24, 10], [1, 17, 2, 16], [3, 23, 4, 22], [5, 12, 6, 13], [14, 7, 15, 8], [9, 4, 10, 5], [11, 1, 12, 24], [20, 14, 21, 13], [15, 19, 16, 18], [17, 3, 18, 2], [6, 19, 7, 20]]"
12n_0568_165,"[[6, 19, 7, 20], [21, 8, 22, 9], [23, 11, 24, 10], [1, 17, 2, 16], [3, 23, 4, 22], [5, 12, 6, 13], [14, 7, 15, 8], [9, 4, 10, 5], [11, 1, 12, 24], [20, 14, 21, 13], [15, 19, 16, 18], [17, 3, 18, 2]]"
12n_0568_166,"[[17, 3, 18, 2], [6, 19, 7, 20], [21, 8, 22, 9], [23, 11, 24, 10], [1, 17, 2, 16], [3, 23, 4, 22], [5, 12, 6, 13], [14, 7, 15, 8], [9, 4, 10, 5], [11, 1, 12, 24], [20, 14, 21, 13], [15, 19, 16, 18]]"
12n_0568_167,"[[15, 19, 16, 18], [17, 3, 18, 2], [6, 19, 7, 20], [21, 8, 22, 9], [23, 11, 24, 10], [1, 17, 2, 16], [3, 23, 4, 22], [5, 12, 6, 13], [14, 7, 15, 8], [9, 4, 10, 5], [11, 1, 12, 24], [20, 14, 21, 13]]"
12n_0568_168,"[[21, 15, 22, 14], [16, 20, 17, 19], [18, 4, 19, 3], [7, 20, 8, 21], [22, 9, 23, 10], [24, 12, 1, 11], [2, 18, 3, 17], [4, 24, 5, 23], [6, 13, 7, 14], [15, 8, 16, 9], [10, 5, 11, 6], [12, 2, 13, 1]]"
12n_0568_169,"[[12, 2, 13, 1], [21, 15, 22, 14], [16, 20, 17, 19], [18, 4, 19, 3], [7, 20, 8, 21], [22, 9, 23, 10], [24, 12, 1, 11], [2, 18, 3, 17], [4, 24, 5, 23], [6, 13, 7, 14], [15, 8, 16, 9], [10, 5, 11, 6]]"
12n_0568_170,"[[10, 5, 11, 6], [12, 2, 13, 1], [21, 15, 22, 14], [16, 20, 17, 19], [18, 4, 19, 3], [7, 20, 8, 21], [22, 9, 23, 10], [24, 12, 1, 11], [2, 18, 3, 17], [4, 24, 5, 23], [6, 13, 7, 14], [15, 8, 16, 9]]"
12n_0568_171,"[[15, 8, 16, 9], [10, 5, 11, 6], [12, 2, 13, 1], [21, 15, 22, 14], [16, 20, 17, 19], [18, 4, 19, 3], [7, 20, 8, 21], [22, 9, 23, 10], [24, 12, 1, 11], [2, 18, 3, 17], [4, 24, 5, 23], [6, 13, 7, 14]]"
12n_0568_172,"[[6, 13, 7, 14], [15, 8, 16, 9], [10, 5, 11, 6], [12, 2, 13, 1], [21, 15, 22, 14], [16, 20, 17, 19], [18, 4, 19, 3], [7, 20, 8, 21], [22, 9, 23, 10], [24, 12, 1, 11], [2, 18, 3, 17], [4, 24, 5, 23]]"
12n_0568_173,"[[4, 24, 5, 23], [6, 13, 7, 14], [15, 8, 16, 9], [10, 5, 11, 6], [12, 2, 13, 1], [21, 15, 22, 14], [16, 20, 17, 19], [18, 4, 19, 3], [7, 20, 8, 21], [22, 9, 23, 10], [24, 12, 1, 11], [2, 18, 3, 17]]"
12n_0568_174,"[[2, 18, 3, 17], [4, 24, 5, 23], [6, 13, 7, 14], [15, 8, 16, 9], [10, 5, 11, 6], [12, 2, 13, 1], [21, 15, 22, 14], [16, 20, 17, 19], [18, 4, 19, 3], [7, 20, 8, 21], [22, 9, 23, 10], [24, 12, 1, 11]]"
12n_0568_175,"[[24, 12, 1, 11], [2, 18, 3, 17], [4, 24, 5, 23], [6, 13, 7, 14], [15, 8, 16, 9], [10, 5, 11, 6], [12, 2, 13, 1], [21, 15, 22, 14], [16, 20, 17, 19], [18, 4, 19, 3], [7, 20, 8, 21], [22, 9, 23, 10]]"
12n_0568_176,"[[22, 9, 23, 10], [24, 12, 1, 11], [2, 18, 3, 17], [4, 24, 5, 23], [6, 13, 7, 14], [15, 8, 16, 9], [10, 5, 11, 6], [12, 2, 13, 1], [21, 15, 22, 14], [16, 20, 17, 19], [18, 4, 19, 3], [7, 20, 8, 21]]"
12n_0568_177,"[[7, 20, 8, 21], [22, 9, 23, 10], [24, 12, 1, 11], [2, 18, 3, 17], [4, 24, 5, 23], [6, 13, 7, 14], [15, 8, 16, 9], [10, 5, 11, 6], [12, 2, 13, 1], [21, 15, 22, 14], [16, 20, 17, 19], [18, 4, 19, 3]]"
12n_0568_178,"[[18, 4, 19, 3], [7, 20, 8, 21], [22, 9, 23, 10], [24, 12, 1, 11], [2, 18, 3, 17], [4, 24, 5, 23], [6, 13, 7, 14], [15, 8, 16, 9], [10, 5, 11, 6], [12, 2, 13, 1], [21, 15, 22, 14], [16, 20, 17, 19]]"
12n_0568_179,"[[16, 20, 17, 19], [18, 4, 19, 3], [7, 20, 8, 21], [22, 9, 23, 10], [24, 12, 1, 11], [2, 18, 3, 17], [4, 24, 5, 23], [6, 13, 7, 14], [15, 8, 16, 9], [10, 5, 11, 6], [12, 2, 13, 1], [21, 15, 22, 14]]"
12n_0568_180,"[[22, 16, 23, 15], [17, 21, 18, 20], [19, 5, 20, 4], [8, 21, 9, 22], [23, 10, 24, 11], [1, 13, 2, 12], [3, 19, 4, 18], [5, 1, 6, 24], [7, 14, 8, 15], [16, 9, 17, 10], [11, 6, 12, 7], [13, 3, 14, 2]]"
12n_0568_181,"[[13, 3, 14, 2], [22, 16, 23, 15], [17, 21, 18, 20], [19, 5, 20, 4], [8, 21, 9, 22], [23, 10, 24, 11], [1, 13, 2, 12], [3, 19, 4, 18], [5, 1, 6, 24], [7, 14, 8, 15], [16, 9, 17, 10], [11, 6, 12, 7]]"
12n_0568_182,"[[11, 6, 12, 7], [13, 3, 14, 2], [22, 16, 23, 15], [17, 21, 18, 20], [19, 5, 20, 4], [8, 21, 9, 22], [23, 10, 24, 11], [1, 13, 2, 12], [3, 19, 4, 18], [5, 1, 6, 24], [7, 14, 8, 15], [16, 9, 17, 10]]"
12n_0568_183,"[[16, 9, 17, 10], [11, 6, 12, 7], [13, 3, 14, 2], [22, 16, 23, 15], [17, 21, 18, 20], [19, 5, 20, 4], [8, 21, 9, 22], [23, 10, 24, 11], [1, 13, 2, 12], [3, 19, 4, 18], [5, 1, 6, 24], [7, 14, 8, 15]]"
12n_0568_184,"[[7, 14, 8, 15], [16, 9, 17, 10], [11, 6, 12, 7], [13, 3, 14, 2], [22, 16, 23, 15], [17, 21, 18, 20], [19, 5, 20, 4], [8, 21, 9, 22], [23, 10, 24, 11], [1, 13, 2, 12], [3, 19, 4, 18], [5, 1, 6, 24]]"
12n_0568_185,"[[5, 1, 6, 24], [7, 14, 8, 15], [16, 9, 17, 10], [11, 6, 12, 7], [13, 3, 14, 2], [22, 16, 23, 15], [17, 21, 18, 20], [19, 5, 20, 4], [8, 21, 9, 22], [23, 10, 24, 11], [1, 13, 2, 12], [3, 19, 4, 18]]"
