name,pd_notation
12n_0322_0,"[[17, 24, 18, 1], [2, 6, 3, 5], [4, 12, 5, 11], [15, 6, 16, 7], [8, 13, 9, 14], [10, 4, 11, 3], [12, 20, 13, 19], [14, 21, 15, 22], [1, 16, 2, 17], [23, 18, 24, 19], [20, 10, 21, 9], [7, 23, 8, 22]]"
12n_0322_1,"[[7, 23, 8, 22], [17, 24, 18, 1], [2, 6, 3, 5], [4, 12, 5, 11], [15, 6, 16, 7], [8, 13, 9, 14], [10, 4, 11, 3], [12, 20, 13, 19], [14, 21, 15, 22], [1, 16, 2, 17], [23, 18, 24, 19], [20, 10, 21, 9]]"
12n_0322_2,"[[20, 10, 21, 9], [7, 23, 8, 22], [17, 24, 18, 1], [2, 6, 3, 5], [4, 12, 5, 11], [15, 6, 16, 7], [8, 13, 9, 14], [10, 4, 11, 3], [12, 20, 13, 19], [14, 21, 15, 22], [1, 16, 2, 17], [23, 18, 24, 19]]"
12n_0322_3,"[[23, 18, 24, 19], [20, 10, 21, 9], [7, 23, 8, 22], [17, 24, 18, 1], [2, 6, 3, 5], [4, 12, 5, 11], [15, 6, 16, 7], [8, 13, 9, 14], [10, 4, 11, 3], [12, 20, 13, 19], [14, 21, 15, 22], [1, 16, 2, 17]]"
12n_0322_4,"[[1, 16, 2, 17], [23, 18, 24, 19], [20, 10, 21, 9], [7, 23, 8, 22], [17, 24, 18, 1], [2, 6, 3, 5], [4, 12, 5, 11], [15, 6, 16, 7], [8, 13, 9, 14], [10, 4, 11, 3], [12, 20, 13, 19], [14, 21, 15, 22]]"
12n_0322_5,"[[14, 21, 15, 22], [1, 16, 2, 17], [23, 18, 24, 19], [20, 10, 21, 9], [7, 23, 8, 22], [17, 24, 18, 1], [2, 6, 3, 5], [4, 12, 5, 11], [15, 6, 16, 7], [8, 13, 9, 14], [10, 4, 11, 3], [12, 20, 13, 19]]"
12n_0322_6,"[[12, 20, 13, 19], [14, 21, 15, 22], [1, 16, 2, 17], [23, 18, 24, 19], [20, 10, 21, 9], [7, 23, 8, 22], [17, 24, 18, 1], [2, 6, 3, 5], [4, 12, 5, 11], [15, 6, 16, 7], [8, 13, 9, 14], [10, 4, 11, 3]]"
12n_0322_7,"[[10, 4, 11, 3], [12, 20, 13, 19], [14, 21, 15, 22], [1, 16, 2, 17], [23, 18, 24, 19], [20, 10, 21, 9], [7, 23, 8, 22], [17, 24, 18, 1], [2, 6, 3, 5], [4, 12, 5, 11], [15, 6, 16, 7], [8, 13, 9, 14]]"
12n_0322_8,"[[8, 13, 9, 14], [10, 4, 11, 3], [12, 20, 13, 19], [14, 21, 15, 22], [1, 16, 2, 17], [23, 18, 24, 19], [20, 10, 21, 9], [7, 23, 8, 22], [17, 24, 18, 1], [2, 6, 3, 5], [4, 12, 5, 11], [15, 6, 16, 7]]"
12n_0322_9,"[[15, 6, 16, 7], [8, 13, 9, 14], [10, 4, 11, 3], [12, 20, 13, 19], [14, 21, 15, 22], [1, 16, 2, 17], [23, 18, 24, 19], [20, 10, 21, 9], [7, 23, 8, 22], [17, 24, 18, 1], [2, 6, 3, 5], [4, 12, 5, 11]]"
12n_0322_10,"[[4, 12, 5, 11], [15, 6, 16, 7], [8, 13, 9, 14], [10, 4, 11, 3], [12, 20, 13, 19], [14, 21, 15, 22], [1, 16, 2, 17], [23, 18, 24, 19], [20, 10, 21, 9], [7, 23, 8, 22], [17, 24, 18, 1], [2, 6, 3, 5]]"
12n_0322_11,"[[2, 6, 3, 5], [4, 12, 5, 11], [15, 6, 16, 7], [8, 13, 9, 14], [10, 4, 11, 3], [12, 20, 13, 19], [14, 21, 15, 22], [1, 16, 2, 17], [23, 18, 24, 19], [20, 10, 21, 9], [7, 23, 8, 22], [17, 24, 18, 1]]"
12n_0322_12,"[[18, 1, 19, 2], [3, 7, 4, 6], [5, 13, 6, 12], [16, 7, 17, 8], [9, 14, 10, 15], [11, 5, 12, 4], [13, 21, 14, 20], [15, 22, 16, 23], [2, 17, 3, 18], [24, 19, 1, 20], [21, 11, 22, 10], [8, 24, 9, 23]]"
12n_0322_13,"[[8, 24, 9, 23], [18, 1, 19, 2], [3, 7, 4, 6], [5, 13, 6, 12], [16, 7, 17, 8], [9, 14, 10, 15], [11, 5, 12, 4], [13, 21, 14, 20], [15, 22, 16, 23], [2, 17, 3, 18], [24, 19, 1, 20], [21, 11, 22, 10]]"
12n_0322_14,"[[21, 11, 22, 10], [8, 24, 9, 23], [18, 1, 19, 2], [3, 7, 4, 6], [5, 13, 6, 12], [16, 7, 17, 8], [9, 14, 10, 15], [11, 5, 12, 4], [13, 21, 14, 20], [15, 22, 16, 23], [2, 17, 3, 18], [24, 19, 1, 20]]"
12n_0322_15,"[[24, 19, 1, 20], [21, 11, 22, 10], [8, 24, 9, 23], [18, 1, 19, 2], [3, 7, 4, 6], [5, 13, 6, 12], [16, 7, 17, 8], [9, 14, 10, 15], [11, 5, 12, 4], [13, 21, 14, 20], [15, 22, 16, 23], [2, 17, 3, 18]]"
12n_0322_16,"[[2, 17, 3, 18], [24, 19, 1, 20], [21, 11, 22, 10], [8, 24, 9, 23], [18, 1, 19, 2], [3, 7, 4, 6], [5, 13, 6, 12], [16, 7, 17, 8], [9, 14, 10, 15], [11, 5, 12, 4], [13, 21, 14, 20], [15, 22, 16, 23]]"
12n_0322_17,"[[15, 22, 16, 23], [2, 17, 3, 18], [24, 19, 1, 20], [21, 11, 22, 10], [8, 24, 9, 23], [18, 1, 19, 2], [3, 7, 4, 6], [5, 13, 6, 12], [16, 7, 17, 8], [9, 14, 10, 15], [11, 5, 12, 4], [13, 21, 14, 20]]"
12n_0322_18,"[[13, 21, 14, 20], [15, 22, 16, 23], [2, 17, 3, 18], [24, 19, 1, 20], [21, 11, 22, 10], [8, 24, 9, 23], [18, 1, 19, 2], [3, 7, 4, 6], [5, 13, 6, 12], [16, 7, 17, 8], [9, 14, 10, 15], [11, 5, 12, 4]]"
12n_0322_19,"[[11, 5, 12, 4], [13, 21, 14, 20], [15, 22, 16, 23], [2, 17, 3, 18], [24, 19, 1, 20], [21, 11, 22, 10], [8, 24, 9, 23], [18, 1, 19, 2], [3, 7, 4, 6], [5, 13, 6, 12], [16, 7, 17, 8], [9, 14, 10, 15]]"
12n_0322_20,"[[9, 14, 10, 15], [11, 5, 12, 4], [13, 21, 14, 20], [15, 22, 16, 23], [2, 17, 3, 18], [24, 19, 1, 20], [21, 11, 22, 10], [8, 24, 9, 23], [18, 1, 19, 2], [3, 7, 4, 6], [5, 13, 6, 12], [16, 7, 17, 8]]"
12n_0322_21,"[[16, 7, 17, 8], [9, 14, 10, 15], [11, 5, 12, 4], [13, 21, 14, 20], [15, 22, 16, 23], [2, 17, 3, 18], [24, 19, 1, 20], [21, 11, 22, 10], [8, 24, 9, 23], [18, 1, 19, 2], [3, 7, 4, 6], [5, 13, 6, 12]]"
12n_0322_22,"[[5, 13, 6, 12], [16, 7, 17, 8], [9, 14, 10, 15], [11, 5, 12, 4], [13, 21, 14, 20], [15, 22, 16, 23], [2, 17, 3, 18], [24, 19, 1, 20], [21, 11, 22, 10], [8, 24, 9, 23], [18, 1, 19, 2], [3, 7, 4, 6]]"
12n_0322_23,"[[3, 7, 4, 6], [5, 13, 6, 12], [16, 7, 17, 8], [9, 14, 10, 15], [11, 5, 12, 4], [13, 21, 14, 20], [15, 22, 16, 23], [2, 17, 3, 18], [24, 19, 1, 20], [21, 11, 22, 10], [8, 24, 9, 23], [18, 1, 19, 2]]"
12n_0322_24,"[[19, 2, 20, 3], [4, 8, 5, 7], [6, 14, 7, 13], [17, 8, 18, 9], [10, 15, 11, 16], [12, 6, 13, 5], [14, 22, 15, 21], [16, 23, 17, 24], [3, 18, 4, 19], [1, 20, 2, 21], [22, 12, 23, 11], [9, 1, 10, 24]]"
12n_0322_25,"[[9, 1, 10, 24], [19, 2, 20, 3], [4, 8, 5, 7], [6, 14, 7, 13], [17, 8, 18, 9], [10, 15, 11, 16], [12, 6, 13, 5], [14, 22, 15, 21], [16, 23, 17, 24], [3, 18, 4, 19], [1, 20, 2, 21], [22, 12, 23, 11]]"
12n_0322_26,"[[22, 12, 23, 11], [9, 1, 10, 24], [19, 2, 20, 3], [4, 8, 5, 7], [6, 14, 7, 13], [17, 8, 18, 9], [10, 15, 11, 16], [12, 6, 13, 5], [14, 22, 15, 21], [16, 23, 17, 24], [3, 18, 4, 19], [1, 20, 2, 21]]"
12n_0322_27,"[[1, 20, 2, 21], [22, 12, 23, 11], [9, 1, 10, 24], [19, 2, 20, 3], [4, 8, 5, 7], [6, 14, 7, 13], [17, 8, 18, 9], [10, 15, 11, 16], [12, 6, 13, 5], [14, 22, 15, 21], [16, 23, 17, 24], [3, 18, 4, 19]]"
12n_0322_28,"[[3, 18, 4, 19], [1, 20, 2, 21], [22, 12, 23, 11], [9, 1, 10, 24], [19, 2, 20, 3], [4, 8, 5, 7], [6, 14, 7, 13], [17, 8, 18, 9], [10, 15, 11, 16], [12, 6, 13, 5], [14, 22, 15, 21], [16, 23, 17, 24]]"
12n_0322_29,"[[16, 23, 17, 24], [3, 18, 4, 19], [1, 20, 2, 21], [22, 12, 23, 11], [9, 1, 10, 24], [19, 2, 20, 3], [4, 8, 5, 7], [6, 14, 7, 13], [17, 8, 18, 9], [10, 15, 11, 16], [12, 6, 13, 5], [14, 22, 15, 21]]"
12n_0322_30,"[[14, 22, 15, 21], [16, 23, 17, 24], [3, 18, 4, 19], [1, 20, 2, 21], [22, 12, 23, 11], [9, 1, 10, 24], [19, 2, 20, 3], [4, 8, 5, 7], [6, 14, 7, 13], [17, 8, 18, 9], [10, 15, 11, 16], [12, 6, 13, 5]]"
12n_0322_31,"[[12, 6, 13, 5], [14, 22, 15, 21], [16, 23, 17, 24], [3, 18, 4, 19], [1, 20, 2, 21], [22, 12, 23, 11], [9, 1, 10, 24], [19, 2, 20, 3], [4, 8, 5, 7], [6, 14, 7, 13], [17, 8, 18, 9], [10, 15, 11, 16]]"
12n_0322_32,"[[10, 15, 11, 16], [12, 6, 13, 5], [14, 22, 15, 21], [16, 23, 17, 24], [3, 18, 4, 19], [1, 20, 2, 21], [22, 12, 23, 11], [9, 1, 10, 24], [19, 2, 20, 3], [4, 8, 5, 7], [6, 14, 7, 13], [17, 8, 18, 9]]"
12n_0322_33,"[[17, 8, 18, 9], [10, 15, 11, 16], [12, 6, 13, 5], [14, 22, 15, 21], [16, 23, 17, 24], [3, 18, 4, 19], [1, 20, 2, 21], [22, 12, 23, 11], [9, 1, 10, 24], [19, 2, 20, 3], [4, 8, 5, 7], [6, 14, 7, 13]]"
12n_0322_34,"[[6, 14, 7, 13], [17, 8, 18, 9], [10, 15, 11, 16], [12, 6, 13, 5], [14, 22, 15, 21], [16, 23, 17, 24], [3, 18, 4, 19], [1, 20, 2, 21], [22, 12, 23, 11], [9, 1, 10, 24], [19, 2, 20, 3], [4, 8, 5, 7]]"
12n_0322_35,"[[4, 8, 5, 7], [6, 14, 7, 13], [17, 8, 18, 9], [10, 15, 11, 16], [12, 6, 13, 5], [14, 22, 15, 21], [16, 23, 17, 24], [3, 18, 4, 19], [1, 20, 2, 21], [22, 12, 23, 11], [9, 1, 10, 24], [19, 2, 20, 3]]"
12n_0322_36,"[[20, 3, 21, 4], [5, 9, 6, 8], [7, 15, 8, 14], [18, 9, 19, 10], [11, 16, 12, 17], [13, 7, 14, 6], [15, 23, 16, 22], [17, 24, 18, 1], [4, 19, 5, 20], [2, 21, 3, 22], [23, 13, 24, 12], [10, 2, 11, 1]]"
12n_0322_37,"[[10, 2, 11, 1], [20, 3, 21, 4], [5, 9, 6, 8], [7, 15, 8, 14], [18, 9, 19, 10], [11, 16, 12, 17], [13, 7, 14, 6], [15, 23, 16, 22], [17, 24, 18, 1], [4, 19, 5, 20], [2, 21, 3, 22], [23, 13, 24, 12]]"
12n_0322_38,"[[23, 13, 24, 12], [10, 2, 11, 1], [20, 3, 21, 4], [5, 9, 6, 8], [7, 15, 8, 14], [18, 9, 19, 10], [11, 16, 12, 17], [13, 7, 14, 6], [15, 23, 16, 22], [17, 24, 18, 1], [4, 19, 5, 20], [2, 21, 3, 22]]"
12n_0322_39,"[[2, 21, 3, 22], [23, 13, 24, 12], [10, 2, 11, 1], [20, 3, 21, 4], [5, 9, 6, 8], [7, 15, 8, 14], [18, 9, 19, 10], [11, 16, 12, 17], [13, 7, 14, 6], [15, 23, 16, 22], [17, 24, 18, 1], [4, 19, 5, 20]]"
12n_0322_40,"[[4, 19, 5, 20], [2, 21, 3, 22], [23, 13, 24, 12], [10, 2, 11, 1], [20, 3, 21, 4], [5, 9, 6, 8], [7, 15, 8, 14], [18, 9, 19, 10], [11, 16, 12, 17], [13, 7, 14, 6], [15, 23, 16, 22], [17, 24, 18, 1]]"
12n_0322_41,"[[17, 24, 18, 1], [4, 19, 5, 20], [2, 21, 3, 22], [23, 13, 24, 12], [10, 2, 11, 1], [20, 3, 21, 4], [5, 9, 6, 8], [7, 15, 8, 14], [18, 9, 19, 10], [11, 16, 12, 17], [13, 7, 14, 6], [15, 23, 16, 22]]"
12n_0322_42,"[[15, 23, 16, 22], [17, 24, 18, 1], [4, 19, 5, 20], [2, 21, 3, 22], [23, 13, 24, 12], [10, 2, 11, 1], [20, 3, 21, 4], [5, 9, 6, 8], [7, 15, 8, 14], [18, 9, 19, 10], [11, 16, 12, 17], [13, 7, 14, 6]]"
12n_0322_43,"[[13, 7, 14, 6], [15, 23, 16, 22], [17, 24, 18, 1], [4, 19, 5, 20], [2, 21, 3, 22], [23, 13, 24, 12], [10, 2, 11, 1], [20, 3, 21, 4], [5, 9, 6, 8], [7, 15, 8, 14], [18, 9, 19, 10], [11, 16, 12, 17]]"
12n_0322_44,"[[11, 16, 12, 17], [13, 7, 14, 6], [15, 23, 16, 22], [17, 24, 18, 1], [4, 19, 5, 20], [2, 21, 3, 22], [23, 13, 24, 12], [10, 2, 11, 1], [20, 3, 21, 4], [5, 9, 6, 8], [7, 15, 8, 14], [18, 9, 19, 10]]"
12n_0322_45,"[[18, 9, 19, 10], [11, 16, 12, 17], [13, 7, 14, 6], [15, 23, 16, 22], [17, 24, 18, 1], [4, 19, 5, 20], [2, 21, 3, 22], [23, 13, 24, 12], [10, 2, 11, 1], [20, 3, 21, 4], [5, 9, 6, 8], [7, 15, 8, 14]]"
12n_0322_46,"[[7, 15, 8, 14], [18, 9, 19, 10], [11, 16, 12, 17], [13, 7, 14, 6], [15, 23, 16, 22], [17, 24, 18, 1], [4, 19, 5, 20], [2, 21, 3, 22], [23, 13, 24, 12], [10, 2, 11, 1], [20, 3, 21, 4], [5, 9, 6, 8]]"
12n_0322_47,"[[5, 9, 6, 8], [7, 15, 8, 14], [18, 9, 19, 10], [11, 16, 12, 17], [13, 7, 14, 6], [15, 23, 16, 22], [17, 24, 18, 1], [4, 19, 5, 20], [2, 21, 3, 22], [23, 13, 24, 12], [10, 2, 11, 1], [20, 3, 21, 4]]"
12n_0322_48,"[[21, 4, 22, 5], [6, 10, 7, 9], [8, 16, 9, 15], [19, 10, 20, 11], [12, 17, 13, 18], [14, 8, 15, 7], [16, 24, 17, 23], [18, 1, 19, 2], [5, 20, 6, 21], [3, 22, 4, 23], [24, 14, 1, 13], [11, 3, 12, 2]]"
12n_0322_49,"[[11, 3, 12, 2], [21, 4, 22, 5], [6, 10, 7, 9], [8, 16, 9, 15], [19, 10, 20, 11], [12, 17, 13, 18], [14, 8, 15, 7], [16, 24, 17, 23], [18, 1, 19, 2], [5, 20, 6, 21], [3, 22, 4, 23], [24, 14, 1, 13]]"
12n_0322_50,"[[24, 14, 1, 13], [11, 3, 12, 2], [21, 4, 22, 5], [6, 10, 7, 9], [8, 16, 9, 15], [19, 10, 20, 11], [12, 17, 13, 18], [14, 8, 15, 7], [16, 24, 17, 23], [18, 1, 19, 2], [5, 20, 6, 21], [3, 22, 4, 23]]"
12n_0322_51,"[[3, 22, 4, 23], [24, 14, 1, 13], [11, 3, 12, 2], [21, 4, 22, 5], [6, 10, 7, 9], [8, 16, 9, 15], [19, 10, 20, 11], [12, 17, 13, 18], [14, 8, 15, 7], [16, 24, 17, 23], [18, 1, 19, 2], [5, 20, 6, 21]]"
12n_0322_52,"[[5, 20, 6, 21], [3, 22, 4, 23], [24, 14, 1, 13], [11, 3, 12, 2], [21, 4, 22, 5], [6, 10, 7, 9], [8, 16, 9, 15], [19, 10, 20, 11], [12, 17, 13, 18], [14, 8, 15, 7], [16, 24, 17, 23], [18, 1, 19, 2]]"
12n_0322_53,"[[18, 1, 19, 2], [5, 20, 6, 21], [3, 22, 4, 23], [24, 14, 1, 13], [11, 3, 12, 2], [21, 4, 22, 5], [6, 10, 7, 9], [8, 16, 9, 15], [19, 10, 20, 11], [12, 17, 13, 18], [14, 8, 15, 7], [16, 24, 17, 23]]"
12n_0322_54,"[[16, 24, 17, 23], [18, 1, 19, 2], [5, 20, 6, 21], [3, 22, 4, 23], [24, 14, 1, 13], [11, 3, 12, 2], [21, 4, 22, 5], [6, 10, 7, 9], [8, 16, 9, 15], [19, 10, 20, 11], [12, 17, 13, 18], [14, 8, 15, 7]]"
12n_0322_55,"[[14, 8, 15, 7], [16, 24, 17, 23], [18, 1, 19, 2], [5, 20, 6, 21], [3, 22, 4, 23], [24, 14, 1, 13], [11, 3, 12, 2], [21, 4, 22, 5], [6, 10, 7, 9], [8, 16, 9, 15], [19, 10, 20, 11], [12, 17, 13, 18]]"
12n_0322_56,"[[12, 17, 13, 18], [14, 8, 15, 7], [16, 24, 17, 23], [18, 1, 19, 2], [5, 20, 6, 21], [3, 22, 4, 23], [24, 14, 1, 13], [11, 3, 12, 2], [21, 4, 22, 5], [6, 10, 7, 9], [8, 16, 9, 15], [19, 10, 20, 11]]"
12n_0322_57,"[[19, 10, 20, 11], [12, 17, 13, 18], [14, 8, 15, 7], [16, 24, 17, 23], [18, 1, 19, 2], [5, 20, 6, 21], [3, 22, 4, 23], [24, 14, 1, 13], [11, 3, 12, 2], [21, 4, 22, 5], [6, 10, 7, 9], [8, 16, 9, 15]]"
12n_0322_58,"[[8, 16, 9, 15], [19, 10, 20, 11], [12, 17, 13, 18], [14, 8, 15, 7], [16, 24, 17, 23], [18, 1, 19, 2], [5, 20, 6, 21], [3, 22, 4, 23], [24, 14, 1, 13], [11, 3, 12, 2], [21, 4, 22, 5], [6, 10, 7, 9]]"
12n_0322_59,"[[6, 10, 7, 9], [8, 16, 9, 15], [19, 10, 20, 11], [12, 17, 13, 18], [14, 8, 15, 7], [16, 24, 17, 23], [18, 1, 19, 2], [5, 20, 6, 21], [3, 22, 4, 23], [24, 14, 1, 13], [11, 3, 12, 2], [21, 4, 22, 5]]"
12n_0322_60,"[[22, 5, 23, 6], [7, 11, 8, 10], [9, 17, 10, 16], [20, 11, 21, 12], [13, 18, 14, 19], [15, 9, 16, 8], [17, 1, 18, 24], [19, 2, 20, 3], [6, 21, 7, 22], [4, 23, 5, 24], [1, 15, 2, 14], [12, 4, 13, 3]]"
12n_0322_61,"[[12, 4, 13, 3], [22, 5, 23, 6], [7, 11, 8, 10], [9, 17, 10, 16], [20, 11, 21, 12], [13, 18, 14, 19], [15, 9, 16, 8], [17, 1, 18, 24], [19, 2, 20, 3], [6, 21, 7, 22], [4, 23, 5, 24], [1, 15, 2, 14]]"
12n_0322_62,"[[1, 15, 2, 14], [12, 4, 13, 3], [22, 5, 23, 6], [7, 11, 8, 10], [9, 17, 10, 16], [20, 11, 21, 12], [13, 18, 14, 19], [15, 9, 16, 8], [17, 1, 18, 24], [19, 2, 20, 3], [6, 21, 7, 22], [4, 23, 5, 24]]"
12n_0322_63,"[[4, 23, 5, 24], [1, 15, 2, 14], [12, 4, 13, 3], [22, 5, 23, 6], [7, 11, 8, 10], [9, 17, 10, 16], [20, 11, 21, 12], [13, 18, 14, 19], [15, 9, 16, 8], [17, 1, 18, 24], [19, 2, 20, 3], [6, 21, 7, 22]]"
12n_0322_64,"[[6, 21, 7, 22], [4, 23, 5, 24], [1, 15, 2, 14], [12, 4, 13, 3], [22, 5, 23, 6], [7, 11, 8, 10], [9, 17, 10, 16], [20, 11, 21, 12], [13, 18, 14, 19], [15, 9, 16, 8], [17, 1, 18, 24], [19, 2, 20, 3]]"
12n_0322_65,"[[19, 2, 20, 3], [6, 21, 7, 22], [4, 23, 5, 24], [1, 15, 2, 14], [12, 4, 13, 3], [22, 5, 23, 6], [7, 11, 8, 10], [9, 17, 10, 16], [20, 11, 21, 12], [13, 18, 14, 19], [15, 9, 16, 8], [17, 1, 18, 24]]"
12n_0322_66,"[[17, 1, 18, 24], [19, 2, 20, 3], [6, 21, 7, 22], [4, 23, 5, 24], [1, 15, 2, 14], [12, 4, 13, 3], [22, 5, 23, 6], [7, 11, 8, 10], [9, 17, 10, 16], [20, 11, 21, 12], [13, 18, 14, 19], [15, 9, 16, 8]]"
12n_0322_67,"[[15, 9, 16, 8], [17, 1, 18, 24], [19, 2, 20, 3], [6, 21, 7, 22], [4, 23, 5, 24], [1, 15, 2, 14], [12, 4, 13, 3], [22, 5, 23, 6], [7, 11, 8, 10], [9, 17, 10, 16], [20, 11, 21, 12], [13, 18, 14, 19]]"
12n_0322_68,"[[13, 18, 14, 19], [15, 9, 16, 8], [17, 1, 18, 24], [19, 2, 20, 3], [6, 21, 7, 22], [4, 23, 5, 24], [1, 15, 2, 14], [12, 4, 13, 3], [22, 5, 23, 6], [7, 11, 8, 10], [9, 17, 10, 16], [20, 11, 21, 12]]"
12n_0322_69,"[[20, 11, 21, 12], [13, 18, 14, 19], [15, 9, 16, 8], [17, 1, 18, 24], [19, 2, 20, 3], [6, 21, 7, 22], [4, 23, 5, 24], [1, 15, 2, 14], [12, 4, 13, 3], [22, 5, 23, 6], [7, 11, 8, 10], [9, 17, 10, 16]]"
12n_0322_70,"[[9, 17, 10, 16], [20, 11, 21, 12], [13, 18, 14, 19], [15, 9, 16, 8], [17, 1, 18, 24], [19, 2, 20, 3], [6, 21, 7, 22], [4, 23, 5, 24], [1, 15, 2, 14], [12, 4, 13, 3], [22, 5, 23, 6], [7, 11, 8, 10]]"
12n_0322_71,"[[7, 11, 8, 10], [9, 17, 10, 16], [20, 11, 21, 12], [13, 18, 14, 19], [15, 9, 16, 8], [17, 1, 18, 24], [19, 2, 20, 3], [6, 21, 7, 22], [4, 23, 5, 24], [1, 15, 2, 14], [12, 4, 13, 3], [22, 5, 23, 6]]"
12n_0322_72,"[[23, 6, 24, 7], [8, 12, 9, 11], [10, 18, 11, 17], [21, 12, 22, 13], [14, 19, 15, 20], [16, 10, 17, 9], [18, 2, 19, 1], [20, 3, 21, 4], [7, 22, 8, 23], [5, 24, 6, 1], [2, 16, 3, 15], [13, 5, 14, 4]]"
12n_0322_73,"[[13, 5, 14, 4], [23, 6, 24, 7], [8, 12, 9, 11], [10, 18, 11, 17], [21, 12, 22, 13], [14, 19, 15, 20], [16, 10, 17, 9], [18, 2, 19, 1], [20, 3, 21, 4], [7, 22, 8, 23], [5, 24, 6, 1], [2, 16, 3, 15]]"
12n_0322_74,"[[2, 16, 3, 15], [13, 5, 14, 4], [23, 6, 24, 7], [8, 12, 9, 11], [10, 18, 11, 17], [21, 12, 22, 13], [14, 19, 15, 20], [16, 10, 17, 9], [18, 2, 19, 1], [20, 3, 21, 4], [7, 22, 8, 23], [5, 24, 6, 1]]"
12n_0322_75,"[[5, 24, 6, 1], [2, 16, 3, 15], [13, 5, 14, 4], [23, 6, 24, 7], [8, 12, 9, 11], [10, 18, 11, 17], [21, 12, 22, 13], [14, 19, 15, 20], [16, 10, 17, 9], [18, 2, 19, 1], [20, 3, 21, 4], [7, 22, 8, 23]]"
12n_0322_76,"[[7, 22, 8, 23], [5, 24, 6, 1], [2, 16, 3, 15], [13, 5, 14, 4], [23, 6, 24, 7], [8, 12, 9, 11], [10, 18, 11, 17], [21, 12, 22, 13], [14, 19, 15, 20], [16, 10, 17, 9], [18, 2, 19, 1], [20, 3, 21, 4]]"
12n_0322_77,"[[20, 3, 21, 4], [7, 22, 8, 23], [5, 24, 6, 1], [2, 16, 3, 15], [13, 5, 14, 4], [23, 6, 24, 7], [8, 12, 9, 11], [10, 18, 11, 17], [21, 12, 22, 13], [14, 19, 15, 20], [16, 10, 17, 9], [18, 2, 19, 1]]"
12n_0322_78,"[[18, 2, 19, 1], [20, 3, 21, 4], [7, 22, 8, 23], [5, 24, 6, 1], [2, 16, 3, 15], [13, 5, 14, 4], [23, 6, 24, 7], [8, 12, 9, 11], [10, 18, 11, 17], [21, 12, 22, 13], [14, 19, 15, 20], [16, 10, 17, 9]]"
12n_0322_79,"[[16, 10, 17, 9], [18, 2, 19, 1], [20, 3, 21, 4], [7, 22, 8, 23], [5, 24, 6, 1], [2, 16, 3, 15], [13, 5, 14, 4], [23, 6, 24, 7], [8, 12, 9, 11], [10, 18, 11, 17], [21, 12, 22, 13], [14, 19, 15, 20]]"
12n_0322_80,"[[14, 19, 15, 20], [16, 10, 17, 9], [18, 2, 19, 1], [20, 3, 21, 4], [7, 22, 8, 23], [5, 24, 6, 1], [2, 16, 3, 15], [13, 5, 14, 4], [23, 6, 24, 7], [8, 12, 9, 11], [10, 18, 11, 17], [21, 12, 22, 13]]"
12n_0322_81,"[[21, 12, 22, 13], [14, 19, 15, 20], [16, 10, 17, 9], [18, 2, 19, 1], [20, 3, 21, 4], [7, 22, 8, 23], [5, 24, 6, 1], [2, 16, 3, 15], [13, 5, 14, 4], [23, 6, 24, 7], [8, 12, 9, 11], [10, 18, 11, 17]]"
12n_0322_82,"[[10, 18, 11, 17], [21, 12, 22, 13], [14, 19, 15, 20], [16, 10, 17, 9], [18, 2, 19, 1], [20, 3, 21, 4], [7, 22, 8, 23], [5, 24, 6, 1], [2, 16, 3, 15], [13, 5, 14, 4], [23, 6, 24, 7], [8, 12, 9, 11]]"
12n_0322_83,"[[8, 12, 9, 11], [10, 18, 11, 17], [21, 12, 22, 13], [14, 19, 15, 20], [16, 10, 17, 9], [18, 2, 19, 1], [20, 3, 21, 4], [7, 22, 8, 23], [5, 24, 6, 1], [2, 16, 3, 15], [13, 5, 14, 4], [23, 6, 24, 7]]"
12n_0322_84,"[[24, 7, 1, 8], [9, 13, 10, 12], [11, 19, 12, 18], [22, 13, 23, 14], [15, 20, 16, 21], [17, 11, 18, 10], [19, 3, 20, 2], [21, 4, 22, 5], [8, 23, 9, 24], [6, 1, 7, 2], [3, 17, 4, 16], [14, 6, 15, 5]]"
12n_0322_85,"[[14, 6, 15, 5], [24, 7, 1, 8], [9, 13, 10, 12], [11, 19, 12, 18], [22, 13, 23, 14], [15, 20, 16, 21], [17, 11, 18, 10], [19, 3, 20, 2], [21, 4, 22, 5], [8, 23, 9, 24], [6, 1, 7, 2], [3, 17, 4, 16]]"
12n_0322_86,"[[3, 17, 4, 16], [14, 6, 15, 5], [24, 7, 1, 8], [9, 13, 10, 12], [11, 19, 12, 18], [22, 13, 23, 14], [15, 20, 16, 21], [17, 11, 18, 10], [19, 3, 20, 2], [21, 4, 22, 5], [8, 23, 9, 24], [6, 1, 7, 2]]"
12n_0322_87,"[[6, 1, 7, 2], [3, 17, 4, 16], [14, 6, 15, 5], [24, 7, 1, 8], [9, 13, 10, 12], [11, 19, 12, 18], [22, 13, 23, 14], [15, 20, 16, 21], [17, 11, 18, 10], [19, 3, 20, 2], [21, 4, 22, 5], [8, 23, 9, 24]]"
12n_0322_88,"[[8, 23, 9, 24], [6, 1, 7, 2], [3, 17, 4, 16], [14, 6, 15, 5], [24, 7, 1, 8], [9, 13, 10, 12], [11, 19, 12, 18], [22, 13, 23, 14], [15, 20, 16, 21], [17, 11, 18, 10], [19, 3, 20, 2], [21, 4, 22, 5]]"
12n_0322_89,"[[21, 4, 22, 5], [8, 23, 9, 24], [6, 1, 7, 2], [3, 17, 4, 16], [14, 6, 15, 5], [24, 7, 1, 8], [9, 13, 10, 12], [11, 19, 12, 18], [22, 13, 23, 14], [15, 20, 16, 21], [17, 11, 18, 10], [19, 3, 20, 2]]"
12n_0322_90,"[[19, 3, 20, 2], [21, 4, 22, 5], [8, 23, 9, 24], [6, 1, 7, 2], [3, 17, 4, 16], [14, 6, 15, 5], [24, 7, 1, 8], [9, 13, 10, 12], [11, 19, 12, 18], [22, 13, 23, 14], [15, 20, 16, 21], [17, 11, 18, 10]]"
12n_0322_91,"[[17, 11, 18, 10], [19, 3, 20, 2], [21, 4, 22, 5], [8, 23, 9, 24], [6, 1, 7, 2], [3, 17, 4, 16], [14, 6, 15, 5], [24, 7, 1, 8], [9, 13, 10, 12], [11, 19, 12, 18], [22, 13, 23, 14], [15, 20, 16, 21]]"
12n_0322_92,"[[15, 20, 16, 21], [17, 11, 18, 10], [19, 3, 20, 2], [21, 4, 22, 5], [8, 23, 9, 24], [6, 1, 7, 2], [3, 17, 4, 16], [14, 6, 15, 5], [24, 7, 1, 8], [9, 13, 10, 12], [11, 19, 12, 18], [22, 13, 23, 14]]"
12n_0322_93,"[[22, 13, 23, 14], [15, 20, 16, 21], [17, 11, 18, 10], [19, 3, 20, 2], [21, 4, 22, 5], [8, 23, 9, 24], [6, 1, 7, 2], [3, 17, 4, 16], [14, 6, 15, 5], [24, 7, 1, 8], [9, 13, 10, 12], [11, 19, 12, 18]]"
12n_0322_94,"[[11, 19, 12, 18], [22, 13, 23, 14], [15, 20, 16, 21], [17, 11, 18, 10], [19, 3, 20, 2], [21, 4, 22, 5], [8, 23, 9, 24], [6, 1, 7, 2], [3, 17, 4, 16], [14, 6, 15, 5], [24, 7, 1, 8], [9, 13, 10, 12]]"
12n_0322_95,"[[9, 13, 10, 12], [11, 19, 12, 18], [22, 13, 23, 14], [15, 20, 16, 21], [17, 11, 18, 10], [19, 3, 20, 2], [21, 4, 22, 5], [8, 23, 9, 24], [6, 1, 7, 2], [3, 17, 4, 16], [14, 6, 15, 5], [24, 7, 1, 8]]"
12n_0322_96,"[[1, 8, 2, 9], [10, 14, 11, 13], [12, 20, 13, 19], [23, 14, 24, 15], [16, 21, 17, 22], [18, 12, 19, 11], [20, 4, 21, 3], [22, 5, 23, 6], [9, 24, 10, 1], [7, 2, 8, 3], [4, 18, 5, 17], [15, 7, 16, 6]]"
12n_0322_97,"[[15, 7, 16, 6], [1, 8, 2, 9], [10, 14, 11, 13], [12, 20, 13, 19], [23, 14, 24, 15], [16, 21, 17, 22], [18, 12, 19, 11], [20, 4, 21, 3], [22, 5, 23, 6], [9, 24, 10, 1], [7, 2, 8, 3], [4, 18, 5, 17]]"
12n_0322_98,"[[4, 18, 5, 17], [15, 7, 16, 6], [1, 8, 2, 9], [10, 14, 11, 13], [12, 20, 13, 19], [23, 14, 24, 15], [16, 21, 17, 22], [18, 12, 19, 11], [20, 4, 21, 3], [22, 5, 23, 6], [9, 24, 10, 1], [7, 2, 8, 3]]"
12n_0322_99,"[[7, 2, 8, 3], [4, 18, 5, 17], [15, 7, 16, 6], [1, 8, 2, 9], [10, 14, 11, 13], [12, 20, 13, 19], [23, 14, 24, 15], [16, 21, 17, 22], [18, 12, 19, 11], [20, 4, 21, 3], [22, 5, 23, 6], [9, 24, 10, 1]]"
12n_0322_100,"[[9, 24, 10, 1], [7, 2, 8, 3], [4, 18, 5, 17], [15, 7, 16, 6], [1, 8, 2, 9], [10, 14, 11, 13], [12, 20, 13, 19], [23, 14, 24, 15], [16, 21, 17, 22], [18, 12, 19, 11], [20, 4, 21, 3], [22, 5, 23, 6]]"
12n_0322_101,"[[22, 5, 23, 6], [9, 24, 10, 1], [7, 2, 8, 3], [4, 18, 5, 17], [15, 7, 16, 6], [1, 8, 2, 9], [10, 14, 11, 13], [12, 20, 13, 19], [23, 14, 24, 15], [16, 21, 17, 22], [18, 12, 19, 11], [20, 4, 21, 3]]"
12n_0322_102,"[[20, 4, 21, 3], [22, 5, 23, 6], [9, 24, 10, 1], [7, 2, 8, 3], [4, 18, 5, 17], [15, 7, 16, 6], [1, 8, 2, 9], [10, 14, 11, 13], [12, 20, 13, 19], [23, 14, 24, 15], [16, 21, 17, 22], [18, 12, 19, 11]]"
12n_0322_103,"[[18, 12, 19, 11], [20, 4, 21, 3], [22, 5, 23, 6], [9, 24, 10, 1], [7, 2, 8, 3], [4, 18, 5, 17], [15, 7, 16, 6], [1, 8, 2, 9], [10, 14, 11, 13], [12, 20, 13, 19], [23, 14, 24, 15], [16, 21, 17, 22]]"
12n_0322_104,"[[16, 21, 17, 22], [18, 12, 19, 11], [20, 4, 21, 3], [22, 5, 23, 6], [9, 24, 10, 1], [7, 2, 8, 3], [4, 18, 5, 17], [15, 7, 16, 6], [1, 8, 2, 9], [10, 14, 11, 13], [12, 20, 13, 19], [23, 14, 24, 15]]"
12n_0322_105,"[[23, 14, 24, 15], [16, 21, 17, 22], [18, 12, 19, 11], [20, 4, 21, 3], [22, 5, 23, 6], [9, 24, 10, 1], [7, 2, 8, 3], [4, 18, 5, 17], [15, 7, 16, 6], [1, 8, 2, 9], [10, 14, 11, 13], [12, 20, 13, 19]]"
12n_0322_106,"[[12, 20, 13, 19], [23, 14, 24, 15], [16, 21, 17, 22], [18, 12, 19, 11], [20, 4, 21, 3], [22, 5, 23, 6], [9, 24, 10, 1], [7, 2, 8, 3], [4, 18, 5, 17], [15, 7, 16, 6], [1, 8, 2, 9], [10, 14, 11, 13]]"
12n_0322_107,"[[10, 14, 11, 13], [12, 20, 13, 19], [23, 14, 24, 15], [16, 21, 17, 22], [18, 12, 19, 11], [20, 4, 21, 3], [22, 5, 23, 6], [9, 24, 10, 1], [7, 2, 8, 3], [4, 18, 5, 17], [15, 7, 16, 6], [1, 8, 2, 9]]"
12n_0322_108,"[[2, 9, 3, 10], [11, 15, 12, 14], [13, 21, 14, 20], [24, 15, 1, 16], [17, 22, 18, 23], [19, 13, 20, 12], [21, 5, 22, 4], [23, 6, 24, 7], [10, 1, 11, 2], [8, 3, 9, 4], [5, 19, 6, 18], [16, 8, 17, 7]]"
12n_0322_109,"[[16, 8, 17, 7], [2, 9, 3, 10], [11, 15, 12, 14], [13, 21, 14, 20], [24, 15, 1, 16], [17, 22, 18, 23], [19, 13, 20, 12], [21, 5, 22, 4], [23, 6, 24, 7], [10, 1, 11, 2], [8, 3, 9, 4], [5, 19, 6, 18]]"
12n_0322_110,"[[5, 19, 6, 18], [16, 8, 17, 7], [2, 9, 3, 10], [11, 15, 12, 14], [13, 21, 14, 20], [24, 15, 1, 16], [17, 22, 18, 23], [19, 13, 20, 12], [21, 5, 22, 4], [23, 6, 24, 7], [10, 1, 11, 2], [8, 3, 9, 4]]"
12n_0322_111,"[[8, 3, 9, 4], [5, 19, 6, 18], [16, 8, 17, 7], [2, 9, 3, 10], [11, 15, 12, 14], [13, 21, 14, 20], [24, 15, 1, 16], [17, 22, 18, 23], [19, 13, 20, 12], [21, 5, 22, 4], [23, 6, 24, 7], [10, 1, 11, 2]]"
12n_0322_112,"[[10, 1, 11, 2], [8, 3, 9, 4], [5, 19, 6, 18], [16, 8, 17, 7], [2, 9, 3, 10], [11, 15, 12, 14], [13, 21, 14, 20], [24, 15, 1, 16], [17, 22, 18, 23], [19, 13, 20, 12], [21, 5, 22, 4], [23, 6, 24, 7]]"
12n_0322_113,"[[23, 6, 24, 7], [10, 1, 11, 2], [8, 3, 9, 4], [5, 19, 6, 18], [16, 8, 17, 7], [2, 9, 3, 10], [11, 15, 12, 14], [13, 21, 14, 20], [24, 15, 1, 16], [17, 22, 18, 23], [19, 13, 20, 12], [21, 5, 22, 4]]"
12n_0322_114,"[[21, 5, 22, 4], [23, 6, 24, 7], [10, 1, 11, 2], [8, 3, 9, 4], [5, 19, 6, 18], [16, 8, 17, 7], [2, 9, 3, 10], [11, 15, 12, 14], [13, 21, 14, 20], [24, 15, 1, 16], [17, 22, 18, 23], [19, 13, 20, 12]]"
12n_0322_115,"[[19, 13, 20, 12], [21, 5, 22, 4], [23, 6, 24, 7], [10, 1, 11, 2], [8, 3, 9, 4], [5, 19, 6, 18], [16, 8, 17, 7], [2, 9, 3, 10], [11, 15, 12, 14], [13, 21, 14, 20], [24, 15, 1, 16], [17, 22, 18, 23]]"
12n_0322_116,"[[17, 22, 18, 23], [19, 13, 20, 12], [21, 5, 22, 4], [23, 6, 24, 7], [10, 1, 11, 2], [8, 3, 9, 4], [5, 19, 6, 18], [16, 8, 17, 7], [2, 9, 3, 10], [11, 15, 12, 14], [13, 21, 14, 20], [24, 15, 1, 16]]"
12n_0322_117,"[[24, 15, 1, 16], [17, 22, 18, 23], [19, 13, 20, 12], [21, 5, 22, 4], [23, 6, 24, 7], [10, 1, 11, 2], [8, 3, 9, 4], [5, 19, 6, 18], [16, 8, 17, 7], [2, 9, 3, 10], [11, 15, 12, 14], [13, 21, 14, 20]]"
12n_0322_118,"[[13, 21, 14, 20], [24, 15, 1, 16], [17, 22, 18, 23], [19, 13, 20, 12], [21, 5, 22, 4], [23, 6, 24, 7], [10, 1, 11, 2], [8, 3, 9, 4], [5, 19, 6, 18], [16, 8, 17, 7], [2, 9, 3, 10], [11, 15, 12, 14]]"
12n_0322_119,"[[11, 15, 12, 14], [13, 21, 14, 20], [24, 15, 1, 16], [17, 22, 18, 23], [19, 13, 20, 12], [21, 5, 22, 4], [23, 6, 24, 7], [10, 1, 11, 2], [8, 3, 9, 4], [5, 19, 6, 18], [16, 8, 17, 7], [2, 9, 3, 10]]"
12n_0322_120,"[[3, 10, 4, 11], [12, 16, 13, 15], [14, 22, 15, 21], [1, 16, 2, 17], [18, 23, 19, 24], [20, 14, 21, 13], [22, 6, 23, 5], [24, 7, 1, 8], [11, 2, 12, 3], [9, 4, 10, 5], [6, 20, 7, 19], [17, 9, 18, 8]]"
12n_0322_121,"[[17, 9, 18, 8], [3, 10, 4, 11], [12, 16, 13, 15], [14, 22, 15, 21], [1, 16, 2, 17], [18, 23, 19, 24], [20, 14, 21, 13], [22, 6, 23, 5], [24, 7, 1, 8], [11, 2, 12, 3], [9, 4, 10, 5], [6, 20, 7, 19]]"
12n_0322_122,"[[6, 20, 7, 19], [17, 9, 18, 8], [3, 10, 4, 11], [12, 16, 13, 15], [14, 22, 15, 21], [1, 16, 2, 17], [18, 23, 19, 24], [20, 14, 21, 13], [22, 6, 23, 5], [24, 7, 1, 8], [11, 2, 12, 3], [9, 4, 10, 5]]"
12n_0322_123,"[[9, 4, 10, 5], [6, 20, 7, 19], [17, 9, 18, 8], [3, 10, 4, 11], [12, 16, 13, 15], [14, 22, 15, 21], [1, 16, 2, 17], [18, 23, 19, 24], [20, 14, 21, 13], [22, 6, 23, 5], [24, 7, 1, 8], [11, 2, 12, 3]]"
12n_0322_124,"[[11, 2, 12, 3], [9, 4, 10, 5], [6, 20, 7, 19], [17, 9, 18, 8], [3, 10, 4, 11], [12, 16, 13, 15], [14, 22, 15, 21], [1, 16, 2, 17], [18, 23, 19, 24], [20, 14, 21, 13], [22, 6, 23, 5], [24, 7, 1, 8]]"
12n_0322_125,"[[24, 7, 1, 8], [11, 2, 12, 3], [9, 4, 10, 5], [6, 20, 7, 19], [17, 9, 18, 8], [3, 10, 4, 11], [12, 16, 13, 15], [14, 22, 15, 21], [1, 16, 2, 17], [18, 23, 19, 24], [20, 14, 21, 13], [22, 6, 23, 5]]"
12n_0322_126,"[[22, 6, 23, 5], [24, 7, 1, 8], [11, 2, 12, 3], [9, 4, 10, 5], [6, 20, 7, 19], [17, 9, 18, 8], [3, 10, 4, 11], [12, 16, 13, 15], [14, 22, 15, 21], [1, 16, 2, 17], [18, 23, 19, 24], [20, 14, 21, 13]]"
12n_0322_127,"[[20, 14, 21, 13], [22, 6, 23, 5], [24, 7, 1, 8], [11, 2, 12, 3], [9, 4, 10, 5], [6, 20, 7, 19], [17, 9, 18, 8], [3, 10, 4, 11], [12, 16, 13, 15], [14, 22, 15, 21], [1, 16, 2, 17], [18, 23, 19, 24]]"
12n_0322_128,"[[18, 23, 19, 24], [20, 14, 21, 13], [22, 6, 23, 5], [24, 7, 1, 8], [11, 2, 12, 3], [9, 4, 10, 5], [6, 20, 7, 19], [17, 9, 18, 8], [3, 10, 4, 11], [12, 16, 13, 15], [14, 22, 15, 21], [1, 16, 2, 17]]"
12n_0322_129,"[[1, 16, 2, 17], [18, 23, 19, 24], [20, 14, 21, 13], [22, 6, 23, 5], [24, 7, 1, 8], [11, 2, 12, 3], [9, 4, 10, 5], [6, 20, 7, 19], [17, 9, 18, 8], [3, 10, 4, 11], [12, 16, 13, 15], [14, 22, 15, 21]]"
12n_0322_130,"[[14, 22, 15, 21], [1, 16, 2, 17], [18, 23, 19, 24], [20, 14, 21, 13], [22, 6, 23, 5], [24, 7, 1, 8], [11, 2, 12, 3], [9, 4, 10, 5], [6, 20, 7, 19], [17, 9, 18, 8], [3, 10, 4, 11], [12, 16, 13, 15]]"
12n_0322_131,"[[12, 16, 13, 15], [14, 22, 15, 21], [1, 16, 2, 17], [18, 23, 19, 24], [20, 14, 21, 13], [22, 6, 23, 5], [24, 7, 1, 8], [11, 2, 12, 3], [9, 4, 10, 5], [6, 20, 7, 19], [17, 9, 18, 8], [3, 10, 4, 11]]"
12n_0322_132,"[[4, 11, 5, 12], [13, 17, 14, 16], [15, 23, 16, 22], [2, 17, 3, 18], [19, 24, 20, 1], [21, 15, 22, 14], [23, 7, 24, 6], [1, 8, 2, 9], [12, 3, 13, 4], [10, 5, 11, 6], [7, 21, 8, 20], [18, 10, 19, 9]]"
12n_0322_133,"[[18, 10, 19, 9], [4, 11, 5, 12], [13, 17, 14, 16], [15, 23, 16, 22], [2, 17, 3, 18], [19, 24, 20, 1], [21, 15, 22, 14], [23, 7, 24, 6], [1, 8, 2, 9], [12, 3, 13, 4], [10, 5, 11, 6], [7, 21, 8, 20]]"
12n_0322_134,"[[7, 21, 8, 20], [18, 10, 19, 9], [4, 11, 5, 12], [13, 17, 14, 16], [15, 23, 16, 22], [2, 17, 3, 18], [19, 24, 20, 1], [21, 15, 22, 14], [23, 7, 24, 6], [1, 8, 2, 9], [12, 3, 13, 4], [10, 5, 11, 6]]"
12n_0322_135,"[[10, 5, 11, 6], [7, 21, 8, 20], [18, 10, 19, 9], [4, 11, 5, 12], [13, 17, 14, 16], [15, 23, 16, 22], [2, 17, 3, 18], [19, 24, 20, 1], [21, 15, 22, 14], [23, 7, 24, 6], [1, 8, 2, 9], [12, 3, 13, 4]]"
12n_0322_136,"[[12, 3, 13, 4], [10, 5, 11, 6], [7, 21, 8, 20], [18, 10, 19, 9], [4, 11, 5, 12], [13, 17, 14, 16], [15, 23, 16, 22], [2, 17, 3, 18], [19, 24, 20, 1], [21, 15, 22, 14], [23, 7, 24, 6], [1, 8, 2, 9]]"
12n_0322_137,"[[1, 8, 2, 9], [12, 3, 13, 4], [10, 5, 11, 6], [7, 21, 8, 20], [18, 10, 19, 9], [4, 11, 5, 12], [13, 17, 14, 16], [15, 23, 16, 22], [2, 17, 3, 18], [19, 24, 20, 1], [21, 15, 22, 14], [23, 7, 24, 6]]"
12n_0322_138,"[[23, 7, 24, 6], [1, 8, 2, 9], [12, 3, 13, 4], [10, 5, 11, 6], [7, 21, 8, 20], [18, 10, 19, 9], [4, 11, 5, 12], [13, 17, 14, 16], [15, 23, 16, 22], [2, 17, 3, 18], [19, 24, 20, 1], [21, 15, 22, 14]]"
12n_0322_139,"[[21, 15, 22, 14], [23, 7, 24, 6], [1, 8, 2, 9], [12, 3, 13, 4], [10, 5, 11, 6], [7, 21, 8, 20], [18, 10, 19, 9], [4, 11, 5, 12], [13, 17, 14, 16], [15, 23, 16, 22], [2, 17, 3, 18], [19, 24, 20, 1]]"
12n_0322_140,"[[19, 24, 20, 1], [21, 15, 22, 14], [23, 7, 24, 6], [1, 8, 2, 9], [12, 3, 13, 4], [10, 5, 11, 6], [7, 21, 8, 20], [18, 10, 19, 9], [4, 11, 5, 12], [13, 17, 14, 16], [15, 23, 16, 22], [2, 17, 3, 18]]"
12n_0322_141,"[[2, 17, 3, 18], [19, 24, 20, 1], [21, 15, 22, 14], [23, 7, 24, 6], [1, 8, 2, 9], [12, 3, 13, 4], [10, 5, 11, 6], [7, 21, 8, 20], [18, 10, 19, 9], [4, 11, 5, 12], [13, 17, 14, 16], [15, 23, 16, 22]]"
12n_0322_142,"[[15, 23, 16, 22], [2, 17, 3, 18], [19, 24, 20, 1], [21, 15, 22, 14], [23, 7, 24, 6], [1, 8, 2, 9], [12, 3, 13, 4], [10, 5, 11, 6], [7, 21, 8, 20], [18, 10, 19, 9], [4, 11, 5, 12], [13, 17, 14, 16]]"
12n_0322_143,"[[13, 17, 14, 16], [15, 23, 16, 22], [2, 17, 3, 18], [19, 24, 20, 1], [21, 15, 22, 14], [23, 7, 24, 6], [1, 8, 2, 9], [12, 3, 13, 4], [10, 5, 11, 6], [7, 21, 8, 20], [18, 10, 19, 9], [4, 11, 5, 12]]"
12n_0322_144,"[[5, 12, 6, 13], [14, 18, 15, 17], [16, 24, 17, 23], [3, 18, 4, 19], [20, 1, 21, 2], [22, 16, 23, 15], [24, 8, 1, 7], [2, 9, 3, 10], [13, 4, 14, 5], [11, 6, 12, 7], [8, 22, 9, 21], [19, 11, 20, 10]]"
12n_0322_145,"[[19, 11, 20, 10], [5, 12, 6, 13], [14, 18, 15, 17], [16, 24, 17, 23], [3, 18, 4, 19], [20, 1, 21, 2], [22, 16, 23, 15], [24, 8, 1, 7], [2, 9, 3, 10], [13, 4, 14, 5], [11, 6, 12, 7], [8, 22, 9, 21]]"
12n_0322_146,"[[8, 22, 9, 21], [19, 11, 20, 10], [5, 12, 6, 13], [14, 18, 15, 17], [16, 24, 17, 23], [3, 18, 4, 19], [20, 1, 21, 2], [22, 16, 23, 15], [24, 8, 1, 7], [2, 9, 3, 10], [13, 4, 14, 5], [11, 6, 12, 7]]"
12n_0322_147,"[[11, 6, 12, 7], [8, 22, 9, 21], [19, 11, 20, 10], [5, 12, 6, 13], [14, 18, 15, 17], [16, 24, 17, 23], [3, 18, 4, 19], [20, 1, 21, 2], [22, 16, 23, 15], [24, 8, 1, 7], [2, 9, 3, 10], [13, 4, 14, 5]]"
12n_0322_148,"[[13, 4, 14, 5], [11, 6, 12, 7], [8, 22, 9, 21], [19, 11, 20, 10], [5, 12, 6, 13], [14, 18, 15, 17], [16, 24, 17, 23], [3, 18, 4, 19], [20, 1, 21, 2], [22, 16, 23, 15], [24, 8, 1, 7], [2, 9, 3, 10]]"
12n_0322_149,"[[2, 9, 3, 10], [13, 4, 14, 5], [11, 6, 12, 7], [8, 22, 9, 21], [19, 11, 20, 10], [5, 12, 6, 13], [14, 18, 15, 17], [16, 24, 17, 23], [3, 18, 4, 19], [20, 1, 21, 2], [22, 16, 23, 15], [24, 8, 1, 7]]"
12n_0322_150,"[[24, 8, 1, 7], [2, 9, 3, 10], [13, 4, 14, 5], [11, 6, 12, 7], [8, 22, 9, 21], [19, 11, 20, 10], [5, 12, 6, 13], [14, 18, 15, 17], [16, 24, 17, 23], [3, 18, 4, 19], [20, 1, 21, 2], [22, 16, 23, 15]]"
12n_0322_151,"[[22, 16, 23, 15], [24, 8, 1, 7], [2, 9, 3, 10], [13, 4, 14, 5], [11, 6, 12, 7], [8, 22, 9, 21], [19, 11, 20, 10], [5, 12, 6, 13], [14, 18, 15, 17], [16, 24, 17, 23], [3, 18, 4, 19], [20, 1, 21, 2]]"
12n_0322_152,"[[20, 1, 21, 2], [22, 16, 23, 15], [24, 8, 1, 7], [2, 9, 3, 10], [13, 4, 14, 5], [11, 6, 12, 7], [8, 22, 9, 21], [19, 11, 20, 10], [5, 12, 6, 13], [14, 18, 15, 17], [16, 24, 17, 23], [3, 18, 4, 19]]"
12n_0322_153,"[[3, 18, 4, 19], [20, 1, 21, 2], [22, 16, 23, 15], [24, 8, 1, 7], [2, 9, 3, 10], [13, 4, 14, 5], [11, 6, 12, 7], [8, 22, 9, 21], [19, 11, 20, 10], [5, 12, 6, 13], [14, 18, 15, 17], [16, 24, 17, 23]]"
12n_0322_154,"[[16, 24, 17, 23], [3, 18, 4, 19], [20, 1, 21, 2], [22, 16, 23, 15], [24, 8, 1, 7], [2, 9, 3, 10], [13, 4, 14, 5], [11, 6, 12, 7], [8, 22, 9, 21], [19, 11, 20, 10], [5, 12, 6, 13], [14, 18, 15, 17]]"
12n_0322_155,"[[14, 18, 15, 17], [16, 24, 17, 23], [3, 18, 4, 19], [20, 1, 21, 2], [22, 16, 23, 15], [24, 8, 1, 7], [2, 9, 3, 10], [13, 4, 14, 5], [11, 6, 12, 7], [8, 22, 9, 21], [19, 11, 20, 10], [5, 12, 6, 13]]"
12n_0322_156,"[[6, 13, 7, 14], [15, 19, 16, 18], [17, 1, 18, 24], [4, 19, 5, 20], [21, 2, 22, 3], [23, 17, 24, 16], [1, 9, 2, 8], [3, 10, 4, 11], [14, 5, 15, 6], [12, 7, 13, 8], [9, 23, 10, 22], [20, 12, 21, 11]]"
12n_0322_157,"[[20, 12, 21, 11], [6, 13, 7, 14], [15, 19, 16, 18], [17, 1, 18, 24], [4, 19, 5, 20], [21, 2, 22, 3], [23, 17, 24, 16], [1, 9, 2, 8], [3, 10, 4, 11], [14, 5, 15, 6], [12, 7, 13, 8], [9, 23, 10, 22]]"
12n_0322_158,"[[9, 23, 10, 22], [20, 12, 21, 11], [6, 13, 7, 14], [15, 19, 16, 18], [17, 1, 18, 24], [4, 19, 5, 20], [21, 2, 22, 3], [23, 17, 24, 16], [1, 9, 2, 8], [3, 10, 4, 11], [14, 5, 15, 6], [12, 7, 13, 8]]"
12n_0322_159,"[[12, 7, 13, 8], [9, 23, 10, 22], [20, 12, 21, 11], [6, 13, 7, 14], [15, 19, 16, 18], [17, 1, 18, 24], [4, 19, 5, 20], [21, 2, 22, 3], [23, 17, 24, 16], [1, 9, 2, 8], [3, 10, 4, 11], [14, 5, 15, 6]]"
12n_0322_160,"[[14, 5, 15, 6], [12, 7, 13, 8], [9, 23, 10, 22], [20, 12, 21, 11], [6, 13, 7, 14], [15, 19, 16, 18], [17, 1, 18, 24], [4, 19, 5, 20], [21, 2, 22, 3], [23, 17, 24, 16], [1, 9, 2, 8], [3, 10, 4, 11]]"
12n_0322_161,"[[3, 10, 4, 11], [14, 5, 15, 6], [12, 7, 13, 8], [9, 23, 10, 22], [20, 12, 21, 11], [6, 13, 7, 14], [15, 19, 16, 18], [17, 1, 18, 24], [4, 19, 5, 20], [21, 2, 22, 3], [23, 17, 24, 16], [1, 9, 2, 8]]"
12n_0322_162,"[[1, 9, 2, 8], [3, 10, 4, 11], [14, 5, 15, 6], [12, 7, 13, 8], [9, 23, 10, 22], [20, 12, 21, 11], [6, 13, 7, 14], [15, 19, 16, 18], [17, 1, 18, 24], [4, 19, 5, 20], [21, 2, 22, 3], [23, 17, 24, 16]]"
12n_0322_163,"[[23, 17, 24, 16], [1, 9, 2, 8], [3, 10, 4, 11], [14, 5, 15, 6], [12, 7, 13, 8], [9, 23, 10, 22], [20, 12, 21, 11], [6, 13, 7, 14], [15, 19, 16, 18], [17, 1, 18, 24], [4, 19, 5, 20], [21, 2, 22, 3]]"
12n_0322_164,"[[21, 2, 22, 3], [23, 17, 24, 16], [1, 9, 2, 8], [3, 10, 4, 11], [14, 5, 15, 6], [12, 7, 13, 8], [9, 23, 10, 22], [20, 12, 21, 11], [6, 13, 7, 14], [15, 19, 16, 18], [17, 1, 18, 24], [4, 19, 5, 20]]"
12n_0322_165,"[[4, 19, 5, 20], [21, 2, 22, 3], [23, 17, 24, 16], [1, 9, 2, 8], [3, 10, 4, 11], [14, 5, 15, 6], [12, 7, 13, 8], [9, 23, 10, 22], [20, 12, 21, 11], [6, 13, 7, 14], [15, 19, 16, 18], [17, 1, 18, 24]]"
12n_0322_166,"[[17, 1, 18, 24], [4, 19, 5, 20], [21, 2, 22, 3], [23, 17, 24, 16], [1, 9, 2, 8], [3, 10, 4, 11], [14, 5, 15, 6], [12, 7, 13, 8], [9, 23, 10, 22], [20, 12, 21, 11], [6, 13, 7, 14], [15, 19, 16, 18]]"
12n_0322_167,"[[15, 19, 16, 18], [17, 1, 18, 24], [4, 19, 5, 20], [21, 2, 22, 3], [23, 17, 24, 16], [1, 9, 2, 8], [3, 10, 4, 11], [14, 5, 15, 6], [12, 7, 13, 8], [9, 23, 10, 22], [20, 12, 21, 11], [6, 13, 7, 14]]"
12n_0322_168,"[[7, 14, 8, 15], [16, 20, 17, 19], [18, 2, 19, 1], [5, 20, 6, 21], [22, 3, 23, 4], [24, 18, 1, 17], [2, 10, 3, 9], [4, 11, 5, 12], [15, 6, 16, 7], [13, 8, 14, 9], [10, 24, 11, 23], [21, 13, 22, 12]]"
12n_0322_169,"[[21, 13, 22, 12], [7, 14, 8, 15], [16, 20, 17, 19], [18, 2, 19, 1], [5, 20, 6, 21], [22, 3, 23, 4], [24, 18, 1, 17], [2, 10, 3, 9], [4, 11, 5, 12], [15, 6, 16, 7], [13, 8, 14, 9], [10, 24, 11, 23]]"
12n_0322_170,"[[10, 24, 11, 23], [21, 13, 22, 12], [7, 14, 8, 15], [16, 20, 17, 19], [18, 2, 19, 1], [5, 20, 6, 21], [22, 3, 23, 4], [24, 18, 1, 17], [2, 10, 3, 9], [4, 11, 5, 12], [15, 6, 16, 7], [13, 8, 14, 9]]"
12n_0322_171,"[[13, 8, 14, 9], [10, 24, 11, 23], [21, 13, 22, 12], [7, 14, 8, 15], [16, 20, 17, 19], [18, 2, 19, 1], [5, 20, 6, 21], [22, 3, 23, 4], [24, 18, 1, 17], [2, 10, 3, 9], [4, 11, 5, 12], [15, 6, 16, 7]]"
12n_0322_172,"[[15, 6, 16, 7], [13, 8, 14, 9], [10, 24, 11, 23], [21, 13, 22, 12], [7, 14, 8, 15], [16, 20, 17, 19], [18, 2, 19, 1], [5, 20, 6, 21], [22, 3, 23, 4], [24, 18, 1, 17], [2, 10, 3, 9], [4, 11, 5, 12]]"
12n_0322_173,"[[4, 11, 5, 12], [15, 6, 16, 7], [13, 8, 14, 9], [10, 24, 11, 23], [21, 13, 22, 12], [7, 14, 8, 15], [16, 20, 17, 19], [18, 2, 19, 1], [5, 20, 6, 21], [22, 3, 23, 4], [24, 18, 1, 17], [2, 10, 3, 9]]"
12n_0322_174,"[[2, 10, 3, 9], [4, 11, 5, 12], [15, 6, 16, 7], [13, 8, 14, 9], [10, 24, 11, 23], [21, 13, 22, 12], [7, 14, 8, 15], [16, 20, 17, 19], [18, 2, 19, 1], [5, 20, 6, 21], [22, 3, 23, 4], [24, 18, 1, 17]]"
12n_0322_175,"[[24, 18, 1, 17], [2, 10, 3, 9], [4, 11, 5, 12], [15, 6, 16, 7], [13, 8, 14, 9], [10, 24, 11, 23], [21, 13, 22, 12], [7, 14, 8, 15], [16, 20, 17, 19], [18, 2, 19, 1], [5, 20, 6, 21], [22, 3, 23, 4]]"
12n_0322_176,"[[22, 3, 23, 4], [24, 18, 1, 17], [2, 10, 3, 9], [4, 11, 5, 12], [15, 6, 16, 7], [13, 8, 14, 9], [10, 24, 11, 23], [21, 13, 22, 12], [7, 14, 8, 15], [16, 20, 17, 19], [18, 2, 19, 1], [5, 20, 6, 21]]"
12n_0322_177,"[[5, 20, 6, 21], [22, 3, 23, 4], [24, 18, 1, 17], [2, 10, 3, 9], [4, 11, 5, 12], [15, 6, 16, 7], [13, 8, 14, 9], [10, 24, 11, 23], [21, 13, 22, 12], [7, 14, 8, 15], [16, 20, 17, 19], [18, 2, 19, 1]]"
12n_0322_178,"[[18, 2, 19, 1], [5, 20, 6, 21], [22, 3, 23, 4], [24, 18, 1, 17], [2, 10, 3, 9], [4, 11, 5, 12], [15, 6, 16, 7], [13, 8, 14, 9], [10, 24, 11, 23], [21, 13, 22, 12], [7, 14, 8, 15], [16, 20, 17, 19]]"
12n_0322_179,"[[16, 20, 17, 19], [18, 2, 19, 1], [5, 20, 6, 21], [22, 3, 23, 4], [24, 18, 1, 17], [2, 10, 3, 9], [4, 11, 5, 12], [15, 6, 16, 7], [13, 8, 14, 9], [10, 24, 11, 23], [21, 13, 22, 12], [7, 14, 8, 15]]"
12n_0322_180,"[[8, 15, 9, 16], [17, 21, 18, 20], [19, 3, 20, 2], [6, 21, 7, 22], [23, 4, 24, 5], [1, 19, 2, 18], [3, 11, 4, 10], [5, 12, 6, 13], [16, 7, 17, 8], [14, 9, 15, 10], [11, 1, 12, 24], [22, 14, 23, 13]]"
12n_0322_181,"[[22, 14, 23, 13], [8, 15, 9, 16], [17, 21, 18, 20], [19, 3, 20, 2], [6, 21, 7, 22], [23, 4, 24, 5], [1, 19, 2, 18], [3, 11, 4, 10], [5, 12, 6, 13], [16, 7, 17, 8], [14, 9, 15, 10], [11, 1, 12, 24]]"
12n_0322_182,"[[11, 1, 12, 24], [22, 14, 23, 13], [8, 15, 9, 16], [17, 21, 18, 20], [19, 3, 20, 2], [6, 21, 7, 22], [23, 4, 24, 5], [1, 19, 2, 18], [3, 11, 4, 10], [5, 12, 6, 13], [16, 7, 17, 8], [14, 9, 15, 10]]"
12n_0322_183,"[[14, 9, 15, 10], [11, 1, 12, 24], [22, 14, 23, 13], [8, 15, 9, 16], [17, 21, 18, 20], [19, 3, 20, 2], [6, 21, 7, 22], [23, 4, 24, 5], [1, 19, 2, 18], [3, 11, 4, 10], [5, 12, 6, 13], [16, 7, 17, 8]]"
12n_0322_184,"[[16, 7, 17, 8], [14, 9, 15, 10], [11, 1, 12, 24], [22, 14, 23, 13], [8, 15, 9, 16], [17, 21, 18, 20], [19, 3, 20, 2], [6, 21, 7, 22], [23, 4, 24, 5], [1, 19, 2, 18], [3, 11, 4, 10], [5, 12, 6, 13]]"
12n_0322_185,"[[5, 12, 6, 13], [16, 7, 17, 8], [14, 9, 15, 10], [11, 1, 12, 24], [22, 14, 23, 13], [8, 15, 9, 16], [17, 21, 18, 20], [19, 3, 20, 2], [6, 21, 7, 22], [23, 4, 24, 5], [1, 19, 2, 18], [3, 11, 4, 10]]"
