name,pd_notation
12n_0163_0,"[[11, 24, 12, 1], [2, 6, 3, 5], [4, 10, 5, 9], [15, 7, 16, 6], [8, 4, 9, 3], [17, 11, 18, 10], [21, 13, 22, 12], [19, 14, 20, 15], [7, 17, 8, 16], [1, 19, 2, 18], [23, 21, 24, 20], [13, 23, 14, 22]]"
12n_0163_1,"[[13, 23, 14, 22], [11, 24, 12, 1], [2, 6, 3, 5], [4, 10, 5, 9], [15, 7, 16, 6], [8, 4, 9, 3], [17, 11, 18, 10], [21, 13, 22, 12], [19, 14, 20, 15], [7, 17, 8, 16], [1, 19, 2, 18], [23, 21, 24, 20]]"
12n_0163_2,"[[23, 21, 24, 20], [13, 23, 14, 22], [11, 24, 12, 1], [2, 6, 3, 5], [4, 10, 5, 9], [15, 7, 16, 6], [8, 4, 9, 3], [17, 11, 18, 10], [21, 13, 22, 12], [19, 14, 20, 15], [7, 17, 8, 16], [1, 19, 2, 18]]"
12n_0163_3,"[[1, 19, 2, 18], [23, 21, 24, 20], [13, 23, 14, 22], [11, 24, 12, 1], [2, 6, 3, 5], [4, 10, 5, 9], [15, 7, 16, 6], [8, 4, 9, 3], [17, 11, 18, 10], [21, 13, 22, 12], [19, 14, 20, 15], [7, 17, 8, 16]]"
12n_0163_4,"[[7, 17, 8, 16], [1, 19, 2, 18], [23, 21, 24, 20], [13, 23, 14, 22], [11, 24, 12, 1], [2, 6, 3, 5], [4, 10, 5, 9], [15, 7, 16, 6], [8, 4, 9, 3], [17, 11, 18, 10], [21, 13, 22, 12], [19, 14, 20, 15]]"
12n_0163_5,"[[19, 14, 20, 15], [7, 17, 8, 16], [1, 19, 2, 18], [23, 21, 24, 20], [13, 23, 14, 22], [11, 24, 12, 1], [2, 6, 3, 5], [4, 10, 5, 9], [15, 7, 16, 6], [8, 4, 9, 3], [17, 11, 18, 10], [21, 13, 22, 12]]"
12n_0163_6,"[[21, 13, 22, 12], [19, 14, 20, 15], [7, 17, 8, 16], [1, 19, 2, 18], [23, 21, 24, 20], [13, 23, 14, 22], [11, 24, 12, 1], [2, 6, 3, 5], [4, 10, 5, 9], [15, 7, 16, 6], [8, 4, 9, 3], [17, 11, 18, 10]]"
12n_0163_7,"[[17, 11, 18, 10], [21, 13, 22, 12], [19, 14, 20, 15], [7, 17, 8, 16], [1, 19, 2, 18], [23, 21, 24, 20], [13, 23, 14, 22], [11, 24, 12, 1], [2, 6, 3, 5], [4, 10, 5, 9], [15, 7, 16, 6], [8, 4, 9, 3]]"
12n_0163_8,"[[8, 4, 9, 3], [17, 11, 18, 10], [21, 13, 22, 12], [19, 14, 20, 15], [7, 17, 8, 16], [1, 19, 2, 18], [23, 21, 24, 20], [13, 23, 14, 22], [11, 24, 12, 1], [2, 6, 3, 5], [4, 10, 5, 9], [15, 7, 16, 6]]"
12n_0163_9,"[[15, 7, 16, 6], [8, 4, 9, 3], [17, 11, 18, 10], [21, 13, 22, 12], [19, 14, 20, 15], [7, 17, 8, 16], [1, 19, 2, 18], [23, 21, 24, 20], [13, 23, 14, 22], [11, 24, 12, 1], [2, 6, 3, 5], [4, 10, 5, 9]]"
12n_0163_10,"[[4, 10, 5, 9], [15, 7, 16, 6], [8, 4, 9, 3], [17, 11, 18, 10], [21, 13, 22, 12], [19, 14, 20, 15], [7, 17, 8, 16], [1, 19, 2, 18], [23, 21, 24, 20], [13, 23, 14, 22], [11, 24, 12, 1], [2, 6, 3, 5]]"
12n_0163_11,"[[2, 6, 3, 5], [4, 10, 5, 9], [15, 7, 16, 6], [8, 4, 9, 3], [17, 11, 18, 10], [21, 13, 22, 12], [19, 14, 20, 15], [7, 17, 8, 16], [1, 19, 2, 18], [23, 21, 24, 20], [13, 23, 14, 22], [11, 24, 12, 1]]"
12n_0163_12,"[[12, 1, 13, 2], [3, 7, 4, 6], [5, 11, 6, 10], [16, 8, 17, 7], [9, 5, 10, 4], [18, 12, 19, 11], [22, 14, 23, 13], [20, 15, 21, 16], [8, 18, 9, 17], [2, 20, 3, 19], [24, 22, 1, 21], [14, 24, 15, 23]]"
12n_0163_13,"[[14, 24, 15, 23], [12, 1, 13, 2], [3, 7, 4, 6], [5, 11, 6, 10], [16, 8, 17, 7], [9, 5, 10, 4], [18, 12, 19, 11], [22, 14, 23, 13], [20, 15, 21, 16], [8, 18, 9, 17], [2, 20, 3, 19], [24, 22, 1, 21]]"
12n_0163_14,"[[24, 22, 1, 21], [14, 24, 15, 23], [12, 1, 13, 2], [3, 7, 4, 6], [5, 11, 6, 10], [16, 8, 17, 7], [9, 5, 10, 4], [18, 12, 19, 11], [22, 14, 23, 13], [20, 15, 21, 16], [8, 18, 9, 17], [2, 20, 3, 19]]"
12n_0163_15,"[[2, 20, 3, 19], [24, 22, 1, 21], [14, 24, 15, 23], [12, 1, 13, 2], [3, 7, 4, 6], [5, 11, 6, 10], [16, 8, 17, 7], [9, 5, 10, 4], [18, 12, 19, 11], [22, 14, 23, 13], [20, 15, 21, 16], [8, 18, 9, 17]]"
12n_0163_16,"[[8, 18, 9, 17], [2, 20, 3, 19], [24, 22, 1, 21], [14, 24, 15, 23], [12, 1, 13, 2], [3, 7, 4, 6], [5, 11, 6, 10], [16, 8, 17, 7], [9, 5, 10, 4], [18, 12, 19, 11], [22, 14, 23, 13], [20, 15, 21, 16]]"
12n_0163_17,"[[20, 15, 21, 16], [8, 18, 9, 17], [2, 20, 3, 19], [24, 22, 1, 21], [14, 24, 15, 23], [12, 1, 13, 2], [3, 7, 4, 6], [5, 11, 6, 10], [16, 8, 17, 7], [9, 5, 10, 4], [18, 12, 19, 11], [22, 14, 23, 13]]"
12n_0163_18,"[[22, 14, 23, 13], [20, 15, 21, 16], [8, 18, 9, 17], [2, 20, 3, 19], [24, 22, 1, 21], [14, 24, 15, 23], [12, 1, 13, 2], [3, 7, 4, 6], [5, 11, 6, 10], [16, 8, 17, 7], [9, 5, 10, 4], [18, 12, 19, 11]]"
12n_0163_19,"[[18, 12, 19, 11], [22, 14, 23, 13], [20, 15, 21, 16], [8, 18, 9, 17], [2, 20, 3, 19], [24, 22, 1, 21], [14, 24, 15, 23], [12, 1, 13, 2], [3, 7, 4, 6], [5, 11, 6, 10], [16, 8, 17, 7], [9, 5, 10, 4]]"
12n_0163_20,"[[9, 5, 10, 4], [18, 12, 19, 11], [22, 14, 23, 13], [20, 15, 21, 16], [8, 18, 9, 17], [2, 20, 3, 19], [24, 22, 1, 21], [14, 24, 15, 23], [12, 1, 13, 2], [3, 7, 4, 6], [5, 11, 6, 10], [16, 8, 17, 7]]"
12n_0163_21,"[[16, 8, 17, 7], [9, 5, 10, 4], [18, 12, 19, 11], [22, 14, 23, 13], [20, 15, 21, 16], [8, 18, 9, 17], [2, 20, 3, 19], [24, 22, 1, 21], [14, 24, 15, 23], [12, 1, 13, 2], [3, 7, 4, 6], [5, 11, 6, 10]]"
12n_0163_22,"[[5, 11, 6, 10], [16, 8, 17, 7], [9, 5, 10, 4], [18, 12, 19, 11], [22, 14, 23, 13], [20, 15, 21, 16], [8, 18, 9, 17], [2, 20, 3, 19], [24, 22, 1, 21], [14, 24, 15, 23], [12, 1, 13, 2], [3, 7, 4, 6]]"
12n_0163_23,"[[3, 7, 4, 6], [5, 11, 6, 10], [16, 8, 17, 7], [9, 5, 10, 4], [18, 12, 19, 11], [22, 14, 23, 13], [20, 15, 21, 16], [8, 18, 9, 17], [2, 20, 3, 19], [24, 22, 1, 21], [14, 24, 15, 23], [12, 1, 13, 2]]"
12n_0163_24,"[[13, 2, 14, 3], [4, 8, 5, 7], [6, 12, 7, 11], [17, 9, 18, 8], [10, 6, 11, 5], [19, 13, 20, 12], [23, 15, 24, 14], [21, 16, 22, 17], [9, 19, 10, 18], [3, 21, 4, 20], [1, 23, 2, 22], [15, 1, 16, 24]]"
12n_0163_25,"[[15, 1, 16, 24], [13, 2, 14, 3], [4, 8, 5, 7], [6, 12, 7, 11], [17, 9, 18, 8], [10, 6, 11, 5], [19, 13, 20, 12], [23, 15, 24, 14], [21, 16, 22, 17], [9, 19, 10, 18], [3, 21, 4, 20], [1, 23, 2, 22]]"
12n_0163_26,"[[1, 23, 2, 22], [15, 1, 16, 24], [13, 2, 14, 3], [4, 8, 5, 7], [6, 12, 7, 11], [17, 9, 18, 8], [10, 6, 11, 5], [19, 13, 20, 12], [23, 15, 24, 14], [21, 16, 22, 17], [9, 19, 10, 18], [3, 21, 4, 20]]"
12n_0163_27,"[[3, 21, 4, 20], [1, 23, 2, 22], [15, 1, 16, 24], [13, 2, 14, 3], [4, 8, 5, 7], [6, 12, 7, 11], [17, 9, 18, 8], [10, 6, 11, 5], [19, 13, 20, 12], [23, 15, 24, 14], [21, 16, 22, 17], [9, 19, 10, 18]]"
12n_0163_28,"[[9, 19, 10, 18], [3, 21, 4, 20], [1, 23, 2, 22], [15, 1, 16, 24], [13, 2, 14, 3], [4, 8, 5, 7], [6, 12, 7, 11], [17, 9, 18, 8], [10, 6, 11, 5], [19, 13, 20, 12], [23, 15, 24, 14], [21, 16, 22, 17]]"
12n_0163_29,"[[21, 16, 22, 17], [9, 19, 10, 18], [3, 21, 4, 20], [1, 23, 2, 22], [15, 1, 16, 24], [13, 2, 14, 3], [4, 8, 5, 7], [6, 12, 7, 11], [17, 9, 18, 8], [10, 6, 11, 5], [19, 13, 20, 12], [23, 15, 24, 14]]"
12n_0163_30,"[[23, 15, 24, 14], [21, 16, 22, 17], [9, 19, 10, 18], [3, 21, 4, 20], [1, 23, 2, 22], [15, 1, 16, 24], [13, 2, 14, 3], [4, 8, 5, 7], [6, 12, 7, 11], [17, 9, 18, 8], [10, 6, 11, 5], [19, 13, 20, 12]]"
12n_0163_31,"[[19, 13, 20, 12], [23, 15, 24, 14], [21, 16, 22, 17], [9, 19, 10, 18], [3, 21, 4, 20], [1, 23, 2, 22], [15, 1, 16, 24], [13, 2, 14, 3], [4, 8, 5, 7], [6, 12, 7, 11], [17, 9, 18, 8], [10, 6, 11, 5]]"
12n_0163_32,"[[10, 6, 11, 5], [19, 13, 20, 12], [23, 15, 24, 14], [21, 16, 22, 17], [9, 19, 10, 18], [3, 21, 4, 20], [1, 23, 2, 22], [15, 1, 16, 24], [13, 2, 14, 3], [4, 8, 5, 7], [6, 12, 7, 11], [17, 9, 18, 8]]"
12n_0163_33,"[[17, 9, 18, 8], [10, 6, 11, 5], [19, 13, 20, 12], [23, 15, 24, 14], [21, 16, 22, 17], [9, 19, 10, 18], [3, 21, 4, 20], [1, 23, 2, 22], [15, 1, 16, 24], [13, 2, 14, 3], [4, 8, 5, 7], [6, 12, 7, 11]]"
12n_0163_34,"[[6, 12, 7, 11], [17, 9, 18, 8], [10, 6, 11, 5], [19, 13, 20, 12], [23, 15, 24, 14], [21, 16, 22, 17], [9, 19, 10, 18], [3, 21, 4, 20], [1, 23, 2, 22], [15, 1, 16, 24], [13, 2, 14, 3], [4, 8, 5, 7]]"
12n_0163_35,"[[4, 8, 5, 7], [6, 12, 7, 11], [17, 9, 18, 8], [10, 6, 11, 5], [19, 13, 20, 12], [23, 15, 24, 14], [21, 16, 22, 17], [9, 19, 10, 18], [3, 21, 4, 20], [1, 23, 2, 22], [15, 1, 16, 24], [13, 2, 14, 3]]"
12n_0163_36,"[[14, 3, 15, 4], [5, 9, 6, 8], [7, 13, 8, 12], [18, 10, 19, 9], [11, 7, 12, 6], [20, 14, 21, 13], [24, 16, 1, 15], [22, 17, 23, 18], [10, 20, 11, 19], [4, 22, 5, 21], [2, 24, 3, 23], [16, 2, 17, 1]]"
12n_0163_37,"[[16, 2, 17, 1], [14, 3, 15, 4], [5, 9, 6, 8], [7, 13, 8, 12], [18, 10, 19, 9], [11, 7, 12, 6], [20, 14, 21, 13], [24, 16, 1, 15], [22, 17, 23, 18], [10, 20, 11, 19], [4, 22, 5, 21], [2, 24, 3, 23]]"
12n_0163_38,"[[2, 24, 3, 23], [16, 2, 17, 1], [14, 3, 15, 4], [5, 9, 6, 8], [7, 13, 8, 12], [18, 10, 19, 9], [11, 7, 12, 6], [20, 14, 21, 13], [24, 16, 1, 15], [22, 17, 23, 18], [10, 20, 11, 19], [4, 22, 5, 21]]"
12n_0163_39,"[[4, 22, 5, 21], [2, 24, 3, 23], [16, 2, 17, 1], [14, 3, 15, 4], [5, 9, 6, 8], [7, 13, 8, 12], [18, 10, 19, 9], [11, 7, 12, 6], [20, 14, 21, 13], [24, 16, 1, 15], [22, 17, 23, 18], [10, 20, 11, 19]]"
12n_0163_40,"[[10, 20, 11, 19], [4, 22, 5, 21], [2, 24, 3, 23], [16, 2, 17, 1], [14, 3, 15, 4], [5, 9, 6, 8], [7, 13, 8, 12], [18, 10, 19, 9], [11, 7, 12, 6], [20, 14, 21, 13], [24, 16, 1, 15], [22, 17, 23, 18]]"
12n_0163_41,"[[22, 17, 23, 18], [10, 20, 11, 19], [4, 22, 5, 21], [2, 24, 3, 23], [16, 2, 17, 1], [14, 3, 15, 4], [5, 9, 6, 8], [7, 13, 8, 12], [18, 10, 19, 9], [11, 7, 12, 6], [20, 14, 21, 13], [24, 16, 1, 15]]"
12n_0163_42,"[[24, 16, 1, 15], [22, 17, 23, 18], [10, 20, 11, 19], [4, 22, 5, 21], [2, 24, 3, 23], [16, 2, 17, 1], [14, 3, 15, 4], [5, 9, 6, 8], [7, 13, 8, 12], [18, 10, 19, 9], [11, 7, 12, 6], [20, 14, 21, 13]]"
12n_0163_43,"[[20, 14, 21, 13], [24, 16, 1, 15], [22, 17, 23, 18], [10, 20, 11, 19], [4, 22, 5, 21], [2, 24, 3, 23], [16, 2, 17, 1], [14, 3, 15, 4], [5, 9, 6, 8], [7, 13, 8, 12], [18, 10, 19, 9], [11, 7, 12, 6]]"
12n_0163_44,"[[11, 7, 12, 6], [20, 14, 21, 13], [24, 16, 1, 15], [22, 17, 23, 18], [10, 20, 11, 19], [4, 22, 5, 21], [2, 24, 3, 23], [16, 2, 17, 1], [14, 3, 15, 4], [5, 9, 6, 8], [7, 13, 8, 12], [18, 10, 19, 9]]"
12n_0163_45,"[[18, 10, 19, 9], [11, 7, 12, 6], [20, 14, 21, 13], [24, 16, 1, 15], [22, 17, 23, 18], [10, 20, 11, 19], [4, 22, 5, 21], [2, 24, 3, 23], [16, 2, 17, 1], [14, 3, 15, 4], [5, 9, 6, 8], [7, 13, 8, 12]]"
12n_0163_46,"[[7, 13, 8, 12], [18, 10, 19, 9], [11, 7, 12, 6], [20, 14, 21, 13], [24, 16, 1, 15], [22, 17, 23, 18], [10, 20, 11, 19], [4, 22, 5, 21], [2, 24, 3, 23], [16, 2, 17, 1], [14, 3, 15, 4], [5, 9, 6, 8]]"
12n_0163_47,"[[5, 9, 6, 8], [7, 13, 8, 12], [18, 10, 19, 9], [11, 7, 12, 6], [20, 14, 21, 13], [24, 16, 1, 15], [22, 17, 23, 18], [10, 20, 11, 19], [4, 22, 5, 21], [2, 24, 3, 23], [16, 2, 17, 1], [14, 3, 15, 4]]"
12n_0163_48,"[[15, 4, 16, 5], [6, 10, 7, 9], [8, 14, 9, 13], [19, 11, 20, 10], [12, 8, 13, 7], [21, 15, 22, 14], [1, 17, 2, 16], [23, 18, 24, 19], [11, 21, 12, 20], [5, 23, 6, 22], [3, 1, 4, 24], [17, 3, 18, 2]]"
12n_0163_49,"[[17, 3, 18, 2], [15, 4, 16, 5], [6, 10, 7, 9], [8, 14, 9, 13], [19, 11, 20, 10], [12, 8, 13, 7], [21, 15, 22, 14], [1, 17, 2, 16], [23, 18, 24, 19], [11, 21, 12, 20], [5, 23, 6, 22], [3, 1, 4, 24]]"
12n_0163_50,"[[3, 1, 4, 24], [17, 3, 18, 2], [15, 4, 16, 5], [6, 10, 7, 9], [8, 14, 9, 13], [19, 11, 20, 10], [12, 8, 13, 7], [21, 15, 22, 14], [1, 17, 2, 16], [23, 18, 24, 19], [11, 21, 12, 20], [5, 23, 6, 22]]"
12n_0163_51,"[[5, 23, 6, 22], [3, 1, 4, 24], [17, 3, 18, 2], [15, 4, 16, 5], [6, 10, 7, 9], [8, 14, 9, 13], [19, 11, 20, 10], [12, 8, 13, 7], [21, 15, 22, 14], [1, 17, 2, 16], [23, 18, 24, 19], [11, 21, 12, 20]]"
12n_0163_52,"[[11, 21, 12, 20], [5, 23, 6, 22], [3, 1, 4, 24], [17, 3, 18, 2], [15, 4, 16, 5], [6, 10, 7, 9], [8, 14, 9, 13], [19, 11, 20, 10], [12, 8, 13, 7], [21, 15, 22, 14], [1, 17, 2, 16], [23, 18, 24, 19]]"
12n_0163_53,"[[23, 18, 24, 19], [11, 21, 12, 20], [5, 23, 6, 22], [3, 1, 4, 24], [17, 3, 18, 2], [15, 4, 16, 5], [6, 10, 7, 9], [8, 14, 9, 13], [19, 11, 20, 10], [12, 8, 13, 7], [21, 15, 22, 14], [1, 17, 2, 16]]"
12n_0163_54,"[[1, 17, 2, 16], [23, 18, 24, 19], [11, 21, 12, 20], [5, 23, 6, 22], [3, 1, 4, 24], [17, 3, 18, 2], [15, 4, 16, 5], [6, 10, 7, 9], [8, 14, 9, 13], [19, 11, 20, 10], [12, 8, 13, 7], [21, 15, 22, 14]]"
12n_0163_55,"[[21, 15, 22, 14], [1, 17, 2, 16], [23, 18, 24, 19], [11, 21, 12, 20], [5, 23, 6, 22], [3, 1, 4, 24], [17, 3, 18, 2], [15, 4, 16, 5], [6, 10, 7, 9], [8, 14, 9, 13], [19, 11, 20, 10], [12, 8, 13, 7]]"
12n_0163_56,"[[12, 8, 13, 7], [21, 15, 22, 14], [1, 17, 2, 16], [23, 18, 24, 19], [11, 21, 12, 20], [5, 23, 6, 22], [3, 1, 4, 24], [17, 3, 18, 2], [15, 4, 16, 5], [6, 10, 7, 9], [8, 14, 9, 13], [19, 11, 20, 10]]"
12n_0163_57,"[[19, 11, 20, 10], [12, 8, 13, 7], [21, 15, 22, 14], [1, 17, 2, 16], [23, 18, 24, 19], [11, 21, 12, 20], [5, 23, 6, 22], [3, 1, 4, 24], [17, 3, 18, 2], [15, 4, 16, 5], [6, 10, 7, 9], [8, 14, 9, 13]]"
12n_0163_58,"[[8, 14, 9, 13], [19, 11, 20, 10], [12, 8, 13, 7], [21, 15, 22, 14], [1, 17, 2, 16], [23, 18, 24, 19], [11, 21, 12, 20], [5, 23, 6, 22], [3, 1, 4, 24], [17, 3, 18, 2], [15, 4, 16, 5], [6, 10, 7, 9]]"
12n_0163_59,"[[6, 10, 7, 9], [8, 14, 9, 13], [19, 11, 20, 10], [12, 8, 13, 7], [21, 15, 22, 14], [1, 17, 2, 16], [23, 18, 24, 19], [11, 21, 12, 20], [5, 23, 6, 22], [3, 1, 4, 24], [17, 3, 18, 2], [15, 4, 16, 5]]"
12n_0163_60,"[[16, 5, 17, 6], [7, 11, 8, 10], [9, 15, 10, 14], [20, 12, 21, 11], [13, 9, 14, 8], [22, 16, 23, 15], [2, 18, 3, 17], [24, 19, 1, 20], [12, 22, 13, 21], [6, 24, 7, 23], [4, 2, 5, 1], [18, 4, 19, 3]]"
12n_0163_61,"[[18, 4, 19, 3], [16, 5, 17, 6], [7, 11, 8, 10], [9, 15, 10, 14], [20, 12, 21, 11], [13, 9, 14, 8], [22, 16, 23, 15], [2, 18, 3, 17], [24, 19, 1, 20], [12, 22, 13, 21], [6, 24, 7, 23], [4, 2, 5, 1]]"
12n_0163_62,"[[4, 2, 5, 1], [18, 4, 19, 3], [16, 5, 17, 6], [7, 11, 8, 10], [9, 15, 10, 14], [20, 12, 21, 11], [13, 9, 14, 8], [22, 16, 23, 15], [2, 18, 3, 17], [24, 19, 1, 20], [12, 22, 13, 21], [6, 24, 7, 23]]"
12n_0163_63,"[[6, 24, 7, 23], [4, 2, 5, 1], [18, 4, 19, 3], [16, 5, 17, 6], [7, 11, 8, 10], [9, 15, 10, 14], [20, 12, 21, 11], [13, 9, 14, 8], [22, 16, 23, 15], [2, 18, 3, 17], [24, 19, 1, 20], [12, 22, 13, 21]]"
12n_0163_64,"[[12, 22, 13, 21], [6, 24, 7, 23], [4, 2, 5, 1], [18, 4, 19, 3], [16, 5, 17, 6], [7, 11, 8, 10], [9, 15, 10, 14], [20, 12, 21, 11], [13, 9, 14, 8], [22, 16, 23, 15], [2, 18, 3, 17], [24, 19, 1, 20]]"
12n_0163_65,"[[24, 19, 1, 20], [12, 22, 13, 21], [6, 24, 7, 23], [4, 2, 5, 1], [18, 4, 19, 3], [16, 5, 17, 6], [7, 11, 8, 10], [9, 15, 10, 14], [20, 12, 21, 11], [13, 9, 14, 8], [22, 16, 23, 15], [2, 18, 3, 17]]"
12n_0163_66,"[[2, 18, 3, 17], [24, 19, 1, 20], [12, 22, 13, 21], [6, 24, 7, 23], [4, 2, 5, 1], [18, 4, 19, 3], [16, 5, 17, 6], [7, 11, 8, 10], [9, 15, 10, 14], [20, 12, 21, 11], [13, 9, 14, 8], [22, 16, 23, 15]]"
12n_0163_67,"[[22, 16, 23, 15], [2, 18, 3, 17], [24, 19, 1, 20], [12, 22, 13, 21], [6, 24, 7, 23], [4, 2, 5, 1], [18, 4, 19, 3], [16, 5, 17, 6], [7, 11, 8, 10], [9, 15, 10, 14], [20, 12, 21, 11], [13, 9, 14, 8]]"
12n_0163_68,"[[13, 9, 14, 8], [22, 16, 23, 15], [2, 18, 3, 17], [24, 19, 1, 20], [12, 22, 13, 21], [6, 24, 7, 23], [4, 2, 5, 1], [18, 4, 19, 3], [16, 5, 17, 6], [7, 11, 8, 10], [9, 15, 10, 14], [20, 12, 21, 11]]"
12n_0163_69,"[[20, 12, 21, 11], [13, 9, 14, 8], [22, 16, 23, 15], [2, 18, 3, 17], [24, 19, 1, 20], [12, 22, 13, 21], [6, 24, 7, 23], [4, 2, 5, 1], [18, 4, 19, 3], [16, 5, 17, 6], [7, 11, 8, 10], [9, 15, 10, 14]]"
12n_0163_70,"[[9, 15, 10, 14], [20, 12, 21, 11], [13, 9, 14, 8], [22, 16, 23, 15], [2, 18, 3, 17], [24, 19, 1, 20], [12, 22, 13, 21], [6, 24, 7, 23], [4, 2, 5, 1], [18, 4, 19, 3], [16, 5, 17, 6], [7, 11, 8, 10]]"
12n_0163_71,"[[7, 11, 8, 10], [9, 15, 10, 14], [20, 12, 21, 11], [13, 9, 14, 8], [22, 16, 23, 15], [2, 18, 3, 17], [24, 19, 1, 20], [12, 22, 13, 21], [6, 24, 7, 23], [4, 2, 5, 1], [18, 4, 19, 3], [16, 5, 17, 6]]"
12n_0163_72,"[[17, 6, 18, 7], [8, 12, 9, 11], [10, 16, 11, 15], [21, 13, 22, 12], [14, 10, 15, 9], [23, 17, 24, 16], [3, 19, 4, 18], [1, 20, 2, 21], [13, 23, 14, 22], [7, 1, 8, 24], [5, 3, 6, 2], [19, 5, 20, 4]]"
12n_0163_73,"[[19, 5, 20, 4], [17, 6, 18, 7], [8, 12, 9, 11], [10, 16, 11, 15], [21, 13, 22, 12], [14, 10, 15, 9], [23, 17, 24, 16], [3, 19, 4, 18], [1, 20, 2, 21], [13, 23, 14, 22], [7, 1, 8, 24], [5, 3, 6, 2]]"
12n_0163_74,"[[5, 3, 6, 2], [19, 5, 20, 4], [17, 6, 18, 7], [8, 12, 9, 11], [10, 16, 11, 15], [21, 13, 22, 12], [14, 10, 15, 9], [23, 17, 24, 16], [3, 19, 4, 18], [1, 20, 2, 21], [13, 23, 14, 22], [7, 1, 8, 24]]"
12n_0163_75,"[[7, 1, 8, 24], [5, 3, 6, 2], [19, 5, 20, 4], [17, 6, 18, 7], [8, 12, 9, 11], [10, 16, 11, 15], [21, 13, 22, 12], [14, 10, 15, 9], [23, 17, 24, 16], [3, 19, 4, 18], [1, 20, 2, 21], [13, 23, 14, 22]]"
12n_0163_76,"[[13, 23, 14, 22], [7, 1, 8, 24], [5, 3, 6, 2], [19, 5, 20, 4], [17, 6, 18, 7], [8, 12, 9, 11], [10, 16, 11, 15], [21, 13, 22, 12], [14, 10, 15, 9], [23, 17, 24, 16], [3, 19, 4, 18], [1, 20, 2, 21]]"
12n_0163_77,"[[1, 20, 2, 21], [13, 23, 14, 22], [7, 1, 8, 24], [5, 3, 6, 2], [19, 5, 20, 4], [17, 6, 18, 7], [8, 12, 9, 11], [10, 16, 11, 15], [21, 13, 22, 12], [14, 10, 15, 9], [23, 17, 24, 16], [3, 19, 4, 18]]"
12n_0163_78,"[[3, 19, 4, 18], [1, 20, 2, 21], [13, 23, 14, 22], [7, 1, 8, 24], [5, 3, 6, 2], [19, 5, 20, 4], [17, 6, 18, 7], [8, 12, 9, 11], [10, 16, 11, 15], [21, 13, 22, 12], [14, 10, 15, 9], [23, 17, 24, 16]]"
12n_0163_79,"[[23, 17, 24, 16], [3, 19, 4, 18], [1, 20, 2, 21], [13, 23, 14, 22], [7, 1, 8, 24], [5, 3, 6, 2], [19, 5, 20, 4], [17, 6, 18, 7], [8, 12, 9, 11], [10, 16, 11, 15], [21, 13, 22, 12], [14, 10, 15, 9]]"
12n_0163_80,"[[14, 10, 15, 9], [23, 17, 24, 16], [3, 19, 4, 18], [1, 20, 2, 21], [13, 23, 14, 22], [7, 1, 8, 24], [5, 3, 6, 2], [19, 5, 20, 4], [17, 6, 18, 7], [8, 12, 9, 11], [10, 16, 11, 15], [21, 13, 22, 12]]"
12n_0163_81,"[[21, 13, 22, 12], [14, 10, 15, 9], [23, 17, 24, 16], [3, 19, 4, 18], [1, 20, 2, 21], [13, 23, 14, 22], [7, 1, 8, 24], [5, 3, 6, 2], [19, 5, 20, 4], [17, 6, 18, 7], [8, 12, 9, 11], [10, 16, 11, 15]]"
12n_0163_82,"[[10, 16, 11, 15], [21, 13, 22, 12], [14, 10, 15, 9], [23, 17, 24, 16], [3, 19, 4, 18], [1, 20, 2, 21], [13, 23, 14, 22], [7, 1, 8, 24], [5, 3, 6, 2], [19, 5, 20, 4], [17, 6, 18, 7], [8, 12, 9, 11]]"
12n_0163_83,"[[8, 12, 9, 11], [10, 16, 11, 15], [21, 13, 22, 12], [14, 10, 15, 9], [23, 17, 24, 16], [3, 19, 4, 18], [1, 20, 2, 21], [13, 23, 14, 22], [7, 1, 8, 24], [5, 3, 6, 2], [19, 5, 20, 4], [17, 6, 18, 7]]"
12n_0163_84,"[[18, 7, 19, 8], [9, 13, 10, 12], [11, 17, 12, 16], [22, 14, 23, 13], [15, 11, 16, 10], [24, 18, 1, 17], [4, 20, 5, 19], [2, 21, 3, 22], [14, 24, 15, 23], [8, 2, 9, 1], [6, 4, 7, 3], [20, 6, 21, 5]]"
12n_0163_85,"[[20, 6, 21, 5], [18, 7, 19, 8], [9, 13, 10, 12], [11, 17, 12, 16], [22, 14, 23, 13], [15, 11, 16, 10], [24, 18, 1, 17], [4, 20, 5, 19], [2, 21, 3, 22], [14, 24, 15, 23], [8, 2, 9, 1], [6, 4, 7, 3]]"
12n_0163_86,"[[6, 4, 7, 3], [20, 6, 21, 5], [18, 7, 19, 8], [9, 13, 10, 12], [11, 17, 12, 16], [22, 14, 23, 13], [15, 11, 16, 10], [24, 18, 1, 17], [4, 20, 5, 19], [2, 21, 3, 22], [14, 24, 15, 23], [8, 2, 9, 1]]"
12n_0163_87,"[[8, 2, 9, 1], [6, 4, 7, 3], [20, 6, 21, 5], [18, 7, 19, 8], [9, 13, 10, 12], [11, 17, 12, 16], [22, 14, 23, 13], [15, 11, 16, 10], [24, 18, 1, 17], [4, 20, 5, 19], [2, 21, 3, 22], [14, 24, 15, 23]]"
12n_0163_88,"[[14, 24, 15, 23], [8, 2, 9, 1], [6, 4, 7, 3], [20, 6, 21, 5], [18, 7, 19, 8], [9, 13, 10, 12], [11, 17, 12, 16], [22, 14, 23, 13], [15, 11, 16, 10], [24, 18, 1, 17], [4, 20, 5, 19], [2, 21, 3, 22]]"
12n_0163_89,"[[2, 21, 3, 22], [14, 24, 15, 23], [8, 2, 9, 1], [6, 4, 7, 3], [20, 6, 21, 5], [18, 7, 19, 8], [9, 13, 10, 12], [11, 17, 12, 16], [22, 14, 23, 13], [15, 11, 16, 10], [24, 18, 1, 17], [4, 20, 5, 19]]"
12n_0163_90,"[[4, 20, 5, 19], [2, 21, 3, 22], [14, 24, 15, 23], [8, 2, 9, 1], [6, 4, 7, 3], [20, 6, 21, 5], [18, 7, 19, 8], [9, 13, 10, 12], [11, 17, 12, 16], [22, 14, 23, 13], [15, 11, 16, 10], [24, 18, 1, 17]]"
12n_0163_91,"[[24, 18, 1, 17], [4, 20, 5, 19], [2, 21, 3, 22], [14, 24, 15, 23], [8, 2, 9, 1], [6, 4, 7, 3], [20, 6, 21, 5], [18, 7, 19, 8], [9, 13, 10, 12], [11, 17, 12, 16], [22, 14, 23, 13], [15, 11, 16, 10]]"
12n_0163_92,"[[15, 11, 16, 10], [24, 18, 1, 17], [4, 20, 5, 19], [2, 21, 3, 22], [14, 24, 15, 23], [8, 2, 9, 1], [6, 4, 7, 3], [20, 6, 21, 5], [18, 7, 19, 8], [9, 13, 10, 12], [11, 17, 12, 16], [22, 14, 23, 13]]"
12n_0163_93,"[[22, 14, 23, 13], [15, 11, 16, 10], [24, 18, 1, 17], [4, 20, 5, 19], [2, 21, 3, 22], [14, 24, 15, 23], [8, 2, 9, 1], [6, 4, 7, 3], [20, 6, 21, 5], [18, 7, 19, 8], [9, 13, 10, 12], [11, 17, 12, 16]]"
12n_0163_94,"[[11, 17, 12, 16], [22, 14, 23, 13], [15, 11, 16, 10], [24, 18, 1, 17], [4, 20, 5, 19], [2, 21, 3, 22], [14, 24, 15, 23], [8, 2, 9, 1], [6, 4, 7, 3], [20, 6, 21, 5], [18, 7, 19, 8], [9, 13, 10, 12]]"
12n_0163_95,"[[9, 13, 10, 12], [11, 17, 12, 16], [22, 14, 23, 13], [15, 11, 16, 10], [24, 18, 1, 17], [4, 20, 5, 19], [2, 21, 3, 22], [14, 24, 15, 23], [8, 2, 9, 1], [6, 4, 7, 3], [20, 6, 21, 5], [18, 7, 19, 8]]"
12n_0163_96,"[[19, 8, 20, 9], [10, 14, 11, 13], [12, 18, 13, 17], [23, 15, 24, 14], [16, 12, 17, 11], [1, 19, 2, 18], [5, 21, 6, 20], [3, 22, 4, 23], [15, 1, 16, 24], [9, 3, 10, 2], [7, 5, 8, 4], [21, 7, 22, 6]]"
12n_0163_97,"[[21, 7, 22, 6], [19, 8, 20, 9], [10, 14, 11, 13], [12, 18, 13, 17], [23, 15, 24, 14], [16, 12, 17, 11], [1, 19, 2, 18], [5, 21, 6, 20], [3, 22, 4, 23], [15, 1, 16, 24], [9, 3, 10, 2], [7, 5, 8, 4]]"
12n_0163_98,"[[7, 5, 8, 4], [21, 7, 22, 6], [19, 8, 20, 9], [10, 14, 11, 13], [12, 18, 13, 17], [23, 15, 24, 14], [16, 12, 17, 11], [1, 19, 2, 18], [5, 21, 6, 20], [3, 22, 4, 23], [15, 1, 16, 24], [9, 3, 10, 2]]"
12n_0163_99,"[[9, 3, 10, 2], [7, 5, 8, 4], [21, 7, 22, 6], [19, 8, 20, 9], [10, 14, 11, 13], [12, 18, 13, 17], [23, 15, 24, 14], [16, 12, 17, 11], [1, 19, 2, 18], [5, 21, 6, 20], [3, 22, 4, 23], [15, 1, 16, 24]]"
12n_0163_100,"[[15, 1, 16, 24], [9, 3, 10, 2], [7, 5, 8, 4], [21, 7, 22, 6], [19, 8, 20, 9], [10, 14, 11, 13], [12, 18, 13, 17], [23, 15, 24, 14], [16, 12, 17, 11], [1, 19, 2, 18], [5, 21, 6, 20], [3, 22, 4, 23]]"
12n_0163_101,"[[3, 22, 4, 23], [15, 1, 16, 24], [9, 3, 10, 2], [7, 5, 8, 4], [21, 7, 22, 6], [19, 8, 20, 9], [10, 14, 11, 13], [12, 18, 13, 17], [23, 15, 24, 14], [16, 12, 17, 11], [1, 19, 2, 18], [5, 21, 6, 20]]"
12n_0163_102,"[[5, 21, 6, 20], [3, 22, 4, 23], [15, 1, 16, 24], [9, 3, 10, 2], [7, 5, 8, 4], [21, 7, 22, 6], [19, 8, 20, 9], [10, 14, 11, 13], [12, 18, 13, 17], [23, 15, 24, 14], [16, 12, 17, 11], [1, 19, 2, 18]]"
12n_0163_103,"[[1, 19, 2, 18], [5, 21, 6, 20], [3, 22, 4, 23], [15, 1, 16, 24], [9, 3, 10, 2], [7, 5, 8, 4], [21, 7, 22, 6], [19, 8, 20, 9], [10, 14, 11, 13], [12, 18, 13, 17], [23, 15, 24, 14], [16, 12, 17, 11]]"
12n_0163_104,"[[16, 12, 17, 11], [1, 19, 2, 18], [5, 21, 6, 20], [3, 22, 4, 23], [15, 1, 16, 24], [9, 3, 10, 2], [7, 5, 8, 4], [21, 7, 22, 6], [19, 8, 20, 9], [10, 14, 11, 13], [12, 18, 13, 17], [23, 15, 24, 14]]"
12n_0163_105,"[[23, 15, 24, 14], [16, 12, 17, 11], [1, 19, 2, 18], [5, 21, 6, 20], [3, 22, 4, 23], [15, 1, 16, 24], [9, 3, 10, 2], [7, 5, 8, 4], [21, 7, 22, 6], [19, 8, 20, 9], [10, 14, 11, 13], [12, 18, 13, 17]]"
12n_0163_106,"[[12, 18, 13, 17], [23, 15, 24, 14], [16, 12, 17, 11], [1, 19, 2, 18], [5, 21, 6, 20], [3, 22, 4, 23], [15, 1, 16, 24], [9, 3, 10, 2], [7, 5, 8, 4], [21, 7, 22, 6], [19, 8, 20, 9], [10, 14, 11, 13]]"
12n_0163_107,"[[10, 14, 11, 13], [12, 18, 13, 17], [23, 15, 24, 14], [16, 12, 17, 11], [1, 19, 2, 18], [5, 21, 6, 20], [3, 22, 4, 23], [15, 1, 16, 24], [9, 3, 10, 2], [7, 5, 8, 4], [21, 7, 22, 6], [19, 8, 20, 9]]"
12n_0163_108,"[[20, 9, 21, 10], [11, 15, 12, 14], [13, 19, 14, 18], [24, 16, 1, 15], [17, 13, 18, 12], [2, 20, 3, 19], [6, 22, 7, 21], [4, 23, 5, 24], [16, 2, 17, 1], [10, 4, 11, 3], [8, 6, 9, 5], [22, 8, 23, 7]]"
12n_0163_109,"[[22, 8, 23, 7], [20, 9, 21, 10], [11, 15, 12, 14], [13, 19, 14, 18], [24, 16, 1, 15], [17, 13, 18, 12], [2, 20, 3, 19], [6, 22, 7, 21], [4, 23, 5, 24], [16, 2, 17, 1], [10, 4, 11, 3], [8, 6, 9, 5]]"
12n_0163_110,"[[8, 6, 9, 5], [22, 8, 23, 7], [20, 9, 21, 10], [11, 15, 12, 14], [13, 19, 14, 18], [24, 16, 1, 15], [17, 13, 18, 12], [2, 20, 3, 19], [6, 22, 7, 21], [4, 23, 5, 24], [16, 2, 17, 1], [10, 4, 11, 3]]"
12n_0163_111,"[[10, 4, 11, 3], [8, 6, 9, 5], [22, 8, 23, 7], [20, 9, 21, 10], [11, 15, 12, 14], [13, 19, 14, 18], [24, 16, 1, 15], [17, 13, 18, 12], [2, 20, 3, 19], [6, 22, 7, 21], [4, 23, 5, 24], [16, 2, 17, 1]]"
12n_0163_112,"[[16, 2, 17, 1], [10, 4, 11, 3], [8, 6, 9, 5], [22, 8, 23, 7], [20, 9, 21, 10], [11, 15, 12, 14], [13, 19, 14, 18], [24, 16, 1, 15], [17, 13, 18, 12], [2, 20, 3, 19], [6, 22, 7, 21], [4, 23, 5, 24]]"
12n_0163_113,"[[4, 23, 5, 24], [16, 2, 17, 1], [10, 4, 11, 3], [8, 6, 9, 5], [22, 8, 23, 7], [20, 9, 21, 10], [11, 15, 12, 14], [13, 19, 14, 18], [24, 16, 1, 15], [17, 13, 18, 12], [2, 20, 3, 19], [6, 22, 7, 21]]"
12n_0163_114,"[[6, 22, 7, 21], [4, 23, 5, 24], [16, 2, 17, 1], [10, 4, 11, 3], [8, 6, 9, 5], [22, 8, 23, 7], [20, 9, 21, 10], [11, 15, 12, 14], [13, 19, 14, 18], [24, 16, 1, 15], [17, 13, 18, 12], [2, 20, 3, 19]]"
12n_0163_115,"[[2, 20, 3, 19], [6, 22, 7, 21], [4, 23, 5, 24], [16, 2, 17, 1], [10, 4, 11, 3], [8, 6, 9, 5], [22, 8, 23, 7], [20, 9, 21, 10], [11, 15, 12, 14], [13, 19, 14, 18], [24, 16, 1, 15], [17, 13, 18, 12]]"
12n_0163_116,"[[17, 13, 18, 12], [2, 20, 3, 19], [6, 22, 7, 21], [4, 23, 5, 24], [16, 2, 17, 1], [10, 4, 11, 3], [8, 6, 9, 5], [22, 8, 23, 7], [20, 9, 21, 10], [11, 15, 12, 14], [13, 19, 14, 18], [24, 16, 1, 15]]"
12n_0163_117,"[[24, 16, 1, 15], [17, 13, 18, 12], [2, 20, 3, 19], [6, 22, 7, 21], [4, 23, 5, 24], [16, 2, 17, 1], [10, 4, 11, 3], [8, 6, 9, 5], [22, 8, 23, 7], [20, 9, 21, 10], [11, 15, 12, 14], [13, 19, 14, 18]]"
12n_0163_118,"[[13, 19, 14, 18], [24, 16, 1, 15], [17, 13, 18, 12], [2, 20, 3, 19], [6, 22, 7, 21], [4, 23, 5, 24], [16, 2, 17, 1], [10, 4, 11, 3], [8, 6, 9, 5], [22, 8, 23, 7], [20, 9, 21, 10], [11, 15, 12, 14]]"
12n_0163_119,"[[11, 15, 12, 14], [13, 19, 14, 18], [24, 16, 1, 15], [17, 13, 18, 12], [2, 20, 3, 19], [6, 22, 7, 21], [4, 23, 5, 24], [16, 2, 17, 1], [10, 4, 11, 3], [8, 6, 9, 5], [22, 8, 23, 7], [20, 9, 21, 10]]"
12n_0163_120,"[[21, 10, 22, 11], [12, 16, 13, 15], [14, 20, 15, 19], [1, 17, 2, 16], [18, 14, 19, 13], [3, 21, 4, 20], [7, 23, 8, 22], [5, 24, 6, 1], [17, 3, 18, 2], [11, 5, 12, 4], [9, 7, 10, 6], [23, 9, 24, 8]]"
12n_0163_121,"[[23, 9, 24, 8], [21, 10, 22, 11], [12, 16, 13, 15], [14, 20, 15, 19], [1, 17, 2, 16], [18, 14, 19, 13], [3, 21, 4, 20], [7, 23, 8, 22], [5, 24, 6, 1], [17, 3, 18, 2], [11, 5, 12, 4], [9, 7, 10, 6]]"
12n_0163_122,"[[9, 7, 10, 6], [23, 9, 24, 8], [21, 10, 22, 11], [12, 16, 13, 15], [14, 20, 15, 19], [1, 17, 2, 16], [18, 14, 19, 13], [3, 21, 4, 20], [7, 23, 8, 22], [5, 24, 6, 1], [17, 3, 18, 2], [11, 5, 12, 4]]"
12n_0163_123,"[[11, 5, 12, 4], [9, 7, 10, 6], [23, 9, 24, 8], [21, 10, 22, 11], [12, 16, 13, 15], [14, 20, 15, 19], [1, 17, 2, 16], [18, 14, 19, 13], [3, 21, 4, 20], [7, 23, 8, 22], [5, 24, 6, 1], [17, 3, 18, 2]]"
12n_0163_124,"[[17, 3, 18, 2], [11, 5, 12, 4], [9, 7, 10, 6], [23, 9, 24, 8], [21, 10, 22, 11], [12, 16, 13, 15], [14, 20, 15, 19], [1, 17, 2, 16], [18, 14, 19, 13], [3, 21, 4, 20], [7, 23, 8, 22], [5, 24, 6, 1]]"
12n_0163_125,"[[5, 24, 6, 1], [17, 3, 18, 2], [11, 5, 12, 4], [9, 7, 10, 6], [23, 9, 24, 8], [21, 10, 22, 11], [12, 16, 13, 15], [14, 20, 15, 19], [1, 17, 2, 16], [18, 14, 19, 13], [3, 21, 4, 20], [7, 23, 8, 22]]"
12n_0163_126,"[[7, 23, 8, 22], [5, 24, 6, 1], [17, 3, 18, 2], [11, 5, 12, 4], [9, 7, 10, 6], [23, 9, 24, 8], [21, 10, 22, 11], [12, 16, 13, 15], [14, 20, 15, 19], [1, 17, 2, 16], [18, 14, 19, 13], [3, 21, 4, 20]]"
12n_0163_127,"[[3, 21, 4, 20], [7, 23, 8, 22], [5, 24, 6, 1], [17, 3, 18, 2], [11, 5, 12, 4], [9, 7, 10, 6], [23, 9, 24, 8], [21, 10, 22, 11], [12, 16, 13, 15], [14, 20, 15, 19], [1, 17, 2, 16], [18, 14, 19, 13]]"
12n_0163_128,"[[18, 14, 19, 13], [3, 21, 4, 20], [7, 23, 8, 22], [5, 24, 6, 1], [17, 3, 18, 2], [11, 5, 12, 4], [9, 7, 10, 6], [23, 9, 24, 8], [21, 10, 22, 11], [12, 16, 13, 15], [14, 20, 15, 19], [1, 17, 2, 16]]"
12n_0163_129,"[[1, 17, 2, 16], [18, 14, 19, 13], [3, 21, 4, 20], [7, 23, 8, 22], [5, 24, 6, 1], [17, 3, 18, 2], [11, 5, 12, 4], [9, 7, 10, 6], [23, 9, 24, 8], [21, 10, 22, 11], [12, 16, 13, 15], [14, 20, 15, 19]]"
12n_0163_130,"[[14, 20, 15, 19], [1, 17, 2, 16], [18, 14, 19, 13], [3, 21, 4, 20], [7, 23, 8, 22], [5, 24, 6, 1], [17, 3, 18, 2], [11, 5, 12, 4], [9, 7, 10, 6], [23, 9, 24, 8], [21, 10, 22, 11], [12, 16, 13, 15]]"
12n_0163_131,"[[12, 16, 13, 15], [14, 20, 15, 19], [1, 17, 2, 16], [18, 14, 19, 13], [3, 21, 4, 20], [7, 23, 8, 22], [5, 24, 6, 1], [17, 3, 18, 2], [11, 5, 12, 4], [9, 7, 10, 6], [23, 9, 24, 8], [21, 10, 22, 11]]"
12n_0163_132,"[[22, 11, 23, 12], [13, 17, 14, 16], [15, 21, 16, 20], [2, 18, 3, 17], [19, 15, 20, 14], [4, 22, 5, 21], [8, 24, 9, 23], [6, 1, 7, 2], [18, 4, 19, 3], [12, 6, 13, 5], [10, 8, 11, 7], [24, 10, 1, 9]]"
12n_0163_133,"[[24, 10, 1, 9], [22, 11, 23, 12], [13, 17, 14, 16], [15, 21, 16, 20], [2, 18, 3, 17], [19, 15, 20, 14], [4, 22, 5, 21], [8, 24, 9, 23], [6, 1, 7, 2], [18, 4, 19, 3], [12, 6, 13, 5], [10, 8, 11, 7]]"
12n_0163_134,"[[10, 8, 11, 7], [24, 10, 1, 9], [22, 11, 23, 12], [13, 17, 14, 16], [15, 21, 16, 20], [2, 18, 3, 17], [19, 15, 20, 14], [4, 22, 5, 21], [8, 24, 9, 23], [6, 1, 7, 2], [18, 4, 19, 3], [12, 6, 13, 5]]"
12n_0163_135,"[[12, 6, 13, 5], [10, 8, 11, 7], [24, 10, 1, 9], [22, 11, 23, 12], [13, 17, 14, 16], [15, 21, 16, 20], [2, 18, 3, 17], [19, 15, 20, 14], [4, 22, 5, 21], [8, 24, 9, 23], [6, 1, 7, 2], [18, 4, 19, 3]]"
12n_0163_136,"[[18, 4, 19, 3], [12, 6, 13, 5], [10, 8, 11, 7], [24, 10, 1, 9], [22, 11, 23, 12], [13, 17, 14, 16], [15, 21, 16, 20], [2, 18, 3, 17], [19, 15, 20, 14], [4, 22, 5, 21], [8, 24, 9, 23], [6, 1, 7, 2]]"
12n_0163_137,"[[6, 1, 7, 2], [18, 4, 19, 3], [12, 6, 13, 5], [10, 8, 11, 7], [24, 10, 1, 9], [22, 11, 23, 12], [13, 17, 14, 16], [15, 21, 16, 20], [2, 18, 3, 17], [19, 15, 20, 14], [4, 22, 5, 21], [8, 24, 9, 23]]"
12n_0163_138,"[[8, 24, 9, 23], [6, 1, 7, 2], [18, 4, 19, 3], [12, 6, 13, 5], [10, 8, 11, 7], [24, 10, 1, 9], [22, 11, 23, 12], [13, 17, 14, 16], [15, 21, 16, 20], [2, 18, 3, 17], [19, 15, 20, 14], [4, 22, 5, 21]]"
12n_0163_139,"[[4, 22, 5, 21], [8, 24, 9, 23], [6, 1, 7, 2], [18, 4, 19, 3], [12, 6, 13, 5], [10, 8, 11, 7], [24, 10, 1, 9], [22, 11, 23, 12], [13, 17, 14, 16], [15, 21, 16, 20], [2, 18, 3, 17], [19, 15, 20, 14]]"
12n_0163_140,"[[19, 15, 20, 14], [4, 22, 5, 21], [8, 24, 9, 23], [6, 1, 7, 2], [18, 4, 19, 3], [12, 6, 13, 5], [10, 8, 11, 7], [24, 10, 1, 9], [22, 11, 23, 12], [13, 17, 14, 16], [15, 21, 16, 20], [2, 18, 3, 17]]"
12n_0163_141,"[[2, 18, 3, 17], [19, 15, 20, 14], [4, 22, 5, 21], [8, 24, 9, 23], [6, 1, 7, 2], [18, 4, 19, 3], [12, 6, 13, 5], [10, 8, 11, 7], [24, 10, 1, 9], [22, 11, 23, 12], [13, 17, 14, 16], [15, 21, 16, 20]]"
12n_0163_142,"[[15, 21, 16, 20], [2, 18, 3, 17], [19, 15, 20, 14], [4, 22, 5, 21], [8, 24, 9, 23], [6, 1, 7, 2], [18, 4, 19, 3], [12, 6, 13, 5], [10, 8, 11, 7], [24, 10, 1, 9], [22, 11, 23, 12], [13, 17, 14, 16]]"
12n_0163_143,"[[13, 17, 14, 16], [15, 21, 16, 20], [2, 18, 3, 17], [19, 15, 20, 14], [4, 22, 5, 21], [8, 24, 9, 23], [6, 1, 7, 2], [18, 4, 19, 3], [12, 6, 13, 5], [10, 8, 11, 7], [24, 10, 1, 9], [22, 11, 23, 12]]"
12n_0163_144,"[[23, 12, 24, 13], [14, 18, 15, 17], [16, 22, 17, 21], [3, 19, 4, 18], [20, 16, 21, 15], [5, 23, 6, 22], [9, 1, 10, 24], [7, 2, 8, 3], [19, 5, 20, 4], [13, 7, 14, 6], [11, 9, 12, 8], [1, 11, 2, 10]]"
12n_0163_145,"[[1, 11, 2, 10], [23, 12, 24, 13], [14, 18, 15, 17], [16, 22, 17, 21], [3, 19, 4, 18], [20, 16, 21, 15], [5, 23, 6, 22], [9, 1, 10, 24], [7, 2, 8, 3], [19, 5, 20, 4], [13, 7, 14, 6], [11, 9, 12, 8]]"
12n_0163_146,"[[11, 9, 12, 8], [1, 11, 2, 10], [23, 12, 24, 13], [14, 18, 15, 17], [16, 22, 17, 21], [3, 19, 4, 18], [20, 16, 21, 15], [5, 23, 6, 22], [9, 1, 10, 24], [7, 2, 8, 3], [19, 5, 20, 4], [13, 7, 14, 6]]"
12n_0163_147,"[[13, 7, 14, 6], [11, 9, 12, 8], [1, 11, 2, 10], [23, 12, 24, 13], [14, 18, 15, 17], [16, 22, 17, 21], [3, 19, 4, 18], [20, 16, 21, 15], [5, 23, 6, 22], [9, 1, 10, 24], [7, 2, 8, 3], [19, 5, 20, 4]]"
12n_0163_148,"[[19, 5, 20, 4], [13, 7, 14, 6], [11, 9, 12, 8], [1, 11, 2, 10], [23, 12, 24, 13], [14, 18, 15, 17], [16, 22, 17, 21], [3, 19, 4, 18], [20, 16, 21, 15], [5, 23, 6, 22], [9, 1, 10, 24], [7, 2, 8, 3]]"
12n_0163_149,"[[7, 2, 8, 3], [19, 5, 20, 4], [13, 7, 14, 6], [11, 9, 12, 8], [1, 11, 2, 10], [23, 12, 24, 13], [14, 18, 15, 17], [16, 22, 17, 21], [3, 19, 4, 18], [20, 16, 21, 15], [5, 23, 6, 22], [9, 1, 10, 24]]"
12n_0163_150,"[[9, 1, 10, 24], [7, 2, 8, 3], [19, 5, 20, 4], [13, 7, 14, 6], [11, 9, 12, 8], [1, 11, 2, 10], [23, 12, 24, 13], [14, 18, 15, 17], [16, 22, 17, 21], [3, 19, 4, 18], [20, 16, 21, 15], [5, 23, 6, 22]]"
12n_0163_151,"[[5, 23, 6, 22], [9, 1, 10, 24], [7, 2, 8, 3], [19, 5, 20, 4], [13, 7, 14, 6], [11, 9, 12, 8], [1, 11, 2, 10], [23, 12, 24, 13], [14, 18, 15, 17], [16, 22, 17, 21], [3, 19, 4, 18], [20, 16, 21, 15]]"
12n_0163_152,"[[20, 16, 21, 15], [5, 23, 6, 22], [9, 1, 10, 24], [7, 2, 8, 3], [19, 5, 20, 4], [13, 7, 14, 6], [11, 9, 12, 8], [1, 11, 2, 10], [23, 12, 24, 13], [14, 18, 15, 17], [16, 22, 17, 21], [3, 19, 4, 18]]"
12n_0163_153,"[[3, 19, 4, 18], [20, 16, 21, 15], [5, 23, 6, 22], [9, 1, 10, 24], [7, 2, 8, 3], [19, 5, 20, 4], [13, 7, 14, 6], [11, 9, 12, 8], [1, 11, 2, 10], [23, 12, 24, 13], [14, 18, 15, 17], [16, 22, 17, 21]]"
12n_0163_154,"[[16, 22, 17, 21], [3, 19, 4, 18], [20, 16, 21, 15], [5, 23, 6, 22], [9, 1, 10, 24], [7, 2, 8, 3], [19, 5, 20, 4], [13, 7, 14, 6], [11, 9, 12, 8], [1, 11, 2, 10], [23, 12, 24, 13], [14, 18, 15, 17]]"
12n_0163_155,"[[14, 18, 15, 17], [16, 22, 17, 21], [3, 19, 4, 18], [20, 16, 21, 15], [5, 23, 6, 22], [9, 1, 10, 24], [7, 2, 8, 3], [19, 5, 20, 4], [13, 7, 14, 6], [11, 9, 12, 8], [1, 11, 2, 10], [23, 12, 24, 13]]"
12n_0163_156,"[[24, 13, 1, 14], [15, 19, 16, 18], [17, 23, 18, 22], [4, 20, 5, 19], [21, 17, 22, 16], [6, 24, 7, 23], [10, 2, 11, 1], [8, 3, 9, 4], [20, 6, 21, 5], [14, 8, 15, 7], [12, 10, 13, 9], [2, 12, 3, 11]]"
12n_0163_157,"[[2, 12, 3, 11], [24, 13, 1, 14], [15, 19, 16, 18], [17, 23, 18, 22], [4, 20, 5, 19], [21, 17, 22, 16], [6, 24, 7, 23], [10, 2, 11, 1], [8, 3, 9, 4], [20, 6, 21, 5], [14, 8, 15, 7], [12, 10, 13, 9]]"
12n_0163_158,"[[12, 10, 13, 9], [2, 12, 3, 11], [24, 13, 1, 14], [15, 19, 16, 18], [17, 23, 18, 22], [4, 20, 5, 19], [21, 17, 22, 16], [6, 24, 7, 23], [10, 2, 11, 1], [8, 3, 9, 4], [20, 6, 21, 5], [14, 8, 15, 7]]"
12n_0163_159,"[[14, 8, 15, 7], [12, 10, 13, 9], [2, 12, 3, 11], [24, 13, 1, 14], [15, 19, 16, 18], [17, 23, 18, 22], [4, 20, 5, 19], [21, 17, 22, 16], [6, 24, 7, 23], [10, 2, 11, 1], [8, 3, 9, 4], [20, 6, 21, 5]]"
12n_0163_160,"[[20, 6, 21, 5], [14, 8, 15, 7], [12, 10, 13, 9], [2, 12, 3, 11], [24, 13, 1, 14], [15, 19, 16, 18], [17, 23, 18, 22], [4, 20, 5, 19], [21, 17, 22, 16], [6, 24, 7, 23], [10, 2, 11, 1], [8, 3, 9, 4]]"
12n_0163_161,"[[8, 3, 9, 4], [20, 6, 21, 5], [14, 8, 15, 7], [12, 10, 13, 9], [2, 12, 3, 11], [24, 13, 1, 14], [15, 19, 16, 18], [17, 23, 18, 22], [4, 20, 5, 19], [21, 17, 22, 16], [6, 24, 7, 23], [10, 2, 11, 1]]"
12n_0163_162,"[[10, 2, 11, 1], [8, 3, 9, 4], [20, 6, 21, 5], [14, 8, 15, 7], [12, 10, 13, 9], [2, 12, 3, 11], [24, 13, 1, 14], [15, 19, 16, 18], [17, 23, 18, 22], [4, 20, 5, 19], [21, 17, 22, 16], [6, 24, 7, 23]]"
12n_0163_163,"[[6, 24, 7, 23], [10, 2, 11, 1], [8, 3, 9, 4], [20, 6, 21, 5], [14, 8, 15, 7], [12, 10, 13, 9], [2, 12, 3, 11], [24, 13, 1, 14], [15, 19, 16, 18], [17, 23, 18, 22], [4, 20, 5, 19], [21, 17, 22, 16]]"
12n_0163_164,"[[21, 17, 22, 16], [6, 24, 7, 23], [10, 2, 11, 1], [8, 3, 9, 4], [20, 6, 21, 5], [14, 8, 15, 7], [12, 10, 13, 9], [2, 12, 3, 11], [24, 13, 1, 14], [15, 19, 16, 18], [17, 23, 18, 22], [4, 20, 5, 19]]"
12n_0163_165,"[[4, 20, 5, 19], [21, 17, 22, 16], [6, 24, 7, 23], [10, 2, 11, 1], [8, 3, 9, 4], [20, 6, 21, 5], [14, 8, 15, 7], [12, 10, 13, 9], [2, 12, 3, 11], [24, 13, 1, 14], [15, 19, 16, 18], [17, 23, 18, 22]]"
12n_0163_166,"[[17, 23, 18, 22], [4, 20, 5, 19], [21, 17, 22, 16], [6, 24, 7, 23], [10, 2, 11, 1], [8, 3, 9, 4], [20, 6, 21, 5], [14, 8, 15, 7], [12, 10, 13, 9], [2, 12, 3, 11], [24, 13, 1, 14], [15, 19, 16, 18]]"
12n_0163_167,"[[15, 19, 16, 18], [17, 23, 18, 22], [4, 20, 5, 19], [21, 17, 22, 16], [6, 24, 7, 23], [10, 2, 11, 1], [8, 3, 9, 4], [20, 6, 21, 5], [14, 8, 15, 7], [12, 10, 13, 9], [2, 12, 3, 11], [24, 13, 1, 14]]"
12n_0163_168,"[[1, 14, 2, 15], [16, 20, 17, 19], [18, 24, 19, 23], [5, 21, 6, 20], [22, 18, 23, 17], [7, 1, 8, 24], [11, 3, 12, 2], [9, 4, 10, 5], [21, 7, 22, 6], [15, 9, 16, 8], [13, 11, 14, 10], [3, 13, 4, 12]]"
12n_0163_169,"[[3, 13, 4, 12], [1, 14, 2, 15], [16, 20, 17, 19], [18, 24, 19, 23], [5, 21, 6, 20], [22, 18, 23, 17], [7, 1, 8, 24], [11, 3, 12, 2], [9, 4, 10, 5], [21, 7, 22, 6], [15, 9, 16, 8], [13, 11, 14, 10]]"
12n_0163_170,"[[13, 11, 14, 10], [3, 13, 4, 12], [1, 14, 2, 15], [16, 20, 17, 19], [18, 24, 19, 23], [5, 21, 6, 20], [22, 18, 23, 17], [7, 1, 8, 24], [11, 3, 12, 2], [9, 4, 10, 5], [21, 7, 22, 6], [15, 9, 16, 8]]"
12n_0163_171,"[[15, 9, 16, 8], [13, 11, 14, 10], [3, 13, 4, 12], [1, 14, 2, 15], [16, 20, 17, 19], [18, 24, 19, 23], [5, 21, 6, 20], [22, 18, 23, 17], [7, 1, 8, 24], [11, 3, 12, 2], [9, 4, 10, 5], [21, 7, 22, 6]]"
12n_0163_172,"[[21, 7, 22, 6], [15, 9, 16, 8], [13, 11, 14, 10], [3, 13, 4, 12], [1, 14, 2, 15], [16, 20, 17, 19], [18, 24, 19, 23], [5, 21, 6, 20], [22, 18, 23, 17], [7, 1, 8, 24], [11, 3, 12, 2], [9, 4, 10, 5]]"
12n_0163_173,"[[9, 4, 10, 5], [21, 7, 22, 6], [15, 9, 16, 8], [13, 11, 14, 10], [3, 13, 4, 12], [1, 14, 2, 15], [16, 20, 17, 19], [18, 24, 19, 23], [5, 21, 6, 20], [22, 18, 23, 17], [7, 1, 8, 24], [11, 3, 12, 2]]"
12n_0163_174,"[[11, 3, 12, 2], [9, 4, 10, 5], [21, 7, 22, 6], [15, 9, 16, 8], [13, 11, 14, 10], [3, 13, 4, 12], [1, 14, 2, 15], [16, 20, 17, 19], [18, 24, 19, 23], [5, 21, 6, 20], [22, 18, 23, 17], [7, 1, 8, 24]]"
12n_0163_175,"[[7, 1, 8, 24], [11, 3, 12, 2], [9, 4, 10, 5], [21, 7, 22, 6], [15, 9, 16, 8], [13, 11, 14, 10], [3, 13, 4, 12], [1, 14, 2, 15], [16, 20, 17, 19], [18, 24, 19, 23], [5, 21, 6, 20], [22, 18, 23, 17]]"
12n_0163_176,"[[22, 18, 23, 17], [7, 1, 8, 24], [11, 3, 12, 2], [9, 4, 10, 5], [21, 7, 22, 6], [15, 9, 16, 8], [13, 11, 14, 10], [3, 13, 4, 12], [1, 14, 2, 15], [16, 20, 17, 19], [18, 24, 19, 23], [5, 21, 6, 20]]"
12n_0163_177,"[[5, 21, 6, 20], [22, 18, 23, 17], [7, 1, 8, 24], [11, 3, 12, 2], [9, 4, 10, 5], [21, 7, 22, 6], [15, 9, 16, 8], [13, 11, 14, 10], [3, 13, 4, 12], [1, 14, 2, 15], [16, 20, 17, 19], [18, 24, 19, 23]]"
12n_0163_178,"[[18, 24, 19, 23], [5, 21, 6, 20], [22, 18, 23, 17], [7, 1, 8, 24], [11, 3, 12, 2], [9, 4, 10, 5], [21, 7, 22, 6], [15, 9, 16, 8], [13, 11, 14, 10], [3, 13, 4, 12], [1, 14, 2, 15], [16, 20, 17, 19]]"
12n_0163_179,"[[16, 20, 17, 19], [18, 24, 19, 23], [5, 21, 6, 20], [22, 18, 23, 17], [7, 1, 8, 24], [11, 3, 12, 2], [9, 4, 10, 5], [21, 7, 22, 6], [15, 9, 16, 8], [13, 11, 14, 10], [3, 13, 4, 12], [1, 14, 2, 15]]"
12n_0163_180,"[[2, 15, 3, 16], [17, 21, 18, 20], [19, 1, 20, 24], [6, 22, 7, 21], [23, 19, 24, 18], [8, 2, 9, 1], [12, 4, 13, 3], [10, 5, 11, 6], [22, 8, 23, 7], [16, 10, 17, 9], [14, 12, 15, 11], [4, 14, 5, 13]]"
12n_0163_181,"[[4, 14, 5, 13], [2, 15, 3, 16], [17, 21, 18, 20], [19, 1, 20, 24], [6, 22, 7, 21], [23, 19, 24, 18], [8, 2, 9, 1], [12, 4, 13, 3], [10, 5, 11, 6], [22, 8, 23, 7], [16, 10, 17, 9], [14, 12, 15, 11]]"
12n_0163_182,"[[14, 12, 15, 11], [4, 14, 5, 13], [2, 15, 3, 16], [17, 21, 18, 20], [19, 1, 20, 24], [6, 22, 7, 21], [23, 19, 24, 18], [8, 2, 9, 1], [12, 4, 13, 3], [10, 5, 11, 6], [22, 8, 23, 7], [16, 10, 17, 9]]"
12n_0163_183,"[[16, 10, 17, 9], [14, 12, 15, 11], [4, 14, 5, 13], [2, 15, 3, 16], [17, 21, 18, 20], [19, 1, 20, 24], [6, 22, 7, 21], [23, 19, 24, 18], [8, 2, 9, 1], [12, 4, 13, 3], [10, 5, 11, 6], [22, 8, 23, 7]]"
12n_0163_184,"[[22, 8, 23, 7], [16, 10, 17, 9], [14, 12, 15, 11], [4, 14, 5, 13], [2, 15, 3, 16], [17, 21, 18, 20], [19, 1, 20, 24], [6, 22, 7, 21], [23, 19, 24, 18], [8, 2, 9, 1], [12, 4, 13, 3], [10, 5, 11, 6]]"
12n_0163_185,"[[10, 5, 11, 6], [22, 8, 23, 7], [16, 10, 17, 9], [14, 12, 15, 11], [4, 14, 5, 13], [2, 15, 3, 16], [17, 21, 18, 20], [19, 1, 20, 24], [6, 22, 7, 21], [23, 19, 24, 18], [8, 2, 9, 1], [12, 4, 13, 3]]"
