name,pd_notation
12n_0754_0,"[[24, 17, 1, 18], [2, 8, 3, 7], [4, 12, 5, 11], [6, 16, 7, 15], [8, 19, 9, 20], [10, 6, 11, 5], [21, 13, 22, 12], [14, 4, 15, 3], [16, 23, 17, 24], [18, 1, 19, 2], [13, 21, 14, 20], [22, 9, 23, 10]]"
12n_0754_1,"[[22, 9, 23, 10], [24, 17, 1, 18], [2, 8, 3, 7], [4, 12, 5, 11], [6, 16, 7, 15], [8, 19, 9, 20], [10, 6, 11, 5], [21, 13, 22, 12], [14, 4, 15, 3], [16, 23, 17, 24], [18, 1, 19, 2], [13, 21, 14, 20]]"
12n_0754_2,"[[13, 21, 14, 20], [22, 9, 23, 10], [24, 17, 1, 18], [2, 8, 3, 7], [4, 12, 5, 11], [6, 16, 7, 15], [8, 19, 9, 20], [10, 6, 11, 5], [21, 13, 22, 12], [14, 4, 15, 3], [16, 23, 17, 24], [18, 1, 19, 2]]"
12n_0754_3,"[[18, 1, 19, 2], [13, 21, 14, 20], [22, 9, 23, 10], [24, 17, 1, 18], [2, 8, 3, 7], [4, 12, 5, 11], [6, 16, 7, 15], [8, 19, 9, 20], [10, 6, 11, 5], [21, 13, 22, 12], [14, 4, 15, 3], [16, 23, 17, 24]]"
12n_0754_4,"[[16, 23, 17, 24], [18, 1, 19, 2], [13, 21, 14, 20], [22, 9, 23, 10], [24, 17, 1, 18], [2, 8, 3, 7], [4, 12, 5, 11], [6, 16, 7, 15], [8, 19, 9, 20], [10, 6, 11, 5], [21, 13, 22, 12], [14, 4, 15, 3]]"
12n_0754_5,"[[14, 4, 15, 3], [16, 23, 17, 24], [18, 1, 19, 2], [13, 21, 14, 20], [22, 9, 23, 10], [24, 17, 1, 18], [2, 8, 3, 7], [4, 12, 5, 11], [6, 16, 7, 15], [8, 19, 9, 20], [10, 6, 11, 5], [21, 13, 22, 12]]"
12n_0754_6,"[[21, 13, 22, 12], [14, 4, 15, 3], [16, 23, 17, 24], [18, 1, 19, 2], [13, 21, 14, 20], [22, 9, 23, 10], [24, 17, 1, 18], [2, 8, 3, 7], [4, 12, 5, 11], [6, 16, 7, 15], [8, 19, 9, 20], [10, 6, 11, 5]]"
12n_0754_7,"[[10, 6, 11, 5], [21, 13, 22, 12], [14, 4, 15, 3], [16, 23, 17, 24], [18, 1, 19, 2], [13, 21, 14, 20], [22, 9, 23, 10], [24, 17, 1, 18], [2, 8, 3, 7], [4, 12, 5, 11], [6, 16, 7, 15], [8, 19, 9, 20]]"
12n_0754_8,"[[8, 19, 9, 20], [10, 6, 11, 5], [21, 13, 22, 12], [14, 4, 15, 3], [16, 23, 17, 24], [18, 1, 19, 2], [13, 21, 14, 20], [22, 9, 23, 10], [24, 17, 1, 18], [2, 8, 3, 7], [4, 12, 5, 11], [6, 16, 7, 15]]"
12n_0754_9,"[[6, 16, 7, 15], [8, 19, 9, 20], [10, 6, 11, 5], [21, 13, 22, 12], [14, 4, 15, 3], [16, 23, 17, 24], [18, 1, 19, 2], [13, 21, 14, 20], [22, 9, 23, 10], [24, 17, 1, 18], [2, 8, 3, 7], [4, 12, 5, 11]]"
12n_0754_10,"[[4, 12, 5, 11], [6, 16, 7, 15], [8, 19, 9, 20], [10, 6, 11, 5], [21, 13, 22, 12], [14, 4, 15, 3], [16, 23, 17, 24], [18, 1, 19, 2], [13, 21, 14, 20], [22, 9, 23, 10], [24, 17, 1, 18], [2, 8, 3, 7]]"
12n_0754_11,"[[2, 8, 3, 7], [4, 12, 5, 11], [6, 16, 7, 15], [8, 19, 9, 20], [10, 6, 11, 5], [21, 13, 22, 12], [14, 4, 15, 3], [16, 23, 17, 24], [18, 1, 19, 2], [13, 21, 14, 20], [22, 9, 23, 10], [24, 17, 1, 18]]"
12n_0754_12,"[[1, 18, 2, 19], [3, 9, 4, 8], [5, 13, 6, 12], [7, 17, 8, 16], [9, 20, 10, 21], [11, 7, 12, 6], [22, 14, 23, 13], [15, 5, 16, 4], [17, 24, 18, 1], [19, 2, 20, 3], [14, 22, 15, 21], [23, 10, 24, 11]]"
12n_0754_13,"[[23, 10, 24, 11], [1, 18, 2, 19], [3, 9, 4, 8], [5, 13, 6, 12], [7, 17, 8, 16], [9, 20, 10, 21], [11, 7, 12, 6], [22, 14, 23, 13], [15, 5, 16, 4], [17, 24, 18, 1], [19, 2, 20, 3], [14, 22, 15, 21]]"
12n_0754_14,"[[14, 22, 15, 21], [23, 10, 24, 11], [1, 18, 2, 19], [3, 9, 4, 8], [5, 13, 6, 12], [7, 17, 8, 16], [9, 20, 10, 21], [11, 7, 12, 6], [22, 14, 23, 13], [15, 5, 16, 4], [17, 24, 18, 1], [19, 2, 20, 3]]"
12n_0754_15,"[[19, 2, 20, 3], [14, 22, 15, 21], [23, 10, 24, 11], [1, 18, 2, 19], [3, 9, 4, 8], [5, 13, 6, 12], [7, 17, 8, 16], [9, 20, 10, 21], [11, 7, 12, 6], [22, 14, 23, 13], [15, 5, 16, 4], [17, 24, 18, 1]]"
12n_0754_16,"[[17, 24, 18, 1], [19, 2, 20, 3], [14, 22, 15, 21], [23, 10, 24, 11], [1, 18, 2, 19], [3, 9, 4, 8], [5, 13, 6, 12], [7, 17, 8, 16], [9, 20, 10, 21], [11, 7, 12, 6], [22, 14, 23, 13], [15, 5, 16, 4]]"
12n_0754_17,"[[15, 5, 16, 4], [17, 24, 18, 1], [19, 2, 20, 3], [14, 22, 15, 21], [23, 10, 24, 11], [1, 18, 2, 19], [3, 9, 4, 8], [5, 13, 6, 12], [7, 17, 8, 16], [9, 20, 10, 21], [11, 7, 12, 6], [22, 14, 23, 13]]"
12n_0754_18,"[[22, 14, 23, 13], [15, 5, 16, 4], [17, 24, 18, 1], [19, 2, 20, 3], [14, 22, 15, 21], [23, 10, 24, 11], [1, 18, 2, 19], [3, 9, 4, 8], [5, 13, 6, 12], [7, 17, 8, 16], [9, 20, 10, 21], [11, 7, 12, 6]]"
12n_0754_19,"[[11, 7, 12, 6], [22, 14, 23, 13], [15, 5, 16, 4], [17, 24, 18, 1], [19, 2, 20, 3], [14, 22, 15, 21], [23, 10, 24, 11], [1, 18, 2, 19], [3, 9, 4, 8], [5, 13, 6, 12], [7, 17, 8, 16], [9, 20, 10, 21]]"
12n_0754_20,"[[9, 20, 10, 21], [11, 7, 12, 6], [22, 14, 23, 13], [15, 5, 16, 4], [17, 24, 18, 1], [19, 2, 20, 3], [14, 22, 15, 21], [23, 10, 24, 11], [1, 18, 2, 19], [3, 9, 4, 8], [5, 13, 6, 12], [7, 17, 8, 16]]"
12n_0754_21,"[[7, 17, 8, 16], [9, 20, 10, 21], [11, 7, 12, 6], [22, 14, 23, 13], [15, 5, 16, 4], [17, 24, 18, 1], [19, 2, 20, 3], [14, 22, 15, 21], [23, 10, 24, 11], [1, 18, 2, 19], [3, 9, 4, 8], [5, 13, 6, 12]]"
12n_0754_22,"[[5, 13, 6, 12], [7, 17, 8, 16], [9, 20, 10, 21], [11, 7, 12, 6], [22, 14, 23, 13], [15, 5, 16, 4], [17, 24, 18, 1], [19, 2, 20, 3], [14, 22, 15, 21], [23, 10, 24, 11], [1, 18, 2, 19], [3, 9, 4, 8]]"
12n_0754_23,"[[3, 9, 4, 8], [5, 13, 6, 12], [7, 17, 8, 16], [9, 20, 10, 21], [11, 7, 12, 6], [22, 14, 23, 13], [15, 5, 16, 4], [17, 24, 18, 1], [19, 2, 20, 3], [14, 22, 15, 21], [23, 10, 24, 11], [1, 18, 2, 19]]"
12n_0754_24,"[[2, 19, 3, 20], [4, 10, 5, 9], [6, 14, 7, 13], [8, 18, 9, 17], [10, 21, 11, 22], [12, 8, 13, 7], [23, 15, 24, 14], [16, 6, 17, 5], [18, 1, 19, 2], [20, 3, 21, 4], [15, 23, 16, 22], [24, 11, 1, 12]]"
12n_0754_25,"[[24, 11, 1, 12], [2, 19, 3, 20], [4, 10, 5, 9], [6, 14, 7, 13], [8, 18, 9, 17], [10, 21, 11, 22], [12, 8, 13, 7], [23, 15, 24, 14], [16, 6, 17, 5], [18, 1, 19, 2], [20, 3, 21, 4], [15, 23, 16, 22]]"
12n_0754_26,"[[15, 23, 16, 22], [24, 11, 1, 12], [2, 19, 3, 20], [4, 10, 5, 9], [6, 14, 7, 13], [8, 18, 9, 17], [10, 21, 11, 22], [12, 8, 13, 7], [23, 15, 24, 14], [16, 6, 17, 5], [18, 1, 19, 2], [20, 3, 21, 4]]"
12n_0754_27,"[[20, 3, 21, 4], [15, 23, 16, 22], [24, 11, 1, 12], [2, 19, 3, 20], [4, 10, 5, 9], [6, 14, 7, 13], [8, 18, 9, 17], [10, 21, 11, 22], [12, 8, 13, 7], [23, 15, 24, 14], [16, 6, 17, 5], [18, 1, 19, 2]]"
12n_0754_28,"[[18, 1, 19, 2], [20, 3, 21, 4], [15, 23, 16, 22], [24, 11, 1, 12], [2, 19, 3, 20], [4, 10, 5, 9], [6, 14, 7, 13], [8, 18, 9, 17], [10, 21, 11, 22], [12, 8, 13, 7], [23, 15, 24, 14], [16, 6, 17, 5]]"
12n_0754_29,"[[16, 6, 17, 5], [18, 1, 19, 2], [20, 3, 21, 4], [15, 23, 16, 22], [24, 11, 1, 12], [2, 19, 3, 20], [4, 10, 5, 9], [6, 14, 7, 13], [8, 18, 9, 17], [10, 21, 11, 22], [12, 8, 13, 7], [23, 15, 24, 14]]"
12n_0754_30,"[[23, 15, 24, 14], [16, 6, 17, 5], [18, 1, 19, 2], [20, 3, 21, 4], [15, 23, 16, 22], [24, 11, 1, 12], [2, 19, 3, 20], [4, 10, 5, 9], [6, 14, 7, 13], [8, 18, 9, 17], [10, 21, 11, 22], [12, 8, 13, 7]]"
12n_0754_31,"[[12, 8, 13, 7], [23, 15, 24, 14], [16, 6, 17, 5], [18, 1, 19, 2], [20, 3, 21, 4], [15, 23, 16, 22], [24, 11, 1, 12], [2, 19, 3, 20], [4, 10, 5, 9], [6, 14, 7, 13], [8, 18, 9, 17], [10, 21, 11, 22]]"
12n_0754_32,"[[10, 21, 11, 22], [12, 8, 13, 7], [23, 15, 24, 14], [16, 6, 17, 5], [18, 1, 19, 2], [20, 3, 21, 4], [15, 23, 16, 22], [24, 11, 1, 12], [2, 19, 3, 20], [4, 10, 5, 9], [6, 14, 7, 13], [8, 18, 9, 17]]"
12n_0754_33,"[[8, 18, 9, 17], [10, 21, 11, 22], [12, 8, 13, 7], [23, 15, 24, 14], [16, 6, 17, 5], [18, 1, 19, 2], [20, 3, 21, 4], [15, 23, 16, 22], [24, 11, 1, 12], [2, 19, 3, 20], [4, 10, 5, 9], [6, 14, 7, 13]]"
12n_0754_34,"[[6, 14, 7, 13], [8, 18, 9, 17], [10, 21, 11, 22], [12, 8, 13, 7], [23, 15, 24, 14], [16, 6, 17, 5], [18, 1, 19, 2], [20, 3, 21, 4], [15, 23, 16, 22], [24, 11, 1, 12], [2, 19, 3, 20], [4, 10, 5, 9]]"
12n_0754_35,"[[4, 10, 5, 9], [6, 14, 7, 13], [8, 18, 9, 17], [10, 21, 11, 22], [12, 8, 13, 7], [23, 15, 24, 14], [16, 6, 17, 5], [18, 1, 19, 2], [20, 3, 21, 4], [15, 23, 16, 22], [24, 11, 1, 12], [2, 19, 3, 20]]"
12n_0754_36,"[[3, 20, 4, 21], [5, 11, 6, 10], [7, 15, 8, 14], [9, 19, 10, 18], [11, 22, 12, 23], [13, 9, 14, 8], [24, 16, 1, 15], [17, 7, 18, 6], [19, 2, 20, 3], [21, 4, 22, 5], [16, 24, 17, 23], [1, 12, 2, 13]]"
12n_0754_37,"[[1, 12, 2, 13], [3, 20, 4, 21], [5, 11, 6, 10], [7, 15, 8, 14], [9, 19, 10, 18], [11, 22, 12, 23], [13, 9, 14, 8], [24, 16, 1, 15], [17, 7, 18, 6], [19, 2, 20, 3], [21, 4, 22, 5], [16, 24, 17, 23]]"
12n_0754_38,"[[16, 24, 17, 23], [1, 12, 2, 13], [3, 20, 4, 21], [5, 11, 6, 10], [7, 15, 8, 14], [9, 19, 10, 18], [11, 22, 12, 23], [13, 9, 14, 8], [24, 16, 1, 15], [17, 7, 18, 6], [19, 2, 20, 3], [21, 4, 22, 5]]"
12n_0754_39,"[[21, 4, 22, 5], [16, 24, 17, 23], [1, 12, 2, 13], [3, 20, 4, 21], [5, 11, 6, 10], [7, 15, 8, 14], [9, 19, 10, 18], [11, 22, 12, 23], [13, 9, 14, 8], [24, 16, 1, 15], [17, 7, 18, 6], [19, 2, 20, 3]]"
12n_0754_40,"[[19, 2, 20, 3], [21, 4, 22, 5], [16, 24, 17, 23], [1, 12, 2, 13], [3, 20, 4, 21], [5, 11, 6, 10], [7, 15, 8, 14], [9, 19, 10, 18], [11, 22, 12, 23], [13, 9, 14, 8], [24, 16, 1, 15], [17, 7, 18, 6]]"
12n_0754_41,"[[17, 7, 18, 6], [19, 2, 20, 3], [21, 4, 22, 5], [16, 24, 17, 23], [1, 12, 2, 13], [3, 20, 4, 21], [5, 11, 6, 10], [7, 15, 8, 14], [9, 19, 10, 18], [11, 22, 12, 23], [13, 9, 14, 8], [24, 16, 1, 15]]"
12n_0754_42,"[[24, 16, 1, 15], [17, 7, 18, 6], [19, 2, 20, 3], [21, 4, 22, 5], [16, 24, 17, 23], [1, 12, 2, 13], [3, 20, 4, 21], [5, 11, 6, 10], [7, 15, 8, 14], [9, 19, 10, 18], [11, 22, 12, 23], [13, 9, 14, 8]]"
12n_0754_43,"[[13, 9, 14, 8], [24, 16, 1, 15], [17, 7, 18, 6], [19, 2, 20, 3], [21, 4, 22, 5], [16, 24, 17, 23], [1, 12, 2, 13], [3, 20, 4, 21], [5, 11, 6, 10], [7, 15, 8, 14], [9, 19, 10, 18], [11, 22, 12, 23]]"
12n_0754_44,"[[11, 22, 12, 23], [13, 9, 14, 8], [24, 16, 1, 15], [17, 7, 18, 6], [19, 2, 20, 3], [21, 4, 22, 5], [16, 24, 17, 23], [1, 12, 2, 13], [3, 20, 4, 21], [5, 11, 6, 10], [7, 15, 8, 14], [9, 19, 10, 18]]"
12n_0754_45,"[[9, 19, 10, 18], [11, 22, 12, 23], [13, 9, 14, 8], [24, 16, 1, 15], [17, 7, 18, 6], [19, 2, 20, 3], [21, 4, 22, 5], [16, 24, 17, 23], [1, 12, 2, 13], [3, 20, 4, 21], [5, 11, 6, 10], [7, 15, 8, 14]]"
12n_0754_46,"[[7, 15, 8, 14], [9, 19, 10, 18], [11, 22, 12, 23], [13, 9, 14, 8], [24, 16, 1, 15], [17, 7, 18, 6], [19, 2, 20, 3], [21, 4, 22, 5], [16, 24, 17, 23], [1, 12, 2, 13], [3, 20, 4, 21], [5, 11, 6, 10]]"
12n_0754_47,"[[5, 11, 6, 10], [7, 15, 8, 14], [9, 19, 10, 18], [11, 22, 12, 23], [13, 9, 14, 8], [24, 16, 1, 15], [17, 7, 18, 6], [19, 2, 20, 3], [21, 4, 22, 5], [16, 24, 17, 23], [1, 12, 2, 13], [3, 20, 4, 21]]"
12n_0754_48,"[[4, 21, 5, 22], [6, 12, 7, 11], [8, 16, 9, 15], [10, 20, 11, 19], [12, 23, 13, 24], [14, 10, 15, 9], [1, 17, 2, 16], [18, 8, 19, 7], [20, 3, 21, 4], [22, 5, 23, 6], [17, 1, 18, 24], [2, 13, 3, 14]]"
12n_0754_49,"[[2, 13, 3, 14], [4, 21, 5, 22], [6, 12, 7, 11], [8, 16, 9, 15], [10, 20, 11, 19], [12, 23, 13, 24], [14, 10, 15, 9], [1, 17, 2, 16], [18, 8, 19, 7], [20, 3, 21, 4], [22, 5, 23, 6], [17, 1, 18, 24]]"
12n_0754_50,"[[17, 1, 18, 24], [2, 13, 3, 14], [4, 21, 5, 22], [6, 12, 7, 11], [8, 16, 9, 15], [10, 20, 11, 19], [12, 23, 13, 24], [14, 10, 15, 9], [1, 17, 2, 16], [18, 8, 19, 7], [20, 3, 21, 4], [22, 5, 23, 6]]"
12n_0754_51,"[[22, 5, 23, 6], [17, 1, 18, 24], [2, 13, 3, 14], [4, 21, 5, 22], [6, 12, 7, 11], [8, 16, 9, 15], [10, 20, 11, 19], [12, 23, 13, 24], [14, 10, 15, 9], [1, 17, 2, 16], [18, 8, 19, 7], [20, 3, 21, 4]]"
12n_0754_52,"[[20, 3, 21, 4], [22, 5, 23, 6], [17, 1, 18, 24], [2, 13, 3, 14], [4, 21, 5, 22], [6, 12, 7, 11], [8, 16, 9, 15], [10, 20, 11, 19], [12, 23, 13, 24], [14, 10, 15, 9], [1, 17, 2, 16], [18, 8, 19, 7]]"
12n_0754_53,"[[18, 8, 19, 7], [20, 3, 21, 4], [22, 5, 23, 6], [17, 1, 18, 24], [2, 13, 3, 14], [4, 21, 5, 22], [6, 12, 7, 11], [8, 16, 9, 15], [10, 20, 11, 19], [12, 23, 13, 24], [14, 10, 15, 9], [1, 17, 2, 16]]"
12n_0754_54,"[[1, 17, 2, 16], [18, 8, 19, 7], [20, 3, 21, 4], [22, 5, 23, 6], [17, 1, 18, 24], [2, 13, 3, 14], [4, 21, 5, 22], [6, 12, 7, 11], [8, 16, 9, 15], [10, 20, 11, 19], [12, 23, 13, 24], [14, 10, 15, 9]]"
12n_0754_55,"[[14, 10, 15, 9], [1, 17, 2, 16], [18, 8, 19, 7], [20, 3, 21, 4], [22, 5, 23, 6], [17, 1, 18, 24], [2, 13, 3, 14], [4, 21, 5, 22], [6, 12, 7, 11], [8, 16, 9, 15], [10, 20, 11, 19], [12, 23, 13, 24]]"
12n_0754_56,"[[12, 23, 13, 24], [14, 10, 15, 9], [1, 17, 2, 16], [18, 8, 19, 7], [20, 3, 21, 4], [22, 5, 23, 6], [17, 1, 18, 24], [2, 13, 3, 14], [4, 21, 5, 22], [6, 12, 7, 11], [8, 16, 9, 15], [10, 20, 11, 19]]"
12n_0754_57,"[[10, 20, 11, 19], [12, 23, 13, 24], [14, 10, 15, 9], [1, 17, 2, 16], [18, 8, 19, 7], [20, 3, 21, 4], [22, 5, 23, 6], [17, 1, 18, 24], [2, 13, 3, 14], [4, 21, 5, 22], [6, 12, 7, 11], [8, 16, 9, 15]]"
12n_0754_58,"[[8, 16, 9, 15], [10, 20, 11, 19], [12, 23, 13, 24], [14, 10, 15, 9], [1, 17, 2, 16], [18, 8, 19, 7], [20, 3, 21, 4], [22, 5, 23, 6], [17, 1, 18, 24], [2, 13, 3, 14], [4, 21, 5, 22], [6, 12, 7, 11]]"
12n_0754_59,"[[6, 12, 7, 11], [8, 16, 9, 15], [10, 20, 11, 19], [12, 23, 13, 24], [14, 10, 15, 9], [1, 17, 2, 16], [18, 8, 19, 7], [20, 3, 21, 4], [22, 5, 23, 6], [17, 1, 18, 24], [2, 13, 3, 14], [4, 21, 5, 22]]"
12n_0754_60,"[[5, 22, 6, 23], [7, 13, 8, 12], [9, 17, 10, 16], [11, 21, 12, 20], [13, 24, 14, 1], [15, 11, 16, 10], [2, 18, 3, 17], [19, 9, 20, 8], [21, 4, 22, 5], [23, 6, 24, 7], [18, 2, 19, 1], [3, 14, 4, 15]]"
12n_0754_61,"[[3, 14, 4, 15], [5, 22, 6, 23], [7, 13, 8, 12], [9, 17, 10, 16], [11, 21, 12, 20], [13, 24, 14, 1], [15, 11, 16, 10], [2, 18, 3, 17], [19, 9, 20, 8], [21, 4, 22, 5], [23, 6, 24, 7], [18, 2, 19, 1]]"
12n_0754_62,"[[18, 2, 19, 1], [3, 14, 4, 15], [5, 22, 6, 23], [7, 13, 8, 12], [9, 17, 10, 16], [11, 21, 12, 20], [13, 24, 14, 1], [15, 11, 16, 10], [2, 18, 3, 17], [19, 9, 20, 8], [21, 4, 22, 5], [23, 6, 24, 7]]"
12n_0754_63,"[[23, 6, 24, 7], [18, 2, 19, 1], [3, 14, 4, 15], [5, 22, 6, 23], [7, 13, 8, 12], [9, 17, 10, 16], [11, 21, 12, 20], [13, 24, 14, 1], [15, 11, 16, 10], [2, 18, 3, 17], [19, 9, 20, 8], [21, 4, 22, 5]]"
12n_0754_64,"[[21, 4, 22, 5], [23, 6, 24, 7], [18, 2, 19, 1], [3, 14, 4, 15], [5, 22, 6, 23], [7, 13, 8, 12], [9, 17, 10, 16], [11, 21, 12, 20], [13, 24, 14, 1], [15, 11, 16, 10], [2, 18, 3, 17], [19, 9, 20, 8]]"
12n_0754_65,"[[19, 9, 20, 8], [21, 4, 22, 5], [23, 6, 24, 7], [18, 2, 19, 1], [3, 14, 4, 15], [5, 22, 6, 23], [7, 13, 8, 12], [9, 17, 10, 16], [11, 21, 12, 20], [13, 24, 14, 1], [15, 11, 16, 10], [2, 18, 3, 17]]"
12n_0754_66,"[[2, 18, 3, 17], [19, 9, 20, 8], [21, 4, 22, 5], [23, 6, 24, 7], [18, 2, 19, 1], [3, 14, 4, 15], [5, 22, 6, 23], [7, 13, 8, 12], [9, 17, 10, 16], [11, 21, 12, 20], [13, 24, 14, 1], [15, 11, 16, 10]]"
12n_0754_67,"[[15, 11, 16, 10], [2, 18, 3, 17], [19, 9, 20, 8], [21, 4, 22, 5], [23, 6, 24, 7], [18, 2, 19, 1], [3, 14, 4, 15], [5, 22, 6, 23], [7, 13, 8, 12], [9, 17, 10, 16], [11, 21, 12, 20], [13, 24, 14, 1]]"
12n_0754_68,"[[13, 24, 14, 1], [15, 11, 16, 10], [2, 18, 3, 17], [19, 9, 20, 8], [21, 4, 22, 5], [23, 6, 24, 7], [18, 2, 19, 1], [3, 14, 4, 15], [5, 22, 6, 23], [7, 13, 8, 12], [9, 17, 10, 16], [11, 21, 12, 20]]"
12n_0754_69,"[[11, 21, 12, 20], [13, 24, 14, 1], [15, 11, 16, 10], [2, 18, 3, 17], [19, 9, 20, 8], [21, 4, 22, 5], [23, 6, 24, 7], [18, 2, 19, 1], [3, 14, 4, 15], [5, 22, 6, 23], [7, 13, 8, 12], [9, 17, 10, 16]]"
12n_0754_70,"[[9, 17, 10, 16], [11, 21, 12, 20], [13, 24, 14, 1], [15, 11, 16, 10], [2, 18, 3, 17], [19, 9, 20, 8], [21, 4, 22, 5], [23, 6, 24, 7], [18, 2, 19, 1], [3, 14, 4, 15], [5, 22, 6, 23], [7, 13, 8, 12]]"
12n_0754_71,"[[7, 13, 8, 12], [9, 17, 10, 16], [11, 21, 12, 20], [13, 24, 14, 1], [15, 11, 16, 10], [2, 18, 3, 17], [19, 9, 20, 8], [21, 4, 22, 5], [23, 6, 24, 7], [18, 2, 19, 1], [3, 14, 4, 15], [5, 22, 6, 23]]"
12n_0754_72,"[[6, 23, 7, 24], [8, 14, 9, 13], [10, 18, 11, 17], [12, 22, 13, 21], [14, 1, 15, 2], [16, 12, 17, 11], [3, 19, 4, 18], [20, 10, 21, 9], [22, 5, 23, 6], [24, 7, 1, 8], [19, 3, 20, 2], [4, 15, 5, 16]]"
12n_0754_73,"[[4, 15, 5, 16], [6, 23, 7, 24], [8, 14, 9, 13], [10, 18, 11, 17], [12, 22, 13, 21], [14, 1, 15, 2], [16, 12, 17, 11], [3, 19, 4, 18], [20, 10, 21, 9], [22, 5, 23, 6], [24, 7, 1, 8], [19, 3, 20, 2]]"
12n_0754_74,"[[19, 3, 20, 2], [4, 15, 5, 16], [6, 23, 7, 24], [8, 14, 9, 13], [10, 18, 11, 17], [12, 22, 13, 21], [14, 1, 15, 2], [16, 12, 17, 11], [3, 19, 4, 18], [20, 10, 21, 9], [22, 5, 23, 6], [24, 7, 1, 8]]"
12n_0754_75,"[[24, 7, 1, 8], [19, 3, 20, 2], [4, 15, 5, 16], [6, 23, 7, 24], [8, 14, 9, 13], [10, 18, 11, 17], [12, 22, 13, 21], [14, 1, 15, 2], [16, 12, 17, 11], [3, 19, 4, 18], [20, 10, 21, 9], [22, 5, 23, 6]]"
12n_0754_76,"[[22, 5, 23, 6], [24, 7, 1, 8], [19, 3, 20, 2], [4, 15, 5, 16], [6, 23, 7, 24], [8, 14, 9, 13], [10, 18, 11, 17], [12, 22, 13, 21], [14, 1, 15, 2], [16, 12, 17, 11], [3, 19, 4, 18], [20, 10, 21, 9]]"
12n_0754_77,"[[20, 10, 21, 9], [22, 5, 23, 6], [24, 7, 1, 8], [19, 3, 20, 2], [4, 15, 5, 16], [6, 23, 7, 24], [8, 14, 9, 13], [10, 18, 11, 17], [12, 22, 13, 21], [14, 1, 15, 2], [16, 12, 17, 11], [3, 19, 4, 18]]"
12n_0754_78,"[[3, 19, 4, 18], [20, 10, 21, 9], [22, 5, 23, 6], [24, 7, 1, 8], [19, 3, 20, 2], [4, 15, 5, 16], [6, 23, 7, 24], [8, 14, 9, 13], [10, 18, 11, 17], [12, 22, 13, 21], [14, 1, 15, 2], [16, 12, 17, 11]]"
12n_0754_79,"[[16, 12, 17, 11], [3, 19, 4, 18], [20, 10, 21, 9], [22, 5, 23, 6], [24, 7, 1, 8], [19, 3, 20, 2], [4, 15, 5, 16], [6, 23, 7, 24], [8, 14, 9, 13], [10, 18, 11, 17], [12, 22, 13, 21], [14, 1, 15, 2]]"
12n_0754_80,"[[14, 1, 15, 2], [16, 12, 17, 11], [3, 19, 4, 18], [20, 10, 21, 9], [22, 5, 23, 6], [24, 7, 1, 8], [19, 3, 20, 2], [4, 15, 5, 16], [6, 23, 7, 24], [8, 14, 9, 13], [10, 18, 11, 17], [12, 22, 13, 21]]"
12n_0754_81,"[[12, 22, 13, 21], [14, 1, 15, 2], [16, 12, 17, 11], [3, 19, 4, 18], [20, 10, 21, 9], [22, 5, 23, 6], [24, 7, 1, 8], [19, 3, 20, 2], [4, 15, 5, 16], [6, 23, 7, 24], [8, 14, 9, 13], [10, 18, 11, 17]]"
12n_0754_82,"[[10, 18, 11, 17], [12, 22, 13, 21], [14, 1, 15, 2], [16, 12, 17, 11], [3, 19, 4, 18], [20, 10, 21, 9], [22, 5, 23, 6], [24, 7, 1, 8], [19, 3, 20, 2], [4, 15, 5, 16], [6, 23, 7, 24], [8, 14, 9, 13]]"
12n_0754_83,"[[8, 14, 9, 13], [10, 18, 11, 17], [12, 22, 13, 21], [14, 1, 15, 2], [16, 12, 17, 11], [3, 19, 4, 18], [20, 10, 21, 9], [22, 5, 23, 6], [24, 7, 1, 8], [19, 3, 20, 2], [4, 15, 5, 16], [6, 23, 7, 24]]"
12n_0754_84,"[[7, 24, 8, 1], [9, 15, 10, 14], [11, 19, 12, 18], [13, 23, 14, 22], [15, 2, 16, 3], [17, 13, 18, 12], [4, 20, 5, 19], [21, 11, 22, 10], [23, 6, 24, 7], [1, 8, 2, 9], [20, 4, 21, 3], [5, 16, 6, 17]]"
12n_0754_85,"[[5, 16, 6, 17], [7, 24, 8, 1], [9, 15, 10, 14], [11, 19, 12, 18], [13, 23, 14, 22], [15, 2, 16, 3], [17, 13, 18, 12], [4, 20, 5, 19], [21, 11, 22, 10], [23, 6, 24, 7], [1, 8, 2, 9], [20, 4, 21, 3]]"
12n_0754_86,"[[20, 4, 21, 3], [5, 16, 6, 17], [7, 24, 8, 1], [9, 15, 10, 14], [11, 19, 12, 18], [13, 23, 14, 22], [15, 2, 16, 3], [17, 13, 18, 12], [4, 20, 5, 19], [21, 11, 22, 10], [23, 6, 24, 7], [1, 8, 2, 9]]"
12n_0754_87,"[[1, 8, 2, 9], [20, 4, 21, 3], [5, 16, 6, 17], [7, 24, 8, 1], [9, 15, 10, 14], [11, 19, 12, 18], [13, 23, 14, 22], [15, 2, 16, 3], [17, 13, 18, 12], [4, 20, 5, 19], [21, 11, 22, 10], [23, 6, 24, 7]]"
12n_0754_88,"[[23, 6, 24, 7], [1, 8, 2, 9], [20, 4, 21, 3], [5, 16, 6, 17], [7, 24, 8, 1], [9, 15, 10, 14], [11, 19, 12, 18], [13, 23, 14, 22], [15, 2, 16, 3], [17, 13, 18, 12], [4, 20, 5, 19], [21, 11, 22, 10]]"
12n_0754_89,"[[21, 11, 22, 10], [23, 6, 24, 7], [1, 8, 2, 9], [20, 4, 21, 3], [5, 16, 6, 17], [7, 24, 8, 1], [9, 15, 10, 14], [11, 19, 12, 18], [13, 23, 14, 22], [15, 2, 16, 3], [17, 13, 18, 12], [4, 20, 5, 19]]"
12n_0754_90,"[[4, 20, 5, 19], [21, 11, 22, 10], [23, 6, 24, 7], [1, 8, 2, 9], [20, 4, 21, 3], [5, 16, 6, 17], [7, 24, 8, 1], [9, 15, 10, 14], [11, 19, 12, 18], [13, 23, 14, 22], [15, 2, 16, 3], [17, 13, 18, 12]]"
12n_0754_91,"[[17, 13, 18, 12], [4, 20, 5, 19], [21, 11, 22, 10], [23, 6, 24, 7], [1, 8, 2, 9], [20, 4, 21, 3], [5, 16, 6, 17], [7, 24, 8, 1], [9, 15, 10, 14], [11, 19, 12, 18], [13, 23, 14, 22], [15, 2, 16, 3]]"
12n_0754_92,"[[15, 2, 16, 3], [17, 13, 18, 12], [4, 20, 5, 19], [21, 11, 22, 10], [23, 6, 24, 7], [1, 8, 2, 9], [20, 4, 21, 3], [5, 16, 6, 17], [7, 24, 8, 1], [9, 15, 10, 14], [11, 19, 12, 18], [13, 23, 14, 22]]"
12n_0754_93,"[[13, 23, 14, 22], [15, 2, 16, 3], [17, 13, 18, 12], [4, 20, 5, 19], [21, 11, 22, 10], [23, 6, 24, 7], [1, 8, 2, 9], [20, 4, 21, 3], [5, 16, 6, 17], [7, 24, 8, 1], [9, 15, 10, 14], [11, 19, 12, 18]]"
12n_0754_94,"[[11, 19, 12, 18], [13, 23, 14, 22], [15, 2, 16, 3], [17, 13, 18, 12], [4, 20, 5, 19], [21, 11, 22, 10], [23, 6, 24, 7], [1, 8, 2, 9], [20, 4, 21, 3], [5, 16, 6, 17], [7, 24, 8, 1], [9, 15, 10, 14]]"
12n_0754_95,"[[9, 15, 10, 14], [11, 19, 12, 18], [13, 23, 14, 22], [15, 2, 16, 3], [17, 13, 18, 12], [4, 20, 5, 19], [21, 11, 22, 10], [23, 6, 24, 7], [1, 8, 2, 9], [20, 4, 21, 3], [5, 16, 6, 17], [7, 24, 8, 1]]"
12n_0754_96,"[[8, 1, 9, 2], [10, 16, 11, 15], [12, 20, 13, 19], [14, 24, 15, 23], [16, 3, 17, 4], [18, 14, 19, 13], [5, 21, 6, 20], [22, 12, 23, 11], [24, 7, 1, 8], [2, 9, 3, 10], [21, 5, 22, 4], [6, 17, 7, 18]]"
12n_0754_97,"[[6, 17, 7, 18], [8, 1, 9, 2], [10, 16, 11, 15], [12, 20, 13, 19], [14, 24, 15, 23], [16, 3, 17, 4], [18, 14, 19, 13], [5, 21, 6, 20], [22, 12, 23, 11], [24, 7, 1, 8], [2, 9, 3, 10], [21, 5, 22, 4]]"
12n_0754_98,"[[21, 5, 22, 4], [6, 17, 7, 18], [8, 1, 9, 2], [10, 16, 11, 15], [12, 20, 13, 19], [14, 24, 15, 23], [16, 3, 17, 4], [18, 14, 19, 13], [5, 21, 6, 20], [22, 12, 23, 11], [24, 7, 1, 8], [2, 9, 3, 10]]"
12n_0754_99,"[[2, 9, 3, 10], [21, 5, 22, 4], [6, 17, 7, 18], [8, 1, 9, 2], [10, 16, 11, 15], [12, 20, 13, 19], [14, 24, 15, 23], [16, 3, 17, 4], [18, 14, 19, 13], [5, 21, 6, 20], [22, 12, 23, 11], [24, 7, 1, 8]]"
12n_0754_100,"[[24, 7, 1, 8], [2, 9, 3, 10], [21, 5, 22, 4], [6, 17, 7, 18], [8, 1, 9, 2], [10, 16, 11, 15], [12, 20, 13, 19], [14, 24, 15, 23], [16, 3, 17, 4], [18, 14, 19, 13], [5, 21, 6, 20], [22, 12, 23, 11]]"
12n_0754_101,"[[22, 12, 23, 11], [24, 7, 1, 8], [2, 9, 3, 10], [21, 5, 22, 4], [6, 17, 7, 18], [8, 1, 9, 2], [10, 16, 11, 15], [12, 20, 13, 19], [14, 24, 15, 23], [16, 3, 17, 4], [18, 14, 19, 13], [5, 21, 6, 20]]"
12n_0754_102,"[[5, 21, 6, 20], [22, 12, 23, 11], [24, 7, 1, 8], [2, 9, 3, 10], [21, 5, 22, 4], [6, 17, 7, 18], [8, 1, 9, 2], [10, 16, 11, 15], [12, 20, 13, 19], [14, 24, 15, 23], [16, 3, 17, 4], [18, 14, 19, 13]]"
12n_0754_103,"[[18, 14, 19, 13], [5, 21, 6, 20], [22, 12, 23, 11], [24, 7, 1, 8], [2, 9, 3, 10], [21, 5, 22, 4], [6, 17, 7, 18], [8, 1, 9, 2], [10, 16, 11, 15], [12, 20, 13, 19], [14, 24, 15, 23], [16, 3, 17, 4]]"
12n_0754_104,"[[16, 3, 17, 4], [18, 14, 19, 13], [5, 21, 6, 20], [22, 12, 23, 11], [24, 7, 1, 8], [2, 9, 3, 10], [21, 5, 22, 4], [6, 17, 7, 18], [8, 1, 9, 2], [10, 16, 11, 15], [12, 20, 13, 19], [14, 24, 15, 23]]"
12n_0754_105,"[[14, 24, 15, 23], [16, 3, 17, 4], [18, 14, 19, 13], [5, 21, 6, 20], [22, 12, 23, 11], [24, 7, 1, 8], [2, 9, 3, 10], [21, 5, 22, 4], [6, 17, 7, 18], [8, 1, 9, 2], [10, 16, 11, 15], [12, 20, 13, 19]]"
12n_0754_106,"[[12, 20, 13, 19], [14, 24, 15, 23], [16, 3, 17, 4], [18, 14, 19, 13], [5, 21, 6, 20], [22, 12, 23, 11], [24, 7, 1, 8], [2, 9, 3, 10], [21, 5, 22, 4], [6, 17, 7, 18], [8, 1, 9, 2], [10, 16, 11, 15]]"
12n_0754_107,"[[10, 16, 11, 15], [12, 20, 13, 19], [14, 24, 15, 23], [16, 3, 17, 4], [18, 14, 19, 13], [5, 21, 6, 20], [22, 12, 23, 11], [24, 7, 1, 8], [2, 9, 3, 10], [21, 5, 22, 4], [6, 17, 7, 18], [8, 1, 9, 2]]"
12n_0754_108,"[[9, 2, 10, 3], [11, 17, 12, 16], [13, 21, 14, 20], [15, 1, 16, 24], [17, 4, 18, 5], [19, 15, 20, 14], [6, 22, 7, 21], [23, 13, 24, 12], [1, 8, 2, 9], [3, 10, 4, 11], [22, 6, 23, 5], [7, 18, 8, 19]]"
12n_0754_109,"[[7, 18, 8, 19], [9, 2, 10, 3], [11, 17, 12, 16], [13, 21, 14, 20], [15, 1, 16, 24], [17, 4, 18, 5], [19, 15, 20, 14], [6, 22, 7, 21], [23, 13, 24, 12], [1, 8, 2, 9], [3, 10, 4, 11], [22, 6, 23, 5]]"
12n_0754_110,"[[22, 6, 23, 5], [7, 18, 8, 19], [9, 2, 10, 3], [11, 17, 12, 16], [13, 21, 14, 20], [15, 1, 16, 24], [17, 4, 18, 5], [19, 15, 20, 14], [6, 22, 7, 21], [23, 13, 24, 12], [1, 8, 2, 9], [3, 10, 4, 11]]"
12n_0754_111,"[[3, 10, 4, 11], [22, 6, 23, 5], [7, 18, 8, 19], [9, 2, 10, 3], [11, 17, 12, 16], [13, 21, 14, 20], [15, 1, 16, 24], [17, 4, 18, 5], [19, 15, 20, 14], [6, 22, 7, 21], [23, 13, 24, 12], [1, 8, 2, 9]]"
12n_0754_112,"[[1, 8, 2, 9], [3, 10, 4, 11], [22, 6, 23, 5], [7, 18, 8, 19], [9, 2, 10, 3], [11, 17, 12, 16], [13, 21, 14, 20], [15, 1, 16, 24], [17, 4, 18, 5], [19, 15, 20, 14], [6, 22, 7, 21], [23, 13, 24, 12]]"
12n_0754_113,"[[23, 13, 24, 12], [1, 8, 2, 9], [3, 10, 4, 11], [22, 6, 23, 5], [7, 18, 8, 19], [9, 2, 10, 3], [11, 17, 12, 16], [13, 21, 14, 20], [15, 1, 16, 24], [17, 4, 18, 5], [19, 15, 20, 14], [6, 22, 7, 21]]"
12n_0754_114,"[[6, 22, 7, 21], [23, 13, 24, 12], [1, 8, 2, 9], [3, 10, 4, 11], [22, 6, 23, 5], [7, 18, 8, 19], [9, 2, 10, 3], [11, 17, 12, 16], [13, 21, 14, 20], [15, 1, 16, 24], [17, 4, 18, 5], [19, 15, 20, 14]]"
12n_0754_115,"[[19, 15, 20, 14], [6, 22, 7, 21], [23, 13, 24, 12], [1, 8, 2, 9], [3, 10, 4, 11], [22, 6, 23, 5], [7, 18, 8, 19], [9, 2, 10, 3], [11, 17, 12, 16], [13, 21, 14, 20], [15, 1, 16, 24], [17, 4, 18, 5]]"
12n_0754_116,"[[17, 4, 18, 5], [19, 15, 20, 14], [6, 22, 7, 21], [23, 13, 24, 12], [1, 8, 2, 9], [3, 10, 4, 11], [22, 6, 23, 5], [7, 18, 8, 19], [9, 2, 10, 3], [11, 17, 12, 16], [13, 21, 14, 20], [15, 1, 16, 24]]"
12n_0754_117,"[[15, 1, 16, 24], [17, 4, 18, 5], [19, 15, 20, 14], [6, 22, 7, 21], [23, 13, 24, 12], [1, 8, 2, 9], [3, 10, 4, 11], [22, 6, 23, 5], [7, 18, 8, 19], [9, 2, 10, 3], [11, 17, 12, 16], [13, 21, 14, 20]]"
12n_0754_118,"[[13, 21, 14, 20], [15, 1, 16, 24], [17, 4, 18, 5], [19, 15, 20, 14], [6, 22, 7, 21], [23, 13, 24, 12], [1, 8, 2, 9], [3, 10, 4, 11], [22, 6, 23, 5], [7, 18, 8, 19], [9, 2, 10, 3], [11, 17, 12, 16]]"
12n_0754_119,"[[11, 17, 12, 16], [13, 21, 14, 20], [15, 1, 16, 24], [17, 4, 18, 5], [19, 15, 20, 14], [6, 22, 7, 21], [23, 13, 24, 12], [1, 8, 2, 9], [3, 10, 4, 11], [22, 6, 23, 5], [7, 18, 8, 19], [9, 2, 10, 3]]"
12n_0754_120,"[[10, 3, 11, 4], [12, 18, 13, 17], [14, 22, 15, 21], [16, 2, 17, 1], [18, 5, 19, 6], [20, 16, 21, 15], [7, 23, 8, 22], [24, 14, 1, 13], [2, 9, 3, 10], [4, 11, 5, 12], [23, 7, 24, 6], [8, 19, 9, 20]]"
12n_0754_121,"[[8, 19, 9, 20], [10, 3, 11, 4], [12, 18, 13, 17], [14, 22, 15, 21], [16, 2, 17, 1], [18, 5, 19, 6], [20, 16, 21, 15], [7, 23, 8, 22], [24, 14, 1, 13], [2, 9, 3, 10], [4, 11, 5, 12], [23, 7, 24, 6]]"
12n_0754_122,"[[23, 7, 24, 6], [8, 19, 9, 20], [10, 3, 11, 4], [12, 18, 13, 17], [14, 22, 15, 21], [16, 2, 17, 1], [18, 5, 19, 6], [20, 16, 21, 15], [7, 23, 8, 22], [24, 14, 1, 13], [2, 9, 3, 10], [4, 11, 5, 12]]"
12n_0754_123,"[[4, 11, 5, 12], [23, 7, 24, 6], [8, 19, 9, 20], [10, 3, 11, 4], [12, 18, 13, 17], [14, 22, 15, 21], [16, 2, 17, 1], [18, 5, 19, 6], [20, 16, 21, 15], [7, 23, 8, 22], [24, 14, 1, 13], [2, 9, 3, 10]]"
12n_0754_124,"[[2, 9, 3, 10], [4, 11, 5, 12], [23, 7, 24, 6], [8, 19, 9, 20], [10, 3, 11, 4], [12, 18, 13, 17], [14, 22, 15, 21], [16, 2, 17, 1], [18, 5, 19, 6], [20, 16, 21, 15], [7, 23, 8, 22], [24, 14, 1, 13]]"
12n_0754_125,"[[24, 14, 1, 13], [2, 9, 3, 10], [4, 11, 5, 12], [23, 7, 24, 6], [8, 19, 9, 20], [10, 3, 11, 4], [12, 18, 13, 17], [14, 22, 15, 21], [16, 2, 17, 1], [18, 5, 19, 6], [20, 16, 21, 15], [7, 23, 8, 22]]"
12n_0754_126,"[[7, 23, 8, 22], [24, 14, 1, 13], [2, 9, 3, 10], [4, 11, 5, 12], [23, 7, 24, 6], [8, 19, 9, 20], [10, 3, 11, 4], [12, 18, 13, 17], [14, 22, 15, 21], [16, 2, 17, 1], [18, 5, 19, 6], [20, 16, 21, 15]]"
12n_0754_127,"[[20, 16, 21, 15], [7, 23, 8, 22], [24, 14, 1, 13], [2, 9, 3, 10], [4, 11, 5, 12], [23, 7, 24, 6], [8, 19, 9, 20], [10, 3, 11, 4], [12, 18, 13, 17], [14, 22, 15, 21], [16, 2, 17, 1], [18, 5, 19, 6]]"
12n_0754_128,"[[18, 5, 19, 6], [20, 16, 21, 15], [7, 23, 8, 22], [24, 14, 1, 13], [2, 9, 3, 10], [4, 11, 5, 12], [23, 7, 24, 6], [8, 19, 9, 20], [10, 3, 11, 4], [12, 18, 13, 17], [14, 22, 15, 21], [16, 2, 17, 1]]"
12n_0754_129,"[[16, 2, 17, 1], [18, 5, 19, 6], [20, 16, 21, 15], [7, 23, 8, 22], [24, 14, 1, 13], [2, 9, 3, 10], [4, 11, 5, 12], [23, 7, 24, 6], [8, 19, 9, 20], [10, 3, 11, 4], [12, 18, 13, 17], [14, 22, 15, 21]]"
12n_0754_130,"[[14, 22, 15, 21], [16, 2, 17, 1], [18, 5, 19, 6], [20, 16, 21, 15], [7, 23, 8, 22], [24, 14, 1, 13], [2, 9, 3, 10], [4, 11, 5, 12], [23, 7, 24, 6], [8, 19, 9, 20], [10, 3, 11, 4], [12, 18, 13, 17]]"
12n_0754_131,"[[12, 18, 13, 17], [14, 22, 15, 21], [16, 2, 17, 1], [18, 5, 19, 6], [20, 16, 21, 15], [7, 23, 8, 22], [24, 14, 1, 13], [2, 9, 3, 10], [4, 11, 5, 12], [23, 7, 24, 6], [8, 19, 9, 20], [10, 3, 11, 4]]"
12n_0754_132,"[[11, 4, 12, 5], [13, 19, 14, 18], [15, 23, 16, 22], [17, 3, 18, 2], [19, 6, 20, 7], [21, 17, 22, 16], [8, 24, 9, 23], [1, 15, 2, 14], [3, 10, 4, 11], [5, 12, 6, 13], [24, 8, 1, 7], [9, 20, 10, 21]]"
12n_0754_133,"[[9, 20, 10, 21], [11, 4, 12, 5], [13, 19, 14, 18], [15, 23, 16, 22], [17, 3, 18, 2], [19, 6, 20, 7], [21, 17, 22, 16], [8, 24, 9, 23], [1, 15, 2, 14], [3, 10, 4, 11], [5, 12, 6, 13], [24, 8, 1, 7]]"
12n_0754_134,"[[24, 8, 1, 7], [9, 20, 10, 21], [11, 4, 12, 5], [13, 19, 14, 18], [15, 23, 16, 22], [17, 3, 18, 2], [19, 6, 20, 7], [21, 17, 22, 16], [8, 24, 9, 23], [1, 15, 2, 14], [3, 10, 4, 11], [5, 12, 6, 13]]"
12n_0754_135,"[[5, 12, 6, 13], [24, 8, 1, 7], [9, 20, 10, 21], [11, 4, 12, 5], [13, 19, 14, 18], [15, 23, 16, 22], [17, 3, 18, 2], [19, 6, 20, 7], [21, 17, 22, 16], [8, 24, 9, 23], [1, 15, 2, 14], [3, 10, 4, 11]]"
12n_0754_136,"[[3, 10, 4, 11], [5, 12, 6, 13], [24, 8, 1, 7], [9, 20, 10, 21], [11, 4, 12, 5], [13, 19, 14, 18], [15, 23, 16, 22], [17, 3, 18, 2], [19, 6, 20, 7], [21, 17, 22, 16], [8, 24, 9, 23], [1, 15, 2, 14]]"
12n_0754_137,"[[1, 15, 2, 14], [3, 10, 4, 11], [5, 12, 6, 13], [24, 8, 1, 7], [9, 20, 10, 21], [11, 4, 12, 5], [13, 19, 14, 18], [15, 23, 16, 22], [17, 3, 18, 2], [19, 6, 20, 7], [21, 17, 22, 16], [8, 24, 9, 23]]"
12n_0754_138,"[[8, 24, 9, 23], [1, 15, 2, 14], [3, 10, 4, 11], [5, 12, 6, 13], [24, 8, 1, 7], [9, 20, 10, 21], [11, 4, 12, 5], [13, 19, 14, 18], [15, 23, 16, 22], [17, 3, 18, 2], [19, 6, 20, 7], [21, 17, 22, 16]]"
12n_0754_139,"[[21, 17, 22, 16], [8, 24, 9, 23], [1, 15, 2, 14], [3, 10, 4, 11], [5, 12, 6, 13], [24, 8, 1, 7], [9, 20, 10, 21], [11, 4, 12, 5], [13, 19, 14, 18], [15, 23, 16, 22], [17, 3, 18, 2], [19, 6, 20, 7]]"
12n_0754_140,"[[19, 6, 20, 7], [21, 17, 22, 16], [8, 24, 9, 23], [1, 15, 2, 14], [3, 10, 4, 11], [5, 12, 6, 13], [24, 8, 1, 7], [9, 20, 10, 21], [11, 4, 12, 5], [13, 19, 14, 18], [15, 23, 16, 22], [17, 3, 18, 2]]"
12n_0754_141,"[[17, 3, 18, 2], [19, 6, 20, 7], [21, 17, 22, 16], [8, 24, 9, 23], [1, 15, 2, 14], [3, 10, 4, 11], [5, 12, 6, 13], [24, 8, 1, 7], [9, 20, 10, 21], [11, 4, 12, 5], [13, 19, 14, 18], [15, 23, 16, 22]]"
12n_0754_142,"[[15, 23, 16, 22], [17, 3, 18, 2], [19, 6, 20, 7], [21, 17, 22, 16], [8, 24, 9, 23], [1, 15, 2, 14], [3, 10, 4, 11], [5, 12, 6, 13], [24, 8, 1, 7], [9, 20, 10, 21], [11, 4, 12, 5], [13, 19, 14, 18]]"
12n_0754_143,"[[13, 19, 14, 18], [15, 23, 16, 22], [17, 3, 18, 2], [19, 6, 20, 7], [21, 17, 22, 16], [8, 24, 9, 23], [1, 15, 2, 14], [3, 10, 4, 11], [5, 12, 6, 13], [24, 8, 1, 7], [9, 20, 10, 21], [11, 4, 12, 5]]"
12n_0754_144,"[[12, 5, 13, 6], [14, 20, 15, 19], [16, 24, 17, 23], [18, 4, 19, 3], [20, 7, 21, 8], [22, 18, 23, 17], [9, 1, 10, 24], [2, 16, 3, 15], [4, 11, 5, 12], [6, 13, 7, 14], [1, 9, 2, 8], [10, 21, 11, 22]]"
12n_0754_145,"[[10, 21, 11, 22], [12, 5, 13, 6], [14, 20, 15, 19], [16, 24, 17, 23], [18, 4, 19, 3], [20, 7, 21, 8], [22, 18, 23, 17], [9, 1, 10, 24], [2, 16, 3, 15], [4, 11, 5, 12], [6, 13, 7, 14], [1, 9, 2, 8]]"
12n_0754_146,"[[1, 9, 2, 8], [10, 21, 11, 22], [12, 5, 13, 6], [14, 20, 15, 19], [16, 24, 17, 23], [18, 4, 19, 3], [20, 7, 21, 8], [22, 18, 23, 17], [9, 1, 10, 24], [2, 16, 3, 15], [4, 11, 5, 12], [6, 13, 7, 14]]"
12n_0754_147,"[[6, 13, 7, 14], [1, 9, 2, 8], [10, 21, 11, 22], [12, 5, 13, 6], [14, 20, 15, 19], [16, 24, 17, 23], [18, 4, 19, 3], [20, 7, 21, 8], [22, 18, 23, 17], [9, 1, 10, 24], [2, 16, 3, 15], [4, 11, 5, 12]]"
12n_0754_148,"[[4, 11, 5, 12], [6, 13, 7, 14], [1, 9, 2, 8], [10, 21, 11, 22], [12, 5, 13, 6], [14, 20, 15, 19], [16, 24, 17, 23], [18, 4, 19, 3], [20, 7, 21, 8], [22, 18, 23, 17], [9, 1, 10, 24], [2, 16, 3, 15]]"
12n_0754_149,"[[2, 16, 3, 15], [4, 11, 5, 12], [6, 13, 7, 14], [1, 9, 2, 8], [10, 21, 11, 22], [12, 5, 13, 6], [14, 20, 15, 19], [16, 24, 17, 23], [18, 4, 19, 3], [20, 7, 21, 8], [22, 18, 23, 17], [9, 1, 10, 24]]"
12n_0754_150,"[[9, 1, 10, 24], [2, 16, 3, 15], [4, 11, 5, 12], [6, 13, 7, 14], [1, 9, 2, 8], [10, 21, 11, 22], [12, 5, 13, 6], [14, 20, 15, 19], [16, 24, 17, 23], [18, 4, 19, 3], [20, 7, 21, 8], [22, 18, 23, 17]]"
12n_0754_151,"[[22, 18, 23, 17], [9, 1, 10, 24], [2, 16, 3, 15], [4, 11, 5, 12], [6, 13, 7, 14], [1, 9, 2, 8], [10, 21, 11, 22], [12, 5, 13, 6], [14, 20, 15, 19], [16, 24, 17, 23], [18, 4, 19, 3], [20, 7, 21, 8]]"
12n_0754_152,"[[20, 7, 21, 8], [22, 18, 23, 17], [9, 1, 10, 24], [2, 16, 3, 15], [4, 11, 5, 12], [6, 13, 7, 14], [1, 9, 2, 8], [10, 21, 11, 22], [12, 5, 13, 6], [14, 20, 15, 19], [16, 24, 17, 23], [18, 4, 19, 3]]"
12n_0754_153,"[[18, 4, 19, 3], [20, 7, 21, 8], [22, 18, 23, 17], [9, 1, 10, 24], [2, 16, 3, 15], [4, 11, 5, 12], [6, 13, 7, 14], [1, 9, 2, 8], [10, 21, 11, 22], [12, 5, 13, 6], [14, 20, 15, 19], [16, 24, 17, 23]]"
12n_0754_154,"[[16, 24, 17, 23], [18, 4, 19, 3], [20, 7, 21, 8], [22, 18, 23, 17], [9, 1, 10, 24], [2, 16, 3, 15], [4, 11, 5, 12], [6, 13, 7, 14], [1, 9, 2, 8], [10, 21, 11, 22], [12, 5, 13, 6], [14, 20, 15, 19]]"
12n_0754_155,"[[14, 20, 15, 19], [16, 24, 17, 23], [18, 4, 19, 3], [20, 7, 21, 8], [22, 18, 23, 17], [9, 1, 10, 24], [2, 16, 3, 15], [4, 11, 5, 12], [6, 13, 7, 14], [1, 9, 2, 8], [10, 21, 11, 22], [12, 5, 13, 6]]"
12n_0754_156,"[[13, 6, 14, 7], [15, 21, 16, 20], [17, 1, 18, 24], [19, 5, 20, 4], [21, 8, 22, 9], [23, 19, 24, 18], [10, 2, 11, 1], [3, 17, 4, 16], [5, 12, 6, 13], [7, 14, 8, 15], [2, 10, 3, 9], [11, 22, 12, 23]]"
12n_0754_157,"[[11, 22, 12, 23], [13, 6, 14, 7], [15, 21, 16, 20], [17, 1, 18, 24], [19, 5, 20, 4], [21, 8, 22, 9], [23, 19, 24, 18], [10, 2, 11, 1], [3, 17, 4, 16], [5, 12, 6, 13], [7, 14, 8, 15], [2, 10, 3, 9]]"
12n_0754_158,"[[2, 10, 3, 9], [11, 22, 12, 23], [13, 6, 14, 7], [15, 21, 16, 20], [17, 1, 18, 24], [19, 5, 20, 4], [21, 8, 22, 9], [23, 19, 24, 18], [10, 2, 11, 1], [3, 17, 4, 16], [5, 12, 6, 13], [7, 14, 8, 15]]"
12n_0754_159,"[[7, 14, 8, 15], [2, 10, 3, 9], [11, 22, 12, 23], [13, 6, 14, 7], [15, 21, 16, 20], [17, 1, 18, 24], [19, 5, 20, 4], [21, 8, 22, 9], [23, 19, 24, 18], [10, 2, 11, 1], [3, 17, 4, 16], [5, 12, 6, 13]]"
12n_0754_160,"[[5, 12, 6, 13], [7, 14, 8, 15], [2, 10, 3, 9], [11, 22, 12, 23], [13, 6, 14, 7], [15, 21, 16, 20], [17, 1, 18, 24], [19, 5, 20, 4], [21, 8, 22, 9], [23, 19, 24, 18], [10, 2, 11, 1], [3, 17, 4, 16]]"
12n_0754_161,"[[3, 17, 4, 16], [5, 12, 6, 13], [7, 14, 8, 15], [2, 10, 3, 9], [11, 22, 12, 23], [13, 6, 14, 7], [15, 21, 16, 20], [17, 1, 18, 24], [19, 5, 20, 4], [21, 8, 22, 9], [23, 19, 24, 18], [10, 2, 11, 1]]"
12n_0754_162,"[[10, 2, 11, 1], [3, 17, 4, 16], [5, 12, 6, 13], [7, 14, 8, 15], [2, 10, 3, 9], [11, 22, 12, 23], [13, 6, 14, 7], [15, 21, 16, 20], [17, 1, 18, 24], [19, 5, 20, 4], [21, 8, 22, 9], [23, 19, 24, 18]]"
12n_0754_163,"[[23, 19, 24, 18], [10, 2, 11, 1], [3, 17, 4, 16], [5, 12, 6, 13], [7, 14, 8, 15], [2, 10, 3, 9], [11, 22, 12, 23], [13, 6, 14, 7], [15, 21, 16, 20], [17, 1, 18, 24], [19, 5, 20, 4], [21, 8, 22, 9]]"
12n_0754_164,"[[21, 8, 22, 9], [23, 19, 24, 18], [10, 2, 11, 1], [3, 17, 4, 16], [5, 12, 6, 13], [7, 14, 8, 15], [2, 10, 3, 9], [11, 22, 12, 23], [13, 6, 14, 7], [15, 21, 16, 20], [17, 1, 18, 24], [19, 5, 20, 4]]"
12n_0754_165,"[[19, 5, 20, 4], [21, 8, 22, 9], [23, 19, 24, 18], [10, 2, 11, 1], [3, 17, 4, 16], [5, 12, 6, 13], [7, 14, 8, 15], [2, 10, 3, 9], [11, 22, 12, 23], [13, 6, 14, 7], [15, 21, 16, 20], [17, 1, 18, 24]]"
12n_0754_166,"[[17, 1, 18, 24], [19, 5, 20, 4], [21, 8, 22, 9], [23, 19, 24, 18], [10, 2, 11, 1], [3, 17, 4, 16], [5, 12, 6, 13], [7, 14, 8, 15], [2, 10, 3, 9], [11, 22, 12, 23], [13, 6, 14, 7], [15, 21, 16, 20]]"
12n_0754_167,"[[15, 21, 16, 20], [17, 1, 18, 24], [19, 5, 20, 4], [21, 8, 22, 9], [23, 19, 24, 18], [10, 2, 11, 1], [3, 17, 4, 16], [5, 12, 6, 13], [7, 14, 8, 15], [2, 10, 3, 9], [11, 22, 12, 23], [13, 6, 14, 7]]"
12n_0754_168,"[[14, 7, 15, 8], [16, 22, 17, 21], [18, 2, 19, 1], [20, 6, 21, 5], [22, 9, 23, 10], [24, 20, 1, 19], [11, 3, 12, 2], [4, 18, 5, 17], [6, 13, 7, 14], [8, 15, 9, 16], [3, 11, 4, 10], [12, 23, 13, 24]]"
12n_0754_169,"[[12, 23, 13, 24], [14, 7, 15, 8], [16, 22, 17, 21], [18, 2, 19, 1], [20, 6, 21, 5], [22, 9, 23, 10], [24, 20, 1, 19], [11, 3, 12, 2], [4, 18, 5, 17], [6, 13, 7, 14], [8, 15, 9, 16], [3, 11, 4, 10]]"
12n_0754_170,"[[3, 11, 4, 10], [12, 23, 13, 24], [14, 7, 15, 8], [16, 22, 17, 21], [18, 2, 19, 1], [20, 6, 21, 5], [22, 9, 23, 10], [24, 20, 1, 19], [11, 3, 12, 2], [4, 18, 5, 17], [6, 13, 7, 14], [8, 15, 9, 16]]"
12n_0754_171,"[[8, 15, 9, 16], [3, 11, 4, 10], [12, 23, 13, 24], [14, 7, 15, 8], [16, 22, 17, 21], [18, 2, 19, 1], [20, 6, 21, 5], [22, 9, 23, 10], [24, 20, 1, 19], [11, 3, 12, 2], [4, 18, 5, 17], [6, 13, 7, 14]]"
12n_0754_172,"[[6, 13, 7, 14], [8, 15, 9, 16], [3, 11, 4, 10], [12, 23, 13, 24], [14, 7, 15, 8], [16, 22, 17, 21], [18, 2, 19, 1], [20, 6, 21, 5], [22, 9, 23, 10], [24, 20, 1, 19], [11, 3, 12, 2], [4, 18, 5, 17]]"
12n_0754_173,"[[4, 18, 5, 17], [6, 13, 7, 14], [8, 15, 9, 16], [3, 11, 4, 10], [12, 23, 13, 24], [14, 7, 15, 8], [16, 22, 17, 21], [18, 2, 19, 1], [20, 6, 21, 5], [22, 9, 23, 10], [24, 20, 1, 19], [11, 3, 12, 2]]"
12n_0754_174,"[[11, 3, 12, 2], [4, 18, 5, 17], [6, 13, 7, 14], [8, 15, 9, 16], [3, 11, 4, 10], [12, 23, 13, 24], [14, 7, 15, 8], [16, 22, 17, 21], [18, 2, 19, 1], [20, 6, 21, 5], [22, 9, 23, 10], [24, 20, 1, 19]]"
12n_0754_175,"[[24, 20, 1, 19], [11, 3, 12, 2], [4, 18, 5, 17], [6, 13, 7, 14], [8, 15, 9, 16], [3, 11, 4, 10], [12, 23, 13, 24], [14, 7, 15, 8], [16, 22, 17, 21], [18, 2, 19, 1], [20, 6, 21, 5], [22, 9, 23, 10]]"
12n_0754_176,"[[22, 9, 23, 10], [24, 20, 1, 19], [11, 3, 12, 2], [4, 18, 5, 17], [6, 13, 7, 14], [8, 15, 9, 16], [3, 11, 4, 10], [12, 23, 13, 24], [14, 7, 15, 8], [16, 22, 17, 21], [18, 2, 19, 1], [20, 6, 21, 5]]"
12n_0754_177,"[[20, 6, 21, 5], [22, 9, 23, 10], [24, 20, 1, 19], [11, 3, 12, 2], [4, 18, 5, 17], [6, 13, 7, 14], [8, 15, 9, 16], [3, 11, 4, 10], [12, 23, 13, 24], [14, 7, 15, 8], [16, 22, 17, 21], [18, 2, 19, 1]]"
12n_0754_178,"[[18, 2, 19, 1], [20, 6, 21, 5], [22, 9, 23, 10], [24, 20, 1, 19], [11, 3, 12, 2], [4, 18, 5, 17], [6, 13, 7, 14], [8, 15, 9, 16], [3, 11, 4, 10], [12, 23, 13, 24], [14, 7, 15, 8], [16, 22, 17, 21]]"
12n_0754_179,"[[16, 22, 17, 21], [18, 2, 19, 1], [20, 6, 21, 5], [22, 9, 23, 10], [24, 20, 1, 19], [11, 3, 12, 2], [4, 18, 5, 17], [6, 13, 7, 14], [8, 15, 9, 16], [3, 11, 4, 10], [12, 23, 13, 24], [14, 7, 15, 8]]"
12n_0754_180,"[[15, 8, 16, 9], [17, 23, 18, 22], [19, 3, 20, 2], [21, 7, 22, 6], [23, 10, 24, 11], [1, 21, 2, 20], [12, 4, 13, 3], [5, 19, 6, 18], [7, 14, 8, 15], [9, 16, 10, 17], [4, 12, 5, 11], [13, 24, 14, 1]]"
12n_0754_181,"[[13, 24, 14, 1], [15, 8, 16, 9], [17, 23, 18, 22], [19, 3, 20, 2], [21, 7, 22, 6], [23, 10, 24, 11], [1, 21, 2, 20], [12, 4, 13, 3], [5, 19, 6, 18], [7, 14, 8, 15], [9, 16, 10, 17], [4, 12, 5, 11]]"
12n_0754_182,"[[4, 12, 5, 11], [13, 24, 14, 1], [15, 8, 16, 9], [17, 23, 18, 22], [19, 3, 20, 2], [21, 7, 22, 6], [23, 10, 24, 11], [1, 21, 2, 20], [12, 4, 13, 3], [5, 19, 6, 18], [7, 14, 8, 15], [9, 16, 10, 17]]"
12n_0754_183,"[[9, 16, 10, 17], [4, 12, 5, 11], [13, 24, 14, 1], [15, 8, 16, 9], [17, 23, 18, 22], [19, 3, 20, 2], [21, 7, 22, 6], [23, 10, 24, 11], [1, 21, 2, 20], [12, 4, 13, 3], [5, 19, 6, 18], [7, 14, 8, 15]]"
12n_0754_184,"[[7, 14, 8, 15], [9, 16, 10, 17], [4, 12, 5, 11], [13, 24, 14, 1], [15, 8, 16, 9], [17, 23, 18, 22], [19, 3, 20, 2], [21, 7, 22, 6], [23, 10, 24, 11], [1, 21, 2, 20], [12, 4, 13, 3], [5, 19, 6, 18]]"
12n_0754_185,"[[5, 19, 6, 18], [7, 14, 8, 15], [9, 16, 10, 17], [4, 12, 5, 11], [13, 24, 14, 1], [15, 8, 16, 9], [17, 23, 18, 22], [19, 3, 20, 2], [21, 7, 22, 6], [23, 10, 24, 11], [1, 21, 2, 20], [12, 4, 13, 3]]"
