name,pd_notation
12n_0536_0,"[[9, 1, 10, 24], [2, 6, 3, 5], [4, 11, 5, 12], [6, 22, 7, 21], [17, 9, 18, 8], [15, 10, 16, 11], [12, 3, 13, 4], [14, 19, 15, 20], [1, 17, 2, 16], [23, 18, 24, 19], [20, 13, 21, 14], [22, 8, 23, 7]]"
12n_0536_1,"[[22, 8, 23, 7], [9, 1, 10, 24], [2, 6, 3, 5], [4, 11, 5, 12], [6, 22, 7, 21], [17, 9, 18, 8], [15, 10, 16, 11], [12, 3, 13, 4], [14, 19, 15, 20], [1, 17, 2, 16], [23, 18, 24, 19], [20, 13, 21, 14]]"
12n_0536_2,"[[20, 13, 21, 14], [22, 8, 23, 7], [9, 1, 10, 24], [2, 6, 3, 5], [4, 11, 5, 12], [6, 22, 7, 21], [17, 9, 18, 8], [15, 10, 16, 11], [12, 3, 13, 4], [14, 19, 15, 20], [1, 17, 2, 16], [23, 18, 24, 19]]"
12n_0536_3,"[[23, 18, 24, 19], [20, 13, 21, 14], [22, 8, 23, 7], [9, 1, 10, 24], [2, 6, 3, 5], [4, 11, 5, 12], [6, 22, 7, 21], [17, 9, 18, 8], [15, 10, 16, 11], [12, 3, 13, 4], [14, 19, 15, 20], [1, 17, 2, 16]]"
12n_0536_4,"[[1, 17, 2, 16], [23, 18, 24, 19], [20, 13, 21, 14], [22, 8, 23, 7], [9, 1, 10, 24], [2, 6, 3, 5], [4, 11, 5, 12], [6, 22, 7, 21], [17, 9, 18, 8], [15, 10, 16, 11], [12, 3, 13, 4], [14, 19, 15, 20]]"
12n_0536_5,"[[14, 19, 15, 20], [1, 17, 2, 16], [23, 18, 24, 19], [20, 13, 21, 14], [22, 8, 23, 7], [9, 1, 10, 24], [2, 6, 3, 5], [4, 11, 5, 12], [6, 22, 7, 21], [17, 9, 18, 8], [15, 10, 16, 11], [12, 3, 13, 4]]"
12n_0536_6,"[[12, 3, 13, 4], [14, 19, 15, 20], [1, 17, 2, 16], [23, 18, 24, 19], [20, 13, 21, 14], [22, 8, 23, 7], [9, 1, 10, 24], [2, 6, 3, 5], [4, 11, 5, 12], [6, 22, 7, 21], [17, 9, 18, 8], [15, 10, 16, 11]]"
12n_0536_7,"[[15, 10, 16, 11], [12, 3, 13, 4], [14, 19, 15, 20], [1, 17, 2, 16], [23, 18, 24, 19], [20, 13, 21, 14], [22, 8, 23, 7], [9, 1, 10, 24], [2, 6, 3, 5], [4, 11, 5, 12], [6, 22, 7, 21], [17, 9, 18, 8]]"
12n_0536_8,"[[17, 9, 18, 8], [15, 10, 16, 11], [12, 3, 13, 4], [14, 19, 15, 20], [1, 17, 2, 16], [23, 18, 24, 19], [20, 13, 21, 14], [22, 8, 23, 7], [9, 1, 10, 24], [2, 6, 3, 5], [4, 11, 5, 12], [6, 22, 7, 21]]"
12n_0536_9,"[[6, 22, 7, 21], [17, 9, 18, 8], [15, 10, 16, 11], [12, 3, 13, 4], [14, 19, 15, 20], [1, 17, 2, 16], [23, 18, 24, 19], [20, 13, 21, 14], [22, 8, 23, 7], [9, 1, 10, 24], [2, 6, 3, 5], [4, 11, 5, 12]]"
12n_0536_10,"[[4, 11, 5, 12], [6, 22, 7, 21], [17, 9, 18, 8], [15, 10, 16, 11], [12, 3, 13, 4], [14, 19, 15, 20], [1, 17, 2, 16], [23, 18, 24, 19], [20, 13, 21, 14], [22, 8, 23, 7], [9, 1, 10, 24], [2, 6, 3, 5]]"
12n_0536_11,"[[2, 6, 3, 5], [4, 11, 5, 12], [6, 22, 7, 21], [17, 9, 18, 8], [15, 10, 16, 11], [12, 3, 13, 4], [14, 19, 15, 20], [1, 17, 2, 16], [23, 18, 24, 19], [20, 13, 21, 14], [22, 8, 23, 7], [9, 1, 10, 24]]"
12n_0536_12,"[[10, 2, 11, 1], [3, 7, 4, 6], [5, 12, 6, 13], [7, 23, 8, 22], [18, 10, 19, 9], [16, 11, 17, 12], [13, 4, 14, 5], [15, 20, 16, 21], [2, 18, 3, 17], [24, 19, 1, 20], [21, 14, 22, 15], [23, 9, 24, 8]]"
12n_0536_13,"[[23, 9, 24, 8], [10, 2, 11, 1], [3, 7, 4, 6], [5, 12, 6, 13], [7, 23, 8, 22], [18, 10, 19, 9], [16, 11, 17, 12], [13, 4, 14, 5], [15, 20, 16, 21], [2, 18, 3, 17], [24, 19, 1, 20], [21, 14, 22, 15]]"
12n_0536_14,"[[21, 14, 22, 15], [23, 9, 24, 8], [10, 2, 11, 1], [3, 7, 4, 6], [5, 12, 6, 13], [7, 23, 8, 22], [18, 10, 19, 9], [16, 11, 17, 12], [13, 4, 14, 5], [15, 20, 16, 21], [2, 18, 3, 17], [24, 19, 1, 20]]"
12n_0536_15,"[[24, 19, 1, 20], [21, 14, 22, 15], [23, 9, 24, 8], [10, 2, 11, 1], [3, 7, 4, 6], [5, 12, 6, 13], [7, 23, 8, 22], [18, 10, 19, 9], [16, 11, 17, 12], [13, 4, 14, 5], [15, 20, 16, 21], [2, 18, 3, 17]]"
12n_0536_16,"[[2, 18, 3, 17], [24, 19, 1, 20], [21, 14, 22, 15], [23, 9, 24, 8], [10, 2, 11, 1], [3, 7, 4, 6], [5, 12, 6, 13], [7, 23, 8, 22], [18, 10, 19, 9], [16, 11, 17, 12], [13, 4, 14, 5], [15, 20, 16, 21]]"
12n_0536_17,"[[15, 20, 16, 21], [2, 18, 3, 17], [24, 19, 1, 20], [21, 14, 22, 15], [23, 9, 24, 8], [10, 2, 11, 1], [3, 7, 4, 6], [5, 12, 6, 13], [7, 23, 8, 22], [18, 10, 19, 9], [16, 11, 17, 12], [13, 4, 14, 5]]"
12n_0536_18,"[[13, 4, 14, 5], [15, 20, 16, 21], [2, 18, 3, 17], [24, 19, 1, 20], [21, 14, 22, 15], [23, 9, 24, 8], [10, 2, 11, 1], [3, 7, 4, 6], [5, 12, 6, 13], [7, 23, 8, 22], [18, 10, 19, 9], [16, 11, 17, 12]]"
12n_0536_19,"[[16, 11, 17, 12], [13, 4, 14, 5], [15, 20, 16, 21], [2, 18, 3, 17], [24, 19, 1, 20], [21, 14, 22, 15], [23, 9, 24, 8], [10, 2, 11, 1], [3, 7, 4, 6], [5, 12, 6, 13], [7, 23, 8, 22], [18, 10, 19, 9]]"
12n_0536_20,"[[18, 10, 19, 9], [16, 11, 17, 12], [13, 4, 14, 5], [15, 20, 16, 21], [2, 18, 3, 17], [24, 19, 1, 20], [21, 14, 22, 15], [23, 9, 24, 8], [10, 2, 11, 1], [3, 7, 4, 6], [5, 12, 6, 13], [7, 23, 8, 22]]"
12n_0536_21,"[[7, 23, 8, 22], [18, 10, 19, 9], [16, 11, 17, 12], [13, 4, 14, 5], [15, 20, 16, 21], [2, 18, 3, 17], [24, 19, 1, 20], [21, 14, 22, 15], [23, 9, 24, 8], [10, 2, 11, 1], [3, 7, 4, 6], [5, 12, 6, 13]]"
12n_0536_22,"[[5, 12, 6, 13], [7, 23, 8, 22], [18, 10, 19, 9], [16, 11, 17, 12], [13, 4, 14, 5], [15, 20, 16, 21], [2, 18, 3, 17], [24, 19, 1, 20], [21, 14, 22, 15], [23, 9, 24, 8], [10, 2, 11, 1], [3, 7, 4, 6]]"
12n_0536_23,"[[3, 7, 4, 6], [5, 12, 6, 13], [7, 23, 8, 22], [18, 10, 19, 9], [16, 11, 17, 12], [13, 4, 14, 5], [15, 20, 16, 21], [2, 18, 3, 17], [24, 19, 1, 20], [21, 14, 22, 15], [23, 9, 24, 8], [10, 2, 11, 1]]"
12n_0536_24,"[[11, 3, 12, 2], [4, 8, 5, 7], [6, 13, 7, 14], [8, 24, 9, 23], [19, 11, 20, 10], [17, 12, 18, 13], [14, 5, 15, 6], [16, 21, 17, 22], [3, 19, 4, 18], [1, 20, 2, 21], [22, 15, 23, 16], [24, 10, 1, 9]]"
12n_0536_25,"[[24, 10, 1, 9], [11, 3, 12, 2], [4, 8, 5, 7], [6, 13, 7, 14], [8, 24, 9, 23], [19, 11, 20, 10], [17, 12, 18, 13], [14, 5, 15, 6], [16, 21, 17, 22], [3, 19, 4, 18], [1, 20, 2, 21], [22, 15, 23, 16]]"
12n_0536_26,"[[22, 15, 23, 16], [24, 10, 1, 9], [11, 3, 12, 2], [4, 8, 5, 7], [6, 13, 7, 14], [8, 24, 9, 23], [19, 11, 20, 10], [17, 12, 18, 13], [14, 5, 15, 6], [16, 21, 17, 22], [3, 19, 4, 18], [1, 20, 2, 21]]"
12n_0536_27,"[[1, 20, 2, 21], [22, 15, 23, 16], [24, 10, 1, 9], [11, 3, 12, 2], [4, 8, 5, 7], [6, 13, 7, 14], [8, 24, 9, 23], [19, 11, 20, 10], [17, 12, 18, 13], [14, 5, 15, 6], [16, 21, 17, 22], [3, 19, 4, 18]]"
12n_0536_28,"[[3, 19, 4, 18], [1, 20, 2, 21], [22, 15, 23, 16], [24, 10, 1, 9], [11, 3, 12, 2], [4, 8, 5, 7], [6, 13, 7, 14], [8, 24, 9, 23], [19, 11, 20, 10], [17, 12, 18, 13], [14, 5, 15, 6], [16, 21, 17, 22]]"
12n_0536_29,"[[16, 21, 17, 22], [3, 19, 4, 18], [1, 20, 2, 21], [22, 15, 23, 16], [24, 10, 1, 9], [11, 3, 12, 2], [4, 8, 5, 7], [6, 13, 7, 14], [8, 24, 9, 23], [19, 11, 20, 10], [17, 12, 18, 13], [14, 5, 15, 6]]"
12n_0536_30,"[[14, 5, 15, 6], [16, 21, 17, 22], [3, 19, 4, 18], [1, 20, 2, 21], [22, 15, 23, 16], [24, 10, 1, 9], [11, 3, 12, 2], [4, 8, 5, 7], [6, 13, 7, 14], [8, 24, 9, 23], [19, 11, 20, 10], [17, 12, 18, 13]]"
12n_0536_31,"[[17, 12, 18, 13], [14, 5, 15, 6], [16, 21, 17, 22], [3, 19, 4, 18], [1, 20, 2, 21], [22, 15, 23, 16], [24, 10, 1, 9], [11, 3, 12, 2], [4, 8, 5, 7], [6, 13, 7, 14], [8, 24, 9, 23], [19, 11, 20, 10]]"
12n_0536_32,"[[19, 11, 20, 10], [17, 12, 18, 13], [14, 5, 15, 6], [16, 21, 17, 22], [3, 19, 4, 18], [1, 20, 2, 21], [22, 15, 23, 16], [24, 10, 1, 9], [11, 3, 12, 2], [4, 8, 5, 7], [6, 13, 7, 14], [8, 24, 9, 23]]"
12n_0536_33,"[[8, 24, 9, 23], [19, 11, 20, 10], [17, 12, 18, 13], [14, 5, 15, 6], [16, 21, 17, 22], [3, 19, 4, 18], [1, 20, 2, 21], [22, 15, 23, 16], [24, 10, 1, 9], [11, 3, 12, 2], [4, 8, 5, 7], [6, 13, 7, 14]]"
12n_0536_34,"[[6, 13, 7, 14], [8, 24, 9, 23], [19, 11, 20, 10], [17, 12, 18, 13], [14, 5, 15, 6], [16, 21, 17, 22], [3, 19, 4, 18], [1, 20, 2, 21], [22, 15, 23, 16], [24, 10, 1, 9], [11, 3, 12, 2], [4, 8, 5, 7]]"
12n_0536_35,"[[4, 8, 5, 7], [6, 13, 7, 14], [8, 24, 9, 23], [19, 11, 20, 10], [17, 12, 18, 13], [14, 5, 15, 6], [16, 21, 17, 22], [3, 19, 4, 18], [1, 20, 2, 21], [22, 15, 23, 16], [24, 10, 1, 9], [11, 3, 12, 2]]"
12n_0536_36,"[[12, 4, 13, 3], [5, 9, 6, 8], [7, 14, 8, 15], [9, 1, 10, 24], [20, 12, 21, 11], [18, 13, 19, 14], [15, 6, 16, 7], [17, 22, 18, 23], [4, 20, 5, 19], [2, 21, 3, 22], [23, 16, 24, 17], [1, 11, 2, 10]]"
12n_0536_37,"[[1, 11, 2, 10], [12, 4, 13, 3], [5, 9, 6, 8], [7, 14, 8, 15], [9, 1, 10, 24], [20, 12, 21, 11], [18, 13, 19, 14], [15, 6, 16, 7], [17, 22, 18, 23], [4, 20, 5, 19], [2, 21, 3, 22], [23, 16, 24, 17]]"
12n_0536_38,"[[23, 16, 24, 17], [1, 11, 2, 10], [12, 4, 13, 3], [5, 9, 6, 8], [7, 14, 8, 15], [9, 1, 10, 24], [20, 12, 21, 11], [18, 13, 19, 14], [15, 6, 16, 7], [17, 22, 18, 23], [4, 20, 5, 19], [2, 21, 3, 22]]"
12n_0536_39,"[[2, 21, 3, 22], [23, 16, 24, 17], [1, 11, 2, 10], [12, 4, 13, 3], [5, 9, 6, 8], [7, 14, 8, 15], [9, 1, 10, 24], [20, 12, 21, 11], [18, 13, 19, 14], [15, 6, 16, 7], [17, 22, 18, 23], [4, 20, 5, 19]]"
12n_0536_40,"[[4, 20, 5, 19], [2, 21, 3, 22], [23, 16, 24, 17], [1, 11, 2, 10], [12, 4, 13, 3], [5, 9, 6, 8], [7, 14, 8, 15], [9, 1, 10, 24], [20, 12, 21, 11], [18, 13, 19, 14], [15, 6, 16, 7], [17, 22, 18, 23]]"
12n_0536_41,"[[17, 22, 18, 23], [4, 20, 5, 19], [2, 21, 3, 22], [23, 16, 24, 17], [1, 11, 2, 10], [12, 4, 13, 3], [5, 9, 6, 8], [7, 14, 8, 15], [9, 1, 10, 24], [20, 12, 21, 11], [18, 13, 19, 14], [15, 6, 16, 7]]"
12n_0536_42,"[[15, 6, 16, 7], [17, 22, 18, 23], [4, 20, 5, 19], [2, 21, 3, 22], [23, 16, 24, 17], [1, 11, 2, 10], [12, 4, 13, 3], [5, 9, 6, 8], [7, 14, 8, 15], [9, 1, 10, 24], [20, 12, 21, 11], [18, 13, 19, 14]]"
12n_0536_43,"[[18, 13, 19, 14], [15, 6, 16, 7], [17, 22, 18, 23], [4, 20, 5, 19], [2, 21, 3, 22], [23, 16, 24, 17], [1, 11, 2, 10], [12, 4, 13, 3], [5, 9, 6, 8], [7, 14, 8, 15], [9, 1, 10, 24], [20, 12, 21, 11]]"
12n_0536_44,"[[20, 12, 21, 11], [18, 13, 19, 14], [15, 6, 16, 7], [17, 22, 18, 23], [4, 20, 5, 19], [2, 21, 3, 22], [23, 16, 24, 17], [1, 11, 2, 10], [12, 4, 13, 3], [5, 9, 6, 8], [7, 14, 8, 15], [9, 1, 10, 24]]"
12n_0536_45,"[[9, 1, 10, 24], [20, 12, 21, 11], [18, 13, 19, 14], [15, 6, 16, 7], [17, 22, 18, 23], [4, 20, 5, 19], [2, 21, 3, 22], [23, 16, 24, 17], [1, 11, 2, 10], [12, 4, 13, 3], [5, 9, 6, 8], [7, 14, 8, 15]]"
12n_0536_46,"[[7, 14, 8, 15], [9, 1, 10, 24], [20, 12, 21, 11], [18, 13, 19, 14], [15, 6, 16, 7], [17, 22, 18, 23], [4, 20, 5, 19], [2, 21, 3, 22], [23, 16, 24, 17], [1, 11, 2, 10], [12, 4, 13, 3], [5, 9, 6, 8]]"
12n_0536_47,"[[5, 9, 6, 8], [7, 14, 8, 15], [9, 1, 10, 24], [20, 12, 21, 11], [18, 13, 19, 14], [15, 6, 16, 7], [17, 22, 18, 23], [4, 20, 5, 19], [2, 21, 3, 22], [23, 16, 24, 17], [1, 11, 2, 10], [12, 4, 13, 3]]"
12n_0536_48,"[[13, 5, 14, 4], [6, 10, 7, 9], [8, 15, 9, 16], [10, 2, 11, 1], [21, 13, 22, 12], [19, 14, 20, 15], [16, 7, 17, 8], [18, 23, 19, 24], [5, 21, 6, 20], [3, 22, 4, 23], [24, 17, 1, 18], [2, 12, 3, 11]]"
12n_0536_49,"[[2, 12, 3, 11], [13, 5, 14, 4], [6, 10, 7, 9], [8, 15, 9, 16], [10, 2, 11, 1], [21, 13, 22, 12], [19, 14, 20, 15], [16, 7, 17, 8], [18, 23, 19, 24], [5, 21, 6, 20], [3, 22, 4, 23], [24, 17, 1, 18]]"
12n_0536_50,"[[24, 17, 1, 18], [2, 12, 3, 11], [13, 5, 14, 4], [6, 10, 7, 9], [8, 15, 9, 16], [10, 2, 11, 1], [21, 13, 22, 12], [19, 14, 20, 15], [16, 7, 17, 8], [18, 23, 19, 24], [5, 21, 6, 20], [3, 22, 4, 23]]"
12n_0536_51,"[[3, 22, 4, 23], [24, 17, 1, 18], [2, 12, 3, 11], [13, 5, 14, 4], [6, 10, 7, 9], [8, 15, 9, 16], [10, 2, 11, 1], [21, 13, 22, 12], [19, 14, 20, 15], [16, 7, 17, 8], [18, 23, 19, 24], [5, 21, 6, 20]]"
12n_0536_52,"[[5, 21, 6, 20], [3, 22, 4, 23], [24, 17, 1, 18], [2, 12, 3, 11], [13, 5, 14, 4], [6, 10, 7, 9], [8, 15, 9, 16], [10, 2, 11, 1], [21, 13, 22, 12], [19, 14, 20, 15], [16, 7, 17, 8], [18, 23, 19, 24]]"
12n_0536_53,"[[18, 23, 19, 24], [5, 21, 6, 20], [3, 22, 4, 23], [24, 17, 1, 18], [2, 12, 3, 11], [13, 5, 14, 4], [6, 10, 7, 9], [8, 15, 9, 16], [10, 2, 11, 1], [21, 13, 22, 12], [19, 14, 20, 15], [16, 7, 17, 8]]"
12n_0536_54,"[[16, 7, 17, 8], [18, 23, 19, 24], [5, 21, 6, 20], [3, 22, 4, 23], [24, 17, 1, 18], [2, 12, 3, 11], [13, 5, 14, 4], [6, 10, 7, 9], [8, 15, 9, 16], [10, 2, 11, 1], [21, 13, 22, 12], [19, 14, 20, 15]]"
12n_0536_55,"[[19, 14, 20, 15], [16, 7, 17, 8], [18, 23, 19, 24], [5, 21, 6, 20], [3, 22, 4, 23], [24, 17, 1, 18], [2, 12, 3, 11], [13, 5, 14, 4], [6, 10, 7, 9], [8, 15, 9, 16], [10, 2, 11, 1], [21, 13, 22, 12]]"
12n_0536_56,"[[21, 13, 22, 12], [19, 14, 20, 15], [16, 7, 17, 8], [18, 23, 19, 24], [5, 21, 6, 20], [3, 22, 4, 23], [24, 17, 1, 18], [2, 12, 3, 11], [13, 5, 14, 4], [6, 10, 7, 9], [8, 15, 9, 16], [10, 2, 11, 1]]"
12n_0536_57,"[[10, 2, 11, 1], [21, 13, 22, 12], [19, 14, 20, 15], [16, 7, 17, 8], [18, 23, 19, 24], [5, 21, 6, 20], [3, 22, 4, 23], [24, 17, 1, 18], [2, 12, 3, 11], [13, 5, 14, 4], [6, 10, 7, 9], [8, 15, 9, 16]]"
12n_0536_58,"[[8, 15, 9, 16], [10, 2, 11, 1], [21, 13, 22, 12], [19, 14, 20, 15], [16, 7, 17, 8], [18, 23, 19, 24], [5, 21, 6, 20], [3, 22, 4, 23], [24, 17, 1, 18], [2, 12, 3, 11], [13, 5, 14, 4], [6, 10, 7, 9]]"
12n_0536_59,"[[6, 10, 7, 9], [8, 15, 9, 16], [10, 2, 11, 1], [21, 13, 22, 12], [19, 14, 20, 15], [16, 7, 17, 8], [18, 23, 19, 24], [5, 21, 6, 20], [3, 22, 4, 23], [24, 17, 1, 18], [2, 12, 3, 11], [13, 5, 14, 4]]"
12n_0536_60,"[[14, 6, 15, 5], [7, 11, 8, 10], [9, 16, 10, 17], [11, 3, 12, 2], [22, 14, 23, 13], [20, 15, 21, 16], [17, 8, 18, 9], [19, 24, 20, 1], [6, 22, 7, 21], [4, 23, 5, 24], [1, 18, 2, 19], [3, 13, 4, 12]]"
12n_0536_61,"[[3, 13, 4, 12], [14, 6, 15, 5], [7, 11, 8, 10], [9, 16, 10, 17], [11, 3, 12, 2], [22, 14, 23, 13], [20, 15, 21, 16], [17, 8, 18, 9], [19, 24, 20, 1], [6, 22, 7, 21], [4, 23, 5, 24], [1, 18, 2, 19]]"
12n_0536_62,"[[1, 18, 2, 19], [3, 13, 4, 12], [14, 6, 15, 5], [7, 11, 8, 10], [9, 16, 10, 17], [11, 3, 12, 2], [22, 14, 23, 13], [20, 15, 21, 16], [17, 8, 18, 9], [19, 24, 20, 1], [6, 22, 7, 21], [4, 23, 5, 24]]"
12n_0536_63,"[[4, 23, 5, 24], [1, 18, 2, 19], [3, 13, 4, 12], [14, 6, 15, 5], [7, 11, 8, 10], [9, 16, 10, 17], [11, 3, 12, 2], [22, 14, 23, 13], [20, 15, 21, 16], [17, 8, 18, 9], [19, 24, 20, 1], [6, 22, 7, 21]]"
12n_0536_64,"[[6, 22, 7, 21], [4, 23, 5, 24], [1, 18, 2, 19], [3, 13, 4, 12], [14, 6, 15, 5], [7, 11, 8, 10], [9, 16, 10, 17], [11, 3, 12, 2], [22, 14, 23, 13], [20, 15, 21, 16], [17, 8, 18, 9], [19, 24, 20, 1]]"
12n_0536_65,"[[19, 24, 20, 1], [6, 22, 7, 21], [4, 23, 5, 24], [1, 18, 2, 19], [3, 13, 4, 12], [14, 6, 15, 5], [7, 11, 8, 10], [9, 16, 10, 17], [11, 3, 12, 2], [22, 14, 23, 13], [20, 15, 21, 16], [17, 8, 18, 9]]"
12n_0536_66,"[[17, 8, 18, 9], [19, 24, 20, 1], [6, 22, 7, 21], [4, 23, 5, 24], [1, 18, 2, 19], [3, 13, 4, 12], [14, 6, 15, 5], [7, 11, 8, 10], [9, 16, 10, 17], [11, 3, 12, 2], [22, 14, 23, 13], [20, 15, 21, 16]]"
12n_0536_67,"[[20, 15, 21, 16], [17, 8, 18, 9], [19, 24, 20, 1], [6, 22, 7, 21], [4, 23, 5, 24], [1, 18, 2, 19], [3, 13, 4, 12], [14, 6, 15, 5], [7, 11, 8, 10], [9, 16, 10, 17], [11, 3, 12, 2], [22, 14, 23, 13]]"
12n_0536_68,"[[22, 14, 23, 13], [20, 15, 21, 16], [17, 8, 18, 9], [19, 24, 20, 1], [6, 22, 7, 21], [4, 23, 5, 24], [1, 18, 2, 19], [3, 13, 4, 12], [14, 6, 15, 5], [7, 11, 8, 10], [9, 16, 10, 17], [11, 3, 12, 2]]"
12n_0536_69,"[[11, 3, 12, 2], [22, 14, 23, 13], [20, 15, 21, 16], [17, 8, 18, 9], [19, 24, 20, 1], [6, 22, 7, 21], [4, 23, 5, 24], [1, 18, 2, 19], [3, 13, 4, 12], [14, 6, 15, 5], [7, 11, 8, 10], [9, 16, 10, 17]]"
12n_0536_70,"[[9, 16, 10, 17], [11, 3, 12, 2], [22, 14, 23, 13], [20, 15, 21, 16], [17, 8, 18, 9], [19, 24, 20, 1], [6, 22, 7, 21], [4, 23, 5, 24], [1, 18, 2, 19], [3, 13, 4, 12], [14, 6, 15, 5], [7, 11, 8, 10]]"
12n_0536_71,"[[7, 11, 8, 10], [9, 16, 10, 17], [11, 3, 12, 2], [22, 14, 23, 13], [20, 15, 21, 16], [17, 8, 18, 9], [19, 24, 20, 1], [6, 22, 7, 21], [4, 23, 5, 24], [1, 18, 2, 19], [3, 13, 4, 12], [14, 6, 15, 5]]"
12n_0536_72,"[[15, 7, 16, 6], [8, 12, 9, 11], [10, 17, 11, 18], [12, 4, 13, 3], [23, 15, 24, 14], [21, 16, 22, 17], [18, 9, 19, 10], [20, 1, 21, 2], [7, 23, 8, 22], [5, 24, 6, 1], [2, 19, 3, 20], [4, 14, 5, 13]]"
12n_0536_73,"[[4, 14, 5, 13], [15, 7, 16, 6], [8, 12, 9, 11], [10, 17, 11, 18], [12, 4, 13, 3], [23, 15, 24, 14], [21, 16, 22, 17], [18, 9, 19, 10], [20, 1, 21, 2], [7, 23, 8, 22], [5, 24, 6, 1], [2, 19, 3, 20]]"
12n_0536_74,"[[2, 19, 3, 20], [4, 14, 5, 13], [15, 7, 16, 6], [8, 12, 9, 11], [10, 17, 11, 18], [12, 4, 13, 3], [23, 15, 24, 14], [21, 16, 22, 17], [18, 9, 19, 10], [20, 1, 21, 2], [7, 23, 8, 22], [5, 24, 6, 1]]"
12n_0536_75,"[[5, 24, 6, 1], [2, 19, 3, 20], [4, 14, 5, 13], [15, 7, 16, 6], [8, 12, 9, 11], [10, 17, 11, 18], [12, 4, 13, 3], [23, 15, 24, 14], [21, 16, 22, 17], [18, 9, 19, 10], [20, 1, 21, 2], [7, 23, 8, 22]]"
12n_0536_76,"[[7, 23, 8, 22], [5, 24, 6, 1], [2, 19, 3, 20], [4, 14, 5, 13], [15, 7, 16, 6], [8, 12, 9, 11], [10, 17, 11, 18], [12, 4, 13, 3], [23, 15, 24, 14], [21, 16, 22, 17], [18, 9, 19, 10], [20, 1, 21, 2]]"
12n_0536_77,"[[20, 1, 21, 2], [7, 23, 8, 22], [5, 24, 6, 1], [2, 19, 3, 20], [4, 14, 5, 13], [15, 7, 16, 6], [8, 12, 9, 11], [10, 17, 11, 18], [12, 4, 13, 3], [23, 15, 24, 14], [21, 16, 22, 17], [18, 9, 19, 10]]"
12n_0536_78,"[[18, 9, 19, 10], [20, 1, 21, 2], [7, 23, 8, 22], [5, 24, 6, 1], [2, 19, 3, 20], [4, 14, 5, 13], [15, 7, 16, 6], [8, 12, 9, 11], [10, 17, 11, 18], [12, 4, 13, 3], [23, 15, 24, 14], [21, 16, 22, 17]]"
12n_0536_79,"[[21, 16, 22, 17], [18, 9, 19, 10], [20, 1, 21, 2], [7, 23, 8, 22], [5, 24, 6, 1], [2, 19, 3, 20], [4, 14, 5, 13], [15, 7, 16, 6], [8, 12, 9, 11], [10, 17, 11, 18], [12, 4, 13, 3], [23, 15, 24, 14]]"
12n_0536_80,"[[23, 15, 24, 14], [21, 16, 22, 17], [18, 9, 19, 10], [20, 1, 21, 2], [7, 23, 8, 22], [5, 24, 6, 1], [2, 19, 3, 20], [4, 14, 5, 13], [15, 7, 16, 6], [8, 12, 9, 11], [10, 17, 11, 18], [12, 4, 13, 3]]"
12n_0536_81,"[[12, 4, 13, 3], [23, 15, 24, 14], [21, 16, 22, 17], [18, 9, 19, 10], [20, 1, 21, 2], [7, 23, 8, 22], [5, 24, 6, 1], [2, 19, 3, 20], [4, 14, 5, 13], [15, 7, 16, 6], [8, 12, 9, 11], [10, 17, 11, 18]]"
12n_0536_82,"[[10, 17, 11, 18], [12, 4, 13, 3], [23, 15, 24, 14], [21, 16, 22, 17], [18, 9, 19, 10], [20, 1, 21, 2], [7, 23, 8, 22], [5, 24, 6, 1], [2, 19, 3, 20], [4, 14, 5, 13], [15, 7, 16, 6], [8, 12, 9, 11]]"
12n_0536_83,"[[8, 12, 9, 11], [10, 17, 11, 18], [12, 4, 13, 3], [23, 15, 24, 14], [21, 16, 22, 17], [18, 9, 19, 10], [20, 1, 21, 2], [7, 23, 8, 22], [5, 24, 6, 1], [2, 19, 3, 20], [4, 14, 5, 13], [15, 7, 16, 6]]"
12n_0536_84,"[[16, 8, 17, 7], [9, 13, 10, 12], [11, 18, 12, 19], [13, 5, 14, 4], [24, 16, 1, 15], [22, 17, 23, 18], [19, 10, 20, 11], [21, 2, 22, 3], [8, 24, 9, 23], [6, 1, 7, 2], [3, 20, 4, 21], [5, 15, 6, 14]]"
12n_0536_85,"[[5, 15, 6, 14], [16, 8, 17, 7], [9, 13, 10, 12], [11, 18, 12, 19], [13, 5, 14, 4], [24, 16, 1, 15], [22, 17, 23, 18], [19, 10, 20, 11], [21, 2, 22, 3], [8, 24, 9, 23], [6, 1, 7, 2], [3, 20, 4, 21]]"
12n_0536_86,"[[3, 20, 4, 21], [5, 15, 6, 14], [16, 8, 17, 7], [9, 13, 10, 12], [11, 18, 12, 19], [13, 5, 14, 4], [24, 16, 1, 15], [22, 17, 23, 18], [19, 10, 20, 11], [21, 2, 22, 3], [8, 24, 9, 23], [6, 1, 7, 2]]"
12n_0536_87,"[[6, 1, 7, 2], [3, 20, 4, 21], [5, 15, 6, 14], [16, 8, 17, 7], [9, 13, 10, 12], [11, 18, 12, 19], [13, 5, 14, 4], [24, 16, 1, 15], [22, 17, 23, 18], [19, 10, 20, 11], [21, 2, 22, 3], [8, 24, 9, 23]]"
12n_0536_88,"[[8, 24, 9, 23], [6, 1, 7, 2], [3, 20, 4, 21], [5, 15, 6, 14], [16, 8, 17, 7], [9, 13, 10, 12], [11, 18, 12, 19], [13, 5, 14, 4], [24, 16, 1, 15], [22, 17, 23, 18], [19, 10, 20, 11], [21, 2, 22, 3]]"
12n_0536_89,"[[21, 2, 22, 3], [8, 24, 9, 23], [6, 1, 7, 2], [3, 20, 4, 21], [5, 15, 6, 14], [16, 8, 17, 7], [9, 13, 10, 12], [11, 18, 12, 19], [13, 5, 14, 4], [24, 16, 1, 15], [22, 17, 23, 18], [19, 10, 20, 11]]"
12n_0536_90,"[[19, 10, 20, 11], [21, 2, 22, 3], [8, 24, 9, 23], [6, 1, 7, 2], [3, 20, 4, 21], [5, 15, 6, 14], [16, 8, 17, 7], [9, 13, 10, 12], [11, 18, 12, 19], [13, 5, 14, 4], [24, 16, 1, 15], [22, 17, 23, 18]]"
12n_0536_91,"[[22, 17, 23, 18], [19, 10, 20, 11], [21, 2, 22, 3], [8, 24, 9, 23], [6, 1, 7, 2], [3, 20, 4, 21], [5, 15, 6, 14], [16, 8, 17, 7], [9, 13, 10, 12], [11, 18, 12, 19], [13, 5, 14, 4], [24, 16, 1, 15]]"
12n_0536_92,"[[24, 16, 1, 15], [22, 17, 23, 18], [19, 10, 20, 11], [21, 2, 22, 3], [8, 24, 9, 23], [6, 1, 7, 2], [3, 20, 4, 21], [5, 15, 6, 14], [16, 8, 17, 7], [9, 13, 10, 12], [11, 18, 12, 19], [13, 5, 14, 4]]"
12n_0536_93,"[[13, 5, 14, 4], [24, 16, 1, 15], [22, 17, 23, 18], [19, 10, 20, 11], [21, 2, 22, 3], [8, 24, 9, 23], [6, 1, 7, 2], [3, 20, 4, 21], [5, 15, 6, 14], [16, 8, 17, 7], [9, 13, 10, 12], [11, 18, 12, 19]]"
12n_0536_94,"[[11, 18, 12, 19], [13, 5, 14, 4], [24, 16, 1, 15], [22, 17, 23, 18], [19, 10, 20, 11], [21, 2, 22, 3], [8, 24, 9, 23], [6, 1, 7, 2], [3, 20, 4, 21], [5, 15, 6, 14], [16, 8, 17, 7], [9, 13, 10, 12]]"
12n_0536_95,"[[9, 13, 10, 12], [11, 18, 12, 19], [13, 5, 14, 4], [24, 16, 1, 15], [22, 17, 23, 18], [19, 10, 20, 11], [21, 2, 22, 3], [8, 24, 9, 23], [6, 1, 7, 2], [3, 20, 4, 21], [5, 15, 6, 14], [16, 8, 17, 7]]"
12n_0536_96,"[[17, 9, 18, 8], [10, 14, 11, 13], [12, 19, 13, 20], [14, 6, 15, 5], [1, 17, 2, 16], [23, 18, 24, 19], [20, 11, 21, 12], [22, 3, 23, 4], [9, 1, 10, 24], [7, 2, 8, 3], [4, 21, 5, 22], [6, 16, 7, 15]]"
12n_0536_97,"[[6, 16, 7, 15], [17, 9, 18, 8], [10, 14, 11, 13], [12, 19, 13, 20], [14, 6, 15, 5], [1, 17, 2, 16], [23, 18, 24, 19], [20, 11, 21, 12], [22, 3, 23, 4], [9, 1, 10, 24], [7, 2, 8, 3], [4, 21, 5, 22]]"
12n_0536_98,"[[4, 21, 5, 22], [6, 16, 7, 15], [17, 9, 18, 8], [10, 14, 11, 13], [12, 19, 13, 20], [14, 6, 15, 5], [1, 17, 2, 16], [23, 18, 24, 19], [20, 11, 21, 12], [22, 3, 23, 4], [9, 1, 10, 24], [7, 2, 8, 3]]"
12n_0536_99,"[[7, 2, 8, 3], [4, 21, 5, 22], [6, 16, 7, 15], [17, 9, 18, 8], [10, 14, 11, 13], [12, 19, 13, 20], [14, 6, 15, 5], [1, 17, 2, 16], [23, 18, 24, 19], [20, 11, 21, 12], [22, 3, 23, 4], [9, 1, 10, 24]]"
12n_0536_100,"[[9, 1, 10, 24], [7, 2, 8, 3], [4, 21, 5, 22], [6, 16, 7, 15], [17, 9, 18, 8], [10, 14, 11, 13], [12, 19, 13, 20], [14, 6, 15, 5], [1, 17, 2, 16], [23, 18, 24, 19], [20, 11, 21, 12], [22, 3, 23, 4]]"
12n_0536_101,"[[22, 3, 23, 4], [9, 1, 10, 24], [7, 2, 8, 3], [4, 21, 5, 22], [6, 16, 7, 15], [17, 9, 18, 8], [10, 14, 11, 13], [12, 19, 13, 20], [14, 6, 15, 5], [1, 17, 2, 16], [23, 18, 24, 19], [20, 11, 21, 12]]"
12n_0536_102,"[[20, 11, 21, 12], [22, 3, 23, 4], [9, 1, 10, 24], [7, 2, 8, 3], [4, 21, 5, 22], [6, 16, 7, 15], [17, 9, 18, 8], [10, 14, 11, 13], [12, 19, 13, 20], [14, 6, 15, 5], [1, 17, 2, 16], [23, 18, 24, 19]]"
12n_0536_103,"[[23, 18, 24, 19], [20, 11, 21, 12], [22, 3, 23, 4], [9, 1, 10, 24], [7, 2, 8, 3], [4, 21, 5, 22], [6, 16, 7, 15], [17, 9, 18, 8], [10, 14, 11, 13], [12, 19, 13, 20], [14, 6, 15, 5], [1, 17, 2, 16]]"
12n_0536_104,"[[1, 17, 2, 16], [23, 18, 24, 19], [20, 11, 21, 12], [22, 3, 23, 4], [9, 1, 10, 24], [7, 2, 8, 3], [4, 21, 5, 22], [6, 16, 7, 15], [17, 9, 18, 8], [10, 14, 11, 13], [12, 19, 13, 20], [14, 6, 15, 5]]"
12n_0536_105,"[[14, 6, 15, 5], [1, 17, 2, 16], [23, 18, 24, 19], [20, 11, 21, 12], [22, 3, 23, 4], [9, 1, 10, 24], [7, 2, 8, 3], [4, 21, 5, 22], [6, 16, 7, 15], [17, 9, 18, 8], [10, 14, 11, 13], [12, 19, 13, 20]]"
12n_0536_106,"[[12, 19, 13, 20], [14, 6, 15, 5], [1, 17, 2, 16], [23, 18, 24, 19], [20, 11, 21, 12], [22, 3, 23, 4], [9, 1, 10, 24], [7, 2, 8, 3], [4, 21, 5, 22], [6, 16, 7, 15], [17, 9, 18, 8], [10, 14, 11, 13]]"
12n_0536_107,"[[10, 14, 11, 13], [12, 19, 13, 20], [14, 6, 15, 5], [1, 17, 2, 16], [23, 18, 24, 19], [20, 11, 21, 12], [22, 3, 23, 4], [9, 1, 10, 24], [7, 2, 8, 3], [4, 21, 5, 22], [6, 16, 7, 15], [17, 9, 18, 8]]"
12n_0536_108,"[[18, 10, 19, 9], [11, 15, 12, 14], [13, 20, 14, 21], [15, 7, 16, 6], [2, 18, 3, 17], [24, 19, 1, 20], [21, 12, 22, 13], [23, 4, 24, 5], [10, 2, 11, 1], [8, 3, 9, 4], [5, 22, 6, 23], [7, 17, 8, 16]]"
12n_0536_109,"[[7, 17, 8, 16], [18, 10, 19, 9], [11, 15, 12, 14], [13, 20, 14, 21], [15, 7, 16, 6], [2, 18, 3, 17], [24, 19, 1, 20], [21, 12, 22, 13], [23, 4, 24, 5], [10, 2, 11, 1], [8, 3, 9, 4], [5, 22, 6, 23]]"
12n_0536_110,"[[5, 22, 6, 23], [7, 17, 8, 16], [18, 10, 19, 9], [11, 15, 12, 14], [13, 20, 14, 21], [15, 7, 16, 6], [2, 18, 3, 17], [24, 19, 1, 20], [21, 12, 22, 13], [23, 4, 24, 5], [10, 2, 11, 1], [8, 3, 9, 4]]"
12n_0536_111,"[[8, 3, 9, 4], [5, 22, 6, 23], [7, 17, 8, 16], [18, 10, 19, 9], [11, 15, 12, 14], [13, 20, 14, 21], [15, 7, 16, 6], [2, 18, 3, 17], [24, 19, 1, 20], [21, 12, 22, 13], [23, 4, 24, 5], [10, 2, 11, 1]]"
12n_0536_112,"[[10, 2, 11, 1], [8, 3, 9, 4], [5, 22, 6, 23], [7, 17, 8, 16], [18, 10, 19, 9], [11, 15, 12, 14], [13, 20, 14, 21], [15, 7, 16, 6], [2, 18, 3, 17], [24, 19, 1, 20], [21, 12, 22, 13], [23, 4, 24, 5]]"
12n_0536_113,"[[23, 4, 24, 5], [10, 2, 11, 1], [8, 3, 9, 4], [5, 22, 6, 23], [7, 17, 8, 16], [18, 10, 19, 9], [11, 15, 12, 14], [13, 20, 14, 21], [15, 7, 16, 6], [2, 18, 3, 17], [24, 19, 1, 20], [21, 12, 22, 13]]"
12n_0536_114,"[[21, 12, 22, 13], [23, 4, 24, 5], [10, 2, 11, 1], [8, 3, 9, 4], [5, 22, 6, 23], [7, 17, 8, 16], [18, 10, 19, 9], [11, 15, 12, 14], [13, 20, 14, 21], [15, 7, 16, 6], [2, 18, 3, 17], [24, 19, 1, 20]]"
12n_0536_115,"[[24, 19, 1, 20], [21, 12, 22, 13], [23, 4, 24, 5], [10, 2, 11, 1], [8, 3, 9, 4], [5, 22, 6, 23], [7, 17, 8, 16], [18, 10, 19, 9], [11, 15, 12, 14], [13, 20, 14, 21], [15, 7, 16, 6], [2, 18, 3, 17]]"
12n_0536_116,"[[2, 18, 3, 17], [24, 19, 1, 20], [21, 12, 22, 13], [23, 4, 24, 5], [10, 2, 11, 1], [8, 3, 9, 4], [5, 22, 6, 23], [7, 17, 8, 16], [18, 10, 19, 9], [11, 15, 12, 14], [13, 20, 14, 21], [15, 7, 16, 6]]"
12n_0536_117,"[[15, 7, 16, 6], [2, 18, 3, 17], [24, 19, 1, 20], [21, 12, 22, 13], [23, 4, 24, 5], [10, 2, 11, 1], [8, 3, 9, 4], [5, 22, 6, 23], [7, 17, 8, 16], [18, 10, 19, 9], [11, 15, 12, 14], [13, 20, 14, 21]]"
12n_0536_118,"[[13, 20, 14, 21], [15, 7, 16, 6], [2, 18, 3, 17], [24, 19, 1, 20], [21, 12, 22, 13], [23, 4, 24, 5], [10, 2, 11, 1], [8, 3, 9, 4], [5, 22, 6, 23], [7, 17, 8, 16], [18, 10, 19, 9], [11, 15, 12, 14]]"
12n_0536_119,"[[11, 15, 12, 14], [13, 20, 14, 21], [15, 7, 16, 6], [2, 18, 3, 17], [24, 19, 1, 20], [21, 12, 22, 13], [23, 4, 24, 5], [10, 2, 11, 1], [8, 3, 9, 4], [5, 22, 6, 23], [7, 17, 8, 16], [18, 10, 19, 9]]"
12n_0536_120,"[[19, 11, 20, 10], [12, 16, 13, 15], [14, 21, 15, 22], [16, 8, 17, 7], [3, 19, 4, 18], [1, 20, 2, 21], [22, 13, 23, 14], [24, 5, 1, 6], [11, 3, 12, 2], [9, 4, 10, 5], [6, 23, 7, 24], [8, 18, 9, 17]]"
12n_0536_121,"[[8, 18, 9, 17], [19, 11, 20, 10], [12, 16, 13, 15], [14, 21, 15, 22], [16, 8, 17, 7], [3, 19, 4, 18], [1, 20, 2, 21], [22, 13, 23, 14], [24, 5, 1, 6], [11, 3, 12, 2], [9, 4, 10, 5], [6, 23, 7, 24]]"
12n_0536_122,"[[6, 23, 7, 24], [8, 18, 9, 17], [19, 11, 20, 10], [12, 16, 13, 15], [14, 21, 15, 22], [16, 8, 17, 7], [3, 19, 4, 18], [1, 20, 2, 21], [22, 13, 23, 14], [24, 5, 1, 6], [11, 3, 12, 2], [9, 4, 10, 5]]"
12n_0536_123,"[[9, 4, 10, 5], [6, 23, 7, 24], [8, 18, 9, 17], [19, 11, 20, 10], [12, 16, 13, 15], [14, 21, 15, 22], [16, 8, 17, 7], [3, 19, 4, 18], [1, 20, 2, 21], [22, 13, 23, 14], [24, 5, 1, 6], [11, 3, 12, 2]]"
12n_0536_124,"[[11, 3, 12, 2], [9, 4, 10, 5], [6, 23, 7, 24], [8, 18, 9, 17], [19, 11, 20, 10], [12, 16, 13, 15], [14, 21, 15, 22], [16, 8, 17, 7], [3, 19, 4, 18], [1, 20, 2, 21], [22, 13, 23, 14], [24, 5, 1, 6]]"
12n_0536_125,"[[24, 5, 1, 6], [11, 3, 12, 2], [9, 4, 10, 5], [6, 23, 7, 24], [8, 18, 9, 17], [19, 11, 20, 10], [12, 16, 13, 15], [14, 21, 15, 22], [16, 8, 17, 7], [3, 19, 4, 18], [1, 20, 2, 21], [22, 13, 23, 14]]"
12n_0536_126,"[[22, 13, 23, 14], [24, 5, 1, 6], [11, 3, 12, 2], [9, 4, 10, 5], [6, 23, 7, 24], [8, 18, 9, 17], [19, 11, 20, 10], [12, 16, 13, 15], [14, 21, 15, 22], [16, 8, 17, 7], [3, 19, 4, 18], [1, 20, 2, 21]]"
12n_0536_127,"[[1, 20, 2, 21], [22, 13, 23, 14], [24, 5, 1, 6], [11, 3, 12, 2], [9, 4, 10, 5], [6, 23, 7, 24], [8, 18, 9, 17], [19, 11, 20, 10], [12, 16, 13, 15], [14, 21, 15, 22], [16, 8, 17, 7], [3, 19, 4, 18]]"
12n_0536_128,"[[3, 19, 4, 18], [1, 20, 2, 21], [22, 13, 23, 14], [24, 5, 1, 6], [11, 3, 12, 2], [9, 4, 10, 5], [6, 23, 7, 24], [8, 18, 9, 17], [19, 11, 20, 10], [12, 16, 13, 15], [14, 21, 15, 22], [16, 8, 17, 7]]"
12n_0536_129,"[[16, 8, 17, 7], [3, 19, 4, 18], [1, 20, 2, 21], [22, 13, 23, 14], [24, 5, 1, 6], [11, 3, 12, 2], [9, 4, 10, 5], [6, 23, 7, 24], [8, 18, 9, 17], [19, 11, 20, 10], [12, 16, 13, 15], [14, 21, 15, 22]]"
12n_0536_130,"[[14, 21, 15, 22], [16, 8, 17, 7], [3, 19, 4, 18], [1, 20, 2, 21], [22, 13, 23, 14], [24, 5, 1, 6], [11, 3, 12, 2], [9, 4, 10, 5], [6, 23, 7, 24], [8, 18, 9, 17], [19, 11, 20, 10], [12, 16, 13, 15]]"
12n_0536_131,"[[12, 16, 13, 15], [14, 21, 15, 22], [16, 8, 17, 7], [3, 19, 4, 18], [1, 20, 2, 21], [22, 13, 23, 14], [24, 5, 1, 6], [11, 3, 12, 2], [9, 4, 10, 5], [6, 23, 7, 24], [8, 18, 9, 17], [19, 11, 20, 10]]"
12n_0536_132,"[[20, 12, 21, 11], [13, 17, 14, 16], [15, 22, 16, 23], [17, 9, 18, 8], [4, 20, 5, 19], [2, 21, 3, 22], [23, 14, 24, 15], [1, 6, 2, 7], [12, 4, 13, 3], [10, 5, 11, 6], [7, 24, 8, 1], [9, 19, 10, 18]]"
12n_0536_133,"[[9, 19, 10, 18], [20, 12, 21, 11], [13, 17, 14, 16], [15, 22, 16, 23], [17, 9, 18, 8], [4, 20, 5, 19], [2, 21, 3, 22], [23, 14, 24, 15], [1, 6, 2, 7], [12, 4, 13, 3], [10, 5, 11, 6], [7, 24, 8, 1]]"
12n_0536_134,"[[7, 24, 8, 1], [9, 19, 10, 18], [20, 12, 21, 11], [13, 17, 14, 16], [15, 22, 16, 23], [17, 9, 18, 8], [4, 20, 5, 19], [2, 21, 3, 22], [23, 14, 24, 15], [1, 6, 2, 7], [12, 4, 13, 3], [10, 5, 11, 6]]"
12n_0536_135,"[[10, 5, 11, 6], [7, 24, 8, 1], [9, 19, 10, 18], [20, 12, 21, 11], [13, 17, 14, 16], [15, 22, 16, 23], [17, 9, 18, 8], [4, 20, 5, 19], [2, 21, 3, 22], [23, 14, 24, 15], [1, 6, 2, 7], [12, 4, 13, 3]]"
12n_0536_136,"[[12, 4, 13, 3], [10, 5, 11, 6], [7, 24, 8, 1], [9, 19, 10, 18], [20, 12, 21, 11], [13, 17, 14, 16], [15, 22, 16, 23], [17, 9, 18, 8], [4, 20, 5, 19], [2, 21, 3, 22], [23, 14, 24, 15], [1, 6, 2, 7]]"
12n_0536_137,"[[1, 6, 2, 7], [12, 4, 13, 3], [10, 5, 11, 6], [7, 24, 8, 1], [9, 19, 10, 18], [20, 12, 21, 11], [13, 17, 14, 16], [15, 22, 16, 23], [17, 9, 18, 8], [4, 20, 5, 19], [2, 21, 3, 22], [23, 14, 24, 15]]"
12n_0536_138,"[[23, 14, 24, 15], [1, 6, 2, 7], [12, 4, 13, 3], [10, 5, 11, 6], [7, 24, 8, 1], [9, 19, 10, 18], [20, 12, 21, 11], [13, 17, 14, 16], [15, 22, 16, 23], [17, 9, 18, 8], [4, 20, 5, 19], [2, 21, 3, 22]]"
12n_0536_139,"[[2, 21, 3, 22], [23, 14, 24, 15], [1, 6, 2, 7], [12, 4, 13, 3], [10, 5, 11, 6], [7, 24, 8, 1], [9, 19, 10, 18], [20, 12, 21, 11], [13, 17, 14, 16], [15, 22, 16, 23], [17, 9, 18, 8], [4, 20, 5, 19]]"
12n_0536_140,"[[4, 20, 5, 19], [2, 21, 3, 22], [23, 14, 24, 15], [1, 6, 2, 7], [12, 4, 13, 3], [10, 5, 11, 6], [7, 24, 8, 1], [9, 19, 10, 18], [20, 12, 21, 11], [13, 17, 14, 16], [15, 22, 16, 23], [17, 9, 18, 8]]"
12n_0536_141,"[[17, 9, 18, 8], [4, 20, 5, 19], [2, 21, 3, 22], [23, 14, 24, 15], [1, 6, 2, 7], [12, 4, 13, 3], [10, 5, 11, 6], [7, 24, 8, 1], [9, 19, 10, 18], [20, 12, 21, 11], [13, 17, 14, 16], [15, 22, 16, 23]]"
12n_0536_142,"[[15, 22, 16, 23], [17, 9, 18, 8], [4, 20, 5, 19], [2, 21, 3, 22], [23, 14, 24, 15], [1, 6, 2, 7], [12, 4, 13, 3], [10, 5, 11, 6], [7, 24, 8, 1], [9, 19, 10, 18], [20, 12, 21, 11], [13, 17, 14, 16]]"
12n_0536_143,"[[13, 17, 14, 16], [15, 22, 16, 23], [17, 9, 18, 8], [4, 20, 5, 19], [2, 21, 3, 22], [23, 14, 24, 15], [1, 6, 2, 7], [12, 4, 13, 3], [10, 5, 11, 6], [7, 24, 8, 1], [9, 19, 10, 18], [20, 12, 21, 11]]"
12n_0536_144,"[[21, 13, 22, 12], [14, 18, 15, 17], [16, 23, 17, 24], [18, 10, 19, 9], [5, 21, 6, 20], [3, 22, 4, 23], [24, 15, 1, 16], [2, 7, 3, 8], [13, 5, 14, 4], [11, 6, 12, 7], [8, 1, 9, 2], [10, 20, 11, 19]]"
12n_0536_145,"[[10, 20, 11, 19], [21, 13, 22, 12], [14, 18, 15, 17], [16, 23, 17, 24], [18, 10, 19, 9], [5, 21, 6, 20], [3, 22, 4, 23], [24, 15, 1, 16], [2, 7, 3, 8], [13, 5, 14, 4], [11, 6, 12, 7], [8, 1, 9, 2]]"
12n_0536_146,"[[8, 1, 9, 2], [10, 20, 11, 19], [21, 13, 22, 12], [14, 18, 15, 17], [16, 23, 17, 24], [18, 10, 19, 9], [5, 21, 6, 20], [3, 22, 4, 23], [24, 15, 1, 16], [2, 7, 3, 8], [13, 5, 14, 4], [11, 6, 12, 7]]"
12n_0536_147,"[[11, 6, 12, 7], [8, 1, 9, 2], [10, 20, 11, 19], [21, 13, 22, 12], [14, 18, 15, 17], [16, 23, 17, 24], [18, 10, 19, 9], [5, 21, 6, 20], [3, 22, 4, 23], [24, 15, 1, 16], [2, 7, 3, 8], [13, 5, 14, 4]]"
12n_0536_148,"[[13, 5, 14, 4], [11, 6, 12, 7], [8, 1, 9, 2], [10, 20, 11, 19], [21, 13, 22, 12], [14, 18, 15, 17], [16, 23, 17, 24], [18, 10, 19, 9], [5, 21, 6, 20], [3, 22, 4, 23], [24, 15, 1, 16], [2, 7, 3, 8]]"
12n_0536_149,"[[2, 7, 3, 8], [13, 5, 14, 4], [11, 6, 12, 7], [8, 1, 9, 2], [10, 20, 11, 19], [21, 13, 22, 12], [14, 18, 15, 17], [16, 23, 17, 24], [18, 10, 19, 9], [5, 21, 6, 20], [3, 22, 4, 23], [24, 15, 1, 16]]"
12n_0536_150,"[[24, 15, 1, 16], [2, 7, 3, 8], [13, 5, 14, 4], [11, 6, 12, 7], [8, 1, 9, 2], [10, 20, 11, 19], [21, 13, 22, 12], [14, 18, 15, 17], [16, 23, 17, 24], [18, 10, 19, 9], [5, 21, 6, 20], [3, 22, 4, 23]]"
12n_0536_151,"[[3, 22, 4, 23], [24, 15, 1, 16], [2, 7, 3, 8], [13, 5, 14, 4], [11, 6, 12, 7], [8, 1, 9, 2], [10, 20, 11, 19], [21, 13, 22, 12], [14, 18, 15, 17], [16, 23, 17, 24], [18, 10, 19, 9], [5, 21, 6, 20]]"
12n_0536_152,"[[5, 21, 6, 20], [3, 22, 4, 23], [24, 15, 1, 16], [2, 7, 3, 8], [13, 5, 14, 4], [11, 6, 12, 7], [8, 1, 9, 2], [10, 20, 11, 19], [21, 13, 22, 12], [14, 18, 15, 17], [16, 23, 17, 24], [18, 10, 19, 9]]"
12n_0536_153,"[[18, 10, 19, 9], [5, 21, 6, 20], [3, 22, 4, 23], [24, 15, 1, 16], [2, 7, 3, 8], [13, 5, 14, 4], [11, 6, 12, 7], [8, 1, 9, 2], [10, 20, 11, 19], [21, 13, 22, 12], [14, 18, 15, 17], [16, 23, 17, 24]]"
12n_0536_154,"[[16, 23, 17, 24], [18, 10, 19, 9], [5, 21, 6, 20], [3, 22, 4, 23], [24, 15, 1, 16], [2, 7, 3, 8], [13, 5, 14, 4], [11, 6, 12, 7], [8, 1, 9, 2], [10, 20, 11, 19], [21, 13, 22, 12], [14, 18, 15, 17]]"
12n_0536_155,"[[14, 18, 15, 17], [16, 23, 17, 24], [18, 10, 19, 9], [5, 21, 6, 20], [3, 22, 4, 23], [24, 15, 1, 16], [2, 7, 3, 8], [13, 5, 14, 4], [11, 6, 12, 7], [8, 1, 9, 2], [10, 20, 11, 19], [21, 13, 22, 12]]"
12n_0536_156,"[[22, 14, 23, 13], [15, 19, 16, 18], [17, 24, 18, 1], [19, 11, 20, 10], [6, 22, 7, 21], [4, 23, 5, 24], [1, 16, 2, 17], [3, 8, 4, 9], [14, 6, 15, 5], [12, 7, 13, 8], [9, 2, 10, 3], [11, 21, 12, 20]]"
12n_0536_157,"[[11, 21, 12, 20], [22, 14, 23, 13], [15, 19, 16, 18], [17, 24, 18, 1], [19, 11, 20, 10], [6, 22, 7, 21], [4, 23, 5, 24], [1, 16, 2, 17], [3, 8, 4, 9], [14, 6, 15, 5], [12, 7, 13, 8], [9, 2, 10, 3]]"
12n_0536_158,"[[9, 2, 10, 3], [11, 21, 12, 20], [22, 14, 23, 13], [15, 19, 16, 18], [17, 24, 18, 1], [19, 11, 20, 10], [6, 22, 7, 21], [4, 23, 5, 24], [1, 16, 2, 17], [3, 8, 4, 9], [14, 6, 15, 5], [12, 7, 13, 8]]"
12n_0536_159,"[[12, 7, 13, 8], [9, 2, 10, 3], [11, 21, 12, 20], [22, 14, 23, 13], [15, 19, 16, 18], [17, 24, 18, 1], [19, 11, 20, 10], [6, 22, 7, 21], [4, 23, 5, 24], [1, 16, 2, 17], [3, 8, 4, 9], [14, 6, 15, 5]]"
12n_0536_160,"[[14, 6, 15, 5], [12, 7, 13, 8], [9, 2, 10, 3], [11, 21, 12, 20], [22, 14, 23, 13], [15, 19, 16, 18], [17, 24, 18, 1], [19, 11, 20, 10], [6, 22, 7, 21], [4, 23, 5, 24], [1, 16, 2, 17], [3, 8, 4, 9]]"
12n_0536_161,"[[3, 8, 4, 9], [14, 6, 15, 5], [12, 7, 13, 8], [9, 2, 10, 3], [11, 21, 12, 20], [22, 14, 23, 13], [15, 19, 16, 18], [17, 24, 18, 1], [19, 11, 20, 10], [6, 22, 7, 21], [4, 23, 5, 24], [1, 16, 2, 17]]"
12n_0536_162,"[[1, 16, 2, 17], [3, 8, 4, 9], [14, 6, 15, 5], [12, 7, 13, 8], [9, 2, 10, 3], [11, 21, 12, 20], [22, 14, 23, 13], [15, 19, 16, 18], [17, 24, 18, 1], [19, 11, 20, 10], [6, 22, 7, 21], [4, 23, 5, 24]]"
12n_0536_163,"[[4, 23, 5, 24], [1, 16, 2, 17], [3, 8, 4, 9], [14, 6, 15, 5], [12, 7, 13, 8], [9, 2, 10, 3], [11, 21, 12, 20], [22, 14, 23, 13], [15, 19, 16, 18], [17, 24, 18, 1], [19, 11, 20, 10], [6, 22, 7, 21]]"
12n_0536_164,"[[6, 22, 7, 21], [4, 23, 5, 24], [1, 16, 2, 17], [3, 8, 4, 9], [14, 6, 15, 5], [12, 7, 13, 8], [9, 2, 10, 3], [11, 21, 12, 20], [22, 14, 23, 13], [15, 19, 16, 18], [17, 24, 18, 1], [19, 11, 20, 10]]"
12n_0536_165,"[[19, 11, 20, 10], [6, 22, 7, 21], [4, 23, 5, 24], [1, 16, 2, 17], [3, 8, 4, 9], [14, 6, 15, 5], [12, 7, 13, 8], [9, 2, 10, 3], [11, 21, 12, 20], [22, 14, 23, 13], [15, 19, 16, 18], [17, 24, 18, 1]]"
12n_0536_166,"[[17, 24, 18, 1], [19, 11, 20, 10], [6, 22, 7, 21], [4, 23, 5, 24], [1, 16, 2, 17], [3, 8, 4, 9], [14, 6, 15, 5], [12, 7, 13, 8], [9, 2, 10, 3], [11, 21, 12, 20], [22, 14, 23, 13], [15, 19, 16, 18]]"
12n_0536_167,"[[15, 19, 16, 18], [17, 24, 18, 1], [19, 11, 20, 10], [6, 22, 7, 21], [4, 23, 5, 24], [1, 16, 2, 17], [3, 8, 4, 9], [14, 6, 15, 5], [12, 7, 13, 8], [9, 2, 10, 3], [11, 21, 12, 20], [22, 14, 23, 13]]"
12n_0536_168,"[[23, 15, 24, 14], [16, 20, 17, 19], [18, 1, 19, 2], [20, 12, 21, 11], [7, 23, 8, 22], [5, 24, 6, 1], [2, 17, 3, 18], [4, 9, 5, 10], [15, 7, 16, 6], [13, 8, 14, 9], [10, 3, 11, 4], [12, 22, 13, 21]]"
12n_0536_169,"[[12, 22, 13, 21], [23, 15, 24, 14], [16, 20, 17, 19], [18, 1, 19, 2], [20, 12, 21, 11], [7, 23, 8, 22], [5, 24, 6, 1], [2, 17, 3, 18], [4, 9, 5, 10], [15, 7, 16, 6], [13, 8, 14, 9], [10, 3, 11, 4]]"
12n_0536_170,"[[10, 3, 11, 4], [12, 22, 13, 21], [23, 15, 24, 14], [16, 20, 17, 19], [18, 1, 19, 2], [20, 12, 21, 11], [7, 23, 8, 22], [5, 24, 6, 1], [2, 17, 3, 18], [4, 9, 5, 10], [15, 7, 16, 6], [13, 8, 14, 9]]"
12n_0536_171,"[[13, 8, 14, 9], [10, 3, 11, 4], [12, 22, 13, 21], [23, 15, 24, 14], [16, 20, 17, 19], [18, 1, 19, 2], [20, 12, 21, 11], [7, 23, 8, 22], [5, 24, 6, 1], [2, 17, 3, 18], [4, 9, 5, 10], [15, 7, 16, 6]]"
12n_0536_172,"[[15, 7, 16, 6], [13, 8, 14, 9], [10, 3, 11, 4], [12, 22, 13, 21], [23, 15, 24, 14], [16, 20, 17, 19], [18, 1, 19, 2], [20, 12, 21, 11], [7, 23, 8, 22], [5, 24, 6, 1], [2, 17, 3, 18], [4, 9, 5, 10]]"
12n_0536_173,"[[4, 9, 5, 10], [15, 7, 16, 6], [13, 8, 14, 9], [10, 3, 11, 4], [12, 22, 13, 21], [23, 15, 24, 14], [16, 20, 17, 19], [18, 1, 19, 2], [20, 12, 21, 11], [7, 23, 8, 22], [5, 24, 6, 1], [2, 17, 3, 18]]"
12n_0536_174,"[[2, 17, 3, 18], [4, 9, 5, 10], [15, 7, 16, 6], [13, 8, 14, 9], [10, 3, 11, 4], [12, 22, 13, 21], [23, 15, 24, 14], [16, 20, 17, 19], [18, 1, 19, 2], [20, 12, 21, 11], [7, 23, 8, 22], [5, 24, 6, 1]]"
12n_0536_175,"[[5, 24, 6, 1], [2, 17, 3, 18], [4, 9, 5, 10], [15, 7, 16, 6], [13, 8, 14, 9], [10, 3, 11, 4], [12, 22, 13, 21], [23, 15, 24, 14], [16, 20, 17, 19], [18, 1, 19, 2], [20, 12, 21, 11], [7, 23, 8, 22]]"
12n_0536_176,"[[7, 23, 8, 22], [5, 24, 6, 1], [2, 17, 3, 18], [4, 9, 5, 10], [15, 7, 16, 6], [13, 8, 14, 9], [10, 3, 11, 4], [12, 22, 13, 21], [23, 15, 24, 14], [16, 20, 17, 19], [18, 1, 19, 2], [20, 12, 21, 11]]"
12n_0536_177,"[[20, 12, 21, 11], [7, 23, 8, 22], [5, 24, 6, 1], [2, 17, 3, 18], [4, 9, 5, 10], [15, 7, 16, 6], [13, 8, 14, 9], [10, 3, 11, 4], [12, 22, 13, 21], [23, 15, 24, 14], [16, 20, 17, 19], [18, 1, 19, 2]]"
12n_0536_178,"[[18, 1, 19, 2], [20, 12, 21, 11], [7, 23, 8, 22], [5, 24, 6, 1], [2, 17, 3, 18], [4, 9, 5, 10], [15, 7, 16, 6], [13, 8, 14, 9], [10, 3, 11, 4], [12, 22, 13, 21], [23, 15, 24, 14], [16, 20, 17, 19]]"
12n_0536_179,"[[16, 20, 17, 19], [18, 1, 19, 2], [20, 12, 21, 11], [7, 23, 8, 22], [5, 24, 6, 1], [2, 17, 3, 18], [4, 9, 5, 10], [15, 7, 16, 6], [13, 8, 14, 9], [10, 3, 11, 4], [12, 22, 13, 21], [23, 15, 24, 14]]"
12n_0536_180,"[[24, 16, 1, 15], [17, 21, 18, 20], [19, 2, 20, 3], [21, 13, 22, 12], [8, 24, 9, 23], [6, 1, 7, 2], [3, 18, 4, 19], [5, 10, 6, 11], [16, 8, 17, 7], [14, 9, 15, 10], [11, 4, 12, 5], [13, 23, 14, 22]]"
12n_0536_181,"[[13, 23, 14, 22], [24, 16, 1, 15], [17, 21, 18, 20], [19, 2, 20, 3], [21, 13, 22, 12], [8, 24, 9, 23], [6, 1, 7, 2], [3, 18, 4, 19], [5, 10, 6, 11], [16, 8, 17, 7], [14, 9, 15, 10], [11, 4, 12, 5]]"
12n_0536_182,"[[11, 4, 12, 5], [13, 23, 14, 22], [24, 16, 1, 15], [17, 21, 18, 20], [19, 2, 20, 3], [21, 13, 22, 12], [8, 24, 9, 23], [6, 1, 7, 2], [3, 18, 4, 19], [5, 10, 6, 11], [16, 8, 17, 7], [14, 9, 15, 10]]"
12n_0536_183,"[[14, 9, 15, 10], [11, 4, 12, 5], [13, 23, 14, 22], [24, 16, 1, 15], [17, 21, 18, 20], [19, 2, 20, 3], [21, 13, 22, 12], [8, 24, 9, 23], [6, 1, 7, 2], [3, 18, 4, 19], [5, 10, 6, 11], [16, 8, 17, 7]]"
12n_0536_184,"[[16, 8, 17, 7], [14, 9, 15, 10], [11, 4, 12, 5], [13, 23, 14, 22], [24, 16, 1, 15], [17, 21, 18, 20], [19, 2, 20, 3], [21, 13, 22, 12], [8, 24, 9, 23], [6, 1, 7, 2], [3, 18, 4, 19], [5, 10, 6, 11]]"
12n_0536_185,"[[5, 10, 6, 11], [16, 8, 17, 7], [14, 9, 15, 10], [11, 4, 12, 5], [13, 23, 14, 22], [24, 16, 1, 15], [17, 21, 18, 20], [19, 2, 20, 3], [21, 13, 22, 12], [8, 24, 9, 23], [6, 1, 7, 2], [3, 18, 4, 19]]"
