name,pd_notation
12n_0215_0,"[[17, 1, 18, 24], [2, 6, 3, 5], [4, 10, 5, 9], [15, 6, 16, 7], [8, 4, 9, 3], [21, 11, 22, 10], [19, 13, 20, 12], [7, 14, 8, 15], [23, 17, 24, 16], [13, 19, 14, 18], [11, 21, 12, 20], [1, 23, 2, 22]]"
12n_0215_1,"[[1, 23, 2, 22], [17, 1, 18, 24], [2, 6, 3, 5], [4, 10, 5, 9], [15, 6, 16, 7], [8, 4, 9, 3], [21, 11, 22, 10], [19, 13, 20, 12], [7, 14, 8, 15], [23, 17, 24, 16], [13, 19, 14, 18], [11, 21, 12, 20]]"
12n_0215_2,"[[11, 21, 12, 20], [1, 23, 2, 22], [17, 1, 18, 24], [2, 6, 3, 5], [4, 10, 5, 9], [15, 6, 16, 7], [8, 4, 9, 3], [21, 11, 22, 10], [19, 13, 20, 12], [7, 14, 8, 15], [23, 17, 24, 16], [13, 19, 14, 18]]"
12n_0215_3,"[[13, 19, 14, 18], [11, 21, 12, 20], [1, 23, 2, 22], [17, 1, 18, 24], [2, 6, 3, 5], [4, 10, 5, 9], [15, 6, 16, 7], [8, 4, 9, 3], [21, 11, 22, 10], [19, 13, 20, 12], [7, 14, 8, 15], [23, 17, 24, 16]]"
12n_0215_4,"[[23, 17, 24, 16], [13, 19, 14, 18], [11, 21, 12, 20], [1, 23, 2, 22], [17, 1, 18, 24], [2, 6, 3, 5], [4, 10, 5, 9], [15, 6, 16, 7], [8, 4, 9, 3], [21, 11, 22, 10], [19, 13, 20, 12], [7, 14, 8, 15]]"
12n_0215_5,"[[7, 14, 8, 15], [23, 17, 24, 16], [13, 19, 14, 18], [11, 21, 12, 20], [1, 23, 2, 22], [17, 1, 18, 24], [2, 6, 3, 5], [4, 10, 5, 9], [15, 6, 16, 7], [8, 4, 9, 3], [21, 11, 22, 10], [19, 13, 20, 12]]"
12n_0215_6,"[[19, 13, 20, 12], [7, 14, 8, 15], [23, 17, 24, 16], [13, 19, 14, 18], [11, 21, 12, 20], [1, 23, 2, 22], [17, 1, 18, 24], [2, 6, 3, 5], [4, 10, 5, 9], [15, 6, 16, 7], [8, 4, 9, 3], [21, 11, 22, 10]]"
12n_0215_7,"[[21, 11, 22, 10], [19, 13, 20, 12], [7, 14, 8, 15], [23, 17, 24, 16], [13, 19, 14, 18], [11, 21, 12, 20], [1, 23, 2, 22], [17, 1, 18, 24], [2, 6, 3, 5], [4, 10, 5, 9], [15, 6, 16, 7], [8, 4, 9, 3]]"
12n_0215_8,"[[8, 4, 9, 3], [21, 11, 22, 10], [19, 13, 20, 12], [7, 14, 8, 15], [23, 17, 24, 16], [13, 19, 14, 18], [11, 21, 12, 20], [1, 23, 2, 22], [17, 1, 18, 24], [2, 6, 3, 5], [4, 10, 5, 9], [15, 6, 16, 7]]"
12n_0215_9,"[[15, 6, 16, 7], [8, 4, 9, 3], [21, 11, 22, 10], [19, 13, 20, 12], [7, 14, 8, 15], [23, 17, 24, 16], [13, 19, 14, 18], [11, 21, 12, 20], [1, 23, 2, 22], [17, 1, 18, 24], [2, 6, 3, 5], [4, 10, 5, 9]]"
12n_0215_10,"[[4, 10, 5, 9], [15, 6, 16, 7], [8, 4, 9, 3], [21, 11, 22, 10], [19, 13, 20, 12], [7, 14, 8, 15], [23, 17, 24, 16], [13, 19, 14, 18], [11, 21, 12, 20], [1, 23, 2, 22], [17, 1, 18, 24], [2, 6, 3, 5]]"
12n_0215_11,"[[2, 6, 3, 5], [4, 10, 5, 9], [15, 6, 16, 7], [8, 4, 9, 3], [21, 11, 22, 10], [19, 13, 20, 12], [7, 14, 8, 15], [23, 17, 24, 16], [13, 19, 14, 18], [11, 21, 12, 20], [1, 23, 2, 22], [17, 1, 18, 24]]"
12n_0215_12,"[[18, 2, 19, 1], [3, 7, 4, 6], [5, 11, 6, 10], [16, 7, 17, 8], [9, 5, 10, 4], [22, 12, 23, 11], [20, 14, 21, 13], [8, 15, 9, 16], [24, 18, 1, 17], [14, 20, 15, 19], [12, 22, 13, 21], [2, 24, 3, 23]]"
12n_0215_13,"[[2, 24, 3, 23], [18, 2, 19, 1], [3, 7, 4, 6], [5, 11, 6, 10], [16, 7, 17, 8], [9, 5, 10, 4], [22, 12, 23, 11], [20, 14, 21, 13], [8, 15, 9, 16], [24, 18, 1, 17], [14, 20, 15, 19], [12, 22, 13, 21]]"
12n_0215_14,"[[12, 22, 13, 21], [2, 24, 3, 23], [18, 2, 19, 1], [3, 7, 4, 6], [5, 11, 6, 10], [16, 7, 17, 8], [9, 5, 10, 4], [22, 12, 23, 11], [20, 14, 21, 13], [8, 15, 9, 16], [24, 18, 1, 17], [14, 20, 15, 19]]"
12n_0215_15,"[[14, 20, 15, 19], [12, 22, 13, 21], [2, 24, 3, 23], [18, 2, 19, 1], [3, 7, 4, 6], [5, 11, 6, 10], [16, 7, 17, 8], [9, 5, 10, 4], [22, 12, 23, 11], [20, 14, 21, 13], [8, 15, 9, 16], [24, 18, 1, 17]]"
12n_0215_16,"[[24, 18, 1, 17], [14, 20, 15, 19], [12, 22, 13, 21], [2, 24, 3, 23], [18, 2, 19, 1], [3, 7, 4, 6], [5, 11, 6, 10], [16, 7, 17, 8], [9, 5, 10, 4], [22, 12, 23, 11], [20, 14, 21, 13], [8, 15, 9, 16]]"
12n_0215_17,"[[8, 15, 9, 16], [24, 18, 1, 17], [14, 20, 15, 19], [12, 22, 13, 21], [2, 24, 3, 23], [18, 2, 19, 1], [3, 7, 4, 6], [5, 11, 6, 10], [16, 7, 17, 8], [9, 5, 10, 4], [22, 12, 23, 11], [20, 14, 21, 13]]"
12n_0215_18,"[[20, 14, 21, 13], [8, 15, 9, 16], [24, 18, 1, 17], [14, 20, 15, 19], [12, 22, 13, 21], [2, 24, 3, 23], [18, 2, 19, 1], [3, 7, 4, 6], [5, 11, 6, 10], [16, 7, 17, 8], [9, 5, 10, 4], [22, 12, 23, 11]]"
12n_0215_19,"[[22, 12, 23, 11], [20, 14, 21, 13], [8, 15, 9, 16], [24, 18, 1, 17], [14, 20, 15, 19], [12, 22, 13, 21], [2, 24, 3, 23], [18, 2, 19, 1], [3, 7, 4, 6], [5, 11, 6, 10], [16, 7, 17, 8], [9, 5, 10, 4]]"
12n_0215_20,"[[9, 5, 10, 4], [22, 12, 23, 11], [20, 14, 21, 13], [8, 15, 9, 16], [24, 18, 1, 17], [14, 20, 15, 19], [12, 22, 13, 21], [2, 24, 3, 23], [18, 2, 19, 1], [3, 7, 4, 6], [5, 11, 6, 10], [16, 7, 17, 8]]"
12n_0215_21,"[[16, 7, 17, 8], [9, 5, 10, 4], [22, 12, 23, 11], [20, 14, 21, 13], [8, 15, 9, 16], [24, 18, 1, 17], [14, 20, 15, 19], [12, 22, 13, 21], [2, 24, 3, 23], [18, 2, 19, 1], [3, 7, 4, 6], [5, 11, 6, 10]]"
12n_0215_22,"[[5, 11, 6, 10], [16, 7, 17, 8], [9, 5, 10, 4], [22, 12, 23, 11], [20, 14, 21, 13], [8, 15, 9, 16], [24, 18, 1, 17], [14, 20, 15, 19], [12, 22, 13, 21], [2, 24, 3, 23], [18, 2, 19, 1], [3, 7, 4, 6]]"
12n_0215_23,"[[3, 7, 4, 6], [5, 11, 6, 10], [16, 7, 17, 8], [9, 5, 10, 4], [22, 12, 23, 11], [20, 14, 21, 13], [8, 15, 9, 16], [24, 18, 1, 17], [14, 20, 15, 19], [12, 22, 13, 21], [2, 24, 3, 23], [18, 2, 19, 1]]"
12n_0215_24,"[[19, 3, 20, 2], [4, 8, 5, 7], [6, 12, 7, 11], [17, 8, 18, 9], [10, 6, 11, 5], [23, 13, 24, 12], [21, 15, 22, 14], [9, 16, 10, 17], [1, 19, 2, 18], [15, 21, 16, 20], [13, 23, 14, 22], [3, 1, 4, 24]]"
12n_0215_25,"[[3, 1, 4, 24], [19, 3, 20, 2], [4, 8, 5, 7], [6, 12, 7, 11], [17, 8, 18, 9], [10, 6, 11, 5], [23, 13, 24, 12], [21, 15, 22, 14], [9, 16, 10, 17], [1, 19, 2, 18], [15, 21, 16, 20], [13, 23, 14, 22]]"
12n_0215_26,"[[13, 23, 14, 22], [3, 1, 4, 24], [19, 3, 20, 2], [4, 8, 5, 7], [6, 12, 7, 11], [17, 8, 18, 9], [10, 6, 11, 5], [23, 13, 24, 12], [21, 15, 22, 14], [9, 16, 10, 17], [1, 19, 2, 18], [15, 21, 16, 20]]"
12n_0215_27,"[[15, 21, 16, 20], [13, 23, 14, 22], [3, 1, 4, 24], [19, 3, 20, 2], [4, 8, 5, 7], [6, 12, 7, 11], [17, 8, 18, 9], [10, 6, 11, 5], [23, 13, 24, 12], [21, 15, 22, 14], [9, 16, 10, 17], [1, 19, 2, 18]]"
12n_0215_28,"[[1, 19, 2, 18], [15, 21, 16, 20], [13, 23, 14, 22], [3, 1, 4, 24], [19, 3, 20, 2], [4, 8, 5, 7], [6, 12, 7, 11], [17, 8, 18, 9], [10, 6, 11, 5], [23, 13, 24, 12], [21, 15, 22, 14], [9, 16, 10, 17]]"
12n_0215_29,"[[9, 16, 10, 17], [1, 19, 2, 18], [15, 21, 16, 20], [13, 23, 14, 22], [3, 1, 4, 24], [19, 3, 20, 2], [4, 8, 5, 7], [6, 12, 7, 11], [17, 8, 18, 9], [10, 6, 11, 5], [23, 13, 24, 12], [21, 15, 22, 14]]"
12n_0215_30,"[[21, 15, 22, 14], [9, 16, 10, 17], [1, 19, 2, 18], [15, 21, 16, 20], [13, 23, 14, 22], [3, 1, 4, 24], [19, 3, 20, 2], [4, 8, 5, 7], [6, 12, 7, 11], [17, 8, 18, 9], [10, 6, 11, 5], [23, 13, 24, 12]]"
12n_0215_31,"[[23, 13, 24, 12], [21, 15, 22, 14], [9, 16, 10, 17], [1, 19, 2, 18], [15, 21, 16, 20], [13, 23, 14, 22], [3, 1, 4, 24], [19, 3, 20, 2], [4, 8, 5, 7], [6, 12, 7, 11], [17, 8, 18, 9], [10, 6, 11, 5]]"
12n_0215_32,"[[10, 6, 11, 5], [23, 13, 24, 12], [21, 15, 22, 14], [9, 16, 10, 17], [1, 19, 2, 18], [15, 21, 16, 20], [13, 23, 14, 22], [3, 1, 4, 24], [19, 3, 20, 2], [4, 8, 5, 7], [6, 12, 7, 11], [17, 8, 18, 9]]"
12n_0215_33,"[[17, 8, 18, 9], [10, 6, 11, 5], [23, 13, 24, 12], [21, 15, 22, 14], [9, 16, 10, 17], [1, 19, 2, 18], [15, 21, 16, 20], [13, 23, 14, 22], [3, 1, 4, 24], [19, 3, 20, 2], [4, 8, 5, 7], [6, 12, 7, 11]]"
12n_0215_34,"[[6, 12, 7, 11], [17, 8, 18, 9], [10, 6, 11, 5], [23, 13, 24, 12], [21, 15, 22, 14], [9, 16, 10, 17], [1, 19, 2, 18], [15, 21, 16, 20], [13, 23, 14, 22], [3, 1, 4, 24], [19, 3, 20, 2], [4, 8, 5, 7]]"
12n_0215_35,"[[4, 8, 5, 7], [6, 12, 7, 11], [17, 8, 18, 9], [10, 6, 11, 5], [23, 13, 24, 12], [21, 15, 22, 14], [9, 16, 10, 17], [1, 19, 2, 18], [15, 21, 16, 20], [13, 23, 14, 22], [3, 1, 4, 24], [19, 3, 20, 2]]"
12n_0215_36,"[[20, 4, 21, 3], [5, 9, 6, 8], [7, 13, 8, 12], [18, 9, 19, 10], [11, 7, 12, 6], [24, 14, 1, 13], [22, 16, 23, 15], [10, 17, 11, 18], [2, 20, 3, 19], [16, 22, 17, 21], [14, 24, 15, 23], [4, 2, 5, 1]]"
12n_0215_37,"[[4, 2, 5, 1], [20, 4, 21, 3], [5, 9, 6, 8], [7, 13, 8, 12], [18, 9, 19, 10], [11, 7, 12, 6], [24, 14, 1, 13], [22, 16, 23, 15], [10, 17, 11, 18], [2, 20, 3, 19], [16, 22, 17, 21], [14, 24, 15, 23]]"
12n_0215_38,"[[14, 24, 15, 23], [4, 2, 5, 1], [20, 4, 21, 3], [5, 9, 6, 8], [7, 13, 8, 12], [18, 9, 19, 10], [11, 7, 12, 6], [24, 14, 1, 13], [22, 16, 23, 15], [10, 17, 11, 18], [2, 20, 3, 19], [16, 22, 17, 21]]"
12n_0215_39,"[[16, 22, 17, 21], [14, 24, 15, 23], [4, 2, 5, 1], [20, 4, 21, 3], [5, 9, 6, 8], [7, 13, 8, 12], [18, 9, 19, 10], [11, 7, 12, 6], [24, 14, 1, 13], [22, 16, 23, 15], [10, 17, 11, 18], [2, 20, 3, 19]]"
12n_0215_40,"[[2, 20, 3, 19], [16, 22, 17, 21], [14, 24, 15, 23], [4, 2, 5, 1], [20, 4, 21, 3], [5, 9, 6, 8], [7, 13, 8, 12], [18, 9, 19, 10], [11, 7, 12, 6], [24, 14, 1, 13], [22, 16, 23, 15], [10, 17, 11, 18]]"
12n_0215_41,"[[10, 17, 11, 18], [2, 20, 3, 19], [16, 22, 17, 21], [14, 24, 15, 23], [4, 2, 5, 1], [20, 4, 21, 3], [5, 9, 6, 8], [7, 13, 8, 12], [18, 9, 19, 10], [11, 7, 12, 6], [24, 14, 1, 13], [22, 16, 23, 15]]"
12n_0215_42,"[[22, 16, 23, 15], [10, 17, 11, 18], [2, 20, 3, 19], [16, 22, 17, 21], [14, 24, 15, 23], [4, 2, 5, 1], [20, 4, 21, 3], [5, 9, 6, 8], [7, 13, 8, 12], [18, 9, 19, 10], [11, 7, 12, 6], [24, 14, 1, 13]]"
12n_0215_43,"[[24, 14, 1, 13], [22, 16, 23, 15], [10, 17, 11, 18], [2, 20, 3, 19], [16, 22, 17, 21], [14, 24, 15, 23], [4, 2, 5, 1], [20, 4, 21, 3], [5, 9, 6, 8], [7, 13, 8, 12], [18, 9, 19, 10], [11, 7, 12, 6]]"
12n_0215_44,"[[11, 7, 12, 6], [24, 14, 1, 13], [22, 16, 23, 15], [10, 17, 11, 18], [2, 20, 3, 19], [16, 22, 17, 21], [14, 24, 15, 23], [4, 2, 5, 1], [20, 4, 21, 3], [5, 9, 6, 8], [7, 13, 8, 12], [18, 9, 19, 10]]"
12n_0215_45,"[[18, 9, 19, 10], [11, 7, 12, 6], [24, 14, 1, 13], [22, 16, 23, 15], [10, 17, 11, 18], [2, 20, 3, 19], [16, 22, 17, 21], [14, 24, 15, 23], [4, 2, 5, 1], [20, 4, 21, 3], [5, 9, 6, 8], [7, 13, 8, 12]]"
12n_0215_46,"[[7, 13, 8, 12], [18, 9, 19, 10], [11, 7, 12, 6], [24, 14, 1, 13], [22, 16, 23, 15], [10, 17, 11, 18], [2, 20, 3, 19], [16, 22, 17, 21], [14, 24, 15, 23], [4, 2, 5, 1], [20, 4, 21, 3], [5, 9, 6, 8]]"
12n_0215_47,"[[5, 9, 6, 8], [7, 13, 8, 12], [18, 9, 19, 10], [11, 7, 12, 6], [24, 14, 1, 13], [22, 16, 23, 15], [10, 17, 11, 18], [2, 20, 3, 19], [16, 22, 17, 21], [14, 24, 15, 23], [4, 2, 5, 1], [20, 4, 21, 3]]"
12n_0215_48,"[[21, 5, 22, 4], [6, 10, 7, 9], [8, 14, 9, 13], [19, 10, 20, 11], [12, 8, 13, 7], [1, 15, 2, 14], [23, 17, 24, 16], [11, 18, 12, 19], [3, 21, 4, 20], [17, 23, 18, 22], [15, 1, 16, 24], [5, 3, 6, 2]]"
12n_0215_49,"[[5, 3, 6, 2], [21, 5, 22, 4], [6, 10, 7, 9], [8, 14, 9, 13], [19, 10, 20, 11], [12, 8, 13, 7], [1, 15, 2, 14], [23, 17, 24, 16], [11, 18, 12, 19], [3, 21, 4, 20], [17, 23, 18, 22], [15, 1, 16, 24]]"
12n_0215_50,"[[15, 1, 16, 24], [5, 3, 6, 2], [21, 5, 22, 4], [6, 10, 7, 9], [8, 14, 9, 13], [19, 10, 20, 11], [12, 8, 13, 7], [1, 15, 2, 14], [23, 17, 24, 16], [11, 18, 12, 19], [3, 21, 4, 20], [17, 23, 18, 22]]"
12n_0215_51,"[[17, 23, 18, 22], [15, 1, 16, 24], [5, 3, 6, 2], [21, 5, 22, 4], [6, 10, 7, 9], [8, 14, 9, 13], [19, 10, 20, 11], [12, 8, 13, 7], [1, 15, 2, 14], [23, 17, 24, 16], [11, 18, 12, 19], [3, 21, 4, 20]]"
12n_0215_52,"[[3, 21, 4, 20], [17, 23, 18, 22], [15, 1, 16, 24], [5, 3, 6, 2], [21, 5, 22, 4], [6, 10, 7, 9], [8, 14, 9, 13], [19, 10, 20, 11], [12, 8, 13, 7], [1, 15, 2, 14], [23, 17, 24, 16], [11, 18, 12, 19]]"
12n_0215_53,"[[11, 18, 12, 19], [3, 21, 4, 20], [17, 23, 18, 22], [15, 1, 16, 24], [5, 3, 6, 2], [21, 5, 22, 4], [6, 10, 7, 9], [8, 14, 9, 13], [19, 10, 20, 11], [12, 8, 13, 7], [1, 15, 2, 14], [23, 17, 24, 16]]"
12n_0215_54,"[[23, 17, 24, 16], [11, 18, 12, 19], [3, 21, 4, 20], [17, 23, 18, 22], [15, 1, 16, 24], [5, 3, 6, 2], [21, 5, 22, 4], [6, 10, 7, 9], [8, 14, 9, 13], [19, 10, 20, 11], [12, 8, 13, 7], [1, 15, 2, 14]]"
12n_0215_55,"[[1, 15, 2, 14], [23, 17, 24, 16], [11, 18, 12, 19], [3, 21, 4, 20], [17, 23, 18, 22], [15, 1, 16, 24], [5, 3, 6, 2], [21, 5, 22, 4], [6, 10, 7, 9], [8, 14, 9, 13], [19, 10, 20, 11], [12, 8, 13, 7]]"
12n_0215_56,"[[12, 8, 13, 7], [1, 15, 2, 14], [23, 17, 24, 16], [11, 18, 12, 19], [3, 21, 4, 20], [17, 23, 18, 22], [15, 1, 16, 24], [5, 3, 6, 2], [21, 5, 22, 4], [6, 10, 7, 9], [8, 14, 9, 13], [19, 10, 20, 11]]"
12n_0215_57,"[[19, 10, 20, 11], [12, 8, 13, 7], [1, 15, 2, 14], [23, 17, 24, 16], [11, 18, 12, 19], [3, 21, 4, 20], [17, 23, 18, 22], [15, 1, 16, 24], [5, 3, 6, 2], [21, 5, 22, 4], [6, 10, 7, 9], [8, 14, 9, 13]]"
12n_0215_58,"[[8, 14, 9, 13], [19, 10, 20, 11], [12, 8, 13, 7], [1, 15, 2, 14], [23, 17, 24, 16], [11, 18, 12, 19], [3, 21, 4, 20], [17, 23, 18, 22], [15, 1, 16, 24], [5, 3, 6, 2], [21, 5, 22, 4], [6, 10, 7, 9]]"
12n_0215_59,"[[6, 10, 7, 9], [8, 14, 9, 13], [19, 10, 20, 11], [12, 8, 13, 7], [1, 15, 2, 14], [23, 17, 24, 16], [11, 18, 12, 19], [3, 21, 4, 20], [17, 23, 18, 22], [15, 1, 16, 24], [5, 3, 6, 2], [21, 5, 22, 4]]"
12n_0215_60,"[[22, 6, 23, 5], [7, 11, 8, 10], [9, 15, 10, 14], [20, 11, 21, 12], [13, 9, 14, 8], [2, 16, 3, 15], [24, 18, 1, 17], [12, 19, 13, 20], [4, 22, 5, 21], [18, 24, 19, 23], [16, 2, 17, 1], [6, 4, 7, 3]]"
12n_0215_61,"[[6, 4, 7, 3], [22, 6, 23, 5], [7, 11, 8, 10], [9, 15, 10, 14], [20, 11, 21, 12], [13, 9, 14, 8], [2, 16, 3, 15], [24, 18, 1, 17], [12, 19, 13, 20], [4, 22, 5, 21], [18, 24, 19, 23], [16, 2, 17, 1]]"
12n_0215_62,"[[16, 2, 17, 1], [6, 4, 7, 3], [22, 6, 23, 5], [7, 11, 8, 10], [9, 15, 10, 14], [20, 11, 21, 12], [13, 9, 14, 8], [2, 16, 3, 15], [24, 18, 1, 17], [12, 19, 13, 20], [4, 22, 5, 21], [18, 24, 19, 23]]"
12n_0215_63,"[[18, 24, 19, 23], [16, 2, 17, 1], [6, 4, 7, 3], [22, 6, 23, 5], [7, 11, 8, 10], [9, 15, 10, 14], [20, 11, 21, 12], [13, 9, 14, 8], [2, 16, 3, 15], [24, 18, 1, 17], [12, 19, 13, 20], [4, 22, 5, 21]]"
12n_0215_64,"[[4, 22, 5, 21], [18, 24, 19, 23], [16, 2, 17, 1], [6, 4, 7, 3], [22, 6, 23, 5], [7, 11, 8, 10], [9, 15, 10, 14], [20, 11, 21, 12], [13, 9, 14, 8], [2, 16, 3, 15], [24, 18, 1, 17], [12, 19, 13, 20]]"
12n_0215_65,"[[12, 19, 13, 20], [4, 22, 5, 21], [18, 24, 19, 23], [16, 2, 17, 1], [6, 4, 7, 3], [22, 6, 23, 5], [7, 11, 8, 10], [9, 15, 10, 14], [20, 11, 21, 12], [13, 9, 14, 8], [2, 16, 3, 15], [24, 18, 1, 17]]"
12n_0215_66,"[[24, 18, 1, 17], [12, 19, 13, 20], [4, 22, 5, 21], [18, 24, 19, 23], [16, 2, 17, 1], [6, 4, 7, 3], [22, 6, 23, 5], [7, 11, 8, 10], [9, 15, 10, 14], [20, 11, 21, 12], [13, 9, 14, 8], [2, 16, 3, 15]]"
12n_0215_67,"[[2, 16, 3, 15], [24, 18, 1, 17], [12, 19, 13, 20], [4, 22, 5, 21], [18, 24, 19, 23], [16, 2, 17, 1], [6, 4, 7, 3], [22, 6, 23, 5], [7, 11, 8, 10], [9, 15, 10, 14], [20, 11, 21, 12], [13, 9, 14, 8]]"
12n_0215_68,"[[13, 9, 14, 8], [2, 16, 3, 15], [24, 18, 1, 17], [12, 19, 13, 20], [4, 22, 5, 21], [18, 24, 19, 23], [16, 2, 17, 1], [6, 4, 7, 3], [22, 6, 23, 5], [7, 11, 8, 10], [9, 15, 10, 14], [20, 11, 21, 12]]"
12n_0215_69,"[[20, 11, 21, 12], [13, 9, 14, 8], [2, 16, 3, 15], [24, 18, 1, 17], [12, 19, 13, 20], [4, 22, 5, 21], [18, 24, 19, 23], [16, 2, 17, 1], [6, 4, 7, 3], [22, 6, 23, 5], [7, 11, 8, 10], [9, 15, 10, 14]]"
12n_0215_70,"[[9, 15, 10, 14], [20, 11, 21, 12], [13, 9, 14, 8], [2, 16, 3, 15], [24, 18, 1, 17], [12, 19, 13, 20], [4, 22, 5, 21], [18, 24, 19, 23], [16, 2, 17, 1], [6, 4, 7, 3], [22, 6, 23, 5], [7, 11, 8, 10]]"
12n_0215_71,"[[7, 11, 8, 10], [9, 15, 10, 14], [20, 11, 21, 12], [13, 9, 14, 8], [2, 16, 3, 15], [24, 18, 1, 17], [12, 19, 13, 20], [4, 22, 5, 21], [18, 24, 19, 23], [16, 2, 17, 1], [6, 4, 7, 3], [22, 6, 23, 5]]"
12n_0215_72,"[[23, 7, 24, 6], [8, 12, 9, 11], [10, 16, 11, 15], [21, 12, 22, 13], [14, 10, 15, 9], [3, 17, 4, 16], [1, 19, 2, 18], [13, 20, 14, 21], [5, 23, 6, 22], [19, 1, 20, 24], [17, 3, 18, 2], [7, 5, 8, 4]]"
12n_0215_73,"[[7, 5, 8, 4], [23, 7, 24, 6], [8, 12, 9, 11], [10, 16, 11, 15], [21, 12, 22, 13], [14, 10, 15, 9], [3, 17, 4, 16], [1, 19, 2, 18], [13, 20, 14, 21], [5, 23, 6, 22], [19, 1, 20, 24], [17, 3, 18, 2]]"
12n_0215_74,"[[17, 3, 18, 2], [7, 5, 8, 4], [23, 7, 24, 6], [8, 12, 9, 11], [10, 16, 11, 15], [21, 12, 22, 13], [14, 10, 15, 9], [3, 17, 4, 16], [1, 19, 2, 18], [13, 20, 14, 21], [5, 23, 6, 22], [19, 1, 20, 24]]"
12n_0215_75,"[[19, 1, 20, 24], [17, 3, 18, 2], [7, 5, 8, 4], [23, 7, 24, 6], [8, 12, 9, 11], [10, 16, 11, 15], [21, 12, 22, 13], [14, 10, 15, 9], [3, 17, 4, 16], [1, 19, 2, 18], [13, 20, 14, 21], [5, 23, 6, 22]]"
12n_0215_76,"[[5, 23, 6, 22], [19, 1, 20, 24], [17, 3, 18, 2], [7, 5, 8, 4], [23, 7, 24, 6], [8, 12, 9, 11], [10, 16, 11, 15], [21, 12, 22, 13], [14, 10, 15, 9], [3, 17, 4, 16], [1, 19, 2, 18], [13, 20, 14, 21]]"
12n_0215_77,"[[13, 20, 14, 21], [5, 23, 6, 22], [19, 1, 20, 24], [17, 3, 18, 2], [7, 5, 8, 4], [23, 7, 24, 6], [8, 12, 9, 11], [10, 16, 11, 15], [21, 12, 22, 13], [14, 10, 15, 9], [3, 17, 4, 16], [1, 19, 2, 18]]"
12n_0215_78,"[[1, 19, 2, 18], [13, 20, 14, 21], [5, 23, 6, 22], [19, 1, 20, 24], [17, 3, 18, 2], [7, 5, 8, 4], [23, 7, 24, 6], [8, 12, 9, 11], [10, 16, 11, 15], [21, 12, 22, 13], [14, 10, 15, 9], [3, 17, 4, 16]]"
12n_0215_79,"[[3, 17, 4, 16], [1, 19, 2, 18], [13, 20, 14, 21], [5, 23, 6, 22], [19, 1, 20, 24], [17, 3, 18, 2], [7, 5, 8, 4], [23, 7, 24, 6], [8, 12, 9, 11], [10, 16, 11, 15], [21, 12, 22, 13], [14, 10, 15, 9]]"
12n_0215_80,"[[14, 10, 15, 9], [3, 17, 4, 16], [1, 19, 2, 18], [13, 20, 14, 21], [5, 23, 6, 22], [19, 1, 20, 24], [17, 3, 18, 2], [7, 5, 8, 4], [23, 7, 24, 6], [8, 12, 9, 11], [10, 16, 11, 15], [21, 12, 22, 13]]"
12n_0215_81,"[[21, 12, 22, 13], [14, 10, 15, 9], [3, 17, 4, 16], [1, 19, 2, 18], [13, 20, 14, 21], [5, 23, 6, 22], [19, 1, 20, 24], [17, 3, 18, 2], [7, 5, 8, 4], [23, 7, 24, 6], [8, 12, 9, 11], [10, 16, 11, 15]]"
12n_0215_82,"[[10, 16, 11, 15], [21, 12, 22, 13], [14, 10, 15, 9], [3, 17, 4, 16], [1, 19, 2, 18], [13, 20, 14, 21], [5, 23, 6, 22], [19, 1, 20, 24], [17, 3, 18, 2], [7, 5, 8, 4], [23, 7, 24, 6], [8, 12, 9, 11]]"
12n_0215_83,"[[8, 12, 9, 11], [10, 16, 11, 15], [21, 12, 22, 13], [14, 10, 15, 9], [3, 17, 4, 16], [1, 19, 2, 18], [13, 20, 14, 21], [5, 23, 6, 22], [19, 1, 20, 24], [17, 3, 18, 2], [7, 5, 8, 4], [23, 7, 24, 6]]"
12n_0215_84,"[[24, 8, 1, 7], [9, 13, 10, 12], [11, 17, 12, 16], [22, 13, 23, 14], [15, 11, 16, 10], [4, 18, 5, 17], [2, 20, 3, 19], [14, 21, 15, 22], [6, 24, 7, 23], [20, 2, 21, 1], [18, 4, 19, 3], [8, 6, 9, 5]]"
12n_0215_85,"[[8, 6, 9, 5], [24, 8, 1, 7], [9, 13, 10, 12], [11, 17, 12, 16], [22, 13, 23, 14], [15, 11, 16, 10], [4, 18, 5, 17], [2, 20, 3, 19], [14, 21, 15, 22], [6, 24, 7, 23], [20, 2, 21, 1], [18, 4, 19, 3]]"
12n_0215_86,"[[18, 4, 19, 3], [8, 6, 9, 5], [24, 8, 1, 7], [9, 13, 10, 12], [11, 17, 12, 16], [22, 13, 23, 14], [15, 11, 16, 10], [4, 18, 5, 17], [2, 20, 3, 19], [14, 21, 15, 22], [6, 24, 7, 23], [20, 2, 21, 1]]"
12n_0215_87,"[[20, 2, 21, 1], [18, 4, 19, 3], [8, 6, 9, 5], [24, 8, 1, 7], [9, 13, 10, 12], [11, 17, 12, 16], [22, 13, 23, 14], [15, 11, 16, 10], [4, 18, 5, 17], [2, 20, 3, 19], [14, 21, 15, 22], [6, 24, 7, 23]]"
12n_0215_88,"[[6, 24, 7, 23], [20, 2, 21, 1], [18, 4, 19, 3], [8, 6, 9, 5], [24, 8, 1, 7], [9, 13, 10, 12], [11, 17, 12, 16], [22, 13, 23, 14], [15, 11, 16, 10], [4, 18, 5, 17], [2, 20, 3, 19], [14, 21, 15, 22]]"
12n_0215_89,"[[14, 21, 15, 22], [6, 24, 7, 23], [20, 2, 21, 1], [18, 4, 19, 3], [8, 6, 9, 5], [24, 8, 1, 7], [9, 13, 10, 12], [11, 17, 12, 16], [22, 13, 23, 14], [15, 11, 16, 10], [4, 18, 5, 17], [2, 20, 3, 19]]"
12n_0215_90,"[[2, 20, 3, 19], [14, 21, 15, 22], [6, 24, 7, 23], [20, 2, 21, 1], [18, 4, 19, 3], [8, 6, 9, 5], [24, 8, 1, 7], [9, 13, 10, 12], [11, 17, 12, 16], [22, 13, 23, 14], [15, 11, 16, 10], [4, 18, 5, 17]]"
12n_0215_91,"[[4, 18, 5, 17], [2, 20, 3, 19], [14, 21, 15, 22], [6, 24, 7, 23], [20, 2, 21, 1], [18, 4, 19, 3], [8, 6, 9, 5], [24, 8, 1, 7], [9, 13, 10, 12], [11, 17, 12, 16], [22, 13, 23, 14], [15, 11, 16, 10]]"
12n_0215_92,"[[15, 11, 16, 10], [4, 18, 5, 17], [2, 20, 3, 19], [14, 21, 15, 22], [6, 24, 7, 23], [20, 2, 21, 1], [18, 4, 19, 3], [8, 6, 9, 5], [24, 8, 1, 7], [9, 13, 10, 12], [11, 17, 12, 16], [22, 13, 23, 14]]"
12n_0215_93,"[[22, 13, 23, 14], [15, 11, 16, 10], [4, 18, 5, 17], [2, 20, 3, 19], [14, 21, 15, 22], [6, 24, 7, 23], [20, 2, 21, 1], [18, 4, 19, 3], [8, 6, 9, 5], [24, 8, 1, 7], [9, 13, 10, 12], [11, 17, 12, 16]]"
12n_0215_94,"[[11, 17, 12, 16], [22, 13, 23, 14], [15, 11, 16, 10], [4, 18, 5, 17], [2, 20, 3, 19], [14, 21, 15, 22], [6, 24, 7, 23], [20, 2, 21, 1], [18, 4, 19, 3], [8, 6, 9, 5], [24, 8, 1, 7], [9, 13, 10, 12]]"
12n_0215_95,"[[9, 13, 10, 12], [11, 17, 12, 16], [22, 13, 23, 14], [15, 11, 16, 10], [4, 18, 5, 17], [2, 20, 3, 19], [14, 21, 15, 22], [6, 24, 7, 23], [20, 2, 21, 1], [18, 4, 19, 3], [8, 6, 9, 5], [24, 8, 1, 7]]"
12n_0215_96,"[[1, 9, 2, 8], [10, 14, 11, 13], [12, 18, 13, 17], [23, 14, 24, 15], [16, 12, 17, 11], [5, 19, 6, 18], [3, 21, 4, 20], [15, 22, 16, 23], [7, 1, 8, 24], [21, 3, 22, 2], [19, 5, 20, 4], [9, 7, 10, 6]]"
12n_0215_97,"[[9, 7, 10, 6], [1, 9, 2, 8], [10, 14, 11, 13], [12, 18, 13, 17], [23, 14, 24, 15], [16, 12, 17, 11], [5, 19, 6, 18], [3, 21, 4, 20], [15, 22, 16, 23], [7, 1, 8, 24], [21, 3, 22, 2], [19, 5, 20, 4]]"
12n_0215_98,"[[19, 5, 20, 4], [9, 7, 10, 6], [1, 9, 2, 8], [10, 14, 11, 13], [12, 18, 13, 17], [23, 14, 24, 15], [16, 12, 17, 11], [5, 19, 6, 18], [3, 21, 4, 20], [15, 22, 16, 23], [7, 1, 8, 24], [21, 3, 22, 2]]"
12n_0215_99,"[[21, 3, 22, 2], [19, 5, 20, 4], [9, 7, 10, 6], [1, 9, 2, 8], [10, 14, 11, 13], [12, 18, 13, 17], [23, 14, 24, 15], [16, 12, 17, 11], [5, 19, 6, 18], [3, 21, 4, 20], [15, 22, 16, 23], [7, 1, 8, 24]]"
12n_0215_100,"[[7, 1, 8, 24], [21, 3, 22, 2], [19, 5, 20, 4], [9, 7, 10, 6], [1, 9, 2, 8], [10, 14, 11, 13], [12, 18, 13, 17], [23, 14, 24, 15], [16, 12, 17, 11], [5, 19, 6, 18], [3, 21, 4, 20], [15, 22, 16, 23]]"
12n_0215_101,"[[15, 22, 16, 23], [7, 1, 8, 24], [21, 3, 22, 2], [19, 5, 20, 4], [9, 7, 10, 6], [1, 9, 2, 8], [10, 14, 11, 13], [12, 18, 13, 17], [23, 14, 24, 15], [16, 12, 17, 11], [5, 19, 6, 18], [3, 21, 4, 20]]"
12n_0215_102,"[[3, 21, 4, 20], [15, 22, 16, 23], [7, 1, 8, 24], [21, 3, 22, 2], [19, 5, 20, 4], [9, 7, 10, 6], [1, 9, 2, 8], [10, 14, 11, 13], [12, 18, 13, 17], [23, 14, 24, 15], [16, 12, 17, 11], [5, 19, 6, 18]]"
12n_0215_103,"[[5, 19, 6, 18], [3, 21, 4, 20], [15, 22, 16, 23], [7, 1, 8, 24], [21, 3, 22, 2], [19, 5, 20, 4], [9, 7, 10, 6], [1, 9, 2, 8], [10, 14, 11, 13], [12, 18, 13, 17], [23, 14, 24, 15], [16, 12, 17, 11]]"
12n_0215_104,"[[16, 12, 17, 11], [5, 19, 6, 18], [3, 21, 4, 20], [15, 22, 16, 23], [7, 1, 8, 24], [21, 3, 22, 2], [19, 5, 20, 4], [9, 7, 10, 6], [1, 9, 2, 8], [10, 14, 11, 13], [12, 18, 13, 17], [23, 14, 24, 15]]"
12n_0215_105,"[[23, 14, 24, 15], [16, 12, 17, 11], [5, 19, 6, 18], [3, 21, 4, 20], [15, 22, 16, 23], [7, 1, 8, 24], [21, 3, 22, 2], [19, 5, 20, 4], [9, 7, 10, 6], [1, 9, 2, 8], [10, 14, 11, 13], [12, 18, 13, 17]]"
12n_0215_106,"[[12, 18, 13, 17], [23, 14, 24, 15], [16, 12, 17, 11], [5, 19, 6, 18], [3, 21, 4, 20], [15, 22, 16, 23], [7, 1, 8, 24], [21, 3, 22, 2], [19, 5, 20, 4], [9, 7, 10, 6], [1, 9, 2, 8], [10, 14, 11, 13]]"
12n_0215_107,"[[10, 14, 11, 13], [12, 18, 13, 17], [23, 14, 24, 15], [16, 12, 17, 11], [5, 19, 6, 18], [3, 21, 4, 20], [15, 22, 16, 23], [7, 1, 8, 24], [21, 3, 22, 2], [19, 5, 20, 4], [9, 7, 10, 6], [1, 9, 2, 8]]"
12n_0215_108,"[[2, 10, 3, 9], [11, 15, 12, 14], [13, 19, 14, 18], [24, 15, 1, 16], [17, 13, 18, 12], [6, 20, 7, 19], [4, 22, 5, 21], [16, 23, 17, 24], [8, 2, 9, 1], [22, 4, 23, 3], [20, 6, 21, 5], [10, 8, 11, 7]]"
12n_0215_109,"[[10, 8, 11, 7], [2, 10, 3, 9], [11, 15, 12, 14], [13, 19, 14, 18], [24, 15, 1, 16], [17, 13, 18, 12], [6, 20, 7, 19], [4, 22, 5, 21], [16, 23, 17, 24], [8, 2, 9, 1], [22, 4, 23, 3], [20, 6, 21, 5]]"
12n_0215_110,"[[20, 6, 21, 5], [10, 8, 11, 7], [2, 10, 3, 9], [11, 15, 12, 14], [13, 19, 14, 18], [24, 15, 1, 16], [17, 13, 18, 12], [6, 20, 7, 19], [4, 22, 5, 21], [16, 23, 17, 24], [8, 2, 9, 1], [22, 4, 23, 3]]"
12n_0215_111,"[[22, 4, 23, 3], [20, 6, 21, 5], [10, 8, 11, 7], [2, 10, 3, 9], [11, 15, 12, 14], [13, 19, 14, 18], [24, 15, 1, 16], [17, 13, 18, 12], [6, 20, 7, 19], [4, 22, 5, 21], [16, 23, 17, 24], [8, 2, 9, 1]]"
12n_0215_112,"[[8, 2, 9, 1], [22, 4, 23, 3], [20, 6, 21, 5], [10, 8, 11, 7], [2, 10, 3, 9], [11, 15, 12, 14], [13, 19, 14, 18], [24, 15, 1, 16], [17, 13, 18, 12], [6, 20, 7, 19], [4, 22, 5, 21], [16, 23, 17, 24]]"
12n_0215_113,"[[16, 23, 17, 24], [8, 2, 9, 1], [22, 4, 23, 3], [20, 6, 21, 5], [10, 8, 11, 7], [2, 10, 3, 9], [11, 15, 12, 14], [13, 19, 14, 18], [24, 15, 1, 16], [17, 13, 18, 12], [6, 20, 7, 19], [4, 22, 5, 21]]"
12n_0215_114,"[[4, 22, 5, 21], [16, 23, 17, 24], [8, 2, 9, 1], [22, 4, 23, 3], [20, 6, 21, 5], [10, 8, 11, 7], [2, 10, 3, 9], [11, 15, 12, 14], [13, 19, 14, 18], [24, 15, 1, 16], [17, 13, 18, 12], [6, 20, 7, 19]]"
12n_0215_115,"[[6, 20, 7, 19], [4, 22, 5, 21], [16, 23, 17, 24], [8, 2, 9, 1], [22, 4, 23, 3], [20, 6, 21, 5], [10, 8, 11, 7], [2, 10, 3, 9], [11, 15, 12, 14], [13, 19, 14, 18], [24, 15, 1, 16], [17, 13, 18, 12]]"
12n_0215_116,"[[17, 13, 18, 12], [6, 20, 7, 19], [4, 22, 5, 21], [16, 23, 17, 24], [8, 2, 9, 1], [22, 4, 23, 3], [20, 6, 21, 5], [10, 8, 11, 7], [2, 10, 3, 9], [11, 15, 12, 14], [13, 19, 14, 18], [24, 15, 1, 16]]"
12n_0215_117,"[[24, 15, 1, 16], [17, 13, 18, 12], [6, 20, 7, 19], [4, 22, 5, 21], [16, 23, 17, 24], [8, 2, 9, 1], [22, 4, 23, 3], [20, 6, 21, 5], [10, 8, 11, 7], [2, 10, 3, 9], [11, 15, 12, 14], [13, 19, 14, 18]]"
12n_0215_118,"[[13, 19, 14, 18], [24, 15, 1, 16], [17, 13, 18, 12], [6, 20, 7, 19], [4, 22, 5, 21], [16, 23, 17, 24], [8, 2, 9, 1], [22, 4, 23, 3], [20, 6, 21, 5], [10, 8, 11, 7], [2, 10, 3, 9], [11, 15, 12, 14]]"
12n_0215_119,"[[11, 15, 12, 14], [13, 19, 14, 18], [24, 15, 1, 16], [17, 13, 18, 12], [6, 20, 7, 19], [4, 22, 5, 21], [16, 23, 17, 24], [8, 2, 9, 1], [22, 4, 23, 3], [20, 6, 21, 5], [10, 8, 11, 7], [2, 10, 3, 9]]"
12n_0215_120,"[[3, 11, 4, 10], [12, 16, 13, 15], [14, 20, 15, 19], [1, 16, 2, 17], [18, 14, 19, 13], [7, 21, 8, 20], [5, 23, 6, 22], [17, 24, 18, 1], [9, 3, 10, 2], [23, 5, 24, 4], [21, 7, 22, 6], [11, 9, 12, 8]]"
12n_0215_121,"[[11, 9, 12, 8], [3, 11, 4, 10], [12, 16, 13, 15], [14, 20, 15, 19], [1, 16, 2, 17], [18, 14, 19, 13], [7, 21, 8, 20], [5, 23, 6, 22], [17, 24, 18, 1], [9, 3, 10, 2], [23, 5, 24, 4], [21, 7, 22, 6]]"
12n_0215_122,"[[21, 7, 22, 6], [11, 9, 12, 8], [3, 11, 4, 10], [12, 16, 13, 15], [14, 20, 15, 19], [1, 16, 2, 17], [18, 14, 19, 13], [7, 21, 8, 20], [5, 23, 6, 22], [17, 24, 18, 1], [9, 3, 10, 2], [23, 5, 24, 4]]"
12n_0215_123,"[[23, 5, 24, 4], [21, 7, 22, 6], [11, 9, 12, 8], [3, 11, 4, 10], [12, 16, 13, 15], [14, 20, 15, 19], [1, 16, 2, 17], [18, 14, 19, 13], [7, 21, 8, 20], [5, 23, 6, 22], [17, 24, 18, 1], [9, 3, 10, 2]]"
12n_0215_124,"[[9, 3, 10, 2], [23, 5, 24, 4], [21, 7, 22, 6], [11, 9, 12, 8], [3, 11, 4, 10], [12, 16, 13, 15], [14, 20, 15, 19], [1, 16, 2, 17], [18, 14, 19, 13], [7, 21, 8, 20], [5, 23, 6, 22], [17, 24, 18, 1]]"
12n_0215_125,"[[17, 24, 18, 1], [9, 3, 10, 2], [23, 5, 24, 4], [21, 7, 22, 6], [11, 9, 12, 8], [3, 11, 4, 10], [12, 16, 13, 15], [14, 20, 15, 19], [1, 16, 2, 17], [18, 14, 19, 13], [7, 21, 8, 20], [5, 23, 6, 22]]"
12n_0215_126,"[[5, 23, 6, 22], [17, 24, 18, 1], [9, 3, 10, 2], [23, 5, 24, 4], [21, 7, 22, 6], [11, 9, 12, 8], [3, 11, 4, 10], [12, 16, 13, 15], [14, 20, 15, 19], [1, 16, 2, 17], [18, 14, 19, 13], [7, 21, 8, 20]]"
12n_0215_127,"[[7, 21, 8, 20], [5, 23, 6, 22], [17, 24, 18, 1], [9, 3, 10, 2], [23, 5, 24, 4], [21, 7, 22, 6], [11, 9, 12, 8], [3, 11, 4, 10], [12, 16, 13, 15], [14, 20, 15, 19], [1, 16, 2, 17], [18, 14, 19, 13]]"
12n_0215_128,"[[18, 14, 19, 13], [7, 21, 8, 20], [5, 23, 6, 22], [17, 24, 18, 1], [9, 3, 10, 2], [23, 5, 24, 4], [21, 7, 22, 6], [11, 9, 12, 8], [3, 11, 4, 10], [12, 16, 13, 15], [14, 20, 15, 19], [1, 16, 2, 17]]"
12n_0215_129,"[[1, 16, 2, 17], [18, 14, 19, 13], [7, 21, 8, 20], [5, 23, 6, 22], [17, 24, 18, 1], [9, 3, 10, 2], [23, 5, 24, 4], [21, 7, 22, 6], [11, 9, 12, 8], [3, 11, 4, 10], [12, 16, 13, 15], [14, 20, 15, 19]]"
12n_0215_130,"[[14, 20, 15, 19], [1, 16, 2, 17], [18, 14, 19, 13], [7, 21, 8, 20], [5, 23, 6, 22], [17, 24, 18, 1], [9, 3, 10, 2], [23, 5, 24, 4], [21, 7, 22, 6], [11, 9, 12, 8], [3, 11, 4, 10], [12, 16, 13, 15]]"
12n_0215_131,"[[12, 16, 13, 15], [14, 20, 15, 19], [1, 16, 2, 17], [18, 14, 19, 13], [7, 21, 8, 20], [5, 23, 6, 22], [17, 24, 18, 1], [9, 3, 10, 2], [23, 5, 24, 4], [21, 7, 22, 6], [11, 9, 12, 8], [3, 11, 4, 10]]"
12n_0215_132,"[[4, 12, 5, 11], [13, 17, 14, 16], [15, 21, 16, 20], [2, 17, 3, 18], [19, 15, 20, 14], [8, 22, 9, 21], [6, 24, 7, 23], [18, 1, 19, 2], [10, 4, 11, 3], [24, 6, 1, 5], [22, 8, 23, 7], [12, 10, 13, 9]]"
12n_0215_133,"[[12, 10, 13, 9], [4, 12, 5, 11], [13, 17, 14, 16], [15, 21, 16, 20], [2, 17, 3, 18], [19, 15, 20, 14], [8, 22, 9, 21], [6, 24, 7, 23], [18, 1, 19, 2], [10, 4, 11, 3], [24, 6, 1, 5], [22, 8, 23, 7]]"
12n_0215_134,"[[22, 8, 23, 7], [12, 10, 13, 9], [4, 12, 5, 11], [13, 17, 14, 16], [15, 21, 16, 20], [2, 17, 3, 18], [19, 15, 20, 14], [8, 22, 9, 21], [6, 24, 7, 23], [18, 1, 19, 2], [10, 4, 11, 3], [24, 6, 1, 5]]"
12n_0215_135,"[[24, 6, 1, 5], [22, 8, 23, 7], [12, 10, 13, 9], [4, 12, 5, 11], [13, 17, 14, 16], [15, 21, 16, 20], [2, 17, 3, 18], [19, 15, 20, 14], [8, 22, 9, 21], [6, 24, 7, 23], [18, 1, 19, 2], [10, 4, 11, 3]]"
12n_0215_136,"[[10, 4, 11, 3], [24, 6, 1, 5], [22, 8, 23, 7], [12, 10, 13, 9], [4, 12, 5, 11], [13, 17, 14, 16], [15, 21, 16, 20], [2, 17, 3, 18], [19, 15, 20, 14], [8, 22, 9, 21], [6, 24, 7, 23], [18, 1, 19, 2]]"
12n_0215_137,"[[18, 1, 19, 2], [10, 4, 11, 3], [24, 6, 1, 5], [22, 8, 23, 7], [12, 10, 13, 9], [4, 12, 5, 11], [13, 17, 14, 16], [15, 21, 16, 20], [2, 17, 3, 18], [19, 15, 20, 14], [8, 22, 9, 21], [6, 24, 7, 23]]"
12n_0215_138,"[[6, 24, 7, 23], [18, 1, 19, 2], [10, 4, 11, 3], [24, 6, 1, 5], [22, 8, 23, 7], [12, 10, 13, 9], [4, 12, 5, 11], [13, 17, 14, 16], [15, 21, 16, 20], [2, 17, 3, 18], [19, 15, 20, 14], [8, 22, 9, 21]]"
12n_0215_139,"[[8, 22, 9, 21], [6, 24, 7, 23], [18, 1, 19, 2], [10, 4, 11, 3], [24, 6, 1, 5], [22, 8, 23, 7], [12, 10, 13, 9], [4, 12, 5, 11], [13, 17, 14, 16], [15, 21, 16, 20], [2, 17, 3, 18], [19, 15, 20, 14]]"
12n_0215_140,"[[19, 15, 20, 14], [8, 22, 9, 21], [6, 24, 7, 23], [18, 1, 19, 2], [10, 4, 11, 3], [24, 6, 1, 5], [22, 8, 23, 7], [12, 10, 13, 9], [4, 12, 5, 11], [13, 17, 14, 16], [15, 21, 16, 20], [2, 17, 3, 18]]"
12n_0215_141,"[[2, 17, 3, 18], [19, 15, 20, 14], [8, 22, 9, 21], [6, 24, 7, 23], [18, 1, 19, 2], [10, 4, 11, 3], [24, 6, 1, 5], [22, 8, 23, 7], [12, 10, 13, 9], [4, 12, 5, 11], [13, 17, 14, 16], [15, 21, 16, 20]]"
12n_0215_142,"[[15, 21, 16, 20], [2, 17, 3, 18], [19, 15, 20, 14], [8, 22, 9, 21], [6, 24, 7, 23], [18, 1, 19, 2], [10, 4, 11, 3], [24, 6, 1, 5], [22, 8, 23, 7], [12, 10, 13, 9], [4, 12, 5, 11], [13, 17, 14, 16]]"
12n_0215_143,"[[13, 17, 14, 16], [15, 21, 16, 20], [2, 17, 3, 18], [19, 15, 20, 14], [8, 22, 9, 21], [6, 24, 7, 23], [18, 1, 19, 2], [10, 4, 11, 3], [24, 6, 1, 5], [22, 8, 23, 7], [12, 10, 13, 9], [4, 12, 5, 11]]"
12n_0215_144,"[[5, 13, 6, 12], [14, 18, 15, 17], [16, 22, 17, 21], [3, 18, 4, 19], [20, 16, 21, 15], [9, 23, 10, 22], [7, 1, 8, 24], [19, 2, 20, 3], [11, 5, 12, 4], [1, 7, 2, 6], [23, 9, 24, 8], [13, 11, 14, 10]]"
12n_0215_145,"[[13, 11, 14, 10], [5, 13, 6, 12], [14, 18, 15, 17], [16, 22, 17, 21], [3, 18, 4, 19], [20, 16, 21, 15], [9, 23, 10, 22], [7, 1, 8, 24], [19, 2, 20, 3], [11, 5, 12, 4], [1, 7, 2, 6], [23, 9, 24, 8]]"
12n_0215_146,"[[23, 9, 24, 8], [13, 11, 14, 10], [5, 13, 6, 12], [14, 18, 15, 17], [16, 22, 17, 21], [3, 18, 4, 19], [20, 16, 21, 15], [9, 23, 10, 22], [7, 1, 8, 24], [19, 2, 20, 3], [11, 5, 12, 4], [1, 7, 2, 6]]"
12n_0215_147,"[[1, 7, 2, 6], [23, 9, 24, 8], [13, 11, 14, 10], [5, 13, 6, 12], [14, 18, 15, 17], [16, 22, 17, 21], [3, 18, 4, 19], [20, 16, 21, 15], [9, 23, 10, 22], [7, 1, 8, 24], [19, 2, 20, 3], [11, 5, 12, 4]]"
12n_0215_148,"[[11, 5, 12, 4], [1, 7, 2, 6], [23, 9, 24, 8], [13, 11, 14, 10], [5, 13, 6, 12], [14, 18, 15, 17], [16, 22, 17, 21], [3, 18, 4, 19], [20, 16, 21, 15], [9, 23, 10, 22], [7, 1, 8, 24], [19, 2, 20, 3]]"
12n_0215_149,"[[19, 2, 20, 3], [11, 5, 12, 4], [1, 7, 2, 6], [23, 9, 24, 8], [13, 11, 14, 10], [5, 13, 6, 12], [14, 18, 15, 17], [16, 22, 17, 21], [3, 18, 4, 19], [20, 16, 21, 15], [9, 23, 10, 22], [7, 1, 8, 24]]"
12n_0215_150,"[[7, 1, 8, 24], [19, 2, 20, 3], [11, 5, 12, 4], [1, 7, 2, 6], [23, 9, 24, 8], [13, 11, 14, 10], [5, 13, 6, 12], [14, 18, 15, 17], [16, 22, 17, 21], [3, 18, 4, 19], [20, 16, 21, 15], [9, 23, 10, 22]]"
12n_0215_151,"[[9, 23, 10, 22], [7, 1, 8, 24], [19, 2, 20, 3], [11, 5, 12, 4], [1, 7, 2, 6], [23, 9, 24, 8], [13, 11, 14, 10], [5, 13, 6, 12], [14, 18, 15, 17], [16, 22, 17, 21], [3, 18, 4, 19], [20, 16, 21, 15]]"
12n_0215_152,"[[20, 16, 21, 15], [9, 23, 10, 22], [7, 1, 8, 24], [19, 2, 20, 3], [11, 5, 12, 4], [1, 7, 2, 6], [23, 9, 24, 8], [13, 11, 14, 10], [5, 13, 6, 12], [14, 18, 15, 17], [16, 22, 17, 21], [3, 18, 4, 19]]"
12n_0215_153,"[[3, 18, 4, 19], [20, 16, 21, 15], [9, 23, 10, 22], [7, 1, 8, 24], [19, 2, 20, 3], [11, 5, 12, 4], [1, 7, 2, 6], [23, 9, 24, 8], [13, 11, 14, 10], [5, 13, 6, 12], [14, 18, 15, 17], [16, 22, 17, 21]]"
12n_0215_154,"[[16, 22, 17, 21], [3, 18, 4, 19], [20, 16, 21, 15], [9, 23, 10, 22], [7, 1, 8, 24], [19, 2, 20, 3], [11, 5, 12, 4], [1, 7, 2, 6], [23, 9, 24, 8], [13, 11, 14, 10], [5, 13, 6, 12], [14, 18, 15, 17]]"
12n_0215_155,"[[14, 18, 15, 17], [16, 22, 17, 21], [3, 18, 4, 19], [20, 16, 21, 15], [9, 23, 10, 22], [7, 1, 8, 24], [19, 2, 20, 3], [11, 5, 12, 4], [1, 7, 2, 6], [23, 9, 24, 8], [13, 11, 14, 10], [5, 13, 6, 12]]"
12n_0215_156,"[[6, 14, 7, 13], [15, 19, 16, 18], [17, 23, 18, 22], [4, 19, 5, 20], [21, 17, 22, 16], [10, 24, 11, 23], [8, 2, 9, 1], [20, 3, 21, 4], [12, 6, 13, 5], [2, 8, 3, 7], [24, 10, 1, 9], [14, 12, 15, 11]]"
12n_0215_157,"[[14, 12, 15, 11], [6, 14, 7, 13], [15, 19, 16, 18], [17, 23, 18, 22], [4, 19, 5, 20], [21, 17, 22, 16], [10, 24, 11, 23], [8, 2, 9, 1], [20, 3, 21, 4], [12, 6, 13, 5], [2, 8, 3, 7], [24, 10, 1, 9]]"
12n_0215_158,"[[24, 10, 1, 9], [14, 12, 15, 11], [6, 14, 7, 13], [15, 19, 16, 18], [17, 23, 18, 22], [4, 19, 5, 20], [21, 17, 22, 16], [10, 24, 11, 23], [8, 2, 9, 1], [20, 3, 21, 4], [12, 6, 13, 5], [2, 8, 3, 7]]"
12n_0215_159,"[[2, 8, 3, 7], [24, 10, 1, 9], [14, 12, 15, 11], [6, 14, 7, 13], [15, 19, 16, 18], [17, 23, 18, 22], [4, 19, 5, 20], [21, 17, 22, 16], [10, 24, 11, 23], [8, 2, 9, 1], [20, 3, 21, 4], [12, 6, 13, 5]]"
12n_0215_160,"[[12, 6, 13, 5], [2, 8, 3, 7], [24, 10, 1, 9], [14, 12, 15, 11], [6, 14, 7, 13], [15, 19, 16, 18], [17, 23, 18, 22], [4, 19, 5, 20], [21, 17, 22, 16], [10, 24, 11, 23], [8, 2, 9, 1], [20, 3, 21, 4]]"
12n_0215_161,"[[20, 3, 21, 4], [12, 6, 13, 5], [2, 8, 3, 7], [24, 10, 1, 9], [14, 12, 15, 11], [6, 14, 7, 13], [15, 19, 16, 18], [17, 23, 18, 22], [4, 19, 5, 20], [21, 17, 22, 16], [10, 24, 11, 23], [8, 2, 9, 1]]"
12n_0215_162,"[[8, 2, 9, 1], [20, 3, 21, 4], [12, 6, 13, 5], [2, 8, 3, 7], [24, 10, 1, 9], [14, 12, 15, 11], [6, 14, 7, 13], [15, 19, 16, 18], [17, 23, 18, 22], [4, 19, 5, 20], [21, 17, 22, 16], [10, 24, 11, 23]]"
12n_0215_163,"[[10, 24, 11, 23], [8, 2, 9, 1], [20, 3, 21, 4], [12, 6, 13, 5], [2, 8, 3, 7], [24, 10, 1, 9], [14, 12, 15, 11], [6, 14, 7, 13], [15, 19, 16, 18], [17, 23, 18, 22], [4, 19, 5, 20], [21, 17, 22, 16]]"
12n_0215_164,"[[21, 17, 22, 16], [10, 24, 11, 23], [8, 2, 9, 1], [20, 3, 21, 4], [12, 6, 13, 5], [2, 8, 3, 7], [24, 10, 1, 9], [14, 12, 15, 11], [6, 14, 7, 13], [15, 19, 16, 18], [17, 23, 18, 22], [4, 19, 5, 20]]"
12n_0215_165,"[[4, 19, 5, 20], [21, 17, 22, 16], [10, 24, 11, 23], [8, 2, 9, 1], [20, 3, 21, 4], [12, 6, 13, 5], [2, 8, 3, 7], [24, 10, 1, 9], [14, 12, 15, 11], [6, 14, 7, 13], [15, 19, 16, 18], [17, 23, 18, 22]]"
12n_0215_166,"[[17, 23, 18, 22], [4, 19, 5, 20], [21, 17, 22, 16], [10, 24, 11, 23], [8, 2, 9, 1], [20, 3, 21, 4], [12, 6, 13, 5], [2, 8, 3, 7], [24, 10, 1, 9], [14, 12, 15, 11], [6, 14, 7, 13], [15, 19, 16, 18]]"
12n_0215_167,"[[15, 19, 16, 18], [17, 23, 18, 22], [4, 19, 5, 20], [21, 17, 22, 16], [10, 24, 11, 23], [8, 2, 9, 1], [20, 3, 21, 4], [12, 6, 13, 5], [2, 8, 3, 7], [24, 10, 1, 9], [14, 12, 15, 11], [6, 14, 7, 13]]"
12n_0215_168,"[[7, 15, 8, 14], [16, 20, 17, 19], [18, 24, 19, 23], [5, 20, 6, 21], [22, 18, 23, 17], [11, 1, 12, 24], [9, 3, 10, 2], [21, 4, 22, 5], [13, 7, 14, 6], [3, 9, 4, 8], [1, 11, 2, 10], [15, 13, 16, 12]]"
12n_0215_169,"[[15, 13, 16, 12], [7, 15, 8, 14], [16, 20, 17, 19], [18, 24, 19, 23], [5, 20, 6, 21], [22, 18, 23, 17], [11, 1, 12, 24], [9, 3, 10, 2], [21, 4, 22, 5], [13, 7, 14, 6], [3, 9, 4, 8], [1, 11, 2, 10]]"
12n_0215_170,"[[1, 11, 2, 10], [15, 13, 16, 12], [7, 15, 8, 14], [16, 20, 17, 19], [18, 24, 19, 23], [5, 20, 6, 21], [22, 18, 23, 17], [11, 1, 12, 24], [9, 3, 10, 2], [21, 4, 22, 5], [13, 7, 14, 6], [3, 9, 4, 8]]"
12n_0215_171,"[[3, 9, 4, 8], [1, 11, 2, 10], [15, 13, 16, 12], [7, 15, 8, 14], [16, 20, 17, 19], [18, 24, 19, 23], [5, 20, 6, 21], [22, 18, 23, 17], [11, 1, 12, 24], [9, 3, 10, 2], [21, 4, 22, 5], [13, 7, 14, 6]]"
12n_0215_172,"[[13, 7, 14, 6], [3, 9, 4, 8], [1, 11, 2, 10], [15, 13, 16, 12], [7, 15, 8, 14], [16, 20, 17, 19], [18, 24, 19, 23], [5, 20, 6, 21], [22, 18, 23, 17], [11, 1, 12, 24], [9, 3, 10, 2], [21, 4, 22, 5]]"
12n_0215_173,"[[21, 4, 22, 5], [13, 7, 14, 6], [3, 9, 4, 8], [1, 11, 2, 10], [15, 13, 16, 12], [7, 15, 8, 14], [16, 20, 17, 19], [18, 24, 19, 23], [5, 20, 6, 21], [22, 18, 23, 17], [11, 1, 12, 24], [9, 3, 10, 2]]"
12n_0215_174,"[[9, 3, 10, 2], [21, 4, 22, 5], [13, 7, 14, 6], [3, 9, 4, 8], [1, 11, 2, 10], [15, 13, 16, 12], [7, 15, 8, 14], [16, 20, 17, 19], [18, 24, 19, 23], [5, 20, 6, 21], [22, 18, 23, 17], [11, 1, 12, 24]]"
12n_0215_175,"[[11, 1, 12, 24], [9, 3, 10, 2], [21, 4, 22, 5], [13, 7, 14, 6], [3, 9, 4, 8], [1, 11, 2, 10], [15, 13, 16, 12], [7, 15, 8, 14], [16, 20, 17, 19], [18, 24, 19, 23], [5, 20, 6, 21], [22, 18, 23, 17]]"
12n_0215_176,"[[22, 18, 23, 17], [11, 1, 12, 24], [9, 3, 10, 2], [21, 4, 22, 5], [13, 7, 14, 6], [3, 9, 4, 8], [1, 11, 2, 10], [15, 13, 16, 12], [7, 15, 8, 14], [16, 20, 17, 19], [18, 24, 19, 23], [5, 20, 6, 21]]"
12n_0215_177,"[[5, 20, 6, 21], [22, 18, 23, 17], [11, 1, 12, 24], [9, 3, 10, 2], [21, 4, 22, 5], [13, 7, 14, 6], [3, 9, 4, 8], [1, 11, 2, 10], [15, 13, 16, 12], [7, 15, 8, 14], [16, 20, 17, 19], [18, 24, 19, 23]]"
12n_0215_178,"[[18, 24, 19, 23], [5, 20, 6, 21], [22, 18, 23, 17], [11, 1, 12, 24], [9, 3, 10, 2], [21, 4, 22, 5], [13, 7, 14, 6], [3, 9, 4, 8], [1, 11, 2, 10], [15, 13, 16, 12], [7, 15, 8, 14], [16, 20, 17, 19]]"
12n_0215_179,"[[16, 20, 17, 19], [18, 24, 19, 23], [5, 20, 6, 21], [22, 18, 23, 17], [11, 1, 12, 24], [9, 3, 10, 2], [21, 4, 22, 5], [13, 7, 14, 6], [3, 9, 4, 8], [1, 11, 2, 10], [15, 13, 16, 12], [7, 15, 8, 14]]"
12n_0215_180,"[[8, 16, 9, 15], [17, 21, 18, 20], [19, 1, 20, 24], [6, 21, 7, 22], [23, 19, 24, 18], [12, 2, 13, 1], [10, 4, 11, 3], [22, 5, 23, 6], [14, 8, 15, 7], [4, 10, 5, 9], [2, 12, 3, 11], [16, 14, 17, 13]]"
12n_0215_181,"[[16, 14, 17, 13], [8, 16, 9, 15], [17, 21, 18, 20], [19, 1, 20, 24], [6, 21, 7, 22], [23, 19, 24, 18], [12, 2, 13, 1], [10, 4, 11, 3], [22, 5, 23, 6], [14, 8, 15, 7], [4, 10, 5, 9], [2, 12, 3, 11]]"
12n_0215_182,"[[2, 12, 3, 11], [16, 14, 17, 13], [8, 16, 9, 15], [17, 21, 18, 20], [19, 1, 20, 24], [6, 21, 7, 22], [23, 19, 24, 18], [12, 2, 13, 1], [10, 4, 11, 3], [22, 5, 23, 6], [14, 8, 15, 7], [4, 10, 5, 9]]"
12n_0215_183,"[[4, 10, 5, 9], [2, 12, 3, 11], [16, 14, 17, 13], [8, 16, 9, 15], [17, 21, 18, 20], [19, 1, 20, 24], [6, 21, 7, 22], [23, 19, 24, 18], [12, 2, 13, 1], [10, 4, 11, 3], [22, 5, 23, 6], [14, 8, 15, 7]]"
12n_0215_184,"[[14, 8, 15, 7], [4, 10, 5, 9], [2, 12, 3, 11], [16, 14, 17, 13], [8, 16, 9, 15], [17, 21, 18, 20], [19, 1, 20, 24], [6, 21, 7, 22], [23, 19, 24, 18], [12, 2, 13, 1], [10, 4, 11, 3], [22, 5, 23, 6]]"
12n_0215_185,"[[22, 5, 23, 6], [14, 8, 15, 7], [4, 10, 5, 9], [2, 12, 3, 11], [16, 14, 17, 13], [8, 16, 9, 15], [17, 21, 18, 20], [19, 1, 20, 24], [6, 21, 7, 22], [23, 19, 24, 18], [12, 2, 13, 1], [10, 4, 11, 3]]"
