name,pd_notation
12n_0678_0,"[[15, 24, 16, 1], [2, 8, 3, 7], [4, 10, 5, 9], [6, 14, 7, 13], [8, 4, 9, 3], [10, 20, 11, 19], [12, 6, 13, 5], [21, 14, 22, 15], [23, 16, 24, 17], [18, 12, 19, 11], [1, 20, 2, 21], [17, 22, 18, 23]]"
12n_0678_1,"[[17, 22, 18, 23], [15, 24, 16, 1], [2, 8, 3, 7], [4, 10, 5, 9], [6, 14, 7, 13], [8, 4, 9, 3], [10, 20, 11, 19], [12, 6, 13, 5], [21, 14, 22, 15], [23, 16, 24, 17], [18, 12, 19, 11], [1, 20, 2, 21]]"
12n_0678_2,"[[1, 20, 2, 21], [17, 22, 18, 23], [15, 24, 16, 1], [2, 8, 3, 7], [4, 10, 5, 9], [6, 14, 7, 13], [8, 4, 9, 3], [10, 20, 11, 19], [12, 6, 13, 5], [21, 14, 22, 15], [23, 16, 24, 17], [18, 12, 19, 11]]"
12n_0678_3,"[[18, 12, 19, 11], [1, 20, 2, 21], [17, 22, 18, 23], [15, 24, 16, 1], [2, 8, 3, 7], [4, 10, 5, 9], [6, 14, 7, 13], [8, 4, 9, 3], [10, 20, 11, 19], [12, 6, 13, 5], [21, 14, 22, 15], [23, 16, 24, 17]]"
12n_0678_4,"[[23, 16, 24, 17], [18, 12, 19, 11], [1, 20, 2, 21], [17, 22, 18, 23], [15, 24, 16, 1], [2, 8, 3, 7], [4, 10, 5, 9], [6, 14, 7, 13], [8, 4, 9, 3], [10, 20, 11, 19], [12, 6, 13, 5], [21, 14, 22, 15]]"
12n_0678_5,"[[21, 14, 22, 15], [23, 16, 24, 17], [18, 12, 19, 11], [1, 20, 2, 21], [17, 22, 18, 23], [15, 24, 16, 1], [2, 8, 3, 7], [4, 10, 5, 9], [6, 14, 7, 13], [8, 4, 9, 3], [10, 20, 11, 19], [12, 6, 13, 5]]"
12n_0678_6,"[[12, 6, 13, 5], [21, 14, 22, 15], [23, 16, 24, 17], [18, 12, 19, 11], [1, 20, 2, 21], [17, 22, 18, 23], [15, 24, 16, 1], [2, 8, 3, 7], [4, 10, 5, 9], [6, 14, 7, 13], [8, 4, 9, 3], [10, 20, 11, 19]]"
12n_0678_7,"[[10, 20, 11, 19], [12, 6, 13, 5], [21, 14, 22, 15], [23, 16, 24, 17], [18, 12, 19, 11], [1, 20, 2, 21], [17, 22, 18, 23], [15, 24, 16, 1], [2, 8, 3, 7], [4, 10, 5, 9], [6, 14, 7, 13], [8, 4, 9, 3]]"
12n_0678_8,"[[8, 4, 9, 3], [10, 20, 11, 19], [12, 6, 13, 5], [21, 14, 22, 15], [23, 16, 24, 17], [18, 12, 19, 11], [1, 20, 2, 21], [17, 22, 18, 23], [15, 24, 16, 1], [2, 8, 3, 7], [4, 10, 5, 9], [6, 14, 7, 13]]"
12n_0678_9,"[[6, 14, 7, 13], [8, 4, 9, 3], [10, 20, 11, 19], [12, 6, 13, 5], [21, 14, 22, 15], [23, 16, 24, 17], [18, 12, 19, 11], [1, 20, 2, 21], [17, 22, 18, 23], [15, 24, 16, 1], [2, 8, 3, 7], [4, 10, 5, 9]]"
12n_0678_10,"[[4, 10, 5, 9], [6, 14, 7, 13], [8, 4, 9, 3], [10, 20, 11, 19], [12, 6, 13, 5], [21, 14, 22, 15], [23, 16, 24, 17], [18, 12, 19, 11], [1, 20, 2, 21], [17, 22, 18, 23], [15, 24, 16, 1], [2, 8, 3, 7]]"
12n_0678_11,"[[2, 8, 3, 7], [4, 10, 5, 9], [6, 14, 7, 13], [8, 4, 9, 3], [10, 20, 11, 19], [12, 6, 13, 5], [21, 14, 22, 15], [23, 16, 24, 17], [18, 12, 19, 11], [1, 20, 2, 21], [17, 22, 18, 23], [15, 24, 16, 1]]"
12n_0678_12,"[[16, 1, 17, 2], [3, 9, 4, 8], [5, 11, 6, 10], [7, 15, 8, 14], [9, 5, 10, 4], [11, 21, 12, 20], [13, 7, 14, 6], [22, 15, 23, 16], [24, 17, 1, 18], [19, 13, 20, 12], [2, 21, 3, 22], [18, 23, 19, 24]]"
12n_0678_13,"[[18, 23, 19, 24], [16, 1, 17, 2], [3, 9, 4, 8], [5, 11, 6, 10], [7, 15, 8, 14], [9, 5, 10, 4], [11, 21, 12, 20], [13, 7, 14, 6], [22, 15, 23, 16], [24, 17, 1, 18], [19, 13, 20, 12], [2, 21, 3, 22]]"
12n_0678_14,"[[2, 21, 3, 22], [18, 23, 19, 24], [16, 1, 17, 2], [3, 9, 4, 8], [5, 11, 6, 10], [7, 15, 8, 14], [9, 5, 10, 4], [11, 21, 12, 20], [13, 7, 14, 6], [22, 15, 23, 16], [24, 17, 1, 18], [19, 13, 20, 12]]"
12n_0678_15,"[[19, 13, 20, 12], [2, 21, 3, 22], [18, 23, 19, 24], [16, 1, 17, 2], [3, 9, 4, 8], [5, 11, 6, 10], [7, 15, 8, 14], [9, 5, 10, 4], [11, 21, 12, 20], [13, 7, 14, 6], [22, 15, 23, 16], [24, 17, 1, 18]]"
12n_0678_16,"[[24, 17, 1, 18], [19, 13, 20, 12], [2, 21, 3, 22], [18, 23, 19, 24], [16, 1, 17, 2], [3, 9, 4, 8], [5, 11, 6, 10], [7, 15, 8, 14], [9, 5, 10, 4], [11, 21, 12, 20], [13, 7, 14, 6], [22, 15, 23, 16]]"
12n_0678_17,"[[22, 15, 23, 16], [24, 17, 1, 18], [19, 13, 20, 12], [2, 21, 3, 22], [18, 23, 19, 24], [16, 1, 17, 2], [3, 9, 4, 8], [5, 11, 6, 10], [7, 15, 8, 14], [9, 5, 10, 4], [11, 21, 12, 20], [13, 7, 14, 6]]"
12n_0678_18,"[[13, 7, 14, 6], [22, 15, 23, 16], [24, 17, 1, 18], [19, 13, 20, 12], [2, 21, 3, 22], [18, 23, 19, 24], [16, 1, 17, 2], [3, 9, 4, 8], [5, 11, 6, 10], [7, 15, 8, 14], [9, 5, 10, 4], [11, 21, 12, 20]]"
12n_0678_19,"[[11, 21, 12, 20], [13, 7, 14, 6], [22, 15, 23, 16], [24, 17, 1, 18], [19, 13, 20, 12], [2, 21, 3, 22], [18, 23, 19, 24], [16, 1, 17, 2], [3, 9, 4, 8], [5, 11, 6, 10], [7, 15, 8, 14], [9, 5, 10, 4]]"
12n_0678_20,"[[9, 5, 10, 4], [11, 21, 12, 20], [13, 7, 14, 6], [22, 15, 23, 16], [24, 17, 1, 18], [19, 13, 20, 12], [2, 21, 3, 22], [18, 23, 19, 24], [16, 1, 17, 2], [3, 9, 4, 8], [5, 11, 6, 10], [7, 15, 8, 14]]"
12n_0678_21,"[[7, 15, 8, 14], [9, 5, 10, 4], [11, 21, 12, 20], [13, 7, 14, 6], [22, 15, 23, 16], [24, 17, 1, 18], [19, 13, 20, 12], [2, 21, 3, 22], [18, 23, 19, 24], [16, 1, 17, 2], [3, 9, 4, 8], [5, 11, 6, 10]]"
12n_0678_22,"[[5, 11, 6, 10], [7, 15, 8, 14], [9, 5, 10, 4], [11, 21, 12, 20], [13, 7, 14, 6], [22, 15, 23, 16], [24, 17, 1, 18], [19, 13, 20, 12], [2, 21, 3, 22], [18, 23, 19, 24], [16, 1, 17, 2], [3, 9, 4, 8]]"
12n_0678_23,"[[3, 9, 4, 8], [5, 11, 6, 10], [7, 15, 8, 14], [9, 5, 10, 4], [11, 21, 12, 20], [13, 7, 14, 6], [22, 15, 23, 16], [24, 17, 1, 18], [19, 13, 20, 12], [2, 21, 3, 22], [18, 23, 19, 24], [16, 1, 17, 2]]"
12n_0678_24,"[[17, 2, 18, 3], [4, 10, 5, 9], [6, 12, 7, 11], [8, 16, 9, 15], [10, 6, 11, 5], [12, 22, 13, 21], [14, 8, 15, 7], [23, 16, 24, 17], [1, 18, 2, 19], [20, 14, 21, 13], [3, 22, 4, 23], [19, 24, 20, 1]]"
12n_0678_25,"[[19, 24, 20, 1], [17, 2, 18, 3], [4, 10, 5, 9], [6, 12, 7, 11], [8, 16, 9, 15], [10, 6, 11, 5], [12, 22, 13, 21], [14, 8, 15, 7], [23, 16, 24, 17], [1, 18, 2, 19], [20, 14, 21, 13], [3, 22, 4, 23]]"
12n_0678_26,"[[3, 22, 4, 23], [19, 24, 20, 1], [17, 2, 18, 3], [4, 10, 5, 9], [6, 12, 7, 11], [8, 16, 9, 15], [10, 6, 11, 5], [12, 22, 13, 21], [14, 8, 15, 7], [23, 16, 24, 17], [1, 18, 2, 19], [20, 14, 21, 13]]"
12n_0678_27,"[[20, 14, 21, 13], [3, 22, 4, 23], [19, 24, 20, 1], [17, 2, 18, 3], [4, 10, 5, 9], [6, 12, 7, 11], [8, 16, 9, 15], [10, 6, 11, 5], [12, 22, 13, 21], [14, 8, 15, 7], [23, 16, 24, 17], [1, 18, 2, 19]]"
12n_0678_28,"[[1, 18, 2, 19], [20, 14, 21, 13], [3, 22, 4, 23], [19, 24, 20, 1], [17, 2, 18, 3], [4, 10, 5, 9], [6, 12, 7, 11], [8, 16, 9, 15], [10, 6, 11, 5], [12, 22, 13, 21], [14, 8, 15, 7], [23, 16, 24, 17]]"
12n_0678_29,"[[23, 16, 24, 17], [1, 18, 2, 19], [20, 14, 21, 13], [3, 22, 4, 23], [19, 24, 20, 1], [17, 2, 18, 3], [4, 10, 5, 9], [6, 12, 7, 11], [8, 16, 9, 15], [10, 6, 11, 5], [12, 22, 13, 21], [14, 8, 15, 7]]"
12n_0678_30,"[[14, 8, 15, 7], [23, 16, 24, 17], [1, 18, 2, 19], [20, 14, 21, 13], [3, 22, 4, 23], [19, 24, 20, 1], [17, 2, 18, 3], [4, 10, 5, 9], [6, 12, 7, 11], [8, 16, 9, 15], [10, 6, 11, 5], [12, 22, 13, 21]]"
12n_0678_31,"[[12, 22, 13, 21], [14, 8, 15, 7], [23, 16, 24, 17], [1, 18, 2, 19], [20, 14, 21, 13], [3, 22, 4, 23], [19, 24, 20, 1], [17, 2, 18, 3], [4, 10, 5, 9], [6, 12, 7, 11], [8, 16, 9, 15], [10, 6, 11, 5]]"
12n_0678_32,"[[10, 6, 11, 5], [12, 22, 13, 21], [14, 8, 15, 7], [23, 16, 24, 17], [1, 18, 2, 19], [20, 14, 21, 13], [3, 22, 4, 23], [19, 24, 20, 1], [17, 2, 18, 3], [4, 10, 5, 9], [6, 12, 7, 11], [8, 16, 9, 15]]"
12n_0678_33,"[[8, 16, 9, 15], [10, 6, 11, 5], [12, 22, 13, 21], [14, 8, 15, 7], [23, 16, 24, 17], [1, 18, 2, 19], [20, 14, 21, 13], [3, 22, 4, 23], [19, 24, 20, 1], [17, 2, 18, 3], [4, 10, 5, 9], [6, 12, 7, 11]]"
12n_0678_34,"[[6, 12, 7, 11], [8, 16, 9, 15], [10, 6, 11, 5], [12, 22, 13, 21], [14, 8, 15, 7], [23, 16, 24, 17], [1, 18, 2, 19], [20, 14, 21, 13], [3, 22, 4, 23], [19, 24, 20, 1], [17, 2, 18, 3], [4, 10, 5, 9]]"
12n_0678_35,"[[4, 10, 5, 9], [6, 12, 7, 11], [8, 16, 9, 15], [10, 6, 11, 5], [12, 22, 13, 21], [14, 8, 15, 7], [23, 16, 24, 17], [1, 18, 2, 19], [20, 14, 21, 13], [3, 22, 4, 23], [19, 24, 20, 1], [17, 2, 18, 3]]"
12n_0678_36,"[[18, 3, 19, 4], [5, 11, 6, 10], [7, 13, 8, 12], [9, 17, 10, 16], [11, 7, 12, 6], [13, 23, 14, 22], [15, 9, 16, 8], [24, 17, 1, 18], [2, 19, 3, 20], [21, 15, 22, 14], [4, 23, 5, 24], [20, 1, 21, 2]]"
12n_0678_37,"[[20, 1, 21, 2], [18, 3, 19, 4], [5, 11, 6, 10], [7, 13, 8, 12], [9, 17, 10, 16], [11, 7, 12, 6], [13, 23, 14, 22], [15, 9, 16, 8], [24, 17, 1, 18], [2, 19, 3, 20], [21, 15, 22, 14], [4, 23, 5, 24]]"
12n_0678_38,"[[4, 23, 5, 24], [20, 1, 21, 2], [18, 3, 19, 4], [5, 11, 6, 10], [7, 13, 8, 12], [9, 17, 10, 16], [11, 7, 12, 6], [13, 23, 14, 22], [15, 9, 16, 8], [24, 17, 1, 18], [2, 19, 3, 20], [21, 15, 22, 14]]"
12n_0678_39,"[[21, 15, 22, 14], [4, 23, 5, 24], [20, 1, 21, 2], [18, 3, 19, 4], [5, 11, 6, 10], [7, 13, 8, 12], [9, 17, 10, 16], [11, 7, 12, 6], [13, 23, 14, 22], [15, 9, 16, 8], [24, 17, 1, 18], [2, 19, 3, 20]]"
12n_0678_40,"[[2, 19, 3, 20], [21, 15, 22, 14], [4, 23, 5, 24], [20, 1, 21, 2], [18, 3, 19, 4], [5, 11, 6, 10], [7, 13, 8, 12], [9, 17, 10, 16], [11, 7, 12, 6], [13, 23, 14, 22], [15, 9, 16, 8], [24, 17, 1, 18]]"
12n_0678_41,"[[24, 17, 1, 18], [2, 19, 3, 20], [21, 15, 22, 14], [4, 23, 5, 24], [20, 1, 21, 2], [18, 3, 19, 4], [5, 11, 6, 10], [7, 13, 8, 12], [9, 17, 10, 16], [11, 7, 12, 6], [13, 23, 14, 22], [15, 9, 16, 8]]"
12n_0678_42,"[[15, 9, 16, 8], [24, 17, 1, 18], [2, 19, 3, 20], [21, 15, 22, 14], [4, 23, 5, 24], [20, 1, 21, 2], [18, 3, 19, 4], [5, 11, 6, 10], [7, 13, 8, 12], [9, 17, 10, 16], [11, 7, 12, 6], [13, 23, 14, 22]]"
12n_0678_43,"[[13, 23, 14, 22], [15, 9, 16, 8], [24, 17, 1, 18], [2, 19, 3, 20], [21, 15, 22, 14], [4, 23, 5, 24], [20, 1, 21, 2], [18, 3, 19, 4], [5, 11, 6, 10], [7, 13, 8, 12], [9, 17, 10, 16], [11, 7, 12, 6]]"
12n_0678_44,"[[11, 7, 12, 6], [13, 23, 14, 22], [15, 9, 16, 8], [24, 17, 1, 18], [2, 19, 3, 20], [21, 15, 22, 14], [4, 23, 5, 24], [20, 1, 21, 2], [18, 3, 19, 4], [5, 11, 6, 10], [7, 13, 8, 12], [9, 17, 10, 16]]"
12n_0678_45,"[[9, 17, 10, 16], [11, 7, 12, 6], [13, 23, 14, 22], [15, 9, 16, 8], [24, 17, 1, 18], [2, 19, 3, 20], [21, 15, 22, 14], [4, 23, 5, 24], [20, 1, 21, 2], [18, 3, 19, 4], [5, 11, 6, 10], [7, 13, 8, 12]]"
12n_0678_46,"[[7, 13, 8, 12], [9, 17, 10, 16], [11, 7, 12, 6], [13, 23, 14, 22], [15, 9, 16, 8], [24, 17, 1, 18], [2, 19, 3, 20], [21, 15, 22, 14], [4, 23, 5, 24], [20, 1, 21, 2], [18, 3, 19, 4], [5, 11, 6, 10]]"
12n_0678_47,"[[5, 11, 6, 10], [7, 13, 8, 12], [9, 17, 10, 16], [11, 7, 12, 6], [13, 23, 14, 22], [15, 9, 16, 8], [24, 17, 1, 18], [2, 19, 3, 20], [21, 15, 22, 14], [4, 23, 5, 24], [20, 1, 21, 2], [18, 3, 19, 4]]"
12n_0678_48,"[[19, 4, 20, 5], [6, 12, 7, 11], [8, 14, 9, 13], [10, 18, 11, 17], [12, 8, 13, 7], [14, 24, 15, 23], [16, 10, 17, 9], [1, 18, 2, 19], [3, 20, 4, 21], [22, 16, 23, 15], [5, 24, 6, 1], [21, 2, 22, 3]]"
12n_0678_49,"[[21, 2, 22, 3], [19, 4, 20, 5], [6, 12, 7, 11], [8, 14, 9, 13], [10, 18, 11, 17], [12, 8, 13, 7], [14, 24, 15, 23], [16, 10, 17, 9], [1, 18, 2, 19], [3, 20, 4, 21], [22, 16, 23, 15], [5, 24, 6, 1]]"
12n_0678_50,"[[5, 24, 6, 1], [21, 2, 22, 3], [19, 4, 20, 5], [6, 12, 7, 11], [8, 14, 9, 13], [10, 18, 11, 17], [12, 8, 13, 7], [14, 24, 15, 23], [16, 10, 17, 9], [1, 18, 2, 19], [3, 20, 4, 21], [22, 16, 23, 15]]"
12n_0678_51,"[[22, 16, 23, 15], [5, 24, 6, 1], [21, 2, 22, 3], [19, 4, 20, 5], [6, 12, 7, 11], [8, 14, 9, 13], [10, 18, 11, 17], [12, 8, 13, 7], [14, 24, 15, 23], [16, 10, 17, 9], [1, 18, 2, 19], [3, 20, 4, 21]]"
12n_0678_52,"[[3, 20, 4, 21], [22, 16, 23, 15], [5, 24, 6, 1], [21, 2, 22, 3], [19, 4, 20, 5], [6, 12, 7, 11], [8, 14, 9, 13], [10, 18, 11, 17], [12, 8, 13, 7], [14, 24, 15, 23], [16, 10, 17, 9], [1, 18, 2, 19]]"
12n_0678_53,"[[1, 18, 2, 19], [3, 20, 4, 21], [22, 16, 23, 15], [5, 24, 6, 1], [21, 2, 22, 3], [19, 4, 20, 5], [6, 12, 7, 11], [8, 14, 9, 13], [10, 18, 11, 17], [12, 8, 13, 7], [14, 24, 15, 23], [16, 10, 17, 9]]"
12n_0678_54,"[[16, 10, 17, 9], [1, 18, 2, 19], [3, 20, 4, 21], [22, 16, 23, 15], [5, 24, 6, 1], [21, 2, 22, 3], [19, 4, 20, 5], [6, 12, 7, 11], [8, 14, 9, 13], [10, 18, 11, 17], [12, 8, 13, 7], [14, 24, 15, 23]]"
12n_0678_55,"[[14, 24, 15, 23], [16, 10, 17, 9], [1, 18, 2, 19], [3, 20, 4, 21], [22, 16, 23, 15], [5, 24, 6, 1], [21, 2, 22, 3], [19, 4, 20, 5], [6, 12, 7, 11], [8, 14, 9, 13], [10, 18, 11, 17], [12, 8, 13, 7]]"
12n_0678_56,"[[12, 8, 13, 7], [14, 24, 15, 23], [16, 10, 17, 9], [1, 18, 2, 19], [3, 20, 4, 21], [22, 16, 23, 15], [5, 24, 6, 1], [21, 2, 22, 3], [19, 4, 20, 5], [6, 12, 7, 11], [8, 14, 9, 13], [10, 18, 11, 17]]"
12n_0678_57,"[[10, 18, 11, 17], [12, 8, 13, 7], [14, 24, 15, 23], [16, 10, 17, 9], [1, 18, 2, 19], [3, 20, 4, 21], [22, 16, 23, 15], [5, 24, 6, 1], [21, 2, 22, 3], [19, 4, 20, 5], [6, 12, 7, 11], [8, 14, 9, 13]]"
12n_0678_58,"[[8, 14, 9, 13], [10, 18, 11, 17], [12, 8, 13, 7], [14, 24, 15, 23], [16, 10, 17, 9], [1, 18, 2, 19], [3, 20, 4, 21], [22, 16, 23, 15], [5, 24, 6, 1], [21, 2, 22, 3], [19, 4, 20, 5], [6, 12, 7, 11]]"
12n_0678_59,"[[6, 12, 7, 11], [8, 14, 9, 13], [10, 18, 11, 17], [12, 8, 13, 7], [14, 24, 15, 23], [16, 10, 17, 9], [1, 18, 2, 19], [3, 20, 4, 21], [22, 16, 23, 15], [5, 24, 6, 1], [21, 2, 22, 3], [19, 4, 20, 5]]"
12n_0678_60,"[[20, 5, 21, 6], [7, 13, 8, 12], [9, 15, 10, 14], [11, 19, 12, 18], [13, 9, 14, 8], [15, 1, 16, 24], [17, 11, 18, 10], [2, 19, 3, 20], [4, 21, 5, 22], [23, 17, 24, 16], [6, 1, 7, 2], [22, 3, 23, 4]]"
12n_0678_61,"[[22, 3, 23, 4], [20, 5, 21, 6], [7, 13, 8, 12], [9, 15, 10, 14], [11, 19, 12, 18], [13, 9, 14, 8], [15, 1, 16, 24], [17, 11, 18, 10], [2, 19, 3, 20], [4, 21, 5, 22], [23, 17, 24, 16], [6, 1, 7, 2]]"
12n_0678_62,"[[6, 1, 7, 2], [22, 3, 23, 4], [20, 5, 21, 6], [7, 13, 8, 12], [9, 15, 10, 14], [11, 19, 12, 18], [13, 9, 14, 8], [15, 1, 16, 24], [17, 11, 18, 10], [2, 19, 3, 20], [4, 21, 5, 22], [23, 17, 24, 16]]"
12n_0678_63,"[[23, 17, 24, 16], [6, 1, 7, 2], [22, 3, 23, 4], [20, 5, 21, 6], [7, 13, 8, 12], [9, 15, 10, 14], [11, 19, 12, 18], [13, 9, 14, 8], [15, 1, 16, 24], [17, 11, 18, 10], [2, 19, 3, 20], [4, 21, 5, 22]]"
12n_0678_64,"[[4, 21, 5, 22], [23, 17, 24, 16], [6, 1, 7, 2], [22, 3, 23, 4], [20, 5, 21, 6], [7, 13, 8, 12], [9, 15, 10, 14], [11, 19, 12, 18], [13, 9, 14, 8], [15, 1, 16, 24], [17, 11, 18, 10], [2, 19, 3, 20]]"
12n_0678_65,"[[2, 19, 3, 20], [4, 21, 5, 22], [23, 17, 24, 16], [6, 1, 7, 2], [22, 3, 23, 4], [20, 5, 21, 6], [7, 13, 8, 12], [9, 15, 10, 14], [11, 19, 12, 18], [13, 9, 14, 8], [15, 1, 16, 24], [17, 11, 18, 10]]"
12n_0678_66,"[[17, 11, 18, 10], [2, 19, 3, 20], [4, 21, 5, 22], [23, 17, 24, 16], [6, 1, 7, 2], [22, 3, 23, 4], [20, 5, 21, 6], [7, 13, 8, 12], [9, 15, 10, 14], [11, 19, 12, 18], [13, 9, 14, 8], [15, 1, 16, 24]]"
12n_0678_67,"[[15, 1, 16, 24], [17, 11, 18, 10], [2, 19, 3, 20], [4, 21, 5, 22], [23, 17, 24, 16], [6, 1, 7, 2], [22, 3, 23, 4], [20, 5, 21, 6], [7, 13, 8, 12], [9, 15, 10, 14], [11, 19, 12, 18], [13, 9, 14, 8]]"
12n_0678_68,"[[13, 9, 14, 8], [15, 1, 16, 24], [17, 11, 18, 10], [2, 19, 3, 20], [4, 21, 5, 22], [23, 17, 24, 16], [6, 1, 7, 2], [22, 3, 23, 4], [20, 5, 21, 6], [7, 13, 8, 12], [9, 15, 10, 14], [11, 19, 12, 18]]"
12n_0678_69,"[[11, 19, 12, 18], [13, 9, 14, 8], [15, 1, 16, 24], [17, 11, 18, 10], [2, 19, 3, 20], [4, 21, 5, 22], [23, 17, 24, 16], [6, 1, 7, 2], [22, 3, 23, 4], [20, 5, 21, 6], [7, 13, 8, 12], [9, 15, 10, 14]]"
12n_0678_70,"[[9, 15, 10, 14], [11, 19, 12, 18], [13, 9, 14, 8], [15, 1, 16, 24], [17, 11, 18, 10], [2, 19, 3, 20], [4, 21, 5, 22], [23, 17, 24, 16], [6, 1, 7, 2], [22, 3, 23, 4], [20, 5, 21, 6], [7, 13, 8, 12]]"
12n_0678_71,"[[7, 13, 8, 12], [9, 15, 10, 14], [11, 19, 12, 18], [13, 9, 14, 8], [15, 1, 16, 24], [17, 11, 18, 10], [2, 19, 3, 20], [4, 21, 5, 22], [23, 17, 24, 16], [6, 1, 7, 2], [22, 3, 23, 4], [20, 5, 21, 6]]"
12n_0678_72,"[[21, 6, 22, 7], [8, 14, 9, 13], [10, 16, 11, 15], [12, 20, 13, 19], [14, 10, 15, 9], [16, 2, 17, 1], [18, 12, 19, 11], [3, 20, 4, 21], [5, 22, 6, 23], [24, 18, 1, 17], [7, 2, 8, 3], [23, 4, 24, 5]]"
12n_0678_73,"[[23, 4, 24, 5], [21, 6, 22, 7], [8, 14, 9, 13], [10, 16, 11, 15], [12, 20, 13, 19], [14, 10, 15, 9], [16, 2, 17, 1], [18, 12, 19, 11], [3, 20, 4, 21], [5, 22, 6, 23], [24, 18, 1, 17], [7, 2, 8, 3]]"
12n_0678_74,"[[7, 2, 8, 3], [23, 4, 24, 5], [21, 6, 22, 7], [8, 14, 9, 13], [10, 16, 11, 15], [12, 20, 13, 19], [14, 10, 15, 9], [16, 2, 17, 1], [18, 12, 19, 11], [3, 20, 4, 21], [5, 22, 6, 23], [24, 18, 1, 17]]"
12n_0678_75,"[[24, 18, 1, 17], [7, 2, 8, 3], [23, 4, 24, 5], [21, 6, 22, 7], [8, 14, 9, 13], [10, 16, 11, 15], [12, 20, 13, 19], [14, 10, 15, 9], [16, 2, 17, 1], [18, 12, 19, 11], [3, 20, 4, 21], [5, 22, 6, 23]]"
12n_0678_76,"[[5, 22, 6, 23], [24, 18, 1, 17], [7, 2, 8, 3], [23, 4, 24, 5], [21, 6, 22, 7], [8, 14, 9, 13], [10, 16, 11, 15], [12, 20, 13, 19], [14, 10, 15, 9], [16, 2, 17, 1], [18, 12, 19, 11], [3, 20, 4, 21]]"
12n_0678_77,"[[3, 20, 4, 21], [5, 22, 6, 23], [24, 18, 1, 17], [7, 2, 8, 3], [23, 4, 24, 5], [21, 6, 22, 7], [8, 14, 9, 13], [10, 16, 11, 15], [12, 20, 13, 19], [14, 10, 15, 9], [16, 2, 17, 1], [18, 12, 19, 11]]"
12n_0678_78,"[[18, 12, 19, 11], [3, 20, 4, 21], [5, 22, 6, 23], [24, 18, 1, 17], [7, 2, 8, 3], [23, 4, 24, 5], [21, 6, 22, 7], [8, 14, 9, 13], [10, 16, 11, 15], [12, 20, 13, 19], [14, 10, 15, 9], [16, 2, 17, 1]]"
12n_0678_79,"[[16, 2, 17, 1], [18, 12, 19, 11], [3, 20, 4, 21], [5, 22, 6, 23], [24, 18, 1, 17], [7, 2, 8, 3], [23, 4, 24, 5], [21, 6, 22, 7], [8, 14, 9, 13], [10, 16, 11, 15], [12, 20, 13, 19], [14, 10, 15, 9]]"
12n_0678_80,"[[14, 10, 15, 9], [16, 2, 17, 1], [18, 12, 19, 11], [3, 20, 4, 21], [5, 22, 6, 23], [24, 18, 1, 17], [7, 2, 8, 3], [23, 4, 24, 5], [21, 6, 22, 7], [8, 14, 9, 13], [10, 16, 11, 15], [12, 20, 13, 19]]"
12n_0678_81,"[[12, 20, 13, 19], [14, 10, 15, 9], [16, 2, 17, 1], [18, 12, 19, 11], [3, 20, 4, 21], [5, 22, 6, 23], [24, 18, 1, 17], [7, 2, 8, 3], [23, 4, 24, 5], [21, 6, 22, 7], [8, 14, 9, 13], [10, 16, 11, 15]]"
12n_0678_82,"[[10, 16, 11, 15], [12, 20, 13, 19], [14, 10, 15, 9], [16, 2, 17, 1], [18, 12, 19, 11], [3, 20, 4, 21], [5, 22, 6, 23], [24, 18, 1, 17], [7, 2, 8, 3], [23, 4, 24, 5], [21, 6, 22, 7], [8, 14, 9, 13]]"
12n_0678_83,"[[8, 14, 9, 13], [10, 16, 11, 15], [12, 20, 13, 19], [14, 10, 15, 9], [16, 2, 17, 1], [18, 12, 19, 11], [3, 20, 4, 21], [5, 22, 6, 23], [24, 18, 1, 17], [7, 2, 8, 3], [23, 4, 24, 5], [21, 6, 22, 7]]"
12n_0678_84,"[[22, 7, 23, 8], [9, 15, 10, 14], [11, 17, 12, 16], [13, 21, 14, 20], [15, 11, 16, 10], [17, 3, 18, 2], [19, 13, 20, 12], [4, 21, 5, 22], [6, 23, 7, 24], [1, 19, 2, 18], [8, 3, 9, 4], [24, 5, 1, 6]]"
12n_0678_85,"[[24, 5, 1, 6], [22, 7, 23, 8], [9, 15, 10, 14], [11, 17, 12, 16], [13, 21, 14, 20], [15, 11, 16, 10], [17, 3, 18, 2], [19, 13, 20, 12], [4, 21, 5, 22], [6, 23, 7, 24], [1, 19, 2, 18], [8, 3, 9, 4]]"
12n_0678_86,"[[8, 3, 9, 4], [24, 5, 1, 6], [22, 7, 23, 8], [9, 15, 10, 14], [11, 17, 12, 16], [13, 21, 14, 20], [15, 11, 16, 10], [17, 3, 18, 2], [19, 13, 20, 12], [4, 21, 5, 22], [6, 23, 7, 24], [1, 19, 2, 18]]"
12n_0678_87,"[[1, 19, 2, 18], [8, 3, 9, 4], [24, 5, 1, 6], [22, 7, 23, 8], [9, 15, 10, 14], [11, 17, 12, 16], [13, 21, 14, 20], [15, 11, 16, 10], [17, 3, 18, 2], [19, 13, 20, 12], [4, 21, 5, 22], [6, 23, 7, 24]]"
12n_0678_88,"[[6, 23, 7, 24], [1, 19, 2, 18], [8, 3, 9, 4], [24, 5, 1, 6], [22, 7, 23, 8], [9, 15, 10, 14], [11, 17, 12, 16], [13, 21, 14, 20], [15, 11, 16, 10], [17, 3, 18, 2], [19, 13, 20, 12], [4, 21, 5, 22]]"
12n_0678_89,"[[4, 21, 5, 22], [6, 23, 7, 24], [1, 19, 2, 18], [8, 3, 9, 4], [24, 5, 1, 6], [22, 7, 23, 8], [9, 15, 10, 14], [11, 17, 12, 16], [13, 21, 14, 20], [15, 11, 16, 10], [17, 3, 18, 2], [19, 13, 20, 12]]"
12n_0678_90,"[[19, 13, 20, 12], [4, 21, 5, 22], [6, 23, 7, 24], [1, 19, 2, 18], [8, 3, 9, 4], [24, 5, 1, 6], [22, 7, 23, 8], [9, 15, 10, 14], [11, 17, 12, 16], [13, 21, 14, 20], [15, 11, 16, 10], [17, 3, 18, 2]]"
12n_0678_91,"[[17, 3, 18, 2], [19, 13, 20, 12], [4, 21, 5, 22], [6, 23, 7, 24], [1, 19, 2, 18], [8, 3, 9, 4], [24, 5, 1, 6], [22, 7, 23, 8], [9, 15, 10, 14], [11, 17, 12, 16], [13, 21, 14, 20], [15, 11, 16, 10]]"
12n_0678_92,"[[15, 11, 16, 10], [17, 3, 18, 2], [19, 13, 20, 12], [4, 21, 5, 22], [6, 23, 7, 24], [1, 19, 2, 18], [8, 3, 9, 4], [24, 5, 1, 6], [22, 7, 23, 8], [9, 15, 10, 14], [11, 17, 12, 16], [13, 21, 14, 20]]"
12n_0678_93,"[[13, 21, 14, 20], [15, 11, 16, 10], [17, 3, 18, 2], [19, 13, 20, 12], [4, 21, 5, 22], [6, 23, 7, 24], [1, 19, 2, 18], [8, 3, 9, 4], [24, 5, 1, 6], [22, 7, 23, 8], [9, 15, 10, 14], [11, 17, 12, 16]]"
12n_0678_94,"[[11, 17, 12, 16], [13, 21, 14, 20], [15, 11, 16, 10], [17, 3, 18, 2], [19, 13, 20, 12], [4, 21, 5, 22], [6, 23, 7, 24], [1, 19, 2, 18], [8, 3, 9, 4], [24, 5, 1, 6], [22, 7, 23, 8], [9, 15, 10, 14]]"
12n_0678_95,"[[9, 15, 10, 14], [11, 17, 12, 16], [13, 21, 14, 20], [15, 11, 16, 10], [17, 3, 18, 2], [19, 13, 20, 12], [4, 21, 5, 22], [6, 23, 7, 24], [1, 19, 2, 18], [8, 3, 9, 4], [24, 5, 1, 6], [22, 7, 23, 8]]"
12n_0678_96,"[[23, 8, 24, 9], [10, 16, 11, 15], [12, 18, 13, 17], [14, 22, 15, 21], [16, 12, 17, 11], [18, 4, 19, 3], [20, 14, 21, 13], [5, 22, 6, 23], [7, 24, 8, 1], [2, 20, 3, 19], [9, 4, 10, 5], [1, 6, 2, 7]]"
12n_0678_97,"[[1, 6, 2, 7], [23, 8, 24, 9], [10, 16, 11, 15], [12, 18, 13, 17], [14, 22, 15, 21], [16, 12, 17, 11], [18, 4, 19, 3], [20, 14, 21, 13], [5, 22, 6, 23], [7, 24, 8, 1], [2, 20, 3, 19], [9, 4, 10, 5]]"
12n_0678_98,"[[9, 4, 10, 5], [1, 6, 2, 7], [23, 8, 24, 9], [10, 16, 11, 15], [12, 18, 13, 17], [14, 22, 15, 21], [16, 12, 17, 11], [18, 4, 19, 3], [20, 14, 21, 13], [5, 22, 6, 23], [7, 24, 8, 1], [2, 20, 3, 19]]"
12n_0678_99,"[[2, 20, 3, 19], [9, 4, 10, 5], [1, 6, 2, 7], [23, 8, 24, 9], [10, 16, 11, 15], [12, 18, 13, 17], [14, 22, 15, 21], [16, 12, 17, 11], [18, 4, 19, 3], [20, 14, 21, 13], [5, 22, 6, 23], [7, 24, 8, 1]]"
12n_0678_100,"[[7, 24, 8, 1], [2, 20, 3, 19], [9, 4, 10, 5], [1, 6, 2, 7], [23, 8, 24, 9], [10, 16, 11, 15], [12, 18, 13, 17], [14, 22, 15, 21], [16, 12, 17, 11], [18, 4, 19, 3], [20, 14, 21, 13], [5, 22, 6, 23]]"
12n_0678_101,"[[5, 22, 6, 23], [7, 24, 8, 1], [2, 20, 3, 19], [9, 4, 10, 5], [1, 6, 2, 7], [23, 8, 24, 9], [10, 16, 11, 15], [12, 18, 13, 17], [14, 22, 15, 21], [16, 12, 17, 11], [18, 4, 19, 3], [20, 14, 21, 13]]"
12n_0678_102,"[[20, 14, 21, 13], [5, 22, 6, 23], [7, 24, 8, 1], [2, 20, 3, 19], [9, 4, 10, 5], [1, 6, 2, 7], [23, 8, 24, 9], [10, 16, 11, 15], [12, 18, 13, 17], [14, 22, 15, 21], [16, 12, 17, 11], [18, 4, 19, 3]]"
12n_0678_103,"[[18, 4, 19, 3], [20, 14, 21, 13], [5, 22, 6, 23], [7, 24, 8, 1], [2, 20, 3, 19], [9, 4, 10, 5], [1, 6, 2, 7], [23, 8, 24, 9], [10, 16, 11, 15], [12, 18, 13, 17], [14, 22, 15, 21], [16, 12, 17, 11]]"
12n_0678_104,"[[16, 12, 17, 11], [18, 4, 19, 3], [20, 14, 21, 13], [5, 22, 6, 23], [7, 24, 8, 1], [2, 20, 3, 19], [9, 4, 10, 5], [1, 6, 2, 7], [23, 8, 24, 9], [10, 16, 11, 15], [12, 18, 13, 17], [14, 22, 15, 21]]"
12n_0678_105,"[[14, 22, 15, 21], [16, 12, 17, 11], [18, 4, 19, 3], [20, 14, 21, 13], [5, 22, 6, 23], [7, 24, 8, 1], [2, 20, 3, 19], [9, 4, 10, 5], [1, 6, 2, 7], [23, 8, 24, 9], [10, 16, 11, 15], [12, 18, 13, 17]]"
12n_0678_106,"[[12, 18, 13, 17], [14, 22, 15, 21], [16, 12, 17, 11], [18, 4, 19, 3], [20, 14, 21, 13], [5, 22, 6, 23], [7, 24, 8, 1], [2, 20, 3, 19], [9, 4, 10, 5], [1, 6, 2, 7], [23, 8, 24, 9], [10, 16, 11, 15]]"
12n_0678_107,"[[10, 16, 11, 15], [12, 18, 13, 17], [14, 22, 15, 21], [16, 12, 17, 11], [18, 4, 19, 3], [20, 14, 21, 13], [5, 22, 6, 23], [7, 24, 8, 1], [2, 20, 3, 19], [9, 4, 10, 5], [1, 6, 2, 7], [23, 8, 24, 9]]"
12n_0678_108,"[[24, 9, 1, 10], [11, 17, 12, 16], [13, 19, 14, 18], [15, 23, 16, 22], [17, 13, 18, 12], [19, 5, 20, 4], [21, 15, 22, 14], [6, 23, 7, 24], [8, 1, 9, 2], [3, 21, 4, 20], [10, 5, 11, 6], [2, 7, 3, 8]]"
12n_0678_109,"[[2, 7, 3, 8], [24, 9, 1, 10], [11, 17, 12, 16], [13, 19, 14, 18], [15, 23, 16, 22], [17, 13, 18, 12], [19, 5, 20, 4], [21, 15, 22, 14], [6, 23, 7, 24], [8, 1, 9, 2], [3, 21, 4, 20], [10, 5, 11, 6]]"
12n_0678_110,"[[10, 5, 11, 6], [2, 7, 3, 8], [24, 9, 1, 10], [11, 17, 12, 16], [13, 19, 14, 18], [15, 23, 16, 22], [17, 13, 18, 12], [19, 5, 20, 4], [21, 15, 22, 14], [6, 23, 7, 24], [8, 1, 9, 2], [3, 21, 4, 20]]"
12n_0678_111,"[[3, 21, 4, 20], [10, 5, 11, 6], [2, 7, 3, 8], [24, 9, 1, 10], [11, 17, 12, 16], [13, 19, 14, 18], [15, 23, 16, 22], [17, 13, 18, 12], [19, 5, 20, 4], [21, 15, 22, 14], [6, 23, 7, 24], [8, 1, 9, 2]]"
12n_0678_112,"[[8, 1, 9, 2], [3, 21, 4, 20], [10, 5, 11, 6], [2, 7, 3, 8], [24, 9, 1, 10], [11, 17, 12, 16], [13, 19, 14, 18], [15, 23, 16, 22], [17, 13, 18, 12], [19, 5, 20, 4], [21, 15, 22, 14], [6, 23, 7, 24]]"
12n_0678_113,"[[6, 23, 7, 24], [8, 1, 9, 2], [3, 21, 4, 20], [10, 5, 11, 6], [2, 7, 3, 8], [24, 9, 1, 10], [11, 17, 12, 16], [13, 19, 14, 18], [15, 23, 16, 22], [17, 13, 18, 12], [19, 5, 20, 4], [21, 15, 22, 14]]"
12n_0678_114,"[[21, 15, 22, 14], [6, 23, 7, 24], [8, 1, 9, 2], [3, 21, 4, 20], [10, 5, 11, 6], [2, 7, 3, 8], [24, 9, 1, 10], [11, 17, 12, 16], [13, 19, 14, 18], [15, 23, 16, 22], [17, 13, 18, 12], [19, 5, 20, 4]]"
12n_0678_115,"[[19, 5, 20, 4], [21, 15, 22, 14], [6, 23, 7, 24], [8, 1, 9, 2], [3, 21, 4, 20], [10, 5, 11, 6], [2, 7, 3, 8], [24, 9, 1, 10], [11, 17, 12, 16], [13, 19, 14, 18], [15, 23, 16, 22], [17, 13, 18, 12]]"
12n_0678_116,"[[17, 13, 18, 12], [19, 5, 20, 4], [21, 15, 22, 14], [6, 23, 7, 24], [8, 1, 9, 2], [3, 21, 4, 20], [10, 5, 11, 6], [2, 7, 3, 8], [24, 9, 1, 10], [11, 17, 12, 16], [13, 19, 14, 18], [15, 23, 16, 22]]"
12n_0678_117,"[[15, 23, 16, 22], [17, 13, 18, 12], [19, 5, 20, 4], [21, 15, 22, 14], [6, 23, 7, 24], [8, 1, 9, 2], [3, 21, 4, 20], [10, 5, 11, 6], [2, 7, 3, 8], [24, 9, 1, 10], [11, 17, 12, 16], [13, 19, 14, 18]]"
12n_0678_118,"[[13, 19, 14, 18], [15, 23, 16, 22], [17, 13, 18, 12], [19, 5, 20, 4], [21, 15, 22, 14], [6, 23, 7, 24], [8, 1, 9, 2], [3, 21, 4, 20], [10, 5, 11, 6], [2, 7, 3, 8], [24, 9, 1, 10], [11, 17, 12, 16]]"
12n_0678_119,"[[11, 17, 12, 16], [13, 19, 14, 18], [15, 23, 16, 22], [17, 13, 18, 12], [19, 5, 20, 4], [21, 15, 22, 14], [6, 23, 7, 24], [8, 1, 9, 2], [3, 21, 4, 20], [10, 5, 11, 6], [2, 7, 3, 8], [24, 9, 1, 10]]"
12n_0678_120,"[[1, 10, 2, 11], [12, 18, 13, 17], [14, 20, 15, 19], [16, 24, 17, 23], [18, 14, 19, 13], [20, 6, 21, 5], [22, 16, 23, 15], [7, 24, 8, 1], [9, 2, 10, 3], [4, 22, 5, 21], [11, 6, 12, 7], [3, 8, 4, 9]]"
12n_0678_121,"[[3, 8, 4, 9], [1, 10, 2, 11], [12, 18, 13, 17], [14, 20, 15, 19], [16, 24, 17, 23], [18, 14, 19, 13], [20, 6, 21, 5], [22, 16, 23, 15], [7, 24, 8, 1], [9, 2, 10, 3], [4, 22, 5, 21], [11, 6, 12, 7]]"
12n_0678_122,"[[11, 6, 12, 7], [3, 8, 4, 9], [1, 10, 2, 11], [12, 18, 13, 17], [14, 20, 15, 19], [16, 24, 17, 23], [18, 14, 19, 13], [20, 6, 21, 5], [22, 16, 23, 15], [7, 24, 8, 1], [9, 2, 10, 3], [4, 22, 5, 21]]"
12n_0678_123,"[[4, 22, 5, 21], [11, 6, 12, 7], [3, 8, 4, 9], [1, 10, 2, 11], [12, 18, 13, 17], [14, 20, 15, 19], [16, 24, 17, 23], [18, 14, 19, 13], [20, 6, 21, 5], [22, 16, 23, 15], [7, 24, 8, 1], [9, 2, 10, 3]]"
12n_0678_124,"[[9, 2, 10, 3], [4, 22, 5, 21], [11, 6, 12, 7], [3, 8, 4, 9], [1, 10, 2, 11], [12, 18, 13, 17], [14, 20, 15, 19], [16, 24, 17, 23], [18, 14, 19, 13], [20, 6, 21, 5], [22, 16, 23, 15], [7, 24, 8, 1]]"
12n_0678_125,"[[7, 24, 8, 1], [9, 2, 10, 3], [4, 22, 5, 21], [11, 6, 12, 7], [3, 8, 4, 9], [1, 10, 2, 11], [12, 18, 13, 17], [14, 20, 15, 19], [16, 24, 17, 23], [18, 14, 19, 13], [20, 6, 21, 5], [22, 16, 23, 15]]"
12n_0678_126,"[[22, 16, 23, 15], [7, 24, 8, 1], [9, 2, 10, 3], [4, 22, 5, 21], [11, 6, 12, 7], [3, 8, 4, 9], [1, 10, 2, 11], [12, 18, 13, 17], [14, 20, 15, 19], [16, 24, 17, 23], [18, 14, 19, 13], [20, 6, 21, 5]]"
12n_0678_127,"[[20, 6, 21, 5], [22, 16, 23, 15], [7, 24, 8, 1], [9, 2, 10, 3], [4, 22, 5, 21], [11, 6, 12, 7], [3, 8, 4, 9], [1, 10, 2, 11], [12, 18, 13, 17], [14, 20, 15, 19], [16, 24, 17, 23], [18, 14, 19, 13]]"
12n_0678_128,"[[18, 14, 19, 13], [20, 6, 21, 5], [22, 16, 23, 15], [7, 24, 8, 1], [9, 2, 10, 3], [4, 22, 5, 21], [11, 6, 12, 7], [3, 8, 4, 9], [1, 10, 2, 11], [12, 18, 13, 17], [14, 20, 15, 19], [16, 24, 17, 23]]"
12n_0678_129,"[[16, 24, 17, 23], [18, 14, 19, 13], [20, 6, 21, 5], [22, 16, 23, 15], [7, 24, 8, 1], [9, 2, 10, 3], [4, 22, 5, 21], [11, 6, 12, 7], [3, 8, 4, 9], [1, 10, 2, 11], [12, 18, 13, 17], [14, 20, 15, 19]]"
12n_0678_130,"[[14, 20, 15, 19], [16, 24, 17, 23], [18, 14, 19, 13], [20, 6, 21, 5], [22, 16, 23, 15], [7, 24, 8, 1], [9, 2, 10, 3], [4, 22, 5, 21], [11, 6, 12, 7], [3, 8, 4, 9], [1, 10, 2, 11], [12, 18, 13, 17]]"
12n_0678_131,"[[12, 18, 13, 17], [14, 20, 15, 19], [16, 24, 17, 23], [18, 14, 19, 13], [20, 6, 21, 5], [22, 16, 23, 15], [7, 24, 8, 1], [9, 2, 10, 3], [4, 22, 5, 21], [11, 6, 12, 7], [3, 8, 4, 9], [1, 10, 2, 11]]"
12n_0678_132,"[[2, 11, 3, 12], [13, 19, 14, 18], [15, 21, 16, 20], [17, 1, 18, 24], [19, 15, 20, 14], [21, 7, 22, 6], [23, 17, 24, 16], [8, 1, 9, 2], [10, 3, 11, 4], [5, 23, 6, 22], [12, 7, 13, 8], [4, 9, 5, 10]]"
12n_0678_133,"[[4, 9, 5, 10], [2, 11, 3, 12], [13, 19, 14, 18], [15, 21, 16, 20], [17, 1, 18, 24], [19, 15, 20, 14], [21, 7, 22, 6], [23, 17, 24, 16], [8, 1, 9, 2], [10, 3, 11, 4], [5, 23, 6, 22], [12, 7, 13, 8]]"
12n_0678_134,"[[12, 7, 13, 8], [4, 9, 5, 10], [2, 11, 3, 12], [13, 19, 14, 18], [15, 21, 16, 20], [17, 1, 18, 24], [19, 15, 20, 14], [21, 7, 22, 6], [23, 17, 24, 16], [8, 1, 9, 2], [10, 3, 11, 4], [5, 23, 6, 22]]"
12n_0678_135,"[[5, 23, 6, 22], [12, 7, 13, 8], [4, 9, 5, 10], [2, 11, 3, 12], [13, 19, 14, 18], [15, 21, 16, 20], [17, 1, 18, 24], [19, 15, 20, 14], [21, 7, 22, 6], [23, 17, 24, 16], [8, 1, 9, 2], [10, 3, 11, 4]]"
12n_0678_136,"[[10, 3, 11, 4], [5, 23, 6, 22], [12, 7, 13, 8], [4, 9, 5, 10], [2, 11, 3, 12], [13, 19, 14, 18], [15, 21, 16, 20], [17, 1, 18, 24], [19, 15, 20, 14], [21, 7, 22, 6], [23, 17, 24, 16], [8, 1, 9, 2]]"
12n_0678_137,"[[8, 1, 9, 2], [10, 3, 11, 4], [5, 23, 6, 22], [12, 7, 13, 8], [4, 9, 5, 10], [2, 11, 3, 12], [13, 19, 14, 18], [15, 21, 16, 20], [17, 1, 18, 24], [19, 15, 20, 14], [21, 7, 22, 6], [23, 17, 24, 16]]"
12n_0678_138,"[[23, 17, 24, 16], [8, 1, 9, 2], [10, 3, 11, 4], [5, 23, 6, 22], [12, 7, 13, 8], [4, 9, 5, 10], [2, 11, 3, 12], [13, 19, 14, 18], [15, 21, 16, 20], [17, 1, 18, 24], [19, 15, 20, 14], [21, 7, 22, 6]]"
12n_0678_139,"[[21, 7, 22, 6], [23, 17, 24, 16], [8, 1, 9, 2], [10, 3, 11, 4], [5, 23, 6, 22], [12, 7, 13, 8], [4, 9, 5, 10], [2, 11, 3, 12], [13, 19, 14, 18], [15, 21, 16, 20], [17, 1, 18, 24], [19, 15, 20, 14]]"
12n_0678_140,"[[19, 15, 20, 14], [21, 7, 22, 6], [23, 17, 24, 16], [8, 1, 9, 2], [10, 3, 11, 4], [5, 23, 6, 22], [12, 7, 13, 8], [4, 9, 5, 10], [2, 11, 3, 12], [13, 19, 14, 18], [15, 21, 16, 20], [17, 1, 18, 24]]"
12n_0678_141,"[[17, 1, 18, 24], [19, 15, 20, 14], [21, 7, 22, 6], [23, 17, 24, 16], [8, 1, 9, 2], [10, 3, 11, 4], [5, 23, 6, 22], [12, 7, 13, 8], [4, 9, 5, 10], [2, 11, 3, 12], [13, 19, 14, 18], [15, 21, 16, 20]]"
12n_0678_142,"[[15, 21, 16, 20], [17, 1, 18, 24], [19, 15, 20, 14], [21, 7, 22, 6], [23, 17, 24, 16], [8, 1, 9, 2], [10, 3, 11, 4], [5, 23, 6, 22], [12, 7, 13, 8], [4, 9, 5, 10], [2, 11, 3, 12], [13, 19, 14, 18]]"
12n_0678_143,"[[13, 19, 14, 18], [15, 21, 16, 20], [17, 1, 18, 24], [19, 15, 20, 14], [21, 7, 22, 6], [23, 17, 24, 16], [8, 1, 9, 2], [10, 3, 11, 4], [5, 23, 6, 22], [12, 7, 13, 8], [4, 9, 5, 10], [2, 11, 3, 12]]"
12n_0678_144,"[[3, 12, 4, 13], [14, 20, 15, 19], [16, 22, 17, 21], [18, 2, 19, 1], [20, 16, 21, 15], [22, 8, 23, 7], [24, 18, 1, 17], [9, 2, 10, 3], [11, 4, 12, 5], [6, 24, 7, 23], [13, 8, 14, 9], [5, 10, 6, 11]]"
12n_0678_145,"[[5, 10, 6, 11], [3, 12, 4, 13], [14, 20, 15, 19], [16, 22, 17, 21], [18, 2, 19, 1], [20, 16, 21, 15], [22, 8, 23, 7], [24, 18, 1, 17], [9, 2, 10, 3], [11, 4, 12, 5], [6, 24, 7, 23], [13, 8, 14, 9]]"
12n_0678_146,"[[13, 8, 14, 9], [5, 10, 6, 11], [3, 12, 4, 13], [14, 20, 15, 19], [16, 22, 17, 21], [18, 2, 19, 1], [20, 16, 21, 15], [22, 8, 23, 7], [24, 18, 1, 17], [9, 2, 10, 3], [11, 4, 12, 5], [6, 24, 7, 23]]"
12n_0678_147,"[[6, 24, 7, 23], [13, 8, 14, 9], [5, 10, 6, 11], [3, 12, 4, 13], [14, 20, 15, 19], [16, 22, 17, 21], [18, 2, 19, 1], [20, 16, 21, 15], [22, 8, 23, 7], [24, 18, 1, 17], [9, 2, 10, 3], [11, 4, 12, 5]]"
12n_0678_148,"[[11, 4, 12, 5], [6, 24, 7, 23], [13, 8, 14, 9], [5, 10, 6, 11], [3, 12, 4, 13], [14, 20, 15, 19], [16, 22, 17, 21], [18, 2, 19, 1], [20, 16, 21, 15], [22, 8, 23, 7], [24, 18, 1, 17], [9, 2, 10, 3]]"
12n_0678_149,"[[9, 2, 10, 3], [11, 4, 12, 5], [6, 24, 7, 23], [13, 8, 14, 9], [5, 10, 6, 11], [3, 12, 4, 13], [14, 20, 15, 19], [16, 22, 17, 21], [18, 2, 19, 1], [20, 16, 21, 15], [22, 8, 23, 7], [24, 18, 1, 17]]"
12n_0678_150,"[[24, 18, 1, 17], [9, 2, 10, 3], [11, 4, 12, 5], [6, 24, 7, 23], [13, 8, 14, 9], [5, 10, 6, 11], [3, 12, 4, 13], [14, 20, 15, 19], [16, 22, 17, 21], [18, 2, 19, 1], [20, 16, 21, 15], [22, 8, 23, 7]]"
12n_0678_151,"[[22, 8, 23, 7], [24, 18, 1, 17], [9, 2, 10, 3], [11, 4, 12, 5], [6, 24, 7, 23], [13, 8, 14, 9], [5, 10, 6, 11], [3, 12, 4, 13], [14, 20, 15, 19], [16, 22, 17, 21], [18, 2, 19, 1], [20, 16, 21, 15]]"
12n_0678_152,"[[20, 16, 21, 15], [22, 8, 23, 7], [24, 18, 1, 17], [9, 2, 10, 3], [11, 4, 12, 5], [6, 24, 7, 23], [13, 8, 14, 9], [5, 10, 6, 11], [3, 12, 4, 13], [14, 20, 15, 19], [16, 22, 17, 21], [18, 2, 19, 1]]"
12n_0678_153,"[[18, 2, 19, 1], [20, 16, 21, 15], [22, 8, 23, 7], [24, 18, 1, 17], [9, 2, 10, 3], [11, 4, 12, 5], [6, 24, 7, 23], [13, 8, 14, 9], [5, 10, 6, 11], [3, 12, 4, 13], [14, 20, 15, 19], [16, 22, 17, 21]]"
12n_0678_154,"[[16, 22, 17, 21], [18, 2, 19, 1], [20, 16, 21, 15], [22, 8, 23, 7], [24, 18, 1, 17], [9, 2, 10, 3], [11, 4, 12, 5], [6, 24, 7, 23], [13, 8, 14, 9], [5, 10, 6, 11], [3, 12, 4, 13], [14, 20, 15, 19]]"
12n_0678_155,"[[14, 20, 15, 19], [16, 22, 17, 21], [18, 2, 19, 1], [20, 16, 21, 15], [22, 8, 23, 7], [24, 18, 1, 17], [9, 2, 10, 3], [11, 4, 12, 5], [6, 24, 7, 23], [13, 8, 14, 9], [5, 10, 6, 11], [3, 12, 4, 13]]"
12n_0678_156,"[[4, 13, 5, 14], [15, 21, 16, 20], [17, 23, 18, 22], [19, 3, 20, 2], [21, 17, 22, 16], [23, 9, 24, 8], [1, 19, 2, 18], [10, 3, 11, 4], [12, 5, 13, 6], [7, 1, 8, 24], [14, 9, 15, 10], [6, 11, 7, 12]]"
12n_0678_157,"[[6, 11, 7, 12], [4, 13, 5, 14], [15, 21, 16, 20], [17, 23, 18, 22], [19, 3, 20, 2], [21, 17, 22, 16], [23, 9, 24, 8], [1, 19, 2, 18], [10, 3, 11, 4], [12, 5, 13, 6], [7, 1, 8, 24], [14, 9, 15, 10]]"
12n_0678_158,"[[14, 9, 15, 10], [6, 11, 7, 12], [4, 13, 5, 14], [15, 21, 16, 20], [17, 23, 18, 22], [19, 3, 20, 2], [21, 17, 22, 16], [23, 9, 24, 8], [1, 19, 2, 18], [10, 3, 11, 4], [12, 5, 13, 6], [7, 1, 8, 24]]"
12n_0678_159,"[[7, 1, 8, 24], [14, 9, 15, 10], [6, 11, 7, 12], [4, 13, 5, 14], [15, 21, 16, 20], [17, 23, 18, 22], [19, 3, 20, 2], [21, 17, 22, 16], [23, 9, 24, 8], [1, 19, 2, 18], [10, 3, 11, 4], [12, 5, 13, 6]]"
12n_0678_160,"[[12, 5, 13, 6], [7, 1, 8, 24], [14, 9, 15, 10], [6, 11, 7, 12], [4, 13, 5, 14], [15, 21, 16, 20], [17, 23, 18, 22], [19, 3, 20, 2], [21, 17, 22, 16], [23, 9, 24, 8], [1, 19, 2, 18], [10, 3, 11, 4]]"
12n_0678_161,"[[10, 3, 11, 4], [12, 5, 13, 6], [7, 1, 8, 24], [14, 9, 15, 10], [6, 11, 7, 12], [4, 13, 5, 14], [15, 21, 16, 20], [17, 23, 18, 22], [19, 3, 20, 2], [21, 17, 22, 16], [23, 9, 24, 8], [1, 19, 2, 18]]"
12n_0678_162,"[[1, 19, 2, 18], [10, 3, 11, 4], [12, 5, 13, 6], [7, 1, 8, 24], [14, 9, 15, 10], [6, 11, 7, 12], [4, 13, 5, 14], [15, 21, 16, 20], [17, 23, 18, 22], [19, 3, 20, 2], [21, 17, 22, 16], [23, 9, 24, 8]]"
12n_0678_163,"[[23, 9, 24, 8], [1, 19, 2, 18], [10, 3, 11, 4], [12, 5, 13, 6], [7, 1, 8, 24], [14, 9, 15, 10], [6, 11, 7, 12], [4, 13, 5, 14], [15, 21, 16, 20], [17, 23, 18, 22], [19, 3, 20, 2], [21, 17, 22, 16]]"
12n_0678_164,"[[21, 17, 22, 16], [23, 9, 24, 8], [1, 19, 2, 18], [10, 3, 11, 4], [12, 5, 13, 6], [7, 1, 8, 24], [14, 9, 15, 10], [6, 11, 7, 12], [4, 13, 5, 14], [15, 21, 16, 20], [17, 23, 18, 22], [19, 3, 20, 2]]"
12n_0678_165,"[[19, 3, 20, 2], [21, 17, 22, 16], [23, 9, 24, 8], [1, 19, 2, 18], [10, 3, 11, 4], [12, 5, 13, 6], [7, 1, 8, 24], [14, 9, 15, 10], [6, 11, 7, 12], [4, 13, 5, 14], [15, 21, 16, 20], [17, 23, 18, 22]]"
12n_0678_166,"[[17, 23, 18, 22], [19, 3, 20, 2], [21, 17, 22, 16], [23, 9, 24, 8], [1, 19, 2, 18], [10, 3, 11, 4], [12, 5, 13, 6], [7, 1, 8, 24], [14, 9, 15, 10], [6, 11, 7, 12], [4, 13, 5, 14], [15, 21, 16, 20]]"
12n_0678_167,"[[15, 21, 16, 20], [17, 23, 18, 22], [19, 3, 20, 2], [21, 17, 22, 16], [23, 9, 24, 8], [1, 19, 2, 18], [10, 3, 11, 4], [12, 5, 13, 6], [7, 1, 8, 24], [14, 9, 15, 10], [6, 11, 7, 12], [4, 13, 5, 14]]"
12n_0678_168,"[[5, 14, 6, 15], [16, 22, 17, 21], [18, 24, 19, 23], [20, 4, 21, 3], [22, 18, 23, 17], [24, 10, 1, 9], [2, 20, 3, 19], [11, 4, 12, 5], [13, 6, 14, 7], [8, 2, 9, 1], [15, 10, 16, 11], [7, 12, 8, 13]]"
12n_0678_169,"[[7, 12, 8, 13], [5, 14, 6, 15], [16, 22, 17, 21], [18, 24, 19, 23], [20, 4, 21, 3], [22, 18, 23, 17], [24, 10, 1, 9], [2, 20, 3, 19], [11, 4, 12, 5], [13, 6, 14, 7], [8, 2, 9, 1], [15, 10, 16, 11]]"
12n_0678_170,"[[15, 10, 16, 11], [7, 12, 8, 13], [5, 14, 6, 15], [16, 22, 17, 21], [18, 24, 19, 23], [20, 4, 21, 3], [22, 18, 23, 17], [24, 10, 1, 9], [2, 20, 3, 19], [11, 4, 12, 5], [13, 6, 14, 7], [8, 2, 9, 1]]"
12n_0678_171,"[[8, 2, 9, 1], [15, 10, 16, 11], [7, 12, 8, 13], [5, 14, 6, 15], [16, 22, 17, 21], [18, 24, 19, 23], [20, 4, 21, 3], [22, 18, 23, 17], [24, 10, 1, 9], [2, 20, 3, 19], [11, 4, 12, 5], [13, 6, 14, 7]]"
12n_0678_172,"[[13, 6, 14, 7], [8, 2, 9, 1], [15, 10, 16, 11], [7, 12, 8, 13], [5, 14, 6, 15], [16, 22, 17, 21], [18, 24, 19, 23], [20, 4, 21, 3], [22, 18, 23, 17], [24, 10, 1, 9], [2, 20, 3, 19], [11, 4, 12, 5]]"
12n_0678_173,"[[11, 4, 12, 5], [13, 6, 14, 7], [8, 2, 9, 1], [15, 10, 16, 11], [7, 12, 8, 13], [5, 14, 6, 15], [16, 22, 17, 21], [18, 24, 19, 23], [20, 4, 21, 3], [22, 18, 23, 17], [24, 10, 1, 9], [2, 20, 3, 19]]"
12n_0678_174,"[[2, 20, 3, 19], [11, 4, 12, 5], [13, 6, 14, 7], [8, 2, 9, 1], [15, 10, 16, 11], [7, 12, 8, 13], [5, 14, 6, 15], [16, 22, 17, 21], [18, 24, 19, 23], [20, 4, 21, 3], [22, 18, 23, 17], [24, 10, 1, 9]]"
12n_0678_175,"[[24, 10, 1, 9], [2, 20, 3, 19], [11, 4, 12, 5], [13, 6, 14, 7], [8, 2, 9, 1], [15, 10, 16, 11], [7, 12, 8, 13], [5, 14, 6, 15], [16, 22, 17, 21], [18, 24, 19, 23], [20, 4, 21, 3], [22, 18, 23, 17]]"
12n_0678_176,"[[22, 18, 23, 17], [24, 10, 1, 9], [2, 20, 3, 19], [11, 4, 12, 5], [13, 6, 14, 7], [8, 2, 9, 1], [15, 10, 16, 11], [7, 12, 8, 13], [5, 14, 6, 15], [16, 22, 17, 21], [18, 24, 19, 23], [20, 4, 21, 3]]"
12n_0678_177,"[[20, 4, 21, 3], [22, 18, 23, 17], [24, 10, 1, 9], [2, 20, 3, 19], [11, 4, 12, 5], [13, 6, 14, 7], [8, 2, 9, 1], [15, 10, 16, 11], [7, 12, 8, 13], [5, 14, 6, 15], [16, 22, 17, 21], [18, 24, 19, 23]]"
12n_0678_178,"[[18, 24, 19, 23], [20, 4, 21, 3], [22, 18, 23, 17], [24, 10, 1, 9], [2, 20, 3, 19], [11, 4, 12, 5], [13, 6, 14, 7], [8, 2, 9, 1], [15, 10, 16, 11], [7, 12, 8, 13], [5, 14, 6, 15], [16, 22, 17, 21]]"
12n_0678_179,"[[16, 22, 17, 21], [18, 24, 19, 23], [20, 4, 21, 3], [22, 18, 23, 17], [24, 10, 1, 9], [2, 20, 3, 19], [11, 4, 12, 5], [13, 6, 14, 7], [8, 2, 9, 1], [15, 10, 16, 11], [7, 12, 8, 13], [5, 14, 6, 15]]"
12n_0678_180,"[[6, 15, 7, 16], [17, 23, 18, 22], [19, 1, 20, 24], [21, 5, 22, 4], [23, 19, 24, 18], [1, 11, 2, 10], [3, 21, 4, 20], [12, 5, 13, 6], [14, 7, 15, 8], [9, 3, 10, 2], [16, 11, 17, 12], [8, 13, 9, 14]]"
12n_0678_181,"[[8, 13, 9, 14], [6, 15, 7, 16], [17, 23, 18, 22], [19, 1, 20, 24], [21, 5, 22, 4], [23, 19, 24, 18], [1, 11, 2, 10], [3, 21, 4, 20], [12, 5, 13, 6], [14, 7, 15, 8], [9, 3, 10, 2], [16, 11, 17, 12]]"
12n_0678_182,"[[16, 11, 17, 12], [8, 13, 9, 14], [6, 15, 7, 16], [17, 23, 18, 22], [19, 1, 20, 24], [21, 5, 22, 4], [23, 19, 24, 18], [1, 11, 2, 10], [3, 21, 4, 20], [12, 5, 13, 6], [14, 7, 15, 8], [9, 3, 10, 2]]"
12n_0678_183,"[[9, 3, 10, 2], [16, 11, 17, 12], [8, 13, 9, 14], [6, 15, 7, 16], [17, 23, 18, 22], [19, 1, 20, 24], [21, 5, 22, 4], [23, 19, 24, 18], [1, 11, 2, 10], [3, 21, 4, 20], [12, 5, 13, 6], [14, 7, 15, 8]]"
12n_0678_184,"[[14, 7, 15, 8], [9, 3, 10, 2], [16, 11, 17, 12], [8, 13, 9, 14], [6, 15, 7, 16], [17, 23, 18, 22], [19, 1, 20, 24], [21, 5, 22, 4], [23, 19, 24, 18], [1, 11, 2, 10], [3, 21, 4, 20], [12, 5, 13, 6]]"
12n_0678_185,"[[12, 5, 13, 6], [14, 7, 15, 8], [9, 3, 10, 2], [16, 11, 17, 12], [8, 13, 9, 14], [6, 15, 7, 16], [17, 23, 18, 22], [19, 1, 20, 24], [21, 5, 22, 4], [23, 19, 24, 18], [1, 11, 2, 10], [3, 21, 4, 20]]"
