name,pd_notation
12n_0391_0,"[[17, 24, 18, 1], [2, 6, 3, 5], [4, 12, 5, 11], [6, 15, 7, 16], [8, 19, 9, 20], [10, 4, 11, 3], [12, 1, 13, 2], [14, 21, 15, 22], [16, 9, 17, 10], [23, 18, 24, 19], [20, 7, 21, 8], [22, 13, 23, 14]]"
12n_0391_1,"[[22, 13, 23, 14], [17, 24, 18, 1], [2, 6, 3, 5], [4, 12, 5, 11], [6, 15, 7, 16], [8, 19, 9, 20], [10, 4, 11, 3], [12, 1, 13, 2], [14, 21, 15, 22], [16, 9, 17, 10], [23, 18, 24, 19], [20, 7, 21, 8]]"
12n_0391_2,"[[20, 7, 21, 8], [22, 13, 23, 14], [17, 24, 18, 1], [2, 6, 3, 5], [4, 12, 5, 11], [6, 15, 7, 16], [8, 19, 9, 20], [10, 4, 11, 3], [12, 1, 13, 2], [14, 21, 15, 22], [16, 9, 17, 10], [23, 18, 24, 19]]"
12n_0391_3,"[[23, 18, 24, 19], [20, 7, 21, 8], [22, 13, 23, 14], [17, 24, 18, 1], [2, 6, 3, 5], [4, 12, 5, 11], [6, 15, 7, 16], [8, 19, 9, 20], [10, 4, 11, 3], [12, 1, 13, 2], [14, 21, 15, 22], [16, 9, 17, 10]]"
12n_0391_4,"[[16, 9, 17, 10], [23, 18, 24, 19], [20, 7, 21, 8], [22, 13, 23, 14], [17, 24, 18, 1], [2, 6, 3, 5], [4, 12, 5, 11], [6, 15, 7, 16], [8, 19, 9, 20], [10, 4, 11, 3], [12, 1, 13, 2], [14, 21, 15, 22]]"
12n_0391_5,"[[14, 21, 15, 22], [16, 9, 17, 10], [23, 18, 24, 19], [20, 7, 21, 8], [22, 13, 23, 14], [17, 24, 18, 1], [2, 6, 3, 5], [4, 12, 5, 11], [6, 15, 7, 16], [8, 19, 9, 20], [10, 4, 11, 3], [12, 1, 13, 2]]"
12n_0391_6,"[[12, 1, 13, 2], [14, 21, 15, 22], [16, 9, 17, 10], [23, 18, 24, 19], [20, 7, 21, 8], [22, 13, 23, 14], [17, 24, 18, 1], [2, 6, 3, 5], [4, 12, 5, 11], [6, 15, 7, 16], [8, 19, 9, 20], [10, 4, 11, 3]]"
12n_0391_7,"[[10, 4, 11, 3], [12, 1, 13, 2], [14, 21, 15, 22], [16, 9, 17, 10], [23, 18, 24, 19], [20, 7, 21, 8], [22, 13, 23, 14], [17, 24, 18, 1], [2, 6, 3, 5], [4, 12, 5, 11], [6, 15, 7, 16], [8, 19, 9, 20]]"
12n_0391_8,"[[8, 19, 9, 20], [10, 4, 11, 3], [12, 1, 13, 2], [14, 21, 15, 22], [16, 9, 17, 10], [23, 18, 24, 19], [20, 7, 21, 8], [22, 13, 23, 14], [17, 24, 18, 1], [2, 6, 3, 5], [4, 12, 5, 11], [6, 15, 7, 16]]"
12n_0391_9,"[[6, 15, 7, 16], [8, 19, 9, 20], [10, 4, 11, 3], [12, 1, 13, 2], [14, 21, 15, 22], [16, 9, 17, 10], [23, 18, 24, 19], [20, 7, 21, 8], [22, 13, 23, 14], [17, 24, 18, 1], [2, 6, 3, 5], [4, 12, 5, 11]]"
12n_0391_10,"[[4, 12, 5, 11], [6, 15, 7, 16], [8, 19, 9, 20], [10, 4, 11, 3], [12, 1, 13, 2], [14, 21, 15, 22], [16, 9, 17, 10], [23, 18, 24, 19], [20, 7, 21, 8], [22, 13, 23, 14], [17, 24, 18, 1], [2, 6, 3, 5]]"
12n_0391_11,"[[2, 6, 3, 5], [4, 12, 5, 11], [6, 15, 7, 16], [8, 19, 9, 20], [10, 4, 11, 3], [12, 1, 13, 2], [14, 21, 15, 22], [16, 9, 17, 10], [23, 18, 24, 19], [20, 7, 21, 8], [22, 13, 23, 14], [17, 24, 18, 1]]"
12n_0391_12,"[[18, 1, 19, 2], [3, 7, 4, 6], [5, 13, 6, 12], [7, 16, 8, 17], [9, 20, 10, 21], [11, 5, 12, 4], [13, 2, 14, 3], [15, 22, 16, 23], [17, 10, 18, 11], [24, 19, 1, 20], [21, 8, 22, 9], [23, 14, 24, 15]]"
12n_0391_13,"[[23, 14, 24, 15], [18, 1, 19, 2], [3, 7, 4, 6], [5, 13, 6, 12], [7, 16, 8, 17], [9, 20, 10, 21], [11, 5, 12, 4], [13, 2, 14, 3], [15, 22, 16, 23], [17, 10, 18, 11], [24, 19, 1, 20], [21, 8, 22, 9]]"
12n_0391_14,"[[21, 8, 22, 9], [23, 14, 24, 15], [18, 1, 19, 2], [3, 7, 4, 6], [5, 13, 6, 12], [7, 16, 8, 17], [9, 20, 10, 21], [11, 5, 12, 4], [13, 2, 14, 3], [15, 22, 16, 23], [17, 10, 18, 11], [24, 19, 1, 20]]"
12n_0391_15,"[[24, 19, 1, 20], [21, 8, 22, 9], [23, 14, 24, 15], [18, 1, 19, 2], [3, 7, 4, 6], [5, 13, 6, 12], [7, 16, 8, 17], [9, 20, 10, 21], [11, 5, 12, 4], [13, 2, 14, 3], [15, 22, 16, 23], [17, 10, 18, 11]]"
12n_0391_16,"[[17, 10, 18, 11], [24, 19, 1, 20], [21, 8, 22, 9], [23, 14, 24, 15], [18, 1, 19, 2], [3, 7, 4, 6], [5, 13, 6, 12], [7, 16, 8, 17], [9, 20, 10, 21], [11, 5, 12, 4], [13, 2, 14, 3], [15, 22, 16, 23]]"
12n_0391_17,"[[15, 22, 16, 23], [17, 10, 18, 11], [24, 19, 1, 20], [21, 8, 22, 9], [23, 14, 24, 15], [18, 1, 19, 2], [3, 7, 4, 6], [5, 13, 6, 12], [7, 16, 8, 17], [9, 20, 10, 21], [11, 5, 12, 4], [13, 2, 14, 3]]"
12n_0391_18,"[[13, 2, 14, 3], [15, 22, 16, 23], [17, 10, 18, 11], [24, 19, 1, 20], [21, 8, 22, 9], [23, 14, 24, 15], [18, 1, 19, 2], [3, 7, 4, 6], [5, 13, 6, 12], [7, 16, 8, 17], [9, 20, 10, 21], [11, 5, 12, 4]]"
12n_0391_19,"[[11, 5, 12, 4], [13, 2, 14, 3], [15, 22, 16, 23], [17, 10, 18, 11], [24, 19, 1, 20], [21, 8, 22, 9], [23, 14, 24, 15], [18, 1, 19, 2], [3, 7, 4, 6], [5, 13, 6, 12], [7, 16, 8, 17], [9, 20, 10, 21]]"
12n_0391_20,"[[9, 20, 10, 21], [11, 5, 12, 4], [13, 2, 14, 3], [15, 22, 16, 23], [17, 10, 18, 11], [24, 19, 1, 20], [21, 8, 22, 9], [23, 14, 24, 15], [18, 1, 19, 2], [3, 7, 4, 6], [5, 13, 6, 12], [7, 16, 8, 17]]"
12n_0391_21,"[[7, 16, 8, 17], [9, 20, 10, 21], [11, 5, 12, 4], [13, 2, 14, 3], [15, 22, 16, 23], [17, 10, 18, 11], [24, 19, 1, 20], [21, 8, 22, 9], [23, 14, 24, 15], [18, 1, 19, 2], [3, 7, 4, 6], [5, 13, 6, 12]]"
12n_0391_22,"[[5, 13, 6, 12], [7, 16, 8, 17], [9, 20, 10, 21], [11, 5, 12, 4], [13, 2, 14, 3], [15, 22, 16, 23], [17, 10, 18, 11], [24, 19, 1, 20], [21, 8, 22, 9], [23, 14, 24, 15], [18, 1, 19, 2], [3, 7, 4, 6]]"
12n_0391_23,"[[3, 7, 4, 6], [5, 13, 6, 12], [7, 16, 8, 17], [9, 20, 10, 21], [11, 5, 12, 4], [13, 2, 14, 3], [15, 22, 16, 23], [17, 10, 18, 11], [24, 19, 1, 20], [21, 8, 22, 9], [23, 14, 24, 15], [18, 1, 19, 2]]"
12n_0391_24,"[[19, 2, 20, 3], [4, 8, 5, 7], [6, 14, 7, 13], [8, 17, 9, 18], [10, 21, 11, 22], [12, 6, 13, 5], [14, 3, 15, 4], [16, 23, 17, 24], [18, 11, 19, 12], [1, 20, 2, 21], [22, 9, 23, 10], [24, 15, 1, 16]]"
12n_0391_25,"[[24, 15, 1, 16], [19, 2, 20, 3], [4, 8, 5, 7], [6, 14, 7, 13], [8, 17, 9, 18], [10, 21, 11, 22], [12, 6, 13, 5], [14, 3, 15, 4], [16, 23, 17, 24], [18, 11, 19, 12], [1, 20, 2, 21], [22, 9, 23, 10]]"
12n_0391_26,"[[22, 9, 23, 10], [24, 15, 1, 16], [19, 2, 20, 3], [4, 8, 5, 7], [6, 14, 7, 13], [8, 17, 9, 18], [10, 21, 11, 22], [12, 6, 13, 5], [14, 3, 15, 4], [16, 23, 17, 24], [18, 11, 19, 12], [1, 20, 2, 21]]"
12n_0391_27,"[[1, 20, 2, 21], [22, 9, 23, 10], [24, 15, 1, 16], [19, 2, 20, 3], [4, 8, 5, 7], [6, 14, 7, 13], [8, 17, 9, 18], [10, 21, 11, 22], [12, 6, 13, 5], [14, 3, 15, 4], [16, 23, 17, 24], [18, 11, 19, 12]]"
12n_0391_28,"[[18, 11, 19, 12], [1, 20, 2, 21], [22, 9, 23, 10], [24, 15, 1, 16], [19, 2, 20, 3], [4, 8, 5, 7], [6, 14, 7, 13], [8, 17, 9, 18], [10, 21, 11, 22], [12, 6, 13, 5], [14, 3, 15, 4], [16, 23, 17, 24]]"
12n_0391_29,"[[16, 23, 17, 24], [18, 11, 19, 12], [1, 20, 2, 21], [22, 9, 23, 10], [24, 15, 1, 16], [19, 2, 20, 3], [4, 8, 5, 7], [6, 14, 7, 13], [8, 17, 9, 18], [10, 21, 11, 22], [12, 6, 13, 5], [14, 3, 15, 4]]"
12n_0391_30,"[[14, 3, 15, 4], [16, 23, 17, 24], [18, 11, 19, 12], [1, 20, 2, 21], [22, 9, 23, 10], [24, 15, 1, 16], [19, 2, 20, 3], [4, 8, 5, 7], [6, 14, 7, 13], [8, 17, 9, 18], [10, 21, 11, 22], [12, 6, 13, 5]]"
12n_0391_31,"[[12, 6, 13, 5], [14, 3, 15, 4], [16, 23, 17, 24], [18, 11, 19, 12], [1, 20, 2, 21], [22, 9, 23, 10], [24, 15, 1, 16], [19, 2, 20, 3], [4, 8, 5, 7], [6, 14, 7, 13], [8, 17, 9, 18], [10, 21, 11, 22]]"
12n_0391_32,"[[10, 21, 11, 22], [12, 6, 13, 5], [14, 3, 15, 4], [16, 23, 17, 24], [18, 11, 19, 12], [1, 20, 2, 21], [22, 9, 23, 10], [24, 15, 1, 16], [19, 2, 20, 3], [4, 8, 5, 7], [6, 14, 7, 13], [8, 17, 9, 18]]"
12n_0391_33,"[[8, 17, 9, 18], [10, 21, 11, 22], [12, 6, 13, 5], [14, 3, 15, 4], [16, 23, 17, 24], [18, 11, 19, 12], [1, 20, 2, 21], [22, 9, 23, 10], [24, 15, 1, 16], [19, 2, 20, 3], [4, 8, 5, 7], [6, 14, 7, 13]]"
12n_0391_34,"[[6, 14, 7, 13], [8, 17, 9, 18], [10, 21, 11, 22], [12, 6, 13, 5], [14, 3, 15, 4], [16, 23, 17, 24], [18, 11, 19, 12], [1, 20, 2, 21], [22, 9, 23, 10], [24, 15, 1, 16], [19, 2, 20, 3], [4, 8, 5, 7]]"
12n_0391_35,"[[4, 8, 5, 7], [6, 14, 7, 13], [8, 17, 9, 18], [10, 21, 11, 22], [12, 6, 13, 5], [14, 3, 15, 4], [16, 23, 17, 24], [18, 11, 19, 12], [1, 20, 2, 21], [22, 9, 23, 10], [24, 15, 1, 16], [19, 2, 20, 3]]"
12n_0391_36,"[[20, 3, 21, 4], [5, 9, 6, 8], [7, 15, 8, 14], [9, 18, 10, 19], [11, 22, 12, 23], [13, 7, 14, 6], [15, 4, 16, 5], [17, 24, 18, 1], [19, 12, 20, 13], [2, 21, 3, 22], [23, 10, 24, 11], [1, 16, 2, 17]]"
12n_0391_37,"[[1, 16, 2, 17], [20, 3, 21, 4], [5, 9, 6, 8], [7, 15, 8, 14], [9, 18, 10, 19], [11, 22, 12, 23], [13, 7, 14, 6], [15, 4, 16, 5], [17, 24, 18, 1], [19, 12, 20, 13], [2, 21, 3, 22], [23, 10, 24, 11]]"
12n_0391_38,"[[23, 10, 24, 11], [1, 16, 2, 17], [20, 3, 21, 4], [5, 9, 6, 8], [7, 15, 8, 14], [9, 18, 10, 19], [11, 22, 12, 23], [13, 7, 14, 6], [15, 4, 16, 5], [17, 24, 18, 1], [19, 12, 20, 13], [2, 21, 3, 22]]"
12n_0391_39,"[[2, 21, 3, 22], [23, 10, 24, 11], [1, 16, 2, 17], [20, 3, 21, 4], [5, 9, 6, 8], [7, 15, 8, 14], [9, 18, 10, 19], [11, 22, 12, 23], [13, 7, 14, 6], [15, 4, 16, 5], [17, 24, 18, 1], [19, 12, 20, 13]]"
12n_0391_40,"[[19, 12, 20, 13], [2, 21, 3, 22], [23, 10, 24, 11], [1, 16, 2, 17], [20, 3, 21, 4], [5, 9, 6, 8], [7, 15, 8, 14], [9, 18, 10, 19], [11, 22, 12, 23], [13, 7, 14, 6], [15, 4, 16, 5], [17, 24, 18, 1]]"
12n_0391_41,"[[17, 24, 18, 1], [19, 12, 20, 13], [2, 21, 3, 22], [23, 10, 24, 11], [1, 16, 2, 17], [20, 3, 21, 4], [5, 9, 6, 8], [7, 15, 8, 14], [9, 18, 10, 19], [11, 22, 12, 23], [13, 7, 14, 6], [15, 4, 16, 5]]"
12n_0391_42,"[[15, 4, 16, 5], [17, 24, 18, 1], [19, 12, 20, 13], [2, 21, 3, 22], [23, 10, 24, 11], [1, 16, 2, 17], [20, 3, 21, 4], [5, 9, 6, 8], [7, 15, 8, 14], [9, 18, 10, 19], [11, 22, 12, 23], [13, 7, 14, 6]]"
12n_0391_43,"[[13, 7, 14, 6], [15, 4, 16, 5], [17, 24, 18, 1], [19, 12, 20, 13], [2, 21, 3, 22], [23, 10, 24, 11], [1, 16, 2, 17], [20, 3, 21, 4], [5, 9, 6, 8], [7, 15, 8, 14], [9, 18, 10, 19], [11, 22, 12, 23]]"
12n_0391_44,"[[11, 22, 12, 23], [13, 7, 14, 6], [15, 4, 16, 5], [17, 24, 18, 1], [19, 12, 20, 13], [2, 21, 3, 22], [23, 10, 24, 11], [1, 16, 2, 17], [20, 3, 21, 4], [5, 9, 6, 8], [7, 15, 8, 14], [9, 18, 10, 19]]"
12n_0391_45,"[[9, 18, 10, 19], [11, 22, 12, 23], [13, 7, 14, 6], [15, 4, 16, 5], [17, 24, 18, 1], [19, 12, 20, 13], [2, 21, 3, 22], [23, 10, 24, 11], [1, 16, 2, 17], [20, 3, 21, 4], [5, 9, 6, 8], [7, 15, 8, 14]]"
12n_0391_46,"[[7, 15, 8, 14], [9, 18, 10, 19], [11, 22, 12, 23], [13, 7, 14, 6], [15, 4, 16, 5], [17, 24, 18, 1], [19, 12, 20, 13], [2, 21, 3, 22], [23, 10, 24, 11], [1, 16, 2, 17], [20, 3, 21, 4], [5, 9, 6, 8]]"
12n_0391_47,"[[5, 9, 6, 8], [7, 15, 8, 14], [9, 18, 10, 19], [11, 22, 12, 23], [13, 7, 14, 6], [15, 4, 16, 5], [17, 24, 18, 1], [19, 12, 20, 13], [2, 21, 3, 22], [23, 10, 24, 11], [1, 16, 2, 17], [20, 3, 21, 4]]"
12n_0391_48,"[[21, 4, 22, 5], [6, 10, 7, 9], [8, 16, 9, 15], [10, 19, 11, 20], [12, 23, 13, 24], [14, 8, 15, 7], [16, 5, 17, 6], [18, 1, 19, 2], [20, 13, 21, 14], [3, 22, 4, 23], [24, 11, 1, 12], [2, 17, 3, 18]]"
12n_0391_49,"[[2, 17, 3, 18], [21, 4, 22, 5], [6, 10, 7, 9], [8, 16, 9, 15], [10, 19, 11, 20], [12, 23, 13, 24], [14, 8, 15, 7], [16, 5, 17, 6], [18, 1, 19, 2], [20, 13, 21, 14], [3, 22, 4, 23], [24, 11, 1, 12]]"
12n_0391_50,"[[24, 11, 1, 12], [2, 17, 3, 18], [21, 4, 22, 5], [6, 10, 7, 9], [8, 16, 9, 15], [10, 19, 11, 20], [12, 23, 13, 24], [14, 8, 15, 7], [16, 5, 17, 6], [18, 1, 19, 2], [20, 13, 21, 14], [3, 22, 4, 23]]"
12n_0391_51,"[[3, 22, 4, 23], [24, 11, 1, 12], [2, 17, 3, 18], [21, 4, 22, 5], [6, 10, 7, 9], [8, 16, 9, 15], [10, 19, 11, 20], [12, 23, 13, 24], [14, 8, 15, 7], [16, 5, 17, 6], [18, 1, 19, 2], [20, 13, 21, 14]]"
12n_0391_52,"[[20, 13, 21, 14], [3, 22, 4, 23], [24, 11, 1, 12], [2, 17, 3, 18], [21, 4, 22, 5], [6, 10, 7, 9], [8, 16, 9, 15], [10, 19, 11, 20], [12, 23, 13, 24], [14, 8, 15, 7], [16, 5, 17, 6], [18, 1, 19, 2]]"
12n_0391_53,"[[18, 1, 19, 2], [20, 13, 21, 14], [3, 22, 4, 23], [24, 11, 1, 12], [2, 17, 3, 18], [21, 4, 22, 5], [6, 10, 7, 9], [8, 16, 9, 15], [10, 19, 11, 20], [12, 23, 13, 24], [14, 8, 15, 7], [16, 5, 17, 6]]"
12n_0391_54,"[[16, 5, 17, 6], [18, 1, 19, 2], [20, 13, 21, 14], [3, 22, 4, 23], [24, 11, 1, 12], [2, 17, 3, 18], [21, 4, 22, 5], [6, 10, 7, 9], [8, 16, 9, 15], [10, 19, 11, 20], [12, 23, 13, 24], [14, 8, 15, 7]]"
12n_0391_55,"[[14, 8, 15, 7], [16, 5, 17, 6], [18, 1, 19, 2], [20, 13, 21, 14], [3, 22, 4, 23], [24, 11, 1, 12], [2, 17, 3, 18], [21, 4, 22, 5], [6, 10, 7, 9], [8, 16, 9, 15], [10, 19, 11, 20], [12, 23, 13, 24]]"
12n_0391_56,"[[12, 23, 13, 24], [14, 8, 15, 7], [16, 5, 17, 6], [18, 1, 19, 2], [20, 13, 21, 14], [3, 22, 4, 23], [24, 11, 1, 12], [2, 17, 3, 18], [21, 4, 22, 5], [6, 10, 7, 9], [8, 16, 9, 15], [10, 19, 11, 20]]"
12n_0391_57,"[[10, 19, 11, 20], [12, 23, 13, 24], [14, 8, 15, 7], [16, 5, 17, 6], [18, 1, 19, 2], [20, 13, 21, 14], [3, 22, 4, 23], [24, 11, 1, 12], [2, 17, 3, 18], [21, 4, 22, 5], [6, 10, 7, 9], [8, 16, 9, 15]]"
12n_0391_58,"[[8, 16, 9, 15], [10, 19, 11, 20], [12, 23, 13, 24], [14, 8, 15, 7], [16, 5, 17, 6], [18, 1, 19, 2], [20, 13, 21, 14], [3, 22, 4, 23], [24, 11, 1, 12], [2, 17, 3, 18], [21, 4, 22, 5], [6, 10, 7, 9]]"
12n_0391_59,"[[6, 10, 7, 9], [8, 16, 9, 15], [10, 19, 11, 20], [12, 23, 13, 24], [14, 8, 15, 7], [16, 5, 17, 6], [18, 1, 19, 2], [20, 13, 21, 14], [3, 22, 4, 23], [24, 11, 1, 12], [2, 17, 3, 18], [21, 4, 22, 5]]"
12n_0391_60,"[[22, 5, 23, 6], [7, 11, 8, 10], [9, 17, 10, 16], [11, 20, 12, 21], [13, 24, 14, 1], [15, 9, 16, 8], [17, 6, 18, 7], [19, 2, 20, 3], [21, 14, 22, 15], [4, 23, 5, 24], [1, 12, 2, 13], [3, 18, 4, 19]]"
12n_0391_61,"[[3, 18, 4, 19], [22, 5, 23, 6], [7, 11, 8, 10], [9, 17, 10, 16], [11, 20, 12, 21], [13, 24, 14, 1], [15, 9, 16, 8], [17, 6, 18, 7], [19, 2, 20, 3], [21, 14, 22, 15], [4, 23, 5, 24], [1, 12, 2, 13]]"
12n_0391_62,"[[1, 12, 2, 13], [3, 18, 4, 19], [22, 5, 23, 6], [7, 11, 8, 10], [9, 17, 10, 16], [11, 20, 12, 21], [13, 24, 14, 1], [15, 9, 16, 8], [17, 6, 18, 7], [19, 2, 20, 3], [21, 14, 22, 15], [4, 23, 5, 24]]"
12n_0391_63,"[[4, 23, 5, 24], [1, 12, 2, 13], [3, 18, 4, 19], [22, 5, 23, 6], [7, 11, 8, 10], [9, 17, 10, 16], [11, 20, 12, 21], [13, 24, 14, 1], [15, 9, 16, 8], [17, 6, 18, 7], [19, 2, 20, 3], [21, 14, 22, 15]]"
12n_0391_64,"[[21, 14, 22, 15], [4, 23, 5, 24], [1, 12, 2, 13], [3, 18, 4, 19], [22, 5, 23, 6], [7, 11, 8, 10], [9, 17, 10, 16], [11, 20, 12, 21], [13, 24, 14, 1], [15, 9, 16, 8], [17, 6, 18, 7], [19, 2, 20, 3]]"
12n_0391_65,"[[19, 2, 20, 3], [21, 14, 22, 15], [4, 23, 5, 24], [1, 12, 2, 13], [3, 18, 4, 19], [22, 5, 23, 6], [7, 11, 8, 10], [9, 17, 10, 16], [11, 20, 12, 21], [13, 24, 14, 1], [15, 9, 16, 8], [17, 6, 18, 7]]"
12n_0391_66,"[[17, 6, 18, 7], [19, 2, 20, 3], [21, 14, 22, 15], [4, 23, 5, 24], [1, 12, 2, 13], [3, 18, 4, 19], [22, 5, 23, 6], [7, 11, 8, 10], [9, 17, 10, 16], [11, 20, 12, 21], [13, 24, 14, 1], [15, 9, 16, 8]]"
12n_0391_67,"[[15, 9, 16, 8], [17, 6, 18, 7], [19, 2, 20, 3], [21, 14, 22, 15], [4, 23, 5, 24], [1, 12, 2, 13], [3, 18, 4, 19], [22, 5, 23, 6], [7, 11, 8, 10], [9, 17, 10, 16], [11, 20, 12, 21], [13, 24, 14, 1]]"
12n_0391_68,"[[13, 24, 14, 1], [15, 9, 16, 8], [17, 6, 18, 7], [19, 2, 20, 3], [21, 14, 22, 15], [4, 23, 5, 24], [1, 12, 2, 13], [3, 18, 4, 19], [22, 5, 23, 6], [7, 11, 8, 10], [9, 17, 10, 16], [11, 20, 12, 21]]"
12n_0391_69,"[[11, 20, 12, 21], [13, 24, 14, 1], [15, 9, 16, 8], [17, 6, 18, 7], [19, 2, 20, 3], [21, 14, 22, 15], [4, 23, 5, 24], [1, 12, 2, 13], [3, 18, 4, 19], [22, 5, 23, 6], [7, 11, 8, 10], [9, 17, 10, 16]]"
12n_0391_70,"[[9, 17, 10, 16], [11, 20, 12, 21], [13, 24, 14, 1], [15, 9, 16, 8], [17, 6, 18, 7], [19, 2, 20, 3], [21, 14, 22, 15], [4, 23, 5, 24], [1, 12, 2, 13], [3, 18, 4, 19], [22, 5, 23, 6], [7, 11, 8, 10]]"
12n_0391_71,"[[7, 11, 8, 10], [9, 17, 10, 16], [11, 20, 12, 21], [13, 24, 14, 1], [15, 9, 16, 8], [17, 6, 18, 7], [19, 2, 20, 3], [21, 14, 22, 15], [4, 23, 5, 24], [1, 12, 2, 13], [3, 18, 4, 19], [22, 5, 23, 6]]"
12n_0391_72,"[[23, 6, 24, 7], [8, 12, 9, 11], [10, 18, 11, 17], [12, 21, 13, 22], [14, 1, 15, 2], [16, 10, 17, 9], [18, 7, 19, 8], [20, 3, 21, 4], [22, 15, 23, 16], [5, 24, 6, 1], [2, 13, 3, 14], [4, 19, 5, 20]]"
12n_0391_73,"[[4, 19, 5, 20], [23, 6, 24, 7], [8, 12, 9, 11], [10, 18, 11, 17], [12, 21, 13, 22], [14, 1, 15, 2], [16, 10, 17, 9], [18, 7, 19, 8], [20, 3, 21, 4], [22, 15, 23, 16], [5, 24, 6, 1], [2, 13, 3, 14]]"
12n_0391_74,"[[2, 13, 3, 14], [4, 19, 5, 20], [23, 6, 24, 7], [8, 12, 9, 11], [10, 18, 11, 17], [12, 21, 13, 22], [14, 1, 15, 2], [16, 10, 17, 9], [18, 7, 19, 8], [20, 3, 21, 4], [22, 15, 23, 16], [5, 24, 6, 1]]"
12n_0391_75,"[[5, 24, 6, 1], [2, 13, 3, 14], [4, 19, 5, 20], [23, 6, 24, 7], [8, 12, 9, 11], [10, 18, 11, 17], [12, 21, 13, 22], [14, 1, 15, 2], [16, 10, 17, 9], [18, 7, 19, 8], [20, 3, 21, 4], [22, 15, 23, 16]]"
12n_0391_76,"[[22, 15, 23, 16], [5, 24, 6, 1], [2, 13, 3, 14], [4, 19, 5, 20], [23, 6, 24, 7], [8, 12, 9, 11], [10, 18, 11, 17], [12, 21, 13, 22], [14, 1, 15, 2], [16, 10, 17, 9], [18, 7, 19, 8], [20, 3, 21, 4]]"
12n_0391_77,"[[20, 3, 21, 4], [22, 15, 23, 16], [5, 24, 6, 1], [2, 13, 3, 14], [4, 19, 5, 20], [23, 6, 24, 7], [8, 12, 9, 11], [10, 18, 11, 17], [12, 21, 13, 22], [14, 1, 15, 2], [16, 10, 17, 9], [18, 7, 19, 8]]"
12n_0391_78,"[[18, 7, 19, 8], [20, 3, 21, 4], [22, 15, 23, 16], [5, 24, 6, 1], [2, 13, 3, 14], [4, 19, 5, 20], [23, 6, 24, 7], [8, 12, 9, 11], [10, 18, 11, 17], [12, 21, 13, 22], [14, 1, 15, 2], [16, 10, 17, 9]]"
12n_0391_79,"[[16, 10, 17, 9], [18, 7, 19, 8], [20, 3, 21, 4], [22, 15, 23, 16], [5, 24, 6, 1], [2, 13, 3, 14], [4, 19, 5, 20], [23, 6, 24, 7], [8, 12, 9, 11], [10, 18, 11, 17], [12, 21, 13, 22], [14, 1, 15, 2]]"
12n_0391_80,"[[14, 1, 15, 2], [16, 10, 17, 9], [18, 7, 19, 8], [20, 3, 21, 4], [22, 15, 23, 16], [5, 24, 6, 1], [2, 13, 3, 14], [4, 19, 5, 20], [23, 6, 24, 7], [8, 12, 9, 11], [10, 18, 11, 17], [12, 21, 13, 22]]"
12n_0391_81,"[[12, 21, 13, 22], [14, 1, 15, 2], [16, 10, 17, 9], [18, 7, 19, 8], [20, 3, 21, 4], [22, 15, 23, 16], [5, 24, 6, 1], [2, 13, 3, 14], [4, 19, 5, 20], [23, 6, 24, 7], [8, 12, 9, 11], [10, 18, 11, 17]]"
12n_0391_82,"[[10, 18, 11, 17], [12, 21, 13, 22], [14, 1, 15, 2], [16, 10, 17, 9], [18, 7, 19, 8], [20, 3, 21, 4], [22, 15, 23, 16], [5, 24, 6, 1], [2, 13, 3, 14], [4, 19, 5, 20], [23, 6, 24, 7], [8, 12, 9, 11]]"
12n_0391_83,"[[8, 12, 9, 11], [10, 18, 11, 17], [12, 21, 13, 22], [14, 1, 15, 2], [16, 10, 17, 9], [18, 7, 19, 8], [20, 3, 21, 4], [22, 15, 23, 16], [5, 24, 6, 1], [2, 13, 3, 14], [4, 19, 5, 20], [23, 6, 24, 7]]"
12n_0391_84,"[[24, 7, 1, 8], [9, 13, 10, 12], [11, 19, 12, 18], [13, 22, 14, 23], [15, 2, 16, 3], [17, 11, 18, 10], [19, 8, 20, 9], [21, 4, 22, 5], [23, 16, 24, 17], [6, 1, 7, 2], [3, 14, 4, 15], [5, 20, 6, 21]]"
12n_0391_85,"[[5, 20, 6, 21], [24, 7, 1, 8], [9, 13, 10, 12], [11, 19, 12, 18], [13, 22, 14, 23], [15, 2, 16, 3], [17, 11, 18, 10], [19, 8, 20, 9], [21, 4, 22, 5], [23, 16, 24, 17], [6, 1, 7, 2], [3, 14, 4, 15]]"
12n_0391_86,"[[3, 14, 4, 15], [5, 20, 6, 21], [24, 7, 1, 8], [9, 13, 10, 12], [11, 19, 12, 18], [13, 22, 14, 23], [15, 2, 16, 3], [17, 11, 18, 10], [19, 8, 20, 9], [21, 4, 22, 5], [23, 16, 24, 17], [6, 1, 7, 2]]"
12n_0391_87,"[[6, 1, 7, 2], [3, 14, 4, 15], [5, 20, 6, 21], [24, 7, 1, 8], [9, 13, 10, 12], [11, 19, 12, 18], [13, 22, 14, 23], [15, 2, 16, 3], [17, 11, 18, 10], [19, 8, 20, 9], [21, 4, 22, 5], [23, 16, 24, 17]]"
12n_0391_88,"[[23, 16, 24, 17], [6, 1, 7, 2], [3, 14, 4, 15], [5, 20, 6, 21], [24, 7, 1, 8], [9, 13, 10, 12], [11, 19, 12, 18], [13, 22, 14, 23], [15, 2, 16, 3], [17, 11, 18, 10], [19, 8, 20, 9], [21, 4, 22, 5]]"
12n_0391_89,"[[21, 4, 22, 5], [23, 16, 24, 17], [6, 1, 7, 2], [3, 14, 4, 15], [5, 20, 6, 21], [24, 7, 1, 8], [9, 13, 10, 12], [11, 19, 12, 18], [13, 22, 14, 23], [15, 2, 16, 3], [17, 11, 18, 10], [19, 8, 20, 9]]"
12n_0391_90,"[[19, 8, 20, 9], [21, 4, 22, 5], [23, 16, 24, 17], [6, 1, 7, 2], [3, 14, 4, 15], [5, 20, 6, 21], [24, 7, 1, 8], [9, 13, 10, 12], [11, 19, 12, 18], [13, 22, 14, 23], [15, 2, 16, 3], [17, 11, 18, 10]]"
12n_0391_91,"[[17, 11, 18, 10], [19, 8, 20, 9], [21, 4, 22, 5], [23, 16, 24, 17], [6, 1, 7, 2], [3, 14, 4, 15], [5, 20, 6, 21], [24, 7, 1, 8], [9, 13, 10, 12], [11, 19, 12, 18], [13, 22, 14, 23], [15, 2, 16, 3]]"
12n_0391_92,"[[15, 2, 16, 3], [17, 11, 18, 10], [19, 8, 20, 9], [21, 4, 22, 5], [23, 16, 24, 17], [6, 1, 7, 2], [3, 14, 4, 15], [5, 20, 6, 21], [24, 7, 1, 8], [9, 13, 10, 12], [11, 19, 12, 18], [13, 22, 14, 23]]"
12n_0391_93,"[[13, 22, 14, 23], [15, 2, 16, 3], [17, 11, 18, 10], [19, 8, 20, 9], [21, 4, 22, 5], [23, 16, 24, 17], [6, 1, 7, 2], [3, 14, 4, 15], [5, 20, 6, 21], [24, 7, 1, 8], [9, 13, 10, 12], [11, 19, 12, 18]]"
12n_0391_94,"[[11, 19, 12, 18], [13, 22, 14, 23], [15, 2, 16, 3], [17, 11, 18, 10], [19, 8, 20, 9], [21, 4, 22, 5], [23, 16, 24, 17], [6, 1, 7, 2], [3, 14, 4, 15], [5, 20, 6, 21], [24, 7, 1, 8], [9, 13, 10, 12]]"
12n_0391_95,"[[9, 13, 10, 12], [11, 19, 12, 18], [13, 22, 14, 23], [15, 2, 16, 3], [17, 11, 18, 10], [19, 8, 20, 9], [21, 4, 22, 5], [23, 16, 24, 17], [6, 1, 7, 2], [3, 14, 4, 15], [5, 20, 6, 21], [24, 7, 1, 8]]"
12n_0391_96,"[[1, 8, 2, 9], [10, 14, 11, 13], [12, 20, 13, 19], [14, 23, 15, 24], [16, 3, 17, 4], [18, 12, 19, 11], [20, 9, 21, 10], [22, 5, 23, 6], [24, 17, 1, 18], [7, 2, 8, 3], [4, 15, 5, 16], [6, 21, 7, 22]]"
12n_0391_97,"[[6, 21, 7, 22], [1, 8, 2, 9], [10, 14, 11, 13], [12, 20, 13, 19], [14, 23, 15, 24], [16, 3, 17, 4], [18, 12, 19, 11], [20, 9, 21, 10], [22, 5, 23, 6], [24, 17, 1, 18], [7, 2, 8, 3], [4, 15, 5, 16]]"
12n_0391_98,"[[4, 15, 5, 16], [6, 21, 7, 22], [1, 8, 2, 9], [10, 14, 11, 13], [12, 20, 13, 19], [14, 23, 15, 24], [16, 3, 17, 4], [18, 12, 19, 11], [20, 9, 21, 10], [22, 5, 23, 6], [24, 17, 1, 18], [7, 2, 8, 3]]"
12n_0391_99,"[[7, 2, 8, 3], [4, 15, 5, 16], [6, 21, 7, 22], [1, 8, 2, 9], [10, 14, 11, 13], [12, 20, 13, 19], [14, 23, 15, 24], [16, 3, 17, 4], [18, 12, 19, 11], [20, 9, 21, 10], [22, 5, 23, 6], [24, 17, 1, 18]]"
12n_0391_100,"[[24, 17, 1, 18], [7, 2, 8, 3], [4, 15, 5, 16], [6, 21, 7, 22], [1, 8, 2, 9], [10, 14, 11, 13], [12, 20, 13, 19], [14, 23, 15, 24], [16, 3, 17, 4], [18, 12, 19, 11], [20, 9, 21, 10], [22, 5, 23, 6]]"
12n_0391_101,"[[22, 5, 23, 6], [24, 17, 1, 18], [7, 2, 8, 3], [4, 15, 5, 16], [6, 21, 7, 22], [1, 8, 2, 9], [10, 14, 11, 13], [12, 20, 13, 19], [14, 23, 15, 24], [16, 3, 17, 4], [18, 12, 19, 11], [20, 9, 21, 10]]"
12n_0391_102,"[[20, 9, 21, 10], [22, 5, 23, 6], [24, 17, 1, 18], [7, 2, 8, 3], [4, 15, 5, 16], [6, 21, 7, 22], [1, 8, 2, 9], [10, 14, 11, 13], [12, 20, 13, 19], [14, 23, 15, 24], [16, 3, 17, 4], [18, 12, 19, 11]]"
12n_0391_103,"[[18, 12, 19, 11], [20, 9, 21, 10], [22, 5, 23, 6], [24, 17, 1, 18], [7, 2, 8, 3], [4, 15, 5, 16], [6, 21, 7, 22], [1, 8, 2, 9], [10, 14, 11, 13], [12, 20, 13, 19], [14, 23, 15, 24], [16, 3, 17, 4]]"
12n_0391_104,"[[16, 3, 17, 4], [18, 12, 19, 11], [20, 9, 21, 10], [22, 5, 23, 6], [24, 17, 1, 18], [7, 2, 8, 3], [4, 15, 5, 16], [6, 21, 7, 22], [1, 8, 2, 9], [10, 14, 11, 13], [12, 20, 13, 19], [14, 23, 15, 24]]"
12n_0391_105,"[[14, 23, 15, 24], [16, 3, 17, 4], [18, 12, 19, 11], [20, 9, 21, 10], [22, 5, 23, 6], [24, 17, 1, 18], [7, 2, 8, 3], [4, 15, 5, 16], [6, 21, 7, 22], [1, 8, 2, 9], [10, 14, 11, 13], [12, 20, 13, 19]]"
12n_0391_106,"[[12, 20, 13, 19], [14, 23, 15, 24], [16, 3, 17, 4], [18, 12, 19, 11], [20, 9, 21, 10], [22, 5, 23, 6], [24, 17, 1, 18], [7, 2, 8, 3], [4, 15, 5, 16], [6, 21, 7, 22], [1, 8, 2, 9], [10, 14, 11, 13]]"
12n_0391_107,"[[10, 14, 11, 13], [12, 20, 13, 19], [14, 23, 15, 24], [16, 3, 17, 4], [18, 12, 19, 11], [20, 9, 21, 10], [22, 5, 23, 6], [24, 17, 1, 18], [7, 2, 8, 3], [4, 15, 5, 16], [6, 21, 7, 22], [1, 8, 2, 9]]"
12n_0391_108,"[[2, 9, 3, 10], [11, 15, 12, 14], [13, 21, 14, 20], [15, 24, 16, 1], [17, 4, 18, 5], [19, 13, 20, 12], [21, 10, 22, 11], [23, 6, 24, 7], [1, 18, 2, 19], [8, 3, 9, 4], [5, 16, 6, 17], [7, 22, 8, 23]]"
12n_0391_109,"[[7, 22, 8, 23], [2, 9, 3, 10], [11, 15, 12, 14], [13, 21, 14, 20], [15, 24, 16, 1], [17, 4, 18, 5], [19, 13, 20, 12], [21, 10, 22, 11], [23, 6, 24, 7], [1, 18, 2, 19], [8, 3, 9, 4], [5, 16, 6, 17]]"
12n_0391_110,"[[5, 16, 6, 17], [7, 22, 8, 23], [2, 9, 3, 10], [11, 15, 12, 14], [13, 21, 14, 20], [15, 24, 16, 1], [17, 4, 18, 5], [19, 13, 20, 12], [21, 10, 22, 11], [23, 6, 24, 7], [1, 18, 2, 19], [8, 3, 9, 4]]"
12n_0391_111,"[[8, 3, 9, 4], [5, 16, 6, 17], [7, 22, 8, 23], [2, 9, 3, 10], [11, 15, 12, 14], [13, 21, 14, 20], [15, 24, 16, 1], [17, 4, 18, 5], [19, 13, 20, 12], [21, 10, 22, 11], [23, 6, 24, 7], [1, 18, 2, 19]]"
12n_0391_112,"[[1, 18, 2, 19], [8, 3, 9, 4], [5, 16, 6, 17], [7, 22, 8, 23], [2, 9, 3, 10], [11, 15, 12, 14], [13, 21, 14, 20], [15, 24, 16, 1], [17, 4, 18, 5], [19, 13, 20, 12], [21, 10, 22, 11], [23, 6, 24, 7]]"
12n_0391_113,"[[23, 6, 24, 7], [1, 18, 2, 19], [8, 3, 9, 4], [5, 16, 6, 17], [7, 22, 8, 23], [2, 9, 3, 10], [11, 15, 12, 14], [13, 21, 14, 20], [15, 24, 16, 1], [17, 4, 18, 5], [19, 13, 20, 12], [21, 10, 22, 11]]"
12n_0391_114,"[[21, 10, 22, 11], [23, 6, 24, 7], [1, 18, 2, 19], [8, 3, 9, 4], [5, 16, 6, 17], [7, 22, 8, 23], [2, 9, 3, 10], [11, 15, 12, 14], [13, 21, 14, 20], [15, 24, 16, 1], [17, 4, 18, 5], [19, 13, 20, 12]]"
12n_0391_115,"[[19, 13, 20, 12], [21, 10, 22, 11], [23, 6, 24, 7], [1, 18, 2, 19], [8, 3, 9, 4], [5, 16, 6, 17], [7, 22, 8, 23], [2, 9, 3, 10], [11, 15, 12, 14], [13, 21, 14, 20], [15, 24, 16, 1], [17, 4, 18, 5]]"
12n_0391_116,"[[17, 4, 18, 5], [19, 13, 20, 12], [21, 10, 22, 11], [23, 6, 24, 7], [1, 18, 2, 19], [8, 3, 9, 4], [5, 16, 6, 17], [7, 22, 8, 23], [2, 9, 3, 10], [11, 15, 12, 14], [13, 21, 14, 20], [15, 24, 16, 1]]"
12n_0391_117,"[[15, 24, 16, 1], [17, 4, 18, 5], [19, 13, 20, 12], [21, 10, 22, 11], [23, 6, 24, 7], [1, 18, 2, 19], [8, 3, 9, 4], [5, 16, 6, 17], [7, 22, 8, 23], [2, 9, 3, 10], [11, 15, 12, 14], [13, 21, 14, 20]]"
12n_0391_118,"[[13, 21, 14, 20], [15, 24, 16, 1], [17, 4, 18, 5], [19, 13, 20, 12], [21, 10, 22, 11], [23, 6, 24, 7], [1, 18, 2, 19], [8, 3, 9, 4], [5, 16, 6, 17], [7, 22, 8, 23], [2, 9, 3, 10], [11, 15, 12, 14]]"
12n_0391_119,"[[11, 15, 12, 14], [13, 21, 14, 20], [15, 24, 16, 1], [17, 4, 18, 5], [19, 13, 20, 12], [21, 10, 22, 11], [23, 6, 24, 7], [1, 18, 2, 19], [8, 3, 9, 4], [5, 16, 6, 17], [7, 22, 8, 23], [2, 9, 3, 10]]"
12n_0391_120,"[[3, 10, 4, 11], [12, 16, 13, 15], [14, 22, 15, 21], [16, 1, 17, 2], [18, 5, 19, 6], [20, 14, 21, 13], [22, 11, 23, 12], [24, 7, 1, 8], [2, 19, 3, 20], [9, 4, 10, 5], [6, 17, 7, 18], [8, 23, 9, 24]]"
12n_0391_121,"[[8, 23, 9, 24], [3, 10, 4, 11], [12, 16, 13, 15], [14, 22, 15, 21], [16, 1, 17, 2], [18, 5, 19, 6], [20, 14, 21, 13], [22, 11, 23, 12], [24, 7, 1, 8], [2, 19, 3, 20], [9, 4, 10, 5], [6, 17, 7, 18]]"
12n_0391_122,"[[6, 17, 7, 18], [8, 23, 9, 24], [3, 10, 4, 11], [12, 16, 13, 15], [14, 22, 15, 21], [16, 1, 17, 2], [18, 5, 19, 6], [20, 14, 21, 13], [22, 11, 23, 12], [24, 7, 1, 8], [2, 19, 3, 20], [9, 4, 10, 5]]"
12n_0391_123,"[[9, 4, 10, 5], [6, 17, 7, 18], [8, 23, 9, 24], [3, 10, 4, 11], [12, 16, 13, 15], [14, 22, 15, 21], [16, 1, 17, 2], [18, 5, 19, 6], [20, 14, 21, 13], [22, 11, 23, 12], [24, 7, 1, 8], [2, 19, 3, 20]]"
12n_0391_124,"[[2, 19, 3, 20], [9, 4, 10, 5], [6, 17, 7, 18], [8, 23, 9, 24], [3, 10, 4, 11], [12, 16, 13, 15], [14, 22, 15, 21], [16, 1, 17, 2], [18, 5, 19, 6], [20, 14, 21, 13], [22, 11, 23, 12], [24, 7, 1, 8]]"
12n_0391_125,"[[24, 7, 1, 8], [2, 19, 3, 20], [9, 4, 10, 5], [6, 17, 7, 18], [8, 23, 9, 24], [3, 10, 4, 11], [12, 16, 13, 15], [14, 22, 15, 21], [16, 1, 17, 2], [18, 5, 19, 6], [20, 14, 21, 13], [22, 11, 23, 12]]"
12n_0391_126,"[[22, 11, 23, 12], [24, 7, 1, 8], [2, 19, 3, 20], [9, 4, 10, 5], [6, 17, 7, 18], [8, 23, 9, 24], [3, 10, 4, 11], [12, 16, 13, 15], [14, 22, 15, 21], [16, 1, 17, 2], [18, 5, 19, 6], [20, 14, 21, 13]]"
12n_0391_127,"[[20, 14, 21, 13], [22, 11, 23, 12], [24, 7, 1, 8], [2, 19, 3, 20], [9, 4, 10, 5], [6, 17, 7, 18], [8, 23, 9, 24], [3, 10, 4, 11], [12, 16, 13, 15], [14, 22, 15, 21], [16, 1, 17, 2], [18, 5, 19, 6]]"
12n_0391_128,"[[18, 5, 19, 6], [20, 14, 21, 13], [22, 11, 23, 12], [24, 7, 1, 8], [2, 19, 3, 20], [9, 4, 10, 5], [6, 17, 7, 18], [8, 23, 9, 24], [3, 10, 4, 11], [12, 16, 13, 15], [14, 22, 15, 21], [16, 1, 17, 2]]"
12n_0391_129,"[[16, 1, 17, 2], [18, 5, 19, 6], [20, 14, 21, 13], [22, 11, 23, 12], [24, 7, 1, 8], [2, 19, 3, 20], [9, 4, 10, 5], [6, 17, 7, 18], [8, 23, 9, 24], [3, 10, 4, 11], [12, 16, 13, 15], [14, 22, 15, 21]]"
12n_0391_130,"[[14, 22, 15, 21], [16, 1, 17, 2], [18, 5, 19, 6], [20, 14, 21, 13], [22, 11, 23, 12], [24, 7, 1, 8], [2, 19, 3, 20], [9, 4, 10, 5], [6, 17, 7, 18], [8, 23, 9, 24], [3, 10, 4, 11], [12, 16, 13, 15]]"
12n_0391_131,"[[12, 16, 13, 15], [14, 22, 15, 21], [16, 1, 17, 2], [18, 5, 19, 6], [20, 14, 21, 13], [22, 11, 23, 12], [24, 7, 1, 8], [2, 19, 3, 20], [9, 4, 10, 5], [6, 17, 7, 18], [8, 23, 9, 24], [3, 10, 4, 11]]"
12n_0391_132,"[[4, 11, 5, 12], [13, 17, 14, 16], [15, 23, 16, 22], [17, 2, 18, 3], [19, 6, 20, 7], [21, 15, 22, 14], [23, 12, 24, 13], [1, 8, 2, 9], [3, 20, 4, 21], [10, 5, 11, 6], [7, 18, 8, 19], [9, 24, 10, 1]]"
12n_0391_133,"[[9, 24, 10, 1], [4, 11, 5, 12], [13, 17, 14, 16], [15, 23, 16, 22], [17, 2, 18, 3], [19, 6, 20, 7], [21, 15, 22, 14], [23, 12, 24, 13], [1, 8, 2, 9], [3, 20, 4, 21], [10, 5, 11, 6], [7, 18, 8, 19]]"
12n_0391_134,"[[7, 18, 8, 19], [9, 24, 10, 1], [4, 11, 5, 12], [13, 17, 14, 16], [15, 23, 16, 22], [17, 2, 18, 3], [19, 6, 20, 7], [21, 15, 22, 14], [23, 12, 24, 13], [1, 8, 2, 9], [3, 20, 4, 21], [10, 5, 11, 6]]"
12n_0391_135,"[[10, 5, 11, 6], [7, 18, 8, 19], [9, 24, 10, 1], [4, 11, 5, 12], [13, 17, 14, 16], [15, 23, 16, 22], [17, 2, 18, 3], [19, 6, 20, 7], [21, 15, 22, 14], [23, 12, 24, 13], [1, 8, 2, 9], [3, 20, 4, 21]]"
12n_0391_136,"[[3, 20, 4, 21], [10, 5, 11, 6], [7, 18, 8, 19], [9, 24, 10, 1], [4, 11, 5, 12], [13, 17, 14, 16], [15, 23, 16, 22], [17, 2, 18, 3], [19, 6, 20, 7], [21, 15, 22, 14], [23, 12, 24, 13], [1, 8, 2, 9]]"
12n_0391_137,"[[1, 8, 2, 9], [3, 20, 4, 21], [10, 5, 11, 6], [7, 18, 8, 19], [9, 24, 10, 1], [4, 11, 5, 12], [13, 17, 14, 16], [15, 23, 16, 22], [17, 2, 18, 3], [19, 6, 20, 7], [21, 15, 22, 14], [23, 12, 24, 13]]"
12n_0391_138,"[[23, 12, 24, 13], [1, 8, 2, 9], [3, 20, 4, 21], [10, 5, 11, 6], [7, 18, 8, 19], [9, 24, 10, 1], [4, 11, 5, 12], [13, 17, 14, 16], [15, 23, 16, 22], [17, 2, 18, 3], [19, 6, 20, 7], [21, 15, 22, 14]]"
12n_0391_139,"[[21, 15, 22, 14], [23, 12, 24, 13], [1, 8, 2, 9], [3, 20, 4, 21], [10, 5, 11, 6], [7, 18, 8, 19], [9, 24, 10, 1], [4, 11, 5, 12], [13, 17, 14, 16], [15, 23, 16, 22], [17, 2, 18, 3], [19, 6, 20, 7]]"
12n_0391_140,"[[19, 6, 20, 7], [21, 15, 22, 14], [23, 12, 24, 13], [1, 8, 2, 9], [3, 20, 4, 21], [10, 5, 11, 6], [7, 18, 8, 19], [9, 24, 10, 1], [4, 11, 5, 12], [13, 17, 14, 16], [15, 23, 16, 22], [17, 2, 18, 3]]"
12n_0391_141,"[[17, 2, 18, 3], [19, 6, 20, 7], [21, 15, 22, 14], [23, 12, 24, 13], [1, 8, 2, 9], [3, 20, 4, 21], [10, 5, 11, 6], [7, 18, 8, 19], [9, 24, 10, 1], [4, 11, 5, 12], [13, 17, 14, 16], [15, 23, 16, 22]]"
12n_0391_142,"[[15, 23, 16, 22], [17, 2, 18, 3], [19, 6, 20, 7], [21, 15, 22, 14], [23, 12, 24, 13], [1, 8, 2, 9], [3, 20, 4, 21], [10, 5, 11, 6], [7, 18, 8, 19], [9, 24, 10, 1], [4, 11, 5, 12], [13, 17, 14, 16]]"
12n_0391_143,"[[13, 17, 14, 16], [15, 23, 16, 22], [17, 2, 18, 3], [19, 6, 20, 7], [21, 15, 22, 14], [23, 12, 24, 13], [1, 8, 2, 9], [3, 20, 4, 21], [10, 5, 11, 6], [7, 18, 8, 19], [9, 24, 10, 1], [4, 11, 5, 12]]"
12n_0391_144,"[[5, 12, 6, 13], [14, 18, 15, 17], [16, 24, 17, 23], [18, 3, 19, 4], [20, 7, 21, 8], [22, 16, 23, 15], [24, 13, 1, 14], [2, 9, 3, 10], [4, 21, 5, 22], [11, 6, 12, 7], [8, 19, 9, 20], [10, 1, 11, 2]]"
12n_0391_145,"[[10, 1, 11, 2], [5, 12, 6, 13], [14, 18, 15, 17], [16, 24, 17, 23], [18, 3, 19, 4], [20, 7, 21, 8], [22, 16, 23, 15], [24, 13, 1, 14], [2, 9, 3, 10], [4, 21, 5, 22], [11, 6, 12, 7], [8, 19, 9, 20]]"
12n_0391_146,"[[8, 19, 9, 20], [10, 1, 11, 2], [5, 12, 6, 13], [14, 18, 15, 17], [16, 24, 17, 23], [18, 3, 19, 4], [20, 7, 21, 8], [22, 16, 23, 15], [24, 13, 1, 14], [2, 9, 3, 10], [4, 21, 5, 22], [11, 6, 12, 7]]"
12n_0391_147,"[[11, 6, 12, 7], [8, 19, 9, 20], [10, 1, 11, 2], [5, 12, 6, 13], [14, 18, 15, 17], [16, 24, 17, 23], [18, 3, 19, 4], [20, 7, 21, 8], [22, 16, 23, 15], [24, 13, 1, 14], [2, 9, 3, 10], [4, 21, 5, 22]]"
12n_0391_148,"[[4, 21, 5, 22], [11, 6, 12, 7], [8, 19, 9, 20], [10, 1, 11, 2], [5, 12, 6, 13], [14, 18, 15, 17], [16, 24, 17, 23], [18, 3, 19, 4], [20, 7, 21, 8], [22, 16, 23, 15], [24, 13, 1, 14], [2, 9, 3, 10]]"
12n_0391_149,"[[2, 9, 3, 10], [4, 21, 5, 22], [11, 6, 12, 7], [8, 19, 9, 20], [10, 1, 11, 2], [5, 12, 6, 13], [14, 18, 15, 17], [16, 24, 17, 23], [18, 3, 19, 4], [20, 7, 21, 8], [22, 16, 23, 15], [24, 13, 1, 14]]"
12n_0391_150,"[[24, 13, 1, 14], [2, 9, 3, 10], [4, 21, 5, 22], [11, 6, 12, 7], [8, 19, 9, 20], [10, 1, 11, 2], [5, 12, 6, 13], [14, 18, 15, 17], [16, 24, 17, 23], [18, 3, 19, 4], [20, 7, 21, 8], [22, 16, 23, 15]]"
12n_0391_151,"[[22, 16, 23, 15], [24, 13, 1, 14], [2, 9, 3, 10], [4, 21, 5, 22], [11, 6, 12, 7], [8, 19, 9, 20], [10, 1, 11, 2], [5, 12, 6, 13], [14, 18, 15, 17], [16, 24, 17, 23], [18, 3, 19, 4], [20, 7, 21, 8]]"
12n_0391_152,"[[20, 7, 21, 8], [22, 16, 23, 15], [24, 13, 1, 14], [2, 9, 3, 10], [4, 21, 5, 22], [11, 6, 12, 7], [8, 19, 9, 20], [10, 1, 11, 2], [5, 12, 6, 13], [14, 18, 15, 17], [16, 24, 17, 23], [18, 3, 19, 4]]"
12n_0391_153,"[[18, 3, 19, 4], [20, 7, 21, 8], [22, 16, 23, 15], [24, 13, 1, 14], [2, 9, 3, 10], [4, 21, 5, 22], [11, 6, 12, 7], [8, 19, 9, 20], [10, 1, 11, 2], [5, 12, 6, 13], [14, 18, 15, 17], [16, 24, 17, 23]]"
12n_0391_154,"[[16, 24, 17, 23], [18, 3, 19, 4], [20, 7, 21, 8], [22, 16, 23, 15], [24, 13, 1, 14], [2, 9, 3, 10], [4, 21, 5, 22], [11, 6, 12, 7], [8, 19, 9, 20], [10, 1, 11, 2], [5, 12, 6, 13], [14, 18, 15, 17]]"
12n_0391_155,"[[14, 18, 15, 17], [16, 24, 17, 23], [18, 3, 19, 4], [20, 7, 21, 8], [22, 16, 23, 15], [24, 13, 1, 14], [2, 9, 3, 10], [4, 21, 5, 22], [11, 6, 12, 7], [8, 19, 9, 20], [10, 1, 11, 2], [5, 12, 6, 13]]"
12n_0391_156,"[[6, 13, 7, 14], [15, 19, 16, 18], [17, 1, 18, 24], [19, 4, 20, 5], [21, 8, 22, 9], [23, 17, 24, 16], [1, 14, 2, 15], [3, 10, 4, 11], [5, 22, 6, 23], [12, 7, 13, 8], [9, 20, 10, 21], [11, 2, 12, 3]]"
12n_0391_157,"[[11, 2, 12, 3], [6, 13, 7, 14], [15, 19, 16, 18], [17, 1, 18, 24], [19, 4, 20, 5], [21, 8, 22, 9], [23, 17, 24, 16], [1, 14, 2, 15], [3, 10, 4, 11], [5, 22, 6, 23], [12, 7, 13, 8], [9, 20, 10, 21]]"
12n_0391_158,"[[9, 20, 10, 21], [11, 2, 12, 3], [6, 13, 7, 14], [15, 19, 16, 18], [17, 1, 18, 24], [19, 4, 20, 5], [21, 8, 22, 9], [23, 17, 24, 16], [1, 14, 2, 15], [3, 10, 4, 11], [5, 22, 6, 23], [12, 7, 13, 8]]"
12n_0391_159,"[[12, 7, 13, 8], [9, 20, 10, 21], [11, 2, 12, 3], [6, 13, 7, 14], [15, 19, 16, 18], [17, 1, 18, 24], [19, 4, 20, 5], [21, 8, 22, 9], [23, 17, 24, 16], [1, 14, 2, 15], [3, 10, 4, 11], [5, 22, 6, 23]]"
12n_0391_160,"[[5, 22, 6, 23], [12, 7, 13, 8], [9, 20, 10, 21], [11, 2, 12, 3], [6, 13, 7, 14], [15, 19, 16, 18], [17, 1, 18, 24], [19, 4, 20, 5], [21, 8, 22, 9], [23, 17, 24, 16], [1, 14, 2, 15], [3, 10, 4, 11]]"
12n_0391_161,"[[3, 10, 4, 11], [5, 22, 6, 23], [12, 7, 13, 8], [9, 20, 10, 21], [11, 2, 12, 3], [6, 13, 7, 14], [15, 19, 16, 18], [17, 1, 18, 24], [19, 4, 20, 5], [21, 8, 22, 9], [23, 17, 24, 16], [1, 14, 2, 15]]"
12n_0391_162,"[[1, 14, 2, 15], [3, 10, 4, 11], [5, 22, 6, 23], [12, 7, 13, 8], [9, 20, 10, 21], [11, 2, 12, 3], [6, 13, 7, 14], [15, 19, 16, 18], [17, 1, 18, 24], [19, 4, 20, 5], [21, 8, 22, 9], [23, 17, 24, 16]]"
12n_0391_163,"[[23, 17, 24, 16], [1, 14, 2, 15], [3, 10, 4, 11], [5, 22, 6, 23], [12, 7, 13, 8], [9, 20, 10, 21], [11, 2, 12, 3], [6, 13, 7, 14], [15, 19, 16, 18], [17, 1, 18, 24], [19, 4, 20, 5], [21, 8, 22, 9]]"
12n_0391_164,"[[21, 8, 22, 9], [23, 17, 24, 16], [1, 14, 2, 15], [3, 10, 4, 11], [5, 22, 6, 23], [12, 7, 13, 8], [9, 20, 10, 21], [11, 2, 12, 3], [6, 13, 7, 14], [15, 19, 16, 18], [17, 1, 18, 24], [19, 4, 20, 5]]"
12n_0391_165,"[[19, 4, 20, 5], [21, 8, 22, 9], [23, 17, 24, 16], [1, 14, 2, 15], [3, 10, 4, 11], [5, 22, 6, 23], [12, 7, 13, 8], [9, 20, 10, 21], [11, 2, 12, 3], [6, 13, 7, 14], [15, 19, 16, 18], [17, 1, 18, 24]]"
12n_0391_166,"[[17, 1, 18, 24], [19, 4, 20, 5], [21, 8, 22, 9], [23, 17, 24, 16], [1, 14, 2, 15], [3, 10, 4, 11], [5, 22, 6, 23], [12, 7, 13, 8], [9, 20, 10, 21], [11, 2, 12, 3], [6, 13, 7, 14], [15, 19, 16, 18]]"
12n_0391_167,"[[15, 19, 16, 18], [17, 1, 18, 24], [19, 4, 20, 5], [21, 8, 22, 9], [23, 17, 24, 16], [1, 14, 2, 15], [3, 10, 4, 11], [5, 22, 6, 23], [12, 7, 13, 8], [9, 20, 10, 21], [11, 2, 12, 3], [6, 13, 7, 14]]"
12n_0391_168,"[[7, 14, 8, 15], [16, 20, 17, 19], [18, 2, 19, 1], [20, 5, 21, 6], [22, 9, 23, 10], [24, 18, 1, 17], [2, 15, 3, 16], [4, 11, 5, 12], [6, 23, 7, 24], [13, 8, 14, 9], [10, 21, 11, 22], [12, 3, 13, 4]]"
12n_0391_169,"[[12, 3, 13, 4], [7, 14, 8, 15], [16, 20, 17, 19], [18, 2, 19, 1], [20, 5, 21, 6], [22, 9, 23, 10], [24, 18, 1, 17], [2, 15, 3, 16], [4, 11, 5, 12], [6, 23, 7, 24], [13, 8, 14, 9], [10, 21, 11, 22]]"
12n_0391_170,"[[10, 21, 11, 22], [12, 3, 13, 4], [7, 14, 8, 15], [16, 20, 17, 19], [18, 2, 19, 1], [20, 5, 21, 6], [22, 9, 23, 10], [24, 18, 1, 17], [2, 15, 3, 16], [4, 11, 5, 12], [6, 23, 7, 24], [13, 8, 14, 9]]"
12n_0391_171,"[[13, 8, 14, 9], [10, 21, 11, 22], [12, 3, 13, 4], [7, 14, 8, 15], [16, 20, 17, 19], [18, 2, 19, 1], [20, 5, 21, 6], [22, 9, 23, 10], [24, 18, 1, 17], [2, 15, 3, 16], [4, 11, 5, 12], [6, 23, 7, 24]]"
12n_0391_172,"[[6, 23, 7, 24], [13, 8, 14, 9], [10, 21, 11, 22], [12, 3, 13, 4], [7, 14, 8, 15], [16, 20, 17, 19], [18, 2, 19, 1], [20, 5, 21, 6], [22, 9, 23, 10], [24, 18, 1, 17], [2, 15, 3, 16], [4, 11, 5, 12]]"
12n_0391_173,"[[4, 11, 5, 12], [6, 23, 7, 24], [13, 8, 14, 9], [10, 21, 11, 22], [12, 3, 13, 4], [7, 14, 8, 15], [16, 20, 17, 19], [18, 2, 19, 1], [20, 5, 21, 6], [22, 9, 23, 10], [24, 18, 1, 17], [2, 15, 3, 16]]"
12n_0391_174,"[[2, 15, 3, 16], [4, 11, 5, 12], [6, 23, 7, 24], [13, 8, 14, 9], [10, 21, 11, 22], [12, 3, 13, 4], [7, 14, 8, 15], [16, 20, 17, 19], [18, 2, 19, 1], [20, 5, 21, 6], [22, 9, 23, 10], [24, 18, 1, 17]]"
12n_0391_175,"[[24, 18, 1, 17], [2, 15, 3, 16], [4, 11, 5, 12], [6, 23, 7, 24], [13, 8, 14, 9], [10, 21, 11, 22], [12, 3, 13, 4], [7, 14, 8, 15], [16, 20, 17, 19], [18, 2, 19, 1], [20, 5, 21, 6], [22, 9, 23, 10]]"
12n_0391_176,"[[22, 9, 23, 10], [24, 18, 1, 17], [2, 15, 3, 16], [4, 11, 5, 12], [6, 23, 7, 24], [13, 8, 14, 9], [10, 21, 11, 22], [12, 3, 13, 4], [7, 14, 8, 15], [16, 20, 17, 19], [18, 2, 19, 1], [20, 5, 21, 6]]"
12n_0391_177,"[[20, 5, 21, 6], [22, 9, 23, 10], [24, 18, 1, 17], [2, 15, 3, 16], [4, 11, 5, 12], [6, 23, 7, 24], [13, 8, 14, 9], [10, 21, 11, 22], [12, 3, 13, 4], [7, 14, 8, 15], [16, 20, 17, 19], [18, 2, 19, 1]]"
12n_0391_178,"[[18, 2, 19, 1], [20, 5, 21, 6], [22, 9, 23, 10], [24, 18, 1, 17], [2, 15, 3, 16], [4, 11, 5, 12], [6, 23, 7, 24], [13, 8, 14, 9], [10, 21, 11, 22], [12, 3, 13, 4], [7, 14, 8, 15], [16, 20, 17, 19]]"
12n_0391_179,"[[16, 20, 17, 19], [18, 2, 19, 1], [20, 5, 21, 6], [22, 9, 23, 10], [24, 18, 1, 17], [2, 15, 3, 16], [4, 11, 5, 12], [6, 23, 7, 24], [13, 8, 14, 9], [10, 21, 11, 22], [12, 3, 13, 4], [7, 14, 8, 15]]"
12n_0391_180,"[[8, 15, 9, 16], [17, 21, 18, 20], [19, 3, 20, 2], [21, 6, 22, 7], [23, 10, 24, 11], [1, 19, 2, 18], [3, 16, 4, 17], [5, 12, 6, 13], [7, 24, 8, 1], [14, 9, 15, 10], [11, 22, 12, 23], [13, 4, 14, 5]]"
12n_0391_181,"[[13, 4, 14, 5], [8, 15, 9, 16], [17, 21, 18, 20], [19, 3, 20, 2], [21, 6, 22, 7], [23, 10, 24, 11], [1, 19, 2, 18], [3, 16, 4, 17], [5, 12, 6, 13], [7, 24, 8, 1], [14, 9, 15, 10], [11, 22, 12, 23]]"
12n_0391_182,"[[11, 22, 12, 23], [13, 4, 14, 5], [8, 15, 9, 16], [17, 21, 18, 20], [19, 3, 20, 2], [21, 6, 22, 7], [23, 10, 24, 11], [1, 19, 2, 18], [3, 16, 4, 17], [5, 12, 6, 13], [7, 24, 8, 1], [14, 9, 15, 10]]"
12n_0391_183,"[[14, 9, 15, 10], [11, 22, 12, 23], [13, 4, 14, 5], [8, 15, 9, 16], [17, 21, 18, 20], [19, 3, 20, 2], [21, 6, 22, 7], [23, 10, 24, 11], [1, 19, 2, 18], [3, 16, 4, 17], [5, 12, 6, 13], [7, 24, 8, 1]]"
12n_0391_184,"[[7, 24, 8, 1], [14, 9, 15, 10], [11, 22, 12, 23], [13, 4, 14, 5], [8, 15, 9, 16], [17, 21, 18, 20], [19, 3, 20, 2], [21, 6, 22, 7], [23, 10, 24, 11], [1, 19, 2, 18], [3, 16, 4, 17], [5, 12, 6, 13]]"
12n_0391_185,"[[5, 12, 6, 13], [7, 24, 8, 1], [14, 9, 15, 10], [11, 22, 12, 23], [13, 4, 14, 5], [8, 15, 9, 16], [17, 21, 18, 20], [19, 3, 20, 2], [21, 6, 22, 7], [23, 10, 24, 11], [1, 19, 2, 18], [3, 16, 4, 17]]"
