name,pd_notation
12n_0302_0,"[[19, 24, 20, 1], [2, 6, 3, 5], [4, 11, 5, 12], [6, 14, 7, 13], [8, 18, 9, 17], [10, 22, 11, 21], [12, 3, 13, 4], [14, 2, 15, 1], [16, 10, 17, 9], [23, 18, 24, 19], [20, 8, 21, 7], [22, 16, 23, 15]]"
12n_0302_1,"[[22, 16, 23, 15], [19, 24, 20, 1], [2, 6, 3, 5], [4, 11, 5, 12], [6, 14, 7, 13], [8, 18, 9, 17], [10, 22, 11, 21], [12, 3, 13, 4], [14, 2, 15, 1], [16, 10, 17, 9], [23, 18, 24, 19], [20, 8, 21, 7]]"
12n_0302_2,"[[20, 8, 21, 7], [22, 16, 23, 15], [19, 24, 20, 1], [2, 6, 3, 5], [4, 11, 5, 12], [6, 14, 7, 13], [8, 18, 9, 17], [10, 22, 11, 21], [12, 3, 13, 4], [14, 2, 15, 1], [16, 10, 17, 9], [23, 18, 24, 19]]"
12n_0302_3,"[[23, 18, 24, 19], [20, 8, 21, 7], [22, 16, 23, 15], [19, 24, 20, 1], [2, 6, 3, 5], [4, 11, 5, 12], [6, 14, 7, 13], [8, 18, 9, 17], [10, 22, 11, 21], [12, 3, 13, 4], [14, 2, 15, 1], [16, 10, 17, 9]]"
12n_0302_4,"[[16, 10, 17, 9], [23, 18, 24, 19], [20, 8, 21, 7], [22, 16, 23, 15], [19, 24, 20, 1], [2, 6, 3, 5], [4, 11, 5, 12], [6, 14, 7, 13], [8, 18, 9, 17], [10, 22, 11, 21], [12, 3, 13, 4], [14, 2, 15, 1]]"
12n_0302_5,"[[14, 2, 15, 1], [16, 10, 17, 9], [23, 18, 24, 19], [20, 8, 21, 7], [22, 16, 23, 15], [19, 24, 20, 1], [2, 6, 3, 5], [4, 11, 5, 12], [6, 14, 7, 13], [8, 18, 9, 17], [10, 22, 11, 21], [12, 3, 13, 4]]"
12n_0302_6,"[[12, 3, 13, 4], [14, 2, 15, 1], [16, 10, 17, 9], [23, 18, 24, 19], [20, 8, 21, 7], [22, 16, 23, 15], [19, 24, 20, 1], [2, 6, 3, 5], [4, 11, 5, 12], [6, 14, 7, 13], [8, 18, 9, 17], [10, 22, 11, 21]]"
12n_0302_7,"[[10, 22, 11, 21], [12, 3, 13, 4], [14, 2, 15, 1], [16, 10, 17, 9], [23, 18, 24, 19], [20, 8, 21, 7], [22, 16, 23, 15], [19, 24, 20, 1], [2, 6, 3, 5], [4, 11, 5, 12], [6, 14, 7, 13], [8, 18, 9, 17]]"
12n_0302_8,"[[8, 18, 9, 17], [10, 22, 11, 21], [12, 3, 13, 4], [14, 2, 15, 1], [16, 10, 17, 9], [23, 18, 24, 19], [20, 8, 21, 7], [22, 16, 23, 15], [19, 24, 20, 1], [2, 6, 3, 5], [4, 11, 5, 12], [6, 14, 7, 13]]"
12n_0302_9,"[[6, 14, 7, 13], [8, 18, 9, 17], [10, 22, 11, 21], [12, 3, 13, 4], [14, 2, 15, 1], [16, 10, 17, 9], [23, 18, 24, 19], [20, 8, 21, 7], [22, 16, 23, 15], [19, 24, 20, 1], [2, 6, 3, 5], [4, 11, 5, 12]]"
12n_0302_10,"[[4, 11, 5, 12], [6, 14, 7, 13], [8, 18, 9, 17], [10, 22, 11, 21], [12, 3, 13, 4], [14, 2, 15, 1], [16, 10, 17, 9], [23, 18, 24, 19], [20, 8, 21, 7], [22, 16, 23, 15], [19, 24, 20, 1], [2, 6, 3, 5]]"
12n_0302_11,"[[2, 6, 3, 5], [4, 11, 5, 12], [6, 14, 7, 13], [8, 18, 9, 17], [10, 22, 11, 21], [12, 3, 13, 4], [14, 2, 15, 1], [16, 10, 17, 9], [23, 18, 24, 19], [20, 8, 21, 7], [22, 16, 23, 15], [19, 24, 20, 1]]"
12n_0302_12,"[[20, 1, 21, 2], [3, 7, 4, 6], [5, 12, 6, 13], [7, 15, 8, 14], [9, 19, 10, 18], [11, 23, 12, 22], [13, 4, 14, 5], [15, 3, 16, 2], [17, 11, 18, 10], [24, 19, 1, 20], [21, 9, 22, 8], [23, 17, 24, 16]]"
12n_0302_13,"[[23, 17, 24, 16], [20, 1, 21, 2], [3, 7, 4, 6], [5, 12, 6, 13], [7, 15, 8, 14], [9, 19, 10, 18], [11, 23, 12, 22], [13, 4, 14, 5], [15, 3, 16, 2], [17, 11, 18, 10], [24, 19, 1, 20], [21, 9, 22, 8]]"
12n_0302_14,"[[21, 9, 22, 8], [23, 17, 24, 16], [20, 1, 21, 2], [3, 7, 4, 6], [5, 12, 6, 13], [7, 15, 8, 14], [9, 19, 10, 18], [11, 23, 12, 22], [13, 4, 14, 5], [15, 3, 16, 2], [17, 11, 18, 10], [24, 19, 1, 20]]"
12n_0302_15,"[[24, 19, 1, 20], [21, 9, 22, 8], [23, 17, 24, 16], [20, 1, 21, 2], [3, 7, 4, 6], [5, 12, 6, 13], [7, 15, 8, 14], [9, 19, 10, 18], [11, 23, 12, 22], [13, 4, 14, 5], [15, 3, 16, 2], [17, 11, 18, 10]]"
12n_0302_16,"[[17, 11, 18, 10], [24, 19, 1, 20], [21, 9, 22, 8], [23, 17, 24, 16], [20, 1, 21, 2], [3, 7, 4, 6], [5, 12, 6, 13], [7, 15, 8, 14], [9, 19, 10, 18], [11, 23, 12, 22], [13, 4, 14, 5], [15, 3, 16, 2]]"
12n_0302_17,"[[15, 3, 16, 2], [17, 11, 18, 10], [24, 19, 1, 20], [21, 9, 22, 8], [23, 17, 24, 16], [20, 1, 21, 2], [3, 7, 4, 6], [5, 12, 6, 13], [7, 15, 8, 14], [9, 19, 10, 18], [11, 23, 12, 22], [13, 4, 14, 5]]"
12n_0302_18,"[[13, 4, 14, 5], [15, 3, 16, 2], [17, 11, 18, 10], [24, 19, 1, 20], [21, 9, 22, 8], [23, 17, 24, 16], [20, 1, 21, 2], [3, 7, 4, 6], [5, 12, 6, 13], [7, 15, 8, 14], [9, 19, 10, 18], [11, 23, 12, 22]]"
12n_0302_19,"[[11, 23, 12, 22], [13, 4, 14, 5], [15, 3, 16, 2], [17, 11, 18, 10], [24, 19, 1, 20], [21, 9, 22, 8], [23, 17, 24, 16], [20, 1, 21, 2], [3, 7, 4, 6], [5, 12, 6, 13], [7, 15, 8, 14], [9, 19, 10, 18]]"
12n_0302_20,"[[9, 19, 10, 18], [11, 23, 12, 22], [13, 4, 14, 5], [15, 3, 16, 2], [17, 11, 18, 10], [24, 19, 1, 20], [21, 9, 22, 8], [23, 17, 24, 16], [20, 1, 21, 2], [3, 7, 4, 6], [5, 12, 6, 13], [7, 15, 8, 14]]"
12n_0302_21,"[[7, 15, 8, 14], [9, 19, 10, 18], [11, 23, 12, 22], [13, 4, 14, 5], [15, 3, 16, 2], [17, 11, 18, 10], [24, 19, 1, 20], [21, 9, 22, 8], [23, 17, 24, 16], [20, 1, 21, 2], [3, 7, 4, 6], [5, 12, 6, 13]]"
12n_0302_22,"[[5, 12, 6, 13], [7, 15, 8, 14], [9, 19, 10, 18], [11, 23, 12, 22], [13, 4, 14, 5], [15, 3, 16, 2], [17, 11, 18, 10], [24, 19, 1, 20], [21, 9, 22, 8], [23, 17, 24, 16], [20, 1, 21, 2], [3, 7, 4, 6]]"
12n_0302_23,"[[3, 7, 4, 6], [5, 12, 6, 13], [7, 15, 8, 14], [9, 19, 10, 18], [11, 23, 12, 22], [13, 4, 14, 5], [15, 3, 16, 2], [17, 11, 18, 10], [24, 19, 1, 20], [21, 9, 22, 8], [23, 17, 24, 16], [20, 1, 21, 2]]"
12n_0302_24,"[[21, 2, 22, 3], [4, 8, 5, 7], [6, 13, 7, 14], [8, 16, 9, 15], [10, 20, 11, 19], [12, 24, 13, 23], [14, 5, 15, 6], [16, 4, 17, 3], [18, 12, 19, 11], [1, 20, 2, 21], [22, 10, 23, 9], [24, 18, 1, 17]]"
12n_0302_25,"[[24, 18, 1, 17], [21, 2, 22, 3], [4, 8, 5, 7], [6, 13, 7, 14], [8, 16, 9, 15], [10, 20, 11, 19], [12, 24, 13, 23], [14, 5, 15, 6], [16, 4, 17, 3], [18, 12, 19, 11], [1, 20, 2, 21], [22, 10, 23, 9]]"
12n_0302_26,"[[22, 10, 23, 9], [24, 18, 1, 17], [21, 2, 22, 3], [4, 8, 5, 7], [6, 13, 7, 14], [8, 16, 9, 15], [10, 20, 11, 19], [12, 24, 13, 23], [14, 5, 15, 6], [16, 4, 17, 3], [18, 12, 19, 11], [1, 20, 2, 21]]"
12n_0302_27,"[[1, 20, 2, 21], [22, 10, 23, 9], [24, 18, 1, 17], [21, 2, 22, 3], [4, 8, 5, 7], [6, 13, 7, 14], [8, 16, 9, 15], [10, 20, 11, 19], [12, 24, 13, 23], [14, 5, 15, 6], [16, 4, 17, 3], [18, 12, 19, 11]]"
12n_0302_28,"[[18, 12, 19, 11], [1, 20, 2, 21], [22, 10, 23, 9], [24, 18, 1, 17], [21, 2, 22, 3], [4, 8, 5, 7], [6, 13, 7, 14], [8, 16, 9, 15], [10, 20, 11, 19], [12, 24, 13, 23], [14, 5, 15, 6], [16, 4, 17, 3]]"
12n_0302_29,"[[16, 4, 17, 3], [18, 12, 19, 11], [1, 20, 2, 21], [22, 10, 23, 9], [24, 18, 1, 17], [21, 2, 22, 3], [4, 8, 5, 7], [6, 13, 7, 14], [8, 16, 9, 15], [10, 20, 11, 19], [12, 24, 13, 23], [14, 5, 15, 6]]"
12n_0302_30,"[[14, 5, 15, 6], [16, 4, 17, 3], [18, 12, 19, 11], [1, 20, 2, 21], [22, 10, 23, 9], [24, 18, 1, 17], [21, 2, 22, 3], [4, 8, 5, 7], [6, 13, 7, 14], [8, 16, 9, 15], [10, 20, 11, 19], [12, 24, 13, 23]]"
12n_0302_31,"[[12, 24, 13, 23], [14, 5, 15, 6], [16, 4, 17, 3], [18, 12, 19, 11], [1, 20, 2, 21], [22, 10, 23, 9], [24, 18, 1, 17], [21, 2, 22, 3], [4, 8, 5, 7], [6, 13, 7, 14], [8, 16, 9, 15], [10, 20, 11, 19]]"
12n_0302_32,"[[10, 20, 11, 19], [12, 24, 13, 23], [14, 5, 15, 6], [16, 4, 17, 3], [18, 12, 19, 11], [1, 20, 2, 21], [22, 10, 23, 9], [24, 18, 1, 17], [21, 2, 22, 3], [4, 8, 5, 7], [6, 13, 7, 14], [8, 16, 9, 15]]"
12n_0302_33,"[[8, 16, 9, 15], [10, 20, 11, 19], [12, 24, 13, 23], [14, 5, 15, 6], [16, 4, 17, 3], [18, 12, 19, 11], [1, 20, 2, 21], [22, 10, 23, 9], [24, 18, 1, 17], [21, 2, 22, 3], [4, 8, 5, 7], [6, 13, 7, 14]]"
12n_0302_34,"[[6, 13, 7, 14], [8, 16, 9, 15], [10, 20, 11, 19], [12, 24, 13, 23], [14, 5, 15, 6], [16, 4, 17, 3], [18, 12, 19, 11], [1, 20, 2, 21], [22, 10, 23, 9], [24, 18, 1, 17], [21, 2, 22, 3], [4, 8, 5, 7]]"
12n_0302_35,"[[4, 8, 5, 7], [6, 13, 7, 14], [8, 16, 9, 15], [10, 20, 11, 19], [12, 24, 13, 23], [14, 5, 15, 6], [16, 4, 17, 3], [18, 12, 19, 11], [1, 20, 2, 21], [22, 10, 23, 9], [24, 18, 1, 17], [21, 2, 22, 3]]"
12n_0302_36,"[[22, 3, 23, 4], [5, 9, 6, 8], [7, 14, 8, 15], [9, 17, 10, 16], [11, 21, 12, 20], [13, 1, 14, 24], [15, 6, 16, 7], [17, 5, 18, 4], [19, 13, 20, 12], [2, 21, 3, 22], [23, 11, 24, 10], [1, 19, 2, 18]]"
12n_0302_37,"[[1, 19, 2, 18], [22, 3, 23, 4], [5, 9, 6, 8], [7, 14, 8, 15], [9, 17, 10, 16], [11, 21, 12, 20], [13, 1, 14, 24], [15, 6, 16, 7], [17, 5, 18, 4], [19, 13, 20, 12], [2, 21, 3, 22], [23, 11, 24, 10]]"
12n_0302_38,"[[23, 11, 24, 10], [1, 19, 2, 18], [22, 3, 23, 4], [5, 9, 6, 8], [7, 14, 8, 15], [9, 17, 10, 16], [11, 21, 12, 20], [13, 1, 14, 24], [15, 6, 16, 7], [17, 5, 18, 4], [19, 13, 20, 12], [2, 21, 3, 22]]"
12n_0302_39,"[[2, 21, 3, 22], [23, 11, 24, 10], [1, 19, 2, 18], [22, 3, 23, 4], [5, 9, 6, 8], [7, 14, 8, 15], [9, 17, 10, 16], [11, 21, 12, 20], [13, 1, 14, 24], [15, 6, 16, 7], [17, 5, 18, 4], [19, 13, 20, 12]]"
12n_0302_40,"[[19, 13, 20, 12], [2, 21, 3, 22], [23, 11, 24, 10], [1, 19, 2, 18], [22, 3, 23, 4], [5, 9, 6, 8], [7, 14, 8, 15], [9, 17, 10, 16], [11, 21, 12, 20], [13, 1, 14, 24], [15, 6, 16, 7], [17, 5, 18, 4]]"
12n_0302_41,"[[17, 5, 18, 4], [19, 13, 20, 12], [2, 21, 3, 22], [23, 11, 24, 10], [1, 19, 2, 18], [22, 3, 23, 4], [5, 9, 6, 8], [7, 14, 8, 15], [9, 17, 10, 16], [11, 21, 12, 20], [13, 1, 14, 24], [15, 6, 16, 7]]"
12n_0302_42,"[[15, 6, 16, 7], [17, 5, 18, 4], [19, 13, 20, 12], [2, 21, 3, 22], [23, 11, 24, 10], [1, 19, 2, 18], [22, 3, 23, 4], [5, 9, 6, 8], [7, 14, 8, 15], [9, 17, 10, 16], [11, 21, 12, 20], [13, 1, 14, 24]]"
12n_0302_43,"[[13, 1, 14, 24], [15, 6, 16, 7], [17, 5, 18, 4], [19, 13, 20, 12], [2, 21, 3, 22], [23, 11, 24, 10], [1, 19, 2, 18], [22, 3, 23, 4], [5, 9, 6, 8], [7, 14, 8, 15], [9, 17, 10, 16], [11, 21, 12, 20]]"
12n_0302_44,"[[11, 21, 12, 20], [13, 1, 14, 24], [15, 6, 16, 7], [17, 5, 18, 4], [19, 13, 20, 12], [2, 21, 3, 22], [23, 11, 24, 10], [1, 19, 2, 18], [22, 3, 23, 4], [5, 9, 6, 8], [7, 14, 8, 15], [9, 17, 10, 16]]"
12n_0302_45,"[[9, 17, 10, 16], [11, 21, 12, 20], [13, 1, 14, 24], [15, 6, 16, 7], [17, 5, 18, 4], [19, 13, 20, 12], [2, 21, 3, 22], [23, 11, 24, 10], [1, 19, 2, 18], [22, 3, 23, 4], [5, 9, 6, 8], [7, 14, 8, 15]]"
12n_0302_46,"[[7, 14, 8, 15], [9, 17, 10, 16], [11, 21, 12, 20], [13, 1, 14, 24], [15, 6, 16, 7], [17, 5, 18, 4], [19, 13, 20, 12], [2, 21, 3, 22], [23, 11, 24, 10], [1, 19, 2, 18], [22, 3, 23, 4], [5, 9, 6, 8]]"
12n_0302_47,"[[5, 9, 6, 8], [7, 14, 8, 15], [9, 17, 10, 16], [11, 21, 12, 20], [13, 1, 14, 24], [15, 6, 16, 7], [17, 5, 18, 4], [19, 13, 20, 12], [2, 21, 3, 22], [23, 11, 24, 10], [1, 19, 2, 18], [22, 3, 23, 4]]"
12n_0302_48,"[[23, 4, 24, 5], [6, 10, 7, 9], [8, 15, 9, 16], [10, 18, 11, 17], [12, 22, 13, 21], [14, 2, 15, 1], [16, 7, 17, 8], [18, 6, 19, 5], [20, 14, 21, 13], [3, 22, 4, 23], [24, 12, 1, 11], [2, 20, 3, 19]]"
12n_0302_49,"[[2, 20, 3, 19], [23, 4, 24, 5], [6, 10, 7, 9], [8, 15, 9, 16], [10, 18, 11, 17], [12, 22, 13, 21], [14, 2, 15, 1], [16, 7, 17, 8], [18, 6, 19, 5], [20, 14, 21, 13], [3, 22, 4, 23], [24, 12, 1, 11]]"
12n_0302_50,"[[24, 12, 1, 11], [2, 20, 3, 19], [23, 4, 24, 5], [6, 10, 7, 9], [8, 15, 9, 16], [10, 18, 11, 17], [12, 22, 13, 21], [14, 2, 15, 1], [16, 7, 17, 8], [18, 6, 19, 5], [20, 14, 21, 13], [3, 22, 4, 23]]"
12n_0302_51,"[[3, 22, 4, 23], [24, 12, 1, 11], [2, 20, 3, 19], [23, 4, 24, 5], [6, 10, 7, 9], [8, 15, 9, 16], [10, 18, 11, 17], [12, 22, 13, 21], [14, 2, 15, 1], [16, 7, 17, 8], [18, 6, 19, 5], [20, 14, 21, 13]]"
12n_0302_52,"[[20, 14, 21, 13], [3, 22, 4, 23], [24, 12, 1, 11], [2, 20, 3, 19], [23, 4, 24, 5], [6, 10, 7, 9], [8, 15, 9, 16], [10, 18, 11, 17], [12, 22, 13, 21], [14, 2, 15, 1], [16, 7, 17, 8], [18, 6, 19, 5]]"
12n_0302_53,"[[18, 6, 19, 5], [20, 14, 21, 13], [3, 22, 4, 23], [24, 12, 1, 11], [2, 20, 3, 19], [23, 4, 24, 5], [6, 10, 7, 9], [8, 15, 9, 16], [10, 18, 11, 17], [12, 22, 13, 21], [14, 2, 15, 1], [16, 7, 17, 8]]"
12n_0302_54,"[[16, 7, 17, 8], [18, 6, 19, 5], [20, 14, 21, 13], [3, 22, 4, 23], [24, 12, 1, 11], [2, 20, 3, 19], [23, 4, 24, 5], [6, 10, 7, 9], [8, 15, 9, 16], [10, 18, 11, 17], [12, 22, 13, 21], [14, 2, 15, 1]]"
12n_0302_55,"[[14, 2, 15, 1], [16, 7, 17, 8], [18, 6, 19, 5], [20, 14, 21, 13], [3, 22, 4, 23], [24, 12, 1, 11], [2, 20, 3, 19], [23, 4, 24, 5], [6, 10, 7, 9], [8, 15, 9, 16], [10, 18, 11, 17], [12, 22, 13, 21]]"
12n_0302_56,"[[12, 22, 13, 21], [14, 2, 15, 1], [16, 7, 17, 8], [18, 6, 19, 5], [20, 14, 21, 13], [3, 22, 4, 23], [24, 12, 1, 11], [2, 20, 3, 19], [23, 4, 24, 5], [6, 10, 7, 9], [8, 15, 9, 16], [10, 18, 11, 17]]"
12n_0302_57,"[[10, 18, 11, 17], [12, 22, 13, 21], [14, 2, 15, 1], [16, 7, 17, 8], [18, 6, 19, 5], [20, 14, 21, 13], [3, 22, 4, 23], [24, 12, 1, 11], [2, 20, 3, 19], [23, 4, 24, 5], [6, 10, 7, 9], [8, 15, 9, 16]]"
12n_0302_58,"[[8, 15, 9, 16], [10, 18, 11, 17], [12, 22, 13, 21], [14, 2, 15, 1], [16, 7, 17, 8], [18, 6, 19, 5], [20, 14, 21, 13], [3, 22, 4, 23], [24, 12, 1, 11], [2, 20, 3, 19], [23, 4, 24, 5], [6, 10, 7, 9]]"
12n_0302_59,"[[6, 10, 7, 9], [8, 15, 9, 16], [10, 18, 11, 17], [12, 22, 13, 21], [14, 2, 15, 1], [16, 7, 17, 8], [18, 6, 19, 5], [20, 14, 21, 13], [3, 22, 4, 23], [24, 12, 1, 11], [2, 20, 3, 19], [23, 4, 24, 5]]"
12n_0302_60,"[[24, 5, 1, 6], [7, 11, 8, 10], [9, 16, 10, 17], [11, 19, 12, 18], [13, 23, 14, 22], [15, 3, 16, 2], [17, 8, 18, 9], [19, 7, 20, 6], [21, 15, 22, 14], [4, 23, 5, 24], [1, 13, 2, 12], [3, 21, 4, 20]]"
12n_0302_61,"[[3, 21, 4, 20], [24, 5, 1, 6], [7, 11, 8, 10], [9, 16, 10, 17], [11, 19, 12, 18], [13, 23, 14, 22], [15, 3, 16, 2], [17, 8, 18, 9], [19, 7, 20, 6], [21, 15, 22, 14], [4, 23, 5, 24], [1, 13, 2, 12]]"
12n_0302_62,"[[1, 13, 2, 12], [3, 21, 4, 20], [24, 5, 1, 6], [7, 11, 8, 10], [9, 16, 10, 17], [11, 19, 12, 18], [13, 23, 14, 22], [15, 3, 16, 2], [17, 8, 18, 9], [19, 7, 20, 6], [21, 15, 22, 14], [4, 23, 5, 24]]"
12n_0302_63,"[[4, 23, 5, 24], [1, 13, 2, 12], [3, 21, 4, 20], [24, 5, 1, 6], [7, 11, 8, 10], [9, 16, 10, 17], [11, 19, 12, 18], [13, 23, 14, 22], [15, 3, 16, 2], [17, 8, 18, 9], [19, 7, 20, 6], [21, 15, 22, 14]]"
12n_0302_64,"[[21, 15, 22, 14], [4, 23, 5, 24], [1, 13, 2, 12], [3, 21, 4, 20], [24, 5, 1, 6], [7, 11, 8, 10], [9, 16, 10, 17], [11, 19, 12, 18], [13, 23, 14, 22], [15, 3, 16, 2], [17, 8, 18, 9], [19, 7, 20, 6]]"
12n_0302_65,"[[19, 7, 20, 6], [21, 15, 22, 14], [4, 23, 5, 24], [1, 13, 2, 12], [3, 21, 4, 20], [24, 5, 1, 6], [7, 11, 8, 10], [9, 16, 10, 17], [11, 19, 12, 18], [13, 23, 14, 22], [15, 3, 16, 2], [17, 8, 18, 9]]"
12n_0302_66,"[[17, 8, 18, 9], [19, 7, 20, 6], [21, 15, 22, 14], [4, 23, 5, 24], [1, 13, 2, 12], [3, 21, 4, 20], [24, 5, 1, 6], [7, 11, 8, 10], [9, 16, 10, 17], [11, 19, 12, 18], [13, 23, 14, 22], [15, 3, 16, 2]]"
12n_0302_67,"[[15, 3, 16, 2], [17, 8, 18, 9], [19, 7, 20, 6], [21, 15, 22, 14], [4, 23, 5, 24], [1, 13, 2, 12], [3, 21, 4, 20], [24, 5, 1, 6], [7, 11, 8, 10], [9, 16, 10, 17], [11, 19, 12, 18], [13, 23, 14, 22]]"
12n_0302_68,"[[13, 23, 14, 22], [15, 3, 16, 2], [17, 8, 18, 9], [19, 7, 20, 6], [21, 15, 22, 14], [4, 23, 5, 24], [1, 13, 2, 12], [3, 21, 4, 20], [24, 5, 1, 6], [7, 11, 8, 10], [9, 16, 10, 17], [11, 19, 12, 18]]"
12n_0302_69,"[[11, 19, 12, 18], [13, 23, 14, 22], [15, 3, 16, 2], [17, 8, 18, 9], [19, 7, 20, 6], [21, 15, 22, 14], [4, 23, 5, 24], [1, 13, 2, 12], [3, 21, 4, 20], [24, 5, 1, 6], [7, 11, 8, 10], [9, 16, 10, 17]]"
12n_0302_70,"[[9, 16, 10, 17], [11, 19, 12, 18], [13, 23, 14, 22], [15, 3, 16, 2], [17, 8, 18, 9], [19, 7, 20, 6], [21, 15, 22, 14], [4, 23, 5, 24], [1, 13, 2, 12], [3, 21, 4, 20], [24, 5, 1, 6], [7, 11, 8, 10]]"
12n_0302_71,"[[7, 11, 8, 10], [9, 16, 10, 17], [11, 19, 12, 18], [13, 23, 14, 22], [15, 3, 16, 2], [17, 8, 18, 9], [19, 7, 20, 6], [21, 15, 22, 14], [4, 23, 5, 24], [1, 13, 2, 12], [3, 21, 4, 20], [24, 5, 1, 6]]"
12n_0302_72,"[[1, 6, 2, 7], [8, 12, 9, 11], [10, 17, 11, 18], [12, 20, 13, 19], [14, 24, 15, 23], [16, 4, 17, 3], [18, 9, 19, 10], [20, 8, 21, 7], [22, 16, 23, 15], [5, 24, 6, 1], [2, 14, 3, 13], [4, 22, 5, 21]]"
12n_0302_73,"[[4, 22, 5, 21], [1, 6, 2, 7], [8, 12, 9, 11], [10, 17, 11, 18], [12, 20, 13, 19], [14, 24, 15, 23], [16, 4, 17, 3], [18, 9, 19, 10], [20, 8, 21, 7], [22, 16, 23, 15], [5, 24, 6, 1], [2, 14, 3, 13]]"
12n_0302_74,"[[2, 14, 3, 13], [4, 22, 5, 21], [1, 6, 2, 7], [8, 12, 9, 11], [10, 17, 11, 18], [12, 20, 13, 19], [14, 24, 15, 23], [16, 4, 17, 3], [18, 9, 19, 10], [20, 8, 21, 7], [22, 16, 23, 15], [5, 24, 6, 1]]"
12n_0302_75,"[[5, 24, 6, 1], [2, 14, 3, 13], [4, 22, 5, 21], [1, 6, 2, 7], [8, 12, 9, 11], [10, 17, 11, 18], [12, 20, 13, 19], [14, 24, 15, 23], [16, 4, 17, 3], [18, 9, 19, 10], [20, 8, 21, 7], [22, 16, 23, 15]]"
12n_0302_76,"[[22, 16, 23, 15], [5, 24, 6, 1], [2, 14, 3, 13], [4, 22, 5, 21], [1, 6, 2, 7], [8, 12, 9, 11], [10, 17, 11, 18], [12, 20, 13, 19], [14, 24, 15, 23], [16, 4, 17, 3], [18, 9, 19, 10], [20, 8, 21, 7]]"
12n_0302_77,"[[20, 8, 21, 7], [22, 16, 23, 15], [5, 24, 6, 1], [2, 14, 3, 13], [4, 22, 5, 21], [1, 6, 2, 7], [8, 12, 9, 11], [10, 17, 11, 18], [12, 20, 13, 19], [14, 24, 15, 23], [16, 4, 17, 3], [18, 9, 19, 10]]"
12n_0302_78,"[[18, 9, 19, 10], [20, 8, 21, 7], [22, 16, 23, 15], [5, 24, 6, 1], [2, 14, 3, 13], [4, 22, 5, 21], [1, 6, 2, 7], [8, 12, 9, 11], [10, 17, 11, 18], [12, 20, 13, 19], [14, 24, 15, 23], [16, 4, 17, 3]]"
12n_0302_79,"[[16, 4, 17, 3], [18, 9, 19, 10], [20, 8, 21, 7], [22, 16, 23, 15], [5, 24, 6, 1], [2, 14, 3, 13], [4, 22, 5, 21], [1, 6, 2, 7], [8, 12, 9, 11], [10, 17, 11, 18], [12, 20, 13, 19], [14, 24, 15, 23]]"
12n_0302_80,"[[14, 24, 15, 23], [16, 4, 17, 3], [18, 9, 19, 10], [20, 8, 21, 7], [22, 16, 23, 15], [5, 24, 6, 1], [2, 14, 3, 13], [4, 22, 5, 21], [1, 6, 2, 7], [8, 12, 9, 11], [10, 17, 11, 18], [12, 20, 13, 19]]"
12n_0302_81,"[[12, 20, 13, 19], [14, 24, 15, 23], [16, 4, 17, 3], [18, 9, 19, 10], [20, 8, 21, 7], [22, 16, 23, 15], [5, 24, 6, 1], [2, 14, 3, 13], [4, 22, 5, 21], [1, 6, 2, 7], [8, 12, 9, 11], [10, 17, 11, 18]]"
12n_0302_82,"[[10, 17, 11, 18], [12, 20, 13, 19], [14, 24, 15, 23], [16, 4, 17, 3], [18, 9, 19, 10], [20, 8, 21, 7], [22, 16, 23, 15], [5, 24, 6, 1], [2, 14, 3, 13], [4, 22, 5, 21], [1, 6, 2, 7], [8, 12, 9, 11]]"
12n_0302_83,"[[8, 12, 9, 11], [10, 17, 11, 18], [12, 20, 13, 19], [14, 24, 15, 23], [16, 4, 17, 3], [18, 9, 19, 10], [20, 8, 21, 7], [22, 16, 23, 15], [5, 24, 6, 1], [2, 14, 3, 13], [4, 22, 5, 21], [1, 6, 2, 7]]"
12n_0302_84,"[[2, 7, 3, 8], [9, 13, 10, 12], [11, 18, 12, 19], [13, 21, 14, 20], [15, 1, 16, 24], [17, 5, 18, 4], [19, 10, 20, 11], [21, 9, 22, 8], [23, 17, 24, 16], [6, 1, 7, 2], [3, 15, 4, 14], [5, 23, 6, 22]]"
12n_0302_85,"[[5, 23, 6, 22], [2, 7, 3, 8], [9, 13, 10, 12], [11, 18, 12, 19], [13, 21, 14, 20], [15, 1, 16, 24], [17, 5, 18, 4], [19, 10, 20, 11], [21, 9, 22, 8], [23, 17, 24, 16], [6, 1, 7, 2], [3, 15, 4, 14]]"
12n_0302_86,"[[3, 15, 4, 14], [5, 23, 6, 22], [2, 7, 3, 8], [9, 13, 10, 12], [11, 18, 12, 19], [13, 21, 14, 20], [15, 1, 16, 24], [17, 5, 18, 4], [19, 10, 20, 11], [21, 9, 22, 8], [23, 17, 24, 16], [6, 1, 7, 2]]"
12n_0302_87,"[[6, 1, 7, 2], [3, 15, 4, 14], [5, 23, 6, 22], [2, 7, 3, 8], [9, 13, 10, 12], [11, 18, 12, 19], [13, 21, 14, 20], [15, 1, 16, 24], [17, 5, 18, 4], [19, 10, 20, 11], [21, 9, 22, 8], [23, 17, 24, 16]]"
12n_0302_88,"[[23, 17, 24, 16], [6, 1, 7, 2], [3, 15, 4, 14], [5, 23, 6, 22], [2, 7, 3, 8], [9, 13, 10, 12], [11, 18, 12, 19], [13, 21, 14, 20], [15, 1, 16, 24], [17, 5, 18, 4], [19, 10, 20, 11], [21, 9, 22, 8]]"
12n_0302_89,"[[21, 9, 22, 8], [23, 17, 24, 16], [6, 1, 7, 2], [3, 15, 4, 14], [5, 23, 6, 22], [2, 7, 3, 8], [9, 13, 10, 12], [11, 18, 12, 19], [13, 21, 14, 20], [15, 1, 16, 24], [17, 5, 18, 4], [19, 10, 20, 11]]"
12n_0302_90,"[[19, 10, 20, 11], [21, 9, 22, 8], [23, 17, 24, 16], [6, 1, 7, 2], [3, 15, 4, 14], [5, 23, 6, 22], [2, 7, 3, 8], [9, 13, 10, 12], [11, 18, 12, 19], [13, 21, 14, 20], [15, 1, 16, 24], [17, 5, 18, 4]]"
12n_0302_91,"[[17, 5, 18, 4], [19, 10, 20, 11], [21, 9, 22, 8], [23, 17, 24, 16], [6, 1, 7, 2], [3, 15, 4, 14], [5, 23, 6, 22], [2, 7, 3, 8], [9, 13, 10, 12], [11, 18, 12, 19], [13, 21, 14, 20], [15, 1, 16, 24]]"
12n_0302_92,"[[15, 1, 16, 24], [17, 5, 18, 4], [19, 10, 20, 11], [21, 9, 22, 8], [23, 17, 24, 16], [6, 1, 7, 2], [3, 15, 4, 14], [5, 23, 6, 22], [2, 7, 3, 8], [9, 13, 10, 12], [11, 18, 12, 19], [13, 21, 14, 20]]"
12n_0302_93,"[[13, 21, 14, 20], [15, 1, 16, 24], [17, 5, 18, 4], [19, 10, 20, 11], [21, 9, 22, 8], [23, 17, 24, 16], [6, 1, 7, 2], [3, 15, 4, 14], [5, 23, 6, 22], [2, 7, 3, 8], [9, 13, 10, 12], [11, 18, 12, 19]]"
12n_0302_94,"[[11, 18, 12, 19], [13, 21, 14, 20], [15, 1, 16, 24], [17, 5, 18, 4], [19, 10, 20, 11], [21, 9, 22, 8], [23, 17, 24, 16], [6, 1, 7, 2], [3, 15, 4, 14], [5, 23, 6, 22], [2, 7, 3, 8], [9, 13, 10, 12]]"
12n_0302_95,"[[9, 13, 10, 12], [11, 18, 12, 19], [13, 21, 14, 20], [15, 1, 16, 24], [17, 5, 18, 4], [19, 10, 20, 11], [21, 9, 22, 8], [23, 17, 24, 16], [6, 1, 7, 2], [3, 15, 4, 14], [5, 23, 6, 22], [2, 7, 3, 8]]"
12n_0302_96,"[[3, 8, 4, 9], [10, 14, 11, 13], [12, 19, 13, 20], [14, 22, 15, 21], [16, 2, 17, 1], [18, 6, 19, 5], [20, 11, 21, 12], [22, 10, 23, 9], [24, 18, 1, 17], [7, 2, 8, 3], [4, 16, 5, 15], [6, 24, 7, 23]]"
12n_0302_97,"[[6, 24, 7, 23], [3, 8, 4, 9], [10, 14, 11, 13], [12, 19, 13, 20], [14, 22, 15, 21], [16, 2, 17, 1], [18, 6, 19, 5], [20, 11, 21, 12], [22, 10, 23, 9], [24, 18, 1, 17], [7, 2, 8, 3], [4, 16, 5, 15]]"
12n_0302_98,"[[4, 16, 5, 15], [6, 24, 7, 23], [3, 8, 4, 9], [10, 14, 11, 13], [12, 19, 13, 20], [14, 22, 15, 21], [16, 2, 17, 1], [18, 6, 19, 5], [20, 11, 21, 12], [22, 10, 23, 9], [24, 18, 1, 17], [7, 2, 8, 3]]"
12n_0302_99,"[[7, 2, 8, 3], [4, 16, 5, 15], [6, 24, 7, 23], [3, 8, 4, 9], [10, 14, 11, 13], [12, 19, 13, 20], [14, 22, 15, 21], [16, 2, 17, 1], [18, 6, 19, 5], [20, 11, 21, 12], [22, 10, 23, 9], [24, 18, 1, 17]]"
12n_0302_100,"[[24, 18, 1, 17], [7, 2, 8, 3], [4, 16, 5, 15], [6, 24, 7, 23], [3, 8, 4, 9], [10, 14, 11, 13], [12, 19, 13, 20], [14, 22, 15, 21], [16, 2, 17, 1], [18, 6, 19, 5], [20, 11, 21, 12], [22, 10, 23, 9]]"
12n_0302_101,"[[22, 10, 23, 9], [24, 18, 1, 17], [7, 2, 8, 3], [4, 16, 5, 15], [6, 24, 7, 23], [3, 8, 4, 9], [10, 14, 11, 13], [12, 19, 13, 20], [14, 22, 15, 21], [16, 2, 17, 1], [18, 6, 19, 5], [20, 11, 21, 12]]"
12n_0302_102,"[[20, 11, 21, 12], [22, 10, 23, 9], [24, 18, 1, 17], [7, 2, 8, 3], [4, 16, 5, 15], [6, 24, 7, 23], [3, 8, 4, 9], [10, 14, 11, 13], [12, 19, 13, 20], [14, 22, 15, 21], [16, 2, 17, 1], [18, 6, 19, 5]]"
12n_0302_103,"[[18, 6, 19, 5], [20, 11, 21, 12], [22, 10, 23, 9], [24, 18, 1, 17], [7, 2, 8, 3], [4, 16, 5, 15], [6, 24, 7, 23], [3, 8, 4, 9], [10, 14, 11, 13], [12, 19, 13, 20], [14, 22, 15, 21], [16, 2, 17, 1]]"
12n_0302_104,"[[16, 2, 17, 1], [18, 6, 19, 5], [20, 11, 21, 12], [22, 10, 23, 9], [24, 18, 1, 17], [7, 2, 8, 3], [4, 16, 5, 15], [6, 24, 7, 23], [3, 8, 4, 9], [10, 14, 11, 13], [12, 19, 13, 20], [14, 22, 15, 21]]"
12n_0302_105,"[[14, 22, 15, 21], [16, 2, 17, 1], [18, 6, 19, 5], [20, 11, 21, 12], [22, 10, 23, 9], [24, 18, 1, 17], [7, 2, 8, 3], [4, 16, 5, 15], [6, 24, 7, 23], [3, 8, 4, 9], [10, 14, 11, 13], [12, 19, 13, 20]]"
12n_0302_106,"[[12, 19, 13, 20], [14, 22, 15, 21], [16, 2, 17, 1], [18, 6, 19, 5], [20, 11, 21, 12], [22, 10, 23, 9], [24, 18, 1, 17], [7, 2, 8, 3], [4, 16, 5, 15], [6, 24, 7, 23], [3, 8, 4, 9], [10, 14, 11, 13]]"
12n_0302_107,"[[10, 14, 11, 13], [12, 19, 13, 20], [14, 22, 15, 21], [16, 2, 17, 1], [18, 6, 19, 5], [20, 11, 21, 12], [22, 10, 23, 9], [24, 18, 1, 17], [7, 2, 8, 3], [4, 16, 5, 15], [6, 24, 7, 23], [3, 8, 4, 9]]"
12n_0302_108,"[[4, 9, 5, 10], [11, 15, 12, 14], [13, 20, 14, 21], [15, 23, 16, 22], [17, 3, 18, 2], [19, 7, 20, 6], [21, 12, 22, 13], [23, 11, 24, 10], [1, 19, 2, 18], [8, 3, 9, 4], [5, 17, 6, 16], [7, 1, 8, 24]]"
12n_0302_109,"[[7, 1, 8, 24], [4, 9, 5, 10], [11, 15, 12, 14], [13, 20, 14, 21], [15, 23, 16, 22], [17, 3, 18, 2], [19, 7, 20, 6], [21, 12, 22, 13], [23, 11, 24, 10], [1, 19, 2, 18], [8, 3, 9, 4], [5, 17, 6, 16]]"
12n_0302_110,"[[5, 17, 6, 16], [7, 1, 8, 24], [4, 9, 5, 10], [11, 15, 12, 14], [13, 20, 14, 21], [15, 23, 16, 22], [17, 3, 18, 2], [19, 7, 20, 6], [21, 12, 22, 13], [23, 11, 24, 10], [1, 19, 2, 18], [8, 3, 9, 4]]"
12n_0302_111,"[[8, 3, 9, 4], [5, 17, 6, 16], [7, 1, 8, 24], [4, 9, 5, 10], [11, 15, 12, 14], [13, 20, 14, 21], [15, 23, 16, 22], [17, 3, 18, 2], [19, 7, 20, 6], [21, 12, 22, 13], [23, 11, 24, 10], [1, 19, 2, 18]]"
12n_0302_112,"[[1, 19, 2, 18], [8, 3, 9, 4], [5, 17, 6, 16], [7, 1, 8, 24], [4, 9, 5, 10], [11, 15, 12, 14], [13, 20, 14, 21], [15, 23, 16, 22], [17, 3, 18, 2], [19, 7, 20, 6], [21, 12, 22, 13], [23, 11, 24, 10]]"
12n_0302_113,"[[23, 11, 24, 10], [1, 19, 2, 18], [8, 3, 9, 4], [5, 17, 6, 16], [7, 1, 8, 24], [4, 9, 5, 10], [11, 15, 12, 14], [13, 20, 14, 21], [15, 23, 16, 22], [17, 3, 18, 2], [19, 7, 20, 6], [21, 12, 22, 13]]"
12n_0302_114,"[[21, 12, 22, 13], [23, 11, 24, 10], [1, 19, 2, 18], [8, 3, 9, 4], [5, 17, 6, 16], [7, 1, 8, 24], [4, 9, 5, 10], [11, 15, 12, 14], [13, 20, 14, 21], [15, 23, 16, 22], [17, 3, 18, 2], [19, 7, 20, 6]]"
12n_0302_115,"[[19, 7, 20, 6], [21, 12, 22, 13], [23, 11, 24, 10], [1, 19, 2, 18], [8, 3, 9, 4], [5, 17, 6, 16], [7, 1, 8, 24], [4, 9, 5, 10], [11, 15, 12, 14], [13, 20, 14, 21], [15, 23, 16, 22], [17, 3, 18, 2]]"
12n_0302_116,"[[17, 3, 18, 2], [19, 7, 20, 6], [21, 12, 22, 13], [23, 11, 24, 10], [1, 19, 2, 18], [8, 3, 9, 4], [5, 17, 6, 16], [7, 1, 8, 24], [4, 9, 5, 10], [11, 15, 12, 14], [13, 20, 14, 21], [15, 23, 16, 22]]"
12n_0302_117,"[[15, 23, 16, 22], [17, 3, 18, 2], [19, 7, 20, 6], [21, 12, 22, 13], [23, 11, 24, 10], [1, 19, 2, 18], [8, 3, 9, 4], [5, 17, 6, 16], [7, 1, 8, 24], [4, 9, 5, 10], [11, 15, 12, 14], [13, 20, 14, 21]]"
12n_0302_118,"[[13, 20, 14, 21], [15, 23, 16, 22], [17, 3, 18, 2], [19, 7, 20, 6], [21, 12, 22, 13], [23, 11, 24, 10], [1, 19, 2, 18], [8, 3, 9, 4], [5, 17, 6, 16], [7, 1, 8, 24], [4, 9, 5, 10], [11, 15, 12, 14]]"
12n_0302_119,"[[11, 15, 12, 14], [13, 20, 14, 21], [15, 23, 16, 22], [17, 3, 18, 2], [19, 7, 20, 6], [21, 12, 22, 13], [23, 11, 24, 10], [1, 19, 2, 18], [8, 3, 9, 4], [5, 17, 6, 16], [7, 1, 8, 24], [4, 9, 5, 10]]"
12n_0302_120,"[[5, 10, 6, 11], [12, 16, 13, 15], [14, 21, 15, 22], [16, 24, 17, 23], [18, 4, 19, 3], [20, 8, 21, 7], [22, 13, 23, 14], [24, 12, 1, 11], [2, 20, 3, 19], [9, 4, 10, 5], [6, 18, 7, 17], [8, 2, 9, 1]]"
12n_0302_121,"[[8, 2, 9, 1], [5, 10, 6, 11], [12, 16, 13, 15], [14, 21, 15, 22], [16, 24, 17, 23], [18, 4, 19, 3], [20, 8, 21, 7], [22, 13, 23, 14], [24, 12, 1, 11], [2, 20, 3, 19], [9, 4, 10, 5], [6, 18, 7, 17]]"
12n_0302_122,"[[6, 18, 7, 17], [8, 2, 9, 1], [5, 10, 6, 11], [12, 16, 13, 15], [14, 21, 15, 22], [16, 24, 17, 23], [18, 4, 19, 3], [20, 8, 21, 7], [22, 13, 23, 14], [24, 12, 1, 11], [2, 20, 3, 19], [9, 4, 10, 5]]"
12n_0302_123,"[[9, 4, 10, 5], [6, 18, 7, 17], [8, 2, 9, 1], [5, 10, 6, 11], [12, 16, 13, 15], [14, 21, 15, 22], [16, 24, 17, 23], [18, 4, 19, 3], [20, 8, 21, 7], [22, 13, 23, 14], [24, 12, 1, 11], [2, 20, 3, 19]]"
12n_0302_124,"[[2, 20, 3, 19], [9, 4, 10, 5], [6, 18, 7, 17], [8, 2, 9, 1], [5, 10, 6, 11], [12, 16, 13, 15], [14, 21, 15, 22], [16, 24, 17, 23], [18, 4, 19, 3], [20, 8, 21, 7], [22, 13, 23, 14], [24, 12, 1, 11]]"
12n_0302_125,"[[24, 12, 1, 11], [2, 20, 3, 19], [9, 4, 10, 5], [6, 18, 7, 17], [8, 2, 9, 1], [5, 10, 6, 11], [12, 16, 13, 15], [14, 21, 15, 22], [16, 24, 17, 23], [18, 4, 19, 3], [20, 8, 21, 7], [22, 13, 23, 14]]"
12n_0302_126,"[[22, 13, 23, 14], [24, 12, 1, 11], [2, 20, 3, 19], [9, 4, 10, 5], [6, 18, 7, 17], [8, 2, 9, 1], [5, 10, 6, 11], [12, 16, 13, 15], [14, 21, 15, 22], [16, 24, 17, 23], [18, 4, 19, 3], [20, 8, 21, 7]]"
12n_0302_127,"[[20, 8, 21, 7], [22, 13, 23, 14], [24, 12, 1, 11], [2, 20, 3, 19], [9, 4, 10, 5], [6, 18, 7, 17], [8, 2, 9, 1], [5, 10, 6, 11], [12, 16, 13, 15], [14, 21, 15, 22], [16, 24, 17, 23], [18, 4, 19, 3]]"
12n_0302_128,"[[18, 4, 19, 3], [20, 8, 21, 7], [22, 13, 23, 14], [24, 12, 1, 11], [2, 20, 3, 19], [9, 4, 10, 5], [6, 18, 7, 17], [8, 2, 9, 1], [5, 10, 6, 11], [12, 16, 13, 15], [14, 21, 15, 22], [16, 24, 17, 23]]"
12n_0302_129,"[[16, 24, 17, 23], [18, 4, 19, 3], [20, 8, 21, 7], [22, 13, 23, 14], [24, 12, 1, 11], [2, 20, 3, 19], [9, 4, 10, 5], [6, 18, 7, 17], [8, 2, 9, 1], [5, 10, 6, 11], [12, 16, 13, 15], [14, 21, 15, 22]]"
12n_0302_130,"[[14, 21, 15, 22], [16, 24, 17, 23], [18, 4, 19, 3], [20, 8, 21, 7], [22, 13, 23, 14], [24, 12, 1, 11], [2, 20, 3, 19], [9, 4, 10, 5], [6, 18, 7, 17], [8, 2, 9, 1], [5, 10, 6, 11], [12, 16, 13, 15]]"
12n_0302_131,"[[12, 16, 13, 15], [14, 21, 15, 22], [16, 24, 17, 23], [18, 4, 19, 3], [20, 8, 21, 7], [22, 13, 23, 14], [24, 12, 1, 11], [2, 20, 3, 19], [9, 4, 10, 5], [6, 18, 7, 17], [8, 2, 9, 1], [5, 10, 6, 11]]"
12n_0302_132,"[[6, 11, 7, 12], [13, 17, 14, 16], [15, 22, 16, 23], [17, 1, 18, 24], [19, 5, 20, 4], [21, 9, 22, 8], [23, 14, 24, 15], [1, 13, 2, 12], [3, 21, 4, 20], [10, 5, 11, 6], [7, 19, 8, 18], [9, 3, 10, 2]]"
12n_0302_133,"[[9, 3, 10, 2], [6, 11, 7, 12], [13, 17, 14, 16], [15, 22, 16, 23], [17, 1, 18, 24], [19, 5, 20, 4], [21, 9, 22, 8], [23, 14, 24, 15], [1, 13, 2, 12], [3, 21, 4, 20], [10, 5, 11, 6], [7, 19, 8, 18]]"
12n_0302_134,"[[7, 19, 8, 18], [9, 3, 10, 2], [6, 11, 7, 12], [13, 17, 14, 16], [15, 22, 16, 23], [17, 1, 18, 24], [19, 5, 20, 4], [21, 9, 22, 8], [23, 14, 24, 15], [1, 13, 2, 12], [3, 21, 4, 20], [10, 5, 11, 6]]"
12n_0302_135,"[[10, 5, 11, 6], [7, 19, 8, 18], [9, 3, 10, 2], [6, 11, 7, 12], [13, 17, 14, 16], [15, 22, 16, 23], [17, 1, 18, 24], [19, 5, 20, 4], [21, 9, 22, 8], [23, 14, 24, 15], [1, 13, 2, 12], [3, 21, 4, 20]]"
12n_0302_136,"[[3, 21, 4, 20], [10, 5, 11, 6], [7, 19, 8, 18], [9, 3, 10, 2], [6, 11, 7, 12], [13, 17, 14, 16], [15, 22, 16, 23], [17, 1, 18, 24], [19, 5, 20, 4], [21, 9, 22, 8], [23, 14, 24, 15], [1, 13, 2, 12]]"
12n_0302_137,"[[1, 13, 2, 12], [3, 21, 4, 20], [10, 5, 11, 6], [7, 19, 8, 18], [9, 3, 10, 2], [6, 11, 7, 12], [13, 17, 14, 16], [15, 22, 16, 23], [17, 1, 18, 24], [19, 5, 20, 4], [21, 9, 22, 8], [23, 14, 24, 15]]"
12n_0302_138,"[[23, 14, 24, 15], [1, 13, 2, 12], [3, 21, 4, 20], [10, 5, 11, 6], [7, 19, 8, 18], [9, 3, 10, 2], [6, 11, 7, 12], [13, 17, 14, 16], [15, 22, 16, 23], [17, 1, 18, 24], [19, 5, 20, 4], [21, 9, 22, 8]]"
12n_0302_139,"[[21, 9, 22, 8], [23, 14, 24, 15], [1, 13, 2, 12], [3, 21, 4, 20], [10, 5, 11, 6], [7, 19, 8, 18], [9, 3, 10, 2], [6, 11, 7, 12], [13, 17, 14, 16], [15, 22, 16, 23], [17, 1, 18, 24], [19, 5, 20, 4]]"
12n_0302_140,"[[19, 5, 20, 4], [21, 9, 22, 8], [23, 14, 24, 15], [1, 13, 2, 12], [3, 21, 4, 20], [10, 5, 11, 6], [7, 19, 8, 18], [9, 3, 10, 2], [6, 11, 7, 12], [13, 17, 14, 16], [15, 22, 16, 23], [17, 1, 18, 24]]"
12n_0302_141,"[[17, 1, 18, 24], [19, 5, 20, 4], [21, 9, 22, 8], [23, 14, 24, 15], [1, 13, 2, 12], [3, 21, 4, 20], [10, 5, 11, 6], [7, 19, 8, 18], [9, 3, 10, 2], [6, 11, 7, 12], [13, 17, 14, 16], [15, 22, 16, 23]]"
12n_0302_142,"[[15, 22, 16, 23], [17, 1, 18, 24], [19, 5, 20, 4], [21, 9, 22, 8], [23, 14, 24, 15], [1, 13, 2, 12], [3, 21, 4, 20], [10, 5, 11, 6], [7, 19, 8, 18], [9, 3, 10, 2], [6, 11, 7, 12], [13, 17, 14, 16]]"
12n_0302_143,"[[13, 17, 14, 16], [15, 22, 16, 23], [17, 1, 18, 24], [19, 5, 20, 4], [21, 9, 22, 8], [23, 14, 24, 15], [1, 13, 2, 12], [3, 21, 4, 20], [10, 5, 11, 6], [7, 19, 8, 18], [9, 3, 10, 2], [6, 11, 7, 12]]"
12n_0302_144,"[[7, 12, 8, 13], [14, 18, 15, 17], [16, 23, 17, 24], [18, 2, 19, 1], [20, 6, 21, 5], [22, 10, 23, 9], [24, 15, 1, 16], [2, 14, 3, 13], [4, 22, 5, 21], [11, 6, 12, 7], [8, 20, 9, 19], [10, 4, 11, 3]]"
12n_0302_145,"[[10, 4, 11, 3], [7, 12, 8, 13], [14, 18, 15, 17], [16, 23, 17, 24], [18, 2, 19, 1], [20, 6, 21, 5], [22, 10, 23, 9], [24, 15, 1, 16], [2, 14, 3, 13], [4, 22, 5, 21], [11, 6, 12, 7], [8, 20, 9, 19]]"
12n_0302_146,"[[8, 20, 9, 19], [10, 4, 11, 3], [7, 12, 8, 13], [14, 18, 15, 17], [16, 23, 17, 24], [18, 2, 19, 1], [20, 6, 21, 5], [22, 10, 23, 9], [24, 15, 1, 16], [2, 14, 3, 13], [4, 22, 5, 21], [11, 6, 12, 7]]"
12n_0302_147,"[[11, 6, 12, 7], [8, 20, 9, 19], [10, 4, 11, 3], [7, 12, 8, 13], [14, 18, 15, 17], [16, 23, 17, 24], [18, 2, 19, 1], [20, 6, 21, 5], [22, 10, 23, 9], [24, 15, 1, 16], [2, 14, 3, 13], [4, 22, 5, 21]]"
12n_0302_148,"[[4, 22, 5, 21], [11, 6, 12, 7], [8, 20, 9, 19], [10, 4, 11, 3], [7, 12, 8, 13], [14, 18, 15, 17], [16, 23, 17, 24], [18, 2, 19, 1], [20, 6, 21, 5], [22, 10, 23, 9], [24, 15, 1, 16], [2, 14, 3, 13]]"
12n_0302_149,"[[2, 14, 3, 13], [4, 22, 5, 21], [11, 6, 12, 7], [8, 20, 9, 19], [10, 4, 11, 3], [7, 12, 8, 13], [14, 18, 15, 17], [16, 23, 17, 24], [18, 2, 19, 1], [20, 6, 21, 5], [22, 10, 23, 9], [24, 15, 1, 16]]"
12n_0302_150,"[[24, 15, 1, 16], [2, 14, 3, 13], [4, 22, 5, 21], [11, 6, 12, 7], [8, 20, 9, 19], [10, 4, 11, 3], [7, 12, 8, 13], [14, 18, 15, 17], [16, 23, 17, 24], [18, 2, 19, 1], [20, 6, 21, 5], [22, 10, 23, 9]]"
12n_0302_151,"[[22, 10, 23, 9], [24, 15, 1, 16], [2, 14, 3, 13], [4, 22, 5, 21], [11, 6, 12, 7], [8, 20, 9, 19], [10, 4, 11, 3], [7, 12, 8, 13], [14, 18, 15, 17], [16, 23, 17, 24], [18, 2, 19, 1], [20, 6, 21, 5]]"
12n_0302_152,"[[20, 6, 21, 5], [22, 10, 23, 9], [24, 15, 1, 16], [2, 14, 3, 13], [4, 22, 5, 21], [11, 6, 12, 7], [8, 20, 9, 19], [10, 4, 11, 3], [7, 12, 8, 13], [14, 18, 15, 17], [16, 23, 17, 24], [18, 2, 19, 1]]"
12n_0302_153,"[[18, 2, 19, 1], [20, 6, 21, 5], [22, 10, 23, 9], [24, 15, 1, 16], [2, 14, 3, 13], [4, 22, 5, 21], [11, 6, 12, 7], [8, 20, 9, 19], [10, 4, 11, 3], [7, 12, 8, 13], [14, 18, 15, 17], [16, 23, 17, 24]]"
12n_0302_154,"[[16, 23, 17, 24], [18, 2, 19, 1], [20, 6, 21, 5], [22, 10, 23, 9], [24, 15, 1, 16], [2, 14, 3, 13], [4, 22, 5, 21], [11, 6, 12, 7], [8, 20, 9, 19], [10, 4, 11, 3], [7, 12, 8, 13], [14, 18, 15, 17]]"
12n_0302_155,"[[14, 18, 15, 17], [16, 23, 17, 24], [18, 2, 19, 1], [20, 6, 21, 5], [22, 10, 23, 9], [24, 15, 1, 16], [2, 14, 3, 13], [4, 22, 5, 21], [11, 6, 12, 7], [8, 20, 9, 19], [10, 4, 11, 3], [7, 12, 8, 13]]"
12n_0302_156,"[[8, 13, 9, 14], [15, 19, 16, 18], [17, 24, 18, 1], [19, 3, 20, 2], [21, 7, 22, 6], [23, 11, 24, 10], [1, 16, 2, 17], [3, 15, 4, 14], [5, 23, 6, 22], [12, 7, 13, 8], [9, 21, 10, 20], [11, 5, 12, 4]]"
12n_0302_157,"[[11, 5, 12, 4], [8, 13, 9, 14], [15, 19, 16, 18], [17, 24, 18, 1], [19, 3, 20, 2], [21, 7, 22, 6], [23, 11, 24, 10], [1, 16, 2, 17], [3, 15, 4, 14], [5, 23, 6, 22], [12, 7, 13, 8], [9, 21, 10, 20]]"
12n_0302_158,"[[9, 21, 10, 20], [11, 5, 12, 4], [8, 13, 9, 14], [15, 19, 16, 18], [17, 24, 18, 1], [19, 3, 20, 2], [21, 7, 22, 6], [23, 11, 24, 10], [1, 16, 2, 17], [3, 15, 4, 14], [5, 23, 6, 22], [12, 7, 13, 8]]"
12n_0302_159,"[[12, 7, 13, 8], [9, 21, 10, 20], [11, 5, 12, 4], [8, 13, 9, 14], [15, 19, 16, 18], [17, 24, 18, 1], [19, 3, 20, 2], [21, 7, 22, 6], [23, 11, 24, 10], [1, 16, 2, 17], [3, 15, 4, 14], [5, 23, 6, 22]]"
12n_0302_160,"[[5, 23, 6, 22], [12, 7, 13, 8], [9, 21, 10, 20], [11, 5, 12, 4], [8, 13, 9, 14], [15, 19, 16, 18], [17, 24, 18, 1], [19, 3, 20, 2], [21, 7, 22, 6], [23, 11, 24, 10], [1, 16, 2, 17], [3, 15, 4, 14]]"
12n_0302_161,"[[3, 15, 4, 14], [5, 23, 6, 22], [12, 7, 13, 8], [9, 21, 10, 20], [11, 5, 12, 4], [8, 13, 9, 14], [15, 19, 16, 18], [17, 24, 18, 1], [19, 3, 20, 2], [21, 7, 22, 6], [23, 11, 24, 10], [1, 16, 2, 17]]"
12n_0302_162,"[[1, 16, 2, 17], [3, 15, 4, 14], [5, 23, 6, 22], [12, 7, 13, 8], [9, 21, 10, 20], [11, 5, 12, 4], [8, 13, 9, 14], [15, 19, 16, 18], [17, 24, 18, 1], [19, 3, 20, 2], [21, 7, 22, 6], [23, 11, 24, 10]]"
12n_0302_163,"[[23, 11, 24, 10], [1, 16, 2, 17], [3, 15, 4, 14], [5, 23, 6, 22], [12, 7, 13, 8], [9, 21, 10, 20], [11, 5, 12, 4], [8, 13, 9, 14], [15, 19, 16, 18], [17, 24, 18, 1], [19, 3, 20, 2], [21, 7, 22, 6]]"
12n_0302_164,"[[21, 7, 22, 6], [23, 11, 24, 10], [1, 16, 2, 17], [3, 15, 4, 14], [5, 23, 6, 22], [12, 7, 13, 8], [9, 21, 10, 20], [11, 5, 12, 4], [8, 13, 9, 14], [15, 19, 16, 18], [17, 24, 18, 1], [19, 3, 20, 2]]"
12n_0302_165,"[[19, 3, 20, 2], [21, 7, 22, 6], [23, 11, 24, 10], [1, 16, 2, 17], [3, 15, 4, 14], [5, 23, 6, 22], [12, 7, 13, 8], [9, 21, 10, 20], [11, 5, 12, 4], [8, 13, 9, 14], [15, 19, 16, 18], [17, 24, 18, 1]]"
12n_0302_166,"[[17, 24, 18, 1], [19, 3, 20, 2], [21, 7, 22, 6], [23, 11, 24, 10], [1, 16, 2, 17], [3, 15, 4, 14], [5, 23, 6, 22], [12, 7, 13, 8], [9, 21, 10, 20], [11, 5, 12, 4], [8, 13, 9, 14], [15, 19, 16, 18]]"
12n_0302_167,"[[15, 19, 16, 18], [17, 24, 18, 1], [19, 3, 20, 2], [21, 7, 22, 6], [23, 11, 24, 10], [1, 16, 2, 17], [3, 15, 4, 14], [5, 23, 6, 22], [12, 7, 13, 8], [9, 21, 10, 20], [11, 5, 12, 4], [8, 13, 9, 14]]"
12n_0302_168,"[[9, 14, 10, 15], [16, 20, 17, 19], [18, 1, 19, 2], [20, 4, 21, 3], [22, 8, 23, 7], [24, 12, 1, 11], [2, 17, 3, 18], [4, 16, 5, 15], [6, 24, 7, 23], [13, 8, 14, 9], [10, 22, 11, 21], [12, 6, 13, 5]]"
12n_0302_169,"[[12, 6, 13, 5], [9, 14, 10, 15], [16, 20, 17, 19], [18, 1, 19, 2], [20, 4, 21, 3], [22, 8, 23, 7], [24, 12, 1, 11], [2, 17, 3, 18], [4, 16, 5, 15], [6, 24, 7, 23], [13, 8, 14, 9], [10, 22, 11, 21]]"
12n_0302_170,"[[10, 22, 11, 21], [12, 6, 13, 5], [9, 14, 10, 15], [16, 20, 17, 19], [18, 1, 19, 2], [20, 4, 21, 3], [22, 8, 23, 7], [24, 12, 1, 11], [2, 17, 3, 18], [4, 16, 5, 15], [6, 24, 7, 23], [13, 8, 14, 9]]"
12n_0302_171,"[[13, 8, 14, 9], [10, 22, 11, 21], [12, 6, 13, 5], [9, 14, 10, 15], [16, 20, 17, 19], [18, 1, 19, 2], [20, 4, 21, 3], [22, 8, 23, 7], [24, 12, 1, 11], [2, 17, 3, 18], [4, 16, 5, 15], [6, 24, 7, 23]]"
12n_0302_172,"[[6, 24, 7, 23], [13, 8, 14, 9], [10, 22, 11, 21], [12, 6, 13, 5], [9, 14, 10, 15], [16, 20, 17, 19], [18, 1, 19, 2], [20, 4, 21, 3], [22, 8, 23, 7], [24, 12, 1, 11], [2, 17, 3, 18], [4, 16, 5, 15]]"
12n_0302_173,"[[4, 16, 5, 15], [6, 24, 7, 23], [13, 8, 14, 9], [10, 22, 11, 21], [12, 6, 13, 5], [9, 14, 10, 15], [16, 20, 17, 19], [18, 1, 19, 2], [20, 4, 21, 3], [22, 8, 23, 7], [24, 12, 1, 11], [2, 17, 3, 18]]"
12n_0302_174,"[[2, 17, 3, 18], [4, 16, 5, 15], [6, 24, 7, 23], [13, 8, 14, 9], [10, 22, 11, 21], [12, 6, 13, 5], [9, 14, 10, 15], [16, 20, 17, 19], [18, 1, 19, 2], [20, 4, 21, 3], [22, 8, 23, 7], [24, 12, 1, 11]]"
12n_0302_175,"[[24, 12, 1, 11], [2, 17, 3, 18], [4, 16, 5, 15], [6, 24, 7, 23], [13, 8, 14, 9], [10, 22, 11, 21], [12, 6, 13, 5], [9, 14, 10, 15], [16, 20, 17, 19], [18, 1, 19, 2], [20, 4, 21, 3], [22, 8, 23, 7]]"
12n_0302_176,"[[22, 8, 23, 7], [24, 12, 1, 11], [2, 17, 3, 18], [4, 16, 5, 15], [6, 24, 7, 23], [13, 8, 14, 9], [10, 22, 11, 21], [12, 6, 13, 5], [9, 14, 10, 15], [16, 20, 17, 19], [18, 1, 19, 2], [20, 4, 21, 3]]"
12n_0302_177,"[[20, 4, 21, 3], [22, 8, 23, 7], [24, 12, 1, 11], [2, 17, 3, 18], [4, 16, 5, 15], [6, 24, 7, 23], [13, 8, 14, 9], [10, 22, 11, 21], [12, 6, 13, 5], [9, 14, 10, 15], [16, 20, 17, 19], [18, 1, 19, 2]]"
12n_0302_178,"[[18, 1, 19, 2], [20, 4, 21, 3], [22, 8, 23, 7], [24, 12, 1, 11], [2, 17, 3, 18], [4, 16, 5, 15], [6, 24, 7, 23], [13, 8, 14, 9], [10, 22, 11, 21], [12, 6, 13, 5], [9, 14, 10, 15], [16, 20, 17, 19]]"
12n_0302_179,"[[16, 20, 17, 19], [18, 1, 19, 2], [20, 4, 21, 3], [22, 8, 23, 7], [24, 12, 1, 11], [2, 17, 3, 18], [4, 16, 5, 15], [6, 24, 7, 23], [13, 8, 14, 9], [10, 22, 11, 21], [12, 6, 13, 5], [9, 14, 10, 15]]"
12n_0302_180,"[[10, 15, 11, 16], [17, 21, 18, 20], [19, 2, 20, 3], [21, 5, 22, 4], [23, 9, 24, 8], [1, 13, 2, 12], [3, 18, 4, 19], [5, 17, 6, 16], [7, 1, 8, 24], [14, 9, 15, 10], [11, 23, 12, 22], [13, 7, 14, 6]]"
12n_0302_181,"[[13, 7, 14, 6], [10, 15, 11, 16], [17, 21, 18, 20], [19, 2, 20, 3], [21, 5, 22, 4], [23, 9, 24, 8], [1, 13, 2, 12], [3, 18, 4, 19], [5, 17, 6, 16], [7, 1, 8, 24], [14, 9, 15, 10], [11, 23, 12, 22]]"
12n_0302_182,"[[11, 23, 12, 22], [13, 7, 14, 6], [10, 15, 11, 16], [17, 21, 18, 20], [19, 2, 20, 3], [21, 5, 22, 4], [23, 9, 24, 8], [1, 13, 2, 12], [3, 18, 4, 19], [5, 17, 6, 16], [7, 1, 8, 24], [14, 9, 15, 10]]"
12n_0302_183,"[[14, 9, 15, 10], [11, 23, 12, 22], [13, 7, 14, 6], [10, 15, 11, 16], [17, 21, 18, 20], [19, 2, 20, 3], [21, 5, 22, 4], [23, 9, 24, 8], [1, 13, 2, 12], [3, 18, 4, 19], [5, 17, 6, 16], [7, 1, 8, 24]]"
12n_0302_184,"[[7, 1, 8, 24], [14, 9, 15, 10], [11, 23, 12, 22], [13, 7, 14, 6], [10, 15, 11, 16], [17, 21, 18, 20], [19, 2, 20, 3], [21, 5, 22, 4], [23, 9, 24, 8], [1, 13, 2, 12], [3, 18, 4, 19], [5, 17, 6, 16]]"
12n_0302_185,"[[5, 17, 6, 16], [7, 1, 8, 24], [14, 9, 15, 10], [11, 23, 12, 22], [13, 7, 14, 6], [10, 15, 11, 16], [17, 21, 18, 20], [19, 2, 20, 3], [21, 5, 22, 4], [23, 9, 24, 8], [1, 13, 2, 12], [3, 18, 4, 19]]"
