name,pd_notation
12n_0463_0,"[[24, 9, 1, 10], [2, 6, 3, 5], [4, 11, 5, 12], [6, 17, 7, 18], [15, 8, 16, 9], [10, 20, 11, 19], [12, 3, 13, 4], [23, 15, 24, 14], [16, 22, 17, 21], [18, 14, 19, 13], [20, 1, 21, 2], [7, 22, 8, 23]]"
12n_0463_1,"[[7, 22, 8, 23], [24, 9, 1, 10], [2, 6, 3, 5], [4, 11, 5, 12], [6, 17, 7, 18], [15, 8, 16, 9], [10, 20, 11, 19], [12, 3, 13, 4], [23, 15, 24, 14], [16, 22, 17, 21], [18, 14, 19, 13], [20, 1, 21, 2]]"
12n_0463_2,"[[20, 1, 21, 2], [7, 22, 8, 23], [24, 9, 1, 10], [2, 6, 3, 5], [4, 11, 5, 12], [6, 17, 7, 18], [15, 8, 16, 9], [10, 20, 11, 19], [12, 3, 13, 4], [23, 15, 24, 14], [16, 22, 17, 21], [18, 14, 19, 13]]"
12n_0463_3,"[[18, 14, 19, 13], [20, 1, 21, 2], [7, 22, 8, 23], [24, 9, 1, 10], [2, 6, 3, 5], [4, 11, 5, 12], [6, 17, 7, 18], [15, 8, 16, 9], [10, 20, 11, 19], [12, 3, 13, 4], [23, 15, 24, 14], [16, 22, 17, 21]]"
12n_0463_4,"[[16, 22, 17, 21], [18, 14, 19, 13], [20, 1, 21, 2], [7, 22, 8, 23], [24, 9, 1, 10], [2, 6, 3, 5], [4, 11, 5, 12], [6, 17, 7, 18], [15, 8, 16, 9], [10, 20, 11, 19], [12, 3, 13, 4], [23, 15, 24, 14]]"
12n_0463_5,"[[23, 15, 24, 14], [16, 22, 17, 21], [18, 14, 19, 13], [20, 1, 21, 2], [7, 22, 8, 23], [24, 9, 1, 10], [2, 6, 3, 5], [4, 11, 5, 12], [6, 17, 7, 18], [15, 8, 16, 9], [10, 20, 11, 19], [12, 3, 13, 4]]"
12n_0463_6,"[[12, 3, 13, 4], [23, 15, 24, 14], [16, 22, 17, 21], [18, 14, 19, 13], [20, 1, 21, 2], [7, 22, 8, 23], [24, 9, 1, 10], [2, 6, 3, 5], [4, 11, 5, 12], [6, 17, 7, 18], [15, 8, 16, 9], [10, 20, 11, 19]]"
12n_0463_7,"[[10, 20, 11, 19], [12, 3, 13, 4], [23, 15, 24, 14], [16, 22, 17, 21], [18, 14, 19, 13], [20, 1, 21, 2], [7, 22, 8, 23], [24, 9, 1, 10], [2, 6, 3, 5], [4, 11, 5, 12], [6, 17, 7, 18], [15, 8, 16, 9]]"
12n_0463_8,"[[15, 8, 16, 9], [10, 20, 11, 19], [12, 3, 13, 4], [23, 15, 24, 14], [16, 22, 17, 21], [18, 14, 19, 13], [20, 1, 21, 2], [7, 22, 8, 23], [24, 9, 1, 10], [2, 6, 3, 5], [4, 11, 5, 12], [6, 17, 7, 18]]"
12n_0463_9,"[[6, 17, 7, 18], [15, 8, 16, 9], [10, 20, 11, 19], [12, 3, 13, 4], [23, 15, 24, 14], [16, 22, 17, 21], [18, 14, 19, 13], [20, 1, 21, 2], [7, 22, 8, 23], [24, 9, 1, 10], [2, 6, 3, 5], [4, 11, 5, 12]]"
12n_0463_10,"[[4, 11, 5, 12], [6, 17, 7, 18], [15, 8, 16, 9], [10, 20, 11, 19], [12, 3, 13, 4], [23, 15, 24, 14], [16, 22, 17, 21], [18, 14, 19, 13], [20, 1, 21, 2], [7, 22, 8, 23], [24, 9, 1, 10], [2, 6, 3, 5]]"
12n_0463_11,"[[2, 6, 3, 5], [4, 11, 5, 12], [6, 17, 7, 18], [15, 8, 16, 9], [10, 20, 11, 19], [12, 3, 13, 4], [23, 15, 24, 14], [16, 22, 17, 21], [18, 14, 19, 13], [20, 1, 21, 2], [7, 22, 8, 23], [24, 9, 1, 10]]"
12n_0463_12,"[[1, 10, 2, 11], [3, 7, 4, 6], [5, 12, 6, 13], [7, 18, 8, 19], [16, 9, 17, 10], [11, 21, 12, 20], [13, 4, 14, 5], [24, 16, 1, 15], [17, 23, 18, 22], [19, 15, 20, 14], [21, 2, 22, 3], [8, 23, 9, 24]]"
12n_0463_13,"[[8, 23, 9, 24], [1, 10, 2, 11], [3, 7, 4, 6], [5, 12, 6, 13], [7, 18, 8, 19], [16, 9, 17, 10], [11, 21, 12, 20], [13, 4, 14, 5], [24, 16, 1, 15], [17, 23, 18, 22], [19, 15, 20, 14], [21, 2, 22, 3]]"
12n_0463_14,"[[21, 2, 22, 3], [8, 23, 9, 24], [1, 10, 2, 11], [3, 7, 4, 6], [5, 12, 6, 13], [7, 18, 8, 19], [16, 9, 17, 10], [11, 21, 12, 20], [13, 4, 14, 5], [24, 16, 1, 15], [17, 23, 18, 22], [19, 15, 20, 14]]"
12n_0463_15,"[[19, 15, 20, 14], [21, 2, 22, 3], [8, 23, 9, 24], [1, 10, 2, 11], [3, 7, 4, 6], [5, 12, 6, 13], [7, 18, 8, 19], [16, 9, 17, 10], [11, 21, 12, 20], [13, 4, 14, 5], [24, 16, 1, 15], [17, 23, 18, 22]]"
12n_0463_16,"[[17, 23, 18, 22], [19, 15, 20, 14], [21, 2, 22, 3], [8, 23, 9, 24], [1, 10, 2, 11], [3, 7, 4, 6], [5, 12, 6, 13], [7, 18, 8, 19], [16, 9, 17, 10], [11, 21, 12, 20], [13, 4, 14, 5], [24, 16, 1, 15]]"
12n_0463_17,"[[24, 16, 1, 15], [17, 23, 18, 22], [19, 15, 20, 14], [21, 2, 22, 3], [8, 23, 9, 24], [1, 10, 2, 11], [3, 7, 4, 6], [5, 12, 6, 13], [7, 18, 8, 19], [16, 9, 17, 10], [11, 21, 12, 20], [13, 4, 14, 5]]"
12n_0463_18,"[[13, 4, 14, 5], [24, 16, 1, 15], [17, 23, 18, 22], [19, 15, 20, 14], [21, 2, 22, 3], [8, 23, 9, 24], [1, 10, 2, 11], [3, 7, 4, 6], [5, 12, 6, 13], [7, 18, 8, 19], [16, 9, 17, 10], [11, 21, 12, 20]]"
12n_0463_19,"[[11, 21, 12, 20], [13, 4, 14, 5], [24, 16, 1, 15], [17, 23, 18, 22], [19, 15, 20, 14], [21, 2, 22, 3], [8, 23, 9, 24], [1, 10, 2, 11], [3, 7, 4, 6], [5, 12, 6, 13], [7, 18, 8, 19], [16, 9, 17, 10]]"
12n_0463_20,"[[16, 9, 17, 10], [11, 21, 12, 20], [13, 4, 14, 5], [24, 16, 1, 15], [17, 23, 18, 22], [19, 15, 20, 14], [21, 2, 22, 3], [8, 23, 9, 24], [1, 10, 2, 11], [3, 7, 4, 6], [5, 12, 6, 13], [7, 18, 8, 19]]"
12n_0463_21,"[[7, 18, 8, 19], [16, 9, 17, 10], [11, 21, 12, 20], [13, 4, 14, 5], [24, 16, 1, 15], [17, 23, 18, 22], [19, 15, 20, 14], [21, 2, 22, 3], [8, 23, 9, 24], [1, 10, 2, 11], [3, 7, 4, 6], [5, 12, 6, 13]]"
12n_0463_22,"[[5, 12, 6, 13], [7, 18, 8, 19], [16, 9, 17, 10], [11, 21, 12, 20], [13, 4, 14, 5], [24, 16, 1, 15], [17, 23, 18, 22], [19, 15, 20, 14], [21, 2, 22, 3], [8, 23, 9, 24], [1, 10, 2, 11], [3, 7, 4, 6]]"
12n_0463_23,"[[3, 7, 4, 6], [5, 12, 6, 13], [7, 18, 8, 19], [16, 9, 17, 10], [11, 21, 12, 20], [13, 4, 14, 5], [24, 16, 1, 15], [17, 23, 18, 22], [19, 15, 20, 14], [21, 2, 22, 3], [8, 23, 9, 24], [1, 10, 2, 11]]"
12n_0463_24,"[[2, 11, 3, 12], [4, 8, 5, 7], [6, 13, 7, 14], [8, 19, 9, 20], [17, 10, 18, 11], [12, 22, 13, 21], [14, 5, 15, 6], [1, 17, 2, 16], [18, 24, 19, 23], [20, 16, 21, 15], [22, 3, 23, 4], [9, 24, 10, 1]]"
12n_0463_25,"[[9, 24, 10, 1], [2, 11, 3, 12], [4, 8, 5, 7], [6, 13, 7, 14], [8, 19, 9, 20], [17, 10, 18, 11], [12, 22, 13, 21], [14, 5, 15, 6], [1, 17, 2, 16], [18, 24, 19, 23], [20, 16, 21, 15], [22, 3, 23, 4]]"
12n_0463_26,"[[22, 3, 23, 4], [9, 24, 10, 1], [2, 11, 3, 12], [4, 8, 5, 7], [6, 13, 7, 14], [8, 19, 9, 20], [17, 10, 18, 11], [12, 22, 13, 21], [14, 5, 15, 6], [1, 17, 2, 16], [18, 24, 19, 23], [20, 16, 21, 15]]"
12n_0463_27,"[[20, 16, 21, 15], [22, 3, 23, 4], [9, 24, 10, 1], [2, 11, 3, 12], [4, 8, 5, 7], [6, 13, 7, 14], [8, 19, 9, 20], [17, 10, 18, 11], [12, 22, 13, 21], [14, 5, 15, 6], [1, 17, 2, 16], [18, 24, 19, 23]]"
12n_0463_28,"[[18, 24, 19, 23], [20, 16, 21, 15], [22, 3, 23, 4], [9, 24, 10, 1], [2, 11, 3, 12], [4, 8, 5, 7], [6, 13, 7, 14], [8, 19, 9, 20], [17, 10, 18, 11], [12, 22, 13, 21], [14, 5, 15, 6], [1, 17, 2, 16]]"
12n_0463_29,"[[1, 17, 2, 16], [18, 24, 19, 23], [20, 16, 21, 15], [22, 3, 23, 4], [9, 24, 10, 1], [2, 11, 3, 12], [4, 8, 5, 7], [6, 13, 7, 14], [8, 19, 9, 20], [17, 10, 18, 11], [12, 22, 13, 21], [14, 5, 15, 6]]"
12n_0463_30,"[[14, 5, 15, 6], [1, 17, 2, 16], [18, 24, 19, 23], [20, 16, 21, 15], [22, 3, 23, 4], [9, 24, 10, 1], [2, 11, 3, 12], [4, 8, 5, 7], [6, 13, 7, 14], [8, 19, 9, 20], [17, 10, 18, 11], [12, 22, 13, 21]]"
12n_0463_31,"[[12, 22, 13, 21], [14, 5, 15, 6], [1, 17, 2, 16], [18, 24, 19, 23], [20, 16, 21, 15], [22, 3, 23, 4], [9, 24, 10, 1], [2, 11, 3, 12], [4, 8, 5, 7], [6, 13, 7, 14], [8, 19, 9, 20], [17, 10, 18, 11]]"
12n_0463_32,"[[17, 10, 18, 11], [12, 22, 13, 21], [14, 5, 15, 6], [1, 17, 2, 16], [18, 24, 19, 23], [20, 16, 21, 15], [22, 3, 23, 4], [9, 24, 10, 1], [2, 11, 3, 12], [4, 8, 5, 7], [6, 13, 7, 14], [8, 19, 9, 20]]"
12n_0463_33,"[[8, 19, 9, 20], [17, 10, 18, 11], [12, 22, 13, 21], [14, 5, 15, 6], [1, 17, 2, 16], [18, 24, 19, 23], [20, 16, 21, 15], [22, 3, 23, 4], [9, 24, 10, 1], [2, 11, 3, 12], [4, 8, 5, 7], [6, 13, 7, 14]]"
12n_0463_34,"[[6, 13, 7, 14], [8, 19, 9, 20], [17, 10, 18, 11], [12, 22, 13, 21], [14, 5, 15, 6], [1, 17, 2, 16], [18, 24, 19, 23], [20, 16, 21, 15], [22, 3, 23, 4], [9, 24, 10, 1], [2, 11, 3, 12], [4, 8, 5, 7]]"
12n_0463_35,"[[4, 8, 5, 7], [6, 13, 7, 14], [8, 19, 9, 20], [17, 10, 18, 11], [12, 22, 13, 21], [14, 5, 15, 6], [1, 17, 2, 16], [18, 24, 19, 23], [20, 16, 21, 15], [22, 3, 23, 4], [9, 24, 10, 1], [2, 11, 3, 12]]"
12n_0463_36,"[[3, 12, 4, 13], [5, 9, 6, 8], [7, 14, 8, 15], [9, 20, 10, 21], [18, 11, 19, 12], [13, 23, 14, 22], [15, 6, 16, 7], [2, 18, 3, 17], [19, 1, 20, 24], [21, 17, 22, 16], [23, 4, 24, 5], [10, 1, 11, 2]]"
12n_0463_37,"[[10, 1, 11, 2], [3, 12, 4, 13], [5, 9, 6, 8], [7, 14, 8, 15], [9, 20, 10, 21], [18, 11, 19, 12], [13, 23, 14, 22], [15, 6, 16, 7], [2, 18, 3, 17], [19, 1, 20, 24], [21, 17, 22, 16], [23, 4, 24, 5]]"
12n_0463_38,"[[23, 4, 24, 5], [10, 1, 11, 2], [3, 12, 4, 13], [5, 9, 6, 8], [7, 14, 8, 15], [9, 20, 10, 21], [18, 11, 19, 12], [13, 23, 14, 22], [15, 6, 16, 7], [2, 18, 3, 17], [19, 1, 20, 24], [21, 17, 22, 16]]"
12n_0463_39,"[[21, 17, 22, 16], [23, 4, 24, 5], [10, 1, 11, 2], [3, 12, 4, 13], [5, 9, 6, 8], [7, 14, 8, 15], [9, 20, 10, 21], [18, 11, 19, 12], [13, 23, 14, 22], [15, 6, 16, 7], [2, 18, 3, 17], [19, 1, 20, 24]]"
12n_0463_40,"[[19, 1, 20, 24], [21, 17, 22, 16], [23, 4, 24, 5], [10, 1, 11, 2], [3, 12, 4, 13], [5, 9, 6, 8], [7, 14, 8, 15], [9, 20, 10, 21], [18, 11, 19, 12], [13, 23, 14, 22], [15, 6, 16, 7], [2, 18, 3, 17]]"
12n_0463_41,"[[2, 18, 3, 17], [19, 1, 20, 24], [21, 17, 22, 16], [23, 4, 24, 5], [10, 1, 11, 2], [3, 12, 4, 13], [5, 9, 6, 8], [7, 14, 8, 15], [9, 20, 10, 21], [18, 11, 19, 12], [13, 23, 14, 22], [15, 6, 16, 7]]"
12n_0463_42,"[[15, 6, 16, 7], [2, 18, 3, 17], [19, 1, 20, 24], [21, 17, 22, 16], [23, 4, 24, 5], [10, 1, 11, 2], [3, 12, 4, 13], [5, 9, 6, 8], [7, 14, 8, 15], [9, 20, 10, 21], [18, 11, 19, 12], [13, 23, 14, 22]]"
12n_0463_43,"[[13, 23, 14, 22], [15, 6, 16, 7], [2, 18, 3, 17], [19, 1, 20, 24], [21, 17, 22, 16], [23, 4, 24, 5], [10, 1, 11, 2], [3, 12, 4, 13], [5, 9, 6, 8], [7, 14, 8, 15], [9, 20, 10, 21], [18, 11, 19, 12]]"
12n_0463_44,"[[18, 11, 19, 12], [13, 23, 14, 22], [15, 6, 16, 7], [2, 18, 3, 17], [19, 1, 20, 24], [21, 17, 22, 16], [23, 4, 24, 5], [10, 1, 11, 2], [3, 12, 4, 13], [5, 9, 6, 8], [7, 14, 8, 15], [9, 20, 10, 21]]"
12n_0463_45,"[[9, 20, 10, 21], [18, 11, 19, 12], [13, 23, 14, 22], [15, 6, 16, 7], [2, 18, 3, 17], [19, 1, 20, 24], [21, 17, 22, 16], [23, 4, 24, 5], [10, 1, 11, 2], [3, 12, 4, 13], [5, 9, 6, 8], [7, 14, 8, 15]]"
12n_0463_46,"[[7, 14, 8, 15], [9, 20, 10, 21], [18, 11, 19, 12], [13, 23, 14, 22], [15, 6, 16, 7], [2, 18, 3, 17], [19, 1, 20, 24], [21, 17, 22, 16], [23, 4, 24, 5], [10, 1, 11, 2], [3, 12, 4, 13], [5, 9, 6, 8]]"
12n_0463_47,"[[5, 9, 6, 8], [7, 14, 8, 15], [9, 20, 10, 21], [18, 11, 19, 12], [13, 23, 14, 22], [15, 6, 16, 7], [2, 18, 3, 17], [19, 1, 20, 24], [21, 17, 22, 16], [23, 4, 24, 5], [10, 1, 11, 2], [3, 12, 4, 13]]"
12n_0463_48,"[[4, 13, 5, 14], [6, 10, 7, 9], [8, 15, 9, 16], [10, 21, 11, 22], [19, 12, 20, 13], [14, 24, 15, 23], [16, 7, 17, 8], [3, 19, 4, 18], [20, 2, 21, 1], [22, 18, 23, 17], [24, 5, 1, 6], [11, 2, 12, 3]]"
12n_0463_49,"[[11, 2, 12, 3], [4, 13, 5, 14], [6, 10, 7, 9], [8, 15, 9, 16], [10, 21, 11, 22], [19, 12, 20, 13], [14, 24, 15, 23], [16, 7, 17, 8], [3, 19, 4, 18], [20, 2, 21, 1], [22, 18, 23, 17], [24, 5, 1, 6]]"
12n_0463_50,"[[24, 5, 1, 6], [11, 2, 12, 3], [4, 13, 5, 14], [6, 10, 7, 9], [8, 15, 9, 16], [10, 21, 11, 22], [19, 12, 20, 13], [14, 24, 15, 23], [16, 7, 17, 8], [3, 19, 4, 18], [20, 2, 21, 1], [22, 18, 23, 17]]"
12n_0463_51,"[[22, 18, 23, 17], [24, 5, 1, 6], [11, 2, 12, 3], [4, 13, 5, 14], [6, 10, 7, 9], [8, 15, 9, 16], [10, 21, 11, 22], [19, 12, 20, 13], [14, 24, 15, 23], [16, 7, 17, 8], [3, 19, 4, 18], [20, 2, 21, 1]]"
12n_0463_52,"[[20, 2, 21, 1], [22, 18, 23, 17], [24, 5, 1, 6], [11, 2, 12, 3], [4, 13, 5, 14], [6, 10, 7, 9], [8, 15, 9, 16], [10, 21, 11, 22], [19, 12, 20, 13], [14, 24, 15, 23], [16, 7, 17, 8], [3, 19, 4, 18]]"
12n_0463_53,"[[3, 19, 4, 18], [20, 2, 21, 1], [22, 18, 23, 17], [24, 5, 1, 6], [11, 2, 12, 3], [4, 13, 5, 14], [6, 10, 7, 9], [8, 15, 9, 16], [10, 21, 11, 22], [19, 12, 20, 13], [14, 24, 15, 23], [16, 7, 17, 8]]"
12n_0463_54,"[[16, 7, 17, 8], [3, 19, 4, 18], [20, 2, 21, 1], [22, 18, 23, 17], [24, 5, 1, 6], [11, 2, 12, 3], [4, 13, 5, 14], [6, 10, 7, 9], [8, 15, 9, 16], [10, 21, 11, 22], [19, 12, 20, 13], [14, 24, 15, 23]]"
12n_0463_55,"[[14, 24, 15, 23], [16, 7, 17, 8], [3, 19, 4, 18], [20, 2, 21, 1], [22, 18, 23, 17], [24, 5, 1, 6], [11, 2, 12, 3], [4, 13, 5, 14], [6, 10, 7, 9], [8, 15, 9, 16], [10, 21, 11, 22], [19, 12, 20, 13]]"
12n_0463_56,"[[19, 12, 20, 13], [14, 24, 15, 23], [16, 7, 17, 8], [3, 19, 4, 18], [20, 2, 21, 1], [22, 18, 23, 17], [24, 5, 1, 6], [11, 2, 12, 3], [4, 13, 5, 14], [6, 10, 7, 9], [8, 15, 9, 16], [10, 21, 11, 22]]"
12n_0463_57,"[[10, 21, 11, 22], [19, 12, 20, 13], [14, 24, 15, 23], [16, 7, 17, 8], [3, 19, 4, 18], [20, 2, 21, 1], [22, 18, 23, 17], [24, 5, 1, 6], [11, 2, 12, 3], [4, 13, 5, 14], [6, 10, 7, 9], [8, 15, 9, 16]]"
12n_0463_58,"[[8, 15, 9, 16], [10, 21, 11, 22], [19, 12, 20, 13], [14, 24, 15, 23], [16, 7, 17, 8], [3, 19, 4, 18], [20, 2, 21, 1], [22, 18, 23, 17], [24, 5, 1, 6], [11, 2, 12, 3], [4, 13, 5, 14], [6, 10, 7, 9]]"
12n_0463_59,"[[6, 10, 7, 9], [8, 15, 9, 16], [10, 21, 11, 22], [19, 12, 20, 13], [14, 24, 15, 23], [16, 7, 17, 8], [3, 19, 4, 18], [20, 2, 21, 1], [22, 18, 23, 17], [24, 5, 1, 6], [11, 2, 12, 3], [4, 13, 5, 14]]"
12n_0463_60,"[[5, 14, 6, 15], [7, 11, 8, 10], [9, 16, 10, 17], [11, 22, 12, 23], [20, 13, 21, 14], [15, 1, 16, 24], [17, 8, 18, 9], [4, 20, 5, 19], [21, 3, 22, 2], [23, 19, 24, 18], [1, 6, 2, 7], [12, 3, 13, 4]]"
12n_0463_61,"[[12, 3, 13, 4], [5, 14, 6, 15], [7, 11, 8, 10], [9, 16, 10, 17], [11, 22, 12, 23], [20, 13, 21, 14], [15, 1, 16, 24], [17, 8, 18, 9], [4, 20, 5, 19], [21, 3, 22, 2], [23, 19, 24, 18], [1, 6, 2, 7]]"
12n_0463_62,"[[1, 6, 2, 7], [12, 3, 13, 4], [5, 14, 6, 15], [7, 11, 8, 10], [9, 16, 10, 17], [11, 22, 12, 23], [20, 13, 21, 14], [15, 1, 16, 24], [17, 8, 18, 9], [4, 20, 5, 19], [21, 3, 22, 2], [23, 19, 24, 18]]"
12n_0463_63,"[[23, 19, 24, 18], [1, 6, 2, 7], [12, 3, 13, 4], [5, 14, 6, 15], [7, 11, 8, 10], [9, 16, 10, 17], [11, 22, 12, 23], [20, 13, 21, 14], [15, 1, 16, 24], [17, 8, 18, 9], [4, 20, 5, 19], [21, 3, 22, 2]]"
12n_0463_64,"[[21, 3, 22, 2], [23, 19, 24, 18], [1, 6, 2, 7], [12, 3, 13, 4], [5, 14, 6, 15], [7, 11, 8, 10], [9, 16, 10, 17], [11, 22, 12, 23], [20, 13, 21, 14], [15, 1, 16, 24], [17, 8, 18, 9], [4, 20, 5, 19]]"
12n_0463_65,"[[4, 20, 5, 19], [21, 3, 22, 2], [23, 19, 24, 18], [1, 6, 2, 7], [12, 3, 13, 4], [5, 14, 6, 15], [7, 11, 8, 10], [9, 16, 10, 17], [11, 22, 12, 23], [20, 13, 21, 14], [15, 1, 16, 24], [17, 8, 18, 9]]"
12n_0463_66,"[[17, 8, 18, 9], [4, 20, 5, 19], [21, 3, 22, 2], [23, 19, 24, 18], [1, 6, 2, 7], [12, 3, 13, 4], [5, 14, 6, 15], [7, 11, 8, 10], [9, 16, 10, 17], [11, 22, 12, 23], [20, 13, 21, 14], [15, 1, 16, 24]]"
12n_0463_67,"[[15, 1, 16, 24], [17, 8, 18, 9], [4, 20, 5, 19], [21, 3, 22, 2], [23, 19, 24, 18], [1, 6, 2, 7], [12, 3, 13, 4], [5, 14, 6, 15], [7, 11, 8, 10], [9, 16, 10, 17], [11, 22, 12, 23], [20, 13, 21, 14]]"
12n_0463_68,"[[20, 13, 21, 14], [15, 1, 16, 24], [17, 8, 18, 9], [4, 20, 5, 19], [21, 3, 22, 2], [23, 19, 24, 18], [1, 6, 2, 7], [12, 3, 13, 4], [5, 14, 6, 15], [7, 11, 8, 10], [9, 16, 10, 17], [11, 22, 12, 23]]"
12n_0463_69,"[[11, 22, 12, 23], [20, 13, 21, 14], [15, 1, 16, 24], [17, 8, 18, 9], [4, 20, 5, 19], [21, 3, 22, 2], [23, 19, 24, 18], [1, 6, 2, 7], [12, 3, 13, 4], [5, 14, 6, 15], [7, 11, 8, 10], [9, 16, 10, 17]]"
12n_0463_70,"[[9, 16, 10, 17], [11, 22, 12, 23], [20, 13, 21, 14], [15, 1, 16, 24], [17, 8, 18, 9], [4, 20, 5, 19], [21, 3, 22, 2], [23, 19, 24, 18], [1, 6, 2, 7], [12, 3, 13, 4], [5, 14, 6, 15], [7, 11, 8, 10]]"
12n_0463_71,"[[7, 11, 8, 10], [9, 16, 10, 17], [11, 22, 12, 23], [20, 13, 21, 14], [15, 1, 16, 24], [17, 8, 18, 9], [4, 20, 5, 19], [21, 3, 22, 2], [23, 19, 24, 18], [1, 6, 2, 7], [12, 3, 13, 4], [5, 14, 6, 15]]"
12n_0463_72,"[[6, 15, 7, 16], [8, 12, 9, 11], [10, 17, 11, 18], [12, 23, 13, 24], [21, 14, 22, 15], [16, 2, 17, 1], [18, 9, 19, 10], [5, 21, 6, 20], [22, 4, 23, 3], [24, 20, 1, 19], [2, 7, 3, 8], [13, 4, 14, 5]]"
12n_0463_73,"[[13, 4, 14, 5], [6, 15, 7, 16], [8, 12, 9, 11], [10, 17, 11, 18], [12, 23, 13, 24], [21, 14, 22, 15], [16, 2, 17, 1], [18, 9, 19, 10], [5, 21, 6, 20], [22, 4, 23, 3], [24, 20, 1, 19], [2, 7, 3, 8]]"
12n_0463_74,"[[2, 7, 3, 8], [13, 4, 14, 5], [6, 15, 7, 16], [8, 12, 9, 11], [10, 17, 11, 18], [12, 23, 13, 24], [21, 14, 22, 15], [16, 2, 17, 1], [18, 9, 19, 10], [5, 21, 6, 20], [22, 4, 23, 3], [24, 20, 1, 19]]"
12n_0463_75,"[[24, 20, 1, 19], [2, 7, 3, 8], [13, 4, 14, 5], [6, 15, 7, 16], [8, 12, 9, 11], [10, 17, 11, 18], [12, 23, 13, 24], [21, 14, 22, 15], [16, 2, 17, 1], [18, 9, 19, 10], [5, 21, 6, 20], [22, 4, 23, 3]]"
12n_0463_76,"[[22, 4, 23, 3], [24, 20, 1, 19], [2, 7, 3, 8], [13, 4, 14, 5], [6, 15, 7, 16], [8, 12, 9, 11], [10, 17, 11, 18], [12, 23, 13, 24], [21, 14, 22, 15], [16, 2, 17, 1], [18, 9, 19, 10], [5, 21, 6, 20]]"
12n_0463_77,"[[5, 21, 6, 20], [22, 4, 23, 3], [24, 20, 1, 19], [2, 7, 3, 8], [13, 4, 14, 5], [6, 15, 7, 16], [8, 12, 9, 11], [10, 17, 11, 18], [12, 23, 13, 24], [21, 14, 22, 15], [16, 2, 17, 1], [18, 9, 19, 10]]"
12n_0463_78,"[[18, 9, 19, 10], [5, 21, 6, 20], [22, 4, 23, 3], [24, 20, 1, 19], [2, 7, 3, 8], [13, 4, 14, 5], [6, 15, 7, 16], [8, 12, 9, 11], [10, 17, 11, 18], [12, 23, 13, 24], [21, 14, 22, 15], [16, 2, 17, 1]]"
12n_0463_79,"[[16, 2, 17, 1], [18, 9, 19, 10], [5, 21, 6, 20], [22, 4, 23, 3], [24, 20, 1, 19], [2, 7, 3, 8], [13, 4, 14, 5], [6, 15, 7, 16], [8, 12, 9, 11], [10, 17, 11, 18], [12, 23, 13, 24], [21, 14, 22, 15]]"
12n_0463_80,"[[21, 14, 22, 15], [16, 2, 17, 1], [18, 9, 19, 10], [5, 21, 6, 20], [22, 4, 23, 3], [24, 20, 1, 19], [2, 7, 3, 8], [13, 4, 14, 5], [6, 15, 7, 16], [8, 12, 9, 11], [10, 17, 11, 18], [12, 23, 13, 24]]"
12n_0463_81,"[[12, 23, 13, 24], [21, 14, 22, 15], [16, 2, 17, 1], [18, 9, 19, 10], [5, 21, 6, 20], [22, 4, 23, 3], [24, 20, 1, 19], [2, 7, 3, 8], [13, 4, 14, 5], [6, 15, 7, 16], [8, 12, 9, 11], [10, 17, 11, 18]]"
12n_0463_82,"[[10, 17, 11, 18], [12, 23, 13, 24], [21, 14, 22, 15], [16, 2, 17, 1], [18, 9, 19, 10], [5, 21, 6, 20], [22, 4, 23, 3], [24, 20, 1, 19], [2, 7, 3, 8], [13, 4, 14, 5], [6, 15, 7, 16], [8, 12, 9, 11]]"
12n_0463_83,"[[8, 12, 9, 11], [10, 17, 11, 18], [12, 23, 13, 24], [21, 14, 22, 15], [16, 2, 17, 1], [18, 9, 19, 10], [5, 21, 6, 20], [22, 4, 23, 3], [24, 20, 1, 19], [2, 7, 3, 8], [13, 4, 14, 5], [6, 15, 7, 16]]"
12n_0463_84,"[[7, 16, 8, 17], [9, 13, 10, 12], [11, 18, 12, 19], [13, 24, 14, 1], [22, 15, 23, 16], [17, 3, 18, 2], [19, 10, 20, 11], [6, 22, 7, 21], [23, 5, 24, 4], [1, 21, 2, 20], [3, 8, 4, 9], [14, 5, 15, 6]]"
12n_0463_85,"[[14, 5, 15, 6], [7, 16, 8, 17], [9, 13, 10, 12], [11, 18, 12, 19], [13, 24, 14, 1], [22, 15, 23, 16], [17, 3, 18, 2], [19, 10, 20, 11], [6, 22, 7, 21], [23, 5, 24, 4], [1, 21, 2, 20], [3, 8, 4, 9]]"
12n_0463_86,"[[3, 8, 4, 9], [14, 5, 15, 6], [7, 16, 8, 17], [9, 13, 10, 12], [11, 18, 12, 19], [13, 24, 14, 1], [22, 15, 23, 16], [17, 3, 18, 2], [19, 10, 20, 11], [6, 22, 7, 21], [23, 5, 24, 4], [1, 21, 2, 20]]"
12n_0463_87,"[[1, 21, 2, 20], [3, 8, 4, 9], [14, 5, 15, 6], [7, 16, 8, 17], [9, 13, 10, 12], [11, 18, 12, 19], [13, 24, 14, 1], [22, 15, 23, 16], [17, 3, 18, 2], [19, 10, 20, 11], [6, 22, 7, 21], [23, 5, 24, 4]]"
12n_0463_88,"[[23, 5, 24, 4], [1, 21, 2, 20], [3, 8, 4, 9], [14, 5, 15, 6], [7, 16, 8, 17], [9, 13, 10, 12], [11, 18, 12, 19], [13, 24, 14, 1], [22, 15, 23, 16], [17, 3, 18, 2], [19, 10, 20, 11], [6, 22, 7, 21]]"
12n_0463_89,"[[6, 22, 7, 21], [23, 5, 24, 4], [1, 21, 2, 20], [3, 8, 4, 9], [14, 5, 15, 6], [7, 16, 8, 17], [9, 13, 10, 12], [11, 18, 12, 19], [13, 24, 14, 1], [22, 15, 23, 16], [17, 3, 18, 2], [19, 10, 20, 11]]"
12n_0463_90,"[[19, 10, 20, 11], [6, 22, 7, 21], [23, 5, 24, 4], [1, 21, 2, 20], [3, 8, 4, 9], [14, 5, 15, 6], [7, 16, 8, 17], [9, 13, 10, 12], [11, 18, 12, 19], [13, 24, 14, 1], [22, 15, 23, 16], [17, 3, 18, 2]]"
12n_0463_91,"[[17, 3, 18, 2], [19, 10, 20, 11], [6, 22, 7, 21], [23, 5, 24, 4], [1, 21, 2, 20], [3, 8, 4, 9], [14, 5, 15, 6], [7, 16, 8, 17], [9, 13, 10, 12], [11, 18, 12, 19], [13, 24, 14, 1], [22, 15, 23, 16]]"
12n_0463_92,"[[22, 15, 23, 16], [17, 3, 18, 2], [19, 10, 20, 11], [6, 22, 7, 21], [23, 5, 24, 4], [1, 21, 2, 20], [3, 8, 4, 9], [14, 5, 15, 6], [7, 16, 8, 17], [9, 13, 10, 12], [11, 18, 12, 19], [13, 24, 14, 1]]"
12n_0463_93,"[[13, 24, 14, 1], [22, 15, 23, 16], [17, 3, 18, 2], [19, 10, 20, 11], [6, 22, 7, 21], [23, 5, 24, 4], [1, 21, 2, 20], [3, 8, 4, 9], [14, 5, 15, 6], [7, 16, 8, 17], [9, 13, 10, 12], [11, 18, 12, 19]]"
12n_0463_94,"[[11, 18, 12, 19], [13, 24, 14, 1], [22, 15, 23, 16], [17, 3, 18, 2], [19, 10, 20, 11], [6, 22, 7, 21], [23, 5, 24, 4], [1, 21, 2, 20], [3, 8, 4, 9], [14, 5, 15, 6], [7, 16, 8, 17], [9, 13, 10, 12]]"
12n_0463_95,"[[9, 13, 10, 12], [11, 18, 12, 19], [13, 24, 14, 1], [22, 15, 23, 16], [17, 3, 18, 2], [19, 10, 20, 11], [6, 22, 7, 21], [23, 5, 24, 4], [1, 21, 2, 20], [3, 8, 4, 9], [14, 5, 15, 6], [7, 16, 8, 17]]"
12n_0463_96,"[[8, 17, 9, 18], [10, 14, 11, 13], [12, 19, 13, 20], [14, 1, 15, 2], [23, 16, 24, 17], [18, 4, 19, 3], [20, 11, 21, 12], [7, 23, 8, 22], [24, 6, 1, 5], [2, 22, 3, 21], [4, 9, 5, 10], [15, 6, 16, 7]]"
12n_0463_97,"[[15, 6, 16, 7], [8, 17, 9, 18], [10, 14, 11, 13], [12, 19, 13, 20], [14, 1, 15, 2], [23, 16, 24, 17], [18, 4, 19, 3], [20, 11, 21, 12], [7, 23, 8, 22], [24, 6, 1, 5], [2, 22, 3, 21], [4, 9, 5, 10]]"
12n_0463_98,"[[4, 9, 5, 10], [15, 6, 16, 7], [8, 17, 9, 18], [10, 14, 11, 13], [12, 19, 13, 20], [14, 1, 15, 2], [23, 16, 24, 17], [18, 4, 19, 3], [20, 11, 21, 12], [7, 23, 8, 22], [24, 6, 1, 5], [2, 22, 3, 21]]"
12n_0463_99,"[[2, 22, 3, 21], [4, 9, 5, 10], [15, 6, 16, 7], [8, 17, 9, 18], [10, 14, 11, 13], [12, 19, 13, 20], [14, 1, 15, 2], [23, 16, 24, 17], [18, 4, 19, 3], [20, 11, 21, 12], [7, 23, 8, 22], [24, 6, 1, 5]]"
12n_0463_100,"[[24, 6, 1, 5], [2, 22, 3, 21], [4, 9, 5, 10], [15, 6, 16, 7], [8, 17, 9, 18], [10, 14, 11, 13], [12, 19, 13, 20], [14, 1, 15, 2], [23, 16, 24, 17], [18, 4, 19, 3], [20, 11, 21, 12], [7, 23, 8, 22]]"
12n_0463_101,"[[7, 23, 8, 22], [24, 6, 1, 5], [2, 22, 3, 21], [4, 9, 5, 10], [15, 6, 16, 7], [8, 17, 9, 18], [10, 14, 11, 13], [12, 19, 13, 20], [14, 1, 15, 2], [23, 16, 24, 17], [18, 4, 19, 3], [20, 11, 21, 12]]"
12n_0463_102,"[[20, 11, 21, 12], [7, 23, 8, 22], [24, 6, 1, 5], [2, 22, 3, 21], [4, 9, 5, 10], [15, 6, 16, 7], [8, 17, 9, 18], [10, 14, 11, 13], [12, 19, 13, 20], [14, 1, 15, 2], [23, 16, 24, 17], [18, 4, 19, 3]]"
12n_0463_103,"[[18, 4, 19, 3], [20, 11, 21, 12], [7, 23, 8, 22], [24, 6, 1, 5], [2, 22, 3, 21], [4, 9, 5, 10], [15, 6, 16, 7], [8, 17, 9, 18], [10, 14, 11, 13], [12, 19, 13, 20], [14, 1, 15, 2], [23, 16, 24, 17]]"
12n_0463_104,"[[23, 16, 24, 17], [18, 4, 19, 3], [20, 11, 21, 12], [7, 23, 8, 22], [24, 6, 1, 5], [2, 22, 3, 21], [4, 9, 5, 10], [15, 6, 16, 7], [8, 17, 9, 18], [10, 14, 11, 13], [12, 19, 13, 20], [14, 1, 15, 2]]"
12n_0463_105,"[[14, 1, 15, 2], [23, 16, 24, 17], [18, 4, 19, 3], [20, 11, 21, 12], [7, 23, 8, 22], [24, 6, 1, 5], [2, 22, 3, 21], [4, 9, 5, 10], [15, 6, 16, 7], [8, 17, 9, 18], [10, 14, 11, 13], [12, 19, 13, 20]]"
12n_0463_106,"[[12, 19, 13, 20], [14, 1, 15, 2], [23, 16, 24, 17], [18, 4, 19, 3], [20, 11, 21, 12], [7, 23, 8, 22], [24, 6, 1, 5], [2, 22, 3, 21], [4, 9, 5, 10], [15, 6, 16, 7], [8, 17, 9, 18], [10, 14, 11, 13]]"
12n_0463_107,"[[10, 14, 11, 13], [12, 19, 13, 20], [14, 1, 15, 2], [23, 16, 24, 17], [18, 4, 19, 3], [20, 11, 21, 12], [7, 23, 8, 22], [24, 6, 1, 5], [2, 22, 3, 21], [4, 9, 5, 10], [15, 6, 16, 7], [8, 17, 9, 18]]"
12n_0463_108,"[[9, 18, 10, 19], [11, 15, 12, 14], [13, 20, 14, 21], [15, 2, 16, 3], [24, 17, 1, 18], [19, 5, 20, 4], [21, 12, 22, 13], [8, 24, 9, 23], [1, 7, 2, 6], [3, 23, 4, 22], [5, 10, 6, 11], [16, 7, 17, 8]]"
12n_0463_109,"[[16, 7, 17, 8], [9, 18, 10, 19], [11, 15, 12, 14], [13, 20, 14, 21], [15, 2, 16, 3], [24, 17, 1, 18], [19, 5, 20, 4], [21, 12, 22, 13], [8, 24, 9, 23], [1, 7, 2, 6], [3, 23, 4, 22], [5, 10, 6, 11]]"
12n_0463_110,"[[5, 10, 6, 11], [16, 7, 17, 8], [9, 18, 10, 19], [11, 15, 12, 14], [13, 20, 14, 21], [15, 2, 16, 3], [24, 17, 1, 18], [19, 5, 20, 4], [21, 12, 22, 13], [8, 24, 9, 23], [1, 7, 2, 6], [3, 23, 4, 22]]"
12n_0463_111,"[[3, 23, 4, 22], [5, 10, 6, 11], [16, 7, 17, 8], [9, 18, 10, 19], [11, 15, 12, 14], [13, 20, 14, 21], [15, 2, 16, 3], [24, 17, 1, 18], [19, 5, 20, 4], [21, 12, 22, 13], [8, 24, 9, 23], [1, 7, 2, 6]]"
12n_0463_112,"[[1, 7, 2, 6], [3, 23, 4, 22], [5, 10, 6, 11], [16, 7, 17, 8], [9, 18, 10, 19], [11, 15, 12, 14], [13, 20, 14, 21], [15, 2, 16, 3], [24, 17, 1, 18], [19, 5, 20, 4], [21, 12, 22, 13], [8, 24, 9, 23]]"
12n_0463_113,"[[8, 24, 9, 23], [1, 7, 2, 6], [3, 23, 4, 22], [5, 10, 6, 11], [16, 7, 17, 8], [9, 18, 10, 19], [11, 15, 12, 14], [13, 20, 14, 21], [15, 2, 16, 3], [24, 17, 1, 18], [19, 5, 20, 4], [21, 12, 22, 13]]"
12n_0463_114,"[[21, 12, 22, 13], [8, 24, 9, 23], [1, 7, 2, 6], [3, 23, 4, 22], [5, 10, 6, 11], [16, 7, 17, 8], [9, 18, 10, 19], [11, 15, 12, 14], [13, 20, 14, 21], [15, 2, 16, 3], [24, 17, 1, 18], [19, 5, 20, 4]]"
12n_0463_115,"[[19, 5, 20, 4], [21, 12, 22, 13], [8, 24, 9, 23], [1, 7, 2, 6], [3, 23, 4, 22], [5, 10, 6, 11], [16, 7, 17, 8], [9, 18, 10, 19], [11, 15, 12, 14], [13, 20, 14, 21], [15, 2, 16, 3], [24, 17, 1, 18]]"
12n_0463_116,"[[24, 17, 1, 18], [19, 5, 20, 4], [21, 12, 22, 13], [8, 24, 9, 23], [1, 7, 2, 6], [3, 23, 4, 22], [5, 10, 6, 11], [16, 7, 17, 8], [9, 18, 10, 19], [11, 15, 12, 14], [13, 20, 14, 21], [15, 2, 16, 3]]"
12n_0463_117,"[[15, 2, 16, 3], [24, 17, 1, 18], [19, 5, 20, 4], [21, 12, 22, 13], [8, 24, 9, 23], [1, 7, 2, 6], [3, 23, 4, 22], [5, 10, 6, 11], [16, 7, 17, 8], [9, 18, 10, 19], [11, 15, 12, 14], [13, 20, 14, 21]]"
12n_0463_118,"[[13, 20, 14, 21], [15, 2, 16, 3], [24, 17, 1, 18], [19, 5, 20, 4], [21, 12, 22, 13], [8, 24, 9, 23], [1, 7, 2, 6], [3, 23, 4, 22], [5, 10, 6, 11], [16, 7, 17, 8], [9, 18, 10, 19], [11, 15, 12, 14]]"
12n_0463_119,"[[11, 15, 12, 14], [13, 20, 14, 21], [15, 2, 16, 3], [24, 17, 1, 18], [19, 5, 20, 4], [21, 12, 22, 13], [8, 24, 9, 23], [1, 7, 2, 6], [3, 23, 4, 22], [5, 10, 6, 11], [16, 7, 17, 8], [9, 18, 10, 19]]"
12n_0463_120,"[[10, 19, 11, 20], [12, 16, 13, 15], [14, 21, 15, 22], [16, 3, 17, 4], [1, 18, 2, 19], [20, 6, 21, 5], [22, 13, 23, 14], [9, 1, 10, 24], [2, 8, 3, 7], [4, 24, 5, 23], [6, 11, 7, 12], [17, 8, 18, 9]]"
12n_0463_121,"[[17, 8, 18, 9], [10, 19, 11, 20], [12, 16, 13, 15], [14, 21, 15, 22], [16, 3, 17, 4], [1, 18, 2, 19], [20, 6, 21, 5], [22, 13, 23, 14], [9, 1, 10, 24], [2, 8, 3, 7], [4, 24, 5, 23], [6, 11, 7, 12]]"
12n_0463_122,"[[6, 11, 7, 12], [17, 8, 18, 9], [10, 19, 11, 20], [12, 16, 13, 15], [14, 21, 15, 22], [16, 3, 17, 4], [1, 18, 2, 19], [20, 6, 21, 5], [22, 13, 23, 14], [9, 1, 10, 24], [2, 8, 3, 7], [4, 24, 5, 23]]"
12n_0463_123,"[[4, 24, 5, 23], [6, 11, 7, 12], [17, 8, 18, 9], [10, 19, 11, 20], [12, 16, 13, 15], [14, 21, 15, 22], [16, 3, 17, 4], [1, 18, 2, 19], [20, 6, 21, 5], [22, 13, 23, 14], [9, 1, 10, 24], [2, 8, 3, 7]]"
12n_0463_124,"[[2, 8, 3, 7], [4, 24, 5, 23], [6, 11, 7, 12], [17, 8, 18, 9], [10, 19, 11, 20], [12, 16, 13, 15], [14, 21, 15, 22], [16, 3, 17, 4], [1, 18, 2, 19], [20, 6, 21, 5], [22, 13, 23, 14], [9, 1, 10, 24]]"
12n_0463_125,"[[9, 1, 10, 24], [2, 8, 3, 7], [4, 24, 5, 23], [6, 11, 7, 12], [17, 8, 18, 9], [10, 19, 11, 20], [12, 16, 13, 15], [14, 21, 15, 22], [16, 3, 17, 4], [1, 18, 2, 19], [20, 6, 21, 5], [22, 13, 23, 14]]"
12n_0463_126,"[[22, 13, 23, 14], [9, 1, 10, 24], [2, 8, 3, 7], [4, 24, 5, 23], [6, 11, 7, 12], [17, 8, 18, 9], [10, 19, 11, 20], [12, 16, 13, 15], [14, 21, 15, 22], [16, 3, 17, 4], [1, 18, 2, 19], [20, 6, 21, 5]]"
12n_0463_127,"[[20, 6, 21, 5], [22, 13, 23, 14], [9, 1, 10, 24], [2, 8, 3, 7], [4, 24, 5, 23], [6, 11, 7, 12], [17, 8, 18, 9], [10, 19, 11, 20], [12, 16, 13, 15], [14, 21, 15, 22], [16, 3, 17, 4], [1, 18, 2, 19]]"
12n_0463_128,"[[1, 18, 2, 19], [20, 6, 21, 5], [22, 13, 23, 14], [9, 1, 10, 24], [2, 8, 3, 7], [4, 24, 5, 23], [6, 11, 7, 12], [17, 8, 18, 9], [10, 19, 11, 20], [12, 16, 13, 15], [14, 21, 15, 22], [16, 3, 17, 4]]"
12n_0463_129,"[[16, 3, 17, 4], [1, 18, 2, 19], [20, 6, 21, 5], [22, 13, 23, 14], [9, 1, 10, 24], [2, 8, 3, 7], [4, 24, 5, 23], [6, 11, 7, 12], [17, 8, 18, 9], [10, 19, 11, 20], [12, 16, 13, 15], [14, 21, 15, 22]]"
12n_0463_130,"[[14, 21, 15, 22], [16, 3, 17, 4], [1, 18, 2, 19], [20, 6, 21, 5], [22, 13, 23, 14], [9, 1, 10, 24], [2, 8, 3, 7], [4, 24, 5, 23], [6, 11, 7, 12], [17, 8, 18, 9], [10, 19, 11, 20], [12, 16, 13, 15]]"
12n_0463_131,"[[12, 16, 13, 15], [14, 21, 15, 22], [16, 3, 17, 4], [1, 18, 2, 19], [20, 6, 21, 5], [22, 13, 23, 14], [9, 1, 10, 24], [2, 8, 3, 7], [4, 24, 5, 23], [6, 11, 7, 12], [17, 8, 18, 9], [10, 19, 11, 20]]"
12n_0463_132,"[[11, 20, 12, 21], [13, 17, 14, 16], [15, 22, 16, 23], [17, 4, 18, 5], [2, 19, 3, 20], [21, 7, 22, 6], [23, 14, 24, 15], [10, 2, 11, 1], [3, 9, 4, 8], [5, 1, 6, 24], [7, 12, 8, 13], [18, 9, 19, 10]]"
12n_0463_133,"[[18, 9, 19, 10], [11, 20, 12, 21], [13, 17, 14, 16], [15, 22, 16, 23], [17, 4, 18, 5], [2, 19, 3, 20], [21, 7, 22, 6], [23, 14, 24, 15], [10, 2, 11, 1], [3, 9, 4, 8], [5, 1, 6, 24], [7, 12, 8, 13]]"
12n_0463_134,"[[7, 12, 8, 13], [18, 9, 19, 10], [11, 20, 12, 21], [13, 17, 14, 16], [15, 22, 16, 23], [17, 4, 18, 5], [2, 19, 3, 20], [21, 7, 22, 6], [23, 14, 24, 15], [10, 2, 11, 1], [3, 9, 4, 8], [5, 1, 6, 24]]"
12n_0463_135,"[[5, 1, 6, 24], [7, 12, 8, 13], [18, 9, 19, 10], [11, 20, 12, 21], [13, 17, 14, 16], [15, 22, 16, 23], [17, 4, 18, 5], [2, 19, 3, 20], [21, 7, 22, 6], [23, 14, 24, 15], [10, 2, 11, 1], [3, 9, 4, 8]]"
12n_0463_136,"[[3, 9, 4, 8], [5, 1, 6, 24], [7, 12, 8, 13], [18, 9, 19, 10], [11, 20, 12, 21], [13, 17, 14, 16], [15, 22, 16, 23], [17, 4, 18, 5], [2, 19, 3, 20], [21, 7, 22, 6], [23, 14, 24, 15], [10, 2, 11, 1]]"
12n_0463_137,"[[10, 2, 11, 1], [3, 9, 4, 8], [5, 1, 6, 24], [7, 12, 8, 13], [18, 9, 19, 10], [11, 20, 12, 21], [13, 17, 14, 16], [15, 22, 16, 23], [17, 4, 18, 5], [2, 19, 3, 20], [21, 7, 22, 6], [23, 14, 24, 15]]"
12n_0463_138,"[[23, 14, 24, 15], [10, 2, 11, 1], [3, 9, 4, 8], [5, 1, 6, 24], [7, 12, 8, 13], [18, 9, 19, 10], [11, 20, 12, 21], [13, 17, 14, 16], [15, 22, 16, 23], [17, 4, 18, 5], [2, 19, 3, 20], [21, 7, 22, 6]]"
12n_0463_139,"[[21, 7, 22, 6], [23, 14, 24, 15], [10, 2, 11, 1], [3, 9, 4, 8], [5, 1, 6, 24], [7, 12, 8, 13], [18, 9, 19, 10], [11, 20, 12, 21], [13, 17, 14, 16], [15, 22, 16, 23], [17, 4, 18, 5], [2, 19, 3, 20]]"
12n_0463_140,"[[2, 19, 3, 20], [21, 7, 22, 6], [23, 14, 24, 15], [10, 2, 11, 1], [3, 9, 4, 8], [5, 1, 6, 24], [7, 12, 8, 13], [18, 9, 19, 10], [11, 20, 12, 21], [13, 17, 14, 16], [15, 22, 16, 23], [17, 4, 18, 5]]"
12n_0463_141,"[[17, 4, 18, 5], [2, 19, 3, 20], [21, 7, 22, 6], [23, 14, 24, 15], [10, 2, 11, 1], [3, 9, 4, 8], [5, 1, 6, 24], [7, 12, 8, 13], [18, 9, 19, 10], [11, 20, 12, 21], [13, 17, 14, 16], [15, 22, 16, 23]]"
12n_0463_142,"[[15, 22, 16, 23], [17, 4, 18, 5], [2, 19, 3, 20], [21, 7, 22, 6], [23, 14, 24, 15], [10, 2, 11, 1], [3, 9, 4, 8], [5, 1, 6, 24], [7, 12, 8, 13], [18, 9, 19, 10], [11, 20, 12, 21], [13, 17, 14, 16]]"
12n_0463_143,"[[13, 17, 14, 16], [15, 22, 16, 23], [17, 4, 18, 5], [2, 19, 3, 20], [21, 7, 22, 6], [23, 14, 24, 15], [10, 2, 11, 1], [3, 9, 4, 8], [5, 1, 6, 24], [7, 12, 8, 13], [18, 9, 19, 10], [11, 20, 12, 21]]"
12n_0463_144,"[[12, 21, 13, 22], [14, 18, 15, 17], [16, 23, 17, 24], [18, 5, 19, 6], [3, 20, 4, 21], [22, 8, 23, 7], [24, 15, 1, 16], [11, 3, 12, 2], [4, 10, 5, 9], [6, 2, 7, 1], [8, 13, 9, 14], [19, 10, 20, 11]]"
12n_0463_145,"[[19, 10, 20, 11], [12, 21, 13, 22], [14, 18, 15, 17], [16, 23, 17, 24], [18, 5, 19, 6], [3, 20, 4, 21], [22, 8, 23, 7], [24, 15, 1, 16], [11, 3, 12, 2], [4, 10, 5, 9], [6, 2, 7, 1], [8, 13, 9, 14]]"
12n_0463_146,"[[8, 13, 9, 14], [19, 10, 20, 11], [12, 21, 13, 22], [14, 18, 15, 17], [16, 23, 17, 24], [18, 5, 19, 6], [3, 20, 4, 21], [22, 8, 23, 7], [24, 15, 1, 16], [11, 3, 12, 2], [4, 10, 5, 9], [6, 2, 7, 1]]"
12n_0463_147,"[[6, 2, 7, 1], [8, 13, 9, 14], [19, 10, 20, 11], [12, 21, 13, 22], [14, 18, 15, 17], [16, 23, 17, 24], [18, 5, 19, 6], [3, 20, 4, 21], [22, 8, 23, 7], [24, 15, 1, 16], [11, 3, 12, 2], [4, 10, 5, 9]]"
12n_0463_148,"[[4, 10, 5, 9], [6, 2, 7, 1], [8, 13, 9, 14], [19, 10, 20, 11], [12, 21, 13, 22], [14, 18, 15, 17], [16, 23, 17, 24], [18, 5, 19, 6], [3, 20, 4, 21], [22, 8, 23, 7], [24, 15, 1, 16], [11, 3, 12, 2]]"
12n_0463_149,"[[11, 3, 12, 2], [4, 10, 5, 9], [6, 2, 7, 1], [8, 13, 9, 14], [19, 10, 20, 11], [12, 21, 13, 22], [14, 18, 15, 17], [16, 23, 17, 24], [18, 5, 19, 6], [3, 20, 4, 21], [22, 8, 23, 7], [24, 15, 1, 16]]"
12n_0463_150,"[[24, 15, 1, 16], [11, 3, 12, 2], [4, 10, 5, 9], [6, 2, 7, 1], [8, 13, 9, 14], [19, 10, 20, 11], [12, 21, 13, 22], [14, 18, 15, 17], [16, 23, 17, 24], [18, 5, 19, 6], [3, 20, 4, 21], [22, 8, 23, 7]]"
12n_0463_151,"[[22, 8, 23, 7], [24, 15, 1, 16], [11, 3, 12, 2], [4, 10, 5, 9], [6, 2, 7, 1], [8, 13, 9, 14], [19, 10, 20, 11], [12, 21, 13, 22], [14, 18, 15, 17], [16, 23, 17, 24], [18, 5, 19, 6], [3, 20, 4, 21]]"
12n_0463_152,"[[3, 20, 4, 21], [22, 8, 23, 7], [24, 15, 1, 16], [11, 3, 12, 2], [4, 10, 5, 9], [6, 2, 7, 1], [8, 13, 9, 14], [19, 10, 20, 11], [12, 21, 13, 22], [14, 18, 15, 17], [16, 23, 17, 24], [18, 5, 19, 6]]"
12n_0463_153,"[[18, 5, 19, 6], [3, 20, 4, 21], [22, 8, 23, 7], [24, 15, 1, 16], [11, 3, 12, 2], [4, 10, 5, 9], [6, 2, 7, 1], [8, 13, 9, 14], [19, 10, 20, 11], [12, 21, 13, 22], [14, 18, 15, 17], [16, 23, 17, 24]]"
12n_0463_154,"[[16, 23, 17, 24], [18, 5, 19, 6], [3, 20, 4, 21], [22, 8, 23, 7], [24, 15, 1, 16], [11, 3, 12, 2], [4, 10, 5, 9], [6, 2, 7, 1], [8, 13, 9, 14], [19, 10, 20, 11], [12, 21, 13, 22], [14, 18, 15, 17]]"
12n_0463_155,"[[14, 18, 15, 17], [16, 23, 17, 24], [18, 5, 19, 6], [3, 20, 4, 21], [22, 8, 23, 7], [24, 15, 1, 16], [11, 3, 12, 2], [4, 10, 5, 9], [6, 2, 7, 1], [8, 13, 9, 14], [19, 10, 20, 11], [12, 21, 13, 22]]"
12n_0463_156,"[[13, 22, 14, 23], [15, 19, 16, 18], [17, 24, 18, 1], [19, 6, 20, 7], [4, 21, 5, 22], [23, 9, 24, 8], [1, 16, 2, 17], [12, 4, 13, 3], [5, 11, 6, 10], [7, 3, 8, 2], [9, 14, 10, 15], [20, 11, 21, 12]]"
12n_0463_157,"[[20, 11, 21, 12], [13, 22, 14, 23], [15, 19, 16, 18], [17, 24, 18, 1], [19, 6, 20, 7], [4, 21, 5, 22], [23, 9, 24, 8], [1, 16, 2, 17], [12, 4, 13, 3], [5, 11, 6, 10], [7, 3, 8, 2], [9, 14, 10, 15]]"
12n_0463_158,"[[9, 14, 10, 15], [20, 11, 21, 12], [13, 22, 14, 23], [15, 19, 16, 18], [17, 24, 18, 1], [19, 6, 20, 7], [4, 21, 5, 22], [23, 9, 24, 8], [1, 16, 2, 17], [12, 4, 13, 3], [5, 11, 6, 10], [7, 3, 8, 2]]"
12n_0463_159,"[[7, 3, 8, 2], [9, 14, 10, 15], [20, 11, 21, 12], [13, 22, 14, 23], [15, 19, 16, 18], [17, 24, 18, 1], [19, 6, 20, 7], [4, 21, 5, 22], [23, 9, 24, 8], [1, 16, 2, 17], [12, 4, 13, 3], [5, 11, 6, 10]]"
12n_0463_160,"[[5, 11, 6, 10], [7, 3, 8, 2], [9, 14, 10, 15], [20, 11, 21, 12], [13, 22, 14, 23], [15, 19, 16, 18], [17, 24, 18, 1], [19, 6, 20, 7], [4, 21, 5, 22], [23, 9, 24, 8], [1, 16, 2, 17], [12, 4, 13, 3]]"
12n_0463_161,"[[12, 4, 13, 3], [5, 11, 6, 10], [7, 3, 8, 2], [9, 14, 10, 15], [20, 11, 21, 12], [13, 22, 14, 23], [15, 19, 16, 18], [17, 24, 18, 1], [19, 6, 20, 7], [4, 21, 5, 22], [23, 9, 24, 8], [1, 16, 2, 17]]"
12n_0463_162,"[[1, 16, 2, 17], [12, 4, 13, 3], [5, 11, 6, 10], [7, 3, 8, 2], [9, 14, 10, 15], [20, 11, 21, 12], [13, 22, 14, 23], [15, 19, 16, 18], [17, 24, 18, 1], [19, 6, 20, 7], [4, 21, 5, 22], [23, 9, 24, 8]]"
12n_0463_163,"[[23, 9, 24, 8], [1, 16, 2, 17], [12, 4, 13, 3], [5, 11, 6, 10], [7, 3, 8, 2], [9, 14, 10, 15], [20, 11, 21, 12], [13, 22, 14, 23], [15, 19, 16, 18], [17, 24, 18, 1], [19, 6, 20, 7], [4, 21, 5, 22]]"
12n_0463_164,"[[4, 21, 5, 22], [23, 9, 24, 8], [1, 16, 2, 17], [12, 4, 13, 3], [5, 11, 6, 10], [7, 3, 8, 2], [9, 14, 10, 15], [20, 11, 21, 12], [13, 22, 14, 23], [15, 19, 16, 18], [17, 24, 18, 1], [19, 6, 20, 7]]"
12n_0463_165,"[[19, 6, 20, 7], [4, 21, 5, 22], [23, 9, 24, 8], [1, 16, 2, 17], [12, 4, 13, 3], [5, 11, 6, 10], [7, 3, 8, 2], [9, 14, 10, 15], [20, 11, 21, 12], [13, 22, 14, 23], [15, 19, 16, 18], [17, 24, 18, 1]]"
12n_0463_166,"[[17, 24, 18, 1], [19, 6, 20, 7], [4, 21, 5, 22], [23, 9, 24, 8], [1, 16, 2, 17], [12, 4, 13, 3], [5, 11, 6, 10], [7, 3, 8, 2], [9, 14, 10, 15], [20, 11, 21, 12], [13, 22, 14, 23], [15, 19, 16, 18]]"
12n_0463_167,"[[15, 19, 16, 18], [17, 24, 18, 1], [19, 6, 20, 7], [4, 21, 5, 22], [23, 9, 24, 8], [1, 16, 2, 17], [12, 4, 13, 3], [5, 11, 6, 10], [7, 3, 8, 2], [9, 14, 10, 15], [20, 11, 21, 12], [13, 22, 14, 23]]"
12n_0463_168,"[[14, 23, 15, 24], [16, 20, 17, 19], [18, 1, 19, 2], [20, 7, 21, 8], [5, 22, 6, 23], [24, 10, 1, 9], [2, 17, 3, 18], [13, 5, 14, 4], [6, 12, 7, 11], [8, 4, 9, 3], [10, 15, 11, 16], [21, 12, 22, 13]]"
12n_0463_169,"[[21, 12, 22, 13], [14, 23, 15, 24], [16, 20, 17, 19], [18, 1, 19, 2], [20, 7, 21, 8], [5, 22, 6, 23], [24, 10, 1, 9], [2, 17, 3, 18], [13, 5, 14, 4], [6, 12, 7, 11], [8, 4, 9, 3], [10, 15, 11, 16]]"
12n_0463_170,"[[10, 15, 11, 16], [21, 12, 22, 13], [14, 23, 15, 24], [16, 20, 17, 19], [18, 1, 19, 2], [20, 7, 21, 8], [5, 22, 6, 23], [24, 10, 1, 9], [2, 17, 3, 18], [13, 5, 14, 4], [6, 12, 7, 11], [8, 4, 9, 3]]"
12n_0463_171,"[[8, 4, 9, 3], [10, 15, 11, 16], [21, 12, 22, 13], [14, 23, 15, 24], [16, 20, 17, 19], [18, 1, 19, 2], [20, 7, 21, 8], [5, 22, 6, 23], [24, 10, 1, 9], [2, 17, 3, 18], [13, 5, 14, 4], [6, 12, 7, 11]]"
12n_0463_172,"[[6, 12, 7, 11], [8, 4, 9, 3], [10, 15, 11, 16], [21, 12, 22, 13], [14, 23, 15, 24], [16, 20, 17, 19], [18, 1, 19, 2], [20, 7, 21, 8], [5, 22, 6, 23], [24, 10, 1, 9], [2, 17, 3, 18], [13, 5, 14, 4]]"
12n_0463_173,"[[13, 5, 14, 4], [6, 12, 7, 11], [8, 4, 9, 3], [10, 15, 11, 16], [21, 12, 22, 13], [14, 23, 15, 24], [16, 20, 17, 19], [18, 1, 19, 2], [20, 7, 21, 8], [5, 22, 6, 23], [24, 10, 1, 9], [2, 17, 3, 18]]"
12n_0463_174,"[[2, 17, 3, 18], [13, 5, 14, 4], [6, 12, 7, 11], [8, 4, 9, 3], [10, 15, 11, 16], [21, 12, 22, 13], [14, 23, 15, 24], [16, 20, 17, 19], [18, 1, 19, 2], [20, 7, 21, 8], [5, 22, 6, 23], [24, 10, 1, 9]]"
12n_0463_175,"[[24, 10, 1, 9], [2, 17, 3, 18], [13, 5, 14, 4], [6, 12, 7, 11], [8, 4, 9, 3], [10, 15, 11, 16], [21, 12, 22, 13], [14, 23, 15, 24], [16, 20, 17, 19], [18, 1, 19, 2], [20, 7, 21, 8], [5, 22, 6, 23]]"
12n_0463_176,"[[5, 22, 6, 23], [24, 10, 1, 9], [2, 17, 3, 18], [13, 5, 14, 4], [6, 12, 7, 11], [8, 4, 9, 3], [10, 15, 11, 16], [21, 12, 22, 13], [14, 23, 15, 24], [16, 20, 17, 19], [18, 1, 19, 2], [20, 7, 21, 8]]"
12n_0463_177,"[[20, 7, 21, 8], [5, 22, 6, 23], [24, 10, 1, 9], [2, 17, 3, 18], [13, 5, 14, 4], [6, 12, 7, 11], [8, 4, 9, 3], [10, 15, 11, 16], [21, 12, 22, 13], [14, 23, 15, 24], [16, 20, 17, 19], [18, 1, 19, 2]]"
12n_0463_178,"[[18, 1, 19, 2], [20, 7, 21, 8], [5, 22, 6, 23], [24, 10, 1, 9], [2, 17, 3, 18], [13, 5, 14, 4], [6, 12, 7, 11], [8, 4, 9, 3], [10, 15, 11, 16], [21, 12, 22, 13], [14, 23, 15, 24], [16, 20, 17, 19]]"
12n_0463_179,"[[16, 20, 17, 19], [18, 1, 19, 2], [20, 7, 21, 8], [5, 22, 6, 23], [24, 10, 1, 9], [2, 17, 3, 18], [13, 5, 14, 4], [6, 12, 7, 11], [8, 4, 9, 3], [10, 15, 11, 16], [21, 12, 22, 13], [14, 23, 15, 24]]"
12n_0463_180,"[[15, 24, 16, 1], [17, 21, 18, 20], [19, 2, 20, 3], [21, 8, 22, 9], [6, 23, 7, 24], [1, 11, 2, 10], [3, 18, 4, 19], [14, 6, 15, 5], [7, 13, 8, 12], [9, 5, 10, 4], [11, 16, 12, 17], [22, 13, 23, 14]]"
12n_0463_181,"[[22, 13, 23, 14], [15, 24, 16, 1], [17, 21, 18, 20], [19, 2, 20, 3], [21, 8, 22, 9], [6, 23, 7, 24], [1, 11, 2, 10], [3, 18, 4, 19], [14, 6, 15, 5], [7, 13, 8, 12], [9, 5, 10, 4], [11, 16, 12, 17]]"
12n_0463_182,"[[11, 16, 12, 17], [22, 13, 23, 14], [15, 24, 16, 1], [17, 21, 18, 20], [19, 2, 20, 3], [21, 8, 22, 9], [6, 23, 7, 24], [1, 11, 2, 10], [3, 18, 4, 19], [14, 6, 15, 5], [7, 13, 8, 12], [9, 5, 10, 4]]"
12n_0463_183,"[[9, 5, 10, 4], [11, 16, 12, 17], [22, 13, 23, 14], [15, 24, 16, 1], [17, 21, 18, 20], [19, 2, 20, 3], [21, 8, 22, 9], [6, 23, 7, 24], [1, 11, 2, 10], [3, 18, 4, 19], [14, 6, 15, 5], [7, 13, 8, 12]]"
12n_0463_184,"[[7, 13, 8, 12], [9, 5, 10, 4], [11, 16, 12, 17], [22, 13, 23, 14], [15, 24, 16, 1], [17, 21, 18, 20], [19, 2, 20, 3], [21, 8, 22, 9], [6, 23, 7, 24], [1, 11, 2, 10], [3, 18, 4, 19], [14, 6, 15, 5]]"
12n_0463_185,"[[14, 6, 15, 5], [7, 13, 8, 12], [9, 5, 10, 4], [11, 16, 12, 17], [22, 13, 23, 14], [15, 24, 16, 1], [17, 21, 18, 20], [19, 2, 20, 3], [21, 8, 22, 9], [6, 23, 7, 24], [1, 11, 2, 10], [3, 18, 4, 19]]"
