name,pd_notation
12n_0749_0,"[[24, 17, 1, 18], [2, 8, 3, 7], [4, 12, 5, 11], [6, 16, 7, 15], [19, 9, 20, 8], [10, 4, 11, 3], [21, 13, 22, 12], [14, 6, 15, 5], [16, 23, 17, 24], [18, 1, 19, 2], [9, 21, 10, 20], [13, 23, 14, 22]]"
12n_0749_1,"[[13, 23, 14, 22], [24, 17, 1, 18], [2, 8, 3, 7], [4, 12, 5, 11], [6, 16, 7, 15], [19, 9, 20, 8], [10, 4, 11, 3], [21, 13, 22, 12], [14, 6, 15, 5], [16, 23, 17, 24], [18, 1, 19, 2], [9, 21, 10, 20]]"
12n_0749_2,"[[9, 21, 10, 20], [13, 23, 14, 22], [24, 17, 1, 18], [2, 8, 3, 7], [4, 12, 5, 11], [6, 16, 7, 15], [19, 9, 20, 8], [10, 4, 11, 3], [21, 13, 22, 12], [14, 6, 15, 5], [16, 23, 17, 24], [18, 1, 19, 2]]"
12n_0749_3,"[[18, 1, 19, 2], [9, 21, 10, 20], [13, 23, 14, 22], [24, 17, 1, 18], [2, 8, 3, 7], [4, 12, 5, 11], [6, 16, 7, 15], [19, 9, 20, 8], [10, 4, 11, 3], [21, 13, 22, 12], [14, 6, 15, 5], [16, 23, 17, 24]]"
12n_0749_4,"[[16, 23, 17, 24], [18, 1, 19, 2], [9, 21, 10, 20], [13, 23, 14, 22], [24, 17, 1, 18], [2, 8, 3, 7], [4, 12, 5, 11], [6, 16, 7, 15], [19, 9, 20, 8], [10, 4, 11, 3], [21, 13, 22, 12], [14, 6, 15, 5]]"
12n_0749_5,"[[14, 6, 15, 5], [16, 23, 17, 24], [18, 1, 19, 2], [9, 21, 10, 20], [13, 23, 14, 22], [24, 17, 1, 18], [2, 8, 3, 7], [4, 12, 5, 11], [6, 16, 7, 15], [19, 9, 20, 8], [10, 4, 11, 3], [21, 13, 22, 12]]"
12n_0749_6,"[[21, 13, 22, 12], [14, 6, 15, 5], [16, 23, 17, 24], [18, 1, 19, 2], [9, 21, 10, 20], [13, 23, 14, 22], [24, 17, 1, 18], [2, 8, 3, 7], [4, 12, 5, 11], [6, 16, 7, 15], [19, 9, 20, 8], [10, 4, 11, 3]]"
12n_0749_7,"[[10, 4, 11, 3], [21, 13, 22, 12], [14, 6, 15, 5], [16, 23, 17, 24], [18, 1, 19, 2], [9, 21, 10, 20], [13, 23, 14, 22], [24, 17, 1, 18], [2, 8, 3, 7], [4, 12, 5, 11], [6, 16, 7, 15], [19, 9, 20, 8]]"
12n_0749_8,"[[19, 9, 20, 8], [10, 4, 11, 3], [21, 13, 22, 12], [14, 6, 15, 5], [16, 23, 17, 24], [18, 1, 19, 2], [9, 21, 10, 20], [13, 23, 14, 22], [24, 17, 1, 18], [2, 8, 3, 7], [4, 12, 5, 11], [6, 16, 7, 15]]"
12n_0749_9,"[[6, 16, 7, 15], [19, 9, 20, 8], [10, 4, 11, 3], [21, 13, 22, 12], [14, 6, 15, 5], [16, 23, 17, 24], [18, 1, 19, 2], [9, 21, 10, 20], [13, 23, 14, 22], [24, 17, 1, 18], [2, 8, 3, 7], [4, 12, 5, 11]]"
12n_0749_10,"[[4, 12, 5, 11], [6, 16, 7, 15], [19, 9, 20, 8], [10, 4, 11, 3], [21, 13, 22, 12], [14, 6, 15, 5], [16, 23, 17, 24], [18, 1, 19, 2], [9, 21, 10, 20], [13, 23, 14, 22], [24, 17, 1, 18], [2, 8, 3, 7]]"
12n_0749_11,"[[2, 8, 3, 7], [4, 12, 5, 11], [6, 16, 7, 15], [19, 9, 20, 8], [10, 4, 11, 3], [21, 13, 22, 12], [14, 6, 15, 5], [16, 23, 17, 24], [18, 1, 19, 2], [9, 21, 10, 20], [13, 23, 14, 22], [24, 17, 1, 18]]"
12n_0749_12,"[[1, 18, 2, 19], [3, 9, 4, 8], [5, 13, 6, 12], [7, 17, 8, 16], [20, 10, 21, 9], [11, 5, 12, 4], [22, 14, 23, 13], [15, 7, 16, 6], [17, 24, 18, 1], [19, 2, 20, 3], [10, 22, 11, 21], [14, 24, 15, 23]]"
12n_0749_13,"[[14, 24, 15, 23], [1, 18, 2, 19], [3, 9, 4, 8], [5, 13, 6, 12], [7, 17, 8, 16], [20, 10, 21, 9], [11, 5, 12, 4], [22, 14, 23, 13], [15, 7, 16, 6], [17, 24, 18, 1], [19, 2, 20, 3], [10, 22, 11, 21]]"
12n_0749_14,"[[10, 22, 11, 21], [14, 24, 15, 23], [1, 18, 2, 19], [3, 9, 4, 8], [5, 13, 6, 12], [7, 17, 8, 16], [20, 10, 21, 9], [11, 5, 12, 4], [22, 14, 23, 13], [15, 7, 16, 6], [17, 24, 18, 1], [19, 2, 20, 3]]"
12n_0749_15,"[[19, 2, 20, 3], [10, 22, 11, 21], [14, 24, 15, 23], [1, 18, 2, 19], [3, 9, 4, 8], [5, 13, 6, 12], [7, 17, 8, 16], [20, 10, 21, 9], [11, 5, 12, 4], [22, 14, 23, 13], [15, 7, 16, 6], [17, 24, 18, 1]]"
12n_0749_16,"[[17, 24, 18, 1], [19, 2, 20, 3], [10, 22, 11, 21], [14, 24, 15, 23], [1, 18, 2, 19], [3, 9, 4, 8], [5, 13, 6, 12], [7, 17, 8, 16], [20, 10, 21, 9], [11, 5, 12, 4], [22, 14, 23, 13], [15, 7, 16, 6]]"
12n_0749_17,"[[15, 7, 16, 6], [17, 24, 18, 1], [19, 2, 20, 3], [10, 22, 11, 21], [14, 24, 15, 23], [1, 18, 2, 19], [3, 9, 4, 8], [5, 13, 6, 12], [7, 17, 8, 16], [20, 10, 21, 9], [11, 5, 12, 4], [22, 14, 23, 13]]"
12n_0749_18,"[[22, 14, 23, 13], [15, 7, 16, 6], [17, 24, 18, 1], [19, 2, 20, 3], [10, 22, 11, 21], [14, 24, 15, 23], [1, 18, 2, 19], [3, 9, 4, 8], [5, 13, 6, 12], [7, 17, 8, 16], [20, 10, 21, 9], [11, 5, 12, 4]]"
12n_0749_19,"[[11, 5, 12, 4], [22, 14, 23, 13], [15, 7, 16, 6], [17, 24, 18, 1], [19, 2, 20, 3], [10, 22, 11, 21], [14, 24, 15, 23], [1, 18, 2, 19], [3, 9, 4, 8], [5, 13, 6, 12], [7, 17, 8, 16], [20, 10, 21, 9]]"
12n_0749_20,"[[20, 10, 21, 9], [11, 5, 12, 4], [22, 14, 23, 13], [15, 7, 16, 6], [17, 24, 18, 1], [19, 2, 20, 3], [10, 22, 11, 21], [14, 24, 15, 23], [1, 18, 2, 19], [3, 9, 4, 8], [5, 13, 6, 12], [7, 17, 8, 16]]"
12n_0749_21,"[[7, 17, 8, 16], [20, 10, 21, 9], [11, 5, 12, 4], [22, 14, 23, 13], [15, 7, 16, 6], [17, 24, 18, 1], [19, 2, 20, 3], [10, 22, 11, 21], [14, 24, 15, 23], [1, 18, 2, 19], [3, 9, 4, 8], [5, 13, 6, 12]]"
12n_0749_22,"[[5, 13, 6, 12], [7, 17, 8, 16], [20, 10, 21, 9], [11, 5, 12, 4], [22, 14, 23, 13], [15, 7, 16, 6], [17, 24, 18, 1], [19, 2, 20, 3], [10, 22, 11, 21], [14, 24, 15, 23], [1, 18, 2, 19], [3, 9, 4, 8]]"
12n_0749_23,"[[3, 9, 4, 8], [5, 13, 6, 12], [7, 17, 8, 16], [20, 10, 21, 9], [11, 5, 12, 4], [22, 14, 23, 13], [15, 7, 16, 6], [17, 24, 18, 1], [19, 2, 20, 3], [10, 22, 11, 21], [14, 24, 15, 23], [1, 18, 2, 19]]"
12n_0749_24,"[[2, 19, 3, 20], [4, 10, 5, 9], [6, 14, 7, 13], [8, 18, 9, 17], [21, 11, 22, 10], [12, 6, 13, 5], [23, 15, 24, 14], [16, 8, 17, 7], [18, 1, 19, 2], [20, 3, 21, 4], [11, 23, 12, 22], [15, 1, 16, 24]]"
12n_0749_25,"[[15, 1, 16, 24], [2, 19, 3, 20], [4, 10, 5, 9], [6, 14, 7, 13], [8, 18, 9, 17], [21, 11, 22, 10], [12, 6, 13, 5], [23, 15, 24, 14], [16, 8, 17, 7], [18, 1, 19, 2], [20, 3, 21, 4], [11, 23, 12, 22]]"
12n_0749_26,"[[11, 23, 12, 22], [15, 1, 16, 24], [2, 19, 3, 20], [4, 10, 5, 9], [6, 14, 7, 13], [8, 18, 9, 17], [21, 11, 22, 10], [12, 6, 13, 5], [23, 15, 24, 14], [16, 8, 17, 7], [18, 1, 19, 2], [20, 3, 21, 4]]"
12n_0749_27,"[[20, 3, 21, 4], [11, 23, 12, 22], [15, 1, 16, 24], [2, 19, 3, 20], [4, 10, 5, 9], [6, 14, 7, 13], [8, 18, 9, 17], [21, 11, 22, 10], [12, 6, 13, 5], [23, 15, 24, 14], [16, 8, 17, 7], [18, 1, 19, 2]]"
12n_0749_28,"[[18, 1, 19, 2], [20, 3, 21, 4], [11, 23, 12, 22], [15, 1, 16, 24], [2, 19, 3, 20], [4, 10, 5, 9], [6, 14, 7, 13], [8, 18, 9, 17], [21, 11, 22, 10], [12, 6, 13, 5], [23, 15, 24, 14], [16, 8, 17, 7]]"
12n_0749_29,"[[16, 8, 17, 7], [18, 1, 19, 2], [20, 3, 21, 4], [11, 23, 12, 22], [15, 1, 16, 24], [2, 19, 3, 20], [4, 10, 5, 9], [6, 14, 7, 13], [8, 18, 9, 17], [21, 11, 22, 10], [12, 6, 13, 5], [23, 15, 24, 14]]"
12n_0749_30,"[[23, 15, 24, 14], [16, 8, 17, 7], [18, 1, 19, 2], [20, 3, 21, 4], [11, 23, 12, 22], [15, 1, 16, 24], [2, 19, 3, 20], [4, 10, 5, 9], [6, 14, 7, 13], [8, 18, 9, 17], [21, 11, 22, 10], [12, 6, 13, 5]]"
12n_0749_31,"[[12, 6, 13, 5], [23, 15, 24, 14], [16, 8, 17, 7], [18, 1, 19, 2], [20, 3, 21, 4], [11, 23, 12, 22], [15, 1, 16, 24], [2, 19, 3, 20], [4, 10, 5, 9], [6, 14, 7, 13], [8, 18, 9, 17], [21, 11, 22, 10]]"
12n_0749_32,"[[21, 11, 22, 10], [12, 6, 13, 5], [23, 15, 24, 14], [16, 8, 17, 7], [18, 1, 19, 2], [20, 3, 21, 4], [11, 23, 12, 22], [15, 1, 16, 24], [2, 19, 3, 20], [4, 10, 5, 9], [6, 14, 7, 13], [8, 18, 9, 17]]"
12n_0749_33,"[[8, 18, 9, 17], [21, 11, 22, 10], [12, 6, 13, 5], [23, 15, 24, 14], [16, 8, 17, 7], [18, 1, 19, 2], [20, 3, 21, 4], [11, 23, 12, 22], [15, 1, 16, 24], [2, 19, 3, 20], [4, 10, 5, 9], [6, 14, 7, 13]]"
12n_0749_34,"[[6, 14, 7, 13], [8, 18, 9, 17], [21, 11, 22, 10], [12, 6, 13, 5], [23, 15, 24, 14], [16, 8, 17, 7], [18, 1, 19, 2], [20, 3, 21, 4], [11, 23, 12, 22], [15, 1, 16, 24], [2, 19, 3, 20], [4, 10, 5, 9]]"
12n_0749_35,"[[4, 10, 5, 9], [6, 14, 7, 13], [8, 18, 9, 17], [21, 11, 22, 10], [12, 6, 13, 5], [23, 15, 24, 14], [16, 8, 17, 7], [18, 1, 19, 2], [20, 3, 21, 4], [11, 23, 12, 22], [15, 1, 16, 24], [2, 19, 3, 20]]"
12n_0749_36,"[[3, 20, 4, 21], [5, 11, 6, 10], [7, 15, 8, 14], [9, 19, 10, 18], [22, 12, 23, 11], [13, 7, 14, 6], [24, 16, 1, 15], [17, 9, 18, 8], [19, 2, 20, 3], [21, 4, 22, 5], [12, 24, 13, 23], [16, 2, 17, 1]]"
12n_0749_37,"[[16, 2, 17, 1], [3, 20, 4, 21], [5, 11, 6, 10], [7, 15, 8, 14], [9, 19, 10, 18], [22, 12, 23, 11], [13, 7, 14, 6], [24, 16, 1, 15], [17, 9, 18, 8], [19, 2, 20, 3], [21, 4, 22, 5], [12, 24, 13, 23]]"
12n_0749_38,"[[12, 24, 13, 23], [16, 2, 17, 1], [3, 20, 4, 21], [5, 11, 6, 10], [7, 15, 8, 14], [9, 19, 10, 18], [22, 12, 23, 11], [13, 7, 14, 6], [24, 16, 1, 15], [17, 9, 18, 8], [19, 2, 20, 3], [21, 4, 22, 5]]"
12n_0749_39,"[[21, 4, 22, 5], [12, 24, 13, 23], [16, 2, 17, 1], [3, 20, 4, 21], [5, 11, 6, 10], [7, 15, 8, 14], [9, 19, 10, 18], [22, 12, 23, 11], [13, 7, 14, 6], [24, 16, 1, 15], [17, 9, 18, 8], [19, 2, 20, 3]]"
12n_0749_40,"[[19, 2, 20, 3], [21, 4, 22, 5], [12, 24, 13, 23], [16, 2, 17, 1], [3, 20, 4, 21], [5, 11, 6, 10], [7, 15, 8, 14], [9, 19, 10, 18], [22, 12, 23, 11], [13, 7, 14, 6], [24, 16, 1, 15], [17, 9, 18, 8]]"
12n_0749_41,"[[17, 9, 18, 8], [19, 2, 20, 3], [21, 4, 22, 5], [12, 24, 13, 23], [16, 2, 17, 1], [3, 20, 4, 21], [5, 11, 6, 10], [7, 15, 8, 14], [9, 19, 10, 18], [22, 12, 23, 11], [13, 7, 14, 6], [24, 16, 1, 15]]"
12n_0749_42,"[[24, 16, 1, 15], [17, 9, 18, 8], [19, 2, 20, 3], [21, 4, 22, 5], [12, 24, 13, 23], [16, 2, 17, 1], [3, 20, 4, 21], [5, 11, 6, 10], [7, 15, 8, 14], [9, 19, 10, 18], [22, 12, 23, 11], [13, 7, 14, 6]]"
12n_0749_43,"[[13, 7, 14, 6], [24, 16, 1, 15], [17, 9, 18, 8], [19, 2, 20, 3], [21, 4, 22, 5], [12, 24, 13, 23], [16, 2, 17, 1], [3, 20, 4, 21], [5, 11, 6, 10], [7, 15, 8, 14], [9, 19, 10, 18], [22, 12, 23, 11]]"
12n_0749_44,"[[22, 12, 23, 11], [13, 7, 14, 6], [24, 16, 1, 15], [17, 9, 18, 8], [19, 2, 20, 3], [21, 4, 22, 5], [12, 24, 13, 23], [16, 2, 17, 1], [3, 20, 4, 21], [5, 11, 6, 10], [7, 15, 8, 14], [9, 19, 10, 18]]"
12n_0749_45,"[[9, 19, 10, 18], [22, 12, 23, 11], [13, 7, 14, 6], [24, 16, 1, 15], [17, 9, 18, 8], [19, 2, 20, 3], [21, 4, 22, 5], [12, 24, 13, 23], [16, 2, 17, 1], [3, 20, 4, 21], [5, 11, 6, 10], [7, 15, 8, 14]]"
12n_0749_46,"[[7, 15, 8, 14], [9, 19, 10, 18], [22, 12, 23, 11], [13, 7, 14, 6], [24, 16, 1, 15], [17, 9, 18, 8], [19, 2, 20, 3], [21, 4, 22, 5], [12, 24, 13, 23], [16, 2, 17, 1], [3, 20, 4, 21], [5, 11, 6, 10]]"
12n_0749_47,"[[5, 11, 6, 10], [7, 15, 8, 14], [9, 19, 10, 18], [22, 12, 23, 11], [13, 7, 14, 6], [24, 16, 1, 15], [17, 9, 18, 8], [19, 2, 20, 3], [21, 4, 22, 5], [12, 24, 13, 23], [16, 2, 17, 1], [3, 20, 4, 21]]"
12n_0749_48,"[[4, 21, 5, 22], [6, 12, 7, 11], [8, 16, 9, 15], [10, 20, 11, 19], [23, 13, 24, 12], [14, 8, 15, 7], [1, 17, 2, 16], [18, 10, 19, 9], [20, 3, 21, 4], [22, 5, 23, 6], [13, 1, 14, 24], [17, 3, 18, 2]]"
12n_0749_49,"[[17, 3, 18, 2], [4, 21, 5, 22], [6, 12, 7, 11], [8, 16, 9, 15], [10, 20, 11, 19], [23, 13, 24, 12], [14, 8, 15, 7], [1, 17, 2, 16], [18, 10, 19, 9], [20, 3, 21, 4], [22, 5, 23, 6], [13, 1, 14, 24]]"
12n_0749_50,"[[13, 1, 14, 24], [17, 3, 18, 2], [4, 21, 5, 22], [6, 12, 7, 11], [8, 16, 9, 15], [10, 20, 11, 19], [23, 13, 24, 12], [14, 8, 15, 7], [1, 17, 2, 16], [18, 10, 19, 9], [20, 3, 21, 4], [22, 5, 23, 6]]"
12n_0749_51,"[[22, 5, 23, 6], [13, 1, 14, 24], [17, 3, 18, 2], [4, 21, 5, 22], [6, 12, 7, 11], [8, 16, 9, 15], [10, 20, 11, 19], [23, 13, 24, 12], [14, 8, 15, 7], [1, 17, 2, 16], [18, 10, 19, 9], [20, 3, 21, 4]]"
12n_0749_52,"[[20, 3, 21, 4], [22, 5, 23, 6], [13, 1, 14, 24], [17, 3, 18, 2], [4, 21, 5, 22], [6, 12, 7, 11], [8, 16, 9, 15], [10, 20, 11, 19], [23, 13, 24, 12], [14, 8, 15, 7], [1, 17, 2, 16], [18, 10, 19, 9]]"
12n_0749_53,"[[18, 10, 19, 9], [20, 3, 21, 4], [22, 5, 23, 6], [13, 1, 14, 24], [17, 3, 18, 2], [4, 21, 5, 22], [6, 12, 7, 11], [8, 16, 9, 15], [10, 20, 11, 19], [23, 13, 24, 12], [14, 8, 15, 7], [1, 17, 2, 16]]"
12n_0749_54,"[[1, 17, 2, 16], [18, 10, 19, 9], [20, 3, 21, 4], [22, 5, 23, 6], [13, 1, 14, 24], [17, 3, 18, 2], [4, 21, 5, 22], [6, 12, 7, 11], [8, 16, 9, 15], [10, 20, 11, 19], [23, 13, 24, 12], [14, 8, 15, 7]]"
12n_0749_55,"[[14, 8, 15, 7], [1, 17, 2, 16], [18, 10, 19, 9], [20, 3, 21, 4], [22, 5, 23, 6], [13, 1, 14, 24], [17, 3, 18, 2], [4, 21, 5, 22], [6, 12, 7, 11], [8, 16, 9, 15], [10, 20, 11, 19], [23, 13, 24, 12]]"
12n_0749_56,"[[23, 13, 24, 12], [14, 8, 15, 7], [1, 17, 2, 16], [18, 10, 19, 9], [20, 3, 21, 4], [22, 5, 23, 6], [13, 1, 14, 24], [17, 3, 18, 2], [4, 21, 5, 22], [6, 12, 7, 11], [8, 16, 9, 15], [10, 20, 11, 19]]"
12n_0749_57,"[[10, 20, 11, 19], [23, 13, 24, 12], [14, 8, 15, 7], [1, 17, 2, 16], [18, 10, 19, 9], [20, 3, 21, 4], [22, 5, 23, 6], [13, 1, 14, 24], [17, 3, 18, 2], [4, 21, 5, 22], [6, 12, 7, 11], [8, 16, 9, 15]]"
12n_0749_58,"[[8, 16, 9, 15], [10, 20, 11, 19], [23, 13, 24, 12], [14, 8, 15, 7], [1, 17, 2, 16], [18, 10, 19, 9], [20, 3, 21, 4], [22, 5, 23, 6], [13, 1, 14, 24], [17, 3, 18, 2], [4, 21, 5, 22], [6, 12, 7, 11]]"
12n_0749_59,"[[6, 12, 7, 11], [8, 16, 9, 15], [10, 20, 11, 19], [23, 13, 24, 12], [14, 8, 15, 7], [1, 17, 2, 16], [18, 10, 19, 9], [20, 3, 21, 4], [22, 5, 23, 6], [13, 1, 14, 24], [17, 3, 18, 2], [4, 21, 5, 22]]"
12n_0749_60,"[[5, 22, 6, 23], [7, 13, 8, 12], [9, 17, 10, 16], [11, 21, 12, 20], [24, 14, 1, 13], [15, 9, 16, 8], [2, 18, 3, 17], [19, 11, 20, 10], [21, 4, 22, 5], [23, 6, 24, 7], [14, 2, 15, 1], [18, 4, 19, 3]]"
12n_0749_61,"[[18, 4, 19, 3], [5, 22, 6, 23], [7, 13, 8, 12], [9, 17, 10, 16], [11, 21, 12, 20], [24, 14, 1, 13], [15, 9, 16, 8], [2, 18, 3, 17], [19, 11, 20, 10], [21, 4, 22, 5], [23, 6, 24, 7], [14, 2, 15, 1]]"
12n_0749_62,"[[14, 2, 15, 1], [18, 4, 19, 3], [5, 22, 6, 23], [7, 13, 8, 12], [9, 17, 10, 16], [11, 21, 12, 20], [24, 14, 1, 13], [15, 9, 16, 8], [2, 18, 3, 17], [19, 11, 20, 10], [21, 4, 22, 5], [23, 6, 24, 7]]"
12n_0749_63,"[[23, 6, 24, 7], [14, 2, 15, 1], [18, 4, 19, 3], [5, 22, 6, 23], [7, 13, 8, 12], [9, 17, 10, 16], [11, 21, 12, 20], [24, 14, 1, 13], [15, 9, 16, 8], [2, 18, 3, 17], [19, 11, 20, 10], [21, 4, 22, 5]]"
12n_0749_64,"[[21, 4, 22, 5], [23, 6, 24, 7], [14, 2, 15, 1], [18, 4, 19, 3], [5, 22, 6, 23], [7, 13, 8, 12], [9, 17, 10, 16], [11, 21, 12, 20], [24, 14, 1, 13], [15, 9, 16, 8], [2, 18, 3, 17], [19, 11, 20, 10]]"
12n_0749_65,"[[19, 11, 20, 10], [21, 4, 22, 5], [23, 6, 24, 7], [14, 2, 15, 1], [18, 4, 19, 3], [5, 22, 6, 23], [7, 13, 8, 12], [9, 17, 10, 16], [11, 21, 12, 20], [24, 14, 1, 13], [15, 9, 16, 8], [2, 18, 3, 17]]"
12n_0749_66,"[[2, 18, 3, 17], [19, 11, 20, 10], [21, 4, 22, 5], [23, 6, 24, 7], [14, 2, 15, 1], [18, 4, 19, 3], [5, 22, 6, 23], [7, 13, 8, 12], [9, 17, 10, 16], [11, 21, 12, 20], [24, 14, 1, 13], [15, 9, 16, 8]]"
12n_0749_67,"[[15, 9, 16, 8], [2, 18, 3, 17], [19, 11, 20, 10], [21, 4, 22, 5], [23, 6, 24, 7], [14, 2, 15, 1], [18, 4, 19, 3], [5, 22, 6, 23], [7, 13, 8, 12], [9, 17, 10, 16], [11, 21, 12, 20], [24, 14, 1, 13]]"
12n_0749_68,"[[24, 14, 1, 13], [15, 9, 16, 8], [2, 18, 3, 17], [19, 11, 20, 10], [21, 4, 22, 5], [23, 6, 24, 7], [14, 2, 15, 1], [18, 4, 19, 3], [5, 22, 6, 23], [7, 13, 8, 12], [9, 17, 10, 16], [11, 21, 12, 20]]"
12n_0749_69,"[[11, 21, 12, 20], [24, 14, 1, 13], [15, 9, 16, 8], [2, 18, 3, 17], [19, 11, 20, 10], [21, 4, 22, 5], [23, 6, 24, 7], [14, 2, 15, 1], [18, 4, 19, 3], [5, 22, 6, 23], [7, 13, 8, 12], [9, 17, 10, 16]]"
12n_0749_70,"[[9, 17, 10, 16], [11, 21, 12, 20], [24, 14, 1, 13], [15, 9, 16, 8], [2, 18, 3, 17], [19, 11, 20, 10], [21, 4, 22, 5], [23, 6, 24, 7], [14, 2, 15, 1], [18, 4, 19, 3], [5, 22, 6, 23], [7, 13, 8, 12]]"
12n_0749_71,"[[7, 13, 8, 12], [9, 17, 10, 16], [11, 21, 12, 20], [24, 14, 1, 13], [15, 9, 16, 8], [2, 18, 3, 17], [19, 11, 20, 10], [21, 4, 22, 5], [23, 6, 24, 7], [14, 2, 15, 1], [18, 4, 19, 3], [5, 22, 6, 23]]"
12n_0749_72,"[[6, 23, 7, 24], [8, 14, 9, 13], [10, 18, 11, 17], [12, 22, 13, 21], [1, 15, 2, 14], [16, 10, 17, 9], [3, 19, 4, 18], [20, 12, 21, 11], [22, 5, 23, 6], [24, 7, 1, 8], [15, 3, 16, 2], [19, 5, 20, 4]]"
12n_0749_73,"[[19, 5, 20, 4], [6, 23, 7, 24], [8, 14, 9, 13], [10, 18, 11, 17], [12, 22, 13, 21], [1, 15, 2, 14], [16, 10, 17, 9], [3, 19, 4, 18], [20, 12, 21, 11], [22, 5, 23, 6], [24, 7, 1, 8], [15, 3, 16, 2]]"
12n_0749_74,"[[15, 3, 16, 2], [19, 5, 20, 4], [6, 23, 7, 24], [8, 14, 9, 13], [10, 18, 11, 17], [12, 22, 13, 21], [1, 15, 2, 14], [16, 10, 17, 9], [3, 19, 4, 18], [20, 12, 21, 11], [22, 5, 23, 6], [24, 7, 1, 8]]"
12n_0749_75,"[[24, 7, 1, 8], [15, 3, 16, 2], [19, 5, 20, 4], [6, 23, 7, 24], [8, 14, 9, 13], [10, 18, 11, 17], [12, 22, 13, 21], [1, 15, 2, 14], [16, 10, 17, 9], [3, 19, 4, 18], [20, 12, 21, 11], [22, 5, 23, 6]]"
12n_0749_76,"[[22, 5, 23, 6], [24, 7, 1, 8], [15, 3, 16, 2], [19, 5, 20, 4], [6, 23, 7, 24], [8, 14, 9, 13], [10, 18, 11, 17], [12, 22, 13, 21], [1, 15, 2, 14], [16, 10, 17, 9], [3, 19, 4, 18], [20, 12, 21, 11]]"
12n_0749_77,"[[20, 12, 21, 11], [22, 5, 23, 6], [24, 7, 1, 8], [15, 3, 16, 2], [19, 5, 20, 4], [6, 23, 7, 24], [8, 14, 9, 13], [10, 18, 11, 17], [12, 22, 13, 21], [1, 15, 2, 14], [16, 10, 17, 9], [3, 19, 4, 18]]"
12n_0749_78,"[[3, 19, 4, 18], [20, 12, 21, 11], [22, 5, 23, 6], [24, 7, 1, 8], [15, 3, 16, 2], [19, 5, 20, 4], [6, 23, 7, 24], [8, 14, 9, 13], [10, 18, 11, 17], [12, 22, 13, 21], [1, 15, 2, 14], [16, 10, 17, 9]]"
12n_0749_79,"[[16, 10, 17, 9], [3, 19, 4, 18], [20, 12, 21, 11], [22, 5, 23, 6], [24, 7, 1, 8], [15, 3, 16, 2], [19, 5, 20, 4], [6, 23, 7, 24], [8, 14, 9, 13], [10, 18, 11, 17], [12, 22, 13, 21], [1, 15, 2, 14]]"
12n_0749_80,"[[1, 15, 2, 14], [16, 10, 17, 9], [3, 19, 4, 18], [20, 12, 21, 11], [22, 5, 23, 6], [24, 7, 1, 8], [15, 3, 16, 2], [19, 5, 20, 4], [6, 23, 7, 24], [8, 14, 9, 13], [10, 18, 11, 17], [12, 22, 13, 21]]"
12n_0749_81,"[[12, 22, 13, 21], [1, 15, 2, 14], [16, 10, 17, 9], [3, 19, 4, 18], [20, 12, 21, 11], [22, 5, 23, 6], [24, 7, 1, 8], [15, 3, 16, 2], [19, 5, 20, 4], [6, 23, 7, 24], [8, 14, 9, 13], [10, 18, 11, 17]]"
12n_0749_82,"[[10, 18, 11, 17], [12, 22, 13, 21], [1, 15, 2, 14], [16, 10, 17, 9], [3, 19, 4, 18], [20, 12, 21, 11], [22, 5, 23, 6], [24, 7, 1, 8], [15, 3, 16, 2], [19, 5, 20, 4], [6, 23, 7, 24], [8, 14, 9, 13]]"
12n_0749_83,"[[8, 14, 9, 13], [10, 18, 11, 17], [12, 22, 13, 21], [1, 15, 2, 14], [16, 10, 17, 9], [3, 19, 4, 18], [20, 12, 21, 11], [22, 5, 23, 6], [24, 7, 1, 8], [15, 3, 16, 2], [19, 5, 20, 4], [6, 23, 7, 24]]"
12n_0749_84,"[[7, 24, 8, 1], [9, 15, 10, 14], [11, 19, 12, 18], [13, 23, 14, 22], [2, 16, 3, 15], [17, 11, 18, 10], [4, 20, 5, 19], [21, 13, 22, 12], [23, 6, 24, 7], [1, 8, 2, 9], [16, 4, 17, 3], [20, 6, 21, 5]]"
12n_0749_85,"[[20, 6, 21, 5], [7, 24, 8, 1], [9, 15, 10, 14], [11, 19, 12, 18], [13, 23, 14, 22], [2, 16, 3, 15], [17, 11, 18, 10], [4, 20, 5, 19], [21, 13, 22, 12], [23, 6, 24, 7], [1, 8, 2, 9], [16, 4, 17, 3]]"
12n_0749_86,"[[16, 4, 17, 3], [20, 6, 21, 5], [7, 24, 8, 1], [9, 15, 10, 14], [11, 19, 12, 18], [13, 23, 14, 22], [2, 16, 3, 15], [17, 11, 18, 10], [4, 20, 5, 19], [21, 13, 22, 12], [23, 6, 24, 7], [1, 8, 2, 9]]"
12n_0749_87,"[[1, 8, 2, 9], [16, 4, 17, 3], [20, 6, 21, 5], [7, 24, 8, 1], [9, 15, 10, 14], [11, 19, 12, 18], [13, 23, 14, 22], [2, 16, 3, 15], [17, 11, 18, 10], [4, 20, 5, 19], [21, 13, 22, 12], [23, 6, 24, 7]]"
12n_0749_88,"[[23, 6, 24, 7], [1, 8, 2, 9], [16, 4, 17, 3], [20, 6, 21, 5], [7, 24, 8, 1], [9, 15, 10, 14], [11, 19, 12, 18], [13, 23, 14, 22], [2, 16, 3, 15], [17, 11, 18, 10], [4, 20, 5, 19], [21, 13, 22, 12]]"
12n_0749_89,"[[21, 13, 22, 12], [23, 6, 24, 7], [1, 8, 2, 9], [16, 4, 17, 3], [20, 6, 21, 5], [7, 24, 8, 1], [9, 15, 10, 14], [11, 19, 12, 18], [13, 23, 14, 22], [2, 16, 3, 15], [17, 11, 18, 10], [4, 20, 5, 19]]"
12n_0749_90,"[[4, 20, 5, 19], [21, 13, 22, 12], [23, 6, 24, 7], [1, 8, 2, 9], [16, 4, 17, 3], [20, 6, 21, 5], [7, 24, 8, 1], [9, 15, 10, 14], [11, 19, 12, 18], [13, 23, 14, 22], [2, 16, 3, 15], [17, 11, 18, 10]]"
12n_0749_91,"[[17, 11, 18, 10], [4, 20, 5, 19], [21, 13, 22, 12], [23, 6, 24, 7], [1, 8, 2, 9], [16, 4, 17, 3], [20, 6, 21, 5], [7, 24, 8, 1], [9, 15, 10, 14], [11, 19, 12, 18], [13, 23, 14, 22], [2, 16, 3, 15]]"
12n_0749_92,"[[2, 16, 3, 15], [17, 11, 18, 10], [4, 20, 5, 19], [21, 13, 22, 12], [23, 6, 24, 7], [1, 8, 2, 9], [16, 4, 17, 3], [20, 6, 21, 5], [7, 24, 8, 1], [9, 15, 10, 14], [11, 19, 12, 18], [13, 23, 14, 22]]"
12n_0749_93,"[[13, 23, 14, 22], [2, 16, 3, 15], [17, 11, 18, 10], [4, 20, 5, 19], [21, 13, 22, 12], [23, 6, 24, 7], [1, 8, 2, 9], [16, 4, 17, 3], [20, 6, 21, 5], [7, 24, 8, 1], [9, 15, 10, 14], [11, 19, 12, 18]]"
12n_0749_94,"[[11, 19, 12, 18], [13, 23, 14, 22], [2, 16, 3, 15], [17, 11, 18, 10], [4, 20, 5, 19], [21, 13, 22, 12], [23, 6, 24, 7], [1, 8, 2, 9], [16, 4, 17, 3], [20, 6, 21, 5], [7, 24, 8, 1], [9, 15, 10, 14]]"
12n_0749_95,"[[9, 15, 10, 14], [11, 19, 12, 18], [13, 23, 14, 22], [2, 16, 3, 15], [17, 11, 18, 10], [4, 20, 5, 19], [21, 13, 22, 12], [23, 6, 24, 7], [1, 8, 2, 9], [16, 4, 17, 3], [20, 6, 21, 5], [7, 24, 8, 1]]"
12n_0749_96,"[[8, 1, 9, 2], [10, 16, 11, 15], [12, 20, 13, 19], [14, 24, 15, 23], [3, 17, 4, 16], [18, 12, 19, 11], [5, 21, 6, 20], [22, 14, 23, 13], [24, 7, 1, 8], [2, 9, 3, 10], [17, 5, 18, 4], [21, 7, 22, 6]]"
12n_0749_97,"[[21, 7, 22, 6], [8, 1, 9, 2], [10, 16, 11, 15], [12, 20, 13, 19], [14, 24, 15, 23], [3, 17, 4, 16], [18, 12, 19, 11], [5, 21, 6, 20], [22, 14, 23, 13], [24, 7, 1, 8], [2, 9, 3, 10], [17, 5, 18, 4]]"
12n_0749_98,"[[17, 5, 18, 4], [21, 7, 22, 6], [8, 1, 9, 2], [10, 16, 11, 15], [12, 20, 13, 19], [14, 24, 15, 23], [3, 17, 4, 16], [18, 12, 19, 11], [5, 21, 6, 20], [22, 14, 23, 13], [24, 7, 1, 8], [2, 9, 3, 10]]"
12n_0749_99,"[[2, 9, 3, 10], [17, 5, 18, 4], [21, 7, 22, 6], [8, 1, 9, 2], [10, 16, 11, 15], [12, 20, 13, 19], [14, 24, 15, 23], [3, 17, 4, 16], [18, 12, 19, 11], [5, 21, 6, 20], [22, 14, 23, 13], [24, 7, 1, 8]]"
12n_0749_100,"[[24, 7, 1, 8], [2, 9, 3, 10], [17, 5, 18, 4], [21, 7, 22, 6], [8, 1, 9, 2], [10, 16, 11, 15], [12, 20, 13, 19], [14, 24, 15, 23], [3, 17, 4, 16], [18, 12, 19, 11], [5, 21, 6, 20], [22, 14, 23, 13]]"
12n_0749_101,"[[22, 14, 23, 13], [24, 7, 1, 8], [2, 9, 3, 10], [17, 5, 18, 4], [21, 7, 22, 6], [8, 1, 9, 2], [10, 16, 11, 15], [12, 20, 13, 19], [14, 24, 15, 23], [3, 17, 4, 16], [18, 12, 19, 11], [5, 21, 6, 20]]"
12n_0749_102,"[[5, 21, 6, 20], [22, 14, 23, 13], [24, 7, 1, 8], [2, 9, 3, 10], [17, 5, 18, 4], [21, 7, 22, 6], [8, 1, 9, 2], [10, 16, 11, 15], [12, 20, 13, 19], [14, 24, 15, 23], [3, 17, 4, 16], [18, 12, 19, 11]]"
12n_0749_103,"[[18, 12, 19, 11], [5, 21, 6, 20], [22, 14, 23, 13], [24, 7, 1, 8], [2, 9, 3, 10], [17, 5, 18, 4], [21, 7, 22, 6], [8, 1, 9, 2], [10, 16, 11, 15], [12, 20, 13, 19], [14, 24, 15, 23], [3, 17, 4, 16]]"
12n_0749_104,"[[3, 17, 4, 16], [18, 12, 19, 11], [5, 21, 6, 20], [22, 14, 23, 13], [24, 7, 1, 8], [2, 9, 3, 10], [17, 5, 18, 4], [21, 7, 22, 6], [8, 1, 9, 2], [10, 16, 11, 15], [12, 20, 13, 19], [14, 24, 15, 23]]"
12n_0749_105,"[[14, 24, 15, 23], [3, 17, 4, 16], [18, 12, 19, 11], [5, 21, 6, 20], [22, 14, 23, 13], [24, 7, 1, 8], [2, 9, 3, 10], [17, 5, 18, 4], [21, 7, 22, 6], [8, 1, 9, 2], [10, 16, 11, 15], [12, 20, 13, 19]]"
12n_0749_106,"[[12, 20, 13, 19], [14, 24, 15, 23], [3, 17, 4, 16], [18, 12, 19, 11], [5, 21, 6, 20], [22, 14, 23, 13], [24, 7, 1, 8], [2, 9, 3, 10], [17, 5, 18, 4], [21, 7, 22, 6], [8, 1, 9, 2], [10, 16, 11, 15]]"
12n_0749_107,"[[10, 16, 11, 15], [12, 20, 13, 19], [14, 24, 15, 23], [3, 17, 4, 16], [18, 12, 19, 11], [5, 21, 6, 20], [22, 14, 23, 13], [24, 7, 1, 8], [2, 9, 3, 10], [17, 5, 18, 4], [21, 7, 22, 6], [8, 1, 9, 2]]"
12n_0749_108,"[[9, 2, 10, 3], [11, 17, 12, 16], [13, 21, 14, 20], [15, 1, 16, 24], [4, 18, 5, 17], [19, 13, 20, 12], [6, 22, 7, 21], [23, 15, 24, 14], [1, 8, 2, 9], [3, 10, 4, 11], [18, 6, 19, 5], [22, 8, 23, 7]]"
12n_0749_109,"[[22, 8, 23, 7], [9, 2, 10, 3], [11, 17, 12, 16], [13, 21, 14, 20], [15, 1, 16, 24], [4, 18, 5, 17], [19, 13, 20, 12], [6, 22, 7, 21], [23, 15, 24, 14], [1, 8, 2, 9], [3, 10, 4, 11], [18, 6, 19, 5]]"
12n_0749_110,"[[18, 6, 19, 5], [22, 8, 23, 7], [9, 2, 10, 3], [11, 17, 12, 16], [13, 21, 14, 20], [15, 1, 16, 24], [4, 18, 5, 17], [19, 13, 20, 12], [6, 22, 7, 21], [23, 15, 24, 14], [1, 8, 2, 9], [3, 10, 4, 11]]"
12n_0749_111,"[[3, 10, 4, 11], [18, 6, 19, 5], [22, 8, 23, 7], [9, 2, 10, 3], [11, 17, 12, 16], [13, 21, 14, 20], [15, 1, 16, 24], [4, 18, 5, 17], [19, 13, 20, 12], [6, 22, 7, 21], [23, 15, 24, 14], [1, 8, 2, 9]]"
12n_0749_112,"[[1, 8, 2, 9], [3, 10, 4, 11], [18, 6, 19, 5], [22, 8, 23, 7], [9, 2, 10, 3], [11, 17, 12, 16], [13, 21, 14, 20], [15, 1, 16, 24], [4, 18, 5, 17], [19, 13, 20, 12], [6, 22, 7, 21], [23, 15, 24, 14]]"
12n_0749_113,"[[23, 15, 24, 14], [1, 8, 2, 9], [3, 10, 4, 11], [18, 6, 19, 5], [22, 8, 23, 7], [9, 2, 10, 3], [11, 17, 12, 16], [13, 21, 14, 20], [15, 1, 16, 24], [4, 18, 5, 17], [19, 13, 20, 12], [6, 22, 7, 21]]"
12n_0749_114,"[[6, 22, 7, 21], [23, 15, 24, 14], [1, 8, 2, 9], [3, 10, 4, 11], [18, 6, 19, 5], [22, 8, 23, 7], [9, 2, 10, 3], [11, 17, 12, 16], [13, 21, 14, 20], [15, 1, 16, 24], [4, 18, 5, 17], [19, 13, 20, 12]]"
12n_0749_115,"[[19, 13, 20, 12], [6, 22, 7, 21], [23, 15, 24, 14], [1, 8, 2, 9], [3, 10, 4, 11], [18, 6, 19, 5], [22, 8, 23, 7], [9, 2, 10, 3], [11, 17, 12, 16], [13, 21, 14, 20], [15, 1, 16, 24], [4, 18, 5, 17]]"
12n_0749_116,"[[4, 18, 5, 17], [19, 13, 20, 12], [6, 22, 7, 21], [23, 15, 24, 14], [1, 8, 2, 9], [3, 10, 4, 11], [18, 6, 19, 5], [22, 8, 23, 7], [9, 2, 10, 3], [11, 17, 12, 16], [13, 21, 14, 20], [15, 1, 16, 24]]"
12n_0749_117,"[[15, 1, 16, 24], [4, 18, 5, 17], [19, 13, 20, 12], [6, 22, 7, 21], [23, 15, 24, 14], [1, 8, 2, 9], [3, 10, 4, 11], [18, 6, 19, 5], [22, 8, 23, 7], [9, 2, 10, 3], [11, 17, 12, 16], [13, 21, 14, 20]]"
12n_0749_118,"[[13, 21, 14, 20], [15, 1, 16, 24], [4, 18, 5, 17], [19, 13, 20, 12], [6, 22, 7, 21], [23, 15, 24, 14], [1, 8, 2, 9], [3, 10, 4, 11], [18, 6, 19, 5], [22, 8, 23, 7], [9, 2, 10, 3], [11, 17, 12, 16]]"
12n_0749_119,"[[11, 17, 12, 16], [13, 21, 14, 20], [15, 1, 16, 24], [4, 18, 5, 17], [19, 13, 20, 12], [6, 22, 7, 21], [23, 15, 24, 14], [1, 8, 2, 9], [3, 10, 4, 11], [18, 6, 19, 5], [22, 8, 23, 7], [9, 2, 10, 3]]"
12n_0749_120,"[[10, 3, 11, 4], [12, 18, 13, 17], [14, 22, 15, 21], [16, 2, 17, 1], [5, 19, 6, 18], [20, 14, 21, 13], [7, 23, 8, 22], [24, 16, 1, 15], [2, 9, 3, 10], [4, 11, 5, 12], [19, 7, 20, 6], [23, 9, 24, 8]]"
12n_0749_121,"[[23, 9, 24, 8], [10, 3, 11, 4], [12, 18, 13, 17], [14, 22, 15, 21], [16, 2, 17, 1], [5, 19, 6, 18], [20, 14, 21, 13], [7, 23, 8, 22], [24, 16, 1, 15], [2, 9, 3, 10], [4, 11, 5, 12], [19, 7, 20, 6]]"
12n_0749_122,"[[19, 7, 20, 6], [23, 9, 24, 8], [10, 3, 11, 4], [12, 18, 13, 17], [14, 22, 15, 21], [16, 2, 17, 1], [5, 19, 6, 18], [20, 14, 21, 13], [7, 23, 8, 22], [24, 16, 1, 15], [2, 9, 3, 10], [4, 11, 5, 12]]"
12n_0749_123,"[[4, 11, 5, 12], [19, 7, 20, 6], [23, 9, 24, 8], [10, 3, 11, 4], [12, 18, 13, 17], [14, 22, 15, 21], [16, 2, 17, 1], [5, 19, 6, 18], [20, 14, 21, 13], [7, 23, 8, 22], [24, 16, 1, 15], [2, 9, 3, 10]]"
12n_0749_124,"[[2, 9, 3, 10], [4, 11, 5, 12], [19, 7, 20, 6], [23, 9, 24, 8], [10, 3, 11, 4], [12, 18, 13, 17], [14, 22, 15, 21], [16, 2, 17, 1], [5, 19, 6, 18], [20, 14, 21, 13], [7, 23, 8, 22], [24, 16, 1, 15]]"
12n_0749_125,"[[24, 16, 1, 15], [2, 9, 3, 10], [4, 11, 5, 12], [19, 7, 20, 6], [23, 9, 24, 8], [10, 3, 11, 4], [12, 18, 13, 17], [14, 22, 15, 21], [16, 2, 17, 1], [5, 19, 6, 18], [20, 14, 21, 13], [7, 23, 8, 22]]"
12n_0749_126,"[[7, 23, 8, 22], [24, 16, 1, 15], [2, 9, 3, 10], [4, 11, 5, 12], [19, 7, 20, 6], [23, 9, 24, 8], [10, 3, 11, 4], [12, 18, 13, 17], [14, 22, 15, 21], [16, 2, 17, 1], [5, 19, 6, 18], [20, 14, 21, 13]]"
12n_0749_127,"[[20, 14, 21, 13], [7, 23, 8, 22], [24, 16, 1, 15], [2, 9, 3, 10], [4, 11, 5, 12], [19, 7, 20, 6], [23, 9, 24, 8], [10, 3, 11, 4], [12, 18, 13, 17], [14, 22, 15, 21], [16, 2, 17, 1], [5, 19, 6, 18]]"
12n_0749_128,"[[5, 19, 6, 18], [20, 14, 21, 13], [7, 23, 8, 22], [24, 16, 1, 15], [2, 9, 3, 10], [4, 11, 5, 12], [19, 7, 20, 6], [23, 9, 24, 8], [10, 3, 11, 4], [12, 18, 13, 17], [14, 22, 15, 21], [16, 2, 17, 1]]"
12n_0749_129,"[[16, 2, 17, 1], [5, 19, 6, 18], [20, 14, 21, 13], [7, 23, 8, 22], [24, 16, 1, 15], [2, 9, 3, 10], [4, 11, 5, 12], [19, 7, 20, 6], [23, 9, 24, 8], [10, 3, 11, 4], [12, 18, 13, 17], [14, 22, 15, 21]]"
12n_0749_130,"[[14, 22, 15, 21], [16, 2, 17, 1], [5, 19, 6, 18], [20, 14, 21, 13], [7, 23, 8, 22], [24, 16, 1, 15], [2, 9, 3, 10], [4, 11, 5, 12], [19, 7, 20, 6], [23, 9, 24, 8], [10, 3, 11, 4], [12, 18, 13, 17]]"
12n_0749_131,"[[12, 18, 13, 17], [14, 22, 15, 21], [16, 2, 17, 1], [5, 19, 6, 18], [20, 14, 21, 13], [7, 23, 8, 22], [24, 16, 1, 15], [2, 9, 3, 10], [4, 11, 5, 12], [19, 7, 20, 6], [23, 9, 24, 8], [10, 3, 11, 4]]"
12n_0749_132,"[[11, 4, 12, 5], [13, 19, 14, 18], [15, 23, 16, 22], [17, 3, 18, 2], [6, 20, 7, 19], [21, 15, 22, 14], [8, 24, 9, 23], [1, 17, 2, 16], [3, 10, 4, 11], [5, 12, 6, 13], [20, 8, 21, 7], [24, 10, 1, 9]]"
12n_0749_133,"[[24, 10, 1, 9], [11, 4, 12, 5], [13, 19, 14, 18], [15, 23, 16, 22], [17, 3, 18, 2], [6, 20, 7, 19], [21, 15, 22, 14], [8, 24, 9, 23], [1, 17, 2, 16], [3, 10, 4, 11], [5, 12, 6, 13], [20, 8, 21, 7]]"
12n_0749_134,"[[20, 8, 21, 7], [24, 10, 1, 9], [11, 4, 12, 5], [13, 19, 14, 18], [15, 23, 16, 22], [17, 3, 18, 2], [6, 20, 7, 19], [21, 15, 22, 14], [8, 24, 9, 23], [1, 17, 2, 16], [3, 10, 4, 11], [5, 12, 6, 13]]"
12n_0749_135,"[[5, 12, 6, 13], [20, 8, 21, 7], [24, 10, 1, 9], [11, 4, 12, 5], [13, 19, 14, 18], [15, 23, 16, 22], [17, 3, 18, 2], [6, 20, 7, 19], [21, 15, 22, 14], [8, 24, 9, 23], [1, 17, 2, 16], [3, 10, 4, 11]]"
12n_0749_136,"[[3, 10, 4, 11], [5, 12, 6, 13], [20, 8, 21, 7], [24, 10, 1, 9], [11, 4, 12, 5], [13, 19, 14, 18], [15, 23, 16, 22], [17, 3, 18, 2], [6, 20, 7, 19], [21, 15, 22, 14], [8, 24, 9, 23], [1, 17, 2, 16]]"
12n_0749_137,"[[1, 17, 2, 16], [3, 10, 4, 11], [5, 12, 6, 13], [20, 8, 21, 7], [24, 10, 1, 9], [11, 4, 12, 5], [13, 19, 14, 18], [15, 23, 16, 22], [17, 3, 18, 2], [6, 20, 7, 19], [21, 15, 22, 14], [8, 24, 9, 23]]"
12n_0749_138,"[[8, 24, 9, 23], [1, 17, 2, 16], [3, 10, 4, 11], [5, 12, 6, 13], [20, 8, 21, 7], [24, 10, 1, 9], [11, 4, 12, 5], [13, 19, 14, 18], [15, 23, 16, 22], [17, 3, 18, 2], [6, 20, 7, 19], [21, 15, 22, 14]]"
12n_0749_139,"[[21, 15, 22, 14], [8, 24, 9, 23], [1, 17, 2, 16], [3, 10, 4, 11], [5, 12, 6, 13], [20, 8, 21, 7], [24, 10, 1, 9], [11, 4, 12, 5], [13, 19, 14, 18], [15, 23, 16, 22], [17, 3, 18, 2], [6, 20, 7, 19]]"
12n_0749_140,"[[6, 20, 7, 19], [21, 15, 22, 14], [8, 24, 9, 23], [1, 17, 2, 16], [3, 10, 4, 11], [5, 12, 6, 13], [20, 8, 21, 7], [24, 10, 1, 9], [11, 4, 12, 5], [13, 19, 14, 18], [15, 23, 16, 22], [17, 3, 18, 2]]"
12n_0749_141,"[[17, 3, 18, 2], [6, 20, 7, 19], [21, 15, 22, 14], [8, 24, 9, 23], [1, 17, 2, 16], [3, 10, 4, 11], [5, 12, 6, 13], [20, 8, 21, 7], [24, 10, 1, 9], [11, 4, 12, 5], [13, 19, 14, 18], [15, 23, 16, 22]]"
12n_0749_142,"[[15, 23, 16, 22], [17, 3, 18, 2], [6, 20, 7, 19], [21, 15, 22, 14], [8, 24, 9, 23], [1, 17, 2, 16], [3, 10, 4, 11], [5, 12, 6, 13], [20, 8, 21, 7], [24, 10, 1, 9], [11, 4, 12, 5], [13, 19, 14, 18]]"
12n_0749_143,"[[13, 19, 14, 18], [15, 23, 16, 22], [17, 3, 18, 2], [6, 20, 7, 19], [21, 15, 22, 14], [8, 24, 9, 23], [1, 17, 2, 16], [3, 10, 4, 11], [5, 12, 6, 13], [20, 8, 21, 7], [24, 10, 1, 9], [11, 4, 12, 5]]"
12n_0749_144,"[[12, 5, 13, 6], [14, 20, 15, 19], [16, 24, 17, 23], [18, 4, 19, 3], [7, 21, 8, 20], [22, 16, 23, 15], [9, 1, 10, 24], [2, 18, 3, 17], [4, 11, 5, 12], [6, 13, 7, 14], [21, 9, 22, 8], [1, 11, 2, 10]]"
12n_0749_145,"[[1, 11, 2, 10], [12, 5, 13, 6], [14, 20, 15, 19], [16, 24, 17, 23], [18, 4, 19, 3], [7, 21, 8, 20], [22, 16, 23, 15], [9, 1, 10, 24], [2, 18, 3, 17], [4, 11, 5, 12], [6, 13, 7, 14], [21, 9, 22, 8]]"
12n_0749_146,"[[21, 9, 22, 8], [1, 11, 2, 10], [12, 5, 13, 6], [14, 20, 15, 19], [16, 24, 17, 23], [18, 4, 19, 3], [7, 21, 8, 20], [22, 16, 23, 15], [9, 1, 10, 24], [2, 18, 3, 17], [4, 11, 5, 12], [6, 13, 7, 14]]"
12n_0749_147,"[[6, 13, 7, 14], [21, 9, 22, 8], [1, 11, 2, 10], [12, 5, 13, 6], [14, 20, 15, 19], [16, 24, 17, 23], [18, 4, 19, 3], [7, 21, 8, 20], [22, 16, 23, 15], [9, 1, 10, 24], [2, 18, 3, 17], [4, 11, 5, 12]]"
12n_0749_148,"[[4, 11, 5, 12], [6, 13, 7, 14], [21, 9, 22, 8], [1, 11, 2, 10], [12, 5, 13, 6], [14, 20, 15, 19], [16, 24, 17, 23], [18, 4, 19, 3], [7, 21, 8, 20], [22, 16, 23, 15], [9, 1, 10, 24], [2, 18, 3, 17]]"
12n_0749_149,"[[2, 18, 3, 17], [4, 11, 5, 12], [6, 13, 7, 14], [21, 9, 22, 8], [1, 11, 2, 10], [12, 5, 13, 6], [14, 20, 15, 19], [16, 24, 17, 23], [18, 4, 19, 3], [7, 21, 8, 20], [22, 16, 23, 15], [9, 1, 10, 24]]"
12n_0749_150,"[[9, 1, 10, 24], [2, 18, 3, 17], [4, 11, 5, 12], [6, 13, 7, 14], [21, 9, 22, 8], [1, 11, 2, 10], [12, 5, 13, 6], [14, 20, 15, 19], [16, 24, 17, 23], [18, 4, 19, 3], [7, 21, 8, 20], [22, 16, 23, 15]]"
12n_0749_151,"[[22, 16, 23, 15], [9, 1, 10, 24], [2, 18, 3, 17], [4, 11, 5, 12], [6, 13, 7, 14], [21, 9, 22, 8], [1, 11, 2, 10], [12, 5, 13, 6], [14, 20, 15, 19], [16, 24, 17, 23], [18, 4, 19, 3], [7, 21, 8, 20]]"
12n_0749_152,"[[7, 21, 8, 20], [22, 16, 23, 15], [9, 1, 10, 24], [2, 18, 3, 17], [4, 11, 5, 12], [6, 13, 7, 14], [21, 9, 22, 8], [1, 11, 2, 10], [12, 5, 13, 6], [14, 20, 15, 19], [16, 24, 17, 23], [18, 4, 19, 3]]"
12n_0749_153,"[[18, 4, 19, 3], [7, 21, 8, 20], [22, 16, 23, 15], [9, 1, 10, 24], [2, 18, 3, 17], [4, 11, 5, 12], [6, 13, 7, 14], [21, 9, 22, 8], [1, 11, 2, 10], [12, 5, 13, 6], [14, 20, 15, 19], [16, 24, 17, 23]]"
12n_0749_154,"[[16, 24, 17, 23], [18, 4, 19, 3], [7, 21, 8, 20], [22, 16, 23, 15], [9, 1, 10, 24], [2, 18, 3, 17], [4, 11, 5, 12], [6, 13, 7, 14], [21, 9, 22, 8], [1, 11, 2, 10], [12, 5, 13, 6], [14, 20, 15, 19]]"
12n_0749_155,"[[14, 20, 15, 19], [16, 24, 17, 23], [18, 4, 19, 3], [7, 21, 8, 20], [22, 16, 23, 15], [9, 1, 10, 24], [2, 18, 3, 17], [4, 11, 5, 12], [6, 13, 7, 14], [21, 9, 22, 8], [1, 11, 2, 10], [12, 5, 13, 6]]"
12n_0749_156,"[[13, 6, 14, 7], [15, 21, 16, 20], [17, 1, 18, 24], [19, 5, 20, 4], [8, 22, 9, 21], [23, 17, 24, 16], [10, 2, 11, 1], [3, 19, 4, 18], [5, 12, 6, 13], [7, 14, 8, 15], [22, 10, 23, 9], [2, 12, 3, 11]]"
12n_0749_157,"[[2, 12, 3, 11], [13, 6, 14, 7], [15, 21, 16, 20], [17, 1, 18, 24], [19, 5, 20, 4], [8, 22, 9, 21], [23, 17, 24, 16], [10, 2, 11, 1], [3, 19, 4, 18], [5, 12, 6, 13], [7, 14, 8, 15], [22, 10, 23, 9]]"
12n_0749_158,"[[22, 10, 23, 9], [2, 12, 3, 11], [13, 6, 14, 7], [15, 21, 16, 20], [17, 1, 18, 24], [19, 5, 20, 4], [8, 22, 9, 21], [23, 17, 24, 16], [10, 2, 11, 1], [3, 19, 4, 18], [5, 12, 6, 13], [7, 14, 8, 15]]"
12n_0749_159,"[[7, 14, 8, 15], [22, 10, 23, 9], [2, 12, 3, 11], [13, 6, 14, 7], [15, 21, 16, 20], [17, 1, 18, 24], [19, 5, 20, 4], [8, 22, 9, 21], [23, 17, 24, 16], [10, 2, 11, 1], [3, 19, 4, 18], [5, 12, 6, 13]]"
12n_0749_160,"[[5, 12, 6, 13], [7, 14, 8, 15], [22, 10, 23, 9], [2, 12, 3, 11], [13, 6, 14, 7], [15, 21, 16, 20], [17, 1, 18, 24], [19, 5, 20, 4], [8, 22, 9, 21], [23, 17, 24, 16], [10, 2, 11, 1], [3, 19, 4, 18]]"
12n_0749_161,"[[3, 19, 4, 18], [5, 12, 6, 13], [7, 14, 8, 15], [22, 10, 23, 9], [2, 12, 3, 11], [13, 6, 14, 7], [15, 21, 16, 20], [17, 1, 18, 24], [19, 5, 20, 4], [8, 22, 9, 21], [23, 17, 24, 16], [10, 2, 11, 1]]"
12n_0749_162,"[[10, 2, 11, 1], [3, 19, 4, 18], [5, 12, 6, 13], [7, 14, 8, 15], [22, 10, 23, 9], [2, 12, 3, 11], [13, 6, 14, 7], [15, 21, 16, 20], [17, 1, 18, 24], [19, 5, 20, 4], [8, 22, 9, 21], [23, 17, 24, 16]]"
12n_0749_163,"[[23, 17, 24, 16], [10, 2, 11, 1], [3, 19, 4, 18], [5, 12, 6, 13], [7, 14, 8, 15], [22, 10, 23, 9], [2, 12, 3, 11], [13, 6, 14, 7], [15, 21, 16, 20], [17, 1, 18, 24], [19, 5, 20, 4], [8, 22, 9, 21]]"
12n_0749_164,"[[8, 22, 9, 21], [23, 17, 24, 16], [10, 2, 11, 1], [3, 19, 4, 18], [5, 12, 6, 13], [7, 14, 8, 15], [22, 10, 23, 9], [2, 12, 3, 11], [13, 6, 14, 7], [15, 21, 16, 20], [17, 1, 18, 24], [19, 5, 20, 4]]"
12n_0749_165,"[[19, 5, 20, 4], [8, 22, 9, 21], [23, 17, 24, 16], [10, 2, 11, 1], [3, 19, 4, 18], [5, 12, 6, 13], [7, 14, 8, 15], [22, 10, 23, 9], [2, 12, 3, 11], [13, 6, 14, 7], [15, 21, 16, 20], [17, 1, 18, 24]]"
12n_0749_166,"[[17, 1, 18, 24], [19, 5, 20, 4], [8, 22, 9, 21], [23, 17, 24, 16], [10, 2, 11, 1], [3, 19, 4, 18], [5, 12, 6, 13], [7, 14, 8, 15], [22, 10, 23, 9], [2, 12, 3, 11], [13, 6, 14, 7], [15, 21, 16, 20]]"
12n_0749_167,"[[15, 21, 16, 20], [17, 1, 18, 24], [19, 5, 20, 4], [8, 22, 9, 21], [23, 17, 24, 16], [10, 2, 11, 1], [3, 19, 4, 18], [5, 12, 6, 13], [7, 14, 8, 15], [22, 10, 23, 9], [2, 12, 3, 11], [13, 6, 14, 7]]"
12n_0749_168,"[[14, 7, 15, 8], [16, 22, 17, 21], [18, 2, 19, 1], [20, 6, 21, 5], [9, 23, 10, 22], [24, 18, 1, 17], [11, 3, 12, 2], [4, 20, 5, 19], [6, 13, 7, 14], [8, 15, 9, 16], [23, 11, 24, 10], [3, 13, 4, 12]]"
12n_0749_169,"[[3, 13, 4, 12], [14, 7, 15, 8], [16, 22, 17, 21], [18, 2, 19, 1], [20, 6, 21, 5], [9, 23, 10, 22], [24, 18, 1, 17], [11, 3, 12, 2], [4, 20, 5, 19], [6, 13, 7, 14], [8, 15, 9, 16], [23, 11, 24, 10]]"
12n_0749_170,"[[23, 11, 24, 10], [3, 13, 4, 12], [14, 7, 15, 8], [16, 22, 17, 21], [18, 2, 19, 1], [20, 6, 21, 5], [9, 23, 10, 22], [24, 18, 1, 17], [11, 3, 12, 2], [4, 20, 5, 19], [6, 13, 7, 14], [8, 15, 9, 16]]"
12n_0749_171,"[[8, 15, 9, 16], [23, 11, 24, 10], [3, 13, 4, 12], [14, 7, 15, 8], [16, 22, 17, 21], [18, 2, 19, 1], [20, 6, 21, 5], [9, 23, 10, 22], [24, 18, 1, 17], [11, 3, 12, 2], [4, 20, 5, 19], [6, 13, 7, 14]]"
12n_0749_172,"[[6, 13, 7, 14], [8, 15, 9, 16], [23, 11, 24, 10], [3, 13, 4, 12], [14, 7, 15, 8], [16, 22, 17, 21], [18, 2, 19, 1], [20, 6, 21, 5], [9, 23, 10, 22], [24, 18, 1, 17], [11, 3, 12, 2], [4, 20, 5, 19]]"
12n_0749_173,"[[4, 20, 5, 19], [6, 13, 7, 14], [8, 15, 9, 16], [23, 11, 24, 10], [3, 13, 4, 12], [14, 7, 15, 8], [16, 22, 17, 21], [18, 2, 19, 1], [20, 6, 21, 5], [9, 23, 10, 22], [24, 18, 1, 17], [11, 3, 12, 2]]"
12n_0749_174,"[[11, 3, 12, 2], [4, 20, 5, 19], [6, 13, 7, 14], [8, 15, 9, 16], [23, 11, 24, 10], [3, 13, 4, 12], [14, 7, 15, 8], [16, 22, 17, 21], [18, 2, 19, 1], [20, 6, 21, 5], [9, 23, 10, 22], [24, 18, 1, 17]]"
12n_0749_175,"[[24, 18, 1, 17], [11, 3, 12, 2], [4, 20, 5, 19], [6, 13, 7, 14], [8, 15, 9, 16], [23, 11, 24, 10], [3, 13, 4, 12], [14, 7, 15, 8], [16, 22, 17, 21], [18, 2, 19, 1], [20, 6, 21, 5], [9, 23, 10, 22]]"
12n_0749_176,"[[9, 23, 10, 22], [24, 18, 1, 17], [11, 3, 12, 2], [4, 20, 5, 19], [6, 13, 7, 14], [8, 15, 9, 16], [23, 11, 24, 10], [3, 13, 4, 12], [14, 7, 15, 8], [16, 22, 17, 21], [18, 2, 19, 1], [20, 6, 21, 5]]"
12n_0749_177,"[[20, 6, 21, 5], [9, 23, 10, 22], [24, 18, 1, 17], [11, 3, 12, 2], [4, 20, 5, 19], [6, 13, 7, 14], [8, 15, 9, 16], [23, 11, 24, 10], [3, 13, 4, 12], [14, 7, 15, 8], [16, 22, 17, 21], [18, 2, 19, 1]]"
12n_0749_178,"[[18, 2, 19, 1], [20, 6, 21, 5], [9, 23, 10, 22], [24, 18, 1, 17], [11, 3, 12, 2], [4, 20, 5, 19], [6, 13, 7, 14], [8, 15, 9, 16], [23, 11, 24, 10], [3, 13, 4, 12], [14, 7, 15, 8], [16, 22, 17, 21]]"
12n_0749_179,"[[16, 22, 17, 21], [18, 2, 19, 1], [20, 6, 21, 5], [9, 23, 10, 22], [24, 18, 1, 17], [11, 3, 12, 2], [4, 20, 5, 19], [6, 13, 7, 14], [8, 15, 9, 16], [23, 11, 24, 10], [3, 13, 4, 12], [14, 7, 15, 8]]"
12n_0749_180,"[[15, 8, 16, 9], [17, 23, 18, 22], [19, 3, 20, 2], [21, 7, 22, 6], [10, 24, 11, 23], [1, 19, 2, 18], [12, 4, 13, 3], [5, 21, 6, 20], [7, 14, 8, 15], [9, 16, 10, 17], [24, 12, 1, 11], [4, 14, 5, 13]]"
12n_0749_181,"[[4, 14, 5, 13], [15, 8, 16, 9], [17, 23, 18, 22], [19, 3, 20, 2], [21, 7, 22, 6], [10, 24, 11, 23], [1, 19, 2, 18], [12, 4, 13, 3], [5, 21, 6, 20], [7, 14, 8, 15], [9, 16, 10, 17], [24, 12, 1, 11]]"
12n_0749_182,"[[24, 12, 1, 11], [4, 14, 5, 13], [15, 8, 16, 9], [17, 23, 18, 22], [19, 3, 20, 2], [21, 7, 22, 6], [10, 24, 11, 23], [1, 19, 2, 18], [12, 4, 13, 3], [5, 21, 6, 20], [7, 14, 8, 15], [9, 16, 10, 17]]"
12n_0749_183,"[[9, 16, 10, 17], [24, 12, 1, 11], [4, 14, 5, 13], [15, 8, 16, 9], [17, 23, 18, 22], [19, 3, 20, 2], [21, 7, 22, 6], [10, 24, 11, 23], [1, 19, 2, 18], [12, 4, 13, 3], [5, 21, 6, 20], [7, 14, 8, 15]]"
12n_0749_184,"[[7, 14, 8, 15], [9, 16, 10, 17], [24, 12, 1, 11], [4, 14, 5, 13], [15, 8, 16, 9], [17, 23, 18, 22], [19, 3, 20, 2], [21, 7, 22, 6], [10, 24, 11, 23], [1, 19, 2, 18], [12, 4, 13, 3], [5, 21, 6, 20]]"
12n_0749_185,"[[5, 21, 6, 20], [7, 14, 8, 15], [9, 16, 10, 17], [24, 12, 1, 11], [4, 14, 5, 13], [15, 8, 16, 9], [17, 23, 18, 22], [19, 3, 20, 2], [21, 7, 22, 6], [10, 24, 11, 23], [1, 19, 2, 18], [12, 4, 13, 3]]"
