name,pd_notation
12n_0421_0,"[[9, 1, 10, 24], [2, 6, 3, 5], [4, 11, 5, 12], [15, 7, 16, 6], [21, 9, 22, 8], [19, 10, 20, 11], [12, 3, 13, 4], [7, 15, 8, 14], [13, 16, 14, 17], [23, 18, 24, 19], [1, 21, 2, 20], [17, 22, 18, 23]]"
12n_0421_1,"[[17, 22, 18, 23], [9, 1, 10, 24], [2, 6, 3, 5], [4, 11, 5, 12], [15, 7, 16, 6], [21, 9, 22, 8], [19, 10, 20, 11], [12, 3, 13, 4], [7, 15, 8, 14], [13, 16, 14, 17], [23, 18, 24, 19], [1, 21, 2, 20]]"
12n_0421_2,"[[1, 21, 2, 20], [17, 22, 18, 23], [9, 1, 10, 24], [2, 6, 3, 5], [4, 11, 5, 12], [15, 7, 16, 6], [21, 9, 22, 8], [19, 10, 20, 11], [12, 3, 13, 4], [7, 15, 8, 14], [13, 16, 14, 17], [23, 18, 24, 19]]"
12n_0421_3,"[[23, 18, 24, 19], [1, 21, 2, 20], [17, 22, 18, 23], [9, 1, 10, 24], [2, 6, 3, 5], [4, 11, 5, 12], [15, 7, 16, 6], [21, 9, 22, 8], [19, 10, 20, 11], [12, 3, 13, 4], [7, 15, 8, 14], [13, 16, 14, 17]]"
12n_0421_4,"[[13, 16, 14, 17], [23, 18, 24, 19], [1, 21, 2, 20], [17, 22, 18, 23], [9, 1, 10, 24], [2, 6, 3, 5], [4, 11, 5, 12], [15, 7, 16, 6], [21, 9, 22, 8], [19, 10, 20, 11], [12, 3, 13, 4], [7, 15, 8, 14]]"
12n_0421_5,"[[7, 15, 8, 14], [13, 16, 14, 17], [23, 18, 24, 19], [1, 21, 2, 20], [17, 22, 18, 23], [9, 1, 10, 24], [2, 6, 3, 5], [4, 11, 5, 12], [15, 7, 16, 6], [21, 9, 22, 8], [19, 10, 20, 11], [12, 3, 13, 4]]"
12n_0421_6,"[[12, 3, 13, 4], [7, 15, 8, 14], [13, 16, 14, 17], [23, 18, 24, 19], [1, 21, 2, 20], [17, 22, 18, 23], [9, 1, 10, 24], [2, 6, 3, 5], [4, 11, 5, 12], [15, 7, 16, 6], [21, 9, 22, 8], [19, 10, 20, 11]]"
12n_0421_7,"[[19, 10, 20, 11], [12, 3, 13, 4], [7, 15, 8, 14], [13, 16, 14, 17], [23, 18, 24, 19], [1, 21, 2, 20], [17, 22, 18, 23], [9, 1, 10, 24], [2, 6, 3, 5], [4, 11, 5, 12], [15, 7, 16, 6], [21, 9, 22, 8]]"
12n_0421_8,"[[21, 9, 22, 8], [19, 10, 20, 11], [12, 3, 13, 4], [7, 15, 8, 14], [13, 16, 14, 17], [23, 18, 24, 19], [1, 21, 2, 20], [17, 22, 18, 23], [9, 1, 10, 24], [2, 6, 3, 5], [4, 11, 5, 12], [15, 7, 16, 6]]"
12n_0421_9,"[[15, 7, 16, 6], [21, 9, 22, 8], [19, 10, 20, 11], [12, 3, 13, 4], [7, 15, 8, 14], [13, 16, 14, 17], [23, 18, 24, 19], [1, 21, 2, 20], [17, 22, 18, 23], [9, 1, 10, 24], [2, 6, 3, 5], [4, 11, 5, 12]]"
12n_0421_10,"[[4, 11, 5, 12], [15, 7, 16, 6], [21, 9, 22, 8], [19, 10, 20, 11], [12, 3, 13, 4], [7, 15, 8, 14], [13, 16, 14, 17], [23, 18, 24, 19], [1, 21, 2, 20], [17, 22, 18, 23], [9, 1, 10, 24], [2, 6, 3, 5]]"
12n_0421_11,"[[2, 6, 3, 5], [4, 11, 5, 12], [15, 7, 16, 6], [21, 9, 22, 8], [19, 10, 20, 11], [12, 3, 13, 4], [7, 15, 8, 14], [13, 16, 14, 17], [23, 18, 24, 19], [1, 21, 2, 20], [17, 22, 18, 23], [9, 1, 10, 24]]"
12n_0421_12,"[[10, 2, 11, 1], [3, 7, 4, 6], [5, 12, 6, 13], [16, 8, 17, 7], [22, 10, 23, 9], [20, 11, 21, 12], [13, 4, 14, 5], [8, 16, 9, 15], [14, 17, 15, 18], [24, 19, 1, 20], [2, 22, 3, 21], [18, 23, 19, 24]]"
12n_0421_13,"[[18, 23, 19, 24], [10, 2, 11, 1], [3, 7, 4, 6], [5, 12, 6, 13], [16, 8, 17, 7], [22, 10, 23, 9], [20, 11, 21, 12], [13, 4, 14, 5], [8, 16, 9, 15], [14, 17, 15, 18], [24, 19, 1, 20], [2, 22, 3, 21]]"
12n_0421_14,"[[2, 22, 3, 21], [18, 23, 19, 24], [10, 2, 11, 1], [3, 7, 4, 6], [5, 12, 6, 13], [16, 8, 17, 7], [22, 10, 23, 9], [20, 11, 21, 12], [13, 4, 14, 5], [8, 16, 9, 15], [14, 17, 15, 18], [24, 19, 1, 20]]"
12n_0421_15,"[[24, 19, 1, 20], [2, 22, 3, 21], [18, 23, 19, 24], [10, 2, 11, 1], [3, 7, 4, 6], [5, 12, 6, 13], [16, 8, 17, 7], [22, 10, 23, 9], [20, 11, 21, 12], [13, 4, 14, 5], [8, 16, 9, 15], [14, 17, 15, 18]]"
12n_0421_16,"[[14, 17, 15, 18], [24, 19, 1, 20], [2, 22, 3, 21], [18, 23, 19, 24], [10, 2, 11, 1], [3, 7, 4, 6], [5, 12, 6, 13], [16, 8, 17, 7], [22, 10, 23, 9], [20, 11, 21, 12], [13, 4, 14, 5], [8, 16, 9, 15]]"
12n_0421_17,"[[8, 16, 9, 15], [14, 17, 15, 18], [24, 19, 1, 20], [2, 22, 3, 21], [18, 23, 19, 24], [10, 2, 11, 1], [3, 7, 4, 6], [5, 12, 6, 13], [16, 8, 17, 7], [22, 10, 23, 9], [20, 11, 21, 12], [13, 4, 14, 5]]"
12n_0421_18,"[[13, 4, 14, 5], [8, 16, 9, 15], [14, 17, 15, 18], [24, 19, 1, 20], [2, 22, 3, 21], [18, 23, 19, 24], [10, 2, 11, 1], [3, 7, 4, 6], [5, 12, 6, 13], [16, 8, 17, 7], [22, 10, 23, 9], [20, 11, 21, 12]]"
12n_0421_19,"[[20, 11, 21, 12], [13, 4, 14, 5], [8, 16, 9, 15], [14, 17, 15, 18], [24, 19, 1, 20], [2, 22, 3, 21], [18, 23, 19, 24], [10, 2, 11, 1], [3, 7, 4, 6], [5, 12, 6, 13], [16, 8, 17, 7], [22, 10, 23, 9]]"
12n_0421_20,"[[22, 10, 23, 9], [20, 11, 21, 12], [13, 4, 14, 5], [8, 16, 9, 15], [14, 17, 15, 18], [24, 19, 1, 20], [2, 22, 3, 21], [18, 23, 19, 24], [10, 2, 11, 1], [3, 7, 4, 6], [5, 12, 6, 13], [16, 8, 17, 7]]"
12n_0421_21,"[[16, 8, 17, 7], [22, 10, 23, 9], [20, 11, 21, 12], [13, 4, 14, 5], [8, 16, 9, 15], [14, 17, 15, 18], [24, 19, 1, 20], [2, 22, 3, 21], [18, 23, 19, 24], [10, 2, 11, 1], [3, 7, 4, 6], [5, 12, 6, 13]]"
12n_0421_22,"[[5, 12, 6, 13], [16, 8, 17, 7], [22, 10, 23, 9], [20, 11, 21, 12], [13, 4, 14, 5], [8, 16, 9, 15], [14, 17, 15, 18], [24, 19, 1, 20], [2, 22, 3, 21], [18, 23, 19, 24], [10, 2, 11, 1], [3, 7, 4, 6]]"
12n_0421_23,"[[3, 7, 4, 6], [5, 12, 6, 13], [16, 8, 17, 7], [22, 10, 23, 9], [20, 11, 21, 12], [13, 4, 14, 5], [8, 16, 9, 15], [14, 17, 15, 18], [24, 19, 1, 20], [2, 22, 3, 21], [18, 23, 19, 24], [10, 2, 11, 1]]"
12n_0421_24,"[[11, 3, 12, 2], [4, 8, 5, 7], [6, 13, 7, 14], [17, 9, 18, 8], [23, 11, 24, 10], [21, 12, 22, 13], [14, 5, 15, 6], [9, 17, 10, 16], [15, 18, 16, 19], [1, 20, 2, 21], [3, 23, 4, 22], [19, 24, 20, 1]]"
12n_0421_25,"[[19, 24, 20, 1], [11, 3, 12, 2], [4, 8, 5, 7], [6, 13, 7, 14], [17, 9, 18, 8], [23, 11, 24, 10], [21, 12, 22, 13], [14, 5, 15, 6], [9, 17, 10, 16], [15, 18, 16, 19], [1, 20, 2, 21], [3, 23, 4, 22]]"
12n_0421_26,"[[3, 23, 4, 22], [19, 24, 20, 1], [11, 3, 12, 2], [4, 8, 5, 7], [6, 13, 7, 14], [17, 9, 18, 8], [23, 11, 24, 10], [21, 12, 22, 13], [14, 5, 15, 6], [9, 17, 10, 16], [15, 18, 16, 19], [1, 20, 2, 21]]"
12n_0421_27,"[[1, 20, 2, 21], [3, 23, 4, 22], [19, 24, 20, 1], [11, 3, 12, 2], [4, 8, 5, 7], [6, 13, 7, 14], [17, 9, 18, 8], [23, 11, 24, 10], [21, 12, 22, 13], [14, 5, 15, 6], [9, 17, 10, 16], [15, 18, 16, 19]]"
12n_0421_28,"[[15, 18, 16, 19], [1, 20, 2, 21], [3, 23, 4, 22], [19, 24, 20, 1], [11, 3, 12, 2], [4, 8, 5, 7], [6, 13, 7, 14], [17, 9, 18, 8], [23, 11, 24, 10], [21, 12, 22, 13], [14, 5, 15, 6], [9, 17, 10, 16]]"
12n_0421_29,"[[9, 17, 10, 16], [15, 18, 16, 19], [1, 20, 2, 21], [3, 23, 4, 22], [19, 24, 20, 1], [11, 3, 12, 2], [4, 8, 5, 7], [6, 13, 7, 14], [17, 9, 18, 8], [23, 11, 24, 10], [21, 12, 22, 13], [14, 5, 15, 6]]"
12n_0421_30,"[[14, 5, 15, 6], [9, 17, 10, 16], [15, 18, 16, 19], [1, 20, 2, 21], [3, 23, 4, 22], [19, 24, 20, 1], [11, 3, 12, 2], [4, 8, 5, 7], [6, 13, 7, 14], [17, 9, 18, 8], [23, 11, 24, 10], [21, 12, 22, 13]]"
12n_0421_31,"[[21, 12, 22, 13], [14, 5, 15, 6], [9, 17, 10, 16], [15, 18, 16, 19], [1, 20, 2, 21], [3, 23, 4, 22], [19, 24, 20, 1], [11, 3, 12, 2], [4, 8, 5, 7], [6, 13, 7, 14], [17, 9, 18, 8], [23, 11, 24, 10]]"
12n_0421_32,"[[23, 11, 24, 10], [21, 12, 22, 13], [14, 5, 15, 6], [9, 17, 10, 16], [15, 18, 16, 19], [1, 20, 2, 21], [3, 23, 4, 22], [19, 24, 20, 1], [11, 3, 12, 2], [4, 8, 5, 7], [6, 13, 7, 14], [17, 9, 18, 8]]"
12n_0421_33,"[[17, 9, 18, 8], [23, 11, 24, 10], [21, 12, 22, 13], [14, 5, 15, 6], [9, 17, 10, 16], [15, 18, 16, 19], [1, 20, 2, 21], [3, 23, 4, 22], [19, 24, 20, 1], [11, 3, 12, 2], [4, 8, 5, 7], [6, 13, 7, 14]]"
12n_0421_34,"[[6, 13, 7, 14], [17, 9, 18, 8], [23, 11, 24, 10], [21, 12, 22, 13], [14, 5, 15, 6], [9, 17, 10, 16], [15, 18, 16, 19], [1, 20, 2, 21], [3, 23, 4, 22], [19, 24, 20, 1], [11, 3, 12, 2], [4, 8, 5, 7]]"
12n_0421_35,"[[4, 8, 5, 7], [6, 13, 7, 14], [17, 9, 18, 8], [23, 11, 24, 10], [21, 12, 22, 13], [14, 5, 15, 6], [9, 17, 10, 16], [15, 18, 16, 19], [1, 20, 2, 21], [3, 23, 4, 22], [19, 24, 20, 1], [11, 3, 12, 2]]"
12n_0421_36,"[[12, 4, 13, 3], [5, 9, 6, 8], [7, 14, 8, 15], [18, 10, 19, 9], [24, 12, 1, 11], [22, 13, 23, 14], [15, 6, 16, 7], [10, 18, 11, 17], [16, 19, 17, 20], [2, 21, 3, 22], [4, 24, 5, 23], [20, 1, 21, 2]]"
12n_0421_37,"[[20, 1, 21, 2], [12, 4, 13, 3], [5, 9, 6, 8], [7, 14, 8, 15], [18, 10, 19, 9], [24, 12, 1, 11], [22, 13, 23, 14], [15, 6, 16, 7], [10, 18, 11, 17], [16, 19, 17, 20], [2, 21, 3, 22], [4, 24, 5, 23]]"
12n_0421_38,"[[4, 24, 5, 23], [20, 1, 21, 2], [12, 4, 13, 3], [5, 9, 6, 8], [7, 14, 8, 15], [18, 10, 19, 9], [24, 12, 1, 11], [22, 13, 23, 14], [15, 6, 16, 7], [10, 18, 11, 17], [16, 19, 17, 20], [2, 21, 3, 22]]"
12n_0421_39,"[[2, 21, 3, 22], [4, 24, 5, 23], [20, 1, 21, 2], [12, 4, 13, 3], [5, 9, 6, 8], [7, 14, 8, 15], [18, 10, 19, 9], [24, 12, 1, 11], [22, 13, 23, 14], [15, 6, 16, 7], [10, 18, 11, 17], [16, 19, 17, 20]]"
12n_0421_40,"[[16, 19, 17, 20], [2, 21, 3, 22], [4, 24, 5, 23], [20, 1, 21, 2], [12, 4, 13, 3], [5, 9, 6, 8], [7, 14, 8, 15], [18, 10, 19, 9], [24, 12, 1, 11], [22, 13, 23, 14], [15, 6, 16, 7], [10, 18, 11, 17]]"
12n_0421_41,"[[10, 18, 11, 17], [16, 19, 17, 20], [2, 21, 3, 22], [4, 24, 5, 23], [20, 1, 21, 2], [12, 4, 13, 3], [5, 9, 6, 8], [7, 14, 8, 15], [18, 10, 19, 9], [24, 12, 1, 11], [22, 13, 23, 14], [15, 6, 16, 7]]"
12n_0421_42,"[[15, 6, 16, 7], [10, 18, 11, 17], [16, 19, 17, 20], [2, 21, 3, 22], [4, 24, 5, 23], [20, 1, 21, 2], [12, 4, 13, 3], [5, 9, 6, 8], [7, 14, 8, 15], [18, 10, 19, 9], [24, 12, 1, 11], [22, 13, 23, 14]]"
12n_0421_43,"[[22, 13, 23, 14], [15, 6, 16, 7], [10, 18, 11, 17], [16, 19, 17, 20], [2, 21, 3, 22], [4, 24, 5, 23], [20, 1, 21, 2], [12, 4, 13, 3], [5, 9, 6, 8], [7, 14, 8, 15], [18, 10, 19, 9], [24, 12, 1, 11]]"
12n_0421_44,"[[24, 12, 1, 11], [22, 13, 23, 14], [15, 6, 16, 7], [10, 18, 11, 17], [16, 19, 17, 20], [2, 21, 3, 22], [4, 24, 5, 23], [20, 1, 21, 2], [12, 4, 13, 3], [5, 9, 6, 8], [7, 14, 8, 15], [18, 10, 19, 9]]"
12n_0421_45,"[[18, 10, 19, 9], [24, 12, 1, 11], [22, 13, 23, 14], [15, 6, 16, 7], [10, 18, 11, 17], [16, 19, 17, 20], [2, 21, 3, 22], [4, 24, 5, 23], [20, 1, 21, 2], [12, 4, 13, 3], [5, 9, 6, 8], [7, 14, 8, 15]]"
12n_0421_46,"[[7, 14, 8, 15], [18, 10, 19, 9], [24, 12, 1, 11], [22, 13, 23, 14], [15, 6, 16, 7], [10, 18, 11, 17], [16, 19, 17, 20], [2, 21, 3, 22], [4, 24, 5, 23], [20, 1, 21, 2], [12, 4, 13, 3], [5, 9, 6, 8]]"
12n_0421_47,"[[5, 9, 6, 8], [7, 14, 8, 15], [18, 10, 19, 9], [24, 12, 1, 11], [22, 13, 23, 14], [15, 6, 16, 7], [10, 18, 11, 17], [16, 19, 17, 20], [2, 21, 3, 22], [4, 24, 5, 23], [20, 1, 21, 2], [12, 4, 13, 3]]"
12n_0421_48,"[[13, 5, 14, 4], [6, 10, 7, 9], [8, 15, 9, 16], [19, 11, 20, 10], [1, 13, 2, 12], [23, 14, 24, 15], [16, 7, 17, 8], [11, 19, 12, 18], [17, 20, 18, 21], [3, 22, 4, 23], [5, 1, 6, 24], [21, 2, 22, 3]]"
12n_0421_49,"[[21, 2, 22, 3], [13, 5, 14, 4], [6, 10, 7, 9], [8, 15, 9, 16], [19, 11, 20, 10], [1, 13, 2, 12], [23, 14, 24, 15], [16, 7, 17, 8], [11, 19, 12, 18], [17, 20, 18, 21], [3, 22, 4, 23], [5, 1, 6, 24]]"
12n_0421_50,"[[5, 1, 6, 24], [21, 2, 22, 3], [13, 5, 14, 4], [6, 10, 7, 9], [8, 15, 9, 16], [19, 11, 20, 10], [1, 13, 2, 12], [23, 14, 24, 15], [16, 7, 17, 8], [11, 19, 12, 18], [17, 20, 18, 21], [3, 22, 4, 23]]"
12n_0421_51,"[[3, 22, 4, 23], [5, 1, 6, 24], [21, 2, 22, 3], [13, 5, 14, 4], [6, 10, 7, 9], [8, 15, 9, 16], [19, 11, 20, 10], [1, 13, 2, 12], [23, 14, 24, 15], [16, 7, 17, 8], [11, 19, 12, 18], [17, 20, 18, 21]]"
12n_0421_52,"[[17, 20, 18, 21], [3, 22, 4, 23], [5, 1, 6, 24], [21, 2, 22, 3], [13, 5, 14, 4], [6, 10, 7, 9], [8, 15, 9, 16], [19, 11, 20, 10], [1, 13, 2, 12], [23, 14, 24, 15], [16, 7, 17, 8], [11, 19, 12, 18]]"
12n_0421_53,"[[11, 19, 12, 18], [17, 20, 18, 21], [3, 22, 4, 23], [5, 1, 6, 24], [21, 2, 22, 3], [13, 5, 14, 4], [6, 10, 7, 9], [8, 15, 9, 16], [19, 11, 20, 10], [1, 13, 2, 12], [23, 14, 24, 15], [16, 7, 17, 8]]"
12n_0421_54,"[[16, 7, 17, 8], [11, 19, 12, 18], [17, 20, 18, 21], [3, 22, 4, 23], [5, 1, 6, 24], [21, 2, 22, 3], [13, 5, 14, 4], [6, 10, 7, 9], [8, 15, 9, 16], [19, 11, 20, 10], [1, 13, 2, 12], [23, 14, 24, 15]]"
12n_0421_55,"[[23, 14, 24, 15], [16, 7, 17, 8], [11, 19, 12, 18], [17, 20, 18, 21], [3, 22, 4, 23], [5, 1, 6, 24], [21, 2, 22, 3], [13, 5, 14, 4], [6, 10, 7, 9], [8, 15, 9, 16], [19, 11, 20, 10], [1, 13, 2, 12]]"
12n_0421_56,"[[1, 13, 2, 12], [23, 14, 24, 15], [16, 7, 17, 8], [11, 19, 12, 18], [17, 20, 18, 21], [3, 22, 4, 23], [5, 1, 6, 24], [21, 2, 22, 3], [13, 5, 14, 4], [6, 10, 7, 9], [8, 15, 9, 16], [19, 11, 20, 10]]"
12n_0421_57,"[[19, 11, 20, 10], [1, 13, 2, 12], [23, 14, 24, 15], [16, 7, 17, 8], [11, 19, 12, 18], [17, 20, 18, 21], [3, 22, 4, 23], [5, 1, 6, 24], [21, 2, 22, 3], [13, 5, 14, 4], [6, 10, 7, 9], [8, 15, 9, 16]]"
12n_0421_58,"[[8, 15, 9, 16], [19, 11, 20, 10], [1, 13, 2, 12], [23, 14, 24, 15], [16, 7, 17, 8], [11, 19, 12, 18], [17, 20, 18, 21], [3, 22, 4, 23], [5, 1, 6, 24], [21, 2, 22, 3], [13, 5, 14, 4], [6, 10, 7, 9]]"
12n_0421_59,"[[6, 10, 7, 9], [8, 15, 9, 16], [19, 11, 20, 10], [1, 13, 2, 12], [23, 14, 24, 15], [16, 7, 17, 8], [11, 19, 12, 18], [17, 20, 18, 21], [3, 22, 4, 23], [5, 1, 6, 24], [21, 2, 22, 3], [13, 5, 14, 4]]"
12n_0421_60,"[[14, 6, 15, 5], [7, 11, 8, 10], [9, 16, 10, 17], [20, 12, 21, 11], [2, 14, 3, 13], [24, 15, 1, 16], [17, 8, 18, 9], [12, 20, 13, 19], [18, 21, 19, 22], [4, 23, 5, 24], [6, 2, 7, 1], [22, 3, 23, 4]]"
12n_0421_61,"[[22, 3, 23, 4], [14, 6, 15, 5], [7, 11, 8, 10], [9, 16, 10, 17], [20, 12, 21, 11], [2, 14, 3, 13], [24, 15, 1, 16], [17, 8, 18, 9], [12, 20, 13, 19], [18, 21, 19, 22], [4, 23, 5, 24], [6, 2, 7, 1]]"
12n_0421_62,"[[6, 2, 7, 1], [22, 3, 23, 4], [14, 6, 15, 5], [7, 11, 8, 10], [9, 16, 10, 17], [20, 12, 21, 11], [2, 14, 3, 13], [24, 15, 1, 16], [17, 8, 18, 9], [12, 20, 13, 19], [18, 21, 19, 22], [4, 23, 5, 24]]"
12n_0421_63,"[[4, 23, 5, 24], [6, 2, 7, 1], [22, 3, 23, 4], [14, 6, 15, 5], [7, 11, 8, 10], [9, 16, 10, 17], [20, 12, 21, 11], [2, 14, 3, 13], [24, 15, 1, 16], [17, 8, 18, 9], [12, 20, 13, 19], [18, 21, 19, 22]]"
12n_0421_64,"[[18, 21, 19, 22], [4, 23, 5, 24], [6, 2, 7, 1], [22, 3, 23, 4], [14, 6, 15, 5], [7, 11, 8, 10], [9, 16, 10, 17], [20, 12, 21, 11], [2, 14, 3, 13], [24, 15, 1, 16], [17, 8, 18, 9], [12, 20, 13, 19]]"
12n_0421_65,"[[12, 20, 13, 19], [18, 21, 19, 22], [4, 23, 5, 24], [6, 2, 7, 1], [22, 3, 23, 4], [14, 6, 15, 5], [7, 11, 8, 10], [9, 16, 10, 17], [20, 12, 21, 11], [2, 14, 3, 13], [24, 15, 1, 16], [17, 8, 18, 9]]"
12n_0421_66,"[[17, 8, 18, 9], [12, 20, 13, 19], [18, 21, 19, 22], [4, 23, 5, 24], [6, 2, 7, 1], [22, 3, 23, 4], [14, 6, 15, 5], [7, 11, 8, 10], [9, 16, 10, 17], [20, 12, 21, 11], [2, 14, 3, 13], [24, 15, 1, 16]]"
12n_0421_67,"[[24, 15, 1, 16], [17, 8, 18, 9], [12, 20, 13, 19], [18, 21, 19, 22], [4, 23, 5, 24], [6, 2, 7, 1], [22, 3, 23, 4], [14, 6, 15, 5], [7, 11, 8, 10], [9, 16, 10, 17], [20, 12, 21, 11], [2, 14, 3, 13]]"
12n_0421_68,"[[2, 14, 3, 13], [24, 15, 1, 16], [17, 8, 18, 9], [12, 20, 13, 19], [18, 21, 19, 22], [4, 23, 5, 24], [6, 2, 7, 1], [22, 3, 23, 4], [14, 6, 15, 5], [7, 11, 8, 10], [9, 16, 10, 17], [20, 12, 21, 11]]"
12n_0421_69,"[[20, 12, 21, 11], [2, 14, 3, 13], [24, 15, 1, 16], [17, 8, 18, 9], [12, 20, 13, 19], [18, 21, 19, 22], [4, 23, 5, 24], [6, 2, 7, 1], [22, 3, 23, 4], [14, 6, 15, 5], [7, 11, 8, 10], [9, 16, 10, 17]]"
12n_0421_70,"[[9, 16, 10, 17], [20, 12, 21, 11], [2, 14, 3, 13], [24, 15, 1, 16], [17, 8, 18, 9], [12, 20, 13, 19], [18, 21, 19, 22], [4, 23, 5, 24], [6, 2, 7, 1], [22, 3, 23, 4], [14, 6, 15, 5], [7, 11, 8, 10]]"
12n_0421_71,"[[7, 11, 8, 10], [9, 16, 10, 17], [20, 12, 21, 11], [2, 14, 3, 13], [24, 15, 1, 16], [17, 8, 18, 9], [12, 20, 13, 19], [18, 21, 19, 22], [4, 23, 5, 24], [6, 2, 7, 1], [22, 3, 23, 4], [14, 6, 15, 5]]"
12n_0421_72,"[[15, 7, 16, 6], [8, 12, 9, 11], [10, 17, 11, 18], [21, 13, 22, 12], [3, 15, 4, 14], [1, 16, 2, 17], [18, 9, 19, 10], [13, 21, 14, 20], [19, 22, 20, 23], [5, 24, 6, 1], [7, 3, 8, 2], [23, 4, 24, 5]]"
12n_0421_73,"[[23, 4, 24, 5], [15, 7, 16, 6], [8, 12, 9, 11], [10, 17, 11, 18], [21, 13, 22, 12], [3, 15, 4, 14], [1, 16, 2, 17], [18, 9, 19, 10], [13, 21, 14, 20], [19, 22, 20, 23], [5, 24, 6, 1], [7, 3, 8, 2]]"
12n_0421_74,"[[7, 3, 8, 2], [23, 4, 24, 5], [15, 7, 16, 6], [8, 12, 9, 11], [10, 17, 11, 18], [21, 13, 22, 12], [3, 15, 4, 14], [1, 16, 2, 17], [18, 9, 19, 10], [13, 21, 14, 20], [19, 22, 20, 23], [5, 24, 6, 1]]"
12n_0421_75,"[[5, 24, 6, 1], [7, 3, 8, 2], [23, 4, 24, 5], [15, 7, 16, 6], [8, 12, 9, 11], [10, 17, 11, 18], [21, 13, 22, 12], [3, 15, 4, 14], [1, 16, 2, 17], [18, 9, 19, 10], [13, 21, 14, 20], [19, 22, 20, 23]]"
12n_0421_76,"[[19, 22, 20, 23], [5, 24, 6, 1], [7, 3, 8, 2], [23, 4, 24, 5], [15, 7, 16, 6], [8, 12, 9, 11], [10, 17, 11, 18], [21, 13, 22, 12], [3, 15, 4, 14], [1, 16, 2, 17], [18, 9, 19, 10], [13, 21, 14, 20]]"
12n_0421_77,"[[13, 21, 14, 20], [19, 22, 20, 23], [5, 24, 6, 1], [7, 3, 8, 2], [23, 4, 24, 5], [15, 7, 16, 6], [8, 12, 9, 11], [10, 17, 11, 18], [21, 13, 22, 12], [3, 15, 4, 14], [1, 16, 2, 17], [18, 9, 19, 10]]"
12n_0421_78,"[[18, 9, 19, 10], [13, 21, 14, 20], [19, 22, 20, 23], [5, 24, 6, 1], [7, 3, 8, 2], [23, 4, 24, 5], [15, 7, 16, 6], [8, 12, 9, 11], [10, 17, 11, 18], [21, 13, 22, 12], [3, 15, 4, 14], [1, 16, 2, 17]]"
12n_0421_79,"[[1, 16, 2, 17], [18, 9, 19, 10], [13, 21, 14, 20], [19, 22, 20, 23], [5, 24, 6, 1], [7, 3, 8, 2], [23, 4, 24, 5], [15, 7, 16, 6], [8, 12, 9, 11], [10, 17, 11, 18], [21, 13, 22, 12], [3, 15, 4, 14]]"
12n_0421_80,"[[3, 15, 4, 14], [1, 16, 2, 17], [18, 9, 19, 10], [13, 21, 14, 20], [19, 22, 20, 23], [5, 24, 6, 1], [7, 3, 8, 2], [23, 4, 24, 5], [15, 7, 16, 6], [8, 12, 9, 11], [10, 17, 11, 18], [21, 13, 22, 12]]"
12n_0421_81,"[[21, 13, 22, 12], [3, 15, 4, 14], [1, 16, 2, 17], [18, 9, 19, 10], [13, 21, 14, 20], [19, 22, 20, 23], [5, 24, 6, 1], [7, 3, 8, 2], [23, 4, 24, 5], [15, 7, 16, 6], [8, 12, 9, 11], [10, 17, 11, 18]]"
12n_0421_82,"[[10, 17, 11, 18], [21, 13, 22, 12], [3, 15, 4, 14], [1, 16, 2, 17], [18, 9, 19, 10], [13, 21, 14, 20], [19, 22, 20, 23], [5, 24, 6, 1], [7, 3, 8, 2], [23, 4, 24, 5], [15, 7, 16, 6], [8, 12, 9, 11]]"
12n_0421_83,"[[8, 12, 9, 11], [10, 17, 11, 18], [21, 13, 22, 12], [3, 15, 4, 14], [1, 16, 2, 17], [18, 9, 19, 10], [13, 21, 14, 20], [19, 22, 20, 23], [5, 24, 6, 1], [7, 3, 8, 2], [23, 4, 24, 5], [15, 7, 16, 6]]"
12n_0421_84,"[[16, 8, 17, 7], [9, 13, 10, 12], [11, 18, 12, 19], [22, 14, 23, 13], [4, 16, 5, 15], [2, 17, 3, 18], [19, 10, 20, 11], [14, 22, 15, 21], [20, 23, 21, 24], [6, 1, 7, 2], [8, 4, 9, 3], [24, 5, 1, 6]]"
12n_0421_85,"[[24, 5, 1, 6], [16, 8, 17, 7], [9, 13, 10, 12], [11, 18, 12, 19], [22, 14, 23, 13], [4, 16, 5, 15], [2, 17, 3, 18], [19, 10, 20, 11], [14, 22, 15, 21], [20, 23, 21, 24], [6, 1, 7, 2], [8, 4, 9, 3]]"
12n_0421_86,"[[8, 4, 9, 3], [24, 5, 1, 6], [16, 8, 17, 7], [9, 13, 10, 12], [11, 18, 12, 19], [22, 14, 23, 13], [4, 16, 5, 15], [2, 17, 3, 18], [19, 10, 20, 11], [14, 22, 15, 21], [20, 23, 21, 24], [6, 1, 7, 2]]"
12n_0421_87,"[[6, 1, 7, 2], [8, 4, 9, 3], [24, 5, 1, 6], [16, 8, 17, 7], [9, 13, 10, 12], [11, 18, 12, 19], [22, 14, 23, 13], [4, 16, 5, 15], [2, 17, 3, 18], [19, 10, 20, 11], [14, 22, 15, 21], [20, 23, 21, 24]]"
12n_0421_88,"[[20, 23, 21, 24], [6, 1, 7, 2], [8, 4, 9, 3], [24, 5, 1, 6], [16, 8, 17, 7], [9, 13, 10, 12], [11, 18, 12, 19], [22, 14, 23, 13], [4, 16, 5, 15], [2, 17, 3, 18], [19, 10, 20, 11], [14, 22, 15, 21]]"
12n_0421_89,"[[14, 22, 15, 21], [20, 23, 21, 24], [6, 1, 7, 2], [8, 4, 9, 3], [24, 5, 1, 6], [16, 8, 17, 7], [9, 13, 10, 12], [11, 18, 12, 19], [22, 14, 23, 13], [4, 16, 5, 15], [2, 17, 3, 18], [19, 10, 20, 11]]"
12n_0421_90,"[[19, 10, 20, 11], [14, 22, 15, 21], [20, 23, 21, 24], [6, 1, 7, 2], [8, 4, 9, 3], [24, 5, 1, 6], [16, 8, 17, 7], [9, 13, 10, 12], [11, 18, 12, 19], [22, 14, 23, 13], [4, 16, 5, 15], [2, 17, 3, 18]]"
12n_0421_91,"[[2, 17, 3, 18], [19, 10, 20, 11], [14, 22, 15, 21], [20, 23, 21, 24], [6, 1, 7, 2], [8, 4, 9, 3], [24, 5, 1, 6], [16, 8, 17, 7], [9, 13, 10, 12], [11, 18, 12, 19], [22, 14, 23, 13], [4, 16, 5, 15]]"
12n_0421_92,"[[4, 16, 5, 15], [2, 17, 3, 18], [19, 10, 20, 11], [14, 22, 15, 21], [20, 23, 21, 24], [6, 1, 7, 2], [8, 4, 9, 3], [24, 5, 1, 6], [16, 8, 17, 7], [9, 13, 10, 12], [11, 18, 12, 19], [22, 14, 23, 13]]"
12n_0421_93,"[[22, 14, 23, 13], [4, 16, 5, 15], [2, 17, 3, 18], [19, 10, 20, 11], [14, 22, 15, 21], [20, 23, 21, 24], [6, 1, 7, 2], [8, 4, 9, 3], [24, 5, 1, 6], [16, 8, 17, 7], [9, 13, 10, 12], [11, 18, 12, 19]]"
12n_0421_94,"[[11, 18, 12, 19], [22, 14, 23, 13], [4, 16, 5, 15], [2, 17, 3, 18], [19, 10, 20, 11], [14, 22, 15, 21], [20, 23, 21, 24], [6, 1, 7, 2], [8, 4, 9, 3], [24, 5, 1, 6], [16, 8, 17, 7], [9, 13, 10, 12]]"
12n_0421_95,"[[9, 13, 10, 12], [11, 18, 12, 19], [22, 14, 23, 13], [4, 16, 5, 15], [2, 17, 3, 18], [19, 10, 20, 11], [14, 22, 15, 21], [20, 23, 21, 24], [6, 1, 7, 2], [8, 4, 9, 3], [24, 5, 1, 6], [16, 8, 17, 7]]"
12n_0421_96,"[[17, 9, 18, 8], [10, 14, 11, 13], [12, 19, 13, 20], [23, 15, 24, 14], [5, 17, 6, 16], [3, 18, 4, 19], [20, 11, 21, 12], [15, 23, 16, 22], [21, 24, 22, 1], [7, 2, 8, 3], [9, 5, 10, 4], [1, 6, 2, 7]]"
12n_0421_97,"[[1, 6, 2, 7], [17, 9, 18, 8], [10, 14, 11, 13], [12, 19, 13, 20], [23, 15, 24, 14], [5, 17, 6, 16], [3, 18, 4, 19], [20, 11, 21, 12], [15, 23, 16, 22], [21, 24, 22, 1], [7, 2, 8, 3], [9, 5, 10, 4]]"
12n_0421_98,"[[9, 5, 10, 4], [1, 6, 2, 7], [17, 9, 18, 8], [10, 14, 11, 13], [12, 19, 13, 20], [23, 15, 24, 14], [5, 17, 6, 16], [3, 18, 4, 19], [20, 11, 21, 12], [15, 23, 16, 22], [21, 24, 22, 1], [7, 2, 8, 3]]"
12n_0421_99,"[[7, 2, 8, 3], [9, 5, 10, 4], [1, 6, 2, 7], [17, 9, 18, 8], [10, 14, 11, 13], [12, 19, 13, 20], [23, 15, 24, 14], [5, 17, 6, 16], [3, 18, 4, 19], [20, 11, 21, 12], [15, 23, 16, 22], [21, 24, 22, 1]]"
12n_0421_100,"[[21, 24, 22, 1], [7, 2, 8, 3], [9, 5, 10, 4], [1, 6, 2, 7], [17, 9, 18, 8], [10, 14, 11, 13], [12, 19, 13, 20], [23, 15, 24, 14], [5, 17, 6, 16], [3, 18, 4, 19], [20, 11, 21, 12], [15, 23, 16, 22]]"
12n_0421_101,"[[15, 23, 16, 22], [21, 24, 22, 1], [7, 2, 8, 3], [9, 5, 10, 4], [1, 6, 2, 7], [17, 9, 18, 8], [10, 14, 11, 13], [12, 19, 13, 20], [23, 15, 24, 14], [5, 17, 6, 16], [3, 18, 4, 19], [20, 11, 21, 12]]"
12n_0421_102,"[[20, 11, 21, 12], [15, 23, 16, 22], [21, 24, 22, 1], [7, 2, 8, 3], [9, 5, 10, 4], [1, 6, 2, 7], [17, 9, 18, 8], [10, 14, 11, 13], [12, 19, 13, 20], [23, 15, 24, 14], [5, 17, 6, 16], [3, 18, 4, 19]]"
12n_0421_103,"[[3, 18, 4, 19], [20, 11, 21, 12], [15, 23, 16, 22], [21, 24, 22, 1], [7, 2, 8, 3], [9, 5, 10, 4], [1, 6, 2, 7], [17, 9, 18, 8], [10, 14, 11, 13], [12, 19, 13, 20], [23, 15, 24, 14], [5, 17, 6, 16]]"
12n_0421_104,"[[5, 17, 6, 16], [3, 18, 4, 19], [20, 11, 21, 12], [15, 23, 16, 22], [21, 24, 22, 1], [7, 2, 8, 3], [9, 5, 10, 4], [1, 6, 2, 7], [17, 9, 18, 8], [10, 14, 11, 13], [12, 19, 13, 20], [23, 15, 24, 14]]"
12n_0421_105,"[[23, 15, 24, 14], [5, 17, 6, 16], [3, 18, 4, 19], [20, 11, 21, 12], [15, 23, 16, 22], [21, 24, 22, 1], [7, 2, 8, 3], [9, 5, 10, 4], [1, 6, 2, 7], [17, 9, 18, 8], [10, 14, 11, 13], [12, 19, 13, 20]]"
12n_0421_106,"[[12, 19, 13, 20], [23, 15, 24, 14], [5, 17, 6, 16], [3, 18, 4, 19], [20, 11, 21, 12], [15, 23, 16, 22], [21, 24, 22, 1], [7, 2, 8, 3], [9, 5, 10, 4], [1, 6, 2, 7], [17, 9, 18, 8], [10, 14, 11, 13]]"
12n_0421_107,"[[10, 14, 11, 13], [12, 19, 13, 20], [23, 15, 24, 14], [5, 17, 6, 16], [3, 18, 4, 19], [20, 11, 21, 12], [15, 23, 16, 22], [21, 24, 22, 1], [7, 2, 8, 3], [9, 5, 10, 4], [1, 6, 2, 7], [17, 9, 18, 8]]"
12n_0421_108,"[[18, 10, 19, 9], [11, 15, 12, 14], [13, 20, 14, 21], [24, 16, 1, 15], [6, 18, 7, 17], [4, 19, 5, 20], [21, 12, 22, 13], [16, 24, 17, 23], [22, 1, 23, 2], [8, 3, 9, 4], [10, 6, 11, 5], [2, 7, 3, 8]]"
12n_0421_109,"[[2, 7, 3, 8], [18, 10, 19, 9], [11, 15, 12, 14], [13, 20, 14, 21], [24, 16, 1, 15], [6, 18, 7, 17], [4, 19, 5, 20], [21, 12, 22, 13], [16, 24, 17, 23], [22, 1, 23, 2], [8, 3, 9, 4], [10, 6, 11, 5]]"
12n_0421_110,"[[10, 6, 11, 5], [2, 7, 3, 8], [18, 10, 19, 9], [11, 15, 12, 14], [13, 20, 14, 21], [24, 16, 1, 15], [6, 18, 7, 17], [4, 19, 5, 20], [21, 12, 22, 13], [16, 24, 17, 23], [22, 1, 23, 2], [8, 3, 9, 4]]"
12n_0421_111,"[[8, 3, 9, 4], [10, 6, 11, 5], [2, 7, 3, 8], [18, 10, 19, 9], [11, 15, 12, 14], [13, 20, 14, 21], [24, 16, 1, 15], [6, 18, 7, 17], [4, 19, 5, 20], [21, 12, 22, 13], [16, 24, 17, 23], [22, 1, 23, 2]]"
12n_0421_112,"[[22, 1, 23, 2], [8, 3, 9, 4], [10, 6, 11, 5], [2, 7, 3, 8], [18, 10, 19, 9], [11, 15, 12, 14], [13, 20, 14, 21], [24, 16, 1, 15], [6, 18, 7, 17], [4, 19, 5, 20], [21, 12, 22, 13], [16, 24, 17, 23]]"
12n_0421_113,"[[16, 24, 17, 23], [22, 1, 23, 2], [8, 3, 9, 4], [10, 6, 11, 5], [2, 7, 3, 8], [18, 10, 19, 9], [11, 15, 12, 14], [13, 20, 14, 21], [24, 16, 1, 15], [6, 18, 7, 17], [4, 19, 5, 20], [21, 12, 22, 13]]"
12n_0421_114,"[[21, 12, 22, 13], [16, 24, 17, 23], [22, 1, 23, 2], [8, 3, 9, 4], [10, 6, 11, 5], [2, 7, 3, 8], [18, 10, 19, 9], [11, 15, 12, 14], [13, 20, 14, 21], [24, 16, 1, 15], [6, 18, 7, 17], [4, 19, 5, 20]]"
12n_0421_115,"[[4, 19, 5, 20], [21, 12, 22, 13], [16, 24, 17, 23], [22, 1, 23, 2], [8, 3, 9, 4], [10, 6, 11, 5], [2, 7, 3, 8], [18, 10, 19, 9], [11, 15, 12, 14], [13, 20, 14, 21], [24, 16, 1, 15], [6, 18, 7, 17]]"
12n_0421_116,"[[6, 18, 7, 17], [4, 19, 5, 20], [21, 12, 22, 13], [16, 24, 17, 23], [22, 1, 23, 2], [8, 3, 9, 4], [10, 6, 11, 5], [2, 7, 3, 8], [18, 10, 19, 9], [11, 15, 12, 14], [13, 20, 14, 21], [24, 16, 1, 15]]"
12n_0421_117,"[[24, 16, 1, 15], [6, 18, 7, 17], [4, 19, 5, 20], [21, 12, 22, 13], [16, 24, 17, 23], [22, 1, 23, 2], [8, 3, 9, 4], [10, 6, 11, 5], [2, 7, 3, 8], [18, 10, 19, 9], [11, 15, 12, 14], [13, 20, 14, 21]]"
12n_0421_118,"[[13, 20, 14, 21], [24, 16, 1, 15], [6, 18, 7, 17], [4, 19, 5, 20], [21, 12, 22, 13], [16, 24, 17, 23], [22, 1, 23, 2], [8, 3, 9, 4], [10, 6, 11, 5], [2, 7, 3, 8], [18, 10, 19, 9], [11, 15, 12, 14]]"
12n_0421_119,"[[11, 15, 12, 14], [13, 20, 14, 21], [24, 16, 1, 15], [6, 18, 7, 17], [4, 19, 5, 20], [21, 12, 22, 13], [16, 24, 17, 23], [22, 1, 23, 2], [8, 3, 9, 4], [10, 6, 11, 5], [2, 7, 3, 8], [18, 10, 19, 9]]"
12n_0421_120,"[[19, 11, 20, 10], [12, 16, 13, 15], [14, 21, 15, 22], [1, 17, 2, 16], [7, 19, 8, 18], [5, 20, 6, 21], [22, 13, 23, 14], [17, 1, 18, 24], [23, 2, 24, 3], [9, 4, 10, 5], [11, 7, 12, 6], [3, 8, 4, 9]]"
12n_0421_121,"[[3, 8, 4, 9], [19, 11, 20, 10], [12, 16, 13, 15], [14, 21, 15, 22], [1, 17, 2, 16], [7, 19, 8, 18], [5, 20, 6, 21], [22, 13, 23, 14], [17, 1, 18, 24], [23, 2, 24, 3], [9, 4, 10, 5], [11, 7, 12, 6]]"
12n_0421_122,"[[11, 7, 12, 6], [3, 8, 4, 9], [19, 11, 20, 10], [12, 16, 13, 15], [14, 21, 15, 22], [1, 17, 2, 16], [7, 19, 8, 18], [5, 20, 6, 21], [22, 13, 23, 14], [17, 1, 18, 24], [23, 2, 24, 3], [9, 4, 10, 5]]"
12n_0421_123,"[[9, 4, 10, 5], [11, 7, 12, 6], [3, 8, 4, 9], [19, 11, 20, 10], [12, 16, 13, 15], [14, 21, 15, 22], [1, 17, 2, 16], [7, 19, 8, 18], [5, 20, 6, 21], [22, 13, 23, 14], [17, 1, 18, 24], [23, 2, 24, 3]]"
12n_0421_124,"[[23, 2, 24, 3], [9, 4, 10, 5], [11, 7, 12, 6], [3, 8, 4, 9], [19, 11, 20, 10], [12, 16, 13, 15], [14, 21, 15, 22], [1, 17, 2, 16], [7, 19, 8, 18], [5, 20, 6, 21], [22, 13, 23, 14], [17, 1, 18, 24]]"
12n_0421_125,"[[17, 1, 18, 24], [23, 2, 24, 3], [9, 4, 10, 5], [11, 7, 12, 6], [3, 8, 4, 9], [19, 11, 20, 10], [12, 16, 13, 15], [14, 21, 15, 22], [1, 17, 2, 16], [7, 19, 8, 18], [5, 20, 6, 21], [22, 13, 23, 14]]"
12n_0421_126,"[[22, 13, 23, 14], [17, 1, 18, 24], [23, 2, 24, 3], [9, 4, 10, 5], [11, 7, 12, 6], [3, 8, 4, 9], [19, 11, 20, 10], [12, 16, 13, 15], [14, 21, 15, 22], [1, 17, 2, 16], [7, 19, 8, 18], [5, 20, 6, 21]]"
12n_0421_127,"[[5, 20, 6, 21], [22, 13, 23, 14], [17, 1, 18, 24], [23, 2, 24, 3], [9, 4, 10, 5], [11, 7, 12, 6], [3, 8, 4, 9], [19, 11, 20, 10], [12, 16, 13, 15], [14, 21, 15, 22], [1, 17, 2, 16], [7, 19, 8, 18]]"
12n_0421_128,"[[7, 19, 8, 18], [5, 20, 6, 21], [22, 13, 23, 14], [17, 1, 18, 24], [23, 2, 24, 3], [9, 4, 10, 5], [11, 7, 12, 6], [3, 8, 4, 9], [19, 11, 20, 10], [12, 16, 13, 15], [14, 21, 15, 22], [1, 17, 2, 16]]"
12n_0421_129,"[[1, 17, 2, 16], [7, 19, 8, 18], [5, 20, 6, 21], [22, 13, 23, 14], [17, 1, 18, 24], [23, 2, 24, 3], [9, 4, 10, 5], [11, 7, 12, 6], [3, 8, 4, 9], [19, 11, 20, 10], [12, 16, 13, 15], [14, 21, 15, 22]]"
12n_0421_130,"[[14, 21, 15, 22], [1, 17, 2, 16], [7, 19, 8, 18], [5, 20, 6, 21], [22, 13, 23, 14], [17, 1, 18, 24], [23, 2, 24, 3], [9, 4, 10, 5], [11, 7, 12, 6], [3, 8, 4, 9], [19, 11, 20, 10], [12, 16, 13, 15]]"
12n_0421_131,"[[12, 16, 13, 15], [14, 21, 15, 22], [1, 17, 2, 16], [7, 19, 8, 18], [5, 20, 6, 21], [22, 13, 23, 14], [17, 1, 18, 24], [23, 2, 24, 3], [9, 4, 10, 5], [11, 7, 12, 6], [3, 8, 4, 9], [19, 11, 20, 10]]"
12n_0421_132,"[[20, 12, 21, 11], [13, 17, 14, 16], [15, 22, 16, 23], [2, 18, 3, 17], [8, 20, 9, 19], [6, 21, 7, 22], [23, 14, 24, 15], [18, 2, 19, 1], [24, 3, 1, 4], [10, 5, 11, 6], [12, 8, 13, 7], [4, 9, 5, 10]]"
12n_0421_133,"[[4, 9, 5, 10], [20, 12, 21, 11], [13, 17, 14, 16], [15, 22, 16, 23], [2, 18, 3, 17], [8, 20, 9, 19], [6, 21, 7, 22], [23, 14, 24, 15], [18, 2, 19, 1], [24, 3, 1, 4], [10, 5, 11, 6], [12, 8, 13, 7]]"
12n_0421_134,"[[12, 8, 13, 7], [4, 9, 5, 10], [20, 12, 21, 11], [13, 17, 14, 16], [15, 22, 16, 23], [2, 18, 3, 17], [8, 20, 9, 19], [6, 21, 7, 22], [23, 14, 24, 15], [18, 2, 19, 1], [24, 3, 1, 4], [10, 5, 11, 6]]"
12n_0421_135,"[[10, 5, 11, 6], [12, 8, 13, 7], [4, 9, 5, 10], [20, 12, 21, 11], [13, 17, 14, 16], [15, 22, 16, 23], [2, 18, 3, 17], [8, 20, 9, 19], [6, 21, 7, 22], [23, 14, 24, 15], [18, 2, 19, 1], [24, 3, 1, 4]]"
12n_0421_136,"[[24, 3, 1, 4], [10, 5, 11, 6], [12, 8, 13, 7], [4, 9, 5, 10], [20, 12, 21, 11], [13, 17, 14, 16], [15, 22, 16, 23], [2, 18, 3, 17], [8, 20, 9, 19], [6, 21, 7, 22], [23, 14, 24, 15], [18, 2, 19, 1]]"
12n_0421_137,"[[18, 2, 19, 1], [24, 3, 1, 4], [10, 5, 11, 6], [12, 8, 13, 7], [4, 9, 5, 10], [20, 12, 21, 11], [13, 17, 14, 16], [15, 22, 16, 23], [2, 18, 3, 17], [8, 20, 9, 19], [6, 21, 7, 22], [23, 14, 24, 15]]"
12n_0421_138,"[[23, 14, 24, 15], [18, 2, 19, 1], [24, 3, 1, 4], [10, 5, 11, 6], [12, 8, 13, 7], [4, 9, 5, 10], [20, 12, 21, 11], [13, 17, 14, 16], [15, 22, 16, 23], [2, 18, 3, 17], [8, 20, 9, 19], [6, 21, 7, 22]]"
12n_0421_139,"[[6, 21, 7, 22], [23, 14, 24, 15], [18, 2, 19, 1], [24, 3, 1, 4], [10, 5, 11, 6], [12, 8, 13, 7], [4, 9, 5, 10], [20, 12, 21, 11], [13, 17, 14, 16], [15, 22, 16, 23], [2, 18, 3, 17], [8, 20, 9, 19]]"
12n_0421_140,"[[8, 20, 9, 19], [6, 21, 7, 22], [23, 14, 24, 15], [18, 2, 19, 1], [24, 3, 1, 4], [10, 5, 11, 6], [12, 8, 13, 7], [4, 9, 5, 10], [20, 12, 21, 11], [13, 17, 14, 16], [15, 22, 16, 23], [2, 18, 3, 17]]"
12n_0421_141,"[[2, 18, 3, 17], [8, 20, 9, 19], [6, 21, 7, 22], [23, 14, 24, 15], [18, 2, 19, 1], [24, 3, 1, 4], [10, 5, 11, 6], [12, 8, 13, 7], [4, 9, 5, 10], [20, 12, 21, 11], [13, 17, 14, 16], [15, 22, 16, 23]]"
12n_0421_142,"[[15, 22, 16, 23], [2, 18, 3, 17], [8, 20, 9, 19], [6, 21, 7, 22], [23, 14, 24, 15], [18, 2, 19, 1], [24, 3, 1, 4], [10, 5, 11, 6], [12, 8, 13, 7], [4, 9, 5, 10], [20, 12, 21, 11], [13, 17, 14, 16]]"
12n_0421_143,"[[13, 17, 14, 16], [15, 22, 16, 23], [2, 18, 3, 17], [8, 20, 9, 19], [6, 21, 7, 22], [23, 14, 24, 15], [18, 2, 19, 1], [24, 3, 1, 4], [10, 5, 11, 6], [12, 8, 13, 7], [4, 9, 5, 10], [20, 12, 21, 11]]"
12n_0421_144,"[[21, 13, 22, 12], [14, 18, 15, 17], [16, 23, 17, 24], [3, 19, 4, 18], [9, 21, 10, 20], [7, 22, 8, 23], [24, 15, 1, 16], [19, 3, 20, 2], [1, 4, 2, 5], [11, 6, 12, 7], [13, 9, 14, 8], [5, 10, 6, 11]]"
12n_0421_145,"[[5, 10, 6, 11], [21, 13, 22, 12], [14, 18, 15, 17], [16, 23, 17, 24], [3, 19, 4, 18], [9, 21, 10, 20], [7, 22, 8, 23], [24, 15, 1, 16], [19, 3, 20, 2], [1, 4, 2, 5], [11, 6, 12, 7], [13, 9, 14, 8]]"
12n_0421_146,"[[13, 9, 14, 8], [5, 10, 6, 11], [21, 13, 22, 12], [14, 18, 15, 17], [16, 23, 17, 24], [3, 19, 4, 18], [9, 21, 10, 20], [7, 22, 8, 23], [24, 15, 1, 16], [19, 3, 20, 2], [1, 4, 2, 5], [11, 6, 12, 7]]"
12n_0421_147,"[[11, 6, 12, 7], [13, 9, 14, 8], [5, 10, 6, 11], [21, 13, 22, 12], [14, 18, 15, 17], [16, 23, 17, 24], [3, 19, 4, 18], [9, 21, 10, 20], [7, 22, 8, 23], [24, 15, 1, 16], [19, 3, 20, 2], [1, 4, 2, 5]]"
12n_0421_148,"[[1, 4, 2, 5], [11, 6, 12, 7], [13, 9, 14, 8], [5, 10, 6, 11], [21, 13, 22, 12], [14, 18, 15, 17], [16, 23, 17, 24], [3, 19, 4, 18], [9, 21, 10, 20], [7, 22, 8, 23], [24, 15, 1, 16], [19, 3, 20, 2]]"
12n_0421_149,"[[19, 3, 20, 2], [1, 4, 2, 5], [11, 6, 12, 7], [13, 9, 14, 8], [5, 10, 6, 11], [21, 13, 22, 12], [14, 18, 15, 17], [16, 23, 17, 24], [3, 19, 4, 18], [9, 21, 10, 20], [7, 22, 8, 23], [24, 15, 1, 16]]"
12n_0421_150,"[[24, 15, 1, 16], [19, 3, 20, 2], [1, 4, 2, 5], [11, 6, 12, 7], [13, 9, 14, 8], [5, 10, 6, 11], [21, 13, 22, 12], [14, 18, 15, 17], [16, 23, 17, 24], [3, 19, 4, 18], [9, 21, 10, 20], [7, 22, 8, 23]]"
12n_0421_151,"[[7, 22, 8, 23], [24, 15, 1, 16], [19, 3, 20, 2], [1, 4, 2, 5], [11, 6, 12, 7], [13, 9, 14, 8], [5, 10, 6, 11], [21, 13, 22, 12], [14, 18, 15, 17], [16, 23, 17, 24], [3, 19, 4, 18], [9, 21, 10, 20]]"
12n_0421_152,"[[9, 21, 10, 20], [7, 22, 8, 23], [24, 15, 1, 16], [19, 3, 20, 2], [1, 4, 2, 5], [11, 6, 12, 7], [13, 9, 14, 8], [5, 10, 6, 11], [21, 13, 22, 12], [14, 18, 15, 17], [16, 23, 17, 24], [3, 19, 4, 18]]"
12n_0421_153,"[[3, 19, 4, 18], [9, 21, 10, 20], [7, 22, 8, 23], [24, 15, 1, 16], [19, 3, 20, 2], [1, 4, 2, 5], [11, 6, 12, 7], [13, 9, 14, 8], [5, 10, 6, 11], [21, 13, 22, 12], [14, 18, 15, 17], [16, 23, 17, 24]]"
12n_0421_154,"[[16, 23, 17, 24], [3, 19, 4, 18], [9, 21, 10, 20], [7, 22, 8, 23], [24, 15, 1, 16], [19, 3, 20, 2], [1, 4, 2, 5], [11, 6, 12, 7], [13, 9, 14, 8], [5, 10, 6, 11], [21, 13, 22, 12], [14, 18, 15, 17]]"
12n_0421_155,"[[14, 18, 15, 17], [16, 23, 17, 24], [3, 19, 4, 18], [9, 21, 10, 20], [7, 22, 8, 23], [24, 15, 1, 16], [19, 3, 20, 2], [1, 4, 2, 5], [11, 6, 12, 7], [13, 9, 14, 8], [5, 10, 6, 11], [21, 13, 22, 12]]"
12n_0421_156,"[[22, 14, 23, 13], [15, 19, 16, 18], [17, 24, 18, 1], [4, 20, 5, 19], [10, 22, 11, 21], [8, 23, 9, 24], [1, 16, 2, 17], [20, 4, 21, 3], [2, 5, 3, 6], [12, 7, 13, 8], [14, 10, 15, 9], [6, 11, 7, 12]]"
12n_0421_157,"[[6, 11, 7, 12], [22, 14, 23, 13], [15, 19, 16, 18], [17, 24, 18, 1], [4, 20, 5, 19], [10, 22, 11, 21], [8, 23, 9, 24], [1, 16, 2, 17], [20, 4, 21, 3], [2, 5, 3, 6], [12, 7, 13, 8], [14, 10, 15, 9]]"
12n_0421_158,"[[14, 10, 15, 9], [6, 11, 7, 12], [22, 14, 23, 13], [15, 19, 16, 18], [17, 24, 18, 1], [4, 20, 5, 19], [10, 22, 11, 21], [8, 23, 9, 24], [1, 16, 2, 17], [20, 4, 21, 3], [2, 5, 3, 6], [12, 7, 13, 8]]"
12n_0421_159,"[[12, 7, 13, 8], [14, 10, 15, 9], [6, 11, 7, 12], [22, 14, 23, 13], [15, 19, 16, 18], [17, 24, 18, 1], [4, 20, 5, 19], [10, 22, 11, 21], [8, 23, 9, 24], [1, 16, 2, 17], [20, 4, 21, 3], [2, 5, 3, 6]]"
12n_0421_160,"[[2, 5, 3, 6], [12, 7, 13, 8], [14, 10, 15, 9], [6, 11, 7, 12], [22, 14, 23, 13], [15, 19, 16, 18], [17, 24, 18, 1], [4, 20, 5, 19], [10, 22, 11, 21], [8, 23, 9, 24], [1, 16, 2, 17], [20, 4, 21, 3]]"
12n_0421_161,"[[20, 4, 21, 3], [2, 5, 3, 6], [12, 7, 13, 8], [14, 10, 15, 9], [6, 11, 7, 12], [22, 14, 23, 13], [15, 19, 16, 18], [17, 24, 18, 1], [4, 20, 5, 19], [10, 22, 11, 21], [8, 23, 9, 24], [1, 16, 2, 17]]"
12n_0421_162,"[[1, 16, 2, 17], [20, 4, 21, 3], [2, 5, 3, 6], [12, 7, 13, 8], [14, 10, 15, 9], [6, 11, 7, 12], [22, 14, 23, 13], [15, 19, 16, 18], [17, 24, 18, 1], [4, 20, 5, 19], [10, 22, 11, 21], [8, 23, 9, 24]]"
12n_0421_163,"[[8, 23, 9, 24], [1, 16, 2, 17], [20, 4, 21, 3], [2, 5, 3, 6], [12, 7, 13, 8], [14, 10, 15, 9], [6, 11, 7, 12], [22, 14, 23, 13], [15, 19, 16, 18], [17, 24, 18, 1], [4, 20, 5, 19], [10, 22, 11, 21]]"
12n_0421_164,"[[10, 22, 11, 21], [8, 23, 9, 24], [1, 16, 2, 17], [20, 4, 21, 3], [2, 5, 3, 6], [12, 7, 13, 8], [14, 10, 15, 9], [6, 11, 7, 12], [22, 14, 23, 13], [15, 19, 16, 18], [17, 24, 18, 1], [4, 20, 5, 19]]"
12n_0421_165,"[[4, 20, 5, 19], [10, 22, 11, 21], [8, 23, 9, 24], [1, 16, 2, 17], [20, 4, 21, 3], [2, 5, 3, 6], [12, 7, 13, 8], [14, 10, 15, 9], [6, 11, 7, 12], [22, 14, 23, 13], [15, 19, 16, 18], [17, 24, 18, 1]]"
12n_0421_166,"[[17, 24, 18, 1], [4, 20, 5, 19], [10, 22, 11, 21], [8, 23, 9, 24], [1, 16, 2, 17], [20, 4, 21, 3], [2, 5, 3, 6], [12, 7, 13, 8], [14, 10, 15, 9], [6, 11, 7, 12], [22, 14, 23, 13], [15, 19, 16, 18]]"
12n_0421_167,"[[15, 19, 16, 18], [17, 24, 18, 1], [4, 20, 5, 19], [10, 22, 11, 21], [8, 23, 9, 24], [1, 16, 2, 17], [20, 4, 21, 3], [2, 5, 3, 6], [12, 7, 13, 8], [14, 10, 15, 9], [6, 11, 7, 12], [22, 14, 23, 13]]"
12n_0421_168,"[[23, 15, 24, 14], [16, 20, 17, 19], [18, 1, 19, 2], [5, 21, 6, 20], [11, 23, 12, 22], [9, 24, 10, 1], [2, 17, 3, 18], [21, 5, 22, 4], [3, 6, 4, 7], [13, 8, 14, 9], [15, 11, 16, 10], [7, 12, 8, 13]]"
12n_0421_169,"[[7, 12, 8, 13], [23, 15, 24, 14], [16, 20, 17, 19], [18, 1, 19, 2], [5, 21, 6, 20], [11, 23, 12, 22], [9, 24, 10, 1], [2, 17, 3, 18], [21, 5, 22, 4], [3, 6, 4, 7], [13, 8, 14, 9], [15, 11, 16, 10]]"
12n_0421_170,"[[15, 11, 16, 10], [7, 12, 8, 13], [23, 15, 24, 14], [16, 20, 17, 19], [18, 1, 19, 2], [5, 21, 6, 20], [11, 23, 12, 22], [9, 24, 10, 1], [2, 17, 3, 18], [21, 5, 22, 4], [3, 6, 4, 7], [13, 8, 14, 9]]"
12n_0421_171,"[[13, 8, 14, 9], [15, 11, 16, 10], [7, 12, 8, 13], [23, 15, 24, 14], [16, 20, 17, 19], [18, 1, 19, 2], [5, 21, 6, 20], [11, 23, 12, 22], [9, 24, 10, 1], [2, 17, 3, 18], [21, 5, 22, 4], [3, 6, 4, 7]]"
12n_0421_172,"[[3, 6, 4, 7], [13, 8, 14, 9], [15, 11, 16, 10], [7, 12, 8, 13], [23, 15, 24, 14], [16, 20, 17, 19], [18, 1, 19, 2], [5, 21, 6, 20], [11, 23, 12, 22], [9, 24, 10, 1], [2, 17, 3, 18], [21, 5, 22, 4]]"
12n_0421_173,"[[21, 5, 22, 4], [3, 6, 4, 7], [13, 8, 14, 9], [15, 11, 16, 10], [7, 12, 8, 13], [23, 15, 24, 14], [16, 20, 17, 19], [18, 1, 19, 2], [5, 21, 6, 20], [11, 23, 12, 22], [9, 24, 10, 1], [2, 17, 3, 18]]"
12n_0421_174,"[[2, 17, 3, 18], [21, 5, 22, 4], [3, 6, 4, 7], [13, 8, 14, 9], [15, 11, 16, 10], [7, 12, 8, 13], [23, 15, 24, 14], [16, 20, 17, 19], [18, 1, 19, 2], [5, 21, 6, 20], [11, 23, 12, 22], [9, 24, 10, 1]]"
12n_0421_175,"[[9, 24, 10, 1], [2, 17, 3, 18], [21, 5, 22, 4], [3, 6, 4, 7], [13, 8, 14, 9], [15, 11, 16, 10], [7, 12, 8, 13], [23, 15, 24, 14], [16, 20, 17, 19], [18, 1, 19, 2], [5, 21, 6, 20], [11, 23, 12, 22]]"
12n_0421_176,"[[11, 23, 12, 22], [9, 24, 10, 1], [2, 17, 3, 18], [21, 5, 22, 4], [3, 6, 4, 7], [13, 8, 14, 9], [15, 11, 16, 10], [7, 12, 8, 13], [23, 15, 24, 14], [16, 20, 17, 19], [18, 1, 19, 2], [5, 21, 6, 20]]"
12n_0421_177,"[[5, 21, 6, 20], [11, 23, 12, 22], [9, 24, 10, 1], [2, 17, 3, 18], [21, 5, 22, 4], [3, 6, 4, 7], [13, 8, 14, 9], [15, 11, 16, 10], [7, 12, 8, 13], [23, 15, 24, 14], [16, 20, 17, 19], [18, 1, 19, 2]]"
12n_0421_178,"[[18, 1, 19, 2], [5, 21, 6, 20], [11, 23, 12, 22], [9, 24, 10, 1], [2, 17, 3, 18], [21, 5, 22, 4], [3, 6, 4, 7], [13, 8, 14, 9], [15, 11, 16, 10], [7, 12, 8, 13], [23, 15, 24, 14], [16, 20, 17, 19]]"
12n_0421_179,"[[16, 20, 17, 19], [18, 1, 19, 2], [5, 21, 6, 20], [11, 23, 12, 22], [9, 24, 10, 1], [2, 17, 3, 18], [21, 5, 22, 4], [3, 6, 4, 7], [13, 8, 14, 9], [15, 11, 16, 10], [7, 12, 8, 13], [23, 15, 24, 14]]"
12n_0421_180,"[[24, 16, 1, 15], [17, 21, 18, 20], [19, 2, 20, 3], [6, 22, 7, 21], [12, 24, 13, 23], [10, 1, 11, 2], [3, 18, 4, 19], [22, 6, 23, 5], [4, 7, 5, 8], [14, 9, 15, 10], [16, 12, 17, 11], [8, 13, 9, 14]]"
12n_0421_181,"[[8, 13, 9, 14], [24, 16, 1, 15], [17, 21, 18, 20], [19, 2, 20, 3], [6, 22, 7, 21], [12, 24, 13, 23], [10, 1, 11, 2], [3, 18, 4, 19], [22, 6, 23, 5], [4, 7, 5, 8], [14, 9, 15, 10], [16, 12, 17, 11]]"
12n_0421_182,"[[16, 12, 17, 11], [8, 13, 9, 14], [24, 16, 1, 15], [17, 21, 18, 20], [19, 2, 20, 3], [6, 22, 7, 21], [12, 24, 13, 23], [10, 1, 11, 2], [3, 18, 4, 19], [22, 6, 23, 5], [4, 7, 5, 8], [14, 9, 15, 10]]"
12n_0421_183,"[[14, 9, 15, 10], [16, 12, 17, 11], [8, 13, 9, 14], [24, 16, 1, 15], [17, 21, 18, 20], [19, 2, 20, 3], [6, 22, 7, 21], [12, 24, 13, 23], [10, 1, 11, 2], [3, 18, 4, 19], [22, 6, 23, 5], [4, 7, 5, 8]]"
12n_0421_184,"[[4, 7, 5, 8], [14, 9, 15, 10], [16, 12, 17, 11], [8, 13, 9, 14], [24, 16, 1, 15], [17, 21, 18, 20], [19, 2, 20, 3], [6, 22, 7, 21], [12, 24, 13, 23], [10, 1, 11, 2], [3, 18, 4, 19], [22, 6, 23, 5]]"
12n_0421_185,"[[22, 6, 23, 5], [4, 7, 5, 8], [14, 9, 15, 10], [16, 12, 17, 11], [8, 13, 9, 14], [24, 16, 1, 15], [17, 21, 18, 20], [19, 2, 20, 3], [6, 22, 7, 21], [12, 24, 13, 23], [10, 1, 11, 2], [3, 18, 4, 19]]"
