name,pd_notation
12n_0549_0,"[[9, 1, 10, 24], [2, 6, 3, 5], [4, 14, 5, 13], [6, 16, 7, 15], [17, 9, 18, 8], [19, 10, 20, 11], [12, 4, 13, 3], [14, 12, 15, 11], [21, 17, 22, 16], [23, 18, 24, 19], [1, 21, 2, 20], [7, 22, 8, 23]]"
12n_0549_1,"[[7, 22, 8, 23], [9, 1, 10, 24], [2, 6, 3, 5], [4, 14, 5, 13], [6, 16, 7, 15], [17, 9, 18, 8], [19, 10, 20, 11], [12, 4, 13, 3], [14, 12, 15, 11], [21, 17, 22, 16], [23, 18, 24, 19], [1, 21, 2, 20]]"
12n_0549_2,"[[1, 21, 2, 20], [7, 22, 8, 23], [9, 1, 10, 24], [2, 6, 3, 5], [4, 14, 5, 13], [6, 16, 7, 15], [17, 9, 18, 8], [19, 10, 20, 11], [12, 4, 13, 3], [14, 12, 15, 11], [21, 17, 22, 16], [23, 18, 24, 19]]"
12n_0549_3,"[[23, 18, 24, 19], [1, 21, 2, 20], [7, 22, 8, 23], [9, 1, 10, 24], [2, 6, 3, 5], [4, 14, 5, 13], [6, 16, 7, 15], [17, 9, 18, 8], [19, 10, 20, 11], [12, 4, 13, 3], [14, 12, 15, 11], [21, 17, 22, 16]]"
12n_0549_4,"[[21, 17, 22, 16], [23, 18, 24, 19], [1, 21, 2, 20], [7, 22, 8, 23], [9, 1, 10, 24], [2, 6, 3, 5], [4, 14, 5, 13], [6, 16, 7, 15], [17, 9, 18, 8], [19, 10, 20, 11], [12, 4, 13, 3], [14, 12, 15, 11]]"
12n_0549_5,"[[14, 12, 15, 11], [21, 17, 22, 16], [23, 18, 24, 19], [1, 21, 2, 20], [7, 22, 8, 23], [9, 1, 10, 24], [2, 6, 3, 5], [4, 14, 5, 13], [6, 16, 7, 15], [17, 9, 18, 8], [19, 10, 20, 11], [12, 4, 13, 3]]"
12n_0549_6,"[[12, 4, 13, 3], [14, 12, 15, 11], [21, 17, 22, 16], [23, 18, 24, 19], [1, 21, 2, 20], [7, 22, 8, 23], [9, 1, 10, 24], [2, 6, 3, 5], [4, 14, 5, 13], [6, 16, 7, 15], [17, 9, 18, 8], [19, 10, 20, 11]]"
12n_0549_7,"[[19, 10, 20, 11], [12, 4, 13, 3], [14, 12, 15, 11], [21, 17, 22, 16], [23, 18, 24, 19], [1, 21, 2, 20], [7, 22, 8, 23], [9, 1, 10, 24], [2, 6, 3, 5], [4, 14, 5, 13], [6, 16, 7, 15], [17, 9, 18, 8]]"
12n_0549_8,"[[17, 9, 18, 8], [19, 10, 20, 11], [12, 4, 13, 3], [14, 12, 15, 11], [21, 17, 22, 16], [23, 18, 24, 19], [1, 21, 2, 20], [7, 22, 8, 23], [9, 1, 10, 24], [2, 6, 3, 5], [4, 14, 5, 13], [6, 16, 7, 15]]"
12n_0549_9,"[[6, 16, 7, 15], [17, 9, 18, 8], [19, 10, 20, 11], [12, 4, 13, 3], [14, 12, 15, 11], [21, 17, 22, 16], [23, 18, 24, 19], [1, 21, 2, 20], [7, 22, 8, 23], [9, 1, 10, 24], [2, 6, 3, 5], [4, 14, 5, 13]]"
12n_0549_10,"[[4, 14, 5, 13], [6, 16, 7, 15], [17, 9, 18, 8], [19, 10, 20, 11], [12, 4, 13, 3], [14, 12, 15, 11], [21, 17, 22, 16], [23, 18, 24, 19], [1, 21, 2, 20], [7, 22, 8, 23], [9, 1, 10, 24], [2, 6, 3, 5]]"
12n_0549_11,"[[2, 6, 3, 5], [4, 14, 5, 13], [6, 16, 7, 15], [17, 9, 18, 8], [19, 10, 20, 11], [12, 4, 13, 3], [14, 12, 15, 11], [21, 17, 22, 16], [23, 18, 24, 19], [1, 21, 2, 20], [7, 22, 8, 23], [9, 1, 10, 24]]"
12n_0549_12,"[[10, 2, 11, 1], [3, 7, 4, 6], [5, 15, 6, 14], [7, 17, 8, 16], [18, 10, 19, 9], [20, 11, 21, 12], [13, 5, 14, 4], [15, 13, 16, 12], [22, 18, 23, 17], [24, 19, 1, 20], [2, 22, 3, 21], [8, 23, 9, 24]]"
12n_0549_13,"[[8, 23, 9, 24], [10, 2, 11, 1], [3, 7, 4, 6], [5, 15, 6, 14], [7, 17, 8, 16], [18, 10, 19, 9], [20, 11, 21, 12], [13, 5, 14, 4], [15, 13, 16, 12], [22, 18, 23, 17], [24, 19, 1, 20], [2, 22, 3, 21]]"
12n_0549_14,"[[2, 22, 3, 21], [8, 23, 9, 24], [10, 2, 11, 1], [3, 7, 4, 6], [5, 15, 6, 14], [7, 17, 8, 16], [18, 10, 19, 9], [20, 11, 21, 12], [13, 5, 14, 4], [15, 13, 16, 12], [22, 18, 23, 17], [24, 19, 1, 20]]"
12n_0549_15,"[[24, 19, 1, 20], [2, 22, 3, 21], [8, 23, 9, 24], [10, 2, 11, 1], [3, 7, 4, 6], [5, 15, 6, 14], [7, 17, 8, 16], [18, 10, 19, 9], [20, 11, 21, 12], [13, 5, 14, 4], [15, 13, 16, 12], [22, 18, 23, 17]]"
12n_0549_16,"[[22, 18, 23, 17], [24, 19, 1, 20], [2, 22, 3, 21], [8, 23, 9, 24], [10, 2, 11, 1], [3, 7, 4, 6], [5, 15, 6, 14], [7, 17, 8, 16], [18, 10, 19, 9], [20, 11, 21, 12], [13, 5, 14, 4], [15, 13, 16, 12]]"
12n_0549_17,"[[15, 13, 16, 12], [22, 18, 23, 17], [24, 19, 1, 20], [2, 22, 3, 21], [8, 23, 9, 24], [10, 2, 11, 1], [3, 7, 4, 6], [5, 15, 6, 14], [7, 17, 8, 16], [18, 10, 19, 9], [20, 11, 21, 12], [13, 5, 14, 4]]"
12n_0549_18,"[[13, 5, 14, 4], [15, 13, 16, 12], [22, 18, 23, 17], [24, 19, 1, 20], [2, 22, 3, 21], [8, 23, 9, 24], [10, 2, 11, 1], [3, 7, 4, 6], [5, 15, 6, 14], [7, 17, 8, 16], [18, 10, 19, 9], [20, 11, 21, 12]]"
12n_0549_19,"[[20, 11, 21, 12], [13, 5, 14, 4], [15, 13, 16, 12], [22, 18, 23, 17], [24, 19, 1, 20], [2, 22, 3, 21], [8, 23, 9, 24], [10, 2, 11, 1], [3, 7, 4, 6], [5, 15, 6, 14], [7, 17, 8, 16], [18, 10, 19, 9]]"
12n_0549_20,"[[18, 10, 19, 9], [20, 11, 21, 12], [13, 5, 14, 4], [15, 13, 16, 12], [22, 18, 23, 17], [24, 19, 1, 20], [2, 22, 3, 21], [8, 23, 9, 24], [10, 2, 11, 1], [3, 7, 4, 6], [5, 15, 6, 14], [7, 17, 8, 16]]"
12n_0549_21,"[[7, 17, 8, 16], [18, 10, 19, 9], [20, 11, 21, 12], [13, 5, 14, 4], [15, 13, 16, 12], [22, 18, 23, 17], [24, 19, 1, 20], [2, 22, 3, 21], [8, 23, 9, 24], [10, 2, 11, 1], [3, 7, 4, 6], [5, 15, 6, 14]]"
12n_0549_22,"[[5, 15, 6, 14], [7, 17, 8, 16], [18, 10, 19, 9], [20, 11, 21, 12], [13, 5, 14, 4], [15, 13, 16, 12], [22, 18, 23, 17], [24, 19, 1, 20], [2, 22, 3, 21], [8, 23, 9, 24], [10, 2, 11, 1], [3, 7, 4, 6]]"
12n_0549_23,"[[3, 7, 4, 6], [5, 15, 6, 14], [7, 17, 8, 16], [18, 10, 19, 9], [20, 11, 21, 12], [13, 5, 14, 4], [15, 13, 16, 12], [22, 18, 23, 17], [24, 19, 1, 20], [2, 22, 3, 21], [8, 23, 9, 24], [10, 2, 11, 1]]"
12n_0549_24,"[[11, 3, 12, 2], [4, 8, 5, 7], [6, 16, 7, 15], [8, 18, 9, 17], [19, 11, 20, 10], [21, 12, 22, 13], [14, 6, 15, 5], [16, 14, 17, 13], [23, 19, 24, 18], [1, 20, 2, 21], [3, 23, 4, 22], [9, 24, 10, 1]]"
12n_0549_25,"[[9, 24, 10, 1], [11, 3, 12, 2], [4, 8, 5, 7], [6, 16, 7, 15], [8, 18, 9, 17], [19, 11, 20, 10], [21, 12, 22, 13], [14, 6, 15, 5], [16, 14, 17, 13], [23, 19, 24, 18], [1, 20, 2, 21], [3, 23, 4, 22]]"
12n_0549_26,"[[3, 23, 4, 22], [9, 24, 10, 1], [11, 3, 12, 2], [4, 8, 5, 7], [6, 16, 7, 15], [8, 18, 9, 17], [19, 11, 20, 10], [21, 12, 22, 13], [14, 6, 15, 5], [16, 14, 17, 13], [23, 19, 24, 18], [1, 20, 2, 21]]"
12n_0549_27,"[[1, 20, 2, 21], [3, 23, 4, 22], [9, 24, 10, 1], [11, 3, 12, 2], [4, 8, 5, 7], [6, 16, 7, 15], [8, 18, 9, 17], [19, 11, 20, 10], [21, 12, 22, 13], [14, 6, 15, 5], [16, 14, 17, 13], [23, 19, 24, 18]]"
12n_0549_28,"[[23, 19, 24, 18], [1, 20, 2, 21], [3, 23, 4, 22], [9, 24, 10, 1], [11, 3, 12, 2], [4, 8, 5, 7], [6, 16, 7, 15], [8, 18, 9, 17], [19, 11, 20, 10], [21, 12, 22, 13], [14, 6, 15, 5], [16, 14, 17, 13]]"
12n_0549_29,"[[16, 14, 17, 13], [23, 19, 24, 18], [1, 20, 2, 21], [3, 23, 4, 22], [9, 24, 10, 1], [11, 3, 12, 2], [4, 8, 5, 7], [6, 16, 7, 15], [8, 18, 9, 17], [19, 11, 20, 10], [21, 12, 22, 13], [14, 6, 15, 5]]"
12n_0549_30,"[[14, 6, 15, 5], [16, 14, 17, 13], [23, 19, 24, 18], [1, 20, 2, 21], [3, 23, 4, 22], [9, 24, 10, 1], [11, 3, 12, 2], [4, 8, 5, 7], [6, 16, 7, 15], [8, 18, 9, 17], [19, 11, 20, 10], [21, 12, 22, 13]]"
12n_0549_31,"[[21, 12, 22, 13], [14, 6, 15, 5], [16, 14, 17, 13], [23, 19, 24, 18], [1, 20, 2, 21], [3, 23, 4, 22], [9, 24, 10, 1], [11, 3, 12, 2], [4, 8, 5, 7], [6, 16, 7, 15], [8, 18, 9, 17], [19, 11, 20, 10]]"
12n_0549_32,"[[19, 11, 20, 10], [21, 12, 22, 13], [14, 6, 15, 5], [16, 14, 17, 13], [23, 19, 24, 18], [1, 20, 2, 21], [3, 23, 4, 22], [9, 24, 10, 1], [11, 3, 12, 2], [4, 8, 5, 7], [6, 16, 7, 15], [8, 18, 9, 17]]"
12n_0549_33,"[[8, 18, 9, 17], [19, 11, 20, 10], [21, 12, 22, 13], [14, 6, 15, 5], [16, 14, 17, 13], [23, 19, 24, 18], [1, 20, 2, 21], [3, 23, 4, 22], [9, 24, 10, 1], [11, 3, 12, 2], [4, 8, 5, 7], [6, 16, 7, 15]]"
12n_0549_34,"[[6, 16, 7, 15], [8, 18, 9, 17], [19, 11, 20, 10], [21, 12, 22, 13], [14, 6, 15, 5], [16, 14, 17, 13], [23, 19, 24, 18], [1, 20, 2, 21], [3, 23, 4, 22], [9, 24, 10, 1], [11, 3, 12, 2], [4, 8, 5, 7]]"
12n_0549_35,"[[4, 8, 5, 7], [6, 16, 7, 15], [8, 18, 9, 17], [19, 11, 20, 10], [21, 12, 22, 13], [14, 6, 15, 5], [16, 14, 17, 13], [23, 19, 24, 18], [1, 20, 2, 21], [3, 23, 4, 22], [9, 24, 10, 1], [11, 3, 12, 2]]"
12n_0549_36,"[[12, 4, 13, 3], [5, 9, 6, 8], [7, 17, 8, 16], [9, 19, 10, 18], [20, 12, 21, 11], [22, 13, 23, 14], [15, 7, 16, 6], [17, 15, 18, 14], [24, 20, 1, 19], [2, 21, 3, 22], [4, 24, 5, 23], [10, 1, 11, 2]]"
12n_0549_37,"[[10, 1, 11, 2], [12, 4, 13, 3], [5, 9, 6, 8], [7, 17, 8, 16], [9, 19, 10, 18], [20, 12, 21, 11], [22, 13, 23, 14], [15, 7, 16, 6], [17, 15, 18, 14], [24, 20, 1, 19], [2, 21, 3, 22], [4, 24, 5, 23]]"
12n_0549_38,"[[4, 24, 5, 23], [10, 1, 11, 2], [12, 4, 13, 3], [5, 9, 6, 8], [7, 17, 8, 16], [9, 19, 10, 18], [20, 12, 21, 11], [22, 13, 23, 14], [15, 7, 16, 6], [17, 15, 18, 14], [24, 20, 1, 19], [2, 21, 3, 22]]"
12n_0549_39,"[[2, 21, 3, 22], [4, 24, 5, 23], [10, 1, 11, 2], [12, 4, 13, 3], [5, 9, 6, 8], [7, 17, 8, 16], [9, 19, 10, 18], [20, 12, 21, 11], [22, 13, 23, 14], [15, 7, 16, 6], [17, 15, 18, 14], [24, 20, 1, 19]]"
12n_0549_40,"[[24, 20, 1, 19], [2, 21, 3, 22], [4, 24, 5, 23], [10, 1, 11, 2], [12, 4, 13, 3], [5, 9, 6, 8], [7, 17, 8, 16], [9, 19, 10, 18], [20, 12, 21, 11], [22, 13, 23, 14], [15, 7, 16, 6], [17, 15, 18, 14]]"
12n_0549_41,"[[17, 15, 18, 14], [24, 20, 1, 19], [2, 21, 3, 22], [4, 24, 5, 23], [10, 1, 11, 2], [12, 4, 13, 3], [5, 9, 6, 8], [7, 17, 8, 16], [9, 19, 10, 18], [20, 12, 21, 11], [22, 13, 23, 14], [15, 7, 16, 6]]"
12n_0549_42,"[[15, 7, 16, 6], [17, 15, 18, 14], [24, 20, 1, 19], [2, 21, 3, 22], [4, 24, 5, 23], [10, 1, 11, 2], [12, 4, 13, 3], [5, 9, 6, 8], [7, 17, 8, 16], [9, 19, 10, 18], [20, 12, 21, 11], [22, 13, 23, 14]]"
12n_0549_43,"[[22, 13, 23, 14], [15, 7, 16, 6], [17, 15, 18, 14], [24, 20, 1, 19], [2, 21, 3, 22], [4, 24, 5, 23], [10, 1, 11, 2], [12, 4, 13, 3], [5, 9, 6, 8], [7, 17, 8, 16], [9, 19, 10, 18], [20, 12, 21, 11]]"
12n_0549_44,"[[20, 12, 21, 11], [22, 13, 23, 14], [15, 7, 16, 6], [17, 15, 18, 14], [24, 20, 1, 19], [2, 21, 3, 22], [4, 24, 5, 23], [10, 1, 11, 2], [12, 4, 13, 3], [5, 9, 6, 8], [7, 17, 8, 16], [9, 19, 10, 18]]"
12n_0549_45,"[[9, 19, 10, 18], [20, 12, 21, 11], [22, 13, 23, 14], [15, 7, 16, 6], [17, 15, 18, 14], [24, 20, 1, 19], [2, 21, 3, 22], [4, 24, 5, 23], [10, 1, 11, 2], [12, 4, 13, 3], [5, 9, 6, 8], [7, 17, 8, 16]]"
12n_0549_46,"[[7, 17, 8, 16], [9, 19, 10, 18], [20, 12, 21, 11], [22, 13, 23, 14], [15, 7, 16, 6], [17, 15, 18, 14], [24, 20, 1, 19], [2, 21, 3, 22], [4, 24, 5, 23], [10, 1, 11, 2], [12, 4, 13, 3], [5, 9, 6, 8]]"
12n_0549_47,"[[5, 9, 6, 8], [7, 17, 8, 16], [9, 19, 10, 18], [20, 12, 21, 11], [22, 13, 23, 14], [15, 7, 16, 6], [17, 15, 18, 14], [24, 20, 1, 19], [2, 21, 3, 22], [4, 24, 5, 23], [10, 1, 11, 2], [12, 4, 13, 3]]"
12n_0549_48,"[[13, 5, 14, 4], [6, 10, 7, 9], [8, 18, 9, 17], [10, 20, 11, 19], [21, 13, 22, 12], [23, 14, 24, 15], [16, 8, 17, 7], [18, 16, 19, 15], [1, 21, 2, 20], [3, 22, 4, 23], [5, 1, 6, 24], [11, 2, 12, 3]]"
12n_0549_49,"[[11, 2, 12, 3], [13, 5, 14, 4], [6, 10, 7, 9], [8, 18, 9, 17], [10, 20, 11, 19], [21, 13, 22, 12], [23, 14, 24, 15], [16, 8, 17, 7], [18, 16, 19, 15], [1, 21, 2, 20], [3, 22, 4, 23], [5, 1, 6, 24]]"
12n_0549_50,"[[5, 1, 6, 24], [11, 2, 12, 3], [13, 5, 14, 4], [6, 10, 7, 9], [8, 18, 9, 17], [10, 20, 11, 19], [21, 13, 22, 12], [23, 14, 24, 15], [16, 8, 17, 7], [18, 16, 19, 15], [1, 21, 2, 20], [3, 22, 4, 23]]"
12n_0549_51,"[[3, 22, 4, 23], [5, 1, 6, 24], [11, 2, 12, 3], [13, 5, 14, 4], [6, 10, 7, 9], [8, 18, 9, 17], [10, 20, 11, 19], [21, 13, 22, 12], [23, 14, 24, 15], [16, 8, 17, 7], [18, 16, 19, 15], [1, 21, 2, 20]]"
12n_0549_52,"[[1, 21, 2, 20], [3, 22, 4, 23], [5, 1, 6, 24], [11, 2, 12, 3], [13, 5, 14, 4], [6, 10, 7, 9], [8, 18, 9, 17], [10, 20, 11, 19], [21, 13, 22, 12], [23, 14, 24, 15], [16, 8, 17, 7], [18, 16, 19, 15]]"
12n_0549_53,"[[18, 16, 19, 15], [1, 21, 2, 20], [3, 22, 4, 23], [5, 1, 6, 24], [11, 2, 12, 3], [13, 5, 14, 4], [6, 10, 7, 9], [8, 18, 9, 17], [10, 20, 11, 19], [21, 13, 22, 12], [23, 14, 24, 15], [16, 8, 17, 7]]"
12n_0549_54,"[[16, 8, 17, 7], [18, 16, 19, 15], [1, 21, 2, 20], [3, 22, 4, 23], [5, 1, 6, 24], [11, 2, 12, 3], [13, 5, 14, 4], [6, 10, 7, 9], [8, 18, 9, 17], [10, 20, 11, 19], [21, 13, 22, 12], [23, 14, 24, 15]]"
12n_0549_55,"[[23, 14, 24, 15], [16, 8, 17, 7], [18, 16, 19, 15], [1, 21, 2, 20], [3, 22, 4, 23], [5, 1, 6, 24], [11, 2, 12, 3], [13, 5, 14, 4], [6, 10, 7, 9], [8, 18, 9, 17], [10, 20, 11, 19], [21, 13, 22, 12]]"
12n_0549_56,"[[21, 13, 22, 12], [23, 14, 24, 15], [16, 8, 17, 7], [18, 16, 19, 15], [1, 21, 2, 20], [3, 22, 4, 23], [5, 1, 6, 24], [11, 2, 12, 3], [13, 5, 14, 4], [6, 10, 7, 9], [8, 18, 9, 17], [10, 20, 11, 19]]"
12n_0549_57,"[[10, 20, 11, 19], [21, 13, 22, 12], [23, 14, 24, 15], [16, 8, 17, 7], [18, 16, 19, 15], [1, 21, 2, 20], [3, 22, 4, 23], [5, 1, 6, 24], [11, 2, 12, 3], [13, 5, 14, 4], [6, 10, 7, 9], [8, 18, 9, 17]]"
12n_0549_58,"[[8, 18, 9, 17], [10, 20, 11, 19], [21, 13, 22, 12], [23, 14, 24, 15], [16, 8, 17, 7], [18, 16, 19, 15], [1, 21, 2, 20], [3, 22, 4, 23], [5, 1, 6, 24], [11, 2, 12, 3], [13, 5, 14, 4], [6, 10, 7, 9]]"
12n_0549_59,"[[6, 10, 7, 9], [8, 18, 9, 17], [10, 20, 11, 19], [21, 13, 22, 12], [23, 14, 24, 15], [16, 8, 17, 7], [18, 16, 19, 15], [1, 21, 2, 20], [3, 22, 4, 23], [5, 1, 6, 24], [11, 2, 12, 3], [13, 5, 14, 4]]"
12n_0549_60,"[[14, 6, 15, 5], [7, 11, 8, 10], [9, 19, 10, 18], [11, 21, 12, 20], [22, 14, 23, 13], [24, 15, 1, 16], [17, 9, 18, 8], [19, 17, 20, 16], [2, 22, 3, 21], [4, 23, 5, 24], [6, 2, 7, 1], [12, 3, 13, 4]]"
12n_0549_61,"[[12, 3, 13, 4], [14, 6, 15, 5], [7, 11, 8, 10], [9, 19, 10, 18], [11, 21, 12, 20], [22, 14, 23, 13], [24, 15, 1, 16], [17, 9, 18, 8], [19, 17, 20, 16], [2, 22, 3, 21], [4, 23, 5, 24], [6, 2, 7, 1]]"
12n_0549_62,"[[6, 2, 7, 1], [12, 3, 13, 4], [14, 6, 15, 5], [7, 11, 8, 10], [9, 19, 10, 18], [11, 21, 12, 20], [22, 14, 23, 13], [24, 15, 1, 16], [17, 9, 18, 8], [19, 17, 20, 16], [2, 22, 3, 21], [4, 23, 5, 24]]"
12n_0549_63,"[[4, 23, 5, 24], [6, 2, 7, 1], [12, 3, 13, 4], [14, 6, 15, 5], [7, 11, 8, 10], [9, 19, 10, 18], [11, 21, 12, 20], [22, 14, 23, 13], [24, 15, 1, 16], [17, 9, 18, 8], [19, 17, 20, 16], [2, 22, 3, 21]]"
12n_0549_64,"[[2, 22, 3, 21], [4, 23, 5, 24], [6, 2, 7, 1], [12, 3, 13, 4], [14, 6, 15, 5], [7, 11, 8, 10], [9, 19, 10, 18], [11, 21, 12, 20], [22, 14, 23, 13], [24, 15, 1, 16], [17, 9, 18, 8], [19, 17, 20, 16]]"
12n_0549_65,"[[19, 17, 20, 16], [2, 22, 3, 21], [4, 23, 5, 24], [6, 2, 7, 1], [12, 3, 13, 4], [14, 6, 15, 5], [7, 11, 8, 10], [9, 19, 10, 18], [11, 21, 12, 20], [22, 14, 23, 13], [24, 15, 1, 16], [17, 9, 18, 8]]"
12n_0549_66,"[[17, 9, 18, 8], [19, 17, 20, 16], [2, 22, 3, 21], [4, 23, 5, 24], [6, 2, 7, 1], [12, 3, 13, 4], [14, 6, 15, 5], [7, 11, 8, 10], [9, 19, 10, 18], [11, 21, 12, 20], [22, 14, 23, 13], [24, 15, 1, 16]]"
12n_0549_67,"[[24, 15, 1, 16], [17, 9, 18, 8], [19, 17, 20, 16], [2, 22, 3, 21], [4, 23, 5, 24], [6, 2, 7, 1], [12, 3, 13, 4], [14, 6, 15, 5], [7, 11, 8, 10], [9, 19, 10, 18], [11, 21, 12, 20], [22, 14, 23, 13]]"
12n_0549_68,"[[22, 14, 23, 13], [24, 15, 1, 16], [17, 9, 18, 8], [19, 17, 20, 16], [2, 22, 3, 21], [4, 23, 5, 24], [6, 2, 7, 1], [12, 3, 13, 4], [14, 6, 15, 5], [7, 11, 8, 10], [9, 19, 10, 18], [11, 21, 12, 20]]"
12n_0549_69,"[[11, 21, 12, 20], [22, 14, 23, 13], [24, 15, 1, 16], [17, 9, 18, 8], [19, 17, 20, 16], [2, 22, 3, 21], [4, 23, 5, 24], [6, 2, 7, 1], [12, 3, 13, 4], [14, 6, 15, 5], [7, 11, 8, 10], [9, 19, 10, 18]]"
12n_0549_70,"[[9, 19, 10, 18], [11, 21, 12, 20], [22, 14, 23, 13], [24, 15, 1, 16], [17, 9, 18, 8], [19, 17, 20, 16], [2, 22, 3, 21], [4, 23, 5, 24], [6, 2, 7, 1], [12, 3, 13, 4], [14, 6, 15, 5], [7, 11, 8, 10]]"
12n_0549_71,"[[7, 11, 8, 10], [9, 19, 10, 18], [11, 21, 12, 20], [22, 14, 23, 13], [24, 15, 1, 16], [17, 9, 18, 8], [19, 17, 20, 16], [2, 22, 3, 21], [4, 23, 5, 24], [6, 2, 7, 1], [12, 3, 13, 4], [14, 6, 15, 5]]"
12n_0549_72,"[[15, 7, 16, 6], [8, 12, 9, 11], [10, 20, 11, 19], [12, 22, 13, 21], [23, 15, 24, 14], [1, 16, 2, 17], [18, 10, 19, 9], [20, 18, 21, 17], [3, 23, 4, 22], [5, 24, 6, 1], [7, 3, 8, 2], [13, 4, 14, 5]]"
12n_0549_73,"[[13, 4, 14, 5], [15, 7, 16, 6], [8, 12, 9, 11], [10, 20, 11, 19], [12, 22, 13, 21], [23, 15, 24, 14], [1, 16, 2, 17], [18, 10, 19, 9], [20, 18, 21, 17], [3, 23, 4, 22], [5, 24, 6, 1], [7, 3, 8, 2]]"
12n_0549_74,"[[7, 3, 8, 2], [13, 4, 14, 5], [15, 7, 16, 6], [8, 12, 9, 11], [10, 20, 11, 19], [12, 22, 13, 21], [23, 15, 24, 14], [1, 16, 2, 17], [18, 10, 19, 9], [20, 18, 21, 17], [3, 23, 4, 22], [5, 24, 6, 1]]"
12n_0549_75,"[[5, 24, 6, 1], [7, 3, 8, 2], [13, 4, 14, 5], [15, 7, 16, 6], [8, 12, 9, 11], [10, 20, 11, 19], [12, 22, 13, 21], [23, 15, 24, 14], [1, 16, 2, 17], [18, 10, 19, 9], [20, 18, 21, 17], [3, 23, 4, 22]]"
12n_0549_76,"[[3, 23, 4, 22], [5, 24, 6, 1], [7, 3, 8, 2], [13, 4, 14, 5], [15, 7, 16, 6], [8, 12, 9, 11], [10, 20, 11, 19], [12, 22, 13, 21], [23, 15, 24, 14], [1, 16, 2, 17], [18, 10, 19, 9], [20, 18, 21, 17]]"
12n_0549_77,"[[20, 18, 21, 17], [3, 23, 4, 22], [5, 24, 6, 1], [7, 3, 8, 2], [13, 4, 14, 5], [15, 7, 16, 6], [8, 12, 9, 11], [10, 20, 11, 19], [12, 22, 13, 21], [23, 15, 24, 14], [1, 16, 2, 17], [18, 10, 19, 9]]"
12n_0549_78,"[[18, 10, 19, 9], [20, 18, 21, 17], [3, 23, 4, 22], [5, 24, 6, 1], [7, 3, 8, 2], [13, 4, 14, 5], [15, 7, 16, 6], [8, 12, 9, 11], [10, 20, 11, 19], [12, 22, 13, 21], [23, 15, 24, 14], [1, 16, 2, 17]]"
12n_0549_79,"[[1, 16, 2, 17], [18, 10, 19, 9], [20, 18, 21, 17], [3, 23, 4, 22], [5, 24, 6, 1], [7, 3, 8, 2], [13, 4, 14, 5], [15, 7, 16, 6], [8, 12, 9, 11], [10, 20, 11, 19], [12, 22, 13, 21], [23, 15, 24, 14]]"
12n_0549_80,"[[23, 15, 24, 14], [1, 16, 2, 17], [18, 10, 19, 9], [20, 18, 21, 17], [3, 23, 4, 22], [5, 24, 6, 1], [7, 3, 8, 2], [13, 4, 14, 5], [15, 7, 16, 6], [8, 12, 9, 11], [10, 20, 11, 19], [12, 22, 13, 21]]"
12n_0549_81,"[[12, 22, 13, 21], [23, 15, 24, 14], [1, 16, 2, 17], [18, 10, 19, 9], [20, 18, 21, 17], [3, 23, 4, 22], [5, 24, 6, 1], [7, 3, 8, 2], [13, 4, 14, 5], [15, 7, 16, 6], [8, 12, 9, 11], [10, 20, 11, 19]]"
12n_0549_82,"[[10, 20, 11, 19], [12, 22, 13, 21], [23, 15, 24, 14], [1, 16, 2, 17], [18, 10, 19, 9], [20, 18, 21, 17], [3, 23, 4, 22], [5, 24, 6, 1], [7, 3, 8, 2], [13, 4, 14, 5], [15, 7, 16, 6], [8, 12, 9, 11]]"
12n_0549_83,"[[8, 12, 9, 11], [10, 20, 11, 19], [12, 22, 13, 21], [23, 15, 24, 14], [1, 16, 2, 17], [18, 10, 19, 9], [20, 18, 21, 17], [3, 23, 4, 22], [5, 24, 6, 1], [7, 3, 8, 2], [13, 4, 14, 5], [15, 7, 16, 6]]"
12n_0549_84,"[[16, 8, 17, 7], [9, 13, 10, 12], [11, 21, 12, 20], [13, 23, 14, 22], [24, 16, 1, 15], [2, 17, 3, 18], [19, 11, 20, 10], [21, 19, 22, 18], [4, 24, 5, 23], [6, 1, 7, 2], [8, 4, 9, 3], [14, 5, 15, 6]]"
12n_0549_85,"[[14, 5, 15, 6], [16, 8, 17, 7], [9, 13, 10, 12], [11, 21, 12, 20], [13, 23, 14, 22], [24, 16, 1, 15], [2, 17, 3, 18], [19, 11, 20, 10], [21, 19, 22, 18], [4, 24, 5, 23], [6, 1, 7, 2], [8, 4, 9, 3]]"
12n_0549_86,"[[8, 4, 9, 3], [14, 5, 15, 6], [16, 8, 17, 7], [9, 13, 10, 12], [11, 21, 12, 20], [13, 23, 14, 22], [24, 16, 1, 15], [2, 17, 3, 18], [19, 11, 20, 10], [21, 19, 22, 18], [4, 24, 5, 23], [6, 1, 7, 2]]"
12n_0549_87,"[[6, 1, 7, 2], [8, 4, 9, 3], [14, 5, 15, 6], [16, 8, 17, 7], [9, 13, 10, 12], [11, 21, 12, 20], [13, 23, 14, 22], [24, 16, 1, 15], [2, 17, 3, 18], [19, 11, 20, 10], [21, 19, 22, 18], [4, 24, 5, 23]]"
12n_0549_88,"[[4, 24, 5, 23], [6, 1, 7, 2], [8, 4, 9, 3], [14, 5, 15, 6], [16, 8, 17, 7], [9, 13, 10, 12], [11, 21, 12, 20], [13, 23, 14, 22], [24, 16, 1, 15], [2, 17, 3, 18], [19, 11, 20, 10], [21, 19, 22, 18]]"
12n_0549_89,"[[21, 19, 22, 18], [4, 24, 5, 23], [6, 1, 7, 2], [8, 4, 9, 3], [14, 5, 15, 6], [16, 8, 17, 7], [9, 13, 10, 12], [11, 21, 12, 20], [13, 23, 14, 22], [24, 16, 1, 15], [2, 17, 3, 18], [19, 11, 20, 10]]"
12n_0549_90,"[[19, 11, 20, 10], [21, 19, 22, 18], [4, 24, 5, 23], [6, 1, 7, 2], [8, 4, 9, 3], [14, 5, 15, 6], [16, 8, 17, 7], [9, 13, 10, 12], [11, 21, 12, 20], [13, 23, 14, 22], [24, 16, 1, 15], [2, 17, 3, 18]]"
12n_0549_91,"[[2, 17, 3, 18], [19, 11, 20, 10], [21, 19, 22, 18], [4, 24, 5, 23], [6, 1, 7, 2], [8, 4, 9, 3], [14, 5, 15, 6], [16, 8, 17, 7], [9, 13, 10, 12], [11, 21, 12, 20], [13, 23, 14, 22], [24, 16, 1, 15]]"
12n_0549_92,"[[24, 16, 1, 15], [2, 17, 3, 18], [19, 11, 20, 10], [21, 19, 22, 18], [4, 24, 5, 23], [6, 1, 7, 2], [8, 4, 9, 3], [14, 5, 15, 6], [16, 8, 17, 7], [9, 13, 10, 12], [11, 21, 12, 20], [13, 23, 14, 22]]"
12n_0549_93,"[[13, 23, 14, 22], [24, 16, 1, 15], [2, 17, 3, 18], [19, 11, 20, 10], [21, 19, 22, 18], [4, 24, 5, 23], [6, 1, 7, 2], [8, 4, 9, 3], [14, 5, 15, 6], [16, 8, 17, 7], [9, 13, 10, 12], [11, 21, 12, 20]]"
12n_0549_94,"[[11, 21, 12, 20], [13, 23, 14, 22], [24, 16, 1, 15], [2, 17, 3, 18], [19, 11, 20, 10], [21, 19, 22, 18], [4, 24, 5, 23], [6, 1, 7, 2], [8, 4, 9, 3], [14, 5, 15, 6], [16, 8, 17, 7], [9, 13, 10, 12]]"
12n_0549_95,"[[9, 13, 10, 12], [11, 21, 12, 20], [13, 23, 14, 22], [24, 16, 1, 15], [2, 17, 3, 18], [19, 11, 20, 10], [21, 19, 22, 18], [4, 24, 5, 23], [6, 1, 7, 2], [8, 4, 9, 3], [14, 5, 15, 6], [16, 8, 17, 7]]"
12n_0549_96,"[[17, 9, 18, 8], [10, 14, 11, 13], [12, 22, 13, 21], [14, 24, 15, 23], [1, 17, 2, 16], [3, 18, 4, 19], [20, 12, 21, 11], [22, 20, 23, 19], [5, 1, 6, 24], [7, 2, 8, 3], [9, 5, 10, 4], [15, 6, 16, 7]]"
12n_0549_97,"[[15, 6, 16, 7], [17, 9, 18, 8], [10, 14, 11, 13], [12, 22, 13, 21], [14, 24, 15, 23], [1, 17, 2, 16], [3, 18, 4, 19], [20, 12, 21, 11], [22, 20, 23, 19], [5, 1, 6, 24], [7, 2, 8, 3], [9, 5, 10, 4]]"
12n_0549_98,"[[9, 5, 10, 4], [15, 6, 16, 7], [17, 9, 18, 8], [10, 14, 11, 13], [12, 22, 13, 21], [14, 24, 15, 23], [1, 17, 2, 16], [3, 18, 4, 19], [20, 12, 21, 11], [22, 20, 23, 19], [5, 1, 6, 24], [7, 2, 8, 3]]"
12n_0549_99,"[[7, 2, 8, 3], [9, 5, 10, 4], [15, 6, 16, 7], [17, 9, 18, 8], [10, 14, 11, 13], [12, 22, 13, 21], [14, 24, 15, 23], [1, 17, 2, 16], [3, 18, 4, 19], [20, 12, 21, 11], [22, 20, 23, 19], [5, 1, 6, 24]]"
12n_0549_100,"[[5, 1, 6, 24], [7, 2, 8, 3], [9, 5, 10, 4], [15, 6, 16, 7], [17, 9, 18, 8], [10, 14, 11, 13], [12, 22, 13, 21], [14, 24, 15, 23], [1, 17, 2, 16], [3, 18, 4, 19], [20, 12, 21, 11], [22, 20, 23, 19]]"
12n_0549_101,"[[22, 20, 23, 19], [5, 1, 6, 24], [7, 2, 8, 3], [9, 5, 10, 4], [15, 6, 16, 7], [17, 9, 18, 8], [10, 14, 11, 13], [12, 22, 13, 21], [14, 24, 15, 23], [1, 17, 2, 16], [3, 18, 4, 19], [20, 12, 21, 11]]"
12n_0549_102,"[[20, 12, 21, 11], [22, 20, 23, 19], [5, 1, 6, 24], [7, 2, 8, 3], [9, 5, 10, 4], [15, 6, 16, 7], [17, 9, 18, 8], [10, 14, 11, 13], [12, 22, 13, 21], [14, 24, 15, 23], [1, 17, 2, 16], [3, 18, 4, 19]]"
12n_0549_103,"[[3, 18, 4, 19], [20, 12, 21, 11], [22, 20, 23, 19], [5, 1, 6, 24], [7, 2, 8, 3], [9, 5, 10, 4], [15, 6, 16, 7], [17, 9, 18, 8], [10, 14, 11, 13], [12, 22, 13, 21], [14, 24, 15, 23], [1, 17, 2, 16]]"
12n_0549_104,"[[1, 17, 2, 16], [3, 18, 4, 19], [20, 12, 21, 11], [22, 20, 23, 19], [5, 1, 6, 24], [7, 2, 8, 3], [9, 5, 10, 4], [15, 6, 16, 7], [17, 9, 18, 8], [10, 14, 11, 13], [12, 22, 13, 21], [14, 24, 15, 23]]"
12n_0549_105,"[[14, 24, 15, 23], [1, 17, 2, 16], [3, 18, 4, 19], [20, 12, 21, 11], [22, 20, 23, 19], [5, 1, 6, 24], [7, 2, 8, 3], [9, 5, 10, 4], [15, 6, 16, 7], [17, 9, 18, 8], [10, 14, 11, 13], [12, 22, 13, 21]]"
12n_0549_106,"[[12, 22, 13, 21], [14, 24, 15, 23], [1, 17, 2, 16], [3, 18, 4, 19], [20, 12, 21, 11], [22, 20, 23, 19], [5, 1, 6, 24], [7, 2, 8, 3], [9, 5, 10, 4], [15, 6, 16, 7], [17, 9, 18, 8], [10, 14, 11, 13]]"
12n_0549_107,"[[10, 14, 11, 13], [12, 22, 13, 21], [14, 24, 15, 23], [1, 17, 2, 16], [3, 18, 4, 19], [20, 12, 21, 11], [22, 20, 23, 19], [5, 1, 6, 24], [7, 2, 8, 3], [9, 5, 10, 4], [15, 6, 16, 7], [17, 9, 18, 8]]"
12n_0549_108,"[[18, 10, 19, 9], [11, 15, 12, 14], [13, 23, 14, 22], [15, 1, 16, 24], [2, 18, 3, 17], [4, 19, 5, 20], [21, 13, 22, 12], [23, 21, 24, 20], [6, 2, 7, 1], [8, 3, 9, 4], [10, 6, 11, 5], [16, 7, 17, 8]]"
12n_0549_109,"[[16, 7, 17, 8], [18, 10, 19, 9], [11, 15, 12, 14], [13, 23, 14, 22], [15, 1, 16, 24], [2, 18, 3, 17], [4, 19, 5, 20], [21, 13, 22, 12], [23, 21, 24, 20], [6, 2, 7, 1], [8, 3, 9, 4], [10, 6, 11, 5]]"
12n_0549_110,"[[10, 6, 11, 5], [16, 7, 17, 8], [18, 10, 19, 9], [11, 15, 12, 14], [13, 23, 14, 22], [15, 1, 16, 24], [2, 18, 3, 17], [4, 19, 5, 20], [21, 13, 22, 12], [23, 21, 24, 20], [6, 2, 7, 1], [8, 3, 9, 4]]"
12n_0549_111,"[[8, 3, 9, 4], [10, 6, 11, 5], [16, 7, 17, 8], [18, 10, 19, 9], [11, 15, 12, 14], [13, 23, 14, 22], [15, 1, 16, 24], [2, 18, 3, 17], [4, 19, 5, 20], [21, 13, 22, 12], [23, 21, 24, 20], [6, 2, 7, 1]]"
12n_0549_112,"[[6, 2, 7, 1], [8, 3, 9, 4], [10, 6, 11, 5], [16, 7, 17, 8], [18, 10, 19, 9], [11, 15, 12, 14], [13, 23, 14, 22], [15, 1, 16, 24], [2, 18, 3, 17], [4, 19, 5, 20], [21, 13, 22, 12], [23, 21, 24, 20]]"
12n_0549_113,"[[23, 21, 24, 20], [6, 2, 7, 1], [8, 3, 9, 4], [10, 6, 11, 5], [16, 7, 17, 8], [18, 10, 19, 9], [11, 15, 12, 14], [13, 23, 14, 22], [15, 1, 16, 24], [2, 18, 3, 17], [4, 19, 5, 20], [21, 13, 22, 12]]"
12n_0549_114,"[[21, 13, 22, 12], [23, 21, 24, 20], [6, 2, 7, 1], [8, 3, 9, 4], [10, 6, 11, 5], [16, 7, 17, 8], [18, 10, 19, 9], [11, 15, 12, 14], [13, 23, 14, 22], [15, 1, 16, 24], [2, 18, 3, 17], [4, 19, 5, 20]]"
12n_0549_115,"[[4, 19, 5, 20], [21, 13, 22, 12], [23, 21, 24, 20], [6, 2, 7, 1], [8, 3, 9, 4], [10, 6, 11, 5], [16, 7, 17, 8], [18, 10, 19, 9], [11, 15, 12, 14], [13, 23, 14, 22], [15, 1, 16, 24], [2, 18, 3, 17]]"
12n_0549_116,"[[2, 18, 3, 17], [4, 19, 5, 20], [21, 13, 22, 12], [23, 21, 24, 20], [6, 2, 7, 1], [8, 3, 9, 4], [10, 6, 11, 5], [16, 7, 17, 8], [18, 10, 19, 9], [11, 15, 12, 14], [13, 23, 14, 22], [15, 1, 16, 24]]"
12n_0549_117,"[[15, 1, 16, 24], [2, 18, 3, 17], [4, 19, 5, 20], [21, 13, 22, 12], [23, 21, 24, 20], [6, 2, 7, 1], [8, 3, 9, 4], [10, 6, 11, 5], [16, 7, 17, 8], [18, 10, 19, 9], [11, 15, 12, 14], [13, 23, 14, 22]]"
12n_0549_118,"[[13, 23, 14, 22], [15, 1, 16, 24], [2, 18, 3, 17], [4, 19, 5, 20], [21, 13, 22, 12], [23, 21, 24, 20], [6, 2, 7, 1], [8, 3, 9, 4], [10, 6, 11, 5], [16, 7, 17, 8], [18, 10, 19, 9], [11, 15, 12, 14]]"
12n_0549_119,"[[11, 15, 12, 14], [13, 23, 14, 22], [15, 1, 16, 24], [2, 18, 3, 17], [4, 19, 5, 20], [21, 13, 22, 12], [23, 21, 24, 20], [6, 2, 7, 1], [8, 3, 9, 4], [10, 6, 11, 5], [16, 7, 17, 8], [18, 10, 19, 9]]"
12n_0549_120,"[[19, 11, 20, 10], [12, 16, 13, 15], [14, 24, 15, 23], [16, 2, 17, 1], [3, 19, 4, 18], [5, 20, 6, 21], [22, 14, 23, 13], [24, 22, 1, 21], [7, 3, 8, 2], [9, 4, 10, 5], [11, 7, 12, 6], [17, 8, 18, 9]]"
12n_0549_121,"[[17, 8, 18, 9], [19, 11, 20, 10], [12, 16, 13, 15], [14, 24, 15, 23], [16, 2, 17, 1], [3, 19, 4, 18], [5, 20, 6, 21], [22, 14, 23, 13], [24, 22, 1, 21], [7, 3, 8, 2], [9, 4, 10, 5], [11, 7, 12, 6]]"
12n_0549_122,"[[11, 7, 12, 6], [17, 8, 18, 9], [19, 11, 20, 10], [12, 16, 13, 15], [14, 24, 15, 23], [16, 2, 17, 1], [3, 19, 4, 18], [5, 20, 6, 21], [22, 14, 23, 13], [24, 22, 1, 21], [7, 3, 8, 2], [9, 4, 10, 5]]"
12n_0549_123,"[[9, 4, 10, 5], [11, 7, 12, 6], [17, 8, 18, 9], [19, 11, 20, 10], [12, 16, 13, 15], [14, 24, 15, 23], [16, 2, 17, 1], [3, 19, 4, 18], [5, 20, 6, 21], [22, 14, 23, 13], [24, 22, 1, 21], [7, 3, 8, 2]]"
12n_0549_124,"[[7, 3, 8, 2], [9, 4, 10, 5], [11, 7, 12, 6], [17, 8, 18, 9], [19, 11, 20, 10], [12, 16, 13, 15], [14, 24, 15, 23], [16, 2, 17, 1], [3, 19, 4, 18], [5, 20, 6, 21], [22, 14, 23, 13], [24, 22, 1, 21]]"
12n_0549_125,"[[24, 22, 1, 21], [7, 3, 8, 2], [9, 4, 10, 5], [11, 7, 12, 6], [17, 8, 18, 9], [19, 11, 20, 10], [12, 16, 13, 15], [14, 24, 15, 23], [16, 2, 17, 1], [3, 19, 4, 18], [5, 20, 6, 21], [22, 14, 23, 13]]"
12n_0549_126,"[[22, 14, 23, 13], [24, 22, 1, 21], [7, 3, 8, 2], [9, 4, 10, 5], [11, 7, 12, 6], [17, 8, 18, 9], [19, 11, 20, 10], [12, 16, 13, 15], [14, 24, 15, 23], [16, 2, 17, 1], [3, 19, 4, 18], [5, 20, 6, 21]]"
12n_0549_127,"[[5, 20, 6, 21], [22, 14, 23, 13], [24, 22, 1, 21], [7, 3, 8, 2], [9, 4, 10, 5], [11, 7, 12, 6], [17, 8, 18, 9], [19, 11, 20, 10], [12, 16, 13, 15], [14, 24, 15, 23], [16, 2, 17, 1], [3, 19, 4, 18]]"
12n_0549_128,"[[3, 19, 4, 18], [5, 20, 6, 21], [22, 14, 23, 13], [24, 22, 1, 21], [7, 3, 8, 2], [9, 4, 10, 5], [11, 7, 12, 6], [17, 8, 18, 9], [19, 11, 20, 10], [12, 16, 13, 15], [14, 24, 15, 23], [16, 2, 17, 1]]"
12n_0549_129,"[[16, 2, 17, 1], [3, 19, 4, 18], [5, 20, 6, 21], [22, 14, 23, 13], [24, 22, 1, 21], [7, 3, 8, 2], [9, 4, 10, 5], [11, 7, 12, 6], [17, 8, 18, 9], [19, 11, 20, 10], [12, 16, 13, 15], [14, 24, 15, 23]]"
12n_0549_130,"[[14, 24, 15, 23], [16, 2, 17, 1], [3, 19, 4, 18], [5, 20, 6, 21], [22, 14, 23, 13], [24, 22, 1, 21], [7, 3, 8, 2], [9, 4, 10, 5], [11, 7, 12, 6], [17, 8, 18, 9], [19, 11, 20, 10], [12, 16, 13, 15]]"
12n_0549_131,"[[12, 16, 13, 15], [14, 24, 15, 23], [16, 2, 17, 1], [3, 19, 4, 18], [5, 20, 6, 21], [22, 14, 23, 13], [24, 22, 1, 21], [7, 3, 8, 2], [9, 4, 10, 5], [11, 7, 12, 6], [17, 8, 18, 9], [19, 11, 20, 10]]"
12n_0549_132,"[[20, 12, 21, 11], [13, 17, 14, 16], [15, 1, 16, 24], [17, 3, 18, 2], [4, 20, 5, 19], [6, 21, 7, 22], [23, 15, 24, 14], [1, 23, 2, 22], [8, 4, 9, 3], [10, 5, 11, 6], [12, 8, 13, 7], [18, 9, 19, 10]]"
12n_0549_133,"[[18, 9, 19, 10], [20, 12, 21, 11], [13, 17, 14, 16], [15, 1, 16, 24], [17, 3, 18, 2], [4, 20, 5, 19], [6, 21, 7, 22], [23, 15, 24, 14], [1, 23, 2, 22], [8, 4, 9, 3], [10, 5, 11, 6], [12, 8, 13, 7]]"
12n_0549_134,"[[12, 8, 13, 7], [18, 9, 19, 10], [20, 12, 21, 11], [13, 17, 14, 16], [15, 1, 16, 24], [17, 3, 18, 2], [4, 20, 5, 19], [6, 21, 7, 22], [23, 15, 24, 14], [1, 23, 2, 22], [8, 4, 9, 3], [10, 5, 11, 6]]"
12n_0549_135,"[[10, 5, 11, 6], [12, 8, 13, 7], [18, 9, 19, 10], [20, 12, 21, 11], [13, 17, 14, 16], [15, 1, 16, 24], [17, 3, 18, 2], [4, 20, 5, 19], [6, 21, 7, 22], [23, 15, 24, 14], [1, 23, 2, 22], [8, 4, 9, 3]]"
12n_0549_136,"[[8, 4, 9, 3], [10, 5, 11, 6], [12, 8, 13, 7], [18, 9, 19, 10], [20, 12, 21, 11], [13, 17, 14, 16], [15, 1, 16, 24], [17, 3, 18, 2], [4, 20, 5, 19], [6, 21, 7, 22], [23, 15, 24, 14], [1, 23, 2, 22]]"
12n_0549_137,"[[1, 23, 2, 22], [8, 4, 9, 3], [10, 5, 11, 6], [12, 8, 13, 7], [18, 9, 19, 10], [20, 12, 21, 11], [13, 17, 14, 16], [15, 1, 16, 24], [17, 3, 18, 2], [4, 20, 5, 19], [6, 21, 7, 22], [23, 15, 24, 14]]"
12n_0549_138,"[[23, 15, 24, 14], [1, 23, 2, 22], [8, 4, 9, 3], [10, 5, 11, 6], [12, 8, 13, 7], [18, 9, 19, 10], [20, 12, 21, 11], [13, 17, 14, 16], [15, 1, 16, 24], [17, 3, 18, 2], [4, 20, 5, 19], [6, 21, 7, 22]]"
12n_0549_139,"[[6, 21, 7, 22], [23, 15, 24, 14], [1, 23, 2, 22], [8, 4, 9, 3], [10, 5, 11, 6], [12, 8, 13, 7], [18, 9, 19, 10], [20, 12, 21, 11], [13, 17, 14, 16], [15, 1, 16, 24], [17, 3, 18, 2], [4, 20, 5, 19]]"
12n_0549_140,"[[4, 20, 5, 19], [6, 21, 7, 22], [23, 15, 24, 14], [1, 23, 2, 22], [8, 4, 9, 3], [10, 5, 11, 6], [12, 8, 13, 7], [18, 9, 19, 10], [20, 12, 21, 11], [13, 17, 14, 16], [15, 1, 16, 24], [17, 3, 18, 2]]"
12n_0549_141,"[[17, 3, 18, 2], [4, 20, 5, 19], [6, 21, 7, 22], [23, 15, 24, 14], [1, 23, 2, 22], [8, 4, 9, 3], [10, 5, 11, 6], [12, 8, 13, 7], [18, 9, 19, 10], [20, 12, 21, 11], [13, 17, 14, 16], [15, 1, 16, 24]]"
12n_0549_142,"[[15, 1, 16, 24], [17, 3, 18, 2], [4, 20, 5, 19], [6, 21, 7, 22], [23, 15, 24, 14], [1, 23, 2, 22], [8, 4, 9, 3], [10, 5, 11, 6], [12, 8, 13, 7], [18, 9, 19, 10], [20, 12, 21, 11], [13, 17, 14, 16]]"
12n_0549_143,"[[13, 17, 14, 16], [15, 1, 16, 24], [17, 3, 18, 2], [4, 20, 5, 19], [6, 21, 7, 22], [23, 15, 24, 14], [1, 23, 2, 22], [8, 4, 9, 3], [10, 5, 11, 6], [12, 8, 13, 7], [18, 9, 19, 10], [20, 12, 21, 11]]"
12n_0549_144,"[[21, 13, 22, 12], [14, 18, 15, 17], [16, 2, 17, 1], [18, 4, 19, 3], [5, 21, 6, 20], [7, 22, 8, 23], [24, 16, 1, 15], [2, 24, 3, 23], [9, 5, 10, 4], [11, 6, 12, 7], [13, 9, 14, 8], [19, 10, 20, 11]]"
12n_0549_145,"[[19, 10, 20, 11], [21, 13, 22, 12], [14, 18, 15, 17], [16, 2, 17, 1], [18, 4, 19, 3], [5, 21, 6, 20], [7, 22, 8, 23], [24, 16, 1, 15], [2, 24, 3, 23], [9, 5, 10, 4], [11, 6, 12, 7], [13, 9, 14, 8]]"
12n_0549_146,"[[13, 9, 14, 8], [19, 10, 20, 11], [21, 13, 22, 12], [14, 18, 15, 17], [16, 2, 17, 1], [18, 4, 19, 3], [5, 21, 6, 20], [7, 22, 8, 23], [24, 16, 1, 15], [2, 24, 3, 23], [9, 5, 10, 4], [11, 6, 12, 7]]"
12n_0549_147,"[[11, 6, 12, 7], [13, 9, 14, 8], [19, 10, 20, 11], [21, 13, 22, 12], [14, 18, 15, 17], [16, 2, 17, 1], [18, 4, 19, 3], [5, 21, 6, 20], [7, 22, 8, 23], [24, 16, 1, 15], [2, 24, 3, 23], [9, 5, 10, 4]]"
12n_0549_148,"[[9, 5, 10, 4], [11, 6, 12, 7], [13, 9, 14, 8], [19, 10, 20, 11], [21, 13, 22, 12], [14, 18, 15, 17], [16, 2, 17, 1], [18, 4, 19, 3], [5, 21, 6, 20], [7, 22, 8, 23], [24, 16, 1, 15], [2, 24, 3, 23]]"
12n_0549_149,"[[2, 24, 3, 23], [9, 5, 10, 4], [11, 6, 12, 7], [13, 9, 14, 8], [19, 10, 20, 11], [21, 13, 22, 12], [14, 18, 15, 17], [16, 2, 17, 1], [18, 4, 19, 3], [5, 21, 6, 20], [7, 22, 8, 23], [24, 16, 1, 15]]"
12n_0549_150,"[[24, 16, 1, 15], [2, 24, 3, 23], [9, 5, 10, 4], [11, 6, 12, 7], [13, 9, 14, 8], [19, 10, 20, 11], [21, 13, 22, 12], [14, 18, 15, 17], [16, 2, 17, 1], [18, 4, 19, 3], [5, 21, 6, 20], [7, 22, 8, 23]]"
12n_0549_151,"[[7, 22, 8, 23], [24, 16, 1, 15], [2, 24, 3, 23], [9, 5, 10, 4], [11, 6, 12, 7], [13, 9, 14, 8], [19, 10, 20, 11], [21, 13, 22, 12], [14, 18, 15, 17], [16, 2, 17, 1], [18, 4, 19, 3], [5, 21, 6, 20]]"
12n_0549_152,"[[5, 21, 6, 20], [7, 22, 8, 23], [24, 16, 1, 15], [2, 24, 3, 23], [9, 5, 10, 4], [11, 6, 12, 7], [13, 9, 14, 8], [19, 10, 20, 11], [21, 13, 22, 12], [14, 18, 15, 17], [16, 2, 17, 1], [18, 4, 19, 3]]"
12n_0549_153,"[[18, 4, 19, 3], [5, 21, 6, 20], [7, 22, 8, 23], [24, 16, 1, 15], [2, 24, 3, 23], [9, 5, 10, 4], [11, 6, 12, 7], [13, 9, 14, 8], [19, 10, 20, 11], [21, 13, 22, 12], [14, 18, 15, 17], [16, 2, 17, 1]]"
12n_0549_154,"[[16, 2, 17, 1], [18, 4, 19, 3], [5, 21, 6, 20], [7, 22, 8, 23], [24, 16, 1, 15], [2, 24, 3, 23], [9, 5, 10, 4], [11, 6, 12, 7], [13, 9, 14, 8], [19, 10, 20, 11], [21, 13, 22, 12], [14, 18, 15, 17]]"
12n_0549_155,"[[14, 18, 15, 17], [16, 2, 17, 1], [18, 4, 19, 3], [5, 21, 6, 20], [7, 22, 8, 23], [24, 16, 1, 15], [2, 24, 3, 23], [9, 5, 10, 4], [11, 6, 12, 7], [13, 9, 14, 8], [19, 10, 20, 11], [21, 13, 22, 12]]"
12n_0549_156,"[[22, 14, 23, 13], [15, 19, 16, 18], [17, 3, 18, 2], [19, 5, 20, 4], [6, 22, 7, 21], [8, 23, 9, 24], [1, 17, 2, 16], [3, 1, 4, 24], [10, 6, 11, 5], [12, 7, 13, 8], [14, 10, 15, 9], [20, 11, 21, 12]]"
12n_0549_157,"[[20, 11, 21, 12], [22, 14, 23, 13], [15, 19, 16, 18], [17, 3, 18, 2], [19, 5, 20, 4], [6, 22, 7, 21], [8, 23, 9, 24], [1, 17, 2, 16], [3, 1, 4, 24], [10, 6, 11, 5], [12, 7, 13, 8], [14, 10, 15, 9]]"
12n_0549_158,"[[14, 10, 15, 9], [20, 11, 21, 12], [22, 14, 23, 13], [15, 19, 16, 18], [17, 3, 18, 2], [19, 5, 20, 4], [6, 22, 7, 21], [8, 23, 9, 24], [1, 17, 2, 16], [3, 1, 4, 24], [10, 6, 11, 5], [12, 7, 13, 8]]"
12n_0549_159,"[[12, 7, 13, 8], [14, 10, 15, 9], [20, 11, 21, 12], [22, 14, 23, 13], [15, 19, 16, 18], [17, 3, 18, 2], [19, 5, 20, 4], [6, 22, 7, 21], [8, 23, 9, 24], [1, 17, 2, 16], [3, 1, 4, 24], [10, 6, 11, 5]]"
12n_0549_160,"[[10, 6, 11, 5], [12, 7, 13, 8], [14, 10, 15, 9], [20, 11, 21, 12], [22, 14, 23, 13], [15, 19, 16, 18], [17, 3, 18, 2], [19, 5, 20, 4], [6, 22, 7, 21], [8, 23, 9, 24], [1, 17, 2, 16], [3, 1, 4, 24]]"
12n_0549_161,"[[3, 1, 4, 24], [10, 6, 11, 5], [12, 7, 13, 8], [14, 10, 15, 9], [20, 11, 21, 12], [22, 14, 23, 13], [15, 19, 16, 18], [17, 3, 18, 2], [19, 5, 20, 4], [6, 22, 7, 21], [8, 23, 9, 24], [1, 17, 2, 16]]"
12n_0549_162,"[[1, 17, 2, 16], [3, 1, 4, 24], [10, 6, 11, 5], [12, 7, 13, 8], [14, 10, 15, 9], [20, 11, 21, 12], [22, 14, 23, 13], [15, 19, 16, 18], [17, 3, 18, 2], [19, 5, 20, 4], [6, 22, 7, 21], [8, 23, 9, 24]]"
12n_0549_163,"[[8, 23, 9, 24], [1, 17, 2, 16], [3, 1, 4, 24], [10, 6, 11, 5], [12, 7, 13, 8], [14, 10, 15, 9], [20, 11, 21, 12], [22, 14, 23, 13], [15, 19, 16, 18], [17, 3, 18, 2], [19, 5, 20, 4], [6, 22, 7, 21]]"
12n_0549_164,"[[6, 22, 7, 21], [8, 23, 9, 24], [1, 17, 2, 16], [3, 1, 4, 24], [10, 6, 11, 5], [12, 7, 13, 8], [14, 10, 15, 9], [20, 11, 21, 12], [22, 14, 23, 13], [15, 19, 16, 18], [17, 3, 18, 2], [19, 5, 20, 4]]"
12n_0549_165,"[[19, 5, 20, 4], [6, 22, 7, 21], [8, 23, 9, 24], [1, 17, 2, 16], [3, 1, 4, 24], [10, 6, 11, 5], [12, 7, 13, 8], [14, 10, 15, 9], [20, 11, 21, 12], [22, 14, 23, 13], [15, 19, 16, 18], [17, 3, 18, 2]]"
12n_0549_166,"[[17, 3, 18, 2], [19, 5, 20, 4], [6, 22, 7, 21], [8, 23, 9, 24], [1, 17, 2, 16], [3, 1, 4, 24], [10, 6, 11, 5], [12, 7, 13, 8], [14, 10, 15, 9], [20, 11, 21, 12], [22, 14, 23, 13], [15, 19, 16, 18]]"
12n_0549_167,"[[15, 19, 16, 18], [17, 3, 18, 2], [19, 5, 20, 4], [6, 22, 7, 21], [8, 23, 9, 24], [1, 17, 2, 16], [3, 1, 4, 24], [10, 6, 11, 5], [12, 7, 13, 8], [14, 10, 15, 9], [20, 11, 21, 12], [22, 14, 23, 13]]"
12n_0549_168,"[[23, 15, 24, 14], [16, 20, 17, 19], [18, 4, 19, 3], [20, 6, 21, 5], [7, 23, 8, 22], [9, 24, 10, 1], [2, 18, 3, 17], [4, 2, 5, 1], [11, 7, 12, 6], [13, 8, 14, 9], [15, 11, 16, 10], [21, 12, 22, 13]]"
12n_0549_169,"[[21, 12, 22, 13], [23, 15, 24, 14], [16, 20, 17, 19], [18, 4, 19, 3], [20, 6, 21, 5], [7, 23, 8, 22], [9, 24, 10, 1], [2, 18, 3, 17], [4, 2, 5, 1], [11, 7, 12, 6], [13, 8, 14, 9], [15, 11, 16, 10]]"
12n_0549_170,"[[15, 11, 16, 10], [21, 12, 22, 13], [23, 15, 24, 14], [16, 20, 17, 19], [18, 4, 19, 3], [20, 6, 21, 5], [7, 23, 8, 22], [9, 24, 10, 1], [2, 18, 3, 17], [4, 2, 5, 1], [11, 7, 12, 6], [13, 8, 14, 9]]"
12n_0549_171,"[[13, 8, 14, 9], [15, 11, 16, 10], [21, 12, 22, 13], [23, 15, 24, 14], [16, 20, 17, 19], [18, 4, 19, 3], [20, 6, 21, 5], [7, 23, 8, 22], [9, 24, 10, 1], [2, 18, 3, 17], [4, 2, 5, 1], [11, 7, 12, 6]]"
12n_0549_172,"[[11, 7, 12, 6], [13, 8, 14, 9], [15, 11, 16, 10], [21, 12, 22, 13], [23, 15, 24, 14], [16, 20, 17, 19], [18, 4, 19, 3], [20, 6, 21, 5], [7, 23, 8, 22], [9, 24, 10, 1], [2, 18, 3, 17], [4, 2, 5, 1]]"
12n_0549_173,"[[4, 2, 5, 1], [11, 7, 12, 6], [13, 8, 14, 9], [15, 11, 16, 10], [21, 12, 22, 13], [23, 15, 24, 14], [16, 20, 17, 19], [18, 4, 19, 3], [20, 6, 21, 5], [7, 23, 8, 22], [9, 24, 10, 1], [2, 18, 3, 17]]"
12n_0549_174,"[[2, 18, 3, 17], [4, 2, 5, 1], [11, 7, 12, 6], [13, 8, 14, 9], [15, 11, 16, 10], [21, 12, 22, 13], [23, 15, 24, 14], [16, 20, 17, 19], [18, 4, 19, 3], [20, 6, 21, 5], [7, 23, 8, 22], [9, 24, 10, 1]]"
12n_0549_175,"[[9, 24, 10, 1], [2, 18, 3, 17], [4, 2, 5, 1], [11, 7, 12, 6], [13, 8, 14, 9], [15, 11, 16, 10], [21, 12, 22, 13], [23, 15, 24, 14], [16, 20, 17, 19], [18, 4, 19, 3], [20, 6, 21, 5], [7, 23, 8, 22]]"
12n_0549_176,"[[7, 23, 8, 22], [9, 24, 10, 1], [2, 18, 3, 17], [4, 2, 5, 1], [11, 7, 12, 6], [13, 8, 14, 9], [15, 11, 16, 10], [21, 12, 22, 13], [23, 15, 24, 14], [16, 20, 17, 19], [18, 4, 19, 3], [20, 6, 21, 5]]"
12n_0549_177,"[[20, 6, 21, 5], [7, 23, 8, 22], [9, 24, 10, 1], [2, 18, 3, 17], [4, 2, 5, 1], [11, 7, 12, 6], [13, 8, 14, 9], [15, 11, 16, 10], [21, 12, 22, 13], [23, 15, 24, 14], [16, 20, 17, 19], [18, 4, 19, 3]]"
12n_0549_178,"[[18, 4, 19, 3], [20, 6, 21, 5], [7, 23, 8, 22], [9, 24, 10, 1], [2, 18, 3, 17], [4, 2, 5, 1], [11, 7, 12, 6], [13, 8, 14, 9], [15, 11, 16, 10], [21, 12, 22, 13], [23, 15, 24, 14], [16, 20, 17, 19]]"
12n_0549_179,"[[16, 20, 17, 19], [18, 4, 19, 3], [20, 6, 21, 5], [7, 23, 8, 22], [9, 24, 10, 1], [2, 18, 3, 17], [4, 2, 5, 1], [11, 7, 12, 6], [13, 8, 14, 9], [15, 11, 16, 10], [21, 12, 22, 13], [23, 15, 24, 14]]"
12n_0549_180,"[[24, 16, 1, 15], [17, 21, 18, 20], [19, 5, 20, 4], [21, 7, 22, 6], [8, 24, 9, 23], [10, 1, 11, 2], [3, 19, 4, 18], [5, 3, 6, 2], [12, 8, 13, 7], [14, 9, 15, 10], [16, 12, 17, 11], [22, 13, 23, 14]]"
12n_0549_181,"[[22, 13, 23, 14], [24, 16, 1, 15], [17, 21, 18, 20], [19, 5, 20, 4], [21, 7, 22, 6], [8, 24, 9, 23], [10, 1, 11, 2], [3, 19, 4, 18], [5, 3, 6, 2], [12, 8, 13, 7], [14, 9, 15, 10], [16, 12, 17, 11]]"
12n_0549_182,"[[16, 12, 17, 11], [22, 13, 23, 14], [24, 16, 1, 15], [17, 21, 18, 20], [19, 5, 20, 4], [21, 7, 22, 6], [8, 24, 9, 23], [10, 1, 11, 2], [3, 19, 4, 18], [5, 3, 6, 2], [12, 8, 13, 7], [14, 9, 15, 10]]"
12n_0549_183,"[[14, 9, 15, 10], [16, 12, 17, 11], [22, 13, 23, 14], [24, 16, 1, 15], [17, 21, 18, 20], [19, 5, 20, 4], [21, 7, 22, 6], [8, 24, 9, 23], [10, 1, 11, 2], [3, 19, 4, 18], [5, 3, 6, 2], [12, 8, 13, 7]]"
12n_0549_184,"[[12, 8, 13, 7], [14, 9, 15, 10], [16, 12, 17, 11], [22, 13, 23, 14], [24, 16, 1, 15], [17, 21, 18, 20], [19, 5, 20, 4], [21, 7, 22, 6], [8, 24, 9, 23], [10, 1, 11, 2], [3, 19, 4, 18], [5, 3, 6, 2]]"
12n_0549_185,"[[5, 3, 6, 2], [12, 8, 13, 7], [14, 9, 15, 10], [16, 12, 17, 11], [22, 13, 23, 14], [24, 16, 1, 15], [17, 21, 18, 20], [19, 5, 20, 4], [21, 7, 22, 6], [8, 24, 9, 23], [10, 1, 11, 2], [3, 19, 4, 18]]"
