name,pd_notation
12n_0874_0,"[[24, 18, 1, 17], [2, 8, 3, 7], [4, 15, 5, 16], [6, 11, 7, 12], [8, 22, 9, 21], [10, 2, 11, 1], [12, 3, 13, 4], [19, 15, 20, 14], [16, 5, 17, 6], [18, 24, 19, 23], [13, 21, 14, 20], [22, 10, 23, 9]]"
12n_0874_1,"[[22, 10, 23, 9], [24, 18, 1, 17], [2, 8, 3, 7], [4, 15, 5, 16], [6, 11, 7, 12], [8, 22, 9, 21], [10, 2, 11, 1], [12, 3, 13, 4], [19, 15, 20, 14], [16, 5, 17, 6], [18, 24, 19, 23], [13, 21, 14, 20]]"
12n_0874_2,"[[13, 21, 14, 20], [22, 10, 23, 9], [24, 18, 1, 17], [2, 8, 3, 7], [4, 15, 5, 16], [6, 11, 7, 12], [8, 22, 9, 21], [10, 2, 11, 1], [12, 3, 13, 4], [19, 15, 20, 14], [16, 5, 17, 6], [18, 24, 19, 23]]"
12n_0874_3,"[[18, 24, 19, 23], [13, 21, 14, 20], [22, 10, 23, 9], [24, 18, 1, 17], [2, 8, 3, 7], [4, 15, 5, 16], [6, 11, 7, 12], [8, 22, 9, 21], [10, 2, 11, 1], [12, 3, 13, 4], [19, 15, 20, 14], [16, 5, 17, 6]]"
12n_0874_4,"[[16, 5, 17, 6], [18, 24, 19, 23], [13, 21, 14, 20], [22, 10, 23, 9], [24, 18, 1, 17], [2, 8, 3, 7], [4, 15, 5, 16], [6, 11, 7, 12], [8, 22, 9, 21], [10, 2, 11, 1], [12, 3, 13, 4], [19, 15, 20, 14]]"
12n_0874_5,"[[19, 15, 20, 14], [16, 5, 17, 6], [18, 24, 19, 23], [13, 21, 14, 20], [22, 10, 23, 9], [24, 18, 1, 17], [2, 8, 3, 7], [4, 15, 5, 16], [6, 11, 7, 12], [8, 22, 9, 21], [10, 2, 11, 1], [12, 3, 13, 4]]"
12n_0874_6,"[[12, 3, 13, 4], [19, 15, 20, 14], [16, 5, 17, 6], [18, 24, 19, 23], [13, 21, 14, 20], [22, 10, 23, 9], [24, 18, 1, 17], [2, 8, 3, 7], [4, 15, 5, 16], [6, 11, 7, 12], [8, 22, 9, 21], [10, 2, 11, 1]]"
12n_0874_7,"[[10, 2, 11, 1], [12, 3, 13, 4], [19, 15, 20, 14], [16, 5, 17, 6], [18, 24, 19, 23], [13, 21, 14, 20], [22, 10, 23, 9], [24, 18, 1, 17], [2, 8, 3, 7], [4, 15, 5, 16], [6, 11, 7, 12], [8, 22, 9, 21]]"
12n_0874_8,"[[8, 22, 9, 21], [10, 2, 11, 1], [12, 3, 13, 4], [19, 15, 20, 14], [16, 5, 17, 6], [18, 24, 19, 23], [13, 21, 14, 20], [22, 10, 23, 9], [24, 18, 1, 17], [2, 8, 3, 7], [4, 15, 5, 16], [6, 11, 7, 12]]"
12n_0874_9,"[[6, 11, 7, 12], [8, 22, 9, 21], [10, 2, 11, 1], [12, 3, 13, 4], [19, 15, 20, 14], [16, 5, 17, 6], [18, 24, 19, 23], [13, 21, 14, 20], [22, 10, 23, 9], [24, 18, 1, 17], [2, 8, 3, 7], [4, 15, 5, 16]]"
12n_0874_10,"[[4, 15, 5, 16], [6, 11, 7, 12], [8, 22, 9, 21], [10, 2, 11, 1], [12, 3, 13, 4], [19, 15, 20, 14], [16, 5, 17, 6], [18, 24, 19, 23], [13, 21, 14, 20], [22, 10, 23, 9], [24, 18, 1, 17], [2, 8, 3, 7]]"
12n_0874_11,"[[2, 8, 3, 7], [4, 15, 5, 16], [6, 11, 7, 12], [8, 22, 9, 21], [10, 2, 11, 1], [12, 3, 13, 4], [19, 15, 20, 14], [16, 5, 17, 6], [18, 24, 19, 23], [13, 21, 14, 20], [22, 10, 23, 9], [24, 18, 1, 17]]"
12n_0874_12,"[[1, 19, 2, 18], [3, 9, 4, 8], [5, 16, 6, 17], [7, 12, 8, 13], [9, 23, 10, 22], [11, 3, 12, 2], [13, 4, 14, 5], [20, 16, 21, 15], [17, 6, 18, 7], [19, 1, 20, 24], [14, 22, 15, 21], [23, 11, 24, 10]]"
12n_0874_13,"[[23, 11, 24, 10], [1, 19, 2, 18], [3, 9, 4, 8], [5, 16, 6, 17], [7, 12, 8, 13], [9, 23, 10, 22], [11, 3, 12, 2], [13, 4, 14, 5], [20, 16, 21, 15], [17, 6, 18, 7], [19, 1, 20, 24], [14, 22, 15, 21]]"
12n_0874_14,"[[14, 22, 15, 21], [23, 11, 24, 10], [1, 19, 2, 18], [3, 9, 4, 8], [5, 16, 6, 17], [7, 12, 8, 13], [9, 23, 10, 22], [11, 3, 12, 2], [13, 4, 14, 5], [20, 16, 21, 15], [17, 6, 18, 7], [19, 1, 20, 24]]"
12n_0874_15,"[[19, 1, 20, 24], [14, 22, 15, 21], [23, 11, 24, 10], [1, 19, 2, 18], [3, 9, 4, 8], [5, 16, 6, 17], [7, 12, 8, 13], [9, 23, 10, 22], [11, 3, 12, 2], [13, 4, 14, 5], [20, 16, 21, 15], [17, 6, 18, 7]]"
12n_0874_16,"[[17, 6, 18, 7], [19, 1, 20, 24], [14, 22, 15, 21], [23, 11, 24, 10], [1, 19, 2, 18], [3, 9, 4, 8], [5, 16, 6, 17], [7, 12, 8, 13], [9, 23, 10, 22], [11, 3, 12, 2], [13, 4, 14, 5], [20, 16, 21, 15]]"
12n_0874_17,"[[20, 16, 21, 15], [17, 6, 18, 7], [19, 1, 20, 24], [14, 22, 15, 21], [23, 11, 24, 10], [1, 19, 2, 18], [3, 9, 4, 8], [5, 16, 6, 17], [7, 12, 8, 13], [9, 23, 10, 22], [11, 3, 12, 2], [13, 4, 14, 5]]"
12n_0874_18,"[[13, 4, 14, 5], [20, 16, 21, 15], [17, 6, 18, 7], [19, 1, 20, 24], [14, 22, 15, 21], [23, 11, 24, 10], [1, 19, 2, 18], [3, 9, 4, 8], [5, 16, 6, 17], [7, 12, 8, 13], [9, 23, 10, 22], [11, 3, 12, 2]]"
12n_0874_19,"[[11, 3, 12, 2], [13, 4, 14, 5], [20, 16, 21, 15], [17, 6, 18, 7], [19, 1, 20, 24], [14, 22, 15, 21], [23, 11, 24, 10], [1, 19, 2, 18], [3, 9, 4, 8], [5, 16, 6, 17], [7, 12, 8, 13], [9, 23, 10, 22]]"
12n_0874_20,"[[9, 23, 10, 22], [11, 3, 12, 2], [13, 4, 14, 5], [20, 16, 21, 15], [17, 6, 18, 7], [19, 1, 20, 24], [14, 22, 15, 21], [23, 11, 24, 10], [1, 19, 2, 18], [3, 9, 4, 8], [5, 16, 6, 17], [7, 12, 8, 13]]"
12n_0874_21,"[[7, 12, 8, 13], [9, 23, 10, 22], [11, 3, 12, 2], [13, 4, 14, 5], [20, 16, 21, 15], [17, 6, 18, 7], [19, 1, 20, 24], [14, 22, 15, 21], [23, 11, 24, 10], [1, 19, 2, 18], [3, 9, 4, 8], [5, 16, 6, 17]]"
12n_0874_22,"[[5, 16, 6, 17], [7, 12, 8, 13], [9, 23, 10, 22], [11, 3, 12, 2], [13, 4, 14, 5], [20, 16, 21, 15], [17, 6, 18, 7], [19, 1, 20, 24], [14, 22, 15, 21], [23, 11, 24, 10], [1, 19, 2, 18], [3, 9, 4, 8]]"
12n_0874_23,"[[3, 9, 4, 8], [5, 16, 6, 17], [7, 12, 8, 13], [9, 23, 10, 22], [11, 3, 12, 2], [13, 4, 14, 5], [20, 16, 21, 15], [17, 6, 18, 7], [19, 1, 20, 24], [14, 22, 15, 21], [23, 11, 24, 10], [1, 19, 2, 18]]"
12n_0874_24,"[[2, 20, 3, 19], [4, 10, 5, 9], [6, 17, 7, 18], [8, 13, 9, 14], [10, 24, 11, 23], [12, 4, 13, 3], [14, 5, 15, 6], [21, 17, 22, 16], [18, 7, 19, 8], [20, 2, 21, 1], [15, 23, 16, 22], [24, 12, 1, 11]]"
12n_0874_25,"[[24, 12, 1, 11], [2, 20, 3, 19], [4, 10, 5, 9], [6, 17, 7, 18], [8, 13, 9, 14], [10, 24, 11, 23], [12, 4, 13, 3], [14, 5, 15, 6], [21, 17, 22, 16], [18, 7, 19, 8], [20, 2, 21, 1], [15, 23, 16, 22]]"
12n_0874_26,"[[15, 23, 16, 22], [24, 12, 1, 11], [2, 20, 3, 19], [4, 10, 5, 9], [6, 17, 7, 18], [8, 13, 9, 14], [10, 24, 11, 23], [12, 4, 13, 3], [14, 5, 15, 6], [21, 17, 22, 16], [18, 7, 19, 8], [20, 2, 21, 1]]"
12n_0874_27,"[[20, 2, 21, 1], [15, 23, 16, 22], [24, 12, 1, 11], [2, 20, 3, 19], [4, 10, 5, 9], [6, 17, 7, 18], [8, 13, 9, 14], [10, 24, 11, 23], [12, 4, 13, 3], [14, 5, 15, 6], [21, 17, 22, 16], [18, 7, 19, 8]]"
12n_0874_28,"[[18, 7, 19, 8], [20, 2, 21, 1], [15, 23, 16, 22], [24, 12, 1, 11], [2, 20, 3, 19], [4, 10, 5, 9], [6, 17, 7, 18], [8, 13, 9, 14], [10, 24, 11, 23], [12, 4, 13, 3], [14, 5, 15, 6], [21, 17, 22, 16]]"
12n_0874_29,"[[21, 17, 22, 16], [18, 7, 19, 8], [20, 2, 21, 1], [15, 23, 16, 22], [24, 12, 1, 11], [2, 20, 3, 19], [4, 10, 5, 9], [6, 17, 7, 18], [8, 13, 9, 14], [10, 24, 11, 23], [12, 4, 13, 3], [14, 5, 15, 6]]"
12n_0874_30,"[[14, 5, 15, 6], [21, 17, 22, 16], [18, 7, 19, 8], [20, 2, 21, 1], [15, 23, 16, 22], [24, 12, 1, 11], [2, 20, 3, 19], [4, 10, 5, 9], [6, 17, 7, 18], [8, 13, 9, 14], [10, 24, 11, 23], [12, 4, 13, 3]]"
12n_0874_31,"[[12, 4, 13, 3], [14, 5, 15, 6], [21, 17, 22, 16], [18, 7, 19, 8], [20, 2, 21, 1], [15, 23, 16, 22], [24, 12, 1, 11], [2, 20, 3, 19], [4, 10, 5, 9], [6, 17, 7, 18], [8, 13, 9, 14], [10, 24, 11, 23]]"
12n_0874_32,"[[10, 24, 11, 23], [12, 4, 13, 3], [14, 5, 15, 6], [21, 17, 22, 16], [18, 7, 19, 8], [20, 2, 21, 1], [15, 23, 16, 22], [24, 12, 1, 11], [2, 20, 3, 19], [4, 10, 5, 9], [6, 17, 7, 18], [8, 13, 9, 14]]"
12n_0874_33,"[[8, 13, 9, 14], [10, 24, 11, 23], [12, 4, 13, 3], [14, 5, 15, 6], [21, 17, 22, 16], [18, 7, 19, 8], [20, 2, 21, 1], [15, 23, 16, 22], [24, 12, 1, 11], [2, 20, 3, 19], [4, 10, 5, 9], [6, 17, 7, 18]]"
12n_0874_34,"[[6, 17, 7, 18], [8, 13, 9, 14], [10, 24, 11, 23], [12, 4, 13, 3], [14, 5, 15, 6], [21, 17, 22, 16], [18, 7, 19, 8], [20, 2, 21, 1], [15, 23, 16, 22], [24, 12, 1, 11], [2, 20, 3, 19], [4, 10, 5, 9]]"
12n_0874_35,"[[4, 10, 5, 9], [6, 17, 7, 18], [8, 13, 9, 14], [10, 24, 11, 23], [12, 4, 13, 3], [14, 5, 15, 6], [21, 17, 22, 16], [18, 7, 19, 8], [20, 2, 21, 1], [15, 23, 16, 22], [24, 12, 1, 11], [2, 20, 3, 19]]"
12n_0874_36,"[[3, 21, 4, 20], [5, 11, 6, 10], [7, 18, 8, 19], [9, 14, 10, 15], [11, 1, 12, 24], [13, 5, 14, 4], [15, 6, 16, 7], [22, 18, 23, 17], [19, 8, 20, 9], [21, 3, 22, 2], [16, 24, 17, 23], [1, 13, 2, 12]]"
12n_0874_37,"[[1, 13, 2, 12], [3, 21, 4, 20], [5, 11, 6, 10], [7, 18, 8, 19], [9, 14, 10, 15], [11, 1, 12, 24], [13, 5, 14, 4], [15, 6, 16, 7], [22, 18, 23, 17], [19, 8, 20, 9], [21, 3, 22, 2], [16, 24, 17, 23]]"
12n_0874_38,"[[16, 24, 17, 23], [1, 13, 2, 12], [3, 21, 4, 20], [5, 11, 6, 10], [7, 18, 8, 19], [9, 14, 10, 15], [11, 1, 12, 24], [13, 5, 14, 4], [15, 6, 16, 7], [22, 18, 23, 17], [19, 8, 20, 9], [21, 3, 22, 2]]"
12n_0874_39,"[[21, 3, 22, 2], [16, 24, 17, 23], [1, 13, 2, 12], [3, 21, 4, 20], [5, 11, 6, 10], [7, 18, 8, 19], [9, 14, 10, 15], [11, 1, 12, 24], [13, 5, 14, 4], [15, 6, 16, 7], [22, 18, 23, 17], [19, 8, 20, 9]]"
12n_0874_40,"[[19, 8, 20, 9], [21, 3, 22, 2], [16, 24, 17, 23], [1, 13, 2, 12], [3, 21, 4, 20], [5, 11, 6, 10], [7, 18, 8, 19], [9, 14, 10, 15], [11, 1, 12, 24], [13, 5, 14, 4], [15, 6, 16, 7], [22, 18, 23, 17]]"
12n_0874_41,"[[22, 18, 23, 17], [19, 8, 20, 9], [21, 3, 22, 2], [16, 24, 17, 23], [1, 13, 2, 12], [3, 21, 4, 20], [5, 11, 6, 10], [7, 18, 8, 19], [9, 14, 10, 15], [11, 1, 12, 24], [13, 5, 14, 4], [15, 6, 16, 7]]"
12n_0874_42,"[[15, 6, 16, 7], [22, 18, 23, 17], [19, 8, 20, 9], [21, 3, 22, 2], [16, 24, 17, 23], [1, 13, 2, 12], [3, 21, 4, 20], [5, 11, 6, 10], [7, 18, 8, 19], [9, 14, 10, 15], [11, 1, 12, 24], [13, 5, 14, 4]]"
12n_0874_43,"[[13, 5, 14, 4], [15, 6, 16, 7], [22, 18, 23, 17], [19, 8, 20, 9], [21, 3, 22, 2], [16, 24, 17, 23], [1, 13, 2, 12], [3, 21, 4, 20], [5, 11, 6, 10], [7, 18, 8, 19], [9, 14, 10, 15], [11, 1, 12, 24]]"
12n_0874_44,"[[11, 1, 12, 24], [13, 5, 14, 4], [15, 6, 16, 7], [22, 18, 23, 17], [19, 8, 20, 9], [21, 3, 22, 2], [16, 24, 17, 23], [1, 13, 2, 12], [3, 21, 4, 20], [5, 11, 6, 10], [7, 18, 8, 19], [9, 14, 10, 15]]"
12n_0874_45,"[[9, 14, 10, 15], [11, 1, 12, 24], [13, 5, 14, 4], [15, 6, 16, 7], [22, 18, 23, 17], [19, 8, 20, 9], [21, 3, 22, 2], [16, 24, 17, 23], [1, 13, 2, 12], [3, 21, 4, 20], [5, 11, 6, 10], [7, 18, 8, 19]]"
12n_0874_46,"[[7, 18, 8, 19], [9, 14, 10, 15], [11, 1, 12, 24], [13, 5, 14, 4], [15, 6, 16, 7], [22, 18, 23, 17], [19, 8, 20, 9], [21, 3, 22, 2], [16, 24, 17, 23], [1, 13, 2, 12], [3, 21, 4, 20], [5, 11, 6, 10]]"
12n_0874_47,"[[5, 11, 6, 10], [7, 18, 8, 19], [9, 14, 10, 15], [11, 1, 12, 24], [13, 5, 14, 4], [15, 6, 16, 7], [22, 18, 23, 17], [19, 8, 20, 9], [21, 3, 22, 2], [16, 24, 17, 23], [1, 13, 2, 12], [3, 21, 4, 20]]"
12n_0874_48,"[[4, 22, 5, 21], [6, 12, 7, 11], [8, 19, 9, 20], [10, 15, 11, 16], [12, 2, 13, 1], [14, 6, 15, 5], [16, 7, 17, 8], [23, 19, 24, 18], [20, 9, 21, 10], [22, 4, 23, 3], [17, 1, 18, 24], [2, 14, 3, 13]]"
12n_0874_49,"[[2, 14, 3, 13], [4, 22, 5, 21], [6, 12, 7, 11], [8, 19, 9, 20], [10, 15, 11, 16], [12, 2, 13, 1], [14, 6, 15, 5], [16, 7, 17, 8], [23, 19, 24, 18], [20, 9, 21, 10], [22, 4, 23, 3], [17, 1, 18, 24]]"
12n_0874_50,"[[17, 1, 18, 24], [2, 14, 3, 13], [4, 22, 5, 21], [6, 12, 7, 11], [8, 19, 9, 20], [10, 15, 11, 16], [12, 2, 13, 1], [14, 6, 15, 5], [16, 7, 17, 8], [23, 19, 24, 18], [20, 9, 21, 10], [22, 4, 23, 3]]"
12n_0874_51,"[[22, 4, 23, 3], [17, 1, 18, 24], [2, 14, 3, 13], [4, 22, 5, 21], [6, 12, 7, 11], [8, 19, 9, 20], [10, 15, 11, 16], [12, 2, 13, 1], [14, 6, 15, 5], [16, 7, 17, 8], [23, 19, 24, 18], [20, 9, 21, 10]]"
12n_0874_52,"[[20, 9, 21, 10], [22, 4, 23, 3], [17, 1, 18, 24], [2, 14, 3, 13], [4, 22, 5, 21], [6, 12, 7, 11], [8, 19, 9, 20], [10, 15, 11, 16], [12, 2, 13, 1], [14, 6, 15, 5], [16, 7, 17, 8], [23, 19, 24, 18]]"
12n_0874_53,"[[23, 19, 24, 18], [20, 9, 21, 10], [22, 4, 23, 3], [17, 1, 18, 24], [2, 14, 3, 13], [4, 22, 5, 21], [6, 12, 7, 11], [8, 19, 9, 20], [10, 15, 11, 16], [12, 2, 13, 1], [14, 6, 15, 5], [16, 7, 17, 8]]"
12n_0874_54,"[[16, 7, 17, 8], [23, 19, 24, 18], [20, 9, 21, 10], [22, 4, 23, 3], [17, 1, 18, 24], [2, 14, 3, 13], [4, 22, 5, 21], [6, 12, 7, 11], [8, 19, 9, 20], [10, 15, 11, 16], [12, 2, 13, 1], [14, 6, 15, 5]]"
12n_0874_55,"[[14, 6, 15, 5], [16, 7, 17, 8], [23, 19, 24, 18], [20, 9, 21, 10], [22, 4, 23, 3], [17, 1, 18, 24], [2, 14, 3, 13], [4, 22, 5, 21], [6, 12, 7, 11], [8, 19, 9, 20], [10, 15, 11, 16], [12, 2, 13, 1]]"
12n_0874_56,"[[12, 2, 13, 1], [14, 6, 15, 5], [16, 7, 17, 8], [23, 19, 24, 18], [20, 9, 21, 10], [22, 4, 23, 3], [17, 1, 18, 24], [2, 14, 3, 13], [4, 22, 5, 21], [6, 12, 7, 11], [8, 19, 9, 20], [10, 15, 11, 16]]"
12n_0874_57,"[[10, 15, 11, 16], [12, 2, 13, 1], [14, 6, 15, 5], [16, 7, 17, 8], [23, 19, 24, 18], [20, 9, 21, 10], [22, 4, 23, 3], [17, 1, 18, 24], [2, 14, 3, 13], [4, 22, 5, 21], [6, 12, 7, 11], [8, 19, 9, 20]]"
12n_0874_58,"[[8, 19, 9, 20], [10, 15, 11, 16], [12, 2, 13, 1], [14, 6, 15, 5], [16, 7, 17, 8], [23, 19, 24, 18], [20, 9, 21, 10], [22, 4, 23, 3], [17, 1, 18, 24], [2, 14, 3, 13], [4, 22, 5, 21], [6, 12, 7, 11]]"
12n_0874_59,"[[6, 12, 7, 11], [8, 19, 9, 20], [10, 15, 11, 16], [12, 2, 13, 1], [14, 6, 15, 5], [16, 7, 17, 8], [23, 19, 24, 18], [20, 9, 21, 10], [22, 4, 23, 3], [17, 1, 18, 24], [2, 14, 3, 13], [4, 22, 5, 21]]"
12n_0874_60,"[[5, 23, 6, 22], [7, 13, 8, 12], [9, 20, 10, 21], [11, 16, 12, 17], [13, 3, 14, 2], [15, 7, 16, 6], [17, 8, 18, 9], [24, 20, 1, 19], [21, 10, 22, 11], [23, 5, 24, 4], [18, 2, 19, 1], [3, 15, 4, 14]]"
12n_0874_61,"[[3, 15, 4, 14], [5, 23, 6, 22], [7, 13, 8, 12], [9, 20, 10, 21], [11, 16, 12, 17], [13, 3, 14, 2], [15, 7, 16, 6], [17, 8, 18, 9], [24, 20, 1, 19], [21, 10, 22, 11], [23, 5, 24, 4], [18, 2, 19, 1]]"
12n_0874_62,"[[18, 2, 19, 1], [3, 15, 4, 14], [5, 23, 6, 22], [7, 13, 8, 12], [9, 20, 10, 21], [11, 16, 12, 17], [13, 3, 14, 2], [15, 7, 16, 6], [17, 8, 18, 9], [24, 20, 1, 19], [21, 10, 22, 11], [23, 5, 24, 4]]"
12n_0874_63,"[[23, 5, 24, 4], [18, 2, 19, 1], [3, 15, 4, 14], [5, 23, 6, 22], [7, 13, 8, 12], [9, 20, 10, 21], [11, 16, 12, 17], [13, 3, 14, 2], [15, 7, 16, 6], [17, 8, 18, 9], [24, 20, 1, 19], [21, 10, 22, 11]]"
12n_0874_64,"[[21, 10, 22, 11], [23, 5, 24, 4], [18, 2, 19, 1], [3, 15, 4, 14], [5, 23, 6, 22], [7, 13, 8, 12], [9, 20, 10, 21], [11, 16, 12, 17], [13, 3, 14, 2], [15, 7, 16, 6], [17, 8, 18, 9], [24, 20, 1, 19]]"
12n_0874_65,"[[24, 20, 1, 19], [21, 10, 22, 11], [23, 5, 24, 4], [18, 2, 19, 1], [3, 15, 4, 14], [5, 23, 6, 22], [7, 13, 8, 12], [9, 20, 10, 21], [11, 16, 12, 17], [13, 3, 14, 2], [15, 7, 16, 6], [17, 8, 18, 9]]"
12n_0874_66,"[[17, 8, 18, 9], [24, 20, 1, 19], [21, 10, 22, 11], [23, 5, 24, 4], [18, 2, 19, 1], [3, 15, 4, 14], [5, 23, 6, 22], [7, 13, 8, 12], [9, 20, 10, 21], [11, 16, 12, 17], [13, 3, 14, 2], [15, 7, 16, 6]]"
12n_0874_67,"[[15, 7, 16, 6], [17, 8, 18, 9], [24, 20, 1, 19], [21, 10, 22, 11], [23, 5, 24, 4], [18, 2, 19, 1], [3, 15, 4, 14], [5, 23, 6, 22], [7, 13, 8, 12], [9, 20, 10, 21], [11, 16, 12, 17], [13, 3, 14, 2]]"
12n_0874_68,"[[13, 3, 14, 2], [15, 7, 16, 6], [17, 8, 18, 9], [24, 20, 1, 19], [21, 10, 22, 11], [23, 5, 24, 4], [18, 2, 19, 1], [3, 15, 4, 14], [5, 23, 6, 22], [7, 13, 8, 12], [9, 20, 10, 21], [11, 16, 12, 17]]"
12n_0874_69,"[[11, 16, 12, 17], [13, 3, 14, 2], [15, 7, 16, 6], [17, 8, 18, 9], [24, 20, 1, 19], [21, 10, 22, 11], [23, 5, 24, 4], [18, 2, 19, 1], [3, 15, 4, 14], [5, 23, 6, 22], [7, 13, 8, 12], [9, 20, 10, 21]]"
12n_0874_70,"[[9, 20, 10, 21], [11, 16, 12, 17], [13, 3, 14, 2], [15, 7, 16, 6], [17, 8, 18, 9], [24, 20, 1, 19], [21, 10, 22, 11], [23, 5, 24, 4], [18, 2, 19, 1], [3, 15, 4, 14], [5, 23, 6, 22], [7, 13, 8, 12]]"
12n_0874_71,"[[7, 13, 8, 12], [9, 20, 10, 21], [11, 16, 12, 17], [13, 3, 14, 2], [15, 7, 16, 6], [17, 8, 18, 9], [24, 20, 1, 19], [21, 10, 22, 11], [23, 5, 24, 4], [18, 2, 19, 1], [3, 15, 4, 14], [5, 23, 6, 22]]"
12n_0874_72,"[[6, 24, 7, 23], [8, 14, 9, 13], [10, 21, 11, 22], [12, 17, 13, 18], [14, 4, 15, 3], [16, 8, 17, 7], [18, 9, 19, 10], [1, 21, 2, 20], [22, 11, 23, 12], [24, 6, 1, 5], [19, 3, 20, 2], [4, 16, 5, 15]]"
12n_0874_73,"[[4, 16, 5, 15], [6, 24, 7, 23], [8, 14, 9, 13], [10, 21, 11, 22], [12, 17, 13, 18], [14, 4, 15, 3], [16, 8, 17, 7], [18, 9, 19, 10], [1, 21, 2, 20], [22, 11, 23, 12], [24, 6, 1, 5], [19, 3, 20, 2]]"
12n_0874_74,"[[19, 3, 20, 2], [4, 16, 5, 15], [6, 24, 7, 23], [8, 14, 9, 13], [10, 21, 11, 22], [12, 17, 13, 18], [14, 4, 15, 3], [16, 8, 17, 7], [18, 9, 19, 10], [1, 21, 2, 20], [22, 11, 23, 12], [24, 6, 1, 5]]"
12n_0874_75,"[[24, 6, 1, 5], [19, 3, 20, 2], [4, 16, 5, 15], [6, 24, 7, 23], [8, 14, 9, 13], [10, 21, 11, 22], [12, 17, 13, 18], [14, 4, 15, 3], [16, 8, 17, 7], [18, 9, 19, 10], [1, 21, 2, 20], [22, 11, 23, 12]]"
12n_0874_76,"[[22, 11, 23, 12], [24, 6, 1, 5], [19, 3, 20, 2], [4, 16, 5, 15], [6, 24, 7, 23], [8, 14, 9, 13], [10, 21, 11, 22], [12, 17, 13, 18], [14, 4, 15, 3], [16, 8, 17, 7], [18, 9, 19, 10], [1, 21, 2, 20]]"
12n_0874_77,"[[1, 21, 2, 20], [22, 11, 23, 12], [24, 6, 1, 5], [19, 3, 20, 2], [4, 16, 5, 15], [6, 24, 7, 23], [8, 14, 9, 13], [10, 21, 11, 22], [12, 17, 13, 18], [14, 4, 15, 3], [16, 8, 17, 7], [18, 9, 19, 10]]"
12n_0874_78,"[[18, 9, 19, 10], [1, 21, 2, 20], [22, 11, 23, 12], [24, 6, 1, 5], [19, 3, 20, 2], [4, 16, 5, 15], [6, 24, 7, 23], [8, 14, 9, 13], [10, 21, 11, 22], [12, 17, 13, 18], [14, 4, 15, 3], [16, 8, 17, 7]]"
12n_0874_79,"[[16, 8, 17, 7], [18, 9, 19, 10], [1, 21, 2, 20], [22, 11, 23, 12], [24, 6, 1, 5], [19, 3, 20, 2], [4, 16, 5, 15], [6, 24, 7, 23], [8, 14, 9, 13], [10, 21, 11, 22], [12, 17, 13, 18], [14, 4, 15, 3]]"
12n_0874_80,"[[14, 4, 15, 3], [16, 8, 17, 7], [18, 9, 19, 10], [1, 21, 2, 20], [22, 11, 23, 12], [24, 6, 1, 5], [19, 3, 20, 2], [4, 16, 5, 15], [6, 24, 7, 23], [8, 14, 9, 13], [10, 21, 11, 22], [12, 17, 13, 18]]"
12n_0874_81,"[[12, 17, 13, 18], [14, 4, 15, 3], [16, 8, 17, 7], [18, 9, 19, 10], [1, 21, 2, 20], [22, 11, 23, 12], [24, 6, 1, 5], [19, 3, 20, 2], [4, 16, 5, 15], [6, 24, 7, 23], [8, 14, 9, 13], [10, 21, 11, 22]]"
12n_0874_82,"[[10, 21, 11, 22], [12, 17, 13, 18], [14, 4, 15, 3], [16, 8, 17, 7], [18, 9, 19, 10], [1, 21, 2, 20], [22, 11, 23, 12], [24, 6, 1, 5], [19, 3, 20, 2], [4, 16, 5, 15], [6, 24, 7, 23], [8, 14, 9, 13]]"
12n_0874_83,"[[8, 14, 9, 13], [10, 21, 11, 22], [12, 17, 13, 18], [14, 4, 15, 3], [16, 8, 17, 7], [18, 9, 19, 10], [1, 21, 2, 20], [22, 11, 23, 12], [24, 6, 1, 5], [19, 3, 20, 2], [4, 16, 5, 15], [6, 24, 7, 23]]"
12n_0874_84,"[[7, 1, 8, 24], [9, 15, 10, 14], [11, 22, 12, 23], [13, 18, 14, 19], [15, 5, 16, 4], [17, 9, 18, 8], [19, 10, 20, 11], [2, 22, 3, 21], [23, 12, 24, 13], [1, 7, 2, 6], [20, 4, 21, 3], [5, 17, 6, 16]]"
12n_0874_85,"[[5, 17, 6, 16], [7, 1, 8, 24], [9, 15, 10, 14], [11, 22, 12, 23], [13, 18, 14, 19], [15, 5, 16, 4], [17, 9, 18, 8], [19, 10, 20, 11], [2, 22, 3, 21], [23, 12, 24, 13], [1, 7, 2, 6], [20, 4, 21, 3]]"
12n_0874_86,"[[20, 4, 21, 3], [5, 17, 6, 16], [7, 1, 8, 24], [9, 15, 10, 14], [11, 22, 12, 23], [13, 18, 14, 19], [15, 5, 16, 4], [17, 9, 18, 8], [19, 10, 20, 11], [2, 22, 3, 21], [23, 12, 24, 13], [1, 7, 2, 6]]"
12n_0874_87,"[[1, 7, 2, 6], [20, 4, 21, 3], [5, 17, 6, 16], [7, 1, 8, 24], [9, 15, 10, 14], [11, 22, 12, 23], [13, 18, 14, 19], [15, 5, 16, 4], [17, 9, 18, 8], [19, 10, 20, 11], [2, 22, 3, 21], [23, 12, 24, 13]]"
12n_0874_88,"[[23, 12, 24, 13], [1, 7, 2, 6], [20, 4, 21, 3], [5, 17, 6, 16], [7, 1, 8, 24], [9, 15, 10, 14], [11, 22, 12, 23], [13, 18, 14, 19], [15, 5, 16, 4], [17, 9, 18, 8], [19, 10, 20, 11], [2, 22, 3, 21]]"
12n_0874_89,"[[2, 22, 3, 21], [23, 12, 24, 13], [1, 7, 2, 6], [20, 4, 21, 3], [5, 17, 6, 16], [7, 1, 8, 24], [9, 15, 10, 14], [11, 22, 12, 23], [13, 18, 14, 19], [15, 5, 16, 4], [17, 9, 18, 8], [19, 10, 20, 11]]"
12n_0874_90,"[[19, 10, 20, 11], [2, 22, 3, 21], [23, 12, 24, 13], [1, 7, 2, 6], [20, 4, 21, 3], [5, 17, 6, 16], [7, 1, 8, 24], [9, 15, 10, 14], [11, 22, 12, 23], [13, 18, 14, 19], [15, 5, 16, 4], [17, 9, 18, 8]]"
12n_0874_91,"[[17, 9, 18, 8], [19, 10, 20, 11], [2, 22, 3, 21], [23, 12, 24, 13], [1, 7, 2, 6], [20, 4, 21, 3], [5, 17, 6, 16], [7, 1, 8, 24], [9, 15, 10, 14], [11, 22, 12, 23], [13, 18, 14, 19], [15, 5, 16, 4]]"
12n_0874_92,"[[15, 5, 16, 4], [17, 9, 18, 8], [19, 10, 20, 11], [2, 22, 3, 21], [23, 12, 24, 13], [1, 7, 2, 6], [20, 4, 21, 3], [5, 17, 6, 16], [7, 1, 8, 24], [9, 15, 10, 14], [11, 22, 12, 23], [13, 18, 14, 19]]"
12n_0874_93,"[[13, 18, 14, 19], [15, 5, 16, 4], [17, 9, 18, 8], [19, 10, 20, 11], [2, 22, 3, 21], [23, 12, 24, 13], [1, 7, 2, 6], [20, 4, 21, 3], [5, 17, 6, 16], [7, 1, 8, 24], [9, 15, 10, 14], [11, 22, 12, 23]]"
12n_0874_94,"[[11, 22, 12, 23], [13, 18, 14, 19], [15, 5, 16, 4], [17, 9, 18, 8], [19, 10, 20, 11], [2, 22, 3, 21], [23, 12, 24, 13], [1, 7, 2, 6], [20, 4, 21, 3], [5, 17, 6, 16], [7, 1, 8, 24], [9, 15, 10, 14]]"
12n_0874_95,"[[9, 15, 10, 14], [11, 22, 12, 23], [13, 18, 14, 19], [15, 5, 16, 4], [17, 9, 18, 8], [19, 10, 20, 11], [2, 22, 3, 21], [23, 12, 24, 13], [1, 7, 2, 6], [20, 4, 21, 3], [5, 17, 6, 16], [7, 1, 8, 24]]"
12n_0874_96,"[[8, 2, 9, 1], [10, 16, 11, 15], [12, 23, 13, 24], [14, 19, 15, 20], [16, 6, 17, 5], [18, 10, 19, 9], [20, 11, 21, 12], [3, 23, 4, 22], [24, 13, 1, 14], [2, 8, 3, 7], [21, 5, 22, 4], [6, 18, 7, 17]]"
12n_0874_97,"[[6, 18, 7, 17], [8, 2, 9, 1], [10, 16, 11, 15], [12, 23, 13, 24], [14, 19, 15, 20], [16, 6, 17, 5], [18, 10, 19, 9], [20, 11, 21, 12], [3, 23, 4, 22], [24, 13, 1, 14], [2, 8, 3, 7], [21, 5, 22, 4]]"
12n_0874_98,"[[21, 5, 22, 4], [6, 18, 7, 17], [8, 2, 9, 1], [10, 16, 11, 15], [12, 23, 13, 24], [14, 19, 15, 20], [16, 6, 17, 5], [18, 10, 19, 9], [20, 11, 21, 12], [3, 23, 4, 22], [24, 13, 1, 14], [2, 8, 3, 7]]"
12n_0874_99,"[[2, 8, 3, 7], [21, 5, 22, 4], [6, 18, 7, 17], [8, 2, 9, 1], [10, 16, 11, 15], [12, 23, 13, 24], [14, 19, 15, 20], [16, 6, 17, 5], [18, 10, 19, 9], [20, 11, 21, 12], [3, 23, 4, 22], [24, 13, 1, 14]]"
12n_0874_100,"[[24, 13, 1, 14], [2, 8, 3, 7], [21, 5, 22, 4], [6, 18, 7, 17], [8, 2, 9, 1], [10, 16, 11, 15], [12, 23, 13, 24], [14, 19, 15, 20], [16, 6, 17, 5], [18, 10, 19, 9], [20, 11, 21, 12], [3, 23, 4, 22]]"
12n_0874_101,"[[3, 23, 4, 22], [24, 13, 1, 14], [2, 8, 3, 7], [21, 5, 22, 4], [6, 18, 7, 17], [8, 2, 9, 1], [10, 16, 11, 15], [12, 23, 13, 24], [14, 19, 15, 20], [16, 6, 17, 5], [18, 10, 19, 9], [20, 11, 21, 12]]"
12n_0874_102,"[[20, 11, 21, 12], [3, 23, 4, 22], [24, 13, 1, 14], [2, 8, 3, 7], [21, 5, 22, 4], [6, 18, 7, 17], [8, 2, 9, 1], [10, 16, 11, 15], [12, 23, 13, 24], [14, 19, 15, 20], [16, 6, 17, 5], [18, 10, 19, 9]]"
12n_0874_103,"[[18, 10, 19, 9], [20, 11, 21, 12], [3, 23, 4, 22], [24, 13, 1, 14], [2, 8, 3, 7], [21, 5, 22, 4], [6, 18, 7, 17], [8, 2, 9, 1], [10, 16, 11, 15], [12, 23, 13, 24], [14, 19, 15, 20], [16, 6, 17, 5]]"
12n_0874_104,"[[16, 6, 17, 5], [18, 10, 19, 9], [20, 11, 21, 12], [3, 23, 4, 22], [24, 13, 1, 14], [2, 8, 3, 7], [21, 5, 22, 4], [6, 18, 7, 17], [8, 2, 9, 1], [10, 16, 11, 15], [12, 23, 13, 24], [14, 19, 15, 20]]"
12n_0874_105,"[[14, 19, 15, 20], [16, 6, 17, 5], [18, 10, 19, 9], [20, 11, 21, 12], [3, 23, 4, 22], [24, 13, 1, 14], [2, 8, 3, 7], [21, 5, 22, 4], [6, 18, 7, 17], [8, 2, 9, 1], [10, 16, 11, 15], [12, 23, 13, 24]]"
12n_0874_106,"[[12, 23, 13, 24], [14, 19, 15, 20], [16, 6, 17, 5], [18, 10, 19, 9], [20, 11, 21, 12], [3, 23, 4, 22], [24, 13, 1, 14], [2, 8, 3, 7], [21, 5, 22, 4], [6, 18, 7, 17], [8, 2, 9, 1], [10, 16, 11, 15]]"
12n_0874_107,"[[10, 16, 11, 15], [12, 23, 13, 24], [14, 19, 15, 20], [16, 6, 17, 5], [18, 10, 19, 9], [20, 11, 21, 12], [3, 23, 4, 22], [24, 13, 1, 14], [2, 8, 3, 7], [21, 5, 22, 4], [6, 18, 7, 17], [8, 2, 9, 1]]"
12n_0874_108,"[[9, 3, 10, 2], [11, 17, 12, 16], [13, 24, 14, 1], [15, 20, 16, 21], [17, 7, 18, 6], [19, 11, 20, 10], [21, 12, 22, 13], [4, 24, 5, 23], [1, 14, 2, 15], [3, 9, 4, 8], [22, 6, 23, 5], [7, 19, 8, 18]]"
12n_0874_109,"[[7, 19, 8, 18], [9, 3, 10, 2], [11, 17, 12, 16], [13, 24, 14, 1], [15, 20, 16, 21], [17, 7, 18, 6], [19, 11, 20, 10], [21, 12, 22, 13], [4, 24, 5, 23], [1, 14, 2, 15], [3, 9, 4, 8], [22, 6, 23, 5]]"
12n_0874_110,"[[22, 6, 23, 5], [7, 19, 8, 18], [9, 3, 10, 2], [11, 17, 12, 16], [13, 24, 14, 1], [15, 20, 16, 21], [17, 7, 18, 6], [19, 11, 20, 10], [21, 12, 22, 13], [4, 24, 5, 23], [1, 14, 2, 15], [3, 9, 4, 8]]"
12n_0874_111,"[[3, 9, 4, 8], [22, 6, 23, 5], [7, 19, 8, 18], [9, 3, 10, 2], [11, 17, 12, 16], [13, 24, 14, 1], [15, 20, 16, 21], [17, 7, 18, 6], [19, 11, 20, 10], [21, 12, 22, 13], [4, 24, 5, 23], [1, 14, 2, 15]]"
12n_0874_112,"[[1, 14, 2, 15], [3, 9, 4, 8], [22, 6, 23, 5], [7, 19, 8, 18], [9, 3, 10, 2], [11, 17, 12, 16], [13, 24, 14, 1], [15, 20, 16, 21], [17, 7, 18, 6], [19, 11, 20, 10], [21, 12, 22, 13], [4, 24, 5, 23]]"
12n_0874_113,"[[4, 24, 5, 23], [1, 14, 2, 15], [3, 9, 4, 8], [22, 6, 23, 5], [7, 19, 8, 18], [9, 3, 10, 2], [11, 17, 12, 16], [13, 24, 14, 1], [15, 20, 16, 21], [17, 7, 18, 6], [19, 11, 20, 10], [21, 12, 22, 13]]"
12n_0874_114,"[[21, 12, 22, 13], [4, 24, 5, 23], [1, 14, 2, 15], [3, 9, 4, 8], [22, 6, 23, 5], [7, 19, 8, 18], [9, 3, 10, 2], [11, 17, 12, 16], [13, 24, 14, 1], [15, 20, 16, 21], [17, 7, 18, 6], [19, 11, 20, 10]]"
12n_0874_115,"[[19, 11, 20, 10], [21, 12, 22, 13], [4, 24, 5, 23], [1, 14, 2, 15], [3, 9, 4, 8], [22, 6, 23, 5], [7, 19, 8, 18], [9, 3, 10, 2], [11, 17, 12, 16], [13, 24, 14, 1], [15, 20, 16, 21], [17, 7, 18, 6]]"
12n_0874_116,"[[17, 7, 18, 6], [19, 11, 20, 10], [21, 12, 22, 13], [4, 24, 5, 23], [1, 14, 2, 15], [3, 9, 4, 8], [22, 6, 23, 5], [7, 19, 8, 18], [9, 3, 10, 2], [11, 17, 12, 16], [13, 24, 14, 1], [15, 20, 16, 21]]"
12n_0874_117,"[[15, 20, 16, 21], [17, 7, 18, 6], [19, 11, 20, 10], [21, 12, 22, 13], [4, 24, 5, 23], [1, 14, 2, 15], [3, 9, 4, 8], [22, 6, 23, 5], [7, 19, 8, 18], [9, 3, 10, 2], [11, 17, 12, 16], [13, 24, 14, 1]]"
12n_0874_118,"[[13, 24, 14, 1], [15, 20, 16, 21], [17, 7, 18, 6], [19, 11, 20, 10], [21, 12, 22, 13], [4, 24, 5, 23], [1, 14, 2, 15], [3, 9, 4, 8], [22, 6, 23, 5], [7, 19, 8, 18], [9, 3, 10, 2], [11, 17, 12, 16]]"
12n_0874_119,"[[11, 17, 12, 16], [13, 24, 14, 1], [15, 20, 16, 21], [17, 7, 18, 6], [19, 11, 20, 10], [21, 12, 22, 13], [4, 24, 5, 23], [1, 14, 2, 15], [3, 9, 4, 8], [22, 6, 23, 5], [7, 19, 8, 18], [9, 3, 10, 2]]"
12n_0874_120,"[[10, 4, 11, 3], [12, 18, 13, 17], [14, 1, 15, 2], [16, 21, 17, 22], [18, 8, 19, 7], [20, 12, 21, 11], [22, 13, 23, 14], [5, 1, 6, 24], [2, 15, 3, 16], [4, 10, 5, 9], [23, 7, 24, 6], [8, 20, 9, 19]]"
12n_0874_121,"[[8, 20, 9, 19], [10, 4, 11, 3], [12, 18, 13, 17], [14, 1, 15, 2], [16, 21, 17, 22], [18, 8, 19, 7], [20, 12, 21, 11], [22, 13, 23, 14], [5, 1, 6, 24], [2, 15, 3, 16], [4, 10, 5, 9], [23, 7, 24, 6]]"
12n_0874_122,"[[23, 7, 24, 6], [8, 20, 9, 19], [10, 4, 11, 3], [12, 18, 13, 17], [14, 1, 15, 2], [16, 21, 17, 22], [18, 8, 19, 7], [20, 12, 21, 11], [22, 13, 23, 14], [5, 1, 6, 24], [2, 15, 3, 16], [4, 10, 5, 9]]"
12n_0874_123,"[[4, 10, 5, 9], [23, 7, 24, 6], [8, 20, 9, 19], [10, 4, 11, 3], [12, 18, 13, 17], [14, 1, 15, 2], [16, 21, 17, 22], [18, 8, 19, 7], [20, 12, 21, 11], [22, 13, 23, 14], [5, 1, 6, 24], [2, 15, 3, 16]]"
12n_0874_124,"[[2, 15, 3, 16], [4, 10, 5, 9], [23, 7, 24, 6], [8, 20, 9, 19], [10, 4, 11, 3], [12, 18, 13, 17], [14, 1, 15, 2], [16, 21, 17, 22], [18, 8, 19, 7], [20, 12, 21, 11], [22, 13, 23, 14], [5, 1, 6, 24]]"
12n_0874_125,"[[5, 1, 6, 24], [2, 15, 3, 16], [4, 10, 5, 9], [23, 7, 24, 6], [8, 20, 9, 19], [10, 4, 11, 3], [12, 18, 13, 17], [14, 1, 15, 2], [16, 21, 17, 22], [18, 8, 19, 7], [20, 12, 21, 11], [22, 13, 23, 14]]"
12n_0874_126,"[[22, 13, 23, 14], [5, 1, 6, 24], [2, 15, 3, 16], [4, 10, 5, 9], [23, 7, 24, 6], [8, 20, 9, 19], [10, 4, 11, 3], [12, 18, 13, 17], [14, 1, 15, 2], [16, 21, 17, 22], [18, 8, 19, 7], [20, 12, 21, 11]]"
12n_0874_127,"[[20, 12, 21, 11], [22, 13, 23, 14], [5, 1, 6, 24], [2, 15, 3, 16], [4, 10, 5, 9], [23, 7, 24, 6], [8, 20, 9, 19], [10, 4, 11, 3], [12, 18, 13, 17], [14, 1, 15, 2], [16, 21, 17, 22], [18, 8, 19, 7]]"
12n_0874_128,"[[18, 8, 19, 7], [20, 12, 21, 11], [22, 13, 23, 14], [5, 1, 6, 24], [2, 15, 3, 16], [4, 10, 5, 9], [23, 7, 24, 6], [8, 20, 9, 19], [10, 4, 11, 3], [12, 18, 13, 17], [14, 1, 15, 2], [16, 21, 17, 22]]"
12n_0874_129,"[[16, 21, 17, 22], [18, 8, 19, 7], [20, 12, 21, 11], [22, 13, 23, 14], [5, 1, 6, 24], [2, 15, 3, 16], [4, 10, 5, 9], [23, 7, 24, 6], [8, 20, 9, 19], [10, 4, 11, 3], [12, 18, 13, 17], [14, 1, 15, 2]]"
12n_0874_130,"[[14, 1, 15, 2], [16, 21, 17, 22], [18, 8, 19, 7], [20, 12, 21, 11], [22, 13, 23, 14], [5, 1, 6, 24], [2, 15, 3, 16], [4, 10, 5, 9], [23, 7, 24, 6], [8, 20, 9, 19], [10, 4, 11, 3], [12, 18, 13, 17]]"
12n_0874_131,"[[12, 18, 13, 17], [14, 1, 15, 2], [16, 21, 17, 22], [18, 8, 19, 7], [20, 12, 21, 11], [22, 13, 23, 14], [5, 1, 6, 24], [2, 15, 3, 16], [4, 10, 5, 9], [23, 7, 24, 6], [8, 20, 9, 19], [10, 4, 11, 3]]"
12n_0874_132,"[[11, 5, 12, 4], [13, 19, 14, 18], [15, 2, 16, 3], [17, 22, 18, 23], [19, 9, 20, 8], [21, 13, 22, 12], [23, 14, 24, 15], [6, 2, 7, 1], [3, 16, 4, 17], [5, 11, 6, 10], [24, 8, 1, 7], [9, 21, 10, 20]]"
12n_0874_133,"[[9, 21, 10, 20], [11, 5, 12, 4], [13, 19, 14, 18], [15, 2, 16, 3], [17, 22, 18, 23], [19, 9, 20, 8], [21, 13, 22, 12], [23, 14, 24, 15], [6, 2, 7, 1], [3, 16, 4, 17], [5, 11, 6, 10], [24, 8, 1, 7]]"
12n_0874_134,"[[24, 8, 1, 7], [9, 21, 10, 20], [11, 5, 12, 4], [13, 19, 14, 18], [15, 2, 16, 3], [17, 22, 18, 23], [19, 9, 20, 8], [21, 13, 22, 12], [23, 14, 24, 15], [6, 2, 7, 1], [3, 16, 4, 17], [5, 11, 6, 10]]"
12n_0874_135,"[[5, 11, 6, 10], [24, 8, 1, 7], [9, 21, 10, 20], [11, 5, 12, 4], [13, 19, 14, 18], [15, 2, 16, 3], [17, 22, 18, 23], [19, 9, 20, 8], [21, 13, 22, 12], [23, 14, 24, 15], [6, 2, 7, 1], [3, 16, 4, 17]]"
12n_0874_136,"[[3, 16, 4, 17], [5, 11, 6, 10], [24, 8, 1, 7], [9, 21, 10, 20], [11, 5, 12, 4], [13, 19, 14, 18], [15, 2, 16, 3], [17, 22, 18, 23], [19, 9, 20, 8], [21, 13, 22, 12], [23, 14, 24, 15], [6, 2, 7, 1]]"
12n_0874_137,"[[6, 2, 7, 1], [3, 16, 4, 17], [5, 11, 6, 10], [24, 8, 1, 7], [9, 21, 10, 20], [11, 5, 12, 4], [13, 19, 14, 18], [15, 2, 16, 3], [17, 22, 18, 23], [19, 9, 20, 8], [21, 13, 22, 12], [23, 14, 24, 15]]"
12n_0874_138,"[[23, 14, 24, 15], [6, 2, 7, 1], [3, 16, 4, 17], [5, 11, 6, 10], [24, 8, 1, 7], [9, 21, 10, 20], [11, 5, 12, 4], [13, 19, 14, 18], [15, 2, 16, 3], [17, 22, 18, 23], [19, 9, 20, 8], [21, 13, 22, 12]]"
12n_0874_139,"[[21, 13, 22, 12], [23, 14, 24, 15], [6, 2, 7, 1], [3, 16, 4, 17], [5, 11, 6, 10], [24, 8, 1, 7], [9, 21, 10, 20], [11, 5, 12, 4], [13, 19, 14, 18], [15, 2, 16, 3], [17, 22, 18, 23], [19, 9, 20, 8]]"
12n_0874_140,"[[19, 9, 20, 8], [21, 13, 22, 12], [23, 14, 24, 15], [6, 2, 7, 1], [3, 16, 4, 17], [5, 11, 6, 10], [24, 8, 1, 7], [9, 21, 10, 20], [11, 5, 12, 4], [13, 19, 14, 18], [15, 2, 16, 3], [17, 22, 18, 23]]"
12n_0874_141,"[[17, 22, 18, 23], [19, 9, 20, 8], [21, 13, 22, 12], [23, 14, 24, 15], [6, 2, 7, 1], [3, 16, 4, 17], [5, 11, 6, 10], [24, 8, 1, 7], [9, 21, 10, 20], [11, 5, 12, 4], [13, 19, 14, 18], [15, 2, 16, 3]]"
12n_0874_142,"[[15, 2, 16, 3], [17, 22, 18, 23], [19, 9, 20, 8], [21, 13, 22, 12], [23, 14, 24, 15], [6, 2, 7, 1], [3, 16, 4, 17], [5, 11, 6, 10], [24, 8, 1, 7], [9, 21, 10, 20], [11, 5, 12, 4], [13, 19, 14, 18]]"
12n_0874_143,"[[13, 19, 14, 18], [15, 2, 16, 3], [17, 22, 18, 23], [19, 9, 20, 8], [21, 13, 22, 12], [23, 14, 24, 15], [6, 2, 7, 1], [3, 16, 4, 17], [5, 11, 6, 10], [24, 8, 1, 7], [9, 21, 10, 20], [11, 5, 12, 4]]"
12n_0874_144,"[[12, 6, 13, 5], [14, 20, 15, 19], [16, 3, 17, 4], [18, 23, 19, 24], [20, 10, 21, 9], [22, 14, 23, 13], [24, 15, 1, 16], [7, 3, 8, 2], [4, 17, 5, 18], [6, 12, 7, 11], [1, 9, 2, 8], [10, 22, 11, 21]]"
12n_0874_145,"[[10, 22, 11, 21], [12, 6, 13, 5], [14, 20, 15, 19], [16, 3, 17, 4], [18, 23, 19, 24], [20, 10, 21, 9], [22, 14, 23, 13], [24, 15, 1, 16], [7, 3, 8, 2], [4, 17, 5, 18], [6, 12, 7, 11], [1, 9, 2, 8]]"
12n_0874_146,"[[1, 9, 2, 8], [10, 22, 11, 21], [12, 6, 13, 5], [14, 20, 15, 19], [16, 3, 17, 4], [18, 23, 19, 24], [20, 10, 21, 9], [22, 14, 23, 13], [24, 15, 1, 16], [7, 3, 8, 2], [4, 17, 5, 18], [6, 12, 7, 11]]"
12n_0874_147,"[[6, 12, 7, 11], [1, 9, 2, 8], [10, 22, 11, 21], [12, 6, 13, 5], [14, 20, 15, 19], [16, 3, 17, 4], [18, 23, 19, 24], [20, 10, 21, 9], [22, 14, 23, 13], [24, 15, 1, 16], [7, 3, 8, 2], [4, 17, 5, 18]]"
12n_0874_148,"[[4, 17, 5, 18], [6, 12, 7, 11], [1, 9, 2, 8], [10, 22, 11, 21], [12, 6, 13, 5], [14, 20, 15, 19], [16, 3, 17, 4], [18, 23, 19, 24], [20, 10, 21, 9], [22, 14, 23, 13], [24, 15, 1, 16], [7, 3, 8, 2]]"
12n_0874_149,"[[7, 3, 8, 2], [4, 17, 5, 18], [6, 12, 7, 11], [1, 9, 2, 8], [10, 22, 11, 21], [12, 6, 13, 5], [14, 20, 15, 19], [16, 3, 17, 4], [18, 23, 19, 24], [20, 10, 21, 9], [22, 14, 23, 13], [24, 15, 1, 16]]"
12n_0874_150,"[[24, 15, 1, 16], [7, 3, 8, 2], [4, 17, 5, 18], [6, 12, 7, 11], [1, 9, 2, 8], [10, 22, 11, 21], [12, 6, 13, 5], [14, 20, 15, 19], [16, 3, 17, 4], [18, 23, 19, 24], [20, 10, 21, 9], [22, 14, 23, 13]]"
12n_0874_151,"[[22, 14, 23, 13], [24, 15, 1, 16], [7, 3, 8, 2], [4, 17, 5, 18], [6, 12, 7, 11], [1, 9, 2, 8], [10, 22, 11, 21], [12, 6, 13, 5], [14, 20, 15, 19], [16, 3, 17, 4], [18, 23, 19, 24], [20, 10, 21, 9]]"
12n_0874_152,"[[20, 10, 21, 9], [22, 14, 23, 13], [24, 15, 1, 16], [7, 3, 8, 2], [4, 17, 5, 18], [6, 12, 7, 11], [1, 9, 2, 8], [10, 22, 11, 21], [12, 6, 13, 5], [14, 20, 15, 19], [16, 3, 17, 4], [18, 23, 19, 24]]"
12n_0874_153,"[[18, 23, 19, 24], [20, 10, 21, 9], [22, 14, 23, 13], [24, 15, 1, 16], [7, 3, 8, 2], [4, 17, 5, 18], [6, 12, 7, 11], [1, 9, 2, 8], [10, 22, 11, 21], [12, 6, 13, 5], [14, 20, 15, 19], [16, 3, 17, 4]]"
12n_0874_154,"[[16, 3, 17, 4], [18, 23, 19, 24], [20, 10, 21, 9], [22, 14, 23, 13], [24, 15, 1, 16], [7, 3, 8, 2], [4, 17, 5, 18], [6, 12, 7, 11], [1, 9, 2, 8], [10, 22, 11, 21], [12, 6, 13, 5], [14, 20, 15, 19]]"
12n_0874_155,"[[14, 20, 15, 19], [16, 3, 17, 4], [18, 23, 19, 24], [20, 10, 21, 9], [22, 14, 23, 13], [24, 15, 1, 16], [7, 3, 8, 2], [4, 17, 5, 18], [6, 12, 7, 11], [1, 9, 2, 8], [10, 22, 11, 21], [12, 6, 13, 5]]"
12n_0874_156,"[[13, 7, 14, 6], [15, 21, 16, 20], [17, 4, 18, 5], [19, 24, 20, 1], [21, 11, 22, 10], [23, 15, 24, 14], [1, 16, 2, 17], [8, 4, 9, 3], [5, 18, 6, 19], [7, 13, 8, 12], [2, 10, 3, 9], [11, 23, 12, 22]]"
12n_0874_157,"[[11, 23, 12, 22], [13, 7, 14, 6], [15, 21, 16, 20], [17, 4, 18, 5], [19, 24, 20, 1], [21, 11, 22, 10], [23, 15, 24, 14], [1, 16, 2, 17], [8, 4, 9, 3], [5, 18, 6, 19], [7, 13, 8, 12], [2, 10, 3, 9]]"
12n_0874_158,"[[2, 10, 3, 9], [11, 23, 12, 22], [13, 7, 14, 6], [15, 21, 16, 20], [17, 4, 18, 5], [19, 24, 20, 1], [21, 11, 22, 10], [23, 15, 24, 14], [1, 16, 2, 17], [8, 4, 9, 3], [5, 18, 6, 19], [7, 13, 8, 12]]"
12n_0874_159,"[[7, 13, 8, 12], [2, 10, 3, 9], [11, 23, 12, 22], [13, 7, 14, 6], [15, 21, 16, 20], [17, 4, 18, 5], [19, 24, 20, 1], [21, 11, 22, 10], [23, 15, 24, 14], [1, 16, 2, 17], [8, 4, 9, 3], [5, 18, 6, 19]]"
12n_0874_160,"[[5, 18, 6, 19], [7, 13, 8, 12], [2, 10, 3, 9], [11, 23, 12, 22], [13, 7, 14, 6], [15, 21, 16, 20], [17, 4, 18, 5], [19, 24, 20, 1], [21, 11, 22, 10], [23, 15, 24, 14], [1, 16, 2, 17], [8, 4, 9, 3]]"
12n_0874_161,"[[8, 4, 9, 3], [5, 18, 6, 19], [7, 13, 8, 12], [2, 10, 3, 9], [11, 23, 12, 22], [13, 7, 14, 6], [15, 21, 16, 20], [17, 4, 18, 5], [19, 24, 20, 1], [21, 11, 22, 10], [23, 15, 24, 14], [1, 16, 2, 17]]"
12n_0874_162,"[[1, 16, 2, 17], [8, 4, 9, 3], [5, 18, 6, 19], [7, 13, 8, 12], [2, 10, 3, 9], [11, 23, 12, 22], [13, 7, 14, 6], [15, 21, 16, 20], [17, 4, 18, 5], [19, 24, 20, 1], [21, 11, 22, 10], [23, 15, 24, 14]]"
12n_0874_163,"[[23, 15, 24, 14], [1, 16, 2, 17], [8, 4, 9, 3], [5, 18, 6, 19], [7, 13, 8, 12], [2, 10, 3, 9], [11, 23, 12, 22], [13, 7, 14, 6], [15, 21, 16, 20], [17, 4, 18, 5], [19, 24, 20, 1], [21, 11, 22, 10]]"
12n_0874_164,"[[21, 11, 22, 10], [23, 15, 24, 14], [1, 16, 2, 17], [8, 4, 9, 3], [5, 18, 6, 19], [7, 13, 8, 12], [2, 10, 3, 9], [11, 23, 12, 22], [13, 7, 14, 6], [15, 21, 16, 20], [17, 4, 18, 5], [19, 24, 20, 1]]"
12n_0874_165,"[[19, 24, 20, 1], [21, 11, 22, 10], [23, 15, 24, 14], [1, 16, 2, 17], [8, 4, 9, 3], [5, 18, 6, 19], [7, 13, 8, 12], [2, 10, 3, 9], [11, 23, 12, 22], [13, 7, 14, 6], [15, 21, 16, 20], [17, 4, 18, 5]]"
12n_0874_166,"[[17, 4, 18, 5], [19, 24, 20, 1], [21, 11, 22, 10], [23, 15, 24, 14], [1, 16, 2, 17], [8, 4, 9, 3], [5, 18, 6, 19], [7, 13, 8, 12], [2, 10, 3, 9], [11, 23, 12, 22], [13, 7, 14, 6], [15, 21, 16, 20]]"
12n_0874_167,"[[15, 21, 16, 20], [17, 4, 18, 5], [19, 24, 20, 1], [21, 11, 22, 10], [23, 15, 24, 14], [1, 16, 2, 17], [8, 4, 9, 3], [5, 18, 6, 19], [7, 13, 8, 12], [2, 10, 3, 9], [11, 23, 12, 22], [13, 7, 14, 6]]"
12n_0874_168,"[[14, 8, 15, 7], [16, 22, 17, 21], [18, 5, 19, 6], [20, 1, 21, 2], [22, 12, 23, 11], [24, 16, 1, 15], [2, 17, 3, 18], [9, 5, 10, 4], [6, 19, 7, 20], [8, 14, 9, 13], [3, 11, 4, 10], [12, 24, 13, 23]]"
12n_0874_169,"[[12, 24, 13, 23], [14, 8, 15, 7], [16, 22, 17, 21], [18, 5, 19, 6], [20, 1, 21, 2], [22, 12, 23, 11], [24, 16, 1, 15], [2, 17, 3, 18], [9, 5, 10, 4], [6, 19, 7, 20], [8, 14, 9, 13], [3, 11, 4, 10]]"
12n_0874_170,"[[3, 11, 4, 10], [12, 24, 13, 23], [14, 8, 15, 7], [16, 22, 17, 21], [18, 5, 19, 6], [20, 1, 21, 2], [22, 12, 23, 11], [24, 16, 1, 15], [2, 17, 3, 18], [9, 5, 10, 4], [6, 19, 7, 20], [8, 14, 9, 13]]"
12n_0874_171,"[[8, 14, 9, 13], [3, 11, 4, 10], [12, 24, 13, 23], [14, 8, 15, 7], [16, 22, 17, 21], [18, 5, 19, 6], [20, 1, 21, 2], [22, 12, 23, 11], [24, 16, 1, 15], [2, 17, 3, 18], [9, 5, 10, 4], [6, 19, 7, 20]]"
12n_0874_172,"[[6, 19, 7, 20], [8, 14, 9, 13], [3, 11, 4, 10], [12, 24, 13, 23], [14, 8, 15, 7], [16, 22, 17, 21], [18, 5, 19, 6], [20, 1, 21, 2], [22, 12, 23, 11], [24, 16, 1, 15], [2, 17, 3, 18], [9, 5, 10, 4]]"
12n_0874_173,"[[9, 5, 10, 4], [6, 19, 7, 20], [8, 14, 9, 13], [3, 11, 4, 10], [12, 24, 13, 23], [14, 8, 15, 7], [16, 22, 17, 21], [18, 5, 19, 6], [20, 1, 21, 2], [22, 12, 23, 11], [24, 16, 1, 15], [2, 17, 3, 18]]"
12n_0874_174,"[[2, 17, 3, 18], [9, 5, 10, 4], [6, 19, 7, 20], [8, 14, 9, 13], [3, 11, 4, 10], [12, 24, 13, 23], [14, 8, 15, 7], [16, 22, 17, 21], [18, 5, 19, 6], [20, 1, 21, 2], [22, 12, 23, 11], [24, 16, 1, 15]]"
12n_0874_175,"[[24, 16, 1, 15], [2, 17, 3, 18], [9, 5, 10, 4], [6, 19, 7, 20], [8, 14, 9, 13], [3, 11, 4, 10], [12, 24, 13, 23], [14, 8, 15, 7], [16, 22, 17, 21], [18, 5, 19, 6], [20, 1, 21, 2], [22, 12, 23, 11]]"
12n_0874_176,"[[22, 12, 23, 11], [24, 16, 1, 15], [2, 17, 3, 18], [9, 5, 10, 4], [6, 19, 7, 20], [8, 14, 9, 13], [3, 11, 4, 10], [12, 24, 13, 23], [14, 8, 15, 7], [16, 22, 17, 21], [18, 5, 19, 6], [20, 1, 21, 2]]"
12n_0874_177,"[[20, 1, 21, 2], [22, 12, 23, 11], [24, 16, 1, 15], [2, 17, 3, 18], [9, 5, 10, 4], [6, 19, 7, 20], [8, 14, 9, 13], [3, 11, 4, 10], [12, 24, 13, 23], [14, 8, 15, 7], [16, 22, 17, 21], [18, 5, 19, 6]]"
12n_0874_178,"[[18, 5, 19, 6], [20, 1, 21, 2], [22, 12, 23, 11], [24, 16, 1, 15], [2, 17, 3, 18], [9, 5, 10, 4], [6, 19, 7, 20], [8, 14, 9, 13], [3, 11, 4, 10], [12, 24, 13, 23], [14, 8, 15, 7], [16, 22, 17, 21]]"
12n_0874_179,"[[16, 22, 17, 21], [18, 5, 19, 6], [20, 1, 21, 2], [22, 12, 23, 11], [24, 16, 1, 15], [2, 17, 3, 18], [9, 5, 10, 4], [6, 19, 7, 20], [8, 14, 9, 13], [3, 11, 4, 10], [12, 24, 13, 23], [14, 8, 15, 7]]"
12n_0874_180,"[[15, 9, 16, 8], [17, 23, 18, 22], [19, 6, 20, 7], [21, 2, 22, 3], [23, 13, 24, 12], [1, 17, 2, 16], [3, 18, 4, 19], [10, 6, 11, 5], [7, 20, 8, 21], [9, 15, 10, 14], [4, 12, 5, 11], [13, 1, 14, 24]]"
12n_0874_181,"[[13, 1, 14, 24], [15, 9, 16, 8], [17, 23, 18, 22], [19, 6, 20, 7], [21, 2, 22, 3], [23, 13, 24, 12], [1, 17, 2, 16], [3, 18, 4, 19], [10, 6, 11, 5], [7, 20, 8, 21], [9, 15, 10, 14], [4, 12, 5, 11]]"
12n_0874_182,"[[4, 12, 5, 11], [13, 1, 14, 24], [15, 9, 16, 8], [17, 23, 18, 22], [19, 6, 20, 7], [21, 2, 22, 3], [23, 13, 24, 12], [1, 17, 2, 16], [3, 18, 4, 19], [10, 6, 11, 5], [7, 20, 8, 21], [9, 15, 10, 14]]"
12n_0874_183,"[[9, 15, 10, 14], [4, 12, 5, 11], [13, 1, 14, 24], [15, 9, 16, 8], [17, 23, 18, 22], [19, 6, 20, 7], [21, 2, 22, 3], [23, 13, 24, 12], [1, 17, 2, 16], [3, 18, 4, 19], [10, 6, 11, 5], [7, 20, 8, 21]]"
12n_0874_184,"[[7, 20, 8, 21], [9, 15, 10, 14], [4, 12, 5, 11], [13, 1, 14, 24], [15, 9, 16, 8], [17, 23, 18, 22], [19, 6, 20, 7], [21, 2, 22, 3], [23, 13, 24, 12], [1, 17, 2, 16], [3, 18, 4, 19], [10, 6, 11, 5]]"
12n_0874_185,"[[10, 6, 11, 5], [7, 20, 8, 21], [9, 15, 10, 14], [4, 12, 5, 11], [13, 1, 14, 24], [15, 9, 16, 8], [17, 23, 18, 22], [19, 6, 20, 7], [21, 2, 22, 3], [23, 13, 24, 12], [1, 17, 2, 16], [3, 18, 4, 19]]"
