name,pd_notation
12a_0651_0,"[[24, 17, 1, 18], [2, 6, 3, 5], [4, 13, 5, 14], [6, 20, 7, 19], [8, 22, 9, 21], [10, 24, 11, 23], [12, 16, 13, 15], [14, 3, 15, 4], [16, 1, 17, 2], [18, 12, 19, 11], [20, 8, 21, 7], [22, 10, 23, 9]]"
12a_0651_1,"[[22, 10, 23, 9], [24, 17, 1, 18], [2, 6, 3, 5], [4, 13, 5, 14], [6, 20, 7, 19], [8, 22, 9, 21], [10, 24, 11, 23], [12, 16, 13, 15], [14, 3, 15, 4], [16, 1, 17, 2], [18, 12, 19, 11], [20, 8, 21, 7]]"
12a_0651_2,"[[20, 8, 21, 7], [22, 10, 23, 9], [24, 17, 1, 18], [2, 6, 3, 5], [4, 13, 5, 14], [6, 20, 7, 19], [8, 22, 9, 21], [10, 24, 11, 23], [12, 16, 13, 15], [14, 3, 15, 4], [16, 1, 17, 2], [18, 12, 19, 11]]"
12a_0651_3,"[[18, 12, 19, 11], [20, 8, 21, 7], [22, 10, 23, 9], [24, 17, 1, 18], [2, 6, 3, 5], [4, 13, 5, 14], [6, 20, 7, 19], [8, 22, 9, 21], [10, 24, 11, 23], [12, 16, 13, 15], [14, 3, 15, 4], [16, 1, 17, 2]]"
12a_0651_4,"[[16, 1, 17, 2], [18, 12, 19, 11], [20, 8, 21, 7], [22, 10, 23, 9], [24, 17, 1, 18], [2, 6, 3, 5], [4, 13, 5, 14], [6, 20, 7, 19], [8, 22, 9, 21], [10, 24, 11, 23], [12, 16, 13, 15], [14, 3, 15, 4]]"
12a_0651_5,"[[14, 3, 15, 4], [16, 1, 17, 2], [18, 12, 19, 11], [20, 8, 21, 7], [22, 10, 23, 9], [24, 17, 1, 18], [2, 6, 3, 5], [4, 13, 5, 14], [6, 20, 7, 19], [8, 22, 9, 21], [10, 24, 11, 23], [12, 16, 13, 15]]"
12a_0651_6,"[[12, 16, 13, 15], [14, 3, 15, 4], [16, 1, 17, 2], [18, 12, 19, 11], [20, 8, 21, 7], [22, 10, 23, 9], [24, 17, 1, 18], [2, 6, 3, 5], [4, 13, 5, 14], [6, 20, 7, 19], [8, 22, 9, 21], [10, 24, 11, 23]]"
12a_0651_7,"[[10, 24, 11, 23], [12, 16, 13, 15], [14, 3, 15, 4], [16, 1, 17, 2], [18, 12, 19, 11], [20, 8, 21, 7], [22, 10, 23, 9], [24, 17, 1, 18], [2, 6, 3, 5], [4, 13, 5, 14], [6, 20, 7, 19], [8, 22, 9, 21]]"
12a_0651_8,"[[8, 22, 9, 21], [10, 24, 11, 23], [12, 16, 13, 15], [14, 3, 15, 4], [16, 1, 17, 2], [18, 12, 19, 11], [20, 8, 21, 7], [22, 10, 23, 9], [24, 17, 1, 18], [2, 6, 3, 5], [4, 13, 5, 14], [6, 20, 7, 19]]"
12a_0651_9,"[[6, 20, 7, 19], [8, 22, 9, 21], [10, 24, 11, 23], [12, 16, 13, 15], [14, 3, 15, 4], [16, 1, 17, 2], [18, 12, 19, 11], [20, 8, 21, 7], [22, 10, 23, 9], [24, 17, 1, 18], [2, 6, 3, 5], [4, 13, 5, 14]]"
12a_0651_10,"[[4, 13, 5, 14], [6, 20, 7, 19], [8, 22, 9, 21], [10, 24, 11, 23], [12, 16, 13, 15], [14, 3, 15, 4], [16, 1, 17, 2], [18, 12, 19, 11], [20, 8, 21, 7], [22, 10, 23, 9], [24, 17, 1, 18], [2, 6, 3, 5]]"
12a_0651_11,"[[2, 6, 3, 5], [4, 13, 5, 14], [6, 20, 7, 19], [8, 22, 9, 21], [10, 24, 11, 23], [12, 16, 13, 15], [14, 3, 15, 4], [16, 1, 17, 2], [18, 12, 19, 11], [20, 8, 21, 7], [22, 10, 23, 9], [24, 17, 1, 18]]"
12a_0651_12,"[[1, 18, 2, 19], [3, 7, 4, 6], [5, 14, 6, 15], [7, 21, 8, 20], [9, 23, 10, 22], [11, 1, 12, 24], [13, 17, 14, 16], [15, 4, 16, 5], [17, 2, 18, 3], [19, 13, 20, 12], [21, 9, 22, 8], [23, 11, 24, 10]]"
12a_0651_13,"[[23, 11, 24, 10], [1, 18, 2, 19], [3, 7, 4, 6], [5, 14, 6, 15], [7, 21, 8, 20], [9, 23, 10, 22], [11, 1, 12, 24], [13, 17, 14, 16], [15, 4, 16, 5], [17, 2, 18, 3], [19, 13, 20, 12], [21, 9, 22, 8]]"
12a_0651_14,"[[21, 9, 22, 8], [23, 11, 24, 10], [1, 18, 2, 19], [3, 7, 4, 6], [5, 14, 6, 15], [7, 21, 8, 20], [9, 23, 10, 22], [11, 1, 12, 24], [13, 17, 14, 16], [15, 4, 16, 5], [17, 2, 18, 3], [19, 13, 20, 12]]"
12a_0651_15,"[[19, 13, 20, 12], [21, 9, 22, 8], [23, 11, 24, 10], [1, 18, 2, 19], [3, 7, 4, 6], [5, 14, 6, 15], [7, 21, 8, 20], [9, 23, 10, 22], [11, 1, 12, 24], [13, 17, 14, 16], [15, 4, 16, 5], [17, 2, 18, 3]]"
12a_0651_16,"[[17, 2, 18, 3], [19, 13, 20, 12], [21, 9, 22, 8], [23, 11, 24, 10], [1, 18, 2, 19], [3, 7, 4, 6], [5, 14, 6, 15], [7, 21, 8, 20], [9, 23, 10, 22], [11, 1, 12, 24], [13, 17, 14, 16], [15, 4, 16, 5]]"
12a_0651_17,"[[15, 4, 16, 5], [17, 2, 18, 3], [19, 13, 20, 12], [21, 9, 22, 8], [23, 11, 24, 10], [1, 18, 2, 19], [3, 7, 4, 6], [5, 14, 6, 15], [7, 21, 8, 20], [9, 23, 10, 22], [11, 1, 12, 24], [13, 17, 14, 16]]"
12a_0651_18,"[[13, 17, 14, 16], [15, 4, 16, 5], [17, 2, 18, 3], [19, 13, 20, 12], [21, 9, 22, 8], [23, 11, 24, 10], [1, 18, 2, 19], [3, 7, 4, 6], [5, 14, 6, 15], [7, 21, 8, 20], [9, 23, 10, 22], [11, 1, 12, 24]]"
12a_0651_19,"[[11, 1, 12, 24], [13, 17, 14, 16], [15, 4, 16, 5], [17, 2, 18, 3], [19, 13, 20, 12], [21, 9, 22, 8], [23, 11, 24, 10], [1, 18, 2, 19], [3, 7, 4, 6], [5, 14, 6, 15], [7, 21, 8, 20], [9, 23, 10, 22]]"
12a_0651_20,"[[9, 23, 10, 22], [11, 1, 12, 24], [13, 17, 14, 16], [15, 4, 16, 5], [17, 2, 18, 3], [19, 13, 20, 12], [21, 9, 22, 8], [23, 11, 24, 10], [1, 18, 2, 19], [3, 7, 4, 6], [5, 14, 6, 15], [7, 21, 8, 20]]"
12a_0651_21,"[[7, 21, 8, 20], [9, 23, 10, 22], [11, 1, 12, 24], [13, 17, 14, 16], [15, 4, 16, 5], [17, 2, 18, 3], [19, 13, 20, 12], [21, 9, 22, 8], [23, 11, 24, 10], [1, 18, 2, 19], [3, 7, 4, 6], [5, 14, 6, 15]]"
12a_0651_22,"[[5, 14, 6, 15], [7, 21, 8, 20], [9, 23, 10, 22], [11, 1, 12, 24], [13, 17, 14, 16], [15, 4, 16, 5], [17, 2, 18, 3], [19, 13, 20, 12], [21, 9, 22, 8], [23, 11, 24, 10], [1, 18, 2, 19], [3, 7, 4, 6]]"
12a_0651_23,"[[3, 7, 4, 6], [5, 14, 6, 15], [7, 21, 8, 20], [9, 23, 10, 22], [11, 1, 12, 24], [13, 17, 14, 16], [15, 4, 16, 5], [17, 2, 18, 3], [19, 13, 20, 12], [21, 9, 22, 8], [23, 11, 24, 10], [1, 18, 2, 19]]"
12a_0651_24,"[[2, 19, 3, 20], [4, 8, 5, 7], [6, 15, 7, 16], [8, 22, 9, 21], [10, 24, 11, 23], [12, 2, 13, 1], [14, 18, 15, 17], [16, 5, 17, 6], [18, 3, 19, 4], [20, 14, 21, 13], [22, 10, 23, 9], [24, 12, 1, 11]]"
12a_0651_25,"[[24, 12, 1, 11], [2, 19, 3, 20], [4, 8, 5, 7], [6, 15, 7, 16], [8, 22, 9, 21], [10, 24, 11, 23], [12, 2, 13, 1], [14, 18, 15, 17], [16, 5, 17, 6], [18, 3, 19, 4], [20, 14, 21, 13], [22, 10, 23, 9]]"
12a_0651_26,"[[22, 10, 23, 9], [24, 12, 1, 11], [2, 19, 3, 20], [4, 8, 5, 7], [6, 15, 7, 16], [8, 22, 9, 21], [10, 24, 11, 23], [12, 2, 13, 1], [14, 18, 15, 17], [16, 5, 17, 6], [18, 3, 19, 4], [20, 14, 21, 13]]"
12a_0651_27,"[[20, 14, 21, 13], [22, 10, 23, 9], [24, 12, 1, 11], [2, 19, 3, 20], [4, 8, 5, 7], [6, 15, 7, 16], [8, 22, 9, 21], [10, 24, 11, 23], [12, 2, 13, 1], [14, 18, 15, 17], [16, 5, 17, 6], [18, 3, 19, 4]]"
12a_0651_28,"[[18, 3, 19, 4], [20, 14, 21, 13], [22, 10, 23, 9], [24, 12, 1, 11], [2, 19, 3, 20], [4, 8, 5, 7], [6, 15, 7, 16], [8, 22, 9, 21], [10, 24, 11, 23], [12, 2, 13, 1], [14, 18, 15, 17], [16, 5, 17, 6]]"
12a_0651_29,"[[16, 5, 17, 6], [18, 3, 19, 4], [20, 14, 21, 13], [22, 10, 23, 9], [24, 12, 1, 11], [2, 19, 3, 20], [4, 8, 5, 7], [6, 15, 7, 16], [8, 22, 9, 21], [10, 24, 11, 23], [12, 2, 13, 1], [14, 18, 15, 17]]"
12a_0651_30,"[[14, 18, 15, 17], [16, 5, 17, 6], [18, 3, 19, 4], [20, 14, 21, 13], [22, 10, 23, 9], [24, 12, 1, 11], [2, 19, 3, 20], [4, 8, 5, 7], [6, 15, 7, 16], [8, 22, 9, 21], [10, 24, 11, 23], [12, 2, 13, 1]]"
12a_0651_31,"[[12, 2, 13, 1], [14, 18, 15, 17], [16, 5, 17, 6], [18, 3, 19, 4], [20, 14, 21, 13], [22, 10, 23, 9], [24, 12, 1, 11], [2, 19, 3, 20], [4, 8, 5, 7], [6, 15, 7, 16], [8, 22, 9, 21], [10, 24, 11, 23]]"
12a_0651_32,"[[10, 24, 11, 23], [12, 2, 13, 1], [14, 18, 15, 17], [16, 5, 17, 6], [18, 3, 19, 4], [20, 14, 21, 13], [22, 10, 23, 9], [24, 12, 1, 11], [2, 19, 3, 20], [4, 8, 5, 7], [6, 15, 7, 16], [8, 22, 9, 21]]"
12a_0651_33,"[[8, 22, 9, 21], [10, 24, 11, 23], [12, 2, 13, 1], [14, 18, 15, 17], [16, 5, 17, 6], [18, 3, 19, 4], [20, 14, 21, 13], [22, 10, 23, 9], [24, 12, 1, 11], [2, 19, 3, 20], [4, 8, 5, 7], [6, 15, 7, 16]]"
12a_0651_34,"[[6, 15, 7, 16], [8, 22, 9, 21], [10, 24, 11, 23], [12, 2, 13, 1], [14, 18, 15, 17], [16, 5, 17, 6], [18, 3, 19, 4], [20, 14, 21, 13], [22, 10, 23, 9], [24, 12, 1, 11], [2, 19, 3, 20], [4, 8, 5, 7]]"
12a_0651_35,"[[4, 8, 5, 7], [6, 15, 7, 16], [8, 22, 9, 21], [10, 24, 11, 23], [12, 2, 13, 1], [14, 18, 15, 17], [16, 5, 17, 6], [18, 3, 19, 4], [20, 14, 21, 13], [22, 10, 23, 9], [24, 12, 1, 11], [2, 19, 3, 20]]"
12a_0651_36,"[[3, 20, 4, 21], [5, 9, 6, 8], [7, 16, 8, 17], [9, 23, 10, 22], [11, 1, 12, 24], [13, 3, 14, 2], [15, 19, 16, 18], [17, 6, 18, 7], [19, 4, 20, 5], [21, 15, 22, 14], [23, 11, 24, 10], [1, 13, 2, 12]]"
12a_0651_37,"[[1, 13, 2, 12], [3, 20, 4, 21], [5, 9, 6, 8], [7, 16, 8, 17], [9, 23, 10, 22], [11, 1, 12, 24], [13, 3, 14, 2], [15, 19, 16, 18], [17, 6, 18, 7], [19, 4, 20, 5], [21, 15, 22, 14], [23, 11, 24, 10]]"
12a_0651_38,"[[23, 11, 24, 10], [1, 13, 2, 12], [3, 20, 4, 21], [5, 9, 6, 8], [7, 16, 8, 17], [9, 23, 10, 22], [11, 1, 12, 24], [13, 3, 14, 2], [15, 19, 16, 18], [17, 6, 18, 7], [19, 4, 20, 5], [21, 15, 22, 14]]"
12a_0651_39,"[[21, 15, 22, 14], [23, 11, 24, 10], [1, 13, 2, 12], [3, 20, 4, 21], [5, 9, 6, 8], [7, 16, 8, 17], [9, 23, 10, 22], [11, 1, 12, 24], [13, 3, 14, 2], [15, 19, 16, 18], [17, 6, 18, 7], [19, 4, 20, 5]]"
12a_0651_40,"[[19, 4, 20, 5], [21, 15, 22, 14], [23, 11, 24, 10], [1, 13, 2, 12], [3, 20, 4, 21], [5, 9, 6, 8], [7, 16, 8, 17], [9, 23, 10, 22], [11, 1, 12, 24], [13, 3, 14, 2], [15, 19, 16, 18], [17, 6, 18, 7]]"
12a_0651_41,"[[17, 6, 18, 7], [19, 4, 20, 5], [21, 15, 22, 14], [23, 11, 24, 10], [1, 13, 2, 12], [3, 20, 4, 21], [5, 9, 6, 8], [7, 16, 8, 17], [9, 23, 10, 22], [11, 1, 12, 24], [13, 3, 14, 2], [15, 19, 16, 18]]"
12a_0651_42,"[[15, 19, 16, 18], [17, 6, 18, 7], [19, 4, 20, 5], [21, 15, 22, 14], [23, 11, 24, 10], [1, 13, 2, 12], [3, 20, 4, 21], [5, 9, 6, 8], [7, 16, 8, 17], [9, 23, 10, 22], [11, 1, 12, 24], [13, 3, 14, 2]]"
12a_0651_43,"[[13, 3, 14, 2], [15, 19, 16, 18], [17, 6, 18, 7], [19, 4, 20, 5], [21, 15, 22, 14], [23, 11, 24, 10], [1, 13, 2, 12], [3, 20, 4, 21], [5, 9, 6, 8], [7, 16, 8, 17], [9, 23, 10, 22], [11, 1, 12, 24]]"
12a_0651_44,"[[11, 1, 12, 24], [13, 3, 14, 2], [15, 19, 16, 18], [17, 6, 18, 7], [19, 4, 20, 5], [21, 15, 22, 14], [23, 11, 24, 10], [1, 13, 2, 12], [3, 20, 4, 21], [5, 9, 6, 8], [7, 16, 8, 17], [9, 23, 10, 22]]"
12a_0651_45,"[[9, 23, 10, 22], [11, 1, 12, 24], [13, 3, 14, 2], [15, 19, 16, 18], [17, 6, 18, 7], [19, 4, 20, 5], [21, 15, 22, 14], [23, 11, 24, 10], [1, 13, 2, 12], [3, 20, 4, 21], [5, 9, 6, 8], [7, 16, 8, 17]]"
12a_0651_46,"[[7, 16, 8, 17], [9, 23, 10, 22], [11, 1, 12, 24], [13, 3, 14, 2], [15, 19, 16, 18], [17, 6, 18, 7], [19, 4, 20, 5], [21, 15, 22, 14], [23, 11, 24, 10], [1, 13, 2, 12], [3, 20, 4, 21], [5, 9, 6, 8]]"
12a_0651_47,"[[5, 9, 6, 8], [7, 16, 8, 17], [9, 23, 10, 22], [11, 1, 12, 24], [13, 3, 14, 2], [15, 19, 16, 18], [17, 6, 18, 7], [19, 4, 20, 5], [21, 15, 22, 14], [23, 11, 24, 10], [1, 13, 2, 12], [3, 20, 4, 21]]"
12a_0651_48,"[[4, 21, 5, 22], [6, 10, 7, 9], [8, 17, 9, 18], [10, 24, 11, 23], [12, 2, 13, 1], [14, 4, 15, 3], [16, 20, 17, 19], [18, 7, 19, 8], [20, 5, 21, 6], [22, 16, 23, 15], [24, 12, 1, 11], [2, 14, 3, 13]]"
12a_0651_49,"[[2, 14, 3, 13], [4, 21, 5, 22], [6, 10, 7, 9], [8, 17, 9, 18], [10, 24, 11, 23], [12, 2, 13, 1], [14, 4, 15, 3], [16, 20, 17, 19], [18, 7, 19, 8], [20, 5, 21, 6], [22, 16, 23, 15], [24, 12, 1, 11]]"
12a_0651_50,"[[24, 12, 1, 11], [2, 14, 3, 13], [4, 21, 5, 22], [6, 10, 7, 9], [8, 17, 9, 18], [10, 24, 11, 23], [12, 2, 13, 1], [14, 4, 15, 3], [16, 20, 17, 19], [18, 7, 19, 8], [20, 5, 21, 6], [22, 16, 23, 15]]"
12a_0651_51,"[[22, 16, 23, 15], [24, 12, 1, 11], [2, 14, 3, 13], [4, 21, 5, 22], [6, 10, 7, 9], [8, 17, 9, 18], [10, 24, 11, 23], [12, 2, 13, 1], [14, 4, 15, 3], [16, 20, 17, 19], [18, 7, 19, 8], [20, 5, 21, 6]]"
12a_0651_52,"[[20, 5, 21, 6], [22, 16, 23, 15], [24, 12, 1, 11], [2, 14, 3, 13], [4, 21, 5, 22], [6, 10, 7, 9], [8, 17, 9, 18], [10, 24, 11, 23], [12, 2, 13, 1], [14, 4, 15, 3], [16, 20, 17, 19], [18, 7, 19, 8]]"
12a_0651_53,"[[18, 7, 19, 8], [20, 5, 21, 6], [22, 16, 23, 15], [24, 12, 1, 11], [2, 14, 3, 13], [4, 21, 5, 22], [6, 10, 7, 9], [8, 17, 9, 18], [10, 24, 11, 23], [12, 2, 13, 1], [14, 4, 15, 3], [16, 20, 17, 19]]"
12a_0651_54,"[[16, 20, 17, 19], [18, 7, 19, 8], [20, 5, 21, 6], [22, 16, 23, 15], [24, 12, 1, 11], [2, 14, 3, 13], [4, 21, 5, 22], [6, 10, 7, 9], [8, 17, 9, 18], [10, 24, 11, 23], [12, 2, 13, 1], [14, 4, 15, 3]]"
12a_0651_55,"[[14, 4, 15, 3], [16, 20, 17, 19], [18, 7, 19, 8], [20, 5, 21, 6], [22, 16, 23, 15], [24, 12, 1, 11], [2, 14, 3, 13], [4, 21, 5, 22], [6, 10, 7, 9], [8, 17, 9, 18], [10, 24, 11, 23], [12, 2, 13, 1]]"
12a_0651_56,"[[12, 2, 13, 1], [14, 4, 15, 3], [16, 20, 17, 19], [18, 7, 19, 8], [20, 5, 21, 6], [22, 16, 23, 15], [24, 12, 1, 11], [2, 14, 3, 13], [4, 21, 5, 22], [6, 10, 7, 9], [8, 17, 9, 18], [10, 24, 11, 23]]"
12a_0651_57,"[[10, 24, 11, 23], [12, 2, 13, 1], [14, 4, 15, 3], [16, 20, 17, 19], [18, 7, 19, 8], [20, 5, 21, 6], [22, 16, 23, 15], [24, 12, 1, 11], [2, 14, 3, 13], [4, 21, 5, 22], [6, 10, 7, 9], [8, 17, 9, 18]]"
12a_0651_58,"[[8, 17, 9, 18], [10, 24, 11, 23], [12, 2, 13, 1], [14, 4, 15, 3], [16, 20, 17, 19], [18, 7, 19, 8], [20, 5, 21, 6], [22, 16, 23, 15], [24, 12, 1, 11], [2, 14, 3, 13], [4, 21, 5, 22], [6, 10, 7, 9]]"
12a_0651_59,"[[6, 10, 7, 9], [8, 17, 9, 18], [10, 24, 11, 23], [12, 2, 13, 1], [14, 4, 15, 3], [16, 20, 17, 19], [18, 7, 19, 8], [20, 5, 21, 6], [22, 16, 23, 15], [24, 12, 1, 11], [2, 14, 3, 13], [4, 21, 5, 22]]"
12a_0651_60,"[[5, 22, 6, 23], [7, 11, 8, 10], [9, 18, 10, 19], [11, 1, 12, 24], [13, 3, 14, 2], [15, 5, 16, 4], [17, 21, 18, 20], [19, 8, 20, 9], [21, 6, 22, 7], [23, 17, 24, 16], [1, 13, 2, 12], [3, 15, 4, 14]]"
12a_0651_61,"[[3, 15, 4, 14], [5, 22, 6, 23], [7, 11, 8, 10], [9, 18, 10, 19], [11, 1, 12, 24], [13, 3, 14, 2], [15, 5, 16, 4], [17, 21, 18, 20], [19, 8, 20, 9], [21, 6, 22, 7], [23, 17, 24, 16], [1, 13, 2, 12]]"
12a_0651_62,"[[1, 13, 2, 12], [3, 15, 4, 14], [5, 22, 6, 23], [7, 11, 8, 10], [9, 18, 10, 19], [11, 1, 12, 24], [13, 3, 14, 2], [15, 5, 16, 4], [17, 21, 18, 20], [19, 8, 20, 9], [21, 6, 22, 7], [23, 17, 24, 16]]"
12a_0651_63,"[[23, 17, 24, 16], [1, 13, 2, 12], [3, 15, 4, 14], [5, 22, 6, 23], [7, 11, 8, 10], [9, 18, 10, 19], [11, 1, 12, 24], [13, 3, 14, 2], [15, 5, 16, 4], [17, 21, 18, 20], [19, 8, 20, 9], [21, 6, 22, 7]]"
12a_0651_64,"[[21, 6, 22, 7], [23, 17, 24, 16], [1, 13, 2, 12], [3, 15, 4, 14], [5, 22, 6, 23], [7, 11, 8, 10], [9, 18, 10, 19], [11, 1, 12, 24], [13, 3, 14, 2], [15, 5, 16, 4], [17, 21, 18, 20], [19, 8, 20, 9]]"
12a_0651_65,"[[19, 8, 20, 9], [21, 6, 22, 7], [23, 17, 24, 16], [1, 13, 2, 12], [3, 15, 4, 14], [5, 22, 6, 23], [7, 11, 8, 10], [9, 18, 10, 19], [11, 1, 12, 24], [13, 3, 14, 2], [15, 5, 16, 4], [17, 21, 18, 20]]"
12a_0651_66,"[[17, 21, 18, 20], [19, 8, 20, 9], [21, 6, 22, 7], [23, 17, 24, 16], [1, 13, 2, 12], [3, 15, 4, 14], [5, 22, 6, 23], [7, 11, 8, 10], [9, 18, 10, 19], [11, 1, 12, 24], [13, 3, 14, 2], [15, 5, 16, 4]]"
12a_0651_67,"[[15, 5, 16, 4], [17, 21, 18, 20], [19, 8, 20, 9], [21, 6, 22, 7], [23, 17, 24, 16], [1, 13, 2, 12], [3, 15, 4, 14], [5, 22, 6, 23], [7, 11, 8, 10], [9, 18, 10, 19], [11, 1, 12, 24], [13, 3, 14, 2]]"
12a_0651_68,"[[13, 3, 14, 2], [15, 5, 16, 4], [17, 21, 18, 20], [19, 8, 20, 9], [21, 6, 22, 7], [23, 17, 24, 16], [1, 13, 2, 12], [3, 15, 4, 14], [5, 22, 6, 23], [7, 11, 8, 10], [9, 18, 10, 19], [11, 1, 12, 24]]"
12a_0651_69,"[[11, 1, 12, 24], [13, 3, 14, 2], [15, 5, 16, 4], [17, 21, 18, 20], [19, 8, 20, 9], [21, 6, 22, 7], [23, 17, 24, 16], [1, 13, 2, 12], [3, 15, 4, 14], [5, 22, 6, 23], [7, 11, 8, 10], [9, 18, 10, 19]]"
12a_0651_70,"[[9, 18, 10, 19], [11, 1, 12, 24], [13, 3, 14, 2], [15, 5, 16, 4], [17, 21, 18, 20], [19, 8, 20, 9], [21, 6, 22, 7], [23, 17, 24, 16], [1, 13, 2, 12], [3, 15, 4, 14], [5, 22, 6, 23], [7, 11, 8, 10]]"
12a_0651_71,"[[7, 11, 8, 10], [9, 18, 10, 19], [11, 1, 12, 24], [13, 3, 14, 2], [15, 5, 16, 4], [17, 21, 18, 20], [19, 8, 20, 9], [21, 6, 22, 7], [23, 17, 24, 16], [1, 13, 2, 12], [3, 15, 4, 14], [5, 22, 6, 23]]"
12a_0651_72,"[[6, 23, 7, 24], [8, 12, 9, 11], [10, 19, 11, 20], [12, 2, 13, 1], [14, 4, 15, 3], [16, 6, 17, 5], [18, 22, 19, 21], [20, 9, 21, 10], [22, 7, 23, 8], [24, 18, 1, 17], [2, 14, 3, 13], [4, 16, 5, 15]]"
12a_0651_73,"[[4, 16, 5, 15], [6, 23, 7, 24], [8, 12, 9, 11], [10, 19, 11, 20], [12, 2, 13, 1], [14, 4, 15, 3], [16, 6, 17, 5], [18, 22, 19, 21], [20, 9, 21, 10], [22, 7, 23, 8], [24, 18, 1, 17], [2, 14, 3, 13]]"
12a_0651_74,"[[2, 14, 3, 13], [4, 16, 5, 15], [6, 23, 7, 24], [8, 12, 9, 11], [10, 19, 11, 20], [12, 2, 13, 1], [14, 4, 15, 3], [16, 6, 17, 5], [18, 22, 19, 21], [20, 9, 21, 10], [22, 7, 23, 8], [24, 18, 1, 17]]"
12a_0651_75,"[[24, 18, 1, 17], [2, 14, 3, 13], [4, 16, 5, 15], [6, 23, 7, 24], [8, 12, 9, 11], [10, 19, 11, 20], [12, 2, 13, 1], [14, 4, 15, 3], [16, 6, 17, 5], [18, 22, 19, 21], [20, 9, 21, 10], [22, 7, 23, 8]]"
12a_0651_76,"[[22, 7, 23, 8], [24, 18, 1, 17], [2, 14, 3, 13], [4, 16, 5, 15], [6, 23, 7, 24], [8, 12, 9, 11], [10, 19, 11, 20], [12, 2, 13, 1], [14, 4, 15, 3], [16, 6, 17, 5], [18, 22, 19, 21], [20, 9, 21, 10]]"
12a_0651_77,"[[20, 9, 21, 10], [22, 7, 23, 8], [24, 18, 1, 17], [2, 14, 3, 13], [4, 16, 5, 15], [6, 23, 7, 24], [8, 12, 9, 11], [10, 19, 11, 20], [12, 2, 13, 1], [14, 4, 15, 3], [16, 6, 17, 5], [18, 22, 19, 21]]"
12a_0651_78,"[[18, 22, 19, 21], [20, 9, 21, 10], [22, 7, 23, 8], [24, 18, 1, 17], [2, 14, 3, 13], [4, 16, 5, 15], [6, 23, 7, 24], [8, 12, 9, 11], [10, 19, 11, 20], [12, 2, 13, 1], [14, 4, 15, 3], [16, 6, 17, 5]]"
12a_0651_79,"[[16, 6, 17, 5], [18, 22, 19, 21], [20, 9, 21, 10], [22, 7, 23, 8], [24, 18, 1, 17], [2, 14, 3, 13], [4, 16, 5, 15], [6, 23, 7, 24], [8, 12, 9, 11], [10, 19, 11, 20], [12, 2, 13, 1], [14, 4, 15, 3]]"
12a_0651_80,"[[14, 4, 15, 3], [16, 6, 17, 5], [18, 22, 19, 21], [20, 9, 21, 10], [22, 7, 23, 8], [24, 18, 1, 17], [2, 14, 3, 13], [4, 16, 5, 15], [6, 23, 7, 24], [8, 12, 9, 11], [10, 19, 11, 20], [12, 2, 13, 1]]"
12a_0651_81,"[[12, 2, 13, 1], [14, 4, 15, 3], [16, 6, 17, 5], [18, 22, 19, 21], [20, 9, 21, 10], [22, 7, 23, 8], [24, 18, 1, 17], [2, 14, 3, 13], [4, 16, 5, 15], [6, 23, 7, 24], [8, 12, 9, 11], [10, 19, 11, 20]]"
12a_0651_82,"[[10, 19, 11, 20], [12, 2, 13, 1], [14, 4, 15, 3], [16, 6, 17, 5], [18, 22, 19, 21], [20, 9, 21, 10], [22, 7, 23, 8], [24, 18, 1, 17], [2, 14, 3, 13], [4, 16, 5, 15], [6, 23, 7, 24], [8, 12, 9, 11]]"
12a_0651_83,"[[8, 12, 9, 11], [10, 19, 11, 20], [12, 2, 13, 1], [14, 4, 15, 3], [16, 6, 17, 5], [18, 22, 19, 21], [20, 9, 21, 10], [22, 7, 23, 8], [24, 18, 1, 17], [2, 14, 3, 13], [4, 16, 5, 15], [6, 23, 7, 24]]"
12a_0651_84,"[[7, 24, 8, 1], [9, 13, 10, 12], [11, 20, 12, 21], [13, 3, 14, 2], [15, 5, 16, 4], [17, 7, 18, 6], [19, 23, 20, 22], [21, 10, 22, 11], [23, 8, 24, 9], [1, 19, 2, 18], [3, 15, 4, 14], [5, 17, 6, 16]]"
12a_0651_85,"[[5, 17, 6, 16], [7, 24, 8, 1], [9, 13, 10, 12], [11, 20, 12, 21], [13, 3, 14, 2], [15, 5, 16, 4], [17, 7, 18, 6], [19, 23, 20, 22], [21, 10, 22, 11], [23, 8, 24, 9], [1, 19, 2, 18], [3, 15, 4, 14]]"
12a_0651_86,"[[3, 15, 4, 14], [5, 17, 6, 16], [7, 24, 8, 1], [9, 13, 10, 12], [11, 20, 12, 21], [13, 3, 14, 2], [15, 5, 16, 4], [17, 7, 18, 6], [19, 23, 20, 22], [21, 10, 22, 11], [23, 8, 24, 9], [1, 19, 2, 18]]"
12a_0651_87,"[[1, 19, 2, 18], [3, 15, 4, 14], [5, 17, 6, 16], [7, 24, 8, 1], [9, 13, 10, 12], [11, 20, 12, 21], [13, 3, 14, 2], [15, 5, 16, 4], [17, 7, 18, 6], [19, 23, 20, 22], [21, 10, 22, 11], [23, 8, 24, 9]]"
12a_0651_88,"[[23, 8, 24, 9], [1, 19, 2, 18], [3, 15, 4, 14], [5, 17, 6, 16], [7, 24, 8, 1], [9, 13, 10, 12], [11, 20, 12, 21], [13, 3, 14, 2], [15, 5, 16, 4], [17, 7, 18, 6], [19, 23, 20, 22], [21, 10, 22, 11]]"
12a_0651_89,"[[21, 10, 22, 11], [23, 8, 24, 9], [1, 19, 2, 18], [3, 15, 4, 14], [5, 17, 6, 16], [7, 24, 8, 1], [9, 13, 10, 12], [11, 20, 12, 21], [13, 3, 14, 2], [15, 5, 16, 4], [17, 7, 18, 6], [19, 23, 20, 22]]"
12a_0651_90,"[[19, 23, 20, 22], [21, 10, 22, 11], [23, 8, 24, 9], [1, 19, 2, 18], [3, 15, 4, 14], [5, 17, 6, 16], [7, 24, 8, 1], [9, 13, 10, 12], [11, 20, 12, 21], [13, 3, 14, 2], [15, 5, 16, 4], [17, 7, 18, 6]]"
12a_0651_91,"[[17, 7, 18, 6], [19, 23, 20, 22], [21, 10, 22, 11], [23, 8, 24, 9], [1, 19, 2, 18], [3, 15, 4, 14], [5, 17, 6, 16], [7, 24, 8, 1], [9, 13, 10, 12], [11, 20, 12, 21], [13, 3, 14, 2], [15, 5, 16, 4]]"
12a_0651_92,"[[15, 5, 16, 4], [17, 7, 18, 6], [19, 23, 20, 22], [21, 10, 22, 11], [23, 8, 24, 9], [1, 19, 2, 18], [3, 15, 4, 14], [5, 17, 6, 16], [7, 24, 8, 1], [9, 13, 10, 12], [11, 20, 12, 21], [13, 3, 14, 2]]"
12a_0651_93,"[[13, 3, 14, 2], [15, 5, 16, 4], [17, 7, 18, 6], [19, 23, 20, 22], [21, 10, 22, 11], [23, 8, 24, 9], [1, 19, 2, 18], [3, 15, 4, 14], [5, 17, 6, 16], [7, 24, 8, 1], [9, 13, 10, 12], [11, 20, 12, 21]]"
12a_0651_94,"[[11, 20, 12, 21], [13, 3, 14, 2], [15, 5, 16, 4], [17, 7, 18, 6], [19, 23, 20, 22], [21, 10, 22, 11], [23, 8, 24, 9], [1, 19, 2, 18], [3, 15, 4, 14], [5, 17, 6, 16], [7, 24, 8, 1], [9, 13, 10, 12]]"
12a_0651_95,"[[9, 13, 10, 12], [11, 20, 12, 21], [13, 3, 14, 2], [15, 5, 16, 4], [17, 7, 18, 6], [19, 23, 20, 22], [21, 10, 22, 11], [23, 8, 24, 9], [1, 19, 2, 18], [3, 15, 4, 14], [5, 17, 6, 16], [7, 24, 8, 1]]"
12a_0651_96,"[[8, 1, 9, 2], [10, 14, 11, 13], [12, 21, 13, 22], [14, 4, 15, 3], [16, 6, 17, 5], [18, 8, 19, 7], [20, 24, 21, 23], [22, 11, 23, 12], [24, 9, 1, 10], [2, 20, 3, 19], [4, 16, 5, 15], [6, 18, 7, 17]]"
12a_0651_97,"[[6, 18, 7, 17], [8, 1, 9, 2], [10, 14, 11, 13], [12, 21, 13, 22], [14, 4, 15, 3], [16, 6, 17, 5], [18, 8, 19, 7], [20, 24, 21, 23], [22, 11, 23, 12], [24, 9, 1, 10], [2, 20, 3, 19], [4, 16, 5, 15]]"
12a_0651_98,"[[4, 16, 5, 15], [6, 18, 7, 17], [8, 1, 9, 2], [10, 14, 11, 13], [12, 21, 13, 22], [14, 4, 15, 3], [16, 6, 17, 5], [18, 8, 19, 7], [20, 24, 21, 23], [22, 11, 23, 12], [24, 9, 1, 10], [2, 20, 3, 19]]"
12a_0651_99,"[[2, 20, 3, 19], [4, 16, 5, 15], [6, 18, 7, 17], [8, 1, 9, 2], [10, 14, 11, 13], [12, 21, 13, 22], [14, 4, 15, 3], [16, 6, 17, 5], [18, 8, 19, 7], [20, 24, 21, 23], [22, 11, 23, 12], [24, 9, 1, 10]]"
12a_0651_100,"[[24, 9, 1, 10], [2, 20, 3, 19], [4, 16, 5, 15], [6, 18, 7, 17], [8, 1, 9, 2], [10, 14, 11, 13], [12, 21, 13, 22], [14, 4, 15, 3], [16, 6, 17, 5], [18, 8, 19, 7], [20, 24, 21, 23], [22, 11, 23, 12]]"
12a_0651_101,"[[22, 11, 23, 12], [24, 9, 1, 10], [2, 20, 3, 19], [4, 16, 5, 15], [6, 18, 7, 17], [8, 1, 9, 2], [10, 14, 11, 13], [12, 21, 13, 22], [14, 4, 15, 3], [16, 6, 17, 5], [18, 8, 19, 7], [20, 24, 21, 23]]"
12a_0651_102,"[[20, 24, 21, 23], [22, 11, 23, 12], [24, 9, 1, 10], [2, 20, 3, 19], [4, 16, 5, 15], [6, 18, 7, 17], [8, 1, 9, 2], [10, 14, 11, 13], [12, 21, 13, 22], [14, 4, 15, 3], [16, 6, 17, 5], [18, 8, 19, 7]]"
12a_0651_103,"[[18, 8, 19, 7], [20, 24, 21, 23], [22, 11, 23, 12], [24, 9, 1, 10], [2, 20, 3, 19], [4, 16, 5, 15], [6, 18, 7, 17], [8, 1, 9, 2], [10, 14, 11, 13], [12, 21, 13, 22], [14, 4, 15, 3], [16, 6, 17, 5]]"
12a_0651_104,"[[16, 6, 17, 5], [18, 8, 19, 7], [20, 24, 21, 23], [22, 11, 23, 12], [24, 9, 1, 10], [2, 20, 3, 19], [4, 16, 5, 15], [6, 18, 7, 17], [8, 1, 9, 2], [10, 14, 11, 13], [12, 21, 13, 22], [14, 4, 15, 3]]"
12a_0651_105,"[[14, 4, 15, 3], [16, 6, 17, 5], [18, 8, 19, 7], [20, 24, 21, 23], [22, 11, 23, 12], [24, 9, 1, 10], [2, 20, 3, 19], [4, 16, 5, 15], [6, 18, 7, 17], [8, 1, 9, 2], [10, 14, 11, 13], [12, 21, 13, 22]]"
12a_0651_106,"[[12, 21, 13, 22], [14, 4, 15, 3], [16, 6, 17, 5], [18, 8, 19, 7], [20, 24, 21, 23], [22, 11, 23, 12], [24, 9, 1, 10], [2, 20, 3, 19], [4, 16, 5, 15], [6, 18, 7, 17], [8, 1, 9, 2], [10, 14, 11, 13]]"
12a_0651_107,"[[10, 14, 11, 13], [12, 21, 13, 22], [14, 4, 15, 3], [16, 6, 17, 5], [18, 8, 19, 7], [20, 24, 21, 23], [22, 11, 23, 12], [24, 9, 1, 10], [2, 20, 3, 19], [4, 16, 5, 15], [6, 18, 7, 17], [8, 1, 9, 2]]"
12a_0651_108,"[[9, 2, 10, 3], [11, 15, 12, 14], [13, 22, 14, 23], [15, 5, 16, 4], [17, 7, 18, 6], [19, 9, 20, 8], [21, 1, 22, 24], [23, 12, 24, 13], [1, 10, 2, 11], [3, 21, 4, 20], [5, 17, 6, 16], [7, 19, 8, 18]]"
12a_0651_109,"[[7, 19, 8, 18], [9, 2, 10, 3], [11, 15, 12, 14], [13, 22, 14, 23], [15, 5, 16, 4], [17, 7, 18, 6], [19, 9, 20, 8], [21, 1, 22, 24], [23, 12, 24, 13], [1, 10, 2, 11], [3, 21, 4, 20], [5, 17, 6, 16]]"
12a_0651_110,"[[5, 17, 6, 16], [7, 19, 8, 18], [9, 2, 10, 3], [11, 15, 12, 14], [13, 22, 14, 23], [15, 5, 16, 4], [17, 7, 18, 6], [19, 9, 20, 8], [21, 1, 22, 24], [23, 12, 24, 13], [1, 10, 2, 11], [3, 21, 4, 20]]"
12a_0651_111,"[[3, 21, 4, 20], [5, 17, 6, 16], [7, 19, 8, 18], [9, 2, 10, 3], [11, 15, 12, 14], [13, 22, 14, 23], [15, 5, 16, 4], [17, 7, 18, 6], [19, 9, 20, 8], [21, 1, 22, 24], [23, 12, 24, 13], [1, 10, 2, 11]]"
12a_0651_112,"[[1, 10, 2, 11], [3, 21, 4, 20], [5, 17, 6, 16], [7, 19, 8, 18], [9, 2, 10, 3], [11, 15, 12, 14], [13, 22, 14, 23], [15, 5, 16, 4], [17, 7, 18, 6], [19, 9, 20, 8], [21, 1, 22, 24], [23, 12, 24, 13]]"
12a_0651_113,"[[23, 12, 24, 13], [1, 10, 2, 11], [3, 21, 4, 20], [5, 17, 6, 16], [7, 19, 8, 18], [9, 2, 10, 3], [11, 15, 12, 14], [13, 22, 14, 23], [15, 5, 16, 4], [17, 7, 18, 6], [19, 9, 20, 8], [21, 1, 22, 24]]"
12a_0651_114,"[[21, 1, 22, 24], [23, 12, 24, 13], [1, 10, 2, 11], [3, 21, 4, 20], [5, 17, 6, 16], [7, 19, 8, 18], [9, 2, 10, 3], [11, 15, 12, 14], [13, 22, 14, 23], [15, 5, 16, 4], [17, 7, 18, 6], [19, 9, 20, 8]]"
12a_0651_115,"[[19, 9, 20, 8], [21, 1, 22, 24], [23, 12, 24, 13], [1, 10, 2, 11], [3, 21, 4, 20], [5, 17, 6, 16], [7, 19, 8, 18], [9, 2, 10, 3], [11, 15, 12, 14], [13, 22, 14, 23], [15, 5, 16, 4], [17, 7, 18, 6]]"
12a_0651_116,"[[17, 7, 18, 6], [19, 9, 20, 8], [21, 1, 22, 24], [23, 12, 24, 13], [1, 10, 2, 11], [3, 21, 4, 20], [5, 17, 6, 16], [7, 19, 8, 18], [9, 2, 10, 3], [11, 15, 12, 14], [13, 22, 14, 23], [15, 5, 16, 4]]"
12a_0651_117,"[[15, 5, 16, 4], [17, 7, 18, 6], [19, 9, 20, 8], [21, 1, 22, 24], [23, 12, 24, 13], [1, 10, 2, 11], [3, 21, 4, 20], [5, 17, 6, 16], [7, 19, 8, 18], [9, 2, 10, 3], [11, 15, 12, 14], [13, 22, 14, 23]]"
12a_0651_118,"[[13, 22, 14, 23], [15, 5, 16, 4], [17, 7, 18, 6], [19, 9, 20, 8], [21, 1, 22, 24], [23, 12, 24, 13], [1, 10, 2, 11], [3, 21, 4, 20], [5, 17, 6, 16], [7, 19, 8, 18], [9, 2, 10, 3], [11, 15, 12, 14]]"
12a_0651_119,"[[11, 15, 12, 14], [13, 22, 14, 23], [15, 5, 16, 4], [17, 7, 18, 6], [19, 9, 20, 8], [21, 1, 22, 24], [23, 12, 24, 13], [1, 10, 2, 11], [3, 21, 4, 20], [5, 17, 6, 16], [7, 19, 8, 18], [9, 2, 10, 3]]"
12a_0651_120,"[[10, 3, 11, 4], [12, 16, 13, 15], [14, 23, 15, 24], [16, 6, 17, 5], [18, 8, 19, 7], [20, 10, 21, 9], [22, 2, 23, 1], [24, 13, 1, 14], [2, 11, 3, 12], [4, 22, 5, 21], [6, 18, 7, 17], [8, 20, 9, 19]]"
12a_0651_121,"[[8, 20, 9, 19], [10, 3, 11, 4], [12, 16, 13, 15], [14, 23, 15, 24], [16, 6, 17, 5], [18, 8, 19, 7], [20, 10, 21, 9], [22, 2, 23, 1], [24, 13, 1, 14], [2, 11, 3, 12], [4, 22, 5, 21], [6, 18, 7, 17]]"
12a_0651_122,"[[6, 18, 7, 17], [8, 20, 9, 19], [10, 3, 11, 4], [12, 16, 13, 15], [14, 23, 15, 24], [16, 6, 17, 5], [18, 8, 19, 7], [20, 10, 21, 9], [22, 2, 23, 1], [24, 13, 1, 14], [2, 11, 3, 12], [4, 22, 5, 21]]"
12a_0651_123,"[[4, 22, 5, 21], [6, 18, 7, 17], [8, 20, 9, 19], [10, 3, 11, 4], [12, 16, 13, 15], [14, 23, 15, 24], [16, 6, 17, 5], [18, 8, 19, 7], [20, 10, 21, 9], [22, 2, 23, 1], [24, 13, 1, 14], [2, 11, 3, 12]]"
12a_0651_124,"[[2, 11, 3, 12], [4, 22, 5, 21], [6, 18, 7, 17], [8, 20, 9, 19], [10, 3, 11, 4], [12, 16, 13, 15], [14, 23, 15, 24], [16, 6, 17, 5], [18, 8, 19, 7], [20, 10, 21, 9], [22, 2, 23, 1], [24, 13, 1, 14]]"
12a_0651_125,"[[24, 13, 1, 14], [2, 11, 3, 12], [4, 22, 5, 21], [6, 18, 7, 17], [8, 20, 9, 19], [10, 3, 11, 4], [12, 16, 13, 15], [14, 23, 15, 24], [16, 6, 17, 5], [18, 8, 19, 7], [20, 10, 21, 9], [22, 2, 23, 1]]"
12a_0651_126,"[[22, 2, 23, 1], [24, 13, 1, 14], [2, 11, 3, 12], [4, 22, 5, 21], [6, 18, 7, 17], [8, 20, 9, 19], [10, 3, 11, 4], [12, 16, 13, 15], [14, 23, 15, 24], [16, 6, 17, 5], [18, 8, 19, 7], [20, 10, 21, 9]]"
12a_0651_127,"[[20, 10, 21, 9], [22, 2, 23, 1], [24, 13, 1, 14], [2, 11, 3, 12], [4, 22, 5, 21], [6, 18, 7, 17], [8, 20, 9, 19], [10, 3, 11, 4], [12, 16, 13, 15], [14, 23, 15, 24], [16, 6, 17, 5], [18, 8, 19, 7]]"
12a_0651_128,"[[18, 8, 19, 7], [20, 10, 21, 9], [22, 2, 23, 1], [24, 13, 1, 14], [2, 11, 3, 12], [4, 22, 5, 21], [6, 18, 7, 17], [8, 20, 9, 19], [10, 3, 11, 4], [12, 16, 13, 15], [14, 23, 15, 24], [16, 6, 17, 5]]"
12a_0651_129,"[[16, 6, 17, 5], [18, 8, 19, 7], [20, 10, 21, 9], [22, 2, 23, 1], [24, 13, 1, 14], [2, 11, 3, 12], [4, 22, 5, 21], [6, 18, 7, 17], [8, 20, 9, 19], [10, 3, 11, 4], [12, 16, 13, 15], [14, 23, 15, 24]]"
12a_0651_130,"[[14, 23, 15, 24], [16, 6, 17, 5], [18, 8, 19, 7], [20, 10, 21, 9], [22, 2, 23, 1], [24, 13, 1, 14], [2, 11, 3, 12], [4, 22, 5, 21], [6, 18, 7, 17], [8, 20, 9, 19], [10, 3, 11, 4], [12, 16, 13, 15]]"
12a_0651_131,"[[12, 16, 13, 15], [14, 23, 15, 24], [16, 6, 17, 5], [18, 8, 19, 7], [20, 10, 21, 9], [22, 2, 23, 1], [24, 13, 1, 14], [2, 11, 3, 12], [4, 22, 5, 21], [6, 18, 7, 17], [8, 20, 9, 19], [10, 3, 11, 4]]"
12a_0651_132,"[[11, 4, 12, 5], [13, 17, 14, 16], [15, 24, 16, 1], [17, 7, 18, 6], [19, 9, 20, 8], [21, 11, 22, 10], [23, 3, 24, 2], [1, 14, 2, 15], [3, 12, 4, 13], [5, 23, 6, 22], [7, 19, 8, 18], [9, 21, 10, 20]]"
12a_0651_133,"[[9, 21, 10, 20], [11, 4, 12, 5], [13, 17, 14, 16], [15, 24, 16, 1], [17, 7, 18, 6], [19, 9, 20, 8], [21, 11, 22, 10], [23, 3, 24, 2], [1, 14, 2, 15], [3, 12, 4, 13], [5, 23, 6, 22], [7, 19, 8, 18]]"
12a_0651_134,"[[7, 19, 8, 18], [9, 21, 10, 20], [11, 4, 12, 5], [13, 17, 14, 16], [15, 24, 16, 1], [17, 7, 18, 6], [19, 9, 20, 8], [21, 11, 22, 10], [23, 3, 24, 2], [1, 14, 2, 15], [3, 12, 4, 13], [5, 23, 6, 22]]"
12a_0651_135,"[[5, 23, 6, 22], [7, 19, 8, 18], [9, 21, 10, 20], [11, 4, 12, 5], [13, 17, 14, 16], [15, 24, 16, 1], [17, 7, 18, 6], [19, 9, 20, 8], [21, 11, 22, 10], [23, 3, 24, 2], [1, 14, 2, 15], [3, 12, 4, 13]]"
12a_0651_136,"[[3, 12, 4, 13], [5, 23, 6, 22], [7, 19, 8, 18], [9, 21, 10, 20], [11, 4, 12, 5], [13, 17, 14, 16], [15, 24, 16, 1], [17, 7, 18, 6], [19, 9, 20, 8], [21, 11, 22, 10], [23, 3, 24, 2], [1, 14, 2, 15]]"
12a_0651_137,"[[1, 14, 2, 15], [3, 12, 4, 13], [5, 23, 6, 22], [7, 19, 8, 18], [9, 21, 10, 20], [11, 4, 12, 5], [13, 17, 14, 16], [15, 24, 16, 1], [17, 7, 18, 6], [19, 9, 20, 8], [21, 11, 22, 10], [23, 3, 24, 2]]"
12a_0651_138,"[[23, 3, 24, 2], [1, 14, 2, 15], [3, 12, 4, 13], [5, 23, 6, 22], [7, 19, 8, 18], [9, 21, 10, 20], [11, 4, 12, 5], [13, 17, 14, 16], [15, 24, 16, 1], [17, 7, 18, 6], [19, 9, 20, 8], [21, 11, 22, 10]]"
12a_0651_139,"[[21, 11, 22, 10], [23, 3, 24, 2], [1, 14, 2, 15], [3, 12, 4, 13], [5, 23, 6, 22], [7, 19, 8, 18], [9, 21, 10, 20], [11, 4, 12, 5], [13, 17, 14, 16], [15, 24, 16, 1], [17, 7, 18, 6], [19, 9, 20, 8]]"
12a_0651_140,"[[19, 9, 20, 8], [21, 11, 22, 10], [23, 3, 24, 2], [1, 14, 2, 15], [3, 12, 4, 13], [5, 23, 6, 22], [7, 19, 8, 18], [9, 21, 10, 20], [11, 4, 12, 5], [13, 17, 14, 16], [15, 24, 16, 1], [17, 7, 18, 6]]"
12a_0651_141,"[[17, 7, 18, 6], [19, 9, 20, 8], [21, 11, 22, 10], [23, 3, 24, 2], [1, 14, 2, 15], [3, 12, 4, 13], [5, 23, 6, 22], [7, 19, 8, 18], [9, 21, 10, 20], [11, 4, 12, 5], [13, 17, 14, 16], [15, 24, 16, 1]]"
12a_0651_142,"[[15, 24, 16, 1], [17, 7, 18, 6], [19, 9, 20, 8], [21, 11, 22, 10], [23, 3, 24, 2], [1, 14, 2, 15], [3, 12, 4, 13], [5, 23, 6, 22], [7, 19, 8, 18], [9, 21, 10, 20], [11, 4, 12, 5], [13, 17, 14, 16]]"
12a_0651_143,"[[13, 17, 14, 16], [15, 24, 16, 1], [17, 7, 18, 6], [19, 9, 20, 8], [21, 11, 22, 10], [23, 3, 24, 2], [1, 14, 2, 15], [3, 12, 4, 13], [5, 23, 6, 22], [7, 19, 8, 18], [9, 21, 10, 20], [11, 4, 12, 5]]"
12a_0651_144,"[[12, 5, 13, 6], [14, 18, 15, 17], [16, 1, 17, 2], [18, 8, 19, 7], [20, 10, 21, 9], [22, 12, 23, 11], [24, 4, 1, 3], [2, 15, 3, 16], [4, 13, 5, 14], [6, 24, 7, 23], [8, 20, 9, 19], [10, 22, 11, 21]]"
12a_0651_145,"[[10, 22, 11, 21], [12, 5, 13, 6], [14, 18, 15, 17], [16, 1, 17, 2], [18, 8, 19, 7], [20, 10, 21, 9], [22, 12, 23, 11], [24, 4, 1, 3], [2, 15, 3, 16], [4, 13, 5, 14], [6, 24, 7, 23], [8, 20, 9, 19]]"
12a_0651_146,"[[8, 20, 9, 19], [10, 22, 11, 21], [12, 5, 13, 6], [14, 18, 15, 17], [16, 1, 17, 2], [18, 8, 19, 7], [20, 10, 21, 9], [22, 12, 23, 11], [24, 4, 1, 3], [2, 15, 3, 16], [4, 13, 5, 14], [6, 24, 7, 23]]"
12a_0651_147,"[[6, 24, 7, 23], [8, 20, 9, 19], [10, 22, 11, 21], [12, 5, 13, 6], [14, 18, 15, 17], [16, 1, 17, 2], [18, 8, 19, 7], [20, 10, 21, 9], [22, 12, 23, 11], [24, 4, 1, 3], [2, 15, 3, 16], [4, 13, 5, 14]]"
12a_0651_148,"[[4, 13, 5, 14], [6, 24, 7, 23], [8, 20, 9, 19], [10, 22, 11, 21], [12, 5, 13, 6], [14, 18, 15, 17], [16, 1, 17, 2], [18, 8, 19, 7], [20, 10, 21, 9], [22, 12, 23, 11], [24, 4, 1, 3], [2, 15, 3, 16]]"
12a_0651_149,"[[2, 15, 3, 16], [4, 13, 5, 14], [6, 24, 7, 23], [8, 20, 9, 19], [10, 22, 11, 21], [12, 5, 13, 6], [14, 18, 15, 17], [16, 1, 17, 2], [18, 8, 19, 7], [20, 10, 21, 9], [22, 12, 23, 11], [24, 4, 1, 3]]"
12a_0651_150,"[[24, 4, 1, 3], [2, 15, 3, 16], [4, 13, 5, 14], [6, 24, 7, 23], [8, 20, 9, 19], [10, 22, 11, 21], [12, 5, 13, 6], [14, 18, 15, 17], [16, 1, 17, 2], [18, 8, 19, 7], [20, 10, 21, 9], [22, 12, 23, 11]]"
12a_0651_151,"[[22, 12, 23, 11], [24, 4, 1, 3], [2, 15, 3, 16], [4, 13, 5, 14], [6, 24, 7, 23], [8, 20, 9, 19], [10, 22, 11, 21], [12, 5, 13, 6], [14, 18, 15, 17], [16, 1, 17, 2], [18, 8, 19, 7], [20, 10, 21, 9]]"
12a_0651_152,"[[20, 10, 21, 9], [22, 12, 23, 11], [24, 4, 1, 3], [2, 15, 3, 16], [4, 13, 5, 14], [6, 24, 7, 23], [8, 20, 9, 19], [10, 22, 11, 21], [12, 5, 13, 6], [14, 18, 15, 17], [16, 1, 17, 2], [18, 8, 19, 7]]"
12a_0651_153,"[[18, 8, 19, 7], [20, 10, 21, 9], [22, 12, 23, 11], [24, 4, 1, 3], [2, 15, 3, 16], [4, 13, 5, 14], [6, 24, 7, 23], [8, 20, 9, 19], [10, 22, 11, 21], [12, 5, 13, 6], [14, 18, 15, 17], [16, 1, 17, 2]]"
12a_0651_154,"[[16, 1, 17, 2], [18, 8, 19, 7], [20, 10, 21, 9], [22, 12, 23, 11], [24, 4, 1, 3], [2, 15, 3, 16], [4, 13, 5, 14], [6, 24, 7, 23], [8, 20, 9, 19], [10, 22, 11, 21], [12, 5, 13, 6], [14, 18, 15, 17]]"
12a_0651_155,"[[14, 18, 15, 17], [16, 1, 17, 2], [18, 8, 19, 7], [20, 10, 21, 9], [22, 12, 23, 11], [24, 4, 1, 3], [2, 15, 3, 16], [4, 13, 5, 14], [6, 24, 7, 23], [8, 20, 9, 19], [10, 22, 11, 21], [12, 5, 13, 6]]"
12a_0651_156,"[[13, 6, 14, 7], [15, 19, 16, 18], [17, 2, 18, 3], [19, 9, 20, 8], [21, 11, 22, 10], [23, 13, 24, 12], [1, 5, 2, 4], [3, 16, 4, 17], [5, 14, 6, 15], [7, 1, 8, 24], [9, 21, 10, 20], [11, 23, 12, 22]]"
12a_0651_157,"[[11, 23, 12, 22], [13, 6, 14, 7], [15, 19, 16, 18], [17, 2, 18, 3], [19, 9, 20, 8], [21, 11, 22, 10], [23, 13, 24, 12], [1, 5, 2, 4], [3, 16, 4, 17], [5, 14, 6, 15], [7, 1, 8, 24], [9, 21, 10, 20]]"
12a_0651_158,"[[9, 21, 10, 20], [11, 23, 12, 22], [13, 6, 14, 7], [15, 19, 16, 18], [17, 2, 18, 3], [19, 9, 20, 8], [21, 11, 22, 10], [23, 13, 24, 12], [1, 5, 2, 4], [3, 16, 4, 17], [5, 14, 6, 15], [7, 1, 8, 24]]"
12a_0651_159,"[[7, 1, 8, 24], [9, 21, 10, 20], [11, 23, 12, 22], [13, 6, 14, 7], [15, 19, 16, 18], [17, 2, 18, 3], [19, 9, 20, 8], [21, 11, 22, 10], [23, 13, 24, 12], [1, 5, 2, 4], [3, 16, 4, 17], [5, 14, 6, 15]]"
12a_0651_160,"[[5, 14, 6, 15], [7, 1, 8, 24], [9, 21, 10, 20], [11, 23, 12, 22], [13, 6, 14, 7], [15, 19, 16, 18], [17, 2, 18, 3], [19, 9, 20, 8], [21, 11, 22, 10], [23, 13, 24, 12], [1, 5, 2, 4], [3, 16, 4, 17]]"
12a_0651_161,"[[3, 16, 4, 17], [5, 14, 6, 15], [7, 1, 8, 24], [9, 21, 10, 20], [11, 23, 12, 22], [13, 6, 14, 7], [15, 19, 16, 18], [17, 2, 18, 3], [19, 9, 20, 8], [21, 11, 22, 10], [23, 13, 24, 12], [1, 5, 2, 4]]"
12a_0651_162,"[[1, 5, 2, 4], [3, 16, 4, 17], [5, 14, 6, 15], [7, 1, 8, 24], [9, 21, 10, 20], [11, 23, 12, 22], [13, 6, 14, 7], [15, 19, 16, 18], [17, 2, 18, 3], [19, 9, 20, 8], [21, 11, 22, 10], [23, 13, 24, 12]]"
12a_0651_163,"[[23, 13, 24, 12], [1, 5, 2, 4], [3, 16, 4, 17], [5, 14, 6, 15], [7, 1, 8, 24], [9, 21, 10, 20], [11, 23, 12, 22], [13, 6, 14, 7], [15, 19, 16, 18], [17, 2, 18, 3], [19, 9, 20, 8], [21, 11, 22, 10]]"
12a_0651_164,"[[21, 11, 22, 10], [23, 13, 24, 12], [1, 5, 2, 4], [3, 16, 4, 17], [5, 14, 6, 15], [7, 1, 8, 24], [9, 21, 10, 20], [11, 23, 12, 22], [13, 6, 14, 7], [15, 19, 16, 18], [17, 2, 18, 3], [19, 9, 20, 8]]"
12a_0651_165,"[[19, 9, 20, 8], [21, 11, 22, 10], [23, 13, 24, 12], [1, 5, 2, 4], [3, 16, 4, 17], [5, 14, 6, 15], [7, 1, 8, 24], [9, 21, 10, 20], [11, 23, 12, 22], [13, 6, 14, 7], [15, 19, 16, 18], [17, 2, 18, 3]]"
12a_0651_166,"[[17, 2, 18, 3], [19, 9, 20, 8], [21, 11, 22, 10], [23, 13, 24, 12], [1, 5, 2, 4], [3, 16, 4, 17], [5, 14, 6, 15], [7, 1, 8, 24], [9, 21, 10, 20], [11, 23, 12, 22], [13, 6, 14, 7], [15, 19, 16, 18]]"
12a_0651_167,"[[15, 19, 16, 18], [17, 2, 18, 3], [19, 9, 20, 8], [21, 11, 22, 10], [23, 13, 24, 12], [1, 5, 2, 4], [3, 16, 4, 17], [5, 14, 6, 15], [7, 1, 8, 24], [9, 21, 10, 20], [11, 23, 12, 22], [13, 6, 14, 7]]"
12a_0651_168,"[[14, 7, 15, 8], [16, 20, 17, 19], [18, 3, 19, 4], [20, 10, 21, 9], [22, 12, 23, 11], [24, 14, 1, 13], [2, 6, 3, 5], [4, 17, 5, 18], [6, 15, 7, 16], [8, 2, 9, 1], [10, 22, 11, 21], [12, 24, 13, 23]]"
12a_0651_169,"[[12, 24, 13, 23], [14, 7, 15, 8], [16, 20, 17, 19], [18, 3, 19, 4], [20, 10, 21, 9], [22, 12, 23, 11], [24, 14, 1, 13], [2, 6, 3, 5], [4, 17, 5, 18], [6, 15, 7, 16], [8, 2, 9, 1], [10, 22, 11, 21]]"
12a_0651_170,"[[10, 22, 11, 21], [12, 24, 13, 23], [14, 7, 15, 8], [16, 20, 17, 19], [18, 3, 19, 4], [20, 10, 21, 9], [22, 12, 23, 11], [24, 14, 1, 13], [2, 6, 3, 5], [4, 17, 5, 18], [6, 15, 7, 16], [8, 2, 9, 1]]"
12a_0651_171,"[[8, 2, 9, 1], [10, 22, 11, 21], [12, 24, 13, 23], [14, 7, 15, 8], [16, 20, 17, 19], [18, 3, 19, 4], [20, 10, 21, 9], [22, 12, 23, 11], [24, 14, 1, 13], [2, 6, 3, 5], [4, 17, 5, 18], [6, 15, 7, 16]]"
12a_0651_172,"[[6, 15, 7, 16], [8, 2, 9, 1], [10, 22, 11, 21], [12, 24, 13, 23], [14, 7, 15, 8], [16, 20, 17, 19], [18, 3, 19, 4], [20, 10, 21, 9], [22, 12, 23, 11], [24, 14, 1, 13], [2, 6, 3, 5], [4, 17, 5, 18]]"
12a_0651_173,"[[4, 17, 5, 18], [6, 15, 7, 16], [8, 2, 9, 1], [10, 22, 11, 21], [12, 24, 13, 23], [14, 7, 15, 8], [16, 20, 17, 19], [18, 3, 19, 4], [20, 10, 21, 9], [22, 12, 23, 11], [24, 14, 1, 13], [2, 6, 3, 5]]"
12a_0651_174,"[[2, 6, 3, 5], [4, 17, 5, 18], [6, 15, 7, 16], [8, 2, 9, 1], [10, 22, 11, 21], [12, 24, 13, 23], [14, 7, 15, 8], [16, 20, 17, 19], [18, 3, 19, 4], [20, 10, 21, 9], [22, 12, 23, 11], [24, 14, 1, 13]]"
12a_0651_175,"[[24, 14, 1, 13], [2, 6, 3, 5], [4, 17, 5, 18], [6, 15, 7, 16], [8, 2, 9, 1], [10, 22, 11, 21], [12, 24, 13, 23], [14, 7, 15, 8], [16, 20, 17, 19], [18, 3, 19, 4], [20, 10, 21, 9], [22, 12, 23, 11]]"
12a_0651_176,"[[22, 12, 23, 11], [24, 14, 1, 13], [2, 6, 3, 5], [4, 17, 5, 18], [6, 15, 7, 16], [8, 2, 9, 1], [10, 22, 11, 21], [12, 24, 13, 23], [14, 7, 15, 8], [16, 20, 17, 19], [18, 3, 19, 4], [20, 10, 21, 9]]"
12a_0651_177,"[[20, 10, 21, 9], [22, 12, 23, 11], [24, 14, 1, 13], [2, 6, 3, 5], [4, 17, 5, 18], [6, 15, 7, 16], [8, 2, 9, 1], [10, 22, 11, 21], [12, 24, 13, 23], [14, 7, 15, 8], [16, 20, 17, 19], [18, 3, 19, 4]]"
12a_0651_178,"[[18, 3, 19, 4], [20, 10, 21, 9], [22, 12, 23, 11], [24, 14, 1, 13], [2, 6, 3, 5], [4, 17, 5, 18], [6, 15, 7, 16], [8, 2, 9, 1], [10, 22, 11, 21], [12, 24, 13, 23], [14, 7, 15, 8], [16, 20, 17, 19]]"
12a_0651_179,"[[16, 20, 17, 19], [18, 3, 19, 4], [20, 10, 21, 9], [22, 12, 23, 11], [24, 14, 1, 13], [2, 6, 3, 5], [4, 17, 5, 18], [6, 15, 7, 16], [8, 2, 9, 1], [10, 22, 11, 21], [12, 24, 13, 23], [14, 7, 15, 8]]"
12a_0651_180,"[[15, 8, 16, 9], [17, 21, 18, 20], [19, 4, 20, 5], [21, 11, 22, 10], [23, 13, 24, 12], [1, 15, 2, 14], [3, 7, 4, 6], [5, 18, 6, 19], [7, 16, 8, 17], [9, 3, 10, 2], [11, 23, 12, 22], [13, 1, 14, 24]]"
12a_0651_181,"[[13, 1, 14, 24], [15, 8, 16, 9], [17, 21, 18, 20], [19, 4, 20, 5], [21, 11, 22, 10], [23, 13, 24, 12], [1, 15, 2, 14], [3, 7, 4, 6], [5, 18, 6, 19], [7, 16, 8, 17], [9, 3, 10, 2], [11, 23, 12, 22]]"
12a_0651_182,"[[11, 23, 12, 22], [13, 1, 14, 24], [15, 8, 16, 9], [17, 21, 18, 20], [19, 4, 20, 5], [21, 11, 22, 10], [23, 13, 24, 12], [1, 15, 2, 14], [3, 7, 4, 6], [5, 18, 6, 19], [7, 16, 8, 17], [9, 3, 10, 2]]"
12a_0651_183,"[[9, 3, 10, 2], [11, 23, 12, 22], [13, 1, 14, 24], [15, 8, 16, 9], [17, 21, 18, 20], [19, 4, 20, 5], [21, 11, 22, 10], [23, 13, 24, 12], [1, 15, 2, 14], [3, 7, 4, 6], [5, 18, 6, 19], [7, 16, 8, 17]]"
12a_0651_184,"[[7, 16, 8, 17], [9, 3, 10, 2], [11, 23, 12, 22], [13, 1, 14, 24], [15, 8, 16, 9], [17, 21, 18, 20], [19, 4, 20, 5], [21, 11, 22, 10], [23, 13, 24, 12], [1, 15, 2, 14], [3, 7, 4, 6], [5, 18, 6, 19]]"
12a_0651_185,"[[5, 18, 6, 19], [7, 16, 8, 17], [9, 3, 10, 2], [11, 23, 12, 22], [13, 1, 14, 24], [15, 8, 16, 9], [17, 21, 18, 20], [19, 4, 20, 5], [21, 11, 22, 10], [23, 13, 24, 12], [1, 15, 2, 14], [3, 7, 4, 6]]"
