name,pd_notation
12a_0708_0,"[[24, 20, 1, 19], [2, 6, 3, 5], [4, 15, 5, 16], [6, 12, 7, 11], [8, 24, 9, 23], [10, 17, 11, 18], [12, 21, 13, 22], [14, 2, 15, 1], [16, 3, 17, 4], [18, 9, 19, 10], [20, 13, 21, 14], [22, 8, 23, 7]]"
12a_0708_1,"[[22, 8, 23, 7], [24, 20, 1, 19], [2, 6, 3, 5], [4, 15, 5, 16], [6, 12, 7, 11], [8, 24, 9, 23], [10, 17, 11, 18], [12, 21, 13, 22], [14, 2, 15, 1], [16, 3, 17, 4], [18, 9, 19, 10], [20, 13, 21, 14]]"
12a_0708_2,"[[20, 13, 21, 14], [22, 8, 23, 7], [24, 20, 1, 19], [2, 6, 3, 5], [4, 15, 5, 16], [6, 12, 7, 11], [8, 24, 9, 23], [10, 17, 11, 18], [12, 21, 13, 22], [14, 2, 15, 1], [16, 3, 17, 4], [18, 9, 19, 10]]"
12a_0708_3,"[[18, 9, 19, 10], [20, 13, 21, 14], [22, 8, 23, 7], [24, 20, 1, 19], [2, 6, 3, 5], [4, 15, 5, 16], [6, 12, 7, 11], [8, 24, 9, 23], [10, 17, 11, 18], [12, 21, 13, 22], [14, 2, 15, 1], [16, 3, 17, 4]]"
12a_0708_4,"[[16, 3, 17, 4], [18, 9, 19, 10], [20, 13, 21, 14], [22, 8, 23, 7], [24, 20, 1, 19], [2, 6, 3, 5], [4, 15, 5, 16], [6, 12, 7, 11], [8, 24, 9, 23], [10, 17, 11, 18], [12, 21, 13, 22], [14, 2, 15, 1]]"
12a_0708_5,"[[14, 2, 15, 1], [16, 3, 17, 4], [18, 9, 19, 10], [20, 13, 21, 14], [22, 8, 23, 7], [24, 20, 1, 19], [2, 6, 3, 5], [4, 15, 5, 16], [6, 12, 7, 11], [8, 24, 9, 23], [10, 17, 11, 18], [12, 21, 13, 22]]"
12a_0708_6,"[[12, 21, 13, 22], [14, 2, 15, 1], [16, 3, 17, 4], [18, 9, 19, 10], [20, 13, 21, 14], [22, 8, 23, 7], [24, 20, 1, 19], [2, 6, 3, 5], [4, 15, 5, 16], [6, 12, 7, 11], [8, 24, 9, 23], [10, 17, 11, 18]]"
12a_0708_7,"[[10, 17, 11, 18], [12, 21, 13, 22], [14, 2, 15, 1], [16, 3, 17, 4], [18, 9, 19, 10], [20, 13, 21, 14], [22, 8, 23, 7], [24, 20, 1, 19], [2, 6, 3, 5], [4, 15, 5, 16], [6, 12, 7, 11], [8, 24, 9, 23]]"
12a_0708_8,"[[8, 24, 9, 23], [10, 17, 11, 18], [12, 21, 13, 22], [14, 2, 15, 1], [16, 3, 17, 4], [18, 9, 19, 10], [20, 13, 21, 14], [22, 8, 23, 7], [24, 20, 1, 19], [2, 6, 3, 5], [4, 15, 5, 16], [6, 12, 7, 11]]"
12a_0708_9,"[[6, 12, 7, 11], [8, 24, 9, 23], [10, 17, 11, 18], [12, 21, 13, 22], [14, 2, 15, 1], [16, 3, 17, 4], [18, 9, 19, 10], [20, 13, 21, 14], [22, 8, 23, 7], [24, 20, 1, 19], [2, 6, 3, 5], [4, 15, 5, 16]]"
12a_0708_10,"[[4, 15, 5, 16], [6, 12, 7, 11], [8, 24, 9, 23], [10, 17, 11, 18], [12, 21, 13, 22], [14, 2, 15, 1], [16, 3, 17, 4], [18, 9, 19, 10], [20, 13, 21, 14], [22, 8, 23, 7], [24, 20, 1, 19], [2, 6, 3, 5]]"
12a_0708_11,"[[2, 6, 3, 5], [4, 15, 5, 16], [6, 12, 7, 11], [8, 24, 9, 23], [10, 17, 11, 18], [12, 21, 13, 22], [14, 2, 15, 1], [16, 3, 17, 4], [18, 9, 19, 10], [20, 13, 21, 14], [22, 8, 23, 7], [24, 20, 1, 19]]"
12a_0708_12,"[[1, 21, 2, 20], [3, 7, 4, 6], [5, 16, 6, 17], [7, 13, 8, 12], [9, 1, 10, 24], [11, 18, 12, 19], [13, 22, 14, 23], [15, 3, 16, 2], [17, 4, 18, 5], [19, 10, 20, 11], [21, 14, 22, 15], [23, 9, 24, 8]]"
12a_0708_13,"[[23, 9, 24, 8], [1, 21, 2, 20], [3, 7, 4, 6], [5, 16, 6, 17], [7, 13, 8, 12], [9, 1, 10, 24], [11, 18, 12, 19], [13, 22, 14, 23], [15, 3, 16, 2], [17, 4, 18, 5], [19, 10, 20, 11], [21, 14, 22, 15]]"
12a_0708_14,"[[21, 14, 22, 15], [23, 9, 24, 8], [1, 21, 2, 20], [3, 7, 4, 6], [5, 16, 6, 17], [7, 13, 8, 12], [9, 1, 10, 24], [11, 18, 12, 19], [13, 22, 14, 23], [15, 3, 16, 2], [17, 4, 18, 5], [19, 10, 20, 11]]"
12a_0708_15,"[[19, 10, 20, 11], [21, 14, 22, 15], [23, 9, 24, 8], [1, 21, 2, 20], [3, 7, 4, 6], [5, 16, 6, 17], [7, 13, 8, 12], [9, 1, 10, 24], [11, 18, 12, 19], [13, 22, 14, 23], [15, 3, 16, 2], [17, 4, 18, 5]]"
12a_0708_16,"[[17, 4, 18, 5], [19, 10, 20, 11], [21, 14, 22, 15], [23, 9, 24, 8], [1, 21, 2, 20], [3, 7, 4, 6], [5, 16, 6, 17], [7, 13, 8, 12], [9, 1, 10, 24], [11, 18, 12, 19], [13, 22, 14, 23], [15, 3, 16, 2]]"
12a_0708_17,"[[15, 3, 16, 2], [17, 4, 18, 5], [19, 10, 20, 11], [21, 14, 22, 15], [23, 9, 24, 8], [1, 21, 2, 20], [3, 7, 4, 6], [5, 16, 6, 17], [7, 13, 8, 12], [9, 1, 10, 24], [11, 18, 12, 19], [13, 22, 14, 23]]"
12a_0708_18,"[[13, 22, 14, 23], [15, 3, 16, 2], [17, 4, 18, 5], [19, 10, 20, 11], [21, 14, 22, 15], [23, 9, 24, 8], [1, 21, 2, 20], [3, 7, 4, 6], [5, 16, 6, 17], [7, 13, 8, 12], [9, 1, 10, 24], [11, 18, 12, 19]]"
12a_0708_19,"[[11, 18, 12, 19], [13, 22, 14, 23], [15, 3, 16, 2], [17, 4, 18, 5], [19, 10, 20, 11], [21, 14, 22, 15], [23, 9, 24, 8], [1, 21, 2, 20], [3, 7, 4, 6], [5, 16, 6, 17], [7, 13, 8, 12], [9, 1, 10, 24]]"
12a_0708_20,"[[9, 1, 10, 24], [11, 18, 12, 19], [13, 22, 14, 23], [15, 3, 16, 2], [17, 4, 18, 5], [19, 10, 20, 11], [21, 14, 22, 15], [23, 9, 24, 8], [1, 21, 2, 20], [3, 7, 4, 6], [5, 16, 6, 17], [7, 13, 8, 12]]"
12a_0708_21,"[[7, 13, 8, 12], [9, 1, 10, 24], [11, 18, 12, 19], [13, 22, 14, 23], [15, 3, 16, 2], [17, 4, 18, 5], [19, 10, 20, 11], [21, 14, 22, 15], [23, 9, 24, 8], [1, 21, 2, 20], [3, 7, 4, 6], [5, 16, 6, 17]]"
12a_0708_22,"[[5, 16, 6, 17], [7, 13, 8, 12], [9, 1, 10, 24], [11, 18, 12, 19], [13, 22, 14, 23], [15, 3, 16, 2], [17, 4, 18, 5], [19, 10, 20, 11], [21, 14, 22, 15], [23, 9, 24, 8], [1, 21, 2, 20], [3, 7, 4, 6]]"
12a_0708_23,"[[3, 7, 4, 6], [5, 16, 6, 17], [7, 13, 8, 12], [9, 1, 10, 24], [11, 18, 12, 19], [13, 22, 14, 23], [15, 3, 16, 2], [17, 4, 18, 5], [19, 10, 20, 11], [21, 14, 22, 15], [23, 9, 24, 8], [1, 21, 2, 20]]"
12a_0708_24,"[[2, 22, 3, 21], [4, 8, 5, 7], [6, 17, 7, 18], [8, 14, 9, 13], [10, 2, 11, 1], [12, 19, 13, 20], [14, 23, 15, 24], [16, 4, 17, 3], [18, 5, 19, 6], [20, 11, 21, 12], [22, 15, 23, 16], [24, 10, 1, 9]]"
12a_0708_25,"[[24, 10, 1, 9], [2, 22, 3, 21], [4, 8, 5, 7], [6, 17, 7, 18], [8, 14, 9, 13], [10, 2, 11, 1], [12, 19, 13, 20], [14, 23, 15, 24], [16, 4, 17, 3], [18, 5, 19, 6], [20, 11, 21, 12], [22, 15, 23, 16]]"
12a_0708_26,"[[22, 15, 23, 16], [24, 10, 1, 9], [2, 22, 3, 21], [4, 8, 5, 7], [6, 17, 7, 18], [8, 14, 9, 13], [10, 2, 11, 1], [12, 19, 13, 20], [14, 23, 15, 24], [16, 4, 17, 3], [18, 5, 19, 6], [20, 11, 21, 12]]"
12a_0708_27,"[[20, 11, 21, 12], [22, 15, 23, 16], [24, 10, 1, 9], [2, 22, 3, 21], [4, 8, 5, 7], [6, 17, 7, 18], [8, 14, 9, 13], [10, 2, 11, 1], [12, 19, 13, 20], [14, 23, 15, 24], [16, 4, 17, 3], [18, 5, 19, 6]]"
12a_0708_28,"[[18, 5, 19, 6], [20, 11, 21, 12], [22, 15, 23, 16], [24, 10, 1, 9], [2, 22, 3, 21], [4, 8, 5, 7], [6, 17, 7, 18], [8, 14, 9, 13], [10, 2, 11, 1], [12, 19, 13, 20], [14, 23, 15, 24], [16, 4, 17, 3]]"
12a_0708_29,"[[16, 4, 17, 3], [18, 5, 19, 6], [20, 11, 21, 12], [22, 15, 23, 16], [24, 10, 1, 9], [2, 22, 3, 21], [4, 8, 5, 7], [6, 17, 7, 18], [8, 14, 9, 13], [10, 2, 11, 1], [12, 19, 13, 20], [14, 23, 15, 24]]"
12a_0708_30,"[[14, 23, 15, 24], [16, 4, 17, 3], [18, 5, 19, 6], [20, 11, 21, 12], [22, 15, 23, 16], [24, 10, 1, 9], [2, 22, 3, 21], [4, 8, 5, 7], [6, 17, 7, 18], [8, 14, 9, 13], [10, 2, 11, 1], [12, 19, 13, 20]]"
12a_0708_31,"[[12, 19, 13, 20], [14, 23, 15, 24], [16, 4, 17, 3], [18, 5, 19, 6], [20, 11, 21, 12], [22, 15, 23, 16], [24, 10, 1, 9], [2, 22, 3, 21], [4, 8, 5, 7], [6, 17, 7, 18], [8, 14, 9, 13], [10, 2, 11, 1]]"
12a_0708_32,"[[10, 2, 11, 1], [12, 19, 13, 20], [14, 23, 15, 24], [16, 4, 17, 3], [18, 5, 19, 6], [20, 11, 21, 12], [22, 15, 23, 16], [24, 10, 1, 9], [2, 22, 3, 21], [4, 8, 5, 7], [6, 17, 7, 18], [8, 14, 9, 13]]"
12a_0708_33,"[[8, 14, 9, 13], [10, 2, 11, 1], [12, 19, 13, 20], [14, 23, 15, 24], [16, 4, 17, 3], [18, 5, 19, 6], [20, 11, 21, 12], [22, 15, 23, 16], [24, 10, 1, 9], [2, 22, 3, 21], [4, 8, 5, 7], [6, 17, 7, 18]]"
12a_0708_34,"[[6, 17, 7, 18], [8, 14, 9, 13], [10, 2, 11, 1], [12, 19, 13, 20], [14, 23, 15, 24], [16, 4, 17, 3], [18, 5, 19, 6], [20, 11, 21, 12], [22, 15, 23, 16], [24, 10, 1, 9], [2, 22, 3, 21], [4, 8, 5, 7]]"
12a_0708_35,"[[4, 8, 5, 7], [6, 17, 7, 18], [8, 14, 9, 13], [10, 2, 11, 1], [12, 19, 13, 20], [14, 23, 15, 24], [16, 4, 17, 3], [18, 5, 19, 6], [20, 11, 21, 12], [22, 15, 23, 16], [24, 10, 1, 9], [2, 22, 3, 21]]"
12a_0708_36,"[[3, 23, 4, 22], [5, 9, 6, 8], [7, 18, 8, 19], [9, 15, 10, 14], [11, 3, 12, 2], [13, 20, 14, 21], [15, 24, 16, 1], [17, 5, 18, 4], [19, 6, 20, 7], [21, 12, 22, 13], [23, 16, 24, 17], [1, 11, 2, 10]]"
12a_0708_37,"[[1, 11, 2, 10], [3, 23, 4, 22], [5, 9, 6, 8], [7, 18, 8, 19], [9, 15, 10, 14], [11, 3, 12, 2], [13, 20, 14, 21], [15, 24, 16, 1], [17, 5, 18, 4], [19, 6, 20, 7], [21, 12, 22, 13], [23, 16, 24, 17]]"
12a_0708_38,"[[23, 16, 24, 17], [1, 11, 2, 10], [3, 23, 4, 22], [5, 9, 6, 8], [7, 18, 8, 19], [9, 15, 10, 14], [11, 3, 12, 2], [13, 20, 14, 21], [15, 24, 16, 1], [17, 5, 18, 4], [19, 6, 20, 7], [21, 12, 22, 13]]"
12a_0708_39,"[[21, 12, 22, 13], [23, 16, 24, 17], [1, 11, 2, 10], [3, 23, 4, 22], [5, 9, 6, 8], [7, 18, 8, 19], [9, 15, 10, 14], [11, 3, 12, 2], [13, 20, 14, 21], [15, 24, 16, 1], [17, 5, 18, 4], [19, 6, 20, 7]]"
12a_0708_40,"[[19, 6, 20, 7], [21, 12, 22, 13], [23, 16, 24, 17], [1, 11, 2, 10], [3, 23, 4, 22], [5, 9, 6, 8], [7, 18, 8, 19], [9, 15, 10, 14], [11, 3, 12, 2], [13, 20, 14, 21], [15, 24, 16, 1], [17, 5, 18, 4]]"
12a_0708_41,"[[17, 5, 18, 4], [19, 6, 20, 7], [21, 12, 22, 13], [23, 16, 24, 17], [1, 11, 2, 10], [3, 23, 4, 22], [5, 9, 6, 8], [7, 18, 8, 19], [9, 15, 10, 14], [11, 3, 12, 2], [13, 20, 14, 21], [15, 24, 16, 1]]"
12a_0708_42,"[[15, 24, 16, 1], [17, 5, 18, 4], [19, 6, 20, 7], [21, 12, 22, 13], [23, 16, 24, 17], [1, 11, 2, 10], [3, 23, 4, 22], [5, 9, 6, 8], [7, 18, 8, 19], [9, 15, 10, 14], [11, 3, 12, 2], [13, 20, 14, 21]]"
12a_0708_43,"[[13, 20, 14, 21], [15, 24, 16, 1], [17, 5, 18, 4], [19, 6, 20, 7], [21, 12, 22, 13], [23, 16, 24, 17], [1, 11, 2, 10], [3, 23, 4, 22], [5, 9, 6, 8], [7, 18, 8, 19], [9, 15, 10, 14], [11, 3, 12, 2]]"
12a_0708_44,"[[11, 3, 12, 2], [13, 20, 14, 21], [15, 24, 16, 1], [17, 5, 18, 4], [19, 6, 20, 7], [21, 12, 22, 13], [23, 16, 24, 17], [1, 11, 2, 10], [3, 23, 4, 22], [5, 9, 6, 8], [7, 18, 8, 19], [9, 15, 10, 14]]"
12a_0708_45,"[[9, 15, 10, 14], [11, 3, 12, 2], [13, 20, 14, 21], [15, 24, 16, 1], [17, 5, 18, 4], [19, 6, 20, 7], [21, 12, 22, 13], [23, 16, 24, 17], [1, 11, 2, 10], [3, 23, 4, 22], [5, 9, 6, 8], [7, 18, 8, 19]]"
12a_0708_46,"[[7, 18, 8, 19], [9, 15, 10, 14], [11, 3, 12, 2], [13, 20, 14, 21], [15, 24, 16, 1], [17, 5, 18, 4], [19, 6, 20, 7], [21, 12, 22, 13], [23, 16, 24, 17], [1, 11, 2, 10], [3, 23, 4, 22], [5, 9, 6, 8]]"
12a_0708_47,"[[5, 9, 6, 8], [7, 18, 8, 19], [9, 15, 10, 14], [11, 3, 12, 2], [13, 20, 14, 21], [15, 24, 16, 1], [17, 5, 18, 4], [19, 6, 20, 7], [21, 12, 22, 13], [23, 16, 24, 17], [1, 11, 2, 10], [3, 23, 4, 22]]"
12a_0708_48,"[[4, 24, 5, 23], [6, 10, 7, 9], [8, 19, 9, 20], [10, 16, 11, 15], [12, 4, 13, 3], [14, 21, 15, 22], [16, 1, 17, 2], [18, 6, 19, 5], [20, 7, 21, 8], [22, 13, 23, 14], [24, 17, 1, 18], [2, 12, 3, 11]]"
12a_0708_49,"[[2, 12, 3, 11], [4, 24, 5, 23], [6, 10, 7, 9], [8, 19, 9, 20], [10, 16, 11, 15], [12, 4, 13, 3], [14, 21, 15, 22], [16, 1, 17, 2], [18, 6, 19, 5], [20, 7, 21, 8], [22, 13, 23, 14], [24, 17, 1, 18]]"
12a_0708_50,"[[24, 17, 1, 18], [2, 12, 3, 11], [4, 24, 5, 23], [6, 10, 7, 9], [8, 19, 9, 20], [10, 16, 11, 15], [12, 4, 13, 3], [14, 21, 15, 22], [16, 1, 17, 2], [18, 6, 19, 5], [20, 7, 21, 8], [22, 13, 23, 14]]"
12a_0708_51,"[[22, 13, 23, 14], [24, 17, 1, 18], [2, 12, 3, 11], [4, 24, 5, 23], [6, 10, 7, 9], [8, 19, 9, 20], [10, 16, 11, 15], [12, 4, 13, 3], [14, 21, 15, 22], [16, 1, 17, 2], [18, 6, 19, 5], [20, 7, 21, 8]]"
12a_0708_52,"[[20, 7, 21, 8], [22, 13, 23, 14], [24, 17, 1, 18], [2, 12, 3, 11], [4, 24, 5, 23], [6, 10, 7, 9], [8, 19, 9, 20], [10, 16, 11, 15], [12, 4, 13, 3], [14, 21, 15, 22], [16, 1, 17, 2], [18, 6, 19, 5]]"
12a_0708_53,"[[18, 6, 19, 5], [20, 7, 21, 8], [22, 13, 23, 14], [24, 17, 1, 18], [2, 12, 3, 11], [4, 24, 5, 23], [6, 10, 7, 9], [8, 19, 9, 20], [10, 16, 11, 15], [12, 4, 13, 3], [14, 21, 15, 22], [16, 1, 17, 2]]"
12a_0708_54,"[[16, 1, 17, 2], [18, 6, 19, 5], [20, 7, 21, 8], [22, 13, 23, 14], [24, 17, 1, 18], [2, 12, 3, 11], [4, 24, 5, 23], [6, 10, 7, 9], [8, 19, 9, 20], [10, 16, 11, 15], [12, 4, 13, 3], [14, 21, 15, 22]]"
12a_0708_55,"[[14, 21, 15, 22], [16, 1, 17, 2], [18, 6, 19, 5], [20, 7, 21, 8], [22, 13, 23, 14], [24, 17, 1, 18], [2, 12, 3, 11], [4, 24, 5, 23], [6, 10, 7, 9], [8, 19, 9, 20], [10, 16, 11, 15], [12, 4, 13, 3]]"
12a_0708_56,"[[12, 4, 13, 3], [14, 21, 15, 22], [16, 1, 17, 2], [18, 6, 19, 5], [20, 7, 21, 8], [22, 13, 23, 14], [24, 17, 1, 18], [2, 12, 3, 11], [4, 24, 5, 23], [6, 10, 7, 9], [8, 19, 9, 20], [10, 16, 11, 15]]"
12a_0708_57,"[[10, 16, 11, 15], [12, 4, 13, 3], [14, 21, 15, 22], [16, 1, 17, 2], [18, 6, 19, 5], [20, 7, 21, 8], [22, 13, 23, 14], [24, 17, 1, 18], [2, 12, 3, 11], [4, 24, 5, 23], [6, 10, 7, 9], [8, 19, 9, 20]]"
12a_0708_58,"[[8, 19, 9, 20], [10, 16, 11, 15], [12, 4, 13, 3], [14, 21, 15, 22], [16, 1, 17, 2], [18, 6, 19, 5], [20, 7, 21, 8], [22, 13, 23, 14], [24, 17, 1, 18], [2, 12, 3, 11], [4, 24, 5, 23], [6, 10, 7, 9]]"
12a_0708_59,"[[6, 10, 7, 9], [8, 19, 9, 20], [10, 16, 11, 15], [12, 4, 13, 3], [14, 21, 15, 22], [16, 1, 17, 2], [18, 6, 19, 5], [20, 7, 21, 8], [22, 13, 23, 14], [24, 17, 1, 18], [2, 12, 3, 11], [4, 24, 5, 23]]"
12a_0708_60,"[[5, 1, 6, 24], [7, 11, 8, 10], [9, 20, 10, 21], [11, 17, 12, 16], [13, 5, 14, 4], [15, 22, 16, 23], [17, 2, 18, 3], [19, 7, 20, 6], [21, 8, 22, 9], [23, 14, 24, 15], [1, 18, 2, 19], [3, 13, 4, 12]]"
12a_0708_61,"[[3, 13, 4, 12], [5, 1, 6, 24], [7, 11, 8, 10], [9, 20, 10, 21], [11, 17, 12, 16], [13, 5, 14, 4], [15, 22, 16, 23], [17, 2, 18, 3], [19, 7, 20, 6], [21, 8, 22, 9], [23, 14, 24, 15], [1, 18, 2, 19]]"
12a_0708_62,"[[1, 18, 2, 19], [3, 13, 4, 12], [5, 1, 6, 24], [7, 11, 8, 10], [9, 20, 10, 21], [11, 17, 12, 16], [13, 5, 14, 4], [15, 22, 16, 23], [17, 2, 18, 3], [19, 7, 20, 6], [21, 8, 22, 9], [23, 14, 24, 15]]"
12a_0708_63,"[[23, 14, 24, 15], [1, 18, 2, 19], [3, 13, 4, 12], [5, 1, 6, 24], [7, 11, 8, 10], [9, 20, 10, 21], [11, 17, 12, 16], [13, 5, 14, 4], [15, 22, 16, 23], [17, 2, 18, 3], [19, 7, 20, 6], [21, 8, 22, 9]]"
12a_0708_64,"[[21, 8, 22, 9], [23, 14, 24, 15], [1, 18, 2, 19], [3, 13, 4, 12], [5, 1, 6, 24], [7, 11, 8, 10], [9, 20, 10, 21], [11, 17, 12, 16], [13, 5, 14, 4], [15, 22, 16, 23], [17, 2, 18, 3], [19, 7, 20, 6]]"
12a_0708_65,"[[19, 7, 20, 6], [21, 8, 22, 9], [23, 14, 24, 15], [1, 18, 2, 19], [3, 13, 4, 12], [5, 1, 6, 24], [7, 11, 8, 10], [9, 20, 10, 21], [11, 17, 12, 16], [13, 5, 14, 4], [15, 22, 16, 23], [17, 2, 18, 3]]"
12a_0708_66,"[[17, 2, 18, 3], [19, 7, 20, 6], [21, 8, 22, 9], [23, 14, 24, 15], [1, 18, 2, 19], [3, 13, 4, 12], [5, 1, 6, 24], [7, 11, 8, 10], [9, 20, 10, 21], [11, 17, 12, 16], [13, 5, 14, 4], [15, 22, 16, 23]]"
12a_0708_67,"[[15, 22, 16, 23], [17, 2, 18, 3], [19, 7, 20, 6], [21, 8, 22, 9], [23, 14, 24, 15], [1, 18, 2, 19], [3, 13, 4, 12], [5, 1, 6, 24], [7, 11, 8, 10], [9, 20, 10, 21], [11, 17, 12, 16], [13, 5, 14, 4]]"
12a_0708_68,"[[13, 5, 14, 4], [15, 22, 16, 23], [17, 2, 18, 3], [19, 7, 20, 6], [21, 8, 22, 9], [23, 14, 24, 15], [1, 18, 2, 19], [3, 13, 4, 12], [5, 1, 6, 24], [7, 11, 8, 10], [9, 20, 10, 21], [11, 17, 12, 16]]"
12a_0708_69,"[[11, 17, 12, 16], [13, 5, 14, 4], [15, 22, 16, 23], [17, 2, 18, 3], [19, 7, 20, 6], [21, 8, 22, 9], [23, 14, 24, 15], [1, 18, 2, 19], [3, 13, 4, 12], [5, 1, 6, 24], [7, 11, 8, 10], [9, 20, 10, 21]]"
12a_0708_70,"[[9, 20, 10, 21], [11, 17, 12, 16], [13, 5, 14, 4], [15, 22, 16, 23], [17, 2, 18, 3], [19, 7, 20, 6], [21, 8, 22, 9], [23, 14, 24, 15], [1, 18, 2, 19], [3, 13, 4, 12], [5, 1, 6, 24], [7, 11, 8, 10]]"
12a_0708_71,"[[7, 11, 8, 10], [9, 20, 10, 21], [11, 17, 12, 16], [13, 5, 14, 4], [15, 22, 16, 23], [17, 2, 18, 3], [19, 7, 20, 6], [21, 8, 22, 9], [23, 14, 24, 15], [1, 18, 2, 19], [3, 13, 4, 12], [5, 1, 6, 24]]"
12a_0708_72,"[[6, 2, 7, 1], [8, 12, 9, 11], [10, 21, 11, 22], [12, 18, 13, 17], [14, 6, 15, 5], [16, 23, 17, 24], [18, 3, 19, 4], [20, 8, 21, 7], [22, 9, 23, 10], [24, 15, 1, 16], [2, 19, 3, 20], [4, 14, 5, 13]]"
12a_0708_73,"[[4, 14, 5, 13], [6, 2, 7, 1], [8, 12, 9, 11], [10, 21, 11, 22], [12, 18, 13, 17], [14, 6, 15, 5], [16, 23, 17, 24], [18, 3, 19, 4], [20, 8, 21, 7], [22, 9, 23, 10], [24, 15, 1, 16], [2, 19, 3, 20]]"
12a_0708_74,"[[2, 19, 3, 20], [4, 14, 5, 13], [6, 2, 7, 1], [8, 12, 9, 11], [10, 21, 11, 22], [12, 18, 13, 17], [14, 6, 15, 5], [16, 23, 17, 24], [18, 3, 19, 4], [20, 8, 21, 7], [22, 9, 23, 10], [24, 15, 1, 16]]"
12a_0708_75,"[[24, 15, 1, 16], [2, 19, 3, 20], [4, 14, 5, 13], [6, 2, 7, 1], [8, 12, 9, 11], [10, 21, 11, 22], [12, 18, 13, 17], [14, 6, 15, 5], [16, 23, 17, 24], [18, 3, 19, 4], [20, 8, 21, 7], [22, 9, 23, 10]]"
12a_0708_76,"[[22, 9, 23, 10], [24, 15, 1, 16], [2, 19, 3, 20], [4, 14, 5, 13], [6, 2, 7, 1], [8, 12, 9, 11], [10, 21, 11, 22], [12, 18, 13, 17], [14, 6, 15, 5], [16, 23, 17, 24], [18, 3, 19, 4], [20, 8, 21, 7]]"
12a_0708_77,"[[20, 8, 21, 7], [22, 9, 23, 10], [24, 15, 1, 16], [2, 19, 3, 20], [4, 14, 5, 13], [6, 2, 7, 1], [8, 12, 9, 11], [10, 21, 11, 22], [12, 18, 13, 17], [14, 6, 15, 5], [16, 23, 17, 24], [18, 3, 19, 4]]"
12a_0708_78,"[[18, 3, 19, 4], [20, 8, 21, 7], [22, 9, 23, 10], [24, 15, 1, 16], [2, 19, 3, 20], [4, 14, 5, 13], [6, 2, 7, 1], [8, 12, 9, 11], [10, 21, 11, 22], [12, 18, 13, 17], [14, 6, 15, 5], [16, 23, 17, 24]]"
12a_0708_79,"[[16, 23, 17, 24], [18, 3, 19, 4], [20, 8, 21, 7], [22, 9, 23, 10], [24, 15, 1, 16], [2, 19, 3, 20], [4, 14, 5, 13], [6, 2, 7, 1], [8, 12, 9, 11], [10, 21, 11, 22], [12, 18, 13, 17], [14, 6, 15, 5]]"
12a_0708_80,"[[14, 6, 15, 5], [16, 23, 17, 24], [18, 3, 19, 4], [20, 8, 21, 7], [22, 9, 23, 10], [24, 15, 1, 16], [2, 19, 3, 20], [4, 14, 5, 13], [6, 2, 7, 1], [8, 12, 9, 11], [10, 21, 11, 22], [12, 18, 13, 17]]"
12a_0708_81,"[[12, 18, 13, 17], [14, 6, 15, 5], [16, 23, 17, 24], [18, 3, 19, 4], [20, 8, 21, 7], [22, 9, 23, 10], [24, 15, 1, 16], [2, 19, 3, 20], [4, 14, 5, 13], [6, 2, 7, 1], [8, 12, 9, 11], [10, 21, 11, 22]]"
12a_0708_82,"[[10, 21, 11, 22], [12, 18, 13, 17], [14, 6, 15, 5], [16, 23, 17, 24], [18, 3, 19, 4], [20, 8, 21, 7], [22, 9, 23, 10], [24, 15, 1, 16], [2, 19, 3, 20], [4, 14, 5, 13], [6, 2, 7, 1], [8, 12, 9, 11]]"
12a_0708_83,"[[8, 12, 9, 11], [10, 21, 11, 22], [12, 18, 13, 17], [14, 6, 15, 5], [16, 23, 17, 24], [18, 3, 19, 4], [20, 8, 21, 7], [22, 9, 23, 10], [24, 15, 1, 16], [2, 19, 3, 20], [4, 14, 5, 13], [6, 2, 7, 1]]"
12a_0708_84,"[[7, 3, 8, 2], [9, 13, 10, 12], [11, 22, 12, 23], [13, 19, 14, 18], [15, 7, 16, 6], [17, 24, 18, 1], [19, 4, 20, 5], [21, 9, 22, 8], [23, 10, 24, 11], [1, 16, 2, 17], [3, 20, 4, 21], [5, 15, 6, 14]]"
12a_0708_85,"[[5, 15, 6, 14], [7, 3, 8, 2], [9, 13, 10, 12], [11, 22, 12, 23], [13, 19, 14, 18], [15, 7, 16, 6], [17, 24, 18, 1], [19, 4, 20, 5], [21, 9, 22, 8], [23, 10, 24, 11], [1, 16, 2, 17], [3, 20, 4, 21]]"
12a_0708_86,"[[3, 20, 4, 21], [5, 15, 6, 14], [7, 3, 8, 2], [9, 13, 10, 12], [11, 22, 12, 23], [13, 19, 14, 18], [15, 7, 16, 6], [17, 24, 18, 1], [19, 4, 20, 5], [21, 9, 22, 8], [23, 10, 24, 11], [1, 16, 2, 17]]"
12a_0708_87,"[[1, 16, 2, 17], [3, 20, 4, 21], [5, 15, 6, 14], [7, 3, 8, 2], [9, 13, 10, 12], [11, 22, 12, 23], [13, 19, 14, 18], [15, 7, 16, 6], [17, 24, 18, 1], [19, 4, 20, 5], [21, 9, 22, 8], [23, 10, 24, 11]]"
12a_0708_88,"[[23, 10, 24, 11], [1, 16, 2, 17], [3, 20, 4, 21], [5, 15, 6, 14], [7, 3, 8, 2], [9, 13, 10, 12], [11, 22, 12, 23], [13, 19, 14, 18], [15, 7, 16, 6], [17, 24, 18, 1], [19, 4, 20, 5], [21, 9, 22, 8]]"
12a_0708_89,"[[21, 9, 22, 8], [23, 10, 24, 11], [1, 16, 2, 17], [3, 20, 4, 21], [5, 15, 6, 14], [7, 3, 8, 2], [9, 13, 10, 12], [11, 22, 12, 23], [13, 19, 14, 18], [15, 7, 16, 6], [17, 24, 18, 1], [19, 4, 20, 5]]"
12a_0708_90,"[[19, 4, 20, 5], [21, 9, 22, 8], [23, 10, 24, 11], [1, 16, 2, 17], [3, 20, 4, 21], [5, 15, 6, 14], [7, 3, 8, 2], [9, 13, 10, 12], [11, 22, 12, 23], [13, 19, 14, 18], [15, 7, 16, 6], [17, 24, 18, 1]]"
12a_0708_91,"[[17, 24, 18, 1], [19, 4, 20, 5], [21, 9, 22, 8], [23, 10, 24, 11], [1, 16, 2, 17], [3, 20, 4, 21], [5, 15, 6, 14], [7, 3, 8, 2], [9, 13, 10, 12], [11, 22, 12, 23], [13, 19, 14, 18], [15, 7, 16, 6]]"
12a_0708_92,"[[15, 7, 16, 6], [17, 24, 18, 1], [19, 4, 20, 5], [21, 9, 22, 8], [23, 10, 24, 11], [1, 16, 2, 17], [3, 20, 4, 21], [5, 15, 6, 14], [7, 3, 8, 2], [9, 13, 10, 12], [11, 22, 12, 23], [13, 19, 14, 18]]"
12a_0708_93,"[[13, 19, 14, 18], [15, 7, 16, 6], [17, 24, 18, 1], [19, 4, 20, 5], [21, 9, 22, 8], [23, 10, 24, 11], [1, 16, 2, 17], [3, 20, 4, 21], [5, 15, 6, 14], [7, 3, 8, 2], [9, 13, 10, 12], [11, 22, 12, 23]]"
12a_0708_94,"[[11, 22, 12, 23], [13, 19, 14, 18], [15, 7, 16, 6], [17, 24, 18, 1], [19, 4, 20, 5], [21, 9, 22, 8], [23, 10, 24, 11], [1, 16, 2, 17], [3, 20, 4, 21], [5, 15, 6, 14], [7, 3, 8, 2], [9, 13, 10, 12]]"
12a_0708_95,"[[9, 13, 10, 12], [11, 22, 12, 23], [13, 19, 14, 18], [15, 7, 16, 6], [17, 24, 18, 1], [19, 4, 20, 5], [21, 9, 22, 8], [23, 10, 24, 11], [1, 16, 2, 17], [3, 20, 4, 21], [5, 15, 6, 14], [7, 3, 8, 2]]"
12a_0708_96,"[[8, 4, 9, 3], [10, 14, 11, 13], [12, 23, 13, 24], [14, 20, 15, 19], [16, 8, 17, 7], [18, 1, 19, 2], [20, 5, 21, 6], [22, 10, 23, 9], [24, 11, 1, 12], [2, 17, 3, 18], [4, 21, 5, 22], [6, 16, 7, 15]]"
12a_0708_97,"[[6, 16, 7, 15], [8, 4, 9, 3], [10, 14, 11, 13], [12, 23, 13, 24], [14, 20, 15, 19], [16, 8, 17, 7], [18, 1, 19, 2], [20, 5, 21, 6], [22, 10, 23, 9], [24, 11, 1, 12], [2, 17, 3, 18], [4, 21, 5, 22]]"
12a_0708_98,"[[4, 21, 5, 22], [6, 16, 7, 15], [8, 4, 9, 3], [10, 14, 11, 13], [12, 23, 13, 24], [14, 20, 15, 19], [16, 8, 17, 7], [18, 1, 19, 2], [20, 5, 21, 6], [22, 10, 23, 9], [24, 11, 1, 12], [2, 17, 3, 18]]"
12a_0708_99,"[[2, 17, 3, 18], [4, 21, 5, 22], [6, 16, 7, 15], [8, 4, 9, 3], [10, 14, 11, 13], [12, 23, 13, 24], [14, 20, 15, 19], [16, 8, 17, 7], [18, 1, 19, 2], [20, 5, 21, 6], [22, 10, 23, 9], [24, 11, 1, 12]]"
12a_0708_100,"[[24, 11, 1, 12], [2, 17, 3, 18], [4, 21, 5, 22], [6, 16, 7, 15], [8, 4, 9, 3], [10, 14, 11, 13], [12, 23, 13, 24], [14, 20, 15, 19], [16, 8, 17, 7], [18, 1, 19, 2], [20, 5, 21, 6], [22, 10, 23, 9]]"
12a_0708_101,"[[22, 10, 23, 9], [24, 11, 1, 12], [2, 17, 3, 18], [4, 21, 5, 22], [6, 16, 7, 15], [8, 4, 9, 3], [10, 14, 11, 13], [12, 23, 13, 24], [14, 20, 15, 19], [16, 8, 17, 7], [18, 1, 19, 2], [20, 5, 21, 6]]"
12a_0708_102,"[[20, 5, 21, 6], [22, 10, 23, 9], [24, 11, 1, 12], [2, 17, 3, 18], [4, 21, 5, 22], [6, 16, 7, 15], [8, 4, 9, 3], [10, 14, 11, 13], [12, 23, 13, 24], [14, 20, 15, 19], [16, 8, 17, 7], [18, 1, 19, 2]]"
12a_0708_103,"[[18, 1, 19, 2], [20, 5, 21, 6], [22, 10, 23, 9], [24, 11, 1, 12], [2, 17, 3, 18], [4, 21, 5, 22], [6, 16, 7, 15], [8, 4, 9, 3], [10, 14, 11, 13], [12, 23, 13, 24], [14, 20, 15, 19], [16, 8, 17, 7]]"
12a_0708_104,"[[16, 8, 17, 7], [18, 1, 19, 2], [20, 5, 21, 6], [22, 10, 23, 9], [24, 11, 1, 12], [2, 17, 3, 18], [4, 21, 5, 22], [6, 16, 7, 15], [8, 4, 9, 3], [10, 14, 11, 13], [12, 23, 13, 24], [14, 20, 15, 19]]"
12a_0708_105,"[[14, 20, 15, 19], [16, 8, 17, 7], [18, 1, 19, 2], [20, 5, 21, 6], [22, 10, 23, 9], [24, 11, 1, 12], [2, 17, 3, 18], [4, 21, 5, 22], [6, 16, 7, 15], [8, 4, 9, 3], [10, 14, 11, 13], [12, 23, 13, 24]]"
12a_0708_106,"[[12, 23, 13, 24], [14, 20, 15, 19], [16, 8, 17, 7], [18, 1, 19, 2], [20, 5, 21, 6], [22, 10, 23, 9], [24, 11, 1, 12], [2, 17, 3, 18], [4, 21, 5, 22], [6, 16, 7, 15], [8, 4, 9, 3], [10, 14, 11, 13]]"
12a_0708_107,"[[10, 14, 11, 13], [12, 23, 13, 24], [14, 20, 15, 19], [16, 8, 17, 7], [18, 1, 19, 2], [20, 5, 21, 6], [22, 10, 23, 9], [24, 11, 1, 12], [2, 17, 3, 18], [4, 21, 5, 22], [6, 16, 7, 15], [8, 4, 9, 3]]"
12a_0708_108,"[[9, 5, 10, 4], [11, 15, 12, 14], [13, 24, 14, 1], [15, 21, 16, 20], [17, 9, 18, 8], [19, 2, 20, 3], [21, 6, 22, 7], [23, 11, 24, 10], [1, 12, 2, 13], [3, 18, 4, 19], [5, 22, 6, 23], [7, 17, 8, 16]]"
12a_0708_109,"[[7, 17, 8, 16], [9, 5, 10, 4], [11, 15, 12, 14], [13, 24, 14, 1], [15, 21, 16, 20], [17, 9, 18, 8], [19, 2, 20, 3], [21, 6, 22, 7], [23, 11, 24, 10], [1, 12, 2, 13], [3, 18, 4, 19], [5, 22, 6, 23]]"
12a_0708_110,"[[5, 22, 6, 23], [7, 17, 8, 16], [9, 5, 10, 4], [11, 15, 12, 14], [13, 24, 14, 1], [15, 21, 16, 20], [17, 9, 18, 8], [19, 2, 20, 3], [21, 6, 22, 7], [23, 11, 24, 10], [1, 12, 2, 13], [3, 18, 4, 19]]"
12a_0708_111,"[[3, 18, 4, 19], [5, 22, 6, 23], [7, 17, 8, 16], [9, 5, 10, 4], [11, 15, 12, 14], [13, 24, 14, 1], [15, 21, 16, 20], [17, 9, 18, 8], [19, 2, 20, 3], [21, 6, 22, 7], [23, 11, 24, 10], [1, 12, 2, 13]]"
12a_0708_112,"[[1, 12, 2, 13], [3, 18, 4, 19], [5, 22, 6, 23], [7, 17, 8, 16], [9, 5, 10, 4], [11, 15, 12, 14], [13, 24, 14, 1], [15, 21, 16, 20], [17, 9, 18, 8], [19, 2, 20, 3], [21, 6, 22, 7], [23, 11, 24, 10]]"
12a_0708_113,"[[23, 11, 24, 10], [1, 12, 2, 13], [3, 18, 4, 19], [5, 22, 6, 23], [7, 17, 8, 16], [9, 5, 10, 4], [11, 15, 12, 14], [13, 24, 14, 1], [15, 21, 16, 20], [17, 9, 18, 8], [19, 2, 20, 3], [21, 6, 22, 7]]"
12a_0708_114,"[[21, 6, 22, 7], [23, 11, 24, 10], [1, 12, 2, 13], [3, 18, 4, 19], [5, 22, 6, 23], [7, 17, 8, 16], [9, 5, 10, 4], [11, 15, 12, 14], [13, 24, 14, 1], [15, 21, 16, 20], [17, 9, 18, 8], [19, 2, 20, 3]]"
12a_0708_115,"[[19, 2, 20, 3], [21, 6, 22, 7], [23, 11, 24, 10], [1, 12, 2, 13], [3, 18, 4, 19], [5, 22, 6, 23], [7, 17, 8, 16], [9, 5, 10, 4], [11, 15, 12, 14], [13, 24, 14, 1], [15, 21, 16, 20], [17, 9, 18, 8]]"
12a_0708_116,"[[17, 9, 18, 8], [19, 2, 20, 3], [21, 6, 22, 7], [23, 11, 24, 10], [1, 12, 2, 13], [3, 18, 4, 19], [5, 22, 6, 23], [7, 17, 8, 16], [9, 5, 10, 4], [11, 15, 12, 14], [13, 24, 14, 1], [15, 21, 16, 20]]"
12a_0708_117,"[[15, 21, 16, 20], [17, 9, 18, 8], [19, 2, 20, 3], [21, 6, 22, 7], [23, 11, 24, 10], [1, 12, 2, 13], [3, 18, 4, 19], [5, 22, 6, 23], [7, 17, 8, 16], [9, 5, 10, 4], [11, 15, 12, 14], [13, 24, 14, 1]]"
12a_0708_118,"[[13, 24, 14, 1], [15, 21, 16, 20], [17, 9, 18, 8], [19, 2, 20, 3], [21, 6, 22, 7], [23, 11, 24, 10], [1, 12, 2, 13], [3, 18, 4, 19], [5, 22, 6, 23], [7, 17, 8, 16], [9, 5, 10, 4], [11, 15, 12, 14]]"
12a_0708_119,"[[11, 15, 12, 14], [13, 24, 14, 1], [15, 21, 16, 20], [17, 9, 18, 8], [19, 2, 20, 3], [21, 6, 22, 7], [23, 11, 24, 10], [1, 12, 2, 13], [3, 18, 4, 19], [5, 22, 6, 23], [7, 17, 8, 16], [9, 5, 10, 4]]"
12a_0708_120,"[[10, 6, 11, 5], [12, 16, 13, 15], [14, 1, 15, 2], [16, 22, 17, 21], [18, 10, 19, 9], [20, 3, 21, 4], [22, 7, 23, 8], [24, 12, 1, 11], [2, 13, 3, 14], [4, 19, 5, 20], [6, 23, 7, 24], [8, 18, 9, 17]]"
12a_0708_121,"[[8, 18, 9, 17], [10, 6, 11, 5], [12, 16, 13, 15], [14, 1, 15, 2], [16, 22, 17, 21], [18, 10, 19, 9], [20, 3, 21, 4], [22, 7, 23, 8], [24, 12, 1, 11], [2, 13, 3, 14], [4, 19, 5, 20], [6, 23, 7, 24]]"
12a_0708_122,"[[6, 23, 7, 24], [8, 18, 9, 17], [10, 6, 11, 5], [12, 16, 13, 15], [14, 1, 15, 2], [16, 22, 17, 21], [18, 10, 19, 9], [20, 3, 21, 4], [22, 7, 23, 8], [24, 12, 1, 11], [2, 13, 3, 14], [4, 19, 5, 20]]"
12a_0708_123,"[[4, 19, 5, 20], [6, 23, 7, 24], [8, 18, 9, 17], [10, 6, 11, 5], [12, 16, 13, 15], [14, 1, 15, 2], [16, 22, 17, 21], [18, 10, 19, 9], [20, 3, 21, 4], [22, 7, 23, 8], [24, 12, 1, 11], [2, 13, 3, 14]]"
12a_0708_124,"[[2, 13, 3, 14], [4, 19, 5, 20], [6, 23, 7, 24], [8, 18, 9, 17], [10, 6, 11, 5], [12, 16, 13, 15], [14, 1, 15, 2], [16, 22, 17, 21], [18, 10, 19, 9], [20, 3, 21, 4], [22, 7, 23, 8], [24, 12, 1, 11]]"
12a_0708_125,"[[24, 12, 1, 11], [2, 13, 3, 14], [4, 19, 5, 20], [6, 23, 7, 24], [8, 18, 9, 17], [10, 6, 11, 5], [12, 16, 13, 15], [14, 1, 15, 2], [16, 22, 17, 21], [18, 10, 19, 9], [20, 3, 21, 4], [22, 7, 23, 8]]"
12a_0708_126,"[[22, 7, 23, 8], [24, 12, 1, 11], [2, 13, 3, 14], [4, 19, 5, 20], [6, 23, 7, 24], [8, 18, 9, 17], [10, 6, 11, 5], [12, 16, 13, 15], [14, 1, 15, 2], [16, 22, 17, 21], [18, 10, 19, 9], [20, 3, 21, 4]]"
12a_0708_127,"[[20, 3, 21, 4], [22, 7, 23, 8], [24, 12, 1, 11], [2, 13, 3, 14], [4, 19, 5, 20], [6, 23, 7, 24], [8, 18, 9, 17], [10, 6, 11, 5], [12, 16, 13, 15], [14, 1, 15, 2], [16, 22, 17, 21], [18, 10, 19, 9]]"
12a_0708_128,"[[18, 10, 19, 9], [20, 3, 21, 4], [22, 7, 23, 8], [24, 12, 1, 11], [2, 13, 3, 14], [4, 19, 5, 20], [6, 23, 7, 24], [8, 18, 9, 17], [10, 6, 11, 5], [12, 16, 13, 15], [14, 1, 15, 2], [16, 22, 17, 21]]"
12a_0708_129,"[[16, 22, 17, 21], [18, 10, 19, 9], [20, 3, 21, 4], [22, 7, 23, 8], [24, 12, 1, 11], [2, 13, 3, 14], [4, 19, 5, 20], [6, 23, 7, 24], [8, 18, 9, 17], [10, 6, 11, 5], [12, 16, 13, 15], [14, 1, 15, 2]]"
12a_0708_130,"[[14, 1, 15, 2], [16, 22, 17, 21], [18, 10, 19, 9], [20, 3, 21, 4], [22, 7, 23, 8], [24, 12, 1, 11], [2, 13, 3, 14], [4, 19, 5, 20], [6, 23, 7, 24], [8, 18, 9, 17], [10, 6, 11, 5], [12, 16, 13, 15]]"
12a_0708_131,"[[12, 16, 13, 15], [14, 1, 15, 2], [16, 22, 17, 21], [18, 10, 19, 9], [20, 3, 21, 4], [22, 7, 23, 8], [24, 12, 1, 11], [2, 13, 3, 14], [4, 19, 5, 20], [6, 23, 7, 24], [8, 18, 9, 17], [10, 6, 11, 5]]"
12a_0708_132,"[[11, 7, 12, 6], [13, 17, 14, 16], [15, 2, 16, 3], [17, 23, 18, 22], [19, 11, 20, 10], [21, 4, 22, 5], [23, 8, 24, 9], [1, 13, 2, 12], [3, 14, 4, 15], [5, 20, 6, 21], [7, 24, 8, 1], [9, 19, 10, 18]]"
12a_0708_133,"[[9, 19, 10, 18], [11, 7, 12, 6], [13, 17, 14, 16], [15, 2, 16, 3], [17, 23, 18, 22], [19, 11, 20, 10], [21, 4, 22, 5], [23, 8, 24, 9], [1, 13, 2, 12], [3, 14, 4, 15], [5, 20, 6, 21], [7, 24, 8, 1]]"
12a_0708_134,"[[7, 24, 8, 1], [9, 19, 10, 18], [11, 7, 12, 6], [13, 17, 14, 16], [15, 2, 16, 3], [17, 23, 18, 22], [19, 11, 20, 10], [21, 4, 22, 5], [23, 8, 24, 9], [1, 13, 2, 12], [3, 14, 4, 15], [5, 20, 6, 21]]"
12a_0708_135,"[[5, 20, 6, 21], [7, 24, 8, 1], [9, 19, 10, 18], [11, 7, 12, 6], [13, 17, 14, 16], [15, 2, 16, 3], [17, 23, 18, 22], [19, 11, 20, 10], [21, 4, 22, 5], [23, 8, 24, 9], [1, 13, 2, 12], [3, 14, 4, 15]]"
12a_0708_136,"[[3, 14, 4, 15], [5, 20, 6, 21], [7, 24, 8, 1], [9, 19, 10, 18], [11, 7, 12, 6], [13, 17, 14, 16], [15, 2, 16, 3], [17, 23, 18, 22], [19, 11, 20, 10], [21, 4, 22, 5], [23, 8, 24, 9], [1, 13, 2, 12]]"
12a_0708_137,"[[1, 13, 2, 12], [3, 14, 4, 15], [5, 20, 6, 21], [7, 24, 8, 1], [9, 19, 10, 18], [11, 7, 12, 6], [13, 17, 14, 16], [15, 2, 16, 3], [17, 23, 18, 22], [19, 11, 20, 10], [21, 4, 22, 5], [23, 8, 24, 9]]"
12a_0708_138,"[[23, 8, 24, 9], [1, 13, 2, 12], [3, 14, 4, 15], [5, 20, 6, 21], [7, 24, 8, 1], [9, 19, 10, 18], [11, 7, 12, 6], [13, 17, 14, 16], [15, 2, 16, 3], [17, 23, 18, 22], [19, 11, 20, 10], [21, 4, 22, 5]]"
12a_0708_139,"[[21, 4, 22, 5], [23, 8, 24, 9], [1, 13, 2, 12], [3, 14, 4, 15], [5, 20, 6, 21], [7, 24, 8, 1], [9, 19, 10, 18], [11, 7, 12, 6], [13, 17, 14, 16], [15, 2, 16, 3], [17, 23, 18, 22], [19, 11, 20, 10]]"
12a_0708_140,"[[19, 11, 20, 10], [21, 4, 22, 5], [23, 8, 24, 9], [1, 13, 2, 12], [3, 14, 4, 15], [5, 20, 6, 21], [7, 24, 8, 1], [9, 19, 10, 18], [11, 7, 12, 6], [13, 17, 14, 16], [15, 2, 16, 3], [17, 23, 18, 22]]"
12a_0708_141,"[[17, 23, 18, 22], [19, 11, 20, 10], [21, 4, 22, 5], [23, 8, 24, 9], [1, 13, 2, 12], [3, 14, 4, 15], [5, 20, 6, 21], [7, 24, 8, 1], [9, 19, 10, 18], [11, 7, 12, 6], [13, 17, 14, 16], [15, 2, 16, 3]]"
12a_0708_142,"[[15, 2, 16, 3], [17, 23, 18, 22], [19, 11, 20, 10], [21, 4, 22, 5], [23, 8, 24, 9], [1, 13, 2, 12], [3, 14, 4, 15], [5, 20, 6, 21], [7, 24, 8, 1], [9, 19, 10, 18], [11, 7, 12, 6], [13, 17, 14, 16]]"
12a_0708_143,"[[13, 17, 14, 16], [15, 2, 16, 3], [17, 23, 18, 22], [19, 11, 20, 10], [21, 4, 22, 5], [23, 8, 24, 9], [1, 13, 2, 12], [3, 14, 4, 15], [5, 20, 6, 21], [7, 24, 8, 1], [9, 19, 10, 18], [11, 7, 12, 6]]"
12a_0708_144,"[[12, 8, 13, 7], [14, 18, 15, 17], [16, 3, 17, 4], [18, 24, 19, 23], [20, 12, 21, 11], [22, 5, 23, 6], [24, 9, 1, 10], [2, 14, 3, 13], [4, 15, 5, 16], [6, 21, 7, 22], [8, 1, 9, 2], [10, 20, 11, 19]]"
12a_0708_145,"[[10, 20, 11, 19], [12, 8, 13, 7], [14, 18, 15, 17], [16, 3, 17, 4], [18, 24, 19, 23], [20, 12, 21, 11], [22, 5, 23, 6], [24, 9, 1, 10], [2, 14, 3, 13], [4, 15, 5, 16], [6, 21, 7, 22], [8, 1, 9, 2]]"
12a_0708_146,"[[8, 1, 9, 2], [10, 20, 11, 19], [12, 8, 13, 7], [14, 18, 15, 17], [16, 3, 17, 4], [18, 24, 19, 23], [20, 12, 21, 11], [22, 5, 23, 6], [24, 9, 1, 10], [2, 14, 3, 13], [4, 15, 5, 16], [6, 21, 7, 22]]"
12a_0708_147,"[[6, 21, 7, 22], [8, 1, 9, 2], [10, 20, 11, 19], [12, 8, 13, 7], [14, 18, 15, 17], [16, 3, 17, 4], [18, 24, 19, 23], [20, 12, 21, 11], [22, 5, 23, 6], [24, 9, 1, 10], [2, 14, 3, 13], [4, 15, 5, 16]]"
12a_0708_148,"[[4, 15, 5, 16], [6, 21, 7, 22], [8, 1, 9, 2], [10, 20, 11, 19], [12, 8, 13, 7], [14, 18, 15, 17], [16, 3, 17, 4], [18, 24, 19, 23], [20, 12, 21, 11], [22, 5, 23, 6], [24, 9, 1, 10], [2, 14, 3, 13]]"
12a_0708_149,"[[2, 14, 3, 13], [4, 15, 5, 16], [6, 21, 7, 22], [8, 1, 9, 2], [10, 20, 11, 19], [12, 8, 13, 7], [14, 18, 15, 17], [16, 3, 17, 4], [18, 24, 19, 23], [20, 12, 21, 11], [22, 5, 23, 6], [24, 9, 1, 10]]"
12a_0708_150,"[[24, 9, 1, 10], [2, 14, 3, 13], [4, 15, 5, 16], [6, 21, 7, 22], [8, 1, 9, 2], [10, 20, 11, 19], [12, 8, 13, 7], [14, 18, 15, 17], [16, 3, 17, 4], [18, 24, 19, 23], [20, 12, 21, 11], [22, 5, 23, 6]]"
12a_0708_151,"[[22, 5, 23, 6], [24, 9, 1, 10], [2, 14, 3, 13], [4, 15, 5, 16], [6, 21, 7, 22], [8, 1, 9, 2], [10, 20, 11, 19], [12, 8, 13, 7], [14, 18, 15, 17], [16, 3, 17, 4], [18, 24, 19, 23], [20, 12, 21, 11]]"
12a_0708_152,"[[20, 12, 21, 11], [22, 5, 23, 6], [24, 9, 1, 10], [2, 14, 3, 13], [4, 15, 5, 16], [6, 21, 7, 22], [8, 1, 9, 2], [10, 20, 11, 19], [12, 8, 13, 7], [14, 18, 15, 17], [16, 3, 17, 4], [18, 24, 19, 23]]"
12a_0708_153,"[[18, 24, 19, 23], [20, 12, 21, 11], [22, 5, 23, 6], [24, 9, 1, 10], [2, 14, 3, 13], [4, 15, 5, 16], [6, 21, 7, 22], [8, 1, 9, 2], [10, 20, 11, 19], [12, 8, 13, 7], [14, 18, 15, 17], [16, 3, 17, 4]]"
12a_0708_154,"[[16, 3, 17, 4], [18, 24, 19, 23], [20, 12, 21, 11], [22, 5, 23, 6], [24, 9, 1, 10], [2, 14, 3, 13], [4, 15, 5, 16], [6, 21, 7, 22], [8, 1, 9, 2], [10, 20, 11, 19], [12, 8, 13, 7], [14, 18, 15, 17]]"
12a_0708_155,"[[14, 18, 15, 17], [16, 3, 17, 4], [18, 24, 19, 23], [20, 12, 21, 11], [22, 5, 23, 6], [24, 9, 1, 10], [2, 14, 3, 13], [4, 15, 5, 16], [6, 21, 7, 22], [8, 1, 9, 2], [10, 20, 11, 19], [12, 8, 13, 7]]"
12a_0708_156,"[[13, 9, 14, 8], [15, 19, 16, 18], [17, 4, 18, 5], [19, 1, 20, 24], [21, 13, 22, 12], [23, 6, 24, 7], [1, 10, 2, 11], [3, 15, 4, 14], [5, 16, 6, 17], [7, 22, 8, 23], [9, 2, 10, 3], [11, 21, 12, 20]]"
12a_0708_157,"[[11, 21, 12, 20], [13, 9, 14, 8], [15, 19, 16, 18], [17, 4, 18, 5], [19, 1, 20, 24], [21, 13, 22, 12], [23, 6, 24, 7], [1, 10, 2, 11], [3, 15, 4, 14], [5, 16, 6, 17], [7, 22, 8, 23], [9, 2, 10, 3]]"
12a_0708_158,"[[9, 2, 10, 3], [11, 21, 12, 20], [13, 9, 14, 8], [15, 19, 16, 18], [17, 4, 18, 5], [19, 1, 20, 24], [21, 13, 22, 12], [23, 6, 24, 7], [1, 10, 2, 11], [3, 15, 4, 14], [5, 16, 6, 17], [7, 22, 8, 23]]"
12a_0708_159,"[[7, 22, 8, 23], [9, 2, 10, 3], [11, 21, 12, 20], [13, 9, 14, 8], [15, 19, 16, 18], [17, 4, 18, 5], [19, 1, 20, 24], [21, 13, 22, 12], [23, 6, 24, 7], [1, 10, 2, 11], [3, 15, 4, 14], [5, 16, 6, 17]]"
12a_0708_160,"[[5, 16, 6, 17], [7, 22, 8, 23], [9, 2, 10, 3], [11, 21, 12, 20], [13, 9, 14, 8], [15, 19, 16, 18], [17, 4, 18, 5], [19, 1, 20, 24], [21, 13, 22, 12], [23, 6, 24, 7], [1, 10, 2, 11], [3, 15, 4, 14]]"
12a_0708_161,"[[3, 15, 4, 14], [5, 16, 6, 17], [7, 22, 8, 23], [9, 2, 10, 3], [11, 21, 12, 20], [13, 9, 14, 8], [15, 19, 16, 18], [17, 4, 18, 5], [19, 1, 20, 24], [21, 13, 22, 12], [23, 6, 24, 7], [1, 10, 2, 11]]"
12a_0708_162,"[[1, 10, 2, 11], [3, 15, 4, 14], [5, 16, 6, 17], [7, 22, 8, 23], [9, 2, 10, 3], [11, 21, 12, 20], [13, 9, 14, 8], [15, 19, 16, 18], [17, 4, 18, 5], [19, 1, 20, 24], [21, 13, 22, 12], [23, 6, 24, 7]]"
12a_0708_163,"[[23, 6, 24, 7], [1, 10, 2, 11], [3, 15, 4, 14], [5, 16, 6, 17], [7, 22, 8, 23], [9, 2, 10, 3], [11, 21, 12, 20], [13, 9, 14, 8], [15, 19, 16, 18], [17, 4, 18, 5], [19, 1, 20, 24], [21, 13, 22, 12]]"
12a_0708_164,"[[21, 13, 22, 12], [23, 6, 24, 7], [1, 10, 2, 11], [3, 15, 4, 14], [5, 16, 6, 17], [7, 22, 8, 23], [9, 2, 10, 3], [11, 21, 12, 20], [13, 9, 14, 8], [15, 19, 16, 18], [17, 4, 18, 5], [19, 1, 20, 24]]"
12a_0708_165,"[[19, 1, 20, 24], [21, 13, 22, 12], [23, 6, 24, 7], [1, 10, 2, 11], [3, 15, 4, 14], [5, 16, 6, 17], [7, 22, 8, 23], [9, 2, 10, 3], [11, 21, 12, 20], [13, 9, 14, 8], [15, 19, 16, 18], [17, 4, 18, 5]]"
12a_0708_166,"[[17, 4, 18, 5], [19, 1, 20, 24], [21, 13, 22, 12], [23, 6, 24, 7], [1, 10, 2, 11], [3, 15, 4, 14], [5, 16, 6, 17], [7, 22, 8, 23], [9, 2, 10, 3], [11, 21, 12, 20], [13, 9, 14, 8], [15, 19, 16, 18]]"
12a_0708_167,"[[15, 19, 16, 18], [17, 4, 18, 5], [19, 1, 20, 24], [21, 13, 22, 12], [23, 6, 24, 7], [1, 10, 2, 11], [3, 15, 4, 14], [5, 16, 6, 17], [7, 22, 8, 23], [9, 2, 10, 3], [11, 21, 12, 20], [13, 9, 14, 8]]"
12a_0708_168,"[[14, 10, 15, 9], [16, 20, 17, 19], [18, 5, 19, 6], [20, 2, 21, 1], [22, 14, 23, 13], [24, 7, 1, 8], [2, 11, 3, 12], [4, 16, 5, 15], [6, 17, 7, 18], [8, 23, 9, 24], [10, 3, 11, 4], [12, 22, 13, 21]]"
12a_0708_169,"[[12, 22, 13, 21], [14, 10, 15, 9], [16, 20, 17, 19], [18, 5, 19, 6], [20, 2, 21, 1], [22, 14, 23, 13], [24, 7, 1, 8], [2, 11, 3, 12], [4, 16, 5, 15], [6, 17, 7, 18], [8, 23, 9, 24], [10, 3, 11, 4]]"
12a_0708_170,"[[10, 3, 11, 4], [12, 22, 13, 21], [14, 10, 15, 9], [16, 20, 17, 19], [18, 5, 19, 6], [20, 2, 21, 1], [22, 14, 23, 13], [24, 7, 1, 8], [2, 11, 3, 12], [4, 16, 5, 15], [6, 17, 7, 18], [8, 23, 9, 24]]"
12a_0708_171,"[[8, 23, 9, 24], [10, 3, 11, 4], [12, 22, 13, 21], [14, 10, 15, 9], [16, 20, 17, 19], [18, 5, 19, 6], [20, 2, 21, 1], [22, 14, 23, 13], [24, 7, 1, 8], [2, 11, 3, 12], [4, 16, 5, 15], [6, 17, 7, 18]]"
12a_0708_172,"[[6, 17, 7, 18], [8, 23, 9, 24], [10, 3, 11, 4], [12, 22, 13, 21], [14, 10, 15, 9], [16, 20, 17, 19], [18, 5, 19, 6], [20, 2, 21, 1], [22, 14, 23, 13], [24, 7, 1, 8], [2, 11, 3, 12], [4, 16, 5, 15]]"
12a_0708_173,"[[4, 16, 5, 15], [6, 17, 7, 18], [8, 23, 9, 24], [10, 3, 11, 4], [12, 22, 13, 21], [14, 10, 15, 9], [16, 20, 17, 19], [18, 5, 19, 6], [20, 2, 21, 1], [22, 14, 23, 13], [24, 7, 1, 8], [2, 11, 3, 12]]"
12a_0708_174,"[[2, 11, 3, 12], [4, 16, 5, 15], [6, 17, 7, 18], [8, 23, 9, 24], [10, 3, 11, 4], [12, 22, 13, 21], [14, 10, 15, 9], [16, 20, 17, 19], [18, 5, 19, 6], [20, 2, 21, 1], [22, 14, 23, 13], [24, 7, 1, 8]]"
12a_0708_175,"[[24, 7, 1, 8], [2, 11, 3, 12], [4, 16, 5, 15], [6, 17, 7, 18], [8, 23, 9, 24], [10, 3, 11, 4], [12, 22, 13, 21], [14, 10, 15, 9], [16, 20, 17, 19], [18, 5, 19, 6], [20, 2, 21, 1], [22, 14, 23, 13]]"
12a_0708_176,"[[22, 14, 23, 13], [24, 7, 1, 8], [2, 11, 3, 12], [4, 16, 5, 15], [6, 17, 7, 18], [8, 23, 9, 24], [10, 3, 11, 4], [12, 22, 13, 21], [14, 10, 15, 9], [16, 20, 17, 19], [18, 5, 19, 6], [20, 2, 21, 1]]"
12a_0708_177,"[[20, 2, 21, 1], [22, 14, 23, 13], [24, 7, 1, 8], [2, 11, 3, 12], [4, 16, 5, 15], [6, 17, 7, 18], [8, 23, 9, 24], [10, 3, 11, 4], [12, 22, 13, 21], [14, 10, 15, 9], [16, 20, 17, 19], [18, 5, 19, 6]]"
12a_0708_178,"[[18, 5, 19, 6], [20, 2, 21, 1], [22, 14, 23, 13], [24, 7, 1, 8], [2, 11, 3, 12], [4, 16, 5, 15], [6, 17, 7, 18], [8, 23, 9, 24], [10, 3, 11, 4], [12, 22, 13, 21], [14, 10, 15, 9], [16, 20, 17, 19]]"
12a_0708_179,"[[16, 20, 17, 19], [18, 5, 19, 6], [20, 2, 21, 1], [22, 14, 23, 13], [24, 7, 1, 8], [2, 11, 3, 12], [4, 16, 5, 15], [6, 17, 7, 18], [8, 23, 9, 24], [10, 3, 11, 4], [12, 22, 13, 21], [14, 10, 15, 9]]"
12a_0708_180,"[[15, 11, 16, 10], [17, 21, 18, 20], [19, 6, 20, 7], [21, 3, 22, 2], [23, 15, 24, 14], [1, 8, 2, 9], [3, 12, 4, 13], [5, 17, 6, 16], [7, 18, 8, 19], [9, 24, 10, 1], [11, 4, 12, 5], [13, 23, 14, 22]]"
12a_0708_181,"[[13, 23, 14, 22], [15, 11, 16, 10], [17, 21, 18, 20], [19, 6, 20, 7], [21, 3, 22, 2], [23, 15, 24, 14], [1, 8, 2, 9], [3, 12, 4, 13], [5, 17, 6, 16], [7, 18, 8, 19], [9, 24, 10, 1], [11, 4, 12, 5]]"
12a_0708_182,"[[11, 4, 12, 5], [13, 23, 14, 22], [15, 11, 16, 10], [17, 21, 18, 20], [19, 6, 20, 7], [21, 3, 22, 2], [23, 15, 24, 14], [1, 8, 2, 9], [3, 12, 4, 13], [5, 17, 6, 16], [7, 18, 8, 19], [9, 24, 10, 1]]"
12a_0708_183,"[[9, 24, 10, 1], [11, 4, 12, 5], [13, 23, 14, 22], [15, 11, 16, 10], [17, 21, 18, 20], [19, 6, 20, 7], [21, 3, 22, 2], [23, 15, 24, 14], [1, 8, 2, 9], [3, 12, 4, 13], [5, 17, 6, 16], [7, 18, 8, 19]]"
12a_0708_184,"[[7, 18, 8, 19], [9, 24, 10, 1], [11, 4, 12, 5], [13, 23, 14, 22], [15, 11, 16, 10], [17, 21, 18, 20], [19, 6, 20, 7], [21, 3, 22, 2], [23, 15, 24, 14], [1, 8, 2, 9], [3, 12, 4, 13], [5, 17, 6, 16]]"
12a_0708_185,"[[5, 17, 6, 16], [7, 18, 8, 19], [9, 24, 10, 1], [11, 4, 12, 5], [13, 23, 14, 22], [15, 11, 16, 10], [17, 21, 18, 20], [19, 6, 20, 7], [21, 3, 22, 2], [23, 15, 24, 14], [1, 8, 2, 9], [3, 12, 4, 13]]"
