name,pd_notation
12a_0667_0,"[[24, 19, 1, 20], [2, 6, 3, 5], [4, 14, 5, 13], [6, 21, 7, 22], [8, 16, 9, 15], [10, 18, 11, 17], [12, 4, 13, 3], [14, 12, 15, 11], [16, 10, 17, 9], [18, 23, 19, 24], [20, 1, 21, 2], [22, 7, 23, 8]]"
12a_0667_1,"[[22, 7, 23, 8], [24, 19, 1, 20], [2, 6, 3, 5], [4, 14, 5, 13], [6, 21, 7, 22], [8, 16, 9, 15], [10, 18, 11, 17], [12, 4, 13, 3], [14, 12, 15, 11], [16, 10, 17, 9], [18, 23, 19, 24], [20, 1, 21, 2]]"
12a_0667_2,"[[20, 1, 21, 2], [22, 7, 23, 8], [24, 19, 1, 20], [2, 6, 3, 5], [4, 14, 5, 13], [6, 21, 7, 22], [8, 16, 9, 15], [10, 18, 11, 17], [12, 4, 13, 3], [14, 12, 15, 11], [16, 10, 17, 9], [18, 23, 19, 24]]"
12a_0667_3,"[[18, 23, 19, 24], [20, 1, 21, 2], [22, 7, 23, 8], [24, 19, 1, 20], [2, 6, 3, 5], [4, 14, 5, 13], [6, 21, 7, 22], [8, 16, 9, 15], [10, 18, 11, 17], [12, 4, 13, 3], [14, 12, 15, 11], [16, 10, 17, 9]]"
12a_0667_4,"[[16, 10, 17, 9], [18, 23, 19, 24], [20, 1, 21, 2], [22, 7, 23, 8], [24, 19, 1, 20], [2, 6, 3, 5], [4, 14, 5, 13], [6, 21, 7, 22], [8, 16, 9, 15], [10, 18, 11, 17], [12, 4, 13, 3], [14, 12, 15, 11]]"
12a_0667_5,"[[14, 12, 15, 11], [16, 10, 17, 9], [18, 23, 19, 24], [20, 1, 21, 2], [22, 7, 23, 8], [24, 19, 1, 20], [2, 6, 3, 5], [4, 14, 5, 13], [6, 21, 7, 22], [8, 16, 9, 15], [10, 18, 11, 17], [12, 4, 13, 3]]"
12a_0667_6,"[[12, 4, 13, 3], [14, 12, 15, 11], [16, 10, 17, 9], [18, 23, 19, 24], [20, 1, 21, 2], [22, 7, 23, 8], [24, 19, 1, 20], [2, 6, 3, 5], [4, 14, 5, 13], [6, 21, 7, 22], [8, 16, 9, 15], [10, 18, 11, 17]]"
12a_0667_7,"[[10, 18, 11, 17], [12, 4, 13, 3], [14, 12, 15, 11], [16, 10, 17, 9], [18, 23, 19, 24], [20, 1, 21, 2], [22, 7, 23, 8], [24, 19, 1, 20], [2, 6, 3, 5], [4, 14, 5, 13], [6, 21, 7, 22], [8, 16, 9, 15]]"
12a_0667_8,"[[8, 16, 9, 15], [10, 18, 11, 17], [12, 4, 13, 3], [14, 12, 15, 11], [16, 10, 17, 9], [18, 23, 19, 24], [20, 1, 21, 2], [22, 7, 23, 8], [24, 19, 1, 20], [2, 6, 3, 5], [4, 14, 5, 13], [6, 21, 7, 22]]"
12a_0667_9,"[[6, 21, 7, 22], [8, 16, 9, 15], [10, 18, 11, 17], [12, 4, 13, 3], [14, 12, 15, 11], [16, 10, 17, 9], [18, 23, 19, 24], [20, 1, 21, 2], [22, 7, 23, 8], [24, 19, 1, 20], [2, 6, 3, 5], [4, 14, 5, 13]]"
12a_0667_10,"[[4, 14, 5, 13], [6, 21, 7, 22], [8, 16, 9, 15], [10, 18, 11, 17], [12, 4, 13, 3], [14, 12, 15, 11], [16, 10, 17, 9], [18, 23, 19, 24], [20, 1, 21, 2], [22, 7, 23, 8], [24, 19, 1, 20], [2, 6, 3, 5]]"
12a_0667_11,"[[2, 6, 3, 5], [4, 14, 5, 13], [6, 21, 7, 22], [8, 16, 9, 15], [10, 18, 11, 17], [12, 4, 13, 3], [14, 12, 15, 11], [16, 10, 17, 9], [18, 23, 19, 24], [20, 1, 21, 2], [22, 7, 23, 8], [24, 19, 1, 20]]"
12a_0667_12,"[[1, 20, 2, 21], [3, 7, 4, 6], [5, 15, 6, 14], [7, 22, 8, 23], [9, 17, 10, 16], [11, 19, 12, 18], [13, 5, 14, 4], [15, 13, 16, 12], [17, 11, 18, 10], [19, 24, 20, 1], [21, 2, 22, 3], [23, 8, 24, 9]]"
12a_0667_13,"[[23, 8, 24, 9], [1, 20, 2, 21], [3, 7, 4, 6], [5, 15, 6, 14], [7, 22, 8, 23], [9, 17, 10, 16], [11, 19, 12, 18], [13, 5, 14, 4], [15, 13, 16, 12], [17, 11, 18, 10], [19, 24, 20, 1], [21, 2, 22, 3]]"
12a_0667_14,"[[21, 2, 22, 3], [23, 8, 24, 9], [1, 20, 2, 21], [3, 7, 4, 6], [5, 15, 6, 14], [7, 22, 8, 23], [9, 17, 10, 16], [11, 19, 12, 18], [13, 5, 14, 4], [15, 13, 16, 12], [17, 11, 18, 10], [19, 24, 20, 1]]"
12a_0667_15,"[[19, 24, 20, 1], [21, 2, 22, 3], [23, 8, 24, 9], [1, 20, 2, 21], [3, 7, 4, 6], [5, 15, 6, 14], [7, 22, 8, 23], [9, 17, 10, 16], [11, 19, 12, 18], [13, 5, 14, 4], [15, 13, 16, 12], [17, 11, 18, 10]]"
12a_0667_16,"[[17, 11, 18, 10], [19, 24, 20, 1], [21, 2, 22, 3], [23, 8, 24, 9], [1, 20, 2, 21], [3, 7, 4, 6], [5, 15, 6, 14], [7, 22, 8, 23], [9, 17, 10, 16], [11, 19, 12, 18], [13, 5, 14, 4], [15, 13, 16, 12]]"
12a_0667_17,"[[15, 13, 16, 12], [17, 11, 18, 10], [19, 24, 20, 1], [21, 2, 22, 3], [23, 8, 24, 9], [1, 20, 2, 21], [3, 7, 4, 6], [5, 15, 6, 14], [7, 22, 8, 23], [9, 17, 10, 16], [11, 19, 12, 18], [13, 5, 14, 4]]"
12a_0667_18,"[[13, 5, 14, 4], [15, 13, 16, 12], [17, 11, 18, 10], [19, 24, 20, 1], [21, 2, 22, 3], [23, 8, 24, 9], [1, 20, 2, 21], [3, 7, 4, 6], [5, 15, 6, 14], [7, 22, 8, 23], [9, 17, 10, 16], [11, 19, 12, 18]]"
12a_0667_19,"[[11, 19, 12, 18], [13, 5, 14, 4], [15, 13, 16, 12], [17, 11, 18, 10], [19, 24, 20, 1], [21, 2, 22, 3], [23, 8, 24, 9], [1, 20, 2, 21], [3, 7, 4, 6], [5, 15, 6, 14], [7, 22, 8, 23], [9, 17, 10, 16]]"
12a_0667_20,"[[9, 17, 10, 16], [11, 19, 12, 18], [13, 5, 14, 4], [15, 13, 16, 12], [17, 11, 18, 10], [19, 24, 20, 1], [21, 2, 22, 3], [23, 8, 24, 9], [1, 20, 2, 21], [3, 7, 4, 6], [5, 15, 6, 14], [7, 22, 8, 23]]"
12a_0667_21,"[[7, 22, 8, 23], [9, 17, 10, 16], [11, 19, 12, 18], [13, 5, 14, 4], [15, 13, 16, 12], [17, 11, 18, 10], [19, 24, 20, 1], [21, 2, 22, 3], [23, 8, 24, 9], [1, 20, 2, 21], [3, 7, 4, 6], [5, 15, 6, 14]]"
12a_0667_22,"[[5, 15, 6, 14], [7, 22, 8, 23], [9, 17, 10, 16], [11, 19, 12, 18], [13, 5, 14, 4], [15, 13, 16, 12], [17, 11, 18, 10], [19, 24, 20, 1], [21, 2, 22, 3], [23, 8, 24, 9], [1, 20, 2, 21], [3, 7, 4, 6]]"
12a_0667_23,"[[3, 7, 4, 6], [5, 15, 6, 14], [7, 22, 8, 23], [9, 17, 10, 16], [11, 19, 12, 18], [13, 5, 14, 4], [15, 13, 16, 12], [17, 11, 18, 10], [19, 24, 20, 1], [21, 2, 22, 3], [23, 8, 24, 9], [1, 20, 2, 21]]"
12a_0667_24,"[[2, 21, 3, 22], [4, 8, 5, 7], [6, 16, 7, 15], [8, 23, 9, 24], [10, 18, 11, 17], [12, 20, 13, 19], [14, 6, 15, 5], [16, 14, 17, 13], [18, 12, 19, 11], [20, 1, 21, 2], [22, 3, 23, 4], [24, 9, 1, 10]]"
12a_0667_25,"[[24, 9, 1, 10], [2, 21, 3, 22], [4, 8, 5, 7], [6, 16, 7, 15], [8, 23, 9, 24], [10, 18, 11, 17], [12, 20, 13, 19], [14, 6, 15, 5], [16, 14, 17, 13], [18, 12, 19, 11], [20, 1, 21, 2], [22, 3, 23, 4]]"
12a_0667_26,"[[22, 3, 23, 4], [24, 9, 1, 10], [2, 21, 3, 22], [4, 8, 5, 7], [6, 16, 7, 15], [8, 23, 9, 24], [10, 18, 11, 17], [12, 20, 13, 19], [14, 6, 15, 5], [16, 14, 17, 13], [18, 12, 19, 11], [20, 1, 21, 2]]"
12a_0667_27,"[[20, 1, 21, 2], [22, 3, 23, 4], [24, 9, 1, 10], [2, 21, 3, 22], [4, 8, 5, 7], [6, 16, 7, 15], [8, 23, 9, 24], [10, 18, 11, 17], [12, 20, 13, 19], [14, 6, 15, 5], [16, 14, 17, 13], [18, 12, 19, 11]]"
12a_0667_28,"[[18, 12, 19, 11], [20, 1, 21, 2], [22, 3, 23, 4], [24, 9, 1, 10], [2, 21, 3, 22], [4, 8, 5, 7], [6, 16, 7, 15], [8, 23, 9, 24], [10, 18, 11, 17], [12, 20, 13, 19], [14, 6, 15, 5], [16, 14, 17, 13]]"
12a_0667_29,"[[16, 14, 17, 13], [18, 12, 19, 11], [20, 1, 21, 2], [22, 3, 23, 4], [24, 9, 1, 10], [2, 21, 3, 22], [4, 8, 5, 7], [6, 16, 7, 15], [8, 23, 9, 24], [10, 18, 11, 17], [12, 20, 13, 19], [14, 6, 15, 5]]"
12a_0667_30,"[[14, 6, 15, 5], [16, 14, 17, 13], [18, 12, 19, 11], [20, 1, 21, 2], [22, 3, 23, 4], [24, 9, 1, 10], [2, 21, 3, 22], [4, 8, 5, 7], [6, 16, 7, 15], [8, 23, 9, 24], [10, 18, 11, 17], [12, 20, 13, 19]]"
12a_0667_31,"[[12, 20, 13, 19], [14, 6, 15, 5], [16, 14, 17, 13], [18, 12, 19, 11], [20, 1, 21, 2], [22, 3, 23, 4], [24, 9, 1, 10], [2, 21, 3, 22], [4, 8, 5, 7], [6, 16, 7, 15], [8, 23, 9, 24], [10, 18, 11, 17]]"
12a_0667_32,"[[10, 18, 11, 17], [12, 20, 13, 19], [14, 6, 15, 5], [16, 14, 17, 13], [18, 12, 19, 11], [20, 1, 21, 2], [22, 3, 23, 4], [24, 9, 1, 10], [2, 21, 3, 22], [4, 8, 5, 7], [6, 16, 7, 15], [8, 23, 9, 24]]"
12a_0667_33,"[[8, 23, 9, 24], [10, 18, 11, 17], [12, 20, 13, 19], [14, 6, 15, 5], [16, 14, 17, 13], [18, 12, 19, 11], [20, 1, 21, 2], [22, 3, 23, 4], [24, 9, 1, 10], [2, 21, 3, 22], [4, 8, 5, 7], [6, 16, 7, 15]]"
12a_0667_34,"[[6, 16, 7, 15], [8, 23, 9, 24], [10, 18, 11, 17], [12, 20, 13, 19], [14, 6, 15, 5], [16, 14, 17, 13], [18, 12, 19, 11], [20, 1, 21, 2], [22, 3, 23, 4], [24, 9, 1, 10], [2, 21, 3, 22], [4, 8, 5, 7]]"
12a_0667_35,"[[4, 8, 5, 7], [6, 16, 7, 15], [8, 23, 9, 24], [10, 18, 11, 17], [12, 20, 13, 19], [14, 6, 15, 5], [16, 14, 17, 13], [18, 12, 19, 11], [20, 1, 21, 2], [22, 3, 23, 4], [24, 9, 1, 10], [2, 21, 3, 22]]"
12a_0667_36,"[[3, 22, 4, 23], [5, 9, 6, 8], [7, 17, 8, 16], [9, 24, 10, 1], [11, 19, 12, 18], [13, 21, 14, 20], [15, 7, 16, 6], [17, 15, 18, 14], [19, 13, 20, 12], [21, 2, 22, 3], [23, 4, 24, 5], [1, 10, 2, 11]]"
12a_0667_37,"[[1, 10, 2, 11], [3, 22, 4, 23], [5, 9, 6, 8], [7, 17, 8, 16], [9, 24, 10, 1], [11, 19, 12, 18], [13, 21, 14, 20], [15, 7, 16, 6], [17, 15, 18, 14], [19, 13, 20, 12], [21, 2, 22, 3], [23, 4, 24, 5]]"
12a_0667_38,"[[23, 4, 24, 5], [1, 10, 2, 11], [3, 22, 4, 23], [5, 9, 6, 8], [7, 17, 8, 16], [9, 24, 10, 1], [11, 19, 12, 18], [13, 21, 14, 20], [15, 7, 16, 6], [17, 15, 18, 14], [19, 13, 20, 12], [21, 2, 22, 3]]"
12a_0667_39,"[[21, 2, 22, 3], [23, 4, 24, 5], [1, 10, 2, 11], [3, 22, 4, 23], [5, 9, 6, 8], [7, 17, 8, 16], [9, 24, 10, 1], [11, 19, 12, 18], [13, 21, 14, 20], [15, 7, 16, 6], [17, 15, 18, 14], [19, 13, 20, 12]]"
12a_0667_40,"[[19, 13, 20, 12], [21, 2, 22, 3], [23, 4, 24, 5], [1, 10, 2, 11], [3, 22, 4, 23], [5, 9, 6, 8], [7, 17, 8, 16], [9, 24, 10, 1], [11, 19, 12, 18], [13, 21, 14, 20], [15, 7, 16, 6], [17, 15, 18, 14]]"
12a_0667_41,"[[17, 15, 18, 14], [19, 13, 20, 12], [21, 2, 22, 3], [23, 4, 24, 5], [1, 10, 2, 11], [3, 22, 4, 23], [5, 9, 6, 8], [7, 17, 8, 16], [9, 24, 10, 1], [11, 19, 12, 18], [13, 21, 14, 20], [15, 7, 16, 6]]"
12a_0667_42,"[[15, 7, 16, 6], [17, 15, 18, 14], [19, 13, 20, 12], [21, 2, 22, 3], [23, 4, 24, 5], [1, 10, 2, 11], [3, 22, 4, 23], [5, 9, 6, 8], [7, 17, 8, 16], [9, 24, 10, 1], [11, 19, 12, 18], [13, 21, 14, 20]]"
12a_0667_43,"[[13, 21, 14, 20], [15, 7, 16, 6], [17, 15, 18, 14], [19, 13, 20, 12], [21, 2, 22, 3], [23, 4, 24, 5], [1, 10, 2, 11], [3, 22, 4, 23], [5, 9, 6, 8], [7, 17, 8, 16], [9, 24, 10, 1], [11, 19, 12, 18]]"
12a_0667_44,"[[11, 19, 12, 18], [13, 21, 14, 20], [15, 7, 16, 6], [17, 15, 18, 14], [19, 13, 20, 12], [21, 2, 22, 3], [23, 4, 24, 5], [1, 10, 2, 11], [3, 22, 4, 23], [5, 9, 6, 8], [7, 17, 8, 16], [9, 24, 10, 1]]"
12a_0667_45,"[[9, 24, 10, 1], [11, 19, 12, 18], [13, 21, 14, 20], [15, 7, 16, 6], [17, 15, 18, 14], [19, 13, 20, 12], [21, 2, 22, 3], [23, 4, 24, 5], [1, 10, 2, 11], [3, 22, 4, 23], [5, 9, 6, 8], [7, 17, 8, 16]]"
12a_0667_46,"[[7, 17, 8, 16], [9, 24, 10, 1], [11, 19, 12, 18], [13, 21, 14, 20], [15, 7, 16, 6], [17, 15, 18, 14], [19, 13, 20, 12], [21, 2, 22, 3], [23, 4, 24, 5], [1, 10, 2, 11], [3, 22, 4, 23], [5, 9, 6, 8]]"
12a_0667_47,"[[5, 9, 6, 8], [7, 17, 8, 16], [9, 24, 10, 1], [11, 19, 12, 18], [13, 21, 14, 20], [15, 7, 16, 6], [17, 15, 18, 14], [19, 13, 20, 12], [21, 2, 22, 3], [23, 4, 24, 5], [1, 10, 2, 11], [3, 22, 4, 23]]"
12a_0667_48,"[[4, 23, 5, 24], [6, 10, 7, 9], [8, 18, 9, 17], [10, 1, 11, 2], [12, 20, 13, 19], [14, 22, 15, 21], [16, 8, 17, 7], [18, 16, 19, 15], [20, 14, 21, 13], [22, 3, 23, 4], [24, 5, 1, 6], [2, 11, 3, 12]]"
12a_0667_49,"[[2, 11, 3, 12], [4, 23, 5, 24], [6, 10, 7, 9], [8, 18, 9, 17], [10, 1, 11, 2], [12, 20, 13, 19], [14, 22, 15, 21], [16, 8, 17, 7], [18, 16, 19, 15], [20, 14, 21, 13], [22, 3, 23, 4], [24, 5, 1, 6]]"
12a_0667_50,"[[24, 5, 1, 6], [2, 11, 3, 12], [4, 23, 5, 24], [6, 10, 7, 9], [8, 18, 9, 17], [10, 1, 11, 2], [12, 20, 13, 19], [14, 22, 15, 21], [16, 8, 17, 7], [18, 16, 19, 15], [20, 14, 21, 13], [22, 3, 23, 4]]"
12a_0667_51,"[[22, 3, 23, 4], [24, 5, 1, 6], [2, 11, 3, 12], [4, 23, 5, 24], [6, 10, 7, 9], [8, 18, 9, 17], [10, 1, 11, 2], [12, 20, 13, 19], [14, 22, 15, 21], [16, 8, 17, 7], [18, 16, 19, 15], [20, 14, 21, 13]]"
12a_0667_52,"[[20, 14, 21, 13], [22, 3, 23, 4], [24, 5, 1, 6], [2, 11, 3, 12], [4, 23, 5, 24], [6, 10, 7, 9], [8, 18, 9, 17], [10, 1, 11, 2], [12, 20, 13, 19], [14, 22, 15, 21], [16, 8, 17, 7], [18, 16, 19, 15]]"
12a_0667_53,"[[18, 16, 19, 15], [20, 14, 21, 13], [22, 3, 23, 4], [24, 5, 1, 6], [2, 11, 3, 12], [4, 23, 5, 24], [6, 10, 7, 9], [8, 18, 9, 17], [10, 1, 11, 2], [12, 20, 13, 19], [14, 22, 15, 21], [16, 8, 17, 7]]"
12a_0667_54,"[[16, 8, 17, 7], [18, 16, 19, 15], [20, 14, 21, 13], [22, 3, 23, 4], [24, 5, 1, 6], [2, 11, 3, 12], [4, 23, 5, 24], [6, 10, 7, 9], [8, 18, 9, 17], [10, 1, 11, 2], [12, 20, 13, 19], [14, 22, 15, 21]]"
12a_0667_55,"[[14, 22, 15, 21], [16, 8, 17, 7], [18, 16, 19, 15], [20, 14, 21, 13], [22, 3, 23, 4], [24, 5, 1, 6], [2, 11, 3, 12], [4, 23, 5, 24], [6, 10, 7, 9], [8, 18, 9, 17], [10, 1, 11, 2], [12, 20, 13, 19]]"
12a_0667_56,"[[12, 20, 13, 19], [14, 22, 15, 21], [16, 8, 17, 7], [18, 16, 19, 15], [20, 14, 21, 13], [22, 3, 23, 4], [24, 5, 1, 6], [2, 11, 3, 12], [4, 23, 5, 24], [6, 10, 7, 9], [8, 18, 9, 17], [10, 1, 11, 2]]"
12a_0667_57,"[[10, 1, 11, 2], [12, 20, 13, 19], [14, 22, 15, 21], [16, 8, 17, 7], [18, 16, 19, 15], [20, 14, 21, 13], [22, 3, 23, 4], [24, 5, 1, 6], [2, 11, 3, 12], [4, 23, 5, 24], [6, 10, 7, 9], [8, 18, 9, 17]]"
12a_0667_58,"[[8, 18, 9, 17], [10, 1, 11, 2], [12, 20, 13, 19], [14, 22, 15, 21], [16, 8, 17, 7], [18, 16, 19, 15], [20, 14, 21, 13], [22, 3, 23, 4], [24, 5, 1, 6], [2, 11, 3, 12], [4, 23, 5, 24], [6, 10, 7, 9]]"
12a_0667_59,"[[6, 10, 7, 9], [8, 18, 9, 17], [10, 1, 11, 2], [12, 20, 13, 19], [14, 22, 15, 21], [16, 8, 17, 7], [18, 16, 19, 15], [20, 14, 21, 13], [22, 3, 23, 4], [24, 5, 1, 6], [2, 11, 3, 12], [4, 23, 5, 24]]"
12a_0667_60,"[[5, 24, 6, 1], [7, 11, 8, 10], [9, 19, 10, 18], [11, 2, 12, 3], [13, 21, 14, 20], [15, 23, 16, 22], [17, 9, 18, 8], [19, 17, 20, 16], [21, 15, 22, 14], [23, 4, 24, 5], [1, 6, 2, 7], [3, 12, 4, 13]]"
12a_0667_61,"[[3, 12, 4, 13], [5, 24, 6, 1], [7, 11, 8, 10], [9, 19, 10, 18], [11, 2, 12, 3], [13, 21, 14, 20], [15, 23, 16, 22], [17, 9, 18, 8], [19, 17, 20, 16], [21, 15, 22, 14], [23, 4, 24, 5], [1, 6, 2, 7]]"
12a_0667_62,"[[1, 6, 2, 7], [3, 12, 4, 13], [5, 24, 6, 1], [7, 11, 8, 10], [9, 19, 10, 18], [11, 2, 12, 3], [13, 21, 14, 20], [15, 23, 16, 22], [17, 9, 18, 8], [19, 17, 20, 16], [21, 15, 22, 14], [23, 4, 24, 5]]"
12a_0667_63,"[[23, 4, 24, 5], [1, 6, 2, 7], [3, 12, 4, 13], [5, 24, 6, 1], [7, 11, 8, 10], [9, 19, 10, 18], [11, 2, 12, 3], [13, 21, 14, 20], [15, 23, 16, 22], [17, 9, 18, 8], [19, 17, 20, 16], [21, 15, 22, 14]]"
12a_0667_64,"[[21, 15, 22, 14], [23, 4, 24, 5], [1, 6, 2, 7], [3, 12, 4, 13], [5, 24, 6, 1], [7, 11, 8, 10], [9, 19, 10, 18], [11, 2, 12, 3], [13, 21, 14, 20], [15, 23, 16, 22], [17, 9, 18, 8], [19, 17, 20, 16]]"
12a_0667_65,"[[19, 17, 20, 16], [21, 15, 22, 14], [23, 4, 24, 5], [1, 6, 2, 7], [3, 12, 4, 13], [5, 24, 6, 1], [7, 11, 8, 10], [9, 19, 10, 18], [11, 2, 12, 3], [13, 21, 14, 20], [15, 23, 16, 22], [17, 9, 18, 8]]"
12a_0667_66,"[[17, 9, 18, 8], [19, 17, 20, 16], [21, 15, 22, 14], [23, 4, 24, 5], [1, 6, 2, 7], [3, 12, 4, 13], [5, 24, 6, 1], [7, 11, 8, 10], [9, 19, 10, 18], [11, 2, 12, 3], [13, 21, 14, 20], [15, 23, 16, 22]]"
12a_0667_67,"[[15, 23, 16, 22], [17, 9, 18, 8], [19, 17, 20, 16], [21, 15, 22, 14], [23, 4, 24, 5], [1, 6, 2, 7], [3, 12, 4, 13], [5, 24, 6, 1], [7, 11, 8, 10], [9, 19, 10, 18], [11, 2, 12, 3], [13, 21, 14, 20]]"
12a_0667_68,"[[13, 21, 14, 20], [15, 23, 16, 22], [17, 9, 18, 8], [19, 17, 20, 16], [21, 15, 22, 14], [23, 4, 24, 5], [1, 6, 2, 7], [3, 12, 4, 13], [5, 24, 6, 1], [7, 11, 8, 10], [9, 19, 10, 18], [11, 2, 12, 3]]"
12a_0667_69,"[[11, 2, 12, 3], [13, 21, 14, 20], [15, 23, 16, 22], [17, 9, 18, 8], [19, 17, 20, 16], [21, 15, 22, 14], [23, 4, 24, 5], [1, 6, 2, 7], [3, 12, 4, 13], [5, 24, 6, 1], [7, 11, 8, 10], [9, 19, 10, 18]]"
12a_0667_70,"[[9, 19, 10, 18], [11, 2, 12, 3], [13, 21, 14, 20], [15, 23, 16, 22], [17, 9, 18, 8], [19, 17, 20, 16], [21, 15, 22, 14], [23, 4, 24, 5], [1, 6, 2, 7], [3, 12, 4, 13], [5, 24, 6, 1], [7, 11, 8, 10]]"
12a_0667_71,"[[7, 11, 8, 10], [9, 19, 10, 18], [11, 2, 12, 3], [13, 21, 14, 20], [15, 23, 16, 22], [17, 9, 18, 8], [19, 17, 20, 16], [21, 15, 22, 14], [23, 4, 24, 5], [1, 6, 2, 7], [3, 12, 4, 13], [5, 24, 6, 1]]"
12a_0667_72,"[[6, 1, 7, 2], [8, 12, 9, 11], [10, 20, 11, 19], [12, 3, 13, 4], [14, 22, 15, 21], [16, 24, 17, 23], [18, 10, 19, 9], [20, 18, 21, 17], [22, 16, 23, 15], [24, 5, 1, 6], [2, 7, 3, 8], [4, 13, 5, 14]]"
12a_0667_73,"[[4, 13, 5, 14], [6, 1, 7, 2], [8, 12, 9, 11], [10, 20, 11, 19], [12, 3, 13, 4], [14, 22, 15, 21], [16, 24, 17, 23], [18, 10, 19, 9], [20, 18, 21, 17], [22, 16, 23, 15], [24, 5, 1, 6], [2, 7, 3, 8]]"
12a_0667_74,"[[2, 7, 3, 8], [4, 13, 5, 14], [6, 1, 7, 2], [8, 12, 9, 11], [10, 20, 11, 19], [12, 3, 13, 4], [14, 22, 15, 21], [16, 24, 17, 23], [18, 10, 19, 9], [20, 18, 21, 17], [22, 16, 23, 15], [24, 5, 1, 6]]"
12a_0667_75,"[[24, 5, 1, 6], [2, 7, 3, 8], [4, 13, 5, 14], [6, 1, 7, 2], [8, 12, 9, 11], [10, 20, 11, 19], [12, 3, 13, 4], [14, 22, 15, 21], [16, 24, 17, 23], [18, 10, 19, 9], [20, 18, 21, 17], [22, 16, 23, 15]]"
12a_0667_76,"[[22, 16, 23, 15], [24, 5, 1, 6], [2, 7, 3, 8], [4, 13, 5, 14], [6, 1, 7, 2], [8, 12, 9, 11], [10, 20, 11, 19], [12, 3, 13, 4], [14, 22, 15, 21], [16, 24, 17, 23], [18, 10, 19, 9], [20, 18, 21, 17]]"
12a_0667_77,"[[20, 18, 21, 17], [22, 16, 23, 15], [24, 5, 1, 6], [2, 7, 3, 8], [4, 13, 5, 14], [6, 1, 7, 2], [8, 12, 9, 11], [10, 20, 11, 19], [12, 3, 13, 4], [14, 22, 15, 21], [16, 24, 17, 23], [18, 10, 19, 9]]"
12a_0667_78,"[[18, 10, 19, 9], [20, 18, 21, 17], [22, 16, 23, 15], [24, 5, 1, 6], [2, 7, 3, 8], [4, 13, 5, 14], [6, 1, 7, 2], [8, 12, 9, 11], [10, 20, 11, 19], [12, 3, 13, 4], [14, 22, 15, 21], [16, 24, 17, 23]]"
12a_0667_79,"[[16, 24, 17, 23], [18, 10, 19, 9], [20, 18, 21, 17], [22, 16, 23, 15], [24, 5, 1, 6], [2, 7, 3, 8], [4, 13, 5, 14], [6, 1, 7, 2], [8, 12, 9, 11], [10, 20, 11, 19], [12, 3, 13, 4], [14, 22, 15, 21]]"
12a_0667_80,"[[14, 22, 15, 21], [16, 24, 17, 23], [18, 10, 19, 9], [20, 18, 21, 17], [22, 16, 23, 15], [24, 5, 1, 6], [2, 7, 3, 8], [4, 13, 5, 14], [6, 1, 7, 2], [8, 12, 9, 11], [10, 20, 11, 19], [12, 3, 13, 4]]"
12a_0667_81,"[[12, 3, 13, 4], [14, 22, 15, 21], [16, 24, 17, 23], [18, 10, 19, 9], [20, 18, 21, 17], [22, 16, 23, 15], [24, 5, 1, 6], [2, 7, 3, 8], [4, 13, 5, 14], [6, 1, 7, 2], [8, 12, 9, 11], [10, 20, 11, 19]]"
12a_0667_82,"[[10, 20, 11, 19], [12, 3, 13, 4], [14, 22, 15, 21], [16, 24, 17, 23], [18, 10, 19, 9], [20, 18, 21, 17], [22, 16, 23, 15], [24, 5, 1, 6], [2, 7, 3, 8], [4, 13, 5, 14], [6, 1, 7, 2], [8, 12, 9, 11]]"
12a_0667_83,"[[8, 12, 9, 11], [10, 20, 11, 19], [12, 3, 13, 4], [14, 22, 15, 21], [16, 24, 17, 23], [18, 10, 19, 9], [20, 18, 21, 17], [22, 16, 23, 15], [24, 5, 1, 6], [2, 7, 3, 8], [4, 13, 5, 14], [6, 1, 7, 2]]"
12a_0667_84,"[[7, 2, 8, 3], [9, 13, 10, 12], [11, 21, 12, 20], [13, 4, 14, 5], [15, 23, 16, 22], [17, 1, 18, 24], [19, 11, 20, 10], [21, 19, 22, 18], [23, 17, 24, 16], [1, 6, 2, 7], [3, 8, 4, 9], [5, 14, 6, 15]]"
12a_0667_85,"[[5, 14, 6, 15], [7, 2, 8, 3], [9, 13, 10, 12], [11, 21, 12, 20], [13, 4, 14, 5], [15, 23, 16, 22], [17, 1, 18, 24], [19, 11, 20, 10], [21, 19, 22, 18], [23, 17, 24, 16], [1, 6, 2, 7], [3, 8, 4, 9]]"
12a_0667_86,"[[3, 8, 4, 9], [5, 14, 6, 15], [7, 2, 8, 3], [9, 13, 10, 12], [11, 21, 12, 20], [13, 4, 14, 5], [15, 23, 16, 22], [17, 1, 18, 24], [19, 11, 20, 10], [21, 19, 22, 18], [23, 17, 24, 16], [1, 6, 2, 7]]"
12a_0667_87,"[[1, 6, 2, 7], [3, 8, 4, 9], [5, 14, 6, 15], [7, 2, 8, 3], [9, 13, 10, 12], [11, 21, 12, 20], [13, 4, 14, 5], [15, 23, 16, 22], [17, 1, 18, 24], [19, 11, 20, 10], [21, 19, 22, 18], [23, 17, 24, 16]]"
12a_0667_88,"[[23, 17, 24, 16], [1, 6, 2, 7], [3, 8, 4, 9], [5, 14, 6, 15], [7, 2, 8, 3], [9, 13, 10, 12], [11, 21, 12, 20], [13, 4, 14, 5], [15, 23, 16, 22], [17, 1, 18, 24], [19, 11, 20, 10], [21, 19, 22, 18]]"
12a_0667_89,"[[21, 19, 22, 18], [23, 17, 24, 16], [1, 6, 2, 7], [3, 8, 4, 9], [5, 14, 6, 15], [7, 2, 8, 3], [9, 13, 10, 12], [11, 21, 12, 20], [13, 4, 14, 5], [15, 23, 16, 22], [17, 1, 18, 24], [19, 11, 20, 10]]"
12a_0667_90,"[[19, 11, 20, 10], [21, 19, 22, 18], [23, 17, 24, 16], [1, 6, 2, 7], [3, 8, 4, 9], [5, 14, 6, 15], [7, 2, 8, 3], [9, 13, 10, 12], [11, 21, 12, 20], [13, 4, 14, 5], [15, 23, 16, 22], [17, 1, 18, 24]]"
12a_0667_91,"[[17, 1, 18, 24], [19, 11, 20, 10], [21, 19, 22, 18], [23, 17, 24, 16], [1, 6, 2, 7], [3, 8, 4, 9], [5, 14, 6, 15], [7, 2, 8, 3], [9, 13, 10, 12], [11, 21, 12, 20], [13, 4, 14, 5], [15, 23, 16, 22]]"
12a_0667_92,"[[15, 23, 16, 22], [17, 1, 18, 24], [19, 11, 20, 10], [21, 19, 22, 18], [23, 17, 24, 16], [1, 6, 2, 7], [3, 8, 4, 9], [5, 14, 6, 15], [7, 2, 8, 3], [9, 13, 10, 12], [11, 21, 12, 20], [13, 4, 14, 5]]"
12a_0667_93,"[[13, 4, 14, 5], [15, 23, 16, 22], [17, 1, 18, 24], [19, 11, 20, 10], [21, 19, 22, 18], [23, 17, 24, 16], [1, 6, 2, 7], [3, 8, 4, 9], [5, 14, 6, 15], [7, 2, 8, 3], [9, 13, 10, 12], [11, 21, 12, 20]]"
12a_0667_94,"[[11, 21, 12, 20], [13, 4, 14, 5], [15, 23, 16, 22], [17, 1, 18, 24], [19, 11, 20, 10], [21, 19, 22, 18], [23, 17, 24, 16], [1, 6, 2, 7], [3, 8, 4, 9], [5, 14, 6, 15], [7, 2, 8, 3], [9, 13, 10, 12]]"
12a_0667_95,"[[9, 13, 10, 12], [11, 21, 12, 20], [13, 4, 14, 5], [15, 23, 16, 22], [17, 1, 18, 24], [19, 11, 20, 10], [21, 19, 22, 18], [23, 17, 24, 16], [1, 6, 2, 7], [3, 8, 4, 9], [5, 14, 6, 15], [7, 2, 8, 3]]"
12a_0667_96,"[[8, 3, 9, 4], [10, 14, 11, 13], [12, 22, 13, 21], [14, 5, 15, 6], [16, 24, 17, 23], [18, 2, 19, 1], [20, 12, 21, 11], [22, 20, 23, 19], [24, 18, 1, 17], [2, 7, 3, 8], [4, 9, 5, 10], [6, 15, 7, 16]]"
12a_0667_97,"[[6, 15, 7, 16], [8, 3, 9, 4], [10, 14, 11, 13], [12, 22, 13, 21], [14, 5, 15, 6], [16, 24, 17, 23], [18, 2, 19, 1], [20, 12, 21, 11], [22, 20, 23, 19], [24, 18, 1, 17], [2, 7, 3, 8], [4, 9, 5, 10]]"
12a_0667_98,"[[4, 9, 5, 10], [6, 15, 7, 16], [8, 3, 9, 4], [10, 14, 11, 13], [12, 22, 13, 21], [14, 5, 15, 6], [16, 24, 17, 23], [18, 2, 19, 1], [20, 12, 21, 11], [22, 20, 23, 19], [24, 18, 1, 17], [2, 7, 3, 8]]"
12a_0667_99,"[[2, 7, 3, 8], [4, 9, 5, 10], [6, 15, 7, 16], [8, 3, 9, 4], [10, 14, 11, 13], [12, 22, 13, 21], [14, 5, 15, 6], [16, 24, 17, 23], [18, 2, 19, 1], [20, 12, 21, 11], [22, 20, 23, 19], [24, 18, 1, 17]]"
12a_0667_100,"[[24, 18, 1, 17], [2, 7, 3, 8], [4, 9, 5, 10], [6, 15, 7, 16], [8, 3, 9, 4], [10, 14, 11, 13], [12, 22, 13, 21], [14, 5, 15, 6], [16, 24, 17, 23], [18, 2, 19, 1], [20, 12, 21, 11], [22, 20, 23, 19]]"
12a_0667_101,"[[22, 20, 23, 19], [24, 18, 1, 17], [2, 7, 3, 8], [4, 9, 5, 10], [6, 15, 7, 16], [8, 3, 9, 4], [10, 14, 11, 13], [12, 22, 13, 21], [14, 5, 15, 6], [16, 24, 17, 23], [18, 2, 19, 1], [20, 12, 21, 11]]"
12a_0667_102,"[[20, 12, 21, 11], [22, 20, 23, 19], [24, 18, 1, 17], [2, 7, 3, 8], [4, 9, 5, 10], [6, 15, 7, 16], [8, 3, 9, 4], [10, 14, 11, 13], [12, 22, 13, 21], [14, 5, 15, 6], [16, 24, 17, 23], [18, 2, 19, 1]]"
12a_0667_103,"[[18, 2, 19, 1], [20, 12, 21, 11], [22, 20, 23, 19], [24, 18, 1, 17], [2, 7, 3, 8], [4, 9, 5, 10], [6, 15, 7, 16], [8, 3, 9, 4], [10, 14, 11, 13], [12, 22, 13, 21], [14, 5, 15, 6], [16, 24, 17, 23]]"
12a_0667_104,"[[16, 24, 17, 23], [18, 2, 19, 1], [20, 12, 21, 11], [22, 20, 23, 19], [24, 18, 1, 17], [2, 7, 3, 8], [4, 9, 5, 10], [6, 15, 7, 16], [8, 3, 9, 4], [10, 14, 11, 13], [12, 22, 13, 21], [14, 5, 15, 6]]"
12a_0667_105,"[[14, 5, 15, 6], [16, 24, 17, 23], [18, 2, 19, 1], [20, 12, 21, 11], [22, 20, 23, 19], [24, 18, 1, 17], [2, 7, 3, 8], [4, 9, 5, 10], [6, 15, 7, 16], [8, 3, 9, 4], [10, 14, 11, 13], [12, 22, 13, 21]]"
12a_0667_106,"[[12, 22, 13, 21], [14, 5, 15, 6], [16, 24, 17, 23], [18, 2, 19, 1], [20, 12, 21, 11], [22, 20, 23, 19], [24, 18, 1, 17], [2, 7, 3, 8], [4, 9, 5, 10], [6, 15, 7, 16], [8, 3, 9, 4], [10, 14, 11, 13]]"
12a_0667_107,"[[10, 14, 11, 13], [12, 22, 13, 21], [14, 5, 15, 6], [16, 24, 17, 23], [18, 2, 19, 1], [20, 12, 21, 11], [22, 20, 23, 19], [24, 18, 1, 17], [2, 7, 3, 8], [4, 9, 5, 10], [6, 15, 7, 16], [8, 3, 9, 4]]"
12a_0667_108,"[[9, 4, 10, 5], [11, 15, 12, 14], [13, 23, 14, 22], [15, 6, 16, 7], [17, 1, 18, 24], [19, 3, 20, 2], [21, 13, 22, 12], [23, 21, 24, 20], [1, 19, 2, 18], [3, 8, 4, 9], [5, 10, 6, 11], [7, 16, 8, 17]]"
12a_0667_109,"[[7, 16, 8, 17], [9, 4, 10, 5], [11, 15, 12, 14], [13, 23, 14, 22], [15, 6, 16, 7], [17, 1, 18, 24], [19, 3, 20, 2], [21, 13, 22, 12], [23, 21, 24, 20], [1, 19, 2, 18], [3, 8, 4, 9], [5, 10, 6, 11]]"
12a_0667_110,"[[5, 10, 6, 11], [7, 16, 8, 17], [9, 4, 10, 5], [11, 15, 12, 14], [13, 23, 14, 22], [15, 6, 16, 7], [17, 1, 18, 24], [19, 3, 20, 2], [21, 13, 22, 12], [23, 21, 24, 20], [1, 19, 2, 18], [3, 8, 4, 9]]"
12a_0667_111,"[[3, 8, 4, 9], [5, 10, 6, 11], [7, 16, 8, 17], [9, 4, 10, 5], [11, 15, 12, 14], [13, 23, 14, 22], [15, 6, 16, 7], [17, 1, 18, 24], [19, 3, 20, 2], [21, 13, 22, 12], [23, 21, 24, 20], [1, 19, 2, 18]]"
12a_0667_112,"[[1, 19, 2, 18], [3, 8, 4, 9], [5, 10, 6, 11], [7, 16, 8, 17], [9, 4, 10, 5], [11, 15, 12, 14], [13, 23, 14, 22], [15, 6, 16, 7], [17, 1, 18, 24], [19, 3, 20, 2], [21, 13, 22, 12], [23, 21, 24, 20]]"
12a_0667_113,"[[23, 21, 24, 20], [1, 19, 2, 18], [3, 8, 4, 9], [5, 10, 6, 11], [7, 16, 8, 17], [9, 4, 10, 5], [11, 15, 12, 14], [13, 23, 14, 22], [15, 6, 16, 7], [17, 1, 18, 24], [19, 3, 20, 2], [21, 13, 22, 12]]"
12a_0667_114,"[[21, 13, 22, 12], [23, 21, 24, 20], [1, 19, 2, 18], [3, 8, 4, 9], [5, 10, 6, 11], [7, 16, 8, 17], [9, 4, 10, 5], [11, 15, 12, 14], [13, 23, 14, 22], [15, 6, 16, 7], [17, 1, 18, 24], [19, 3, 20, 2]]"
12a_0667_115,"[[19, 3, 20, 2], [21, 13, 22, 12], [23, 21, 24, 20], [1, 19, 2, 18], [3, 8, 4, 9], [5, 10, 6, 11], [7, 16, 8, 17], [9, 4, 10, 5], [11, 15, 12, 14], [13, 23, 14, 22], [15, 6, 16, 7], [17, 1, 18, 24]]"
12a_0667_116,"[[17, 1, 18, 24], [19, 3, 20, 2], [21, 13, 22, 12], [23, 21, 24, 20], [1, 19, 2, 18], [3, 8, 4, 9], [5, 10, 6, 11], [7, 16, 8, 17], [9, 4, 10, 5], [11, 15, 12, 14], [13, 23, 14, 22], [15, 6, 16, 7]]"
12a_0667_117,"[[15, 6, 16, 7], [17, 1, 18, 24], [19, 3, 20, 2], [21, 13, 22, 12], [23, 21, 24, 20], [1, 19, 2, 18], [3, 8, 4, 9], [5, 10, 6, 11], [7, 16, 8, 17], [9, 4, 10, 5], [11, 15, 12, 14], [13, 23, 14, 22]]"
12a_0667_118,"[[13, 23, 14, 22], [15, 6, 16, 7], [17, 1, 18, 24], [19, 3, 20, 2], [21, 13, 22, 12], [23, 21, 24, 20], [1, 19, 2, 18], [3, 8, 4, 9], [5, 10, 6, 11], [7, 16, 8, 17], [9, 4, 10, 5], [11, 15, 12, 14]]"
12a_0667_119,"[[11, 15, 12, 14], [13, 23, 14, 22], [15, 6, 16, 7], [17, 1, 18, 24], [19, 3, 20, 2], [21, 13, 22, 12], [23, 21, 24, 20], [1, 19, 2, 18], [3, 8, 4, 9], [5, 10, 6, 11], [7, 16, 8, 17], [9, 4, 10, 5]]"
12a_0667_120,"[[10, 5, 11, 6], [12, 16, 13, 15], [14, 24, 15, 23], [16, 7, 17, 8], [18, 2, 19, 1], [20, 4, 21, 3], [22, 14, 23, 13], [24, 22, 1, 21], [2, 20, 3, 19], [4, 9, 5, 10], [6, 11, 7, 12], [8, 17, 9, 18]]"
12a_0667_121,"[[8, 17, 9, 18], [10, 5, 11, 6], [12, 16, 13, 15], [14, 24, 15, 23], [16, 7, 17, 8], [18, 2, 19, 1], [20, 4, 21, 3], [22, 14, 23, 13], [24, 22, 1, 21], [2, 20, 3, 19], [4, 9, 5, 10], [6, 11, 7, 12]]"
12a_0667_122,"[[6, 11, 7, 12], [8, 17, 9, 18], [10, 5, 11, 6], [12, 16, 13, 15], [14, 24, 15, 23], [16, 7, 17, 8], [18, 2, 19, 1], [20, 4, 21, 3], [22, 14, 23, 13], [24, 22, 1, 21], [2, 20, 3, 19], [4, 9, 5, 10]]"
12a_0667_123,"[[4, 9, 5, 10], [6, 11, 7, 12], [8, 17, 9, 18], [10, 5, 11, 6], [12, 16, 13, 15], [14, 24, 15, 23], [16, 7, 17, 8], [18, 2, 19, 1], [20, 4, 21, 3], [22, 14, 23, 13], [24, 22, 1, 21], [2, 20, 3, 19]]"
12a_0667_124,"[[2, 20, 3, 19], [4, 9, 5, 10], [6, 11, 7, 12], [8, 17, 9, 18], [10, 5, 11, 6], [12, 16, 13, 15], [14, 24, 15, 23], [16, 7, 17, 8], [18, 2, 19, 1], [20, 4, 21, 3], [22, 14, 23, 13], [24, 22, 1, 21]]"
12a_0667_125,"[[24, 22, 1, 21], [2, 20, 3, 19], [4, 9, 5, 10], [6, 11, 7, 12], [8, 17, 9, 18], [10, 5, 11, 6], [12, 16, 13, 15], [14, 24, 15, 23], [16, 7, 17, 8], [18, 2, 19, 1], [20, 4, 21, 3], [22, 14, 23, 13]]"
12a_0667_126,"[[22, 14, 23, 13], [24, 22, 1, 21], [2, 20, 3, 19], [4, 9, 5, 10], [6, 11, 7, 12], [8, 17, 9, 18], [10, 5, 11, 6], [12, 16, 13, 15], [14, 24, 15, 23], [16, 7, 17, 8], [18, 2, 19, 1], [20, 4, 21, 3]]"
12a_0667_127,"[[20, 4, 21, 3], [22, 14, 23, 13], [24, 22, 1, 21], [2, 20, 3, 19], [4, 9, 5, 10], [6, 11, 7, 12], [8, 17, 9, 18], [10, 5, 11, 6], [12, 16, 13, 15], [14, 24, 15, 23], [16, 7, 17, 8], [18, 2, 19, 1]]"
12a_0667_128,"[[18, 2, 19, 1], [20, 4, 21, 3], [22, 14, 23, 13], [24, 22, 1, 21], [2, 20, 3, 19], [4, 9, 5, 10], [6, 11, 7, 12], [8, 17, 9, 18], [10, 5, 11, 6], [12, 16, 13, 15], [14, 24, 15, 23], [16, 7, 17, 8]]"
12a_0667_129,"[[16, 7, 17, 8], [18, 2, 19, 1], [20, 4, 21, 3], [22, 14, 23, 13], [24, 22, 1, 21], [2, 20, 3, 19], [4, 9, 5, 10], [6, 11, 7, 12], [8, 17, 9, 18], [10, 5, 11, 6], [12, 16, 13, 15], [14, 24, 15, 23]]"
12a_0667_130,"[[14, 24, 15, 23], [16, 7, 17, 8], [18, 2, 19, 1], [20, 4, 21, 3], [22, 14, 23, 13], [24, 22, 1, 21], [2, 20, 3, 19], [4, 9, 5, 10], [6, 11, 7, 12], [8, 17, 9, 18], [10, 5, 11, 6], [12, 16, 13, 15]]"
12a_0667_131,"[[12, 16, 13, 15], [14, 24, 15, 23], [16, 7, 17, 8], [18, 2, 19, 1], [20, 4, 21, 3], [22, 14, 23, 13], [24, 22, 1, 21], [2, 20, 3, 19], [4, 9, 5, 10], [6, 11, 7, 12], [8, 17, 9, 18], [10, 5, 11, 6]]"
12a_0667_132,"[[11, 6, 12, 7], [13, 17, 14, 16], [15, 1, 16, 24], [17, 8, 18, 9], [19, 3, 20, 2], [21, 5, 22, 4], [23, 15, 24, 14], [1, 23, 2, 22], [3, 21, 4, 20], [5, 10, 6, 11], [7, 12, 8, 13], [9, 18, 10, 19]]"
12a_0667_133,"[[9, 18, 10, 19], [11, 6, 12, 7], [13, 17, 14, 16], [15, 1, 16, 24], [17, 8, 18, 9], [19, 3, 20, 2], [21, 5, 22, 4], [23, 15, 24, 14], [1, 23, 2, 22], [3, 21, 4, 20], [5, 10, 6, 11], [7, 12, 8, 13]]"
12a_0667_134,"[[7, 12, 8, 13], [9, 18, 10, 19], [11, 6, 12, 7], [13, 17, 14, 16], [15, 1, 16, 24], [17, 8, 18, 9], [19, 3, 20, 2], [21, 5, 22, 4], [23, 15, 24, 14], [1, 23, 2, 22], [3, 21, 4, 20], [5, 10, 6, 11]]"
12a_0667_135,"[[5, 10, 6, 11], [7, 12, 8, 13], [9, 18, 10, 19], [11, 6, 12, 7], [13, 17, 14, 16], [15, 1, 16, 24], [17, 8, 18, 9], [19, 3, 20, 2], [21, 5, 22, 4], [23, 15, 24, 14], [1, 23, 2, 22], [3, 21, 4, 20]]"
12a_0667_136,"[[3, 21, 4, 20], [5, 10, 6, 11], [7, 12, 8, 13], [9, 18, 10, 19], [11, 6, 12, 7], [13, 17, 14, 16], [15, 1, 16, 24], [17, 8, 18, 9], [19, 3, 20, 2], [21, 5, 22, 4], [23, 15, 24, 14], [1, 23, 2, 22]]"
12a_0667_137,"[[1, 23, 2, 22], [3, 21, 4, 20], [5, 10, 6, 11], [7, 12, 8, 13], [9, 18, 10, 19], [11, 6, 12, 7], [13, 17, 14, 16], [15, 1, 16, 24], [17, 8, 18, 9], [19, 3, 20, 2], [21, 5, 22, 4], [23, 15, 24, 14]]"
12a_0667_138,"[[23, 15, 24, 14], [1, 23, 2, 22], [3, 21, 4, 20], [5, 10, 6, 11], [7, 12, 8, 13], [9, 18, 10, 19], [11, 6, 12, 7], [13, 17, 14, 16], [15, 1, 16, 24], [17, 8, 18, 9], [19, 3, 20, 2], [21, 5, 22, 4]]"
12a_0667_139,"[[21, 5, 22, 4], [23, 15, 24, 14], [1, 23, 2, 22], [3, 21, 4, 20], [5, 10, 6, 11], [7, 12, 8, 13], [9, 18, 10, 19], [11, 6, 12, 7], [13, 17, 14, 16], [15, 1, 16, 24], [17, 8, 18, 9], [19, 3, 20, 2]]"
12a_0667_140,"[[19, 3, 20, 2], [21, 5, 22, 4], [23, 15, 24, 14], [1, 23, 2, 22], [3, 21, 4, 20], [5, 10, 6, 11], [7, 12, 8, 13], [9, 18, 10, 19], [11, 6, 12, 7], [13, 17, 14, 16], [15, 1, 16, 24], [17, 8, 18, 9]]"
12a_0667_141,"[[17, 8, 18, 9], [19, 3, 20, 2], [21, 5, 22, 4], [23, 15, 24, 14], [1, 23, 2, 22], [3, 21, 4, 20], [5, 10, 6, 11], [7, 12, 8, 13], [9, 18, 10, 19], [11, 6, 12, 7], [13, 17, 14, 16], [15, 1, 16, 24]]"
12a_0667_142,"[[15, 1, 16, 24], [17, 8, 18, 9], [19, 3, 20, 2], [21, 5, 22, 4], [23, 15, 24, 14], [1, 23, 2, 22], [3, 21, 4, 20], [5, 10, 6, 11], [7, 12, 8, 13], [9, 18, 10, 19], [11, 6, 12, 7], [13, 17, 14, 16]]"
12a_0667_143,"[[13, 17, 14, 16], [15, 1, 16, 24], [17, 8, 18, 9], [19, 3, 20, 2], [21, 5, 22, 4], [23, 15, 24, 14], [1, 23, 2, 22], [3, 21, 4, 20], [5, 10, 6, 11], [7, 12, 8, 13], [9, 18, 10, 19], [11, 6, 12, 7]]"
12a_0667_144,"[[12, 7, 13, 8], [14, 18, 15, 17], [16, 2, 17, 1], [18, 9, 19, 10], [20, 4, 21, 3], [22, 6, 23, 5], [24, 16, 1, 15], [2, 24, 3, 23], [4, 22, 5, 21], [6, 11, 7, 12], [8, 13, 9, 14], [10, 19, 11, 20]]"
12a_0667_145,"[[10, 19, 11, 20], [12, 7, 13, 8], [14, 18, 15, 17], [16, 2, 17, 1], [18, 9, 19, 10], [20, 4, 21, 3], [22, 6, 23, 5], [24, 16, 1, 15], [2, 24, 3, 23], [4, 22, 5, 21], [6, 11, 7, 12], [8, 13, 9, 14]]"
12a_0667_146,"[[8, 13, 9, 14], [10, 19, 11, 20], [12, 7, 13, 8], [14, 18, 15, 17], [16, 2, 17, 1], [18, 9, 19, 10], [20, 4, 21, 3], [22, 6, 23, 5], [24, 16, 1, 15], [2, 24, 3, 23], [4, 22, 5, 21], [6, 11, 7, 12]]"
12a_0667_147,"[[6, 11, 7, 12], [8, 13, 9, 14], [10, 19, 11, 20], [12, 7, 13, 8], [14, 18, 15, 17], [16, 2, 17, 1], [18, 9, 19, 10], [20, 4, 21, 3], [22, 6, 23, 5], [24, 16, 1, 15], [2, 24, 3, 23], [4, 22, 5, 21]]"
12a_0667_148,"[[4, 22, 5, 21], [6, 11, 7, 12], [8, 13, 9, 14], [10, 19, 11, 20], [12, 7, 13, 8], [14, 18, 15, 17], [16, 2, 17, 1], [18, 9, 19, 10], [20, 4, 21, 3], [22, 6, 23, 5], [24, 16, 1, 15], [2, 24, 3, 23]]"
12a_0667_149,"[[2, 24, 3, 23], [4, 22, 5, 21], [6, 11, 7, 12], [8, 13, 9, 14], [10, 19, 11, 20], [12, 7, 13, 8], [14, 18, 15, 17], [16, 2, 17, 1], [18, 9, 19, 10], [20, 4, 21, 3], [22, 6, 23, 5], [24, 16, 1, 15]]"
12a_0667_150,"[[24, 16, 1, 15], [2, 24, 3, 23], [4, 22, 5, 21], [6, 11, 7, 12], [8, 13, 9, 14], [10, 19, 11, 20], [12, 7, 13, 8], [14, 18, 15, 17], [16, 2, 17, 1], [18, 9, 19, 10], [20, 4, 21, 3], [22, 6, 23, 5]]"
12a_0667_151,"[[22, 6, 23, 5], [24, 16, 1, 15], [2, 24, 3, 23], [4, 22, 5, 21], [6, 11, 7, 12], [8, 13, 9, 14], [10, 19, 11, 20], [12, 7, 13, 8], [14, 18, 15, 17], [16, 2, 17, 1], [18, 9, 19, 10], [20, 4, 21, 3]]"
12a_0667_152,"[[20, 4, 21, 3], [22, 6, 23, 5], [24, 16, 1, 15], [2, 24, 3, 23], [4, 22, 5, 21], [6, 11, 7, 12], [8, 13, 9, 14], [10, 19, 11, 20], [12, 7, 13, 8], [14, 18, 15, 17], [16, 2, 17, 1], [18, 9, 19, 10]]"
12a_0667_153,"[[18, 9, 19, 10], [20, 4, 21, 3], [22, 6, 23, 5], [24, 16, 1, 15], [2, 24, 3, 23], [4, 22, 5, 21], [6, 11, 7, 12], [8, 13, 9, 14], [10, 19, 11, 20], [12, 7, 13, 8], [14, 18, 15, 17], [16, 2, 17, 1]]"
12a_0667_154,"[[16, 2, 17, 1], [18, 9, 19, 10], [20, 4, 21, 3], [22, 6, 23, 5], [24, 16, 1, 15], [2, 24, 3, 23], [4, 22, 5, 21], [6, 11, 7, 12], [8, 13, 9, 14], [10, 19, 11, 20], [12, 7, 13, 8], [14, 18, 15, 17]]"
12a_0667_155,"[[14, 18, 15, 17], [16, 2, 17, 1], [18, 9, 19, 10], [20, 4, 21, 3], [22, 6, 23, 5], [24, 16, 1, 15], [2, 24, 3, 23], [4, 22, 5, 21], [6, 11, 7, 12], [8, 13, 9, 14], [10, 19, 11, 20], [12, 7, 13, 8]]"
12a_0667_156,"[[13, 8, 14, 9], [15, 19, 16, 18], [17, 3, 18, 2], [19, 10, 20, 11], [21, 5, 22, 4], [23, 7, 24, 6], [1, 17, 2, 16], [3, 1, 4, 24], [5, 23, 6, 22], [7, 12, 8, 13], [9, 14, 10, 15], [11, 20, 12, 21]]"
12a_0667_157,"[[11, 20, 12, 21], [13, 8, 14, 9], [15, 19, 16, 18], [17, 3, 18, 2], [19, 10, 20, 11], [21, 5, 22, 4], [23, 7, 24, 6], [1, 17, 2, 16], [3, 1, 4, 24], [5, 23, 6, 22], [7, 12, 8, 13], [9, 14, 10, 15]]"
12a_0667_158,"[[9, 14, 10, 15], [11, 20, 12, 21], [13, 8, 14, 9], [15, 19, 16, 18], [17, 3, 18, 2], [19, 10, 20, 11], [21, 5, 22, 4], [23, 7, 24, 6], [1, 17, 2, 16], [3, 1, 4, 24], [5, 23, 6, 22], [7, 12, 8, 13]]"
12a_0667_159,"[[7, 12, 8, 13], [9, 14, 10, 15], [11, 20, 12, 21], [13, 8, 14, 9], [15, 19, 16, 18], [17, 3, 18, 2], [19, 10, 20, 11], [21, 5, 22, 4], [23, 7, 24, 6], [1, 17, 2, 16], [3, 1, 4, 24], [5, 23, 6, 22]]"
12a_0667_160,"[[5, 23, 6, 22], [7, 12, 8, 13], [9, 14, 10, 15], [11, 20, 12, 21], [13, 8, 14, 9], [15, 19, 16, 18], [17, 3, 18, 2], [19, 10, 20, 11], [21, 5, 22, 4], [23, 7, 24, 6], [1, 17, 2, 16], [3, 1, 4, 24]]"
12a_0667_161,"[[3, 1, 4, 24], [5, 23, 6, 22], [7, 12, 8, 13], [9, 14, 10, 15], [11, 20, 12, 21], [13, 8, 14, 9], [15, 19, 16, 18], [17, 3, 18, 2], [19, 10, 20, 11], [21, 5, 22, 4], [23, 7, 24, 6], [1, 17, 2, 16]]"
12a_0667_162,"[[1, 17, 2, 16], [3, 1, 4, 24], [5, 23, 6, 22], [7, 12, 8, 13], [9, 14, 10, 15], [11, 20, 12, 21], [13, 8, 14, 9], [15, 19, 16, 18], [17, 3, 18, 2], [19, 10, 20, 11], [21, 5, 22, 4], [23, 7, 24, 6]]"
12a_0667_163,"[[23, 7, 24, 6], [1, 17, 2, 16], [3, 1, 4, 24], [5, 23, 6, 22], [7, 12, 8, 13], [9, 14, 10, 15], [11, 20, 12, 21], [13, 8, 14, 9], [15, 19, 16, 18], [17, 3, 18, 2], [19, 10, 20, 11], [21, 5, 22, 4]]"
12a_0667_164,"[[21, 5, 22, 4], [23, 7, 24, 6], [1, 17, 2, 16], [3, 1, 4, 24], [5, 23, 6, 22], [7, 12, 8, 13], [9, 14, 10, 15], [11, 20, 12, 21], [13, 8, 14, 9], [15, 19, 16, 18], [17, 3, 18, 2], [19, 10, 20, 11]]"
12a_0667_165,"[[19, 10, 20, 11], [21, 5, 22, 4], [23, 7, 24, 6], [1, 17, 2, 16], [3, 1, 4, 24], [5, 23, 6, 22], [7, 12, 8, 13], [9, 14, 10, 15], [11, 20, 12, 21], [13, 8, 14, 9], [15, 19, 16, 18], [17, 3, 18, 2]]"
12a_0667_166,"[[17, 3, 18, 2], [19, 10, 20, 11], [21, 5, 22, 4], [23, 7, 24, 6], [1, 17, 2, 16], [3, 1, 4, 24], [5, 23, 6, 22], [7, 12, 8, 13], [9, 14, 10, 15], [11, 20, 12, 21], [13, 8, 14, 9], [15, 19, 16, 18]]"
12a_0667_167,"[[15, 19, 16, 18], [17, 3, 18, 2], [19, 10, 20, 11], [21, 5, 22, 4], [23, 7, 24, 6], [1, 17, 2, 16], [3, 1, 4, 24], [5, 23, 6, 22], [7, 12, 8, 13], [9, 14, 10, 15], [11, 20, 12, 21], [13, 8, 14, 9]]"
12a_0667_168,"[[14, 9, 15, 10], [16, 20, 17, 19], [18, 4, 19, 3], [20, 11, 21, 12], [22, 6, 23, 5], [24, 8, 1, 7], [2, 18, 3, 17], [4, 2, 5, 1], [6, 24, 7, 23], [8, 13, 9, 14], [10, 15, 11, 16], [12, 21, 13, 22]]"
12a_0667_169,"[[12, 21, 13, 22], [14, 9, 15, 10], [16, 20, 17, 19], [18, 4, 19, 3], [20, 11, 21, 12], [22, 6, 23, 5], [24, 8, 1, 7], [2, 18, 3, 17], [4, 2, 5, 1], [6, 24, 7, 23], [8, 13, 9, 14], [10, 15, 11, 16]]"
12a_0667_170,"[[10, 15, 11, 16], [12, 21, 13, 22], [14, 9, 15, 10], [16, 20, 17, 19], [18, 4, 19, 3], [20, 11, 21, 12], [22, 6, 23, 5], [24, 8, 1, 7], [2, 18, 3, 17], [4, 2, 5, 1], [6, 24, 7, 23], [8, 13, 9, 14]]"
12a_0667_171,"[[8, 13, 9, 14], [10, 15, 11, 16], [12, 21, 13, 22], [14, 9, 15, 10], [16, 20, 17, 19], [18, 4, 19, 3], [20, 11, 21, 12], [22, 6, 23, 5], [24, 8, 1, 7], [2, 18, 3, 17], [4, 2, 5, 1], [6, 24, 7, 23]]"
12a_0667_172,"[[6, 24, 7, 23], [8, 13, 9, 14], [10, 15, 11, 16], [12, 21, 13, 22], [14, 9, 15, 10], [16, 20, 17, 19], [18, 4, 19, 3], [20, 11, 21, 12], [22, 6, 23, 5], [24, 8, 1, 7], [2, 18, 3, 17], [4, 2, 5, 1]]"
12a_0667_173,"[[4, 2, 5, 1], [6, 24, 7, 23], [8, 13, 9, 14], [10, 15, 11, 16], [12, 21, 13, 22], [14, 9, 15, 10], [16, 20, 17, 19], [18, 4, 19, 3], [20, 11, 21, 12], [22, 6, 23, 5], [24, 8, 1, 7], [2, 18, 3, 17]]"
12a_0667_174,"[[2, 18, 3, 17], [4, 2, 5, 1], [6, 24, 7, 23], [8, 13, 9, 14], [10, 15, 11, 16], [12, 21, 13, 22], [14, 9, 15, 10], [16, 20, 17, 19], [18, 4, 19, 3], [20, 11, 21, 12], [22, 6, 23, 5], [24, 8, 1, 7]]"
12a_0667_175,"[[24, 8, 1, 7], [2, 18, 3, 17], [4, 2, 5, 1], [6, 24, 7, 23], [8, 13, 9, 14], [10, 15, 11, 16], [12, 21, 13, 22], [14, 9, 15, 10], [16, 20, 17, 19], [18, 4, 19, 3], [20, 11, 21, 12], [22, 6, 23, 5]]"
12a_0667_176,"[[22, 6, 23, 5], [24, 8, 1, 7], [2, 18, 3, 17], [4, 2, 5, 1], [6, 24, 7, 23], [8, 13, 9, 14], [10, 15, 11, 16], [12, 21, 13, 22], [14, 9, 15, 10], [16, 20, 17, 19], [18, 4, 19, 3], [20, 11, 21, 12]]"
12a_0667_177,"[[20, 11, 21, 12], [22, 6, 23, 5], [24, 8, 1, 7], [2, 18, 3, 17], [4, 2, 5, 1], [6, 24, 7, 23], [8, 13, 9, 14], [10, 15, 11, 16], [12, 21, 13, 22], [14, 9, 15, 10], [16, 20, 17, 19], [18, 4, 19, 3]]"
12a_0667_178,"[[18, 4, 19, 3], [20, 11, 21, 12], [22, 6, 23, 5], [24, 8, 1, 7], [2, 18, 3, 17], [4, 2, 5, 1], [6, 24, 7, 23], [8, 13, 9, 14], [10, 15, 11, 16], [12, 21, 13, 22], [14, 9, 15, 10], [16, 20, 17, 19]]"
12a_0667_179,"[[16, 20, 17, 19], [18, 4, 19, 3], [20, 11, 21, 12], [22, 6, 23, 5], [24, 8, 1, 7], [2, 18, 3, 17], [4, 2, 5, 1], [6, 24, 7, 23], [8, 13, 9, 14], [10, 15, 11, 16], [12, 21, 13, 22], [14, 9, 15, 10]]"
12a_0667_180,"[[15, 10, 16, 11], [17, 21, 18, 20], [19, 5, 20, 4], [21, 12, 22, 13], [23, 7, 24, 6], [1, 9, 2, 8], [3, 19, 4, 18], [5, 3, 6, 2], [7, 1, 8, 24], [9, 14, 10, 15], [11, 16, 12, 17], [13, 22, 14, 23]]"
12a_0667_181,"[[13, 22, 14, 23], [15, 10, 16, 11], [17, 21, 18, 20], [19, 5, 20, 4], [21, 12, 22, 13], [23, 7, 24, 6], [1, 9, 2, 8], [3, 19, 4, 18], [5, 3, 6, 2], [7, 1, 8, 24], [9, 14, 10, 15], [11, 16, 12, 17]]"
12a_0667_182,"[[11, 16, 12, 17], [13, 22, 14, 23], [15, 10, 16, 11], [17, 21, 18, 20], [19, 5, 20, 4], [21, 12, 22, 13], [23, 7, 24, 6], [1, 9, 2, 8], [3, 19, 4, 18], [5, 3, 6, 2], [7, 1, 8, 24], [9, 14, 10, 15]]"
12a_0667_183,"[[9, 14, 10, 15], [11, 16, 12, 17], [13, 22, 14, 23], [15, 10, 16, 11], [17, 21, 18, 20], [19, 5, 20, 4], [21, 12, 22, 13], [23, 7, 24, 6], [1, 9, 2, 8], [3, 19, 4, 18], [5, 3, 6, 2], [7, 1, 8, 24]]"
12a_0667_184,"[[7, 1, 8, 24], [9, 14, 10, 15], [11, 16, 12, 17], [13, 22, 14, 23], [15, 10, 16, 11], [17, 21, 18, 20], [19, 5, 20, 4], [21, 12, 22, 13], [23, 7, 24, 6], [1, 9, 2, 8], [3, 19, 4, 18], [5, 3, 6, 2]]"
12a_0667_185,"[[5, 3, 6, 2], [7, 1, 8, 24], [9, 14, 10, 15], [11, 16, 12, 17], [13, 22, 14, 23], [15, 10, 16, 11], [17, 21, 18, 20], [19, 5, 20, 4], [21, 12, 22, 13], [23, 7, 24, 6], [1, 9, 2, 8], [3, 19, 4, 18]]"
