name,pd_notation
12a_0634_0,"[[24, 15, 1, 16], [2, 6, 3, 5], [4, 14, 5, 13], [6, 19, 7, 20], [8, 17, 9, 18], [10, 21, 11, 22], [12, 4, 13, 3], [14, 23, 15, 24], [16, 1, 17, 2], [18, 7, 19, 8], [20, 11, 21, 12], [22, 9, 23, 10]]"
12a_0634_1,"[[22, 9, 23, 10], [24, 15, 1, 16], [2, 6, 3, 5], [4, 14, 5, 13], [6, 19, 7, 20], [8, 17, 9, 18], [10, 21, 11, 22], [12, 4, 13, 3], [14, 23, 15, 24], [16, 1, 17, 2], [18, 7, 19, 8], [20, 11, 21, 12]]"
12a_0634_2,"[[20, 11, 21, 12], [22, 9, 23, 10], [24, 15, 1, 16], [2, 6, 3, 5], [4, 14, 5, 13], [6, 19, 7, 20], [8, 17, 9, 18], [10, 21, 11, 22], [12, 4, 13, 3], [14, 23, 15, 24], [16, 1, 17, 2], [18, 7, 19, 8]]"
12a_0634_3,"[[18, 7, 19, 8], [20, 11, 21, 12], [22, 9, 23, 10], [24, 15, 1, 16], [2, 6, 3, 5], [4, 14, 5, 13], [6, 19, 7, 20], [8, 17, 9, 18], [10, 21, 11, 22], [12, 4, 13, 3], [14, 23, 15, 24], [16, 1, 17, 2]]"
12a_0634_4,"[[16, 1, 17, 2], [18, 7, 19, 8], [20, 11, 21, 12], [22, 9, 23, 10], [24, 15, 1, 16], [2, 6, 3, 5], [4, 14, 5, 13], [6, 19, 7, 20], [8, 17, 9, 18], [10, 21, 11, 22], [12, 4, 13, 3], [14, 23, 15, 24]]"
12a_0634_5,"[[14, 23, 15, 24], [16, 1, 17, 2], [18, 7, 19, 8], [20, 11, 21, 12], [22, 9, 23, 10], [24, 15, 1, 16], [2, 6, 3, 5], [4, 14, 5, 13], [6, 19, 7, 20], [8, 17, 9, 18], [10, 21, 11, 22], [12, 4, 13, 3]]"
12a_0634_6,"[[12, 4, 13, 3], [14, 23, 15, 24], [16, 1, 17, 2], [18, 7, 19, 8], [20, 11, 21, 12], [22, 9, 23, 10], [24, 15, 1, 16], [2, 6, 3, 5], [4, 14, 5, 13], [6, 19, 7, 20], [8, 17, 9, 18], [10, 21, 11, 22]]"
12a_0634_7,"[[10, 21, 11, 22], [12, 4, 13, 3], [14, 23, 15, 24], [16, 1, 17, 2], [18, 7, 19, 8], [20, 11, 21, 12], [22, 9, 23, 10], [24, 15, 1, 16], [2, 6, 3, 5], [4, 14, 5, 13], [6, 19, 7, 20], [8, 17, 9, 18]]"
12a_0634_8,"[[8, 17, 9, 18], [10, 21, 11, 22], [12, 4, 13, 3], [14, 23, 15, 24], [16, 1, 17, 2], [18, 7, 19, 8], [20, 11, 21, 12], [22, 9, 23, 10], [24, 15, 1, 16], [2, 6, 3, 5], [4, 14, 5, 13], [6, 19, 7, 20]]"
12a_0634_9,"[[6, 19, 7, 20], [8, 17, 9, 18], [10, 21, 11, 22], [12, 4, 13, 3], [14, 23, 15, 24], [16, 1, 17, 2], [18, 7, 19, 8], [20, 11, 21, 12], [22, 9, 23, 10], [24, 15, 1, 16], [2, 6, 3, 5], [4, 14, 5, 13]]"
12a_0634_10,"[[4, 14, 5, 13], [6, 19, 7, 20], [8, 17, 9, 18], [10, 21, 11, 22], [12, 4, 13, 3], [14, 23, 15, 24], [16, 1, 17, 2], [18, 7, 19, 8], [20, 11, 21, 12], [22, 9, 23, 10], [24, 15, 1, 16], [2, 6, 3, 5]]"
12a_0634_11,"[[2, 6, 3, 5], [4, 14, 5, 13], [6, 19, 7, 20], [8, 17, 9, 18], [10, 21, 11, 22], [12, 4, 13, 3], [14, 23, 15, 24], [16, 1, 17, 2], [18, 7, 19, 8], [20, 11, 21, 12], [22, 9, 23, 10], [24, 15, 1, 16]]"
12a_0634_12,"[[1, 16, 2, 17], [3, 7, 4, 6], [5, 15, 6, 14], [7, 20, 8, 21], [9, 18, 10, 19], [11, 22, 12, 23], [13, 5, 14, 4], [15, 24, 16, 1], [17, 2, 18, 3], [19, 8, 20, 9], [21, 12, 22, 13], [23, 10, 24, 11]]"
12a_0634_13,"[[23, 10, 24, 11], [1, 16, 2, 17], [3, 7, 4, 6], [5, 15, 6, 14], [7, 20, 8, 21], [9, 18, 10, 19], [11, 22, 12, 23], [13, 5, 14, 4], [15, 24, 16, 1], [17, 2, 18, 3], [19, 8, 20, 9], [21, 12, 22, 13]]"
12a_0634_14,"[[21, 12, 22, 13], [23, 10, 24, 11], [1, 16, 2, 17], [3, 7, 4, 6], [5, 15, 6, 14], [7, 20, 8, 21], [9, 18, 10, 19], [11, 22, 12, 23], [13, 5, 14, 4], [15, 24, 16, 1], [17, 2, 18, 3], [19, 8, 20, 9]]"
12a_0634_15,"[[19, 8, 20, 9], [21, 12, 22, 13], [23, 10, 24, 11], [1, 16, 2, 17], [3, 7, 4, 6], [5, 15, 6, 14], [7, 20, 8, 21], [9, 18, 10, 19], [11, 22, 12, 23], [13, 5, 14, 4], [15, 24, 16, 1], [17, 2, 18, 3]]"
12a_0634_16,"[[17, 2, 18, 3], [19, 8, 20, 9], [21, 12, 22, 13], [23, 10, 24, 11], [1, 16, 2, 17], [3, 7, 4, 6], [5, 15, 6, 14], [7, 20, 8, 21], [9, 18, 10, 19], [11, 22, 12, 23], [13, 5, 14, 4], [15, 24, 16, 1]]"
12a_0634_17,"[[15, 24, 16, 1], [17, 2, 18, 3], [19, 8, 20, 9], [21, 12, 22, 13], [23, 10, 24, 11], [1, 16, 2, 17], [3, 7, 4, 6], [5, 15, 6, 14], [7, 20, 8, 21], [9, 18, 10, 19], [11, 22, 12, 23], [13, 5, 14, 4]]"
12a_0634_18,"[[13, 5, 14, 4], [15, 24, 16, 1], [17, 2, 18, 3], [19, 8, 20, 9], [21, 12, 22, 13], [23, 10, 24, 11], [1, 16, 2, 17], [3, 7, 4, 6], [5, 15, 6, 14], [7, 20, 8, 21], [9, 18, 10, 19], [11, 22, 12, 23]]"
12a_0634_19,"[[11, 22, 12, 23], [13, 5, 14, 4], [15, 24, 16, 1], [17, 2, 18, 3], [19, 8, 20, 9], [21, 12, 22, 13], [23, 10, 24, 11], [1, 16, 2, 17], [3, 7, 4, 6], [5, 15, 6, 14], [7, 20, 8, 21], [9, 18, 10, 19]]"
12a_0634_20,"[[9, 18, 10, 19], [11, 22, 12, 23], [13, 5, 14, 4], [15, 24, 16, 1], [17, 2, 18, 3], [19, 8, 20, 9], [21, 12, 22, 13], [23, 10, 24, 11], [1, 16, 2, 17], [3, 7, 4, 6], [5, 15, 6, 14], [7, 20, 8, 21]]"
12a_0634_21,"[[7, 20, 8, 21], [9, 18, 10, 19], [11, 22, 12, 23], [13, 5, 14, 4], [15, 24, 16, 1], [17, 2, 18, 3], [19, 8, 20, 9], [21, 12, 22, 13], [23, 10, 24, 11], [1, 16, 2, 17], [3, 7, 4, 6], [5, 15, 6, 14]]"
12a_0634_22,"[[5, 15, 6, 14], [7, 20, 8, 21], [9, 18, 10, 19], [11, 22, 12, 23], [13, 5, 14, 4], [15, 24, 16, 1], [17, 2, 18, 3], [19, 8, 20, 9], [21, 12, 22, 13], [23, 10, 24, 11], [1, 16, 2, 17], [3, 7, 4, 6]]"
12a_0634_23,"[[3, 7, 4, 6], [5, 15, 6, 14], [7, 20, 8, 21], [9, 18, 10, 19], [11, 22, 12, 23], [13, 5, 14, 4], [15, 24, 16, 1], [17, 2, 18, 3], [19, 8, 20, 9], [21, 12, 22, 13], [23, 10, 24, 11], [1, 16, 2, 17]]"
12a_0634_24,"[[2, 17, 3, 18], [4, 8, 5, 7], [6, 16, 7, 15], [8, 21, 9, 22], [10, 19, 11, 20], [12, 23, 13, 24], [14, 6, 15, 5], [16, 1, 17, 2], [18, 3, 19, 4], [20, 9, 21, 10], [22, 13, 23, 14], [24, 11, 1, 12]]"
12a_0634_25,"[[24, 11, 1, 12], [2, 17, 3, 18], [4, 8, 5, 7], [6, 16, 7, 15], [8, 21, 9, 22], [10, 19, 11, 20], [12, 23, 13, 24], [14, 6, 15, 5], [16, 1, 17, 2], [18, 3, 19, 4], [20, 9, 21, 10], [22, 13, 23, 14]]"
12a_0634_26,"[[22, 13, 23, 14], [24, 11, 1, 12], [2, 17, 3, 18], [4, 8, 5, 7], [6, 16, 7, 15], [8, 21, 9, 22], [10, 19, 11, 20], [12, 23, 13, 24], [14, 6, 15, 5], [16, 1, 17, 2], [18, 3, 19, 4], [20, 9, 21, 10]]"
12a_0634_27,"[[20, 9, 21, 10], [22, 13, 23, 14], [24, 11, 1, 12], [2, 17, 3, 18], [4, 8, 5, 7], [6, 16, 7, 15], [8, 21, 9, 22], [10, 19, 11, 20], [12, 23, 13, 24], [14, 6, 15, 5], [16, 1, 17, 2], [18, 3, 19, 4]]"
12a_0634_28,"[[18, 3, 19, 4], [20, 9, 21, 10], [22, 13, 23, 14], [24, 11, 1, 12], [2, 17, 3, 18], [4, 8, 5, 7], [6, 16, 7, 15], [8, 21, 9, 22], [10, 19, 11, 20], [12, 23, 13, 24], [14, 6, 15, 5], [16, 1, 17, 2]]"
12a_0634_29,"[[16, 1, 17, 2], [18, 3, 19, 4], [20, 9, 21, 10], [22, 13, 23, 14], [24, 11, 1, 12], [2, 17, 3, 18], [4, 8, 5, 7], [6, 16, 7, 15], [8, 21, 9, 22], [10, 19, 11, 20], [12, 23, 13, 24], [14, 6, 15, 5]]"
12a_0634_30,"[[14, 6, 15, 5], [16, 1, 17, 2], [18, 3, 19, 4], [20, 9, 21, 10], [22, 13, 23, 14], [24, 11, 1, 12], [2, 17, 3, 18], [4, 8, 5, 7], [6, 16, 7, 15], [8, 21, 9, 22], [10, 19, 11, 20], [12, 23, 13, 24]]"
12a_0634_31,"[[12, 23, 13, 24], [14, 6, 15, 5], [16, 1, 17, 2], [18, 3, 19, 4], [20, 9, 21, 10], [22, 13, 23, 14], [24, 11, 1, 12], [2, 17, 3, 18], [4, 8, 5, 7], [6, 16, 7, 15], [8, 21, 9, 22], [10, 19, 11, 20]]"
12a_0634_32,"[[10, 19, 11, 20], [12, 23, 13, 24], [14, 6, 15, 5], [16, 1, 17, 2], [18, 3, 19, 4], [20, 9, 21, 10], [22, 13, 23, 14], [24, 11, 1, 12], [2, 17, 3, 18], [4, 8, 5, 7], [6, 16, 7, 15], [8, 21, 9, 22]]"
12a_0634_33,"[[8, 21, 9, 22], [10, 19, 11, 20], [12, 23, 13, 24], [14, 6, 15, 5], [16, 1, 17, 2], [18, 3, 19, 4], [20, 9, 21, 10], [22, 13, 23, 14], [24, 11, 1, 12], [2, 17, 3, 18], [4, 8, 5, 7], [6, 16, 7, 15]]"
12a_0634_34,"[[6, 16, 7, 15], [8, 21, 9, 22], [10, 19, 11, 20], [12, 23, 13, 24], [14, 6, 15, 5], [16, 1, 17, 2], [18, 3, 19, 4], [20, 9, 21, 10], [22, 13, 23, 14], [24, 11, 1, 12], [2, 17, 3, 18], [4, 8, 5, 7]]"
12a_0634_35,"[[4, 8, 5, 7], [6, 16, 7, 15], [8, 21, 9, 22], [10, 19, 11, 20], [12, 23, 13, 24], [14, 6, 15, 5], [16, 1, 17, 2], [18, 3, 19, 4], [20, 9, 21, 10], [22, 13, 23, 14], [24, 11, 1, 12], [2, 17, 3, 18]]"
12a_0634_36,"[[3, 18, 4, 19], [5, 9, 6, 8], [7, 17, 8, 16], [9, 22, 10, 23], [11, 20, 12, 21], [13, 24, 14, 1], [15, 7, 16, 6], [17, 2, 18, 3], [19, 4, 20, 5], [21, 10, 22, 11], [23, 14, 24, 15], [1, 12, 2, 13]]"
12a_0634_37,"[[1, 12, 2, 13], [3, 18, 4, 19], [5, 9, 6, 8], [7, 17, 8, 16], [9, 22, 10, 23], [11, 20, 12, 21], [13, 24, 14, 1], [15, 7, 16, 6], [17, 2, 18, 3], [19, 4, 20, 5], [21, 10, 22, 11], [23, 14, 24, 15]]"
12a_0634_38,"[[23, 14, 24, 15], [1, 12, 2, 13], [3, 18, 4, 19], [5, 9, 6, 8], [7, 17, 8, 16], [9, 22, 10, 23], [11, 20, 12, 21], [13, 24, 14, 1], [15, 7, 16, 6], [17, 2, 18, 3], [19, 4, 20, 5], [21, 10, 22, 11]]"
12a_0634_39,"[[21, 10, 22, 11], [23, 14, 24, 15], [1, 12, 2, 13], [3, 18, 4, 19], [5, 9, 6, 8], [7, 17, 8, 16], [9, 22, 10, 23], [11, 20, 12, 21], [13, 24, 14, 1], [15, 7, 16, 6], [17, 2, 18, 3], [19, 4, 20, 5]]"
12a_0634_40,"[[19, 4, 20, 5], [21, 10, 22, 11], [23, 14, 24, 15], [1, 12, 2, 13], [3, 18, 4, 19], [5, 9, 6, 8], [7, 17, 8, 16], [9, 22, 10, 23], [11, 20, 12, 21], [13, 24, 14, 1], [15, 7, 16, 6], [17, 2, 18, 3]]"
12a_0634_41,"[[17, 2, 18, 3], [19, 4, 20, 5], [21, 10, 22, 11], [23, 14, 24, 15], [1, 12, 2, 13], [3, 18, 4, 19], [5, 9, 6, 8], [7, 17, 8, 16], [9, 22, 10, 23], [11, 20, 12, 21], [13, 24, 14, 1], [15, 7, 16, 6]]"
12a_0634_42,"[[15, 7, 16, 6], [17, 2, 18, 3], [19, 4, 20, 5], [21, 10, 22, 11], [23, 14, 24, 15], [1, 12, 2, 13], [3, 18, 4, 19], [5, 9, 6, 8], [7, 17, 8, 16], [9, 22, 10, 23], [11, 20, 12, 21], [13, 24, 14, 1]]"
12a_0634_43,"[[13, 24, 14, 1], [15, 7, 16, 6], [17, 2, 18, 3], [19, 4, 20, 5], [21, 10, 22, 11], [23, 14, 24, 15], [1, 12, 2, 13], [3, 18, 4, 19], [5, 9, 6, 8], [7, 17, 8, 16], [9, 22, 10, 23], [11, 20, 12, 21]]"
12a_0634_44,"[[11, 20, 12, 21], [13, 24, 14, 1], [15, 7, 16, 6], [17, 2, 18, 3], [19, 4, 20, 5], [21, 10, 22, 11], [23, 14, 24, 15], [1, 12, 2, 13], [3, 18, 4, 19], [5, 9, 6, 8], [7, 17, 8, 16], [9, 22, 10, 23]]"
12a_0634_45,"[[9, 22, 10, 23], [11, 20, 12, 21], [13, 24, 14, 1], [15, 7, 16, 6], [17, 2, 18, 3], [19, 4, 20, 5], [21, 10, 22, 11], [23, 14, 24, 15], [1, 12, 2, 13], [3, 18, 4, 19], [5, 9, 6, 8], [7, 17, 8, 16]]"
12a_0634_46,"[[7, 17, 8, 16], [9, 22, 10, 23], [11, 20, 12, 21], [13, 24, 14, 1], [15, 7, 16, 6], [17, 2, 18, 3], [19, 4, 20, 5], [21, 10, 22, 11], [23, 14, 24, 15], [1, 12, 2, 13], [3, 18, 4, 19], [5, 9, 6, 8]]"
12a_0634_47,"[[5, 9, 6, 8], [7, 17, 8, 16], [9, 22, 10, 23], [11, 20, 12, 21], [13, 24, 14, 1], [15, 7, 16, 6], [17, 2, 18, 3], [19, 4, 20, 5], [21, 10, 22, 11], [23, 14, 24, 15], [1, 12, 2, 13], [3, 18, 4, 19]]"
12a_0634_48,"[[4, 19, 5, 20], [6, 10, 7, 9], [8, 18, 9, 17], [10, 23, 11, 24], [12, 21, 13, 22], [14, 1, 15, 2], [16, 8, 17, 7], [18, 3, 19, 4], [20, 5, 21, 6], [22, 11, 23, 12], [24, 15, 1, 16], [2, 13, 3, 14]]"
12a_0634_49,"[[2, 13, 3, 14], [4, 19, 5, 20], [6, 10, 7, 9], [8, 18, 9, 17], [10, 23, 11, 24], [12, 21, 13, 22], [14, 1, 15, 2], [16, 8, 17, 7], [18, 3, 19, 4], [20, 5, 21, 6], [22, 11, 23, 12], [24, 15, 1, 16]]"
12a_0634_50,"[[24, 15, 1, 16], [2, 13, 3, 14], [4, 19, 5, 20], [6, 10, 7, 9], [8, 18, 9, 17], [10, 23, 11, 24], [12, 21, 13, 22], [14, 1, 15, 2], [16, 8, 17, 7], [18, 3, 19, 4], [20, 5, 21, 6], [22, 11, 23, 12]]"
12a_0634_51,"[[22, 11, 23, 12], [24, 15, 1, 16], [2, 13, 3, 14], [4, 19, 5, 20], [6, 10, 7, 9], [8, 18, 9, 17], [10, 23, 11, 24], [12, 21, 13, 22], [14, 1, 15, 2], [16, 8, 17, 7], [18, 3, 19, 4], [20, 5, 21, 6]]"
12a_0634_52,"[[20, 5, 21, 6], [22, 11, 23, 12], [24, 15, 1, 16], [2, 13, 3, 14], [4, 19, 5, 20], [6, 10, 7, 9], [8, 18, 9, 17], [10, 23, 11, 24], [12, 21, 13, 22], [14, 1, 15, 2], [16, 8, 17, 7], [18, 3, 19, 4]]"
12a_0634_53,"[[18, 3, 19, 4], [20, 5, 21, 6], [22, 11, 23, 12], [24, 15, 1, 16], [2, 13, 3, 14], [4, 19, 5, 20], [6, 10, 7, 9], [8, 18, 9, 17], [10, 23, 11, 24], [12, 21, 13, 22], [14, 1, 15, 2], [16, 8, 17, 7]]"
12a_0634_54,"[[16, 8, 17, 7], [18, 3, 19, 4], [20, 5, 21, 6], [22, 11, 23, 12], [24, 15, 1, 16], [2, 13, 3, 14], [4, 19, 5, 20], [6, 10, 7, 9], [8, 18, 9, 17], [10, 23, 11, 24], [12, 21, 13, 22], [14, 1, 15, 2]]"
12a_0634_55,"[[14, 1, 15, 2], [16, 8, 17, 7], [18, 3, 19, 4], [20, 5, 21, 6], [22, 11, 23, 12], [24, 15, 1, 16], [2, 13, 3, 14], [4, 19, 5, 20], [6, 10, 7, 9], [8, 18, 9, 17], [10, 23, 11, 24], [12, 21, 13, 22]]"
12a_0634_56,"[[12, 21, 13, 22], [14, 1, 15, 2], [16, 8, 17, 7], [18, 3, 19, 4], [20, 5, 21, 6], [22, 11, 23, 12], [24, 15, 1, 16], [2, 13, 3, 14], [4, 19, 5, 20], [6, 10, 7, 9], [8, 18, 9, 17], [10, 23, 11, 24]]"
12a_0634_57,"[[10, 23, 11, 24], [12, 21, 13, 22], [14, 1, 15, 2], [16, 8, 17, 7], [18, 3, 19, 4], [20, 5, 21, 6], [22, 11, 23, 12], [24, 15, 1, 16], [2, 13, 3, 14], [4, 19, 5, 20], [6, 10, 7, 9], [8, 18, 9, 17]]"
12a_0634_58,"[[8, 18, 9, 17], [10, 23, 11, 24], [12, 21, 13, 22], [14, 1, 15, 2], [16, 8, 17, 7], [18, 3, 19, 4], [20, 5, 21, 6], [22, 11, 23, 12], [24, 15, 1, 16], [2, 13, 3, 14], [4, 19, 5, 20], [6, 10, 7, 9]]"
12a_0634_59,"[[6, 10, 7, 9], [8, 18, 9, 17], [10, 23, 11, 24], [12, 21, 13, 22], [14, 1, 15, 2], [16, 8, 17, 7], [18, 3, 19, 4], [20, 5, 21, 6], [22, 11, 23, 12], [24, 15, 1, 16], [2, 13, 3, 14], [4, 19, 5, 20]]"
12a_0634_60,"[[5, 20, 6, 21], [7, 11, 8, 10], [9, 19, 10, 18], [11, 24, 12, 1], [13, 22, 14, 23], [15, 2, 16, 3], [17, 9, 18, 8], [19, 4, 20, 5], [21, 6, 22, 7], [23, 12, 24, 13], [1, 16, 2, 17], [3, 14, 4, 15]]"
12a_0634_61,"[[3, 14, 4, 15], [5, 20, 6, 21], [7, 11, 8, 10], [9, 19, 10, 18], [11, 24, 12, 1], [13, 22, 14, 23], [15, 2, 16, 3], [17, 9, 18, 8], [19, 4, 20, 5], [21, 6, 22, 7], [23, 12, 24, 13], [1, 16, 2, 17]]"
12a_0634_62,"[[1, 16, 2, 17], [3, 14, 4, 15], [5, 20, 6, 21], [7, 11, 8, 10], [9, 19, 10, 18], [11, 24, 12, 1], [13, 22, 14, 23], [15, 2, 16, 3], [17, 9, 18, 8], [19, 4, 20, 5], [21, 6, 22, 7], [23, 12, 24, 13]]"
12a_0634_63,"[[23, 12, 24, 13], [1, 16, 2, 17], [3, 14, 4, 15], [5, 20, 6, 21], [7, 11, 8, 10], [9, 19, 10, 18], [11, 24, 12, 1], [13, 22, 14, 23], [15, 2, 16, 3], [17, 9, 18, 8], [19, 4, 20, 5], [21, 6, 22, 7]]"
12a_0634_64,"[[21, 6, 22, 7], [23, 12, 24, 13], [1, 16, 2, 17], [3, 14, 4, 15], [5, 20, 6, 21], [7, 11, 8, 10], [9, 19, 10, 18], [11, 24, 12, 1], [13, 22, 14, 23], [15, 2, 16, 3], [17, 9, 18, 8], [19, 4, 20, 5]]"
12a_0634_65,"[[19, 4, 20, 5], [21, 6, 22, 7], [23, 12, 24, 13], [1, 16, 2, 17], [3, 14, 4, 15], [5, 20, 6, 21], [7, 11, 8, 10], [9, 19, 10, 18], [11, 24, 12, 1], [13, 22, 14, 23], [15, 2, 16, 3], [17, 9, 18, 8]]"
12a_0634_66,"[[17, 9, 18, 8], [19, 4, 20, 5], [21, 6, 22, 7], [23, 12, 24, 13], [1, 16, 2, 17], [3, 14, 4, 15], [5, 20, 6, 21], [7, 11, 8, 10], [9, 19, 10, 18], [11, 24, 12, 1], [13, 22, 14, 23], [15, 2, 16, 3]]"
12a_0634_67,"[[15, 2, 16, 3], [17, 9, 18, 8], [19, 4, 20, 5], [21, 6, 22, 7], [23, 12, 24, 13], [1, 16, 2, 17], [3, 14, 4, 15], [5, 20, 6, 21], [7, 11, 8, 10], [9, 19, 10, 18], [11, 24, 12, 1], [13, 22, 14, 23]]"
12a_0634_68,"[[13, 22, 14, 23], [15, 2, 16, 3], [17, 9, 18, 8], [19, 4, 20, 5], [21, 6, 22, 7], [23, 12, 24, 13], [1, 16, 2, 17], [3, 14, 4, 15], [5, 20, 6, 21], [7, 11, 8, 10], [9, 19, 10, 18], [11, 24, 12, 1]]"
12a_0634_69,"[[11, 24, 12, 1], [13, 22, 14, 23], [15, 2, 16, 3], [17, 9, 18, 8], [19, 4, 20, 5], [21, 6, 22, 7], [23, 12, 24, 13], [1, 16, 2, 17], [3, 14, 4, 15], [5, 20, 6, 21], [7, 11, 8, 10], [9, 19, 10, 18]]"
12a_0634_70,"[[9, 19, 10, 18], [11, 24, 12, 1], [13, 22, 14, 23], [15, 2, 16, 3], [17, 9, 18, 8], [19, 4, 20, 5], [21, 6, 22, 7], [23, 12, 24, 13], [1, 16, 2, 17], [3, 14, 4, 15], [5, 20, 6, 21], [7, 11, 8, 10]]"
12a_0634_71,"[[7, 11, 8, 10], [9, 19, 10, 18], [11, 24, 12, 1], [13, 22, 14, 23], [15, 2, 16, 3], [17, 9, 18, 8], [19, 4, 20, 5], [21, 6, 22, 7], [23, 12, 24, 13], [1, 16, 2, 17], [3, 14, 4, 15], [5, 20, 6, 21]]"
12a_0634_72,"[[6, 21, 7, 22], [8, 12, 9, 11], [10, 20, 11, 19], [12, 1, 13, 2], [14, 23, 15, 24], [16, 3, 17, 4], [18, 10, 19, 9], [20, 5, 21, 6], [22, 7, 23, 8], [24, 13, 1, 14], [2, 17, 3, 18], [4, 15, 5, 16]]"
12a_0634_73,"[[4, 15, 5, 16], [6, 21, 7, 22], [8, 12, 9, 11], [10, 20, 11, 19], [12, 1, 13, 2], [14, 23, 15, 24], [16, 3, 17, 4], [18, 10, 19, 9], [20, 5, 21, 6], [22, 7, 23, 8], [24, 13, 1, 14], [2, 17, 3, 18]]"
12a_0634_74,"[[2, 17, 3, 18], [4, 15, 5, 16], [6, 21, 7, 22], [8, 12, 9, 11], [10, 20, 11, 19], [12, 1, 13, 2], [14, 23, 15, 24], [16, 3, 17, 4], [18, 10, 19, 9], [20, 5, 21, 6], [22, 7, 23, 8], [24, 13, 1, 14]]"
12a_0634_75,"[[24, 13, 1, 14], [2, 17, 3, 18], [4, 15, 5, 16], [6, 21, 7, 22], [8, 12, 9, 11], [10, 20, 11, 19], [12, 1, 13, 2], [14, 23, 15, 24], [16, 3, 17, 4], [18, 10, 19, 9], [20, 5, 21, 6], [22, 7, 23, 8]]"
12a_0634_76,"[[22, 7, 23, 8], [24, 13, 1, 14], [2, 17, 3, 18], [4, 15, 5, 16], [6, 21, 7, 22], [8, 12, 9, 11], [10, 20, 11, 19], [12, 1, 13, 2], [14, 23, 15, 24], [16, 3, 17, 4], [18, 10, 19, 9], [20, 5, 21, 6]]"
12a_0634_77,"[[20, 5, 21, 6], [22, 7, 23, 8], [24, 13, 1, 14], [2, 17, 3, 18], [4, 15, 5, 16], [6, 21, 7, 22], [8, 12, 9, 11], [10, 20, 11, 19], [12, 1, 13, 2], [14, 23, 15, 24], [16, 3, 17, 4], [18, 10, 19, 9]]"
12a_0634_78,"[[18, 10, 19, 9], [20, 5, 21, 6], [22, 7, 23, 8], [24, 13, 1, 14], [2, 17, 3, 18], [4, 15, 5, 16], [6, 21, 7, 22], [8, 12, 9, 11], [10, 20, 11, 19], [12, 1, 13, 2], [14, 23, 15, 24], [16, 3, 17, 4]]"
12a_0634_79,"[[16, 3, 17, 4], [18, 10, 19, 9], [20, 5, 21, 6], [22, 7, 23, 8], [24, 13, 1, 14], [2, 17, 3, 18], [4, 15, 5, 16], [6, 21, 7, 22], [8, 12, 9, 11], [10, 20, 11, 19], [12, 1, 13, 2], [14, 23, 15, 24]]"
12a_0634_80,"[[14, 23, 15, 24], [16, 3, 17, 4], [18, 10, 19, 9], [20, 5, 21, 6], [22, 7, 23, 8], [24, 13, 1, 14], [2, 17, 3, 18], [4, 15, 5, 16], [6, 21, 7, 22], [8, 12, 9, 11], [10, 20, 11, 19], [12, 1, 13, 2]]"
12a_0634_81,"[[12, 1, 13, 2], [14, 23, 15, 24], [16, 3, 17, 4], [18, 10, 19, 9], [20, 5, 21, 6], [22, 7, 23, 8], [24, 13, 1, 14], [2, 17, 3, 18], [4, 15, 5, 16], [6, 21, 7, 22], [8, 12, 9, 11], [10, 20, 11, 19]]"
12a_0634_82,"[[10, 20, 11, 19], [12, 1, 13, 2], [14, 23, 15, 24], [16, 3, 17, 4], [18, 10, 19, 9], [20, 5, 21, 6], [22, 7, 23, 8], [24, 13, 1, 14], [2, 17, 3, 18], [4, 15, 5, 16], [6, 21, 7, 22], [8, 12, 9, 11]]"
12a_0634_83,"[[8, 12, 9, 11], [10, 20, 11, 19], [12, 1, 13, 2], [14, 23, 15, 24], [16, 3, 17, 4], [18, 10, 19, 9], [20, 5, 21, 6], [22, 7, 23, 8], [24, 13, 1, 14], [2, 17, 3, 18], [4, 15, 5, 16], [6, 21, 7, 22]]"
12a_0634_84,"[[7, 22, 8, 23], [9, 13, 10, 12], [11, 21, 12, 20], [13, 2, 14, 3], [15, 24, 16, 1], [17, 4, 18, 5], [19, 11, 20, 10], [21, 6, 22, 7], [23, 8, 24, 9], [1, 14, 2, 15], [3, 18, 4, 19], [5, 16, 6, 17]]"
12a_0634_85,"[[5, 16, 6, 17], [7, 22, 8, 23], [9, 13, 10, 12], [11, 21, 12, 20], [13, 2, 14, 3], [15, 24, 16, 1], [17, 4, 18, 5], [19, 11, 20, 10], [21, 6, 22, 7], [23, 8, 24, 9], [1, 14, 2, 15], [3, 18, 4, 19]]"
12a_0634_86,"[[3, 18, 4, 19], [5, 16, 6, 17], [7, 22, 8, 23], [9, 13, 10, 12], [11, 21, 12, 20], [13, 2, 14, 3], [15, 24, 16, 1], [17, 4, 18, 5], [19, 11, 20, 10], [21, 6, 22, 7], [23, 8, 24, 9], [1, 14, 2, 15]]"
12a_0634_87,"[[1, 14, 2, 15], [3, 18, 4, 19], [5, 16, 6, 17], [7, 22, 8, 23], [9, 13, 10, 12], [11, 21, 12, 20], [13, 2, 14, 3], [15, 24, 16, 1], [17, 4, 18, 5], [19, 11, 20, 10], [21, 6, 22, 7], [23, 8, 24, 9]]"
12a_0634_88,"[[23, 8, 24, 9], [1, 14, 2, 15], [3, 18, 4, 19], [5, 16, 6, 17], [7, 22, 8, 23], [9, 13, 10, 12], [11, 21, 12, 20], [13, 2, 14, 3], [15, 24, 16, 1], [17, 4, 18, 5], [19, 11, 20, 10], [21, 6, 22, 7]]"
12a_0634_89,"[[21, 6, 22, 7], [23, 8, 24, 9], [1, 14, 2, 15], [3, 18, 4, 19], [5, 16, 6, 17], [7, 22, 8, 23], [9, 13, 10, 12], [11, 21, 12, 20], [13, 2, 14, 3], [15, 24, 16, 1], [17, 4, 18, 5], [19, 11, 20, 10]]"
12a_0634_90,"[[19, 11, 20, 10], [21, 6, 22, 7], [23, 8, 24, 9], [1, 14, 2, 15], [3, 18, 4, 19], [5, 16, 6, 17], [7, 22, 8, 23], [9, 13, 10, 12], [11, 21, 12, 20], [13, 2, 14, 3], [15, 24, 16, 1], [17, 4, 18, 5]]"
12a_0634_91,"[[17, 4, 18, 5], [19, 11, 20, 10], [21, 6, 22, 7], [23, 8, 24, 9], [1, 14, 2, 15], [3, 18, 4, 19], [5, 16, 6, 17], [7, 22, 8, 23], [9, 13, 10, 12], [11, 21, 12, 20], [13, 2, 14, 3], [15, 24, 16, 1]]"
12a_0634_92,"[[15, 24, 16, 1], [17, 4, 18, 5], [19, 11, 20, 10], [21, 6, 22, 7], [23, 8, 24, 9], [1, 14, 2, 15], [3, 18, 4, 19], [5, 16, 6, 17], [7, 22, 8, 23], [9, 13, 10, 12], [11, 21, 12, 20], [13, 2, 14, 3]]"
12a_0634_93,"[[13, 2, 14, 3], [15, 24, 16, 1], [17, 4, 18, 5], [19, 11, 20, 10], [21, 6, 22, 7], [23, 8, 24, 9], [1, 14, 2, 15], [3, 18, 4, 19], [5, 16, 6, 17], [7, 22, 8, 23], [9, 13, 10, 12], [11, 21, 12, 20]]"
12a_0634_94,"[[11, 21, 12, 20], [13, 2, 14, 3], [15, 24, 16, 1], [17, 4, 18, 5], [19, 11, 20, 10], [21, 6, 22, 7], [23, 8, 24, 9], [1, 14, 2, 15], [3, 18, 4, 19], [5, 16, 6, 17], [7, 22, 8, 23], [9, 13, 10, 12]]"
12a_0634_95,"[[9, 13, 10, 12], [11, 21, 12, 20], [13, 2, 14, 3], [15, 24, 16, 1], [17, 4, 18, 5], [19, 11, 20, 10], [21, 6, 22, 7], [23, 8, 24, 9], [1, 14, 2, 15], [3, 18, 4, 19], [5, 16, 6, 17], [7, 22, 8, 23]]"
12a_0634_96,"[[8, 23, 9, 24], [10, 14, 11, 13], [12, 22, 13, 21], [14, 3, 15, 4], [16, 1, 17, 2], [18, 5, 19, 6], [20, 12, 21, 11], [22, 7, 23, 8], [24, 9, 1, 10], [2, 15, 3, 16], [4, 19, 5, 20], [6, 17, 7, 18]]"
12a_0634_97,"[[6, 17, 7, 18], [8, 23, 9, 24], [10, 14, 11, 13], [12, 22, 13, 21], [14, 3, 15, 4], [16, 1, 17, 2], [18, 5, 19, 6], [20, 12, 21, 11], [22, 7, 23, 8], [24, 9, 1, 10], [2, 15, 3, 16], [4, 19, 5, 20]]"
12a_0634_98,"[[4, 19, 5, 20], [6, 17, 7, 18], [8, 23, 9, 24], [10, 14, 11, 13], [12, 22, 13, 21], [14, 3, 15, 4], [16, 1, 17, 2], [18, 5, 19, 6], [20, 12, 21, 11], [22, 7, 23, 8], [24, 9, 1, 10], [2, 15, 3, 16]]"
12a_0634_99,"[[2, 15, 3, 16], [4, 19, 5, 20], [6, 17, 7, 18], [8, 23, 9, 24], [10, 14, 11, 13], [12, 22, 13, 21], [14, 3, 15, 4], [16, 1, 17, 2], [18, 5, 19, 6], [20, 12, 21, 11], [22, 7, 23, 8], [24, 9, 1, 10]]"
12a_0634_100,"[[24, 9, 1, 10], [2, 15, 3, 16], [4, 19, 5, 20], [6, 17, 7, 18], [8, 23, 9, 24], [10, 14, 11, 13], [12, 22, 13, 21], [14, 3, 15, 4], [16, 1, 17, 2], [18, 5, 19, 6], [20, 12, 21, 11], [22, 7, 23, 8]]"
12a_0634_101,"[[22, 7, 23, 8], [24, 9, 1, 10], [2, 15, 3, 16], [4, 19, 5, 20], [6, 17, 7, 18], [8, 23, 9, 24], [10, 14, 11, 13], [12, 22, 13, 21], [14, 3, 15, 4], [16, 1, 17, 2], [18, 5, 19, 6], [20, 12, 21, 11]]"
12a_0634_102,"[[20, 12, 21, 11], [22, 7, 23, 8], [24, 9, 1, 10], [2, 15, 3, 16], [4, 19, 5, 20], [6, 17, 7, 18], [8, 23, 9, 24], [10, 14, 11, 13], [12, 22, 13, 21], [14, 3, 15, 4], [16, 1, 17, 2], [18, 5, 19, 6]]"
12a_0634_103,"[[18, 5, 19, 6], [20, 12, 21, 11], [22, 7, 23, 8], [24, 9, 1, 10], [2, 15, 3, 16], [4, 19, 5, 20], [6, 17, 7, 18], [8, 23, 9, 24], [10, 14, 11, 13], [12, 22, 13, 21], [14, 3, 15, 4], [16, 1, 17, 2]]"
12a_0634_104,"[[16, 1, 17, 2], [18, 5, 19, 6], [20, 12, 21, 11], [22, 7, 23, 8], [24, 9, 1, 10], [2, 15, 3, 16], [4, 19, 5, 20], [6, 17, 7, 18], [8, 23, 9, 24], [10, 14, 11, 13], [12, 22, 13, 21], [14, 3, 15, 4]]"
12a_0634_105,"[[14, 3, 15, 4], [16, 1, 17, 2], [18, 5, 19, 6], [20, 12, 21, 11], [22, 7, 23, 8], [24, 9, 1, 10], [2, 15, 3, 16], [4, 19, 5, 20], [6, 17, 7, 18], [8, 23, 9, 24], [10, 14, 11, 13], [12, 22, 13, 21]]"
12a_0634_106,"[[12, 22, 13, 21], [14, 3, 15, 4], [16, 1, 17, 2], [18, 5, 19, 6], [20, 12, 21, 11], [22, 7, 23, 8], [24, 9, 1, 10], [2, 15, 3, 16], [4, 19, 5, 20], [6, 17, 7, 18], [8, 23, 9, 24], [10, 14, 11, 13]]"
12a_0634_107,"[[10, 14, 11, 13], [12, 22, 13, 21], [14, 3, 15, 4], [16, 1, 17, 2], [18, 5, 19, 6], [20, 12, 21, 11], [22, 7, 23, 8], [24, 9, 1, 10], [2, 15, 3, 16], [4, 19, 5, 20], [6, 17, 7, 18], [8, 23, 9, 24]]"
12a_0634_108,"[[9, 24, 10, 1], [11, 15, 12, 14], [13, 23, 14, 22], [15, 4, 16, 5], [17, 2, 18, 3], [19, 6, 20, 7], [21, 13, 22, 12], [23, 8, 24, 9], [1, 10, 2, 11], [3, 16, 4, 17], [5, 20, 6, 21], [7, 18, 8, 19]]"
12a_0634_109,"[[7, 18, 8, 19], [9, 24, 10, 1], [11, 15, 12, 14], [13, 23, 14, 22], [15, 4, 16, 5], [17, 2, 18, 3], [19, 6, 20, 7], [21, 13, 22, 12], [23, 8, 24, 9], [1, 10, 2, 11], [3, 16, 4, 17], [5, 20, 6, 21]]"
12a_0634_110,"[[5, 20, 6, 21], [7, 18, 8, 19], [9, 24, 10, 1], [11, 15, 12, 14], [13, 23, 14, 22], [15, 4, 16, 5], [17, 2, 18, 3], [19, 6, 20, 7], [21, 13, 22, 12], [23, 8, 24, 9], [1, 10, 2, 11], [3, 16, 4, 17]]"
12a_0634_111,"[[3, 16, 4, 17], [5, 20, 6, 21], [7, 18, 8, 19], [9, 24, 10, 1], [11, 15, 12, 14], [13, 23, 14, 22], [15, 4, 16, 5], [17, 2, 18, 3], [19, 6, 20, 7], [21, 13, 22, 12], [23, 8, 24, 9], [1, 10, 2, 11]]"
12a_0634_112,"[[1, 10, 2, 11], [3, 16, 4, 17], [5, 20, 6, 21], [7, 18, 8, 19], [9, 24, 10, 1], [11, 15, 12, 14], [13, 23, 14, 22], [15, 4, 16, 5], [17, 2, 18, 3], [19, 6, 20, 7], [21, 13, 22, 12], [23, 8, 24, 9]]"
12a_0634_113,"[[23, 8, 24, 9], [1, 10, 2, 11], [3, 16, 4, 17], [5, 20, 6, 21], [7, 18, 8, 19], [9, 24, 10, 1], [11, 15, 12, 14], [13, 23, 14, 22], [15, 4, 16, 5], [17, 2, 18, 3], [19, 6, 20, 7], [21, 13, 22, 12]]"
12a_0634_114,"[[21, 13, 22, 12], [23, 8, 24, 9], [1, 10, 2, 11], [3, 16, 4, 17], [5, 20, 6, 21], [7, 18, 8, 19], [9, 24, 10, 1], [11, 15, 12, 14], [13, 23, 14, 22], [15, 4, 16, 5], [17, 2, 18, 3], [19, 6, 20, 7]]"
12a_0634_115,"[[19, 6, 20, 7], [21, 13, 22, 12], [23, 8, 24, 9], [1, 10, 2, 11], [3, 16, 4, 17], [5, 20, 6, 21], [7, 18, 8, 19], [9, 24, 10, 1], [11, 15, 12, 14], [13, 23, 14, 22], [15, 4, 16, 5], [17, 2, 18, 3]]"
12a_0634_116,"[[17, 2, 18, 3], [19, 6, 20, 7], [21, 13, 22, 12], [23, 8, 24, 9], [1, 10, 2, 11], [3, 16, 4, 17], [5, 20, 6, 21], [7, 18, 8, 19], [9, 24, 10, 1], [11, 15, 12, 14], [13, 23, 14, 22], [15, 4, 16, 5]]"
12a_0634_117,"[[15, 4, 16, 5], [17, 2, 18, 3], [19, 6, 20, 7], [21, 13, 22, 12], [23, 8, 24, 9], [1, 10, 2, 11], [3, 16, 4, 17], [5, 20, 6, 21], [7, 18, 8, 19], [9, 24, 10, 1], [11, 15, 12, 14], [13, 23, 14, 22]]"
12a_0634_118,"[[13, 23, 14, 22], [15, 4, 16, 5], [17, 2, 18, 3], [19, 6, 20, 7], [21, 13, 22, 12], [23, 8, 24, 9], [1, 10, 2, 11], [3, 16, 4, 17], [5, 20, 6, 21], [7, 18, 8, 19], [9, 24, 10, 1], [11, 15, 12, 14]]"
12a_0634_119,"[[11, 15, 12, 14], [13, 23, 14, 22], [15, 4, 16, 5], [17, 2, 18, 3], [19, 6, 20, 7], [21, 13, 22, 12], [23, 8, 24, 9], [1, 10, 2, 11], [3, 16, 4, 17], [5, 20, 6, 21], [7, 18, 8, 19], [9, 24, 10, 1]]"
12a_0634_120,"[[10, 1, 11, 2], [12, 16, 13, 15], [14, 24, 15, 23], [16, 5, 17, 6], [18, 3, 19, 4], [20, 7, 21, 8], [22, 14, 23, 13], [24, 9, 1, 10], [2, 11, 3, 12], [4, 17, 5, 18], [6, 21, 7, 22], [8, 19, 9, 20]]"
12a_0634_121,"[[8, 19, 9, 20], [10, 1, 11, 2], [12, 16, 13, 15], [14, 24, 15, 23], [16, 5, 17, 6], [18, 3, 19, 4], [20, 7, 21, 8], [22, 14, 23, 13], [24, 9, 1, 10], [2, 11, 3, 12], [4, 17, 5, 18], [6, 21, 7, 22]]"
12a_0634_122,"[[6, 21, 7, 22], [8, 19, 9, 20], [10, 1, 11, 2], [12, 16, 13, 15], [14, 24, 15, 23], [16, 5, 17, 6], [18, 3, 19, 4], [20, 7, 21, 8], [22, 14, 23, 13], [24, 9, 1, 10], [2, 11, 3, 12], [4, 17, 5, 18]]"
12a_0634_123,"[[4, 17, 5, 18], [6, 21, 7, 22], [8, 19, 9, 20], [10, 1, 11, 2], [12, 16, 13, 15], [14, 24, 15, 23], [16, 5, 17, 6], [18, 3, 19, 4], [20, 7, 21, 8], [22, 14, 23, 13], [24, 9, 1, 10], [2, 11, 3, 12]]"
12a_0634_124,"[[2, 11, 3, 12], [4, 17, 5, 18], [6, 21, 7, 22], [8, 19, 9, 20], [10, 1, 11, 2], [12, 16, 13, 15], [14, 24, 15, 23], [16, 5, 17, 6], [18, 3, 19, 4], [20, 7, 21, 8], [22, 14, 23, 13], [24, 9, 1, 10]]"
12a_0634_125,"[[24, 9, 1, 10], [2, 11, 3, 12], [4, 17, 5, 18], [6, 21, 7, 22], [8, 19, 9, 20], [10, 1, 11, 2], [12, 16, 13, 15], [14, 24, 15, 23], [16, 5, 17, 6], [18, 3, 19, 4], [20, 7, 21, 8], [22, 14, 23, 13]]"
12a_0634_126,"[[22, 14, 23, 13], [24, 9, 1, 10], [2, 11, 3, 12], [4, 17, 5, 18], [6, 21, 7, 22], [8, 19, 9, 20], [10, 1, 11, 2], [12, 16, 13, 15], [14, 24, 15, 23], [16, 5, 17, 6], [18, 3, 19, 4], [20, 7, 21, 8]]"
12a_0634_127,"[[20, 7, 21, 8], [22, 14, 23, 13], [24, 9, 1, 10], [2, 11, 3, 12], [4, 17, 5, 18], [6, 21, 7, 22], [8, 19, 9, 20], [10, 1, 11, 2], [12, 16, 13, 15], [14, 24, 15, 23], [16, 5, 17, 6], [18, 3, 19, 4]]"
12a_0634_128,"[[18, 3, 19, 4], [20, 7, 21, 8], [22, 14, 23, 13], [24, 9, 1, 10], [2, 11, 3, 12], [4, 17, 5, 18], [6, 21, 7, 22], [8, 19, 9, 20], [10, 1, 11, 2], [12, 16, 13, 15], [14, 24, 15, 23], [16, 5, 17, 6]]"
12a_0634_129,"[[16, 5, 17, 6], [18, 3, 19, 4], [20, 7, 21, 8], [22, 14, 23, 13], [24, 9, 1, 10], [2, 11, 3, 12], [4, 17, 5, 18], [6, 21, 7, 22], [8, 19, 9, 20], [10, 1, 11, 2], [12, 16, 13, 15], [14, 24, 15, 23]]"
12a_0634_130,"[[14, 24, 15, 23], [16, 5, 17, 6], [18, 3, 19, 4], [20, 7, 21, 8], [22, 14, 23, 13], [24, 9, 1, 10], [2, 11, 3, 12], [4, 17, 5, 18], [6, 21, 7, 22], [8, 19, 9, 20], [10, 1, 11, 2], [12, 16, 13, 15]]"
12a_0634_131,"[[12, 16, 13, 15], [14, 24, 15, 23], [16, 5, 17, 6], [18, 3, 19, 4], [20, 7, 21, 8], [22, 14, 23, 13], [24, 9, 1, 10], [2, 11, 3, 12], [4, 17, 5, 18], [6, 21, 7, 22], [8, 19, 9, 20], [10, 1, 11, 2]]"
12a_0634_132,"[[11, 2, 12, 3], [13, 17, 14, 16], [15, 1, 16, 24], [17, 6, 18, 7], [19, 4, 20, 5], [21, 8, 22, 9], [23, 15, 24, 14], [1, 10, 2, 11], [3, 12, 4, 13], [5, 18, 6, 19], [7, 22, 8, 23], [9, 20, 10, 21]]"
12a_0634_133,"[[9, 20, 10, 21], [11, 2, 12, 3], [13, 17, 14, 16], [15, 1, 16, 24], [17, 6, 18, 7], [19, 4, 20, 5], [21, 8, 22, 9], [23, 15, 24, 14], [1, 10, 2, 11], [3, 12, 4, 13], [5, 18, 6, 19], [7, 22, 8, 23]]"
12a_0634_134,"[[7, 22, 8, 23], [9, 20, 10, 21], [11, 2, 12, 3], [13, 17, 14, 16], [15, 1, 16, 24], [17, 6, 18, 7], [19, 4, 20, 5], [21, 8, 22, 9], [23, 15, 24, 14], [1, 10, 2, 11], [3, 12, 4, 13], [5, 18, 6, 19]]"
12a_0634_135,"[[5, 18, 6, 19], [7, 22, 8, 23], [9, 20, 10, 21], [11, 2, 12, 3], [13, 17, 14, 16], [15, 1, 16, 24], [17, 6, 18, 7], [19, 4, 20, 5], [21, 8, 22, 9], [23, 15, 24, 14], [1, 10, 2, 11], [3, 12, 4, 13]]"
12a_0634_136,"[[3, 12, 4, 13], [5, 18, 6, 19], [7, 22, 8, 23], [9, 20, 10, 21], [11, 2, 12, 3], [13, 17, 14, 16], [15, 1, 16, 24], [17, 6, 18, 7], [19, 4, 20, 5], [21, 8, 22, 9], [23, 15, 24, 14], [1, 10, 2, 11]]"
12a_0634_137,"[[1, 10, 2, 11], [3, 12, 4, 13], [5, 18, 6, 19], [7, 22, 8, 23], [9, 20, 10, 21], [11, 2, 12, 3], [13, 17, 14, 16], [15, 1, 16, 24], [17, 6, 18, 7], [19, 4, 20, 5], [21, 8, 22, 9], [23, 15, 24, 14]]"
12a_0634_138,"[[23, 15, 24, 14], [1, 10, 2, 11], [3, 12, 4, 13], [5, 18, 6, 19], [7, 22, 8, 23], [9, 20, 10, 21], [11, 2, 12, 3], [13, 17, 14, 16], [15, 1, 16, 24], [17, 6, 18, 7], [19, 4, 20, 5], [21, 8, 22, 9]]"
12a_0634_139,"[[21, 8, 22, 9], [23, 15, 24, 14], [1, 10, 2, 11], [3, 12, 4, 13], [5, 18, 6, 19], [7, 22, 8, 23], [9, 20, 10, 21], [11, 2, 12, 3], [13, 17, 14, 16], [15, 1, 16, 24], [17, 6, 18, 7], [19, 4, 20, 5]]"
12a_0634_140,"[[19, 4, 20, 5], [21, 8, 22, 9], [23, 15, 24, 14], [1, 10, 2, 11], [3, 12, 4, 13], [5, 18, 6, 19], [7, 22, 8, 23], [9, 20, 10, 21], [11, 2, 12, 3], [13, 17, 14, 16], [15, 1, 16, 24], [17, 6, 18, 7]]"
12a_0634_141,"[[17, 6, 18, 7], [19, 4, 20, 5], [21, 8, 22, 9], [23, 15, 24, 14], [1, 10, 2, 11], [3, 12, 4, 13], [5, 18, 6, 19], [7, 22, 8, 23], [9, 20, 10, 21], [11, 2, 12, 3], [13, 17, 14, 16], [15, 1, 16, 24]]"
12a_0634_142,"[[15, 1, 16, 24], [17, 6, 18, 7], [19, 4, 20, 5], [21, 8, 22, 9], [23, 15, 24, 14], [1, 10, 2, 11], [3, 12, 4, 13], [5, 18, 6, 19], [7, 22, 8, 23], [9, 20, 10, 21], [11, 2, 12, 3], [13, 17, 14, 16]]"
12a_0634_143,"[[13, 17, 14, 16], [15, 1, 16, 24], [17, 6, 18, 7], [19, 4, 20, 5], [21, 8, 22, 9], [23, 15, 24, 14], [1, 10, 2, 11], [3, 12, 4, 13], [5, 18, 6, 19], [7, 22, 8, 23], [9, 20, 10, 21], [11, 2, 12, 3]]"
12a_0634_144,"[[12, 3, 13, 4], [14, 18, 15, 17], [16, 2, 17, 1], [18, 7, 19, 8], [20, 5, 21, 6], [22, 9, 23, 10], [24, 16, 1, 15], [2, 11, 3, 12], [4, 13, 5, 14], [6, 19, 7, 20], [8, 23, 9, 24], [10, 21, 11, 22]]"
12a_0634_145,"[[10, 21, 11, 22], [12, 3, 13, 4], [14, 18, 15, 17], [16, 2, 17, 1], [18, 7, 19, 8], [20, 5, 21, 6], [22, 9, 23, 10], [24, 16, 1, 15], [2, 11, 3, 12], [4, 13, 5, 14], [6, 19, 7, 20], [8, 23, 9, 24]]"
12a_0634_146,"[[8, 23, 9, 24], [10, 21, 11, 22], [12, 3, 13, 4], [14, 18, 15, 17], [16, 2, 17, 1], [18, 7, 19, 8], [20, 5, 21, 6], [22, 9, 23, 10], [24, 16, 1, 15], [2, 11, 3, 12], [4, 13, 5, 14], [6, 19, 7, 20]]"
12a_0634_147,"[[6, 19, 7, 20], [8, 23, 9, 24], [10, 21, 11, 22], [12, 3, 13, 4], [14, 18, 15, 17], [16, 2, 17, 1], [18, 7, 19, 8], [20, 5, 21, 6], [22, 9, 23, 10], [24, 16, 1, 15], [2, 11, 3, 12], [4, 13, 5, 14]]"
12a_0634_148,"[[4, 13, 5, 14], [6, 19, 7, 20], [8, 23, 9, 24], [10, 21, 11, 22], [12, 3, 13, 4], [14, 18, 15, 17], [16, 2, 17, 1], [18, 7, 19, 8], [20, 5, 21, 6], [22, 9, 23, 10], [24, 16, 1, 15], [2, 11, 3, 12]]"
12a_0634_149,"[[2, 11, 3, 12], [4, 13, 5, 14], [6, 19, 7, 20], [8, 23, 9, 24], [10, 21, 11, 22], [12, 3, 13, 4], [14, 18, 15, 17], [16, 2, 17, 1], [18, 7, 19, 8], [20, 5, 21, 6], [22, 9, 23, 10], [24, 16, 1, 15]]"
12a_0634_150,"[[24, 16, 1, 15], [2, 11, 3, 12], [4, 13, 5, 14], [6, 19, 7, 20], [8, 23, 9, 24], [10, 21, 11, 22], [12, 3, 13, 4], [14, 18, 15, 17], [16, 2, 17, 1], [18, 7, 19, 8], [20, 5, 21, 6], [22, 9, 23, 10]]"
12a_0634_151,"[[22, 9, 23, 10], [24, 16, 1, 15], [2, 11, 3, 12], [4, 13, 5, 14], [6, 19, 7, 20], [8, 23, 9, 24], [10, 21, 11, 22], [12, 3, 13, 4], [14, 18, 15, 17], [16, 2, 17, 1], [18, 7, 19, 8], [20, 5, 21, 6]]"
12a_0634_152,"[[20, 5, 21, 6], [22, 9, 23, 10], [24, 16, 1, 15], [2, 11, 3, 12], [4, 13, 5, 14], [6, 19, 7, 20], [8, 23, 9, 24], [10, 21, 11, 22], [12, 3, 13, 4], [14, 18, 15, 17], [16, 2, 17, 1], [18, 7, 19, 8]]"
12a_0634_153,"[[18, 7, 19, 8], [20, 5, 21, 6], [22, 9, 23, 10], [24, 16, 1, 15], [2, 11, 3, 12], [4, 13, 5, 14], [6, 19, 7, 20], [8, 23, 9, 24], [10, 21, 11, 22], [12, 3, 13, 4], [14, 18, 15, 17], [16, 2, 17, 1]]"
12a_0634_154,"[[16, 2, 17, 1], [18, 7, 19, 8], [20, 5, 21, 6], [22, 9, 23, 10], [24, 16, 1, 15], [2, 11, 3, 12], [4, 13, 5, 14], [6, 19, 7, 20], [8, 23, 9, 24], [10, 21, 11, 22], [12, 3, 13, 4], [14, 18, 15, 17]]"
12a_0634_155,"[[14, 18, 15, 17], [16, 2, 17, 1], [18, 7, 19, 8], [20, 5, 21, 6], [22, 9, 23, 10], [24, 16, 1, 15], [2, 11, 3, 12], [4, 13, 5, 14], [6, 19, 7, 20], [8, 23, 9, 24], [10, 21, 11, 22], [12, 3, 13, 4]]"
12a_0634_156,"[[13, 4, 14, 5], [15, 19, 16, 18], [17, 3, 18, 2], [19, 8, 20, 9], [21, 6, 22, 7], [23, 10, 24, 11], [1, 17, 2, 16], [3, 12, 4, 13], [5, 14, 6, 15], [7, 20, 8, 21], [9, 24, 10, 1], [11, 22, 12, 23]]"
12a_0634_157,"[[11, 22, 12, 23], [13, 4, 14, 5], [15, 19, 16, 18], [17, 3, 18, 2], [19, 8, 20, 9], [21, 6, 22, 7], [23, 10, 24, 11], [1, 17, 2, 16], [3, 12, 4, 13], [5, 14, 6, 15], [7, 20, 8, 21], [9, 24, 10, 1]]"
12a_0634_158,"[[9, 24, 10, 1], [11, 22, 12, 23], [13, 4, 14, 5], [15, 19, 16, 18], [17, 3, 18, 2], [19, 8, 20, 9], [21, 6, 22, 7], [23, 10, 24, 11], [1, 17, 2, 16], [3, 12, 4, 13], [5, 14, 6, 15], [7, 20, 8, 21]]"
12a_0634_159,"[[7, 20, 8, 21], [9, 24, 10, 1], [11, 22, 12, 23], [13, 4, 14, 5], [15, 19, 16, 18], [17, 3, 18, 2], [19, 8, 20, 9], [21, 6, 22, 7], [23, 10, 24, 11], [1, 17, 2, 16], [3, 12, 4, 13], [5, 14, 6, 15]]"
12a_0634_160,"[[5, 14, 6, 15], [7, 20, 8, 21], [9, 24, 10, 1], [11, 22, 12, 23], [13, 4, 14, 5], [15, 19, 16, 18], [17, 3, 18, 2], [19, 8, 20, 9], [21, 6, 22, 7], [23, 10, 24, 11], [1, 17, 2, 16], [3, 12, 4, 13]]"
12a_0634_161,"[[3, 12, 4, 13], [5, 14, 6, 15], [7, 20, 8, 21], [9, 24, 10, 1], [11, 22, 12, 23], [13, 4, 14, 5], [15, 19, 16, 18], [17, 3, 18, 2], [19, 8, 20, 9], [21, 6, 22, 7], [23, 10, 24, 11], [1, 17, 2, 16]]"
12a_0634_162,"[[1, 17, 2, 16], [3, 12, 4, 13], [5, 14, 6, 15], [7, 20, 8, 21], [9, 24, 10, 1], [11, 22, 12, 23], [13, 4, 14, 5], [15, 19, 16, 18], [17, 3, 18, 2], [19, 8, 20, 9], [21, 6, 22, 7], [23, 10, 24, 11]]"
12a_0634_163,"[[23, 10, 24, 11], [1, 17, 2, 16], [3, 12, 4, 13], [5, 14, 6, 15], [7, 20, 8, 21], [9, 24, 10, 1], [11, 22, 12, 23], [13, 4, 14, 5], [15, 19, 16, 18], [17, 3, 18, 2], [19, 8, 20, 9], [21, 6, 22, 7]]"
12a_0634_164,"[[21, 6, 22, 7], [23, 10, 24, 11], [1, 17, 2, 16], [3, 12, 4, 13], [5, 14, 6, 15], [7, 20, 8, 21], [9, 24, 10, 1], [11, 22, 12, 23], [13, 4, 14, 5], [15, 19, 16, 18], [17, 3, 18, 2], [19, 8, 20, 9]]"
12a_0634_165,"[[19, 8, 20, 9], [21, 6, 22, 7], [23, 10, 24, 11], [1, 17, 2, 16], [3, 12, 4, 13], [5, 14, 6, 15], [7, 20, 8, 21], [9, 24, 10, 1], [11, 22, 12, 23], [13, 4, 14, 5], [15, 19, 16, 18], [17, 3, 18, 2]]"
12a_0634_166,"[[17, 3, 18, 2], [19, 8, 20, 9], [21, 6, 22, 7], [23, 10, 24, 11], [1, 17, 2, 16], [3, 12, 4, 13], [5, 14, 6, 15], [7, 20, 8, 21], [9, 24, 10, 1], [11, 22, 12, 23], [13, 4, 14, 5], [15, 19, 16, 18]]"
12a_0634_167,"[[15, 19, 16, 18], [17, 3, 18, 2], [19, 8, 20, 9], [21, 6, 22, 7], [23, 10, 24, 11], [1, 17, 2, 16], [3, 12, 4, 13], [5, 14, 6, 15], [7, 20, 8, 21], [9, 24, 10, 1], [11, 22, 12, 23], [13, 4, 14, 5]]"
12a_0634_168,"[[14, 5, 15, 6], [16, 20, 17, 19], [18, 4, 19, 3], [20, 9, 21, 10], [22, 7, 23, 8], [24, 11, 1, 12], [2, 18, 3, 17], [4, 13, 5, 14], [6, 15, 7, 16], [8, 21, 9, 22], [10, 1, 11, 2], [12, 23, 13, 24]]"
12a_0634_169,"[[12, 23, 13, 24], [14, 5, 15, 6], [16, 20, 17, 19], [18, 4, 19, 3], [20, 9, 21, 10], [22, 7, 23, 8], [24, 11, 1, 12], [2, 18, 3, 17], [4, 13, 5, 14], [6, 15, 7, 16], [8, 21, 9, 22], [10, 1, 11, 2]]"
12a_0634_170,"[[10, 1, 11, 2], [12, 23, 13, 24], [14, 5, 15, 6], [16, 20, 17, 19], [18, 4, 19, 3], [20, 9, 21, 10], [22, 7, 23, 8], [24, 11, 1, 12], [2, 18, 3, 17], [4, 13, 5, 14], [6, 15, 7, 16], [8, 21, 9, 22]]"
12a_0634_171,"[[8, 21, 9, 22], [10, 1, 11, 2], [12, 23, 13, 24], [14, 5, 15, 6], [16, 20, 17, 19], [18, 4, 19, 3], [20, 9, 21, 10], [22, 7, 23, 8], [24, 11, 1, 12], [2, 18, 3, 17], [4, 13, 5, 14], [6, 15, 7, 16]]"
12a_0634_172,"[[6, 15, 7, 16], [8, 21, 9, 22], [10, 1, 11, 2], [12, 23, 13, 24], [14, 5, 15, 6], [16, 20, 17, 19], [18, 4, 19, 3], [20, 9, 21, 10], [22, 7, 23, 8], [24, 11, 1, 12], [2, 18, 3, 17], [4, 13, 5, 14]]"
12a_0634_173,"[[4, 13, 5, 14], [6, 15, 7, 16], [8, 21, 9, 22], [10, 1, 11, 2], [12, 23, 13, 24], [14, 5, 15, 6], [16, 20, 17, 19], [18, 4, 19, 3], [20, 9, 21, 10], [22, 7, 23, 8], [24, 11, 1, 12], [2, 18, 3, 17]]"
12a_0634_174,"[[2, 18, 3, 17], [4, 13, 5, 14], [6, 15, 7, 16], [8, 21, 9, 22], [10, 1, 11, 2], [12, 23, 13, 24], [14, 5, 15, 6], [16, 20, 17, 19], [18, 4, 19, 3], [20, 9, 21, 10], [22, 7, 23, 8], [24, 11, 1, 12]]"
12a_0634_175,"[[24, 11, 1, 12], [2, 18, 3, 17], [4, 13, 5, 14], [6, 15, 7, 16], [8, 21, 9, 22], [10, 1, 11, 2], [12, 23, 13, 24], [14, 5, 15, 6], [16, 20, 17, 19], [18, 4, 19, 3], [20, 9, 21, 10], [22, 7, 23, 8]]"
12a_0634_176,"[[22, 7, 23, 8], [24, 11, 1, 12], [2, 18, 3, 17], [4, 13, 5, 14], [6, 15, 7, 16], [8, 21, 9, 22], [10, 1, 11, 2], [12, 23, 13, 24], [14, 5, 15, 6], [16, 20, 17, 19], [18, 4, 19, 3], [20, 9, 21, 10]]"
12a_0634_177,"[[20, 9, 21, 10], [22, 7, 23, 8], [24, 11, 1, 12], [2, 18, 3, 17], [4, 13, 5, 14], [6, 15, 7, 16], [8, 21, 9, 22], [10, 1, 11, 2], [12, 23, 13, 24], [14, 5, 15, 6], [16, 20, 17, 19], [18, 4, 19, 3]]"
12a_0634_178,"[[18, 4, 19, 3], [20, 9, 21, 10], [22, 7, 23, 8], [24, 11, 1, 12], [2, 18, 3, 17], [4, 13, 5, 14], [6, 15, 7, 16], [8, 21, 9, 22], [10, 1, 11, 2], [12, 23, 13, 24], [14, 5, 15, 6], [16, 20, 17, 19]]"
12a_0634_179,"[[16, 20, 17, 19], [18, 4, 19, 3], [20, 9, 21, 10], [22, 7, 23, 8], [24, 11, 1, 12], [2, 18, 3, 17], [4, 13, 5, 14], [6, 15, 7, 16], [8, 21, 9, 22], [10, 1, 11, 2], [12, 23, 13, 24], [14, 5, 15, 6]]"
12a_0634_180,"[[15, 6, 16, 7], [17, 21, 18, 20], [19, 5, 20, 4], [21, 10, 22, 11], [23, 8, 24, 9], [1, 12, 2, 13], [3, 19, 4, 18], [5, 14, 6, 15], [7, 16, 8, 17], [9, 22, 10, 23], [11, 2, 12, 3], [13, 24, 14, 1]]"
12a_0634_181,"[[13, 24, 14, 1], [15, 6, 16, 7], [17, 21, 18, 20], [19, 5, 20, 4], [21, 10, 22, 11], [23, 8, 24, 9], [1, 12, 2, 13], [3, 19, 4, 18], [5, 14, 6, 15], [7, 16, 8, 17], [9, 22, 10, 23], [11, 2, 12, 3]]"
12a_0634_182,"[[11, 2, 12, 3], [13, 24, 14, 1], [15, 6, 16, 7], [17, 21, 18, 20], [19, 5, 20, 4], [21, 10, 22, 11], [23, 8, 24, 9], [1, 12, 2, 13], [3, 19, 4, 18], [5, 14, 6, 15], [7, 16, 8, 17], [9, 22, 10, 23]]"
12a_0634_183,"[[9, 22, 10, 23], [11, 2, 12, 3], [13, 24, 14, 1], [15, 6, 16, 7], [17, 21, 18, 20], [19, 5, 20, 4], [21, 10, 22, 11], [23, 8, 24, 9], [1, 12, 2, 13], [3, 19, 4, 18], [5, 14, 6, 15], [7, 16, 8, 17]]"
12a_0634_184,"[[7, 16, 8, 17], [9, 22, 10, 23], [11, 2, 12, 3], [13, 24, 14, 1], [15, 6, 16, 7], [17, 21, 18, 20], [19, 5, 20, 4], [21, 10, 22, 11], [23, 8, 24, 9], [1, 12, 2, 13], [3, 19, 4, 18], [5, 14, 6, 15]]"
12a_0634_185,"[[5, 14, 6, 15], [7, 16, 8, 17], [9, 22, 10, 23], [11, 2, 12, 3], [13, 24, 14, 1], [15, 6, 16, 7], [17, 21, 18, 20], [19, 5, 20, 4], [21, 10, 22, 11], [23, 8, 24, 9], [1, 12, 2, 13], [3, 19, 4, 18]]"
