name,pd_notation
12a_0602_0,"[[24, 9, 1, 10], [2, 6, 3, 5], [4, 14, 5, 13], [6, 18, 7, 17], [8, 23, 9, 24], [10, 15, 11, 16], [12, 4, 13, 3], [14, 20, 15, 19], [16, 21, 17, 22], [18, 2, 19, 1], [20, 12, 21, 11], [22, 7, 23, 8]]"
12a_0602_1,"[[22, 7, 23, 8], [24, 9, 1, 10], [2, 6, 3, 5], [4, 14, 5, 13], [6, 18, 7, 17], [8, 23, 9, 24], [10, 15, 11, 16], [12, 4, 13, 3], [14, 20, 15, 19], [16, 21, 17, 22], [18, 2, 19, 1], [20, 12, 21, 11]]"
12a_0602_2,"[[20, 12, 21, 11], [22, 7, 23, 8], [24, 9, 1, 10], [2, 6, 3, 5], [4, 14, 5, 13], [6, 18, 7, 17], [8, 23, 9, 24], [10, 15, 11, 16], [12, 4, 13, 3], [14, 20, 15, 19], [16, 21, 17, 22], [18, 2, 19, 1]]"
12a_0602_3,"[[18, 2, 19, 1], [20, 12, 21, 11], [22, 7, 23, 8], [24, 9, 1, 10], [2, 6, 3, 5], [4, 14, 5, 13], [6, 18, 7, 17], [8, 23, 9, 24], [10, 15, 11, 16], [12, 4, 13, 3], [14, 20, 15, 19], [16, 21, 17, 22]]"
12a_0602_4,"[[16, 21, 17, 22], [18, 2, 19, 1], [20, 12, 21, 11], [22, 7, 23, 8], [24, 9, 1, 10], [2, 6, 3, 5], [4, 14, 5, 13], [6, 18, 7, 17], [8, 23, 9, 24], [10, 15, 11, 16], [12, 4, 13, 3], [14, 20, 15, 19]]"
12a_0602_5,"[[14, 20, 15, 19], [16, 21, 17, 22], [18, 2, 19, 1], [20, 12, 21, 11], [22, 7, 23, 8], [24, 9, 1, 10], [2, 6, 3, 5], [4, 14, 5, 13], [6, 18, 7, 17], [8, 23, 9, 24], [10, 15, 11, 16], [12, 4, 13, 3]]"
12a_0602_6,"[[12, 4, 13, 3], [14, 20, 15, 19], [16, 21, 17, 22], [18, 2, 19, 1], [20, 12, 21, 11], [22, 7, 23, 8], [24, 9, 1, 10], [2, 6, 3, 5], [4, 14, 5, 13], [6, 18, 7, 17], [8, 23, 9, 24], [10, 15, 11, 16]]"
12a_0602_7,"[[10, 15, 11, 16], [12, 4, 13, 3], [14, 20, 15, 19], [16, 21, 17, 22], [18, 2, 19, 1], [20, 12, 21, 11], [22, 7, 23, 8], [24, 9, 1, 10], [2, 6, 3, 5], [4, 14, 5, 13], [6, 18, 7, 17], [8, 23, 9, 24]]"
12a_0602_8,"[[8, 23, 9, 24], [10, 15, 11, 16], [12, 4, 13, 3], [14, 20, 15, 19], [16, 21, 17, 22], [18, 2, 19, 1], [20, 12, 21, 11], [22, 7, 23, 8], [24, 9, 1, 10], [2, 6, 3, 5], [4, 14, 5, 13], [6, 18, 7, 17]]"
12a_0602_9,"[[6, 18, 7, 17], [8, 23, 9, 24], [10, 15, 11, 16], [12, 4, 13, 3], [14, 20, 15, 19], [16, 21, 17, 22], [18, 2, 19, 1], [20, 12, 21, 11], [22, 7, 23, 8], [24, 9, 1, 10], [2, 6, 3, 5], [4, 14, 5, 13]]"
12a_0602_10,"[[4, 14, 5, 13], [6, 18, 7, 17], [8, 23, 9, 24], [10, 15, 11, 16], [12, 4, 13, 3], [14, 20, 15, 19], [16, 21, 17, 22], [18, 2, 19, 1], [20, 12, 21, 11], [22, 7, 23, 8], [24, 9, 1, 10], [2, 6, 3, 5]]"
12a_0602_11,"[[2, 6, 3, 5], [4, 14, 5, 13], [6, 18, 7, 17], [8, 23, 9, 24], [10, 15, 11, 16], [12, 4, 13, 3], [14, 20, 15, 19], [16, 21, 17, 22], [18, 2, 19, 1], [20, 12, 21, 11], [22, 7, 23, 8], [24, 9, 1, 10]]"
12a_0602_12,"[[1, 10, 2, 11], [3, 7, 4, 6], [5, 15, 6, 14], [7, 19, 8, 18], [9, 24, 10, 1], [11, 16, 12, 17], [13, 5, 14, 4], [15, 21, 16, 20], [17, 22, 18, 23], [19, 3, 20, 2], [21, 13, 22, 12], [23, 8, 24, 9]]"
12a_0602_13,"[[23, 8, 24, 9], [1, 10, 2, 11], [3, 7, 4, 6], [5, 15, 6, 14], [7, 19, 8, 18], [9, 24, 10, 1], [11, 16, 12, 17], [13, 5, 14, 4], [15, 21, 16, 20], [17, 22, 18, 23], [19, 3, 20, 2], [21, 13, 22, 12]]"
12a_0602_14,"[[21, 13, 22, 12], [23, 8, 24, 9], [1, 10, 2, 11], [3, 7, 4, 6], [5, 15, 6, 14], [7, 19, 8, 18], [9, 24, 10, 1], [11, 16, 12, 17], [13, 5, 14, 4], [15, 21, 16, 20], [17, 22, 18, 23], [19, 3, 20, 2]]"
12a_0602_15,"[[19, 3, 20, 2], [21, 13, 22, 12], [23, 8, 24, 9], [1, 10, 2, 11], [3, 7, 4, 6], [5, 15, 6, 14], [7, 19, 8, 18], [9, 24, 10, 1], [11, 16, 12, 17], [13, 5, 14, 4], [15, 21, 16, 20], [17, 22, 18, 23]]"
12a_0602_16,"[[17, 22, 18, 23], [19, 3, 20, 2], [21, 13, 22, 12], [23, 8, 24, 9], [1, 10, 2, 11], [3, 7, 4, 6], [5, 15, 6, 14], [7, 19, 8, 18], [9, 24, 10, 1], [11, 16, 12, 17], [13, 5, 14, 4], [15, 21, 16, 20]]"
12a_0602_17,"[[15, 21, 16, 20], [17, 22, 18, 23], [19, 3, 20, 2], [21, 13, 22, 12], [23, 8, 24, 9], [1, 10, 2, 11], [3, 7, 4, 6], [5, 15, 6, 14], [7, 19, 8, 18], [9, 24, 10, 1], [11, 16, 12, 17], [13, 5, 14, 4]]"
12a_0602_18,"[[13, 5, 14, 4], [15, 21, 16, 20], [17, 22, 18, 23], [19, 3, 20, 2], [21, 13, 22, 12], [23, 8, 24, 9], [1, 10, 2, 11], [3, 7, 4, 6], [5, 15, 6, 14], [7, 19, 8, 18], [9, 24, 10, 1], [11, 16, 12, 17]]"
12a_0602_19,"[[11, 16, 12, 17], [13, 5, 14, 4], [15, 21, 16, 20], [17, 22, 18, 23], [19, 3, 20, 2], [21, 13, 22, 12], [23, 8, 24, 9], [1, 10, 2, 11], [3, 7, 4, 6], [5, 15, 6, 14], [7, 19, 8, 18], [9, 24, 10, 1]]"
12a_0602_20,"[[9, 24, 10, 1], [11, 16, 12, 17], [13, 5, 14, 4], [15, 21, 16, 20], [17, 22, 18, 23], [19, 3, 20, 2], [21, 13, 22, 12], [23, 8, 24, 9], [1, 10, 2, 11], [3, 7, 4, 6], [5, 15, 6, 14], [7, 19, 8, 18]]"
12a_0602_21,"[[7, 19, 8, 18], [9, 24, 10, 1], [11, 16, 12, 17], [13, 5, 14, 4], [15, 21, 16, 20], [17, 22, 18, 23], [19, 3, 20, 2], [21, 13, 22, 12], [23, 8, 24, 9], [1, 10, 2, 11], [3, 7, 4, 6], [5, 15, 6, 14]]"
12a_0602_22,"[[5, 15, 6, 14], [7, 19, 8, 18], [9, 24, 10, 1], [11, 16, 12, 17], [13, 5, 14, 4], [15, 21, 16, 20], [17, 22, 18, 23], [19, 3, 20, 2], [21, 13, 22, 12], [23, 8, 24, 9], [1, 10, 2, 11], [3, 7, 4, 6]]"
12a_0602_23,"[[3, 7, 4, 6], [5, 15, 6, 14], [7, 19, 8, 18], [9, 24, 10, 1], [11, 16, 12, 17], [13, 5, 14, 4], [15, 21, 16, 20], [17, 22, 18, 23], [19, 3, 20, 2], [21, 13, 22, 12], [23, 8, 24, 9], [1, 10, 2, 11]]"
12a_0602_24,"[[2, 11, 3, 12], [4, 8, 5, 7], [6, 16, 7, 15], [8, 20, 9, 19], [10, 1, 11, 2], [12, 17, 13, 18], [14, 6, 15, 5], [16, 22, 17, 21], [18, 23, 19, 24], [20, 4, 21, 3], [22, 14, 23, 13], [24, 9, 1, 10]]"
12a_0602_25,"[[24, 9, 1, 10], [2, 11, 3, 12], [4, 8, 5, 7], [6, 16, 7, 15], [8, 20, 9, 19], [10, 1, 11, 2], [12, 17, 13, 18], [14, 6, 15, 5], [16, 22, 17, 21], [18, 23, 19, 24], [20, 4, 21, 3], [22, 14, 23, 13]]"
12a_0602_26,"[[22, 14, 23, 13], [24, 9, 1, 10], [2, 11, 3, 12], [4, 8, 5, 7], [6, 16, 7, 15], [8, 20, 9, 19], [10, 1, 11, 2], [12, 17, 13, 18], [14, 6, 15, 5], [16, 22, 17, 21], [18, 23, 19, 24], [20, 4, 21, 3]]"
12a_0602_27,"[[20, 4, 21, 3], [22, 14, 23, 13], [24, 9, 1, 10], [2, 11, 3, 12], [4, 8, 5, 7], [6, 16, 7, 15], [8, 20, 9, 19], [10, 1, 11, 2], [12, 17, 13, 18], [14, 6, 15, 5], [16, 22, 17, 21], [18, 23, 19, 24]]"
12a_0602_28,"[[18, 23, 19, 24], [20, 4, 21, 3], [22, 14, 23, 13], [24, 9, 1, 10], [2, 11, 3, 12], [4, 8, 5, 7], [6, 16, 7, 15], [8, 20, 9, 19], [10, 1, 11, 2], [12, 17, 13, 18], [14, 6, 15, 5], [16, 22, 17, 21]]"
12a_0602_29,"[[16, 22, 17, 21], [18, 23, 19, 24], [20, 4, 21, 3], [22, 14, 23, 13], [24, 9, 1, 10], [2, 11, 3, 12], [4, 8, 5, 7], [6, 16, 7, 15], [8, 20, 9, 19], [10, 1, 11, 2], [12, 17, 13, 18], [14, 6, 15, 5]]"
12a_0602_30,"[[14, 6, 15, 5], [16, 22, 17, 21], [18, 23, 19, 24], [20, 4, 21, 3], [22, 14, 23, 13], [24, 9, 1, 10], [2, 11, 3, 12], [4, 8, 5, 7], [6, 16, 7, 15], [8, 20, 9, 19], [10, 1, 11, 2], [12, 17, 13, 18]]"
12a_0602_31,"[[12, 17, 13, 18], [14, 6, 15, 5], [16, 22, 17, 21], [18, 23, 19, 24], [20, 4, 21, 3], [22, 14, 23, 13], [24, 9, 1, 10], [2, 11, 3, 12], [4, 8, 5, 7], [6, 16, 7, 15], [8, 20, 9, 19], [10, 1, 11, 2]]"
12a_0602_32,"[[10, 1, 11, 2], [12, 17, 13, 18], [14, 6, 15, 5], [16, 22, 17, 21], [18, 23, 19, 24], [20, 4, 21, 3], [22, 14, 23, 13], [24, 9, 1, 10], [2, 11, 3, 12], [4, 8, 5, 7], [6, 16, 7, 15], [8, 20, 9, 19]]"
12a_0602_33,"[[8, 20, 9, 19], [10, 1, 11, 2], [12, 17, 13, 18], [14, 6, 15, 5], [16, 22, 17, 21], [18, 23, 19, 24], [20, 4, 21, 3], [22, 14, 23, 13], [24, 9, 1, 10], [2, 11, 3, 12], [4, 8, 5, 7], [6, 16, 7, 15]]"
12a_0602_34,"[[6, 16, 7, 15], [8, 20, 9, 19], [10, 1, 11, 2], [12, 17, 13, 18], [14, 6, 15, 5], [16, 22, 17, 21], [18, 23, 19, 24], [20, 4, 21, 3], [22, 14, 23, 13], [24, 9, 1, 10], [2, 11, 3, 12], [4, 8, 5, 7]]"
12a_0602_35,"[[4, 8, 5, 7], [6, 16, 7, 15], [8, 20, 9, 19], [10, 1, 11, 2], [12, 17, 13, 18], [14, 6, 15, 5], [16, 22, 17, 21], [18, 23, 19, 24], [20, 4, 21, 3], [22, 14, 23, 13], [24, 9, 1, 10], [2, 11, 3, 12]]"
12a_0602_36,"[[3, 12, 4, 13], [5, 9, 6, 8], [7, 17, 8, 16], [9, 21, 10, 20], [11, 2, 12, 3], [13, 18, 14, 19], [15, 7, 16, 6], [17, 23, 18, 22], [19, 24, 20, 1], [21, 5, 22, 4], [23, 15, 24, 14], [1, 10, 2, 11]]"
12a_0602_37,"[[1, 10, 2, 11], [3, 12, 4, 13], [5, 9, 6, 8], [7, 17, 8, 16], [9, 21, 10, 20], [11, 2, 12, 3], [13, 18, 14, 19], [15, 7, 16, 6], [17, 23, 18, 22], [19, 24, 20, 1], [21, 5, 22, 4], [23, 15, 24, 14]]"
12a_0602_38,"[[23, 15, 24, 14], [1, 10, 2, 11], [3, 12, 4, 13], [5, 9, 6, 8], [7, 17, 8, 16], [9, 21, 10, 20], [11, 2, 12, 3], [13, 18, 14, 19], [15, 7, 16, 6], [17, 23, 18, 22], [19, 24, 20, 1], [21, 5, 22, 4]]"
12a_0602_39,"[[21, 5, 22, 4], [23, 15, 24, 14], [1, 10, 2, 11], [3, 12, 4, 13], [5, 9, 6, 8], [7, 17, 8, 16], [9, 21, 10, 20], [11, 2, 12, 3], [13, 18, 14, 19], [15, 7, 16, 6], [17, 23, 18, 22], [19, 24, 20, 1]]"
12a_0602_40,"[[19, 24, 20, 1], [21, 5, 22, 4], [23, 15, 24, 14], [1, 10, 2, 11], [3, 12, 4, 13], [5, 9, 6, 8], [7, 17, 8, 16], [9, 21, 10, 20], [11, 2, 12, 3], [13, 18, 14, 19], [15, 7, 16, 6], [17, 23, 18, 22]]"
12a_0602_41,"[[17, 23, 18, 22], [19, 24, 20, 1], [21, 5, 22, 4], [23, 15, 24, 14], [1, 10, 2, 11], [3, 12, 4, 13], [5, 9, 6, 8], [7, 17, 8, 16], [9, 21, 10, 20], [11, 2, 12, 3], [13, 18, 14, 19], [15, 7, 16, 6]]"
12a_0602_42,"[[15, 7, 16, 6], [17, 23, 18, 22], [19, 24, 20, 1], [21, 5, 22, 4], [23, 15, 24, 14], [1, 10, 2, 11], [3, 12, 4, 13], [5, 9, 6, 8], [7, 17, 8, 16], [9, 21, 10, 20], [11, 2, 12, 3], [13, 18, 14, 19]]"
12a_0602_43,"[[13, 18, 14, 19], [15, 7, 16, 6], [17, 23, 18, 22], [19, 24, 20, 1], [21, 5, 22, 4], [23, 15, 24, 14], [1, 10, 2, 11], [3, 12, 4, 13], [5, 9, 6, 8], [7, 17, 8, 16], [9, 21, 10, 20], [11, 2, 12, 3]]"
12a_0602_44,"[[11, 2, 12, 3], [13, 18, 14, 19], [15, 7, 16, 6], [17, 23, 18, 22], [19, 24, 20, 1], [21, 5, 22, 4], [23, 15, 24, 14], [1, 10, 2, 11], [3, 12, 4, 13], [5, 9, 6, 8], [7, 17, 8, 16], [9, 21, 10, 20]]"
12a_0602_45,"[[9, 21, 10, 20], [11, 2, 12, 3], [13, 18, 14, 19], [15, 7, 16, 6], [17, 23, 18, 22], [19, 24, 20, 1], [21, 5, 22, 4], [23, 15, 24, 14], [1, 10, 2, 11], [3, 12, 4, 13], [5, 9, 6, 8], [7, 17, 8, 16]]"
12a_0602_46,"[[7, 17, 8, 16], [9, 21, 10, 20], [11, 2, 12, 3], [13, 18, 14, 19], [15, 7, 16, 6], [17, 23, 18, 22], [19, 24, 20, 1], [21, 5, 22, 4], [23, 15, 24, 14], [1, 10, 2, 11], [3, 12, 4, 13], [5, 9, 6, 8]]"
12a_0602_47,"[[5, 9, 6, 8], [7, 17, 8, 16], [9, 21, 10, 20], [11, 2, 12, 3], [13, 18, 14, 19], [15, 7, 16, 6], [17, 23, 18, 22], [19, 24, 20, 1], [21, 5, 22, 4], [23, 15, 24, 14], [1, 10, 2, 11], [3, 12, 4, 13]]"
12a_0602_48,"[[4, 13, 5, 14], [6, 10, 7, 9], [8, 18, 9, 17], [10, 22, 11, 21], [12, 3, 13, 4], [14, 19, 15, 20], [16, 8, 17, 7], [18, 24, 19, 23], [20, 1, 21, 2], [22, 6, 23, 5], [24, 16, 1, 15], [2, 11, 3, 12]]"
12a_0602_49,"[[2, 11, 3, 12], [4, 13, 5, 14], [6, 10, 7, 9], [8, 18, 9, 17], [10, 22, 11, 21], [12, 3, 13, 4], [14, 19, 15, 20], [16, 8, 17, 7], [18, 24, 19, 23], [20, 1, 21, 2], [22, 6, 23, 5], [24, 16, 1, 15]]"
12a_0602_50,"[[24, 16, 1, 15], [2, 11, 3, 12], [4, 13, 5, 14], [6, 10, 7, 9], [8, 18, 9, 17], [10, 22, 11, 21], [12, 3, 13, 4], [14, 19, 15, 20], [16, 8, 17, 7], [18, 24, 19, 23], [20, 1, 21, 2], [22, 6, 23, 5]]"
12a_0602_51,"[[22, 6, 23, 5], [24, 16, 1, 15], [2, 11, 3, 12], [4, 13, 5, 14], [6, 10, 7, 9], [8, 18, 9, 17], [10, 22, 11, 21], [12, 3, 13, 4], [14, 19, 15, 20], [16, 8, 17, 7], [18, 24, 19, 23], [20, 1, 21, 2]]"
12a_0602_52,"[[20, 1, 21, 2], [22, 6, 23, 5], [24, 16, 1, 15], [2, 11, 3, 12], [4, 13, 5, 14], [6, 10, 7, 9], [8, 18, 9, 17], [10, 22, 11, 21], [12, 3, 13, 4], [14, 19, 15, 20], [16, 8, 17, 7], [18, 24, 19, 23]]"
12a_0602_53,"[[18, 24, 19, 23], [20, 1, 21, 2], [22, 6, 23, 5], [24, 16, 1, 15], [2, 11, 3, 12], [4, 13, 5, 14], [6, 10, 7, 9], [8, 18, 9, 17], [10, 22, 11, 21], [12, 3, 13, 4], [14, 19, 15, 20], [16, 8, 17, 7]]"
12a_0602_54,"[[16, 8, 17, 7], [18, 24, 19, 23], [20, 1, 21, 2], [22, 6, 23, 5], [24, 16, 1, 15], [2, 11, 3, 12], [4, 13, 5, 14], [6, 10, 7, 9], [8, 18, 9, 17], [10, 22, 11, 21], [12, 3, 13, 4], [14, 19, 15, 20]]"
12a_0602_55,"[[14, 19, 15, 20], [16, 8, 17, 7], [18, 24, 19, 23], [20, 1, 21, 2], [22, 6, 23, 5], [24, 16, 1, 15], [2, 11, 3, 12], [4, 13, 5, 14], [6, 10, 7, 9], [8, 18, 9, 17], [10, 22, 11, 21], [12, 3, 13, 4]]"
12a_0602_56,"[[12, 3, 13, 4], [14, 19, 15, 20], [16, 8, 17, 7], [18, 24, 19, 23], [20, 1, 21, 2], [22, 6, 23, 5], [24, 16, 1, 15], [2, 11, 3, 12], [4, 13, 5, 14], [6, 10, 7, 9], [8, 18, 9, 17], [10, 22, 11, 21]]"
12a_0602_57,"[[10, 22, 11, 21], [12, 3, 13, 4], [14, 19, 15, 20], [16, 8, 17, 7], [18, 24, 19, 23], [20, 1, 21, 2], [22, 6, 23, 5], [24, 16, 1, 15], [2, 11, 3, 12], [4, 13, 5, 14], [6, 10, 7, 9], [8, 18, 9, 17]]"
12a_0602_58,"[[8, 18, 9, 17], [10, 22, 11, 21], [12, 3, 13, 4], [14, 19, 15, 20], [16, 8, 17, 7], [18, 24, 19, 23], [20, 1, 21, 2], [22, 6, 23, 5], [24, 16, 1, 15], [2, 11, 3, 12], [4, 13, 5, 14], [6, 10, 7, 9]]"
12a_0602_59,"[[6, 10, 7, 9], [8, 18, 9, 17], [10, 22, 11, 21], [12, 3, 13, 4], [14, 19, 15, 20], [16, 8, 17, 7], [18, 24, 19, 23], [20, 1, 21, 2], [22, 6, 23, 5], [24, 16, 1, 15], [2, 11, 3, 12], [4, 13, 5, 14]]"
12a_0602_60,"[[5, 14, 6, 15], [7, 11, 8, 10], [9, 19, 10, 18], [11, 23, 12, 22], [13, 4, 14, 5], [15, 20, 16, 21], [17, 9, 18, 8], [19, 1, 20, 24], [21, 2, 22, 3], [23, 7, 24, 6], [1, 17, 2, 16], [3, 12, 4, 13]]"
12a_0602_61,"[[3, 12, 4, 13], [5, 14, 6, 15], [7, 11, 8, 10], [9, 19, 10, 18], [11, 23, 12, 22], [13, 4, 14, 5], [15, 20, 16, 21], [17, 9, 18, 8], [19, 1, 20, 24], [21, 2, 22, 3], [23, 7, 24, 6], [1, 17, 2, 16]]"
12a_0602_62,"[[1, 17, 2, 16], [3, 12, 4, 13], [5, 14, 6, 15], [7, 11, 8, 10], [9, 19, 10, 18], [11, 23, 12, 22], [13, 4, 14, 5], [15, 20, 16, 21], [17, 9, 18, 8], [19, 1, 20, 24], [21, 2, 22, 3], [23, 7, 24, 6]]"
12a_0602_63,"[[23, 7, 24, 6], [1, 17, 2, 16], [3, 12, 4, 13], [5, 14, 6, 15], [7, 11, 8, 10], [9, 19, 10, 18], [11, 23, 12, 22], [13, 4, 14, 5], [15, 20, 16, 21], [17, 9, 18, 8], [19, 1, 20, 24], [21, 2, 22, 3]]"
12a_0602_64,"[[21, 2, 22, 3], [23, 7, 24, 6], [1, 17, 2, 16], [3, 12, 4, 13], [5, 14, 6, 15], [7, 11, 8, 10], [9, 19, 10, 18], [11, 23, 12, 22], [13, 4, 14, 5], [15, 20, 16, 21], [17, 9, 18, 8], [19, 1, 20, 24]]"
12a_0602_65,"[[19, 1, 20, 24], [21, 2, 22, 3], [23, 7, 24, 6], [1, 17, 2, 16], [3, 12, 4, 13], [5, 14, 6, 15], [7, 11, 8, 10], [9, 19, 10, 18], [11, 23, 12, 22], [13, 4, 14, 5], [15, 20, 16, 21], [17, 9, 18, 8]]"
12a_0602_66,"[[17, 9, 18, 8], [19, 1, 20, 24], [21, 2, 22, 3], [23, 7, 24, 6], [1, 17, 2, 16], [3, 12, 4, 13], [5, 14, 6, 15], [7, 11, 8, 10], [9, 19, 10, 18], [11, 23, 12, 22], [13, 4, 14, 5], [15, 20, 16, 21]]"
12a_0602_67,"[[15, 20, 16, 21], [17, 9, 18, 8], [19, 1, 20, 24], [21, 2, 22, 3], [23, 7, 24, 6], [1, 17, 2, 16], [3, 12, 4, 13], [5, 14, 6, 15], [7, 11, 8, 10], [9, 19, 10, 18], [11, 23, 12, 22], [13, 4, 14, 5]]"
12a_0602_68,"[[13, 4, 14, 5], [15, 20, 16, 21], [17, 9, 18, 8], [19, 1, 20, 24], [21, 2, 22, 3], [23, 7, 24, 6], [1, 17, 2, 16], [3, 12, 4, 13], [5, 14, 6, 15], [7, 11, 8, 10], [9, 19, 10, 18], [11, 23, 12, 22]]"
12a_0602_69,"[[11, 23, 12, 22], [13, 4, 14, 5], [15, 20, 16, 21], [17, 9, 18, 8], [19, 1, 20, 24], [21, 2, 22, 3], [23, 7, 24, 6], [1, 17, 2, 16], [3, 12, 4, 13], [5, 14, 6, 15], [7, 11, 8, 10], [9, 19, 10, 18]]"
12a_0602_70,"[[9, 19, 10, 18], [11, 23, 12, 22], [13, 4, 14, 5], [15, 20, 16, 21], [17, 9, 18, 8], [19, 1, 20, 24], [21, 2, 22, 3], [23, 7, 24, 6], [1, 17, 2, 16], [3, 12, 4, 13], [5, 14, 6, 15], [7, 11, 8, 10]]"
12a_0602_71,"[[7, 11, 8, 10], [9, 19, 10, 18], [11, 23, 12, 22], [13, 4, 14, 5], [15, 20, 16, 21], [17, 9, 18, 8], [19, 1, 20, 24], [21, 2, 22, 3], [23, 7, 24, 6], [1, 17, 2, 16], [3, 12, 4, 13], [5, 14, 6, 15]]"
12a_0602_72,"[[6, 15, 7, 16], [8, 12, 9, 11], [10, 20, 11, 19], [12, 24, 13, 23], [14, 5, 15, 6], [16, 21, 17, 22], [18, 10, 19, 9], [20, 2, 21, 1], [22, 3, 23, 4], [24, 8, 1, 7], [2, 18, 3, 17], [4, 13, 5, 14]]"
12a_0602_73,"[[4, 13, 5, 14], [6, 15, 7, 16], [8, 12, 9, 11], [10, 20, 11, 19], [12, 24, 13, 23], [14, 5, 15, 6], [16, 21, 17, 22], [18, 10, 19, 9], [20, 2, 21, 1], [22, 3, 23, 4], [24, 8, 1, 7], [2, 18, 3, 17]]"
12a_0602_74,"[[2, 18, 3, 17], [4, 13, 5, 14], [6, 15, 7, 16], [8, 12, 9, 11], [10, 20, 11, 19], [12, 24, 13, 23], [14, 5, 15, 6], [16, 21, 17, 22], [18, 10, 19, 9], [20, 2, 21, 1], [22, 3, 23, 4], [24, 8, 1, 7]]"
12a_0602_75,"[[24, 8, 1, 7], [2, 18, 3, 17], [4, 13, 5, 14], [6, 15, 7, 16], [8, 12, 9, 11], [10, 20, 11, 19], [12, 24, 13, 23], [14, 5, 15, 6], [16, 21, 17, 22], [18, 10, 19, 9], [20, 2, 21, 1], [22, 3, 23, 4]]"
12a_0602_76,"[[22, 3, 23, 4], [24, 8, 1, 7], [2, 18, 3, 17], [4, 13, 5, 14], [6, 15, 7, 16], [8, 12, 9, 11], [10, 20, 11, 19], [12, 24, 13, 23], [14, 5, 15, 6], [16, 21, 17, 22], [18, 10, 19, 9], [20, 2, 21, 1]]"
12a_0602_77,"[[20, 2, 21, 1], [22, 3, 23, 4], [24, 8, 1, 7], [2, 18, 3, 17], [4, 13, 5, 14], [6, 15, 7, 16], [8, 12, 9, 11], [10, 20, 11, 19], [12, 24, 13, 23], [14, 5, 15, 6], [16, 21, 17, 22], [18, 10, 19, 9]]"
12a_0602_78,"[[18, 10, 19, 9], [20, 2, 21, 1], [22, 3, 23, 4], [24, 8, 1, 7], [2, 18, 3, 17], [4, 13, 5, 14], [6, 15, 7, 16], [8, 12, 9, 11], [10, 20, 11, 19], [12, 24, 13, 23], [14, 5, 15, 6], [16, 21, 17, 22]]"
12a_0602_79,"[[16, 21, 17, 22], [18, 10, 19, 9], [20, 2, 21, 1], [22, 3, 23, 4], [24, 8, 1, 7], [2, 18, 3, 17], [4, 13, 5, 14], [6, 15, 7, 16], [8, 12, 9, 11], [10, 20, 11, 19], [12, 24, 13, 23], [14, 5, 15, 6]]"
12a_0602_80,"[[14, 5, 15, 6], [16, 21, 17, 22], [18, 10, 19, 9], [20, 2, 21, 1], [22, 3, 23, 4], [24, 8, 1, 7], [2, 18, 3, 17], [4, 13, 5, 14], [6, 15, 7, 16], [8, 12, 9, 11], [10, 20, 11, 19], [12, 24, 13, 23]]"
12a_0602_81,"[[12, 24, 13, 23], [14, 5, 15, 6], [16, 21, 17, 22], [18, 10, 19, 9], [20, 2, 21, 1], [22, 3, 23, 4], [24, 8, 1, 7], [2, 18, 3, 17], [4, 13, 5, 14], [6, 15, 7, 16], [8, 12, 9, 11], [10, 20, 11, 19]]"
12a_0602_82,"[[10, 20, 11, 19], [12, 24, 13, 23], [14, 5, 15, 6], [16, 21, 17, 22], [18, 10, 19, 9], [20, 2, 21, 1], [22, 3, 23, 4], [24, 8, 1, 7], [2, 18, 3, 17], [4, 13, 5, 14], [6, 15, 7, 16], [8, 12, 9, 11]]"
12a_0602_83,"[[8, 12, 9, 11], [10, 20, 11, 19], [12, 24, 13, 23], [14, 5, 15, 6], [16, 21, 17, 22], [18, 10, 19, 9], [20, 2, 21, 1], [22, 3, 23, 4], [24, 8, 1, 7], [2, 18, 3, 17], [4, 13, 5, 14], [6, 15, 7, 16]]"
12a_0602_84,"[[7, 16, 8, 17], [9, 13, 10, 12], [11, 21, 12, 20], [13, 1, 14, 24], [15, 6, 16, 7], [17, 22, 18, 23], [19, 11, 20, 10], [21, 3, 22, 2], [23, 4, 24, 5], [1, 9, 2, 8], [3, 19, 4, 18], [5, 14, 6, 15]]"
12a_0602_85,"[[5, 14, 6, 15], [7, 16, 8, 17], [9, 13, 10, 12], [11, 21, 12, 20], [13, 1, 14, 24], [15, 6, 16, 7], [17, 22, 18, 23], [19, 11, 20, 10], [21, 3, 22, 2], [23, 4, 24, 5], [1, 9, 2, 8], [3, 19, 4, 18]]"
12a_0602_86,"[[3, 19, 4, 18], [5, 14, 6, 15], [7, 16, 8, 17], [9, 13, 10, 12], [11, 21, 12, 20], [13, 1, 14, 24], [15, 6, 16, 7], [17, 22, 18, 23], [19, 11, 20, 10], [21, 3, 22, 2], [23, 4, 24, 5], [1, 9, 2, 8]]"
12a_0602_87,"[[1, 9, 2, 8], [3, 19, 4, 18], [5, 14, 6, 15], [7, 16, 8, 17], [9, 13, 10, 12], [11, 21, 12, 20], [13, 1, 14, 24], [15, 6, 16, 7], [17, 22, 18, 23], [19, 11, 20, 10], [21, 3, 22, 2], [23, 4, 24, 5]]"
12a_0602_88,"[[23, 4, 24, 5], [1, 9, 2, 8], [3, 19, 4, 18], [5, 14, 6, 15], [7, 16, 8, 17], [9, 13, 10, 12], [11, 21, 12, 20], [13, 1, 14, 24], [15, 6, 16, 7], [17, 22, 18, 23], [19, 11, 20, 10], [21, 3, 22, 2]]"
12a_0602_89,"[[21, 3, 22, 2], [23, 4, 24, 5], [1, 9, 2, 8], [3, 19, 4, 18], [5, 14, 6, 15], [7, 16, 8, 17], [9, 13, 10, 12], [11, 21, 12, 20], [13, 1, 14, 24], [15, 6, 16, 7], [17, 22, 18, 23], [19, 11, 20, 10]]"
12a_0602_90,"[[19, 11, 20, 10], [21, 3, 22, 2], [23, 4, 24, 5], [1, 9, 2, 8], [3, 19, 4, 18], [5, 14, 6, 15], [7, 16, 8, 17], [9, 13, 10, 12], [11, 21, 12, 20], [13, 1, 14, 24], [15, 6, 16, 7], [17, 22, 18, 23]]"
12a_0602_91,"[[17, 22, 18, 23], [19, 11, 20, 10], [21, 3, 22, 2], [23, 4, 24, 5], [1, 9, 2, 8], [3, 19, 4, 18], [5, 14, 6, 15], [7, 16, 8, 17], [9, 13, 10, 12], [11, 21, 12, 20], [13, 1, 14, 24], [15, 6, 16, 7]]"
12a_0602_92,"[[15, 6, 16, 7], [17, 22, 18, 23], [19, 11, 20, 10], [21, 3, 22, 2], [23, 4, 24, 5], [1, 9, 2, 8], [3, 19, 4, 18], [5, 14, 6, 15], [7, 16, 8, 17], [9, 13, 10, 12], [11, 21, 12, 20], [13, 1, 14, 24]]"
12a_0602_93,"[[13, 1, 14, 24], [15, 6, 16, 7], [17, 22, 18, 23], [19, 11, 20, 10], [21, 3, 22, 2], [23, 4, 24, 5], [1, 9, 2, 8], [3, 19, 4, 18], [5, 14, 6, 15], [7, 16, 8, 17], [9, 13, 10, 12], [11, 21, 12, 20]]"
12a_0602_94,"[[11, 21, 12, 20], [13, 1, 14, 24], [15, 6, 16, 7], [17, 22, 18, 23], [19, 11, 20, 10], [21, 3, 22, 2], [23, 4, 24, 5], [1, 9, 2, 8], [3, 19, 4, 18], [5, 14, 6, 15], [7, 16, 8, 17], [9, 13, 10, 12]]"
12a_0602_95,"[[9, 13, 10, 12], [11, 21, 12, 20], [13, 1, 14, 24], [15, 6, 16, 7], [17, 22, 18, 23], [19, 11, 20, 10], [21, 3, 22, 2], [23, 4, 24, 5], [1, 9, 2, 8], [3, 19, 4, 18], [5, 14, 6, 15], [7, 16, 8, 17]]"
12a_0602_96,"[[8, 17, 9, 18], [10, 14, 11, 13], [12, 22, 13, 21], [14, 2, 15, 1], [16, 7, 17, 8], [18, 23, 19, 24], [20, 12, 21, 11], [22, 4, 23, 3], [24, 5, 1, 6], [2, 10, 3, 9], [4, 20, 5, 19], [6, 15, 7, 16]]"
12a_0602_97,"[[6, 15, 7, 16], [8, 17, 9, 18], [10, 14, 11, 13], [12, 22, 13, 21], [14, 2, 15, 1], [16, 7, 17, 8], [18, 23, 19, 24], [20, 12, 21, 11], [22, 4, 23, 3], [24, 5, 1, 6], [2, 10, 3, 9], [4, 20, 5, 19]]"
12a_0602_98,"[[4, 20, 5, 19], [6, 15, 7, 16], [8, 17, 9, 18], [10, 14, 11, 13], [12, 22, 13, 21], [14, 2, 15, 1], [16, 7, 17, 8], [18, 23, 19, 24], [20, 12, 21, 11], [22, 4, 23, 3], [24, 5, 1, 6], [2, 10, 3, 9]]"
12a_0602_99,"[[2, 10, 3, 9], [4, 20, 5, 19], [6, 15, 7, 16], [8, 17, 9, 18], [10, 14, 11, 13], [12, 22, 13, 21], [14, 2, 15, 1], [16, 7, 17, 8], [18, 23, 19, 24], [20, 12, 21, 11], [22, 4, 23, 3], [24, 5, 1, 6]]"
12a_0602_100,"[[24, 5, 1, 6], [2, 10, 3, 9], [4, 20, 5, 19], [6, 15, 7, 16], [8, 17, 9, 18], [10, 14, 11, 13], [12, 22, 13, 21], [14, 2, 15, 1], [16, 7, 17, 8], [18, 23, 19, 24], [20, 12, 21, 11], [22, 4, 23, 3]]"
12a_0602_101,"[[22, 4, 23, 3], [24, 5, 1, 6], [2, 10, 3, 9], [4, 20, 5, 19], [6, 15, 7, 16], [8, 17, 9, 18], [10, 14, 11, 13], [12, 22, 13, 21], [14, 2, 15, 1], [16, 7, 17, 8], [18, 23, 19, 24], [20, 12, 21, 11]]"
12a_0602_102,"[[20, 12, 21, 11], [22, 4, 23, 3], [24, 5, 1, 6], [2, 10, 3, 9], [4, 20, 5, 19], [6, 15, 7, 16], [8, 17, 9, 18], [10, 14, 11, 13], [12, 22, 13, 21], [14, 2, 15, 1], [16, 7, 17, 8], [18, 23, 19, 24]]"
12a_0602_103,"[[18, 23, 19, 24], [20, 12, 21, 11], [22, 4, 23, 3], [24, 5, 1, 6], [2, 10, 3, 9], [4, 20, 5, 19], [6, 15, 7, 16], [8, 17, 9, 18], [10, 14, 11, 13], [12, 22, 13, 21], [14, 2, 15, 1], [16, 7, 17, 8]]"
12a_0602_104,"[[16, 7, 17, 8], [18, 23, 19, 24], [20, 12, 21, 11], [22, 4, 23, 3], [24, 5, 1, 6], [2, 10, 3, 9], [4, 20, 5, 19], [6, 15, 7, 16], [8, 17, 9, 18], [10, 14, 11, 13], [12, 22, 13, 21], [14, 2, 15, 1]]"
12a_0602_105,"[[14, 2, 15, 1], [16, 7, 17, 8], [18, 23, 19, 24], [20, 12, 21, 11], [22, 4, 23, 3], [24, 5, 1, 6], [2, 10, 3, 9], [4, 20, 5, 19], [6, 15, 7, 16], [8, 17, 9, 18], [10, 14, 11, 13], [12, 22, 13, 21]]"
12a_0602_106,"[[12, 22, 13, 21], [14, 2, 15, 1], [16, 7, 17, 8], [18, 23, 19, 24], [20, 12, 21, 11], [22, 4, 23, 3], [24, 5, 1, 6], [2, 10, 3, 9], [4, 20, 5, 19], [6, 15, 7, 16], [8, 17, 9, 18], [10, 14, 11, 13]]"
12a_0602_107,"[[10, 14, 11, 13], [12, 22, 13, 21], [14, 2, 15, 1], [16, 7, 17, 8], [18, 23, 19, 24], [20, 12, 21, 11], [22, 4, 23, 3], [24, 5, 1, 6], [2, 10, 3, 9], [4, 20, 5, 19], [6, 15, 7, 16], [8, 17, 9, 18]]"
12a_0602_108,"[[9, 18, 10, 19], [11, 15, 12, 14], [13, 23, 14, 22], [15, 3, 16, 2], [17, 8, 18, 9], [19, 24, 20, 1], [21, 13, 22, 12], [23, 5, 24, 4], [1, 6, 2, 7], [3, 11, 4, 10], [5, 21, 6, 20], [7, 16, 8, 17]]"
12a_0602_109,"[[7, 16, 8, 17], [9, 18, 10, 19], [11, 15, 12, 14], [13, 23, 14, 22], [15, 3, 16, 2], [17, 8, 18, 9], [19, 24, 20, 1], [21, 13, 22, 12], [23, 5, 24, 4], [1, 6, 2, 7], [3, 11, 4, 10], [5, 21, 6, 20]]"
12a_0602_110,"[[5, 21, 6, 20], [7, 16, 8, 17], [9, 18, 10, 19], [11, 15, 12, 14], [13, 23, 14, 22], [15, 3, 16, 2], [17, 8, 18, 9], [19, 24, 20, 1], [21, 13, 22, 12], [23, 5, 24, 4], [1, 6, 2, 7], [3, 11, 4, 10]]"
12a_0602_111,"[[3, 11, 4, 10], [5, 21, 6, 20], [7, 16, 8, 17], [9, 18, 10, 19], [11, 15, 12, 14], [13, 23, 14, 22], [15, 3, 16, 2], [17, 8, 18, 9], [19, 24, 20, 1], [21, 13, 22, 12], [23, 5, 24, 4], [1, 6, 2, 7]]"
12a_0602_112,"[[1, 6, 2, 7], [3, 11, 4, 10], [5, 21, 6, 20], [7, 16, 8, 17], [9, 18, 10, 19], [11, 15, 12, 14], [13, 23, 14, 22], [15, 3, 16, 2], [17, 8, 18, 9], [19, 24, 20, 1], [21, 13, 22, 12], [23, 5, 24, 4]]"
12a_0602_113,"[[23, 5, 24, 4], [1, 6, 2, 7], [3, 11, 4, 10], [5, 21, 6, 20], [7, 16, 8, 17], [9, 18, 10, 19], [11, 15, 12, 14], [13, 23, 14, 22], [15, 3, 16, 2], [17, 8, 18, 9], [19, 24, 20, 1], [21, 13, 22, 12]]"
12a_0602_114,"[[21, 13, 22, 12], [23, 5, 24, 4], [1, 6, 2, 7], [3, 11, 4, 10], [5, 21, 6, 20], [7, 16, 8, 17], [9, 18, 10, 19], [11, 15, 12, 14], [13, 23, 14, 22], [15, 3, 16, 2], [17, 8, 18, 9], [19, 24, 20, 1]]"
12a_0602_115,"[[19, 24, 20, 1], [21, 13, 22, 12], [23, 5, 24, 4], [1, 6, 2, 7], [3, 11, 4, 10], [5, 21, 6, 20], [7, 16, 8, 17], [9, 18, 10, 19], [11, 15, 12, 14], [13, 23, 14, 22], [15, 3, 16, 2], [17, 8, 18, 9]]"
12a_0602_116,"[[17, 8, 18, 9], [19, 24, 20, 1], [21, 13, 22, 12], [23, 5, 24, 4], [1, 6, 2, 7], [3, 11, 4, 10], [5, 21, 6, 20], [7, 16, 8, 17], [9, 18, 10, 19], [11, 15, 12, 14], [13, 23, 14, 22], [15, 3, 16, 2]]"
12a_0602_117,"[[15, 3, 16, 2], [17, 8, 18, 9], [19, 24, 20, 1], [21, 13, 22, 12], [23, 5, 24, 4], [1, 6, 2, 7], [3, 11, 4, 10], [5, 21, 6, 20], [7, 16, 8, 17], [9, 18, 10, 19], [11, 15, 12, 14], [13, 23, 14, 22]]"
12a_0602_118,"[[13, 23, 14, 22], [15, 3, 16, 2], [17, 8, 18, 9], [19, 24, 20, 1], [21, 13, 22, 12], [23, 5, 24, 4], [1, 6, 2, 7], [3, 11, 4, 10], [5, 21, 6, 20], [7, 16, 8, 17], [9, 18, 10, 19], [11, 15, 12, 14]]"
12a_0602_119,"[[11, 15, 12, 14], [13, 23, 14, 22], [15, 3, 16, 2], [17, 8, 18, 9], [19, 24, 20, 1], [21, 13, 22, 12], [23, 5, 24, 4], [1, 6, 2, 7], [3, 11, 4, 10], [5, 21, 6, 20], [7, 16, 8, 17], [9, 18, 10, 19]]"
12a_0602_120,"[[10, 19, 11, 20], [12, 16, 13, 15], [14, 24, 15, 23], [16, 4, 17, 3], [18, 9, 19, 10], [20, 1, 21, 2], [22, 14, 23, 13], [24, 6, 1, 5], [2, 7, 3, 8], [4, 12, 5, 11], [6, 22, 7, 21], [8, 17, 9, 18]]"
12a_0602_121,"[[8, 17, 9, 18], [10, 19, 11, 20], [12, 16, 13, 15], [14, 24, 15, 23], [16, 4, 17, 3], [18, 9, 19, 10], [20, 1, 21, 2], [22, 14, 23, 13], [24, 6, 1, 5], [2, 7, 3, 8], [4, 12, 5, 11], [6, 22, 7, 21]]"
12a_0602_122,"[[6, 22, 7, 21], [8, 17, 9, 18], [10, 19, 11, 20], [12, 16, 13, 15], [14, 24, 15, 23], [16, 4, 17, 3], [18, 9, 19, 10], [20, 1, 21, 2], [22, 14, 23, 13], [24, 6, 1, 5], [2, 7, 3, 8], [4, 12, 5, 11]]"
12a_0602_123,"[[4, 12, 5, 11], [6, 22, 7, 21], [8, 17, 9, 18], [10, 19, 11, 20], [12, 16, 13, 15], [14, 24, 15, 23], [16, 4, 17, 3], [18, 9, 19, 10], [20, 1, 21, 2], [22, 14, 23, 13], [24, 6, 1, 5], [2, 7, 3, 8]]"
12a_0602_124,"[[2, 7, 3, 8], [4, 12, 5, 11], [6, 22, 7, 21], [8, 17, 9, 18], [10, 19, 11, 20], [12, 16, 13, 15], [14, 24, 15, 23], [16, 4, 17, 3], [18, 9, 19, 10], [20, 1, 21, 2], [22, 14, 23, 13], [24, 6, 1, 5]]"
12a_0602_125,"[[24, 6, 1, 5], [2, 7, 3, 8], [4, 12, 5, 11], [6, 22, 7, 21], [8, 17, 9, 18], [10, 19, 11, 20], [12, 16, 13, 15], [14, 24, 15, 23], [16, 4, 17, 3], [18, 9, 19, 10], [20, 1, 21, 2], [22, 14, 23, 13]]"
12a_0602_126,"[[22, 14, 23, 13], [24, 6, 1, 5], [2, 7, 3, 8], [4, 12, 5, 11], [6, 22, 7, 21], [8, 17, 9, 18], [10, 19, 11, 20], [12, 16, 13, 15], [14, 24, 15, 23], [16, 4, 17, 3], [18, 9, 19, 10], [20, 1, 21, 2]]"
12a_0602_127,"[[20, 1, 21, 2], [22, 14, 23, 13], [24, 6, 1, 5], [2, 7, 3, 8], [4, 12, 5, 11], [6, 22, 7, 21], [8, 17, 9, 18], [10, 19, 11, 20], [12, 16, 13, 15], [14, 24, 15, 23], [16, 4, 17, 3], [18, 9, 19, 10]]"
12a_0602_128,"[[18, 9, 19, 10], [20, 1, 21, 2], [22, 14, 23, 13], [24, 6, 1, 5], [2, 7, 3, 8], [4, 12, 5, 11], [6, 22, 7, 21], [8, 17, 9, 18], [10, 19, 11, 20], [12, 16, 13, 15], [14, 24, 15, 23], [16, 4, 17, 3]]"
12a_0602_129,"[[16, 4, 17, 3], [18, 9, 19, 10], [20, 1, 21, 2], [22, 14, 23, 13], [24, 6, 1, 5], [2, 7, 3, 8], [4, 12, 5, 11], [6, 22, 7, 21], [8, 17, 9, 18], [10, 19, 11, 20], [12, 16, 13, 15], [14, 24, 15, 23]]"
12a_0602_130,"[[14, 24, 15, 23], [16, 4, 17, 3], [18, 9, 19, 10], [20, 1, 21, 2], [22, 14, 23, 13], [24, 6, 1, 5], [2, 7, 3, 8], [4, 12, 5, 11], [6, 22, 7, 21], [8, 17, 9, 18], [10, 19, 11, 20], [12, 16, 13, 15]]"
12a_0602_131,"[[12, 16, 13, 15], [14, 24, 15, 23], [16, 4, 17, 3], [18, 9, 19, 10], [20, 1, 21, 2], [22, 14, 23, 13], [24, 6, 1, 5], [2, 7, 3, 8], [4, 12, 5, 11], [6, 22, 7, 21], [8, 17, 9, 18], [10, 19, 11, 20]]"
12a_0602_132,"[[11, 20, 12, 21], [13, 17, 14, 16], [15, 1, 16, 24], [17, 5, 18, 4], [19, 10, 20, 11], [21, 2, 22, 3], [23, 15, 24, 14], [1, 7, 2, 6], [3, 8, 4, 9], [5, 13, 6, 12], [7, 23, 8, 22], [9, 18, 10, 19]]"
12a_0602_133,"[[9, 18, 10, 19], [11, 20, 12, 21], [13, 17, 14, 16], [15, 1, 16, 24], [17, 5, 18, 4], [19, 10, 20, 11], [21, 2, 22, 3], [23, 15, 24, 14], [1, 7, 2, 6], [3, 8, 4, 9], [5, 13, 6, 12], [7, 23, 8, 22]]"
12a_0602_134,"[[7, 23, 8, 22], [9, 18, 10, 19], [11, 20, 12, 21], [13, 17, 14, 16], [15, 1, 16, 24], [17, 5, 18, 4], [19, 10, 20, 11], [21, 2, 22, 3], [23, 15, 24, 14], [1, 7, 2, 6], [3, 8, 4, 9], [5, 13, 6, 12]]"
12a_0602_135,"[[5, 13, 6, 12], [7, 23, 8, 22], [9, 18, 10, 19], [11, 20, 12, 21], [13, 17, 14, 16], [15, 1, 16, 24], [17, 5, 18, 4], [19, 10, 20, 11], [21, 2, 22, 3], [23, 15, 24, 14], [1, 7, 2, 6], [3, 8, 4, 9]]"
12a_0602_136,"[[3, 8, 4, 9], [5, 13, 6, 12], [7, 23, 8, 22], [9, 18, 10, 19], [11, 20, 12, 21], [13, 17, 14, 16], [15, 1, 16, 24], [17, 5, 18, 4], [19, 10, 20, 11], [21, 2, 22, 3], [23, 15, 24, 14], [1, 7, 2, 6]]"
12a_0602_137,"[[1, 7, 2, 6], [3, 8, 4, 9], [5, 13, 6, 12], [7, 23, 8, 22], [9, 18, 10, 19], [11, 20, 12, 21], [13, 17, 14, 16], [15, 1, 16, 24], [17, 5, 18, 4], [19, 10, 20, 11], [21, 2, 22, 3], [23, 15, 24, 14]]"
12a_0602_138,"[[23, 15, 24, 14], [1, 7, 2, 6], [3, 8, 4, 9], [5, 13, 6, 12], [7, 23, 8, 22], [9, 18, 10, 19], [11, 20, 12, 21], [13, 17, 14, 16], [15, 1, 16, 24], [17, 5, 18, 4], [19, 10, 20, 11], [21, 2, 22, 3]]"
12a_0602_139,"[[21, 2, 22, 3], [23, 15, 24, 14], [1, 7, 2, 6], [3, 8, 4, 9], [5, 13, 6, 12], [7, 23, 8, 22], [9, 18, 10, 19], [11, 20, 12, 21], [13, 17, 14, 16], [15, 1, 16, 24], [17, 5, 18, 4], [19, 10, 20, 11]]"
12a_0602_140,"[[19, 10, 20, 11], [21, 2, 22, 3], [23, 15, 24, 14], [1, 7, 2, 6], [3, 8, 4, 9], [5, 13, 6, 12], [7, 23, 8, 22], [9, 18, 10, 19], [11, 20, 12, 21], [13, 17, 14, 16], [15, 1, 16, 24], [17, 5, 18, 4]]"
12a_0602_141,"[[17, 5, 18, 4], [19, 10, 20, 11], [21, 2, 22, 3], [23, 15, 24, 14], [1, 7, 2, 6], [3, 8, 4, 9], [5, 13, 6, 12], [7, 23, 8, 22], [9, 18, 10, 19], [11, 20, 12, 21], [13, 17, 14, 16], [15, 1, 16, 24]]"
12a_0602_142,"[[15, 1, 16, 24], [17, 5, 18, 4], [19, 10, 20, 11], [21, 2, 22, 3], [23, 15, 24, 14], [1, 7, 2, 6], [3, 8, 4, 9], [5, 13, 6, 12], [7, 23, 8, 22], [9, 18, 10, 19], [11, 20, 12, 21], [13, 17, 14, 16]]"
12a_0602_143,"[[13, 17, 14, 16], [15, 1, 16, 24], [17, 5, 18, 4], [19, 10, 20, 11], [21, 2, 22, 3], [23, 15, 24, 14], [1, 7, 2, 6], [3, 8, 4, 9], [5, 13, 6, 12], [7, 23, 8, 22], [9, 18, 10, 19], [11, 20, 12, 21]]"
12a_0602_144,"[[12, 21, 13, 22], [14, 18, 15, 17], [16, 2, 17, 1], [18, 6, 19, 5], [20, 11, 21, 12], [22, 3, 23, 4], [24, 16, 1, 15], [2, 8, 3, 7], [4, 9, 5, 10], [6, 14, 7, 13], [8, 24, 9, 23], [10, 19, 11, 20]]"
12a_0602_145,"[[10, 19, 11, 20], [12, 21, 13, 22], [14, 18, 15, 17], [16, 2, 17, 1], [18, 6, 19, 5], [20, 11, 21, 12], [22, 3, 23, 4], [24, 16, 1, 15], [2, 8, 3, 7], [4, 9, 5, 10], [6, 14, 7, 13], [8, 24, 9, 23]]"
12a_0602_146,"[[8, 24, 9, 23], [10, 19, 11, 20], [12, 21, 13, 22], [14, 18, 15, 17], [16, 2, 17, 1], [18, 6, 19, 5], [20, 11, 21, 12], [22, 3, 23, 4], [24, 16, 1, 15], [2, 8, 3, 7], [4, 9, 5, 10], [6, 14, 7, 13]]"
12a_0602_147,"[[6, 14, 7, 13], [8, 24, 9, 23], [10, 19, 11, 20], [12, 21, 13, 22], [14, 18, 15, 17], [16, 2, 17, 1], [18, 6, 19, 5], [20, 11, 21, 12], [22, 3, 23, 4], [24, 16, 1, 15], [2, 8, 3, 7], [4, 9, 5, 10]]"
12a_0602_148,"[[4, 9, 5, 10], [6, 14, 7, 13], [8, 24, 9, 23], [10, 19, 11, 20], [12, 21, 13, 22], [14, 18, 15, 17], [16, 2, 17, 1], [18, 6, 19, 5], [20, 11, 21, 12], [22, 3, 23, 4], [24, 16, 1, 15], [2, 8, 3, 7]]"
12a_0602_149,"[[2, 8, 3, 7], [4, 9, 5, 10], [6, 14, 7, 13], [8, 24, 9, 23], [10, 19, 11, 20], [12, 21, 13, 22], [14, 18, 15, 17], [16, 2, 17, 1], [18, 6, 19, 5], [20, 11, 21, 12], [22, 3, 23, 4], [24, 16, 1, 15]]"
12a_0602_150,"[[24, 16, 1, 15], [2, 8, 3, 7], [4, 9, 5, 10], [6, 14, 7, 13], [8, 24, 9, 23], [10, 19, 11, 20], [12, 21, 13, 22], [14, 18, 15, 17], [16, 2, 17, 1], [18, 6, 19, 5], [20, 11, 21, 12], [22, 3, 23, 4]]"
12a_0602_151,"[[22, 3, 23, 4], [24, 16, 1, 15], [2, 8, 3, 7], [4, 9, 5, 10], [6, 14, 7, 13], [8, 24, 9, 23], [10, 19, 11, 20], [12, 21, 13, 22], [14, 18, 15, 17], [16, 2, 17, 1], [18, 6, 19, 5], [20, 11, 21, 12]]"
12a_0602_152,"[[20, 11, 21, 12], [22, 3, 23, 4], [24, 16, 1, 15], [2, 8, 3, 7], [4, 9, 5, 10], [6, 14, 7, 13], [8, 24, 9, 23], [10, 19, 11, 20], [12, 21, 13, 22], [14, 18, 15, 17], [16, 2, 17, 1], [18, 6, 19, 5]]"
12a_0602_153,"[[18, 6, 19, 5], [20, 11, 21, 12], [22, 3, 23, 4], [24, 16, 1, 15], [2, 8, 3, 7], [4, 9, 5, 10], [6, 14, 7, 13], [8, 24, 9, 23], [10, 19, 11, 20], [12, 21, 13, 22], [14, 18, 15, 17], [16, 2, 17, 1]]"
12a_0602_154,"[[16, 2, 17, 1], [18, 6, 19, 5], [20, 11, 21, 12], [22, 3, 23, 4], [24, 16, 1, 15], [2, 8, 3, 7], [4, 9, 5, 10], [6, 14, 7, 13], [8, 24, 9, 23], [10, 19, 11, 20], [12, 21, 13, 22], [14, 18, 15, 17]]"
12a_0602_155,"[[14, 18, 15, 17], [16, 2, 17, 1], [18, 6, 19, 5], [20, 11, 21, 12], [22, 3, 23, 4], [24, 16, 1, 15], [2, 8, 3, 7], [4, 9, 5, 10], [6, 14, 7, 13], [8, 24, 9, 23], [10, 19, 11, 20], [12, 21, 13, 22]]"
12a_0602_156,"[[13, 22, 14, 23], [15, 19, 16, 18], [17, 3, 18, 2], [19, 7, 20, 6], [21, 12, 22, 13], [23, 4, 24, 5], [1, 17, 2, 16], [3, 9, 4, 8], [5, 10, 6, 11], [7, 15, 8, 14], [9, 1, 10, 24], [11, 20, 12, 21]]"
12a_0602_157,"[[11, 20, 12, 21], [13, 22, 14, 23], [15, 19, 16, 18], [17, 3, 18, 2], [19, 7, 20, 6], [21, 12, 22, 13], [23, 4, 24, 5], [1, 17, 2, 16], [3, 9, 4, 8], [5, 10, 6, 11], [7, 15, 8, 14], [9, 1, 10, 24]]"
12a_0602_158,"[[9, 1, 10, 24], [11, 20, 12, 21], [13, 22, 14, 23], [15, 19, 16, 18], [17, 3, 18, 2], [19, 7, 20, 6], [21, 12, 22, 13], [23, 4, 24, 5], [1, 17, 2, 16], [3, 9, 4, 8], [5, 10, 6, 11], [7, 15, 8, 14]]"
12a_0602_159,"[[7, 15, 8, 14], [9, 1, 10, 24], [11, 20, 12, 21], [13, 22, 14, 23], [15, 19, 16, 18], [17, 3, 18, 2], [19, 7, 20, 6], [21, 12, 22, 13], [23, 4, 24, 5], [1, 17, 2, 16], [3, 9, 4, 8], [5, 10, 6, 11]]"
12a_0602_160,"[[5, 10, 6, 11], [7, 15, 8, 14], [9, 1, 10, 24], [11, 20, 12, 21], [13, 22, 14, 23], [15, 19, 16, 18], [17, 3, 18, 2], [19, 7, 20, 6], [21, 12, 22, 13], [23, 4, 24, 5], [1, 17, 2, 16], [3, 9, 4, 8]]"
12a_0602_161,"[[3, 9, 4, 8], [5, 10, 6, 11], [7, 15, 8, 14], [9, 1, 10, 24], [11, 20, 12, 21], [13, 22, 14, 23], [15, 19, 16, 18], [17, 3, 18, 2], [19, 7, 20, 6], [21, 12, 22, 13], [23, 4, 24, 5], [1, 17, 2, 16]]"
12a_0602_162,"[[1, 17, 2, 16], [3, 9, 4, 8], [5, 10, 6, 11], [7, 15, 8, 14], [9, 1, 10, 24], [11, 20, 12, 21], [13, 22, 14, 23], [15, 19, 16, 18], [17, 3, 18, 2], [19, 7, 20, 6], [21, 12, 22, 13], [23, 4, 24, 5]]"
12a_0602_163,"[[23, 4, 24, 5], [1, 17, 2, 16], [3, 9, 4, 8], [5, 10, 6, 11], [7, 15, 8, 14], [9, 1, 10, 24], [11, 20, 12, 21], [13, 22, 14, 23], [15, 19, 16, 18], [17, 3, 18, 2], [19, 7, 20, 6], [21, 12, 22, 13]]"
12a_0602_164,"[[21, 12, 22, 13], [23, 4, 24, 5], [1, 17, 2, 16], [3, 9, 4, 8], [5, 10, 6, 11], [7, 15, 8, 14], [9, 1, 10, 24], [11, 20, 12, 21], [13, 22, 14, 23], [15, 19, 16, 18], [17, 3, 18, 2], [19, 7, 20, 6]]"
12a_0602_165,"[[19, 7, 20, 6], [21, 12, 22, 13], [23, 4, 24, 5], [1, 17, 2, 16], [3, 9, 4, 8], [5, 10, 6, 11], [7, 15, 8, 14], [9, 1, 10, 24], [11, 20, 12, 21], [13, 22, 14, 23], [15, 19, 16, 18], [17, 3, 18, 2]]"
12a_0602_166,"[[17, 3, 18, 2], [19, 7, 20, 6], [21, 12, 22, 13], [23, 4, 24, 5], [1, 17, 2, 16], [3, 9, 4, 8], [5, 10, 6, 11], [7, 15, 8, 14], [9, 1, 10, 24], [11, 20, 12, 21], [13, 22, 14, 23], [15, 19, 16, 18]]"
12a_0602_167,"[[15, 19, 16, 18], [17, 3, 18, 2], [19, 7, 20, 6], [21, 12, 22, 13], [23, 4, 24, 5], [1, 17, 2, 16], [3, 9, 4, 8], [5, 10, 6, 11], [7, 15, 8, 14], [9, 1, 10, 24], [11, 20, 12, 21], [13, 22, 14, 23]]"
12a_0602_168,"[[14, 23, 15, 24], [16, 20, 17, 19], [18, 4, 19, 3], [20, 8, 21, 7], [22, 13, 23, 14], [24, 5, 1, 6], [2, 18, 3, 17], [4, 10, 5, 9], [6, 11, 7, 12], [8, 16, 9, 15], [10, 2, 11, 1], [12, 21, 13, 22]]"
12a_0602_169,"[[12, 21, 13, 22], [14, 23, 15, 24], [16, 20, 17, 19], [18, 4, 19, 3], [20, 8, 21, 7], [22, 13, 23, 14], [24, 5, 1, 6], [2, 18, 3, 17], [4, 10, 5, 9], [6, 11, 7, 12], [8, 16, 9, 15], [10, 2, 11, 1]]"
12a_0602_170,"[[10, 2, 11, 1], [12, 21, 13, 22], [14, 23, 15, 24], [16, 20, 17, 19], [18, 4, 19, 3], [20, 8, 21, 7], [22, 13, 23, 14], [24, 5, 1, 6], [2, 18, 3, 17], [4, 10, 5, 9], [6, 11, 7, 12], [8, 16, 9, 15]]"
12a_0602_171,"[[8, 16, 9, 15], [10, 2, 11, 1], [12, 21, 13, 22], [14, 23, 15, 24], [16, 20, 17, 19], [18, 4, 19, 3], [20, 8, 21, 7], [22, 13, 23, 14], [24, 5, 1, 6], [2, 18, 3, 17], [4, 10, 5, 9], [6, 11, 7, 12]]"
12a_0602_172,"[[6, 11, 7, 12], [8, 16, 9, 15], [10, 2, 11, 1], [12, 21, 13, 22], [14, 23, 15, 24], [16, 20, 17, 19], [18, 4, 19, 3], [20, 8, 21, 7], [22, 13, 23, 14], [24, 5, 1, 6], [2, 18, 3, 17], [4, 10, 5, 9]]"
12a_0602_173,"[[4, 10, 5, 9], [6, 11, 7, 12], [8, 16, 9, 15], [10, 2, 11, 1], [12, 21, 13, 22], [14, 23, 15, 24], [16, 20, 17, 19], [18, 4, 19, 3], [20, 8, 21, 7], [22, 13, 23, 14], [24, 5, 1, 6], [2, 18, 3, 17]]"
12a_0602_174,"[[2, 18, 3, 17], [4, 10, 5, 9], [6, 11, 7, 12], [8, 16, 9, 15], [10, 2, 11, 1], [12, 21, 13, 22], [14, 23, 15, 24], [16, 20, 17, 19], [18, 4, 19, 3], [20, 8, 21, 7], [22, 13, 23, 14], [24, 5, 1, 6]]"
12a_0602_175,"[[24, 5, 1, 6], [2, 18, 3, 17], [4, 10, 5, 9], [6, 11, 7, 12], [8, 16, 9, 15], [10, 2, 11, 1], [12, 21, 13, 22], [14, 23, 15, 24], [16, 20, 17, 19], [18, 4, 19, 3], [20, 8, 21, 7], [22, 13, 23, 14]]"
12a_0602_176,"[[22, 13, 23, 14], [24, 5, 1, 6], [2, 18, 3, 17], [4, 10, 5, 9], [6, 11, 7, 12], [8, 16, 9, 15], [10, 2, 11, 1], [12, 21, 13, 22], [14, 23, 15, 24], [16, 20, 17, 19], [18, 4, 19, 3], [20, 8, 21, 7]]"
12a_0602_177,"[[20, 8, 21, 7], [22, 13, 23, 14], [24, 5, 1, 6], [2, 18, 3, 17], [4, 10, 5, 9], [6, 11, 7, 12], [8, 16, 9, 15], [10, 2, 11, 1], [12, 21, 13, 22], [14, 23, 15, 24], [16, 20, 17, 19], [18, 4, 19, 3]]"
12a_0602_178,"[[18, 4, 19, 3], [20, 8, 21, 7], [22, 13, 23, 14], [24, 5, 1, 6], [2, 18, 3, 17], [4, 10, 5, 9], [6, 11, 7, 12], [8, 16, 9, 15], [10, 2, 11, 1], [12, 21, 13, 22], [14, 23, 15, 24], [16, 20, 17, 19]]"
12a_0602_179,"[[16, 20, 17, 19], [18, 4, 19, 3], [20, 8, 21, 7], [22, 13, 23, 14], [24, 5, 1, 6], [2, 18, 3, 17], [4, 10, 5, 9], [6, 11, 7, 12], [8, 16, 9, 15], [10, 2, 11, 1], [12, 21, 13, 22], [14, 23, 15, 24]]"
12a_0602_180,"[[15, 24, 16, 1], [17, 21, 18, 20], [19, 5, 20, 4], [21, 9, 22, 8], [23, 14, 24, 15], [1, 6, 2, 7], [3, 19, 4, 18], [5, 11, 6, 10], [7, 12, 8, 13], [9, 17, 10, 16], [11, 3, 12, 2], [13, 22, 14, 23]]"
12a_0602_181,"[[13, 22, 14, 23], [15, 24, 16, 1], [17, 21, 18, 20], [19, 5, 20, 4], [21, 9, 22, 8], [23, 14, 24, 15], [1, 6, 2, 7], [3, 19, 4, 18], [5, 11, 6, 10], [7, 12, 8, 13], [9, 17, 10, 16], [11, 3, 12, 2]]"
12a_0602_182,"[[11, 3, 12, 2], [13, 22, 14, 23], [15, 24, 16, 1], [17, 21, 18, 20], [19, 5, 20, 4], [21, 9, 22, 8], [23, 14, 24, 15], [1, 6, 2, 7], [3, 19, 4, 18], [5, 11, 6, 10], [7, 12, 8, 13], [9, 17, 10, 16]]"
12a_0602_183,"[[9, 17, 10, 16], [11, 3, 12, 2], [13, 22, 14, 23], [15, 24, 16, 1], [17, 21, 18, 20], [19, 5, 20, 4], [21, 9, 22, 8], [23, 14, 24, 15], [1, 6, 2, 7], [3, 19, 4, 18], [5, 11, 6, 10], [7, 12, 8, 13]]"
12a_0602_184,"[[7, 12, 8, 13], [9, 17, 10, 16], [11, 3, 12, 2], [13, 22, 14, 23], [15, 24, 16, 1], [17, 21, 18, 20], [19, 5, 20, 4], [21, 9, 22, 8], [23, 14, 24, 15], [1, 6, 2, 7], [3, 19, 4, 18], [5, 11, 6, 10]]"
12a_0602_185,"[[5, 11, 6, 10], [7, 12, 8, 13], [9, 17, 10, 16], [11, 3, 12, 2], [13, 22, 14, 23], [15, 24, 16, 1], [17, 21, 18, 20], [19, 5, 20, 4], [21, 9, 22, 8], [23, 14, 24, 15], [1, 6, 2, 7], [3, 19, 4, 18]]"
