name,pd_notation
12a_0647_0,"[[24, 16, 1, 15], [2, 6, 3, 5], [4, 14, 5, 13], [6, 20, 7, 19], [8, 22, 9, 21], [10, 18, 11, 17], [12, 4, 13, 3], [14, 24, 15, 23], [16, 10, 17, 9], [18, 12, 19, 11], [20, 8, 21, 7], [22, 2, 23, 1]]"
12a_0647_1,"[[22, 2, 23, 1], [24, 16, 1, 15], [2, 6, 3, 5], [4, 14, 5, 13], [6, 20, 7, 19], [8, 22, 9, 21], [10, 18, 11, 17], [12, 4, 13, 3], [14, 24, 15, 23], [16, 10, 17, 9], [18, 12, 19, 11], [20, 8, 21, 7]]"
12a_0647_2,"[[20, 8, 21, 7], [22, 2, 23, 1], [24, 16, 1, 15], [2, 6, 3, 5], [4, 14, 5, 13], [6, 20, 7, 19], [8, 22, 9, 21], [10, 18, 11, 17], [12, 4, 13, 3], [14, 24, 15, 23], [16, 10, 17, 9], [18, 12, 19, 11]]"
12a_0647_3,"[[18, 12, 19, 11], [20, 8, 21, 7], [22, 2, 23, 1], [24, 16, 1, 15], [2, 6, 3, 5], [4, 14, 5, 13], [6, 20, 7, 19], [8, 22, 9, 21], [10, 18, 11, 17], [12, 4, 13, 3], [14, 24, 15, 23], [16, 10, 17, 9]]"
12a_0647_4,"[[16, 10, 17, 9], [18, 12, 19, 11], [20, 8, 21, 7], [22, 2, 23, 1], [24, 16, 1, 15], [2, 6, 3, 5], [4, 14, 5, 13], [6, 20, 7, 19], [8, 22, 9, 21], [10, 18, 11, 17], [12, 4, 13, 3], [14, 24, 15, 23]]"
12a_0647_5,"[[14, 24, 15, 23], [16, 10, 17, 9], [18, 12, 19, 11], [20, 8, 21, 7], [22, 2, 23, 1], [24, 16, 1, 15], [2, 6, 3, 5], [4, 14, 5, 13], [6, 20, 7, 19], [8, 22, 9, 21], [10, 18, 11, 17], [12, 4, 13, 3]]"
12a_0647_6,"[[12, 4, 13, 3], [14, 24, 15, 23], [16, 10, 17, 9], [18, 12, 19, 11], [20, 8, 21, 7], [22, 2, 23, 1], [24, 16, 1, 15], [2, 6, 3, 5], [4, 14, 5, 13], [6, 20, 7, 19], [8, 22, 9, 21], [10, 18, 11, 17]]"
12a_0647_7,"[[10, 18, 11, 17], [12, 4, 13, 3], [14, 24, 15, 23], [16, 10, 17, 9], [18, 12, 19, 11], [20, 8, 21, 7], [22, 2, 23, 1], [24, 16, 1, 15], [2, 6, 3, 5], [4, 14, 5, 13], [6, 20, 7, 19], [8, 22, 9, 21]]"
12a_0647_8,"[[8, 22, 9, 21], [10, 18, 11, 17], [12, 4, 13, 3], [14, 24, 15, 23], [16, 10, 17, 9], [18, 12, 19, 11], [20, 8, 21, 7], [22, 2, 23, 1], [24, 16, 1, 15], [2, 6, 3, 5], [4, 14, 5, 13], [6, 20, 7, 19]]"
12a_0647_9,"[[6, 20, 7, 19], [8, 22, 9, 21], [10, 18, 11, 17], [12, 4, 13, 3], [14, 24, 15, 23], [16, 10, 17, 9], [18, 12, 19, 11], [20, 8, 21, 7], [22, 2, 23, 1], [24, 16, 1, 15], [2, 6, 3, 5], [4, 14, 5, 13]]"
12a_0647_10,"[[4, 14, 5, 13], [6, 20, 7, 19], [8, 22, 9, 21], [10, 18, 11, 17], [12, 4, 13, 3], [14, 24, 15, 23], [16, 10, 17, 9], [18, 12, 19, 11], [20, 8, 21, 7], [22, 2, 23, 1], [24, 16, 1, 15], [2, 6, 3, 5]]"
12a_0647_11,"[[2, 6, 3, 5], [4, 14, 5, 13], [6, 20, 7, 19], [8, 22, 9, 21], [10, 18, 11, 17], [12, 4, 13, 3], [14, 24, 15, 23], [16, 10, 17, 9], [18, 12, 19, 11], [20, 8, 21, 7], [22, 2, 23, 1], [24, 16, 1, 15]]"
12a_0647_12,"[[1, 17, 2, 16], [3, 7, 4, 6], [5, 15, 6, 14], [7, 21, 8, 20], [9, 23, 10, 22], [11, 19, 12, 18], [13, 5, 14, 4], [15, 1, 16, 24], [17, 11, 18, 10], [19, 13, 20, 12], [21, 9, 22, 8], [23, 3, 24, 2]]"
12a_0647_13,"[[23, 3, 24, 2], [1, 17, 2, 16], [3, 7, 4, 6], [5, 15, 6, 14], [7, 21, 8, 20], [9, 23, 10, 22], [11, 19, 12, 18], [13, 5, 14, 4], [15, 1, 16, 24], [17, 11, 18, 10], [19, 13, 20, 12], [21, 9, 22, 8]]"
12a_0647_14,"[[21, 9, 22, 8], [23, 3, 24, 2], [1, 17, 2, 16], [3, 7, 4, 6], [5, 15, 6, 14], [7, 21, 8, 20], [9, 23, 10, 22], [11, 19, 12, 18], [13, 5, 14, 4], [15, 1, 16, 24], [17, 11, 18, 10], [19, 13, 20, 12]]"
12a_0647_15,"[[19, 13, 20, 12], [21, 9, 22, 8], [23, 3, 24, 2], [1, 17, 2, 16], [3, 7, 4, 6], [5, 15, 6, 14], [7, 21, 8, 20], [9, 23, 10, 22], [11, 19, 12, 18], [13, 5, 14, 4], [15, 1, 16, 24], [17, 11, 18, 10]]"
12a_0647_16,"[[17, 11, 18, 10], [19, 13, 20, 12], [21, 9, 22, 8], [23, 3, 24, 2], [1, 17, 2, 16], [3, 7, 4, 6], [5, 15, 6, 14], [7, 21, 8, 20], [9, 23, 10, 22], [11, 19, 12, 18], [13, 5, 14, 4], [15, 1, 16, 24]]"
12a_0647_17,"[[15, 1, 16, 24], [17, 11, 18, 10], [19, 13, 20, 12], [21, 9, 22, 8], [23, 3, 24, 2], [1, 17, 2, 16], [3, 7, 4, 6], [5, 15, 6, 14], [7, 21, 8, 20], [9, 23, 10, 22], [11, 19, 12, 18], [13, 5, 14, 4]]"
12a_0647_18,"[[13, 5, 14, 4], [15, 1, 16, 24], [17, 11, 18, 10], [19, 13, 20, 12], [21, 9, 22, 8], [23, 3, 24, 2], [1, 17, 2, 16], [3, 7, 4, 6], [5, 15, 6, 14], [7, 21, 8, 20], [9, 23, 10, 22], [11, 19, 12, 18]]"
12a_0647_19,"[[11, 19, 12, 18], [13, 5, 14, 4], [15, 1, 16, 24], [17, 11, 18, 10], [19, 13, 20, 12], [21, 9, 22, 8], [23, 3, 24, 2], [1, 17, 2, 16], [3, 7, 4, 6], [5, 15, 6, 14], [7, 21, 8, 20], [9, 23, 10, 22]]"
12a_0647_20,"[[9, 23, 10, 22], [11, 19, 12, 18], [13, 5, 14, 4], [15, 1, 16, 24], [17, 11, 18, 10], [19, 13, 20, 12], [21, 9, 22, 8], [23, 3, 24, 2], [1, 17, 2, 16], [3, 7, 4, 6], [5, 15, 6, 14], [7, 21, 8, 20]]"
12a_0647_21,"[[7, 21, 8, 20], [9, 23, 10, 22], [11, 19, 12, 18], [13, 5, 14, 4], [15, 1, 16, 24], [17, 11, 18, 10], [19, 13, 20, 12], [21, 9, 22, 8], [23, 3, 24, 2], [1, 17, 2, 16], [3, 7, 4, 6], [5, 15, 6, 14]]"
12a_0647_22,"[[5, 15, 6, 14], [7, 21, 8, 20], [9, 23, 10, 22], [11, 19, 12, 18], [13, 5, 14, 4], [15, 1, 16, 24], [17, 11, 18, 10], [19, 13, 20, 12], [21, 9, 22, 8], [23, 3, 24, 2], [1, 17, 2, 16], [3, 7, 4, 6]]"
12a_0647_23,"[[3, 7, 4, 6], [5, 15, 6, 14], [7, 21, 8, 20], [9, 23, 10, 22], [11, 19, 12, 18], [13, 5, 14, 4], [15, 1, 16, 24], [17, 11, 18, 10], [19, 13, 20, 12], [21, 9, 22, 8], [23, 3, 24, 2], [1, 17, 2, 16]]"
12a_0647_24,"[[2, 18, 3, 17], [4, 8, 5, 7], [6, 16, 7, 15], [8, 22, 9, 21], [10, 24, 11, 23], [12, 20, 13, 19], [14, 6, 15, 5], [16, 2, 17, 1], [18, 12, 19, 11], [20, 14, 21, 13], [22, 10, 23, 9], [24, 4, 1, 3]]"
12a_0647_25,"[[24, 4, 1, 3], [2, 18, 3, 17], [4, 8, 5, 7], [6, 16, 7, 15], [8, 22, 9, 21], [10, 24, 11, 23], [12, 20, 13, 19], [14, 6, 15, 5], [16, 2, 17, 1], [18, 12, 19, 11], [20, 14, 21, 13], [22, 10, 23, 9]]"
12a_0647_26,"[[22, 10, 23, 9], [24, 4, 1, 3], [2, 18, 3, 17], [4, 8, 5, 7], [6, 16, 7, 15], [8, 22, 9, 21], [10, 24, 11, 23], [12, 20, 13, 19], [14, 6, 15, 5], [16, 2, 17, 1], [18, 12, 19, 11], [20, 14, 21, 13]]"
12a_0647_27,"[[20, 14, 21, 13], [22, 10, 23, 9], [24, 4, 1, 3], [2, 18, 3, 17], [4, 8, 5, 7], [6, 16, 7, 15], [8, 22, 9, 21], [10, 24, 11, 23], [12, 20, 13, 19], [14, 6, 15, 5], [16, 2, 17, 1], [18, 12, 19, 11]]"
12a_0647_28,"[[18, 12, 19, 11], [20, 14, 21, 13], [22, 10, 23, 9], [24, 4, 1, 3], [2, 18, 3, 17], [4, 8, 5, 7], [6, 16, 7, 15], [8, 22, 9, 21], [10, 24, 11, 23], [12, 20, 13, 19], [14, 6, 15, 5], [16, 2, 17, 1]]"
12a_0647_29,"[[16, 2, 17, 1], [18, 12, 19, 11], [20, 14, 21, 13], [22, 10, 23, 9], [24, 4, 1, 3], [2, 18, 3, 17], [4, 8, 5, 7], [6, 16, 7, 15], [8, 22, 9, 21], [10, 24, 11, 23], [12, 20, 13, 19], [14, 6, 15, 5]]"
12a_0647_30,"[[14, 6, 15, 5], [16, 2, 17, 1], [18, 12, 19, 11], [20, 14, 21, 13], [22, 10, 23, 9], [24, 4, 1, 3], [2, 18, 3, 17], [4, 8, 5, 7], [6, 16, 7, 15], [8, 22, 9, 21], [10, 24, 11, 23], [12, 20, 13, 19]]"
12a_0647_31,"[[12, 20, 13, 19], [14, 6, 15, 5], [16, 2, 17, 1], [18, 12, 19, 11], [20, 14, 21, 13], [22, 10, 23, 9], [24, 4, 1, 3], [2, 18, 3, 17], [4, 8, 5, 7], [6, 16, 7, 15], [8, 22, 9, 21], [10, 24, 11, 23]]"
12a_0647_32,"[[10, 24, 11, 23], [12, 20, 13, 19], [14, 6, 15, 5], [16, 2, 17, 1], [18, 12, 19, 11], [20, 14, 21, 13], [22, 10, 23, 9], [24, 4, 1, 3], [2, 18, 3, 17], [4, 8, 5, 7], [6, 16, 7, 15], [8, 22, 9, 21]]"
12a_0647_33,"[[8, 22, 9, 21], [10, 24, 11, 23], [12, 20, 13, 19], [14, 6, 15, 5], [16, 2, 17, 1], [18, 12, 19, 11], [20, 14, 21, 13], [22, 10, 23, 9], [24, 4, 1, 3], [2, 18, 3, 17], [4, 8, 5, 7], [6, 16, 7, 15]]"
12a_0647_34,"[[6, 16, 7, 15], [8, 22, 9, 21], [10, 24, 11, 23], [12, 20, 13, 19], [14, 6, 15, 5], [16, 2, 17, 1], [18, 12, 19, 11], [20, 14, 21, 13], [22, 10, 23, 9], [24, 4, 1, 3], [2, 18, 3, 17], [4, 8, 5, 7]]"
12a_0647_35,"[[4, 8, 5, 7], [6, 16, 7, 15], [8, 22, 9, 21], [10, 24, 11, 23], [12, 20, 13, 19], [14, 6, 15, 5], [16, 2, 17, 1], [18, 12, 19, 11], [20, 14, 21, 13], [22, 10, 23, 9], [24, 4, 1, 3], [2, 18, 3, 17]]"
12a_0647_36,"[[3, 19, 4, 18], [5, 9, 6, 8], [7, 17, 8, 16], [9, 23, 10, 22], [11, 1, 12, 24], [13, 21, 14, 20], [15, 7, 16, 6], [17, 3, 18, 2], [19, 13, 20, 12], [21, 15, 22, 14], [23, 11, 24, 10], [1, 5, 2, 4]]"
12a_0647_37,"[[1, 5, 2, 4], [3, 19, 4, 18], [5, 9, 6, 8], [7, 17, 8, 16], [9, 23, 10, 22], [11, 1, 12, 24], [13, 21, 14, 20], [15, 7, 16, 6], [17, 3, 18, 2], [19, 13, 20, 12], [21, 15, 22, 14], [23, 11, 24, 10]]"
12a_0647_38,"[[23, 11, 24, 10], [1, 5, 2, 4], [3, 19, 4, 18], [5, 9, 6, 8], [7, 17, 8, 16], [9, 23, 10, 22], [11, 1, 12, 24], [13, 21, 14, 20], [15, 7, 16, 6], [17, 3, 18, 2], [19, 13, 20, 12], [21, 15, 22, 14]]"
12a_0647_39,"[[21, 15, 22, 14], [23, 11, 24, 10], [1, 5, 2, 4], [3, 19, 4, 18], [5, 9, 6, 8], [7, 17, 8, 16], [9, 23, 10, 22], [11, 1, 12, 24], [13, 21, 14, 20], [15, 7, 16, 6], [17, 3, 18, 2], [19, 13, 20, 12]]"
12a_0647_40,"[[19, 13, 20, 12], [21, 15, 22, 14], [23, 11, 24, 10], [1, 5, 2, 4], [3, 19, 4, 18], [5, 9, 6, 8], [7, 17, 8, 16], [9, 23, 10, 22], [11, 1, 12, 24], [13, 21, 14, 20], [15, 7, 16, 6], [17, 3, 18, 2]]"
12a_0647_41,"[[17, 3, 18, 2], [19, 13, 20, 12], [21, 15, 22, 14], [23, 11, 24, 10], [1, 5, 2, 4], [3, 19, 4, 18], [5, 9, 6, 8], [7, 17, 8, 16], [9, 23, 10, 22], [11, 1, 12, 24], [13, 21, 14, 20], [15, 7, 16, 6]]"
12a_0647_42,"[[15, 7, 16, 6], [17, 3, 18, 2], [19, 13, 20, 12], [21, 15, 22, 14], [23, 11, 24, 10], [1, 5, 2, 4], [3, 19, 4, 18], [5, 9, 6, 8], [7, 17, 8, 16], [9, 23, 10, 22], [11, 1, 12, 24], [13, 21, 14, 20]]"
12a_0647_43,"[[13, 21, 14, 20], [15, 7, 16, 6], [17, 3, 18, 2], [19, 13, 20, 12], [21, 15, 22, 14], [23, 11, 24, 10], [1, 5, 2, 4], [3, 19, 4, 18], [5, 9, 6, 8], [7, 17, 8, 16], [9, 23, 10, 22], [11, 1, 12, 24]]"
12a_0647_44,"[[11, 1, 12, 24], [13, 21, 14, 20], [15, 7, 16, 6], [17, 3, 18, 2], [19, 13, 20, 12], [21, 15, 22, 14], [23, 11, 24, 10], [1, 5, 2, 4], [3, 19, 4, 18], [5, 9, 6, 8], [7, 17, 8, 16], [9, 23, 10, 22]]"
12a_0647_45,"[[9, 23, 10, 22], [11, 1, 12, 24], [13, 21, 14, 20], [15, 7, 16, 6], [17, 3, 18, 2], [19, 13, 20, 12], [21, 15, 22, 14], [23, 11, 24, 10], [1, 5, 2, 4], [3, 19, 4, 18], [5, 9, 6, 8], [7, 17, 8, 16]]"
12a_0647_46,"[[7, 17, 8, 16], [9, 23, 10, 22], [11, 1, 12, 24], [13, 21, 14, 20], [15, 7, 16, 6], [17, 3, 18, 2], [19, 13, 20, 12], [21, 15, 22, 14], [23, 11, 24, 10], [1, 5, 2, 4], [3, 19, 4, 18], [5, 9, 6, 8]]"
12a_0647_47,"[[5, 9, 6, 8], [7, 17, 8, 16], [9, 23, 10, 22], [11, 1, 12, 24], [13, 21, 14, 20], [15, 7, 16, 6], [17, 3, 18, 2], [19, 13, 20, 12], [21, 15, 22, 14], [23, 11, 24, 10], [1, 5, 2, 4], [3, 19, 4, 18]]"
12a_0647_48,"[[4, 20, 5, 19], [6, 10, 7, 9], [8, 18, 9, 17], [10, 24, 11, 23], [12, 2, 13, 1], [14, 22, 15, 21], [16, 8, 17, 7], [18, 4, 19, 3], [20, 14, 21, 13], [22, 16, 23, 15], [24, 12, 1, 11], [2, 6, 3, 5]]"
12a_0647_49,"[[2, 6, 3, 5], [4, 20, 5, 19], [6, 10, 7, 9], [8, 18, 9, 17], [10, 24, 11, 23], [12, 2, 13, 1], [14, 22, 15, 21], [16, 8, 17, 7], [18, 4, 19, 3], [20, 14, 21, 13], [22, 16, 23, 15], [24, 12, 1, 11]]"
12a_0647_50,"[[24, 12, 1, 11], [2, 6, 3, 5], [4, 20, 5, 19], [6, 10, 7, 9], [8, 18, 9, 17], [10, 24, 11, 23], [12, 2, 13, 1], [14, 22, 15, 21], [16, 8, 17, 7], [18, 4, 19, 3], [20, 14, 21, 13], [22, 16, 23, 15]]"
12a_0647_51,"[[22, 16, 23, 15], [24, 12, 1, 11], [2, 6, 3, 5], [4, 20, 5, 19], [6, 10, 7, 9], [8, 18, 9, 17], [10, 24, 11, 23], [12, 2, 13, 1], [14, 22, 15, 21], [16, 8, 17, 7], [18, 4, 19, 3], [20, 14, 21, 13]]"
12a_0647_52,"[[20, 14, 21, 13], [22, 16, 23, 15], [24, 12, 1, 11], [2, 6, 3, 5], [4, 20, 5, 19], [6, 10, 7, 9], [8, 18, 9, 17], [10, 24, 11, 23], [12, 2, 13, 1], [14, 22, 15, 21], [16, 8, 17, 7], [18, 4, 19, 3]]"
12a_0647_53,"[[18, 4, 19, 3], [20, 14, 21, 13], [22, 16, 23, 15], [24, 12, 1, 11], [2, 6, 3, 5], [4, 20, 5, 19], [6, 10, 7, 9], [8, 18, 9, 17], [10, 24, 11, 23], [12, 2, 13, 1], [14, 22, 15, 21], [16, 8, 17, 7]]"
12a_0647_54,"[[16, 8, 17, 7], [18, 4, 19, 3], [20, 14, 21, 13], [22, 16, 23, 15], [24, 12, 1, 11], [2, 6, 3, 5], [4, 20, 5, 19], [6, 10, 7, 9], [8, 18, 9, 17], [10, 24, 11, 23], [12, 2, 13, 1], [14, 22, 15, 21]]"
12a_0647_55,"[[14, 22, 15, 21], [16, 8, 17, 7], [18, 4, 19, 3], [20, 14, 21, 13], [22, 16, 23, 15], [24, 12, 1, 11], [2, 6, 3, 5], [4, 20, 5, 19], [6, 10, 7, 9], [8, 18, 9, 17], [10, 24, 11, 23], [12, 2, 13, 1]]"
12a_0647_56,"[[12, 2, 13, 1], [14, 22, 15, 21], [16, 8, 17, 7], [18, 4, 19, 3], [20, 14, 21, 13], [22, 16, 23, 15], [24, 12, 1, 11], [2, 6, 3, 5], [4, 20, 5, 19], [6, 10, 7, 9], [8, 18, 9, 17], [10, 24, 11, 23]]"
12a_0647_57,"[[10, 24, 11, 23], [12, 2, 13, 1], [14, 22, 15, 21], [16, 8, 17, 7], [18, 4, 19, 3], [20, 14, 21, 13], [22, 16, 23, 15], [24, 12, 1, 11], [2, 6, 3, 5], [4, 20, 5, 19], [6, 10, 7, 9], [8, 18, 9, 17]]"
12a_0647_58,"[[8, 18, 9, 17], [10, 24, 11, 23], [12, 2, 13, 1], [14, 22, 15, 21], [16, 8, 17, 7], [18, 4, 19, 3], [20, 14, 21, 13], [22, 16, 23, 15], [24, 12, 1, 11], [2, 6, 3, 5], [4, 20, 5, 19], [6, 10, 7, 9]]"
12a_0647_59,"[[6, 10, 7, 9], [8, 18, 9, 17], [10, 24, 11, 23], [12, 2, 13, 1], [14, 22, 15, 21], [16, 8, 17, 7], [18, 4, 19, 3], [20, 14, 21, 13], [22, 16, 23, 15], [24, 12, 1, 11], [2, 6, 3, 5], [4, 20, 5, 19]]"
12a_0647_60,"[[5, 21, 6, 20], [7, 11, 8, 10], [9, 19, 10, 18], [11, 1, 12, 24], [13, 3, 14, 2], [15, 23, 16, 22], [17, 9, 18, 8], [19, 5, 20, 4], [21, 15, 22, 14], [23, 17, 24, 16], [1, 13, 2, 12], [3, 7, 4, 6]]"
12a_0647_61,"[[3, 7, 4, 6], [5, 21, 6, 20], [7, 11, 8, 10], [9, 19, 10, 18], [11, 1, 12, 24], [13, 3, 14, 2], [15, 23, 16, 22], [17, 9, 18, 8], [19, 5, 20, 4], [21, 15, 22, 14], [23, 17, 24, 16], [1, 13, 2, 12]]"
12a_0647_62,"[[1, 13, 2, 12], [3, 7, 4, 6], [5, 21, 6, 20], [7, 11, 8, 10], [9, 19, 10, 18], [11, 1, 12, 24], [13, 3, 14, 2], [15, 23, 16, 22], [17, 9, 18, 8], [19, 5, 20, 4], [21, 15, 22, 14], [23, 17, 24, 16]]"
12a_0647_63,"[[23, 17, 24, 16], [1, 13, 2, 12], [3, 7, 4, 6], [5, 21, 6, 20], [7, 11, 8, 10], [9, 19, 10, 18], [11, 1, 12, 24], [13, 3, 14, 2], [15, 23, 16, 22], [17, 9, 18, 8], [19, 5, 20, 4], [21, 15, 22, 14]]"
12a_0647_64,"[[21, 15, 22, 14], [23, 17, 24, 16], [1, 13, 2, 12], [3, 7, 4, 6], [5, 21, 6, 20], [7, 11, 8, 10], [9, 19, 10, 18], [11, 1, 12, 24], [13, 3, 14, 2], [15, 23, 16, 22], [17, 9, 18, 8], [19, 5, 20, 4]]"
12a_0647_65,"[[19, 5, 20, 4], [21, 15, 22, 14], [23, 17, 24, 16], [1, 13, 2, 12], [3, 7, 4, 6], [5, 21, 6, 20], [7, 11, 8, 10], [9, 19, 10, 18], [11, 1, 12, 24], [13, 3, 14, 2], [15, 23, 16, 22], [17, 9, 18, 8]]"
12a_0647_66,"[[17, 9, 18, 8], [19, 5, 20, 4], [21, 15, 22, 14], [23, 17, 24, 16], [1, 13, 2, 12], [3, 7, 4, 6], [5, 21, 6, 20], [7, 11, 8, 10], [9, 19, 10, 18], [11, 1, 12, 24], [13, 3, 14, 2], [15, 23, 16, 22]]"
12a_0647_67,"[[15, 23, 16, 22], [17, 9, 18, 8], [19, 5, 20, 4], [21, 15, 22, 14], [23, 17, 24, 16], [1, 13, 2, 12], [3, 7, 4, 6], [5, 21, 6, 20], [7, 11, 8, 10], [9, 19, 10, 18], [11, 1, 12, 24], [13, 3, 14, 2]]"
12a_0647_68,"[[13, 3, 14, 2], [15, 23, 16, 22], [17, 9, 18, 8], [19, 5, 20, 4], [21, 15, 22, 14], [23, 17, 24, 16], [1, 13, 2, 12], [3, 7, 4, 6], [5, 21, 6, 20], [7, 11, 8, 10], [9, 19, 10, 18], [11, 1, 12, 24]]"
12a_0647_69,"[[11, 1, 12, 24], [13, 3, 14, 2], [15, 23, 16, 22], [17, 9, 18, 8], [19, 5, 20, 4], [21, 15, 22, 14], [23, 17, 24, 16], [1, 13, 2, 12], [3, 7, 4, 6], [5, 21, 6, 20], [7, 11, 8, 10], [9, 19, 10, 18]]"
12a_0647_70,"[[9, 19, 10, 18], [11, 1, 12, 24], [13, 3, 14, 2], [15, 23, 16, 22], [17, 9, 18, 8], [19, 5, 20, 4], [21, 15, 22, 14], [23, 17, 24, 16], [1, 13, 2, 12], [3, 7, 4, 6], [5, 21, 6, 20], [7, 11, 8, 10]]"
12a_0647_71,"[[7, 11, 8, 10], [9, 19, 10, 18], [11, 1, 12, 24], [13, 3, 14, 2], [15, 23, 16, 22], [17, 9, 18, 8], [19, 5, 20, 4], [21, 15, 22, 14], [23, 17, 24, 16], [1, 13, 2, 12], [3, 7, 4, 6], [5, 21, 6, 20]]"
12a_0647_72,"[[6, 22, 7, 21], [8, 12, 9, 11], [10, 20, 11, 19], [12, 2, 13, 1], [14, 4, 15, 3], [16, 24, 17, 23], [18, 10, 19, 9], [20, 6, 21, 5], [22, 16, 23, 15], [24, 18, 1, 17], [2, 14, 3, 13], [4, 8, 5, 7]]"
12a_0647_73,"[[4, 8, 5, 7], [6, 22, 7, 21], [8, 12, 9, 11], [10, 20, 11, 19], [12, 2, 13, 1], [14, 4, 15, 3], [16, 24, 17, 23], [18, 10, 19, 9], [20, 6, 21, 5], [22, 16, 23, 15], [24, 18, 1, 17], [2, 14, 3, 13]]"
12a_0647_74,"[[2, 14, 3, 13], [4, 8, 5, 7], [6, 22, 7, 21], [8, 12, 9, 11], [10, 20, 11, 19], [12, 2, 13, 1], [14, 4, 15, 3], [16, 24, 17, 23], [18, 10, 19, 9], [20, 6, 21, 5], [22, 16, 23, 15], [24, 18, 1, 17]]"
12a_0647_75,"[[24, 18, 1, 17], [2, 14, 3, 13], [4, 8, 5, 7], [6, 22, 7, 21], [8, 12, 9, 11], [10, 20, 11, 19], [12, 2, 13, 1], [14, 4, 15, 3], [16, 24, 17, 23], [18, 10, 19, 9], [20, 6, 21, 5], [22, 16, 23, 15]]"
12a_0647_76,"[[22, 16, 23, 15], [24, 18, 1, 17], [2, 14, 3, 13], [4, 8, 5, 7], [6, 22, 7, 21], [8, 12, 9, 11], [10, 20, 11, 19], [12, 2, 13, 1], [14, 4, 15, 3], [16, 24, 17, 23], [18, 10, 19, 9], [20, 6, 21, 5]]"
12a_0647_77,"[[20, 6, 21, 5], [22, 16, 23, 15], [24, 18, 1, 17], [2, 14, 3, 13], [4, 8, 5, 7], [6, 22, 7, 21], [8, 12, 9, 11], [10, 20, 11, 19], [12, 2, 13, 1], [14, 4, 15, 3], [16, 24, 17, 23], [18, 10, 19, 9]]"
12a_0647_78,"[[18, 10, 19, 9], [20, 6, 21, 5], [22, 16, 23, 15], [24, 18, 1, 17], [2, 14, 3, 13], [4, 8, 5, 7], [6, 22, 7, 21], [8, 12, 9, 11], [10, 20, 11, 19], [12, 2, 13, 1], [14, 4, 15, 3], [16, 24, 17, 23]]"
12a_0647_79,"[[16, 24, 17, 23], [18, 10, 19, 9], [20, 6, 21, 5], [22, 16, 23, 15], [24, 18, 1, 17], [2, 14, 3, 13], [4, 8, 5, 7], [6, 22, 7, 21], [8, 12, 9, 11], [10, 20, 11, 19], [12, 2, 13, 1], [14, 4, 15, 3]]"
12a_0647_80,"[[14, 4, 15, 3], [16, 24, 17, 23], [18, 10, 19, 9], [20, 6, 21, 5], [22, 16, 23, 15], [24, 18, 1, 17], [2, 14, 3, 13], [4, 8, 5, 7], [6, 22, 7, 21], [8, 12, 9, 11], [10, 20, 11, 19], [12, 2, 13, 1]]"
12a_0647_81,"[[12, 2, 13, 1], [14, 4, 15, 3], [16, 24, 17, 23], [18, 10, 19, 9], [20, 6, 21, 5], [22, 16, 23, 15], [24, 18, 1, 17], [2, 14, 3, 13], [4, 8, 5, 7], [6, 22, 7, 21], [8, 12, 9, 11], [10, 20, 11, 19]]"
12a_0647_82,"[[10, 20, 11, 19], [12, 2, 13, 1], [14, 4, 15, 3], [16, 24, 17, 23], [18, 10, 19, 9], [20, 6, 21, 5], [22, 16, 23, 15], [24, 18, 1, 17], [2, 14, 3, 13], [4, 8, 5, 7], [6, 22, 7, 21], [8, 12, 9, 11]]"
12a_0647_83,"[[8, 12, 9, 11], [10, 20, 11, 19], [12, 2, 13, 1], [14, 4, 15, 3], [16, 24, 17, 23], [18, 10, 19, 9], [20, 6, 21, 5], [22, 16, 23, 15], [24, 18, 1, 17], [2, 14, 3, 13], [4, 8, 5, 7], [6, 22, 7, 21]]"
12a_0647_84,"[[7, 23, 8, 22], [9, 13, 10, 12], [11, 21, 12, 20], [13, 3, 14, 2], [15, 5, 16, 4], [17, 1, 18, 24], [19, 11, 20, 10], [21, 7, 22, 6], [23, 17, 24, 16], [1, 19, 2, 18], [3, 15, 4, 14], [5, 9, 6, 8]]"
12a_0647_85,"[[5, 9, 6, 8], [7, 23, 8, 22], [9, 13, 10, 12], [11, 21, 12, 20], [13, 3, 14, 2], [15, 5, 16, 4], [17, 1, 18, 24], [19, 11, 20, 10], [21, 7, 22, 6], [23, 17, 24, 16], [1, 19, 2, 18], [3, 15, 4, 14]]"
12a_0647_86,"[[3, 15, 4, 14], [5, 9, 6, 8], [7, 23, 8, 22], [9, 13, 10, 12], [11, 21, 12, 20], [13, 3, 14, 2], [15, 5, 16, 4], [17, 1, 18, 24], [19, 11, 20, 10], [21, 7, 22, 6], [23, 17, 24, 16], [1, 19, 2, 18]]"
12a_0647_87,"[[1, 19, 2, 18], [3, 15, 4, 14], [5, 9, 6, 8], [7, 23, 8, 22], [9, 13, 10, 12], [11, 21, 12, 20], [13, 3, 14, 2], [15, 5, 16, 4], [17, 1, 18, 24], [19, 11, 20, 10], [21, 7, 22, 6], [23, 17, 24, 16]]"
12a_0647_88,"[[23, 17, 24, 16], [1, 19, 2, 18], [3, 15, 4, 14], [5, 9, 6, 8], [7, 23, 8, 22], [9, 13, 10, 12], [11, 21, 12, 20], [13, 3, 14, 2], [15, 5, 16, 4], [17, 1, 18, 24], [19, 11, 20, 10], [21, 7, 22, 6]]"
12a_0647_89,"[[21, 7, 22, 6], [23, 17, 24, 16], [1, 19, 2, 18], [3, 15, 4, 14], [5, 9, 6, 8], [7, 23, 8, 22], [9, 13, 10, 12], [11, 21, 12, 20], [13, 3, 14, 2], [15, 5, 16, 4], [17, 1, 18, 24], [19, 11, 20, 10]]"
12a_0647_90,"[[19, 11, 20, 10], [21, 7, 22, 6], [23, 17, 24, 16], [1, 19, 2, 18], [3, 15, 4, 14], [5, 9, 6, 8], [7, 23, 8, 22], [9, 13, 10, 12], [11, 21, 12, 20], [13, 3, 14, 2], [15, 5, 16, 4], [17, 1, 18, 24]]"
12a_0647_91,"[[17, 1, 18, 24], [19, 11, 20, 10], [21, 7, 22, 6], [23, 17, 24, 16], [1, 19, 2, 18], [3, 15, 4, 14], [5, 9, 6, 8], [7, 23, 8, 22], [9, 13, 10, 12], [11, 21, 12, 20], [13, 3, 14, 2], [15, 5, 16, 4]]"
12a_0647_92,"[[15, 5, 16, 4], [17, 1, 18, 24], [19, 11, 20, 10], [21, 7, 22, 6], [23, 17, 24, 16], [1, 19, 2, 18], [3, 15, 4, 14], [5, 9, 6, 8], [7, 23, 8, 22], [9, 13, 10, 12], [11, 21, 12, 20], [13, 3, 14, 2]]"
12a_0647_93,"[[13, 3, 14, 2], [15, 5, 16, 4], [17, 1, 18, 24], [19, 11, 20, 10], [21, 7, 22, 6], [23, 17, 24, 16], [1, 19, 2, 18], [3, 15, 4, 14], [5, 9, 6, 8], [7, 23, 8, 22], [9, 13, 10, 12], [11, 21, 12, 20]]"
12a_0647_94,"[[11, 21, 12, 20], [13, 3, 14, 2], [15, 5, 16, 4], [17, 1, 18, 24], [19, 11, 20, 10], [21, 7, 22, 6], [23, 17, 24, 16], [1, 19, 2, 18], [3, 15, 4, 14], [5, 9, 6, 8], [7, 23, 8, 22], [9, 13, 10, 12]]"
12a_0647_95,"[[9, 13, 10, 12], [11, 21, 12, 20], [13, 3, 14, 2], [15, 5, 16, 4], [17, 1, 18, 24], [19, 11, 20, 10], [21, 7, 22, 6], [23, 17, 24, 16], [1, 19, 2, 18], [3, 15, 4, 14], [5, 9, 6, 8], [7, 23, 8, 22]]"
12a_0647_96,"[[8, 24, 9, 23], [10, 14, 11, 13], [12, 22, 13, 21], [14, 4, 15, 3], [16, 6, 17, 5], [18, 2, 19, 1], [20, 12, 21, 11], [22, 8, 23, 7], [24, 18, 1, 17], [2, 20, 3, 19], [4, 16, 5, 15], [6, 10, 7, 9]]"
12a_0647_97,"[[6, 10, 7, 9], [8, 24, 9, 23], [10, 14, 11, 13], [12, 22, 13, 21], [14, 4, 15, 3], [16, 6, 17, 5], [18, 2, 19, 1], [20, 12, 21, 11], [22, 8, 23, 7], [24, 18, 1, 17], [2, 20, 3, 19], [4, 16, 5, 15]]"
12a_0647_98,"[[4, 16, 5, 15], [6, 10, 7, 9], [8, 24, 9, 23], [10, 14, 11, 13], [12, 22, 13, 21], [14, 4, 15, 3], [16, 6, 17, 5], [18, 2, 19, 1], [20, 12, 21, 11], [22, 8, 23, 7], [24, 18, 1, 17], [2, 20, 3, 19]]"
12a_0647_99,"[[2, 20, 3, 19], [4, 16, 5, 15], [6, 10, 7, 9], [8, 24, 9, 23], [10, 14, 11, 13], [12, 22, 13, 21], [14, 4, 15, 3], [16, 6, 17, 5], [18, 2, 19, 1], [20, 12, 21, 11], [22, 8, 23, 7], [24, 18, 1, 17]]"
12a_0647_100,"[[24, 18, 1, 17], [2, 20, 3, 19], [4, 16, 5, 15], [6, 10, 7, 9], [8, 24, 9, 23], [10, 14, 11, 13], [12, 22, 13, 21], [14, 4, 15, 3], [16, 6, 17, 5], [18, 2, 19, 1], [20, 12, 21, 11], [22, 8, 23, 7]]"
12a_0647_101,"[[22, 8, 23, 7], [24, 18, 1, 17], [2, 20, 3, 19], [4, 16, 5, 15], [6, 10, 7, 9], [8, 24, 9, 23], [10, 14, 11, 13], [12, 22, 13, 21], [14, 4, 15, 3], [16, 6, 17, 5], [18, 2, 19, 1], [20, 12, 21, 11]]"
12a_0647_102,"[[20, 12, 21, 11], [22, 8, 23, 7], [24, 18, 1, 17], [2, 20, 3, 19], [4, 16, 5, 15], [6, 10, 7, 9], [8, 24, 9, 23], [10, 14, 11, 13], [12, 22, 13, 21], [14, 4, 15, 3], [16, 6, 17, 5], [18, 2, 19, 1]]"
12a_0647_103,"[[18, 2, 19, 1], [20, 12, 21, 11], [22, 8, 23, 7], [24, 18, 1, 17], [2, 20, 3, 19], [4, 16, 5, 15], [6, 10, 7, 9], [8, 24, 9, 23], [10, 14, 11, 13], [12, 22, 13, 21], [14, 4, 15, 3], [16, 6, 17, 5]]"
12a_0647_104,"[[16, 6, 17, 5], [18, 2, 19, 1], [20, 12, 21, 11], [22, 8, 23, 7], [24, 18, 1, 17], [2, 20, 3, 19], [4, 16, 5, 15], [6, 10, 7, 9], [8, 24, 9, 23], [10, 14, 11, 13], [12, 22, 13, 21], [14, 4, 15, 3]]"
12a_0647_105,"[[14, 4, 15, 3], [16, 6, 17, 5], [18, 2, 19, 1], [20, 12, 21, 11], [22, 8, 23, 7], [24, 18, 1, 17], [2, 20, 3, 19], [4, 16, 5, 15], [6, 10, 7, 9], [8, 24, 9, 23], [10, 14, 11, 13], [12, 22, 13, 21]]"
12a_0647_106,"[[12, 22, 13, 21], [14, 4, 15, 3], [16, 6, 17, 5], [18, 2, 19, 1], [20, 12, 21, 11], [22, 8, 23, 7], [24, 18, 1, 17], [2, 20, 3, 19], [4, 16, 5, 15], [6, 10, 7, 9], [8, 24, 9, 23], [10, 14, 11, 13]]"
12a_0647_107,"[[10, 14, 11, 13], [12, 22, 13, 21], [14, 4, 15, 3], [16, 6, 17, 5], [18, 2, 19, 1], [20, 12, 21, 11], [22, 8, 23, 7], [24, 18, 1, 17], [2, 20, 3, 19], [4, 16, 5, 15], [6, 10, 7, 9], [8, 24, 9, 23]]"
12a_0647_108,"[[9, 1, 10, 24], [11, 15, 12, 14], [13, 23, 14, 22], [15, 5, 16, 4], [17, 7, 18, 6], [19, 3, 20, 2], [21, 13, 22, 12], [23, 9, 24, 8], [1, 19, 2, 18], [3, 21, 4, 20], [5, 17, 6, 16], [7, 11, 8, 10]]"
12a_0647_109,"[[7, 11, 8, 10], [9, 1, 10, 24], [11, 15, 12, 14], [13, 23, 14, 22], [15, 5, 16, 4], [17, 7, 18, 6], [19, 3, 20, 2], [21, 13, 22, 12], [23, 9, 24, 8], [1, 19, 2, 18], [3, 21, 4, 20], [5, 17, 6, 16]]"
12a_0647_110,"[[5, 17, 6, 16], [7, 11, 8, 10], [9, 1, 10, 24], [11, 15, 12, 14], [13, 23, 14, 22], [15, 5, 16, 4], [17, 7, 18, 6], [19, 3, 20, 2], [21, 13, 22, 12], [23, 9, 24, 8], [1, 19, 2, 18], [3, 21, 4, 20]]"
12a_0647_111,"[[3, 21, 4, 20], [5, 17, 6, 16], [7, 11, 8, 10], [9, 1, 10, 24], [11, 15, 12, 14], [13, 23, 14, 22], [15, 5, 16, 4], [17, 7, 18, 6], [19, 3, 20, 2], [21, 13, 22, 12], [23, 9, 24, 8], [1, 19, 2, 18]]"
12a_0647_112,"[[1, 19, 2, 18], [3, 21, 4, 20], [5, 17, 6, 16], [7, 11, 8, 10], [9, 1, 10, 24], [11, 15, 12, 14], [13, 23, 14, 22], [15, 5, 16, 4], [17, 7, 18, 6], [19, 3, 20, 2], [21, 13, 22, 12], [23, 9, 24, 8]]"
12a_0647_113,"[[23, 9, 24, 8], [1, 19, 2, 18], [3, 21, 4, 20], [5, 17, 6, 16], [7, 11, 8, 10], [9, 1, 10, 24], [11, 15, 12, 14], [13, 23, 14, 22], [15, 5, 16, 4], [17, 7, 18, 6], [19, 3, 20, 2], [21, 13, 22, 12]]"
12a_0647_114,"[[21, 13, 22, 12], [23, 9, 24, 8], [1, 19, 2, 18], [3, 21, 4, 20], [5, 17, 6, 16], [7, 11, 8, 10], [9, 1, 10, 24], [11, 15, 12, 14], [13, 23, 14, 22], [15, 5, 16, 4], [17, 7, 18, 6], [19, 3, 20, 2]]"
12a_0647_115,"[[19, 3, 20, 2], [21, 13, 22, 12], [23, 9, 24, 8], [1, 19, 2, 18], [3, 21, 4, 20], [5, 17, 6, 16], [7, 11, 8, 10], [9, 1, 10, 24], [11, 15, 12, 14], [13, 23, 14, 22], [15, 5, 16, 4], [17, 7, 18, 6]]"
12a_0647_116,"[[17, 7, 18, 6], [19, 3, 20, 2], [21, 13, 22, 12], [23, 9, 24, 8], [1, 19, 2, 18], [3, 21, 4, 20], [5, 17, 6, 16], [7, 11, 8, 10], [9, 1, 10, 24], [11, 15, 12, 14], [13, 23, 14, 22], [15, 5, 16, 4]]"
12a_0647_117,"[[15, 5, 16, 4], [17, 7, 18, 6], [19, 3, 20, 2], [21, 13, 22, 12], [23, 9, 24, 8], [1, 19, 2, 18], [3, 21, 4, 20], [5, 17, 6, 16], [7, 11, 8, 10], [9, 1, 10, 24], [11, 15, 12, 14], [13, 23, 14, 22]]"
12a_0647_118,"[[13, 23, 14, 22], [15, 5, 16, 4], [17, 7, 18, 6], [19, 3, 20, 2], [21, 13, 22, 12], [23, 9, 24, 8], [1, 19, 2, 18], [3, 21, 4, 20], [5, 17, 6, 16], [7, 11, 8, 10], [9, 1, 10, 24], [11, 15, 12, 14]]"
12a_0647_119,"[[11, 15, 12, 14], [13, 23, 14, 22], [15, 5, 16, 4], [17, 7, 18, 6], [19, 3, 20, 2], [21, 13, 22, 12], [23, 9, 24, 8], [1, 19, 2, 18], [3, 21, 4, 20], [5, 17, 6, 16], [7, 11, 8, 10], [9, 1, 10, 24]]"
12a_0647_120,"[[10, 2, 11, 1], [12, 16, 13, 15], [14, 24, 15, 23], [16, 6, 17, 5], [18, 8, 19, 7], [20, 4, 21, 3], [22, 14, 23, 13], [24, 10, 1, 9], [2, 20, 3, 19], [4, 22, 5, 21], [6, 18, 7, 17], [8, 12, 9, 11]]"
12a_0647_121,"[[8, 12, 9, 11], [10, 2, 11, 1], [12, 16, 13, 15], [14, 24, 15, 23], [16, 6, 17, 5], [18, 8, 19, 7], [20, 4, 21, 3], [22, 14, 23, 13], [24, 10, 1, 9], [2, 20, 3, 19], [4, 22, 5, 21], [6, 18, 7, 17]]"
12a_0647_122,"[[6, 18, 7, 17], [8, 12, 9, 11], [10, 2, 11, 1], [12, 16, 13, 15], [14, 24, 15, 23], [16, 6, 17, 5], [18, 8, 19, 7], [20, 4, 21, 3], [22, 14, 23, 13], [24, 10, 1, 9], [2, 20, 3, 19], [4, 22, 5, 21]]"
12a_0647_123,"[[4, 22, 5, 21], [6, 18, 7, 17], [8, 12, 9, 11], [10, 2, 11, 1], [12, 16, 13, 15], [14, 24, 15, 23], [16, 6, 17, 5], [18, 8, 19, 7], [20, 4, 21, 3], [22, 14, 23, 13], [24, 10, 1, 9], [2, 20, 3, 19]]"
12a_0647_124,"[[2, 20, 3, 19], [4, 22, 5, 21], [6, 18, 7, 17], [8, 12, 9, 11], [10, 2, 11, 1], [12, 16, 13, 15], [14, 24, 15, 23], [16, 6, 17, 5], [18, 8, 19, 7], [20, 4, 21, 3], [22, 14, 23, 13], [24, 10, 1, 9]]"
12a_0647_125,"[[24, 10, 1, 9], [2, 20, 3, 19], [4, 22, 5, 21], [6, 18, 7, 17], [8, 12, 9, 11], [10, 2, 11, 1], [12, 16, 13, 15], [14, 24, 15, 23], [16, 6, 17, 5], [18, 8, 19, 7], [20, 4, 21, 3], [22, 14, 23, 13]]"
12a_0647_126,"[[22, 14, 23, 13], [24, 10, 1, 9], [2, 20, 3, 19], [4, 22, 5, 21], [6, 18, 7, 17], [8, 12, 9, 11], [10, 2, 11, 1], [12, 16, 13, 15], [14, 24, 15, 23], [16, 6, 17, 5], [18, 8, 19, 7], [20, 4, 21, 3]]"
12a_0647_127,"[[20, 4, 21, 3], [22, 14, 23, 13], [24, 10, 1, 9], [2, 20, 3, 19], [4, 22, 5, 21], [6, 18, 7, 17], [8, 12, 9, 11], [10, 2, 11, 1], [12, 16, 13, 15], [14, 24, 15, 23], [16, 6, 17, 5], [18, 8, 19, 7]]"
12a_0647_128,"[[18, 8, 19, 7], [20, 4, 21, 3], [22, 14, 23, 13], [24, 10, 1, 9], [2, 20, 3, 19], [4, 22, 5, 21], [6, 18, 7, 17], [8, 12, 9, 11], [10, 2, 11, 1], [12, 16, 13, 15], [14, 24, 15, 23], [16, 6, 17, 5]]"
12a_0647_129,"[[16, 6, 17, 5], [18, 8, 19, 7], [20, 4, 21, 3], [22, 14, 23, 13], [24, 10, 1, 9], [2, 20, 3, 19], [4, 22, 5, 21], [6, 18, 7, 17], [8, 12, 9, 11], [10, 2, 11, 1], [12, 16, 13, 15], [14, 24, 15, 23]]"
12a_0647_130,"[[14, 24, 15, 23], [16, 6, 17, 5], [18, 8, 19, 7], [20, 4, 21, 3], [22, 14, 23, 13], [24, 10, 1, 9], [2, 20, 3, 19], [4, 22, 5, 21], [6, 18, 7, 17], [8, 12, 9, 11], [10, 2, 11, 1], [12, 16, 13, 15]]"
12a_0647_131,"[[12, 16, 13, 15], [14, 24, 15, 23], [16, 6, 17, 5], [18, 8, 19, 7], [20, 4, 21, 3], [22, 14, 23, 13], [24, 10, 1, 9], [2, 20, 3, 19], [4, 22, 5, 21], [6, 18, 7, 17], [8, 12, 9, 11], [10, 2, 11, 1]]"
12a_0647_132,"[[11, 3, 12, 2], [13, 17, 14, 16], [15, 1, 16, 24], [17, 7, 18, 6], [19, 9, 20, 8], [21, 5, 22, 4], [23, 15, 24, 14], [1, 11, 2, 10], [3, 21, 4, 20], [5, 23, 6, 22], [7, 19, 8, 18], [9, 13, 10, 12]]"
12a_0647_133,"[[9, 13, 10, 12], [11, 3, 12, 2], [13, 17, 14, 16], [15, 1, 16, 24], [17, 7, 18, 6], [19, 9, 20, 8], [21, 5, 22, 4], [23, 15, 24, 14], [1, 11, 2, 10], [3, 21, 4, 20], [5, 23, 6, 22], [7, 19, 8, 18]]"
12a_0647_134,"[[7, 19, 8, 18], [9, 13, 10, 12], [11, 3, 12, 2], [13, 17, 14, 16], [15, 1, 16, 24], [17, 7, 18, 6], [19, 9, 20, 8], [21, 5, 22, 4], [23, 15, 24, 14], [1, 11, 2, 10], [3, 21, 4, 20], [5, 23, 6, 22]]"
12a_0647_135,"[[5, 23, 6, 22], [7, 19, 8, 18], [9, 13, 10, 12], [11, 3, 12, 2], [13, 17, 14, 16], [15, 1, 16, 24], [17, 7, 18, 6], [19, 9, 20, 8], [21, 5, 22, 4], [23, 15, 24, 14], [1, 11, 2, 10], [3, 21, 4, 20]]"
12a_0647_136,"[[3, 21, 4, 20], [5, 23, 6, 22], [7, 19, 8, 18], [9, 13, 10, 12], [11, 3, 12, 2], [13, 17, 14, 16], [15, 1, 16, 24], [17, 7, 18, 6], [19, 9, 20, 8], [21, 5, 22, 4], [23, 15, 24, 14], [1, 11, 2, 10]]"
12a_0647_137,"[[1, 11, 2, 10], [3, 21, 4, 20], [5, 23, 6, 22], [7, 19, 8, 18], [9, 13, 10, 12], [11, 3, 12, 2], [13, 17, 14, 16], [15, 1, 16, 24], [17, 7, 18, 6], [19, 9, 20, 8], [21, 5, 22, 4], [23, 15, 24, 14]]"
12a_0647_138,"[[23, 15, 24, 14], [1, 11, 2, 10], [3, 21, 4, 20], [5, 23, 6, 22], [7, 19, 8, 18], [9, 13, 10, 12], [11, 3, 12, 2], [13, 17, 14, 16], [15, 1, 16, 24], [17, 7, 18, 6], [19, 9, 20, 8], [21, 5, 22, 4]]"
12a_0647_139,"[[21, 5, 22, 4], [23, 15, 24, 14], [1, 11, 2, 10], [3, 21, 4, 20], [5, 23, 6, 22], [7, 19, 8, 18], [9, 13, 10, 12], [11, 3, 12, 2], [13, 17, 14, 16], [15, 1, 16, 24], [17, 7, 18, 6], [19, 9, 20, 8]]"
12a_0647_140,"[[19, 9, 20, 8], [21, 5, 22, 4], [23, 15, 24, 14], [1, 11, 2, 10], [3, 21, 4, 20], [5, 23, 6, 22], [7, 19, 8, 18], [9, 13, 10, 12], [11, 3, 12, 2], [13, 17, 14, 16], [15, 1, 16, 24], [17, 7, 18, 6]]"
12a_0647_141,"[[17, 7, 18, 6], [19, 9, 20, 8], [21, 5, 22, 4], [23, 15, 24, 14], [1, 11, 2, 10], [3, 21, 4, 20], [5, 23, 6, 22], [7, 19, 8, 18], [9, 13, 10, 12], [11, 3, 12, 2], [13, 17, 14, 16], [15, 1, 16, 24]]"
12a_0647_142,"[[15, 1, 16, 24], [17, 7, 18, 6], [19, 9, 20, 8], [21, 5, 22, 4], [23, 15, 24, 14], [1, 11, 2, 10], [3, 21, 4, 20], [5, 23, 6, 22], [7, 19, 8, 18], [9, 13, 10, 12], [11, 3, 12, 2], [13, 17, 14, 16]]"
12a_0647_143,"[[13, 17, 14, 16], [15, 1, 16, 24], [17, 7, 18, 6], [19, 9, 20, 8], [21, 5, 22, 4], [23, 15, 24, 14], [1, 11, 2, 10], [3, 21, 4, 20], [5, 23, 6, 22], [7, 19, 8, 18], [9, 13, 10, 12], [11, 3, 12, 2]]"
12a_0647_144,"[[12, 4, 13, 3], [14, 18, 15, 17], [16, 2, 17, 1], [18, 8, 19, 7], [20, 10, 21, 9], [22, 6, 23, 5], [24, 16, 1, 15], [2, 12, 3, 11], [4, 22, 5, 21], [6, 24, 7, 23], [8, 20, 9, 19], [10, 14, 11, 13]]"
12a_0647_145,"[[10, 14, 11, 13], [12, 4, 13, 3], [14, 18, 15, 17], [16, 2, 17, 1], [18, 8, 19, 7], [20, 10, 21, 9], [22, 6, 23, 5], [24, 16, 1, 15], [2, 12, 3, 11], [4, 22, 5, 21], [6, 24, 7, 23], [8, 20, 9, 19]]"
12a_0647_146,"[[8, 20, 9, 19], [10, 14, 11, 13], [12, 4, 13, 3], [14, 18, 15, 17], [16, 2, 17, 1], [18, 8, 19, 7], [20, 10, 21, 9], [22, 6, 23, 5], [24, 16, 1, 15], [2, 12, 3, 11], [4, 22, 5, 21], [6, 24, 7, 23]]"
12a_0647_147,"[[6, 24, 7, 23], [8, 20, 9, 19], [10, 14, 11, 13], [12, 4, 13, 3], [14, 18, 15, 17], [16, 2, 17, 1], [18, 8, 19, 7], [20, 10, 21, 9], [22, 6, 23, 5], [24, 16, 1, 15], [2, 12, 3, 11], [4, 22, 5, 21]]"
12a_0647_148,"[[4, 22, 5, 21], [6, 24, 7, 23], [8, 20, 9, 19], [10, 14, 11, 13], [12, 4, 13, 3], [14, 18, 15, 17], [16, 2, 17, 1], [18, 8, 19, 7], [20, 10, 21, 9], [22, 6, 23, 5], [24, 16, 1, 15], [2, 12, 3, 11]]"
12a_0647_149,"[[2, 12, 3, 11], [4, 22, 5, 21], [6, 24, 7, 23], [8, 20, 9, 19], [10, 14, 11, 13], [12, 4, 13, 3], [14, 18, 15, 17], [16, 2, 17, 1], [18, 8, 19, 7], [20, 10, 21, 9], [22, 6, 23, 5], [24, 16, 1, 15]]"
12a_0647_150,"[[24, 16, 1, 15], [2, 12, 3, 11], [4, 22, 5, 21], [6, 24, 7, 23], [8, 20, 9, 19], [10, 14, 11, 13], [12, 4, 13, 3], [14, 18, 15, 17], [16, 2, 17, 1], [18, 8, 19, 7], [20, 10, 21, 9], [22, 6, 23, 5]]"
12a_0647_151,"[[22, 6, 23, 5], [24, 16, 1, 15], [2, 12, 3, 11], [4, 22, 5, 21], [6, 24, 7, 23], [8, 20, 9, 19], [10, 14, 11, 13], [12, 4, 13, 3], [14, 18, 15, 17], [16, 2, 17, 1], [18, 8, 19, 7], [20, 10, 21, 9]]"
12a_0647_152,"[[20, 10, 21, 9], [22, 6, 23, 5], [24, 16, 1, 15], [2, 12, 3, 11], [4, 22, 5, 21], [6, 24, 7, 23], [8, 20, 9, 19], [10, 14, 11, 13], [12, 4, 13, 3], [14, 18, 15, 17], [16, 2, 17, 1], [18, 8, 19, 7]]"
12a_0647_153,"[[18, 8, 19, 7], [20, 10, 21, 9], [22, 6, 23, 5], [24, 16, 1, 15], [2, 12, 3, 11], [4, 22, 5, 21], [6, 24, 7, 23], [8, 20, 9, 19], [10, 14, 11, 13], [12, 4, 13, 3], [14, 18, 15, 17], [16, 2, 17, 1]]"
12a_0647_154,"[[16, 2, 17, 1], [18, 8, 19, 7], [20, 10, 21, 9], [22, 6, 23, 5], [24, 16, 1, 15], [2, 12, 3, 11], [4, 22, 5, 21], [6, 24, 7, 23], [8, 20, 9, 19], [10, 14, 11, 13], [12, 4, 13, 3], [14, 18, 15, 17]]"
12a_0647_155,"[[14, 18, 15, 17], [16, 2, 17, 1], [18, 8, 19, 7], [20, 10, 21, 9], [22, 6, 23, 5], [24, 16, 1, 15], [2, 12, 3, 11], [4, 22, 5, 21], [6, 24, 7, 23], [8, 20, 9, 19], [10, 14, 11, 13], [12, 4, 13, 3]]"
12a_0647_156,"[[13, 5, 14, 4], [15, 19, 16, 18], [17, 3, 18, 2], [19, 9, 20, 8], [21, 11, 22, 10], [23, 7, 24, 6], [1, 17, 2, 16], [3, 13, 4, 12], [5, 23, 6, 22], [7, 1, 8, 24], [9, 21, 10, 20], [11, 15, 12, 14]]"
12a_0647_157,"[[11, 15, 12, 14], [13, 5, 14, 4], [15, 19, 16, 18], [17, 3, 18, 2], [19, 9, 20, 8], [21, 11, 22, 10], [23, 7, 24, 6], [1, 17, 2, 16], [3, 13, 4, 12], [5, 23, 6, 22], [7, 1, 8, 24], [9, 21, 10, 20]]"
12a_0647_158,"[[9, 21, 10, 20], [11, 15, 12, 14], [13, 5, 14, 4], [15, 19, 16, 18], [17, 3, 18, 2], [19, 9, 20, 8], [21, 11, 22, 10], [23, 7, 24, 6], [1, 17, 2, 16], [3, 13, 4, 12], [5, 23, 6, 22], [7, 1, 8, 24]]"
12a_0647_159,"[[7, 1, 8, 24], [9, 21, 10, 20], [11, 15, 12, 14], [13, 5, 14, 4], [15, 19, 16, 18], [17, 3, 18, 2], [19, 9, 20, 8], [21, 11, 22, 10], [23, 7, 24, 6], [1, 17, 2, 16], [3, 13, 4, 12], [5, 23, 6, 22]]"
12a_0647_160,"[[5, 23, 6, 22], [7, 1, 8, 24], [9, 21, 10, 20], [11, 15, 12, 14], [13, 5, 14, 4], [15, 19, 16, 18], [17, 3, 18, 2], [19, 9, 20, 8], [21, 11, 22, 10], [23, 7, 24, 6], [1, 17, 2, 16], [3, 13, 4, 12]]"
12a_0647_161,"[[3, 13, 4, 12], [5, 23, 6, 22], [7, 1, 8, 24], [9, 21, 10, 20], [11, 15, 12, 14], [13, 5, 14, 4], [15, 19, 16, 18], [17, 3, 18, 2], [19, 9, 20, 8], [21, 11, 22, 10], [23, 7, 24, 6], [1, 17, 2, 16]]"
12a_0647_162,"[[1, 17, 2, 16], [3, 13, 4, 12], [5, 23, 6, 22], [7, 1, 8, 24], [9, 21, 10, 20], [11, 15, 12, 14], [13, 5, 14, 4], [15, 19, 16, 18], [17, 3, 18, 2], [19, 9, 20, 8], [21, 11, 22, 10], [23, 7, 24, 6]]"
12a_0647_163,"[[23, 7, 24, 6], [1, 17, 2, 16], [3, 13, 4, 12], [5, 23, 6, 22], [7, 1, 8, 24], [9, 21, 10, 20], [11, 15, 12, 14], [13, 5, 14, 4], [15, 19, 16, 18], [17, 3, 18, 2], [19, 9, 20, 8], [21, 11, 22, 10]]"
12a_0647_164,"[[21, 11, 22, 10], [23, 7, 24, 6], [1, 17, 2, 16], [3, 13, 4, 12], [5, 23, 6, 22], [7, 1, 8, 24], [9, 21, 10, 20], [11, 15, 12, 14], [13, 5, 14, 4], [15, 19, 16, 18], [17, 3, 18, 2], [19, 9, 20, 8]]"
12a_0647_165,"[[19, 9, 20, 8], [21, 11, 22, 10], [23, 7, 24, 6], [1, 17, 2, 16], [3, 13, 4, 12], [5, 23, 6, 22], [7, 1, 8, 24], [9, 21, 10, 20], [11, 15, 12, 14], [13, 5, 14, 4], [15, 19, 16, 18], [17, 3, 18, 2]]"
12a_0647_166,"[[17, 3, 18, 2], [19, 9, 20, 8], [21, 11, 22, 10], [23, 7, 24, 6], [1, 17, 2, 16], [3, 13, 4, 12], [5, 23, 6, 22], [7, 1, 8, 24], [9, 21, 10, 20], [11, 15, 12, 14], [13, 5, 14, 4], [15, 19, 16, 18]]"
12a_0647_167,"[[15, 19, 16, 18], [17, 3, 18, 2], [19, 9, 20, 8], [21, 11, 22, 10], [23, 7, 24, 6], [1, 17, 2, 16], [3, 13, 4, 12], [5, 23, 6, 22], [7, 1, 8, 24], [9, 21, 10, 20], [11, 15, 12, 14], [13, 5, 14, 4]]"
12a_0647_168,"[[14, 6, 15, 5], [16, 20, 17, 19], [18, 4, 19, 3], [20, 10, 21, 9], [22, 12, 23, 11], [24, 8, 1, 7], [2, 18, 3, 17], [4, 14, 5, 13], [6, 24, 7, 23], [8, 2, 9, 1], [10, 22, 11, 21], [12, 16, 13, 15]]"
12a_0647_169,"[[12, 16, 13, 15], [14, 6, 15, 5], [16, 20, 17, 19], [18, 4, 19, 3], [20, 10, 21, 9], [22, 12, 23, 11], [24, 8, 1, 7], [2, 18, 3, 17], [4, 14, 5, 13], [6, 24, 7, 23], [8, 2, 9, 1], [10, 22, 11, 21]]"
12a_0647_170,"[[10, 22, 11, 21], [12, 16, 13, 15], [14, 6, 15, 5], [16, 20, 17, 19], [18, 4, 19, 3], [20, 10, 21, 9], [22, 12, 23, 11], [24, 8, 1, 7], [2, 18, 3, 17], [4, 14, 5, 13], [6, 24, 7, 23], [8, 2, 9, 1]]"
12a_0647_171,"[[8, 2, 9, 1], [10, 22, 11, 21], [12, 16, 13, 15], [14, 6, 15, 5], [16, 20, 17, 19], [18, 4, 19, 3], [20, 10, 21, 9], [22, 12, 23, 11], [24, 8, 1, 7], [2, 18, 3, 17], [4, 14, 5, 13], [6, 24, 7, 23]]"
12a_0647_172,"[[6, 24, 7, 23], [8, 2, 9, 1], [10, 22, 11, 21], [12, 16, 13, 15], [14, 6, 15, 5], [16, 20, 17, 19], [18, 4, 19, 3], [20, 10, 21, 9], [22, 12, 23, 11], [24, 8, 1, 7], [2, 18, 3, 17], [4, 14, 5, 13]]"
12a_0647_173,"[[4, 14, 5, 13], [6, 24, 7, 23], [8, 2, 9, 1], [10, 22, 11, 21], [12, 16, 13, 15], [14, 6, 15, 5], [16, 20, 17, 19], [18, 4, 19, 3], [20, 10, 21, 9], [22, 12, 23, 11], [24, 8, 1, 7], [2, 18, 3, 17]]"
12a_0647_174,"[[2, 18, 3, 17], [4, 14, 5, 13], [6, 24, 7, 23], [8, 2, 9, 1], [10, 22, 11, 21], [12, 16, 13, 15], [14, 6, 15, 5], [16, 20, 17, 19], [18, 4, 19, 3], [20, 10, 21, 9], [22, 12, 23, 11], [24, 8, 1, 7]]"
12a_0647_175,"[[24, 8, 1, 7], [2, 18, 3, 17], [4, 14, 5, 13], [6, 24, 7, 23], [8, 2, 9, 1], [10, 22, 11, 21], [12, 16, 13, 15], [14, 6, 15, 5], [16, 20, 17, 19], [18, 4, 19, 3], [20, 10, 21, 9], [22, 12, 23, 11]]"
12a_0647_176,"[[22, 12, 23, 11], [24, 8, 1, 7], [2, 18, 3, 17], [4, 14, 5, 13], [6, 24, 7, 23], [8, 2, 9, 1], [10, 22, 11, 21], [12, 16, 13, 15], [14, 6, 15, 5], [16, 20, 17, 19], [18, 4, 19, 3], [20, 10, 21, 9]]"
12a_0647_177,"[[20, 10, 21, 9], [22, 12, 23, 11], [24, 8, 1, 7], [2, 18, 3, 17], [4, 14, 5, 13], [6, 24, 7, 23], [8, 2, 9, 1], [10, 22, 11, 21], [12, 16, 13, 15], [14, 6, 15, 5], [16, 20, 17, 19], [18, 4, 19, 3]]"
12a_0647_178,"[[18, 4, 19, 3], [20, 10, 21, 9], [22, 12, 23, 11], [24, 8, 1, 7], [2, 18, 3, 17], [4, 14, 5, 13], [6, 24, 7, 23], [8, 2, 9, 1], [10, 22, 11, 21], [12, 16, 13, 15], [14, 6, 15, 5], [16, 20, 17, 19]]"
12a_0647_179,"[[16, 20, 17, 19], [18, 4, 19, 3], [20, 10, 21, 9], [22, 12, 23, 11], [24, 8, 1, 7], [2, 18, 3, 17], [4, 14, 5, 13], [6, 24, 7, 23], [8, 2, 9, 1], [10, 22, 11, 21], [12, 16, 13, 15], [14, 6, 15, 5]]"
12a_0647_180,"[[15, 7, 16, 6], [17, 21, 18, 20], [19, 5, 20, 4], [21, 11, 22, 10], [23, 13, 24, 12], [1, 9, 2, 8], [3, 19, 4, 18], [5, 15, 6, 14], [7, 1, 8, 24], [9, 3, 10, 2], [11, 23, 12, 22], [13, 17, 14, 16]]"
12a_0647_181,"[[13, 17, 14, 16], [15, 7, 16, 6], [17, 21, 18, 20], [19, 5, 20, 4], [21, 11, 22, 10], [23, 13, 24, 12], [1, 9, 2, 8], [3, 19, 4, 18], [5, 15, 6, 14], [7, 1, 8, 24], [9, 3, 10, 2], [11, 23, 12, 22]]"
12a_0647_182,"[[11, 23, 12, 22], [13, 17, 14, 16], [15, 7, 16, 6], [17, 21, 18, 20], [19, 5, 20, 4], [21, 11, 22, 10], [23, 13, 24, 12], [1, 9, 2, 8], [3, 19, 4, 18], [5, 15, 6, 14], [7, 1, 8, 24], [9, 3, 10, 2]]"
12a_0647_183,"[[9, 3, 10, 2], [11, 23, 12, 22], [13, 17, 14, 16], [15, 7, 16, 6], [17, 21, 18, 20], [19, 5, 20, 4], [21, 11, 22, 10], [23, 13, 24, 12], [1, 9, 2, 8], [3, 19, 4, 18], [5, 15, 6, 14], [7, 1, 8, 24]]"
12a_0647_184,"[[7, 1, 8, 24], [9, 3, 10, 2], [11, 23, 12, 22], [13, 17, 14, 16], [15, 7, 16, 6], [17, 21, 18, 20], [19, 5, 20, 4], [21, 11, 22, 10], [23, 13, 24, 12], [1, 9, 2, 8], [3, 19, 4, 18], [5, 15, 6, 14]]"
12a_0647_185,"[[5, 15, 6, 14], [7, 1, 8, 24], [9, 3, 10, 2], [11, 23, 12, 22], [13, 17, 14, 16], [15, 7, 16, 6], [17, 21, 18, 20], [19, 5, 20, 4], [21, 11, 22, 10], [23, 13, 24, 12], [1, 9, 2, 8], [3, 19, 4, 18]]"
