name,pd_notation
12a_0020_0,"[[24, 14, 1, 13], [2, 6, 3, 5], [4, 9, 5, 10], [6, 12, 7, 11], [8, 17, 9, 18], [10, 3, 11, 4], [12, 20, 13, 19], [14, 21, 15, 22], [16, 2, 17, 1], [18, 7, 19, 8], [20, 23, 21, 24], [22, 15, 23, 16]]"
12a_0020_1,"[[22, 15, 23, 16], [24, 14, 1, 13], [2, 6, 3, 5], [4, 9, 5, 10], [6, 12, 7, 11], [8, 17, 9, 18], [10, 3, 11, 4], [12, 20, 13, 19], [14, 21, 15, 22], [16, 2, 17, 1], [18, 7, 19, 8], [20, 23, 21, 24]]"
12a_0020_2,"[[20, 23, 21, 24], [22, 15, 23, 16], [24, 14, 1, 13], [2, 6, 3, 5], [4, 9, 5, 10], [6, 12, 7, 11], [8, 17, 9, 18], [10, 3, 11, 4], [12, 20, 13, 19], [14, 21, 15, 22], [16, 2, 17, 1], [18, 7, 19, 8]]"
12a_0020_3,"[[18, 7, 19, 8], [20, 23, 21, 24], [22, 15, 23, 16], [24, 14, 1, 13], [2, 6, 3, 5], [4, 9, 5, 10], [6, 12, 7, 11], [8, 17, 9, 18], [10, 3, 11, 4], [12, 20, 13, 19], [14, 21, 15, 22], [16, 2, 17, 1]]"
12a_0020_4,"[[16, 2, 17, 1], [18, 7, 19, 8], [20, 23, 21, 24], [22, 15, 23, 16], [24, 14, 1, 13], [2, 6, 3, 5], [4, 9, 5, 10], [6, 12, 7, 11], [8, 17, 9, 18], [10, 3, 11, 4], [12, 20, 13, 19], [14, 21, 15, 22]]"
12a_0020_5,"[[14, 21, 15, 22], [16, 2, 17, 1], [18, 7, 19, 8], [20, 23, 21, 24], [22, 15, 23, 16], [24, 14, 1, 13], [2, 6, 3, 5], [4, 9, 5, 10], [6, 12, 7, 11], [8, 17, 9, 18], [10, 3, 11, 4], [12, 20, 13, 19]]"
12a_0020_6,"[[12, 20, 13, 19], [14, 21, 15, 22], [16, 2, 17, 1], [18, 7, 19, 8], [20, 23, 21, 24], [22, 15, 23, 16], [24, 14, 1, 13], [2, 6, 3, 5], [4, 9, 5, 10], [6, 12, 7, 11], [8, 17, 9, 18], [10, 3, 11, 4]]"
12a_0020_7,"[[10, 3, 11, 4], [12, 20, 13, 19], [14, 21, 15, 22], [16, 2, 17, 1], [18, 7, 19, 8], [20, 23, 21, 24], [22, 15, 23, 16], [24, 14, 1, 13], [2, 6, 3, 5], [4, 9, 5, 10], [6, 12, 7, 11], [8, 17, 9, 18]]"
12a_0020_8,"[[8, 17, 9, 18], [10, 3, 11, 4], [12, 20, 13, 19], [14, 21, 15, 22], [16, 2, 17, 1], [18, 7, 19, 8], [20, 23, 21, 24], [22, 15, 23, 16], [24, 14, 1, 13], [2, 6, 3, 5], [4, 9, 5, 10], [6, 12, 7, 11]]"
12a_0020_9,"[[6, 12, 7, 11], [8, 17, 9, 18], [10, 3, 11, 4], [12, 20, 13, 19], [14, 21, 15, 22], [16, 2, 17, 1], [18, 7, 19, 8], [20, 23, 21, 24], [22, 15, 23, 16], [24, 14, 1, 13], [2, 6, 3, 5], [4, 9, 5, 10]]"
12a_0020_10,"[[4, 9, 5, 10], [6, 12, 7, 11], [8, 17, 9, 18], [10, 3, 11, 4], [12, 20, 13, 19], [14, 21, 15, 22], [16, 2, 17, 1], [18, 7, 19, 8], [20, 23, 21, 24], [22, 15, 23, 16], [24, 14, 1, 13], [2, 6, 3, 5]]"
12a_0020_11,"[[2, 6, 3, 5], [4, 9, 5, 10], [6, 12, 7, 11], [8, 17, 9, 18], [10, 3, 11, 4], [12, 20, 13, 19], [14, 21, 15, 22], [16, 2, 17, 1], [18, 7, 19, 8], [20, 23, 21, 24], [22, 15, 23, 16], [24, 14, 1, 13]]"
12a_0020_12,"[[1, 15, 2, 14], [3, 7, 4, 6], [5, 10, 6, 11], [7, 13, 8, 12], [9, 18, 10, 19], [11, 4, 12, 5], [13, 21, 14, 20], [15, 22, 16, 23], [17, 3, 18, 2], [19, 8, 20, 9], [21, 24, 22, 1], [23, 16, 24, 17]]"
12a_0020_13,"[[23, 16, 24, 17], [1, 15, 2, 14], [3, 7, 4, 6], [5, 10, 6, 11], [7, 13, 8, 12], [9, 18, 10, 19], [11, 4, 12, 5], [13, 21, 14, 20], [15, 22, 16, 23], [17, 3, 18, 2], [19, 8, 20, 9], [21, 24, 22, 1]]"
12a_0020_14,"[[21, 24, 22, 1], [23, 16, 24, 17], [1, 15, 2, 14], [3, 7, 4, 6], [5, 10, 6, 11], [7, 13, 8, 12], [9, 18, 10, 19], [11, 4, 12, 5], [13, 21, 14, 20], [15, 22, 16, 23], [17, 3, 18, 2], [19, 8, 20, 9]]"
12a_0020_15,"[[19, 8, 20, 9], [21, 24, 22, 1], [23, 16, 24, 17], [1, 15, 2, 14], [3, 7, 4, 6], [5, 10, 6, 11], [7, 13, 8, 12], [9, 18, 10, 19], [11, 4, 12, 5], [13, 21, 14, 20], [15, 22, 16, 23], [17, 3, 18, 2]]"
12a_0020_16,"[[17, 3, 18, 2], [19, 8, 20, 9], [21, 24, 22, 1], [23, 16, 24, 17], [1, 15, 2, 14], [3, 7, 4, 6], [5, 10, 6, 11], [7, 13, 8, 12], [9, 18, 10, 19], [11, 4, 12, 5], [13, 21, 14, 20], [15, 22, 16, 23]]"
12a_0020_17,"[[15, 22, 16, 23], [17, 3, 18, 2], [19, 8, 20, 9], [21, 24, 22, 1], [23, 16, 24, 17], [1, 15, 2, 14], [3, 7, 4, 6], [5, 10, 6, 11], [7, 13, 8, 12], [9, 18, 10, 19], [11, 4, 12, 5], [13, 21, 14, 20]]"
12a_0020_18,"[[13, 21, 14, 20], [15, 22, 16, 23], [17, 3, 18, 2], [19, 8, 20, 9], [21, 24, 22, 1], [23, 16, 24, 17], [1, 15, 2, 14], [3, 7, 4, 6], [5, 10, 6, 11], [7, 13, 8, 12], [9, 18, 10, 19], [11, 4, 12, 5]]"
12a_0020_19,"[[11, 4, 12, 5], [13, 21, 14, 20], [15, 22, 16, 23], [17, 3, 18, 2], [19, 8, 20, 9], [21, 24, 22, 1], [23, 16, 24, 17], [1, 15, 2, 14], [3, 7, 4, 6], [5, 10, 6, 11], [7, 13, 8, 12], [9, 18, 10, 19]]"
12a_0020_20,"[[9, 18, 10, 19], [11, 4, 12, 5], [13, 21, 14, 20], [15, 22, 16, 23], [17, 3, 18, 2], [19, 8, 20, 9], [21, 24, 22, 1], [23, 16, 24, 17], [1, 15, 2, 14], [3, 7, 4, 6], [5, 10, 6, 11], [7, 13, 8, 12]]"
12a_0020_21,"[[7, 13, 8, 12], [9, 18, 10, 19], [11, 4, 12, 5], [13, 21, 14, 20], [15, 22, 16, 23], [17, 3, 18, 2], [19, 8, 20, 9], [21, 24, 22, 1], [23, 16, 24, 17], [1, 15, 2, 14], [3, 7, 4, 6], [5, 10, 6, 11]]"
12a_0020_22,"[[5, 10, 6, 11], [7, 13, 8, 12], [9, 18, 10, 19], [11, 4, 12, 5], [13, 21, 14, 20], [15, 22, 16, 23], [17, 3, 18, 2], [19, 8, 20, 9], [21, 24, 22, 1], [23, 16, 24, 17], [1, 15, 2, 14], [3, 7, 4, 6]]"
12a_0020_23,"[[3, 7, 4, 6], [5, 10, 6, 11], [7, 13, 8, 12], [9, 18, 10, 19], [11, 4, 12, 5], [13, 21, 14, 20], [15, 22, 16, 23], [17, 3, 18, 2], [19, 8, 20, 9], [21, 24, 22, 1], [23, 16, 24, 17], [1, 15, 2, 14]]"
12a_0020_24,"[[2, 16, 3, 15], [4, 8, 5, 7], [6, 11, 7, 12], [8, 14, 9, 13], [10, 19, 11, 20], [12, 5, 13, 6], [14, 22, 15, 21], [16, 23, 17, 24], [18, 4, 19, 3], [20, 9, 21, 10], [22, 1, 23, 2], [24, 17, 1, 18]]"
12a_0020_25,"[[24, 17, 1, 18], [2, 16, 3, 15], [4, 8, 5, 7], [6, 11, 7, 12], [8, 14, 9, 13], [10, 19, 11, 20], [12, 5, 13, 6], [14, 22, 15, 21], [16, 23, 17, 24], [18, 4, 19, 3], [20, 9, 21, 10], [22, 1, 23, 2]]"
12a_0020_26,"[[22, 1, 23, 2], [24, 17, 1, 18], [2, 16, 3, 15], [4, 8, 5, 7], [6, 11, 7, 12], [8, 14, 9, 13], [10, 19, 11, 20], [12, 5, 13, 6], [14, 22, 15, 21], [16, 23, 17, 24], [18, 4, 19, 3], [20, 9, 21, 10]]"
12a_0020_27,"[[20, 9, 21, 10], [22, 1, 23, 2], [24, 17, 1, 18], [2, 16, 3, 15], [4, 8, 5, 7], [6, 11, 7, 12], [8, 14, 9, 13], [10, 19, 11, 20], [12, 5, 13, 6], [14, 22, 15, 21], [16, 23, 17, 24], [18, 4, 19, 3]]"
12a_0020_28,"[[18, 4, 19, 3], [20, 9, 21, 10], [22, 1, 23, 2], [24, 17, 1, 18], [2, 16, 3, 15], [4, 8, 5, 7], [6, 11, 7, 12], [8, 14, 9, 13], [10, 19, 11, 20], [12, 5, 13, 6], [14, 22, 15, 21], [16, 23, 17, 24]]"
12a_0020_29,"[[16, 23, 17, 24], [18, 4, 19, 3], [20, 9, 21, 10], [22, 1, 23, 2], [24, 17, 1, 18], [2, 16, 3, 15], [4, 8, 5, 7], [6, 11, 7, 12], [8, 14, 9, 13], [10, 19, 11, 20], [12, 5, 13, 6], [14, 22, 15, 21]]"
12a_0020_30,"[[14, 22, 15, 21], [16, 23, 17, 24], [18, 4, 19, 3], [20, 9, 21, 10], [22, 1, 23, 2], [24, 17, 1, 18], [2, 16, 3, 15], [4, 8, 5, 7], [6, 11, 7, 12], [8, 14, 9, 13], [10, 19, 11, 20], [12, 5, 13, 6]]"
12a_0020_31,"[[12, 5, 13, 6], [14, 22, 15, 21], [16, 23, 17, 24], [18, 4, 19, 3], [20, 9, 21, 10], [22, 1, 23, 2], [24, 17, 1, 18], [2, 16, 3, 15], [4, 8, 5, 7], [6, 11, 7, 12], [8, 14, 9, 13], [10, 19, 11, 20]]"
12a_0020_32,"[[10, 19, 11, 20], [12, 5, 13, 6], [14, 22, 15, 21], [16, 23, 17, 24], [18, 4, 19, 3], [20, 9, 21, 10], [22, 1, 23, 2], [24, 17, 1, 18], [2, 16, 3, 15], [4, 8, 5, 7], [6, 11, 7, 12], [8, 14, 9, 13]]"
12a_0020_33,"[[8, 14, 9, 13], [10, 19, 11, 20], [12, 5, 13, 6], [14, 22, 15, 21], [16, 23, 17, 24], [18, 4, 19, 3], [20, 9, 21, 10], [22, 1, 23, 2], [24, 17, 1, 18], [2, 16, 3, 15], [4, 8, 5, 7], [6, 11, 7, 12]]"
12a_0020_34,"[[6, 11, 7, 12], [8, 14, 9, 13], [10, 19, 11, 20], [12, 5, 13, 6], [14, 22, 15, 21], [16, 23, 17, 24], [18, 4, 19, 3], [20, 9, 21, 10], [22, 1, 23, 2], [24, 17, 1, 18], [2, 16, 3, 15], [4, 8, 5, 7]]"
12a_0020_35,"[[4, 8, 5, 7], [6, 11, 7, 12], [8, 14, 9, 13], [10, 19, 11, 20], [12, 5, 13, 6], [14, 22, 15, 21], [16, 23, 17, 24], [18, 4, 19, 3], [20, 9, 21, 10], [22, 1, 23, 2], [24, 17, 1, 18], [2, 16, 3, 15]]"
12a_0020_36,"[[3, 17, 4, 16], [5, 9, 6, 8], [7, 12, 8, 13], [9, 15, 10, 14], [11, 20, 12, 21], [13, 6, 14, 7], [15, 23, 16, 22], [17, 24, 18, 1], [19, 5, 20, 4], [21, 10, 22, 11], [23, 2, 24, 3], [1, 18, 2, 19]]"
12a_0020_37,"[[1, 18, 2, 19], [3, 17, 4, 16], [5, 9, 6, 8], [7, 12, 8, 13], [9, 15, 10, 14], [11, 20, 12, 21], [13, 6, 14, 7], [15, 23, 16, 22], [17, 24, 18, 1], [19, 5, 20, 4], [21, 10, 22, 11], [23, 2, 24, 3]]"
12a_0020_38,"[[23, 2, 24, 3], [1, 18, 2, 19], [3, 17, 4, 16], [5, 9, 6, 8], [7, 12, 8, 13], [9, 15, 10, 14], [11, 20, 12, 21], [13, 6, 14, 7], [15, 23, 16, 22], [17, 24, 18, 1], [19, 5, 20, 4], [21, 10, 22, 11]]"
12a_0020_39,"[[21, 10, 22, 11], [23, 2, 24, 3], [1, 18, 2, 19], [3, 17, 4, 16], [5, 9, 6, 8], [7, 12, 8, 13], [9, 15, 10, 14], [11, 20, 12, 21], [13, 6, 14, 7], [15, 23, 16, 22], [17, 24, 18, 1], [19, 5, 20, 4]]"
12a_0020_40,"[[19, 5, 20, 4], [21, 10, 22, 11], [23, 2, 24, 3], [1, 18, 2, 19], [3, 17, 4, 16], [5, 9, 6, 8], [7, 12, 8, 13], [9, 15, 10, 14], [11, 20, 12, 21], [13, 6, 14, 7], [15, 23, 16, 22], [17, 24, 18, 1]]"
12a_0020_41,"[[17, 24, 18, 1], [19, 5, 20, 4], [21, 10, 22, 11], [23, 2, 24, 3], [1, 18, 2, 19], [3, 17, 4, 16], [5, 9, 6, 8], [7, 12, 8, 13], [9, 15, 10, 14], [11, 20, 12, 21], [13, 6, 14, 7], [15, 23, 16, 22]]"
12a_0020_42,"[[15, 23, 16, 22], [17, 24, 18, 1], [19, 5, 20, 4], [21, 10, 22, 11], [23, 2, 24, 3], [1, 18, 2, 19], [3, 17, 4, 16], [5, 9, 6, 8], [7, 12, 8, 13], [9, 15, 10, 14], [11, 20, 12, 21], [13, 6, 14, 7]]"
12a_0020_43,"[[13, 6, 14, 7], [15, 23, 16, 22], [17, 24, 18, 1], [19, 5, 20, 4], [21, 10, 22, 11], [23, 2, 24, 3], [1, 18, 2, 19], [3, 17, 4, 16], [5, 9, 6, 8], [7, 12, 8, 13], [9, 15, 10, 14], [11, 20, 12, 21]]"
12a_0020_44,"[[11, 20, 12, 21], [13, 6, 14, 7], [15, 23, 16, 22], [17, 24, 18, 1], [19, 5, 20, 4], [21, 10, 22, 11], [23, 2, 24, 3], [1, 18, 2, 19], [3, 17, 4, 16], [5, 9, 6, 8], [7, 12, 8, 13], [9, 15, 10, 14]]"
12a_0020_45,"[[9, 15, 10, 14], [11, 20, 12, 21], [13, 6, 14, 7], [15, 23, 16, 22], [17, 24, 18, 1], [19, 5, 20, 4], [21, 10, 22, 11], [23, 2, 24, 3], [1, 18, 2, 19], [3, 17, 4, 16], [5, 9, 6, 8], [7, 12, 8, 13]]"
12a_0020_46,"[[7, 12, 8, 13], [9, 15, 10, 14], [11, 20, 12, 21], [13, 6, 14, 7], [15, 23, 16, 22], [17, 24, 18, 1], [19, 5, 20, 4], [21, 10, 22, 11], [23, 2, 24, 3], [1, 18, 2, 19], [3, 17, 4, 16], [5, 9, 6, 8]]"
12a_0020_47,"[[5, 9, 6, 8], [7, 12, 8, 13], [9, 15, 10, 14], [11, 20, 12, 21], [13, 6, 14, 7], [15, 23, 16, 22], [17, 24, 18, 1], [19, 5, 20, 4], [21, 10, 22, 11], [23, 2, 24, 3], [1, 18, 2, 19], [3, 17, 4, 16]]"
12a_0020_48,"[[4, 18, 5, 17], [6, 10, 7, 9], [8, 13, 9, 14], [10, 16, 11, 15], [12, 21, 13, 22], [14, 7, 15, 8], [16, 24, 17, 23], [18, 1, 19, 2], [20, 6, 21, 5], [22, 11, 23, 12], [24, 3, 1, 4], [2, 19, 3, 20]]"
12a_0020_49,"[[2, 19, 3, 20], [4, 18, 5, 17], [6, 10, 7, 9], [8, 13, 9, 14], [10, 16, 11, 15], [12, 21, 13, 22], [14, 7, 15, 8], [16, 24, 17, 23], [18, 1, 19, 2], [20, 6, 21, 5], [22, 11, 23, 12], [24, 3, 1, 4]]"
12a_0020_50,"[[24, 3, 1, 4], [2, 19, 3, 20], [4, 18, 5, 17], [6, 10, 7, 9], [8, 13, 9, 14], [10, 16, 11, 15], [12, 21, 13, 22], [14, 7, 15, 8], [16, 24, 17, 23], [18, 1, 19, 2], [20, 6, 21, 5], [22, 11, 23, 12]]"
12a_0020_51,"[[22, 11, 23, 12], [24, 3, 1, 4], [2, 19, 3, 20], [4, 18, 5, 17], [6, 10, 7, 9], [8, 13, 9, 14], [10, 16, 11, 15], [12, 21, 13, 22], [14, 7, 15, 8], [16, 24, 17, 23], [18, 1, 19, 2], [20, 6, 21, 5]]"
12a_0020_52,"[[20, 6, 21, 5], [22, 11, 23, 12], [24, 3, 1, 4], [2, 19, 3, 20], [4, 18, 5, 17], [6, 10, 7, 9], [8, 13, 9, 14], [10, 16, 11, 15], [12, 21, 13, 22], [14, 7, 15, 8], [16, 24, 17, 23], [18, 1, 19, 2]]"
12a_0020_53,"[[18, 1, 19, 2], [20, 6, 21, 5], [22, 11, 23, 12], [24, 3, 1, 4], [2, 19, 3, 20], [4, 18, 5, 17], [6, 10, 7, 9], [8, 13, 9, 14], [10, 16, 11, 15], [12, 21, 13, 22], [14, 7, 15, 8], [16, 24, 17, 23]]"
12a_0020_54,"[[16, 24, 17, 23], [18, 1, 19, 2], [20, 6, 21, 5], [22, 11, 23, 12], [24, 3, 1, 4], [2, 19, 3, 20], [4, 18, 5, 17], [6, 10, 7, 9], [8, 13, 9, 14], [10, 16, 11, 15], [12, 21, 13, 22], [14, 7, 15, 8]]"
12a_0020_55,"[[14, 7, 15, 8], [16, 24, 17, 23], [18, 1, 19, 2], [20, 6, 21, 5], [22, 11, 23, 12], [24, 3, 1, 4], [2, 19, 3, 20], [4, 18, 5, 17], [6, 10, 7, 9], [8, 13, 9, 14], [10, 16, 11, 15], [12, 21, 13, 22]]"
12a_0020_56,"[[12, 21, 13, 22], [14, 7, 15, 8], [16, 24, 17, 23], [18, 1, 19, 2], [20, 6, 21, 5], [22, 11, 23, 12], [24, 3, 1, 4], [2, 19, 3, 20], [4, 18, 5, 17], [6, 10, 7, 9], [8, 13, 9, 14], [10, 16, 11, 15]]"
12a_0020_57,"[[10, 16, 11, 15], [12, 21, 13, 22], [14, 7, 15, 8], [16, 24, 17, 23], [18, 1, 19, 2], [20, 6, 21, 5], [22, 11, 23, 12], [24, 3, 1, 4], [2, 19, 3, 20], [4, 18, 5, 17], [6, 10, 7, 9], [8, 13, 9, 14]]"
12a_0020_58,"[[8, 13, 9, 14], [10, 16, 11, 15], [12, 21, 13, 22], [14, 7, 15, 8], [16, 24, 17, 23], [18, 1, 19, 2], [20, 6, 21, 5], [22, 11, 23, 12], [24, 3, 1, 4], [2, 19, 3, 20], [4, 18, 5, 17], [6, 10, 7, 9]]"
12a_0020_59,"[[6, 10, 7, 9], [8, 13, 9, 14], [10, 16, 11, 15], [12, 21, 13, 22], [14, 7, 15, 8], [16, 24, 17, 23], [18, 1, 19, 2], [20, 6, 21, 5], [22, 11, 23, 12], [24, 3, 1, 4], [2, 19, 3, 20], [4, 18, 5, 17]]"
12a_0020_60,"[[5, 19, 6, 18], [7, 11, 8, 10], [9, 14, 10, 15], [11, 17, 12, 16], [13, 22, 14, 23], [15, 8, 16, 9], [17, 1, 18, 24], [19, 2, 20, 3], [21, 7, 22, 6], [23, 12, 24, 13], [1, 4, 2, 5], [3, 20, 4, 21]]"
12a_0020_61,"[[3, 20, 4, 21], [5, 19, 6, 18], [7, 11, 8, 10], [9, 14, 10, 15], [11, 17, 12, 16], [13, 22, 14, 23], [15, 8, 16, 9], [17, 1, 18, 24], [19, 2, 20, 3], [21, 7, 22, 6], [23, 12, 24, 13], [1, 4, 2, 5]]"
12a_0020_62,"[[1, 4, 2, 5], [3, 20, 4, 21], [5, 19, 6, 18], [7, 11, 8, 10], [9, 14, 10, 15], [11, 17, 12, 16], [13, 22, 14, 23], [15, 8, 16, 9], [17, 1, 18, 24], [19, 2, 20, 3], [21, 7, 22, 6], [23, 12, 24, 13]]"
12a_0020_63,"[[23, 12, 24, 13], [1, 4, 2, 5], [3, 20, 4, 21], [5, 19, 6, 18], [7, 11, 8, 10], [9, 14, 10, 15], [11, 17, 12, 16], [13, 22, 14, 23], [15, 8, 16, 9], [17, 1, 18, 24], [19, 2, 20, 3], [21, 7, 22, 6]]"
12a_0020_64,"[[21, 7, 22, 6], [23, 12, 24, 13], [1, 4, 2, 5], [3, 20, 4, 21], [5, 19, 6, 18], [7, 11, 8, 10], [9, 14, 10, 15], [11, 17, 12, 16], [13, 22, 14, 23], [15, 8, 16, 9], [17, 1, 18, 24], [19, 2, 20, 3]]"
12a_0020_65,"[[19, 2, 20, 3], [21, 7, 22, 6], [23, 12, 24, 13], [1, 4, 2, 5], [3, 20, 4, 21], [5, 19, 6, 18], [7, 11, 8, 10], [9, 14, 10, 15], [11, 17, 12, 16], [13, 22, 14, 23], [15, 8, 16, 9], [17, 1, 18, 24]]"
12a_0020_66,"[[17, 1, 18, 24], [19, 2, 20, 3], [21, 7, 22, 6], [23, 12, 24, 13], [1, 4, 2, 5], [3, 20, 4, 21], [5, 19, 6, 18], [7, 11, 8, 10], [9, 14, 10, 15], [11, 17, 12, 16], [13, 22, 14, 23], [15, 8, 16, 9]]"
12a_0020_67,"[[15, 8, 16, 9], [17, 1, 18, 24], [19, 2, 20, 3], [21, 7, 22, 6], [23, 12, 24, 13], [1, 4, 2, 5], [3, 20, 4, 21], [5, 19, 6, 18], [7, 11, 8, 10], [9, 14, 10, 15], [11, 17, 12, 16], [13, 22, 14, 23]]"
12a_0020_68,"[[13, 22, 14, 23], [15, 8, 16, 9], [17, 1, 18, 24], [19, 2, 20, 3], [21, 7, 22, 6], [23, 12, 24, 13], [1, 4, 2, 5], [3, 20, 4, 21], [5, 19, 6, 18], [7, 11, 8, 10], [9, 14, 10, 15], [11, 17, 12, 16]]"
12a_0020_69,"[[11, 17, 12, 16], [13, 22, 14, 23], [15, 8, 16, 9], [17, 1, 18, 24], [19, 2, 20, 3], [21, 7, 22, 6], [23, 12, 24, 13], [1, 4, 2, 5], [3, 20, 4, 21], [5, 19, 6, 18], [7, 11, 8, 10], [9, 14, 10, 15]]"
12a_0020_70,"[[9, 14, 10, 15], [11, 17, 12, 16], [13, 22, 14, 23], [15, 8, 16, 9], [17, 1, 18, 24], [19, 2, 20, 3], [21, 7, 22, 6], [23, 12, 24, 13], [1, 4, 2, 5], [3, 20, 4, 21], [5, 19, 6, 18], [7, 11, 8, 10]]"
12a_0020_71,"[[7, 11, 8, 10], [9, 14, 10, 15], [11, 17, 12, 16], [13, 22, 14, 23], [15, 8, 16, 9], [17, 1, 18, 24], [19, 2, 20, 3], [21, 7, 22, 6], [23, 12, 24, 13], [1, 4, 2, 5], [3, 20, 4, 21], [5, 19, 6, 18]]"
12a_0020_72,"[[6, 20, 7, 19], [8, 12, 9, 11], [10, 15, 11, 16], [12, 18, 13, 17], [14, 23, 15, 24], [16, 9, 17, 10], [18, 2, 19, 1], [20, 3, 21, 4], [22, 8, 23, 7], [24, 13, 1, 14], [2, 5, 3, 6], [4, 21, 5, 22]]"
12a_0020_73,"[[4, 21, 5, 22], [6, 20, 7, 19], [8, 12, 9, 11], [10, 15, 11, 16], [12, 18, 13, 17], [14, 23, 15, 24], [16, 9, 17, 10], [18, 2, 19, 1], [20, 3, 21, 4], [22, 8, 23, 7], [24, 13, 1, 14], [2, 5, 3, 6]]"
12a_0020_74,"[[2, 5, 3, 6], [4, 21, 5, 22], [6, 20, 7, 19], [8, 12, 9, 11], [10, 15, 11, 16], [12, 18, 13, 17], [14, 23, 15, 24], [16, 9, 17, 10], [18, 2, 19, 1], [20, 3, 21, 4], [22, 8, 23, 7], [24, 13, 1, 14]]"
12a_0020_75,"[[24, 13, 1, 14], [2, 5, 3, 6], [4, 21, 5, 22], [6, 20, 7, 19], [8, 12, 9, 11], [10, 15, 11, 16], [12, 18, 13, 17], [14, 23, 15, 24], [16, 9, 17, 10], [18, 2, 19, 1], [20, 3, 21, 4], [22, 8, 23, 7]]"
12a_0020_76,"[[22, 8, 23, 7], [24, 13, 1, 14], [2, 5, 3, 6], [4, 21, 5, 22], [6, 20, 7, 19], [8, 12, 9, 11], [10, 15, 11, 16], [12, 18, 13, 17], [14, 23, 15, 24], [16, 9, 17, 10], [18, 2, 19, 1], [20, 3, 21, 4]]"
12a_0020_77,"[[20, 3, 21, 4], [22, 8, 23, 7], [24, 13, 1, 14], [2, 5, 3, 6], [4, 21, 5, 22], [6, 20, 7, 19], [8, 12, 9, 11], [10, 15, 11, 16], [12, 18, 13, 17], [14, 23, 15, 24], [16, 9, 17, 10], [18, 2, 19, 1]]"
12a_0020_78,"[[18, 2, 19, 1], [20, 3, 21, 4], [22, 8, 23, 7], [24, 13, 1, 14], [2, 5, 3, 6], [4, 21, 5, 22], [6, 20, 7, 19], [8, 12, 9, 11], [10, 15, 11, 16], [12, 18, 13, 17], [14, 23, 15, 24], [16, 9, 17, 10]]"
12a_0020_79,"[[16, 9, 17, 10], [18, 2, 19, 1], [20, 3, 21, 4], [22, 8, 23, 7], [24, 13, 1, 14], [2, 5, 3, 6], [4, 21, 5, 22], [6, 20, 7, 19], [8, 12, 9, 11], [10, 15, 11, 16], [12, 18, 13, 17], [14, 23, 15, 24]]"
12a_0020_80,"[[14, 23, 15, 24], [16, 9, 17, 10], [18, 2, 19, 1], [20, 3, 21, 4], [22, 8, 23, 7], [24, 13, 1, 14], [2, 5, 3, 6], [4, 21, 5, 22], [6, 20, 7, 19], [8, 12, 9, 11], [10, 15, 11, 16], [12, 18, 13, 17]]"
12a_0020_81,"[[12, 18, 13, 17], [14, 23, 15, 24], [16, 9, 17, 10], [18, 2, 19, 1], [20, 3, 21, 4], [22, 8, 23, 7], [24, 13, 1, 14], [2, 5, 3, 6], [4, 21, 5, 22], [6, 20, 7, 19], [8, 12, 9, 11], [10, 15, 11, 16]]"
12a_0020_82,"[[10, 15, 11, 16], [12, 18, 13, 17], [14, 23, 15, 24], [16, 9, 17, 10], [18, 2, 19, 1], [20, 3, 21, 4], [22, 8, 23, 7], [24, 13, 1, 14], [2, 5, 3, 6], [4, 21, 5, 22], [6, 20, 7, 19], [8, 12, 9, 11]]"
12a_0020_83,"[[8, 12, 9, 11], [10, 15, 11, 16], [12, 18, 13, 17], [14, 23, 15, 24], [16, 9, 17, 10], [18, 2, 19, 1], [20, 3, 21, 4], [22, 8, 23, 7], [24, 13, 1, 14], [2, 5, 3, 6], [4, 21, 5, 22], [6, 20, 7, 19]]"
12a_0020_84,"[[7, 21, 8, 20], [9, 13, 10, 12], [11, 16, 12, 17], [13, 19, 14, 18], [15, 24, 16, 1], [17, 10, 18, 11], [19, 3, 20, 2], [21, 4, 22, 5], [23, 9, 24, 8], [1, 14, 2, 15], [3, 6, 4, 7], [5, 22, 6, 23]]"
12a_0020_85,"[[5, 22, 6, 23], [7, 21, 8, 20], [9, 13, 10, 12], [11, 16, 12, 17], [13, 19, 14, 18], [15, 24, 16, 1], [17, 10, 18, 11], [19, 3, 20, 2], [21, 4, 22, 5], [23, 9, 24, 8], [1, 14, 2, 15], [3, 6, 4, 7]]"
12a_0020_86,"[[3, 6, 4, 7], [5, 22, 6, 23], [7, 21, 8, 20], [9, 13, 10, 12], [11, 16, 12, 17], [13, 19, 14, 18], [15, 24, 16, 1], [17, 10, 18, 11], [19, 3, 20, 2], [21, 4, 22, 5], [23, 9, 24, 8], [1, 14, 2, 15]]"
12a_0020_87,"[[1, 14, 2, 15], [3, 6, 4, 7], [5, 22, 6, 23], [7, 21, 8, 20], [9, 13, 10, 12], [11, 16, 12, 17], [13, 19, 14, 18], [15, 24, 16, 1], [17, 10, 18, 11], [19, 3, 20, 2], [21, 4, 22, 5], [23, 9, 24, 8]]"
12a_0020_88,"[[23, 9, 24, 8], [1, 14, 2, 15], [3, 6, 4, 7], [5, 22, 6, 23], [7, 21, 8, 20], [9, 13, 10, 12], [11, 16, 12, 17], [13, 19, 14, 18], [15, 24, 16, 1], [17, 10, 18, 11], [19, 3, 20, 2], [21, 4, 22, 5]]"
12a_0020_89,"[[21, 4, 22, 5], [23, 9, 24, 8], [1, 14, 2, 15], [3, 6, 4, 7], [5, 22, 6, 23], [7, 21, 8, 20], [9, 13, 10, 12], [11, 16, 12, 17], [13, 19, 14, 18], [15, 24, 16, 1], [17, 10, 18, 11], [19, 3, 20, 2]]"
12a_0020_90,"[[19, 3, 20, 2], [21, 4, 22, 5], [23, 9, 24, 8], [1, 14, 2, 15], [3, 6, 4, 7], [5, 22, 6, 23], [7, 21, 8, 20], [9, 13, 10, 12], [11, 16, 12, 17], [13, 19, 14, 18], [15, 24, 16, 1], [17, 10, 18, 11]]"
12a_0020_91,"[[17, 10, 18, 11], [19, 3, 20, 2], [21, 4, 22, 5], [23, 9, 24, 8], [1, 14, 2, 15], [3, 6, 4, 7], [5, 22, 6, 23], [7, 21, 8, 20], [9, 13, 10, 12], [11, 16, 12, 17], [13, 19, 14, 18], [15, 24, 16, 1]]"
12a_0020_92,"[[15, 24, 16, 1], [17, 10, 18, 11], [19, 3, 20, 2], [21, 4, 22, 5], [23, 9, 24, 8], [1, 14, 2, 15], [3, 6, 4, 7], [5, 22, 6, 23], [7, 21, 8, 20], [9, 13, 10, 12], [11, 16, 12, 17], [13, 19, 14, 18]]"
12a_0020_93,"[[13, 19, 14, 18], [15, 24, 16, 1], [17, 10, 18, 11], [19, 3, 20, 2], [21, 4, 22, 5], [23, 9, 24, 8], [1, 14, 2, 15], [3, 6, 4, 7], [5, 22, 6, 23], [7, 21, 8, 20], [9, 13, 10, 12], [11, 16, 12, 17]]"
12a_0020_94,"[[11, 16, 12, 17], [13, 19, 14, 18], [15, 24, 16, 1], [17, 10, 18, 11], [19, 3, 20, 2], [21, 4, 22, 5], [23, 9, 24, 8], [1, 14, 2, 15], [3, 6, 4, 7], [5, 22, 6, 23], [7, 21, 8, 20], [9, 13, 10, 12]]"
12a_0020_95,"[[9, 13, 10, 12], [11, 16, 12, 17], [13, 19, 14, 18], [15, 24, 16, 1], [17, 10, 18, 11], [19, 3, 20, 2], [21, 4, 22, 5], [23, 9, 24, 8], [1, 14, 2, 15], [3, 6, 4, 7], [5, 22, 6, 23], [7, 21, 8, 20]]"
12a_0020_96,"[[8, 22, 9, 21], [10, 14, 11, 13], [12, 17, 13, 18], [14, 20, 15, 19], [16, 1, 17, 2], [18, 11, 19, 12], [20, 4, 21, 3], [22, 5, 23, 6], [24, 10, 1, 9], [2, 15, 3, 16], [4, 7, 5, 8], [6, 23, 7, 24]]"
12a_0020_97,"[[6, 23, 7, 24], [8, 22, 9, 21], [10, 14, 11, 13], [12, 17, 13, 18], [14, 20, 15, 19], [16, 1, 17, 2], [18, 11, 19, 12], [20, 4, 21, 3], [22, 5, 23, 6], [24, 10, 1, 9], [2, 15, 3, 16], [4, 7, 5, 8]]"
12a_0020_98,"[[4, 7, 5, 8], [6, 23, 7, 24], [8, 22, 9, 21], [10, 14, 11, 13], [12, 17, 13, 18], [14, 20, 15, 19], [16, 1, 17, 2], [18, 11, 19, 12], [20, 4, 21, 3], [22, 5, 23, 6], [24, 10, 1, 9], [2, 15, 3, 16]]"
12a_0020_99,"[[2, 15, 3, 16], [4, 7, 5, 8], [6, 23, 7, 24], [8, 22, 9, 21], [10, 14, 11, 13], [12, 17, 13, 18], [14, 20, 15, 19], [16, 1, 17, 2], [18, 11, 19, 12], [20, 4, 21, 3], [22, 5, 23, 6], [24, 10, 1, 9]]"
12a_0020_100,"[[24, 10, 1, 9], [2, 15, 3, 16], [4, 7, 5, 8], [6, 23, 7, 24], [8, 22, 9, 21], [10, 14, 11, 13], [12, 17, 13, 18], [14, 20, 15, 19], [16, 1, 17, 2], [18, 11, 19, 12], [20, 4, 21, 3], [22, 5, 23, 6]]"
12a_0020_101,"[[22, 5, 23, 6], [24, 10, 1, 9], [2, 15, 3, 16], [4, 7, 5, 8], [6, 23, 7, 24], [8, 22, 9, 21], [10, 14, 11, 13], [12, 17, 13, 18], [14, 20, 15, 19], [16, 1, 17, 2], [18, 11, 19, 12], [20, 4, 21, 3]]"
12a_0020_102,"[[20, 4, 21, 3], [22, 5, 23, 6], [24, 10, 1, 9], [2, 15, 3, 16], [4, 7, 5, 8], [6, 23, 7, 24], [8, 22, 9, 21], [10, 14, 11, 13], [12, 17, 13, 18], [14, 20, 15, 19], [16, 1, 17, 2], [18, 11, 19, 12]]"
12a_0020_103,"[[18, 11, 19, 12], [20, 4, 21, 3], [22, 5, 23, 6], [24, 10, 1, 9], [2, 15, 3, 16], [4, 7, 5, 8], [6, 23, 7, 24], [8, 22, 9, 21], [10, 14, 11, 13], [12, 17, 13, 18], [14, 20, 15, 19], [16, 1, 17, 2]]"
12a_0020_104,"[[16, 1, 17, 2], [18, 11, 19, 12], [20, 4, 21, 3], [22, 5, 23, 6], [24, 10, 1, 9], [2, 15, 3, 16], [4, 7, 5, 8], [6, 23, 7, 24], [8, 22, 9, 21], [10, 14, 11, 13], [12, 17, 13, 18], [14, 20, 15, 19]]"
12a_0020_105,"[[14, 20, 15, 19], [16, 1, 17, 2], [18, 11, 19, 12], [20, 4, 21, 3], [22, 5, 23, 6], [24, 10, 1, 9], [2, 15, 3, 16], [4, 7, 5, 8], [6, 23, 7, 24], [8, 22, 9, 21], [10, 14, 11, 13], [12, 17, 13, 18]]"
12a_0020_106,"[[12, 17, 13, 18], [14, 20, 15, 19], [16, 1, 17, 2], [18, 11, 19, 12], [20, 4, 21, 3], [22, 5, 23, 6], [24, 10, 1, 9], [2, 15, 3, 16], [4, 7, 5, 8], [6, 23, 7, 24], [8, 22, 9, 21], [10, 14, 11, 13]]"
12a_0020_107,"[[10, 14, 11, 13], [12, 17, 13, 18], [14, 20, 15, 19], [16, 1, 17, 2], [18, 11, 19, 12], [20, 4, 21, 3], [22, 5, 23, 6], [24, 10, 1, 9], [2, 15, 3, 16], [4, 7, 5, 8], [6, 23, 7, 24], [8, 22, 9, 21]]"
12a_0020_108,"[[9, 23, 10, 22], [11, 15, 12, 14], [13, 18, 14, 19], [15, 21, 16, 20], [17, 2, 18, 3], [19, 12, 20, 13], [21, 5, 22, 4], [23, 6, 24, 7], [1, 11, 2, 10], [3, 16, 4, 17], [5, 8, 6, 9], [7, 24, 8, 1]]"
12a_0020_109,"[[7, 24, 8, 1], [9, 23, 10, 22], [11, 15, 12, 14], [13, 18, 14, 19], [15, 21, 16, 20], [17, 2, 18, 3], [19, 12, 20, 13], [21, 5, 22, 4], [23, 6, 24, 7], [1, 11, 2, 10], [3, 16, 4, 17], [5, 8, 6, 9]]"
12a_0020_110,"[[5, 8, 6, 9], [7, 24, 8, 1], [9, 23, 10, 22], [11, 15, 12, 14], [13, 18, 14, 19], [15, 21, 16, 20], [17, 2, 18, 3], [19, 12, 20, 13], [21, 5, 22, 4], [23, 6, 24, 7], [1, 11, 2, 10], [3, 16, 4, 17]]"
12a_0020_111,"[[3, 16, 4, 17], [5, 8, 6, 9], [7, 24, 8, 1], [9, 23, 10, 22], [11, 15, 12, 14], [13, 18, 14, 19], [15, 21, 16, 20], [17, 2, 18, 3], [19, 12, 20, 13], [21, 5, 22, 4], [23, 6, 24, 7], [1, 11, 2, 10]]"
12a_0020_112,"[[1, 11, 2, 10], [3, 16, 4, 17], [5, 8, 6, 9], [7, 24, 8, 1], [9, 23, 10, 22], [11, 15, 12, 14], [13, 18, 14, 19], [15, 21, 16, 20], [17, 2, 18, 3], [19, 12, 20, 13], [21, 5, 22, 4], [23, 6, 24, 7]]"
12a_0020_113,"[[23, 6, 24, 7], [1, 11, 2, 10], [3, 16, 4, 17], [5, 8, 6, 9], [7, 24, 8, 1], [9, 23, 10, 22], [11, 15, 12, 14], [13, 18, 14, 19], [15, 21, 16, 20], [17, 2, 18, 3], [19, 12, 20, 13], [21, 5, 22, 4]]"
12a_0020_114,"[[21, 5, 22, 4], [23, 6, 24, 7], [1, 11, 2, 10], [3, 16, 4, 17], [5, 8, 6, 9], [7, 24, 8, 1], [9, 23, 10, 22], [11, 15, 12, 14], [13, 18, 14, 19], [15, 21, 16, 20], [17, 2, 18, 3], [19, 12, 20, 13]]"
12a_0020_115,"[[19, 12, 20, 13], [21, 5, 22, 4], [23, 6, 24, 7], [1, 11, 2, 10], [3, 16, 4, 17], [5, 8, 6, 9], [7, 24, 8, 1], [9, 23, 10, 22], [11, 15, 12, 14], [13, 18, 14, 19], [15, 21, 16, 20], [17, 2, 18, 3]]"
12a_0020_116,"[[17, 2, 18, 3], [19, 12, 20, 13], [21, 5, 22, 4], [23, 6, 24, 7], [1, 11, 2, 10], [3, 16, 4, 17], [5, 8, 6, 9], [7, 24, 8, 1], [9, 23, 10, 22], [11, 15, 12, 14], [13, 18, 14, 19], [15, 21, 16, 20]]"
12a_0020_117,"[[15, 21, 16, 20], [17, 2, 18, 3], [19, 12, 20, 13], [21, 5, 22, 4], [23, 6, 24, 7], [1, 11, 2, 10], [3, 16, 4, 17], [5, 8, 6, 9], [7, 24, 8, 1], [9, 23, 10, 22], [11, 15, 12, 14], [13, 18, 14, 19]]"
12a_0020_118,"[[13, 18, 14, 19], [15, 21, 16, 20], [17, 2, 18, 3], [19, 12, 20, 13], [21, 5, 22, 4], [23, 6, 24, 7], [1, 11, 2, 10], [3, 16, 4, 17], [5, 8, 6, 9], [7, 24, 8, 1], [9, 23, 10, 22], [11, 15, 12, 14]]"
12a_0020_119,"[[11, 15, 12, 14], [13, 18, 14, 19], [15, 21, 16, 20], [17, 2, 18, 3], [19, 12, 20, 13], [21, 5, 22, 4], [23, 6, 24, 7], [1, 11, 2, 10], [3, 16, 4, 17], [5, 8, 6, 9], [7, 24, 8, 1], [9, 23, 10, 22]]"
12a_0020_120,"[[10, 24, 11, 23], [12, 16, 13, 15], [14, 19, 15, 20], [16, 22, 17, 21], [18, 3, 19, 4], [20, 13, 21, 14], [22, 6, 23, 5], [24, 7, 1, 8], [2, 12, 3, 11], [4, 17, 5, 18], [6, 9, 7, 10], [8, 1, 9, 2]]"
12a_0020_121,"[[8, 1, 9, 2], [10, 24, 11, 23], [12, 16, 13, 15], [14, 19, 15, 20], [16, 22, 17, 21], [18, 3, 19, 4], [20, 13, 21, 14], [22, 6, 23, 5], [24, 7, 1, 8], [2, 12, 3, 11], [4, 17, 5, 18], [6, 9, 7, 10]]"
12a_0020_122,"[[6, 9, 7, 10], [8, 1, 9, 2], [10, 24, 11, 23], [12, 16, 13, 15], [14, 19, 15, 20], [16, 22, 17, 21], [18, 3, 19, 4], [20, 13, 21, 14], [22, 6, 23, 5], [24, 7, 1, 8], [2, 12, 3, 11], [4, 17, 5, 18]]"
12a_0020_123,"[[4, 17, 5, 18], [6, 9, 7, 10], [8, 1, 9, 2], [10, 24, 11, 23], [12, 16, 13, 15], [14, 19, 15, 20], [16, 22, 17, 21], [18, 3, 19, 4], [20, 13, 21, 14], [22, 6, 23, 5], [24, 7, 1, 8], [2, 12, 3, 11]]"
12a_0020_124,"[[2, 12, 3, 11], [4, 17, 5, 18], [6, 9, 7, 10], [8, 1, 9, 2], [10, 24, 11, 23], [12, 16, 13, 15], [14, 19, 15, 20], [16, 22, 17, 21], [18, 3, 19, 4], [20, 13, 21, 14], [22, 6, 23, 5], [24, 7, 1, 8]]"
12a_0020_125,"[[24, 7, 1, 8], [2, 12, 3, 11], [4, 17, 5, 18], [6, 9, 7, 10], [8, 1, 9, 2], [10, 24, 11, 23], [12, 16, 13, 15], [14, 19, 15, 20], [16, 22, 17, 21], [18, 3, 19, 4], [20, 13, 21, 14], [22, 6, 23, 5]]"
12a_0020_126,"[[22, 6, 23, 5], [24, 7, 1, 8], [2, 12, 3, 11], [4, 17, 5, 18], [6, 9, 7, 10], [8, 1, 9, 2], [10, 24, 11, 23], [12, 16, 13, 15], [14, 19, 15, 20], [16, 22, 17, 21], [18, 3, 19, 4], [20, 13, 21, 14]]"
12a_0020_127,"[[20, 13, 21, 14], [22, 6, 23, 5], [24, 7, 1, 8], [2, 12, 3, 11], [4, 17, 5, 18], [6, 9, 7, 10], [8, 1, 9, 2], [10, 24, 11, 23], [12, 16, 13, 15], [14, 19, 15, 20], [16, 22, 17, 21], [18, 3, 19, 4]]"
12a_0020_128,"[[18, 3, 19, 4], [20, 13, 21, 14], [22, 6, 23, 5], [24, 7, 1, 8], [2, 12, 3, 11], [4, 17, 5, 18], [6, 9, 7, 10], [8, 1, 9, 2], [10, 24, 11, 23], [12, 16, 13, 15], [14, 19, 15, 20], [16, 22, 17, 21]]"
12a_0020_129,"[[16, 22, 17, 21], [18, 3, 19, 4], [20, 13, 21, 14], [22, 6, 23, 5], [24, 7, 1, 8], [2, 12, 3, 11], [4, 17, 5, 18], [6, 9, 7, 10], [8, 1, 9, 2], [10, 24, 11, 23], [12, 16, 13, 15], [14, 19, 15, 20]]"
12a_0020_130,"[[14, 19, 15, 20], [16, 22, 17, 21], [18, 3, 19, 4], [20, 13, 21, 14], [22, 6, 23, 5], [24, 7, 1, 8], [2, 12, 3, 11], [4, 17, 5, 18], [6, 9, 7, 10], [8, 1, 9, 2], [10, 24, 11, 23], [12, 16, 13, 15]]"
12a_0020_131,"[[12, 16, 13, 15], [14, 19, 15, 20], [16, 22, 17, 21], [18, 3, 19, 4], [20, 13, 21, 14], [22, 6, 23, 5], [24, 7, 1, 8], [2, 12, 3, 11], [4, 17, 5, 18], [6, 9, 7, 10], [8, 1, 9, 2], [10, 24, 11, 23]]"
12a_0020_132,"[[11, 1, 12, 24], [13, 17, 14, 16], [15, 20, 16, 21], [17, 23, 18, 22], [19, 4, 20, 5], [21, 14, 22, 15], [23, 7, 24, 6], [1, 8, 2, 9], [3, 13, 4, 12], [5, 18, 6, 19], [7, 10, 8, 11], [9, 2, 10, 3]]"
12a_0020_133,"[[9, 2, 10, 3], [11, 1, 12, 24], [13, 17, 14, 16], [15, 20, 16, 21], [17, 23, 18, 22], [19, 4, 20, 5], [21, 14, 22, 15], [23, 7, 24, 6], [1, 8, 2, 9], [3, 13, 4, 12], [5, 18, 6, 19], [7, 10, 8, 11]]"
12a_0020_134,"[[7, 10, 8, 11], [9, 2, 10, 3], [11, 1, 12, 24], [13, 17, 14, 16], [15, 20, 16, 21], [17, 23, 18, 22], [19, 4, 20, 5], [21, 14, 22, 15], [23, 7, 24, 6], [1, 8, 2, 9], [3, 13, 4, 12], [5, 18, 6, 19]]"
12a_0020_135,"[[5, 18, 6, 19], [7, 10, 8, 11], [9, 2, 10, 3], [11, 1, 12, 24], [13, 17, 14, 16], [15, 20, 16, 21], [17, 23, 18, 22], [19, 4, 20, 5], [21, 14, 22, 15], [23, 7, 24, 6], [1, 8, 2, 9], [3, 13, 4, 12]]"
12a_0020_136,"[[3, 13, 4, 12], [5, 18, 6, 19], [7, 10, 8, 11], [9, 2, 10, 3], [11, 1, 12, 24], [13, 17, 14, 16], [15, 20, 16, 21], [17, 23, 18, 22], [19, 4, 20, 5], [21, 14, 22, 15], [23, 7, 24, 6], [1, 8, 2, 9]]"
12a_0020_137,"[[1, 8, 2, 9], [3, 13, 4, 12], [5, 18, 6, 19], [7, 10, 8, 11], [9, 2, 10, 3], [11, 1, 12, 24], [13, 17, 14, 16], [15, 20, 16, 21], [17, 23, 18, 22], [19, 4, 20, 5], [21, 14, 22, 15], [23, 7, 24, 6]]"
12a_0020_138,"[[23, 7, 24, 6], [1, 8, 2, 9], [3, 13, 4, 12], [5, 18, 6, 19], [7, 10, 8, 11], [9, 2, 10, 3], [11, 1, 12, 24], [13, 17, 14, 16], [15, 20, 16, 21], [17, 23, 18, 22], [19, 4, 20, 5], [21, 14, 22, 15]]"
12a_0020_139,"[[21, 14, 22, 15], [23, 7, 24, 6], [1, 8, 2, 9], [3, 13, 4, 12], [5, 18, 6, 19], [7, 10, 8, 11], [9, 2, 10, 3], [11, 1, 12, 24], [13, 17, 14, 16], [15, 20, 16, 21], [17, 23, 18, 22], [19, 4, 20, 5]]"
12a_0020_140,"[[19, 4, 20, 5], [21, 14, 22, 15], [23, 7, 24, 6], [1, 8, 2, 9], [3, 13, 4, 12], [5, 18, 6, 19], [7, 10, 8, 11], [9, 2, 10, 3], [11, 1, 12, 24], [13, 17, 14, 16], [15, 20, 16, 21], [17, 23, 18, 22]]"
12a_0020_141,"[[17, 23, 18, 22], [19, 4, 20, 5], [21, 14, 22, 15], [23, 7, 24, 6], [1, 8, 2, 9], [3, 13, 4, 12], [5, 18, 6, 19], [7, 10, 8, 11], [9, 2, 10, 3], [11, 1, 12, 24], [13, 17, 14, 16], [15, 20, 16, 21]]"
12a_0020_142,"[[15, 20, 16, 21], [17, 23, 18, 22], [19, 4, 20, 5], [21, 14, 22, 15], [23, 7, 24, 6], [1, 8, 2, 9], [3, 13, 4, 12], [5, 18, 6, 19], [7, 10, 8, 11], [9, 2, 10, 3], [11, 1, 12, 24], [13, 17, 14, 16]]"
12a_0020_143,"[[13, 17, 14, 16], [15, 20, 16, 21], [17, 23, 18, 22], [19, 4, 20, 5], [21, 14, 22, 15], [23, 7, 24, 6], [1, 8, 2, 9], [3, 13, 4, 12], [5, 18, 6, 19], [7, 10, 8, 11], [9, 2, 10, 3], [11, 1, 12, 24]]"
12a_0020_144,"[[12, 2, 13, 1], [14, 18, 15, 17], [16, 21, 17, 22], [18, 24, 19, 23], [20, 5, 21, 6], [22, 15, 23, 16], [24, 8, 1, 7], [2, 9, 3, 10], [4, 14, 5, 13], [6, 19, 7, 20], [8, 11, 9, 12], [10, 3, 11, 4]]"
12a_0020_145,"[[10, 3, 11, 4], [12, 2, 13, 1], [14, 18, 15, 17], [16, 21, 17, 22], [18, 24, 19, 23], [20, 5, 21, 6], [22, 15, 23, 16], [24, 8, 1, 7], [2, 9, 3, 10], [4, 14, 5, 13], [6, 19, 7, 20], [8, 11, 9, 12]]"
12a_0020_146,"[[8, 11, 9, 12], [10, 3, 11, 4], [12, 2, 13, 1], [14, 18, 15, 17], [16, 21, 17, 22], [18, 24, 19, 23], [20, 5, 21, 6], [22, 15, 23, 16], [24, 8, 1, 7], [2, 9, 3, 10], [4, 14, 5, 13], [6, 19, 7, 20]]"
12a_0020_147,"[[6, 19, 7, 20], [8, 11, 9, 12], [10, 3, 11, 4], [12, 2, 13, 1], [14, 18, 15, 17], [16, 21, 17, 22], [18, 24, 19, 23], [20, 5, 21, 6], [22, 15, 23, 16], [24, 8, 1, 7], [2, 9, 3, 10], [4, 14, 5, 13]]"
12a_0020_148,"[[4, 14, 5, 13], [6, 19, 7, 20], [8, 11, 9, 12], [10, 3, 11, 4], [12, 2, 13, 1], [14, 18, 15, 17], [16, 21, 17, 22], [18, 24, 19, 23], [20, 5, 21, 6], [22, 15, 23, 16], [24, 8, 1, 7], [2, 9, 3, 10]]"
12a_0020_149,"[[2, 9, 3, 10], [4, 14, 5, 13], [6, 19, 7, 20], [8, 11, 9, 12], [10, 3, 11, 4], [12, 2, 13, 1], [14, 18, 15, 17], [16, 21, 17, 22], [18, 24, 19, 23], [20, 5, 21, 6], [22, 15, 23, 16], [24, 8, 1, 7]]"
12a_0020_150,"[[24, 8, 1, 7], [2, 9, 3, 10], [4, 14, 5, 13], [6, 19, 7, 20], [8, 11, 9, 12], [10, 3, 11, 4], [12, 2, 13, 1], [14, 18, 15, 17], [16, 21, 17, 22], [18, 24, 19, 23], [20, 5, 21, 6], [22, 15, 23, 16]]"
12a_0020_151,"[[22, 15, 23, 16], [24, 8, 1, 7], [2, 9, 3, 10], [4, 14, 5, 13], [6, 19, 7, 20], [8, 11, 9, 12], [10, 3, 11, 4], [12, 2, 13, 1], [14, 18, 15, 17], [16, 21, 17, 22], [18, 24, 19, 23], [20, 5, 21, 6]]"
12a_0020_152,"[[20, 5, 21, 6], [22, 15, 23, 16], [24, 8, 1, 7], [2, 9, 3, 10], [4, 14, 5, 13], [6, 19, 7, 20], [8, 11, 9, 12], [10, 3, 11, 4], [12, 2, 13, 1], [14, 18, 15, 17], [16, 21, 17, 22], [18, 24, 19, 23]]"
12a_0020_153,"[[18, 24, 19, 23], [20, 5, 21, 6], [22, 15, 23, 16], [24, 8, 1, 7], [2, 9, 3, 10], [4, 14, 5, 13], [6, 19, 7, 20], [8, 11, 9, 12], [10, 3, 11, 4], [12, 2, 13, 1], [14, 18, 15, 17], [16, 21, 17, 22]]"
12a_0020_154,"[[16, 21, 17, 22], [18, 24, 19, 23], [20, 5, 21, 6], [22, 15, 23, 16], [24, 8, 1, 7], [2, 9, 3, 10], [4, 14, 5, 13], [6, 19, 7, 20], [8, 11, 9, 12], [10, 3, 11, 4], [12, 2, 13, 1], [14, 18, 15, 17]]"
12a_0020_155,"[[14, 18, 15, 17], [16, 21, 17, 22], [18, 24, 19, 23], [20, 5, 21, 6], [22, 15, 23, 16], [24, 8, 1, 7], [2, 9, 3, 10], [4, 14, 5, 13], [6, 19, 7, 20], [8, 11, 9, 12], [10, 3, 11, 4], [12, 2, 13, 1]]"
12a_0020_156,"[[13, 3, 14, 2], [15, 19, 16, 18], [17, 22, 18, 23], [19, 1, 20, 24], [21, 6, 22, 7], [23, 16, 24, 17], [1, 9, 2, 8], [3, 10, 4, 11], [5, 15, 6, 14], [7, 20, 8, 21], [9, 12, 10, 13], [11, 4, 12, 5]]"
12a_0020_157,"[[11, 4, 12, 5], [13, 3, 14, 2], [15, 19, 16, 18], [17, 22, 18, 23], [19, 1, 20, 24], [21, 6, 22, 7], [23, 16, 24, 17], [1, 9, 2, 8], [3, 10, 4, 11], [5, 15, 6, 14], [7, 20, 8, 21], [9, 12, 10, 13]]"
12a_0020_158,"[[9, 12, 10, 13], [11, 4, 12, 5], [13, 3, 14, 2], [15, 19, 16, 18], [17, 22, 18, 23], [19, 1, 20, 24], [21, 6, 22, 7], [23, 16, 24, 17], [1, 9, 2, 8], [3, 10, 4, 11], [5, 15, 6, 14], [7, 20, 8, 21]]"
12a_0020_159,"[[7, 20, 8, 21], [9, 12, 10, 13], [11, 4, 12, 5], [13, 3, 14, 2], [15, 19, 16, 18], [17, 22, 18, 23], [19, 1, 20, 24], [21, 6, 22, 7], [23, 16, 24, 17], [1, 9, 2, 8], [3, 10, 4, 11], [5, 15, 6, 14]]"
12a_0020_160,"[[5, 15, 6, 14], [7, 20, 8, 21], [9, 12, 10, 13], [11, 4, 12, 5], [13, 3, 14, 2], [15, 19, 16, 18], [17, 22, 18, 23], [19, 1, 20, 24], [21, 6, 22, 7], [23, 16, 24, 17], [1, 9, 2, 8], [3, 10, 4, 11]]"
12a_0020_161,"[[3, 10, 4, 11], [5, 15, 6, 14], [7, 20, 8, 21], [9, 12, 10, 13], [11, 4, 12, 5], [13, 3, 14, 2], [15, 19, 16, 18], [17, 22, 18, 23], [19, 1, 20, 24], [21, 6, 22, 7], [23, 16, 24, 17], [1, 9, 2, 8]]"
12a_0020_162,"[[1, 9, 2, 8], [3, 10, 4, 11], [5, 15, 6, 14], [7, 20, 8, 21], [9, 12, 10, 13], [11, 4, 12, 5], [13, 3, 14, 2], [15, 19, 16, 18], [17, 22, 18, 23], [19, 1, 20, 24], [21, 6, 22, 7], [23, 16, 24, 17]]"
12a_0020_163,"[[23, 16, 24, 17], [1, 9, 2, 8], [3, 10, 4, 11], [5, 15, 6, 14], [7, 20, 8, 21], [9, 12, 10, 13], [11, 4, 12, 5], [13, 3, 14, 2], [15, 19, 16, 18], [17, 22, 18, 23], [19, 1, 20, 24], [21, 6, 22, 7]]"
12a_0020_164,"[[21, 6, 22, 7], [23, 16, 24, 17], [1, 9, 2, 8], [3, 10, 4, 11], [5, 15, 6, 14], [7, 20, 8, 21], [9, 12, 10, 13], [11, 4, 12, 5], [13, 3, 14, 2], [15, 19, 16, 18], [17, 22, 18, 23], [19, 1, 20, 24]]"
12a_0020_165,"[[19, 1, 20, 24], [21, 6, 22, 7], [23, 16, 24, 17], [1, 9, 2, 8], [3, 10, 4, 11], [5, 15, 6, 14], [7, 20, 8, 21], [9, 12, 10, 13], [11, 4, 12, 5], [13, 3, 14, 2], [15, 19, 16, 18], [17, 22, 18, 23]]"
12a_0020_166,"[[17, 22, 18, 23], [19, 1, 20, 24], [21, 6, 22, 7], [23, 16, 24, 17], [1, 9, 2, 8], [3, 10, 4, 11], [5, 15, 6, 14], [7, 20, 8, 21], [9, 12, 10, 13], [11, 4, 12, 5], [13, 3, 14, 2], [15, 19, 16, 18]]"
12a_0020_167,"[[15, 19, 16, 18], [17, 22, 18, 23], [19, 1, 20, 24], [21, 6, 22, 7], [23, 16, 24, 17], [1, 9, 2, 8], [3, 10, 4, 11], [5, 15, 6, 14], [7, 20, 8, 21], [9, 12, 10, 13], [11, 4, 12, 5], [13, 3, 14, 2]]"
12a_0020_168,"[[14, 4, 15, 3], [16, 20, 17, 19], [18, 23, 19, 24], [20, 2, 21, 1], [22, 7, 23, 8], [24, 17, 1, 18], [2, 10, 3, 9], [4, 11, 5, 12], [6, 16, 7, 15], [8, 21, 9, 22], [10, 13, 11, 14], [12, 5, 13, 6]]"
12a_0020_169,"[[12, 5, 13, 6], [14, 4, 15, 3], [16, 20, 17, 19], [18, 23, 19, 24], [20, 2, 21, 1], [22, 7, 23, 8], [24, 17, 1, 18], [2, 10, 3, 9], [4, 11, 5, 12], [6, 16, 7, 15], [8, 21, 9, 22], [10, 13, 11, 14]]"
12a_0020_170,"[[10, 13, 11, 14], [12, 5, 13, 6], [14, 4, 15, 3], [16, 20, 17, 19], [18, 23, 19, 24], [20, 2, 21, 1], [22, 7, 23, 8], [24, 17, 1, 18], [2, 10, 3, 9], [4, 11, 5, 12], [6, 16, 7, 15], [8, 21, 9, 22]]"
12a_0020_171,"[[8, 21, 9, 22], [10, 13, 11, 14], [12, 5, 13, 6], [14, 4, 15, 3], [16, 20, 17, 19], [18, 23, 19, 24], [20, 2, 21, 1], [22, 7, 23, 8], [24, 17, 1, 18], [2, 10, 3, 9], [4, 11, 5, 12], [6, 16, 7, 15]]"
12a_0020_172,"[[6, 16, 7, 15], [8, 21, 9, 22], [10, 13, 11, 14], [12, 5, 13, 6], [14, 4, 15, 3], [16, 20, 17, 19], [18, 23, 19, 24], [20, 2, 21, 1], [22, 7, 23, 8], [24, 17, 1, 18], [2, 10, 3, 9], [4, 11, 5, 12]]"
12a_0020_173,"[[4, 11, 5, 12], [6, 16, 7, 15], [8, 21, 9, 22], [10, 13, 11, 14], [12, 5, 13, 6], [14, 4, 15, 3], [16, 20, 17, 19], [18, 23, 19, 24], [20, 2, 21, 1], [22, 7, 23, 8], [24, 17, 1, 18], [2, 10, 3, 9]]"
12a_0020_174,"[[2, 10, 3, 9], [4, 11, 5, 12], [6, 16, 7, 15], [8, 21, 9, 22], [10, 13, 11, 14], [12, 5, 13, 6], [14, 4, 15, 3], [16, 20, 17, 19], [18, 23, 19, 24], [20, 2, 21, 1], [22, 7, 23, 8], [24, 17, 1, 18]]"
12a_0020_175,"[[24, 17, 1, 18], [2, 10, 3, 9], [4, 11, 5, 12], [6, 16, 7, 15], [8, 21, 9, 22], [10, 13, 11, 14], [12, 5, 13, 6], [14, 4, 15, 3], [16, 20, 17, 19], [18, 23, 19, 24], [20, 2, 21, 1], [22, 7, 23, 8]]"
12a_0020_176,"[[22, 7, 23, 8], [24, 17, 1, 18], [2, 10, 3, 9], [4, 11, 5, 12], [6, 16, 7, 15], [8, 21, 9, 22], [10, 13, 11, 14], [12, 5, 13, 6], [14, 4, 15, 3], [16, 20, 17, 19], [18, 23, 19, 24], [20, 2, 21, 1]]"
12a_0020_177,"[[20, 2, 21, 1], [22, 7, 23, 8], [24, 17, 1, 18], [2, 10, 3, 9], [4, 11, 5, 12], [6, 16, 7, 15], [8, 21, 9, 22], [10, 13, 11, 14], [12, 5, 13, 6], [14, 4, 15, 3], [16, 20, 17, 19], [18, 23, 19, 24]]"
12a_0020_178,"[[18, 23, 19, 24], [20, 2, 21, 1], [22, 7, 23, 8], [24, 17, 1, 18], [2, 10, 3, 9], [4, 11, 5, 12], [6, 16, 7, 15], [8, 21, 9, 22], [10, 13, 11, 14], [12, 5, 13, 6], [14, 4, 15, 3], [16, 20, 17, 19]]"
12a_0020_179,"[[16, 20, 17, 19], [18, 23, 19, 24], [20, 2, 21, 1], [22, 7, 23, 8], [24, 17, 1, 18], [2, 10, 3, 9], [4, 11, 5, 12], [6, 16, 7, 15], [8, 21, 9, 22], [10, 13, 11, 14], [12, 5, 13, 6], [14, 4, 15, 3]]"
12a_0020_180,"[[15, 5, 16, 4], [17, 21, 18, 20], [19, 24, 20, 1], [21, 3, 22, 2], [23, 8, 24, 9], [1, 18, 2, 19], [3, 11, 4, 10], [5, 12, 6, 13], [7, 17, 8, 16], [9, 22, 10, 23], [11, 14, 12, 15], [13, 6, 14, 7]]"
12a_0020_181,"[[13, 6, 14, 7], [15, 5, 16, 4], [17, 21, 18, 20], [19, 24, 20, 1], [21, 3, 22, 2], [23, 8, 24, 9], [1, 18, 2, 19], [3, 11, 4, 10], [5, 12, 6, 13], [7, 17, 8, 16], [9, 22, 10, 23], [11, 14, 12, 15]]"
12a_0020_182,"[[11, 14, 12, 15], [13, 6, 14, 7], [15, 5, 16, 4], [17, 21, 18, 20], [19, 24, 20, 1], [21, 3, 22, 2], [23, 8, 24, 9], [1, 18, 2, 19], [3, 11, 4, 10], [5, 12, 6, 13], [7, 17, 8, 16], [9, 22, 10, 23]]"
12a_0020_183,"[[9, 22, 10, 23], [11, 14, 12, 15], [13, 6, 14, 7], [15, 5, 16, 4], [17, 21, 18, 20], [19, 24, 20, 1], [21, 3, 22, 2], [23, 8, 24, 9], [1, 18, 2, 19], [3, 11, 4, 10], [5, 12, 6, 13], [7, 17, 8, 16]]"
12a_0020_184,"[[7, 17, 8, 16], [9, 22, 10, 23], [11, 14, 12, 15], [13, 6, 14, 7], [15, 5, 16, 4], [17, 21, 18, 20], [19, 24, 20, 1], [21, 3, 22, 2], [23, 8, 24, 9], [1, 18, 2, 19], [3, 11, 4, 10], [5, 12, 6, 13]]"
12a_0020_185,"[[5, 12, 6, 13], [7, 17, 8, 16], [9, 22, 10, 23], [11, 14, 12, 15], [13, 6, 14, 7], [15, 5, 16, 4], [17, 21, 18, 20], [19, 24, 20, 1], [21, 3, 22, 2], [23, 8, 24, 9], [1, 18, 2, 19], [3, 11, 4, 10]]"
