name,pd_notation
12a_0777_0,"[[24, 10, 1, 9], [2, 6, 3, 5], [4, 16, 5, 15], [6, 19, 7, 20], [8, 24, 9, 23], [10, 2, 11, 1], [12, 21, 13, 22], [14, 4, 15, 3], [16, 12, 17, 11], [18, 7, 19, 8], [20, 13, 21, 14], [22, 18, 23, 17]]"
12a_0777_1,"[[22, 18, 23, 17], [24, 10, 1, 9], [2, 6, 3, 5], [4, 16, 5, 15], [6, 19, 7, 20], [8, 24, 9, 23], [10, 2, 11, 1], [12, 21, 13, 22], [14, 4, 15, 3], [16, 12, 17, 11], [18, 7, 19, 8], [20, 13, 21, 14]]"
12a_0777_2,"[[20, 13, 21, 14], [22, 18, 23, 17], [24, 10, 1, 9], [2, 6, 3, 5], [4, 16, 5, 15], [6, 19, 7, 20], [8, 24, 9, 23], [10, 2, 11, 1], [12, 21, 13, 22], [14, 4, 15, 3], [16, 12, 17, 11], [18, 7, 19, 8]]"
12a_0777_3,"[[18, 7, 19, 8], [20, 13, 21, 14], [22, 18, 23, 17], [24, 10, 1, 9], [2, 6, 3, 5], [4, 16, 5, 15], [6, 19, 7, 20], [8, 24, 9, 23], [10, 2, 11, 1], [12, 21, 13, 22], [14, 4, 15, 3], [16, 12, 17, 11]]"
12a_0777_4,"[[16, 12, 17, 11], [18, 7, 19, 8], [20, 13, 21, 14], [22, 18, 23, 17], [24, 10, 1, 9], [2, 6, 3, 5], [4, 16, 5, 15], [6, 19, 7, 20], [8, 24, 9, 23], [10, 2, 11, 1], [12, 21, 13, 22], [14, 4, 15, 3]]"
12a_0777_5,"[[14, 4, 15, 3], [16, 12, 17, 11], [18, 7, 19, 8], [20, 13, 21, 14], [22, 18, 23, 17], [24, 10, 1, 9], [2, 6, 3, 5], [4, 16, 5, 15], [6, 19, 7, 20], [8, 24, 9, 23], [10, 2, 11, 1], [12, 21, 13, 22]]"
12a_0777_6,"[[12, 21, 13, 22], [14, 4, 15, 3], [16, 12, 17, 11], [18, 7, 19, 8], [20, 13, 21, 14], [22, 18, 23, 17], [24, 10, 1, 9], [2, 6, 3, 5], [4, 16, 5, 15], [6, 19, 7, 20], [8, 24, 9, 23], [10, 2, 11, 1]]"
12a_0777_7,"[[10, 2, 11, 1], [12, 21, 13, 22], [14, 4, 15, 3], [16, 12, 17, 11], [18, 7, 19, 8], [20, 13, 21, 14], [22, 18, 23, 17], [24, 10, 1, 9], [2, 6, 3, 5], [4, 16, 5, 15], [6, 19, 7, 20], [8, 24, 9, 23]]"
12a_0777_8,"[[8, 24, 9, 23], [10, 2, 11, 1], [12, 21, 13, 22], [14, 4, 15, 3], [16, 12, 17, 11], [18, 7, 19, 8], [20, 13, 21, 14], [22, 18, 23, 17], [24, 10, 1, 9], [2, 6, 3, 5], [4, 16, 5, 15], [6, 19, 7, 20]]"
12a_0777_9,"[[6, 19, 7, 20], [8, 24, 9, 23], [10, 2, 11, 1], [12, 21, 13, 22], [14, 4, 15, 3], [16, 12, 17, 11], [18, 7, 19, 8], [20, 13, 21, 14], [22, 18, 23, 17], [24, 10, 1, 9], [2, 6, 3, 5], [4, 16, 5, 15]]"
12a_0777_10,"[[4, 16, 5, 15], [6, 19, 7, 20], [8, 24, 9, 23], [10, 2, 11, 1], [12, 21, 13, 22], [14, 4, 15, 3], [16, 12, 17, 11], [18, 7, 19, 8], [20, 13, 21, 14], [22, 18, 23, 17], [24, 10, 1, 9], [2, 6, 3, 5]]"
12a_0777_11,"[[2, 6, 3, 5], [4, 16, 5, 15], [6, 19, 7, 20], [8, 24, 9, 23], [10, 2, 11, 1], [12, 21, 13, 22], [14, 4, 15, 3], [16, 12, 17, 11], [18, 7, 19, 8], [20, 13, 21, 14], [22, 18, 23, 17], [24, 10, 1, 9]]"
12a_0777_12,"[[1, 11, 2, 10], [3, 7, 4, 6], [5, 17, 6, 16], [7, 20, 8, 21], [9, 1, 10, 24], [11, 3, 12, 2], [13, 22, 14, 23], [15, 5, 16, 4], [17, 13, 18, 12], [19, 8, 20, 9], [21, 14, 22, 15], [23, 19, 24, 18]]"
12a_0777_13,"[[23, 19, 24, 18], [1, 11, 2, 10], [3, 7, 4, 6], [5, 17, 6, 16], [7, 20, 8, 21], [9, 1, 10, 24], [11, 3, 12, 2], [13, 22, 14, 23], [15, 5, 16, 4], [17, 13, 18, 12], [19, 8, 20, 9], [21, 14, 22, 15]]"
12a_0777_14,"[[21, 14, 22, 15], [23, 19, 24, 18], [1, 11, 2, 10], [3, 7, 4, 6], [5, 17, 6, 16], [7, 20, 8, 21], [9, 1, 10, 24], [11, 3, 12, 2], [13, 22, 14, 23], [15, 5, 16, 4], [17, 13, 18, 12], [19, 8, 20, 9]]"
12a_0777_15,"[[19, 8, 20, 9], [21, 14, 22, 15], [23, 19, 24, 18], [1, 11, 2, 10], [3, 7, 4, 6], [5, 17, 6, 16], [7, 20, 8, 21], [9, 1, 10, 24], [11, 3, 12, 2], [13, 22, 14, 23], [15, 5, 16, 4], [17, 13, 18, 12]]"
12a_0777_16,"[[17, 13, 18, 12], [19, 8, 20, 9], [21, 14, 22, 15], [23, 19, 24, 18], [1, 11, 2, 10], [3, 7, 4, 6], [5, 17, 6, 16], [7, 20, 8, 21], [9, 1, 10, 24], [11, 3, 12, 2], [13, 22, 14, 23], [15, 5, 16, 4]]"
12a_0777_17,"[[15, 5, 16, 4], [17, 13, 18, 12], [19, 8, 20, 9], [21, 14, 22, 15], [23, 19, 24, 18], [1, 11, 2, 10], [3, 7, 4, 6], [5, 17, 6, 16], [7, 20, 8, 21], [9, 1, 10, 24], [11, 3, 12, 2], [13, 22, 14, 23]]"
12a_0777_18,"[[13, 22, 14, 23], [15, 5, 16, 4], [17, 13, 18, 12], [19, 8, 20, 9], [21, 14, 22, 15], [23, 19, 24, 18], [1, 11, 2, 10], [3, 7, 4, 6], [5, 17, 6, 16], [7, 20, 8, 21], [9, 1, 10, 24], [11, 3, 12, 2]]"
12a_0777_19,"[[11, 3, 12, 2], [13, 22, 14, 23], [15, 5, 16, 4], [17, 13, 18, 12], [19, 8, 20, 9], [21, 14, 22, 15], [23, 19, 24, 18], [1, 11, 2, 10], [3, 7, 4, 6], [5, 17, 6, 16], [7, 20, 8, 21], [9, 1, 10, 24]]"
12a_0777_20,"[[9, 1, 10, 24], [11, 3, 12, 2], [13, 22, 14, 23], [15, 5, 16, 4], [17, 13, 18, 12], [19, 8, 20, 9], [21, 14, 22, 15], [23, 19, 24, 18], [1, 11, 2, 10], [3, 7, 4, 6], [5, 17, 6, 16], [7, 20, 8, 21]]"
12a_0777_21,"[[7, 20, 8, 21], [9, 1, 10, 24], [11, 3, 12, 2], [13, 22, 14, 23], [15, 5, 16, 4], [17, 13, 18, 12], [19, 8, 20, 9], [21, 14, 22, 15], [23, 19, 24, 18], [1, 11, 2, 10], [3, 7, 4, 6], [5, 17, 6, 16]]"
12a_0777_22,"[[5, 17, 6, 16], [7, 20, 8, 21], [9, 1, 10, 24], [11, 3, 12, 2], [13, 22, 14, 23], [15, 5, 16, 4], [17, 13, 18, 12], [19, 8, 20, 9], [21, 14, 22, 15], [23, 19, 24, 18], [1, 11, 2, 10], [3, 7, 4, 6]]"
12a_0777_23,"[[3, 7, 4, 6], [5, 17, 6, 16], [7, 20, 8, 21], [9, 1, 10, 24], [11, 3, 12, 2], [13, 22, 14, 23], [15, 5, 16, 4], [17, 13, 18, 12], [19, 8, 20, 9], [21, 14, 22, 15], [23, 19, 24, 18], [1, 11, 2, 10]]"
12a_0777_24,"[[2, 12, 3, 11], [4, 8, 5, 7], [6, 18, 7, 17], [8, 21, 9, 22], [10, 2, 11, 1], [12, 4, 13, 3], [14, 23, 15, 24], [16, 6, 17, 5], [18, 14, 19, 13], [20, 9, 21, 10], [22, 15, 23, 16], [24, 20, 1, 19]]"
12a_0777_25,"[[24, 20, 1, 19], [2, 12, 3, 11], [4, 8, 5, 7], [6, 18, 7, 17], [8, 21, 9, 22], [10, 2, 11, 1], [12, 4, 13, 3], [14, 23, 15, 24], [16, 6, 17, 5], [18, 14, 19, 13], [20, 9, 21, 10], [22, 15, 23, 16]]"
12a_0777_26,"[[22, 15, 23, 16], [24, 20, 1, 19], [2, 12, 3, 11], [4, 8, 5, 7], [6, 18, 7, 17], [8, 21, 9, 22], [10, 2, 11, 1], [12, 4, 13, 3], [14, 23, 15, 24], [16, 6, 17, 5], [18, 14, 19, 13], [20, 9, 21, 10]]"
12a_0777_27,"[[20, 9, 21, 10], [22, 15, 23, 16], [24, 20, 1, 19], [2, 12, 3, 11], [4, 8, 5, 7], [6, 18, 7, 17], [8, 21, 9, 22], [10, 2, 11, 1], [12, 4, 13, 3], [14, 23, 15, 24], [16, 6, 17, 5], [18, 14, 19, 13]]"
12a_0777_28,"[[18, 14, 19, 13], [20, 9, 21, 10], [22, 15, 23, 16], [24, 20, 1, 19], [2, 12, 3, 11], [4, 8, 5, 7], [6, 18, 7, 17], [8, 21, 9, 22], [10, 2, 11, 1], [12, 4, 13, 3], [14, 23, 15, 24], [16, 6, 17, 5]]"
12a_0777_29,"[[16, 6, 17, 5], [18, 14, 19, 13], [20, 9, 21, 10], [22, 15, 23, 16], [24, 20, 1, 19], [2, 12, 3, 11], [4, 8, 5, 7], [6, 18, 7, 17], [8, 21, 9, 22], [10, 2, 11, 1], [12, 4, 13, 3], [14, 23, 15, 24]]"
12a_0777_30,"[[14, 23, 15, 24], [16, 6, 17, 5], [18, 14, 19, 13], [20, 9, 21, 10], [22, 15, 23, 16], [24, 20, 1, 19], [2, 12, 3, 11], [4, 8, 5, 7], [6, 18, 7, 17], [8, 21, 9, 22], [10, 2, 11, 1], [12, 4, 13, 3]]"
12a_0777_31,"[[12, 4, 13, 3], [14, 23, 15, 24], [16, 6, 17, 5], [18, 14, 19, 13], [20, 9, 21, 10], [22, 15, 23, 16], [24, 20, 1, 19], [2, 12, 3, 11], [4, 8, 5, 7], [6, 18, 7, 17], [8, 21, 9, 22], [10, 2, 11, 1]]"
12a_0777_32,"[[10, 2, 11, 1], [12, 4, 13, 3], [14, 23, 15, 24], [16, 6, 17, 5], [18, 14, 19, 13], [20, 9, 21, 10], [22, 15, 23, 16], [24, 20, 1, 19], [2, 12, 3, 11], [4, 8, 5, 7], [6, 18, 7, 17], [8, 21, 9, 22]]"
12a_0777_33,"[[8, 21, 9, 22], [10, 2, 11, 1], [12, 4, 13, 3], [14, 23, 15, 24], [16, 6, 17, 5], [18, 14, 19, 13], [20, 9, 21, 10], [22, 15, 23, 16], [24, 20, 1, 19], [2, 12, 3, 11], [4, 8, 5, 7], [6, 18, 7, 17]]"
12a_0777_34,"[[6, 18, 7, 17], [8, 21, 9, 22], [10, 2, 11, 1], [12, 4, 13, 3], [14, 23, 15, 24], [16, 6, 17, 5], [18, 14, 19, 13], [20, 9, 21, 10], [22, 15, 23, 16], [24, 20, 1, 19], [2, 12, 3, 11], [4, 8, 5, 7]]"
12a_0777_35,"[[4, 8, 5, 7], [6, 18, 7, 17], [8, 21, 9, 22], [10, 2, 11, 1], [12, 4, 13, 3], [14, 23, 15, 24], [16, 6, 17, 5], [18, 14, 19, 13], [20, 9, 21, 10], [22, 15, 23, 16], [24, 20, 1, 19], [2, 12, 3, 11]]"
12a_0777_36,"[[3, 13, 4, 12], [5, 9, 6, 8], [7, 19, 8, 18], [9, 22, 10, 23], [11, 3, 12, 2], [13, 5, 14, 4], [15, 24, 16, 1], [17, 7, 18, 6], [19, 15, 20, 14], [21, 10, 22, 11], [23, 16, 24, 17], [1, 21, 2, 20]]"
12a_0777_37,"[[1, 21, 2, 20], [3, 13, 4, 12], [5, 9, 6, 8], [7, 19, 8, 18], [9, 22, 10, 23], [11, 3, 12, 2], [13, 5, 14, 4], [15, 24, 16, 1], [17, 7, 18, 6], [19, 15, 20, 14], [21, 10, 22, 11], [23, 16, 24, 17]]"
12a_0777_38,"[[23, 16, 24, 17], [1, 21, 2, 20], [3, 13, 4, 12], [5, 9, 6, 8], [7, 19, 8, 18], [9, 22, 10, 23], [11, 3, 12, 2], [13, 5, 14, 4], [15, 24, 16, 1], [17, 7, 18, 6], [19, 15, 20, 14], [21, 10, 22, 11]]"
12a_0777_39,"[[21, 10, 22, 11], [23, 16, 24, 17], [1, 21, 2, 20], [3, 13, 4, 12], [5, 9, 6, 8], [7, 19, 8, 18], [9, 22, 10, 23], [11, 3, 12, 2], [13, 5, 14, 4], [15, 24, 16, 1], [17, 7, 18, 6], [19, 15, 20, 14]]"
12a_0777_40,"[[19, 15, 20, 14], [21, 10, 22, 11], [23, 16, 24, 17], [1, 21, 2, 20], [3, 13, 4, 12], [5, 9, 6, 8], [7, 19, 8, 18], [9, 22, 10, 23], [11, 3, 12, 2], [13, 5, 14, 4], [15, 24, 16, 1], [17, 7, 18, 6]]"
12a_0777_41,"[[17, 7, 18, 6], [19, 15, 20, 14], [21, 10, 22, 11], [23, 16, 24, 17], [1, 21, 2, 20], [3, 13, 4, 12], [5, 9, 6, 8], [7, 19, 8, 18], [9, 22, 10, 23], [11, 3, 12, 2], [13, 5, 14, 4], [15, 24, 16, 1]]"
12a_0777_42,"[[15, 24, 16, 1], [17, 7, 18, 6], [19, 15, 20, 14], [21, 10, 22, 11], [23, 16, 24, 17], [1, 21, 2, 20], [3, 13, 4, 12], [5, 9, 6, 8], [7, 19, 8, 18], [9, 22, 10, 23], [11, 3, 12, 2], [13, 5, 14, 4]]"
12a_0777_43,"[[13, 5, 14, 4], [15, 24, 16, 1], [17, 7, 18, 6], [19, 15, 20, 14], [21, 10, 22, 11], [23, 16, 24, 17], [1, 21, 2, 20], [3, 13, 4, 12], [5, 9, 6, 8], [7, 19, 8, 18], [9, 22, 10, 23], [11, 3, 12, 2]]"
12a_0777_44,"[[11, 3, 12, 2], [13, 5, 14, 4], [15, 24, 16, 1], [17, 7, 18, 6], [19, 15, 20, 14], [21, 10, 22, 11], [23, 16, 24, 17], [1, 21, 2, 20], [3, 13, 4, 12], [5, 9, 6, 8], [7, 19, 8, 18], [9, 22, 10, 23]]"
12a_0777_45,"[[9, 22, 10, 23], [11, 3, 12, 2], [13, 5, 14, 4], [15, 24, 16, 1], [17, 7, 18, 6], [19, 15, 20, 14], [21, 10, 22, 11], [23, 16, 24, 17], [1, 21, 2, 20], [3, 13, 4, 12], [5, 9, 6, 8], [7, 19, 8, 18]]"
12a_0777_46,"[[7, 19, 8, 18], [9, 22, 10, 23], [11, 3, 12, 2], [13, 5, 14, 4], [15, 24, 16, 1], [17, 7, 18, 6], [19, 15, 20, 14], [21, 10, 22, 11], [23, 16, 24, 17], [1, 21, 2, 20], [3, 13, 4, 12], [5, 9, 6, 8]]"
12a_0777_47,"[[5, 9, 6, 8], [7, 19, 8, 18], [9, 22, 10, 23], [11, 3, 12, 2], [13, 5, 14, 4], [15, 24, 16, 1], [17, 7, 18, 6], [19, 15, 20, 14], [21, 10, 22, 11], [23, 16, 24, 17], [1, 21, 2, 20], [3, 13, 4, 12]]"
12a_0777_48,"[[4, 14, 5, 13], [6, 10, 7, 9], [8, 20, 9, 19], [10, 23, 11, 24], [12, 4, 13, 3], [14, 6, 15, 5], [16, 1, 17, 2], [18, 8, 19, 7], [20, 16, 21, 15], [22, 11, 23, 12], [24, 17, 1, 18], [2, 22, 3, 21]]"
12a_0777_49,"[[2, 22, 3, 21], [4, 14, 5, 13], [6, 10, 7, 9], [8, 20, 9, 19], [10, 23, 11, 24], [12, 4, 13, 3], [14, 6, 15, 5], [16, 1, 17, 2], [18, 8, 19, 7], [20, 16, 21, 15], [22, 11, 23, 12], [24, 17, 1, 18]]"
12a_0777_50,"[[24, 17, 1, 18], [2, 22, 3, 21], [4, 14, 5, 13], [6, 10, 7, 9], [8, 20, 9, 19], [10, 23, 11, 24], [12, 4, 13, 3], [14, 6, 15, 5], [16, 1, 17, 2], [18, 8, 19, 7], [20, 16, 21, 15], [22, 11, 23, 12]]"
12a_0777_51,"[[22, 11, 23, 12], [24, 17, 1, 18], [2, 22, 3, 21], [4, 14, 5, 13], [6, 10, 7, 9], [8, 20, 9, 19], [10, 23, 11, 24], [12, 4, 13, 3], [14, 6, 15, 5], [16, 1, 17, 2], [18, 8, 19, 7], [20, 16, 21, 15]]"
12a_0777_52,"[[20, 16, 21, 15], [22, 11, 23, 12], [24, 17, 1, 18], [2, 22, 3, 21], [4, 14, 5, 13], [6, 10, 7, 9], [8, 20, 9, 19], [10, 23, 11, 24], [12, 4, 13, 3], [14, 6, 15, 5], [16, 1, 17, 2], [18, 8, 19, 7]]"
12a_0777_53,"[[18, 8, 19, 7], [20, 16, 21, 15], [22, 11, 23, 12], [24, 17, 1, 18], [2, 22, 3, 21], [4, 14, 5, 13], [6, 10, 7, 9], [8, 20, 9, 19], [10, 23, 11, 24], [12, 4, 13, 3], [14, 6, 15, 5], [16, 1, 17, 2]]"
12a_0777_54,"[[16, 1, 17, 2], [18, 8, 19, 7], [20, 16, 21, 15], [22, 11, 23, 12], [24, 17, 1, 18], [2, 22, 3, 21], [4, 14, 5, 13], [6, 10, 7, 9], [8, 20, 9, 19], [10, 23, 11, 24], [12, 4, 13, 3], [14, 6, 15, 5]]"
12a_0777_55,"[[14, 6, 15, 5], [16, 1, 17, 2], [18, 8, 19, 7], [20, 16, 21, 15], [22, 11, 23, 12], [24, 17, 1, 18], [2, 22, 3, 21], [4, 14, 5, 13], [6, 10, 7, 9], [8, 20, 9, 19], [10, 23, 11, 24], [12, 4, 13, 3]]"
12a_0777_56,"[[12, 4, 13, 3], [14, 6, 15, 5], [16, 1, 17, 2], [18, 8, 19, 7], [20, 16, 21, 15], [22, 11, 23, 12], [24, 17, 1, 18], [2, 22, 3, 21], [4, 14, 5, 13], [6, 10, 7, 9], [8, 20, 9, 19], [10, 23, 11, 24]]"
12a_0777_57,"[[10, 23, 11, 24], [12, 4, 13, 3], [14, 6, 15, 5], [16, 1, 17, 2], [18, 8, 19, 7], [20, 16, 21, 15], [22, 11, 23, 12], [24, 17, 1, 18], [2, 22, 3, 21], [4, 14, 5, 13], [6, 10, 7, 9], [8, 20, 9, 19]]"
12a_0777_58,"[[8, 20, 9, 19], [10, 23, 11, 24], [12, 4, 13, 3], [14, 6, 15, 5], [16, 1, 17, 2], [18, 8, 19, 7], [20, 16, 21, 15], [22, 11, 23, 12], [24, 17, 1, 18], [2, 22, 3, 21], [4, 14, 5, 13], [6, 10, 7, 9]]"
12a_0777_59,"[[6, 10, 7, 9], [8, 20, 9, 19], [10, 23, 11, 24], [12, 4, 13, 3], [14, 6, 15, 5], [16, 1, 17, 2], [18, 8, 19, 7], [20, 16, 21, 15], [22, 11, 23, 12], [24, 17, 1, 18], [2, 22, 3, 21], [4, 14, 5, 13]]"
12a_0777_60,"[[5, 15, 6, 14], [7, 11, 8, 10], [9, 21, 10, 20], [11, 24, 12, 1], [13, 5, 14, 4], [15, 7, 16, 6], [17, 2, 18, 3], [19, 9, 20, 8], [21, 17, 22, 16], [23, 12, 24, 13], [1, 18, 2, 19], [3, 23, 4, 22]]"
12a_0777_61,"[[3, 23, 4, 22], [5, 15, 6, 14], [7, 11, 8, 10], [9, 21, 10, 20], [11, 24, 12, 1], [13, 5, 14, 4], [15, 7, 16, 6], [17, 2, 18, 3], [19, 9, 20, 8], [21, 17, 22, 16], [23, 12, 24, 13], [1, 18, 2, 19]]"
12a_0777_62,"[[1, 18, 2, 19], [3, 23, 4, 22], [5, 15, 6, 14], [7, 11, 8, 10], [9, 21, 10, 20], [11, 24, 12, 1], [13, 5, 14, 4], [15, 7, 16, 6], [17, 2, 18, 3], [19, 9, 20, 8], [21, 17, 22, 16], [23, 12, 24, 13]]"
12a_0777_63,"[[23, 12, 24, 13], [1, 18, 2, 19], [3, 23, 4, 22], [5, 15, 6, 14], [7, 11, 8, 10], [9, 21, 10, 20], [11, 24, 12, 1], [13, 5, 14, 4], [15, 7, 16, 6], [17, 2, 18, 3], [19, 9, 20, 8], [21, 17, 22, 16]]"
12a_0777_64,"[[21, 17, 22, 16], [23, 12, 24, 13], [1, 18, 2, 19], [3, 23, 4, 22], [5, 15, 6, 14], [7, 11, 8, 10], [9, 21, 10, 20], [11, 24, 12, 1], [13, 5, 14, 4], [15, 7, 16, 6], [17, 2, 18, 3], [19, 9, 20, 8]]"
12a_0777_65,"[[19, 9, 20, 8], [21, 17, 22, 16], [23, 12, 24, 13], [1, 18, 2, 19], [3, 23, 4, 22], [5, 15, 6, 14], [7, 11, 8, 10], [9, 21, 10, 20], [11, 24, 12, 1], [13, 5, 14, 4], [15, 7, 16, 6], [17, 2, 18, 3]]"
12a_0777_66,"[[17, 2, 18, 3], [19, 9, 20, 8], [21, 17, 22, 16], [23, 12, 24, 13], [1, 18, 2, 19], [3, 23, 4, 22], [5, 15, 6, 14], [7, 11, 8, 10], [9, 21, 10, 20], [11, 24, 12, 1], [13, 5, 14, 4], [15, 7, 16, 6]]"
12a_0777_67,"[[15, 7, 16, 6], [17, 2, 18, 3], [19, 9, 20, 8], [21, 17, 22, 16], [23, 12, 24, 13], [1, 18, 2, 19], [3, 23, 4, 22], [5, 15, 6, 14], [7, 11, 8, 10], [9, 21, 10, 20], [11, 24, 12, 1], [13, 5, 14, 4]]"
12a_0777_68,"[[13, 5, 14, 4], [15, 7, 16, 6], [17, 2, 18, 3], [19, 9, 20, 8], [21, 17, 22, 16], [23, 12, 24, 13], [1, 18, 2, 19], [3, 23, 4, 22], [5, 15, 6, 14], [7, 11, 8, 10], [9, 21, 10, 20], [11, 24, 12, 1]]"
12a_0777_69,"[[11, 24, 12, 1], [13, 5, 14, 4], [15, 7, 16, 6], [17, 2, 18, 3], [19, 9, 20, 8], [21, 17, 22, 16], [23, 12, 24, 13], [1, 18, 2, 19], [3, 23, 4, 22], [5, 15, 6, 14], [7, 11, 8, 10], [9, 21, 10, 20]]"
12a_0777_70,"[[9, 21, 10, 20], [11, 24, 12, 1], [13, 5, 14, 4], [15, 7, 16, 6], [17, 2, 18, 3], [19, 9, 20, 8], [21, 17, 22, 16], [23, 12, 24, 13], [1, 18, 2, 19], [3, 23, 4, 22], [5, 15, 6, 14], [7, 11, 8, 10]]"
12a_0777_71,"[[7, 11, 8, 10], [9, 21, 10, 20], [11, 24, 12, 1], [13, 5, 14, 4], [15, 7, 16, 6], [17, 2, 18, 3], [19, 9, 20, 8], [21, 17, 22, 16], [23, 12, 24, 13], [1, 18, 2, 19], [3, 23, 4, 22], [5, 15, 6, 14]]"
12a_0777_72,"[[6, 16, 7, 15], [8, 12, 9, 11], [10, 22, 11, 21], [12, 1, 13, 2], [14, 6, 15, 5], [16, 8, 17, 7], [18, 3, 19, 4], [20, 10, 21, 9], [22, 18, 23, 17], [24, 13, 1, 14], [2, 19, 3, 20], [4, 24, 5, 23]]"
12a_0777_73,"[[4, 24, 5, 23], [6, 16, 7, 15], [8, 12, 9, 11], [10, 22, 11, 21], [12, 1, 13, 2], [14, 6, 15, 5], [16, 8, 17, 7], [18, 3, 19, 4], [20, 10, 21, 9], [22, 18, 23, 17], [24, 13, 1, 14], [2, 19, 3, 20]]"
12a_0777_74,"[[2, 19, 3, 20], [4, 24, 5, 23], [6, 16, 7, 15], [8, 12, 9, 11], [10, 22, 11, 21], [12, 1, 13, 2], [14, 6, 15, 5], [16, 8, 17, 7], [18, 3, 19, 4], [20, 10, 21, 9], [22, 18, 23, 17], [24, 13, 1, 14]]"
12a_0777_75,"[[24, 13, 1, 14], [2, 19, 3, 20], [4, 24, 5, 23], [6, 16, 7, 15], [8, 12, 9, 11], [10, 22, 11, 21], [12, 1, 13, 2], [14, 6, 15, 5], [16, 8, 17, 7], [18, 3, 19, 4], [20, 10, 21, 9], [22, 18, 23, 17]]"
12a_0777_76,"[[22, 18, 23, 17], [24, 13, 1, 14], [2, 19, 3, 20], [4, 24, 5, 23], [6, 16, 7, 15], [8, 12, 9, 11], [10, 22, 11, 21], [12, 1, 13, 2], [14, 6, 15, 5], [16, 8, 17, 7], [18, 3, 19, 4], [20, 10, 21, 9]]"
12a_0777_77,"[[20, 10, 21, 9], [22, 18, 23, 17], [24, 13, 1, 14], [2, 19, 3, 20], [4, 24, 5, 23], [6, 16, 7, 15], [8, 12, 9, 11], [10, 22, 11, 21], [12, 1, 13, 2], [14, 6, 15, 5], [16, 8, 17, 7], [18, 3, 19, 4]]"
12a_0777_78,"[[18, 3, 19, 4], [20, 10, 21, 9], [22, 18, 23, 17], [24, 13, 1, 14], [2, 19, 3, 20], [4, 24, 5, 23], [6, 16, 7, 15], [8, 12, 9, 11], [10, 22, 11, 21], [12, 1, 13, 2], [14, 6, 15, 5], [16, 8, 17, 7]]"
12a_0777_79,"[[16, 8, 17, 7], [18, 3, 19, 4], [20, 10, 21, 9], [22, 18, 23, 17], [24, 13, 1, 14], [2, 19, 3, 20], [4, 24, 5, 23], [6, 16, 7, 15], [8, 12, 9, 11], [10, 22, 11, 21], [12, 1, 13, 2], [14, 6, 15, 5]]"
12a_0777_80,"[[14, 6, 15, 5], [16, 8, 17, 7], [18, 3, 19, 4], [20, 10, 21, 9], [22, 18, 23, 17], [24, 13, 1, 14], [2, 19, 3, 20], [4, 24, 5, 23], [6, 16, 7, 15], [8, 12, 9, 11], [10, 22, 11, 21], [12, 1, 13, 2]]"
12a_0777_81,"[[12, 1, 13, 2], [14, 6, 15, 5], [16, 8, 17, 7], [18, 3, 19, 4], [20, 10, 21, 9], [22, 18, 23, 17], [24, 13, 1, 14], [2, 19, 3, 20], [4, 24, 5, 23], [6, 16, 7, 15], [8, 12, 9, 11], [10, 22, 11, 21]]"
12a_0777_82,"[[10, 22, 11, 21], [12, 1, 13, 2], [14, 6, 15, 5], [16, 8, 17, 7], [18, 3, 19, 4], [20, 10, 21, 9], [22, 18, 23, 17], [24, 13, 1, 14], [2, 19, 3, 20], [4, 24, 5, 23], [6, 16, 7, 15], [8, 12, 9, 11]]"
12a_0777_83,"[[8, 12, 9, 11], [10, 22, 11, 21], [12, 1, 13, 2], [14, 6, 15, 5], [16, 8, 17, 7], [18, 3, 19, 4], [20, 10, 21, 9], [22, 18, 23, 17], [24, 13, 1, 14], [2, 19, 3, 20], [4, 24, 5, 23], [6, 16, 7, 15]]"
12a_0777_84,"[[7, 17, 8, 16], [9, 13, 10, 12], [11, 23, 12, 22], [13, 2, 14, 3], [15, 7, 16, 6], [17, 9, 18, 8], [19, 4, 20, 5], [21, 11, 22, 10], [23, 19, 24, 18], [1, 14, 2, 15], [3, 20, 4, 21], [5, 1, 6, 24]]"
12a_0777_85,"[[5, 1, 6, 24], [7, 17, 8, 16], [9, 13, 10, 12], [11, 23, 12, 22], [13, 2, 14, 3], [15, 7, 16, 6], [17, 9, 18, 8], [19, 4, 20, 5], [21, 11, 22, 10], [23, 19, 24, 18], [1, 14, 2, 15], [3, 20, 4, 21]]"
12a_0777_86,"[[3, 20, 4, 21], [5, 1, 6, 24], [7, 17, 8, 16], [9, 13, 10, 12], [11, 23, 12, 22], [13, 2, 14, 3], [15, 7, 16, 6], [17, 9, 18, 8], [19, 4, 20, 5], [21, 11, 22, 10], [23, 19, 24, 18], [1, 14, 2, 15]]"
12a_0777_87,"[[1, 14, 2, 15], [3, 20, 4, 21], [5, 1, 6, 24], [7, 17, 8, 16], [9, 13, 10, 12], [11, 23, 12, 22], [13, 2, 14, 3], [15, 7, 16, 6], [17, 9, 18, 8], [19, 4, 20, 5], [21, 11, 22, 10], [23, 19, 24, 18]]"
12a_0777_88,"[[23, 19, 24, 18], [1, 14, 2, 15], [3, 20, 4, 21], [5, 1, 6, 24], [7, 17, 8, 16], [9, 13, 10, 12], [11, 23, 12, 22], [13, 2, 14, 3], [15, 7, 16, 6], [17, 9, 18, 8], [19, 4, 20, 5], [21, 11, 22, 10]]"
12a_0777_89,"[[21, 11, 22, 10], [23, 19, 24, 18], [1, 14, 2, 15], [3, 20, 4, 21], [5, 1, 6, 24], [7, 17, 8, 16], [9, 13, 10, 12], [11, 23, 12, 22], [13, 2, 14, 3], [15, 7, 16, 6], [17, 9, 18, 8], [19, 4, 20, 5]]"
12a_0777_90,"[[19, 4, 20, 5], [21, 11, 22, 10], [23, 19, 24, 18], [1, 14, 2, 15], [3, 20, 4, 21], [5, 1, 6, 24], [7, 17, 8, 16], [9, 13, 10, 12], [11, 23, 12, 22], [13, 2, 14, 3], [15, 7, 16, 6], [17, 9, 18, 8]]"
12a_0777_91,"[[17, 9, 18, 8], [19, 4, 20, 5], [21, 11, 22, 10], [23, 19, 24, 18], [1, 14, 2, 15], [3, 20, 4, 21], [5, 1, 6, 24], [7, 17, 8, 16], [9, 13, 10, 12], [11, 23, 12, 22], [13, 2, 14, 3], [15, 7, 16, 6]]"
12a_0777_92,"[[15, 7, 16, 6], [17, 9, 18, 8], [19, 4, 20, 5], [21, 11, 22, 10], [23, 19, 24, 18], [1, 14, 2, 15], [3, 20, 4, 21], [5, 1, 6, 24], [7, 17, 8, 16], [9, 13, 10, 12], [11, 23, 12, 22], [13, 2, 14, 3]]"
12a_0777_93,"[[13, 2, 14, 3], [15, 7, 16, 6], [17, 9, 18, 8], [19, 4, 20, 5], [21, 11, 22, 10], [23, 19, 24, 18], [1, 14, 2, 15], [3, 20, 4, 21], [5, 1, 6, 24], [7, 17, 8, 16], [9, 13, 10, 12], [11, 23, 12, 22]]"
12a_0777_94,"[[11, 23, 12, 22], [13, 2, 14, 3], [15, 7, 16, 6], [17, 9, 18, 8], [19, 4, 20, 5], [21, 11, 22, 10], [23, 19, 24, 18], [1, 14, 2, 15], [3, 20, 4, 21], [5, 1, 6, 24], [7, 17, 8, 16], [9, 13, 10, 12]]"
12a_0777_95,"[[9, 13, 10, 12], [11, 23, 12, 22], [13, 2, 14, 3], [15, 7, 16, 6], [17, 9, 18, 8], [19, 4, 20, 5], [21, 11, 22, 10], [23, 19, 24, 18], [1, 14, 2, 15], [3, 20, 4, 21], [5, 1, 6, 24], [7, 17, 8, 16]]"
12a_0777_96,"[[8, 18, 9, 17], [10, 14, 11, 13], [12, 24, 13, 23], [14, 3, 15, 4], [16, 8, 17, 7], [18, 10, 19, 9], [20, 5, 21, 6], [22, 12, 23, 11], [24, 20, 1, 19], [2, 15, 3, 16], [4, 21, 5, 22], [6, 2, 7, 1]]"
12a_0777_97,"[[6, 2, 7, 1], [8, 18, 9, 17], [10, 14, 11, 13], [12, 24, 13, 23], [14, 3, 15, 4], [16, 8, 17, 7], [18, 10, 19, 9], [20, 5, 21, 6], [22, 12, 23, 11], [24, 20, 1, 19], [2, 15, 3, 16], [4, 21, 5, 22]]"
12a_0777_98,"[[4, 21, 5, 22], [6, 2, 7, 1], [8, 18, 9, 17], [10, 14, 11, 13], [12, 24, 13, 23], [14, 3, 15, 4], [16, 8, 17, 7], [18, 10, 19, 9], [20, 5, 21, 6], [22, 12, 23, 11], [24, 20, 1, 19], [2, 15, 3, 16]]"
12a_0777_99,"[[2, 15, 3, 16], [4, 21, 5, 22], [6, 2, 7, 1], [8, 18, 9, 17], [10, 14, 11, 13], [12, 24, 13, 23], [14, 3, 15, 4], [16, 8, 17, 7], [18, 10, 19, 9], [20, 5, 21, 6], [22, 12, 23, 11], [24, 20, 1, 19]]"
12a_0777_100,"[[24, 20, 1, 19], [2, 15, 3, 16], [4, 21, 5, 22], [6, 2, 7, 1], [8, 18, 9, 17], [10, 14, 11, 13], [12, 24, 13, 23], [14, 3, 15, 4], [16, 8, 17, 7], [18, 10, 19, 9], [20, 5, 21, 6], [22, 12, 23, 11]]"
12a_0777_101,"[[22, 12, 23, 11], [24, 20, 1, 19], [2, 15, 3, 16], [4, 21, 5, 22], [6, 2, 7, 1], [8, 18, 9, 17], [10, 14, 11, 13], [12, 24, 13, 23], [14, 3, 15, 4], [16, 8, 17, 7], [18, 10, 19, 9], [20, 5, 21, 6]]"
12a_0777_102,"[[20, 5, 21, 6], [22, 12, 23, 11], [24, 20, 1, 19], [2, 15, 3, 16], [4, 21, 5, 22], [6, 2, 7, 1], [8, 18, 9, 17], [10, 14, 11, 13], [12, 24, 13, 23], [14, 3, 15, 4], [16, 8, 17, 7], [18, 10, 19, 9]]"
12a_0777_103,"[[18, 10, 19, 9], [20, 5, 21, 6], [22, 12, 23, 11], [24, 20, 1, 19], [2, 15, 3, 16], [4, 21, 5, 22], [6, 2, 7, 1], [8, 18, 9, 17], [10, 14, 11, 13], [12, 24, 13, 23], [14, 3, 15, 4], [16, 8, 17, 7]]"
12a_0777_104,"[[16, 8, 17, 7], [18, 10, 19, 9], [20, 5, 21, 6], [22, 12, 23, 11], [24, 20, 1, 19], [2, 15, 3, 16], [4, 21, 5, 22], [6, 2, 7, 1], [8, 18, 9, 17], [10, 14, 11, 13], [12, 24, 13, 23], [14, 3, 15, 4]]"
12a_0777_105,"[[14, 3, 15, 4], [16, 8, 17, 7], [18, 10, 19, 9], [20, 5, 21, 6], [22, 12, 23, 11], [24, 20, 1, 19], [2, 15, 3, 16], [4, 21, 5, 22], [6, 2, 7, 1], [8, 18, 9, 17], [10, 14, 11, 13], [12, 24, 13, 23]]"
12a_0777_106,"[[12, 24, 13, 23], [14, 3, 15, 4], [16, 8, 17, 7], [18, 10, 19, 9], [20, 5, 21, 6], [22, 12, 23, 11], [24, 20, 1, 19], [2, 15, 3, 16], [4, 21, 5, 22], [6, 2, 7, 1], [8, 18, 9, 17], [10, 14, 11, 13]]"
12a_0777_107,"[[10, 14, 11, 13], [12, 24, 13, 23], [14, 3, 15, 4], [16, 8, 17, 7], [18, 10, 19, 9], [20, 5, 21, 6], [22, 12, 23, 11], [24, 20, 1, 19], [2, 15, 3, 16], [4, 21, 5, 22], [6, 2, 7, 1], [8, 18, 9, 17]]"
12a_0777_108,"[[9, 19, 10, 18], [11, 15, 12, 14], [13, 1, 14, 24], [15, 4, 16, 5], [17, 9, 18, 8], [19, 11, 20, 10], [21, 6, 22, 7], [23, 13, 24, 12], [1, 21, 2, 20], [3, 16, 4, 17], [5, 22, 6, 23], [7, 3, 8, 2]]"
12a_0777_109,"[[7, 3, 8, 2], [9, 19, 10, 18], [11, 15, 12, 14], [13, 1, 14, 24], [15, 4, 16, 5], [17, 9, 18, 8], [19, 11, 20, 10], [21, 6, 22, 7], [23, 13, 24, 12], [1, 21, 2, 20], [3, 16, 4, 17], [5, 22, 6, 23]]"
12a_0777_110,"[[5, 22, 6, 23], [7, 3, 8, 2], [9, 19, 10, 18], [11, 15, 12, 14], [13, 1, 14, 24], [15, 4, 16, 5], [17, 9, 18, 8], [19, 11, 20, 10], [21, 6, 22, 7], [23, 13, 24, 12], [1, 21, 2, 20], [3, 16, 4, 17]]"
12a_0777_111,"[[3, 16, 4, 17], [5, 22, 6, 23], [7, 3, 8, 2], [9, 19, 10, 18], [11, 15, 12, 14], [13, 1, 14, 24], [15, 4, 16, 5], [17, 9, 18, 8], [19, 11, 20, 10], [21, 6, 22, 7], [23, 13, 24, 12], [1, 21, 2, 20]]"
12a_0777_112,"[[1, 21, 2, 20], [3, 16, 4, 17], [5, 22, 6, 23], [7, 3, 8, 2], [9, 19, 10, 18], [11, 15, 12, 14], [13, 1, 14, 24], [15, 4, 16, 5], [17, 9, 18, 8], [19, 11, 20, 10], [21, 6, 22, 7], [23, 13, 24, 12]]"
12a_0777_113,"[[23, 13, 24, 12], [1, 21, 2, 20], [3, 16, 4, 17], [5, 22, 6, 23], [7, 3, 8, 2], [9, 19, 10, 18], [11, 15, 12, 14], [13, 1, 14, 24], [15, 4, 16, 5], [17, 9, 18, 8], [19, 11, 20, 10], [21, 6, 22, 7]]"
12a_0777_114,"[[21, 6, 22, 7], [23, 13, 24, 12], [1, 21, 2, 20], [3, 16, 4, 17], [5, 22, 6, 23], [7, 3, 8, 2], [9, 19, 10, 18], [11, 15, 12, 14], [13, 1, 14, 24], [15, 4, 16, 5], [17, 9, 18, 8], [19, 11, 20, 10]]"
12a_0777_115,"[[19, 11, 20, 10], [21, 6, 22, 7], [23, 13, 24, 12], [1, 21, 2, 20], [3, 16, 4, 17], [5, 22, 6, 23], [7, 3, 8, 2], [9, 19, 10, 18], [11, 15, 12, 14], [13, 1, 14, 24], [15, 4, 16, 5], [17, 9, 18, 8]]"
12a_0777_116,"[[17, 9, 18, 8], [19, 11, 20, 10], [21, 6, 22, 7], [23, 13, 24, 12], [1, 21, 2, 20], [3, 16, 4, 17], [5, 22, 6, 23], [7, 3, 8, 2], [9, 19, 10, 18], [11, 15, 12, 14], [13, 1, 14, 24], [15, 4, 16, 5]]"
12a_0777_117,"[[15, 4, 16, 5], [17, 9, 18, 8], [19, 11, 20, 10], [21, 6, 22, 7], [23, 13, 24, 12], [1, 21, 2, 20], [3, 16, 4, 17], [5, 22, 6, 23], [7, 3, 8, 2], [9, 19, 10, 18], [11, 15, 12, 14], [13, 1, 14, 24]]"
12a_0777_118,"[[13, 1, 14, 24], [15, 4, 16, 5], [17, 9, 18, 8], [19, 11, 20, 10], [21, 6, 22, 7], [23, 13, 24, 12], [1, 21, 2, 20], [3, 16, 4, 17], [5, 22, 6, 23], [7, 3, 8, 2], [9, 19, 10, 18], [11, 15, 12, 14]]"
12a_0777_119,"[[11, 15, 12, 14], [13, 1, 14, 24], [15, 4, 16, 5], [17, 9, 18, 8], [19, 11, 20, 10], [21, 6, 22, 7], [23, 13, 24, 12], [1, 21, 2, 20], [3, 16, 4, 17], [5, 22, 6, 23], [7, 3, 8, 2], [9, 19, 10, 18]]"
12a_0777_120,"[[10, 20, 11, 19], [12, 16, 13, 15], [14, 2, 15, 1], [16, 5, 17, 6], [18, 10, 19, 9], [20, 12, 21, 11], [22, 7, 23, 8], [24, 14, 1, 13], [2, 22, 3, 21], [4, 17, 5, 18], [6, 23, 7, 24], [8, 4, 9, 3]]"
12a_0777_121,"[[8, 4, 9, 3], [10, 20, 11, 19], [12, 16, 13, 15], [14, 2, 15, 1], [16, 5, 17, 6], [18, 10, 19, 9], [20, 12, 21, 11], [22, 7, 23, 8], [24, 14, 1, 13], [2, 22, 3, 21], [4, 17, 5, 18], [6, 23, 7, 24]]"
12a_0777_122,"[[6, 23, 7, 24], [8, 4, 9, 3], [10, 20, 11, 19], [12, 16, 13, 15], [14, 2, 15, 1], [16, 5, 17, 6], [18, 10, 19, 9], [20, 12, 21, 11], [22, 7, 23, 8], [24, 14, 1, 13], [2, 22, 3, 21], [4, 17, 5, 18]]"
12a_0777_123,"[[4, 17, 5, 18], [6, 23, 7, 24], [8, 4, 9, 3], [10, 20, 11, 19], [12, 16, 13, 15], [14, 2, 15, 1], [16, 5, 17, 6], [18, 10, 19, 9], [20, 12, 21, 11], [22, 7, 23, 8], [24, 14, 1, 13], [2, 22, 3, 21]]"
12a_0777_124,"[[2, 22, 3, 21], [4, 17, 5, 18], [6, 23, 7, 24], [8, 4, 9, 3], [10, 20, 11, 19], [12, 16, 13, 15], [14, 2, 15, 1], [16, 5, 17, 6], [18, 10, 19, 9], [20, 12, 21, 11], [22, 7, 23, 8], [24, 14, 1, 13]]"
12a_0777_125,"[[24, 14, 1, 13], [2, 22, 3, 21], [4, 17, 5, 18], [6, 23, 7, 24], [8, 4, 9, 3], [10, 20, 11, 19], [12, 16, 13, 15], [14, 2, 15, 1], [16, 5, 17, 6], [18, 10, 19, 9], [20, 12, 21, 11], [22, 7, 23, 8]]"
12a_0777_126,"[[22, 7, 23, 8], [24, 14, 1, 13], [2, 22, 3, 21], [4, 17, 5, 18], [6, 23, 7, 24], [8, 4, 9, 3], [10, 20, 11, 19], [12, 16, 13, 15], [14, 2, 15, 1], [16, 5, 17, 6], [18, 10, 19, 9], [20, 12, 21, 11]]"
12a_0777_127,"[[20, 12, 21, 11], [22, 7, 23, 8], [24, 14, 1, 13], [2, 22, 3, 21], [4, 17, 5, 18], [6, 23, 7, 24], [8, 4, 9, 3], [10, 20, 11, 19], [12, 16, 13, 15], [14, 2, 15, 1], [16, 5, 17, 6], [18, 10, 19, 9]]"
12a_0777_128,"[[18, 10, 19, 9], [20, 12, 21, 11], [22, 7, 23, 8], [24, 14, 1, 13], [2, 22, 3, 21], [4, 17, 5, 18], [6, 23, 7, 24], [8, 4, 9, 3], [10, 20, 11, 19], [12, 16, 13, 15], [14, 2, 15, 1], [16, 5, 17, 6]]"
12a_0777_129,"[[16, 5, 17, 6], [18, 10, 19, 9], [20, 12, 21, 11], [22, 7, 23, 8], [24, 14, 1, 13], [2, 22, 3, 21], [4, 17, 5, 18], [6, 23, 7, 24], [8, 4, 9, 3], [10, 20, 11, 19], [12, 16, 13, 15], [14, 2, 15, 1]]"
12a_0777_130,"[[14, 2, 15, 1], [16, 5, 17, 6], [18, 10, 19, 9], [20, 12, 21, 11], [22, 7, 23, 8], [24, 14, 1, 13], [2, 22, 3, 21], [4, 17, 5, 18], [6, 23, 7, 24], [8, 4, 9, 3], [10, 20, 11, 19], [12, 16, 13, 15]]"
12a_0777_131,"[[12, 16, 13, 15], [14, 2, 15, 1], [16, 5, 17, 6], [18, 10, 19, 9], [20, 12, 21, 11], [22, 7, 23, 8], [24, 14, 1, 13], [2, 22, 3, 21], [4, 17, 5, 18], [6, 23, 7, 24], [8, 4, 9, 3], [10, 20, 11, 19]]"
12a_0777_132,"[[11, 21, 12, 20], [13, 17, 14, 16], [15, 3, 16, 2], [17, 6, 18, 7], [19, 11, 20, 10], [21, 13, 22, 12], [23, 8, 24, 9], [1, 15, 2, 14], [3, 23, 4, 22], [5, 18, 6, 19], [7, 24, 8, 1], [9, 5, 10, 4]]"
12a_0777_133,"[[9, 5, 10, 4], [11, 21, 12, 20], [13, 17, 14, 16], [15, 3, 16, 2], [17, 6, 18, 7], [19, 11, 20, 10], [21, 13, 22, 12], [23, 8, 24, 9], [1, 15, 2, 14], [3, 23, 4, 22], [5, 18, 6, 19], [7, 24, 8, 1]]"
12a_0777_134,"[[7, 24, 8, 1], [9, 5, 10, 4], [11, 21, 12, 20], [13, 17, 14, 16], [15, 3, 16, 2], [17, 6, 18, 7], [19, 11, 20, 10], [21, 13, 22, 12], [23, 8, 24, 9], [1, 15, 2, 14], [3, 23, 4, 22], [5, 18, 6, 19]]"
12a_0777_135,"[[5, 18, 6, 19], [7, 24, 8, 1], [9, 5, 10, 4], [11, 21, 12, 20], [13, 17, 14, 16], [15, 3, 16, 2], [17, 6, 18, 7], [19, 11, 20, 10], [21, 13, 22, 12], [23, 8, 24, 9], [1, 15, 2, 14], [3, 23, 4, 22]]"
12a_0777_136,"[[3, 23, 4, 22], [5, 18, 6, 19], [7, 24, 8, 1], [9, 5, 10, 4], [11, 21, 12, 20], [13, 17, 14, 16], [15, 3, 16, 2], [17, 6, 18, 7], [19, 11, 20, 10], [21, 13, 22, 12], [23, 8, 24, 9], [1, 15, 2, 14]]"
12a_0777_137,"[[1, 15, 2, 14], [3, 23, 4, 22], [5, 18, 6, 19], [7, 24, 8, 1], [9, 5, 10, 4], [11, 21, 12, 20], [13, 17, 14, 16], [15, 3, 16, 2], [17, 6, 18, 7], [19, 11, 20, 10], [21, 13, 22, 12], [23, 8, 24, 9]]"
12a_0777_138,"[[23, 8, 24, 9], [1, 15, 2, 14], [3, 23, 4, 22], [5, 18, 6, 19], [7, 24, 8, 1], [9, 5, 10, 4], [11, 21, 12, 20], [13, 17, 14, 16], [15, 3, 16, 2], [17, 6, 18, 7], [19, 11, 20, 10], [21, 13, 22, 12]]"
12a_0777_139,"[[21, 13, 22, 12], [23, 8, 24, 9], [1, 15, 2, 14], [3, 23, 4, 22], [5, 18, 6, 19], [7, 24, 8, 1], [9, 5, 10, 4], [11, 21, 12, 20], [13, 17, 14, 16], [15, 3, 16, 2], [17, 6, 18, 7], [19, 11, 20, 10]]"
12a_0777_140,"[[19, 11, 20, 10], [21, 13, 22, 12], [23, 8, 24, 9], [1, 15, 2, 14], [3, 23, 4, 22], [5, 18, 6, 19], [7, 24, 8, 1], [9, 5, 10, 4], [11, 21, 12, 20], [13, 17, 14, 16], [15, 3, 16, 2], [17, 6, 18, 7]]"
12a_0777_141,"[[17, 6, 18, 7], [19, 11, 20, 10], [21, 13, 22, 12], [23, 8, 24, 9], [1, 15, 2, 14], [3, 23, 4, 22], [5, 18, 6, 19], [7, 24, 8, 1], [9, 5, 10, 4], [11, 21, 12, 20], [13, 17, 14, 16], [15, 3, 16, 2]]"
12a_0777_142,"[[15, 3, 16, 2], [17, 6, 18, 7], [19, 11, 20, 10], [21, 13, 22, 12], [23, 8, 24, 9], [1, 15, 2, 14], [3, 23, 4, 22], [5, 18, 6, 19], [7, 24, 8, 1], [9, 5, 10, 4], [11, 21, 12, 20], [13, 17, 14, 16]]"
12a_0777_143,"[[13, 17, 14, 16], [15, 3, 16, 2], [17, 6, 18, 7], [19, 11, 20, 10], [21, 13, 22, 12], [23, 8, 24, 9], [1, 15, 2, 14], [3, 23, 4, 22], [5, 18, 6, 19], [7, 24, 8, 1], [9, 5, 10, 4], [11, 21, 12, 20]]"
12a_0777_144,"[[12, 22, 13, 21], [14, 18, 15, 17], [16, 4, 17, 3], [18, 7, 19, 8], [20, 12, 21, 11], [22, 14, 23, 13], [24, 9, 1, 10], [2, 16, 3, 15], [4, 24, 5, 23], [6, 19, 7, 20], [8, 1, 9, 2], [10, 6, 11, 5]]"
12a_0777_145,"[[10, 6, 11, 5], [12, 22, 13, 21], [14, 18, 15, 17], [16, 4, 17, 3], [18, 7, 19, 8], [20, 12, 21, 11], [22, 14, 23, 13], [24, 9, 1, 10], [2, 16, 3, 15], [4, 24, 5, 23], [6, 19, 7, 20], [8, 1, 9, 2]]"
12a_0777_146,"[[8, 1, 9, 2], [10, 6, 11, 5], [12, 22, 13, 21], [14, 18, 15, 17], [16, 4, 17, 3], [18, 7, 19, 8], [20, 12, 21, 11], [22, 14, 23, 13], [24, 9, 1, 10], [2, 16, 3, 15], [4, 24, 5, 23], [6, 19, 7, 20]]"
12a_0777_147,"[[6, 19, 7, 20], [8, 1, 9, 2], [10, 6, 11, 5], [12, 22, 13, 21], [14, 18, 15, 17], [16, 4, 17, 3], [18, 7, 19, 8], [20, 12, 21, 11], [22, 14, 23, 13], [24, 9, 1, 10], [2, 16, 3, 15], [4, 24, 5, 23]]"
12a_0777_148,"[[4, 24, 5, 23], [6, 19, 7, 20], [8, 1, 9, 2], [10, 6, 11, 5], [12, 22, 13, 21], [14, 18, 15, 17], [16, 4, 17, 3], [18, 7, 19, 8], [20, 12, 21, 11], [22, 14, 23, 13], [24, 9, 1, 10], [2, 16, 3, 15]]"
12a_0777_149,"[[2, 16, 3, 15], [4, 24, 5, 23], [6, 19, 7, 20], [8, 1, 9, 2], [10, 6, 11, 5], [12, 22, 13, 21], [14, 18, 15, 17], [16, 4, 17, 3], [18, 7, 19, 8], [20, 12, 21, 11], [22, 14, 23, 13], [24, 9, 1, 10]]"
12a_0777_150,"[[24, 9, 1, 10], [2, 16, 3, 15], [4, 24, 5, 23], [6, 19, 7, 20], [8, 1, 9, 2], [10, 6, 11, 5], [12, 22, 13, 21], [14, 18, 15, 17], [16, 4, 17, 3], [18, 7, 19, 8], [20, 12, 21, 11], [22, 14, 23, 13]]"
12a_0777_151,"[[22, 14, 23, 13], [24, 9, 1, 10], [2, 16, 3, 15], [4, 24, 5, 23], [6, 19, 7, 20], [8, 1, 9, 2], [10, 6, 11, 5], [12, 22, 13, 21], [14, 18, 15, 17], [16, 4, 17, 3], [18, 7, 19, 8], [20, 12, 21, 11]]"
12a_0777_152,"[[20, 12, 21, 11], [22, 14, 23, 13], [24, 9, 1, 10], [2, 16, 3, 15], [4, 24, 5, 23], [6, 19, 7, 20], [8, 1, 9, 2], [10, 6, 11, 5], [12, 22, 13, 21], [14, 18, 15, 17], [16, 4, 17, 3], [18, 7, 19, 8]]"
12a_0777_153,"[[18, 7, 19, 8], [20, 12, 21, 11], [22, 14, 23, 13], [24, 9, 1, 10], [2, 16, 3, 15], [4, 24, 5, 23], [6, 19, 7, 20], [8, 1, 9, 2], [10, 6, 11, 5], [12, 22, 13, 21], [14, 18, 15, 17], [16, 4, 17, 3]]"
12a_0777_154,"[[16, 4, 17, 3], [18, 7, 19, 8], [20, 12, 21, 11], [22, 14, 23, 13], [24, 9, 1, 10], [2, 16, 3, 15], [4, 24, 5, 23], [6, 19, 7, 20], [8, 1, 9, 2], [10, 6, 11, 5], [12, 22, 13, 21], [14, 18, 15, 17]]"
12a_0777_155,"[[14, 18, 15, 17], [16, 4, 17, 3], [18, 7, 19, 8], [20, 12, 21, 11], [22, 14, 23, 13], [24, 9, 1, 10], [2, 16, 3, 15], [4, 24, 5, 23], [6, 19, 7, 20], [8, 1, 9, 2], [10, 6, 11, 5], [12, 22, 13, 21]]"
12a_0777_156,"[[13, 23, 14, 22], [15, 19, 16, 18], [17, 5, 18, 4], [19, 8, 20, 9], [21, 13, 22, 12], [23, 15, 24, 14], [1, 10, 2, 11], [3, 17, 4, 16], [5, 1, 6, 24], [7, 20, 8, 21], [9, 2, 10, 3], [11, 7, 12, 6]]"
12a_0777_157,"[[11, 7, 12, 6], [13, 23, 14, 22], [15, 19, 16, 18], [17, 5, 18, 4], [19, 8, 20, 9], [21, 13, 22, 12], [23, 15, 24, 14], [1, 10, 2, 11], [3, 17, 4, 16], [5, 1, 6, 24], [7, 20, 8, 21], [9, 2, 10, 3]]"
12a_0777_158,"[[9, 2, 10, 3], [11, 7, 12, 6], [13, 23, 14, 22], [15, 19, 16, 18], [17, 5, 18, 4], [19, 8, 20, 9], [21, 13, 22, 12], [23, 15, 24, 14], [1, 10, 2, 11], [3, 17, 4, 16], [5, 1, 6, 24], [7, 20, 8, 21]]"
12a_0777_159,"[[7, 20, 8, 21], [9, 2, 10, 3], [11, 7, 12, 6], [13, 23, 14, 22], [15, 19, 16, 18], [17, 5, 18, 4], [19, 8, 20, 9], [21, 13, 22, 12], [23, 15, 24, 14], [1, 10, 2, 11], [3, 17, 4, 16], [5, 1, 6, 24]]"
12a_0777_160,"[[5, 1, 6, 24], [7, 20, 8, 21], [9, 2, 10, 3], [11, 7, 12, 6], [13, 23, 14, 22], [15, 19, 16, 18], [17, 5, 18, 4], [19, 8, 20, 9], [21, 13, 22, 12], [23, 15, 24, 14], [1, 10, 2, 11], [3, 17, 4, 16]]"
12a_0777_161,"[[3, 17, 4, 16], [5, 1, 6, 24], [7, 20, 8, 21], [9, 2, 10, 3], [11, 7, 12, 6], [13, 23, 14, 22], [15, 19, 16, 18], [17, 5, 18, 4], [19, 8, 20, 9], [21, 13, 22, 12], [23, 15, 24, 14], [1, 10, 2, 11]]"
12a_0777_162,"[[1, 10, 2, 11], [3, 17, 4, 16], [5, 1, 6, 24], [7, 20, 8, 21], [9, 2, 10, 3], [11, 7, 12, 6], [13, 23, 14, 22], [15, 19, 16, 18], [17, 5, 18, 4], [19, 8, 20, 9], [21, 13, 22, 12], [23, 15, 24, 14]]"
12a_0777_163,"[[23, 15, 24, 14], [1, 10, 2, 11], [3, 17, 4, 16], [5, 1, 6, 24], [7, 20, 8, 21], [9, 2, 10, 3], [11, 7, 12, 6], [13, 23, 14, 22], [15, 19, 16, 18], [17, 5, 18, 4], [19, 8, 20, 9], [21, 13, 22, 12]]"
12a_0777_164,"[[21, 13, 22, 12], [23, 15, 24, 14], [1, 10, 2, 11], [3, 17, 4, 16], [5, 1, 6, 24], [7, 20, 8, 21], [9, 2, 10, 3], [11, 7, 12, 6], [13, 23, 14, 22], [15, 19, 16, 18], [17, 5, 18, 4], [19, 8, 20, 9]]"
12a_0777_165,"[[19, 8, 20, 9], [21, 13, 22, 12], [23, 15, 24, 14], [1, 10, 2, 11], [3, 17, 4, 16], [5, 1, 6, 24], [7, 20, 8, 21], [9, 2, 10, 3], [11, 7, 12, 6], [13, 23, 14, 22], [15, 19, 16, 18], [17, 5, 18, 4]]"
12a_0777_166,"[[17, 5, 18, 4], [19, 8, 20, 9], [21, 13, 22, 12], [23, 15, 24, 14], [1, 10, 2, 11], [3, 17, 4, 16], [5, 1, 6, 24], [7, 20, 8, 21], [9, 2, 10, 3], [11, 7, 12, 6], [13, 23, 14, 22], [15, 19, 16, 18]]"
12a_0777_167,"[[15, 19, 16, 18], [17, 5, 18, 4], [19, 8, 20, 9], [21, 13, 22, 12], [23, 15, 24, 14], [1, 10, 2, 11], [3, 17, 4, 16], [5, 1, 6, 24], [7, 20, 8, 21], [9, 2, 10, 3], [11, 7, 12, 6], [13, 23, 14, 22]]"
12a_0777_168,"[[14, 24, 15, 23], [16, 20, 17, 19], [18, 6, 19, 5], [20, 9, 21, 10], [22, 14, 23, 13], [24, 16, 1, 15], [2, 11, 3, 12], [4, 18, 5, 17], [6, 2, 7, 1], [8, 21, 9, 22], [10, 3, 11, 4], [12, 8, 13, 7]]"
12a_0777_169,"[[12, 8, 13, 7], [14, 24, 15, 23], [16, 20, 17, 19], [18, 6, 19, 5], [20, 9, 21, 10], [22, 14, 23, 13], [24, 16, 1, 15], [2, 11, 3, 12], [4, 18, 5, 17], [6, 2, 7, 1], [8, 21, 9, 22], [10, 3, 11, 4]]"
12a_0777_170,"[[10, 3, 11, 4], [12, 8, 13, 7], [14, 24, 15, 23], [16, 20, 17, 19], [18, 6, 19, 5], [20, 9, 21, 10], [22, 14, 23, 13], [24, 16, 1, 15], [2, 11, 3, 12], [4, 18, 5, 17], [6, 2, 7, 1], [8, 21, 9, 22]]"
12a_0777_171,"[[8, 21, 9, 22], [10, 3, 11, 4], [12, 8, 13, 7], [14, 24, 15, 23], [16, 20, 17, 19], [18, 6, 19, 5], [20, 9, 21, 10], [22, 14, 23, 13], [24, 16, 1, 15], [2, 11, 3, 12], [4, 18, 5, 17], [6, 2, 7, 1]]"
12a_0777_172,"[[6, 2, 7, 1], [8, 21, 9, 22], [10, 3, 11, 4], [12, 8, 13, 7], [14, 24, 15, 23], [16, 20, 17, 19], [18, 6, 19, 5], [20, 9, 21, 10], [22, 14, 23, 13], [24, 16, 1, 15], [2, 11, 3, 12], [4, 18, 5, 17]]"
12a_0777_173,"[[4, 18, 5, 17], [6, 2, 7, 1], [8, 21, 9, 22], [10, 3, 11, 4], [12, 8, 13, 7], [14, 24, 15, 23], [16, 20, 17, 19], [18, 6, 19, 5], [20, 9, 21, 10], [22, 14, 23, 13], [24, 16, 1, 15], [2, 11, 3, 12]]"
12a_0777_174,"[[2, 11, 3, 12], [4, 18, 5, 17], [6, 2, 7, 1], [8, 21, 9, 22], [10, 3, 11, 4], [12, 8, 13, 7], [14, 24, 15, 23], [16, 20, 17, 19], [18, 6, 19, 5], [20, 9, 21, 10], [22, 14, 23, 13], [24, 16, 1, 15]]"
12a_0777_175,"[[24, 16, 1, 15], [2, 11, 3, 12], [4, 18, 5, 17], [6, 2, 7, 1], [8, 21, 9, 22], [10, 3, 11, 4], [12, 8, 13, 7], [14, 24, 15, 23], [16, 20, 17, 19], [18, 6, 19, 5], [20, 9, 21, 10], [22, 14, 23, 13]]"
12a_0777_176,"[[22, 14, 23, 13], [24, 16, 1, 15], [2, 11, 3, 12], [4, 18, 5, 17], [6, 2, 7, 1], [8, 21, 9, 22], [10, 3, 11, 4], [12, 8, 13, 7], [14, 24, 15, 23], [16, 20, 17, 19], [18, 6, 19, 5], [20, 9, 21, 10]]"
12a_0777_177,"[[20, 9, 21, 10], [22, 14, 23, 13], [24, 16, 1, 15], [2, 11, 3, 12], [4, 18, 5, 17], [6, 2, 7, 1], [8, 21, 9, 22], [10, 3, 11, 4], [12, 8, 13, 7], [14, 24, 15, 23], [16, 20, 17, 19], [18, 6, 19, 5]]"
12a_0777_178,"[[18, 6, 19, 5], [20, 9, 21, 10], [22, 14, 23, 13], [24, 16, 1, 15], [2, 11, 3, 12], [4, 18, 5, 17], [6, 2, 7, 1], [8, 21, 9, 22], [10, 3, 11, 4], [12, 8, 13, 7], [14, 24, 15, 23], [16, 20, 17, 19]]"
12a_0777_179,"[[16, 20, 17, 19], [18, 6, 19, 5], [20, 9, 21, 10], [22, 14, 23, 13], [24, 16, 1, 15], [2, 11, 3, 12], [4, 18, 5, 17], [6, 2, 7, 1], [8, 21, 9, 22], [10, 3, 11, 4], [12, 8, 13, 7], [14, 24, 15, 23]]"
12a_0777_180,"[[15, 1, 16, 24], [17, 21, 18, 20], [19, 7, 20, 6], [21, 10, 22, 11], [23, 15, 24, 14], [1, 17, 2, 16], [3, 12, 4, 13], [5, 19, 6, 18], [7, 3, 8, 2], [9, 22, 10, 23], [11, 4, 12, 5], [13, 9, 14, 8]]"
12a_0777_181,"[[13, 9, 14, 8], [15, 1, 16, 24], [17, 21, 18, 20], [19, 7, 20, 6], [21, 10, 22, 11], [23, 15, 24, 14], [1, 17, 2, 16], [3, 12, 4, 13], [5, 19, 6, 18], [7, 3, 8, 2], [9, 22, 10, 23], [11, 4, 12, 5]]"
12a_0777_182,"[[11, 4, 12, 5], [13, 9, 14, 8], [15, 1, 16, 24], [17, 21, 18, 20], [19, 7, 20, 6], [21, 10, 22, 11], [23, 15, 24, 14], [1, 17, 2, 16], [3, 12, 4, 13], [5, 19, 6, 18], [7, 3, 8, 2], [9, 22, 10, 23]]"
12a_0777_183,"[[9, 22, 10, 23], [11, 4, 12, 5], [13, 9, 14, 8], [15, 1, 16, 24], [17, 21, 18, 20], [19, 7, 20, 6], [21, 10, 22, 11], [23, 15, 24, 14], [1, 17, 2, 16], [3, 12, 4, 13], [5, 19, 6, 18], [7, 3, 8, 2]]"
12a_0777_184,"[[7, 3, 8, 2], [9, 22, 10, 23], [11, 4, 12, 5], [13, 9, 14, 8], [15, 1, 16, 24], [17, 21, 18, 20], [19, 7, 20, 6], [21, 10, 22, 11], [23, 15, 24, 14], [1, 17, 2, 16], [3, 12, 4, 13], [5, 19, 6, 18]]"
12a_0777_185,"[[5, 19, 6, 18], [7, 3, 8, 2], [9, 22, 10, 23], [11, 4, 12, 5], [13, 9, 14, 8], [15, 1, 16, 24], [17, 21, 18, 20], [19, 7, 20, 6], [21, 10, 22, 11], [23, 15, 24, 14], [1, 17, 2, 16], [3, 12, 4, 13]]"
