name,pd_notation
12a_0173_0,"[[24, 14, 1, 13], [2, 6, 3, 5], [4, 9, 5, 10], [6, 17, 7, 18], [8, 12, 9, 11], [10, 3, 11, 4], [12, 19, 13, 20], [14, 22, 15, 21], [16, 24, 17, 23], [18, 7, 19, 8], [20, 1, 21, 2], [22, 16, 23, 15]]"
12a_0173_1,"[[22, 16, 23, 15], [24, 14, 1, 13], [2, 6, 3, 5], [4, 9, 5, 10], [6, 17, 7, 18], [8, 12, 9, 11], [10, 3, 11, 4], [12, 19, 13, 20], [14, 22, 15, 21], [16, 24, 17, 23], [18, 7, 19, 8], [20, 1, 21, 2]]"
12a_0173_2,"[[20, 1, 21, 2], [22, 16, 23, 15], [24, 14, 1, 13], [2, 6, 3, 5], [4, 9, 5, 10], [6, 17, 7, 18], [8, 12, 9, 11], [10, 3, 11, 4], [12, 19, 13, 20], [14, 22, 15, 21], [16, 24, 17, 23], [18, 7, 19, 8]]"
12a_0173_3,"[[18, 7, 19, 8], [20, 1, 21, 2], [22, 16, 23, 15], [24, 14, 1, 13], [2, 6, 3, 5], [4, 9, 5, 10], [6, 17, 7, 18], [8, 12, 9, 11], [10, 3, 11, 4], [12, 19, 13, 20], [14, 22, 15, 21], [16, 24, 17, 23]]"
12a_0173_4,"[[16, 24, 17, 23], [18, 7, 19, 8], [20, 1, 21, 2], [22, 16, 23, 15], [24, 14, 1, 13], [2, 6, 3, 5], [4, 9, 5, 10], [6, 17, 7, 18], [8, 12, 9, 11], [10, 3, 11, 4], [12, 19, 13, 20], [14, 22, 15, 21]]"
12a_0173_5,"[[14, 22, 15, 21], [16, 24, 17, 23], [18, 7, 19, 8], [20, 1, 21, 2], [22, 16, 23, 15], [24, 14, 1, 13], [2, 6, 3, 5], [4, 9, 5, 10], [6, 17, 7, 18], [8, 12, 9, 11], [10, 3, 11, 4], [12, 19, 13, 20]]"
12a_0173_6,"[[12, 19, 13, 20], [14, 22, 15, 21], [16, 24, 17, 23], [18, 7, 19, 8], [20, 1, 21, 2], [22, 16, 23, 15], [24, 14, 1, 13], [2, 6, 3, 5], [4, 9, 5, 10], [6, 17, 7, 18], [8, 12, 9, 11], [10, 3, 11, 4]]"
12a_0173_7,"[[10, 3, 11, 4], [12, 19, 13, 20], [14, 22, 15, 21], [16, 24, 17, 23], [18, 7, 19, 8], [20, 1, 21, 2], [22, 16, 23, 15], [24, 14, 1, 13], [2, 6, 3, 5], [4, 9, 5, 10], [6, 17, 7, 18], [8, 12, 9, 11]]"
12a_0173_8,"[[8, 12, 9, 11], [10, 3, 11, 4], [12, 19, 13, 20], [14, 22, 15, 21], [16, 24, 17, 23], [18, 7, 19, 8], [20, 1, 21, 2], [22, 16, 23, 15], [24, 14, 1, 13], [2, 6, 3, 5], [4, 9, 5, 10], [6, 17, 7, 18]]"
12a_0173_9,"[[6, 17, 7, 18], [8, 12, 9, 11], [10, 3, 11, 4], [12, 19, 13, 20], [14, 22, 15, 21], [16, 24, 17, 23], [18, 7, 19, 8], [20, 1, 21, 2], [22, 16, 23, 15], [24, 14, 1, 13], [2, 6, 3, 5], [4, 9, 5, 10]]"
12a_0173_10,"[[4, 9, 5, 10], [6, 17, 7, 18], [8, 12, 9, 11], [10, 3, 11, 4], [12, 19, 13, 20], [14, 22, 15, 21], [16, 24, 17, 23], [18, 7, 19, 8], [20, 1, 21, 2], [22, 16, 23, 15], [24, 14, 1, 13], [2, 6, 3, 5]]"
12a_0173_11,"[[2, 6, 3, 5], [4, 9, 5, 10], [6, 17, 7, 18], [8, 12, 9, 11], [10, 3, 11, 4], [12, 19, 13, 20], [14, 22, 15, 21], [16, 24, 17, 23], [18, 7, 19, 8], [20, 1, 21, 2], [22, 16, 23, 15], [24, 14, 1, 13]]"
12a_0173_12,"[[1, 15, 2, 14], [3, 7, 4, 6], [5, 10, 6, 11], [7, 18, 8, 19], [9, 13, 10, 12], [11, 4, 12, 5], [13, 20, 14, 21], [15, 23, 16, 22], [17, 1, 18, 24], [19, 8, 20, 9], [21, 2, 22, 3], [23, 17, 24, 16]]"
12a_0173_13,"[[23, 17, 24, 16], [1, 15, 2, 14], [3, 7, 4, 6], [5, 10, 6, 11], [7, 18, 8, 19], [9, 13, 10, 12], [11, 4, 12, 5], [13, 20, 14, 21], [15, 23, 16, 22], [17, 1, 18, 24], [19, 8, 20, 9], [21, 2, 22, 3]]"
12a_0173_14,"[[21, 2, 22, 3], [23, 17, 24, 16], [1, 15, 2, 14], [3, 7, 4, 6], [5, 10, 6, 11], [7, 18, 8, 19], [9, 13, 10, 12], [11, 4, 12, 5], [13, 20, 14, 21], [15, 23, 16, 22], [17, 1, 18, 24], [19, 8, 20, 9]]"
12a_0173_15,"[[19, 8, 20, 9], [21, 2, 22, 3], [23, 17, 24, 16], [1, 15, 2, 14], [3, 7, 4, 6], [5, 10, 6, 11], [7, 18, 8, 19], [9, 13, 10, 12], [11, 4, 12, 5], [13, 20, 14, 21], [15, 23, 16, 22], [17, 1, 18, 24]]"
12a_0173_16,"[[17, 1, 18, 24], [19, 8, 20, 9], [21, 2, 22, 3], [23, 17, 24, 16], [1, 15, 2, 14], [3, 7, 4, 6], [5, 10, 6, 11], [7, 18, 8, 19], [9, 13, 10, 12], [11, 4, 12, 5], [13, 20, 14, 21], [15, 23, 16, 22]]"
12a_0173_17,"[[15, 23, 16, 22], [17, 1, 18, 24], [19, 8, 20, 9], [21, 2, 22, 3], [23, 17, 24, 16], [1, 15, 2, 14], [3, 7, 4, 6], [5, 10, 6, 11], [7, 18, 8, 19], [9, 13, 10, 12], [11, 4, 12, 5], [13, 20, 14, 21]]"
12a_0173_18,"[[13, 20, 14, 21], [15, 23, 16, 22], [17, 1, 18, 24], [19, 8, 20, 9], [21, 2, 22, 3], [23, 17, 24, 16], [1, 15, 2, 14], [3, 7, 4, 6], [5, 10, 6, 11], [7, 18, 8, 19], [9, 13, 10, 12], [11, 4, 12, 5]]"
12a_0173_19,"[[11, 4, 12, 5], [13, 20, 14, 21], [15, 23, 16, 22], [17, 1, 18, 24], [19, 8, 20, 9], [21, 2, 22, 3], [23, 17, 24, 16], [1, 15, 2, 14], [3, 7, 4, 6], [5, 10, 6, 11], [7, 18, 8, 19], [9, 13, 10, 12]]"
12a_0173_20,"[[9, 13, 10, 12], [11, 4, 12, 5], [13, 20, 14, 21], [15, 23, 16, 22], [17, 1, 18, 24], [19, 8, 20, 9], [21, 2, 22, 3], [23, 17, 24, 16], [1, 15, 2, 14], [3, 7, 4, 6], [5, 10, 6, 11], [7, 18, 8, 19]]"
12a_0173_21,"[[7, 18, 8, 19], [9, 13, 10, 12], [11, 4, 12, 5], [13, 20, 14, 21], [15, 23, 16, 22], [17, 1, 18, 24], [19, 8, 20, 9], [21, 2, 22, 3], [23, 17, 24, 16], [1, 15, 2, 14], [3, 7, 4, 6], [5, 10, 6, 11]]"
12a_0173_22,"[[5, 10, 6, 11], [7, 18, 8, 19], [9, 13, 10, 12], [11, 4, 12, 5], [13, 20, 14, 21], [15, 23, 16, 22], [17, 1, 18, 24], [19, 8, 20, 9], [21, 2, 22, 3], [23, 17, 24, 16], [1, 15, 2, 14], [3, 7, 4, 6]]"
12a_0173_23,"[[3, 7, 4, 6], [5, 10, 6, 11], [7, 18, 8, 19], [9, 13, 10, 12], [11, 4, 12, 5], [13, 20, 14, 21], [15, 23, 16, 22], [17, 1, 18, 24], [19, 8, 20, 9], [21, 2, 22, 3], [23, 17, 24, 16], [1, 15, 2, 14]]"
12a_0173_24,"[[2, 16, 3, 15], [4, 8, 5, 7], [6, 11, 7, 12], [8, 19, 9, 20], [10, 14, 11, 13], [12, 5, 13, 6], [14, 21, 15, 22], [16, 24, 17, 23], [18, 2, 19, 1], [20, 9, 21, 10], [22, 3, 23, 4], [24, 18, 1, 17]]"
12a_0173_25,"[[24, 18, 1, 17], [2, 16, 3, 15], [4, 8, 5, 7], [6, 11, 7, 12], [8, 19, 9, 20], [10, 14, 11, 13], [12, 5, 13, 6], [14, 21, 15, 22], [16, 24, 17, 23], [18, 2, 19, 1], [20, 9, 21, 10], [22, 3, 23, 4]]"
12a_0173_26,"[[22, 3, 23, 4], [24, 18, 1, 17], [2, 16, 3, 15], [4, 8, 5, 7], [6, 11, 7, 12], [8, 19, 9, 20], [10, 14, 11, 13], [12, 5, 13, 6], [14, 21, 15, 22], [16, 24, 17, 23], [18, 2, 19, 1], [20, 9, 21, 10]]"
12a_0173_27,"[[20, 9, 21, 10], [22, 3, 23, 4], [24, 18, 1, 17], [2, 16, 3, 15], [4, 8, 5, 7], [6, 11, 7, 12], [8, 19, 9, 20], [10, 14, 11, 13], [12, 5, 13, 6], [14, 21, 15, 22], [16, 24, 17, 23], [18, 2, 19, 1]]"
12a_0173_28,"[[18, 2, 19, 1], [20, 9, 21, 10], [22, 3, 23, 4], [24, 18, 1, 17], [2, 16, 3, 15], [4, 8, 5, 7], [6, 11, 7, 12], [8, 19, 9, 20], [10, 14, 11, 13], [12, 5, 13, 6], [14, 21, 15, 22], [16, 24, 17, 23]]"
12a_0173_29,"[[16, 24, 17, 23], [18, 2, 19, 1], [20, 9, 21, 10], [22, 3, 23, 4], [24, 18, 1, 17], [2, 16, 3, 15], [4, 8, 5, 7], [6, 11, 7, 12], [8, 19, 9, 20], [10, 14, 11, 13], [12, 5, 13, 6], [14, 21, 15, 22]]"
12a_0173_30,"[[14, 21, 15, 22], [16, 24, 17, 23], [18, 2, 19, 1], [20, 9, 21, 10], [22, 3, 23, 4], [24, 18, 1, 17], [2, 16, 3, 15], [4, 8, 5, 7], [6, 11, 7, 12], [8, 19, 9, 20], [10, 14, 11, 13], [12, 5, 13, 6]]"
12a_0173_31,"[[12, 5, 13, 6], [14, 21, 15, 22], [16, 24, 17, 23], [18, 2, 19, 1], [20, 9, 21, 10], [22, 3, 23, 4], [24, 18, 1, 17], [2, 16, 3, 15], [4, 8, 5, 7], [6, 11, 7, 12], [8, 19, 9, 20], [10, 14, 11, 13]]"
12a_0173_32,"[[10, 14, 11, 13], [12, 5, 13, 6], [14, 21, 15, 22], [16, 24, 17, 23], [18, 2, 19, 1], [20, 9, 21, 10], [22, 3, 23, 4], [24, 18, 1, 17], [2, 16, 3, 15], [4, 8, 5, 7], [6, 11, 7, 12], [8, 19, 9, 20]]"
12a_0173_33,"[[8, 19, 9, 20], [10, 14, 11, 13], [12, 5, 13, 6], [14, 21, 15, 22], [16, 24, 17, 23], [18, 2, 19, 1], [20, 9, 21, 10], [22, 3, 23, 4], [24, 18, 1, 17], [2, 16, 3, 15], [4, 8, 5, 7], [6, 11, 7, 12]]"
12a_0173_34,"[[6, 11, 7, 12], [8, 19, 9, 20], [10, 14, 11, 13], [12, 5, 13, 6], [14, 21, 15, 22], [16, 24, 17, 23], [18, 2, 19, 1], [20, 9, 21, 10], [22, 3, 23, 4], [24, 18, 1, 17], [2, 16, 3, 15], [4, 8, 5, 7]]"
12a_0173_35,"[[4, 8, 5, 7], [6, 11, 7, 12], [8, 19, 9, 20], [10, 14, 11, 13], [12, 5, 13, 6], [14, 21, 15, 22], [16, 24, 17, 23], [18, 2, 19, 1], [20, 9, 21, 10], [22, 3, 23, 4], [24, 18, 1, 17], [2, 16, 3, 15]]"
12a_0173_36,"[[3, 17, 4, 16], [5, 9, 6, 8], [7, 12, 8, 13], [9, 20, 10, 21], [11, 15, 12, 14], [13, 6, 14, 7], [15, 22, 16, 23], [17, 1, 18, 24], [19, 3, 20, 2], [21, 10, 22, 11], [23, 4, 24, 5], [1, 19, 2, 18]]"
12a_0173_37,"[[1, 19, 2, 18], [3, 17, 4, 16], [5, 9, 6, 8], [7, 12, 8, 13], [9, 20, 10, 21], [11, 15, 12, 14], [13, 6, 14, 7], [15, 22, 16, 23], [17, 1, 18, 24], [19, 3, 20, 2], [21, 10, 22, 11], [23, 4, 24, 5]]"
12a_0173_38,"[[23, 4, 24, 5], [1, 19, 2, 18], [3, 17, 4, 16], [5, 9, 6, 8], [7, 12, 8, 13], [9, 20, 10, 21], [11, 15, 12, 14], [13, 6, 14, 7], [15, 22, 16, 23], [17, 1, 18, 24], [19, 3, 20, 2], [21, 10, 22, 11]]"
12a_0173_39,"[[21, 10, 22, 11], [23, 4, 24, 5], [1, 19, 2, 18], [3, 17, 4, 16], [5, 9, 6, 8], [7, 12, 8, 13], [9, 20, 10, 21], [11, 15, 12, 14], [13, 6, 14, 7], [15, 22, 16, 23], [17, 1, 18, 24], [19, 3, 20, 2]]"
12a_0173_40,"[[19, 3, 20, 2], [21, 10, 22, 11], [23, 4, 24, 5], [1, 19, 2, 18], [3, 17, 4, 16], [5, 9, 6, 8], [7, 12, 8, 13], [9, 20, 10, 21], [11, 15, 12, 14], [13, 6, 14, 7], [15, 22, 16, 23], [17, 1, 18, 24]]"
12a_0173_41,"[[17, 1, 18, 24], [19, 3, 20, 2], [21, 10, 22, 11], [23, 4, 24, 5], [1, 19, 2, 18], [3, 17, 4, 16], [5, 9, 6, 8], [7, 12, 8, 13], [9, 20, 10, 21], [11, 15, 12, 14], [13, 6, 14, 7], [15, 22, 16, 23]]"
12a_0173_42,"[[15, 22, 16, 23], [17, 1, 18, 24], [19, 3, 20, 2], [21, 10, 22, 11], [23, 4, 24, 5], [1, 19, 2, 18], [3, 17, 4, 16], [5, 9, 6, 8], [7, 12, 8, 13], [9, 20, 10, 21], [11, 15, 12, 14], [13, 6, 14, 7]]"
12a_0173_43,"[[13, 6, 14, 7], [15, 22, 16, 23], [17, 1, 18, 24], [19, 3, 20, 2], [21, 10, 22, 11], [23, 4, 24, 5], [1, 19, 2, 18], [3, 17, 4, 16], [5, 9, 6, 8], [7, 12, 8, 13], [9, 20, 10, 21], [11, 15, 12, 14]]"
12a_0173_44,"[[11, 15, 12, 14], [13, 6, 14, 7], [15, 22, 16, 23], [17, 1, 18, 24], [19, 3, 20, 2], [21, 10, 22, 11], [23, 4, 24, 5], [1, 19, 2, 18], [3, 17, 4, 16], [5, 9, 6, 8], [7, 12, 8, 13], [9, 20, 10, 21]]"
12a_0173_45,"[[9, 20, 10, 21], [11, 15, 12, 14], [13, 6, 14, 7], [15, 22, 16, 23], [17, 1, 18, 24], [19, 3, 20, 2], [21, 10, 22, 11], [23, 4, 24, 5], [1, 19, 2, 18], [3, 17, 4, 16], [5, 9, 6, 8], [7, 12, 8, 13]]"
12a_0173_46,"[[7, 12, 8, 13], [9, 20, 10, 21], [11, 15, 12, 14], [13, 6, 14, 7], [15, 22, 16, 23], [17, 1, 18, 24], [19, 3, 20, 2], [21, 10, 22, 11], [23, 4, 24, 5], [1, 19, 2, 18], [3, 17, 4, 16], [5, 9, 6, 8]]"
12a_0173_47,"[[5, 9, 6, 8], [7, 12, 8, 13], [9, 20, 10, 21], [11, 15, 12, 14], [13, 6, 14, 7], [15, 22, 16, 23], [17, 1, 18, 24], [19, 3, 20, 2], [21, 10, 22, 11], [23, 4, 24, 5], [1, 19, 2, 18], [3, 17, 4, 16]]"
12a_0173_48,"[[4, 18, 5, 17], [6, 10, 7, 9], [8, 13, 9, 14], [10, 21, 11, 22], [12, 16, 13, 15], [14, 7, 15, 8], [16, 23, 17, 24], [18, 2, 19, 1], [20, 4, 21, 3], [22, 11, 23, 12], [24, 5, 1, 6], [2, 20, 3, 19]]"
12a_0173_49,"[[2, 20, 3, 19], [4, 18, 5, 17], [6, 10, 7, 9], [8, 13, 9, 14], [10, 21, 11, 22], [12, 16, 13, 15], [14, 7, 15, 8], [16, 23, 17, 24], [18, 2, 19, 1], [20, 4, 21, 3], [22, 11, 23, 12], [24, 5, 1, 6]]"
12a_0173_50,"[[24, 5, 1, 6], [2, 20, 3, 19], [4, 18, 5, 17], [6, 10, 7, 9], [8, 13, 9, 14], [10, 21, 11, 22], [12, 16, 13, 15], [14, 7, 15, 8], [16, 23, 17, 24], [18, 2, 19, 1], [20, 4, 21, 3], [22, 11, 23, 12]]"
12a_0173_51,"[[22, 11, 23, 12], [24, 5, 1, 6], [2, 20, 3, 19], [4, 18, 5, 17], [6, 10, 7, 9], [8, 13, 9, 14], [10, 21, 11, 22], [12, 16, 13, 15], [14, 7, 15, 8], [16, 23, 17, 24], [18, 2, 19, 1], [20, 4, 21, 3]]"
12a_0173_52,"[[20, 4, 21, 3], [22, 11, 23, 12], [24, 5, 1, 6], [2, 20, 3, 19], [4, 18, 5, 17], [6, 10, 7, 9], [8, 13, 9, 14], [10, 21, 11, 22], [12, 16, 13, 15], [14, 7, 15, 8], [16, 23, 17, 24], [18, 2, 19, 1]]"
12a_0173_53,"[[18, 2, 19, 1], [20, 4, 21, 3], [22, 11, 23, 12], [24, 5, 1, 6], [2, 20, 3, 19], [4, 18, 5, 17], [6, 10, 7, 9], [8, 13, 9, 14], [10, 21, 11, 22], [12, 16, 13, 15], [14, 7, 15, 8], [16, 23, 17, 24]]"
12a_0173_54,"[[16, 23, 17, 24], [18, 2, 19, 1], [20, 4, 21, 3], [22, 11, 23, 12], [24, 5, 1, 6], [2, 20, 3, 19], [4, 18, 5, 17], [6, 10, 7, 9], [8, 13, 9, 14], [10, 21, 11, 22], [12, 16, 13, 15], [14, 7, 15, 8]]"
12a_0173_55,"[[14, 7, 15, 8], [16, 23, 17, 24], [18, 2, 19, 1], [20, 4, 21, 3], [22, 11, 23, 12], [24, 5, 1, 6], [2, 20, 3, 19], [4, 18, 5, 17], [6, 10, 7, 9], [8, 13, 9, 14], [10, 21, 11, 22], [12, 16, 13, 15]]"
12a_0173_56,"[[12, 16, 13, 15], [14, 7, 15, 8], [16, 23, 17, 24], [18, 2, 19, 1], [20, 4, 21, 3], [22, 11, 23, 12], [24, 5, 1, 6], [2, 20, 3, 19], [4, 18, 5, 17], [6, 10, 7, 9], [8, 13, 9, 14], [10, 21, 11, 22]]"
12a_0173_57,"[[10, 21, 11, 22], [12, 16, 13, 15], [14, 7, 15, 8], [16, 23, 17, 24], [18, 2, 19, 1], [20, 4, 21, 3], [22, 11, 23, 12], [24, 5, 1, 6], [2, 20, 3, 19], [4, 18, 5, 17], [6, 10, 7, 9], [8, 13, 9, 14]]"
12a_0173_58,"[[8, 13, 9, 14], [10, 21, 11, 22], [12, 16, 13, 15], [14, 7, 15, 8], [16, 23, 17, 24], [18, 2, 19, 1], [20, 4, 21, 3], [22, 11, 23, 12], [24, 5, 1, 6], [2, 20, 3, 19], [4, 18, 5, 17], [6, 10, 7, 9]]"
12a_0173_59,"[[6, 10, 7, 9], [8, 13, 9, 14], [10, 21, 11, 22], [12, 16, 13, 15], [14, 7, 15, 8], [16, 23, 17, 24], [18, 2, 19, 1], [20, 4, 21, 3], [22, 11, 23, 12], [24, 5, 1, 6], [2, 20, 3, 19], [4, 18, 5, 17]]"
12a_0173_60,"[[5, 19, 6, 18], [7, 11, 8, 10], [9, 14, 10, 15], [11, 22, 12, 23], [13, 17, 14, 16], [15, 8, 16, 9], [17, 24, 18, 1], [19, 3, 20, 2], [21, 5, 22, 4], [23, 12, 24, 13], [1, 6, 2, 7], [3, 21, 4, 20]]"
12a_0173_61,"[[3, 21, 4, 20], [5, 19, 6, 18], [7, 11, 8, 10], [9, 14, 10, 15], [11, 22, 12, 23], [13, 17, 14, 16], [15, 8, 16, 9], [17, 24, 18, 1], [19, 3, 20, 2], [21, 5, 22, 4], [23, 12, 24, 13], [1, 6, 2, 7]]"
12a_0173_62,"[[1, 6, 2, 7], [3, 21, 4, 20], [5, 19, 6, 18], [7, 11, 8, 10], [9, 14, 10, 15], [11, 22, 12, 23], [13, 17, 14, 16], [15, 8, 16, 9], [17, 24, 18, 1], [19, 3, 20, 2], [21, 5, 22, 4], [23, 12, 24, 13]]"
12a_0173_63,"[[23, 12, 24, 13], [1, 6, 2, 7], [3, 21, 4, 20], [5, 19, 6, 18], [7, 11, 8, 10], [9, 14, 10, 15], [11, 22, 12, 23], [13, 17, 14, 16], [15, 8, 16, 9], [17, 24, 18, 1], [19, 3, 20, 2], [21, 5, 22, 4]]"
12a_0173_64,"[[21, 5, 22, 4], [23, 12, 24, 13], [1, 6, 2, 7], [3, 21, 4, 20], [5, 19, 6, 18], [7, 11, 8, 10], [9, 14, 10, 15], [11, 22, 12, 23], [13, 17, 14, 16], [15, 8, 16, 9], [17, 24, 18, 1], [19, 3, 20, 2]]"
12a_0173_65,"[[19, 3, 20, 2], [21, 5, 22, 4], [23, 12, 24, 13], [1, 6, 2, 7], [3, 21, 4, 20], [5, 19, 6, 18], [7, 11, 8, 10], [9, 14, 10, 15], [11, 22, 12, 23], [13, 17, 14, 16], [15, 8, 16, 9], [17, 24, 18, 1]]"
12a_0173_66,"[[17, 24, 18, 1], [19, 3, 20, 2], [21, 5, 22, 4], [23, 12, 24, 13], [1, 6, 2, 7], [3, 21, 4, 20], [5, 19, 6, 18], [7, 11, 8, 10], [9, 14, 10, 15], [11, 22, 12, 23], [13, 17, 14, 16], [15, 8, 16, 9]]"
12a_0173_67,"[[15, 8, 16, 9], [17, 24, 18, 1], [19, 3, 20, 2], [21, 5, 22, 4], [23, 12, 24, 13], [1, 6, 2, 7], [3, 21, 4, 20], [5, 19, 6, 18], [7, 11, 8, 10], [9, 14, 10, 15], [11, 22, 12, 23], [13, 17, 14, 16]]"
12a_0173_68,"[[13, 17, 14, 16], [15, 8, 16, 9], [17, 24, 18, 1], [19, 3, 20, 2], [21, 5, 22, 4], [23, 12, 24, 13], [1, 6, 2, 7], [3, 21, 4, 20], [5, 19, 6, 18], [7, 11, 8, 10], [9, 14, 10, 15], [11, 22, 12, 23]]"
12a_0173_69,"[[11, 22, 12, 23], [13, 17, 14, 16], [15, 8, 16, 9], [17, 24, 18, 1], [19, 3, 20, 2], [21, 5, 22, 4], [23, 12, 24, 13], [1, 6, 2, 7], [3, 21, 4, 20], [5, 19, 6, 18], [7, 11, 8, 10], [9, 14, 10, 15]]"
12a_0173_70,"[[9, 14, 10, 15], [11, 22, 12, 23], [13, 17, 14, 16], [15, 8, 16, 9], [17, 24, 18, 1], [19, 3, 20, 2], [21, 5, 22, 4], [23, 12, 24, 13], [1, 6, 2, 7], [3, 21, 4, 20], [5, 19, 6, 18], [7, 11, 8, 10]]"
12a_0173_71,"[[7, 11, 8, 10], [9, 14, 10, 15], [11, 22, 12, 23], [13, 17, 14, 16], [15, 8, 16, 9], [17, 24, 18, 1], [19, 3, 20, 2], [21, 5, 22, 4], [23, 12, 24, 13], [1, 6, 2, 7], [3, 21, 4, 20], [5, 19, 6, 18]]"
12a_0173_72,"[[6, 20, 7, 19], [8, 12, 9, 11], [10, 15, 11, 16], [12, 23, 13, 24], [14, 18, 15, 17], [16, 9, 17, 10], [18, 1, 19, 2], [20, 4, 21, 3], [22, 6, 23, 5], [24, 13, 1, 14], [2, 7, 3, 8], [4, 22, 5, 21]]"
12a_0173_73,"[[4, 22, 5, 21], [6, 20, 7, 19], [8, 12, 9, 11], [10, 15, 11, 16], [12, 23, 13, 24], [14, 18, 15, 17], [16, 9, 17, 10], [18, 1, 19, 2], [20, 4, 21, 3], [22, 6, 23, 5], [24, 13, 1, 14], [2, 7, 3, 8]]"
12a_0173_74,"[[2, 7, 3, 8], [4, 22, 5, 21], [6, 20, 7, 19], [8, 12, 9, 11], [10, 15, 11, 16], [12, 23, 13, 24], [14, 18, 15, 17], [16, 9, 17, 10], [18, 1, 19, 2], [20, 4, 21, 3], [22, 6, 23, 5], [24, 13, 1, 14]]"
12a_0173_75,"[[24, 13, 1, 14], [2, 7, 3, 8], [4, 22, 5, 21], [6, 20, 7, 19], [8, 12, 9, 11], [10, 15, 11, 16], [12, 23, 13, 24], [14, 18, 15, 17], [16, 9, 17, 10], [18, 1, 19, 2], [20, 4, 21, 3], [22, 6, 23, 5]]"
12a_0173_76,"[[22, 6, 23, 5], [24, 13, 1, 14], [2, 7, 3, 8], [4, 22, 5, 21], [6, 20, 7, 19], [8, 12, 9, 11], [10, 15, 11, 16], [12, 23, 13, 24], [14, 18, 15, 17], [16, 9, 17, 10], [18, 1, 19, 2], [20, 4, 21, 3]]"
12a_0173_77,"[[20, 4, 21, 3], [22, 6, 23, 5], [24, 13, 1, 14], [2, 7, 3, 8], [4, 22, 5, 21], [6, 20, 7, 19], [8, 12, 9, 11], [10, 15, 11, 16], [12, 23, 13, 24], [14, 18, 15, 17], [16, 9, 17, 10], [18, 1, 19, 2]]"
12a_0173_78,"[[18, 1, 19, 2], [20, 4, 21, 3], [22, 6, 23, 5], [24, 13, 1, 14], [2, 7, 3, 8], [4, 22, 5, 21], [6, 20, 7, 19], [8, 12, 9, 11], [10, 15, 11, 16], [12, 23, 13, 24], [14, 18, 15, 17], [16, 9, 17, 10]]"
12a_0173_79,"[[16, 9, 17, 10], [18, 1, 19, 2], [20, 4, 21, 3], [22, 6, 23, 5], [24, 13, 1, 14], [2, 7, 3, 8], [4, 22, 5, 21], [6, 20, 7, 19], [8, 12, 9, 11], [10, 15, 11, 16], [12, 23, 13, 24], [14, 18, 15, 17]]"
12a_0173_80,"[[14, 18, 15, 17], [16, 9, 17, 10], [18, 1, 19, 2], [20, 4, 21, 3], [22, 6, 23, 5], [24, 13, 1, 14], [2, 7, 3, 8], [4, 22, 5, 21], [6, 20, 7, 19], [8, 12, 9, 11], [10, 15, 11, 16], [12, 23, 13, 24]]"
12a_0173_81,"[[12, 23, 13, 24], [14, 18, 15, 17], [16, 9, 17, 10], [18, 1, 19, 2], [20, 4, 21, 3], [22, 6, 23, 5], [24, 13, 1, 14], [2, 7, 3, 8], [4, 22, 5, 21], [6, 20, 7, 19], [8, 12, 9, 11], [10, 15, 11, 16]]"
12a_0173_82,"[[10, 15, 11, 16], [12, 23, 13, 24], [14, 18, 15, 17], [16, 9, 17, 10], [18, 1, 19, 2], [20, 4, 21, 3], [22, 6, 23, 5], [24, 13, 1, 14], [2, 7, 3, 8], [4, 22, 5, 21], [6, 20, 7, 19], [8, 12, 9, 11]]"
12a_0173_83,"[[8, 12, 9, 11], [10, 15, 11, 16], [12, 23, 13, 24], [14, 18, 15, 17], [16, 9, 17, 10], [18, 1, 19, 2], [20, 4, 21, 3], [22, 6, 23, 5], [24, 13, 1, 14], [2, 7, 3, 8], [4, 22, 5, 21], [6, 20, 7, 19]]"
12a_0173_84,"[[7, 21, 8, 20], [9, 13, 10, 12], [11, 16, 12, 17], [13, 24, 14, 1], [15, 19, 16, 18], [17, 10, 18, 11], [19, 2, 20, 3], [21, 5, 22, 4], [23, 7, 24, 6], [1, 14, 2, 15], [3, 8, 4, 9], [5, 23, 6, 22]]"
12a_0173_85,"[[5, 23, 6, 22], [7, 21, 8, 20], [9, 13, 10, 12], [11, 16, 12, 17], [13, 24, 14, 1], [15, 19, 16, 18], [17, 10, 18, 11], [19, 2, 20, 3], [21, 5, 22, 4], [23, 7, 24, 6], [1, 14, 2, 15], [3, 8, 4, 9]]"
12a_0173_86,"[[3, 8, 4, 9], [5, 23, 6, 22], [7, 21, 8, 20], [9, 13, 10, 12], [11, 16, 12, 17], [13, 24, 14, 1], [15, 19, 16, 18], [17, 10, 18, 11], [19, 2, 20, 3], [21, 5, 22, 4], [23, 7, 24, 6], [1, 14, 2, 15]]"
12a_0173_87,"[[1, 14, 2, 15], [3, 8, 4, 9], [5, 23, 6, 22], [7, 21, 8, 20], [9, 13, 10, 12], [11, 16, 12, 17], [13, 24, 14, 1], [15, 19, 16, 18], [17, 10, 18, 11], [19, 2, 20, 3], [21, 5, 22, 4], [23, 7, 24, 6]]"
12a_0173_88,"[[23, 7, 24, 6], [1, 14, 2, 15], [3, 8, 4, 9], [5, 23, 6, 22], [7, 21, 8, 20], [9, 13, 10, 12], [11, 16, 12, 17], [13, 24, 14, 1], [15, 19, 16, 18], [17, 10, 18, 11], [19, 2, 20, 3], [21, 5, 22, 4]]"
12a_0173_89,"[[21, 5, 22, 4], [23, 7, 24, 6], [1, 14, 2, 15], [3, 8, 4, 9], [5, 23, 6, 22], [7, 21, 8, 20], [9, 13, 10, 12], [11, 16, 12, 17], [13, 24, 14, 1], [15, 19, 16, 18], [17, 10, 18, 11], [19, 2, 20, 3]]"
12a_0173_90,"[[19, 2, 20, 3], [21, 5, 22, 4], [23, 7, 24, 6], [1, 14, 2, 15], [3, 8, 4, 9], [5, 23, 6, 22], [7, 21, 8, 20], [9, 13, 10, 12], [11, 16, 12, 17], [13, 24, 14, 1], [15, 19, 16, 18], [17, 10, 18, 11]]"
12a_0173_91,"[[17, 10, 18, 11], [19, 2, 20, 3], [21, 5, 22, 4], [23, 7, 24, 6], [1, 14, 2, 15], [3, 8, 4, 9], [5, 23, 6, 22], [7, 21, 8, 20], [9, 13, 10, 12], [11, 16, 12, 17], [13, 24, 14, 1], [15, 19, 16, 18]]"
12a_0173_92,"[[15, 19, 16, 18], [17, 10, 18, 11], [19, 2, 20, 3], [21, 5, 22, 4], [23, 7, 24, 6], [1, 14, 2, 15], [3, 8, 4, 9], [5, 23, 6, 22], [7, 21, 8, 20], [9, 13, 10, 12], [11, 16, 12, 17], [13, 24, 14, 1]]"
12a_0173_93,"[[13, 24, 14, 1], [15, 19, 16, 18], [17, 10, 18, 11], [19, 2, 20, 3], [21, 5, 22, 4], [23, 7, 24, 6], [1, 14, 2, 15], [3, 8, 4, 9], [5, 23, 6, 22], [7, 21, 8, 20], [9, 13, 10, 12], [11, 16, 12, 17]]"
12a_0173_94,"[[11, 16, 12, 17], [13, 24, 14, 1], [15, 19, 16, 18], [17, 10, 18, 11], [19, 2, 20, 3], [21, 5, 22, 4], [23, 7, 24, 6], [1, 14, 2, 15], [3, 8, 4, 9], [5, 23, 6, 22], [7, 21, 8, 20], [9, 13, 10, 12]]"
12a_0173_95,"[[9, 13, 10, 12], [11, 16, 12, 17], [13, 24, 14, 1], [15, 19, 16, 18], [17, 10, 18, 11], [19, 2, 20, 3], [21, 5, 22, 4], [23, 7, 24, 6], [1, 14, 2, 15], [3, 8, 4, 9], [5, 23, 6, 22], [7, 21, 8, 20]]"
12a_0173_96,"[[8, 22, 9, 21], [10, 14, 11, 13], [12, 17, 13, 18], [14, 1, 15, 2], [16, 20, 17, 19], [18, 11, 19, 12], [20, 3, 21, 4], [22, 6, 23, 5], [24, 8, 1, 7], [2, 15, 3, 16], [4, 9, 5, 10], [6, 24, 7, 23]]"
12a_0173_97,"[[6, 24, 7, 23], [8, 22, 9, 21], [10, 14, 11, 13], [12, 17, 13, 18], [14, 1, 15, 2], [16, 20, 17, 19], [18, 11, 19, 12], [20, 3, 21, 4], [22, 6, 23, 5], [24, 8, 1, 7], [2, 15, 3, 16], [4, 9, 5, 10]]"
12a_0173_98,"[[4, 9, 5, 10], [6, 24, 7, 23], [8, 22, 9, 21], [10, 14, 11, 13], [12, 17, 13, 18], [14, 1, 15, 2], [16, 20, 17, 19], [18, 11, 19, 12], [20, 3, 21, 4], [22, 6, 23, 5], [24, 8, 1, 7], [2, 15, 3, 16]]"
12a_0173_99,"[[2, 15, 3, 16], [4, 9, 5, 10], [6, 24, 7, 23], [8, 22, 9, 21], [10, 14, 11, 13], [12, 17, 13, 18], [14, 1, 15, 2], [16, 20, 17, 19], [18, 11, 19, 12], [20, 3, 21, 4], [22, 6, 23, 5], [24, 8, 1, 7]]"
12a_0173_100,"[[24, 8, 1, 7], [2, 15, 3, 16], [4, 9, 5, 10], [6, 24, 7, 23], [8, 22, 9, 21], [10, 14, 11, 13], [12, 17, 13, 18], [14, 1, 15, 2], [16, 20, 17, 19], [18, 11, 19, 12], [20, 3, 21, 4], [22, 6, 23, 5]]"
12a_0173_101,"[[22, 6, 23, 5], [24, 8, 1, 7], [2, 15, 3, 16], [4, 9, 5, 10], [6, 24, 7, 23], [8, 22, 9, 21], [10, 14, 11, 13], [12, 17, 13, 18], [14, 1, 15, 2], [16, 20, 17, 19], [18, 11, 19, 12], [20, 3, 21, 4]]"
12a_0173_102,"[[20, 3, 21, 4], [22, 6, 23, 5], [24, 8, 1, 7], [2, 15, 3, 16], [4, 9, 5, 10], [6, 24, 7, 23], [8, 22, 9, 21], [10, 14, 11, 13], [12, 17, 13, 18], [14, 1, 15, 2], [16, 20, 17, 19], [18, 11, 19, 12]]"
12a_0173_103,"[[18, 11, 19, 12], [20, 3, 21, 4], [22, 6, 23, 5], [24, 8, 1, 7], [2, 15, 3, 16], [4, 9, 5, 10], [6, 24, 7, 23], [8, 22, 9, 21], [10, 14, 11, 13], [12, 17, 13, 18], [14, 1, 15, 2], [16, 20, 17, 19]]"
12a_0173_104,"[[16, 20, 17, 19], [18, 11, 19, 12], [20, 3, 21, 4], [22, 6, 23, 5], [24, 8, 1, 7], [2, 15, 3, 16], [4, 9, 5, 10], [6, 24, 7, 23], [8, 22, 9, 21], [10, 14, 11, 13], [12, 17, 13, 18], [14, 1, 15, 2]]"
12a_0173_105,"[[14, 1, 15, 2], [16, 20, 17, 19], [18, 11, 19, 12], [20, 3, 21, 4], [22, 6, 23, 5], [24, 8, 1, 7], [2, 15, 3, 16], [4, 9, 5, 10], [6, 24, 7, 23], [8, 22, 9, 21], [10, 14, 11, 13], [12, 17, 13, 18]]"
12a_0173_106,"[[12, 17, 13, 18], [14, 1, 15, 2], [16, 20, 17, 19], [18, 11, 19, 12], [20, 3, 21, 4], [22, 6, 23, 5], [24, 8, 1, 7], [2, 15, 3, 16], [4, 9, 5, 10], [6, 24, 7, 23], [8, 22, 9, 21], [10, 14, 11, 13]]"
12a_0173_107,"[[10, 14, 11, 13], [12, 17, 13, 18], [14, 1, 15, 2], [16, 20, 17, 19], [18, 11, 19, 12], [20, 3, 21, 4], [22, 6, 23, 5], [24, 8, 1, 7], [2, 15, 3, 16], [4, 9, 5, 10], [6, 24, 7, 23], [8, 22, 9, 21]]"
12a_0173_108,"[[9, 23, 10, 22], [11, 15, 12, 14], [13, 18, 14, 19], [15, 2, 16, 3], [17, 21, 18, 20], [19, 12, 20, 13], [21, 4, 22, 5], [23, 7, 24, 6], [1, 9, 2, 8], [3, 16, 4, 17], [5, 10, 6, 11], [7, 1, 8, 24]]"
12a_0173_109,"[[7, 1, 8, 24], [9, 23, 10, 22], [11, 15, 12, 14], [13, 18, 14, 19], [15, 2, 16, 3], [17, 21, 18, 20], [19, 12, 20, 13], [21, 4, 22, 5], [23, 7, 24, 6], [1, 9, 2, 8], [3, 16, 4, 17], [5, 10, 6, 11]]"
12a_0173_110,"[[5, 10, 6, 11], [7, 1, 8, 24], [9, 23, 10, 22], [11, 15, 12, 14], [13, 18, 14, 19], [15, 2, 16, 3], [17, 21, 18, 20], [19, 12, 20, 13], [21, 4, 22, 5], [23, 7, 24, 6], [1, 9, 2, 8], [3, 16, 4, 17]]"
12a_0173_111,"[[3, 16, 4, 17], [5, 10, 6, 11], [7, 1, 8, 24], [9, 23, 10, 22], [11, 15, 12, 14], [13, 18, 14, 19], [15, 2, 16, 3], [17, 21, 18, 20], [19, 12, 20, 13], [21, 4, 22, 5], [23, 7, 24, 6], [1, 9, 2, 8]]"
12a_0173_112,"[[1, 9, 2, 8], [3, 16, 4, 17], [5, 10, 6, 11], [7, 1, 8, 24], [9, 23, 10, 22], [11, 15, 12, 14], [13, 18, 14, 19], [15, 2, 16, 3], [17, 21, 18, 20], [19, 12, 20, 13], [21, 4, 22, 5], [23, 7, 24, 6]]"
12a_0173_113,"[[23, 7, 24, 6], [1, 9, 2, 8], [3, 16, 4, 17], [5, 10, 6, 11], [7, 1, 8, 24], [9, 23, 10, 22], [11, 15, 12, 14], [13, 18, 14, 19], [15, 2, 16, 3], [17, 21, 18, 20], [19, 12, 20, 13], [21, 4, 22, 5]]"
12a_0173_114,"[[21, 4, 22, 5], [23, 7, 24, 6], [1, 9, 2, 8], [3, 16, 4, 17], [5, 10, 6, 11], [7, 1, 8, 24], [9, 23, 10, 22], [11, 15, 12, 14], [13, 18, 14, 19], [15, 2, 16, 3], [17, 21, 18, 20], [19, 12, 20, 13]]"
12a_0173_115,"[[19, 12, 20, 13], [21, 4, 22, 5], [23, 7, 24, 6], [1, 9, 2, 8], [3, 16, 4, 17], [5, 10, 6, 11], [7, 1, 8, 24], [9, 23, 10, 22], [11, 15, 12, 14], [13, 18, 14, 19], [15, 2, 16, 3], [17, 21, 18, 20]]"
12a_0173_116,"[[17, 21, 18, 20], [19, 12, 20, 13], [21, 4, 22, 5], [23, 7, 24, 6], [1, 9, 2, 8], [3, 16, 4, 17], [5, 10, 6, 11], [7, 1, 8, 24], [9, 23, 10, 22], [11, 15, 12, 14], [13, 18, 14, 19], [15, 2, 16, 3]]"
12a_0173_117,"[[15, 2, 16, 3], [17, 21, 18, 20], [19, 12, 20, 13], [21, 4, 22, 5], [23, 7, 24, 6], [1, 9, 2, 8], [3, 16, 4, 17], [5, 10, 6, 11], [7, 1, 8, 24], [9, 23, 10, 22], [11, 15, 12, 14], [13, 18, 14, 19]]"
12a_0173_118,"[[13, 18, 14, 19], [15, 2, 16, 3], [17, 21, 18, 20], [19, 12, 20, 13], [21, 4, 22, 5], [23, 7, 24, 6], [1, 9, 2, 8], [3, 16, 4, 17], [5, 10, 6, 11], [7, 1, 8, 24], [9, 23, 10, 22], [11, 15, 12, 14]]"
12a_0173_119,"[[11, 15, 12, 14], [13, 18, 14, 19], [15, 2, 16, 3], [17, 21, 18, 20], [19, 12, 20, 13], [21, 4, 22, 5], [23, 7, 24, 6], [1, 9, 2, 8], [3, 16, 4, 17], [5, 10, 6, 11], [7, 1, 8, 24], [9, 23, 10, 22]]"
12a_0173_120,"[[10, 24, 11, 23], [12, 16, 13, 15], [14, 19, 15, 20], [16, 3, 17, 4], [18, 22, 19, 21], [20, 13, 21, 14], [22, 5, 23, 6], [24, 8, 1, 7], [2, 10, 3, 9], [4, 17, 5, 18], [6, 11, 7, 12], [8, 2, 9, 1]]"
12a_0173_121,"[[8, 2, 9, 1], [10, 24, 11, 23], [12, 16, 13, 15], [14, 19, 15, 20], [16, 3, 17, 4], [18, 22, 19, 21], [20, 13, 21, 14], [22, 5, 23, 6], [24, 8, 1, 7], [2, 10, 3, 9], [4, 17, 5, 18], [6, 11, 7, 12]]"
12a_0173_122,"[[6, 11, 7, 12], [8, 2, 9, 1], [10, 24, 11, 23], [12, 16, 13, 15], [14, 19, 15, 20], [16, 3, 17, 4], [18, 22, 19, 21], [20, 13, 21, 14], [22, 5, 23, 6], [24, 8, 1, 7], [2, 10, 3, 9], [4, 17, 5, 18]]"
12a_0173_123,"[[4, 17, 5, 18], [6, 11, 7, 12], [8, 2, 9, 1], [10, 24, 11, 23], [12, 16, 13, 15], [14, 19, 15, 20], [16, 3, 17, 4], [18, 22, 19, 21], [20, 13, 21, 14], [22, 5, 23, 6], [24, 8, 1, 7], [2, 10, 3, 9]]"
12a_0173_124,"[[2, 10, 3, 9], [4, 17, 5, 18], [6, 11, 7, 12], [8, 2, 9, 1], [10, 24, 11, 23], [12, 16, 13, 15], [14, 19, 15, 20], [16, 3, 17, 4], [18, 22, 19, 21], [20, 13, 21, 14], [22, 5, 23, 6], [24, 8, 1, 7]]"
12a_0173_125,"[[24, 8, 1, 7], [2, 10, 3, 9], [4, 17, 5, 18], [6, 11, 7, 12], [8, 2, 9, 1], [10, 24, 11, 23], [12, 16, 13, 15], [14, 19, 15, 20], [16, 3, 17, 4], [18, 22, 19, 21], [20, 13, 21, 14], [22, 5, 23, 6]]"
12a_0173_126,"[[22, 5, 23, 6], [24, 8, 1, 7], [2, 10, 3, 9], [4, 17, 5, 18], [6, 11, 7, 12], [8, 2, 9, 1], [10, 24, 11, 23], [12, 16, 13, 15], [14, 19, 15, 20], [16, 3, 17, 4], [18, 22, 19, 21], [20, 13, 21, 14]]"
12a_0173_127,"[[20, 13, 21, 14], [22, 5, 23, 6], [24, 8, 1, 7], [2, 10, 3, 9], [4, 17, 5, 18], [6, 11, 7, 12], [8, 2, 9, 1], [10, 24, 11, 23], [12, 16, 13, 15], [14, 19, 15, 20], [16, 3, 17, 4], [18, 22, 19, 21]]"
12a_0173_128,"[[18, 22, 19, 21], [20, 13, 21, 14], [22, 5, 23, 6], [24, 8, 1, 7], [2, 10, 3, 9], [4, 17, 5, 18], [6, 11, 7, 12], [8, 2, 9, 1], [10, 24, 11, 23], [12, 16, 13, 15], [14, 19, 15, 20], [16, 3, 17, 4]]"
12a_0173_129,"[[16, 3, 17, 4], [18, 22, 19, 21], [20, 13, 21, 14], [22, 5, 23, 6], [24, 8, 1, 7], [2, 10, 3, 9], [4, 17, 5, 18], [6, 11, 7, 12], [8, 2, 9, 1], [10, 24, 11, 23], [12, 16, 13, 15], [14, 19, 15, 20]]"
12a_0173_130,"[[14, 19, 15, 20], [16, 3, 17, 4], [18, 22, 19, 21], [20, 13, 21, 14], [22, 5, 23, 6], [24, 8, 1, 7], [2, 10, 3, 9], [4, 17, 5, 18], [6, 11, 7, 12], [8, 2, 9, 1], [10, 24, 11, 23], [12, 16, 13, 15]]"
12a_0173_131,"[[12, 16, 13, 15], [14, 19, 15, 20], [16, 3, 17, 4], [18, 22, 19, 21], [20, 13, 21, 14], [22, 5, 23, 6], [24, 8, 1, 7], [2, 10, 3, 9], [4, 17, 5, 18], [6, 11, 7, 12], [8, 2, 9, 1], [10, 24, 11, 23]]"
12a_0173_132,"[[11, 1, 12, 24], [13, 17, 14, 16], [15, 20, 16, 21], [17, 4, 18, 5], [19, 23, 20, 22], [21, 14, 22, 15], [23, 6, 24, 7], [1, 9, 2, 8], [3, 11, 4, 10], [5, 18, 6, 19], [7, 12, 8, 13], [9, 3, 10, 2]]"
12a_0173_133,"[[9, 3, 10, 2], [11, 1, 12, 24], [13, 17, 14, 16], [15, 20, 16, 21], [17, 4, 18, 5], [19, 23, 20, 22], [21, 14, 22, 15], [23, 6, 24, 7], [1, 9, 2, 8], [3, 11, 4, 10], [5, 18, 6, 19], [7, 12, 8, 13]]"
12a_0173_134,"[[7, 12, 8, 13], [9, 3, 10, 2], [11, 1, 12, 24], [13, 17, 14, 16], [15, 20, 16, 21], [17, 4, 18, 5], [19, 23, 20, 22], [21, 14, 22, 15], [23, 6, 24, 7], [1, 9, 2, 8], [3, 11, 4, 10], [5, 18, 6, 19]]"
12a_0173_135,"[[5, 18, 6, 19], [7, 12, 8, 13], [9, 3, 10, 2], [11, 1, 12, 24], [13, 17, 14, 16], [15, 20, 16, 21], [17, 4, 18, 5], [19, 23, 20, 22], [21, 14, 22, 15], [23, 6, 24, 7], [1, 9, 2, 8], [3, 11, 4, 10]]"
12a_0173_136,"[[3, 11, 4, 10], [5, 18, 6, 19], [7, 12, 8, 13], [9, 3, 10, 2], [11, 1, 12, 24], [13, 17, 14, 16], [15, 20, 16, 21], [17, 4, 18, 5], [19, 23, 20, 22], [21, 14, 22, 15], [23, 6, 24, 7], [1, 9, 2, 8]]"
12a_0173_137,"[[1, 9, 2, 8], [3, 11, 4, 10], [5, 18, 6, 19], [7, 12, 8, 13], [9, 3, 10, 2], [11, 1, 12, 24], [13, 17, 14, 16], [15, 20, 16, 21], [17, 4, 18, 5], [19, 23, 20, 22], [21, 14, 22, 15], [23, 6, 24, 7]]"
12a_0173_138,"[[23, 6, 24, 7], [1, 9, 2, 8], [3, 11, 4, 10], [5, 18, 6, 19], [7, 12, 8, 13], [9, 3, 10, 2], [11, 1, 12, 24], [13, 17, 14, 16], [15, 20, 16, 21], [17, 4, 18, 5], [19, 23, 20, 22], [21, 14, 22, 15]]"
12a_0173_139,"[[21, 14, 22, 15], [23, 6, 24, 7], [1, 9, 2, 8], [3, 11, 4, 10], [5, 18, 6, 19], [7, 12, 8, 13], [9, 3, 10, 2], [11, 1, 12, 24], [13, 17, 14, 16], [15, 20, 16, 21], [17, 4, 18, 5], [19, 23, 20, 22]]"
12a_0173_140,"[[19, 23, 20, 22], [21, 14, 22, 15], [23, 6, 24, 7], [1, 9, 2, 8], [3, 11, 4, 10], [5, 18, 6, 19], [7, 12, 8, 13], [9, 3, 10, 2], [11, 1, 12, 24], [13, 17, 14, 16], [15, 20, 16, 21], [17, 4, 18, 5]]"
12a_0173_141,"[[17, 4, 18, 5], [19, 23, 20, 22], [21, 14, 22, 15], [23, 6, 24, 7], [1, 9, 2, 8], [3, 11, 4, 10], [5, 18, 6, 19], [7, 12, 8, 13], [9, 3, 10, 2], [11, 1, 12, 24], [13, 17, 14, 16], [15, 20, 16, 21]]"
12a_0173_142,"[[15, 20, 16, 21], [17, 4, 18, 5], [19, 23, 20, 22], [21, 14, 22, 15], [23, 6, 24, 7], [1, 9, 2, 8], [3, 11, 4, 10], [5, 18, 6, 19], [7, 12, 8, 13], [9, 3, 10, 2], [11, 1, 12, 24], [13, 17, 14, 16]]"
12a_0173_143,"[[13, 17, 14, 16], [15, 20, 16, 21], [17, 4, 18, 5], [19, 23, 20, 22], [21, 14, 22, 15], [23, 6, 24, 7], [1, 9, 2, 8], [3, 11, 4, 10], [5, 18, 6, 19], [7, 12, 8, 13], [9, 3, 10, 2], [11, 1, 12, 24]]"
12a_0173_144,"[[12, 2, 13, 1], [14, 18, 15, 17], [16, 21, 17, 22], [18, 5, 19, 6], [20, 24, 21, 23], [22, 15, 23, 16], [24, 7, 1, 8], [2, 10, 3, 9], [4, 12, 5, 11], [6, 19, 7, 20], [8, 13, 9, 14], [10, 4, 11, 3]]"
12a_0173_145,"[[10, 4, 11, 3], [12, 2, 13, 1], [14, 18, 15, 17], [16, 21, 17, 22], [18, 5, 19, 6], [20, 24, 21, 23], [22, 15, 23, 16], [24, 7, 1, 8], [2, 10, 3, 9], [4, 12, 5, 11], [6, 19, 7, 20], [8, 13, 9, 14]]"
12a_0173_146,"[[8, 13, 9, 14], [10, 4, 11, 3], [12, 2, 13, 1], [14, 18, 15, 17], [16, 21, 17, 22], [18, 5, 19, 6], [20, 24, 21, 23], [22, 15, 23, 16], [24, 7, 1, 8], [2, 10, 3, 9], [4, 12, 5, 11], [6, 19, 7, 20]]"
12a_0173_147,"[[6, 19, 7, 20], [8, 13, 9, 14], [10, 4, 11, 3], [12, 2, 13, 1], [14, 18, 15, 17], [16, 21, 17, 22], [18, 5, 19, 6], [20, 24, 21, 23], [22, 15, 23, 16], [24, 7, 1, 8], [2, 10, 3, 9], [4, 12, 5, 11]]"
12a_0173_148,"[[4, 12, 5, 11], [6, 19, 7, 20], [8, 13, 9, 14], [10, 4, 11, 3], [12, 2, 13, 1], [14, 18, 15, 17], [16, 21, 17, 22], [18, 5, 19, 6], [20, 24, 21, 23], [22, 15, 23, 16], [24, 7, 1, 8], [2, 10, 3, 9]]"
12a_0173_149,"[[2, 10, 3, 9], [4, 12, 5, 11], [6, 19, 7, 20], [8, 13, 9, 14], [10, 4, 11, 3], [12, 2, 13, 1], [14, 18, 15, 17], [16, 21, 17, 22], [18, 5, 19, 6], [20, 24, 21, 23], [22, 15, 23, 16], [24, 7, 1, 8]]"
12a_0173_150,"[[24, 7, 1, 8], [2, 10, 3, 9], [4, 12, 5, 11], [6, 19, 7, 20], [8, 13, 9, 14], [10, 4, 11, 3], [12, 2, 13, 1], [14, 18, 15, 17], [16, 21, 17, 22], [18, 5, 19, 6], [20, 24, 21, 23], [22, 15, 23, 16]]"
12a_0173_151,"[[22, 15, 23, 16], [24, 7, 1, 8], [2, 10, 3, 9], [4, 12, 5, 11], [6, 19, 7, 20], [8, 13, 9, 14], [10, 4, 11, 3], [12, 2, 13, 1], [14, 18, 15, 17], [16, 21, 17, 22], [18, 5, 19, 6], [20, 24, 21, 23]]"
12a_0173_152,"[[20, 24, 21, 23], [22, 15, 23, 16], [24, 7, 1, 8], [2, 10, 3, 9], [4, 12, 5, 11], [6, 19, 7, 20], [8, 13, 9, 14], [10, 4, 11, 3], [12, 2, 13, 1], [14, 18, 15, 17], [16, 21, 17, 22], [18, 5, 19, 6]]"
12a_0173_153,"[[18, 5, 19, 6], [20, 24, 21, 23], [22, 15, 23, 16], [24, 7, 1, 8], [2, 10, 3, 9], [4, 12, 5, 11], [6, 19, 7, 20], [8, 13, 9, 14], [10, 4, 11, 3], [12, 2, 13, 1], [14, 18, 15, 17], [16, 21, 17, 22]]"
12a_0173_154,"[[16, 21, 17, 22], [18, 5, 19, 6], [20, 24, 21, 23], [22, 15, 23, 16], [24, 7, 1, 8], [2, 10, 3, 9], [4, 12, 5, 11], [6, 19, 7, 20], [8, 13, 9, 14], [10, 4, 11, 3], [12, 2, 13, 1], [14, 18, 15, 17]]"
12a_0173_155,"[[14, 18, 15, 17], [16, 21, 17, 22], [18, 5, 19, 6], [20, 24, 21, 23], [22, 15, 23, 16], [24, 7, 1, 8], [2, 10, 3, 9], [4, 12, 5, 11], [6, 19, 7, 20], [8, 13, 9, 14], [10, 4, 11, 3], [12, 2, 13, 1]]"
12a_0173_156,"[[13, 3, 14, 2], [15, 19, 16, 18], [17, 22, 18, 23], [19, 6, 20, 7], [21, 1, 22, 24], [23, 16, 24, 17], [1, 8, 2, 9], [3, 11, 4, 10], [5, 13, 6, 12], [7, 20, 8, 21], [9, 14, 10, 15], [11, 5, 12, 4]]"
12a_0173_157,"[[11, 5, 12, 4], [13, 3, 14, 2], [15, 19, 16, 18], [17, 22, 18, 23], [19, 6, 20, 7], [21, 1, 22, 24], [23, 16, 24, 17], [1, 8, 2, 9], [3, 11, 4, 10], [5, 13, 6, 12], [7, 20, 8, 21], [9, 14, 10, 15]]"
12a_0173_158,"[[9, 14, 10, 15], [11, 5, 12, 4], [13, 3, 14, 2], [15, 19, 16, 18], [17, 22, 18, 23], [19, 6, 20, 7], [21, 1, 22, 24], [23, 16, 24, 17], [1, 8, 2, 9], [3, 11, 4, 10], [5, 13, 6, 12], [7, 20, 8, 21]]"
12a_0173_159,"[[7, 20, 8, 21], [9, 14, 10, 15], [11, 5, 12, 4], [13, 3, 14, 2], [15, 19, 16, 18], [17, 22, 18, 23], [19, 6, 20, 7], [21, 1, 22, 24], [23, 16, 24, 17], [1, 8, 2, 9], [3, 11, 4, 10], [5, 13, 6, 12]]"
12a_0173_160,"[[5, 13, 6, 12], [7, 20, 8, 21], [9, 14, 10, 15], [11, 5, 12, 4], [13, 3, 14, 2], [15, 19, 16, 18], [17, 22, 18, 23], [19, 6, 20, 7], [21, 1, 22, 24], [23, 16, 24, 17], [1, 8, 2, 9], [3, 11, 4, 10]]"
12a_0173_161,"[[3, 11, 4, 10], [5, 13, 6, 12], [7, 20, 8, 21], [9, 14, 10, 15], [11, 5, 12, 4], [13, 3, 14, 2], [15, 19, 16, 18], [17, 22, 18, 23], [19, 6, 20, 7], [21, 1, 22, 24], [23, 16, 24, 17], [1, 8, 2, 9]]"
12a_0173_162,"[[1, 8, 2, 9], [3, 11, 4, 10], [5, 13, 6, 12], [7, 20, 8, 21], [9, 14, 10, 15], [11, 5, 12, 4], [13, 3, 14, 2], [15, 19, 16, 18], [17, 22, 18, 23], [19, 6, 20, 7], [21, 1, 22, 24], [23, 16, 24, 17]]"
12a_0173_163,"[[23, 16, 24, 17], [1, 8, 2, 9], [3, 11, 4, 10], [5, 13, 6, 12], [7, 20, 8, 21], [9, 14, 10, 15], [11, 5, 12, 4], [13, 3, 14, 2], [15, 19, 16, 18], [17, 22, 18, 23], [19, 6, 20, 7], [21, 1, 22, 24]]"
12a_0173_164,"[[21, 1, 22, 24], [23, 16, 24, 17], [1, 8, 2, 9], [3, 11, 4, 10], [5, 13, 6, 12], [7, 20, 8, 21], [9, 14, 10, 15], [11, 5, 12, 4], [13, 3, 14, 2], [15, 19, 16, 18], [17, 22, 18, 23], [19, 6, 20, 7]]"
12a_0173_165,"[[19, 6, 20, 7], [21, 1, 22, 24], [23, 16, 24, 17], [1, 8, 2, 9], [3, 11, 4, 10], [5, 13, 6, 12], [7, 20, 8, 21], [9, 14, 10, 15], [11, 5, 12, 4], [13, 3, 14, 2], [15, 19, 16, 18], [17, 22, 18, 23]]"
12a_0173_166,"[[17, 22, 18, 23], [19, 6, 20, 7], [21, 1, 22, 24], [23, 16, 24, 17], [1, 8, 2, 9], [3, 11, 4, 10], [5, 13, 6, 12], [7, 20, 8, 21], [9, 14, 10, 15], [11, 5, 12, 4], [13, 3, 14, 2], [15, 19, 16, 18]]"
12a_0173_167,"[[15, 19, 16, 18], [17, 22, 18, 23], [19, 6, 20, 7], [21, 1, 22, 24], [23, 16, 24, 17], [1, 8, 2, 9], [3, 11, 4, 10], [5, 13, 6, 12], [7, 20, 8, 21], [9, 14, 10, 15], [11, 5, 12, 4], [13, 3, 14, 2]]"
12a_0173_168,"[[14, 4, 15, 3], [16, 20, 17, 19], [18, 23, 19, 24], [20, 7, 21, 8], [22, 2, 23, 1], [24, 17, 1, 18], [2, 9, 3, 10], [4, 12, 5, 11], [6, 14, 7, 13], [8, 21, 9, 22], [10, 15, 11, 16], [12, 6, 13, 5]]"
12a_0173_169,"[[12, 6, 13, 5], [14, 4, 15, 3], [16, 20, 17, 19], [18, 23, 19, 24], [20, 7, 21, 8], [22, 2, 23, 1], [24, 17, 1, 18], [2, 9, 3, 10], [4, 12, 5, 11], [6, 14, 7, 13], [8, 21, 9, 22], [10, 15, 11, 16]]"
12a_0173_170,"[[10, 15, 11, 16], [12, 6, 13, 5], [14, 4, 15, 3], [16, 20, 17, 19], [18, 23, 19, 24], [20, 7, 21, 8], [22, 2, 23, 1], [24, 17, 1, 18], [2, 9, 3, 10], [4, 12, 5, 11], [6, 14, 7, 13], [8, 21, 9, 22]]"
12a_0173_171,"[[8, 21, 9, 22], [10, 15, 11, 16], [12, 6, 13, 5], [14, 4, 15, 3], [16, 20, 17, 19], [18, 23, 19, 24], [20, 7, 21, 8], [22, 2, 23, 1], [24, 17, 1, 18], [2, 9, 3, 10], [4, 12, 5, 11], [6, 14, 7, 13]]"
12a_0173_172,"[[6, 14, 7, 13], [8, 21, 9, 22], [10, 15, 11, 16], [12, 6, 13, 5], [14, 4, 15, 3], [16, 20, 17, 19], [18, 23, 19, 24], [20, 7, 21, 8], [22, 2, 23, 1], [24, 17, 1, 18], [2, 9, 3, 10], [4, 12, 5, 11]]"
12a_0173_173,"[[4, 12, 5, 11], [6, 14, 7, 13], [8, 21, 9, 22], [10, 15, 11, 16], [12, 6, 13, 5], [14, 4, 15, 3], [16, 20, 17, 19], [18, 23, 19, 24], [20, 7, 21, 8], [22, 2, 23, 1], [24, 17, 1, 18], [2, 9, 3, 10]]"
12a_0173_174,"[[2, 9, 3, 10], [4, 12, 5, 11], [6, 14, 7, 13], [8, 21, 9, 22], [10, 15, 11, 16], [12, 6, 13, 5], [14, 4, 15, 3], [16, 20, 17, 19], [18, 23, 19, 24], [20, 7, 21, 8], [22, 2, 23, 1], [24, 17, 1, 18]]"
12a_0173_175,"[[24, 17, 1, 18], [2, 9, 3, 10], [4, 12, 5, 11], [6, 14, 7, 13], [8, 21, 9, 22], [10, 15, 11, 16], [12, 6, 13, 5], [14, 4, 15, 3], [16, 20, 17, 19], [18, 23, 19, 24], [20, 7, 21, 8], [22, 2, 23, 1]]"
12a_0173_176,"[[22, 2, 23, 1], [24, 17, 1, 18], [2, 9, 3, 10], [4, 12, 5, 11], [6, 14, 7, 13], [8, 21, 9, 22], [10, 15, 11, 16], [12, 6, 13, 5], [14, 4, 15, 3], [16, 20, 17, 19], [18, 23, 19, 24], [20, 7, 21, 8]]"
12a_0173_177,"[[20, 7, 21, 8], [22, 2, 23, 1], [24, 17, 1, 18], [2, 9, 3, 10], [4, 12, 5, 11], [6, 14, 7, 13], [8, 21, 9, 22], [10, 15, 11, 16], [12, 6, 13, 5], [14, 4, 15, 3], [16, 20, 17, 19], [18, 23, 19, 24]]"
12a_0173_178,"[[18, 23, 19, 24], [20, 7, 21, 8], [22, 2, 23, 1], [24, 17, 1, 18], [2, 9, 3, 10], [4, 12, 5, 11], [6, 14, 7, 13], [8, 21, 9, 22], [10, 15, 11, 16], [12, 6, 13, 5], [14, 4, 15, 3], [16, 20, 17, 19]]"
12a_0173_179,"[[16, 20, 17, 19], [18, 23, 19, 24], [20, 7, 21, 8], [22, 2, 23, 1], [24, 17, 1, 18], [2, 9, 3, 10], [4, 12, 5, 11], [6, 14, 7, 13], [8, 21, 9, 22], [10, 15, 11, 16], [12, 6, 13, 5], [14, 4, 15, 3]]"
12a_0173_180,"[[15, 5, 16, 4], [17, 21, 18, 20], [19, 24, 20, 1], [21, 8, 22, 9], [23, 3, 24, 2], [1, 18, 2, 19], [3, 10, 4, 11], [5, 13, 6, 12], [7, 15, 8, 14], [9, 22, 10, 23], [11, 16, 12, 17], [13, 7, 14, 6]]"
12a_0173_181,"[[13, 7, 14, 6], [15, 5, 16, 4], [17, 21, 18, 20], [19, 24, 20, 1], [21, 8, 22, 9], [23, 3, 24, 2], [1, 18, 2, 19], [3, 10, 4, 11], [5, 13, 6, 12], [7, 15, 8, 14], [9, 22, 10, 23], [11, 16, 12, 17]]"
12a_0173_182,"[[11, 16, 12, 17], [13, 7, 14, 6], [15, 5, 16, 4], [17, 21, 18, 20], [19, 24, 20, 1], [21, 8, 22, 9], [23, 3, 24, 2], [1, 18, 2, 19], [3, 10, 4, 11], [5, 13, 6, 12], [7, 15, 8, 14], [9, 22, 10, 23]]"
12a_0173_183,"[[9, 22, 10, 23], [11, 16, 12, 17], [13, 7, 14, 6], [15, 5, 16, 4], [17, 21, 18, 20], [19, 24, 20, 1], [21, 8, 22, 9], [23, 3, 24, 2], [1, 18, 2, 19], [3, 10, 4, 11], [5, 13, 6, 12], [7, 15, 8, 14]]"
12a_0173_184,"[[7, 15, 8, 14], [9, 22, 10, 23], [11, 16, 12, 17], [13, 7, 14, 6], [15, 5, 16, 4], [17, 21, 18, 20], [19, 24, 20, 1], [21, 8, 22, 9], [23, 3, 24, 2], [1, 18, 2, 19], [3, 10, 4, 11], [5, 13, 6, 12]]"
12a_0173_185,"[[5, 13, 6, 12], [7, 15, 8, 14], [9, 22, 10, 23], [11, 16, 12, 17], [13, 7, 14, 6], [15, 5, 16, 4], [17, 21, 18, 20], [19, 24, 20, 1], [21, 8, 22, 9], [23, 3, 24, 2], [1, 18, 2, 19], [3, 10, 4, 11]]"
