name,pd_notation
12a_1088_0,"[[24, 15, 1, 16], [2, 8, 3, 7], [4, 13, 5, 14], [6, 20, 7, 19], [8, 2, 9, 1], [10, 18, 11, 17], [12, 23, 13, 24], [14, 3, 15, 4], [16, 21, 17, 22], [18, 6, 19, 5], [20, 10, 21, 9], [22, 11, 23, 12]]"
12a_1088_1,"[[22, 11, 23, 12], [24, 15, 1, 16], [2, 8, 3, 7], [4, 13, 5, 14], [6, 20, 7, 19], [8, 2, 9, 1], [10, 18, 11, 17], [12, 23, 13, 24], [14, 3, 15, 4], [16, 21, 17, 22], [18, 6, 19, 5], [20, 10, 21, 9]]"
12a_1088_2,"[[20, 10, 21, 9], [22, 11, 23, 12], [24, 15, 1, 16], [2, 8, 3, 7], [4, 13, 5, 14], [6, 20, 7, 19], [8, 2, 9, 1], [10, 18, 11, 17], [12, 23, 13, 24], [14, 3, 15, 4], [16, 21, 17, 22], [18, 6, 19, 5]]"
12a_1088_3,"[[18, 6, 19, 5], [20, 10, 21, 9], [22, 11, 23, 12], [24, 15, 1, 16], [2, 8, 3, 7], [4, 13, 5, 14], [6, 20, 7, 19], [8, 2, 9, 1], [10, 18, 11, 17], [12, 23, 13, 24], [14, 3, 15, 4], [16, 21, 17, 22]]"
12a_1088_4,"[[16, 21, 17, 22], [18, 6, 19, 5], [20, 10, 21, 9], [22, 11, 23, 12], [24, 15, 1, 16], [2, 8, 3, 7], [4, 13, 5, 14], [6, 20, 7, 19], [8, 2, 9, 1], [10, 18, 11, 17], [12, 23, 13, 24], [14, 3, 15, 4]]"
12a_1088_5,"[[14, 3, 15, 4], [16, 21, 17, 22], [18, 6, 19, 5], [20, 10, 21, 9], [22, 11, 23, 12], [24, 15, 1, 16], [2, 8, 3, 7], [4, 13, 5, 14], [6, 20, 7, 19], [8, 2, 9, 1], [10, 18, 11, 17], [12, 23, 13, 24]]"
12a_1088_6,"[[12, 23, 13, 24], [14, 3, 15, 4], [16, 21, 17, 22], [18, 6, 19, 5], [20, 10, 21, 9], [22, 11, 23, 12], [24, 15, 1, 16], [2, 8, 3, 7], [4, 13, 5, 14], [6, 20, 7, 19], [8, 2, 9, 1], [10, 18, 11, 17]]"
12a_1088_7,"[[10, 18, 11, 17], [12, 23, 13, 24], [14, 3, 15, 4], [16, 21, 17, 22], [18, 6, 19, 5], [20, 10, 21, 9], [22, 11, 23, 12], [24, 15, 1, 16], [2, 8, 3, 7], [4, 13, 5, 14], [6, 20, 7, 19], [8, 2, 9, 1]]"
12a_1088_8,"[[8, 2, 9, 1], [10, 18, 11, 17], [12, 23, 13, 24], [14, 3, 15, 4], [16, 21, 17, 22], [18, 6, 19, 5], [20, 10, 21, 9], [22, 11, 23, 12], [24, 15, 1, 16], [2, 8, 3, 7], [4, 13, 5, 14], [6, 20, 7, 19]]"
12a_1088_9,"[[6, 20, 7, 19], [8, 2, 9, 1], [10, 18, 11, 17], [12, 23, 13, 24], [14, 3, 15, 4], [16, 21, 17, 22], [18, 6, 19, 5], [20, 10, 21, 9], [22, 11, 23, 12], [24, 15, 1, 16], [2, 8, 3, 7], [4, 13, 5, 14]]"
12a_1088_10,"[[4, 13, 5, 14], [6, 20, 7, 19], [8, 2, 9, 1], [10, 18, 11, 17], [12, 23, 13, 24], [14, 3, 15, 4], [16, 21, 17, 22], [18, 6, 19, 5], [20, 10, 21, 9], [22, 11, 23, 12], [24, 15, 1, 16], [2, 8, 3, 7]]"
12a_1088_11,"[[2, 8, 3, 7], [4, 13, 5, 14], [6, 20, 7, 19], [8, 2, 9, 1], [10, 18, 11, 17], [12, 23, 13, 24], [14, 3, 15, 4], [16, 21, 17, 22], [18, 6, 19, 5], [20, 10, 21, 9], [22, 11, 23, 12], [24, 15, 1, 16]]"
12a_1088_12,"[[1, 16, 2, 17], [3, 9, 4, 8], [5, 14, 6, 15], [7, 21, 8, 20], [9, 3, 10, 2], [11, 19, 12, 18], [13, 24, 14, 1], [15, 4, 16, 5], [17, 22, 18, 23], [19, 7, 20, 6], [21, 11, 22, 10], [23, 12, 24, 13]]"
12a_1088_13,"[[23, 12, 24, 13], [1, 16, 2, 17], [3, 9, 4, 8], [5, 14, 6, 15], [7, 21, 8, 20], [9, 3, 10, 2], [11, 19, 12, 18], [13, 24, 14, 1], [15, 4, 16, 5], [17, 22, 18, 23], [19, 7, 20, 6], [21, 11, 22, 10]]"
12a_1088_14,"[[21, 11, 22, 10], [23, 12, 24, 13], [1, 16, 2, 17], [3, 9, 4, 8], [5, 14, 6, 15], [7, 21, 8, 20], [9, 3, 10, 2], [11, 19, 12, 18], [13, 24, 14, 1], [15, 4, 16, 5], [17, 22, 18, 23], [19, 7, 20, 6]]"
12a_1088_15,"[[19, 7, 20, 6], [21, 11, 22, 10], [23, 12, 24, 13], [1, 16, 2, 17], [3, 9, 4, 8], [5, 14, 6, 15], [7, 21, 8, 20], [9, 3, 10, 2], [11, 19, 12, 18], [13, 24, 14, 1], [15, 4, 16, 5], [17, 22, 18, 23]]"
12a_1088_16,"[[17, 22, 18, 23], [19, 7, 20, 6], [21, 11, 22, 10], [23, 12, 24, 13], [1, 16, 2, 17], [3, 9, 4, 8], [5, 14, 6, 15], [7, 21, 8, 20], [9, 3, 10, 2], [11, 19, 12, 18], [13, 24, 14, 1], [15, 4, 16, 5]]"
12a_1088_17,"[[15, 4, 16, 5], [17, 22, 18, 23], [19, 7, 20, 6], [21, 11, 22, 10], [23, 12, 24, 13], [1, 16, 2, 17], [3, 9, 4, 8], [5, 14, 6, 15], [7, 21, 8, 20], [9, 3, 10, 2], [11, 19, 12, 18], [13, 24, 14, 1]]"
12a_1088_18,"[[13, 24, 14, 1], [15, 4, 16, 5], [17, 22, 18, 23], [19, 7, 20, 6], [21, 11, 22, 10], [23, 12, 24, 13], [1, 16, 2, 17], [3, 9, 4, 8], [5, 14, 6, 15], [7, 21, 8, 20], [9, 3, 10, 2], [11, 19, 12, 18]]"
12a_1088_19,"[[11, 19, 12, 18], [13, 24, 14, 1], [15, 4, 16, 5], [17, 22, 18, 23], [19, 7, 20, 6], [21, 11, 22, 10], [23, 12, 24, 13], [1, 16, 2, 17], [3, 9, 4, 8], [5, 14, 6, 15], [7, 21, 8, 20], [9, 3, 10, 2]]"
12a_1088_20,"[[9, 3, 10, 2], [11, 19, 12, 18], [13, 24, 14, 1], [15, 4, 16, 5], [17, 22, 18, 23], [19, 7, 20, 6], [21, 11, 22, 10], [23, 12, 24, 13], [1, 16, 2, 17], [3, 9, 4, 8], [5, 14, 6, 15], [7, 21, 8, 20]]"
12a_1088_21,"[[7, 21, 8, 20], [9, 3, 10, 2], [11, 19, 12, 18], [13, 24, 14, 1], [15, 4, 16, 5], [17, 22, 18, 23], [19, 7, 20, 6], [21, 11, 22, 10], [23, 12, 24, 13], [1, 16, 2, 17], [3, 9, 4, 8], [5, 14, 6, 15]]"
12a_1088_22,"[[5, 14, 6, 15], [7, 21, 8, 20], [9, 3, 10, 2], [11, 19, 12, 18], [13, 24, 14, 1], [15, 4, 16, 5], [17, 22, 18, 23], [19, 7, 20, 6], [21, 11, 22, 10], [23, 12, 24, 13], [1, 16, 2, 17], [3, 9, 4, 8]]"
12a_1088_23,"[[3, 9, 4, 8], [5, 14, 6, 15], [7, 21, 8, 20], [9, 3, 10, 2], [11, 19, 12, 18], [13, 24, 14, 1], [15, 4, 16, 5], [17, 22, 18, 23], [19, 7, 20, 6], [21, 11, 22, 10], [23, 12, 24, 13], [1, 16, 2, 17]]"
12a_1088_24,"[[2, 17, 3, 18], [4, 10, 5, 9], [6, 15, 7, 16], [8, 22, 9, 21], [10, 4, 11, 3], [12, 20, 13, 19], [14, 1, 15, 2], [16, 5, 17, 6], [18, 23, 19, 24], [20, 8, 21, 7], [22, 12, 23, 11], [24, 13, 1, 14]]"
12a_1088_25,"[[24, 13, 1, 14], [2, 17, 3, 18], [4, 10, 5, 9], [6, 15, 7, 16], [8, 22, 9, 21], [10, 4, 11, 3], [12, 20, 13, 19], [14, 1, 15, 2], [16, 5, 17, 6], [18, 23, 19, 24], [20, 8, 21, 7], [22, 12, 23, 11]]"
12a_1088_26,"[[22, 12, 23, 11], [24, 13, 1, 14], [2, 17, 3, 18], [4, 10, 5, 9], [6, 15, 7, 16], [8, 22, 9, 21], [10, 4, 11, 3], [12, 20, 13, 19], [14, 1, 15, 2], [16, 5, 17, 6], [18, 23, 19, 24], [20, 8, 21, 7]]"
12a_1088_27,"[[20, 8, 21, 7], [22, 12, 23, 11], [24, 13, 1, 14], [2, 17, 3, 18], [4, 10, 5, 9], [6, 15, 7, 16], [8, 22, 9, 21], [10, 4, 11, 3], [12, 20, 13, 19], [14, 1, 15, 2], [16, 5, 17, 6], [18, 23, 19, 24]]"
12a_1088_28,"[[18, 23, 19, 24], [20, 8, 21, 7], [22, 12, 23, 11], [24, 13, 1, 14], [2, 17, 3, 18], [4, 10, 5, 9], [6, 15, 7, 16], [8, 22, 9, 21], [10, 4, 11, 3], [12, 20, 13, 19], [14, 1, 15, 2], [16, 5, 17, 6]]"
12a_1088_29,"[[16, 5, 17, 6], [18, 23, 19, 24], [20, 8, 21, 7], [22, 12, 23, 11], [24, 13, 1, 14], [2, 17, 3, 18], [4, 10, 5, 9], [6, 15, 7, 16], [8, 22, 9, 21], [10, 4, 11, 3], [12, 20, 13, 19], [14, 1, 15, 2]]"
12a_1088_30,"[[14, 1, 15, 2], [16, 5, 17, 6], [18, 23, 19, 24], [20, 8, 21, 7], [22, 12, 23, 11], [24, 13, 1, 14], [2, 17, 3, 18], [4, 10, 5, 9], [6, 15, 7, 16], [8, 22, 9, 21], [10, 4, 11, 3], [12, 20, 13, 19]]"
12a_1088_31,"[[12, 20, 13, 19], [14, 1, 15, 2], [16, 5, 17, 6], [18, 23, 19, 24], [20, 8, 21, 7], [22, 12, 23, 11], [24, 13, 1, 14], [2, 17, 3, 18], [4, 10, 5, 9], [6, 15, 7, 16], [8, 22, 9, 21], [10, 4, 11, 3]]"
12a_1088_32,"[[10, 4, 11, 3], [12, 20, 13, 19], [14, 1, 15, 2], [16, 5, 17, 6], [18, 23, 19, 24], [20, 8, 21, 7], [22, 12, 23, 11], [24, 13, 1, 14], [2, 17, 3, 18], [4, 10, 5, 9], [6, 15, 7, 16], [8, 22, 9, 21]]"
12a_1088_33,"[[8, 22, 9, 21], [10, 4, 11, 3], [12, 20, 13, 19], [14, 1, 15, 2], [16, 5, 17, 6], [18, 23, 19, 24], [20, 8, 21, 7], [22, 12, 23, 11], [24, 13, 1, 14], [2, 17, 3, 18], [4, 10, 5, 9], [6, 15, 7, 16]]"
12a_1088_34,"[[6, 15, 7, 16], [8, 22, 9, 21], [10, 4, 11, 3], [12, 20, 13, 19], [14, 1, 15, 2], [16, 5, 17, 6], [18, 23, 19, 24], [20, 8, 21, 7], [22, 12, 23, 11], [24, 13, 1, 14], [2, 17, 3, 18], [4, 10, 5, 9]]"
12a_1088_35,"[[4, 10, 5, 9], [6, 15, 7, 16], [8, 22, 9, 21], [10, 4, 11, 3], [12, 20, 13, 19], [14, 1, 15, 2], [16, 5, 17, 6], [18, 23, 19, 24], [20, 8, 21, 7], [22, 12, 23, 11], [24, 13, 1, 14], [2, 17, 3, 18]]"
12a_1088_36,"[[3, 18, 4, 19], [5, 11, 6, 10], [7, 16, 8, 17], [9, 23, 10, 22], [11, 5, 12, 4], [13, 21, 14, 20], [15, 2, 16, 3], [17, 6, 18, 7], [19, 24, 20, 1], [21, 9, 22, 8], [23, 13, 24, 12], [1, 14, 2, 15]]"
12a_1088_37,"[[1, 14, 2, 15], [3, 18, 4, 19], [5, 11, 6, 10], [7, 16, 8, 17], [9, 23, 10, 22], [11, 5, 12, 4], [13, 21, 14, 20], [15, 2, 16, 3], [17, 6, 18, 7], [19, 24, 20, 1], [21, 9, 22, 8], [23, 13, 24, 12]]"
12a_1088_38,"[[23, 13, 24, 12], [1, 14, 2, 15], [3, 18, 4, 19], [5, 11, 6, 10], [7, 16, 8, 17], [9, 23, 10, 22], [11, 5, 12, 4], [13, 21, 14, 20], [15, 2, 16, 3], [17, 6, 18, 7], [19, 24, 20, 1], [21, 9, 22, 8]]"
12a_1088_39,"[[21, 9, 22, 8], [23, 13, 24, 12], [1, 14, 2, 15], [3, 18, 4, 19], [5, 11, 6, 10], [7, 16, 8, 17], [9, 23, 10, 22], [11, 5, 12, 4], [13, 21, 14, 20], [15, 2, 16, 3], [17, 6, 18, 7], [19, 24, 20, 1]]"
12a_1088_40,"[[19, 24, 20, 1], [21, 9, 22, 8], [23, 13, 24, 12], [1, 14, 2, 15], [3, 18, 4, 19], [5, 11, 6, 10], [7, 16, 8, 17], [9, 23, 10, 22], [11, 5, 12, 4], [13, 21, 14, 20], [15, 2, 16, 3], [17, 6, 18, 7]]"
12a_1088_41,"[[17, 6, 18, 7], [19, 24, 20, 1], [21, 9, 22, 8], [23, 13, 24, 12], [1, 14, 2, 15], [3, 18, 4, 19], [5, 11, 6, 10], [7, 16, 8, 17], [9, 23, 10, 22], [11, 5, 12, 4], [13, 21, 14, 20], [15, 2, 16, 3]]"
12a_1088_42,"[[15, 2, 16, 3], [17, 6, 18, 7], [19, 24, 20, 1], [21, 9, 22, 8], [23, 13, 24, 12], [1, 14, 2, 15], [3, 18, 4, 19], [5, 11, 6, 10], [7, 16, 8, 17], [9, 23, 10, 22], [11, 5, 12, 4], [13, 21, 14, 20]]"
12a_1088_43,"[[13, 21, 14, 20], [15, 2, 16, 3], [17, 6, 18, 7], [19, 24, 20, 1], [21, 9, 22, 8], [23, 13, 24, 12], [1, 14, 2, 15], [3, 18, 4, 19], [5, 11, 6, 10], [7, 16, 8, 17], [9, 23, 10, 22], [11, 5, 12, 4]]"
12a_1088_44,"[[11, 5, 12, 4], [13, 21, 14, 20], [15, 2, 16, 3], [17, 6, 18, 7], [19, 24, 20, 1], [21, 9, 22, 8], [23, 13, 24, 12], [1, 14, 2, 15], [3, 18, 4, 19], [5, 11, 6, 10], [7, 16, 8, 17], [9, 23, 10, 22]]"
12a_1088_45,"[[9, 23, 10, 22], [11, 5, 12, 4], [13, 21, 14, 20], [15, 2, 16, 3], [17, 6, 18, 7], [19, 24, 20, 1], [21, 9, 22, 8], [23, 13, 24, 12], [1, 14, 2, 15], [3, 18, 4, 19], [5, 11, 6, 10], [7, 16, 8, 17]]"
12a_1088_46,"[[7, 16, 8, 17], [9, 23, 10, 22], [11, 5, 12, 4], [13, 21, 14, 20], [15, 2, 16, 3], [17, 6, 18, 7], [19, 24, 20, 1], [21, 9, 22, 8], [23, 13, 24, 12], [1, 14, 2, 15], [3, 18, 4, 19], [5, 11, 6, 10]]"
12a_1088_47,"[[5, 11, 6, 10], [7, 16, 8, 17], [9, 23, 10, 22], [11, 5, 12, 4], [13, 21, 14, 20], [15, 2, 16, 3], [17, 6, 18, 7], [19, 24, 20, 1], [21, 9, 22, 8], [23, 13, 24, 12], [1, 14, 2, 15], [3, 18, 4, 19]]"
12a_1088_48,"[[4, 19, 5, 20], [6, 12, 7, 11], [8, 17, 9, 18], [10, 24, 11, 23], [12, 6, 13, 5], [14, 22, 15, 21], [16, 3, 17, 4], [18, 7, 19, 8], [20, 1, 21, 2], [22, 10, 23, 9], [24, 14, 1, 13], [2, 15, 3, 16]]"
12a_1088_49,"[[2, 15, 3, 16], [4, 19, 5, 20], [6, 12, 7, 11], [8, 17, 9, 18], [10, 24, 11, 23], [12, 6, 13, 5], [14, 22, 15, 21], [16, 3, 17, 4], [18, 7, 19, 8], [20, 1, 21, 2], [22, 10, 23, 9], [24, 14, 1, 13]]"
12a_1088_50,"[[24, 14, 1, 13], [2, 15, 3, 16], [4, 19, 5, 20], [6, 12, 7, 11], [8, 17, 9, 18], [10, 24, 11, 23], [12, 6, 13, 5], [14, 22, 15, 21], [16, 3, 17, 4], [18, 7, 19, 8], [20, 1, 21, 2], [22, 10, 23, 9]]"
12a_1088_51,"[[22, 10, 23, 9], [24, 14, 1, 13], [2, 15, 3, 16], [4, 19, 5, 20], [6, 12, 7, 11], [8, 17, 9, 18], [10, 24, 11, 23], [12, 6, 13, 5], [14, 22, 15, 21], [16, 3, 17, 4], [18, 7, 19, 8], [20, 1, 21, 2]]"
12a_1088_52,"[[20, 1, 21, 2], [22, 10, 23, 9], [24, 14, 1, 13], [2, 15, 3, 16], [4, 19, 5, 20], [6, 12, 7, 11], [8, 17, 9, 18], [10, 24, 11, 23], [12, 6, 13, 5], [14, 22, 15, 21], [16, 3, 17, 4], [18, 7, 19, 8]]"
12a_1088_53,"[[18, 7, 19, 8], [20, 1, 21, 2], [22, 10, 23, 9], [24, 14, 1, 13], [2, 15, 3, 16], [4, 19, 5, 20], [6, 12, 7, 11], [8, 17, 9, 18], [10, 24, 11, 23], [12, 6, 13, 5], [14, 22, 15, 21], [16, 3, 17, 4]]"
12a_1088_54,"[[16, 3, 17, 4], [18, 7, 19, 8], [20, 1, 21, 2], [22, 10, 23, 9], [24, 14, 1, 13], [2, 15, 3, 16], [4, 19, 5, 20], [6, 12, 7, 11], [8, 17, 9, 18], [10, 24, 11, 23], [12, 6, 13, 5], [14, 22, 15, 21]]"
12a_1088_55,"[[14, 22, 15, 21], [16, 3, 17, 4], [18, 7, 19, 8], [20, 1, 21, 2], [22, 10, 23, 9], [24, 14, 1, 13], [2, 15, 3, 16], [4, 19, 5, 20], [6, 12, 7, 11], [8, 17, 9, 18], [10, 24, 11, 23], [12, 6, 13, 5]]"
12a_1088_56,"[[12, 6, 13, 5], [14, 22, 15, 21], [16, 3, 17, 4], [18, 7, 19, 8], [20, 1, 21, 2], [22, 10, 23, 9], [24, 14, 1, 13], [2, 15, 3, 16], [4, 19, 5, 20], [6, 12, 7, 11], [8, 17, 9, 18], [10, 24, 11, 23]]"
12a_1088_57,"[[10, 24, 11, 23], [12, 6, 13, 5], [14, 22, 15, 21], [16, 3, 17, 4], [18, 7, 19, 8], [20, 1, 21, 2], [22, 10, 23, 9], [24, 14, 1, 13], [2, 15, 3, 16], [4, 19, 5, 20], [6, 12, 7, 11], [8, 17, 9, 18]]"
12a_1088_58,"[[8, 17, 9, 18], [10, 24, 11, 23], [12, 6, 13, 5], [14, 22, 15, 21], [16, 3, 17, 4], [18, 7, 19, 8], [20, 1, 21, 2], [22, 10, 23, 9], [24, 14, 1, 13], [2, 15, 3, 16], [4, 19, 5, 20], [6, 12, 7, 11]]"
12a_1088_59,"[[6, 12, 7, 11], [8, 17, 9, 18], [10, 24, 11, 23], [12, 6, 13, 5], [14, 22, 15, 21], [16, 3, 17, 4], [18, 7, 19, 8], [20, 1, 21, 2], [22, 10, 23, 9], [24, 14, 1, 13], [2, 15, 3, 16], [4, 19, 5, 20]]"
12a_1088_60,"[[5, 20, 6, 21], [7, 13, 8, 12], [9, 18, 10, 19], [11, 1, 12, 24], [13, 7, 14, 6], [15, 23, 16, 22], [17, 4, 18, 5], [19, 8, 20, 9], [21, 2, 22, 3], [23, 11, 24, 10], [1, 15, 2, 14], [3, 16, 4, 17]]"
12a_1088_61,"[[3, 16, 4, 17], [5, 20, 6, 21], [7, 13, 8, 12], [9, 18, 10, 19], [11, 1, 12, 24], [13, 7, 14, 6], [15, 23, 16, 22], [17, 4, 18, 5], [19, 8, 20, 9], [21, 2, 22, 3], [23, 11, 24, 10], [1, 15, 2, 14]]"
12a_1088_62,"[[1, 15, 2, 14], [3, 16, 4, 17], [5, 20, 6, 21], [7, 13, 8, 12], [9, 18, 10, 19], [11, 1, 12, 24], [13, 7, 14, 6], [15, 23, 16, 22], [17, 4, 18, 5], [19, 8, 20, 9], [21, 2, 22, 3], [23, 11, 24, 10]]"
12a_1088_63,"[[23, 11, 24, 10], [1, 15, 2, 14], [3, 16, 4, 17], [5, 20, 6, 21], [7, 13, 8, 12], [9, 18, 10, 19], [11, 1, 12, 24], [13, 7, 14, 6], [15, 23, 16, 22], [17, 4, 18, 5], [19, 8, 20, 9], [21, 2, 22, 3]]"
12a_1088_64,"[[21, 2, 22, 3], [23, 11, 24, 10], [1, 15, 2, 14], [3, 16, 4, 17], [5, 20, 6, 21], [7, 13, 8, 12], [9, 18, 10, 19], [11, 1, 12, 24], [13, 7, 14, 6], [15, 23, 16, 22], [17, 4, 18, 5], [19, 8, 20, 9]]"
12a_1088_65,"[[19, 8, 20, 9], [21, 2, 22, 3], [23, 11, 24, 10], [1, 15, 2, 14], [3, 16, 4, 17], [5, 20, 6, 21], [7, 13, 8, 12], [9, 18, 10, 19], [11, 1, 12, 24], [13, 7, 14, 6], [15, 23, 16, 22], [17, 4, 18, 5]]"
12a_1088_66,"[[17, 4, 18, 5], [19, 8, 20, 9], [21, 2, 22, 3], [23, 11, 24, 10], [1, 15, 2, 14], [3, 16, 4, 17], [5, 20, 6, 21], [7, 13, 8, 12], [9, 18, 10, 19], [11, 1, 12, 24], [13, 7, 14, 6], [15, 23, 16, 22]]"
12a_1088_67,"[[15, 23, 16, 22], [17, 4, 18, 5], [19, 8, 20, 9], [21, 2, 22, 3], [23, 11, 24, 10], [1, 15, 2, 14], [3, 16, 4, 17], [5, 20, 6, 21], [7, 13, 8, 12], [9, 18, 10, 19], [11, 1, 12, 24], [13, 7, 14, 6]]"
12a_1088_68,"[[13, 7, 14, 6], [15, 23, 16, 22], [17, 4, 18, 5], [19, 8, 20, 9], [21, 2, 22, 3], [23, 11, 24, 10], [1, 15, 2, 14], [3, 16, 4, 17], [5, 20, 6, 21], [7, 13, 8, 12], [9, 18, 10, 19], [11, 1, 12, 24]]"
12a_1088_69,"[[11, 1, 12, 24], [13, 7, 14, 6], [15, 23, 16, 22], [17, 4, 18, 5], [19, 8, 20, 9], [21, 2, 22, 3], [23, 11, 24, 10], [1, 15, 2, 14], [3, 16, 4, 17], [5, 20, 6, 21], [7, 13, 8, 12], [9, 18, 10, 19]]"
12a_1088_70,"[[9, 18, 10, 19], [11, 1, 12, 24], [13, 7, 14, 6], [15, 23, 16, 22], [17, 4, 18, 5], [19, 8, 20, 9], [21, 2, 22, 3], [23, 11, 24, 10], [1, 15, 2, 14], [3, 16, 4, 17], [5, 20, 6, 21], [7, 13, 8, 12]]"
12a_1088_71,"[[7, 13, 8, 12], [9, 18, 10, 19], [11, 1, 12, 24], [13, 7, 14, 6], [15, 23, 16, 22], [17, 4, 18, 5], [19, 8, 20, 9], [21, 2, 22, 3], [23, 11, 24, 10], [1, 15, 2, 14], [3, 16, 4, 17], [5, 20, 6, 21]]"
12a_1088_72,"[[6, 21, 7, 22], [8, 14, 9, 13], [10, 19, 11, 20], [12, 2, 13, 1], [14, 8, 15, 7], [16, 24, 17, 23], [18, 5, 19, 6], [20, 9, 21, 10], [22, 3, 23, 4], [24, 12, 1, 11], [2, 16, 3, 15], [4, 17, 5, 18]]"
12a_1088_73,"[[4, 17, 5, 18], [6, 21, 7, 22], [8, 14, 9, 13], [10, 19, 11, 20], [12, 2, 13, 1], [14, 8, 15, 7], [16, 24, 17, 23], [18, 5, 19, 6], [20, 9, 21, 10], [22, 3, 23, 4], [24, 12, 1, 11], [2, 16, 3, 15]]"
12a_1088_74,"[[2, 16, 3, 15], [4, 17, 5, 18], [6, 21, 7, 22], [8, 14, 9, 13], [10, 19, 11, 20], [12, 2, 13, 1], [14, 8, 15, 7], [16, 24, 17, 23], [18, 5, 19, 6], [20, 9, 21, 10], [22, 3, 23, 4], [24, 12, 1, 11]]"
12a_1088_75,"[[24, 12, 1, 11], [2, 16, 3, 15], [4, 17, 5, 18], [6, 21, 7, 22], [8, 14, 9, 13], [10, 19, 11, 20], [12, 2, 13, 1], [14, 8, 15, 7], [16, 24, 17, 23], [18, 5, 19, 6], [20, 9, 21, 10], [22, 3, 23, 4]]"
12a_1088_76,"[[22, 3, 23, 4], [24, 12, 1, 11], [2, 16, 3, 15], [4, 17, 5, 18], [6, 21, 7, 22], [8, 14, 9, 13], [10, 19, 11, 20], [12, 2, 13, 1], [14, 8, 15, 7], [16, 24, 17, 23], [18, 5, 19, 6], [20, 9, 21, 10]]"
12a_1088_77,"[[20, 9, 21, 10], [22, 3, 23, 4], [24, 12, 1, 11], [2, 16, 3, 15], [4, 17, 5, 18], [6, 21, 7, 22], [8, 14, 9, 13], [10, 19, 11, 20], [12, 2, 13, 1], [14, 8, 15, 7], [16, 24, 17, 23], [18, 5, 19, 6]]"
12a_1088_78,"[[18, 5, 19, 6], [20, 9, 21, 10], [22, 3, 23, 4], [24, 12, 1, 11], [2, 16, 3, 15], [4, 17, 5, 18], [6, 21, 7, 22], [8, 14, 9, 13], [10, 19, 11, 20], [12, 2, 13, 1], [14, 8, 15, 7], [16, 24, 17, 23]]"
12a_1088_79,"[[16, 24, 17, 23], [18, 5, 19, 6], [20, 9, 21, 10], [22, 3, 23, 4], [24, 12, 1, 11], [2, 16, 3, 15], [4, 17, 5, 18], [6, 21, 7, 22], [8, 14, 9, 13], [10, 19, 11, 20], [12, 2, 13, 1], [14, 8, 15, 7]]"
12a_1088_80,"[[14, 8, 15, 7], [16, 24, 17, 23], [18, 5, 19, 6], [20, 9, 21, 10], [22, 3, 23, 4], [24, 12, 1, 11], [2, 16, 3, 15], [4, 17, 5, 18], [6, 21, 7, 22], [8, 14, 9, 13], [10, 19, 11, 20], [12, 2, 13, 1]]"
12a_1088_81,"[[12, 2, 13, 1], [14, 8, 15, 7], [16, 24, 17, 23], [18, 5, 19, 6], [20, 9, 21, 10], [22, 3, 23, 4], [24, 12, 1, 11], [2, 16, 3, 15], [4, 17, 5, 18], [6, 21, 7, 22], [8, 14, 9, 13], [10, 19, 11, 20]]"
12a_1088_82,"[[10, 19, 11, 20], [12, 2, 13, 1], [14, 8, 15, 7], [16, 24, 17, 23], [18, 5, 19, 6], [20, 9, 21, 10], [22, 3, 23, 4], [24, 12, 1, 11], [2, 16, 3, 15], [4, 17, 5, 18], [6, 21, 7, 22], [8, 14, 9, 13]]"
12a_1088_83,"[[8, 14, 9, 13], [10, 19, 11, 20], [12, 2, 13, 1], [14, 8, 15, 7], [16, 24, 17, 23], [18, 5, 19, 6], [20, 9, 21, 10], [22, 3, 23, 4], [24, 12, 1, 11], [2, 16, 3, 15], [4, 17, 5, 18], [6, 21, 7, 22]]"
12a_1088_84,"[[7, 22, 8, 23], [9, 15, 10, 14], [11, 20, 12, 21], [13, 3, 14, 2], [15, 9, 16, 8], [17, 1, 18, 24], [19, 6, 20, 7], [21, 10, 22, 11], [23, 4, 24, 5], [1, 13, 2, 12], [3, 17, 4, 16], [5, 18, 6, 19]]"
12a_1088_85,"[[5, 18, 6, 19], [7, 22, 8, 23], [9, 15, 10, 14], [11, 20, 12, 21], [13, 3, 14, 2], [15, 9, 16, 8], [17, 1, 18, 24], [19, 6, 20, 7], [21, 10, 22, 11], [23, 4, 24, 5], [1, 13, 2, 12], [3, 17, 4, 16]]"
12a_1088_86,"[[3, 17, 4, 16], [5, 18, 6, 19], [7, 22, 8, 23], [9, 15, 10, 14], [11, 20, 12, 21], [13, 3, 14, 2], [15, 9, 16, 8], [17, 1, 18, 24], [19, 6, 20, 7], [21, 10, 22, 11], [23, 4, 24, 5], [1, 13, 2, 12]]"
12a_1088_87,"[[1, 13, 2, 12], [3, 17, 4, 16], [5, 18, 6, 19], [7, 22, 8, 23], [9, 15, 10, 14], [11, 20, 12, 21], [13, 3, 14, 2], [15, 9, 16, 8], [17, 1, 18, 24], [19, 6, 20, 7], [21, 10, 22, 11], [23, 4, 24, 5]]"
12a_1088_88,"[[23, 4, 24, 5], [1, 13, 2, 12], [3, 17, 4, 16], [5, 18, 6, 19], [7, 22, 8, 23], [9, 15, 10, 14], [11, 20, 12, 21], [13, 3, 14, 2], [15, 9, 16, 8], [17, 1, 18, 24], [19, 6, 20, 7], [21, 10, 22, 11]]"
12a_1088_89,"[[21, 10, 22, 11], [23, 4, 24, 5], [1, 13, 2, 12], [3, 17, 4, 16], [5, 18, 6, 19], [7, 22, 8, 23], [9, 15, 10, 14], [11, 20, 12, 21], [13, 3, 14, 2], [15, 9, 16, 8], [17, 1, 18, 24], [19, 6, 20, 7]]"
12a_1088_90,"[[19, 6, 20, 7], [21, 10, 22, 11], [23, 4, 24, 5], [1, 13, 2, 12], [3, 17, 4, 16], [5, 18, 6, 19], [7, 22, 8, 23], [9, 15, 10, 14], [11, 20, 12, 21], [13, 3, 14, 2], [15, 9, 16, 8], [17, 1, 18, 24]]"
12a_1088_91,"[[17, 1, 18, 24], [19, 6, 20, 7], [21, 10, 22, 11], [23, 4, 24, 5], [1, 13, 2, 12], [3, 17, 4, 16], [5, 18, 6, 19], [7, 22, 8, 23], [9, 15, 10, 14], [11, 20, 12, 21], [13, 3, 14, 2], [15, 9, 16, 8]]"
12a_1088_92,"[[15, 9, 16, 8], [17, 1, 18, 24], [19, 6, 20, 7], [21, 10, 22, 11], [23, 4, 24, 5], [1, 13, 2, 12], [3, 17, 4, 16], [5, 18, 6, 19], [7, 22, 8, 23], [9, 15, 10, 14], [11, 20, 12, 21], [13, 3, 14, 2]]"
12a_1088_93,"[[13, 3, 14, 2], [15, 9, 16, 8], [17, 1, 18, 24], [19, 6, 20, 7], [21, 10, 22, 11], [23, 4, 24, 5], [1, 13, 2, 12], [3, 17, 4, 16], [5, 18, 6, 19], [7, 22, 8, 23], [9, 15, 10, 14], [11, 20, 12, 21]]"
12a_1088_94,"[[11, 20, 12, 21], [13, 3, 14, 2], [15, 9, 16, 8], [17, 1, 18, 24], [19, 6, 20, 7], [21, 10, 22, 11], [23, 4, 24, 5], [1, 13, 2, 12], [3, 17, 4, 16], [5, 18, 6, 19], [7, 22, 8, 23], [9, 15, 10, 14]]"
12a_1088_95,"[[9, 15, 10, 14], [11, 20, 12, 21], [13, 3, 14, 2], [15, 9, 16, 8], [17, 1, 18, 24], [19, 6, 20, 7], [21, 10, 22, 11], [23, 4, 24, 5], [1, 13, 2, 12], [3, 17, 4, 16], [5, 18, 6, 19], [7, 22, 8, 23]]"
12a_1088_96,"[[8, 23, 9, 24], [10, 16, 11, 15], [12, 21, 13, 22], [14, 4, 15, 3], [16, 10, 17, 9], [18, 2, 19, 1], [20, 7, 21, 8], [22, 11, 23, 12], [24, 5, 1, 6], [2, 14, 3, 13], [4, 18, 5, 17], [6, 19, 7, 20]]"
12a_1088_97,"[[6, 19, 7, 20], [8, 23, 9, 24], [10, 16, 11, 15], [12, 21, 13, 22], [14, 4, 15, 3], [16, 10, 17, 9], [18, 2, 19, 1], [20, 7, 21, 8], [22, 11, 23, 12], [24, 5, 1, 6], [2, 14, 3, 13], [4, 18, 5, 17]]"
12a_1088_98,"[[4, 18, 5, 17], [6, 19, 7, 20], [8, 23, 9, 24], [10, 16, 11, 15], [12, 21, 13, 22], [14, 4, 15, 3], [16, 10, 17, 9], [18, 2, 19, 1], [20, 7, 21, 8], [22, 11, 23, 12], [24, 5, 1, 6], [2, 14, 3, 13]]"
12a_1088_99,"[[2, 14, 3, 13], [4, 18, 5, 17], [6, 19, 7, 20], [8, 23, 9, 24], [10, 16, 11, 15], [12, 21, 13, 22], [14, 4, 15, 3], [16, 10, 17, 9], [18, 2, 19, 1], [20, 7, 21, 8], [22, 11, 23, 12], [24, 5, 1, 6]]"
12a_1088_100,"[[24, 5, 1, 6], [2, 14, 3, 13], [4, 18, 5, 17], [6, 19, 7, 20], [8, 23, 9, 24], [10, 16, 11, 15], [12, 21, 13, 22], [14, 4, 15, 3], [16, 10, 17, 9], [18, 2, 19, 1], [20, 7, 21, 8], [22, 11, 23, 12]]"
12a_1088_101,"[[22, 11, 23, 12], [24, 5, 1, 6], [2, 14, 3, 13], [4, 18, 5, 17], [6, 19, 7, 20], [8, 23, 9, 24], [10, 16, 11, 15], [12, 21, 13, 22], [14, 4, 15, 3], [16, 10, 17, 9], [18, 2, 19, 1], [20, 7, 21, 8]]"
12a_1088_102,"[[20, 7, 21, 8], [22, 11, 23, 12], [24, 5, 1, 6], [2, 14, 3, 13], [4, 18, 5, 17], [6, 19, 7, 20], [8, 23, 9, 24], [10, 16, 11, 15], [12, 21, 13, 22], [14, 4, 15, 3], [16, 10, 17, 9], [18, 2, 19, 1]]"
12a_1088_103,"[[18, 2, 19, 1], [20, 7, 21, 8], [22, 11, 23, 12], [24, 5, 1, 6], [2, 14, 3, 13], [4, 18, 5, 17], [6, 19, 7, 20], [8, 23, 9, 24], [10, 16, 11, 15], [12, 21, 13, 22], [14, 4, 15, 3], [16, 10, 17, 9]]"
12a_1088_104,"[[16, 10, 17, 9], [18, 2, 19, 1], [20, 7, 21, 8], [22, 11, 23, 12], [24, 5, 1, 6], [2, 14, 3, 13], [4, 18, 5, 17], [6, 19, 7, 20], [8, 23, 9, 24], [10, 16, 11, 15], [12, 21, 13, 22], [14, 4, 15, 3]]"
12a_1088_105,"[[14, 4, 15, 3], [16, 10, 17, 9], [18, 2, 19, 1], [20, 7, 21, 8], [22, 11, 23, 12], [24, 5, 1, 6], [2, 14, 3, 13], [4, 18, 5, 17], [6, 19, 7, 20], [8, 23, 9, 24], [10, 16, 11, 15], [12, 21, 13, 22]]"
12a_1088_106,"[[12, 21, 13, 22], [14, 4, 15, 3], [16, 10, 17, 9], [18, 2, 19, 1], [20, 7, 21, 8], [22, 11, 23, 12], [24, 5, 1, 6], [2, 14, 3, 13], [4, 18, 5, 17], [6, 19, 7, 20], [8, 23, 9, 24], [10, 16, 11, 15]]"
12a_1088_107,"[[10, 16, 11, 15], [12, 21, 13, 22], [14, 4, 15, 3], [16, 10, 17, 9], [18, 2, 19, 1], [20, 7, 21, 8], [22, 11, 23, 12], [24, 5, 1, 6], [2, 14, 3, 13], [4, 18, 5, 17], [6, 19, 7, 20], [8, 23, 9, 24]]"
12a_1088_108,"[[9, 24, 10, 1], [11, 17, 12, 16], [13, 22, 14, 23], [15, 5, 16, 4], [17, 11, 18, 10], [19, 3, 20, 2], [21, 8, 22, 9], [23, 12, 24, 13], [1, 6, 2, 7], [3, 15, 4, 14], [5, 19, 6, 18], [7, 20, 8, 21]]"
12a_1088_109,"[[7, 20, 8, 21], [9, 24, 10, 1], [11, 17, 12, 16], [13, 22, 14, 23], [15, 5, 16, 4], [17, 11, 18, 10], [19, 3, 20, 2], [21, 8, 22, 9], [23, 12, 24, 13], [1, 6, 2, 7], [3, 15, 4, 14], [5, 19, 6, 18]]"
12a_1088_110,"[[5, 19, 6, 18], [7, 20, 8, 21], [9, 24, 10, 1], [11, 17, 12, 16], [13, 22, 14, 23], [15, 5, 16, 4], [17, 11, 18, 10], [19, 3, 20, 2], [21, 8, 22, 9], [23, 12, 24, 13], [1, 6, 2, 7], [3, 15, 4, 14]]"
12a_1088_111,"[[3, 15, 4, 14], [5, 19, 6, 18], [7, 20, 8, 21], [9, 24, 10, 1], [11, 17, 12, 16], [13, 22, 14, 23], [15, 5, 16, 4], [17, 11, 18, 10], [19, 3, 20, 2], [21, 8, 22, 9], [23, 12, 24, 13], [1, 6, 2, 7]]"
12a_1088_112,"[[1, 6, 2, 7], [3, 15, 4, 14], [5, 19, 6, 18], [7, 20, 8, 21], [9, 24, 10, 1], [11, 17, 12, 16], [13, 22, 14, 23], [15, 5, 16, 4], [17, 11, 18, 10], [19, 3, 20, 2], [21, 8, 22, 9], [23, 12, 24, 13]]"
12a_1088_113,"[[23, 12, 24, 13], [1, 6, 2, 7], [3, 15, 4, 14], [5, 19, 6, 18], [7, 20, 8, 21], [9, 24, 10, 1], [11, 17, 12, 16], [13, 22, 14, 23], [15, 5, 16, 4], [17, 11, 18, 10], [19, 3, 20, 2], [21, 8, 22, 9]]"
12a_1088_114,"[[21, 8, 22, 9], [23, 12, 24, 13], [1, 6, 2, 7], [3, 15, 4, 14], [5, 19, 6, 18], [7, 20, 8, 21], [9, 24, 10, 1], [11, 17, 12, 16], [13, 22, 14, 23], [15, 5, 16, 4], [17, 11, 18, 10], [19, 3, 20, 2]]"
12a_1088_115,"[[19, 3, 20, 2], [21, 8, 22, 9], [23, 12, 24, 13], [1, 6, 2, 7], [3, 15, 4, 14], [5, 19, 6, 18], [7, 20, 8, 21], [9, 24, 10, 1], [11, 17, 12, 16], [13, 22, 14, 23], [15, 5, 16, 4], [17, 11, 18, 10]]"
12a_1088_116,"[[17, 11, 18, 10], [19, 3, 20, 2], [21, 8, 22, 9], [23, 12, 24, 13], [1, 6, 2, 7], [3, 15, 4, 14], [5, 19, 6, 18], [7, 20, 8, 21], [9, 24, 10, 1], [11, 17, 12, 16], [13, 22, 14, 23], [15, 5, 16, 4]]"
12a_1088_117,"[[15, 5, 16, 4], [17, 11, 18, 10], [19, 3, 20, 2], [21, 8, 22, 9], [23, 12, 24, 13], [1, 6, 2, 7], [3, 15, 4, 14], [5, 19, 6, 18], [7, 20, 8, 21], [9, 24, 10, 1], [11, 17, 12, 16], [13, 22, 14, 23]]"
12a_1088_118,"[[13, 22, 14, 23], [15, 5, 16, 4], [17, 11, 18, 10], [19, 3, 20, 2], [21, 8, 22, 9], [23, 12, 24, 13], [1, 6, 2, 7], [3, 15, 4, 14], [5, 19, 6, 18], [7, 20, 8, 21], [9, 24, 10, 1], [11, 17, 12, 16]]"
12a_1088_119,"[[11, 17, 12, 16], [13, 22, 14, 23], [15, 5, 16, 4], [17, 11, 18, 10], [19, 3, 20, 2], [21, 8, 22, 9], [23, 12, 24, 13], [1, 6, 2, 7], [3, 15, 4, 14], [5, 19, 6, 18], [7, 20, 8, 21], [9, 24, 10, 1]]"
12a_1088_120,"[[10, 1, 11, 2], [12, 18, 13, 17], [14, 23, 15, 24], [16, 6, 17, 5], [18, 12, 19, 11], [20, 4, 21, 3], [22, 9, 23, 10], [24, 13, 1, 14], [2, 7, 3, 8], [4, 16, 5, 15], [6, 20, 7, 19], [8, 21, 9, 22]]"
12a_1088_121,"[[8, 21, 9, 22], [10, 1, 11, 2], [12, 18, 13, 17], [14, 23, 15, 24], [16, 6, 17, 5], [18, 12, 19, 11], [20, 4, 21, 3], [22, 9, 23, 10], [24, 13, 1, 14], [2, 7, 3, 8], [4, 16, 5, 15], [6, 20, 7, 19]]"
12a_1088_122,"[[6, 20, 7, 19], [8, 21, 9, 22], [10, 1, 11, 2], [12, 18, 13, 17], [14, 23, 15, 24], [16, 6, 17, 5], [18, 12, 19, 11], [20, 4, 21, 3], [22, 9, 23, 10], [24, 13, 1, 14], [2, 7, 3, 8], [4, 16, 5, 15]]"
12a_1088_123,"[[4, 16, 5, 15], [6, 20, 7, 19], [8, 21, 9, 22], [10, 1, 11, 2], [12, 18, 13, 17], [14, 23, 15, 24], [16, 6, 17, 5], [18, 12, 19, 11], [20, 4, 21, 3], [22, 9, 23, 10], [24, 13, 1, 14], [2, 7, 3, 8]]"
12a_1088_124,"[[2, 7, 3, 8], [4, 16, 5, 15], [6, 20, 7, 19], [8, 21, 9, 22], [10, 1, 11, 2], [12, 18, 13, 17], [14, 23, 15, 24], [16, 6, 17, 5], [18, 12, 19, 11], [20, 4, 21, 3], [22, 9, 23, 10], [24, 13, 1, 14]]"
12a_1088_125,"[[24, 13, 1, 14], [2, 7, 3, 8], [4, 16, 5, 15], [6, 20, 7, 19], [8, 21, 9, 22], [10, 1, 11, 2], [12, 18, 13, 17], [14, 23, 15, 24], [16, 6, 17, 5], [18, 12, 19, 11], [20, 4, 21, 3], [22, 9, 23, 10]]"
12a_1088_126,"[[22, 9, 23, 10], [24, 13, 1, 14], [2, 7, 3, 8], [4, 16, 5, 15], [6, 20, 7, 19], [8, 21, 9, 22], [10, 1, 11, 2], [12, 18, 13, 17], [14, 23, 15, 24], [16, 6, 17, 5], [18, 12, 19, 11], [20, 4, 21, 3]]"
12a_1088_127,"[[20, 4, 21, 3], [22, 9, 23, 10], [24, 13, 1, 14], [2, 7, 3, 8], [4, 16, 5, 15], [6, 20, 7, 19], [8, 21, 9, 22], [10, 1, 11, 2], [12, 18, 13, 17], [14, 23, 15, 24], [16, 6, 17, 5], [18, 12, 19, 11]]"
12a_1088_128,"[[18, 12, 19, 11], [20, 4, 21, 3], [22, 9, 23, 10], [24, 13, 1, 14], [2, 7, 3, 8], [4, 16, 5, 15], [6, 20, 7, 19], [8, 21, 9, 22], [10, 1, 11, 2], [12, 18, 13, 17], [14, 23, 15, 24], [16, 6, 17, 5]]"
12a_1088_129,"[[16, 6, 17, 5], [18, 12, 19, 11], [20, 4, 21, 3], [22, 9, 23, 10], [24, 13, 1, 14], [2, 7, 3, 8], [4, 16, 5, 15], [6, 20, 7, 19], [8, 21, 9, 22], [10, 1, 11, 2], [12, 18, 13, 17], [14, 23, 15, 24]]"
12a_1088_130,"[[14, 23, 15, 24], [16, 6, 17, 5], [18, 12, 19, 11], [20, 4, 21, 3], [22, 9, 23, 10], [24, 13, 1, 14], [2, 7, 3, 8], [4, 16, 5, 15], [6, 20, 7, 19], [8, 21, 9, 22], [10, 1, 11, 2], [12, 18, 13, 17]]"
12a_1088_131,"[[12, 18, 13, 17], [14, 23, 15, 24], [16, 6, 17, 5], [18, 12, 19, 11], [20, 4, 21, 3], [22, 9, 23, 10], [24, 13, 1, 14], [2, 7, 3, 8], [4, 16, 5, 15], [6, 20, 7, 19], [8, 21, 9, 22], [10, 1, 11, 2]]"
12a_1088_132,"[[11, 2, 12, 3], [13, 19, 14, 18], [15, 24, 16, 1], [17, 7, 18, 6], [19, 13, 20, 12], [21, 5, 22, 4], [23, 10, 24, 11], [1, 14, 2, 15], [3, 8, 4, 9], [5, 17, 6, 16], [7, 21, 8, 20], [9, 22, 10, 23]]"
12a_1088_133,"[[9, 22, 10, 23], [11, 2, 12, 3], [13, 19, 14, 18], [15, 24, 16, 1], [17, 7, 18, 6], [19, 13, 20, 12], [21, 5, 22, 4], [23, 10, 24, 11], [1, 14, 2, 15], [3, 8, 4, 9], [5, 17, 6, 16], [7, 21, 8, 20]]"
12a_1088_134,"[[7, 21, 8, 20], [9, 22, 10, 23], [11, 2, 12, 3], [13, 19, 14, 18], [15, 24, 16, 1], [17, 7, 18, 6], [19, 13, 20, 12], [21, 5, 22, 4], [23, 10, 24, 11], [1, 14, 2, 15], [3, 8, 4, 9], [5, 17, 6, 16]]"
12a_1088_135,"[[5, 17, 6, 16], [7, 21, 8, 20], [9, 22, 10, 23], [11, 2, 12, 3], [13, 19, 14, 18], [15, 24, 16, 1], [17, 7, 18, 6], [19, 13, 20, 12], [21, 5, 22, 4], [23, 10, 24, 11], [1, 14, 2, 15], [3, 8, 4, 9]]"
12a_1088_136,"[[3, 8, 4, 9], [5, 17, 6, 16], [7, 21, 8, 20], [9, 22, 10, 23], [11, 2, 12, 3], [13, 19, 14, 18], [15, 24, 16, 1], [17, 7, 18, 6], [19, 13, 20, 12], [21, 5, 22, 4], [23, 10, 24, 11], [1, 14, 2, 15]]"
12a_1088_137,"[[1, 14, 2, 15], [3, 8, 4, 9], [5, 17, 6, 16], [7, 21, 8, 20], [9, 22, 10, 23], [11, 2, 12, 3], [13, 19, 14, 18], [15, 24, 16, 1], [17, 7, 18, 6], [19, 13, 20, 12], [21, 5, 22, 4], [23, 10, 24, 11]]"
12a_1088_138,"[[23, 10, 24, 11], [1, 14, 2, 15], [3, 8, 4, 9], [5, 17, 6, 16], [7, 21, 8, 20], [9, 22, 10, 23], [11, 2, 12, 3], [13, 19, 14, 18], [15, 24, 16, 1], [17, 7, 18, 6], [19, 13, 20, 12], [21, 5, 22, 4]]"
12a_1088_139,"[[21, 5, 22, 4], [23, 10, 24, 11], [1, 14, 2, 15], [3, 8, 4, 9], [5, 17, 6, 16], [7, 21, 8, 20], [9, 22, 10, 23], [11, 2, 12, 3], [13, 19, 14, 18], [15, 24, 16, 1], [17, 7, 18, 6], [19, 13, 20, 12]]"
12a_1088_140,"[[19, 13, 20, 12], [21, 5, 22, 4], [23, 10, 24, 11], [1, 14, 2, 15], [3, 8, 4, 9], [5, 17, 6, 16], [7, 21, 8, 20], [9, 22, 10, 23], [11, 2, 12, 3], [13, 19, 14, 18], [15, 24, 16, 1], [17, 7, 18, 6]]"
12a_1088_141,"[[17, 7, 18, 6], [19, 13, 20, 12], [21, 5, 22, 4], [23, 10, 24, 11], [1, 14, 2, 15], [3, 8, 4, 9], [5, 17, 6, 16], [7, 21, 8, 20], [9, 22, 10, 23], [11, 2, 12, 3], [13, 19, 14, 18], [15, 24, 16, 1]]"
12a_1088_142,"[[15, 24, 16, 1], [17, 7, 18, 6], [19, 13, 20, 12], [21, 5, 22, 4], [23, 10, 24, 11], [1, 14, 2, 15], [3, 8, 4, 9], [5, 17, 6, 16], [7, 21, 8, 20], [9, 22, 10, 23], [11, 2, 12, 3], [13, 19, 14, 18]]"
12a_1088_143,"[[13, 19, 14, 18], [15, 24, 16, 1], [17, 7, 18, 6], [19, 13, 20, 12], [21, 5, 22, 4], [23, 10, 24, 11], [1, 14, 2, 15], [3, 8, 4, 9], [5, 17, 6, 16], [7, 21, 8, 20], [9, 22, 10, 23], [11, 2, 12, 3]]"
12a_1088_144,"[[12, 3, 13, 4], [14, 20, 15, 19], [16, 1, 17, 2], [18, 8, 19, 7], [20, 14, 21, 13], [22, 6, 23, 5], [24, 11, 1, 12], [2, 15, 3, 16], [4, 9, 5, 10], [6, 18, 7, 17], [8, 22, 9, 21], [10, 23, 11, 24]]"
12a_1088_145,"[[10, 23, 11, 24], [12, 3, 13, 4], [14, 20, 15, 19], [16, 1, 17, 2], [18, 8, 19, 7], [20, 14, 21, 13], [22, 6, 23, 5], [24, 11, 1, 12], [2, 15, 3, 16], [4, 9, 5, 10], [6, 18, 7, 17], [8, 22, 9, 21]]"
12a_1088_146,"[[8, 22, 9, 21], [10, 23, 11, 24], [12, 3, 13, 4], [14, 20, 15, 19], [16, 1, 17, 2], [18, 8, 19, 7], [20, 14, 21, 13], [22, 6, 23, 5], [24, 11, 1, 12], [2, 15, 3, 16], [4, 9, 5, 10], [6, 18, 7, 17]]"
12a_1088_147,"[[6, 18, 7, 17], [8, 22, 9, 21], [10, 23, 11, 24], [12, 3, 13, 4], [14, 20, 15, 19], [16, 1, 17, 2], [18, 8, 19, 7], [20, 14, 21, 13], [22, 6, 23, 5], [24, 11, 1, 12], [2, 15, 3, 16], [4, 9, 5, 10]]"
12a_1088_148,"[[4, 9, 5, 10], [6, 18, 7, 17], [8, 22, 9, 21], [10, 23, 11, 24], [12, 3, 13, 4], [14, 20, 15, 19], [16, 1, 17, 2], [18, 8, 19, 7], [20, 14, 21, 13], [22, 6, 23, 5], [24, 11, 1, 12], [2, 15, 3, 16]]"
12a_1088_149,"[[2, 15, 3, 16], [4, 9, 5, 10], [6, 18, 7, 17], [8, 22, 9, 21], [10, 23, 11, 24], [12, 3, 13, 4], [14, 20, 15, 19], [16, 1, 17, 2], [18, 8, 19, 7], [20, 14, 21, 13], [22, 6, 23, 5], [24, 11, 1, 12]]"
12a_1088_150,"[[24, 11, 1, 12], [2, 15, 3, 16], [4, 9, 5, 10], [6, 18, 7, 17], [8, 22, 9, 21], [10, 23, 11, 24], [12, 3, 13, 4], [14, 20, 15, 19], [16, 1, 17, 2], [18, 8, 19, 7], [20, 14, 21, 13], [22, 6, 23, 5]]"
12a_1088_151,"[[22, 6, 23, 5], [24, 11, 1, 12], [2, 15, 3, 16], [4, 9, 5, 10], [6, 18, 7, 17], [8, 22, 9, 21], [10, 23, 11, 24], [12, 3, 13, 4], [14, 20, 15, 19], [16, 1, 17, 2], [18, 8, 19, 7], [20, 14, 21, 13]]"
12a_1088_152,"[[20, 14, 21, 13], [22, 6, 23, 5], [24, 11, 1, 12], [2, 15, 3, 16], [4, 9, 5, 10], [6, 18, 7, 17], [8, 22, 9, 21], [10, 23, 11, 24], [12, 3, 13, 4], [14, 20, 15, 19], [16, 1, 17, 2], [18, 8, 19, 7]]"
12a_1088_153,"[[18, 8, 19, 7], [20, 14, 21, 13], [22, 6, 23, 5], [24, 11, 1, 12], [2, 15, 3, 16], [4, 9, 5, 10], [6, 18, 7, 17], [8, 22, 9, 21], [10, 23, 11, 24], [12, 3, 13, 4], [14, 20, 15, 19], [16, 1, 17, 2]]"
12a_1088_154,"[[16, 1, 17, 2], [18, 8, 19, 7], [20, 14, 21, 13], [22, 6, 23, 5], [24, 11, 1, 12], [2, 15, 3, 16], [4, 9, 5, 10], [6, 18, 7, 17], [8, 22, 9, 21], [10, 23, 11, 24], [12, 3, 13, 4], [14, 20, 15, 19]]"
12a_1088_155,"[[14, 20, 15, 19], [16, 1, 17, 2], [18, 8, 19, 7], [20, 14, 21, 13], [22, 6, 23, 5], [24, 11, 1, 12], [2, 15, 3, 16], [4, 9, 5, 10], [6, 18, 7, 17], [8, 22, 9, 21], [10, 23, 11, 24], [12, 3, 13, 4]]"
12a_1088_156,"[[13, 4, 14, 5], [15, 21, 16, 20], [17, 2, 18, 3], [19, 9, 20, 8], [21, 15, 22, 14], [23, 7, 24, 6], [1, 12, 2, 13], [3, 16, 4, 17], [5, 10, 6, 11], [7, 19, 8, 18], [9, 23, 10, 22], [11, 24, 12, 1]]"
12a_1088_157,"[[11, 24, 12, 1], [13, 4, 14, 5], [15, 21, 16, 20], [17, 2, 18, 3], [19, 9, 20, 8], [21, 15, 22, 14], [23, 7, 24, 6], [1, 12, 2, 13], [3, 16, 4, 17], [5, 10, 6, 11], [7, 19, 8, 18], [9, 23, 10, 22]]"
12a_1088_158,"[[9, 23, 10, 22], [11, 24, 12, 1], [13, 4, 14, 5], [15, 21, 16, 20], [17, 2, 18, 3], [19, 9, 20, 8], [21, 15, 22, 14], [23, 7, 24, 6], [1, 12, 2, 13], [3, 16, 4, 17], [5, 10, 6, 11], [7, 19, 8, 18]]"
12a_1088_159,"[[7, 19, 8, 18], [9, 23, 10, 22], [11, 24, 12, 1], [13, 4, 14, 5], [15, 21, 16, 20], [17, 2, 18, 3], [19, 9, 20, 8], [21, 15, 22, 14], [23, 7, 24, 6], [1, 12, 2, 13], [3, 16, 4, 17], [5, 10, 6, 11]]"
12a_1088_160,"[[5, 10, 6, 11], [7, 19, 8, 18], [9, 23, 10, 22], [11, 24, 12, 1], [13, 4, 14, 5], [15, 21, 16, 20], [17, 2, 18, 3], [19, 9, 20, 8], [21, 15, 22, 14], [23, 7, 24, 6], [1, 12, 2, 13], [3, 16, 4, 17]]"
12a_1088_161,"[[3, 16, 4, 17], [5, 10, 6, 11], [7, 19, 8, 18], [9, 23, 10, 22], [11, 24, 12, 1], [13, 4, 14, 5], [15, 21, 16, 20], [17, 2, 18, 3], [19, 9, 20, 8], [21, 15, 22, 14], [23, 7, 24, 6], [1, 12, 2, 13]]"
12a_1088_162,"[[1, 12, 2, 13], [3, 16, 4, 17], [5, 10, 6, 11], [7, 19, 8, 18], [9, 23, 10, 22], [11, 24, 12, 1], [13, 4, 14, 5], [15, 21, 16, 20], [17, 2, 18, 3], [19, 9, 20, 8], [21, 15, 22, 14], [23, 7, 24, 6]]"
12a_1088_163,"[[23, 7, 24, 6], [1, 12, 2, 13], [3, 16, 4, 17], [5, 10, 6, 11], [7, 19, 8, 18], [9, 23, 10, 22], [11, 24, 12, 1], [13, 4, 14, 5], [15, 21, 16, 20], [17, 2, 18, 3], [19, 9, 20, 8], [21, 15, 22, 14]]"
12a_1088_164,"[[21, 15, 22, 14], [23, 7, 24, 6], [1, 12, 2, 13], [3, 16, 4, 17], [5, 10, 6, 11], [7, 19, 8, 18], [9, 23, 10, 22], [11, 24, 12, 1], [13, 4, 14, 5], [15, 21, 16, 20], [17, 2, 18, 3], [19, 9, 20, 8]]"
12a_1088_165,"[[19, 9, 20, 8], [21, 15, 22, 14], [23, 7, 24, 6], [1, 12, 2, 13], [3, 16, 4, 17], [5, 10, 6, 11], [7, 19, 8, 18], [9, 23, 10, 22], [11, 24, 12, 1], [13, 4, 14, 5], [15, 21, 16, 20], [17, 2, 18, 3]]"
12a_1088_166,"[[17, 2, 18, 3], [19, 9, 20, 8], [21, 15, 22, 14], [23, 7, 24, 6], [1, 12, 2, 13], [3, 16, 4, 17], [5, 10, 6, 11], [7, 19, 8, 18], [9, 23, 10, 22], [11, 24, 12, 1], [13, 4, 14, 5], [15, 21, 16, 20]]"
12a_1088_167,"[[15, 21, 16, 20], [17, 2, 18, 3], [19, 9, 20, 8], [21, 15, 22, 14], [23, 7, 24, 6], [1, 12, 2, 13], [3, 16, 4, 17], [5, 10, 6, 11], [7, 19, 8, 18], [9, 23, 10, 22], [11, 24, 12, 1], [13, 4, 14, 5]]"
12a_1088_168,"[[14, 5, 15, 6], [16, 22, 17, 21], [18, 3, 19, 4], [20, 10, 21, 9], [22, 16, 23, 15], [24, 8, 1, 7], [2, 13, 3, 14], [4, 17, 5, 18], [6, 11, 7, 12], [8, 20, 9, 19], [10, 24, 11, 23], [12, 1, 13, 2]]"
12a_1088_169,"[[12, 1, 13, 2], [14, 5, 15, 6], [16, 22, 17, 21], [18, 3, 19, 4], [20, 10, 21, 9], [22, 16, 23, 15], [24, 8, 1, 7], [2, 13, 3, 14], [4, 17, 5, 18], [6, 11, 7, 12], [8, 20, 9, 19], [10, 24, 11, 23]]"
12a_1088_170,"[[10, 24, 11, 23], [12, 1, 13, 2], [14, 5, 15, 6], [16, 22, 17, 21], [18, 3, 19, 4], [20, 10, 21, 9], [22, 16, 23, 15], [24, 8, 1, 7], [2, 13, 3, 14], [4, 17, 5, 18], [6, 11, 7, 12], [8, 20, 9, 19]]"
12a_1088_171,"[[8, 20, 9, 19], [10, 24, 11, 23], [12, 1, 13, 2], [14, 5, 15, 6], [16, 22, 17, 21], [18, 3, 19, 4], [20, 10, 21, 9], [22, 16, 23, 15], [24, 8, 1, 7], [2, 13, 3, 14], [4, 17, 5, 18], [6, 11, 7, 12]]"
12a_1088_172,"[[6, 11, 7, 12], [8, 20, 9, 19], [10, 24, 11, 23], [12, 1, 13, 2], [14, 5, 15, 6], [16, 22, 17, 21], [18, 3, 19, 4], [20, 10, 21, 9], [22, 16, 23, 15], [24, 8, 1, 7], [2, 13, 3, 14], [4, 17, 5, 18]]"
12a_1088_173,"[[4, 17, 5, 18], [6, 11, 7, 12], [8, 20, 9, 19], [10, 24, 11, 23], [12, 1, 13, 2], [14, 5, 15, 6], [16, 22, 17, 21], [18, 3, 19, 4], [20, 10, 21, 9], [22, 16, 23, 15], [24, 8, 1, 7], [2, 13, 3, 14]]"
12a_1088_174,"[[2, 13, 3, 14], [4, 17, 5, 18], [6, 11, 7, 12], [8, 20, 9, 19], [10, 24, 11, 23], [12, 1, 13, 2], [14, 5, 15, 6], [16, 22, 17, 21], [18, 3, 19, 4], [20, 10, 21, 9], [22, 16, 23, 15], [24, 8, 1, 7]]"
12a_1088_175,"[[24, 8, 1, 7], [2, 13, 3, 14], [4, 17, 5, 18], [6, 11, 7, 12], [8, 20, 9, 19], [10, 24, 11, 23], [12, 1, 13, 2], [14, 5, 15, 6], [16, 22, 17, 21], [18, 3, 19, 4], [20, 10, 21, 9], [22, 16, 23, 15]]"
12a_1088_176,"[[22, 16, 23, 15], [24, 8, 1, 7], [2, 13, 3, 14], [4, 17, 5, 18], [6, 11, 7, 12], [8, 20, 9, 19], [10, 24, 11, 23], [12, 1, 13, 2], [14, 5, 15, 6], [16, 22, 17, 21], [18, 3, 19, 4], [20, 10, 21, 9]]"
12a_1088_177,"[[20, 10, 21, 9], [22, 16, 23, 15], [24, 8, 1, 7], [2, 13, 3, 14], [4, 17, 5, 18], [6, 11, 7, 12], [8, 20, 9, 19], [10, 24, 11, 23], [12, 1, 13, 2], [14, 5, 15, 6], [16, 22, 17, 21], [18, 3, 19, 4]]"
12a_1088_178,"[[18, 3, 19, 4], [20, 10, 21, 9], [22, 16, 23, 15], [24, 8, 1, 7], [2, 13, 3, 14], [4, 17, 5, 18], [6, 11, 7, 12], [8, 20, 9, 19], [10, 24, 11, 23], [12, 1, 13, 2], [14, 5, 15, 6], [16, 22, 17, 21]]"
12a_1088_179,"[[16, 22, 17, 21], [18, 3, 19, 4], [20, 10, 21, 9], [22, 16, 23, 15], [24, 8, 1, 7], [2, 13, 3, 14], [4, 17, 5, 18], [6, 11, 7, 12], [8, 20, 9, 19], [10, 24, 11, 23], [12, 1, 13, 2], [14, 5, 15, 6]]"
12a_1088_180,"[[15, 6, 16, 7], [17, 23, 18, 22], [19, 4, 20, 5], [21, 11, 22, 10], [23, 17, 24, 16], [1, 9, 2, 8], [3, 14, 4, 15], [5, 18, 6, 19], [7, 12, 8, 13], [9, 21, 10, 20], [11, 1, 12, 24], [13, 2, 14, 3]]"
12a_1088_181,"[[13, 2, 14, 3], [15, 6, 16, 7], [17, 23, 18, 22], [19, 4, 20, 5], [21, 11, 22, 10], [23, 17, 24, 16], [1, 9, 2, 8], [3, 14, 4, 15], [5, 18, 6, 19], [7, 12, 8, 13], [9, 21, 10, 20], [11, 1, 12, 24]]"
12a_1088_182,"[[11, 1, 12, 24], [13, 2, 14, 3], [15, 6, 16, 7], [17, 23, 18, 22], [19, 4, 20, 5], [21, 11, 22, 10], [23, 17, 24, 16], [1, 9, 2, 8], [3, 14, 4, 15], [5, 18, 6, 19], [7, 12, 8, 13], [9, 21, 10, 20]]"
12a_1088_183,"[[9, 21, 10, 20], [11, 1, 12, 24], [13, 2, 14, 3], [15, 6, 16, 7], [17, 23, 18, 22], [19, 4, 20, 5], [21, 11, 22, 10], [23, 17, 24, 16], [1, 9, 2, 8], [3, 14, 4, 15], [5, 18, 6, 19], [7, 12, 8, 13]]"
12a_1088_184,"[[7, 12, 8, 13], [9, 21, 10, 20], [11, 1, 12, 24], [13, 2, 14, 3], [15, 6, 16, 7], [17, 23, 18, 22], [19, 4, 20, 5], [21, 11, 22, 10], [23, 17, 24, 16], [1, 9, 2, 8], [3, 14, 4, 15], [5, 18, 6, 19]]"
12a_1088_185,"[[5, 18, 6, 19], [7, 12, 8, 13], [9, 21, 10, 20], [11, 1, 12, 24], [13, 2, 14, 3], [15, 6, 16, 7], [17, 23, 18, 22], [19, 4, 20, 5], [21, 11, 22, 10], [23, 17, 24, 16], [1, 9, 2, 8], [3, 14, 4, 15]]"
