name,pd_notation
12a_0408_0,"[[24, 14, 1, 13], [2, 6, 3, 5], [4, 12, 5, 11], [6, 18, 7, 17], [8, 24, 9, 23], [10, 4, 11, 3], [12, 20, 13, 19], [14, 8, 15, 7], [16, 21, 17, 22], [18, 2, 19, 1], [20, 10, 21, 9], [22, 15, 23, 16]]"
12a_0408_1,"[[22, 15, 23, 16], [24, 14, 1, 13], [2, 6, 3, 5], [4, 12, 5, 11], [6, 18, 7, 17], [8, 24, 9, 23], [10, 4, 11, 3], [12, 20, 13, 19], [14, 8, 15, 7], [16, 21, 17, 22], [18, 2, 19, 1], [20, 10, 21, 9]]"
12a_0408_2,"[[20, 10, 21, 9], [22, 15, 23, 16], [24, 14, 1, 13], [2, 6, 3, 5], [4, 12, 5, 11], [6, 18, 7, 17], [8, 24, 9, 23], [10, 4, 11, 3], [12, 20, 13, 19], [14, 8, 15, 7], [16, 21, 17, 22], [18, 2, 19, 1]]"
12a_0408_3,"[[18, 2, 19, 1], [20, 10, 21, 9], [22, 15, 23, 16], [24, 14, 1, 13], [2, 6, 3, 5], [4, 12, 5, 11], [6, 18, 7, 17], [8, 24, 9, 23], [10, 4, 11, 3], [12, 20, 13, 19], [14, 8, 15, 7], [16, 21, 17, 22]]"
12a_0408_4,"[[16, 21, 17, 22], [18, 2, 19, 1], [20, 10, 21, 9], [22, 15, 23, 16], [24, 14, 1, 13], [2, 6, 3, 5], [4, 12, 5, 11], [6, 18, 7, 17], [8, 24, 9, 23], [10, 4, 11, 3], [12, 20, 13, 19], [14, 8, 15, 7]]"
12a_0408_5,"[[14, 8, 15, 7], [16, 21, 17, 22], [18, 2, 19, 1], [20, 10, 21, 9], [22, 15, 23, 16], [24, 14, 1, 13], [2, 6, 3, 5], [4, 12, 5, 11], [6, 18, 7, 17], [8, 24, 9, 23], [10, 4, 11, 3], [12, 20, 13, 19]]"
12a_0408_6,"[[12, 20, 13, 19], [14, 8, 15, 7], [16, 21, 17, 22], [18, 2, 19, 1], [20, 10, 21, 9], [22, 15, 23, 16], [24, 14, 1, 13], [2, 6, 3, 5], [4, 12, 5, 11], [6, 18, 7, 17], [8, 24, 9, 23], [10, 4, 11, 3]]"
12a_0408_7,"[[10, 4, 11, 3], [12, 20, 13, 19], [14, 8, 15, 7], [16, 21, 17, 22], [18, 2, 19, 1], [20, 10, 21, 9], [22, 15, 23, 16], [24, 14, 1, 13], [2, 6, 3, 5], [4, 12, 5, 11], [6, 18, 7, 17], [8, 24, 9, 23]]"
12a_0408_8,"[[8, 24, 9, 23], [10, 4, 11, 3], [12, 20, 13, 19], [14, 8, 15, 7], [16, 21, 17, 22], [18, 2, 19, 1], [20, 10, 21, 9], [22, 15, 23, 16], [24, 14, 1, 13], [2, 6, 3, 5], [4, 12, 5, 11], [6, 18, 7, 17]]"
12a_0408_9,"[[6, 18, 7, 17], [8, 24, 9, 23], [10, 4, 11, 3], [12, 20, 13, 19], [14, 8, 15, 7], [16, 21, 17, 22], [18, 2, 19, 1], [20, 10, 21, 9], [22, 15, 23, 16], [24, 14, 1, 13], [2, 6, 3, 5], [4, 12, 5, 11]]"
12a_0408_10,"[[4, 12, 5, 11], [6, 18, 7, 17], [8, 24, 9, 23], [10, 4, 11, 3], [12, 20, 13, 19], [14, 8, 15, 7], [16, 21, 17, 22], [18, 2, 19, 1], [20, 10, 21, 9], [22, 15, 23, 16], [24, 14, 1, 13], [2, 6, 3, 5]]"
12a_0408_11,"[[2, 6, 3, 5], [4, 12, 5, 11], [6, 18, 7, 17], [8, 24, 9, 23], [10, 4, 11, 3], [12, 20, 13, 19], [14, 8, 15, 7], [16, 21, 17, 22], [18, 2, 19, 1], [20, 10, 21, 9], [22, 15, 23, 16], [24, 14, 1, 13]]"
12a_0408_12,"[[1, 15, 2, 14], [3, 7, 4, 6], [5, 13, 6, 12], [7, 19, 8, 18], [9, 1, 10, 24], [11, 5, 12, 4], [13, 21, 14, 20], [15, 9, 16, 8], [17, 22, 18, 23], [19, 3, 20, 2], [21, 11, 22, 10], [23, 16, 24, 17]]"
12a_0408_13,"[[23, 16, 24, 17], [1, 15, 2, 14], [3, 7, 4, 6], [5, 13, 6, 12], [7, 19, 8, 18], [9, 1, 10, 24], [11, 5, 12, 4], [13, 21, 14, 20], [15, 9, 16, 8], [17, 22, 18, 23], [19, 3, 20, 2], [21, 11, 22, 10]]"
12a_0408_14,"[[21, 11, 22, 10], [23, 16, 24, 17], [1, 15, 2, 14], [3, 7, 4, 6], [5, 13, 6, 12], [7, 19, 8, 18], [9, 1, 10, 24], [11, 5, 12, 4], [13, 21, 14, 20], [15, 9, 16, 8], [17, 22, 18, 23], [19, 3, 20, 2]]"
12a_0408_15,"[[19, 3, 20, 2], [21, 11, 22, 10], [23, 16, 24, 17], [1, 15, 2, 14], [3, 7, 4, 6], [5, 13, 6, 12], [7, 19, 8, 18], [9, 1, 10, 24], [11, 5, 12, 4], [13, 21, 14, 20], [15, 9, 16, 8], [17, 22, 18, 23]]"
12a_0408_16,"[[17, 22, 18, 23], [19, 3, 20, 2], [21, 11, 22, 10], [23, 16, 24, 17], [1, 15, 2, 14], [3, 7, 4, 6], [5, 13, 6, 12], [7, 19, 8, 18], [9, 1, 10, 24], [11, 5, 12, 4], [13, 21, 14, 20], [15, 9, 16, 8]]"
12a_0408_17,"[[15, 9, 16, 8], [17, 22, 18, 23], [19, 3, 20, 2], [21, 11, 22, 10], [23, 16, 24, 17], [1, 15, 2, 14], [3, 7, 4, 6], [5, 13, 6, 12], [7, 19, 8, 18], [9, 1, 10, 24], [11, 5, 12, 4], [13, 21, 14, 20]]"
12a_0408_18,"[[13, 21, 14, 20], [15, 9, 16, 8], [17, 22, 18, 23], [19, 3, 20, 2], [21, 11, 22, 10], [23, 16, 24, 17], [1, 15, 2, 14], [3, 7, 4, 6], [5, 13, 6, 12], [7, 19, 8, 18], [9, 1, 10, 24], [11, 5, 12, 4]]"
12a_0408_19,"[[11, 5, 12, 4], [13, 21, 14, 20], [15, 9, 16, 8], [17, 22, 18, 23], [19, 3, 20, 2], [21, 11, 22, 10], [23, 16, 24, 17], [1, 15, 2, 14], [3, 7, 4, 6], [5, 13, 6, 12], [7, 19, 8, 18], [9, 1, 10, 24]]"
12a_0408_20,"[[9, 1, 10, 24], [11, 5, 12, 4], [13, 21, 14, 20], [15, 9, 16, 8], [17, 22, 18, 23], [19, 3, 20, 2], [21, 11, 22, 10], [23, 16, 24, 17], [1, 15, 2, 14], [3, 7, 4, 6], [5, 13, 6, 12], [7, 19, 8, 18]]"
12a_0408_21,"[[7, 19, 8, 18], [9, 1, 10, 24], [11, 5, 12, 4], [13, 21, 14, 20], [15, 9, 16, 8], [17, 22, 18, 23], [19, 3, 20, 2], [21, 11, 22, 10], [23, 16, 24, 17], [1, 15, 2, 14], [3, 7, 4, 6], [5, 13, 6, 12]]"
12a_0408_22,"[[5, 13, 6, 12], [7, 19, 8, 18], [9, 1, 10, 24], [11, 5, 12, 4], [13, 21, 14, 20], [15, 9, 16, 8], [17, 22, 18, 23], [19, 3, 20, 2], [21, 11, 22, 10], [23, 16, 24, 17], [1, 15, 2, 14], [3, 7, 4, 6]]"
12a_0408_23,"[[3, 7, 4, 6], [5, 13, 6, 12], [7, 19, 8, 18], [9, 1, 10, 24], [11, 5, 12, 4], [13, 21, 14, 20], [15, 9, 16, 8], [17, 22, 18, 23], [19, 3, 20, 2], [21, 11, 22, 10], [23, 16, 24, 17], [1, 15, 2, 14]]"
12a_0408_24,"[[2, 16, 3, 15], [4, 8, 5, 7], [6, 14, 7, 13], [8, 20, 9, 19], [10, 2, 11, 1], [12, 6, 13, 5], [14, 22, 15, 21], [16, 10, 17, 9], [18, 23, 19, 24], [20, 4, 21, 3], [22, 12, 23, 11], [24, 17, 1, 18]]"
12a_0408_25,"[[24, 17, 1, 18], [2, 16, 3, 15], [4, 8, 5, 7], [6, 14, 7, 13], [8, 20, 9, 19], [10, 2, 11, 1], [12, 6, 13, 5], [14, 22, 15, 21], [16, 10, 17, 9], [18, 23, 19, 24], [20, 4, 21, 3], [22, 12, 23, 11]]"
12a_0408_26,"[[22, 12, 23, 11], [24, 17, 1, 18], [2, 16, 3, 15], [4, 8, 5, 7], [6, 14, 7, 13], [8, 20, 9, 19], [10, 2, 11, 1], [12, 6, 13, 5], [14, 22, 15, 21], [16, 10, 17, 9], [18, 23, 19, 24], [20, 4, 21, 3]]"
12a_0408_27,"[[20, 4, 21, 3], [22, 12, 23, 11], [24, 17, 1, 18], [2, 16, 3, 15], [4, 8, 5, 7], [6, 14, 7, 13], [8, 20, 9, 19], [10, 2, 11, 1], [12, 6, 13, 5], [14, 22, 15, 21], [16, 10, 17, 9], [18, 23, 19, 24]]"
12a_0408_28,"[[18, 23, 19, 24], [20, 4, 21, 3], [22, 12, 23, 11], [24, 17, 1, 18], [2, 16, 3, 15], [4, 8, 5, 7], [6, 14, 7, 13], [8, 20, 9, 19], [10, 2, 11, 1], [12, 6, 13, 5], [14, 22, 15, 21], [16, 10, 17, 9]]"
12a_0408_29,"[[16, 10, 17, 9], [18, 23, 19, 24], [20, 4, 21, 3], [22, 12, 23, 11], [24, 17, 1, 18], [2, 16, 3, 15], [4, 8, 5, 7], [6, 14, 7, 13], [8, 20, 9, 19], [10, 2, 11, 1], [12, 6, 13, 5], [14, 22, 15, 21]]"
12a_0408_30,"[[14, 22, 15, 21], [16, 10, 17, 9], [18, 23, 19, 24], [20, 4, 21, 3], [22, 12, 23, 11], [24, 17, 1, 18], [2, 16, 3, 15], [4, 8, 5, 7], [6, 14, 7, 13], [8, 20, 9, 19], [10, 2, 11, 1], [12, 6, 13, 5]]"
12a_0408_31,"[[12, 6, 13, 5], [14, 22, 15, 21], [16, 10, 17, 9], [18, 23, 19, 24], [20, 4, 21, 3], [22, 12, 23, 11], [24, 17, 1, 18], [2, 16, 3, 15], [4, 8, 5, 7], [6, 14, 7, 13], [8, 20, 9, 19], [10, 2, 11, 1]]"
12a_0408_32,"[[10, 2, 11, 1], [12, 6, 13, 5], [14, 22, 15, 21], [16, 10, 17, 9], [18, 23, 19, 24], [20, 4, 21, 3], [22, 12, 23, 11], [24, 17, 1, 18], [2, 16, 3, 15], [4, 8, 5, 7], [6, 14, 7, 13], [8, 20, 9, 19]]"
12a_0408_33,"[[8, 20, 9, 19], [10, 2, 11, 1], [12, 6, 13, 5], [14, 22, 15, 21], [16, 10, 17, 9], [18, 23, 19, 24], [20, 4, 21, 3], [22, 12, 23, 11], [24, 17, 1, 18], [2, 16, 3, 15], [4, 8, 5, 7], [6, 14, 7, 13]]"
12a_0408_34,"[[6, 14, 7, 13], [8, 20, 9, 19], [10, 2, 11, 1], [12, 6, 13, 5], [14, 22, 15, 21], [16, 10, 17, 9], [18, 23, 19, 24], [20, 4, 21, 3], [22, 12, 23, 11], [24, 17, 1, 18], [2, 16, 3, 15], [4, 8, 5, 7]]"
12a_0408_35,"[[4, 8, 5, 7], [6, 14, 7, 13], [8, 20, 9, 19], [10, 2, 11, 1], [12, 6, 13, 5], [14, 22, 15, 21], [16, 10, 17, 9], [18, 23, 19, 24], [20, 4, 21, 3], [22, 12, 23, 11], [24, 17, 1, 18], [2, 16, 3, 15]]"
12a_0408_36,"[[3, 17, 4, 16], [5, 9, 6, 8], [7, 15, 8, 14], [9, 21, 10, 20], [11, 3, 12, 2], [13, 7, 14, 6], [15, 23, 16, 22], [17, 11, 18, 10], [19, 24, 20, 1], [21, 5, 22, 4], [23, 13, 24, 12], [1, 18, 2, 19]]"
12a_0408_37,"[[1, 18, 2, 19], [3, 17, 4, 16], [5, 9, 6, 8], [7, 15, 8, 14], [9, 21, 10, 20], [11, 3, 12, 2], [13, 7, 14, 6], [15, 23, 16, 22], [17, 11, 18, 10], [19, 24, 20, 1], [21, 5, 22, 4], [23, 13, 24, 12]]"
12a_0408_38,"[[23, 13, 24, 12], [1, 18, 2, 19], [3, 17, 4, 16], [5, 9, 6, 8], [7, 15, 8, 14], [9, 21, 10, 20], [11, 3, 12, 2], [13, 7, 14, 6], [15, 23, 16, 22], [17, 11, 18, 10], [19, 24, 20, 1], [21, 5, 22, 4]]"
12a_0408_39,"[[21, 5, 22, 4], [23, 13, 24, 12], [1, 18, 2, 19], [3, 17, 4, 16], [5, 9, 6, 8], [7, 15, 8, 14], [9, 21, 10, 20], [11, 3, 12, 2], [13, 7, 14, 6], [15, 23, 16, 22], [17, 11, 18, 10], [19, 24, 20, 1]]"
12a_0408_40,"[[19, 24, 20, 1], [21, 5, 22, 4], [23, 13, 24, 12], [1, 18, 2, 19], [3, 17, 4, 16], [5, 9, 6, 8], [7, 15, 8, 14], [9, 21, 10, 20], [11, 3, 12, 2], [13, 7, 14, 6], [15, 23, 16, 22], [17, 11, 18, 10]]"
12a_0408_41,"[[17, 11, 18, 10], [19, 24, 20, 1], [21, 5, 22, 4], [23, 13, 24, 12], [1, 18, 2, 19], [3, 17, 4, 16], [5, 9, 6, 8], [7, 15, 8, 14], [9, 21, 10, 20], [11, 3, 12, 2], [13, 7, 14, 6], [15, 23, 16, 22]]"
12a_0408_42,"[[15, 23, 16, 22], [17, 11, 18, 10], [19, 24, 20, 1], [21, 5, 22, 4], [23, 13, 24, 12], [1, 18, 2, 19], [3, 17, 4, 16], [5, 9, 6, 8], [7, 15, 8, 14], [9, 21, 10, 20], [11, 3, 12, 2], [13, 7, 14, 6]]"
12a_0408_43,"[[13, 7, 14, 6], [15, 23, 16, 22], [17, 11, 18, 10], [19, 24, 20, 1], [21, 5, 22, 4], [23, 13, 24, 12], [1, 18, 2, 19], [3, 17, 4, 16], [5, 9, 6, 8], [7, 15, 8, 14], [9, 21, 10, 20], [11, 3, 12, 2]]"
12a_0408_44,"[[11, 3, 12, 2], [13, 7, 14, 6], [15, 23, 16, 22], [17, 11, 18, 10], [19, 24, 20, 1], [21, 5, 22, 4], [23, 13, 24, 12], [1, 18, 2, 19], [3, 17, 4, 16], [5, 9, 6, 8], [7, 15, 8, 14], [9, 21, 10, 20]]"
12a_0408_45,"[[9, 21, 10, 20], [11, 3, 12, 2], [13, 7, 14, 6], [15, 23, 16, 22], [17, 11, 18, 10], [19, 24, 20, 1], [21, 5, 22, 4], [23, 13, 24, 12], [1, 18, 2, 19], [3, 17, 4, 16], [5, 9, 6, 8], [7, 15, 8, 14]]"
12a_0408_46,"[[7, 15, 8, 14], [9, 21, 10, 20], [11, 3, 12, 2], [13, 7, 14, 6], [15, 23, 16, 22], [17, 11, 18, 10], [19, 24, 20, 1], [21, 5, 22, 4], [23, 13, 24, 12], [1, 18, 2, 19], [3, 17, 4, 16], [5, 9, 6, 8]]"
12a_0408_47,"[[5, 9, 6, 8], [7, 15, 8, 14], [9, 21, 10, 20], [11, 3, 12, 2], [13, 7, 14, 6], [15, 23, 16, 22], [17, 11, 18, 10], [19, 24, 20, 1], [21, 5, 22, 4], [23, 13, 24, 12], [1, 18, 2, 19], [3, 17, 4, 16]]"
12a_0408_48,"[[4, 18, 5, 17], [6, 10, 7, 9], [8, 16, 9, 15], [10, 22, 11, 21], [12, 4, 13, 3], [14, 8, 15, 7], [16, 24, 17, 23], [18, 12, 19, 11], [20, 1, 21, 2], [22, 6, 23, 5], [24, 14, 1, 13], [2, 19, 3, 20]]"
12a_0408_49,"[[2, 19, 3, 20], [4, 18, 5, 17], [6, 10, 7, 9], [8, 16, 9, 15], [10, 22, 11, 21], [12, 4, 13, 3], [14, 8, 15, 7], [16, 24, 17, 23], [18, 12, 19, 11], [20, 1, 21, 2], [22, 6, 23, 5], [24, 14, 1, 13]]"
12a_0408_50,"[[24, 14, 1, 13], [2, 19, 3, 20], [4, 18, 5, 17], [6, 10, 7, 9], [8, 16, 9, 15], [10, 22, 11, 21], [12, 4, 13, 3], [14, 8, 15, 7], [16, 24, 17, 23], [18, 12, 19, 11], [20, 1, 21, 2], [22, 6, 23, 5]]"
12a_0408_51,"[[22, 6, 23, 5], [24, 14, 1, 13], [2, 19, 3, 20], [4, 18, 5, 17], [6, 10, 7, 9], [8, 16, 9, 15], [10, 22, 11, 21], [12, 4, 13, 3], [14, 8, 15, 7], [16, 24, 17, 23], [18, 12, 19, 11], [20, 1, 21, 2]]"
12a_0408_52,"[[20, 1, 21, 2], [22, 6, 23, 5], [24, 14, 1, 13], [2, 19, 3, 20], [4, 18, 5, 17], [6, 10, 7, 9], [8, 16, 9, 15], [10, 22, 11, 21], [12, 4, 13, 3], [14, 8, 15, 7], [16, 24, 17, 23], [18, 12, 19, 11]]"
12a_0408_53,"[[18, 12, 19, 11], [20, 1, 21, 2], [22, 6, 23, 5], [24, 14, 1, 13], [2, 19, 3, 20], [4, 18, 5, 17], [6, 10, 7, 9], [8, 16, 9, 15], [10, 22, 11, 21], [12, 4, 13, 3], [14, 8, 15, 7], [16, 24, 17, 23]]"
12a_0408_54,"[[16, 24, 17, 23], [18, 12, 19, 11], [20, 1, 21, 2], [22, 6, 23, 5], [24, 14, 1, 13], [2, 19, 3, 20], [4, 18, 5, 17], [6, 10, 7, 9], [8, 16, 9, 15], [10, 22, 11, 21], [12, 4, 13, 3], [14, 8, 15, 7]]"
12a_0408_55,"[[14, 8, 15, 7], [16, 24, 17, 23], [18, 12, 19, 11], [20, 1, 21, 2], [22, 6, 23, 5], [24, 14, 1, 13], [2, 19, 3, 20], [4, 18, 5, 17], [6, 10, 7, 9], [8, 16, 9, 15], [10, 22, 11, 21], [12, 4, 13, 3]]"
12a_0408_56,"[[12, 4, 13, 3], [14, 8, 15, 7], [16, 24, 17, 23], [18, 12, 19, 11], [20, 1, 21, 2], [22, 6, 23, 5], [24, 14, 1, 13], [2, 19, 3, 20], [4, 18, 5, 17], [6, 10, 7, 9], [8, 16, 9, 15], [10, 22, 11, 21]]"
12a_0408_57,"[[10, 22, 11, 21], [12, 4, 13, 3], [14, 8, 15, 7], [16, 24, 17, 23], [18, 12, 19, 11], [20, 1, 21, 2], [22, 6, 23, 5], [24, 14, 1, 13], [2, 19, 3, 20], [4, 18, 5, 17], [6, 10, 7, 9], [8, 16, 9, 15]]"
12a_0408_58,"[[8, 16, 9, 15], [10, 22, 11, 21], [12, 4, 13, 3], [14, 8, 15, 7], [16, 24, 17, 23], [18, 12, 19, 11], [20, 1, 21, 2], [22, 6, 23, 5], [24, 14, 1, 13], [2, 19, 3, 20], [4, 18, 5, 17], [6, 10, 7, 9]]"
12a_0408_59,"[[6, 10, 7, 9], [8, 16, 9, 15], [10, 22, 11, 21], [12, 4, 13, 3], [14, 8, 15, 7], [16, 24, 17, 23], [18, 12, 19, 11], [20, 1, 21, 2], [22, 6, 23, 5], [24, 14, 1, 13], [2, 19, 3, 20], [4, 18, 5, 17]]"
12a_0408_60,"[[5, 19, 6, 18], [7, 11, 8, 10], [9, 17, 10, 16], [11, 23, 12, 22], [13, 5, 14, 4], [15, 9, 16, 8], [17, 1, 18, 24], [19, 13, 20, 12], [21, 2, 22, 3], [23, 7, 24, 6], [1, 15, 2, 14], [3, 20, 4, 21]]"
12a_0408_61,"[[3, 20, 4, 21], [5, 19, 6, 18], [7, 11, 8, 10], [9, 17, 10, 16], [11, 23, 12, 22], [13, 5, 14, 4], [15, 9, 16, 8], [17, 1, 18, 24], [19, 13, 20, 12], [21, 2, 22, 3], [23, 7, 24, 6], [1, 15, 2, 14]]"
12a_0408_62,"[[1, 15, 2, 14], [3, 20, 4, 21], [5, 19, 6, 18], [7, 11, 8, 10], [9, 17, 10, 16], [11, 23, 12, 22], [13, 5, 14, 4], [15, 9, 16, 8], [17, 1, 18, 24], [19, 13, 20, 12], [21, 2, 22, 3], [23, 7, 24, 6]]"
12a_0408_63,"[[23, 7, 24, 6], [1, 15, 2, 14], [3, 20, 4, 21], [5, 19, 6, 18], [7, 11, 8, 10], [9, 17, 10, 16], [11, 23, 12, 22], [13, 5, 14, 4], [15, 9, 16, 8], [17, 1, 18, 24], [19, 13, 20, 12], [21, 2, 22, 3]]"
12a_0408_64,"[[21, 2, 22, 3], [23, 7, 24, 6], [1, 15, 2, 14], [3, 20, 4, 21], [5, 19, 6, 18], [7, 11, 8, 10], [9, 17, 10, 16], [11, 23, 12, 22], [13, 5, 14, 4], [15, 9, 16, 8], [17, 1, 18, 24], [19, 13, 20, 12]]"
12a_0408_65,"[[19, 13, 20, 12], [21, 2, 22, 3], [23, 7, 24, 6], [1, 15, 2, 14], [3, 20, 4, 21], [5, 19, 6, 18], [7, 11, 8, 10], [9, 17, 10, 16], [11, 23, 12, 22], [13, 5, 14, 4], [15, 9, 16, 8], [17, 1, 18, 24]]"
12a_0408_66,"[[17, 1, 18, 24], [19, 13, 20, 12], [21, 2, 22, 3], [23, 7, 24, 6], [1, 15, 2, 14], [3, 20, 4, 21], [5, 19, 6, 18], [7, 11, 8, 10], [9, 17, 10, 16], [11, 23, 12, 22], [13, 5, 14, 4], [15, 9, 16, 8]]"
12a_0408_67,"[[15, 9, 16, 8], [17, 1, 18, 24], [19, 13, 20, 12], [21, 2, 22, 3], [23, 7, 24, 6], [1, 15, 2, 14], [3, 20, 4, 21], [5, 19, 6, 18], [7, 11, 8, 10], [9, 17, 10, 16], [11, 23, 12, 22], [13, 5, 14, 4]]"
12a_0408_68,"[[13, 5, 14, 4], [15, 9, 16, 8], [17, 1, 18, 24], [19, 13, 20, 12], [21, 2, 22, 3], [23, 7, 24, 6], [1, 15, 2, 14], [3, 20, 4, 21], [5, 19, 6, 18], [7, 11, 8, 10], [9, 17, 10, 16], [11, 23, 12, 22]]"
12a_0408_69,"[[11, 23, 12, 22], [13, 5, 14, 4], [15, 9, 16, 8], [17, 1, 18, 24], [19, 13, 20, 12], [21, 2, 22, 3], [23, 7, 24, 6], [1, 15, 2, 14], [3, 20, 4, 21], [5, 19, 6, 18], [7, 11, 8, 10], [9, 17, 10, 16]]"
12a_0408_70,"[[9, 17, 10, 16], [11, 23, 12, 22], [13, 5, 14, 4], [15, 9, 16, 8], [17, 1, 18, 24], [19, 13, 20, 12], [21, 2, 22, 3], [23, 7, 24, 6], [1, 15, 2, 14], [3, 20, 4, 21], [5, 19, 6, 18], [7, 11, 8, 10]]"
12a_0408_71,"[[7, 11, 8, 10], [9, 17, 10, 16], [11, 23, 12, 22], [13, 5, 14, 4], [15, 9, 16, 8], [17, 1, 18, 24], [19, 13, 20, 12], [21, 2, 22, 3], [23, 7, 24, 6], [1, 15, 2, 14], [3, 20, 4, 21], [5, 19, 6, 18]]"
12a_0408_72,"[[6, 20, 7, 19], [8, 12, 9, 11], [10, 18, 11, 17], [12, 24, 13, 23], [14, 6, 15, 5], [16, 10, 17, 9], [18, 2, 19, 1], [20, 14, 21, 13], [22, 3, 23, 4], [24, 8, 1, 7], [2, 16, 3, 15], [4, 21, 5, 22]]"
12a_0408_73,"[[4, 21, 5, 22], [6, 20, 7, 19], [8, 12, 9, 11], [10, 18, 11, 17], [12, 24, 13, 23], [14, 6, 15, 5], [16, 10, 17, 9], [18, 2, 19, 1], [20, 14, 21, 13], [22, 3, 23, 4], [24, 8, 1, 7], [2, 16, 3, 15]]"
12a_0408_74,"[[2, 16, 3, 15], [4, 21, 5, 22], [6, 20, 7, 19], [8, 12, 9, 11], [10, 18, 11, 17], [12, 24, 13, 23], [14, 6, 15, 5], [16, 10, 17, 9], [18, 2, 19, 1], [20, 14, 21, 13], [22, 3, 23, 4], [24, 8, 1, 7]]"
12a_0408_75,"[[24, 8, 1, 7], [2, 16, 3, 15], [4, 21, 5, 22], [6, 20, 7, 19], [8, 12, 9, 11], [10, 18, 11, 17], [12, 24, 13, 23], [14, 6, 15, 5], [16, 10, 17, 9], [18, 2, 19, 1], [20, 14, 21, 13], [22, 3, 23, 4]]"
12a_0408_76,"[[22, 3, 23, 4], [24, 8, 1, 7], [2, 16, 3, 15], [4, 21, 5, 22], [6, 20, 7, 19], [8, 12, 9, 11], [10, 18, 11, 17], [12, 24, 13, 23], [14, 6, 15, 5], [16, 10, 17, 9], [18, 2, 19, 1], [20, 14, 21, 13]]"
12a_0408_77,"[[20, 14, 21, 13], [22, 3, 23, 4], [24, 8, 1, 7], [2, 16, 3, 15], [4, 21, 5, 22], [6, 20, 7, 19], [8, 12, 9, 11], [10, 18, 11, 17], [12, 24, 13, 23], [14, 6, 15, 5], [16, 10, 17, 9], [18, 2, 19, 1]]"
12a_0408_78,"[[18, 2, 19, 1], [20, 14, 21, 13], [22, 3, 23, 4], [24, 8, 1, 7], [2, 16, 3, 15], [4, 21, 5, 22], [6, 20, 7, 19], [8, 12, 9, 11], [10, 18, 11, 17], [12, 24, 13, 23], [14, 6, 15, 5], [16, 10, 17, 9]]"
12a_0408_79,"[[16, 10, 17, 9], [18, 2, 19, 1], [20, 14, 21, 13], [22, 3, 23, 4], [24, 8, 1, 7], [2, 16, 3, 15], [4, 21, 5, 22], [6, 20, 7, 19], [8, 12, 9, 11], [10, 18, 11, 17], [12, 24, 13, 23], [14, 6, 15, 5]]"
12a_0408_80,"[[14, 6, 15, 5], [16, 10, 17, 9], [18, 2, 19, 1], [20, 14, 21, 13], [22, 3, 23, 4], [24, 8, 1, 7], [2, 16, 3, 15], [4, 21, 5, 22], [6, 20, 7, 19], [8, 12, 9, 11], [10, 18, 11, 17], [12, 24, 13, 23]]"
12a_0408_81,"[[12, 24, 13, 23], [14, 6, 15, 5], [16, 10, 17, 9], [18, 2, 19, 1], [20, 14, 21, 13], [22, 3, 23, 4], [24, 8, 1, 7], [2, 16, 3, 15], [4, 21, 5, 22], [6, 20, 7, 19], [8, 12, 9, 11], [10, 18, 11, 17]]"
12a_0408_82,"[[10, 18, 11, 17], [12, 24, 13, 23], [14, 6, 15, 5], [16, 10, 17, 9], [18, 2, 19, 1], [20, 14, 21, 13], [22, 3, 23, 4], [24, 8, 1, 7], [2, 16, 3, 15], [4, 21, 5, 22], [6, 20, 7, 19], [8, 12, 9, 11]]"
12a_0408_83,"[[8, 12, 9, 11], [10, 18, 11, 17], [12, 24, 13, 23], [14, 6, 15, 5], [16, 10, 17, 9], [18, 2, 19, 1], [20, 14, 21, 13], [22, 3, 23, 4], [24, 8, 1, 7], [2, 16, 3, 15], [4, 21, 5, 22], [6, 20, 7, 19]]"
12a_0408_84,"[[7, 21, 8, 20], [9, 13, 10, 12], [11, 19, 12, 18], [13, 1, 14, 24], [15, 7, 16, 6], [17, 11, 18, 10], [19, 3, 20, 2], [21, 15, 22, 14], [23, 4, 24, 5], [1, 9, 2, 8], [3, 17, 4, 16], [5, 22, 6, 23]]"
12a_0408_85,"[[5, 22, 6, 23], [7, 21, 8, 20], [9, 13, 10, 12], [11, 19, 12, 18], [13, 1, 14, 24], [15, 7, 16, 6], [17, 11, 18, 10], [19, 3, 20, 2], [21, 15, 22, 14], [23, 4, 24, 5], [1, 9, 2, 8], [3, 17, 4, 16]]"
12a_0408_86,"[[3, 17, 4, 16], [5, 22, 6, 23], [7, 21, 8, 20], [9, 13, 10, 12], [11, 19, 12, 18], [13, 1, 14, 24], [15, 7, 16, 6], [17, 11, 18, 10], [19, 3, 20, 2], [21, 15, 22, 14], [23, 4, 24, 5], [1, 9, 2, 8]]"
12a_0408_87,"[[1, 9, 2, 8], [3, 17, 4, 16], [5, 22, 6, 23], [7, 21, 8, 20], [9, 13, 10, 12], [11, 19, 12, 18], [13, 1, 14, 24], [15, 7, 16, 6], [17, 11, 18, 10], [19, 3, 20, 2], [21, 15, 22, 14], [23, 4, 24, 5]]"
12a_0408_88,"[[23, 4, 24, 5], [1, 9, 2, 8], [3, 17, 4, 16], [5, 22, 6, 23], [7, 21, 8, 20], [9, 13, 10, 12], [11, 19, 12, 18], [13, 1, 14, 24], [15, 7, 16, 6], [17, 11, 18, 10], [19, 3, 20, 2], [21, 15, 22, 14]]"
12a_0408_89,"[[21, 15, 22, 14], [23, 4, 24, 5], [1, 9, 2, 8], [3, 17, 4, 16], [5, 22, 6, 23], [7, 21, 8, 20], [9, 13, 10, 12], [11, 19, 12, 18], [13, 1, 14, 24], [15, 7, 16, 6], [17, 11, 18, 10], [19, 3, 20, 2]]"
12a_0408_90,"[[19, 3, 20, 2], [21, 15, 22, 14], [23, 4, 24, 5], [1, 9, 2, 8], [3, 17, 4, 16], [5, 22, 6, 23], [7, 21, 8, 20], [9, 13, 10, 12], [11, 19, 12, 18], [13, 1, 14, 24], [15, 7, 16, 6], [17, 11, 18, 10]]"
12a_0408_91,"[[17, 11, 18, 10], [19, 3, 20, 2], [21, 15, 22, 14], [23, 4, 24, 5], [1, 9, 2, 8], [3, 17, 4, 16], [5, 22, 6, 23], [7, 21, 8, 20], [9, 13, 10, 12], [11, 19, 12, 18], [13, 1, 14, 24], [15, 7, 16, 6]]"
12a_0408_92,"[[15, 7, 16, 6], [17, 11, 18, 10], [19, 3, 20, 2], [21, 15, 22, 14], [23, 4, 24, 5], [1, 9, 2, 8], [3, 17, 4, 16], [5, 22, 6, 23], [7, 21, 8, 20], [9, 13, 10, 12], [11, 19, 12, 18], [13, 1, 14, 24]]"
12a_0408_93,"[[13, 1, 14, 24], [15, 7, 16, 6], [17, 11, 18, 10], [19, 3, 20, 2], [21, 15, 22, 14], [23, 4, 24, 5], [1, 9, 2, 8], [3, 17, 4, 16], [5, 22, 6, 23], [7, 21, 8, 20], [9, 13, 10, 12], [11, 19, 12, 18]]"
12a_0408_94,"[[11, 19, 12, 18], [13, 1, 14, 24], [15, 7, 16, 6], [17, 11, 18, 10], [19, 3, 20, 2], [21, 15, 22, 14], [23, 4, 24, 5], [1, 9, 2, 8], [3, 17, 4, 16], [5, 22, 6, 23], [7, 21, 8, 20], [9, 13, 10, 12]]"
12a_0408_95,"[[9, 13, 10, 12], [11, 19, 12, 18], [13, 1, 14, 24], [15, 7, 16, 6], [17, 11, 18, 10], [19, 3, 20, 2], [21, 15, 22, 14], [23, 4, 24, 5], [1, 9, 2, 8], [3, 17, 4, 16], [5, 22, 6, 23], [7, 21, 8, 20]]"
12a_0408_96,"[[8, 22, 9, 21], [10, 14, 11, 13], [12, 20, 13, 19], [14, 2, 15, 1], [16, 8, 17, 7], [18, 12, 19, 11], [20, 4, 21, 3], [22, 16, 23, 15], [24, 5, 1, 6], [2, 10, 3, 9], [4, 18, 5, 17], [6, 23, 7, 24]]"
12a_0408_97,"[[6, 23, 7, 24], [8, 22, 9, 21], [10, 14, 11, 13], [12, 20, 13, 19], [14, 2, 15, 1], [16, 8, 17, 7], [18, 12, 19, 11], [20, 4, 21, 3], [22, 16, 23, 15], [24, 5, 1, 6], [2, 10, 3, 9], [4, 18, 5, 17]]"
12a_0408_98,"[[4, 18, 5, 17], [6, 23, 7, 24], [8, 22, 9, 21], [10, 14, 11, 13], [12, 20, 13, 19], [14, 2, 15, 1], [16, 8, 17, 7], [18, 12, 19, 11], [20, 4, 21, 3], [22, 16, 23, 15], [24, 5, 1, 6], [2, 10, 3, 9]]"
12a_0408_99,"[[2, 10, 3, 9], [4, 18, 5, 17], [6, 23, 7, 24], [8, 22, 9, 21], [10, 14, 11, 13], [12, 20, 13, 19], [14, 2, 15, 1], [16, 8, 17, 7], [18, 12, 19, 11], [20, 4, 21, 3], [22, 16, 23, 15], [24, 5, 1, 6]]"
12a_0408_100,"[[24, 5, 1, 6], [2, 10, 3, 9], [4, 18, 5, 17], [6, 23, 7, 24], [8, 22, 9, 21], [10, 14, 11, 13], [12, 20, 13, 19], [14, 2, 15, 1], [16, 8, 17, 7], [18, 12, 19, 11], [20, 4, 21, 3], [22, 16, 23, 15]]"
12a_0408_101,"[[22, 16, 23, 15], [24, 5, 1, 6], [2, 10, 3, 9], [4, 18, 5, 17], [6, 23, 7, 24], [8, 22, 9, 21], [10, 14, 11, 13], [12, 20, 13, 19], [14, 2, 15, 1], [16, 8, 17, 7], [18, 12, 19, 11], [20, 4, 21, 3]]"
12a_0408_102,"[[20, 4, 21, 3], [22, 16, 23, 15], [24, 5, 1, 6], [2, 10, 3, 9], [4, 18, 5, 17], [6, 23, 7, 24], [8, 22, 9, 21], [10, 14, 11, 13], [12, 20, 13, 19], [14, 2, 15, 1], [16, 8, 17, 7], [18, 12, 19, 11]]"
12a_0408_103,"[[18, 12, 19, 11], [20, 4, 21, 3], [22, 16, 23, 15], [24, 5, 1, 6], [2, 10, 3, 9], [4, 18, 5, 17], [6, 23, 7, 24], [8, 22, 9, 21], [10, 14, 11, 13], [12, 20, 13, 19], [14, 2, 15, 1], [16, 8, 17, 7]]"
12a_0408_104,"[[16, 8, 17, 7], [18, 12, 19, 11], [20, 4, 21, 3], [22, 16, 23, 15], [24, 5, 1, 6], [2, 10, 3, 9], [4, 18, 5, 17], [6, 23, 7, 24], [8, 22, 9, 21], [10, 14, 11, 13], [12, 20, 13, 19], [14, 2, 15, 1]]"
12a_0408_105,"[[14, 2, 15, 1], [16, 8, 17, 7], [18, 12, 19, 11], [20, 4, 21, 3], [22, 16, 23, 15], [24, 5, 1, 6], [2, 10, 3, 9], [4, 18, 5, 17], [6, 23, 7, 24], [8, 22, 9, 21], [10, 14, 11, 13], [12, 20, 13, 19]]"
12a_0408_106,"[[12, 20, 13, 19], [14, 2, 15, 1], [16, 8, 17, 7], [18, 12, 19, 11], [20, 4, 21, 3], [22, 16, 23, 15], [24, 5, 1, 6], [2, 10, 3, 9], [4, 18, 5, 17], [6, 23, 7, 24], [8, 22, 9, 21], [10, 14, 11, 13]]"
12a_0408_107,"[[10, 14, 11, 13], [12, 20, 13, 19], [14, 2, 15, 1], [16, 8, 17, 7], [18, 12, 19, 11], [20, 4, 21, 3], [22, 16, 23, 15], [24, 5, 1, 6], [2, 10, 3, 9], [4, 18, 5, 17], [6, 23, 7, 24], [8, 22, 9, 21]]"
12a_0408_108,"[[9, 23, 10, 22], [11, 15, 12, 14], [13, 21, 14, 20], [15, 3, 16, 2], [17, 9, 18, 8], [19, 13, 20, 12], [21, 5, 22, 4], [23, 17, 24, 16], [1, 6, 2, 7], [3, 11, 4, 10], [5, 19, 6, 18], [7, 24, 8, 1]]"
12a_0408_109,"[[7, 24, 8, 1], [9, 23, 10, 22], [11, 15, 12, 14], [13, 21, 14, 20], [15, 3, 16, 2], [17, 9, 18, 8], [19, 13, 20, 12], [21, 5, 22, 4], [23, 17, 24, 16], [1, 6, 2, 7], [3, 11, 4, 10], [5, 19, 6, 18]]"
12a_0408_110,"[[5, 19, 6, 18], [7, 24, 8, 1], [9, 23, 10, 22], [11, 15, 12, 14], [13, 21, 14, 20], [15, 3, 16, 2], [17, 9, 18, 8], [19, 13, 20, 12], [21, 5, 22, 4], [23, 17, 24, 16], [1, 6, 2, 7], [3, 11, 4, 10]]"
12a_0408_111,"[[3, 11, 4, 10], [5, 19, 6, 18], [7, 24, 8, 1], [9, 23, 10, 22], [11, 15, 12, 14], [13, 21, 14, 20], [15, 3, 16, 2], [17, 9, 18, 8], [19, 13, 20, 12], [21, 5, 22, 4], [23, 17, 24, 16], [1, 6, 2, 7]]"
12a_0408_112,"[[1, 6, 2, 7], [3, 11, 4, 10], [5, 19, 6, 18], [7, 24, 8, 1], [9, 23, 10, 22], [11, 15, 12, 14], [13, 21, 14, 20], [15, 3, 16, 2], [17, 9, 18, 8], [19, 13, 20, 12], [21, 5, 22, 4], [23, 17, 24, 16]]"
12a_0408_113,"[[23, 17, 24, 16], [1, 6, 2, 7], [3, 11, 4, 10], [5, 19, 6, 18], [7, 24, 8, 1], [9, 23, 10, 22], [11, 15, 12, 14], [13, 21, 14, 20], [15, 3, 16, 2], [17, 9, 18, 8], [19, 13, 20, 12], [21, 5, 22, 4]]"
12a_0408_114,"[[21, 5, 22, 4], [23, 17, 24, 16], [1, 6, 2, 7], [3, 11, 4, 10], [5, 19, 6, 18], [7, 24, 8, 1], [9, 23, 10, 22], [11, 15, 12, 14], [13, 21, 14, 20], [15, 3, 16, 2], [17, 9, 18, 8], [19, 13, 20, 12]]"
12a_0408_115,"[[19, 13, 20, 12], [21, 5, 22, 4], [23, 17, 24, 16], [1, 6, 2, 7], [3, 11, 4, 10], [5, 19, 6, 18], [7, 24, 8, 1], [9, 23, 10, 22], [11, 15, 12, 14], [13, 21, 14, 20], [15, 3, 16, 2], [17, 9, 18, 8]]"
12a_0408_116,"[[17, 9, 18, 8], [19, 13, 20, 12], [21, 5, 22, 4], [23, 17, 24, 16], [1, 6, 2, 7], [3, 11, 4, 10], [5, 19, 6, 18], [7, 24, 8, 1], [9, 23, 10, 22], [11, 15, 12, 14], [13, 21, 14, 20], [15, 3, 16, 2]]"
12a_0408_117,"[[15, 3, 16, 2], [17, 9, 18, 8], [19, 13, 20, 12], [21, 5, 22, 4], [23, 17, 24, 16], [1, 6, 2, 7], [3, 11, 4, 10], [5, 19, 6, 18], [7, 24, 8, 1], [9, 23, 10, 22], [11, 15, 12, 14], [13, 21, 14, 20]]"
12a_0408_118,"[[13, 21, 14, 20], [15, 3, 16, 2], [17, 9, 18, 8], [19, 13, 20, 12], [21, 5, 22, 4], [23, 17, 24, 16], [1, 6, 2, 7], [3, 11, 4, 10], [5, 19, 6, 18], [7, 24, 8, 1], [9, 23, 10, 22], [11, 15, 12, 14]]"
12a_0408_119,"[[11, 15, 12, 14], [13, 21, 14, 20], [15, 3, 16, 2], [17, 9, 18, 8], [19, 13, 20, 12], [21, 5, 22, 4], [23, 17, 24, 16], [1, 6, 2, 7], [3, 11, 4, 10], [5, 19, 6, 18], [7, 24, 8, 1], [9, 23, 10, 22]]"
12a_0408_120,"[[10, 24, 11, 23], [12, 16, 13, 15], [14, 22, 15, 21], [16, 4, 17, 3], [18, 10, 19, 9], [20, 14, 21, 13], [22, 6, 23, 5], [24, 18, 1, 17], [2, 7, 3, 8], [4, 12, 5, 11], [6, 20, 7, 19], [8, 1, 9, 2]]"
12a_0408_121,"[[8, 1, 9, 2], [10, 24, 11, 23], [12, 16, 13, 15], [14, 22, 15, 21], [16, 4, 17, 3], [18, 10, 19, 9], [20, 14, 21, 13], [22, 6, 23, 5], [24, 18, 1, 17], [2, 7, 3, 8], [4, 12, 5, 11], [6, 20, 7, 19]]"
12a_0408_122,"[[6, 20, 7, 19], [8, 1, 9, 2], [10, 24, 11, 23], [12, 16, 13, 15], [14, 22, 15, 21], [16, 4, 17, 3], [18, 10, 19, 9], [20, 14, 21, 13], [22, 6, 23, 5], [24, 18, 1, 17], [2, 7, 3, 8], [4, 12, 5, 11]]"
12a_0408_123,"[[4, 12, 5, 11], [6, 20, 7, 19], [8, 1, 9, 2], [10, 24, 11, 23], [12, 16, 13, 15], [14, 22, 15, 21], [16, 4, 17, 3], [18, 10, 19, 9], [20, 14, 21, 13], [22, 6, 23, 5], [24, 18, 1, 17], [2, 7, 3, 8]]"
12a_0408_124,"[[2, 7, 3, 8], [4, 12, 5, 11], [6, 20, 7, 19], [8, 1, 9, 2], [10, 24, 11, 23], [12, 16, 13, 15], [14, 22, 15, 21], [16, 4, 17, 3], [18, 10, 19, 9], [20, 14, 21, 13], [22, 6, 23, 5], [24, 18, 1, 17]]"
12a_0408_125,"[[24, 18, 1, 17], [2, 7, 3, 8], [4, 12, 5, 11], [6, 20, 7, 19], [8, 1, 9, 2], [10, 24, 11, 23], [12, 16, 13, 15], [14, 22, 15, 21], [16, 4, 17, 3], [18, 10, 19, 9], [20, 14, 21, 13], [22, 6, 23, 5]]"
12a_0408_126,"[[22, 6, 23, 5], [24, 18, 1, 17], [2, 7, 3, 8], [4, 12, 5, 11], [6, 20, 7, 19], [8, 1, 9, 2], [10, 24, 11, 23], [12, 16, 13, 15], [14, 22, 15, 21], [16, 4, 17, 3], [18, 10, 19, 9], [20, 14, 21, 13]]"
12a_0408_127,"[[20, 14, 21, 13], [22, 6, 23, 5], [24, 18, 1, 17], [2, 7, 3, 8], [4, 12, 5, 11], [6, 20, 7, 19], [8, 1, 9, 2], [10, 24, 11, 23], [12, 16, 13, 15], [14, 22, 15, 21], [16, 4, 17, 3], [18, 10, 19, 9]]"
12a_0408_128,"[[18, 10, 19, 9], [20, 14, 21, 13], [22, 6, 23, 5], [24, 18, 1, 17], [2, 7, 3, 8], [4, 12, 5, 11], [6, 20, 7, 19], [8, 1, 9, 2], [10, 24, 11, 23], [12, 16, 13, 15], [14, 22, 15, 21], [16, 4, 17, 3]]"
12a_0408_129,"[[16, 4, 17, 3], [18, 10, 19, 9], [20, 14, 21, 13], [22, 6, 23, 5], [24, 18, 1, 17], [2, 7, 3, 8], [4, 12, 5, 11], [6, 20, 7, 19], [8, 1, 9, 2], [10, 24, 11, 23], [12, 16, 13, 15], [14, 22, 15, 21]]"
12a_0408_130,"[[14, 22, 15, 21], [16, 4, 17, 3], [18, 10, 19, 9], [20, 14, 21, 13], [22, 6, 23, 5], [24, 18, 1, 17], [2, 7, 3, 8], [4, 12, 5, 11], [6, 20, 7, 19], [8, 1, 9, 2], [10, 24, 11, 23], [12, 16, 13, 15]]"
12a_0408_131,"[[12, 16, 13, 15], [14, 22, 15, 21], [16, 4, 17, 3], [18, 10, 19, 9], [20, 14, 21, 13], [22, 6, 23, 5], [24, 18, 1, 17], [2, 7, 3, 8], [4, 12, 5, 11], [6, 20, 7, 19], [8, 1, 9, 2], [10, 24, 11, 23]]"
12a_0408_132,"[[11, 1, 12, 24], [13, 17, 14, 16], [15, 23, 16, 22], [17, 5, 18, 4], [19, 11, 20, 10], [21, 15, 22, 14], [23, 7, 24, 6], [1, 19, 2, 18], [3, 8, 4, 9], [5, 13, 6, 12], [7, 21, 8, 20], [9, 2, 10, 3]]"
12a_0408_133,"[[9, 2, 10, 3], [11, 1, 12, 24], [13, 17, 14, 16], [15, 23, 16, 22], [17, 5, 18, 4], [19, 11, 20, 10], [21, 15, 22, 14], [23, 7, 24, 6], [1, 19, 2, 18], [3, 8, 4, 9], [5, 13, 6, 12], [7, 21, 8, 20]]"
12a_0408_134,"[[7, 21, 8, 20], [9, 2, 10, 3], [11, 1, 12, 24], [13, 17, 14, 16], [15, 23, 16, 22], [17, 5, 18, 4], [19, 11, 20, 10], [21, 15, 22, 14], [23, 7, 24, 6], [1, 19, 2, 18], [3, 8, 4, 9], [5, 13, 6, 12]]"
12a_0408_135,"[[5, 13, 6, 12], [7, 21, 8, 20], [9, 2, 10, 3], [11, 1, 12, 24], [13, 17, 14, 16], [15, 23, 16, 22], [17, 5, 18, 4], [19, 11, 20, 10], [21, 15, 22, 14], [23, 7, 24, 6], [1, 19, 2, 18], [3, 8, 4, 9]]"
12a_0408_136,"[[3, 8, 4, 9], [5, 13, 6, 12], [7, 21, 8, 20], [9, 2, 10, 3], [11, 1, 12, 24], [13, 17, 14, 16], [15, 23, 16, 22], [17, 5, 18, 4], [19, 11, 20, 10], [21, 15, 22, 14], [23, 7, 24, 6], [1, 19, 2, 18]]"
12a_0408_137,"[[1, 19, 2, 18], [3, 8, 4, 9], [5, 13, 6, 12], [7, 21, 8, 20], [9, 2, 10, 3], [11, 1, 12, 24], [13, 17, 14, 16], [15, 23, 16, 22], [17, 5, 18, 4], [19, 11, 20, 10], [21, 15, 22, 14], [23, 7, 24, 6]]"
12a_0408_138,"[[23, 7, 24, 6], [1, 19, 2, 18], [3, 8, 4, 9], [5, 13, 6, 12], [7, 21, 8, 20], [9, 2, 10, 3], [11, 1, 12, 24], [13, 17, 14, 16], [15, 23, 16, 22], [17, 5, 18, 4], [19, 11, 20, 10], [21, 15, 22, 14]]"
12a_0408_139,"[[21, 15, 22, 14], [23, 7, 24, 6], [1, 19, 2, 18], [3, 8, 4, 9], [5, 13, 6, 12], [7, 21, 8, 20], [9, 2, 10, 3], [11, 1, 12, 24], [13, 17, 14, 16], [15, 23, 16, 22], [17, 5, 18, 4], [19, 11, 20, 10]]"
12a_0408_140,"[[19, 11, 20, 10], [21, 15, 22, 14], [23, 7, 24, 6], [1, 19, 2, 18], [3, 8, 4, 9], [5, 13, 6, 12], [7, 21, 8, 20], [9, 2, 10, 3], [11, 1, 12, 24], [13, 17, 14, 16], [15, 23, 16, 22], [17, 5, 18, 4]]"
12a_0408_141,"[[17, 5, 18, 4], [19, 11, 20, 10], [21, 15, 22, 14], [23, 7, 24, 6], [1, 19, 2, 18], [3, 8, 4, 9], [5, 13, 6, 12], [7, 21, 8, 20], [9, 2, 10, 3], [11, 1, 12, 24], [13, 17, 14, 16], [15, 23, 16, 22]]"
12a_0408_142,"[[15, 23, 16, 22], [17, 5, 18, 4], [19, 11, 20, 10], [21, 15, 22, 14], [23, 7, 24, 6], [1, 19, 2, 18], [3, 8, 4, 9], [5, 13, 6, 12], [7, 21, 8, 20], [9, 2, 10, 3], [11, 1, 12, 24], [13, 17, 14, 16]]"
12a_0408_143,"[[13, 17, 14, 16], [15, 23, 16, 22], [17, 5, 18, 4], [19, 11, 20, 10], [21, 15, 22, 14], [23, 7, 24, 6], [1, 19, 2, 18], [3, 8, 4, 9], [5, 13, 6, 12], [7, 21, 8, 20], [9, 2, 10, 3], [11, 1, 12, 24]]"
12a_0408_144,"[[12, 2, 13, 1], [14, 18, 15, 17], [16, 24, 17, 23], [18, 6, 19, 5], [20, 12, 21, 11], [22, 16, 23, 15], [24, 8, 1, 7], [2, 20, 3, 19], [4, 9, 5, 10], [6, 14, 7, 13], [8, 22, 9, 21], [10, 3, 11, 4]]"
12a_0408_145,"[[10, 3, 11, 4], [12, 2, 13, 1], [14, 18, 15, 17], [16, 24, 17, 23], [18, 6, 19, 5], [20, 12, 21, 11], [22, 16, 23, 15], [24, 8, 1, 7], [2, 20, 3, 19], [4, 9, 5, 10], [6, 14, 7, 13], [8, 22, 9, 21]]"
12a_0408_146,"[[8, 22, 9, 21], [10, 3, 11, 4], [12, 2, 13, 1], [14, 18, 15, 17], [16, 24, 17, 23], [18, 6, 19, 5], [20, 12, 21, 11], [22, 16, 23, 15], [24, 8, 1, 7], [2, 20, 3, 19], [4, 9, 5, 10], [6, 14, 7, 13]]"
12a_0408_147,"[[6, 14, 7, 13], [8, 22, 9, 21], [10, 3, 11, 4], [12, 2, 13, 1], [14, 18, 15, 17], [16, 24, 17, 23], [18, 6, 19, 5], [20, 12, 21, 11], [22, 16, 23, 15], [24, 8, 1, 7], [2, 20, 3, 19], [4, 9, 5, 10]]"
12a_0408_148,"[[4, 9, 5, 10], [6, 14, 7, 13], [8, 22, 9, 21], [10, 3, 11, 4], [12, 2, 13, 1], [14, 18, 15, 17], [16, 24, 17, 23], [18, 6, 19, 5], [20, 12, 21, 11], [22, 16, 23, 15], [24, 8, 1, 7], [2, 20, 3, 19]]"
12a_0408_149,"[[2, 20, 3, 19], [4, 9, 5, 10], [6, 14, 7, 13], [8, 22, 9, 21], [10, 3, 11, 4], [12, 2, 13, 1], [14, 18, 15, 17], [16, 24, 17, 23], [18, 6, 19, 5], [20, 12, 21, 11], [22, 16, 23, 15], [24, 8, 1, 7]]"
12a_0408_150,"[[24, 8, 1, 7], [2, 20, 3, 19], [4, 9, 5, 10], [6, 14, 7, 13], [8, 22, 9, 21], [10, 3, 11, 4], [12, 2, 13, 1], [14, 18, 15, 17], [16, 24, 17, 23], [18, 6, 19, 5], [20, 12, 21, 11], [22, 16, 23, 15]]"
12a_0408_151,"[[22, 16, 23, 15], [24, 8, 1, 7], [2, 20, 3, 19], [4, 9, 5, 10], [6, 14, 7, 13], [8, 22, 9, 21], [10, 3, 11, 4], [12, 2, 13, 1], [14, 18, 15, 17], [16, 24, 17, 23], [18, 6, 19, 5], [20, 12, 21, 11]]"
12a_0408_152,"[[20, 12, 21, 11], [22, 16, 23, 15], [24, 8, 1, 7], [2, 20, 3, 19], [4, 9, 5, 10], [6, 14, 7, 13], [8, 22, 9, 21], [10, 3, 11, 4], [12, 2, 13, 1], [14, 18, 15, 17], [16, 24, 17, 23], [18, 6, 19, 5]]"
12a_0408_153,"[[18, 6, 19, 5], [20, 12, 21, 11], [22, 16, 23, 15], [24, 8, 1, 7], [2, 20, 3, 19], [4, 9, 5, 10], [6, 14, 7, 13], [8, 22, 9, 21], [10, 3, 11, 4], [12, 2, 13, 1], [14, 18, 15, 17], [16, 24, 17, 23]]"
12a_0408_154,"[[16, 24, 17, 23], [18, 6, 19, 5], [20, 12, 21, 11], [22, 16, 23, 15], [24, 8, 1, 7], [2, 20, 3, 19], [4, 9, 5, 10], [6, 14, 7, 13], [8, 22, 9, 21], [10, 3, 11, 4], [12, 2, 13, 1], [14, 18, 15, 17]]"
12a_0408_155,"[[14, 18, 15, 17], [16, 24, 17, 23], [18, 6, 19, 5], [20, 12, 21, 11], [22, 16, 23, 15], [24, 8, 1, 7], [2, 20, 3, 19], [4, 9, 5, 10], [6, 14, 7, 13], [8, 22, 9, 21], [10, 3, 11, 4], [12, 2, 13, 1]]"
12a_0408_156,"[[13, 3, 14, 2], [15, 19, 16, 18], [17, 1, 18, 24], [19, 7, 20, 6], [21, 13, 22, 12], [23, 17, 24, 16], [1, 9, 2, 8], [3, 21, 4, 20], [5, 10, 6, 11], [7, 15, 8, 14], [9, 23, 10, 22], [11, 4, 12, 5]]"
12a_0408_157,"[[11, 4, 12, 5], [13, 3, 14, 2], [15, 19, 16, 18], [17, 1, 18, 24], [19, 7, 20, 6], [21, 13, 22, 12], [23, 17, 24, 16], [1, 9, 2, 8], [3, 21, 4, 20], [5, 10, 6, 11], [7, 15, 8, 14], [9, 23, 10, 22]]"
12a_0408_158,"[[9, 23, 10, 22], [11, 4, 12, 5], [13, 3, 14, 2], [15, 19, 16, 18], [17, 1, 18, 24], [19, 7, 20, 6], [21, 13, 22, 12], [23, 17, 24, 16], [1, 9, 2, 8], [3, 21, 4, 20], [5, 10, 6, 11], [7, 15, 8, 14]]"
12a_0408_159,"[[7, 15, 8, 14], [9, 23, 10, 22], [11, 4, 12, 5], [13, 3, 14, 2], [15, 19, 16, 18], [17, 1, 18, 24], [19, 7, 20, 6], [21, 13, 22, 12], [23, 17, 24, 16], [1, 9, 2, 8], [3, 21, 4, 20], [5, 10, 6, 11]]"
12a_0408_160,"[[5, 10, 6, 11], [7, 15, 8, 14], [9, 23, 10, 22], [11, 4, 12, 5], [13, 3, 14, 2], [15, 19, 16, 18], [17, 1, 18, 24], [19, 7, 20, 6], [21, 13, 22, 12], [23, 17, 24, 16], [1, 9, 2, 8], [3, 21, 4, 20]]"
12a_0408_161,"[[3, 21, 4, 20], [5, 10, 6, 11], [7, 15, 8, 14], [9, 23, 10, 22], [11, 4, 12, 5], [13, 3, 14, 2], [15, 19, 16, 18], [17, 1, 18, 24], [19, 7, 20, 6], [21, 13, 22, 12], [23, 17, 24, 16], [1, 9, 2, 8]]"
12a_0408_162,"[[1, 9, 2, 8], [3, 21, 4, 20], [5, 10, 6, 11], [7, 15, 8, 14], [9, 23, 10, 22], [11, 4, 12, 5], [13, 3, 14, 2], [15, 19, 16, 18], [17, 1, 18, 24], [19, 7, 20, 6], [21, 13, 22, 12], [23, 17, 24, 16]]"
12a_0408_163,"[[23, 17, 24, 16], [1, 9, 2, 8], [3, 21, 4, 20], [5, 10, 6, 11], [7, 15, 8, 14], [9, 23, 10, 22], [11, 4, 12, 5], [13, 3, 14, 2], [15, 19, 16, 18], [17, 1, 18, 24], [19, 7, 20, 6], [21, 13, 22, 12]]"
12a_0408_164,"[[21, 13, 22, 12], [23, 17, 24, 16], [1, 9, 2, 8], [3, 21, 4, 20], [5, 10, 6, 11], [7, 15, 8, 14], [9, 23, 10, 22], [11, 4, 12, 5], [13, 3, 14, 2], [15, 19, 16, 18], [17, 1, 18, 24], [19, 7, 20, 6]]"
12a_0408_165,"[[19, 7, 20, 6], [21, 13, 22, 12], [23, 17, 24, 16], [1, 9, 2, 8], [3, 21, 4, 20], [5, 10, 6, 11], [7, 15, 8, 14], [9, 23, 10, 22], [11, 4, 12, 5], [13, 3, 14, 2], [15, 19, 16, 18], [17, 1, 18, 24]]"
12a_0408_166,"[[17, 1, 18, 24], [19, 7, 20, 6], [21, 13, 22, 12], [23, 17, 24, 16], [1, 9, 2, 8], [3, 21, 4, 20], [5, 10, 6, 11], [7, 15, 8, 14], [9, 23, 10, 22], [11, 4, 12, 5], [13, 3, 14, 2], [15, 19, 16, 18]]"
12a_0408_167,"[[15, 19, 16, 18], [17, 1, 18, 24], [19, 7, 20, 6], [21, 13, 22, 12], [23, 17, 24, 16], [1, 9, 2, 8], [3, 21, 4, 20], [5, 10, 6, 11], [7, 15, 8, 14], [9, 23, 10, 22], [11, 4, 12, 5], [13, 3, 14, 2]]"
12a_0408_168,"[[14, 4, 15, 3], [16, 20, 17, 19], [18, 2, 19, 1], [20, 8, 21, 7], [22, 14, 23, 13], [24, 18, 1, 17], [2, 10, 3, 9], [4, 22, 5, 21], [6, 11, 7, 12], [8, 16, 9, 15], [10, 24, 11, 23], [12, 5, 13, 6]]"
12a_0408_169,"[[12, 5, 13, 6], [14, 4, 15, 3], [16, 20, 17, 19], [18, 2, 19, 1], [20, 8, 21, 7], [22, 14, 23, 13], [24, 18, 1, 17], [2, 10, 3, 9], [4, 22, 5, 21], [6, 11, 7, 12], [8, 16, 9, 15], [10, 24, 11, 23]]"
12a_0408_170,"[[10, 24, 11, 23], [12, 5, 13, 6], [14, 4, 15, 3], [16, 20, 17, 19], [18, 2, 19, 1], [20, 8, 21, 7], [22, 14, 23, 13], [24, 18, 1, 17], [2, 10, 3, 9], [4, 22, 5, 21], [6, 11, 7, 12], [8, 16, 9, 15]]"
12a_0408_171,"[[8, 16, 9, 15], [10, 24, 11, 23], [12, 5, 13, 6], [14, 4, 15, 3], [16, 20, 17, 19], [18, 2, 19, 1], [20, 8, 21, 7], [22, 14, 23, 13], [24, 18, 1, 17], [2, 10, 3, 9], [4, 22, 5, 21], [6, 11, 7, 12]]"
12a_0408_172,"[[6, 11, 7, 12], [8, 16, 9, 15], [10, 24, 11, 23], [12, 5, 13, 6], [14, 4, 15, 3], [16, 20, 17, 19], [18, 2, 19, 1], [20, 8, 21, 7], [22, 14, 23, 13], [24, 18, 1, 17], [2, 10, 3, 9], [4, 22, 5, 21]]"
12a_0408_173,"[[4, 22, 5, 21], [6, 11, 7, 12], [8, 16, 9, 15], [10, 24, 11, 23], [12, 5, 13, 6], [14, 4, 15, 3], [16, 20, 17, 19], [18, 2, 19, 1], [20, 8, 21, 7], [22, 14, 23, 13], [24, 18, 1, 17], [2, 10, 3, 9]]"
12a_0408_174,"[[2, 10, 3, 9], [4, 22, 5, 21], [6, 11, 7, 12], [8, 16, 9, 15], [10, 24, 11, 23], [12, 5, 13, 6], [14, 4, 15, 3], [16, 20, 17, 19], [18, 2, 19, 1], [20, 8, 21, 7], [22, 14, 23, 13], [24, 18, 1, 17]]"
12a_0408_175,"[[24, 18, 1, 17], [2, 10, 3, 9], [4, 22, 5, 21], [6, 11, 7, 12], [8, 16, 9, 15], [10, 24, 11, 23], [12, 5, 13, 6], [14, 4, 15, 3], [16, 20, 17, 19], [18, 2, 19, 1], [20, 8, 21, 7], [22, 14, 23, 13]]"
12a_0408_176,"[[22, 14, 23, 13], [24, 18, 1, 17], [2, 10, 3, 9], [4, 22, 5, 21], [6, 11, 7, 12], [8, 16, 9, 15], [10, 24, 11, 23], [12, 5, 13, 6], [14, 4, 15, 3], [16, 20, 17, 19], [18, 2, 19, 1], [20, 8, 21, 7]]"
12a_0408_177,"[[20, 8, 21, 7], [22, 14, 23, 13], [24, 18, 1, 17], [2, 10, 3, 9], [4, 22, 5, 21], [6, 11, 7, 12], [8, 16, 9, 15], [10, 24, 11, 23], [12, 5, 13, 6], [14, 4, 15, 3], [16, 20, 17, 19], [18, 2, 19, 1]]"
12a_0408_178,"[[18, 2, 19, 1], [20, 8, 21, 7], [22, 14, 23, 13], [24, 18, 1, 17], [2, 10, 3, 9], [4, 22, 5, 21], [6, 11, 7, 12], [8, 16, 9, 15], [10, 24, 11, 23], [12, 5, 13, 6], [14, 4, 15, 3], [16, 20, 17, 19]]"
12a_0408_179,"[[16, 20, 17, 19], [18, 2, 19, 1], [20, 8, 21, 7], [22, 14, 23, 13], [24, 18, 1, 17], [2, 10, 3, 9], [4, 22, 5, 21], [6, 11, 7, 12], [8, 16, 9, 15], [10, 24, 11, 23], [12, 5, 13, 6], [14, 4, 15, 3]]"
12a_0408_180,"[[15, 5, 16, 4], [17, 21, 18, 20], [19, 3, 20, 2], [21, 9, 22, 8], [23, 15, 24, 14], [1, 19, 2, 18], [3, 11, 4, 10], [5, 23, 6, 22], [7, 12, 8, 13], [9, 17, 10, 16], [11, 1, 12, 24], [13, 6, 14, 7]]"
12a_0408_181,"[[13, 6, 14, 7], [15, 5, 16, 4], [17, 21, 18, 20], [19, 3, 20, 2], [21, 9, 22, 8], [23, 15, 24, 14], [1, 19, 2, 18], [3, 11, 4, 10], [5, 23, 6, 22], [7, 12, 8, 13], [9, 17, 10, 16], [11, 1, 12, 24]]"
12a_0408_182,"[[11, 1, 12, 24], [13, 6, 14, 7], [15, 5, 16, 4], [17, 21, 18, 20], [19, 3, 20, 2], [21, 9, 22, 8], [23, 15, 24, 14], [1, 19, 2, 18], [3, 11, 4, 10], [5, 23, 6, 22], [7, 12, 8, 13], [9, 17, 10, 16]]"
12a_0408_183,"[[9, 17, 10, 16], [11, 1, 12, 24], [13, 6, 14, 7], [15, 5, 16, 4], [17, 21, 18, 20], [19, 3, 20, 2], [21, 9, 22, 8], [23, 15, 24, 14], [1, 19, 2, 18], [3, 11, 4, 10], [5, 23, 6, 22], [7, 12, 8, 13]]"
12a_0408_184,"[[7, 12, 8, 13], [9, 17, 10, 16], [11, 1, 12, 24], [13, 6, 14, 7], [15, 5, 16, 4], [17, 21, 18, 20], [19, 3, 20, 2], [21, 9, 22, 8], [23, 15, 24, 14], [1, 19, 2, 18], [3, 11, 4, 10], [5, 23, 6, 22]]"
12a_0408_185,"[[5, 23, 6, 22], [7, 12, 8, 13], [9, 17, 10, 16], [11, 1, 12, 24], [13, 6, 14, 7], [15, 5, 16, 4], [17, 21, 18, 20], [19, 3, 20, 2], [21, 9, 22, 8], [23, 15, 24, 14], [1, 19, 2, 18], [3, 11, 4, 10]]"
