name,pd_notation
12a_0964_0,"[[24, 15, 1, 16], [2, 8, 3, 7], [4, 11, 5, 12], [6, 20, 7, 19], [8, 24, 9, 23], [10, 17, 11, 18], [12, 5, 13, 6], [14, 1, 15, 2], [16, 21, 17, 22], [18, 4, 19, 3], [20, 13, 21, 14], [22, 10, 23, 9]]"
12a_0964_1,"[[22, 10, 23, 9], [24, 15, 1, 16], [2, 8, 3, 7], [4, 11, 5, 12], [6, 20, 7, 19], [8, 24, 9, 23], [10, 17, 11, 18], [12, 5, 13, 6], [14, 1, 15, 2], [16, 21, 17, 22], [18, 4, 19, 3], [20, 13, 21, 14]]"
12a_0964_2,"[[20, 13, 21, 14], [22, 10, 23, 9], [24, 15, 1, 16], [2, 8, 3, 7], [4, 11, 5, 12], [6, 20, 7, 19], [8, 24, 9, 23], [10, 17, 11, 18], [12, 5, 13, 6], [14, 1, 15, 2], [16, 21, 17, 22], [18, 4, 19, 3]]"
12a_0964_3,"[[18, 4, 19, 3], [20, 13, 21, 14], [22, 10, 23, 9], [24, 15, 1, 16], [2, 8, 3, 7], [4, 11, 5, 12], [6, 20, 7, 19], [8, 24, 9, 23], [10, 17, 11, 18], [12, 5, 13, 6], [14, 1, 15, 2], [16, 21, 17, 22]]"
12a_0964_4,"[[16, 21, 17, 22], [18, 4, 19, 3], [20, 13, 21, 14], [22, 10, 23, 9], [24, 15, 1, 16], [2, 8, 3, 7], [4, 11, 5, 12], [6, 20, 7, 19], [8, 24, 9, 23], [10, 17, 11, 18], [12, 5, 13, 6], [14, 1, 15, 2]]"
12a_0964_5,"[[14, 1, 15, 2], [16, 21, 17, 22], [18, 4, 19, 3], [20, 13, 21, 14], [22, 10, 23, 9], [24, 15, 1, 16], [2, 8, 3, 7], [4, 11, 5, 12], [6, 20, 7, 19], [8, 24, 9, 23], [10, 17, 11, 18], [12, 5, 13, 6]]"
12a_0964_6,"[[12, 5, 13, 6], [14, 1, 15, 2], [16, 21, 17, 22], [18, 4, 19, 3], [20, 13, 21, 14], [22, 10, 23, 9], [24, 15, 1, 16], [2, 8, 3, 7], [4, 11, 5, 12], [6, 20, 7, 19], [8, 24, 9, 23], [10, 17, 11, 18]]"
12a_0964_7,"[[10, 17, 11, 18], [12, 5, 13, 6], [14, 1, 15, 2], [16, 21, 17, 22], [18, 4, 19, 3], [20, 13, 21, 14], [22, 10, 23, 9], [24, 15, 1, 16], [2, 8, 3, 7], [4, 11, 5, 12], [6, 20, 7, 19], [8, 24, 9, 23]]"
12a_0964_8,"[[8, 24, 9, 23], [10, 17, 11, 18], [12, 5, 13, 6], [14, 1, 15, 2], [16, 21, 17, 22], [18, 4, 19, 3], [20, 13, 21, 14], [22, 10, 23, 9], [24, 15, 1, 16], [2, 8, 3, 7], [4, 11, 5, 12], [6, 20, 7, 19]]"
12a_0964_9,"[[6, 20, 7, 19], [8, 24, 9, 23], [10, 17, 11, 18], [12, 5, 13, 6], [14, 1, 15, 2], [16, 21, 17, 22], [18, 4, 19, 3], [20, 13, 21, 14], [22, 10, 23, 9], [24, 15, 1, 16], [2, 8, 3, 7], [4, 11, 5, 12]]"
12a_0964_10,"[[4, 11, 5, 12], [6, 20, 7, 19], [8, 24, 9, 23], [10, 17, 11, 18], [12, 5, 13, 6], [14, 1, 15, 2], [16, 21, 17, 22], [18, 4, 19, 3], [20, 13, 21, 14], [22, 10, 23, 9], [24, 15, 1, 16], [2, 8, 3, 7]]"
12a_0964_11,"[[2, 8, 3, 7], [4, 11, 5, 12], [6, 20, 7, 19], [8, 24, 9, 23], [10, 17, 11, 18], [12, 5, 13, 6], [14, 1, 15, 2], [16, 21, 17, 22], [18, 4, 19, 3], [20, 13, 21, 14], [22, 10, 23, 9], [24, 15, 1, 16]]"
12a_0964_12,"[[1, 16, 2, 17], [3, 9, 4, 8], [5, 12, 6, 13], [7, 21, 8, 20], [9, 1, 10, 24], [11, 18, 12, 19], [13, 6, 14, 7], [15, 2, 16, 3], [17, 22, 18, 23], [19, 5, 20, 4], [21, 14, 22, 15], [23, 11, 24, 10]]"
12a_0964_13,"[[23, 11, 24, 10], [1, 16, 2, 17], [3, 9, 4, 8], [5, 12, 6, 13], [7, 21, 8, 20], [9, 1, 10, 24], [11, 18, 12, 19], [13, 6, 14, 7], [15, 2, 16, 3], [17, 22, 18, 23], [19, 5, 20, 4], [21, 14, 22, 15]]"
12a_0964_14,"[[21, 14, 22, 15], [23, 11, 24, 10], [1, 16, 2, 17], [3, 9, 4, 8], [5, 12, 6, 13], [7, 21, 8, 20], [9, 1, 10, 24], [11, 18, 12, 19], [13, 6, 14, 7], [15, 2, 16, 3], [17, 22, 18, 23], [19, 5, 20, 4]]"
12a_0964_15,"[[19, 5, 20, 4], [21, 14, 22, 15], [23, 11, 24, 10], [1, 16, 2, 17], [3, 9, 4, 8], [5, 12, 6, 13], [7, 21, 8, 20], [9, 1, 10, 24], [11, 18, 12, 19], [13, 6, 14, 7], [15, 2, 16, 3], [17, 22, 18, 23]]"
12a_0964_16,"[[17, 22, 18, 23], [19, 5, 20, 4], [21, 14, 22, 15], [23, 11, 24, 10], [1, 16, 2, 17], [3, 9, 4, 8], [5, 12, 6, 13], [7, 21, 8, 20], [9, 1, 10, 24], [11, 18, 12, 19], [13, 6, 14, 7], [15, 2, 16, 3]]"
12a_0964_17,"[[15, 2, 16, 3], [17, 22, 18, 23], [19, 5, 20, 4], [21, 14, 22, 15], [23, 11, 24, 10], [1, 16, 2, 17], [3, 9, 4, 8], [5, 12, 6, 13], [7, 21, 8, 20], [9, 1, 10, 24], [11, 18, 12, 19], [13, 6, 14, 7]]"
12a_0964_18,"[[13, 6, 14, 7], [15, 2, 16, 3], [17, 22, 18, 23], [19, 5, 20, 4], [21, 14, 22, 15], [23, 11, 24, 10], [1, 16, 2, 17], [3, 9, 4, 8], [5, 12, 6, 13], [7, 21, 8, 20], [9, 1, 10, 24], [11, 18, 12, 19]]"
12a_0964_19,"[[11, 18, 12, 19], [13, 6, 14, 7], [15, 2, 16, 3], [17, 22, 18, 23], [19, 5, 20, 4], [21, 14, 22, 15], [23, 11, 24, 10], [1, 16, 2, 17], [3, 9, 4, 8], [5, 12, 6, 13], [7, 21, 8, 20], [9, 1, 10, 24]]"
12a_0964_20,"[[9, 1, 10, 24], [11, 18, 12, 19], [13, 6, 14, 7], [15, 2, 16, 3], [17, 22, 18, 23], [19, 5, 20, 4], [21, 14, 22, 15], [23, 11, 24, 10], [1, 16, 2, 17], [3, 9, 4, 8], [5, 12, 6, 13], [7, 21, 8, 20]]"
12a_0964_21,"[[7, 21, 8, 20], [9, 1, 10, 24], [11, 18, 12, 19], [13, 6, 14, 7], [15, 2, 16, 3], [17, 22, 18, 23], [19, 5, 20, 4], [21, 14, 22, 15], [23, 11, 24, 10], [1, 16, 2, 17], [3, 9, 4, 8], [5, 12, 6, 13]]"
12a_0964_22,"[[5, 12, 6, 13], [7, 21, 8, 20], [9, 1, 10, 24], [11, 18, 12, 19], [13, 6, 14, 7], [15, 2, 16, 3], [17, 22, 18, 23], [19, 5, 20, 4], [21, 14, 22, 15], [23, 11, 24, 10], [1, 16, 2, 17], [3, 9, 4, 8]]"
12a_0964_23,"[[3, 9, 4, 8], [5, 12, 6, 13], [7, 21, 8, 20], [9, 1, 10, 24], [11, 18, 12, 19], [13, 6, 14, 7], [15, 2, 16, 3], [17, 22, 18, 23], [19, 5, 20, 4], [21, 14, 22, 15], [23, 11, 24, 10], [1, 16, 2, 17]]"
12a_0964_24,"[[2, 17, 3, 18], [4, 10, 5, 9], [6, 13, 7, 14], [8, 22, 9, 21], [10, 2, 11, 1], [12, 19, 13, 20], [14, 7, 15, 8], [16, 3, 17, 4], [18, 23, 19, 24], [20, 6, 21, 5], [22, 15, 23, 16], [24, 12, 1, 11]]"
12a_0964_25,"[[24, 12, 1, 11], [2, 17, 3, 18], [4, 10, 5, 9], [6, 13, 7, 14], [8, 22, 9, 21], [10, 2, 11, 1], [12, 19, 13, 20], [14, 7, 15, 8], [16, 3, 17, 4], [18, 23, 19, 24], [20, 6, 21, 5], [22, 15, 23, 16]]"
12a_0964_26,"[[22, 15, 23, 16], [24, 12, 1, 11], [2, 17, 3, 18], [4, 10, 5, 9], [6, 13, 7, 14], [8, 22, 9, 21], [10, 2, 11, 1], [12, 19, 13, 20], [14, 7, 15, 8], [16, 3, 17, 4], [18, 23, 19, 24], [20, 6, 21, 5]]"
12a_0964_27,"[[20, 6, 21, 5], [22, 15, 23, 16], [24, 12, 1, 11], [2, 17, 3, 18], [4, 10, 5, 9], [6, 13, 7, 14], [8, 22, 9, 21], [10, 2, 11, 1], [12, 19, 13, 20], [14, 7, 15, 8], [16, 3, 17, 4], [18, 23, 19, 24]]"
12a_0964_28,"[[18, 23, 19, 24], [20, 6, 21, 5], [22, 15, 23, 16], [24, 12, 1, 11], [2, 17, 3, 18], [4, 10, 5, 9], [6, 13, 7, 14], [8, 22, 9, 21], [10, 2, 11, 1], [12, 19, 13, 20], [14, 7, 15, 8], [16, 3, 17, 4]]"
12a_0964_29,"[[16, 3, 17, 4], [18, 23, 19, 24], [20, 6, 21, 5], [22, 15, 23, 16], [24, 12, 1, 11], [2, 17, 3, 18], [4, 10, 5, 9], [6, 13, 7, 14], [8, 22, 9, 21], [10, 2, 11, 1], [12, 19, 13, 20], [14, 7, 15, 8]]"
12a_0964_30,"[[14, 7, 15, 8], [16, 3, 17, 4], [18, 23, 19, 24], [20, 6, 21, 5], [22, 15, 23, 16], [24, 12, 1, 11], [2, 17, 3, 18], [4, 10, 5, 9], [6, 13, 7, 14], [8, 22, 9, 21], [10, 2, 11, 1], [12, 19, 13, 20]]"
12a_0964_31,"[[12, 19, 13, 20], [14, 7, 15, 8], [16, 3, 17, 4], [18, 23, 19, 24], [20, 6, 21, 5], [22, 15, 23, 16], [24, 12, 1, 11], [2, 17, 3, 18], [4, 10, 5, 9], [6, 13, 7, 14], [8, 22, 9, 21], [10, 2, 11, 1]]"
12a_0964_32,"[[10, 2, 11, 1], [12, 19, 13, 20], [14, 7, 15, 8], [16, 3, 17, 4], [18, 23, 19, 24], [20, 6, 21, 5], [22, 15, 23, 16], [24, 12, 1, 11], [2, 17, 3, 18], [4, 10, 5, 9], [6, 13, 7, 14], [8, 22, 9, 21]]"
12a_0964_33,"[[8, 22, 9, 21], [10, 2, 11, 1], [12, 19, 13, 20], [14, 7, 15, 8], [16, 3, 17, 4], [18, 23, 19, 24], [20, 6, 21, 5], [22, 15, 23, 16], [24, 12, 1, 11], [2, 17, 3, 18], [4, 10, 5, 9], [6, 13, 7, 14]]"
12a_0964_34,"[[6, 13, 7, 14], [8, 22, 9, 21], [10, 2, 11, 1], [12, 19, 13, 20], [14, 7, 15, 8], [16, 3, 17, 4], [18, 23, 19, 24], [20, 6, 21, 5], [22, 15, 23, 16], [24, 12, 1, 11], [2, 17, 3, 18], [4, 10, 5, 9]]"
12a_0964_35,"[[4, 10, 5, 9], [6, 13, 7, 14], [8, 22, 9, 21], [10, 2, 11, 1], [12, 19, 13, 20], [14, 7, 15, 8], [16, 3, 17, 4], [18, 23, 19, 24], [20, 6, 21, 5], [22, 15, 23, 16], [24, 12, 1, 11], [2, 17, 3, 18]]"
12a_0964_36,"[[3, 18, 4, 19], [5, 11, 6, 10], [7, 14, 8, 15], [9, 23, 10, 22], [11, 3, 12, 2], [13, 20, 14, 21], [15, 8, 16, 9], [17, 4, 18, 5], [19, 24, 20, 1], [21, 7, 22, 6], [23, 16, 24, 17], [1, 13, 2, 12]]"
12a_0964_37,"[[1, 13, 2, 12], [3, 18, 4, 19], [5, 11, 6, 10], [7, 14, 8, 15], [9, 23, 10, 22], [11, 3, 12, 2], [13, 20, 14, 21], [15, 8, 16, 9], [17, 4, 18, 5], [19, 24, 20, 1], [21, 7, 22, 6], [23, 16, 24, 17]]"
12a_0964_38,"[[23, 16, 24, 17], [1, 13, 2, 12], [3, 18, 4, 19], [5, 11, 6, 10], [7, 14, 8, 15], [9, 23, 10, 22], [11, 3, 12, 2], [13, 20, 14, 21], [15, 8, 16, 9], [17, 4, 18, 5], [19, 24, 20, 1], [21, 7, 22, 6]]"
12a_0964_39,"[[21, 7, 22, 6], [23, 16, 24, 17], [1, 13, 2, 12], [3, 18, 4, 19], [5, 11, 6, 10], [7, 14, 8, 15], [9, 23, 10, 22], [11, 3, 12, 2], [13, 20, 14, 21], [15, 8, 16, 9], [17, 4, 18, 5], [19, 24, 20, 1]]"
12a_0964_40,"[[19, 24, 20, 1], [21, 7, 22, 6], [23, 16, 24, 17], [1, 13, 2, 12], [3, 18, 4, 19], [5, 11, 6, 10], [7, 14, 8, 15], [9, 23, 10, 22], [11, 3, 12, 2], [13, 20, 14, 21], [15, 8, 16, 9], [17, 4, 18, 5]]"
12a_0964_41,"[[17, 4, 18, 5], [19, 24, 20, 1], [21, 7, 22, 6], [23, 16, 24, 17], [1, 13, 2, 12], [3, 18, 4, 19], [5, 11, 6, 10], [7, 14, 8, 15], [9, 23, 10, 22], [11, 3, 12, 2], [13, 20, 14, 21], [15, 8, 16, 9]]"
12a_0964_42,"[[15, 8, 16, 9], [17, 4, 18, 5], [19, 24, 20, 1], [21, 7, 22, 6], [23, 16, 24, 17], [1, 13, 2, 12], [3, 18, 4, 19], [5, 11, 6, 10], [7, 14, 8, 15], [9, 23, 10, 22], [11, 3, 12, 2], [13, 20, 14, 21]]"
12a_0964_43,"[[13, 20, 14, 21], [15, 8, 16, 9], [17, 4, 18, 5], [19, 24, 20, 1], [21, 7, 22, 6], [23, 16, 24, 17], [1, 13, 2, 12], [3, 18, 4, 19], [5, 11, 6, 10], [7, 14, 8, 15], [9, 23, 10, 22], [11, 3, 12, 2]]"
12a_0964_44,"[[11, 3, 12, 2], [13, 20, 14, 21], [15, 8, 16, 9], [17, 4, 18, 5], [19, 24, 20, 1], [21, 7, 22, 6], [23, 16, 24, 17], [1, 13, 2, 12], [3, 18, 4, 19], [5, 11, 6, 10], [7, 14, 8, 15], [9, 23, 10, 22]]"
12a_0964_45,"[[9, 23, 10, 22], [11, 3, 12, 2], [13, 20, 14, 21], [15, 8, 16, 9], [17, 4, 18, 5], [19, 24, 20, 1], [21, 7, 22, 6], [23, 16, 24, 17], [1, 13, 2, 12], [3, 18, 4, 19], [5, 11, 6, 10], [7, 14, 8, 15]]"
12a_0964_46,"[[7, 14, 8, 15], [9, 23, 10, 22], [11, 3, 12, 2], [13, 20, 14, 21], [15, 8, 16, 9], [17, 4, 18, 5], [19, 24, 20, 1], [21, 7, 22, 6], [23, 16, 24, 17], [1, 13, 2, 12], [3, 18, 4, 19], [5, 11, 6, 10]]"
12a_0964_47,"[[5, 11, 6, 10], [7, 14, 8, 15], [9, 23, 10, 22], [11, 3, 12, 2], [13, 20, 14, 21], [15, 8, 16, 9], [17, 4, 18, 5], [19, 24, 20, 1], [21, 7, 22, 6], [23, 16, 24, 17], [1, 13, 2, 12], [3, 18, 4, 19]]"
12a_0964_48,"[[4, 19, 5, 20], [6, 12, 7, 11], [8, 15, 9, 16], [10, 24, 11, 23], [12, 4, 13, 3], [14, 21, 15, 22], [16, 9, 17, 10], [18, 5, 19, 6], [20, 1, 21, 2], [22, 8, 23, 7], [24, 17, 1, 18], [2, 14, 3, 13]]"
12a_0964_49,"[[2, 14, 3, 13], [4, 19, 5, 20], [6, 12, 7, 11], [8, 15, 9, 16], [10, 24, 11, 23], [12, 4, 13, 3], [14, 21, 15, 22], [16, 9, 17, 10], [18, 5, 19, 6], [20, 1, 21, 2], [22, 8, 23, 7], [24, 17, 1, 18]]"
12a_0964_50,"[[24, 17, 1, 18], [2, 14, 3, 13], [4, 19, 5, 20], [6, 12, 7, 11], [8, 15, 9, 16], [10, 24, 11, 23], [12, 4, 13, 3], [14, 21, 15, 22], [16, 9, 17, 10], [18, 5, 19, 6], [20, 1, 21, 2], [22, 8, 23, 7]]"
12a_0964_51,"[[22, 8, 23, 7], [24, 17, 1, 18], [2, 14, 3, 13], [4, 19, 5, 20], [6, 12, 7, 11], [8, 15, 9, 16], [10, 24, 11, 23], [12, 4, 13, 3], [14, 21, 15, 22], [16, 9, 17, 10], [18, 5, 19, 6], [20, 1, 21, 2]]"
12a_0964_52,"[[20, 1, 21, 2], [22, 8, 23, 7], [24, 17, 1, 18], [2, 14, 3, 13], [4, 19, 5, 20], [6, 12, 7, 11], [8, 15, 9, 16], [10, 24, 11, 23], [12, 4, 13, 3], [14, 21, 15, 22], [16, 9, 17, 10], [18, 5, 19, 6]]"
12a_0964_53,"[[18, 5, 19, 6], [20, 1, 21, 2], [22, 8, 23, 7], [24, 17, 1, 18], [2, 14, 3, 13], [4, 19, 5, 20], [6, 12, 7, 11], [8, 15, 9, 16], [10, 24, 11, 23], [12, 4, 13, 3], [14, 21, 15, 22], [16, 9, 17, 10]]"
12a_0964_54,"[[16, 9, 17, 10], [18, 5, 19, 6], [20, 1, 21, 2], [22, 8, 23, 7], [24, 17, 1, 18], [2, 14, 3, 13], [4, 19, 5, 20], [6, 12, 7, 11], [8, 15, 9, 16], [10, 24, 11, 23], [12, 4, 13, 3], [14, 21, 15, 22]]"
12a_0964_55,"[[14, 21, 15, 22], [16, 9, 17, 10], [18, 5, 19, 6], [20, 1, 21, 2], [22, 8, 23, 7], [24, 17, 1, 18], [2, 14, 3, 13], [4, 19, 5, 20], [6, 12, 7, 11], [8, 15, 9, 16], [10, 24, 11, 23], [12, 4, 13, 3]]"
12a_0964_56,"[[12, 4, 13, 3], [14, 21, 15, 22], [16, 9, 17, 10], [18, 5, 19, 6], [20, 1, 21, 2], [22, 8, 23, 7], [24, 17, 1, 18], [2, 14, 3, 13], [4, 19, 5, 20], [6, 12, 7, 11], [8, 15, 9, 16], [10, 24, 11, 23]]"
12a_0964_57,"[[10, 24, 11, 23], [12, 4, 13, 3], [14, 21, 15, 22], [16, 9, 17, 10], [18, 5, 19, 6], [20, 1, 21, 2], [22, 8, 23, 7], [24, 17, 1, 18], [2, 14, 3, 13], [4, 19, 5, 20], [6, 12, 7, 11], [8, 15, 9, 16]]"
12a_0964_58,"[[8, 15, 9, 16], [10, 24, 11, 23], [12, 4, 13, 3], [14, 21, 15, 22], [16, 9, 17, 10], [18, 5, 19, 6], [20, 1, 21, 2], [22, 8, 23, 7], [24, 17, 1, 18], [2, 14, 3, 13], [4, 19, 5, 20], [6, 12, 7, 11]]"
12a_0964_59,"[[6, 12, 7, 11], [8, 15, 9, 16], [10, 24, 11, 23], [12, 4, 13, 3], [14, 21, 15, 22], [16, 9, 17, 10], [18, 5, 19, 6], [20, 1, 21, 2], [22, 8, 23, 7], [24, 17, 1, 18], [2, 14, 3, 13], [4, 19, 5, 20]]"
12a_0964_60,"[[5, 20, 6, 21], [7, 13, 8, 12], [9, 16, 10, 17], [11, 1, 12, 24], [13, 5, 14, 4], [15, 22, 16, 23], [17, 10, 18, 11], [19, 6, 20, 7], [21, 2, 22, 3], [23, 9, 24, 8], [1, 18, 2, 19], [3, 15, 4, 14]]"
12a_0964_61,"[[3, 15, 4, 14], [5, 20, 6, 21], [7, 13, 8, 12], [9, 16, 10, 17], [11, 1, 12, 24], [13, 5, 14, 4], [15, 22, 16, 23], [17, 10, 18, 11], [19, 6, 20, 7], [21, 2, 22, 3], [23, 9, 24, 8], [1, 18, 2, 19]]"
12a_0964_62,"[[1, 18, 2, 19], [3, 15, 4, 14], [5, 20, 6, 21], [7, 13, 8, 12], [9, 16, 10, 17], [11, 1, 12, 24], [13, 5, 14, 4], [15, 22, 16, 23], [17, 10, 18, 11], [19, 6, 20, 7], [21, 2, 22, 3], [23, 9, 24, 8]]"
12a_0964_63,"[[23, 9, 24, 8], [1, 18, 2, 19], [3, 15, 4, 14], [5, 20, 6, 21], [7, 13, 8, 12], [9, 16, 10, 17], [11, 1, 12, 24], [13, 5, 14, 4], [15, 22, 16, 23], [17, 10, 18, 11], [19, 6, 20, 7], [21, 2, 22, 3]]"
12a_0964_64,"[[21, 2, 22, 3], [23, 9, 24, 8], [1, 18, 2, 19], [3, 15, 4, 14], [5, 20, 6, 21], [7, 13, 8, 12], [9, 16, 10, 17], [11, 1, 12, 24], [13, 5, 14, 4], [15, 22, 16, 23], [17, 10, 18, 11], [19, 6, 20, 7]]"
12a_0964_65,"[[19, 6, 20, 7], [21, 2, 22, 3], [23, 9, 24, 8], [1, 18, 2, 19], [3, 15, 4, 14], [5, 20, 6, 21], [7, 13, 8, 12], [9, 16, 10, 17], [11, 1, 12, 24], [13, 5, 14, 4], [15, 22, 16, 23], [17, 10, 18, 11]]"
12a_0964_66,"[[17, 10, 18, 11], [19, 6, 20, 7], [21, 2, 22, 3], [23, 9, 24, 8], [1, 18, 2, 19], [3, 15, 4, 14], [5, 20, 6, 21], [7, 13, 8, 12], [9, 16, 10, 17], [11, 1, 12, 24], [13, 5, 14, 4], [15, 22, 16, 23]]"
12a_0964_67,"[[15, 22, 16, 23], [17, 10, 18, 11], [19, 6, 20, 7], [21, 2, 22, 3], [23, 9, 24, 8], [1, 18, 2, 19], [3, 15, 4, 14], [5, 20, 6, 21], [7, 13, 8, 12], [9, 16, 10, 17], [11, 1, 12, 24], [13, 5, 14, 4]]"
12a_0964_68,"[[13, 5, 14, 4], [15, 22, 16, 23], [17, 10, 18, 11], [19, 6, 20, 7], [21, 2, 22, 3], [23, 9, 24, 8], [1, 18, 2, 19], [3, 15, 4, 14], [5, 20, 6, 21], [7, 13, 8, 12], [9, 16, 10, 17], [11, 1, 12, 24]]"
12a_0964_69,"[[11, 1, 12, 24], [13, 5, 14, 4], [15, 22, 16, 23], [17, 10, 18, 11], [19, 6, 20, 7], [21, 2, 22, 3], [23, 9, 24, 8], [1, 18, 2, 19], [3, 15, 4, 14], [5, 20, 6, 21], [7, 13, 8, 12], [9, 16, 10, 17]]"
12a_0964_70,"[[9, 16, 10, 17], [11, 1, 12, 24], [13, 5, 14, 4], [15, 22, 16, 23], [17, 10, 18, 11], [19, 6, 20, 7], [21, 2, 22, 3], [23, 9, 24, 8], [1, 18, 2, 19], [3, 15, 4, 14], [5, 20, 6, 21], [7, 13, 8, 12]]"
12a_0964_71,"[[7, 13, 8, 12], [9, 16, 10, 17], [11, 1, 12, 24], [13, 5, 14, 4], [15, 22, 16, 23], [17, 10, 18, 11], [19, 6, 20, 7], [21, 2, 22, 3], [23, 9, 24, 8], [1, 18, 2, 19], [3, 15, 4, 14], [5, 20, 6, 21]]"
12a_0964_72,"[[6, 21, 7, 22], [8, 14, 9, 13], [10, 17, 11, 18], [12, 2, 13, 1], [14, 6, 15, 5], [16, 23, 17, 24], [18, 11, 19, 12], [20, 7, 21, 8], [22, 3, 23, 4], [24, 10, 1, 9], [2, 19, 3, 20], [4, 16, 5, 15]]"
12a_0964_73,"[[4, 16, 5, 15], [6, 21, 7, 22], [8, 14, 9, 13], [10, 17, 11, 18], [12, 2, 13, 1], [14, 6, 15, 5], [16, 23, 17, 24], [18, 11, 19, 12], [20, 7, 21, 8], [22, 3, 23, 4], [24, 10, 1, 9], [2, 19, 3, 20]]"
12a_0964_74,"[[2, 19, 3, 20], [4, 16, 5, 15], [6, 21, 7, 22], [8, 14, 9, 13], [10, 17, 11, 18], [12, 2, 13, 1], [14, 6, 15, 5], [16, 23, 17, 24], [18, 11, 19, 12], [20, 7, 21, 8], [22, 3, 23, 4], [24, 10, 1, 9]]"
12a_0964_75,"[[24, 10, 1, 9], [2, 19, 3, 20], [4, 16, 5, 15], [6, 21, 7, 22], [8, 14, 9, 13], [10, 17, 11, 18], [12, 2, 13, 1], [14, 6, 15, 5], [16, 23, 17, 24], [18, 11, 19, 12], [20, 7, 21, 8], [22, 3, 23, 4]]"
12a_0964_76,"[[22, 3, 23, 4], [24, 10, 1, 9], [2, 19, 3, 20], [4, 16, 5, 15], [6, 21, 7, 22], [8, 14, 9, 13], [10, 17, 11, 18], [12, 2, 13, 1], [14, 6, 15, 5], [16, 23, 17, 24], [18, 11, 19, 12], [20, 7, 21, 8]]"
12a_0964_77,"[[20, 7, 21, 8], [22, 3, 23, 4], [24, 10, 1, 9], [2, 19, 3, 20], [4, 16, 5, 15], [6, 21, 7, 22], [8, 14, 9, 13], [10, 17, 11, 18], [12, 2, 13, 1], [14, 6, 15, 5], [16, 23, 17, 24], [18, 11, 19, 12]]"
12a_0964_78,"[[18, 11, 19, 12], [20, 7, 21, 8], [22, 3, 23, 4], [24, 10, 1, 9], [2, 19, 3, 20], [4, 16, 5, 15], [6, 21, 7, 22], [8, 14, 9, 13], [10, 17, 11, 18], [12, 2, 13, 1], [14, 6, 15, 5], [16, 23, 17, 24]]"
12a_0964_79,"[[16, 23, 17, 24], [18, 11, 19, 12], [20, 7, 21, 8], [22, 3, 23, 4], [24, 10, 1, 9], [2, 19, 3, 20], [4, 16, 5, 15], [6, 21, 7, 22], [8, 14, 9, 13], [10, 17, 11, 18], [12, 2, 13, 1], [14, 6, 15, 5]]"
12a_0964_80,"[[14, 6, 15, 5], [16, 23, 17, 24], [18, 11, 19, 12], [20, 7, 21, 8], [22, 3, 23, 4], [24, 10, 1, 9], [2, 19, 3, 20], [4, 16, 5, 15], [6, 21, 7, 22], [8, 14, 9, 13], [10, 17, 11, 18], [12, 2, 13, 1]]"
12a_0964_81,"[[12, 2, 13, 1], [14, 6, 15, 5], [16, 23, 17, 24], [18, 11, 19, 12], [20, 7, 21, 8], [22, 3, 23, 4], [24, 10, 1, 9], [2, 19, 3, 20], [4, 16, 5, 15], [6, 21, 7, 22], [8, 14, 9, 13], [10, 17, 11, 18]]"
12a_0964_82,"[[10, 17, 11, 18], [12, 2, 13, 1], [14, 6, 15, 5], [16, 23, 17, 24], [18, 11, 19, 12], [20, 7, 21, 8], [22, 3, 23, 4], [24, 10, 1, 9], [2, 19, 3, 20], [4, 16, 5, 15], [6, 21, 7, 22], [8, 14, 9, 13]]"
12a_0964_83,"[[8, 14, 9, 13], [10, 17, 11, 18], [12, 2, 13, 1], [14, 6, 15, 5], [16, 23, 17, 24], [18, 11, 19, 12], [20, 7, 21, 8], [22, 3, 23, 4], [24, 10, 1, 9], [2, 19, 3, 20], [4, 16, 5, 15], [6, 21, 7, 22]]"
12a_0964_84,"[[7, 22, 8, 23], [9, 15, 10, 14], [11, 18, 12, 19], [13, 3, 14, 2], [15, 7, 16, 6], [17, 24, 18, 1], [19, 12, 20, 13], [21, 8, 22, 9], [23, 4, 24, 5], [1, 11, 2, 10], [3, 20, 4, 21], [5, 17, 6, 16]]"
12a_0964_85,"[[5, 17, 6, 16], [7, 22, 8, 23], [9, 15, 10, 14], [11, 18, 12, 19], [13, 3, 14, 2], [15, 7, 16, 6], [17, 24, 18, 1], [19, 12, 20, 13], [21, 8, 22, 9], [23, 4, 24, 5], [1, 11, 2, 10], [3, 20, 4, 21]]"
12a_0964_86,"[[3, 20, 4, 21], [5, 17, 6, 16], [7, 22, 8, 23], [9, 15, 10, 14], [11, 18, 12, 19], [13, 3, 14, 2], [15, 7, 16, 6], [17, 24, 18, 1], [19, 12, 20, 13], [21, 8, 22, 9], [23, 4, 24, 5], [1, 11, 2, 10]]"
12a_0964_87,"[[1, 11, 2, 10], [3, 20, 4, 21], [5, 17, 6, 16], [7, 22, 8, 23], [9, 15, 10, 14], [11, 18, 12, 19], [13, 3, 14, 2], [15, 7, 16, 6], [17, 24, 18, 1], [19, 12, 20, 13], [21, 8, 22, 9], [23, 4, 24, 5]]"
12a_0964_88,"[[23, 4, 24, 5], [1, 11, 2, 10], [3, 20, 4, 21], [5, 17, 6, 16], [7, 22, 8, 23], [9, 15, 10, 14], [11, 18, 12, 19], [13, 3, 14, 2], [15, 7, 16, 6], [17, 24, 18, 1], [19, 12, 20, 13], [21, 8, 22, 9]]"
12a_0964_89,"[[21, 8, 22, 9], [23, 4, 24, 5], [1, 11, 2, 10], [3, 20, 4, 21], [5, 17, 6, 16], [7, 22, 8, 23], [9, 15, 10, 14], [11, 18, 12, 19], [13, 3, 14, 2], [15, 7, 16, 6], [17, 24, 18, 1], [19, 12, 20, 13]]"
12a_0964_90,"[[19, 12, 20, 13], [21, 8, 22, 9], [23, 4, 24, 5], [1, 11, 2, 10], [3, 20, 4, 21], [5, 17, 6, 16], [7, 22, 8, 23], [9, 15, 10, 14], [11, 18, 12, 19], [13, 3, 14, 2], [15, 7, 16, 6], [17, 24, 18, 1]]"
12a_0964_91,"[[17, 24, 18, 1], [19, 12, 20, 13], [21, 8, 22, 9], [23, 4, 24, 5], [1, 11, 2, 10], [3, 20, 4, 21], [5, 17, 6, 16], [7, 22, 8, 23], [9, 15, 10, 14], [11, 18, 12, 19], [13, 3, 14, 2], [15, 7, 16, 6]]"
12a_0964_92,"[[15, 7, 16, 6], [17, 24, 18, 1], [19, 12, 20, 13], [21, 8, 22, 9], [23, 4, 24, 5], [1, 11, 2, 10], [3, 20, 4, 21], [5, 17, 6, 16], [7, 22, 8, 23], [9, 15, 10, 14], [11, 18, 12, 19], [13, 3, 14, 2]]"
12a_0964_93,"[[13, 3, 14, 2], [15, 7, 16, 6], [17, 24, 18, 1], [19, 12, 20, 13], [21, 8, 22, 9], [23, 4, 24, 5], [1, 11, 2, 10], [3, 20, 4, 21], [5, 17, 6, 16], [7, 22, 8, 23], [9, 15, 10, 14], [11, 18, 12, 19]]"
12a_0964_94,"[[11, 18, 12, 19], [13, 3, 14, 2], [15, 7, 16, 6], [17, 24, 18, 1], [19, 12, 20, 13], [21, 8, 22, 9], [23, 4, 24, 5], [1, 11, 2, 10], [3, 20, 4, 21], [5, 17, 6, 16], [7, 22, 8, 23], [9, 15, 10, 14]]"
12a_0964_95,"[[9, 15, 10, 14], [11, 18, 12, 19], [13, 3, 14, 2], [15, 7, 16, 6], [17, 24, 18, 1], [19, 12, 20, 13], [21, 8, 22, 9], [23, 4, 24, 5], [1, 11, 2, 10], [3, 20, 4, 21], [5, 17, 6, 16], [7, 22, 8, 23]]"
12a_0964_96,"[[8, 23, 9, 24], [10, 16, 11, 15], [12, 19, 13, 20], [14, 4, 15, 3], [16, 8, 17, 7], [18, 1, 19, 2], [20, 13, 21, 14], [22, 9, 23, 10], [24, 5, 1, 6], [2, 12, 3, 11], [4, 21, 5, 22], [6, 18, 7, 17]]"
12a_0964_97,"[[6, 18, 7, 17], [8, 23, 9, 24], [10, 16, 11, 15], [12, 19, 13, 20], [14, 4, 15, 3], [16, 8, 17, 7], [18, 1, 19, 2], [20, 13, 21, 14], [22, 9, 23, 10], [24, 5, 1, 6], [2, 12, 3, 11], [4, 21, 5, 22]]"
12a_0964_98,"[[4, 21, 5, 22], [6, 18, 7, 17], [8, 23, 9, 24], [10, 16, 11, 15], [12, 19, 13, 20], [14, 4, 15, 3], [16, 8, 17, 7], [18, 1, 19, 2], [20, 13, 21, 14], [22, 9, 23, 10], [24, 5, 1, 6], [2, 12, 3, 11]]"
12a_0964_99,"[[2, 12, 3, 11], [4, 21, 5, 22], [6, 18, 7, 17], [8, 23, 9, 24], [10, 16, 11, 15], [12, 19, 13, 20], [14, 4, 15, 3], [16, 8, 17, 7], [18, 1, 19, 2], [20, 13, 21, 14], [22, 9, 23, 10], [24, 5, 1, 6]]"
12a_0964_100,"[[24, 5, 1, 6], [2, 12, 3, 11], [4, 21, 5, 22], [6, 18, 7, 17], [8, 23, 9, 24], [10, 16, 11, 15], [12, 19, 13, 20], [14, 4, 15, 3], [16, 8, 17, 7], [18, 1, 19, 2], [20, 13, 21, 14], [22, 9, 23, 10]]"
12a_0964_101,"[[22, 9, 23, 10], [24, 5, 1, 6], [2, 12, 3, 11], [4, 21, 5, 22], [6, 18, 7, 17], [8, 23, 9, 24], [10, 16, 11, 15], [12, 19, 13, 20], [14, 4, 15, 3], [16, 8, 17, 7], [18, 1, 19, 2], [20, 13, 21, 14]]"
12a_0964_102,"[[20, 13, 21, 14], [22, 9, 23, 10], [24, 5, 1, 6], [2, 12, 3, 11], [4, 21, 5, 22], [6, 18, 7, 17], [8, 23, 9, 24], [10, 16, 11, 15], [12, 19, 13, 20], [14, 4, 15, 3], [16, 8, 17, 7], [18, 1, 19, 2]]"
12a_0964_103,"[[18, 1, 19, 2], [20, 13, 21, 14], [22, 9, 23, 10], [24, 5, 1, 6], [2, 12, 3, 11], [4, 21, 5, 22], [6, 18, 7, 17], [8, 23, 9, 24], [10, 16, 11, 15], [12, 19, 13, 20], [14, 4, 15, 3], [16, 8, 17, 7]]"
12a_0964_104,"[[16, 8, 17, 7], [18, 1, 19, 2], [20, 13, 21, 14], [22, 9, 23, 10], [24, 5, 1, 6], [2, 12, 3, 11], [4, 21, 5, 22], [6, 18, 7, 17], [8, 23, 9, 24], [10, 16, 11, 15], [12, 19, 13, 20], [14, 4, 15, 3]]"
12a_0964_105,"[[14, 4, 15, 3], [16, 8, 17, 7], [18, 1, 19, 2], [20, 13, 21, 14], [22, 9, 23, 10], [24, 5, 1, 6], [2, 12, 3, 11], [4, 21, 5, 22], [6, 18, 7, 17], [8, 23, 9, 24], [10, 16, 11, 15], [12, 19, 13, 20]]"
12a_0964_106,"[[12, 19, 13, 20], [14, 4, 15, 3], [16, 8, 17, 7], [18, 1, 19, 2], [20, 13, 21, 14], [22, 9, 23, 10], [24, 5, 1, 6], [2, 12, 3, 11], [4, 21, 5, 22], [6, 18, 7, 17], [8, 23, 9, 24], [10, 16, 11, 15]]"
12a_0964_107,"[[10, 16, 11, 15], [12, 19, 13, 20], [14, 4, 15, 3], [16, 8, 17, 7], [18, 1, 19, 2], [20, 13, 21, 14], [22, 9, 23, 10], [24, 5, 1, 6], [2, 12, 3, 11], [4, 21, 5, 22], [6, 18, 7, 17], [8, 23, 9, 24]]"
12a_0964_108,"[[9, 24, 10, 1], [11, 17, 12, 16], [13, 20, 14, 21], [15, 5, 16, 4], [17, 9, 18, 8], [19, 2, 20, 3], [21, 14, 22, 15], [23, 10, 24, 11], [1, 6, 2, 7], [3, 13, 4, 12], [5, 22, 6, 23], [7, 19, 8, 18]]"
12a_0964_109,"[[7, 19, 8, 18], [9, 24, 10, 1], [11, 17, 12, 16], [13, 20, 14, 21], [15, 5, 16, 4], [17, 9, 18, 8], [19, 2, 20, 3], [21, 14, 22, 15], [23, 10, 24, 11], [1, 6, 2, 7], [3, 13, 4, 12], [5, 22, 6, 23]]"
12a_0964_110,"[[5, 22, 6, 23], [7, 19, 8, 18], [9, 24, 10, 1], [11, 17, 12, 16], [13, 20, 14, 21], [15, 5, 16, 4], [17, 9, 18, 8], [19, 2, 20, 3], [21, 14, 22, 15], [23, 10, 24, 11], [1, 6, 2, 7], [3, 13, 4, 12]]"
12a_0964_111,"[[3, 13, 4, 12], [5, 22, 6, 23], [7, 19, 8, 18], [9, 24, 10, 1], [11, 17, 12, 16], [13, 20, 14, 21], [15, 5, 16, 4], [17, 9, 18, 8], [19, 2, 20, 3], [21, 14, 22, 15], [23, 10, 24, 11], [1, 6, 2, 7]]"
12a_0964_112,"[[1, 6, 2, 7], [3, 13, 4, 12], [5, 22, 6, 23], [7, 19, 8, 18], [9, 24, 10, 1], [11, 17, 12, 16], [13, 20, 14, 21], [15, 5, 16, 4], [17, 9, 18, 8], [19, 2, 20, 3], [21, 14, 22, 15], [23, 10, 24, 11]]"
12a_0964_113,"[[23, 10, 24, 11], [1, 6, 2, 7], [3, 13, 4, 12], [5, 22, 6, 23], [7, 19, 8, 18], [9, 24, 10, 1], [11, 17, 12, 16], [13, 20, 14, 21], [15, 5, 16, 4], [17, 9, 18, 8], [19, 2, 20, 3], [21, 14, 22, 15]]"
12a_0964_114,"[[21, 14, 22, 15], [23, 10, 24, 11], [1, 6, 2, 7], [3, 13, 4, 12], [5, 22, 6, 23], [7, 19, 8, 18], [9, 24, 10, 1], [11, 17, 12, 16], [13, 20, 14, 21], [15, 5, 16, 4], [17, 9, 18, 8], [19, 2, 20, 3]]"
12a_0964_115,"[[19, 2, 20, 3], [21, 14, 22, 15], [23, 10, 24, 11], [1, 6, 2, 7], [3, 13, 4, 12], [5, 22, 6, 23], [7, 19, 8, 18], [9, 24, 10, 1], [11, 17, 12, 16], [13, 20, 14, 21], [15, 5, 16, 4], [17, 9, 18, 8]]"
12a_0964_116,"[[17, 9, 18, 8], [19, 2, 20, 3], [21, 14, 22, 15], [23, 10, 24, 11], [1, 6, 2, 7], [3, 13, 4, 12], [5, 22, 6, 23], [7, 19, 8, 18], [9, 24, 10, 1], [11, 17, 12, 16], [13, 20, 14, 21], [15, 5, 16, 4]]"
12a_0964_117,"[[15, 5, 16, 4], [17, 9, 18, 8], [19, 2, 20, 3], [21, 14, 22, 15], [23, 10, 24, 11], [1, 6, 2, 7], [3, 13, 4, 12], [5, 22, 6, 23], [7, 19, 8, 18], [9, 24, 10, 1], [11, 17, 12, 16], [13, 20, 14, 21]]"
12a_0964_118,"[[13, 20, 14, 21], [15, 5, 16, 4], [17, 9, 18, 8], [19, 2, 20, 3], [21, 14, 22, 15], [23, 10, 24, 11], [1, 6, 2, 7], [3, 13, 4, 12], [5, 22, 6, 23], [7, 19, 8, 18], [9, 24, 10, 1], [11, 17, 12, 16]]"
12a_0964_119,"[[11, 17, 12, 16], [13, 20, 14, 21], [15, 5, 16, 4], [17, 9, 18, 8], [19, 2, 20, 3], [21, 14, 22, 15], [23, 10, 24, 11], [1, 6, 2, 7], [3, 13, 4, 12], [5, 22, 6, 23], [7, 19, 8, 18], [9, 24, 10, 1]]"
12a_0964_120,"[[10, 1, 11, 2], [12, 18, 13, 17], [14, 21, 15, 22], [16, 6, 17, 5], [18, 10, 19, 9], [20, 3, 21, 4], [22, 15, 23, 16], [24, 11, 1, 12], [2, 7, 3, 8], [4, 14, 5, 13], [6, 23, 7, 24], [8, 20, 9, 19]]"
12a_0964_121,"[[8, 20, 9, 19], [10, 1, 11, 2], [12, 18, 13, 17], [14, 21, 15, 22], [16, 6, 17, 5], [18, 10, 19, 9], [20, 3, 21, 4], [22, 15, 23, 16], [24, 11, 1, 12], [2, 7, 3, 8], [4, 14, 5, 13], [6, 23, 7, 24]]"
12a_0964_122,"[[6, 23, 7, 24], [8, 20, 9, 19], [10, 1, 11, 2], [12, 18, 13, 17], [14, 21, 15, 22], [16, 6, 17, 5], [18, 10, 19, 9], [20, 3, 21, 4], [22, 15, 23, 16], [24, 11, 1, 12], [2, 7, 3, 8], [4, 14, 5, 13]]"
12a_0964_123,"[[4, 14, 5, 13], [6, 23, 7, 24], [8, 20, 9, 19], [10, 1, 11, 2], [12, 18, 13, 17], [14, 21, 15, 22], [16, 6, 17, 5], [18, 10, 19, 9], [20, 3, 21, 4], [22, 15, 23, 16], [24, 11, 1, 12], [2, 7, 3, 8]]"
12a_0964_124,"[[2, 7, 3, 8], [4, 14, 5, 13], [6, 23, 7, 24], [8, 20, 9, 19], [10, 1, 11, 2], [12, 18, 13, 17], [14, 21, 15, 22], [16, 6, 17, 5], [18, 10, 19, 9], [20, 3, 21, 4], [22, 15, 23, 16], [24, 11, 1, 12]]"
12a_0964_125,"[[24, 11, 1, 12], [2, 7, 3, 8], [4, 14, 5, 13], [6, 23, 7, 24], [8, 20, 9, 19], [10, 1, 11, 2], [12, 18, 13, 17], [14, 21, 15, 22], [16, 6, 17, 5], [18, 10, 19, 9], [20, 3, 21, 4], [22, 15, 23, 16]]"
12a_0964_126,"[[22, 15, 23, 16], [24, 11, 1, 12], [2, 7, 3, 8], [4, 14, 5, 13], [6, 23, 7, 24], [8, 20, 9, 19], [10, 1, 11, 2], [12, 18, 13, 17], [14, 21, 15, 22], [16, 6, 17, 5], [18, 10, 19, 9], [20, 3, 21, 4]]"
12a_0964_127,"[[20, 3, 21, 4], [22, 15, 23, 16], [24, 11, 1, 12], [2, 7, 3, 8], [4, 14, 5, 13], [6, 23, 7, 24], [8, 20, 9, 19], [10, 1, 11, 2], [12, 18, 13, 17], [14, 21, 15, 22], [16, 6, 17, 5], [18, 10, 19, 9]]"
12a_0964_128,"[[18, 10, 19, 9], [20, 3, 21, 4], [22, 15, 23, 16], [24, 11, 1, 12], [2, 7, 3, 8], [4, 14, 5, 13], [6, 23, 7, 24], [8, 20, 9, 19], [10, 1, 11, 2], [12, 18, 13, 17], [14, 21, 15, 22], [16, 6, 17, 5]]"
12a_0964_129,"[[16, 6, 17, 5], [18, 10, 19, 9], [20, 3, 21, 4], [22, 15, 23, 16], [24, 11, 1, 12], [2, 7, 3, 8], [4, 14, 5, 13], [6, 23, 7, 24], [8, 20, 9, 19], [10, 1, 11, 2], [12, 18, 13, 17], [14, 21, 15, 22]]"
12a_0964_130,"[[14, 21, 15, 22], [16, 6, 17, 5], [18, 10, 19, 9], [20, 3, 21, 4], [22, 15, 23, 16], [24, 11, 1, 12], [2, 7, 3, 8], [4, 14, 5, 13], [6, 23, 7, 24], [8, 20, 9, 19], [10, 1, 11, 2], [12, 18, 13, 17]]"
12a_0964_131,"[[12, 18, 13, 17], [14, 21, 15, 22], [16, 6, 17, 5], [18, 10, 19, 9], [20, 3, 21, 4], [22, 15, 23, 16], [24, 11, 1, 12], [2, 7, 3, 8], [4, 14, 5, 13], [6, 23, 7, 24], [8, 20, 9, 19], [10, 1, 11, 2]]"
12a_0964_132,"[[11, 2, 12, 3], [13, 19, 14, 18], [15, 22, 16, 23], [17, 7, 18, 6], [19, 11, 20, 10], [21, 4, 22, 5], [23, 16, 24, 17], [1, 12, 2, 13], [3, 8, 4, 9], [5, 15, 6, 14], [7, 24, 8, 1], [9, 21, 10, 20]]"
12a_0964_133,"[[9, 21, 10, 20], [11, 2, 12, 3], [13, 19, 14, 18], [15, 22, 16, 23], [17, 7, 18, 6], [19, 11, 20, 10], [21, 4, 22, 5], [23, 16, 24, 17], [1, 12, 2, 13], [3, 8, 4, 9], [5, 15, 6, 14], [7, 24, 8, 1]]"
12a_0964_134,"[[7, 24, 8, 1], [9, 21, 10, 20], [11, 2, 12, 3], [13, 19, 14, 18], [15, 22, 16, 23], [17, 7, 18, 6], [19, 11, 20, 10], [21, 4, 22, 5], [23, 16, 24, 17], [1, 12, 2, 13], [3, 8, 4, 9], [5, 15, 6, 14]]"
12a_0964_135,"[[5, 15, 6, 14], [7, 24, 8, 1], [9, 21, 10, 20], [11, 2, 12, 3], [13, 19, 14, 18], [15, 22, 16, 23], [17, 7, 18, 6], [19, 11, 20, 10], [21, 4, 22, 5], [23, 16, 24, 17], [1, 12, 2, 13], [3, 8, 4, 9]]"
12a_0964_136,"[[3, 8, 4, 9], [5, 15, 6, 14], [7, 24, 8, 1], [9, 21, 10, 20], [11, 2, 12, 3], [13, 19, 14, 18], [15, 22, 16, 23], [17, 7, 18, 6], [19, 11, 20, 10], [21, 4, 22, 5], [23, 16, 24, 17], [1, 12, 2, 13]]"
12a_0964_137,"[[1, 12, 2, 13], [3, 8, 4, 9], [5, 15, 6, 14], [7, 24, 8, 1], [9, 21, 10, 20], [11, 2, 12, 3], [13, 19, 14, 18], [15, 22, 16, 23], [17, 7, 18, 6], [19, 11, 20, 10], [21, 4, 22, 5], [23, 16, 24, 17]]"
12a_0964_138,"[[23, 16, 24, 17], [1, 12, 2, 13], [3, 8, 4, 9], [5, 15, 6, 14], [7, 24, 8, 1], [9, 21, 10, 20], [11, 2, 12, 3], [13, 19, 14, 18], [15, 22, 16, 23], [17, 7, 18, 6], [19, 11, 20, 10], [21, 4, 22, 5]]"
12a_0964_139,"[[21, 4, 22, 5], [23, 16, 24, 17], [1, 12, 2, 13], [3, 8, 4, 9], [5, 15, 6, 14], [7, 24, 8, 1], [9, 21, 10, 20], [11, 2, 12, 3], [13, 19, 14, 18], [15, 22, 16, 23], [17, 7, 18, 6], [19, 11, 20, 10]]"
12a_0964_140,"[[19, 11, 20, 10], [21, 4, 22, 5], [23, 16, 24, 17], [1, 12, 2, 13], [3, 8, 4, 9], [5, 15, 6, 14], [7, 24, 8, 1], [9, 21, 10, 20], [11, 2, 12, 3], [13, 19, 14, 18], [15, 22, 16, 23], [17, 7, 18, 6]]"
12a_0964_141,"[[17, 7, 18, 6], [19, 11, 20, 10], [21, 4, 22, 5], [23, 16, 24, 17], [1, 12, 2, 13], [3, 8, 4, 9], [5, 15, 6, 14], [7, 24, 8, 1], [9, 21, 10, 20], [11, 2, 12, 3], [13, 19, 14, 18], [15, 22, 16, 23]]"
12a_0964_142,"[[15, 22, 16, 23], [17, 7, 18, 6], [19, 11, 20, 10], [21, 4, 22, 5], [23, 16, 24, 17], [1, 12, 2, 13], [3, 8, 4, 9], [5, 15, 6, 14], [7, 24, 8, 1], [9, 21, 10, 20], [11, 2, 12, 3], [13, 19, 14, 18]]"
12a_0964_143,"[[13, 19, 14, 18], [15, 22, 16, 23], [17, 7, 18, 6], [19, 11, 20, 10], [21, 4, 22, 5], [23, 16, 24, 17], [1, 12, 2, 13], [3, 8, 4, 9], [5, 15, 6, 14], [7, 24, 8, 1], [9, 21, 10, 20], [11, 2, 12, 3]]"
12a_0964_144,"[[12, 3, 13, 4], [14, 20, 15, 19], [16, 23, 17, 24], [18, 8, 19, 7], [20, 12, 21, 11], [22, 5, 23, 6], [24, 17, 1, 18], [2, 13, 3, 14], [4, 9, 5, 10], [6, 16, 7, 15], [8, 1, 9, 2], [10, 22, 11, 21]]"
12a_0964_145,"[[10, 22, 11, 21], [12, 3, 13, 4], [14, 20, 15, 19], [16, 23, 17, 24], [18, 8, 19, 7], [20, 12, 21, 11], [22, 5, 23, 6], [24, 17, 1, 18], [2, 13, 3, 14], [4, 9, 5, 10], [6, 16, 7, 15], [8, 1, 9, 2]]"
12a_0964_146,"[[8, 1, 9, 2], [10, 22, 11, 21], [12, 3, 13, 4], [14, 20, 15, 19], [16, 23, 17, 24], [18, 8, 19, 7], [20, 12, 21, 11], [22, 5, 23, 6], [24, 17, 1, 18], [2, 13, 3, 14], [4, 9, 5, 10], [6, 16, 7, 15]]"
12a_0964_147,"[[6, 16, 7, 15], [8, 1, 9, 2], [10, 22, 11, 21], [12, 3, 13, 4], [14, 20, 15, 19], [16, 23, 17, 24], [18, 8, 19, 7], [20, 12, 21, 11], [22, 5, 23, 6], [24, 17, 1, 18], [2, 13, 3, 14], [4, 9, 5, 10]]"
12a_0964_148,"[[4, 9, 5, 10], [6, 16, 7, 15], [8, 1, 9, 2], [10, 22, 11, 21], [12, 3, 13, 4], [14, 20, 15, 19], [16, 23, 17, 24], [18, 8, 19, 7], [20, 12, 21, 11], [22, 5, 23, 6], [24, 17, 1, 18], [2, 13, 3, 14]]"
12a_0964_149,"[[2, 13, 3, 14], [4, 9, 5, 10], [6, 16, 7, 15], [8, 1, 9, 2], [10, 22, 11, 21], [12, 3, 13, 4], [14, 20, 15, 19], [16, 23, 17, 24], [18, 8, 19, 7], [20, 12, 21, 11], [22, 5, 23, 6], [24, 17, 1, 18]]"
12a_0964_150,"[[24, 17, 1, 18], [2, 13, 3, 14], [4, 9, 5, 10], [6, 16, 7, 15], [8, 1, 9, 2], [10, 22, 11, 21], [12, 3, 13, 4], [14, 20, 15, 19], [16, 23, 17, 24], [18, 8, 19, 7], [20, 12, 21, 11], [22, 5, 23, 6]]"
12a_0964_151,"[[22, 5, 23, 6], [24, 17, 1, 18], [2, 13, 3, 14], [4, 9, 5, 10], [6, 16, 7, 15], [8, 1, 9, 2], [10, 22, 11, 21], [12, 3, 13, 4], [14, 20, 15, 19], [16, 23, 17, 24], [18, 8, 19, 7], [20, 12, 21, 11]]"
12a_0964_152,"[[20, 12, 21, 11], [22, 5, 23, 6], [24, 17, 1, 18], [2, 13, 3, 14], [4, 9, 5, 10], [6, 16, 7, 15], [8, 1, 9, 2], [10, 22, 11, 21], [12, 3, 13, 4], [14, 20, 15, 19], [16, 23, 17, 24], [18, 8, 19, 7]]"
12a_0964_153,"[[18, 8, 19, 7], [20, 12, 21, 11], [22, 5, 23, 6], [24, 17, 1, 18], [2, 13, 3, 14], [4, 9, 5, 10], [6, 16, 7, 15], [8, 1, 9, 2], [10, 22, 11, 21], [12, 3, 13, 4], [14, 20, 15, 19], [16, 23, 17, 24]]"
12a_0964_154,"[[16, 23, 17, 24], [18, 8, 19, 7], [20, 12, 21, 11], [22, 5, 23, 6], [24, 17, 1, 18], [2, 13, 3, 14], [4, 9, 5, 10], [6, 16, 7, 15], [8, 1, 9, 2], [10, 22, 11, 21], [12, 3, 13, 4], [14, 20, 15, 19]]"
12a_0964_155,"[[14, 20, 15, 19], [16, 23, 17, 24], [18, 8, 19, 7], [20, 12, 21, 11], [22, 5, 23, 6], [24, 17, 1, 18], [2, 13, 3, 14], [4, 9, 5, 10], [6, 16, 7, 15], [8, 1, 9, 2], [10, 22, 11, 21], [12, 3, 13, 4]]"
12a_0964_156,"[[13, 4, 14, 5], [15, 21, 16, 20], [17, 24, 18, 1], [19, 9, 20, 8], [21, 13, 22, 12], [23, 6, 24, 7], [1, 18, 2, 19], [3, 14, 4, 15], [5, 10, 6, 11], [7, 17, 8, 16], [9, 2, 10, 3], [11, 23, 12, 22]]"
12a_0964_157,"[[11, 23, 12, 22], [13, 4, 14, 5], [15, 21, 16, 20], [17, 24, 18, 1], [19, 9, 20, 8], [21, 13, 22, 12], [23, 6, 24, 7], [1, 18, 2, 19], [3, 14, 4, 15], [5, 10, 6, 11], [7, 17, 8, 16], [9, 2, 10, 3]]"
12a_0964_158,"[[9, 2, 10, 3], [11, 23, 12, 22], [13, 4, 14, 5], [15, 21, 16, 20], [17, 24, 18, 1], [19, 9, 20, 8], [21, 13, 22, 12], [23, 6, 24, 7], [1, 18, 2, 19], [3, 14, 4, 15], [5, 10, 6, 11], [7, 17, 8, 16]]"
12a_0964_159,"[[7, 17, 8, 16], [9, 2, 10, 3], [11, 23, 12, 22], [13, 4, 14, 5], [15, 21, 16, 20], [17, 24, 18, 1], [19, 9, 20, 8], [21, 13, 22, 12], [23, 6, 24, 7], [1, 18, 2, 19], [3, 14, 4, 15], [5, 10, 6, 11]]"
12a_0964_160,"[[5, 10, 6, 11], [7, 17, 8, 16], [9, 2, 10, 3], [11, 23, 12, 22], [13, 4, 14, 5], [15, 21, 16, 20], [17, 24, 18, 1], [19, 9, 20, 8], [21, 13, 22, 12], [23, 6, 24, 7], [1, 18, 2, 19], [3, 14, 4, 15]]"
12a_0964_161,"[[3, 14, 4, 15], [5, 10, 6, 11], [7, 17, 8, 16], [9, 2, 10, 3], [11, 23, 12, 22], [13, 4, 14, 5], [15, 21, 16, 20], [17, 24, 18, 1], [19, 9, 20, 8], [21, 13, 22, 12], [23, 6, 24, 7], [1, 18, 2, 19]]"
12a_0964_162,"[[1, 18, 2, 19], [3, 14, 4, 15], [5, 10, 6, 11], [7, 17, 8, 16], [9, 2, 10, 3], [11, 23, 12, 22], [13, 4, 14, 5], [15, 21, 16, 20], [17, 24, 18, 1], [19, 9, 20, 8], [21, 13, 22, 12], [23, 6, 24, 7]]"
12a_0964_163,"[[23, 6, 24, 7], [1, 18, 2, 19], [3, 14, 4, 15], [5, 10, 6, 11], [7, 17, 8, 16], [9, 2, 10, 3], [11, 23, 12, 22], [13, 4, 14, 5], [15, 21, 16, 20], [17, 24, 18, 1], [19, 9, 20, 8], [21, 13, 22, 12]]"
12a_0964_164,"[[21, 13, 22, 12], [23, 6, 24, 7], [1, 18, 2, 19], [3, 14, 4, 15], [5, 10, 6, 11], [7, 17, 8, 16], [9, 2, 10, 3], [11, 23, 12, 22], [13, 4, 14, 5], [15, 21, 16, 20], [17, 24, 18, 1], [19, 9, 20, 8]]"
12a_0964_165,"[[19, 9, 20, 8], [21, 13, 22, 12], [23, 6, 24, 7], [1, 18, 2, 19], [3, 14, 4, 15], [5, 10, 6, 11], [7, 17, 8, 16], [9, 2, 10, 3], [11, 23, 12, 22], [13, 4, 14, 5], [15, 21, 16, 20], [17, 24, 18, 1]]"
12a_0964_166,"[[17, 24, 18, 1], [19, 9, 20, 8], [21, 13, 22, 12], [23, 6, 24, 7], [1, 18, 2, 19], [3, 14, 4, 15], [5, 10, 6, 11], [7, 17, 8, 16], [9, 2, 10, 3], [11, 23, 12, 22], [13, 4, 14, 5], [15, 21, 16, 20]]"
12a_0964_167,"[[15, 21, 16, 20], [17, 24, 18, 1], [19, 9, 20, 8], [21, 13, 22, 12], [23, 6, 24, 7], [1, 18, 2, 19], [3, 14, 4, 15], [5, 10, 6, 11], [7, 17, 8, 16], [9, 2, 10, 3], [11, 23, 12, 22], [13, 4, 14, 5]]"
12a_0964_168,"[[14, 5, 15, 6], [16, 22, 17, 21], [18, 1, 19, 2], [20, 10, 21, 9], [22, 14, 23, 13], [24, 7, 1, 8], [2, 19, 3, 20], [4, 15, 5, 16], [6, 11, 7, 12], [8, 18, 9, 17], [10, 3, 11, 4], [12, 24, 13, 23]]"
12a_0964_169,"[[12, 24, 13, 23], [14, 5, 15, 6], [16, 22, 17, 21], [18, 1, 19, 2], [20, 10, 21, 9], [22, 14, 23, 13], [24, 7, 1, 8], [2, 19, 3, 20], [4, 15, 5, 16], [6, 11, 7, 12], [8, 18, 9, 17], [10, 3, 11, 4]]"
12a_0964_170,"[[10, 3, 11, 4], [12, 24, 13, 23], [14, 5, 15, 6], [16, 22, 17, 21], [18, 1, 19, 2], [20, 10, 21, 9], [22, 14, 23, 13], [24, 7, 1, 8], [2, 19, 3, 20], [4, 15, 5, 16], [6, 11, 7, 12], [8, 18, 9, 17]]"
12a_0964_171,"[[8, 18, 9, 17], [10, 3, 11, 4], [12, 24, 13, 23], [14, 5, 15, 6], [16, 22, 17, 21], [18, 1, 19, 2], [20, 10, 21, 9], [22, 14, 23, 13], [24, 7, 1, 8], [2, 19, 3, 20], [4, 15, 5, 16], [6, 11, 7, 12]]"
12a_0964_172,"[[6, 11, 7, 12], [8, 18, 9, 17], [10, 3, 11, 4], [12, 24, 13, 23], [14, 5, 15, 6], [16, 22, 17, 21], [18, 1, 19, 2], [20, 10, 21, 9], [22, 14, 23, 13], [24, 7, 1, 8], [2, 19, 3, 20], [4, 15, 5, 16]]"
12a_0964_173,"[[4, 15, 5, 16], [6, 11, 7, 12], [8, 18, 9, 17], [10, 3, 11, 4], [12, 24, 13, 23], [14, 5, 15, 6], [16, 22, 17, 21], [18, 1, 19, 2], [20, 10, 21, 9], [22, 14, 23, 13], [24, 7, 1, 8], [2, 19, 3, 20]]"
12a_0964_174,"[[2, 19, 3, 20], [4, 15, 5, 16], [6, 11, 7, 12], [8, 18, 9, 17], [10, 3, 11, 4], [12, 24, 13, 23], [14, 5, 15, 6], [16, 22, 17, 21], [18, 1, 19, 2], [20, 10, 21, 9], [22, 14, 23, 13], [24, 7, 1, 8]]"
12a_0964_175,"[[24, 7, 1, 8], [2, 19, 3, 20], [4, 15, 5, 16], [6, 11, 7, 12], [8, 18, 9, 17], [10, 3, 11, 4], [12, 24, 13, 23], [14, 5, 15, 6], [16, 22, 17, 21], [18, 1, 19, 2], [20, 10, 21, 9], [22, 14, 23, 13]]"
12a_0964_176,"[[22, 14, 23, 13], [24, 7, 1, 8], [2, 19, 3, 20], [4, 15, 5, 16], [6, 11, 7, 12], [8, 18, 9, 17], [10, 3, 11, 4], [12, 24, 13, 23], [14, 5, 15, 6], [16, 22, 17, 21], [18, 1, 19, 2], [20, 10, 21, 9]]"
12a_0964_177,"[[20, 10, 21, 9], [22, 14, 23, 13], [24, 7, 1, 8], [2, 19, 3, 20], [4, 15, 5, 16], [6, 11, 7, 12], [8, 18, 9, 17], [10, 3, 11, 4], [12, 24, 13, 23], [14, 5, 15, 6], [16, 22, 17, 21], [18, 1, 19, 2]]"
12a_0964_178,"[[18, 1, 19, 2], [20, 10, 21, 9], [22, 14, 23, 13], [24, 7, 1, 8], [2, 19, 3, 20], [4, 15, 5, 16], [6, 11, 7, 12], [8, 18, 9, 17], [10, 3, 11, 4], [12, 24, 13, 23], [14, 5, 15, 6], [16, 22, 17, 21]]"
12a_0964_179,"[[16, 22, 17, 21], [18, 1, 19, 2], [20, 10, 21, 9], [22, 14, 23, 13], [24, 7, 1, 8], [2, 19, 3, 20], [4, 15, 5, 16], [6, 11, 7, 12], [8, 18, 9, 17], [10, 3, 11, 4], [12, 24, 13, 23], [14, 5, 15, 6]]"
12a_0964_180,"[[15, 6, 16, 7], [17, 23, 18, 22], [19, 2, 20, 3], [21, 11, 22, 10], [23, 15, 24, 14], [1, 8, 2, 9], [3, 20, 4, 21], [5, 16, 6, 17], [7, 12, 8, 13], [9, 19, 10, 18], [11, 4, 12, 5], [13, 1, 14, 24]]"
12a_0964_181,"[[13, 1, 14, 24], [15, 6, 16, 7], [17, 23, 18, 22], [19, 2, 20, 3], [21, 11, 22, 10], [23, 15, 24, 14], [1, 8, 2, 9], [3, 20, 4, 21], [5, 16, 6, 17], [7, 12, 8, 13], [9, 19, 10, 18], [11, 4, 12, 5]]"
12a_0964_182,"[[11, 4, 12, 5], [13, 1, 14, 24], [15, 6, 16, 7], [17, 23, 18, 22], [19, 2, 20, 3], [21, 11, 22, 10], [23, 15, 24, 14], [1, 8, 2, 9], [3, 20, 4, 21], [5, 16, 6, 17], [7, 12, 8, 13], [9, 19, 10, 18]]"
12a_0964_183,"[[9, 19, 10, 18], [11, 4, 12, 5], [13, 1, 14, 24], [15, 6, 16, 7], [17, 23, 18, 22], [19, 2, 20, 3], [21, 11, 22, 10], [23, 15, 24, 14], [1, 8, 2, 9], [3, 20, 4, 21], [5, 16, 6, 17], [7, 12, 8, 13]]"
12a_0964_184,"[[7, 12, 8, 13], [9, 19, 10, 18], [11, 4, 12, 5], [13, 1, 14, 24], [15, 6, 16, 7], [17, 23, 18, 22], [19, 2, 20, 3], [21, 11, 22, 10], [23, 15, 24, 14], [1, 8, 2, 9], [3, 20, 4, 21], [5, 16, 6, 17]]"
12a_0964_185,"[[5, 16, 6, 17], [7, 12, 8, 13], [9, 19, 10, 18], [11, 4, 12, 5], [13, 1, 14, 24], [15, 6, 16, 7], [17, 23, 18, 22], [19, 2, 20, 3], [21, 11, 22, 10], [23, 15, 24, 14], [1, 8, 2, 9], [3, 20, 4, 21]]"
