name,pd_notation
12a_0982_0,"[[24, 13, 1, 14], [2, 8, 3, 7], [4, 12, 5, 11], [6, 22, 7, 21], [8, 17, 9, 18], [10, 4, 11, 3], [12, 19, 13, 20], [14, 23, 15, 24], [16, 1, 17, 2], [18, 9, 19, 10], [20, 6, 21, 5], [22, 15, 23, 16]]"
12a_0982_1,"[[22, 15, 23, 16], [24, 13, 1, 14], [2, 8, 3, 7], [4, 12, 5, 11], [6, 22, 7, 21], [8, 17, 9, 18], [10, 4, 11, 3], [12, 19, 13, 20], [14, 23, 15, 24], [16, 1, 17, 2], [18, 9, 19, 10], [20, 6, 21, 5]]"
12a_0982_2,"[[20, 6, 21, 5], [22, 15, 23, 16], [24, 13, 1, 14], [2, 8, 3, 7], [4, 12, 5, 11], [6, 22, 7, 21], [8, 17, 9, 18], [10, 4, 11, 3], [12, 19, 13, 20], [14, 23, 15, 24], [16, 1, 17, 2], [18, 9, 19, 10]]"
12a_0982_3,"[[18, 9, 19, 10], [20, 6, 21, 5], [22, 15, 23, 16], [24, 13, 1, 14], [2, 8, 3, 7], [4, 12, 5, 11], [6, 22, 7, 21], [8, 17, 9, 18], [10, 4, 11, 3], [12, 19, 13, 20], [14, 23, 15, 24], [16, 1, 17, 2]]"
12a_0982_4,"[[16, 1, 17, 2], [18, 9, 19, 10], [20, 6, 21, 5], [22, 15, 23, 16], [24, 13, 1, 14], [2, 8, 3, 7], [4, 12, 5, 11], [6, 22, 7, 21], [8, 17, 9, 18], [10, 4, 11, 3], [12, 19, 13, 20], [14, 23, 15, 24]]"
12a_0982_5,"[[14, 23, 15, 24], [16, 1, 17, 2], [18, 9, 19, 10], [20, 6, 21, 5], [22, 15, 23, 16], [24, 13, 1, 14], [2, 8, 3, 7], [4, 12, 5, 11], [6, 22, 7, 21], [8, 17, 9, 18], [10, 4, 11, 3], [12, 19, 13, 20]]"
12a_0982_6,"[[12, 19, 13, 20], [14, 23, 15, 24], [16, 1, 17, 2], [18, 9, 19, 10], [20, 6, 21, 5], [22, 15, 23, 16], [24, 13, 1, 14], [2, 8, 3, 7], [4, 12, 5, 11], [6, 22, 7, 21], [8, 17, 9, 18], [10, 4, 11, 3]]"
12a_0982_7,"[[10, 4, 11, 3], [12, 19, 13, 20], [14, 23, 15, 24], [16, 1, 17, 2], [18, 9, 19, 10], [20, 6, 21, 5], [22, 15, 23, 16], [24, 13, 1, 14], [2, 8, 3, 7], [4, 12, 5, 11], [6, 22, 7, 21], [8, 17, 9, 18]]"
12a_0982_8,"[[8, 17, 9, 18], [10, 4, 11, 3], [12, 19, 13, 20], [14, 23, 15, 24], [16, 1, 17, 2], [18, 9, 19, 10], [20, 6, 21, 5], [22, 15, 23, 16], [24, 13, 1, 14], [2, 8, 3, 7], [4, 12, 5, 11], [6, 22, 7, 21]]"
12a_0982_9,"[[6, 22, 7, 21], [8, 17, 9, 18], [10, 4, 11, 3], [12, 19, 13, 20], [14, 23, 15, 24], [16, 1, 17, 2], [18, 9, 19, 10], [20, 6, 21, 5], [22, 15, 23, 16], [24, 13, 1, 14], [2, 8, 3, 7], [4, 12, 5, 11]]"
12a_0982_10,"[[4, 12, 5, 11], [6, 22, 7, 21], [8, 17, 9, 18], [10, 4, 11, 3], [12, 19, 13, 20], [14, 23, 15, 24], [16, 1, 17, 2], [18, 9, 19, 10], [20, 6, 21, 5], [22, 15, 23, 16], [24, 13, 1, 14], [2, 8, 3, 7]]"
12a_0982_11,"[[2, 8, 3, 7], [4, 12, 5, 11], [6, 22, 7, 21], [8, 17, 9, 18], [10, 4, 11, 3], [12, 19, 13, 20], [14, 23, 15, 24], [16, 1, 17, 2], [18, 9, 19, 10], [20, 6, 21, 5], [22, 15, 23, 16], [24, 13, 1, 14]]"
12a_0982_12,"[[1, 14, 2, 15], [3, 9, 4, 8], [5, 13, 6, 12], [7, 23, 8, 22], [9, 18, 10, 19], [11, 5, 12, 4], [13, 20, 14, 21], [15, 24, 16, 1], [17, 2, 18, 3], [19, 10, 20, 11], [21, 7, 22, 6], [23, 16, 24, 17]]"
12a_0982_13,"[[23, 16, 24, 17], [1, 14, 2, 15], [3, 9, 4, 8], [5, 13, 6, 12], [7, 23, 8, 22], [9, 18, 10, 19], [11, 5, 12, 4], [13, 20, 14, 21], [15, 24, 16, 1], [17, 2, 18, 3], [19, 10, 20, 11], [21, 7, 22, 6]]"
12a_0982_14,"[[21, 7, 22, 6], [23, 16, 24, 17], [1, 14, 2, 15], [3, 9, 4, 8], [5, 13, 6, 12], [7, 23, 8, 22], [9, 18, 10, 19], [11, 5, 12, 4], [13, 20, 14, 21], [15, 24, 16, 1], [17, 2, 18, 3], [19, 10, 20, 11]]"
12a_0982_15,"[[19, 10, 20, 11], [21, 7, 22, 6], [23, 16, 24, 17], [1, 14, 2, 15], [3, 9, 4, 8], [5, 13, 6, 12], [7, 23, 8, 22], [9, 18, 10, 19], [11, 5, 12, 4], [13, 20, 14, 21], [15, 24, 16, 1], [17, 2, 18, 3]]"
12a_0982_16,"[[17, 2, 18, 3], [19, 10, 20, 11], [21, 7, 22, 6], [23, 16, 24, 17], [1, 14, 2, 15], [3, 9, 4, 8], [5, 13, 6, 12], [7, 23, 8, 22], [9, 18, 10, 19], [11, 5, 12, 4], [13, 20, 14, 21], [15, 24, 16, 1]]"
12a_0982_17,"[[15, 24, 16, 1], [17, 2, 18, 3], [19, 10, 20, 11], [21, 7, 22, 6], [23, 16, 24, 17], [1, 14, 2, 15], [3, 9, 4, 8], [5, 13, 6, 12], [7, 23, 8, 22], [9, 18, 10, 19], [11, 5, 12, 4], [13, 20, 14, 21]]"
12a_0982_18,"[[13, 20, 14, 21], [15, 24, 16, 1], [17, 2, 18, 3], [19, 10, 20, 11], [21, 7, 22, 6], [23, 16, 24, 17], [1, 14, 2, 15], [3, 9, 4, 8], [5, 13, 6, 12], [7, 23, 8, 22], [9, 18, 10, 19], [11, 5, 12, 4]]"
12a_0982_19,"[[11, 5, 12, 4], [13, 20, 14, 21], [15, 24, 16, 1], [17, 2, 18, 3], [19, 10, 20, 11], [21, 7, 22, 6], [23, 16, 24, 17], [1, 14, 2, 15], [3, 9, 4, 8], [5, 13, 6, 12], [7, 23, 8, 22], [9, 18, 10, 19]]"
12a_0982_20,"[[9, 18, 10, 19], [11, 5, 12, 4], [13, 20, 14, 21], [15, 24, 16, 1], [17, 2, 18, 3], [19, 10, 20, 11], [21, 7, 22, 6], [23, 16, 24, 17], [1, 14, 2, 15], [3, 9, 4, 8], [5, 13, 6, 12], [7, 23, 8, 22]]"
12a_0982_21,"[[7, 23, 8, 22], [9, 18, 10, 19], [11, 5, 12, 4], [13, 20, 14, 21], [15, 24, 16, 1], [17, 2, 18, 3], [19, 10, 20, 11], [21, 7, 22, 6], [23, 16, 24, 17], [1, 14, 2, 15], [3, 9, 4, 8], [5, 13, 6, 12]]"
12a_0982_22,"[[5, 13, 6, 12], [7, 23, 8, 22], [9, 18, 10, 19], [11, 5, 12, 4], [13, 20, 14, 21], [15, 24, 16, 1], [17, 2, 18, 3], [19, 10, 20, 11], [21, 7, 22, 6], [23, 16, 24, 17], [1, 14, 2, 15], [3, 9, 4, 8]]"
12a_0982_23,"[[3, 9, 4, 8], [5, 13, 6, 12], [7, 23, 8, 22], [9, 18, 10, 19], [11, 5, 12, 4], [13, 20, 14, 21], [15, 24, 16, 1], [17, 2, 18, 3], [19, 10, 20, 11], [21, 7, 22, 6], [23, 16, 24, 17], [1, 14, 2, 15]]"
12a_0982_24,"[[2, 15, 3, 16], [4, 10, 5, 9], [6, 14, 7, 13], [8, 24, 9, 23], [10, 19, 11, 20], [12, 6, 13, 5], [14, 21, 15, 22], [16, 1, 17, 2], [18, 3, 19, 4], [20, 11, 21, 12], [22, 8, 23, 7], [24, 17, 1, 18]]"
12a_0982_25,"[[24, 17, 1, 18], [2, 15, 3, 16], [4, 10, 5, 9], [6, 14, 7, 13], [8, 24, 9, 23], [10, 19, 11, 20], [12, 6, 13, 5], [14, 21, 15, 22], [16, 1, 17, 2], [18, 3, 19, 4], [20, 11, 21, 12], [22, 8, 23, 7]]"
12a_0982_26,"[[22, 8, 23, 7], [24, 17, 1, 18], [2, 15, 3, 16], [4, 10, 5, 9], [6, 14, 7, 13], [8, 24, 9, 23], [10, 19, 11, 20], [12, 6, 13, 5], [14, 21, 15, 22], [16, 1, 17, 2], [18, 3, 19, 4], [20, 11, 21, 12]]"
12a_0982_27,"[[20, 11, 21, 12], [22, 8, 23, 7], [24, 17, 1, 18], [2, 15, 3, 16], [4, 10, 5, 9], [6, 14, 7, 13], [8, 24, 9, 23], [10, 19, 11, 20], [12, 6, 13, 5], [14, 21, 15, 22], [16, 1, 17, 2], [18, 3, 19, 4]]"
12a_0982_28,"[[18, 3, 19, 4], [20, 11, 21, 12], [22, 8, 23, 7], [24, 17, 1, 18], [2, 15, 3, 16], [4, 10, 5, 9], [6, 14, 7, 13], [8, 24, 9, 23], [10, 19, 11, 20], [12, 6, 13, 5], [14, 21, 15, 22], [16, 1, 17, 2]]"
12a_0982_29,"[[16, 1, 17, 2], [18, 3, 19, 4], [20, 11, 21, 12], [22, 8, 23, 7], [24, 17, 1, 18], [2, 15, 3, 16], [4, 10, 5, 9], [6, 14, 7, 13], [8, 24, 9, 23], [10, 19, 11, 20], [12, 6, 13, 5], [14, 21, 15, 22]]"
12a_0982_30,"[[14, 21, 15, 22], [16, 1, 17, 2], [18, 3, 19, 4], [20, 11, 21, 12], [22, 8, 23, 7], [24, 17, 1, 18], [2, 15, 3, 16], [4, 10, 5, 9], [6, 14, 7, 13], [8, 24, 9, 23], [10, 19, 11, 20], [12, 6, 13, 5]]"
12a_0982_31,"[[12, 6, 13, 5], [14, 21, 15, 22], [16, 1, 17, 2], [18, 3, 19, 4], [20, 11, 21, 12], [22, 8, 23, 7], [24, 17, 1, 18], [2, 15, 3, 16], [4, 10, 5, 9], [6, 14, 7, 13], [8, 24, 9, 23], [10, 19, 11, 20]]"
12a_0982_32,"[[10, 19, 11, 20], [12, 6, 13, 5], [14, 21, 15, 22], [16, 1, 17, 2], [18, 3, 19, 4], [20, 11, 21, 12], [22, 8, 23, 7], [24, 17, 1, 18], [2, 15, 3, 16], [4, 10, 5, 9], [6, 14, 7, 13], [8, 24, 9, 23]]"
12a_0982_33,"[[8, 24, 9, 23], [10, 19, 11, 20], [12, 6, 13, 5], [14, 21, 15, 22], [16, 1, 17, 2], [18, 3, 19, 4], [20, 11, 21, 12], [22, 8, 23, 7], [24, 17, 1, 18], [2, 15, 3, 16], [4, 10, 5, 9], [6, 14, 7, 13]]"
12a_0982_34,"[[6, 14, 7, 13], [8, 24, 9, 23], [10, 19, 11, 20], [12, 6, 13, 5], [14, 21, 15, 22], [16, 1, 17, 2], [18, 3, 19, 4], [20, 11, 21, 12], [22, 8, 23, 7], [24, 17, 1, 18], [2, 15, 3, 16], [4, 10, 5, 9]]"
12a_0982_35,"[[4, 10, 5, 9], [6, 14, 7, 13], [8, 24, 9, 23], [10, 19, 11, 20], [12, 6, 13, 5], [14, 21, 15, 22], [16, 1, 17, 2], [18, 3, 19, 4], [20, 11, 21, 12], [22, 8, 23, 7], [24, 17, 1, 18], [2, 15, 3, 16]]"
12a_0982_36,"[[3, 16, 4, 17], [5, 11, 6, 10], [7, 15, 8, 14], [9, 1, 10, 24], [11, 20, 12, 21], [13, 7, 14, 6], [15, 22, 16, 23], [17, 2, 18, 3], [19, 4, 20, 5], [21, 12, 22, 13], [23, 9, 24, 8], [1, 18, 2, 19]]"
12a_0982_37,"[[1, 18, 2, 19], [3, 16, 4, 17], [5, 11, 6, 10], [7, 15, 8, 14], [9, 1, 10, 24], [11, 20, 12, 21], [13, 7, 14, 6], [15, 22, 16, 23], [17, 2, 18, 3], [19, 4, 20, 5], [21, 12, 22, 13], [23, 9, 24, 8]]"
12a_0982_38,"[[23, 9, 24, 8], [1, 18, 2, 19], [3, 16, 4, 17], [5, 11, 6, 10], [7, 15, 8, 14], [9, 1, 10, 24], [11, 20, 12, 21], [13, 7, 14, 6], [15, 22, 16, 23], [17, 2, 18, 3], [19, 4, 20, 5], [21, 12, 22, 13]]"
12a_0982_39,"[[21, 12, 22, 13], [23, 9, 24, 8], [1, 18, 2, 19], [3, 16, 4, 17], [5, 11, 6, 10], [7, 15, 8, 14], [9, 1, 10, 24], [11, 20, 12, 21], [13, 7, 14, 6], [15, 22, 16, 23], [17, 2, 18, 3], [19, 4, 20, 5]]"
12a_0982_40,"[[19, 4, 20, 5], [21, 12, 22, 13], [23, 9, 24, 8], [1, 18, 2, 19], [3, 16, 4, 17], [5, 11, 6, 10], [7, 15, 8, 14], [9, 1, 10, 24], [11, 20, 12, 21], [13, 7, 14, 6], [15, 22, 16, 23], [17, 2, 18, 3]]"
12a_0982_41,"[[17, 2, 18, 3], [19, 4, 20, 5], [21, 12, 22, 13], [23, 9, 24, 8], [1, 18, 2, 19], [3, 16, 4, 17], [5, 11, 6, 10], [7, 15, 8, 14], [9, 1, 10, 24], [11, 20, 12, 21], [13, 7, 14, 6], [15, 22, 16, 23]]"
12a_0982_42,"[[15, 22, 16, 23], [17, 2, 18, 3], [19, 4, 20, 5], [21, 12, 22, 13], [23, 9, 24, 8], [1, 18, 2, 19], [3, 16, 4, 17], [5, 11, 6, 10], [7, 15, 8, 14], [9, 1, 10, 24], [11, 20, 12, 21], [13, 7, 14, 6]]"
12a_0982_43,"[[13, 7, 14, 6], [15, 22, 16, 23], [17, 2, 18, 3], [19, 4, 20, 5], [21, 12, 22, 13], [23, 9, 24, 8], [1, 18, 2, 19], [3, 16, 4, 17], [5, 11, 6, 10], [7, 15, 8, 14], [9, 1, 10, 24], [11, 20, 12, 21]]"
12a_0982_44,"[[11, 20, 12, 21], [13, 7, 14, 6], [15, 22, 16, 23], [17, 2, 18, 3], [19, 4, 20, 5], [21, 12, 22, 13], [23, 9, 24, 8], [1, 18, 2, 19], [3, 16, 4, 17], [5, 11, 6, 10], [7, 15, 8, 14], [9, 1, 10, 24]]"
12a_0982_45,"[[9, 1, 10, 24], [11, 20, 12, 21], [13, 7, 14, 6], [15, 22, 16, 23], [17, 2, 18, 3], [19, 4, 20, 5], [21, 12, 22, 13], [23, 9, 24, 8], [1, 18, 2, 19], [3, 16, 4, 17], [5, 11, 6, 10], [7, 15, 8, 14]]"
12a_0982_46,"[[7, 15, 8, 14], [9, 1, 10, 24], [11, 20, 12, 21], [13, 7, 14, 6], [15, 22, 16, 23], [17, 2, 18, 3], [19, 4, 20, 5], [21, 12, 22, 13], [23, 9, 24, 8], [1, 18, 2, 19], [3, 16, 4, 17], [5, 11, 6, 10]]"
12a_0982_47,"[[5, 11, 6, 10], [7, 15, 8, 14], [9, 1, 10, 24], [11, 20, 12, 21], [13, 7, 14, 6], [15, 22, 16, 23], [17, 2, 18, 3], [19, 4, 20, 5], [21, 12, 22, 13], [23, 9, 24, 8], [1, 18, 2, 19], [3, 16, 4, 17]]"
12a_0982_48,"[[4, 17, 5, 18], [6, 12, 7, 11], [8, 16, 9, 15], [10, 2, 11, 1], [12, 21, 13, 22], [14, 8, 15, 7], [16, 23, 17, 24], [18, 3, 19, 4], [20, 5, 21, 6], [22, 13, 23, 14], [24, 10, 1, 9], [2, 19, 3, 20]]"
12a_0982_49,"[[2, 19, 3, 20], [4, 17, 5, 18], [6, 12, 7, 11], [8, 16, 9, 15], [10, 2, 11, 1], [12, 21, 13, 22], [14, 8, 15, 7], [16, 23, 17, 24], [18, 3, 19, 4], [20, 5, 21, 6], [22, 13, 23, 14], [24, 10, 1, 9]]"
12a_0982_50,"[[24, 10, 1, 9], [2, 19, 3, 20], [4, 17, 5, 18], [6, 12, 7, 11], [8, 16, 9, 15], [10, 2, 11, 1], [12, 21, 13, 22], [14, 8, 15, 7], [16, 23, 17, 24], [18, 3, 19, 4], [20, 5, 21, 6], [22, 13, 23, 14]]"
12a_0982_51,"[[22, 13, 23, 14], [24, 10, 1, 9], [2, 19, 3, 20], [4, 17, 5, 18], [6, 12, 7, 11], [8, 16, 9, 15], [10, 2, 11, 1], [12, 21, 13, 22], [14, 8, 15, 7], [16, 23, 17, 24], [18, 3, 19, 4], [20, 5, 21, 6]]"
12a_0982_52,"[[20, 5, 21, 6], [22, 13, 23, 14], [24, 10, 1, 9], [2, 19, 3, 20], [4, 17, 5, 18], [6, 12, 7, 11], [8, 16, 9, 15], [10, 2, 11, 1], [12, 21, 13, 22], [14, 8, 15, 7], [16, 23, 17, 24], [18, 3, 19, 4]]"
12a_0982_53,"[[18, 3, 19, 4], [20, 5, 21, 6], [22, 13, 23, 14], [24, 10, 1, 9], [2, 19, 3, 20], [4, 17, 5, 18], [6, 12, 7, 11], [8, 16, 9, 15], [10, 2, 11, 1], [12, 21, 13, 22], [14, 8, 15, 7], [16, 23, 17, 24]]"
12a_0982_54,"[[16, 23, 17, 24], [18, 3, 19, 4], [20, 5, 21, 6], [22, 13, 23, 14], [24, 10, 1, 9], [2, 19, 3, 20], [4, 17, 5, 18], [6, 12, 7, 11], [8, 16, 9, 15], [10, 2, 11, 1], [12, 21, 13, 22], [14, 8, 15, 7]]"
12a_0982_55,"[[14, 8, 15, 7], [16, 23, 17, 24], [18, 3, 19, 4], [20, 5, 21, 6], [22, 13, 23, 14], [24, 10, 1, 9], [2, 19, 3, 20], [4, 17, 5, 18], [6, 12, 7, 11], [8, 16, 9, 15], [10, 2, 11, 1], [12, 21, 13, 22]]"
12a_0982_56,"[[12, 21, 13, 22], [14, 8, 15, 7], [16, 23, 17, 24], [18, 3, 19, 4], [20, 5, 21, 6], [22, 13, 23, 14], [24, 10, 1, 9], [2, 19, 3, 20], [4, 17, 5, 18], [6, 12, 7, 11], [8, 16, 9, 15], [10, 2, 11, 1]]"
12a_0982_57,"[[10, 2, 11, 1], [12, 21, 13, 22], [14, 8, 15, 7], [16, 23, 17, 24], [18, 3, 19, 4], [20, 5, 21, 6], [22, 13, 23, 14], [24, 10, 1, 9], [2, 19, 3, 20], [4, 17, 5, 18], [6, 12, 7, 11], [8, 16, 9, 15]]"
12a_0982_58,"[[8, 16, 9, 15], [10, 2, 11, 1], [12, 21, 13, 22], [14, 8, 15, 7], [16, 23, 17, 24], [18, 3, 19, 4], [20, 5, 21, 6], [22, 13, 23, 14], [24, 10, 1, 9], [2, 19, 3, 20], [4, 17, 5, 18], [6, 12, 7, 11]]"
12a_0982_59,"[[6, 12, 7, 11], [8, 16, 9, 15], [10, 2, 11, 1], [12, 21, 13, 22], [14, 8, 15, 7], [16, 23, 17, 24], [18, 3, 19, 4], [20, 5, 21, 6], [22, 13, 23, 14], [24, 10, 1, 9], [2, 19, 3, 20], [4, 17, 5, 18]]"
12a_0982_60,"[[5, 18, 6, 19], [7, 13, 8, 12], [9, 17, 10, 16], [11, 3, 12, 2], [13, 22, 14, 23], [15, 9, 16, 8], [17, 24, 18, 1], [19, 4, 20, 5], [21, 6, 22, 7], [23, 14, 24, 15], [1, 11, 2, 10], [3, 20, 4, 21]]"
12a_0982_61,"[[3, 20, 4, 21], [5, 18, 6, 19], [7, 13, 8, 12], [9, 17, 10, 16], [11, 3, 12, 2], [13, 22, 14, 23], [15, 9, 16, 8], [17, 24, 18, 1], [19, 4, 20, 5], [21, 6, 22, 7], [23, 14, 24, 15], [1, 11, 2, 10]]"
12a_0982_62,"[[1, 11, 2, 10], [3, 20, 4, 21], [5, 18, 6, 19], [7, 13, 8, 12], [9, 17, 10, 16], [11, 3, 12, 2], [13, 22, 14, 23], [15, 9, 16, 8], [17, 24, 18, 1], [19, 4, 20, 5], [21, 6, 22, 7], [23, 14, 24, 15]]"
12a_0982_63,"[[23, 14, 24, 15], [1, 11, 2, 10], [3, 20, 4, 21], [5, 18, 6, 19], [7, 13, 8, 12], [9, 17, 10, 16], [11, 3, 12, 2], [13, 22, 14, 23], [15, 9, 16, 8], [17, 24, 18, 1], [19, 4, 20, 5], [21, 6, 22, 7]]"
12a_0982_64,"[[21, 6, 22, 7], [23, 14, 24, 15], [1, 11, 2, 10], [3, 20, 4, 21], [5, 18, 6, 19], [7, 13, 8, 12], [9, 17, 10, 16], [11, 3, 12, 2], [13, 22, 14, 23], [15, 9, 16, 8], [17, 24, 18, 1], [19, 4, 20, 5]]"
12a_0982_65,"[[19, 4, 20, 5], [21, 6, 22, 7], [23, 14, 24, 15], [1, 11, 2, 10], [3, 20, 4, 21], [5, 18, 6, 19], [7, 13, 8, 12], [9, 17, 10, 16], [11, 3, 12, 2], [13, 22, 14, 23], [15, 9, 16, 8], [17, 24, 18, 1]]"
12a_0982_66,"[[17, 24, 18, 1], [19, 4, 20, 5], [21, 6, 22, 7], [23, 14, 24, 15], [1, 11, 2, 10], [3, 20, 4, 21], [5, 18, 6, 19], [7, 13, 8, 12], [9, 17, 10, 16], [11, 3, 12, 2], [13, 22, 14, 23], [15, 9, 16, 8]]"
12a_0982_67,"[[15, 9, 16, 8], [17, 24, 18, 1], [19, 4, 20, 5], [21, 6, 22, 7], [23, 14, 24, 15], [1, 11, 2, 10], [3, 20, 4, 21], [5, 18, 6, 19], [7, 13, 8, 12], [9, 17, 10, 16], [11, 3, 12, 2], [13, 22, 14, 23]]"
12a_0982_68,"[[13, 22, 14, 23], [15, 9, 16, 8], [17, 24, 18, 1], [19, 4, 20, 5], [21, 6, 22, 7], [23, 14, 24, 15], [1, 11, 2, 10], [3, 20, 4, 21], [5, 18, 6, 19], [7, 13, 8, 12], [9, 17, 10, 16], [11, 3, 12, 2]]"
12a_0982_69,"[[11, 3, 12, 2], [13, 22, 14, 23], [15, 9, 16, 8], [17, 24, 18, 1], [19, 4, 20, 5], [21, 6, 22, 7], [23, 14, 24, 15], [1, 11, 2, 10], [3, 20, 4, 21], [5, 18, 6, 19], [7, 13, 8, 12], [9, 17, 10, 16]]"
12a_0982_70,"[[9, 17, 10, 16], [11, 3, 12, 2], [13, 22, 14, 23], [15, 9, 16, 8], [17, 24, 18, 1], [19, 4, 20, 5], [21, 6, 22, 7], [23, 14, 24, 15], [1, 11, 2, 10], [3, 20, 4, 21], [5, 18, 6, 19], [7, 13, 8, 12]]"
12a_0982_71,"[[7, 13, 8, 12], [9, 17, 10, 16], [11, 3, 12, 2], [13, 22, 14, 23], [15, 9, 16, 8], [17, 24, 18, 1], [19, 4, 20, 5], [21, 6, 22, 7], [23, 14, 24, 15], [1, 11, 2, 10], [3, 20, 4, 21], [5, 18, 6, 19]]"
12a_0982_72,"[[6, 19, 7, 20], [8, 14, 9, 13], [10, 18, 11, 17], [12, 4, 13, 3], [14, 23, 15, 24], [16, 10, 17, 9], [18, 1, 19, 2], [20, 5, 21, 6], [22, 7, 23, 8], [24, 15, 1, 16], [2, 12, 3, 11], [4, 21, 5, 22]]"
12a_0982_73,"[[4, 21, 5, 22], [6, 19, 7, 20], [8, 14, 9, 13], [10, 18, 11, 17], [12, 4, 13, 3], [14, 23, 15, 24], [16, 10, 17, 9], [18, 1, 19, 2], [20, 5, 21, 6], [22, 7, 23, 8], [24, 15, 1, 16], [2, 12, 3, 11]]"
12a_0982_74,"[[2, 12, 3, 11], [4, 21, 5, 22], [6, 19, 7, 20], [8, 14, 9, 13], [10, 18, 11, 17], [12, 4, 13, 3], [14, 23, 15, 24], [16, 10, 17, 9], [18, 1, 19, 2], [20, 5, 21, 6], [22, 7, 23, 8], [24, 15, 1, 16]]"
12a_0982_75,"[[24, 15, 1, 16], [2, 12, 3, 11], [4, 21, 5, 22], [6, 19, 7, 20], [8, 14, 9, 13], [10, 18, 11, 17], [12, 4, 13, 3], [14, 23, 15, 24], [16, 10, 17, 9], [18, 1, 19, 2], [20, 5, 21, 6], [22, 7, 23, 8]]"
12a_0982_76,"[[22, 7, 23, 8], [24, 15, 1, 16], [2, 12, 3, 11], [4, 21, 5, 22], [6, 19, 7, 20], [8, 14, 9, 13], [10, 18, 11, 17], [12, 4, 13, 3], [14, 23, 15, 24], [16, 10, 17, 9], [18, 1, 19, 2], [20, 5, 21, 6]]"
12a_0982_77,"[[20, 5, 21, 6], [22, 7, 23, 8], [24, 15, 1, 16], [2, 12, 3, 11], [4, 21, 5, 22], [6, 19, 7, 20], [8, 14, 9, 13], [10, 18, 11, 17], [12, 4, 13, 3], [14, 23, 15, 24], [16, 10, 17, 9], [18, 1, 19, 2]]"
12a_0982_78,"[[18, 1, 19, 2], [20, 5, 21, 6], [22, 7, 23, 8], [24, 15, 1, 16], [2, 12, 3, 11], [4, 21, 5, 22], [6, 19, 7, 20], [8, 14, 9, 13], [10, 18, 11, 17], [12, 4, 13, 3], [14, 23, 15, 24], [16, 10, 17, 9]]"
12a_0982_79,"[[16, 10, 17, 9], [18, 1, 19, 2], [20, 5, 21, 6], [22, 7, 23, 8], [24, 15, 1, 16], [2, 12, 3, 11], [4, 21, 5, 22], [6, 19, 7, 20], [8, 14, 9, 13], [10, 18, 11, 17], [12, 4, 13, 3], [14, 23, 15, 24]]"
12a_0982_80,"[[14, 23, 15, 24], [16, 10, 17, 9], [18, 1, 19, 2], [20, 5, 21, 6], [22, 7, 23, 8], [24, 15, 1, 16], [2, 12, 3, 11], [4, 21, 5, 22], [6, 19, 7, 20], [8, 14, 9, 13], [10, 18, 11, 17], [12, 4, 13, 3]]"
12a_0982_81,"[[12, 4, 13, 3], [14, 23, 15, 24], [16, 10, 17, 9], [18, 1, 19, 2], [20, 5, 21, 6], [22, 7, 23, 8], [24, 15, 1, 16], [2, 12, 3, 11], [4, 21, 5, 22], [6, 19, 7, 20], [8, 14, 9, 13], [10, 18, 11, 17]]"
12a_0982_82,"[[10, 18, 11, 17], [12, 4, 13, 3], [14, 23, 15, 24], [16, 10, 17, 9], [18, 1, 19, 2], [20, 5, 21, 6], [22, 7, 23, 8], [24, 15, 1, 16], [2, 12, 3, 11], [4, 21, 5, 22], [6, 19, 7, 20], [8, 14, 9, 13]]"
12a_0982_83,"[[8, 14, 9, 13], [10, 18, 11, 17], [12, 4, 13, 3], [14, 23, 15, 24], [16, 10, 17, 9], [18, 1, 19, 2], [20, 5, 21, 6], [22, 7, 23, 8], [24, 15, 1, 16], [2, 12, 3, 11], [4, 21, 5, 22], [6, 19, 7, 20]]"
12a_0982_84,"[[7, 20, 8, 21], [9, 15, 10, 14], [11, 19, 12, 18], [13, 5, 14, 4], [15, 24, 16, 1], [17, 11, 18, 10], [19, 2, 20, 3], [21, 6, 22, 7], [23, 8, 24, 9], [1, 16, 2, 17], [3, 13, 4, 12], [5, 22, 6, 23]]"
12a_0982_85,"[[5, 22, 6, 23], [7, 20, 8, 21], [9, 15, 10, 14], [11, 19, 12, 18], [13, 5, 14, 4], [15, 24, 16, 1], [17, 11, 18, 10], [19, 2, 20, 3], [21, 6, 22, 7], [23, 8, 24, 9], [1, 16, 2, 17], [3, 13, 4, 12]]"
12a_0982_86,"[[3, 13, 4, 12], [5, 22, 6, 23], [7, 20, 8, 21], [9, 15, 10, 14], [11, 19, 12, 18], [13, 5, 14, 4], [15, 24, 16, 1], [17, 11, 18, 10], [19, 2, 20, 3], [21, 6, 22, 7], [23, 8, 24, 9], [1, 16, 2, 17]]"
12a_0982_87,"[[1, 16, 2, 17], [3, 13, 4, 12], [5, 22, 6, 23], [7, 20, 8, 21], [9, 15, 10, 14], [11, 19, 12, 18], [13, 5, 14, 4], [15, 24, 16, 1], [17, 11, 18, 10], [19, 2, 20, 3], [21, 6, 22, 7], [23, 8, 24, 9]]"
12a_0982_88,"[[23, 8, 24, 9], [1, 16, 2, 17], [3, 13, 4, 12], [5, 22, 6, 23], [7, 20, 8, 21], [9, 15, 10, 14], [11, 19, 12, 18], [13, 5, 14, 4], [15, 24, 16, 1], [17, 11, 18, 10], [19, 2, 20, 3], [21, 6, 22, 7]]"
12a_0982_89,"[[21, 6, 22, 7], [23, 8, 24, 9], [1, 16, 2, 17], [3, 13, 4, 12], [5, 22, 6, 23], [7, 20, 8, 21], [9, 15, 10, 14], [11, 19, 12, 18], [13, 5, 14, 4], [15, 24, 16, 1], [17, 11, 18, 10], [19, 2, 20, 3]]"
12a_0982_90,"[[19, 2, 20, 3], [21, 6, 22, 7], [23, 8, 24, 9], [1, 16, 2, 17], [3, 13, 4, 12], [5, 22, 6, 23], [7, 20, 8, 21], [9, 15, 10, 14], [11, 19, 12, 18], [13, 5, 14, 4], [15, 24, 16, 1], [17, 11, 18, 10]]"
12a_0982_91,"[[17, 11, 18, 10], [19, 2, 20, 3], [21, 6, 22, 7], [23, 8, 24, 9], [1, 16, 2, 17], [3, 13, 4, 12], [5, 22, 6, 23], [7, 20, 8, 21], [9, 15, 10, 14], [11, 19, 12, 18], [13, 5, 14, 4], [15, 24, 16, 1]]"
12a_0982_92,"[[15, 24, 16, 1], [17, 11, 18, 10], [19, 2, 20, 3], [21, 6, 22, 7], [23, 8, 24, 9], [1, 16, 2, 17], [3, 13, 4, 12], [5, 22, 6, 23], [7, 20, 8, 21], [9, 15, 10, 14], [11, 19, 12, 18], [13, 5, 14, 4]]"
12a_0982_93,"[[13, 5, 14, 4], [15, 24, 16, 1], [17, 11, 18, 10], [19, 2, 20, 3], [21, 6, 22, 7], [23, 8, 24, 9], [1, 16, 2, 17], [3, 13, 4, 12], [5, 22, 6, 23], [7, 20, 8, 21], [9, 15, 10, 14], [11, 19, 12, 18]]"
12a_0982_94,"[[11, 19, 12, 18], [13, 5, 14, 4], [15, 24, 16, 1], [17, 11, 18, 10], [19, 2, 20, 3], [21, 6, 22, 7], [23, 8, 24, 9], [1, 16, 2, 17], [3, 13, 4, 12], [5, 22, 6, 23], [7, 20, 8, 21], [9, 15, 10, 14]]"
12a_0982_95,"[[9, 15, 10, 14], [11, 19, 12, 18], [13, 5, 14, 4], [15, 24, 16, 1], [17, 11, 18, 10], [19, 2, 20, 3], [21, 6, 22, 7], [23, 8, 24, 9], [1, 16, 2, 17], [3, 13, 4, 12], [5, 22, 6, 23], [7, 20, 8, 21]]"
12a_0982_96,"[[8, 21, 9, 22], [10, 16, 11, 15], [12, 20, 13, 19], [14, 6, 15, 5], [16, 1, 17, 2], [18, 12, 19, 11], [20, 3, 21, 4], [22, 7, 23, 8], [24, 9, 1, 10], [2, 17, 3, 18], [4, 14, 5, 13], [6, 23, 7, 24]]"
12a_0982_97,"[[6, 23, 7, 24], [8, 21, 9, 22], [10, 16, 11, 15], [12, 20, 13, 19], [14, 6, 15, 5], [16, 1, 17, 2], [18, 12, 19, 11], [20, 3, 21, 4], [22, 7, 23, 8], [24, 9, 1, 10], [2, 17, 3, 18], [4, 14, 5, 13]]"
12a_0982_98,"[[4, 14, 5, 13], [6, 23, 7, 24], [8, 21, 9, 22], [10, 16, 11, 15], [12, 20, 13, 19], [14, 6, 15, 5], [16, 1, 17, 2], [18, 12, 19, 11], [20, 3, 21, 4], [22, 7, 23, 8], [24, 9, 1, 10], [2, 17, 3, 18]]"
12a_0982_99,"[[2, 17, 3, 18], [4, 14, 5, 13], [6, 23, 7, 24], [8, 21, 9, 22], [10, 16, 11, 15], [12, 20, 13, 19], [14, 6, 15, 5], [16, 1, 17, 2], [18, 12, 19, 11], [20, 3, 21, 4], [22, 7, 23, 8], [24, 9, 1, 10]]"
12a_0982_100,"[[24, 9, 1, 10], [2, 17, 3, 18], [4, 14, 5, 13], [6, 23, 7, 24], [8, 21, 9, 22], [10, 16, 11, 15], [12, 20, 13, 19], [14, 6, 15, 5], [16, 1, 17, 2], [18, 12, 19, 11], [20, 3, 21, 4], [22, 7, 23, 8]]"
12a_0982_101,"[[22, 7, 23, 8], [24, 9, 1, 10], [2, 17, 3, 18], [4, 14, 5, 13], [6, 23, 7, 24], [8, 21, 9, 22], [10, 16, 11, 15], [12, 20, 13, 19], [14, 6, 15, 5], [16, 1, 17, 2], [18, 12, 19, 11], [20, 3, 21, 4]]"
12a_0982_102,"[[20, 3, 21, 4], [22, 7, 23, 8], [24, 9, 1, 10], [2, 17, 3, 18], [4, 14, 5, 13], [6, 23, 7, 24], [8, 21, 9, 22], [10, 16, 11, 15], [12, 20, 13, 19], [14, 6, 15, 5], [16, 1, 17, 2], [18, 12, 19, 11]]"
12a_0982_103,"[[18, 12, 19, 11], [20, 3, 21, 4], [22, 7, 23, 8], [24, 9, 1, 10], [2, 17, 3, 18], [4, 14, 5, 13], [6, 23, 7, 24], [8, 21, 9, 22], [10, 16, 11, 15], [12, 20, 13, 19], [14, 6, 15, 5], [16, 1, 17, 2]]"
12a_0982_104,"[[16, 1, 17, 2], [18, 12, 19, 11], [20, 3, 21, 4], [22, 7, 23, 8], [24, 9, 1, 10], [2, 17, 3, 18], [4, 14, 5, 13], [6, 23, 7, 24], [8, 21, 9, 22], [10, 16, 11, 15], [12, 20, 13, 19], [14, 6, 15, 5]]"
12a_0982_105,"[[14, 6, 15, 5], [16, 1, 17, 2], [18, 12, 19, 11], [20, 3, 21, 4], [22, 7, 23, 8], [24, 9, 1, 10], [2, 17, 3, 18], [4, 14, 5, 13], [6, 23, 7, 24], [8, 21, 9, 22], [10, 16, 11, 15], [12, 20, 13, 19]]"
12a_0982_106,"[[12, 20, 13, 19], [14, 6, 15, 5], [16, 1, 17, 2], [18, 12, 19, 11], [20, 3, 21, 4], [22, 7, 23, 8], [24, 9, 1, 10], [2, 17, 3, 18], [4, 14, 5, 13], [6, 23, 7, 24], [8, 21, 9, 22], [10, 16, 11, 15]]"
12a_0982_107,"[[10, 16, 11, 15], [12, 20, 13, 19], [14, 6, 15, 5], [16, 1, 17, 2], [18, 12, 19, 11], [20, 3, 21, 4], [22, 7, 23, 8], [24, 9, 1, 10], [2, 17, 3, 18], [4, 14, 5, 13], [6, 23, 7, 24], [8, 21, 9, 22]]"
12a_0982_108,"[[9, 22, 10, 23], [11, 17, 12, 16], [13, 21, 14, 20], [15, 7, 16, 6], [17, 2, 18, 3], [19, 13, 20, 12], [21, 4, 22, 5], [23, 8, 24, 9], [1, 10, 2, 11], [3, 18, 4, 19], [5, 15, 6, 14], [7, 24, 8, 1]]"
12a_0982_109,"[[7, 24, 8, 1], [9, 22, 10, 23], [11, 17, 12, 16], [13, 21, 14, 20], [15, 7, 16, 6], [17, 2, 18, 3], [19, 13, 20, 12], [21, 4, 22, 5], [23, 8, 24, 9], [1, 10, 2, 11], [3, 18, 4, 19], [5, 15, 6, 14]]"
12a_0982_110,"[[5, 15, 6, 14], [7, 24, 8, 1], [9, 22, 10, 23], [11, 17, 12, 16], [13, 21, 14, 20], [15, 7, 16, 6], [17, 2, 18, 3], [19, 13, 20, 12], [21, 4, 22, 5], [23, 8, 24, 9], [1, 10, 2, 11], [3, 18, 4, 19]]"
12a_0982_111,"[[3, 18, 4, 19], [5, 15, 6, 14], [7, 24, 8, 1], [9, 22, 10, 23], [11, 17, 12, 16], [13, 21, 14, 20], [15, 7, 16, 6], [17, 2, 18, 3], [19, 13, 20, 12], [21, 4, 22, 5], [23, 8, 24, 9], [1, 10, 2, 11]]"
12a_0982_112,"[[1, 10, 2, 11], [3, 18, 4, 19], [5, 15, 6, 14], [7, 24, 8, 1], [9, 22, 10, 23], [11, 17, 12, 16], [13, 21, 14, 20], [15, 7, 16, 6], [17, 2, 18, 3], [19, 13, 20, 12], [21, 4, 22, 5], [23, 8, 24, 9]]"
12a_0982_113,"[[23, 8, 24, 9], [1, 10, 2, 11], [3, 18, 4, 19], [5, 15, 6, 14], [7, 24, 8, 1], [9, 22, 10, 23], [11, 17, 12, 16], [13, 21, 14, 20], [15, 7, 16, 6], [17, 2, 18, 3], [19, 13, 20, 12], [21, 4, 22, 5]]"
12a_0982_114,"[[21, 4, 22, 5], [23, 8, 24, 9], [1, 10, 2, 11], [3, 18, 4, 19], [5, 15, 6, 14], [7, 24, 8, 1], [9, 22, 10, 23], [11, 17, 12, 16], [13, 21, 14, 20], [15, 7, 16, 6], [17, 2, 18, 3], [19, 13, 20, 12]]"
12a_0982_115,"[[19, 13, 20, 12], [21, 4, 22, 5], [23, 8, 24, 9], [1, 10, 2, 11], [3, 18, 4, 19], [5, 15, 6, 14], [7, 24, 8, 1], [9, 22, 10, 23], [11, 17, 12, 16], [13, 21, 14, 20], [15, 7, 16, 6], [17, 2, 18, 3]]"
12a_0982_116,"[[17, 2, 18, 3], [19, 13, 20, 12], [21, 4, 22, 5], [23, 8, 24, 9], [1, 10, 2, 11], [3, 18, 4, 19], [5, 15, 6, 14], [7, 24, 8, 1], [9, 22, 10, 23], [11, 17, 12, 16], [13, 21, 14, 20], [15, 7, 16, 6]]"
12a_0982_117,"[[15, 7, 16, 6], [17, 2, 18, 3], [19, 13, 20, 12], [21, 4, 22, 5], [23, 8, 24, 9], [1, 10, 2, 11], [3, 18, 4, 19], [5, 15, 6, 14], [7, 24, 8, 1], [9, 22, 10, 23], [11, 17, 12, 16], [13, 21, 14, 20]]"
12a_0982_118,"[[13, 21, 14, 20], [15, 7, 16, 6], [17, 2, 18, 3], [19, 13, 20, 12], [21, 4, 22, 5], [23, 8, 24, 9], [1, 10, 2, 11], [3, 18, 4, 19], [5, 15, 6, 14], [7, 24, 8, 1], [9, 22, 10, 23], [11, 17, 12, 16]]"
12a_0982_119,"[[11, 17, 12, 16], [13, 21, 14, 20], [15, 7, 16, 6], [17, 2, 18, 3], [19, 13, 20, 12], [21, 4, 22, 5], [23, 8, 24, 9], [1, 10, 2, 11], [3, 18, 4, 19], [5, 15, 6, 14], [7, 24, 8, 1], [9, 22, 10, 23]]"
12a_0982_120,"[[10, 23, 11, 24], [12, 18, 13, 17], [14, 22, 15, 21], [16, 8, 17, 7], [18, 3, 19, 4], [20, 14, 21, 13], [22, 5, 23, 6], [24, 9, 1, 10], [2, 11, 3, 12], [4, 19, 5, 20], [6, 16, 7, 15], [8, 1, 9, 2]]"
12a_0982_121,"[[8, 1, 9, 2], [10, 23, 11, 24], [12, 18, 13, 17], [14, 22, 15, 21], [16, 8, 17, 7], [18, 3, 19, 4], [20, 14, 21, 13], [22, 5, 23, 6], [24, 9, 1, 10], [2, 11, 3, 12], [4, 19, 5, 20], [6, 16, 7, 15]]"
12a_0982_122,"[[6, 16, 7, 15], [8, 1, 9, 2], [10, 23, 11, 24], [12, 18, 13, 17], [14, 22, 15, 21], [16, 8, 17, 7], [18, 3, 19, 4], [20, 14, 21, 13], [22, 5, 23, 6], [24, 9, 1, 10], [2, 11, 3, 12], [4, 19, 5, 20]]"
12a_0982_123,"[[4, 19, 5, 20], [6, 16, 7, 15], [8, 1, 9, 2], [10, 23, 11, 24], [12, 18, 13, 17], [14, 22, 15, 21], [16, 8, 17, 7], [18, 3, 19, 4], [20, 14, 21, 13], [22, 5, 23, 6], [24, 9, 1, 10], [2, 11, 3, 12]]"
12a_0982_124,"[[2, 11, 3, 12], [4, 19, 5, 20], [6, 16, 7, 15], [8, 1, 9, 2], [10, 23, 11, 24], [12, 18, 13, 17], [14, 22, 15, 21], [16, 8, 17, 7], [18, 3, 19, 4], [20, 14, 21, 13], [22, 5, 23, 6], [24, 9, 1, 10]]"
12a_0982_125,"[[24, 9, 1, 10], [2, 11, 3, 12], [4, 19, 5, 20], [6, 16, 7, 15], [8, 1, 9, 2], [10, 23, 11, 24], [12, 18, 13, 17], [14, 22, 15, 21], [16, 8, 17, 7], [18, 3, 19, 4], [20, 14, 21, 13], [22, 5, 23, 6]]"
12a_0982_126,"[[22, 5, 23, 6], [24, 9, 1, 10], [2, 11, 3, 12], [4, 19, 5, 20], [6, 16, 7, 15], [8, 1, 9, 2], [10, 23, 11, 24], [12, 18, 13, 17], [14, 22, 15, 21], [16, 8, 17, 7], [18, 3, 19, 4], [20, 14, 21, 13]]"
12a_0982_127,"[[20, 14, 21, 13], [22, 5, 23, 6], [24, 9, 1, 10], [2, 11, 3, 12], [4, 19, 5, 20], [6, 16, 7, 15], [8, 1, 9, 2], [10, 23, 11, 24], [12, 18, 13, 17], [14, 22, 15, 21], [16, 8, 17, 7], [18, 3, 19, 4]]"
12a_0982_128,"[[18, 3, 19, 4], [20, 14, 21, 13], [22, 5, 23, 6], [24, 9, 1, 10], [2, 11, 3, 12], [4, 19, 5, 20], [6, 16, 7, 15], [8, 1, 9, 2], [10, 23, 11, 24], [12, 18, 13, 17], [14, 22, 15, 21], [16, 8, 17, 7]]"
12a_0982_129,"[[16, 8, 17, 7], [18, 3, 19, 4], [20, 14, 21, 13], [22, 5, 23, 6], [24, 9, 1, 10], [2, 11, 3, 12], [4, 19, 5, 20], [6, 16, 7, 15], [8, 1, 9, 2], [10, 23, 11, 24], [12, 18, 13, 17], [14, 22, 15, 21]]"
12a_0982_130,"[[14, 22, 15, 21], [16, 8, 17, 7], [18, 3, 19, 4], [20, 14, 21, 13], [22, 5, 23, 6], [24, 9, 1, 10], [2, 11, 3, 12], [4, 19, 5, 20], [6, 16, 7, 15], [8, 1, 9, 2], [10, 23, 11, 24], [12, 18, 13, 17]]"
12a_0982_131,"[[12, 18, 13, 17], [14, 22, 15, 21], [16, 8, 17, 7], [18, 3, 19, 4], [20, 14, 21, 13], [22, 5, 23, 6], [24, 9, 1, 10], [2, 11, 3, 12], [4, 19, 5, 20], [6, 16, 7, 15], [8, 1, 9, 2], [10, 23, 11, 24]]"
12a_0982_132,"[[11, 24, 12, 1], [13, 19, 14, 18], [15, 23, 16, 22], [17, 9, 18, 8], [19, 4, 20, 5], [21, 15, 22, 14], [23, 6, 24, 7], [1, 10, 2, 11], [3, 12, 4, 13], [5, 20, 6, 21], [7, 17, 8, 16], [9, 2, 10, 3]]"
12a_0982_133,"[[9, 2, 10, 3], [11, 24, 12, 1], [13, 19, 14, 18], [15, 23, 16, 22], [17, 9, 18, 8], [19, 4, 20, 5], [21, 15, 22, 14], [23, 6, 24, 7], [1, 10, 2, 11], [3, 12, 4, 13], [5, 20, 6, 21], [7, 17, 8, 16]]"
12a_0982_134,"[[7, 17, 8, 16], [9, 2, 10, 3], [11, 24, 12, 1], [13, 19, 14, 18], [15, 23, 16, 22], [17, 9, 18, 8], [19, 4, 20, 5], [21, 15, 22, 14], [23, 6, 24, 7], [1, 10, 2, 11], [3, 12, 4, 13], [5, 20, 6, 21]]"
12a_0982_135,"[[5, 20, 6, 21], [7, 17, 8, 16], [9, 2, 10, 3], [11, 24, 12, 1], [13, 19, 14, 18], [15, 23, 16, 22], [17, 9, 18, 8], [19, 4, 20, 5], [21, 15, 22, 14], [23, 6, 24, 7], [1, 10, 2, 11], [3, 12, 4, 13]]"
12a_0982_136,"[[3, 12, 4, 13], [5, 20, 6, 21], [7, 17, 8, 16], [9, 2, 10, 3], [11, 24, 12, 1], [13, 19, 14, 18], [15, 23, 16, 22], [17, 9, 18, 8], [19, 4, 20, 5], [21, 15, 22, 14], [23, 6, 24, 7], [1, 10, 2, 11]]"
12a_0982_137,"[[1, 10, 2, 11], [3, 12, 4, 13], [5, 20, 6, 21], [7, 17, 8, 16], [9, 2, 10, 3], [11, 24, 12, 1], [13, 19, 14, 18], [15, 23, 16, 22], [17, 9, 18, 8], [19, 4, 20, 5], [21, 15, 22, 14], [23, 6, 24, 7]]"
12a_0982_138,"[[23, 6, 24, 7], [1, 10, 2, 11], [3, 12, 4, 13], [5, 20, 6, 21], [7, 17, 8, 16], [9, 2, 10, 3], [11, 24, 12, 1], [13, 19, 14, 18], [15, 23, 16, 22], [17, 9, 18, 8], [19, 4, 20, 5], [21, 15, 22, 14]]"
12a_0982_139,"[[21, 15, 22, 14], [23, 6, 24, 7], [1, 10, 2, 11], [3, 12, 4, 13], [5, 20, 6, 21], [7, 17, 8, 16], [9, 2, 10, 3], [11, 24, 12, 1], [13, 19, 14, 18], [15, 23, 16, 22], [17, 9, 18, 8], [19, 4, 20, 5]]"
12a_0982_140,"[[19, 4, 20, 5], [21, 15, 22, 14], [23, 6, 24, 7], [1, 10, 2, 11], [3, 12, 4, 13], [5, 20, 6, 21], [7, 17, 8, 16], [9, 2, 10, 3], [11, 24, 12, 1], [13, 19, 14, 18], [15, 23, 16, 22], [17, 9, 18, 8]]"
12a_0982_141,"[[17, 9, 18, 8], [19, 4, 20, 5], [21, 15, 22, 14], [23, 6, 24, 7], [1, 10, 2, 11], [3, 12, 4, 13], [5, 20, 6, 21], [7, 17, 8, 16], [9, 2, 10, 3], [11, 24, 12, 1], [13, 19, 14, 18], [15, 23, 16, 22]]"
12a_0982_142,"[[15, 23, 16, 22], [17, 9, 18, 8], [19, 4, 20, 5], [21, 15, 22, 14], [23, 6, 24, 7], [1, 10, 2, 11], [3, 12, 4, 13], [5, 20, 6, 21], [7, 17, 8, 16], [9, 2, 10, 3], [11, 24, 12, 1], [13, 19, 14, 18]]"
12a_0982_143,"[[13, 19, 14, 18], [15, 23, 16, 22], [17, 9, 18, 8], [19, 4, 20, 5], [21, 15, 22, 14], [23, 6, 24, 7], [1, 10, 2, 11], [3, 12, 4, 13], [5, 20, 6, 21], [7, 17, 8, 16], [9, 2, 10, 3], [11, 24, 12, 1]]"
12a_0982_144,"[[12, 1, 13, 2], [14, 20, 15, 19], [16, 24, 17, 23], [18, 10, 19, 9], [20, 5, 21, 6], [22, 16, 23, 15], [24, 7, 1, 8], [2, 11, 3, 12], [4, 13, 5, 14], [6, 21, 7, 22], [8, 18, 9, 17], [10, 3, 11, 4]]"
12a_0982_145,"[[10, 3, 11, 4], [12, 1, 13, 2], [14, 20, 15, 19], [16, 24, 17, 23], [18, 10, 19, 9], [20, 5, 21, 6], [22, 16, 23, 15], [24, 7, 1, 8], [2, 11, 3, 12], [4, 13, 5, 14], [6, 21, 7, 22], [8, 18, 9, 17]]"
12a_0982_146,"[[8, 18, 9, 17], [10, 3, 11, 4], [12, 1, 13, 2], [14, 20, 15, 19], [16, 24, 17, 23], [18, 10, 19, 9], [20, 5, 21, 6], [22, 16, 23, 15], [24, 7, 1, 8], [2, 11, 3, 12], [4, 13, 5, 14], [6, 21, 7, 22]]"
12a_0982_147,"[[6, 21, 7, 22], [8, 18, 9, 17], [10, 3, 11, 4], [12, 1, 13, 2], [14, 20, 15, 19], [16, 24, 17, 23], [18, 10, 19, 9], [20, 5, 21, 6], [22, 16, 23, 15], [24, 7, 1, 8], [2, 11, 3, 12], [4, 13, 5, 14]]"
12a_0982_148,"[[4, 13, 5, 14], [6, 21, 7, 22], [8, 18, 9, 17], [10, 3, 11, 4], [12, 1, 13, 2], [14, 20, 15, 19], [16, 24, 17, 23], [18, 10, 19, 9], [20, 5, 21, 6], [22, 16, 23, 15], [24, 7, 1, 8], [2, 11, 3, 12]]"
12a_0982_149,"[[2, 11, 3, 12], [4, 13, 5, 14], [6, 21, 7, 22], [8, 18, 9, 17], [10, 3, 11, 4], [12, 1, 13, 2], [14, 20, 15, 19], [16, 24, 17, 23], [18, 10, 19, 9], [20, 5, 21, 6], [22, 16, 23, 15], [24, 7, 1, 8]]"
12a_0982_150,"[[24, 7, 1, 8], [2, 11, 3, 12], [4, 13, 5, 14], [6, 21, 7, 22], [8, 18, 9, 17], [10, 3, 11, 4], [12, 1, 13, 2], [14, 20, 15, 19], [16, 24, 17, 23], [18, 10, 19, 9], [20, 5, 21, 6], [22, 16, 23, 15]]"
12a_0982_151,"[[22, 16, 23, 15], [24, 7, 1, 8], [2, 11, 3, 12], [4, 13, 5, 14], [6, 21, 7, 22], [8, 18, 9, 17], [10, 3, 11, 4], [12, 1, 13, 2], [14, 20, 15, 19], [16, 24, 17, 23], [18, 10, 19, 9], [20, 5, 21, 6]]"
12a_0982_152,"[[20, 5, 21, 6], [22, 16, 23, 15], [24, 7, 1, 8], [2, 11, 3, 12], [4, 13, 5, 14], [6, 21, 7, 22], [8, 18, 9, 17], [10, 3, 11, 4], [12, 1, 13, 2], [14, 20, 15, 19], [16, 24, 17, 23], [18, 10, 19, 9]]"
12a_0982_153,"[[18, 10, 19, 9], [20, 5, 21, 6], [22, 16, 23, 15], [24, 7, 1, 8], [2, 11, 3, 12], [4, 13, 5, 14], [6, 21, 7, 22], [8, 18, 9, 17], [10, 3, 11, 4], [12, 1, 13, 2], [14, 20, 15, 19], [16, 24, 17, 23]]"
12a_0982_154,"[[16, 24, 17, 23], [18, 10, 19, 9], [20, 5, 21, 6], [22, 16, 23, 15], [24, 7, 1, 8], [2, 11, 3, 12], [4, 13, 5, 14], [6, 21, 7, 22], [8, 18, 9, 17], [10, 3, 11, 4], [12, 1, 13, 2], [14, 20, 15, 19]]"
12a_0982_155,"[[14, 20, 15, 19], [16, 24, 17, 23], [18, 10, 19, 9], [20, 5, 21, 6], [22, 16, 23, 15], [24, 7, 1, 8], [2, 11, 3, 12], [4, 13, 5, 14], [6, 21, 7, 22], [8, 18, 9, 17], [10, 3, 11, 4], [12, 1, 13, 2]]"
12a_0982_156,"[[13, 2, 14, 3], [15, 21, 16, 20], [17, 1, 18, 24], [19, 11, 20, 10], [21, 6, 22, 7], [23, 17, 24, 16], [1, 8, 2, 9], [3, 12, 4, 13], [5, 14, 6, 15], [7, 22, 8, 23], [9, 19, 10, 18], [11, 4, 12, 5]]"
12a_0982_157,"[[11, 4, 12, 5], [13, 2, 14, 3], [15, 21, 16, 20], [17, 1, 18, 24], [19, 11, 20, 10], [21, 6, 22, 7], [23, 17, 24, 16], [1, 8, 2, 9], [3, 12, 4, 13], [5, 14, 6, 15], [7, 22, 8, 23], [9, 19, 10, 18]]"
12a_0982_158,"[[9, 19, 10, 18], [11, 4, 12, 5], [13, 2, 14, 3], [15, 21, 16, 20], [17, 1, 18, 24], [19, 11, 20, 10], [21, 6, 22, 7], [23, 17, 24, 16], [1, 8, 2, 9], [3, 12, 4, 13], [5, 14, 6, 15], [7, 22, 8, 23]]"
12a_0982_159,"[[7, 22, 8, 23], [9, 19, 10, 18], [11, 4, 12, 5], [13, 2, 14, 3], [15, 21, 16, 20], [17, 1, 18, 24], [19, 11, 20, 10], [21, 6, 22, 7], [23, 17, 24, 16], [1, 8, 2, 9], [3, 12, 4, 13], [5, 14, 6, 15]]"
12a_0982_160,"[[5, 14, 6, 15], [7, 22, 8, 23], [9, 19, 10, 18], [11, 4, 12, 5], [13, 2, 14, 3], [15, 21, 16, 20], [17, 1, 18, 24], [19, 11, 20, 10], [21, 6, 22, 7], [23, 17, 24, 16], [1, 8, 2, 9], [3, 12, 4, 13]]"
12a_0982_161,"[[3, 12, 4, 13], [5, 14, 6, 15], [7, 22, 8, 23], [9, 19, 10, 18], [11, 4, 12, 5], [13, 2, 14, 3], [15, 21, 16, 20], [17, 1, 18, 24], [19, 11, 20, 10], [21, 6, 22, 7], [23, 17, 24, 16], [1, 8, 2, 9]]"
12a_0982_162,"[[1, 8, 2, 9], [3, 12, 4, 13], [5, 14, 6, 15], [7, 22, 8, 23], [9, 19, 10, 18], [11, 4, 12, 5], [13, 2, 14, 3], [15, 21, 16, 20], [17, 1, 18, 24], [19, 11, 20, 10], [21, 6, 22, 7], [23, 17, 24, 16]]"
12a_0982_163,"[[23, 17, 24, 16], [1, 8, 2, 9], [3, 12, 4, 13], [5, 14, 6, 15], [7, 22, 8, 23], [9, 19, 10, 18], [11, 4, 12, 5], [13, 2, 14, 3], [15, 21, 16, 20], [17, 1, 18, 24], [19, 11, 20, 10], [21, 6, 22, 7]]"
12a_0982_164,"[[21, 6, 22, 7], [23, 17, 24, 16], [1, 8, 2, 9], [3, 12, 4, 13], [5, 14, 6, 15], [7, 22, 8, 23], [9, 19, 10, 18], [11, 4, 12, 5], [13, 2, 14, 3], [15, 21, 16, 20], [17, 1, 18, 24], [19, 11, 20, 10]]"
12a_0982_165,"[[19, 11, 20, 10], [21, 6, 22, 7], [23, 17, 24, 16], [1, 8, 2, 9], [3, 12, 4, 13], [5, 14, 6, 15], [7, 22, 8, 23], [9, 19, 10, 18], [11, 4, 12, 5], [13, 2, 14, 3], [15, 21, 16, 20], [17, 1, 18, 24]]"
12a_0982_166,"[[17, 1, 18, 24], [19, 11, 20, 10], [21, 6, 22, 7], [23, 17, 24, 16], [1, 8, 2, 9], [3, 12, 4, 13], [5, 14, 6, 15], [7, 22, 8, 23], [9, 19, 10, 18], [11, 4, 12, 5], [13, 2, 14, 3], [15, 21, 16, 20]]"
12a_0982_167,"[[15, 21, 16, 20], [17, 1, 18, 24], [19, 11, 20, 10], [21, 6, 22, 7], [23, 17, 24, 16], [1, 8, 2, 9], [3, 12, 4, 13], [5, 14, 6, 15], [7, 22, 8, 23], [9, 19, 10, 18], [11, 4, 12, 5], [13, 2, 14, 3]]"
12a_0982_168,"[[14, 3, 15, 4], [16, 22, 17, 21], [18, 2, 19, 1], [20, 12, 21, 11], [22, 7, 23, 8], [24, 18, 1, 17], [2, 9, 3, 10], [4, 13, 5, 14], [6, 15, 7, 16], [8, 23, 9, 24], [10, 20, 11, 19], [12, 5, 13, 6]]"
12a_0982_169,"[[12, 5, 13, 6], [14, 3, 15, 4], [16, 22, 17, 21], [18, 2, 19, 1], [20, 12, 21, 11], [22, 7, 23, 8], [24, 18, 1, 17], [2, 9, 3, 10], [4, 13, 5, 14], [6, 15, 7, 16], [8, 23, 9, 24], [10, 20, 11, 19]]"
12a_0982_170,"[[10, 20, 11, 19], [12, 5, 13, 6], [14, 3, 15, 4], [16, 22, 17, 21], [18, 2, 19, 1], [20, 12, 21, 11], [22, 7, 23, 8], [24, 18, 1, 17], [2, 9, 3, 10], [4, 13, 5, 14], [6, 15, 7, 16], [8, 23, 9, 24]]"
12a_0982_171,"[[8, 23, 9, 24], [10, 20, 11, 19], [12, 5, 13, 6], [14, 3, 15, 4], [16, 22, 17, 21], [18, 2, 19, 1], [20, 12, 21, 11], [22, 7, 23, 8], [24, 18, 1, 17], [2, 9, 3, 10], [4, 13, 5, 14], [6, 15, 7, 16]]"
12a_0982_172,"[[6, 15, 7, 16], [8, 23, 9, 24], [10, 20, 11, 19], [12, 5, 13, 6], [14, 3, 15, 4], [16, 22, 17, 21], [18, 2, 19, 1], [20, 12, 21, 11], [22, 7, 23, 8], [24, 18, 1, 17], [2, 9, 3, 10], [4, 13, 5, 14]]"
12a_0982_173,"[[4, 13, 5, 14], [6, 15, 7, 16], [8, 23, 9, 24], [10, 20, 11, 19], [12, 5, 13, 6], [14, 3, 15, 4], [16, 22, 17, 21], [18, 2, 19, 1], [20, 12, 21, 11], [22, 7, 23, 8], [24, 18, 1, 17], [2, 9, 3, 10]]"
12a_0982_174,"[[2, 9, 3, 10], [4, 13, 5, 14], [6, 15, 7, 16], [8, 23, 9, 24], [10, 20, 11, 19], [12, 5, 13, 6], [14, 3, 15, 4], [16, 22, 17, 21], [18, 2, 19, 1], [20, 12, 21, 11], [22, 7, 23, 8], [24, 18, 1, 17]]"
12a_0982_175,"[[24, 18, 1, 17], [2, 9, 3, 10], [4, 13, 5, 14], [6, 15, 7, 16], [8, 23, 9, 24], [10, 20, 11, 19], [12, 5, 13, 6], [14, 3, 15, 4], [16, 22, 17, 21], [18, 2, 19, 1], [20, 12, 21, 11], [22, 7, 23, 8]]"
12a_0982_176,"[[22, 7, 23, 8], [24, 18, 1, 17], [2, 9, 3, 10], [4, 13, 5, 14], [6, 15, 7, 16], [8, 23, 9, 24], [10, 20, 11, 19], [12, 5, 13, 6], [14, 3, 15, 4], [16, 22, 17, 21], [18, 2, 19, 1], [20, 12, 21, 11]]"
12a_0982_177,"[[20, 12, 21, 11], [22, 7, 23, 8], [24, 18, 1, 17], [2, 9, 3, 10], [4, 13, 5, 14], [6, 15, 7, 16], [8, 23, 9, 24], [10, 20, 11, 19], [12, 5, 13, 6], [14, 3, 15, 4], [16, 22, 17, 21], [18, 2, 19, 1]]"
12a_0982_178,"[[18, 2, 19, 1], [20, 12, 21, 11], [22, 7, 23, 8], [24, 18, 1, 17], [2, 9, 3, 10], [4, 13, 5, 14], [6, 15, 7, 16], [8, 23, 9, 24], [10, 20, 11, 19], [12, 5, 13, 6], [14, 3, 15, 4], [16, 22, 17, 21]]"
12a_0982_179,"[[16, 22, 17, 21], [18, 2, 19, 1], [20, 12, 21, 11], [22, 7, 23, 8], [24, 18, 1, 17], [2, 9, 3, 10], [4, 13, 5, 14], [6, 15, 7, 16], [8, 23, 9, 24], [10, 20, 11, 19], [12, 5, 13, 6], [14, 3, 15, 4]]"
12a_0982_180,"[[15, 4, 16, 5], [17, 23, 18, 22], [19, 3, 20, 2], [21, 13, 22, 12], [23, 8, 24, 9], [1, 19, 2, 18], [3, 10, 4, 11], [5, 14, 6, 15], [7, 16, 8, 17], [9, 24, 10, 1], [11, 21, 12, 20], [13, 6, 14, 7]]"
12a_0982_181,"[[13, 6, 14, 7], [15, 4, 16, 5], [17, 23, 18, 22], [19, 3, 20, 2], [21, 13, 22, 12], [23, 8, 24, 9], [1, 19, 2, 18], [3, 10, 4, 11], [5, 14, 6, 15], [7, 16, 8, 17], [9, 24, 10, 1], [11, 21, 12, 20]]"
12a_0982_182,"[[11, 21, 12, 20], [13, 6, 14, 7], [15, 4, 16, 5], [17, 23, 18, 22], [19, 3, 20, 2], [21, 13, 22, 12], [23, 8, 24, 9], [1, 19, 2, 18], [3, 10, 4, 11], [5, 14, 6, 15], [7, 16, 8, 17], [9, 24, 10, 1]]"
12a_0982_183,"[[9, 24, 10, 1], [11, 21, 12, 20], [13, 6, 14, 7], [15, 4, 16, 5], [17, 23, 18, 22], [19, 3, 20, 2], [21, 13, 22, 12], [23, 8, 24, 9], [1, 19, 2, 18], [3, 10, 4, 11], [5, 14, 6, 15], [7, 16, 8, 17]]"
12a_0982_184,"[[7, 16, 8, 17], [9, 24, 10, 1], [11, 21, 12, 20], [13, 6, 14, 7], [15, 4, 16, 5], [17, 23, 18, 22], [19, 3, 20, 2], [21, 13, 22, 12], [23, 8, 24, 9], [1, 19, 2, 18], [3, 10, 4, 11], [5, 14, 6, 15]]"
12a_0982_185,"[[5, 14, 6, 15], [7, 16, 8, 17], [9, 24, 10, 1], [11, 21, 12, 20], [13, 6, 14, 7], [15, 4, 16, 5], [17, 23, 18, 22], [19, 3, 20, 2], [21, 13, 22, 12], [23, 8, 24, 9], [1, 19, 2, 18], [3, 10, 4, 11]]"
