name,pd_notation
12a_0349_0,"[[24, 15, 1, 16], [2, 6, 3, 5], [4, 11, 5, 12], [6, 17, 7, 18], [8, 14, 9, 13], [10, 21, 11, 22], [12, 3, 13, 4], [14, 19, 15, 20], [16, 1, 17, 2], [18, 7, 19, 8], [20, 24, 21, 23], [22, 9, 23, 10]]"
12a_0349_1,"[[22, 9, 23, 10], [24, 15, 1, 16], [2, 6, 3, 5], [4, 11, 5, 12], [6, 17, 7, 18], [8, 14, 9, 13], [10, 21, 11, 22], [12, 3, 13, 4], [14, 19, 15, 20], [16, 1, 17, 2], [18, 7, 19, 8], [20, 24, 21, 23]]"
12a_0349_2,"[[20, 24, 21, 23], [22, 9, 23, 10], [24, 15, 1, 16], [2, 6, 3, 5], [4, 11, 5, 12], [6, 17, 7, 18], [8, 14, 9, 13], [10, 21, 11, 22], [12, 3, 13, 4], [14, 19, 15, 20], [16, 1, 17, 2], [18, 7, 19, 8]]"
12a_0349_3,"[[18, 7, 19, 8], [20, 24, 21, 23], [22, 9, 23, 10], [24, 15, 1, 16], [2, 6, 3, 5], [4, 11, 5, 12], [6, 17, 7, 18], [8, 14, 9, 13], [10, 21, 11, 22], [12, 3, 13, 4], [14, 19, 15, 20], [16, 1, 17, 2]]"
12a_0349_4,"[[16, 1, 17, 2], [18, 7, 19, 8], [20, 24, 21, 23], [22, 9, 23, 10], [24, 15, 1, 16], [2, 6, 3, 5], [4, 11, 5, 12], [6, 17, 7, 18], [8, 14, 9, 13], [10, 21, 11, 22], [12, 3, 13, 4], [14, 19, 15, 20]]"
12a_0349_5,"[[14, 19, 15, 20], [16, 1, 17, 2], [18, 7, 19, 8], [20, 24, 21, 23], [22, 9, 23, 10], [24, 15, 1, 16], [2, 6, 3, 5], [4, 11, 5, 12], [6, 17, 7, 18], [8, 14, 9, 13], [10, 21, 11, 22], [12, 3, 13, 4]]"
12a_0349_6,"[[12, 3, 13, 4], [14, 19, 15, 20], [16, 1, 17, 2], [18, 7, 19, 8], [20, 24, 21, 23], [22, 9, 23, 10], [24, 15, 1, 16], [2, 6, 3, 5], [4, 11, 5, 12], [6, 17, 7, 18], [8, 14, 9, 13], [10, 21, 11, 22]]"
12a_0349_7,"[[10, 21, 11, 22], [12, 3, 13, 4], [14, 19, 15, 20], [16, 1, 17, 2], [18, 7, 19, 8], [20, 24, 21, 23], [22, 9, 23, 10], [24, 15, 1, 16], [2, 6, 3, 5], [4, 11, 5, 12], [6, 17, 7, 18], [8, 14, 9, 13]]"
12a_0349_8,"[[8, 14, 9, 13], [10, 21, 11, 22], [12, 3, 13, 4], [14, 19, 15, 20], [16, 1, 17, 2], [18, 7, 19, 8], [20, 24, 21, 23], [22, 9, 23, 10], [24, 15, 1, 16], [2, 6, 3, 5], [4, 11, 5, 12], [6, 17, 7, 18]]"
12a_0349_9,"[[6, 17, 7, 18], [8, 14, 9, 13], [10, 21, 11, 22], [12, 3, 13, 4], [14, 19, 15, 20], [16, 1, 17, 2], [18, 7, 19, 8], [20, 24, 21, 23], [22, 9, 23, 10], [24, 15, 1, 16], [2, 6, 3, 5], [4, 11, 5, 12]]"
12a_0349_10,"[[4, 11, 5, 12], [6, 17, 7, 18], [8, 14, 9, 13], [10, 21, 11, 22], [12, 3, 13, 4], [14, 19, 15, 20], [16, 1, 17, 2], [18, 7, 19, 8], [20, 24, 21, 23], [22, 9, 23, 10], [24, 15, 1, 16], [2, 6, 3, 5]]"
12a_0349_11,"[[2, 6, 3, 5], [4, 11, 5, 12], [6, 17, 7, 18], [8, 14, 9, 13], [10, 21, 11, 22], [12, 3, 13, 4], [14, 19, 15, 20], [16, 1, 17, 2], [18, 7, 19, 8], [20, 24, 21, 23], [22, 9, 23, 10], [24, 15, 1, 16]]"
12a_0349_12,"[[1, 16, 2, 17], [3, 7, 4, 6], [5, 12, 6, 13], [7, 18, 8, 19], [9, 15, 10, 14], [11, 22, 12, 23], [13, 4, 14, 5], [15, 20, 16, 21], [17, 2, 18, 3], [19, 8, 20, 9], [21, 1, 22, 24], [23, 10, 24, 11]]"
12a_0349_13,"[[23, 10, 24, 11], [1, 16, 2, 17], [3, 7, 4, 6], [5, 12, 6, 13], [7, 18, 8, 19], [9, 15, 10, 14], [11, 22, 12, 23], [13, 4, 14, 5], [15, 20, 16, 21], [17, 2, 18, 3], [19, 8, 20, 9], [21, 1, 22, 24]]"
12a_0349_14,"[[21, 1, 22, 24], [23, 10, 24, 11], [1, 16, 2, 17], [3, 7, 4, 6], [5, 12, 6, 13], [7, 18, 8, 19], [9, 15, 10, 14], [11, 22, 12, 23], [13, 4, 14, 5], [15, 20, 16, 21], [17, 2, 18, 3], [19, 8, 20, 9]]"
12a_0349_15,"[[19, 8, 20, 9], [21, 1, 22, 24], [23, 10, 24, 11], [1, 16, 2, 17], [3, 7, 4, 6], [5, 12, 6, 13], [7, 18, 8, 19], [9, 15, 10, 14], [11, 22, 12, 23], [13, 4, 14, 5], [15, 20, 16, 21], [17, 2, 18, 3]]"
12a_0349_16,"[[17, 2, 18, 3], [19, 8, 20, 9], [21, 1, 22, 24], [23, 10, 24, 11], [1, 16, 2, 17], [3, 7, 4, 6], [5, 12, 6, 13], [7, 18, 8, 19], [9, 15, 10, 14], [11, 22, 12, 23], [13, 4, 14, 5], [15, 20, 16, 21]]"
12a_0349_17,"[[15, 20, 16, 21], [17, 2, 18, 3], [19, 8, 20, 9], [21, 1, 22, 24], [23, 10, 24, 11], [1, 16, 2, 17], [3, 7, 4, 6], [5, 12, 6, 13], [7, 18, 8, 19], [9, 15, 10, 14], [11, 22, 12, 23], [13, 4, 14, 5]]"
12a_0349_18,"[[13, 4, 14, 5], [15, 20, 16, 21], [17, 2, 18, 3], [19, 8, 20, 9], [21, 1, 22, 24], [23, 10, 24, 11], [1, 16, 2, 17], [3, 7, 4, 6], [5, 12, 6, 13], [7, 18, 8, 19], [9, 15, 10, 14], [11, 22, 12, 23]]"
12a_0349_19,"[[11, 22, 12, 23], [13, 4, 14, 5], [15, 20, 16, 21], [17, 2, 18, 3], [19, 8, 20, 9], [21, 1, 22, 24], [23, 10, 24, 11], [1, 16, 2, 17], [3, 7, 4, 6], [5, 12, 6, 13], [7, 18, 8, 19], [9, 15, 10, 14]]"
12a_0349_20,"[[9, 15, 10, 14], [11, 22, 12, 23], [13, 4, 14, 5], [15, 20, 16, 21], [17, 2, 18, 3], [19, 8, 20, 9], [21, 1, 22, 24], [23, 10, 24, 11], [1, 16, 2, 17], [3, 7, 4, 6], [5, 12, 6, 13], [7, 18, 8, 19]]"
12a_0349_21,"[[7, 18, 8, 19], [9, 15, 10, 14], [11, 22, 12, 23], [13, 4, 14, 5], [15, 20, 16, 21], [17, 2, 18, 3], [19, 8, 20, 9], [21, 1, 22, 24], [23, 10, 24, 11], [1, 16, 2, 17], [3, 7, 4, 6], [5, 12, 6, 13]]"
12a_0349_22,"[[5, 12, 6, 13], [7, 18, 8, 19], [9, 15, 10, 14], [11, 22, 12, 23], [13, 4, 14, 5], [15, 20, 16, 21], [17, 2, 18, 3], [19, 8, 20, 9], [21, 1, 22, 24], [23, 10, 24, 11], [1, 16, 2, 17], [3, 7, 4, 6]]"
12a_0349_23,"[[3, 7, 4, 6], [5, 12, 6, 13], [7, 18, 8, 19], [9, 15, 10, 14], [11, 22, 12, 23], [13, 4, 14, 5], [15, 20, 16, 21], [17, 2, 18, 3], [19, 8, 20, 9], [21, 1, 22, 24], [23, 10, 24, 11], [1, 16, 2, 17]]"
12a_0349_24,"[[2, 17, 3, 18], [4, 8, 5, 7], [6, 13, 7, 14], [8, 19, 9, 20], [10, 16, 11, 15], [12, 23, 13, 24], [14, 5, 15, 6], [16, 21, 17, 22], [18, 3, 19, 4], [20, 9, 21, 10], [22, 2, 23, 1], [24, 11, 1, 12]]"
12a_0349_25,"[[24, 11, 1, 12], [2, 17, 3, 18], [4, 8, 5, 7], [6, 13, 7, 14], [8, 19, 9, 20], [10, 16, 11, 15], [12, 23, 13, 24], [14, 5, 15, 6], [16, 21, 17, 22], [18, 3, 19, 4], [20, 9, 21, 10], [22, 2, 23, 1]]"
12a_0349_26,"[[22, 2, 23, 1], [24, 11, 1, 12], [2, 17, 3, 18], [4, 8, 5, 7], [6, 13, 7, 14], [8, 19, 9, 20], [10, 16, 11, 15], [12, 23, 13, 24], [14, 5, 15, 6], [16, 21, 17, 22], [18, 3, 19, 4], [20, 9, 21, 10]]"
12a_0349_27,"[[20, 9, 21, 10], [22, 2, 23, 1], [24, 11, 1, 12], [2, 17, 3, 18], [4, 8, 5, 7], [6, 13, 7, 14], [8, 19, 9, 20], [10, 16, 11, 15], [12, 23, 13, 24], [14, 5, 15, 6], [16, 21, 17, 22], [18, 3, 19, 4]]"
12a_0349_28,"[[18, 3, 19, 4], [20, 9, 21, 10], [22, 2, 23, 1], [24, 11, 1, 12], [2, 17, 3, 18], [4, 8, 5, 7], [6, 13, 7, 14], [8, 19, 9, 20], [10, 16, 11, 15], [12, 23, 13, 24], [14, 5, 15, 6], [16, 21, 17, 22]]"
12a_0349_29,"[[16, 21, 17, 22], [18, 3, 19, 4], [20, 9, 21, 10], [22, 2, 23, 1], [24, 11, 1, 12], [2, 17, 3, 18], [4, 8, 5, 7], [6, 13, 7, 14], [8, 19, 9, 20], [10, 16, 11, 15], [12, 23, 13, 24], [14, 5, 15, 6]]"
12a_0349_30,"[[14, 5, 15, 6], [16, 21, 17, 22], [18, 3, 19, 4], [20, 9, 21, 10], [22, 2, 23, 1], [24, 11, 1, 12], [2, 17, 3, 18], [4, 8, 5, 7], [6, 13, 7, 14], [8, 19, 9, 20], [10, 16, 11, 15], [12, 23, 13, 24]]"
12a_0349_31,"[[12, 23, 13, 24], [14, 5, 15, 6], [16, 21, 17, 22], [18, 3, 19, 4], [20, 9, 21, 10], [22, 2, 23, 1], [24, 11, 1, 12], [2, 17, 3, 18], [4, 8, 5, 7], [6, 13, 7, 14], [8, 19, 9, 20], [10, 16, 11, 15]]"
12a_0349_32,"[[10, 16, 11, 15], [12, 23, 13, 24], [14, 5, 15, 6], [16, 21, 17, 22], [18, 3, 19, 4], [20, 9, 21, 10], [22, 2, 23, 1], [24, 11, 1, 12], [2, 17, 3, 18], [4, 8, 5, 7], [6, 13, 7, 14], [8, 19, 9, 20]]"
12a_0349_33,"[[8, 19, 9, 20], [10, 16, 11, 15], [12, 23, 13, 24], [14, 5, 15, 6], [16, 21, 17, 22], [18, 3, 19, 4], [20, 9, 21, 10], [22, 2, 23, 1], [24, 11, 1, 12], [2, 17, 3, 18], [4, 8, 5, 7], [6, 13, 7, 14]]"
12a_0349_34,"[[6, 13, 7, 14], [8, 19, 9, 20], [10, 16, 11, 15], [12, 23, 13, 24], [14, 5, 15, 6], [16, 21, 17, 22], [18, 3, 19, 4], [20, 9, 21, 10], [22, 2, 23, 1], [24, 11, 1, 12], [2, 17, 3, 18], [4, 8, 5, 7]]"
12a_0349_35,"[[4, 8, 5, 7], [6, 13, 7, 14], [8, 19, 9, 20], [10, 16, 11, 15], [12, 23, 13, 24], [14, 5, 15, 6], [16, 21, 17, 22], [18, 3, 19, 4], [20, 9, 21, 10], [22, 2, 23, 1], [24, 11, 1, 12], [2, 17, 3, 18]]"
12a_0349_36,"[[3, 18, 4, 19], [5, 9, 6, 8], [7, 14, 8, 15], [9, 20, 10, 21], [11, 17, 12, 16], [13, 24, 14, 1], [15, 6, 16, 7], [17, 22, 18, 23], [19, 4, 20, 5], [21, 10, 22, 11], [23, 3, 24, 2], [1, 12, 2, 13]]"
12a_0349_37,"[[1, 12, 2, 13], [3, 18, 4, 19], [5, 9, 6, 8], [7, 14, 8, 15], [9, 20, 10, 21], [11, 17, 12, 16], [13, 24, 14, 1], [15, 6, 16, 7], [17, 22, 18, 23], [19, 4, 20, 5], [21, 10, 22, 11], [23, 3, 24, 2]]"
12a_0349_38,"[[23, 3, 24, 2], [1, 12, 2, 13], [3, 18, 4, 19], [5, 9, 6, 8], [7, 14, 8, 15], [9, 20, 10, 21], [11, 17, 12, 16], [13, 24, 14, 1], [15, 6, 16, 7], [17, 22, 18, 23], [19, 4, 20, 5], [21, 10, 22, 11]]"
12a_0349_39,"[[21, 10, 22, 11], [23, 3, 24, 2], [1, 12, 2, 13], [3, 18, 4, 19], [5, 9, 6, 8], [7, 14, 8, 15], [9, 20, 10, 21], [11, 17, 12, 16], [13, 24, 14, 1], [15, 6, 16, 7], [17, 22, 18, 23], [19, 4, 20, 5]]"
12a_0349_40,"[[19, 4, 20, 5], [21, 10, 22, 11], [23, 3, 24, 2], [1, 12, 2, 13], [3, 18, 4, 19], [5, 9, 6, 8], [7, 14, 8, 15], [9, 20, 10, 21], [11, 17, 12, 16], [13, 24, 14, 1], [15, 6, 16, 7], [17, 22, 18, 23]]"
12a_0349_41,"[[17, 22, 18, 23], [19, 4, 20, 5], [21, 10, 22, 11], [23, 3, 24, 2], [1, 12, 2, 13], [3, 18, 4, 19], [5, 9, 6, 8], [7, 14, 8, 15], [9, 20, 10, 21], [11, 17, 12, 16], [13, 24, 14, 1], [15, 6, 16, 7]]"
12a_0349_42,"[[15, 6, 16, 7], [17, 22, 18, 23], [19, 4, 20, 5], [21, 10, 22, 11], [23, 3, 24, 2], [1, 12, 2, 13], [3, 18, 4, 19], [5, 9, 6, 8], [7, 14, 8, 15], [9, 20, 10, 21], [11, 17, 12, 16], [13, 24, 14, 1]]"
12a_0349_43,"[[13, 24, 14, 1], [15, 6, 16, 7], [17, 22, 18, 23], [19, 4, 20, 5], [21, 10, 22, 11], [23, 3, 24, 2], [1, 12, 2, 13], [3, 18, 4, 19], [5, 9, 6, 8], [7, 14, 8, 15], [9, 20, 10, 21], [11, 17, 12, 16]]"
12a_0349_44,"[[11, 17, 12, 16], [13, 24, 14, 1], [15, 6, 16, 7], [17, 22, 18, 23], [19, 4, 20, 5], [21, 10, 22, 11], [23, 3, 24, 2], [1, 12, 2, 13], [3, 18, 4, 19], [5, 9, 6, 8], [7, 14, 8, 15], [9, 20, 10, 21]]"
12a_0349_45,"[[9, 20, 10, 21], [11, 17, 12, 16], [13, 24, 14, 1], [15, 6, 16, 7], [17, 22, 18, 23], [19, 4, 20, 5], [21, 10, 22, 11], [23, 3, 24, 2], [1, 12, 2, 13], [3, 18, 4, 19], [5, 9, 6, 8], [7, 14, 8, 15]]"
12a_0349_46,"[[7, 14, 8, 15], [9, 20, 10, 21], [11, 17, 12, 16], [13, 24, 14, 1], [15, 6, 16, 7], [17, 22, 18, 23], [19, 4, 20, 5], [21, 10, 22, 11], [23, 3, 24, 2], [1, 12, 2, 13], [3, 18, 4, 19], [5, 9, 6, 8]]"
12a_0349_47,"[[5, 9, 6, 8], [7, 14, 8, 15], [9, 20, 10, 21], [11, 17, 12, 16], [13, 24, 14, 1], [15, 6, 16, 7], [17, 22, 18, 23], [19, 4, 20, 5], [21, 10, 22, 11], [23, 3, 24, 2], [1, 12, 2, 13], [3, 18, 4, 19]]"
12a_0349_48,"[[4, 19, 5, 20], [6, 10, 7, 9], [8, 15, 9, 16], [10, 21, 11, 22], [12, 18, 13, 17], [14, 1, 15, 2], [16, 7, 17, 8], [18, 23, 19, 24], [20, 5, 21, 6], [22, 11, 23, 12], [24, 4, 1, 3], [2, 13, 3, 14]]"
12a_0349_49,"[[2, 13, 3, 14], [4, 19, 5, 20], [6, 10, 7, 9], [8, 15, 9, 16], [10, 21, 11, 22], [12, 18, 13, 17], [14, 1, 15, 2], [16, 7, 17, 8], [18, 23, 19, 24], [20, 5, 21, 6], [22, 11, 23, 12], [24, 4, 1, 3]]"
12a_0349_50,"[[24, 4, 1, 3], [2, 13, 3, 14], [4, 19, 5, 20], [6, 10, 7, 9], [8, 15, 9, 16], [10, 21, 11, 22], [12, 18, 13, 17], [14, 1, 15, 2], [16, 7, 17, 8], [18, 23, 19, 24], [20, 5, 21, 6], [22, 11, 23, 12]]"
12a_0349_51,"[[22, 11, 23, 12], [24, 4, 1, 3], [2, 13, 3, 14], [4, 19, 5, 20], [6, 10, 7, 9], [8, 15, 9, 16], [10, 21, 11, 22], [12, 18, 13, 17], [14, 1, 15, 2], [16, 7, 17, 8], [18, 23, 19, 24], [20, 5, 21, 6]]"
12a_0349_52,"[[20, 5, 21, 6], [22, 11, 23, 12], [24, 4, 1, 3], [2, 13, 3, 14], [4, 19, 5, 20], [6, 10, 7, 9], [8, 15, 9, 16], [10, 21, 11, 22], [12, 18, 13, 17], [14, 1, 15, 2], [16, 7, 17, 8], [18, 23, 19, 24]]"
12a_0349_53,"[[18, 23, 19, 24], [20, 5, 21, 6], [22, 11, 23, 12], [24, 4, 1, 3], [2, 13, 3, 14], [4, 19, 5, 20], [6, 10, 7, 9], [8, 15, 9, 16], [10, 21, 11, 22], [12, 18, 13, 17], [14, 1, 15, 2], [16, 7, 17, 8]]"
12a_0349_54,"[[16, 7, 17, 8], [18, 23, 19, 24], [20, 5, 21, 6], [22, 11, 23, 12], [24, 4, 1, 3], [2, 13, 3, 14], [4, 19, 5, 20], [6, 10, 7, 9], [8, 15, 9, 16], [10, 21, 11, 22], [12, 18, 13, 17], [14, 1, 15, 2]]"
12a_0349_55,"[[14, 1, 15, 2], [16, 7, 17, 8], [18, 23, 19, 24], [20, 5, 21, 6], [22, 11, 23, 12], [24, 4, 1, 3], [2, 13, 3, 14], [4, 19, 5, 20], [6, 10, 7, 9], [8, 15, 9, 16], [10, 21, 11, 22], [12, 18, 13, 17]]"
12a_0349_56,"[[12, 18, 13, 17], [14, 1, 15, 2], [16, 7, 17, 8], [18, 23, 19, 24], [20, 5, 21, 6], [22, 11, 23, 12], [24, 4, 1, 3], [2, 13, 3, 14], [4, 19, 5, 20], [6, 10, 7, 9], [8, 15, 9, 16], [10, 21, 11, 22]]"
12a_0349_57,"[[10, 21, 11, 22], [12, 18, 13, 17], [14, 1, 15, 2], [16, 7, 17, 8], [18, 23, 19, 24], [20, 5, 21, 6], [22, 11, 23, 12], [24, 4, 1, 3], [2, 13, 3, 14], [4, 19, 5, 20], [6, 10, 7, 9], [8, 15, 9, 16]]"
12a_0349_58,"[[8, 15, 9, 16], [10, 21, 11, 22], [12, 18, 13, 17], [14, 1, 15, 2], [16, 7, 17, 8], [18, 23, 19, 24], [20, 5, 21, 6], [22, 11, 23, 12], [24, 4, 1, 3], [2, 13, 3, 14], [4, 19, 5, 20], [6, 10, 7, 9]]"
12a_0349_59,"[[6, 10, 7, 9], [8, 15, 9, 16], [10, 21, 11, 22], [12, 18, 13, 17], [14, 1, 15, 2], [16, 7, 17, 8], [18, 23, 19, 24], [20, 5, 21, 6], [22, 11, 23, 12], [24, 4, 1, 3], [2, 13, 3, 14], [4, 19, 5, 20]]"
12a_0349_60,"[[5, 20, 6, 21], [7, 11, 8, 10], [9, 16, 10, 17], [11, 22, 12, 23], [13, 19, 14, 18], [15, 2, 16, 3], [17, 8, 18, 9], [19, 24, 20, 1], [21, 6, 22, 7], [23, 12, 24, 13], [1, 5, 2, 4], [3, 14, 4, 15]]"
12a_0349_61,"[[3, 14, 4, 15], [5, 20, 6, 21], [7, 11, 8, 10], [9, 16, 10, 17], [11, 22, 12, 23], [13, 19, 14, 18], [15, 2, 16, 3], [17, 8, 18, 9], [19, 24, 20, 1], [21, 6, 22, 7], [23, 12, 24, 13], [1, 5, 2, 4]]"
12a_0349_62,"[[1, 5, 2, 4], [3, 14, 4, 15], [5, 20, 6, 21], [7, 11, 8, 10], [9, 16, 10, 17], [11, 22, 12, 23], [13, 19, 14, 18], [15, 2, 16, 3], [17, 8, 18, 9], [19, 24, 20, 1], [21, 6, 22, 7], [23, 12, 24, 13]]"
12a_0349_63,"[[23, 12, 24, 13], [1, 5, 2, 4], [3, 14, 4, 15], [5, 20, 6, 21], [7, 11, 8, 10], [9, 16, 10, 17], [11, 22, 12, 23], [13, 19, 14, 18], [15, 2, 16, 3], [17, 8, 18, 9], [19, 24, 20, 1], [21, 6, 22, 7]]"
12a_0349_64,"[[21, 6, 22, 7], [23, 12, 24, 13], [1, 5, 2, 4], [3, 14, 4, 15], [5, 20, 6, 21], [7, 11, 8, 10], [9, 16, 10, 17], [11, 22, 12, 23], [13, 19, 14, 18], [15, 2, 16, 3], [17, 8, 18, 9], [19, 24, 20, 1]]"
12a_0349_65,"[[19, 24, 20, 1], [21, 6, 22, 7], [23, 12, 24, 13], [1, 5, 2, 4], [3, 14, 4, 15], [5, 20, 6, 21], [7, 11, 8, 10], [9, 16, 10, 17], [11, 22, 12, 23], [13, 19, 14, 18], [15, 2, 16, 3], [17, 8, 18, 9]]"
12a_0349_66,"[[17, 8, 18, 9], [19, 24, 20, 1], [21, 6, 22, 7], [23, 12, 24, 13], [1, 5, 2, 4], [3, 14, 4, 15], [5, 20, 6, 21], [7, 11, 8, 10], [9, 16, 10, 17], [11, 22, 12, 23], [13, 19, 14, 18], [15, 2, 16, 3]]"
12a_0349_67,"[[15, 2, 16, 3], [17, 8, 18, 9], [19, 24, 20, 1], [21, 6, 22, 7], [23, 12, 24, 13], [1, 5, 2, 4], [3, 14, 4, 15], [5, 20, 6, 21], [7, 11, 8, 10], [9, 16, 10, 17], [11, 22, 12, 23], [13, 19, 14, 18]]"
12a_0349_68,"[[13, 19, 14, 18], [15, 2, 16, 3], [17, 8, 18, 9], [19, 24, 20, 1], [21, 6, 22, 7], [23, 12, 24, 13], [1, 5, 2, 4], [3, 14, 4, 15], [5, 20, 6, 21], [7, 11, 8, 10], [9, 16, 10, 17], [11, 22, 12, 23]]"
12a_0349_69,"[[11, 22, 12, 23], [13, 19, 14, 18], [15, 2, 16, 3], [17, 8, 18, 9], [19, 24, 20, 1], [21, 6, 22, 7], [23, 12, 24, 13], [1, 5, 2, 4], [3, 14, 4, 15], [5, 20, 6, 21], [7, 11, 8, 10], [9, 16, 10, 17]]"
12a_0349_70,"[[9, 16, 10, 17], [11, 22, 12, 23], [13, 19, 14, 18], [15, 2, 16, 3], [17, 8, 18, 9], [19, 24, 20, 1], [21, 6, 22, 7], [23, 12, 24, 13], [1, 5, 2, 4], [3, 14, 4, 15], [5, 20, 6, 21], [7, 11, 8, 10]]"
12a_0349_71,"[[7, 11, 8, 10], [9, 16, 10, 17], [11, 22, 12, 23], [13, 19, 14, 18], [15, 2, 16, 3], [17, 8, 18, 9], [19, 24, 20, 1], [21, 6, 22, 7], [23, 12, 24, 13], [1, 5, 2, 4], [3, 14, 4, 15], [5, 20, 6, 21]]"
12a_0349_72,"[[6, 21, 7, 22], [8, 12, 9, 11], [10, 17, 11, 18], [12, 23, 13, 24], [14, 20, 15, 19], [16, 3, 17, 4], [18, 9, 19, 10], [20, 1, 21, 2], [22, 7, 23, 8], [24, 13, 1, 14], [2, 6, 3, 5], [4, 15, 5, 16]]"
12a_0349_73,"[[4, 15, 5, 16], [6, 21, 7, 22], [8, 12, 9, 11], [10, 17, 11, 18], [12, 23, 13, 24], [14, 20, 15, 19], [16, 3, 17, 4], [18, 9, 19, 10], [20, 1, 21, 2], [22, 7, 23, 8], [24, 13, 1, 14], [2, 6, 3, 5]]"
12a_0349_74,"[[2, 6, 3, 5], [4, 15, 5, 16], [6, 21, 7, 22], [8, 12, 9, 11], [10, 17, 11, 18], [12, 23, 13, 24], [14, 20, 15, 19], [16, 3, 17, 4], [18, 9, 19, 10], [20, 1, 21, 2], [22, 7, 23, 8], [24, 13, 1, 14]]"
12a_0349_75,"[[24, 13, 1, 14], [2, 6, 3, 5], [4, 15, 5, 16], [6, 21, 7, 22], [8, 12, 9, 11], [10, 17, 11, 18], [12, 23, 13, 24], [14, 20, 15, 19], [16, 3, 17, 4], [18, 9, 19, 10], [20, 1, 21, 2], [22, 7, 23, 8]]"
12a_0349_76,"[[22, 7, 23, 8], [24, 13, 1, 14], [2, 6, 3, 5], [4, 15, 5, 16], [6, 21, 7, 22], [8, 12, 9, 11], [10, 17, 11, 18], [12, 23, 13, 24], [14, 20, 15, 19], [16, 3, 17, 4], [18, 9, 19, 10], [20, 1, 21, 2]]"
12a_0349_77,"[[20, 1, 21, 2], [22, 7, 23, 8], [24, 13, 1, 14], [2, 6, 3, 5], [4, 15, 5, 16], [6, 21, 7, 22], [8, 12, 9, 11], [10, 17, 11, 18], [12, 23, 13, 24], [14, 20, 15, 19], [16, 3, 17, 4], [18, 9, 19, 10]]"
12a_0349_78,"[[18, 9, 19, 10], [20, 1, 21, 2], [22, 7, 23, 8], [24, 13, 1, 14], [2, 6, 3, 5], [4, 15, 5, 16], [6, 21, 7, 22], [8, 12, 9, 11], [10, 17, 11, 18], [12, 23, 13, 24], [14, 20, 15, 19], [16, 3, 17, 4]]"
12a_0349_79,"[[16, 3, 17, 4], [18, 9, 19, 10], [20, 1, 21, 2], [22, 7, 23, 8], [24, 13, 1, 14], [2, 6, 3, 5], [4, 15, 5, 16], [6, 21, 7, 22], [8, 12, 9, 11], [10, 17, 11, 18], [12, 23, 13, 24], [14, 20, 15, 19]]"
12a_0349_80,"[[14, 20, 15, 19], [16, 3, 17, 4], [18, 9, 19, 10], [20, 1, 21, 2], [22, 7, 23, 8], [24, 13, 1, 14], [2, 6, 3, 5], [4, 15, 5, 16], [6, 21, 7, 22], [8, 12, 9, 11], [10, 17, 11, 18], [12, 23, 13, 24]]"
12a_0349_81,"[[12, 23, 13, 24], [14, 20, 15, 19], [16, 3, 17, 4], [18, 9, 19, 10], [20, 1, 21, 2], [22, 7, 23, 8], [24, 13, 1, 14], [2, 6, 3, 5], [4, 15, 5, 16], [6, 21, 7, 22], [8, 12, 9, 11], [10, 17, 11, 18]]"
12a_0349_82,"[[10, 17, 11, 18], [12, 23, 13, 24], [14, 20, 15, 19], [16, 3, 17, 4], [18, 9, 19, 10], [20, 1, 21, 2], [22, 7, 23, 8], [24, 13, 1, 14], [2, 6, 3, 5], [4, 15, 5, 16], [6, 21, 7, 22], [8, 12, 9, 11]]"
12a_0349_83,"[[8, 12, 9, 11], [10, 17, 11, 18], [12, 23, 13, 24], [14, 20, 15, 19], [16, 3, 17, 4], [18, 9, 19, 10], [20, 1, 21, 2], [22, 7, 23, 8], [24, 13, 1, 14], [2, 6, 3, 5], [4, 15, 5, 16], [6, 21, 7, 22]]"
12a_0349_84,"[[7, 22, 8, 23], [9, 13, 10, 12], [11, 18, 12, 19], [13, 24, 14, 1], [15, 21, 16, 20], [17, 4, 18, 5], [19, 10, 20, 11], [21, 2, 22, 3], [23, 8, 24, 9], [1, 14, 2, 15], [3, 7, 4, 6], [5, 16, 6, 17]]"
12a_0349_85,"[[5, 16, 6, 17], [7, 22, 8, 23], [9, 13, 10, 12], [11, 18, 12, 19], [13, 24, 14, 1], [15, 21, 16, 20], [17, 4, 18, 5], [19, 10, 20, 11], [21, 2, 22, 3], [23, 8, 24, 9], [1, 14, 2, 15], [3, 7, 4, 6]]"
12a_0349_86,"[[3, 7, 4, 6], [5, 16, 6, 17], [7, 22, 8, 23], [9, 13, 10, 12], [11, 18, 12, 19], [13, 24, 14, 1], [15, 21, 16, 20], [17, 4, 18, 5], [19, 10, 20, 11], [21, 2, 22, 3], [23, 8, 24, 9], [1, 14, 2, 15]]"
12a_0349_87,"[[1, 14, 2, 15], [3, 7, 4, 6], [5, 16, 6, 17], [7, 22, 8, 23], [9, 13, 10, 12], [11, 18, 12, 19], [13, 24, 14, 1], [15, 21, 16, 20], [17, 4, 18, 5], [19, 10, 20, 11], [21, 2, 22, 3], [23, 8, 24, 9]]"
12a_0349_88,"[[23, 8, 24, 9], [1, 14, 2, 15], [3, 7, 4, 6], [5, 16, 6, 17], [7, 22, 8, 23], [9, 13, 10, 12], [11, 18, 12, 19], [13, 24, 14, 1], [15, 21, 16, 20], [17, 4, 18, 5], [19, 10, 20, 11], [21, 2, 22, 3]]"
12a_0349_89,"[[21, 2, 22, 3], [23, 8, 24, 9], [1, 14, 2, 15], [3, 7, 4, 6], [5, 16, 6, 17], [7, 22, 8, 23], [9, 13, 10, 12], [11, 18, 12, 19], [13, 24, 14, 1], [15, 21, 16, 20], [17, 4, 18, 5], [19, 10, 20, 11]]"
12a_0349_90,"[[19, 10, 20, 11], [21, 2, 22, 3], [23, 8, 24, 9], [1, 14, 2, 15], [3, 7, 4, 6], [5, 16, 6, 17], [7, 22, 8, 23], [9, 13, 10, 12], [11, 18, 12, 19], [13, 24, 14, 1], [15, 21, 16, 20], [17, 4, 18, 5]]"
12a_0349_91,"[[17, 4, 18, 5], [19, 10, 20, 11], [21, 2, 22, 3], [23, 8, 24, 9], [1, 14, 2, 15], [3, 7, 4, 6], [5, 16, 6, 17], [7, 22, 8, 23], [9, 13, 10, 12], [11, 18, 12, 19], [13, 24, 14, 1], [15, 21, 16, 20]]"
12a_0349_92,"[[15, 21, 16, 20], [17, 4, 18, 5], [19, 10, 20, 11], [21, 2, 22, 3], [23, 8, 24, 9], [1, 14, 2, 15], [3, 7, 4, 6], [5, 16, 6, 17], [7, 22, 8, 23], [9, 13, 10, 12], [11, 18, 12, 19], [13, 24, 14, 1]]"
12a_0349_93,"[[13, 24, 14, 1], [15, 21, 16, 20], [17, 4, 18, 5], [19, 10, 20, 11], [21, 2, 22, 3], [23, 8, 24, 9], [1, 14, 2, 15], [3, 7, 4, 6], [5, 16, 6, 17], [7, 22, 8, 23], [9, 13, 10, 12], [11, 18, 12, 19]]"
12a_0349_94,"[[11, 18, 12, 19], [13, 24, 14, 1], [15, 21, 16, 20], [17, 4, 18, 5], [19, 10, 20, 11], [21, 2, 22, 3], [23, 8, 24, 9], [1, 14, 2, 15], [3, 7, 4, 6], [5, 16, 6, 17], [7, 22, 8, 23], [9, 13, 10, 12]]"
12a_0349_95,"[[9, 13, 10, 12], [11, 18, 12, 19], [13, 24, 14, 1], [15, 21, 16, 20], [17, 4, 18, 5], [19, 10, 20, 11], [21, 2, 22, 3], [23, 8, 24, 9], [1, 14, 2, 15], [3, 7, 4, 6], [5, 16, 6, 17], [7, 22, 8, 23]]"
12a_0349_96,"[[8, 23, 9, 24], [10, 14, 11, 13], [12, 19, 13, 20], [14, 1, 15, 2], [16, 22, 17, 21], [18, 5, 19, 6], [20, 11, 21, 12], [22, 3, 23, 4], [24, 9, 1, 10], [2, 15, 3, 16], [4, 8, 5, 7], [6, 17, 7, 18]]"
12a_0349_97,"[[6, 17, 7, 18], [8, 23, 9, 24], [10, 14, 11, 13], [12, 19, 13, 20], [14, 1, 15, 2], [16, 22, 17, 21], [18, 5, 19, 6], [20, 11, 21, 12], [22, 3, 23, 4], [24, 9, 1, 10], [2, 15, 3, 16], [4, 8, 5, 7]]"
12a_0349_98,"[[4, 8, 5, 7], [6, 17, 7, 18], [8, 23, 9, 24], [10, 14, 11, 13], [12, 19, 13, 20], [14, 1, 15, 2], [16, 22, 17, 21], [18, 5, 19, 6], [20, 11, 21, 12], [22, 3, 23, 4], [24, 9, 1, 10], [2, 15, 3, 16]]"
12a_0349_99,"[[2, 15, 3, 16], [4, 8, 5, 7], [6, 17, 7, 18], [8, 23, 9, 24], [10, 14, 11, 13], [12, 19, 13, 20], [14, 1, 15, 2], [16, 22, 17, 21], [18, 5, 19, 6], [20, 11, 21, 12], [22, 3, 23, 4], [24, 9, 1, 10]]"
12a_0349_100,"[[24, 9, 1, 10], [2, 15, 3, 16], [4, 8, 5, 7], [6, 17, 7, 18], [8, 23, 9, 24], [10, 14, 11, 13], [12, 19, 13, 20], [14, 1, 15, 2], [16, 22, 17, 21], [18, 5, 19, 6], [20, 11, 21, 12], [22, 3, 23, 4]]"
12a_0349_101,"[[22, 3, 23, 4], [24, 9, 1, 10], [2, 15, 3, 16], [4, 8, 5, 7], [6, 17, 7, 18], [8, 23, 9, 24], [10, 14, 11, 13], [12, 19, 13, 20], [14, 1, 15, 2], [16, 22, 17, 21], [18, 5, 19, 6], [20, 11, 21, 12]]"
12a_0349_102,"[[20, 11, 21, 12], [22, 3, 23, 4], [24, 9, 1, 10], [2, 15, 3, 16], [4, 8, 5, 7], [6, 17, 7, 18], [8, 23, 9, 24], [10, 14, 11, 13], [12, 19, 13, 20], [14, 1, 15, 2], [16, 22, 17, 21], [18, 5, 19, 6]]"
12a_0349_103,"[[18, 5, 19, 6], [20, 11, 21, 12], [22, 3, 23, 4], [24, 9, 1, 10], [2, 15, 3, 16], [4, 8, 5, 7], [6, 17, 7, 18], [8, 23, 9, 24], [10, 14, 11, 13], [12, 19, 13, 20], [14, 1, 15, 2], [16, 22, 17, 21]]"
12a_0349_104,"[[16, 22, 17, 21], [18, 5, 19, 6], [20, 11, 21, 12], [22, 3, 23, 4], [24, 9, 1, 10], [2, 15, 3, 16], [4, 8, 5, 7], [6, 17, 7, 18], [8, 23, 9, 24], [10, 14, 11, 13], [12, 19, 13, 20], [14, 1, 15, 2]]"
12a_0349_105,"[[14, 1, 15, 2], [16, 22, 17, 21], [18, 5, 19, 6], [20, 11, 21, 12], [22, 3, 23, 4], [24, 9, 1, 10], [2, 15, 3, 16], [4, 8, 5, 7], [6, 17, 7, 18], [8, 23, 9, 24], [10, 14, 11, 13], [12, 19, 13, 20]]"
12a_0349_106,"[[12, 19, 13, 20], [14, 1, 15, 2], [16, 22, 17, 21], [18, 5, 19, 6], [20, 11, 21, 12], [22, 3, 23, 4], [24, 9, 1, 10], [2, 15, 3, 16], [4, 8, 5, 7], [6, 17, 7, 18], [8, 23, 9, 24], [10, 14, 11, 13]]"
12a_0349_107,"[[10, 14, 11, 13], [12, 19, 13, 20], [14, 1, 15, 2], [16, 22, 17, 21], [18, 5, 19, 6], [20, 11, 21, 12], [22, 3, 23, 4], [24, 9, 1, 10], [2, 15, 3, 16], [4, 8, 5, 7], [6, 17, 7, 18], [8, 23, 9, 24]]"
12a_0349_108,"[[9, 24, 10, 1], [11, 15, 12, 14], [13, 20, 14, 21], [15, 2, 16, 3], [17, 23, 18, 22], [19, 6, 20, 7], [21, 12, 22, 13], [23, 4, 24, 5], [1, 10, 2, 11], [3, 16, 4, 17], [5, 9, 6, 8], [7, 18, 8, 19]]"
12a_0349_109,"[[7, 18, 8, 19], [9, 24, 10, 1], [11, 15, 12, 14], [13, 20, 14, 21], [15, 2, 16, 3], [17, 23, 18, 22], [19, 6, 20, 7], [21, 12, 22, 13], [23, 4, 24, 5], [1, 10, 2, 11], [3, 16, 4, 17], [5, 9, 6, 8]]"
12a_0349_110,"[[5, 9, 6, 8], [7, 18, 8, 19], [9, 24, 10, 1], [11, 15, 12, 14], [13, 20, 14, 21], [15, 2, 16, 3], [17, 23, 18, 22], [19, 6, 20, 7], [21, 12, 22, 13], [23, 4, 24, 5], [1, 10, 2, 11], [3, 16, 4, 17]]"
12a_0349_111,"[[3, 16, 4, 17], [5, 9, 6, 8], [7, 18, 8, 19], [9, 24, 10, 1], [11, 15, 12, 14], [13, 20, 14, 21], [15, 2, 16, 3], [17, 23, 18, 22], [19, 6, 20, 7], [21, 12, 22, 13], [23, 4, 24, 5], [1, 10, 2, 11]]"
12a_0349_112,"[[1, 10, 2, 11], [3, 16, 4, 17], [5, 9, 6, 8], [7, 18, 8, 19], [9, 24, 10, 1], [11, 15, 12, 14], [13, 20, 14, 21], [15, 2, 16, 3], [17, 23, 18, 22], [19, 6, 20, 7], [21, 12, 22, 13], [23, 4, 24, 5]]"
12a_0349_113,"[[23, 4, 24, 5], [1, 10, 2, 11], [3, 16, 4, 17], [5, 9, 6, 8], [7, 18, 8, 19], [9, 24, 10, 1], [11, 15, 12, 14], [13, 20, 14, 21], [15, 2, 16, 3], [17, 23, 18, 22], [19, 6, 20, 7], [21, 12, 22, 13]]"
12a_0349_114,"[[21, 12, 22, 13], [23, 4, 24, 5], [1, 10, 2, 11], [3, 16, 4, 17], [5, 9, 6, 8], [7, 18, 8, 19], [9, 24, 10, 1], [11, 15, 12, 14], [13, 20, 14, 21], [15, 2, 16, 3], [17, 23, 18, 22], [19, 6, 20, 7]]"
12a_0349_115,"[[19, 6, 20, 7], [21, 12, 22, 13], [23, 4, 24, 5], [1, 10, 2, 11], [3, 16, 4, 17], [5, 9, 6, 8], [7, 18, 8, 19], [9, 24, 10, 1], [11, 15, 12, 14], [13, 20, 14, 21], [15, 2, 16, 3], [17, 23, 18, 22]]"
12a_0349_116,"[[17, 23, 18, 22], [19, 6, 20, 7], [21, 12, 22, 13], [23, 4, 24, 5], [1, 10, 2, 11], [3, 16, 4, 17], [5, 9, 6, 8], [7, 18, 8, 19], [9, 24, 10, 1], [11, 15, 12, 14], [13, 20, 14, 21], [15, 2, 16, 3]]"
12a_0349_117,"[[15, 2, 16, 3], [17, 23, 18, 22], [19, 6, 20, 7], [21, 12, 22, 13], [23, 4, 24, 5], [1, 10, 2, 11], [3, 16, 4, 17], [5, 9, 6, 8], [7, 18, 8, 19], [9, 24, 10, 1], [11, 15, 12, 14], [13, 20, 14, 21]]"
12a_0349_118,"[[13, 20, 14, 21], [15, 2, 16, 3], [17, 23, 18, 22], [19, 6, 20, 7], [21, 12, 22, 13], [23, 4, 24, 5], [1, 10, 2, 11], [3, 16, 4, 17], [5, 9, 6, 8], [7, 18, 8, 19], [9, 24, 10, 1], [11, 15, 12, 14]]"
12a_0349_119,"[[11, 15, 12, 14], [13, 20, 14, 21], [15, 2, 16, 3], [17, 23, 18, 22], [19, 6, 20, 7], [21, 12, 22, 13], [23, 4, 24, 5], [1, 10, 2, 11], [3, 16, 4, 17], [5, 9, 6, 8], [7, 18, 8, 19], [9, 24, 10, 1]]"
12a_0349_120,"[[10, 1, 11, 2], [12, 16, 13, 15], [14, 21, 15, 22], [16, 3, 17, 4], [18, 24, 19, 23], [20, 7, 21, 8], [22, 13, 23, 14], [24, 5, 1, 6], [2, 11, 3, 12], [4, 17, 5, 18], [6, 10, 7, 9], [8, 19, 9, 20]]"
12a_0349_121,"[[8, 19, 9, 20], [10, 1, 11, 2], [12, 16, 13, 15], [14, 21, 15, 22], [16, 3, 17, 4], [18, 24, 19, 23], [20, 7, 21, 8], [22, 13, 23, 14], [24, 5, 1, 6], [2, 11, 3, 12], [4, 17, 5, 18], [6, 10, 7, 9]]"
12a_0349_122,"[[6, 10, 7, 9], [8, 19, 9, 20], [10, 1, 11, 2], [12, 16, 13, 15], [14, 21, 15, 22], [16, 3, 17, 4], [18, 24, 19, 23], [20, 7, 21, 8], [22, 13, 23, 14], [24, 5, 1, 6], [2, 11, 3, 12], [4, 17, 5, 18]]"
12a_0349_123,"[[4, 17, 5, 18], [6, 10, 7, 9], [8, 19, 9, 20], [10, 1, 11, 2], [12, 16, 13, 15], [14, 21, 15, 22], [16, 3, 17, 4], [18, 24, 19, 23], [20, 7, 21, 8], [22, 13, 23, 14], [24, 5, 1, 6], [2, 11, 3, 12]]"
12a_0349_124,"[[2, 11, 3, 12], [4, 17, 5, 18], [6, 10, 7, 9], [8, 19, 9, 20], [10, 1, 11, 2], [12, 16, 13, 15], [14, 21, 15, 22], [16, 3, 17, 4], [18, 24, 19, 23], [20, 7, 21, 8], [22, 13, 23, 14], [24, 5, 1, 6]]"
12a_0349_125,"[[24, 5, 1, 6], [2, 11, 3, 12], [4, 17, 5, 18], [6, 10, 7, 9], [8, 19, 9, 20], [10, 1, 11, 2], [12, 16, 13, 15], [14, 21, 15, 22], [16, 3, 17, 4], [18, 24, 19, 23], [20, 7, 21, 8], [22, 13, 23, 14]]"
12a_0349_126,"[[22, 13, 23, 14], [24, 5, 1, 6], [2, 11, 3, 12], [4, 17, 5, 18], [6, 10, 7, 9], [8, 19, 9, 20], [10, 1, 11, 2], [12, 16, 13, 15], [14, 21, 15, 22], [16, 3, 17, 4], [18, 24, 19, 23], [20, 7, 21, 8]]"
12a_0349_127,"[[20, 7, 21, 8], [22, 13, 23, 14], [24, 5, 1, 6], [2, 11, 3, 12], [4, 17, 5, 18], [6, 10, 7, 9], [8, 19, 9, 20], [10, 1, 11, 2], [12, 16, 13, 15], [14, 21, 15, 22], [16, 3, 17, 4], [18, 24, 19, 23]]"
12a_0349_128,"[[18, 24, 19, 23], [20, 7, 21, 8], [22, 13, 23, 14], [24, 5, 1, 6], [2, 11, 3, 12], [4, 17, 5, 18], [6, 10, 7, 9], [8, 19, 9, 20], [10, 1, 11, 2], [12, 16, 13, 15], [14, 21, 15, 22], [16, 3, 17, 4]]"
12a_0349_129,"[[16, 3, 17, 4], [18, 24, 19, 23], [20, 7, 21, 8], [22, 13, 23, 14], [24, 5, 1, 6], [2, 11, 3, 12], [4, 17, 5, 18], [6, 10, 7, 9], [8, 19, 9, 20], [10, 1, 11, 2], [12, 16, 13, 15], [14, 21, 15, 22]]"
12a_0349_130,"[[14, 21, 15, 22], [16, 3, 17, 4], [18, 24, 19, 23], [20, 7, 21, 8], [22, 13, 23, 14], [24, 5, 1, 6], [2, 11, 3, 12], [4, 17, 5, 18], [6, 10, 7, 9], [8, 19, 9, 20], [10, 1, 11, 2], [12, 16, 13, 15]]"
12a_0349_131,"[[12, 16, 13, 15], [14, 21, 15, 22], [16, 3, 17, 4], [18, 24, 19, 23], [20, 7, 21, 8], [22, 13, 23, 14], [24, 5, 1, 6], [2, 11, 3, 12], [4, 17, 5, 18], [6, 10, 7, 9], [8, 19, 9, 20], [10, 1, 11, 2]]"
12a_0349_132,"[[11, 2, 12, 3], [13, 17, 14, 16], [15, 22, 16, 23], [17, 4, 18, 5], [19, 1, 20, 24], [21, 8, 22, 9], [23, 14, 24, 15], [1, 6, 2, 7], [3, 12, 4, 13], [5, 18, 6, 19], [7, 11, 8, 10], [9, 20, 10, 21]]"
12a_0349_133,"[[9, 20, 10, 21], [11, 2, 12, 3], [13, 17, 14, 16], [15, 22, 16, 23], [17, 4, 18, 5], [19, 1, 20, 24], [21, 8, 22, 9], [23, 14, 24, 15], [1, 6, 2, 7], [3, 12, 4, 13], [5, 18, 6, 19], [7, 11, 8, 10]]"
12a_0349_134,"[[7, 11, 8, 10], [9, 20, 10, 21], [11, 2, 12, 3], [13, 17, 14, 16], [15, 22, 16, 23], [17, 4, 18, 5], [19, 1, 20, 24], [21, 8, 22, 9], [23, 14, 24, 15], [1, 6, 2, 7], [3, 12, 4, 13], [5, 18, 6, 19]]"
12a_0349_135,"[[5, 18, 6, 19], [7, 11, 8, 10], [9, 20, 10, 21], [11, 2, 12, 3], [13, 17, 14, 16], [15, 22, 16, 23], [17, 4, 18, 5], [19, 1, 20, 24], [21, 8, 22, 9], [23, 14, 24, 15], [1, 6, 2, 7], [3, 12, 4, 13]]"
12a_0349_136,"[[3, 12, 4, 13], [5, 18, 6, 19], [7, 11, 8, 10], [9, 20, 10, 21], [11, 2, 12, 3], [13, 17, 14, 16], [15, 22, 16, 23], [17, 4, 18, 5], [19, 1, 20, 24], [21, 8, 22, 9], [23, 14, 24, 15], [1, 6, 2, 7]]"
12a_0349_137,"[[1, 6, 2, 7], [3, 12, 4, 13], [5, 18, 6, 19], [7, 11, 8, 10], [9, 20, 10, 21], [11, 2, 12, 3], [13, 17, 14, 16], [15, 22, 16, 23], [17, 4, 18, 5], [19, 1, 20, 24], [21, 8, 22, 9], [23, 14, 24, 15]]"
12a_0349_138,"[[23, 14, 24, 15], [1, 6, 2, 7], [3, 12, 4, 13], [5, 18, 6, 19], [7, 11, 8, 10], [9, 20, 10, 21], [11, 2, 12, 3], [13, 17, 14, 16], [15, 22, 16, 23], [17, 4, 18, 5], [19, 1, 20, 24], [21, 8, 22, 9]]"
12a_0349_139,"[[21, 8, 22, 9], [23, 14, 24, 15], [1, 6, 2, 7], [3, 12, 4, 13], [5, 18, 6, 19], [7, 11, 8, 10], [9, 20, 10, 21], [11, 2, 12, 3], [13, 17, 14, 16], [15, 22, 16, 23], [17, 4, 18, 5], [19, 1, 20, 24]]"
12a_0349_140,"[[19, 1, 20, 24], [21, 8, 22, 9], [23, 14, 24, 15], [1, 6, 2, 7], [3, 12, 4, 13], [5, 18, 6, 19], [7, 11, 8, 10], [9, 20, 10, 21], [11, 2, 12, 3], [13, 17, 14, 16], [15, 22, 16, 23], [17, 4, 18, 5]]"
12a_0349_141,"[[17, 4, 18, 5], [19, 1, 20, 24], [21, 8, 22, 9], [23, 14, 24, 15], [1, 6, 2, 7], [3, 12, 4, 13], [5, 18, 6, 19], [7, 11, 8, 10], [9, 20, 10, 21], [11, 2, 12, 3], [13, 17, 14, 16], [15, 22, 16, 23]]"
12a_0349_142,"[[15, 22, 16, 23], [17, 4, 18, 5], [19, 1, 20, 24], [21, 8, 22, 9], [23, 14, 24, 15], [1, 6, 2, 7], [3, 12, 4, 13], [5, 18, 6, 19], [7, 11, 8, 10], [9, 20, 10, 21], [11, 2, 12, 3], [13, 17, 14, 16]]"
12a_0349_143,"[[13, 17, 14, 16], [15, 22, 16, 23], [17, 4, 18, 5], [19, 1, 20, 24], [21, 8, 22, 9], [23, 14, 24, 15], [1, 6, 2, 7], [3, 12, 4, 13], [5, 18, 6, 19], [7, 11, 8, 10], [9, 20, 10, 21], [11, 2, 12, 3]]"
12a_0349_144,"[[12, 3, 13, 4], [14, 18, 15, 17], [16, 23, 17, 24], [18, 5, 19, 6], [20, 2, 21, 1], [22, 9, 23, 10], [24, 15, 1, 16], [2, 7, 3, 8], [4, 13, 5, 14], [6, 19, 7, 20], [8, 12, 9, 11], [10, 21, 11, 22]]"
12a_0349_145,"[[10, 21, 11, 22], [12, 3, 13, 4], [14, 18, 15, 17], [16, 23, 17, 24], [18, 5, 19, 6], [20, 2, 21, 1], [22, 9, 23, 10], [24, 15, 1, 16], [2, 7, 3, 8], [4, 13, 5, 14], [6, 19, 7, 20], [8, 12, 9, 11]]"
12a_0349_146,"[[8, 12, 9, 11], [10, 21, 11, 22], [12, 3, 13, 4], [14, 18, 15, 17], [16, 23, 17, 24], [18, 5, 19, 6], [20, 2, 21, 1], [22, 9, 23, 10], [24, 15, 1, 16], [2, 7, 3, 8], [4, 13, 5, 14], [6, 19, 7, 20]]"
12a_0349_147,"[[6, 19, 7, 20], [8, 12, 9, 11], [10, 21, 11, 22], [12, 3, 13, 4], [14, 18, 15, 17], [16, 23, 17, 24], [18, 5, 19, 6], [20, 2, 21, 1], [22, 9, 23, 10], [24, 15, 1, 16], [2, 7, 3, 8], [4, 13, 5, 14]]"
12a_0349_148,"[[4, 13, 5, 14], [6, 19, 7, 20], [8, 12, 9, 11], [10, 21, 11, 22], [12, 3, 13, 4], [14, 18, 15, 17], [16, 23, 17, 24], [18, 5, 19, 6], [20, 2, 21, 1], [22, 9, 23, 10], [24, 15, 1, 16], [2, 7, 3, 8]]"
12a_0349_149,"[[2, 7, 3, 8], [4, 13, 5, 14], [6, 19, 7, 20], [8, 12, 9, 11], [10, 21, 11, 22], [12, 3, 13, 4], [14, 18, 15, 17], [16, 23, 17, 24], [18, 5, 19, 6], [20, 2, 21, 1], [22, 9, 23, 10], [24, 15, 1, 16]]"
12a_0349_150,"[[24, 15, 1, 16], [2, 7, 3, 8], [4, 13, 5, 14], [6, 19, 7, 20], [8, 12, 9, 11], [10, 21, 11, 22], [12, 3, 13, 4], [14, 18, 15, 17], [16, 23, 17, 24], [18, 5, 19, 6], [20, 2, 21, 1], [22, 9, 23, 10]]"
12a_0349_151,"[[22, 9, 23, 10], [24, 15, 1, 16], [2, 7, 3, 8], [4, 13, 5, 14], [6, 19, 7, 20], [8, 12, 9, 11], [10, 21, 11, 22], [12, 3, 13, 4], [14, 18, 15, 17], [16, 23, 17, 24], [18, 5, 19, 6], [20, 2, 21, 1]]"
12a_0349_152,"[[20, 2, 21, 1], [22, 9, 23, 10], [24, 15, 1, 16], [2, 7, 3, 8], [4, 13, 5, 14], [6, 19, 7, 20], [8, 12, 9, 11], [10, 21, 11, 22], [12, 3, 13, 4], [14, 18, 15, 17], [16, 23, 17, 24], [18, 5, 19, 6]]"
12a_0349_153,"[[18, 5, 19, 6], [20, 2, 21, 1], [22, 9, 23, 10], [24, 15, 1, 16], [2, 7, 3, 8], [4, 13, 5, 14], [6, 19, 7, 20], [8, 12, 9, 11], [10, 21, 11, 22], [12, 3, 13, 4], [14, 18, 15, 17], [16, 23, 17, 24]]"
12a_0349_154,"[[16, 23, 17, 24], [18, 5, 19, 6], [20, 2, 21, 1], [22, 9, 23, 10], [24, 15, 1, 16], [2, 7, 3, 8], [4, 13, 5, 14], [6, 19, 7, 20], [8, 12, 9, 11], [10, 21, 11, 22], [12, 3, 13, 4], [14, 18, 15, 17]]"
12a_0349_155,"[[14, 18, 15, 17], [16, 23, 17, 24], [18, 5, 19, 6], [20, 2, 21, 1], [22, 9, 23, 10], [24, 15, 1, 16], [2, 7, 3, 8], [4, 13, 5, 14], [6, 19, 7, 20], [8, 12, 9, 11], [10, 21, 11, 22], [12, 3, 13, 4]]"
12a_0349_156,"[[13, 4, 14, 5], [15, 19, 16, 18], [17, 24, 18, 1], [19, 6, 20, 7], [21, 3, 22, 2], [23, 10, 24, 11], [1, 16, 2, 17], [3, 8, 4, 9], [5, 14, 6, 15], [7, 20, 8, 21], [9, 13, 10, 12], [11, 22, 12, 23]]"
12a_0349_157,"[[11, 22, 12, 23], [13, 4, 14, 5], [15, 19, 16, 18], [17, 24, 18, 1], [19, 6, 20, 7], [21, 3, 22, 2], [23, 10, 24, 11], [1, 16, 2, 17], [3, 8, 4, 9], [5, 14, 6, 15], [7, 20, 8, 21], [9, 13, 10, 12]]"
12a_0349_158,"[[9, 13, 10, 12], [11, 22, 12, 23], [13, 4, 14, 5], [15, 19, 16, 18], [17, 24, 18, 1], [19, 6, 20, 7], [21, 3, 22, 2], [23, 10, 24, 11], [1, 16, 2, 17], [3, 8, 4, 9], [5, 14, 6, 15], [7, 20, 8, 21]]"
12a_0349_159,"[[7, 20, 8, 21], [9, 13, 10, 12], [11, 22, 12, 23], [13, 4, 14, 5], [15, 19, 16, 18], [17, 24, 18, 1], [19, 6, 20, 7], [21, 3, 22, 2], [23, 10, 24, 11], [1, 16, 2, 17], [3, 8, 4, 9], [5, 14, 6, 15]]"
12a_0349_160,"[[5, 14, 6, 15], [7, 20, 8, 21], [9, 13, 10, 12], [11, 22, 12, 23], [13, 4, 14, 5], [15, 19, 16, 18], [17, 24, 18, 1], [19, 6, 20, 7], [21, 3, 22, 2], [23, 10, 24, 11], [1, 16, 2, 17], [3, 8, 4, 9]]"
12a_0349_161,"[[3, 8, 4, 9], [5, 14, 6, 15], [7, 20, 8, 21], [9, 13, 10, 12], [11, 22, 12, 23], [13, 4, 14, 5], [15, 19, 16, 18], [17, 24, 18, 1], [19, 6, 20, 7], [21, 3, 22, 2], [23, 10, 24, 11], [1, 16, 2, 17]]"
12a_0349_162,"[[1, 16, 2, 17], [3, 8, 4, 9], [5, 14, 6, 15], [7, 20, 8, 21], [9, 13, 10, 12], [11, 22, 12, 23], [13, 4, 14, 5], [15, 19, 16, 18], [17, 24, 18, 1], [19, 6, 20, 7], [21, 3, 22, 2], [23, 10, 24, 11]]"
12a_0349_163,"[[23, 10, 24, 11], [1, 16, 2, 17], [3, 8, 4, 9], [5, 14, 6, 15], [7, 20, 8, 21], [9, 13, 10, 12], [11, 22, 12, 23], [13, 4, 14, 5], [15, 19, 16, 18], [17, 24, 18, 1], [19, 6, 20, 7], [21, 3, 22, 2]]"
12a_0349_164,"[[21, 3, 22, 2], [23, 10, 24, 11], [1, 16, 2, 17], [3, 8, 4, 9], [5, 14, 6, 15], [7, 20, 8, 21], [9, 13, 10, 12], [11, 22, 12, 23], [13, 4, 14, 5], [15, 19, 16, 18], [17, 24, 18, 1], [19, 6, 20, 7]]"
12a_0349_165,"[[19, 6, 20, 7], [21, 3, 22, 2], [23, 10, 24, 11], [1, 16, 2, 17], [3, 8, 4, 9], [5, 14, 6, 15], [7, 20, 8, 21], [9, 13, 10, 12], [11, 22, 12, 23], [13, 4, 14, 5], [15, 19, 16, 18], [17, 24, 18, 1]]"
12a_0349_166,"[[17, 24, 18, 1], [19, 6, 20, 7], [21, 3, 22, 2], [23, 10, 24, 11], [1, 16, 2, 17], [3, 8, 4, 9], [5, 14, 6, 15], [7, 20, 8, 21], [9, 13, 10, 12], [11, 22, 12, 23], [13, 4, 14, 5], [15, 19, 16, 18]]"
12a_0349_167,"[[15, 19, 16, 18], [17, 24, 18, 1], [19, 6, 20, 7], [21, 3, 22, 2], [23, 10, 24, 11], [1, 16, 2, 17], [3, 8, 4, 9], [5, 14, 6, 15], [7, 20, 8, 21], [9, 13, 10, 12], [11, 22, 12, 23], [13, 4, 14, 5]]"
12a_0349_168,"[[14, 5, 15, 6], [16, 20, 17, 19], [18, 1, 19, 2], [20, 7, 21, 8], [22, 4, 23, 3], [24, 11, 1, 12], [2, 17, 3, 18], [4, 9, 5, 10], [6, 15, 7, 16], [8, 21, 9, 22], [10, 14, 11, 13], [12, 23, 13, 24]]"
12a_0349_169,"[[12, 23, 13, 24], [14, 5, 15, 6], [16, 20, 17, 19], [18, 1, 19, 2], [20, 7, 21, 8], [22, 4, 23, 3], [24, 11, 1, 12], [2, 17, 3, 18], [4, 9, 5, 10], [6, 15, 7, 16], [8, 21, 9, 22], [10, 14, 11, 13]]"
12a_0349_170,"[[10, 14, 11, 13], [12, 23, 13, 24], [14, 5, 15, 6], [16, 20, 17, 19], [18, 1, 19, 2], [20, 7, 21, 8], [22, 4, 23, 3], [24, 11, 1, 12], [2, 17, 3, 18], [4, 9, 5, 10], [6, 15, 7, 16], [8, 21, 9, 22]]"
12a_0349_171,"[[8, 21, 9, 22], [10, 14, 11, 13], [12, 23, 13, 24], [14, 5, 15, 6], [16, 20, 17, 19], [18, 1, 19, 2], [20, 7, 21, 8], [22, 4, 23, 3], [24, 11, 1, 12], [2, 17, 3, 18], [4, 9, 5, 10], [6, 15, 7, 16]]"
12a_0349_172,"[[6, 15, 7, 16], [8, 21, 9, 22], [10, 14, 11, 13], [12, 23, 13, 24], [14, 5, 15, 6], [16, 20, 17, 19], [18, 1, 19, 2], [20, 7, 21, 8], [22, 4, 23, 3], [24, 11, 1, 12], [2, 17, 3, 18], [4, 9, 5, 10]]"
12a_0349_173,"[[4, 9, 5, 10], [6, 15, 7, 16], [8, 21, 9, 22], [10, 14, 11, 13], [12, 23, 13, 24], [14, 5, 15, 6], [16, 20, 17, 19], [18, 1, 19, 2], [20, 7, 21, 8], [22, 4, 23, 3], [24, 11, 1, 12], [2, 17, 3, 18]]"
12a_0349_174,"[[2, 17, 3, 18], [4, 9, 5, 10], [6, 15, 7, 16], [8, 21, 9, 22], [10, 14, 11, 13], [12, 23, 13, 24], [14, 5, 15, 6], [16, 20, 17, 19], [18, 1, 19, 2], [20, 7, 21, 8], [22, 4, 23, 3], [24, 11, 1, 12]]"
12a_0349_175,"[[24, 11, 1, 12], [2, 17, 3, 18], [4, 9, 5, 10], [6, 15, 7, 16], [8, 21, 9, 22], [10, 14, 11, 13], [12, 23, 13, 24], [14, 5, 15, 6], [16, 20, 17, 19], [18, 1, 19, 2], [20, 7, 21, 8], [22, 4, 23, 3]]"
12a_0349_176,"[[22, 4, 23, 3], [24, 11, 1, 12], [2, 17, 3, 18], [4, 9, 5, 10], [6, 15, 7, 16], [8, 21, 9, 22], [10, 14, 11, 13], [12, 23, 13, 24], [14, 5, 15, 6], [16, 20, 17, 19], [18, 1, 19, 2], [20, 7, 21, 8]]"
12a_0349_177,"[[20, 7, 21, 8], [22, 4, 23, 3], [24, 11, 1, 12], [2, 17, 3, 18], [4, 9, 5, 10], [6, 15, 7, 16], [8, 21, 9, 22], [10, 14, 11, 13], [12, 23, 13, 24], [14, 5, 15, 6], [16, 20, 17, 19], [18, 1, 19, 2]]"
12a_0349_178,"[[18, 1, 19, 2], [20, 7, 21, 8], [22, 4, 23, 3], [24, 11, 1, 12], [2, 17, 3, 18], [4, 9, 5, 10], [6, 15, 7, 16], [8, 21, 9, 22], [10, 14, 11, 13], [12, 23, 13, 24], [14, 5, 15, 6], [16, 20, 17, 19]]"
12a_0349_179,"[[16, 20, 17, 19], [18, 1, 19, 2], [20, 7, 21, 8], [22, 4, 23, 3], [24, 11, 1, 12], [2, 17, 3, 18], [4, 9, 5, 10], [6, 15, 7, 16], [8, 21, 9, 22], [10, 14, 11, 13], [12, 23, 13, 24], [14, 5, 15, 6]]"
12a_0349_180,"[[15, 6, 16, 7], [17, 21, 18, 20], [19, 2, 20, 3], [21, 8, 22, 9], [23, 5, 24, 4], [1, 12, 2, 13], [3, 18, 4, 19], [5, 10, 6, 11], [7, 16, 8, 17], [9, 22, 10, 23], [11, 15, 12, 14], [13, 24, 14, 1]]"
12a_0349_181,"[[13, 24, 14, 1], [15, 6, 16, 7], [17, 21, 18, 20], [19, 2, 20, 3], [21, 8, 22, 9], [23, 5, 24, 4], [1, 12, 2, 13], [3, 18, 4, 19], [5, 10, 6, 11], [7, 16, 8, 17], [9, 22, 10, 23], [11, 15, 12, 14]]"
12a_0349_182,"[[11, 15, 12, 14], [13, 24, 14, 1], [15, 6, 16, 7], [17, 21, 18, 20], [19, 2, 20, 3], [21, 8, 22, 9], [23, 5, 24, 4], [1, 12, 2, 13], [3, 18, 4, 19], [5, 10, 6, 11], [7, 16, 8, 17], [9, 22, 10, 23]]"
12a_0349_183,"[[9, 22, 10, 23], [11, 15, 12, 14], [13, 24, 14, 1], [15, 6, 16, 7], [17, 21, 18, 20], [19, 2, 20, 3], [21, 8, 22, 9], [23, 5, 24, 4], [1, 12, 2, 13], [3, 18, 4, 19], [5, 10, 6, 11], [7, 16, 8, 17]]"
12a_0349_184,"[[7, 16, 8, 17], [9, 22, 10, 23], [11, 15, 12, 14], [13, 24, 14, 1], [15, 6, 16, 7], [17, 21, 18, 20], [19, 2, 20, 3], [21, 8, 22, 9], [23, 5, 24, 4], [1, 12, 2, 13], [3, 18, 4, 19], [5, 10, 6, 11]]"
12a_0349_185,"[[5, 10, 6, 11], [7, 16, 8, 17], [9, 22, 10, 23], [11, 15, 12, 14], [13, 24, 14, 1], [15, 6, 16, 7], [17, 21, 18, 20], [19, 2, 20, 3], [21, 8, 22, 9], [23, 5, 24, 4], [1, 12, 2, 13], [3, 18, 4, 19]]"
