name,pd_notation
12a_0152_0,"[[24, 12, 1, 11], [2, 6, 3, 5], [4, 10, 5, 9], [6, 18, 7, 17], [8, 4, 9, 3], [10, 20, 11, 19], [12, 24, 13, 23], [14, 22, 15, 21], [16, 8, 17, 7], [18, 2, 19, 1], [20, 16, 21, 15], [22, 14, 23, 13]]"
12a_0152_1,"[[22, 14, 23, 13], [24, 12, 1, 11], [2, 6, 3, 5], [4, 10, 5, 9], [6, 18, 7, 17], [8, 4, 9, 3], [10, 20, 11, 19], [12, 24, 13, 23], [14, 22, 15, 21], [16, 8, 17, 7], [18, 2, 19, 1], [20, 16, 21, 15]]"
12a_0152_2,"[[20, 16, 21, 15], [22, 14, 23, 13], [24, 12, 1, 11], [2, 6, 3, 5], [4, 10, 5, 9], [6, 18, 7, 17], [8, 4, 9, 3], [10, 20, 11, 19], [12, 24, 13, 23], [14, 22, 15, 21], [16, 8, 17, 7], [18, 2, 19, 1]]"
12a_0152_3,"[[18, 2, 19, 1], [20, 16, 21, 15], [22, 14, 23, 13], [24, 12, 1, 11], [2, 6, 3, 5], [4, 10, 5, 9], [6, 18, 7, 17], [8, 4, 9, 3], [10, 20, 11, 19], [12, 24, 13, 23], [14, 22, 15, 21], [16, 8, 17, 7]]"
12a_0152_4,"[[16, 8, 17, 7], [18, 2, 19, 1], [20, 16, 21, 15], [22, 14, 23, 13], [24, 12, 1, 11], [2, 6, 3, 5], [4, 10, 5, 9], [6, 18, 7, 17], [8, 4, 9, 3], [10, 20, 11, 19], [12, 24, 13, 23], [14, 22, 15, 21]]"
12a_0152_5,"[[14, 22, 15, 21], [16, 8, 17, 7], [18, 2, 19, 1], [20, 16, 21, 15], [22, 14, 23, 13], [24, 12, 1, 11], [2, 6, 3, 5], [4, 10, 5, 9], [6, 18, 7, 17], [8, 4, 9, 3], [10, 20, 11, 19], [12, 24, 13, 23]]"
12a_0152_6,"[[12, 24, 13, 23], [14, 22, 15, 21], [16, 8, 17, 7], [18, 2, 19, 1], [20, 16, 21, 15], [22, 14, 23, 13], [24, 12, 1, 11], [2, 6, 3, 5], [4, 10, 5, 9], [6, 18, 7, 17], [8, 4, 9, 3], [10, 20, 11, 19]]"
12a_0152_7,"[[10, 20, 11, 19], [12, 24, 13, 23], [14, 22, 15, 21], [16, 8, 17, 7], [18, 2, 19, 1], [20, 16, 21, 15], [22, 14, 23, 13], [24, 12, 1, 11], [2, 6, 3, 5], [4, 10, 5, 9], [6, 18, 7, 17], [8, 4, 9, 3]]"
12a_0152_8,"[[8, 4, 9, 3], [10, 20, 11, 19], [12, 24, 13, 23], [14, 22, 15, 21], [16, 8, 17, 7], [18, 2, 19, 1], [20, 16, 21, 15], [22, 14, 23, 13], [24, 12, 1, 11], [2, 6, 3, 5], [4, 10, 5, 9], [6, 18, 7, 17]]"
12a_0152_9,"[[6, 18, 7, 17], [8, 4, 9, 3], [10, 20, 11, 19], [12, 24, 13, 23], [14, 22, 15, 21], [16, 8, 17, 7], [18, 2, 19, 1], [20, 16, 21, 15], [22, 14, 23, 13], [24, 12, 1, 11], [2, 6, 3, 5], [4, 10, 5, 9]]"
12a_0152_10,"[[4, 10, 5, 9], [6, 18, 7, 17], [8, 4, 9, 3], [10, 20, 11, 19], [12, 24, 13, 23], [14, 22, 15, 21], [16, 8, 17, 7], [18, 2, 19, 1], [20, 16, 21, 15], [22, 14, 23, 13], [24, 12, 1, 11], [2, 6, 3, 5]]"
12a_0152_11,"[[2, 6, 3, 5], [4, 10, 5, 9], [6, 18, 7, 17], [8, 4, 9, 3], [10, 20, 11, 19], [12, 24, 13, 23], [14, 22, 15, 21], [16, 8, 17, 7], [18, 2, 19, 1], [20, 16, 21, 15], [22, 14, 23, 13], [24, 12, 1, 11]]"
12a_0152_12,"[[1, 13, 2, 12], [3, 7, 4, 6], [5, 11, 6, 10], [7, 19, 8, 18], [9, 5, 10, 4], [11, 21, 12, 20], [13, 1, 14, 24], [15, 23, 16, 22], [17, 9, 18, 8], [19, 3, 20, 2], [21, 17, 22, 16], [23, 15, 24, 14]]"
12a_0152_13,"[[23, 15, 24, 14], [1, 13, 2, 12], [3, 7, 4, 6], [5, 11, 6, 10], [7, 19, 8, 18], [9, 5, 10, 4], [11, 21, 12, 20], [13, 1, 14, 24], [15, 23, 16, 22], [17, 9, 18, 8], [19, 3, 20, 2], [21, 17, 22, 16]]"
12a_0152_14,"[[21, 17, 22, 16], [23, 15, 24, 14], [1, 13, 2, 12], [3, 7, 4, 6], [5, 11, 6, 10], [7, 19, 8, 18], [9, 5, 10, 4], [11, 21, 12, 20], [13, 1, 14, 24], [15, 23, 16, 22], [17, 9, 18, 8], [19, 3, 20, 2]]"
12a_0152_15,"[[19, 3, 20, 2], [21, 17, 22, 16], [23, 15, 24, 14], [1, 13, 2, 12], [3, 7, 4, 6], [5, 11, 6, 10], [7, 19, 8, 18], [9, 5, 10, 4], [11, 21, 12, 20], [13, 1, 14, 24], [15, 23, 16, 22], [17, 9, 18, 8]]"
12a_0152_16,"[[17, 9, 18, 8], [19, 3, 20, 2], [21, 17, 22, 16], [23, 15, 24, 14], [1, 13, 2, 12], [3, 7, 4, 6], [5, 11, 6, 10], [7, 19, 8, 18], [9, 5, 10, 4], [11, 21, 12, 20], [13, 1, 14, 24], [15, 23, 16, 22]]"
12a_0152_17,"[[15, 23, 16, 22], [17, 9, 18, 8], [19, 3, 20, 2], [21, 17, 22, 16], [23, 15, 24, 14], [1, 13, 2, 12], [3, 7, 4, 6], [5, 11, 6, 10], [7, 19, 8, 18], [9, 5, 10, 4], [11, 21, 12, 20], [13, 1, 14, 24]]"
12a_0152_18,"[[13, 1, 14, 24], [15, 23, 16, 22], [17, 9, 18, 8], [19, 3, 20, 2], [21, 17, 22, 16], [23, 15, 24, 14], [1, 13, 2, 12], [3, 7, 4, 6], [5, 11, 6, 10], [7, 19, 8, 18], [9, 5, 10, 4], [11, 21, 12, 20]]"
12a_0152_19,"[[11, 21, 12, 20], [13, 1, 14, 24], [15, 23, 16, 22], [17, 9, 18, 8], [19, 3, 20, 2], [21, 17, 22, 16], [23, 15, 24, 14], [1, 13, 2, 12], [3, 7, 4, 6], [5, 11, 6, 10], [7, 19, 8, 18], [9, 5, 10, 4]]"
12a_0152_20,"[[9, 5, 10, 4], [11, 21, 12, 20], [13, 1, 14, 24], [15, 23, 16, 22], [17, 9, 18, 8], [19, 3, 20, 2], [21, 17, 22, 16], [23, 15, 24, 14], [1, 13, 2, 12], [3, 7, 4, 6], [5, 11, 6, 10], [7, 19, 8, 18]]"
12a_0152_21,"[[7, 19, 8, 18], [9, 5, 10, 4], [11, 21, 12, 20], [13, 1, 14, 24], [15, 23, 16, 22], [17, 9, 18, 8], [19, 3, 20, 2], [21, 17, 22, 16], [23, 15, 24, 14], [1, 13, 2, 12], [3, 7, 4, 6], [5, 11, 6, 10]]"
12a_0152_22,"[[5, 11, 6, 10], [7, 19, 8, 18], [9, 5, 10, 4], [11, 21, 12, 20], [13, 1, 14, 24], [15, 23, 16, 22], [17, 9, 18, 8], [19, 3, 20, 2], [21, 17, 22, 16], [23, 15, 24, 14], [1, 13, 2, 12], [3, 7, 4, 6]]"
12a_0152_23,"[[3, 7, 4, 6], [5, 11, 6, 10], [7, 19, 8, 18], [9, 5, 10, 4], [11, 21, 12, 20], [13, 1, 14, 24], [15, 23, 16, 22], [17, 9, 18, 8], [19, 3, 20, 2], [21, 17, 22, 16], [23, 15, 24, 14], [1, 13, 2, 12]]"
12a_0152_24,"[[2, 14, 3, 13], [4, 8, 5, 7], [6, 12, 7, 11], [8, 20, 9, 19], [10, 6, 11, 5], [12, 22, 13, 21], [14, 2, 15, 1], [16, 24, 17, 23], [18, 10, 19, 9], [20, 4, 21, 3], [22, 18, 23, 17], [24, 16, 1, 15]]"
12a_0152_25,"[[24, 16, 1, 15], [2, 14, 3, 13], [4, 8, 5, 7], [6, 12, 7, 11], [8, 20, 9, 19], [10, 6, 11, 5], [12, 22, 13, 21], [14, 2, 15, 1], [16, 24, 17, 23], [18, 10, 19, 9], [20, 4, 21, 3], [22, 18, 23, 17]]"
12a_0152_26,"[[22, 18, 23, 17], [24, 16, 1, 15], [2, 14, 3, 13], [4, 8, 5, 7], [6, 12, 7, 11], [8, 20, 9, 19], [10, 6, 11, 5], [12, 22, 13, 21], [14, 2, 15, 1], [16, 24, 17, 23], [18, 10, 19, 9], [20, 4, 21, 3]]"
12a_0152_27,"[[20, 4, 21, 3], [22, 18, 23, 17], [24, 16, 1, 15], [2, 14, 3, 13], [4, 8, 5, 7], [6, 12, 7, 11], [8, 20, 9, 19], [10, 6, 11, 5], [12, 22, 13, 21], [14, 2, 15, 1], [16, 24, 17, 23], [18, 10, 19, 9]]"
12a_0152_28,"[[18, 10, 19, 9], [20, 4, 21, 3], [22, 18, 23, 17], [24, 16, 1, 15], [2, 14, 3, 13], [4, 8, 5, 7], [6, 12, 7, 11], [8, 20, 9, 19], [10, 6, 11, 5], [12, 22, 13, 21], [14, 2, 15, 1], [16, 24, 17, 23]]"
12a_0152_29,"[[16, 24, 17, 23], [18, 10, 19, 9], [20, 4, 21, 3], [22, 18, 23, 17], [24, 16, 1, 15], [2, 14, 3, 13], [4, 8, 5, 7], [6, 12, 7, 11], [8, 20, 9, 19], [10, 6, 11, 5], [12, 22, 13, 21], [14, 2, 15, 1]]"
12a_0152_30,"[[14, 2, 15, 1], [16, 24, 17, 23], [18, 10, 19, 9], [20, 4, 21, 3], [22, 18, 23, 17], [24, 16, 1, 15], [2, 14, 3, 13], [4, 8, 5, 7], [6, 12, 7, 11], [8, 20, 9, 19], [10, 6, 11, 5], [12, 22, 13, 21]]"
12a_0152_31,"[[12, 22, 13, 21], [14, 2, 15, 1], [16, 24, 17, 23], [18, 10, 19, 9], [20, 4, 21, 3], [22, 18, 23, 17], [24, 16, 1, 15], [2, 14, 3, 13], [4, 8, 5, 7], [6, 12, 7, 11], [8, 20, 9, 19], [10, 6, 11, 5]]"
12a_0152_32,"[[10, 6, 11, 5], [12, 22, 13, 21], [14, 2, 15, 1], [16, 24, 17, 23], [18, 10, 19, 9], [20, 4, 21, 3], [22, 18, 23, 17], [24, 16, 1, 15], [2, 14, 3, 13], [4, 8, 5, 7], [6, 12, 7, 11], [8, 20, 9, 19]]"
12a_0152_33,"[[8, 20, 9, 19], [10, 6, 11, 5], [12, 22, 13, 21], [14, 2, 15, 1], [16, 24, 17, 23], [18, 10, 19, 9], [20, 4, 21, 3], [22, 18, 23, 17], [24, 16, 1, 15], [2, 14, 3, 13], [4, 8, 5, 7], [6, 12, 7, 11]]"
12a_0152_34,"[[6, 12, 7, 11], [8, 20, 9, 19], [10, 6, 11, 5], [12, 22, 13, 21], [14, 2, 15, 1], [16, 24, 17, 23], [18, 10, 19, 9], [20, 4, 21, 3], [22, 18, 23, 17], [24, 16, 1, 15], [2, 14, 3, 13], [4, 8, 5, 7]]"
12a_0152_35,"[[4, 8, 5, 7], [6, 12, 7, 11], [8, 20, 9, 19], [10, 6, 11, 5], [12, 22, 13, 21], [14, 2, 15, 1], [16, 24, 17, 23], [18, 10, 19, 9], [20, 4, 21, 3], [22, 18, 23, 17], [24, 16, 1, 15], [2, 14, 3, 13]]"
12a_0152_36,"[[3, 15, 4, 14], [5, 9, 6, 8], [7, 13, 8, 12], [9, 21, 10, 20], [11, 7, 12, 6], [13, 23, 14, 22], [15, 3, 16, 2], [17, 1, 18, 24], [19, 11, 20, 10], [21, 5, 22, 4], [23, 19, 24, 18], [1, 17, 2, 16]]"
12a_0152_37,"[[1, 17, 2, 16], [3, 15, 4, 14], [5, 9, 6, 8], [7, 13, 8, 12], [9, 21, 10, 20], [11, 7, 12, 6], [13, 23, 14, 22], [15, 3, 16, 2], [17, 1, 18, 24], [19, 11, 20, 10], [21, 5, 22, 4], [23, 19, 24, 18]]"
12a_0152_38,"[[23, 19, 24, 18], [1, 17, 2, 16], [3, 15, 4, 14], [5, 9, 6, 8], [7, 13, 8, 12], [9, 21, 10, 20], [11, 7, 12, 6], [13, 23, 14, 22], [15, 3, 16, 2], [17, 1, 18, 24], [19, 11, 20, 10], [21, 5, 22, 4]]"
12a_0152_39,"[[21, 5, 22, 4], [23, 19, 24, 18], [1, 17, 2, 16], [3, 15, 4, 14], [5, 9, 6, 8], [7, 13, 8, 12], [9, 21, 10, 20], [11, 7, 12, 6], [13, 23, 14, 22], [15, 3, 16, 2], [17, 1, 18, 24], [19, 11, 20, 10]]"
12a_0152_40,"[[19, 11, 20, 10], [21, 5, 22, 4], [23, 19, 24, 18], [1, 17, 2, 16], [3, 15, 4, 14], [5, 9, 6, 8], [7, 13, 8, 12], [9, 21, 10, 20], [11, 7, 12, 6], [13, 23, 14, 22], [15, 3, 16, 2], [17, 1, 18, 24]]"
12a_0152_41,"[[17, 1, 18, 24], [19, 11, 20, 10], [21, 5, 22, 4], [23, 19, 24, 18], [1, 17, 2, 16], [3, 15, 4, 14], [5, 9, 6, 8], [7, 13, 8, 12], [9, 21, 10, 20], [11, 7, 12, 6], [13, 23, 14, 22], [15, 3, 16, 2]]"
12a_0152_42,"[[15, 3, 16, 2], [17, 1, 18, 24], [19, 11, 20, 10], [21, 5, 22, 4], [23, 19, 24, 18], [1, 17, 2, 16], [3, 15, 4, 14], [5, 9, 6, 8], [7, 13, 8, 12], [9, 21, 10, 20], [11, 7, 12, 6], [13, 23, 14, 22]]"
12a_0152_43,"[[13, 23, 14, 22], [15, 3, 16, 2], [17, 1, 18, 24], [19, 11, 20, 10], [21, 5, 22, 4], [23, 19, 24, 18], [1, 17, 2, 16], [3, 15, 4, 14], [5, 9, 6, 8], [7, 13, 8, 12], [9, 21, 10, 20], [11, 7, 12, 6]]"
12a_0152_44,"[[11, 7, 12, 6], [13, 23, 14, 22], [15, 3, 16, 2], [17, 1, 18, 24], [19, 11, 20, 10], [21, 5, 22, 4], [23, 19, 24, 18], [1, 17, 2, 16], [3, 15, 4, 14], [5, 9, 6, 8], [7, 13, 8, 12], [9, 21, 10, 20]]"
12a_0152_45,"[[9, 21, 10, 20], [11, 7, 12, 6], [13, 23, 14, 22], [15, 3, 16, 2], [17, 1, 18, 24], [19, 11, 20, 10], [21, 5, 22, 4], [23, 19, 24, 18], [1, 17, 2, 16], [3, 15, 4, 14], [5, 9, 6, 8], [7, 13, 8, 12]]"
12a_0152_46,"[[7, 13, 8, 12], [9, 21, 10, 20], [11, 7, 12, 6], [13, 23, 14, 22], [15, 3, 16, 2], [17, 1, 18, 24], [19, 11, 20, 10], [21, 5, 22, 4], [23, 19, 24, 18], [1, 17, 2, 16], [3, 15, 4, 14], [5, 9, 6, 8]]"
12a_0152_47,"[[5, 9, 6, 8], [7, 13, 8, 12], [9, 21, 10, 20], [11, 7, 12, 6], [13, 23, 14, 22], [15, 3, 16, 2], [17, 1, 18, 24], [19, 11, 20, 10], [21, 5, 22, 4], [23, 19, 24, 18], [1, 17, 2, 16], [3, 15, 4, 14]]"
12a_0152_48,"[[4, 16, 5, 15], [6, 10, 7, 9], [8, 14, 9, 13], [10, 22, 11, 21], [12, 8, 13, 7], [14, 24, 15, 23], [16, 4, 17, 3], [18, 2, 19, 1], [20, 12, 21, 11], [22, 6, 23, 5], [24, 20, 1, 19], [2, 18, 3, 17]]"
12a_0152_49,"[[2, 18, 3, 17], [4, 16, 5, 15], [6, 10, 7, 9], [8, 14, 9, 13], [10, 22, 11, 21], [12, 8, 13, 7], [14, 24, 15, 23], [16, 4, 17, 3], [18, 2, 19, 1], [20, 12, 21, 11], [22, 6, 23, 5], [24, 20, 1, 19]]"
12a_0152_50,"[[24, 20, 1, 19], [2, 18, 3, 17], [4, 16, 5, 15], [6, 10, 7, 9], [8, 14, 9, 13], [10, 22, 11, 21], [12, 8, 13, 7], [14, 24, 15, 23], [16, 4, 17, 3], [18, 2, 19, 1], [20, 12, 21, 11], [22, 6, 23, 5]]"
12a_0152_51,"[[22, 6, 23, 5], [24, 20, 1, 19], [2, 18, 3, 17], [4, 16, 5, 15], [6, 10, 7, 9], [8, 14, 9, 13], [10, 22, 11, 21], [12, 8, 13, 7], [14, 24, 15, 23], [16, 4, 17, 3], [18, 2, 19, 1], [20, 12, 21, 11]]"
12a_0152_52,"[[20, 12, 21, 11], [22, 6, 23, 5], [24, 20, 1, 19], [2, 18, 3, 17], [4, 16, 5, 15], [6, 10, 7, 9], [8, 14, 9, 13], [10, 22, 11, 21], [12, 8, 13, 7], [14, 24, 15, 23], [16, 4, 17, 3], [18, 2, 19, 1]]"
12a_0152_53,"[[18, 2, 19, 1], [20, 12, 21, 11], [22, 6, 23, 5], [24, 20, 1, 19], [2, 18, 3, 17], [4, 16, 5, 15], [6, 10, 7, 9], [8, 14, 9, 13], [10, 22, 11, 21], [12, 8, 13, 7], [14, 24, 15, 23], [16, 4, 17, 3]]"
12a_0152_54,"[[16, 4, 17, 3], [18, 2, 19, 1], [20, 12, 21, 11], [22, 6, 23, 5], [24, 20, 1, 19], [2, 18, 3, 17], [4, 16, 5, 15], [6, 10, 7, 9], [8, 14, 9, 13], [10, 22, 11, 21], [12, 8, 13, 7], [14, 24, 15, 23]]"
12a_0152_55,"[[14, 24, 15, 23], [16, 4, 17, 3], [18, 2, 19, 1], [20, 12, 21, 11], [22, 6, 23, 5], [24, 20, 1, 19], [2, 18, 3, 17], [4, 16, 5, 15], [6, 10, 7, 9], [8, 14, 9, 13], [10, 22, 11, 21], [12, 8, 13, 7]]"
12a_0152_56,"[[12, 8, 13, 7], [14, 24, 15, 23], [16, 4, 17, 3], [18, 2, 19, 1], [20, 12, 21, 11], [22, 6, 23, 5], [24, 20, 1, 19], [2, 18, 3, 17], [4, 16, 5, 15], [6, 10, 7, 9], [8, 14, 9, 13], [10, 22, 11, 21]]"
12a_0152_57,"[[10, 22, 11, 21], [12, 8, 13, 7], [14, 24, 15, 23], [16, 4, 17, 3], [18, 2, 19, 1], [20, 12, 21, 11], [22, 6, 23, 5], [24, 20, 1, 19], [2, 18, 3, 17], [4, 16, 5, 15], [6, 10, 7, 9], [8, 14, 9, 13]]"
12a_0152_58,"[[8, 14, 9, 13], [10, 22, 11, 21], [12, 8, 13, 7], [14, 24, 15, 23], [16, 4, 17, 3], [18, 2, 19, 1], [20, 12, 21, 11], [22, 6, 23, 5], [24, 20, 1, 19], [2, 18, 3, 17], [4, 16, 5, 15], [6, 10, 7, 9]]"
12a_0152_59,"[[6, 10, 7, 9], [8, 14, 9, 13], [10, 22, 11, 21], [12, 8, 13, 7], [14, 24, 15, 23], [16, 4, 17, 3], [18, 2, 19, 1], [20, 12, 21, 11], [22, 6, 23, 5], [24, 20, 1, 19], [2, 18, 3, 17], [4, 16, 5, 15]]"
12a_0152_60,"[[5, 17, 6, 16], [7, 11, 8, 10], [9, 15, 10, 14], [11, 23, 12, 22], [13, 9, 14, 8], [15, 1, 16, 24], [17, 5, 18, 4], [19, 3, 20, 2], [21, 13, 22, 12], [23, 7, 24, 6], [1, 21, 2, 20], [3, 19, 4, 18]]"
12a_0152_61,"[[3, 19, 4, 18], [5, 17, 6, 16], [7, 11, 8, 10], [9, 15, 10, 14], [11, 23, 12, 22], [13, 9, 14, 8], [15, 1, 16, 24], [17, 5, 18, 4], [19, 3, 20, 2], [21, 13, 22, 12], [23, 7, 24, 6], [1, 21, 2, 20]]"
12a_0152_62,"[[1, 21, 2, 20], [3, 19, 4, 18], [5, 17, 6, 16], [7, 11, 8, 10], [9, 15, 10, 14], [11, 23, 12, 22], [13, 9, 14, 8], [15, 1, 16, 24], [17, 5, 18, 4], [19, 3, 20, 2], [21, 13, 22, 12], [23, 7, 24, 6]]"
12a_0152_63,"[[23, 7, 24, 6], [1, 21, 2, 20], [3, 19, 4, 18], [5, 17, 6, 16], [7, 11, 8, 10], [9, 15, 10, 14], [11, 23, 12, 22], [13, 9, 14, 8], [15, 1, 16, 24], [17, 5, 18, 4], [19, 3, 20, 2], [21, 13, 22, 12]]"
12a_0152_64,"[[21, 13, 22, 12], [23, 7, 24, 6], [1, 21, 2, 20], [3, 19, 4, 18], [5, 17, 6, 16], [7, 11, 8, 10], [9, 15, 10, 14], [11, 23, 12, 22], [13, 9, 14, 8], [15, 1, 16, 24], [17, 5, 18, 4], [19, 3, 20, 2]]"
12a_0152_65,"[[19, 3, 20, 2], [21, 13, 22, 12], [23, 7, 24, 6], [1, 21, 2, 20], [3, 19, 4, 18], [5, 17, 6, 16], [7, 11, 8, 10], [9, 15, 10, 14], [11, 23, 12, 22], [13, 9, 14, 8], [15, 1, 16, 24], [17, 5, 18, 4]]"
12a_0152_66,"[[17, 5, 18, 4], [19, 3, 20, 2], [21, 13, 22, 12], [23, 7, 24, 6], [1, 21, 2, 20], [3, 19, 4, 18], [5, 17, 6, 16], [7, 11, 8, 10], [9, 15, 10, 14], [11, 23, 12, 22], [13, 9, 14, 8], [15, 1, 16, 24]]"
12a_0152_67,"[[15, 1, 16, 24], [17, 5, 18, 4], [19, 3, 20, 2], [21, 13, 22, 12], [23, 7, 24, 6], [1, 21, 2, 20], [3, 19, 4, 18], [5, 17, 6, 16], [7, 11, 8, 10], [9, 15, 10, 14], [11, 23, 12, 22], [13, 9, 14, 8]]"
12a_0152_68,"[[13, 9, 14, 8], [15, 1, 16, 24], [17, 5, 18, 4], [19, 3, 20, 2], [21, 13, 22, 12], [23, 7, 24, 6], [1, 21, 2, 20], [3, 19, 4, 18], [5, 17, 6, 16], [7, 11, 8, 10], [9, 15, 10, 14], [11, 23, 12, 22]]"
12a_0152_69,"[[11, 23, 12, 22], [13, 9, 14, 8], [15, 1, 16, 24], [17, 5, 18, 4], [19, 3, 20, 2], [21, 13, 22, 12], [23, 7, 24, 6], [1, 21, 2, 20], [3, 19, 4, 18], [5, 17, 6, 16], [7, 11, 8, 10], [9, 15, 10, 14]]"
12a_0152_70,"[[9, 15, 10, 14], [11, 23, 12, 22], [13, 9, 14, 8], [15, 1, 16, 24], [17, 5, 18, 4], [19, 3, 20, 2], [21, 13, 22, 12], [23, 7, 24, 6], [1, 21, 2, 20], [3, 19, 4, 18], [5, 17, 6, 16], [7, 11, 8, 10]]"
12a_0152_71,"[[7, 11, 8, 10], [9, 15, 10, 14], [11, 23, 12, 22], [13, 9, 14, 8], [15, 1, 16, 24], [17, 5, 18, 4], [19, 3, 20, 2], [21, 13, 22, 12], [23, 7, 24, 6], [1, 21, 2, 20], [3, 19, 4, 18], [5, 17, 6, 16]]"
12a_0152_72,"[[6, 18, 7, 17], [8, 12, 9, 11], [10, 16, 11, 15], [12, 24, 13, 23], [14, 10, 15, 9], [16, 2, 17, 1], [18, 6, 19, 5], [20, 4, 21, 3], [22, 14, 23, 13], [24, 8, 1, 7], [2, 22, 3, 21], [4, 20, 5, 19]]"
12a_0152_73,"[[4, 20, 5, 19], [6, 18, 7, 17], [8, 12, 9, 11], [10, 16, 11, 15], [12, 24, 13, 23], [14, 10, 15, 9], [16, 2, 17, 1], [18, 6, 19, 5], [20, 4, 21, 3], [22, 14, 23, 13], [24, 8, 1, 7], [2, 22, 3, 21]]"
12a_0152_74,"[[2, 22, 3, 21], [4, 20, 5, 19], [6, 18, 7, 17], [8, 12, 9, 11], [10, 16, 11, 15], [12, 24, 13, 23], [14, 10, 15, 9], [16, 2, 17, 1], [18, 6, 19, 5], [20, 4, 21, 3], [22, 14, 23, 13], [24, 8, 1, 7]]"
12a_0152_75,"[[24, 8, 1, 7], [2, 22, 3, 21], [4, 20, 5, 19], [6, 18, 7, 17], [8, 12, 9, 11], [10, 16, 11, 15], [12, 24, 13, 23], [14, 10, 15, 9], [16, 2, 17, 1], [18, 6, 19, 5], [20, 4, 21, 3], [22, 14, 23, 13]]"
12a_0152_76,"[[22, 14, 23, 13], [24, 8, 1, 7], [2, 22, 3, 21], [4, 20, 5, 19], [6, 18, 7, 17], [8, 12, 9, 11], [10, 16, 11, 15], [12, 24, 13, 23], [14, 10, 15, 9], [16, 2, 17, 1], [18, 6, 19, 5], [20, 4, 21, 3]]"
12a_0152_77,"[[20, 4, 21, 3], [22, 14, 23, 13], [24, 8, 1, 7], [2, 22, 3, 21], [4, 20, 5, 19], [6, 18, 7, 17], [8, 12, 9, 11], [10, 16, 11, 15], [12, 24, 13, 23], [14, 10, 15, 9], [16, 2, 17, 1], [18, 6, 19, 5]]"
12a_0152_78,"[[18, 6, 19, 5], [20, 4, 21, 3], [22, 14, 23, 13], [24, 8, 1, 7], [2, 22, 3, 21], [4, 20, 5, 19], [6, 18, 7, 17], [8, 12, 9, 11], [10, 16, 11, 15], [12, 24, 13, 23], [14, 10, 15, 9], [16, 2, 17, 1]]"
12a_0152_79,"[[16, 2, 17, 1], [18, 6, 19, 5], [20, 4, 21, 3], [22, 14, 23, 13], [24, 8, 1, 7], [2, 22, 3, 21], [4, 20, 5, 19], [6, 18, 7, 17], [8, 12, 9, 11], [10, 16, 11, 15], [12, 24, 13, 23], [14, 10, 15, 9]]"
12a_0152_80,"[[14, 10, 15, 9], [16, 2, 17, 1], [18, 6, 19, 5], [20, 4, 21, 3], [22, 14, 23, 13], [24, 8, 1, 7], [2, 22, 3, 21], [4, 20, 5, 19], [6, 18, 7, 17], [8, 12, 9, 11], [10, 16, 11, 15], [12, 24, 13, 23]]"
12a_0152_81,"[[12, 24, 13, 23], [14, 10, 15, 9], [16, 2, 17, 1], [18, 6, 19, 5], [20, 4, 21, 3], [22, 14, 23, 13], [24, 8, 1, 7], [2, 22, 3, 21], [4, 20, 5, 19], [6, 18, 7, 17], [8, 12, 9, 11], [10, 16, 11, 15]]"
12a_0152_82,"[[10, 16, 11, 15], [12, 24, 13, 23], [14, 10, 15, 9], [16, 2, 17, 1], [18, 6, 19, 5], [20, 4, 21, 3], [22, 14, 23, 13], [24, 8, 1, 7], [2, 22, 3, 21], [4, 20, 5, 19], [6, 18, 7, 17], [8, 12, 9, 11]]"
12a_0152_83,"[[8, 12, 9, 11], [10, 16, 11, 15], [12, 24, 13, 23], [14, 10, 15, 9], [16, 2, 17, 1], [18, 6, 19, 5], [20, 4, 21, 3], [22, 14, 23, 13], [24, 8, 1, 7], [2, 22, 3, 21], [4, 20, 5, 19], [6, 18, 7, 17]]"
12a_0152_84,"[[7, 19, 8, 18], [9, 13, 10, 12], [11, 17, 12, 16], [13, 1, 14, 24], [15, 11, 16, 10], [17, 3, 18, 2], [19, 7, 20, 6], [21, 5, 22, 4], [23, 15, 24, 14], [1, 9, 2, 8], [3, 23, 4, 22], [5, 21, 6, 20]]"
12a_0152_85,"[[5, 21, 6, 20], [7, 19, 8, 18], [9, 13, 10, 12], [11, 17, 12, 16], [13, 1, 14, 24], [15, 11, 16, 10], [17, 3, 18, 2], [19, 7, 20, 6], [21, 5, 22, 4], [23, 15, 24, 14], [1, 9, 2, 8], [3, 23, 4, 22]]"
12a_0152_86,"[[3, 23, 4, 22], [5, 21, 6, 20], [7, 19, 8, 18], [9, 13, 10, 12], [11, 17, 12, 16], [13, 1, 14, 24], [15, 11, 16, 10], [17, 3, 18, 2], [19, 7, 20, 6], [21, 5, 22, 4], [23, 15, 24, 14], [1, 9, 2, 8]]"
12a_0152_87,"[[1, 9, 2, 8], [3, 23, 4, 22], [5, 21, 6, 20], [7, 19, 8, 18], [9, 13, 10, 12], [11, 17, 12, 16], [13, 1, 14, 24], [15, 11, 16, 10], [17, 3, 18, 2], [19, 7, 20, 6], [21, 5, 22, 4], [23, 15, 24, 14]]"
12a_0152_88,"[[23, 15, 24, 14], [1, 9, 2, 8], [3, 23, 4, 22], [5, 21, 6, 20], [7, 19, 8, 18], [9, 13, 10, 12], [11, 17, 12, 16], [13, 1, 14, 24], [15, 11, 16, 10], [17, 3, 18, 2], [19, 7, 20, 6], [21, 5, 22, 4]]"
12a_0152_89,"[[21, 5, 22, 4], [23, 15, 24, 14], [1, 9, 2, 8], [3, 23, 4, 22], [5, 21, 6, 20], [7, 19, 8, 18], [9, 13, 10, 12], [11, 17, 12, 16], [13, 1, 14, 24], [15, 11, 16, 10], [17, 3, 18, 2], [19, 7, 20, 6]]"
12a_0152_90,"[[19, 7, 20, 6], [21, 5, 22, 4], [23, 15, 24, 14], [1, 9, 2, 8], [3, 23, 4, 22], [5, 21, 6, 20], [7, 19, 8, 18], [9, 13, 10, 12], [11, 17, 12, 16], [13, 1, 14, 24], [15, 11, 16, 10], [17, 3, 18, 2]]"
12a_0152_91,"[[17, 3, 18, 2], [19, 7, 20, 6], [21, 5, 22, 4], [23, 15, 24, 14], [1, 9, 2, 8], [3, 23, 4, 22], [5, 21, 6, 20], [7, 19, 8, 18], [9, 13, 10, 12], [11, 17, 12, 16], [13, 1, 14, 24], [15, 11, 16, 10]]"
12a_0152_92,"[[15, 11, 16, 10], [17, 3, 18, 2], [19, 7, 20, 6], [21, 5, 22, 4], [23, 15, 24, 14], [1, 9, 2, 8], [3, 23, 4, 22], [5, 21, 6, 20], [7, 19, 8, 18], [9, 13, 10, 12], [11, 17, 12, 16], [13, 1, 14, 24]]"
12a_0152_93,"[[13, 1, 14, 24], [15, 11, 16, 10], [17, 3, 18, 2], [19, 7, 20, 6], [21, 5, 22, 4], [23, 15, 24, 14], [1, 9, 2, 8], [3, 23, 4, 22], [5, 21, 6, 20], [7, 19, 8, 18], [9, 13, 10, 12], [11, 17, 12, 16]]"
12a_0152_94,"[[11, 17, 12, 16], [13, 1, 14, 24], [15, 11, 16, 10], [17, 3, 18, 2], [19, 7, 20, 6], [21, 5, 22, 4], [23, 15, 24, 14], [1, 9, 2, 8], [3, 23, 4, 22], [5, 21, 6, 20], [7, 19, 8, 18], [9, 13, 10, 12]]"
12a_0152_95,"[[9, 13, 10, 12], [11, 17, 12, 16], [13, 1, 14, 24], [15, 11, 16, 10], [17, 3, 18, 2], [19, 7, 20, 6], [21, 5, 22, 4], [23, 15, 24, 14], [1, 9, 2, 8], [3, 23, 4, 22], [5, 21, 6, 20], [7, 19, 8, 18]]"
12a_0152_96,"[[8, 20, 9, 19], [10, 14, 11, 13], [12, 18, 13, 17], [14, 2, 15, 1], [16, 12, 17, 11], [18, 4, 19, 3], [20, 8, 21, 7], [22, 6, 23, 5], [24, 16, 1, 15], [2, 10, 3, 9], [4, 24, 5, 23], [6, 22, 7, 21]]"
12a_0152_97,"[[6, 22, 7, 21], [8, 20, 9, 19], [10, 14, 11, 13], [12, 18, 13, 17], [14, 2, 15, 1], [16, 12, 17, 11], [18, 4, 19, 3], [20, 8, 21, 7], [22, 6, 23, 5], [24, 16, 1, 15], [2, 10, 3, 9], [4, 24, 5, 23]]"
12a_0152_98,"[[4, 24, 5, 23], [6, 22, 7, 21], [8, 20, 9, 19], [10, 14, 11, 13], [12, 18, 13, 17], [14, 2, 15, 1], [16, 12, 17, 11], [18, 4, 19, 3], [20, 8, 21, 7], [22, 6, 23, 5], [24, 16, 1, 15], [2, 10, 3, 9]]"
12a_0152_99,"[[2, 10, 3, 9], [4, 24, 5, 23], [6, 22, 7, 21], [8, 20, 9, 19], [10, 14, 11, 13], [12, 18, 13, 17], [14, 2, 15, 1], [16, 12, 17, 11], [18, 4, 19, 3], [20, 8, 21, 7], [22, 6, 23, 5], [24, 16, 1, 15]]"
12a_0152_100,"[[24, 16, 1, 15], [2, 10, 3, 9], [4, 24, 5, 23], [6, 22, 7, 21], [8, 20, 9, 19], [10, 14, 11, 13], [12, 18, 13, 17], [14, 2, 15, 1], [16, 12, 17, 11], [18, 4, 19, 3], [20, 8, 21, 7], [22, 6, 23, 5]]"
12a_0152_101,"[[22, 6, 23, 5], [24, 16, 1, 15], [2, 10, 3, 9], [4, 24, 5, 23], [6, 22, 7, 21], [8, 20, 9, 19], [10, 14, 11, 13], [12, 18, 13, 17], [14, 2, 15, 1], [16, 12, 17, 11], [18, 4, 19, 3], [20, 8, 21, 7]]"
12a_0152_102,"[[20, 8, 21, 7], [22, 6, 23, 5], [24, 16, 1, 15], [2, 10, 3, 9], [4, 24, 5, 23], [6, 22, 7, 21], [8, 20, 9, 19], [10, 14, 11, 13], [12, 18, 13, 17], [14, 2, 15, 1], [16, 12, 17, 11], [18, 4, 19, 3]]"
12a_0152_103,"[[18, 4, 19, 3], [20, 8, 21, 7], [22, 6, 23, 5], [24, 16, 1, 15], [2, 10, 3, 9], [4, 24, 5, 23], [6, 22, 7, 21], [8, 20, 9, 19], [10, 14, 11, 13], [12, 18, 13, 17], [14, 2, 15, 1], [16, 12, 17, 11]]"
12a_0152_104,"[[16, 12, 17, 11], [18, 4, 19, 3], [20, 8, 21, 7], [22, 6, 23, 5], [24, 16, 1, 15], [2, 10, 3, 9], [4, 24, 5, 23], [6, 22, 7, 21], [8, 20, 9, 19], [10, 14, 11, 13], [12, 18, 13, 17], [14, 2, 15, 1]]"
12a_0152_105,"[[14, 2, 15, 1], [16, 12, 17, 11], [18, 4, 19, 3], [20, 8, 21, 7], [22, 6, 23, 5], [24, 16, 1, 15], [2, 10, 3, 9], [4, 24, 5, 23], [6, 22, 7, 21], [8, 20, 9, 19], [10, 14, 11, 13], [12, 18, 13, 17]]"
12a_0152_106,"[[12, 18, 13, 17], [14, 2, 15, 1], [16, 12, 17, 11], [18, 4, 19, 3], [20, 8, 21, 7], [22, 6, 23, 5], [24, 16, 1, 15], [2, 10, 3, 9], [4, 24, 5, 23], [6, 22, 7, 21], [8, 20, 9, 19], [10, 14, 11, 13]]"
12a_0152_107,"[[10, 14, 11, 13], [12, 18, 13, 17], [14, 2, 15, 1], [16, 12, 17, 11], [18, 4, 19, 3], [20, 8, 21, 7], [22, 6, 23, 5], [24, 16, 1, 15], [2, 10, 3, 9], [4, 24, 5, 23], [6, 22, 7, 21], [8, 20, 9, 19]]"
12a_0152_108,"[[9, 21, 10, 20], [11, 15, 12, 14], [13, 19, 14, 18], [15, 3, 16, 2], [17, 13, 18, 12], [19, 5, 20, 4], [21, 9, 22, 8], [23, 7, 24, 6], [1, 17, 2, 16], [3, 11, 4, 10], [5, 1, 6, 24], [7, 23, 8, 22]]"
12a_0152_109,"[[7, 23, 8, 22], [9, 21, 10, 20], [11, 15, 12, 14], [13, 19, 14, 18], [15, 3, 16, 2], [17, 13, 18, 12], [19, 5, 20, 4], [21, 9, 22, 8], [23, 7, 24, 6], [1, 17, 2, 16], [3, 11, 4, 10], [5, 1, 6, 24]]"
12a_0152_110,"[[5, 1, 6, 24], [7, 23, 8, 22], [9, 21, 10, 20], [11, 15, 12, 14], [13, 19, 14, 18], [15, 3, 16, 2], [17, 13, 18, 12], [19, 5, 20, 4], [21, 9, 22, 8], [23, 7, 24, 6], [1, 17, 2, 16], [3, 11, 4, 10]]"
12a_0152_111,"[[3, 11, 4, 10], [5, 1, 6, 24], [7, 23, 8, 22], [9, 21, 10, 20], [11, 15, 12, 14], [13, 19, 14, 18], [15, 3, 16, 2], [17, 13, 18, 12], [19, 5, 20, 4], [21, 9, 22, 8], [23, 7, 24, 6], [1, 17, 2, 16]]"
12a_0152_112,"[[1, 17, 2, 16], [3, 11, 4, 10], [5, 1, 6, 24], [7, 23, 8, 22], [9, 21, 10, 20], [11, 15, 12, 14], [13, 19, 14, 18], [15, 3, 16, 2], [17, 13, 18, 12], [19, 5, 20, 4], [21, 9, 22, 8], [23, 7, 24, 6]]"
12a_0152_113,"[[23, 7, 24, 6], [1, 17, 2, 16], [3, 11, 4, 10], [5, 1, 6, 24], [7, 23, 8, 22], [9, 21, 10, 20], [11, 15, 12, 14], [13, 19, 14, 18], [15, 3, 16, 2], [17, 13, 18, 12], [19, 5, 20, 4], [21, 9, 22, 8]]"
12a_0152_114,"[[21, 9, 22, 8], [23, 7, 24, 6], [1, 17, 2, 16], [3, 11, 4, 10], [5, 1, 6, 24], [7, 23, 8, 22], [9, 21, 10, 20], [11, 15, 12, 14], [13, 19, 14, 18], [15, 3, 16, 2], [17, 13, 18, 12], [19, 5, 20, 4]]"
12a_0152_115,"[[19, 5, 20, 4], [21, 9, 22, 8], [23, 7, 24, 6], [1, 17, 2, 16], [3, 11, 4, 10], [5, 1, 6, 24], [7, 23, 8, 22], [9, 21, 10, 20], [11, 15, 12, 14], [13, 19, 14, 18], [15, 3, 16, 2], [17, 13, 18, 12]]"
12a_0152_116,"[[17, 13, 18, 12], [19, 5, 20, 4], [21, 9, 22, 8], [23, 7, 24, 6], [1, 17, 2, 16], [3, 11, 4, 10], [5, 1, 6, 24], [7, 23, 8, 22], [9, 21, 10, 20], [11, 15, 12, 14], [13, 19, 14, 18], [15, 3, 16, 2]]"
12a_0152_117,"[[15, 3, 16, 2], [17, 13, 18, 12], [19, 5, 20, 4], [21, 9, 22, 8], [23, 7, 24, 6], [1, 17, 2, 16], [3, 11, 4, 10], [5, 1, 6, 24], [7, 23, 8, 22], [9, 21, 10, 20], [11, 15, 12, 14], [13, 19, 14, 18]]"
12a_0152_118,"[[13, 19, 14, 18], [15, 3, 16, 2], [17, 13, 18, 12], [19, 5, 20, 4], [21, 9, 22, 8], [23, 7, 24, 6], [1, 17, 2, 16], [3, 11, 4, 10], [5, 1, 6, 24], [7, 23, 8, 22], [9, 21, 10, 20], [11, 15, 12, 14]]"
12a_0152_119,"[[11, 15, 12, 14], [13, 19, 14, 18], [15, 3, 16, 2], [17, 13, 18, 12], [19, 5, 20, 4], [21, 9, 22, 8], [23, 7, 24, 6], [1, 17, 2, 16], [3, 11, 4, 10], [5, 1, 6, 24], [7, 23, 8, 22], [9, 21, 10, 20]]"
12a_0152_120,"[[10, 22, 11, 21], [12, 16, 13, 15], [14, 20, 15, 19], [16, 4, 17, 3], [18, 14, 19, 13], [20, 6, 21, 5], [22, 10, 23, 9], [24, 8, 1, 7], [2, 18, 3, 17], [4, 12, 5, 11], [6, 2, 7, 1], [8, 24, 9, 23]]"
12a_0152_121,"[[8, 24, 9, 23], [10, 22, 11, 21], [12, 16, 13, 15], [14, 20, 15, 19], [16, 4, 17, 3], [18, 14, 19, 13], [20, 6, 21, 5], [22, 10, 23, 9], [24, 8, 1, 7], [2, 18, 3, 17], [4, 12, 5, 11], [6, 2, 7, 1]]"
12a_0152_122,"[[6, 2, 7, 1], [8, 24, 9, 23], [10, 22, 11, 21], [12, 16, 13, 15], [14, 20, 15, 19], [16, 4, 17, 3], [18, 14, 19, 13], [20, 6, 21, 5], [22, 10, 23, 9], [24, 8, 1, 7], [2, 18, 3, 17], [4, 12, 5, 11]]"
12a_0152_123,"[[4, 12, 5, 11], [6, 2, 7, 1], [8, 24, 9, 23], [10, 22, 11, 21], [12, 16, 13, 15], [14, 20, 15, 19], [16, 4, 17, 3], [18, 14, 19, 13], [20, 6, 21, 5], [22, 10, 23, 9], [24, 8, 1, 7], [2, 18, 3, 17]]"
12a_0152_124,"[[2, 18, 3, 17], [4, 12, 5, 11], [6, 2, 7, 1], [8, 24, 9, 23], [10, 22, 11, 21], [12, 16, 13, 15], [14, 20, 15, 19], [16, 4, 17, 3], [18, 14, 19, 13], [20, 6, 21, 5], [22, 10, 23, 9], [24, 8, 1, 7]]"
12a_0152_125,"[[24, 8, 1, 7], [2, 18, 3, 17], [4, 12, 5, 11], [6, 2, 7, 1], [8, 24, 9, 23], [10, 22, 11, 21], [12, 16, 13, 15], [14, 20, 15, 19], [16, 4, 17, 3], [18, 14, 19, 13], [20, 6, 21, 5], [22, 10, 23, 9]]"
12a_0152_126,"[[22, 10, 23, 9], [24, 8, 1, 7], [2, 18, 3, 17], [4, 12, 5, 11], [6, 2, 7, 1], [8, 24, 9, 23], [10, 22, 11, 21], [12, 16, 13, 15], [14, 20, 15, 19], [16, 4, 17, 3], [18, 14, 19, 13], [20, 6, 21, 5]]"
12a_0152_127,"[[20, 6, 21, 5], [22, 10, 23, 9], [24, 8, 1, 7], [2, 18, 3, 17], [4, 12, 5, 11], [6, 2, 7, 1], [8, 24, 9, 23], [10, 22, 11, 21], [12, 16, 13, 15], [14, 20, 15, 19], [16, 4, 17, 3], [18, 14, 19, 13]]"
12a_0152_128,"[[18, 14, 19, 13], [20, 6, 21, 5], [22, 10, 23, 9], [24, 8, 1, 7], [2, 18, 3, 17], [4, 12, 5, 11], [6, 2, 7, 1], [8, 24, 9, 23], [10, 22, 11, 21], [12, 16, 13, 15], [14, 20, 15, 19], [16, 4, 17, 3]]"
12a_0152_129,"[[16, 4, 17, 3], [18, 14, 19, 13], [20, 6, 21, 5], [22, 10, 23, 9], [24, 8, 1, 7], [2, 18, 3, 17], [4, 12, 5, 11], [6, 2, 7, 1], [8, 24, 9, 23], [10, 22, 11, 21], [12, 16, 13, 15], [14, 20, 15, 19]]"
12a_0152_130,"[[14, 20, 15, 19], [16, 4, 17, 3], [18, 14, 19, 13], [20, 6, 21, 5], [22, 10, 23, 9], [24, 8, 1, 7], [2, 18, 3, 17], [4, 12, 5, 11], [6, 2, 7, 1], [8, 24, 9, 23], [10, 22, 11, 21], [12, 16, 13, 15]]"
12a_0152_131,"[[12, 16, 13, 15], [14, 20, 15, 19], [16, 4, 17, 3], [18, 14, 19, 13], [20, 6, 21, 5], [22, 10, 23, 9], [24, 8, 1, 7], [2, 18, 3, 17], [4, 12, 5, 11], [6, 2, 7, 1], [8, 24, 9, 23], [10, 22, 11, 21]]"
12a_0152_132,"[[11, 23, 12, 22], [13, 17, 14, 16], [15, 21, 16, 20], [17, 5, 18, 4], [19, 15, 20, 14], [21, 7, 22, 6], [23, 11, 24, 10], [1, 9, 2, 8], [3, 19, 4, 18], [5, 13, 6, 12], [7, 3, 8, 2], [9, 1, 10, 24]]"
12a_0152_133,"[[9, 1, 10, 24], [11, 23, 12, 22], [13, 17, 14, 16], [15, 21, 16, 20], [17, 5, 18, 4], [19, 15, 20, 14], [21, 7, 22, 6], [23, 11, 24, 10], [1, 9, 2, 8], [3, 19, 4, 18], [5, 13, 6, 12], [7, 3, 8, 2]]"
12a_0152_134,"[[7, 3, 8, 2], [9, 1, 10, 24], [11, 23, 12, 22], [13, 17, 14, 16], [15, 21, 16, 20], [17, 5, 18, 4], [19, 15, 20, 14], [21, 7, 22, 6], [23, 11, 24, 10], [1, 9, 2, 8], [3, 19, 4, 18], [5, 13, 6, 12]]"
12a_0152_135,"[[5, 13, 6, 12], [7, 3, 8, 2], [9, 1, 10, 24], [11, 23, 12, 22], [13, 17, 14, 16], [15, 21, 16, 20], [17, 5, 18, 4], [19, 15, 20, 14], [21, 7, 22, 6], [23, 11, 24, 10], [1, 9, 2, 8], [3, 19, 4, 18]]"
12a_0152_136,"[[3, 19, 4, 18], [5, 13, 6, 12], [7, 3, 8, 2], [9, 1, 10, 24], [11, 23, 12, 22], [13, 17, 14, 16], [15, 21, 16, 20], [17, 5, 18, 4], [19, 15, 20, 14], [21, 7, 22, 6], [23, 11, 24, 10], [1, 9, 2, 8]]"
12a_0152_137,"[[1, 9, 2, 8], [3, 19, 4, 18], [5, 13, 6, 12], [7, 3, 8, 2], [9, 1, 10, 24], [11, 23, 12, 22], [13, 17, 14, 16], [15, 21, 16, 20], [17, 5, 18, 4], [19, 15, 20, 14], [21, 7, 22, 6], [23, 11, 24, 10]]"
12a_0152_138,"[[23, 11, 24, 10], [1, 9, 2, 8], [3, 19, 4, 18], [5, 13, 6, 12], [7, 3, 8, 2], [9, 1, 10, 24], [11, 23, 12, 22], [13, 17, 14, 16], [15, 21, 16, 20], [17, 5, 18, 4], [19, 15, 20, 14], [21, 7, 22, 6]]"
12a_0152_139,"[[21, 7, 22, 6], [23, 11, 24, 10], [1, 9, 2, 8], [3, 19, 4, 18], [5, 13, 6, 12], [7, 3, 8, 2], [9, 1, 10, 24], [11, 23, 12, 22], [13, 17, 14, 16], [15, 21, 16, 20], [17, 5, 18, 4], [19, 15, 20, 14]]"
12a_0152_140,"[[19, 15, 20, 14], [21, 7, 22, 6], [23, 11, 24, 10], [1, 9, 2, 8], [3, 19, 4, 18], [5, 13, 6, 12], [7, 3, 8, 2], [9, 1, 10, 24], [11, 23, 12, 22], [13, 17, 14, 16], [15, 21, 16, 20], [17, 5, 18, 4]]"
12a_0152_141,"[[17, 5, 18, 4], [19, 15, 20, 14], [21, 7, 22, 6], [23, 11, 24, 10], [1, 9, 2, 8], [3, 19, 4, 18], [5, 13, 6, 12], [7, 3, 8, 2], [9, 1, 10, 24], [11, 23, 12, 22], [13, 17, 14, 16], [15, 21, 16, 20]]"
12a_0152_142,"[[15, 21, 16, 20], [17, 5, 18, 4], [19, 15, 20, 14], [21, 7, 22, 6], [23, 11, 24, 10], [1, 9, 2, 8], [3, 19, 4, 18], [5, 13, 6, 12], [7, 3, 8, 2], [9, 1, 10, 24], [11, 23, 12, 22], [13, 17, 14, 16]]"
12a_0152_143,"[[13, 17, 14, 16], [15, 21, 16, 20], [17, 5, 18, 4], [19, 15, 20, 14], [21, 7, 22, 6], [23, 11, 24, 10], [1, 9, 2, 8], [3, 19, 4, 18], [5, 13, 6, 12], [7, 3, 8, 2], [9, 1, 10, 24], [11, 23, 12, 22]]"
12a_0152_144,"[[12, 24, 13, 23], [14, 18, 15, 17], [16, 22, 17, 21], [18, 6, 19, 5], [20, 16, 21, 15], [22, 8, 23, 7], [24, 12, 1, 11], [2, 10, 3, 9], [4, 20, 5, 19], [6, 14, 7, 13], [8, 4, 9, 3], [10, 2, 11, 1]]"
12a_0152_145,"[[10, 2, 11, 1], [12, 24, 13, 23], [14, 18, 15, 17], [16, 22, 17, 21], [18, 6, 19, 5], [20, 16, 21, 15], [22, 8, 23, 7], [24, 12, 1, 11], [2, 10, 3, 9], [4, 20, 5, 19], [6, 14, 7, 13], [8, 4, 9, 3]]"
12a_0152_146,"[[8, 4, 9, 3], [10, 2, 11, 1], [12, 24, 13, 23], [14, 18, 15, 17], [16, 22, 17, 21], [18, 6, 19, 5], [20, 16, 21, 15], [22, 8, 23, 7], [24, 12, 1, 11], [2, 10, 3, 9], [4, 20, 5, 19], [6, 14, 7, 13]]"
12a_0152_147,"[[6, 14, 7, 13], [8, 4, 9, 3], [10, 2, 11, 1], [12, 24, 13, 23], [14, 18, 15, 17], [16, 22, 17, 21], [18, 6, 19, 5], [20, 16, 21, 15], [22, 8, 23, 7], [24, 12, 1, 11], [2, 10, 3, 9], [4, 20, 5, 19]]"
12a_0152_148,"[[4, 20, 5, 19], [6, 14, 7, 13], [8, 4, 9, 3], [10, 2, 11, 1], [12, 24, 13, 23], [14, 18, 15, 17], [16, 22, 17, 21], [18, 6, 19, 5], [20, 16, 21, 15], [22, 8, 23, 7], [24, 12, 1, 11], [2, 10, 3, 9]]"
12a_0152_149,"[[2, 10, 3, 9], [4, 20, 5, 19], [6, 14, 7, 13], [8, 4, 9, 3], [10, 2, 11, 1], [12, 24, 13, 23], [14, 18, 15, 17], [16, 22, 17, 21], [18, 6, 19, 5], [20, 16, 21, 15], [22, 8, 23, 7], [24, 12, 1, 11]]"
12a_0152_150,"[[24, 12, 1, 11], [2, 10, 3, 9], [4, 20, 5, 19], [6, 14, 7, 13], [8, 4, 9, 3], [10, 2, 11, 1], [12, 24, 13, 23], [14, 18, 15, 17], [16, 22, 17, 21], [18, 6, 19, 5], [20, 16, 21, 15], [22, 8, 23, 7]]"
12a_0152_151,"[[22, 8, 23, 7], [24, 12, 1, 11], [2, 10, 3, 9], [4, 20, 5, 19], [6, 14, 7, 13], [8, 4, 9, 3], [10, 2, 11, 1], [12, 24, 13, 23], [14, 18, 15, 17], [16, 22, 17, 21], [18, 6, 19, 5], [20, 16, 21, 15]]"
12a_0152_152,"[[20, 16, 21, 15], [22, 8, 23, 7], [24, 12, 1, 11], [2, 10, 3, 9], [4, 20, 5, 19], [6, 14, 7, 13], [8, 4, 9, 3], [10, 2, 11, 1], [12, 24, 13, 23], [14, 18, 15, 17], [16, 22, 17, 21], [18, 6, 19, 5]]"
12a_0152_153,"[[18, 6, 19, 5], [20, 16, 21, 15], [22, 8, 23, 7], [24, 12, 1, 11], [2, 10, 3, 9], [4, 20, 5, 19], [6, 14, 7, 13], [8, 4, 9, 3], [10, 2, 11, 1], [12, 24, 13, 23], [14, 18, 15, 17], [16, 22, 17, 21]]"
12a_0152_154,"[[16, 22, 17, 21], [18, 6, 19, 5], [20, 16, 21, 15], [22, 8, 23, 7], [24, 12, 1, 11], [2, 10, 3, 9], [4, 20, 5, 19], [6, 14, 7, 13], [8, 4, 9, 3], [10, 2, 11, 1], [12, 24, 13, 23], [14, 18, 15, 17]]"
12a_0152_155,"[[14, 18, 15, 17], [16, 22, 17, 21], [18, 6, 19, 5], [20, 16, 21, 15], [22, 8, 23, 7], [24, 12, 1, 11], [2, 10, 3, 9], [4, 20, 5, 19], [6, 14, 7, 13], [8, 4, 9, 3], [10, 2, 11, 1], [12, 24, 13, 23]]"
12a_0152_156,"[[13, 1, 14, 24], [15, 19, 16, 18], [17, 23, 18, 22], [19, 7, 20, 6], [21, 17, 22, 16], [23, 9, 24, 8], [1, 13, 2, 12], [3, 11, 4, 10], [5, 21, 6, 20], [7, 15, 8, 14], [9, 5, 10, 4], [11, 3, 12, 2]]"
12a_0152_157,"[[11, 3, 12, 2], [13, 1, 14, 24], [15, 19, 16, 18], [17, 23, 18, 22], [19, 7, 20, 6], [21, 17, 22, 16], [23, 9, 24, 8], [1, 13, 2, 12], [3, 11, 4, 10], [5, 21, 6, 20], [7, 15, 8, 14], [9, 5, 10, 4]]"
12a_0152_158,"[[9, 5, 10, 4], [11, 3, 12, 2], [13, 1, 14, 24], [15, 19, 16, 18], [17, 23, 18, 22], [19, 7, 20, 6], [21, 17, 22, 16], [23, 9, 24, 8], [1, 13, 2, 12], [3, 11, 4, 10], [5, 21, 6, 20], [7, 15, 8, 14]]"
12a_0152_159,"[[7, 15, 8, 14], [9, 5, 10, 4], [11, 3, 12, 2], [13, 1, 14, 24], [15, 19, 16, 18], [17, 23, 18, 22], [19, 7, 20, 6], [21, 17, 22, 16], [23, 9, 24, 8], [1, 13, 2, 12], [3, 11, 4, 10], [5, 21, 6, 20]]"
12a_0152_160,"[[5, 21, 6, 20], [7, 15, 8, 14], [9, 5, 10, 4], [11, 3, 12, 2], [13, 1, 14, 24], [15, 19, 16, 18], [17, 23, 18, 22], [19, 7, 20, 6], [21, 17, 22, 16], [23, 9, 24, 8], [1, 13, 2, 12], [3, 11, 4, 10]]"
12a_0152_161,"[[3, 11, 4, 10], [5, 21, 6, 20], [7, 15, 8, 14], [9, 5, 10, 4], [11, 3, 12, 2], [13, 1, 14, 24], [15, 19, 16, 18], [17, 23, 18, 22], [19, 7, 20, 6], [21, 17, 22, 16], [23, 9, 24, 8], [1, 13, 2, 12]]"
12a_0152_162,"[[1, 13, 2, 12], [3, 11, 4, 10], [5, 21, 6, 20], [7, 15, 8, 14], [9, 5, 10, 4], [11, 3, 12, 2], [13, 1, 14, 24], [15, 19, 16, 18], [17, 23, 18, 22], [19, 7, 20, 6], [21, 17, 22, 16], [23, 9, 24, 8]]"
12a_0152_163,"[[23, 9, 24, 8], [1, 13, 2, 12], [3, 11, 4, 10], [5, 21, 6, 20], [7, 15, 8, 14], [9, 5, 10, 4], [11, 3, 12, 2], [13, 1, 14, 24], [15, 19, 16, 18], [17, 23, 18, 22], [19, 7, 20, 6], [21, 17, 22, 16]]"
12a_0152_164,"[[21, 17, 22, 16], [23, 9, 24, 8], [1, 13, 2, 12], [3, 11, 4, 10], [5, 21, 6, 20], [7, 15, 8, 14], [9, 5, 10, 4], [11, 3, 12, 2], [13, 1, 14, 24], [15, 19, 16, 18], [17, 23, 18, 22], [19, 7, 20, 6]]"
12a_0152_165,"[[19, 7, 20, 6], [21, 17, 22, 16], [23, 9, 24, 8], [1, 13, 2, 12], [3, 11, 4, 10], [5, 21, 6, 20], [7, 15, 8, 14], [9, 5, 10, 4], [11, 3, 12, 2], [13, 1, 14, 24], [15, 19, 16, 18], [17, 23, 18, 22]]"
12a_0152_166,"[[17, 23, 18, 22], [19, 7, 20, 6], [21, 17, 22, 16], [23, 9, 24, 8], [1, 13, 2, 12], [3, 11, 4, 10], [5, 21, 6, 20], [7, 15, 8, 14], [9, 5, 10, 4], [11, 3, 12, 2], [13, 1, 14, 24], [15, 19, 16, 18]]"
12a_0152_167,"[[15, 19, 16, 18], [17, 23, 18, 22], [19, 7, 20, 6], [21, 17, 22, 16], [23, 9, 24, 8], [1, 13, 2, 12], [3, 11, 4, 10], [5, 21, 6, 20], [7, 15, 8, 14], [9, 5, 10, 4], [11, 3, 12, 2], [13, 1, 14, 24]]"
12a_0152_168,"[[14, 2, 15, 1], [16, 20, 17, 19], [18, 24, 19, 23], [20, 8, 21, 7], [22, 18, 23, 17], [24, 10, 1, 9], [2, 14, 3, 13], [4, 12, 5, 11], [6, 22, 7, 21], [8, 16, 9, 15], [10, 6, 11, 5], [12, 4, 13, 3]]"
12a_0152_169,"[[12, 4, 13, 3], [14, 2, 15, 1], [16, 20, 17, 19], [18, 24, 19, 23], [20, 8, 21, 7], [22, 18, 23, 17], [24, 10, 1, 9], [2, 14, 3, 13], [4, 12, 5, 11], [6, 22, 7, 21], [8, 16, 9, 15], [10, 6, 11, 5]]"
12a_0152_170,"[[10, 6, 11, 5], [12, 4, 13, 3], [14, 2, 15, 1], [16, 20, 17, 19], [18, 24, 19, 23], [20, 8, 21, 7], [22, 18, 23, 17], [24, 10, 1, 9], [2, 14, 3, 13], [4, 12, 5, 11], [6, 22, 7, 21], [8, 16, 9, 15]]"
12a_0152_171,"[[8, 16, 9, 15], [10, 6, 11, 5], [12, 4, 13, 3], [14, 2, 15, 1], [16, 20, 17, 19], [18, 24, 19, 23], [20, 8, 21, 7], [22, 18, 23, 17], [24, 10, 1, 9], [2, 14, 3, 13], [4, 12, 5, 11], [6, 22, 7, 21]]"
12a_0152_172,"[[6, 22, 7, 21], [8, 16, 9, 15], [10, 6, 11, 5], [12, 4, 13, 3], [14, 2, 15, 1], [16, 20, 17, 19], [18, 24, 19, 23], [20, 8, 21, 7], [22, 18, 23, 17], [24, 10, 1, 9], [2, 14, 3, 13], [4, 12, 5, 11]]"
12a_0152_173,"[[4, 12, 5, 11], [6, 22, 7, 21], [8, 16, 9, 15], [10, 6, 11, 5], [12, 4, 13, 3], [14, 2, 15, 1], [16, 20, 17, 19], [18, 24, 19, 23], [20, 8, 21, 7], [22, 18, 23, 17], [24, 10, 1, 9], [2, 14, 3, 13]]"
12a_0152_174,"[[2, 14, 3, 13], [4, 12, 5, 11], [6, 22, 7, 21], [8, 16, 9, 15], [10, 6, 11, 5], [12, 4, 13, 3], [14, 2, 15, 1], [16, 20, 17, 19], [18, 24, 19, 23], [20, 8, 21, 7], [22, 18, 23, 17], [24, 10, 1, 9]]"
12a_0152_175,"[[24, 10, 1, 9], [2, 14, 3, 13], [4, 12, 5, 11], [6, 22, 7, 21], [8, 16, 9, 15], [10, 6, 11, 5], [12, 4, 13, 3], [14, 2, 15, 1], [16, 20, 17, 19], [18, 24, 19, 23], [20, 8, 21, 7], [22, 18, 23, 17]]"
12a_0152_176,"[[22, 18, 23, 17], [24, 10, 1, 9], [2, 14, 3, 13], [4, 12, 5, 11], [6, 22, 7, 21], [8, 16, 9, 15], [10, 6, 11, 5], [12, 4, 13, 3], [14, 2, 15, 1], [16, 20, 17, 19], [18, 24, 19, 23], [20, 8, 21, 7]]"
12a_0152_177,"[[20, 8, 21, 7], [22, 18, 23, 17], [24, 10, 1, 9], [2, 14, 3, 13], [4, 12, 5, 11], [6, 22, 7, 21], [8, 16, 9, 15], [10, 6, 11, 5], [12, 4, 13, 3], [14, 2, 15, 1], [16, 20, 17, 19], [18, 24, 19, 23]]"
12a_0152_178,"[[18, 24, 19, 23], [20, 8, 21, 7], [22, 18, 23, 17], [24, 10, 1, 9], [2, 14, 3, 13], [4, 12, 5, 11], [6, 22, 7, 21], [8, 16, 9, 15], [10, 6, 11, 5], [12, 4, 13, 3], [14, 2, 15, 1], [16, 20, 17, 19]]"
12a_0152_179,"[[16, 20, 17, 19], [18, 24, 19, 23], [20, 8, 21, 7], [22, 18, 23, 17], [24, 10, 1, 9], [2, 14, 3, 13], [4, 12, 5, 11], [6, 22, 7, 21], [8, 16, 9, 15], [10, 6, 11, 5], [12, 4, 13, 3], [14, 2, 15, 1]]"
12a_0152_180,"[[15, 3, 16, 2], [17, 21, 18, 20], [19, 1, 20, 24], [21, 9, 22, 8], [23, 19, 24, 18], [1, 11, 2, 10], [3, 15, 4, 14], [5, 13, 6, 12], [7, 23, 8, 22], [9, 17, 10, 16], [11, 7, 12, 6], [13, 5, 14, 4]]"
12a_0152_181,"[[13, 5, 14, 4], [15, 3, 16, 2], [17, 21, 18, 20], [19, 1, 20, 24], [21, 9, 22, 8], [23, 19, 24, 18], [1, 11, 2, 10], [3, 15, 4, 14], [5, 13, 6, 12], [7, 23, 8, 22], [9, 17, 10, 16], [11, 7, 12, 6]]"
12a_0152_182,"[[11, 7, 12, 6], [13, 5, 14, 4], [15, 3, 16, 2], [17, 21, 18, 20], [19, 1, 20, 24], [21, 9, 22, 8], [23, 19, 24, 18], [1, 11, 2, 10], [3, 15, 4, 14], [5, 13, 6, 12], [7, 23, 8, 22], [9, 17, 10, 16]]"
12a_0152_183,"[[9, 17, 10, 16], [11, 7, 12, 6], [13, 5, 14, 4], [15, 3, 16, 2], [17, 21, 18, 20], [19, 1, 20, 24], [21, 9, 22, 8], [23, 19, 24, 18], [1, 11, 2, 10], [3, 15, 4, 14], [5, 13, 6, 12], [7, 23, 8, 22]]"
12a_0152_184,"[[7, 23, 8, 22], [9, 17, 10, 16], [11, 7, 12, 6], [13, 5, 14, 4], [15, 3, 16, 2], [17, 21, 18, 20], [19, 1, 20, 24], [21, 9, 22, 8], [23, 19, 24, 18], [1, 11, 2, 10], [3, 15, 4, 14], [5, 13, 6, 12]]"
12a_0152_185,"[[5, 13, 6, 12], [7, 23, 8, 22], [9, 17, 10, 16], [11, 7, 12, 6], [13, 5, 14, 4], [15, 3, 16, 2], [17, 21, 18, 20], [19, 1, 20, 24], [21, 9, 22, 8], [23, 19, 24, 18], [1, 11, 2, 10], [3, 15, 4, 14]]"
