name,pd_notation
12a_0167_0,"[[24, 11, 1, 12], [2, 6, 3, 5], [4, 10, 5, 9], [6, 17, 7, 18], [8, 4, 9, 3], [10, 23, 11, 24], [12, 1, 13, 2], [14, 19, 15, 20], [16, 21, 17, 22], [18, 7, 19, 8], [20, 15, 21, 16], [22, 13, 23, 14]]"
12a_0167_1,"[[22, 13, 23, 14], [24, 11, 1, 12], [2, 6, 3, 5], [4, 10, 5, 9], [6, 17, 7, 18], [8, 4, 9, 3], [10, 23, 11, 24], [12, 1, 13, 2], [14, 19, 15, 20], [16, 21, 17, 22], [18, 7, 19, 8], [20, 15, 21, 16]]"
12a_0167_2,"[[20, 15, 21, 16], [22, 13, 23, 14], [24, 11, 1, 12], [2, 6, 3, 5], [4, 10, 5, 9], [6, 17, 7, 18], [8, 4, 9, 3], [10, 23, 11, 24], [12, 1, 13, 2], [14, 19, 15, 20], [16, 21, 17, 22], [18, 7, 19, 8]]"
12a_0167_3,"[[18, 7, 19, 8], [20, 15, 21, 16], [22, 13, 23, 14], [24, 11, 1, 12], [2, 6, 3, 5], [4, 10, 5, 9], [6, 17, 7, 18], [8, 4, 9, 3], [10, 23, 11, 24], [12, 1, 13, 2], [14, 19, 15, 20], [16, 21, 17, 22]]"
12a_0167_4,"[[16, 21, 17, 22], [18, 7, 19, 8], [20, 15, 21, 16], [22, 13, 23, 14], [24, 11, 1, 12], [2, 6, 3, 5], [4, 10, 5, 9], [6, 17, 7, 18], [8, 4, 9, 3], [10, 23, 11, 24], [12, 1, 13, 2], [14, 19, 15, 20]]"
12a_0167_5,"[[14, 19, 15, 20], [16, 21, 17, 22], [18, 7, 19, 8], [20, 15, 21, 16], [22, 13, 23, 14], [24, 11, 1, 12], [2, 6, 3, 5], [4, 10, 5, 9], [6, 17, 7, 18], [8, 4, 9, 3], [10, 23, 11, 24], [12, 1, 13, 2]]"
12a_0167_6,"[[12, 1, 13, 2], [14, 19, 15, 20], [16, 21, 17, 22], [18, 7, 19, 8], [20, 15, 21, 16], [22, 13, 23, 14], [24, 11, 1, 12], [2, 6, 3, 5], [4, 10, 5, 9], [6, 17, 7, 18], [8, 4, 9, 3], [10, 23, 11, 24]]"
12a_0167_7,"[[10, 23, 11, 24], [12, 1, 13, 2], [14, 19, 15, 20], [16, 21, 17, 22], [18, 7, 19, 8], [20, 15, 21, 16], [22, 13, 23, 14], [24, 11, 1, 12], [2, 6, 3, 5], [4, 10, 5, 9], [6, 17, 7, 18], [8, 4, 9, 3]]"
12a_0167_8,"[[8, 4, 9, 3], [10, 23, 11, 24], [12, 1, 13, 2], [14, 19, 15, 20], [16, 21, 17, 22], [18, 7, 19, 8], [20, 15, 21, 16], [22, 13, 23, 14], [24, 11, 1, 12], [2, 6, 3, 5], [4, 10, 5, 9], [6, 17, 7, 18]]"
12a_0167_9,"[[6, 17, 7, 18], [8, 4, 9, 3], [10, 23, 11, 24], [12, 1, 13, 2], [14, 19, 15, 20], [16, 21, 17, 22], [18, 7, 19, 8], [20, 15, 21, 16], [22, 13, 23, 14], [24, 11, 1, 12], [2, 6, 3, 5], [4, 10, 5, 9]]"
12a_0167_10,"[[4, 10, 5, 9], [6, 17, 7, 18], [8, 4, 9, 3], [10, 23, 11, 24], [12, 1, 13, 2], [14, 19, 15, 20], [16, 21, 17, 22], [18, 7, 19, 8], [20, 15, 21, 16], [22, 13, 23, 14], [24, 11, 1, 12], [2, 6, 3, 5]]"
12a_0167_11,"[[2, 6, 3, 5], [4, 10, 5, 9], [6, 17, 7, 18], [8, 4, 9, 3], [10, 23, 11, 24], [12, 1, 13, 2], [14, 19, 15, 20], [16, 21, 17, 22], [18, 7, 19, 8], [20, 15, 21, 16], [22, 13, 23, 14], [24, 11, 1, 12]]"
12a_0167_12,"[[1, 12, 2, 13], [3, 7, 4, 6], [5, 11, 6, 10], [7, 18, 8, 19], [9, 5, 10, 4], [11, 24, 12, 1], [13, 2, 14, 3], [15, 20, 16, 21], [17, 22, 18, 23], [19, 8, 20, 9], [21, 16, 22, 17], [23, 14, 24, 15]]"
12a_0167_13,"[[23, 14, 24, 15], [1, 12, 2, 13], [3, 7, 4, 6], [5, 11, 6, 10], [7, 18, 8, 19], [9, 5, 10, 4], [11, 24, 12, 1], [13, 2, 14, 3], [15, 20, 16, 21], [17, 22, 18, 23], [19, 8, 20, 9], [21, 16, 22, 17]]"
12a_0167_14,"[[21, 16, 22, 17], [23, 14, 24, 15], [1, 12, 2, 13], [3, 7, 4, 6], [5, 11, 6, 10], [7, 18, 8, 19], [9, 5, 10, 4], [11, 24, 12, 1], [13, 2, 14, 3], [15, 20, 16, 21], [17, 22, 18, 23], [19, 8, 20, 9]]"
12a_0167_15,"[[19, 8, 20, 9], [21, 16, 22, 17], [23, 14, 24, 15], [1, 12, 2, 13], [3, 7, 4, 6], [5, 11, 6, 10], [7, 18, 8, 19], [9, 5, 10, 4], [11, 24, 12, 1], [13, 2, 14, 3], [15, 20, 16, 21], [17, 22, 18, 23]]"
12a_0167_16,"[[17, 22, 18, 23], [19, 8, 20, 9], [21, 16, 22, 17], [23, 14, 24, 15], [1, 12, 2, 13], [3, 7, 4, 6], [5, 11, 6, 10], [7, 18, 8, 19], [9, 5, 10, 4], [11, 24, 12, 1], [13, 2, 14, 3], [15, 20, 16, 21]]"
12a_0167_17,"[[15, 20, 16, 21], [17, 22, 18, 23], [19, 8, 20, 9], [21, 16, 22, 17], [23, 14, 24, 15], [1, 12, 2, 13], [3, 7, 4, 6], [5, 11, 6, 10], [7, 18, 8, 19], [9, 5, 10, 4], [11, 24, 12, 1], [13, 2, 14, 3]]"
12a_0167_18,"[[13, 2, 14, 3], [15, 20, 16, 21], [17, 22, 18, 23], [19, 8, 20, 9], [21, 16, 22, 17], [23, 14, 24, 15], [1, 12, 2, 13], [3, 7, 4, 6], [5, 11, 6, 10], [7, 18, 8, 19], [9, 5, 10, 4], [11, 24, 12, 1]]"
12a_0167_19,"[[11, 24, 12, 1], [13, 2, 14, 3], [15, 20, 16, 21], [17, 22, 18, 23], [19, 8, 20, 9], [21, 16, 22, 17], [23, 14, 24, 15], [1, 12, 2, 13], [3, 7, 4, 6], [5, 11, 6, 10], [7, 18, 8, 19], [9, 5, 10, 4]]"
12a_0167_20,"[[9, 5, 10, 4], [11, 24, 12, 1], [13, 2, 14, 3], [15, 20, 16, 21], [17, 22, 18, 23], [19, 8, 20, 9], [21, 16, 22, 17], [23, 14, 24, 15], [1, 12, 2, 13], [3, 7, 4, 6], [5, 11, 6, 10], [7, 18, 8, 19]]"
12a_0167_21,"[[7, 18, 8, 19], [9, 5, 10, 4], [11, 24, 12, 1], [13, 2, 14, 3], [15, 20, 16, 21], [17, 22, 18, 23], [19, 8, 20, 9], [21, 16, 22, 17], [23, 14, 24, 15], [1, 12, 2, 13], [3, 7, 4, 6], [5, 11, 6, 10]]"
12a_0167_22,"[[5, 11, 6, 10], [7, 18, 8, 19], [9, 5, 10, 4], [11, 24, 12, 1], [13, 2, 14, 3], [15, 20, 16, 21], [17, 22, 18, 23], [19, 8, 20, 9], [21, 16, 22, 17], [23, 14, 24, 15], [1, 12, 2, 13], [3, 7, 4, 6]]"
12a_0167_23,"[[3, 7, 4, 6], [5, 11, 6, 10], [7, 18, 8, 19], [9, 5, 10, 4], [11, 24, 12, 1], [13, 2, 14, 3], [15, 20, 16, 21], [17, 22, 18, 23], [19, 8, 20, 9], [21, 16, 22, 17], [23, 14, 24, 15], [1, 12, 2, 13]]"
12a_0167_24,"[[2, 13, 3, 14], [4, 8, 5, 7], [6, 12, 7, 11], [8, 19, 9, 20], [10, 6, 11, 5], [12, 1, 13, 2], [14, 3, 15, 4], [16, 21, 17, 22], [18, 23, 19, 24], [20, 9, 21, 10], [22, 17, 23, 18], [24, 15, 1, 16]]"
12a_0167_25,"[[24, 15, 1, 16], [2, 13, 3, 14], [4, 8, 5, 7], [6, 12, 7, 11], [8, 19, 9, 20], [10, 6, 11, 5], [12, 1, 13, 2], [14, 3, 15, 4], [16, 21, 17, 22], [18, 23, 19, 24], [20, 9, 21, 10], [22, 17, 23, 18]]"
12a_0167_26,"[[22, 17, 23, 18], [24, 15, 1, 16], [2, 13, 3, 14], [4, 8, 5, 7], [6, 12, 7, 11], [8, 19, 9, 20], [10, 6, 11, 5], [12, 1, 13, 2], [14, 3, 15, 4], [16, 21, 17, 22], [18, 23, 19, 24], [20, 9, 21, 10]]"
12a_0167_27,"[[20, 9, 21, 10], [22, 17, 23, 18], [24, 15, 1, 16], [2, 13, 3, 14], [4, 8, 5, 7], [6, 12, 7, 11], [8, 19, 9, 20], [10, 6, 11, 5], [12, 1, 13, 2], [14, 3, 15, 4], [16, 21, 17, 22], [18, 23, 19, 24]]"
12a_0167_28,"[[18, 23, 19, 24], [20, 9, 21, 10], [22, 17, 23, 18], [24, 15, 1, 16], [2, 13, 3, 14], [4, 8, 5, 7], [6, 12, 7, 11], [8, 19, 9, 20], [10, 6, 11, 5], [12, 1, 13, 2], [14, 3, 15, 4], [16, 21, 17, 22]]"
12a_0167_29,"[[16, 21, 17, 22], [18, 23, 19, 24], [20, 9, 21, 10], [22, 17, 23, 18], [24, 15, 1, 16], [2, 13, 3, 14], [4, 8, 5, 7], [6, 12, 7, 11], [8, 19, 9, 20], [10, 6, 11, 5], [12, 1, 13, 2], [14, 3, 15, 4]]"
12a_0167_30,"[[14, 3, 15, 4], [16, 21, 17, 22], [18, 23, 19, 24], [20, 9, 21, 10], [22, 17, 23, 18], [24, 15, 1, 16], [2, 13, 3, 14], [4, 8, 5, 7], [6, 12, 7, 11], [8, 19, 9, 20], [10, 6, 11, 5], [12, 1, 13, 2]]"
12a_0167_31,"[[12, 1, 13, 2], [14, 3, 15, 4], [16, 21, 17, 22], [18, 23, 19, 24], [20, 9, 21, 10], [22, 17, 23, 18], [24, 15, 1, 16], [2, 13, 3, 14], [4, 8, 5, 7], [6, 12, 7, 11], [8, 19, 9, 20], [10, 6, 11, 5]]"
12a_0167_32,"[[10, 6, 11, 5], [12, 1, 13, 2], [14, 3, 15, 4], [16, 21, 17, 22], [18, 23, 19, 24], [20, 9, 21, 10], [22, 17, 23, 18], [24, 15, 1, 16], [2, 13, 3, 14], [4, 8, 5, 7], [6, 12, 7, 11], [8, 19, 9, 20]]"
12a_0167_33,"[[8, 19, 9, 20], [10, 6, 11, 5], [12, 1, 13, 2], [14, 3, 15, 4], [16, 21, 17, 22], [18, 23, 19, 24], [20, 9, 21, 10], [22, 17, 23, 18], [24, 15, 1, 16], [2, 13, 3, 14], [4, 8, 5, 7], [6, 12, 7, 11]]"
12a_0167_34,"[[6, 12, 7, 11], [8, 19, 9, 20], [10, 6, 11, 5], [12, 1, 13, 2], [14, 3, 15, 4], [16, 21, 17, 22], [18, 23, 19, 24], [20, 9, 21, 10], [22, 17, 23, 18], [24, 15, 1, 16], [2, 13, 3, 14], [4, 8, 5, 7]]"
12a_0167_35,"[[4, 8, 5, 7], [6, 12, 7, 11], [8, 19, 9, 20], [10, 6, 11, 5], [12, 1, 13, 2], [14, 3, 15, 4], [16, 21, 17, 22], [18, 23, 19, 24], [20, 9, 21, 10], [22, 17, 23, 18], [24, 15, 1, 16], [2, 13, 3, 14]]"
12a_0167_36,"[[3, 14, 4, 15], [5, 9, 6, 8], [7, 13, 8, 12], [9, 20, 10, 21], [11, 7, 12, 6], [13, 2, 14, 3], [15, 4, 16, 5], [17, 22, 18, 23], [19, 24, 20, 1], [21, 10, 22, 11], [23, 18, 24, 19], [1, 16, 2, 17]]"
12a_0167_37,"[[1, 16, 2, 17], [3, 14, 4, 15], [5, 9, 6, 8], [7, 13, 8, 12], [9, 20, 10, 21], [11, 7, 12, 6], [13, 2, 14, 3], [15, 4, 16, 5], [17, 22, 18, 23], [19, 24, 20, 1], [21, 10, 22, 11], [23, 18, 24, 19]]"
12a_0167_38,"[[23, 18, 24, 19], [1, 16, 2, 17], [3, 14, 4, 15], [5, 9, 6, 8], [7, 13, 8, 12], [9, 20, 10, 21], [11, 7, 12, 6], [13, 2, 14, 3], [15, 4, 16, 5], [17, 22, 18, 23], [19, 24, 20, 1], [21, 10, 22, 11]]"
12a_0167_39,"[[21, 10, 22, 11], [23, 18, 24, 19], [1, 16, 2, 17], [3, 14, 4, 15], [5, 9, 6, 8], [7, 13, 8, 12], [9, 20, 10, 21], [11, 7, 12, 6], [13, 2, 14, 3], [15, 4, 16, 5], [17, 22, 18, 23], [19, 24, 20, 1]]"
12a_0167_40,"[[19, 24, 20, 1], [21, 10, 22, 11], [23, 18, 24, 19], [1, 16, 2, 17], [3, 14, 4, 15], [5, 9, 6, 8], [7, 13, 8, 12], [9, 20, 10, 21], [11, 7, 12, 6], [13, 2, 14, 3], [15, 4, 16, 5], [17, 22, 18, 23]]"
12a_0167_41,"[[17, 22, 18, 23], [19, 24, 20, 1], [21, 10, 22, 11], [23, 18, 24, 19], [1, 16, 2, 17], [3, 14, 4, 15], [5, 9, 6, 8], [7, 13, 8, 12], [9, 20, 10, 21], [11, 7, 12, 6], [13, 2, 14, 3], [15, 4, 16, 5]]"
12a_0167_42,"[[15, 4, 16, 5], [17, 22, 18, 23], [19, 24, 20, 1], [21, 10, 22, 11], [23, 18, 24, 19], [1, 16, 2, 17], [3, 14, 4, 15], [5, 9, 6, 8], [7, 13, 8, 12], [9, 20, 10, 21], [11, 7, 12, 6], [13, 2, 14, 3]]"
12a_0167_43,"[[13, 2, 14, 3], [15, 4, 16, 5], [17, 22, 18, 23], [19, 24, 20, 1], [21, 10, 22, 11], [23, 18, 24, 19], [1, 16, 2, 17], [3, 14, 4, 15], [5, 9, 6, 8], [7, 13, 8, 12], [9, 20, 10, 21], [11, 7, 12, 6]]"
12a_0167_44,"[[11, 7, 12, 6], [13, 2, 14, 3], [15, 4, 16, 5], [17, 22, 18, 23], [19, 24, 20, 1], [21, 10, 22, 11], [23, 18, 24, 19], [1, 16, 2, 17], [3, 14, 4, 15], [5, 9, 6, 8], [7, 13, 8, 12], [9, 20, 10, 21]]"
12a_0167_45,"[[9, 20, 10, 21], [11, 7, 12, 6], [13, 2, 14, 3], [15, 4, 16, 5], [17, 22, 18, 23], [19, 24, 20, 1], [21, 10, 22, 11], [23, 18, 24, 19], [1, 16, 2, 17], [3, 14, 4, 15], [5, 9, 6, 8], [7, 13, 8, 12]]"
12a_0167_46,"[[7, 13, 8, 12], [9, 20, 10, 21], [11, 7, 12, 6], [13, 2, 14, 3], [15, 4, 16, 5], [17, 22, 18, 23], [19, 24, 20, 1], [21, 10, 22, 11], [23, 18, 24, 19], [1, 16, 2, 17], [3, 14, 4, 15], [5, 9, 6, 8]]"
12a_0167_47,"[[5, 9, 6, 8], [7, 13, 8, 12], [9, 20, 10, 21], [11, 7, 12, 6], [13, 2, 14, 3], [15, 4, 16, 5], [17, 22, 18, 23], [19, 24, 20, 1], [21, 10, 22, 11], [23, 18, 24, 19], [1, 16, 2, 17], [3, 14, 4, 15]]"
12a_0167_48,"[[4, 15, 5, 16], [6, 10, 7, 9], [8, 14, 9, 13], [10, 21, 11, 22], [12, 8, 13, 7], [14, 3, 15, 4], [16, 5, 17, 6], [18, 23, 19, 24], [20, 1, 21, 2], [22, 11, 23, 12], [24, 19, 1, 20], [2, 17, 3, 18]]"
12a_0167_49,"[[2, 17, 3, 18], [4, 15, 5, 16], [6, 10, 7, 9], [8, 14, 9, 13], [10, 21, 11, 22], [12, 8, 13, 7], [14, 3, 15, 4], [16, 5, 17, 6], [18, 23, 19, 24], [20, 1, 21, 2], [22, 11, 23, 12], [24, 19, 1, 20]]"
12a_0167_50,"[[24, 19, 1, 20], [2, 17, 3, 18], [4, 15, 5, 16], [6, 10, 7, 9], [8, 14, 9, 13], [10, 21, 11, 22], [12, 8, 13, 7], [14, 3, 15, 4], [16, 5, 17, 6], [18, 23, 19, 24], [20, 1, 21, 2], [22, 11, 23, 12]]"
12a_0167_51,"[[22, 11, 23, 12], [24, 19, 1, 20], [2, 17, 3, 18], [4, 15, 5, 16], [6, 10, 7, 9], [8, 14, 9, 13], [10, 21, 11, 22], [12, 8, 13, 7], [14, 3, 15, 4], [16, 5, 17, 6], [18, 23, 19, 24], [20, 1, 21, 2]]"
12a_0167_52,"[[20, 1, 21, 2], [22, 11, 23, 12], [24, 19, 1, 20], [2, 17, 3, 18], [4, 15, 5, 16], [6, 10, 7, 9], [8, 14, 9, 13], [10, 21, 11, 22], [12, 8, 13, 7], [14, 3, 15, 4], [16, 5, 17, 6], [18, 23, 19, 24]]"
12a_0167_53,"[[18, 23, 19, 24], [20, 1, 21, 2], [22, 11, 23, 12], [24, 19, 1, 20], [2, 17, 3, 18], [4, 15, 5, 16], [6, 10, 7, 9], [8, 14, 9, 13], [10, 21, 11, 22], [12, 8, 13, 7], [14, 3, 15, 4], [16, 5, 17, 6]]"
12a_0167_54,"[[16, 5, 17, 6], [18, 23, 19, 24], [20, 1, 21, 2], [22, 11, 23, 12], [24, 19, 1, 20], [2, 17, 3, 18], [4, 15, 5, 16], [6, 10, 7, 9], [8, 14, 9, 13], [10, 21, 11, 22], [12, 8, 13, 7], [14, 3, 15, 4]]"
12a_0167_55,"[[14, 3, 15, 4], [16, 5, 17, 6], [18, 23, 19, 24], [20, 1, 21, 2], [22, 11, 23, 12], [24, 19, 1, 20], [2, 17, 3, 18], [4, 15, 5, 16], [6, 10, 7, 9], [8, 14, 9, 13], [10, 21, 11, 22], [12, 8, 13, 7]]"
12a_0167_56,"[[12, 8, 13, 7], [14, 3, 15, 4], [16, 5, 17, 6], [18, 23, 19, 24], [20, 1, 21, 2], [22, 11, 23, 12], [24, 19, 1, 20], [2, 17, 3, 18], [4, 15, 5, 16], [6, 10, 7, 9], [8, 14, 9, 13], [10, 21, 11, 22]]"
12a_0167_57,"[[10, 21, 11, 22], [12, 8, 13, 7], [14, 3, 15, 4], [16, 5, 17, 6], [18, 23, 19, 24], [20, 1, 21, 2], [22, 11, 23, 12], [24, 19, 1, 20], [2, 17, 3, 18], [4, 15, 5, 16], [6, 10, 7, 9], [8, 14, 9, 13]]"
12a_0167_58,"[[8, 14, 9, 13], [10, 21, 11, 22], [12, 8, 13, 7], [14, 3, 15, 4], [16, 5, 17, 6], [18, 23, 19, 24], [20, 1, 21, 2], [22, 11, 23, 12], [24, 19, 1, 20], [2, 17, 3, 18], [4, 15, 5, 16], [6, 10, 7, 9]]"
12a_0167_59,"[[6, 10, 7, 9], [8, 14, 9, 13], [10, 21, 11, 22], [12, 8, 13, 7], [14, 3, 15, 4], [16, 5, 17, 6], [18, 23, 19, 24], [20, 1, 21, 2], [22, 11, 23, 12], [24, 19, 1, 20], [2, 17, 3, 18], [4, 15, 5, 16]]"
12a_0167_60,"[[5, 16, 6, 17], [7, 11, 8, 10], [9, 15, 10, 14], [11, 22, 12, 23], [13, 9, 14, 8], [15, 4, 16, 5], [17, 6, 18, 7], [19, 24, 20, 1], [21, 2, 22, 3], [23, 12, 24, 13], [1, 20, 2, 21], [3, 18, 4, 19]]"
12a_0167_61,"[[3, 18, 4, 19], [5, 16, 6, 17], [7, 11, 8, 10], [9, 15, 10, 14], [11, 22, 12, 23], [13, 9, 14, 8], [15, 4, 16, 5], [17, 6, 18, 7], [19, 24, 20, 1], [21, 2, 22, 3], [23, 12, 24, 13], [1, 20, 2, 21]]"
12a_0167_62,"[[1, 20, 2, 21], [3, 18, 4, 19], [5, 16, 6, 17], [7, 11, 8, 10], [9, 15, 10, 14], [11, 22, 12, 23], [13, 9, 14, 8], [15, 4, 16, 5], [17, 6, 18, 7], [19, 24, 20, 1], [21, 2, 22, 3], [23, 12, 24, 13]]"
12a_0167_63,"[[23, 12, 24, 13], [1, 20, 2, 21], [3, 18, 4, 19], [5, 16, 6, 17], [7, 11, 8, 10], [9, 15, 10, 14], [11, 22, 12, 23], [13, 9, 14, 8], [15, 4, 16, 5], [17, 6, 18, 7], [19, 24, 20, 1], [21, 2, 22, 3]]"
12a_0167_64,"[[21, 2, 22, 3], [23, 12, 24, 13], [1, 20, 2, 21], [3, 18, 4, 19], [5, 16, 6, 17], [7, 11, 8, 10], [9, 15, 10, 14], [11, 22, 12, 23], [13, 9, 14, 8], [15, 4, 16, 5], [17, 6, 18, 7], [19, 24, 20, 1]]"
12a_0167_65,"[[19, 24, 20, 1], [21, 2, 22, 3], [23, 12, 24, 13], [1, 20, 2, 21], [3, 18, 4, 19], [5, 16, 6, 17], [7, 11, 8, 10], [9, 15, 10, 14], [11, 22, 12, 23], [13, 9, 14, 8], [15, 4, 16, 5], [17, 6, 18, 7]]"
12a_0167_66,"[[17, 6, 18, 7], [19, 24, 20, 1], [21, 2, 22, 3], [23, 12, 24, 13], [1, 20, 2, 21], [3, 18, 4, 19], [5, 16, 6, 17], [7, 11, 8, 10], [9, 15, 10, 14], [11, 22, 12, 23], [13, 9, 14, 8], [15, 4, 16, 5]]"
12a_0167_67,"[[15, 4, 16, 5], [17, 6, 18, 7], [19, 24, 20, 1], [21, 2, 22, 3], [23, 12, 24, 13], [1, 20, 2, 21], [3, 18, 4, 19], [5, 16, 6, 17], [7, 11, 8, 10], [9, 15, 10, 14], [11, 22, 12, 23], [13, 9, 14, 8]]"
12a_0167_68,"[[13, 9, 14, 8], [15, 4, 16, 5], [17, 6, 18, 7], [19, 24, 20, 1], [21, 2, 22, 3], [23, 12, 24, 13], [1, 20, 2, 21], [3, 18, 4, 19], [5, 16, 6, 17], [7, 11, 8, 10], [9, 15, 10, 14], [11, 22, 12, 23]]"
12a_0167_69,"[[11, 22, 12, 23], [13, 9, 14, 8], [15, 4, 16, 5], [17, 6, 18, 7], [19, 24, 20, 1], [21, 2, 22, 3], [23, 12, 24, 13], [1, 20, 2, 21], [3, 18, 4, 19], [5, 16, 6, 17], [7, 11, 8, 10], [9, 15, 10, 14]]"
12a_0167_70,"[[9, 15, 10, 14], [11, 22, 12, 23], [13, 9, 14, 8], [15, 4, 16, 5], [17, 6, 18, 7], [19, 24, 20, 1], [21, 2, 22, 3], [23, 12, 24, 13], [1, 20, 2, 21], [3, 18, 4, 19], [5, 16, 6, 17], [7, 11, 8, 10]]"
12a_0167_71,"[[7, 11, 8, 10], [9, 15, 10, 14], [11, 22, 12, 23], [13, 9, 14, 8], [15, 4, 16, 5], [17, 6, 18, 7], [19, 24, 20, 1], [21, 2, 22, 3], [23, 12, 24, 13], [1, 20, 2, 21], [3, 18, 4, 19], [5, 16, 6, 17]]"
12a_0167_72,"[[6, 17, 7, 18], [8, 12, 9, 11], [10, 16, 11, 15], [12, 23, 13, 24], [14, 10, 15, 9], [16, 5, 17, 6], [18, 7, 19, 8], [20, 1, 21, 2], [22, 3, 23, 4], [24, 13, 1, 14], [2, 21, 3, 22], [4, 19, 5, 20]]"
12a_0167_73,"[[4, 19, 5, 20], [6, 17, 7, 18], [8, 12, 9, 11], [10, 16, 11, 15], [12, 23, 13, 24], [14, 10, 15, 9], [16, 5, 17, 6], [18, 7, 19, 8], [20, 1, 21, 2], [22, 3, 23, 4], [24, 13, 1, 14], [2, 21, 3, 22]]"
12a_0167_74,"[[2, 21, 3, 22], [4, 19, 5, 20], [6, 17, 7, 18], [8, 12, 9, 11], [10, 16, 11, 15], [12, 23, 13, 24], [14, 10, 15, 9], [16, 5, 17, 6], [18, 7, 19, 8], [20, 1, 21, 2], [22, 3, 23, 4], [24, 13, 1, 14]]"
12a_0167_75,"[[24, 13, 1, 14], [2, 21, 3, 22], [4, 19, 5, 20], [6, 17, 7, 18], [8, 12, 9, 11], [10, 16, 11, 15], [12, 23, 13, 24], [14, 10, 15, 9], [16, 5, 17, 6], [18, 7, 19, 8], [20, 1, 21, 2], [22, 3, 23, 4]]"
12a_0167_76,"[[22, 3, 23, 4], [24, 13, 1, 14], [2, 21, 3, 22], [4, 19, 5, 20], [6, 17, 7, 18], [8, 12, 9, 11], [10, 16, 11, 15], [12, 23, 13, 24], [14, 10, 15, 9], [16, 5, 17, 6], [18, 7, 19, 8], [20, 1, 21, 2]]"
12a_0167_77,"[[20, 1, 21, 2], [22, 3, 23, 4], [24, 13, 1, 14], [2, 21, 3, 22], [4, 19, 5, 20], [6, 17, 7, 18], [8, 12, 9, 11], [10, 16, 11, 15], [12, 23, 13, 24], [14, 10, 15, 9], [16, 5, 17, 6], [18, 7, 19, 8]]"
12a_0167_78,"[[18, 7, 19, 8], [20, 1, 21, 2], [22, 3, 23, 4], [24, 13, 1, 14], [2, 21, 3, 22], [4, 19, 5, 20], [6, 17, 7, 18], [8, 12, 9, 11], [10, 16, 11, 15], [12, 23, 13, 24], [14, 10, 15, 9], [16, 5, 17, 6]]"
12a_0167_79,"[[16, 5, 17, 6], [18, 7, 19, 8], [20, 1, 21, 2], [22, 3, 23, 4], [24, 13, 1, 14], [2, 21, 3, 22], [4, 19, 5, 20], [6, 17, 7, 18], [8, 12, 9, 11], [10, 16, 11, 15], [12, 23, 13, 24], [14, 10, 15, 9]]"
12a_0167_80,"[[14, 10, 15, 9], [16, 5, 17, 6], [18, 7, 19, 8], [20, 1, 21, 2], [22, 3, 23, 4], [24, 13, 1, 14], [2, 21, 3, 22], [4, 19, 5, 20], [6, 17, 7, 18], [8, 12, 9, 11], [10, 16, 11, 15], [12, 23, 13, 24]]"
12a_0167_81,"[[12, 23, 13, 24], [14, 10, 15, 9], [16, 5, 17, 6], [18, 7, 19, 8], [20, 1, 21, 2], [22, 3, 23, 4], [24, 13, 1, 14], [2, 21, 3, 22], [4, 19, 5, 20], [6, 17, 7, 18], [8, 12, 9, 11], [10, 16, 11, 15]]"
12a_0167_82,"[[10, 16, 11, 15], [12, 23, 13, 24], [14, 10, 15, 9], [16, 5, 17, 6], [18, 7, 19, 8], [20, 1, 21, 2], [22, 3, 23, 4], [24, 13, 1, 14], [2, 21, 3, 22], [4, 19, 5, 20], [6, 17, 7, 18], [8, 12, 9, 11]]"
12a_0167_83,"[[8, 12, 9, 11], [10, 16, 11, 15], [12, 23, 13, 24], [14, 10, 15, 9], [16, 5, 17, 6], [18, 7, 19, 8], [20, 1, 21, 2], [22, 3, 23, 4], [24, 13, 1, 14], [2, 21, 3, 22], [4, 19, 5, 20], [6, 17, 7, 18]]"
12a_0167_84,"[[7, 18, 8, 19], [9, 13, 10, 12], [11, 17, 12, 16], [13, 24, 14, 1], [15, 11, 16, 10], [17, 6, 18, 7], [19, 8, 20, 9], [21, 2, 22, 3], [23, 4, 24, 5], [1, 14, 2, 15], [3, 22, 4, 23], [5, 20, 6, 21]]"
12a_0167_85,"[[5, 20, 6, 21], [7, 18, 8, 19], [9, 13, 10, 12], [11, 17, 12, 16], [13, 24, 14, 1], [15, 11, 16, 10], [17, 6, 18, 7], [19, 8, 20, 9], [21, 2, 22, 3], [23, 4, 24, 5], [1, 14, 2, 15], [3, 22, 4, 23]]"
12a_0167_86,"[[3, 22, 4, 23], [5, 20, 6, 21], [7, 18, 8, 19], [9, 13, 10, 12], [11, 17, 12, 16], [13, 24, 14, 1], [15, 11, 16, 10], [17, 6, 18, 7], [19, 8, 20, 9], [21, 2, 22, 3], [23, 4, 24, 5], [1, 14, 2, 15]]"
12a_0167_87,"[[1, 14, 2, 15], [3, 22, 4, 23], [5, 20, 6, 21], [7, 18, 8, 19], [9, 13, 10, 12], [11, 17, 12, 16], [13, 24, 14, 1], [15, 11, 16, 10], [17, 6, 18, 7], [19, 8, 20, 9], [21, 2, 22, 3], [23, 4, 24, 5]]"
12a_0167_88,"[[23, 4, 24, 5], [1, 14, 2, 15], [3, 22, 4, 23], [5, 20, 6, 21], [7, 18, 8, 19], [9, 13, 10, 12], [11, 17, 12, 16], [13, 24, 14, 1], [15, 11, 16, 10], [17, 6, 18, 7], [19, 8, 20, 9], [21, 2, 22, 3]]"
12a_0167_89,"[[21, 2, 22, 3], [23, 4, 24, 5], [1, 14, 2, 15], [3, 22, 4, 23], [5, 20, 6, 21], [7, 18, 8, 19], [9, 13, 10, 12], [11, 17, 12, 16], [13, 24, 14, 1], [15, 11, 16, 10], [17, 6, 18, 7], [19, 8, 20, 9]]"
12a_0167_90,"[[19, 8, 20, 9], [21, 2, 22, 3], [23, 4, 24, 5], [1, 14, 2, 15], [3, 22, 4, 23], [5, 20, 6, 21], [7, 18, 8, 19], [9, 13, 10, 12], [11, 17, 12, 16], [13, 24, 14, 1], [15, 11, 16, 10], [17, 6, 18, 7]]"
12a_0167_91,"[[17, 6, 18, 7], [19, 8, 20, 9], [21, 2, 22, 3], [23, 4, 24, 5], [1, 14, 2, 15], [3, 22, 4, 23], [5, 20, 6, 21], [7, 18, 8, 19], [9, 13, 10, 12], [11, 17, 12, 16], [13, 24, 14, 1], [15, 11, 16, 10]]"
12a_0167_92,"[[15, 11, 16, 10], [17, 6, 18, 7], [19, 8, 20, 9], [21, 2, 22, 3], [23, 4, 24, 5], [1, 14, 2, 15], [3, 22, 4, 23], [5, 20, 6, 21], [7, 18, 8, 19], [9, 13, 10, 12], [11, 17, 12, 16], [13, 24, 14, 1]]"
12a_0167_93,"[[13, 24, 14, 1], [15, 11, 16, 10], [17, 6, 18, 7], [19, 8, 20, 9], [21, 2, 22, 3], [23, 4, 24, 5], [1, 14, 2, 15], [3, 22, 4, 23], [5, 20, 6, 21], [7, 18, 8, 19], [9, 13, 10, 12], [11, 17, 12, 16]]"
12a_0167_94,"[[11, 17, 12, 16], [13, 24, 14, 1], [15, 11, 16, 10], [17, 6, 18, 7], [19, 8, 20, 9], [21, 2, 22, 3], [23, 4, 24, 5], [1, 14, 2, 15], [3, 22, 4, 23], [5, 20, 6, 21], [7, 18, 8, 19], [9, 13, 10, 12]]"
12a_0167_95,"[[9, 13, 10, 12], [11, 17, 12, 16], [13, 24, 14, 1], [15, 11, 16, 10], [17, 6, 18, 7], [19, 8, 20, 9], [21, 2, 22, 3], [23, 4, 24, 5], [1, 14, 2, 15], [3, 22, 4, 23], [5, 20, 6, 21], [7, 18, 8, 19]]"
12a_0167_96,"[[8, 19, 9, 20], [10, 14, 11, 13], [12, 18, 13, 17], [14, 1, 15, 2], [16, 12, 17, 11], [18, 7, 19, 8], [20, 9, 21, 10], [22, 3, 23, 4], [24, 5, 1, 6], [2, 15, 3, 16], [4, 23, 5, 24], [6, 21, 7, 22]]"
12a_0167_97,"[[6, 21, 7, 22], [8, 19, 9, 20], [10, 14, 11, 13], [12, 18, 13, 17], [14, 1, 15, 2], [16, 12, 17, 11], [18, 7, 19, 8], [20, 9, 21, 10], [22, 3, 23, 4], [24, 5, 1, 6], [2, 15, 3, 16], [4, 23, 5, 24]]"
12a_0167_98,"[[4, 23, 5, 24], [6, 21, 7, 22], [8, 19, 9, 20], [10, 14, 11, 13], [12, 18, 13, 17], [14, 1, 15, 2], [16, 12, 17, 11], [18, 7, 19, 8], [20, 9, 21, 10], [22, 3, 23, 4], [24, 5, 1, 6], [2, 15, 3, 16]]"
12a_0167_99,"[[2, 15, 3, 16], [4, 23, 5, 24], [6, 21, 7, 22], [8, 19, 9, 20], [10, 14, 11, 13], [12, 18, 13, 17], [14, 1, 15, 2], [16, 12, 17, 11], [18, 7, 19, 8], [20, 9, 21, 10], [22, 3, 23, 4], [24, 5, 1, 6]]"
12a_0167_100,"[[24, 5, 1, 6], [2, 15, 3, 16], [4, 23, 5, 24], [6, 21, 7, 22], [8, 19, 9, 20], [10, 14, 11, 13], [12, 18, 13, 17], [14, 1, 15, 2], [16, 12, 17, 11], [18, 7, 19, 8], [20, 9, 21, 10], [22, 3, 23, 4]]"
12a_0167_101,"[[22, 3, 23, 4], [24, 5, 1, 6], [2, 15, 3, 16], [4, 23, 5, 24], [6, 21, 7, 22], [8, 19, 9, 20], [10, 14, 11, 13], [12, 18, 13, 17], [14, 1, 15, 2], [16, 12, 17, 11], [18, 7, 19, 8], [20, 9, 21, 10]]"
12a_0167_102,"[[20, 9, 21, 10], [22, 3, 23, 4], [24, 5, 1, 6], [2, 15, 3, 16], [4, 23, 5, 24], [6, 21, 7, 22], [8, 19, 9, 20], [10, 14, 11, 13], [12, 18, 13, 17], [14, 1, 15, 2], [16, 12, 17, 11], [18, 7, 19, 8]]"
12a_0167_103,"[[18, 7, 19, 8], [20, 9, 21, 10], [22, 3, 23, 4], [24, 5, 1, 6], [2, 15, 3, 16], [4, 23, 5, 24], [6, 21, 7, 22], [8, 19, 9, 20], [10, 14, 11, 13], [12, 18, 13, 17], [14, 1, 15, 2], [16, 12, 17, 11]]"
12a_0167_104,"[[16, 12, 17, 11], [18, 7, 19, 8], [20, 9, 21, 10], [22, 3, 23, 4], [24, 5, 1, 6], [2, 15, 3, 16], [4, 23, 5, 24], [6, 21, 7, 22], [8, 19, 9, 20], [10, 14, 11, 13], [12, 18, 13, 17], [14, 1, 15, 2]]"
12a_0167_105,"[[14, 1, 15, 2], [16, 12, 17, 11], [18, 7, 19, 8], [20, 9, 21, 10], [22, 3, 23, 4], [24, 5, 1, 6], [2, 15, 3, 16], [4, 23, 5, 24], [6, 21, 7, 22], [8, 19, 9, 20], [10, 14, 11, 13], [12, 18, 13, 17]]"
12a_0167_106,"[[12, 18, 13, 17], [14, 1, 15, 2], [16, 12, 17, 11], [18, 7, 19, 8], [20, 9, 21, 10], [22, 3, 23, 4], [24, 5, 1, 6], [2, 15, 3, 16], [4, 23, 5, 24], [6, 21, 7, 22], [8, 19, 9, 20], [10, 14, 11, 13]]"
12a_0167_107,"[[10, 14, 11, 13], [12, 18, 13, 17], [14, 1, 15, 2], [16, 12, 17, 11], [18, 7, 19, 8], [20, 9, 21, 10], [22, 3, 23, 4], [24, 5, 1, 6], [2, 15, 3, 16], [4, 23, 5, 24], [6, 21, 7, 22], [8, 19, 9, 20]]"
12a_0167_108,"[[9, 20, 10, 21], [11, 15, 12, 14], [13, 19, 14, 18], [15, 2, 16, 3], [17, 13, 18, 12], [19, 8, 20, 9], [21, 10, 22, 11], [23, 4, 24, 5], [1, 6, 2, 7], [3, 16, 4, 17], [5, 24, 6, 1], [7, 22, 8, 23]]"
12a_0167_109,"[[7, 22, 8, 23], [9, 20, 10, 21], [11, 15, 12, 14], [13, 19, 14, 18], [15, 2, 16, 3], [17, 13, 18, 12], [19, 8, 20, 9], [21, 10, 22, 11], [23, 4, 24, 5], [1, 6, 2, 7], [3, 16, 4, 17], [5, 24, 6, 1]]"
12a_0167_110,"[[5, 24, 6, 1], [7, 22, 8, 23], [9, 20, 10, 21], [11, 15, 12, 14], [13, 19, 14, 18], [15, 2, 16, 3], [17, 13, 18, 12], [19, 8, 20, 9], [21, 10, 22, 11], [23, 4, 24, 5], [1, 6, 2, 7], [3, 16, 4, 17]]"
12a_0167_111,"[[3, 16, 4, 17], [5, 24, 6, 1], [7, 22, 8, 23], [9, 20, 10, 21], [11, 15, 12, 14], [13, 19, 14, 18], [15, 2, 16, 3], [17, 13, 18, 12], [19, 8, 20, 9], [21, 10, 22, 11], [23, 4, 24, 5], [1, 6, 2, 7]]"
12a_0167_112,"[[1, 6, 2, 7], [3, 16, 4, 17], [5, 24, 6, 1], [7, 22, 8, 23], [9, 20, 10, 21], [11, 15, 12, 14], [13, 19, 14, 18], [15, 2, 16, 3], [17, 13, 18, 12], [19, 8, 20, 9], [21, 10, 22, 11], [23, 4, 24, 5]]"
12a_0167_113,"[[23, 4, 24, 5], [1, 6, 2, 7], [3, 16, 4, 17], [5, 24, 6, 1], [7, 22, 8, 23], [9, 20, 10, 21], [11, 15, 12, 14], [13, 19, 14, 18], [15, 2, 16, 3], [17, 13, 18, 12], [19, 8, 20, 9], [21, 10, 22, 11]]"
12a_0167_114,"[[21, 10, 22, 11], [23, 4, 24, 5], [1, 6, 2, 7], [3, 16, 4, 17], [5, 24, 6, 1], [7, 22, 8, 23], [9, 20, 10, 21], [11, 15, 12, 14], [13, 19, 14, 18], [15, 2, 16, 3], [17, 13, 18, 12], [19, 8, 20, 9]]"
12a_0167_115,"[[19, 8, 20, 9], [21, 10, 22, 11], [23, 4, 24, 5], [1, 6, 2, 7], [3, 16, 4, 17], [5, 24, 6, 1], [7, 22, 8, 23], [9, 20, 10, 21], [11, 15, 12, 14], [13, 19, 14, 18], [15, 2, 16, 3], [17, 13, 18, 12]]"
12a_0167_116,"[[17, 13, 18, 12], [19, 8, 20, 9], [21, 10, 22, 11], [23, 4, 24, 5], [1, 6, 2, 7], [3, 16, 4, 17], [5, 24, 6, 1], [7, 22, 8, 23], [9, 20, 10, 21], [11, 15, 12, 14], [13, 19, 14, 18], [15, 2, 16, 3]]"
12a_0167_117,"[[15, 2, 16, 3], [17, 13, 18, 12], [19, 8, 20, 9], [21, 10, 22, 11], [23, 4, 24, 5], [1, 6, 2, 7], [3, 16, 4, 17], [5, 24, 6, 1], [7, 22, 8, 23], [9, 20, 10, 21], [11, 15, 12, 14], [13, 19, 14, 18]]"
12a_0167_118,"[[13, 19, 14, 18], [15, 2, 16, 3], [17, 13, 18, 12], [19, 8, 20, 9], [21, 10, 22, 11], [23, 4, 24, 5], [1, 6, 2, 7], [3, 16, 4, 17], [5, 24, 6, 1], [7, 22, 8, 23], [9, 20, 10, 21], [11, 15, 12, 14]]"
12a_0167_119,"[[11, 15, 12, 14], [13, 19, 14, 18], [15, 2, 16, 3], [17, 13, 18, 12], [19, 8, 20, 9], [21, 10, 22, 11], [23, 4, 24, 5], [1, 6, 2, 7], [3, 16, 4, 17], [5, 24, 6, 1], [7, 22, 8, 23], [9, 20, 10, 21]]"
12a_0167_120,"[[10, 21, 11, 22], [12, 16, 13, 15], [14, 20, 15, 19], [16, 3, 17, 4], [18, 14, 19, 13], [20, 9, 21, 10], [22, 11, 23, 12], [24, 5, 1, 6], [2, 7, 3, 8], [4, 17, 5, 18], [6, 1, 7, 2], [8, 23, 9, 24]]"
12a_0167_121,"[[8, 23, 9, 24], [10, 21, 11, 22], [12, 16, 13, 15], [14, 20, 15, 19], [16, 3, 17, 4], [18, 14, 19, 13], [20, 9, 21, 10], [22, 11, 23, 12], [24, 5, 1, 6], [2, 7, 3, 8], [4, 17, 5, 18], [6, 1, 7, 2]]"
12a_0167_122,"[[6, 1, 7, 2], [8, 23, 9, 24], [10, 21, 11, 22], [12, 16, 13, 15], [14, 20, 15, 19], [16, 3, 17, 4], [18, 14, 19, 13], [20, 9, 21, 10], [22, 11, 23, 12], [24, 5, 1, 6], [2, 7, 3, 8], [4, 17, 5, 18]]"
12a_0167_123,"[[4, 17, 5, 18], [6, 1, 7, 2], [8, 23, 9, 24], [10, 21, 11, 22], [12, 16, 13, 15], [14, 20, 15, 19], [16, 3, 17, 4], [18, 14, 19, 13], [20, 9, 21, 10], [22, 11, 23, 12], [24, 5, 1, 6], [2, 7, 3, 8]]"
12a_0167_124,"[[2, 7, 3, 8], [4, 17, 5, 18], [6, 1, 7, 2], [8, 23, 9, 24], [10, 21, 11, 22], [12, 16, 13, 15], [14, 20, 15, 19], [16, 3, 17, 4], [18, 14, 19, 13], [20, 9, 21, 10], [22, 11, 23, 12], [24, 5, 1, 6]]"
12a_0167_125,"[[24, 5, 1, 6], [2, 7, 3, 8], [4, 17, 5, 18], [6, 1, 7, 2], [8, 23, 9, 24], [10, 21, 11, 22], [12, 16, 13, 15], [14, 20, 15, 19], [16, 3, 17, 4], [18, 14, 19, 13], [20, 9, 21, 10], [22, 11, 23, 12]]"
12a_0167_126,"[[22, 11, 23, 12], [24, 5, 1, 6], [2, 7, 3, 8], [4, 17, 5, 18], [6, 1, 7, 2], [8, 23, 9, 24], [10, 21, 11, 22], [12, 16, 13, 15], [14, 20, 15, 19], [16, 3, 17, 4], [18, 14, 19, 13], [20, 9, 21, 10]]"
12a_0167_127,"[[20, 9, 21, 10], [22, 11, 23, 12], [24, 5, 1, 6], [2, 7, 3, 8], [4, 17, 5, 18], [6, 1, 7, 2], [8, 23, 9, 24], [10, 21, 11, 22], [12, 16, 13, 15], [14, 20, 15, 19], [16, 3, 17, 4], [18, 14, 19, 13]]"
12a_0167_128,"[[18, 14, 19, 13], [20, 9, 21, 10], [22, 11, 23, 12], [24, 5, 1, 6], [2, 7, 3, 8], [4, 17, 5, 18], [6, 1, 7, 2], [8, 23, 9, 24], [10, 21, 11, 22], [12, 16, 13, 15], [14, 20, 15, 19], [16, 3, 17, 4]]"
12a_0167_129,"[[16, 3, 17, 4], [18, 14, 19, 13], [20, 9, 21, 10], [22, 11, 23, 12], [24, 5, 1, 6], [2, 7, 3, 8], [4, 17, 5, 18], [6, 1, 7, 2], [8, 23, 9, 24], [10, 21, 11, 22], [12, 16, 13, 15], [14, 20, 15, 19]]"
12a_0167_130,"[[14, 20, 15, 19], [16, 3, 17, 4], [18, 14, 19, 13], [20, 9, 21, 10], [22, 11, 23, 12], [24, 5, 1, 6], [2, 7, 3, 8], [4, 17, 5, 18], [6, 1, 7, 2], [8, 23, 9, 24], [10, 21, 11, 22], [12, 16, 13, 15]]"
12a_0167_131,"[[12, 16, 13, 15], [14, 20, 15, 19], [16, 3, 17, 4], [18, 14, 19, 13], [20, 9, 21, 10], [22, 11, 23, 12], [24, 5, 1, 6], [2, 7, 3, 8], [4, 17, 5, 18], [6, 1, 7, 2], [8, 23, 9, 24], [10, 21, 11, 22]]"
12a_0167_132,"[[11, 22, 12, 23], [13, 17, 14, 16], [15, 21, 16, 20], [17, 4, 18, 5], [19, 15, 20, 14], [21, 10, 22, 11], [23, 12, 24, 13], [1, 6, 2, 7], [3, 8, 4, 9], [5, 18, 6, 19], [7, 2, 8, 3], [9, 24, 10, 1]]"
12a_0167_133,"[[9, 24, 10, 1], [11, 22, 12, 23], [13, 17, 14, 16], [15, 21, 16, 20], [17, 4, 18, 5], [19, 15, 20, 14], [21, 10, 22, 11], [23, 12, 24, 13], [1, 6, 2, 7], [3, 8, 4, 9], [5, 18, 6, 19], [7, 2, 8, 3]]"
12a_0167_134,"[[7, 2, 8, 3], [9, 24, 10, 1], [11, 22, 12, 23], [13, 17, 14, 16], [15, 21, 16, 20], [17, 4, 18, 5], [19, 15, 20, 14], [21, 10, 22, 11], [23, 12, 24, 13], [1, 6, 2, 7], [3, 8, 4, 9], [5, 18, 6, 19]]"
12a_0167_135,"[[5, 18, 6, 19], [7, 2, 8, 3], [9, 24, 10, 1], [11, 22, 12, 23], [13, 17, 14, 16], [15, 21, 16, 20], [17, 4, 18, 5], [19, 15, 20, 14], [21, 10, 22, 11], [23, 12, 24, 13], [1, 6, 2, 7], [3, 8, 4, 9]]"
12a_0167_136,"[[3, 8, 4, 9], [5, 18, 6, 19], [7, 2, 8, 3], [9, 24, 10, 1], [11, 22, 12, 23], [13, 17, 14, 16], [15, 21, 16, 20], [17, 4, 18, 5], [19, 15, 20, 14], [21, 10, 22, 11], [23, 12, 24, 13], [1, 6, 2, 7]]"
12a_0167_137,"[[1, 6, 2, 7], [3, 8, 4, 9], [5, 18, 6, 19], [7, 2, 8, 3], [9, 24, 10, 1], [11, 22, 12, 23], [13, 17, 14, 16], [15, 21, 16, 20], [17, 4, 18, 5], [19, 15, 20, 14], [21, 10, 22, 11], [23, 12, 24, 13]]"
12a_0167_138,"[[23, 12, 24, 13], [1, 6, 2, 7], [3, 8, 4, 9], [5, 18, 6, 19], [7, 2, 8, 3], [9, 24, 10, 1], [11, 22, 12, 23], [13, 17, 14, 16], [15, 21, 16, 20], [17, 4, 18, 5], [19, 15, 20, 14], [21, 10, 22, 11]]"
12a_0167_139,"[[21, 10, 22, 11], [23, 12, 24, 13], [1, 6, 2, 7], [3, 8, 4, 9], [5, 18, 6, 19], [7, 2, 8, 3], [9, 24, 10, 1], [11, 22, 12, 23], [13, 17, 14, 16], [15, 21, 16, 20], [17, 4, 18, 5], [19, 15, 20, 14]]"
12a_0167_140,"[[19, 15, 20, 14], [21, 10, 22, 11], [23, 12, 24, 13], [1, 6, 2, 7], [3, 8, 4, 9], [5, 18, 6, 19], [7, 2, 8, 3], [9, 24, 10, 1], [11, 22, 12, 23], [13, 17, 14, 16], [15, 21, 16, 20], [17, 4, 18, 5]]"
12a_0167_141,"[[17, 4, 18, 5], [19, 15, 20, 14], [21, 10, 22, 11], [23, 12, 24, 13], [1, 6, 2, 7], [3, 8, 4, 9], [5, 18, 6, 19], [7, 2, 8, 3], [9, 24, 10, 1], [11, 22, 12, 23], [13, 17, 14, 16], [15, 21, 16, 20]]"
12a_0167_142,"[[15, 21, 16, 20], [17, 4, 18, 5], [19, 15, 20, 14], [21, 10, 22, 11], [23, 12, 24, 13], [1, 6, 2, 7], [3, 8, 4, 9], [5, 18, 6, 19], [7, 2, 8, 3], [9, 24, 10, 1], [11, 22, 12, 23], [13, 17, 14, 16]]"
12a_0167_143,"[[13, 17, 14, 16], [15, 21, 16, 20], [17, 4, 18, 5], [19, 15, 20, 14], [21, 10, 22, 11], [23, 12, 24, 13], [1, 6, 2, 7], [3, 8, 4, 9], [5, 18, 6, 19], [7, 2, 8, 3], [9, 24, 10, 1], [11, 22, 12, 23]]"
12a_0167_144,"[[12, 23, 13, 24], [14, 18, 15, 17], [16, 22, 17, 21], [18, 5, 19, 6], [20, 16, 21, 15], [22, 11, 23, 12], [24, 13, 1, 14], [2, 7, 3, 8], [4, 9, 5, 10], [6, 19, 7, 20], [8, 3, 9, 4], [10, 1, 11, 2]]"
12a_0167_145,"[[10, 1, 11, 2], [12, 23, 13, 24], [14, 18, 15, 17], [16, 22, 17, 21], [18, 5, 19, 6], [20, 16, 21, 15], [22, 11, 23, 12], [24, 13, 1, 14], [2, 7, 3, 8], [4, 9, 5, 10], [6, 19, 7, 20], [8, 3, 9, 4]]"
12a_0167_146,"[[8, 3, 9, 4], [10, 1, 11, 2], [12, 23, 13, 24], [14, 18, 15, 17], [16, 22, 17, 21], [18, 5, 19, 6], [20, 16, 21, 15], [22, 11, 23, 12], [24, 13, 1, 14], [2, 7, 3, 8], [4, 9, 5, 10], [6, 19, 7, 20]]"
12a_0167_147,"[[6, 19, 7, 20], [8, 3, 9, 4], [10, 1, 11, 2], [12, 23, 13, 24], [14, 18, 15, 17], [16, 22, 17, 21], [18, 5, 19, 6], [20, 16, 21, 15], [22, 11, 23, 12], [24, 13, 1, 14], [2, 7, 3, 8], [4, 9, 5, 10]]"
12a_0167_148,"[[4, 9, 5, 10], [6, 19, 7, 20], [8, 3, 9, 4], [10, 1, 11, 2], [12, 23, 13, 24], [14, 18, 15, 17], [16, 22, 17, 21], [18, 5, 19, 6], [20, 16, 21, 15], [22, 11, 23, 12], [24, 13, 1, 14], [2, 7, 3, 8]]"
12a_0167_149,"[[2, 7, 3, 8], [4, 9, 5, 10], [6, 19, 7, 20], [8, 3, 9, 4], [10, 1, 11, 2], [12, 23, 13, 24], [14, 18, 15, 17], [16, 22, 17, 21], [18, 5, 19, 6], [20, 16, 21, 15], [22, 11, 23, 12], [24, 13, 1, 14]]"
12a_0167_150,"[[24, 13, 1, 14], [2, 7, 3, 8], [4, 9, 5, 10], [6, 19, 7, 20], [8, 3, 9, 4], [10, 1, 11, 2], [12, 23, 13, 24], [14, 18, 15, 17], [16, 22, 17, 21], [18, 5, 19, 6], [20, 16, 21, 15], [22, 11, 23, 12]]"
12a_0167_151,"[[22, 11, 23, 12], [24, 13, 1, 14], [2, 7, 3, 8], [4, 9, 5, 10], [6, 19, 7, 20], [8, 3, 9, 4], [10, 1, 11, 2], [12, 23, 13, 24], [14, 18, 15, 17], [16, 22, 17, 21], [18, 5, 19, 6], [20, 16, 21, 15]]"
12a_0167_152,"[[20, 16, 21, 15], [22, 11, 23, 12], [24, 13, 1, 14], [2, 7, 3, 8], [4, 9, 5, 10], [6, 19, 7, 20], [8, 3, 9, 4], [10, 1, 11, 2], [12, 23, 13, 24], [14, 18, 15, 17], [16, 22, 17, 21], [18, 5, 19, 6]]"
12a_0167_153,"[[18, 5, 19, 6], [20, 16, 21, 15], [22, 11, 23, 12], [24, 13, 1, 14], [2, 7, 3, 8], [4, 9, 5, 10], [6, 19, 7, 20], [8, 3, 9, 4], [10, 1, 11, 2], [12, 23, 13, 24], [14, 18, 15, 17], [16, 22, 17, 21]]"
12a_0167_154,"[[16, 22, 17, 21], [18, 5, 19, 6], [20, 16, 21, 15], [22, 11, 23, 12], [24, 13, 1, 14], [2, 7, 3, 8], [4, 9, 5, 10], [6, 19, 7, 20], [8, 3, 9, 4], [10, 1, 11, 2], [12, 23, 13, 24], [14, 18, 15, 17]]"
12a_0167_155,"[[14, 18, 15, 17], [16, 22, 17, 21], [18, 5, 19, 6], [20, 16, 21, 15], [22, 11, 23, 12], [24, 13, 1, 14], [2, 7, 3, 8], [4, 9, 5, 10], [6, 19, 7, 20], [8, 3, 9, 4], [10, 1, 11, 2], [12, 23, 13, 24]]"
12a_0167_156,"[[13, 24, 14, 1], [15, 19, 16, 18], [17, 23, 18, 22], [19, 6, 20, 7], [21, 17, 22, 16], [23, 12, 24, 13], [1, 14, 2, 15], [3, 8, 4, 9], [5, 10, 6, 11], [7, 20, 8, 21], [9, 4, 10, 5], [11, 2, 12, 3]]"
12a_0167_157,"[[11, 2, 12, 3], [13, 24, 14, 1], [15, 19, 16, 18], [17, 23, 18, 22], [19, 6, 20, 7], [21, 17, 22, 16], [23, 12, 24, 13], [1, 14, 2, 15], [3, 8, 4, 9], [5, 10, 6, 11], [7, 20, 8, 21], [9, 4, 10, 5]]"
12a_0167_158,"[[9, 4, 10, 5], [11, 2, 12, 3], [13, 24, 14, 1], [15, 19, 16, 18], [17, 23, 18, 22], [19, 6, 20, 7], [21, 17, 22, 16], [23, 12, 24, 13], [1, 14, 2, 15], [3, 8, 4, 9], [5, 10, 6, 11], [7, 20, 8, 21]]"
12a_0167_159,"[[7, 20, 8, 21], [9, 4, 10, 5], [11, 2, 12, 3], [13, 24, 14, 1], [15, 19, 16, 18], [17, 23, 18, 22], [19, 6, 20, 7], [21, 17, 22, 16], [23, 12, 24, 13], [1, 14, 2, 15], [3, 8, 4, 9], [5, 10, 6, 11]]"
12a_0167_160,"[[5, 10, 6, 11], [7, 20, 8, 21], [9, 4, 10, 5], [11, 2, 12, 3], [13, 24, 14, 1], [15, 19, 16, 18], [17, 23, 18, 22], [19, 6, 20, 7], [21, 17, 22, 16], [23, 12, 24, 13], [1, 14, 2, 15], [3, 8, 4, 9]]"
12a_0167_161,"[[3, 8, 4, 9], [5, 10, 6, 11], [7, 20, 8, 21], [9, 4, 10, 5], [11, 2, 12, 3], [13, 24, 14, 1], [15, 19, 16, 18], [17, 23, 18, 22], [19, 6, 20, 7], [21, 17, 22, 16], [23, 12, 24, 13], [1, 14, 2, 15]]"
12a_0167_162,"[[1, 14, 2, 15], [3, 8, 4, 9], [5, 10, 6, 11], [7, 20, 8, 21], [9, 4, 10, 5], [11, 2, 12, 3], [13, 24, 14, 1], [15, 19, 16, 18], [17, 23, 18, 22], [19, 6, 20, 7], [21, 17, 22, 16], [23, 12, 24, 13]]"
12a_0167_163,"[[23, 12, 24, 13], [1, 14, 2, 15], [3, 8, 4, 9], [5, 10, 6, 11], [7, 20, 8, 21], [9, 4, 10, 5], [11, 2, 12, 3], [13, 24, 14, 1], [15, 19, 16, 18], [17, 23, 18, 22], [19, 6, 20, 7], [21, 17, 22, 16]]"
12a_0167_164,"[[21, 17, 22, 16], [23, 12, 24, 13], [1, 14, 2, 15], [3, 8, 4, 9], [5, 10, 6, 11], [7, 20, 8, 21], [9, 4, 10, 5], [11, 2, 12, 3], [13, 24, 14, 1], [15, 19, 16, 18], [17, 23, 18, 22], [19, 6, 20, 7]]"
12a_0167_165,"[[19, 6, 20, 7], [21, 17, 22, 16], [23, 12, 24, 13], [1, 14, 2, 15], [3, 8, 4, 9], [5, 10, 6, 11], [7, 20, 8, 21], [9, 4, 10, 5], [11, 2, 12, 3], [13, 24, 14, 1], [15, 19, 16, 18], [17, 23, 18, 22]]"
12a_0167_166,"[[17, 23, 18, 22], [19, 6, 20, 7], [21, 17, 22, 16], [23, 12, 24, 13], [1, 14, 2, 15], [3, 8, 4, 9], [5, 10, 6, 11], [7, 20, 8, 21], [9, 4, 10, 5], [11, 2, 12, 3], [13, 24, 14, 1], [15, 19, 16, 18]]"
12a_0167_167,"[[15, 19, 16, 18], [17, 23, 18, 22], [19, 6, 20, 7], [21, 17, 22, 16], [23, 12, 24, 13], [1, 14, 2, 15], [3, 8, 4, 9], [5, 10, 6, 11], [7, 20, 8, 21], [9, 4, 10, 5], [11, 2, 12, 3], [13, 24, 14, 1]]"
12a_0167_168,"[[14, 1, 15, 2], [16, 20, 17, 19], [18, 24, 19, 23], [20, 7, 21, 8], [22, 18, 23, 17], [24, 13, 1, 14], [2, 15, 3, 16], [4, 9, 5, 10], [6, 11, 7, 12], [8, 21, 9, 22], [10, 5, 11, 6], [12, 3, 13, 4]]"
12a_0167_169,"[[12, 3, 13, 4], [14, 1, 15, 2], [16, 20, 17, 19], [18, 24, 19, 23], [20, 7, 21, 8], [22, 18, 23, 17], [24, 13, 1, 14], [2, 15, 3, 16], [4, 9, 5, 10], [6, 11, 7, 12], [8, 21, 9, 22], [10, 5, 11, 6]]"
12a_0167_170,"[[10, 5, 11, 6], [12, 3, 13, 4], [14, 1, 15, 2], [16, 20, 17, 19], [18, 24, 19, 23], [20, 7, 21, 8], [22, 18, 23, 17], [24, 13, 1, 14], [2, 15, 3, 16], [4, 9, 5, 10], [6, 11, 7, 12], [8, 21, 9, 22]]"
12a_0167_171,"[[8, 21, 9, 22], [10, 5, 11, 6], [12, 3, 13, 4], [14, 1, 15, 2], [16, 20, 17, 19], [18, 24, 19, 23], [20, 7, 21, 8], [22, 18, 23, 17], [24, 13, 1, 14], [2, 15, 3, 16], [4, 9, 5, 10], [6, 11, 7, 12]]"
12a_0167_172,"[[6, 11, 7, 12], [8, 21, 9, 22], [10, 5, 11, 6], [12, 3, 13, 4], [14, 1, 15, 2], [16, 20, 17, 19], [18, 24, 19, 23], [20, 7, 21, 8], [22, 18, 23, 17], [24, 13, 1, 14], [2, 15, 3, 16], [4, 9, 5, 10]]"
12a_0167_173,"[[4, 9, 5, 10], [6, 11, 7, 12], [8, 21, 9, 22], [10, 5, 11, 6], [12, 3, 13, 4], [14, 1, 15, 2], [16, 20, 17, 19], [18, 24, 19, 23], [20, 7, 21, 8], [22, 18, 23, 17], [24, 13, 1, 14], [2, 15, 3, 16]]"
12a_0167_174,"[[2, 15, 3, 16], [4, 9, 5, 10], [6, 11, 7, 12], [8, 21, 9, 22], [10, 5, 11, 6], [12, 3, 13, 4], [14, 1, 15, 2], [16, 20, 17, 19], [18, 24, 19, 23], [20, 7, 21, 8], [22, 18, 23, 17], [24, 13, 1, 14]]"
12a_0167_175,"[[24, 13, 1, 14], [2, 15, 3, 16], [4, 9, 5, 10], [6, 11, 7, 12], [8, 21, 9, 22], [10, 5, 11, 6], [12, 3, 13, 4], [14, 1, 15, 2], [16, 20, 17, 19], [18, 24, 19, 23], [20, 7, 21, 8], [22, 18, 23, 17]]"
12a_0167_176,"[[22, 18, 23, 17], [24, 13, 1, 14], [2, 15, 3, 16], [4, 9, 5, 10], [6, 11, 7, 12], [8, 21, 9, 22], [10, 5, 11, 6], [12, 3, 13, 4], [14, 1, 15, 2], [16, 20, 17, 19], [18, 24, 19, 23], [20, 7, 21, 8]]"
12a_0167_177,"[[20, 7, 21, 8], [22, 18, 23, 17], [24, 13, 1, 14], [2, 15, 3, 16], [4, 9, 5, 10], [6, 11, 7, 12], [8, 21, 9, 22], [10, 5, 11, 6], [12, 3, 13, 4], [14, 1, 15, 2], [16, 20, 17, 19], [18, 24, 19, 23]]"
12a_0167_178,"[[18, 24, 19, 23], [20, 7, 21, 8], [22, 18, 23, 17], [24, 13, 1, 14], [2, 15, 3, 16], [4, 9, 5, 10], [6, 11, 7, 12], [8, 21, 9, 22], [10, 5, 11, 6], [12, 3, 13, 4], [14, 1, 15, 2], [16, 20, 17, 19]]"
12a_0167_179,"[[16, 20, 17, 19], [18, 24, 19, 23], [20, 7, 21, 8], [22, 18, 23, 17], [24, 13, 1, 14], [2, 15, 3, 16], [4, 9, 5, 10], [6, 11, 7, 12], [8, 21, 9, 22], [10, 5, 11, 6], [12, 3, 13, 4], [14, 1, 15, 2]]"
12a_0167_180,"[[15, 2, 16, 3], [17, 21, 18, 20], [19, 1, 20, 24], [21, 8, 22, 9], [23, 19, 24, 18], [1, 14, 2, 15], [3, 16, 4, 17], [5, 10, 6, 11], [7, 12, 8, 13], [9, 22, 10, 23], [11, 6, 12, 7], [13, 4, 14, 5]]"
12a_0167_181,"[[13, 4, 14, 5], [15, 2, 16, 3], [17, 21, 18, 20], [19, 1, 20, 24], [21, 8, 22, 9], [23, 19, 24, 18], [1, 14, 2, 15], [3, 16, 4, 17], [5, 10, 6, 11], [7, 12, 8, 13], [9, 22, 10, 23], [11, 6, 12, 7]]"
12a_0167_182,"[[11, 6, 12, 7], [13, 4, 14, 5], [15, 2, 16, 3], [17, 21, 18, 20], [19, 1, 20, 24], [21, 8, 22, 9], [23, 19, 24, 18], [1, 14, 2, 15], [3, 16, 4, 17], [5, 10, 6, 11], [7, 12, 8, 13], [9, 22, 10, 23]]"
12a_0167_183,"[[9, 22, 10, 23], [11, 6, 12, 7], [13, 4, 14, 5], [15, 2, 16, 3], [17, 21, 18, 20], [19, 1, 20, 24], [21, 8, 22, 9], [23, 19, 24, 18], [1, 14, 2, 15], [3, 16, 4, 17], [5, 10, 6, 11], [7, 12, 8, 13]]"
12a_0167_184,"[[7, 12, 8, 13], [9, 22, 10, 23], [11, 6, 12, 7], [13, 4, 14, 5], [15, 2, 16, 3], [17, 21, 18, 20], [19, 1, 20, 24], [21, 8, 22, 9], [23, 19, 24, 18], [1, 14, 2, 15], [3, 16, 4, 17], [5, 10, 6, 11]]"
12a_0167_185,"[[5, 10, 6, 11], [7, 12, 8, 13], [9, 22, 10, 23], [11, 6, 12, 7], [13, 4, 14, 5], [15, 2, 16, 3], [17, 21, 18, 20], [19, 1, 20, 24], [21, 8, 22, 9], [23, 19, 24, 18], [1, 14, 2, 15], [3, 16, 4, 17]]"
