name,pd_notation
12a_0039_0,"[[24, 22, 1, 21], [2, 6, 3, 5], [4, 10, 5, 9], [6, 13, 7, 14], [8, 4, 9, 3], [10, 15, 11, 16], [12, 19, 13, 20], [14, 7, 15, 8], [16, 23, 17, 24], [18, 11, 19, 12], [20, 2, 21, 1], [22, 17, 23, 18]]"
12a_0039_1,"[[22, 17, 23, 18], [24, 22, 1, 21], [2, 6, 3, 5], [4, 10, 5, 9], [6, 13, 7, 14], [8, 4, 9, 3], [10, 15, 11, 16], [12, 19, 13, 20], [14, 7, 15, 8], [16, 23, 17, 24], [18, 11, 19, 12], [20, 2, 21, 1]]"
12a_0039_2,"[[20, 2, 21, 1], [22, 17, 23, 18], [24, 22, 1, 21], [2, 6, 3, 5], [4, 10, 5, 9], [6, 13, 7, 14], [8, 4, 9, 3], [10, 15, 11, 16], [12, 19, 13, 20], [14, 7, 15, 8], [16, 23, 17, 24], [18, 11, 19, 12]]"
12a_0039_3,"[[18, 11, 19, 12], [20, 2, 21, 1], [22, 17, 23, 18], [24, 22, 1, 21], [2, 6, 3, 5], [4, 10, 5, 9], [6, 13, 7, 14], [8, 4, 9, 3], [10, 15, 11, 16], [12, 19, 13, 20], [14, 7, 15, 8], [16, 23, 17, 24]]"
12a_0039_4,"[[16, 23, 17, 24], [18, 11, 19, 12], [20, 2, 21, 1], [22, 17, 23, 18], [24, 22, 1, 21], [2, 6, 3, 5], [4, 10, 5, 9], [6, 13, 7, 14], [8, 4, 9, 3], [10, 15, 11, 16], [12, 19, 13, 20], [14, 7, 15, 8]]"
12a_0039_5,"[[14, 7, 15, 8], [16, 23, 17, 24], [18, 11, 19, 12], [20, 2, 21, 1], [22, 17, 23, 18], [24, 22, 1, 21], [2, 6, 3, 5], [4, 10, 5, 9], [6, 13, 7, 14], [8, 4, 9, 3], [10, 15, 11, 16], [12, 19, 13, 20]]"
12a_0039_6,"[[12, 19, 13, 20], [14, 7, 15, 8], [16, 23, 17, 24], [18, 11, 19, 12], [20, 2, 21, 1], [22, 17, 23, 18], [24, 22, 1, 21], [2, 6, 3, 5], [4, 10, 5, 9], [6, 13, 7, 14], [8, 4, 9, 3], [10, 15, 11, 16]]"
12a_0039_7,"[[10, 15, 11, 16], [12, 19, 13, 20], [14, 7, 15, 8], [16, 23, 17, 24], [18, 11, 19, 12], [20, 2, 21, 1], [22, 17, 23, 18], [24, 22, 1, 21], [2, 6, 3, 5], [4, 10, 5, 9], [6, 13, 7, 14], [8, 4, 9, 3]]"
12a_0039_8,"[[8, 4, 9, 3], [10, 15, 11, 16], [12, 19, 13, 20], [14, 7, 15, 8], [16, 23, 17, 24], [18, 11, 19, 12], [20, 2, 21, 1], [22, 17, 23, 18], [24, 22, 1, 21], [2, 6, 3, 5], [4, 10, 5, 9], [6, 13, 7, 14]]"
12a_0039_9,"[[6, 13, 7, 14], [8, 4, 9, 3], [10, 15, 11, 16], [12, 19, 13, 20], [14, 7, 15, 8], [16, 23, 17, 24], [18, 11, 19, 12], [20, 2, 21, 1], [22, 17, 23, 18], [24, 22, 1, 21], [2, 6, 3, 5], [4, 10, 5, 9]]"
12a_0039_10,"[[4, 10, 5, 9], [6, 13, 7, 14], [8, 4, 9, 3], [10, 15, 11, 16], [12, 19, 13, 20], [14, 7, 15, 8], [16, 23, 17, 24], [18, 11, 19, 12], [20, 2, 21, 1], [22, 17, 23, 18], [24, 22, 1, 21], [2, 6, 3, 5]]"
12a_0039_11,"[[2, 6, 3, 5], [4, 10, 5, 9], [6, 13, 7, 14], [8, 4, 9, 3], [10, 15, 11, 16], [12, 19, 13, 20], [14, 7, 15, 8], [16, 23, 17, 24], [18, 11, 19, 12], [20, 2, 21, 1], [22, 17, 23, 18], [24, 22, 1, 21]]"
12a_0039_12,"[[1, 23, 2, 22], [3, 7, 4, 6], [5, 11, 6, 10], [7, 14, 8, 15], [9, 5, 10, 4], [11, 16, 12, 17], [13, 20, 14, 21], [15, 8, 16, 9], [17, 24, 18, 1], [19, 12, 20, 13], [21, 3, 22, 2], [23, 18, 24, 19]]"
12a_0039_13,"[[23, 18, 24, 19], [1, 23, 2, 22], [3, 7, 4, 6], [5, 11, 6, 10], [7, 14, 8, 15], [9, 5, 10, 4], [11, 16, 12, 17], [13, 20, 14, 21], [15, 8, 16, 9], [17, 24, 18, 1], [19, 12, 20, 13], [21, 3, 22, 2]]"
12a_0039_14,"[[21, 3, 22, 2], [23, 18, 24, 19], [1, 23, 2, 22], [3, 7, 4, 6], [5, 11, 6, 10], [7, 14, 8, 15], [9, 5, 10, 4], [11, 16, 12, 17], [13, 20, 14, 21], [15, 8, 16, 9], [17, 24, 18, 1], [19, 12, 20, 13]]"
12a_0039_15,"[[19, 12, 20, 13], [21, 3, 22, 2], [23, 18, 24, 19], [1, 23, 2, 22], [3, 7, 4, 6], [5, 11, 6, 10], [7, 14, 8, 15], [9, 5, 10, 4], [11, 16, 12, 17], [13, 20, 14, 21], [15, 8, 16, 9], [17, 24, 18, 1]]"
12a_0039_16,"[[17, 24, 18, 1], [19, 12, 20, 13], [21, 3, 22, 2], [23, 18, 24, 19], [1, 23, 2, 22], [3, 7, 4, 6], [5, 11, 6, 10], [7, 14, 8, 15], [9, 5, 10, 4], [11, 16, 12, 17], [13, 20, 14, 21], [15, 8, 16, 9]]"
12a_0039_17,"[[15, 8, 16, 9], [17, 24, 18, 1], [19, 12, 20, 13], [21, 3, 22, 2], [23, 18, 24, 19], [1, 23, 2, 22], [3, 7, 4, 6], [5, 11, 6, 10], [7, 14, 8, 15], [9, 5, 10, 4], [11, 16, 12, 17], [13, 20, 14, 21]]"
12a_0039_18,"[[13, 20, 14, 21], [15, 8, 16, 9], [17, 24, 18, 1], [19, 12, 20, 13], [21, 3, 22, 2], [23, 18, 24, 19], [1, 23, 2, 22], [3, 7, 4, 6], [5, 11, 6, 10], [7, 14, 8, 15], [9, 5, 10, 4], [11, 16, 12, 17]]"
12a_0039_19,"[[11, 16, 12, 17], [13, 20, 14, 21], [15, 8, 16, 9], [17, 24, 18, 1], [19, 12, 20, 13], [21, 3, 22, 2], [23, 18, 24, 19], [1, 23, 2, 22], [3, 7, 4, 6], [5, 11, 6, 10], [7, 14, 8, 15], [9, 5, 10, 4]]"
12a_0039_20,"[[9, 5, 10, 4], [11, 16, 12, 17], [13, 20, 14, 21], [15, 8, 16, 9], [17, 24, 18, 1], [19, 12, 20, 13], [21, 3, 22, 2], [23, 18, 24, 19], [1, 23, 2, 22], [3, 7, 4, 6], [5, 11, 6, 10], [7, 14, 8, 15]]"
12a_0039_21,"[[7, 14, 8, 15], [9, 5, 10, 4], [11, 16, 12, 17], [13, 20, 14, 21], [15, 8, 16, 9], [17, 24, 18, 1], [19, 12, 20, 13], [21, 3, 22, 2], [23, 18, 24, 19], [1, 23, 2, 22], [3, 7, 4, 6], [5, 11, 6, 10]]"
12a_0039_22,"[[5, 11, 6, 10], [7, 14, 8, 15], [9, 5, 10, 4], [11, 16, 12, 17], [13, 20, 14, 21], [15, 8, 16, 9], [17, 24, 18, 1], [19, 12, 20, 13], [21, 3, 22, 2], [23, 18, 24, 19], [1, 23, 2, 22], [3, 7, 4, 6]]"
12a_0039_23,"[[3, 7, 4, 6], [5, 11, 6, 10], [7, 14, 8, 15], [9, 5, 10, 4], [11, 16, 12, 17], [13, 20, 14, 21], [15, 8, 16, 9], [17, 24, 18, 1], [19, 12, 20, 13], [21, 3, 22, 2], [23, 18, 24, 19], [1, 23, 2, 22]]"
12a_0039_24,"[[2, 24, 3, 23], [4, 8, 5, 7], [6, 12, 7, 11], [8, 15, 9, 16], [10, 6, 11, 5], [12, 17, 13, 18], [14, 21, 15, 22], [16, 9, 17, 10], [18, 1, 19, 2], [20, 13, 21, 14], [22, 4, 23, 3], [24, 19, 1, 20]]"
12a_0039_25,"[[24, 19, 1, 20], [2, 24, 3, 23], [4, 8, 5, 7], [6, 12, 7, 11], [8, 15, 9, 16], [10, 6, 11, 5], [12, 17, 13, 18], [14, 21, 15, 22], [16, 9, 17, 10], [18, 1, 19, 2], [20, 13, 21, 14], [22, 4, 23, 3]]"
12a_0039_26,"[[22, 4, 23, 3], [24, 19, 1, 20], [2, 24, 3, 23], [4, 8, 5, 7], [6, 12, 7, 11], [8, 15, 9, 16], [10, 6, 11, 5], [12, 17, 13, 18], [14, 21, 15, 22], [16, 9, 17, 10], [18, 1, 19, 2], [20, 13, 21, 14]]"
12a_0039_27,"[[20, 13, 21, 14], [22, 4, 23, 3], [24, 19, 1, 20], [2, 24, 3, 23], [4, 8, 5, 7], [6, 12, 7, 11], [8, 15, 9, 16], [10, 6, 11, 5], [12, 17, 13, 18], [14, 21, 15, 22], [16, 9, 17, 10], [18, 1, 19, 2]]"
12a_0039_28,"[[18, 1, 19, 2], [20, 13, 21, 14], [22, 4, 23, 3], [24, 19, 1, 20], [2, 24, 3, 23], [4, 8, 5, 7], [6, 12, 7, 11], [8, 15, 9, 16], [10, 6, 11, 5], [12, 17, 13, 18], [14, 21, 15, 22], [16, 9, 17, 10]]"
12a_0039_29,"[[16, 9, 17, 10], [18, 1, 19, 2], [20, 13, 21, 14], [22, 4, 23, 3], [24, 19, 1, 20], [2, 24, 3, 23], [4, 8, 5, 7], [6, 12, 7, 11], [8, 15, 9, 16], [10, 6, 11, 5], [12, 17, 13, 18], [14, 21, 15, 22]]"
12a_0039_30,"[[14, 21, 15, 22], [16, 9, 17, 10], [18, 1, 19, 2], [20, 13, 21, 14], [22, 4, 23, 3], [24, 19, 1, 20], [2, 24, 3, 23], [4, 8, 5, 7], [6, 12, 7, 11], [8, 15, 9, 16], [10, 6, 11, 5], [12, 17, 13, 18]]"
12a_0039_31,"[[12, 17, 13, 18], [14, 21, 15, 22], [16, 9, 17, 10], [18, 1, 19, 2], [20, 13, 21, 14], [22, 4, 23, 3], [24, 19, 1, 20], [2, 24, 3, 23], [4, 8, 5, 7], [6, 12, 7, 11], [8, 15, 9, 16], [10, 6, 11, 5]]"
12a_0039_32,"[[10, 6, 11, 5], [12, 17, 13, 18], [14, 21, 15, 22], [16, 9, 17, 10], [18, 1, 19, 2], [20, 13, 21, 14], [22, 4, 23, 3], [24, 19, 1, 20], [2, 24, 3, 23], [4, 8, 5, 7], [6, 12, 7, 11], [8, 15, 9, 16]]"
12a_0039_33,"[[8, 15, 9, 16], [10, 6, 11, 5], [12, 17, 13, 18], [14, 21, 15, 22], [16, 9, 17, 10], [18, 1, 19, 2], [20, 13, 21, 14], [22, 4, 23, 3], [24, 19, 1, 20], [2, 24, 3, 23], [4, 8, 5, 7], [6, 12, 7, 11]]"
12a_0039_34,"[[6, 12, 7, 11], [8, 15, 9, 16], [10, 6, 11, 5], [12, 17, 13, 18], [14, 21, 15, 22], [16, 9, 17, 10], [18, 1, 19, 2], [20, 13, 21, 14], [22, 4, 23, 3], [24, 19, 1, 20], [2, 24, 3, 23], [4, 8, 5, 7]]"
12a_0039_35,"[[4, 8, 5, 7], [6, 12, 7, 11], [8, 15, 9, 16], [10, 6, 11, 5], [12, 17, 13, 18], [14, 21, 15, 22], [16, 9, 17, 10], [18, 1, 19, 2], [20, 13, 21, 14], [22, 4, 23, 3], [24, 19, 1, 20], [2, 24, 3, 23]]"
12a_0039_36,"[[3, 1, 4, 24], [5, 9, 6, 8], [7, 13, 8, 12], [9, 16, 10, 17], [11, 7, 12, 6], [13, 18, 14, 19], [15, 22, 16, 23], [17, 10, 18, 11], [19, 2, 20, 3], [21, 14, 22, 15], [23, 5, 24, 4], [1, 20, 2, 21]]"
12a_0039_37,"[[1, 20, 2, 21], [3, 1, 4, 24], [5, 9, 6, 8], [7, 13, 8, 12], [9, 16, 10, 17], [11, 7, 12, 6], [13, 18, 14, 19], [15, 22, 16, 23], [17, 10, 18, 11], [19, 2, 20, 3], [21, 14, 22, 15], [23, 5, 24, 4]]"
12a_0039_38,"[[23, 5, 24, 4], [1, 20, 2, 21], [3, 1, 4, 24], [5, 9, 6, 8], [7, 13, 8, 12], [9, 16, 10, 17], [11, 7, 12, 6], [13, 18, 14, 19], [15, 22, 16, 23], [17, 10, 18, 11], [19, 2, 20, 3], [21, 14, 22, 15]]"
12a_0039_39,"[[21, 14, 22, 15], [23, 5, 24, 4], [1, 20, 2, 21], [3, 1, 4, 24], [5, 9, 6, 8], [7, 13, 8, 12], [9, 16, 10, 17], [11, 7, 12, 6], [13, 18, 14, 19], [15, 22, 16, 23], [17, 10, 18, 11], [19, 2, 20, 3]]"
12a_0039_40,"[[19, 2, 20, 3], [21, 14, 22, 15], [23, 5, 24, 4], [1, 20, 2, 21], [3, 1, 4, 24], [5, 9, 6, 8], [7, 13, 8, 12], [9, 16, 10, 17], [11, 7, 12, 6], [13, 18, 14, 19], [15, 22, 16, 23], [17, 10, 18, 11]]"
12a_0039_41,"[[17, 10, 18, 11], [19, 2, 20, 3], [21, 14, 22, 15], [23, 5, 24, 4], [1, 20, 2, 21], [3, 1, 4, 24], [5, 9, 6, 8], [7, 13, 8, 12], [9, 16, 10, 17], [11, 7, 12, 6], [13, 18, 14, 19], [15, 22, 16, 23]]"
12a_0039_42,"[[15, 22, 16, 23], [17, 10, 18, 11], [19, 2, 20, 3], [21, 14, 22, 15], [23, 5, 24, 4], [1, 20, 2, 21], [3, 1, 4, 24], [5, 9, 6, 8], [7, 13, 8, 12], [9, 16, 10, 17], [11, 7, 12, 6], [13, 18, 14, 19]]"
12a_0039_43,"[[13, 18, 14, 19], [15, 22, 16, 23], [17, 10, 18, 11], [19, 2, 20, 3], [21, 14, 22, 15], [23, 5, 24, 4], [1, 20, 2, 21], [3, 1, 4, 24], [5, 9, 6, 8], [7, 13, 8, 12], [9, 16, 10, 17], [11, 7, 12, 6]]"
12a_0039_44,"[[11, 7, 12, 6], [13, 18, 14, 19], [15, 22, 16, 23], [17, 10, 18, 11], [19, 2, 20, 3], [21, 14, 22, 15], [23, 5, 24, 4], [1, 20, 2, 21], [3, 1, 4, 24], [5, 9, 6, 8], [7, 13, 8, 12], [9, 16, 10, 17]]"
12a_0039_45,"[[9, 16, 10, 17], [11, 7, 12, 6], [13, 18, 14, 19], [15, 22, 16, 23], [17, 10, 18, 11], [19, 2, 20, 3], [21, 14, 22, 15], [23, 5, 24, 4], [1, 20, 2, 21], [3, 1, 4, 24], [5, 9, 6, 8], [7, 13, 8, 12]]"
12a_0039_46,"[[7, 13, 8, 12], [9, 16, 10, 17], [11, 7, 12, 6], [13, 18, 14, 19], [15, 22, 16, 23], [17, 10, 18, 11], [19, 2, 20, 3], [21, 14, 22, 15], [23, 5, 24, 4], [1, 20, 2, 21], [3, 1, 4, 24], [5, 9, 6, 8]]"
12a_0039_47,"[[5, 9, 6, 8], [7, 13, 8, 12], [9, 16, 10, 17], [11, 7, 12, 6], [13, 18, 14, 19], [15, 22, 16, 23], [17, 10, 18, 11], [19, 2, 20, 3], [21, 14, 22, 15], [23, 5, 24, 4], [1, 20, 2, 21], [3, 1, 4, 24]]"
12a_0039_48,"[[4, 2, 5, 1], [6, 10, 7, 9], [8, 14, 9, 13], [10, 17, 11, 18], [12, 8, 13, 7], [14, 19, 15, 20], [16, 23, 17, 24], [18, 11, 19, 12], [20, 3, 21, 4], [22, 15, 23, 16], [24, 6, 1, 5], [2, 21, 3, 22]]"
12a_0039_49,"[[2, 21, 3, 22], [4, 2, 5, 1], [6, 10, 7, 9], [8, 14, 9, 13], [10, 17, 11, 18], [12, 8, 13, 7], [14, 19, 15, 20], [16, 23, 17, 24], [18, 11, 19, 12], [20, 3, 21, 4], [22, 15, 23, 16], [24, 6, 1, 5]]"
12a_0039_50,"[[24, 6, 1, 5], [2, 21, 3, 22], [4, 2, 5, 1], [6, 10, 7, 9], [8, 14, 9, 13], [10, 17, 11, 18], [12, 8, 13, 7], [14, 19, 15, 20], [16, 23, 17, 24], [18, 11, 19, 12], [20, 3, 21, 4], [22, 15, 23, 16]]"
12a_0039_51,"[[22, 15, 23, 16], [24, 6, 1, 5], [2, 21, 3, 22], [4, 2, 5, 1], [6, 10, 7, 9], [8, 14, 9, 13], [10, 17, 11, 18], [12, 8, 13, 7], [14, 19, 15, 20], [16, 23, 17, 24], [18, 11, 19, 12], [20, 3, 21, 4]]"
12a_0039_52,"[[20, 3, 21, 4], [22, 15, 23, 16], [24, 6, 1, 5], [2, 21, 3, 22], [4, 2, 5, 1], [6, 10, 7, 9], [8, 14, 9, 13], [10, 17, 11, 18], [12, 8, 13, 7], [14, 19, 15, 20], [16, 23, 17, 24], [18, 11, 19, 12]]"
12a_0039_53,"[[18, 11, 19, 12], [20, 3, 21, 4], [22, 15, 23, 16], [24, 6, 1, 5], [2, 21, 3, 22], [4, 2, 5, 1], [6, 10, 7, 9], [8, 14, 9, 13], [10, 17, 11, 18], [12, 8, 13, 7], [14, 19, 15, 20], [16, 23, 17, 24]]"
12a_0039_54,"[[16, 23, 17, 24], [18, 11, 19, 12], [20, 3, 21, 4], [22, 15, 23, 16], [24, 6, 1, 5], [2, 21, 3, 22], [4, 2, 5, 1], [6, 10, 7, 9], [8, 14, 9, 13], [10, 17, 11, 18], [12, 8, 13, 7], [14, 19, 15, 20]]"
12a_0039_55,"[[14, 19, 15, 20], [16, 23, 17, 24], [18, 11, 19, 12], [20, 3, 21, 4], [22, 15, 23, 16], [24, 6, 1, 5], [2, 21, 3, 22], [4, 2, 5, 1], [6, 10, 7, 9], [8, 14, 9, 13], [10, 17, 11, 18], [12, 8, 13, 7]]"
12a_0039_56,"[[12, 8, 13, 7], [14, 19, 15, 20], [16, 23, 17, 24], [18, 11, 19, 12], [20, 3, 21, 4], [22, 15, 23, 16], [24, 6, 1, 5], [2, 21, 3, 22], [4, 2, 5, 1], [6, 10, 7, 9], [8, 14, 9, 13], [10, 17, 11, 18]]"
12a_0039_57,"[[10, 17, 11, 18], [12, 8, 13, 7], [14, 19, 15, 20], [16, 23, 17, 24], [18, 11, 19, 12], [20, 3, 21, 4], [22, 15, 23, 16], [24, 6, 1, 5], [2, 21, 3, 22], [4, 2, 5, 1], [6, 10, 7, 9], [8, 14, 9, 13]]"
12a_0039_58,"[[8, 14, 9, 13], [10, 17, 11, 18], [12, 8, 13, 7], [14, 19, 15, 20], [16, 23, 17, 24], [18, 11, 19, 12], [20, 3, 21, 4], [22, 15, 23, 16], [24, 6, 1, 5], [2, 21, 3, 22], [4, 2, 5, 1], [6, 10, 7, 9]]"
12a_0039_59,"[[6, 10, 7, 9], [8, 14, 9, 13], [10, 17, 11, 18], [12, 8, 13, 7], [14, 19, 15, 20], [16, 23, 17, 24], [18, 11, 19, 12], [20, 3, 21, 4], [22, 15, 23, 16], [24, 6, 1, 5], [2, 21, 3, 22], [4, 2, 5, 1]]"
12a_0039_60,"[[5, 3, 6, 2], [7, 11, 8, 10], [9, 15, 10, 14], [11, 18, 12, 19], [13, 9, 14, 8], [15, 20, 16, 21], [17, 24, 18, 1], [19, 12, 20, 13], [21, 4, 22, 5], [23, 16, 24, 17], [1, 7, 2, 6], [3, 22, 4, 23]]"
12a_0039_61,"[[3, 22, 4, 23], [5, 3, 6, 2], [7, 11, 8, 10], [9, 15, 10, 14], [11, 18, 12, 19], [13, 9, 14, 8], [15, 20, 16, 21], [17, 24, 18, 1], [19, 12, 20, 13], [21, 4, 22, 5], [23, 16, 24, 17], [1, 7, 2, 6]]"
12a_0039_62,"[[1, 7, 2, 6], [3, 22, 4, 23], [5, 3, 6, 2], [7, 11, 8, 10], [9, 15, 10, 14], [11, 18, 12, 19], [13, 9, 14, 8], [15, 20, 16, 21], [17, 24, 18, 1], [19, 12, 20, 13], [21, 4, 22, 5], [23, 16, 24, 17]]"
12a_0039_63,"[[23, 16, 24, 17], [1, 7, 2, 6], [3, 22, 4, 23], [5, 3, 6, 2], [7, 11, 8, 10], [9, 15, 10, 14], [11, 18, 12, 19], [13, 9, 14, 8], [15, 20, 16, 21], [17, 24, 18, 1], [19, 12, 20, 13], [21, 4, 22, 5]]"
12a_0039_64,"[[21, 4, 22, 5], [23, 16, 24, 17], [1, 7, 2, 6], [3, 22, 4, 23], [5, 3, 6, 2], [7, 11, 8, 10], [9, 15, 10, 14], [11, 18, 12, 19], [13, 9, 14, 8], [15, 20, 16, 21], [17, 24, 18, 1], [19, 12, 20, 13]]"
12a_0039_65,"[[19, 12, 20, 13], [21, 4, 22, 5], [23, 16, 24, 17], [1, 7, 2, 6], [3, 22, 4, 23], [5, 3, 6, 2], [7, 11, 8, 10], [9, 15, 10, 14], [11, 18, 12, 19], [13, 9, 14, 8], [15, 20, 16, 21], [17, 24, 18, 1]]"
12a_0039_66,"[[17, 24, 18, 1], [19, 12, 20, 13], [21, 4, 22, 5], [23, 16, 24, 17], [1, 7, 2, 6], [3, 22, 4, 23], [5, 3, 6, 2], [7, 11, 8, 10], [9, 15, 10, 14], [11, 18, 12, 19], [13, 9, 14, 8], [15, 20, 16, 21]]"
12a_0039_67,"[[15, 20, 16, 21], [17, 24, 18, 1], [19, 12, 20, 13], [21, 4, 22, 5], [23, 16, 24, 17], [1, 7, 2, 6], [3, 22, 4, 23], [5, 3, 6, 2], [7, 11, 8, 10], [9, 15, 10, 14], [11, 18, 12, 19], [13, 9, 14, 8]]"
12a_0039_68,"[[13, 9, 14, 8], [15, 20, 16, 21], [17, 24, 18, 1], [19, 12, 20, 13], [21, 4, 22, 5], [23, 16, 24, 17], [1, 7, 2, 6], [3, 22, 4, 23], [5, 3, 6, 2], [7, 11, 8, 10], [9, 15, 10, 14], [11, 18, 12, 19]]"
12a_0039_69,"[[11, 18, 12, 19], [13, 9, 14, 8], [15, 20, 16, 21], [17, 24, 18, 1], [19, 12, 20, 13], [21, 4, 22, 5], [23, 16, 24, 17], [1, 7, 2, 6], [3, 22, 4, 23], [5, 3, 6, 2], [7, 11, 8, 10], [9, 15, 10, 14]]"
12a_0039_70,"[[9, 15, 10, 14], [11, 18, 12, 19], [13, 9, 14, 8], [15, 20, 16, 21], [17, 24, 18, 1], [19, 12, 20, 13], [21, 4, 22, 5], [23, 16, 24, 17], [1, 7, 2, 6], [3, 22, 4, 23], [5, 3, 6, 2], [7, 11, 8, 10]]"
12a_0039_71,"[[7, 11, 8, 10], [9, 15, 10, 14], [11, 18, 12, 19], [13, 9, 14, 8], [15, 20, 16, 21], [17, 24, 18, 1], [19, 12, 20, 13], [21, 4, 22, 5], [23, 16, 24, 17], [1, 7, 2, 6], [3, 22, 4, 23], [5, 3, 6, 2]]"
12a_0039_72,"[[6, 4, 7, 3], [8, 12, 9, 11], [10, 16, 11, 15], [12, 19, 13, 20], [14, 10, 15, 9], [16, 21, 17, 22], [18, 1, 19, 2], [20, 13, 21, 14], [22, 5, 23, 6], [24, 17, 1, 18], [2, 8, 3, 7], [4, 23, 5, 24]]"
12a_0039_73,"[[4, 23, 5, 24], [6, 4, 7, 3], [8, 12, 9, 11], [10, 16, 11, 15], [12, 19, 13, 20], [14, 10, 15, 9], [16, 21, 17, 22], [18, 1, 19, 2], [20, 13, 21, 14], [22, 5, 23, 6], [24, 17, 1, 18], [2, 8, 3, 7]]"
12a_0039_74,"[[2, 8, 3, 7], [4, 23, 5, 24], [6, 4, 7, 3], [8, 12, 9, 11], [10, 16, 11, 15], [12, 19, 13, 20], [14, 10, 15, 9], [16, 21, 17, 22], [18, 1, 19, 2], [20, 13, 21, 14], [22, 5, 23, 6], [24, 17, 1, 18]]"
12a_0039_75,"[[24, 17, 1, 18], [2, 8, 3, 7], [4, 23, 5, 24], [6, 4, 7, 3], [8, 12, 9, 11], [10, 16, 11, 15], [12, 19, 13, 20], [14, 10, 15, 9], [16, 21, 17, 22], [18, 1, 19, 2], [20, 13, 21, 14], [22, 5, 23, 6]]"
12a_0039_76,"[[22, 5, 23, 6], [24, 17, 1, 18], [2, 8, 3, 7], [4, 23, 5, 24], [6, 4, 7, 3], [8, 12, 9, 11], [10, 16, 11, 15], [12, 19, 13, 20], [14, 10, 15, 9], [16, 21, 17, 22], [18, 1, 19, 2], [20, 13, 21, 14]]"
12a_0039_77,"[[20, 13, 21, 14], [22, 5, 23, 6], [24, 17, 1, 18], [2, 8, 3, 7], [4, 23, 5, 24], [6, 4, 7, 3], [8, 12, 9, 11], [10, 16, 11, 15], [12, 19, 13, 20], [14, 10, 15, 9], [16, 21, 17, 22], [18, 1, 19, 2]]"
12a_0039_78,"[[18, 1, 19, 2], [20, 13, 21, 14], [22, 5, 23, 6], [24, 17, 1, 18], [2, 8, 3, 7], [4, 23, 5, 24], [6, 4, 7, 3], [8, 12, 9, 11], [10, 16, 11, 15], [12, 19, 13, 20], [14, 10, 15, 9], [16, 21, 17, 22]]"
12a_0039_79,"[[16, 21, 17, 22], [18, 1, 19, 2], [20, 13, 21, 14], [22, 5, 23, 6], [24, 17, 1, 18], [2, 8, 3, 7], [4, 23, 5, 24], [6, 4, 7, 3], [8, 12, 9, 11], [10, 16, 11, 15], [12, 19, 13, 20], [14, 10, 15, 9]]"
12a_0039_80,"[[14, 10, 15, 9], [16, 21, 17, 22], [18, 1, 19, 2], [20, 13, 21, 14], [22, 5, 23, 6], [24, 17, 1, 18], [2, 8, 3, 7], [4, 23, 5, 24], [6, 4, 7, 3], [8, 12, 9, 11], [10, 16, 11, 15], [12, 19, 13, 20]]"
12a_0039_81,"[[12, 19, 13, 20], [14, 10, 15, 9], [16, 21, 17, 22], [18, 1, 19, 2], [20, 13, 21, 14], [22, 5, 23, 6], [24, 17, 1, 18], [2, 8, 3, 7], [4, 23, 5, 24], [6, 4, 7, 3], [8, 12, 9, 11], [10, 16, 11, 15]]"
12a_0039_82,"[[10, 16, 11, 15], [12, 19, 13, 20], [14, 10, 15, 9], [16, 21, 17, 22], [18, 1, 19, 2], [20, 13, 21, 14], [22, 5, 23, 6], [24, 17, 1, 18], [2, 8, 3, 7], [4, 23, 5, 24], [6, 4, 7, 3], [8, 12, 9, 11]]"
12a_0039_83,"[[8, 12, 9, 11], [10, 16, 11, 15], [12, 19, 13, 20], [14, 10, 15, 9], [16, 21, 17, 22], [18, 1, 19, 2], [20, 13, 21, 14], [22, 5, 23, 6], [24, 17, 1, 18], [2, 8, 3, 7], [4, 23, 5, 24], [6, 4, 7, 3]]"
12a_0039_84,"[[7, 5, 8, 4], [9, 13, 10, 12], [11, 17, 12, 16], [13, 20, 14, 21], [15, 11, 16, 10], [17, 22, 18, 23], [19, 2, 20, 3], [21, 14, 22, 15], [23, 6, 24, 7], [1, 18, 2, 19], [3, 9, 4, 8], [5, 24, 6, 1]]"
12a_0039_85,"[[5, 24, 6, 1], [7, 5, 8, 4], [9, 13, 10, 12], [11, 17, 12, 16], [13, 20, 14, 21], [15, 11, 16, 10], [17, 22, 18, 23], [19, 2, 20, 3], [21, 14, 22, 15], [23, 6, 24, 7], [1, 18, 2, 19], [3, 9, 4, 8]]"
12a_0039_86,"[[3, 9, 4, 8], [5, 24, 6, 1], [7, 5, 8, 4], [9, 13, 10, 12], [11, 17, 12, 16], [13, 20, 14, 21], [15, 11, 16, 10], [17, 22, 18, 23], [19, 2, 20, 3], [21, 14, 22, 15], [23, 6, 24, 7], [1, 18, 2, 19]]"
12a_0039_87,"[[1, 18, 2, 19], [3, 9, 4, 8], [5, 24, 6, 1], [7, 5, 8, 4], [9, 13, 10, 12], [11, 17, 12, 16], [13, 20, 14, 21], [15, 11, 16, 10], [17, 22, 18, 23], [19, 2, 20, 3], [21, 14, 22, 15], [23, 6, 24, 7]]"
12a_0039_88,"[[23, 6, 24, 7], [1, 18, 2, 19], [3, 9, 4, 8], [5, 24, 6, 1], [7, 5, 8, 4], [9, 13, 10, 12], [11, 17, 12, 16], [13, 20, 14, 21], [15, 11, 16, 10], [17, 22, 18, 23], [19, 2, 20, 3], [21, 14, 22, 15]]"
12a_0039_89,"[[21, 14, 22, 15], [23, 6, 24, 7], [1, 18, 2, 19], [3, 9, 4, 8], [5, 24, 6, 1], [7, 5, 8, 4], [9, 13, 10, 12], [11, 17, 12, 16], [13, 20, 14, 21], [15, 11, 16, 10], [17, 22, 18, 23], [19, 2, 20, 3]]"
12a_0039_90,"[[19, 2, 20, 3], [21, 14, 22, 15], [23, 6, 24, 7], [1, 18, 2, 19], [3, 9, 4, 8], [5, 24, 6, 1], [7, 5, 8, 4], [9, 13, 10, 12], [11, 17, 12, 16], [13, 20, 14, 21], [15, 11, 16, 10], [17, 22, 18, 23]]"
12a_0039_91,"[[17, 22, 18, 23], [19, 2, 20, 3], [21, 14, 22, 15], [23, 6, 24, 7], [1, 18, 2, 19], [3, 9, 4, 8], [5, 24, 6, 1], [7, 5, 8, 4], [9, 13, 10, 12], [11, 17, 12, 16], [13, 20, 14, 21], [15, 11, 16, 10]]"
12a_0039_92,"[[15, 11, 16, 10], [17, 22, 18, 23], [19, 2, 20, 3], [21, 14, 22, 15], [23, 6, 24, 7], [1, 18, 2, 19], [3, 9, 4, 8], [5, 24, 6, 1], [7, 5, 8, 4], [9, 13, 10, 12], [11, 17, 12, 16], [13, 20, 14, 21]]"
12a_0039_93,"[[13, 20, 14, 21], [15, 11, 16, 10], [17, 22, 18, 23], [19, 2, 20, 3], [21, 14, 22, 15], [23, 6, 24, 7], [1, 18, 2, 19], [3, 9, 4, 8], [5, 24, 6, 1], [7, 5, 8, 4], [9, 13, 10, 12], [11, 17, 12, 16]]"
12a_0039_94,"[[11, 17, 12, 16], [13, 20, 14, 21], [15, 11, 16, 10], [17, 22, 18, 23], [19, 2, 20, 3], [21, 14, 22, 15], [23, 6, 24, 7], [1, 18, 2, 19], [3, 9, 4, 8], [5, 24, 6, 1], [7, 5, 8, 4], [9, 13, 10, 12]]"
12a_0039_95,"[[9, 13, 10, 12], [11, 17, 12, 16], [13, 20, 14, 21], [15, 11, 16, 10], [17, 22, 18, 23], [19, 2, 20, 3], [21, 14, 22, 15], [23, 6, 24, 7], [1, 18, 2, 19], [3, 9, 4, 8], [5, 24, 6, 1], [7, 5, 8, 4]]"
12a_0039_96,"[[8, 6, 9, 5], [10, 14, 11, 13], [12, 18, 13, 17], [14, 21, 15, 22], [16, 12, 17, 11], [18, 23, 19, 24], [20, 3, 21, 4], [22, 15, 23, 16], [24, 7, 1, 8], [2, 19, 3, 20], [4, 10, 5, 9], [6, 1, 7, 2]]"
12a_0039_97,"[[6, 1, 7, 2], [8, 6, 9, 5], [10, 14, 11, 13], [12, 18, 13, 17], [14, 21, 15, 22], [16, 12, 17, 11], [18, 23, 19, 24], [20, 3, 21, 4], [22, 15, 23, 16], [24, 7, 1, 8], [2, 19, 3, 20], [4, 10, 5, 9]]"
12a_0039_98,"[[4, 10, 5, 9], [6, 1, 7, 2], [8, 6, 9, 5], [10, 14, 11, 13], [12, 18, 13, 17], [14, 21, 15, 22], [16, 12, 17, 11], [18, 23, 19, 24], [20, 3, 21, 4], [22, 15, 23, 16], [24, 7, 1, 8], [2, 19, 3, 20]]"
12a_0039_99,"[[2, 19, 3, 20], [4, 10, 5, 9], [6, 1, 7, 2], [8, 6, 9, 5], [10, 14, 11, 13], [12, 18, 13, 17], [14, 21, 15, 22], [16, 12, 17, 11], [18, 23, 19, 24], [20, 3, 21, 4], [22, 15, 23, 16], [24, 7, 1, 8]]"
12a_0039_100,"[[24, 7, 1, 8], [2, 19, 3, 20], [4, 10, 5, 9], [6, 1, 7, 2], [8, 6, 9, 5], [10, 14, 11, 13], [12, 18, 13, 17], [14, 21, 15, 22], [16, 12, 17, 11], [18, 23, 19, 24], [20, 3, 21, 4], [22, 15, 23, 16]]"
12a_0039_101,"[[22, 15, 23, 16], [24, 7, 1, 8], [2, 19, 3, 20], [4, 10, 5, 9], [6, 1, 7, 2], [8, 6, 9, 5], [10, 14, 11, 13], [12, 18, 13, 17], [14, 21, 15, 22], [16, 12, 17, 11], [18, 23, 19, 24], [20, 3, 21, 4]]"
12a_0039_102,"[[20, 3, 21, 4], [22, 15, 23, 16], [24, 7, 1, 8], [2, 19, 3, 20], [4, 10, 5, 9], [6, 1, 7, 2], [8, 6, 9, 5], [10, 14, 11, 13], [12, 18, 13, 17], [14, 21, 15, 22], [16, 12, 17, 11], [18, 23, 19, 24]]"
12a_0039_103,"[[18, 23, 19, 24], [20, 3, 21, 4], [22, 15, 23, 16], [24, 7, 1, 8], [2, 19, 3, 20], [4, 10, 5, 9], [6, 1, 7, 2], [8, 6, 9, 5], [10, 14, 11, 13], [12, 18, 13, 17], [14, 21, 15, 22], [16, 12, 17, 11]]"
12a_0039_104,"[[16, 12, 17, 11], [18, 23, 19, 24], [20, 3, 21, 4], [22, 15, 23, 16], [24, 7, 1, 8], [2, 19, 3, 20], [4, 10, 5, 9], [6, 1, 7, 2], [8, 6, 9, 5], [10, 14, 11, 13], [12, 18, 13, 17], [14, 21, 15, 22]]"
12a_0039_105,"[[14, 21, 15, 22], [16, 12, 17, 11], [18, 23, 19, 24], [20, 3, 21, 4], [22, 15, 23, 16], [24, 7, 1, 8], [2, 19, 3, 20], [4, 10, 5, 9], [6, 1, 7, 2], [8, 6, 9, 5], [10, 14, 11, 13], [12, 18, 13, 17]]"
12a_0039_106,"[[12, 18, 13, 17], [14, 21, 15, 22], [16, 12, 17, 11], [18, 23, 19, 24], [20, 3, 21, 4], [22, 15, 23, 16], [24, 7, 1, 8], [2, 19, 3, 20], [4, 10, 5, 9], [6, 1, 7, 2], [8, 6, 9, 5], [10, 14, 11, 13]]"
12a_0039_107,"[[10, 14, 11, 13], [12, 18, 13, 17], [14, 21, 15, 22], [16, 12, 17, 11], [18, 23, 19, 24], [20, 3, 21, 4], [22, 15, 23, 16], [24, 7, 1, 8], [2, 19, 3, 20], [4, 10, 5, 9], [6, 1, 7, 2], [8, 6, 9, 5]]"
12a_0039_108,"[[9, 7, 10, 6], [11, 15, 12, 14], [13, 19, 14, 18], [15, 22, 16, 23], [17, 13, 18, 12], [19, 24, 20, 1], [21, 4, 22, 5], [23, 16, 24, 17], [1, 8, 2, 9], [3, 20, 4, 21], [5, 11, 6, 10], [7, 2, 8, 3]]"
12a_0039_109,"[[7, 2, 8, 3], [9, 7, 10, 6], [11, 15, 12, 14], [13, 19, 14, 18], [15, 22, 16, 23], [17, 13, 18, 12], [19, 24, 20, 1], [21, 4, 22, 5], [23, 16, 24, 17], [1, 8, 2, 9], [3, 20, 4, 21], [5, 11, 6, 10]]"
12a_0039_110,"[[5, 11, 6, 10], [7, 2, 8, 3], [9, 7, 10, 6], [11, 15, 12, 14], [13, 19, 14, 18], [15, 22, 16, 23], [17, 13, 18, 12], [19, 24, 20, 1], [21, 4, 22, 5], [23, 16, 24, 17], [1, 8, 2, 9], [3, 20, 4, 21]]"
12a_0039_111,"[[3, 20, 4, 21], [5, 11, 6, 10], [7, 2, 8, 3], [9, 7, 10, 6], [11, 15, 12, 14], [13, 19, 14, 18], [15, 22, 16, 23], [17, 13, 18, 12], [19, 24, 20, 1], [21, 4, 22, 5], [23, 16, 24, 17], [1, 8, 2, 9]]"
12a_0039_112,"[[1, 8, 2, 9], [3, 20, 4, 21], [5, 11, 6, 10], [7, 2, 8, 3], [9, 7, 10, 6], [11, 15, 12, 14], [13, 19, 14, 18], [15, 22, 16, 23], [17, 13, 18, 12], [19, 24, 20, 1], [21, 4, 22, 5], [23, 16, 24, 17]]"
12a_0039_113,"[[23, 16, 24, 17], [1, 8, 2, 9], [3, 20, 4, 21], [5, 11, 6, 10], [7, 2, 8, 3], [9, 7, 10, 6], [11, 15, 12, 14], [13, 19, 14, 18], [15, 22, 16, 23], [17, 13, 18, 12], [19, 24, 20, 1], [21, 4, 22, 5]]"
12a_0039_114,"[[21, 4, 22, 5], [23, 16, 24, 17], [1, 8, 2, 9], [3, 20, 4, 21], [5, 11, 6, 10], [7, 2, 8, 3], [9, 7, 10, 6], [11, 15, 12, 14], [13, 19, 14, 18], [15, 22, 16, 23], [17, 13, 18, 12], [19, 24, 20, 1]]"
12a_0039_115,"[[19, 24, 20, 1], [21, 4, 22, 5], [23, 16, 24, 17], [1, 8, 2, 9], [3, 20, 4, 21], [5, 11, 6, 10], [7, 2, 8, 3], [9, 7, 10, 6], [11, 15, 12, 14], [13, 19, 14, 18], [15, 22, 16, 23], [17, 13, 18, 12]]"
12a_0039_116,"[[17, 13, 18, 12], [19, 24, 20, 1], [21, 4, 22, 5], [23, 16, 24, 17], [1, 8, 2, 9], [3, 20, 4, 21], [5, 11, 6, 10], [7, 2, 8, 3], [9, 7, 10, 6], [11, 15, 12, 14], [13, 19, 14, 18], [15, 22, 16, 23]]"
12a_0039_117,"[[15, 22, 16, 23], [17, 13, 18, 12], [19, 24, 20, 1], [21, 4, 22, 5], [23, 16, 24, 17], [1, 8, 2, 9], [3, 20, 4, 21], [5, 11, 6, 10], [7, 2, 8, 3], [9, 7, 10, 6], [11, 15, 12, 14], [13, 19, 14, 18]]"
12a_0039_118,"[[13, 19, 14, 18], [15, 22, 16, 23], [17, 13, 18, 12], [19, 24, 20, 1], [21, 4, 22, 5], [23, 16, 24, 17], [1, 8, 2, 9], [3, 20, 4, 21], [5, 11, 6, 10], [7, 2, 8, 3], [9, 7, 10, 6], [11, 15, 12, 14]]"
12a_0039_119,"[[11, 15, 12, 14], [13, 19, 14, 18], [15, 22, 16, 23], [17, 13, 18, 12], [19, 24, 20, 1], [21, 4, 22, 5], [23, 16, 24, 17], [1, 8, 2, 9], [3, 20, 4, 21], [5, 11, 6, 10], [7, 2, 8, 3], [9, 7, 10, 6]]"
12a_0039_120,"[[10, 8, 11, 7], [12, 16, 13, 15], [14, 20, 15, 19], [16, 23, 17, 24], [18, 14, 19, 13], [20, 1, 21, 2], [22, 5, 23, 6], [24, 17, 1, 18], [2, 9, 3, 10], [4, 21, 5, 22], [6, 12, 7, 11], [8, 3, 9, 4]]"
12a_0039_121,"[[8, 3, 9, 4], [10, 8, 11, 7], [12, 16, 13, 15], [14, 20, 15, 19], [16, 23, 17, 24], [18, 14, 19, 13], [20, 1, 21, 2], [22, 5, 23, 6], [24, 17, 1, 18], [2, 9, 3, 10], [4, 21, 5, 22], [6, 12, 7, 11]]"
12a_0039_122,"[[6, 12, 7, 11], [8, 3, 9, 4], [10, 8, 11, 7], [12, 16, 13, 15], [14, 20, 15, 19], [16, 23, 17, 24], [18, 14, 19, 13], [20, 1, 21, 2], [22, 5, 23, 6], [24, 17, 1, 18], [2, 9, 3, 10], [4, 21, 5, 22]]"
12a_0039_123,"[[4, 21, 5, 22], [6, 12, 7, 11], [8, 3, 9, 4], [10, 8, 11, 7], [12, 16, 13, 15], [14, 20, 15, 19], [16, 23, 17, 24], [18, 14, 19, 13], [20, 1, 21, 2], [22, 5, 23, 6], [24, 17, 1, 18], [2, 9, 3, 10]]"
12a_0039_124,"[[2, 9, 3, 10], [4, 21, 5, 22], [6, 12, 7, 11], [8, 3, 9, 4], [10, 8, 11, 7], [12, 16, 13, 15], [14, 20, 15, 19], [16, 23, 17, 24], [18, 14, 19, 13], [20, 1, 21, 2], [22, 5, 23, 6], [24, 17, 1, 18]]"
12a_0039_125,"[[24, 17, 1, 18], [2, 9, 3, 10], [4, 21, 5, 22], [6, 12, 7, 11], [8, 3, 9, 4], [10, 8, 11, 7], [12, 16, 13, 15], [14, 20, 15, 19], [16, 23, 17, 24], [18, 14, 19, 13], [20, 1, 21, 2], [22, 5, 23, 6]]"
12a_0039_126,"[[22, 5, 23, 6], [24, 17, 1, 18], [2, 9, 3, 10], [4, 21, 5, 22], [6, 12, 7, 11], [8, 3, 9, 4], [10, 8, 11, 7], [12, 16, 13, 15], [14, 20, 15, 19], [16, 23, 17, 24], [18, 14, 19, 13], [20, 1, 21, 2]]"
12a_0039_127,"[[20, 1, 21, 2], [22, 5, 23, 6], [24, 17, 1, 18], [2, 9, 3, 10], [4, 21, 5, 22], [6, 12, 7, 11], [8, 3, 9, 4], [10, 8, 11, 7], [12, 16, 13, 15], [14, 20, 15, 19], [16, 23, 17, 24], [18, 14, 19, 13]]"
12a_0039_128,"[[18, 14, 19, 13], [20, 1, 21, 2], [22, 5, 23, 6], [24, 17, 1, 18], [2, 9, 3, 10], [4, 21, 5, 22], [6, 12, 7, 11], [8, 3, 9, 4], [10, 8, 11, 7], [12, 16, 13, 15], [14, 20, 15, 19], [16, 23, 17, 24]]"
12a_0039_129,"[[16, 23, 17, 24], [18, 14, 19, 13], [20, 1, 21, 2], [22, 5, 23, 6], [24, 17, 1, 18], [2, 9, 3, 10], [4, 21, 5, 22], [6, 12, 7, 11], [8, 3, 9, 4], [10, 8, 11, 7], [12, 16, 13, 15], [14, 20, 15, 19]]"
12a_0039_130,"[[14, 20, 15, 19], [16, 23, 17, 24], [18, 14, 19, 13], [20, 1, 21, 2], [22, 5, 23, 6], [24, 17, 1, 18], [2, 9, 3, 10], [4, 21, 5, 22], [6, 12, 7, 11], [8, 3, 9, 4], [10, 8, 11, 7], [12, 16, 13, 15]]"
12a_0039_131,"[[12, 16, 13, 15], [14, 20, 15, 19], [16, 23, 17, 24], [18, 14, 19, 13], [20, 1, 21, 2], [22, 5, 23, 6], [24, 17, 1, 18], [2, 9, 3, 10], [4, 21, 5, 22], [6, 12, 7, 11], [8, 3, 9, 4], [10, 8, 11, 7]]"
12a_0039_132,"[[11, 9, 12, 8], [13, 17, 14, 16], [15, 21, 16, 20], [17, 24, 18, 1], [19, 15, 20, 14], [21, 2, 22, 3], [23, 6, 24, 7], [1, 18, 2, 19], [3, 10, 4, 11], [5, 22, 6, 23], [7, 13, 8, 12], [9, 4, 10, 5]]"
12a_0039_133,"[[9, 4, 10, 5], [11, 9, 12, 8], [13, 17, 14, 16], [15, 21, 16, 20], [17, 24, 18, 1], [19, 15, 20, 14], [21, 2, 22, 3], [23, 6, 24, 7], [1, 18, 2, 19], [3, 10, 4, 11], [5, 22, 6, 23], [7, 13, 8, 12]]"
12a_0039_134,"[[7, 13, 8, 12], [9, 4, 10, 5], [11, 9, 12, 8], [13, 17, 14, 16], [15, 21, 16, 20], [17, 24, 18, 1], [19, 15, 20, 14], [21, 2, 22, 3], [23, 6, 24, 7], [1, 18, 2, 19], [3, 10, 4, 11], [5, 22, 6, 23]]"
12a_0039_135,"[[5, 22, 6, 23], [7, 13, 8, 12], [9, 4, 10, 5], [11, 9, 12, 8], [13, 17, 14, 16], [15, 21, 16, 20], [17, 24, 18, 1], [19, 15, 20, 14], [21, 2, 22, 3], [23, 6, 24, 7], [1, 18, 2, 19], [3, 10, 4, 11]]"
12a_0039_136,"[[3, 10, 4, 11], [5, 22, 6, 23], [7, 13, 8, 12], [9, 4, 10, 5], [11, 9, 12, 8], [13, 17, 14, 16], [15, 21, 16, 20], [17, 24, 18, 1], [19, 15, 20, 14], [21, 2, 22, 3], [23, 6, 24, 7], [1, 18, 2, 19]]"
12a_0039_137,"[[1, 18, 2, 19], [3, 10, 4, 11], [5, 22, 6, 23], [7, 13, 8, 12], [9, 4, 10, 5], [11, 9, 12, 8], [13, 17, 14, 16], [15, 21, 16, 20], [17, 24, 18, 1], [19, 15, 20, 14], [21, 2, 22, 3], [23, 6, 24, 7]]"
12a_0039_138,"[[23, 6, 24, 7], [1, 18, 2, 19], [3, 10, 4, 11], [5, 22, 6, 23], [7, 13, 8, 12], [9, 4, 10, 5], [11, 9, 12, 8], [13, 17, 14, 16], [15, 21, 16, 20], [17, 24, 18, 1], [19, 15, 20, 14], [21, 2, 22, 3]]"
12a_0039_139,"[[21, 2, 22, 3], [23, 6, 24, 7], [1, 18, 2, 19], [3, 10, 4, 11], [5, 22, 6, 23], [7, 13, 8, 12], [9, 4, 10, 5], [11, 9, 12, 8], [13, 17, 14, 16], [15, 21, 16, 20], [17, 24, 18, 1], [19, 15, 20, 14]]"
12a_0039_140,"[[19, 15, 20, 14], [21, 2, 22, 3], [23, 6, 24, 7], [1, 18, 2, 19], [3, 10, 4, 11], [5, 22, 6, 23], [7, 13, 8, 12], [9, 4, 10, 5], [11, 9, 12, 8], [13, 17, 14, 16], [15, 21, 16, 20], [17, 24, 18, 1]]"
12a_0039_141,"[[17, 24, 18, 1], [19, 15, 20, 14], [21, 2, 22, 3], [23, 6, 24, 7], [1, 18, 2, 19], [3, 10, 4, 11], [5, 22, 6, 23], [7, 13, 8, 12], [9, 4, 10, 5], [11, 9, 12, 8], [13, 17, 14, 16], [15, 21, 16, 20]]"
12a_0039_142,"[[15, 21, 16, 20], [17, 24, 18, 1], [19, 15, 20, 14], [21, 2, 22, 3], [23, 6, 24, 7], [1, 18, 2, 19], [3, 10, 4, 11], [5, 22, 6, 23], [7, 13, 8, 12], [9, 4, 10, 5], [11, 9, 12, 8], [13, 17, 14, 16]]"
12a_0039_143,"[[13, 17, 14, 16], [15, 21, 16, 20], [17, 24, 18, 1], [19, 15, 20, 14], [21, 2, 22, 3], [23, 6, 24, 7], [1, 18, 2, 19], [3, 10, 4, 11], [5, 22, 6, 23], [7, 13, 8, 12], [9, 4, 10, 5], [11, 9, 12, 8]]"
12a_0039_144,"[[12, 10, 13, 9], [14, 18, 15, 17], [16, 22, 17, 21], [18, 1, 19, 2], [20, 16, 21, 15], [22, 3, 23, 4], [24, 7, 1, 8], [2, 19, 3, 20], [4, 11, 5, 12], [6, 23, 7, 24], [8, 14, 9, 13], [10, 5, 11, 6]]"
12a_0039_145,"[[10, 5, 11, 6], [12, 10, 13, 9], [14, 18, 15, 17], [16, 22, 17, 21], [18, 1, 19, 2], [20, 16, 21, 15], [22, 3, 23, 4], [24, 7, 1, 8], [2, 19, 3, 20], [4, 11, 5, 12], [6, 23, 7, 24], [8, 14, 9, 13]]"
12a_0039_146,"[[8, 14, 9, 13], [10, 5, 11, 6], [12, 10, 13, 9], [14, 18, 15, 17], [16, 22, 17, 21], [18, 1, 19, 2], [20, 16, 21, 15], [22, 3, 23, 4], [24, 7, 1, 8], [2, 19, 3, 20], [4, 11, 5, 12], [6, 23, 7, 24]]"
12a_0039_147,"[[6, 23, 7, 24], [8, 14, 9, 13], [10, 5, 11, 6], [12, 10, 13, 9], [14, 18, 15, 17], [16, 22, 17, 21], [18, 1, 19, 2], [20, 16, 21, 15], [22, 3, 23, 4], [24, 7, 1, 8], [2, 19, 3, 20], [4, 11, 5, 12]]"
12a_0039_148,"[[4, 11, 5, 12], [6, 23, 7, 24], [8, 14, 9, 13], [10, 5, 11, 6], [12, 10, 13, 9], [14, 18, 15, 17], [16, 22, 17, 21], [18, 1, 19, 2], [20, 16, 21, 15], [22, 3, 23, 4], [24, 7, 1, 8], [2, 19, 3, 20]]"
12a_0039_149,"[[2, 19, 3, 20], [4, 11, 5, 12], [6, 23, 7, 24], [8, 14, 9, 13], [10, 5, 11, 6], [12, 10, 13, 9], [14, 18, 15, 17], [16, 22, 17, 21], [18, 1, 19, 2], [20, 16, 21, 15], [22, 3, 23, 4], [24, 7, 1, 8]]"
12a_0039_150,"[[24, 7, 1, 8], [2, 19, 3, 20], [4, 11, 5, 12], [6, 23, 7, 24], [8, 14, 9, 13], [10, 5, 11, 6], [12, 10, 13, 9], [14, 18, 15, 17], [16, 22, 17, 21], [18, 1, 19, 2], [20, 16, 21, 15], [22, 3, 23, 4]]"
12a_0039_151,"[[22, 3, 23, 4], [24, 7, 1, 8], [2, 19, 3, 20], [4, 11, 5, 12], [6, 23, 7, 24], [8, 14, 9, 13], [10, 5, 11, 6], [12, 10, 13, 9], [14, 18, 15, 17], [16, 22, 17, 21], [18, 1, 19, 2], [20, 16, 21, 15]]"
12a_0039_152,"[[20, 16, 21, 15], [22, 3, 23, 4], [24, 7, 1, 8], [2, 19, 3, 20], [4, 11, 5, 12], [6, 23, 7, 24], [8, 14, 9, 13], [10, 5, 11, 6], [12, 10, 13, 9], [14, 18, 15, 17], [16, 22, 17, 21], [18, 1, 19, 2]]"
12a_0039_153,"[[18, 1, 19, 2], [20, 16, 21, 15], [22, 3, 23, 4], [24, 7, 1, 8], [2, 19, 3, 20], [4, 11, 5, 12], [6, 23, 7, 24], [8, 14, 9, 13], [10, 5, 11, 6], [12, 10, 13, 9], [14, 18, 15, 17], [16, 22, 17, 21]]"
12a_0039_154,"[[16, 22, 17, 21], [18, 1, 19, 2], [20, 16, 21, 15], [22, 3, 23, 4], [24, 7, 1, 8], [2, 19, 3, 20], [4, 11, 5, 12], [6, 23, 7, 24], [8, 14, 9, 13], [10, 5, 11, 6], [12, 10, 13, 9], [14, 18, 15, 17]]"
12a_0039_155,"[[14, 18, 15, 17], [16, 22, 17, 21], [18, 1, 19, 2], [20, 16, 21, 15], [22, 3, 23, 4], [24, 7, 1, 8], [2, 19, 3, 20], [4, 11, 5, 12], [6, 23, 7, 24], [8, 14, 9, 13], [10, 5, 11, 6], [12, 10, 13, 9]]"
12a_0039_156,"[[13, 11, 14, 10], [15, 19, 16, 18], [17, 23, 18, 22], [19, 2, 20, 3], [21, 17, 22, 16], [23, 4, 24, 5], [1, 8, 2, 9], [3, 20, 4, 21], [5, 12, 6, 13], [7, 24, 8, 1], [9, 15, 10, 14], [11, 6, 12, 7]]"
12a_0039_157,"[[11, 6, 12, 7], [13, 11, 14, 10], [15, 19, 16, 18], [17, 23, 18, 22], [19, 2, 20, 3], [21, 17, 22, 16], [23, 4, 24, 5], [1, 8, 2, 9], [3, 20, 4, 21], [5, 12, 6, 13], [7, 24, 8, 1], [9, 15, 10, 14]]"
12a_0039_158,"[[9, 15, 10, 14], [11, 6, 12, 7], [13, 11, 14, 10], [15, 19, 16, 18], [17, 23, 18, 22], [19, 2, 20, 3], [21, 17, 22, 16], [23, 4, 24, 5], [1, 8, 2, 9], [3, 20, 4, 21], [5, 12, 6, 13], [7, 24, 8, 1]]"
12a_0039_159,"[[7, 24, 8, 1], [9, 15, 10, 14], [11, 6, 12, 7], [13, 11, 14, 10], [15, 19, 16, 18], [17, 23, 18, 22], [19, 2, 20, 3], [21, 17, 22, 16], [23, 4, 24, 5], [1, 8, 2, 9], [3, 20, 4, 21], [5, 12, 6, 13]]"
12a_0039_160,"[[5, 12, 6, 13], [7, 24, 8, 1], [9, 15, 10, 14], [11, 6, 12, 7], [13, 11, 14, 10], [15, 19, 16, 18], [17, 23, 18, 22], [19, 2, 20, 3], [21, 17, 22, 16], [23, 4, 24, 5], [1, 8, 2, 9], [3, 20, 4, 21]]"
12a_0039_161,"[[3, 20, 4, 21], [5, 12, 6, 13], [7, 24, 8, 1], [9, 15, 10, 14], [11, 6, 12, 7], [13, 11, 14, 10], [15, 19, 16, 18], [17, 23, 18, 22], [19, 2, 20, 3], [21, 17, 22, 16], [23, 4, 24, 5], [1, 8, 2, 9]]"
12a_0039_162,"[[1, 8, 2, 9], [3, 20, 4, 21], [5, 12, 6, 13], [7, 24, 8, 1], [9, 15, 10, 14], [11, 6, 12, 7], [13, 11, 14, 10], [15, 19, 16, 18], [17, 23, 18, 22], [19, 2, 20, 3], [21, 17, 22, 16], [23, 4, 24, 5]]"
12a_0039_163,"[[23, 4, 24, 5], [1, 8, 2, 9], [3, 20, 4, 21], [5, 12, 6, 13], [7, 24, 8, 1], [9, 15, 10, 14], [11, 6, 12, 7], [13, 11, 14, 10], [15, 19, 16, 18], [17, 23, 18, 22], [19, 2, 20, 3], [21, 17, 22, 16]]"
12a_0039_164,"[[21, 17, 22, 16], [23, 4, 24, 5], [1, 8, 2, 9], [3, 20, 4, 21], [5, 12, 6, 13], [7, 24, 8, 1], [9, 15, 10, 14], [11, 6, 12, 7], [13, 11, 14, 10], [15, 19, 16, 18], [17, 23, 18, 22], [19, 2, 20, 3]]"
12a_0039_165,"[[19, 2, 20, 3], [21, 17, 22, 16], [23, 4, 24, 5], [1, 8, 2, 9], [3, 20, 4, 21], [5, 12, 6, 13], [7, 24, 8, 1], [9, 15, 10, 14], [11, 6, 12, 7], [13, 11, 14, 10], [15, 19, 16, 18], [17, 23, 18, 22]]"
12a_0039_166,"[[17, 23, 18, 22], [19, 2, 20, 3], [21, 17, 22, 16], [23, 4, 24, 5], [1, 8, 2, 9], [3, 20, 4, 21], [5, 12, 6, 13], [7, 24, 8, 1], [9, 15, 10, 14], [11, 6, 12, 7], [13, 11, 14, 10], [15, 19, 16, 18]]"
12a_0039_167,"[[15, 19, 16, 18], [17, 23, 18, 22], [19, 2, 20, 3], [21, 17, 22, 16], [23, 4, 24, 5], [1, 8, 2, 9], [3, 20, 4, 21], [5, 12, 6, 13], [7, 24, 8, 1], [9, 15, 10, 14], [11, 6, 12, 7], [13, 11, 14, 10]]"
12a_0039_168,"[[14, 12, 15, 11], [16, 20, 17, 19], [18, 24, 19, 23], [20, 3, 21, 4], [22, 18, 23, 17], [24, 5, 1, 6], [2, 9, 3, 10], [4, 21, 5, 22], [6, 13, 7, 14], [8, 1, 9, 2], [10, 16, 11, 15], [12, 7, 13, 8]]"
12a_0039_169,"[[12, 7, 13, 8], [14, 12, 15, 11], [16, 20, 17, 19], [18, 24, 19, 23], [20, 3, 21, 4], [22, 18, 23, 17], [24, 5, 1, 6], [2, 9, 3, 10], [4, 21, 5, 22], [6, 13, 7, 14], [8, 1, 9, 2], [10, 16, 11, 15]]"
12a_0039_170,"[[10, 16, 11, 15], [12, 7, 13, 8], [14, 12, 15, 11], [16, 20, 17, 19], [18, 24, 19, 23], [20, 3, 21, 4], [22, 18, 23, 17], [24, 5, 1, 6], [2, 9, 3, 10], [4, 21, 5, 22], [6, 13, 7, 14], [8, 1, 9, 2]]"
12a_0039_171,"[[8, 1, 9, 2], [10, 16, 11, 15], [12, 7, 13, 8], [14, 12, 15, 11], [16, 20, 17, 19], [18, 24, 19, 23], [20, 3, 21, 4], [22, 18, 23, 17], [24, 5, 1, 6], [2, 9, 3, 10], [4, 21, 5, 22], [6, 13, 7, 14]]"
12a_0039_172,"[[6, 13, 7, 14], [8, 1, 9, 2], [10, 16, 11, 15], [12, 7, 13, 8], [14, 12, 15, 11], [16, 20, 17, 19], [18, 24, 19, 23], [20, 3, 21, 4], [22, 18, 23, 17], [24, 5, 1, 6], [2, 9, 3, 10], [4, 21, 5, 22]]"
12a_0039_173,"[[4, 21, 5, 22], [6, 13, 7, 14], [8, 1, 9, 2], [10, 16, 11, 15], [12, 7, 13, 8], [14, 12, 15, 11], [16, 20, 17, 19], [18, 24, 19, 23], [20, 3, 21, 4], [22, 18, 23, 17], [24, 5, 1, 6], [2, 9, 3, 10]]"
12a_0039_174,"[[2, 9, 3, 10], [4, 21, 5, 22], [6, 13, 7, 14], [8, 1, 9, 2], [10, 16, 11, 15], [12, 7, 13, 8], [14, 12, 15, 11], [16, 20, 17, 19], [18, 24, 19, 23], [20, 3, 21, 4], [22, 18, 23, 17], [24, 5, 1, 6]]"
12a_0039_175,"[[24, 5, 1, 6], [2, 9, 3, 10], [4, 21, 5, 22], [6, 13, 7, 14], [8, 1, 9, 2], [10, 16, 11, 15], [12, 7, 13, 8], [14, 12, 15, 11], [16, 20, 17, 19], [18, 24, 19, 23], [20, 3, 21, 4], [22, 18, 23, 17]]"
12a_0039_176,"[[22, 18, 23, 17], [24, 5, 1, 6], [2, 9, 3, 10], [4, 21, 5, 22], [6, 13, 7, 14], [8, 1, 9, 2], [10, 16, 11, 15], [12, 7, 13, 8], [14, 12, 15, 11], [16, 20, 17, 19], [18, 24, 19, 23], [20, 3, 21, 4]]"
12a_0039_177,"[[20, 3, 21, 4], [22, 18, 23, 17], [24, 5, 1, 6], [2, 9, 3, 10], [4, 21, 5, 22], [6, 13, 7, 14], [8, 1, 9, 2], [10, 16, 11, 15], [12, 7, 13, 8], [14, 12, 15, 11], [16, 20, 17, 19], [18, 24, 19, 23]]"
12a_0039_178,"[[18, 24, 19, 23], [20, 3, 21, 4], [22, 18, 23, 17], [24, 5, 1, 6], [2, 9, 3, 10], [4, 21, 5, 22], [6, 13, 7, 14], [8, 1, 9, 2], [10, 16, 11, 15], [12, 7, 13, 8], [14, 12, 15, 11], [16, 20, 17, 19]]"
12a_0039_179,"[[16, 20, 17, 19], [18, 24, 19, 23], [20, 3, 21, 4], [22, 18, 23, 17], [24, 5, 1, 6], [2, 9, 3, 10], [4, 21, 5, 22], [6, 13, 7, 14], [8, 1, 9, 2], [10, 16, 11, 15], [12, 7, 13, 8], [14, 12, 15, 11]]"
12a_0039_180,"[[15, 13, 16, 12], [17, 21, 18, 20], [19, 1, 20, 24], [21, 4, 22, 5], [23, 19, 24, 18], [1, 6, 2, 7], [3, 10, 4, 11], [5, 22, 6, 23], [7, 14, 8, 15], [9, 2, 10, 3], [11, 17, 12, 16], [13, 8, 14, 9]]"
12a_0039_181,"[[13, 8, 14, 9], [15, 13, 16, 12], [17, 21, 18, 20], [19, 1, 20, 24], [21, 4, 22, 5], [23, 19, 24, 18], [1, 6, 2, 7], [3, 10, 4, 11], [5, 22, 6, 23], [7, 14, 8, 15], [9, 2, 10, 3], [11, 17, 12, 16]]"
12a_0039_182,"[[11, 17, 12, 16], [13, 8, 14, 9], [15, 13, 16, 12], [17, 21, 18, 20], [19, 1, 20, 24], [21, 4, 22, 5], [23, 19, 24, 18], [1, 6, 2, 7], [3, 10, 4, 11], [5, 22, 6, 23], [7, 14, 8, 15], [9, 2, 10, 3]]"
12a_0039_183,"[[9, 2, 10, 3], [11, 17, 12, 16], [13, 8, 14, 9], [15, 13, 16, 12], [17, 21, 18, 20], [19, 1, 20, 24], [21, 4, 22, 5], [23, 19, 24, 18], [1, 6, 2, 7], [3, 10, 4, 11], [5, 22, 6, 23], [7, 14, 8, 15]]"
12a_0039_184,"[[7, 14, 8, 15], [9, 2, 10, 3], [11, 17, 12, 16], [13, 8, 14, 9], [15, 13, 16, 12], [17, 21, 18, 20], [19, 1, 20, 24], [21, 4, 22, 5], [23, 19, 24, 18], [1, 6, 2, 7], [3, 10, 4, 11], [5, 22, 6, 23]]"
12a_0039_185,"[[5, 22, 6, 23], [7, 14, 8, 15], [9, 2, 10, 3], [11, 17, 12, 16], [13, 8, 14, 9], [15, 13, 16, 12], [17, 21, 18, 20], [19, 1, 20, 24], [21, 4, 22, 5], [23, 19, 24, 18], [1, 6, 2, 7], [3, 10, 4, 11]]"
