name,pd_notation
12a_0099_0,"[[24, 12, 1, 11], [2, 6, 3, 5], [4, 10, 5, 9], [6, 15, 7, 16], [8, 4, 9, 3], [10, 20, 11, 19], [12, 21, 13, 22], [14, 17, 15, 18], [16, 7, 17, 8], [18, 2, 19, 1], [20, 23, 21, 24], [22, 13, 23, 14]]"
12a_0099_1,"[[22, 13, 23, 14], [24, 12, 1, 11], [2, 6, 3, 5], [4, 10, 5, 9], [6, 15, 7, 16], [8, 4, 9, 3], [10, 20, 11, 19], [12, 21, 13, 22], [14, 17, 15, 18], [16, 7, 17, 8], [18, 2, 19, 1], [20, 23, 21, 24]]"
12a_0099_2,"[[20, 23, 21, 24], [22, 13, 23, 14], [24, 12, 1, 11], [2, 6, 3, 5], [4, 10, 5, 9], [6, 15, 7, 16], [8, 4, 9, 3], [10, 20, 11, 19], [12, 21, 13, 22], [14, 17, 15, 18], [16, 7, 17, 8], [18, 2, 19, 1]]"
12a_0099_3,"[[18, 2, 19, 1], [20, 23, 21, 24], [22, 13, 23, 14], [24, 12, 1, 11], [2, 6, 3, 5], [4, 10, 5, 9], [6, 15, 7, 16], [8, 4, 9, 3], [10, 20, 11, 19], [12, 21, 13, 22], [14, 17, 15, 18], [16, 7, 17, 8]]"
12a_0099_4,"[[16, 7, 17, 8], [18, 2, 19, 1], [20, 23, 21, 24], [22, 13, 23, 14], [24, 12, 1, 11], [2, 6, 3, 5], [4, 10, 5, 9], [6, 15, 7, 16], [8, 4, 9, 3], [10, 20, 11, 19], [12, 21, 13, 22], [14, 17, 15, 18]]"
12a_0099_5,"[[14, 17, 15, 18], [16, 7, 17, 8], [18, 2, 19, 1], [20, 23, 21, 24], [22, 13, 23, 14], [24, 12, 1, 11], [2, 6, 3, 5], [4, 10, 5, 9], [6, 15, 7, 16], [8, 4, 9, 3], [10, 20, 11, 19], [12, 21, 13, 22]]"
12a_0099_6,"[[12, 21, 13, 22], [14, 17, 15, 18], [16, 7, 17, 8], [18, 2, 19, 1], [20, 23, 21, 24], [22, 13, 23, 14], [24, 12, 1, 11], [2, 6, 3, 5], [4, 10, 5, 9], [6, 15, 7, 16], [8, 4, 9, 3], [10, 20, 11, 19]]"
12a_0099_7,"[[10, 20, 11, 19], [12, 21, 13, 22], [14, 17, 15, 18], [16, 7, 17, 8], [18, 2, 19, 1], [20, 23, 21, 24], [22, 13, 23, 14], [24, 12, 1, 11], [2, 6, 3, 5], [4, 10, 5, 9], [6, 15, 7, 16], [8, 4, 9, 3]]"
12a_0099_8,"[[8, 4, 9, 3], [10, 20, 11, 19], [12, 21, 13, 22], [14, 17, 15, 18], [16, 7, 17, 8], [18, 2, 19, 1], [20, 23, 21, 24], [22, 13, 23, 14], [24, 12, 1, 11], [2, 6, 3, 5], [4, 10, 5, 9], [6, 15, 7, 16]]"
12a_0099_9,"[[6, 15, 7, 16], [8, 4, 9, 3], [10, 20, 11, 19], [12, 21, 13, 22], [14, 17, 15, 18], [16, 7, 17, 8], [18, 2, 19, 1], [20, 23, 21, 24], [22, 13, 23, 14], [24, 12, 1, 11], [2, 6, 3, 5], [4, 10, 5, 9]]"
12a_0099_10,"[[4, 10, 5, 9], [6, 15, 7, 16], [8, 4, 9, 3], [10, 20, 11, 19], [12, 21, 13, 22], [14, 17, 15, 18], [16, 7, 17, 8], [18, 2, 19, 1], [20, 23, 21, 24], [22, 13, 23, 14], [24, 12, 1, 11], [2, 6, 3, 5]]"
12a_0099_11,"[[2, 6, 3, 5], [4, 10, 5, 9], [6, 15, 7, 16], [8, 4, 9, 3], [10, 20, 11, 19], [12, 21, 13, 22], [14, 17, 15, 18], [16, 7, 17, 8], [18, 2, 19, 1], [20, 23, 21, 24], [22, 13, 23, 14], [24, 12, 1, 11]]"
12a_0099_12,"[[1, 13, 2, 12], [3, 7, 4, 6], [5, 11, 6, 10], [7, 16, 8, 17], [9, 5, 10, 4], [11, 21, 12, 20], [13, 22, 14, 23], [15, 18, 16, 19], [17, 8, 18, 9], [19, 3, 20, 2], [21, 24, 22, 1], [23, 14, 24, 15]]"
12a_0099_13,"[[23, 14, 24, 15], [1, 13, 2, 12], [3, 7, 4, 6], [5, 11, 6, 10], [7, 16, 8, 17], [9, 5, 10, 4], [11, 21, 12, 20], [13, 22, 14, 23], [15, 18, 16, 19], [17, 8, 18, 9], [19, 3, 20, 2], [21, 24, 22, 1]]"
12a_0099_14,"[[21, 24, 22, 1], [23, 14, 24, 15], [1, 13, 2, 12], [3, 7, 4, 6], [5, 11, 6, 10], [7, 16, 8, 17], [9, 5, 10, 4], [11, 21, 12, 20], [13, 22, 14, 23], [15, 18, 16, 19], [17, 8, 18, 9], [19, 3, 20, 2]]"
12a_0099_15,"[[19, 3, 20, 2], [21, 24, 22, 1], [23, 14, 24, 15], [1, 13, 2, 12], [3, 7, 4, 6], [5, 11, 6, 10], [7, 16, 8, 17], [9, 5, 10, 4], [11, 21, 12, 20], [13, 22, 14, 23], [15, 18, 16, 19], [17, 8, 18, 9]]"
12a_0099_16,"[[17, 8, 18, 9], [19, 3, 20, 2], [21, 24, 22, 1], [23, 14, 24, 15], [1, 13, 2, 12], [3, 7, 4, 6], [5, 11, 6, 10], [7, 16, 8, 17], [9, 5, 10, 4], [11, 21, 12, 20], [13, 22, 14, 23], [15, 18, 16, 19]]"
12a_0099_17,"[[15, 18, 16, 19], [17, 8, 18, 9], [19, 3, 20, 2], [21, 24, 22, 1], [23, 14, 24, 15], [1, 13, 2, 12], [3, 7, 4, 6], [5, 11, 6, 10], [7, 16, 8, 17], [9, 5, 10, 4], [11, 21, 12, 20], [13, 22, 14, 23]]"
12a_0099_18,"[[13, 22, 14, 23], [15, 18, 16, 19], [17, 8, 18, 9], [19, 3, 20, 2], [21, 24, 22, 1], [23, 14, 24, 15], [1, 13, 2, 12], [3, 7, 4, 6], [5, 11, 6, 10], [7, 16, 8, 17], [9, 5, 10, 4], [11, 21, 12, 20]]"
12a_0099_19,"[[11, 21, 12, 20], [13, 22, 14, 23], [15, 18, 16, 19], [17, 8, 18, 9], [19, 3, 20, 2], [21, 24, 22, 1], [23, 14, 24, 15], [1, 13, 2, 12], [3, 7, 4, 6], [5, 11, 6, 10], [7, 16, 8, 17], [9, 5, 10, 4]]"
12a_0099_20,"[[9, 5, 10, 4], [11, 21, 12, 20], [13, 22, 14, 23], [15, 18, 16, 19], [17, 8, 18, 9], [19, 3, 20, 2], [21, 24, 22, 1], [23, 14, 24, 15], [1, 13, 2, 12], [3, 7, 4, 6], [5, 11, 6, 10], [7, 16, 8, 17]]"
12a_0099_21,"[[7, 16, 8, 17], [9, 5, 10, 4], [11, 21, 12, 20], [13, 22, 14, 23], [15, 18, 16, 19], [17, 8, 18, 9], [19, 3, 20, 2], [21, 24, 22, 1], [23, 14, 24, 15], [1, 13, 2, 12], [3, 7, 4, 6], [5, 11, 6, 10]]"
12a_0099_22,"[[5, 11, 6, 10], [7, 16, 8, 17], [9, 5, 10, 4], [11, 21, 12, 20], [13, 22, 14, 23], [15, 18, 16, 19], [17, 8, 18, 9], [19, 3, 20, 2], [21, 24, 22, 1], [23, 14, 24, 15], [1, 13, 2, 12], [3, 7, 4, 6]]"
12a_0099_23,"[[3, 7, 4, 6], [5, 11, 6, 10], [7, 16, 8, 17], [9, 5, 10, 4], [11, 21, 12, 20], [13, 22, 14, 23], [15, 18, 16, 19], [17, 8, 18, 9], [19, 3, 20, 2], [21, 24, 22, 1], [23, 14, 24, 15], [1, 13, 2, 12]]"
12a_0099_24,"[[2, 14, 3, 13], [4, 8, 5, 7], [6, 12, 7, 11], [8, 17, 9, 18], [10, 6, 11, 5], [12, 22, 13, 21], [14, 23, 15, 24], [16, 19, 17, 20], [18, 9, 19, 10], [20, 4, 21, 3], [22, 1, 23, 2], [24, 15, 1, 16]]"
12a_0099_25,"[[24, 15, 1, 16], [2, 14, 3, 13], [4, 8, 5, 7], [6, 12, 7, 11], [8, 17, 9, 18], [10, 6, 11, 5], [12, 22, 13, 21], [14, 23, 15, 24], [16, 19, 17, 20], [18, 9, 19, 10], [20, 4, 21, 3], [22, 1, 23, 2]]"
12a_0099_26,"[[22, 1, 23, 2], [24, 15, 1, 16], [2, 14, 3, 13], [4, 8, 5, 7], [6, 12, 7, 11], [8, 17, 9, 18], [10, 6, 11, 5], [12, 22, 13, 21], [14, 23, 15, 24], [16, 19, 17, 20], [18, 9, 19, 10], [20, 4, 21, 3]]"
12a_0099_27,"[[20, 4, 21, 3], [22, 1, 23, 2], [24, 15, 1, 16], [2, 14, 3, 13], [4, 8, 5, 7], [6, 12, 7, 11], [8, 17, 9, 18], [10, 6, 11, 5], [12, 22, 13, 21], [14, 23, 15, 24], [16, 19, 17, 20], [18, 9, 19, 10]]"
12a_0099_28,"[[18, 9, 19, 10], [20, 4, 21, 3], [22, 1, 23, 2], [24, 15, 1, 16], [2, 14, 3, 13], [4, 8, 5, 7], [6, 12, 7, 11], [8, 17, 9, 18], [10, 6, 11, 5], [12, 22, 13, 21], [14, 23, 15, 24], [16, 19, 17, 20]]"
12a_0099_29,"[[16, 19, 17, 20], [18, 9, 19, 10], [20, 4, 21, 3], [22, 1, 23, 2], [24, 15, 1, 16], [2, 14, 3, 13], [4, 8, 5, 7], [6, 12, 7, 11], [8, 17, 9, 18], [10, 6, 11, 5], [12, 22, 13, 21], [14, 23, 15, 24]]"
12a_0099_30,"[[14, 23, 15, 24], [16, 19, 17, 20], [18, 9, 19, 10], [20, 4, 21, 3], [22, 1, 23, 2], [24, 15, 1, 16], [2, 14, 3, 13], [4, 8, 5, 7], [6, 12, 7, 11], [8, 17, 9, 18], [10, 6, 11, 5], [12, 22, 13, 21]]"
12a_0099_31,"[[12, 22, 13, 21], [14, 23, 15, 24], [16, 19, 17, 20], [18, 9, 19, 10], [20, 4, 21, 3], [22, 1, 23, 2], [24, 15, 1, 16], [2, 14, 3, 13], [4, 8, 5, 7], [6, 12, 7, 11], [8, 17, 9, 18], [10, 6, 11, 5]]"
12a_0099_32,"[[10, 6, 11, 5], [12, 22, 13, 21], [14, 23, 15, 24], [16, 19, 17, 20], [18, 9, 19, 10], [20, 4, 21, 3], [22, 1, 23, 2], [24, 15, 1, 16], [2, 14, 3, 13], [4, 8, 5, 7], [6, 12, 7, 11], [8, 17, 9, 18]]"
12a_0099_33,"[[8, 17, 9, 18], [10, 6, 11, 5], [12, 22, 13, 21], [14, 23, 15, 24], [16, 19, 17, 20], [18, 9, 19, 10], [20, 4, 21, 3], [22, 1, 23, 2], [24, 15, 1, 16], [2, 14, 3, 13], [4, 8, 5, 7], [6, 12, 7, 11]]"
12a_0099_34,"[[6, 12, 7, 11], [8, 17, 9, 18], [10, 6, 11, 5], [12, 22, 13, 21], [14, 23, 15, 24], [16, 19, 17, 20], [18, 9, 19, 10], [20, 4, 21, 3], [22, 1, 23, 2], [24, 15, 1, 16], [2, 14, 3, 13], [4, 8, 5, 7]]"
12a_0099_35,"[[4, 8, 5, 7], [6, 12, 7, 11], [8, 17, 9, 18], [10, 6, 11, 5], [12, 22, 13, 21], [14, 23, 15, 24], [16, 19, 17, 20], [18, 9, 19, 10], [20, 4, 21, 3], [22, 1, 23, 2], [24, 15, 1, 16], [2, 14, 3, 13]]"
12a_0099_36,"[[3, 15, 4, 14], [5, 9, 6, 8], [7, 13, 8, 12], [9, 18, 10, 19], [11, 7, 12, 6], [13, 23, 14, 22], [15, 24, 16, 1], [17, 20, 18, 21], [19, 10, 20, 11], [21, 5, 22, 4], [23, 2, 24, 3], [1, 16, 2, 17]]"
12a_0099_37,"[[1, 16, 2, 17], [3, 15, 4, 14], [5, 9, 6, 8], [7, 13, 8, 12], [9, 18, 10, 19], [11, 7, 12, 6], [13, 23, 14, 22], [15, 24, 16, 1], [17, 20, 18, 21], [19, 10, 20, 11], [21, 5, 22, 4], [23, 2, 24, 3]]"
12a_0099_38,"[[23, 2, 24, 3], [1, 16, 2, 17], [3, 15, 4, 14], [5, 9, 6, 8], [7, 13, 8, 12], [9, 18, 10, 19], [11, 7, 12, 6], [13, 23, 14, 22], [15, 24, 16, 1], [17, 20, 18, 21], [19, 10, 20, 11], [21, 5, 22, 4]]"
12a_0099_39,"[[21, 5, 22, 4], [23, 2, 24, 3], [1, 16, 2, 17], [3, 15, 4, 14], [5, 9, 6, 8], [7, 13, 8, 12], [9, 18, 10, 19], [11, 7, 12, 6], [13, 23, 14, 22], [15, 24, 16, 1], [17, 20, 18, 21], [19, 10, 20, 11]]"
12a_0099_40,"[[19, 10, 20, 11], [21, 5, 22, 4], [23, 2, 24, 3], [1, 16, 2, 17], [3, 15, 4, 14], [5, 9, 6, 8], [7, 13, 8, 12], [9, 18, 10, 19], [11, 7, 12, 6], [13, 23, 14, 22], [15, 24, 16, 1], [17, 20, 18, 21]]"
12a_0099_41,"[[17, 20, 18, 21], [19, 10, 20, 11], [21, 5, 22, 4], [23, 2, 24, 3], [1, 16, 2, 17], [3, 15, 4, 14], [5, 9, 6, 8], [7, 13, 8, 12], [9, 18, 10, 19], [11, 7, 12, 6], [13, 23, 14, 22], [15, 24, 16, 1]]"
12a_0099_42,"[[15, 24, 16, 1], [17, 20, 18, 21], [19, 10, 20, 11], [21, 5, 22, 4], [23, 2, 24, 3], [1, 16, 2, 17], [3, 15, 4, 14], [5, 9, 6, 8], [7, 13, 8, 12], [9, 18, 10, 19], [11, 7, 12, 6], [13, 23, 14, 22]]"
12a_0099_43,"[[13, 23, 14, 22], [15, 24, 16, 1], [17, 20, 18, 21], [19, 10, 20, 11], [21, 5, 22, 4], [23, 2, 24, 3], [1, 16, 2, 17], [3, 15, 4, 14], [5, 9, 6, 8], [7, 13, 8, 12], [9, 18, 10, 19], [11, 7, 12, 6]]"
12a_0099_44,"[[11, 7, 12, 6], [13, 23, 14, 22], [15, 24, 16, 1], [17, 20, 18, 21], [19, 10, 20, 11], [21, 5, 22, 4], [23, 2, 24, 3], [1, 16, 2, 17], [3, 15, 4, 14], [5, 9, 6, 8], [7, 13, 8, 12], [9, 18, 10, 19]]"
12a_0099_45,"[[9, 18, 10, 19], [11, 7, 12, 6], [13, 23, 14, 22], [15, 24, 16, 1], [17, 20, 18, 21], [19, 10, 20, 11], [21, 5, 22, 4], [23, 2, 24, 3], [1, 16, 2, 17], [3, 15, 4, 14], [5, 9, 6, 8], [7, 13, 8, 12]]"
12a_0099_46,"[[7, 13, 8, 12], [9, 18, 10, 19], [11, 7, 12, 6], [13, 23, 14, 22], [15, 24, 16, 1], [17, 20, 18, 21], [19, 10, 20, 11], [21, 5, 22, 4], [23, 2, 24, 3], [1, 16, 2, 17], [3, 15, 4, 14], [5, 9, 6, 8]]"
12a_0099_47,"[[5, 9, 6, 8], [7, 13, 8, 12], [9, 18, 10, 19], [11, 7, 12, 6], [13, 23, 14, 22], [15, 24, 16, 1], [17, 20, 18, 21], [19, 10, 20, 11], [21, 5, 22, 4], [23, 2, 24, 3], [1, 16, 2, 17], [3, 15, 4, 14]]"
12a_0099_48,"[[4, 16, 5, 15], [6, 10, 7, 9], [8, 14, 9, 13], [10, 19, 11, 20], [12, 8, 13, 7], [14, 24, 15, 23], [16, 1, 17, 2], [18, 21, 19, 22], [20, 11, 21, 12], [22, 6, 23, 5], [24, 3, 1, 4], [2, 17, 3, 18]]"
12a_0099_49,"[[2, 17, 3, 18], [4, 16, 5, 15], [6, 10, 7, 9], [8, 14, 9, 13], [10, 19, 11, 20], [12, 8, 13, 7], [14, 24, 15, 23], [16, 1, 17, 2], [18, 21, 19, 22], [20, 11, 21, 12], [22, 6, 23, 5], [24, 3, 1, 4]]"
12a_0099_50,"[[24, 3, 1, 4], [2, 17, 3, 18], [4, 16, 5, 15], [6, 10, 7, 9], [8, 14, 9, 13], [10, 19, 11, 20], [12, 8, 13, 7], [14, 24, 15, 23], [16, 1, 17, 2], [18, 21, 19, 22], [20, 11, 21, 12], [22, 6, 23, 5]]"
12a_0099_51,"[[22, 6, 23, 5], [24, 3, 1, 4], [2, 17, 3, 18], [4, 16, 5, 15], [6, 10, 7, 9], [8, 14, 9, 13], [10, 19, 11, 20], [12, 8, 13, 7], [14, 24, 15, 23], [16, 1, 17, 2], [18, 21, 19, 22], [20, 11, 21, 12]]"
12a_0099_52,"[[20, 11, 21, 12], [22, 6, 23, 5], [24, 3, 1, 4], [2, 17, 3, 18], [4, 16, 5, 15], [6, 10, 7, 9], [8, 14, 9, 13], [10, 19, 11, 20], [12, 8, 13, 7], [14, 24, 15, 23], [16, 1, 17, 2], [18, 21, 19, 22]]"
12a_0099_53,"[[18, 21, 19, 22], [20, 11, 21, 12], [22, 6, 23, 5], [24, 3, 1, 4], [2, 17, 3, 18], [4, 16, 5, 15], [6, 10, 7, 9], [8, 14, 9, 13], [10, 19, 11, 20], [12, 8, 13, 7], [14, 24, 15, 23], [16, 1, 17, 2]]"
12a_0099_54,"[[16, 1, 17, 2], [18, 21, 19, 22], [20, 11, 21, 12], [22, 6, 23, 5], [24, 3, 1, 4], [2, 17, 3, 18], [4, 16, 5, 15], [6, 10, 7, 9], [8, 14, 9, 13], [10, 19, 11, 20], [12, 8, 13, 7], [14, 24, 15, 23]]"
12a_0099_55,"[[14, 24, 15, 23], [16, 1, 17, 2], [18, 21, 19, 22], [20, 11, 21, 12], [22, 6, 23, 5], [24, 3, 1, 4], [2, 17, 3, 18], [4, 16, 5, 15], [6, 10, 7, 9], [8, 14, 9, 13], [10, 19, 11, 20], [12, 8, 13, 7]]"
12a_0099_56,"[[12, 8, 13, 7], [14, 24, 15, 23], [16, 1, 17, 2], [18, 21, 19, 22], [20, 11, 21, 12], [22, 6, 23, 5], [24, 3, 1, 4], [2, 17, 3, 18], [4, 16, 5, 15], [6, 10, 7, 9], [8, 14, 9, 13], [10, 19, 11, 20]]"
12a_0099_57,"[[10, 19, 11, 20], [12, 8, 13, 7], [14, 24, 15, 23], [16, 1, 17, 2], [18, 21, 19, 22], [20, 11, 21, 12], [22, 6, 23, 5], [24, 3, 1, 4], [2, 17, 3, 18], [4, 16, 5, 15], [6, 10, 7, 9], [8, 14, 9, 13]]"
12a_0099_58,"[[8, 14, 9, 13], [10, 19, 11, 20], [12, 8, 13, 7], [14, 24, 15, 23], [16, 1, 17, 2], [18, 21, 19, 22], [20, 11, 21, 12], [22, 6, 23, 5], [24, 3, 1, 4], [2, 17, 3, 18], [4, 16, 5, 15], [6, 10, 7, 9]]"
12a_0099_59,"[[6, 10, 7, 9], [8, 14, 9, 13], [10, 19, 11, 20], [12, 8, 13, 7], [14, 24, 15, 23], [16, 1, 17, 2], [18, 21, 19, 22], [20, 11, 21, 12], [22, 6, 23, 5], [24, 3, 1, 4], [2, 17, 3, 18], [4, 16, 5, 15]]"
12a_0099_60,"[[5, 17, 6, 16], [7, 11, 8, 10], [9, 15, 10, 14], [11, 20, 12, 21], [13, 9, 14, 8], [15, 1, 16, 24], [17, 2, 18, 3], [19, 22, 20, 23], [21, 12, 22, 13], [23, 7, 24, 6], [1, 4, 2, 5], [3, 18, 4, 19]]"
12a_0099_61,"[[3, 18, 4, 19], [5, 17, 6, 16], [7, 11, 8, 10], [9, 15, 10, 14], [11, 20, 12, 21], [13, 9, 14, 8], [15, 1, 16, 24], [17, 2, 18, 3], [19, 22, 20, 23], [21, 12, 22, 13], [23, 7, 24, 6], [1, 4, 2, 5]]"
12a_0099_62,"[[1, 4, 2, 5], [3, 18, 4, 19], [5, 17, 6, 16], [7, 11, 8, 10], [9, 15, 10, 14], [11, 20, 12, 21], [13, 9, 14, 8], [15, 1, 16, 24], [17, 2, 18, 3], [19, 22, 20, 23], [21, 12, 22, 13], [23, 7, 24, 6]]"
12a_0099_63,"[[23, 7, 24, 6], [1, 4, 2, 5], [3, 18, 4, 19], [5, 17, 6, 16], [7, 11, 8, 10], [9, 15, 10, 14], [11, 20, 12, 21], [13, 9, 14, 8], [15, 1, 16, 24], [17, 2, 18, 3], [19, 22, 20, 23], [21, 12, 22, 13]]"
12a_0099_64,"[[21, 12, 22, 13], [23, 7, 24, 6], [1, 4, 2, 5], [3, 18, 4, 19], [5, 17, 6, 16], [7, 11, 8, 10], [9, 15, 10, 14], [11, 20, 12, 21], [13, 9, 14, 8], [15, 1, 16, 24], [17, 2, 18, 3], [19, 22, 20, 23]]"
12a_0099_65,"[[19, 22, 20, 23], [21, 12, 22, 13], [23, 7, 24, 6], [1, 4, 2, 5], [3, 18, 4, 19], [5, 17, 6, 16], [7, 11, 8, 10], [9, 15, 10, 14], [11, 20, 12, 21], [13, 9, 14, 8], [15, 1, 16, 24], [17, 2, 18, 3]]"
12a_0099_66,"[[17, 2, 18, 3], [19, 22, 20, 23], [21, 12, 22, 13], [23, 7, 24, 6], [1, 4, 2, 5], [3, 18, 4, 19], [5, 17, 6, 16], [7, 11, 8, 10], [9, 15, 10, 14], [11, 20, 12, 21], [13, 9, 14, 8], [15, 1, 16, 24]]"
12a_0099_67,"[[15, 1, 16, 24], [17, 2, 18, 3], [19, 22, 20, 23], [21, 12, 22, 13], [23, 7, 24, 6], [1, 4, 2, 5], [3, 18, 4, 19], [5, 17, 6, 16], [7, 11, 8, 10], [9, 15, 10, 14], [11, 20, 12, 21], [13, 9, 14, 8]]"
12a_0099_68,"[[13, 9, 14, 8], [15, 1, 16, 24], [17, 2, 18, 3], [19, 22, 20, 23], [21, 12, 22, 13], [23, 7, 24, 6], [1, 4, 2, 5], [3, 18, 4, 19], [5, 17, 6, 16], [7, 11, 8, 10], [9, 15, 10, 14], [11, 20, 12, 21]]"
12a_0099_69,"[[11, 20, 12, 21], [13, 9, 14, 8], [15, 1, 16, 24], [17, 2, 18, 3], [19, 22, 20, 23], [21, 12, 22, 13], [23, 7, 24, 6], [1, 4, 2, 5], [3, 18, 4, 19], [5, 17, 6, 16], [7, 11, 8, 10], [9, 15, 10, 14]]"
12a_0099_70,"[[9, 15, 10, 14], [11, 20, 12, 21], [13, 9, 14, 8], [15, 1, 16, 24], [17, 2, 18, 3], [19, 22, 20, 23], [21, 12, 22, 13], [23, 7, 24, 6], [1, 4, 2, 5], [3, 18, 4, 19], [5, 17, 6, 16], [7, 11, 8, 10]]"
12a_0099_71,"[[7, 11, 8, 10], [9, 15, 10, 14], [11, 20, 12, 21], [13, 9, 14, 8], [15, 1, 16, 24], [17, 2, 18, 3], [19, 22, 20, 23], [21, 12, 22, 13], [23, 7, 24, 6], [1, 4, 2, 5], [3, 18, 4, 19], [5, 17, 6, 16]]"
12a_0099_72,"[[6, 18, 7, 17], [8, 12, 9, 11], [10, 16, 11, 15], [12, 21, 13, 22], [14, 10, 15, 9], [16, 2, 17, 1], [18, 3, 19, 4], [20, 23, 21, 24], [22, 13, 23, 14], [24, 8, 1, 7], [2, 5, 3, 6], [4, 19, 5, 20]]"
12a_0099_73,"[[4, 19, 5, 20], [6, 18, 7, 17], [8, 12, 9, 11], [10, 16, 11, 15], [12, 21, 13, 22], [14, 10, 15, 9], [16, 2, 17, 1], [18, 3, 19, 4], [20, 23, 21, 24], [22, 13, 23, 14], [24, 8, 1, 7], [2, 5, 3, 6]]"
12a_0099_74,"[[2, 5, 3, 6], [4, 19, 5, 20], [6, 18, 7, 17], [8, 12, 9, 11], [10, 16, 11, 15], [12, 21, 13, 22], [14, 10, 15, 9], [16, 2, 17, 1], [18, 3, 19, 4], [20, 23, 21, 24], [22, 13, 23, 14], [24, 8, 1, 7]]"
12a_0099_75,"[[24, 8, 1, 7], [2, 5, 3, 6], [4, 19, 5, 20], [6, 18, 7, 17], [8, 12, 9, 11], [10, 16, 11, 15], [12, 21, 13, 22], [14, 10, 15, 9], [16, 2, 17, 1], [18, 3, 19, 4], [20, 23, 21, 24], [22, 13, 23, 14]]"
12a_0099_76,"[[22, 13, 23, 14], [24, 8, 1, 7], [2, 5, 3, 6], [4, 19, 5, 20], [6, 18, 7, 17], [8, 12, 9, 11], [10, 16, 11, 15], [12, 21, 13, 22], [14, 10, 15, 9], [16, 2, 17, 1], [18, 3, 19, 4], [20, 23, 21, 24]]"
12a_0099_77,"[[20, 23, 21, 24], [22, 13, 23, 14], [24, 8, 1, 7], [2, 5, 3, 6], [4, 19, 5, 20], [6, 18, 7, 17], [8, 12, 9, 11], [10, 16, 11, 15], [12, 21, 13, 22], [14, 10, 15, 9], [16, 2, 17, 1], [18, 3, 19, 4]]"
12a_0099_78,"[[18, 3, 19, 4], [20, 23, 21, 24], [22, 13, 23, 14], [24, 8, 1, 7], [2, 5, 3, 6], [4, 19, 5, 20], [6, 18, 7, 17], [8, 12, 9, 11], [10, 16, 11, 15], [12, 21, 13, 22], [14, 10, 15, 9], [16, 2, 17, 1]]"
12a_0099_79,"[[16, 2, 17, 1], [18, 3, 19, 4], [20, 23, 21, 24], [22, 13, 23, 14], [24, 8, 1, 7], [2, 5, 3, 6], [4, 19, 5, 20], [6, 18, 7, 17], [8, 12, 9, 11], [10, 16, 11, 15], [12, 21, 13, 22], [14, 10, 15, 9]]"
12a_0099_80,"[[14, 10, 15, 9], [16, 2, 17, 1], [18, 3, 19, 4], [20, 23, 21, 24], [22, 13, 23, 14], [24, 8, 1, 7], [2, 5, 3, 6], [4, 19, 5, 20], [6, 18, 7, 17], [8, 12, 9, 11], [10, 16, 11, 15], [12, 21, 13, 22]]"
12a_0099_81,"[[12, 21, 13, 22], [14, 10, 15, 9], [16, 2, 17, 1], [18, 3, 19, 4], [20, 23, 21, 24], [22, 13, 23, 14], [24, 8, 1, 7], [2, 5, 3, 6], [4, 19, 5, 20], [6, 18, 7, 17], [8, 12, 9, 11], [10, 16, 11, 15]]"
12a_0099_82,"[[10, 16, 11, 15], [12, 21, 13, 22], [14, 10, 15, 9], [16, 2, 17, 1], [18, 3, 19, 4], [20, 23, 21, 24], [22, 13, 23, 14], [24, 8, 1, 7], [2, 5, 3, 6], [4, 19, 5, 20], [6, 18, 7, 17], [8, 12, 9, 11]]"
12a_0099_83,"[[8, 12, 9, 11], [10, 16, 11, 15], [12, 21, 13, 22], [14, 10, 15, 9], [16, 2, 17, 1], [18, 3, 19, 4], [20, 23, 21, 24], [22, 13, 23, 14], [24, 8, 1, 7], [2, 5, 3, 6], [4, 19, 5, 20], [6, 18, 7, 17]]"
12a_0099_84,"[[7, 19, 8, 18], [9, 13, 10, 12], [11, 17, 12, 16], [13, 22, 14, 23], [15, 11, 16, 10], [17, 3, 18, 2], [19, 4, 20, 5], [21, 24, 22, 1], [23, 14, 24, 15], [1, 9, 2, 8], [3, 6, 4, 7], [5, 20, 6, 21]]"
12a_0099_85,"[[5, 20, 6, 21], [7, 19, 8, 18], [9, 13, 10, 12], [11, 17, 12, 16], [13, 22, 14, 23], [15, 11, 16, 10], [17, 3, 18, 2], [19, 4, 20, 5], [21, 24, 22, 1], [23, 14, 24, 15], [1, 9, 2, 8], [3, 6, 4, 7]]"
12a_0099_86,"[[3, 6, 4, 7], [5, 20, 6, 21], [7, 19, 8, 18], [9, 13, 10, 12], [11, 17, 12, 16], [13, 22, 14, 23], [15, 11, 16, 10], [17, 3, 18, 2], [19, 4, 20, 5], [21, 24, 22, 1], [23, 14, 24, 15], [1, 9, 2, 8]]"
12a_0099_87,"[[1, 9, 2, 8], [3, 6, 4, 7], [5, 20, 6, 21], [7, 19, 8, 18], [9, 13, 10, 12], [11, 17, 12, 16], [13, 22, 14, 23], [15, 11, 16, 10], [17, 3, 18, 2], [19, 4, 20, 5], [21, 24, 22, 1], [23, 14, 24, 15]]"
12a_0099_88,"[[23, 14, 24, 15], [1, 9, 2, 8], [3, 6, 4, 7], [5, 20, 6, 21], [7, 19, 8, 18], [9, 13, 10, 12], [11, 17, 12, 16], [13, 22, 14, 23], [15, 11, 16, 10], [17, 3, 18, 2], [19, 4, 20, 5], [21, 24, 22, 1]]"
12a_0099_89,"[[21, 24, 22, 1], [23, 14, 24, 15], [1, 9, 2, 8], [3, 6, 4, 7], [5, 20, 6, 21], [7, 19, 8, 18], [9, 13, 10, 12], [11, 17, 12, 16], [13, 22, 14, 23], [15, 11, 16, 10], [17, 3, 18, 2], [19, 4, 20, 5]]"
12a_0099_90,"[[19, 4, 20, 5], [21, 24, 22, 1], [23, 14, 24, 15], [1, 9, 2, 8], [3, 6, 4, 7], [5, 20, 6, 21], [7, 19, 8, 18], [9, 13, 10, 12], [11, 17, 12, 16], [13, 22, 14, 23], [15, 11, 16, 10], [17, 3, 18, 2]]"
12a_0099_91,"[[17, 3, 18, 2], [19, 4, 20, 5], [21, 24, 22, 1], [23, 14, 24, 15], [1, 9, 2, 8], [3, 6, 4, 7], [5, 20, 6, 21], [7, 19, 8, 18], [9, 13, 10, 12], [11, 17, 12, 16], [13, 22, 14, 23], [15, 11, 16, 10]]"
12a_0099_92,"[[15, 11, 16, 10], [17, 3, 18, 2], [19, 4, 20, 5], [21, 24, 22, 1], [23, 14, 24, 15], [1, 9, 2, 8], [3, 6, 4, 7], [5, 20, 6, 21], [7, 19, 8, 18], [9, 13, 10, 12], [11, 17, 12, 16], [13, 22, 14, 23]]"
12a_0099_93,"[[13, 22, 14, 23], [15, 11, 16, 10], [17, 3, 18, 2], [19, 4, 20, 5], [21, 24, 22, 1], [23, 14, 24, 15], [1, 9, 2, 8], [3, 6, 4, 7], [5, 20, 6, 21], [7, 19, 8, 18], [9, 13, 10, 12], [11, 17, 12, 16]]"
12a_0099_94,"[[11, 17, 12, 16], [13, 22, 14, 23], [15, 11, 16, 10], [17, 3, 18, 2], [19, 4, 20, 5], [21, 24, 22, 1], [23, 14, 24, 15], [1, 9, 2, 8], [3, 6, 4, 7], [5, 20, 6, 21], [7, 19, 8, 18], [9, 13, 10, 12]]"
12a_0099_95,"[[9, 13, 10, 12], [11, 17, 12, 16], [13, 22, 14, 23], [15, 11, 16, 10], [17, 3, 18, 2], [19, 4, 20, 5], [21, 24, 22, 1], [23, 14, 24, 15], [1, 9, 2, 8], [3, 6, 4, 7], [5, 20, 6, 21], [7, 19, 8, 18]]"
12a_0099_96,"[[8, 20, 9, 19], [10, 14, 11, 13], [12, 18, 13, 17], [14, 23, 15, 24], [16, 12, 17, 11], [18, 4, 19, 3], [20, 5, 21, 6], [22, 1, 23, 2], [24, 15, 1, 16], [2, 10, 3, 9], [4, 7, 5, 8], [6, 21, 7, 22]]"
12a_0099_97,"[[6, 21, 7, 22], [8, 20, 9, 19], [10, 14, 11, 13], [12, 18, 13, 17], [14, 23, 15, 24], [16, 12, 17, 11], [18, 4, 19, 3], [20, 5, 21, 6], [22, 1, 23, 2], [24, 15, 1, 16], [2, 10, 3, 9], [4, 7, 5, 8]]"
12a_0099_98,"[[4, 7, 5, 8], [6, 21, 7, 22], [8, 20, 9, 19], [10, 14, 11, 13], [12, 18, 13, 17], [14, 23, 15, 24], [16, 12, 17, 11], [18, 4, 19, 3], [20, 5, 21, 6], [22, 1, 23, 2], [24, 15, 1, 16], [2, 10, 3, 9]]"
12a_0099_99,"[[2, 10, 3, 9], [4, 7, 5, 8], [6, 21, 7, 22], [8, 20, 9, 19], [10, 14, 11, 13], [12, 18, 13, 17], [14, 23, 15, 24], [16, 12, 17, 11], [18, 4, 19, 3], [20, 5, 21, 6], [22, 1, 23, 2], [24, 15, 1, 16]]"
12a_0099_100,"[[24, 15, 1, 16], [2, 10, 3, 9], [4, 7, 5, 8], [6, 21, 7, 22], [8, 20, 9, 19], [10, 14, 11, 13], [12, 18, 13, 17], [14, 23, 15, 24], [16, 12, 17, 11], [18, 4, 19, 3], [20, 5, 21, 6], [22, 1, 23, 2]]"
12a_0099_101,"[[22, 1, 23, 2], [24, 15, 1, 16], [2, 10, 3, 9], [4, 7, 5, 8], [6, 21, 7, 22], [8, 20, 9, 19], [10, 14, 11, 13], [12, 18, 13, 17], [14, 23, 15, 24], [16, 12, 17, 11], [18, 4, 19, 3], [20, 5, 21, 6]]"
12a_0099_102,"[[20, 5, 21, 6], [22, 1, 23, 2], [24, 15, 1, 16], [2, 10, 3, 9], [4, 7, 5, 8], [6, 21, 7, 22], [8, 20, 9, 19], [10, 14, 11, 13], [12, 18, 13, 17], [14, 23, 15, 24], [16, 12, 17, 11], [18, 4, 19, 3]]"
12a_0099_103,"[[18, 4, 19, 3], [20, 5, 21, 6], [22, 1, 23, 2], [24, 15, 1, 16], [2, 10, 3, 9], [4, 7, 5, 8], [6, 21, 7, 22], [8, 20, 9, 19], [10, 14, 11, 13], [12, 18, 13, 17], [14, 23, 15, 24], [16, 12, 17, 11]]"
12a_0099_104,"[[16, 12, 17, 11], [18, 4, 19, 3], [20, 5, 21, 6], [22, 1, 23, 2], [24, 15, 1, 16], [2, 10, 3, 9], [4, 7, 5, 8], [6, 21, 7, 22], [8, 20, 9, 19], [10, 14, 11, 13], [12, 18, 13, 17], [14, 23, 15, 24]]"
12a_0099_105,"[[14, 23, 15, 24], [16, 12, 17, 11], [18, 4, 19, 3], [20, 5, 21, 6], [22, 1, 23, 2], [24, 15, 1, 16], [2, 10, 3, 9], [4, 7, 5, 8], [6, 21, 7, 22], [8, 20, 9, 19], [10, 14, 11, 13], [12, 18, 13, 17]]"
12a_0099_106,"[[12, 18, 13, 17], [14, 23, 15, 24], [16, 12, 17, 11], [18, 4, 19, 3], [20, 5, 21, 6], [22, 1, 23, 2], [24, 15, 1, 16], [2, 10, 3, 9], [4, 7, 5, 8], [6, 21, 7, 22], [8, 20, 9, 19], [10, 14, 11, 13]]"
12a_0099_107,"[[10, 14, 11, 13], [12, 18, 13, 17], [14, 23, 15, 24], [16, 12, 17, 11], [18, 4, 19, 3], [20, 5, 21, 6], [22, 1, 23, 2], [24, 15, 1, 16], [2, 10, 3, 9], [4, 7, 5, 8], [6, 21, 7, 22], [8, 20, 9, 19]]"
12a_0099_108,"[[9, 21, 10, 20], [11, 15, 12, 14], [13, 19, 14, 18], [15, 24, 16, 1], [17, 13, 18, 12], [19, 5, 20, 4], [21, 6, 22, 7], [23, 2, 24, 3], [1, 16, 2, 17], [3, 11, 4, 10], [5, 8, 6, 9], [7, 22, 8, 23]]"
12a_0099_109,"[[7, 22, 8, 23], [9, 21, 10, 20], [11, 15, 12, 14], [13, 19, 14, 18], [15, 24, 16, 1], [17, 13, 18, 12], [19, 5, 20, 4], [21, 6, 22, 7], [23, 2, 24, 3], [1, 16, 2, 17], [3, 11, 4, 10], [5, 8, 6, 9]]"
12a_0099_110,"[[5, 8, 6, 9], [7, 22, 8, 23], [9, 21, 10, 20], [11, 15, 12, 14], [13, 19, 14, 18], [15, 24, 16, 1], [17, 13, 18, 12], [19, 5, 20, 4], [21, 6, 22, 7], [23, 2, 24, 3], [1, 16, 2, 17], [3, 11, 4, 10]]"
12a_0099_111,"[[3, 11, 4, 10], [5, 8, 6, 9], [7, 22, 8, 23], [9, 21, 10, 20], [11, 15, 12, 14], [13, 19, 14, 18], [15, 24, 16, 1], [17, 13, 18, 12], [19, 5, 20, 4], [21, 6, 22, 7], [23, 2, 24, 3], [1, 16, 2, 17]]"
12a_0099_112,"[[1, 16, 2, 17], [3, 11, 4, 10], [5, 8, 6, 9], [7, 22, 8, 23], [9, 21, 10, 20], [11, 15, 12, 14], [13, 19, 14, 18], [15, 24, 16, 1], [17, 13, 18, 12], [19, 5, 20, 4], [21, 6, 22, 7], [23, 2, 24, 3]]"
12a_0099_113,"[[23, 2, 24, 3], [1, 16, 2, 17], [3, 11, 4, 10], [5, 8, 6, 9], [7, 22, 8, 23], [9, 21, 10, 20], [11, 15, 12, 14], [13, 19, 14, 18], [15, 24, 16, 1], [17, 13, 18, 12], [19, 5, 20, 4], [21, 6, 22, 7]]"
12a_0099_114,"[[21, 6, 22, 7], [23, 2, 24, 3], [1, 16, 2, 17], [3, 11, 4, 10], [5, 8, 6, 9], [7, 22, 8, 23], [9, 21, 10, 20], [11, 15, 12, 14], [13, 19, 14, 18], [15, 24, 16, 1], [17, 13, 18, 12], [19, 5, 20, 4]]"
12a_0099_115,"[[19, 5, 20, 4], [21, 6, 22, 7], [23, 2, 24, 3], [1, 16, 2, 17], [3, 11, 4, 10], [5, 8, 6, 9], [7, 22, 8, 23], [9, 21, 10, 20], [11, 15, 12, 14], [13, 19, 14, 18], [15, 24, 16, 1], [17, 13, 18, 12]]"
12a_0099_116,"[[17, 13, 18, 12], [19, 5, 20, 4], [21, 6, 22, 7], [23, 2, 24, 3], [1, 16, 2, 17], [3, 11, 4, 10], [5, 8, 6, 9], [7, 22, 8, 23], [9, 21, 10, 20], [11, 15, 12, 14], [13, 19, 14, 18], [15, 24, 16, 1]]"
12a_0099_117,"[[15, 24, 16, 1], [17, 13, 18, 12], [19, 5, 20, 4], [21, 6, 22, 7], [23, 2, 24, 3], [1, 16, 2, 17], [3, 11, 4, 10], [5, 8, 6, 9], [7, 22, 8, 23], [9, 21, 10, 20], [11, 15, 12, 14], [13, 19, 14, 18]]"
12a_0099_118,"[[13, 19, 14, 18], [15, 24, 16, 1], [17, 13, 18, 12], [19, 5, 20, 4], [21, 6, 22, 7], [23, 2, 24, 3], [1, 16, 2, 17], [3, 11, 4, 10], [5, 8, 6, 9], [7, 22, 8, 23], [9, 21, 10, 20], [11, 15, 12, 14]]"
12a_0099_119,"[[11, 15, 12, 14], [13, 19, 14, 18], [15, 24, 16, 1], [17, 13, 18, 12], [19, 5, 20, 4], [21, 6, 22, 7], [23, 2, 24, 3], [1, 16, 2, 17], [3, 11, 4, 10], [5, 8, 6, 9], [7, 22, 8, 23], [9, 21, 10, 20]]"
12a_0099_120,"[[10, 22, 11, 21], [12, 16, 13, 15], [14, 20, 15, 19], [16, 1, 17, 2], [18, 14, 19, 13], [20, 6, 21, 5], [22, 7, 23, 8], [24, 3, 1, 4], [2, 17, 3, 18], [4, 12, 5, 11], [6, 9, 7, 10], [8, 23, 9, 24]]"
12a_0099_121,"[[8, 23, 9, 24], [10, 22, 11, 21], [12, 16, 13, 15], [14, 20, 15, 19], [16, 1, 17, 2], [18, 14, 19, 13], [20, 6, 21, 5], [22, 7, 23, 8], [24, 3, 1, 4], [2, 17, 3, 18], [4, 12, 5, 11], [6, 9, 7, 10]]"
12a_0099_122,"[[6, 9, 7, 10], [8, 23, 9, 24], [10, 22, 11, 21], [12, 16, 13, 15], [14, 20, 15, 19], [16, 1, 17, 2], [18, 14, 19, 13], [20, 6, 21, 5], [22, 7, 23, 8], [24, 3, 1, 4], [2, 17, 3, 18], [4, 12, 5, 11]]"
12a_0099_123,"[[4, 12, 5, 11], [6, 9, 7, 10], [8, 23, 9, 24], [10, 22, 11, 21], [12, 16, 13, 15], [14, 20, 15, 19], [16, 1, 17, 2], [18, 14, 19, 13], [20, 6, 21, 5], [22, 7, 23, 8], [24, 3, 1, 4], [2, 17, 3, 18]]"
12a_0099_124,"[[2, 17, 3, 18], [4, 12, 5, 11], [6, 9, 7, 10], [8, 23, 9, 24], [10, 22, 11, 21], [12, 16, 13, 15], [14, 20, 15, 19], [16, 1, 17, 2], [18, 14, 19, 13], [20, 6, 21, 5], [22, 7, 23, 8], [24, 3, 1, 4]]"
12a_0099_125,"[[24, 3, 1, 4], [2, 17, 3, 18], [4, 12, 5, 11], [6, 9, 7, 10], [8, 23, 9, 24], [10, 22, 11, 21], [12, 16, 13, 15], [14, 20, 15, 19], [16, 1, 17, 2], [18, 14, 19, 13], [20, 6, 21, 5], [22, 7, 23, 8]]"
12a_0099_126,"[[22, 7, 23, 8], [24, 3, 1, 4], [2, 17, 3, 18], [4, 12, 5, 11], [6, 9, 7, 10], [8, 23, 9, 24], [10, 22, 11, 21], [12, 16, 13, 15], [14, 20, 15, 19], [16, 1, 17, 2], [18, 14, 19, 13], [20, 6, 21, 5]]"
12a_0099_127,"[[20, 6, 21, 5], [22, 7, 23, 8], [24, 3, 1, 4], [2, 17, 3, 18], [4, 12, 5, 11], [6, 9, 7, 10], [8, 23, 9, 24], [10, 22, 11, 21], [12, 16, 13, 15], [14, 20, 15, 19], [16, 1, 17, 2], [18, 14, 19, 13]]"
12a_0099_128,"[[18, 14, 19, 13], [20, 6, 21, 5], [22, 7, 23, 8], [24, 3, 1, 4], [2, 17, 3, 18], [4, 12, 5, 11], [6, 9, 7, 10], [8, 23, 9, 24], [10, 22, 11, 21], [12, 16, 13, 15], [14, 20, 15, 19], [16, 1, 17, 2]]"
12a_0099_129,"[[16, 1, 17, 2], [18, 14, 19, 13], [20, 6, 21, 5], [22, 7, 23, 8], [24, 3, 1, 4], [2, 17, 3, 18], [4, 12, 5, 11], [6, 9, 7, 10], [8, 23, 9, 24], [10, 22, 11, 21], [12, 16, 13, 15], [14, 20, 15, 19]]"
12a_0099_130,"[[14, 20, 15, 19], [16, 1, 17, 2], [18, 14, 19, 13], [20, 6, 21, 5], [22, 7, 23, 8], [24, 3, 1, 4], [2, 17, 3, 18], [4, 12, 5, 11], [6, 9, 7, 10], [8, 23, 9, 24], [10, 22, 11, 21], [12, 16, 13, 15]]"
12a_0099_131,"[[12, 16, 13, 15], [14, 20, 15, 19], [16, 1, 17, 2], [18, 14, 19, 13], [20, 6, 21, 5], [22, 7, 23, 8], [24, 3, 1, 4], [2, 17, 3, 18], [4, 12, 5, 11], [6, 9, 7, 10], [8, 23, 9, 24], [10, 22, 11, 21]]"
12a_0099_132,"[[11, 23, 12, 22], [13, 17, 14, 16], [15, 21, 16, 20], [17, 2, 18, 3], [19, 15, 20, 14], [21, 7, 22, 6], [23, 8, 24, 9], [1, 4, 2, 5], [3, 18, 4, 19], [5, 13, 6, 12], [7, 10, 8, 11], [9, 24, 10, 1]]"
12a_0099_133,"[[9, 24, 10, 1], [11, 23, 12, 22], [13, 17, 14, 16], [15, 21, 16, 20], [17, 2, 18, 3], [19, 15, 20, 14], [21, 7, 22, 6], [23, 8, 24, 9], [1, 4, 2, 5], [3, 18, 4, 19], [5, 13, 6, 12], [7, 10, 8, 11]]"
12a_0099_134,"[[7, 10, 8, 11], [9, 24, 10, 1], [11, 23, 12, 22], [13, 17, 14, 16], [15, 21, 16, 20], [17, 2, 18, 3], [19, 15, 20, 14], [21, 7, 22, 6], [23, 8, 24, 9], [1, 4, 2, 5], [3, 18, 4, 19], [5, 13, 6, 12]]"
12a_0099_135,"[[5, 13, 6, 12], [7, 10, 8, 11], [9, 24, 10, 1], [11, 23, 12, 22], [13, 17, 14, 16], [15, 21, 16, 20], [17, 2, 18, 3], [19, 15, 20, 14], [21, 7, 22, 6], [23, 8, 24, 9], [1, 4, 2, 5], [3, 18, 4, 19]]"
12a_0099_136,"[[3, 18, 4, 19], [5, 13, 6, 12], [7, 10, 8, 11], [9, 24, 10, 1], [11, 23, 12, 22], [13, 17, 14, 16], [15, 21, 16, 20], [17, 2, 18, 3], [19, 15, 20, 14], [21, 7, 22, 6], [23, 8, 24, 9], [1, 4, 2, 5]]"
12a_0099_137,"[[1, 4, 2, 5], [3, 18, 4, 19], [5, 13, 6, 12], [7, 10, 8, 11], [9, 24, 10, 1], [11, 23, 12, 22], [13, 17, 14, 16], [15, 21, 16, 20], [17, 2, 18, 3], [19, 15, 20, 14], [21, 7, 22, 6], [23, 8, 24, 9]]"
12a_0099_138,"[[23, 8, 24, 9], [1, 4, 2, 5], [3, 18, 4, 19], [5, 13, 6, 12], [7, 10, 8, 11], [9, 24, 10, 1], [11, 23, 12, 22], [13, 17, 14, 16], [15, 21, 16, 20], [17, 2, 18, 3], [19, 15, 20, 14], [21, 7, 22, 6]]"
12a_0099_139,"[[21, 7, 22, 6], [23, 8, 24, 9], [1, 4, 2, 5], [3, 18, 4, 19], [5, 13, 6, 12], [7, 10, 8, 11], [9, 24, 10, 1], [11, 23, 12, 22], [13, 17, 14, 16], [15, 21, 16, 20], [17, 2, 18, 3], [19, 15, 20, 14]]"
12a_0099_140,"[[19, 15, 20, 14], [21, 7, 22, 6], [23, 8, 24, 9], [1, 4, 2, 5], [3, 18, 4, 19], [5, 13, 6, 12], [7, 10, 8, 11], [9, 24, 10, 1], [11, 23, 12, 22], [13, 17, 14, 16], [15, 21, 16, 20], [17, 2, 18, 3]]"
12a_0099_141,"[[17, 2, 18, 3], [19, 15, 20, 14], [21, 7, 22, 6], [23, 8, 24, 9], [1, 4, 2, 5], [3, 18, 4, 19], [5, 13, 6, 12], [7, 10, 8, 11], [9, 24, 10, 1], [11, 23, 12, 22], [13, 17, 14, 16], [15, 21, 16, 20]]"
12a_0099_142,"[[15, 21, 16, 20], [17, 2, 18, 3], [19, 15, 20, 14], [21, 7, 22, 6], [23, 8, 24, 9], [1, 4, 2, 5], [3, 18, 4, 19], [5, 13, 6, 12], [7, 10, 8, 11], [9, 24, 10, 1], [11, 23, 12, 22], [13, 17, 14, 16]]"
12a_0099_143,"[[13, 17, 14, 16], [15, 21, 16, 20], [17, 2, 18, 3], [19, 15, 20, 14], [21, 7, 22, 6], [23, 8, 24, 9], [1, 4, 2, 5], [3, 18, 4, 19], [5, 13, 6, 12], [7, 10, 8, 11], [9, 24, 10, 1], [11, 23, 12, 22]]"
12a_0099_144,"[[12, 24, 13, 23], [14, 18, 15, 17], [16, 22, 17, 21], [18, 3, 19, 4], [20, 16, 21, 15], [22, 8, 23, 7], [24, 9, 1, 10], [2, 5, 3, 6], [4, 19, 5, 20], [6, 14, 7, 13], [8, 11, 9, 12], [10, 1, 11, 2]]"
12a_0099_145,"[[10, 1, 11, 2], [12, 24, 13, 23], [14, 18, 15, 17], [16, 22, 17, 21], [18, 3, 19, 4], [20, 16, 21, 15], [22, 8, 23, 7], [24, 9, 1, 10], [2, 5, 3, 6], [4, 19, 5, 20], [6, 14, 7, 13], [8, 11, 9, 12]]"
12a_0099_146,"[[8, 11, 9, 12], [10, 1, 11, 2], [12, 24, 13, 23], [14, 18, 15, 17], [16, 22, 17, 21], [18, 3, 19, 4], [20, 16, 21, 15], [22, 8, 23, 7], [24, 9, 1, 10], [2, 5, 3, 6], [4, 19, 5, 20], [6, 14, 7, 13]]"
12a_0099_147,"[[6, 14, 7, 13], [8, 11, 9, 12], [10, 1, 11, 2], [12, 24, 13, 23], [14, 18, 15, 17], [16, 22, 17, 21], [18, 3, 19, 4], [20, 16, 21, 15], [22, 8, 23, 7], [24, 9, 1, 10], [2, 5, 3, 6], [4, 19, 5, 20]]"
12a_0099_148,"[[4, 19, 5, 20], [6, 14, 7, 13], [8, 11, 9, 12], [10, 1, 11, 2], [12, 24, 13, 23], [14, 18, 15, 17], [16, 22, 17, 21], [18, 3, 19, 4], [20, 16, 21, 15], [22, 8, 23, 7], [24, 9, 1, 10], [2, 5, 3, 6]]"
12a_0099_149,"[[2, 5, 3, 6], [4, 19, 5, 20], [6, 14, 7, 13], [8, 11, 9, 12], [10, 1, 11, 2], [12, 24, 13, 23], [14, 18, 15, 17], [16, 22, 17, 21], [18, 3, 19, 4], [20, 16, 21, 15], [22, 8, 23, 7], [24, 9, 1, 10]]"
12a_0099_150,"[[24, 9, 1, 10], [2, 5, 3, 6], [4, 19, 5, 20], [6, 14, 7, 13], [8, 11, 9, 12], [10, 1, 11, 2], [12, 24, 13, 23], [14, 18, 15, 17], [16, 22, 17, 21], [18, 3, 19, 4], [20, 16, 21, 15], [22, 8, 23, 7]]"
12a_0099_151,"[[22, 8, 23, 7], [24, 9, 1, 10], [2, 5, 3, 6], [4, 19, 5, 20], [6, 14, 7, 13], [8, 11, 9, 12], [10, 1, 11, 2], [12, 24, 13, 23], [14, 18, 15, 17], [16, 22, 17, 21], [18, 3, 19, 4], [20, 16, 21, 15]]"
12a_0099_152,"[[20, 16, 21, 15], [22, 8, 23, 7], [24, 9, 1, 10], [2, 5, 3, 6], [4, 19, 5, 20], [6, 14, 7, 13], [8, 11, 9, 12], [10, 1, 11, 2], [12, 24, 13, 23], [14, 18, 15, 17], [16, 22, 17, 21], [18, 3, 19, 4]]"
12a_0099_153,"[[18, 3, 19, 4], [20, 16, 21, 15], [22, 8, 23, 7], [24, 9, 1, 10], [2, 5, 3, 6], [4, 19, 5, 20], [6, 14, 7, 13], [8, 11, 9, 12], [10, 1, 11, 2], [12, 24, 13, 23], [14, 18, 15, 17], [16, 22, 17, 21]]"
12a_0099_154,"[[16, 22, 17, 21], [18, 3, 19, 4], [20, 16, 21, 15], [22, 8, 23, 7], [24, 9, 1, 10], [2, 5, 3, 6], [4, 19, 5, 20], [6, 14, 7, 13], [8, 11, 9, 12], [10, 1, 11, 2], [12, 24, 13, 23], [14, 18, 15, 17]]"
12a_0099_155,"[[14, 18, 15, 17], [16, 22, 17, 21], [18, 3, 19, 4], [20, 16, 21, 15], [22, 8, 23, 7], [24, 9, 1, 10], [2, 5, 3, 6], [4, 19, 5, 20], [6, 14, 7, 13], [8, 11, 9, 12], [10, 1, 11, 2], [12, 24, 13, 23]]"
12a_0099_156,"[[13, 1, 14, 24], [15, 19, 16, 18], [17, 23, 18, 22], [19, 4, 20, 5], [21, 17, 22, 16], [23, 9, 24, 8], [1, 10, 2, 11], [3, 6, 4, 7], [5, 20, 6, 21], [7, 15, 8, 14], [9, 12, 10, 13], [11, 2, 12, 3]]"
12a_0099_157,"[[11, 2, 12, 3], [13, 1, 14, 24], [15, 19, 16, 18], [17, 23, 18, 22], [19, 4, 20, 5], [21, 17, 22, 16], [23, 9, 24, 8], [1, 10, 2, 11], [3, 6, 4, 7], [5, 20, 6, 21], [7, 15, 8, 14], [9, 12, 10, 13]]"
12a_0099_158,"[[9, 12, 10, 13], [11, 2, 12, 3], [13, 1, 14, 24], [15, 19, 16, 18], [17, 23, 18, 22], [19, 4, 20, 5], [21, 17, 22, 16], [23, 9, 24, 8], [1, 10, 2, 11], [3, 6, 4, 7], [5, 20, 6, 21], [7, 15, 8, 14]]"
12a_0099_159,"[[7, 15, 8, 14], [9, 12, 10, 13], [11, 2, 12, 3], [13, 1, 14, 24], [15, 19, 16, 18], [17, 23, 18, 22], [19, 4, 20, 5], [21, 17, 22, 16], [23, 9, 24, 8], [1, 10, 2, 11], [3, 6, 4, 7], [5, 20, 6, 21]]"
12a_0099_160,"[[5, 20, 6, 21], [7, 15, 8, 14], [9, 12, 10, 13], [11, 2, 12, 3], [13, 1, 14, 24], [15, 19, 16, 18], [17, 23, 18, 22], [19, 4, 20, 5], [21, 17, 22, 16], [23, 9, 24, 8], [1, 10, 2, 11], [3, 6, 4, 7]]"
12a_0099_161,"[[3, 6, 4, 7], [5, 20, 6, 21], [7, 15, 8, 14], [9, 12, 10, 13], [11, 2, 12, 3], [13, 1, 14, 24], [15, 19, 16, 18], [17, 23, 18, 22], [19, 4, 20, 5], [21, 17, 22, 16], [23, 9, 24, 8], [1, 10, 2, 11]]"
12a_0099_162,"[[1, 10, 2, 11], [3, 6, 4, 7], [5, 20, 6, 21], [7, 15, 8, 14], [9, 12, 10, 13], [11, 2, 12, 3], [13, 1, 14, 24], [15, 19, 16, 18], [17, 23, 18, 22], [19, 4, 20, 5], [21, 17, 22, 16], [23, 9, 24, 8]]"
12a_0099_163,"[[23, 9, 24, 8], [1, 10, 2, 11], [3, 6, 4, 7], [5, 20, 6, 21], [7, 15, 8, 14], [9, 12, 10, 13], [11, 2, 12, 3], [13, 1, 14, 24], [15, 19, 16, 18], [17, 23, 18, 22], [19, 4, 20, 5], [21, 17, 22, 16]]"
12a_0099_164,"[[21, 17, 22, 16], [23, 9, 24, 8], [1, 10, 2, 11], [3, 6, 4, 7], [5, 20, 6, 21], [7, 15, 8, 14], [9, 12, 10, 13], [11, 2, 12, 3], [13, 1, 14, 24], [15, 19, 16, 18], [17, 23, 18, 22], [19, 4, 20, 5]]"
12a_0099_165,"[[19, 4, 20, 5], [21, 17, 22, 16], [23, 9, 24, 8], [1, 10, 2, 11], [3, 6, 4, 7], [5, 20, 6, 21], [7, 15, 8, 14], [9, 12, 10, 13], [11, 2, 12, 3], [13, 1, 14, 24], [15, 19, 16, 18], [17, 23, 18, 22]]"
12a_0099_166,"[[17, 23, 18, 22], [19, 4, 20, 5], [21, 17, 22, 16], [23, 9, 24, 8], [1, 10, 2, 11], [3, 6, 4, 7], [5, 20, 6, 21], [7, 15, 8, 14], [9, 12, 10, 13], [11, 2, 12, 3], [13, 1, 14, 24], [15, 19, 16, 18]]"
12a_0099_167,"[[15, 19, 16, 18], [17, 23, 18, 22], [19, 4, 20, 5], [21, 17, 22, 16], [23, 9, 24, 8], [1, 10, 2, 11], [3, 6, 4, 7], [5, 20, 6, 21], [7, 15, 8, 14], [9, 12, 10, 13], [11, 2, 12, 3], [13, 1, 14, 24]]"
12a_0099_168,"[[14, 2, 15, 1], [16, 20, 17, 19], [18, 24, 19, 23], [20, 5, 21, 6], [22, 18, 23, 17], [24, 10, 1, 9], [2, 11, 3, 12], [4, 7, 5, 8], [6, 21, 7, 22], [8, 16, 9, 15], [10, 13, 11, 14], [12, 3, 13, 4]]"
12a_0099_169,"[[12, 3, 13, 4], [14, 2, 15, 1], [16, 20, 17, 19], [18, 24, 19, 23], [20, 5, 21, 6], [22, 18, 23, 17], [24, 10, 1, 9], [2, 11, 3, 12], [4, 7, 5, 8], [6, 21, 7, 22], [8, 16, 9, 15], [10, 13, 11, 14]]"
12a_0099_170,"[[10, 13, 11, 14], [12, 3, 13, 4], [14, 2, 15, 1], [16, 20, 17, 19], [18, 24, 19, 23], [20, 5, 21, 6], [22, 18, 23, 17], [24, 10, 1, 9], [2, 11, 3, 12], [4, 7, 5, 8], [6, 21, 7, 22], [8, 16, 9, 15]]"
12a_0099_171,"[[8, 16, 9, 15], [10, 13, 11, 14], [12, 3, 13, 4], [14, 2, 15, 1], [16, 20, 17, 19], [18, 24, 19, 23], [20, 5, 21, 6], [22, 18, 23, 17], [24, 10, 1, 9], [2, 11, 3, 12], [4, 7, 5, 8], [6, 21, 7, 22]]"
12a_0099_172,"[[6, 21, 7, 22], [8, 16, 9, 15], [10, 13, 11, 14], [12, 3, 13, 4], [14, 2, 15, 1], [16, 20, 17, 19], [18, 24, 19, 23], [20, 5, 21, 6], [22, 18, 23, 17], [24, 10, 1, 9], [2, 11, 3, 12], [4, 7, 5, 8]]"
12a_0099_173,"[[4, 7, 5, 8], [6, 21, 7, 22], [8, 16, 9, 15], [10, 13, 11, 14], [12, 3, 13, 4], [14, 2, 15, 1], [16, 20, 17, 19], [18, 24, 19, 23], [20, 5, 21, 6], [22, 18, 23, 17], [24, 10, 1, 9], [2, 11, 3, 12]]"
12a_0099_174,"[[2, 11, 3, 12], [4, 7, 5, 8], [6, 21, 7, 22], [8, 16, 9, 15], [10, 13, 11, 14], [12, 3, 13, 4], [14, 2, 15, 1], [16, 20, 17, 19], [18, 24, 19, 23], [20, 5, 21, 6], [22, 18, 23, 17], [24, 10, 1, 9]]"
12a_0099_175,"[[24, 10, 1, 9], [2, 11, 3, 12], [4, 7, 5, 8], [6, 21, 7, 22], [8, 16, 9, 15], [10, 13, 11, 14], [12, 3, 13, 4], [14, 2, 15, 1], [16, 20, 17, 19], [18, 24, 19, 23], [20, 5, 21, 6], [22, 18, 23, 17]]"
12a_0099_176,"[[22, 18, 23, 17], [24, 10, 1, 9], [2, 11, 3, 12], [4, 7, 5, 8], [6, 21, 7, 22], [8, 16, 9, 15], [10, 13, 11, 14], [12, 3, 13, 4], [14, 2, 15, 1], [16, 20, 17, 19], [18, 24, 19, 23], [20, 5, 21, 6]]"
12a_0099_177,"[[20, 5, 21, 6], [22, 18, 23, 17], [24, 10, 1, 9], [2, 11, 3, 12], [4, 7, 5, 8], [6, 21, 7, 22], [8, 16, 9, 15], [10, 13, 11, 14], [12, 3, 13, 4], [14, 2, 15, 1], [16, 20, 17, 19], [18, 24, 19, 23]]"
12a_0099_178,"[[18, 24, 19, 23], [20, 5, 21, 6], [22, 18, 23, 17], [24, 10, 1, 9], [2, 11, 3, 12], [4, 7, 5, 8], [6, 21, 7, 22], [8, 16, 9, 15], [10, 13, 11, 14], [12, 3, 13, 4], [14, 2, 15, 1], [16, 20, 17, 19]]"
12a_0099_179,"[[16, 20, 17, 19], [18, 24, 19, 23], [20, 5, 21, 6], [22, 18, 23, 17], [24, 10, 1, 9], [2, 11, 3, 12], [4, 7, 5, 8], [6, 21, 7, 22], [8, 16, 9, 15], [10, 13, 11, 14], [12, 3, 13, 4], [14, 2, 15, 1]]"
12a_0099_180,"[[15, 3, 16, 2], [17, 21, 18, 20], [19, 1, 20, 24], [21, 6, 22, 7], [23, 19, 24, 18], [1, 11, 2, 10], [3, 12, 4, 13], [5, 8, 6, 9], [7, 22, 8, 23], [9, 17, 10, 16], [11, 14, 12, 15], [13, 4, 14, 5]]"
12a_0099_181,"[[13, 4, 14, 5], [15, 3, 16, 2], [17, 21, 18, 20], [19, 1, 20, 24], [21, 6, 22, 7], [23, 19, 24, 18], [1, 11, 2, 10], [3, 12, 4, 13], [5, 8, 6, 9], [7, 22, 8, 23], [9, 17, 10, 16], [11, 14, 12, 15]]"
12a_0099_182,"[[11, 14, 12, 15], [13, 4, 14, 5], [15, 3, 16, 2], [17, 21, 18, 20], [19, 1, 20, 24], [21, 6, 22, 7], [23, 19, 24, 18], [1, 11, 2, 10], [3, 12, 4, 13], [5, 8, 6, 9], [7, 22, 8, 23], [9, 17, 10, 16]]"
12a_0099_183,"[[9, 17, 10, 16], [11, 14, 12, 15], [13, 4, 14, 5], [15, 3, 16, 2], [17, 21, 18, 20], [19, 1, 20, 24], [21, 6, 22, 7], [23, 19, 24, 18], [1, 11, 2, 10], [3, 12, 4, 13], [5, 8, 6, 9], [7, 22, 8, 23]]"
12a_0099_184,"[[7, 22, 8, 23], [9, 17, 10, 16], [11, 14, 12, 15], [13, 4, 14, 5], [15, 3, 16, 2], [17, 21, 18, 20], [19, 1, 20, 24], [21, 6, 22, 7], [23, 19, 24, 18], [1, 11, 2, 10], [3, 12, 4, 13], [5, 8, 6, 9]]"
12a_0099_185,"[[5, 8, 6, 9], [7, 22, 8, 23], [9, 17, 10, 16], [11, 14, 12, 15], [13, 4, 14, 5], [15, 3, 16, 2], [17, 21, 18, 20], [19, 1, 20, 24], [21, 6, 22, 7], [23, 19, 24, 18], [1, 11, 2, 10], [3, 12, 4, 13]]"
