name,pd_notation
12a_0433_0,"[[24, 14, 1, 13], [2, 6, 3, 5], [4, 12, 5, 11], [6, 20, 7, 19], [8, 16, 9, 15], [10, 4, 11, 3], [12, 24, 13, 23], [14, 10, 15, 9], [16, 21, 17, 22], [18, 8, 19, 7], [20, 17, 21, 18], [22, 2, 23, 1]]"
12a_0433_1,"[[22, 2, 23, 1], [24, 14, 1, 13], [2, 6, 3, 5], [4, 12, 5, 11], [6, 20, 7, 19], [8, 16, 9, 15], [10, 4, 11, 3], [12, 24, 13, 23], [14, 10, 15, 9], [16, 21, 17, 22], [18, 8, 19, 7], [20, 17, 21, 18]]"
12a_0433_2,"[[20, 17, 21, 18], [22, 2, 23, 1], [24, 14, 1, 13], [2, 6, 3, 5], [4, 12, 5, 11], [6, 20, 7, 19], [8, 16, 9, 15], [10, 4, 11, 3], [12, 24, 13, 23], [14, 10, 15, 9], [16, 21, 17, 22], [18, 8, 19, 7]]"
12a_0433_3,"[[18, 8, 19, 7], [20, 17, 21, 18], [22, 2, 23, 1], [24, 14, 1, 13], [2, 6, 3, 5], [4, 12, 5, 11], [6, 20, 7, 19], [8, 16, 9, 15], [10, 4, 11, 3], [12, 24, 13, 23], [14, 10, 15, 9], [16, 21, 17, 22]]"
12a_0433_4,"[[16, 21, 17, 22], [18, 8, 19, 7], [20, 17, 21, 18], [22, 2, 23, 1], [24, 14, 1, 13], [2, 6, 3, 5], [4, 12, 5, 11], [6, 20, 7, 19], [8, 16, 9, 15], [10, 4, 11, 3], [12, 24, 13, 23], [14, 10, 15, 9]]"
12a_0433_5,"[[14, 10, 15, 9], [16, 21, 17, 22], [18, 8, 19, 7], [20, 17, 21, 18], [22, 2, 23, 1], [24, 14, 1, 13], [2, 6, 3, 5], [4, 12, 5, 11], [6, 20, 7, 19], [8, 16, 9, 15], [10, 4, 11, 3], [12, 24, 13, 23]]"
12a_0433_6,"[[12, 24, 13, 23], [14, 10, 15, 9], [16, 21, 17, 22], [18, 8, 19, 7], [20, 17, 21, 18], [22, 2, 23, 1], [24, 14, 1, 13], [2, 6, 3, 5], [4, 12, 5, 11], [6, 20, 7, 19], [8, 16, 9, 15], [10, 4, 11, 3]]"
12a_0433_7,"[[10, 4, 11, 3], [12, 24, 13, 23], [14, 10, 15, 9], [16, 21, 17, 22], [18, 8, 19, 7], [20, 17, 21, 18], [22, 2, 23, 1], [24, 14, 1, 13], [2, 6, 3, 5], [4, 12, 5, 11], [6, 20, 7, 19], [8, 16, 9, 15]]"
12a_0433_8,"[[8, 16, 9, 15], [10, 4, 11, 3], [12, 24, 13, 23], [14, 10, 15, 9], [16, 21, 17, 22], [18, 8, 19, 7], [20, 17, 21, 18], [22, 2, 23, 1], [24, 14, 1, 13], [2, 6, 3, 5], [4, 12, 5, 11], [6, 20, 7, 19]]"
12a_0433_9,"[[6, 20, 7, 19], [8, 16, 9, 15], [10, 4, 11, 3], [12, 24, 13, 23], [14, 10, 15, 9], [16, 21, 17, 22], [18, 8, 19, 7], [20, 17, 21, 18], [22, 2, 23, 1], [24, 14, 1, 13], [2, 6, 3, 5], [4, 12, 5, 11]]"
12a_0433_10,"[[4, 12, 5, 11], [6, 20, 7, 19], [8, 16, 9, 15], [10, 4, 11, 3], [12, 24, 13, 23], [14, 10, 15, 9], [16, 21, 17, 22], [18, 8, 19, 7], [20, 17, 21, 18], [22, 2, 23, 1], [24, 14, 1, 13], [2, 6, 3, 5]]"
12a_0433_11,"[[2, 6, 3, 5], [4, 12, 5, 11], [6, 20, 7, 19], [8, 16, 9, 15], [10, 4, 11, 3], [12, 24, 13, 23], [14, 10, 15, 9], [16, 21, 17, 22], [18, 8, 19, 7], [20, 17, 21, 18], [22, 2, 23, 1], [24, 14, 1, 13]]"
12a_0433_12,"[[1, 15, 2, 14], [3, 7, 4, 6], [5, 13, 6, 12], [7, 21, 8, 20], [9, 17, 10, 16], [11, 5, 12, 4], [13, 1, 14, 24], [15, 11, 16, 10], [17, 22, 18, 23], [19, 9, 20, 8], [21, 18, 22, 19], [23, 3, 24, 2]]"
12a_0433_13,"[[23, 3, 24, 2], [1, 15, 2, 14], [3, 7, 4, 6], [5, 13, 6, 12], [7, 21, 8, 20], [9, 17, 10, 16], [11, 5, 12, 4], [13, 1, 14, 24], [15, 11, 16, 10], [17, 22, 18, 23], [19, 9, 20, 8], [21, 18, 22, 19]]"
12a_0433_14,"[[21, 18, 22, 19], [23, 3, 24, 2], [1, 15, 2, 14], [3, 7, 4, 6], [5, 13, 6, 12], [7, 21, 8, 20], [9, 17, 10, 16], [11, 5, 12, 4], [13, 1, 14, 24], [15, 11, 16, 10], [17, 22, 18, 23], [19, 9, 20, 8]]"
12a_0433_15,"[[19, 9, 20, 8], [21, 18, 22, 19], [23, 3, 24, 2], [1, 15, 2, 14], [3, 7, 4, 6], [5, 13, 6, 12], [7, 21, 8, 20], [9, 17, 10, 16], [11, 5, 12, 4], [13, 1, 14, 24], [15, 11, 16, 10], [17, 22, 18, 23]]"
12a_0433_16,"[[17, 22, 18, 23], [19, 9, 20, 8], [21, 18, 22, 19], [23, 3, 24, 2], [1, 15, 2, 14], [3, 7, 4, 6], [5, 13, 6, 12], [7, 21, 8, 20], [9, 17, 10, 16], [11, 5, 12, 4], [13, 1, 14, 24], [15, 11, 16, 10]]"
12a_0433_17,"[[15, 11, 16, 10], [17, 22, 18, 23], [19, 9, 20, 8], [21, 18, 22, 19], [23, 3, 24, 2], [1, 15, 2, 14], [3, 7, 4, 6], [5, 13, 6, 12], [7, 21, 8, 20], [9, 17, 10, 16], [11, 5, 12, 4], [13, 1, 14, 24]]"
12a_0433_18,"[[13, 1, 14, 24], [15, 11, 16, 10], [17, 22, 18, 23], [19, 9, 20, 8], [21, 18, 22, 19], [23, 3, 24, 2], [1, 15, 2, 14], [3, 7, 4, 6], [5, 13, 6, 12], [7, 21, 8, 20], [9, 17, 10, 16], [11, 5, 12, 4]]"
12a_0433_19,"[[11, 5, 12, 4], [13, 1, 14, 24], [15, 11, 16, 10], [17, 22, 18, 23], [19, 9, 20, 8], [21, 18, 22, 19], [23, 3, 24, 2], [1, 15, 2, 14], [3, 7, 4, 6], [5, 13, 6, 12], [7, 21, 8, 20], [9, 17, 10, 16]]"
12a_0433_20,"[[9, 17, 10, 16], [11, 5, 12, 4], [13, 1, 14, 24], [15, 11, 16, 10], [17, 22, 18, 23], [19, 9, 20, 8], [21, 18, 22, 19], [23, 3, 24, 2], [1, 15, 2, 14], [3, 7, 4, 6], [5, 13, 6, 12], [7, 21, 8, 20]]"
12a_0433_21,"[[7, 21, 8, 20], [9, 17, 10, 16], [11, 5, 12, 4], [13, 1, 14, 24], [15, 11, 16, 10], [17, 22, 18, 23], [19, 9, 20, 8], [21, 18, 22, 19], [23, 3, 24, 2], [1, 15, 2, 14], [3, 7, 4, 6], [5, 13, 6, 12]]"
12a_0433_22,"[[5, 13, 6, 12], [7, 21, 8, 20], [9, 17, 10, 16], [11, 5, 12, 4], [13, 1, 14, 24], [15, 11, 16, 10], [17, 22, 18, 23], [19, 9, 20, 8], [21, 18, 22, 19], [23, 3, 24, 2], [1, 15, 2, 14], [3, 7, 4, 6]]"
12a_0433_23,"[[3, 7, 4, 6], [5, 13, 6, 12], [7, 21, 8, 20], [9, 17, 10, 16], [11, 5, 12, 4], [13, 1, 14, 24], [15, 11, 16, 10], [17, 22, 18, 23], [19, 9, 20, 8], [21, 18, 22, 19], [23, 3, 24, 2], [1, 15, 2, 14]]"
12a_0433_24,"[[2, 16, 3, 15], [4, 8, 5, 7], [6, 14, 7, 13], [8, 22, 9, 21], [10, 18, 11, 17], [12, 6, 13, 5], [14, 2, 15, 1], [16, 12, 17, 11], [18, 23, 19, 24], [20, 10, 21, 9], [22, 19, 23, 20], [24, 4, 1, 3]]"
12a_0433_25,"[[24, 4, 1, 3], [2, 16, 3, 15], [4, 8, 5, 7], [6, 14, 7, 13], [8, 22, 9, 21], [10, 18, 11, 17], [12, 6, 13, 5], [14, 2, 15, 1], [16, 12, 17, 11], [18, 23, 19, 24], [20, 10, 21, 9], [22, 19, 23, 20]]"
12a_0433_26,"[[22, 19, 23, 20], [24, 4, 1, 3], [2, 16, 3, 15], [4, 8, 5, 7], [6, 14, 7, 13], [8, 22, 9, 21], [10, 18, 11, 17], [12, 6, 13, 5], [14, 2, 15, 1], [16, 12, 17, 11], [18, 23, 19, 24], [20, 10, 21, 9]]"
12a_0433_27,"[[20, 10, 21, 9], [22, 19, 23, 20], [24, 4, 1, 3], [2, 16, 3, 15], [4, 8, 5, 7], [6, 14, 7, 13], [8, 22, 9, 21], [10, 18, 11, 17], [12, 6, 13, 5], [14, 2, 15, 1], [16, 12, 17, 11], [18, 23, 19, 24]]"
12a_0433_28,"[[18, 23, 19, 24], [20, 10, 21, 9], [22, 19, 23, 20], [24, 4, 1, 3], [2, 16, 3, 15], [4, 8, 5, 7], [6, 14, 7, 13], [8, 22, 9, 21], [10, 18, 11, 17], [12, 6, 13, 5], [14, 2, 15, 1], [16, 12, 17, 11]]"
12a_0433_29,"[[16, 12, 17, 11], [18, 23, 19, 24], [20, 10, 21, 9], [22, 19, 23, 20], [24, 4, 1, 3], [2, 16, 3, 15], [4, 8, 5, 7], [6, 14, 7, 13], [8, 22, 9, 21], [10, 18, 11, 17], [12, 6, 13, 5], [14, 2, 15, 1]]"
12a_0433_30,"[[14, 2, 15, 1], [16, 12, 17, 11], [18, 23, 19, 24], [20, 10, 21, 9], [22, 19, 23, 20], [24, 4, 1, 3], [2, 16, 3, 15], [4, 8, 5, 7], [6, 14, 7, 13], [8, 22, 9, 21], [10, 18, 11, 17], [12, 6, 13, 5]]"
12a_0433_31,"[[12, 6, 13, 5], [14, 2, 15, 1], [16, 12, 17, 11], [18, 23, 19, 24], [20, 10, 21, 9], [22, 19, 23, 20], [24, 4, 1, 3], [2, 16, 3, 15], [4, 8, 5, 7], [6, 14, 7, 13], [8, 22, 9, 21], [10, 18, 11, 17]]"
12a_0433_32,"[[10, 18, 11, 17], [12, 6, 13, 5], [14, 2, 15, 1], [16, 12, 17, 11], [18, 23, 19, 24], [20, 10, 21, 9], [22, 19, 23, 20], [24, 4, 1, 3], [2, 16, 3, 15], [4, 8, 5, 7], [6, 14, 7, 13], [8, 22, 9, 21]]"
12a_0433_33,"[[8, 22, 9, 21], [10, 18, 11, 17], [12, 6, 13, 5], [14, 2, 15, 1], [16, 12, 17, 11], [18, 23, 19, 24], [20, 10, 21, 9], [22, 19, 23, 20], [24, 4, 1, 3], [2, 16, 3, 15], [4, 8, 5, 7], [6, 14, 7, 13]]"
12a_0433_34,"[[6, 14, 7, 13], [8, 22, 9, 21], [10, 18, 11, 17], [12, 6, 13, 5], [14, 2, 15, 1], [16, 12, 17, 11], [18, 23, 19, 24], [20, 10, 21, 9], [22, 19, 23, 20], [24, 4, 1, 3], [2, 16, 3, 15], [4, 8, 5, 7]]"
12a_0433_35,"[[4, 8, 5, 7], [6, 14, 7, 13], [8, 22, 9, 21], [10, 18, 11, 17], [12, 6, 13, 5], [14, 2, 15, 1], [16, 12, 17, 11], [18, 23, 19, 24], [20, 10, 21, 9], [22, 19, 23, 20], [24, 4, 1, 3], [2, 16, 3, 15]]"
12a_0433_36,"[[3, 17, 4, 16], [5, 9, 6, 8], [7, 15, 8, 14], [9, 23, 10, 22], [11, 19, 12, 18], [13, 7, 14, 6], [15, 3, 16, 2], [17, 13, 18, 12], [19, 24, 20, 1], [21, 11, 22, 10], [23, 20, 24, 21], [1, 5, 2, 4]]"
12a_0433_37,"[[1, 5, 2, 4], [3, 17, 4, 16], [5, 9, 6, 8], [7, 15, 8, 14], [9, 23, 10, 22], [11, 19, 12, 18], [13, 7, 14, 6], [15, 3, 16, 2], [17, 13, 18, 12], [19, 24, 20, 1], [21, 11, 22, 10], [23, 20, 24, 21]]"
12a_0433_38,"[[23, 20, 24, 21], [1, 5, 2, 4], [3, 17, 4, 16], [5, 9, 6, 8], [7, 15, 8, 14], [9, 23, 10, 22], [11, 19, 12, 18], [13, 7, 14, 6], [15, 3, 16, 2], [17, 13, 18, 12], [19, 24, 20, 1], [21, 11, 22, 10]]"
12a_0433_39,"[[21, 11, 22, 10], [23, 20, 24, 21], [1, 5, 2, 4], [3, 17, 4, 16], [5, 9, 6, 8], [7, 15, 8, 14], [9, 23, 10, 22], [11, 19, 12, 18], [13, 7, 14, 6], [15, 3, 16, 2], [17, 13, 18, 12], [19, 24, 20, 1]]"
12a_0433_40,"[[19, 24, 20, 1], [21, 11, 22, 10], [23, 20, 24, 21], [1, 5, 2, 4], [3, 17, 4, 16], [5, 9, 6, 8], [7, 15, 8, 14], [9, 23, 10, 22], [11, 19, 12, 18], [13, 7, 14, 6], [15, 3, 16, 2], [17, 13, 18, 12]]"
12a_0433_41,"[[17, 13, 18, 12], [19, 24, 20, 1], [21, 11, 22, 10], [23, 20, 24, 21], [1, 5, 2, 4], [3, 17, 4, 16], [5, 9, 6, 8], [7, 15, 8, 14], [9, 23, 10, 22], [11, 19, 12, 18], [13, 7, 14, 6], [15, 3, 16, 2]]"
12a_0433_42,"[[15, 3, 16, 2], [17, 13, 18, 12], [19, 24, 20, 1], [21, 11, 22, 10], [23, 20, 24, 21], [1, 5, 2, 4], [3, 17, 4, 16], [5, 9, 6, 8], [7, 15, 8, 14], [9, 23, 10, 22], [11, 19, 12, 18], [13, 7, 14, 6]]"
12a_0433_43,"[[13, 7, 14, 6], [15, 3, 16, 2], [17, 13, 18, 12], [19, 24, 20, 1], [21, 11, 22, 10], [23, 20, 24, 21], [1, 5, 2, 4], [3, 17, 4, 16], [5, 9, 6, 8], [7, 15, 8, 14], [9, 23, 10, 22], [11, 19, 12, 18]]"
12a_0433_44,"[[11, 19, 12, 18], [13, 7, 14, 6], [15, 3, 16, 2], [17, 13, 18, 12], [19, 24, 20, 1], [21, 11, 22, 10], [23, 20, 24, 21], [1, 5, 2, 4], [3, 17, 4, 16], [5, 9, 6, 8], [7, 15, 8, 14], [9, 23, 10, 22]]"
12a_0433_45,"[[9, 23, 10, 22], [11, 19, 12, 18], [13, 7, 14, 6], [15, 3, 16, 2], [17, 13, 18, 12], [19, 24, 20, 1], [21, 11, 22, 10], [23, 20, 24, 21], [1, 5, 2, 4], [3, 17, 4, 16], [5, 9, 6, 8], [7, 15, 8, 14]]"
12a_0433_46,"[[7, 15, 8, 14], [9, 23, 10, 22], [11, 19, 12, 18], [13, 7, 14, 6], [15, 3, 16, 2], [17, 13, 18, 12], [19, 24, 20, 1], [21, 11, 22, 10], [23, 20, 24, 21], [1, 5, 2, 4], [3, 17, 4, 16], [5, 9, 6, 8]]"
12a_0433_47,"[[5, 9, 6, 8], [7, 15, 8, 14], [9, 23, 10, 22], [11, 19, 12, 18], [13, 7, 14, 6], [15, 3, 16, 2], [17, 13, 18, 12], [19, 24, 20, 1], [21, 11, 22, 10], [23, 20, 24, 21], [1, 5, 2, 4], [3, 17, 4, 16]]"
12a_0433_48,"[[4, 18, 5, 17], [6, 10, 7, 9], [8, 16, 9, 15], [10, 24, 11, 23], [12, 20, 13, 19], [14, 8, 15, 7], [16, 4, 17, 3], [18, 14, 19, 13], [20, 1, 21, 2], [22, 12, 23, 11], [24, 21, 1, 22], [2, 6, 3, 5]]"
12a_0433_49,"[[2, 6, 3, 5], [4, 18, 5, 17], [6, 10, 7, 9], [8, 16, 9, 15], [10, 24, 11, 23], [12, 20, 13, 19], [14, 8, 15, 7], [16, 4, 17, 3], [18, 14, 19, 13], [20, 1, 21, 2], [22, 12, 23, 11], [24, 21, 1, 22]]"
12a_0433_50,"[[24, 21, 1, 22], [2, 6, 3, 5], [4, 18, 5, 17], [6, 10, 7, 9], [8, 16, 9, 15], [10, 24, 11, 23], [12, 20, 13, 19], [14, 8, 15, 7], [16, 4, 17, 3], [18, 14, 19, 13], [20, 1, 21, 2], [22, 12, 23, 11]]"
12a_0433_51,"[[22, 12, 23, 11], [24, 21, 1, 22], [2, 6, 3, 5], [4, 18, 5, 17], [6, 10, 7, 9], [8, 16, 9, 15], [10, 24, 11, 23], [12, 20, 13, 19], [14, 8, 15, 7], [16, 4, 17, 3], [18, 14, 19, 13], [20, 1, 21, 2]]"
12a_0433_52,"[[20, 1, 21, 2], [22, 12, 23, 11], [24, 21, 1, 22], [2, 6, 3, 5], [4, 18, 5, 17], [6, 10, 7, 9], [8, 16, 9, 15], [10, 24, 11, 23], [12, 20, 13, 19], [14, 8, 15, 7], [16, 4, 17, 3], [18, 14, 19, 13]]"
12a_0433_53,"[[18, 14, 19, 13], [20, 1, 21, 2], [22, 12, 23, 11], [24, 21, 1, 22], [2, 6, 3, 5], [4, 18, 5, 17], [6, 10, 7, 9], [8, 16, 9, 15], [10, 24, 11, 23], [12, 20, 13, 19], [14, 8, 15, 7], [16, 4, 17, 3]]"
12a_0433_54,"[[16, 4, 17, 3], [18, 14, 19, 13], [20, 1, 21, 2], [22, 12, 23, 11], [24, 21, 1, 22], [2, 6, 3, 5], [4, 18, 5, 17], [6, 10, 7, 9], [8, 16, 9, 15], [10, 24, 11, 23], [12, 20, 13, 19], [14, 8, 15, 7]]"
12a_0433_55,"[[14, 8, 15, 7], [16, 4, 17, 3], [18, 14, 19, 13], [20, 1, 21, 2], [22, 12, 23, 11], [24, 21, 1, 22], [2, 6, 3, 5], [4, 18, 5, 17], [6, 10, 7, 9], [8, 16, 9, 15], [10, 24, 11, 23], [12, 20, 13, 19]]"
12a_0433_56,"[[12, 20, 13, 19], [14, 8, 15, 7], [16, 4, 17, 3], [18, 14, 19, 13], [20, 1, 21, 2], [22, 12, 23, 11], [24, 21, 1, 22], [2, 6, 3, 5], [4, 18, 5, 17], [6, 10, 7, 9], [8, 16, 9, 15], [10, 24, 11, 23]]"
12a_0433_57,"[[10, 24, 11, 23], [12, 20, 13, 19], [14, 8, 15, 7], [16, 4, 17, 3], [18, 14, 19, 13], [20, 1, 21, 2], [22, 12, 23, 11], [24, 21, 1, 22], [2, 6, 3, 5], [4, 18, 5, 17], [6, 10, 7, 9], [8, 16, 9, 15]]"
12a_0433_58,"[[8, 16, 9, 15], [10, 24, 11, 23], [12, 20, 13, 19], [14, 8, 15, 7], [16, 4, 17, 3], [18, 14, 19, 13], [20, 1, 21, 2], [22, 12, 23, 11], [24, 21, 1, 22], [2, 6, 3, 5], [4, 18, 5, 17], [6, 10, 7, 9]]"
12a_0433_59,"[[6, 10, 7, 9], [8, 16, 9, 15], [10, 24, 11, 23], [12, 20, 13, 19], [14, 8, 15, 7], [16, 4, 17, 3], [18, 14, 19, 13], [20, 1, 21, 2], [22, 12, 23, 11], [24, 21, 1, 22], [2, 6, 3, 5], [4, 18, 5, 17]]"
12a_0433_60,"[[5, 19, 6, 18], [7, 11, 8, 10], [9, 17, 10, 16], [11, 1, 12, 24], [13, 21, 14, 20], [15, 9, 16, 8], [17, 5, 18, 4], [19, 15, 20, 14], [21, 2, 22, 3], [23, 13, 24, 12], [1, 22, 2, 23], [3, 7, 4, 6]]"
12a_0433_61,"[[3, 7, 4, 6], [5, 19, 6, 18], [7, 11, 8, 10], [9, 17, 10, 16], [11, 1, 12, 24], [13, 21, 14, 20], [15, 9, 16, 8], [17, 5, 18, 4], [19, 15, 20, 14], [21, 2, 22, 3], [23, 13, 24, 12], [1, 22, 2, 23]]"
12a_0433_62,"[[1, 22, 2, 23], [3, 7, 4, 6], [5, 19, 6, 18], [7, 11, 8, 10], [9, 17, 10, 16], [11, 1, 12, 24], [13, 21, 14, 20], [15, 9, 16, 8], [17, 5, 18, 4], [19, 15, 20, 14], [21, 2, 22, 3], [23, 13, 24, 12]]"
12a_0433_63,"[[23, 13, 24, 12], [1, 22, 2, 23], [3, 7, 4, 6], [5, 19, 6, 18], [7, 11, 8, 10], [9, 17, 10, 16], [11, 1, 12, 24], [13, 21, 14, 20], [15, 9, 16, 8], [17, 5, 18, 4], [19, 15, 20, 14], [21, 2, 22, 3]]"
12a_0433_64,"[[21, 2, 22, 3], [23, 13, 24, 12], [1, 22, 2, 23], [3, 7, 4, 6], [5, 19, 6, 18], [7, 11, 8, 10], [9, 17, 10, 16], [11, 1, 12, 24], [13, 21, 14, 20], [15, 9, 16, 8], [17, 5, 18, 4], [19, 15, 20, 14]]"
12a_0433_65,"[[19, 15, 20, 14], [21, 2, 22, 3], [23, 13, 24, 12], [1, 22, 2, 23], [3, 7, 4, 6], [5, 19, 6, 18], [7, 11, 8, 10], [9, 17, 10, 16], [11, 1, 12, 24], [13, 21, 14, 20], [15, 9, 16, 8], [17, 5, 18, 4]]"
12a_0433_66,"[[17, 5, 18, 4], [19, 15, 20, 14], [21, 2, 22, 3], [23, 13, 24, 12], [1, 22, 2, 23], [3, 7, 4, 6], [5, 19, 6, 18], [7, 11, 8, 10], [9, 17, 10, 16], [11, 1, 12, 24], [13, 21, 14, 20], [15, 9, 16, 8]]"
12a_0433_67,"[[15, 9, 16, 8], [17, 5, 18, 4], [19, 15, 20, 14], [21, 2, 22, 3], [23, 13, 24, 12], [1, 22, 2, 23], [3, 7, 4, 6], [5, 19, 6, 18], [7, 11, 8, 10], [9, 17, 10, 16], [11, 1, 12, 24], [13, 21, 14, 20]]"
12a_0433_68,"[[13, 21, 14, 20], [15, 9, 16, 8], [17, 5, 18, 4], [19, 15, 20, 14], [21, 2, 22, 3], [23, 13, 24, 12], [1, 22, 2, 23], [3, 7, 4, 6], [5, 19, 6, 18], [7, 11, 8, 10], [9, 17, 10, 16], [11, 1, 12, 24]]"
12a_0433_69,"[[11, 1, 12, 24], [13, 21, 14, 20], [15, 9, 16, 8], [17, 5, 18, 4], [19, 15, 20, 14], [21, 2, 22, 3], [23, 13, 24, 12], [1, 22, 2, 23], [3, 7, 4, 6], [5, 19, 6, 18], [7, 11, 8, 10], [9, 17, 10, 16]]"
12a_0433_70,"[[9, 17, 10, 16], [11, 1, 12, 24], [13, 21, 14, 20], [15, 9, 16, 8], [17, 5, 18, 4], [19, 15, 20, 14], [21, 2, 22, 3], [23, 13, 24, 12], [1, 22, 2, 23], [3, 7, 4, 6], [5, 19, 6, 18], [7, 11, 8, 10]]"
12a_0433_71,"[[7, 11, 8, 10], [9, 17, 10, 16], [11, 1, 12, 24], [13, 21, 14, 20], [15, 9, 16, 8], [17, 5, 18, 4], [19, 15, 20, 14], [21, 2, 22, 3], [23, 13, 24, 12], [1, 22, 2, 23], [3, 7, 4, 6], [5, 19, 6, 18]]"
12a_0433_72,"[[6, 20, 7, 19], [8, 12, 9, 11], [10, 18, 11, 17], [12, 2, 13, 1], [14, 22, 15, 21], [16, 10, 17, 9], [18, 6, 19, 5], [20, 16, 21, 15], [22, 3, 23, 4], [24, 14, 1, 13], [2, 23, 3, 24], [4, 8, 5, 7]]"
12a_0433_73,"[[4, 8, 5, 7], [6, 20, 7, 19], [8, 12, 9, 11], [10, 18, 11, 17], [12, 2, 13, 1], [14, 22, 15, 21], [16, 10, 17, 9], [18, 6, 19, 5], [20, 16, 21, 15], [22, 3, 23, 4], [24, 14, 1, 13], [2, 23, 3, 24]]"
12a_0433_74,"[[2, 23, 3, 24], [4, 8, 5, 7], [6, 20, 7, 19], [8, 12, 9, 11], [10, 18, 11, 17], [12, 2, 13, 1], [14, 22, 15, 21], [16, 10, 17, 9], [18, 6, 19, 5], [20, 16, 21, 15], [22, 3, 23, 4], [24, 14, 1, 13]]"
12a_0433_75,"[[24, 14, 1, 13], [2, 23, 3, 24], [4, 8, 5, 7], [6, 20, 7, 19], [8, 12, 9, 11], [10, 18, 11, 17], [12, 2, 13, 1], [14, 22, 15, 21], [16, 10, 17, 9], [18, 6, 19, 5], [20, 16, 21, 15], [22, 3, 23, 4]]"
12a_0433_76,"[[22, 3, 23, 4], [24, 14, 1, 13], [2, 23, 3, 24], [4, 8, 5, 7], [6, 20, 7, 19], [8, 12, 9, 11], [10, 18, 11, 17], [12, 2, 13, 1], [14, 22, 15, 21], [16, 10, 17, 9], [18, 6, 19, 5], [20, 16, 21, 15]]"
12a_0433_77,"[[20, 16, 21, 15], [22, 3, 23, 4], [24, 14, 1, 13], [2, 23, 3, 24], [4, 8, 5, 7], [6, 20, 7, 19], [8, 12, 9, 11], [10, 18, 11, 17], [12, 2, 13, 1], [14, 22, 15, 21], [16, 10, 17, 9], [18, 6, 19, 5]]"
12a_0433_78,"[[18, 6, 19, 5], [20, 16, 21, 15], [22, 3, 23, 4], [24, 14, 1, 13], [2, 23, 3, 24], [4, 8, 5, 7], [6, 20, 7, 19], [8, 12, 9, 11], [10, 18, 11, 17], [12, 2, 13, 1], [14, 22, 15, 21], [16, 10, 17, 9]]"
12a_0433_79,"[[16, 10, 17, 9], [18, 6, 19, 5], [20, 16, 21, 15], [22, 3, 23, 4], [24, 14, 1, 13], [2, 23, 3, 24], [4, 8, 5, 7], [6, 20, 7, 19], [8, 12, 9, 11], [10, 18, 11, 17], [12, 2, 13, 1], [14, 22, 15, 21]]"
12a_0433_80,"[[14, 22, 15, 21], [16, 10, 17, 9], [18, 6, 19, 5], [20, 16, 21, 15], [22, 3, 23, 4], [24, 14, 1, 13], [2, 23, 3, 24], [4, 8, 5, 7], [6, 20, 7, 19], [8, 12, 9, 11], [10, 18, 11, 17], [12, 2, 13, 1]]"
12a_0433_81,"[[12, 2, 13, 1], [14, 22, 15, 21], [16, 10, 17, 9], [18, 6, 19, 5], [20, 16, 21, 15], [22, 3, 23, 4], [24, 14, 1, 13], [2, 23, 3, 24], [4, 8, 5, 7], [6, 20, 7, 19], [8, 12, 9, 11], [10, 18, 11, 17]]"
12a_0433_82,"[[10, 18, 11, 17], [12, 2, 13, 1], [14, 22, 15, 21], [16, 10, 17, 9], [18, 6, 19, 5], [20, 16, 21, 15], [22, 3, 23, 4], [24, 14, 1, 13], [2, 23, 3, 24], [4, 8, 5, 7], [6, 20, 7, 19], [8, 12, 9, 11]]"
12a_0433_83,"[[8, 12, 9, 11], [10, 18, 11, 17], [12, 2, 13, 1], [14, 22, 15, 21], [16, 10, 17, 9], [18, 6, 19, 5], [20, 16, 21, 15], [22, 3, 23, 4], [24, 14, 1, 13], [2, 23, 3, 24], [4, 8, 5, 7], [6, 20, 7, 19]]"
12a_0433_84,"[[7, 21, 8, 20], [9, 13, 10, 12], [11, 19, 12, 18], [13, 3, 14, 2], [15, 23, 16, 22], [17, 11, 18, 10], [19, 7, 20, 6], [21, 17, 22, 16], [23, 4, 24, 5], [1, 15, 2, 14], [3, 24, 4, 1], [5, 9, 6, 8]]"
12a_0433_85,"[[5, 9, 6, 8], [7, 21, 8, 20], [9, 13, 10, 12], [11, 19, 12, 18], [13, 3, 14, 2], [15, 23, 16, 22], [17, 11, 18, 10], [19, 7, 20, 6], [21, 17, 22, 16], [23, 4, 24, 5], [1, 15, 2, 14], [3, 24, 4, 1]]"
12a_0433_86,"[[3, 24, 4, 1], [5, 9, 6, 8], [7, 21, 8, 20], [9, 13, 10, 12], [11, 19, 12, 18], [13, 3, 14, 2], [15, 23, 16, 22], [17, 11, 18, 10], [19, 7, 20, 6], [21, 17, 22, 16], [23, 4, 24, 5], [1, 15, 2, 14]]"
12a_0433_87,"[[1, 15, 2, 14], [3, 24, 4, 1], [5, 9, 6, 8], [7, 21, 8, 20], [9, 13, 10, 12], [11, 19, 12, 18], [13, 3, 14, 2], [15, 23, 16, 22], [17, 11, 18, 10], [19, 7, 20, 6], [21, 17, 22, 16], [23, 4, 24, 5]]"
12a_0433_88,"[[23, 4, 24, 5], [1, 15, 2, 14], [3, 24, 4, 1], [5, 9, 6, 8], [7, 21, 8, 20], [9, 13, 10, 12], [11, 19, 12, 18], [13, 3, 14, 2], [15, 23, 16, 22], [17, 11, 18, 10], [19, 7, 20, 6], [21, 17, 22, 16]]"
12a_0433_89,"[[21, 17, 22, 16], [23, 4, 24, 5], [1, 15, 2, 14], [3, 24, 4, 1], [5, 9, 6, 8], [7, 21, 8, 20], [9, 13, 10, 12], [11, 19, 12, 18], [13, 3, 14, 2], [15, 23, 16, 22], [17, 11, 18, 10], [19, 7, 20, 6]]"
12a_0433_90,"[[19, 7, 20, 6], [21, 17, 22, 16], [23, 4, 24, 5], [1, 15, 2, 14], [3, 24, 4, 1], [5, 9, 6, 8], [7, 21, 8, 20], [9, 13, 10, 12], [11, 19, 12, 18], [13, 3, 14, 2], [15, 23, 16, 22], [17, 11, 18, 10]]"
12a_0433_91,"[[17, 11, 18, 10], [19, 7, 20, 6], [21, 17, 22, 16], [23, 4, 24, 5], [1, 15, 2, 14], [3, 24, 4, 1], [5, 9, 6, 8], [7, 21, 8, 20], [9, 13, 10, 12], [11, 19, 12, 18], [13, 3, 14, 2], [15, 23, 16, 22]]"
12a_0433_92,"[[15, 23, 16, 22], [17, 11, 18, 10], [19, 7, 20, 6], [21, 17, 22, 16], [23, 4, 24, 5], [1, 15, 2, 14], [3, 24, 4, 1], [5, 9, 6, 8], [7, 21, 8, 20], [9, 13, 10, 12], [11, 19, 12, 18], [13, 3, 14, 2]]"
12a_0433_93,"[[13, 3, 14, 2], [15, 23, 16, 22], [17, 11, 18, 10], [19, 7, 20, 6], [21, 17, 22, 16], [23, 4, 24, 5], [1, 15, 2, 14], [3, 24, 4, 1], [5, 9, 6, 8], [7, 21, 8, 20], [9, 13, 10, 12], [11, 19, 12, 18]]"
12a_0433_94,"[[11, 19, 12, 18], [13, 3, 14, 2], [15, 23, 16, 22], [17, 11, 18, 10], [19, 7, 20, 6], [21, 17, 22, 16], [23, 4, 24, 5], [1, 15, 2, 14], [3, 24, 4, 1], [5, 9, 6, 8], [7, 21, 8, 20], [9, 13, 10, 12]]"
12a_0433_95,"[[9, 13, 10, 12], [11, 19, 12, 18], [13, 3, 14, 2], [15, 23, 16, 22], [17, 11, 18, 10], [19, 7, 20, 6], [21, 17, 22, 16], [23, 4, 24, 5], [1, 15, 2, 14], [3, 24, 4, 1], [5, 9, 6, 8], [7, 21, 8, 20]]"
12a_0433_96,"[[8, 22, 9, 21], [10, 14, 11, 13], [12, 20, 13, 19], [14, 4, 15, 3], [16, 24, 17, 23], [18, 12, 19, 11], [20, 8, 21, 7], [22, 18, 23, 17], [24, 5, 1, 6], [2, 16, 3, 15], [4, 1, 5, 2], [6, 10, 7, 9]]"
12a_0433_97,"[[6, 10, 7, 9], [8, 22, 9, 21], [10, 14, 11, 13], [12, 20, 13, 19], [14, 4, 15, 3], [16, 24, 17, 23], [18, 12, 19, 11], [20, 8, 21, 7], [22, 18, 23, 17], [24, 5, 1, 6], [2, 16, 3, 15], [4, 1, 5, 2]]"
12a_0433_98,"[[4, 1, 5, 2], [6, 10, 7, 9], [8, 22, 9, 21], [10, 14, 11, 13], [12, 20, 13, 19], [14, 4, 15, 3], [16, 24, 17, 23], [18, 12, 19, 11], [20, 8, 21, 7], [22, 18, 23, 17], [24, 5, 1, 6], [2, 16, 3, 15]]"
12a_0433_99,"[[2, 16, 3, 15], [4, 1, 5, 2], [6, 10, 7, 9], [8, 22, 9, 21], [10, 14, 11, 13], [12, 20, 13, 19], [14, 4, 15, 3], [16, 24, 17, 23], [18, 12, 19, 11], [20, 8, 21, 7], [22, 18, 23, 17], [24, 5, 1, 6]]"
12a_0433_100,"[[24, 5, 1, 6], [2, 16, 3, 15], [4, 1, 5, 2], [6, 10, 7, 9], [8, 22, 9, 21], [10, 14, 11, 13], [12, 20, 13, 19], [14, 4, 15, 3], [16, 24, 17, 23], [18, 12, 19, 11], [20, 8, 21, 7], [22, 18, 23, 17]]"
12a_0433_101,"[[22, 18, 23, 17], [24, 5, 1, 6], [2, 16, 3, 15], [4, 1, 5, 2], [6, 10, 7, 9], [8, 22, 9, 21], [10, 14, 11, 13], [12, 20, 13, 19], [14, 4, 15, 3], [16, 24, 17, 23], [18, 12, 19, 11], [20, 8, 21, 7]]"
12a_0433_102,"[[20, 8, 21, 7], [22, 18, 23, 17], [24, 5, 1, 6], [2, 16, 3, 15], [4, 1, 5, 2], [6, 10, 7, 9], [8, 22, 9, 21], [10, 14, 11, 13], [12, 20, 13, 19], [14, 4, 15, 3], [16, 24, 17, 23], [18, 12, 19, 11]]"
12a_0433_103,"[[18, 12, 19, 11], [20, 8, 21, 7], [22, 18, 23, 17], [24, 5, 1, 6], [2, 16, 3, 15], [4, 1, 5, 2], [6, 10, 7, 9], [8, 22, 9, 21], [10, 14, 11, 13], [12, 20, 13, 19], [14, 4, 15, 3], [16, 24, 17, 23]]"
12a_0433_104,"[[16, 24, 17, 23], [18, 12, 19, 11], [20, 8, 21, 7], [22, 18, 23, 17], [24, 5, 1, 6], [2, 16, 3, 15], [4, 1, 5, 2], [6, 10, 7, 9], [8, 22, 9, 21], [10, 14, 11, 13], [12, 20, 13, 19], [14, 4, 15, 3]]"
12a_0433_105,"[[14, 4, 15, 3], [16, 24, 17, 23], [18, 12, 19, 11], [20, 8, 21, 7], [22, 18, 23, 17], [24, 5, 1, 6], [2, 16, 3, 15], [4, 1, 5, 2], [6, 10, 7, 9], [8, 22, 9, 21], [10, 14, 11, 13], [12, 20, 13, 19]]"
12a_0433_106,"[[12, 20, 13, 19], [14, 4, 15, 3], [16, 24, 17, 23], [18, 12, 19, 11], [20, 8, 21, 7], [22, 18, 23, 17], [24, 5, 1, 6], [2, 16, 3, 15], [4, 1, 5, 2], [6, 10, 7, 9], [8, 22, 9, 21], [10, 14, 11, 13]]"
12a_0433_107,"[[10, 14, 11, 13], [12, 20, 13, 19], [14, 4, 15, 3], [16, 24, 17, 23], [18, 12, 19, 11], [20, 8, 21, 7], [22, 18, 23, 17], [24, 5, 1, 6], [2, 16, 3, 15], [4, 1, 5, 2], [6, 10, 7, 9], [8, 22, 9, 21]]"
12a_0433_108,"[[9, 23, 10, 22], [11, 15, 12, 14], [13, 21, 14, 20], [15, 5, 16, 4], [17, 1, 18, 24], [19, 13, 20, 12], [21, 9, 22, 8], [23, 19, 24, 18], [1, 6, 2, 7], [3, 17, 4, 16], [5, 2, 6, 3], [7, 11, 8, 10]]"
12a_0433_109,"[[7, 11, 8, 10], [9, 23, 10, 22], [11, 15, 12, 14], [13, 21, 14, 20], [15, 5, 16, 4], [17, 1, 18, 24], [19, 13, 20, 12], [21, 9, 22, 8], [23, 19, 24, 18], [1, 6, 2, 7], [3, 17, 4, 16], [5, 2, 6, 3]]"
12a_0433_110,"[[5, 2, 6, 3], [7, 11, 8, 10], [9, 23, 10, 22], [11, 15, 12, 14], [13, 21, 14, 20], [15, 5, 16, 4], [17, 1, 18, 24], [19, 13, 20, 12], [21, 9, 22, 8], [23, 19, 24, 18], [1, 6, 2, 7], [3, 17, 4, 16]]"
12a_0433_111,"[[3, 17, 4, 16], [5, 2, 6, 3], [7, 11, 8, 10], [9, 23, 10, 22], [11, 15, 12, 14], [13, 21, 14, 20], [15, 5, 16, 4], [17, 1, 18, 24], [19, 13, 20, 12], [21, 9, 22, 8], [23, 19, 24, 18], [1, 6, 2, 7]]"
12a_0433_112,"[[1, 6, 2, 7], [3, 17, 4, 16], [5, 2, 6, 3], [7, 11, 8, 10], [9, 23, 10, 22], [11, 15, 12, 14], [13, 21, 14, 20], [15, 5, 16, 4], [17, 1, 18, 24], [19, 13, 20, 12], [21, 9, 22, 8], [23, 19, 24, 18]]"
12a_0433_113,"[[23, 19, 24, 18], [1, 6, 2, 7], [3, 17, 4, 16], [5, 2, 6, 3], [7, 11, 8, 10], [9, 23, 10, 22], [11, 15, 12, 14], [13, 21, 14, 20], [15, 5, 16, 4], [17, 1, 18, 24], [19, 13, 20, 12], [21, 9, 22, 8]]"
12a_0433_114,"[[21, 9, 22, 8], [23, 19, 24, 18], [1, 6, 2, 7], [3, 17, 4, 16], [5, 2, 6, 3], [7, 11, 8, 10], [9, 23, 10, 22], [11, 15, 12, 14], [13, 21, 14, 20], [15, 5, 16, 4], [17, 1, 18, 24], [19, 13, 20, 12]]"
12a_0433_115,"[[19, 13, 20, 12], [21, 9, 22, 8], [23, 19, 24, 18], [1, 6, 2, 7], [3, 17, 4, 16], [5, 2, 6, 3], [7, 11, 8, 10], [9, 23, 10, 22], [11, 15, 12, 14], [13, 21, 14, 20], [15, 5, 16, 4], [17, 1, 18, 24]]"
12a_0433_116,"[[17, 1, 18, 24], [19, 13, 20, 12], [21, 9, 22, 8], [23, 19, 24, 18], [1, 6, 2, 7], [3, 17, 4, 16], [5, 2, 6, 3], [7, 11, 8, 10], [9, 23, 10, 22], [11, 15, 12, 14], [13, 21, 14, 20], [15, 5, 16, 4]]"
12a_0433_117,"[[15, 5, 16, 4], [17, 1, 18, 24], [19, 13, 20, 12], [21, 9, 22, 8], [23, 19, 24, 18], [1, 6, 2, 7], [3, 17, 4, 16], [5, 2, 6, 3], [7, 11, 8, 10], [9, 23, 10, 22], [11, 15, 12, 14], [13, 21, 14, 20]]"
12a_0433_118,"[[13, 21, 14, 20], [15, 5, 16, 4], [17, 1, 18, 24], [19, 13, 20, 12], [21, 9, 22, 8], [23, 19, 24, 18], [1, 6, 2, 7], [3, 17, 4, 16], [5, 2, 6, 3], [7, 11, 8, 10], [9, 23, 10, 22], [11, 15, 12, 14]]"
12a_0433_119,"[[11, 15, 12, 14], [13, 21, 14, 20], [15, 5, 16, 4], [17, 1, 18, 24], [19, 13, 20, 12], [21, 9, 22, 8], [23, 19, 24, 18], [1, 6, 2, 7], [3, 17, 4, 16], [5, 2, 6, 3], [7, 11, 8, 10], [9, 23, 10, 22]]"
12a_0433_120,"[[10, 24, 11, 23], [12, 16, 13, 15], [14, 22, 15, 21], [16, 6, 17, 5], [18, 2, 19, 1], [20, 14, 21, 13], [22, 10, 23, 9], [24, 20, 1, 19], [2, 7, 3, 8], [4, 18, 5, 17], [6, 3, 7, 4], [8, 12, 9, 11]]"
12a_0433_121,"[[8, 12, 9, 11], [10, 24, 11, 23], [12, 16, 13, 15], [14, 22, 15, 21], [16, 6, 17, 5], [18, 2, 19, 1], [20, 14, 21, 13], [22, 10, 23, 9], [24, 20, 1, 19], [2, 7, 3, 8], [4, 18, 5, 17], [6, 3, 7, 4]]"
12a_0433_122,"[[6, 3, 7, 4], [8, 12, 9, 11], [10, 24, 11, 23], [12, 16, 13, 15], [14, 22, 15, 21], [16, 6, 17, 5], [18, 2, 19, 1], [20, 14, 21, 13], [22, 10, 23, 9], [24, 20, 1, 19], [2, 7, 3, 8], [4, 18, 5, 17]]"
12a_0433_123,"[[4, 18, 5, 17], [6, 3, 7, 4], [8, 12, 9, 11], [10, 24, 11, 23], [12, 16, 13, 15], [14, 22, 15, 21], [16, 6, 17, 5], [18, 2, 19, 1], [20, 14, 21, 13], [22, 10, 23, 9], [24, 20, 1, 19], [2, 7, 3, 8]]"
12a_0433_124,"[[2, 7, 3, 8], [4, 18, 5, 17], [6, 3, 7, 4], [8, 12, 9, 11], [10, 24, 11, 23], [12, 16, 13, 15], [14, 22, 15, 21], [16, 6, 17, 5], [18, 2, 19, 1], [20, 14, 21, 13], [22, 10, 23, 9], [24, 20, 1, 19]]"
12a_0433_125,"[[24, 20, 1, 19], [2, 7, 3, 8], [4, 18, 5, 17], [6, 3, 7, 4], [8, 12, 9, 11], [10, 24, 11, 23], [12, 16, 13, 15], [14, 22, 15, 21], [16, 6, 17, 5], [18, 2, 19, 1], [20, 14, 21, 13], [22, 10, 23, 9]]"
12a_0433_126,"[[22, 10, 23, 9], [24, 20, 1, 19], [2, 7, 3, 8], [4, 18, 5, 17], [6, 3, 7, 4], [8, 12, 9, 11], [10, 24, 11, 23], [12, 16, 13, 15], [14, 22, 15, 21], [16, 6, 17, 5], [18, 2, 19, 1], [20, 14, 21, 13]]"
12a_0433_127,"[[20, 14, 21, 13], [22, 10, 23, 9], [24, 20, 1, 19], [2, 7, 3, 8], [4, 18, 5, 17], [6, 3, 7, 4], [8, 12, 9, 11], [10, 24, 11, 23], [12, 16, 13, 15], [14, 22, 15, 21], [16, 6, 17, 5], [18, 2, 19, 1]]"
12a_0433_128,"[[18, 2, 19, 1], [20, 14, 21, 13], [22, 10, 23, 9], [24, 20, 1, 19], [2, 7, 3, 8], [4, 18, 5, 17], [6, 3, 7, 4], [8, 12, 9, 11], [10, 24, 11, 23], [12, 16, 13, 15], [14, 22, 15, 21], [16, 6, 17, 5]]"
12a_0433_129,"[[16, 6, 17, 5], [18, 2, 19, 1], [20, 14, 21, 13], [22, 10, 23, 9], [24, 20, 1, 19], [2, 7, 3, 8], [4, 18, 5, 17], [6, 3, 7, 4], [8, 12, 9, 11], [10, 24, 11, 23], [12, 16, 13, 15], [14, 22, 15, 21]]"
12a_0433_130,"[[14, 22, 15, 21], [16, 6, 17, 5], [18, 2, 19, 1], [20, 14, 21, 13], [22, 10, 23, 9], [24, 20, 1, 19], [2, 7, 3, 8], [4, 18, 5, 17], [6, 3, 7, 4], [8, 12, 9, 11], [10, 24, 11, 23], [12, 16, 13, 15]]"
12a_0433_131,"[[12, 16, 13, 15], [14, 22, 15, 21], [16, 6, 17, 5], [18, 2, 19, 1], [20, 14, 21, 13], [22, 10, 23, 9], [24, 20, 1, 19], [2, 7, 3, 8], [4, 18, 5, 17], [6, 3, 7, 4], [8, 12, 9, 11], [10, 24, 11, 23]]"
12a_0433_132,"[[11, 1, 12, 24], [13, 17, 14, 16], [15, 23, 16, 22], [17, 7, 18, 6], [19, 3, 20, 2], [21, 15, 22, 14], [23, 11, 24, 10], [1, 21, 2, 20], [3, 8, 4, 9], [5, 19, 6, 18], [7, 4, 8, 5], [9, 13, 10, 12]]"
12a_0433_133,"[[9, 13, 10, 12], [11, 1, 12, 24], [13, 17, 14, 16], [15, 23, 16, 22], [17, 7, 18, 6], [19, 3, 20, 2], [21, 15, 22, 14], [23, 11, 24, 10], [1, 21, 2, 20], [3, 8, 4, 9], [5, 19, 6, 18], [7, 4, 8, 5]]"
12a_0433_134,"[[7, 4, 8, 5], [9, 13, 10, 12], [11, 1, 12, 24], [13, 17, 14, 16], [15, 23, 16, 22], [17, 7, 18, 6], [19, 3, 20, 2], [21, 15, 22, 14], [23, 11, 24, 10], [1, 21, 2, 20], [3, 8, 4, 9], [5, 19, 6, 18]]"
12a_0433_135,"[[5, 19, 6, 18], [7, 4, 8, 5], [9, 13, 10, 12], [11, 1, 12, 24], [13, 17, 14, 16], [15, 23, 16, 22], [17, 7, 18, 6], [19, 3, 20, 2], [21, 15, 22, 14], [23, 11, 24, 10], [1, 21, 2, 20], [3, 8, 4, 9]]"
12a_0433_136,"[[3, 8, 4, 9], [5, 19, 6, 18], [7, 4, 8, 5], [9, 13, 10, 12], [11, 1, 12, 24], [13, 17, 14, 16], [15, 23, 16, 22], [17, 7, 18, 6], [19, 3, 20, 2], [21, 15, 22, 14], [23, 11, 24, 10], [1, 21, 2, 20]]"
12a_0433_137,"[[1, 21, 2, 20], [3, 8, 4, 9], [5, 19, 6, 18], [7, 4, 8, 5], [9, 13, 10, 12], [11, 1, 12, 24], [13, 17, 14, 16], [15, 23, 16, 22], [17, 7, 18, 6], [19, 3, 20, 2], [21, 15, 22, 14], [23, 11, 24, 10]]"
12a_0433_138,"[[23, 11, 24, 10], [1, 21, 2, 20], [3, 8, 4, 9], [5, 19, 6, 18], [7, 4, 8, 5], [9, 13, 10, 12], [11, 1, 12, 24], [13, 17, 14, 16], [15, 23, 16, 22], [17, 7, 18, 6], [19, 3, 20, 2], [21, 15, 22, 14]]"
12a_0433_139,"[[21, 15, 22, 14], [23, 11, 24, 10], [1, 21, 2, 20], [3, 8, 4, 9], [5, 19, 6, 18], [7, 4, 8, 5], [9, 13, 10, 12], [11, 1, 12, 24], [13, 17, 14, 16], [15, 23, 16, 22], [17, 7, 18, 6], [19, 3, 20, 2]]"
12a_0433_140,"[[19, 3, 20, 2], [21, 15, 22, 14], [23, 11, 24, 10], [1, 21, 2, 20], [3, 8, 4, 9], [5, 19, 6, 18], [7, 4, 8, 5], [9, 13, 10, 12], [11, 1, 12, 24], [13, 17, 14, 16], [15, 23, 16, 22], [17, 7, 18, 6]]"
12a_0433_141,"[[17, 7, 18, 6], [19, 3, 20, 2], [21, 15, 22, 14], [23, 11, 24, 10], [1, 21, 2, 20], [3, 8, 4, 9], [5, 19, 6, 18], [7, 4, 8, 5], [9, 13, 10, 12], [11, 1, 12, 24], [13, 17, 14, 16], [15, 23, 16, 22]]"
12a_0433_142,"[[15, 23, 16, 22], [17, 7, 18, 6], [19, 3, 20, 2], [21, 15, 22, 14], [23, 11, 24, 10], [1, 21, 2, 20], [3, 8, 4, 9], [5, 19, 6, 18], [7, 4, 8, 5], [9, 13, 10, 12], [11, 1, 12, 24], [13, 17, 14, 16]]"
12a_0433_143,"[[13, 17, 14, 16], [15, 23, 16, 22], [17, 7, 18, 6], [19, 3, 20, 2], [21, 15, 22, 14], [23, 11, 24, 10], [1, 21, 2, 20], [3, 8, 4, 9], [5, 19, 6, 18], [7, 4, 8, 5], [9, 13, 10, 12], [11, 1, 12, 24]]"
12a_0433_144,"[[12, 2, 13, 1], [14, 18, 15, 17], [16, 24, 17, 23], [18, 8, 19, 7], [20, 4, 21, 3], [22, 16, 23, 15], [24, 12, 1, 11], [2, 22, 3, 21], [4, 9, 5, 10], [6, 20, 7, 19], [8, 5, 9, 6], [10, 14, 11, 13]]"
12a_0433_145,"[[10, 14, 11, 13], [12, 2, 13, 1], [14, 18, 15, 17], [16, 24, 17, 23], [18, 8, 19, 7], [20, 4, 21, 3], [22, 16, 23, 15], [24, 12, 1, 11], [2, 22, 3, 21], [4, 9, 5, 10], [6, 20, 7, 19], [8, 5, 9, 6]]"
12a_0433_146,"[[8, 5, 9, 6], [10, 14, 11, 13], [12, 2, 13, 1], [14, 18, 15, 17], [16, 24, 17, 23], [18, 8, 19, 7], [20, 4, 21, 3], [22, 16, 23, 15], [24, 12, 1, 11], [2, 22, 3, 21], [4, 9, 5, 10], [6, 20, 7, 19]]"
12a_0433_147,"[[6, 20, 7, 19], [8, 5, 9, 6], [10, 14, 11, 13], [12, 2, 13, 1], [14, 18, 15, 17], [16, 24, 17, 23], [18, 8, 19, 7], [20, 4, 21, 3], [22, 16, 23, 15], [24, 12, 1, 11], [2, 22, 3, 21], [4, 9, 5, 10]]"
12a_0433_148,"[[4, 9, 5, 10], [6, 20, 7, 19], [8, 5, 9, 6], [10, 14, 11, 13], [12, 2, 13, 1], [14, 18, 15, 17], [16, 24, 17, 23], [18, 8, 19, 7], [20, 4, 21, 3], [22, 16, 23, 15], [24, 12, 1, 11], [2, 22, 3, 21]]"
12a_0433_149,"[[2, 22, 3, 21], [4, 9, 5, 10], [6, 20, 7, 19], [8, 5, 9, 6], [10, 14, 11, 13], [12, 2, 13, 1], [14, 18, 15, 17], [16, 24, 17, 23], [18, 8, 19, 7], [20, 4, 21, 3], [22, 16, 23, 15], [24, 12, 1, 11]]"
12a_0433_150,"[[24, 12, 1, 11], [2, 22, 3, 21], [4, 9, 5, 10], [6, 20, 7, 19], [8, 5, 9, 6], [10, 14, 11, 13], [12, 2, 13, 1], [14, 18, 15, 17], [16, 24, 17, 23], [18, 8, 19, 7], [20, 4, 21, 3], [22, 16, 23, 15]]"
12a_0433_151,"[[22, 16, 23, 15], [24, 12, 1, 11], [2, 22, 3, 21], [4, 9, 5, 10], [6, 20, 7, 19], [8, 5, 9, 6], [10, 14, 11, 13], [12, 2, 13, 1], [14, 18, 15, 17], [16, 24, 17, 23], [18, 8, 19, 7], [20, 4, 21, 3]]"
12a_0433_152,"[[20, 4, 21, 3], [22, 16, 23, 15], [24, 12, 1, 11], [2, 22, 3, 21], [4, 9, 5, 10], [6, 20, 7, 19], [8, 5, 9, 6], [10, 14, 11, 13], [12, 2, 13, 1], [14, 18, 15, 17], [16, 24, 17, 23], [18, 8, 19, 7]]"
12a_0433_153,"[[18, 8, 19, 7], [20, 4, 21, 3], [22, 16, 23, 15], [24, 12, 1, 11], [2, 22, 3, 21], [4, 9, 5, 10], [6, 20, 7, 19], [8, 5, 9, 6], [10, 14, 11, 13], [12, 2, 13, 1], [14, 18, 15, 17], [16, 24, 17, 23]]"
12a_0433_154,"[[16, 24, 17, 23], [18, 8, 19, 7], [20, 4, 21, 3], [22, 16, 23, 15], [24, 12, 1, 11], [2, 22, 3, 21], [4, 9, 5, 10], [6, 20, 7, 19], [8, 5, 9, 6], [10, 14, 11, 13], [12, 2, 13, 1], [14, 18, 15, 17]]"
12a_0433_155,"[[14, 18, 15, 17], [16, 24, 17, 23], [18, 8, 19, 7], [20, 4, 21, 3], [22, 16, 23, 15], [24, 12, 1, 11], [2, 22, 3, 21], [4, 9, 5, 10], [6, 20, 7, 19], [8, 5, 9, 6], [10, 14, 11, 13], [12, 2, 13, 1]]"
12a_0433_156,"[[13, 3, 14, 2], [15, 19, 16, 18], [17, 1, 18, 24], [19, 9, 20, 8], [21, 5, 22, 4], [23, 17, 24, 16], [1, 13, 2, 12], [3, 23, 4, 22], [5, 10, 6, 11], [7, 21, 8, 20], [9, 6, 10, 7], [11, 15, 12, 14]]"
12a_0433_157,"[[11, 15, 12, 14], [13, 3, 14, 2], [15, 19, 16, 18], [17, 1, 18, 24], [19, 9, 20, 8], [21, 5, 22, 4], [23, 17, 24, 16], [1, 13, 2, 12], [3, 23, 4, 22], [5, 10, 6, 11], [7, 21, 8, 20], [9, 6, 10, 7]]"
12a_0433_158,"[[9, 6, 10, 7], [11, 15, 12, 14], [13, 3, 14, 2], [15, 19, 16, 18], [17, 1, 18, 24], [19, 9, 20, 8], [21, 5, 22, 4], [23, 17, 24, 16], [1, 13, 2, 12], [3, 23, 4, 22], [5, 10, 6, 11], [7, 21, 8, 20]]"
12a_0433_159,"[[7, 21, 8, 20], [9, 6, 10, 7], [11, 15, 12, 14], [13, 3, 14, 2], [15, 19, 16, 18], [17, 1, 18, 24], [19, 9, 20, 8], [21, 5, 22, 4], [23, 17, 24, 16], [1, 13, 2, 12], [3, 23, 4, 22], [5, 10, 6, 11]]"
12a_0433_160,"[[5, 10, 6, 11], [7, 21, 8, 20], [9, 6, 10, 7], [11, 15, 12, 14], [13, 3, 14, 2], [15, 19, 16, 18], [17, 1, 18, 24], [19, 9, 20, 8], [21, 5, 22, 4], [23, 17, 24, 16], [1, 13, 2, 12], [3, 23, 4, 22]]"
12a_0433_161,"[[3, 23, 4, 22], [5, 10, 6, 11], [7, 21, 8, 20], [9, 6, 10, 7], [11, 15, 12, 14], [13, 3, 14, 2], [15, 19, 16, 18], [17, 1, 18, 24], [19, 9, 20, 8], [21, 5, 22, 4], [23, 17, 24, 16], [1, 13, 2, 12]]"
12a_0433_162,"[[1, 13, 2, 12], [3, 23, 4, 22], [5, 10, 6, 11], [7, 21, 8, 20], [9, 6, 10, 7], [11, 15, 12, 14], [13, 3, 14, 2], [15, 19, 16, 18], [17, 1, 18, 24], [19, 9, 20, 8], [21, 5, 22, 4], [23, 17, 24, 16]]"
12a_0433_163,"[[23, 17, 24, 16], [1, 13, 2, 12], [3, 23, 4, 22], [5, 10, 6, 11], [7, 21, 8, 20], [9, 6, 10, 7], [11, 15, 12, 14], [13, 3, 14, 2], [15, 19, 16, 18], [17, 1, 18, 24], [19, 9, 20, 8], [21, 5, 22, 4]]"
12a_0433_164,"[[21, 5, 22, 4], [23, 17, 24, 16], [1, 13, 2, 12], [3, 23, 4, 22], [5, 10, 6, 11], [7, 21, 8, 20], [9, 6, 10, 7], [11, 15, 12, 14], [13, 3, 14, 2], [15, 19, 16, 18], [17, 1, 18, 24], [19, 9, 20, 8]]"
12a_0433_165,"[[19, 9, 20, 8], [21, 5, 22, 4], [23, 17, 24, 16], [1, 13, 2, 12], [3, 23, 4, 22], [5, 10, 6, 11], [7, 21, 8, 20], [9, 6, 10, 7], [11, 15, 12, 14], [13, 3, 14, 2], [15, 19, 16, 18], [17, 1, 18, 24]]"
12a_0433_166,"[[17, 1, 18, 24], [19, 9, 20, 8], [21, 5, 22, 4], [23, 17, 24, 16], [1, 13, 2, 12], [3, 23, 4, 22], [5, 10, 6, 11], [7, 21, 8, 20], [9, 6, 10, 7], [11, 15, 12, 14], [13, 3, 14, 2], [15, 19, 16, 18]]"
12a_0433_167,"[[15, 19, 16, 18], [17, 1, 18, 24], [19, 9, 20, 8], [21, 5, 22, 4], [23, 17, 24, 16], [1, 13, 2, 12], [3, 23, 4, 22], [5, 10, 6, 11], [7, 21, 8, 20], [9, 6, 10, 7], [11, 15, 12, 14], [13, 3, 14, 2]]"
12a_0433_168,"[[14, 4, 15, 3], [16, 20, 17, 19], [18, 2, 19, 1], [20, 10, 21, 9], [22, 6, 23, 5], [24, 18, 1, 17], [2, 14, 3, 13], [4, 24, 5, 23], [6, 11, 7, 12], [8, 22, 9, 21], [10, 7, 11, 8], [12, 16, 13, 15]]"
12a_0433_169,"[[12, 16, 13, 15], [14, 4, 15, 3], [16, 20, 17, 19], [18, 2, 19, 1], [20, 10, 21, 9], [22, 6, 23, 5], [24, 18, 1, 17], [2, 14, 3, 13], [4, 24, 5, 23], [6, 11, 7, 12], [8, 22, 9, 21], [10, 7, 11, 8]]"
12a_0433_170,"[[10, 7, 11, 8], [12, 16, 13, 15], [14, 4, 15, 3], [16, 20, 17, 19], [18, 2, 19, 1], [20, 10, 21, 9], [22, 6, 23, 5], [24, 18, 1, 17], [2, 14, 3, 13], [4, 24, 5, 23], [6, 11, 7, 12], [8, 22, 9, 21]]"
12a_0433_171,"[[8, 22, 9, 21], [10, 7, 11, 8], [12, 16, 13, 15], [14, 4, 15, 3], [16, 20, 17, 19], [18, 2, 19, 1], [20, 10, 21, 9], [22, 6, 23, 5], [24, 18, 1, 17], [2, 14, 3, 13], [4, 24, 5, 23], [6, 11, 7, 12]]"
12a_0433_172,"[[6, 11, 7, 12], [8, 22, 9, 21], [10, 7, 11, 8], [12, 16, 13, 15], [14, 4, 15, 3], [16, 20, 17, 19], [18, 2, 19, 1], [20, 10, 21, 9], [22, 6, 23, 5], [24, 18, 1, 17], [2, 14, 3, 13], [4, 24, 5, 23]]"
12a_0433_173,"[[4, 24, 5, 23], [6, 11, 7, 12], [8, 22, 9, 21], [10, 7, 11, 8], [12, 16, 13, 15], [14, 4, 15, 3], [16, 20, 17, 19], [18, 2, 19, 1], [20, 10, 21, 9], [22, 6, 23, 5], [24, 18, 1, 17], [2, 14, 3, 13]]"
12a_0433_174,"[[2, 14, 3, 13], [4, 24, 5, 23], [6, 11, 7, 12], [8, 22, 9, 21], [10, 7, 11, 8], [12, 16, 13, 15], [14, 4, 15, 3], [16, 20, 17, 19], [18, 2, 19, 1], [20, 10, 21, 9], [22, 6, 23, 5], [24, 18, 1, 17]]"
12a_0433_175,"[[24, 18, 1, 17], [2, 14, 3, 13], [4, 24, 5, 23], [6, 11, 7, 12], [8, 22, 9, 21], [10, 7, 11, 8], [12, 16, 13, 15], [14, 4, 15, 3], [16, 20, 17, 19], [18, 2, 19, 1], [20, 10, 21, 9], [22, 6, 23, 5]]"
12a_0433_176,"[[22, 6, 23, 5], [24, 18, 1, 17], [2, 14, 3, 13], [4, 24, 5, 23], [6, 11, 7, 12], [8, 22, 9, 21], [10, 7, 11, 8], [12, 16, 13, 15], [14, 4, 15, 3], [16, 20, 17, 19], [18, 2, 19, 1], [20, 10, 21, 9]]"
12a_0433_177,"[[20, 10, 21, 9], [22, 6, 23, 5], [24, 18, 1, 17], [2, 14, 3, 13], [4, 24, 5, 23], [6, 11, 7, 12], [8, 22, 9, 21], [10, 7, 11, 8], [12, 16, 13, 15], [14, 4, 15, 3], [16, 20, 17, 19], [18, 2, 19, 1]]"
12a_0433_178,"[[18, 2, 19, 1], [20, 10, 21, 9], [22, 6, 23, 5], [24, 18, 1, 17], [2, 14, 3, 13], [4, 24, 5, 23], [6, 11, 7, 12], [8, 22, 9, 21], [10, 7, 11, 8], [12, 16, 13, 15], [14, 4, 15, 3], [16, 20, 17, 19]]"
12a_0433_179,"[[16, 20, 17, 19], [18, 2, 19, 1], [20, 10, 21, 9], [22, 6, 23, 5], [24, 18, 1, 17], [2, 14, 3, 13], [4, 24, 5, 23], [6, 11, 7, 12], [8, 22, 9, 21], [10, 7, 11, 8], [12, 16, 13, 15], [14, 4, 15, 3]]"
12a_0433_180,"[[15, 5, 16, 4], [17, 21, 18, 20], [19, 3, 20, 2], [21, 11, 22, 10], [23, 7, 24, 6], [1, 19, 2, 18], [3, 15, 4, 14], [5, 1, 6, 24], [7, 12, 8, 13], [9, 23, 10, 22], [11, 8, 12, 9], [13, 17, 14, 16]]"
12a_0433_181,"[[13, 17, 14, 16], [15, 5, 16, 4], [17, 21, 18, 20], [19, 3, 20, 2], [21, 11, 22, 10], [23, 7, 24, 6], [1, 19, 2, 18], [3, 15, 4, 14], [5, 1, 6, 24], [7, 12, 8, 13], [9, 23, 10, 22], [11, 8, 12, 9]]"
12a_0433_182,"[[11, 8, 12, 9], [13, 17, 14, 16], [15, 5, 16, 4], [17, 21, 18, 20], [19, 3, 20, 2], [21, 11, 22, 10], [23, 7, 24, 6], [1, 19, 2, 18], [3, 15, 4, 14], [5, 1, 6, 24], [7, 12, 8, 13], [9, 23, 10, 22]]"
12a_0433_183,"[[9, 23, 10, 22], [11, 8, 12, 9], [13, 17, 14, 16], [15, 5, 16, 4], [17, 21, 18, 20], [19, 3, 20, 2], [21, 11, 22, 10], [23, 7, 24, 6], [1, 19, 2, 18], [3, 15, 4, 14], [5, 1, 6, 24], [7, 12, 8, 13]]"
12a_0433_184,"[[7, 12, 8, 13], [9, 23, 10, 22], [11, 8, 12, 9], [13, 17, 14, 16], [15, 5, 16, 4], [17, 21, 18, 20], [19, 3, 20, 2], [21, 11, 22, 10], [23, 7, 24, 6], [1, 19, 2, 18], [3, 15, 4, 14], [5, 1, 6, 24]]"
12a_0433_185,"[[5, 1, 6, 24], [7, 12, 8, 13], [9, 23, 10, 22], [11, 8, 12, 9], [13, 17, 14, 16], [15, 5, 16, 4], [17, 21, 18, 20], [19, 3, 20, 2], [21, 11, 22, 10], [23, 7, 24, 6], [1, 19, 2, 18], [3, 15, 4, 14]]"
