name,pd_notation
12a_0990_0,"[[24, 18, 1, 17], [2, 8, 3, 7], [4, 11, 5, 12], [6, 21, 7, 22], [8, 24, 9, 23], [10, 15, 11, 16], [12, 5, 13, 6], [14, 20, 15, 19], [16, 9, 17, 10], [18, 2, 19, 1], [20, 14, 21, 13], [22, 3, 23, 4]]"
12a_0990_1,"[[22, 3, 23, 4], [24, 18, 1, 17], [2, 8, 3, 7], [4, 11, 5, 12], [6, 21, 7, 22], [8, 24, 9, 23], [10, 15, 11, 16], [12, 5, 13, 6], [14, 20, 15, 19], [16, 9, 17, 10], [18, 2, 19, 1], [20, 14, 21, 13]]"
12a_0990_2,"[[20, 14, 21, 13], [22, 3, 23, 4], [24, 18, 1, 17], [2, 8, 3, 7], [4, 11, 5, 12], [6, 21, 7, 22], [8, 24, 9, 23], [10, 15, 11, 16], [12, 5, 13, 6], [14, 20, 15, 19], [16, 9, 17, 10], [18, 2, 19, 1]]"
12a_0990_3,"[[18, 2, 19, 1], [20, 14, 21, 13], [22, 3, 23, 4], [24, 18, 1, 17], [2, 8, 3, 7], [4, 11, 5, 12], [6, 21, 7, 22], [8, 24, 9, 23], [10, 15, 11, 16], [12, 5, 13, 6], [14, 20, 15, 19], [16, 9, 17, 10]]"
12a_0990_4,"[[16, 9, 17, 10], [18, 2, 19, 1], [20, 14, 21, 13], [22, 3, 23, 4], [24, 18, 1, 17], [2, 8, 3, 7], [4, 11, 5, 12], [6, 21, 7, 22], [8, 24, 9, 23], [10, 15, 11, 16], [12, 5, 13, 6], [14, 20, 15, 19]]"
12a_0990_5,"[[14, 20, 15, 19], [16, 9, 17, 10], [18, 2, 19, 1], [20, 14, 21, 13], [22, 3, 23, 4], [24, 18, 1, 17], [2, 8, 3, 7], [4, 11, 5, 12], [6, 21, 7, 22], [8, 24, 9, 23], [10, 15, 11, 16], [12, 5, 13, 6]]"
12a_0990_6,"[[12, 5, 13, 6], [14, 20, 15, 19], [16, 9, 17, 10], [18, 2, 19, 1], [20, 14, 21, 13], [22, 3, 23, 4], [24, 18, 1, 17], [2, 8, 3, 7], [4, 11, 5, 12], [6, 21, 7, 22], [8, 24, 9, 23], [10, 15, 11, 16]]"
12a_0990_7,"[[10, 15, 11, 16], [12, 5, 13, 6], [14, 20, 15, 19], [16, 9, 17, 10], [18, 2, 19, 1], [20, 14, 21, 13], [22, 3, 23, 4], [24, 18, 1, 17], [2, 8, 3, 7], [4, 11, 5, 12], [6, 21, 7, 22], [8, 24, 9, 23]]"
12a_0990_8,"[[8, 24, 9, 23], [10, 15, 11, 16], [12, 5, 13, 6], [14, 20, 15, 19], [16, 9, 17, 10], [18, 2, 19, 1], [20, 14, 21, 13], [22, 3, 23, 4], [24, 18, 1, 17], [2, 8, 3, 7], [4, 11, 5, 12], [6, 21, 7, 22]]"
12a_0990_9,"[[6, 21, 7, 22], [8, 24, 9, 23], [10, 15, 11, 16], [12, 5, 13, 6], [14, 20, 15, 19], [16, 9, 17, 10], [18, 2, 19, 1], [20, 14, 21, 13], [22, 3, 23, 4], [24, 18, 1, 17], [2, 8, 3, 7], [4, 11, 5, 12]]"
12a_0990_10,"[[4, 11, 5, 12], [6, 21, 7, 22], [8, 24, 9, 23], [10, 15, 11, 16], [12, 5, 13, 6], [14, 20, 15, 19], [16, 9, 17, 10], [18, 2, 19, 1], [20, 14, 21, 13], [22, 3, 23, 4], [24, 18, 1, 17], [2, 8, 3, 7]]"
12a_0990_11,"[[2, 8, 3, 7], [4, 11, 5, 12], [6, 21, 7, 22], [8, 24, 9, 23], [10, 15, 11, 16], [12, 5, 13, 6], [14, 20, 15, 19], [16, 9, 17, 10], [18, 2, 19, 1], [20, 14, 21, 13], [22, 3, 23, 4], [24, 18, 1, 17]]"
12a_0990_12,"[[1, 19, 2, 18], [3, 9, 4, 8], [5, 12, 6, 13], [7, 22, 8, 23], [9, 1, 10, 24], [11, 16, 12, 17], [13, 6, 14, 7], [15, 21, 16, 20], [17, 10, 18, 11], [19, 3, 20, 2], [21, 15, 22, 14], [23, 4, 24, 5]]"
12a_0990_13,"[[23, 4, 24, 5], [1, 19, 2, 18], [3, 9, 4, 8], [5, 12, 6, 13], [7, 22, 8, 23], [9, 1, 10, 24], [11, 16, 12, 17], [13, 6, 14, 7], [15, 21, 16, 20], [17, 10, 18, 11], [19, 3, 20, 2], [21, 15, 22, 14]]"
12a_0990_14,"[[21, 15, 22, 14], [23, 4, 24, 5], [1, 19, 2, 18], [3, 9, 4, 8], [5, 12, 6, 13], [7, 22, 8, 23], [9, 1, 10, 24], [11, 16, 12, 17], [13, 6, 14, 7], [15, 21, 16, 20], [17, 10, 18, 11], [19, 3, 20, 2]]"
12a_0990_15,"[[19, 3, 20, 2], [21, 15, 22, 14], [23, 4, 24, 5], [1, 19, 2, 18], [3, 9, 4, 8], [5, 12, 6, 13], [7, 22, 8, 23], [9, 1, 10, 24], [11, 16, 12, 17], [13, 6, 14, 7], [15, 21, 16, 20], [17, 10, 18, 11]]"
12a_0990_16,"[[17, 10, 18, 11], [19, 3, 20, 2], [21, 15, 22, 14], [23, 4, 24, 5], [1, 19, 2, 18], [3, 9, 4, 8], [5, 12, 6, 13], [7, 22, 8, 23], [9, 1, 10, 24], [11, 16, 12, 17], [13, 6, 14, 7], [15, 21, 16, 20]]"
12a_0990_17,"[[15, 21, 16, 20], [17, 10, 18, 11], [19, 3, 20, 2], [21, 15, 22, 14], [23, 4, 24, 5], [1, 19, 2, 18], [3, 9, 4, 8], [5, 12, 6, 13], [7, 22, 8, 23], [9, 1, 10, 24], [11, 16, 12, 17], [13, 6, 14, 7]]"
12a_0990_18,"[[13, 6, 14, 7], [15, 21, 16, 20], [17, 10, 18, 11], [19, 3, 20, 2], [21, 15, 22, 14], [23, 4, 24, 5], [1, 19, 2, 18], [3, 9, 4, 8], [5, 12, 6, 13], [7, 22, 8, 23], [9, 1, 10, 24], [11, 16, 12, 17]]"
12a_0990_19,"[[11, 16, 12, 17], [13, 6, 14, 7], [15, 21, 16, 20], [17, 10, 18, 11], [19, 3, 20, 2], [21, 15, 22, 14], [23, 4, 24, 5], [1, 19, 2, 18], [3, 9, 4, 8], [5, 12, 6, 13], [7, 22, 8, 23], [9, 1, 10, 24]]"
12a_0990_20,"[[9, 1, 10, 24], [11, 16, 12, 17], [13, 6, 14, 7], [15, 21, 16, 20], [17, 10, 18, 11], [19, 3, 20, 2], [21, 15, 22, 14], [23, 4, 24, 5], [1, 19, 2, 18], [3, 9, 4, 8], [5, 12, 6, 13], [7, 22, 8, 23]]"
12a_0990_21,"[[7, 22, 8, 23], [9, 1, 10, 24], [11, 16, 12, 17], [13, 6, 14, 7], [15, 21, 16, 20], [17, 10, 18, 11], [19, 3, 20, 2], [21, 15, 22, 14], [23, 4, 24, 5], [1, 19, 2, 18], [3, 9, 4, 8], [5, 12, 6, 13]]"
12a_0990_22,"[[5, 12, 6, 13], [7, 22, 8, 23], [9, 1, 10, 24], [11, 16, 12, 17], [13, 6, 14, 7], [15, 21, 16, 20], [17, 10, 18, 11], [19, 3, 20, 2], [21, 15, 22, 14], [23, 4, 24, 5], [1, 19, 2, 18], [3, 9, 4, 8]]"
12a_0990_23,"[[3, 9, 4, 8], [5, 12, 6, 13], [7, 22, 8, 23], [9, 1, 10, 24], [11, 16, 12, 17], [13, 6, 14, 7], [15, 21, 16, 20], [17, 10, 18, 11], [19, 3, 20, 2], [21, 15, 22, 14], [23, 4, 24, 5], [1, 19, 2, 18]]"
12a_0990_24,"[[2, 20, 3, 19], [4, 10, 5, 9], [6, 13, 7, 14], [8, 23, 9, 24], [10, 2, 11, 1], [12, 17, 13, 18], [14, 7, 15, 8], [16, 22, 17, 21], [18, 11, 19, 12], [20, 4, 21, 3], [22, 16, 23, 15], [24, 5, 1, 6]]"
12a_0990_25,"[[24, 5, 1, 6], [2, 20, 3, 19], [4, 10, 5, 9], [6, 13, 7, 14], [8, 23, 9, 24], [10, 2, 11, 1], [12, 17, 13, 18], [14, 7, 15, 8], [16, 22, 17, 21], [18, 11, 19, 12], [20, 4, 21, 3], [22, 16, 23, 15]]"
12a_0990_26,"[[22, 16, 23, 15], [24, 5, 1, 6], [2, 20, 3, 19], [4, 10, 5, 9], [6, 13, 7, 14], [8, 23, 9, 24], [10, 2, 11, 1], [12, 17, 13, 18], [14, 7, 15, 8], [16, 22, 17, 21], [18, 11, 19, 12], [20, 4, 21, 3]]"
12a_0990_27,"[[20, 4, 21, 3], [22, 16, 23, 15], [24, 5, 1, 6], [2, 20, 3, 19], [4, 10, 5, 9], [6, 13, 7, 14], [8, 23, 9, 24], [10, 2, 11, 1], [12, 17, 13, 18], [14, 7, 15, 8], [16, 22, 17, 21], [18, 11, 19, 12]]"
12a_0990_28,"[[18, 11, 19, 12], [20, 4, 21, 3], [22, 16, 23, 15], [24, 5, 1, 6], [2, 20, 3, 19], [4, 10, 5, 9], [6, 13, 7, 14], [8, 23, 9, 24], [10, 2, 11, 1], [12, 17, 13, 18], [14, 7, 15, 8], [16, 22, 17, 21]]"
12a_0990_29,"[[16, 22, 17, 21], [18, 11, 19, 12], [20, 4, 21, 3], [22, 16, 23, 15], [24, 5, 1, 6], [2, 20, 3, 19], [4, 10, 5, 9], [6, 13, 7, 14], [8, 23, 9, 24], [10, 2, 11, 1], [12, 17, 13, 18], [14, 7, 15, 8]]"
12a_0990_30,"[[14, 7, 15, 8], [16, 22, 17, 21], [18, 11, 19, 12], [20, 4, 21, 3], [22, 16, 23, 15], [24, 5, 1, 6], [2, 20, 3, 19], [4, 10, 5, 9], [6, 13, 7, 14], [8, 23, 9, 24], [10, 2, 11, 1], [12, 17, 13, 18]]"
12a_0990_31,"[[12, 17, 13, 18], [14, 7, 15, 8], [16, 22, 17, 21], [18, 11, 19, 12], [20, 4, 21, 3], [22, 16, 23, 15], [24, 5, 1, 6], [2, 20, 3, 19], [4, 10, 5, 9], [6, 13, 7, 14], [8, 23, 9, 24], [10, 2, 11, 1]]"
12a_0990_32,"[[10, 2, 11, 1], [12, 17, 13, 18], [14, 7, 15, 8], [16, 22, 17, 21], [18, 11, 19, 12], [20, 4, 21, 3], [22, 16, 23, 15], [24, 5, 1, 6], [2, 20, 3, 19], [4, 10, 5, 9], [6, 13, 7, 14], [8, 23, 9, 24]]"
12a_0990_33,"[[8, 23, 9, 24], [10, 2, 11, 1], [12, 17, 13, 18], [14, 7, 15, 8], [16, 22, 17, 21], [18, 11, 19, 12], [20, 4, 21, 3], [22, 16, 23, 15], [24, 5, 1, 6], [2, 20, 3, 19], [4, 10, 5, 9], [6, 13, 7, 14]]"
12a_0990_34,"[[6, 13, 7, 14], [8, 23, 9, 24], [10, 2, 11, 1], [12, 17, 13, 18], [14, 7, 15, 8], [16, 22, 17, 21], [18, 11, 19, 12], [20, 4, 21, 3], [22, 16, 23, 15], [24, 5, 1, 6], [2, 20, 3, 19], [4, 10, 5, 9]]"
12a_0990_35,"[[4, 10, 5, 9], [6, 13, 7, 14], [8, 23, 9, 24], [10, 2, 11, 1], [12, 17, 13, 18], [14, 7, 15, 8], [16, 22, 17, 21], [18, 11, 19, 12], [20, 4, 21, 3], [22, 16, 23, 15], [24, 5, 1, 6], [2, 20, 3, 19]]"
12a_0990_36,"[[3, 21, 4, 20], [5, 11, 6, 10], [7, 14, 8, 15], [9, 24, 10, 1], [11, 3, 12, 2], [13, 18, 14, 19], [15, 8, 16, 9], [17, 23, 18, 22], [19, 12, 20, 13], [21, 5, 22, 4], [23, 17, 24, 16], [1, 6, 2, 7]]"
12a_0990_37,"[[1, 6, 2, 7], [3, 21, 4, 20], [5, 11, 6, 10], [7, 14, 8, 15], [9, 24, 10, 1], [11, 3, 12, 2], [13, 18, 14, 19], [15, 8, 16, 9], [17, 23, 18, 22], [19, 12, 20, 13], [21, 5, 22, 4], [23, 17, 24, 16]]"
12a_0990_38,"[[23, 17, 24, 16], [1, 6, 2, 7], [3, 21, 4, 20], [5, 11, 6, 10], [7, 14, 8, 15], [9, 24, 10, 1], [11, 3, 12, 2], [13, 18, 14, 19], [15, 8, 16, 9], [17, 23, 18, 22], [19, 12, 20, 13], [21, 5, 22, 4]]"
12a_0990_39,"[[21, 5, 22, 4], [23, 17, 24, 16], [1, 6, 2, 7], [3, 21, 4, 20], [5, 11, 6, 10], [7, 14, 8, 15], [9, 24, 10, 1], [11, 3, 12, 2], [13, 18, 14, 19], [15, 8, 16, 9], [17, 23, 18, 22], [19, 12, 20, 13]]"
12a_0990_40,"[[19, 12, 20, 13], [21, 5, 22, 4], [23, 17, 24, 16], [1, 6, 2, 7], [3, 21, 4, 20], [5, 11, 6, 10], [7, 14, 8, 15], [9, 24, 10, 1], [11, 3, 12, 2], [13, 18, 14, 19], [15, 8, 16, 9], [17, 23, 18, 22]]"
12a_0990_41,"[[17, 23, 18, 22], [19, 12, 20, 13], [21, 5, 22, 4], [23, 17, 24, 16], [1, 6, 2, 7], [3, 21, 4, 20], [5, 11, 6, 10], [7, 14, 8, 15], [9, 24, 10, 1], [11, 3, 12, 2], [13, 18, 14, 19], [15, 8, 16, 9]]"
12a_0990_42,"[[15, 8, 16, 9], [17, 23, 18, 22], [19, 12, 20, 13], [21, 5, 22, 4], [23, 17, 24, 16], [1, 6, 2, 7], [3, 21, 4, 20], [5, 11, 6, 10], [7, 14, 8, 15], [9, 24, 10, 1], [11, 3, 12, 2], [13, 18, 14, 19]]"
12a_0990_43,"[[13, 18, 14, 19], [15, 8, 16, 9], [17, 23, 18, 22], [19, 12, 20, 13], [21, 5, 22, 4], [23, 17, 24, 16], [1, 6, 2, 7], [3, 21, 4, 20], [5, 11, 6, 10], [7, 14, 8, 15], [9, 24, 10, 1], [11, 3, 12, 2]]"
12a_0990_44,"[[11, 3, 12, 2], [13, 18, 14, 19], [15, 8, 16, 9], [17, 23, 18, 22], [19, 12, 20, 13], [21, 5, 22, 4], [23, 17, 24, 16], [1, 6, 2, 7], [3, 21, 4, 20], [5, 11, 6, 10], [7, 14, 8, 15], [9, 24, 10, 1]]"
12a_0990_45,"[[9, 24, 10, 1], [11, 3, 12, 2], [13, 18, 14, 19], [15, 8, 16, 9], [17, 23, 18, 22], [19, 12, 20, 13], [21, 5, 22, 4], [23, 17, 24, 16], [1, 6, 2, 7], [3, 21, 4, 20], [5, 11, 6, 10], [7, 14, 8, 15]]"
12a_0990_46,"[[7, 14, 8, 15], [9, 24, 10, 1], [11, 3, 12, 2], [13, 18, 14, 19], [15, 8, 16, 9], [17, 23, 18, 22], [19, 12, 20, 13], [21, 5, 22, 4], [23, 17, 24, 16], [1, 6, 2, 7], [3, 21, 4, 20], [5, 11, 6, 10]]"
12a_0990_47,"[[5, 11, 6, 10], [7, 14, 8, 15], [9, 24, 10, 1], [11, 3, 12, 2], [13, 18, 14, 19], [15, 8, 16, 9], [17, 23, 18, 22], [19, 12, 20, 13], [21, 5, 22, 4], [23, 17, 24, 16], [1, 6, 2, 7], [3, 21, 4, 20]]"
12a_0990_48,"[[4, 22, 5, 21], [6, 12, 7, 11], [8, 15, 9, 16], [10, 1, 11, 2], [12, 4, 13, 3], [14, 19, 15, 20], [16, 9, 17, 10], [18, 24, 19, 23], [20, 13, 21, 14], [22, 6, 23, 5], [24, 18, 1, 17], [2, 7, 3, 8]]"
12a_0990_49,"[[2, 7, 3, 8], [4, 22, 5, 21], [6, 12, 7, 11], [8, 15, 9, 16], [10, 1, 11, 2], [12, 4, 13, 3], [14, 19, 15, 20], [16, 9, 17, 10], [18, 24, 19, 23], [20, 13, 21, 14], [22, 6, 23, 5], [24, 18, 1, 17]]"
12a_0990_50,"[[24, 18, 1, 17], [2, 7, 3, 8], [4, 22, 5, 21], [6, 12, 7, 11], [8, 15, 9, 16], [10, 1, 11, 2], [12, 4, 13, 3], [14, 19, 15, 20], [16, 9, 17, 10], [18, 24, 19, 23], [20, 13, 21, 14], [22, 6, 23, 5]]"
12a_0990_51,"[[22, 6, 23, 5], [24, 18, 1, 17], [2, 7, 3, 8], [4, 22, 5, 21], [6, 12, 7, 11], [8, 15, 9, 16], [10, 1, 11, 2], [12, 4, 13, 3], [14, 19, 15, 20], [16, 9, 17, 10], [18, 24, 19, 23], [20, 13, 21, 14]]"
12a_0990_52,"[[20, 13, 21, 14], [22, 6, 23, 5], [24, 18, 1, 17], [2, 7, 3, 8], [4, 22, 5, 21], [6, 12, 7, 11], [8, 15, 9, 16], [10, 1, 11, 2], [12, 4, 13, 3], [14, 19, 15, 20], [16, 9, 17, 10], [18, 24, 19, 23]]"
12a_0990_53,"[[18, 24, 19, 23], [20, 13, 21, 14], [22, 6, 23, 5], [24, 18, 1, 17], [2, 7, 3, 8], [4, 22, 5, 21], [6, 12, 7, 11], [8, 15, 9, 16], [10, 1, 11, 2], [12, 4, 13, 3], [14, 19, 15, 20], [16, 9, 17, 10]]"
12a_0990_54,"[[16, 9, 17, 10], [18, 24, 19, 23], [20, 13, 21, 14], [22, 6, 23, 5], [24, 18, 1, 17], [2, 7, 3, 8], [4, 22, 5, 21], [6, 12, 7, 11], [8, 15, 9, 16], [10, 1, 11, 2], [12, 4, 13, 3], [14, 19, 15, 20]]"
12a_0990_55,"[[14, 19, 15, 20], [16, 9, 17, 10], [18, 24, 19, 23], [20, 13, 21, 14], [22, 6, 23, 5], [24, 18, 1, 17], [2, 7, 3, 8], [4, 22, 5, 21], [6, 12, 7, 11], [8, 15, 9, 16], [10, 1, 11, 2], [12, 4, 13, 3]]"
12a_0990_56,"[[12, 4, 13, 3], [14, 19, 15, 20], [16, 9, 17, 10], [18, 24, 19, 23], [20, 13, 21, 14], [22, 6, 23, 5], [24, 18, 1, 17], [2, 7, 3, 8], [4, 22, 5, 21], [6, 12, 7, 11], [8, 15, 9, 16], [10, 1, 11, 2]]"
12a_0990_57,"[[10, 1, 11, 2], [12, 4, 13, 3], [14, 19, 15, 20], [16, 9, 17, 10], [18, 24, 19, 23], [20, 13, 21, 14], [22, 6, 23, 5], [24, 18, 1, 17], [2, 7, 3, 8], [4, 22, 5, 21], [6, 12, 7, 11], [8, 15, 9, 16]]"
12a_0990_58,"[[8, 15, 9, 16], [10, 1, 11, 2], [12, 4, 13, 3], [14, 19, 15, 20], [16, 9, 17, 10], [18, 24, 19, 23], [20, 13, 21, 14], [22, 6, 23, 5], [24, 18, 1, 17], [2, 7, 3, 8], [4, 22, 5, 21], [6, 12, 7, 11]]"
12a_0990_59,"[[6, 12, 7, 11], [8, 15, 9, 16], [10, 1, 11, 2], [12, 4, 13, 3], [14, 19, 15, 20], [16, 9, 17, 10], [18, 24, 19, 23], [20, 13, 21, 14], [22, 6, 23, 5], [24, 18, 1, 17], [2, 7, 3, 8], [4, 22, 5, 21]]"
12a_0990_60,"[[5, 23, 6, 22], [7, 13, 8, 12], [9, 16, 10, 17], [11, 2, 12, 3], [13, 5, 14, 4], [15, 20, 16, 21], [17, 10, 18, 11], [19, 1, 20, 24], [21, 14, 22, 15], [23, 7, 24, 6], [1, 19, 2, 18], [3, 8, 4, 9]]"
12a_0990_61,"[[3, 8, 4, 9], [5, 23, 6, 22], [7, 13, 8, 12], [9, 16, 10, 17], [11, 2, 12, 3], [13, 5, 14, 4], [15, 20, 16, 21], [17, 10, 18, 11], [19, 1, 20, 24], [21, 14, 22, 15], [23, 7, 24, 6], [1, 19, 2, 18]]"
12a_0990_62,"[[1, 19, 2, 18], [3, 8, 4, 9], [5, 23, 6, 22], [7, 13, 8, 12], [9, 16, 10, 17], [11, 2, 12, 3], [13, 5, 14, 4], [15, 20, 16, 21], [17, 10, 18, 11], [19, 1, 20, 24], [21, 14, 22, 15], [23, 7, 24, 6]]"
12a_0990_63,"[[23, 7, 24, 6], [1, 19, 2, 18], [3, 8, 4, 9], [5, 23, 6, 22], [7, 13, 8, 12], [9, 16, 10, 17], [11, 2, 12, 3], [13, 5, 14, 4], [15, 20, 16, 21], [17, 10, 18, 11], [19, 1, 20, 24], [21, 14, 22, 15]]"
12a_0990_64,"[[21, 14, 22, 15], [23, 7, 24, 6], [1, 19, 2, 18], [3, 8, 4, 9], [5, 23, 6, 22], [7, 13, 8, 12], [9, 16, 10, 17], [11, 2, 12, 3], [13, 5, 14, 4], [15, 20, 16, 21], [17, 10, 18, 11], [19, 1, 20, 24]]"
12a_0990_65,"[[19, 1, 20, 24], [21, 14, 22, 15], [23, 7, 24, 6], [1, 19, 2, 18], [3, 8, 4, 9], [5, 23, 6, 22], [7, 13, 8, 12], [9, 16, 10, 17], [11, 2, 12, 3], [13, 5, 14, 4], [15, 20, 16, 21], [17, 10, 18, 11]]"
12a_0990_66,"[[17, 10, 18, 11], [19, 1, 20, 24], [21, 14, 22, 15], [23, 7, 24, 6], [1, 19, 2, 18], [3, 8, 4, 9], [5, 23, 6, 22], [7, 13, 8, 12], [9, 16, 10, 17], [11, 2, 12, 3], [13, 5, 14, 4], [15, 20, 16, 21]]"
12a_0990_67,"[[15, 20, 16, 21], [17, 10, 18, 11], [19, 1, 20, 24], [21, 14, 22, 15], [23, 7, 24, 6], [1, 19, 2, 18], [3, 8, 4, 9], [5, 23, 6, 22], [7, 13, 8, 12], [9, 16, 10, 17], [11, 2, 12, 3], [13, 5, 14, 4]]"
12a_0990_68,"[[13, 5, 14, 4], [15, 20, 16, 21], [17, 10, 18, 11], [19, 1, 20, 24], [21, 14, 22, 15], [23, 7, 24, 6], [1, 19, 2, 18], [3, 8, 4, 9], [5, 23, 6, 22], [7, 13, 8, 12], [9, 16, 10, 17], [11, 2, 12, 3]]"
12a_0990_69,"[[11, 2, 12, 3], [13, 5, 14, 4], [15, 20, 16, 21], [17, 10, 18, 11], [19, 1, 20, 24], [21, 14, 22, 15], [23, 7, 24, 6], [1, 19, 2, 18], [3, 8, 4, 9], [5, 23, 6, 22], [7, 13, 8, 12], [9, 16, 10, 17]]"
12a_0990_70,"[[9, 16, 10, 17], [11, 2, 12, 3], [13, 5, 14, 4], [15, 20, 16, 21], [17, 10, 18, 11], [19, 1, 20, 24], [21, 14, 22, 15], [23, 7, 24, 6], [1, 19, 2, 18], [3, 8, 4, 9], [5, 23, 6, 22], [7, 13, 8, 12]]"
12a_0990_71,"[[7, 13, 8, 12], [9, 16, 10, 17], [11, 2, 12, 3], [13, 5, 14, 4], [15, 20, 16, 21], [17, 10, 18, 11], [19, 1, 20, 24], [21, 14, 22, 15], [23, 7, 24, 6], [1, 19, 2, 18], [3, 8, 4, 9], [5, 23, 6, 22]]"
12a_0990_72,"[[6, 24, 7, 23], [8, 14, 9, 13], [10, 17, 11, 18], [12, 3, 13, 4], [14, 6, 15, 5], [16, 21, 17, 22], [18, 11, 19, 12], [20, 2, 21, 1], [22, 15, 23, 16], [24, 8, 1, 7], [2, 20, 3, 19], [4, 9, 5, 10]]"
12a_0990_73,"[[4, 9, 5, 10], [6, 24, 7, 23], [8, 14, 9, 13], [10, 17, 11, 18], [12, 3, 13, 4], [14, 6, 15, 5], [16, 21, 17, 22], [18, 11, 19, 12], [20, 2, 21, 1], [22, 15, 23, 16], [24, 8, 1, 7], [2, 20, 3, 19]]"
12a_0990_74,"[[2, 20, 3, 19], [4, 9, 5, 10], [6, 24, 7, 23], [8, 14, 9, 13], [10, 17, 11, 18], [12, 3, 13, 4], [14, 6, 15, 5], [16, 21, 17, 22], [18, 11, 19, 12], [20, 2, 21, 1], [22, 15, 23, 16], [24, 8, 1, 7]]"
12a_0990_75,"[[24, 8, 1, 7], [2, 20, 3, 19], [4, 9, 5, 10], [6, 24, 7, 23], [8, 14, 9, 13], [10, 17, 11, 18], [12, 3, 13, 4], [14, 6, 15, 5], [16, 21, 17, 22], [18, 11, 19, 12], [20, 2, 21, 1], [22, 15, 23, 16]]"
12a_0990_76,"[[22, 15, 23, 16], [24, 8, 1, 7], [2, 20, 3, 19], [4, 9, 5, 10], [6, 24, 7, 23], [8, 14, 9, 13], [10, 17, 11, 18], [12, 3, 13, 4], [14, 6, 15, 5], [16, 21, 17, 22], [18, 11, 19, 12], [20, 2, 21, 1]]"
12a_0990_77,"[[20, 2, 21, 1], [22, 15, 23, 16], [24, 8, 1, 7], [2, 20, 3, 19], [4, 9, 5, 10], [6, 24, 7, 23], [8, 14, 9, 13], [10, 17, 11, 18], [12, 3, 13, 4], [14, 6, 15, 5], [16, 21, 17, 22], [18, 11, 19, 12]]"
12a_0990_78,"[[18, 11, 19, 12], [20, 2, 21, 1], [22, 15, 23, 16], [24, 8, 1, 7], [2, 20, 3, 19], [4, 9, 5, 10], [6, 24, 7, 23], [8, 14, 9, 13], [10, 17, 11, 18], [12, 3, 13, 4], [14, 6, 15, 5], [16, 21, 17, 22]]"
12a_0990_79,"[[16, 21, 17, 22], [18, 11, 19, 12], [20, 2, 21, 1], [22, 15, 23, 16], [24, 8, 1, 7], [2, 20, 3, 19], [4, 9, 5, 10], [6, 24, 7, 23], [8, 14, 9, 13], [10, 17, 11, 18], [12, 3, 13, 4], [14, 6, 15, 5]]"
12a_0990_80,"[[14, 6, 15, 5], [16, 21, 17, 22], [18, 11, 19, 12], [20, 2, 21, 1], [22, 15, 23, 16], [24, 8, 1, 7], [2, 20, 3, 19], [4, 9, 5, 10], [6, 24, 7, 23], [8, 14, 9, 13], [10, 17, 11, 18], [12, 3, 13, 4]]"
12a_0990_81,"[[12, 3, 13, 4], [14, 6, 15, 5], [16, 21, 17, 22], [18, 11, 19, 12], [20, 2, 21, 1], [22, 15, 23, 16], [24, 8, 1, 7], [2, 20, 3, 19], [4, 9, 5, 10], [6, 24, 7, 23], [8, 14, 9, 13], [10, 17, 11, 18]]"
12a_0990_82,"[[10, 17, 11, 18], [12, 3, 13, 4], [14, 6, 15, 5], [16, 21, 17, 22], [18, 11, 19, 12], [20, 2, 21, 1], [22, 15, 23, 16], [24, 8, 1, 7], [2, 20, 3, 19], [4, 9, 5, 10], [6, 24, 7, 23], [8, 14, 9, 13]]"
12a_0990_83,"[[8, 14, 9, 13], [10, 17, 11, 18], [12, 3, 13, 4], [14, 6, 15, 5], [16, 21, 17, 22], [18, 11, 19, 12], [20, 2, 21, 1], [22, 15, 23, 16], [24, 8, 1, 7], [2, 20, 3, 19], [4, 9, 5, 10], [6, 24, 7, 23]]"
12a_0990_84,"[[7, 1, 8, 24], [9, 15, 10, 14], [11, 18, 12, 19], [13, 4, 14, 5], [15, 7, 16, 6], [17, 22, 18, 23], [19, 12, 20, 13], [21, 3, 22, 2], [23, 16, 24, 17], [1, 9, 2, 8], [3, 21, 4, 20], [5, 10, 6, 11]]"
12a_0990_85,"[[5, 10, 6, 11], [7, 1, 8, 24], [9, 15, 10, 14], [11, 18, 12, 19], [13, 4, 14, 5], [15, 7, 16, 6], [17, 22, 18, 23], [19, 12, 20, 13], [21, 3, 22, 2], [23, 16, 24, 17], [1, 9, 2, 8], [3, 21, 4, 20]]"
12a_0990_86,"[[3, 21, 4, 20], [5, 10, 6, 11], [7, 1, 8, 24], [9, 15, 10, 14], [11, 18, 12, 19], [13, 4, 14, 5], [15, 7, 16, 6], [17, 22, 18, 23], [19, 12, 20, 13], [21, 3, 22, 2], [23, 16, 24, 17], [1, 9, 2, 8]]"
12a_0990_87,"[[1, 9, 2, 8], [3, 21, 4, 20], [5, 10, 6, 11], [7, 1, 8, 24], [9, 15, 10, 14], [11, 18, 12, 19], [13, 4, 14, 5], [15, 7, 16, 6], [17, 22, 18, 23], [19, 12, 20, 13], [21, 3, 22, 2], [23, 16, 24, 17]]"
12a_0990_88,"[[23, 16, 24, 17], [1, 9, 2, 8], [3, 21, 4, 20], [5, 10, 6, 11], [7, 1, 8, 24], [9, 15, 10, 14], [11, 18, 12, 19], [13, 4, 14, 5], [15, 7, 16, 6], [17, 22, 18, 23], [19, 12, 20, 13], [21, 3, 22, 2]]"
12a_0990_89,"[[21, 3, 22, 2], [23, 16, 24, 17], [1, 9, 2, 8], [3, 21, 4, 20], [5, 10, 6, 11], [7, 1, 8, 24], [9, 15, 10, 14], [11, 18, 12, 19], [13, 4, 14, 5], [15, 7, 16, 6], [17, 22, 18, 23], [19, 12, 20, 13]]"
12a_0990_90,"[[19, 12, 20, 13], [21, 3, 22, 2], [23, 16, 24, 17], [1, 9, 2, 8], [3, 21, 4, 20], [5, 10, 6, 11], [7, 1, 8, 24], [9, 15, 10, 14], [11, 18, 12, 19], [13, 4, 14, 5], [15, 7, 16, 6], [17, 22, 18, 23]]"
12a_0990_91,"[[17, 22, 18, 23], [19, 12, 20, 13], [21, 3, 22, 2], [23, 16, 24, 17], [1, 9, 2, 8], [3, 21, 4, 20], [5, 10, 6, 11], [7, 1, 8, 24], [9, 15, 10, 14], [11, 18, 12, 19], [13, 4, 14, 5], [15, 7, 16, 6]]"
12a_0990_92,"[[15, 7, 16, 6], [17, 22, 18, 23], [19, 12, 20, 13], [21, 3, 22, 2], [23, 16, 24, 17], [1, 9, 2, 8], [3, 21, 4, 20], [5, 10, 6, 11], [7, 1, 8, 24], [9, 15, 10, 14], [11, 18, 12, 19], [13, 4, 14, 5]]"
12a_0990_93,"[[13, 4, 14, 5], [15, 7, 16, 6], [17, 22, 18, 23], [19, 12, 20, 13], [21, 3, 22, 2], [23, 16, 24, 17], [1, 9, 2, 8], [3, 21, 4, 20], [5, 10, 6, 11], [7, 1, 8, 24], [9, 15, 10, 14], [11, 18, 12, 19]]"
12a_0990_94,"[[11, 18, 12, 19], [13, 4, 14, 5], [15, 7, 16, 6], [17, 22, 18, 23], [19, 12, 20, 13], [21, 3, 22, 2], [23, 16, 24, 17], [1, 9, 2, 8], [3, 21, 4, 20], [5, 10, 6, 11], [7, 1, 8, 24], [9, 15, 10, 14]]"
12a_0990_95,"[[9, 15, 10, 14], [11, 18, 12, 19], [13, 4, 14, 5], [15, 7, 16, 6], [17, 22, 18, 23], [19, 12, 20, 13], [21, 3, 22, 2], [23, 16, 24, 17], [1, 9, 2, 8], [3, 21, 4, 20], [5, 10, 6, 11], [7, 1, 8, 24]]"
12a_0990_96,"[[8, 2, 9, 1], [10, 16, 11, 15], [12, 19, 13, 20], [14, 5, 15, 6], [16, 8, 17, 7], [18, 23, 19, 24], [20, 13, 21, 14], [22, 4, 23, 3], [24, 17, 1, 18], [2, 10, 3, 9], [4, 22, 5, 21], [6, 11, 7, 12]]"
12a_0990_97,"[[6, 11, 7, 12], [8, 2, 9, 1], [10, 16, 11, 15], [12, 19, 13, 20], [14, 5, 15, 6], [16, 8, 17, 7], [18, 23, 19, 24], [20, 13, 21, 14], [22, 4, 23, 3], [24, 17, 1, 18], [2, 10, 3, 9], [4, 22, 5, 21]]"
12a_0990_98,"[[4, 22, 5, 21], [6, 11, 7, 12], [8, 2, 9, 1], [10, 16, 11, 15], [12, 19, 13, 20], [14, 5, 15, 6], [16, 8, 17, 7], [18, 23, 19, 24], [20, 13, 21, 14], [22, 4, 23, 3], [24, 17, 1, 18], [2, 10, 3, 9]]"
12a_0990_99,"[[2, 10, 3, 9], [4, 22, 5, 21], [6, 11, 7, 12], [8, 2, 9, 1], [10, 16, 11, 15], [12, 19, 13, 20], [14, 5, 15, 6], [16, 8, 17, 7], [18, 23, 19, 24], [20, 13, 21, 14], [22, 4, 23, 3], [24, 17, 1, 18]]"
12a_0990_100,"[[24, 17, 1, 18], [2, 10, 3, 9], [4, 22, 5, 21], [6, 11, 7, 12], [8, 2, 9, 1], [10, 16, 11, 15], [12, 19, 13, 20], [14, 5, 15, 6], [16, 8, 17, 7], [18, 23, 19, 24], [20, 13, 21, 14], [22, 4, 23, 3]]"
12a_0990_101,"[[22, 4, 23, 3], [24, 17, 1, 18], [2, 10, 3, 9], [4, 22, 5, 21], [6, 11, 7, 12], [8, 2, 9, 1], [10, 16, 11, 15], [12, 19, 13, 20], [14, 5, 15, 6], [16, 8, 17, 7], [18, 23, 19, 24], [20, 13, 21, 14]]"
12a_0990_102,"[[20, 13, 21, 14], [22, 4, 23, 3], [24, 17, 1, 18], [2, 10, 3, 9], [4, 22, 5, 21], [6, 11, 7, 12], [8, 2, 9, 1], [10, 16, 11, 15], [12, 19, 13, 20], [14, 5, 15, 6], [16, 8, 17, 7], [18, 23, 19, 24]]"
12a_0990_103,"[[18, 23, 19, 24], [20, 13, 21, 14], [22, 4, 23, 3], [24, 17, 1, 18], [2, 10, 3, 9], [4, 22, 5, 21], [6, 11, 7, 12], [8, 2, 9, 1], [10, 16, 11, 15], [12, 19, 13, 20], [14, 5, 15, 6], [16, 8, 17, 7]]"
12a_0990_104,"[[16, 8, 17, 7], [18, 23, 19, 24], [20, 13, 21, 14], [22, 4, 23, 3], [24, 17, 1, 18], [2, 10, 3, 9], [4, 22, 5, 21], [6, 11, 7, 12], [8, 2, 9, 1], [10, 16, 11, 15], [12, 19, 13, 20], [14, 5, 15, 6]]"
12a_0990_105,"[[14, 5, 15, 6], [16, 8, 17, 7], [18, 23, 19, 24], [20, 13, 21, 14], [22, 4, 23, 3], [24, 17, 1, 18], [2, 10, 3, 9], [4, 22, 5, 21], [6, 11, 7, 12], [8, 2, 9, 1], [10, 16, 11, 15], [12, 19, 13, 20]]"
12a_0990_106,"[[12, 19, 13, 20], [14, 5, 15, 6], [16, 8, 17, 7], [18, 23, 19, 24], [20, 13, 21, 14], [22, 4, 23, 3], [24, 17, 1, 18], [2, 10, 3, 9], [4, 22, 5, 21], [6, 11, 7, 12], [8, 2, 9, 1], [10, 16, 11, 15]]"
12a_0990_107,"[[10, 16, 11, 15], [12, 19, 13, 20], [14, 5, 15, 6], [16, 8, 17, 7], [18, 23, 19, 24], [20, 13, 21, 14], [22, 4, 23, 3], [24, 17, 1, 18], [2, 10, 3, 9], [4, 22, 5, 21], [6, 11, 7, 12], [8, 2, 9, 1]]"
12a_0990_108,"[[9, 3, 10, 2], [11, 17, 12, 16], [13, 20, 14, 21], [15, 6, 16, 7], [17, 9, 18, 8], [19, 24, 20, 1], [21, 14, 22, 15], [23, 5, 24, 4], [1, 18, 2, 19], [3, 11, 4, 10], [5, 23, 6, 22], [7, 12, 8, 13]]"
12a_0990_109,"[[7, 12, 8, 13], [9, 3, 10, 2], [11, 17, 12, 16], [13, 20, 14, 21], [15, 6, 16, 7], [17, 9, 18, 8], [19, 24, 20, 1], [21, 14, 22, 15], [23, 5, 24, 4], [1, 18, 2, 19], [3, 11, 4, 10], [5, 23, 6, 22]]"
12a_0990_110,"[[5, 23, 6, 22], [7, 12, 8, 13], [9, 3, 10, 2], [11, 17, 12, 16], [13, 20, 14, 21], [15, 6, 16, 7], [17, 9, 18, 8], [19, 24, 20, 1], [21, 14, 22, 15], [23, 5, 24, 4], [1, 18, 2, 19], [3, 11, 4, 10]]"
12a_0990_111,"[[3, 11, 4, 10], [5, 23, 6, 22], [7, 12, 8, 13], [9, 3, 10, 2], [11, 17, 12, 16], [13, 20, 14, 21], [15, 6, 16, 7], [17, 9, 18, 8], [19, 24, 20, 1], [21, 14, 22, 15], [23, 5, 24, 4], [1, 18, 2, 19]]"
12a_0990_112,"[[1, 18, 2, 19], [3, 11, 4, 10], [5, 23, 6, 22], [7, 12, 8, 13], [9, 3, 10, 2], [11, 17, 12, 16], [13, 20, 14, 21], [15, 6, 16, 7], [17, 9, 18, 8], [19, 24, 20, 1], [21, 14, 22, 15], [23, 5, 24, 4]]"
12a_0990_113,"[[23, 5, 24, 4], [1, 18, 2, 19], [3, 11, 4, 10], [5, 23, 6, 22], [7, 12, 8, 13], [9, 3, 10, 2], [11, 17, 12, 16], [13, 20, 14, 21], [15, 6, 16, 7], [17, 9, 18, 8], [19, 24, 20, 1], [21, 14, 22, 15]]"
12a_0990_114,"[[21, 14, 22, 15], [23, 5, 24, 4], [1, 18, 2, 19], [3, 11, 4, 10], [5, 23, 6, 22], [7, 12, 8, 13], [9, 3, 10, 2], [11, 17, 12, 16], [13, 20, 14, 21], [15, 6, 16, 7], [17, 9, 18, 8], [19, 24, 20, 1]]"
12a_0990_115,"[[19, 24, 20, 1], [21, 14, 22, 15], [23, 5, 24, 4], [1, 18, 2, 19], [3, 11, 4, 10], [5, 23, 6, 22], [7, 12, 8, 13], [9, 3, 10, 2], [11, 17, 12, 16], [13, 20, 14, 21], [15, 6, 16, 7], [17, 9, 18, 8]]"
12a_0990_116,"[[17, 9, 18, 8], [19, 24, 20, 1], [21, 14, 22, 15], [23, 5, 24, 4], [1, 18, 2, 19], [3, 11, 4, 10], [5, 23, 6, 22], [7, 12, 8, 13], [9, 3, 10, 2], [11, 17, 12, 16], [13, 20, 14, 21], [15, 6, 16, 7]]"
12a_0990_117,"[[15, 6, 16, 7], [17, 9, 18, 8], [19, 24, 20, 1], [21, 14, 22, 15], [23, 5, 24, 4], [1, 18, 2, 19], [3, 11, 4, 10], [5, 23, 6, 22], [7, 12, 8, 13], [9, 3, 10, 2], [11, 17, 12, 16], [13, 20, 14, 21]]"
12a_0990_118,"[[13, 20, 14, 21], [15, 6, 16, 7], [17, 9, 18, 8], [19, 24, 20, 1], [21, 14, 22, 15], [23, 5, 24, 4], [1, 18, 2, 19], [3, 11, 4, 10], [5, 23, 6, 22], [7, 12, 8, 13], [9, 3, 10, 2], [11, 17, 12, 16]]"
12a_0990_119,"[[11, 17, 12, 16], [13, 20, 14, 21], [15, 6, 16, 7], [17, 9, 18, 8], [19, 24, 20, 1], [21, 14, 22, 15], [23, 5, 24, 4], [1, 18, 2, 19], [3, 11, 4, 10], [5, 23, 6, 22], [7, 12, 8, 13], [9, 3, 10, 2]]"
12a_0990_120,"[[10, 4, 11, 3], [12, 18, 13, 17], [14, 21, 15, 22], [16, 7, 17, 8], [18, 10, 19, 9], [20, 1, 21, 2], [22, 15, 23, 16], [24, 6, 1, 5], [2, 19, 3, 20], [4, 12, 5, 11], [6, 24, 7, 23], [8, 13, 9, 14]]"
12a_0990_121,"[[8, 13, 9, 14], [10, 4, 11, 3], [12, 18, 13, 17], [14, 21, 15, 22], [16, 7, 17, 8], [18, 10, 19, 9], [20, 1, 21, 2], [22, 15, 23, 16], [24, 6, 1, 5], [2, 19, 3, 20], [4, 12, 5, 11], [6, 24, 7, 23]]"
12a_0990_122,"[[6, 24, 7, 23], [8, 13, 9, 14], [10, 4, 11, 3], [12, 18, 13, 17], [14, 21, 15, 22], [16, 7, 17, 8], [18, 10, 19, 9], [20, 1, 21, 2], [22, 15, 23, 16], [24, 6, 1, 5], [2, 19, 3, 20], [4, 12, 5, 11]]"
12a_0990_123,"[[4, 12, 5, 11], [6, 24, 7, 23], [8, 13, 9, 14], [10, 4, 11, 3], [12, 18, 13, 17], [14, 21, 15, 22], [16, 7, 17, 8], [18, 10, 19, 9], [20, 1, 21, 2], [22, 15, 23, 16], [24, 6, 1, 5], [2, 19, 3, 20]]"
12a_0990_124,"[[2, 19, 3, 20], [4, 12, 5, 11], [6, 24, 7, 23], [8, 13, 9, 14], [10, 4, 11, 3], [12, 18, 13, 17], [14, 21, 15, 22], [16, 7, 17, 8], [18, 10, 19, 9], [20, 1, 21, 2], [22, 15, 23, 16], [24, 6, 1, 5]]"
12a_0990_125,"[[24, 6, 1, 5], [2, 19, 3, 20], [4, 12, 5, 11], [6, 24, 7, 23], [8, 13, 9, 14], [10, 4, 11, 3], [12, 18, 13, 17], [14, 21, 15, 22], [16, 7, 17, 8], [18, 10, 19, 9], [20, 1, 21, 2], [22, 15, 23, 16]]"
12a_0990_126,"[[22, 15, 23, 16], [24, 6, 1, 5], [2, 19, 3, 20], [4, 12, 5, 11], [6, 24, 7, 23], [8, 13, 9, 14], [10, 4, 11, 3], [12, 18, 13, 17], [14, 21, 15, 22], [16, 7, 17, 8], [18, 10, 19, 9], [20, 1, 21, 2]]"
12a_0990_127,"[[20, 1, 21, 2], [22, 15, 23, 16], [24, 6, 1, 5], [2, 19, 3, 20], [4, 12, 5, 11], [6, 24, 7, 23], [8, 13, 9, 14], [10, 4, 11, 3], [12, 18, 13, 17], [14, 21, 15, 22], [16, 7, 17, 8], [18, 10, 19, 9]]"
12a_0990_128,"[[18, 10, 19, 9], [20, 1, 21, 2], [22, 15, 23, 16], [24, 6, 1, 5], [2, 19, 3, 20], [4, 12, 5, 11], [6, 24, 7, 23], [8, 13, 9, 14], [10, 4, 11, 3], [12, 18, 13, 17], [14, 21, 15, 22], [16, 7, 17, 8]]"
12a_0990_129,"[[16, 7, 17, 8], [18, 10, 19, 9], [20, 1, 21, 2], [22, 15, 23, 16], [24, 6, 1, 5], [2, 19, 3, 20], [4, 12, 5, 11], [6, 24, 7, 23], [8, 13, 9, 14], [10, 4, 11, 3], [12, 18, 13, 17], [14, 21, 15, 22]]"
12a_0990_130,"[[14, 21, 15, 22], [16, 7, 17, 8], [18, 10, 19, 9], [20, 1, 21, 2], [22, 15, 23, 16], [24, 6, 1, 5], [2, 19, 3, 20], [4, 12, 5, 11], [6, 24, 7, 23], [8, 13, 9, 14], [10, 4, 11, 3], [12, 18, 13, 17]]"
12a_0990_131,"[[12, 18, 13, 17], [14, 21, 15, 22], [16, 7, 17, 8], [18, 10, 19, 9], [20, 1, 21, 2], [22, 15, 23, 16], [24, 6, 1, 5], [2, 19, 3, 20], [4, 12, 5, 11], [6, 24, 7, 23], [8, 13, 9, 14], [10, 4, 11, 3]]"
12a_0990_132,"[[11, 5, 12, 4], [13, 19, 14, 18], [15, 22, 16, 23], [17, 8, 18, 9], [19, 11, 20, 10], [21, 2, 22, 3], [23, 16, 24, 17], [1, 7, 2, 6], [3, 20, 4, 21], [5, 13, 6, 12], [7, 1, 8, 24], [9, 14, 10, 15]]"
12a_0990_133,"[[9, 14, 10, 15], [11, 5, 12, 4], [13, 19, 14, 18], [15, 22, 16, 23], [17, 8, 18, 9], [19, 11, 20, 10], [21, 2, 22, 3], [23, 16, 24, 17], [1, 7, 2, 6], [3, 20, 4, 21], [5, 13, 6, 12], [7, 1, 8, 24]]"
12a_0990_134,"[[7, 1, 8, 24], [9, 14, 10, 15], [11, 5, 12, 4], [13, 19, 14, 18], [15, 22, 16, 23], [17, 8, 18, 9], [19, 11, 20, 10], [21, 2, 22, 3], [23, 16, 24, 17], [1, 7, 2, 6], [3, 20, 4, 21], [5, 13, 6, 12]]"
12a_0990_135,"[[5, 13, 6, 12], [7, 1, 8, 24], [9, 14, 10, 15], [11, 5, 12, 4], [13, 19, 14, 18], [15, 22, 16, 23], [17, 8, 18, 9], [19, 11, 20, 10], [21, 2, 22, 3], [23, 16, 24, 17], [1, 7, 2, 6], [3, 20, 4, 21]]"
12a_0990_136,"[[3, 20, 4, 21], [5, 13, 6, 12], [7, 1, 8, 24], [9, 14, 10, 15], [11, 5, 12, 4], [13, 19, 14, 18], [15, 22, 16, 23], [17, 8, 18, 9], [19, 11, 20, 10], [21, 2, 22, 3], [23, 16, 24, 17], [1, 7, 2, 6]]"
12a_0990_137,"[[1, 7, 2, 6], [3, 20, 4, 21], [5, 13, 6, 12], [7, 1, 8, 24], [9, 14, 10, 15], [11, 5, 12, 4], [13, 19, 14, 18], [15, 22, 16, 23], [17, 8, 18, 9], [19, 11, 20, 10], [21, 2, 22, 3], [23, 16, 24, 17]]"
12a_0990_138,"[[23, 16, 24, 17], [1, 7, 2, 6], [3, 20, 4, 21], [5, 13, 6, 12], [7, 1, 8, 24], [9, 14, 10, 15], [11, 5, 12, 4], [13, 19, 14, 18], [15, 22, 16, 23], [17, 8, 18, 9], [19, 11, 20, 10], [21, 2, 22, 3]]"
12a_0990_139,"[[21, 2, 22, 3], [23, 16, 24, 17], [1, 7, 2, 6], [3, 20, 4, 21], [5, 13, 6, 12], [7, 1, 8, 24], [9, 14, 10, 15], [11, 5, 12, 4], [13, 19, 14, 18], [15, 22, 16, 23], [17, 8, 18, 9], [19, 11, 20, 10]]"
12a_0990_140,"[[19, 11, 20, 10], [21, 2, 22, 3], [23, 16, 24, 17], [1, 7, 2, 6], [3, 20, 4, 21], [5, 13, 6, 12], [7, 1, 8, 24], [9, 14, 10, 15], [11, 5, 12, 4], [13, 19, 14, 18], [15, 22, 16, 23], [17, 8, 18, 9]]"
12a_0990_141,"[[17, 8, 18, 9], [19, 11, 20, 10], [21, 2, 22, 3], [23, 16, 24, 17], [1, 7, 2, 6], [3, 20, 4, 21], [5, 13, 6, 12], [7, 1, 8, 24], [9, 14, 10, 15], [11, 5, 12, 4], [13, 19, 14, 18], [15, 22, 16, 23]]"
12a_0990_142,"[[15, 22, 16, 23], [17, 8, 18, 9], [19, 11, 20, 10], [21, 2, 22, 3], [23, 16, 24, 17], [1, 7, 2, 6], [3, 20, 4, 21], [5, 13, 6, 12], [7, 1, 8, 24], [9, 14, 10, 15], [11, 5, 12, 4], [13, 19, 14, 18]]"
12a_0990_143,"[[13, 19, 14, 18], [15, 22, 16, 23], [17, 8, 18, 9], [19, 11, 20, 10], [21, 2, 22, 3], [23, 16, 24, 17], [1, 7, 2, 6], [3, 20, 4, 21], [5, 13, 6, 12], [7, 1, 8, 24], [9, 14, 10, 15], [11, 5, 12, 4]]"
12a_0990_144,"[[12, 6, 13, 5], [14, 20, 15, 19], [16, 23, 17, 24], [18, 9, 19, 10], [20, 12, 21, 11], [22, 3, 23, 4], [24, 17, 1, 18], [2, 8, 3, 7], [4, 21, 5, 22], [6, 14, 7, 13], [8, 2, 9, 1], [10, 15, 11, 16]]"
12a_0990_145,"[[10, 15, 11, 16], [12, 6, 13, 5], [14, 20, 15, 19], [16, 23, 17, 24], [18, 9, 19, 10], [20, 12, 21, 11], [22, 3, 23, 4], [24, 17, 1, 18], [2, 8, 3, 7], [4, 21, 5, 22], [6, 14, 7, 13], [8, 2, 9, 1]]"
12a_0990_146,"[[8, 2, 9, 1], [10, 15, 11, 16], [12, 6, 13, 5], [14, 20, 15, 19], [16, 23, 17, 24], [18, 9, 19, 10], [20, 12, 21, 11], [22, 3, 23, 4], [24, 17, 1, 18], [2, 8, 3, 7], [4, 21, 5, 22], [6, 14, 7, 13]]"
12a_0990_147,"[[6, 14, 7, 13], [8, 2, 9, 1], [10, 15, 11, 16], [12, 6, 13, 5], [14, 20, 15, 19], [16, 23, 17, 24], [18, 9, 19, 10], [20, 12, 21, 11], [22, 3, 23, 4], [24, 17, 1, 18], [2, 8, 3, 7], [4, 21, 5, 22]]"
12a_0990_148,"[[4, 21, 5, 22], [6, 14, 7, 13], [8, 2, 9, 1], [10, 15, 11, 16], [12, 6, 13, 5], [14, 20, 15, 19], [16, 23, 17, 24], [18, 9, 19, 10], [20, 12, 21, 11], [22, 3, 23, 4], [24, 17, 1, 18], [2, 8, 3, 7]]"
12a_0990_149,"[[2, 8, 3, 7], [4, 21, 5, 22], [6, 14, 7, 13], [8, 2, 9, 1], [10, 15, 11, 16], [12, 6, 13, 5], [14, 20, 15, 19], [16, 23, 17, 24], [18, 9, 19, 10], [20, 12, 21, 11], [22, 3, 23, 4], [24, 17, 1, 18]]"
12a_0990_150,"[[24, 17, 1, 18], [2, 8, 3, 7], [4, 21, 5, 22], [6, 14, 7, 13], [8, 2, 9, 1], [10, 15, 11, 16], [12, 6, 13, 5], [14, 20, 15, 19], [16, 23, 17, 24], [18, 9, 19, 10], [20, 12, 21, 11], [22, 3, 23, 4]]"
12a_0990_151,"[[22, 3, 23, 4], [24, 17, 1, 18], [2, 8, 3, 7], [4, 21, 5, 22], [6, 14, 7, 13], [8, 2, 9, 1], [10, 15, 11, 16], [12, 6, 13, 5], [14, 20, 15, 19], [16, 23, 17, 24], [18, 9, 19, 10], [20, 12, 21, 11]]"
12a_0990_152,"[[20, 12, 21, 11], [22, 3, 23, 4], [24, 17, 1, 18], [2, 8, 3, 7], [4, 21, 5, 22], [6, 14, 7, 13], [8, 2, 9, 1], [10, 15, 11, 16], [12, 6, 13, 5], [14, 20, 15, 19], [16, 23, 17, 24], [18, 9, 19, 10]]"
12a_0990_153,"[[18, 9, 19, 10], [20, 12, 21, 11], [22, 3, 23, 4], [24, 17, 1, 18], [2, 8, 3, 7], [4, 21, 5, 22], [6, 14, 7, 13], [8, 2, 9, 1], [10, 15, 11, 16], [12, 6, 13, 5], [14, 20, 15, 19], [16, 23, 17, 24]]"
12a_0990_154,"[[16, 23, 17, 24], [18, 9, 19, 10], [20, 12, 21, 11], [22, 3, 23, 4], [24, 17, 1, 18], [2, 8, 3, 7], [4, 21, 5, 22], [6, 14, 7, 13], [8, 2, 9, 1], [10, 15, 11, 16], [12, 6, 13, 5], [14, 20, 15, 19]]"
12a_0990_155,"[[14, 20, 15, 19], [16, 23, 17, 24], [18, 9, 19, 10], [20, 12, 21, 11], [22, 3, 23, 4], [24, 17, 1, 18], [2, 8, 3, 7], [4, 21, 5, 22], [6, 14, 7, 13], [8, 2, 9, 1], [10, 15, 11, 16], [12, 6, 13, 5]]"
12a_0990_156,"[[13, 7, 14, 6], [15, 21, 16, 20], [17, 24, 18, 1], [19, 10, 20, 11], [21, 13, 22, 12], [23, 4, 24, 5], [1, 18, 2, 19], [3, 9, 4, 8], [5, 22, 6, 23], [7, 15, 8, 14], [9, 3, 10, 2], [11, 16, 12, 17]]"
12a_0990_157,"[[11, 16, 12, 17], [13, 7, 14, 6], [15, 21, 16, 20], [17, 24, 18, 1], [19, 10, 20, 11], [21, 13, 22, 12], [23, 4, 24, 5], [1, 18, 2, 19], [3, 9, 4, 8], [5, 22, 6, 23], [7, 15, 8, 14], [9, 3, 10, 2]]"
12a_0990_158,"[[9, 3, 10, 2], [11, 16, 12, 17], [13, 7, 14, 6], [15, 21, 16, 20], [17, 24, 18, 1], [19, 10, 20, 11], [21, 13, 22, 12], [23, 4, 24, 5], [1, 18, 2, 19], [3, 9, 4, 8], [5, 22, 6, 23], [7, 15, 8, 14]]"
12a_0990_159,"[[7, 15, 8, 14], [9, 3, 10, 2], [11, 16, 12, 17], [13, 7, 14, 6], [15, 21, 16, 20], [17, 24, 18, 1], [19, 10, 20, 11], [21, 13, 22, 12], [23, 4, 24, 5], [1, 18, 2, 19], [3, 9, 4, 8], [5, 22, 6, 23]]"
12a_0990_160,"[[5, 22, 6, 23], [7, 15, 8, 14], [9, 3, 10, 2], [11, 16, 12, 17], [13, 7, 14, 6], [15, 21, 16, 20], [17, 24, 18, 1], [19, 10, 20, 11], [21, 13, 22, 12], [23, 4, 24, 5], [1, 18, 2, 19], [3, 9, 4, 8]]"
12a_0990_161,"[[3, 9, 4, 8], [5, 22, 6, 23], [7, 15, 8, 14], [9, 3, 10, 2], [11, 16, 12, 17], [13, 7, 14, 6], [15, 21, 16, 20], [17, 24, 18, 1], [19, 10, 20, 11], [21, 13, 22, 12], [23, 4, 24, 5], [1, 18, 2, 19]]"
12a_0990_162,"[[1, 18, 2, 19], [3, 9, 4, 8], [5, 22, 6, 23], [7, 15, 8, 14], [9, 3, 10, 2], [11, 16, 12, 17], [13, 7, 14, 6], [15, 21, 16, 20], [17, 24, 18, 1], [19, 10, 20, 11], [21, 13, 22, 12], [23, 4, 24, 5]]"
12a_0990_163,"[[23, 4, 24, 5], [1, 18, 2, 19], [3, 9, 4, 8], [5, 22, 6, 23], [7, 15, 8, 14], [9, 3, 10, 2], [11, 16, 12, 17], [13, 7, 14, 6], [15, 21, 16, 20], [17, 24, 18, 1], [19, 10, 20, 11], [21, 13, 22, 12]]"
12a_0990_164,"[[21, 13, 22, 12], [23, 4, 24, 5], [1, 18, 2, 19], [3, 9, 4, 8], [5, 22, 6, 23], [7, 15, 8, 14], [9, 3, 10, 2], [11, 16, 12, 17], [13, 7, 14, 6], [15, 21, 16, 20], [17, 24, 18, 1], [19, 10, 20, 11]]"
12a_0990_165,"[[19, 10, 20, 11], [21, 13, 22, 12], [23, 4, 24, 5], [1, 18, 2, 19], [3, 9, 4, 8], [5, 22, 6, 23], [7, 15, 8, 14], [9, 3, 10, 2], [11, 16, 12, 17], [13, 7, 14, 6], [15, 21, 16, 20], [17, 24, 18, 1]]"
12a_0990_166,"[[17, 24, 18, 1], [19, 10, 20, 11], [21, 13, 22, 12], [23, 4, 24, 5], [1, 18, 2, 19], [3, 9, 4, 8], [5, 22, 6, 23], [7, 15, 8, 14], [9, 3, 10, 2], [11, 16, 12, 17], [13, 7, 14, 6], [15, 21, 16, 20]]"
12a_0990_167,"[[15, 21, 16, 20], [17, 24, 18, 1], [19, 10, 20, 11], [21, 13, 22, 12], [23, 4, 24, 5], [1, 18, 2, 19], [3, 9, 4, 8], [5, 22, 6, 23], [7, 15, 8, 14], [9, 3, 10, 2], [11, 16, 12, 17], [13, 7, 14, 6]]"
12a_0990_168,"[[14, 8, 15, 7], [16, 22, 17, 21], [18, 1, 19, 2], [20, 11, 21, 12], [22, 14, 23, 13], [24, 5, 1, 6], [2, 19, 3, 20], [4, 10, 5, 9], [6, 23, 7, 24], [8, 16, 9, 15], [10, 4, 11, 3], [12, 17, 13, 18]]"
12a_0990_169,"[[12, 17, 13, 18], [14, 8, 15, 7], [16, 22, 17, 21], [18, 1, 19, 2], [20, 11, 21, 12], [22, 14, 23, 13], [24, 5, 1, 6], [2, 19, 3, 20], [4, 10, 5, 9], [6, 23, 7, 24], [8, 16, 9, 15], [10, 4, 11, 3]]"
12a_0990_170,"[[10, 4, 11, 3], [12, 17, 13, 18], [14, 8, 15, 7], [16, 22, 17, 21], [18, 1, 19, 2], [20, 11, 21, 12], [22, 14, 23, 13], [24, 5, 1, 6], [2, 19, 3, 20], [4, 10, 5, 9], [6, 23, 7, 24], [8, 16, 9, 15]]"
12a_0990_171,"[[8, 16, 9, 15], [10, 4, 11, 3], [12, 17, 13, 18], [14, 8, 15, 7], [16, 22, 17, 21], [18, 1, 19, 2], [20, 11, 21, 12], [22, 14, 23, 13], [24, 5, 1, 6], [2, 19, 3, 20], [4, 10, 5, 9], [6, 23, 7, 24]]"
12a_0990_172,"[[6, 23, 7, 24], [8, 16, 9, 15], [10, 4, 11, 3], [12, 17, 13, 18], [14, 8, 15, 7], [16, 22, 17, 21], [18, 1, 19, 2], [20, 11, 21, 12], [22, 14, 23, 13], [24, 5, 1, 6], [2, 19, 3, 20], [4, 10, 5, 9]]"
12a_0990_173,"[[4, 10, 5, 9], [6, 23, 7, 24], [8, 16, 9, 15], [10, 4, 11, 3], [12, 17, 13, 18], [14, 8, 15, 7], [16, 22, 17, 21], [18, 1, 19, 2], [20, 11, 21, 12], [22, 14, 23, 13], [24, 5, 1, 6], [2, 19, 3, 20]]"
12a_0990_174,"[[2, 19, 3, 20], [4, 10, 5, 9], [6, 23, 7, 24], [8, 16, 9, 15], [10, 4, 11, 3], [12, 17, 13, 18], [14, 8, 15, 7], [16, 22, 17, 21], [18, 1, 19, 2], [20, 11, 21, 12], [22, 14, 23, 13], [24, 5, 1, 6]]"
12a_0990_175,"[[24, 5, 1, 6], [2, 19, 3, 20], [4, 10, 5, 9], [6, 23, 7, 24], [8, 16, 9, 15], [10, 4, 11, 3], [12, 17, 13, 18], [14, 8, 15, 7], [16, 22, 17, 21], [18, 1, 19, 2], [20, 11, 21, 12], [22, 14, 23, 13]]"
12a_0990_176,"[[22, 14, 23, 13], [24, 5, 1, 6], [2, 19, 3, 20], [4, 10, 5, 9], [6, 23, 7, 24], [8, 16, 9, 15], [10, 4, 11, 3], [12, 17, 13, 18], [14, 8, 15, 7], [16, 22, 17, 21], [18, 1, 19, 2], [20, 11, 21, 12]]"
12a_0990_177,"[[20, 11, 21, 12], [22, 14, 23, 13], [24, 5, 1, 6], [2, 19, 3, 20], [4, 10, 5, 9], [6, 23, 7, 24], [8, 16, 9, 15], [10, 4, 11, 3], [12, 17, 13, 18], [14, 8, 15, 7], [16, 22, 17, 21], [18, 1, 19, 2]]"
12a_0990_178,"[[18, 1, 19, 2], [20, 11, 21, 12], [22, 14, 23, 13], [24, 5, 1, 6], [2, 19, 3, 20], [4, 10, 5, 9], [6, 23, 7, 24], [8, 16, 9, 15], [10, 4, 11, 3], [12, 17, 13, 18], [14, 8, 15, 7], [16, 22, 17, 21]]"
12a_0990_179,"[[16, 22, 17, 21], [18, 1, 19, 2], [20, 11, 21, 12], [22, 14, 23, 13], [24, 5, 1, 6], [2, 19, 3, 20], [4, 10, 5, 9], [6, 23, 7, 24], [8, 16, 9, 15], [10, 4, 11, 3], [12, 17, 13, 18], [14, 8, 15, 7]]"
12a_0990_180,"[[15, 9, 16, 8], [17, 23, 18, 22], [19, 2, 20, 3], [21, 12, 22, 13], [23, 15, 24, 14], [1, 6, 2, 7], [3, 20, 4, 21], [5, 11, 6, 10], [7, 24, 8, 1], [9, 17, 10, 16], [11, 5, 12, 4], [13, 18, 14, 19]]"
12a_0990_181,"[[13, 18, 14, 19], [15, 9, 16, 8], [17, 23, 18, 22], [19, 2, 20, 3], [21, 12, 22, 13], [23, 15, 24, 14], [1, 6, 2, 7], [3, 20, 4, 21], [5, 11, 6, 10], [7, 24, 8, 1], [9, 17, 10, 16], [11, 5, 12, 4]]"
12a_0990_182,"[[11, 5, 12, 4], [13, 18, 14, 19], [15, 9, 16, 8], [17, 23, 18, 22], [19, 2, 20, 3], [21, 12, 22, 13], [23, 15, 24, 14], [1, 6, 2, 7], [3, 20, 4, 21], [5, 11, 6, 10], [7, 24, 8, 1], [9, 17, 10, 16]]"
12a_0990_183,"[[9, 17, 10, 16], [11, 5, 12, 4], [13, 18, 14, 19], [15, 9, 16, 8], [17, 23, 18, 22], [19, 2, 20, 3], [21, 12, 22, 13], [23, 15, 24, 14], [1, 6, 2, 7], [3, 20, 4, 21], [5, 11, 6, 10], [7, 24, 8, 1]]"
12a_0990_184,"[[7, 24, 8, 1], [9, 17, 10, 16], [11, 5, 12, 4], [13, 18, 14, 19], [15, 9, 16, 8], [17, 23, 18, 22], [19, 2, 20, 3], [21, 12, 22, 13], [23, 15, 24, 14], [1, 6, 2, 7], [3, 20, 4, 21], [5, 11, 6, 10]]"
12a_0990_185,"[[5, 11, 6, 10], [7, 24, 8, 1], [9, 17, 10, 16], [11, 5, 12, 4], [13, 18, 14, 19], [15, 9, 16, 8], [17, 23, 18, 22], [19, 2, 20, 3], [21, 12, 22, 13], [23, 15, 24, 14], [1, 6, 2, 7], [3, 20, 4, 21]]"
