name,pd_notation
12a_1225_0,"[[24, 18, 1, 17], [2, 10, 3, 9], [4, 11, 5, 12], [6, 15, 7, 16], [8, 19, 9, 20], [10, 22, 11, 21], [12, 5, 13, 6], [14, 24, 15, 23], [16, 7, 17, 8], [18, 2, 19, 1], [20, 3, 21, 4], [22, 14, 23, 13]]"
12a_1225_1,"[[22, 14, 23, 13], [24, 18, 1, 17], [2, 10, 3, 9], [4, 11, 5, 12], [6, 15, 7, 16], [8, 19, 9, 20], [10, 22, 11, 21], [12, 5, 13, 6], [14, 24, 15, 23], [16, 7, 17, 8], [18, 2, 19, 1], [20, 3, 21, 4]]"
12a_1225_2,"[[20, 3, 21, 4], [22, 14, 23, 13], [24, 18, 1, 17], [2, 10, 3, 9], [4, 11, 5, 12], [6, 15, 7, 16], [8, 19, 9, 20], [10, 22, 11, 21], [12, 5, 13, 6], [14, 24, 15, 23], [16, 7, 17, 8], [18, 2, 19, 1]]"
12a_1225_3,"[[18, 2, 19, 1], [20, 3, 21, 4], [22, 14, 23, 13], [24, 18, 1, 17], [2, 10, 3, 9], [4, 11, 5, 12], [6, 15, 7, 16], [8, 19, 9, 20], [10, 22, 11, 21], [12, 5, 13, 6], [14, 24, 15, 23], [16, 7, 17, 8]]"
12a_1225_4,"[[16, 7, 17, 8], [18, 2, 19, 1], [20, 3, 21, 4], [22, 14, 23, 13], [24, 18, 1, 17], [2, 10, 3, 9], [4, 11, 5, 12], [6, 15, 7, 16], [8, 19, 9, 20], [10, 22, 11, 21], [12, 5, 13, 6], [14, 24, 15, 23]]"
12a_1225_5,"[[14, 24, 15, 23], [16, 7, 17, 8], [18, 2, 19, 1], [20, 3, 21, 4], [22, 14, 23, 13], [24, 18, 1, 17], [2, 10, 3, 9], [4, 11, 5, 12], [6, 15, 7, 16], [8, 19, 9, 20], [10, 22, 11, 21], [12, 5, 13, 6]]"
12a_1225_6,"[[12, 5, 13, 6], [14, 24, 15, 23], [16, 7, 17, 8], [18, 2, 19, 1], [20, 3, 21, 4], [22, 14, 23, 13], [24, 18, 1, 17], [2, 10, 3, 9], [4, 11, 5, 12], [6, 15, 7, 16], [8, 19, 9, 20], [10, 22, 11, 21]]"
12a_1225_7,"[[10, 22, 11, 21], [12, 5, 13, 6], [14, 24, 15, 23], [16, 7, 17, 8], [18, 2, 19, 1], [20, 3, 21, 4], [22, 14, 23, 13], [24, 18, 1, 17], [2, 10, 3, 9], [4, 11, 5, 12], [6, 15, 7, 16], [8, 19, 9, 20]]"
12a_1225_8,"[[8, 19, 9, 20], [10, 22, 11, 21], [12, 5, 13, 6], [14, 24, 15, 23], [16, 7, 17, 8], [18, 2, 19, 1], [20, 3, 21, 4], [22, 14, 23, 13], [24, 18, 1, 17], [2, 10, 3, 9], [4, 11, 5, 12], [6, 15, 7, 16]]"
12a_1225_9,"[[6, 15, 7, 16], [8, 19, 9, 20], [10, 22, 11, 21], [12, 5, 13, 6], [14, 24, 15, 23], [16, 7, 17, 8], [18, 2, 19, 1], [20, 3, 21, 4], [22, 14, 23, 13], [24, 18, 1, 17], [2, 10, 3, 9], [4, 11, 5, 12]]"
12a_1225_10,"[[4, 11, 5, 12], [6, 15, 7, 16], [8, 19, 9, 20], [10, 22, 11, 21], [12, 5, 13, 6], [14, 24, 15, 23], [16, 7, 17, 8], [18, 2, 19, 1], [20, 3, 21, 4], [22, 14, 23, 13], [24, 18, 1, 17], [2, 10, 3, 9]]"
12a_1225_11,"[[2, 10, 3, 9], [4, 11, 5, 12], [6, 15, 7, 16], [8, 19, 9, 20], [10, 22, 11, 21], [12, 5, 13, 6], [14, 24, 15, 23], [16, 7, 17, 8], [18, 2, 19, 1], [20, 3, 21, 4], [22, 14, 23, 13], [24, 18, 1, 17]]"
12a_1225_12,"[[1, 19, 2, 18], [3, 11, 4, 10], [5, 12, 6, 13], [7, 16, 8, 17], [9, 20, 10, 21], [11, 23, 12, 22], [13, 6, 14, 7], [15, 1, 16, 24], [17, 8, 18, 9], [19, 3, 20, 2], [21, 4, 22, 5], [23, 15, 24, 14]]"
12a_1225_13,"[[23, 15, 24, 14], [1, 19, 2, 18], [3, 11, 4, 10], [5, 12, 6, 13], [7, 16, 8, 17], [9, 20, 10, 21], [11, 23, 12, 22], [13, 6, 14, 7], [15, 1, 16, 24], [17, 8, 18, 9], [19, 3, 20, 2], [21, 4, 22, 5]]"
12a_1225_14,"[[21, 4, 22, 5], [23, 15, 24, 14], [1, 19, 2, 18], [3, 11, 4, 10], [5, 12, 6, 13], [7, 16, 8, 17], [9, 20, 10, 21], [11, 23, 12, 22], [13, 6, 14, 7], [15, 1, 16, 24], [17, 8, 18, 9], [19, 3, 20, 2]]"
12a_1225_15,"[[19, 3, 20, 2], [21, 4, 22, 5], [23, 15, 24, 14], [1, 19, 2, 18], [3, 11, 4, 10], [5, 12, 6, 13], [7, 16, 8, 17], [9, 20, 10, 21], [11, 23, 12, 22], [13, 6, 14, 7], [15, 1, 16, 24], [17, 8, 18, 9]]"
12a_1225_16,"[[17, 8, 18, 9], [19, 3, 20, 2], [21, 4, 22, 5], [23, 15, 24, 14], [1, 19, 2, 18], [3, 11, 4, 10], [5, 12, 6, 13], [7, 16, 8, 17], [9, 20, 10, 21], [11, 23, 12, 22], [13, 6, 14, 7], [15, 1, 16, 24]]"
12a_1225_17,"[[15, 1, 16, 24], [17, 8, 18, 9], [19, 3, 20, 2], [21, 4, 22, 5], [23, 15, 24, 14], [1, 19, 2, 18], [3, 11, 4, 10], [5, 12, 6, 13], [7, 16, 8, 17], [9, 20, 10, 21], [11, 23, 12, 22], [13, 6, 14, 7]]"
12a_1225_18,"[[13, 6, 14, 7], [15, 1, 16, 24], [17, 8, 18, 9], [19, 3, 20, 2], [21, 4, 22, 5], [23, 15, 24, 14], [1, 19, 2, 18], [3, 11, 4, 10], [5, 12, 6, 13], [7, 16, 8, 17], [9, 20, 10, 21], [11, 23, 12, 22]]"
12a_1225_19,"[[11, 23, 12, 22], [13, 6, 14, 7], [15, 1, 16, 24], [17, 8, 18, 9], [19, 3, 20, 2], [21, 4, 22, 5], [23, 15, 24, 14], [1, 19, 2, 18], [3, 11, 4, 10], [5, 12, 6, 13], [7, 16, 8, 17], [9, 20, 10, 21]]"
12a_1225_20,"[[9, 20, 10, 21], [11, 23, 12, 22], [13, 6, 14, 7], [15, 1, 16, 24], [17, 8, 18, 9], [19, 3, 20, 2], [21, 4, 22, 5], [23, 15, 24, 14], [1, 19, 2, 18], [3, 11, 4, 10], [5, 12, 6, 13], [7, 16, 8, 17]]"
12a_1225_21,"[[7, 16, 8, 17], [9, 20, 10, 21], [11, 23, 12, 22], [13, 6, 14, 7], [15, 1, 16, 24], [17, 8, 18, 9], [19, 3, 20, 2], [21, 4, 22, 5], [23, 15, 24, 14], [1, 19, 2, 18], [3, 11, 4, 10], [5, 12, 6, 13]]"
12a_1225_22,"[[5, 12, 6, 13], [7, 16, 8, 17], [9, 20, 10, 21], [11, 23, 12, 22], [13, 6, 14, 7], [15, 1, 16, 24], [17, 8, 18, 9], [19, 3, 20, 2], [21, 4, 22, 5], [23, 15, 24, 14], [1, 19, 2, 18], [3, 11, 4, 10]]"
12a_1225_23,"[[3, 11, 4, 10], [5, 12, 6, 13], [7, 16, 8, 17], [9, 20, 10, 21], [11, 23, 12, 22], [13, 6, 14, 7], [15, 1, 16, 24], [17, 8, 18, 9], [19, 3, 20, 2], [21, 4, 22, 5], [23, 15, 24, 14], [1, 19, 2, 18]]"
12a_1225_24,"[[2, 20, 3, 19], [4, 12, 5, 11], [6, 13, 7, 14], [8, 17, 9, 18], [10, 21, 11, 22], [12, 24, 13, 23], [14, 7, 15, 8], [16, 2, 17, 1], [18, 9, 19, 10], [20, 4, 21, 3], [22, 5, 23, 6], [24, 16, 1, 15]]"
12a_1225_25,"[[24, 16, 1, 15], [2, 20, 3, 19], [4, 12, 5, 11], [6, 13, 7, 14], [8, 17, 9, 18], [10, 21, 11, 22], [12, 24, 13, 23], [14, 7, 15, 8], [16, 2, 17, 1], [18, 9, 19, 10], [20, 4, 21, 3], [22, 5, 23, 6]]"
12a_1225_26,"[[22, 5, 23, 6], [24, 16, 1, 15], [2, 20, 3, 19], [4, 12, 5, 11], [6, 13, 7, 14], [8, 17, 9, 18], [10, 21, 11, 22], [12, 24, 13, 23], [14, 7, 15, 8], [16, 2, 17, 1], [18, 9, 19, 10], [20, 4, 21, 3]]"
12a_1225_27,"[[20, 4, 21, 3], [22, 5, 23, 6], [24, 16, 1, 15], [2, 20, 3, 19], [4, 12, 5, 11], [6, 13, 7, 14], [8, 17, 9, 18], [10, 21, 11, 22], [12, 24, 13, 23], [14, 7, 15, 8], [16, 2, 17, 1], [18, 9, 19, 10]]"
12a_1225_28,"[[18, 9, 19, 10], [20, 4, 21, 3], [22, 5, 23, 6], [24, 16, 1, 15], [2, 20, 3, 19], [4, 12, 5, 11], [6, 13, 7, 14], [8, 17, 9, 18], [10, 21, 11, 22], [12, 24, 13, 23], [14, 7, 15, 8], [16, 2, 17, 1]]"
12a_1225_29,"[[16, 2, 17, 1], [18, 9, 19, 10], [20, 4, 21, 3], [22, 5, 23, 6], [24, 16, 1, 15], [2, 20, 3, 19], [4, 12, 5, 11], [6, 13, 7, 14], [8, 17, 9, 18], [10, 21, 11, 22], [12, 24, 13, 23], [14, 7, 15, 8]]"
12a_1225_30,"[[14, 7, 15, 8], [16, 2, 17, 1], [18, 9, 19, 10], [20, 4, 21, 3], [22, 5, 23, 6], [24, 16, 1, 15], [2, 20, 3, 19], [4, 12, 5, 11], [6, 13, 7, 14], [8, 17, 9, 18], [10, 21, 11, 22], [12, 24, 13, 23]]"
12a_1225_31,"[[12, 24, 13, 23], [14, 7, 15, 8], [16, 2, 17, 1], [18, 9, 19, 10], [20, 4, 21, 3], [22, 5, 23, 6], [24, 16, 1, 15], [2, 20, 3, 19], [4, 12, 5, 11], [6, 13, 7, 14], [8, 17, 9, 18], [10, 21, 11, 22]]"
12a_1225_32,"[[10, 21, 11, 22], [12, 24, 13, 23], [14, 7, 15, 8], [16, 2, 17, 1], [18, 9, 19, 10], [20, 4, 21, 3], [22, 5, 23, 6], [24, 16, 1, 15], [2, 20, 3, 19], [4, 12, 5, 11], [6, 13, 7, 14], [8, 17, 9, 18]]"
12a_1225_33,"[[8, 17, 9, 18], [10, 21, 11, 22], [12, 24, 13, 23], [14, 7, 15, 8], [16, 2, 17, 1], [18, 9, 19, 10], [20, 4, 21, 3], [22, 5, 23, 6], [24, 16, 1, 15], [2, 20, 3, 19], [4, 12, 5, 11], [6, 13, 7, 14]]"
12a_1225_34,"[[6, 13, 7, 14], [8, 17, 9, 18], [10, 21, 11, 22], [12, 24, 13, 23], [14, 7, 15, 8], [16, 2, 17, 1], [18, 9, 19, 10], [20, 4, 21, 3], [22, 5, 23, 6], [24, 16, 1, 15], [2, 20, 3, 19], [4, 12, 5, 11]]"
12a_1225_35,"[[4, 12, 5, 11], [6, 13, 7, 14], [8, 17, 9, 18], [10, 21, 11, 22], [12, 24, 13, 23], [14, 7, 15, 8], [16, 2, 17, 1], [18, 9, 19, 10], [20, 4, 21, 3], [22, 5, 23, 6], [24, 16, 1, 15], [2, 20, 3, 19]]"
12a_1225_36,"[[3, 21, 4, 20], [5, 13, 6, 12], [7, 14, 8, 15], [9, 18, 10, 19], [11, 22, 12, 23], [13, 1, 14, 24], [15, 8, 16, 9], [17, 3, 18, 2], [19, 10, 20, 11], [21, 5, 22, 4], [23, 6, 24, 7], [1, 17, 2, 16]]"
12a_1225_37,"[[1, 17, 2, 16], [3, 21, 4, 20], [5, 13, 6, 12], [7, 14, 8, 15], [9, 18, 10, 19], [11, 22, 12, 23], [13, 1, 14, 24], [15, 8, 16, 9], [17, 3, 18, 2], [19, 10, 20, 11], [21, 5, 22, 4], [23, 6, 24, 7]]"
12a_1225_38,"[[23, 6, 24, 7], [1, 17, 2, 16], [3, 21, 4, 20], [5, 13, 6, 12], [7, 14, 8, 15], [9, 18, 10, 19], [11, 22, 12, 23], [13, 1, 14, 24], [15, 8, 16, 9], [17, 3, 18, 2], [19, 10, 20, 11], [21, 5, 22, 4]]"
12a_1225_39,"[[21, 5, 22, 4], [23, 6, 24, 7], [1, 17, 2, 16], [3, 21, 4, 20], [5, 13, 6, 12], [7, 14, 8, 15], [9, 18, 10, 19], [11, 22, 12, 23], [13, 1, 14, 24], [15, 8, 16, 9], [17, 3, 18, 2], [19, 10, 20, 11]]"
12a_1225_40,"[[19, 10, 20, 11], [21, 5, 22, 4], [23, 6, 24, 7], [1, 17, 2, 16], [3, 21, 4, 20], [5, 13, 6, 12], [7, 14, 8, 15], [9, 18, 10, 19], [11, 22, 12, 23], [13, 1, 14, 24], [15, 8, 16, 9], [17, 3, 18, 2]]"
12a_1225_41,"[[17, 3, 18, 2], [19, 10, 20, 11], [21, 5, 22, 4], [23, 6, 24, 7], [1, 17, 2, 16], [3, 21, 4, 20], [5, 13, 6, 12], [7, 14, 8, 15], [9, 18, 10, 19], [11, 22, 12, 23], [13, 1, 14, 24], [15, 8, 16, 9]]"
12a_1225_42,"[[15, 8, 16, 9], [17, 3, 18, 2], [19, 10, 20, 11], [21, 5, 22, 4], [23, 6, 24, 7], [1, 17, 2, 16], [3, 21, 4, 20], [5, 13, 6, 12], [7, 14, 8, 15], [9, 18, 10, 19], [11, 22, 12, 23], [13, 1, 14, 24]]"
12a_1225_43,"[[13, 1, 14, 24], [15, 8, 16, 9], [17, 3, 18, 2], [19, 10, 20, 11], [21, 5, 22, 4], [23, 6, 24, 7], [1, 17, 2, 16], [3, 21, 4, 20], [5, 13, 6, 12], [7, 14, 8, 15], [9, 18, 10, 19], [11, 22, 12, 23]]"
12a_1225_44,"[[11, 22, 12, 23], [13, 1, 14, 24], [15, 8, 16, 9], [17, 3, 18, 2], [19, 10, 20, 11], [21, 5, 22, 4], [23, 6, 24, 7], [1, 17, 2, 16], [3, 21, 4, 20], [5, 13, 6, 12], [7, 14, 8, 15], [9, 18, 10, 19]]"
12a_1225_45,"[[9, 18, 10, 19], [11, 22, 12, 23], [13, 1, 14, 24], [15, 8, 16, 9], [17, 3, 18, 2], [19, 10, 20, 11], [21, 5, 22, 4], [23, 6, 24, 7], [1, 17, 2, 16], [3, 21, 4, 20], [5, 13, 6, 12], [7, 14, 8, 15]]"
12a_1225_46,"[[7, 14, 8, 15], [9, 18, 10, 19], [11, 22, 12, 23], [13, 1, 14, 24], [15, 8, 16, 9], [17, 3, 18, 2], [19, 10, 20, 11], [21, 5, 22, 4], [23, 6, 24, 7], [1, 17, 2, 16], [3, 21, 4, 20], [5, 13, 6, 12]]"
12a_1225_47,"[[5, 13, 6, 12], [7, 14, 8, 15], [9, 18, 10, 19], [11, 22, 12, 23], [13, 1, 14, 24], [15, 8, 16, 9], [17, 3, 18, 2], [19, 10, 20, 11], [21, 5, 22, 4], [23, 6, 24, 7], [1, 17, 2, 16], [3, 21, 4, 20]]"
12a_1225_48,"[[4, 22, 5, 21], [6, 14, 7, 13], [8, 15, 9, 16], [10, 19, 11, 20], [12, 23, 13, 24], [14, 2, 15, 1], [16, 9, 17, 10], [18, 4, 19, 3], [20, 11, 21, 12], [22, 6, 23, 5], [24, 7, 1, 8], [2, 18, 3, 17]]"
12a_1225_49,"[[2, 18, 3, 17], [4, 22, 5, 21], [6, 14, 7, 13], [8, 15, 9, 16], [10, 19, 11, 20], [12, 23, 13, 24], [14, 2, 15, 1], [16, 9, 17, 10], [18, 4, 19, 3], [20, 11, 21, 12], [22, 6, 23, 5], [24, 7, 1, 8]]"
12a_1225_50,"[[24, 7, 1, 8], [2, 18, 3, 17], [4, 22, 5, 21], [6, 14, 7, 13], [8, 15, 9, 16], [10, 19, 11, 20], [12, 23, 13, 24], [14, 2, 15, 1], [16, 9, 17, 10], [18, 4, 19, 3], [20, 11, 21, 12], [22, 6, 23, 5]]"
12a_1225_51,"[[22, 6, 23, 5], [24, 7, 1, 8], [2, 18, 3, 17], [4, 22, 5, 21], [6, 14, 7, 13], [8, 15, 9, 16], [10, 19, 11, 20], [12, 23, 13, 24], [14, 2, 15, 1], [16, 9, 17, 10], [18, 4, 19, 3], [20, 11, 21, 12]]"
12a_1225_52,"[[20, 11, 21, 12], [22, 6, 23, 5], [24, 7, 1, 8], [2, 18, 3, 17], [4, 22, 5, 21], [6, 14, 7, 13], [8, 15, 9, 16], [10, 19, 11, 20], [12, 23, 13, 24], [14, 2, 15, 1], [16, 9, 17, 10], [18, 4, 19, 3]]"
12a_1225_53,"[[18, 4, 19, 3], [20, 11, 21, 12], [22, 6, 23, 5], [24, 7, 1, 8], [2, 18, 3, 17], [4, 22, 5, 21], [6, 14, 7, 13], [8, 15, 9, 16], [10, 19, 11, 20], [12, 23, 13, 24], [14, 2, 15, 1], [16, 9, 17, 10]]"
12a_1225_54,"[[16, 9, 17, 10], [18, 4, 19, 3], [20, 11, 21, 12], [22, 6, 23, 5], [24, 7, 1, 8], [2, 18, 3, 17], [4, 22, 5, 21], [6, 14, 7, 13], [8, 15, 9, 16], [10, 19, 11, 20], [12, 23, 13, 24], [14, 2, 15, 1]]"
12a_1225_55,"[[14, 2, 15, 1], [16, 9, 17, 10], [18, 4, 19, 3], [20, 11, 21, 12], [22, 6, 23, 5], [24, 7, 1, 8], [2, 18, 3, 17], [4, 22, 5, 21], [6, 14, 7, 13], [8, 15, 9, 16], [10, 19, 11, 20], [12, 23, 13, 24]]"
12a_1225_56,"[[12, 23, 13, 24], [14, 2, 15, 1], [16, 9, 17, 10], [18, 4, 19, 3], [20, 11, 21, 12], [22, 6, 23, 5], [24, 7, 1, 8], [2, 18, 3, 17], [4, 22, 5, 21], [6, 14, 7, 13], [8, 15, 9, 16], [10, 19, 11, 20]]"
12a_1225_57,"[[10, 19, 11, 20], [12, 23, 13, 24], [14, 2, 15, 1], [16, 9, 17, 10], [18, 4, 19, 3], [20, 11, 21, 12], [22, 6, 23, 5], [24, 7, 1, 8], [2, 18, 3, 17], [4, 22, 5, 21], [6, 14, 7, 13], [8, 15, 9, 16]]"
12a_1225_58,"[[8, 15, 9, 16], [10, 19, 11, 20], [12, 23, 13, 24], [14, 2, 15, 1], [16, 9, 17, 10], [18, 4, 19, 3], [20, 11, 21, 12], [22, 6, 23, 5], [24, 7, 1, 8], [2, 18, 3, 17], [4, 22, 5, 21], [6, 14, 7, 13]]"
12a_1225_59,"[[6, 14, 7, 13], [8, 15, 9, 16], [10, 19, 11, 20], [12, 23, 13, 24], [14, 2, 15, 1], [16, 9, 17, 10], [18, 4, 19, 3], [20, 11, 21, 12], [22, 6, 23, 5], [24, 7, 1, 8], [2, 18, 3, 17], [4, 22, 5, 21]]"
12a_1225_60,"[[5, 23, 6, 22], [7, 15, 8, 14], [9, 16, 10, 17], [11, 20, 12, 21], [13, 24, 14, 1], [15, 3, 16, 2], [17, 10, 18, 11], [19, 5, 20, 4], [21, 12, 22, 13], [23, 7, 24, 6], [1, 8, 2, 9], [3, 19, 4, 18]]"
12a_1225_61,"[[3, 19, 4, 18], [5, 23, 6, 22], [7, 15, 8, 14], [9, 16, 10, 17], [11, 20, 12, 21], [13, 24, 14, 1], [15, 3, 16, 2], [17, 10, 18, 11], [19, 5, 20, 4], [21, 12, 22, 13], [23, 7, 24, 6], [1, 8, 2, 9]]"
12a_1225_62,"[[1, 8, 2, 9], [3, 19, 4, 18], [5, 23, 6, 22], [7, 15, 8, 14], [9, 16, 10, 17], [11, 20, 12, 21], [13, 24, 14, 1], [15, 3, 16, 2], [17, 10, 18, 11], [19, 5, 20, 4], [21, 12, 22, 13], [23, 7, 24, 6]]"
12a_1225_63,"[[23, 7, 24, 6], [1, 8, 2, 9], [3, 19, 4, 18], [5, 23, 6, 22], [7, 15, 8, 14], [9, 16, 10, 17], [11, 20, 12, 21], [13, 24, 14, 1], [15, 3, 16, 2], [17, 10, 18, 11], [19, 5, 20, 4], [21, 12, 22, 13]]"
12a_1225_64,"[[21, 12, 22, 13], [23, 7, 24, 6], [1, 8, 2, 9], [3, 19, 4, 18], [5, 23, 6, 22], [7, 15, 8, 14], [9, 16, 10, 17], [11, 20, 12, 21], [13, 24, 14, 1], [15, 3, 16, 2], [17, 10, 18, 11], [19, 5, 20, 4]]"
12a_1225_65,"[[19, 5, 20, 4], [21, 12, 22, 13], [23, 7, 24, 6], [1, 8, 2, 9], [3, 19, 4, 18], [5, 23, 6, 22], [7, 15, 8, 14], [9, 16, 10, 17], [11, 20, 12, 21], [13, 24, 14, 1], [15, 3, 16, 2], [17, 10, 18, 11]]"
12a_1225_66,"[[17, 10, 18, 11], [19, 5, 20, 4], [21, 12, 22, 13], [23, 7, 24, 6], [1, 8, 2, 9], [3, 19, 4, 18], [5, 23, 6, 22], [7, 15, 8, 14], [9, 16, 10, 17], [11, 20, 12, 21], [13, 24, 14, 1], [15, 3, 16, 2]]"
12a_1225_67,"[[15, 3, 16, 2], [17, 10, 18, 11], [19, 5, 20, 4], [21, 12, 22, 13], [23, 7, 24, 6], [1, 8, 2, 9], [3, 19, 4, 18], [5, 23, 6, 22], [7, 15, 8, 14], [9, 16, 10, 17], [11, 20, 12, 21], [13, 24, 14, 1]]"
12a_1225_68,"[[13, 24, 14, 1], [15, 3, 16, 2], [17, 10, 18, 11], [19, 5, 20, 4], [21, 12, 22, 13], [23, 7, 24, 6], [1, 8, 2, 9], [3, 19, 4, 18], [5, 23, 6, 22], [7, 15, 8, 14], [9, 16, 10, 17], [11, 20, 12, 21]]"
12a_1225_69,"[[11, 20, 12, 21], [13, 24, 14, 1], [15, 3, 16, 2], [17, 10, 18, 11], [19, 5, 20, 4], [21, 12, 22, 13], [23, 7, 24, 6], [1, 8, 2, 9], [3, 19, 4, 18], [5, 23, 6, 22], [7, 15, 8, 14], [9, 16, 10, 17]]"
12a_1225_70,"[[9, 16, 10, 17], [11, 20, 12, 21], [13, 24, 14, 1], [15, 3, 16, 2], [17, 10, 18, 11], [19, 5, 20, 4], [21, 12, 22, 13], [23, 7, 24, 6], [1, 8, 2, 9], [3, 19, 4, 18], [5, 23, 6, 22], [7, 15, 8, 14]]"
12a_1225_71,"[[7, 15, 8, 14], [9, 16, 10, 17], [11, 20, 12, 21], [13, 24, 14, 1], [15, 3, 16, 2], [17, 10, 18, 11], [19, 5, 20, 4], [21, 12, 22, 13], [23, 7, 24, 6], [1, 8, 2, 9], [3, 19, 4, 18], [5, 23, 6, 22]]"
12a_1225_72,"[[6, 24, 7, 23], [8, 16, 9, 15], [10, 17, 11, 18], [12, 21, 13, 22], [14, 1, 15, 2], [16, 4, 17, 3], [18, 11, 19, 12], [20, 6, 21, 5], [22, 13, 23, 14], [24, 8, 1, 7], [2, 9, 3, 10], [4, 20, 5, 19]]"
12a_1225_73,"[[4, 20, 5, 19], [6, 24, 7, 23], [8, 16, 9, 15], [10, 17, 11, 18], [12, 21, 13, 22], [14, 1, 15, 2], [16, 4, 17, 3], [18, 11, 19, 12], [20, 6, 21, 5], [22, 13, 23, 14], [24, 8, 1, 7], [2, 9, 3, 10]]"
12a_1225_74,"[[2, 9, 3, 10], [4, 20, 5, 19], [6, 24, 7, 23], [8, 16, 9, 15], [10, 17, 11, 18], [12, 21, 13, 22], [14, 1, 15, 2], [16, 4, 17, 3], [18, 11, 19, 12], [20, 6, 21, 5], [22, 13, 23, 14], [24, 8, 1, 7]]"
12a_1225_75,"[[24, 8, 1, 7], [2, 9, 3, 10], [4, 20, 5, 19], [6, 24, 7, 23], [8, 16, 9, 15], [10, 17, 11, 18], [12, 21, 13, 22], [14, 1, 15, 2], [16, 4, 17, 3], [18, 11, 19, 12], [20, 6, 21, 5], [22, 13, 23, 14]]"
12a_1225_76,"[[22, 13, 23, 14], [24, 8, 1, 7], [2, 9, 3, 10], [4, 20, 5, 19], [6, 24, 7, 23], [8, 16, 9, 15], [10, 17, 11, 18], [12, 21, 13, 22], [14, 1, 15, 2], [16, 4, 17, 3], [18, 11, 19, 12], [20, 6, 21, 5]]"
12a_1225_77,"[[20, 6, 21, 5], [22, 13, 23, 14], [24, 8, 1, 7], [2, 9, 3, 10], [4, 20, 5, 19], [6, 24, 7, 23], [8, 16, 9, 15], [10, 17, 11, 18], [12, 21, 13, 22], [14, 1, 15, 2], [16, 4, 17, 3], [18, 11, 19, 12]]"
12a_1225_78,"[[18, 11, 19, 12], [20, 6, 21, 5], [22, 13, 23, 14], [24, 8, 1, 7], [2, 9, 3, 10], [4, 20, 5, 19], [6, 24, 7, 23], [8, 16, 9, 15], [10, 17, 11, 18], [12, 21, 13, 22], [14, 1, 15, 2], [16, 4, 17, 3]]"
12a_1225_79,"[[16, 4, 17, 3], [18, 11, 19, 12], [20, 6, 21, 5], [22, 13, 23, 14], [24, 8, 1, 7], [2, 9, 3, 10], [4, 20, 5, 19], [6, 24, 7, 23], [8, 16, 9, 15], [10, 17, 11, 18], [12, 21, 13, 22], [14, 1, 15, 2]]"
12a_1225_80,"[[14, 1, 15, 2], [16, 4, 17, 3], [18, 11, 19, 12], [20, 6, 21, 5], [22, 13, 23, 14], [24, 8, 1, 7], [2, 9, 3, 10], [4, 20, 5, 19], [6, 24, 7, 23], [8, 16, 9, 15], [10, 17, 11, 18], [12, 21, 13, 22]]"
12a_1225_81,"[[12, 21, 13, 22], [14, 1, 15, 2], [16, 4, 17, 3], [18, 11, 19, 12], [20, 6, 21, 5], [22, 13, 23, 14], [24, 8, 1, 7], [2, 9, 3, 10], [4, 20, 5, 19], [6, 24, 7, 23], [8, 16, 9, 15], [10, 17, 11, 18]]"
12a_1225_82,"[[10, 17, 11, 18], [12, 21, 13, 22], [14, 1, 15, 2], [16, 4, 17, 3], [18, 11, 19, 12], [20, 6, 21, 5], [22, 13, 23, 14], [24, 8, 1, 7], [2, 9, 3, 10], [4, 20, 5, 19], [6, 24, 7, 23], [8, 16, 9, 15]]"
12a_1225_83,"[[8, 16, 9, 15], [10, 17, 11, 18], [12, 21, 13, 22], [14, 1, 15, 2], [16, 4, 17, 3], [18, 11, 19, 12], [20, 6, 21, 5], [22, 13, 23, 14], [24, 8, 1, 7], [2, 9, 3, 10], [4, 20, 5, 19], [6, 24, 7, 23]]"
12a_1225_84,"[[7, 1, 8, 24], [9, 17, 10, 16], [11, 18, 12, 19], [13, 22, 14, 23], [15, 2, 16, 3], [17, 5, 18, 4], [19, 12, 20, 13], [21, 7, 22, 6], [23, 14, 24, 15], [1, 9, 2, 8], [3, 10, 4, 11], [5, 21, 6, 20]]"
12a_1225_85,"[[5, 21, 6, 20], [7, 1, 8, 24], [9, 17, 10, 16], [11, 18, 12, 19], [13, 22, 14, 23], [15, 2, 16, 3], [17, 5, 18, 4], [19, 12, 20, 13], [21, 7, 22, 6], [23, 14, 24, 15], [1, 9, 2, 8], [3, 10, 4, 11]]"
12a_1225_86,"[[3, 10, 4, 11], [5, 21, 6, 20], [7, 1, 8, 24], [9, 17, 10, 16], [11, 18, 12, 19], [13, 22, 14, 23], [15, 2, 16, 3], [17, 5, 18, 4], [19, 12, 20, 13], [21, 7, 22, 6], [23, 14, 24, 15], [1, 9, 2, 8]]"
12a_1225_87,"[[1, 9, 2, 8], [3, 10, 4, 11], [5, 21, 6, 20], [7, 1, 8, 24], [9, 17, 10, 16], [11, 18, 12, 19], [13, 22, 14, 23], [15, 2, 16, 3], [17, 5, 18, 4], [19, 12, 20, 13], [21, 7, 22, 6], [23, 14, 24, 15]]"
12a_1225_88,"[[23, 14, 24, 15], [1, 9, 2, 8], [3, 10, 4, 11], [5, 21, 6, 20], [7, 1, 8, 24], [9, 17, 10, 16], [11, 18, 12, 19], [13, 22, 14, 23], [15, 2, 16, 3], [17, 5, 18, 4], [19, 12, 20, 13], [21, 7, 22, 6]]"
12a_1225_89,"[[21, 7, 22, 6], [23, 14, 24, 15], [1, 9, 2, 8], [3, 10, 4, 11], [5, 21, 6, 20], [7, 1, 8, 24], [9, 17, 10, 16], [11, 18, 12, 19], [13, 22, 14, 23], [15, 2, 16, 3], [17, 5, 18, 4], [19, 12, 20, 13]]"
12a_1225_90,"[[19, 12, 20, 13], [21, 7, 22, 6], [23, 14, 24, 15], [1, 9, 2, 8], [3, 10, 4, 11], [5, 21, 6, 20], [7, 1, 8, 24], [9, 17, 10, 16], [11, 18, 12, 19], [13, 22, 14, 23], [15, 2, 16, 3], [17, 5, 18, 4]]"
12a_1225_91,"[[17, 5, 18, 4], [19, 12, 20, 13], [21, 7, 22, 6], [23, 14, 24, 15], [1, 9, 2, 8], [3, 10, 4, 11], [5, 21, 6, 20], [7, 1, 8, 24], [9, 17, 10, 16], [11, 18, 12, 19], [13, 22, 14, 23], [15, 2, 16, 3]]"
12a_1225_92,"[[15, 2, 16, 3], [17, 5, 18, 4], [19, 12, 20, 13], [21, 7, 22, 6], [23, 14, 24, 15], [1, 9, 2, 8], [3, 10, 4, 11], [5, 21, 6, 20], [7, 1, 8, 24], [9, 17, 10, 16], [11, 18, 12, 19], [13, 22, 14, 23]]"
12a_1225_93,"[[13, 22, 14, 23], [15, 2, 16, 3], [17, 5, 18, 4], [19, 12, 20, 13], [21, 7, 22, 6], [23, 14, 24, 15], [1, 9, 2, 8], [3, 10, 4, 11], [5, 21, 6, 20], [7, 1, 8, 24], [9, 17, 10, 16], [11, 18, 12, 19]]"
12a_1225_94,"[[11, 18, 12, 19], [13, 22, 14, 23], [15, 2, 16, 3], [17, 5, 18, 4], [19, 12, 20, 13], [21, 7, 22, 6], [23, 14, 24, 15], [1, 9, 2, 8], [3, 10, 4, 11], [5, 21, 6, 20], [7, 1, 8, 24], [9, 17, 10, 16]]"
12a_1225_95,"[[9, 17, 10, 16], [11, 18, 12, 19], [13, 22, 14, 23], [15, 2, 16, 3], [17, 5, 18, 4], [19, 12, 20, 13], [21, 7, 22, 6], [23, 14, 24, 15], [1, 9, 2, 8], [3, 10, 4, 11], [5, 21, 6, 20], [7, 1, 8, 24]]"
12a_1225_96,"[[8, 2, 9, 1], [10, 18, 11, 17], [12, 19, 13, 20], [14, 23, 15, 24], [16, 3, 17, 4], [18, 6, 19, 5], [20, 13, 21, 14], [22, 8, 23, 7], [24, 15, 1, 16], [2, 10, 3, 9], [4, 11, 5, 12], [6, 22, 7, 21]]"
12a_1225_97,"[[6, 22, 7, 21], [8, 2, 9, 1], [10, 18, 11, 17], [12, 19, 13, 20], [14, 23, 15, 24], [16, 3, 17, 4], [18, 6, 19, 5], [20, 13, 21, 14], [22, 8, 23, 7], [24, 15, 1, 16], [2, 10, 3, 9], [4, 11, 5, 12]]"
12a_1225_98,"[[4, 11, 5, 12], [6, 22, 7, 21], [8, 2, 9, 1], [10, 18, 11, 17], [12, 19, 13, 20], [14, 23, 15, 24], [16, 3, 17, 4], [18, 6, 19, 5], [20, 13, 21, 14], [22, 8, 23, 7], [24, 15, 1, 16], [2, 10, 3, 9]]"
12a_1225_99,"[[2, 10, 3, 9], [4, 11, 5, 12], [6, 22, 7, 21], [8, 2, 9, 1], [10, 18, 11, 17], [12, 19, 13, 20], [14, 23, 15, 24], [16, 3, 17, 4], [18, 6, 19, 5], [20, 13, 21, 14], [22, 8, 23, 7], [24, 15, 1, 16]]"
12a_1225_100,"[[24, 15, 1, 16], [2, 10, 3, 9], [4, 11, 5, 12], [6, 22, 7, 21], [8, 2, 9, 1], [10, 18, 11, 17], [12, 19, 13, 20], [14, 23, 15, 24], [16, 3, 17, 4], [18, 6, 19, 5], [20, 13, 21, 14], [22, 8, 23, 7]]"
12a_1225_101,"[[22, 8, 23, 7], [24, 15, 1, 16], [2, 10, 3, 9], [4, 11, 5, 12], [6, 22, 7, 21], [8, 2, 9, 1], [10, 18, 11, 17], [12, 19, 13, 20], [14, 23, 15, 24], [16, 3, 17, 4], [18, 6, 19, 5], [20, 13, 21, 14]]"
12a_1225_102,"[[20, 13, 21, 14], [22, 8, 23, 7], [24, 15, 1, 16], [2, 10, 3, 9], [4, 11, 5, 12], [6, 22, 7, 21], [8, 2, 9, 1], [10, 18, 11, 17], [12, 19, 13, 20], [14, 23, 15, 24], [16, 3, 17, 4], [18, 6, 19, 5]]"
12a_1225_103,"[[18, 6, 19, 5], [20, 13, 21, 14], [22, 8, 23, 7], [24, 15, 1, 16], [2, 10, 3, 9], [4, 11, 5, 12], [6, 22, 7, 21], [8, 2, 9, 1], [10, 18, 11, 17], [12, 19, 13, 20], [14, 23, 15, 24], [16, 3, 17, 4]]"
12a_1225_104,"[[16, 3, 17, 4], [18, 6, 19, 5], [20, 13, 21, 14], [22, 8, 23, 7], [24, 15, 1, 16], [2, 10, 3, 9], [4, 11, 5, 12], [6, 22, 7, 21], [8, 2, 9, 1], [10, 18, 11, 17], [12, 19, 13, 20], [14, 23, 15, 24]]"
12a_1225_105,"[[14, 23, 15, 24], [16, 3, 17, 4], [18, 6, 19, 5], [20, 13, 21, 14], [22, 8, 23, 7], [24, 15, 1, 16], [2, 10, 3, 9], [4, 11, 5, 12], [6, 22, 7, 21], [8, 2, 9, 1], [10, 18, 11, 17], [12, 19, 13, 20]]"
12a_1225_106,"[[12, 19, 13, 20], [14, 23, 15, 24], [16, 3, 17, 4], [18, 6, 19, 5], [20, 13, 21, 14], [22, 8, 23, 7], [24, 15, 1, 16], [2, 10, 3, 9], [4, 11, 5, 12], [6, 22, 7, 21], [8, 2, 9, 1], [10, 18, 11, 17]]"
12a_1225_107,"[[10, 18, 11, 17], [12, 19, 13, 20], [14, 23, 15, 24], [16, 3, 17, 4], [18, 6, 19, 5], [20, 13, 21, 14], [22, 8, 23, 7], [24, 15, 1, 16], [2, 10, 3, 9], [4, 11, 5, 12], [6, 22, 7, 21], [8, 2, 9, 1]]"
12a_1225_108,"[[9, 3, 10, 2], [11, 19, 12, 18], [13, 20, 14, 21], [15, 24, 16, 1], [17, 4, 18, 5], [19, 7, 20, 6], [21, 14, 22, 15], [23, 9, 24, 8], [1, 16, 2, 17], [3, 11, 4, 10], [5, 12, 6, 13], [7, 23, 8, 22]]"
12a_1225_109,"[[7, 23, 8, 22], [9, 3, 10, 2], [11, 19, 12, 18], [13, 20, 14, 21], [15, 24, 16, 1], [17, 4, 18, 5], [19, 7, 20, 6], [21, 14, 22, 15], [23, 9, 24, 8], [1, 16, 2, 17], [3, 11, 4, 10], [5, 12, 6, 13]]"
12a_1225_110,"[[5, 12, 6, 13], [7, 23, 8, 22], [9, 3, 10, 2], [11, 19, 12, 18], [13, 20, 14, 21], [15, 24, 16, 1], [17, 4, 18, 5], [19, 7, 20, 6], [21, 14, 22, 15], [23, 9, 24, 8], [1, 16, 2, 17], [3, 11, 4, 10]]"
12a_1225_111,"[[3, 11, 4, 10], [5, 12, 6, 13], [7, 23, 8, 22], [9, 3, 10, 2], [11, 19, 12, 18], [13, 20, 14, 21], [15, 24, 16, 1], [17, 4, 18, 5], [19, 7, 20, 6], [21, 14, 22, 15], [23, 9, 24, 8], [1, 16, 2, 17]]"
12a_1225_112,"[[1, 16, 2, 17], [3, 11, 4, 10], [5, 12, 6, 13], [7, 23, 8, 22], [9, 3, 10, 2], [11, 19, 12, 18], [13, 20, 14, 21], [15, 24, 16, 1], [17, 4, 18, 5], [19, 7, 20, 6], [21, 14, 22, 15], [23, 9, 24, 8]]"
12a_1225_113,"[[23, 9, 24, 8], [1, 16, 2, 17], [3, 11, 4, 10], [5, 12, 6, 13], [7, 23, 8, 22], [9, 3, 10, 2], [11, 19, 12, 18], [13, 20, 14, 21], [15, 24, 16, 1], [17, 4, 18, 5], [19, 7, 20, 6], [21, 14, 22, 15]]"
12a_1225_114,"[[21, 14, 22, 15], [23, 9, 24, 8], [1, 16, 2, 17], [3, 11, 4, 10], [5, 12, 6, 13], [7, 23, 8, 22], [9, 3, 10, 2], [11, 19, 12, 18], [13, 20, 14, 21], [15, 24, 16, 1], [17, 4, 18, 5], [19, 7, 20, 6]]"
12a_1225_115,"[[19, 7, 20, 6], [21, 14, 22, 15], [23, 9, 24, 8], [1, 16, 2, 17], [3, 11, 4, 10], [5, 12, 6, 13], [7, 23, 8, 22], [9, 3, 10, 2], [11, 19, 12, 18], [13, 20, 14, 21], [15, 24, 16, 1], [17, 4, 18, 5]]"
12a_1225_116,"[[17, 4, 18, 5], [19, 7, 20, 6], [21, 14, 22, 15], [23, 9, 24, 8], [1, 16, 2, 17], [3, 11, 4, 10], [5, 12, 6, 13], [7, 23, 8, 22], [9, 3, 10, 2], [11, 19, 12, 18], [13, 20, 14, 21], [15, 24, 16, 1]]"
12a_1225_117,"[[15, 24, 16, 1], [17, 4, 18, 5], [19, 7, 20, 6], [21, 14, 22, 15], [23, 9, 24, 8], [1, 16, 2, 17], [3, 11, 4, 10], [5, 12, 6, 13], [7, 23, 8, 22], [9, 3, 10, 2], [11, 19, 12, 18], [13, 20, 14, 21]]"
12a_1225_118,"[[13, 20, 14, 21], [15, 24, 16, 1], [17, 4, 18, 5], [19, 7, 20, 6], [21, 14, 22, 15], [23, 9, 24, 8], [1, 16, 2, 17], [3, 11, 4, 10], [5, 12, 6, 13], [7, 23, 8, 22], [9, 3, 10, 2], [11, 19, 12, 18]]"
12a_1225_119,"[[11, 19, 12, 18], [13, 20, 14, 21], [15, 24, 16, 1], [17, 4, 18, 5], [19, 7, 20, 6], [21, 14, 22, 15], [23, 9, 24, 8], [1, 16, 2, 17], [3, 11, 4, 10], [5, 12, 6, 13], [7, 23, 8, 22], [9, 3, 10, 2]]"
12a_1225_120,"[[10, 4, 11, 3], [12, 20, 13, 19], [14, 21, 15, 22], [16, 1, 17, 2], [18, 5, 19, 6], [20, 8, 21, 7], [22, 15, 23, 16], [24, 10, 1, 9], [2, 17, 3, 18], [4, 12, 5, 11], [6, 13, 7, 14], [8, 24, 9, 23]]"
12a_1225_121,"[[8, 24, 9, 23], [10, 4, 11, 3], [12, 20, 13, 19], [14, 21, 15, 22], [16, 1, 17, 2], [18, 5, 19, 6], [20, 8, 21, 7], [22, 15, 23, 16], [24, 10, 1, 9], [2, 17, 3, 18], [4, 12, 5, 11], [6, 13, 7, 14]]"
12a_1225_122,"[[6, 13, 7, 14], [8, 24, 9, 23], [10, 4, 11, 3], [12, 20, 13, 19], [14, 21, 15, 22], [16, 1, 17, 2], [18, 5, 19, 6], [20, 8, 21, 7], [22, 15, 23, 16], [24, 10, 1, 9], [2, 17, 3, 18], [4, 12, 5, 11]]"
12a_1225_123,"[[4, 12, 5, 11], [6, 13, 7, 14], [8, 24, 9, 23], [10, 4, 11, 3], [12, 20, 13, 19], [14, 21, 15, 22], [16, 1, 17, 2], [18, 5, 19, 6], [20, 8, 21, 7], [22, 15, 23, 16], [24, 10, 1, 9], [2, 17, 3, 18]]"
12a_1225_124,"[[2, 17, 3, 18], [4, 12, 5, 11], [6, 13, 7, 14], [8, 24, 9, 23], [10, 4, 11, 3], [12, 20, 13, 19], [14, 21, 15, 22], [16, 1, 17, 2], [18, 5, 19, 6], [20, 8, 21, 7], [22, 15, 23, 16], [24, 10, 1, 9]]"
12a_1225_125,"[[24, 10, 1, 9], [2, 17, 3, 18], [4, 12, 5, 11], [6, 13, 7, 14], [8, 24, 9, 23], [10, 4, 11, 3], [12, 20, 13, 19], [14, 21, 15, 22], [16, 1, 17, 2], [18, 5, 19, 6], [20, 8, 21, 7], [22, 15, 23, 16]]"
12a_1225_126,"[[22, 15, 23, 16], [24, 10, 1, 9], [2, 17, 3, 18], [4, 12, 5, 11], [6, 13, 7, 14], [8, 24, 9, 23], [10, 4, 11, 3], [12, 20, 13, 19], [14, 21, 15, 22], [16, 1, 17, 2], [18, 5, 19, 6], [20, 8, 21, 7]]"
12a_1225_127,"[[20, 8, 21, 7], [22, 15, 23, 16], [24, 10, 1, 9], [2, 17, 3, 18], [4, 12, 5, 11], [6, 13, 7, 14], [8, 24, 9, 23], [10, 4, 11, 3], [12, 20, 13, 19], [14, 21, 15, 22], [16, 1, 17, 2], [18, 5, 19, 6]]"
12a_1225_128,"[[18, 5, 19, 6], [20, 8, 21, 7], [22, 15, 23, 16], [24, 10, 1, 9], [2, 17, 3, 18], [4, 12, 5, 11], [6, 13, 7, 14], [8, 24, 9, 23], [10, 4, 11, 3], [12, 20, 13, 19], [14, 21, 15, 22], [16, 1, 17, 2]]"
12a_1225_129,"[[16, 1, 17, 2], [18, 5, 19, 6], [20, 8, 21, 7], [22, 15, 23, 16], [24, 10, 1, 9], [2, 17, 3, 18], [4, 12, 5, 11], [6, 13, 7, 14], [8, 24, 9, 23], [10, 4, 11, 3], [12, 20, 13, 19], [14, 21, 15, 22]]"
12a_1225_130,"[[14, 21, 15, 22], [16, 1, 17, 2], [18, 5, 19, 6], [20, 8, 21, 7], [22, 15, 23, 16], [24, 10, 1, 9], [2, 17, 3, 18], [4, 12, 5, 11], [6, 13, 7, 14], [8, 24, 9, 23], [10, 4, 11, 3], [12, 20, 13, 19]]"
12a_1225_131,"[[12, 20, 13, 19], [14, 21, 15, 22], [16, 1, 17, 2], [18, 5, 19, 6], [20, 8, 21, 7], [22, 15, 23, 16], [24, 10, 1, 9], [2, 17, 3, 18], [4, 12, 5, 11], [6, 13, 7, 14], [8, 24, 9, 23], [10, 4, 11, 3]]"
12a_1225_132,"[[11, 5, 12, 4], [13, 21, 14, 20], [15, 22, 16, 23], [17, 2, 18, 3], [19, 6, 20, 7], [21, 9, 22, 8], [23, 16, 24, 17], [1, 11, 2, 10], [3, 18, 4, 19], [5, 13, 6, 12], [7, 14, 8, 15], [9, 1, 10, 24]]"
12a_1225_133,"[[9, 1, 10, 24], [11, 5, 12, 4], [13, 21, 14, 20], [15, 22, 16, 23], [17, 2, 18, 3], [19, 6, 20, 7], [21, 9, 22, 8], [23, 16, 24, 17], [1, 11, 2, 10], [3, 18, 4, 19], [5, 13, 6, 12], [7, 14, 8, 15]]"
12a_1225_134,"[[7, 14, 8, 15], [9, 1, 10, 24], [11, 5, 12, 4], [13, 21, 14, 20], [15, 22, 16, 23], [17, 2, 18, 3], [19, 6, 20, 7], [21, 9, 22, 8], [23, 16, 24, 17], [1, 11, 2, 10], [3, 18, 4, 19], [5, 13, 6, 12]]"
12a_1225_135,"[[5, 13, 6, 12], [7, 14, 8, 15], [9, 1, 10, 24], [11, 5, 12, 4], [13, 21, 14, 20], [15, 22, 16, 23], [17, 2, 18, 3], [19, 6, 20, 7], [21, 9, 22, 8], [23, 16, 24, 17], [1, 11, 2, 10], [3, 18, 4, 19]]"
12a_1225_136,"[[3, 18, 4, 19], [5, 13, 6, 12], [7, 14, 8, 15], [9, 1, 10, 24], [11, 5, 12, 4], [13, 21, 14, 20], [15, 22, 16, 23], [17, 2, 18, 3], [19, 6, 20, 7], [21, 9, 22, 8], [23, 16, 24, 17], [1, 11, 2, 10]]"
12a_1225_137,"[[1, 11, 2, 10], [3, 18, 4, 19], [5, 13, 6, 12], [7, 14, 8, 15], [9, 1, 10, 24], [11, 5, 12, 4], [13, 21, 14, 20], [15, 22, 16, 23], [17, 2, 18, 3], [19, 6, 20, 7], [21, 9, 22, 8], [23, 16, 24, 17]]"
12a_1225_138,"[[23, 16, 24, 17], [1, 11, 2, 10], [3, 18, 4, 19], [5, 13, 6, 12], [7, 14, 8, 15], [9, 1, 10, 24], [11, 5, 12, 4], [13, 21, 14, 20], [15, 22, 16, 23], [17, 2, 18, 3], [19, 6, 20, 7], [21, 9, 22, 8]]"
12a_1225_139,"[[21, 9, 22, 8], [23, 16, 24, 17], [1, 11, 2, 10], [3, 18, 4, 19], [5, 13, 6, 12], [7, 14, 8, 15], [9, 1, 10, 24], [11, 5, 12, 4], [13, 21, 14, 20], [15, 22, 16, 23], [17, 2, 18, 3], [19, 6, 20, 7]]"
12a_1225_140,"[[19, 6, 20, 7], [21, 9, 22, 8], [23, 16, 24, 17], [1, 11, 2, 10], [3, 18, 4, 19], [5, 13, 6, 12], [7, 14, 8, 15], [9, 1, 10, 24], [11, 5, 12, 4], [13, 21, 14, 20], [15, 22, 16, 23], [17, 2, 18, 3]]"
12a_1225_141,"[[17, 2, 18, 3], [19, 6, 20, 7], [21, 9, 22, 8], [23, 16, 24, 17], [1, 11, 2, 10], [3, 18, 4, 19], [5, 13, 6, 12], [7, 14, 8, 15], [9, 1, 10, 24], [11, 5, 12, 4], [13, 21, 14, 20], [15, 22, 16, 23]]"
12a_1225_142,"[[15, 22, 16, 23], [17, 2, 18, 3], [19, 6, 20, 7], [21, 9, 22, 8], [23, 16, 24, 17], [1, 11, 2, 10], [3, 18, 4, 19], [5, 13, 6, 12], [7, 14, 8, 15], [9, 1, 10, 24], [11, 5, 12, 4], [13, 21, 14, 20]]"
12a_1225_143,"[[13, 21, 14, 20], [15, 22, 16, 23], [17, 2, 18, 3], [19, 6, 20, 7], [21, 9, 22, 8], [23, 16, 24, 17], [1, 11, 2, 10], [3, 18, 4, 19], [5, 13, 6, 12], [7, 14, 8, 15], [9, 1, 10, 24], [11, 5, 12, 4]]"
12a_1225_144,"[[12, 6, 13, 5], [14, 22, 15, 21], [16, 23, 17, 24], [18, 3, 19, 4], [20, 7, 21, 8], [22, 10, 23, 9], [24, 17, 1, 18], [2, 12, 3, 11], [4, 19, 5, 20], [6, 14, 7, 13], [8, 15, 9, 16], [10, 2, 11, 1]]"
12a_1225_145,"[[10, 2, 11, 1], [12, 6, 13, 5], [14, 22, 15, 21], [16, 23, 17, 24], [18, 3, 19, 4], [20, 7, 21, 8], [22, 10, 23, 9], [24, 17, 1, 18], [2, 12, 3, 11], [4, 19, 5, 20], [6, 14, 7, 13], [8, 15, 9, 16]]"
12a_1225_146,"[[8, 15, 9, 16], [10, 2, 11, 1], [12, 6, 13, 5], [14, 22, 15, 21], [16, 23, 17, 24], [18, 3, 19, 4], [20, 7, 21, 8], [22, 10, 23, 9], [24, 17, 1, 18], [2, 12, 3, 11], [4, 19, 5, 20], [6, 14, 7, 13]]"
12a_1225_147,"[[6, 14, 7, 13], [8, 15, 9, 16], [10, 2, 11, 1], [12, 6, 13, 5], [14, 22, 15, 21], [16, 23, 17, 24], [18, 3, 19, 4], [20, 7, 21, 8], [22, 10, 23, 9], [24, 17, 1, 18], [2, 12, 3, 11], [4, 19, 5, 20]]"
12a_1225_148,"[[4, 19, 5, 20], [6, 14, 7, 13], [8, 15, 9, 16], [10, 2, 11, 1], [12, 6, 13, 5], [14, 22, 15, 21], [16, 23, 17, 24], [18, 3, 19, 4], [20, 7, 21, 8], [22, 10, 23, 9], [24, 17, 1, 18], [2, 12, 3, 11]]"
12a_1225_149,"[[2, 12, 3, 11], [4, 19, 5, 20], [6, 14, 7, 13], [8, 15, 9, 16], [10, 2, 11, 1], [12, 6, 13, 5], [14, 22, 15, 21], [16, 23, 17, 24], [18, 3, 19, 4], [20, 7, 21, 8], [22, 10, 23, 9], [24, 17, 1, 18]]"
12a_1225_150,"[[24, 17, 1, 18], [2, 12, 3, 11], [4, 19, 5, 20], [6, 14, 7, 13], [8, 15, 9, 16], [10, 2, 11, 1], [12, 6, 13, 5], [14, 22, 15, 21], [16, 23, 17, 24], [18, 3, 19, 4], [20, 7, 21, 8], [22, 10, 23, 9]]"
12a_1225_151,"[[22, 10, 23, 9], [24, 17, 1, 18], [2, 12, 3, 11], [4, 19, 5, 20], [6, 14, 7, 13], [8, 15, 9, 16], [10, 2, 11, 1], [12, 6, 13, 5], [14, 22, 15, 21], [16, 23, 17, 24], [18, 3, 19, 4], [20, 7, 21, 8]]"
12a_1225_152,"[[20, 7, 21, 8], [22, 10, 23, 9], [24, 17, 1, 18], [2, 12, 3, 11], [4, 19, 5, 20], [6, 14, 7, 13], [8, 15, 9, 16], [10, 2, 11, 1], [12, 6, 13, 5], [14, 22, 15, 21], [16, 23, 17, 24], [18, 3, 19, 4]]"
12a_1225_153,"[[18, 3, 19, 4], [20, 7, 21, 8], [22, 10, 23, 9], [24, 17, 1, 18], [2, 12, 3, 11], [4, 19, 5, 20], [6, 14, 7, 13], [8, 15, 9, 16], [10, 2, 11, 1], [12, 6, 13, 5], [14, 22, 15, 21], [16, 23, 17, 24]]"
12a_1225_154,"[[16, 23, 17, 24], [18, 3, 19, 4], [20, 7, 21, 8], [22, 10, 23, 9], [24, 17, 1, 18], [2, 12, 3, 11], [4, 19, 5, 20], [6, 14, 7, 13], [8, 15, 9, 16], [10, 2, 11, 1], [12, 6, 13, 5], [14, 22, 15, 21]]"
12a_1225_155,"[[14, 22, 15, 21], [16, 23, 17, 24], [18, 3, 19, 4], [20, 7, 21, 8], [22, 10, 23, 9], [24, 17, 1, 18], [2, 12, 3, 11], [4, 19, 5, 20], [6, 14, 7, 13], [8, 15, 9, 16], [10, 2, 11, 1], [12, 6, 13, 5]]"
12a_1225_156,"[[13, 7, 14, 6], [15, 23, 16, 22], [17, 24, 18, 1], [19, 4, 20, 5], [21, 8, 22, 9], [23, 11, 24, 10], [1, 18, 2, 19], [3, 13, 4, 12], [5, 20, 6, 21], [7, 15, 8, 14], [9, 16, 10, 17], [11, 3, 12, 2]]"
12a_1225_157,"[[11, 3, 12, 2], [13, 7, 14, 6], [15, 23, 16, 22], [17, 24, 18, 1], [19, 4, 20, 5], [21, 8, 22, 9], [23, 11, 24, 10], [1, 18, 2, 19], [3, 13, 4, 12], [5, 20, 6, 21], [7, 15, 8, 14], [9, 16, 10, 17]]"
12a_1225_158,"[[9, 16, 10, 17], [11, 3, 12, 2], [13, 7, 14, 6], [15, 23, 16, 22], [17, 24, 18, 1], [19, 4, 20, 5], [21, 8, 22, 9], [23, 11, 24, 10], [1, 18, 2, 19], [3, 13, 4, 12], [5, 20, 6, 21], [7, 15, 8, 14]]"
12a_1225_159,"[[7, 15, 8, 14], [9, 16, 10, 17], [11, 3, 12, 2], [13, 7, 14, 6], [15, 23, 16, 22], [17, 24, 18, 1], [19, 4, 20, 5], [21, 8, 22, 9], [23, 11, 24, 10], [1, 18, 2, 19], [3, 13, 4, 12], [5, 20, 6, 21]]"
12a_1225_160,"[[5, 20, 6, 21], [7, 15, 8, 14], [9, 16, 10, 17], [11, 3, 12, 2], [13, 7, 14, 6], [15, 23, 16, 22], [17, 24, 18, 1], [19, 4, 20, 5], [21, 8, 22, 9], [23, 11, 24, 10], [1, 18, 2, 19], [3, 13, 4, 12]]"
12a_1225_161,"[[3, 13, 4, 12], [5, 20, 6, 21], [7, 15, 8, 14], [9, 16, 10, 17], [11, 3, 12, 2], [13, 7, 14, 6], [15, 23, 16, 22], [17, 24, 18, 1], [19, 4, 20, 5], [21, 8, 22, 9], [23, 11, 24, 10], [1, 18, 2, 19]]"
12a_1225_162,"[[1, 18, 2, 19], [3, 13, 4, 12], [5, 20, 6, 21], [7, 15, 8, 14], [9, 16, 10, 17], [11, 3, 12, 2], [13, 7, 14, 6], [15, 23, 16, 22], [17, 24, 18, 1], [19, 4, 20, 5], [21, 8, 22, 9], [23, 11, 24, 10]]"
12a_1225_163,"[[23, 11, 24, 10], [1, 18, 2, 19], [3, 13, 4, 12], [5, 20, 6, 21], [7, 15, 8, 14], [9, 16, 10, 17], [11, 3, 12, 2], [13, 7, 14, 6], [15, 23, 16, 22], [17, 24, 18, 1], [19, 4, 20, 5], [21, 8, 22, 9]]"
12a_1225_164,"[[21, 8, 22, 9], [23, 11, 24, 10], [1, 18, 2, 19], [3, 13, 4, 12], [5, 20, 6, 21], [7, 15, 8, 14], [9, 16, 10, 17], [11, 3, 12, 2], [13, 7, 14, 6], [15, 23, 16, 22], [17, 24, 18, 1], [19, 4, 20, 5]]"
12a_1225_165,"[[19, 4, 20, 5], [21, 8, 22, 9], [23, 11, 24, 10], [1, 18, 2, 19], [3, 13, 4, 12], [5, 20, 6, 21], [7, 15, 8, 14], [9, 16, 10, 17], [11, 3, 12, 2], [13, 7, 14, 6], [15, 23, 16, 22], [17, 24, 18, 1]]"
12a_1225_166,"[[17, 24, 18, 1], [19, 4, 20, 5], [21, 8, 22, 9], [23, 11, 24, 10], [1, 18, 2, 19], [3, 13, 4, 12], [5, 20, 6, 21], [7, 15, 8, 14], [9, 16, 10, 17], [11, 3, 12, 2], [13, 7, 14, 6], [15, 23, 16, 22]]"
12a_1225_167,"[[15, 23, 16, 22], [17, 24, 18, 1], [19, 4, 20, 5], [21, 8, 22, 9], [23, 11, 24, 10], [1, 18, 2, 19], [3, 13, 4, 12], [5, 20, 6, 21], [7, 15, 8, 14], [9, 16, 10, 17], [11, 3, 12, 2], [13, 7, 14, 6]]"
12a_1225_168,"[[14, 8, 15, 7], [16, 24, 17, 23], [18, 1, 19, 2], [20, 5, 21, 6], [22, 9, 23, 10], [24, 12, 1, 11], [2, 19, 3, 20], [4, 14, 5, 13], [6, 21, 7, 22], [8, 16, 9, 15], [10, 17, 11, 18], [12, 4, 13, 3]]"
12a_1225_169,"[[12, 4, 13, 3], [14, 8, 15, 7], [16, 24, 17, 23], [18, 1, 19, 2], [20, 5, 21, 6], [22, 9, 23, 10], [24, 12, 1, 11], [2, 19, 3, 20], [4, 14, 5, 13], [6, 21, 7, 22], [8, 16, 9, 15], [10, 17, 11, 18]]"
12a_1225_170,"[[10, 17, 11, 18], [12, 4, 13, 3], [14, 8, 15, 7], [16, 24, 17, 23], [18, 1, 19, 2], [20, 5, 21, 6], [22, 9, 23, 10], [24, 12, 1, 11], [2, 19, 3, 20], [4, 14, 5, 13], [6, 21, 7, 22], [8, 16, 9, 15]]"
12a_1225_171,"[[8, 16, 9, 15], [10, 17, 11, 18], [12, 4, 13, 3], [14, 8, 15, 7], [16, 24, 17, 23], [18, 1, 19, 2], [20, 5, 21, 6], [22, 9, 23, 10], [24, 12, 1, 11], [2, 19, 3, 20], [4, 14, 5, 13], [6, 21, 7, 22]]"
12a_1225_172,"[[6, 21, 7, 22], [8, 16, 9, 15], [10, 17, 11, 18], [12, 4, 13, 3], [14, 8, 15, 7], [16, 24, 17, 23], [18, 1, 19, 2], [20, 5, 21, 6], [22, 9, 23, 10], [24, 12, 1, 11], [2, 19, 3, 20], [4, 14, 5, 13]]"
12a_1225_173,"[[4, 14, 5, 13], [6, 21, 7, 22], [8, 16, 9, 15], [10, 17, 11, 18], [12, 4, 13, 3], [14, 8, 15, 7], [16, 24, 17, 23], [18, 1, 19, 2], [20, 5, 21, 6], [22, 9, 23, 10], [24, 12, 1, 11], [2, 19, 3, 20]]"
12a_1225_174,"[[2, 19, 3, 20], [4, 14, 5, 13], [6, 21, 7, 22], [8, 16, 9, 15], [10, 17, 11, 18], [12, 4, 13, 3], [14, 8, 15, 7], [16, 24, 17, 23], [18, 1, 19, 2], [20, 5, 21, 6], [22, 9, 23, 10], [24, 12, 1, 11]]"
12a_1225_175,"[[24, 12, 1, 11], [2, 19, 3, 20], [4, 14, 5, 13], [6, 21, 7, 22], [8, 16, 9, 15], [10, 17, 11, 18], [12, 4, 13, 3], [14, 8, 15, 7], [16, 24, 17, 23], [18, 1, 19, 2], [20, 5, 21, 6], [22, 9, 23, 10]]"
12a_1225_176,"[[22, 9, 23, 10], [24, 12, 1, 11], [2, 19, 3, 20], [4, 14, 5, 13], [6, 21, 7, 22], [8, 16, 9, 15], [10, 17, 11, 18], [12, 4, 13, 3], [14, 8, 15, 7], [16, 24, 17, 23], [18, 1, 19, 2], [20, 5, 21, 6]]"
12a_1225_177,"[[20, 5, 21, 6], [22, 9, 23, 10], [24, 12, 1, 11], [2, 19, 3, 20], [4, 14, 5, 13], [6, 21, 7, 22], [8, 16, 9, 15], [10, 17, 11, 18], [12, 4, 13, 3], [14, 8, 15, 7], [16, 24, 17, 23], [18, 1, 19, 2]]"
12a_1225_178,"[[18, 1, 19, 2], [20, 5, 21, 6], [22, 9, 23, 10], [24, 12, 1, 11], [2, 19, 3, 20], [4, 14, 5, 13], [6, 21, 7, 22], [8, 16, 9, 15], [10, 17, 11, 18], [12, 4, 13, 3], [14, 8, 15, 7], [16, 24, 17, 23]]"
12a_1225_179,"[[16, 24, 17, 23], [18, 1, 19, 2], [20, 5, 21, 6], [22, 9, 23, 10], [24, 12, 1, 11], [2, 19, 3, 20], [4, 14, 5, 13], [6, 21, 7, 22], [8, 16, 9, 15], [10, 17, 11, 18], [12, 4, 13, 3], [14, 8, 15, 7]]"
12a_1225_180,"[[15, 9, 16, 8], [17, 1, 18, 24], [19, 2, 20, 3], [21, 6, 22, 7], [23, 10, 24, 11], [1, 13, 2, 12], [3, 20, 4, 21], [5, 15, 6, 14], [7, 22, 8, 23], [9, 17, 10, 16], [11, 18, 12, 19], [13, 5, 14, 4]]"
12a_1225_181,"[[13, 5, 14, 4], [15, 9, 16, 8], [17, 1, 18, 24], [19, 2, 20, 3], [21, 6, 22, 7], [23, 10, 24, 11], [1, 13, 2, 12], [3, 20, 4, 21], [5, 15, 6, 14], [7, 22, 8, 23], [9, 17, 10, 16], [11, 18, 12, 19]]"
12a_1225_182,"[[11, 18, 12, 19], [13, 5, 14, 4], [15, 9, 16, 8], [17, 1, 18, 24], [19, 2, 20, 3], [21, 6, 22, 7], [23, 10, 24, 11], [1, 13, 2, 12], [3, 20, 4, 21], [5, 15, 6, 14], [7, 22, 8, 23], [9, 17, 10, 16]]"
12a_1225_183,"[[9, 17, 10, 16], [11, 18, 12, 19], [13, 5, 14, 4], [15, 9, 16, 8], [17, 1, 18, 24], [19, 2, 20, 3], [21, 6, 22, 7], [23, 10, 24, 11], [1, 13, 2, 12], [3, 20, 4, 21], [5, 15, 6, 14], [7, 22, 8, 23]]"
12a_1225_184,"[[7, 22, 8, 23], [9, 17, 10, 16], [11, 18, 12, 19], [13, 5, 14, 4], [15, 9, 16, 8], [17, 1, 18, 24], [19, 2, 20, 3], [21, 6, 22, 7], [23, 10, 24, 11], [1, 13, 2, 12], [3, 20, 4, 21], [5, 15, 6, 14]]"
12a_1225_185,"[[5, 15, 6, 14], [7, 22, 8, 23], [9, 17, 10, 16], [11, 18, 12, 19], [13, 5, 14, 4], [15, 9, 16, 8], [17, 1, 18, 24], [19, 2, 20, 3], [21, 6, 22, 7], [23, 10, 24, 11], [1, 13, 2, 12], [3, 20, 4, 21]]"
