name,pd_notation
12a_0367_0,"[[24, 16, 1, 15], [2, 6, 3, 5], [4, 12, 5, 11], [6, 18, 7, 17], [8, 20, 9, 19], [10, 4, 11, 3], [12, 22, 13, 21], [14, 24, 15, 23], [16, 10, 17, 9], [18, 8, 19, 7], [20, 2, 21, 1], [22, 14, 23, 13]]"
12a_0367_1,"[[22, 14, 23, 13], [24, 16, 1, 15], [2, 6, 3, 5], [4, 12, 5, 11], [6, 18, 7, 17], [8, 20, 9, 19], [10, 4, 11, 3], [12, 22, 13, 21], [14, 24, 15, 23], [16, 10, 17, 9], [18, 8, 19, 7], [20, 2, 21, 1]]"
12a_0367_2,"[[20, 2, 21, 1], [22, 14, 23, 13], [24, 16, 1, 15], [2, 6, 3, 5], [4, 12, 5, 11], [6, 18, 7, 17], [8, 20, 9, 19], [10, 4, 11, 3], [12, 22, 13, 21], [14, 24, 15, 23], [16, 10, 17, 9], [18, 8, 19, 7]]"
12a_0367_3,"[[18, 8, 19, 7], [20, 2, 21, 1], [22, 14, 23, 13], [24, 16, 1, 15], [2, 6, 3, 5], [4, 12, 5, 11], [6, 18, 7, 17], [8, 20, 9, 19], [10, 4, 11, 3], [12, 22, 13, 21], [14, 24, 15, 23], [16, 10, 17, 9]]"
12a_0367_4,"[[16, 10, 17, 9], [18, 8, 19, 7], [20, 2, 21, 1], [22, 14, 23, 13], [24, 16, 1, 15], [2, 6, 3, 5], [4, 12, 5, 11], [6, 18, 7, 17], [8, 20, 9, 19], [10, 4, 11, 3], [12, 22, 13, 21], [14, 24, 15, 23]]"
12a_0367_5,"[[14, 24, 15, 23], [16, 10, 17, 9], [18, 8, 19, 7], [20, 2, 21, 1], [22, 14, 23, 13], [24, 16, 1, 15], [2, 6, 3, 5], [4, 12, 5, 11], [6, 18, 7, 17], [8, 20, 9, 19], [10, 4, 11, 3], [12, 22, 13, 21]]"
12a_0367_6,"[[12, 22, 13, 21], [14, 24, 15, 23], [16, 10, 17, 9], [18, 8, 19, 7], [20, 2, 21, 1], [22, 14, 23, 13], [24, 16, 1, 15], [2, 6, 3, 5], [4, 12, 5, 11], [6, 18, 7, 17], [8, 20, 9, 19], [10, 4, 11, 3]]"
12a_0367_7,"[[10, 4, 11, 3], [12, 22, 13, 21], [14, 24, 15, 23], [16, 10, 17, 9], [18, 8, 19, 7], [20, 2, 21, 1], [22, 14, 23, 13], [24, 16, 1, 15], [2, 6, 3, 5], [4, 12, 5, 11], [6, 18, 7, 17], [8, 20, 9, 19]]"
12a_0367_8,"[[8, 20, 9, 19], [10, 4, 11, 3], [12, 22, 13, 21], [14, 24, 15, 23], [16, 10, 17, 9], [18, 8, 19, 7], [20, 2, 21, 1], [22, 14, 23, 13], [24, 16, 1, 15], [2, 6, 3, 5], [4, 12, 5, 11], [6, 18, 7, 17]]"
12a_0367_9,"[[6, 18, 7, 17], [8, 20, 9, 19], [10, 4, 11, 3], [12, 22, 13, 21], [14, 24, 15, 23], [16, 10, 17, 9], [18, 8, 19, 7], [20, 2, 21, 1], [22, 14, 23, 13], [24, 16, 1, 15], [2, 6, 3, 5], [4, 12, 5, 11]]"
12a_0367_10,"[[4, 12, 5, 11], [6, 18, 7, 17], [8, 20, 9, 19], [10, 4, 11, 3], [12, 22, 13, 21], [14, 24, 15, 23], [16, 10, 17, 9], [18, 8, 19, 7], [20, 2, 21, 1], [22, 14, 23, 13], [24, 16, 1, 15], [2, 6, 3, 5]]"
12a_0367_11,"[[2, 6, 3, 5], [4, 12, 5, 11], [6, 18, 7, 17], [8, 20, 9, 19], [10, 4, 11, 3], [12, 22, 13, 21], [14, 24, 15, 23], [16, 10, 17, 9], [18, 8, 19, 7], [20, 2, 21, 1], [22, 14, 23, 13], [24, 16, 1, 15]]"
12a_0367_12,"[[1, 17, 2, 16], [3, 7, 4, 6], [5, 13, 6, 12], [7, 19, 8, 18], [9, 21, 10, 20], [11, 5, 12, 4], [13, 23, 14, 22], [15, 1, 16, 24], [17, 11, 18, 10], [19, 9, 20, 8], [21, 3, 22, 2], [23, 15, 24, 14]]"
12a_0367_13,"[[23, 15, 24, 14], [1, 17, 2, 16], [3, 7, 4, 6], [5, 13, 6, 12], [7, 19, 8, 18], [9, 21, 10, 20], [11, 5, 12, 4], [13, 23, 14, 22], [15, 1, 16, 24], [17, 11, 18, 10], [19, 9, 20, 8], [21, 3, 22, 2]]"
12a_0367_14,"[[21, 3, 22, 2], [23, 15, 24, 14], [1, 17, 2, 16], [3, 7, 4, 6], [5, 13, 6, 12], [7, 19, 8, 18], [9, 21, 10, 20], [11, 5, 12, 4], [13, 23, 14, 22], [15, 1, 16, 24], [17, 11, 18, 10], [19, 9, 20, 8]]"
12a_0367_15,"[[19, 9, 20, 8], [21, 3, 22, 2], [23, 15, 24, 14], [1, 17, 2, 16], [3, 7, 4, 6], [5, 13, 6, 12], [7, 19, 8, 18], [9, 21, 10, 20], [11, 5, 12, 4], [13, 23, 14, 22], [15, 1, 16, 24], [17, 11, 18, 10]]"
12a_0367_16,"[[17, 11, 18, 10], [19, 9, 20, 8], [21, 3, 22, 2], [23, 15, 24, 14], [1, 17, 2, 16], [3, 7, 4, 6], [5, 13, 6, 12], [7, 19, 8, 18], [9, 21, 10, 20], [11, 5, 12, 4], [13, 23, 14, 22], [15, 1, 16, 24]]"
12a_0367_17,"[[15, 1, 16, 24], [17, 11, 18, 10], [19, 9, 20, 8], [21, 3, 22, 2], [23, 15, 24, 14], [1, 17, 2, 16], [3, 7, 4, 6], [5, 13, 6, 12], [7, 19, 8, 18], [9, 21, 10, 20], [11, 5, 12, 4], [13, 23, 14, 22]]"
12a_0367_18,"[[13, 23, 14, 22], [15, 1, 16, 24], [17, 11, 18, 10], [19, 9, 20, 8], [21, 3, 22, 2], [23, 15, 24, 14], [1, 17, 2, 16], [3, 7, 4, 6], [5, 13, 6, 12], [7, 19, 8, 18], [9, 21, 10, 20], [11, 5, 12, 4]]"
12a_0367_19,"[[11, 5, 12, 4], [13, 23, 14, 22], [15, 1, 16, 24], [17, 11, 18, 10], [19, 9, 20, 8], [21, 3, 22, 2], [23, 15, 24, 14], [1, 17, 2, 16], [3, 7, 4, 6], [5, 13, 6, 12], [7, 19, 8, 18], [9, 21, 10, 20]]"
12a_0367_20,"[[9, 21, 10, 20], [11, 5, 12, 4], [13, 23, 14, 22], [15, 1, 16, 24], [17, 11, 18, 10], [19, 9, 20, 8], [21, 3, 22, 2], [23, 15, 24, 14], [1, 17, 2, 16], [3, 7, 4, 6], [5, 13, 6, 12], [7, 19, 8, 18]]"
12a_0367_21,"[[7, 19, 8, 18], [9, 21, 10, 20], [11, 5, 12, 4], [13, 23, 14, 22], [15, 1, 16, 24], [17, 11, 18, 10], [19, 9, 20, 8], [21, 3, 22, 2], [23, 15, 24, 14], [1, 17, 2, 16], [3, 7, 4, 6], [5, 13, 6, 12]]"
12a_0367_22,"[[5, 13, 6, 12], [7, 19, 8, 18], [9, 21, 10, 20], [11, 5, 12, 4], [13, 23, 14, 22], [15, 1, 16, 24], [17, 11, 18, 10], [19, 9, 20, 8], [21, 3, 22, 2], [23, 15, 24, 14], [1, 17, 2, 16], [3, 7, 4, 6]]"
12a_0367_23,"[[3, 7, 4, 6], [5, 13, 6, 12], [7, 19, 8, 18], [9, 21, 10, 20], [11, 5, 12, 4], [13, 23, 14, 22], [15, 1, 16, 24], [17, 11, 18, 10], [19, 9, 20, 8], [21, 3, 22, 2], [23, 15, 24, 14], [1, 17, 2, 16]]"
12a_0367_24,"[[2, 18, 3, 17], [4, 8, 5, 7], [6, 14, 7, 13], [8, 20, 9, 19], [10, 22, 11, 21], [12, 6, 13, 5], [14, 24, 15, 23], [16, 2, 17, 1], [18, 12, 19, 11], [20, 10, 21, 9], [22, 4, 23, 3], [24, 16, 1, 15]]"
12a_0367_25,"[[24, 16, 1, 15], [2, 18, 3, 17], [4, 8, 5, 7], [6, 14, 7, 13], [8, 20, 9, 19], [10, 22, 11, 21], [12, 6, 13, 5], [14, 24, 15, 23], [16, 2, 17, 1], [18, 12, 19, 11], [20, 10, 21, 9], [22, 4, 23, 3]]"
12a_0367_26,"[[22, 4, 23, 3], [24, 16, 1, 15], [2, 18, 3, 17], [4, 8, 5, 7], [6, 14, 7, 13], [8, 20, 9, 19], [10, 22, 11, 21], [12, 6, 13, 5], [14, 24, 15, 23], [16, 2, 17, 1], [18, 12, 19, 11], [20, 10, 21, 9]]"
12a_0367_27,"[[20, 10, 21, 9], [22, 4, 23, 3], [24, 16, 1, 15], [2, 18, 3, 17], [4, 8, 5, 7], [6, 14, 7, 13], [8, 20, 9, 19], [10, 22, 11, 21], [12, 6, 13, 5], [14, 24, 15, 23], [16, 2, 17, 1], [18, 12, 19, 11]]"
12a_0367_28,"[[18, 12, 19, 11], [20, 10, 21, 9], [22, 4, 23, 3], [24, 16, 1, 15], [2, 18, 3, 17], [4, 8, 5, 7], [6, 14, 7, 13], [8, 20, 9, 19], [10, 22, 11, 21], [12, 6, 13, 5], [14, 24, 15, 23], [16, 2, 17, 1]]"
12a_0367_29,"[[16, 2, 17, 1], [18, 12, 19, 11], [20, 10, 21, 9], [22, 4, 23, 3], [24, 16, 1, 15], [2, 18, 3, 17], [4, 8, 5, 7], [6, 14, 7, 13], [8, 20, 9, 19], [10, 22, 11, 21], [12, 6, 13, 5], [14, 24, 15, 23]]"
12a_0367_30,"[[14, 24, 15, 23], [16, 2, 17, 1], [18, 12, 19, 11], [20, 10, 21, 9], [22, 4, 23, 3], [24, 16, 1, 15], [2, 18, 3, 17], [4, 8, 5, 7], [6, 14, 7, 13], [8, 20, 9, 19], [10, 22, 11, 21], [12, 6, 13, 5]]"
12a_0367_31,"[[12, 6, 13, 5], [14, 24, 15, 23], [16, 2, 17, 1], [18, 12, 19, 11], [20, 10, 21, 9], [22, 4, 23, 3], [24, 16, 1, 15], [2, 18, 3, 17], [4, 8, 5, 7], [6, 14, 7, 13], [8, 20, 9, 19], [10, 22, 11, 21]]"
12a_0367_32,"[[10, 22, 11, 21], [12, 6, 13, 5], [14, 24, 15, 23], [16, 2, 17, 1], [18, 12, 19, 11], [20, 10, 21, 9], [22, 4, 23, 3], [24, 16, 1, 15], [2, 18, 3, 17], [4, 8, 5, 7], [6, 14, 7, 13], [8, 20, 9, 19]]"
12a_0367_33,"[[8, 20, 9, 19], [10, 22, 11, 21], [12, 6, 13, 5], [14, 24, 15, 23], [16, 2, 17, 1], [18, 12, 19, 11], [20, 10, 21, 9], [22, 4, 23, 3], [24, 16, 1, 15], [2, 18, 3, 17], [4, 8, 5, 7], [6, 14, 7, 13]]"
12a_0367_34,"[[6, 14, 7, 13], [8, 20, 9, 19], [10, 22, 11, 21], [12, 6, 13, 5], [14, 24, 15, 23], [16, 2, 17, 1], [18, 12, 19, 11], [20, 10, 21, 9], [22, 4, 23, 3], [24, 16, 1, 15], [2, 18, 3, 17], [4, 8, 5, 7]]"
12a_0367_35,"[[4, 8, 5, 7], [6, 14, 7, 13], [8, 20, 9, 19], [10, 22, 11, 21], [12, 6, 13, 5], [14, 24, 15, 23], [16, 2, 17, 1], [18, 12, 19, 11], [20, 10, 21, 9], [22, 4, 23, 3], [24, 16, 1, 15], [2, 18, 3, 17]]"
12a_0367_36,"[[3, 19, 4, 18], [5, 9, 6, 8], [7, 15, 8, 14], [9, 21, 10, 20], [11, 23, 12, 22], [13, 7, 14, 6], [15, 1, 16, 24], [17, 3, 18, 2], [19, 13, 20, 12], [21, 11, 22, 10], [23, 5, 24, 4], [1, 17, 2, 16]]"
12a_0367_37,"[[1, 17, 2, 16], [3, 19, 4, 18], [5, 9, 6, 8], [7, 15, 8, 14], [9, 21, 10, 20], [11, 23, 12, 22], [13, 7, 14, 6], [15, 1, 16, 24], [17, 3, 18, 2], [19, 13, 20, 12], [21, 11, 22, 10], [23, 5, 24, 4]]"
12a_0367_38,"[[23, 5, 24, 4], [1, 17, 2, 16], [3, 19, 4, 18], [5, 9, 6, 8], [7, 15, 8, 14], [9, 21, 10, 20], [11, 23, 12, 22], [13, 7, 14, 6], [15, 1, 16, 24], [17, 3, 18, 2], [19, 13, 20, 12], [21, 11, 22, 10]]"
12a_0367_39,"[[21, 11, 22, 10], [23, 5, 24, 4], [1, 17, 2, 16], [3, 19, 4, 18], [5, 9, 6, 8], [7, 15, 8, 14], [9, 21, 10, 20], [11, 23, 12, 22], [13, 7, 14, 6], [15, 1, 16, 24], [17, 3, 18, 2], [19, 13, 20, 12]]"
12a_0367_40,"[[19, 13, 20, 12], [21, 11, 22, 10], [23, 5, 24, 4], [1, 17, 2, 16], [3, 19, 4, 18], [5, 9, 6, 8], [7, 15, 8, 14], [9, 21, 10, 20], [11, 23, 12, 22], [13, 7, 14, 6], [15, 1, 16, 24], [17, 3, 18, 2]]"
12a_0367_41,"[[17, 3, 18, 2], [19, 13, 20, 12], [21, 11, 22, 10], [23, 5, 24, 4], [1, 17, 2, 16], [3, 19, 4, 18], [5, 9, 6, 8], [7, 15, 8, 14], [9, 21, 10, 20], [11, 23, 12, 22], [13, 7, 14, 6], [15, 1, 16, 24]]"
12a_0367_42,"[[15, 1, 16, 24], [17, 3, 18, 2], [19, 13, 20, 12], [21, 11, 22, 10], [23, 5, 24, 4], [1, 17, 2, 16], [3, 19, 4, 18], [5, 9, 6, 8], [7, 15, 8, 14], [9, 21, 10, 20], [11, 23, 12, 22], [13, 7, 14, 6]]"
12a_0367_43,"[[13, 7, 14, 6], [15, 1, 16, 24], [17, 3, 18, 2], [19, 13, 20, 12], [21, 11, 22, 10], [23, 5, 24, 4], [1, 17, 2, 16], [3, 19, 4, 18], [5, 9, 6, 8], [7, 15, 8, 14], [9, 21, 10, 20], [11, 23, 12, 22]]"
12a_0367_44,"[[11, 23, 12, 22], [13, 7, 14, 6], [15, 1, 16, 24], [17, 3, 18, 2], [19, 13, 20, 12], [21, 11, 22, 10], [23, 5, 24, 4], [1, 17, 2, 16], [3, 19, 4, 18], [5, 9, 6, 8], [7, 15, 8, 14], [9, 21, 10, 20]]"
12a_0367_45,"[[9, 21, 10, 20], [11, 23, 12, 22], [13, 7, 14, 6], [15, 1, 16, 24], [17, 3, 18, 2], [19, 13, 20, 12], [21, 11, 22, 10], [23, 5, 24, 4], [1, 17, 2, 16], [3, 19, 4, 18], [5, 9, 6, 8], [7, 15, 8, 14]]"
12a_0367_46,"[[7, 15, 8, 14], [9, 21, 10, 20], [11, 23, 12, 22], [13, 7, 14, 6], [15, 1, 16, 24], [17, 3, 18, 2], [19, 13, 20, 12], [21, 11, 22, 10], [23, 5, 24, 4], [1, 17, 2, 16], [3, 19, 4, 18], [5, 9, 6, 8]]"
12a_0367_47,"[[5, 9, 6, 8], [7, 15, 8, 14], [9, 21, 10, 20], [11, 23, 12, 22], [13, 7, 14, 6], [15, 1, 16, 24], [17, 3, 18, 2], [19, 13, 20, 12], [21, 11, 22, 10], [23, 5, 24, 4], [1, 17, 2, 16], [3, 19, 4, 18]]"
12a_0367_48,"[[4, 20, 5, 19], [6, 10, 7, 9], [8, 16, 9, 15], [10, 22, 11, 21], [12, 24, 13, 23], [14, 8, 15, 7], [16, 2, 17, 1], [18, 4, 19, 3], [20, 14, 21, 13], [22, 12, 23, 11], [24, 6, 1, 5], [2, 18, 3, 17]]"
12a_0367_49,"[[2, 18, 3, 17], [4, 20, 5, 19], [6, 10, 7, 9], [8, 16, 9, 15], [10, 22, 11, 21], [12, 24, 13, 23], [14, 8, 15, 7], [16, 2, 17, 1], [18, 4, 19, 3], [20, 14, 21, 13], [22, 12, 23, 11], [24, 6, 1, 5]]"
12a_0367_50,"[[24, 6, 1, 5], [2, 18, 3, 17], [4, 20, 5, 19], [6, 10, 7, 9], [8, 16, 9, 15], [10, 22, 11, 21], [12, 24, 13, 23], [14, 8, 15, 7], [16, 2, 17, 1], [18, 4, 19, 3], [20, 14, 21, 13], [22, 12, 23, 11]]"
12a_0367_51,"[[22, 12, 23, 11], [24, 6, 1, 5], [2, 18, 3, 17], [4, 20, 5, 19], [6, 10, 7, 9], [8, 16, 9, 15], [10, 22, 11, 21], [12, 24, 13, 23], [14, 8, 15, 7], [16, 2, 17, 1], [18, 4, 19, 3], [20, 14, 21, 13]]"
12a_0367_52,"[[20, 14, 21, 13], [22, 12, 23, 11], [24, 6, 1, 5], [2, 18, 3, 17], [4, 20, 5, 19], [6, 10, 7, 9], [8, 16, 9, 15], [10, 22, 11, 21], [12, 24, 13, 23], [14, 8, 15, 7], [16, 2, 17, 1], [18, 4, 19, 3]]"
12a_0367_53,"[[18, 4, 19, 3], [20, 14, 21, 13], [22, 12, 23, 11], [24, 6, 1, 5], [2, 18, 3, 17], [4, 20, 5, 19], [6, 10, 7, 9], [8, 16, 9, 15], [10, 22, 11, 21], [12, 24, 13, 23], [14, 8, 15, 7], [16, 2, 17, 1]]"
12a_0367_54,"[[16, 2, 17, 1], [18, 4, 19, 3], [20, 14, 21, 13], [22, 12, 23, 11], [24, 6, 1, 5], [2, 18, 3, 17], [4, 20, 5, 19], [6, 10, 7, 9], [8, 16, 9, 15], [10, 22, 11, 21], [12, 24, 13, 23], [14, 8, 15, 7]]"
12a_0367_55,"[[14, 8, 15, 7], [16, 2, 17, 1], [18, 4, 19, 3], [20, 14, 21, 13], [22, 12, 23, 11], [24, 6, 1, 5], [2, 18, 3, 17], [4, 20, 5, 19], [6, 10, 7, 9], [8, 16, 9, 15], [10, 22, 11, 21], [12, 24, 13, 23]]"
12a_0367_56,"[[12, 24, 13, 23], [14, 8, 15, 7], [16, 2, 17, 1], [18, 4, 19, 3], [20, 14, 21, 13], [22, 12, 23, 11], [24, 6, 1, 5], [2, 18, 3, 17], [4, 20, 5, 19], [6, 10, 7, 9], [8, 16, 9, 15], [10, 22, 11, 21]]"
12a_0367_57,"[[10, 22, 11, 21], [12, 24, 13, 23], [14, 8, 15, 7], [16, 2, 17, 1], [18, 4, 19, 3], [20, 14, 21, 13], [22, 12, 23, 11], [24, 6, 1, 5], [2, 18, 3, 17], [4, 20, 5, 19], [6, 10, 7, 9], [8, 16, 9, 15]]"
12a_0367_58,"[[8, 16, 9, 15], [10, 22, 11, 21], [12, 24, 13, 23], [14, 8, 15, 7], [16, 2, 17, 1], [18, 4, 19, 3], [20, 14, 21, 13], [22, 12, 23, 11], [24, 6, 1, 5], [2, 18, 3, 17], [4, 20, 5, 19], [6, 10, 7, 9]]"
12a_0367_59,"[[6, 10, 7, 9], [8, 16, 9, 15], [10, 22, 11, 21], [12, 24, 13, 23], [14, 8, 15, 7], [16, 2, 17, 1], [18, 4, 19, 3], [20, 14, 21, 13], [22, 12, 23, 11], [24, 6, 1, 5], [2, 18, 3, 17], [4, 20, 5, 19]]"
12a_0367_60,"[[5, 21, 6, 20], [7, 11, 8, 10], [9, 17, 10, 16], [11, 23, 12, 22], [13, 1, 14, 24], [15, 9, 16, 8], [17, 3, 18, 2], [19, 5, 20, 4], [21, 15, 22, 14], [23, 13, 24, 12], [1, 7, 2, 6], [3, 19, 4, 18]]"
12a_0367_61,"[[3, 19, 4, 18], [5, 21, 6, 20], [7, 11, 8, 10], [9, 17, 10, 16], [11, 23, 12, 22], [13, 1, 14, 24], [15, 9, 16, 8], [17, 3, 18, 2], [19, 5, 20, 4], [21, 15, 22, 14], [23, 13, 24, 12], [1, 7, 2, 6]]"
12a_0367_62,"[[1, 7, 2, 6], [3, 19, 4, 18], [5, 21, 6, 20], [7, 11, 8, 10], [9, 17, 10, 16], [11, 23, 12, 22], [13, 1, 14, 24], [15, 9, 16, 8], [17, 3, 18, 2], [19, 5, 20, 4], [21, 15, 22, 14], [23, 13, 24, 12]]"
12a_0367_63,"[[23, 13, 24, 12], [1, 7, 2, 6], [3, 19, 4, 18], [5, 21, 6, 20], [7, 11, 8, 10], [9, 17, 10, 16], [11, 23, 12, 22], [13, 1, 14, 24], [15, 9, 16, 8], [17, 3, 18, 2], [19, 5, 20, 4], [21, 15, 22, 14]]"
12a_0367_64,"[[21, 15, 22, 14], [23, 13, 24, 12], [1, 7, 2, 6], [3, 19, 4, 18], [5, 21, 6, 20], [7, 11, 8, 10], [9, 17, 10, 16], [11, 23, 12, 22], [13, 1, 14, 24], [15, 9, 16, 8], [17, 3, 18, 2], [19, 5, 20, 4]]"
12a_0367_65,"[[19, 5, 20, 4], [21, 15, 22, 14], [23, 13, 24, 12], [1, 7, 2, 6], [3, 19, 4, 18], [5, 21, 6, 20], [7, 11, 8, 10], [9, 17, 10, 16], [11, 23, 12, 22], [13, 1, 14, 24], [15, 9, 16, 8], [17, 3, 18, 2]]"
12a_0367_66,"[[17, 3, 18, 2], [19, 5, 20, 4], [21, 15, 22, 14], [23, 13, 24, 12], [1, 7, 2, 6], [3, 19, 4, 18], [5, 21, 6, 20], [7, 11, 8, 10], [9, 17, 10, 16], [11, 23, 12, 22], [13, 1, 14, 24], [15, 9, 16, 8]]"
12a_0367_67,"[[15, 9, 16, 8], [17, 3, 18, 2], [19, 5, 20, 4], [21, 15, 22, 14], [23, 13, 24, 12], [1, 7, 2, 6], [3, 19, 4, 18], [5, 21, 6, 20], [7, 11, 8, 10], [9, 17, 10, 16], [11, 23, 12, 22], [13, 1, 14, 24]]"
12a_0367_68,"[[13, 1, 14, 24], [15, 9, 16, 8], [17, 3, 18, 2], [19, 5, 20, 4], [21, 15, 22, 14], [23, 13, 24, 12], [1, 7, 2, 6], [3, 19, 4, 18], [5, 21, 6, 20], [7, 11, 8, 10], [9, 17, 10, 16], [11, 23, 12, 22]]"
12a_0367_69,"[[11, 23, 12, 22], [13, 1, 14, 24], [15, 9, 16, 8], [17, 3, 18, 2], [19, 5, 20, 4], [21, 15, 22, 14], [23, 13, 24, 12], [1, 7, 2, 6], [3, 19, 4, 18], [5, 21, 6, 20], [7, 11, 8, 10], [9, 17, 10, 16]]"
12a_0367_70,"[[9, 17, 10, 16], [11, 23, 12, 22], [13, 1, 14, 24], [15, 9, 16, 8], [17, 3, 18, 2], [19, 5, 20, 4], [21, 15, 22, 14], [23, 13, 24, 12], [1, 7, 2, 6], [3, 19, 4, 18], [5, 21, 6, 20], [7, 11, 8, 10]]"
12a_0367_71,"[[7, 11, 8, 10], [9, 17, 10, 16], [11, 23, 12, 22], [13, 1, 14, 24], [15, 9, 16, 8], [17, 3, 18, 2], [19, 5, 20, 4], [21, 15, 22, 14], [23, 13, 24, 12], [1, 7, 2, 6], [3, 19, 4, 18], [5, 21, 6, 20]]"
12a_0367_72,"[[6, 22, 7, 21], [8, 12, 9, 11], [10, 18, 11, 17], [12, 24, 13, 23], [14, 2, 15, 1], [16, 10, 17, 9], [18, 4, 19, 3], [20, 6, 21, 5], [22, 16, 23, 15], [24, 14, 1, 13], [2, 8, 3, 7], [4, 20, 5, 19]]"
12a_0367_73,"[[4, 20, 5, 19], [6, 22, 7, 21], [8, 12, 9, 11], [10, 18, 11, 17], [12, 24, 13, 23], [14, 2, 15, 1], [16, 10, 17, 9], [18, 4, 19, 3], [20, 6, 21, 5], [22, 16, 23, 15], [24, 14, 1, 13], [2, 8, 3, 7]]"
12a_0367_74,"[[2, 8, 3, 7], [4, 20, 5, 19], [6, 22, 7, 21], [8, 12, 9, 11], [10, 18, 11, 17], [12, 24, 13, 23], [14, 2, 15, 1], [16, 10, 17, 9], [18, 4, 19, 3], [20, 6, 21, 5], [22, 16, 23, 15], [24, 14, 1, 13]]"
12a_0367_75,"[[24, 14, 1, 13], [2, 8, 3, 7], [4, 20, 5, 19], [6, 22, 7, 21], [8, 12, 9, 11], [10, 18, 11, 17], [12, 24, 13, 23], [14, 2, 15, 1], [16, 10, 17, 9], [18, 4, 19, 3], [20, 6, 21, 5], [22, 16, 23, 15]]"
12a_0367_76,"[[22, 16, 23, 15], [24, 14, 1, 13], [2, 8, 3, 7], [4, 20, 5, 19], [6, 22, 7, 21], [8, 12, 9, 11], [10, 18, 11, 17], [12, 24, 13, 23], [14, 2, 15, 1], [16, 10, 17, 9], [18, 4, 19, 3], [20, 6, 21, 5]]"
12a_0367_77,"[[20, 6, 21, 5], [22, 16, 23, 15], [24, 14, 1, 13], [2, 8, 3, 7], [4, 20, 5, 19], [6, 22, 7, 21], [8, 12, 9, 11], [10, 18, 11, 17], [12, 24, 13, 23], [14, 2, 15, 1], [16, 10, 17, 9], [18, 4, 19, 3]]"
12a_0367_78,"[[18, 4, 19, 3], [20, 6, 21, 5], [22, 16, 23, 15], [24, 14, 1, 13], [2, 8, 3, 7], [4, 20, 5, 19], [6, 22, 7, 21], [8, 12, 9, 11], [10, 18, 11, 17], [12, 24, 13, 23], [14, 2, 15, 1], [16, 10, 17, 9]]"
12a_0367_79,"[[16, 10, 17, 9], [18, 4, 19, 3], [20, 6, 21, 5], [22, 16, 23, 15], [24, 14, 1, 13], [2, 8, 3, 7], [4, 20, 5, 19], [6, 22, 7, 21], [8, 12, 9, 11], [10, 18, 11, 17], [12, 24, 13, 23], [14, 2, 15, 1]]"
12a_0367_80,"[[14, 2, 15, 1], [16, 10, 17, 9], [18, 4, 19, 3], [20, 6, 21, 5], [22, 16, 23, 15], [24, 14, 1, 13], [2, 8, 3, 7], [4, 20, 5, 19], [6, 22, 7, 21], [8, 12, 9, 11], [10, 18, 11, 17], [12, 24, 13, 23]]"
12a_0367_81,"[[12, 24, 13, 23], [14, 2, 15, 1], [16, 10, 17, 9], [18, 4, 19, 3], [20, 6, 21, 5], [22, 16, 23, 15], [24, 14, 1, 13], [2, 8, 3, 7], [4, 20, 5, 19], [6, 22, 7, 21], [8, 12, 9, 11], [10, 18, 11, 17]]"
12a_0367_82,"[[10, 18, 11, 17], [12, 24, 13, 23], [14, 2, 15, 1], [16, 10, 17, 9], [18, 4, 19, 3], [20, 6, 21, 5], [22, 16, 23, 15], [24, 14, 1, 13], [2, 8, 3, 7], [4, 20, 5, 19], [6, 22, 7, 21], [8, 12, 9, 11]]"
12a_0367_83,"[[8, 12, 9, 11], [10, 18, 11, 17], [12, 24, 13, 23], [14, 2, 15, 1], [16, 10, 17, 9], [18, 4, 19, 3], [20, 6, 21, 5], [22, 16, 23, 15], [24, 14, 1, 13], [2, 8, 3, 7], [4, 20, 5, 19], [6, 22, 7, 21]]"
12a_0367_84,"[[7, 23, 8, 22], [9, 13, 10, 12], [11, 19, 12, 18], [13, 1, 14, 24], [15, 3, 16, 2], [17, 11, 18, 10], [19, 5, 20, 4], [21, 7, 22, 6], [23, 17, 24, 16], [1, 15, 2, 14], [3, 9, 4, 8], [5, 21, 6, 20]]"
12a_0367_85,"[[5, 21, 6, 20], [7, 23, 8, 22], [9, 13, 10, 12], [11, 19, 12, 18], [13, 1, 14, 24], [15, 3, 16, 2], [17, 11, 18, 10], [19, 5, 20, 4], [21, 7, 22, 6], [23, 17, 24, 16], [1, 15, 2, 14], [3, 9, 4, 8]]"
12a_0367_86,"[[3, 9, 4, 8], [5, 21, 6, 20], [7, 23, 8, 22], [9, 13, 10, 12], [11, 19, 12, 18], [13, 1, 14, 24], [15, 3, 16, 2], [17, 11, 18, 10], [19, 5, 20, 4], [21, 7, 22, 6], [23, 17, 24, 16], [1, 15, 2, 14]]"
12a_0367_87,"[[1, 15, 2, 14], [3, 9, 4, 8], [5, 21, 6, 20], [7, 23, 8, 22], [9, 13, 10, 12], [11, 19, 12, 18], [13, 1, 14, 24], [15, 3, 16, 2], [17, 11, 18, 10], [19, 5, 20, 4], [21, 7, 22, 6], [23, 17, 24, 16]]"
12a_0367_88,"[[23, 17, 24, 16], [1, 15, 2, 14], [3, 9, 4, 8], [5, 21, 6, 20], [7, 23, 8, 22], [9, 13, 10, 12], [11, 19, 12, 18], [13, 1, 14, 24], [15, 3, 16, 2], [17, 11, 18, 10], [19, 5, 20, 4], [21, 7, 22, 6]]"
12a_0367_89,"[[21, 7, 22, 6], [23, 17, 24, 16], [1, 15, 2, 14], [3, 9, 4, 8], [5, 21, 6, 20], [7, 23, 8, 22], [9, 13, 10, 12], [11, 19, 12, 18], [13, 1, 14, 24], [15, 3, 16, 2], [17, 11, 18, 10], [19, 5, 20, 4]]"
12a_0367_90,"[[19, 5, 20, 4], [21, 7, 22, 6], [23, 17, 24, 16], [1, 15, 2, 14], [3, 9, 4, 8], [5, 21, 6, 20], [7, 23, 8, 22], [9, 13, 10, 12], [11, 19, 12, 18], [13, 1, 14, 24], [15, 3, 16, 2], [17, 11, 18, 10]]"
12a_0367_91,"[[17, 11, 18, 10], [19, 5, 20, 4], [21, 7, 22, 6], [23, 17, 24, 16], [1, 15, 2, 14], [3, 9, 4, 8], [5, 21, 6, 20], [7, 23, 8, 22], [9, 13, 10, 12], [11, 19, 12, 18], [13, 1, 14, 24], [15, 3, 16, 2]]"
12a_0367_92,"[[15, 3, 16, 2], [17, 11, 18, 10], [19, 5, 20, 4], [21, 7, 22, 6], [23, 17, 24, 16], [1, 15, 2, 14], [3, 9, 4, 8], [5, 21, 6, 20], [7, 23, 8, 22], [9, 13, 10, 12], [11, 19, 12, 18], [13, 1, 14, 24]]"
12a_0367_93,"[[13, 1, 14, 24], [15, 3, 16, 2], [17, 11, 18, 10], [19, 5, 20, 4], [21, 7, 22, 6], [23, 17, 24, 16], [1, 15, 2, 14], [3, 9, 4, 8], [5, 21, 6, 20], [7, 23, 8, 22], [9, 13, 10, 12], [11, 19, 12, 18]]"
12a_0367_94,"[[11, 19, 12, 18], [13, 1, 14, 24], [15, 3, 16, 2], [17, 11, 18, 10], [19, 5, 20, 4], [21, 7, 22, 6], [23, 17, 24, 16], [1, 15, 2, 14], [3, 9, 4, 8], [5, 21, 6, 20], [7, 23, 8, 22], [9, 13, 10, 12]]"
12a_0367_95,"[[9, 13, 10, 12], [11, 19, 12, 18], [13, 1, 14, 24], [15, 3, 16, 2], [17, 11, 18, 10], [19, 5, 20, 4], [21, 7, 22, 6], [23, 17, 24, 16], [1, 15, 2, 14], [3, 9, 4, 8], [5, 21, 6, 20], [7, 23, 8, 22]]"
12a_0367_96,"[[8, 24, 9, 23], [10, 14, 11, 13], [12, 20, 13, 19], [14, 2, 15, 1], [16, 4, 17, 3], [18, 12, 19, 11], [20, 6, 21, 5], [22, 8, 23, 7], [24, 18, 1, 17], [2, 16, 3, 15], [4, 10, 5, 9], [6, 22, 7, 21]]"
12a_0367_97,"[[6, 22, 7, 21], [8, 24, 9, 23], [10, 14, 11, 13], [12, 20, 13, 19], [14, 2, 15, 1], [16, 4, 17, 3], [18, 12, 19, 11], [20, 6, 21, 5], [22, 8, 23, 7], [24, 18, 1, 17], [2, 16, 3, 15], [4, 10, 5, 9]]"
12a_0367_98,"[[4, 10, 5, 9], [6, 22, 7, 21], [8, 24, 9, 23], [10, 14, 11, 13], [12, 20, 13, 19], [14, 2, 15, 1], [16, 4, 17, 3], [18, 12, 19, 11], [20, 6, 21, 5], [22, 8, 23, 7], [24, 18, 1, 17], [2, 16, 3, 15]]"
12a_0367_99,"[[2, 16, 3, 15], [4, 10, 5, 9], [6, 22, 7, 21], [8, 24, 9, 23], [10, 14, 11, 13], [12, 20, 13, 19], [14, 2, 15, 1], [16, 4, 17, 3], [18, 12, 19, 11], [20, 6, 21, 5], [22, 8, 23, 7], [24, 18, 1, 17]]"
12a_0367_100,"[[24, 18, 1, 17], [2, 16, 3, 15], [4, 10, 5, 9], [6, 22, 7, 21], [8, 24, 9, 23], [10, 14, 11, 13], [12, 20, 13, 19], [14, 2, 15, 1], [16, 4, 17, 3], [18, 12, 19, 11], [20, 6, 21, 5], [22, 8, 23, 7]]"
12a_0367_101,"[[22, 8, 23, 7], [24, 18, 1, 17], [2, 16, 3, 15], [4, 10, 5, 9], [6, 22, 7, 21], [8, 24, 9, 23], [10, 14, 11, 13], [12, 20, 13, 19], [14, 2, 15, 1], [16, 4, 17, 3], [18, 12, 19, 11], [20, 6, 21, 5]]"
12a_0367_102,"[[20, 6, 21, 5], [22, 8, 23, 7], [24, 18, 1, 17], [2, 16, 3, 15], [4, 10, 5, 9], [6, 22, 7, 21], [8, 24, 9, 23], [10, 14, 11, 13], [12, 20, 13, 19], [14, 2, 15, 1], [16, 4, 17, 3], [18, 12, 19, 11]]"
12a_0367_103,"[[18, 12, 19, 11], [20, 6, 21, 5], [22, 8, 23, 7], [24, 18, 1, 17], [2, 16, 3, 15], [4, 10, 5, 9], [6, 22, 7, 21], [8, 24, 9, 23], [10, 14, 11, 13], [12, 20, 13, 19], [14, 2, 15, 1], [16, 4, 17, 3]]"
12a_0367_104,"[[16, 4, 17, 3], [18, 12, 19, 11], [20, 6, 21, 5], [22, 8, 23, 7], [24, 18, 1, 17], [2, 16, 3, 15], [4, 10, 5, 9], [6, 22, 7, 21], [8, 24, 9, 23], [10, 14, 11, 13], [12, 20, 13, 19], [14, 2, 15, 1]]"
12a_0367_105,"[[14, 2, 15, 1], [16, 4, 17, 3], [18, 12, 19, 11], [20, 6, 21, 5], [22, 8, 23, 7], [24, 18, 1, 17], [2, 16, 3, 15], [4, 10, 5, 9], [6, 22, 7, 21], [8, 24, 9, 23], [10, 14, 11, 13], [12, 20, 13, 19]]"
12a_0367_106,"[[12, 20, 13, 19], [14, 2, 15, 1], [16, 4, 17, 3], [18, 12, 19, 11], [20, 6, 21, 5], [22, 8, 23, 7], [24, 18, 1, 17], [2, 16, 3, 15], [4, 10, 5, 9], [6, 22, 7, 21], [8, 24, 9, 23], [10, 14, 11, 13]]"
12a_0367_107,"[[10, 14, 11, 13], [12, 20, 13, 19], [14, 2, 15, 1], [16, 4, 17, 3], [18, 12, 19, 11], [20, 6, 21, 5], [22, 8, 23, 7], [24, 18, 1, 17], [2, 16, 3, 15], [4, 10, 5, 9], [6, 22, 7, 21], [8, 24, 9, 23]]"
12a_0367_108,"[[9, 1, 10, 24], [11, 15, 12, 14], [13, 21, 14, 20], [15, 3, 16, 2], [17, 5, 18, 4], [19, 13, 20, 12], [21, 7, 22, 6], [23, 9, 24, 8], [1, 19, 2, 18], [3, 17, 4, 16], [5, 11, 6, 10], [7, 23, 8, 22]]"
12a_0367_109,"[[7, 23, 8, 22], [9, 1, 10, 24], [11, 15, 12, 14], [13, 21, 14, 20], [15, 3, 16, 2], [17, 5, 18, 4], [19, 13, 20, 12], [21, 7, 22, 6], [23, 9, 24, 8], [1, 19, 2, 18], [3, 17, 4, 16], [5, 11, 6, 10]]"
12a_0367_110,"[[5, 11, 6, 10], [7, 23, 8, 22], [9, 1, 10, 24], [11, 15, 12, 14], [13, 21, 14, 20], [15, 3, 16, 2], [17, 5, 18, 4], [19, 13, 20, 12], [21, 7, 22, 6], [23, 9, 24, 8], [1, 19, 2, 18], [3, 17, 4, 16]]"
12a_0367_111,"[[3, 17, 4, 16], [5, 11, 6, 10], [7, 23, 8, 22], [9, 1, 10, 24], [11, 15, 12, 14], [13, 21, 14, 20], [15, 3, 16, 2], [17, 5, 18, 4], [19, 13, 20, 12], [21, 7, 22, 6], [23, 9, 24, 8], [1, 19, 2, 18]]"
12a_0367_112,"[[1, 19, 2, 18], [3, 17, 4, 16], [5, 11, 6, 10], [7, 23, 8, 22], [9, 1, 10, 24], [11, 15, 12, 14], [13, 21, 14, 20], [15, 3, 16, 2], [17, 5, 18, 4], [19, 13, 20, 12], [21, 7, 22, 6], [23, 9, 24, 8]]"
12a_0367_113,"[[23, 9, 24, 8], [1, 19, 2, 18], [3, 17, 4, 16], [5, 11, 6, 10], [7, 23, 8, 22], [9, 1, 10, 24], [11, 15, 12, 14], [13, 21, 14, 20], [15, 3, 16, 2], [17, 5, 18, 4], [19, 13, 20, 12], [21, 7, 22, 6]]"
12a_0367_114,"[[21, 7, 22, 6], [23, 9, 24, 8], [1, 19, 2, 18], [3, 17, 4, 16], [5, 11, 6, 10], [7, 23, 8, 22], [9, 1, 10, 24], [11, 15, 12, 14], [13, 21, 14, 20], [15, 3, 16, 2], [17, 5, 18, 4], [19, 13, 20, 12]]"
12a_0367_115,"[[19, 13, 20, 12], [21, 7, 22, 6], [23, 9, 24, 8], [1, 19, 2, 18], [3, 17, 4, 16], [5, 11, 6, 10], [7, 23, 8, 22], [9, 1, 10, 24], [11, 15, 12, 14], [13, 21, 14, 20], [15, 3, 16, 2], [17, 5, 18, 4]]"
12a_0367_116,"[[17, 5, 18, 4], [19, 13, 20, 12], [21, 7, 22, 6], [23, 9, 24, 8], [1, 19, 2, 18], [3, 17, 4, 16], [5, 11, 6, 10], [7, 23, 8, 22], [9, 1, 10, 24], [11, 15, 12, 14], [13, 21, 14, 20], [15, 3, 16, 2]]"
12a_0367_117,"[[15, 3, 16, 2], [17, 5, 18, 4], [19, 13, 20, 12], [21, 7, 22, 6], [23, 9, 24, 8], [1, 19, 2, 18], [3, 17, 4, 16], [5, 11, 6, 10], [7, 23, 8, 22], [9, 1, 10, 24], [11, 15, 12, 14], [13, 21, 14, 20]]"
12a_0367_118,"[[13, 21, 14, 20], [15, 3, 16, 2], [17, 5, 18, 4], [19, 13, 20, 12], [21, 7, 22, 6], [23, 9, 24, 8], [1, 19, 2, 18], [3, 17, 4, 16], [5, 11, 6, 10], [7, 23, 8, 22], [9, 1, 10, 24], [11, 15, 12, 14]]"
12a_0367_119,"[[11, 15, 12, 14], [13, 21, 14, 20], [15, 3, 16, 2], [17, 5, 18, 4], [19, 13, 20, 12], [21, 7, 22, 6], [23, 9, 24, 8], [1, 19, 2, 18], [3, 17, 4, 16], [5, 11, 6, 10], [7, 23, 8, 22], [9, 1, 10, 24]]"
12a_0367_120,"[[10, 2, 11, 1], [12, 16, 13, 15], [14, 22, 15, 21], [16, 4, 17, 3], [18, 6, 19, 5], [20, 14, 21, 13], [22, 8, 23, 7], [24, 10, 1, 9], [2, 20, 3, 19], [4, 18, 5, 17], [6, 12, 7, 11], [8, 24, 9, 23]]"
12a_0367_121,"[[8, 24, 9, 23], [10, 2, 11, 1], [12, 16, 13, 15], [14, 22, 15, 21], [16, 4, 17, 3], [18, 6, 19, 5], [20, 14, 21, 13], [22, 8, 23, 7], [24, 10, 1, 9], [2, 20, 3, 19], [4, 18, 5, 17], [6, 12, 7, 11]]"
12a_0367_122,"[[6, 12, 7, 11], [8, 24, 9, 23], [10, 2, 11, 1], [12, 16, 13, 15], [14, 22, 15, 21], [16, 4, 17, 3], [18, 6, 19, 5], [20, 14, 21, 13], [22, 8, 23, 7], [24, 10, 1, 9], [2, 20, 3, 19], [4, 18, 5, 17]]"
12a_0367_123,"[[4, 18, 5, 17], [6, 12, 7, 11], [8, 24, 9, 23], [10, 2, 11, 1], [12, 16, 13, 15], [14, 22, 15, 21], [16, 4, 17, 3], [18, 6, 19, 5], [20, 14, 21, 13], [22, 8, 23, 7], [24, 10, 1, 9], [2, 20, 3, 19]]"
12a_0367_124,"[[2, 20, 3, 19], [4, 18, 5, 17], [6, 12, 7, 11], [8, 24, 9, 23], [10, 2, 11, 1], [12, 16, 13, 15], [14, 22, 15, 21], [16, 4, 17, 3], [18, 6, 19, 5], [20, 14, 21, 13], [22, 8, 23, 7], [24, 10, 1, 9]]"
12a_0367_125,"[[24, 10, 1, 9], [2, 20, 3, 19], [4, 18, 5, 17], [6, 12, 7, 11], [8, 24, 9, 23], [10, 2, 11, 1], [12, 16, 13, 15], [14, 22, 15, 21], [16, 4, 17, 3], [18, 6, 19, 5], [20, 14, 21, 13], [22, 8, 23, 7]]"
12a_0367_126,"[[22, 8, 23, 7], [24, 10, 1, 9], [2, 20, 3, 19], [4, 18, 5, 17], [6, 12, 7, 11], [8, 24, 9, 23], [10, 2, 11, 1], [12, 16, 13, 15], [14, 22, 15, 21], [16, 4, 17, 3], [18, 6, 19, 5], [20, 14, 21, 13]]"
12a_0367_127,"[[20, 14, 21, 13], [22, 8, 23, 7], [24, 10, 1, 9], [2, 20, 3, 19], [4, 18, 5, 17], [6, 12, 7, 11], [8, 24, 9, 23], [10, 2, 11, 1], [12, 16, 13, 15], [14, 22, 15, 21], [16, 4, 17, 3], [18, 6, 19, 5]]"
12a_0367_128,"[[18, 6, 19, 5], [20, 14, 21, 13], [22, 8, 23, 7], [24, 10, 1, 9], [2, 20, 3, 19], [4, 18, 5, 17], [6, 12, 7, 11], [8, 24, 9, 23], [10, 2, 11, 1], [12, 16, 13, 15], [14, 22, 15, 21], [16, 4, 17, 3]]"
12a_0367_129,"[[16, 4, 17, 3], [18, 6, 19, 5], [20, 14, 21, 13], [22, 8, 23, 7], [24, 10, 1, 9], [2, 20, 3, 19], [4, 18, 5, 17], [6, 12, 7, 11], [8, 24, 9, 23], [10, 2, 11, 1], [12, 16, 13, 15], [14, 22, 15, 21]]"
12a_0367_130,"[[14, 22, 15, 21], [16, 4, 17, 3], [18, 6, 19, 5], [20, 14, 21, 13], [22, 8, 23, 7], [24, 10, 1, 9], [2, 20, 3, 19], [4, 18, 5, 17], [6, 12, 7, 11], [8, 24, 9, 23], [10, 2, 11, 1], [12, 16, 13, 15]]"
12a_0367_131,"[[12, 16, 13, 15], [14, 22, 15, 21], [16, 4, 17, 3], [18, 6, 19, 5], [20, 14, 21, 13], [22, 8, 23, 7], [24, 10, 1, 9], [2, 20, 3, 19], [4, 18, 5, 17], [6, 12, 7, 11], [8, 24, 9, 23], [10, 2, 11, 1]]"
12a_0367_132,"[[11, 3, 12, 2], [13, 17, 14, 16], [15, 23, 16, 22], [17, 5, 18, 4], [19, 7, 20, 6], [21, 15, 22, 14], [23, 9, 24, 8], [1, 11, 2, 10], [3, 21, 4, 20], [5, 19, 6, 18], [7, 13, 8, 12], [9, 1, 10, 24]]"
12a_0367_133,"[[9, 1, 10, 24], [11, 3, 12, 2], [13, 17, 14, 16], [15, 23, 16, 22], [17, 5, 18, 4], [19, 7, 20, 6], [21, 15, 22, 14], [23, 9, 24, 8], [1, 11, 2, 10], [3, 21, 4, 20], [5, 19, 6, 18], [7, 13, 8, 12]]"
12a_0367_134,"[[7, 13, 8, 12], [9, 1, 10, 24], [11, 3, 12, 2], [13, 17, 14, 16], [15, 23, 16, 22], [17, 5, 18, 4], [19, 7, 20, 6], [21, 15, 22, 14], [23, 9, 24, 8], [1, 11, 2, 10], [3, 21, 4, 20], [5, 19, 6, 18]]"
12a_0367_135,"[[5, 19, 6, 18], [7, 13, 8, 12], [9, 1, 10, 24], [11, 3, 12, 2], [13, 17, 14, 16], [15, 23, 16, 22], [17, 5, 18, 4], [19, 7, 20, 6], [21, 15, 22, 14], [23, 9, 24, 8], [1, 11, 2, 10], [3, 21, 4, 20]]"
12a_0367_136,"[[3, 21, 4, 20], [5, 19, 6, 18], [7, 13, 8, 12], [9, 1, 10, 24], [11, 3, 12, 2], [13, 17, 14, 16], [15, 23, 16, 22], [17, 5, 18, 4], [19, 7, 20, 6], [21, 15, 22, 14], [23, 9, 24, 8], [1, 11, 2, 10]]"
12a_0367_137,"[[1, 11, 2, 10], [3, 21, 4, 20], [5, 19, 6, 18], [7, 13, 8, 12], [9, 1, 10, 24], [11, 3, 12, 2], [13, 17, 14, 16], [15, 23, 16, 22], [17, 5, 18, 4], [19, 7, 20, 6], [21, 15, 22, 14], [23, 9, 24, 8]]"
12a_0367_138,"[[23, 9, 24, 8], [1, 11, 2, 10], [3, 21, 4, 20], [5, 19, 6, 18], [7, 13, 8, 12], [9, 1, 10, 24], [11, 3, 12, 2], [13, 17, 14, 16], [15, 23, 16, 22], [17, 5, 18, 4], [19, 7, 20, 6], [21, 15, 22, 14]]"
12a_0367_139,"[[21, 15, 22, 14], [23, 9, 24, 8], [1, 11, 2, 10], [3, 21, 4, 20], [5, 19, 6, 18], [7, 13, 8, 12], [9, 1, 10, 24], [11, 3, 12, 2], [13, 17, 14, 16], [15, 23, 16, 22], [17, 5, 18, 4], [19, 7, 20, 6]]"
12a_0367_140,"[[19, 7, 20, 6], [21, 15, 22, 14], [23, 9, 24, 8], [1, 11, 2, 10], [3, 21, 4, 20], [5, 19, 6, 18], [7, 13, 8, 12], [9, 1, 10, 24], [11, 3, 12, 2], [13, 17, 14, 16], [15, 23, 16, 22], [17, 5, 18, 4]]"
12a_0367_141,"[[17, 5, 18, 4], [19, 7, 20, 6], [21, 15, 22, 14], [23, 9, 24, 8], [1, 11, 2, 10], [3, 21, 4, 20], [5, 19, 6, 18], [7, 13, 8, 12], [9, 1, 10, 24], [11, 3, 12, 2], [13, 17, 14, 16], [15, 23, 16, 22]]"
12a_0367_142,"[[15, 23, 16, 22], [17, 5, 18, 4], [19, 7, 20, 6], [21, 15, 22, 14], [23, 9, 24, 8], [1, 11, 2, 10], [3, 21, 4, 20], [5, 19, 6, 18], [7, 13, 8, 12], [9, 1, 10, 24], [11, 3, 12, 2], [13, 17, 14, 16]]"
12a_0367_143,"[[13, 17, 14, 16], [15, 23, 16, 22], [17, 5, 18, 4], [19, 7, 20, 6], [21, 15, 22, 14], [23, 9, 24, 8], [1, 11, 2, 10], [3, 21, 4, 20], [5, 19, 6, 18], [7, 13, 8, 12], [9, 1, 10, 24], [11, 3, 12, 2]]"
12a_0367_144,"[[12, 4, 13, 3], [14, 18, 15, 17], [16, 24, 17, 23], [18, 6, 19, 5], [20, 8, 21, 7], [22, 16, 23, 15], [24, 10, 1, 9], [2, 12, 3, 11], [4, 22, 5, 21], [6, 20, 7, 19], [8, 14, 9, 13], [10, 2, 11, 1]]"
12a_0367_145,"[[10, 2, 11, 1], [12, 4, 13, 3], [14, 18, 15, 17], [16, 24, 17, 23], [18, 6, 19, 5], [20, 8, 21, 7], [22, 16, 23, 15], [24, 10, 1, 9], [2, 12, 3, 11], [4, 22, 5, 21], [6, 20, 7, 19], [8, 14, 9, 13]]"
12a_0367_146,"[[8, 14, 9, 13], [10, 2, 11, 1], [12, 4, 13, 3], [14, 18, 15, 17], [16, 24, 17, 23], [18, 6, 19, 5], [20, 8, 21, 7], [22, 16, 23, 15], [24, 10, 1, 9], [2, 12, 3, 11], [4, 22, 5, 21], [6, 20, 7, 19]]"
12a_0367_147,"[[6, 20, 7, 19], [8, 14, 9, 13], [10, 2, 11, 1], [12, 4, 13, 3], [14, 18, 15, 17], [16, 24, 17, 23], [18, 6, 19, 5], [20, 8, 21, 7], [22, 16, 23, 15], [24, 10, 1, 9], [2, 12, 3, 11], [4, 22, 5, 21]]"
12a_0367_148,"[[4, 22, 5, 21], [6, 20, 7, 19], [8, 14, 9, 13], [10, 2, 11, 1], [12, 4, 13, 3], [14, 18, 15, 17], [16, 24, 17, 23], [18, 6, 19, 5], [20, 8, 21, 7], [22, 16, 23, 15], [24, 10, 1, 9], [2, 12, 3, 11]]"
12a_0367_149,"[[2, 12, 3, 11], [4, 22, 5, 21], [6, 20, 7, 19], [8, 14, 9, 13], [10, 2, 11, 1], [12, 4, 13, 3], [14, 18, 15, 17], [16, 24, 17, 23], [18, 6, 19, 5], [20, 8, 21, 7], [22, 16, 23, 15], [24, 10, 1, 9]]"
12a_0367_150,"[[24, 10, 1, 9], [2, 12, 3, 11], [4, 22, 5, 21], [6, 20, 7, 19], [8, 14, 9, 13], [10, 2, 11, 1], [12, 4, 13, 3], [14, 18, 15, 17], [16, 24, 17, 23], [18, 6, 19, 5], [20, 8, 21, 7], [22, 16, 23, 15]]"
12a_0367_151,"[[22, 16, 23, 15], [24, 10, 1, 9], [2, 12, 3, 11], [4, 22, 5, 21], [6, 20, 7, 19], [8, 14, 9, 13], [10, 2, 11, 1], [12, 4, 13, 3], [14, 18, 15, 17], [16, 24, 17, 23], [18, 6, 19, 5], [20, 8, 21, 7]]"
12a_0367_152,"[[20, 8, 21, 7], [22, 16, 23, 15], [24, 10, 1, 9], [2, 12, 3, 11], [4, 22, 5, 21], [6, 20, 7, 19], [8, 14, 9, 13], [10, 2, 11, 1], [12, 4, 13, 3], [14, 18, 15, 17], [16, 24, 17, 23], [18, 6, 19, 5]]"
12a_0367_153,"[[18, 6, 19, 5], [20, 8, 21, 7], [22, 16, 23, 15], [24, 10, 1, 9], [2, 12, 3, 11], [4, 22, 5, 21], [6, 20, 7, 19], [8, 14, 9, 13], [10, 2, 11, 1], [12, 4, 13, 3], [14, 18, 15, 17], [16, 24, 17, 23]]"
12a_0367_154,"[[16, 24, 17, 23], [18, 6, 19, 5], [20, 8, 21, 7], [22, 16, 23, 15], [24, 10, 1, 9], [2, 12, 3, 11], [4, 22, 5, 21], [6, 20, 7, 19], [8, 14, 9, 13], [10, 2, 11, 1], [12, 4, 13, 3], [14, 18, 15, 17]]"
12a_0367_155,"[[14, 18, 15, 17], [16, 24, 17, 23], [18, 6, 19, 5], [20, 8, 21, 7], [22, 16, 23, 15], [24, 10, 1, 9], [2, 12, 3, 11], [4, 22, 5, 21], [6, 20, 7, 19], [8, 14, 9, 13], [10, 2, 11, 1], [12, 4, 13, 3]]"
12a_0367_156,"[[13, 5, 14, 4], [15, 19, 16, 18], [17, 1, 18, 24], [19, 7, 20, 6], [21, 9, 22, 8], [23, 17, 24, 16], [1, 11, 2, 10], [3, 13, 4, 12], [5, 23, 6, 22], [7, 21, 8, 20], [9, 15, 10, 14], [11, 3, 12, 2]]"
12a_0367_157,"[[11, 3, 12, 2], [13, 5, 14, 4], [15, 19, 16, 18], [17, 1, 18, 24], [19, 7, 20, 6], [21, 9, 22, 8], [23, 17, 24, 16], [1, 11, 2, 10], [3, 13, 4, 12], [5, 23, 6, 22], [7, 21, 8, 20], [9, 15, 10, 14]]"
12a_0367_158,"[[9, 15, 10, 14], [11, 3, 12, 2], [13, 5, 14, 4], [15, 19, 16, 18], [17, 1, 18, 24], [19, 7, 20, 6], [21, 9, 22, 8], [23, 17, 24, 16], [1, 11, 2, 10], [3, 13, 4, 12], [5, 23, 6, 22], [7, 21, 8, 20]]"
12a_0367_159,"[[7, 21, 8, 20], [9, 15, 10, 14], [11, 3, 12, 2], [13, 5, 14, 4], [15, 19, 16, 18], [17, 1, 18, 24], [19, 7, 20, 6], [21, 9, 22, 8], [23, 17, 24, 16], [1, 11, 2, 10], [3, 13, 4, 12], [5, 23, 6, 22]]"
12a_0367_160,"[[5, 23, 6, 22], [7, 21, 8, 20], [9, 15, 10, 14], [11, 3, 12, 2], [13, 5, 14, 4], [15, 19, 16, 18], [17, 1, 18, 24], [19, 7, 20, 6], [21, 9, 22, 8], [23, 17, 24, 16], [1, 11, 2, 10], [3, 13, 4, 12]]"
12a_0367_161,"[[3, 13, 4, 12], [5, 23, 6, 22], [7, 21, 8, 20], [9, 15, 10, 14], [11, 3, 12, 2], [13, 5, 14, 4], [15, 19, 16, 18], [17, 1, 18, 24], [19, 7, 20, 6], [21, 9, 22, 8], [23, 17, 24, 16], [1, 11, 2, 10]]"
12a_0367_162,"[[1, 11, 2, 10], [3, 13, 4, 12], [5, 23, 6, 22], [7, 21, 8, 20], [9, 15, 10, 14], [11, 3, 12, 2], [13, 5, 14, 4], [15, 19, 16, 18], [17, 1, 18, 24], [19, 7, 20, 6], [21, 9, 22, 8], [23, 17, 24, 16]]"
12a_0367_163,"[[23, 17, 24, 16], [1, 11, 2, 10], [3, 13, 4, 12], [5, 23, 6, 22], [7, 21, 8, 20], [9, 15, 10, 14], [11, 3, 12, 2], [13, 5, 14, 4], [15, 19, 16, 18], [17, 1, 18, 24], [19, 7, 20, 6], [21, 9, 22, 8]]"
12a_0367_164,"[[21, 9, 22, 8], [23, 17, 24, 16], [1, 11, 2, 10], [3, 13, 4, 12], [5, 23, 6, 22], [7, 21, 8, 20], [9, 15, 10, 14], [11, 3, 12, 2], [13, 5, 14, 4], [15, 19, 16, 18], [17, 1, 18, 24], [19, 7, 20, 6]]"
12a_0367_165,"[[19, 7, 20, 6], [21, 9, 22, 8], [23, 17, 24, 16], [1, 11, 2, 10], [3, 13, 4, 12], [5, 23, 6, 22], [7, 21, 8, 20], [9, 15, 10, 14], [11, 3, 12, 2], [13, 5, 14, 4], [15, 19, 16, 18], [17, 1, 18, 24]]"
12a_0367_166,"[[17, 1, 18, 24], [19, 7, 20, 6], [21, 9, 22, 8], [23, 17, 24, 16], [1, 11, 2, 10], [3, 13, 4, 12], [5, 23, 6, 22], [7, 21, 8, 20], [9, 15, 10, 14], [11, 3, 12, 2], [13, 5, 14, 4], [15, 19, 16, 18]]"
12a_0367_167,"[[15, 19, 16, 18], [17, 1, 18, 24], [19, 7, 20, 6], [21, 9, 22, 8], [23, 17, 24, 16], [1, 11, 2, 10], [3, 13, 4, 12], [5, 23, 6, 22], [7, 21, 8, 20], [9, 15, 10, 14], [11, 3, 12, 2], [13, 5, 14, 4]]"
12a_0367_168,"[[14, 6, 15, 5], [16, 20, 17, 19], [18, 2, 19, 1], [20, 8, 21, 7], [22, 10, 23, 9], [24, 18, 1, 17], [2, 12, 3, 11], [4, 14, 5, 13], [6, 24, 7, 23], [8, 22, 9, 21], [10, 16, 11, 15], [12, 4, 13, 3]]"
12a_0367_169,"[[12, 4, 13, 3], [14, 6, 15, 5], [16, 20, 17, 19], [18, 2, 19, 1], [20, 8, 21, 7], [22, 10, 23, 9], [24, 18, 1, 17], [2, 12, 3, 11], [4, 14, 5, 13], [6, 24, 7, 23], [8, 22, 9, 21], [10, 16, 11, 15]]"
12a_0367_170,"[[10, 16, 11, 15], [12, 4, 13, 3], [14, 6, 15, 5], [16, 20, 17, 19], [18, 2, 19, 1], [20, 8, 21, 7], [22, 10, 23, 9], [24, 18, 1, 17], [2, 12, 3, 11], [4, 14, 5, 13], [6, 24, 7, 23], [8, 22, 9, 21]]"
12a_0367_171,"[[8, 22, 9, 21], [10, 16, 11, 15], [12, 4, 13, 3], [14, 6, 15, 5], [16, 20, 17, 19], [18, 2, 19, 1], [20, 8, 21, 7], [22, 10, 23, 9], [24, 18, 1, 17], [2, 12, 3, 11], [4, 14, 5, 13], [6, 24, 7, 23]]"
12a_0367_172,"[[6, 24, 7, 23], [8, 22, 9, 21], [10, 16, 11, 15], [12, 4, 13, 3], [14, 6, 15, 5], [16, 20, 17, 19], [18, 2, 19, 1], [20, 8, 21, 7], [22, 10, 23, 9], [24, 18, 1, 17], [2, 12, 3, 11], [4, 14, 5, 13]]"
12a_0367_173,"[[4, 14, 5, 13], [6, 24, 7, 23], [8, 22, 9, 21], [10, 16, 11, 15], [12, 4, 13, 3], [14, 6, 15, 5], [16, 20, 17, 19], [18, 2, 19, 1], [20, 8, 21, 7], [22, 10, 23, 9], [24, 18, 1, 17], [2, 12, 3, 11]]"
12a_0367_174,"[[2, 12, 3, 11], [4, 14, 5, 13], [6, 24, 7, 23], [8, 22, 9, 21], [10, 16, 11, 15], [12, 4, 13, 3], [14, 6, 15, 5], [16, 20, 17, 19], [18, 2, 19, 1], [20, 8, 21, 7], [22, 10, 23, 9], [24, 18, 1, 17]]"
12a_0367_175,"[[24, 18, 1, 17], [2, 12, 3, 11], [4, 14, 5, 13], [6, 24, 7, 23], [8, 22, 9, 21], [10, 16, 11, 15], [12, 4, 13, 3], [14, 6, 15, 5], [16, 20, 17, 19], [18, 2, 19, 1], [20, 8, 21, 7], [22, 10, 23, 9]]"
12a_0367_176,"[[22, 10, 23, 9], [24, 18, 1, 17], [2, 12, 3, 11], [4, 14, 5, 13], [6, 24, 7, 23], [8, 22, 9, 21], [10, 16, 11, 15], [12, 4, 13, 3], [14, 6, 15, 5], [16, 20, 17, 19], [18, 2, 19, 1], [20, 8, 21, 7]]"
12a_0367_177,"[[20, 8, 21, 7], [22, 10, 23, 9], [24, 18, 1, 17], [2, 12, 3, 11], [4, 14, 5, 13], [6, 24, 7, 23], [8, 22, 9, 21], [10, 16, 11, 15], [12, 4, 13, 3], [14, 6, 15, 5], [16, 20, 17, 19], [18, 2, 19, 1]]"
12a_0367_178,"[[18, 2, 19, 1], [20, 8, 21, 7], [22, 10, 23, 9], [24, 18, 1, 17], [2, 12, 3, 11], [4, 14, 5, 13], [6, 24, 7, 23], [8, 22, 9, 21], [10, 16, 11, 15], [12, 4, 13, 3], [14, 6, 15, 5], [16, 20, 17, 19]]"
12a_0367_179,"[[16, 20, 17, 19], [18, 2, 19, 1], [20, 8, 21, 7], [22, 10, 23, 9], [24, 18, 1, 17], [2, 12, 3, 11], [4, 14, 5, 13], [6, 24, 7, 23], [8, 22, 9, 21], [10, 16, 11, 15], [12, 4, 13, 3], [14, 6, 15, 5]]"
12a_0367_180,"[[15, 7, 16, 6], [17, 21, 18, 20], [19, 3, 20, 2], [21, 9, 22, 8], [23, 11, 24, 10], [1, 19, 2, 18], [3, 13, 4, 12], [5, 15, 6, 14], [7, 1, 8, 24], [9, 23, 10, 22], [11, 17, 12, 16], [13, 5, 14, 4]]"
12a_0367_181,"[[13, 5, 14, 4], [15, 7, 16, 6], [17, 21, 18, 20], [19, 3, 20, 2], [21, 9, 22, 8], [23, 11, 24, 10], [1, 19, 2, 18], [3, 13, 4, 12], [5, 15, 6, 14], [7, 1, 8, 24], [9, 23, 10, 22], [11, 17, 12, 16]]"
12a_0367_182,"[[11, 17, 12, 16], [13, 5, 14, 4], [15, 7, 16, 6], [17, 21, 18, 20], [19, 3, 20, 2], [21, 9, 22, 8], [23, 11, 24, 10], [1, 19, 2, 18], [3, 13, 4, 12], [5, 15, 6, 14], [7, 1, 8, 24], [9, 23, 10, 22]]"
12a_0367_183,"[[9, 23, 10, 22], [11, 17, 12, 16], [13, 5, 14, 4], [15, 7, 16, 6], [17, 21, 18, 20], [19, 3, 20, 2], [21, 9, 22, 8], [23, 11, 24, 10], [1, 19, 2, 18], [3, 13, 4, 12], [5, 15, 6, 14], [7, 1, 8, 24]]"
12a_0367_184,"[[7, 1, 8, 24], [9, 23, 10, 22], [11, 17, 12, 16], [13, 5, 14, 4], [15, 7, 16, 6], [17, 21, 18, 20], [19, 3, 20, 2], [21, 9, 22, 8], [23, 11, 24, 10], [1, 19, 2, 18], [3, 13, 4, 12], [5, 15, 6, 14]]"
12a_0367_185,"[[5, 15, 6, 14], [7, 1, 8, 24], [9, 23, 10, 22], [11, 17, 12, 16], [13, 5, 14, 4], [15, 7, 16, 6], [17, 21, 18, 20], [19, 3, 20, 2], [21, 9, 22, 8], [23, 11, 24, 10], [1, 19, 2, 18], [3, 13, 4, 12]]"
