name,pd_notation
12a_0892_0,"[[24, 16, 1, 15], [2, 8, 3, 7], [4, 11, 5, 12], [6, 14, 7, 13], [8, 2, 9, 1], [10, 21, 11, 22], [12, 20, 13, 19], [14, 10, 15, 9], [16, 24, 17, 23], [18, 4, 19, 3], [20, 5, 21, 6], [22, 18, 23, 17]]"
12a_0892_1,"[[22, 18, 23, 17], [24, 16, 1, 15], [2, 8, 3, 7], [4, 11, 5, 12], [6, 14, 7, 13], [8, 2, 9, 1], [10, 21, 11, 22], [12, 20, 13, 19], [14, 10, 15, 9], [16, 24, 17, 23], [18, 4, 19, 3], [20, 5, 21, 6]]"
12a_0892_2,"[[20, 5, 21, 6], [22, 18, 23, 17], [24, 16, 1, 15], [2, 8, 3, 7], [4, 11, 5, 12], [6, 14, 7, 13], [8, 2, 9, 1], [10, 21, 11, 22], [12, 20, 13, 19], [14, 10, 15, 9], [16, 24, 17, 23], [18, 4, 19, 3]]"
12a_0892_3,"[[18, 4, 19, 3], [20, 5, 21, 6], [22, 18, 23, 17], [24, 16, 1, 15], [2, 8, 3, 7], [4, 11, 5, 12], [6, 14, 7, 13], [8, 2, 9, 1], [10, 21, 11, 22], [12, 20, 13, 19], [14, 10, 15, 9], [16, 24, 17, 23]]"
12a_0892_4,"[[16, 24, 17, 23], [18, 4, 19, 3], [20, 5, 21, 6], [22, 18, 23, 17], [24, 16, 1, 15], [2, 8, 3, 7], [4, 11, 5, 12], [6, 14, 7, 13], [8, 2, 9, 1], [10, 21, 11, 22], [12, 20, 13, 19], [14, 10, 15, 9]]"
12a_0892_5,"[[14, 10, 15, 9], [16, 24, 17, 23], [18, 4, 19, 3], [20, 5, 21, 6], [22, 18, 23, 17], [24, 16, 1, 15], [2, 8, 3, 7], [4, 11, 5, 12], [6, 14, 7, 13], [8, 2, 9, 1], [10, 21, 11, 22], [12, 20, 13, 19]]"
12a_0892_6,"[[12, 20, 13, 19], [14, 10, 15, 9], [16, 24, 17, 23], [18, 4, 19, 3], [20, 5, 21, 6], [22, 18, 23, 17], [24, 16, 1, 15], [2, 8, 3, 7], [4, 11, 5, 12], [6, 14, 7, 13], [8, 2, 9, 1], [10, 21, 11, 22]]"
12a_0892_7,"[[10, 21, 11, 22], [12, 20, 13, 19], [14, 10, 15, 9], [16, 24, 17, 23], [18, 4, 19, 3], [20, 5, 21, 6], [22, 18, 23, 17], [24, 16, 1, 15], [2, 8, 3, 7], [4, 11, 5, 12], [6, 14, 7, 13], [8, 2, 9, 1]]"
12a_0892_8,"[[8, 2, 9, 1], [10, 21, 11, 22], [12, 20, 13, 19], [14, 10, 15, 9], [16, 24, 17, 23], [18, 4, 19, 3], [20, 5, 21, 6], [22, 18, 23, 17], [24, 16, 1, 15], [2, 8, 3, 7], [4, 11, 5, 12], [6, 14, 7, 13]]"
12a_0892_9,"[[6, 14, 7, 13], [8, 2, 9, 1], [10, 21, 11, 22], [12, 20, 13, 19], [14, 10, 15, 9], [16, 24, 17, 23], [18, 4, 19, 3], [20, 5, 21, 6], [22, 18, 23, 17], [24, 16, 1, 15], [2, 8, 3, 7], [4, 11, 5, 12]]"
12a_0892_10,"[[4, 11, 5, 12], [6, 14, 7, 13], [8, 2, 9, 1], [10, 21, 11, 22], [12, 20, 13, 19], [14, 10, 15, 9], [16, 24, 17, 23], [18, 4, 19, 3], [20, 5, 21, 6], [22, 18, 23, 17], [24, 16, 1, 15], [2, 8, 3, 7]]"
12a_0892_11,"[[2, 8, 3, 7], [4, 11, 5, 12], [6, 14, 7, 13], [8, 2, 9, 1], [10, 21, 11, 22], [12, 20, 13, 19], [14, 10, 15, 9], [16, 24, 17, 23], [18, 4, 19, 3], [20, 5, 21, 6], [22, 18, 23, 17], [24, 16, 1, 15]]"
12a_0892_12,"[[1, 17, 2, 16], [3, 9, 4, 8], [5, 12, 6, 13], [7, 15, 8, 14], [9, 3, 10, 2], [11, 22, 12, 23], [13, 21, 14, 20], [15, 11, 16, 10], [17, 1, 18, 24], [19, 5, 20, 4], [21, 6, 22, 7], [23, 19, 24, 18]]"
12a_0892_13,"[[23, 19, 24, 18], [1, 17, 2, 16], [3, 9, 4, 8], [5, 12, 6, 13], [7, 15, 8, 14], [9, 3, 10, 2], [11, 22, 12, 23], [13, 21, 14, 20], [15, 11, 16, 10], [17, 1, 18, 24], [19, 5, 20, 4], [21, 6, 22, 7]]"
12a_0892_14,"[[21, 6, 22, 7], [23, 19, 24, 18], [1, 17, 2, 16], [3, 9, 4, 8], [5, 12, 6, 13], [7, 15, 8, 14], [9, 3, 10, 2], [11, 22, 12, 23], [13, 21, 14, 20], [15, 11, 16, 10], [17, 1, 18, 24], [19, 5, 20, 4]]"
12a_0892_15,"[[19, 5, 20, 4], [21, 6, 22, 7], [23, 19, 24, 18], [1, 17, 2, 16], [3, 9, 4, 8], [5, 12, 6, 13], [7, 15, 8, 14], [9, 3, 10, 2], [11, 22, 12, 23], [13, 21, 14, 20], [15, 11, 16, 10], [17, 1, 18, 24]]"
12a_0892_16,"[[17, 1, 18, 24], [19, 5, 20, 4], [21, 6, 22, 7], [23, 19, 24, 18], [1, 17, 2, 16], [3, 9, 4, 8], [5, 12, 6, 13], [7, 15, 8, 14], [9, 3, 10, 2], [11, 22, 12, 23], [13, 21, 14, 20], [15, 11, 16, 10]]"
12a_0892_17,"[[15, 11, 16, 10], [17, 1, 18, 24], [19, 5, 20, 4], [21, 6, 22, 7], [23, 19, 24, 18], [1, 17, 2, 16], [3, 9, 4, 8], [5, 12, 6, 13], [7, 15, 8, 14], [9, 3, 10, 2], [11, 22, 12, 23], [13, 21, 14, 20]]"
12a_0892_18,"[[13, 21, 14, 20], [15, 11, 16, 10], [17, 1, 18, 24], [19, 5, 20, 4], [21, 6, 22, 7], [23, 19, 24, 18], [1, 17, 2, 16], [3, 9, 4, 8], [5, 12, 6, 13], [7, 15, 8, 14], [9, 3, 10, 2], [11, 22, 12, 23]]"
12a_0892_19,"[[11, 22, 12, 23], [13, 21, 14, 20], [15, 11, 16, 10], [17, 1, 18, 24], [19, 5, 20, 4], [21, 6, 22, 7], [23, 19, 24, 18], [1, 17, 2, 16], [3, 9, 4, 8], [5, 12, 6, 13], [7, 15, 8, 14], [9, 3, 10, 2]]"
12a_0892_20,"[[9, 3, 10, 2], [11, 22, 12, 23], [13, 21, 14, 20], [15, 11, 16, 10], [17, 1, 18, 24], [19, 5, 20, 4], [21, 6, 22, 7], [23, 19, 24, 18], [1, 17, 2, 16], [3, 9, 4, 8], [5, 12, 6, 13], [7, 15, 8, 14]]"
12a_0892_21,"[[7, 15, 8, 14], [9, 3, 10, 2], [11, 22, 12, 23], [13, 21, 14, 20], [15, 11, 16, 10], [17, 1, 18, 24], [19, 5, 20, 4], [21, 6, 22, 7], [23, 19, 24, 18], [1, 17, 2, 16], [3, 9, 4, 8], [5, 12, 6, 13]]"
12a_0892_22,"[[5, 12, 6, 13], [7, 15, 8, 14], [9, 3, 10, 2], [11, 22, 12, 23], [13, 21, 14, 20], [15, 11, 16, 10], [17, 1, 18, 24], [19, 5, 20, 4], [21, 6, 22, 7], [23, 19, 24, 18], [1, 17, 2, 16], [3, 9, 4, 8]]"
12a_0892_23,"[[3, 9, 4, 8], [5, 12, 6, 13], [7, 15, 8, 14], [9, 3, 10, 2], [11, 22, 12, 23], [13, 21, 14, 20], [15, 11, 16, 10], [17, 1, 18, 24], [19, 5, 20, 4], [21, 6, 22, 7], [23, 19, 24, 18], [1, 17, 2, 16]]"
12a_0892_24,"[[2, 18, 3, 17], [4, 10, 5, 9], [6, 13, 7, 14], [8, 16, 9, 15], [10, 4, 11, 3], [12, 23, 13, 24], [14, 22, 15, 21], [16, 12, 17, 11], [18, 2, 19, 1], [20, 6, 21, 5], [22, 7, 23, 8], [24, 20, 1, 19]]"
12a_0892_25,"[[24, 20, 1, 19], [2, 18, 3, 17], [4, 10, 5, 9], [6, 13, 7, 14], [8, 16, 9, 15], [10, 4, 11, 3], [12, 23, 13, 24], [14, 22, 15, 21], [16, 12, 17, 11], [18, 2, 19, 1], [20, 6, 21, 5], [22, 7, 23, 8]]"
12a_0892_26,"[[22, 7, 23, 8], [24, 20, 1, 19], [2, 18, 3, 17], [4, 10, 5, 9], [6, 13, 7, 14], [8, 16, 9, 15], [10, 4, 11, 3], [12, 23, 13, 24], [14, 22, 15, 21], [16, 12, 17, 11], [18, 2, 19, 1], [20, 6, 21, 5]]"
12a_0892_27,"[[20, 6, 21, 5], [22, 7, 23, 8], [24, 20, 1, 19], [2, 18, 3, 17], [4, 10, 5, 9], [6, 13, 7, 14], [8, 16, 9, 15], [10, 4, 11, 3], [12, 23, 13, 24], [14, 22, 15, 21], [16, 12, 17, 11], [18, 2, 19, 1]]"
12a_0892_28,"[[18, 2, 19, 1], [20, 6, 21, 5], [22, 7, 23, 8], [24, 20, 1, 19], [2, 18, 3, 17], [4, 10, 5, 9], [6, 13, 7, 14], [8, 16, 9, 15], [10, 4, 11, 3], [12, 23, 13, 24], [14, 22, 15, 21], [16, 12, 17, 11]]"
12a_0892_29,"[[16, 12, 17, 11], [18, 2, 19, 1], [20, 6, 21, 5], [22, 7, 23, 8], [24, 20, 1, 19], [2, 18, 3, 17], [4, 10, 5, 9], [6, 13, 7, 14], [8, 16, 9, 15], [10, 4, 11, 3], [12, 23, 13, 24], [14, 22, 15, 21]]"
12a_0892_30,"[[14, 22, 15, 21], [16, 12, 17, 11], [18, 2, 19, 1], [20, 6, 21, 5], [22, 7, 23, 8], [24, 20, 1, 19], [2, 18, 3, 17], [4, 10, 5, 9], [6, 13, 7, 14], [8, 16, 9, 15], [10, 4, 11, 3], [12, 23, 13, 24]]"
12a_0892_31,"[[12, 23, 13, 24], [14, 22, 15, 21], [16, 12, 17, 11], [18, 2, 19, 1], [20, 6, 21, 5], [22, 7, 23, 8], [24, 20, 1, 19], [2, 18, 3, 17], [4, 10, 5, 9], [6, 13, 7, 14], [8, 16, 9, 15], [10, 4, 11, 3]]"
12a_0892_32,"[[10, 4, 11, 3], [12, 23, 13, 24], [14, 22, 15, 21], [16, 12, 17, 11], [18, 2, 19, 1], [20, 6, 21, 5], [22, 7, 23, 8], [24, 20, 1, 19], [2, 18, 3, 17], [4, 10, 5, 9], [6, 13, 7, 14], [8, 16, 9, 15]]"
12a_0892_33,"[[8, 16, 9, 15], [10, 4, 11, 3], [12, 23, 13, 24], [14, 22, 15, 21], [16, 12, 17, 11], [18, 2, 19, 1], [20, 6, 21, 5], [22, 7, 23, 8], [24, 20, 1, 19], [2, 18, 3, 17], [4, 10, 5, 9], [6, 13, 7, 14]]"
12a_0892_34,"[[6, 13, 7, 14], [8, 16, 9, 15], [10, 4, 11, 3], [12, 23, 13, 24], [14, 22, 15, 21], [16, 12, 17, 11], [18, 2, 19, 1], [20, 6, 21, 5], [22, 7, 23, 8], [24, 20, 1, 19], [2, 18, 3, 17], [4, 10, 5, 9]]"
12a_0892_35,"[[4, 10, 5, 9], [6, 13, 7, 14], [8, 16, 9, 15], [10, 4, 11, 3], [12, 23, 13, 24], [14, 22, 15, 21], [16, 12, 17, 11], [18, 2, 19, 1], [20, 6, 21, 5], [22, 7, 23, 8], [24, 20, 1, 19], [2, 18, 3, 17]]"
12a_0892_36,"[[3, 19, 4, 18], [5, 11, 6, 10], [7, 14, 8, 15], [9, 17, 10, 16], [11, 5, 12, 4], [13, 24, 14, 1], [15, 23, 16, 22], [17, 13, 18, 12], [19, 3, 20, 2], [21, 7, 22, 6], [23, 8, 24, 9], [1, 21, 2, 20]]"
12a_0892_37,"[[1, 21, 2, 20], [3, 19, 4, 18], [5, 11, 6, 10], [7, 14, 8, 15], [9, 17, 10, 16], [11, 5, 12, 4], [13, 24, 14, 1], [15, 23, 16, 22], [17, 13, 18, 12], [19, 3, 20, 2], [21, 7, 22, 6], [23, 8, 24, 9]]"
12a_0892_38,"[[23, 8, 24, 9], [1, 21, 2, 20], [3, 19, 4, 18], [5, 11, 6, 10], [7, 14, 8, 15], [9, 17, 10, 16], [11, 5, 12, 4], [13, 24, 14, 1], [15, 23, 16, 22], [17, 13, 18, 12], [19, 3, 20, 2], [21, 7, 22, 6]]"
12a_0892_39,"[[21, 7, 22, 6], [23, 8, 24, 9], [1, 21, 2, 20], [3, 19, 4, 18], [5, 11, 6, 10], [7, 14, 8, 15], [9, 17, 10, 16], [11, 5, 12, 4], [13, 24, 14, 1], [15, 23, 16, 22], [17, 13, 18, 12], [19, 3, 20, 2]]"
12a_0892_40,"[[19, 3, 20, 2], [21, 7, 22, 6], [23, 8, 24, 9], [1, 21, 2, 20], [3, 19, 4, 18], [5, 11, 6, 10], [7, 14, 8, 15], [9, 17, 10, 16], [11, 5, 12, 4], [13, 24, 14, 1], [15, 23, 16, 22], [17, 13, 18, 12]]"
12a_0892_41,"[[17, 13, 18, 12], [19, 3, 20, 2], [21, 7, 22, 6], [23, 8, 24, 9], [1, 21, 2, 20], [3, 19, 4, 18], [5, 11, 6, 10], [7, 14, 8, 15], [9, 17, 10, 16], [11, 5, 12, 4], [13, 24, 14, 1], [15, 23, 16, 22]]"
12a_0892_42,"[[15, 23, 16, 22], [17, 13, 18, 12], [19, 3, 20, 2], [21, 7, 22, 6], [23, 8, 24, 9], [1, 21, 2, 20], [3, 19, 4, 18], [5, 11, 6, 10], [7, 14, 8, 15], [9, 17, 10, 16], [11, 5, 12, 4], [13, 24, 14, 1]]"
12a_0892_43,"[[13, 24, 14, 1], [15, 23, 16, 22], [17, 13, 18, 12], [19, 3, 20, 2], [21, 7, 22, 6], [23, 8, 24, 9], [1, 21, 2, 20], [3, 19, 4, 18], [5, 11, 6, 10], [7, 14, 8, 15], [9, 17, 10, 16], [11, 5, 12, 4]]"
12a_0892_44,"[[11, 5, 12, 4], [13, 24, 14, 1], [15, 23, 16, 22], [17, 13, 18, 12], [19, 3, 20, 2], [21, 7, 22, 6], [23, 8, 24, 9], [1, 21, 2, 20], [3, 19, 4, 18], [5, 11, 6, 10], [7, 14, 8, 15], [9, 17, 10, 16]]"
12a_0892_45,"[[9, 17, 10, 16], [11, 5, 12, 4], [13, 24, 14, 1], [15, 23, 16, 22], [17, 13, 18, 12], [19, 3, 20, 2], [21, 7, 22, 6], [23, 8, 24, 9], [1, 21, 2, 20], [3, 19, 4, 18], [5, 11, 6, 10], [7, 14, 8, 15]]"
12a_0892_46,"[[7, 14, 8, 15], [9, 17, 10, 16], [11, 5, 12, 4], [13, 24, 14, 1], [15, 23, 16, 22], [17, 13, 18, 12], [19, 3, 20, 2], [21, 7, 22, 6], [23, 8, 24, 9], [1, 21, 2, 20], [3, 19, 4, 18], [5, 11, 6, 10]]"
12a_0892_47,"[[5, 11, 6, 10], [7, 14, 8, 15], [9, 17, 10, 16], [11, 5, 12, 4], [13, 24, 14, 1], [15, 23, 16, 22], [17, 13, 18, 12], [19, 3, 20, 2], [21, 7, 22, 6], [23, 8, 24, 9], [1, 21, 2, 20], [3, 19, 4, 18]]"
12a_0892_48,"[[4, 20, 5, 19], [6, 12, 7, 11], [8, 15, 9, 16], [10, 18, 11, 17], [12, 6, 13, 5], [14, 1, 15, 2], [16, 24, 17, 23], [18, 14, 19, 13], [20, 4, 21, 3], [22, 8, 23, 7], [24, 9, 1, 10], [2, 22, 3, 21]]"
12a_0892_49,"[[2, 22, 3, 21], [4, 20, 5, 19], [6, 12, 7, 11], [8, 15, 9, 16], [10, 18, 11, 17], [12, 6, 13, 5], [14, 1, 15, 2], [16, 24, 17, 23], [18, 14, 19, 13], [20, 4, 21, 3], [22, 8, 23, 7], [24, 9, 1, 10]]"
12a_0892_50,"[[24, 9, 1, 10], [2, 22, 3, 21], [4, 20, 5, 19], [6, 12, 7, 11], [8, 15, 9, 16], [10, 18, 11, 17], [12, 6, 13, 5], [14, 1, 15, 2], [16, 24, 17, 23], [18, 14, 19, 13], [20, 4, 21, 3], [22, 8, 23, 7]]"
12a_0892_51,"[[22, 8, 23, 7], [24, 9, 1, 10], [2, 22, 3, 21], [4, 20, 5, 19], [6, 12, 7, 11], [8, 15, 9, 16], [10, 18, 11, 17], [12, 6, 13, 5], [14, 1, 15, 2], [16, 24, 17, 23], [18, 14, 19, 13], [20, 4, 21, 3]]"
12a_0892_52,"[[20, 4, 21, 3], [22, 8, 23, 7], [24, 9, 1, 10], [2, 22, 3, 21], [4, 20, 5, 19], [6, 12, 7, 11], [8, 15, 9, 16], [10, 18, 11, 17], [12, 6, 13, 5], [14, 1, 15, 2], [16, 24, 17, 23], [18, 14, 19, 13]]"
12a_0892_53,"[[18, 14, 19, 13], [20, 4, 21, 3], [22, 8, 23, 7], [24, 9, 1, 10], [2, 22, 3, 21], [4, 20, 5, 19], [6, 12, 7, 11], [8, 15, 9, 16], [10, 18, 11, 17], [12, 6, 13, 5], [14, 1, 15, 2], [16, 24, 17, 23]]"
12a_0892_54,"[[16, 24, 17, 23], [18, 14, 19, 13], [20, 4, 21, 3], [22, 8, 23, 7], [24, 9, 1, 10], [2, 22, 3, 21], [4, 20, 5, 19], [6, 12, 7, 11], [8, 15, 9, 16], [10, 18, 11, 17], [12, 6, 13, 5], [14, 1, 15, 2]]"
12a_0892_55,"[[14, 1, 15, 2], [16, 24, 17, 23], [18, 14, 19, 13], [20, 4, 21, 3], [22, 8, 23, 7], [24, 9, 1, 10], [2, 22, 3, 21], [4, 20, 5, 19], [6, 12, 7, 11], [8, 15, 9, 16], [10, 18, 11, 17], [12, 6, 13, 5]]"
12a_0892_56,"[[12, 6, 13, 5], [14, 1, 15, 2], [16, 24, 17, 23], [18, 14, 19, 13], [20, 4, 21, 3], [22, 8, 23, 7], [24, 9, 1, 10], [2, 22, 3, 21], [4, 20, 5, 19], [6, 12, 7, 11], [8, 15, 9, 16], [10, 18, 11, 17]]"
12a_0892_57,"[[10, 18, 11, 17], [12, 6, 13, 5], [14, 1, 15, 2], [16, 24, 17, 23], [18, 14, 19, 13], [20, 4, 21, 3], [22, 8, 23, 7], [24, 9, 1, 10], [2, 22, 3, 21], [4, 20, 5, 19], [6, 12, 7, 11], [8, 15, 9, 16]]"
12a_0892_58,"[[8, 15, 9, 16], [10, 18, 11, 17], [12, 6, 13, 5], [14, 1, 15, 2], [16, 24, 17, 23], [18, 14, 19, 13], [20, 4, 21, 3], [22, 8, 23, 7], [24, 9, 1, 10], [2, 22, 3, 21], [4, 20, 5, 19], [6, 12, 7, 11]]"
12a_0892_59,"[[6, 12, 7, 11], [8, 15, 9, 16], [10, 18, 11, 17], [12, 6, 13, 5], [14, 1, 15, 2], [16, 24, 17, 23], [18, 14, 19, 13], [20, 4, 21, 3], [22, 8, 23, 7], [24, 9, 1, 10], [2, 22, 3, 21], [4, 20, 5, 19]]"
12a_0892_60,"[[5, 21, 6, 20], [7, 13, 8, 12], [9, 16, 10, 17], [11, 19, 12, 18], [13, 7, 14, 6], [15, 2, 16, 3], [17, 1, 18, 24], [19, 15, 20, 14], [21, 5, 22, 4], [23, 9, 24, 8], [1, 10, 2, 11], [3, 23, 4, 22]]"
12a_0892_61,"[[3, 23, 4, 22], [5, 21, 6, 20], [7, 13, 8, 12], [9, 16, 10, 17], [11, 19, 12, 18], [13, 7, 14, 6], [15, 2, 16, 3], [17, 1, 18, 24], [19, 15, 20, 14], [21, 5, 22, 4], [23, 9, 24, 8], [1, 10, 2, 11]]"
12a_0892_62,"[[1, 10, 2, 11], [3, 23, 4, 22], [5, 21, 6, 20], [7, 13, 8, 12], [9, 16, 10, 17], [11, 19, 12, 18], [13, 7, 14, 6], [15, 2, 16, 3], [17, 1, 18, 24], [19, 15, 20, 14], [21, 5, 22, 4], [23, 9, 24, 8]]"
12a_0892_63,"[[23, 9, 24, 8], [1, 10, 2, 11], [3, 23, 4, 22], [5, 21, 6, 20], [7, 13, 8, 12], [9, 16, 10, 17], [11, 19, 12, 18], [13, 7, 14, 6], [15, 2, 16, 3], [17, 1, 18, 24], [19, 15, 20, 14], [21, 5, 22, 4]]"
12a_0892_64,"[[21, 5, 22, 4], [23, 9, 24, 8], [1, 10, 2, 11], [3, 23, 4, 22], [5, 21, 6, 20], [7, 13, 8, 12], [9, 16, 10, 17], [11, 19, 12, 18], [13, 7, 14, 6], [15, 2, 16, 3], [17, 1, 18, 24], [19, 15, 20, 14]]"
12a_0892_65,"[[19, 15, 20, 14], [21, 5, 22, 4], [23, 9, 24, 8], [1, 10, 2, 11], [3, 23, 4, 22], [5, 21, 6, 20], [7, 13, 8, 12], [9, 16, 10, 17], [11, 19, 12, 18], [13, 7, 14, 6], [15, 2, 16, 3], [17, 1, 18, 24]]"
12a_0892_66,"[[17, 1, 18, 24], [19, 15, 20, 14], [21, 5, 22, 4], [23, 9, 24, 8], [1, 10, 2, 11], [3, 23, 4, 22], [5, 21, 6, 20], [7, 13, 8, 12], [9, 16, 10, 17], [11, 19, 12, 18], [13, 7, 14, 6], [15, 2, 16, 3]]"
12a_0892_67,"[[15, 2, 16, 3], [17, 1, 18, 24], [19, 15, 20, 14], [21, 5, 22, 4], [23, 9, 24, 8], [1, 10, 2, 11], [3, 23, 4, 22], [5, 21, 6, 20], [7, 13, 8, 12], [9, 16, 10, 17], [11, 19, 12, 18], [13, 7, 14, 6]]"
12a_0892_68,"[[13, 7, 14, 6], [15, 2, 16, 3], [17, 1, 18, 24], [19, 15, 20, 14], [21, 5, 22, 4], [23, 9, 24, 8], [1, 10, 2, 11], [3, 23, 4, 22], [5, 21, 6, 20], [7, 13, 8, 12], [9, 16, 10, 17], [11, 19, 12, 18]]"
12a_0892_69,"[[11, 19, 12, 18], [13, 7, 14, 6], [15, 2, 16, 3], [17, 1, 18, 24], [19, 15, 20, 14], [21, 5, 22, 4], [23, 9, 24, 8], [1, 10, 2, 11], [3, 23, 4, 22], [5, 21, 6, 20], [7, 13, 8, 12], [9, 16, 10, 17]]"
12a_0892_70,"[[9, 16, 10, 17], [11, 19, 12, 18], [13, 7, 14, 6], [15, 2, 16, 3], [17, 1, 18, 24], [19, 15, 20, 14], [21, 5, 22, 4], [23, 9, 24, 8], [1, 10, 2, 11], [3, 23, 4, 22], [5, 21, 6, 20], [7, 13, 8, 12]]"
12a_0892_71,"[[7, 13, 8, 12], [9, 16, 10, 17], [11, 19, 12, 18], [13, 7, 14, 6], [15, 2, 16, 3], [17, 1, 18, 24], [19, 15, 20, 14], [21, 5, 22, 4], [23, 9, 24, 8], [1, 10, 2, 11], [3, 23, 4, 22], [5, 21, 6, 20]]"
12a_0892_72,"[[6, 22, 7, 21], [8, 14, 9, 13], [10, 17, 11, 18], [12, 20, 13, 19], [14, 8, 15, 7], [16, 3, 17, 4], [18, 2, 19, 1], [20, 16, 21, 15], [22, 6, 23, 5], [24, 10, 1, 9], [2, 11, 3, 12], [4, 24, 5, 23]]"
12a_0892_73,"[[4, 24, 5, 23], [6, 22, 7, 21], [8, 14, 9, 13], [10, 17, 11, 18], [12, 20, 13, 19], [14, 8, 15, 7], [16, 3, 17, 4], [18, 2, 19, 1], [20, 16, 21, 15], [22, 6, 23, 5], [24, 10, 1, 9], [2, 11, 3, 12]]"
12a_0892_74,"[[2, 11, 3, 12], [4, 24, 5, 23], [6, 22, 7, 21], [8, 14, 9, 13], [10, 17, 11, 18], [12, 20, 13, 19], [14, 8, 15, 7], [16, 3, 17, 4], [18, 2, 19, 1], [20, 16, 21, 15], [22, 6, 23, 5], [24, 10, 1, 9]]"
12a_0892_75,"[[24, 10, 1, 9], [2, 11, 3, 12], [4, 24, 5, 23], [6, 22, 7, 21], [8, 14, 9, 13], [10, 17, 11, 18], [12, 20, 13, 19], [14, 8, 15, 7], [16, 3, 17, 4], [18, 2, 19, 1], [20, 16, 21, 15], [22, 6, 23, 5]]"
12a_0892_76,"[[22, 6, 23, 5], [24, 10, 1, 9], [2, 11, 3, 12], [4, 24, 5, 23], [6, 22, 7, 21], [8, 14, 9, 13], [10, 17, 11, 18], [12, 20, 13, 19], [14, 8, 15, 7], [16, 3, 17, 4], [18, 2, 19, 1], [20, 16, 21, 15]]"
12a_0892_77,"[[20, 16, 21, 15], [22, 6, 23, 5], [24, 10, 1, 9], [2, 11, 3, 12], [4, 24, 5, 23], [6, 22, 7, 21], [8, 14, 9, 13], [10, 17, 11, 18], [12, 20, 13, 19], [14, 8, 15, 7], [16, 3, 17, 4], [18, 2, 19, 1]]"
12a_0892_78,"[[18, 2, 19, 1], [20, 16, 21, 15], [22, 6, 23, 5], [24, 10, 1, 9], [2, 11, 3, 12], [4, 24, 5, 23], [6, 22, 7, 21], [8, 14, 9, 13], [10, 17, 11, 18], [12, 20, 13, 19], [14, 8, 15, 7], [16, 3, 17, 4]]"
12a_0892_79,"[[16, 3, 17, 4], [18, 2, 19, 1], [20, 16, 21, 15], [22, 6, 23, 5], [24, 10, 1, 9], [2, 11, 3, 12], [4, 24, 5, 23], [6, 22, 7, 21], [8, 14, 9, 13], [10, 17, 11, 18], [12, 20, 13, 19], [14, 8, 15, 7]]"
12a_0892_80,"[[14, 8, 15, 7], [16, 3, 17, 4], [18, 2, 19, 1], [20, 16, 21, 15], [22, 6, 23, 5], [24, 10, 1, 9], [2, 11, 3, 12], [4, 24, 5, 23], [6, 22, 7, 21], [8, 14, 9, 13], [10, 17, 11, 18], [12, 20, 13, 19]]"
12a_0892_81,"[[12, 20, 13, 19], [14, 8, 15, 7], [16, 3, 17, 4], [18, 2, 19, 1], [20, 16, 21, 15], [22, 6, 23, 5], [24, 10, 1, 9], [2, 11, 3, 12], [4, 24, 5, 23], [6, 22, 7, 21], [8, 14, 9, 13], [10, 17, 11, 18]]"
12a_0892_82,"[[10, 17, 11, 18], [12, 20, 13, 19], [14, 8, 15, 7], [16, 3, 17, 4], [18, 2, 19, 1], [20, 16, 21, 15], [22, 6, 23, 5], [24, 10, 1, 9], [2, 11, 3, 12], [4, 24, 5, 23], [6, 22, 7, 21], [8, 14, 9, 13]]"
12a_0892_83,"[[8, 14, 9, 13], [10, 17, 11, 18], [12, 20, 13, 19], [14, 8, 15, 7], [16, 3, 17, 4], [18, 2, 19, 1], [20, 16, 21, 15], [22, 6, 23, 5], [24, 10, 1, 9], [2, 11, 3, 12], [4, 24, 5, 23], [6, 22, 7, 21]]"
12a_0892_84,"[[7, 23, 8, 22], [9, 15, 10, 14], [11, 18, 12, 19], [13, 21, 14, 20], [15, 9, 16, 8], [17, 4, 18, 5], [19, 3, 20, 2], [21, 17, 22, 16], [23, 7, 24, 6], [1, 11, 2, 10], [3, 12, 4, 13], [5, 1, 6, 24]]"
12a_0892_85,"[[5, 1, 6, 24], [7, 23, 8, 22], [9, 15, 10, 14], [11, 18, 12, 19], [13, 21, 14, 20], [15, 9, 16, 8], [17, 4, 18, 5], [19, 3, 20, 2], [21, 17, 22, 16], [23, 7, 24, 6], [1, 11, 2, 10], [3, 12, 4, 13]]"
12a_0892_86,"[[3, 12, 4, 13], [5, 1, 6, 24], [7, 23, 8, 22], [9, 15, 10, 14], [11, 18, 12, 19], [13, 21, 14, 20], [15, 9, 16, 8], [17, 4, 18, 5], [19, 3, 20, 2], [21, 17, 22, 16], [23, 7, 24, 6], [1, 11, 2, 10]]"
12a_0892_87,"[[1, 11, 2, 10], [3, 12, 4, 13], [5, 1, 6, 24], [7, 23, 8, 22], [9, 15, 10, 14], [11, 18, 12, 19], [13, 21, 14, 20], [15, 9, 16, 8], [17, 4, 18, 5], [19, 3, 20, 2], [21, 17, 22, 16], [23, 7, 24, 6]]"
12a_0892_88,"[[23, 7, 24, 6], [1, 11, 2, 10], [3, 12, 4, 13], [5, 1, 6, 24], [7, 23, 8, 22], [9, 15, 10, 14], [11, 18, 12, 19], [13, 21, 14, 20], [15, 9, 16, 8], [17, 4, 18, 5], [19, 3, 20, 2], [21, 17, 22, 16]]"
12a_0892_89,"[[21, 17, 22, 16], [23, 7, 24, 6], [1, 11, 2, 10], [3, 12, 4, 13], [5, 1, 6, 24], [7, 23, 8, 22], [9, 15, 10, 14], [11, 18, 12, 19], [13, 21, 14, 20], [15, 9, 16, 8], [17, 4, 18, 5], [19, 3, 20, 2]]"
12a_0892_90,"[[19, 3, 20, 2], [21, 17, 22, 16], [23, 7, 24, 6], [1, 11, 2, 10], [3, 12, 4, 13], [5, 1, 6, 24], [7, 23, 8, 22], [9, 15, 10, 14], [11, 18, 12, 19], [13, 21, 14, 20], [15, 9, 16, 8], [17, 4, 18, 5]]"
12a_0892_91,"[[17, 4, 18, 5], [19, 3, 20, 2], [21, 17, 22, 16], [23, 7, 24, 6], [1, 11, 2, 10], [3, 12, 4, 13], [5, 1, 6, 24], [7, 23, 8, 22], [9, 15, 10, 14], [11, 18, 12, 19], [13, 21, 14, 20], [15, 9, 16, 8]]"
12a_0892_92,"[[15, 9, 16, 8], [17, 4, 18, 5], [19, 3, 20, 2], [21, 17, 22, 16], [23, 7, 24, 6], [1, 11, 2, 10], [3, 12, 4, 13], [5, 1, 6, 24], [7, 23, 8, 22], [9, 15, 10, 14], [11, 18, 12, 19], [13, 21, 14, 20]]"
12a_0892_93,"[[13, 21, 14, 20], [15, 9, 16, 8], [17, 4, 18, 5], [19, 3, 20, 2], [21, 17, 22, 16], [23, 7, 24, 6], [1, 11, 2, 10], [3, 12, 4, 13], [5, 1, 6, 24], [7, 23, 8, 22], [9, 15, 10, 14], [11, 18, 12, 19]]"
12a_0892_94,"[[11, 18, 12, 19], [13, 21, 14, 20], [15, 9, 16, 8], [17, 4, 18, 5], [19, 3, 20, 2], [21, 17, 22, 16], [23, 7, 24, 6], [1, 11, 2, 10], [3, 12, 4, 13], [5, 1, 6, 24], [7, 23, 8, 22], [9, 15, 10, 14]]"
12a_0892_95,"[[9, 15, 10, 14], [11, 18, 12, 19], [13, 21, 14, 20], [15, 9, 16, 8], [17, 4, 18, 5], [19, 3, 20, 2], [21, 17, 22, 16], [23, 7, 24, 6], [1, 11, 2, 10], [3, 12, 4, 13], [5, 1, 6, 24], [7, 23, 8, 22]]"
12a_0892_96,"[[8, 24, 9, 23], [10, 16, 11, 15], [12, 19, 13, 20], [14, 22, 15, 21], [16, 10, 17, 9], [18, 5, 19, 6], [20, 4, 21, 3], [22, 18, 23, 17], [24, 8, 1, 7], [2, 12, 3, 11], [4, 13, 5, 14], [6, 2, 7, 1]]"
12a_0892_97,"[[6, 2, 7, 1], [8, 24, 9, 23], [10, 16, 11, 15], [12, 19, 13, 20], [14, 22, 15, 21], [16, 10, 17, 9], [18, 5, 19, 6], [20, 4, 21, 3], [22, 18, 23, 17], [24, 8, 1, 7], [2, 12, 3, 11], [4, 13, 5, 14]]"
12a_0892_98,"[[4, 13, 5, 14], [6, 2, 7, 1], [8, 24, 9, 23], [10, 16, 11, 15], [12, 19, 13, 20], [14, 22, 15, 21], [16, 10, 17, 9], [18, 5, 19, 6], [20, 4, 21, 3], [22, 18, 23, 17], [24, 8, 1, 7], [2, 12, 3, 11]]"
12a_0892_99,"[[2, 12, 3, 11], [4, 13, 5, 14], [6, 2, 7, 1], [8, 24, 9, 23], [10, 16, 11, 15], [12, 19, 13, 20], [14, 22, 15, 21], [16, 10, 17, 9], [18, 5, 19, 6], [20, 4, 21, 3], [22, 18, 23, 17], [24, 8, 1, 7]]"
12a_0892_100,"[[24, 8, 1, 7], [2, 12, 3, 11], [4, 13, 5, 14], [6, 2, 7, 1], [8, 24, 9, 23], [10, 16, 11, 15], [12, 19, 13, 20], [14, 22, 15, 21], [16, 10, 17, 9], [18, 5, 19, 6], [20, 4, 21, 3], [22, 18, 23, 17]]"
12a_0892_101,"[[22, 18, 23, 17], [24, 8, 1, 7], [2, 12, 3, 11], [4, 13, 5, 14], [6, 2, 7, 1], [8, 24, 9, 23], [10, 16, 11, 15], [12, 19, 13, 20], [14, 22, 15, 21], [16, 10, 17, 9], [18, 5, 19, 6], [20, 4, 21, 3]]"
12a_0892_102,"[[20, 4, 21, 3], [22, 18, 23, 17], [24, 8, 1, 7], [2, 12, 3, 11], [4, 13, 5, 14], [6, 2, 7, 1], [8, 24, 9, 23], [10, 16, 11, 15], [12, 19, 13, 20], [14, 22, 15, 21], [16, 10, 17, 9], [18, 5, 19, 6]]"
12a_0892_103,"[[18, 5, 19, 6], [20, 4, 21, 3], [22, 18, 23, 17], [24, 8, 1, 7], [2, 12, 3, 11], [4, 13, 5, 14], [6, 2, 7, 1], [8, 24, 9, 23], [10, 16, 11, 15], [12, 19, 13, 20], [14, 22, 15, 21], [16, 10, 17, 9]]"
12a_0892_104,"[[16, 10, 17, 9], [18, 5, 19, 6], [20, 4, 21, 3], [22, 18, 23, 17], [24, 8, 1, 7], [2, 12, 3, 11], [4, 13, 5, 14], [6, 2, 7, 1], [8, 24, 9, 23], [10, 16, 11, 15], [12, 19, 13, 20], [14, 22, 15, 21]]"
12a_0892_105,"[[14, 22, 15, 21], [16, 10, 17, 9], [18, 5, 19, 6], [20, 4, 21, 3], [22, 18, 23, 17], [24, 8, 1, 7], [2, 12, 3, 11], [4, 13, 5, 14], [6, 2, 7, 1], [8, 24, 9, 23], [10, 16, 11, 15], [12, 19, 13, 20]]"
12a_0892_106,"[[12, 19, 13, 20], [14, 22, 15, 21], [16, 10, 17, 9], [18, 5, 19, 6], [20, 4, 21, 3], [22, 18, 23, 17], [24, 8, 1, 7], [2, 12, 3, 11], [4, 13, 5, 14], [6, 2, 7, 1], [8, 24, 9, 23], [10, 16, 11, 15]]"
12a_0892_107,"[[10, 16, 11, 15], [12, 19, 13, 20], [14, 22, 15, 21], [16, 10, 17, 9], [18, 5, 19, 6], [20, 4, 21, 3], [22, 18, 23, 17], [24, 8, 1, 7], [2, 12, 3, 11], [4, 13, 5, 14], [6, 2, 7, 1], [8, 24, 9, 23]]"
12a_0892_108,"[[9, 1, 10, 24], [11, 17, 12, 16], [13, 20, 14, 21], [15, 23, 16, 22], [17, 11, 18, 10], [19, 6, 20, 7], [21, 5, 22, 4], [23, 19, 24, 18], [1, 9, 2, 8], [3, 13, 4, 12], [5, 14, 6, 15], [7, 3, 8, 2]]"
12a_0892_109,"[[7, 3, 8, 2], [9, 1, 10, 24], [11, 17, 12, 16], [13, 20, 14, 21], [15, 23, 16, 22], [17, 11, 18, 10], [19, 6, 20, 7], [21, 5, 22, 4], [23, 19, 24, 18], [1, 9, 2, 8], [3, 13, 4, 12], [5, 14, 6, 15]]"
12a_0892_110,"[[5, 14, 6, 15], [7, 3, 8, 2], [9, 1, 10, 24], [11, 17, 12, 16], [13, 20, 14, 21], [15, 23, 16, 22], [17, 11, 18, 10], [19, 6, 20, 7], [21, 5, 22, 4], [23, 19, 24, 18], [1, 9, 2, 8], [3, 13, 4, 12]]"
12a_0892_111,"[[3, 13, 4, 12], [5, 14, 6, 15], [7, 3, 8, 2], [9, 1, 10, 24], [11, 17, 12, 16], [13, 20, 14, 21], [15, 23, 16, 22], [17, 11, 18, 10], [19, 6, 20, 7], [21, 5, 22, 4], [23, 19, 24, 18], [1, 9, 2, 8]]"
12a_0892_112,"[[1, 9, 2, 8], [3, 13, 4, 12], [5, 14, 6, 15], [7, 3, 8, 2], [9, 1, 10, 24], [11, 17, 12, 16], [13, 20, 14, 21], [15, 23, 16, 22], [17, 11, 18, 10], [19, 6, 20, 7], [21, 5, 22, 4], [23, 19, 24, 18]]"
12a_0892_113,"[[23, 19, 24, 18], [1, 9, 2, 8], [3, 13, 4, 12], [5, 14, 6, 15], [7, 3, 8, 2], [9, 1, 10, 24], [11, 17, 12, 16], [13, 20, 14, 21], [15, 23, 16, 22], [17, 11, 18, 10], [19, 6, 20, 7], [21, 5, 22, 4]]"
12a_0892_114,"[[21, 5, 22, 4], [23, 19, 24, 18], [1, 9, 2, 8], [3, 13, 4, 12], [5, 14, 6, 15], [7, 3, 8, 2], [9, 1, 10, 24], [11, 17, 12, 16], [13, 20, 14, 21], [15, 23, 16, 22], [17, 11, 18, 10], [19, 6, 20, 7]]"
12a_0892_115,"[[19, 6, 20, 7], [21, 5, 22, 4], [23, 19, 24, 18], [1, 9, 2, 8], [3, 13, 4, 12], [5, 14, 6, 15], [7, 3, 8, 2], [9, 1, 10, 24], [11, 17, 12, 16], [13, 20, 14, 21], [15, 23, 16, 22], [17, 11, 18, 10]]"
12a_0892_116,"[[17, 11, 18, 10], [19, 6, 20, 7], [21, 5, 22, 4], [23, 19, 24, 18], [1, 9, 2, 8], [3, 13, 4, 12], [5, 14, 6, 15], [7, 3, 8, 2], [9, 1, 10, 24], [11, 17, 12, 16], [13, 20, 14, 21], [15, 23, 16, 22]]"
12a_0892_117,"[[15, 23, 16, 22], [17, 11, 18, 10], [19, 6, 20, 7], [21, 5, 22, 4], [23, 19, 24, 18], [1, 9, 2, 8], [3, 13, 4, 12], [5, 14, 6, 15], [7, 3, 8, 2], [9, 1, 10, 24], [11, 17, 12, 16], [13, 20, 14, 21]]"
12a_0892_118,"[[13, 20, 14, 21], [15, 23, 16, 22], [17, 11, 18, 10], [19, 6, 20, 7], [21, 5, 22, 4], [23, 19, 24, 18], [1, 9, 2, 8], [3, 13, 4, 12], [5, 14, 6, 15], [7, 3, 8, 2], [9, 1, 10, 24], [11, 17, 12, 16]]"
12a_0892_119,"[[11, 17, 12, 16], [13, 20, 14, 21], [15, 23, 16, 22], [17, 11, 18, 10], [19, 6, 20, 7], [21, 5, 22, 4], [23, 19, 24, 18], [1, 9, 2, 8], [3, 13, 4, 12], [5, 14, 6, 15], [7, 3, 8, 2], [9, 1, 10, 24]]"
12a_0892_120,"[[10, 2, 11, 1], [12, 18, 13, 17], [14, 21, 15, 22], [16, 24, 17, 23], [18, 12, 19, 11], [20, 7, 21, 8], [22, 6, 23, 5], [24, 20, 1, 19], [2, 10, 3, 9], [4, 14, 5, 13], [6, 15, 7, 16], [8, 4, 9, 3]]"
12a_0892_121,"[[8, 4, 9, 3], [10, 2, 11, 1], [12, 18, 13, 17], [14, 21, 15, 22], [16, 24, 17, 23], [18, 12, 19, 11], [20, 7, 21, 8], [22, 6, 23, 5], [24, 20, 1, 19], [2, 10, 3, 9], [4, 14, 5, 13], [6, 15, 7, 16]]"
12a_0892_122,"[[6, 15, 7, 16], [8, 4, 9, 3], [10, 2, 11, 1], [12, 18, 13, 17], [14, 21, 15, 22], [16, 24, 17, 23], [18, 12, 19, 11], [20, 7, 21, 8], [22, 6, 23, 5], [24, 20, 1, 19], [2, 10, 3, 9], [4, 14, 5, 13]]"
12a_0892_123,"[[4, 14, 5, 13], [6, 15, 7, 16], [8, 4, 9, 3], [10, 2, 11, 1], [12, 18, 13, 17], [14, 21, 15, 22], [16, 24, 17, 23], [18, 12, 19, 11], [20, 7, 21, 8], [22, 6, 23, 5], [24, 20, 1, 19], [2, 10, 3, 9]]"
12a_0892_124,"[[2, 10, 3, 9], [4, 14, 5, 13], [6, 15, 7, 16], [8, 4, 9, 3], [10, 2, 11, 1], [12, 18, 13, 17], [14, 21, 15, 22], [16, 24, 17, 23], [18, 12, 19, 11], [20, 7, 21, 8], [22, 6, 23, 5], [24, 20, 1, 19]]"
12a_0892_125,"[[24, 20, 1, 19], [2, 10, 3, 9], [4, 14, 5, 13], [6, 15, 7, 16], [8, 4, 9, 3], [10, 2, 11, 1], [12, 18, 13, 17], [14, 21, 15, 22], [16, 24, 17, 23], [18, 12, 19, 11], [20, 7, 21, 8], [22, 6, 23, 5]]"
12a_0892_126,"[[22, 6, 23, 5], [24, 20, 1, 19], [2, 10, 3, 9], [4, 14, 5, 13], [6, 15, 7, 16], [8, 4, 9, 3], [10, 2, 11, 1], [12, 18, 13, 17], [14, 21, 15, 22], [16, 24, 17, 23], [18, 12, 19, 11], [20, 7, 21, 8]]"
12a_0892_127,"[[20, 7, 21, 8], [22, 6, 23, 5], [24, 20, 1, 19], [2, 10, 3, 9], [4, 14, 5, 13], [6, 15, 7, 16], [8, 4, 9, 3], [10, 2, 11, 1], [12, 18, 13, 17], [14, 21, 15, 22], [16, 24, 17, 23], [18, 12, 19, 11]]"
12a_0892_128,"[[18, 12, 19, 11], [20, 7, 21, 8], [22, 6, 23, 5], [24, 20, 1, 19], [2, 10, 3, 9], [4, 14, 5, 13], [6, 15, 7, 16], [8, 4, 9, 3], [10, 2, 11, 1], [12, 18, 13, 17], [14, 21, 15, 22], [16, 24, 17, 23]]"
12a_0892_129,"[[16, 24, 17, 23], [18, 12, 19, 11], [20, 7, 21, 8], [22, 6, 23, 5], [24, 20, 1, 19], [2, 10, 3, 9], [4, 14, 5, 13], [6, 15, 7, 16], [8, 4, 9, 3], [10, 2, 11, 1], [12, 18, 13, 17], [14, 21, 15, 22]]"
12a_0892_130,"[[14, 21, 15, 22], [16, 24, 17, 23], [18, 12, 19, 11], [20, 7, 21, 8], [22, 6, 23, 5], [24, 20, 1, 19], [2, 10, 3, 9], [4, 14, 5, 13], [6, 15, 7, 16], [8, 4, 9, 3], [10, 2, 11, 1], [12, 18, 13, 17]]"
12a_0892_131,"[[12, 18, 13, 17], [14, 21, 15, 22], [16, 24, 17, 23], [18, 12, 19, 11], [20, 7, 21, 8], [22, 6, 23, 5], [24, 20, 1, 19], [2, 10, 3, 9], [4, 14, 5, 13], [6, 15, 7, 16], [8, 4, 9, 3], [10, 2, 11, 1]]"
12a_0892_132,"[[11, 3, 12, 2], [13, 19, 14, 18], [15, 22, 16, 23], [17, 1, 18, 24], [19, 13, 20, 12], [21, 8, 22, 9], [23, 7, 24, 6], [1, 21, 2, 20], [3, 11, 4, 10], [5, 15, 6, 14], [7, 16, 8, 17], [9, 5, 10, 4]]"
12a_0892_133,"[[9, 5, 10, 4], [11, 3, 12, 2], [13, 19, 14, 18], [15, 22, 16, 23], [17, 1, 18, 24], [19, 13, 20, 12], [21, 8, 22, 9], [23, 7, 24, 6], [1, 21, 2, 20], [3, 11, 4, 10], [5, 15, 6, 14], [7, 16, 8, 17]]"
12a_0892_134,"[[7, 16, 8, 17], [9, 5, 10, 4], [11, 3, 12, 2], [13, 19, 14, 18], [15, 22, 16, 23], [17, 1, 18, 24], [19, 13, 20, 12], [21, 8, 22, 9], [23, 7, 24, 6], [1, 21, 2, 20], [3, 11, 4, 10], [5, 15, 6, 14]]"
12a_0892_135,"[[5, 15, 6, 14], [7, 16, 8, 17], [9, 5, 10, 4], [11, 3, 12, 2], [13, 19, 14, 18], [15, 22, 16, 23], [17, 1, 18, 24], [19, 13, 20, 12], [21, 8, 22, 9], [23, 7, 24, 6], [1, 21, 2, 20], [3, 11, 4, 10]]"
12a_0892_136,"[[3, 11, 4, 10], [5, 15, 6, 14], [7, 16, 8, 17], [9, 5, 10, 4], [11, 3, 12, 2], [13, 19, 14, 18], [15, 22, 16, 23], [17, 1, 18, 24], [19, 13, 20, 12], [21, 8, 22, 9], [23, 7, 24, 6], [1, 21, 2, 20]]"
12a_0892_137,"[[1, 21, 2, 20], [3, 11, 4, 10], [5, 15, 6, 14], [7, 16, 8, 17], [9, 5, 10, 4], [11, 3, 12, 2], [13, 19, 14, 18], [15, 22, 16, 23], [17, 1, 18, 24], [19, 13, 20, 12], [21, 8, 22, 9], [23, 7, 24, 6]]"
12a_0892_138,"[[23, 7, 24, 6], [1, 21, 2, 20], [3, 11, 4, 10], [5, 15, 6, 14], [7, 16, 8, 17], [9, 5, 10, 4], [11, 3, 12, 2], [13, 19, 14, 18], [15, 22, 16, 23], [17, 1, 18, 24], [19, 13, 20, 12], [21, 8, 22, 9]]"
12a_0892_139,"[[21, 8, 22, 9], [23, 7, 24, 6], [1, 21, 2, 20], [3, 11, 4, 10], [5, 15, 6, 14], [7, 16, 8, 17], [9, 5, 10, 4], [11, 3, 12, 2], [13, 19, 14, 18], [15, 22, 16, 23], [17, 1, 18, 24], [19, 13, 20, 12]]"
12a_0892_140,"[[19, 13, 20, 12], [21, 8, 22, 9], [23, 7, 24, 6], [1, 21, 2, 20], [3, 11, 4, 10], [5, 15, 6, 14], [7, 16, 8, 17], [9, 5, 10, 4], [11, 3, 12, 2], [13, 19, 14, 18], [15, 22, 16, 23], [17, 1, 18, 24]]"
12a_0892_141,"[[17, 1, 18, 24], [19, 13, 20, 12], [21, 8, 22, 9], [23, 7, 24, 6], [1, 21, 2, 20], [3, 11, 4, 10], [5, 15, 6, 14], [7, 16, 8, 17], [9, 5, 10, 4], [11, 3, 12, 2], [13, 19, 14, 18], [15, 22, 16, 23]]"
12a_0892_142,"[[15, 22, 16, 23], [17, 1, 18, 24], [19, 13, 20, 12], [21, 8, 22, 9], [23, 7, 24, 6], [1, 21, 2, 20], [3, 11, 4, 10], [5, 15, 6, 14], [7, 16, 8, 17], [9, 5, 10, 4], [11, 3, 12, 2], [13, 19, 14, 18]]"
12a_0892_143,"[[13, 19, 14, 18], [15, 22, 16, 23], [17, 1, 18, 24], [19, 13, 20, 12], [21, 8, 22, 9], [23, 7, 24, 6], [1, 21, 2, 20], [3, 11, 4, 10], [5, 15, 6, 14], [7, 16, 8, 17], [9, 5, 10, 4], [11, 3, 12, 2]]"
12a_0892_144,"[[12, 4, 13, 3], [14, 20, 15, 19], [16, 23, 17, 24], [18, 2, 19, 1], [20, 14, 21, 13], [22, 9, 23, 10], [24, 8, 1, 7], [2, 22, 3, 21], [4, 12, 5, 11], [6, 16, 7, 15], [8, 17, 9, 18], [10, 6, 11, 5]]"
12a_0892_145,"[[10, 6, 11, 5], [12, 4, 13, 3], [14, 20, 15, 19], [16, 23, 17, 24], [18, 2, 19, 1], [20, 14, 21, 13], [22, 9, 23, 10], [24, 8, 1, 7], [2, 22, 3, 21], [4, 12, 5, 11], [6, 16, 7, 15], [8, 17, 9, 18]]"
12a_0892_146,"[[8, 17, 9, 18], [10, 6, 11, 5], [12, 4, 13, 3], [14, 20, 15, 19], [16, 23, 17, 24], [18, 2, 19, 1], [20, 14, 21, 13], [22, 9, 23, 10], [24, 8, 1, 7], [2, 22, 3, 21], [4, 12, 5, 11], [6, 16, 7, 15]]"
12a_0892_147,"[[6, 16, 7, 15], [8, 17, 9, 18], [10, 6, 11, 5], [12, 4, 13, 3], [14, 20, 15, 19], [16, 23, 17, 24], [18, 2, 19, 1], [20, 14, 21, 13], [22, 9, 23, 10], [24, 8, 1, 7], [2, 22, 3, 21], [4, 12, 5, 11]]"
12a_0892_148,"[[4, 12, 5, 11], [6, 16, 7, 15], [8, 17, 9, 18], [10, 6, 11, 5], [12, 4, 13, 3], [14, 20, 15, 19], [16, 23, 17, 24], [18, 2, 19, 1], [20, 14, 21, 13], [22, 9, 23, 10], [24, 8, 1, 7], [2, 22, 3, 21]]"
12a_0892_149,"[[2, 22, 3, 21], [4, 12, 5, 11], [6, 16, 7, 15], [8, 17, 9, 18], [10, 6, 11, 5], [12, 4, 13, 3], [14, 20, 15, 19], [16, 23, 17, 24], [18, 2, 19, 1], [20, 14, 21, 13], [22, 9, 23, 10], [24, 8, 1, 7]]"
12a_0892_150,"[[24, 8, 1, 7], [2, 22, 3, 21], [4, 12, 5, 11], [6, 16, 7, 15], [8, 17, 9, 18], [10, 6, 11, 5], [12, 4, 13, 3], [14, 20, 15, 19], [16, 23, 17, 24], [18, 2, 19, 1], [20, 14, 21, 13], [22, 9, 23, 10]]"
12a_0892_151,"[[22, 9, 23, 10], [24, 8, 1, 7], [2, 22, 3, 21], [4, 12, 5, 11], [6, 16, 7, 15], [8, 17, 9, 18], [10, 6, 11, 5], [12, 4, 13, 3], [14, 20, 15, 19], [16, 23, 17, 24], [18, 2, 19, 1], [20, 14, 21, 13]]"
12a_0892_152,"[[20, 14, 21, 13], [22, 9, 23, 10], [24, 8, 1, 7], [2, 22, 3, 21], [4, 12, 5, 11], [6, 16, 7, 15], [8, 17, 9, 18], [10, 6, 11, 5], [12, 4, 13, 3], [14, 20, 15, 19], [16, 23, 17, 24], [18, 2, 19, 1]]"
12a_0892_153,"[[18, 2, 19, 1], [20, 14, 21, 13], [22, 9, 23, 10], [24, 8, 1, 7], [2, 22, 3, 21], [4, 12, 5, 11], [6, 16, 7, 15], [8, 17, 9, 18], [10, 6, 11, 5], [12, 4, 13, 3], [14, 20, 15, 19], [16, 23, 17, 24]]"
12a_0892_154,"[[16, 23, 17, 24], [18, 2, 19, 1], [20, 14, 21, 13], [22, 9, 23, 10], [24, 8, 1, 7], [2, 22, 3, 21], [4, 12, 5, 11], [6, 16, 7, 15], [8, 17, 9, 18], [10, 6, 11, 5], [12, 4, 13, 3], [14, 20, 15, 19]]"
12a_0892_155,"[[14, 20, 15, 19], [16, 23, 17, 24], [18, 2, 19, 1], [20, 14, 21, 13], [22, 9, 23, 10], [24, 8, 1, 7], [2, 22, 3, 21], [4, 12, 5, 11], [6, 16, 7, 15], [8, 17, 9, 18], [10, 6, 11, 5], [12, 4, 13, 3]]"
12a_0892_156,"[[13, 5, 14, 4], [15, 21, 16, 20], [17, 24, 18, 1], [19, 3, 20, 2], [21, 15, 22, 14], [23, 10, 24, 11], [1, 9, 2, 8], [3, 23, 4, 22], [5, 13, 6, 12], [7, 17, 8, 16], [9, 18, 10, 19], [11, 7, 12, 6]]"
12a_0892_157,"[[11, 7, 12, 6], [13, 5, 14, 4], [15, 21, 16, 20], [17, 24, 18, 1], [19, 3, 20, 2], [21, 15, 22, 14], [23, 10, 24, 11], [1, 9, 2, 8], [3, 23, 4, 22], [5, 13, 6, 12], [7, 17, 8, 16], [9, 18, 10, 19]]"
12a_0892_158,"[[9, 18, 10, 19], [11, 7, 12, 6], [13, 5, 14, 4], [15, 21, 16, 20], [17, 24, 18, 1], [19, 3, 20, 2], [21, 15, 22, 14], [23, 10, 24, 11], [1, 9, 2, 8], [3, 23, 4, 22], [5, 13, 6, 12], [7, 17, 8, 16]]"
12a_0892_159,"[[7, 17, 8, 16], [9, 18, 10, 19], [11, 7, 12, 6], [13, 5, 14, 4], [15, 21, 16, 20], [17, 24, 18, 1], [19, 3, 20, 2], [21, 15, 22, 14], [23, 10, 24, 11], [1, 9, 2, 8], [3, 23, 4, 22], [5, 13, 6, 12]]"
12a_0892_160,"[[5, 13, 6, 12], [7, 17, 8, 16], [9, 18, 10, 19], [11, 7, 12, 6], [13, 5, 14, 4], [15, 21, 16, 20], [17, 24, 18, 1], [19, 3, 20, 2], [21, 15, 22, 14], [23, 10, 24, 11], [1, 9, 2, 8], [3, 23, 4, 22]]"
12a_0892_161,"[[3, 23, 4, 22], [5, 13, 6, 12], [7, 17, 8, 16], [9, 18, 10, 19], [11, 7, 12, 6], [13, 5, 14, 4], [15, 21, 16, 20], [17, 24, 18, 1], [19, 3, 20, 2], [21, 15, 22, 14], [23, 10, 24, 11], [1, 9, 2, 8]]"
12a_0892_162,"[[1, 9, 2, 8], [3, 23, 4, 22], [5, 13, 6, 12], [7, 17, 8, 16], [9, 18, 10, 19], [11, 7, 12, 6], [13, 5, 14, 4], [15, 21, 16, 20], [17, 24, 18, 1], [19, 3, 20, 2], [21, 15, 22, 14], [23, 10, 24, 11]]"
12a_0892_163,"[[23, 10, 24, 11], [1, 9, 2, 8], [3, 23, 4, 22], [5, 13, 6, 12], [7, 17, 8, 16], [9, 18, 10, 19], [11, 7, 12, 6], [13, 5, 14, 4], [15, 21, 16, 20], [17, 24, 18, 1], [19, 3, 20, 2], [21, 15, 22, 14]]"
12a_0892_164,"[[21, 15, 22, 14], [23, 10, 24, 11], [1, 9, 2, 8], [3, 23, 4, 22], [5, 13, 6, 12], [7, 17, 8, 16], [9, 18, 10, 19], [11, 7, 12, 6], [13, 5, 14, 4], [15, 21, 16, 20], [17, 24, 18, 1], [19, 3, 20, 2]]"
12a_0892_165,"[[19, 3, 20, 2], [21, 15, 22, 14], [23, 10, 24, 11], [1, 9, 2, 8], [3, 23, 4, 22], [5, 13, 6, 12], [7, 17, 8, 16], [9, 18, 10, 19], [11, 7, 12, 6], [13, 5, 14, 4], [15, 21, 16, 20], [17, 24, 18, 1]]"
12a_0892_166,"[[17, 24, 18, 1], [19, 3, 20, 2], [21, 15, 22, 14], [23, 10, 24, 11], [1, 9, 2, 8], [3, 23, 4, 22], [5, 13, 6, 12], [7, 17, 8, 16], [9, 18, 10, 19], [11, 7, 12, 6], [13, 5, 14, 4], [15, 21, 16, 20]]"
12a_0892_167,"[[15, 21, 16, 20], [17, 24, 18, 1], [19, 3, 20, 2], [21, 15, 22, 14], [23, 10, 24, 11], [1, 9, 2, 8], [3, 23, 4, 22], [5, 13, 6, 12], [7, 17, 8, 16], [9, 18, 10, 19], [11, 7, 12, 6], [13, 5, 14, 4]]"
12a_0892_168,"[[14, 6, 15, 5], [16, 22, 17, 21], [18, 1, 19, 2], [20, 4, 21, 3], [22, 16, 23, 15], [24, 11, 1, 12], [2, 10, 3, 9], [4, 24, 5, 23], [6, 14, 7, 13], [8, 18, 9, 17], [10, 19, 11, 20], [12, 8, 13, 7]]"
12a_0892_169,"[[12, 8, 13, 7], [14, 6, 15, 5], [16, 22, 17, 21], [18, 1, 19, 2], [20, 4, 21, 3], [22, 16, 23, 15], [24, 11, 1, 12], [2, 10, 3, 9], [4, 24, 5, 23], [6, 14, 7, 13], [8, 18, 9, 17], [10, 19, 11, 20]]"
12a_0892_170,"[[10, 19, 11, 20], [12, 8, 13, 7], [14, 6, 15, 5], [16, 22, 17, 21], [18, 1, 19, 2], [20, 4, 21, 3], [22, 16, 23, 15], [24, 11, 1, 12], [2, 10, 3, 9], [4, 24, 5, 23], [6, 14, 7, 13], [8, 18, 9, 17]]"
12a_0892_171,"[[8, 18, 9, 17], [10, 19, 11, 20], [12, 8, 13, 7], [14, 6, 15, 5], [16, 22, 17, 21], [18, 1, 19, 2], [20, 4, 21, 3], [22, 16, 23, 15], [24, 11, 1, 12], [2, 10, 3, 9], [4, 24, 5, 23], [6, 14, 7, 13]]"
12a_0892_172,"[[6, 14, 7, 13], [8, 18, 9, 17], [10, 19, 11, 20], [12, 8, 13, 7], [14, 6, 15, 5], [16, 22, 17, 21], [18, 1, 19, 2], [20, 4, 21, 3], [22, 16, 23, 15], [24, 11, 1, 12], [2, 10, 3, 9], [4, 24, 5, 23]]"
12a_0892_173,"[[4, 24, 5, 23], [6, 14, 7, 13], [8, 18, 9, 17], [10, 19, 11, 20], [12, 8, 13, 7], [14, 6, 15, 5], [16, 22, 17, 21], [18, 1, 19, 2], [20, 4, 21, 3], [22, 16, 23, 15], [24, 11, 1, 12], [2, 10, 3, 9]]"
12a_0892_174,"[[2, 10, 3, 9], [4, 24, 5, 23], [6, 14, 7, 13], [8, 18, 9, 17], [10, 19, 11, 20], [12, 8, 13, 7], [14, 6, 15, 5], [16, 22, 17, 21], [18, 1, 19, 2], [20, 4, 21, 3], [22, 16, 23, 15], [24, 11, 1, 12]]"
12a_0892_175,"[[24, 11, 1, 12], [2, 10, 3, 9], [4, 24, 5, 23], [6, 14, 7, 13], [8, 18, 9, 17], [10, 19, 11, 20], [12, 8, 13, 7], [14, 6, 15, 5], [16, 22, 17, 21], [18, 1, 19, 2], [20, 4, 21, 3], [22, 16, 23, 15]]"
12a_0892_176,"[[22, 16, 23, 15], [24, 11, 1, 12], [2, 10, 3, 9], [4, 24, 5, 23], [6, 14, 7, 13], [8, 18, 9, 17], [10, 19, 11, 20], [12, 8, 13, 7], [14, 6, 15, 5], [16, 22, 17, 21], [18, 1, 19, 2], [20, 4, 21, 3]]"
12a_0892_177,"[[20, 4, 21, 3], [22, 16, 23, 15], [24, 11, 1, 12], [2, 10, 3, 9], [4, 24, 5, 23], [6, 14, 7, 13], [8, 18, 9, 17], [10, 19, 11, 20], [12, 8, 13, 7], [14, 6, 15, 5], [16, 22, 17, 21], [18, 1, 19, 2]]"
12a_0892_178,"[[18, 1, 19, 2], [20, 4, 21, 3], [22, 16, 23, 15], [24, 11, 1, 12], [2, 10, 3, 9], [4, 24, 5, 23], [6, 14, 7, 13], [8, 18, 9, 17], [10, 19, 11, 20], [12, 8, 13, 7], [14, 6, 15, 5], [16, 22, 17, 21]]"
12a_0892_179,"[[16, 22, 17, 21], [18, 1, 19, 2], [20, 4, 21, 3], [22, 16, 23, 15], [24, 11, 1, 12], [2, 10, 3, 9], [4, 24, 5, 23], [6, 14, 7, 13], [8, 18, 9, 17], [10, 19, 11, 20], [12, 8, 13, 7], [14, 6, 15, 5]]"
12a_0892_180,"[[15, 7, 16, 6], [17, 23, 18, 22], [19, 2, 20, 3], [21, 5, 22, 4], [23, 17, 24, 16], [1, 12, 2, 13], [3, 11, 4, 10], [5, 1, 6, 24], [7, 15, 8, 14], [9, 19, 10, 18], [11, 20, 12, 21], [13, 9, 14, 8]]"
12a_0892_181,"[[13, 9, 14, 8], [15, 7, 16, 6], [17, 23, 18, 22], [19, 2, 20, 3], [21, 5, 22, 4], [23, 17, 24, 16], [1, 12, 2, 13], [3, 11, 4, 10], [5, 1, 6, 24], [7, 15, 8, 14], [9, 19, 10, 18], [11, 20, 12, 21]]"
12a_0892_182,"[[11, 20, 12, 21], [13, 9, 14, 8], [15, 7, 16, 6], [17, 23, 18, 22], [19, 2, 20, 3], [21, 5, 22, 4], [23, 17, 24, 16], [1, 12, 2, 13], [3, 11, 4, 10], [5, 1, 6, 24], [7, 15, 8, 14], [9, 19, 10, 18]]"
12a_0892_183,"[[9, 19, 10, 18], [11, 20, 12, 21], [13, 9, 14, 8], [15, 7, 16, 6], [17, 23, 18, 22], [19, 2, 20, 3], [21, 5, 22, 4], [23, 17, 24, 16], [1, 12, 2, 13], [3, 11, 4, 10], [5, 1, 6, 24], [7, 15, 8, 14]]"
12a_0892_184,"[[7, 15, 8, 14], [9, 19, 10, 18], [11, 20, 12, 21], [13, 9, 14, 8], [15, 7, 16, 6], [17, 23, 18, 22], [19, 2, 20, 3], [21, 5, 22, 4], [23, 17, 24, 16], [1, 12, 2, 13], [3, 11, 4, 10], [5, 1, 6, 24]]"
12a_0892_185,"[[5, 1, 6, 24], [7, 15, 8, 14], [9, 19, 10, 18], [11, 20, 12, 21], [13, 9, 14, 8], [15, 7, 16, 6], [17, 23, 18, 22], [19, 2, 20, 3], [21, 5, 22, 4], [23, 17, 24, 16], [1, 12, 2, 13], [3, 11, 4, 10]]"
