name,pd_notation
12a_1077_0,"[[24, 9, 1, 10], [2, 8, 3, 7], [4, 13, 5, 14], [6, 20, 7, 19], [8, 17, 9, 18], [10, 23, 11, 24], [12, 21, 13, 22], [14, 5, 15, 6], [16, 1, 17, 2], [18, 4, 19, 3], [20, 15, 21, 16], [22, 11, 23, 12]]"
12a_1077_1,"[[22, 11, 23, 12], [24, 9, 1, 10], [2, 8, 3, 7], [4, 13, 5, 14], [6, 20, 7, 19], [8, 17, 9, 18], [10, 23, 11, 24], [12, 21, 13, 22], [14, 5, 15, 6], [16, 1, 17, 2], [18, 4, 19, 3], [20, 15, 21, 16]]"
12a_1077_2,"[[20, 15, 21, 16], [22, 11, 23, 12], [24, 9, 1, 10], [2, 8, 3, 7], [4, 13, 5, 14], [6, 20, 7, 19], [8, 17, 9, 18], [10, 23, 11, 24], [12, 21, 13, 22], [14, 5, 15, 6], [16, 1, 17, 2], [18, 4, 19, 3]]"
12a_1077_3,"[[18, 4, 19, 3], [20, 15, 21, 16], [22, 11, 23, 12], [24, 9, 1, 10], [2, 8, 3, 7], [4, 13, 5, 14], [6, 20, 7, 19], [8, 17, 9, 18], [10, 23, 11, 24], [12, 21, 13, 22], [14, 5, 15, 6], [16, 1, 17, 2]]"
12a_1077_4,"[[16, 1, 17, 2], [18, 4, 19, 3], [20, 15, 21, 16], [22, 11, 23, 12], [24, 9, 1, 10], [2, 8, 3, 7], [4, 13, 5, 14], [6, 20, 7, 19], [8, 17, 9, 18], [10, 23, 11, 24], [12, 21, 13, 22], [14, 5, 15, 6]]"
12a_1077_5,"[[14, 5, 15, 6], [16, 1, 17, 2], [18, 4, 19, 3], [20, 15, 21, 16], [22, 11, 23, 12], [24, 9, 1, 10], [2, 8, 3, 7], [4, 13, 5, 14], [6, 20, 7, 19], [8, 17, 9, 18], [10, 23, 11, 24], [12, 21, 13, 22]]"
12a_1077_6,"[[12, 21, 13, 22], [14, 5, 15, 6], [16, 1, 17, 2], [18, 4, 19, 3], [20, 15, 21, 16], [22, 11, 23, 12], [24, 9, 1, 10], [2, 8, 3, 7], [4, 13, 5, 14], [6, 20, 7, 19], [8, 17, 9, 18], [10, 23, 11, 24]]"
12a_1077_7,"[[10, 23, 11, 24], [12, 21, 13, 22], [14, 5, 15, 6], [16, 1, 17, 2], [18, 4, 19, 3], [20, 15, 21, 16], [22, 11, 23, 12], [24, 9, 1, 10], [2, 8, 3, 7], [4, 13, 5, 14], [6, 20, 7, 19], [8, 17, 9, 18]]"
12a_1077_8,"[[8, 17, 9, 18], [10, 23, 11, 24], [12, 21, 13, 22], [14, 5, 15, 6], [16, 1, 17, 2], [18, 4, 19, 3], [20, 15, 21, 16], [22, 11, 23, 12], [24, 9, 1, 10], [2, 8, 3, 7], [4, 13, 5, 14], [6, 20, 7, 19]]"
12a_1077_9,"[[6, 20, 7, 19], [8, 17, 9, 18], [10, 23, 11, 24], [12, 21, 13, 22], [14, 5, 15, 6], [16, 1, 17, 2], [18, 4, 19, 3], [20, 15, 21, 16], [22, 11, 23, 12], [24, 9, 1, 10], [2, 8, 3, 7], [4, 13, 5, 14]]"
12a_1077_10,"[[4, 13, 5, 14], [6, 20, 7, 19], [8, 17, 9, 18], [10, 23, 11, 24], [12, 21, 13, 22], [14, 5, 15, 6], [16, 1, 17, 2], [18, 4, 19, 3], [20, 15, 21, 16], [22, 11, 23, 12], [24, 9, 1, 10], [2, 8, 3, 7]]"
12a_1077_11,"[[2, 8, 3, 7], [4, 13, 5, 14], [6, 20, 7, 19], [8, 17, 9, 18], [10, 23, 11, 24], [12, 21, 13, 22], [14, 5, 15, 6], [16, 1, 17, 2], [18, 4, 19, 3], [20, 15, 21, 16], [22, 11, 23, 12], [24, 9, 1, 10]]"
12a_1077_12,"[[1, 10, 2, 11], [3, 9, 4, 8], [5, 14, 6, 15], [7, 21, 8, 20], [9, 18, 10, 19], [11, 24, 12, 1], [13, 22, 14, 23], [15, 6, 16, 7], [17, 2, 18, 3], [19, 5, 20, 4], [21, 16, 22, 17], [23, 12, 24, 13]]"
12a_1077_13,"[[23, 12, 24, 13], [1, 10, 2, 11], [3, 9, 4, 8], [5, 14, 6, 15], [7, 21, 8, 20], [9, 18, 10, 19], [11, 24, 12, 1], [13, 22, 14, 23], [15, 6, 16, 7], [17, 2, 18, 3], [19, 5, 20, 4], [21, 16, 22, 17]]"
12a_1077_14,"[[21, 16, 22, 17], [23, 12, 24, 13], [1, 10, 2, 11], [3, 9, 4, 8], [5, 14, 6, 15], [7, 21, 8, 20], [9, 18, 10, 19], [11, 24, 12, 1], [13, 22, 14, 23], [15, 6, 16, 7], [17, 2, 18, 3], [19, 5, 20, 4]]"
12a_1077_15,"[[19, 5, 20, 4], [21, 16, 22, 17], [23, 12, 24, 13], [1, 10, 2, 11], [3, 9, 4, 8], [5, 14, 6, 15], [7, 21, 8, 20], [9, 18, 10, 19], [11, 24, 12, 1], [13, 22, 14, 23], [15, 6, 16, 7], [17, 2, 18, 3]]"
12a_1077_16,"[[17, 2, 18, 3], [19, 5, 20, 4], [21, 16, 22, 17], [23, 12, 24, 13], [1, 10, 2, 11], [3, 9, 4, 8], [5, 14, 6, 15], [7, 21, 8, 20], [9, 18, 10, 19], [11, 24, 12, 1], [13, 22, 14, 23], [15, 6, 16, 7]]"
12a_1077_17,"[[15, 6, 16, 7], [17, 2, 18, 3], [19, 5, 20, 4], [21, 16, 22, 17], [23, 12, 24, 13], [1, 10, 2, 11], [3, 9, 4, 8], [5, 14, 6, 15], [7, 21, 8, 20], [9, 18, 10, 19], [11, 24, 12, 1], [13, 22, 14, 23]]"
12a_1077_18,"[[13, 22, 14, 23], [15, 6, 16, 7], [17, 2, 18, 3], [19, 5, 20, 4], [21, 16, 22, 17], [23, 12, 24, 13], [1, 10, 2, 11], [3, 9, 4, 8], [5, 14, 6, 15], [7, 21, 8, 20], [9, 18, 10, 19], [11, 24, 12, 1]]"
12a_1077_19,"[[11, 24, 12, 1], [13, 22, 14, 23], [15, 6, 16, 7], [17, 2, 18, 3], [19, 5, 20, 4], [21, 16, 22, 17], [23, 12, 24, 13], [1, 10, 2, 11], [3, 9, 4, 8], [5, 14, 6, 15], [7, 21, 8, 20], [9, 18, 10, 19]]"
12a_1077_20,"[[9, 18, 10, 19], [11, 24, 12, 1], [13, 22, 14, 23], [15, 6, 16, 7], [17, 2, 18, 3], [19, 5, 20, 4], [21, 16, 22, 17], [23, 12, 24, 13], [1, 10, 2, 11], [3, 9, 4, 8], [5, 14, 6, 15], [7, 21, 8, 20]]"
12a_1077_21,"[[7, 21, 8, 20], [9, 18, 10, 19], [11, 24, 12, 1], [13, 22, 14, 23], [15, 6, 16, 7], [17, 2, 18, 3], [19, 5, 20, 4], [21, 16, 22, 17], [23, 12, 24, 13], [1, 10, 2, 11], [3, 9, 4, 8], [5, 14, 6, 15]]"
12a_1077_22,"[[5, 14, 6, 15], [7, 21, 8, 20], [9, 18, 10, 19], [11, 24, 12, 1], [13, 22, 14, 23], [15, 6, 16, 7], [17, 2, 18, 3], [19, 5, 20, 4], [21, 16, 22, 17], [23, 12, 24, 13], [1, 10, 2, 11], [3, 9, 4, 8]]"
12a_1077_23,"[[3, 9, 4, 8], [5, 14, 6, 15], [7, 21, 8, 20], [9, 18, 10, 19], [11, 24, 12, 1], [13, 22, 14, 23], [15, 6, 16, 7], [17, 2, 18, 3], [19, 5, 20, 4], [21, 16, 22, 17], [23, 12, 24, 13], [1, 10, 2, 11]]"
12a_1077_24,"[[2, 11, 3, 12], [4, 10, 5, 9], [6, 15, 7, 16], [8, 22, 9, 21], [10, 19, 11, 20], [12, 1, 13, 2], [14, 23, 15, 24], [16, 7, 17, 8], [18, 3, 19, 4], [20, 6, 21, 5], [22, 17, 23, 18], [24, 13, 1, 14]]"
12a_1077_25,"[[24, 13, 1, 14], [2, 11, 3, 12], [4, 10, 5, 9], [6, 15, 7, 16], [8, 22, 9, 21], [10, 19, 11, 20], [12, 1, 13, 2], [14, 23, 15, 24], [16, 7, 17, 8], [18, 3, 19, 4], [20, 6, 21, 5], [22, 17, 23, 18]]"
12a_1077_26,"[[22, 17, 23, 18], [24, 13, 1, 14], [2, 11, 3, 12], [4, 10, 5, 9], [6, 15, 7, 16], [8, 22, 9, 21], [10, 19, 11, 20], [12, 1, 13, 2], [14, 23, 15, 24], [16, 7, 17, 8], [18, 3, 19, 4], [20, 6, 21, 5]]"
12a_1077_27,"[[20, 6, 21, 5], [22, 17, 23, 18], [24, 13, 1, 14], [2, 11, 3, 12], [4, 10, 5, 9], [6, 15, 7, 16], [8, 22, 9, 21], [10, 19, 11, 20], [12, 1, 13, 2], [14, 23, 15, 24], [16, 7, 17, 8], [18, 3, 19, 4]]"
12a_1077_28,"[[18, 3, 19, 4], [20, 6, 21, 5], [22, 17, 23, 18], [24, 13, 1, 14], [2, 11, 3, 12], [4, 10, 5, 9], [6, 15, 7, 16], [8, 22, 9, 21], [10, 19, 11, 20], [12, 1, 13, 2], [14, 23, 15, 24], [16, 7, 17, 8]]"
12a_1077_29,"[[16, 7, 17, 8], [18, 3, 19, 4], [20, 6, 21, 5], [22, 17, 23, 18], [24, 13, 1, 14], [2, 11, 3, 12], [4, 10, 5, 9], [6, 15, 7, 16], [8, 22, 9, 21], [10, 19, 11, 20], [12, 1, 13, 2], [14, 23, 15, 24]]"
12a_1077_30,"[[14, 23, 15, 24], [16, 7, 17, 8], [18, 3, 19, 4], [20, 6, 21, 5], [22, 17, 23, 18], [24, 13, 1, 14], [2, 11, 3, 12], [4, 10, 5, 9], [6, 15, 7, 16], [8, 22, 9, 21], [10, 19, 11, 20], [12, 1, 13, 2]]"
12a_1077_31,"[[12, 1, 13, 2], [14, 23, 15, 24], [16, 7, 17, 8], [18, 3, 19, 4], [20, 6, 21, 5], [22, 17, 23, 18], [24, 13, 1, 14], [2, 11, 3, 12], [4, 10, 5, 9], [6, 15, 7, 16], [8, 22, 9, 21], [10, 19, 11, 20]]"
12a_1077_32,"[[10, 19, 11, 20], [12, 1, 13, 2], [14, 23, 15, 24], [16, 7, 17, 8], [18, 3, 19, 4], [20, 6, 21, 5], [22, 17, 23, 18], [24, 13, 1, 14], [2, 11, 3, 12], [4, 10, 5, 9], [6, 15, 7, 16], [8, 22, 9, 21]]"
12a_1077_33,"[[8, 22, 9, 21], [10, 19, 11, 20], [12, 1, 13, 2], [14, 23, 15, 24], [16, 7, 17, 8], [18, 3, 19, 4], [20, 6, 21, 5], [22, 17, 23, 18], [24, 13, 1, 14], [2, 11, 3, 12], [4, 10, 5, 9], [6, 15, 7, 16]]"
12a_1077_34,"[[6, 15, 7, 16], [8, 22, 9, 21], [10, 19, 11, 20], [12, 1, 13, 2], [14, 23, 15, 24], [16, 7, 17, 8], [18, 3, 19, 4], [20, 6, 21, 5], [22, 17, 23, 18], [24, 13, 1, 14], [2, 11, 3, 12], [4, 10, 5, 9]]"
12a_1077_35,"[[4, 10, 5, 9], [6, 15, 7, 16], [8, 22, 9, 21], [10, 19, 11, 20], [12, 1, 13, 2], [14, 23, 15, 24], [16, 7, 17, 8], [18, 3, 19, 4], [20, 6, 21, 5], [22, 17, 23, 18], [24, 13, 1, 14], [2, 11, 3, 12]]"
12a_1077_36,"[[3, 12, 4, 13], [5, 11, 6, 10], [7, 16, 8, 17], [9, 23, 10, 22], [11, 20, 12, 21], [13, 2, 14, 3], [15, 24, 16, 1], [17, 8, 18, 9], [19, 4, 20, 5], [21, 7, 22, 6], [23, 18, 24, 19], [1, 14, 2, 15]]"
12a_1077_37,"[[1, 14, 2, 15], [3, 12, 4, 13], [5, 11, 6, 10], [7, 16, 8, 17], [9, 23, 10, 22], [11, 20, 12, 21], [13, 2, 14, 3], [15, 24, 16, 1], [17, 8, 18, 9], [19, 4, 20, 5], [21, 7, 22, 6], [23, 18, 24, 19]]"
12a_1077_38,"[[23, 18, 24, 19], [1, 14, 2, 15], [3, 12, 4, 13], [5, 11, 6, 10], [7, 16, 8, 17], [9, 23, 10, 22], [11, 20, 12, 21], [13, 2, 14, 3], [15, 24, 16, 1], [17, 8, 18, 9], [19, 4, 20, 5], [21, 7, 22, 6]]"
12a_1077_39,"[[21, 7, 22, 6], [23, 18, 24, 19], [1, 14, 2, 15], [3, 12, 4, 13], [5, 11, 6, 10], [7, 16, 8, 17], [9, 23, 10, 22], [11, 20, 12, 21], [13, 2, 14, 3], [15, 24, 16, 1], [17, 8, 18, 9], [19, 4, 20, 5]]"
12a_1077_40,"[[19, 4, 20, 5], [21, 7, 22, 6], [23, 18, 24, 19], [1, 14, 2, 15], [3, 12, 4, 13], [5, 11, 6, 10], [7, 16, 8, 17], [9, 23, 10, 22], [11, 20, 12, 21], [13, 2, 14, 3], [15, 24, 16, 1], [17, 8, 18, 9]]"
12a_1077_41,"[[17, 8, 18, 9], [19, 4, 20, 5], [21, 7, 22, 6], [23, 18, 24, 19], [1, 14, 2, 15], [3, 12, 4, 13], [5, 11, 6, 10], [7, 16, 8, 17], [9, 23, 10, 22], [11, 20, 12, 21], [13, 2, 14, 3], [15, 24, 16, 1]]"
12a_1077_42,"[[15, 24, 16, 1], [17, 8, 18, 9], [19, 4, 20, 5], [21, 7, 22, 6], [23, 18, 24, 19], [1, 14, 2, 15], [3, 12, 4, 13], [5, 11, 6, 10], [7, 16, 8, 17], [9, 23, 10, 22], [11, 20, 12, 21], [13, 2, 14, 3]]"
12a_1077_43,"[[13, 2, 14, 3], [15, 24, 16, 1], [17, 8, 18, 9], [19, 4, 20, 5], [21, 7, 22, 6], [23, 18, 24, 19], [1, 14, 2, 15], [3, 12, 4, 13], [5, 11, 6, 10], [7, 16, 8, 17], [9, 23, 10, 22], [11, 20, 12, 21]]"
12a_1077_44,"[[11, 20, 12, 21], [13, 2, 14, 3], [15, 24, 16, 1], [17, 8, 18, 9], [19, 4, 20, 5], [21, 7, 22, 6], [23, 18, 24, 19], [1, 14, 2, 15], [3, 12, 4, 13], [5, 11, 6, 10], [7, 16, 8, 17], [9, 23, 10, 22]]"
12a_1077_45,"[[9, 23, 10, 22], [11, 20, 12, 21], [13, 2, 14, 3], [15, 24, 16, 1], [17, 8, 18, 9], [19, 4, 20, 5], [21, 7, 22, 6], [23, 18, 24, 19], [1, 14, 2, 15], [3, 12, 4, 13], [5, 11, 6, 10], [7, 16, 8, 17]]"
12a_1077_46,"[[7, 16, 8, 17], [9, 23, 10, 22], [11, 20, 12, 21], [13, 2, 14, 3], [15, 24, 16, 1], [17, 8, 18, 9], [19, 4, 20, 5], [21, 7, 22, 6], [23, 18, 24, 19], [1, 14, 2, 15], [3, 12, 4, 13], [5, 11, 6, 10]]"
12a_1077_47,"[[5, 11, 6, 10], [7, 16, 8, 17], [9, 23, 10, 22], [11, 20, 12, 21], [13, 2, 14, 3], [15, 24, 16, 1], [17, 8, 18, 9], [19, 4, 20, 5], [21, 7, 22, 6], [23, 18, 24, 19], [1, 14, 2, 15], [3, 12, 4, 13]]"
12a_1077_48,"[[4, 13, 5, 14], [6, 12, 7, 11], [8, 17, 9, 18], [10, 24, 11, 23], [12, 21, 13, 22], [14, 3, 15, 4], [16, 1, 17, 2], [18, 9, 19, 10], [20, 5, 21, 6], [22, 8, 23, 7], [24, 19, 1, 20], [2, 15, 3, 16]]"
12a_1077_49,"[[2, 15, 3, 16], [4, 13, 5, 14], [6, 12, 7, 11], [8, 17, 9, 18], [10, 24, 11, 23], [12, 21, 13, 22], [14, 3, 15, 4], [16, 1, 17, 2], [18, 9, 19, 10], [20, 5, 21, 6], [22, 8, 23, 7], [24, 19, 1, 20]]"
12a_1077_50,"[[24, 19, 1, 20], [2, 15, 3, 16], [4, 13, 5, 14], [6, 12, 7, 11], [8, 17, 9, 18], [10, 24, 11, 23], [12, 21, 13, 22], [14, 3, 15, 4], [16, 1, 17, 2], [18, 9, 19, 10], [20, 5, 21, 6], [22, 8, 23, 7]]"
12a_1077_51,"[[22, 8, 23, 7], [24, 19, 1, 20], [2, 15, 3, 16], [4, 13, 5, 14], [6, 12, 7, 11], [8, 17, 9, 18], [10, 24, 11, 23], [12, 21, 13, 22], [14, 3, 15, 4], [16, 1, 17, 2], [18, 9, 19, 10], [20, 5, 21, 6]]"
12a_1077_52,"[[20, 5, 21, 6], [22, 8, 23, 7], [24, 19, 1, 20], [2, 15, 3, 16], [4, 13, 5, 14], [6, 12, 7, 11], [8, 17, 9, 18], [10, 24, 11, 23], [12, 21, 13, 22], [14, 3, 15, 4], [16, 1, 17, 2], [18, 9, 19, 10]]"
12a_1077_53,"[[18, 9, 19, 10], [20, 5, 21, 6], [22, 8, 23, 7], [24, 19, 1, 20], [2, 15, 3, 16], [4, 13, 5, 14], [6, 12, 7, 11], [8, 17, 9, 18], [10, 24, 11, 23], [12, 21, 13, 22], [14, 3, 15, 4], [16, 1, 17, 2]]"
12a_1077_54,"[[16, 1, 17, 2], [18, 9, 19, 10], [20, 5, 21, 6], [22, 8, 23, 7], [24, 19, 1, 20], [2, 15, 3, 16], [4, 13, 5, 14], [6, 12, 7, 11], [8, 17, 9, 18], [10, 24, 11, 23], [12, 21, 13, 22], [14, 3, 15, 4]]"
12a_1077_55,"[[14, 3, 15, 4], [16, 1, 17, 2], [18, 9, 19, 10], [20, 5, 21, 6], [22, 8, 23, 7], [24, 19, 1, 20], [2, 15, 3, 16], [4, 13, 5, 14], [6, 12, 7, 11], [8, 17, 9, 18], [10, 24, 11, 23], [12, 21, 13, 22]]"
12a_1077_56,"[[12, 21, 13, 22], [14, 3, 15, 4], [16, 1, 17, 2], [18, 9, 19, 10], [20, 5, 21, 6], [22, 8, 23, 7], [24, 19, 1, 20], [2, 15, 3, 16], [4, 13, 5, 14], [6, 12, 7, 11], [8, 17, 9, 18], [10, 24, 11, 23]]"
12a_1077_57,"[[10, 24, 11, 23], [12, 21, 13, 22], [14, 3, 15, 4], [16, 1, 17, 2], [18, 9, 19, 10], [20, 5, 21, 6], [22, 8, 23, 7], [24, 19, 1, 20], [2, 15, 3, 16], [4, 13, 5, 14], [6, 12, 7, 11], [8, 17, 9, 18]]"
12a_1077_58,"[[8, 17, 9, 18], [10, 24, 11, 23], [12, 21, 13, 22], [14, 3, 15, 4], [16, 1, 17, 2], [18, 9, 19, 10], [20, 5, 21, 6], [22, 8, 23, 7], [24, 19, 1, 20], [2, 15, 3, 16], [4, 13, 5, 14], [6, 12, 7, 11]]"
12a_1077_59,"[[6, 12, 7, 11], [8, 17, 9, 18], [10, 24, 11, 23], [12, 21, 13, 22], [14, 3, 15, 4], [16, 1, 17, 2], [18, 9, 19, 10], [20, 5, 21, 6], [22, 8, 23, 7], [24, 19, 1, 20], [2, 15, 3, 16], [4, 13, 5, 14]]"
12a_1077_60,"[[5, 14, 6, 15], [7, 13, 8, 12], [9, 18, 10, 19], [11, 1, 12, 24], [13, 22, 14, 23], [15, 4, 16, 5], [17, 2, 18, 3], [19, 10, 20, 11], [21, 6, 22, 7], [23, 9, 24, 8], [1, 20, 2, 21], [3, 16, 4, 17]]"
12a_1077_61,"[[3, 16, 4, 17], [5, 14, 6, 15], [7, 13, 8, 12], [9, 18, 10, 19], [11, 1, 12, 24], [13, 22, 14, 23], [15, 4, 16, 5], [17, 2, 18, 3], [19, 10, 20, 11], [21, 6, 22, 7], [23, 9, 24, 8], [1, 20, 2, 21]]"
12a_1077_62,"[[1, 20, 2, 21], [3, 16, 4, 17], [5, 14, 6, 15], [7, 13, 8, 12], [9, 18, 10, 19], [11, 1, 12, 24], [13, 22, 14, 23], [15, 4, 16, 5], [17, 2, 18, 3], [19, 10, 20, 11], [21, 6, 22, 7], [23, 9, 24, 8]]"
12a_1077_63,"[[23, 9, 24, 8], [1, 20, 2, 21], [3, 16, 4, 17], [5, 14, 6, 15], [7, 13, 8, 12], [9, 18, 10, 19], [11, 1, 12, 24], [13, 22, 14, 23], [15, 4, 16, 5], [17, 2, 18, 3], [19, 10, 20, 11], [21, 6, 22, 7]]"
12a_1077_64,"[[21, 6, 22, 7], [23, 9, 24, 8], [1, 20, 2, 21], [3, 16, 4, 17], [5, 14, 6, 15], [7, 13, 8, 12], [9, 18, 10, 19], [11, 1, 12, 24], [13, 22, 14, 23], [15, 4, 16, 5], [17, 2, 18, 3], [19, 10, 20, 11]]"
12a_1077_65,"[[19, 10, 20, 11], [21, 6, 22, 7], [23, 9, 24, 8], [1, 20, 2, 21], [3, 16, 4, 17], [5, 14, 6, 15], [7, 13, 8, 12], [9, 18, 10, 19], [11, 1, 12, 24], [13, 22, 14, 23], [15, 4, 16, 5], [17, 2, 18, 3]]"
12a_1077_66,"[[17, 2, 18, 3], [19, 10, 20, 11], [21, 6, 22, 7], [23, 9, 24, 8], [1, 20, 2, 21], [3, 16, 4, 17], [5, 14, 6, 15], [7, 13, 8, 12], [9, 18, 10, 19], [11, 1, 12, 24], [13, 22, 14, 23], [15, 4, 16, 5]]"
12a_1077_67,"[[15, 4, 16, 5], [17, 2, 18, 3], [19, 10, 20, 11], [21, 6, 22, 7], [23, 9, 24, 8], [1, 20, 2, 21], [3, 16, 4, 17], [5, 14, 6, 15], [7, 13, 8, 12], [9, 18, 10, 19], [11, 1, 12, 24], [13, 22, 14, 23]]"
12a_1077_68,"[[13, 22, 14, 23], [15, 4, 16, 5], [17, 2, 18, 3], [19, 10, 20, 11], [21, 6, 22, 7], [23, 9, 24, 8], [1, 20, 2, 21], [3, 16, 4, 17], [5, 14, 6, 15], [7, 13, 8, 12], [9, 18, 10, 19], [11, 1, 12, 24]]"
12a_1077_69,"[[11, 1, 12, 24], [13, 22, 14, 23], [15, 4, 16, 5], [17, 2, 18, 3], [19, 10, 20, 11], [21, 6, 22, 7], [23, 9, 24, 8], [1, 20, 2, 21], [3, 16, 4, 17], [5, 14, 6, 15], [7, 13, 8, 12], [9, 18, 10, 19]]"
12a_1077_70,"[[9, 18, 10, 19], [11, 1, 12, 24], [13, 22, 14, 23], [15, 4, 16, 5], [17, 2, 18, 3], [19, 10, 20, 11], [21, 6, 22, 7], [23, 9, 24, 8], [1, 20, 2, 21], [3, 16, 4, 17], [5, 14, 6, 15], [7, 13, 8, 12]]"
12a_1077_71,"[[7, 13, 8, 12], [9, 18, 10, 19], [11, 1, 12, 24], [13, 22, 14, 23], [15, 4, 16, 5], [17, 2, 18, 3], [19, 10, 20, 11], [21, 6, 22, 7], [23, 9, 24, 8], [1, 20, 2, 21], [3, 16, 4, 17], [5, 14, 6, 15]]"
12a_1077_72,"[[6, 15, 7, 16], [8, 14, 9, 13], [10, 19, 11, 20], [12, 2, 13, 1], [14, 23, 15, 24], [16, 5, 17, 6], [18, 3, 19, 4], [20, 11, 21, 12], [22, 7, 23, 8], [24, 10, 1, 9], [2, 21, 3, 22], [4, 17, 5, 18]]"
12a_1077_73,"[[4, 17, 5, 18], [6, 15, 7, 16], [8, 14, 9, 13], [10, 19, 11, 20], [12, 2, 13, 1], [14, 23, 15, 24], [16, 5, 17, 6], [18, 3, 19, 4], [20, 11, 21, 12], [22, 7, 23, 8], [24, 10, 1, 9], [2, 21, 3, 22]]"
12a_1077_74,"[[2, 21, 3, 22], [4, 17, 5, 18], [6, 15, 7, 16], [8, 14, 9, 13], [10, 19, 11, 20], [12, 2, 13, 1], [14, 23, 15, 24], [16, 5, 17, 6], [18, 3, 19, 4], [20, 11, 21, 12], [22, 7, 23, 8], [24, 10, 1, 9]]"
12a_1077_75,"[[24, 10, 1, 9], [2, 21, 3, 22], [4, 17, 5, 18], [6, 15, 7, 16], [8, 14, 9, 13], [10, 19, 11, 20], [12, 2, 13, 1], [14, 23, 15, 24], [16, 5, 17, 6], [18, 3, 19, 4], [20, 11, 21, 12], [22, 7, 23, 8]]"
12a_1077_76,"[[22, 7, 23, 8], [24, 10, 1, 9], [2, 21, 3, 22], [4, 17, 5, 18], [6, 15, 7, 16], [8, 14, 9, 13], [10, 19, 11, 20], [12, 2, 13, 1], [14, 23, 15, 24], [16, 5, 17, 6], [18, 3, 19, 4], [20, 11, 21, 12]]"
12a_1077_77,"[[20, 11, 21, 12], [22, 7, 23, 8], [24, 10, 1, 9], [2, 21, 3, 22], [4, 17, 5, 18], [6, 15, 7, 16], [8, 14, 9, 13], [10, 19, 11, 20], [12, 2, 13, 1], [14, 23, 15, 24], [16, 5, 17, 6], [18, 3, 19, 4]]"
12a_1077_78,"[[18, 3, 19, 4], [20, 11, 21, 12], [22, 7, 23, 8], [24, 10, 1, 9], [2, 21, 3, 22], [4, 17, 5, 18], [6, 15, 7, 16], [8, 14, 9, 13], [10, 19, 11, 20], [12, 2, 13, 1], [14, 23, 15, 24], [16, 5, 17, 6]]"
12a_1077_79,"[[16, 5, 17, 6], [18, 3, 19, 4], [20, 11, 21, 12], [22, 7, 23, 8], [24, 10, 1, 9], [2, 21, 3, 22], [4, 17, 5, 18], [6, 15, 7, 16], [8, 14, 9, 13], [10, 19, 11, 20], [12, 2, 13, 1], [14, 23, 15, 24]]"
12a_1077_80,"[[14, 23, 15, 24], [16, 5, 17, 6], [18, 3, 19, 4], [20, 11, 21, 12], [22, 7, 23, 8], [24, 10, 1, 9], [2, 21, 3, 22], [4, 17, 5, 18], [6, 15, 7, 16], [8, 14, 9, 13], [10, 19, 11, 20], [12, 2, 13, 1]]"
12a_1077_81,"[[12, 2, 13, 1], [14, 23, 15, 24], [16, 5, 17, 6], [18, 3, 19, 4], [20, 11, 21, 12], [22, 7, 23, 8], [24, 10, 1, 9], [2, 21, 3, 22], [4, 17, 5, 18], [6, 15, 7, 16], [8, 14, 9, 13], [10, 19, 11, 20]]"
12a_1077_82,"[[10, 19, 11, 20], [12, 2, 13, 1], [14, 23, 15, 24], [16, 5, 17, 6], [18, 3, 19, 4], [20, 11, 21, 12], [22, 7, 23, 8], [24, 10, 1, 9], [2, 21, 3, 22], [4, 17, 5, 18], [6, 15, 7, 16], [8, 14, 9, 13]]"
12a_1077_83,"[[8, 14, 9, 13], [10, 19, 11, 20], [12, 2, 13, 1], [14, 23, 15, 24], [16, 5, 17, 6], [18, 3, 19, 4], [20, 11, 21, 12], [22, 7, 23, 8], [24, 10, 1, 9], [2, 21, 3, 22], [4, 17, 5, 18], [6, 15, 7, 16]]"
12a_1077_84,"[[7, 16, 8, 17], [9, 15, 10, 14], [11, 20, 12, 21], [13, 3, 14, 2], [15, 24, 16, 1], [17, 6, 18, 7], [19, 4, 20, 5], [21, 12, 22, 13], [23, 8, 24, 9], [1, 11, 2, 10], [3, 22, 4, 23], [5, 18, 6, 19]]"
12a_1077_85,"[[5, 18, 6, 19], [7, 16, 8, 17], [9, 15, 10, 14], [11, 20, 12, 21], [13, 3, 14, 2], [15, 24, 16, 1], [17, 6, 18, 7], [19, 4, 20, 5], [21, 12, 22, 13], [23, 8, 24, 9], [1, 11, 2, 10], [3, 22, 4, 23]]"
12a_1077_86,"[[3, 22, 4, 23], [5, 18, 6, 19], [7, 16, 8, 17], [9, 15, 10, 14], [11, 20, 12, 21], [13, 3, 14, 2], [15, 24, 16, 1], [17, 6, 18, 7], [19, 4, 20, 5], [21, 12, 22, 13], [23, 8, 24, 9], [1, 11, 2, 10]]"
12a_1077_87,"[[1, 11, 2, 10], [3, 22, 4, 23], [5, 18, 6, 19], [7, 16, 8, 17], [9, 15, 10, 14], [11, 20, 12, 21], [13, 3, 14, 2], [15, 24, 16, 1], [17, 6, 18, 7], [19, 4, 20, 5], [21, 12, 22, 13], [23, 8, 24, 9]]"
12a_1077_88,"[[23, 8, 24, 9], [1, 11, 2, 10], [3, 22, 4, 23], [5, 18, 6, 19], [7, 16, 8, 17], [9, 15, 10, 14], [11, 20, 12, 21], [13, 3, 14, 2], [15, 24, 16, 1], [17, 6, 18, 7], [19, 4, 20, 5], [21, 12, 22, 13]]"
12a_1077_89,"[[21, 12, 22, 13], [23, 8, 24, 9], [1, 11, 2, 10], [3, 22, 4, 23], [5, 18, 6, 19], [7, 16, 8, 17], [9, 15, 10, 14], [11, 20, 12, 21], [13, 3, 14, 2], [15, 24, 16, 1], [17, 6, 18, 7], [19, 4, 20, 5]]"
12a_1077_90,"[[19, 4, 20, 5], [21, 12, 22, 13], [23, 8, 24, 9], [1, 11, 2, 10], [3, 22, 4, 23], [5, 18, 6, 19], [7, 16, 8, 17], [9, 15, 10, 14], [11, 20, 12, 21], [13, 3, 14, 2], [15, 24, 16, 1], [17, 6, 18, 7]]"
12a_1077_91,"[[17, 6, 18, 7], [19, 4, 20, 5], [21, 12, 22, 13], [23, 8, 24, 9], [1, 11, 2, 10], [3, 22, 4, 23], [5, 18, 6, 19], [7, 16, 8, 17], [9, 15, 10, 14], [11, 20, 12, 21], [13, 3, 14, 2], [15, 24, 16, 1]]"
12a_1077_92,"[[15, 24, 16, 1], [17, 6, 18, 7], [19, 4, 20, 5], [21, 12, 22, 13], [23, 8, 24, 9], [1, 11, 2, 10], [3, 22, 4, 23], [5, 18, 6, 19], [7, 16, 8, 17], [9, 15, 10, 14], [11, 20, 12, 21], [13, 3, 14, 2]]"
12a_1077_93,"[[13, 3, 14, 2], [15, 24, 16, 1], [17, 6, 18, 7], [19, 4, 20, 5], [21, 12, 22, 13], [23, 8, 24, 9], [1, 11, 2, 10], [3, 22, 4, 23], [5, 18, 6, 19], [7, 16, 8, 17], [9, 15, 10, 14], [11, 20, 12, 21]]"
12a_1077_94,"[[11, 20, 12, 21], [13, 3, 14, 2], [15, 24, 16, 1], [17, 6, 18, 7], [19, 4, 20, 5], [21, 12, 22, 13], [23, 8, 24, 9], [1, 11, 2, 10], [3, 22, 4, 23], [5, 18, 6, 19], [7, 16, 8, 17], [9, 15, 10, 14]]"
12a_1077_95,"[[9, 15, 10, 14], [11, 20, 12, 21], [13, 3, 14, 2], [15, 24, 16, 1], [17, 6, 18, 7], [19, 4, 20, 5], [21, 12, 22, 13], [23, 8, 24, 9], [1, 11, 2, 10], [3, 22, 4, 23], [5, 18, 6, 19], [7, 16, 8, 17]]"
12a_1077_96,"[[8, 17, 9, 18], [10, 16, 11, 15], [12, 21, 13, 22], [14, 4, 15, 3], [16, 1, 17, 2], [18, 7, 19, 8], [20, 5, 21, 6], [22, 13, 23, 14], [24, 9, 1, 10], [2, 12, 3, 11], [4, 23, 5, 24], [6, 19, 7, 20]]"
12a_1077_97,"[[6, 19, 7, 20], [8, 17, 9, 18], [10, 16, 11, 15], [12, 21, 13, 22], [14, 4, 15, 3], [16, 1, 17, 2], [18, 7, 19, 8], [20, 5, 21, 6], [22, 13, 23, 14], [24, 9, 1, 10], [2, 12, 3, 11], [4, 23, 5, 24]]"
12a_1077_98,"[[4, 23, 5, 24], [6, 19, 7, 20], [8, 17, 9, 18], [10, 16, 11, 15], [12, 21, 13, 22], [14, 4, 15, 3], [16, 1, 17, 2], [18, 7, 19, 8], [20, 5, 21, 6], [22, 13, 23, 14], [24, 9, 1, 10], [2, 12, 3, 11]]"
12a_1077_99,"[[2, 12, 3, 11], [4, 23, 5, 24], [6, 19, 7, 20], [8, 17, 9, 18], [10, 16, 11, 15], [12, 21, 13, 22], [14, 4, 15, 3], [16, 1, 17, 2], [18, 7, 19, 8], [20, 5, 21, 6], [22, 13, 23, 14], [24, 9, 1, 10]]"
12a_1077_100,"[[24, 9, 1, 10], [2, 12, 3, 11], [4, 23, 5, 24], [6, 19, 7, 20], [8, 17, 9, 18], [10, 16, 11, 15], [12, 21, 13, 22], [14, 4, 15, 3], [16, 1, 17, 2], [18, 7, 19, 8], [20, 5, 21, 6], [22, 13, 23, 14]]"
12a_1077_101,"[[22, 13, 23, 14], [24, 9, 1, 10], [2, 12, 3, 11], [4, 23, 5, 24], [6, 19, 7, 20], [8, 17, 9, 18], [10, 16, 11, 15], [12, 21, 13, 22], [14, 4, 15, 3], [16, 1, 17, 2], [18, 7, 19, 8], [20, 5, 21, 6]]"
12a_1077_102,"[[20, 5, 21, 6], [22, 13, 23, 14], [24, 9, 1, 10], [2, 12, 3, 11], [4, 23, 5, 24], [6, 19, 7, 20], [8, 17, 9, 18], [10, 16, 11, 15], [12, 21, 13, 22], [14, 4, 15, 3], [16, 1, 17, 2], [18, 7, 19, 8]]"
12a_1077_103,"[[18, 7, 19, 8], [20, 5, 21, 6], [22, 13, 23, 14], [24, 9, 1, 10], [2, 12, 3, 11], [4, 23, 5, 24], [6, 19, 7, 20], [8, 17, 9, 18], [10, 16, 11, 15], [12, 21, 13, 22], [14, 4, 15, 3], [16, 1, 17, 2]]"
12a_1077_104,"[[16, 1, 17, 2], [18, 7, 19, 8], [20, 5, 21, 6], [22, 13, 23, 14], [24, 9, 1, 10], [2, 12, 3, 11], [4, 23, 5, 24], [6, 19, 7, 20], [8, 17, 9, 18], [10, 16, 11, 15], [12, 21, 13, 22], [14, 4, 15, 3]]"
12a_1077_105,"[[14, 4, 15, 3], [16, 1, 17, 2], [18, 7, 19, 8], [20, 5, 21, 6], [22, 13, 23, 14], [24, 9, 1, 10], [2, 12, 3, 11], [4, 23, 5, 24], [6, 19, 7, 20], [8, 17, 9, 18], [10, 16, 11, 15], [12, 21, 13, 22]]"
12a_1077_106,"[[12, 21, 13, 22], [14, 4, 15, 3], [16, 1, 17, 2], [18, 7, 19, 8], [20, 5, 21, 6], [22, 13, 23, 14], [24, 9, 1, 10], [2, 12, 3, 11], [4, 23, 5, 24], [6, 19, 7, 20], [8, 17, 9, 18], [10, 16, 11, 15]]"
12a_1077_107,"[[10, 16, 11, 15], [12, 21, 13, 22], [14, 4, 15, 3], [16, 1, 17, 2], [18, 7, 19, 8], [20, 5, 21, 6], [22, 13, 23, 14], [24, 9, 1, 10], [2, 12, 3, 11], [4, 23, 5, 24], [6, 19, 7, 20], [8, 17, 9, 18]]"
12a_1077_108,"[[9, 18, 10, 19], [11, 17, 12, 16], [13, 22, 14, 23], [15, 5, 16, 4], [17, 2, 18, 3], [19, 8, 20, 9], [21, 6, 22, 7], [23, 14, 24, 15], [1, 10, 2, 11], [3, 13, 4, 12], [5, 24, 6, 1], [7, 20, 8, 21]]"
12a_1077_109,"[[7, 20, 8, 21], [9, 18, 10, 19], [11, 17, 12, 16], [13, 22, 14, 23], [15, 5, 16, 4], [17, 2, 18, 3], [19, 8, 20, 9], [21, 6, 22, 7], [23, 14, 24, 15], [1, 10, 2, 11], [3, 13, 4, 12], [5, 24, 6, 1]]"
12a_1077_110,"[[5, 24, 6, 1], [7, 20, 8, 21], [9, 18, 10, 19], [11, 17, 12, 16], [13, 22, 14, 23], [15, 5, 16, 4], [17, 2, 18, 3], [19, 8, 20, 9], [21, 6, 22, 7], [23, 14, 24, 15], [1, 10, 2, 11], [3, 13, 4, 12]]"
12a_1077_111,"[[3, 13, 4, 12], [5, 24, 6, 1], [7, 20, 8, 21], [9, 18, 10, 19], [11, 17, 12, 16], [13, 22, 14, 23], [15, 5, 16, 4], [17, 2, 18, 3], [19, 8, 20, 9], [21, 6, 22, 7], [23, 14, 24, 15], [1, 10, 2, 11]]"
12a_1077_112,"[[1, 10, 2, 11], [3, 13, 4, 12], [5, 24, 6, 1], [7, 20, 8, 21], [9, 18, 10, 19], [11, 17, 12, 16], [13, 22, 14, 23], [15, 5, 16, 4], [17, 2, 18, 3], [19, 8, 20, 9], [21, 6, 22, 7], [23, 14, 24, 15]]"
12a_1077_113,"[[23, 14, 24, 15], [1, 10, 2, 11], [3, 13, 4, 12], [5, 24, 6, 1], [7, 20, 8, 21], [9, 18, 10, 19], [11, 17, 12, 16], [13, 22, 14, 23], [15, 5, 16, 4], [17, 2, 18, 3], [19, 8, 20, 9], [21, 6, 22, 7]]"
12a_1077_114,"[[21, 6, 22, 7], [23, 14, 24, 15], [1, 10, 2, 11], [3, 13, 4, 12], [5, 24, 6, 1], [7, 20, 8, 21], [9, 18, 10, 19], [11, 17, 12, 16], [13, 22, 14, 23], [15, 5, 16, 4], [17, 2, 18, 3], [19, 8, 20, 9]]"
12a_1077_115,"[[19, 8, 20, 9], [21, 6, 22, 7], [23, 14, 24, 15], [1, 10, 2, 11], [3, 13, 4, 12], [5, 24, 6, 1], [7, 20, 8, 21], [9, 18, 10, 19], [11, 17, 12, 16], [13, 22, 14, 23], [15, 5, 16, 4], [17, 2, 18, 3]]"
12a_1077_116,"[[17, 2, 18, 3], [19, 8, 20, 9], [21, 6, 22, 7], [23, 14, 24, 15], [1, 10, 2, 11], [3, 13, 4, 12], [5, 24, 6, 1], [7, 20, 8, 21], [9, 18, 10, 19], [11, 17, 12, 16], [13, 22, 14, 23], [15, 5, 16, 4]]"
12a_1077_117,"[[15, 5, 16, 4], [17, 2, 18, 3], [19, 8, 20, 9], [21, 6, 22, 7], [23, 14, 24, 15], [1, 10, 2, 11], [3, 13, 4, 12], [5, 24, 6, 1], [7, 20, 8, 21], [9, 18, 10, 19], [11, 17, 12, 16], [13, 22, 14, 23]]"
12a_1077_118,"[[13, 22, 14, 23], [15, 5, 16, 4], [17, 2, 18, 3], [19, 8, 20, 9], [21, 6, 22, 7], [23, 14, 24, 15], [1, 10, 2, 11], [3, 13, 4, 12], [5, 24, 6, 1], [7, 20, 8, 21], [9, 18, 10, 19], [11, 17, 12, 16]]"
12a_1077_119,"[[11, 17, 12, 16], [13, 22, 14, 23], [15, 5, 16, 4], [17, 2, 18, 3], [19, 8, 20, 9], [21, 6, 22, 7], [23, 14, 24, 15], [1, 10, 2, 11], [3, 13, 4, 12], [5, 24, 6, 1], [7, 20, 8, 21], [9, 18, 10, 19]]"
12a_1077_120,"[[10, 19, 11, 20], [12, 18, 13, 17], [14, 23, 15, 24], [16, 6, 17, 5], [18, 3, 19, 4], [20, 9, 21, 10], [22, 7, 23, 8], [24, 15, 1, 16], [2, 11, 3, 12], [4, 14, 5, 13], [6, 1, 7, 2], [8, 21, 9, 22]]"
12a_1077_121,"[[8, 21, 9, 22], [10, 19, 11, 20], [12, 18, 13, 17], [14, 23, 15, 24], [16, 6, 17, 5], [18, 3, 19, 4], [20, 9, 21, 10], [22, 7, 23, 8], [24, 15, 1, 16], [2, 11, 3, 12], [4, 14, 5, 13], [6, 1, 7, 2]]"
12a_1077_122,"[[6, 1, 7, 2], [8, 21, 9, 22], [10, 19, 11, 20], [12, 18, 13, 17], [14, 23, 15, 24], [16, 6, 17, 5], [18, 3, 19, 4], [20, 9, 21, 10], [22, 7, 23, 8], [24, 15, 1, 16], [2, 11, 3, 12], [4, 14, 5, 13]]"
12a_1077_123,"[[4, 14, 5, 13], [6, 1, 7, 2], [8, 21, 9, 22], [10, 19, 11, 20], [12, 18, 13, 17], [14, 23, 15, 24], [16, 6, 17, 5], [18, 3, 19, 4], [20, 9, 21, 10], [22, 7, 23, 8], [24, 15, 1, 16], [2, 11, 3, 12]]"
12a_1077_124,"[[2, 11, 3, 12], [4, 14, 5, 13], [6, 1, 7, 2], [8, 21, 9, 22], [10, 19, 11, 20], [12, 18, 13, 17], [14, 23, 15, 24], [16, 6, 17, 5], [18, 3, 19, 4], [20, 9, 21, 10], [22, 7, 23, 8], [24, 15, 1, 16]]"
12a_1077_125,"[[24, 15, 1, 16], [2, 11, 3, 12], [4, 14, 5, 13], [6, 1, 7, 2], [8, 21, 9, 22], [10, 19, 11, 20], [12, 18, 13, 17], [14, 23, 15, 24], [16, 6, 17, 5], [18, 3, 19, 4], [20, 9, 21, 10], [22, 7, 23, 8]]"
12a_1077_126,"[[22, 7, 23, 8], [24, 15, 1, 16], [2, 11, 3, 12], [4, 14, 5, 13], [6, 1, 7, 2], [8, 21, 9, 22], [10, 19, 11, 20], [12, 18, 13, 17], [14, 23, 15, 24], [16, 6, 17, 5], [18, 3, 19, 4], [20, 9, 21, 10]]"
12a_1077_127,"[[20, 9, 21, 10], [22, 7, 23, 8], [24, 15, 1, 16], [2, 11, 3, 12], [4, 14, 5, 13], [6, 1, 7, 2], [8, 21, 9, 22], [10, 19, 11, 20], [12, 18, 13, 17], [14, 23, 15, 24], [16, 6, 17, 5], [18, 3, 19, 4]]"
12a_1077_128,"[[18, 3, 19, 4], [20, 9, 21, 10], [22, 7, 23, 8], [24, 15, 1, 16], [2, 11, 3, 12], [4, 14, 5, 13], [6, 1, 7, 2], [8, 21, 9, 22], [10, 19, 11, 20], [12, 18, 13, 17], [14, 23, 15, 24], [16, 6, 17, 5]]"
12a_1077_129,"[[16, 6, 17, 5], [18, 3, 19, 4], [20, 9, 21, 10], [22, 7, 23, 8], [24, 15, 1, 16], [2, 11, 3, 12], [4, 14, 5, 13], [6, 1, 7, 2], [8, 21, 9, 22], [10, 19, 11, 20], [12, 18, 13, 17], [14, 23, 15, 24]]"
12a_1077_130,"[[14, 23, 15, 24], [16, 6, 17, 5], [18, 3, 19, 4], [20, 9, 21, 10], [22, 7, 23, 8], [24, 15, 1, 16], [2, 11, 3, 12], [4, 14, 5, 13], [6, 1, 7, 2], [8, 21, 9, 22], [10, 19, 11, 20], [12, 18, 13, 17]]"
12a_1077_131,"[[12, 18, 13, 17], [14, 23, 15, 24], [16, 6, 17, 5], [18, 3, 19, 4], [20, 9, 21, 10], [22, 7, 23, 8], [24, 15, 1, 16], [2, 11, 3, 12], [4, 14, 5, 13], [6, 1, 7, 2], [8, 21, 9, 22], [10, 19, 11, 20]]"
12a_1077_132,"[[11, 20, 12, 21], [13, 19, 14, 18], [15, 24, 16, 1], [17, 7, 18, 6], [19, 4, 20, 5], [21, 10, 22, 11], [23, 8, 24, 9], [1, 16, 2, 17], [3, 12, 4, 13], [5, 15, 6, 14], [7, 2, 8, 3], [9, 22, 10, 23]]"
12a_1077_133,"[[9, 22, 10, 23], [11, 20, 12, 21], [13, 19, 14, 18], [15, 24, 16, 1], [17, 7, 18, 6], [19, 4, 20, 5], [21, 10, 22, 11], [23, 8, 24, 9], [1, 16, 2, 17], [3, 12, 4, 13], [5, 15, 6, 14], [7, 2, 8, 3]]"
12a_1077_134,"[[7, 2, 8, 3], [9, 22, 10, 23], [11, 20, 12, 21], [13, 19, 14, 18], [15, 24, 16, 1], [17, 7, 18, 6], [19, 4, 20, 5], [21, 10, 22, 11], [23, 8, 24, 9], [1, 16, 2, 17], [3, 12, 4, 13], [5, 15, 6, 14]]"
12a_1077_135,"[[5, 15, 6, 14], [7, 2, 8, 3], [9, 22, 10, 23], [11, 20, 12, 21], [13, 19, 14, 18], [15, 24, 16, 1], [17, 7, 18, 6], [19, 4, 20, 5], [21, 10, 22, 11], [23, 8, 24, 9], [1, 16, 2, 17], [3, 12, 4, 13]]"
12a_1077_136,"[[3, 12, 4, 13], [5, 15, 6, 14], [7, 2, 8, 3], [9, 22, 10, 23], [11, 20, 12, 21], [13, 19, 14, 18], [15, 24, 16, 1], [17, 7, 18, 6], [19, 4, 20, 5], [21, 10, 22, 11], [23, 8, 24, 9], [1, 16, 2, 17]]"
12a_1077_137,"[[1, 16, 2, 17], [3, 12, 4, 13], [5, 15, 6, 14], [7, 2, 8, 3], [9, 22, 10, 23], [11, 20, 12, 21], [13, 19, 14, 18], [15, 24, 16, 1], [17, 7, 18, 6], [19, 4, 20, 5], [21, 10, 22, 11], [23, 8, 24, 9]]"
12a_1077_138,"[[23, 8, 24, 9], [1, 16, 2, 17], [3, 12, 4, 13], [5, 15, 6, 14], [7, 2, 8, 3], [9, 22, 10, 23], [11, 20, 12, 21], [13, 19, 14, 18], [15, 24, 16, 1], [17, 7, 18, 6], [19, 4, 20, 5], [21, 10, 22, 11]]"
12a_1077_139,"[[21, 10, 22, 11], [23, 8, 24, 9], [1, 16, 2, 17], [3, 12, 4, 13], [5, 15, 6, 14], [7, 2, 8, 3], [9, 22, 10, 23], [11, 20, 12, 21], [13, 19, 14, 18], [15, 24, 16, 1], [17, 7, 18, 6], [19, 4, 20, 5]]"
12a_1077_140,"[[19, 4, 20, 5], [21, 10, 22, 11], [23, 8, 24, 9], [1, 16, 2, 17], [3, 12, 4, 13], [5, 15, 6, 14], [7, 2, 8, 3], [9, 22, 10, 23], [11, 20, 12, 21], [13, 19, 14, 18], [15, 24, 16, 1], [17, 7, 18, 6]]"
12a_1077_141,"[[17, 7, 18, 6], [19, 4, 20, 5], [21, 10, 22, 11], [23, 8, 24, 9], [1, 16, 2, 17], [3, 12, 4, 13], [5, 15, 6, 14], [7, 2, 8, 3], [9, 22, 10, 23], [11, 20, 12, 21], [13, 19, 14, 18], [15, 24, 16, 1]]"
12a_1077_142,"[[15, 24, 16, 1], [17, 7, 18, 6], [19, 4, 20, 5], [21, 10, 22, 11], [23, 8, 24, 9], [1, 16, 2, 17], [3, 12, 4, 13], [5, 15, 6, 14], [7, 2, 8, 3], [9, 22, 10, 23], [11, 20, 12, 21], [13, 19, 14, 18]]"
12a_1077_143,"[[13, 19, 14, 18], [15, 24, 16, 1], [17, 7, 18, 6], [19, 4, 20, 5], [21, 10, 22, 11], [23, 8, 24, 9], [1, 16, 2, 17], [3, 12, 4, 13], [5, 15, 6, 14], [7, 2, 8, 3], [9, 22, 10, 23], [11, 20, 12, 21]]"
12a_1077_144,"[[12, 21, 13, 22], [14, 20, 15, 19], [16, 1, 17, 2], [18, 8, 19, 7], [20, 5, 21, 6], [22, 11, 23, 12], [24, 9, 1, 10], [2, 17, 3, 18], [4, 13, 5, 14], [6, 16, 7, 15], [8, 3, 9, 4], [10, 23, 11, 24]]"
12a_1077_145,"[[10, 23, 11, 24], [12, 21, 13, 22], [14, 20, 15, 19], [16, 1, 17, 2], [18, 8, 19, 7], [20, 5, 21, 6], [22, 11, 23, 12], [24, 9, 1, 10], [2, 17, 3, 18], [4, 13, 5, 14], [6, 16, 7, 15], [8, 3, 9, 4]]"
12a_1077_146,"[[8, 3, 9, 4], [10, 23, 11, 24], [12, 21, 13, 22], [14, 20, 15, 19], [16, 1, 17, 2], [18, 8, 19, 7], [20, 5, 21, 6], [22, 11, 23, 12], [24, 9, 1, 10], [2, 17, 3, 18], [4, 13, 5, 14], [6, 16, 7, 15]]"
12a_1077_147,"[[6, 16, 7, 15], [8, 3, 9, 4], [10, 23, 11, 24], [12, 21, 13, 22], [14, 20, 15, 19], [16, 1, 17, 2], [18, 8, 19, 7], [20, 5, 21, 6], [22, 11, 23, 12], [24, 9, 1, 10], [2, 17, 3, 18], [4, 13, 5, 14]]"
12a_1077_148,"[[4, 13, 5, 14], [6, 16, 7, 15], [8, 3, 9, 4], [10, 23, 11, 24], [12, 21, 13, 22], [14, 20, 15, 19], [16, 1, 17, 2], [18, 8, 19, 7], [20, 5, 21, 6], [22, 11, 23, 12], [24, 9, 1, 10], [2, 17, 3, 18]]"
12a_1077_149,"[[2, 17, 3, 18], [4, 13, 5, 14], [6, 16, 7, 15], [8, 3, 9, 4], [10, 23, 11, 24], [12, 21, 13, 22], [14, 20, 15, 19], [16, 1, 17, 2], [18, 8, 19, 7], [20, 5, 21, 6], [22, 11, 23, 12], [24, 9, 1, 10]]"
12a_1077_150,"[[24, 9, 1, 10], [2, 17, 3, 18], [4, 13, 5, 14], [6, 16, 7, 15], [8, 3, 9, 4], [10, 23, 11, 24], [12, 21, 13, 22], [14, 20, 15, 19], [16, 1, 17, 2], [18, 8, 19, 7], [20, 5, 21, 6], [22, 11, 23, 12]]"
12a_1077_151,"[[22, 11, 23, 12], [24, 9, 1, 10], [2, 17, 3, 18], [4, 13, 5, 14], [6, 16, 7, 15], [8, 3, 9, 4], [10, 23, 11, 24], [12, 21, 13, 22], [14, 20, 15, 19], [16, 1, 17, 2], [18, 8, 19, 7], [20, 5, 21, 6]]"
12a_1077_152,"[[20, 5, 21, 6], [22, 11, 23, 12], [24, 9, 1, 10], [2, 17, 3, 18], [4, 13, 5, 14], [6, 16, 7, 15], [8, 3, 9, 4], [10, 23, 11, 24], [12, 21, 13, 22], [14, 20, 15, 19], [16, 1, 17, 2], [18, 8, 19, 7]]"
12a_1077_153,"[[18, 8, 19, 7], [20, 5, 21, 6], [22, 11, 23, 12], [24, 9, 1, 10], [2, 17, 3, 18], [4, 13, 5, 14], [6, 16, 7, 15], [8, 3, 9, 4], [10, 23, 11, 24], [12, 21, 13, 22], [14, 20, 15, 19], [16, 1, 17, 2]]"
12a_1077_154,"[[16, 1, 17, 2], [18, 8, 19, 7], [20, 5, 21, 6], [22, 11, 23, 12], [24, 9, 1, 10], [2, 17, 3, 18], [4, 13, 5, 14], [6, 16, 7, 15], [8, 3, 9, 4], [10, 23, 11, 24], [12, 21, 13, 22], [14, 20, 15, 19]]"
12a_1077_155,"[[14, 20, 15, 19], [16, 1, 17, 2], [18, 8, 19, 7], [20, 5, 21, 6], [22, 11, 23, 12], [24, 9, 1, 10], [2, 17, 3, 18], [4, 13, 5, 14], [6, 16, 7, 15], [8, 3, 9, 4], [10, 23, 11, 24], [12, 21, 13, 22]]"
12a_1077_156,"[[13, 22, 14, 23], [15, 21, 16, 20], [17, 2, 18, 3], [19, 9, 20, 8], [21, 6, 22, 7], [23, 12, 24, 13], [1, 10, 2, 11], [3, 18, 4, 19], [5, 14, 6, 15], [7, 17, 8, 16], [9, 4, 10, 5], [11, 24, 12, 1]]"
12a_1077_157,"[[11, 24, 12, 1], [13, 22, 14, 23], [15, 21, 16, 20], [17, 2, 18, 3], [19, 9, 20, 8], [21, 6, 22, 7], [23, 12, 24, 13], [1, 10, 2, 11], [3, 18, 4, 19], [5, 14, 6, 15], [7, 17, 8, 16], [9, 4, 10, 5]]"
12a_1077_158,"[[9, 4, 10, 5], [11, 24, 12, 1], [13, 22, 14, 23], [15, 21, 16, 20], [17, 2, 18, 3], [19, 9, 20, 8], [21, 6, 22, 7], [23, 12, 24, 13], [1, 10, 2, 11], [3, 18, 4, 19], [5, 14, 6, 15], [7, 17, 8, 16]]"
12a_1077_159,"[[7, 17, 8, 16], [9, 4, 10, 5], [11, 24, 12, 1], [13, 22, 14, 23], [15, 21, 16, 20], [17, 2, 18, 3], [19, 9, 20, 8], [21, 6, 22, 7], [23, 12, 24, 13], [1, 10, 2, 11], [3, 18, 4, 19], [5, 14, 6, 15]]"
12a_1077_160,"[[5, 14, 6, 15], [7, 17, 8, 16], [9, 4, 10, 5], [11, 24, 12, 1], [13, 22, 14, 23], [15, 21, 16, 20], [17, 2, 18, 3], [19, 9, 20, 8], [21, 6, 22, 7], [23, 12, 24, 13], [1, 10, 2, 11], [3, 18, 4, 19]]"
12a_1077_161,"[[3, 18, 4, 19], [5, 14, 6, 15], [7, 17, 8, 16], [9, 4, 10, 5], [11, 24, 12, 1], [13, 22, 14, 23], [15, 21, 16, 20], [17, 2, 18, 3], [19, 9, 20, 8], [21, 6, 22, 7], [23, 12, 24, 13], [1, 10, 2, 11]]"
12a_1077_162,"[[1, 10, 2, 11], [3, 18, 4, 19], [5, 14, 6, 15], [7, 17, 8, 16], [9, 4, 10, 5], [11, 24, 12, 1], [13, 22, 14, 23], [15, 21, 16, 20], [17, 2, 18, 3], [19, 9, 20, 8], [21, 6, 22, 7], [23, 12, 24, 13]]"
12a_1077_163,"[[23, 12, 24, 13], [1, 10, 2, 11], [3, 18, 4, 19], [5, 14, 6, 15], [7, 17, 8, 16], [9, 4, 10, 5], [11, 24, 12, 1], [13, 22, 14, 23], [15, 21, 16, 20], [17, 2, 18, 3], [19, 9, 20, 8], [21, 6, 22, 7]]"
12a_1077_164,"[[21, 6, 22, 7], [23, 12, 24, 13], [1, 10, 2, 11], [3, 18, 4, 19], [5, 14, 6, 15], [7, 17, 8, 16], [9, 4, 10, 5], [11, 24, 12, 1], [13, 22, 14, 23], [15, 21, 16, 20], [17, 2, 18, 3], [19, 9, 20, 8]]"
12a_1077_165,"[[19, 9, 20, 8], [21, 6, 22, 7], [23, 12, 24, 13], [1, 10, 2, 11], [3, 18, 4, 19], [5, 14, 6, 15], [7, 17, 8, 16], [9, 4, 10, 5], [11, 24, 12, 1], [13, 22, 14, 23], [15, 21, 16, 20], [17, 2, 18, 3]]"
12a_1077_166,"[[17, 2, 18, 3], [19, 9, 20, 8], [21, 6, 22, 7], [23, 12, 24, 13], [1, 10, 2, 11], [3, 18, 4, 19], [5, 14, 6, 15], [7, 17, 8, 16], [9, 4, 10, 5], [11, 24, 12, 1], [13, 22, 14, 23], [15, 21, 16, 20]]"
12a_1077_167,"[[15, 21, 16, 20], [17, 2, 18, 3], [19, 9, 20, 8], [21, 6, 22, 7], [23, 12, 24, 13], [1, 10, 2, 11], [3, 18, 4, 19], [5, 14, 6, 15], [7, 17, 8, 16], [9, 4, 10, 5], [11, 24, 12, 1], [13, 22, 14, 23]]"
12a_1077_168,"[[14, 23, 15, 24], [16, 22, 17, 21], [18, 3, 19, 4], [20, 10, 21, 9], [22, 7, 23, 8], [24, 13, 1, 14], [2, 11, 3, 12], [4, 19, 5, 20], [6, 15, 7, 16], [8, 18, 9, 17], [10, 5, 11, 6], [12, 1, 13, 2]]"
12a_1077_169,"[[12, 1, 13, 2], [14, 23, 15, 24], [16, 22, 17, 21], [18, 3, 19, 4], [20, 10, 21, 9], [22, 7, 23, 8], [24, 13, 1, 14], [2, 11, 3, 12], [4, 19, 5, 20], [6, 15, 7, 16], [8, 18, 9, 17], [10, 5, 11, 6]]"
12a_1077_170,"[[10, 5, 11, 6], [12, 1, 13, 2], [14, 23, 15, 24], [16, 22, 17, 21], [18, 3, 19, 4], [20, 10, 21, 9], [22, 7, 23, 8], [24, 13, 1, 14], [2, 11, 3, 12], [4, 19, 5, 20], [6, 15, 7, 16], [8, 18, 9, 17]]"
12a_1077_171,"[[8, 18, 9, 17], [10, 5, 11, 6], [12, 1, 13, 2], [14, 23, 15, 24], [16, 22, 17, 21], [18, 3, 19, 4], [20, 10, 21, 9], [22, 7, 23, 8], [24, 13, 1, 14], [2, 11, 3, 12], [4, 19, 5, 20], [6, 15, 7, 16]]"
12a_1077_172,"[[6, 15, 7, 16], [8, 18, 9, 17], [10, 5, 11, 6], [12, 1, 13, 2], [14, 23, 15, 24], [16, 22, 17, 21], [18, 3, 19, 4], [20, 10, 21, 9], [22, 7, 23, 8], [24, 13, 1, 14], [2, 11, 3, 12], [4, 19, 5, 20]]"
12a_1077_173,"[[4, 19, 5, 20], [6, 15, 7, 16], [8, 18, 9, 17], [10, 5, 11, 6], [12, 1, 13, 2], [14, 23, 15, 24], [16, 22, 17, 21], [18, 3, 19, 4], [20, 10, 21, 9], [22, 7, 23, 8], [24, 13, 1, 14], [2, 11, 3, 12]]"
12a_1077_174,"[[2, 11, 3, 12], [4, 19, 5, 20], [6, 15, 7, 16], [8, 18, 9, 17], [10, 5, 11, 6], [12, 1, 13, 2], [14, 23, 15, 24], [16, 22, 17, 21], [18, 3, 19, 4], [20, 10, 21, 9], [22, 7, 23, 8], [24, 13, 1, 14]]"
12a_1077_175,"[[24, 13, 1, 14], [2, 11, 3, 12], [4, 19, 5, 20], [6, 15, 7, 16], [8, 18, 9, 17], [10, 5, 11, 6], [12, 1, 13, 2], [14, 23, 15, 24], [16, 22, 17, 21], [18, 3, 19, 4], [20, 10, 21, 9], [22, 7, 23, 8]]"
12a_1077_176,"[[22, 7, 23, 8], [24, 13, 1, 14], [2, 11, 3, 12], [4, 19, 5, 20], [6, 15, 7, 16], [8, 18, 9, 17], [10, 5, 11, 6], [12, 1, 13, 2], [14, 23, 15, 24], [16, 22, 17, 21], [18, 3, 19, 4], [20, 10, 21, 9]]"
12a_1077_177,"[[20, 10, 21, 9], [22, 7, 23, 8], [24, 13, 1, 14], [2, 11, 3, 12], [4, 19, 5, 20], [6, 15, 7, 16], [8, 18, 9, 17], [10, 5, 11, 6], [12, 1, 13, 2], [14, 23, 15, 24], [16, 22, 17, 21], [18, 3, 19, 4]]"
12a_1077_178,"[[18, 3, 19, 4], [20, 10, 21, 9], [22, 7, 23, 8], [24, 13, 1, 14], [2, 11, 3, 12], [4, 19, 5, 20], [6, 15, 7, 16], [8, 18, 9, 17], [10, 5, 11, 6], [12, 1, 13, 2], [14, 23, 15, 24], [16, 22, 17, 21]]"
12a_1077_179,"[[16, 22, 17, 21], [18, 3, 19, 4], [20, 10, 21, 9], [22, 7, 23, 8], [24, 13, 1, 14], [2, 11, 3, 12], [4, 19, 5, 20], [6, 15, 7, 16], [8, 18, 9, 17], [10, 5, 11, 6], [12, 1, 13, 2], [14, 23, 15, 24]]"
12a_1077_180,"[[15, 24, 16, 1], [17, 23, 18, 22], [19, 4, 20, 5], [21, 11, 22, 10], [23, 8, 24, 9], [1, 14, 2, 15], [3, 12, 4, 13], [5, 20, 6, 21], [7, 16, 8, 17], [9, 19, 10, 18], [11, 6, 12, 7], [13, 2, 14, 3]]"
12a_1077_181,"[[13, 2, 14, 3], [15, 24, 16, 1], [17, 23, 18, 22], [19, 4, 20, 5], [21, 11, 22, 10], [23, 8, 24, 9], [1, 14, 2, 15], [3, 12, 4, 13], [5, 20, 6, 21], [7, 16, 8, 17], [9, 19, 10, 18], [11, 6, 12, 7]]"
12a_1077_182,"[[11, 6, 12, 7], [13, 2, 14, 3], [15, 24, 16, 1], [17, 23, 18, 22], [19, 4, 20, 5], [21, 11, 22, 10], [23, 8, 24, 9], [1, 14, 2, 15], [3, 12, 4, 13], [5, 20, 6, 21], [7, 16, 8, 17], [9, 19, 10, 18]]"
12a_1077_183,"[[9, 19, 10, 18], [11, 6, 12, 7], [13, 2, 14, 3], [15, 24, 16, 1], [17, 23, 18, 22], [19, 4, 20, 5], [21, 11, 22, 10], [23, 8, 24, 9], [1, 14, 2, 15], [3, 12, 4, 13], [5, 20, 6, 21], [7, 16, 8, 17]]"
12a_1077_184,"[[7, 16, 8, 17], [9, 19, 10, 18], [11, 6, 12, 7], [13, 2, 14, 3], [15, 24, 16, 1], [17, 23, 18, 22], [19, 4, 20, 5], [21, 11, 22, 10], [23, 8, 24, 9], [1, 14, 2, 15], [3, 12, 4, 13], [5, 20, 6, 21]]"
12a_1077_185,"[[5, 20, 6, 21], [7, 16, 8, 17], [9, 19, 10, 18], [11, 6, 12, 7], [13, 2, 14, 3], [15, 24, 16, 1], [17, 23, 18, 22], [19, 4, 20, 5], [21, 11, 22, 10], [23, 8, 24, 9], [1, 14, 2, 15], [3, 12, 4, 13]]"
