name,pd_notation
12a_0868_0,"[[24, 9, 1, 10], [2, 8, 3, 7], [4, 11, 5, 12], [6, 14, 7, 13], [8, 18, 9, 17], [10, 15, 11, 16], [12, 21, 13, 22], [14, 20, 15, 19], [16, 23, 17, 24], [18, 2, 19, 1], [20, 6, 21, 5], [22, 3, 23, 4]]"
12a_0868_1,"[[22, 3, 23, 4], [24, 9, 1, 10], [2, 8, 3, 7], [4, 11, 5, 12], [6, 14, 7, 13], [8, 18, 9, 17], [10, 15, 11, 16], [12, 21, 13, 22], [14, 20, 15, 19], [16, 23, 17, 24], [18, 2, 19, 1], [20, 6, 21, 5]]"
12a_0868_2,"[[20, 6, 21, 5], [22, 3, 23, 4], [24, 9, 1, 10], [2, 8, 3, 7], [4, 11, 5, 12], [6, 14, 7, 13], [8, 18, 9, 17], [10, 15, 11, 16], [12, 21, 13, 22], [14, 20, 15, 19], [16, 23, 17, 24], [18, 2, 19, 1]]"
12a_0868_3,"[[18, 2, 19, 1], [20, 6, 21, 5], [22, 3, 23, 4], [24, 9, 1, 10], [2, 8, 3, 7], [4, 11, 5, 12], [6, 14, 7, 13], [8, 18, 9, 17], [10, 15, 11, 16], [12, 21, 13, 22], [14, 20, 15, 19], [16, 23, 17, 24]]"
12a_0868_4,"[[16, 23, 17, 24], [18, 2, 19, 1], [20, 6, 21, 5], [22, 3, 23, 4], [24, 9, 1, 10], [2, 8, 3, 7], [4, 11, 5, 12], [6, 14, 7, 13], [8, 18, 9, 17], [10, 15, 11, 16], [12, 21, 13, 22], [14, 20, 15, 19]]"
12a_0868_5,"[[14, 20, 15, 19], [16, 23, 17, 24], [18, 2, 19, 1], [20, 6, 21, 5], [22, 3, 23, 4], [24, 9, 1, 10], [2, 8, 3, 7], [4, 11, 5, 12], [6, 14, 7, 13], [8, 18, 9, 17], [10, 15, 11, 16], [12, 21, 13, 22]]"
12a_0868_6,"[[12, 21, 13, 22], [14, 20, 15, 19], [16, 23, 17, 24], [18, 2, 19, 1], [20, 6, 21, 5], [22, 3, 23, 4], [24, 9, 1, 10], [2, 8, 3, 7], [4, 11, 5, 12], [6, 14, 7, 13], [8, 18, 9, 17], [10, 15, 11, 16]]"
12a_0868_7,"[[10, 15, 11, 16], [12, 21, 13, 22], [14, 20, 15, 19], [16, 23, 17, 24], [18, 2, 19, 1], [20, 6, 21, 5], [22, 3, 23, 4], [24, 9, 1, 10], [2, 8, 3, 7], [4, 11, 5, 12], [6, 14, 7, 13], [8, 18, 9, 17]]"
12a_0868_8,"[[8, 18, 9, 17], [10, 15, 11, 16], [12, 21, 13, 22], [14, 20, 15, 19], [16, 23, 17, 24], [18, 2, 19, 1], [20, 6, 21, 5], [22, 3, 23, 4], [24, 9, 1, 10], [2, 8, 3, 7], [4, 11, 5, 12], [6, 14, 7, 13]]"
12a_0868_9,"[[6, 14, 7, 13], [8, 18, 9, 17], [10, 15, 11, 16], [12, 21, 13, 22], [14, 20, 15, 19], [16, 23, 17, 24], [18, 2, 19, 1], [20, 6, 21, 5], [22, 3, 23, 4], [24, 9, 1, 10], [2, 8, 3, 7], [4, 11, 5, 12]]"
12a_0868_10,"[[4, 11, 5, 12], [6, 14, 7, 13], [8, 18, 9, 17], [10, 15, 11, 16], [12, 21, 13, 22], [14, 20, 15, 19], [16, 23, 17, 24], [18, 2, 19, 1], [20, 6, 21, 5], [22, 3, 23, 4], [24, 9, 1, 10], [2, 8, 3, 7]]"
12a_0868_11,"[[2, 8, 3, 7], [4, 11, 5, 12], [6, 14, 7, 13], [8, 18, 9, 17], [10, 15, 11, 16], [12, 21, 13, 22], [14, 20, 15, 19], [16, 23, 17, 24], [18, 2, 19, 1], [20, 6, 21, 5], [22, 3, 23, 4], [24, 9, 1, 10]]"
12a_0868_12,"[[1, 10, 2, 11], [3, 9, 4, 8], [5, 12, 6, 13], [7, 15, 8, 14], [9, 19, 10, 18], [11, 16, 12, 17], [13, 22, 14, 23], [15, 21, 16, 20], [17, 24, 18, 1], [19, 3, 20, 2], [21, 7, 22, 6], [23, 4, 24, 5]]"
12a_0868_13,"[[23, 4, 24, 5], [1, 10, 2, 11], [3, 9, 4, 8], [5, 12, 6, 13], [7, 15, 8, 14], [9, 19, 10, 18], [11, 16, 12, 17], [13, 22, 14, 23], [15, 21, 16, 20], [17, 24, 18, 1], [19, 3, 20, 2], [21, 7, 22, 6]]"
12a_0868_14,"[[21, 7, 22, 6], [23, 4, 24, 5], [1, 10, 2, 11], [3, 9, 4, 8], [5, 12, 6, 13], [7, 15, 8, 14], [9, 19, 10, 18], [11, 16, 12, 17], [13, 22, 14, 23], [15, 21, 16, 20], [17, 24, 18, 1], [19, 3, 20, 2]]"
12a_0868_15,"[[19, 3, 20, 2], [21, 7, 22, 6], [23, 4, 24, 5], [1, 10, 2, 11], [3, 9, 4, 8], [5, 12, 6, 13], [7, 15, 8, 14], [9, 19, 10, 18], [11, 16, 12, 17], [13, 22, 14, 23], [15, 21, 16, 20], [17, 24, 18, 1]]"
12a_0868_16,"[[17, 24, 18, 1], [19, 3, 20, 2], [21, 7, 22, 6], [23, 4, 24, 5], [1, 10, 2, 11], [3, 9, 4, 8], [5, 12, 6, 13], [7, 15, 8, 14], [9, 19, 10, 18], [11, 16, 12, 17], [13, 22, 14, 23], [15, 21, 16, 20]]"
12a_0868_17,"[[15, 21, 16, 20], [17, 24, 18, 1], [19, 3, 20, 2], [21, 7, 22, 6], [23, 4, 24, 5], [1, 10, 2, 11], [3, 9, 4, 8], [5, 12, 6, 13], [7, 15, 8, 14], [9, 19, 10, 18], [11, 16, 12, 17], [13, 22, 14, 23]]"
12a_0868_18,"[[13, 22, 14, 23], [15, 21, 16, 20], [17, 24, 18, 1], [19, 3, 20, 2], [21, 7, 22, 6], [23, 4, 24, 5], [1, 10, 2, 11], [3, 9, 4, 8], [5, 12, 6, 13], [7, 15, 8, 14], [9, 19, 10, 18], [11, 16, 12, 17]]"
12a_0868_19,"[[11, 16, 12, 17], [13, 22, 14, 23], [15, 21, 16, 20], [17, 24, 18, 1], [19, 3, 20, 2], [21, 7, 22, 6], [23, 4, 24, 5], [1, 10, 2, 11], [3, 9, 4, 8], [5, 12, 6, 13], [7, 15, 8, 14], [9, 19, 10, 18]]"
12a_0868_20,"[[9, 19, 10, 18], [11, 16, 12, 17], [13, 22, 14, 23], [15, 21, 16, 20], [17, 24, 18, 1], [19, 3, 20, 2], [21, 7, 22, 6], [23, 4, 24, 5], [1, 10, 2, 11], [3, 9, 4, 8], [5, 12, 6, 13], [7, 15, 8, 14]]"
12a_0868_21,"[[7, 15, 8, 14], [9, 19, 10, 18], [11, 16, 12, 17], [13, 22, 14, 23], [15, 21, 16, 20], [17, 24, 18, 1], [19, 3, 20, 2], [21, 7, 22, 6], [23, 4, 24, 5], [1, 10, 2, 11], [3, 9, 4, 8], [5, 12, 6, 13]]"
12a_0868_22,"[[5, 12, 6, 13], [7, 15, 8, 14], [9, 19, 10, 18], [11, 16, 12, 17], [13, 22, 14, 23], [15, 21, 16, 20], [17, 24, 18, 1], [19, 3, 20, 2], [21, 7, 22, 6], [23, 4, 24, 5], [1, 10, 2, 11], [3, 9, 4, 8]]"
12a_0868_23,"[[3, 9, 4, 8], [5, 12, 6, 13], [7, 15, 8, 14], [9, 19, 10, 18], [11, 16, 12, 17], [13, 22, 14, 23], [15, 21, 16, 20], [17, 24, 18, 1], [19, 3, 20, 2], [21, 7, 22, 6], [23, 4, 24, 5], [1, 10, 2, 11]]"
12a_0868_24,"[[2, 11, 3, 12], [4, 10, 5, 9], [6, 13, 7, 14], [8, 16, 9, 15], [10, 20, 11, 19], [12, 17, 13, 18], [14, 23, 15, 24], [16, 22, 17, 21], [18, 1, 19, 2], [20, 4, 21, 3], [22, 8, 23, 7], [24, 5, 1, 6]]"
12a_0868_25,"[[24, 5, 1, 6], [2, 11, 3, 12], [4, 10, 5, 9], [6, 13, 7, 14], [8, 16, 9, 15], [10, 20, 11, 19], [12, 17, 13, 18], [14, 23, 15, 24], [16, 22, 17, 21], [18, 1, 19, 2], [20, 4, 21, 3], [22, 8, 23, 7]]"
12a_0868_26,"[[22, 8, 23, 7], [24, 5, 1, 6], [2, 11, 3, 12], [4, 10, 5, 9], [6, 13, 7, 14], [8, 16, 9, 15], [10, 20, 11, 19], [12, 17, 13, 18], [14, 23, 15, 24], [16, 22, 17, 21], [18, 1, 19, 2], [20, 4, 21, 3]]"
12a_0868_27,"[[20, 4, 21, 3], [22, 8, 23, 7], [24, 5, 1, 6], [2, 11, 3, 12], [4, 10, 5, 9], [6, 13, 7, 14], [8, 16, 9, 15], [10, 20, 11, 19], [12, 17, 13, 18], [14, 23, 15, 24], [16, 22, 17, 21], [18, 1, 19, 2]]"
12a_0868_28,"[[18, 1, 19, 2], [20, 4, 21, 3], [22, 8, 23, 7], [24, 5, 1, 6], [2, 11, 3, 12], [4, 10, 5, 9], [6, 13, 7, 14], [8, 16, 9, 15], [10, 20, 11, 19], [12, 17, 13, 18], [14, 23, 15, 24], [16, 22, 17, 21]]"
12a_0868_29,"[[16, 22, 17, 21], [18, 1, 19, 2], [20, 4, 21, 3], [22, 8, 23, 7], [24, 5, 1, 6], [2, 11, 3, 12], [4, 10, 5, 9], [6, 13, 7, 14], [8, 16, 9, 15], [10, 20, 11, 19], [12, 17, 13, 18], [14, 23, 15, 24]]"
12a_0868_30,"[[14, 23, 15, 24], [16, 22, 17, 21], [18, 1, 19, 2], [20, 4, 21, 3], [22, 8, 23, 7], [24, 5, 1, 6], [2, 11, 3, 12], [4, 10, 5, 9], [6, 13, 7, 14], [8, 16, 9, 15], [10, 20, 11, 19], [12, 17, 13, 18]]"
12a_0868_31,"[[12, 17, 13, 18], [14, 23, 15, 24], [16, 22, 17, 21], [18, 1, 19, 2], [20, 4, 21, 3], [22, 8, 23, 7], [24, 5, 1, 6], [2, 11, 3, 12], [4, 10, 5, 9], [6, 13, 7, 14], [8, 16, 9, 15], [10, 20, 11, 19]]"
12a_0868_32,"[[10, 20, 11, 19], [12, 17, 13, 18], [14, 23, 15, 24], [16, 22, 17, 21], [18, 1, 19, 2], [20, 4, 21, 3], [22, 8, 23, 7], [24, 5, 1, 6], [2, 11, 3, 12], [4, 10, 5, 9], [6, 13, 7, 14], [8, 16, 9, 15]]"
12a_0868_33,"[[8, 16, 9, 15], [10, 20, 11, 19], [12, 17, 13, 18], [14, 23, 15, 24], [16, 22, 17, 21], [18, 1, 19, 2], [20, 4, 21, 3], [22, 8, 23, 7], [24, 5, 1, 6], [2, 11, 3, 12], [4, 10, 5, 9], [6, 13, 7, 14]]"
12a_0868_34,"[[6, 13, 7, 14], [8, 16, 9, 15], [10, 20, 11, 19], [12, 17, 13, 18], [14, 23, 15, 24], [16, 22, 17, 21], [18, 1, 19, 2], [20, 4, 21, 3], [22, 8, 23, 7], [24, 5, 1, 6], [2, 11, 3, 12], [4, 10, 5, 9]]"
12a_0868_35,"[[4, 10, 5, 9], [6, 13, 7, 14], [8, 16, 9, 15], [10, 20, 11, 19], [12, 17, 13, 18], [14, 23, 15, 24], [16, 22, 17, 21], [18, 1, 19, 2], [20, 4, 21, 3], [22, 8, 23, 7], [24, 5, 1, 6], [2, 11, 3, 12]]"
12a_0868_36,"[[3, 12, 4, 13], [5, 11, 6, 10], [7, 14, 8, 15], [9, 17, 10, 16], [11, 21, 12, 20], [13, 18, 14, 19], [15, 24, 16, 1], [17, 23, 18, 22], [19, 2, 20, 3], [21, 5, 22, 4], [23, 9, 24, 8], [1, 6, 2, 7]]"
12a_0868_37,"[[1, 6, 2, 7], [3, 12, 4, 13], [5, 11, 6, 10], [7, 14, 8, 15], [9, 17, 10, 16], [11, 21, 12, 20], [13, 18, 14, 19], [15, 24, 16, 1], [17, 23, 18, 22], [19, 2, 20, 3], [21, 5, 22, 4], [23, 9, 24, 8]]"
12a_0868_38,"[[23, 9, 24, 8], [1, 6, 2, 7], [3, 12, 4, 13], [5, 11, 6, 10], [7, 14, 8, 15], [9, 17, 10, 16], [11, 21, 12, 20], [13, 18, 14, 19], [15, 24, 16, 1], [17, 23, 18, 22], [19, 2, 20, 3], [21, 5, 22, 4]]"
12a_0868_39,"[[21, 5, 22, 4], [23, 9, 24, 8], [1, 6, 2, 7], [3, 12, 4, 13], [5, 11, 6, 10], [7, 14, 8, 15], [9, 17, 10, 16], [11, 21, 12, 20], [13, 18, 14, 19], [15, 24, 16, 1], [17, 23, 18, 22], [19, 2, 20, 3]]"
12a_0868_40,"[[19, 2, 20, 3], [21, 5, 22, 4], [23, 9, 24, 8], [1, 6, 2, 7], [3, 12, 4, 13], [5, 11, 6, 10], [7, 14, 8, 15], [9, 17, 10, 16], [11, 21, 12, 20], [13, 18, 14, 19], [15, 24, 16, 1], [17, 23, 18, 22]]"
12a_0868_41,"[[17, 23, 18, 22], [19, 2, 20, 3], [21, 5, 22, 4], [23, 9, 24, 8], [1, 6, 2, 7], [3, 12, 4, 13], [5, 11, 6, 10], [7, 14, 8, 15], [9, 17, 10, 16], [11, 21, 12, 20], [13, 18, 14, 19], [15, 24, 16, 1]]"
12a_0868_42,"[[15, 24, 16, 1], [17, 23, 18, 22], [19, 2, 20, 3], [21, 5, 22, 4], [23, 9, 24, 8], [1, 6, 2, 7], [3, 12, 4, 13], [5, 11, 6, 10], [7, 14, 8, 15], [9, 17, 10, 16], [11, 21, 12, 20], [13, 18, 14, 19]]"
12a_0868_43,"[[13, 18, 14, 19], [15, 24, 16, 1], [17, 23, 18, 22], [19, 2, 20, 3], [21, 5, 22, 4], [23, 9, 24, 8], [1, 6, 2, 7], [3, 12, 4, 13], [5, 11, 6, 10], [7, 14, 8, 15], [9, 17, 10, 16], [11, 21, 12, 20]]"
12a_0868_44,"[[11, 21, 12, 20], [13, 18, 14, 19], [15, 24, 16, 1], [17, 23, 18, 22], [19, 2, 20, 3], [21, 5, 22, 4], [23, 9, 24, 8], [1, 6, 2, 7], [3, 12, 4, 13], [5, 11, 6, 10], [7, 14, 8, 15], [9, 17, 10, 16]]"
12a_0868_45,"[[9, 17, 10, 16], [11, 21, 12, 20], [13, 18, 14, 19], [15, 24, 16, 1], [17, 23, 18, 22], [19, 2, 20, 3], [21, 5, 22, 4], [23, 9, 24, 8], [1, 6, 2, 7], [3, 12, 4, 13], [5, 11, 6, 10], [7, 14, 8, 15]]"
12a_0868_46,"[[7, 14, 8, 15], [9, 17, 10, 16], [11, 21, 12, 20], [13, 18, 14, 19], [15, 24, 16, 1], [17, 23, 18, 22], [19, 2, 20, 3], [21, 5, 22, 4], [23, 9, 24, 8], [1, 6, 2, 7], [3, 12, 4, 13], [5, 11, 6, 10]]"
12a_0868_47,"[[5, 11, 6, 10], [7, 14, 8, 15], [9, 17, 10, 16], [11, 21, 12, 20], [13, 18, 14, 19], [15, 24, 16, 1], [17, 23, 18, 22], [19, 2, 20, 3], [21, 5, 22, 4], [23, 9, 24, 8], [1, 6, 2, 7], [3, 12, 4, 13]]"
12a_0868_48,"[[4, 13, 5, 14], [6, 12, 7, 11], [8, 15, 9, 16], [10, 18, 11, 17], [12, 22, 13, 21], [14, 19, 15, 20], [16, 1, 17, 2], [18, 24, 19, 23], [20, 3, 21, 4], [22, 6, 23, 5], [24, 10, 1, 9], [2, 7, 3, 8]]"
12a_0868_49,"[[2, 7, 3, 8], [4, 13, 5, 14], [6, 12, 7, 11], [8, 15, 9, 16], [10, 18, 11, 17], [12, 22, 13, 21], [14, 19, 15, 20], [16, 1, 17, 2], [18, 24, 19, 23], [20, 3, 21, 4], [22, 6, 23, 5], [24, 10, 1, 9]]"
12a_0868_50,"[[24, 10, 1, 9], [2, 7, 3, 8], [4, 13, 5, 14], [6, 12, 7, 11], [8, 15, 9, 16], [10, 18, 11, 17], [12, 22, 13, 21], [14, 19, 15, 20], [16, 1, 17, 2], [18, 24, 19, 23], [20, 3, 21, 4], [22, 6, 23, 5]]"
12a_0868_51,"[[22, 6, 23, 5], [24, 10, 1, 9], [2, 7, 3, 8], [4, 13, 5, 14], [6, 12, 7, 11], [8, 15, 9, 16], [10, 18, 11, 17], [12, 22, 13, 21], [14, 19, 15, 20], [16, 1, 17, 2], [18, 24, 19, 23], [20, 3, 21, 4]]"
12a_0868_52,"[[20, 3, 21, 4], [22, 6, 23, 5], [24, 10, 1, 9], [2, 7, 3, 8], [4, 13, 5, 14], [6, 12, 7, 11], [8, 15, 9, 16], [10, 18, 11, 17], [12, 22, 13, 21], [14, 19, 15, 20], [16, 1, 17, 2], [18, 24, 19, 23]]"
12a_0868_53,"[[18, 24, 19, 23], [20, 3, 21, 4], [22, 6, 23, 5], [24, 10, 1, 9], [2, 7, 3, 8], [4, 13, 5, 14], [6, 12, 7, 11], [8, 15, 9, 16], [10, 18, 11, 17], [12, 22, 13, 21], [14, 19, 15, 20], [16, 1, 17, 2]]"
12a_0868_54,"[[16, 1, 17, 2], [18, 24, 19, 23], [20, 3, 21, 4], [22, 6, 23, 5], [24, 10, 1, 9], [2, 7, 3, 8], [4, 13, 5, 14], [6, 12, 7, 11], [8, 15, 9, 16], [10, 18, 11, 17], [12, 22, 13, 21], [14, 19, 15, 20]]"
12a_0868_55,"[[14, 19, 15, 20], [16, 1, 17, 2], [18, 24, 19, 23], [20, 3, 21, 4], [22, 6, 23, 5], [24, 10, 1, 9], [2, 7, 3, 8], [4, 13, 5, 14], [6, 12, 7, 11], [8, 15, 9, 16], [10, 18, 11, 17], [12, 22, 13, 21]]"
12a_0868_56,"[[12, 22, 13, 21], [14, 19, 15, 20], [16, 1, 17, 2], [18, 24, 19, 23], [20, 3, 21, 4], [22, 6, 23, 5], [24, 10, 1, 9], [2, 7, 3, 8], [4, 13, 5, 14], [6, 12, 7, 11], [8, 15, 9, 16], [10, 18, 11, 17]]"
12a_0868_57,"[[10, 18, 11, 17], [12, 22, 13, 21], [14, 19, 15, 20], [16, 1, 17, 2], [18, 24, 19, 23], [20, 3, 21, 4], [22, 6, 23, 5], [24, 10, 1, 9], [2, 7, 3, 8], [4, 13, 5, 14], [6, 12, 7, 11], [8, 15, 9, 16]]"
12a_0868_58,"[[8, 15, 9, 16], [10, 18, 11, 17], [12, 22, 13, 21], [14, 19, 15, 20], [16, 1, 17, 2], [18, 24, 19, 23], [20, 3, 21, 4], [22, 6, 23, 5], [24, 10, 1, 9], [2, 7, 3, 8], [4, 13, 5, 14], [6, 12, 7, 11]]"
12a_0868_59,"[[6, 12, 7, 11], [8, 15, 9, 16], [10, 18, 11, 17], [12, 22, 13, 21], [14, 19, 15, 20], [16, 1, 17, 2], [18, 24, 19, 23], [20, 3, 21, 4], [22, 6, 23, 5], [24, 10, 1, 9], [2, 7, 3, 8], [4, 13, 5, 14]]"
12a_0868_60,"[[5, 14, 6, 15], [7, 13, 8, 12], [9, 16, 10, 17], [11, 19, 12, 18], [13, 23, 14, 22], [15, 20, 16, 21], [17, 2, 18, 3], [19, 1, 20, 24], [21, 4, 22, 5], [23, 7, 24, 6], [1, 11, 2, 10], [3, 8, 4, 9]]"
12a_0868_61,"[[3, 8, 4, 9], [5, 14, 6, 15], [7, 13, 8, 12], [9, 16, 10, 17], [11, 19, 12, 18], [13, 23, 14, 22], [15, 20, 16, 21], [17, 2, 18, 3], [19, 1, 20, 24], [21, 4, 22, 5], [23, 7, 24, 6], [1, 11, 2, 10]]"
12a_0868_62,"[[1, 11, 2, 10], [3, 8, 4, 9], [5, 14, 6, 15], [7, 13, 8, 12], [9, 16, 10, 17], [11, 19, 12, 18], [13, 23, 14, 22], [15, 20, 16, 21], [17, 2, 18, 3], [19, 1, 20, 24], [21, 4, 22, 5], [23, 7, 24, 6]]"
12a_0868_63,"[[23, 7, 24, 6], [1, 11, 2, 10], [3, 8, 4, 9], [5, 14, 6, 15], [7, 13, 8, 12], [9, 16, 10, 17], [11, 19, 12, 18], [13, 23, 14, 22], [15, 20, 16, 21], [17, 2, 18, 3], [19, 1, 20, 24], [21, 4, 22, 5]]"
12a_0868_64,"[[21, 4, 22, 5], [23, 7, 24, 6], [1, 11, 2, 10], [3, 8, 4, 9], [5, 14, 6, 15], [7, 13, 8, 12], [9, 16, 10, 17], [11, 19, 12, 18], [13, 23, 14, 22], [15, 20, 16, 21], [17, 2, 18, 3], [19, 1, 20, 24]]"
12a_0868_65,"[[19, 1, 20, 24], [21, 4, 22, 5], [23, 7, 24, 6], [1, 11, 2, 10], [3, 8, 4, 9], [5, 14, 6, 15], [7, 13, 8, 12], [9, 16, 10, 17], [11, 19, 12, 18], [13, 23, 14, 22], [15, 20, 16, 21], [17, 2, 18, 3]]"
12a_0868_66,"[[17, 2, 18, 3], [19, 1, 20, 24], [21, 4, 22, 5], [23, 7, 24, 6], [1, 11, 2, 10], [3, 8, 4, 9], [5, 14, 6, 15], [7, 13, 8, 12], [9, 16, 10, 17], [11, 19, 12, 18], [13, 23, 14, 22], [15, 20, 16, 21]]"
12a_0868_67,"[[15, 20, 16, 21], [17, 2, 18, 3], [19, 1, 20, 24], [21, 4, 22, 5], [23, 7, 24, 6], [1, 11, 2, 10], [3, 8, 4, 9], [5, 14, 6, 15], [7, 13, 8, 12], [9, 16, 10, 17], [11, 19, 12, 18], [13, 23, 14, 22]]"
12a_0868_68,"[[13, 23, 14, 22], [15, 20, 16, 21], [17, 2, 18, 3], [19, 1, 20, 24], [21, 4, 22, 5], [23, 7, 24, 6], [1, 11, 2, 10], [3, 8, 4, 9], [5, 14, 6, 15], [7, 13, 8, 12], [9, 16, 10, 17], [11, 19, 12, 18]]"
12a_0868_69,"[[11, 19, 12, 18], [13, 23, 14, 22], [15, 20, 16, 21], [17, 2, 18, 3], [19, 1, 20, 24], [21, 4, 22, 5], [23, 7, 24, 6], [1, 11, 2, 10], [3, 8, 4, 9], [5, 14, 6, 15], [7, 13, 8, 12], [9, 16, 10, 17]]"
12a_0868_70,"[[9, 16, 10, 17], [11, 19, 12, 18], [13, 23, 14, 22], [15, 20, 16, 21], [17, 2, 18, 3], [19, 1, 20, 24], [21, 4, 22, 5], [23, 7, 24, 6], [1, 11, 2, 10], [3, 8, 4, 9], [5, 14, 6, 15], [7, 13, 8, 12]]"
12a_0868_71,"[[7, 13, 8, 12], [9, 16, 10, 17], [11, 19, 12, 18], [13, 23, 14, 22], [15, 20, 16, 21], [17, 2, 18, 3], [19, 1, 20, 24], [21, 4, 22, 5], [23, 7, 24, 6], [1, 11, 2, 10], [3, 8, 4, 9], [5, 14, 6, 15]]"
12a_0868_72,"[[6, 15, 7, 16], [8, 14, 9, 13], [10, 17, 11, 18], [12, 20, 13, 19], [14, 24, 15, 23], [16, 21, 17, 22], [18, 3, 19, 4], [20, 2, 21, 1], [22, 5, 23, 6], [24, 8, 1, 7], [2, 12, 3, 11], [4, 9, 5, 10]]"
12a_0868_73,"[[4, 9, 5, 10], [6, 15, 7, 16], [8, 14, 9, 13], [10, 17, 11, 18], [12, 20, 13, 19], [14, 24, 15, 23], [16, 21, 17, 22], [18, 3, 19, 4], [20, 2, 21, 1], [22, 5, 23, 6], [24, 8, 1, 7], [2, 12, 3, 11]]"
12a_0868_74,"[[2, 12, 3, 11], [4, 9, 5, 10], [6, 15, 7, 16], [8, 14, 9, 13], [10, 17, 11, 18], [12, 20, 13, 19], [14, 24, 15, 23], [16, 21, 17, 22], [18, 3, 19, 4], [20, 2, 21, 1], [22, 5, 23, 6], [24, 8, 1, 7]]"
12a_0868_75,"[[24, 8, 1, 7], [2, 12, 3, 11], [4, 9, 5, 10], [6, 15, 7, 16], [8, 14, 9, 13], [10, 17, 11, 18], [12, 20, 13, 19], [14, 24, 15, 23], [16, 21, 17, 22], [18, 3, 19, 4], [20, 2, 21, 1], [22, 5, 23, 6]]"
12a_0868_76,"[[22, 5, 23, 6], [24, 8, 1, 7], [2, 12, 3, 11], [4, 9, 5, 10], [6, 15, 7, 16], [8, 14, 9, 13], [10, 17, 11, 18], [12, 20, 13, 19], [14, 24, 15, 23], [16, 21, 17, 22], [18, 3, 19, 4], [20, 2, 21, 1]]"
12a_0868_77,"[[20, 2, 21, 1], [22, 5, 23, 6], [24, 8, 1, 7], [2, 12, 3, 11], [4, 9, 5, 10], [6, 15, 7, 16], [8, 14, 9, 13], [10, 17, 11, 18], [12, 20, 13, 19], [14, 24, 15, 23], [16, 21, 17, 22], [18, 3, 19, 4]]"
12a_0868_78,"[[18, 3, 19, 4], [20, 2, 21, 1], [22, 5, 23, 6], [24, 8, 1, 7], [2, 12, 3, 11], [4, 9, 5, 10], [6, 15, 7, 16], [8, 14, 9, 13], [10, 17, 11, 18], [12, 20, 13, 19], [14, 24, 15, 23], [16, 21, 17, 22]]"
12a_0868_79,"[[16, 21, 17, 22], [18, 3, 19, 4], [20, 2, 21, 1], [22, 5, 23, 6], [24, 8, 1, 7], [2, 12, 3, 11], [4, 9, 5, 10], [6, 15, 7, 16], [8, 14, 9, 13], [10, 17, 11, 18], [12, 20, 13, 19], [14, 24, 15, 23]]"
12a_0868_80,"[[14, 24, 15, 23], [16, 21, 17, 22], [18, 3, 19, 4], [20, 2, 21, 1], [22, 5, 23, 6], [24, 8, 1, 7], [2, 12, 3, 11], [4, 9, 5, 10], [6, 15, 7, 16], [8, 14, 9, 13], [10, 17, 11, 18], [12, 20, 13, 19]]"
12a_0868_81,"[[12, 20, 13, 19], [14, 24, 15, 23], [16, 21, 17, 22], [18, 3, 19, 4], [20, 2, 21, 1], [22, 5, 23, 6], [24, 8, 1, 7], [2, 12, 3, 11], [4, 9, 5, 10], [6, 15, 7, 16], [8, 14, 9, 13], [10, 17, 11, 18]]"
12a_0868_82,"[[10, 17, 11, 18], [12, 20, 13, 19], [14, 24, 15, 23], [16, 21, 17, 22], [18, 3, 19, 4], [20, 2, 21, 1], [22, 5, 23, 6], [24, 8, 1, 7], [2, 12, 3, 11], [4, 9, 5, 10], [6, 15, 7, 16], [8, 14, 9, 13]]"
12a_0868_83,"[[8, 14, 9, 13], [10, 17, 11, 18], [12, 20, 13, 19], [14, 24, 15, 23], [16, 21, 17, 22], [18, 3, 19, 4], [20, 2, 21, 1], [22, 5, 23, 6], [24, 8, 1, 7], [2, 12, 3, 11], [4, 9, 5, 10], [6, 15, 7, 16]]"
12a_0868_84,"[[7, 16, 8, 17], [9, 15, 10, 14], [11, 18, 12, 19], [13, 21, 14, 20], [15, 1, 16, 24], [17, 22, 18, 23], [19, 4, 20, 5], [21, 3, 22, 2], [23, 6, 24, 7], [1, 9, 2, 8], [3, 13, 4, 12], [5, 10, 6, 11]]"
12a_0868_85,"[[5, 10, 6, 11], [7, 16, 8, 17], [9, 15, 10, 14], [11, 18, 12, 19], [13, 21, 14, 20], [15, 1, 16, 24], [17, 22, 18, 23], [19, 4, 20, 5], [21, 3, 22, 2], [23, 6, 24, 7], [1, 9, 2, 8], [3, 13, 4, 12]]"
12a_0868_86,"[[3, 13, 4, 12], [5, 10, 6, 11], [7, 16, 8, 17], [9, 15, 10, 14], [11, 18, 12, 19], [13, 21, 14, 20], [15, 1, 16, 24], [17, 22, 18, 23], [19, 4, 20, 5], [21, 3, 22, 2], [23, 6, 24, 7], [1, 9, 2, 8]]"
12a_0868_87,"[[1, 9, 2, 8], [3, 13, 4, 12], [5, 10, 6, 11], [7, 16, 8, 17], [9, 15, 10, 14], [11, 18, 12, 19], [13, 21, 14, 20], [15, 1, 16, 24], [17, 22, 18, 23], [19, 4, 20, 5], [21, 3, 22, 2], [23, 6, 24, 7]]"
12a_0868_88,"[[23, 6, 24, 7], [1, 9, 2, 8], [3, 13, 4, 12], [5, 10, 6, 11], [7, 16, 8, 17], [9, 15, 10, 14], [11, 18, 12, 19], [13, 21, 14, 20], [15, 1, 16, 24], [17, 22, 18, 23], [19, 4, 20, 5], [21, 3, 22, 2]]"
12a_0868_89,"[[21, 3, 22, 2], [23, 6, 24, 7], [1, 9, 2, 8], [3, 13, 4, 12], [5, 10, 6, 11], [7, 16, 8, 17], [9, 15, 10, 14], [11, 18, 12, 19], [13, 21, 14, 20], [15, 1, 16, 24], [17, 22, 18, 23], [19, 4, 20, 5]]"
12a_0868_90,"[[19, 4, 20, 5], [21, 3, 22, 2], [23, 6, 24, 7], [1, 9, 2, 8], [3, 13, 4, 12], [5, 10, 6, 11], [7, 16, 8, 17], [9, 15, 10, 14], [11, 18, 12, 19], [13, 21, 14, 20], [15, 1, 16, 24], [17, 22, 18, 23]]"
12a_0868_91,"[[17, 22, 18, 23], [19, 4, 20, 5], [21, 3, 22, 2], [23, 6, 24, 7], [1, 9, 2, 8], [3, 13, 4, 12], [5, 10, 6, 11], [7, 16, 8, 17], [9, 15, 10, 14], [11, 18, 12, 19], [13, 21, 14, 20], [15, 1, 16, 24]]"
12a_0868_92,"[[15, 1, 16, 24], [17, 22, 18, 23], [19, 4, 20, 5], [21, 3, 22, 2], [23, 6, 24, 7], [1, 9, 2, 8], [3, 13, 4, 12], [5, 10, 6, 11], [7, 16, 8, 17], [9, 15, 10, 14], [11, 18, 12, 19], [13, 21, 14, 20]]"
12a_0868_93,"[[13, 21, 14, 20], [15, 1, 16, 24], [17, 22, 18, 23], [19, 4, 20, 5], [21, 3, 22, 2], [23, 6, 24, 7], [1, 9, 2, 8], [3, 13, 4, 12], [5, 10, 6, 11], [7, 16, 8, 17], [9, 15, 10, 14], [11, 18, 12, 19]]"
12a_0868_94,"[[11, 18, 12, 19], [13, 21, 14, 20], [15, 1, 16, 24], [17, 22, 18, 23], [19, 4, 20, 5], [21, 3, 22, 2], [23, 6, 24, 7], [1, 9, 2, 8], [3, 13, 4, 12], [5, 10, 6, 11], [7, 16, 8, 17], [9, 15, 10, 14]]"
12a_0868_95,"[[9, 15, 10, 14], [11, 18, 12, 19], [13, 21, 14, 20], [15, 1, 16, 24], [17, 22, 18, 23], [19, 4, 20, 5], [21, 3, 22, 2], [23, 6, 24, 7], [1, 9, 2, 8], [3, 13, 4, 12], [5, 10, 6, 11], [7, 16, 8, 17]]"
12a_0868_96,"[[8, 17, 9, 18], [10, 16, 11, 15], [12, 19, 13, 20], [14, 22, 15, 21], [16, 2, 17, 1], [18, 23, 19, 24], [20, 5, 21, 6], [22, 4, 23, 3], [24, 7, 1, 8], [2, 10, 3, 9], [4, 14, 5, 13], [6, 11, 7, 12]]"
12a_0868_97,"[[6, 11, 7, 12], [8, 17, 9, 18], [10, 16, 11, 15], [12, 19, 13, 20], [14, 22, 15, 21], [16, 2, 17, 1], [18, 23, 19, 24], [20, 5, 21, 6], [22, 4, 23, 3], [24, 7, 1, 8], [2, 10, 3, 9], [4, 14, 5, 13]]"
12a_0868_98,"[[4, 14, 5, 13], [6, 11, 7, 12], [8, 17, 9, 18], [10, 16, 11, 15], [12, 19, 13, 20], [14, 22, 15, 21], [16, 2, 17, 1], [18, 23, 19, 24], [20, 5, 21, 6], [22, 4, 23, 3], [24, 7, 1, 8], [2, 10, 3, 9]]"
12a_0868_99,"[[2, 10, 3, 9], [4, 14, 5, 13], [6, 11, 7, 12], [8, 17, 9, 18], [10, 16, 11, 15], [12, 19, 13, 20], [14, 22, 15, 21], [16, 2, 17, 1], [18, 23, 19, 24], [20, 5, 21, 6], [22, 4, 23, 3], [24, 7, 1, 8]]"
12a_0868_100,"[[24, 7, 1, 8], [2, 10, 3, 9], [4, 14, 5, 13], [6, 11, 7, 12], [8, 17, 9, 18], [10, 16, 11, 15], [12, 19, 13, 20], [14, 22, 15, 21], [16, 2, 17, 1], [18, 23, 19, 24], [20, 5, 21, 6], [22, 4, 23, 3]]"
12a_0868_101,"[[22, 4, 23, 3], [24, 7, 1, 8], [2, 10, 3, 9], [4, 14, 5, 13], [6, 11, 7, 12], [8, 17, 9, 18], [10, 16, 11, 15], [12, 19, 13, 20], [14, 22, 15, 21], [16, 2, 17, 1], [18, 23, 19, 24], [20, 5, 21, 6]]"
12a_0868_102,"[[20, 5, 21, 6], [22, 4, 23, 3], [24, 7, 1, 8], [2, 10, 3, 9], [4, 14, 5, 13], [6, 11, 7, 12], [8, 17, 9, 18], [10, 16, 11, 15], [12, 19, 13, 20], [14, 22, 15, 21], [16, 2, 17, 1], [18, 23, 19, 24]]"
12a_0868_103,"[[18, 23, 19, 24], [20, 5, 21, 6], [22, 4, 23, 3], [24, 7, 1, 8], [2, 10, 3, 9], [4, 14, 5, 13], [6, 11, 7, 12], [8, 17, 9, 18], [10, 16, 11, 15], [12, 19, 13, 20], [14, 22, 15, 21], [16, 2, 17, 1]]"
12a_0868_104,"[[16, 2, 17, 1], [18, 23, 19, 24], [20, 5, 21, 6], [22, 4, 23, 3], [24, 7, 1, 8], [2, 10, 3, 9], [4, 14, 5, 13], [6, 11, 7, 12], [8, 17, 9, 18], [10, 16, 11, 15], [12, 19, 13, 20], [14, 22, 15, 21]]"
12a_0868_105,"[[14, 22, 15, 21], [16, 2, 17, 1], [18, 23, 19, 24], [20, 5, 21, 6], [22, 4, 23, 3], [24, 7, 1, 8], [2, 10, 3, 9], [4, 14, 5, 13], [6, 11, 7, 12], [8, 17, 9, 18], [10, 16, 11, 15], [12, 19, 13, 20]]"
12a_0868_106,"[[12, 19, 13, 20], [14, 22, 15, 21], [16, 2, 17, 1], [18, 23, 19, 24], [20, 5, 21, 6], [22, 4, 23, 3], [24, 7, 1, 8], [2, 10, 3, 9], [4, 14, 5, 13], [6, 11, 7, 12], [8, 17, 9, 18], [10, 16, 11, 15]]"
12a_0868_107,"[[10, 16, 11, 15], [12, 19, 13, 20], [14, 22, 15, 21], [16, 2, 17, 1], [18, 23, 19, 24], [20, 5, 21, 6], [22, 4, 23, 3], [24, 7, 1, 8], [2, 10, 3, 9], [4, 14, 5, 13], [6, 11, 7, 12], [8, 17, 9, 18]]"
12a_0868_108,"[[9, 18, 10, 19], [11, 17, 12, 16], [13, 20, 14, 21], [15, 23, 16, 22], [17, 3, 18, 2], [19, 24, 20, 1], [21, 6, 22, 7], [23, 5, 24, 4], [1, 8, 2, 9], [3, 11, 4, 10], [5, 15, 6, 14], [7, 12, 8, 13]]"
12a_0868_109,"[[7, 12, 8, 13], [9, 18, 10, 19], [11, 17, 12, 16], [13, 20, 14, 21], [15, 23, 16, 22], [17, 3, 18, 2], [19, 24, 20, 1], [21, 6, 22, 7], [23, 5, 24, 4], [1, 8, 2, 9], [3, 11, 4, 10], [5, 15, 6, 14]]"
12a_0868_110,"[[5, 15, 6, 14], [7, 12, 8, 13], [9, 18, 10, 19], [11, 17, 12, 16], [13, 20, 14, 21], [15, 23, 16, 22], [17, 3, 18, 2], [19, 24, 20, 1], [21, 6, 22, 7], [23, 5, 24, 4], [1, 8, 2, 9], [3, 11, 4, 10]]"
12a_0868_111,"[[3, 11, 4, 10], [5, 15, 6, 14], [7, 12, 8, 13], [9, 18, 10, 19], [11, 17, 12, 16], [13, 20, 14, 21], [15, 23, 16, 22], [17, 3, 18, 2], [19, 24, 20, 1], [21, 6, 22, 7], [23, 5, 24, 4], [1, 8, 2, 9]]"
12a_0868_112,"[[1, 8, 2, 9], [3, 11, 4, 10], [5, 15, 6, 14], [7, 12, 8, 13], [9, 18, 10, 19], [11, 17, 12, 16], [13, 20, 14, 21], [15, 23, 16, 22], [17, 3, 18, 2], [19, 24, 20, 1], [21, 6, 22, 7], [23, 5, 24, 4]]"
12a_0868_113,"[[23, 5, 24, 4], [1, 8, 2, 9], [3, 11, 4, 10], [5, 15, 6, 14], [7, 12, 8, 13], [9, 18, 10, 19], [11, 17, 12, 16], [13, 20, 14, 21], [15, 23, 16, 22], [17, 3, 18, 2], [19, 24, 20, 1], [21, 6, 22, 7]]"
12a_0868_114,"[[21, 6, 22, 7], [23, 5, 24, 4], [1, 8, 2, 9], [3, 11, 4, 10], [5, 15, 6, 14], [7, 12, 8, 13], [9, 18, 10, 19], [11, 17, 12, 16], [13, 20, 14, 21], [15, 23, 16, 22], [17, 3, 18, 2], [19, 24, 20, 1]]"
12a_0868_115,"[[19, 24, 20, 1], [21, 6, 22, 7], [23, 5, 24, 4], [1, 8, 2, 9], [3, 11, 4, 10], [5, 15, 6, 14], [7, 12, 8, 13], [9, 18, 10, 19], [11, 17, 12, 16], [13, 20, 14, 21], [15, 23, 16, 22], [17, 3, 18, 2]]"
12a_0868_116,"[[17, 3, 18, 2], [19, 24, 20, 1], [21, 6, 22, 7], [23, 5, 24, 4], [1, 8, 2, 9], [3, 11, 4, 10], [5, 15, 6, 14], [7, 12, 8, 13], [9, 18, 10, 19], [11, 17, 12, 16], [13, 20, 14, 21], [15, 23, 16, 22]]"
12a_0868_117,"[[15, 23, 16, 22], [17, 3, 18, 2], [19, 24, 20, 1], [21, 6, 22, 7], [23, 5, 24, 4], [1, 8, 2, 9], [3, 11, 4, 10], [5, 15, 6, 14], [7, 12, 8, 13], [9, 18, 10, 19], [11, 17, 12, 16], [13, 20, 14, 21]]"
12a_0868_118,"[[13, 20, 14, 21], [15, 23, 16, 22], [17, 3, 18, 2], [19, 24, 20, 1], [21, 6, 22, 7], [23, 5, 24, 4], [1, 8, 2, 9], [3, 11, 4, 10], [5, 15, 6, 14], [7, 12, 8, 13], [9, 18, 10, 19], [11, 17, 12, 16]]"
12a_0868_119,"[[11, 17, 12, 16], [13, 20, 14, 21], [15, 23, 16, 22], [17, 3, 18, 2], [19, 24, 20, 1], [21, 6, 22, 7], [23, 5, 24, 4], [1, 8, 2, 9], [3, 11, 4, 10], [5, 15, 6, 14], [7, 12, 8, 13], [9, 18, 10, 19]]"
12a_0868_120,"[[10, 19, 11, 20], [12, 18, 13, 17], [14, 21, 15, 22], [16, 24, 17, 23], [18, 4, 19, 3], [20, 1, 21, 2], [22, 7, 23, 8], [24, 6, 1, 5], [2, 9, 3, 10], [4, 12, 5, 11], [6, 16, 7, 15], [8, 13, 9, 14]]"
12a_0868_121,"[[8, 13, 9, 14], [10, 19, 11, 20], [12, 18, 13, 17], [14, 21, 15, 22], [16, 24, 17, 23], [18, 4, 19, 3], [20, 1, 21, 2], [22, 7, 23, 8], [24, 6, 1, 5], [2, 9, 3, 10], [4, 12, 5, 11], [6, 16, 7, 15]]"
12a_0868_122,"[[6, 16, 7, 15], [8, 13, 9, 14], [10, 19, 11, 20], [12, 18, 13, 17], [14, 21, 15, 22], [16, 24, 17, 23], [18, 4, 19, 3], [20, 1, 21, 2], [22, 7, 23, 8], [24, 6, 1, 5], [2, 9, 3, 10], [4, 12, 5, 11]]"
12a_0868_123,"[[4, 12, 5, 11], [6, 16, 7, 15], [8, 13, 9, 14], [10, 19, 11, 20], [12, 18, 13, 17], [14, 21, 15, 22], [16, 24, 17, 23], [18, 4, 19, 3], [20, 1, 21, 2], [22, 7, 23, 8], [24, 6, 1, 5], [2, 9, 3, 10]]"
12a_0868_124,"[[2, 9, 3, 10], [4, 12, 5, 11], [6, 16, 7, 15], [8, 13, 9, 14], [10, 19, 11, 20], [12, 18, 13, 17], [14, 21, 15, 22], [16, 24, 17, 23], [18, 4, 19, 3], [20, 1, 21, 2], [22, 7, 23, 8], [24, 6, 1, 5]]"
12a_0868_125,"[[24, 6, 1, 5], [2, 9, 3, 10], [4, 12, 5, 11], [6, 16, 7, 15], [8, 13, 9, 14], [10, 19, 11, 20], [12, 18, 13, 17], [14, 21, 15, 22], [16, 24, 17, 23], [18, 4, 19, 3], [20, 1, 21, 2], [22, 7, 23, 8]]"
12a_0868_126,"[[22, 7, 23, 8], [24, 6, 1, 5], [2, 9, 3, 10], [4, 12, 5, 11], [6, 16, 7, 15], [8, 13, 9, 14], [10, 19, 11, 20], [12, 18, 13, 17], [14, 21, 15, 22], [16, 24, 17, 23], [18, 4, 19, 3], [20, 1, 21, 2]]"
12a_0868_127,"[[20, 1, 21, 2], [22, 7, 23, 8], [24, 6, 1, 5], [2, 9, 3, 10], [4, 12, 5, 11], [6, 16, 7, 15], [8, 13, 9, 14], [10, 19, 11, 20], [12, 18, 13, 17], [14, 21, 15, 22], [16, 24, 17, 23], [18, 4, 19, 3]]"
12a_0868_128,"[[18, 4, 19, 3], [20, 1, 21, 2], [22, 7, 23, 8], [24, 6, 1, 5], [2, 9, 3, 10], [4, 12, 5, 11], [6, 16, 7, 15], [8, 13, 9, 14], [10, 19, 11, 20], [12, 18, 13, 17], [14, 21, 15, 22], [16, 24, 17, 23]]"
12a_0868_129,"[[16, 24, 17, 23], [18, 4, 19, 3], [20, 1, 21, 2], [22, 7, 23, 8], [24, 6, 1, 5], [2, 9, 3, 10], [4, 12, 5, 11], [6, 16, 7, 15], [8, 13, 9, 14], [10, 19, 11, 20], [12, 18, 13, 17], [14, 21, 15, 22]]"
12a_0868_130,"[[14, 21, 15, 22], [16, 24, 17, 23], [18, 4, 19, 3], [20, 1, 21, 2], [22, 7, 23, 8], [24, 6, 1, 5], [2, 9, 3, 10], [4, 12, 5, 11], [6, 16, 7, 15], [8, 13, 9, 14], [10, 19, 11, 20], [12, 18, 13, 17]]"
12a_0868_131,"[[12, 18, 13, 17], [14, 21, 15, 22], [16, 24, 17, 23], [18, 4, 19, 3], [20, 1, 21, 2], [22, 7, 23, 8], [24, 6, 1, 5], [2, 9, 3, 10], [4, 12, 5, 11], [6, 16, 7, 15], [8, 13, 9, 14], [10, 19, 11, 20]]"
12a_0868_132,"[[11, 20, 12, 21], [13, 19, 14, 18], [15, 22, 16, 23], [17, 1, 18, 24], [19, 5, 20, 4], [21, 2, 22, 3], [23, 8, 24, 9], [1, 7, 2, 6], [3, 10, 4, 11], [5, 13, 6, 12], [7, 17, 8, 16], [9, 14, 10, 15]]"
12a_0868_133,"[[9, 14, 10, 15], [11, 20, 12, 21], [13, 19, 14, 18], [15, 22, 16, 23], [17, 1, 18, 24], [19, 5, 20, 4], [21, 2, 22, 3], [23, 8, 24, 9], [1, 7, 2, 6], [3, 10, 4, 11], [5, 13, 6, 12], [7, 17, 8, 16]]"
12a_0868_134,"[[7, 17, 8, 16], [9, 14, 10, 15], [11, 20, 12, 21], [13, 19, 14, 18], [15, 22, 16, 23], [17, 1, 18, 24], [19, 5, 20, 4], [21, 2, 22, 3], [23, 8, 24, 9], [1, 7, 2, 6], [3, 10, 4, 11], [5, 13, 6, 12]]"
12a_0868_135,"[[5, 13, 6, 12], [7, 17, 8, 16], [9, 14, 10, 15], [11, 20, 12, 21], [13, 19, 14, 18], [15, 22, 16, 23], [17, 1, 18, 24], [19, 5, 20, 4], [21, 2, 22, 3], [23, 8, 24, 9], [1, 7, 2, 6], [3, 10, 4, 11]]"
12a_0868_136,"[[3, 10, 4, 11], [5, 13, 6, 12], [7, 17, 8, 16], [9, 14, 10, 15], [11, 20, 12, 21], [13, 19, 14, 18], [15, 22, 16, 23], [17, 1, 18, 24], [19, 5, 20, 4], [21, 2, 22, 3], [23, 8, 24, 9], [1, 7, 2, 6]]"
12a_0868_137,"[[1, 7, 2, 6], [3, 10, 4, 11], [5, 13, 6, 12], [7, 17, 8, 16], [9, 14, 10, 15], [11, 20, 12, 21], [13, 19, 14, 18], [15, 22, 16, 23], [17, 1, 18, 24], [19, 5, 20, 4], [21, 2, 22, 3], [23, 8, 24, 9]]"
12a_0868_138,"[[23, 8, 24, 9], [1, 7, 2, 6], [3, 10, 4, 11], [5, 13, 6, 12], [7, 17, 8, 16], [9, 14, 10, 15], [11, 20, 12, 21], [13, 19, 14, 18], [15, 22, 16, 23], [17, 1, 18, 24], [19, 5, 20, 4], [21, 2, 22, 3]]"
12a_0868_139,"[[21, 2, 22, 3], [23, 8, 24, 9], [1, 7, 2, 6], [3, 10, 4, 11], [5, 13, 6, 12], [7, 17, 8, 16], [9, 14, 10, 15], [11, 20, 12, 21], [13, 19, 14, 18], [15, 22, 16, 23], [17, 1, 18, 24], [19, 5, 20, 4]]"
12a_0868_140,"[[19, 5, 20, 4], [21, 2, 22, 3], [23, 8, 24, 9], [1, 7, 2, 6], [3, 10, 4, 11], [5, 13, 6, 12], [7, 17, 8, 16], [9, 14, 10, 15], [11, 20, 12, 21], [13, 19, 14, 18], [15, 22, 16, 23], [17, 1, 18, 24]]"
12a_0868_141,"[[17, 1, 18, 24], [19, 5, 20, 4], [21, 2, 22, 3], [23, 8, 24, 9], [1, 7, 2, 6], [3, 10, 4, 11], [5, 13, 6, 12], [7, 17, 8, 16], [9, 14, 10, 15], [11, 20, 12, 21], [13, 19, 14, 18], [15, 22, 16, 23]]"
12a_0868_142,"[[15, 22, 16, 23], [17, 1, 18, 24], [19, 5, 20, 4], [21, 2, 22, 3], [23, 8, 24, 9], [1, 7, 2, 6], [3, 10, 4, 11], [5, 13, 6, 12], [7, 17, 8, 16], [9, 14, 10, 15], [11, 20, 12, 21], [13, 19, 14, 18]]"
12a_0868_143,"[[13, 19, 14, 18], [15, 22, 16, 23], [17, 1, 18, 24], [19, 5, 20, 4], [21, 2, 22, 3], [23, 8, 24, 9], [1, 7, 2, 6], [3, 10, 4, 11], [5, 13, 6, 12], [7, 17, 8, 16], [9, 14, 10, 15], [11, 20, 12, 21]]"
12a_0868_144,"[[12, 21, 13, 22], [14, 20, 15, 19], [16, 23, 17, 24], [18, 2, 19, 1], [20, 6, 21, 5], [22, 3, 23, 4], [24, 9, 1, 10], [2, 8, 3, 7], [4, 11, 5, 12], [6, 14, 7, 13], [8, 18, 9, 17], [10, 15, 11, 16]]"
12a_0868_145,"[[10, 15, 11, 16], [12, 21, 13, 22], [14, 20, 15, 19], [16, 23, 17, 24], [18, 2, 19, 1], [20, 6, 21, 5], [22, 3, 23, 4], [24, 9, 1, 10], [2, 8, 3, 7], [4, 11, 5, 12], [6, 14, 7, 13], [8, 18, 9, 17]]"
12a_0868_146,"[[8, 18, 9, 17], [10, 15, 11, 16], [12, 21, 13, 22], [14, 20, 15, 19], [16, 23, 17, 24], [18, 2, 19, 1], [20, 6, 21, 5], [22, 3, 23, 4], [24, 9, 1, 10], [2, 8, 3, 7], [4, 11, 5, 12], [6, 14, 7, 13]]"
12a_0868_147,"[[6, 14, 7, 13], [8, 18, 9, 17], [10, 15, 11, 16], [12, 21, 13, 22], [14, 20, 15, 19], [16, 23, 17, 24], [18, 2, 19, 1], [20, 6, 21, 5], [22, 3, 23, 4], [24, 9, 1, 10], [2, 8, 3, 7], [4, 11, 5, 12]]"
12a_0868_148,"[[4, 11, 5, 12], [6, 14, 7, 13], [8, 18, 9, 17], [10, 15, 11, 16], [12, 21, 13, 22], [14, 20, 15, 19], [16, 23, 17, 24], [18, 2, 19, 1], [20, 6, 21, 5], [22, 3, 23, 4], [24, 9, 1, 10], [2, 8, 3, 7]]"
12a_0868_149,"[[2, 8, 3, 7], [4, 11, 5, 12], [6, 14, 7, 13], [8, 18, 9, 17], [10, 15, 11, 16], [12, 21, 13, 22], [14, 20, 15, 19], [16, 23, 17, 24], [18, 2, 19, 1], [20, 6, 21, 5], [22, 3, 23, 4], [24, 9, 1, 10]]"
12a_0868_150,"[[24, 9, 1, 10], [2, 8, 3, 7], [4, 11, 5, 12], [6, 14, 7, 13], [8, 18, 9, 17], [10, 15, 11, 16], [12, 21, 13, 22], [14, 20, 15, 19], [16, 23, 17, 24], [18, 2, 19, 1], [20, 6, 21, 5], [22, 3, 23, 4]]"
12a_0868_151,"[[22, 3, 23, 4], [24, 9, 1, 10], [2, 8, 3, 7], [4, 11, 5, 12], [6, 14, 7, 13], [8, 18, 9, 17], [10, 15, 11, 16], [12, 21, 13, 22], [14, 20, 15, 19], [16, 23, 17, 24], [18, 2, 19, 1], [20, 6, 21, 5]]"
12a_0868_152,"[[20, 6, 21, 5], [22, 3, 23, 4], [24, 9, 1, 10], [2, 8, 3, 7], [4, 11, 5, 12], [6, 14, 7, 13], [8, 18, 9, 17], [10, 15, 11, 16], [12, 21, 13, 22], [14, 20, 15, 19], [16, 23, 17, 24], [18, 2, 19, 1]]"
12a_0868_153,"[[18, 2, 19, 1], [20, 6, 21, 5], [22, 3, 23, 4], [24, 9, 1, 10], [2, 8, 3, 7], [4, 11, 5, 12], [6, 14, 7, 13], [8, 18, 9, 17], [10, 15, 11, 16], [12, 21, 13, 22], [14, 20, 15, 19], [16, 23, 17, 24]]"
12a_0868_154,"[[16, 23, 17, 24], [18, 2, 19, 1], [20, 6, 21, 5], [22, 3, 23, 4], [24, 9, 1, 10], [2, 8, 3, 7], [4, 11, 5, 12], [6, 14, 7, 13], [8, 18, 9, 17], [10, 15, 11, 16], [12, 21, 13, 22], [14, 20, 15, 19]]"
12a_0868_155,"[[14, 20, 15, 19], [16, 23, 17, 24], [18, 2, 19, 1], [20, 6, 21, 5], [22, 3, 23, 4], [24, 9, 1, 10], [2, 8, 3, 7], [4, 11, 5, 12], [6, 14, 7, 13], [8, 18, 9, 17], [10, 15, 11, 16], [12, 21, 13, 22]]"
12a_0868_156,"[[13, 22, 14, 23], [15, 21, 16, 20], [17, 24, 18, 1], [19, 3, 20, 2], [21, 7, 22, 6], [23, 4, 24, 5], [1, 10, 2, 11], [3, 9, 4, 8], [5, 12, 6, 13], [7, 15, 8, 14], [9, 19, 10, 18], [11, 16, 12, 17]]"
12a_0868_157,"[[11, 16, 12, 17], [13, 22, 14, 23], [15, 21, 16, 20], [17, 24, 18, 1], [19, 3, 20, 2], [21, 7, 22, 6], [23, 4, 24, 5], [1, 10, 2, 11], [3, 9, 4, 8], [5, 12, 6, 13], [7, 15, 8, 14], [9, 19, 10, 18]]"
12a_0868_158,"[[9, 19, 10, 18], [11, 16, 12, 17], [13, 22, 14, 23], [15, 21, 16, 20], [17, 24, 18, 1], [19, 3, 20, 2], [21, 7, 22, 6], [23, 4, 24, 5], [1, 10, 2, 11], [3, 9, 4, 8], [5, 12, 6, 13], [7, 15, 8, 14]]"
12a_0868_159,"[[7, 15, 8, 14], [9, 19, 10, 18], [11, 16, 12, 17], [13, 22, 14, 23], [15, 21, 16, 20], [17, 24, 18, 1], [19, 3, 20, 2], [21, 7, 22, 6], [23, 4, 24, 5], [1, 10, 2, 11], [3, 9, 4, 8], [5, 12, 6, 13]]"
12a_0868_160,"[[5, 12, 6, 13], [7, 15, 8, 14], [9, 19, 10, 18], [11, 16, 12, 17], [13, 22, 14, 23], [15, 21, 16, 20], [17, 24, 18, 1], [19, 3, 20, 2], [21, 7, 22, 6], [23, 4, 24, 5], [1, 10, 2, 11], [3, 9, 4, 8]]"
12a_0868_161,"[[3, 9, 4, 8], [5, 12, 6, 13], [7, 15, 8, 14], [9, 19, 10, 18], [11, 16, 12, 17], [13, 22, 14, 23], [15, 21, 16, 20], [17, 24, 18, 1], [19, 3, 20, 2], [21, 7, 22, 6], [23, 4, 24, 5], [1, 10, 2, 11]]"
12a_0868_162,"[[1, 10, 2, 11], [3, 9, 4, 8], [5, 12, 6, 13], [7, 15, 8, 14], [9, 19, 10, 18], [11, 16, 12, 17], [13, 22, 14, 23], [15, 21, 16, 20], [17, 24, 18, 1], [19, 3, 20, 2], [21, 7, 22, 6], [23, 4, 24, 5]]"
12a_0868_163,"[[23, 4, 24, 5], [1, 10, 2, 11], [3, 9, 4, 8], [5, 12, 6, 13], [7, 15, 8, 14], [9, 19, 10, 18], [11, 16, 12, 17], [13, 22, 14, 23], [15, 21, 16, 20], [17, 24, 18, 1], [19, 3, 20, 2], [21, 7, 22, 6]]"
12a_0868_164,"[[21, 7, 22, 6], [23, 4, 24, 5], [1, 10, 2, 11], [3, 9, 4, 8], [5, 12, 6, 13], [7, 15, 8, 14], [9, 19, 10, 18], [11, 16, 12, 17], [13, 22, 14, 23], [15, 21, 16, 20], [17, 24, 18, 1], [19, 3, 20, 2]]"
12a_0868_165,"[[19, 3, 20, 2], [21, 7, 22, 6], [23, 4, 24, 5], [1, 10, 2, 11], [3, 9, 4, 8], [5, 12, 6, 13], [7, 15, 8, 14], [9, 19, 10, 18], [11, 16, 12, 17], [13, 22, 14, 23], [15, 21, 16, 20], [17, 24, 18, 1]]"
12a_0868_166,"[[17, 24, 18, 1], [19, 3, 20, 2], [21, 7, 22, 6], [23, 4, 24, 5], [1, 10, 2, 11], [3, 9, 4, 8], [5, 12, 6, 13], [7, 15, 8, 14], [9, 19, 10, 18], [11, 16, 12, 17], [13, 22, 14, 23], [15, 21, 16, 20]]"
12a_0868_167,"[[15, 21, 16, 20], [17, 24, 18, 1], [19, 3, 20, 2], [21, 7, 22, 6], [23, 4, 24, 5], [1, 10, 2, 11], [3, 9, 4, 8], [5, 12, 6, 13], [7, 15, 8, 14], [9, 19, 10, 18], [11, 16, 12, 17], [13, 22, 14, 23]]"
12a_0868_168,"[[14, 23, 15, 24], [16, 22, 17, 21], [18, 1, 19, 2], [20, 4, 21, 3], [22, 8, 23, 7], [24, 5, 1, 6], [2, 11, 3, 12], [4, 10, 5, 9], [6, 13, 7, 14], [8, 16, 9, 15], [10, 20, 11, 19], [12, 17, 13, 18]]"
12a_0868_169,"[[12, 17, 13, 18], [14, 23, 15, 24], [16, 22, 17, 21], [18, 1, 19, 2], [20, 4, 21, 3], [22, 8, 23, 7], [24, 5, 1, 6], [2, 11, 3, 12], [4, 10, 5, 9], [6, 13, 7, 14], [8, 16, 9, 15], [10, 20, 11, 19]]"
12a_0868_170,"[[10, 20, 11, 19], [12, 17, 13, 18], [14, 23, 15, 24], [16, 22, 17, 21], [18, 1, 19, 2], [20, 4, 21, 3], [22, 8, 23, 7], [24, 5, 1, 6], [2, 11, 3, 12], [4, 10, 5, 9], [6, 13, 7, 14], [8, 16, 9, 15]]"
12a_0868_171,"[[8, 16, 9, 15], [10, 20, 11, 19], [12, 17, 13, 18], [14, 23, 15, 24], [16, 22, 17, 21], [18, 1, 19, 2], [20, 4, 21, 3], [22, 8, 23, 7], [24, 5, 1, 6], [2, 11, 3, 12], [4, 10, 5, 9], [6, 13, 7, 14]]"
12a_0868_172,"[[6, 13, 7, 14], [8, 16, 9, 15], [10, 20, 11, 19], [12, 17, 13, 18], [14, 23, 15, 24], [16, 22, 17, 21], [18, 1, 19, 2], [20, 4, 21, 3], [22, 8, 23, 7], [24, 5, 1, 6], [2, 11, 3, 12], [4, 10, 5, 9]]"
12a_0868_173,"[[4, 10, 5, 9], [6, 13, 7, 14], [8, 16, 9, 15], [10, 20, 11, 19], [12, 17, 13, 18], [14, 23, 15, 24], [16, 22, 17, 21], [18, 1, 19, 2], [20, 4, 21, 3], [22, 8, 23, 7], [24, 5, 1, 6], [2, 11, 3, 12]]"
12a_0868_174,"[[2, 11, 3, 12], [4, 10, 5, 9], [6, 13, 7, 14], [8, 16, 9, 15], [10, 20, 11, 19], [12, 17, 13, 18], [14, 23, 15, 24], [16, 22, 17, 21], [18, 1, 19, 2], [20, 4, 21, 3], [22, 8, 23, 7], [24, 5, 1, 6]]"
12a_0868_175,"[[24, 5, 1, 6], [2, 11, 3, 12], [4, 10, 5, 9], [6, 13, 7, 14], [8, 16, 9, 15], [10, 20, 11, 19], [12, 17, 13, 18], [14, 23, 15, 24], [16, 22, 17, 21], [18, 1, 19, 2], [20, 4, 21, 3], [22, 8, 23, 7]]"
12a_0868_176,"[[22, 8, 23, 7], [24, 5, 1, 6], [2, 11, 3, 12], [4, 10, 5, 9], [6, 13, 7, 14], [8, 16, 9, 15], [10, 20, 11, 19], [12, 17, 13, 18], [14, 23, 15, 24], [16, 22, 17, 21], [18, 1, 19, 2], [20, 4, 21, 3]]"
12a_0868_177,"[[20, 4, 21, 3], [22, 8, 23, 7], [24, 5, 1, 6], [2, 11, 3, 12], [4, 10, 5, 9], [6, 13, 7, 14], [8, 16, 9, 15], [10, 20, 11, 19], [12, 17, 13, 18], [14, 23, 15, 24], [16, 22, 17, 21], [18, 1, 19, 2]]"
12a_0868_178,"[[18, 1, 19, 2], [20, 4, 21, 3], [22, 8, 23, 7], [24, 5, 1, 6], [2, 11, 3, 12], [4, 10, 5, 9], [6, 13, 7, 14], [8, 16, 9, 15], [10, 20, 11, 19], [12, 17, 13, 18], [14, 23, 15, 24], [16, 22, 17, 21]]"
12a_0868_179,"[[16, 22, 17, 21], [18, 1, 19, 2], [20, 4, 21, 3], [22, 8, 23, 7], [24, 5, 1, 6], [2, 11, 3, 12], [4, 10, 5, 9], [6, 13, 7, 14], [8, 16, 9, 15], [10, 20, 11, 19], [12, 17, 13, 18], [14, 23, 15, 24]]"
12a_0868_180,"[[15, 24, 16, 1], [17, 23, 18, 22], [19, 2, 20, 3], [21, 5, 22, 4], [23, 9, 24, 8], [1, 6, 2, 7], [3, 12, 4, 13], [5, 11, 6, 10], [7, 14, 8, 15], [9, 17, 10, 16], [11, 21, 12, 20], [13, 18, 14, 19]]"
12a_0868_181,"[[13, 18, 14, 19], [15, 24, 16, 1], [17, 23, 18, 22], [19, 2, 20, 3], [21, 5, 22, 4], [23, 9, 24, 8], [1, 6, 2, 7], [3, 12, 4, 13], [5, 11, 6, 10], [7, 14, 8, 15], [9, 17, 10, 16], [11, 21, 12, 20]]"
12a_0868_182,"[[11, 21, 12, 20], [13, 18, 14, 19], [15, 24, 16, 1], [17, 23, 18, 22], [19, 2, 20, 3], [21, 5, 22, 4], [23, 9, 24, 8], [1, 6, 2, 7], [3, 12, 4, 13], [5, 11, 6, 10], [7, 14, 8, 15], [9, 17, 10, 16]]"
12a_0868_183,"[[9, 17, 10, 16], [11, 21, 12, 20], [13, 18, 14, 19], [15, 24, 16, 1], [17, 23, 18, 22], [19, 2, 20, 3], [21, 5, 22, 4], [23, 9, 24, 8], [1, 6, 2, 7], [3, 12, 4, 13], [5, 11, 6, 10], [7, 14, 8, 15]]"
12a_0868_184,"[[7, 14, 8, 15], [9, 17, 10, 16], [11, 21, 12, 20], [13, 18, 14, 19], [15, 24, 16, 1], [17, 23, 18, 22], [19, 2, 20, 3], [21, 5, 22, 4], [23, 9, 24, 8], [1, 6, 2, 7], [3, 12, 4, 13], [5, 11, 6, 10]]"
12a_0868_185,"[[5, 11, 6, 10], [7, 14, 8, 15], [9, 17, 10, 16], [11, 21, 12, 20], [13, 18, 14, 19], [15, 24, 16, 1], [17, 23, 18, 22], [19, 2, 20, 3], [21, 5, 22, 4], [23, 9, 24, 8], [1, 6, 2, 7], [3, 12, 4, 13]]"
