name,pd_notation
12a_0093_0,"[[24, 18, 1, 17], [2, 6, 3, 5], [4, 10, 5, 9], [6, 16, 7, 15], [8, 4, 9, 3], [10, 20, 11, 19], [12, 22, 13, 21], [14, 8, 15, 7], [16, 24, 17, 23], [18, 2, 19, 1], [20, 12, 21, 11], [22, 14, 23, 13]]"
12a_0093_1,"[[22, 14, 23, 13], [24, 18, 1, 17], [2, 6, 3, 5], [4, 10, 5, 9], [6, 16, 7, 15], [8, 4, 9, 3], [10, 20, 11, 19], [12, 22, 13, 21], [14, 8, 15, 7], [16, 24, 17, 23], [18, 2, 19, 1], [20, 12, 21, 11]]"
12a_0093_2,"[[20, 12, 21, 11], [22, 14, 23, 13], [24, 18, 1, 17], [2, 6, 3, 5], [4, 10, 5, 9], [6, 16, 7, 15], [8, 4, 9, 3], [10, 20, 11, 19], [12, 22, 13, 21], [14, 8, 15, 7], [16, 24, 17, 23], [18, 2, 19, 1]]"
12a_0093_3,"[[18, 2, 19, 1], [20, 12, 21, 11], [22, 14, 23, 13], [24, 18, 1, 17], [2, 6, 3, 5], [4, 10, 5, 9], [6, 16, 7, 15], [8, 4, 9, 3], [10, 20, 11, 19], [12, 22, 13, 21], [14, 8, 15, 7], [16, 24, 17, 23]]"
12a_0093_4,"[[16, 24, 17, 23], [18, 2, 19, 1], [20, 12, 21, 11], [22, 14, 23, 13], [24, 18, 1, 17], [2, 6, 3, 5], [4, 10, 5, 9], [6, 16, 7, 15], [8, 4, 9, 3], [10, 20, 11, 19], [12, 22, 13, 21], [14, 8, 15, 7]]"
12a_0093_5,"[[14, 8, 15, 7], [16, 24, 17, 23], [18, 2, 19, 1], [20, 12, 21, 11], [22, 14, 23, 13], [24, 18, 1, 17], [2, 6, 3, 5], [4, 10, 5, 9], [6, 16, 7, 15], [8, 4, 9, 3], [10, 20, 11, 19], [12, 22, 13, 21]]"
12a_0093_6,"[[12, 22, 13, 21], [14, 8, 15, 7], [16, 24, 17, 23], [18, 2, 19, 1], [20, 12, 21, 11], [22, 14, 23, 13], [24, 18, 1, 17], [2, 6, 3, 5], [4, 10, 5, 9], [6, 16, 7, 15], [8, 4, 9, 3], [10, 20, 11, 19]]"
12a_0093_7,"[[10, 20, 11, 19], [12, 22, 13, 21], [14, 8, 15, 7], [16, 24, 17, 23], [18, 2, 19, 1], [20, 12, 21, 11], [22, 14, 23, 13], [24, 18, 1, 17], [2, 6, 3, 5], [4, 10, 5, 9], [6, 16, 7, 15], [8, 4, 9, 3]]"
12a_0093_8,"[[8, 4, 9, 3], [10, 20, 11, 19], [12, 22, 13, 21], [14, 8, 15, 7], [16, 24, 17, 23], [18, 2, 19, 1], [20, 12, 21, 11], [22, 14, 23, 13], [24, 18, 1, 17], [2, 6, 3, 5], [4, 10, 5, 9], [6, 16, 7, 15]]"
12a_0093_9,"[[6, 16, 7, 15], [8, 4, 9, 3], [10, 20, 11, 19], [12, 22, 13, 21], [14, 8, 15, 7], [16, 24, 17, 23], [18, 2, 19, 1], [20, 12, 21, 11], [22, 14, 23, 13], [24, 18, 1, 17], [2, 6, 3, 5], [4, 10, 5, 9]]"
12a_0093_10,"[[4, 10, 5, 9], [6, 16, 7, 15], [8, 4, 9, 3], [10, 20, 11, 19], [12, 22, 13, 21], [14, 8, 15, 7], [16, 24, 17, 23], [18, 2, 19, 1], [20, 12, 21, 11], [22, 14, 23, 13], [24, 18, 1, 17], [2, 6, 3, 5]]"
12a_0093_11,"[[2, 6, 3, 5], [4, 10, 5, 9], [6, 16, 7, 15], [8, 4, 9, 3], [10, 20, 11, 19], [12, 22, 13, 21], [14, 8, 15, 7], [16, 24, 17, 23], [18, 2, 19, 1], [20, 12, 21, 11], [22, 14, 23, 13], [24, 18, 1, 17]]"
12a_0093_12,"[[1, 19, 2, 18], [3, 7, 4, 6], [5, 11, 6, 10], [7, 17, 8, 16], [9, 5, 10, 4], [11, 21, 12, 20], [13, 23, 14, 22], [15, 9, 16, 8], [17, 1, 18, 24], [19, 3, 20, 2], [21, 13, 22, 12], [23, 15, 24, 14]]"
12a_0093_13,"[[23, 15, 24, 14], [1, 19, 2, 18], [3, 7, 4, 6], [5, 11, 6, 10], [7, 17, 8, 16], [9, 5, 10, 4], [11, 21, 12, 20], [13, 23, 14, 22], [15, 9, 16, 8], [17, 1, 18, 24], [19, 3, 20, 2], [21, 13, 22, 12]]"
12a_0093_14,"[[21, 13, 22, 12], [23, 15, 24, 14], [1, 19, 2, 18], [3, 7, 4, 6], [5, 11, 6, 10], [7, 17, 8, 16], [9, 5, 10, 4], [11, 21, 12, 20], [13, 23, 14, 22], [15, 9, 16, 8], [17, 1, 18, 24], [19, 3, 20, 2]]"
12a_0093_15,"[[19, 3, 20, 2], [21, 13, 22, 12], [23, 15, 24, 14], [1, 19, 2, 18], [3, 7, 4, 6], [5, 11, 6, 10], [7, 17, 8, 16], [9, 5, 10, 4], [11, 21, 12, 20], [13, 23, 14, 22], [15, 9, 16, 8], [17, 1, 18, 24]]"
12a_0093_16,"[[17, 1, 18, 24], [19, 3, 20, 2], [21, 13, 22, 12], [23, 15, 24, 14], [1, 19, 2, 18], [3, 7, 4, 6], [5, 11, 6, 10], [7, 17, 8, 16], [9, 5, 10, 4], [11, 21, 12, 20], [13, 23, 14, 22], [15, 9, 16, 8]]"
12a_0093_17,"[[15, 9, 16, 8], [17, 1, 18, 24], [19, 3, 20, 2], [21, 13, 22, 12], [23, 15, 24, 14], [1, 19, 2, 18], [3, 7, 4, 6], [5, 11, 6, 10], [7, 17, 8, 16], [9, 5, 10, 4], [11, 21, 12, 20], [13, 23, 14, 22]]"
12a_0093_18,"[[13, 23, 14, 22], [15, 9, 16, 8], [17, 1, 18, 24], [19, 3, 20, 2], [21, 13, 22, 12], [23, 15, 24, 14], [1, 19, 2, 18], [3, 7, 4, 6], [5, 11, 6, 10], [7, 17, 8, 16], [9, 5, 10, 4], [11, 21, 12, 20]]"
12a_0093_19,"[[11, 21, 12, 20], [13, 23, 14, 22], [15, 9, 16, 8], [17, 1, 18, 24], [19, 3, 20, 2], [21, 13, 22, 12], [23, 15, 24, 14], [1, 19, 2, 18], [3, 7, 4, 6], [5, 11, 6, 10], [7, 17, 8, 16], [9, 5, 10, 4]]"
12a_0093_20,"[[9, 5, 10, 4], [11, 21, 12, 20], [13, 23, 14, 22], [15, 9, 16, 8], [17, 1, 18, 24], [19, 3, 20, 2], [21, 13, 22, 12], [23, 15, 24, 14], [1, 19, 2, 18], [3, 7, 4, 6], [5, 11, 6, 10], [7, 17, 8, 16]]"
12a_0093_21,"[[7, 17, 8, 16], [9, 5, 10, 4], [11, 21, 12, 20], [13, 23, 14, 22], [15, 9, 16, 8], [17, 1, 18, 24], [19, 3, 20, 2], [21, 13, 22, 12], [23, 15, 24, 14], [1, 19, 2, 18], [3, 7, 4, 6], [5, 11, 6, 10]]"
12a_0093_22,"[[5, 11, 6, 10], [7, 17, 8, 16], [9, 5, 10, 4], [11, 21, 12, 20], [13, 23, 14, 22], [15, 9, 16, 8], [17, 1, 18, 24], [19, 3, 20, 2], [21, 13, 22, 12], [23, 15, 24, 14], [1, 19, 2, 18], [3, 7, 4, 6]]"
12a_0093_23,"[[3, 7, 4, 6], [5, 11, 6, 10], [7, 17, 8, 16], [9, 5, 10, 4], [11, 21, 12, 20], [13, 23, 14, 22], [15, 9, 16, 8], [17, 1, 18, 24], [19, 3, 20, 2], [21, 13, 22, 12], [23, 15, 24, 14], [1, 19, 2, 18]]"
12a_0093_24,"[[2, 20, 3, 19], [4, 8, 5, 7], [6, 12, 7, 11], [8, 18, 9, 17], [10, 6, 11, 5], [12, 22, 13, 21], [14, 24, 15, 23], [16, 10, 17, 9], [18, 2, 19, 1], [20, 4, 21, 3], [22, 14, 23, 13], [24, 16, 1, 15]]"
12a_0093_25,"[[24, 16, 1, 15], [2, 20, 3, 19], [4, 8, 5, 7], [6, 12, 7, 11], [8, 18, 9, 17], [10, 6, 11, 5], [12, 22, 13, 21], [14, 24, 15, 23], [16, 10, 17, 9], [18, 2, 19, 1], [20, 4, 21, 3], [22, 14, 23, 13]]"
12a_0093_26,"[[22, 14, 23, 13], [24, 16, 1, 15], [2, 20, 3, 19], [4, 8, 5, 7], [6, 12, 7, 11], [8, 18, 9, 17], [10, 6, 11, 5], [12, 22, 13, 21], [14, 24, 15, 23], [16, 10, 17, 9], [18, 2, 19, 1], [20, 4, 21, 3]]"
12a_0093_27,"[[20, 4, 21, 3], [22, 14, 23, 13], [24, 16, 1, 15], [2, 20, 3, 19], [4, 8, 5, 7], [6, 12, 7, 11], [8, 18, 9, 17], [10, 6, 11, 5], [12, 22, 13, 21], [14, 24, 15, 23], [16, 10, 17, 9], [18, 2, 19, 1]]"
12a_0093_28,"[[18, 2, 19, 1], [20, 4, 21, 3], [22, 14, 23, 13], [24, 16, 1, 15], [2, 20, 3, 19], [4, 8, 5, 7], [6, 12, 7, 11], [8, 18, 9, 17], [10, 6, 11, 5], [12, 22, 13, 21], [14, 24, 15, 23], [16, 10, 17, 9]]"
12a_0093_29,"[[16, 10, 17, 9], [18, 2, 19, 1], [20, 4, 21, 3], [22, 14, 23, 13], [24, 16, 1, 15], [2, 20, 3, 19], [4, 8, 5, 7], [6, 12, 7, 11], [8, 18, 9, 17], [10, 6, 11, 5], [12, 22, 13, 21], [14, 24, 15, 23]]"
12a_0093_30,"[[14, 24, 15, 23], [16, 10, 17, 9], [18, 2, 19, 1], [20, 4, 21, 3], [22, 14, 23, 13], [24, 16, 1, 15], [2, 20, 3, 19], [4, 8, 5, 7], [6, 12, 7, 11], [8, 18, 9, 17], [10, 6, 11, 5], [12, 22, 13, 21]]"
12a_0093_31,"[[12, 22, 13, 21], [14, 24, 15, 23], [16, 10, 17, 9], [18, 2, 19, 1], [20, 4, 21, 3], [22, 14, 23, 13], [24, 16, 1, 15], [2, 20, 3, 19], [4, 8, 5, 7], [6, 12, 7, 11], [8, 18, 9, 17], [10, 6, 11, 5]]"
12a_0093_32,"[[10, 6, 11, 5], [12, 22, 13, 21], [14, 24, 15, 23], [16, 10, 17, 9], [18, 2, 19, 1], [20, 4, 21, 3], [22, 14, 23, 13], [24, 16, 1, 15], [2, 20, 3, 19], [4, 8, 5, 7], [6, 12, 7, 11], [8, 18, 9, 17]]"
12a_0093_33,"[[8, 18, 9, 17], [10, 6, 11, 5], [12, 22, 13, 21], [14, 24, 15, 23], [16, 10, 17, 9], [18, 2, 19, 1], [20, 4, 21, 3], [22, 14, 23, 13], [24, 16, 1, 15], [2, 20, 3, 19], [4, 8, 5, 7], [6, 12, 7, 11]]"
12a_0093_34,"[[6, 12, 7, 11], [8, 18, 9, 17], [10, 6, 11, 5], [12, 22, 13, 21], [14, 24, 15, 23], [16, 10, 17, 9], [18, 2, 19, 1], [20, 4, 21, 3], [22, 14, 23, 13], [24, 16, 1, 15], [2, 20, 3, 19], [4, 8, 5, 7]]"
12a_0093_35,"[[4, 8, 5, 7], [6, 12, 7, 11], [8, 18, 9, 17], [10, 6, 11, 5], [12, 22, 13, 21], [14, 24, 15, 23], [16, 10, 17, 9], [18, 2, 19, 1], [20, 4, 21, 3], [22, 14, 23, 13], [24, 16, 1, 15], [2, 20, 3, 19]]"
12a_0093_36,"[[3, 21, 4, 20], [5, 9, 6, 8], [7, 13, 8, 12], [9, 19, 10, 18], [11, 7, 12, 6], [13, 23, 14, 22], [15, 1, 16, 24], [17, 11, 18, 10], [19, 3, 20, 2], [21, 5, 22, 4], [23, 15, 24, 14], [1, 17, 2, 16]]"
12a_0093_37,"[[1, 17, 2, 16], [3, 21, 4, 20], [5, 9, 6, 8], [7, 13, 8, 12], [9, 19, 10, 18], [11, 7, 12, 6], [13, 23, 14, 22], [15, 1, 16, 24], [17, 11, 18, 10], [19, 3, 20, 2], [21, 5, 22, 4], [23, 15, 24, 14]]"
12a_0093_38,"[[23, 15, 24, 14], [1, 17, 2, 16], [3, 21, 4, 20], [5, 9, 6, 8], [7, 13, 8, 12], [9, 19, 10, 18], [11, 7, 12, 6], [13, 23, 14, 22], [15, 1, 16, 24], [17, 11, 18, 10], [19, 3, 20, 2], [21, 5, 22, 4]]"
12a_0093_39,"[[21, 5, 22, 4], [23, 15, 24, 14], [1, 17, 2, 16], [3, 21, 4, 20], [5, 9, 6, 8], [7, 13, 8, 12], [9, 19, 10, 18], [11, 7, 12, 6], [13, 23, 14, 22], [15, 1, 16, 24], [17, 11, 18, 10], [19, 3, 20, 2]]"
12a_0093_40,"[[19, 3, 20, 2], [21, 5, 22, 4], [23, 15, 24, 14], [1, 17, 2, 16], [3, 21, 4, 20], [5, 9, 6, 8], [7, 13, 8, 12], [9, 19, 10, 18], [11, 7, 12, 6], [13, 23, 14, 22], [15, 1, 16, 24], [17, 11, 18, 10]]"
12a_0093_41,"[[17, 11, 18, 10], [19, 3, 20, 2], [21, 5, 22, 4], [23, 15, 24, 14], [1, 17, 2, 16], [3, 21, 4, 20], [5, 9, 6, 8], [7, 13, 8, 12], [9, 19, 10, 18], [11, 7, 12, 6], [13, 23, 14, 22], [15, 1, 16, 24]]"
12a_0093_42,"[[15, 1, 16, 24], [17, 11, 18, 10], [19, 3, 20, 2], [21, 5, 22, 4], [23, 15, 24, 14], [1, 17, 2, 16], [3, 21, 4, 20], [5, 9, 6, 8], [7, 13, 8, 12], [9, 19, 10, 18], [11, 7, 12, 6], [13, 23, 14, 22]]"
12a_0093_43,"[[13, 23, 14, 22], [15, 1, 16, 24], [17, 11, 18, 10], [19, 3, 20, 2], [21, 5, 22, 4], [23, 15, 24, 14], [1, 17, 2, 16], [3, 21, 4, 20], [5, 9, 6, 8], [7, 13, 8, 12], [9, 19, 10, 18], [11, 7, 12, 6]]"
12a_0093_44,"[[11, 7, 12, 6], [13, 23, 14, 22], [15, 1, 16, 24], [17, 11, 18, 10], [19, 3, 20, 2], [21, 5, 22, 4], [23, 15, 24, 14], [1, 17, 2, 16], [3, 21, 4, 20], [5, 9, 6, 8], [7, 13, 8, 12], [9, 19, 10, 18]]"
12a_0093_45,"[[9, 19, 10, 18], [11, 7, 12, 6], [13, 23, 14, 22], [15, 1, 16, 24], [17, 11, 18, 10], [19, 3, 20, 2], [21, 5, 22, 4], [23, 15, 24, 14], [1, 17, 2, 16], [3, 21, 4, 20], [5, 9, 6, 8], [7, 13, 8, 12]]"
12a_0093_46,"[[7, 13, 8, 12], [9, 19, 10, 18], [11, 7, 12, 6], [13, 23, 14, 22], [15, 1, 16, 24], [17, 11, 18, 10], [19, 3, 20, 2], [21, 5, 22, 4], [23, 15, 24, 14], [1, 17, 2, 16], [3, 21, 4, 20], [5, 9, 6, 8]]"
12a_0093_47,"[[5, 9, 6, 8], [7, 13, 8, 12], [9, 19, 10, 18], [11, 7, 12, 6], [13, 23, 14, 22], [15, 1, 16, 24], [17, 11, 18, 10], [19, 3, 20, 2], [21, 5, 22, 4], [23, 15, 24, 14], [1, 17, 2, 16], [3, 21, 4, 20]]"
12a_0093_48,"[[4, 22, 5, 21], [6, 10, 7, 9], [8, 14, 9, 13], [10, 20, 11, 19], [12, 8, 13, 7], [14, 24, 15, 23], [16, 2, 17, 1], [18, 12, 19, 11], [20, 4, 21, 3], [22, 6, 23, 5], [24, 16, 1, 15], [2, 18, 3, 17]]"
12a_0093_49,"[[2, 18, 3, 17], [4, 22, 5, 21], [6, 10, 7, 9], [8, 14, 9, 13], [10, 20, 11, 19], [12, 8, 13, 7], [14, 24, 15, 23], [16, 2, 17, 1], [18, 12, 19, 11], [20, 4, 21, 3], [22, 6, 23, 5], [24, 16, 1, 15]]"
12a_0093_50,"[[24, 16, 1, 15], [2, 18, 3, 17], [4, 22, 5, 21], [6, 10, 7, 9], [8, 14, 9, 13], [10, 20, 11, 19], [12, 8, 13, 7], [14, 24, 15, 23], [16, 2, 17, 1], [18, 12, 19, 11], [20, 4, 21, 3], [22, 6, 23, 5]]"
12a_0093_51,"[[22, 6, 23, 5], [24, 16, 1, 15], [2, 18, 3, 17], [4, 22, 5, 21], [6, 10, 7, 9], [8, 14, 9, 13], [10, 20, 11, 19], [12, 8, 13, 7], [14, 24, 15, 23], [16, 2, 17, 1], [18, 12, 19, 11], [20, 4, 21, 3]]"
12a_0093_52,"[[20, 4, 21, 3], [22, 6, 23, 5], [24, 16, 1, 15], [2, 18, 3, 17], [4, 22, 5, 21], [6, 10, 7, 9], [8, 14, 9, 13], [10, 20, 11, 19], [12, 8, 13, 7], [14, 24, 15, 23], [16, 2, 17, 1], [18, 12, 19, 11]]"
12a_0093_53,"[[18, 12, 19, 11], [20, 4, 21, 3], [22, 6, 23, 5], [24, 16, 1, 15], [2, 18, 3, 17], [4, 22, 5, 21], [6, 10, 7, 9], [8, 14, 9, 13], [10, 20, 11, 19], [12, 8, 13, 7], [14, 24, 15, 23], [16, 2, 17, 1]]"
12a_0093_54,"[[16, 2, 17, 1], [18, 12, 19, 11], [20, 4, 21, 3], [22, 6, 23, 5], [24, 16, 1, 15], [2, 18, 3, 17], [4, 22, 5, 21], [6, 10, 7, 9], [8, 14, 9, 13], [10, 20, 11, 19], [12, 8, 13, 7], [14, 24, 15, 23]]"
12a_0093_55,"[[14, 24, 15, 23], [16, 2, 17, 1], [18, 12, 19, 11], [20, 4, 21, 3], [22, 6, 23, 5], [24, 16, 1, 15], [2, 18, 3, 17], [4, 22, 5, 21], [6, 10, 7, 9], [8, 14, 9, 13], [10, 20, 11, 19], [12, 8, 13, 7]]"
12a_0093_56,"[[12, 8, 13, 7], [14, 24, 15, 23], [16, 2, 17, 1], [18, 12, 19, 11], [20, 4, 21, 3], [22, 6, 23, 5], [24, 16, 1, 15], [2, 18, 3, 17], [4, 22, 5, 21], [6, 10, 7, 9], [8, 14, 9, 13], [10, 20, 11, 19]]"
12a_0093_57,"[[10, 20, 11, 19], [12, 8, 13, 7], [14, 24, 15, 23], [16, 2, 17, 1], [18, 12, 19, 11], [20, 4, 21, 3], [22, 6, 23, 5], [24, 16, 1, 15], [2, 18, 3, 17], [4, 22, 5, 21], [6, 10, 7, 9], [8, 14, 9, 13]]"
12a_0093_58,"[[8, 14, 9, 13], [10, 20, 11, 19], [12, 8, 13, 7], [14, 24, 15, 23], [16, 2, 17, 1], [18, 12, 19, 11], [20, 4, 21, 3], [22, 6, 23, 5], [24, 16, 1, 15], [2, 18, 3, 17], [4, 22, 5, 21], [6, 10, 7, 9]]"
12a_0093_59,"[[6, 10, 7, 9], [8, 14, 9, 13], [10, 20, 11, 19], [12, 8, 13, 7], [14, 24, 15, 23], [16, 2, 17, 1], [18, 12, 19, 11], [20, 4, 21, 3], [22, 6, 23, 5], [24, 16, 1, 15], [2, 18, 3, 17], [4, 22, 5, 21]]"
12a_0093_60,"[[5, 23, 6, 22], [7, 11, 8, 10], [9, 15, 10, 14], [11, 21, 12, 20], [13, 9, 14, 8], [15, 1, 16, 24], [17, 3, 18, 2], [19, 13, 20, 12], [21, 5, 22, 4], [23, 7, 24, 6], [1, 17, 2, 16], [3, 19, 4, 18]]"
12a_0093_61,"[[3, 19, 4, 18], [5, 23, 6, 22], [7, 11, 8, 10], [9, 15, 10, 14], [11, 21, 12, 20], [13, 9, 14, 8], [15, 1, 16, 24], [17, 3, 18, 2], [19, 13, 20, 12], [21, 5, 22, 4], [23, 7, 24, 6], [1, 17, 2, 16]]"
12a_0093_62,"[[1, 17, 2, 16], [3, 19, 4, 18], [5, 23, 6, 22], [7, 11, 8, 10], [9, 15, 10, 14], [11, 21, 12, 20], [13, 9, 14, 8], [15, 1, 16, 24], [17, 3, 18, 2], [19, 13, 20, 12], [21, 5, 22, 4], [23, 7, 24, 6]]"
12a_0093_63,"[[23, 7, 24, 6], [1, 17, 2, 16], [3, 19, 4, 18], [5, 23, 6, 22], [7, 11, 8, 10], [9, 15, 10, 14], [11, 21, 12, 20], [13, 9, 14, 8], [15, 1, 16, 24], [17, 3, 18, 2], [19, 13, 20, 12], [21, 5, 22, 4]]"
12a_0093_64,"[[21, 5, 22, 4], [23, 7, 24, 6], [1, 17, 2, 16], [3, 19, 4, 18], [5, 23, 6, 22], [7, 11, 8, 10], [9, 15, 10, 14], [11, 21, 12, 20], [13, 9, 14, 8], [15, 1, 16, 24], [17, 3, 18, 2], [19, 13, 20, 12]]"
12a_0093_65,"[[19, 13, 20, 12], [21, 5, 22, 4], [23, 7, 24, 6], [1, 17, 2, 16], [3, 19, 4, 18], [5, 23, 6, 22], [7, 11, 8, 10], [9, 15, 10, 14], [11, 21, 12, 20], [13, 9, 14, 8], [15, 1, 16, 24], [17, 3, 18, 2]]"
12a_0093_66,"[[17, 3, 18, 2], [19, 13, 20, 12], [21, 5, 22, 4], [23, 7, 24, 6], [1, 17, 2, 16], [3, 19, 4, 18], [5, 23, 6, 22], [7, 11, 8, 10], [9, 15, 10, 14], [11, 21, 12, 20], [13, 9, 14, 8], [15, 1, 16, 24]]"
12a_0093_67,"[[15, 1, 16, 24], [17, 3, 18, 2], [19, 13, 20, 12], [21, 5, 22, 4], [23, 7, 24, 6], [1, 17, 2, 16], [3, 19, 4, 18], [5, 23, 6, 22], [7, 11, 8, 10], [9, 15, 10, 14], [11, 21, 12, 20], [13, 9, 14, 8]]"
12a_0093_68,"[[13, 9, 14, 8], [15, 1, 16, 24], [17, 3, 18, 2], [19, 13, 20, 12], [21, 5, 22, 4], [23, 7, 24, 6], [1, 17, 2, 16], [3, 19, 4, 18], [5, 23, 6, 22], [7, 11, 8, 10], [9, 15, 10, 14], [11, 21, 12, 20]]"
12a_0093_69,"[[11, 21, 12, 20], [13, 9, 14, 8], [15, 1, 16, 24], [17, 3, 18, 2], [19, 13, 20, 12], [21, 5, 22, 4], [23, 7, 24, 6], [1, 17, 2, 16], [3, 19, 4, 18], [5, 23, 6, 22], [7, 11, 8, 10], [9, 15, 10, 14]]"
12a_0093_70,"[[9, 15, 10, 14], [11, 21, 12, 20], [13, 9, 14, 8], [15, 1, 16, 24], [17, 3, 18, 2], [19, 13, 20, 12], [21, 5, 22, 4], [23, 7, 24, 6], [1, 17, 2, 16], [3, 19, 4, 18], [5, 23, 6, 22], [7, 11, 8, 10]]"
12a_0093_71,"[[7, 11, 8, 10], [9, 15, 10, 14], [11, 21, 12, 20], [13, 9, 14, 8], [15, 1, 16, 24], [17, 3, 18, 2], [19, 13, 20, 12], [21, 5, 22, 4], [23, 7, 24, 6], [1, 17, 2, 16], [3, 19, 4, 18], [5, 23, 6, 22]]"
12a_0093_72,"[[6, 24, 7, 23], [8, 12, 9, 11], [10, 16, 11, 15], [12, 22, 13, 21], [14, 10, 15, 9], [16, 2, 17, 1], [18, 4, 19, 3], [20, 14, 21, 13], [22, 6, 23, 5], [24, 8, 1, 7], [2, 18, 3, 17], [4, 20, 5, 19]]"
12a_0093_73,"[[4, 20, 5, 19], [6, 24, 7, 23], [8, 12, 9, 11], [10, 16, 11, 15], [12, 22, 13, 21], [14, 10, 15, 9], [16, 2, 17, 1], [18, 4, 19, 3], [20, 14, 21, 13], [22, 6, 23, 5], [24, 8, 1, 7], [2, 18, 3, 17]]"
12a_0093_74,"[[2, 18, 3, 17], [4, 20, 5, 19], [6, 24, 7, 23], [8, 12, 9, 11], [10, 16, 11, 15], [12, 22, 13, 21], [14, 10, 15, 9], [16, 2, 17, 1], [18, 4, 19, 3], [20, 14, 21, 13], [22, 6, 23, 5], [24, 8, 1, 7]]"
12a_0093_75,"[[24, 8, 1, 7], [2, 18, 3, 17], [4, 20, 5, 19], [6, 24, 7, 23], [8, 12, 9, 11], [10, 16, 11, 15], [12, 22, 13, 21], [14, 10, 15, 9], [16, 2, 17, 1], [18, 4, 19, 3], [20, 14, 21, 13], [22, 6, 23, 5]]"
12a_0093_76,"[[22, 6, 23, 5], [24, 8, 1, 7], [2, 18, 3, 17], [4, 20, 5, 19], [6, 24, 7, 23], [8, 12, 9, 11], [10, 16, 11, 15], [12, 22, 13, 21], [14, 10, 15, 9], [16, 2, 17, 1], [18, 4, 19, 3], [20, 14, 21, 13]]"
12a_0093_77,"[[20, 14, 21, 13], [22, 6, 23, 5], [24, 8, 1, 7], [2, 18, 3, 17], [4, 20, 5, 19], [6, 24, 7, 23], [8, 12, 9, 11], [10, 16, 11, 15], [12, 22, 13, 21], [14, 10, 15, 9], [16, 2, 17, 1], [18, 4, 19, 3]]"
12a_0093_78,"[[18, 4, 19, 3], [20, 14, 21, 13], [22, 6, 23, 5], [24, 8, 1, 7], [2, 18, 3, 17], [4, 20, 5, 19], [6, 24, 7, 23], [8, 12, 9, 11], [10, 16, 11, 15], [12, 22, 13, 21], [14, 10, 15, 9], [16, 2, 17, 1]]"
12a_0093_79,"[[16, 2, 17, 1], [18, 4, 19, 3], [20, 14, 21, 13], [22, 6, 23, 5], [24, 8, 1, 7], [2, 18, 3, 17], [4, 20, 5, 19], [6, 24, 7, 23], [8, 12, 9, 11], [10, 16, 11, 15], [12, 22, 13, 21], [14, 10, 15, 9]]"
12a_0093_80,"[[14, 10, 15, 9], [16, 2, 17, 1], [18, 4, 19, 3], [20, 14, 21, 13], [22, 6, 23, 5], [24, 8, 1, 7], [2, 18, 3, 17], [4, 20, 5, 19], [6, 24, 7, 23], [8, 12, 9, 11], [10, 16, 11, 15], [12, 22, 13, 21]]"
12a_0093_81,"[[12, 22, 13, 21], [14, 10, 15, 9], [16, 2, 17, 1], [18, 4, 19, 3], [20, 14, 21, 13], [22, 6, 23, 5], [24, 8, 1, 7], [2, 18, 3, 17], [4, 20, 5, 19], [6, 24, 7, 23], [8, 12, 9, 11], [10, 16, 11, 15]]"
12a_0093_82,"[[10, 16, 11, 15], [12, 22, 13, 21], [14, 10, 15, 9], [16, 2, 17, 1], [18, 4, 19, 3], [20, 14, 21, 13], [22, 6, 23, 5], [24, 8, 1, 7], [2, 18, 3, 17], [4, 20, 5, 19], [6, 24, 7, 23], [8, 12, 9, 11]]"
12a_0093_83,"[[8, 12, 9, 11], [10, 16, 11, 15], [12, 22, 13, 21], [14, 10, 15, 9], [16, 2, 17, 1], [18, 4, 19, 3], [20, 14, 21, 13], [22, 6, 23, 5], [24, 8, 1, 7], [2, 18, 3, 17], [4, 20, 5, 19], [6, 24, 7, 23]]"
12a_0093_84,"[[7, 1, 8, 24], [9, 13, 10, 12], [11, 17, 12, 16], [13, 23, 14, 22], [15, 11, 16, 10], [17, 3, 18, 2], [19, 5, 20, 4], [21, 15, 22, 14], [23, 7, 24, 6], [1, 9, 2, 8], [3, 19, 4, 18], [5, 21, 6, 20]]"
12a_0093_85,"[[5, 21, 6, 20], [7, 1, 8, 24], [9, 13, 10, 12], [11, 17, 12, 16], [13, 23, 14, 22], [15, 11, 16, 10], [17, 3, 18, 2], [19, 5, 20, 4], [21, 15, 22, 14], [23, 7, 24, 6], [1, 9, 2, 8], [3, 19, 4, 18]]"
12a_0093_86,"[[3, 19, 4, 18], [5, 21, 6, 20], [7, 1, 8, 24], [9, 13, 10, 12], [11, 17, 12, 16], [13, 23, 14, 22], [15, 11, 16, 10], [17, 3, 18, 2], [19, 5, 20, 4], [21, 15, 22, 14], [23, 7, 24, 6], [1, 9, 2, 8]]"
12a_0093_87,"[[1, 9, 2, 8], [3, 19, 4, 18], [5, 21, 6, 20], [7, 1, 8, 24], [9, 13, 10, 12], [11, 17, 12, 16], [13, 23, 14, 22], [15, 11, 16, 10], [17, 3, 18, 2], [19, 5, 20, 4], [21, 15, 22, 14], [23, 7, 24, 6]]"
12a_0093_88,"[[23, 7, 24, 6], [1, 9, 2, 8], [3, 19, 4, 18], [5, 21, 6, 20], [7, 1, 8, 24], [9, 13, 10, 12], [11, 17, 12, 16], [13, 23, 14, 22], [15, 11, 16, 10], [17, 3, 18, 2], [19, 5, 20, 4], [21, 15, 22, 14]]"
12a_0093_89,"[[21, 15, 22, 14], [23, 7, 24, 6], [1, 9, 2, 8], [3, 19, 4, 18], [5, 21, 6, 20], [7, 1, 8, 24], [9, 13, 10, 12], [11, 17, 12, 16], [13, 23, 14, 22], [15, 11, 16, 10], [17, 3, 18, 2], [19, 5, 20, 4]]"
12a_0093_90,"[[19, 5, 20, 4], [21, 15, 22, 14], [23, 7, 24, 6], [1, 9, 2, 8], [3, 19, 4, 18], [5, 21, 6, 20], [7, 1, 8, 24], [9, 13, 10, 12], [11, 17, 12, 16], [13, 23, 14, 22], [15, 11, 16, 10], [17, 3, 18, 2]]"
12a_0093_91,"[[17, 3, 18, 2], [19, 5, 20, 4], [21, 15, 22, 14], [23, 7, 24, 6], [1, 9, 2, 8], [3, 19, 4, 18], [5, 21, 6, 20], [7, 1, 8, 24], [9, 13, 10, 12], [11, 17, 12, 16], [13, 23, 14, 22], [15, 11, 16, 10]]"
12a_0093_92,"[[15, 11, 16, 10], [17, 3, 18, 2], [19, 5, 20, 4], [21, 15, 22, 14], [23, 7, 24, 6], [1, 9, 2, 8], [3, 19, 4, 18], [5, 21, 6, 20], [7, 1, 8, 24], [9, 13, 10, 12], [11, 17, 12, 16], [13, 23, 14, 22]]"
12a_0093_93,"[[13, 23, 14, 22], [15, 11, 16, 10], [17, 3, 18, 2], [19, 5, 20, 4], [21, 15, 22, 14], [23, 7, 24, 6], [1, 9, 2, 8], [3, 19, 4, 18], [5, 21, 6, 20], [7, 1, 8, 24], [9, 13, 10, 12], [11, 17, 12, 16]]"
12a_0093_94,"[[11, 17, 12, 16], [13, 23, 14, 22], [15, 11, 16, 10], [17, 3, 18, 2], [19, 5, 20, 4], [21, 15, 22, 14], [23, 7, 24, 6], [1, 9, 2, 8], [3, 19, 4, 18], [5, 21, 6, 20], [7, 1, 8, 24], [9, 13, 10, 12]]"
12a_0093_95,"[[9, 13, 10, 12], [11, 17, 12, 16], [13, 23, 14, 22], [15, 11, 16, 10], [17, 3, 18, 2], [19, 5, 20, 4], [21, 15, 22, 14], [23, 7, 24, 6], [1, 9, 2, 8], [3, 19, 4, 18], [5, 21, 6, 20], [7, 1, 8, 24]]"
12a_0093_96,"[[8, 2, 9, 1], [10, 14, 11, 13], [12, 18, 13, 17], [14, 24, 15, 23], [16, 12, 17, 11], [18, 4, 19, 3], [20, 6, 21, 5], [22, 16, 23, 15], [24, 8, 1, 7], [2, 10, 3, 9], [4, 20, 5, 19], [6, 22, 7, 21]]"
12a_0093_97,"[[6, 22, 7, 21], [8, 2, 9, 1], [10, 14, 11, 13], [12, 18, 13, 17], [14, 24, 15, 23], [16, 12, 17, 11], [18, 4, 19, 3], [20, 6, 21, 5], [22, 16, 23, 15], [24, 8, 1, 7], [2, 10, 3, 9], [4, 20, 5, 19]]"
12a_0093_98,"[[4, 20, 5, 19], [6, 22, 7, 21], [8, 2, 9, 1], [10, 14, 11, 13], [12, 18, 13, 17], [14, 24, 15, 23], [16, 12, 17, 11], [18, 4, 19, 3], [20, 6, 21, 5], [22, 16, 23, 15], [24, 8, 1, 7], [2, 10, 3, 9]]"
12a_0093_99,"[[2, 10, 3, 9], [4, 20, 5, 19], [6, 22, 7, 21], [8, 2, 9, 1], [10, 14, 11, 13], [12, 18, 13, 17], [14, 24, 15, 23], [16, 12, 17, 11], [18, 4, 19, 3], [20, 6, 21, 5], [22, 16, 23, 15], [24, 8, 1, 7]]"
12a_0093_100,"[[24, 8, 1, 7], [2, 10, 3, 9], [4, 20, 5, 19], [6, 22, 7, 21], [8, 2, 9, 1], [10, 14, 11, 13], [12, 18, 13, 17], [14, 24, 15, 23], [16, 12, 17, 11], [18, 4, 19, 3], [20, 6, 21, 5], [22, 16, 23, 15]]"
12a_0093_101,"[[22, 16, 23, 15], [24, 8, 1, 7], [2, 10, 3, 9], [4, 20, 5, 19], [6, 22, 7, 21], [8, 2, 9, 1], [10, 14, 11, 13], [12, 18, 13, 17], [14, 24, 15, 23], [16, 12, 17, 11], [18, 4, 19, 3], [20, 6, 21, 5]]"
12a_0093_102,"[[20, 6, 21, 5], [22, 16, 23, 15], [24, 8, 1, 7], [2, 10, 3, 9], [4, 20, 5, 19], [6, 22, 7, 21], [8, 2, 9, 1], [10, 14, 11, 13], [12, 18, 13, 17], [14, 24, 15, 23], [16, 12, 17, 11], [18, 4, 19, 3]]"
12a_0093_103,"[[18, 4, 19, 3], [20, 6, 21, 5], [22, 16, 23, 15], [24, 8, 1, 7], [2, 10, 3, 9], [4, 20, 5, 19], [6, 22, 7, 21], [8, 2, 9, 1], [10, 14, 11, 13], [12, 18, 13, 17], [14, 24, 15, 23], [16, 12, 17, 11]]"
12a_0093_104,"[[16, 12, 17, 11], [18, 4, 19, 3], [20, 6, 21, 5], [22, 16, 23, 15], [24, 8, 1, 7], [2, 10, 3, 9], [4, 20, 5, 19], [6, 22, 7, 21], [8, 2, 9, 1], [10, 14, 11, 13], [12, 18, 13, 17], [14, 24, 15, 23]]"
12a_0093_105,"[[14, 24, 15, 23], [16, 12, 17, 11], [18, 4, 19, 3], [20, 6, 21, 5], [22, 16, 23, 15], [24, 8, 1, 7], [2, 10, 3, 9], [4, 20, 5, 19], [6, 22, 7, 21], [8, 2, 9, 1], [10, 14, 11, 13], [12, 18, 13, 17]]"
12a_0093_106,"[[12, 18, 13, 17], [14, 24, 15, 23], [16, 12, 17, 11], [18, 4, 19, 3], [20, 6, 21, 5], [22, 16, 23, 15], [24, 8, 1, 7], [2, 10, 3, 9], [4, 20, 5, 19], [6, 22, 7, 21], [8, 2, 9, 1], [10, 14, 11, 13]]"
12a_0093_107,"[[10, 14, 11, 13], [12, 18, 13, 17], [14, 24, 15, 23], [16, 12, 17, 11], [18, 4, 19, 3], [20, 6, 21, 5], [22, 16, 23, 15], [24, 8, 1, 7], [2, 10, 3, 9], [4, 20, 5, 19], [6, 22, 7, 21], [8, 2, 9, 1]]"
12a_0093_108,"[[9, 3, 10, 2], [11, 15, 12, 14], [13, 19, 14, 18], [15, 1, 16, 24], [17, 13, 18, 12], [19, 5, 20, 4], [21, 7, 22, 6], [23, 17, 24, 16], [1, 9, 2, 8], [3, 11, 4, 10], [5, 21, 6, 20], [7, 23, 8, 22]]"
12a_0093_109,"[[7, 23, 8, 22], [9, 3, 10, 2], [11, 15, 12, 14], [13, 19, 14, 18], [15, 1, 16, 24], [17, 13, 18, 12], [19, 5, 20, 4], [21, 7, 22, 6], [23, 17, 24, 16], [1, 9, 2, 8], [3, 11, 4, 10], [5, 21, 6, 20]]"
12a_0093_110,"[[5, 21, 6, 20], [7, 23, 8, 22], [9, 3, 10, 2], [11, 15, 12, 14], [13, 19, 14, 18], [15, 1, 16, 24], [17, 13, 18, 12], [19, 5, 20, 4], [21, 7, 22, 6], [23, 17, 24, 16], [1, 9, 2, 8], [3, 11, 4, 10]]"
12a_0093_111,"[[3, 11, 4, 10], [5, 21, 6, 20], [7, 23, 8, 22], [9, 3, 10, 2], [11, 15, 12, 14], [13, 19, 14, 18], [15, 1, 16, 24], [17, 13, 18, 12], [19, 5, 20, 4], [21, 7, 22, 6], [23, 17, 24, 16], [1, 9, 2, 8]]"
12a_0093_112,"[[1, 9, 2, 8], [3, 11, 4, 10], [5, 21, 6, 20], [7, 23, 8, 22], [9, 3, 10, 2], [11, 15, 12, 14], [13, 19, 14, 18], [15, 1, 16, 24], [17, 13, 18, 12], [19, 5, 20, 4], [21, 7, 22, 6], [23, 17, 24, 16]]"
12a_0093_113,"[[23, 17, 24, 16], [1, 9, 2, 8], [3, 11, 4, 10], [5, 21, 6, 20], [7, 23, 8, 22], [9, 3, 10, 2], [11, 15, 12, 14], [13, 19, 14, 18], [15, 1, 16, 24], [17, 13, 18, 12], [19, 5, 20, 4], [21, 7, 22, 6]]"
12a_0093_114,"[[21, 7, 22, 6], [23, 17, 24, 16], [1, 9, 2, 8], [3, 11, 4, 10], [5, 21, 6, 20], [7, 23, 8, 22], [9, 3, 10, 2], [11, 15, 12, 14], [13, 19, 14, 18], [15, 1, 16, 24], [17, 13, 18, 12], [19, 5, 20, 4]]"
12a_0093_115,"[[19, 5, 20, 4], [21, 7, 22, 6], [23, 17, 24, 16], [1, 9, 2, 8], [3, 11, 4, 10], [5, 21, 6, 20], [7, 23, 8, 22], [9, 3, 10, 2], [11, 15, 12, 14], [13, 19, 14, 18], [15, 1, 16, 24], [17, 13, 18, 12]]"
12a_0093_116,"[[17, 13, 18, 12], [19, 5, 20, 4], [21, 7, 22, 6], [23, 17, 24, 16], [1, 9, 2, 8], [3, 11, 4, 10], [5, 21, 6, 20], [7, 23, 8, 22], [9, 3, 10, 2], [11, 15, 12, 14], [13, 19, 14, 18], [15, 1, 16, 24]]"
12a_0093_117,"[[15, 1, 16, 24], [17, 13, 18, 12], [19, 5, 20, 4], [21, 7, 22, 6], [23, 17, 24, 16], [1, 9, 2, 8], [3, 11, 4, 10], [5, 21, 6, 20], [7, 23, 8, 22], [9, 3, 10, 2], [11, 15, 12, 14], [13, 19, 14, 18]]"
12a_0093_118,"[[13, 19, 14, 18], [15, 1, 16, 24], [17, 13, 18, 12], [19, 5, 20, 4], [21, 7, 22, 6], [23, 17, 24, 16], [1, 9, 2, 8], [3, 11, 4, 10], [5, 21, 6, 20], [7, 23, 8, 22], [9, 3, 10, 2], [11, 15, 12, 14]]"
12a_0093_119,"[[11, 15, 12, 14], [13, 19, 14, 18], [15, 1, 16, 24], [17, 13, 18, 12], [19, 5, 20, 4], [21, 7, 22, 6], [23, 17, 24, 16], [1, 9, 2, 8], [3, 11, 4, 10], [5, 21, 6, 20], [7, 23, 8, 22], [9, 3, 10, 2]]"
12a_0093_120,"[[10, 4, 11, 3], [12, 16, 13, 15], [14, 20, 15, 19], [16, 2, 17, 1], [18, 14, 19, 13], [20, 6, 21, 5], [22, 8, 23, 7], [24, 18, 1, 17], [2, 10, 3, 9], [4, 12, 5, 11], [6, 22, 7, 21], [8, 24, 9, 23]]"
12a_0093_121,"[[8, 24, 9, 23], [10, 4, 11, 3], [12, 16, 13, 15], [14, 20, 15, 19], [16, 2, 17, 1], [18, 14, 19, 13], [20, 6, 21, 5], [22, 8, 23, 7], [24, 18, 1, 17], [2, 10, 3, 9], [4, 12, 5, 11], [6, 22, 7, 21]]"
12a_0093_122,"[[6, 22, 7, 21], [8, 24, 9, 23], [10, 4, 11, 3], [12, 16, 13, 15], [14, 20, 15, 19], [16, 2, 17, 1], [18, 14, 19, 13], [20, 6, 21, 5], [22, 8, 23, 7], [24, 18, 1, 17], [2, 10, 3, 9], [4, 12, 5, 11]]"
12a_0093_123,"[[4, 12, 5, 11], [6, 22, 7, 21], [8, 24, 9, 23], [10, 4, 11, 3], [12, 16, 13, 15], [14, 20, 15, 19], [16, 2, 17, 1], [18, 14, 19, 13], [20, 6, 21, 5], [22, 8, 23, 7], [24, 18, 1, 17], [2, 10, 3, 9]]"
12a_0093_124,"[[2, 10, 3, 9], [4, 12, 5, 11], [6, 22, 7, 21], [8, 24, 9, 23], [10, 4, 11, 3], [12, 16, 13, 15], [14, 20, 15, 19], [16, 2, 17, 1], [18, 14, 19, 13], [20, 6, 21, 5], [22, 8, 23, 7], [24, 18, 1, 17]]"
12a_0093_125,"[[24, 18, 1, 17], [2, 10, 3, 9], [4, 12, 5, 11], [6, 22, 7, 21], [8, 24, 9, 23], [10, 4, 11, 3], [12, 16, 13, 15], [14, 20, 15, 19], [16, 2, 17, 1], [18, 14, 19, 13], [20, 6, 21, 5], [22, 8, 23, 7]]"
12a_0093_126,"[[22, 8, 23, 7], [24, 18, 1, 17], [2, 10, 3, 9], [4, 12, 5, 11], [6, 22, 7, 21], [8, 24, 9, 23], [10, 4, 11, 3], [12, 16, 13, 15], [14, 20, 15, 19], [16, 2, 17, 1], [18, 14, 19, 13], [20, 6, 21, 5]]"
12a_0093_127,"[[20, 6, 21, 5], [22, 8, 23, 7], [24, 18, 1, 17], [2, 10, 3, 9], [4, 12, 5, 11], [6, 22, 7, 21], [8, 24, 9, 23], [10, 4, 11, 3], [12, 16, 13, 15], [14, 20, 15, 19], [16, 2, 17, 1], [18, 14, 19, 13]]"
12a_0093_128,"[[18, 14, 19, 13], [20, 6, 21, 5], [22, 8, 23, 7], [24, 18, 1, 17], [2, 10, 3, 9], [4, 12, 5, 11], [6, 22, 7, 21], [8, 24, 9, 23], [10, 4, 11, 3], [12, 16, 13, 15], [14, 20, 15, 19], [16, 2, 17, 1]]"
12a_0093_129,"[[16, 2, 17, 1], [18, 14, 19, 13], [20, 6, 21, 5], [22, 8, 23, 7], [24, 18, 1, 17], [2, 10, 3, 9], [4, 12, 5, 11], [6, 22, 7, 21], [8, 24, 9, 23], [10, 4, 11, 3], [12, 16, 13, 15], [14, 20, 15, 19]]"
12a_0093_130,"[[14, 20, 15, 19], [16, 2, 17, 1], [18, 14, 19, 13], [20, 6, 21, 5], [22, 8, 23, 7], [24, 18, 1, 17], [2, 10, 3, 9], [4, 12, 5, 11], [6, 22, 7, 21], [8, 24, 9, 23], [10, 4, 11, 3], [12, 16, 13, 15]]"
12a_0093_131,"[[12, 16, 13, 15], [14, 20, 15, 19], [16, 2, 17, 1], [18, 14, 19, 13], [20, 6, 21, 5], [22, 8, 23, 7], [24, 18, 1, 17], [2, 10, 3, 9], [4, 12, 5, 11], [6, 22, 7, 21], [8, 24, 9, 23], [10, 4, 11, 3]]"
12a_0093_132,"[[11, 5, 12, 4], [13, 17, 14, 16], [15, 21, 16, 20], [17, 3, 18, 2], [19, 15, 20, 14], [21, 7, 22, 6], [23, 9, 24, 8], [1, 19, 2, 18], [3, 11, 4, 10], [5, 13, 6, 12], [7, 23, 8, 22], [9, 1, 10, 24]]"
12a_0093_133,"[[9, 1, 10, 24], [11, 5, 12, 4], [13, 17, 14, 16], [15, 21, 16, 20], [17, 3, 18, 2], [19, 15, 20, 14], [21, 7, 22, 6], [23, 9, 24, 8], [1, 19, 2, 18], [3, 11, 4, 10], [5, 13, 6, 12], [7, 23, 8, 22]]"
12a_0093_134,"[[7, 23, 8, 22], [9, 1, 10, 24], [11, 5, 12, 4], [13, 17, 14, 16], [15, 21, 16, 20], [17, 3, 18, 2], [19, 15, 20, 14], [21, 7, 22, 6], [23, 9, 24, 8], [1, 19, 2, 18], [3, 11, 4, 10], [5, 13, 6, 12]]"
12a_0093_135,"[[5, 13, 6, 12], [7, 23, 8, 22], [9, 1, 10, 24], [11, 5, 12, 4], [13, 17, 14, 16], [15, 21, 16, 20], [17, 3, 18, 2], [19, 15, 20, 14], [21, 7, 22, 6], [23, 9, 24, 8], [1, 19, 2, 18], [3, 11, 4, 10]]"
12a_0093_136,"[[3, 11, 4, 10], [5, 13, 6, 12], [7, 23, 8, 22], [9, 1, 10, 24], [11, 5, 12, 4], [13, 17, 14, 16], [15, 21, 16, 20], [17, 3, 18, 2], [19, 15, 20, 14], [21, 7, 22, 6], [23, 9, 24, 8], [1, 19, 2, 18]]"
12a_0093_137,"[[1, 19, 2, 18], [3, 11, 4, 10], [5, 13, 6, 12], [7, 23, 8, 22], [9, 1, 10, 24], [11, 5, 12, 4], [13, 17, 14, 16], [15, 21, 16, 20], [17, 3, 18, 2], [19, 15, 20, 14], [21, 7, 22, 6], [23, 9, 24, 8]]"
12a_0093_138,"[[23, 9, 24, 8], [1, 19, 2, 18], [3, 11, 4, 10], [5, 13, 6, 12], [7, 23, 8, 22], [9, 1, 10, 24], [11, 5, 12, 4], [13, 17, 14, 16], [15, 21, 16, 20], [17, 3, 18, 2], [19, 15, 20, 14], [21, 7, 22, 6]]"
12a_0093_139,"[[21, 7, 22, 6], [23, 9, 24, 8], [1, 19, 2, 18], [3, 11, 4, 10], [5, 13, 6, 12], [7, 23, 8, 22], [9, 1, 10, 24], [11, 5, 12, 4], [13, 17, 14, 16], [15, 21, 16, 20], [17, 3, 18, 2], [19, 15, 20, 14]]"
12a_0093_140,"[[19, 15, 20, 14], [21, 7, 22, 6], [23, 9, 24, 8], [1, 19, 2, 18], [3, 11, 4, 10], [5, 13, 6, 12], [7, 23, 8, 22], [9, 1, 10, 24], [11, 5, 12, 4], [13, 17, 14, 16], [15, 21, 16, 20], [17, 3, 18, 2]]"
12a_0093_141,"[[17, 3, 18, 2], [19, 15, 20, 14], [21, 7, 22, 6], [23, 9, 24, 8], [1, 19, 2, 18], [3, 11, 4, 10], [5, 13, 6, 12], [7, 23, 8, 22], [9, 1, 10, 24], [11, 5, 12, 4], [13, 17, 14, 16], [15, 21, 16, 20]]"
12a_0093_142,"[[15, 21, 16, 20], [17, 3, 18, 2], [19, 15, 20, 14], [21, 7, 22, 6], [23, 9, 24, 8], [1, 19, 2, 18], [3, 11, 4, 10], [5, 13, 6, 12], [7, 23, 8, 22], [9, 1, 10, 24], [11, 5, 12, 4], [13, 17, 14, 16]]"
12a_0093_143,"[[13, 17, 14, 16], [15, 21, 16, 20], [17, 3, 18, 2], [19, 15, 20, 14], [21, 7, 22, 6], [23, 9, 24, 8], [1, 19, 2, 18], [3, 11, 4, 10], [5, 13, 6, 12], [7, 23, 8, 22], [9, 1, 10, 24], [11, 5, 12, 4]]"
12a_0093_144,"[[12, 6, 13, 5], [14, 18, 15, 17], [16, 22, 17, 21], [18, 4, 19, 3], [20, 16, 21, 15], [22, 8, 23, 7], [24, 10, 1, 9], [2, 20, 3, 19], [4, 12, 5, 11], [6, 14, 7, 13], [8, 24, 9, 23], [10, 2, 11, 1]]"
12a_0093_145,"[[10, 2, 11, 1], [12, 6, 13, 5], [14, 18, 15, 17], [16, 22, 17, 21], [18, 4, 19, 3], [20, 16, 21, 15], [22, 8, 23, 7], [24, 10, 1, 9], [2, 20, 3, 19], [4, 12, 5, 11], [6, 14, 7, 13], [8, 24, 9, 23]]"
12a_0093_146,"[[8, 24, 9, 23], [10, 2, 11, 1], [12, 6, 13, 5], [14, 18, 15, 17], [16, 22, 17, 21], [18, 4, 19, 3], [20, 16, 21, 15], [22, 8, 23, 7], [24, 10, 1, 9], [2, 20, 3, 19], [4, 12, 5, 11], [6, 14, 7, 13]]"
12a_0093_147,"[[6, 14, 7, 13], [8, 24, 9, 23], [10, 2, 11, 1], [12, 6, 13, 5], [14, 18, 15, 17], [16, 22, 17, 21], [18, 4, 19, 3], [20, 16, 21, 15], [22, 8, 23, 7], [24, 10, 1, 9], [2, 20, 3, 19], [4, 12, 5, 11]]"
12a_0093_148,"[[4, 12, 5, 11], [6, 14, 7, 13], [8, 24, 9, 23], [10, 2, 11, 1], [12, 6, 13, 5], [14, 18, 15, 17], [16, 22, 17, 21], [18, 4, 19, 3], [20, 16, 21, 15], [22, 8, 23, 7], [24, 10, 1, 9], [2, 20, 3, 19]]"
12a_0093_149,"[[2, 20, 3, 19], [4, 12, 5, 11], [6, 14, 7, 13], [8, 24, 9, 23], [10, 2, 11, 1], [12, 6, 13, 5], [14, 18, 15, 17], [16, 22, 17, 21], [18, 4, 19, 3], [20, 16, 21, 15], [22, 8, 23, 7], [24, 10, 1, 9]]"
12a_0093_150,"[[24, 10, 1, 9], [2, 20, 3, 19], [4, 12, 5, 11], [6, 14, 7, 13], [8, 24, 9, 23], [10, 2, 11, 1], [12, 6, 13, 5], [14, 18, 15, 17], [16, 22, 17, 21], [18, 4, 19, 3], [20, 16, 21, 15], [22, 8, 23, 7]]"
12a_0093_151,"[[22, 8, 23, 7], [24, 10, 1, 9], [2, 20, 3, 19], [4, 12, 5, 11], [6, 14, 7, 13], [8, 24, 9, 23], [10, 2, 11, 1], [12, 6, 13, 5], [14, 18, 15, 17], [16, 22, 17, 21], [18, 4, 19, 3], [20, 16, 21, 15]]"
12a_0093_152,"[[20, 16, 21, 15], [22, 8, 23, 7], [24, 10, 1, 9], [2, 20, 3, 19], [4, 12, 5, 11], [6, 14, 7, 13], [8, 24, 9, 23], [10, 2, 11, 1], [12, 6, 13, 5], [14, 18, 15, 17], [16, 22, 17, 21], [18, 4, 19, 3]]"
12a_0093_153,"[[18, 4, 19, 3], [20, 16, 21, 15], [22, 8, 23, 7], [24, 10, 1, 9], [2, 20, 3, 19], [4, 12, 5, 11], [6, 14, 7, 13], [8, 24, 9, 23], [10, 2, 11, 1], [12, 6, 13, 5], [14, 18, 15, 17], [16, 22, 17, 21]]"
12a_0093_154,"[[16, 22, 17, 21], [18, 4, 19, 3], [20, 16, 21, 15], [22, 8, 23, 7], [24, 10, 1, 9], [2, 20, 3, 19], [4, 12, 5, 11], [6, 14, 7, 13], [8, 24, 9, 23], [10, 2, 11, 1], [12, 6, 13, 5], [14, 18, 15, 17]]"
12a_0093_155,"[[14, 18, 15, 17], [16, 22, 17, 21], [18, 4, 19, 3], [20, 16, 21, 15], [22, 8, 23, 7], [24, 10, 1, 9], [2, 20, 3, 19], [4, 12, 5, 11], [6, 14, 7, 13], [8, 24, 9, 23], [10, 2, 11, 1], [12, 6, 13, 5]]"
12a_0093_156,"[[13, 7, 14, 6], [15, 19, 16, 18], [17, 23, 18, 22], [19, 5, 20, 4], [21, 17, 22, 16], [23, 9, 24, 8], [1, 11, 2, 10], [3, 21, 4, 20], [5, 13, 6, 12], [7, 15, 8, 14], [9, 1, 10, 24], [11, 3, 12, 2]]"
12a_0093_157,"[[11, 3, 12, 2], [13, 7, 14, 6], [15, 19, 16, 18], [17, 23, 18, 22], [19, 5, 20, 4], [21, 17, 22, 16], [23, 9, 24, 8], [1, 11, 2, 10], [3, 21, 4, 20], [5, 13, 6, 12], [7, 15, 8, 14], [9, 1, 10, 24]]"
12a_0093_158,"[[9, 1, 10, 24], [11, 3, 12, 2], [13, 7, 14, 6], [15, 19, 16, 18], [17, 23, 18, 22], [19, 5, 20, 4], [21, 17, 22, 16], [23, 9, 24, 8], [1, 11, 2, 10], [3, 21, 4, 20], [5, 13, 6, 12], [7, 15, 8, 14]]"
12a_0093_159,"[[7, 15, 8, 14], [9, 1, 10, 24], [11, 3, 12, 2], [13, 7, 14, 6], [15, 19, 16, 18], [17, 23, 18, 22], [19, 5, 20, 4], [21, 17, 22, 16], [23, 9, 24, 8], [1, 11, 2, 10], [3, 21, 4, 20], [5, 13, 6, 12]]"
12a_0093_160,"[[5, 13, 6, 12], [7, 15, 8, 14], [9, 1, 10, 24], [11, 3, 12, 2], [13, 7, 14, 6], [15, 19, 16, 18], [17, 23, 18, 22], [19, 5, 20, 4], [21, 17, 22, 16], [23, 9, 24, 8], [1, 11, 2, 10], [3, 21, 4, 20]]"
12a_0093_161,"[[3, 21, 4, 20], [5, 13, 6, 12], [7, 15, 8, 14], [9, 1, 10, 24], [11, 3, 12, 2], [13, 7, 14, 6], [15, 19, 16, 18], [17, 23, 18, 22], [19, 5, 20, 4], [21, 17, 22, 16], [23, 9, 24, 8], [1, 11, 2, 10]]"
12a_0093_162,"[[1, 11, 2, 10], [3, 21, 4, 20], [5, 13, 6, 12], [7, 15, 8, 14], [9, 1, 10, 24], [11, 3, 12, 2], [13, 7, 14, 6], [15, 19, 16, 18], [17, 23, 18, 22], [19, 5, 20, 4], [21, 17, 22, 16], [23, 9, 24, 8]]"
12a_0093_163,"[[23, 9, 24, 8], [1, 11, 2, 10], [3, 21, 4, 20], [5, 13, 6, 12], [7, 15, 8, 14], [9, 1, 10, 24], [11, 3, 12, 2], [13, 7, 14, 6], [15, 19, 16, 18], [17, 23, 18, 22], [19, 5, 20, 4], [21, 17, 22, 16]]"
12a_0093_164,"[[21, 17, 22, 16], [23, 9, 24, 8], [1, 11, 2, 10], [3, 21, 4, 20], [5, 13, 6, 12], [7, 15, 8, 14], [9, 1, 10, 24], [11, 3, 12, 2], [13, 7, 14, 6], [15, 19, 16, 18], [17, 23, 18, 22], [19, 5, 20, 4]]"
12a_0093_165,"[[19, 5, 20, 4], [21, 17, 22, 16], [23, 9, 24, 8], [1, 11, 2, 10], [3, 21, 4, 20], [5, 13, 6, 12], [7, 15, 8, 14], [9, 1, 10, 24], [11, 3, 12, 2], [13, 7, 14, 6], [15, 19, 16, 18], [17, 23, 18, 22]]"
12a_0093_166,"[[17, 23, 18, 22], [19, 5, 20, 4], [21, 17, 22, 16], [23, 9, 24, 8], [1, 11, 2, 10], [3, 21, 4, 20], [5, 13, 6, 12], [7, 15, 8, 14], [9, 1, 10, 24], [11, 3, 12, 2], [13, 7, 14, 6], [15, 19, 16, 18]]"
12a_0093_167,"[[15, 19, 16, 18], [17, 23, 18, 22], [19, 5, 20, 4], [21, 17, 22, 16], [23, 9, 24, 8], [1, 11, 2, 10], [3, 21, 4, 20], [5, 13, 6, 12], [7, 15, 8, 14], [9, 1, 10, 24], [11, 3, 12, 2], [13, 7, 14, 6]]"
12a_0093_168,"[[14, 8, 15, 7], [16, 20, 17, 19], [18, 24, 19, 23], [20, 6, 21, 5], [22, 18, 23, 17], [24, 10, 1, 9], [2, 12, 3, 11], [4, 22, 5, 21], [6, 14, 7, 13], [8, 16, 9, 15], [10, 2, 11, 1], [12, 4, 13, 3]]"
12a_0093_169,"[[12, 4, 13, 3], [14, 8, 15, 7], [16, 20, 17, 19], [18, 24, 19, 23], [20, 6, 21, 5], [22, 18, 23, 17], [24, 10, 1, 9], [2, 12, 3, 11], [4, 22, 5, 21], [6, 14, 7, 13], [8, 16, 9, 15], [10, 2, 11, 1]]"
12a_0093_170,"[[10, 2, 11, 1], [12, 4, 13, 3], [14, 8, 15, 7], [16, 20, 17, 19], [18, 24, 19, 23], [20, 6, 21, 5], [22, 18, 23, 17], [24, 10, 1, 9], [2, 12, 3, 11], [4, 22, 5, 21], [6, 14, 7, 13], [8, 16, 9, 15]]"
12a_0093_171,"[[8, 16, 9, 15], [10, 2, 11, 1], [12, 4, 13, 3], [14, 8, 15, 7], [16, 20, 17, 19], [18, 24, 19, 23], [20, 6, 21, 5], [22, 18, 23, 17], [24, 10, 1, 9], [2, 12, 3, 11], [4, 22, 5, 21], [6, 14, 7, 13]]"
12a_0093_172,"[[6, 14, 7, 13], [8, 16, 9, 15], [10, 2, 11, 1], [12, 4, 13, 3], [14, 8, 15, 7], [16, 20, 17, 19], [18, 24, 19, 23], [20, 6, 21, 5], [22, 18, 23, 17], [24, 10, 1, 9], [2, 12, 3, 11], [4, 22, 5, 21]]"
12a_0093_173,"[[4, 22, 5, 21], [6, 14, 7, 13], [8, 16, 9, 15], [10, 2, 11, 1], [12, 4, 13, 3], [14, 8, 15, 7], [16, 20, 17, 19], [18, 24, 19, 23], [20, 6, 21, 5], [22, 18, 23, 17], [24, 10, 1, 9], [2, 12, 3, 11]]"
12a_0093_174,"[[2, 12, 3, 11], [4, 22, 5, 21], [6, 14, 7, 13], [8, 16, 9, 15], [10, 2, 11, 1], [12, 4, 13, 3], [14, 8, 15, 7], [16, 20, 17, 19], [18, 24, 19, 23], [20, 6, 21, 5], [22, 18, 23, 17], [24, 10, 1, 9]]"
12a_0093_175,"[[24, 10, 1, 9], [2, 12, 3, 11], [4, 22, 5, 21], [6, 14, 7, 13], [8, 16, 9, 15], [10, 2, 11, 1], [12, 4, 13, 3], [14, 8, 15, 7], [16, 20, 17, 19], [18, 24, 19, 23], [20, 6, 21, 5], [22, 18, 23, 17]]"
12a_0093_176,"[[22, 18, 23, 17], [24, 10, 1, 9], [2, 12, 3, 11], [4, 22, 5, 21], [6, 14, 7, 13], [8, 16, 9, 15], [10, 2, 11, 1], [12, 4, 13, 3], [14, 8, 15, 7], [16, 20, 17, 19], [18, 24, 19, 23], [20, 6, 21, 5]]"
12a_0093_177,"[[20, 6, 21, 5], [22, 18, 23, 17], [24, 10, 1, 9], [2, 12, 3, 11], [4, 22, 5, 21], [6, 14, 7, 13], [8, 16, 9, 15], [10, 2, 11, 1], [12, 4, 13, 3], [14, 8, 15, 7], [16, 20, 17, 19], [18, 24, 19, 23]]"
12a_0093_178,"[[18, 24, 19, 23], [20, 6, 21, 5], [22, 18, 23, 17], [24, 10, 1, 9], [2, 12, 3, 11], [4, 22, 5, 21], [6, 14, 7, 13], [8, 16, 9, 15], [10, 2, 11, 1], [12, 4, 13, 3], [14, 8, 15, 7], [16, 20, 17, 19]]"
12a_0093_179,"[[16, 20, 17, 19], [18, 24, 19, 23], [20, 6, 21, 5], [22, 18, 23, 17], [24, 10, 1, 9], [2, 12, 3, 11], [4, 22, 5, 21], [6, 14, 7, 13], [8, 16, 9, 15], [10, 2, 11, 1], [12, 4, 13, 3], [14, 8, 15, 7]]"
12a_0093_180,"[[15, 9, 16, 8], [17, 21, 18, 20], [19, 1, 20, 24], [21, 7, 22, 6], [23, 19, 24, 18], [1, 11, 2, 10], [3, 13, 4, 12], [5, 23, 6, 22], [7, 15, 8, 14], [9, 17, 10, 16], [11, 3, 12, 2], [13, 5, 14, 4]]"
12a_0093_181,"[[13, 5, 14, 4], [15, 9, 16, 8], [17, 21, 18, 20], [19, 1, 20, 24], [21, 7, 22, 6], [23, 19, 24, 18], [1, 11, 2, 10], [3, 13, 4, 12], [5, 23, 6, 22], [7, 15, 8, 14], [9, 17, 10, 16], [11, 3, 12, 2]]"
12a_0093_182,"[[11, 3, 12, 2], [13, 5, 14, 4], [15, 9, 16, 8], [17, 21, 18, 20], [19, 1, 20, 24], [21, 7, 22, 6], [23, 19, 24, 18], [1, 11, 2, 10], [3, 13, 4, 12], [5, 23, 6, 22], [7, 15, 8, 14], [9, 17, 10, 16]]"
12a_0093_183,"[[9, 17, 10, 16], [11, 3, 12, 2], [13, 5, 14, 4], [15, 9, 16, 8], [17, 21, 18, 20], [19, 1, 20, 24], [21, 7, 22, 6], [23, 19, 24, 18], [1, 11, 2, 10], [3, 13, 4, 12], [5, 23, 6, 22], [7, 15, 8, 14]]"
12a_0093_184,"[[7, 15, 8, 14], [9, 17, 10, 16], [11, 3, 12, 2], [13, 5, 14, 4], [15, 9, 16, 8], [17, 21, 18, 20], [19, 1, 20, 24], [21, 7, 22, 6], [23, 19, 24, 18], [1, 11, 2, 10], [3, 13, 4, 12], [5, 23, 6, 22]]"
12a_0093_185,"[[5, 23, 6, 22], [7, 15, 8, 14], [9, 17, 10, 16], [11, 3, 12, 2], [13, 5, 14, 4], [15, 9, 16, 8], [17, 21, 18, 20], [19, 1, 20, 24], [21, 7, 22, 6], [23, 19, 24, 18], [1, 11, 2, 10], [3, 13, 4, 12]]"
