name,pd_notation
12a_1259_0,"[[24, 16, 1, 15], [2, 10, 3, 9], [4, 14, 5, 13], [6, 17, 7, 18], [8, 19, 9, 20], [10, 4, 11, 3], [12, 21, 13, 22], [14, 2, 15, 1], [16, 24, 17, 23], [18, 7, 19, 8], [20, 11, 21, 12], [22, 5, 23, 6]]"
12a_1259_1,"[[22, 5, 23, 6], [24, 16, 1, 15], [2, 10, 3, 9], [4, 14, 5, 13], [6, 17, 7, 18], [8, 19, 9, 20], [10, 4, 11, 3], [12, 21, 13, 22], [14, 2, 15, 1], [16, 24, 17, 23], [18, 7, 19, 8], [20, 11, 21, 12]]"
12a_1259_2,"[[20, 11, 21, 12], [22, 5, 23, 6], [24, 16, 1, 15], [2, 10, 3, 9], [4, 14, 5, 13], [6, 17, 7, 18], [8, 19, 9, 20], [10, 4, 11, 3], [12, 21, 13, 22], [14, 2, 15, 1], [16, 24, 17, 23], [18, 7, 19, 8]]"
12a_1259_3,"[[18, 7, 19, 8], [20, 11, 21, 12], [22, 5, 23, 6], [24, 16, 1, 15], [2, 10, 3, 9], [4, 14, 5, 13], [6, 17, 7, 18], [8, 19, 9, 20], [10, 4, 11, 3], [12, 21, 13, 22], [14, 2, 15, 1], [16, 24, 17, 23]]"
12a_1259_4,"[[16, 24, 17, 23], [18, 7, 19, 8], [20, 11, 21, 12], [22, 5, 23, 6], [24, 16, 1, 15], [2, 10, 3, 9], [4, 14, 5, 13], [6, 17, 7, 18], [8, 19, 9, 20], [10, 4, 11, 3], [12, 21, 13, 22], [14, 2, 15, 1]]"
12a_1259_5,"[[14, 2, 15, 1], [16, 24, 17, 23], [18, 7, 19, 8], [20, 11, 21, 12], [22, 5, 23, 6], [24, 16, 1, 15], [2, 10, 3, 9], [4, 14, 5, 13], [6, 17, 7, 18], [8, 19, 9, 20], [10, 4, 11, 3], [12, 21, 13, 22]]"
12a_1259_6,"[[12, 21, 13, 22], [14, 2, 15, 1], [16, 24, 17, 23], [18, 7, 19, 8], [20, 11, 21, 12], [22, 5, 23, 6], [24, 16, 1, 15], [2, 10, 3, 9], [4, 14, 5, 13], [6, 17, 7, 18], [8, 19, 9, 20], [10, 4, 11, 3]]"
12a_1259_7,"[[10, 4, 11, 3], [12, 21, 13, 22], [14, 2, 15, 1], [16, 24, 17, 23], [18, 7, 19, 8], [20, 11, 21, 12], [22, 5, 23, 6], [24, 16, 1, 15], [2, 10, 3, 9], [4, 14, 5, 13], [6, 17, 7, 18], [8, 19, 9, 20]]"
12a_1259_8,"[[8, 19, 9, 20], [10, 4, 11, 3], [12, 21, 13, 22], [14, 2, 15, 1], [16, 24, 17, 23], [18, 7, 19, 8], [20, 11, 21, 12], [22, 5, 23, 6], [24, 16, 1, 15], [2, 10, 3, 9], [4, 14, 5, 13], [6, 17, 7, 18]]"
12a_1259_9,"[[6, 17, 7, 18], [8, 19, 9, 20], [10, 4, 11, 3], [12, 21, 13, 22], [14, 2, 15, 1], [16, 24, 17, 23], [18, 7, 19, 8], [20, 11, 21, 12], [22, 5, 23, 6], [24, 16, 1, 15], [2, 10, 3, 9], [4, 14, 5, 13]]"
12a_1259_10,"[[4, 14, 5, 13], [6, 17, 7, 18], [8, 19, 9, 20], [10, 4, 11, 3], [12, 21, 13, 22], [14, 2, 15, 1], [16, 24, 17, 23], [18, 7, 19, 8], [20, 11, 21, 12], [22, 5, 23, 6], [24, 16, 1, 15], [2, 10, 3, 9]]"
12a_1259_11,"[[2, 10, 3, 9], [4, 14, 5, 13], [6, 17, 7, 18], [8, 19, 9, 20], [10, 4, 11, 3], [12, 21, 13, 22], [14, 2, 15, 1], [16, 24, 17, 23], [18, 7, 19, 8], [20, 11, 21, 12], [22, 5, 23, 6], [24, 16, 1, 15]]"
12a_1259_12,"[[1, 17, 2, 16], [3, 11, 4, 10], [5, 15, 6, 14], [7, 18, 8, 19], [9, 20, 10, 21], [11, 5, 12, 4], [13, 22, 14, 23], [15, 3, 16, 2], [17, 1, 18, 24], [19, 8, 20, 9], [21, 12, 22, 13], [23, 6, 24, 7]]"
12a_1259_13,"[[23, 6, 24, 7], [1, 17, 2, 16], [3, 11, 4, 10], [5, 15, 6, 14], [7, 18, 8, 19], [9, 20, 10, 21], [11, 5, 12, 4], [13, 22, 14, 23], [15, 3, 16, 2], [17, 1, 18, 24], [19, 8, 20, 9], [21, 12, 22, 13]]"
12a_1259_14,"[[21, 12, 22, 13], [23, 6, 24, 7], [1, 17, 2, 16], [3, 11, 4, 10], [5, 15, 6, 14], [7, 18, 8, 19], [9, 20, 10, 21], [11, 5, 12, 4], [13, 22, 14, 23], [15, 3, 16, 2], [17, 1, 18, 24], [19, 8, 20, 9]]"
12a_1259_15,"[[19, 8, 20, 9], [21, 12, 22, 13], [23, 6, 24, 7], [1, 17, 2, 16], [3, 11, 4, 10], [5, 15, 6, 14], [7, 18, 8, 19], [9, 20, 10, 21], [11, 5, 12, 4], [13, 22, 14, 23], [15, 3, 16, 2], [17, 1, 18, 24]]"
12a_1259_16,"[[17, 1, 18, 24], [19, 8, 20, 9], [21, 12, 22, 13], [23, 6, 24, 7], [1, 17, 2, 16], [3, 11, 4, 10], [5, 15, 6, 14], [7, 18, 8, 19], [9, 20, 10, 21], [11, 5, 12, 4], [13, 22, 14, 23], [15, 3, 16, 2]]"
12a_1259_17,"[[15, 3, 16, 2], [17, 1, 18, 24], [19, 8, 20, 9], [21, 12, 22, 13], [23, 6, 24, 7], [1, 17, 2, 16], [3, 11, 4, 10], [5, 15, 6, 14], [7, 18, 8, 19], [9, 20, 10, 21], [11, 5, 12, 4], [13, 22, 14, 23]]"
12a_1259_18,"[[13, 22, 14, 23], [15, 3, 16, 2], [17, 1, 18, 24], [19, 8, 20, 9], [21, 12, 22, 13], [23, 6, 24, 7], [1, 17, 2, 16], [3, 11, 4, 10], [5, 15, 6, 14], [7, 18, 8, 19], [9, 20, 10, 21], [11, 5, 12, 4]]"
12a_1259_19,"[[11, 5, 12, 4], [13, 22, 14, 23], [15, 3, 16, 2], [17, 1, 18, 24], [19, 8, 20, 9], [21, 12, 22, 13], [23, 6, 24, 7], [1, 17, 2, 16], [3, 11, 4, 10], [5, 15, 6, 14], [7, 18, 8, 19], [9, 20, 10, 21]]"
12a_1259_20,"[[9, 20, 10, 21], [11, 5, 12, 4], [13, 22, 14, 23], [15, 3, 16, 2], [17, 1, 18, 24], [19, 8, 20, 9], [21, 12, 22, 13], [23, 6, 24, 7], [1, 17, 2, 16], [3, 11, 4, 10], [5, 15, 6, 14], [7, 18, 8, 19]]"
12a_1259_21,"[[7, 18, 8, 19], [9, 20, 10, 21], [11, 5, 12, 4], [13, 22, 14, 23], [15, 3, 16, 2], [17, 1, 18, 24], [19, 8, 20, 9], [21, 12, 22, 13], [23, 6, 24, 7], [1, 17, 2, 16], [3, 11, 4, 10], [5, 15, 6, 14]]"
12a_1259_22,"[[5, 15, 6, 14], [7, 18, 8, 19], [9, 20, 10, 21], [11, 5, 12, 4], [13, 22, 14, 23], [15, 3, 16, 2], [17, 1, 18, 24], [19, 8, 20, 9], [21, 12, 22, 13], [23, 6, 24, 7], [1, 17, 2, 16], [3, 11, 4, 10]]"
12a_1259_23,"[[3, 11, 4, 10], [5, 15, 6, 14], [7, 18, 8, 19], [9, 20, 10, 21], [11, 5, 12, 4], [13, 22, 14, 23], [15, 3, 16, 2], [17, 1, 18, 24], [19, 8, 20, 9], [21, 12, 22, 13], [23, 6, 24, 7], [1, 17, 2, 16]]"
12a_1259_24,"[[2, 18, 3, 17], [4, 12, 5, 11], [6, 16, 7, 15], [8, 19, 9, 20], [10, 21, 11, 22], [12, 6, 13, 5], [14, 23, 15, 24], [16, 4, 17, 3], [18, 2, 19, 1], [20, 9, 21, 10], [22, 13, 23, 14], [24, 7, 1, 8]]"
12a_1259_25,"[[24, 7, 1, 8], [2, 18, 3, 17], [4, 12, 5, 11], [6, 16, 7, 15], [8, 19, 9, 20], [10, 21, 11, 22], [12, 6, 13, 5], [14, 23, 15, 24], [16, 4, 17, 3], [18, 2, 19, 1], [20, 9, 21, 10], [22, 13, 23, 14]]"
12a_1259_26,"[[22, 13, 23, 14], [24, 7, 1, 8], [2, 18, 3, 17], [4, 12, 5, 11], [6, 16, 7, 15], [8, 19, 9, 20], [10, 21, 11, 22], [12, 6, 13, 5], [14, 23, 15, 24], [16, 4, 17, 3], [18, 2, 19, 1], [20, 9, 21, 10]]"
12a_1259_27,"[[20, 9, 21, 10], [22, 13, 23, 14], [24, 7, 1, 8], [2, 18, 3, 17], [4, 12, 5, 11], [6, 16, 7, 15], [8, 19, 9, 20], [10, 21, 11, 22], [12, 6, 13, 5], [14, 23, 15, 24], [16, 4, 17, 3], [18, 2, 19, 1]]"
12a_1259_28,"[[18, 2, 19, 1], [20, 9, 21, 10], [22, 13, 23, 14], [24, 7, 1, 8], [2, 18, 3, 17], [4, 12, 5, 11], [6, 16, 7, 15], [8, 19, 9, 20], [10, 21, 11, 22], [12, 6, 13, 5], [14, 23, 15, 24], [16, 4, 17, 3]]"
12a_1259_29,"[[16, 4, 17, 3], [18, 2, 19, 1], [20, 9, 21, 10], [22, 13, 23, 14], [24, 7, 1, 8], [2, 18, 3, 17], [4, 12, 5, 11], [6, 16, 7, 15], [8, 19, 9, 20], [10, 21, 11, 22], [12, 6, 13, 5], [14, 23, 15, 24]]"
12a_1259_30,"[[14, 23, 15, 24], [16, 4, 17, 3], [18, 2, 19, 1], [20, 9, 21, 10], [22, 13, 23, 14], [24, 7, 1, 8], [2, 18, 3, 17], [4, 12, 5, 11], [6, 16, 7, 15], [8, 19, 9, 20], [10, 21, 11, 22], [12, 6, 13, 5]]"
12a_1259_31,"[[12, 6, 13, 5], [14, 23, 15, 24], [16, 4, 17, 3], [18, 2, 19, 1], [20, 9, 21, 10], [22, 13, 23, 14], [24, 7, 1, 8], [2, 18, 3, 17], [4, 12, 5, 11], [6, 16, 7, 15], [8, 19, 9, 20], [10, 21, 11, 22]]"
12a_1259_32,"[[10, 21, 11, 22], [12, 6, 13, 5], [14, 23, 15, 24], [16, 4, 17, 3], [18, 2, 19, 1], [20, 9, 21, 10], [22, 13, 23, 14], [24, 7, 1, 8], [2, 18, 3, 17], [4, 12, 5, 11], [6, 16, 7, 15], [8, 19, 9, 20]]"
12a_1259_33,"[[8, 19, 9, 20], [10, 21, 11, 22], [12, 6, 13, 5], [14, 23, 15, 24], [16, 4, 17, 3], [18, 2, 19, 1], [20, 9, 21, 10], [22, 13, 23, 14], [24, 7, 1, 8], [2, 18, 3, 17], [4, 12, 5, 11], [6, 16, 7, 15]]"
12a_1259_34,"[[6, 16, 7, 15], [8, 19, 9, 20], [10, 21, 11, 22], [12, 6, 13, 5], [14, 23, 15, 24], [16, 4, 17, 3], [18, 2, 19, 1], [20, 9, 21, 10], [22, 13, 23, 14], [24, 7, 1, 8], [2, 18, 3, 17], [4, 12, 5, 11]]"
12a_1259_35,"[[4, 12, 5, 11], [6, 16, 7, 15], [8, 19, 9, 20], [10, 21, 11, 22], [12, 6, 13, 5], [14, 23, 15, 24], [16, 4, 17, 3], [18, 2, 19, 1], [20, 9, 21, 10], [22, 13, 23, 14], [24, 7, 1, 8], [2, 18, 3, 17]]"
12a_1259_36,"[[3, 19, 4, 18], [5, 13, 6, 12], [7, 17, 8, 16], [9, 20, 10, 21], [11, 22, 12, 23], [13, 7, 14, 6], [15, 24, 16, 1], [17, 5, 18, 4], [19, 3, 20, 2], [21, 10, 22, 11], [23, 14, 24, 15], [1, 8, 2, 9]]"
12a_1259_37,"[[1, 8, 2, 9], [3, 19, 4, 18], [5, 13, 6, 12], [7, 17, 8, 16], [9, 20, 10, 21], [11, 22, 12, 23], [13, 7, 14, 6], [15, 24, 16, 1], [17, 5, 18, 4], [19, 3, 20, 2], [21, 10, 22, 11], [23, 14, 24, 15]]"
12a_1259_38,"[[23, 14, 24, 15], [1, 8, 2, 9], [3, 19, 4, 18], [5, 13, 6, 12], [7, 17, 8, 16], [9, 20, 10, 21], [11, 22, 12, 23], [13, 7, 14, 6], [15, 24, 16, 1], [17, 5, 18, 4], [19, 3, 20, 2], [21, 10, 22, 11]]"
12a_1259_39,"[[21, 10, 22, 11], [23, 14, 24, 15], [1, 8, 2, 9], [3, 19, 4, 18], [5, 13, 6, 12], [7, 17, 8, 16], [9, 20, 10, 21], [11, 22, 12, 23], [13, 7, 14, 6], [15, 24, 16, 1], [17, 5, 18, 4], [19, 3, 20, 2]]"
12a_1259_40,"[[19, 3, 20, 2], [21, 10, 22, 11], [23, 14, 24, 15], [1, 8, 2, 9], [3, 19, 4, 18], [5, 13, 6, 12], [7, 17, 8, 16], [9, 20, 10, 21], [11, 22, 12, 23], [13, 7, 14, 6], [15, 24, 16, 1], [17, 5, 18, 4]]"
12a_1259_41,"[[17, 5, 18, 4], [19, 3, 20, 2], [21, 10, 22, 11], [23, 14, 24, 15], [1, 8, 2, 9], [3, 19, 4, 18], [5, 13, 6, 12], [7, 17, 8, 16], [9, 20, 10, 21], [11, 22, 12, 23], [13, 7, 14, 6], [15, 24, 16, 1]]"
12a_1259_42,"[[15, 24, 16, 1], [17, 5, 18, 4], [19, 3, 20, 2], [21, 10, 22, 11], [23, 14, 24, 15], [1, 8, 2, 9], [3, 19, 4, 18], [5, 13, 6, 12], [7, 17, 8, 16], [9, 20, 10, 21], [11, 22, 12, 23], [13, 7, 14, 6]]"
12a_1259_43,"[[13, 7, 14, 6], [15, 24, 16, 1], [17, 5, 18, 4], [19, 3, 20, 2], [21, 10, 22, 11], [23, 14, 24, 15], [1, 8, 2, 9], [3, 19, 4, 18], [5, 13, 6, 12], [7, 17, 8, 16], [9, 20, 10, 21], [11, 22, 12, 23]]"
12a_1259_44,"[[11, 22, 12, 23], [13, 7, 14, 6], [15, 24, 16, 1], [17, 5, 18, 4], [19, 3, 20, 2], [21, 10, 22, 11], [23, 14, 24, 15], [1, 8, 2, 9], [3, 19, 4, 18], [5, 13, 6, 12], [7, 17, 8, 16], [9, 20, 10, 21]]"
12a_1259_45,"[[9, 20, 10, 21], [11, 22, 12, 23], [13, 7, 14, 6], [15, 24, 16, 1], [17, 5, 18, 4], [19, 3, 20, 2], [21, 10, 22, 11], [23, 14, 24, 15], [1, 8, 2, 9], [3, 19, 4, 18], [5, 13, 6, 12], [7, 17, 8, 16]]"
12a_1259_46,"[[7, 17, 8, 16], [9, 20, 10, 21], [11, 22, 12, 23], [13, 7, 14, 6], [15, 24, 16, 1], [17, 5, 18, 4], [19, 3, 20, 2], [21, 10, 22, 11], [23, 14, 24, 15], [1, 8, 2, 9], [3, 19, 4, 18], [5, 13, 6, 12]]"
12a_1259_47,"[[5, 13, 6, 12], [7, 17, 8, 16], [9, 20, 10, 21], [11, 22, 12, 23], [13, 7, 14, 6], [15, 24, 16, 1], [17, 5, 18, 4], [19, 3, 20, 2], [21, 10, 22, 11], [23, 14, 24, 15], [1, 8, 2, 9], [3, 19, 4, 18]]"
12a_1259_48,"[[4, 20, 5, 19], [6, 14, 7, 13], [8, 18, 9, 17], [10, 21, 11, 22], [12, 23, 13, 24], [14, 8, 15, 7], [16, 1, 17, 2], [18, 6, 19, 5], [20, 4, 21, 3], [22, 11, 23, 12], [24, 15, 1, 16], [2, 9, 3, 10]]"
12a_1259_49,"[[2, 9, 3, 10], [4, 20, 5, 19], [6, 14, 7, 13], [8, 18, 9, 17], [10, 21, 11, 22], [12, 23, 13, 24], [14, 8, 15, 7], [16, 1, 17, 2], [18, 6, 19, 5], [20, 4, 21, 3], [22, 11, 23, 12], [24, 15, 1, 16]]"
12a_1259_50,"[[24, 15, 1, 16], [2, 9, 3, 10], [4, 20, 5, 19], [6, 14, 7, 13], [8, 18, 9, 17], [10, 21, 11, 22], [12, 23, 13, 24], [14, 8, 15, 7], [16, 1, 17, 2], [18, 6, 19, 5], [20, 4, 21, 3], [22, 11, 23, 12]]"
12a_1259_51,"[[22, 11, 23, 12], [24, 15, 1, 16], [2, 9, 3, 10], [4, 20, 5, 19], [6, 14, 7, 13], [8, 18, 9, 17], [10, 21, 11, 22], [12, 23, 13, 24], [14, 8, 15, 7], [16, 1, 17, 2], [18, 6, 19, 5], [20, 4, 21, 3]]"
12a_1259_52,"[[20, 4, 21, 3], [22, 11, 23, 12], [24, 15, 1, 16], [2, 9, 3, 10], [4, 20, 5, 19], [6, 14, 7, 13], [8, 18, 9, 17], [10, 21, 11, 22], [12, 23, 13, 24], [14, 8, 15, 7], [16, 1, 17, 2], [18, 6, 19, 5]]"
12a_1259_53,"[[18, 6, 19, 5], [20, 4, 21, 3], [22, 11, 23, 12], [24, 15, 1, 16], [2, 9, 3, 10], [4, 20, 5, 19], [6, 14, 7, 13], [8, 18, 9, 17], [10, 21, 11, 22], [12, 23, 13, 24], [14, 8, 15, 7], [16, 1, 17, 2]]"
12a_1259_54,"[[16, 1, 17, 2], [18, 6, 19, 5], [20, 4, 21, 3], [22, 11, 23, 12], [24, 15, 1, 16], [2, 9, 3, 10], [4, 20, 5, 19], [6, 14, 7, 13], [8, 18, 9, 17], [10, 21, 11, 22], [12, 23, 13, 24], [14, 8, 15, 7]]"
12a_1259_55,"[[14, 8, 15, 7], [16, 1, 17, 2], [18, 6, 19, 5], [20, 4, 21, 3], [22, 11, 23, 12], [24, 15, 1, 16], [2, 9, 3, 10], [4, 20, 5, 19], [6, 14, 7, 13], [8, 18, 9, 17], [10, 21, 11, 22], [12, 23, 13, 24]]"
12a_1259_56,"[[12, 23, 13, 24], [14, 8, 15, 7], [16, 1, 17, 2], [18, 6, 19, 5], [20, 4, 21, 3], [22, 11, 23, 12], [24, 15, 1, 16], [2, 9, 3, 10], [4, 20, 5, 19], [6, 14, 7, 13], [8, 18, 9, 17], [10, 21, 11, 22]]"
12a_1259_57,"[[10, 21, 11, 22], [12, 23, 13, 24], [14, 8, 15, 7], [16, 1, 17, 2], [18, 6, 19, 5], [20, 4, 21, 3], [22, 11, 23, 12], [24, 15, 1, 16], [2, 9, 3, 10], [4, 20, 5, 19], [6, 14, 7, 13], [8, 18, 9, 17]]"
12a_1259_58,"[[8, 18, 9, 17], [10, 21, 11, 22], [12, 23, 13, 24], [14, 8, 15, 7], [16, 1, 17, 2], [18, 6, 19, 5], [20, 4, 21, 3], [22, 11, 23, 12], [24, 15, 1, 16], [2, 9, 3, 10], [4, 20, 5, 19], [6, 14, 7, 13]]"
12a_1259_59,"[[6, 14, 7, 13], [8, 18, 9, 17], [10, 21, 11, 22], [12, 23, 13, 24], [14, 8, 15, 7], [16, 1, 17, 2], [18, 6, 19, 5], [20, 4, 21, 3], [22, 11, 23, 12], [24, 15, 1, 16], [2, 9, 3, 10], [4, 20, 5, 19]]"
12a_1259_60,"[[5, 21, 6, 20], [7, 15, 8, 14], [9, 19, 10, 18], [11, 22, 12, 23], [13, 24, 14, 1], [15, 9, 16, 8], [17, 2, 18, 3], [19, 7, 20, 6], [21, 5, 22, 4], [23, 12, 24, 13], [1, 16, 2, 17], [3, 10, 4, 11]]"
12a_1259_61,"[[3, 10, 4, 11], [5, 21, 6, 20], [7, 15, 8, 14], [9, 19, 10, 18], [11, 22, 12, 23], [13, 24, 14, 1], [15, 9, 16, 8], [17, 2, 18, 3], [19, 7, 20, 6], [21, 5, 22, 4], [23, 12, 24, 13], [1, 16, 2, 17]]"
12a_1259_62,"[[1, 16, 2, 17], [3, 10, 4, 11], [5, 21, 6, 20], [7, 15, 8, 14], [9, 19, 10, 18], [11, 22, 12, 23], [13, 24, 14, 1], [15, 9, 16, 8], [17, 2, 18, 3], [19, 7, 20, 6], [21, 5, 22, 4], [23, 12, 24, 13]]"
12a_1259_63,"[[23, 12, 24, 13], [1, 16, 2, 17], [3, 10, 4, 11], [5, 21, 6, 20], [7, 15, 8, 14], [9, 19, 10, 18], [11, 22, 12, 23], [13, 24, 14, 1], [15, 9, 16, 8], [17, 2, 18, 3], [19, 7, 20, 6], [21, 5, 22, 4]]"
12a_1259_64,"[[21, 5, 22, 4], [23, 12, 24, 13], [1, 16, 2, 17], [3, 10, 4, 11], [5, 21, 6, 20], [7, 15, 8, 14], [9, 19, 10, 18], [11, 22, 12, 23], [13, 24, 14, 1], [15, 9, 16, 8], [17, 2, 18, 3], [19, 7, 20, 6]]"
12a_1259_65,"[[19, 7, 20, 6], [21, 5, 22, 4], [23, 12, 24, 13], [1, 16, 2, 17], [3, 10, 4, 11], [5, 21, 6, 20], [7, 15, 8, 14], [9, 19, 10, 18], [11, 22, 12, 23], [13, 24, 14, 1], [15, 9, 16, 8], [17, 2, 18, 3]]"
12a_1259_66,"[[17, 2, 18, 3], [19, 7, 20, 6], [21, 5, 22, 4], [23, 12, 24, 13], [1, 16, 2, 17], [3, 10, 4, 11], [5, 21, 6, 20], [7, 15, 8, 14], [9, 19, 10, 18], [11, 22, 12, 23], [13, 24, 14, 1], [15, 9, 16, 8]]"
12a_1259_67,"[[15, 9, 16, 8], [17, 2, 18, 3], [19, 7, 20, 6], [21, 5, 22, 4], [23, 12, 24, 13], [1, 16, 2, 17], [3, 10, 4, 11], [5, 21, 6, 20], [7, 15, 8, 14], [9, 19, 10, 18], [11, 22, 12, 23], [13, 24, 14, 1]]"
12a_1259_68,"[[13, 24, 14, 1], [15, 9, 16, 8], [17, 2, 18, 3], [19, 7, 20, 6], [21, 5, 22, 4], [23, 12, 24, 13], [1, 16, 2, 17], [3, 10, 4, 11], [5, 21, 6, 20], [7, 15, 8, 14], [9, 19, 10, 18], [11, 22, 12, 23]]"
12a_1259_69,"[[11, 22, 12, 23], [13, 24, 14, 1], [15, 9, 16, 8], [17, 2, 18, 3], [19, 7, 20, 6], [21, 5, 22, 4], [23, 12, 24, 13], [1, 16, 2, 17], [3, 10, 4, 11], [5, 21, 6, 20], [7, 15, 8, 14], [9, 19, 10, 18]]"
12a_1259_70,"[[9, 19, 10, 18], [11, 22, 12, 23], [13, 24, 14, 1], [15, 9, 16, 8], [17, 2, 18, 3], [19, 7, 20, 6], [21, 5, 22, 4], [23, 12, 24, 13], [1, 16, 2, 17], [3, 10, 4, 11], [5, 21, 6, 20], [7, 15, 8, 14]]"
12a_1259_71,"[[7, 15, 8, 14], [9, 19, 10, 18], [11, 22, 12, 23], [13, 24, 14, 1], [15, 9, 16, 8], [17, 2, 18, 3], [19, 7, 20, 6], [21, 5, 22, 4], [23, 12, 24, 13], [1, 16, 2, 17], [3, 10, 4, 11], [5, 21, 6, 20]]"
12a_1259_72,"[[6, 22, 7, 21], [8, 16, 9, 15], [10, 20, 11, 19], [12, 23, 13, 24], [14, 1, 15, 2], [16, 10, 17, 9], [18, 3, 19, 4], [20, 8, 21, 7], [22, 6, 23, 5], [24, 13, 1, 14], [2, 17, 3, 18], [4, 11, 5, 12]]"
12a_1259_73,"[[4, 11, 5, 12], [6, 22, 7, 21], [8, 16, 9, 15], [10, 20, 11, 19], [12, 23, 13, 24], [14, 1, 15, 2], [16, 10, 17, 9], [18, 3, 19, 4], [20, 8, 21, 7], [22, 6, 23, 5], [24, 13, 1, 14], [2, 17, 3, 18]]"
12a_1259_74,"[[2, 17, 3, 18], [4, 11, 5, 12], [6, 22, 7, 21], [8, 16, 9, 15], [10, 20, 11, 19], [12, 23, 13, 24], [14, 1, 15, 2], [16, 10, 17, 9], [18, 3, 19, 4], [20, 8, 21, 7], [22, 6, 23, 5], [24, 13, 1, 14]]"
12a_1259_75,"[[24, 13, 1, 14], [2, 17, 3, 18], [4, 11, 5, 12], [6, 22, 7, 21], [8, 16, 9, 15], [10, 20, 11, 19], [12, 23, 13, 24], [14, 1, 15, 2], [16, 10, 17, 9], [18, 3, 19, 4], [20, 8, 21, 7], [22, 6, 23, 5]]"
12a_1259_76,"[[22, 6, 23, 5], [24, 13, 1, 14], [2, 17, 3, 18], [4, 11, 5, 12], [6, 22, 7, 21], [8, 16, 9, 15], [10, 20, 11, 19], [12, 23, 13, 24], [14, 1, 15, 2], [16, 10, 17, 9], [18, 3, 19, 4], [20, 8, 21, 7]]"
12a_1259_77,"[[20, 8, 21, 7], [22, 6, 23, 5], [24, 13, 1, 14], [2, 17, 3, 18], [4, 11, 5, 12], [6, 22, 7, 21], [8, 16, 9, 15], [10, 20, 11, 19], [12, 23, 13, 24], [14, 1, 15, 2], [16, 10, 17, 9], [18, 3, 19, 4]]"
12a_1259_78,"[[18, 3, 19, 4], [20, 8, 21, 7], [22, 6, 23, 5], [24, 13, 1, 14], [2, 17, 3, 18], [4, 11, 5, 12], [6, 22, 7, 21], [8, 16, 9, 15], [10, 20, 11, 19], [12, 23, 13, 24], [14, 1, 15, 2], [16, 10, 17, 9]]"
12a_1259_79,"[[16, 10, 17, 9], [18, 3, 19, 4], [20, 8, 21, 7], [22, 6, 23, 5], [24, 13, 1, 14], [2, 17, 3, 18], [4, 11, 5, 12], [6, 22, 7, 21], [8, 16, 9, 15], [10, 20, 11, 19], [12, 23, 13, 24], [14, 1, 15, 2]]"
12a_1259_80,"[[14, 1, 15, 2], [16, 10, 17, 9], [18, 3, 19, 4], [20, 8, 21, 7], [22, 6, 23, 5], [24, 13, 1, 14], [2, 17, 3, 18], [4, 11, 5, 12], [6, 22, 7, 21], [8, 16, 9, 15], [10, 20, 11, 19], [12, 23, 13, 24]]"
12a_1259_81,"[[12, 23, 13, 24], [14, 1, 15, 2], [16, 10, 17, 9], [18, 3, 19, 4], [20, 8, 21, 7], [22, 6, 23, 5], [24, 13, 1, 14], [2, 17, 3, 18], [4, 11, 5, 12], [6, 22, 7, 21], [8, 16, 9, 15], [10, 20, 11, 19]]"
12a_1259_82,"[[10, 20, 11, 19], [12, 23, 13, 24], [14, 1, 15, 2], [16, 10, 17, 9], [18, 3, 19, 4], [20, 8, 21, 7], [22, 6, 23, 5], [24, 13, 1, 14], [2, 17, 3, 18], [4, 11, 5, 12], [6, 22, 7, 21], [8, 16, 9, 15]]"
12a_1259_83,"[[8, 16, 9, 15], [10, 20, 11, 19], [12, 23, 13, 24], [14, 1, 15, 2], [16, 10, 17, 9], [18, 3, 19, 4], [20, 8, 21, 7], [22, 6, 23, 5], [24, 13, 1, 14], [2, 17, 3, 18], [4, 11, 5, 12], [6, 22, 7, 21]]"
12a_1259_84,"[[7, 23, 8, 22], [9, 17, 10, 16], [11, 21, 12, 20], [13, 24, 14, 1], [15, 2, 16, 3], [17, 11, 18, 10], [19, 4, 20, 5], [21, 9, 22, 8], [23, 7, 24, 6], [1, 14, 2, 15], [3, 18, 4, 19], [5, 12, 6, 13]]"
12a_1259_85,"[[5, 12, 6, 13], [7, 23, 8, 22], [9, 17, 10, 16], [11, 21, 12, 20], [13, 24, 14, 1], [15, 2, 16, 3], [17, 11, 18, 10], [19, 4, 20, 5], [21, 9, 22, 8], [23, 7, 24, 6], [1, 14, 2, 15], [3, 18, 4, 19]]"
12a_1259_86,"[[3, 18, 4, 19], [5, 12, 6, 13], [7, 23, 8, 22], [9, 17, 10, 16], [11, 21, 12, 20], [13, 24, 14, 1], [15, 2, 16, 3], [17, 11, 18, 10], [19, 4, 20, 5], [21, 9, 22, 8], [23, 7, 24, 6], [1, 14, 2, 15]]"
12a_1259_87,"[[1, 14, 2, 15], [3, 18, 4, 19], [5, 12, 6, 13], [7, 23, 8, 22], [9, 17, 10, 16], [11, 21, 12, 20], [13, 24, 14, 1], [15, 2, 16, 3], [17, 11, 18, 10], [19, 4, 20, 5], [21, 9, 22, 8], [23, 7, 24, 6]]"
12a_1259_88,"[[23, 7, 24, 6], [1, 14, 2, 15], [3, 18, 4, 19], [5, 12, 6, 13], [7, 23, 8, 22], [9, 17, 10, 16], [11, 21, 12, 20], [13, 24, 14, 1], [15, 2, 16, 3], [17, 11, 18, 10], [19, 4, 20, 5], [21, 9, 22, 8]]"
12a_1259_89,"[[21, 9, 22, 8], [23, 7, 24, 6], [1, 14, 2, 15], [3, 18, 4, 19], [5, 12, 6, 13], [7, 23, 8, 22], [9, 17, 10, 16], [11, 21, 12, 20], [13, 24, 14, 1], [15, 2, 16, 3], [17, 11, 18, 10], [19, 4, 20, 5]]"
12a_1259_90,"[[19, 4, 20, 5], [21, 9, 22, 8], [23, 7, 24, 6], [1, 14, 2, 15], [3, 18, 4, 19], [5, 12, 6, 13], [7, 23, 8, 22], [9, 17, 10, 16], [11, 21, 12, 20], [13, 24, 14, 1], [15, 2, 16, 3], [17, 11, 18, 10]]"
12a_1259_91,"[[17, 11, 18, 10], [19, 4, 20, 5], [21, 9, 22, 8], [23, 7, 24, 6], [1, 14, 2, 15], [3, 18, 4, 19], [5, 12, 6, 13], [7, 23, 8, 22], [9, 17, 10, 16], [11, 21, 12, 20], [13, 24, 14, 1], [15, 2, 16, 3]]"
12a_1259_92,"[[15, 2, 16, 3], [17, 11, 18, 10], [19, 4, 20, 5], [21, 9, 22, 8], [23, 7, 24, 6], [1, 14, 2, 15], [3, 18, 4, 19], [5, 12, 6, 13], [7, 23, 8, 22], [9, 17, 10, 16], [11, 21, 12, 20], [13, 24, 14, 1]]"
12a_1259_93,"[[13, 24, 14, 1], [15, 2, 16, 3], [17, 11, 18, 10], [19, 4, 20, 5], [21, 9, 22, 8], [23, 7, 24, 6], [1, 14, 2, 15], [3, 18, 4, 19], [5, 12, 6, 13], [7, 23, 8, 22], [9, 17, 10, 16], [11, 21, 12, 20]]"
12a_1259_94,"[[11, 21, 12, 20], [13, 24, 14, 1], [15, 2, 16, 3], [17, 11, 18, 10], [19, 4, 20, 5], [21, 9, 22, 8], [23, 7, 24, 6], [1, 14, 2, 15], [3, 18, 4, 19], [5, 12, 6, 13], [7, 23, 8, 22], [9, 17, 10, 16]]"
12a_1259_95,"[[9, 17, 10, 16], [11, 21, 12, 20], [13, 24, 14, 1], [15, 2, 16, 3], [17, 11, 18, 10], [19, 4, 20, 5], [21, 9, 22, 8], [23, 7, 24, 6], [1, 14, 2, 15], [3, 18, 4, 19], [5, 12, 6, 13], [7, 23, 8, 22]]"
12a_1259_96,"[[8, 24, 9, 23], [10, 18, 11, 17], [12, 22, 13, 21], [14, 1, 15, 2], [16, 3, 17, 4], [18, 12, 19, 11], [20, 5, 21, 6], [22, 10, 23, 9], [24, 8, 1, 7], [2, 15, 3, 16], [4, 19, 5, 20], [6, 13, 7, 14]]"
12a_1259_97,"[[6, 13, 7, 14], [8, 24, 9, 23], [10, 18, 11, 17], [12, 22, 13, 21], [14, 1, 15, 2], [16, 3, 17, 4], [18, 12, 19, 11], [20, 5, 21, 6], [22, 10, 23, 9], [24, 8, 1, 7], [2, 15, 3, 16], [4, 19, 5, 20]]"
12a_1259_98,"[[4, 19, 5, 20], [6, 13, 7, 14], [8, 24, 9, 23], [10, 18, 11, 17], [12, 22, 13, 21], [14, 1, 15, 2], [16, 3, 17, 4], [18, 12, 19, 11], [20, 5, 21, 6], [22, 10, 23, 9], [24, 8, 1, 7], [2, 15, 3, 16]]"
12a_1259_99,"[[2, 15, 3, 16], [4, 19, 5, 20], [6, 13, 7, 14], [8, 24, 9, 23], [10, 18, 11, 17], [12, 22, 13, 21], [14, 1, 15, 2], [16, 3, 17, 4], [18, 12, 19, 11], [20, 5, 21, 6], [22, 10, 23, 9], [24, 8, 1, 7]]"
12a_1259_100,"[[24, 8, 1, 7], [2, 15, 3, 16], [4, 19, 5, 20], [6, 13, 7, 14], [8, 24, 9, 23], [10, 18, 11, 17], [12, 22, 13, 21], [14, 1, 15, 2], [16, 3, 17, 4], [18, 12, 19, 11], [20, 5, 21, 6], [22, 10, 23, 9]]"
12a_1259_101,"[[22, 10, 23, 9], [24, 8, 1, 7], [2, 15, 3, 16], [4, 19, 5, 20], [6, 13, 7, 14], [8, 24, 9, 23], [10, 18, 11, 17], [12, 22, 13, 21], [14, 1, 15, 2], [16, 3, 17, 4], [18, 12, 19, 11], [20, 5, 21, 6]]"
12a_1259_102,"[[20, 5, 21, 6], [22, 10, 23, 9], [24, 8, 1, 7], [2, 15, 3, 16], [4, 19, 5, 20], [6, 13, 7, 14], [8, 24, 9, 23], [10, 18, 11, 17], [12, 22, 13, 21], [14, 1, 15, 2], [16, 3, 17, 4], [18, 12, 19, 11]]"
12a_1259_103,"[[18, 12, 19, 11], [20, 5, 21, 6], [22, 10, 23, 9], [24, 8, 1, 7], [2, 15, 3, 16], [4, 19, 5, 20], [6, 13, 7, 14], [8, 24, 9, 23], [10, 18, 11, 17], [12, 22, 13, 21], [14, 1, 15, 2], [16, 3, 17, 4]]"
12a_1259_104,"[[16, 3, 17, 4], [18, 12, 19, 11], [20, 5, 21, 6], [22, 10, 23, 9], [24, 8, 1, 7], [2, 15, 3, 16], [4, 19, 5, 20], [6, 13, 7, 14], [8, 24, 9, 23], [10, 18, 11, 17], [12, 22, 13, 21], [14, 1, 15, 2]]"
12a_1259_105,"[[14, 1, 15, 2], [16, 3, 17, 4], [18, 12, 19, 11], [20, 5, 21, 6], [22, 10, 23, 9], [24, 8, 1, 7], [2, 15, 3, 16], [4, 19, 5, 20], [6, 13, 7, 14], [8, 24, 9, 23], [10, 18, 11, 17], [12, 22, 13, 21]]"
12a_1259_106,"[[12, 22, 13, 21], [14, 1, 15, 2], [16, 3, 17, 4], [18, 12, 19, 11], [20, 5, 21, 6], [22, 10, 23, 9], [24, 8, 1, 7], [2, 15, 3, 16], [4, 19, 5, 20], [6, 13, 7, 14], [8, 24, 9, 23], [10, 18, 11, 17]]"
12a_1259_107,"[[10, 18, 11, 17], [12, 22, 13, 21], [14, 1, 15, 2], [16, 3, 17, 4], [18, 12, 19, 11], [20, 5, 21, 6], [22, 10, 23, 9], [24, 8, 1, 7], [2, 15, 3, 16], [4, 19, 5, 20], [6, 13, 7, 14], [8, 24, 9, 23]]"
12a_1259_108,"[[9, 1, 10, 24], [11, 19, 12, 18], [13, 23, 14, 22], [15, 2, 16, 3], [17, 4, 18, 5], [19, 13, 20, 12], [21, 6, 22, 7], [23, 11, 24, 10], [1, 9, 2, 8], [3, 16, 4, 17], [5, 20, 6, 21], [7, 14, 8, 15]]"
12a_1259_109,"[[7, 14, 8, 15], [9, 1, 10, 24], [11, 19, 12, 18], [13, 23, 14, 22], [15, 2, 16, 3], [17, 4, 18, 5], [19, 13, 20, 12], [21, 6, 22, 7], [23, 11, 24, 10], [1, 9, 2, 8], [3, 16, 4, 17], [5, 20, 6, 21]]"
12a_1259_110,"[[5, 20, 6, 21], [7, 14, 8, 15], [9, 1, 10, 24], [11, 19, 12, 18], [13, 23, 14, 22], [15, 2, 16, 3], [17, 4, 18, 5], [19, 13, 20, 12], [21, 6, 22, 7], [23, 11, 24, 10], [1, 9, 2, 8], [3, 16, 4, 17]]"
12a_1259_111,"[[3, 16, 4, 17], [5, 20, 6, 21], [7, 14, 8, 15], [9, 1, 10, 24], [11, 19, 12, 18], [13, 23, 14, 22], [15, 2, 16, 3], [17, 4, 18, 5], [19, 13, 20, 12], [21, 6, 22, 7], [23, 11, 24, 10], [1, 9, 2, 8]]"
12a_1259_112,"[[1, 9, 2, 8], [3, 16, 4, 17], [5, 20, 6, 21], [7, 14, 8, 15], [9, 1, 10, 24], [11, 19, 12, 18], [13, 23, 14, 22], [15, 2, 16, 3], [17, 4, 18, 5], [19, 13, 20, 12], [21, 6, 22, 7], [23, 11, 24, 10]]"
12a_1259_113,"[[23, 11, 24, 10], [1, 9, 2, 8], [3, 16, 4, 17], [5, 20, 6, 21], [7, 14, 8, 15], [9, 1, 10, 24], [11, 19, 12, 18], [13, 23, 14, 22], [15, 2, 16, 3], [17, 4, 18, 5], [19, 13, 20, 12], [21, 6, 22, 7]]"
12a_1259_114,"[[21, 6, 22, 7], [23, 11, 24, 10], [1, 9, 2, 8], [3, 16, 4, 17], [5, 20, 6, 21], [7, 14, 8, 15], [9, 1, 10, 24], [11, 19, 12, 18], [13, 23, 14, 22], [15, 2, 16, 3], [17, 4, 18, 5], [19, 13, 20, 12]]"
12a_1259_115,"[[19, 13, 20, 12], [21, 6, 22, 7], [23, 11, 24, 10], [1, 9, 2, 8], [3, 16, 4, 17], [5, 20, 6, 21], [7, 14, 8, 15], [9, 1, 10, 24], [11, 19, 12, 18], [13, 23, 14, 22], [15, 2, 16, 3], [17, 4, 18, 5]]"
12a_1259_116,"[[17, 4, 18, 5], [19, 13, 20, 12], [21, 6, 22, 7], [23, 11, 24, 10], [1, 9, 2, 8], [3, 16, 4, 17], [5, 20, 6, 21], [7, 14, 8, 15], [9, 1, 10, 24], [11, 19, 12, 18], [13, 23, 14, 22], [15, 2, 16, 3]]"
12a_1259_117,"[[15, 2, 16, 3], [17, 4, 18, 5], [19, 13, 20, 12], [21, 6, 22, 7], [23, 11, 24, 10], [1, 9, 2, 8], [3, 16, 4, 17], [5, 20, 6, 21], [7, 14, 8, 15], [9, 1, 10, 24], [11, 19, 12, 18], [13, 23, 14, 22]]"
12a_1259_118,"[[13, 23, 14, 22], [15, 2, 16, 3], [17, 4, 18, 5], [19, 13, 20, 12], [21, 6, 22, 7], [23, 11, 24, 10], [1, 9, 2, 8], [3, 16, 4, 17], [5, 20, 6, 21], [7, 14, 8, 15], [9, 1, 10, 24], [11, 19, 12, 18]]"
12a_1259_119,"[[11, 19, 12, 18], [13, 23, 14, 22], [15, 2, 16, 3], [17, 4, 18, 5], [19, 13, 20, 12], [21, 6, 22, 7], [23, 11, 24, 10], [1, 9, 2, 8], [3, 16, 4, 17], [5, 20, 6, 21], [7, 14, 8, 15], [9, 1, 10, 24]]"
12a_1259_120,"[[10, 2, 11, 1], [12, 20, 13, 19], [14, 24, 15, 23], [16, 3, 17, 4], [18, 5, 19, 6], [20, 14, 21, 13], [22, 7, 23, 8], [24, 12, 1, 11], [2, 10, 3, 9], [4, 17, 5, 18], [6, 21, 7, 22], [8, 15, 9, 16]]"
12a_1259_121,"[[8, 15, 9, 16], [10, 2, 11, 1], [12, 20, 13, 19], [14, 24, 15, 23], [16, 3, 17, 4], [18, 5, 19, 6], [20, 14, 21, 13], [22, 7, 23, 8], [24, 12, 1, 11], [2, 10, 3, 9], [4, 17, 5, 18], [6, 21, 7, 22]]"
12a_1259_122,"[[6, 21, 7, 22], [8, 15, 9, 16], [10, 2, 11, 1], [12, 20, 13, 19], [14, 24, 15, 23], [16, 3, 17, 4], [18, 5, 19, 6], [20, 14, 21, 13], [22, 7, 23, 8], [24, 12, 1, 11], [2, 10, 3, 9], [4, 17, 5, 18]]"
12a_1259_123,"[[4, 17, 5, 18], [6, 21, 7, 22], [8, 15, 9, 16], [10, 2, 11, 1], [12, 20, 13, 19], [14, 24, 15, 23], [16, 3, 17, 4], [18, 5, 19, 6], [20, 14, 21, 13], [22, 7, 23, 8], [24, 12, 1, 11], [2, 10, 3, 9]]"
12a_1259_124,"[[2, 10, 3, 9], [4, 17, 5, 18], [6, 21, 7, 22], [8, 15, 9, 16], [10, 2, 11, 1], [12, 20, 13, 19], [14, 24, 15, 23], [16, 3, 17, 4], [18, 5, 19, 6], [20, 14, 21, 13], [22, 7, 23, 8], [24, 12, 1, 11]]"
12a_1259_125,"[[24, 12, 1, 11], [2, 10, 3, 9], [4, 17, 5, 18], [6, 21, 7, 22], [8, 15, 9, 16], [10, 2, 11, 1], [12, 20, 13, 19], [14, 24, 15, 23], [16, 3, 17, 4], [18, 5, 19, 6], [20, 14, 21, 13], [22, 7, 23, 8]]"
12a_1259_126,"[[22, 7, 23, 8], [24, 12, 1, 11], [2, 10, 3, 9], [4, 17, 5, 18], [6, 21, 7, 22], [8, 15, 9, 16], [10, 2, 11, 1], [12, 20, 13, 19], [14, 24, 15, 23], [16, 3, 17, 4], [18, 5, 19, 6], [20, 14, 21, 13]]"
12a_1259_127,"[[20, 14, 21, 13], [22, 7, 23, 8], [24, 12, 1, 11], [2, 10, 3, 9], [4, 17, 5, 18], [6, 21, 7, 22], [8, 15, 9, 16], [10, 2, 11, 1], [12, 20, 13, 19], [14, 24, 15, 23], [16, 3, 17, 4], [18, 5, 19, 6]]"
12a_1259_128,"[[18, 5, 19, 6], [20, 14, 21, 13], [22, 7, 23, 8], [24, 12, 1, 11], [2, 10, 3, 9], [4, 17, 5, 18], [6, 21, 7, 22], [8, 15, 9, 16], [10, 2, 11, 1], [12, 20, 13, 19], [14, 24, 15, 23], [16, 3, 17, 4]]"
12a_1259_129,"[[16, 3, 17, 4], [18, 5, 19, 6], [20, 14, 21, 13], [22, 7, 23, 8], [24, 12, 1, 11], [2, 10, 3, 9], [4, 17, 5, 18], [6, 21, 7, 22], [8, 15, 9, 16], [10, 2, 11, 1], [12, 20, 13, 19], [14, 24, 15, 23]]"
12a_1259_130,"[[14, 24, 15, 23], [16, 3, 17, 4], [18, 5, 19, 6], [20, 14, 21, 13], [22, 7, 23, 8], [24, 12, 1, 11], [2, 10, 3, 9], [4, 17, 5, 18], [6, 21, 7, 22], [8, 15, 9, 16], [10, 2, 11, 1], [12, 20, 13, 19]]"
12a_1259_131,"[[12, 20, 13, 19], [14, 24, 15, 23], [16, 3, 17, 4], [18, 5, 19, 6], [20, 14, 21, 13], [22, 7, 23, 8], [24, 12, 1, 11], [2, 10, 3, 9], [4, 17, 5, 18], [6, 21, 7, 22], [8, 15, 9, 16], [10, 2, 11, 1]]"
12a_1259_132,"[[11, 3, 12, 2], [13, 21, 14, 20], [15, 1, 16, 24], [17, 4, 18, 5], [19, 6, 20, 7], [21, 15, 22, 14], [23, 8, 24, 9], [1, 13, 2, 12], [3, 11, 4, 10], [5, 18, 6, 19], [7, 22, 8, 23], [9, 16, 10, 17]]"
12a_1259_133,"[[9, 16, 10, 17], [11, 3, 12, 2], [13, 21, 14, 20], [15, 1, 16, 24], [17, 4, 18, 5], [19, 6, 20, 7], [21, 15, 22, 14], [23, 8, 24, 9], [1, 13, 2, 12], [3, 11, 4, 10], [5, 18, 6, 19], [7, 22, 8, 23]]"
12a_1259_134,"[[7, 22, 8, 23], [9, 16, 10, 17], [11, 3, 12, 2], [13, 21, 14, 20], [15, 1, 16, 24], [17, 4, 18, 5], [19, 6, 20, 7], [21, 15, 22, 14], [23, 8, 24, 9], [1, 13, 2, 12], [3, 11, 4, 10], [5, 18, 6, 19]]"
12a_1259_135,"[[5, 18, 6, 19], [7, 22, 8, 23], [9, 16, 10, 17], [11, 3, 12, 2], [13, 21, 14, 20], [15, 1, 16, 24], [17, 4, 18, 5], [19, 6, 20, 7], [21, 15, 22, 14], [23, 8, 24, 9], [1, 13, 2, 12], [3, 11, 4, 10]]"
12a_1259_136,"[[3, 11, 4, 10], [5, 18, 6, 19], [7, 22, 8, 23], [9, 16, 10, 17], [11, 3, 12, 2], [13, 21, 14, 20], [15, 1, 16, 24], [17, 4, 18, 5], [19, 6, 20, 7], [21, 15, 22, 14], [23, 8, 24, 9], [1, 13, 2, 12]]"
12a_1259_137,"[[1, 13, 2, 12], [3, 11, 4, 10], [5, 18, 6, 19], [7, 22, 8, 23], [9, 16, 10, 17], [11, 3, 12, 2], [13, 21, 14, 20], [15, 1, 16, 24], [17, 4, 18, 5], [19, 6, 20, 7], [21, 15, 22, 14], [23, 8, 24, 9]]"
12a_1259_138,"[[23, 8, 24, 9], [1, 13, 2, 12], [3, 11, 4, 10], [5, 18, 6, 19], [7, 22, 8, 23], [9, 16, 10, 17], [11, 3, 12, 2], [13, 21, 14, 20], [15, 1, 16, 24], [17, 4, 18, 5], [19, 6, 20, 7], [21, 15, 22, 14]]"
12a_1259_139,"[[21, 15, 22, 14], [23, 8, 24, 9], [1, 13, 2, 12], [3, 11, 4, 10], [5, 18, 6, 19], [7, 22, 8, 23], [9, 16, 10, 17], [11, 3, 12, 2], [13, 21, 14, 20], [15, 1, 16, 24], [17, 4, 18, 5], [19, 6, 20, 7]]"
12a_1259_140,"[[19, 6, 20, 7], [21, 15, 22, 14], [23, 8, 24, 9], [1, 13, 2, 12], [3, 11, 4, 10], [5, 18, 6, 19], [7, 22, 8, 23], [9, 16, 10, 17], [11, 3, 12, 2], [13, 21, 14, 20], [15, 1, 16, 24], [17, 4, 18, 5]]"
12a_1259_141,"[[17, 4, 18, 5], [19, 6, 20, 7], [21, 15, 22, 14], [23, 8, 24, 9], [1, 13, 2, 12], [3, 11, 4, 10], [5, 18, 6, 19], [7, 22, 8, 23], [9, 16, 10, 17], [11, 3, 12, 2], [13, 21, 14, 20], [15, 1, 16, 24]]"
12a_1259_142,"[[15, 1, 16, 24], [17, 4, 18, 5], [19, 6, 20, 7], [21, 15, 22, 14], [23, 8, 24, 9], [1, 13, 2, 12], [3, 11, 4, 10], [5, 18, 6, 19], [7, 22, 8, 23], [9, 16, 10, 17], [11, 3, 12, 2], [13, 21, 14, 20]]"
12a_1259_143,"[[13, 21, 14, 20], [15, 1, 16, 24], [17, 4, 18, 5], [19, 6, 20, 7], [21, 15, 22, 14], [23, 8, 24, 9], [1, 13, 2, 12], [3, 11, 4, 10], [5, 18, 6, 19], [7, 22, 8, 23], [9, 16, 10, 17], [11, 3, 12, 2]]"
12a_1259_144,"[[12, 4, 13, 3], [14, 22, 15, 21], [16, 2, 17, 1], [18, 5, 19, 6], [20, 7, 21, 8], [22, 16, 23, 15], [24, 9, 1, 10], [2, 14, 3, 13], [4, 12, 5, 11], [6, 19, 7, 20], [8, 23, 9, 24], [10, 17, 11, 18]]"
12a_1259_145,"[[10, 17, 11, 18], [12, 4, 13, 3], [14, 22, 15, 21], [16, 2, 17, 1], [18, 5, 19, 6], [20, 7, 21, 8], [22, 16, 23, 15], [24, 9, 1, 10], [2, 14, 3, 13], [4, 12, 5, 11], [6, 19, 7, 20], [8, 23, 9, 24]]"
12a_1259_146,"[[8, 23, 9, 24], [10, 17, 11, 18], [12, 4, 13, 3], [14, 22, 15, 21], [16, 2, 17, 1], [18, 5, 19, 6], [20, 7, 21, 8], [22, 16, 23, 15], [24, 9, 1, 10], [2, 14, 3, 13], [4, 12, 5, 11], [6, 19, 7, 20]]"
12a_1259_147,"[[6, 19, 7, 20], [8, 23, 9, 24], [10, 17, 11, 18], [12, 4, 13, 3], [14, 22, 15, 21], [16, 2, 17, 1], [18, 5, 19, 6], [20, 7, 21, 8], [22, 16, 23, 15], [24, 9, 1, 10], [2, 14, 3, 13], [4, 12, 5, 11]]"
12a_1259_148,"[[4, 12, 5, 11], [6, 19, 7, 20], [8, 23, 9, 24], [10, 17, 11, 18], [12, 4, 13, 3], [14, 22, 15, 21], [16, 2, 17, 1], [18, 5, 19, 6], [20, 7, 21, 8], [22, 16, 23, 15], [24, 9, 1, 10], [2, 14, 3, 13]]"
12a_1259_149,"[[2, 14, 3, 13], [4, 12, 5, 11], [6, 19, 7, 20], [8, 23, 9, 24], [10, 17, 11, 18], [12, 4, 13, 3], [14, 22, 15, 21], [16, 2, 17, 1], [18, 5, 19, 6], [20, 7, 21, 8], [22, 16, 23, 15], [24, 9, 1, 10]]"
12a_1259_150,"[[24, 9, 1, 10], [2, 14, 3, 13], [4, 12, 5, 11], [6, 19, 7, 20], [8, 23, 9, 24], [10, 17, 11, 18], [12, 4, 13, 3], [14, 22, 15, 21], [16, 2, 17, 1], [18, 5, 19, 6], [20, 7, 21, 8], [22, 16, 23, 15]]"
12a_1259_151,"[[22, 16, 23, 15], [24, 9, 1, 10], [2, 14, 3, 13], [4, 12, 5, 11], [6, 19, 7, 20], [8, 23, 9, 24], [10, 17, 11, 18], [12, 4, 13, 3], [14, 22, 15, 21], [16, 2, 17, 1], [18, 5, 19, 6], [20, 7, 21, 8]]"
12a_1259_152,"[[20, 7, 21, 8], [22, 16, 23, 15], [24, 9, 1, 10], [2, 14, 3, 13], [4, 12, 5, 11], [6, 19, 7, 20], [8, 23, 9, 24], [10, 17, 11, 18], [12, 4, 13, 3], [14, 22, 15, 21], [16, 2, 17, 1], [18, 5, 19, 6]]"
12a_1259_153,"[[18, 5, 19, 6], [20, 7, 21, 8], [22, 16, 23, 15], [24, 9, 1, 10], [2, 14, 3, 13], [4, 12, 5, 11], [6, 19, 7, 20], [8, 23, 9, 24], [10, 17, 11, 18], [12, 4, 13, 3], [14, 22, 15, 21], [16, 2, 17, 1]]"
12a_1259_154,"[[16, 2, 17, 1], [18, 5, 19, 6], [20, 7, 21, 8], [22, 16, 23, 15], [24, 9, 1, 10], [2, 14, 3, 13], [4, 12, 5, 11], [6, 19, 7, 20], [8, 23, 9, 24], [10, 17, 11, 18], [12, 4, 13, 3], [14, 22, 15, 21]]"
12a_1259_155,"[[14, 22, 15, 21], [16, 2, 17, 1], [18, 5, 19, 6], [20, 7, 21, 8], [22, 16, 23, 15], [24, 9, 1, 10], [2, 14, 3, 13], [4, 12, 5, 11], [6, 19, 7, 20], [8, 23, 9, 24], [10, 17, 11, 18], [12, 4, 13, 3]]"
12a_1259_156,"[[13, 5, 14, 4], [15, 23, 16, 22], [17, 3, 18, 2], [19, 6, 20, 7], [21, 8, 22, 9], [23, 17, 24, 16], [1, 10, 2, 11], [3, 15, 4, 14], [5, 13, 6, 12], [7, 20, 8, 21], [9, 24, 10, 1], [11, 18, 12, 19]]"
12a_1259_157,"[[11, 18, 12, 19], [13, 5, 14, 4], [15, 23, 16, 22], [17, 3, 18, 2], [19, 6, 20, 7], [21, 8, 22, 9], [23, 17, 24, 16], [1, 10, 2, 11], [3, 15, 4, 14], [5, 13, 6, 12], [7, 20, 8, 21], [9, 24, 10, 1]]"
12a_1259_158,"[[9, 24, 10, 1], [11, 18, 12, 19], [13, 5, 14, 4], [15, 23, 16, 22], [17, 3, 18, 2], [19, 6, 20, 7], [21, 8, 22, 9], [23, 17, 24, 16], [1, 10, 2, 11], [3, 15, 4, 14], [5, 13, 6, 12], [7, 20, 8, 21]]"
12a_1259_159,"[[7, 20, 8, 21], [9, 24, 10, 1], [11, 18, 12, 19], [13, 5, 14, 4], [15, 23, 16, 22], [17, 3, 18, 2], [19, 6, 20, 7], [21, 8, 22, 9], [23, 17, 24, 16], [1, 10, 2, 11], [3, 15, 4, 14], [5, 13, 6, 12]]"
12a_1259_160,"[[5, 13, 6, 12], [7, 20, 8, 21], [9, 24, 10, 1], [11, 18, 12, 19], [13, 5, 14, 4], [15, 23, 16, 22], [17, 3, 18, 2], [19, 6, 20, 7], [21, 8, 22, 9], [23, 17, 24, 16], [1, 10, 2, 11], [3, 15, 4, 14]]"
12a_1259_161,"[[3, 15, 4, 14], [5, 13, 6, 12], [7, 20, 8, 21], [9, 24, 10, 1], [11, 18, 12, 19], [13, 5, 14, 4], [15, 23, 16, 22], [17, 3, 18, 2], [19, 6, 20, 7], [21, 8, 22, 9], [23, 17, 24, 16], [1, 10, 2, 11]]"
12a_1259_162,"[[1, 10, 2, 11], [3, 15, 4, 14], [5, 13, 6, 12], [7, 20, 8, 21], [9, 24, 10, 1], [11, 18, 12, 19], [13, 5, 14, 4], [15, 23, 16, 22], [17, 3, 18, 2], [19, 6, 20, 7], [21, 8, 22, 9], [23, 17, 24, 16]]"
12a_1259_163,"[[23, 17, 24, 16], [1, 10, 2, 11], [3, 15, 4, 14], [5, 13, 6, 12], [7, 20, 8, 21], [9, 24, 10, 1], [11, 18, 12, 19], [13, 5, 14, 4], [15, 23, 16, 22], [17, 3, 18, 2], [19, 6, 20, 7], [21, 8, 22, 9]]"
12a_1259_164,"[[21, 8, 22, 9], [23, 17, 24, 16], [1, 10, 2, 11], [3, 15, 4, 14], [5, 13, 6, 12], [7, 20, 8, 21], [9, 24, 10, 1], [11, 18, 12, 19], [13, 5, 14, 4], [15, 23, 16, 22], [17, 3, 18, 2], [19, 6, 20, 7]]"
12a_1259_165,"[[19, 6, 20, 7], [21, 8, 22, 9], [23, 17, 24, 16], [1, 10, 2, 11], [3, 15, 4, 14], [5, 13, 6, 12], [7, 20, 8, 21], [9, 24, 10, 1], [11, 18, 12, 19], [13, 5, 14, 4], [15, 23, 16, 22], [17, 3, 18, 2]]"
12a_1259_166,"[[17, 3, 18, 2], [19, 6, 20, 7], [21, 8, 22, 9], [23, 17, 24, 16], [1, 10, 2, 11], [3, 15, 4, 14], [5, 13, 6, 12], [7, 20, 8, 21], [9, 24, 10, 1], [11, 18, 12, 19], [13, 5, 14, 4], [15, 23, 16, 22]]"
12a_1259_167,"[[15, 23, 16, 22], [17, 3, 18, 2], [19, 6, 20, 7], [21, 8, 22, 9], [23, 17, 24, 16], [1, 10, 2, 11], [3, 15, 4, 14], [5, 13, 6, 12], [7, 20, 8, 21], [9, 24, 10, 1], [11, 18, 12, 19], [13, 5, 14, 4]]"
12a_1259_168,"[[14, 6, 15, 5], [16, 24, 17, 23], [18, 4, 19, 3], [20, 7, 21, 8], [22, 9, 23, 10], [24, 18, 1, 17], [2, 11, 3, 12], [4, 16, 5, 15], [6, 14, 7, 13], [8, 21, 9, 22], [10, 1, 11, 2], [12, 19, 13, 20]]"
12a_1259_169,"[[12, 19, 13, 20], [14, 6, 15, 5], [16, 24, 17, 23], [18, 4, 19, 3], [20, 7, 21, 8], [22, 9, 23, 10], [24, 18, 1, 17], [2, 11, 3, 12], [4, 16, 5, 15], [6, 14, 7, 13], [8, 21, 9, 22], [10, 1, 11, 2]]"
12a_1259_170,"[[10, 1, 11, 2], [12, 19, 13, 20], [14, 6, 15, 5], [16, 24, 17, 23], [18, 4, 19, 3], [20, 7, 21, 8], [22, 9, 23, 10], [24, 18, 1, 17], [2, 11, 3, 12], [4, 16, 5, 15], [6, 14, 7, 13], [8, 21, 9, 22]]"
12a_1259_171,"[[8, 21, 9, 22], [10, 1, 11, 2], [12, 19, 13, 20], [14, 6, 15, 5], [16, 24, 17, 23], [18, 4, 19, 3], [20, 7, 21, 8], [22, 9, 23, 10], [24, 18, 1, 17], [2, 11, 3, 12], [4, 16, 5, 15], [6, 14, 7, 13]]"
12a_1259_172,"[[6, 14, 7, 13], [8, 21, 9, 22], [10, 1, 11, 2], [12, 19, 13, 20], [14, 6, 15, 5], [16, 24, 17, 23], [18, 4, 19, 3], [20, 7, 21, 8], [22, 9, 23, 10], [24, 18, 1, 17], [2, 11, 3, 12], [4, 16, 5, 15]]"
12a_1259_173,"[[4, 16, 5, 15], [6, 14, 7, 13], [8, 21, 9, 22], [10, 1, 11, 2], [12, 19, 13, 20], [14, 6, 15, 5], [16, 24, 17, 23], [18, 4, 19, 3], [20, 7, 21, 8], [22, 9, 23, 10], [24, 18, 1, 17], [2, 11, 3, 12]]"
12a_1259_174,"[[2, 11, 3, 12], [4, 16, 5, 15], [6, 14, 7, 13], [8, 21, 9, 22], [10, 1, 11, 2], [12, 19, 13, 20], [14, 6, 15, 5], [16, 24, 17, 23], [18, 4, 19, 3], [20, 7, 21, 8], [22, 9, 23, 10], [24, 18, 1, 17]]"
12a_1259_175,"[[24, 18, 1, 17], [2, 11, 3, 12], [4, 16, 5, 15], [6, 14, 7, 13], [8, 21, 9, 22], [10, 1, 11, 2], [12, 19, 13, 20], [14, 6, 15, 5], [16, 24, 17, 23], [18, 4, 19, 3], [20, 7, 21, 8], [22, 9, 23, 10]]"
12a_1259_176,"[[22, 9, 23, 10], [24, 18, 1, 17], [2, 11, 3, 12], [4, 16, 5, 15], [6, 14, 7, 13], [8, 21, 9, 22], [10, 1, 11, 2], [12, 19, 13, 20], [14, 6, 15, 5], [16, 24, 17, 23], [18, 4, 19, 3], [20, 7, 21, 8]]"
12a_1259_177,"[[20, 7, 21, 8], [22, 9, 23, 10], [24, 18, 1, 17], [2, 11, 3, 12], [4, 16, 5, 15], [6, 14, 7, 13], [8, 21, 9, 22], [10, 1, 11, 2], [12, 19, 13, 20], [14, 6, 15, 5], [16, 24, 17, 23], [18, 4, 19, 3]]"
12a_1259_178,"[[18, 4, 19, 3], [20, 7, 21, 8], [22, 9, 23, 10], [24, 18, 1, 17], [2, 11, 3, 12], [4, 16, 5, 15], [6, 14, 7, 13], [8, 21, 9, 22], [10, 1, 11, 2], [12, 19, 13, 20], [14, 6, 15, 5], [16, 24, 17, 23]]"
12a_1259_179,"[[16, 24, 17, 23], [18, 4, 19, 3], [20, 7, 21, 8], [22, 9, 23, 10], [24, 18, 1, 17], [2, 11, 3, 12], [4, 16, 5, 15], [6, 14, 7, 13], [8, 21, 9, 22], [10, 1, 11, 2], [12, 19, 13, 20], [14, 6, 15, 5]]"
12a_1259_180,"[[15, 7, 16, 6], [17, 1, 18, 24], [19, 5, 20, 4], [21, 8, 22, 9], [23, 10, 24, 11], [1, 19, 2, 18], [3, 12, 4, 13], [5, 17, 6, 16], [7, 15, 8, 14], [9, 22, 10, 23], [11, 2, 12, 3], [13, 20, 14, 21]]"
12a_1259_181,"[[13, 20, 14, 21], [15, 7, 16, 6], [17, 1, 18, 24], [19, 5, 20, 4], [21, 8, 22, 9], [23, 10, 24, 11], [1, 19, 2, 18], [3, 12, 4, 13], [5, 17, 6, 16], [7, 15, 8, 14], [9, 22, 10, 23], [11, 2, 12, 3]]"
12a_1259_182,"[[11, 2, 12, 3], [13, 20, 14, 21], [15, 7, 16, 6], [17, 1, 18, 24], [19, 5, 20, 4], [21, 8, 22, 9], [23, 10, 24, 11], [1, 19, 2, 18], [3, 12, 4, 13], [5, 17, 6, 16], [7, 15, 8, 14], [9, 22, 10, 23]]"
12a_1259_183,"[[9, 22, 10, 23], [11, 2, 12, 3], [13, 20, 14, 21], [15, 7, 16, 6], [17, 1, 18, 24], [19, 5, 20, 4], [21, 8, 22, 9], [23, 10, 24, 11], [1, 19, 2, 18], [3, 12, 4, 13], [5, 17, 6, 16], [7, 15, 8, 14]]"
12a_1259_184,"[[7, 15, 8, 14], [9, 22, 10, 23], [11, 2, 12, 3], [13, 20, 14, 21], [15, 7, 16, 6], [17, 1, 18, 24], [19, 5, 20, 4], [21, 8, 22, 9], [23, 10, 24, 11], [1, 19, 2, 18], [3, 12, 4, 13], [5, 17, 6, 16]]"
12a_1259_185,"[[5, 17, 6, 16], [7, 15, 8, 14], [9, 22, 10, 23], [11, 2, 12, 3], [13, 20, 14, 21], [15, 7, 16, 6], [17, 1, 18, 24], [19, 5, 20, 4], [21, 8, 22, 9], [23, 10, 24, 11], [1, 19, 2, 18], [3, 12, 4, 13]]"
