name,pd_notation
12a_0228_0,"[[24, 19, 1, 20], [2, 6, 3, 5], [4, 11, 5, 12], [6, 14, 7, 13], [8, 18, 9, 17], [10, 21, 11, 22], [12, 3, 13, 4], [14, 2, 15, 1], [16, 10, 17, 9], [18, 23, 19, 24], [20, 15, 21, 16], [22, 7, 23, 8]]"
12a_0228_1,"[[22, 7, 23, 8], [24, 19, 1, 20], [2, 6, 3, 5], [4, 11, 5, 12], [6, 14, 7, 13], [8, 18, 9, 17], [10, 21, 11, 22], [12, 3, 13, 4], [14, 2, 15, 1], [16, 10, 17, 9], [18, 23, 19, 24], [20, 15, 21, 16]]"
12a_0228_2,"[[20, 15, 21, 16], [22, 7, 23, 8], [24, 19, 1, 20], [2, 6, 3, 5], [4, 11, 5, 12], [6, 14, 7, 13], [8, 18, 9, 17], [10, 21, 11, 22], [12, 3, 13, 4], [14, 2, 15, 1], [16, 10, 17, 9], [18, 23, 19, 24]]"
12a_0228_3,"[[18, 23, 19, 24], [20, 15, 21, 16], [22, 7, 23, 8], [24, 19, 1, 20], [2, 6, 3, 5], [4, 11, 5, 12], [6, 14, 7, 13], [8, 18, 9, 17], [10, 21, 11, 22], [12, 3, 13, 4], [14, 2, 15, 1], [16, 10, 17, 9]]"
12a_0228_4,"[[16, 10, 17, 9], [18, 23, 19, 24], [20, 15, 21, 16], [22, 7, 23, 8], [24, 19, 1, 20], [2, 6, 3, 5], [4, 11, 5, 12], [6, 14, 7, 13], [8, 18, 9, 17], [10, 21, 11, 22], [12, 3, 13, 4], [14, 2, 15, 1]]"
12a_0228_5,"[[14, 2, 15, 1], [16, 10, 17, 9], [18, 23, 19, 24], [20, 15, 21, 16], [22, 7, 23, 8], [24, 19, 1, 20], [2, 6, 3, 5], [4, 11, 5, 12], [6, 14, 7, 13], [8, 18, 9, 17], [10, 21, 11, 22], [12, 3, 13, 4]]"
12a_0228_6,"[[12, 3, 13, 4], [14, 2, 15, 1], [16, 10, 17, 9], [18, 23, 19, 24], [20, 15, 21, 16], [22, 7, 23, 8], [24, 19, 1, 20], [2, 6, 3, 5], [4, 11, 5, 12], [6, 14, 7, 13], [8, 18, 9, 17], [10, 21, 11, 22]]"
12a_0228_7,"[[10, 21, 11, 22], [12, 3, 13, 4], [14, 2, 15, 1], [16, 10, 17, 9], [18, 23, 19, 24], [20, 15, 21, 16], [22, 7, 23, 8], [24, 19, 1, 20], [2, 6, 3, 5], [4, 11, 5, 12], [6, 14, 7, 13], [8, 18, 9, 17]]"
12a_0228_8,"[[8, 18, 9, 17], [10, 21, 11, 22], [12, 3, 13, 4], [14, 2, 15, 1], [16, 10, 17, 9], [18, 23, 19, 24], [20, 15, 21, 16], [22, 7, 23, 8], [24, 19, 1, 20], [2, 6, 3, 5], [4, 11, 5, 12], [6, 14, 7, 13]]"
12a_0228_9,"[[6, 14, 7, 13], [8, 18, 9, 17], [10, 21, 11, 22], [12, 3, 13, 4], [14, 2, 15, 1], [16, 10, 17, 9], [18, 23, 19, 24], [20, 15, 21, 16], [22, 7, 23, 8], [24, 19, 1, 20], [2, 6, 3, 5], [4, 11, 5, 12]]"
12a_0228_10,"[[4, 11, 5, 12], [6, 14, 7, 13], [8, 18, 9, 17], [10, 21, 11, 22], [12, 3, 13, 4], [14, 2, 15, 1], [16, 10, 17, 9], [18, 23, 19, 24], [20, 15, 21, 16], [22, 7, 23, 8], [24, 19, 1, 20], [2, 6, 3, 5]]"
12a_0228_11,"[[2, 6, 3, 5], [4, 11, 5, 12], [6, 14, 7, 13], [8, 18, 9, 17], [10, 21, 11, 22], [12, 3, 13, 4], [14, 2, 15, 1], [16, 10, 17, 9], [18, 23, 19, 24], [20, 15, 21, 16], [22, 7, 23, 8], [24, 19, 1, 20]]"
12a_0228_12,"[[1, 20, 2, 21], [3, 7, 4, 6], [5, 12, 6, 13], [7, 15, 8, 14], [9, 19, 10, 18], [11, 22, 12, 23], [13, 4, 14, 5], [15, 3, 16, 2], [17, 11, 18, 10], [19, 24, 20, 1], [21, 16, 22, 17], [23, 8, 24, 9]]"
12a_0228_13,"[[23, 8, 24, 9], [1, 20, 2, 21], [3, 7, 4, 6], [5, 12, 6, 13], [7, 15, 8, 14], [9, 19, 10, 18], [11, 22, 12, 23], [13, 4, 14, 5], [15, 3, 16, 2], [17, 11, 18, 10], [19, 24, 20, 1], [21, 16, 22, 17]]"
12a_0228_14,"[[21, 16, 22, 17], [23, 8, 24, 9], [1, 20, 2, 21], [3, 7, 4, 6], [5, 12, 6, 13], [7, 15, 8, 14], [9, 19, 10, 18], [11, 22, 12, 23], [13, 4, 14, 5], [15, 3, 16, 2], [17, 11, 18, 10], [19, 24, 20, 1]]"
12a_0228_15,"[[19, 24, 20, 1], [21, 16, 22, 17], [23, 8, 24, 9], [1, 20, 2, 21], [3, 7, 4, 6], [5, 12, 6, 13], [7, 15, 8, 14], [9, 19, 10, 18], [11, 22, 12, 23], [13, 4, 14, 5], [15, 3, 16, 2], [17, 11, 18, 10]]"
12a_0228_16,"[[17, 11, 18, 10], [19, 24, 20, 1], [21, 16, 22, 17], [23, 8, 24, 9], [1, 20, 2, 21], [3, 7, 4, 6], [5, 12, 6, 13], [7, 15, 8, 14], [9, 19, 10, 18], [11, 22, 12, 23], [13, 4, 14, 5], [15, 3, 16, 2]]"
12a_0228_17,"[[15, 3, 16, 2], [17, 11, 18, 10], [19, 24, 20, 1], [21, 16, 22, 17], [23, 8, 24, 9], [1, 20, 2, 21], [3, 7, 4, 6], [5, 12, 6, 13], [7, 15, 8, 14], [9, 19, 10, 18], [11, 22, 12, 23], [13, 4, 14, 5]]"
12a_0228_18,"[[13, 4, 14, 5], [15, 3, 16, 2], [17, 11, 18, 10], [19, 24, 20, 1], [21, 16, 22, 17], [23, 8, 24, 9], [1, 20, 2, 21], [3, 7, 4, 6], [5, 12, 6, 13], [7, 15, 8, 14], [9, 19, 10, 18], [11, 22, 12, 23]]"
12a_0228_19,"[[11, 22, 12, 23], [13, 4, 14, 5], [15, 3, 16, 2], [17, 11, 18, 10], [19, 24, 20, 1], [21, 16, 22, 17], [23, 8, 24, 9], [1, 20, 2, 21], [3, 7, 4, 6], [5, 12, 6, 13], [7, 15, 8, 14], [9, 19, 10, 18]]"
12a_0228_20,"[[9, 19, 10, 18], [11, 22, 12, 23], [13, 4, 14, 5], [15, 3, 16, 2], [17, 11, 18, 10], [19, 24, 20, 1], [21, 16, 22, 17], [23, 8, 24, 9], [1, 20, 2, 21], [3, 7, 4, 6], [5, 12, 6, 13], [7, 15, 8, 14]]"
12a_0228_21,"[[7, 15, 8, 14], [9, 19, 10, 18], [11, 22, 12, 23], [13, 4, 14, 5], [15, 3, 16, 2], [17, 11, 18, 10], [19, 24, 20, 1], [21, 16, 22, 17], [23, 8, 24, 9], [1, 20, 2, 21], [3, 7, 4, 6], [5, 12, 6, 13]]"
12a_0228_22,"[[5, 12, 6, 13], [7, 15, 8, 14], [9, 19, 10, 18], [11, 22, 12, 23], [13, 4, 14, 5], [15, 3, 16, 2], [17, 11, 18, 10], [19, 24, 20, 1], [21, 16, 22, 17], [23, 8, 24, 9], [1, 20, 2, 21], [3, 7, 4, 6]]"
12a_0228_23,"[[3, 7, 4, 6], [5, 12, 6, 13], [7, 15, 8, 14], [9, 19, 10, 18], [11, 22, 12, 23], [13, 4, 14, 5], [15, 3, 16, 2], [17, 11, 18, 10], [19, 24, 20, 1], [21, 16, 22, 17], [23, 8, 24, 9], [1, 20, 2, 21]]"
12a_0228_24,"[[2, 21, 3, 22], [4, 8, 5, 7], [6, 13, 7, 14], [8, 16, 9, 15], [10, 20, 11, 19], [12, 23, 13, 24], [14, 5, 15, 6], [16, 4, 17, 3], [18, 12, 19, 11], [20, 1, 21, 2], [22, 17, 23, 18], [24, 9, 1, 10]]"
12a_0228_25,"[[24, 9, 1, 10], [2, 21, 3, 22], [4, 8, 5, 7], [6, 13, 7, 14], [8, 16, 9, 15], [10, 20, 11, 19], [12, 23, 13, 24], [14, 5, 15, 6], [16, 4, 17, 3], [18, 12, 19, 11], [20, 1, 21, 2], [22, 17, 23, 18]]"
12a_0228_26,"[[22, 17, 23, 18], [24, 9, 1, 10], [2, 21, 3, 22], [4, 8, 5, 7], [6, 13, 7, 14], [8, 16, 9, 15], [10, 20, 11, 19], [12, 23, 13, 24], [14, 5, 15, 6], [16, 4, 17, 3], [18, 12, 19, 11], [20, 1, 21, 2]]"
12a_0228_27,"[[20, 1, 21, 2], [22, 17, 23, 18], [24, 9, 1, 10], [2, 21, 3, 22], [4, 8, 5, 7], [6, 13, 7, 14], [8, 16, 9, 15], [10, 20, 11, 19], [12, 23, 13, 24], [14, 5, 15, 6], [16, 4, 17, 3], [18, 12, 19, 11]]"
12a_0228_28,"[[18, 12, 19, 11], [20, 1, 21, 2], [22, 17, 23, 18], [24, 9, 1, 10], [2, 21, 3, 22], [4, 8, 5, 7], [6, 13, 7, 14], [8, 16, 9, 15], [10, 20, 11, 19], [12, 23, 13, 24], [14, 5, 15, 6], [16, 4, 17, 3]]"
12a_0228_29,"[[16, 4, 17, 3], [18, 12, 19, 11], [20, 1, 21, 2], [22, 17, 23, 18], [24, 9, 1, 10], [2, 21, 3, 22], [4, 8, 5, 7], [6, 13, 7, 14], [8, 16, 9, 15], [10, 20, 11, 19], [12, 23, 13, 24], [14, 5, 15, 6]]"
12a_0228_30,"[[14, 5, 15, 6], [16, 4, 17, 3], [18, 12, 19, 11], [20, 1, 21, 2], [22, 17, 23, 18], [24, 9, 1, 10], [2, 21, 3, 22], [4, 8, 5, 7], [6, 13, 7, 14], [8, 16, 9, 15], [10, 20, 11, 19], [12, 23, 13, 24]]"
12a_0228_31,"[[12, 23, 13, 24], [14, 5, 15, 6], [16, 4, 17, 3], [18, 12, 19, 11], [20, 1, 21, 2], [22, 17, 23, 18], [24, 9, 1, 10], [2, 21, 3, 22], [4, 8, 5, 7], [6, 13, 7, 14], [8, 16, 9, 15], [10, 20, 11, 19]]"
12a_0228_32,"[[10, 20, 11, 19], [12, 23, 13, 24], [14, 5, 15, 6], [16, 4, 17, 3], [18, 12, 19, 11], [20, 1, 21, 2], [22, 17, 23, 18], [24, 9, 1, 10], [2, 21, 3, 22], [4, 8, 5, 7], [6, 13, 7, 14], [8, 16, 9, 15]]"
12a_0228_33,"[[8, 16, 9, 15], [10, 20, 11, 19], [12, 23, 13, 24], [14, 5, 15, 6], [16, 4, 17, 3], [18, 12, 19, 11], [20, 1, 21, 2], [22, 17, 23, 18], [24, 9, 1, 10], [2, 21, 3, 22], [4, 8, 5, 7], [6, 13, 7, 14]]"
12a_0228_34,"[[6, 13, 7, 14], [8, 16, 9, 15], [10, 20, 11, 19], [12, 23, 13, 24], [14, 5, 15, 6], [16, 4, 17, 3], [18, 12, 19, 11], [20, 1, 21, 2], [22, 17, 23, 18], [24, 9, 1, 10], [2, 21, 3, 22], [4, 8, 5, 7]]"
12a_0228_35,"[[4, 8, 5, 7], [6, 13, 7, 14], [8, 16, 9, 15], [10, 20, 11, 19], [12, 23, 13, 24], [14, 5, 15, 6], [16, 4, 17, 3], [18, 12, 19, 11], [20, 1, 21, 2], [22, 17, 23, 18], [24, 9, 1, 10], [2, 21, 3, 22]]"
12a_0228_36,"[[3, 22, 4, 23], [5, 9, 6, 8], [7, 14, 8, 15], [9, 17, 10, 16], [11, 21, 12, 20], [13, 24, 14, 1], [15, 6, 16, 7], [17, 5, 18, 4], [19, 13, 20, 12], [21, 2, 22, 3], [23, 18, 24, 19], [1, 10, 2, 11]]"
12a_0228_37,"[[1, 10, 2, 11], [3, 22, 4, 23], [5, 9, 6, 8], [7, 14, 8, 15], [9, 17, 10, 16], [11, 21, 12, 20], [13, 24, 14, 1], [15, 6, 16, 7], [17, 5, 18, 4], [19, 13, 20, 12], [21, 2, 22, 3], [23, 18, 24, 19]]"
12a_0228_38,"[[23, 18, 24, 19], [1, 10, 2, 11], [3, 22, 4, 23], [5, 9, 6, 8], [7, 14, 8, 15], [9, 17, 10, 16], [11, 21, 12, 20], [13, 24, 14, 1], [15, 6, 16, 7], [17, 5, 18, 4], [19, 13, 20, 12], [21, 2, 22, 3]]"
12a_0228_39,"[[21, 2, 22, 3], [23, 18, 24, 19], [1, 10, 2, 11], [3, 22, 4, 23], [5, 9, 6, 8], [7, 14, 8, 15], [9, 17, 10, 16], [11, 21, 12, 20], [13, 24, 14, 1], [15, 6, 16, 7], [17, 5, 18, 4], [19, 13, 20, 12]]"
12a_0228_40,"[[19, 13, 20, 12], [21, 2, 22, 3], [23, 18, 24, 19], [1, 10, 2, 11], [3, 22, 4, 23], [5, 9, 6, 8], [7, 14, 8, 15], [9, 17, 10, 16], [11, 21, 12, 20], [13, 24, 14, 1], [15, 6, 16, 7], [17, 5, 18, 4]]"
12a_0228_41,"[[17, 5, 18, 4], [19, 13, 20, 12], [21, 2, 22, 3], [23, 18, 24, 19], [1, 10, 2, 11], [3, 22, 4, 23], [5, 9, 6, 8], [7, 14, 8, 15], [9, 17, 10, 16], [11, 21, 12, 20], [13, 24, 14, 1], [15, 6, 16, 7]]"
12a_0228_42,"[[15, 6, 16, 7], [17, 5, 18, 4], [19, 13, 20, 12], [21, 2, 22, 3], [23, 18, 24, 19], [1, 10, 2, 11], [3, 22, 4, 23], [5, 9, 6, 8], [7, 14, 8, 15], [9, 17, 10, 16], [11, 21, 12, 20], [13, 24, 14, 1]]"
12a_0228_43,"[[13, 24, 14, 1], [15, 6, 16, 7], [17, 5, 18, 4], [19, 13, 20, 12], [21, 2, 22, 3], [23, 18, 24, 19], [1, 10, 2, 11], [3, 22, 4, 23], [5, 9, 6, 8], [7, 14, 8, 15], [9, 17, 10, 16], [11, 21, 12, 20]]"
12a_0228_44,"[[11, 21, 12, 20], [13, 24, 14, 1], [15, 6, 16, 7], [17, 5, 18, 4], [19, 13, 20, 12], [21, 2, 22, 3], [23, 18, 24, 19], [1, 10, 2, 11], [3, 22, 4, 23], [5, 9, 6, 8], [7, 14, 8, 15], [9, 17, 10, 16]]"
12a_0228_45,"[[9, 17, 10, 16], [11, 21, 12, 20], [13, 24, 14, 1], [15, 6, 16, 7], [17, 5, 18, 4], [19, 13, 20, 12], [21, 2, 22, 3], [23, 18, 24, 19], [1, 10, 2, 11], [3, 22, 4, 23], [5, 9, 6, 8], [7, 14, 8, 15]]"
12a_0228_46,"[[7, 14, 8, 15], [9, 17, 10, 16], [11, 21, 12, 20], [13, 24, 14, 1], [15, 6, 16, 7], [17, 5, 18, 4], [19, 13, 20, 12], [21, 2, 22, 3], [23, 18, 24, 19], [1, 10, 2, 11], [3, 22, 4, 23], [5, 9, 6, 8]]"
12a_0228_47,"[[5, 9, 6, 8], [7, 14, 8, 15], [9, 17, 10, 16], [11, 21, 12, 20], [13, 24, 14, 1], [15, 6, 16, 7], [17, 5, 18, 4], [19, 13, 20, 12], [21, 2, 22, 3], [23, 18, 24, 19], [1, 10, 2, 11], [3, 22, 4, 23]]"
12a_0228_48,"[[4, 23, 5, 24], [6, 10, 7, 9], [8, 15, 9, 16], [10, 18, 11, 17], [12, 22, 13, 21], [14, 1, 15, 2], [16, 7, 17, 8], [18, 6, 19, 5], [20, 14, 21, 13], [22, 3, 23, 4], [24, 19, 1, 20], [2, 11, 3, 12]]"
12a_0228_49,"[[2, 11, 3, 12], [4, 23, 5, 24], [6, 10, 7, 9], [8, 15, 9, 16], [10, 18, 11, 17], [12, 22, 13, 21], [14, 1, 15, 2], [16, 7, 17, 8], [18, 6, 19, 5], [20, 14, 21, 13], [22, 3, 23, 4], [24, 19, 1, 20]]"
12a_0228_50,"[[24, 19, 1, 20], [2, 11, 3, 12], [4, 23, 5, 24], [6, 10, 7, 9], [8, 15, 9, 16], [10, 18, 11, 17], [12, 22, 13, 21], [14, 1, 15, 2], [16, 7, 17, 8], [18, 6, 19, 5], [20, 14, 21, 13], [22, 3, 23, 4]]"
12a_0228_51,"[[22, 3, 23, 4], [24, 19, 1, 20], [2, 11, 3, 12], [4, 23, 5, 24], [6, 10, 7, 9], [8, 15, 9, 16], [10, 18, 11, 17], [12, 22, 13, 21], [14, 1, 15, 2], [16, 7, 17, 8], [18, 6, 19, 5], [20, 14, 21, 13]]"
12a_0228_52,"[[20, 14, 21, 13], [22, 3, 23, 4], [24, 19, 1, 20], [2, 11, 3, 12], [4, 23, 5, 24], [6, 10, 7, 9], [8, 15, 9, 16], [10, 18, 11, 17], [12, 22, 13, 21], [14, 1, 15, 2], [16, 7, 17, 8], [18, 6, 19, 5]]"
12a_0228_53,"[[18, 6, 19, 5], [20, 14, 21, 13], [22, 3, 23, 4], [24, 19, 1, 20], [2, 11, 3, 12], [4, 23, 5, 24], [6, 10, 7, 9], [8, 15, 9, 16], [10, 18, 11, 17], [12, 22, 13, 21], [14, 1, 15, 2], [16, 7, 17, 8]]"
12a_0228_54,"[[16, 7, 17, 8], [18, 6, 19, 5], [20, 14, 21, 13], [22, 3, 23, 4], [24, 19, 1, 20], [2, 11, 3, 12], [4, 23, 5, 24], [6, 10, 7, 9], [8, 15, 9, 16], [10, 18, 11, 17], [12, 22, 13, 21], [14, 1, 15, 2]]"
12a_0228_55,"[[14, 1, 15, 2], [16, 7, 17, 8], [18, 6, 19, 5], [20, 14, 21, 13], [22, 3, 23, 4], [24, 19, 1, 20], [2, 11, 3, 12], [4, 23, 5, 24], [6, 10, 7, 9], [8, 15, 9, 16], [10, 18, 11, 17], [12, 22, 13, 21]]"
12a_0228_56,"[[12, 22, 13, 21], [14, 1, 15, 2], [16, 7, 17, 8], [18, 6, 19, 5], [20, 14, 21, 13], [22, 3, 23, 4], [24, 19, 1, 20], [2, 11, 3, 12], [4, 23, 5, 24], [6, 10, 7, 9], [8, 15, 9, 16], [10, 18, 11, 17]]"
12a_0228_57,"[[10, 18, 11, 17], [12, 22, 13, 21], [14, 1, 15, 2], [16, 7, 17, 8], [18, 6, 19, 5], [20, 14, 21, 13], [22, 3, 23, 4], [24, 19, 1, 20], [2, 11, 3, 12], [4, 23, 5, 24], [6, 10, 7, 9], [8, 15, 9, 16]]"
12a_0228_58,"[[8, 15, 9, 16], [10, 18, 11, 17], [12, 22, 13, 21], [14, 1, 15, 2], [16, 7, 17, 8], [18, 6, 19, 5], [20, 14, 21, 13], [22, 3, 23, 4], [24, 19, 1, 20], [2, 11, 3, 12], [4, 23, 5, 24], [6, 10, 7, 9]]"
12a_0228_59,"[[6, 10, 7, 9], [8, 15, 9, 16], [10, 18, 11, 17], [12, 22, 13, 21], [14, 1, 15, 2], [16, 7, 17, 8], [18, 6, 19, 5], [20, 14, 21, 13], [22, 3, 23, 4], [24, 19, 1, 20], [2, 11, 3, 12], [4, 23, 5, 24]]"
12a_0228_60,"[[5, 24, 6, 1], [7, 11, 8, 10], [9, 16, 10, 17], [11, 19, 12, 18], [13, 23, 14, 22], [15, 2, 16, 3], [17, 8, 18, 9], [19, 7, 20, 6], [21, 15, 22, 14], [23, 4, 24, 5], [1, 20, 2, 21], [3, 12, 4, 13]]"
12a_0228_61,"[[3, 12, 4, 13], [5, 24, 6, 1], [7, 11, 8, 10], [9, 16, 10, 17], [11, 19, 12, 18], [13, 23, 14, 22], [15, 2, 16, 3], [17, 8, 18, 9], [19, 7, 20, 6], [21, 15, 22, 14], [23, 4, 24, 5], [1, 20, 2, 21]]"
12a_0228_62,"[[1, 20, 2, 21], [3, 12, 4, 13], [5, 24, 6, 1], [7, 11, 8, 10], [9, 16, 10, 17], [11, 19, 12, 18], [13, 23, 14, 22], [15, 2, 16, 3], [17, 8, 18, 9], [19, 7, 20, 6], [21, 15, 22, 14], [23, 4, 24, 5]]"
12a_0228_63,"[[23, 4, 24, 5], [1, 20, 2, 21], [3, 12, 4, 13], [5, 24, 6, 1], [7, 11, 8, 10], [9, 16, 10, 17], [11, 19, 12, 18], [13, 23, 14, 22], [15, 2, 16, 3], [17, 8, 18, 9], [19, 7, 20, 6], [21, 15, 22, 14]]"
12a_0228_64,"[[21, 15, 22, 14], [23, 4, 24, 5], [1, 20, 2, 21], [3, 12, 4, 13], [5, 24, 6, 1], [7, 11, 8, 10], [9, 16, 10, 17], [11, 19, 12, 18], [13, 23, 14, 22], [15, 2, 16, 3], [17, 8, 18, 9], [19, 7, 20, 6]]"
12a_0228_65,"[[19, 7, 20, 6], [21, 15, 22, 14], [23, 4, 24, 5], [1, 20, 2, 21], [3, 12, 4, 13], [5, 24, 6, 1], [7, 11, 8, 10], [9, 16, 10, 17], [11, 19, 12, 18], [13, 23, 14, 22], [15, 2, 16, 3], [17, 8, 18, 9]]"
12a_0228_66,"[[17, 8, 18, 9], [19, 7, 20, 6], [21, 15, 22, 14], [23, 4, 24, 5], [1, 20, 2, 21], [3, 12, 4, 13], [5, 24, 6, 1], [7, 11, 8, 10], [9, 16, 10, 17], [11, 19, 12, 18], [13, 23, 14, 22], [15, 2, 16, 3]]"
12a_0228_67,"[[15, 2, 16, 3], [17, 8, 18, 9], [19, 7, 20, 6], [21, 15, 22, 14], [23, 4, 24, 5], [1, 20, 2, 21], [3, 12, 4, 13], [5, 24, 6, 1], [7, 11, 8, 10], [9, 16, 10, 17], [11, 19, 12, 18], [13, 23, 14, 22]]"
12a_0228_68,"[[13, 23, 14, 22], [15, 2, 16, 3], [17, 8, 18, 9], [19, 7, 20, 6], [21, 15, 22, 14], [23, 4, 24, 5], [1, 20, 2, 21], [3, 12, 4, 13], [5, 24, 6, 1], [7, 11, 8, 10], [9, 16, 10, 17], [11, 19, 12, 18]]"
12a_0228_69,"[[11, 19, 12, 18], [13, 23, 14, 22], [15, 2, 16, 3], [17, 8, 18, 9], [19, 7, 20, 6], [21, 15, 22, 14], [23, 4, 24, 5], [1, 20, 2, 21], [3, 12, 4, 13], [5, 24, 6, 1], [7, 11, 8, 10], [9, 16, 10, 17]]"
12a_0228_70,"[[9, 16, 10, 17], [11, 19, 12, 18], [13, 23, 14, 22], [15, 2, 16, 3], [17, 8, 18, 9], [19, 7, 20, 6], [21, 15, 22, 14], [23, 4, 24, 5], [1, 20, 2, 21], [3, 12, 4, 13], [5, 24, 6, 1], [7, 11, 8, 10]]"
12a_0228_71,"[[7, 11, 8, 10], [9, 16, 10, 17], [11, 19, 12, 18], [13, 23, 14, 22], [15, 2, 16, 3], [17, 8, 18, 9], [19, 7, 20, 6], [21, 15, 22, 14], [23, 4, 24, 5], [1, 20, 2, 21], [3, 12, 4, 13], [5, 24, 6, 1]]"
12a_0228_72,"[[6, 1, 7, 2], [8, 12, 9, 11], [10, 17, 11, 18], [12, 20, 13, 19], [14, 24, 15, 23], [16, 3, 17, 4], [18, 9, 19, 10], [20, 8, 21, 7], [22, 16, 23, 15], [24, 5, 1, 6], [2, 21, 3, 22], [4, 13, 5, 14]]"
12a_0228_73,"[[4, 13, 5, 14], [6, 1, 7, 2], [8, 12, 9, 11], [10, 17, 11, 18], [12, 20, 13, 19], [14, 24, 15, 23], [16, 3, 17, 4], [18, 9, 19, 10], [20, 8, 21, 7], [22, 16, 23, 15], [24, 5, 1, 6], [2, 21, 3, 22]]"
12a_0228_74,"[[2, 21, 3, 22], [4, 13, 5, 14], [6, 1, 7, 2], [8, 12, 9, 11], [10, 17, 11, 18], [12, 20, 13, 19], [14, 24, 15, 23], [16, 3, 17, 4], [18, 9, 19, 10], [20, 8, 21, 7], [22, 16, 23, 15], [24, 5, 1, 6]]"
12a_0228_75,"[[24, 5, 1, 6], [2, 21, 3, 22], [4, 13, 5, 14], [6, 1, 7, 2], [8, 12, 9, 11], [10, 17, 11, 18], [12, 20, 13, 19], [14, 24, 15, 23], [16, 3, 17, 4], [18, 9, 19, 10], [20, 8, 21, 7], [22, 16, 23, 15]]"
12a_0228_76,"[[22, 16, 23, 15], [24, 5, 1, 6], [2, 21, 3, 22], [4, 13, 5, 14], [6, 1, 7, 2], [8, 12, 9, 11], [10, 17, 11, 18], [12, 20, 13, 19], [14, 24, 15, 23], [16, 3, 17, 4], [18, 9, 19, 10], [20, 8, 21, 7]]"
12a_0228_77,"[[20, 8, 21, 7], [22, 16, 23, 15], [24, 5, 1, 6], [2, 21, 3, 22], [4, 13, 5, 14], [6, 1, 7, 2], [8, 12, 9, 11], [10, 17, 11, 18], [12, 20, 13, 19], [14, 24, 15, 23], [16, 3, 17, 4], [18, 9, 19, 10]]"
12a_0228_78,"[[18, 9, 19, 10], [20, 8, 21, 7], [22, 16, 23, 15], [24, 5, 1, 6], [2, 21, 3, 22], [4, 13, 5, 14], [6, 1, 7, 2], [8, 12, 9, 11], [10, 17, 11, 18], [12, 20, 13, 19], [14, 24, 15, 23], [16, 3, 17, 4]]"
12a_0228_79,"[[16, 3, 17, 4], [18, 9, 19, 10], [20, 8, 21, 7], [22, 16, 23, 15], [24, 5, 1, 6], [2, 21, 3, 22], [4, 13, 5, 14], [6, 1, 7, 2], [8, 12, 9, 11], [10, 17, 11, 18], [12, 20, 13, 19], [14, 24, 15, 23]]"
12a_0228_80,"[[14, 24, 15, 23], [16, 3, 17, 4], [18, 9, 19, 10], [20, 8, 21, 7], [22, 16, 23, 15], [24, 5, 1, 6], [2, 21, 3, 22], [4, 13, 5, 14], [6, 1, 7, 2], [8, 12, 9, 11], [10, 17, 11, 18], [12, 20, 13, 19]]"
12a_0228_81,"[[12, 20, 13, 19], [14, 24, 15, 23], [16, 3, 17, 4], [18, 9, 19, 10], [20, 8, 21, 7], [22, 16, 23, 15], [24, 5, 1, 6], [2, 21, 3, 22], [4, 13, 5, 14], [6, 1, 7, 2], [8, 12, 9, 11], [10, 17, 11, 18]]"
12a_0228_82,"[[10, 17, 11, 18], [12, 20, 13, 19], [14, 24, 15, 23], [16, 3, 17, 4], [18, 9, 19, 10], [20, 8, 21, 7], [22, 16, 23, 15], [24, 5, 1, 6], [2, 21, 3, 22], [4, 13, 5, 14], [6, 1, 7, 2], [8, 12, 9, 11]]"
12a_0228_83,"[[8, 12, 9, 11], [10, 17, 11, 18], [12, 20, 13, 19], [14, 24, 15, 23], [16, 3, 17, 4], [18, 9, 19, 10], [20, 8, 21, 7], [22, 16, 23, 15], [24, 5, 1, 6], [2, 21, 3, 22], [4, 13, 5, 14], [6, 1, 7, 2]]"
12a_0228_84,"[[7, 2, 8, 3], [9, 13, 10, 12], [11, 18, 12, 19], [13, 21, 14, 20], [15, 1, 16, 24], [17, 4, 18, 5], [19, 10, 20, 11], [21, 9, 22, 8], [23, 17, 24, 16], [1, 6, 2, 7], [3, 22, 4, 23], [5, 14, 6, 15]]"
12a_0228_85,"[[5, 14, 6, 15], [7, 2, 8, 3], [9, 13, 10, 12], [11, 18, 12, 19], [13, 21, 14, 20], [15, 1, 16, 24], [17, 4, 18, 5], [19, 10, 20, 11], [21, 9, 22, 8], [23, 17, 24, 16], [1, 6, 2, 7], [3, 22, 4, 23]]"
12a_0228_86,"[[3, 22, 4, 23], [5, 14, 6, 15], [7, 2, 8, 3], [9, 13, 10, 12], [11, 18, 12, 19], [13, 21, 14, 20], [15, 1, 16, 24], [17, 4, 18, 5], [19, 10, 20, 11], [21, 9, 22, 8], [23, 17, 24, 16], [1, 6, 2, 7]]"
12a_0228_87,"[[1, 6, 2, 7], [3, 22, 4, 23], [5, 14, 6, 15], [7, 2, 8, 3], [9, 13, 10, 12], [11, 18, 12, 19], [13, 21, 14, 20], [15, 1, 16, 24], [17, 4, 18, 5], [19, 10, 20, 11], [21, 9, 22, 8], [23, 17, 24, 16]]"
12a_0228_88,"[[23, 17, 24, 16], [1, 6, 2, 7], [3, 22, 4, 23], [5, 14, 6, 15], [7, 2, 8, 3], [9, 13, 10, 12], [11, 18, 12, 19], [13, 21, 14, 20], [15, 1, 16, 24], [17, 4, 18, 5], [19, 10, 20, 11], [21, 9, 22, 8]]"
12a_0228_89,"[[21, 9, 22, 8], [23, 17, 24, 16], [1, 6, 2, 7], [3, 22, 4, 23], [5, 14, 6, 15], [7, 2, 8, 3], [9, 13, 10, 12], [11, 18, 12, 19], [13, 21, 14, 20], [15, 1, 16, 24], [17, 4, 18, 5], [19, 10, 20, 11]]"
12a_0228_90,"[[19, 10, 20, 11], [21, 9, 22, 8], [23, 17, 24, 16], [1, 6, 2, 7], [3, 22, 4, 23], [5, 14, 6, 15], [7, 2, 8, 3], [9, 13, 10, 12], [11, 18, 12, 19], [13, 21, 14, 20], [15, 1, 16, 24], [17, 4, 18, 5]]"
12a_0228_91,"[[17, 4, 18, 5], [19, 10, 20, 11], [21, 9, 22, 8], [23, 17, 24, 16], [1, 6, 2, 7], [3, 22, 4, 23], [5, 14, 6, 15], [7, 2, 8, 3], [9, 13, 10, 12], [11, 18, 12, 19], [13, 21, 14, 20], [15, 1, 16, 24]]"
12a_0228_92,"[[15, 1, 16, 24], [17, 4, 18, 5], [19, 10, 20, 11], [21, 9, 22, 8], [23, 17, 24, 16], [1, 6, 2, 7], [3, 22, 4, 23], [5, 14, 6, 15], [7, 2, 8, 3], [9, 13, 10, 12], [11, 18, 12, 19], [13, 21, 14, 20]]"
12a_0228_93,"[[13, 21, 14, 20], [15, 1, 16, 24], [17, 4, 18, 5], [19, 10, 20, 11], [21, 9, 22, 8], [23, 17, 24, 16], [1, 6, 2, 7], [3, 22, 4, 23], [5, 14, 6, 15], [7, 2, 8, 3], [9, 13, 10, 12], [11, 18, 12, 19]]"
12a_0228_94,"[[11, 18, 12, 19], [13, 21, 14, 20], [15, 1, 16, 24], [17, 4, 18, 5], [19, 10, 20, 11], [21, 9, 22, 8], [23, 17, 24, 16], [1, 6, 2, 7], [3, 22, 4, 23], [5, 14, 6, 15], [7, 2, 8, 3], [9, 13, 10, 12]]"
12a_0228_95,"[[9, 13, 10, 12], [11, 18, 12, 19], [13, 21, 14, 20], [15, 1, 16, 24], [17, 4, 18, 5], [19, 10, 20, 11], [21, 9, 22, 8], [23, 17, 24, 16], [1, 6, 2, 7], [3, 22, 4, 23], [5, 14, 6, 15], [7, 2, 8, 3]]"
12a_0228_96,"[[8, 3, 9, 4], [10, 14, 11, 13], [12, 19, 13, 20], [14, 22, 15, 21], [16, 2, 17, 1], [18, 5, 19, 6], [20, 11, 21, 12], [22, 10, 23, 9], [24, 18, 1, 17], [2, 7, 3, 8], [4, 23, 5, 24], [6, 15, 7, 16]]"
12a_0228_97,"[[6, 15, 7, 16], [8, 3, 9, 4], [10, 14, 11, 13], [12, 19, 13, 20], [14, 22, 15, 21], [16, 2, 17, 1], [18, 5, 19, 6], [20, 11, 21, 12], [22, 10, 23, 9], [24, 18, 1, 17], [2, 7, 3, 8], [4, 23, 5, 24]]"
12a_0228_98,"[[4, 23, 5, 24], [6, 15, 7, 16], [8, 3, 9, 4], [10, 14, 11, 13], [12, 19, 13, 20], [14, 22, 15, 21], [16, 2, 17, 1], [18, 5, 19, 6], [20, 11, 21, 12], [22, 10, 23, 9], [24, 18, 1, 17], [2, 7, 3, 8]]"
12a_0228_99,"[[2, 7, 3, 8], [4, 23, 5, 24], [6, 15, 7, 16], [8, 3, 9, 4], [10, 14, 11, 13], [12, 19, 13, 20], [14, 22, 15, 21], [16, 2, 17, 1], [18, 5, 19, 6], [20, 11, 21, 12], [22, 10, 23, 9], [24, 18, 1, 17]]"
12a_0228_100,"[[24, 18, 1, 17], [2, 7, 3, 8], [4, 23, 5, 24], [6, 15, 7, 16], [8, 3, 9, 4], [10, 14, 11, 13], [12, 19, 13, 20], [14, 22, 15, 21], [16, 2, 17, 1], [18, 5, 19, 6], [20, 11, 21, 12], [22, 10, 23, 9]]"
12a_0228_101,"[[22, 10, 23, 9], [24, 18, 1, 17], [2, 7, 3, 8], [4, 23, 5, 24], [6, 15, 7, 16], [8, 3, 9, 4], [10, 14, 11, 13], [12, 19, 13, 20], [14, 22, 15, 21], [16, 2, 17, 1], [18, 5, 19, 6], [20, 11, 21, 12]]"
12a_0228_102,"[[20, 11, 21, 12], [22, 10, 23, 9], [24, 18, 1, 17], [2, 7, 3, 8], [4, 23, 5, 24], [6, 15, 7, 16], [8, 3, 9, 4], [10, 14, 11, 13], [12, 19, 13, 20], [14, 22, 15, 21], [16, 2, 17, 1], [18, 5, 19, 6]]"
12a_0228_103,"[[18, 5, 19, 6], [20, 11, 21, 12], [22, 10, 23, 9], [24, 18, 1, 17], [2, 7, 3, 8], [4, 23, 5, 24], [6, 15, 7, 16], [8, 3, 9, 4], [10, 14, 11, 13], [12, 19, 13, 20], [14, 22, 15, 21], [16, 2, 17, 1]]"
12a_0228_104,"[[16, 2, 17, 1], [18, 5, 19, 6], [20, 11, 21, 12], [22, 10, 23, 9], [24, 18, 1, 17], [2, 7, 3, 8], [4, 23, 5, 24], [6, 15, 7, 16], [8, 3, 9, 4], [10, 14, 11, 13], [12, 19, 13, 20], [14, 22, 15, 21]]"
12a_0228_105,"[[14, 22, 15, 21], [16, 2, 17, 1], [18, 5, 19, 6], [20, 11, 21, 12], [22, 10, 23, 9], [24, 18, 1, 17], [2, 7, 3, 8], [4, 23, 5, 24], [6, 15, 7, 16], [8, 3, 9, 4], [10, 14, 11, 13], [12, 19, 13, 20]]"
12a_0228_106,"[[12, 19, 13, 20], [14, 22, 15, 21], [16, 2, 17, 1], [18, 5, 19, 6], [20, 11, 21, 12], [22, 10, 23, 9], [24, 18, 1, 17], [2, 7, 3, 8], [4, 23, 5, 24], [6, 15, 7, 16], [8, 3, 9, 4], [10, 14, 11, 13]]"
12a_0228_107,"[[10, 14, 11, 13], [12, 19, 13, 20], [14, 22, 15, 21], [16, 2, 17, 1], [18, 5, 19, 6], [20, 11, 21, 12], [22, 10, 23, 9], [24, 18, 1, 17], [2, 7, 3, 8], [4, 23, 5, 24], [6, 15, 7, 16], [8, 3, 9, 4]]"
12a_0228_108,"[[9, 4, 10, 5], [11, 15, 12, 14], [13, 20, 14, 21], [15, 23, 16, 22], [17, 3, 18, 2], [19, 6, 20, 7], [21, 12, 22, 13], [23, 11, 24, 10], [1, 19, 2, 18], [3, 8, 4, 9], [5, 24, 6, 1], [7, 16, 8, 17]]"
12a_0228_109,"[[7, 16, 8, 17], [9, 4, 10, 5], [11, 15, 12, 14], [13, 20, 14, 21], [15, 23, 16, 22], [17, 3, 18, 2], [19, 6, 20, 7], [21, 12, 22, 13], [23, 11, 24, 10], [1, 19, 2, 18], [3, 8, 4, 9], [5, 24, 6, 1]]"
12a_0228_110,"[[5, 24, 6, 1], [7, 16, 8, 17], [9, 4, 10, 5], [11, 15, 12, 14], [13, 20, 14, 21], [15, 23, 16, 22], [17, 3, 18, 2], [19, 6, 20, 7], [21, 12, 22, 13], [23, 11, 24, 10], [1, 19, 2, 18], [3, 8, 4, 9]]"
12a_0228_111,"[[3, 8, 4, 9], [5, 24, 6, 1], [7, 16, 8, 17], [9, 4, 10, 5], [11, 15, 12, 14], [13, 20, 14, 21], [15, 23, 16, 22], [17, 3, 18, 2], [19, 6, 20, 7], [21, 12, 22, 13], [23, 11, 24, 10], [1, 19, 2, 18]]"
12a_0228_112,"[[1, 19, 2, 18], [3, 8, 4, 9], [5, 24, 6, 1], [7, 16, 8, 17], [9, 4, 10, 5], [11, 15, 12, 14], [13, 20, 14, 21], [15, 23, 16, 22], [17, 3, 18, 2], [19, 6, 20, 7], [21, 12, 22, 13], [23, 11, 24, 10]]"
12a_0228_113,"[[23, 11, 24, 10], [1, 19, 2, 18], [3, 8, 4, 9], [5, 24, 6, 1], [7, 16, 8, 17], [9, 4, 10, 5], [11, 15, 12, 14], [13, 20, 14, 21], [15, 23, 16, 22], [17, 3, 18, 2], [19, 6, 20, 7], [21, 12, 22, 13]]"
12a_0228_114,"[[21, 12, 22, 13], [23, 11, 24, 10], [1, 19, 2, 18], [3, 8, 4, 9], [5, 24, 6, 1], [7, 16, 8, 17], [9, 4, 10, 5], [11, 15, 12, 14], [13, 20, 14, 21], [15, 23, 16, 22], [17, 3, 18, 2], [19, 6, 20, 7]]"
12a_0228_115,"[[19, 6, 20, 7], [21, 12, 22, 13], [23, 11, 24, 10], [1, 19, 2, 18], [3, 8, 4, 9], [5, 24, 6, 1], [7, 16, 8, 17], [9, 4, 10, 5], [11, 15, 12, 14], [13, 20, 14, 21], [15, 23, 16, 22], [17, 3, 18, 2]]"
12a_0228_116,"[[17, 3, 18, 2], [19, 6, 20, 7], [21, 12, 22, 13], [23, 11, 24, 10], [1, 19, 2, 18], [3, 8, 4, 9], [5, 24, 6, 1], [7, 16, 8, 17], [9, 4, 10, 5], [11, 15, 12, 14], [13, 20, 14, 21], [15, 23, 16, 22]]"
12a_0228_117,"[[15, 23, 16, 22], [17, 3, 18, 2], [19, 6, 20, 7], [21, 12, 22, 13], [23, 11, 24, 10], [1, 19, 2, 18], [3, 8, 4, 9], [5, 24, 6, 1], [7, 16, 8, 17], [9, 4, 10, 5], [11, 15, 12, 14], [13, 20, 14, 21]]"
12a_0228_118,"[[13, 20, 14, 21], [15, 23, 16, 22], [17, 3, 18, 2], [19, 6, 20, 7], [21, 12, 22, 13], [23, 11, 24, 10], [1, 19, 2, 18], [3, 8, 4, 9], [5, 24, 6, 1], [7, 16, 8, 17], [9, 4, 10, 5], [11, 15, 12, 14]]"
12a_0228_119,"[[11, 15, 12, 14], [13, 20, 14, 21], [15, 23, 16, 22], [17, 3, 18, 2], [19, 6, 20, 7], [21, 12, 22, 13], [23, 11, 24, 10], [1, 19, 2, 18], [3, 8, 4, 9], [5, 24, 6, 1], [7, 16, 8, 17], [9, 4, 10, 5]]"
12a_0228_120,"[[10, 5, 11, 6], [12, 16, 13, 15], [14, 21, 15, 22], [16, 24, 17, 23], [18, 4, 19, 3], [20, 7, 21, 8], [22, 13, 23, 14], [24, 12, 1, 11], [2, 20, 3, 19], [4, 9, 5, 10], [6, 1, 7, 2], [8, 17, 9, 18]]"
12a_0228_121,"[[8, 17, 9, 18], [10, 5, 11, 6], [12, 16, 13, 15], [14, 21, 15, 22], [16, 24, 17, 23], [18, 4, 19, 3], [20, 7, 21, 8], [22, 13, 23, 14], [24, 12, 1, 11], [2, 20, 3, 19], [4, 9, 5, 10], [6, 1, 7, 2]]"
12a_0228_122,"[[6, 1, 7, 2], [8, 17, 9, 18], [10, 5, 11, 6], [12, 16, 13, 15], [14, 21, 15, 22], [16, 24, 17, 23], [18, 4, 19, 3], [20, 7, 21, 8], [22, 13, 23, 14], [24, 12, 1, 11], [2, 20, 3, 19], [4, 9, 5, 10]]"
12a_0228_123,"[[4, 9, 5, 10], [6, 1, 7, 2], [8, 17, 9, 18], [10, 5, 11, 6], [12, 16, 13, 15], [14, 21, 15, 22], [16, 24, 17, 23], [18, 4, 19, 3], [20, 7, 21, 8], [22, 13, 23, 14], [24, 12, 1, 11], [2, 20, 3, 19]]"
12a_0228_124,"[[2, 20, 3, 19], [4, 9, 5, 10], [6, 1, 7, 2], [8, 17, 9, 18], [10, 5, 11, 6], [12, 16, 13, 15], [14, 21, 15, 22], [16, 24, 17, 23], [18, 4, 19, 3], [20, 7, 21, 8], [22, 13, 23, 14], [24, 12, 1, 11]]"
12a_0228_125,"[[24, 12, 1, 11], [2, 20, 3, 19], [4, 9, 5, 10], [6, 1, 7, 2], [8, 17, 9, 18], [10, 5, 11, 6], [12, 16, 13, 15], [14, 21, 15, 22], [16, 24, 17, 23], [18, 4, 19, 3], [20, 7, 21, 8], [22, 13, 23, 14]]"
12a_0228_126,"[[22, 13, 23, 14], [24, 12, 1, 11], [2, 20, 3, 19], [4, 9, 5, 10], [6, 1, 7, 2], [8, 17, 9, 18], [10, 5, 11, 6], [12, 16, 13, 15], [14, 21, 15, 22], [16, 24, 17, 23], [18, 4, 19, 3], [20, 7, 21, 8]]"
12a_0228_127,"[[20, 7, 21, 8], [22, 13, 23, 14], [24, 12, 1, 11], [2, 20, 3, 19], [4, 9, 5, 10], [6, 1, 7, 2], [8, 17, 9, 18], [10, 5, 11, 6], [12, 16, 13, 15], [14, 21, 15, 22], [16, 24, 17, 23], [18, 4, 19, 3]]"
12a_0228_128,"[[18, 4, 19, 3], [20, 7, 21, 8], [22, 13, 23, 14], [24, 12, 1, 11], [2, 20, 3, 19], [4, 9, 5, 10], [6, 1, 7, 2], [8, 17, 9, 18], [10, 5, 11, 6], [12, 16, 13, 15], [14, 21, 15, 22], [16, 24, 17, 23]]"
12a_0228_129,"[[16, 24, 17, 23], [18, 4, 19, 3], [20, 7, 21, 8], [22, 13, 23, 14], [24, 12, 1, 11], [2, 20, 3, 19], [4, 9, 5, 10], [6, 1, 7, 2], [8, 17, 9, 18], [10, 5, 11, 6], [12, 16, 13, 15], [14, 21, 15, 22]]"
12a_0228_130,"[[14, 21, 15, 22], [16, 24, 17, 23], [18, 4, 19, 3], [20, 7, 21, 8], [22, 13, 23, 14], [24, 12, 1, 11], [2, 20, 3, 19], [4, 9, 5, 10], [6, 1, 7, 2], [8, 17, 9, 18], [10, 5, 11, 6], [12, 16, 13, 15]]"
12a_0228_131,"[[12, 16, 13, 15], [14, 21, 15, 22], [16, 24, 17, 23], [18, 4, 19, 3], [20, 7, 21, 8], [22, 13, 23, 14], [24, 12, 1, 11], [2, 20, 3, 19], [4, 9, 5, 10], [6, 1, 7, 2], [8, 17, 9, 18], [10, 5, 11, 6]]"
12a_0228_132,"[[11, 6, 12, 7], [13, 17, 14, 16], [15, 22, 16, 23], [17, 1, 18, 24], [19, 5, 20, 4], [21, 8, 22, 9], [23, 14, 24, 15], [1, 13, 2, 12], [3, 21, 4, 20], [5, 10, 6, 11], [7, 2, 8, 3], [9, 18, 10, 19]]"
12a_0228_133,"[[9, 18, 10, 19], [11, 6, 12, 7], [13, 17, 14, 16], [15, 22, 16, 23], [17, 1, 18, 24], [19, 5, 20, 4], [21, 8, 22, 9], [23, 14, 24, 15], [1, 13, 2, 12], [3, 21, 4, 20], [5, 10, 6, 11], [7, 2, 8, 3]]"
12a_0228_134,"[[7, 2, 8, 3], [9, 18, 10, 19], [11, 6, 12, 7], [13, 17, 14, 16], [15, 22, 16, 23], [17, 1, 18, 24], [19, 5, 20, 4], [21, 8, 22, 9], [23, 14, 24, 15], [1, 13, 2, 12], [3, 21, 4, 20], [5, 10, 6, 11]]"
12a_0228_135,"[[5, 10, 6, 11], [7, 2, 8, 3], [9, 18, 10, 19], [11, 6, 12, 7], [13, 17, 14, 16], [15, 22, 16, 23], [17, 1, 18, 24], [19, 5, 20, 4], [21, 8, 22, 9], [23, 14, 24, 15], [1, 13, 2, 12], [3, 21, 4, 20]]"
12a_0228_136,"[[3, 21, 4, 20], [5, 10, 6, 11], [7, 2, 8, 3], [9, 18, 10, 19], [11, 6, 12, 7], [13, 17, 14, 16], [15, 22, 16, 23], [17, 1, 18, 24], [19, 5, 20, 4], [21, 8, 22, 9], [23, 14, 24, 15], [1, 13, 2, 12]]"
12a_0228_137,"[[1, 13, 2, 12], [3, 21, 4, 20], [5, 10, 6, 11], [7, 2, 8, 3], [9, 18, 10, 19], [11, 6, 12, 7], [13, 17, 14, 16], [15, 22, 16, 23], [17, 1, 18, 24], [19, 5, 20, 4], [21, 8, 22, 9], [23, 14, 24, 15]]"
12a_0228_138,"[[23, 14, 24, 15], [1, 13, 2, 12], [3, 21, 4, 20], [5, 10, 6, 11], [7, 2, 8, 3], [9, 18, 10, 19], [11, 6, 12, 7], [13, 17, 14, 16], [15, 22, 16, 23], [17, 1, 18, 24], [19, 5, 20, 4], [21, 8, 22, 9]]"
12a_0228_139,"[[21, 8, 22, 9], [23, 14, 24, 15], [1, 13, 2, 12], [3, 21, 4, 20], [5, 10, 6, 11], [7, 2, 8, 3], [9, 18, 10, 19], [11, 6, 12, 7], [13, 17, 14, 16], [15, 22, 16, 23], [17, 1, 18, 24], [19, 5, 20, 4]]"
12a_0228_140,"[[19, 5, 20, 4], [21, 8, 22, 9], [23, 14, 24, 15], [1, 13, 2, 12], [3, 21, 4, 20], [5, 10, 6, 11], [7, 2, 8, 3], [9, 18, 10, 19], [11, 6, 12, 7], [13, 17, 14, 16], [15, 22, 16, 23], [17, 1, 18, 24]]"
12a_0228_141,"[[17, 1, 18, 24], [19, 5, 20, 4], [21, 8, 22, 9], [23, 14, 24, 15], [1, 13, 2, 12], [3, 21, 4, 20], [5, 10, 6, 11], [7, 2, 8, 3], [9, 18, 10, 19], [11, 6, 12, 7], [13, 17, 14, 16], [15, 22, 16, 23]]"
12a_0228_142,"[[15, 22, 16, 23], [17, 1, 18, 24], [19, 5, 20, 4], [21, 8, 22, 9], [23, 14, 24, 15], [1, 13, 2, 12], [3, 21, 4, 20], [5, 10, 6, 11], [7, 2, 8, 3], [9, 18, 10, 19], [11, 6, 12, 7], [13, 17, 14, 16]]"
12a_0228_143,"[[13, 17, 14, 16], [15, 22, 16, 23], [17, 1, 18, 24], [19, 5, 20, 4], [21, 8, 22, 9], [23, 14, 24, 15], [1, 13, 2, 12], [3, 21, 4, 20], [5, 10, 6, 11], [7, 2, 8, 3], [9, 18, 10, 19], [11, 6, 12, 7]]"
12a_0228_144,"[[12, 7, 13, 8], [14, 18, 15, 17], [16, 23, 17, 24], [18, 2, 19, 1], [20, 6, 21, 5], [22, 9, 23, 10], [24, 15, 1, 16], [2, 14, 3, 13], [4, 22, 5, 21], [6, 11, 7, 12], [8, 3, 9, 4], [10, 19, 11, 20]]"
12a_0228_145,"[[10, 19, 11, 20], [12, 7, 13, 8], [14, 18, 15, 17], [16, 23, 17, 24], [18, 2, 19, 1], [20, 6, 21, 5], [22, 9, 23, 10], [24, 15, 1, 16], [2, 14, 3, 13], [4, 22, 5, 21], [6, 11, 7, 12], [8, 3, 9, 4]]"
12a_0228_146,"[[8, 3, 9, 4], [10, 19, 11, 20], [12, 7, 13, 8], [14, 18, 15, 17], [16, 23, 17, 24], [18, 2, 19, 1], [20, 6, 21, 5], [22, 9, 23, 10], [24, 15, 1, 16], [2, 14, 3, 13], [4, 22, 5, 21], [6, 11, 7, 12]]"
12a_0228_147,"[[6, 11, 7, 12], [8, 3, 9, 4], [10, 19, 11, 20], [12, 7, 13, 8], [14, 18, 15, 17], [16, 23, 17, 24], [18, 2, 19, 1], [20, 6, 21, 5], [22, 9, 23, 10], [24, 15, 1, 16], [2, 14, 3, 13], [4, 22, 5, 21]]"
12a_0228_148,"[[4, 22, 5, 21], [6, 11, 7, 12], [8, 3, 9, 4], [10, 19, 11, 20], [12, 7, 13, 8], [14, 18, 15, 17], [16, 23, 17, 24], [18, 2, 19, 1], [20, 6, 21, 5], [22, 9, 23, 10], [24, 15, 1, 16], [2, 14, 3, 13]]"
12a_0228_149,"[[2, 14, 3, 13], [4, 22, 5, 21], [6, 11, 7, 12], [8, 3, 9, 4], [10, 19, 11, 20], [12, 7, 13, 8], [14, 18, 15, 17], [16, 23, 17, 24], [18, 2, 19, 1], [20, 6, 21, 5], [22, 9, 23, 10], [24, 15, 1, 16]]"
12a_0228_150,"[[24, 15, 1, 16], [2, 14, 3, 13], [4, 22, 5, 21], [6, 11, 7, 12], [8, 3, 9, 4], [10, 19, 11, 20], [12, 7, 13, 8], [14, 18, 15, 17], [16, 23, 17, 24], [18, 2, 19, 1], [20, 6, 21, 5], [22, 9, 23, 10]]"
12a_0228_151,"[[22, 9, 23, 10], [24, 15, 1, 16], [2, 14, 3, 13], [4, 22, 5, 21], [6, 11, 7, 12], [8, 3, 9, 4], [10, 19, 11, 20], [12, 7, 13, 8], [14, 18, 15, 17], [16, 23, 17, 24], [18, 2, 19, 1], [20, 6, 21, 5]]"
12a_0228_152,"[[20, 6, 21, 5], [22, 9, 23, 10], [24, 15, 1, 16], [2, 14, 3, 13], [4, 22, 5, 21], [6, 11, 7, 12], [8, 3, 9, 4], [10, 19, 11, 20], [12, 7, 13, 8], [14, 18, 15, 17], [16, 23, 17, 24], [18, 2, 19, 1]]"
12a_0228_153,"[[18, 2, 19, 1], [20, 6, 21, 5], [22, 9, 23, 10], [24, 15, 1, 16], [2, 14, 3, 13], [4, 22, 5, 21], [6, 11, 7, 12], [8, 3, 9, 4], [10, 19, 11, 20], [12, 7, 13, 8], [14, 18, 15, 17], [16, 23, 17, 24]]"
12a_0228_154,"[[16, 23, 17, 24], [18, 2, 19, 1], [20, 6, 21, 5], [22, 9, 23, 10], [24, 15, 1, 16], [2, 14, 3, 13], [4, 22, 5, 21], [6, 11, 7, 12], [8, 3, 9, 4], [10, 19, 11, 20], [12, 7, 13, 8], [14, 18, 15, 17]]"
12a_0228_155,"[[14, 18, 15, 17], [16, 23, 17, 24], [18, 2, 19, 1], [20, 6, 21, 5], [22, 9, 23, 10], [24, 15, 1, 16], [2, 14, 3, 13], [4, 22, 5, 21], [6, 11, 7, 12], [8, 3, 9, 4], [10, 19, 11, 20], [12, 7, 13, 8]]"
12a_0228_156,"[[13, 8, 14, 9], [15, 19, 16, 18], [17, 24, 18, 1], [19, 3, 20, 2], [21, 7, 22, 6], [23, 10, 24, 11], [1, 16, 2, 17], [3, 15, 4, 14], [5, 23, 6, 22], [7, 12, 8, 13], [9, 4, 10, 5], [11, 20, 12, 21]]"
12a_0228_157,"[[11, 20, 12, 21], [13, 8, 14, 9], [15, 19, 16, 18], [17, 24, 18, 1], [19, 3, 20, 2], [21, 7, 22, 6], [23, 10, 24, 11], [1, 16, 2, 17], [3, 15, 4, 14], [5, 23, 6, 22], [7, 12, 8, 13], [9, 4, 10, 5]]"
12a_0228_158,"[[9, 4, 10, 5], [11, 20, 12, 21], [13, 8, 14, 9], [15, 19, 16, 18], [17, 24, 18, 1], [19, 3, 20, 2], [21, 7, 22, 6], [23, 10, 24, 11], [1, 16, 2, 17], [3, 15, 4, 14], [5, 23, 6, 22], [7, 12, 8, 13]]"
12a_0228_159,"[[7, 12, 8, 13], [9, 4, 10, 5], [11, 20, 12, 21], [13, 8, 14, 9], [15, 19, 16, 18], [17, 24, 18, 1], [19, 3, 20, 2], [21, 7, 22, 6], [23, 10, 24, 11], [1, 16, 2, 17], [3, 15, 4, 14], [5, 23, 6, 22]]"
12a_0228_160,"[[5, 23, 6, 22], [7, 12, 8, 13], [9, 4, 10, 5], [11, 20, 12, 21], [13, 8, 14, 9], [15, 19, 16, 18], [17, 24, 18, 1], [19, 3, 20, 2], [21, 7, 22, 6], [23, 10, 24, 11], [1, 16, 2, 17], [3, 15, 4, 14]]"
12a_0228_161,"[[3, 15, 4, 14], [5, 23, 6, 22], [7, 12, 8, 13], [9, 4, 10, 5], [11, 20, 12, 21], [13, 8, 14, 9], [15, 19, 16, 18], [17, 24, 18, 1], [19, 3, 20, 2], [21, 7, 22, 6], [23, 10, 24, 11], [1, 16, 2, 17]]"
12a_0228_162,"[[1, 16, 2, 17], [3, 15, 4, 14], [5, 23, 6, 22], [7, 12, 8, 13], [9, 4, 10, 5], [11, 20, 12, 21], [13, 8, 14, 9], [15, 19, 16, 18], [17, 24, 18, 1], [19, 3, 20, 2], [21, 7, 22, 6], [23, 10, 24, 11]]"
12a_0228_163,"[[23, 10, 24, 11], [1, 16, 2, 17], [3, 15, 4, 14], [5, 23, 6, 22], [7, 12, 8, 13], [9, 4, 10, 5], [11, 20, 12, 21], [13, 8, 14, 9], [15, 19, 16, 18], [17, 24, 18, 1], [19, 3, 20, 2], [21, 7, 22, 6]]"
12a_0228_164,"[[21, 7, 22, 6], [23, 10, 24, 11], [1, 16, 2, 17], [3, 15, 4, 14], [5, 23, 6, 22], [7, 12, 8, 13], [9, 4, 10, 5], [11, 20, 12, 21], [13, 8, 14, 9], [15, 19, 16, 18], [17, 24, 18, 1], [19, 3, 20, 2]]"
12a_0228_165,"[[19, 3, 20, 2], [21, 7, 22, 6], [23, 10, 24, 11], [1, 16, 2, 17], [3, 15, 4, 14], [5, 23, 6, 22], [7, 12, 8, 13], [9, 4, 10, 5], [11, 20, 12, 21], [13, 8, 14, 9], [15, 19, 16, 18], [17, 24, 18, 1]]"
12a_0228_166,"[[17, 24, 18, 1], [19, 3, 20, 2], [21, 7, 22, 6], [23, 10, 24, 11], [1, 16, 2, 17], [3, 15, 4, 14], [5, 23, 6, 22], [7, 12, 8, 13], [9, 4, 10, 5], [11, 20, 12, 21], [13, 8, 14, 9], [15, 19, 16, 18]]"
12a_0228_167,"[[15, 19, 16, 18], [17, 24, 18, 1], [19, 3, 20, 2], [21, 7, 22, 6], [23, 10, 24, 11], [1, 16, 2, 17], [3, 15, 4, 14], [5, 23, 6, 22], [7, 12, 8, 13], [9, 4, 10, 5], [11, 20, 12, 21], [13, 8, 14, 9]]"
12a_0228_168,"[[14, 9, 15, 10], [16, 20, 17, 19], [18, 1, 19, 2], [20, 4, 21, 3], [22, 8, 23, 7], [24, 11, 1, 12], [2, 17, 3, 18], [4, 16, 5, 15], [6, 24, 7, 23], [8, 13, 9, 14], [10, 5, 11, 6], [12, 21, 13, 22]]"
12a_0228_169,"[[12, 21, 13, 22], [14, 9, 15, 10], [16, 20, 17, 19], [18, 1, 19, 2], [20, 4, 21, 3], [22, 8, 23, 7], [24, 11, 1, 12], [2, 17, 3, 18], [4, 16, 5, 15], [6, 24, 7, 23], [8, 13, 9, 14], [10, 5, 11, 6]]"
12a_0228_170,"[[10, 5, 11, 6], [12, 21, 13, 22], [14, 9, 15, 10], [16, 20, 17, 19], [18, 1, 19, 2], [20, 4, 21, 3], [22, 8, 23, 7], [24, 11, 1, 12], [2, 17, 3, 18], [4, 16, 5, 15], [6, 24, 7, 23], [8, 13, 9, 14]]"
12a_0228_171,"[[8, 13, 9, 14], [10, 5, 11, 6], [12, 21, 13, 22], [14, 9, 15, 10], [16, 20, 17, 19], [18, 1, 19, 2], [20, 4, 21, 3], [22, 8, 23, 7], [24, 11, 1, 12], [2, 17, 3, 18], [4, 16, 5, 15], [6, 24, 7, 23]]"
12a_0228_172,"[[6, 24, 7, 23], [8, 13, 9, 14], [10, 5, 11, 6], [12, 21, 13, 22], [14, 9, 15, 10], [16, 20, 17, 19], [18, 1, 19, 2], [20, 4, 21, 3], [22, 8, 23, 7], [24, 11, 1, 12], [2, 17, 3, 18], [4, 16, 5, 15]]"
12a_0228_173,"[[4, 16, 5, 15], [6, 24, 7, 23], [8, 13, 9, 14], [10, 5, 11, 6], [12, 21, 13, 22], [14, 9, 15, 10], [16, 20, 17, 19], [18, 1, 19, 2], [20, 4, 21, 3], [22, 8, 23, 7], [24, 11, 1, 12], [2, 17, 3, 18]]"
12a_0228_174,"[[2, 17, 3, 18], [4, 16, 5, 15], [6, 24, 7, 23], [8, 13, 9, 14], [10, 5, 11, 6], [12, 21, 13, 22], [14, 9, 15, 10], [16, 20, 17, 19], [18, 1, 19, 2], [20, 4, 21, 3], [22, 8, 23, 7], [24, 11, 1, 12]]"
12a_0228_175,"[[24, 11, 1, 12], [2, 17, 3, 18], [4, 16, 5, 15], [6, 24, 7, 23], [8, 13, 9, 14], [10, 5, 11, 6], [12, 21, 13, 22], [14, 9, 15, 10], [16, 20, 17, 19], [18, 1, 19, 2], [20, 4, 21, 3], [22, 8, 23, 7]]"
12a_0228_176,"[[22, 8, 23, 7], [24, 11, 1, 12], [2, 17, 3, 18], [4, 16, 5, 15], [6, 24, 7, 23], [8, 13, 9, 14], [10, 5, 11, 6], [12, 21, 13, 22], [14, 9, 15, 10], [16, 20, 17, 19], [18, 1, 19, 2], [20, 4, 21, 3]]"
12a_0228_177,"[[20, 4, 21, 3], [22, 8, 23, 7], [24, 11, 1, 12], [2, 17, 3, 18], [4, 16, 5, 15], [6, 24, 7, 23], [8, 13, 9, 14], [10, 5, 11, 6], [12, 21, 13, 22], [14, 9, 15, 10], [16, 20, 17, 19], [18, 1, 19, 2]]"
12a_0228_178,"[[18, 1, 19, 2], [20, 4, 21, 3], [22, 8, 23, 7], [24, 11, 1, 12], [2, 17, 3, 18], [4, 16, 5, 15], [6, 24, 7, 23], [8, 13, 9, 14], [10, 5, 11, 6], [12, 21, 13, 22], [14, 9, 15, 10], [16, 20, 17, 19]]"
12a_0228_179,"[[16, 20, 17, 19], [18, 1, 19, 2], [20, 4, 21, 3], [22, 8, 23, 7], [24, 11, 1, 12], [2, 17, 3, 18], [4, 16, 5, 15], [6, 24, 7, 23], [8, 13, 9, 14], [10, 5, 11, 6], [12, 21, 13, 22], [14, 9, 15, 10]]"
12a_0228_180,"[[15, 10, 16, 11], [17, 21, 18, 20], [19, 2, 20, 3], [21, 5, 22, 4], [23, 9, 24, 8], [1, 12, 2, 13], [3, 18, 4, 19], [5, 17, 6, 16], [7, 1, 8, 24], [9, 14, 10, 15], [11, 6, 12, 7], [13, 22, 14, 23]]"
12a_0228_181,"[[13, 22, 14, 23], [15, 10, 16, 11], [17, 21, 18, 20], [19, 2, 20, 3], [21, 5, 22, 4], [23, 9, 24, 8], [1, 12, 2, 13], [3, 18, 4, 19], [5, 17, 6, 16], [7, 1, 8, 24], [9, 14, 10, 15], [11, 6, 12, 7]]"
12a_0228_182,"[[11, 6, 12, 7], [13, 22, 14, 23], [15, 10, 16, 11], [17, 21, 18, 20], [19, 2, 20, 3], [21, 5, 22, 4], [23, 9, 24, 8], [1, 12, 2, 13], [3, 18, 4, 19], [5, 17, 6, 16], [7, 1, 8, 24], [9, 14, 10, 15]]"
12a_0228_183,"[[9, 14, 10, 15], [11, 6, 12, 7], [13, 22, 14, 23], [15, 10, 16, 11], [17, 21, 18, 20], [19, 2, 20, 3], [21, 5, 22, 4], [23, 9, 24, 8], [1, 12, 2, 13], [3, 18, 4, 19], [5, 17, 6, 16], [7, 1, 8, 24]]"
12a_0228_184,"[[7, 1, 8, 24], [9, 14, 10, 15], [11, 6, 12, 7], [13, 22, 14, 23], [15, 10, 16, 11], [17, 21, 18, 20], [19, 2, 20, 3], [21, 5, 22, 4], [23, 9, 24, 8], [1, 12, 2, 13], [3, 18, 4, 19], [5, 17, 6, 16]]"
12a_0228_185,"[[5, 17, 6, 16], [7, 1, 8, 24], [9, 14, 10, 15], [11, 6, 12, 7], [13, 22, 14, 23], [15, 10, 16, 11], [17, 21, 18, 20], [19, 2, 20, 3], [21, 5, 22, 4], [23, 9, 24, 8], [1, 12, 2, 13], [3, 18, 4, 19]]"
