name,pd_notation
12a_0619_0,"[[24, 10, 1, 9], [2, 6, 3, 5], [4, 13, 5, 14], [6, 18, 7, 17], [8, 2, 9, 1], [10, 24, 11, 23], [12, 22, 13, 21], [14, 3, 15, 4], [16, 20, 17, 19], [18, 8, 19, 7], [20, 16, 21, 15], [22, 12, 23, 11]]"
12a_0619_1,"[[22, 12, 23, 11], [24, 10, 1, 9], [2, 6, 3, 5], [4, 13, 5, 14], [6, 18, 7, 17], [8, 2, 9, 1], [10, 24, 11, 23], [12, 22, 13, 21], [14, 3, 15, 4], [16, 20, 17, 19], [18, 8, 19, 7], [20, 16, 21, 15]]"
12a_0619_2,"[[20, 16, 21, 15], [22, 12, 23, 11], [24, 10, 1, 9], [2, 6, 3, 5], [4, 13, 5, 14], [6, 18, 7, 17], [8, 2, 9, 1], [10, 24, 11, 23], [12, 22, 13, 21], [14, 3, 15, 4], [16, 20, 17, 19], [18, 8, 19, 7]]"
12a_0619_3,"[[18, 8, 19, 7], [20, 16, 21, 15], [22, 12, 23, 11], [24, 10, 1, 9], [2, 6, 3, 5], [4, 13, 5, 14], [6, 18, 7, 17], [8, 2, 9, 1], [10, 24, 11, 23], [12, 22, 13, 21], [14, 3, 15, 4], [16, 20, 17, 19]]"
12a_0619_4,"[[16, 20, 17, 19], [18, 8, 19, 7], [20, 16, 21, 15], [22, 12, 23, 11], [24, 10, 1, 9], [2, 6, 3, 5], [4, 13, 5, 14], [6, 18, 7, 17], [8, 2, 9, 1], [10, 24, 11, 23], [12, 22, 13, 21], [14, 3, 15, 4]]"
12a_0619_5,"[[14, 3, 15, 4], [16, 20, 17, 19], [18, 8, 19, 7], [20, 16, 21, 15], [22, 12, 23, 11], [24, 10, 1, 9], [2, 6, 3, 5], [4, 13, 5, 14], [6, 18, 7, 17], [8, 2, 9, 1], [10, 24, 11, 23], [12, 22, 13, 21]]"
12a_0619_6,"[[12, 22, 13, 21], [14, 3, 15, 4], [16, 20, 17, 19], [18, 8, 19, 7], [20, 16, 21, 15], [22, 12, 23, 11], [24, 10, 1, 9], [2, 6, 3, 5], [4, 13, 5, 14], [6, 18, 7, 17], [8, 2, 9, 1], [10, 24, 11, 23]]"
12a_0619_7,"[[10, 24, 11, 23], [12, 22, 13, 21], [14, 3, 15, 4], [16, 20, 17, 19], [18, 8, 19, 7], [20, 16, 21, 15], [22, 12, 23, 11], [24, 10, 1, 9], [2, 6, 3, 5], [4, 13, 5, 14], [6, 18, 7, 17], [8, 2, 9, 1]]"
12a_0619_8,"[[8, 2, 9, 1], [10, 24, 11, 23], [12, 22, 13, 21], [14, 3, 15, 4], [16, 20, 17, 19], [18, 8, 19, 7], [20, 16, 21, 15], [22, 12, 23, 11], [24, 10, 1, 9], [2, 6, 3, 5], [4, 13, 5, 14], [6, 18, 7, 17]]"
12a_0619_9,"[[6, 18, 7, 17], [8, 2, 9, 1], [10, 24, 11, 23], [12, 22, 13, 21], [14, 3, 15, 4], [16, 20, 17, 19], [18, 8, 19, 7], [20, 16, 21, 15], [22, 12, 23, 11], [24, 10, 1, 9], [2, 6, 3, 5], [4, 13, 5, 14]]"
12a_0619_10,"[[4, 13, 5, 14], [6, 18, 7, 17], [8, 2, 9, 1], [10, 24, 11, 23], [12, 22, 13, 21], [14, 3, 15, 4], [16, 20, 17, 19], [18, 8, 19, 7], [20, 16, 21, 15], [22, 12, 23, 11], [24, 10, 1, 9], [2, 6, 3, 5]]"
12a_0619_11,"[[2, 6, 3, 5], [4, 13, 5, 14], [6, 18, 7, 17], [8, 2, 9, 1], [10, 24, 11, 23], [12, 22, 13, 21], [14, 3, 15, 4], [16, 20, 17, 19], [18, 8, 19, 7], [20, 16, 21, 15], [22, 12, 23, 11], [24, 10, 1, 9]]"
12a_0619_12,"[[1, 11, 2, 10], [3, 7, 4, 6], [5, 14, 6, 15], [7, 19, 8, 18], [9, 3, 10, 2], [11, 1, 12, 24], [13, 23, 14, 22], [15, 4, 16, 5], [17, 21, 18, 20], [19, 9, 20, 8], [21, 17, 22, 16], [23, 13, 24, 12]]"
12a_0619_13,"[[23, 13, 24, 12], [1, 11, 2, 10], [3, 7, 4, 6], [5, 14, 6, 15], [7, 19, 8, 18], [9, 3, 10, 2], [11, 1, 12, 24], [13, 23, 14, 22], [15, 4, 16, 5], [17, 21, 18, 20], [19, 9, 20, 8], [21, 17, 22, 16]]"
12a_0619_14,"[[21, 17, 22, 16], [23, 13, 24, 12], [1, 11, 2, 10], [3, 7, 4, 6], [5, 14, 6, 15], [7, 19, 8, 18], [9, 3, 10, 2], [11, 1, 12, 24], [13, 23, 14, 22], [15, 4, 16, 5], [17, 21, 18, 20], [19, 9, 20, 8]]"
12a_0619_15,"[[19, 9, 20, 8], [21, 17, 22, 16], [23, 13, 24, 12], [1, 11, 2, 10], [3, 7, 4, 6], [5, 14, 6, 15], [7, 19, 8, 18], [9, 3, 10, 2], [11, 1, 12, 24], [13, 23, 14, 22], [15, 4, 16, 5], [17, 21, 18, 20]]"
12a_0619_16,"[[17, 21, 18, 20], [19, 9, 20, 8], [21, 17, 22, 16], [23, 13, 24, 12], [1, 11, 2, 10], [3, 7, 4, 6], [5, 14, 6, 15], [7, 19, 8, 18], [9, 3, 10, 2], [11, 1, 12, 24], [13, 23, 14, 22], [15, 4, 16, 5]]"
12a_0619_17,"[[15, 4, 16, 5], [17, 21, 18, 20], [19, 9, 20, 8], [21, 17, 22, 16], [23, 13, 24, 12], [1, 11, 2, 10], [3, 7, 4, 6], [5, 14, 6, 15], [7, 19, 8, 18], [9, 3, 10, 2], [11, 1, 12, 24], [13, 23, 14, 22]]"
12a_0619_18,"[[13, 23, 14, 22], [15, 4, 16, 5], [17, 21, 18, 20], [19, 9, 20, 8], [21, 17, 22, 16], [23, 13, 24, 12], [1, 11, 2, 10], [3, 7, 4, 6], [5, 14, 6, 15], [7, 19, 8, 18], [9, 3, 10, 2], [11, 1, 12, 24]]"
12a_0619_19,"[[11, 1, 12, 24], [13, 23, 14, 22], [15, 4, 16, 5], [17, 21, 18, 20], [19, 9, 20, 8], [21, 17, 22, 16], [23, 13, 24, 12], [1, 11, 2, 10], [3, 7, 4, 6], [5, 14, 6, 15], [7, 19, 8, 18], [9, 3, 10, 2]]"
12a_0619_20,"[[9, 3, 10, 2], [11, 1, 12, 24], [13, 23, 14, 22], [15, 4, 16, 5], [17, 21, 18, 20], [19, 9, 20, 8], [21, 17, 22, 16], [23, 13, 24, 12], [1, 11, 2, 10], [3, 7, 4, 6], [5, 14, 6, 15], [7, 19, 8, 18]]"
12a_0619_21,"[[7, 19, 8, 18], [9, 3, 10, 2], [11, 1, 12, 24], [13, 23, 14, 22], [15, 4, 16, 5], [17, 21, 18, 20], [19, 9, 20, 8], [21, 17, 22, 16], [23, 13, 24, 12], [1, 11, 2, 10], [3, 7, 4, 6], [5, 14, 6, 15]]"
12a_0619_22,"[[5, 14, 6, 15], [7, 19, 8, 18], [9, 3, 10, 2], [11, 1, 12, 24], [13, 23, 14, 22], [15, 4, 16, 5], [17, 21, 18, 20], [19, 9, 20, 8], [21, 17, 22, 16], [23, 13, 24, 12], [1, 11, 2, 10], [3, 7, 4, 6]]"
12a_0619_23,"[[3, 7, 4, 6], [5, 14, 6, 15], [7, 19, 8, 18], [9, 3, 10, 2], [11, 1, 12, 24], [13, 23, 14, 22], [15, 4, 16, 5], [17, 21, 18, 20], [19, 9, 20, 8], [21, 17, 22, 16], [23, 13, 24, 12], [1, 11, 2, 10]]"
12a_0619_24,"[[2, 12, 3, 11], [4, 8, 5, 7], [6, 15, 7, 16], [8, 20, 9, 19], [10, 4, 11, 3], [12, 2, 13, 1], [14, 24, 15, 23], [16, 5, 17, 6], [18, 22, 19, 21], [20, 10, 21, 9], [22, 18, 23, 17], [24, 14, 1, 13]]"
12a_0619_25,"[[24, 14, 1, 13], [2, 12, 3, 11], [4, 8, 5, 7], [6, 15, 7, 16], [8, 20, 9, 19], [10, 4, 11, 3], [12, 2, 13, 1], [14, 24, 15, 23], [16, 5, 17, 6], [18, 22, 19, 21], [20, 10, 21, 9], [22, 18, 23, 17]]"
12a_0619_26,"[[22, 18, 23, 17], [24, 14, 1, 13], [2, 12, 3, 11], [4, 8, 5, 7], [6, 15, 7, 16], [8, 20, 9, 19], [10, 4, 11, 3], [12, 2, 13, 1], [14, 24, 15, 23], [16, 5, 17, 6], [18, 22, 19, 21], [20, 10, 21, 9]]"
12a_0619_27,"[[20, 10, 21, 9], [22, 18, 23, 17], [24, 14, 1, 13], [2, 12, 3, 11], [4, 8, 5, 7], [6, 15, 7, 16], [8, 20, 9, 19], [10, 4, 11, 3], [12, 2, 13, 1], [14, 24, 15, 23], [16, 5, 17, 6], [18, 22, 19, 21]]"
12a_0619_28,"[[18, 22, 19, 21], [20, 10, 21, 9], [22, 18, 23, 17], [24, 14, 1, 13], [2, 12, 3, 11], [4, 8, 5, 7], [6, 15, 7, 16], [8, 20, 9, 19], [10, 4, 11, 3], [12, 2, 13, 1], [14, 24, 15, 23], [16, 5, 17, 6]]"
12a_0619_29,"[[16, 5, 17, 6], [18, 22, 19, 21], [20, 10, 21, 9], [22, 18, 23, 17], [24, 14, 1, 13], [2, 12, 3, 11], [4, 8, 5, 7], [6, 15, 7, 16], [8, 20, 9, 19], [10, 4, 11, 3], [12, 2, 13, 1], [14, 24, 15, 23]]"
12a_0619_30,"[[14, 24, 15, 23], [16, 5, 17, 6], [18, 22, 19, 21], [20, 10, 21, 9], [22, 18, 23, 17], [24, 14, 1, 13], [2, 12, 3, 11], [4, 8, 5, 7], [6, 15, 7, 16], [8, 20, 9, 19], [10, 4, 11, 3], [12, 2, 13, 1]]"
12a_0619_31,"[[12, 2, 13, 1], [14, 24, 15, 23], [16, 5, 17, 6], [18, 22, 19, 21], [20, 10, 21, 9], [22, 18, 23, 17], [24, 14, 1, 13], [2, 12, 3, 11], [4, 8, 5, 7], [6, 15, 7, 16], [8, 20, 9, 19], [10, 4, 11, 3]]"
12a_0619_32,"[[10, 4, 11, 3], [12, 2, 13, 1], [14, 24, 15, 23], [16, 5, 17, 6], [18, 22, 19, 21], [20, 10, 21, 9], [22, 18, 23, 17], [24, 14, 1, 13], [2, 12, 3, 11], [4, 8, 5, 7], [6, 15, 7, 16], [8, 20, 9, 19]]"
12a_0619_33,"[[8, 20, 9, 19], [10, 4, 11, 3], [12, 2, 13, 1], [14, 24, 15, 23], [16, 5, 17, 6], [18, 22, 19, 21], [20, 10, 21, 9], [22, 18, 23, 17], [24, 14, 1, 13], [2, 12, 3, 11], [4, 8, 5, 7], [6, 15, 7, 16]]"
12a_0619_34,"[[6, 15, 7, 16], [8, 20, 9, 19], [10, 4, 11, 3], [12, 2, 13, 1], [14, 24, 15, 23], [16, 5, 17, 6], [18, 22, 19, 21], [20, 10, 21, 9], [22, 18, 23, 17], [24, 14, 1, 13], [2, 12, 3, 11], [4, 8, 5, 7]]"
12a_0619_35,"[[4, 8, 5, 7], [6, 15, 7, 16], [8, 20, 9, 19], [10, 4, 11, 3], [12, 2, 13, 1], [14, 24, 15, 23], [16, 5, 17, 6], [18, 22, 19, 21], [20, 10, 21, 9], [22, 18, 23, 17], [24, 14, 1, 13], [2, 12, 3, 11]]"
12a_0619_36,"[[3, 13, 4, 12], [5, 9, 6, 8], [7, 16, 8, 17], [9, 21, 10, 20], [11, 5, 12, 4], [13, 3, 14, 2], [15, 1, 16, 24], [17, 6, 18, 7], [19, 23, 20, 22], [21, 11, 22, 10], [23, 19, 24, 18], [1, 15, 2, 14]]"
12a_0619_37,"[[1, 15, 2, 14], [3, 13, 4, 12], [5, 9, 6, 8], [7, 16, 8, 17], [9, 21, 10, 20], [11, 5, 12, 4], [13, 3, 14, 2], [15, 1, 16, 24], [17, 6, 18, 7], [19, 23, 20, 22], [21, 11, 22, 10], [23, 19, 24, 18]]"
12a_0619_38,"[[23, 19, 24, 18], [1, 15, 2, 14], [3, 13, 4, 12], [5, 9, 6, 8], [7, 16, 8, 17], [9, 21, 10, 20], [11, 5, 12, 4], [13, 3, 14, 2], [15, 1, 16, 24], [17, 6, 18, 7], [19, 23, 20, 22], [21, 11, 22, 10]]"
12a_0619_39,"[[21, 11, 22, 10], [23, 19, 24, 18], [1, 15, 2, 14], [3, 13, 4, 12], [5, 9, 6, 8], [7, 16, 8, 17], [9, 21, 10, 20], [11, 5, 12, 4], [13, 3, 14, 2], [15, 1, 16, 24], [17, 6, 18, 7], [19, 23, 20, 22]]"
12a_0619_40,"[[19, 23, 20, 22], [21, 11, 22, 10], [23, 19, 24, 18], [1, 15, 2, 14], [3, 13, 4, 12], [5, 9, 6, 8], [7, 16, 8, 17], [9, 21, 10, 20], [11, 5, 12, 4], [13, 3, 14, 2], [15, 1, 16, 24], [17, 6, 18, 7]]"
12a_0619_41,"[[17, 6, 18, 7], [19, 23, 20, 22], [21, 11, 22, 10], [23, 19, 24, 18], [1, 15, 2, 14], [3, 13, 4, 12], [5, 9, 6, 8], [7, 16, 8, 17], [9, 21, 10, 20], [11, 5, 12, 4], [13, 3, 14, 2], [15, 1, 16, 24]]"
12a_0619_42,"[[15, 1, 16, 24], [17, 6, 18, 7], [19, 23, 20, 22], [21, 11, 22, 10], [23, 19, 24, 18], [1, 15, 2, 14], [3, 13, 4, 12], [5, 9, 6, 8], [7, 16, 8, 17], [9, 21, 10, 20], [11, 5, 12, 4], [13, 3, 14, 2]]"
12a_0619_43,"[[13, 3, 14, 2], [15, 1, 16, 24], [17, 6, 18, 7], [19, 23, 20, 22], [21, 11, 22, 10], [23, 19, 24, 18], [1, 15, 2, 14], [3, 13, 4, 12], [5, 9, 6, 8], [7, 16, 8, 17], [9, 21, 10, 20], [11, 5, 12, 4]]"
12a_0619_44,"[[11, 5, 12, 4], [13, 3, 14, 2], [15, 1, 16, 24], [17, 6, 18, 7], [19, 23, 20, 22], [21, 11, 22, 10], [23, 19, 24, 18], [1, 15, 2, 14], [3, 13, 4, 12], [5, 9, 6, 8], [7, 16, 8, 17], [9, 21, 10, 20]]"
12a_0619_45,"[[9, 21, 10, 20], [11, 5, 12, 4], [13, 3, 14, 2], [15, 1, 16, 24], [17, 6, 18, 7], [19, 23, 20, 22], [21, 11, 22, 10], [23, 19, 24, 18], [1, 15, 2, 14], [3, 13, 4, 12], [5, 9, 6, 8], [7, 16, 8, 17]]"
12a_0619_46,"[[7, 16, 8, 17], [9, 21, 10, 20], [11, 5, 12, 4], [13, 3, 14, 2], [15, 1, 16, 24], [17, 6, 18, 7], [19, 23, 20, 22], [21, 11, 22, 10], [23, 19, 24, 18], [1, 15, 2, 14], [3, 13, 4, 12], [5, 9, 6, 8]]"
12a_0619_47,"[[5, 9, 6, 8], [7, 16, 8, 17], [9, 21, 10, 20], [11, 5, 12, 4], [13, 3, 14, 2], [15, 1, 16, 24], [17, 6, 18, 7], [19, 23, 20, 22], [21, 11, 22, 10], [23, 19, 24, 18], [1, 15, 2, 14], [3, 13, 4, 12]]"
12a_0619_48,"[[4, 14, 5, 13], [6, 10, 7, 9], [8, 17, 9, 18], [10, 22, 11, 21], [12, 6, 13, 5], [14, 4, 15, 3], [16, 2, 17, 1], [18, 7, 19, 8], [20, 24, 21, 23], [22, 12, 23, 11], [24, 20, 1, 19], [2, 16, 3, 15]]"
12a_0619_49,"[[2, 16, 3, 15], [4, 14, 5, 13], [6, 10, 7, 9], [8, 17, 9, 18], [10, 22, 11, 21], [12, 6, 13, 5], [14, 4, 15, 3], [16, 2, 17, 1], [18, 7, 19, 8], [20, 24, 21, 23], [22, 12, 23, 11], [24, 20, 1, 19]]"
12a_0619_50,"[[24, 20, 1, 19], [2, 16, 3, 15], [4, 14, 5, 13], [6, 10, 7, 9], [8, 17, 9, 18], [10, 22, 11, 21], [12, 6, 13, 5], [14, 4, 15, 3], [16, 2, 17, 1], [18, 7, 19, 8], [20, 24, 21, 23], [22, 12, 23, 11]]"
12a_0619_51,"[[22, 12, 23, 11], [24, 20, 1, 19], [2, 16, 3, 15], [4, 14, 5, 13], [6, 10, 7, 9], [8, 17, 9, 18], [10, 22, 11, 21], [12, 6, 13, 5], [14, 4, 15, 3], [16, 2, 17, 1], [18, 7, 19, 8], [20, 24, 21, 23]]"
12a_0619_52,"[[20, 24, 21, 23], [22, 12, 23, 11], [24, 20, 1, 19], [2, 16, 3, 15], [4, 14, 5, 13], [6, 10, 7, 9], [8, 17, 9, 18], [10, 22, 11, 21], [12, 6, 13, 5], [14, 4, 15, 3], [16, 2, 17, 1], [18, 7, 19, 8]]"
12a_0619_53,"[[18, 7, 19, 8], [20, 24, 21, 23], [22, 12, 23, 11], [24, 20, 1, 19], [2, 16, 3, 15], [4, 14, 5, 13], [6, 10, 7, 9], [8, 17, 9, 18], [10, 22, 11, 21], [12, 6, 13, 5], [14, 4, 15, 3], [16, 2, 17, 1]]"
12a_0619_54,"[[16, 2, 17, 1], [18, 7, 19, 8], [20, 24, 21, 23], [22, 12, 23, 11], [24, 20, 1, 19], [2, 16, 3, 15], [4, 14, 5, 13], [6, 10, 7, 9], [8, 17, 9, 18], [10, 22, 11, 21], [12, 6, 13, 5], [14, 4, 15, 3]]"
12a_0619_55,"[[14, 4, 15, 3], [16, 2, 17, 1], [18, 7, 19, 8], [20, 24, 21, 23], [22, 12, 23, 11], [24, 20, 1, 19], [2, 16, 3, 15], [4, 14, 5, 13], [6, 10, 7, 9], [8, 17, 9, 18], [10, 22, 11, 21], [12, 6, 13, 5]]"
12a_0619_56,"[[12, 6, 13, 5], [14, 4, 15, 3], [16, 2, 17, 1], [18, 7, 19, 8], [20, 24, 21, 23], [22, 12, 23, 11], [24, 20, 1, 19], [2, 16, 3, 15], [4, 14, 5, 13], [6, 10, 7, 9], [8, 17, 9, 18], [10, 22, 11, 21]]"
12a_0619_57,"[[10, 22, 11, 21], [12, 6, 13, 5], [14, 4, 15, 3], [16, 2, 17, 1], [18, 7, 19, 8], [20, 24, 21, 23], [22, 12, 23, 11], [24, 20, 1, 19], [2, 16, 3, 15], [4, 14, 5, 13], [6, 10, 7, 9], [8, 17, 9, 18]]"
12a_0619_58,"[[8, 17, 9, 18], [10, 22, 11, 21], [12, 6, 13, 5], [14, 4, 15, 3], [16, 2, 17, 1], [18, 7, 19, 8], [20, 24, 21, 23], [22, 12, 23, 11], [24, 20, 1, 19], [2, 16, 3, 15], [4, 14, 5, 13], [6, 10, 7, 9]]"
12a_0619_59,"[[6, 10, 7, 9], [8, 17, 9, 18], [10, 22, 11, 21], [12, 6, 13, 5], [14, 4, 15, 3], [16, 2, 17, 1], [18, 7, 19, 8], [20, 24, 21, 23], [22, 12, 23, 11], [24, 20, 1, 19], [2, 16, 3, 15], [4, 14, 5, 13]]"
12a_0619_60,"[[5, 15, 6, 14], [7, 11, 8, 10], [9, 18, 10, 19], [11, 23, 12, 22], [13, 7, 14, 6], [15, 5, 16, 4], [17, 3, 18, 2], [19, 8, 20, 9], [21, 1, 22, 24], [23, 13, 24, 12], [1, 21, 2, 20], [3, 17, 4, 16]]"
12a_0619_61,"[[3, 17, 4, 16], [5, 15, 6, 14], [7, 11, 8, 10], [9, 18, 10, 19], [11, 23, 12, 22], [13, 7, 14, 6], [15, 5, 16, 4], [17, 3, 18, 2], [19, 8, 20, 9], [21, 1, 22, 24], [23, 13, 24, 12], [1, 21, 2, 20]]"
12a_0619_62,"[[1, 21, 2, 20], [3, 17, 4, 16], [5, 15, 6, 14], [7, 11, 8, 10], [9, 18, 10, 19], [11, 23, 12, 22], [13, 7, 14, 6], [15, 5, 16, 4], [17, 3, 18, 2], [19, 8, 20, 9], [21, 1, 22, 24], [23, 13, 24, 12]]"
12a_0619_63,"[[23, 13, 24, 12], [1, 21, 2, 20], [3, 17, 4, 16], [5, 15, 6, 14], [7, 11, 8, 10], [9, 18, 10, 19], [11, 23, 12, 22], [13, 7, 14, 6], [15, 5, 16, 4], [17, 3, 18, 2], [19, 8, 20, 9], [21, 1, 22, 24]]"
12a_0619_64,"[[21, 1, 22, 24], [23, 13, 24, 12], [1, 21, 2, 20], [3, 17, 4, 16], [5, 15, 6, 14], [7, 11, 8, 10], [9, 18, 10, 19], [11, 23, 12, 22], [13, 7, 14, 6], [15, 5, 16, 4], [17, 3, 18, 2], [19, 8, 20, 9]]"
12a_0619_65,"[[19, 8, 20, 9], [21, 1, 22, 24], [23, 13, 24, 12], [1, 21, 2, 20], [3, 17, 4, 16], [5, 15, 6, 14], [7, 11, 8, 10], [9, 18, 10, 19], [11, 23, 12, 22], [13, 7, 14, 6], [15, 5, 16, 4], [17, 3, 18, 2]]"
12a_0619_66,"[[17, 3, 18, 2], [19, 8, 20, 9], [21, 1, 22, 24], [23, 13, 24, 12], [1, 21, 2, 20], [3, 17, 4, 16], [5, 15, 6, 14], [7, 11, 8, 10], [9, 18, 10, 19], [11, 23, 12, 22], [13, 7, 14, 6], [15, 5, 16, 4]]"
12a_0619_67,"[[15, 5, 16, 4], [17, 3, 18, 2], [19, 8, 20, 9], [21, 1, 22, 24], [23, 13, 24, 12], [1, 21, 2, 20], [3, 17, 4, 16], [5, 15, 6, 14], [7, 11, 8, 10], [9, 18, 10, 19], [11, 23, 12, 22], [13, 7, 14, 6]]"
12a_0619_68,"[[13, 7, 14, 6], [15, 5, 16, 4], [17, 3, 18, 2], [19, 8, 20, 9], [21, 1, 22, 24], [23, 13, 24, 12], [1, 21, 2, 20], [3, 17, 4, 16], [5, 15, 6, 14], [7, 11, 8, 10], [9, 18, 10, 19], [11, 23, 12, 22]]"
12a_0619_69,"[[11, 23, 12, 22], [13, 7, 14, 6], [15, 5, 16, 4], [17, 3, 18, 2], [19, 8, 20, 9], [21, 1, 22, 24], [23, 13, 24, 12], [1, 21, 2, 20], [3, 17, 4, 16], [5, 15, 6, 14], [7, 11, 8, 10], [9, 18, 10, 19]]"
12a_0619_70,"[[9, 18, 10, 19], [11, 23, 12, 22], [13, 7, 14, 6], [15, 5, 16, 4], [17, 3, 18, 2], [19, 8, 20, 9], [21, 1, 22, 24], [23, 13, 24, 12], [1, 21, 2, 20], [3, 17, 4, 16], [5, 15, 6, 14], [7, 11, 8, 10]]"
12a_0619_71,"[[7, 11, 8, 10], [9, 18, 10, 19], [11, 23, 12, 22], [13, 7, 14, 6], [15, 5, 16, 4], [17, 3, 18, 2], [19, 8, 20, 9], [21, 1, 22, 24], [23, 13, 24, 12], [1, 21, 2, 20], [3, 17, 4, 16], [5, 15, 6, 14]]"
12a_0619_72,"[[6, 16, 7, 15], [8, 12, 9, 11], [10, 19, 11, 20], [12, 24, 13, 23], [14, 8, 15, 7], [16, 6, 17, 5], [18, 4, 19, 3], [20, 9, 21, 10], [22, 2, 23, 1], [24, 14, 1, 13], [2, 22, 3, 21], [4, 18, 5, 17]]"
12a_0619_73,"[[4, 18, 5, 17], [6, 16, 7, 15], [8, 12, 9, 11], [10, 19, 11, 20], [12, 24, 13, 23], [14, 8, 15, 7], [16, 6, 17, 5], [18, 4, 19, 3], [20, 9, 21, 10], [22, 2, 23, 1], [24, 14, 1, 13], [2, 22, 3, 21]]"
12a_0619_74,"[[2, 22, 3, 21], [4, 18, 5, 17], [6, 16, 7, 15], [8, 12, 9, 11], [10, 19, 11, 20], [12, 24, 13, 23], [14, 8, 15, 7], [16, 6, 17, 5], [18, 4, 19, 3], [20, 9, 21, 10], [22, 2, 23, 1], [24, 14, 1, 13]]"
12a_0619_75,"[[24, 14, 1, 13], [2, 22, 3, 21], [4, 18, 5, 17], [6, 16, 7, 15], [8, 12, 9, 11], [10, 19, 11, 20], [12, 24, 13, 23], [14, 8, 15, 7], [16, 6, 17, 5], [18, 4, 19, 3], [20, 9, 21, 10], [22, 2, 23, 1]]"
12a_0619_76,"[[22, 2, 23, 1], [24, 14, 1, 13], [2, 22, 3, 21], [4, 18, 5, 17], [6, 16, 7, 15], [8, 12, 9, 11], [10, 19, 11, 20], [12, 24, 13, 23], [14, 8, 15, 7], [16, 6, 17, 5], [18, 4, 19, 3], [20, 9, 21, 10]]"
12a_0619_77,"[[20, 9, 21, 10], [22, 2, 23, 1], [24, 14, 1, 13], [2, 22, 3, 21], [4, 18, 5, 17], [6, 16, 7, 15], [8, 12, 9, 11], [10, 19, 11, 20], [12, 24, 13, 23], [14, 8, 15, 7], [16, 6, 17, 5], [18, 4, 19, 3]]"
12a_0619_78,"[[18, 4, 19, 3], [20, 9, 21, 10], [22, 2, 23, 1], [24, 14, 1, 13], [2, 22, 3, 21], [4, 18, 5, 17], [6, 16, 7, 15], [8, 12, 9, 11], [10, 19, 11, 20], [12, 24, 13, 23], [14, 8, 15, 7], [16, 6, 17, 5]]"
12a_0619_79,"[[16, 6, 17, 5], [18, 4, 19, 3], [20, 9, 21, 10], [22, 2, 23, 1], [24, 14, 1, 13], [2, 22, 3, 21], [4, 18, 5, 17], [6, 16, 7, 15], [8, 12, 9, 11], [10, 19, 11, 20], [12, 24, 13, 23], [14, 8, 15, 7]]"
12a_0619_80,"[[14, 8, 15, 7], [16, 6, 17, 5], [18, 4, 19, 3], [20, 9, 21, 10], [22, 2, 23, 1], [24, 14, 1, 13], [2, 22, 3, 21], [4, 18, 5, 17], [6, 16, 7, 15], [8, 12, 9, 11], [10, 19, 11, 20], [12, 24, 13, 23]]"
12a_0619_81,"[[12, 24, 13, 23], [14, 8, 15, 7], [16, 6, 17, 5], [18, 4, 19, 3], [20, 9, 21, 10], [22, 2, 23, 1], [24, 14, 1, 13], [2, 22, 3, 21], [4, 18, 5, 17], [6, 16, 7, 15], [8, 12, 9, 11], [10, 19, 11, 20]]"
12a_0619_82,"[[10, 19, 11, 20], [12, 24, 13, 23], [14, 8, 15, 7], [16, 6, 17, 5], [18, 4, 19, 3], [20, 9, 21, 10], [22, 2, 23, 1], [24, 14, 1, 13], [2, 22, 3, 21], [4, 18, 5, 17], [6, 16, 7, 15], [8, 12, 9, 11]]"
12a_0619_83,"[[8, 12, 9, 11], [10, 19, 11, 20], [12, 24, 13, 23], [14, 8, 15, 7], [16, 6, 17, 5], [18, 4, 19, 3], [20, 9, 21, 10], [22, 2, 23, 1], [24, 14, 1, 13], [2, 22, 3, 21], [4, 18, 5, 17], [6, 16, 7, 15]]"
12a_0619_84,"[[7, 17, 8, 16], [9, 13, 10, 12], [11, 20, 12, 21], [13, 1, 14, 24], [15, 9, 16, 8], [17, 7, 18, 6], [19, 5, 20, 4], [21, 10, 22, 11], [23, 3, 24, 2], [1, 15, 2, 14], [3, 23, 4, 22], [5, 19, 6, 18]]"
12a_0619_85,"[[5, 19, 6, 18], [7, 17, 8, 16], [9, 13, 10, 12], [11, 20, 12, 21], [13, 1, 14, 24], [15, 9, 16, 8], [17, 7, 18, 6], [19, 5, 20, 4], [21, 10, 22, 11], [23, 3, 24, 2], [1, 15, 2, 14], [3, 23, 4, 22]]"
12a_0619_86,"[[3, 23, 4, 22], [5, 19, 6, 18], [7, 17, 8, 16], [9, 13, 10, 12], [11, 20, 12, 21], [13, 1, 14, 24], [15, 9, 16, 8], [17, 7, 18, 6], [19, 5, 20, 4], [21, 10, 22, 11], [23, 3, 24, 2], [1, 15, 2, 14]]"
12a_0619_87,"[[1, 15, 2, 14], [3, 23, 4, 22], [5, 19, 6, 18], [7, 17, 8, 16], [9, 13, 10, 12], [11, 20, 12, 21], [13, 1, 14, 24], [15, 9, 16, 8], [17, 7, 18, 6], [19, 5, 20, 4], [21, 10, 22, 11], [23, 3, 24, 2]]"
12a_0619_88,"[[23, 3, 24, 2], [1, 15, 2, 14], [3, 23, 4, 22], [5, 19, 6, 18], [7, 17, 8, 16], [9, 13, 10, 12], [11, 20, 12, 21], [13, 1, 14, 24], [15, 9, 16, 8], [17, 7, 18, 6], [19, 5, 20, 4], [21, 10, 22, 11]]"
12a_0619_89,"[[21, 10, 22, 11], [23, 3, 24, 2], [1, 15, 2, 14], [3, 23, 4, 22], [5, 19, 6, 18], [7, 17, 8, 16], [9, 13, 10, 12], [11, 20, 12, 21], [13, 1, 14, 24], [15, 9, 16, 8], [17, 7, 18, 6], [19, 5, 20, 4]]"
12a_0619_90,"[[19, 5, 20, 4], [21, 10, 22, 11], [23, 3, 24, 2], [1, 15, 2, 14], [3, 23, 4, 22], [5, 19, 6, 18], [7, 17, 8, 16], [9, 13, 10, 12], [11, 20, 12, 21], [13, 1, 14, 24], [15, 9, 16, 8], [17, 7, 18, 6]]"
12a_0619_91,"[[17, 7, 18, 6], [19, 5, 20, 4], [21, 10, 22, 11], [23, 3, 24, 2], [1, 15, 2, 14], [3, 23, 4, 22], [5, 19, 6, 18], [7, 17, 8, 16], [9, 13, 10, 12], [11, 20, 12, 21], [13, 1, 14, 24], [15, 9, 16, 8]]"
12a_0619_92,"[[15, 9, 16, 8], [17, 7, 18, 6], [19, 5, 20, 4], [21, 10, 22, 11], [23, 3, 24, 2], [1, 15, 2, 14], [3, 23, 4, 22], [5, 19, 6, 18], [7, 17, 8, 16], [9, 13, 10, 12], [11, 20, 12, 21], [13, 1, 14, 24]]"
12a_0619_93,"[[13, 1, 14, 24], [15, 9, 16, 8], [17, 7, 18, 6], [19, 5, 20, 4], [21, 10, 22, 11], [23, 3, 24, 2], [1, 15, 2, 14], [3, 23, 4, 22], [5, 19, 6, 18], [7, 17, 8, 16], [9, 13, 10, 12], [11, 20, 12, 21]]"
12a_0619_94,"[[11, 20, 12, 21], [13, 1, 14, 24], [15, 9, 16, 8], [17, 7, 18, 6], [19, 5, 20, 4], [21, 10, 22, 11], [23, 3, 24, 2], [1, 15, 2, 14], [3, 23, 4, 22], [5, 19, 6, 18], [7, 17, 8, 16], [9, 13, 10, 12]]"
12a_0619_95,"[[9, 13, 10, 12], [11, 20, 12, 21], [13, 1, 14, 24], [15, 9, 16, 8], [17, 7, 18, 6], [19, 5, 20, 4], [21, 10, 22, 11], [23, 3, 24, 2], [1, 15, 2, 14], [3, 23, 4, 22], [5, 19, 6, 18], [7, 17, 8, 16]]"
12a_0619_96,"[[8, 18, 9, 17], [10, 14, 11, 13], [12, 21, 13, 22], [14, 2, 15, 1], [16, 10, 17, 9], [18, 8, 19, 7], [20, 6, 21, 5], [22, 11, 23, 12], [24, 4, 1, 3], [2, 16, 3, 15], [4, 24, 5, 23], [6, 20, 7, 19]]"
12a_0619_97,"[[6, 20, 7, 19], [8, 18, 9, 17], [10, 14, 11, 13], [12, 21, 13, 22], [14, 2, 15, 1], [16, 10, 17, 9], [18, 8, 19, 7], [20, 6, 21, 5], [22, 11, 23, 12], [24, 4, 1, 3], [2, 16, 3, 15], [4, 24, 5, 23]]"
12a_0619_98,"[[4, 24, 5, 23], [6, 20, 7, 19], [8, 18, 9, 17], [10, 14, 11, 13], [12, 21, 13, 22], [14, 2, 15, 1], [16, 10, 17, 9], [18, 8, 19, 7], [20, 6, 21, 5], [22, 11, 23, 12], [24, 4, 1, 3], [2, 16, 3, 15]]"
12a_0619_99,"[[2, 16, 3, 15], [4, 24, 5, 23], [6, 20, 7, 19], [8, 18, 9, 17], [10, 14, 11, 13], [12, 21, 13, 22], [14, 2, 15, 1], [16, 10, 17, 9], [18, 8, 19, 7], [20, 6, 21, 5], [22, 11, 23, 12], [24, 4, 1, 3]]"
12a_0619_100,"[[24, 4, 1, 3], [2, 16, 3, 15], [4, 24, 5, 23], [6, 20, 7, 19], [8, 18, 9, 17], [10, 14, 11, 13], [12, 21, 13, 22], [14, 2, 15, 1], [16, 10, 17, 9], [18, 8, 19, 7], [20, 6, 21, 5], [22, 11, 23, 12]]"
12a_0619_101,"[[22, 11, 23, 12], [24, 4, 1, 3], [2, 16, 3, 15], [4, 24, 5, 23], [6, 20, 7, 19], [8, 18, 9, 17], [10, 14, 11, 13], [12, 21, 13, 22], [14, 2, 15, 1], [16, 10, 17, 9], [18, 8, 19, 7], [20, 6, 21, 5]]"
12a_0619_102,"[[20, 6, 21, 5], [22, 11, 23, 12], [24, 4, 1, 3], [2, 16, 3, 15], [4, 24, 5, 23], [6, 20, 7, 19], [8, 18, 9, 17], [10, 14, 11, 13], [12, 21, 13, 22], [14, 2, 15, 1], [16, 10, 17, 9], [18, 8, 19, 7]]"
12a_0619_103,"[[18, 8, 19, 7], [20, 6, 21, 5], [22, 11, 23, 12], [24, 4, 1, 3], [2, 16, 3, 15], [4, 24, 5, 23], [6, 20, 7, 19], [8, 18, 9, 17], [10, 14, 11, 13], [12, 21, 13, 22], [14, 2, 15, 1], [16, 10, 17, 9]]"
12a_0619_104,"[[16, 10, 17, 9], [18, 8, 19, 7], [20, 6, 21, 5], [22, 11, 23, 12], [24, 4, 1, 3], [2, 16, 3, 15], [4, 24, 5, 23], [6, 20, 7, 19], [8, 18, 9, 17], [10, 14, 11, 13], [12, 21, 13, 22], [14, 2, 15, 1]]"
12a_0619_105,"[[14, 2, 15, 1], [16, 10, 17, 9], [18, 8, 19, 7], [20, 6, 21, 5], [22, 11, 23, 12], [24, 4, 1, 3], [2, 16, 3, 15], [4, 24, 5, 23], [6, 20, 7, 19], [8, 18, 9, 17], [10, 14, 11, 13], [12, 21, 13, 22]]"
12a_0619_106,"[[12, 21, 13, 22], [14, 2, 15, 1], [16, 10, 17, 9], [18, 8, 19, 7], [20, 6, 21, 5], [22, 11, 23, 12], [24, 4, 1, 3], [2, 16, 3, 15], [4, 24, 5, 23], [6, 20, 7, 19], [8, 18, 9, 17], [10, 14, 11, 13]]"
12a_0619_107,"[[10, 14, 11, 13], [12, 21, 13, 22], [14, 2, 15, 1], [16, 10, 17, 9], [18, 8, 19, 7], [20, 6, 21, 5], [22, 11, 23, 12], [24, 4, 1, 3], [2, 16, 3, 15], [4, 24, 5, 23], [6, 20, 7, 19], [8, 18, 9, 17]]"
12a_0619_108,"[[9, 19, 10, 18], [11, 15, 12, 14], [13, 22, 14, 23], [15, 3, 16, 2], [17, 11, 18, 10], [19, 9, 20, 8], [21, 7, 22, 6], [23, 12, 24, 13], [1, 5, 2, 4], [3, 17, 4, 16], [5, 1, 6, 24], [7, 21, 8, 20]]"
12a_0619_109,"[[7, 21, 8, 20], [9, 19, 10, 18], [11, 15, 12, 14], [13, 22, 14, 23], [15, 3, 16, 2], [17, 11, 18, 10], [19, 9, 20, 8], [21, 7, 22, 6], [23, 12, 24, 13], [1, 5, 2, 4], [3, 17, 4, 16], [5, 1, 6, 24]]"
12a_0619_110,"[[5, 1, 6, 24], [7, 21, 8, 20], [9, 19, 10, 18], [11, 15, 12, 14], [13, 22, 14, 23], [15, 3, 16, 2], [17, 11, 18, 10], [19, 9, 20, 8], [21, 7, 22, 6], [23, 12, 24, 13], [1, 5, 2, 4], [3, 17, 4, 16]]"
12a_0619_111,"[[3, 17, 4, 16], [5, 1, 6, 24], [7, 21, 8, 20], [9, 19, 10, 18], [11, 15, 12, 14], [13, 22, 14, 23], [15, 3, 16, 2], [17, 11, 18, 10], [19, 9, 20, 8], [21, 7, 22, 6], [23, 12, 24, 13], [1, 5, 2, 4]]"
12a_0619_112,"[[1, 5, 2, 4], [3, 17, 4, 16], [5, 1, 6, 24], [7, 21, 8, 20], [9, 19, 10, 18], [11, 15, 12, 14], [13, 22, 14, 23], [15, 3, 16, 2], [17, 11, 18, 10], [19, 9, 20, 8], [21, 7, 22, 6], [23, 12, 24, 13]]"
12a_0619_113,"[[23, 12, 24, 13], [1, 5, 2, 4], [3, 17, 4, 16], [5, 1, 6, 24], [7, 21, 8, 20], [9, 19, 10, 18], [11, 15, 12, 14], [13, 22, 14, 23], [15, 3, 16, 2], [17, 11, 18, 10], [19, 9, 20, 8], [21, 7, 22, 6]]"
12a_0619_114,"[[21, 7, 22, 6], [23, 12, 24, 13], [1, 5, 2, 4], [3, 17, 4, 16], [5, 1, 6, 24], [7, 21, 8, 20], [9, 19, 10, 18], [11, 15, 12, 14], [13, 22, 14, 23], [15, 3, 16, 2], [17, 11, 18, 10], [19, 9, 20, 8]]"
12a_0619_115,"[[19, 9, 20, 8], [21, 7, 22, 6], [23, 12, 24, 13], [1, 5, 2, 4], [3, 17, 4, 16], [5, 1, 6, 24], [7, 21, 8, 20], [9, 19, 10, 18], [11, 15, 12, 14], [13, 22, 14, 23], [15, 3, 16, 2], [17, 11, 18, 10]]"
12a_0619_116,"[[17, 11, 18, 10], [19, 9, 20, 8], [21, 7, 22, 6], [23, 12, 24, 13], [1, 5, 2, 4], [3, 17, 4, 16], [5, 1, 6, 24], [7, 21, 8, 20], [9, 19, 10, 18], [11, 15, 12, 14], [13, 22, 14, 23], [15, 3, 16, 2]]"
12a_0619_117,"[[15, 3, 16, 2], [17, 11, 18, 10], [19, 9, 20, 8], [21, 7, 22, 6], [23, 12, 24, 13], [1, 5, 2, 4], [3, 17, 4, 16], [5, 1, 6, 24], [7, 21, 8, 20], [9, 19, 10, 18], [11, 15, 12, 14], [13, 22, 14, 23]]"
12a_0619_118,"[[13, 22, 14, 23], [15, 3, 16, 2], [17, 11, 18, 10], [19, 9, 20, 8], [21, 7, 22, 6], [23, 12, 24, 13], [1, 5, 2, 4], [3, 17, 4, 16], [5, 1, 6, 24], [7, 21, 8, 20], [9, 19, 10, 18], [11, 15, 12, 14]]"
12a_0619_119,"[[11, 15, 12, 14], [13, 22, 14, 23], [15, 3, 16, 2], [17, 11, 18, 10], [19, 9, 20, 8], [21, 7, 22, 6], [23, 12, 24, 13], [1, 5, 2, 4], [3, 17, 4, 16], [5, 1, 6, 24], [7, 21, 8, 20], [9, 19, 10, 18]]"
12a_0619_120,"[[10, 20, 11, 19], [12, 16, 13, 15], [14, 23, 15, 24], [16, 4, 17, 3], [18, 12, 19, 11], [20, 10, 21, 9], [22, 8, 23, 7], [24, 13, 1, 14], [2, 6, 3, 5], [4, 18, 5, 17], [6, 2, 7, 1], [8, 22, 9, 21]]"
12a_0619_121,"[[8, 22, 9, 21], [10, 20, 11, 19], [12, 16, 13, 15], [14, 23, 15, 24], [16, 4, 17, 3], [18, 12, 19, 11], [20, 10, 21, 9], [22, 8, 23, 7], [24, 13, 1, 14], [2, 6, 3, 5], [4, 18, 5, 17], [6, 2, 7, 1]]"
12a_0619_122,"[[6, 2, 7, 1], [8, 22, 9, 21], [10, 20, 11, 19], [12, 16, 13, 15], [14, 23, 15, 24], [16, 4, 17, 3], [18, 12, 19, 11], [20, 10, 21, 9], [22, 8, 23, 7], [24, 13, 1, 14], [2, 6, 3, 5], [4, 18, 5, 17]]"
12a_0619_123,"[[4, 18, 5, 17], [6, 2, 7, 1], [8, 22, 9, 21], [10, 20, 11, 19], [12, 16, 13, 15], [14, 23, 15, 24], [16, 4, 17, 3], [18, 12, 19, 11], [20, 10, 21, 9], [22, 8, 23, 7], [24, 13, 1, 14], [2, 6, 3, 5]]"
12a_0619_124,"[[2, 6, 3, 5], [4, 18, 5, 17], [6, 2, 7, 1], [8, 22, 9, 21], [10, 20, 11, 19], [12, 16, 13, 15], [14, 23, 15, 24], [16, 4, 17, 3], [18, 12, 19, 11], [20, 10, 21, 9], [22, 8, 23, 7], [24, 13, 1, 14]]"
12a_0619_125,"[[24, 13, 1, 14], [2, 6, 3, 5], [4, 18, 5, 17], [6, 2, 7, 1], [8, 22, 9, 21], [10, 20, 11, 19], [12, 16, 13, 15], [14, 23, 15, 24], [16, 4, 17, 3], [18, 12, 19, 11], [20, 10, 21, 9], [22, 8, 23, 7]]"
12a_0619_126,"[[22, 8, 23, 7], [24, 13, 1, 14], [2, 6, 3, 5], [4, 18, 5, 17], [6, 2, 7, 1], [8, 22, 9, 21], [10, 20, 11, 19], [12, 16, 13, 15], [14, 23, 15, 24], [16, 4, 17, 3], [18, 12, 19, 11], [20, 10, 21, 9]]"
12a_0619_127,"[[20, 10, 21, 9], [22, 8, 23, 7], [24, 13, 1, 14], [2, 6, 3, 5], [4, 18, 5, 17], [6, 2, 7, 1], [8, 22, 9, 21], [10, 20, 11, 19], [12, 16, 13, 15], [14, 23, 15, 24], [16, 4, 17, 3], [18, 12, 19, 11]]"
12a_0619_128,"[[18, 12, 19, 11], [20, 10, 21, 9], [22, 8, 23, 7], [24, 13, 1, 14], [2, 6, 3, 5], [4, 18, 5, 17], [6, 2, 7, 1], [8, 22, 9, 21], [10, 20, 11, 19], [12, 16, 13, 15], [14, 23, 15, 24], [16, 4, 17, 3]]"
12a_0619_129,"[[16, 4, 17, 3], [18, 12, 19, 11], [20, 10, 21, 9], [22, 8, 23, 7], [24, 13, 1, 14], [2, 6, 3, 5], [4, 18, 5, 17], [6, 2, 7, 1], [8, 22, 9, 21], [10, 20, 11, 19], [12, 16, 13, 15], [14, 23, 15, 24]]"
12a_0619_130,"[[14, 23, 15, 24], [16, 4, 17, 3], [18, 12, 19, 11], [20, 10, 21, 9], [22, 8, 23, 7], [24, 13, 1, 14], [2, 6, 3, 5], [4, 18, 5, 17], [6, 2, 7, 1], [8, 22, 9, 21], [10, 20, 11, 19], [12, 16, 13, 15]]"
12a_0619_131,"[[12, 16, 13, 15], [14, 23, 15, 24], [16, 4, 17, 3], [18, 12, 19, 11], [20, 10, 21, 9], [22, 8, 23, 7], [24, 13, 1, 14], [2, 6, 3, 5], [4, 18, 5, 17], [6, 2, 7, 1], [8, 22, 9, 21], [10, 20, 11, 19]]"
12a_0619_132,"[[11, 21, 12, 20], [13, 17, 14, 16], [15, 24, 16, 1], [17, 5, 18, 4], [19, 13, 20, 12], [21, 11, 22, 10], [23, 9, 24, 8], [1, 14, 2, 15], [3, 7, 4, 6], [5, 19, 6, 18], [7, 3, 8, 2], [9, 23, 10, 22]]"
12a_0619_133,"[[9, 23, 10, 22], [11, 21, 12, 20], [13, 17, 14, 16], [15, 24, 16, 1], [17, 5, 18, 4], [19, 13, 20, 12], [21, 11, 22, 10], [23, 9, 24, 8], [1, 14, 2, 15], [3, 7, 4, 6], [5, 19, 6, 18], [7, 3, 8, 2]]"
12a_0619_134,"[[7, 3, 8, 2], [9, 23, 10, 22], [11, 21, 12, 20], [13, 17, 14, 16], [15, 24, 16, 1], [17, 5, 18, 4], [19, 13, 20, 12], [21, 11, 22, 10], [23, 9, 24, 8], [1, 14, 2, 15], [3, 7, 4, 6], [5, 19, 6, 18]]"
12a_0619_135,"[[5, 19, 6, 18], [7, 3, 8, 2], [9, 23, 10, 22], [11, 21, 12, 20], [13, 17, 14, 16], [15, 24, 16, 1], [17, 5, 18, 4], [19, 13, 20, 12], [21, 11, 22, 10], [23, 9, 24, 8], [1, 14, 2, 15], [3, 7, 4, 6]]"
12a_0619_136,"[[3, 7, 4, 6], [5, 19, 6, 18], [7, 3, 8, 2], [9, 23, 10, 22], [11, 21, 12, 20], [13, 17, 14, 16], [15, 24, 16, 1], [17, 5, 18, 4], [19, 13, 20, 12], [21, 11, 22, 10], [23, 9, 24, 8], [1, 14, 2, 15]]"
12a_0619_137,"[[1, 14, 2, 15], [3, 7, 4, 6], [5, 19, 6, 18], [7, 3, 8, 2], [9, 23, 10, 22], [11, 21, 12, 20], [13, 17, 14, 16], [15, 24, 16, 1], [17, 5, 18, 4], [19, 13, 20, 12], [21, 11, 22, 10], [23, 9, 24, 8]]"
12a_0619_138,"[[23, 9, 24, 8], [1, 14, 2, 15], [3, 7, 4, 6], [5, 19, 6, 18], [7, 3, 8, 2], [9, 23, 10, 22], [11, 21, 12, 20], [13, 17, 14, 16], [15, 24, 16, 1], [17, 5, 18, 4], [19, 13, 20, 12], [21, 11, 22, 10]]"
12a_0619_139,"[[21, 11, 22, 10], [23, 9, 24, 8], [1, 14, 2, 15], [3, 7, 4, 6], [5, 19, 6, 18], [7, 3, 8, 2], [9, 23, 10, 22], [11, 21, 12, 20], [13, 17, 14, 16], [15, 24, 16, 1], [17, 5, 18, 4], [19, 13, 20, 12]]"
12a_0619_140,"[[19, 13, 20, 12], [21, 11, 22, 10], [23, 9, 24, 8], [1, 14, 2, 15], [3, 7, 4, 6], [5, 19, 6, 18], [7, 3, 8, 2], [9, 23, 10, 22], [11, 21, 12, 20], [13, 17, 14, 16], [15, 24, 16, 1], [17, 5, 18, 4]]"
12a_0619_141,"[[17, 5, 18, 4], [19, 13, 20, 12], [21, 11, 22, 10], [23, 9, 24, 8], [1, 14, 2, 15], [3, 7, 4, 6], [5, 19, 6, 18], [7, 3, 8, 2], [9, 23, 10, 22], [11, 21, 12, 20], [13, 17, 14, 16], [15, 24, 16, 1]]"
12a_0619_142,"[[15, 24, 16, 1], [17, 5, 18, 4], [19, 13, 20, 12], [21, 11, 22, 10], [23, 9, 24, 8], [1, 14, 2, 15], [3, 7, 4, 6], [5, 19, 6, 18], [7, 3, 8, 2], [9, 23, 10, 22], [11, 21, 12, 20], [13, 17, 14, 16]]"
12a_0619_143,"[[13, 17, 14, 16], [15, 24, 16, 1], [17, 5, 18, 4], [19, 13, 20, 12], [21, 11, 22, 10], [23, 9, 24, 8], [1, 14, 2, 15], [3, 7, 4, 6], [5, 19, 6, 18], [7, 3, 8, 2], [9, 23, 10, 22], [11, 21, 12, 20]]"
12a_0619_144,"[[12, 22, 13, 21], [14, 18, 15, 17], [16, 1, 17, 2], [18, 6, 19, 5], [20, 14, 21, 13], [22, 12, 23, 11], [24, 10, 1, 9], [2, 15, 3, 16], [4, 8, 5, 7], [6, 20, 7, 19], [8, 4, 9, 3], [10, 24, 11, 23]]"
12a_0619_145,"[[10, 24, 11, 23], [12, 22, 13, 21], [14, 18, 15, 17], [16, 1, 17, 2], [18, 6, 19, 5], [20, 14, 21, 13], [22, 12, 23, 11], [24, 10, 1, 9], [2, 15, 3, 16], [4, 8, 5, 7], [6, 20, 7, 19], [8, 4, 9, 3]]"
12a_0619_146,"[[8, 4, 9, 3], [10, 24, 11, 23], [12, 22, 13, 21], [14, 18, 15, 17], [16, 1, 17, 2], [18, 6, 19, 5], [20, 14, 21, 13], [22, 12, 23, 11], [24, 10, 1, 9], [2, 15, 3, 16], [4, 8, 5, 7], [6, 20, 7, 19]]"
12a_0619_147,"[[6, 20, 7, 19], [8, 4, 9, 3], [10, 24, 11, 23], [12, 22, 13, 21], [14, 18, 15, 17], [16, 1, 17, 2], [18, 6, 19, 5], [20, 14, 21, 13], [22, 12, 23, 11], [24, 10, 1, 9], [2, 15, 3, 16], [4, 8, 5, 7]]"
12a_0619_148,"[[4, 8, 5, 7], [6, 20, 7, 19], [8, 4, 9, 3], [10, 24, 11, 23], [12, 22, 13, 21], [14, 18, 15, 17], [16, 1, 17, 2], [18, 6, 19, 5], [20, 14, 21, 13], [22, 12, 23, 11], [24, 10, 1, 9], [2, 15, 3, 16]]"
12a_0619_149,"[[2, 15, 3, 16], [4, 8, 5, 7], [6, 20, 7, 19], [8, 4, 9, 3], [10, 24, 11, 23], [12, 22, 13, 21], [14, 18, 15, 17], [16, 1, 17, 2], [18, 6, 19, 5], [20, 14, 21, 13], [22, 12, 23, 11], [24, 10, 1, 9]]"
12a_0619_150,"[[24, 10, 1, 9], [2, 15, 3, 16], [4, 8, 5, 7], [6, 20, 7, 19], [8, 4, 9, 3], [10, 24, 11, 23], [12, 22, 13, 21], [14, 18, 15, 17], [16, 1, 17, 2], [18, 6, 19, 5], [20, 14, 21, 13], [22, 12, 23, 11]]"
12a_0619_151,"[[22, 12, 23, 11], [24, 10, 1, 9], [2, 15, 3, 16], [4, 8, 5, 7], [6, 20, 7, 19], [8, 4, 9, 3], [10, 24, 11, 23], [12, 22, 13, 21], [14, 18, 15, 17], [16, 1, 17, 2], [18, 6, 19, 5], [20, 14, 21, 13]]"
12a_0619_152,"[[20, 14, 21, 13], [22, 12, 23, 11], [24, 10, 1, 9], [2, 15, 3, 16], [4, 8, 5, 7], [6, 20, 7, 19], [8, 4, 9, 3], [10, 24, 11, 23], [12, 22, 13, 21], [14, 18, 15, 17], [16, 1, 17, 2], [18, 6, 19, 5]]"
12a_0619_153,"[[18, 6, 19, 5], [20, 14, 21, 13], [22, 12, 23, 11], [24, 10, 1, 9], [2, 15, 3, 16], [4, 8, 5, 7], [6, 20, 7, 19], [8, 4, 9, 3], [10, 24, 11, 23], [12, 22, 13, 21], [14, 18, 15, 17], [16, 1, 17, 2]]"
12a_0619_154,"[[16, 1, 17, 2], [18, 6, 19, 5], [20, 14, 21, 13], [22, 12, 23, 11], [24, 10, 1, 9], [2, 15, 3, 16], [4, 8, 5, 7], [6, 20, 7, 19], [8, 4, 9, 3], [10, 24, 11, 23], [12, 22, 13, 21], [14, 18, 15, 17]]"
12a_0619_155,"[[14, 18, 15, 17], [16, 1, 17, 2], [18, 6, 19, 5], [20, 14, 21, 13], [22, 12, 23, 11], [24, 10, 1, 9], [2, 15, 3, 16], [4, 8, 5, 7], [6, 20, 7, 19], [8, 4, 9, 3], [10, 24, 11, 23], [12, 22, 13, 21]]"
12a_0619_156,"[[13, 23, 14, 22], [15, 19, 16, 18], [17, 2, 18, 3], [19, 7, 20, 6], [21, 15, 22, 14], [23, 13, 24, 12], [1, 11, 2, 10], [3, 16, 4, 17], [5, 9, 6, 8], [7, 21, 8, 20], [9, 5, 10, 4], [11, 1, 12, 24]]"
12a_0619_157,"[[11, 1, 12, 24], [13, 23, 14, 22], [15, 19, 16, 18], [17, 2, 18, 3], [19, 7, 20, 6], [21, 15, 22, 14], [23, 13, 24, 12], [1, 11, 2, 10], [3, 16, 4, 17], [5, 9, 6, 8], [7, 21, 8, 20], [9, 5, 10, 4]]"
12a_0619_158,"[[9, 5, 10, 4], [11, 1, 12, 24], [13, 23, 14, 22], [15, 19, 16, 18], [17, 2, 18, 3], [19, 7, 20, 6], [21, 15, 22, 14], [23, 13, 24, 12], [1, 11, 2, 10], [3, 16, 4, 17], [5, 9, 6, 8], [7, 21, 8, 20]]"
12a_0619_159,"[[7, 21, 8, 20], [9, 5, 10, 4], [11, 1, 12, 24], [13, 23, 14, 22], [15, 19, 16, 18], [17, 2, 18, 3], [19, 7, 20, 6], [21, 15, 22, 14], [23, 13, 24, 12], [1, 11, 2, 10], [3, 16, 4, 17], [5, 9, 6, 8]]"
12a_0619_160,"[[5, 9, 6, 8], [7, 21, 8, 20], [9, 5, 10, 4], [11, 1, 12, 24], [13, 23, 14, 22], [15, 19, 16, 18], [17, 2, 18, 3], [19, 7, 20, 6], [21, 15, 22, 14], [23, 13, 24, 12], [1, 11, 2, 10], [3, 16, 4, 17]]"
12a_0619_161,"[[3, 16, 4, 17], [5, 9, 6, 8], [7, 21, 8, 20], [9, 5, 10, 4], [11, 1, 12, 24], [13, 23, 14, 22], [15, 19, 16, 18], [17, 2, 18, 3], [19, 7, 20, 6], [21, 15, 22, 14], [23, 13, 24, 12], [1, 11, 2, 10]]"
12a_0619_162,"[[1, 11, 2, 10], [3, 16, 4, 17], [5, 9, 6, 8], [7, 21, 8, 20], [9, 5, 10, 4], [11, 1, 12, 24], [13, 23, 14, 22], [15, 19, 16, 18], [17, 2, 18, 3], [19, 7, 20, 6], [21, 15, 22, 14], [23, 13, 24, 12]]"
12a_0619_163,"[[23, 13, 24, 12], [1, 11, 2, 10], [3, 16, 4, 17], [5, 9, 6, 8], [7, 21, 8, 20], [9, 5, 10, 4], [11, 1, 12, 24], [13, 23, 14, 22], [15, 19, 16, 18], [17, 2, 18, 3], [19, 7, 20, 6], [21, 15, 22, 14]]"
12a_0619_164,"[[21, 15, 22, 14], [23, 13, 24, 12], [1, 11, 2, 10], [3, 16, 4, 17], [5, 9, 6, 8], [7, 21, 8, 20], [9, 5, 10, 4], [11, 1, 12, 24], [13, 23, 14, 22], [15, 19, 16, 18], [17, 2, 18, 3], [19, 7, 20, 6]]"
12a_0619_165,"[[19, 7, 20, 6], [21, 15, 22, 14], [23, 13, 24, 12], [1, 11, 2, 10], [3, 16, 4, 17], [5, 9, 6, 8], [7, 21, 8, 20], [9, 5, 10, 4], [11, 1, 12, 24], [13, 23, 14, 22], [15, 19, 16, 18], [17, 2, 18, 3]]"
12a_0619_166,"[[17, 2, 18, 3], [19, 7, 20, 6], [21, 15, 22, 14], [23, 13, 24, 12], [1, 11, 2, 10], [3, 16, 4, 17], [5, 9, 6, 8], [7, 21, 8, 20], [9, 5, 10, 4], [11, 1, 12, 24], [13, 23, 14, 22], [15, 19, 16, 18]]"
12a_0619_167,"[[15, 19, 16, 18], [17, 2, 18, 3], [19, 7, 20, 6], [21, 15, 22, 14], [23, 13, 24, 12], [1, 11, 2, 10], [3, 16, 4, 17], [5, 9, 6, 8], [7, 21, 8, 20], [9, 5, 10, 4], [11, 1, 12, 24], [13, 23, 14, 22]]"
12a_0619_168,"[[14, 24, 15, 23], [16, 20, 17, 19], [18, 3, 19, 4], [20, 8, 21, 7], [22, 16, 23, 15], [24, 14, 1, 13], [2, 12, 3, 11], [4, 17, 5, 18], [6, 10, 7, 9], [8, 22, 9, 21], [10, 6, 11, 5], [12, 2, 13, 1]]"
12a_0619_169,"[[12, 2, 13, 1], [14, 24, 15, 23], [16, 20, 17, 19], [18, 3, 19, 4], [20, 8, 21, 7], [22, 16, 23, 15], [24, 14, 1, 13], [2, 12, 3, 11], [4, 17, 5, 18], [6, 10, 7, 9], [8, 22, 9, 21], [10, 6, 11, 5]]"
12a_0619_170,"[[10, 6, 11, 5], [12, 2, 13, 1], [14, 24, 15, 23], [16, 20, 17, 19], [18, 3, 19, 4], [20, 8, 21, 7], [22, 16, 23, 15], [24, 14, 1, 13], [2, 12, 3, 11], [4, 17, 5, 18], [6, 10, 7, 9], [8, 22, 9, 21]]"
12a_0619_171,"[[8, 22, 9, 21], [10, 6, 11, 5], [12, 2, 13, 1], [14, 24, 15, 23], [16, 20, 17, 19], [18, 3, 19, 4], [20, 8, 21, 7], [22, 16, 23, 15], [24, 14, 1, 13], [2, 12, 3, 11], [4, 17, 5, 18], [6, 10, 7, 9]]"
12a_0619_172,"[[6, 10, 7, 9], [8, 22, 9, 21], [10, 6, 11, 5], [12, 2, 13, 1], [14, 24, 15, 23], [16, 20, 17, 19], [18, 3, 19, 4], [20, 8, 21, 7], [22, 16, 23, 15], [24, 14, 1, 13], [2, 12, 3, 11], [4, 17, 5, 18]]"
12a_0619_173,"[[4, 17, 5, 18], [6, 10, 7, 9], [8, 22, 9, 21], [10, 6, 11, 5], [12, 2, 13, 1], [14, 24, 15, 23], [16, 20, 17, 19], [18, 3, 19, 4], [20, 8, 21, 7], [22, 16, 23, 15], [24, 14, 1, 13], [2, 12, 3, 11]]"
12a_0619_174,"[[2, 12, 3, 11], [4, 17, 5, 18], [6, 10, 7, 9], [8, 22, 9, 21], [10, 6, 11, 5], [12, 2, 13, 1], [14, 24, 15, 23], [16, 20, 17, 19], [18, 3, 19, 4], [20, 8, 21, 7], [22, 16, 23, 15], [24, 14, 1, 13]]"
12a_0619_175,"[[24, 14, 1, 13], [2, 12, 3, 11], [4, 17, 5, 18], [6, 10, 7, 9], [8, 22, 9, 21], [10, 6, 11, 5], [12, 2, 13, 1], [14, 24, 15, 23], [16, 20, 17, 19], [18, 3, 19, 4], [20, 8, 21, 7], [22, 16, 23, 15]]"
12a_0619_176,"[[22, 16, 23, 15], [24, 14, 1, 13], [2, 12, 3, 11], [4, 17, 5, 18], [6, 10, 7, 9], [8, 22, 9, 21], [10, 6, 11, 5], [12, 2, 13, 1], [14, 24, 15, 23], [16, 20, 17, 19], [18, 3, 19, 4], [20, 8, 21, 7]]"
12a_0619_177,"[[20, 8, 21, 7], [22, 16, 23, 15], [24, 14, 1, 13], [2, 12, 3, 11], [4, 17, 5, 18], [6, 10, 7, 9], [8, 22, 9, 21], [10, 6, 11, 5], [12, 2, 13, 1], [14, 24, 15, 23], [16, 20, 17, 19], [18, 3, 19, 4]]"
12a_0619_178,"[[18, 3, 19, 4], [20, 8, 21, 7], [22, 16, 23, 15], [24, 14, 1, 13], [2, 12, 3, 11], [4, 17, 5, 18], [6, 10, 7, 9], [8, 22, 9, 21], [10, 6, 11, 5], [12, 2, 13, 1], [14, 24, 15, 23], [16, 20, 17, 19]]"
12a_0619_179,"[[16, 20, 17, 19], [18, 3, 19, 4], [20, 8, 21, 7], [22, 16, 23, 15], [24, 14, 1, 13], [2, 12, 3, 11], [4, 17, 5, 18], [6, 10, 7, 9], [8, 22, 9, 21], [10, 6, 11, 5], [12, 2, 13, 1], [14, 24, 15, 23]]"
12a_0619_180,"[[15, 1, 16, 24], [17, 21, 18, 20], [19, 4, 20, 5], [21, 9, 22, 8], [23, 17, 24, 16], [1, 15, 2, 14], [3, 13, 4, 12], [5, 18, 6, 19], [7, 11, 8, 10], [9, 23, 10, 22], [11, 7, 12, 6], [13, 3, 14, 2]]"
12a_0619_181,"[[13, 3, 14, 2], [15, 1, 16, 24], [17, 21, 18, 20], [19, 4, 20, 5], [21, 9, 22, 8], [23, 17, 24, 16], [1, 15, 2, 14], [3, 13, 4, 12], [5, 18, 6, 19], [7, 11, 8, 10], [9, 23, 10, 22], [11, 7, 12, 6]]"
12a_0619_182,"[[11, 7, 12, 6], [13, 3, 14, 2], [15, 1, 16, 24], [17, 21, 18, 20], [19, 4, 20, 5], [21, 9, 22, 8], [23, 17, 24, 16], [1, 15, 2, 14], [3, 13, 4, 12], [5, 18, 6, 19], [7, 11, 8, 10], [9, 23, 10, 22]]"
12a_0619_183,"[[9, 23, 10, 22], [11, 7, 12, 6], [13, 3, 14, 2], [15, 1, 16, 24], [17, 21, 18, 20], [19, 4, 20, 5], [21, 9, 22, 8], [23, 17, 24, 16], [1, 15, 2, 14], [3, 13, 4, 12], [5, 18, 6, 19], [7, 11, 8, 10]]"
12a_0619_184,"[[7, 11, 8, 10], [9, 23, 10, 22], [11, 7, 12, 6], [13, 3, 14, 2], [15, 1, 16, 24], [17, 21, 18, 20], [19, 4, 20, 5], [21, 9, 22, 8], [23, 17, 24, 16], [1, 15, 2, 14], [3, 13, 4, 12], [5, 18, 6, 19]]"
12a_0619_185,"[[5, 18, 6, 19], [7, 11, 8, 10], [9, 23, 10, 22], [11, 7, 12, 6], [13, 3, 14, 2], [15, 1, 16, 24], [17, 21, 18, 20], [19, 4, 20, 5], [21, 9, 22, 8], [23, 17, 24, 16], [1, 15, 2, 14], [3, 13, 4, 12]]"
