name,pd_notation
12a_0096_0,"[[24, 18, 1, 17], [2, 6, 3, 5], [4, 10, 5, 9], [6, 16, 7, 15], [8, 4, 9, 3], [10, 20, 11, 19], [12, 22, 13, 21], [14, 8, 15, 7], [16, 2, 17, 1], [18, 24, 19, 23], [20, 12, 21, 11], [22, 14, 23, 13]]"
12a_0096_1,"[[22, 14, 23, 13], [24, 18, 1, 17], [2, 6, 3, 5], [4, 10, 5, 9], [6, 16, 7, 15], [8, 4, 9, 3], [10, 20, 11, 19], [12, 22, 13, 21], [14, 8, 15, 7], [16, 2, 17, 1], [18, 24, 19, 23], [20, 12, 21, 11]]"
12a_0096_2,"[[20, 12, 21, 11], [22, 14, 23, 13], [24, 18, 1, 17], [2, 6, 3, 5], [4, 10, 5, 9], [6, 16, 7, 15], [8, 4, 9, 3], [10, 20, 11, 19], [12, 22, 13, 21], [14, 8, 15, 7], [16, 2, 17, 1], [18, 24, 19, 23]]"
12a_0096_3,"[[18, 24, 19, 23], [20, 12, 21, 11], [22, 14, 23, 13], [24, 18, 1, 17], [2, 6, 3, 5], [4, 10, 5, 9], [6, 16, 7, 15], [8, 4, 9, 3], [10, 20, 11, 19], [12, 22, 13, 21], [14, 8, 15, 7], [16, 2, 17, 1]]"
12a_0096_4,"[[16, 2, 17, 1], [18, 24, 19, 23], [20, 12, 21, 11], [22, 14, 23, 13], [24, 18, 1, 17], [2, 6, 3, 5], [4, 10, 5, 9], [6, 16, 7, 15], [8, 4, 9, 3], [10, 20, 11, 19], [12, 22, 13, 21], [14, 8, 15, 7]]"
12a_0096_5,"[[14, 8, 15, 7], [16, 2, 17, 1], [18, 24, 19, 23], [20, 12, 21, 11], [22, 14, 23, 13], [24, 18, 1, 17], [2, 6, 3, 5], [4, 10, 5, 9], [6, 16, 7, 15], [8, 4, 9, 3], [10, 20, 11, 19], [12, 22, 13, 21]]"
12a_0096_6,"[[12, 22, 13, 21], [14, 8, 15, 7], [16, 2, 17, 1], [18, 24, 19, 23], [20, 12, 21, 11], [22, 14, 23, 13], [24, 18, 1, 17], [2, 6, 3, 5], [4, 10, 5, 9], [6, 16, 7, 15], [8, 4, 9, 3], [10, 20, 11, 19]]"
12a_0096_7,"[[10, 20, 11, 19], [12, 22, 13, 21], [14, 8, 15, 7], [16, 2, 17, 1], [18, 24, 19, 23], [20, 12, 21, 11], [22, 14, 23, 13], [24, 18, 1, 17], [2, 6, 3, 5], [4, 10, 5, 9], [6, 16, 7, 15], [8, 4, 9, 3]]"
12a_0096_8,"[[8, 4, 9, 3], [10, 20, 11, 19], [12, 22, 13, 21], [14, 8, 15, 7], [16, 2, 17, 1], [18, 24, 19, 23], [20, 12, 21, 11], [22, 14, 23, 13], [24, 18, 1, 17], [2, 6, 3, 5], [4, 10, 5, 9], [6, 16, 7, 15]]"
12a_0096_9,"[[6, 16, 7, 15], [8, 4, 9, 3], [10, 20, 11, 19], [12, 22, 13, 21], [14, 8, 15, 7], [16, 2, 17, 1], [18, 24, 19, 23], [20, 12, 21, 11], [22, 14, 23, 13], [24, 18, 1, 17], [2, 6, 3, 5], [4, 10, 5, 9]]"
12a_0096_10,"[[4, 10, 5, 9], [6, 16, 7, 15], [8, 4, 9, 3], [10, 20, 11, 19], [12, 22, 13, 21], [14, 8, 15, 7], [16, 2, 17, 1], [18, 24, 19, 23], [20, 12, 21, 11], [22, 14, 23, 13], [24, 18, 1, 17], [2, 6, 3, 5]]"
12a_0096_11,"[[2, 6, 3, 5], [4, 10, 5, 9], [6, 16, 7, 15], [8, 4, 9, 3], [10, 20, 11, 19], [12, 22, 13, 21], [14, 8, 15, 7], [16, 2, 17, 1], [18, 24, 19, 23], [20, 12, 21, 11], [22, 14, 23, 13], [24, 18, 1, 17]]"
12a_0096_12,"[[1, 19, 2, 18], [3, 7, 4, 6], [5, 11, 6, 10], [7, 17, 8, 16], [9, 5, 10, 4], [11, 21, 12, 20], [13, 23, 14, 22], [15, 9, 16, 8], [17, 3, 18, 2], [19, 1, 20, 24], [21, 13, 22, 12], [23, 15, 24, 14]]"
12a_0096_13,"[[23, 15, 24, 14], [1, 19, 2, 18], [3, 7, 4, 6], [5, 11, 6, 10], [7, 17, 8, 16], [9, 5, 10, 4], [11, 21, 12, 20], [13, 23, 14, 22], [15, 9, 16, 8], [17, 3, 18, 2], [19, 1, 20, 24], [21, 13, 22, 12]]"
12a_0096_14,"[[21, 13, 22, 12], [23, 15, 24, 14], [1, 19, 2, 18], [3, 7, 4, 6], [5, 11, 6, 10], [7, 17, 8, 16], [9, 5, 10, 4], [11, 21, 12, 20], [13, 23, 14, 22], [15, 9, 16, 8], [17, 3, 18, 2], [19, 1, 20, 24]]"
12a_0096_15,"[[19, 1, 20, 24], [21, 13, 22, 12], [23, 15, 24, 14], [1, 19, 2, 18], [3, 7, 4, 6], [5, 11, 6, 10], [7, 17, 8, 16], [9, 5, 10, 4], [11, 21, 12, 20], [13, 23, 14, 22], [15, 9, 16, 8], [17, 3, 18, 2]]"
12a_0096_16,"[[17, 3, 18, 2], [19, 1, 20, 24], [21, 13, 22, 12], [23, 15, 24, 14], [1, 19, 2, 18], [3, 7, 4, 6], [5, 11, 6, 10], [7, 17, 8, 16], [9, 5, 10, 4], [11, 21, 12, 20], [13, 23, 14, 22], [15, 9, 16, 8]]"
12a_0096_17,"[[15, 9, 16, 8], [17, 3, 18, 2], [19, 1, 20, 24], [21, 13, 22, 12], [23, 15, 24, 14], [1, 19, 2, 18], [3, 7, 4, 6], [5, 11, 6, 10], [7, 17, 8, 16], [9, 5, 10, 4], [11, 21, 12, 20], [13, 23, 14, 22]]"
12a_0096_18,"[[13, 23, 14, 22], [15, 9, 16, 8], [17, 3, 18, 2], [19, 1, 20, 24], [21, 13, 22, 12], [23, 15, 24, 14], [1, 19, 2, 18], [3, 7, 4, 6], [5, 11, 6, 10], [7, 17, 8, 16], [9, 5, 10, 4], [11, 21, 12, 20]]"
12a_0096_19,"[[11, 21, 12, 20], [13, 23, 14, 22], [15, 9, 16, 8], [17, 3, 18, 2], [19, 1, 20, 24], [21, 13, 22, 12], [23, 15, 24, 14], [1, 19, 2, 18], [3, 7, 4, 6], [5, 11, 6, 10], [7, 17, 8, 16], [9, 5, 10, 4]]"
12a_0096_20,"[[9, 5, 10, 4], [11, 21, 12, 20], [13, 23, 14, 22], [15, 9, 16, 8], [17, 3, 18, 2], [19, 1, 20, 24], [21, 13, 22, 12], [23, 15, 24, 14], [1, 19, 2, 18], [3, 7, 4, 6], [5, 11, 6, 10], [7, 17, 8, 16]]"
12a_0096_21,"[[7, 17, 8, 16], [9, 5, 10, 4], [11, 21, 12, 20], [13, 23, 14, 22], [15, 9, 16, 8], [17, 3, 18, 2], [19, 1, 20, 24], [21, 13, 22, 12], [23, 15, 24, 14], [1, 19, 2, 18], [3, 7, 4, 6], [5, 11, 6, 10]]"
12a_0096_22,"[[5, 11, 6, 10], [7, 17, 8, 16], [9, 5, 10, 4], [11, 21, 12, 20], [13, 23, 14, 22], [15, 9, 16, 8], [17, 3, 18, 2], [19, 1, 20, 24], [21, 13, 22, 12], [23, 15, 24, 14], [1, 19, 2, 18], [3, 7, 4, 6]]"
12a_0096_23,"[[3, 7, 4, 6], [5, 11, 6, 10], [7, 17, 8, 16], [9, 5, 10, 4], [11, 21, 12, 20], [13, 23, 14, 22], [15, 9, 16, 8], [17, 3, 18, 2], [19, 1, 20, 24], [21, 13, 22, 12], [23, 15, 24, 14], [1, 19, 2, 18]]"
12a_0096_24,"[[2, 20, 3, 19], [4, 8, 5, 7], [6, 12, 7, 11], [8, 18, 9, 17], [10, 6, 11, 5], [12, 22, 13, 21], [14, 24, 15, 23], [16, 10, 17, 9], [18, 4, 19, 3], [20, 2, 21, 1], [22, 14, 23, 13], [24, 16, 1, 15]]"
12a_0096_25,"[[24, 16, 1, 15], [2, 20, 3, 19], [4, 8, 5, 7], [6, 12, 7, 11], [8, 18, 9, 17], [10, 6, 11, 5], [12, 22, 13, 21], [14, 24, 15, 23], [16, 10, 17, 9], [18, 4, 19, 3], [20, 2, 21, 1], [22, 14, 23, 13]]"
12a_0096_26,"[[22, 14, 23, 13], [24, 16, 1, 15], [2, 20, 3, 19], [4, 8, 5, 7], [6, 12, 7, 11], [8, 18, 9, 17], [10, 6, 11, 5], [12, 22, 13, 21], [14, 24, 15, 23], [16, 10, 17, 9], [18, 4, 19, 3], [20, 2, 21, 1]]"
12a_0096_27,"[[20, 2, 21, 1], [22, 14, 23, 13], [24, 16, 1, 15], [2, 20, 3, 19], [4, 8, 5, 7], [6, 12, 7, 11], [8, 18, 9, 17], [10, 6, 11, 5], [12, 22, 13, 21], [14, 24, 15, 23], [16, 10, 17, 9], [18, 4, 19, 3]]"
12a_0096_28,"[[18, 4, 19, 3], [20, 2, 21, 1], [22, 14, 23, 13], [24, 16, 1, 15], [2, 20, 3, 19], [4, 8, 5, 7], [6, 12, 7, 11], [8, 18, 9, 17], [10, 6, 11, 5], [12, 22, 13, 21], [14, 24, 15, 23], [16, 10, 17, 9]]"
12a_0096_29,"[[16, 10, 17, 9], [18, 4, 19, 3], [20, 2, 21, 1], [22, 14, 23, 13], [24, 16, 1, 15], [2, 20, 3, 19], [4, 8, 5, 7], [6, 12, 7, 11], [8, 18, 9, 17], [10, 6, 11, 5], [12, 22, 13, 21], [14, 24, 15, 23]]"
12a_0096_30,"[[14, 24, 15, 23], [16, 10, 17, 9], [18, 4, 19, 3], [20, 2, 21, 1], [22, 14, 23, 13], [24, 16, 1, 15], [2, 20, 3, 19], [4, 8, 5, 7], [6, 12, 7, 11], [8, 18, 9, 17], [10, 6, 11, 5], [12, 22, 13, 21]]"
12a_0096_31,"[[12, 22, 13, 21], [14, 24, 15, 23], [16, 10, 17, 9], [18, 4, 19, 3], [20, 2, 21, 1], [22, 14, 23, 13], [24, 16, 1, 15], [2, 20, 3, 19], [4, 8, 5, 7], [6, 12, 7, 11], [8, 18, 9, 17], [10, 6, 11, 5]]"
12a_0096_32,"[[10, 6, 11, 5], [12, 22, 13, 21], [14, 24, 15, 23], [16, 10, 17, 9], [18, 4, 19, 3], [20, 2, 21, 1], [22, 14, 23, 13], [24, 16, 1, 15], [2, 20, 3, 19], [4, 8, 5, 7], [6, 12, 7, 11], [8, 18, 9, 17]]"
12a_0096_33,"[[8, 18, 9, 17], [10, 6, 11, 5], [12, 22, 13, 21], [14, 24, 15, 23], [16, 10, 17, 9], [18, 4, 19, 3], [20, 2, 21, 1], [22, 14, 23, 13], [24, 16, 1, 15], [2, 20, 3, 19], [4, 8, 5, 7], [6, 12, 7, 11]]"
12a_0096_34,"[[6, 12, 7, 11], [8, 18, 9, 17], [10, 6, 11, 5], [12, 22, 13, 21], [14, 24, 15, 23], [16, 10, 17, 9], [18, 4, 19, 3], [20, 2, 21, 1], [22, 14, 23, 13], [24, 16, 1, 15], [2, 20, 3, 19], [4, 8, 5, 7]]"
12a_0096_35,"[[4, 8, 5, 7], [6, 12, 7, 11], [8, 18, 9, 17], [10, 6, 11, 5], [12, 22, 13, 21], [14, 24, 15, 23], [16, 10, 17, 9], [18, 4, 19, 3], [20, 2, 21, 1], [22, 14, 23, 13], [24, 16, 1, 15], [2, 20, 3, 19]]"
12a_0096_36,"[[3, 21, 4, 20], [5, 9, 6, 8], [7, 13, 8, 12], [9, 19, 10, 18], [11, 7, 12, 6], [13, 23, 14, 22], [15, 1, 16, 24], [17, 11, 18, 10], [19, 5, 20, 4], [21, 3, 22, 2], [23, 15, 24, 14], [1, 17, 2, 16]]"
12a_0096_37,"[[1, 17, 2, 16], [3, 21, 4, 20], [5, 9, 6, 8], [7, 13, 8, 12], [9, 19, 10, 18], [11, 7, 12, 6], [13, 23, 14, 22], [15, 1, 16, 24], [17, 11, 18, 10], [19, 5, 20, 4], [21, 3, 22, 2], [23, 15, 24, 14]]"
12a_0096_38,"[[23, 15, 24, 14], [1, 17, 2, 16], [3, 21, 4, 20], [5, 9, 6, 8], [7, 13, 8, 12], [9, 19, 10, 18], [11, 7, 12, 6], [13, 23, 14, 22], [15, 1, 16, 24], [17, 11, 18, 10], [19, 5, 20, 4], [21, 3, 22, 2]]"
12a_0096_39,"[[21, 3, 22, 2], [23, 15, 24, 14], [1, 17, 2, 16], [3, 21, 4, 20], [5, 9, 6, 8], [7, 13, 8, 12], [9, 19, 10, 18], [11, 7, 12, 6], [13, 23, 14, 22], [15, 1, 16, 24], [17, 11, 18, 10], [19, 5, 20, 4]]"
12a_0096_40,"[[19, 5, 20, 4], [21, 3, 22, 2], [23, 15, 24, 14], [1, 17, 2, 16], [3, 21, 4, 20], [5, 9, 6, 8], [7, 13, 8, 12], [9, 19, 10, 18], [11, 7, 12, 6], [13, 23, 14, 22], [15, 1, 16, 24], [17, 11, 18, 10]]"
12a_0096_41,"[[17, 11, 18, 10], [19, 5, 20, 4], [21, 3, 22, 2], [23, 15, 24, 14], [1, 17, 2, 16], [3, 21, 4, 20], [5, 9, 6, 8], [7, 13, 8, 12], [9, 19, 10, 18], [11, 7, 12, 6], [13, 23, 14, 22], [15, 1, 16, 24]]"
12a_0096_42,"[[15, 1, 16, 24], [17, 11, 18, 10], [19, 5, 20, 4], [21, 3, 22, 2], [23, 15, 24, 14], [1, 17, 2, 16], [3, 21, 4, 20], [5, 9, 6, 8], [7, 13, 8, 12], [9, 19, 10, 18], [11, 7, 12, 6], [13, 23, 14, 22]]"
12a_0096_43,"[[13, 23, 14, 22], [15, 1, 16, 24], [17, 11, 18, 10], [19, 5, 20, 4], [21, 3, 22, 2], [23, 15, 24, 14], [1, 17, 2, 16], [3, 21, 4, 20], [5, 9, 6, 8], [7, 13, 8, 12], [9, 19, 10, 18], [11, 7, 12, 6]]"
12a_0096_44,"[[11, 7, 12, 6], [13, 23, 14, 22], [15, 1, 16, 24], [17, 11, 18, 10], [19, 5, 20, 4], [21, 3, 22, 2], [23, 15, 24, 14], [1, 17, 2, 16], [3, 21, 4, 20], [5, 9, 6, 8], [7, 13, 8, 12], [9, 19, 10, 18]]"
12a_0096_45,"[[9, 19, 10, 18], [11, 7, 12, 6], [13, 23, 14, 22], [15, 1, 16, 24], [17, 11, 18, 10], [19, 5, 20, 4], [21, 3, 22, 2], [23, 15, 24, 14], [1, 17, 2, 16], [3, 21, 4, 20], [5, 9, 6, 8], [7, 13, 8, 12]]"
12a_0096_46,"[[7, 13, 8, 12], [9, 19, 10, 18], [11, 7, 12, 6], [13, 23, 14, 22], [15, 1, 16, 24], [17, 11, 18, 10], [19, 5, 20, 4], [21, 3, 22, 2], [23, 15, 24, 14], [1, 17, 2, 16], [3, 21, 4, 20], [5, 9, 6, 8]]"
12a_0096_47,"[[5, 9, 6, 8], [7, 13, 8, 12], [9, 19, 10, 18], [11, 7, 12, 6], [13, 23, 14, 22], [15, 1, 16, 24], [17, 11, 18, 10], [19, 5, 20, 4], [21, 3, 22, 2], [23, 15, 24, 14], [1, 17, 2, 16], [3, 21, 4, 20]]"
12a_0096_48,"[[4, 22, 5, 21], [6, 10, 7, 9], [8, 14, 9, 13], [10, 20, 11, 19], [12, 8, 13, 7], [14, 24, 15, 23], [16, 2, 17, 1], [18, 12, 19, 11], [20, 6, 21, 5], [22, 4, 23, 3], [24, 16, 1, 15], [2, 18, 3, 17]]"
12a_0096_49,"[[2, 18, 3, 17], [4, 22, 5, 21], [6, 10, 7, 9], [8, 14, 9, 13], [10, 20, 11, 19], [12, 8, 13, 7], [14, 24, 15, 23], [16, 2, 17, 1], [18, 12, 19, 11], [20, 6, 21, 5], [22, 4, 23, 3], [24, 16, 1, 15]]"
12a_0096_50,"[[24, 16, 1, 15], [2, 18, 3, 17], [4, 22, 5, 21], [6, 10, 7, 9], [8, 14, 9, 13], [10, 20, 11, 19], [12, 8, 13, 7], [14, 24, 15, 23], [16, 2, 17, 1], [18, 12, 19, 11], [20, 6, 21, 5], [22, 4, 23, 3]]"
12a_0096_51,"[[22, 4, 23, 3], [24, 16, 1, 15], [2, 18, 3, 17], [4, 22, 5, 21], [6, 10, 7, 9], [8, 14, 9, 13], [10, 20, 11, 19], [12, 8, 13, 7], [14, 24, 15, 23], [16, 2, 17, 1], [18, 12, 19, 11], [20, 6, 21, 5]]"
12a_0096_52,"[[20, 6, 21, 5], [22, 4, 23, 3], [24, 16, 1, 15], [2, 18, 3, 17], [4, 22, 5, 21], [6, 10, 7, 9], [8, 14, 9, 13], [10, 20, 11, 19], [12, 8, 13, 7], [14, 24, 15, 23], [16, 2, 17, 1], [18, 12, 19, 11]]"
12a_0096_53,"[[18, 12, 19, 11], [20, 6, 21, 5], [22, 4, 23, 3], [24, 16, 1, 15], [2, 18, 3, 17], [4, 22, 5, 21], [6, 10, 7, 9], [8, 14, 9, 13], [10, 20, 11, 19], [12, 8, 13, 7], [14, 24, 15, 23], [16, 2, 17, 1]]"
12a_0096_54,"[[16, 2, 17, 1], [18, 12, 19, 11], [20, 6, 21, 5], [22, 4, 23, 3], [24, 16, 1, 15], [2, 18, 3, 17], [4, 22, 5, 21], [6, 10, 7, 9], [8, 14, 9, 13], [10, 20, 11, 19], [12, 8, 13, 7], [14, 24, 15, 23]]"
12a_0096_55,"[[14, 24, 15, 23], [16, 2, 17, 1], [18, 12, 19, 11], [20, 6, 21, 5], [22, 4, 23, 3], [24, 16, 1, 15], [2, 18, 3, 17], [4, 22, 5, 21], [6, 10, 7, 9], [8, 14, 9, 13], [10, 20, 11, 19], [12, 8, 13, 7]]"
12a_0096_56,"[[12, 8, 13, 7], [14, 24, 15, 23], [16, 2, 17, 1], [18, 12, 19, 11], [20, 6, 21, 5], [22, 4, 23, 3], [24, 16, 1, 15], [2, 18, 3, 17], [4, 22, 5, 21], [6, 10, 7, 9], [8, 14, 9, 13], [10, 20, 11, 19]]"
12a_0096_57,"[[10, 20, 11, 19], [12, 8, 13, 7], [14, 24, 15, 23], [16, 2, 17, 1], [18, 12, 19, 11], [20, 6, 21, 5], [22, 4, 23, 3], [24, 16, 1, 15], [2, 18, 3, 17], [4, 22, 5, 21], [6, 10, 7, 9], [8, 14, 9, 13]]"
12a_0096_58,"[[8, 14, 9, 13], [10, 20, 11, 19], [12, 8, 13, 7], [14, 24, 15, 23], [16, 2, 17, 1], [18, 12, 19, 11], [20, 6, 21, 5], [22, 4, 23, 3], [24, 16, 1, 15], [2, 18, 3, 17], [4, 22, 5, 21], [6, 10, 7, 9]]"
12a_0096_59,"[[6, 10, 7, 9], [8, 14, 9, 13], [10, 20, 11, 19], [12, 8, 13, 7], [14, 24, 15, 23], [16, 2, 17, 1], [18, 12, 19, 11], [20, 6, 21, 5], [22, 4, 23, 3], [24, 16, 1, 15], [2, 18, 3, 17], [4, 22, 5, 21]]"
12a_0096_60,"[[5, 23, 6, 22], [7, 11, 8, 10], [9, 15, 10, 14], [11, 21, 12, 20], [13, 9, 14, 8], [15, 1, 16, 24], [17, 3, 18, 2], [19, 13, 20, 12], [21, 7, 22, 6], [23, 5, 24, 4], [1, 17, 2, 16], [3, 19, 4, 18]]"
12a_0096_61,"[[3, 19, 4, 18], [5, 23, 6, 22], [7, 11, 8, 10], [9, 15, 10, 14], [11, 21, 12, 20], [13, 9, 14, 8], [15, 1, 16, 24], [17, 3, 18, 2], [19, 13, 20, 12], [21, 7, 22, 6], [23, 5, 24, 4], [1, 17, 2, 16]]"
12a_0096_62,"[[1, 17, 2, 16], [3, 19, 4, 18], [5, 23, 6, 22], [7, 11, 8, 10], [9, 15, 10, 14], [11, 21, 12, 20], [13, 9, 14, 8], [15, 1, 16, 24], [17, 3, 18, 2], [19, 13, 20, 12], [21, 7, 22, 6], [23, 5, 24, 4]]"
12a_0096_63,"[[23, 5, 24, 4], [1, 17, 2, 16], [3, 19, 4, 18], [5, 23, 6, 22], [7, 11, 8, 10], [9, 15, 10, 14], [11, 21, 12, 20], [13, 9, 14, 8], [15, 1, 16, 24], [17, 3, 18, 2], [19, 13, 20, 12], [21, 7, 22, 6]]"
12a_0096_64,"[[21, 7, 22, 6], [23, 5, 24, 4], [1, 17, 2, 16], [3, 19, 4, 18], [5, 23, 6, 22], [7, 11, 8, 10], [9, 15, 10, 14], [11, 21, 12, 20], [13, 9, 14, 8], [15, 1, 16, 24], [17, 3, 18, 2], [19, 13, 20, 12]]"
12a_0096_65,"[[19, 13, 20, 12], [21, 7, 22, 6], [23, 5, 24, 4], [1, 17, 2, 16], [3, 19, 4, 18], [5, 23, 6, 22], [7, 11, 8, 10], [9, 15, 10, 14], [11, 21, 12, 20], [13, 9, 14, 8], [15, 1, 16, 24], [17, 3, 18, 2]]"
12a_0096_66,"[[17, 3, 18, 2], [19, 13, 20, 12], [21, 7, 22, 6], [23, 5, 24, 4], [1, 17, 2, 16], [3, 19, 4, 18], [5, 23, 6, 22], [7, 11, 8, 10], [9, 15, 10, 14], [11, 21, 12, 20], [13, 9, 14, 8], [15, 1, 16, 24]]"
12a_0096_67,"[[15, 1, 16, 24], [17, 3, 18, 2], [19, 13, 20, 12], [21, 7, 22, 6], [23, 5, 24, 4], [1, 17, 2, 16], [3, 19, 4, 18], [5, 23, 6, 22], [7, 11, 8, 10], [9, 15, 10, 14], [11, 21, 12, 20], [13, 9, 14, 8]]"
12a_0096_68,"[[13, 9, 14, 8], [15, 1, 16, 24], [17, 3, 18, 2], [19, 13, 20, 12], [21, 7, 22, 6], [23, 5, 24, 4], [1, 17, 2, 16], [3, 19, 4, 18], [5, 23, 6, 22], [7, 11, 8, 10], [9, 15, 10, 14], [11, 21, 12, 20]]"
12a_0096_69,"[[11, 21, 12, 20], [13, 9, 14, 8], [15, 1, 16, 24], [17, 3, 18, 2], [19, 13, 20, 12], [21, 7, 22, 6], [23, 5, 24, 4], [1, 17, 2, 16], [3, 19, 4, 18], [5, 23, 6, 22], [7, 11, 8, 10], [9, 15, 10, 14]]"
12a_0096_70,"[[9, 15, 10, 14], [11, 21, 12, 20], [13, 9, 14, 8], [15, 1, 16, 24], [17, 3, 18, 2], [19, 13, 20, 12], [21, 7, 22, 6], [23, 5, 24, 4], [1, 17, 2, 16], [3, 19, 4, 18], [5, 23, 6, 22], [7, 11, 8, 10]]"
12a_0096_71,"[[7, 11, 8, 10], [9, 15, 10, 14], [11, 21, 12, 20], [13, 9, 14, 8], [15, 1, 16, 24], [17, 3, 18, 2], [19, 13, 20, 12], [21, 7, 22, 6], [23, 5, 24, 4], [1, 17, 2, 16], [3, 19, 4, 18], [5, 23, 6, 22]]"
12a_0096_72,"[[6, 24, 7, 23], [8, 12, 9, 11], [10, 16, 11, 15], [12, 22, 13, 21], [14, 10, 15, 9], [16, 2, 17, 1], [18, 4, 19, 3], [20, 14, 21, 13], [22, 8, 23, 7], [24, 6, 1, 5], [2, 18, 3, 17], [4, 20, 5, 19]]"
12a_0096_73,"[[4, 20, 5, 19], [6, 24, 7, 23], [8, 12, 9, 11], [10, 16, 11, 15], [12, 22, 13, 21], [14, 10, 15, 9], [16, 2, 17, 1], [18, 4, 19, 3], [20, 14, 21, 13], [22, 8, 23, 7], [24, 6, 1, 5], [2, 18, 3, 17]]"
12a_0096_74,"[[2, 18, 3, 17], [4, 20, 5, 19], [6, 24, 7, 23], [8, 12, 9, 11], [10, 16, 11, 15], [12, 22, 13, 21], [14, 10, 15, 9], [16, 2, 17, 1], [18, 4, 19, 3], [20, 14, 21, 13], [22, 8, 23, 7], [24, 6, 1, 5]]"
12a_0096_75,"[[24, 6, 1, 5], [2, 18, 3, 17], [4, 20, 5, 19], [6, 24, 7, 23], [8, 12, 9, 11], [10, 16, 11, 15], [12, 22, 13, 21], [14, 10, 15, 9], [16, 2, 17, 1], [18, 4, 19, 3], [20, 14, 21, 13], [22, 8, 23, 7]]"
12a_0096_76,"[[22, 8, 23, 7], [24, 6, 1, 5], [2, 18, 3, 17], [4, 20, 5, 19], [6, 24, 7, 23], [8, 12, 9, 11], [10, 16, 11, 15], [12, 22, 13, 21], [14, 10, 15, 9], [16, 2, 17, 1], [18, 4, 19, 3], [20, 14, 21, 13]]"
12a_0096_77,"[[20, 14, 21, 13], [22, 8, 23, 7], [24, 6, 1, 5], [2, 18, 3, 17], [4, 20, 5, 19], [6, 24, 7, 23], [8, 12, 9, 11], [10, 16, 11, 15], [12, 22, 13, 21], [14, 10, 15, 9], [16, 2, 17, 1], [18, 4, 19, 3]]"
12a_0096_78,"[[18, 4, 19, 3], [20, 14, 21, 13], [22, 8, 23, 7], [24, 6, 1, 5], [2, 18, 3, 17], [4, 20, 5, 19], [6, 24, 7, 23], [8, 12, 9, 11], [10, 16, 11, 15], [12, 22, 13, 21], [14, 10, 15, 9], [16, 2, 17, 1]]"
12a_0096_79,"[[16, 2, 17, 1], [18, 4, 19, 3], [20, 14, 21, 13], [22, 8, 23, 7], [24, 6, 1, 5], [2, 18, 3, 17], [4, 20, 5, 19], [6, 24, 7, 23], [8, 12, 9, 11], [10, 16, 11, 15], [12, 22, 13, 21], [14, 10, 15, 9]]"
12a_0096_80,"[[14, 10, 15, 9], [16, 2, 17, 1], [18, 4, 19, 3], [20, 14, 21, 13], [22, 8, 23, 7], [24, 6, 1, 5], [2, 18, 3, 17], [4, 20, 5, 19], [6, 24, 7, 23], [8, 12, 9, 11], [10, 16, 11, 15], [12, 22, 13, 21]]"
12a_0096_81,"[[12, 22, 13, 21], [14, 10, 15, 9], [16, 2, 17, 1], [18, 4, 19, 3], [20, 14, 21, 13], [22, 8, 23, 7], [24, 6, 1, 5], [2, 18, 3, 17], [4, 20, 5, 19], [6, 24, 7, 23], [8, 12, 9, 11], [10, 16, 11, 15]]"
12a_0096_82,"[[10, 16, 11, 15], [12, 22, 13, 21], [14, 10, 15, 9], [16, 2, 17, 1], [18, 4, 19, 3], [20, 14, 21, 13], [22, 8, 23, 7], [24, 6, 1, 5], [2, 18, 3, 17], [4, 20, 5, 19], [6, 24, 7, 23], [8, 12, 9, 11]]"
12a_0096_83,"[[8, 12, 9, 11], [10, 16, 11, 15], [12, 22, 13, 21], [14, 10, 15, 9], [16, 2, 17, 1], [18, 4, 19, 3], [20, 14, 21, 13], [22, 8, 23, 7], [24, 6, 1, 5], [2, 18, 3, 17], [4, 20, 5, 19], [6, 24, 7, 23]]"
12a_0096_84,"[[7, 1, 8, 24], [9, 13, 10, 12], [11, 17, 12, 16], [13, 23, 14, 22], [15, 11, 16, 10], [17, 3, 18, 2], [19, 5, 20, 4], [21, 15, 22, 14], [23, 9, 24, 8], [1, 7, 2, 6], [3, 19, 4, 18], [5, 21, 6, 20]]"
12a_0096_85,"[[5, 21, 6, 20], [7, 1, 8, 24], [9, 13, 10, 12], [11, 17, 12, 16], [13, 23, 14, 22], [15, 11, 16, 10], [17, 3, 18, 2], [19, 5, 20, 4], [21, 15, 22, 14], [23, 9, 24, 8], [1, 7, 2, 6], [3, 19, 4, 18]]"
12a_0096_86,"[[3, 19, 4, 18], [5, 21, 6, 20], [7, 1, 8, 24], [9, 13, 10, 12], [11, 17, 12, 16], [13, 23, 14, 22], [15, 11, 16, 10], [17, 3, 18, 2], [19, 5, 20, 4], [21, 15, 22, 14], [23, 9, 24, 8], [1, 7, 2, 6]]"
12a_0096_87,"[[1, 7, 2, 6], [3, 19, 4, 18], [5, 21, 6, 20], [7, 1, 8, 24], [9, 13, 10, 12], [11, 17, 12, 16], [13, 23, 14, 22], [15, 11, 16, 10], [17, 3, 18, 2], [19, 5, 20, 4], [21, 15, 22, 14], [23, 9, 24, 8]]"
12a_0096_88,"[[23, 9, 24, 8], [1, 7, 2, 6], [3, 19, 4, 18], [5, 21, 6, 20], [7, 1, 8, 24], [9, 13, 10, 12], [11, 17, 12, 16], [13, 23, 14, 22], [15, 11, 16, 10], [17, 3, 18, 2], [19, 5, 20, 4], [21, 15, 22, 14]]"
12a_0096_89,"[[21, 15, 22, 14], [23, 9, 24, 8], [1, 7, 2, 6], [3, 19, 4, 18], [5, 21, 6, 20], [7, 1, 8, 24], [9, 13, 10, 12], [11, 17, 12, 16], [13, 23, 14, 22], [15, 11, 16, 10], [17, 3, 18, 2], [19, 5, 20, 4]]"
12a_0096_90,"[[19, 5, 20, 4], [21, 15, 22, 14], [23, 9, 24, 8], [1, 7, 2, 6], [3, 19, 4, 18], [5, 21, 6, 20], [7, 1, 8, 24], [9, 13, 10, 12], [11, 17, 12, 16], [13, 23, 14, 22], [15, 11, 16, 10], [17, 3, 18, 2]]"
12a_0096_91,"[[17, 3, 18, 2], [19, 5, 20, 4], [21, 15, 22, 14], [23, 9, 24, 8], [1, 7, 2, 6], [3, 19, 4, 18], [5, 21, 6, 20], [7, 1, 8, 24], [9, 13, 10, 12], [11, 17, 12, 16], [13, 23, 14, 22], [15, 11, 16, 10]]"
12a_0096_92,"[[15, 11, 16, 10], [17, 3, 18, 2], [19, 5, 20, 4], [21, 15, 22, 14], [23, 9, 24, 8], [1, 7, 2, 6], [3, 19, 4, 18], [5, 21, 6, 20], [7, 1, 8, 24], [9, 13, 10, 12], [11, 17, 12, 16], [13, 23, 14, 22]]"
12a_0096_93,"[[13, 23, 14, 22], [15, 11, 16, 10], [17, 3, 18, 2], [19, 5, 20, 4], [21, 15, 22, 14], [23, 9, 24, 8], [1, 7, 2, 6], [3, 19, 4, 18], [5, 21, 6, 20], [7, 1, 8, 24], [9, 13, 10, 12], [11, 17, 12, 16]]"
12a_0096_94,"[[11, 17, 12, 16], [13, 23, 14, 22], [15, 11, 16, 10], [17, 3, 18, 2], [19, 5, 20, 4], [21, 15, 22, 14], [23, 9, 24, 8], [1, 7, 2, 6], [3, 19, 4, 18], [5, 21, 6, 20], [7, 1, 8, 24], [9, 13, 10, 12]]"
12a_0096_95,"[[9, 13, 10, 12], [11, 17, 12, 16], [13, 23, 14, 22], [15, 11, 16, 10], [17, 3, 18, 2], [19, 5, 20, 4], [21, 15, 22, 14], [23, 9, 24, 8], [1, 7, 2, 6], [3, 19, 4, 18], [5, 21, 6, 20], [7, 1, 8, 24]]"
12a_0096_96,"[[8, 2, 9, 1], [10, 14, 11, 13], [12, 18, 13, 17], [14, 24, 15, 23], [16, 12, 17, 11], [18, 4, 19, 3], [20, 6, 21, 5], [22, 16, 23, 15], [24, 10, 1, 9], [2, 8, 3, 7], [4, 20, 5, 19], [6, 22, 7, 21]]"
12a_0096_97,"[[6, 22, 7, 21], [8, 2, 9, 1], [10, 14, 11, 13], [12, 18, 13, 17], [14, 24, 15, 23], [16, 12, 17, 11], [18, 4, 19, 3], [20, 6, 21, 5], [22, 16, 23, 15], [24, 10, 1, 9], [2, 8, 3, 7], [4, 20, 5, 19]]"
12a_0096_98,"[[4, 20, 5, 19], [6, 22, 7, 21], [8, 2, 9, 1], [10, 14, 11, 13], [12, 18, 13, 17], [14, 24, 15, 23], [16, 12, 17, 11], [18, 4, 19, 3], [20, 6, 21, 5], [22, 16, 23, 15], [24, 10, 1, 9], [2, 8, 3, 7]]"
12a_0096_99,"[[2, 8, 3, 7], [4, 20, 5, 19], [6, 22, 7, 21], [8, 2, 9, 1], [10, 14, 11, 13], [12, 18, 13, 17], [14, 24, 15, 23], [16, 12, 17, 11], [18, 4, 19, 3], [20, 6, 21, 5], [22, 16, 23, 15], [24, 10, 1, 9]]"
12a_0096_100,"[[24, 10, 1, 9], [2, 8, 3, 7], [4, 20, 5, 19], [6, 22, 7, 21], [8, 2, 9, 1], [10, 14, 11, 13], [12, 18, 13, 17], [14, 24, 15, 23], [16, 12, 17, 11], [18, 4, 19, 3], [20, 6, 21, 5], [22, 16, 23, 15]]"
12a_0096_101,"[[22, 16, 23, 15], [24, 10, 1, 9], [2, 8, 3, 7], [4, 20, 5, 19], [6, 22, 7, 21], [8, 2, 9, 1], [10, 14, 11, 13], [12, 18, 13, 17], [14, 24, 15, 23], [16, 12, 17, 11], [18, 4, 19, 3], [20, 6, 21, 5]]"
12a_0096_102,"[[20, 6, 21, 5], [22, 16, 23, 15], [24, 10, 1, 9], [2, 8, 3, 7], [4, 20, 5, 19], [6, 22, 7, 21], [8, 2, 9, 1], [10, 14, 11, 13], [12, 18, 13, 17], [14, 24, 15, 23], [16, 12, 17, 11], [18, 4, 19, 3]]"
12a_0096_103,"[[18, 4, 19, 3], [20, 6, 21, 5], [22, 16, 23, 15], [24, 10, 1, 9], [2, 8, 3, 7], [4, 20, 5, 19], [6, 22, 7, 21], [8, 2, 9, 1], [10, 14, 11, 13], [12, 18, 13, 17], [14, 24, 15, 23], [16, 12, 17, 11]]"
12a_0096_104,"[[16, 12, 17, 11], [18, 4, 19, 3], [20, 6, 21, 5], [22, 16, 23, 15], [24, 10, 1, 9], [2, 8, 3, 7], [4, 20, 5, 19], [6, 22, 7, 21], [8, 2, 9, 1], [10, 14, 11, 13], [12, 18, 13, 17], [14, 24, 15, 23]]"
12a_0096_105,"[[14, 24, 15, 23], [16, 12, 17, 11], [18, 4, 19, 3], [20, 6, 21, 5], [22, 16, 23, 15], [24, 10, 1, 9], [2, 8, 3, 7], [4, 20, 5, 19], [6, 22, 7, 21], [8, 2, 9, 1], [10, 14, 11, 13], [12, 18, 13, 17]]"
12a_0096_106,"[[12, 18, 13, 17], [14, 24, 15, 23], [16, 12, 17, 11], [18, 4, 19, 3], [20, 6, 21, 5], [22, 16, 23, 15], [24, 10, 1, 9], [2, 8, 3, 7], [4, 20, 5, 19], [6, 22, 7, 21], [8, 2, 9, 1], [10, 14, 11, 13]]"
12a_0096_107,"[[10, 14, 11, 13], [12, 18, 13, 17], [14, 24, 15, 23], [16, 12, 17, 11], [18, 4, 19, 3], [20, 6, 21, 5], [22, 16, 23, 15], [24, 10, 1, 9], [2, 8, 3, 7], [4, 20, 5, 19], [6, 22, 7, 21], [8, 2, 9, 1]]"
12a_0096_108,"[[9, 3, 10, 2], [11, 15, 12, 14], [13, 19, 14, 18], [15, 1, 16, 24], [17, 13, 18, 12], [19, 5, 20, 4], [21, 7, 22, 6], [23, 17, 24, 16], [1, 11, 2, 10], [3, 9, 4, 8], [5, 21, 6, 20], [7, 23, 8, 22]]"
12a_0096_109,"[[7, 23, 8, 22], [9, 3, 10, 2], [11, 15, 12, 14], [13, 19, 14, 18], [15, 1, 16, 24], [17, 13, 18, 12], [19, 5, 20, 4], [21, 7, 22, 6], [23, 17, 24, 16], [1, 11, 2, 10], [3, 9, 4, 8], [5, 21, 6, 20]]"
12a_0096_110,"[[5, 21, 6, 20], [7, 23, 8, 22], [9, 3, 10, 2], [11, 15, 12, 14], [13, 19, 14, 18], [15, 1, 16, 24], [17, 13, 18, 12], [19, 5, 20, 4], [21, 7, 22, 6], [23, 17, 24, 16], [1, 11, 2, 10], [3, 9, 4, 8]]"
12a_0096_111,"[[3, 9, 4, 8], [5, 21, 6, 20], [7, 23, 8, 22], [9, 3, 10, 2], [11, 15, 12, 14], [13, 19, 14, 18], [15, 1, 16, 24], [17, 13, 18, 12], [19, 5, 20, 4], [21, 7, 22, 6], [23, 17, 24, 16], [1, 11, 2, 10]]"
12a_0096_112,"[[1, 11, 2, 10], [3, 9, 4, 8], [5, 21, 6, 20], [7, 23, 8, 22], [9, 3, 10, 2], [11, 15, 12, 14], [13, 19, 14, 18], [15, 1, 16, 24], [17, 13, 18, 12], [19, 5, 20, 4], [21, 7, 22, 6], [23, 17, 24, 16]]"
12a_0096_113,"[[23, 17, 24, 16], [1, 11, 2, 10], [3, 9, 4, 8], [5, 21, 6, 20], [7, 23, 8, 22], [9, 3, 10, 2], [11, 15, 12, 14], [13, 19, 14, 18], [15, 1, 16, 24], [17, 13, 18, 12], [19, 5, 20, 4], [21, 7, 22, 6]]"
12a_0096_114,"[[21, 7, 22, 6], [23, 17, 24, 16], [1, 11, 2, 10], [3, 9, 4, 8], [5, 21, 6, 20], [7, 23, 8, 22], [9, 3, 10, 2], [11, 15, 12, 14], [13, 19, 14, 18], [15, 1, 16, 24], [17, 13, 18, 12], [19, 5, 20, 4]]"
12a_0096_115,"[[19, 5, 20, 4], [21, 7, 22, 6], [23, 17, 24, 16], [1, 11, 2, 10], [3, 9, 4, 8], [5, 21, 6, 20], [7, 23, 8, 22], [9, 3, 10, 2], [11, 15, 12, 14], [13, 19, 14, 18], [15, 1, 16, 24], [17, 13, 18, 12]]"
12a_0096_116,"[[17, 13, 18, 12], [19, 5, 20, 4], [21, 7, 22, 6], [23, 17, 24, 16], [1, 11, 2, 10], [3, 9, 4, 8], [5, 21, 6, 20], [7, 23, 8, 22], [9, 3, 10, 2], [11, 15, 12, 14], [13, 19, 14, 18], [15, 1, 16, 24]]"
12a_0096_117,"[[15, 1, 16, 24], [17, 13, 18, 12], [19, 5, 20, 4], [21, 7, 22, 6], [23, 17, 24, 16], [1, 11, 2, 10], [3, 9, 4, 8], [5, 21, 6, 20], [7, 23, 8, 22], [9, 3, 10, 2], [11, 15, 12, 14], [13, 19, 14, 18]]"
12a_0096_118,"[[13, 19, 14, 18], [15, 1, 16, 24], [17, 13, 18, 12], [19, 5, 20, 4], [21, 7, 22, 6], [23, 17, 24, 16], [1, 11, 2, 10], [3, 9, 4, 8], [5, 21, 6, 20], [7, 23, 8, 22], [9, 3, 10, 2], [11, 15, 12, 14]]"
12a_0096_119,"[[11, 15, 12, 14], [13, 19, 14, 18], [15, 1, 16, 24], [17, 13, 18, 12], [19, 5, 20, 4], [21, 7, 22, 6], [23, 17, 24, 16], [1, 11, 2, 10], [3, 9, 4, 8], [5, 21, 6, 20], [7, 23, 8, 22], [9, 3, 10, 2]]"
12a_0096_120,"[[10, 4, 11, 3], [12, 16, 13, 15], [14, 20, 15, 19], [16, 2, 17, 1], [18, 14, 19, 13], [20, 6, 21, 5], [22, 8, 23, 7], [24, 18, 1, 17], [2, 12, 3, 11], [4, 10, 5, 9], [6, 22, 7, 21], [8, 24, 9, 23]]"
12a_0096_121,"[[8, 24, 9, 23], [10, 4, 11, 3], [12, 16, 13, 15], [14, 20, 15, 19], [16, 2, 17, 1], [18, 14, 19, 13], [20, 6, 21, 5], [22, 8, 23, 7], [24, 18, 1, 17], [2, 12, 3, 11], [4, 10, 5, 9], [6, 22, 7, 21]]"
12a_0096_122,"[[6, 22, 7, 21], [8, 24, 9, 23], [10, 4, 11, 3], [12, 16, 13, 15], [14, 20, 15, 19], [16, 2, 17, 1], [18, 14, 19, 13], [20, 6, 21, 5], [22, 8, 23, 7], [24, 18, 1, 17], [2, 12, 3, 11], [4, 10, 5, 9]]"
12a_0096_123,"[[4, 10, 5, 9], [6, 22, 7, 21], [8, 24, 9, 23], [10, 4, 11, 3], [12, 16, 13, 15], [14, 20, 15, 19], [16, 2, 17, 1], [18, 14, 19, 13], [20, 6, 21, 5], [22, 8, 23, 7], [24, 18, 1, 17], [2, 12, 3, 11]]"
12a_0096_124,"[[2, 12, 3, 11], [4, 10, 5, 9], [6, 22, 7, 21], [8, 24, 9, 23], [10, 4, 11, 3], [12, 16, 13, 15], [14, 20, 15, 19], [16, 2, 17, 1], [18, 14, 19, 13], [20, 6, 21, 5], [22, 8, 23, 7], [24, 18, 1, 17]]"
12a_0096_125,"[[24, 18, 1, 17], [2, 12, 3, 11], [4, 10, 5, 9], [6, 22, 7, 21], [8, 24, 9, 23], [10, 4, 11, 3], [12, 16, 13, 15], [14, 20, 15, 19], [16, 2, 17, 1], [18, 14, 19, 13], [20, 6, 21, 5], [22, 8, 23, 7]]"
12a_0096_126,"[[22, 8, 23, 7], [24, 18, 1, 17], [2, 12, 3, 11], [4, 10, 5, 9], [6, 22, 7, 21], [8, 24, 9, 23], [10, 4, 11, 3], [12, 16, 13, 15], [14, 20, 15, 19], [16, 2, 17, 1], [18, 14, 19, 13], [20, 6, 21, 5]]"
12a_0096_127,"[[20, 6, 21, 5], [22, 8, 23, 7], [24, 18, 1, 17], [2, 12, 3, 11], [4, 10, 5, 9], [6, 22, 7, 21], [8, 24, 9, 23], [10, 4, 11, 3], [12, 16, 13, 15], [14, 20, 15, 19], [16, 2, 17, 1], [18, 14, 19, 13]]"
12a_0096_128,"[[18, 14, 19, 13], [20, 6, 21, 5], [22, 8, 23, 7], [24, 18, 1, 17], [2, 12, 3, 11], [4, 10, 5, 9], [6, 22, 7, 21], [8, 24, 9, 23], [10, 4, 11, 3], [12, 16, 13, 15], [14, 20, 15, 19], [16, 2, 17, 1]]"
12a_0096_129,"[[16, 2, 17, 1], [18, 14, 19, 13], [20, 6, 21, 5], [22, 8, 23, 7], [24, 18, 1, 17], [2, 12, 3, 11], [4, 10, 5, 9], [6, 22, 7, 21], [8, 24, 9, 23], [10, 4, 11, 3], [12, 16, 13, 15], [14, 20, 15, 19]]"
12a_0096_130,"[[14, 20, 15, 19], [16, 2, 17, 1], [18, 14, 19, 13], [20, 6, 21, 5], [22, 8, 23, 7], [24, 18, 1, 17], [2, 12, 3, 11], [4, 10, 5, 9], [6, 22, 7, 21], [8, 24, 9, 23], [10, 4, 11, 3], [12, 16, 13, 15]]"
12a_0096_131,"[[12, 16, 13, 15], [14, 20, 15, 19], [16, 2, 17, 1], [18, 14, 19, 13], [20, 6, 21, 5], [22, 8, 23, 7], [24, 18, 1, 17], [2, 12, 3, 11], [4, 10, 5, 9], [6, 22, 7, 21], [8, 24, 9, 23], [10, 4, 11, 3]]"
12a_0096_132,"[[11, 5, 12, 4], [13, 17, 14, 16], [15, 21, 16, 20], [17, 3, 18, 2], [19, 15, 20, 14], [21, 7, 22, 6], [23, 9, 24, 8], [1, 19, 2, 18], [3, 13, 4, 12], [5, 11, 6, 10], [7, 23, 8, 22], [9, 1, 10, 24]]"
12a_0096_133,"[[9, 1, 10, 24], [11, 5, 12, 4], [13, 17, 14, 16], [15, 21, 16, 20], [17, 3, 18, 2], [19, 15, 20, 14], [21, 7, 22, 6], [23, 9, 24, 8], [1, 19, 2, 18], [3, 13, 4, 12], [5, 11, 6, 10], [7, 23, 8, 22]]"
12a_0096_134,"[[7, 23, 8, 22], [9, 1, 10, 24], [11, 5, 12, 4], [13, 17, 14, 16], [15, 21, 16, 20], [17, 3, 18, 2], [19, 15, 20, 14], [21, 7, 22, 6], [23, 9, 24, 8], [1, 19, 2, 18], [3, 13, 4, 12], [5, 11, 6, 10]]"
12a_0096_135,"[[5, 11, 6, 10], [7, 23, 8, 22], [9, 1, 10, 24], [11, 5, 12, 4], [13, 17, 14, 16], [15, 21, 16, 20], [17, 3, 18, 2], [19, 15, 20, 14], [21, 7, 22, 6], [23, 9, 24, 8], [1, 19, 2, 18], [3, 13, 4, 12]]"
12a_0096_136,"[[3, 13, 4, 12], [5, 11, 6, 10], [7, 23, 8, 22], [9, 1, 10, 24], [11, 5, 12, 4], [13, 17, 14, 16], [15, 21, 16, 20], [17, 3, 18, 2], [19, 15, 20, 14], [21, 7, 22, 6], [23, 9, 24, 8], [1, 19, 2, 18]]"
12a_0096_137,"[[1, 19, 2, 18], [3, 13, 4, 12], [5, 11, 6, 10], [7, 23, 8, 22], [9, 1, 10, 24], [11, 5, 12, 4], [13, 17, 14, 16], [15, 21, 16, 20], [17, 3, 18, 2], [19, 15, 20, 14], [21, 7, 22, 6], [23, 9, 24, 8]]"
12a_0096_138,"[[23, 9, 24, 8], [1, 19, 2, 18], [3, 13, 4, 12], [5, 11, 6, 10], [7, 23, 8, 22], [9, 1, 10, 24], [11, 5, 12, 4], [13, 17, 14, 16], [15, 21, 16, 20], [17, 3, 18, 2], [19, 15, 20, 14], [21, 7, 22, 6]]"
12a_0096_139,"[[21, 7, 22, 6], [23, 9, 24, 8], [1, 19, 2, 18], [3, 13, 4, 12], [5, 11, 6, 10], [7, 23, 8, 22], [9, 1, 10, 24], [11, 5, 12, 4], [13, 17, 14, 16], [15, 21, 16, 20], [17, 3, 18, 2], [19, 15, 20, 14]]"
12a_0096_140,"[[19, 15, 20, 14], [21, 7, 22, 6], [23, 9, 24, 8], [1, 19, 2, 18], [3, 13, 4, 12], [5, 11, 6, 10], [7, 23, 8, 22], [9, 1, 10, 24], [11, 5, 12, 4], [13, 17, 14, 16], [15, 21, 16, 20], [17, 3, 18, 2]]"
12a_0096_141,"[[17, 3, 18, 2], [19, 15, 20, 14], [21, 7, 22, 6], [23, 9, 24, 8], [1, 19, 2, 18], [3, 13, 4, 12], [5, 11, 6, 10], [7, 23, 8, 22], [9, 1, 10, 24], [11, 5, 12, 4], [13, 17, 14, 16], [15, 21, 16, 20]]"
12a_0096_142,"[[15, 21, 16, 20], [17, 3, 18, 2], [19, 15, 20, 14], [21, 7, 22, 6], [23, 9, 24, 8], [1, 19, 2, 18], [3, 13, 4, 12], [5, 11, 6, 10], [7, 23, 8, 22], [9, 1, 10, 24], [11, 5, 12, 4], [13, 17, 14, 16]]"
12a_0096_143,"[[13, 17, 14, 16], [15, 21, 16, 20], [17, 3, 18, 2], [19, 15, 20, 14], [21, 7, 22, 6], [23, 9, 24, 8], [1, 19, 2, 18], [3, 13, 4, 12], [5, 11, 6, 10], [7, 23, 8, 22], [9, 1, 10, 24], [11, 5, 12, 4]]"
12a_0096_144,"[[12, 6, 13, 5], [14, 18, 15, 17], [16, 22, 17, 21], [18, 4, 19, 3], [20, 16, 21, 15], [22, 8, 23, 7], [24, 10, 1, 9], [2, 20, 3, 19], [4, 14, 5, 13], [6, 12, 7, 11], [8, 24, 9, 23], [10, 2, 11, 1]]"
12a_0096_145,"[[10, 2, 11, 1], [12, 6, 13, 5], [14, 18, 15, 17], [16, 22, 17, 21], [18, 4, 19, 3], [20, 16, 21, 15], [22, 8, 23, 7], [24, 10, 1, 9], [2, 20, 3, 19], [4, 14, 5, 13], [6, 12, 7, 11], [8, 24, 9, 23]]"
12a_0096_146,"[[8, 24, 9, 23], [10, 2, 11, 1], [12, 6, 13, 5], [14, 18, 15, 17], [16, 22, 17, 21], [18, 4, 19, 3], [20, 16, 21, 15], [22, 8, 23, 7], [24, 10, 1, 9], [2, 20, 3, 19], [4, 14, 5, 13], [6, 12, 7, 11]]"
12a_0096_147,"[[6, 12, 7, 11], [8, 24, 9, 23], [10, 2, 11, 1], [12, 6, 13, 5], [14, 18, 15, 17], [16, 22, 17, 21], [18, 4, 19, 3], [20, 16, 21, 15], [22, 8, 23, 7], [24, 10, 1, 9], [2, 20, 3, 19], [4, 14, 5, 13]]"
12a_0096_148,"[[4, 14, 5, 13], [6, 12, 7, 11], [8, 24, 9, 23], [10, 2, 11, 1], [12, 6, 13, 5], [14, 18, 15, 17], [16, 22, 17, 21], [18, 4, 19, 3], [20, 16, 21, 15], [22, 8, 23, 7], [24, 10, 1, 9], [2, 20, 3, 19]]"
12a_0096_149,"[[2, 20, 3, 19], [4, 14, 5, 13], [6, 12, 7, 11], [8, 24, 9, 23], [10, 2, 11, 1], [12, 6, 13, 5], [14, 18, 15, 17], [16, 22, 17, 21], [18, 4, 19, 3], [20, 16, 21, 15], [22, 8, 23, 7], [24, 10, 1, 9]]"
12a_0096_150,"[[24, 10, 1, 9], [2, 20, 3, 19], [4, 14, 5, 13], [6, 12, 7, 11], [8, 24, 9, 23], [10, 2, 11, 1], [12, 6, 13, 5], [14, 18, 15, 17], [16, 22, 17, 21], [18, 4, 19, 3], [20, 16, 21, 15], [22, 8, 23, 7]]"
12a_0096_151,"[[22, 8, 23, 7], [24, 10, 1, 9], [2, 20, 3, 19], [4, 14, 5, 13], [6, 12, 7, 11], [8, 24, 9, 23], [10, 2, 11, 1], [12, 6, 13, 5], [14, 18, 15, 17], [16, 22, 17, 21], [18, 4, 19, 3], [20, 16, 21, 15]]"
12a_0096_152,"[[20, 16, 21, 15], [22, 8, 23, 7], [24, 10, 1, 9], [2, 20, 3, 19], [4, 14, 5, 13], [6, 12, 7, 11], [8, 24, 9, 23], [10, 2, 11, 1], [12, 6, 13, 5], [14, 18, 15, 17], [16, 22, 17, 21], [18, 4, 19, 3]]"
12a_0096_153,"[[18, 4, 19, 3], [20, 16, 21, 15], [22, 8, 23, 7], [24, 10, 1, 9], [2, 20, 3, 19], [4, 14, 5, 13], [6, 12, 7, 11], [8, 24, 9, 23], [10, 2, 11, 1], [12, 6, 13, 5], [14, 18, 15, 17], [16, 22, 17, 21]]"
12a_0096_154,"[[16, 22, 17, 21], [18, 4, 19, 3], [20, 16, 21, 15], [22, 8, 23, 7], [24, 10, 1, 9], [2, 20, 3, 19], [4, 14, 5, 13], [6, 12, 7, 11], [8, 24, 9, 23], [10, 2, 11, 1], [12, 6, 13, 5], [14, 18, 15, 17]]"
12a_0096_155,"[[14, 18, 15, 17], [16, 22, 17, 21], [18, 4, 19, 3], [20, 16, 21, 15], [22, 8, 23, 7], [24, 10, 1, 9], [2, 20, 3, 19], [4, 14, 5, 13], [6, 12, 7, 11], [8, 24, 9, 23], [10, 2, 11, 1], [12, 6, 13, 5]]"
12a_0096_156,"[[13, 7, 14, 6], [15, 19, 16, 18], [17, 23, 18, 22], [19, 5, 20, 4], [21, 17, 22, 16], [23, 9, 24, 8], [1, 11, 2, 10], [3, 21, 4, 20], [5, 15, 6, 14], [7, 13, 8, 12], [9, 1, 10, 24], [11, 3, 12, 2]]"
12a_0096_157,"[[11, 3, 12, 2], [13, 7, 14, 6], [15, 19, 16, 18], [17, 23, 18, 22], [19, 5, 20, 4], [21, 17, 22, 16], [23, 9, 24, 8], [1, 11, 2, 10], [3, 21, 4, 20], [5, 15, 6, 14], [7, 13, 8, 12], [9, 1, 10, 24]]"
12a_0096_158,"[[9, 1, 10, 24], [11, 3, 12, 2], [13, 7, 14, 6], [15, 19, 16, 18], [17, 23, 18, 22], [19, 5, 20, 4], [21, 17, 22, 16], [23, 9, 24, 8], [1, 11, 2, 10], [3, 21, 4, 20], [5, 15, 6, 14], [7, 13, 8, 12]]"
12a_0096_159,"[[7, 13, 8, 12], [9, 1, 10, 24], [11, 3, 12, 2], [13, 7, 14, 6], [15, 19, 16, 18], [17, 23, 18, 22], [19, 5, 20, 4], [21, 17, 22, 16], [23, 9, 24, 8], [1, 11, 2, 10], [3, 21, 4, 20], [5, 15, 6, 14]]"
12a_0096_160,"[[5, 15, 6, 14], [7, 13, 8, 12], [9, 1, 10, 24], [11, 3, 12, 2], [13, 7, 14, 6], [15, 19, 16, 18], [17, 23, 18, 22], [19, 5, 20, 4], [21, 17, 22, 16], [23, 9, 24, 8], [1, 11, 2, 10], [3, 21, 4, 20]]"
12a_0096_161,"[[3, 21, 4, 20], [5, 15, 6, 14], [7, 13, 8, 12], [9, 1, 10, 24], [11, 3, 12, 2], [13, 7, 14, 6], [15, 19, 16, 18], [17, 23, 18, 22], [19, 5, 20, 4], [21, 17, 22, 16], [23, 9, 24, 8], [1, 11, 2, 10]]"
12a_0096_162,"[[1, 11, 2, 10], [3, 21, 4, 20], [5, 15, 6, 14], [7, 13, 8, 12], [9, 1, 10, 24], [11, 3, 12, 2], [13, 7, 14, 6], [15, 19, 16, 18], [17, 23, 18, 22], [19, 5, 20, 4], [21, 17, 22, 16], [23, 9, 24, 8]]"
12a_0096_163,"[[23, 9, 24, 8], [1, 11, 2, 10], [3, 21, 4, 20], [5, 15, 6, 14], [7, 13, 8, 12], [9, 1, 10, 24], [11, 3, 12, 2], [13, 7, 14, 6], [15, 19, 16, 18], [17, 23, 18, 22], [19, 5, 20, 4], [21, 17, 22, 16]]"
12a_0096_164,"[[21, 17, 22, 16], [23, 9, 24, 8], [1, 11, 2, 10], [3, 21, 4, 20], [5, 15, 6, 14], [7, 13, 8, 12], [9, 1, 10, 24], [11, 3, 12, 2], [13, 7, 14, 6], [15, 19, 16, 18], [17, 23, 18, 22], [19, 5, 20, 4]]"
12a_0096_165,"[[19, 5, 20, 4], [21, 17, 22, 16], [23, 9, 24, 8], [1, 11, 2, 10], [3, 21, 4, 20], [5, 15, 6, 14], [7, 13, 8, 12], [9, 1, 10, 24], [11, 3, 12, 2], [13, 7, 14, 6], [15, 19, 16, 18], [17, 23, 18, 22]]"
12a_0096_166,"[[17, 23, 18, 22], [19, 5, 20, 4], [21, 17, 22, 16], [23, 9, 24, 8], [1, 11, 2, 10], [3, 21, 4, 20], [5, 15, 6, 14], [7, 13, 8, 12], [9, 1, 10, 24], [11, 3, 12, 2], [13, 7, 14, 6], [15, 19, 16, 18]]"
12a_0096_167,"[[15, 19, 16, 18], [17, 23, 18, 22], [19, 5, 20, 4], [21, 17, 22, 16], [23, 9, 24, 8], [1, 11, 2, 10], [3, 21, 4, 20], [5, 15, 6, 14], [7, 13, 8, 12], [9, 1, 10, 24], [11, 3, 12, 2], [13, 7, 14, 6]]"
12a_0096_168,"[[14, 8, 15, 7], [16, 20, 17, 19], [18, 24, 19, 23], [20, 6, 21, 5], [22, 18, 23, 17], [24, 10, 1, 9], [2, 12, 3, 11], [4, 22, 5, 21], [6, 16, 7, 15], [8, 14, 9, 13], [10, 2, 11, 1], [12, 4, 13, 3]]"
12a_0096_169,"[[12, 4, 13, 3], [14, 8, 15, 7], [16, 20, 17, 19], [18, 24, 19, 23], [20, 6, 21, 5], [22, 18, 23, 17], [24, 10, 1, 9], [2, 12, 3, 11], [4, 22, 5, 21], [6, 16, 7, 15], [8, 14, 9, 13], [10, 2, 11, 1]]"
12a_0096_170,"[[10, 2, 11, 1], [12, 4, 13, 3], [14, 8, 15, 7], [16, 20, 17, 19], [18, 24, 19, 23], [20, 6, 21, 5], [22, 18, 23, 17], [24, 10, 1, 9], [2, 12, 3, 11], [4, 22, 5, 21], [6, 16, 7, 15], [8, 14, 9, 13]]"
12a_0096_171,"[[8, 14, 9, 13], [10, 2, 11, 1], [12, 4, 13, 3], [14, 8, 15, 7], [16, 20, 17, 19], [18, 24, 19, 23], [20, 6, 21, 5], [22, 18, 23, 17], [24, 10, 1, 9], [2, 12, 3, 11], [4, 22, 5, 21], [6, 16, 7, 15]]"
12a_0096_172,"[[6, 16, 7, 15], [8, 14, 9, 13], [10, 2, 11, 1], [12, 4, 13, 3], [14, 8, 15, 7], [16, 20, 17, 19], [18, 24, 19, 23], [20, 6, 21, 5], [22, 18, 23, 17], [24, 10, 1, 9], [2, 12, 3, 11], [4, 22, 5, 21]]"
12a_0096_173,"[[4, 22, 5, 21], [6, 16, 7, 15], [8, 14, 9, 13], [10, 2, 11, 1], [12, 4, 13, 3], [14, 8, 15, 7], [16, 20, 17, 19], [18, 24, 19, 23], [20, 6, 21, 5], [22, 18, 23, 17], [24, 10, 1, 9], [2, 12, 3, 11]]"
12a_0096_174,"[[2, 12, 3, 11], [4, 22, 5, 21], [6, 16, 7, 15], [8, 14, 9, 13], [10, 2, 11, 1], [12, 4, 13, 3], [14, 8, 15, 7], [16, 20, 17, 19], [18, 24, 19, 23], [20, 6, 21, 5], [22, 18, 23, 17], [24, 10, 1, 9]]"
12a_0096_175,"[[24, 10, 1, 9], [2, 12, 3, 11], [4, 22, 5, 21], [6, 16, 7, 15], [8, 14, 9, 13], [10, 2, 11, 1], [12, 4, 13, 3], [14, 8, 15, 7], [16, 20, 17, 19], [18, 24, 19, 23], [20, 6, 21, 5], [22, 18, 23, 17]]"
12a_0096_176,"[[22, 18, 23, 17], [24, 10, 1, 9], [2, 12, 3, 11], [4, 22, 5, 21], [6, 16, 7, 15], [8, 14, 9, 13], [10, 2, 11, 1], [12, 4, 13, 3], [14, 8, 15, 7], [16, 20, 17, 19], [18, 24, 19, 23], [20, 6, 21, 5]]"
12a_0096_177,"[[20, 6, 21, 5], [22, 18, 23, 17], [24, 10, 1, 9], [2, 12, 3, 11], [4, 22, 5, 21], [6, 16, 7, 15], [8, 14, 9, 13], [10, 2, 11, 1], [12, 4, 13, 3], [14, 8, 15, 7], [16, 20, 17, 19], [18, 24, 19, 23]]"
12a_0096_178,"[[18, 24, 19, 23], [20, 6, 21, 5], [22, 18, 23, 17], [24, 10, 1, 9], [2, 12, 3, 11], [4, 22, 5, 21], [6, 16, 7, 15], [8, 14, 9, 13], [10, 2, 11, 1], [12, 4, 13, 3], [14, 8, 15, 7], [16, 20, 17, 19]]"
12a_0096_179,"[[16, 20, 17, 19], [18, 24, 19, 23], [20, 6, 21, 5], [22, 18, 23, 17], [24, 10, 1, 9], [2, 12, 3, 11], [4, 22, 5, 21], [6, 16, 7, 15], [8, 14, 9, 13], [10, 2, 11, 1], [12, 4, 13, 3], [14, 8, 15, 7]]"
12a_0096_180,"[[15, 9, 16, 8], [17, 21, 18, 20], [19, 1, 20, 24], [21, 7, 22, 6], [23, 19, 24, 18], [1, 11, 2, 10], [3, 13, 4, 12], [5, 23, 6, 22], [7, 17, 8, 16], [9, 15, 10, 14], [11, 3, 12, 2], [13, 5, 14, 4]]"
12a_0096_181,"[[13, 5, 14, 4], [15, 9, 16, 8], [17, 21, 18, 20], [19, 1, 20, 24], [21, 7, 22, 6], [23, 19, 24, 18], [1, 11, 2, 10], [3, 13, 4, 12], [5, 23, 6, 22], [7, 17, 8, 16], [9, 15, 10, 14], [11, 3, 12, 2]]"
12a_0096_182,"[[11, 3, 12, 2], [13, 5, 14, 4], [15, 9, 16, 8], [17, 21, 18, 20], [19, 1, 20, 24], [21, 7, 22, 6], [23, 19, 24, 18], [1, 11, 2, 10], [3, 13, 4, 12], [5, 23, 6, 22], [7, 17, 8, 16], [9, 15, 10, 14]]"
12a_0096_183,"[[9, 15, 10, 14], [11, 3, 12, 2], [13, 5, 14, 4], [15, 9, 16, 8], [17, 21, 18, 20], [19, 1, 20, 24], [21, 7, 22, 6], [23, 19, 24, 18], [1, 11, 2, 10], [3, 13, 4, 12], [5, 23, 6, 22], [7, 17, 8, 16]]"
12a_0096_184,"[[7, 17, 8, 16], [9, 15, 10, 14], [11, 3, 12, 2], [13, 5, 14, 4], [15, 9, 16, 8], [17, 21, 18, 20], [19, 1, 20, 24], [21, 7, 22, 6], [23, 19, 24, 18], [1, 11, 2, 10], [3, 13, 4, 12], [5, 23, 6, 22]]"
12a_0096_185,"[[5, 23, 6, 22], [7, 17, 8, 16], [9, 15, 10, 14], [11, 3, 12, 2], [13, 5, 14, 4], [15, 9, 16, 8], [17, 21, 18, 20], [19, 1, 20, 24], [21, 7, 22, 6], [23, 19, 24, 18], [1, 11, 2, 10], [3, 13, 4, 12]]"
