name,pd_notation
12a_0005_0,"[[24, 22, 1, 21], [2, 6, 3, 5], [4, 9, 5, 10], [6, 12, 7, 11], [8, 16, 9, 15], [10, 3, 11, 4], [12, 20, 13, 19], [14, 8, 15, 7], [16, 23, 17, 24], [18, 14, 19, 13], [20, 2, 21, 1], [22, 17, 23, 18]]"
12a_0005_1,"[[22, 17, 23, 18], [24, 22, 1, 21], [2, 6, 3, 5], [4, 9, 5, 10], [6, 12, 7, 11], [8, 16, 9, 15], [10, 3, 11, 4], [12, 20, 13, 19], [14, 8, 15, 7], [16, 23, 17, 24], [18, 14, 19, 13], [20, 2, 21, 1]]"
12a_0005_2,"[[20, 2, 21, 1], [22, 17, 23, 18], [24, 22, 1, 21], [2, 6, 3, 5], [4, 9, 5, 10], [6, 12, 7, 11], [8, 16, 9, 15], [10, 3, 11, 4], [12, 20, 13, 19], [14, 8, 15, 7], [16, 23, 17, 24], [18, 14, 19, 13]]"
12a_0005_3,"[[18, 14, 19, 13], [20, 2, 21, 1], [22, 17, 23, 18], [24, 22, 1, 21], [2, 6, 3, 5], [4, 9, 5, 10], [6, 12, 7, 11], [8, 16, 9, 15], [10, 3, 11, 4], [12, 20, 13, 19], [14, 8, 15, 7], [16, 23, 17, 24]]"
12a_0005_4,"[[16, 23, 17, 24], [18, 14, 19, 13], [20, 2, 21, 1], [22, 17, 23, 18], [24, 22, 1, 21], [2, 6, 3, 5], [4, 9, 5, 10], [6, 12, 7, 11], [8, 16, 9, 15], [10, 3, 11, 4], [12, 20, 13, 19], [14, 8, 15, 7]]"
12a_0005_5,"[[14, 8, 15, 7], [16, 23, 17, 24], [18, 14, 19, 13], [20, 2, 21, 1], [22, 17, 23, 18], [24, 22, 1, 21], [2, 6, 3, 5], [4, 9, 5, 10], [6, 12, 7, 11], [8, 16, 9, 15], [10, 3, 11, 4], [12, 20, 13, 19]]"
12a_0005_6,"[[12, 20, 13, 19], [14, 8, 15, 7], [16, 23, 17, 24], [18, 14, 19, 13], [20, 2, 21, 1], [22, 17, 23, 18], [24, 22, 1, 21], [2, 6, 3, 5], [4, 9, 5, 10], [6, 12, 7, 11], [8, 16, 9, 15], [10, 3, 11, 4]]"
12a_0005_7,"[[10, 3, 11, 4], [12, 20, 13, 19], [14, 8, 15, 7], [16, 23, 17, 24], [18, 14, 19, 13], [20, 2, 21, 1], [22, 17, 23, 18], [24, 22, 1, 21], [2, 6, 3, 5], [4, 9, 5, 10], [6, 12, 7, 11], [8, 16, 9, 15]]"
12a_0005_8,"[[8, 16, 9, 15], [10, 3, 11, 4], [12, 20, 13, 19], [14, 8, 15, 7], [16, 23, 17, 24], [18, 14, 19, 13], [20, 2, 21, 1], [22, 17, 23, 18], [24, 22, 1, 21], [2, 6, 3, 5], [4, 9, 5, 10], [6, 12, 7, 11]]"
12a_0005_9,"[[6, 12, 7, 11], [8, 16, 9, 15], [10, 3, 11, 4], [12, 20, 13, 19], [14, 8, 15, 7], [16, 23, 17, 24], [18, 14, 19, 13], [20, 2, 21, 1], [22, 17, 23, 18], [24, 22, 1, 21], [2, 6, 3, 5], [4, 9, 5, 10]]"
12a_0005_10,"[[4, 9, 5, 10], [6, 12, 7, 11], [8, 16, 9, 15], [10, 3, 11, 4], [12, 20, 13, 19], [14, 8, 15, 7], [16, 23, 17, 24], [18, 14, 19, 13], [20, 2, 21, 1], [22, 17, 23, 18], [24, 22, 1, 21], [2, 6, 3, 5]]"
12a_0005_11,"[[2, 6, 3, 5], [4, 9, 5, 10], [6, 12, 7, 11], [8, 16, 9, 15], [10, 3, 11, 4], [12, 20, 13, 19], [14, 8, 15, 7], [16, 23, 17, 24], [18, 14, 19, 13], [20, 2, 21, 1], [22, 17, 23, 18], [24, 22, 1, 21]]"
12a_0005_12,"[[1, 23, 2, 22], [3, 7, 4, 6], [5, 10, 6, 11], [7, 13, 8, 12], [9, 17, 10, 16], [11, 4, 12, 5], [13, 21, 14, 20], [15, 9, 16, 8], [17, 24, 18, 1], [19, 15, 20, 14], [21, 3, 22, 2], [23, 18, 24, 19]]"
12a_0005_13,"[[23, 18, 24, 19], [1, 23, 2, 22], [3, 7, 4, 6], [5, 10, 6, 11], [7, 13, 8, 12], [9, 17, 10, 16], [11, 4, 12, 5], [13, 21, 14, 20], [15, 9, 16, 8], [17, 24, 18, 1], [19, 15, 20, 14], [21, 3, 22, 2]]"
12a_0005_14,"[[21, 3, 22, 2], [23, 18, 24, 19], [1, 23, 2, 22], [3, 7, 4, 6], [5, 10, 6, 11], [7, 13, 8, 12], [9, 17, 10, 16], [11, 4, 12, 5], [13, 21, 14, 20], [15, 9, 16, 8], [17, 24, 18, 1], [19, 15, 20, 14]]"
12a_0005_15,"[[19, 15, 20, 14], [21, 3, 22, 2], [23, 18, 24, 19], [1, 23, 2, 22], [3, 7, 4, 6], [5, 10, 6, 11], [7, 13, 8, 12], [9, 17, 10, 16], [11, 4, 12, 5], [13, 21, 14, 20], [15, 9, 16, 8], [17, 24, 18, 1]]"
12a_0005_16,"[[17, 24, 18, 1], [19, 15, 20, 14], [21, 3, 22, 2], [23, 18, 24, 19], [1, 23, 2, 22], [3, 7, 4, 6], [5, 10, 6, 11], [7, 13, 8, 12], [9, 17, 10, 16], [11, 4, 12, 5], [13, 21, 14, 20], [15, 9, 16, 8]]"
12a_0005_17,"[[15, 9, 16, 8], [17, 24, 18, 1], [19, 15, 20, 14], [21, 3, 22, 2], [23, 18, 24, 19], [1, 23, 2, 22], [3, 7, 4, 6], [5, 10, 6, 11], [7, 13, 8, 12], [9, 17, 10, 16], [11, 4, 12, 5], [13, 21, 14, 20]]"
12a_0005_18,"[[13, 21, 14, 20], [15, 9, 16, 8], [17, 24, 18, 1], [19, 15, 20, 14], [21, 3, 22, 2], [23, 18, 24, 19], [1, 23, 2, 22], [3, 7, 4, 6], [5, 10, 6, 11], [7, 13, 8, 12], [9, 17, 10, 16], [11, 4, 12, 5]]"
12a_0005_19,"[[11, 4, 12, 5], [13, 21, 14, 20], [15, 9, 16, 8], [17, 24, 18, 1], [19, 15, 20, 14], [21, 3, 22, 2], [23, 18, 24, 19], [1, 23, 2, 22], [3, 7, 4, 6], [5, 10, 6, 11], [7, 13, 8, 12], [9, 17, 10, 16]]"
12a_0005_20,"[[9, 17, 10, 16], [11, 4, 12, 5], [13, 21, 14, 20], [15, 9, 16, 8], [17, 24, 18, 1], [19, 15, 20, 14], [21, 3, 22, 2], [23, 18, 24, 19], [1, 23, 2, 22], [3, 7, 4, 6], [5, 10, 6, 11], [7, 13, 8, 12]]"
12a_0005_21,"[[7, 13, 8, 12], [9, 17, 10, 16], [11, 4, 12, 5], [13, 21, 14, 20], [15, 9, 16, 8], [17, 24, 18, 1], [19, 15, 20, 14], [21, 3, 22, 2], [23, 18, 24, 19], [1, 23, 2, 22], [3, 7, 4, 6], [5, 10, 6, 11]]"
12a_0005_22,"[[5, 10, 6, 11], [7, 13, 8, 12], [9, 17, 10, 16], [11, 4, 12, 5], [13, 21, 14, 20], [15, 9, 16, 8], [17, 24, 18, 1], [19, 15, 20, 14], [21, 3, 22, 2], [23, 18, 24, 19], [1, 23, 2, 22], [3, 7, 4, 6]]"
12a_0005_23,"[[3, 7, 4, 6], [5, 10, 6, 11], [7, 13, 8, 12], [9, 17, 10, 16], [11, 4, 12, 5], [13, 21, 14, 20], [15, 9, 16, 8], [17, 24, 18, 1], [19, 15, 20, 14], [21, 3, 22, 2], [23, 18, 24, 19], [1, 23, 2, 22]]"
12a_0005_24,"[[2, 24, 3, 23], [4, 8, 5, 7], [6, 11, 7, 12], [8, 14, 9, 13], [10, 18, 11, 17], [12, 5, 13, 6], [14, 22, 15, 21], [16, 10, 17, 9], [18, 1, 19, 2], [20, 16, 21, 15], [22, 4, 23, 3], [24, 19, 1, 20]]"
12a_0005_25,"[[24, 19, 1, 20], [2, 24, 3, 23], [4, 8, 5, 7], [6, 11, 7, 12], [8, 14, 9, 13], [10, 18, 11, 17], [12, 5, 13, 6], [14, 22, 15, 21], [16, 10, 17, 9], [18, 1, 19, 2], [20, 16, 21, 15], [22, 4, 23, 3]]"
12a_0005_26,"[[22, 4, 23, 3], [24, 19, 1, 20], [2, 24, 3, 23], [4, 8, 5, 7], [6, 11, 7, 12], [8, 14, 9, 13], [10, 18, 11, 17], [12, 5, 13, 6], [14, 22, 15, 21], [16, 10, 17, 9], [18, 1, 19, 2], [20, 16, 21, 15]]"
12a_0005_27,"[[20, 16, 21, 15], [22, 4, 23, 3], [24, 19, 1, 20], [2, 24, 3, 23], [4, 8, 5, 7], [6, 11, 7, 12], [8, 14, 9, 13], [10, 18, 11, 17], [12, 5, 13, 6], [14, 22, 15, 21], [16, 10, 17, 9], [18, 1, 19, 2]]"
12a_0005_28,"[[18, 1, 19, 2], [20, 16, 21, 15], [22, 4, 23, 3], [24, 19, 1, 20], [2, 24, 3, 23], [4, 8, 5, 7], [6, 11, 7, 12], [8, 14, 9, 13], [10, 18, 11, 17], [12, 5, 13, 6], [14, 22, 15, 21], [16, 10, 17, 9]]"
12a_0005_29,"[[16, 10, 17, 9], [18, 1, 19, 2], [20, 16, 21, 15], [22, 4, 23, 3], [24, 19, 1, 20], [2, 24, 3, 23], [4, 8, 5, 7], [6, 11, 7, 12], [8, 14, 9, 13], [10, 18, 11, 17], [12, 5, 13, 6], [14, 22, 15, 21]]"
12a_0005_30,"[[14, 22, 15, 21], [16, 10, 17, 9], [18, 1, 19, 2], [20, 16, 21, 15], [22, 4, 23, 3], [24, 19, 1, 20], [2, 24, 3, 23], [4, 8, 5, 7], [6, 11, 7, 12], [8, 14, 9, 13], [10, 18, 11, 17], [12, 5, 13, 6]]"
12a_0005_31,"[[12, 5, 13, 6], [14, 22, 15, 21], [16, 10, 17, 9], [18, 1, 19, 2], [20, 16, 21, 15], [22, 4, 23, 3], [24, 19, 1, 20], [2, 24, 3, 23], [4, 8, 5, 7], [6, 11, 7, 12], [8, 14, 9, 13], [10, 18, 11, 17]]"
12a_0005_32,"[[10, 18, 11, 17], [12, 5, 13, 6], [14, 22, 15, 21], [16, 10, 17, 9], [18, 1, 19, 2], [20, 16, 21, 15], [22, 4, 23, 3], [24, 19, 1, 20], [2, 24, 3, 23], [4, 8, 5, 7], [6, 11, 7, 12], [8, 14, 9, 13]]"
12a_0005_33,"[[8, 14, 9, 13], [10, 18, 11, 17], [12, 5, 13, 6], [14, 22, 15, 21], [16, 10, 17, 9], [18, 1, 19, 2], [20, 16, 21, 15], [22, 4, 23, 3], [24, 19, 1, 20], [2, 24, 3, 23], [4, 8, 5, 7], [6, 11, 7, 12]]"
12a_0005_34,"[[6, 11, 7, 12], [8, 14, 9, 13], [10, 18, 11, 17], [12, 5, 13, 6], [14, 22, 15, 21], [16, 10, 17, 9], [18, 1, 19, 2], [20, 16, 21, 15], [22, 4, 23, 3], [24, 19, 1, 20], [2, 24, 3, 23], [4, 8, 5, 7]]"
12a_0005_35,"[[4, 8, 5, 7], [6, 11, 7, 12], [8, 14, 9, 13], [10, 18, 11, 17], [12, 5, 13, 6], [14, 22, 15, 21], [16, 10, 17, 9], [18, 1, 19, 2], [20, 16, 21, 15], [22, 4, 23, 3], [24, 19, 1, 20], [2, 24, 3, 23]]"
12a_0005_36,"[[3, 1, 4, 24], [5, 9, 6, 8], [7, 12, 8, 13], [9, 15, 10, 14], [11, 19, 12, 18], [13, 6, 14, 7], [15, 23, 16, 22], [17, 11, 18, 10], [19, 2, 20, 3], [21, 17, 22, 16], [23, 5, 24, 4], [1, 20, 2, 21]]"
12a_0005_37,"[[1, 20, 2, 21], [3, 1, 4, 24], [5, 9, 6, 8], [7, 12, 8, 13], [9, 15, 10, 14], [11, 19, 12, 18], [13, 6, 14, 7], [15, 23, 16, 22], [17, 11, 18, 10], [19, 2, 20, 3], [21, 17, 22, 16], [23, 5, 24, 4]]"
12a_0005_38,"[[23, 5, 24, 4], [1, 20, 2, 21], [3, 1, 4, 24], [5, 9, 6, 8], [7, 12, 8, 13], [9, 15, 10, 14], [11, 19, 12, 18], [13, 6, 14, 7], [15, 23, 16, 22], [17, 11, 18, 10], [19, 2, 20, 3], [21, 17, 22, 16]]"
12a_0005_39,"[[21, 17, 22, 16], [23, 5, 24, 4], [1, 20, 2, 21], [3, 1, 4, 24], [5, 9, 6, 8], [7, 12, 8, 13], [9, 15, 10, 14], [11, 19, 12, 18], [13, 6, 14, 7], [15, 23, 16, 22], [17, 11, 18, 10], [19, 2, 20, 3]]"
12a_0005_40,"[[19, 2, 20, 3], [21, 17, 22, 16], [23, 5, 24, 4], [1, 20, 2, 21], [3, 1, 4, 24], [5, 9, 6, 8], [7, 12, 8, 13], [9, 15, 10, 14], [11, 19, 12, 18], [13, 6, 14, 7], [15, 23, 16, 22], [17, 11, 18, 10]]"
12a_0005_41,"[[17, 11, 18, 10], [19, 2, 20, 3], [21, 17, 22, 16], [23, 5, 24, 4], [1, 20, 2, 21], [3, 1, 4, 24], [5, 9, 6, 8], [7, 12, 8, 13], [9, 15, 10, 14], [11, 19, 12, 18], [13, 6, 14, 7], [15, 23, 16, 22]]"
12a_0005_42,"[[15, 23, 16, 22], [17, 11, 18, 10], [19, 2, 20, 3], [21, 17, 22, 16], [23, 5, 24, 4], [1, 20, 2, 21], [3, 1, 4, 24], [5, 9, 6, 8], [7, 12, 8, 13], [9, 15, 10, 14], [11, 19, 12, 18], [13, 6, 14, 7]]"
12a_0005_43,"[[13, 6, 14, 7], [15, 23, 16, 22], [17, 11, 18, 10], [19, 2, 20, 3], [21, 17, 22, 16], [23, 5, 24, 4], [1, 20, 2, 21], [3, 1, 4, 24], [5, 9, 6, 8], [7, 12, 8, 13], [9, 15, 10, 14], [11, 19, 12, 18]]"
12a_0005_44,"[[11, 19, 12, 18], [13, 6, 14, 7], [15, 23, 16, 22], [17, 11, 18, 10], [19, 2, 20, 3], [21, 17, 22, 16], [23, 5, 24, 4], [1, 20, 2, 21], [3, 1, 4, 24], [5, 9, 6, 8], [7, 12, 8, 13], [9, 15, 10, 14]]"
12a_0005_45,"[[9, 15, 10, 14], [11, 19, 12, 18], [13, 6, 14, 7], [15, 23, 16, 22], [17, 11, 18, 10], [19, 2, 20, 3], [21, 17, 22, 16], [23, 5, 24, 4], [1, 20, 2, 21], [3, 1, 4, 24], [5, 9, 6, 8], [7, 12, 8, 13]]"
12a_0005_46,"[[7, 12, 8, 13], [9, 15, 10, 14], [11, 19, 12, 18], [13, 6, 14, 7], [15, 23, 16, 22], [17, 11, 18, 10], [19, 2, 20, 3], [21, 17, 22, 16], [23, 5, 24, 4], [1, 20, 2, 21], [3, 1, 4, 24], [5, 9, 6, 8]]"
12a_0005_47,"[[5, 9, 6, 8], [7, 12, 8, 13], [9, 15, 10, 14], [11, 19, 12, 18], [13, 6, 14, 7], [15, 23, 16, 22], [17, 11, 18, 10], [19, 2, 20, 3], [21, 17, 22, 16], [23, 5, 24, 4], [1, 20, 2, 21], [3, 1, 4, 24]]"
12a_0005_48,"[[4, 2, 5, 1], [6, 10, 7, 9], [8, 13, 9, 14], [10, 16, 11, 15], [12, 20, 13, 19], [14, 7, 15, 8], [16, 24, 17, 23], [18, 12, 19, 11], [20, 3, 21, 4], [22, 18, 23, 17], [24, 6, 1, 5], [2, 21, 3, 22]]"
12a_0005_49,"[[2, 21, 3, 22], [4, 2, 5, 1], [6, 10, 7, 9], [8, 13, 9, 14], [10, 16, 11, 15], [12, 20, 13, 19], [14, 7, 15, 8], [16, 24, 17, 23], [18, 12, 19, 11], [20, 3, 21, 4], [22, 18, 23, 17], [24, 6, 1, 5]]"
12a_0005_50,"[[24, 6, 1, 5], [2, 21, 3, 22], [4, 2, 5, 1], [6, 10, 7, 9], [8, 13, 9, 14], [10, 16, 11, 15], [12, 20, 13, 19], [14, 7, 15, 8], [16, 24, 17, 23], [18, 12, 19, 11], [20, 3, 21, 4], [22, 18, 23, 17]]"
12a_0005_51,"[[22, 18, 23, 17], [24, 6, 1, 5], [2, 21, 3, 22], [4, 2, 5, 1], [6, 10, 7, 9], [8, 13, 9, 14], [10, 16, 11, 15], [12, 20, 13, 19], [14, 7, 15, 8], [16, 24, 17, 23], [18, 12, 19, 11], [20, 3, 21, 4]]"
12a_0005_52,"[[20, 3, 21, 4], [22, 18, 23, 17], [24, 6, 1, 5], [2, 21, 3, 22], [4, 2, 5, 1], [6, 10, 7, 9], [8, 13, 9, 14], [10, 16, 11, 15], [12, 20, 13, 19], [14, 7, 15, 8], [16, 24, 17, 23], [18, 12, 19, 11]]"
12a_0005_53,"[[18, 12, 19, 11], [20, 3, 21, 4], [22, 18, 23, 17], [24, 6, 1, 5], [2, 21, 3, 22], [4, 2, 5, 1], [6, 10, 7, 9], [8, 13, 9, 14], [10, 16, 11, 15], [12, 20, 13, 19], [14, 7, 15, 8], [16, 24, 17, 23]]"
12a_0005_54,"[[16, 24, 17, 23], [18, 12, 19, 11], [20, 3, 21, 4], [22, 18, 23, 17], [24, 6, 1, 5], [2, 21, 3, 22], [4, 2, 5, 1], [6, 10, 7, 9], [8, 13, 9, 14], [10, 16, 11, 15], [12, 20, 13, 19], [14, 7, 15, 8]]"
12a_0005_55,"[[14, 7, 15, 8], [16, 24, 17, 23], [18, 12, 19, 11], [20, 3, 21, 4], [22, 18, 23, 17], [24, 6, 1, 5], [2, 21, 3, 22], [4, 2, 5, 1], [6, 10, 7, 9], [8, 13, 9, 14], [10, 16, 11, 15], [12, 20, 13, 19]]"
12a_0005_56,"[[12, 20, 13, 19], [14, 7, 15, 8], [16, 24, 17, 23], [18, 12, 19, 11], [20, 3, 21, 4], [22, 18, 23, 17], [24, 6, 1, 5], [2, 21, 3, 22], [4, 2, 5, 1], [6, 10, 7, 9], [8, 13, 9, 14], [10, 16, 11, 15]]"
12a_0005_57,"[[10, 16, 11, 15], [12, 20, 13, 19], [14, 7, 15, 8], [16, 24, 17, 23], [18, 12, 19, 11], [20, 3, 21, 4], [22, 18, 23, 17], [24, 6, 1, 5], [2, 21, 3, 22], [4, 2, 5, 1], [6, 10, 7, 9], [8, 13, 9, 14]]"
12a_0005_58,"[[8, 13, 9, 14], [10, 16, 11, 15], [12, 20, 13, 19], [14, 7, 15, 8], [16, 24, 17, 23], [18, 12, 19, 11], [20, 3, 21, 4], [22, 18, 23, 17], [24, 6, 1, 5], [2, 21, 3, 22], [4, 2, 5, 1], [6, 10, 7, 9]]"
12a_0005_59,"[[6, 10, 7, 9], [8, 13, 9, 14], [10, 16, 11, 15], [12, 20, 13, 19], [14, 7, 15, 8], [16, 24, 17, 23], [18, 12, 19, 11], [20, 3, 21, 4], [22, 18, 23, 17], [24, 6, 1, 5], [2, 21, 3, 22], [4, 2, 5, 1]]"
12a_0005_60,"[[5, 3, 6, 2], [7, 11, 8, 10], [9, 14, 10, 15], [11, 17, 12, 16], [13, 21, 14, 20], [15, 8, 16, 9], [17, 1, 18, 24], [19, 13, 20, 12], [21, 4, 22, 5], [23, 19, 24, 18], [1, 7, 2, 6], [3, 22, 4, 23]]"
12a_0005_61,"[[3, 22, 4, 23], [5, 3, 6, 2], [7, 11, 8, 10], [9, 14, 10, 15], [11, 17, 12, 16], [13, 21, 14, 20], [15, 8, 16, 9], [17, 1, 18, 24], [19, 13, 20, 12], [21, 4, 22, 5], [23, 19, 24, 18], [1, 7, 2, 6]]"
12a_0005_62,"[[1, 7, 2, 6], [3, 22, 4, 23], [5, 3, 6, 2], [7, 11, 8, 10], [9, 14, 10, 15], [11, 17, 12, 16], [13, 21, 14, 20], [15, 8, 16, 9], [17, 1, 18, 24], [19, 13, 20, 12], [21, 4, 22, 5], [23, 19, 24, 18]]"
12a_0005_63,"[[23, 19, 24, 18], [1, 7, 2, 6], [3, 22, 4, 23], [5, 3, 6, 2], [7, 11, 8, 10], [9, 14, 10, 15], [11, 17, 12, 16], [13, 21, 14, 20], [15, 8, 16, 9], [17, 1, 18, 24], [19, 13, 20, 12], [21, 4, 22, 5]]"
12a_0005_64,"[[21, 4, 22, 5], [23, 19, 24, 18], [1, 7, 2, 6], [3, 22, 4, 23], [5, 3, 6, 2], [7, 11, 8, 10], [9, 14, 10, 15], [11, 17, 12, 16], [13, 21, 14, 20], [15, 8, 16, 9], [17, 1, 18, 24], [19, 13, 20, 12]]"
12a_0005_65,"[[19, 13, 20, 12], [21, 4, 22, 5], [23, 19, 24, 18], [1, 7, 2, 6], [3, 22, 4, 23], [5, 3, 6, 2], [7, 11, 8, 10], [9, 14, 10, 15], [11, 17, 12, 16], [13, 21, 14, 20], [15, 8, 16, 9], [17, 1, 18, 24]]"
12a_0005_66,"[[17, 1, 18, 24], [19, 13, 20, 12], [21, 4, 22, 5], [23, 19, 24, 18], [1, 7, 2, 6], [3, 22, 4, 23], [5, 3, 6, 2], [7, 11, 8, 10], [9, 14, 10, 15], [11, 17, 12, 16], [13, 21, 14, 20], [15, 8, 16, 9]]"
12a_0005_67,"[[15, 8, 16, 9], [17, 1, 18, 24], [19, 13, 20, 12], [21, 4, 22, 5], [23, 19, 24, 18], [1, 7, 2, 6], [3, 22, 4, 23], [5, 3, 6, 2], [7, 11, 8, 10], [9, 14, 10, 15], [11, 17, 12, 16], [13, 21, 14, 20]]"
12a_0005_68,"[[13, 21, 14, 20], [15, 8, 16, 9], [17, 1, 18, 24], [19, 13, 20, 12], [21, 4, 22, 5], [23, 19, 24, 18], [1, 7, 2, 6], [3, 22, 4, 23], [5, 3, 6, 2], [7, 11, 8, 10], [9, 14, 10, 15], [11, 17, 12, 16]]"
12a_0005_69,"[[11, 17, 12, 16], [13, 21, 14, 20], [15, 8, 16, 9], [17, 1, 18, 24], [19, 13, 20, 12], [21, 4, 22, 5], [23, 19, 24, 18], [1, 7, 2, 6], [3, 22, 4, 23], [5, 3, 6, 2], [7, 11, 8, 10], [9, 14, 10, 15]]"
12a_0005_70,"[[9, 14, 10, 15], [11, 17, 12, 16], [13, 21, 14, 20], [15, 8, 16, 9], [17, 1, 18, 24], [19, 13, 20, 12], [21, 4, 22, 5], [23, 19, 24, 18], [1, 7, 2, 6], [3, 22, 4, 23], [5, 3, 6, 2], [7, 11, 8, 10]]"
12a_0005_71,"[[7, 11, 8, 10], [9, 14, 10, 15], [11, 17, 12, 16], [13, 21, 14, 20], [15, 8, 16, 9], [17, 1, 18, 24], [19, 13, 20, 12], [21, 4, 22, 5], [23, 19, 24, 18], [1, 7, 2, 6], [3, 22, 4, 23], [5, 3, 6, 2]]"
12a_0005_72,"[[6, 4, 7, 3], [8, 12, 9, 11], [10, 15, 11, 16], [12, 18, 13, 17], [14, 22, 15, 21], [16, 9, 17, 10], [18, 2, 19, 1], [20, 14, 21, 13], [22, 5, 23, 6], [24, 20, 1, 19], [2, 8, 3, 7], [4, 23, 5, 24]]"
12a_0005_73,"[[4, 23, 5, 24], [6, 4, 7, 3], [8, 12, 9, 11], [10, 15, 11, 16], [12, 18, 13, 17], [14, 22, 15, 21], [16, 9, 17, 10], [18, 2, 19, 1], [20, 14, 21, 13], [22, 5, 23, 6], [24, 20, 1, 19], [2, 8, 3, 7]]"
12a_0005_74,"[[2, 8, 3, 7], [4, 23, 5, 24], [6, 4, 7, 3], [8, 12, 9, 11], [10, 15, 11, 16], [12, 18, 13, 17], [14, 22, 15, 21], [16, 9, 17, 10], [18, 2, 19, 1], [20, 14, 21, 13], [22, 5, 23, 6], [24, 20, 1, 19]]"
12a_0005_75,"[[24, 20, 1, 19], [2, 8, 3, 7], [4, 23, 5, 24], [6, 4, 7, 3], [8, 12, 9, 11], [10, 15, 11, 16], [12, 18, 13, 17], [14, 22, 15, 21], [16, 9, 17, 10], [18, 2, 19, 1], [20, 14, 21, 13], [22, 5, 23, 6]]"
12a_0005_76,"[[22, 5, 23, 6], [24, 20, 1, 19], [2, 8, 3, 7], [4, 23, 5, 24], [6, 4, 7, 3], [8, 12, 9, 11], [10, 15, 11, 16], [12, 18, 13, 17], [14, 22, 15, 21], [16, 9, 17, 10], [18, 2, 19, 1], [20, 14, 21, 13]]"
12a_0005_77,"[[20, 14, 21, 13], [22, 5, 23, 6], [24, 20, 1, 19], [2, 8, 3, 7], [4, 23, 5, 24], [6, 4, 7, 3], [8, 12, 9, 11], [10, 15, 11, 16], [12, 18, 13, 17], [14, 22, 15, 21], [16, 9, 17, 10], [18, 2, 19, 1]]"
12a_0005_78,"[[18, 2, 19, 1], [20, 14, 21, 13], [22, 5, 23, 6], [24, 20, 1, 19], [2, 8, 3, 7], [4, 23, 5, 24], [6, 4, 7, 3], [8, 12, 9, 11], [10, 15, 11, 16], [12, 18, 13, 17], [14, 22, 15, 21], [16, 9, 17, 10]]"
12a_0005_79,"[[16, 9, 17, 10], [18, 2, 19, 1], [20, 14, 21, 13], [22, 5, 23, 6], [24, 20, 1, 19], [2, 8, 3, 7], [4, 23, 5, 24], [6, 4, 7, 3], [8, 12, 9, 11], [10, 15, 11, 16], [12, 18, 13, 17], [14, 22, 15, 21]]"
12a_0005_80,"[[14, 22, 15, 21], [16, 9, 17, 10], [18, 2, 19, 1], [20, 14, 21, 13], [22, 5, 23, 6], [24, 20, 1, 19], [2, 8, 3, 7], [4, 23, 5, 24], [6, 4, 7, 3], [8, 12, 9, 11], [10, 15, 11, 16], [12, 18, 13, 17]]"
12a_0005_81,"[[12, 18, 13, 17], [14, 22, 15, 21], [16, 9, 17, 10], [18, 2, 19, 1], [20, 14, 21, 13], [22, 5, 23, 6], [24, 20, 1, 19], [2, 8, 3, 7], [4, 23, 5, 24], [6, 4, 7, 3], [8, 12, 9, 11], [10, 15, 11, 16]]"
12a_0005_82,"[[10, 15, 11, 16], [12, 18, 13, 17], [14, 22, 15, 21], [16, 9, 17, 10], [18, 2, 19, 1], [20, 14, 21, 13], [22, 5, 23, 6], [24, 20, 1, 19], [2, 8, 3, 7], [4, 23, 5, 24], [6, 4, 7, 3], [8, 12, 9, 11]]"
12a_0005_83,"[[8, 12, 9, 11], [10, 15, 11, 16], [12, 18, 13, 17], [14, 22, 15, 21], [16, 9, 17, 10], [18, 2, 19, 1], [20, 14, 21, 13], [22, 5, 23, 6], [24, 20, 1, 19], [2, 8, 3, 7], [4, 23, 5, 24], [6, 4, 7, 3]]"
12a_0005_84,"[[7, 5, 8, 4], [9, 13, 10, 12], [11, 16, 12, 17], [13, 19, 14, 18], [15, 23, 16, 22], [17, 10, 18, 11], [19, 3, 20, 2], [21, 15, 22, 14], [23, 6, 24, 7], [1, 21, 2, 20], [3, 9, 4, 8], [5, 24, 6, 1]]"
12a_0005_85,"[[5, 24, 6, 1], [7, 5, 8, 4], [9, 13, 10, 12], [11, 16, 12, 17], [13, 19, 14, 18], [15, 23, 16, 22], [17, 10, 18, 11], [19, 3, 20, 2], [21, 15, 22, 14], [23, 6, 24, 7], [1, 21, 2, 20], [3, 9, 4, 8]]"
12a_0005_86,"[[3, 9, 4, 8], [5, 24, 6, 1], [7, 5, 8, 4], [9, 13, 10, 12], [11, 16, 12, 17], [13, 19, 14, 18], [15, 23, 16, 22], [17, 10, 18, 11], [19, 3, 20, 2], [21, 15, 22, 14], [23, 6, 24, 7], [1, 21, 2, 20]]"
12a_0005_87,"[[1, 21, 2, 20], [3, 9, 4, 8], [5, 24, 6, 1], [7, 5, 8, 4], [9, 13, 10, 12], [11, 16, 12, 17], [13, 19, 14, 18], [15, 23, 16, 22], [17, 10, 18, 11], [19, 3, 20, 2], [21, 15, 22, 14], [23, 6, 24, 7]]"
12a_0005_88,"[[23, 6, 24, 7], [1, 21, 2, 20], [3, 9, 4, 8], [5, 24, 6, 1], [7, 5, 8, 4], [9, 13, 10, 12], [11, 16, 12, 17], [13, 19, 14, 18], [15, 23, 16, 22], [17, 10, 18, 11], [19, 3, 20, 2], [21, 15, 22, 14]]"
12a_0005_89,"[[21, 15, 22, 14], [23, 6, 24, 7], [1, 21, 2, 20], [3, 9, 4, 8], [5, 24, 6, 1], [7, 5, 8, 4], [9, 13, 10, 12], [11, 16, 12, 17], [13, 19, 14, 18], [15, 23, 16, 22], [17, 10, 18, 11], [19, 3, 20, 2]]"
12a_0005_90,"[[19, 3, 20, 2], [21, 15, 22, 14], [23, 6, 24, 7], [1, 21, 2, 20], [3, 9, 4, 8], [5, 24, 6, 1], [7, 5, 8, 4], [9, 13, 10, 12], [11, 16, 12, 17], [13, 19, 14, 18], [15, 23, 16, 22], [17, 10, 18, 11]]"
12a_0005_91,"[[17, 10, 18, 11], [19, 3, 20, 2], [21, 15, 22, 14], [23, 6, 24, 7], [1, 21, 2, 20], [3, 9, 4, 8], [5, 24, 6, 1], [7, 5, 8, 4], [9, 13, 10, 12], [11, 16, 12, 17], [13, 19, 14, 18], [15, 23, 16, 22]]"
12a_0005_92,"[[15, 23, 16, 22], [17, 10, 18, 11], [19, 3, 20, 2], [21, 15, 22, 14], [23, 6, 24, 7], [1, 21, 2, 20], [3, 9, 4, 8], [5, 24, 6, 1], [7, 5, 8, 4], [9, 13, 10, 12], [11, 16, 12, 17], [13, 19, 14, 18]]"
12a_0005_93,"[[13, 19, 14, 18], [15, 23, 16, 22], [17, 10, 18, 11], [19, 3, 20, 2], [21, 15, 22, 14], [23, 6, 24, 7], [1, 21, 2, 20], [3, 9, 4, 8], [5, 24, 6, 1], [7, 5, 8, 4], [9, 13, 10, 12], [11, 16, 12, 17]]"
12a_0005_94,"[[11, 16, 12, 17], [13, 19, 14, 18], [15, 23, 16, 22], [17, 10, 18, 11], [19, 3, 20, 2], [21, 15, 22, 14], [23, 6, 24, 7], [1, 21, 2, 20], [3, 9, 4, 8], [5, 24, 6, 1], [7, 5, 8, 4], [9, 13, 10, 12]]"
12a_0005_95,"[[9, 13, 10, 12], [11, 16, 12, 17], [13, 19, 14, 18], [15, 23, 16, 22], [17, 10, 18, 11], [19, 3, 20, 2], [21, 15, 22, 14], [23, 6, 24, 7], [1, 21, 2, 20], [3, 9, 4, 8], [5, 24, 6, 1], [7, 5, 8, 4]]"
12a_0005_96,"[[8, 6, 9, 5], [10, 14, 11, 13], [12, 17, 13, 18], [14, 20, 15, 19], [16, 24, 17, 23], [18, 11, 19, 12], [20, 4, 21, 3], [22, 16, 23, 15], [24, 7, 1, 8], [2, 22, 3, 21], [4, 10, 5, 9], [6, 1, 7, 2]]"
12a_0005_97,"[[6, 1, 7, 2], [8, 6, 9, 5], [10, 14, 11, 13], [12, 17, 13, 18], [14, 20, 15, 19], [16, 24, 17, 23], [18, 11, 19, 12], [20, 4, 21, 3], [22, 16, 23, 15], [24, 7, 1, 8], [2, 22, 3, 21], [4, 10, 5, 9]]"
12a_0005_98,"[[4, 10, 5, 9], [6, 1, 7, 2], [8, 6, 9, 5], [10, 14, 11, 13], [12, 17, 13, 18], [14, 20, 15, 19], [16, 24, 17, 23], [18, 11, 19, 12], [20, 4, 21, 3], [22, 16, 23, 15], [24, 7, 1, 8], [2, 22, 3, 21]]"
12a_0005_99,"[[2, 22, 3, 21], [4, 10, 5, 9], [6, 1, 7, 2], [8, 6, 9, 5], [10, 14, 11, 13], [12, 17, 13, 18], [14, 20, 15, 19], [16, 24, 17, 23], [18, 11, 19, 12], [20, 4, 21, 3], [22, 16, 23, 15], [24, 7, 1, 8]]"
12a_0005_100,"[[24, 7, 1, 8], [2, 22, 3, 21], [4, 10, 5, 9], [6, 1, 7, 2], [8, 6, 9, 5], [10, 14, 11, 13], [12, 17, 13, 18], [14, 20, 15, 19], [16, 24, 17, 23], [18, 11, 19, 12], [20, 4, 21, 3], [22, 16, 23, 15]]"
12a_0005_101,"[[22, 16, 23, 15], [24, 7, 1, 8], [2, 22, 3, 21], [4, 10, 5, 9], [6, 1, 7, 2], [8, 6, 9, 5], [10, 14, 11, 13], [12, 17, 13, 18], [14, 20, 15, 19], [16, 24, 17, 23], [18, 11, 19, 12], [20, 4, 21, 3]]"
12a_0005_102,"[[20, 4, 21, 3], [22, 16, 23, 15], [24, 7, 1, 8], [2, 22, 3, 21], [4, 10, 5, 9], [6, 1, 7, 2], [8, 6, 9, 5], [10, 14, 11, 13], [12, 17, 13, 18], [14, 20, 15, 19], [16, 24, 17, 23], [18, 11, 19, 12]]"
12a_0005_103,"[[18, 11, 19, 12], [20, 4, 21, 3], [22, 16, 23, 15], [24, 7, 1, 8], [2, 22, 3, 21], [4, 10, 5, 9], [6, 1, 7, 2], [8, 6, 9, 5], [10, 14, 11, 13], [12, 17, 13, 18], [14, 20, 15, 19], [16, 24, 17, 23]]"
12a_0005_104,"[[16, 24, 17, 23], [18, 11, 19, 12], [20, 4, 21, 3], [22, 16, 23, 15], [24, 7, 1, 8], [2, 22, 3, 21], [4, 10, 5, 9], [6, 1, 7, 2], [8, 6, 9, 5], [10, 14, 11, 13], [12, 17, 13, 18], [14, 20, 15, 19]]"
12a_0005_105,"[[14, 20, 15, 19], [16, 24, 17, 23], [18, 11, 19, 12], [20, 4, 21, 3], [22, 16, 23, 15], [24, 7, 1, 8], [2, 22, 3, 21], [4, 10, 5, 9], [6, 1, 7, 2], [8, 6, 9, 5], [10, 14, 11, 13], [12, 17, 13, 18]]"
12a_0005_106,"[[12, 17, 13, 18], [14, 20, 15, 19], [16, 24, 17, 23], [18, 11, 19, 12], [20, 4, 21, 3], [22, 16, 23, 15], [24, 7, 1, 8], [2, 22, 3, 21], [4, 10, 5, 9], [6, 1, 7, 2], [8, 6, 9, 5], [10, 14, 11, 13]]"
12a_0005_107,"[[10, 14, 11, 13], [12, 17, 13, 18], [14, 20, 15, 19], [16, 24, 17, 23], [18, 11, 19, 12], [20, 4, 21, 3], [22, 16, 23, 15], [24, 7, 1, 8], [2, 22, 3, 21], [4, 10, 5, 9], [6, 1, 7, 2], [8, 6, 9, 5]]"
12a_0005_108,"[[9, 7, 10, 6], [11, 15, 12, 14], [13, 18, 14, 19], [15, 21, 16, 20], [17, 1, 18, 24], [19, 12, 20, 13], [21, 5, 22, 4], [23, 17, 24, 16], [1, 8, 2, 9], [3, 23, 4, 22], [5, 11, 6, 10], [7, 2, 8, 3]]"
12a_0005_109,"[[7, 2, 8, 3], [9, 7, 10, 6], [11, 15, 12, 14], [13, 18, 14, 19], [15, 21, 16, 20], [17, 1, 18, 24], [19, 12, 20, 13], [21, 5, 22, 4], [23, 17, 24, 16], [1, 8, 2, 9], [3, 23, 4, 22], [5, 11, 6, 10]]"
12a_0005_110,"[[5, 11, 6, 10], [7, 2, 8, 3], [9, 7, 10, 6], [11, 15, 12, 14], [13, 18, 14, 19], [15, 21, 16, 20], [17, 1, 18, 24], [19, 12, 20, 13], [21, 5, 22, 4], [23, 17, 24, 16], [1, 8, 2, 9], [3, 23, 4, 22]]"
12a_0005_111,"[[3, 23, 4, 22], [5, 11, 6, 10], [7, 2, 8, 3], [9, 7, 10, 6], [11, 15, 12, 14], [13, 18, 14, 19], [15, 21, 16, 20], [17, 1, 18, 24], [19, 12, 20, 13], [21, 5, 22, 4], [23, 17, 24, 16], [1, 8, 2, 9]]"
12a_0005_112,"[[1, 8, 2, 9], [3, 23, 4, 22], [5, 11, 6, 10], [7, 2, 8, 3], [9, 7, 10, 6], [11, 15, 12, 14], [13, 18, 14, 19], [15, 21, 16, 20], [17, 1, 18, 24], [19, 12, 20, 13], [21, 5, 22, 4], [23, 17, 24, 16]]"
12a_0005_113,"[[23, 17, 24, 16], [1, 8, 2, 9], [3, 23, 4, 22], [5, 11, 6, 10], [7, 2, 8, 3], [9, 7, 10, 6], [11, 15, 12, 14], [13, 18, 14, 19], [15, 21, 16, 20], [17, 1, 18, 24], [19, 12, 20, 13], [21, 5, 22, 4]]"
12a_0005_114,"[[21, 5, 22, 4], [23, 17, 24, 16], [1, 8, 2, 9], [3, 23, 4, 22], [5, 11, 6, 10], [7, 2, 8, 3], [9, 7, 10, 6], [11, 15, 12, 14], [13, 18, 14, 19], [15, 21, 16, 20], [17, 1, 18, 24], [19, 12, 20, 13]]"
12a_0005_115,"[[19, 12, 20, 13], [21, 5, 22, 4], [23, 17, 24, 16], [1, 8, 2, 9], [3, 23, 4, 22], [5, 11, 6, 10], [7, 2, 8, 3], [9, 7, 10, 6], [11, 15, 12, 14], [13, 18, 14, 19], [15, 21, 16, 20], [17, 1, 18, 24]]"
12a_0005_116,"[[17, 1, 18, 24], [19, 12, 20, 13], [21, 5, 22, 4], [23, 17, 24, 16], [1, 8, 2, 9], [3, 23, 4, 22], [5, 11, 6, 10], [7, 2, 8, 3], [9, 7, 10, 6], [11, 15, 12, 14], [13, 18, 14, 19], [15, 21, 16, 20]]"
12a_0005_117,"[[15, 21, 16, 20], [17, 1, 18, 24], [19, 12, 20, 13], [21, 5, 22, 4], [23, 17, 24, 16], [1, 8, 2, 9], [3, 23, 4, 22], [5, 11, 6, 10], [7, 2, 8, 3], [9, 7, 10, 6], [11, 15, 12, 14], [13, 18, 14, 19]]"
12a_0005_118,"[[13, 18, 14, 19], [15, 21, 16, 20], [17, 1, 18, 24], [19, 12, 20, 13], [21, 5, 22, 4], [23, 17, 24, 16], [1, 8, 2, 9], [3, 23, 4, 22], [5, 11, 6, 10], [7, 2, 8, 3], [9, 7, 10, 6], [11, 15, 12, 14]]"
12a_0005_119,"[[11, 15, 12, 14], [13, 18, 14, 19], [15, 21, 16, 20], [17, 1, 18, 24], [19, 12, 20, 13], [21, 5, 22, 4], [23, 17, 24, 16], [1, 8, 2, 9], [3, 23, 4, 22], [5, 11, 6, 10], [7, 2, 8, 3], [9, 7, 10, 6]]"
12a_0005_120,"[[10, 8, 11, 7], [12, 16, 13, 15], [14, 19, 15, 20], [16, 22, 17, 21], [18, 2, 19, 1], [20, 13, 21, 14], [22, 6, 23, 5], [24, 18, 1, 17], [2, 9, 3, 10], [4, 24, 5, 23], [6, 12, 7, 11], [8, 3, 9, 4]]"
12a_0005_121,"[[8, 3, 9, 4], [10, 8, 11, 7], [12, 16, 13, 15], [14, 19, 15, 20], [16, 22, 17, 21], [18, 2, 19, 1], [20, 13, 21, 14], [22, 6, 23, 5], [24, 18, 1, 17], [2, 9, 3, 10], [4, 24, 5, 23], [6, 12, 7, 11]]"
12a_0005_122,"[[6, 12, 7, 11], [8, 3, 9, 4], [10, 8, 11, 7], [12, 16, 13, 15], [14, 19, 15, 20], [16, 22, 17, 21], [18, 2, 19, 1], [20, 13, 21, 14], [22, 6, 23, 5], [24, 18, 1, 17], [2, 9, 3, 10], [4, 24, 5, 23]]"
12a_0005_123,"[[4, 24, 5, 23], [6, 12, 7, 11], [8, 3, 9, 4], [10, 8, 11, 7], [12, 16, 13, 15], [14, 19, 15, 20], [16, 22, 17, 21], [18, 2, 19, 1], [20, 13, 21, 14], [22, 6, 23, 5], [24, 18, 1, 17], [2, 9, 3, 10]]"
12a_0005_124,"[[2, 9, 3, 10], [4, 24, 5, 23], [6, 12, 7, 11], [8, 3, 9, 4], [10, 8, 11, 7], [12, 16, 13, 15], [14, 19, 15, 20], [16, 22, 17, 21], [18, 2, 19, 1], [20, 13, 21, 14], [22, 6, 23, 5], [24, 18, 1, 17]]"
12a_0005_125,"[[24, 18, 1, 17], [2, 9, 3, 10], [4, 24, 5, 23], [6, 12, 7, 11], [8, 3, 9, 4], [10, 8, 11, 7], [12, 16, 13, 15], [14, 19, 15, 20], [16, 22, 17, 21], [18, 2, 19, 1], [20, 13, 21, 14], [22, 6, 23, 5]]"
12a_0005_126,"[[22, 6, 23, 5], [24, 18, 1, 17], [2, 9, 3, 10], [4, 24, 5, 23], [6, 12, 7, 11], [8, 3, 9, 4], [10, 8, 11, 7], [12, 16, 13, 15], [14, 19, 15, 20], [16, 22, 17, 21], [18, 2, 19, 1], [20, 13, 21, 14]]"
12a_0005_127,"[[20, 13, 21, 14], [22, 6, 23, 5], [24, 18, 1, 17], [2, 9, 3, 10], [4, 24, 5, 23], [6, 12, 7, 11], [8, 3, 9, 4], [10, 8, 11, 7], [12, 16, 13, 15], [14, 19, 15, 20], [16, 22, 17, 21], [18, 2, 19, 1]]"
12a_0005_128,"[[18, 2, 19, 1], [20, 13, 21, 14], [22, 6, 23, 5], [24, 18, 1, 17], [2, 9, 3, 10], [4, 24, 5, 23], [6, 12, 7, 11], [8, 3, 9, 4], [10, 8, 11, 7], [12, 16, 13, 15], [14, 19, 15, 20], [16, 22, 17, 21]]"
12a_0005_129,"[[16, 22, 17, 21], [18, 2, 19, 1], [20, 13, 21, 14], [22, 6, 23, 5], [24, 18, 1, 17], [2, 9, 3, 10], [4, 24, 5, 23], [6, 12, 7, 11], [8, 3, 9, 4], [10, 8, 11, 7], [12, 16, 13, 15], [14, 19, 15, 20]]"
12a_0005_130,"[[14, 19, 15, 20], [16, 22, 17, 21], [18, 2, 19, 1], [20, 13, 21, 14], [22, 6, 23, 5], [24, 18, 1, 17], [2, 9, 3, 10], [4, 24, 5, 23], [6, 12, 7, 11], [8, 3, 9, 4], [10, 8, 11, 7], [12, 16, 13, 15]]"
12a_0005_131,"[[12, 16, 13, 15], [14, 19, 15, 20], [16, 22, 17, 21], [18, 2, 19, 1], [20, 13, 21, 14], [22, 6, 23, 5], [24, 18, 1, 17], [2, 9, 3, 10], [4, 24, 5, 23], [6, 12, 7, 11], [8, 3, 9, 4], [10, 8, 11, 7]]"
12a_0005_132,"[[11, 9, 12, 8], [13, 17, 14, 16], [15, 20, 16, 21], [17, 23, 18, 22], [19, 3, 20, 2], [21, 14, 22, 15], [23, 7, 24, 6], [1, 19, 2, 18], [3, 10, 4, 11], [5, 1, 6, 24], [7, 13, 8, 12], [9, 4, 10, 5]]"
12a_0005_133,"[[9, 4, 10, 5], [11, 9, 12, 8], [13, 17, 14, 16], [15, 20, 16, 21], [17, 23, 18, 22], [19, 3, 20, 2], [21, 14, 22, 15], [23, 7, 24, 6], [1, 19, 2, 18], [3, 10, 4, 11], [5, 1, 6, 24], [7, 13, 8, 12]]"
12a_0005_134,"[[7, 13, 8, 12], [9, 4, 10, 5], [11, 9, 12, 8], [13, 17, 14, 16], [15, 20, 16, 21], [17, 23, 18, 22], [19, 3, 20, 2], [21, 14, 22, 15], [23, 7, 24, 6], [1, 19, 2, 18], [3, 10, 4, 11], [5, 1, 6, 24]]"
12a_0005_135,"[[5, 1, 6, 24], [7, 13, 8, 12], [9, 4, 10, 5], [11, 9, 12, 8], [13, 17, 14, 16], [15, 20, 16, 21], [17, 23, 18, 22], [19, 3, 20, 2], [21, 14, 22, 15], [23, 7, 24, 6], [1, 19, 2, 18], [3, 10, 4, 11]]"
12a_0005_136,"[[3, 10, 4, 11], [5, 1, 6, 24], [7, 13, 8, 12], [9, 4, 10, 5], [11, 9, 12, 8], [13, 17, 14, 16], [15, 20, 16, 21], [17, 23, 18, 22], [19, 3, 20, 2], [21, 14, 22, 15], [23, 7, 24, 6], [1, 19, 2, 18]]"
12a_0005_137,"[[1, 19, 2, 18], [3, 10, 4, 11], [5, 1, 6, 24], [7, 13, 8, 12], [9, 4, 10, 5], [11, 9, 12, 8], [13, 17, 14, 16], [15, 20, 16, 21], [17, 23, 18, 22], [19, 3, 20, 2], [21, 14, 22, 15], [23, 7, 24, 6]]"
12a_0005_138,"[[23, 7, 24, 6], [1, 19, 2, 18], [3, 10, 4, 11], [5, 1, 6, 24], [7, 13, 8, 12], [9, 4, 10, 5], [11, 9, 12, 8], [13, 17, 14, 16], [15, 20, 16, 21], [17, 23, 18, 22], [19, 3, 20, 2], [21, 14, 22, 15]]"
12a_0005_139,"[[21, 14, 22, 15], [23, 7, 24, 6], [1, 19, 2, 18], [3, 10, 4, 11], [5, 1, 6, 24], [7, 13, 8, 12], [9, 4, 10, 5], [11, 9, 12, 8], [13, 17, 14, 16], [15, 20, 16, 21], [17, 23, 18, 22], [19, 3, 20, 2]]"
12a_0005_140,"[[19, 3, 20, 2], [21, 14, 22, 15], [23, 7, 24, 6], [1, 19, 2, 18], [3, 10, 4, 11], [5, 1, 6, 24], [7, 13, 8, 12], [9, 4, 10, 5], [11, 9, 12, 8], [13, 17, 14, 16], [15, 20, 16, 21], [17, 23, 18, 22]]"
12a_0005_141,"[[17, 23, 18, 22], [19, 3, 20, 2], [21, 14, 22, 15], [23, 7, 24, 6], [1, 19, 2, 18], [3, 10, 4, 11], [5, 1, 6, 24], [7, 13, 8, 12], [9, 4, 10, 5], [11, 9, 12, 8], [13, 17, 14, 16], [15, 20, 16, 21]]"
12a_0005_142,"[[15, 20, 16, 21], [17, 23, 18, 22], [19, 3, 20, 2], [21, 14, 22, 15], [23, 7, 24, 6], [1, 19, 2, 18], [3, 10, 4, 11], [5, 1, 6, 24], [7, 13, 8, 12], [9, 4, 10, 5], [11, 9, 12, 8], [13, 17, 14, 16]]"
12a_0005_143,"[[13, 17, 14, 16], [15, 20, 16, 21], [17, 23, 18, 22], [19, 3, 20, 2], [21, 14, 22, 15], [23, 7, 24, 6], [1, 19, 2, 18], [3, 10, 4, 11], [5, 1, 6, 24], [7, 13, 8, 12], [9, 4, 10, 5], [11, 9, 12, 8]]"
12a_0005_144,"[[12, 10, 13, 9], [14, 18, 15, 17], [16, 21, 17, 22], [18, 24, 19, 23], [20, 4, 21, 3], [22, 15, 23, 16], [24, 8, 1, 7], [2, 20, 3, 19], [4, 11, 5, 12], [6, 2, 7, 1], [8, 14, 9, 13], [10, 5, 11, 6]]"
12a_0005_145,"[[10, 5, 11, 6], [12, 10, 13, 9], [14, 18, 15, 17], [16, 21, 17, 22], [18, 24, 19, 23], [20, 4, 21, 3], [22, 15, 23, 16], [24, 8, 1, 7], [2, 20, 3, 19], [4, 11, 5, 12], [6, 2, 7, 1], [8, 14, 9, 13]]"
12a_0005_146,"[[8, 14, 9, 13], [10, 5, 11, 6], [12, 10, 13, 9], [14, 18, 15, 17], [16, 21, 17, 22], [18, 24, 19, 23], [20, 4, 21, 3], [22, 15, 23, 16], [24, 8, 1, 7], [2, 20, 3, 19], [4, 11, 5, 12], [6, 2, 7, 1]]"
12a_0005_147,"[[6, 2, 7, 1], [8, 14, 9, 13], [10, 5, 11, 6], [12, 10, 13, 9], [14, 18, 15, 17], [16, 21, 17, 22], [18, 24, 19, 23], [20, 4, 21, 3], [22, 15, 23, 16], [24, 8, 1, 7], [2, 20, 3, 19], [4, 11, 5, 12]]"
12a_0005_148,"[[4, 11, 5, 12], [6, 2, 7, 1], [8, 14, 9, 13], [10, 5, 11, 6], [12, 10, 13, 9], [14, 18, 15, 17], [16, 21, 17, 22], [18, 24, 19, 23], [20, 4, 21, 3], [22, 15, 23, 16], [24, 8, 1, 7], [2, 20, 3, 19]]"
12a_0005_149,"[[2, 20, 3, 19], [4, 11, 5, 12], [6, 2, 7, 1], [8, 14, 9, 13], [10, 5, 11, 6], [12, 10, 13, 9], [14, 18, 15, 17], [16, 21, 17, 22], [18, 24, 19, 23], [20, 4, 21, 3], [22, 15, 23, 16], [24, 8, 1, 7]]"
12a_0005_150,"[[24, 8, 1, 7], [2, 20, 3, 19], [4, 11, 5, 12], [6, 2, 7, 1], [8, 14, 9, 13], [10, 5, 11, 6], [12, 10, 13, 9], [14, 18, 15, 17], [16, 21, 17, 22], [18, 24, 19, 23], [20, 4, 21, 3], [22, 15, 23, 16]]"
12a_0005_151,"[[22, 15, 23, 16], [24, 8, 1, 7], [2, 20, 3, 19], [4, 11, 5, 12], [6, 2, 7, 1], [8, 14, 9, 13], [10, 5, 11, 6], [12, 10, 13, 9], [14, 18, 15, 17], [16, 21, 17, 22], [18, 24, 19, 23], [20, 4, 21, 3]]"
12a_0005_152,"[[20, 4, 21, 3], [22, 15, 23, 16], [24, 8, 1, 7], [2, 20, 3, 19], [4, 11, 5, 12], [6, 2, 7, 1], [8, 14, 9, 13], [10, 5, 11, 6], [12, 10, 13, 9], [14, 18, 15, 17], [16, 21, 17, 22], [18, 24, 19, 23]]"
12a_0005_153,"[[18, 24, 19, 23], [20, 4, 21, 3], [22, 15, 23, 16], [24, 8, 1, 7], [2, 20, 3, 19], [4, 11, 5, 12], [6, 2, 7, 1], [8, 14, 9, 13], [10, 5, 11, 6], [12, 10, 13, 9], [14, 18, 15, 17], [16, 21, 17, 22]]"
12a_0005_154,"[[16, 21, 17, 22], [18, 24, 19, 23], [20, 4, 21, 3], [22, 15, 23, 16], [24, 8, 1, 7], [2, 20, 3, 19], [4, 11, 5, 12], [6, 2, 7, 1], [8, 14, 9, 13], [10, 5, 11, 6], [12, 10, 13, 9], [14, 18, 15, 17]]"
12a_0005_155,"[[14, 18, 15, 17], [16, 21, 17, 22], [18, 24, 19, 23], [20, 4, 21, 3], [22, 15, 23, 16], [24, 8, 1, 7], [2, 20, 3, 19], [4, 11, 5, 12], [6, 2, 7, 1], [8, 14, 9, 13], [10, 5, 11, 6], [12, 10, 13, 9]]"
12a_0005_156,"[[13, 11, 14, 10], [15, 19, 16, 18], [17, 22, 18, 23], [19, 1, 20, 24], [21, 5, 22, 4], [23, 16, 24, 17], [1, 9, 2, 8], [3, 21, 4, 20], [5, 12, 6, 13], [7, 3, 8, 2], [9, 15, 10, 14], [11, 6, 12, 7]]"
12a_0005_157,"[[11, 6, 12, 7], [13, 11, 14, 10], [15, 19, 16, 18], [17, 22, 18, 23], [19, 1, 20, 24], [21, 5, 22, 4], [23, 16, 24, 17], [1, 9, 2, 8], [3, 21, 4, 20], [5, 12, 6, 13], [7, 3, 8, 2], [9, 15, 10, 14]]"
12a_0005_158,"[[9, 15, 10, 14], [11, 6, 12, 7], [13, 11, 14, 10], [15, 19, 16, 18], [17, 22, 18, 23], [19, 1, 20, 24], [21, 5, 22, 4], [23, 16, 24, 17], [1, 9, 2, 8], [3, 21, 4, 20], [5, 12, 6, 13], [7, 3, 8, 2]]"
12a_0005_159,"[[7, 3, 8, 2], [9, 15, 10, 14], [11, 6, 12, 7], [13, 11, 14, 10], [15, 19, 16, 18], [17, 22, 18, 23], [19, 1, 20, 24], [21, 5, 22, 4], [23, 16, 24, 17], [1, 9, 2, 8], [3, 21, 4, 20], [5, 12, 6, 13]]"
12a_0005_160,"[[5, 12, 6, 13], [7, 3, 8, 2], [9, 15, 10, 14], [11, 6, 12, 7], [13, 11, 14, 10], [15, 19, 16, 18], [17, 22, 18, 23], [19, 1, 20, 24], [21, 5, 22, 4], [23, 16, 24, 17], [1, 9, 2, 8], [3, 21, 4, 20]]"
12a_0005_161,"[[3, 21, 4, 20], [5, 12, 6, 13], [7, 3, 8, 2], [9, 15, 10, 14], [11, 6, 12, 7], [13, 11, 14, 10], [15, 19, 16, 18], [17, 22, 18, 23], [19, 1, 20, 24], [21, 5, 22, 4], [23, 16, 24, 17], [1, 9, 2, 8]]"
12a_0005_162,"[[1, 9, 2, 8], [3, 21, 4, 20], [5, 12, 6, 13], [7, 3, 8, 2], [9, 15, 10, 14], [11, 6, 12, 7], [13, 11, 14, 10], [15, 19, 16, 18], [17, 22, 18, 23], [19, 1, 20, 24], [21, 5, 22, 4], [23, 16, 24, 17]]"
12a_0005_163,"[[23, 16, 24, 17], [1, 9, 2, 8], [3, 21, 4, 20], [5, 12, 6, 13], [7, 3, 8, 2], [9, 15, 10, 14], [11, 6, 12, 7], [13, 11, 14, 10], [15, 19, 16, 18], [17, 22, 18, 23], [19, 1, 20, 24], [21, 5, 22, 4]]"
12a_0005_164,"[[21, 5, 22, 4], [23, 16, 24, 17], [1, 9, 2, 8], [3, 21, 4, 20], [5, 12, 6, 13], [7, 3, 8, 2], [9, 15, 10, 14], [11, 6, 12, 7], [13, 11, 14, 10], [15, 19, 16, 18], [17, 22, 18, 23], [19, 1, 20, 24]]"
12a_0005_165,"[[19, 1, 20, 24], [21, 5, 22, 4], [23, 16, 24, 17], [1, 9, 2, 8], [3, 21, 4, 20], [5, 12, 6, 13], [7, 3, 8, 2], [9, 15, 10, 14], [11, 6, 12, 7], [13, 11, 14, 10], [15, 19, 16, 18], [17, 22, 18, 23]]"
12a_0005_166,"[[17, 22, 18, 23], [19, 1, 20, 24], [21, 5, 22, 4], [23, 16, 24, 17], [1, 9, 2, 8], [3, 21, 4, 20], [5, 12, 6, 13], [7, 3, 8, 2], [9, 15, 10, 14], [11, 6, 12, 7], [13, 11, 14, 10], [15, 19, 16, 18]]"
12a_0005_167,"[[15, 19, 16, 18], [17, 22, 18, 23], [19, 1, 20, 24], [21, 5, 22, 4], [23, 16, 24, 17], [1, 9, 2, 8], [3, 21, 4, 20], [5, 12, 6, 13], [7, 3, 8, 2], [9, 15, 10, 14], [11, 6, 12, 7], [13, 11, 14, 10]]"
12a_0005_168,"[[14, 12, 15, 11], [16, 20, 17, 19], [18, 23, 19, 24], [20, 2, 21, 1], [22, 6, 23, 5], [24, 17, 1, 18], [2, 10, 3, 9], [4, 22, 5, 21], [6, 13, 7, 14], [8, 4, 9, 3], [10, 16, 11, 15], [12, 7, 13, 8]]"
12a_0005_169,"[[12, 7, 13, 8], [14, 12, 15, 11], [16, 20, 17, 19], [18, 23, 19, 24], [20, 2, 21, 1], [22, 6, 23, 5], [24, 17, 1, 18], [2, 10, 3, 9], [4, 22, 5, 21], [6, 13, 7, 14], [8, 4, 9, 3], [10, 16, 11, 15]]"
12a_0005_170,"[[10, 16, 11, 15], [12, 7, 13, 8], [14, 12, 15, 11], [16, 20, 17, 19], [18, 23, 19, 24], [20, 2, 21, 1], [22, 6, 23, 5], [24, 17, 1, 18], [2, 10, 3, 9], [4, 22, 5, 21], [6, 13, 7, 14], [8, 4, 9, 3]]"
12a_0005_171,"[[8, 4, 9, 3], [10, 16, 11, 15], [12, 7, 13, 8], [14, 12, 15, 11], [16, 20, 17, 19], [18, 23, 19, 24], [20, 2, 21, 1], [22, 6, 23, 5], [24, 17, 1, 18], [2, 10, 3, 9], [4, 22, 5, 21], [6, 13, 7, 14]]"
12a_0005_172,"[[6, 13, 7, 14], [8, 4, 9, 3], [10, 16, 11, 15], [12, 7, 13, 8], [14, 12, 15, 11], [16, 20, 17, 19], [18, 23, 19, 24], [20, 2, 21, 1], [22, 6, 23, 5], [24, 17, 1, 18], [2, 10, 3, 9], [4, 22, 5, 21]]"
12a_0005_173,"[[4, 22, 5, 21], [6, 13, 7, 14], [8, 4, 9, 3], [10, 16, 11, 15], [12, 7, 13, 8], [14, 12, 15, 11], [16, 20, 17, 19], [18, 23, 19, 24], [20, 2, 21, 1], [22, 6, 23, 5], [24, 17, 1, 18], [2, 10, 3, 9]]"
12a_0005_174,"[[2, 10, 3, 9], [4, 22, 5, 21], [6, 13, 7, 14], [8, 4, 9, 3], [10, 16, 11, 15], [12, 7, 13, 8], [14, 12, 15, 11], [16, 20, 17, 19], [18, 23, 19, 24], [20, 2, 21, 1], [22, 6, 23, 5], [24, 17, 1, 18]]"
12a_0005_175,"[[24, 17, 1, 18], [2, 10, 3, 9], [4, 22, 5, 21], [6, 13, 7, 14], [8, 4, 9, 3], [10, 16, 11, 15], [12, 7, 13, 8], [14, 12, 15, 11], [16, 20, 17, 19], [18, 23, 19, 24], [20, 2, 21, 1], [22, 6, 23, 5]]"
12a_0005_176,"[[22, 6, 23, 5], [24, 17, 1, 18], [2, 10, 3, 9], [4, 22, 5, 21], [6, 13, 7, 14], [8, 4, 9, 3], [10, 16, 11, 15], [12, 7, 13, 8], [14, 12, 15, 11], [16, 20, 17, 19], [18, 23, 19, 24], [20, 2, 21, 1]]"
12a_0005_177,"[[20, 2, 21, 1], [22, 6, 23, 5], [24, 17, 1, 18], [2, 10, 3, 9], [4, 22, 5, 21], [6, 13, 7, 14], [8, 4, 9, 3], [10, 16, 11, 15], [12, 7, 13, 8], [14, 12, 15, 11], [16, 20, 17, 19], [18, 23, 19, 24]]"
12a_0005_178,"[[18, 23, 19, 24], [20, 2, 21, 1], [22, 6, 23, 5], [24, 17, 1, 18], [2, 10, 3, 9], [4, 22, 5, 21], [6, 13, 7, 14], [8, 4, 9, 3], [10, 16, 11, 15], [12, 7, 13, 8], [14, 12, 15, 11], [16, 20, 17, 19]]"
12a_0005_179,"[[16, 20, 17, 19], [18, 23, 19, 24], [20, 2, 21, 1], [22, 6, 23, 5], [24, 17, 1, 18], [2, 10, 3, 9], [4, 22, 5, 21], [6, 13, 7, 14], [8, 4, 9, 3], [10, 16, 11, 15], [12, 7, 13, 8], [14, 12, 15, 11]]"
12a_0005_180,"[[15, 13, 16, 12], [17, 21, 18, 20], [19, 24, 20, 1], [21, 3, 22, 2], [23, 7, 24, 6], [1, 18, 2, 19], [3, 11, 4, 10], [5, 23, 6, 22], [7, 14, 8, 15], [9, 5, 10, 4], [11, 17, 12, 16], [13, 8, 14, 9]]"
12a_0005_181,"[[13, 8, 14, 9], [15, 13, 16, 12], [17, 21, 18, 20], [19, 24, 20, 1], [21, 3, 22, 2], [23, 7, 24, 6], [1, 18, 2, 19], [3, 11, 4, 10], [5, 23, 6, 22], [7, 14, 8, 15], [9, 5, 10, 4], [11, 17, 12, 16]]"
12a_0005_182,"[[11, 17, 12, 16], [13, 8, 14, 9], [15, 13, 16, 12], [17, 21, 18, 20], [19, 24, 20, 1], [21, 3, 22, 2], [23, 7, 24, 6], [1, 18, 2, 19], [3, 11, 4, 10], [5, 23, 6, 22], [7, 14, 8, 15], [9, 5, 10, 4]]"
12a_0005_183,"[[9, 5, 10, 4], [11, 17, 12, 16], [13, 8, 14, 9], [15, 13, 16, 12], [17, 21, 18, 20], [19, 24, 20, 1], [21, 3, 22, 2], [23, 7, 24, 6], [1, 18, 2, 19], [3, 11, 4, 10], [5, 23, 6, 22], [7, 14, 8, 15]]"
12a_0005_184,"[[7, 14, 8, 15], [9, 5, 10, 4], [11, 17, 12, 16], [13, 8, 14, 9], [15, 13, 16, 12], [17, 21, 18, 20], [19, 24, 20, 1], [21, 3, 22, 2], [23, 7, 24, 6], [1, 18, 2, 19], [3, 11, 4, 10], [5, 23, 6, 22]]"
12a_0005_185,"[[5, 23, 6, 22], [7, 14, 8, 15], [9, 5, 10, 4], [11, 17, 12, 16], [13, 8, 14, 9], [15, 13, 16, 12], [17, 21, 18, 20], [19, 24, 20, 1], [21, 3, 22, 2], [23, 7, 24, 6], [1, 18, 2, 19], [3, 11, 4, 10]]"
