name,pd_notation
12a_1177_0,"[[24, 11, 1, 12], [2, 8, 3, 7], [4, 20, 5, 19], [6, 16, 7, 15], [8, 17, 9, 18], [10, 21, 11, 22], [12, 23, 13, 24], [14, 6, 15, 5], [16, 1, 17, 2], [18, 4, 19, 3], [20, 9, 21, 10], [22, 13, 23, 14]]"
12a_1177_1,"[[22, 13, 23, 14], [24, 11, 1, 12], [2, 8, 3, 7], [4, 20, 5, 19], [6, 16, 7, 15], [8, 17, 9, 18], [10, 21, 11, 22], [12, 23, 13, 24], [14, 6, 15, 5], [16, 1, 17, 2], [18, 4, 19, 3], [20, 9, 21, 10]]"
12a_1177_2,"[[20, 9, 21, 10], [22, 13, 23, 14], [24, 11, 1, 12], [2, 8, 3, 7], [4, 20, 5, 19], [6, 16, 7, 15], [8, 17, 9, 18], [10, 21, 11, 22], [12, 23, 13, 24], [14, 6, 15, 5], [16, 1, 17, 2], [18, 4, 19, 3]]"
12a_1177_3,"[[18, 4, 19, 3], [20, 9, 21, 10], [22, 13, 23, 14], [24, 11, 1, 12], [2, 8, 3, 7], [4, 20, 5, 19], [6, 16, 7, 15], [8, 17, 9, 18], [10, 21, 11, 22], [12, 23, 13, 24], [14, 6, 15, 5], [16, 1, 17, 2]]"
12a_1177_4,"[[16, 1, 17, 2], [18, 4, 19, 3], [20, 9, 21, 10], [22, 13, 23, 14], [24, 11, 1, 12], [2, 8, 3, 7], [4, 20, 5, 19], [6, 16, 7, 15], [8, 17, 9, 18], [10, 21, 11, 22], [12, 23, 13, 24], [14, 6, 15, 5]]"
12a_1177_5,"[[14, 6, 15, 5], [16, 1, 17, 2], [18, 4, 19, 3], [20, 9, 21, 10], [22, 13, 23, 14], [24, 11, 1, 12], [2, 8, 3, 7], [4, 20, 5, 19], [6, 16, 7, 15], [8, 17, 9, 18], [10, 21, 11, 22], [12, 23, 13, 24]]"
12a_1177_6,"[[12, 23, 13, 24], [14, 6, 15, 5], [16, 1, 17, 2], [18, 4, 19, 3], [20, 9, 21, 10], [22, 13, 23, 14], [24, 11, 1, 12], [2, 8, 3, 7], [4, 20, 5, 19], [6, 16, 7, 15], [8, 17, 9, 18], [10, 21, 11, 22]]"
12a_1177_7,"[[10, 21, 11, 22], [12, 23, 13, 24], [14, 6, 15, 5], [16, 1, 17, 2], [18, 4, 19, 3], [20, 9, 21, 10], [22, 13, 23, 14], [24, 11, 1, 12], [2, 8, 3, 7], [4, 20, 5, 19], [6, 16, 7, 15], [8, 17, 9, 18]]"
12a_1177_8,"[[8, 17, 9, 18], [10, 21, 11, 22], [12, 23, 13, 24], [14, 6, 15, 5], [16, 1, 17, 2], [18, 4, 19, 3], [20, 9, 21, 10], [22, 13, 23, 14], [24, 11, 1, 12], [2, 8, 3, 7], [4, 20, 5, 19], [6, 16, 7, 15]]"
12a_1177_9,"[[6, 16, 7, 15], [8, 17, 9, 18], [10, 21, 11, 22], [12, 23, 13, 24], [14, 6, 15, 5], [16, 1, 17, 2], [18, 4, 19, 3], [20, 9, 21, 10], [22, 13, 23, 14], [24, 11, 1, 12], [2, 8, 3, 7], [4, 20, 5, 19]]"
12a_1177_10,"[[4, 20, 5, 19], [6, 16, 7, 15], [8, 17, 9, 18], [10, 21, 11, 22], [12, 23, 13, 24], [14, 6, 15, 5], [16, 1, 17, 2], [18, 4, 19, 3], [20, 9, 21, 10], [22, 13, 23, 14], [24, 11, 1, 12], [2, 8, 3, 7]]"
12a_1177_11,"[[2, 8, 3, 7], [4, 20, 5, 19], [6, 16, 7, 15], [8, 17, 9, 18], [10, 21, 11, 22], [12, 23, 13, 24], [14, 6, 15, 5], [16, 1, 17, 2], [18, 4, 19, 3], [20, 9, 21, 10], [22, 13, 23, 14], [24, 11, 1, 12]]"
12a_1177_12,"[[1, 12, 2, 13], [3, 9, 4, 8], [5, 21, 6, 20], [7, 17, 8, 16], [9, 18, 10, 19], [11, 22, 12, 23], [13, 24, 14, 1], [15, 7, 16, 6], [17, 2, 18, 3], [19, 5, 20, 4], [21, 10, 22, 11], [23, 14, 24, 15]]"
12a_1177_13,"[[23, 14, 24, 15], [1, 12, 2, 13], [3, 9, 4, 8], [5, 21, 6, 20], [7, 17, 8, 16], [9, 18, 10, 19], [11, 22, 12, 23], [13, 24, 14, 1], [15, 7, 16, 6], [17, 2, 18, 3], [19, 5, 20, 4], [21, 10, 22, 11]]"
12a_1177_14,"[[21, 10, 22, 11], [23, 14, 24, 15], [1, 12, 2, 13], [3, 9, 4, 8], [5, 21, 6, 20], [7, 17, 8, 16], [9, 18, 10, 19], [11, 22, 12, 23], [13, 24, 14, 1], [15, 7, 16, 6], [17, 2, 18, 3], [19, 5, 20, 4]]"
12a_1177_15,"[[19, 5, 20, 4], [21, 10, 22, 11], [23, 14, 24, 15], [1, 12, 2, 13], [3, 9, 4, 8], [5, 21, 6, 20], [7, 17, 8, 16], [9, 18, 10, 19], [11, 22, 12, 23], [13, 24, 14, 1], [15, 7, 16, 6], [17, 2, 18, 3]]"
12a_1177_16,"[[17, 2, 18, 3], [19, 5, 20, 4], [21, 10, 22, 11], [23, 14, 24, 15], [1, 12, 2, 13], [3, 9, 4, 8], [5, 21, 6, 20], [7, 17, 8, 16], [9, 18, 10, 19], [11, 22, 12, 23], [13, 24, 14, 1], [15, 7, 16, 6]]"
12a_1177_17,"[[15, 7, 16, 6], [17, 2, 18, 3], [19, 5, 20, 4], [21, 10, 22, 11], [23, 14, 24, 15], [1, 12, 2, 13], [3, 9, 4, 8], [5, 21, 6, 20], [7, 17, 8, 16], [9, 18, 10, 19], [11, 22, 12, 23], [13, 24, 14, 1]]"
12a_1177_18,"[[13, 24, 14, 1], [15, 7, 16, 6], [17, 2, 18, 3], [19, 5, 20, 4], [21, 10, 22, 11], [23, 14, 24, 15], [1, 12, 2, 13], [3, 9, 4, 8], [5, 21, 6, 20], [7, 17, 8, 16], [9, 18, 10, 19], [11, 22, 12, 23]]"
12a_1177_19,"[[11, 22, 12, 23], [13, 24, 14, 1], [15, 7, 16, 6], [17, 2, 18, 3], [19, 5, 20, 4], [21, 10, 22, 11], [23, 14, 24, 15], [1, 12, 2, 13], [3, 9, 4, 8], [5, 21, 6, 20], [7, 17, 8, 16], [9, 18, 10, 19]]"
12a_1177_20,"[[9, 18, 10, 19], [11, 22, 12, 23], [13, 24, 14, 1], [15, 7, 16, 6], [17, 2, 18, 3], [19, 5, 20, 4], [21, 10, 22, 11], [23, 14, 24, 15], [1, 12, 2, 13], [3, 9, 4, 8], [5, 21, 6, 20], [7, 17, 8, 16]]"
12a_1177_21,"[[7, 17, 8, 16], [9, 18, 10, 19], [11, 22, 12, 23], [13, 24, 14, 1], [15, 7, 16, 6], [17, 2, 18, 3], [19, 5, 20, 4], [21, 10, 22, 11], [23, 14, 24, 15], [1, 12, 2, 13], [3, 9, 4, 8], [5, 21, 6, 20]]"
12a_1177_22,"[[5, 21, 6, 20], [7, 17, 8, 16], [9, 18, 10, 19], [11, 22, 12, 23], [13, 24, 14, 1], [15, 7, 16, 6], [17, 2, 18, 3], [19, 5, 20, 4], [21, 10, 22, 11], [23, 14, 24, 15], [1, 12, 2, 13], [3, 9, 4, 8]]"
12a_1177_23,"[[3, 9, 4, 8], [5, 21, 6, 20], [7, 17, 8, 16], [9, 18, 10, 19], [11, 22, 12, 23], [13, 24, 14, 1], [15, 7, 16, 6], [17, 2, 18, 3], [19, 5, 20, 4], [21, 10, 22, 11], [23, 14, 24, 15], [1, 12, 2, 13]]"
12a_1177_24,"[[2, 13, 3, 14], [4, 10, 5, 9], [6, 22, 7, 21], [8, 18, 9, 17], [10, 19, 11, 20], [12, 23, 13, 24], [14, 1, 15, 2], [16, 8, 17, 7], [18, 3, 19, 4], [20, 6, 21, 5], [22, 11, 23, 12], [24, 15, 1, 16]]"
12a_1177_25,"[[24, 15, 1, 16], [2, 13, 3, 14], [4, 10, 5, 9], [6, 22, 7, 21], [8, 18, 9, 17], [10, 19, 11, 20], [12, 23, 13, 24], [14, 1, 15, 2], [16, 8, 17, 7], [18, 3, 19, 4], [20, 6, 21, 5], [22, 11, 23, 12]]"
12a_1177_26,"[[22, 11, 23, 12], [24, 15, 1, 16], [2, 13, 3, 14], [4, 10, 5, 9], [6, 22, 7, 21], [8, 18, 9, 17], [10, 19, 11, 20], [12, 23, 13, 24], [14, 1, 15, 2], [16, 8, 17, 7], [18, 3, 19, 4], [20, 6, 21, 5]]"
12a_1177_27,"[[20, 6, 21, 5], [22, 11, 23, 12], [24, 15, 1, 16], [2, 13, 3, 14], [4, 10, 5, 9], [6, 22, 7, 21], [8, 18, 9, 17], [10, 19, 11, 20], [12, 23, 13, 24], [14, 1, 15, 2], [16, 8, 17, 7], [18, 3, 19, 4]]"
12a_1177_28,"[[18, 3, 19, 4], [20, 6, 21, 5], [22, 11, 23, 12], [24, 15, 1, 16], [2, 13, 3, 14], [4, 10, 5, 9], [6, 22, 7, 21], [8, 18, 9, 17], [10, 19, 11, 20], [12, 23, 13, 24], [14, 1, 15, 2], [16, 8, 17, 7]]"
12a_1177_29,"[[16, 8, 17, 7], [18, 3, 19, 4], [20, 6, 21, 5], [22, 11, 23, 12], [24, 15, 1, 16], [2, 13, 3, 14], [4, 10, 5, 9], [6, 22, 7, 21], [8, 18, 9, 17], [10, 19, 11, 20], [12, 23, 13, 24], [14, 1, 15, 2]]"
12a_1177_30,"[[14, 1, 15, 2], [16, 8, 17, 7], [18, 3, 19, 4], [20, 6, 21, 5], [22, 11, 23, 12], [24, 15, 1, 16], [2, 13, 3, 14], [4, 10, 5, 9], [6, 22, 7, 21], [8, 18, 9, 17], [10, 19, 11, 20], [12, 23, 13, 24]]"
12a_1177_31,"[[12, 23, 13, 24], [14, 1, 15, 2], [16, 8, 17, 7], [18, 3, 19, 4], [20, 6, 21, 5], [22, 11, 23, 12], [24, 15, 1, 16], [2, 13, 3, 14], [4, 10, 5, 9], [6, 22, 7, 21], [8, 18, 9, 17], [10, 19, 11, 20]]"
12a_1177_32,"[[10, 19, 11, 20], [12, 23, 13, 24], [14, 1, 15, 2], [16, 8, 17, 7], [18, 3, 19, 4], [20, 6, 21, 5], [22, 11, 23, 12], [24, 15, 1, 16], [2, 13, 3, 14], [4, 10, 5, 9], [6, 22, 7, 21], [8, 18, 9, 17]]"
12a_1177_33,"[[8, 18, 9, 17], [10, 19, 11, 20], [12, 23, 13, 24], [14, 1, 15, 2], [16, 8, 17, 7], [18, 3, 19, 4], [20, 6, 21, 5], [22, 11, 23, 12], [24, 15, 1, 16], [2, 13, 3, 14], [4, 10, 5, 9], [6, 22, 7, 21]]"
12a_1177_34,"[[6, 22, 7, 21], [8, 18, 9, 17], [10, 19, 11, 20], [12, 23, 13, 24], [14, 1, 15, 2], [16, 8, 17, 7], [18, 3, 19, 4], [20, 6, 21, 5], [22, 11, 23, 12], [24, 15, 1, 16], [2, 13, 3, 14], [4, 10, 5, 9]]"
12a_1177_35,"[[4, 10, 5, 9], [6, 22, 7, 21], [8, 18, 9, 17], [10, 19, 11, 20], [12, 23, 13, 24], [14, 1, 15, 2], [16, 8, 17, 7], [18, 3, 19, 4], [20, 6, 21, 5], [22, 11, 23, 12], [24, 15, 1, 16], [2, 13, 3, 14]]"
12a_1177_36,"[[3, 14, 4, 15], [5, 11, 6, 10], [7, 23, 8, 22], [9, 19, 10, 18], [11, 20, 12, 21], [13, 24, 14, 1], [15, 2, 16, 3], [17, 9, 18, 8], [19, 4, 20, 5], [21, 7, 22, 6], [23, 12, 24, 13], [1, 16, 2, 17]]"
12a_1177_37,"[[1, 16, 2, 17], [3, 14, 4, 15], [5, 11, 6, 10], [7, 23, 8, 22], [9, 19, 10, 18], [11, 20, 12, 21], [13, 24, 14, 1], [15, 2, 16, 3], [17, 9, 18, 8], [19, 4, 20, 5], [21, 7, 22, 6], [23, 12, 24, 13]]"
12a_1177_38,"[[23, 12, 24, 13], [1, 16, 2, 17], [3, 14, 4, 15], [5, 11, 6, 10], [7, 23, 8, 22], [9, 19, 10, 18], [11, 20, 12, 21], [13, 24, 14, 1], [15, 2, 16, 3], [17, 9, 18, 8], [19, 4, 20, 5], [21, 7, 22, 6]]"
12a_1177_39,"[[21, 7, 22, 6], [23, 12, 24, 13], [1, 16, 2, 17], [3, 14, 4, 15], [5, 11, 6, 10], [7, 23, 8, 22], [9, 19, 10, 18], [11, 20, 12, 21], [13, 24, 14, 1], [15, 2, 16, 3], [17, 9, 18, 8], [19, 4, 20, 5]]"
12a_1177_40,"[[19, 4, 20, 5], [21, 7, 22, 6], [23, 12, 24, 13], [1, 16, 2, 17], [3, 14, 4, 15], [5, 11, 6, 10], [7, 23, 8, 22], [9, 19, 10, 18], [11, 20, 12, 21], [13, 24, 14, 1], [15, 2, 16, 3], [17, 9, 18, 8]]"
12a_1177_41,"[[17, 9, 18, 8], [19, 4, 20, 5], [21, 7, 22, 6], [23, 12, 24, 13], [1, 16, 2, 17], [3, 14, 4, 15], [5, 11, 6, 10], [7, 23, 8, 22], [9, 19, 10, 18], [11, 20, 12, 21], [13, 24, 14, 1], [15, 2, 16, 3]]"
12a_1177_42,"[[15, 2, 16, 3], [17, 9, 18, 8], [19, 4, 20, 5], [21, 7, 22, 6], [23, 12, 24, 13], [1, 16, 2, 17], [3, 14, 4, 15], [5, 11, 6, 10], [7, 23, 8, 22], [9, 19, 10, 18], [11, 20, 12, 21], [13, 24, 14, 1]]"
12a_1177_43,"[[13, 24, 14, 1], [15, 2, 16, 3], [17, 9, 18, 8], [19, 4, 20, 5], [21, 7, 22, 6], [23, 12, 24, 13], [1, 16, 2, 17], [3, 14, 4, 15], [5, 11, 6, 10], [7, 23, 8, 22], [9, 19, 10, 18], [11, 20, 12, 21]]"
12a_1177_44,"[[11, 20, 12, 21], [13, 24, 14, 1], [15, 2, 16, 3], [17, 9, 18, 8], [19, 4, 20, 5], [21, 7, 22, 6], [23, 12, 24, 13], [1, 16, 2, 17], [3, 14, 4, 15], [5, 11, 6, 10], [7, 23, 8, 22], [9, 19, 10, 18]]"
12a_1177_45,"[[9, 19, 10, 18], [11, 20, 12, 21], [13, 24, 14, 1], [15, 2, 16, 3], [17, 9, 18, 8], [19, 4, 20, 5], [21, 7, 22, 6], [23, 12, 24, 13], [1, 16, 2, 17], [3, 14, 4, 15], [5, 11, 6, 10], [7, 23, 8, 22]]"
12a_1177_46,"[[7, 23, 8, 22], [9, 19, 10, 18], [11, 20, 12, 21], [13, 24, 14, 1], [15, 2, 16, 3], [17, 9, 18, 8], [19, 4, 20, 5], [21, 7, 22, 6], [23, 12, 24, 13], [1, 16, 2, 17], [3, 14, 4, 15], [5, 11, 6, 10]]"
12a_1177_47,"[[5, 11, 6, 10], [7, 23, 8, 22], [9, 19, 10, 18], [11, 20, 12, 21], [13, 24, 14, 1], [15, 2, 16, 3], [17, 9, 18, 8], [19, 4, 20, 5], [21, 7, 22, 6], [23, 12, 24, 13], [1, 16, 2, 17], [3, 14, 4, 15]]"
12a_1177_48,"[[4, 15, 5, 16], [6, 12, 7, 11], [8, 24, 9, 23], [10, 20, 11, 19], [12, 21, 13, 22], [14, 1, 15, 2], [16, 3, 17, 4], [18, 10, 19, 9], [20, 5, 21, 6], [22, 8, 23, 7], [24, 13, 1, 14], [2, 17, 3, 18]]"
12a_1177_49,"[[2, 17, 3, 18], [4, 15, 5, 16], [6, 12, 7, 11], [8, 24, 9, 23], [10, 20, 11, 19], [12, 21, 13, 22], [14, 1, 15, 2], [16, 3, 17, 4], [18, 10, 19, 9], [20, 5, 21, 6], [22, 8, 23, 7], [24, 13, 1, 14]]"
12a_1177_50,"[[24, 13, 1, 14], [2, 17, 3, 18], [4, 15, 5, 16], [6, 12, 7, 11], [8, 24, 9, 23], [10, 20, 11, 19], [12, 21, 13, 22], [14, 1, 15, 2], [16, 3, 17, 4], [18, 10, 19, 9], [20, 5, 21, 6], [22, 8, 23, 7]]"
12a_1177_51,"[[22, 8, 23, 7], [24, 13, 1, 14], [2, 17, 3, 18], [4, 15, 5, 16], [6, 12, 7, 11], [8, 24, 9, 23], [10, 20, 11, 19], [12, 21, 13, 22], [14, 1, 15, 2], [16, 3, 17, 4], [18, 10, 19, 9], [20, 5, 21, 6]]"
12a_1177_52,"[[20, 5, 21, 6], [22, 8, 23, 7], [24, 13, 1, 14], [2, 17, 3, 18], [4, 15, 5, 16], [6, 12, 7, 11], [8, 24, 9, 23], [10, 20, 11, 19], [12, 21, 13, 22], [14, 1, 15, 2], [16, 3, 17, 4], [18, 10, 19, 9]]"
12a_1177_53,"[[18, 10, 19, 9], [20, 5, 21, 6], [22, 8, 23, 7], [24, 13, 1, 14], [2, 17, 3, 18], [4, 15, 5, 16], [6, 12, 7, 11], [8, 24, 9, 23], [10, 20, 11, 19], [12, 21, 13, 22], [14, 1, 15, 2], [16, 3, 17, 4]]"
12a_1177_54,"[[16, 3, 17, 4], [18, 10, 19, 9], [20, 5, 21, 6], [22, 8, 23, 7], [24, 13, 1, 14], [2, 17, 3, 18], [4, 15, 5, 16], [6, 12, 7, 11], [8, 24, 9, 23], [10, 20, 11, 19], [12, 21, 13, 22], [14, 1, 15, 2]]"
12a_1177_55,"[[14, 1, 15, 2], [16, 3, 17, 4], [18, 10, 19, 9], [20, 5, 21, 6], [22, 8, 23, 7], [24, 13, 1, 14], [2, 17, 3, 18], [4, 15, 5, 16], [6, 12, 7, 11], [8, 24, 9, 23], [10, 20, 11, 19], [12, 21, 13, 22]]"
12a_1177_56,"[[12, 21, 13, 22], [14, 1, 15, 2], [16, 3, 17, 4], [18, 10, 19, 9], [20, 5, 21, 6], [22, 8, 23, 7], [24, 13, 1, 14], [2, 17, 3, 18], [4, 15, 5, 16], [6, 12, 7, 11], [8, 24, 9, 23], [10, 20, 11, 19]]"
12a_1177_57,"[[10, 20, 11, 19], [12, 21, 13, 22], [14, 1, 15, 2], [16, 3, 17, 4], [18, 10, 19, 9], [20, 5, 21, 6], [22, 8, 23, 7], [24, 13, 1, 14], [2, 17, 3, 18], [4, 15, 5, 16], [6, 12, 7, 11], [8, 24, 9, 23]]"
12a_1177_58,"[[8, 24, 9, 23], [10, 20, 11, 19], [12, 21, 13, 22], [14, 1, 15, 2], [16, 3, 17, 4], [18, 10, 19, 9], [20, 5, 21, 6], [22, 8, 23, 7], [24, 13, 1, 14], [2, 17, 3, 18], [4, 15, 5, 16], [6, 12, 7, 11]]"
12a_1177_59,"[[6, 12, 7, 11], [8, 24, 9, 23], [10, 20, 11, 19], [12, 21, 13, 22], [14, 1, 15, 2], [16, 3, 17, 4], [18, 10, 19, 9], [20, 5, 21, 6], [22, 8, 23, 7], [24, 13, 1, 14], [2, 17, 3, 18], [4, 15, 5, 16]]"
12a_1177_60,"[[5, 16, 6, 17], [7, 13, 8, 12], [9, 1, 10, 24], [11, 21, 12, 20], [13, 22, 14, 23], [15, 2, 16, 3], [17, 4, 18, 5], [19, 11, 20, 10], [21, 6, 22, 7], [23, 9, 24, 8], [1, 14, 2, 15], [3, 18, 4, 19]]"
12a_1177_61,"[[3, 18, 4, 19], [5, 16, 6, 17], [7, 13, 8, 12], [9, 1, 10, 24], [11, 21, 12, 20], [13, 22, 14, 23], [15, 2, 16, 3], [17, 4, 18, 5], [19, 11, 20, 10], [21, 6, 22, 7], [23, 9, 24, 8], [1, 14, 2, 15]]"
12a_1177_62,"[[1, 14, 2, 15], [3, 18, 4, 19], [5, 16, 6, 17], [7, 13, 8, 12], [9, 1, 10, 24], [11, 21, 12, 20], [13, 22, 14, 23], [15, 2, 16, 3], [17, 4, 18, 5], [19, 11, 20, 10], [21, 6, 22, 7], [23, 9, 24, 8]]"
12a_1177_63,"[[23, 9, 24, 8], [1, 14, 2, 15], [3, 18, 4, 19], [5, 16, 6, 17], [7, 13, 8, 12], [9, 1, 10, 24], [11, 21, 12, 20], [13, 22, 14, 23], [15, 2, 16, 3], [17, 4, 18, 5], [19, 11, 20, 10], [21, 6, 22, 7]]"
12a_1177_64,"[[21, 6, 22, 7], [23, 9, 24, 8], [1, 14, 2, 15], [3, 18, 4, 19], [5, 16, 6, 17], [7, 13, 8, 12], [9, 1, 10, 24], [11, 21, 12, 20], [13, 22, 14, 23], [15, 2, 16, 3], [17, 4, 18, 5], [19, 11, 20, 10]]"
12a_1177_65,"[[19, 11, 20, 10], [21, 6, 22, 7], [23, 9, 24, 8], [1, 14, 2, 15], [3, 18, 4, 19], [5, 16, 6, 17], [7, 13, 8, 12], [9, 1, 10, 24], [11, 21, 12, 20], [13, 22, 14, 23], [15, 2, 16, 3], [17, 4, 18, 5]]"
12a_1177_66,"[[17, 4, 18, 5], [19, 11, 20, 10], [21, 6, 22, 7], [23, 9, 24, 8], [1, 14, 2, 15], [3, 18, 4, 19], [5, 16, 6, 17], [7, 13, 8, 12], [9, 1, 10, 24], [11, 21, 12, 20], [13, 22, 14, 23], [15, 2, 16, 3]]"
12a_1177_67,"[[15, 2, 16, 3], [17, 4, 18, 5], [19, 11, 20, 10], [21, 6, 22, 7], [23, 9, 24, 8], [1, 14, 2, 15], [3, 18, 4, 19], [5, 16, 6, 17], [7, 13, 8, 12], [9, 1, 10, 24], [11, 21, 12, 20], [13, 22, 14, 23]]"
12a_1177_68,"[[13, 22, 14, 23], [15, 2, 16, 3], [17, 4, 18, 5], [19, 11, 20, 10], [21, 6, 22, 7], [23, 9, 24, 8], [1, 14, 2, 15], [3, 18, 4, 19], [5, 16, 6, 17], [7, 13, 8, 12], [9, 1, 10, 24], [11, 21, 12, 20]]"
12a_1177_69,"[[11, 21, 12, 20], [13, 22, 14, 23], [15, 2, 16, 3], [17, 4, 18, 5], [19, 11, 20, 10], [21, 6, 22, 7], [23, 9, 24, 8], [1, 14, 2, 15], [3, 18, 4, 19], [5, 16, 6, 17], [7, 13, 8, 12], [9, 1, 10, 24]]"
12a_1177_70,"[[9, 1, 10, 24], [11, 21, 12, 20], [13, 22, 14, 23], [15, 2, 16, 3], [17, 4, 18, 5], [19, 11, 20, 10], [21, 6, 22, 7], [23, 9, 24, 8], [1, 14, 2, 15], [3, 18, 4, 19], [5, 16, 6, 17], [7, 13, 8, 12]]"
12a_1177_71,"[[7, 13, 8, 12], [9, 1, 10, 24], [11, 21, 12, 20], [13, 22, 14, 23], [15, 2, 16, 3], [17, 4, 18, 5], [19, 11, 20, 10], [21, 6, 22, 7], [23, 9, 24, 8], [1, 14, 2, 15], [3, 18, 4, 19], [5, 16, 6, 17]]"
12a_1177_72,"[[6, 17, 7, 18], [8, 14, 9, 13], [10, 2, 11, 1], [12, 22, 13, 21], [14, 23, 15, 24], [16, 3, 17, 4], [18, 5, 19, 6], [20, 12, 21, 11], [22, 7, 23, 8], [24, 10, 1, 9], [2, 15, 3, 16], [4, 19, 5, 20]]"
12a_1177_73,"[[4, 19, 5, 20], [6, 17, 7, 18], [8, 14, 9, 13], [10, 2, 11, 1], [12, 22, 13, 21], [14, 23, 15, 24], [16, 3, 17, 4], [18, 5, 19, 6], [20, 12, 21, 11], [22, 7, 23, 8], [24, 10, 1, 9], [2, 15, 3, 16]]"
12a_1177_74,"[[2, 15, 3, 16], [4, 19, 5, 20], [6, 17, 7, 18], [8, 14, 9, 13], [10, 2, 11, 1], [12, 22, 13, 21], [14, 23, 15, 24], [16, 3, 17, 4], [18, 5, 19, 6], [20, 12, 21, 11], [22, 7, 23, 8], [24, 10, 1, 9]]"
12a_1177_75,"[[24, 10, 1, 9], [2, 15, 3, 16], [4, 19, 5, 20], [6, 17, 7, 18], [8, 14, 9, 13], [10, 2, 11, 1], [12, 22, 13, 21], [14, 23, 15, 24], [16, 3, 17, 4], [18, 5, 19, 6], [20, 12, 21, 11], [22, 7, 23, 8]]"
12a_1177_76,"[[22, 7, 23, 8], [24, 10, 1, 9], [2, 15, 3, 16], [4, 19, 5, 20], [6, 17, 7, 18], [8, 14, 9, 13], [10, 2, 11, 1], [12, 22, 13, 21], [14, 23, 15, 24], [16, 3, 17, 4], [18, 5, 19, 6], [20, 12, 21, 11]]"
12a_1177_77,"[[20, 12, 21, 11], [22, 7, 23, 8], [24, 10, 1, 9], [2, 15, 3, 16], [4, 19, 5, 20], [6, 17, 7, 18], [8, 14, 9, 13], [10, 2, 11, 1], [12, 22, 13, 21], [14, 23, 15, 24], [16, 3, 17, 4], [18, 5, 19, 6]]"
12a_1177_78,"[[18, 5, 19, 6], [20, 12, 21, 11], [22, 7, 23, 8], [24, 10, 1, 9], [2, 15, 3, 16], [4, 19, 5, 20], [6, 17, 7, 18], [8, 14, 9, 13], [10, 2, 11, 1], [12, 22, 13, 21], [14, 23, 15, 24], [16, 3, 17, 4]]"
12a_1177_79,"[[16, 3, 17, 4], [18, 5, 19, 6], [20, 12, 21, 11], [22, 7, 23, 8], [24, 10, 1, 9], [2, 15, 3, 16], [4, 19, 5, 20], [6, 17, 7, 18], [8, 14, 9, 13], [10, 2, 11, 1], [12, 22, 13, 21], [14, 23, 15, 24]]"
12a_1177_80,"[[14, 23, 15, 24], [16, 3, 17, 4], [18, 5, 19, 6], [20, 12, 21, 11], [22, 7, 23, 8], [24, 10, 1, 9], [2, 15, 3, 16], [4, 19, 5, 20], [6, 17, 7, 18], [8, 14, 9, 13], [10, 2, 11, 1], [12, 22, 13, 21]]"
12a_1177_81,"[[12, 22, 13, 21], [14, 23, 15, 24], [16, 3, 17, 4], [18, 5, 19, 6], [20, 12, 21, 11], [22, 7, 23, 8], [24, 10, 1, 9], [2, 15, 3, 16], [4, 19, 5, 20], [6, 17, 7, 18], [8, 14, 9, 13], [10, 2, 11, 1]]"
12a_1177_82,"[[10, 2, 11, 1], [12, 22, 13, 21], [14, 23, 15, 24], [16, 3, 17, 4], [18, 5, 19, 6], [20, 12, 21, 11], [22, 7, 23, 8], [24, 10, 1, 9], [2, 15, 3, 16], [4, 19, 5, 20], [6, 17, 7, 18], [8, 14, 9, 13]]"
12a_1177_83,"[[8, 14, 9, 13], [10, 2, 11, 1], [12, 22, 13, 21], [14, 23, 15, 24], [16, 3, 17, 4], [18, 5, 19, 6], [20, 12, 21, 11], [22, 7, 23, 8], [24, 10, 1, 9], [2, 15, 3, 16], [4, 19, 5, 20], [6, 17, 7, 18]]"
12a_1177_84,"[[7, 18, 8, 19], [9, 15, 10, 14], [11, 3, 12, 2], [13, 23, 14, 22], [15, 24, 16, 1], [17, 4, 18, 5], [19, 6, 20, 7], [21, 13, 22, 12], [23, 8, 24, 9], [1, 11, 2, 10], [3, 16, 4, 17], [5, 20, 6, 21]]"
12a_1177_85,"[[5, 20, 6, 21], [7, 18, 8, 19], [9, 15, 10, 14], [11, 3, 12, 2], [13, 23, 14, 22], [15, 24, 16, 1], [17, 4, 18, 5], [19, 6, 20, 7], [21, 13, 22, 12], [23, 8, 24, 9], [1, 11, 2, 10], [3, 16, 4, 17]]"
12a_1177_86,"[[3, 16, 4, 17], [5, 20, 6, 21], [7, 18, 8, 19], [9, 15, 10, 14], [11, 3, 12, 2], [13, 23, 14, 22], [15, 24, 16, 1], [17, 4, 18, 5], [19, 6, 20, 7], [21, 13, 22, 12], [23, 8, 24, 9], [1, 11, 2, 10]]"
12a_1177_87,"[[1, 11, 2, 10], [3, 16, 4, 17], [5, 20, 6, 21], [7, 18, 8, 19], [9, 15, 10, 14], [11, 3, 12, 2], [13, 23, 14, 22], [15, 24, 16, 1], [17, 4, 18, 5], [19, 6, 20, 7], [21, 13, 22, 12], [23, 8, 24, 9]]"
12a_1177_88,"[[23, 8, 24, 9], [1, 11, 2, 10], [3, 16, 4, 17], [5, 20, 6, 21], [7, 18, 8, 19], [9, 15, 10, 14], [11, 3, 12, 2], [13, 23, 14, 22], [15, 24, 16, 1], [17, 4, 18, 5], [19, 6, 20, 7], [21, 13, 22, 12]]"
12a_1177_89,"[[21, 13, 22, 12], [23, 8, 24, 9], [1, 11, 2, 10], [3, 16, 4, 17], [5, 20, 6, 21], [7, 18, 8, 19], [9, 15, 10, 14], [11, 3, 12, 2], [13, 23, 14, 22], [15, 24, 16, 1], [17, 4, 18, 5], [19, 6, 20, 7]]"
12a_1177_90,"[[19, 6, 20, 7], [21, 13, 22, 12], [23, 8, 24, 9], [1, 11, 2, 10], [3, 16, 4, 17], [5, 20, 6, 21], [7, 18, 8, 19], [9, 15, 10, 14], [11, 3, 12, 2], [13, 23, 14, 22], [15, 24, 16, 1], [17, 4, 18, 5]]"
12a_1177_91,"[[17, 4, 18, 5], [19, 6, 20, 7], [21, 13, 22, 12], [23, 8, 24, 9], [1, 11, 2, 10], [3, 16, 4, 17], [5, 20, 6, 21], [7, 18, 8, 19], [9, 15, 10, 14], [11, 3, 12, 2], [13, 23, 14, 22], [15, 24, 16, 1]]"
12a_1177_92,"[[15, 24, 16, 1], [17, 4, 18, 5], [19, 6, 20, 7], [21, 13, 22, 12], [23, 8, 24, 9], [1, 11, 2, 10], [3, 16, 4, 17], [5, 20, 6, 21], [7, 18, 8, 19], [9, 15, 10, 14], [11, 3, 12, 2], [13, 23, 14, 22]]"
12a_1177_93,"[[13, 23, 14, 22], [15, 24, 16, 1], [17, 4, 18, 5], [19, 6, 20, 7], [21, 13, 22, 12], [23, 8, 24, 9], [1, 11, 2, 10], [3, 16, 4, 17], [5, 20, 6, 21], [7, 18, 8, 19], [9, 15, 10, 14], [11, 3, 12, 2]]"
12a_1177_94,"[[11, 3, 12, 2], [13, 23, 14, 22], [15, 24, 16, 1], [17, 4, 18, 5], [19, 6, 20, 7], [21, 13, 22, 12], [23, 8, 24, 9], [1, 11, 2, 10], [3, 16, 4, 17], [5, 20, 6, 21], [7, 18, 8, 19], [9, 15, 10, 14]]"
12a_1177_95,"[[9, 15, 10, 14], [11, 3, 12, 2], [13, 23, 14, 22], [15, 24, 16, 1], [17, 4, 18, 5], [19, 6, 20, 7], [21, 13, 22, 12], [23, 8, 24, 9], [1, 11, 2, 10], [3, 16, 4, 17], [5, 20, 6, 21], [7, 18, 8, 19]]"
12a_1177_96,"[[8, 19, 9, 20], [10, 16, 11, 15], [12, 4, 13, 3], [14, 24, 15, 23], [16, 1, 17, 2], [18, 5, 19, 6], [20, 7, 21, 8], [22, 14, 23, 13], [24, 9, 1, 10], [2, 12, 3, 11], [4, 17, 5, 18], [6, 21, 7, 22]]"
12a_1177_97,"[[6, 21, 7, 22], [8, 19, 9, 20], [10, 16, 11, 15], [12, 4, 13, 3], [14, 24, 15, 23], [16, 1, 17, 2], [18, 5, 19, 6], [20, 7, 21, 8], [22, 14, 23, 13], [24, 9, 1, 10], [2, 12, 3, 11], [4, 17, 5, 18]]"
12a_1177_98,"[[4, 17, 5, 18], [6, 21, 7, 22], [8, 19, 9, 20], [10, 16, 11, 15], [12, 4, 13, 3], [14, 24, 15, 23], [16, 1, 17, 2], [18, 5, 19, 6], [20, 7, 21, 8], [22, 14, 23, 13], [24, 9, 1, 10], [2, 12, 3, 11]]"
12a_1177_99,"[[2, 12, 3, 11], [4, 17, 5, 18], [6, 21, 7, 22], [8, 19, 9, 20], [10, 16, 11, 15], [12, 4, 13, 3], [14, 24, 15, 23], [16, 1, 17, 2], [18, 5, 19, 6], [20, 7, 21, 8], [22, 14, 23, 13], [24, 9, 1, 10]]"
12a_1177_100,"[[24, 9, 1, 10], [2, 12, 3, 11], [4, 17, 5, 18], [6, 21, 7, 22], [8, 19, 9, 20], [10, 16, 11, 15], [12, 4, 13, 3], [14, 24, 15, 23], [16, 1, 17, 2], [18, 5, 19, 6], [20, 7, 21, 8], [22, 14, 23, 13]]"
12a_1177_101,"[[22, 14, 23, 13], [24, 9, 1, 10], [2, 12, 3, 11], [4, 17, 5, 18], [6, 21, 7, 22], [8, 19, 9, 20], [10, 16, 11, 15], [12, 4, 13, 3], [14, 24, 15, 23], [16, 1, 17, 2], [18, 5, 19, 6], [20, 7, 21, 8]]"
12a_1177_102,"[[20, 7, 21, 8], [22, 14, 23, 13], [24, 9, 1, 10], [2, 12, 3, 11], [4, 17, 5, 18], [6, 21, 7, 22], [8, 19, 9, 20], [10, 16, 11, 15], [12, 4, 13, 3], [14, 24, 15, 23], [16, 1, 17, 2], [18, 5, 19, 6]]"
12a_1177_103,"[[18, 5, 19, 6], [20, 7, 21, 8], [22, 14, 23, 13], [24, 9, 1, 10], [2, 12, 3, 11], [4, 17, 5, 18], [6, 21, 7, 22], [8, 19, 9, 20], [10, 16, 11, 15], [12, 4, 13, 3], [14, 24, 15, 23], [16, 1, 17, 2]]"
12a_1177_104,"[[16, 1, 17, 2], [18, 5, 19, 6], [20, 7, 21, 8], [22, 14, 23, 13], [24, 9, 1, 10], [2, 12, 3, 11], [4, 17, 5, 18], [6, 21, 7, 22], [8, 19, 9, 20], [10, 16, 11, 15], [12, 4, 13, 3], [14, 24, 15, 23]]"
12a_1177_105,"[[14, 24, 15, 23], [16, 1, 17, 2], [18, 5, 19, 6], [20, 7, 21, 8], [22, 14, 23, 13], [24, 9, 1, 10], [2, 12, 3, 11], [4, 17, 5, 18], [6, 21, 7, 22], [8, 19, 9, 20], [10, 16, 11, 15], [12, 4, 13, 3]]"
12a_1177_106,"[[12, 4, 13, 3], [14, 24, 15, 23], [16, 1, 17, 2], [18, 5, 19, 6], [20, 7, 21, 8], [22, 14, 23, 13], [24, 9, 1, 10], [2, 12, 3, 11], [4, 17, 5, 18], [6, 21, 7, 22], [8, 19, 9, 20], [10, 16, 11, 15]]"
12a_1177_107,"[[10, 16, 11, 15], [12, 4, 13, 3], [14, 24, 15, 23], [16, 1, 17, 2], [18, 5, 19, 6], [20, 7, 21, 8], [22, 14, 23, 13], [24, 9, 1, 10], [2, 12, 3, 11], [4, 17, 5, 18], [6, 21, 7, 22], [8, 19, 9, 20]]"
12a_1177_108,"[[9, 20, 10, 21], [11, 17, 12, 16], [13, 5, 14, 4], [15, 1, 16, 24], [17, 2, 18, 3], [19, 6, 20, 7], [21, 8, 22, 9], [23, 15, 24, 14], [1, 10, 2, 11], [3, 13, 4, 12], [5, 18, 6, 19], [7, 22, 8, 23]]"
12a_1177_109,"[[7, 22, 8, 23], [9, 20, 10, 21], [11, 17, 12, 16], [13, 5, 14, 4], [15, 1, 16, 24], [17, 2, 18, 3], [19, 6, 20, 7], [21, 8, 22, 9], [23, 15, 24, 14], [1, 10, 2, 11], [3, 13, 4, 12], [5, 18, 6, 19]]"
12a_1177_110,"[[5, 18, 6, 19], [7, 22, 8, 23], [9, 20, 10, 21], [11, 17, 12, 16], [13, 5, 14, 4], [15, 1, 16, 24], [17, 2, 18, 3], [19, 6, 20, 7], [21, 8, 22, 9], [23, 15, 24, 14], [1, 10, 2, 11], [3, 13, 4, 12]]"
12a_1177_111,"[[3, 13, 4, 12], [5, 18, 6, 19], [7, 22, 8, 23], [9, 20, 10, 21], [11, 17, 12, 16], [13, 5, 14, 4], [15, 1, 16, 24], [17, 2, 18, 3], [19, 6, 20, 7], [21, 8, 22, 9], [23, 15, 24, 14], [1, 10, 2, 11]]"
12a_1177_112,"[[1, 10, 2, 11], [3, 13, 4, 12], [5, 18, 6, 19], [7, 22, 8, 23], [9, 20, 10, 21], [11, 17, 12, 16], [13, 5, 14, 4], [15, 1, 16, 24], [17, 2, 18, 3], [19, 6, 20, 7], [21, 8, 22, 9], [23, 15, 24, 14]]"
12a_1177_113,"[[23, 15, 24, 14], [1, 10, 2, 11], [3, 13, 4, 12], [5, 18, 6, 19], [7, 22, 8, 23], [9, 20, 10, 21], [11, 17, 12, 16], [13, 5, 14, 4], [15, 1, 16, 24], [17, 2, 18, 3], [19, 6, 20, 7], [21, 8, 22, 9]]"
12a_1177_114,"[[21, 8, 22, 9], [23, 15, 24, 14], [1, 10, 2, 11], [3, 13, 4, 12], [5, 18, 6, 19], [7, 22, 8, 23], [9, 20, 10, 21], [11, 17, 12, 16], [13, 5, 14, 4], [15, 1, 16, 24], [17, 2, 18, 3], [19, 6, 20, 7]]"
12a_1177_115,"[[19, 6, 20, 7], [21, 8, 22, 9], [23, 15, 24, 14], [1, 10, 2, 11], [3, 13, 4, 12], [5, 18, 6, 19], [7, 22, 8, 23], [9, 20, 10, 21], [11, 17, 12, 16], [13, 5, 14, 4], [15, 1, 16, 24], [17, 2, 18, 3]]"
12a_1177_116,"[[17, 2, 18, 3], [19, 6, 20, 7], [21, 8, 22, 9], [23, 15, 24, 14], [1, 10, 2, 11], [3, 13, 4, 12], [5, 18, 6, 19], [7, 22, 8, 23], [9, 20, 10, 21], [11, 17, 12, 16], [13, 5, 14, 4], [15, 1, 16, 24]]"
12a_1177_117,"[[15, 1, 16, 24], [17, 2, 18, 3], [19, 6, 20, 7], [21, 8, 22, 9], [23, 15, 24, 14], [1, 10, 2, 11], [3, 13, 4, 12], [5, 18, 6, 19], [7, 22, 8, 23], [9, 20, 10, 21], [11, 17, 12, 16], [13, 5, 14, 4]]"
12a_1177_118,"[[13, 5, 14, 4], [15, 1, 16, 24], [17, 2, 18, 3], [19, 6, 20, 7], [21, 8, 22, 9], [23, 15, 24, 14], [1, 10, 2, 11], [3, 13, 4, 12], [5, 18, 6, 19], [7, 22, 8, 23], [9, 20, 10, 21], [11, 17, 12, 16]]"
12a_1177_119,"[[11, 17, 12, 16], [13, 5, 14, 4], [15, 1, 16, 24], [17, 2, 18, 3], [19, 6, 20, 7], [21, 8, 22, 9], [23, 15, 24, 14], [1, 10, 2, 11], [3, 13, 4, 12], [5, 18, 6, 19], [7, 22, 8, 23], [9, 20, 10, 21]]"
12a_1177_120,"[[10, 21, 11, 22], [12, 18, 13, 17], [14, 6, 15, 5], [16, 2, 17, 1], [18, 3, 19, 4], [20, 7, 21, 8], [22, 9, 23, 10], [24, 16, 1, 15], [2, 11, 3, 12], [4, 14, 5, 13], [6, 19, 7, 20], [8, 23, 9, 24]]"
12a_1177_121,"[[8, 23, 9, 24], [10, 21, 11, 22], [12, 18, 13, 17], [14, 6, 15, 5], [16, 2, 17, 1], [18, 3, 19, 4], [20, 7, 21, 8], [22, 9, 23, 10], [24, 16, 1, 15], [2, 11, 3, 12], [4, 14, 5, 13], [6, 19, 7, 20]]"
12a_1177_122,"[[6, 19, 7, 20], [8, 23, 9, 24], [10, 21, 11, 22], [12, 18, 13, 17], [14, 6, 15, 5], [16, 2, 17, 1], [18, 3, 19, 4], [20, 7, 21, 8], [22, 9, 23, 10], [24, 16, 1, 15], [2, 11, 3, 12], [4, 14, 5, 13]]"
12a_1177_123,"[[4, 14, 5, 13], [6, 19, 7, 20], [8, 23, 9, 24], [10, 21, 11, 22], [12, 18, 13, 17], [14, 6, 15, 5], [16, 2, 17, 1], [18, 3, 19, 4], [20, 7, 21, 8], [22, 9, 23, 10], [24, 16, 1, 15], [2, 11, 3, 12]]"
12a_1177_124,"[[2, 11, 3, 12], [4, 14, 5, 13], [6, 19, 7, 20], [8, 23, 9, 24], [10, 21, 11, 22], [12, 18, 13, 17], [14, 6, 15, 5], [16, 2, 17, 1], [18, 3, 19, 4], [20, 7, 21, 8], [22, 9, 23, 10], [24, 16, 1, 15]]"
12a_1177_125,"[[24, 16, 1, 15], [2, 11, 3, 12], [4, 14, 5, 13], [6, 19, 7, 20], [8, 23, 9, 24], [10, 21, 11, 22], [12, 18, 13, 17], [14, 6, 15, 5], [16, 2, 17, 1], [18, 3, 19, 4], [20, 7, 21, 8], [22, 9, 23, 10]]"
12a_1177_126,"[[22, 9, 23, 10], [24, 16, 1, 15], [2, 11, 3, 12], [4, 14, 5, 13], [6, 19, 7, 20], [8, 23, 9, 24], [10, 21, 11, 22], [12, 18, 13, 17], [14, 6, 15, 5], [16, 2, 17, 1], [18, 3, 19, 4], [20, 7, 21, 8]]"
12a_1177_127,"[[20, 7, 21, 8], [22, 9, 23, 10], [24, 16, 1, 15], [2, 11, 3, 12], [4, 14, 5, 13], [6, 19, 7, 20], [8, 23, 9, 24], [10, 21, 11, 22], [12, 18, 13, 17], [14, 6, 15, 5], [16, 2, 17, 1], [18, 3, 19, 4]]"
12a_1177_128,"[[18, 3, 19, 4], [20, 7, 21, 8], [22, 9, 23, 10], [24, 16, 1, 15], [2, 11, 3, 12], [4, 14, 5, 13], [6, 19, 7, 20], [8, 23, 9, 24], [10, 21, 11, 22], [12, 18, 13, 17], [14, 6, 15, 5], [16, 2, 17, 1]]"
12a_1177_129,"[[16, 2, 17, 1], [18, 3, 19, 4], [20, 7, 21, 8], [22, 9, 23, 10], [24, 16, 1, 15], [2, 11, 3, 12], [4, 14, 5, 13], [6, 19, 7, 20], [8, 23, 9, 24], [10, 21, 11, 22], [12, 18, 13, 17], [14, 6, 15, 5]]"
12a_1177_130,"[[14, 6, 15, 5], [16, 2, 17, 1], [18, 3, 19, 4], [20, 7, 21, 8], [22, 9, 23, 10], [24, 16, 1, 15], [2, 11, 3, 12], [4, 14, 5, 13], [6, 19, 7, 20], [8, 23, 9, 24], [10, 21, 11, 22], [12, 18, 13, 17]]"
12a_1177_131,"[[12, 18, 13, 17], [14, 6, 15, 5], [16, 2, 17, 1], [18, 3, 19, 4], [20, 7, 21, 8], [22, 9, 23, 10], [24, 16, 1, 15], [2, 11, 3, 12], [4, 14, 5, 13], [6, 19, 7, 20], [8, 23, 9, 24], [10, 21, 11, 22]]"
12a_1177_132,"[[11, 22, 12, 23], [13, 19, 14, 18], [15, 7, 16, 6], [17, 3, 18, 2], [19, 4, 20, 5], [21, 8, 22, 9], [23, 10, 24, 11], [1, 17, 2, 16], [3, 12, 4, 13], [5, 15, 6, 14], [7, 20, 8, 21], [9, 24, 10, 1]]"
12a_1177_133,"[[9, 24, 10, 1], [11, 22, 12, 23], [13, 19, 14, 18], [15, 7, 16, 6], [17, 3, 18, 2], [19, 4, 20, 5], [21, 8, 22, 9], [23, 10, 24, 11], [1, 17, 2, 16], [3, 12, 4, 13], [5, 15, 6, 14], [7, 20, 8, 21]]"
12a_1177_134,"[[7, 20, 8, 21], [9, 24, 10, 1], [11, 22, 12, 23], [13, 19, 14, 18], [15, 7, 16, 6], [17, 3, 18, 2], [19, 4, 20, 5], [21, 8, 22, 9], [23, 10, 24, 11], [1, 17, 2, 16], [3, 12, 4, 13], [5, 15, 6, 14]]"
12a_1177_135,"[[5, 15, 6, 14], [7, 20, 8, 21], [9, 24, 10, 1], [11, 22, 12, 23], [13, 19, 14, 18], [15, 7, 16, 6], [17, 3, 18, 2], [19, 4, 20, 5], [21, 8, 22, 9], [23, 10, 24, 11], [1, 17, 2, 16], [3, 12, 4, 13]]"
12a_1177_136,"[[3, 12, 4, 13], [5, 15, 6, 14], [7, 20, 8, 21], [9, 24, 10, 1], [11, 22, 12, 23], [13, 19, 14, 18], [15, 7, 16, 6], [17, 3, 18, 2], [19, 4, 20, 5], [21, 8, 22, 9], [23, 10, 24, 11], [1, 17, 2, 16]]"
12a_1177_137,"[[1, 17, 2, 16], [3, 12, 4, 13], [5, 15, 6, 14], [7, 20, 8, 21], [9, 24, 10, 1], [11, 22, 12, 23], [13, 19, 14, 18], [15, 7, 16, 6], [17, 3, 18, 2], [19, 4, 20, 5], [21, 8, 22, 9], [23, 10, 24, 11]]"
12a_1177_138,"[[23, 10, 24, 11], [1, 17, 2, 16], [3, 12, 4, 13], [5, 15, 6, 14], [7, 20, 8, 21], [9, 24, 10, 1], [11, 22, 12, 23], [13, 19, 14, 18], [15, 7, 16, 6], [17, 3, 18, 2], [19, 4, 20, 5], [21, 8, 22, 9]]"
12a_1177_139,"[[21, 8, 22, 9], [23, 10, 24, 11], [1, 17, 2, 16], [3, 12, 4, 13], [5, 15, 6, 14], [7, 20, 8, 21], [9, 24, 10, 1], [11, 22, 12, 23], [13, 19, 14, 18], [15, 7, 16, 6], [17, 3, 18, 2], [19, 4, 20, 5]]"
12a_1177_140,"[[19, 4, 20, 5], [21, 8, 22, 9], [23, 10, 24, 11], [1, 17, 2, 16], [3, 12, 4, 13], [5, 15, 6, 14], [7, 20, 8, 21], [9, 24, 10, 1], [11, 22, 12, 23], [13, 19, 14, 18], [15, 7, 16, 6], [17, 3, 18, 2]]"
12a_1177_141,"[[17, 3, 18, 2], [19, 4, 20, 5], [21, 8, 22, 9], [23, 10, 24, 11], [1, 17, 2, 16], [3, 12, 4, 13], [5, 15, 6, 14], [7, 20, 8, 21], [9, 24, 10, 1], [11, 22, 12, 23], [13, 19, 14, 18], [15, 7, 16, 6]]"
12a_1177_142,"[[15, 7, 16, 6], [17, 3, 18, 2], [19, 4, 20, 5], [21, 8, 22, 9], [23, 10, 24, 11], [1, 17, 2, 16], [3, 12, 4, 13], [5, 15, 6, 14], [7, 20, 8, 21], [9, 24, 10, 1], [11, 22, 12, 23], [13, 19, 14, 18]]"
12a_1177_143,"[[13, 19, 14, 18], [15, 7, 16, 6], [17, 3, 18, 2], [19, 4, 20, 5], [21, 8, 22, 9], [23, 10, 24, 11], [1, 17, 2, 16], [3, 12, 4, 13], [5, 15, 6, 14], [7, 20, 8, 21], [9, 24, 10, 1], [11, 22, 12, 23]]"
12a_1177_144,"[[12, 23, 13, 24], [14, 20, 15, 19], [16, 8, 17, 7], [18, 4, 19, 3], [20, 5, 21, 6], [22, 9, 23, 10], [24, 11, 1, 12], [2, 18, 3, 17], [4, 13, 5, 14], [6, 16, 7, 15], [8, 21, 9, 22], [10, 1, 11, 2]]"
12a_1177_145,"[[10, 1, 11, 2], [12, 23, 13, 24], [14, 20, 15, 19], [16, 8, 17, 7], [18, 4, 19, 3], [20, 5, 21, 6], [22, 9, 23, 10], [24, 11, 1, 12], [2, 18, 3, 17], [4, 13, 5, 14], [6, 16, 7, 15], [8, 21, 9, 22]]"
12a_1177_146,"[[8, 21, 9, 22], [10, 1, 11, 2], [12, 23, 13, 24], [14, 20, 15, 19], [16, 8, 17, 7], [18, 4, 19, 3], [20, 5, 21, 6], [22, 9, 23, 10], [24, 11, 1, 12], [2, 18, 3, 17], [4, 13, 5, 14], [6, 16, 7, 15]]"
12a_1177_147,"[[6, 16, 7, 15], [8, 21, 9, 22], [10, 1, 11, 2], [12, 23, 13, 24], [14, 20, 15, 19], [16, 8, 17, 7], [18, 4, 19, 3], [20, 5, 21, 6], [22, 9, 23, 10], [24, 11, 1, 12], [2, 18, 3, 17], [4, 13, 5, 14]]"
12a_1177_148,"[[4, 13, 5, 14], [6, 16, 7, 15], [8, 21, 9, 22], [10, 1, 11, 2], [12, 23, 13, 24], [14, 20, 15, 19], [16, 8, 17, 7], [18, 4, 19, 3], [20, 5, 21, 6], [22, 9, 23, 10], [24, 11, 1, 12], [2, 18, 3, 17]]"
12a_1177_149,"[[2, 18, 3, 17], [4, 13, 5, 14], [6, 16, 7, 15], [8, 21, 9, 22], [10, 1, 11, 2], [12, 23, 13, 24], [14, 20, 15, 19], [16, 8, 17, 7], [18, 4, 19, 3], [20, 5, 21, 6], [22, 9, 23, 10], [24, 11, 1, 12]]"
12a_1177_150,"[[24, 11, 1, 12], [2, 18, 3, 17], [4, 13, 5, 14], [6, 16, 7, 15], [8, 21, 9, 22], [10, 1, 11, 2], [12, 23, 13, 24], [14, 20, 15, 19], [16, 8, 17, 7], [18, 4, 19, 3], [20, 5, 21, 6], [22, 9, 23, 10]]"
12a_1177_151,"[[22, 9, 23, 10], [24, 11, 1, 12], [2, 18, 3, 17], [4, 13, 5, 14], [6, 16, 7, 15], [8, 21, 9, 22], [10, 1, 11, 2], [12, 23, 13, 24], [14, 20, 15, 19], [16, 8, 17, 7], [18, 4, 19, 3], [20, 5, 21, 6]]"
12a_1177_152,"[[20, 5, 21, 6], [22, 9, 23, 10], [24, 11, 1, 12], [2, 18, 3, 17], [4, 13, 5, 14], [6, 16, 7, 15], [8, 21, 9, 22], [10, 1, 11, 2], [12, 23, 13, 24], [14, 20, 15, 19], [16, 8, 17, 7], [18, 4, 19, 3]]"
12a_1177_153,"[[18, 4, 19, 3], [20, 5, 21, 6], [22, 9, 23, 10], [24, 11, 1, 12], [2, 18, 3, 17], [4, 13, 5, 14], [6, 16, 7, 15], [8, 21, 9, 22], [10, 1, 11, 2], [12, 23, 13, 24], [14, 20, 15, 19], [16, 8, 17, 7]]"
12a_1177_154,"[[16, 8, 17, 7], [18, 4, 19, 3], [20, 5, 21, 6], [22, 9, 23, 10], [24, 11, 1, 12], [2, 18, 3, 17], [4, 13, 5, 14], [6, 16, 7, 15], [8, 21, 9, 22], [10, 1, 11, 2], [12, 23, 13, 24], [14, 20, 15, 19]]"
12a_1177_155,"[[14, 20, 15, 19], [16, 8, 17, 7], [18, 4, 19, 3], [20, 5, 21, 6], [22, 9, 23, 10], [24, 11, 1, 12], [2, 18, 3, 17], [4, 13, 5, 14], [6, 16, 7, 15], [8, 21, 9, 22], [10, 1, 11, 2], [12, 23, 13, 24]]"
12a_1177_156,"[[13, 24, 14, 1], [15, 21, 16, 20], [17, 9, 18, 8], [19, 5, 20, 4], [21, 6, 22, 7], [23, 10, 24, 11], [1, 12, 2, 13], [3, 19, 4, 18], [5, 14, 6, 15], [7, 17, 8, 16], [9, 22, 10, 23], [11, 2, 12, 3]]"
12a_1177_157,"[[11, 2, 12, 3], [13, 24, 14, 1], [15, 21, 16, 20], [17, 9, 18, 8], [19, 5, 20, 4], [21, 6, 22, 7], [23, 10, 24, 11], [1, 12, 2, 13], [3, 19, 4, 18], [5, 14, 6, 15], [7, 17, 8, 16], [9, 22, 10, 23]]"
12a_1177_158,"[[9, 22, 10, 23], [11, 2, 12, 3], [13, 24, 14, 1], [15, 21, 16, 20], [17, 9, 18, 8], [19, 5, 20, 4], [21, 6, 22, 7], [23, 10, 24, 11], [1, 12, 2, 13], [3, 19, 4, 18], [5, 14, 6, 15], [7, 17, 8, 16]]"
12a_1177_159,"[[7, 17, 8, 16], [9, 22, 10, 23], [11, 2, 12, 3], [13, 24, 14, 1], [15, 21, 16, 20], [17, 9, 18, 8], [19, 5, 20, 4], [21, 6, 22, 7], [23, 10, 24, 11], [1, 12, 2, 13], [3, 19, 4, 18], [5, 14, 6, 15]]"
12a_1177_160,"[[5, 14, 6, 15], [7, 17, 8, 16], [9, 22, 10, 23], [11, 2, 12, 3], [13, 24, 14, 1], [15, 21, 16, 20], [17, 9, 18, 8], [19, 5, 20, 4], [21, 6, 22, 7], [23, 10, 24, 11], [1, 12, 2, 13], [3, 19, 4, 18]]"
12a_1177_161,"[[3, 19, 4, 18], [5, 14, 6, 15], [7, 17, 8, 16], [9, 22, 10, 23], [11, 2, 12, 3], [13, 24, 14, 1], [15, 21, 16, 20], [17, 9, 18, 8], [19, 5, 20, 4], [21, 6, 22, 7], [23, 10, 24, 11], [1, 12, 2, 13]]"
12a_1177_162,"[[1, 12, 2, 13], [3, 19, 4, 18], [5, 14, 6, 15], [7, 17, 8, 16], [9, 22, 10, 23], [11, 2, 12, 3], [13, 24, 14, 1], [15, 21, 16, 20], [17, 9, 18, 8], [19, 5, 20, 4], [21, 6, 22, 7], [23, 10, 24, 11]]"
12a_1177_163,"[[23, 10, 24, 11], [1, 12, 2, 13], [3, 19, 4, 18], [5, 14, 6, 15], [7, 17, 8, 16], [9, 22, 10, 23], [11, 2, 12, 3], [13, 24, 14, 1], [15, 21, 16, 20], [17, 9, 18, 8], [19, 5, 20, 4], [21, 6, 22, 7]]"
12a_1177_164,"[[21, 6, 22, 7], [23, 10, 24, 11], [1, 12, 2, 13], [3, 19, 4, 18], [5, 14, 6, 15], [7, 17, 8, 16], [9, 22, 10, 23], [11, 2, 12, 3], [13, 24, 14, 1], [15, 21, 16, 20], [17, 9, 18, 8], [19, 5, 20, 4]]"
12a_1177_165,"[[19, 5, 20, 4], [21, 6, 22, 7], [23, 10, 24, 11], [1, 12, 2, 13], [3, 19, 4, 18], [5, 14, 6, 15], [7, 17, 8, 16], [9, 22, 10, 23], [11, 2, 12, 3], [13, 24, 14, 1], [15, 21, 16, 20], [17, 9, 18, 8]]"
12a_1177_166,"[[17, 9, 18, 8], [19, 5, 20, 4], [21, 6, 22, 7], [23, 10, 24, 11], [1, 12, 2, 13], [3, 19, 4, 18], [5, 14, 6, 15], [7, 17, 8, 16], [9, 22, 10, 23], [11, 2, 12, 3], [13, 24, 14, 1], [15, 21, 16, 20]]"
12a_1177_167,"[[15, 21, 16, 20], [17, 9, 18, 8], [19, 5, 20, 4], [21, 6, 22, 7], [23, 10, 24, 11], [1, 12, 2, 13], [3, 19, 4, 18], [5, 14, 6, 15], [7, 17, 8, 16], [9, 22, 10, 23], [11, 2, 12, 3], [13, 24, 14, 1]]"
12a_1177_168,"[[14, 1, 15, 2], [16, 22, 17, 21], [18, 10, 19, 9], [20, 6, 21, 5], [22, 7, 23, 8], [24, 11, 1, 12], [2, 13, 3, 14], [4, 20, 5, 19], [6, 15, 7, 16], [8, 18, 9, 17], [10, 23, 11, 24], [12, 3, 13, 4]]"
12a_1177_169,"[[12, 3, 13, 4], [14, 1, 15, 2], [16, 22, 17, 21], [18, 10, 19, 9], [20, 6, 21, 5], [22, 7, 23, 8], [24, 11, 1, 12], [2, 13, 3, 14], [4, 20, 5, 19], [6, 15, 7, 16], [8, 18, 9, 17], [10, 23, 11, 24]]"
12a_1177_170,"[[10, 23, 11, 24], [12, 3, 13, 4], [14, 1, 15, 2], [16, 22, 17, 21], [18, 10, 19, 9], [20, 6, 21, 5], [22, 7, 23, 8], [24, 11, 1, 12], [2, 13, 3, 14], [4, 20, 5, 19], [6, 15, 7, 16], [8, 18, 9, 17]]"
12a_1177_171,"[[8, 18, 9, 17], [10, 23, 11, 24], [12, 3, 13, 4], [14, 1, 15, 2], [16, 22, 17, 21], [18, 10, 19, 9], [20, 6, 21, 5], [22, 7, 23, 8], [24, 11, 1, 12], [2, 13, 3, 14], [4, 20, 5, 19], [6, 15, 7, 16]]"
12a_1177_172,"[[6, 15, 7, 16], [8, 18, 9, 17], [10, 23, 11, 24], [12, 3, 13, 4], [14, 1, 15, 2], [16, 22, 17, 21], [18, 10, 19, 9], [20, 6, 21, 5], [22, 7, 23, 8], [24, 11, 1, 12], [2, 13, 3, 14], [4, 20, 5, 19]]"
12a_1177_173,"[[4, 20, 5, 19], [6, 15, 7, 16], [8, 18, 9, 17], [10, 23, 11, 24], [12, 3, 13, 4], [14, 1, 15, 2], [16, 22, 17, 21], [18, 10, 19, 9], [20, 6, 21, 5], [22, 7, 23, 8], [24, 11, 1, 12], [2, 13, 3, 14]]"
12a_1177_174,"[[2, 13, 3, 14], [4, 20, 5, 19], [6, 15, 7, 16], [8, 18, 9, 17], [10, 23, 11, 24], [12, 3, 13, 4], [14, 1, 15, 2], [16, 22, 17, 21], [18, 10, 19, 9], [20, 6, 21, 5], [22, 7, 23, 8], [24, 11, 1, 12]]"
12a_1177_175,"[[24, 11, 1, 12], [2, 13, 3, 14], [4, 20, 5, 19], [6, 15, 7, 16], [8, 18, 9, 17], [10, 23, 11, 24], [12, 3, 13, 4], [14, 1, 15, 2], [16, 22, 17, 21], [18, 10, 19, 9], [20, 6, 21, 5], [22, 7, 23, 8]]"
12a_1177_176,"[[22, 7, 23, 8], [24, 11, 1, 12], [2, 13, 3, 14], [4, 20, 5, 19], [6, 15, 7, 16], [8, 18, 9, 17], [10, 23, 11, 24], [12, 3, 13, 4], [14, 1, 15, 2], [16, 22, 17, 21], [18, 10, 19, 9], [20, 6, 21, 5]]"
12a_1177_177,"[[20, 6, 21, 5], [22, 7, 23, 8], [24, 11, 1, 12], [2, 13, 3, 14], [4, 20, 5, 19], [6, 15, 7, 16], [8, 18, 9, 17], [10, 23, 11, 24], [12, 3, 13, 4], [14, 1, 15, 2], [16, 22, 17, 21], [18, 10, 19, 9]]"
12a_1177_178,"[[18, 10, 19, 9], [20, 6, 21, 5], [22, 7, 23, 8], [24, 11, 1, 12], [2, 13, 3, 14], [4, 20, 5, 19], [6, 15, 7, 16], [8, 18, 9, 17], [10, 23, 11, 24], [12, 3, 13, 4], [14, 1, 15, 2], [16, 22, 17, 21]]"
12a_1177_179,"[[16, 22, 17, 21], [18, 10, 19, 9], [20, 6, 21, 5], [22, 7, 23, 8], [24, 11, 1, 12], [2, 13, 3, 14], [4, 20, 5, 19], [6, 15, 7, 16], [8, 18, 9, 17], [10, 23, 11, 24], [12, 3, 13, 4], [14, 1, 15, 2]]"
12a_1177_180,"[[15, 2, 16, 3], [17, 23, 18, 22], [19, 11, 20, 10], [21, 7, 22, 6], [23, 8, 24, 9], [1, 12, 2, 13], [3, 14, 4, 15], [5, 21, 6, 20], [7, 16, 8, 17], [9, 19, 10, 18], [11, 24, 12, 1], [13, 4, 14, 5]]"
12a_1177_181,"[[13, 4, 14, 5], [15, 2, 16, 3], [17, 23, 18, 22], [19, 11, 20, 10], [21, 7, 22, 6], [23, 8, 24, 9], [1, 12, 2, 13], [3, 14, 4, 15], [5, 21, 6, 20], [7, 16, 8, 17], [9, 19, 10, 18], [11, 24, 12, 1]]"
12a_1177_182,"[[11, 24, 12, 1], [13, 4, 14, 5], [15, 2, 16, 3], [17, 23, 18, 22], [19, 11, 20, 10], [21, 7, 22, 6], [23, 8, 24, 9], [1, 12, 2, 13], [3, 14, 4, 15], [5, 21, 6, 20], [7, 16, 8, 17], [9, 19, 10, 18]]"
12a_1177_183,"[[9, 19, 10, 18], [11, 24, 12, 1], [13, 4, 14, 5], [15, 2, 16, 3], [17, 23, 18, 22], [19, 11, 20, 10], [21, 7, 22, 6], [23, 8, 24, 9], [1, 12, 2, 13], [3, 14, 4, 15], [5, 21, 6, 20], [7, 16, 8, 17]]"
12a_1177_184,"[[7, 16, 8, 17], [9, 19, 10, 18], [11, 24, 12, 1], [13, 4, 14, 5], [15, 2, 16, 3], [17, 23, 18, 22], [19, 11, 20, 10], [21, 7, 22, 6], [23, 8, 24, 9], [1, 12, 2, 13], [3, 14, 4, 15], [5, 21, 6, 20]]"
12a_1177_185,"[[5, 21, 6, 20], [7, 16, 8, 17], [9, 19, 10, 18], [11, 24, 12, 1], [13, 4, 14, 5], [15, 2, 16, 3], [17, 23, 18, 22], [19, 11, 20, 10], [21, 7, 22, 6], [23, 8, 24, 9], [1, 12, 2, 13], [3, 14, 4, 15]]"
