name,pd_notation
12a_0268_0,"[[24, 17, 1, 18], [2, 6, 3, 5], [4, 12, 5, 11], [6, 16, 7, 15], [8, 13, 9, 14], [10, 4, 11, 3], [12, 21, 13, 22], [14, 20, 15, 19], [16, 23, 17, 24], [18, 8, 19, 7], [20, 9, 21, 10], [22, 1, 23, 2]]"
12a_0268_1,"[[22, 1, 23, 2], [24, 17, 1, 18], [2, 6, 3, 5], [4, 12, 5, 11], [6, 16, 7, 15], [8, 13, 9, 14], [10, 4, 11, 3], [12, 21, 13, 22], [14, 20, 15, 19], [16, 23, 17, 24], [18, 8, 19, 7], [20, 9, 21, 10]]"
12a_0268_2,"[[20, 9, 21, 10], [22, 1, 23, 2], [24, 17, 1, 18], [2, 6, 3, 5], [4, 12, 5, 11], [6, 16, 7, 15], [8, 13, 9, 14], [10, 4, 11, 3], [12, 21, 13, 22], [14, 20, 15, 19], [16, 23, 17, 24], [18, 8, 19, 7]]"
12a_0268_3,"[[18, 8, 19, 7], [20, 9, 21, 10], [22, 1, 23, 2], [24, 17, 1, 18], [2, 6, 3, 5], [4, 12, 5, 11], [6, 16, 7, 15], [8, 13, 9, 14], [10, 4, 11, 3], [12, 21, 13, 22], [14, 20, 15, 19], [16, 23, 17, 24]]"
12a_0268_4,"[[16, 23, 17, 24], [18, 8, 19, 7], [20, 9, 21, 10], [22, 1, 23, 2], [24, 17, 1, 18], [2, 6, 3, 5], [4, 12, 5, 11], [6, 16, 7, 15], [8, 13, 9, 14], [10, 4, 11, 3], [12, 21, 13, 22], [14, 20, 15, 19]]"
12a_0268_5,"[[14, 20, 15, 19], [16, 23, 17, 24], [18, 8, 19, 7], [20, 9, 21, 10], [22, 1, 23, 2], [24, 17, 1, 18], [2, 6, 3, 5], [4, 12, 5, 11], [6, 16, 7, 15], [8, 13, 9, 14], [10, 4, 11, 3], [12, 21, 13, 22]]"
12a_0268_6,"[[12, 21, 13, 22], [14, 20, 15, 19], [16, 23, 17, 24], [18, 8, 19, 7], [20, 9, 21, 10], [22, 1, 23, 2], [24, 17, 1, 18], [2, 6, 3, 5], [4, 12, 5, 11], [6, 16, 7, 15], [8, 13, 9, 14], [10, 4, 11, 3]]"
12a_0268_7,"[[10, 4, 11, 3], [12, 21, 13, 22], [14, 20, 15, 19], [16, 23, 17, 24], [18, 8, 19, 7], [20, 9, 21, 10], [22, 1, 23, 2], [24, 17, 1, 18], [2, 6, 3, 5], [4, 12, 5, 11], [6, 16, 7, 15], [8, 13, 9, 14]]"
12a_0268_8,"[[8, 13, 9, 14], [10, 4, 11, 3], [12, 21, 13, 22], [14, 20, 15, 19], [16, 23, 17, 24], [18, 8, 19, 7], [20, 9, 21, 10], [22, 1, 23, 2], [24, 17, 1, 18], [2, 6, 3, 5], [4, 12, 5, 11], [6, 16, 7, 15]]"
12a_0268_9,"[[6, 16, 7, 15], [8, 13, 9, 14], [10, 4, 11, 3], [12, 21, 13, 22], [14, 20, 15, 19], [16, 23, 17, 24], [18, 8, 19, 7], [20, 9, 21, 10], [22, 1, 23, 2], [24, 17, 1, 18], [2, 6, 3, 5], [4, 12, 5, 11]]"
12a_0268_10,"[[4, 12, 5, 11], [6, 16, 7, 15], [8, 13, 9, 14], [10, 4, 11, 3], [12, 21, 13, 22], [14, 20, 15, 19], [16, 23, 17, 24], [18, 8, 19, 7], [20, 9, 21, 10], [22, 1, 23, 2], [24, 17, 1, 18], [2, 6, 3, 5]]"
12a_0268_11,"[[2, 6, 3, 5], [4, 12, 5, 11], [6, 16, 7, 15], [8, 13, 9, 14], [10, 4, 11, 3], [12, 21, 13, 22], [14, 20, 15, 19], [16, 23, 17, 24], [18, 8, 19, 7], [20, 9, 21, 10], [22, 1, 23, 2], [24, 17, 1, 18]]"
12a_0268_12,"[[1, 18, 2, 19], [3, 7, 4, 6], [5, 13, 6, 12], [7, 17, 8, 16], [9, 14, 10, 15], [11, 5, 12, 4], [13, 22, 14, 23], [15, 21, 16, 20], [17, 24, 18, 1], [19, 9, 20, 8], [21, 10, 22, 11], [23, 2, 24, 3]]"
12a_0268_13,"[[23, 2, 24, 3], [1, 18, 2, 19], [3, 7, 4, 6], [5, 13, 6, 12], [7, 17, 8, 16], [9, 14, 10, 15], [11, 5, 12, 4], [13, 22, 14, 23], [15, 21, 16, 20], [17, 24, 18, 1], [19, 9, 20, 8], [21, 10, 22, 11]]"
12a_0268_14,"[[21, 10, 22, 11], [23, 2, 24, 3], [1, 18, 2, 19], [3, 7, 4, 6], [5, 13, 6, 12], [7, 17, 8, 16], [9, 14, 10, 15], [11, 5, 12, 4], [13, 22, 14, 23], [15, 21, 16, 20], [17, 24, 18, 1], [19, 9, 20, 8]]"
12a_0268_15,"[[19, 9, 20, 8], [21, 10, 22, 11], [23, 2, 24, 3], [1, 18, 2, 19], [3, 7, 4, 6], [5, 13, 6, 12], [7, 17, 8, 16], [9, 14, 10, 15], [11, 5, 12, 4], [13, 22, 14, 23], [15, 21, 16, 20], [17, 24, 18, 1]]"
12a_0268_16,"[[17, 24, 18, 1], [19, 9, 20, 8], [21, 10, 22, 11], [23, 2, 24, 3], [1, 18, 2, 19], [3, 7, 4, 6], [5, 13, 6, 12], [7, 17, 8, 16], [9, 14, 10, 15], [11, 5, 12, 4], [13, 22, 14, 23], [15, 21, 16, 20]]"
12a_0268_17,"[[15, 21, 16, 20], [17, 24, 18, 1], [19, 9, 20, 8], [21, 10, 22, 11], [23, 2, 24, 3], [1, 18, 2, 19], [3, 7, 4, 6], [5, 13, 6, 12], [7, 17, 8, 16], [9, 14, 10, 15], [11, 5, 12, 4], [13, 22, 14, 23]]"
12a_0268_18,"[[13, 22, 14, 23], [15, 21, 16, 20], [17, 24, 18, 1], [19, 9, 20, 8], [21, 10, 22, 11], [23, 2, 24, 3], [1, 18, 2, 19], [3, 7, 4, 6], [5, 13, 6, 12], [7, 17, 8, 16], [9, 14, 10, 15], [11, 5, 12, 4]]"
12a_0268_19,"[[11, 5, 12, 4], [13, 22, 14, 23], [15, 21, 16, 20], [17, 24, 18, 1], [19, 9, 20, 8], [21, 10, 22, 11], [23, 2, 24, 3], [1, 18, 2, 19], [3, 7, 4, 6], [5, 13, 6, 12], [7, 17, 8, 16], [9, 14, 10, 15]]"
12a_0268_20,"[[9, 14, 10, 15], [11, 5, 12, 4], [13, 22, 14, 23], [15, 21, 16, 20], [17, 24, 18, 1], [19, 9, 20, 8], [21, 10, 22, 11], [23, 2, 24, 3], [1, 18, 2, 19], [3, 7, 4, 6], [5, 13, 6, 12], [7, 17, 8, 16]]"
12a_0268_21,"[[7, 17, 8, 16], [9, 14, 10, 15], [11, 5, 12, 4], [13, 22, 14, 23], [15, 21, 16, 20], [17, 24, 18, 1], [19, 9, 20, 8], [21, 10, 22, 11], [23, 2, 24, 3], [1, 18, 2, 19], [3, 7, 4, 6], [5, 13, 6, 12]]"
12a_0268_22,"[[5, 13, 6, 12], [7, 17, 8, 16], [9, 14, 10, 15], [11, 5, 12, 4], [13, 22, 14, 23], [15, 21, 16, 20], [17, 24, 18, 1], [19, 9, 20, 8], [21, 10, 22, 11], [23, 2, 24, 3], [1, 18, 2, 19], [3, 7, 4, 6]]"
12a_0268_23,"[[3, 7, 4, 6], [5, 13, 6, 12], [7, 17, 8, 16], [9, 14, 10, 15], [11, 5, 12, 4], [13, 22, 14, 23], [15, 21, 16, 20], [17, 24, 18, 1], [19, 9, 20, 8], [21, 10, 22, 11], [23, 2, 24, 3], [1, 18, 2, 19]]"
12a_0268_24,"[[2, 19, 3, 20], [4, 8, 5, 7], [6, 14, 7, 13], [8, 18, 9, 17], [10, 15, 11, 16], [12, 6, 13, 5], [14, 23, 15, 24], [16, 22, 17, 21], [18, 1, 19, 2], [20, 10, 21, 9], [22, 11, 23, 12], [24, 3, 1, 4]]"
12a_0268_25,"[[24, 3, 1, 4], [2, 19, 3, 20], [4, 8, 5, 7], [6, 14, 7, 13], [8, 18, 9, 17], [10, 15, 11, 16], [12, 6, 13, 5], [14, 23, 15, 24], [16, 22, 17, 21], [18, 1, 19, 2], [20, 10, 21, 9], [22, 11, 23, 12]]"
12a_0268_26,"[[22, 11, 23, 12], [24, 3, 1, 4], [2, 19, 3, 20], [4, 8, 5, 7], [6, 14, 7, 13], [8, 18, 9, 17], [10, 15, 11, 16], [12, 6, 13, 5], [14, 23, 15, 24], [16, 22, 17, 21], [18, 1, 19, 2], [20, 10, 21, 9]]"
12a_0268_27,"[[20, 10, 21, 9], [22, 11, 23, 12], [24, 3, 1, 4], [2, 19, 3, 20], [4, 8, 5, 7], [6, 14, 7, 13], [8, 18, 9, 17], [10, 15, 11, 16], [12, 6, 13, 5], [14, 23, 15, 24], [16, 22, 17, 21], [18, 1, 19, 2]]"
12a_0268_28,"[[18, 1, 19, 2], [20, 10, 21, 9], [22, 11, 23, 12], [24, 3, 1, 4], [2, 19, 3, 20], [4, 8, 5, 7], [6, 14, 7, 13], [8, 18, 9, 17], [10, 15, 11, 16], [12, 6, 13, 5], [14, 23, 15, 24], [16, 22, 17, 21]]"
12a_0268_29,"[[16, 22, 17, 21], [18, 1, 19, 2], [20, 10, 21, 9], [22, 11, 23, 12], [24, 3, 1, 4], [2, 19, 3, 20], [4, 8, 5, 7], [6, 14, 7, 13], [8, 18, 9, 17], [10, 15, 11, 16], [12, 6, 13, 5], [14, 23, 15, 24]]"
12a_0268_30,"[[14, 23, 15, 24], [16, 22, 17, 21], [18, 1, 19, 2], [20, 10, 21, 9], [22, 11, 23, 12], [24, 3, 1, 4], [2, 19, 3, 20], [4, 8, 5, 7], [6, 14, 7, 13], [8, 18, 9, 17], [10, 15, 11, 16], [12, 6, 13, 5]]"
12a_0268_31,"[[12, 6, 13, 5], [14, 23, 15, 24], [16, 22, 17, 21], [18, 1, 19, 2], [20, 10, 21, 9], [22, 11, 23, 12], [24, 3, 1, 4], [2, 19, 3, 20], [4, 8, 5, 7], [6, 14, 7, 13], [8, 18, 9, 17], [10, 15, 11, 16]]"
12a_0268_32,"[[10, 15, 11, 16], [12, 6, 13, 5], [14, 23, 15, 24], [16, 22, 17, 21], [18, 1, 19, 2], [20, 10, 21, 9], [22, 11, 23, 12], [24, 3, 1, 4], [2, 19, 3, 20], [4, 8, 5, 7], [6, 14, 7, 13], [8, 18, 9, 17]]"
12a_0268_33,"[[8, 18, 9, 17], [10, 15, 11, 16], [12, 6, 13, 5], [14, 23, 15, 24], [16, 22, 17, 21], [18, 1, 19, 2], [20, 10, 21, 9], [22, 11, 23, 12], [24, 3, 1, 4], [2, 19, 3, 20], [4, 8, 5, 7], [6, 14, 7, 13]]"
12a_0268_34,"[[6, 14, 7, 13], [8, 18, 9, 17], [10, 15, 11, 16], [12, 6, 13, 5], [14, 23, 15, 24], [16, 22, 17, 21], [18, 1, 19, 2], [20, 10, 21, 9], [22, 11, 23, 12], [24, 3, 1, 4], [2, 19, 3, 20], [4, 8, 5, 7]]"
12a_0268_35,"[[4, 8, 5, 7], [6, 14, 7, 13], [8, 18, 9, 17], [10, 15, 11, 16], [12, 6, 13, 5], [14, 23, 15, 24], [16, 22, 17, 21], [18, 1, 19, 2], [20, 10, 21, 9], [22, 11, 23, 12], [24, 3, 1, 4], [2, 19, 3, 20]]"
12a_0268_36,"[[3, 20, 4, 21], [5, 9, 6, 8], [7, 15, 8, 14], [9, 19, 10, 18], [11, 16, 12, 17], [13, 7, 14, 6], [15, 24, 16, 1], [17, 23, 18, 22], [19, 2, 20, 3], [21, 11, 22, 10], [23, 12, 24, 13], [1, 4, 2, 5]]"
12a_0268_37,"[[1, 4, 2, 5], [3, 20, 4, 21], [5, 9, 6, 8], [7, 15, 8, 14], [9, 19, 10, 18], [11, 16, 12, 17], [13, 7, 14, 6], [15, 24, 16, 1], [17, 23, 18, 22], [19, 2, 20, 3], [21, 11, 22, 10], [23, 12, 24, 13]]"
12a_0268_38,"[[23, 12, 24, 13], [1, 4, 2, 5], [3, 20, 4, 21], [5, 9, 6, 8], [7, 15, 8, 14], [9, 19, 10, 18], [11, 16, 12, 17], [13, 7, 14, 6], [15, 24, 16, 1], [17, 23, 18, 22], [19, 2, 20, 3], [21, 11, 22, 10]]"
12a_0268_39,"[[21, 11, 22, 10], [23, 12, 24, 13], [1, 4, 2, 5], [3, 20, 4, 21], [5, 9, 6, 8], [7, 15, 8, 14], [9, 19, 10, 18], [11, 16, 12, 17], [13, 7, 14, 6], [15, 24, 16, 1], [17, 23, 18, 22], [19, 2, 20, 3]]"
12a_0268_40,"[[19, 2, 20, 3], [21, 11, 22, 10], [23, 12, 24, 13], [1, 4, 2, 5], [3, 20, 4, 21], [5, 9, 6, 8], [7, 15, 8, 14], [9, 19, 10, 18], [11, 16, 12, 17], [13, 7, 14, 6], [15, 24, 16, 1], [17, 23, 18, 22]]"
12a_0268_41,"[[17, 23, 18, 22], [19, 2, 20, 3], [21, 11, 22, 10], [23, 12, 24, 13], [1, 4, 2, 5], [3, 20, 4, 21], [5, 9, 6, 8], [7, 15, 8, 14], [9, 19, 10, 18], [11, 16, 12, 17], [13, 7, 14, 6], [15, 24, 16, 1]]"
12a_0268_42,"[[15, 24, 16, 1], [17, 23, 18, 22], [19, 2, 20, 3], [21, 11, 22, 10], [23, 12, 24, 13], [1, 4, 2, 5], [3, 20, 4, 21], [5, 9, 6, 8], [7, 15, 8, 14], [9, 19, 10, 18], [11, 16, 12, 17], [13, 7, 14, 6]]"
12a_0268_43,"[[13, 7, 14, 6], [15, 24, 16, 1], [17, 23, 18, 22], [19, 2, 20, 3], [21, 11, 22, 10], [23, 12, 24, 13], [1, 4, 2, 5], [3, 20, 4, 21], [5, 9, 6, 8], [7, 15, 8, 14], [9, 19, 10, 18], [11, 16, 12, 17]]"
12a_0268_44,"[[11, 16, 12, 17], [13, 7, 14, 6], [15, 24, 16, 1], [17, 23, 18, 22], [19, 2, 20, 3], [21, 11, 22, 10], [23, 12, 24, 13], [1, 4, 2, 5], [3, 20, 4, 21], [5, 9, 6, 8], [7, 15, 8, 14], [9, 19, 10, 18]]"
12a_0268_45,"[[9, 19, 10, 18], [11, 16, 12, 17], [13, 7, 14, 6], [15, 24, 16, 1], [17, 23, 18, 22], [19, 2, 20, 3], [21, 11, 22, 10], [23, 12, 24, 13], [1, 4, 2, 5], [3, 20, 4, 21], [5, 9, 6, 8], [7, 15, 8, 14]]"
12a_0268_46,"[[7, 15, 8, 14], [9, 19, 10, 18], [11, 16, 12, 17], [13, 7, 14, 6], [15, 24, 16, 1], [17, 23, 18, 22], [19, 2, 20, 3], [21, 11, 22, 10], [23, 12, 24, 13], [1, 4, 2, 5], [3, 20, 4, 21], [5, 9, 6, 8]]"
12a_0268_47,"[[5, 9, 6, 8], [7, 15, 8, 14], [9, 19, 10, 18], [11, 16, 12, 17], [13, 7, 14, 6], [15, 24, 16, 1], [17, 23, 18, 22], [19, 2, 20, 3], [21, 11, 22, 10], [23, 12, 24, 13], [1, 4, 2, 5], [3, 20, 4, 21]]"
12a_0268_48,"[[4, 21, 5, 22], [6, 10, 7, 9], [8, 16, 9, 15], [10, 20, 11, 19], [12, 17, 13, 18], [14, 8, 15, 7], [16, 1, 17, 2], [18, 24, 19, 23], [20, 3, 21, 4], [22, 12, 23, 11], [24, 13, 1, 14], [2, 5, 3, 6]]"
12a_0268_49,"[[2, 5, 3, 6], [4, 21, 5, 22], [6, 10, 7, 9], [8, 16, 9, 15], [10, 20, 11, 19], [12, 17, 13, 18], [14, 8, 15, 7], [16, 1, 17, 2], [18, 24, 19, 23], [20, 3, 21, 4], [22, 12, 23, 11], [24, 13, 1, 14]]"
12a_0268_50,"[[24, 13, 1, 14], [2, 5, 3, 6], [4, 21, 5, 22], [6, 10, 7, 9], [8, 16, 9, 15], [10, 20, 11, 19], [12, 17, 13, 18], [14, 8, 15, 7], [16, 1, 17, 2], [18, 24, 19, 23], [20, 3, 21, 4], [22, 12, 23, 11]]"
12a_0268_51,"[[22, 12, 23, 11], [24, 13, 1, 14], [2, 5, 3, 6], [4, 21, 5, 22], [6, 10, 7, 9], [8, 16, 9, 15], [10, 20, 11, 19], [12, 17, 13, 18], [14, 8, 15, 7], [16, 1, 17, 2], [18, 24, 19, 23], [20, 3, 21, 4]]"
12a_0268_52,"[[20, 3, 21, 4], [22, 12, 23, 11], [24, 13, 1, 14], [2, 5, 3, 6], [4, 21, 5, 22], [6, 10, 7, 9], [8, 16, 9, 15], [10, 20, 11, 19], [12, 17, 13, 18], [14, 8, 15, 7], [16, 1, 17, 2], [18, 24, 19, 23]]"
12a_0268_53,"[[18, 24, 19, 23], [20, 3, 21, 4], [22, 12, 23, 11], [24, 13, 1, 14], [2, 5, 3, 6], [4, 21, 5, 22], [6, 10, 7, 9], [8, 16, 9, 15], [10, 20, 11, 19], [12, 17, 13, 18], [14, 8, 15, 7], [16, 1, 17, 2]]"
12a_0268_54,"[[16, 1, 17, 2], [18, 24, 19, 23], [20, 3, 21, 4], [22, 12, 23, 11], [24, 13, 1, 14], [2, 5, 3, 6], [4, 21, 5, 22], [6, 10, 7, 9], [8, 16, 9, 15], [10, 20, 11, 19], [12, 17, 13, 18], [14, 8, 15, 7]]"
12a_0268_55,"[[14, 8, 15, 7], [16, 1, 17, 2], [18, 24, 19, 23], [20, 3, 21, 4], [22, 12, 23, 11], [24, 13, 1, 14], [2, 5, 3, 6], [4, 21, 5, 22], [6, 10, 7, 9], [8, 16, 9, 15], [10, 20, 11, 19], [12, 17, 13, 18]]"
12a_0268_56,"[[12, 17, 13, 18], [14, 8, 15, 7], [16, 1, 17, 2], [18, 24, 19, 23], [20, 3, 21, 4], [22, 12, 23, 11], [24, 13, 1, 14], [2, 5, 3, 6], [4, 21, 5, 22], [6, 10, 7, 9], [8, 16, 9, 15], [10, 20, 11, 19]]"
12a_0268_57,"[[10, 20, 11, 19], [12, 17, 13, 18], [14, 8, 15, 7], [16, 1, 17, 2], [18, 24, 19, 23], [20, 3, 21, 4], [22, 12, 23, 11], [24, 13, 1, 14], [2, 5, 3, 6], [4, 21, 5, 22], [6, 10, 7, 9], [8, 16, 9, 15]]"
12a_0268_58,"[[8, 16, 9, 15], [10, 20, 11, 19], [12, 17, 13, 18], [14, 8, 15, 7], [16, 1, 17, 2], [18, 24, 19, 23], [20, 3, 21, 4], [22, 12, 23, 11], [24, 13, 1, 14], [2, 5, 3, 6], [4, 21, 5, 22], [6, 10, 7, 9]]"
12a_0268_59,"[[6, 10, 7, 9], [8, 16, 9, 15], [10, 20, 11, 19], [12, 17, 13, 18], [14, 8, 15, 7], [16, 1, 17, 2], [18, 24, 19, 23], [20, 3, 21, 4], [22, 12, 23, 11], [24, 13, 1, 14], [2, 5, 3, 6], [4, 21, 5, 22]]"
12a_0268_60,"[[5, 22, 6, 23], [7, 11, 8, 10], [9, 17, 10, 16], [11, 21, 12, 20], [13, 18, 14, 19], [15, 9, 16, 8], [17, 2, 18, 3], [19, 1, 20, 24], [21, 4, 22, 5], [23, 13, 24, 12], [1, 14, 2, 15], [3, 6, 4, 7]]"
12a_0268_61,"[[3, 6, 4, 7], [5, 22, 6, 23], [7, 11, 8, 10], [9, 17, 10, 16], [11, 21, 12, 20], [13, 18, 14, 19], [15, 9, 16, 8], [17, 2, 18, 3], [19, 1, 20, 24], [21, 4, 22, 5], [23, 13, 24, 12], [1, 14, 2, 15]]"
12a_0268_62,"[[1, 14, 2, 15], [3, 6, 4, 7], [5, 22, 6, 23], [7, 11, 8, 10], [9, 17, 10, 16], [11, 21, 12, 20], [13, 18, 14, 19], [15, 9, 16, 8], [17, 2, 18, 3], [19, 1, 20, 24], [21, 4, 22, 5], [23, 13, 24, 12]]"
12a_0268_63,"[[23, 13, 24, 12], [1, 14, 2, 15], [3, 6, 4, 7], [5, 22, 6, 23], [7, 11, 8, 10], [9, 17, 10, 16], [11, 21, 12, 20], [13, 18, 14, 19], [15, 9, 16, 8], [17, 2, 18, 3], [19, 1, 20, 24], [21, 4, 22, 5]]"
12a_0268_64,"[[21, 4, 22, 5], [23, 13, 24, 12], [1, 14, 2, 15], [3, 6, 4, 7], [5, 22, 6, 23], [7, 11, 8, 10], [9, 17, 10, 16], [11, 21, 12, 20], [13, 18, 14, 19], [15, 9, 16, 8], [17, 2, 18, 3], [19, 1, 20, 24]]"
12a_0268_65,"[[19, 1, 20, 24], [21, 4, 22, 5], [23, 13, 24, 12], [1, 14, 2, 15], [3, 6, 4, 7], [5, 22, 6, 23], [7, 11, 8, 10], [9, 17, 10, 16], [11, 21, 12, 20], [13, 18, 14, 19], [15, 9, 16, 8], [17, 2, 18, 3]]"
12a_0268_66,"[[17, 2, 18, 3], [19, 1, 20, 24], [21, 4, 22, 5], [23, 13, 24, 12], [1, 14, 2, 15], [3, 6, 4, 7], [5, 22, 6, 23], [7, 11, 8, 10], [9, 17, 10, 16], [11, 21, 12, 20], [13, 18, 14, 19], [15, 9, 16, 8]]"
12a_0268_67,"[[15, 9, 16, 8], [17, 2, 18, 3], [19, 1, 20, 24], [21, 4, 22, 5], [23, 13, 24, 12], [1, 14, 2, 15], [3, 6, 4, 7], [5, 22, 6, 23], [7, 11, 8, 10], [9, 17, 10, 16], [11, 21, 12, 20], [13, 18, 14, 19]]"
12a_0268_68,"[[13, 18, 14, 19], [15, 9, 16, 8], [17, 2, 18, 3], [19, 1, 20, 24], [21, 4, 22, 5], [23, 13, 24, 12], [1, 14, 2, 15], [3, 6, 4, 7], [5, 22, 6, 23], [7, 11, 8, 10], [9, 17, 10, 16], [11, 21, 12, 20]]"
12a_0268_69,"[[11, 21, 12, 20], [13, 18, 14, 19], [15, 9, 16, 8], [17, 2, 18, 3], [19, 1, 20, 24], [21, 4, 22, 5], [23, 13, 24, 12], [1, 14, 2, 15], [3, 6, 4, 7], [5, 22, 6, 23], [7, 11, 8, 10], [9, 17, 10, 16]]"
12a_0268_70,"[[9, 17, 10, 16], [11, 21, 12, 20], [13, 18, 14, 19], [15, 9, 16, 8], [17, 2, 18, 3], [19, 1, 20, 24], [21, 4, 22, 5], [23, 13, 24, 12], [1, 14, 2, 15], [3, 6, 4, 7], [5, 22, 6, 23], [7, 11, 8, 10]]"
12a_0268_71,"[[7, 11, 8, 10], [9, 17, 10, 16], [11, 21, 12, 20], [13, 18, 14, 19], [15, 9, 16, 8], [17, 2, 18, 3], [19, 1, 20, 24], [21, 4, 22, 5], [23, 13, 24, 12], [1, 14, 2, 15], [3, 6, 4, 7], [5, 22, 6, 23]]"
12a_0268_72,"[[6, 23, 7, 24], [8, 12, 9, 11], [10, 18, 11, 17], [12, 22, 13, 21], [14, 19, 15, 20], [16, 10, 17, 9], [18, 3, 19, 4], [20, 2, 21, 1], [22, 5, 23, 6], [24, 14, 1, 13], [2, 15, 3, 16], [4, 7, 5, 8]]"
12a_0268_73,"[[4, 7, 5, 8], [6, 23, 7, 24], [8, 12, 9, 11], [10, 18, 11, 17], [12, 22, 13, 21], [14, 19, 15, 20], [16, 10, 17, 9], [18, 3, 19, 4], [20, 2, 21, 1], [22, 5, 23, 6], [24, 14, 1, 13], [2, 15, 3, 16]]"
12a_0268_74,"[[2, 15, 3, 16], [4, 7, 5, 8], [6, 23, 7, 24], [8, 12, 9, 11], [10, 18, 11, 17], [12, 22, 13, 21], [14, 19, 15, 20], [16, 10, 17, 9], [18, 3, 19, 4], [20, 2, 21, 1], [22, 5, 23, 6], [24, 14, 1, 13]]"
12a_0268_75,"[[24, 14, 1, 13], [2, 15, 3, 16], [4, 7, 5, 8], [6, 23, 7, 24], [8, 12, 9, 11], [10, 18, 11, 17], [12, 22, 13, 21], [14, 19, 15, 20], [16, 10, 17, 9], [18, 3, 19, 4], [20, 2, 21, 1], [22, 5, 23, 6]]"
12a_0268_76,"[[22, 5, 23, 6], [24, 14, 1, 13], [2, 15, 3, 16], [4, 7, 5, 8], [6, 23, 7, 24], [8, 12, 9, 11], [10, 18, 11, 17], [12, 22, 13, 21], [14, 19, 15, 20], [16, 10, 17, 9], [18, 3, 19, 4], [20, 2, 21, 1]]"
12a_0268_77,"[[20, 2, 21, 1], [22, 5, 23, 6], [24, 14, 1, 13], [2, 15, 3, 16], [4, 7, 5, 8], [6, 23, 7, 24], [8, 12, 9, 11], [10, 18, 11, 17], [12, 22, 13, 21], [14, 19, 15, 20], [16, 10, 17, 9], [18, 3, 19, 4]]"
12a_0268_78,"[[18, 3, 19, 4], [20, 2, 21, 1], [22, 5, 23, 6], [24, 14, 1, 13], [2, 15, 3, 16], [4, 7, 5, 8], [6, 23, 7, 24], [8, 12, 9, 11], [10, 18, 11, 17], [12, 22, 13, 21], [14, 19, 15, 20], [16, 10, 17, 9]]"
12a_0268_79,"[[16, 10, 17, 9], [18, 3, 19, 4], [20, 2, 21, 1], [22, 5, 23, 6], [24, 14, 1, 13], [2, 15, 3, 16], [4, 7, 5, 8], [6, 23, 7, 24], [8, 12, 9, 11], [10, 18, 11, 17], [12, 22, 13, 21], [14, 19, 15, 20]]"
12a_0268_80,"[[14, 19, 15, 20], [16, 10, 17, 9], [18, 3, 19, 4], [20, 2, 21, 1], [22, 5, 23, 6], [24, 14, 1, 13], [2, 15, 3, 16], [4, 7, 5, 8], [6, 23, 7, 24], [8, 12, 9, 11], [10, 18, 11, 17], [12, 22, 13, 21]]"
12a_0268_81,"[[12, 22, 13, 21], [14, 19, 15, 20], [16, 10, 17, 9], [18, 3, 19, 4], [20, 2, 21, 1], [22, 5, 23, 6], [24, 14, 1, 13], [2, 15, 3, 16], [4, 7, 5, 8], [6, 23, 7, 24], [8, 12, 9, 11], [10, 18, 11, 17]]"
12a_0268_82,"[[10, 18, 11, 17], [12, 22, 13, 21], [14, 19, 15, 20], [16, 10, 17, 9], [18, 3, 19, 4], [20, 2, 21, 1], [22, 5, 23, 6], [24, 14, 1, 13], [2, 15, 3, 16], [4, 7, 5, 8], [6, 23, 7, 24], [8, 12, 9, 11]]"
12a_0268_83,"[[8, 12, 9, 11], [10, 18, 11, 17], [12, 22, 13, 21], [14, 19, 15, 20], [16, 10, 17, 9], [18, 3, 19, 4], [20, 2, 21, 1], [22, 5, 23, 6], [24, 14, 1, 13], [2, 15, 3, 16], [4, 7, 5, 8], [6, 23, 7, 24]]"
12a_0268_84,"[[7, 24, 8, 1], [9, 13, 10, 12], [11, 19, 12, 18], [13, 23, 14, 22], [15, 20, 16, 21], [17, 11, 18, 10], [19, 4, 20, 5], [21, 3, 22, 2], [23, 6, 24, 7], [1, 15, 2, 14], [3, 16, 4, 17], [5, 8, 6, 9]]"
12a_0268_85,"[[5, 8, 6, 9], [7, 24, 8, 1], [9, 13, 10, 12], [11, 19, 12, 18], [13, 23, 14, 22], [15, 20, 16, 21], [17, 11, 18, 10], [19, 4, 20, 5], [21, 3, 22, 2], [23, 6, 24, 7], [1, 15, 2, 14], [3, 16, 4, 17]]"
12a_0268_86,"[[3, 16, 4, 17], [5, 8, 6, 9], [7, 24, 8, 1], [9, 13, 10, 12], [11, 19, 12, 18], [13, 23, 14, 22], [15, 20, 16, 21], [17, 11, 18, 10], [19, 4, 20, 5], [21, 3, 22, 2], [23, 6, 24, 7], [1, 15, 2, 14]]"
12a_0268_87,"[[1, 15, 2, 14], [3, 16, 4, 17], [5, 8, 6, 9], [7, 24, 8, 1], [9, 13, 10, 12], [11, 19, 12, 18], [13, 23, 14, 22], [15, 20, 16, 21], [17, 11, 18, 10], [19, 4, 20, 5], [21, 3, 22, 2], [23, 6, 24, 7]]"
12a_0268_88,"[[23, 6, 24, 7], [1, 15, 2, 14], [3, 16, 4, 17], [5, 8, 6, 9], [7, 24, 8, 1], [9, 13, 10, 12], [11, 19, 12, 18], [13, 23, 14, 22], [15, 20, 16, 21], [17, 11, 18, 10], [19, 4, 20, 5], [21, 3, 22, 2]]"
12a_0268_89,"[[21, 3, 22, 2], [23, 6, 24, 7], [1, 15, 2, 14], [3, 16, 4, 17], [5, 8, 6, 9], [7, 24, 8, 1], [9, 13, 10, 12], [11, 19, 12, 18], [13, 23, 14, 22], [15, 20, 16, 21], [17, 11, 18, 10], [19, 4, 20, 5]]"
12a_0268_90,"[[19, 4, 20, 5], [21, 3, 22, 2], [23, 6, 24, 7], [1, 15, 2, 14], [3, 16, 4, 17], [5, 8, 6, 9], [7, 24, 8, 1], [9, 13, 10, 12], [11, 19, 12, 18], [13, 23, 14, 22], [15, 20, 16, 21], [17, 11, 18, 10]]"
12a_0268_91,"[[17, 11, 18, 10], [19, 4, 20, 5], [21, 3, 22, 2], [23, 6, 24, 7], [1, 15, 2, 14], [3, 16, 4, 17], [5, 8, 6, 9], [7, 24, 8, 1], [9, 13, 10, 12], [11, 19, 12, 18], [13, 23, 14, 22], [15, 20, 16, 21]]"
12a_0268_92,"[[15, 20, 16, 21], [17, 11, 18, 10], [19, 4, 20, 5], [21, 3, 22, 2], [23, 6, 24, 7], [1, 15, 2, 14], [3, 16, 4, 17], [5, 8, 6, 9], [7, 24, 8, 1], [9, 13, 10, 12], [11, 19, 12, 18], [13, 23, 14, 22]]"
12a_0268_93,"[[13, 23, 14, 22], [15, 20, 16, 21], [17, 11, 18, 10], [19, 4, 20, 5], [21, 3, 22, 2], [23, 6, 24, 7], [1, 15, 2, 14], [3, 16, 4, 17], [5, 8, 6, 9], [7, 24, 8, 1], [9, 13, 10, 12], [11, 19, 12, 18]]"
12a_0268_94,"[[11, 19, 12, 18], [13, 23, 14, 22], [15, 20, 16, 21], [17, 11, 18, 10], [19, 4, 20, 5], [21, 3, 22, 2], [23, 6, 24, 7], [1, 15, 2, 14], [3, 16, 4, 17], [5, 8, 6, 9], [7, 24, 8, 1], [9, 13, 10, 12]]"
12a_0268_95,"[[9, 13, 10, 12], [11, 19, 12, 18], [13, 23, 14, 22], [15, 20, 16, 21], [17, 11, 18, 10], [19, 4, 20, 5], [21, 3, 22, 2], [23, 6, 24, 7], [1, 15, 2, 14], [3, 16, 4, 17], [5, 8, 6, 9], [7, 24, 8, 1]]"
12a_0268_96,"[[8, 1, 9, 2], [10, 14, 11, 13], [12, 20, 13, 19], [14, 24, 15, 23], [16, 21, 17, 22], [18, 12, 19, 11], [20, 5, 21, 6], [22, 4, 23, 3], [24, 7, 1, 8], [2, 16, 3, 15], [4, 17, 5, 18], [6, 9, 7, 10]]"
12a_0268_97,"[[6, 9, 7, 10], [8, 1, 9, 2], [10, 14, 11, 13], [12, 20, 13, 19], [14, 24, 15, 23], [16, 21, 17, 22], [18, 12, 19, 11], [20, 5, 21, 6], [22, 4, 23, 3], [24, 7, 1, 8], [2, 16, 3, 15], [4, 17, 5, 18]]"
12a_0268_98,"[[4, 17, 5, 18], [6, 9, 7, 10], [8, 1, 9, 2], [10, 14, 11, 13], [12, 20, 13, 19], [14, 24, 15, 23], [16, 21, 17, 22], [18, 12, 19, 11], [20, 5, 21, 6], [22, 4, 23, 3], [24, 7, 1, 8], [2, 16, 3, 15]]"
12a_0268_99,"[[2, 16, 3, 15], [4, 17, 5, 18], [6, 9, 7, 10], [8, 1, 9, 2], [10, 14, 11, 13], [12, 20, 13, 19], [14, 24, 15, 23], [16, 21, 17, 22], [18, 12, 19, 11], [20, 5, 21, 6], [22, 4, 23, 3], [24, 7, 1, 8]]"
12a_0268_100,"[[24, 7, 1, 8], [2, 16, 3, 15], [4, 17, 5, 18], [6, 9, 7, 10], [8, 1, 9, 2], [10, 14, 11, 13], [12, 20, 13, 19], [14, 24, 15, 23], [16, 21, 17, 22], [18, 12, 19, 11], [20, 5, 21, 6], [22, 4, 23, 3]]"
12a_0268_101,"[[22, 4, 23, 3], [24, 7, 1, 8], [2, 16, 3, 15], [4, 17, 5, 18], [6, 9, 7, 10], [8, 1, 9, 2], [10, 14, 11, 13], [12, 20, 13, 19], [14, 24, 15, 23], [16, 21, 17, 22], [18, 12, 19, 11], [20, 5, 21, 6]]"
12a_0268_102,"[[20, 5, 21, 6], [22, 4, 23, 3], [24, 7, 1, 8], [2, 16, 3, 15], [4, 17, 5, 18], [6, 9, 7, 10], [8, 1, 9, 2], [10, 14, 11, 13], [12, 20, 13, 19], [14, 24, 15, 23], [16, 21, 17, 22], [18, 12, 19, 11]]"
12a_0268_103,"[[18, 12, 19, 11], [20, 5, 21, 6], [22, 4, 23, 3], [24, 7, 1, 8], [2, 16, 3, 15], [4, 17, 5, 18], [6, 9, 7, 10], [8, 1, 9, 2], [10, 14, 11, 13], [12, 20, 13, 19], [14, 24, 15, 23], [16, 21, 17, 22]]"
12a_0268_104,"[[16, 21, 17, 22], [18, 12, 19, 11], [20, 5, 21, 6], [22, 4, 23, 3], [24, 7, 1, 8], [2, 16, 3, 15], [4, 17, 5, 18], [6, 9, 7, 10], [8, 1, 9, 2], [10, 14, 11, 13], [12, 20, 13, 19], [14, 24, 15, 23]]"
12a_0268_105,"[[14, 24, 15, 23], [16, 21, 17, 22], [18, 12, 19, 11], [20, 5, 21, 6], [22, 4, 23, 3], [24, 7, 1, 8], [2, 16, 3, 15], [4, 17, 5, 18], [6, 9, 7, 10], [8, 1, 9, 2], [10, 14, 11, 13], [12, 20, 13, 19]]"
12a_0268_106,"[[12, 20, 13, 19], [14, 24, 15, 23], [16, 21, 17, 22], [18, 12, 19, 11], [20, 5, 21, 6], [22, 4, 23, 3], [24, 7, 1, 8], [2, 16, 3, 15], [4, 17, 5, 18], [6, 9, 7, 10], [8, 1, 9, 2], [10, 14, 11, 13]]"
12a_0268_107,"[[10, 14, 11, 13], [12, 20, 13, 19], [14, 24, 15, 23], [16, 21, 17, 22], [18, 12, 19, 11], [20, 5, 21, 6], [22, 4, 23, 3], [24, 7, 1, 8], [2, 16, 3, 15], [4, 17, 5, 18], [6, 9, 7, 10], [8, 1, 9, 2]]"
12a_0268_108,"[[9, 2, 10, 3], [11, 15, 12, 14], [13, 21, 14, 20], [15, 1, 16, 24], [17, 22, 18, 23], [19, 13, 20, 12], [21, 6, 22, 7], [23, 5, 24, 4], [1, 8, 2, 9], [3, 17, 4, 16], [5, 18, 6, 19], [7, 10, 8, 11]]"
12a_0268_109,"[[7, 10, 8, 11], [9, 2, 10, 3], [11, 15, 12, 14], [13, 21, 14, 20], [15, 1, 16, 24], [17, 22, 18, 23], [19, 13, 20, 12], [21, 6, 22, 7], [23, 5, 24, 4], [1, 8, 2, 9], [3, 17, 4, 16], [5, 18, 6, 19]]"
12a_0268_110,"[[5, 18, 6, 19], [7, 10, 8, 11], [9, 2, 10, 3], [11, 15, 12, 14], [13, 21, 14, 20], [15, 1, 16, 24], [17, 22, 18, 23], [19, 13, 20, 12], [21, 6, 22, 7], [23, 5, 24, 4], [1, 8, 2, 9], [3, 17, 4, 16]]"
12a_0268_111,"[[3, 17, 4, 16], [5, 18, 6, 19], [7, 10, 8, 11], [9, 2, 10, 3], [11, 15, 12, 14], [13, 21, 14, 20], [15, 1, 16, 24], [17, 22, 18, 23], [19, 13, 20, 12], [21, 6, 22, 7], [23, 5, 24, 4], [1, 8, 2, 9]]"
12a_0268_112,"[[1, 8, 2, 9], [3, 17, 4, 16], [5, 18, 6, 19], [7, 10, 8, 11], [9, 2, 10, 3], [11, 15, 12, 14], [13, 21, 14, 20], [15, 1, 16, 24], [17, 22, 18, 23], [19, 13, 20, 12], [21, 6, 22, 7], [23, 5, 24, 4]]"
12a_0268_113,"[[23, 5, 24, 4], [1, 8, 2, 9], [3, 17, 4, 16], [5, 18, 6, 19], [7, 10, 8, 11], [9, 2, 10, 3], [11, 15, 12, 14], [13, 21, 14, 20], [15, 1, 16, 24], [17, 22, 18, 23], [19, 13, 20, 12], [21, 6, 22, 7]]"
12a_0268_114,"[[21, 6, 22, 7], [23, 5, 24, 4], [1, 8, 2, 9], [3, 17, 4, 16], [5, 18, 6, 19], [7, 10, 8, 11], [9, 2, 10, 3], [11, 15, 12, 14], [13, 21, 14, 20], [15, 1, 16, 24], [17, 22, 18, 23], [19, 13, 20, 12]]"
12a_0268_115,"[[19, 13, 20, 12], [21, 6, 22, 7], [23, 5, 24, 4], [1, 8, 2, 9], [3, 17, 4, 16], [5, 18, 6, 19], [7, 10, 8, 11], [9, 2, 10, 3], [11, 15, 12, 14], [13, 21, 14, 20], [15, 1, 16, 24], [17, 22, 18, 23]]"
12a_0268_116,"[[17, 22, 18, 23], [19, 13, 20, 12], [21, 6, 22, 7], [23, 5, 24, 4], [1, 8, 2, 9], [3, 17, 4, 16], [5, 18, 6, 19], [7, 10, 8, 11], [9, 2, 10, 3], [11, 15, 12, 14], [13, 21, 14, 20], [15, 1, 16, 24]]"
12a_0268_117,"[[15, 1, 16, 24], [17, 22, 18, 23], [19, 13, 20, 12], [21, 6, 22, 7], [23, 5, 24, 4], [1, 8, 2, 9], [3, 17, 4, 16], [5, 18, 6, 19], [7, 10, 8, 11], [9, 2, 10, 3], [11, 15, 12, 14], [13, 21, 14, 20]]"
12a_0268_118,"[[13, 21, 14, 20], [15, 1, 16, 24], [17, 22, 18, 23], [19, 13, 20, 12], [21, 6, 22, 7], [23, 5, 24, 4], [1, 8, 2, 9], [3, 17, 4, 16], [5, 18, 6, 19], [7, 10, 8, 11], [9, 2, 10, 3], [11, 15, 12, 14]]"
12a_0268_119,"[[11, 15, 12, 14], [13, 21, 14, 20], [15, 1, 16, 24], [17, 22, 18, 23], [19, 13, 20, 12], [21, 6, 22, 7], [23, 5, 24, 4], [1, 8, 2, 9], [3, 17, 4, 16], [5, 18, 6, 19], [7, 10, 8, 11], [9, 2, 10, 3]]"
12a_0268_120,"[[10, 3, 11, 4], [12, 16, 13, 15], [14, 22, 15, 21], [16, 2, 17, 1], [18, 23, 19, 24], [20, 14, 21, 13], [22, 7, 23, 8], [24, 6, 1, 5], [2, 9, 3, 10], [4, 18, 5, 17], [6, 19, 7, 20], [8, 11, 9, 12]]"
12a_0268_121,"[[8, 11, 9, 12], [10, 3, 11, 4], [12, 16, 13, 15], [14, 22, 15, 21], [16, 2, 17, 1], [18, 23, 19, 24], [20, 14, 21, 13], [22, 7, 23, 8], [24, 6, 1, 5], [2, 9, 3, 10], [4, 18, 5, 17], [6, 19, 7, 20]]"
12a_0268_122,"[[6, 19, 7, 20], [8, 11, 9, 12], [10, 3, 11, 4], [12, 16, 13, 15], [14, 22, 15, 21], [16, 2, 17, 1], [18, 23, 19, 24], [20, 14, 21, 13], [22, 7, 23, 8], [24, 6, 1, 5], [2, 9, 3, 10], [4, 18, 5, 17]]"
12a_0268_123,"[[4, 18, 5, 17], [6, 19, 7, 20], [8, 11, 9, 12], [10, 3, 11, 4], [12, 16, 13, 15], [14, 22, 15, 21], [16, 2, 17, 1], [18, 23, 19, 24], [20, 14, 21, 13], [22, 7, 23, 8], [24, 6, 1, 5], [2, 9, 3, 10]]"
12a_0268_124,"[[2, 9, 3, 10], [4, 18, 5, 17], [6, 19, 7, 20], [8, 11, 9, 12], [10, 3, 11, 4], [12, 16, 13, 15], [14, 22, 15, 21], [16, 2, 17, 1], [18, 23, 19, 24], [20, 14, 21, 13], [22, 7, 23, 8], [24, 6, 1, 5]]"
12a_0268_125,"[[24, 6, 1, 5], [2, 9, 3, 10], [4, 18, 5, 17], [6, 19, 7, 20], [8, 11, 9, 12], [10, 3, 11, 4], [12, 16, 13, 15], [14, 22, 15, 21], [16, 2, 17, 1], [18, 23, 19, 24], [20, 14, 21, 13], [22, 7, 23, 8]]"
12a_0268_126,"[[22, 7, 23, 8], [24, 6, 1, 5], [2, 9, 3, 10], [4, 18, 5, 17], [6, 19, 7, 20], [8, 11, 9, 12], [10, 3, 11, 4], [12, 16, 13, 15], [14, 22, 15, 21], [16, 2, 17, 1], [18, 23, 19, 24], [20, 14, 21, 13]]"
12a_0268_127,"[[20, 14, 21, 13], [22, 7, 23, 8], [24, 6, 1, 5], [2, 9, 3, 10], [4, 18, 5, 17], [6, 19, 7, 20], [8, 11, 9, 12], [10, 3, 11, 4], [12, 16, 13, 15], [14, 22, 15, 21], [16, 2, 17, 1], [18, 23, 19, 24]]"
12a_0268_128,"[[18, 23, 19, 24], [20, 14, 21, 13], [22, 7, 23, 8], [24, 6, 1, 5], [2, 9, 3, 10], [4, 18, 5, 17], [6, 19, 7, 20], [8, 11, 9, 12], [10, 3, 11, 4], [12, 16, 13, 15], [14, 22, 15, 21], [16, 2, 17, 1]]"
12a_0268_129,"[[16, 2, 17, 1], [18, 23, 19, 24], [20, 14, 21, 13], [22, 7, 23, 8], [24, 6, 1, 5], [2, 9, 3, 10], [4, 18, 5, 17], [6, 19, 7, 20], [8, 11, 9, 12], [10, 3, 11, 4], [12, 16, 13, 15], [14, 22, 15, 21]]"
12a_0268_130,"[[14, 22, 15, 21], [16, 2, 17, 1], [18, 23, 19, 24], [20, 14, 21, 13], [22, 7, 23, 8], [24, 6, 1, 5], [2, 9, 3, 10], [4, 18, 5, 17], [6, 19, 7, 20], [8, 11, 9, 12], [10, 3, 11, 4], [12, 16, 13, 15]]"
12a_0268_131,"[[12, 16, 13, 15], [14, 22, 15, 21], [16, 2, 17, 1], [18, 23, 19, 24], [20, 14, 21, 13], [22, 7, 23, 8], [24, 6, 1, 5], [2, 9, 3, 10], [4, 18, 5, 17], [6, 19, 7, 20], [8, 11, 9, 12], [10, 3, 11, 4]]"
12a_0268_132,"[[11, 4, 12, 5], [13, 17, 14, 16], [15, 23, 16, 22], [17, 3, 18, 2], [19, 24, 20, 1], [21, 15, 22, 14], [23, 8, 24, 9], [1, 7, 2, 6], [3, 10, 4, 11], [5, 19, 6, 18], [7, 20, 8, 21], [9, 12, 10, 13]]"
12a_0268_133,"[[9, 12, 10, 13], [11, 4, 12, 5], [13, 17, 14, 16], [15, 23, 16, 22], [17, 3, 18, 2], [19, 24, 20, 1], [21, 15, 22, 14], [23, 8, 24, 9], [1, 7, 2, 6], [3, 10, 4, 11], [5, 19, 6, 18], [7, 20, 8, 21]]"
12a_0268_134,"[[7, 20, 8, 21], [9, 12, 10, 13], [11, 4, 12, 5], [13, 17, 14, 16], [15, 23, 16, 22], [17, 3, 18, 2], [19, 24, 20, 1], [21, 15, 22, 14], [23, 8, 24, 9], [1, 7, 2, 6], [3, 10, 4, 11], [5, 19, 6, 18]]"
12a_0268_135,"[[5, 19, 6, 18], [7, 20, 8, 21], [9, 12, 10, 13], [11, 4, 12, 5], [13, 17, 14, 16], [15, 23, 16, 22], [17, 3, 18, 2], [19, 24, 20, 1], [21, 15, 22, 14], [23, 8, 24, 9], [1, 7, 2, 6], [3, 10, 4, 11]]"
12a_0268_136,"[[3, 10, 4, 11], [5, 19, 6, 18], [7, 20, 8, 21], [9, 12, 10, 13], [11, 4, 12, 5], [13, 17, 14, 16], [15, 23, 16, 22], [17, 3, 18, 2], [19, 24, 20, 1], [21, 15, 22, 14], [23, 8, 24, 9], [1, 7, 2, 6]]"
12a_0268_137,"[[1, 7, 2, 6], [3, 10, 4, 11], [5, 19, 6, 18], [7, 20, 8, 21], [9, 12, 10, 13], [11, 4, 12, 5], [13, 17, 14, 16], [15, 23, 16, 22], [17, 3, 18, 2], [19, 24, 20, 1], [21, 15, 22, 14], [23, 8, 24, 9]]"
12a_0268_138,"[[23, 8, 24, 9], [1, 7, 2, 6], [3, 10, 4, 11], [5, 19, 6, 18], [7, 20, 8, 21], [9, 12, 10, 13], [11, 4, 12, 5], [13, 17, 14, 16], [15, 23, 16, 22], [17, 3, 18, 2], [19, 24, 20, 1], [21, 15, 22, 14]]"
12a_0268_139,"[[21, 15, 22, 14], [23, 8, 24, 9], [1, 7, 2, 6], [3, 10, 4, 11], [5, 19, 6, 18], [7, 20, 8, 21], [9, 12, 10, 13], [11, 4, 12, 5], [13, 17, 14, 16], [15, 23, 16, 22], [17, 3, 18, 2], [19, 24, 20, 1]]"
12a_0268_140,"[[19, 24, 20, 1], [21, 15, 22, 14], [23, 8, 24, 9], [1, 7, 2, 6], [3, 10, 4, 11], [5, 19, 6, 18], [7, 20, 8, 21], [9, 12, 10, 13], [11, 4, 12, 5], [13, 17, 14, 16], [15, 23, 16, 22], [17, 3, 18, 2]]"
12a_0268_141,"[[17, 3, 18, 2], [19, 24, 20, 1], [21, 15, 22, 14], [23, 8, 24, 9], [1, 7, 2, 6], [3, 10, 4, 11], [5, 19, 6, 18], [7, 20, 8, 21], [9, 12, 10, 13], [11, 4, 12, 5], [13, 17, 14, 16], [15, 23, 16, 22]]"
12a_0268_142,"[[15, 23, 16, 22], [17, 3, 18, 2], [19, 24, 20, 1], [21, 15, 22, 14], [23, 8, 24, 9], [1, 7, 2, 6], [3, 10, 4, 11], [5, 19, 6, 18], [7, 20, 8, 21], [9, 12, 10, 13], [11, 4, 12, 5], [13, 17, 14, 16]]"
12a_0268_143,"[[13, 17, 14, 16], [15, 23, 16, 22], [17, 3, 18, 2], [19, 24, 20, 1], [21, 15, 22, 14], [23, 8, 24, 9], [1, 7, 2, 6], [3, 10, 4, 11], [5, 19, 6, 18], [7, 20, 8, 21], [9, 12, 10, 13], [11, 4, 12, 5]]"
12a_0268_144,"[[12, 5, 13, 6], [14, 18, 15, 17], [16, 24, 17, 23], [18, 4, 19, 3], [20, 1, 21, 2], [22, 16, 23, 15], [24, 9, 1, 10], [2, 8, 3, 7], [4, 11, 5, 12], [6, 20, 7, 19], [8, 21, 9, 22], [10, 13, 11, 14]]"
12a_0268_145,"[[10, 13, 11, 14], [12, 5, 13, 6], [14, 18, 15, 17], [16, 24, 17, 23], [18, 4, 19, 3], [20, 1, 21, 2], [22, 16, 23, 15], [24, 9, 1, 10], [2, 8, 3, 7], [4, 11, 5, 12], [6, 20, 7, 19], [8, 21, 9, 22]]"
12a_0268_146,"[[8, 21, 9, 22], [10, 13, 11, 14], [12, 5, 13, 6], [14, 18, 15, 17], [16, 24, 17, 23], [18, 4, 19, 3], [20, 1, 21, 2], [22, 16, 23, 15], [24, 9, 1, 10], [2, 8, 3, 7], [4, 11, 5, 12], [6, 20, 7, 19]]"
12a_0268_147,"[[6, 20, 7, 19], [8, 21, 9, 22], [10, 13, 11, 14], [12, 5, 13, 6], [14, 18, 15, 17], [16, 24, 17, 23], [18, 4, 19, 3], [20, 1, 21, 2], [22, 16, 23, 15], [24, 9, 1, 10], [2, 8, 3, 7], [4, 11, 5, 12]]"
12a_0268_148,"[[4, 11, 5, 12], [6, 20, 7, 19], [8, 21, 9, 22], [10, 13, 11, 14], [12, 5, 13, 6], [14, 18, 15, 17], [16, 24, 17, 23], [18, 4, 19, 3], [20, 1, 21, 2], [22, 16, 23, 15], [24, 9, 1, 10], [2, 8, 3, 7]]"
12a_0268_149,"[[2, 8, 3, 7], [4, 11, 5, 12], [6, 20, 7, 19], [8, 21, 9, 22], [10, 13, 11, 14], [12, 5, 13, 6], [14, 18, 15, 17], [16, 24, 17, 23], [18, 4, 19, 3], [20, 1, 21, 2], [22, 16, 23, 15], [24, 9, 1, 10]]"
12a_0268_150,"[[24, 9, 1, 10], [2, 8, 3, 7], [4, 11, 5, 12], [6, 20, 7, 19], [8, 21, 9, 22], [10, 13, 11, 14], [12, 5, 13, 6], [14, 18, 15, 17], [16, 24, 17, 23], [18, 4, 19, 3], [20, 1, 21, 2], [22, 16, 23, 15]]"
12a_0268_151,"[[22, 16, 23, 15], [24, 9, 1, 10], [2, 8, 3, 7], [4, 11, 5, 12], [6, 20, 7, 19], [8, 21, 9, 22], [10, 13, 11, 14], [12, 5, 13, 6], [14, 18, 15, 17], [16, 24, 17, 23], [18, 4, 19, 3], [20, 1, 21, 2]]"
12a_0268_152,"[[20, 1, 21, 2], [22, 16, 23, 15], [24, 9, 1, 10], [2, 8, 3, 7], [4, 11, 5, 12], [6, 20, 7, 19], [8, 21, 9, 22], [10, 13, 11, 14], [12, 5, 13, 6], [14, 18, 15, 17], [16, 24, 17, 23], [18, 4, 19, 3]]"
12a_0268_153,"[[18, 4, 19, 3], [20, 1, 21, 2], [22, 16, 23, 15], [24, 9, 1, 10], [2, 8, 3, 7], [4, 11, 5, 12], [6, 20, 7, 19], [8, 21, 9, 22], [10, 13, 11, 14], [12, 5, 13, 6], [14, 18, 15, 17], [16, 24, 17, 23]]"
12a_0268_154,"[[16, 24, 17, 23], [18, 4, 19, 3], [20, 1, 21, 2], [22, 16, 23, 15], [24, 9, 1, 10], [2, 8, 3, 7], [4, 11, 5, 12], [6, 20, 7, 19], [8, 21, 9, 22], [10, 13, 11, 14], [12, 5, 13, 6], [14, 18, 15, 17]]"
12a_0268_155,"[[14, 18, 15, 17], [16, 24, 17, 23], [18, 4, 19, 3], [20, 1, 21, 2], [22, 16, 23, 15], [24, 9, 1, 10], [2, 8, 3, 7], [4, 11, 5, 12], [6, 20, 7, 19], [8, 21, 9, 22], [10, 13, 11, 14], [12, 5, 13, 6]]"
12a_0268_156,"[[13, 6, 14, 7], [15, 19, 16, 18], [17, 1, 18, 24], [19, 5, 20, 4], [21, 2, 22, 3], [23, 17, 24, 16], [1, 10, 2, 11], [3, 9, 4, 8], [5, 12, 6, 13], [7, 21, 8, 20], [9, 22, 10, 23], [11, 14, 12, 15]]"
12a_0268_157,"[[11, 14, 12, 15], [13, 6, 14, 7], [15, 19, 16, 18], [17, 1, 18, 24], [19, 5, 20, 4], [21, 2, 22, 3], [23, 17, 24, 16], [1, 10, 2, 11], [3, 9, 4, 8], [5, 12, 6, 13], [7, 21, 8, 20], [9, 22, 10, 23]]"
12a_0268_158,"[[9, 22, 10, 23], [11, 14, 12, 15], [13, 6, 14, 7], [15, 19, 16, 18], [17, 1, 18, 24], [19, 5, 20, 4], [21, 2, 22, 3], [23, 17, 24, 16], [1, 10, 2, 11], [3, 9, 4, 8], [5, 12, 6, 13], [7, 21, 8, 20]]"
12a_0268_159,"[[7, 21, 8, 20], [9, 22, 10, 23], [11, 14, 12, 15], [13, 6, 14, 7], [15, 19, 16, 18], [17, 1, 18, 24], [19, 5, 20, 4], [21, 2, 22, 3], [23, 17, 24, 16], [1, 10, 2, 11], [3, 9, 4, 8], [5, 12, 6, 13]]"
12a_0268_160,"[[5, 12, 6, 13], [7, 21, 8, 20], [9, 22, 10, 23], [11, 14, 12, 15], [13, 6, 14, 7], [15, 19, 16, 18], [17, 1, 18, 24], [19, 5, 20, 4], [21, 2, 22, 3], [23, 17, 24, 16], [1, 10, 2, 11], [3, 9, 4, 8]]"
12a_0268_161,"[[3, 9, 4, 8], [5, 12, 6, 13], [7, 21, 8, 20], [9, 22, 10, 23], [11, 14, 12, 15], [13, 6, 14, 7], [15, 19, 16, 18], [17, 1, 18, 24], [19, 5, 20, 4], [21, 2, 22, 3], [23, 17, 24, 16], [1, 10, 2, 11]]"
12a_0268_162,"[[1, 10, 2, 11], [3, 9, 4, 8], [5, 12, 6, 13], [7, 21, 8, 20], [9, 22, 10, 23], [11, 14, 12, 15], [13, 6, 14, 7], [15, 19, 16, 18], [17, 1, 18, 24], [19, 5, 20, 4], [21, 2, 22, 3], [23, 17, 24, 16]]"
12a_0268_163,"[[23, 17, 24, 16], [1, 10, 2, 11], [3, 9, 4, 8], [5, 12, 6, 13], [7, 21, 8, 20], [9, 22, 10, 23], [11, 14, 12, 15], [13, 6, 14, 7], [15, 19, 16, 18], [17, 1, 18, 24], [19, 5, 20, 4], [21, 2, 22, 3]]"
12a_0268_164,"[[21, 2, 22, 3], [23, 17, 24, 16], [1, 10, 2, 11], [3, 9, 4, 8], [5, 12, 6, 13], [7, 21, 8, 20], [9, 22, 10, 23], [11, 14, 12, 15], [13, 6, 14, 7], [15, 19, 16, 18], [17, 1, 18, 24], [19, 5, 20, 4]]"
12a_0268_165,"[[19, 5, 20, 4], [21, 2, 22, 3], [23, 17, 24, 16], [1, 10, 2, 11], [3, 9, 4, 8], [5, 12, 6, 13], [7, 21, 8, 20], [9, 22, 10, 23], [11, 14, 12, 15], [13, 6, 14, 7], [15, 19, 16, 18], [17, 1, 18, 24]]"
12a_0268_166,"[[17, 1, 18, 24], [19, 5, 20, 4], [21, 2, 22, 3], [23, 17, 24, 16], [1, 10, 2, 11], [3, 9, 4, 8], [5, 12, 6, 13], [7, 21, 8, 20], [9, 22, 10, 23], [11, 14, 12, 15], [13, 6, 14, 7], [15, 19, 16, 18]]"
12a_0268_167,"[[15, 19, 16, 18], [17, 1, 18, 24], [19, 5, 20, 4], [21, 2, 22, 3], [23, 17, 24, 16], [1, 10, 2, 11], [3, 9, 4, 8], [5, 12, 6, 13], [7, 21, 8, 20], [9, 22, 10, 23], [11, 14, 12, 15], [13, 6, 14, 7]]"
12a_0268_168,"[[14, 7, 15, 8], [16, 20, 17, 19], [18, 2, 19, 1], [20, 6, 21, 5], [22, 3, 23, 4], [24, 18, 1, 17], [2, 11, 3, 12], [4, 10, 5, 9], [6, 13, 7, 14], [8, 22, 9, 21], [10, 23, 11, 24], [12, 15, 13, 16]]"
12a_0268_169,"[[12, 15, 13, 16], [14, 7, 15, 8], [16, 20, 17, 19], [18, 2, 19, 1], [20, 6, 21, 5], [22, 3, 23, 4], [24, 18, 1, 17], [2, 11, 3, 12], [4, 10, 5, 9], [6, 13, 7, 14], [8, 22, 9, 21], [10, 23, 11, 24]]"
12a_0268_170,"[[10, 23, 11, 24], [12, 15, 13, 16], [14, 7, 15, 8], [16, 20, 17, 19], [18, 2, 19, 1], [20, 6, 21, 5], [22, 3, 23, 4], [24, 18, 1, 17], [2, 11, 3, 12], [4, 10, 5, 9], [6, 13, 7, 14], [8, 22, 9, 21]]"
12a_0268_171,"[[8, 22, 9, 21], [10, 23, 11, 24], [12, 15, 13, 16], [14, 7, 15, 8], [16, 20, 17, 19], [18, 2, 19, 1], [20, 6, 21, 5], [22, 3, 23, 4], [24, 18, 1, 17], [2, 11, 3, 12], [4, 10, 5, 9], [6, 13, 7, 14]]"
12a_0268_172,"[[6, 13, 7, 14], [8, 22, 9, 21], [10, 23, 11, 24], [12, 15, 13, 16], [14, 7, 15, 8], [16, 20, 17, 19], [18, 2, 19, 1], [20, 6, 21, 5], [22, 3, 23, 4], [24, 18, 1, 17], [2, 11, 3, 12], [4, 10, 5, 9]]"
12a_0268_173,"[[4, 10, 5, 9], [6, 13, 7, 14], [8, 22, 9, 21], [10, 23, 11, 24], [12, 15, 13, 16], [14, 7, 15, 8], [16, 20, 17, 19], [18, 2, 19, 1], [20, 6, 21, 5], [22, 3, 23, 4], [24, 18, 1, 17], [2, 11, 3, 12]]"
12a_0268_174,"[[2, 11, 3, 12], [4, 10, 5, 9], [6, 13, 7, 14], [8, 22, 9, 21], [10, 23, 11, 24], [12, 15, 13, 16], [14, 7, 15, 8], [16, 20, 17, 19], [18, 2, 19, 1], [20, 6, 21, 5], [22, 3, 23, 4], [24, 18, 1, 17]]"
12a_0268_175,"[[24, 18, 1, 17], [2, 11, 3, 12], [4, 10, 5, 9], [6, 13, 7, 14], [8, 22, 9, 21], [10, 23, 11, 24], [12, 15, 13, 16], [14, 7, 15, 8], [16, 20, 17, 19], [18, 2, 19, 1], [20, 6, 21, 5], [22, 3, 23, 4]]"
12a_0268_176,"[[22, 3, 23, 4], [24, 18, 1, 17], [2, 11, 3, 12], [4, 10, 5, 9], [6, 13, 7, 14], [8, 22, 9, 21], [10, 23, 11, 24], [12, 15, 13, 16], [14, 7, 15, 8], [16, 20, 17, 19], [18, 2, 19, 1], [20, 6, 21, 5]]"
12a_0268_177,"[[20, 6, 21, 5], [22, 3, 23, 4], [24, 18, 1, 17], [2, 11, 3, 12], [4, 10, 5, 9], [6, 13, 7, 14], [8, 22, 9, 21], [10, 23, 11, 24], [12, 15, 13, 16], [14, 7, 15, 8], [16, 20, 17, 19], [18, 2, 19, 1]]"
12a_0268_178,"[[18, 2, 19, 1], [20, 6, 21, 5], [22, 3, 23, 4], [24, 18, 1, 17], [2, 11, 3, 12], [4, 10, 5, 9], [6, 13, 7, 14], [8, 22, 9, 21], [10, 23, 11, 24], [12, 15, 13, 16], [14, 7, 15, 8], [16, 20, 17, 19]]"
12a_0268_179,"[[16, 20, 17, 19], [18, 2, 19, 1], [20, 6, 21, 5], [22, 3, 23, 4], [24, 18, 1, 17], [2, 11, 3, 12], [4, 10, 5, 9], [6, 13, 7, 14], [8, 22, 9, 21], [10, 23, 11, 24], [12, 15, 13, 16], [14, 7, 15, 8]]"
12a_0268_180,"[[15, 8, 16, 9], [17, 21, 18, 20], [19, 3, 20, 2], [21, 7, 22, 6], [23, 4, 24, 5], [1, 19, 2, 18], [3, 12, 4, 13], [5, 11, 6, 10], [7, 14, 8, 15], [9, 23, 10, 22], [11, 24, 12, 1], [13, 16, 14, 17]]"
12a_0268_181,"[[13, 16, 14, 17], [15, 8, 16, 9], [17, 21, 18, 20], [19, 3, 20, 2], [21, 7, 22, 6], [23, 4, 24, 5], [1, 19, 2, 18], [3, 12, 4, 13], [5, 11, 6, 10], [7, 14, 8, 15], [9, 23, 10, 22], [11, 24, 12, 1]]"
12a_0268_182,"[[11, 24, 12, 1], [13, 16, 14, 17], [15, 8, 16, 9], [17, 21, 18, 20], [19, 3, 20, 2], [21, 7, 22, 6], [23, 4, 24, 5], [1, 19, 2, 18], [3, 12, 4, 13], [5, 11, 6, 10], [7, 14, 8, 15], [9, 23, 10, 22]]"
12a_0268_183,"[[9, 23, 10, 22], [11, 24, 12, 1], [13, 16, 14, 17], [15, 8, 16, 9], [17, 21, 18, 20], [19, 3, 20, 2], [21, 7, 22, 6], [23, 4, 24, 5], [1, 19, 2, 18], [3, 12, 4, 13], [5, 11, 6, 10], [7, 14, 8, 15]]"
12a_0268_184,"[[7, 14, 8, 15], [9, 23, 10, 22], [11, 24, 12, 1], [13, 16, 14, 17], [15, 8, 16, 9], [17, 21, 18, 20], [19, 3, 20, 2], [21, 7, 22, 6], [23, 4, 24, 5], [1, 19, 2, 18], [3, 12, 4, 13], [5, 11, 6, 10]]"
12a_0268_185,"[[5, 11, 6, 10], [7, 14, 8, 15], [9, 23, 10, 22], [11, 24, 12, 1], [13, 16, 14, 17], [15, 8, 16, 9], [17, 21, 18, 20], [19, 3, 20, 2], [21, 7, 22, 6], [23, 4, 24, 5], [1, 19, 2, 18], [3, 12, 4, 13]]"
