name,pd_notation
12a_0911_0,"[[24, 14, 1, 13], [2, 8, 3, 7], [4, 12, 5, 11], [6, 17, 7, 18], [8, 4, 9, 3], [10, 19, 11, 20], [12, 24, 13, 23], [14, 2, 15, 1], [16, 22, 17, 21], [18, 9, 19, 10], [20, 5, 21, 6], [22, 16, 23, 15]]"
12a_0911_1,"[[22, 16, 23, 15], [24, 14, 1, 13], [2, 8, 3, 7], [4, 12, 5, 11], [6, 17, 7, 18], [8, 4, 9, 3], [10, 19, 11, 20], [12, 24, 13, 23], [14, 2, 15, 1], [16, 22, 17, 21], [18, 9, 19, 10], [20, 5, 21, 6]]"
12a_0911_2,"[[20, 5, 21, 6], [22, 16, 23, 15], [24, 14, 1, 13], [2, 8, 3, 7], [4, 12, 5, 11], [6, 17, 7, 18], [8, 4, 9, 3], [10, 19, 11, 20], [12, 24, 13, 23], [14, 2, 15, 1], [16, 22, 17, 21], [18, 9, 19, 10]]"
12a_0911_3,"[[18, 9, 19, 10], [20, 5, 21, 6], [22, 16, 23, 15], [24, 14, 1, 13], [2, 8, 3, 7], [4, 12, 5, 11], [6, 17, 7, 18], [8, 4, 9, 3], [10, 19, 11, 20], [12, 24, 13, 23], [14, 2, 15, 1], [16, 22, 17, 21]]"
12a_0911_4,"[[16, 22, 17, 21], [18, 9, 19, 10], [20, 5, 21, 6], [22, 16, 23, 15], [24, 14, 1, 13], [2, 8, 3, 7], [4, 12, 5, 11], [6, 17, 7, 18], [8, 4, 9, 3], [10, 19, 11, 20], [12, 24, 13, 23], [14, 2, 15, 1]]"
12a_0911_5,"[[14, 2, 15, 1], [16, 22, 17, 21], [18, 9, 19, 10], [20, 5, 21, 6], [22, 16, 23, 15], [24, 14, 1, 13], [2, 8, 3, 7], [4, 12, 5, 11], [6, 17, 7, 18], [8, 4, 9, 3], [10, 19, 11, 20], [12, 24, 13, 23]]"
12a_0911_6,"[[12, 24, 13, 23], [14, 2, 15, 1], [16, 22, 17, 21], [18, 9, 19, 10], [20, 5, 21, 6], [22, 16, 23, 15], [24, 14, 1, 13], [2, 8, 3, 7], [4, 12, 5, 11], [6, 17, 7, 18], [8, 4, 9, 3], [10, 19, 11, 20]]"
12a_0911_7,"[[10, 19, 11, 20], [12, 24, 13, 23], [14, 2, 15, 1], [16, 22, 17, 21], [18, 9, 19, 10], [20, 5, 21, 6], [22, 16, 23, 15], [24, 14, 1, 13], [2, 8, 3, 7], [4, 12, 5, 11], [6, 17, 7, 18], [8, 4, 9, 3]]"
12a_0911_8,"[[8, 4, 9, 3], [10, 19, 11, 20], [12, 24, 13, 23], [14, 2, 15, 1], [16, 22, 17, 21], [18, 9, 19, 10], [20, 5, 21, 6], [22, 16, 23, 15], [24, 14, 1, 13], [2, 8, 3, 7], [4, 12, 5, 11], [6, 17, 7, 18]]"
12a_0911_9,"[[6, 17, 7, 18], [8, 4, 9, 3], [10, 19, 11, 20], [12, 24, 13, 23], [14, 2, 15, 1], [16, 22, 17, 21], [18, 9, 19, 10], [20, 5, 21, 6], [22, 16, 23, 15], [24, 14, 1, 13], [2, 8, 3, 7], [4, 12, 5, 11]]"
12a_0911_10,"[[4, 12, 5, 11], [6, 17, 7, 18], [8, 4, 9, 3], [10, 19, 11, 20], [12, 24, 13, 23], [14, 2, 15, 1], [16, 22, 17, 21], [18, 9, 19, 10], [20, 5, 21, 6], [22, 16, 23, 15], [24, 14, 1, 13], [2, 8, 3, 7]]"
12a_0911_11,"[[2, 8, 3, 7], [4, 12, 5, 11], [6, 17, 7, 18], [8, 4, 9, 3], [10, 19, 11, 20], [12, 24, 13, 23], [14, 2, 15, 1], [16, 22, 17, 21], [18, 9, 19, 10], [20, 5, 21, 6], [22, 16, 23, 15], [24, 14, 1, 13]]"
12a_0911_12,"[[1, 15, 2, 14], [3, 9, 4, 8], [5, 13, 6, 12], [7, 18, 8, 19], [9, 5, 10, 4], [11, 20, 12, 21], [13, 1, 14, 24], [15, 3, 16, 2], [17, 23, 18, 22], [19, 10, 20, 11], [21, 6, 22, 7], [23, 17, 24, 16]]"
12a_0911_13,"[[23, 17, 24, 16], [1, 15, 2, 14], [3, 9, 4, 8], [5, 13, 6, 12], [7, 18, 8, 19], [9, 5, 10, 4], [11, 20, 12, 21], [13, 1, 14, 24], [15, 3, 16, 2], [17, 23, 18, 22], [19, 10, 20, 11], [21, 6, 22, 7]]"
12a_0911_14,"[[21, 6, 22, 7], [23, 17, 24, 16], [1, 15, 2, 14], [3, 9, 4, 8], [5, 13, 6, 12], [7, 18, 8, 19], [9, 5, 10, 4], [11, 20, 12, 21], [13, 1, 14, 24], [15, 3, 16, 2], [17, 23, 18, 22], [19, 10, 20, 11]]"
12a_0911_15,"[[19, 10, 20, 11], [21, 6, 22, 7], [23, 17, 24, 16], [1, 15, 2, 14], [3, 9, 4, 8], [5, 13, 6, 12], [7, 18, 8, 19], [9, 5, 10, 4], [11, 20, 12, 21], [13, 1, 14, 24], [15, 3, 16, 2], [17, 23, 18, 22]]"
12a_0911_16,"[[17, 23, 18, 22], [19, 10, 20, 11], [21, 6, 22, 7], [23, 17, 24, 16], [1, 15, 2, 14], [3, 9, 4, 8], [5, 13, 6, 12], [7, 18, 8, 19], [9, 5, 10, 4], [11, 20, 12, 21], [13, 1, 14, 24], [15, 3, 16, 2]]"
12a_0911_17,"[[15, 3, 16, 2], [17, 23, 18, 22], [19, 10, 20, 11], [21, 6, 22, 7], [23, 17, 24, 16], [1, 15, 2, 14], [3, 9, 4, 8], [5, 13, 6, 12], [7, 18, 8, 19], [9, 5, 10, 4], [11, 20, 12, 21], [13, 1, 14, 24]]"
12a_0911_18,"[[13, 1, 14, 24], [15, 3, 16, 2], [17, 23, 18, 22], [19, 10, 20, 11], [21, 6, 22, 7], [23, 17, 24, 16], [1, 15, 2, 14], [3, 9, 4, 8], [5, 13, 6, 12], [7, 18, 8, 19], [9, 5, 10, 4], [11, 20, 12, 21]]"
12a_0911_19,"[[11, 20, 12, 21], [13, 1, 14, 24], [15, 3, 16, 2], [17, 23, 18, 22], [19, 10, 20, 11], [21, 6, 22, 7], [23, 17, 24, 16], [1, 15, 2, 14], [3, 9, 4, 8], [5, 13, 6, 12], [7, 18, 8, 19], [9, 5, 10, 4]]"
12a_0911_20,"[[9, 5, 10, 4], [11, 20, 12, 21], [13, 1, 14, 24], [15, 3, 16, 2], [17, 23, 18, 22], [19, 10, 20, 11], [21, 6, 22, 7], [23, 17, 24, 16], [1, 15, 2, 14], [3, 9, 4, 8], [5, 13, 6, 12], [7, 18, 8, 19]]"
12a_0911_21,"[[7, 18, 8, 19], [9, 5, 10, 4], [11, 20, 12, 21], [13, 1, 14, 24], [15, 3, 16, 2], [17, 23, 18, 22], [19, 10, 20, 11], [21, 6, 22, 7], [23, 17, 24, 16], [1, 15, 2, 14], [3, 9, 4, 8], [5, 13, 6, 12]]"
12a_0911_22,"[[5, 13, 6, 12], [7, 18, 8, 19], [9, 5, 10, 4], [11, 20, 12, 21], [13, 1, 14, 24], [15, 3, 16, 2], [17, 23, 18, 22], [19, 10, 20, 11], [21, 6, 22, 7], [23, 17, 24, 16], [1, 15, 2, 14], [3, 9, 4, 8]]"
12a_0911_23,"[[3, 9, 4, 8], [5, 13, 6, 12], [7, 18, 8, 19], [9, 5, 10, 4], [11, 20, 12, 21], [13, 1, 14, 24], [15, 3, 16, 2], [17, 23, 18, 22], [19, 10, 20, 11], [21, 6, 22, 7], [23, 17, 24, 16], [1, 15, 2, 14]]"
12a_0911_24,"[[2, 16, 3, 15], [4, 10, 5, 9], [6, 14, 7, 13], [8, 19, 9, 20], [10, 6, 11, 5], [12, 21, 13, 22], [14, 2, 15, 1], [16, 4, 17, 3], [18, 24, 19, 23], [20, 11, 21, 12], [22, 7, 23, 8], [24, 18, 1, 17]]"
12a_0911_25,"[[24, 18, 1, 17], [2, 16, 3, 15], [4, 10, 5, 9], [6, 14, 7, 13], [8, 19, 9, 20], [10, 6, 11, 5], [12, 21, 13, 22], [14, 2, 15, 1], [16, 4, 17, 3], [18, 24, 19, 23], [20, 11, 21, 12], [22, 7, 23, 8]]"
12a_0911_26,"[[22, 7, 23, 8], [24, 18, 1, 17], [2, 16, 3, 15], [4, 10, 5, 9], [6, 14, 7, 13], [8, 19, 9, 20], [10, 6, 11, 5], [12, 21, 13, 22], [14, 2, 15, 1], [16, 4, 17, 3], [18, 24, 19, 23], [20, 11, 21, 12]]"
12a_0911_27,"[[20, 11, 21, 12], [22, 7, 23, 8], [24, 18, 1, 17], [2, 16, 3, 15], [4, 10, 5, 9], [6, 14, 7, 13], [8, 19, 9, 20], [10, 6, 11, 5], [12, 21, 13, 22], [14, 2, 15, 1], [16, 4, 17, 3], [18, 24, 19, 23]]"
12a_0911_28,"[[18, 24, 19, 23], [20, 11, 21, 12], [22, 7, 23, 8], [24, 18, 1, 17], [2, 16, 3, 15], [4, 10, 5, 9], [6, 14, 7, 13], [8, 19, 9, 20], [10, 6, 11, 5], [12, 21, 13, 22], [14, 2, 15, 1], [16, 4, 17, 3]]"
12a_0911_29,"[[16, 4, 17, 3], [18, 24, 19, 23], [20, 11, 21, 12], [22, 7, 23, 8], [24, 18, 1, 17], [2, 16, 3, 15], [4, 10, 5, 9], [6, 14, 7, 13], [8, 19, 9, 20], [10, 6, 11, 5], [12, 21, 13, 22], [14, 2, 15, 1]]"
12a_0911_30,"[[14, 2, 15, 1], [16, 4, 17, 3], [18, 24, 19, 23], [20, 11, 21, 12], [22, 7, 23, 8], [24, 18, 1, 17], [2, 16, 3, 15], [4, 10, 5, 9], [6, 14, 7, 13], [8, 19, 9, 20], [10, 6, 11, 5], [12, 21, 13, 22]]"
12a_0911_31,"[[12, 21, 13, 22], [14, 2, 15, 1], [16, 4, 17, 3], [18, 24, 19, 23], [20, 11, 21, 12], [22, 7, 23, 8], [24, 18, 1, 17], [2, 16, 3, 15], [4, 10, 5, 9], [6, 14, 7, 13], [8, 19, 9, 20], [10, 6, 11, 5]]"
12a_0911_32,"[[10, 6, 11, 5], [12, 21, 13, 22], [14, 2, 15, 1], [16, 4, 17, 3], [18, 24, 19, 23], [20, 11, 21, 12], [22, 7, 23, 8], [24, 18, 1, 17], [2, 16, 3, 15], [4, 10, 5, 9], [6, 14, 7, 13], [8, 19, 9, 20]]"
12a_0911_33,"[[8, 19, 9, 20], [10, 6, 11, 5], [12, 21, 13, 22], [14, 2, 15, 1], [16, 4, 17, 3], [18, 24, 19, 23], [20, 11, 21, 12], [22, 7, 23, 8], [24, 18, 1, 17], [2, 16, 3, 15], [4, 10, 5, 9], [6, 14, 7, 13]]"
12a_0911_34,"[[6, 14, 7, 13], [8, 19, 9, 20], [10, 6, 11, 5], [12, 21, 13, 22], [14, 2, 15, 1], [16, 4, 17, 3], [18, 24, 19, 23], [20, 11, 21, 12], [22, 7, 23, 8], [24, 18, 1, 17], [2, 16, 3, 15], [4, 10, 5, 9]]"
12a_0911_35,"[[4, 10, 5, 9], [6, 14, 7, 13], [8, 19, 9, 20], [10, 6, 11, 5], [12, 21, 13, 22], [14, 2, 15, 1], [16, 4, 17, 3], [18, 24, 19, 23], [20, 11, 21, 12], [22, 7, 23, 8], [24, 18, 1, 17], [2, 16, 3, 15]]"
12a_0911_36,"[[3, 17, 4, 16], [5, 11, 6, 10], [7, 15, 8, 14], [9, 20, 10, 21], [11, 7, 12, 6], [13, 22, 14, 23], [15, 3, 16, 2], [17, 5, 18, 4], [19, 1, 20, 24], [21, 12, 22, 13], [23, 8, 24, 9], [1, 19, 2, 18]]"
12a_0911_37,"[[1, 19, 2, 18], [3, 17, 4, 16], [5, 11, 6, 10], [7, 15, 8, 14], [9, 20, 10, 21], [11, 7, 12, 6], [13, 22, 14, 23], [15, 3, 16, 2], [17, 5, 18, 4], [19, 1, 20, 24], [21, 12, 22, 13], [23, 8, 24, 9]]"
12a_0911_38,"[[23, 8, 24, 9], [1, 19, 2, 18], [3, 17, 4, 16], [5, 11, 6, 10], [7, 15, 8, 14], [9, 20, 10, 21], [11, 7, 12, 6], [13, 22, 14, 23], [15, 3, 16, 2], [17, 5, 18, 4], [19, 1, 20, 24], [21, 12, 22, 13]]"
12a_0911_39,"[[21, 12, 22, 13], [23, 8, 24, 9], [1, 19, 2, 18], [3, 17, 4, 16], [5, 11, 6, 10], [7, 15, 8, 14], [9, 20, 10, 21], [11, 7, 12, 6], [13, 22, 14, 23], [15, 3, 16, 2], [17, 5, 18, 4], [19, 1, 20, 24]]"
12a_0911_40,"[[19, 1, 20, 24], [21, 12, 22, 13], [23, 8, 24, 9], [1, 19, 2, 18], [3, 17, 4, 16], [5, 11, 6, 10], [7, 15, 8, 14], [9, 20, 10, 21], [11, 7, 12, 6], [13, 22, 14, 23], [15, 3, 16, 2], [17, 5, 18, 4]]"
12a_0911_41,"[[17, 5, 18, 4], [19, 1, 20, 24], [21, 12, 22, 13], [23, 8, 24, 9], [1, 19, 2, 18], [3, 17, 4, 16], [5, 11, 6, 10], [7, 15, 8, 14], [9, 20, 10, 21], [11, 7, 12, 6], [13, 22, 14, 23], [15, 3, 16, 2]]"
12a_0911_42,"[[15, 3, 16, 2], [17, 5, 18, 4], [19, 1, 20, 24], [21, 12, 22, 13], [23, 8, 24, 9], [1, 19, 2, 18], [3, 17, 4, 16], [5, 11, 6, 10], [7, 15, 8, 14], [9, 20, 10, 21], [11, 7, 12, 6], [13, 22, 14, 23]]"
12a_0911_43,"[[13, 22, 14, 23], [15, 3, 16, 2], [17, 5, 18, 4], [19, 1, 20, 24], [21, 12, 22, 13], [23, 8, 24, 9], [1, 19, 2, 18], [3, 17, 4, 16], [5, 11, 6, 10], [7, 15, 8, 14], [9, 20, 10, 21], [11, 7, 12, 6]]"
12a_0911_44,"[[11, 7, 12, 6], [13, 22, 14, 23], [15, 3, 16, 2], [17, 5, 18, 4], [19, 1, 20, 24], [21, 12, 22, 13], [23, 8, 24, 9], [1, 19, 2, 18], [3, 17, 4, 16], [5, 11, 6, 10], [7, 15, 8, 14], [9, 20, 10, 21]]"
12a_0911_45,"[[9, 20, 10, 21], [11, 7, 12, 6], [13, 22, 14, 23], [15, 3, 16, 2], [17, 5, 18, 4], [19, 1, 20, 24], [21, 12, 22, 13], [23, 8, 24, 9], [1, 19, 2, 18], [3, 17, 4, 16], [5, 11, 6, 10], [7, 15, 8, 14]]"
12a_0911_46,"[[7, 15, 8, 14], [9, 20, 10, 21], [11, 7, 12, 6], [13, 22, 14, 23], [15, 3, 16, 2], [17, 5, 18, 4], [19, 1, 20, 24], [21, 12, 22, 13], [23, 8, 24, 9], [1, 19, 2, 18], [3, 17, 4, 16], [5, 11, 6, 10]]"
12a_0911_47,"[[5, 11, 6, 10], [7, 15, 8, 14], [9, 20, 10, 21], [11, 7, 12, 6], [13, 22, 14, 23], [15, 3, 16, 2], [17, 5, 18, 4], [19, 1, 20, 24], [21, 12, 22, 13], [23, 8, 24, 9], [1, 19, 2, 18], [3, 17, 4, 16]]"
12a_0911_48,"[[4, 18, 5, 17], [6, 12, 7, 11], [8, 16, 9, 15], [10, 21, 11, 22], [12, 8, 13, 7], [14, 23, 15, 24], [16, 4, 17, 3], [18, 6, 19, 5], [20, 2, 21, 1], [22, 13, 23, 14], [24, 9, 1, 10], [2, 20, 3, 19]]"
12a_0911_49,"[[2, 20, 3, 19], [4, 18, 5, 17], [6, 12, 7, 11], [8, 16, 9, 15], [10, 21, 11, 22], [12, 8, 13, 7], [14, 23, 15, 24], [16, 4, 17, 3], [18, 6, 19, 5], [20, 2, 21, 1], [22, 13, 23, 14], [24, 9, 1, 10]]"
12a_0911_50,"[[24, 9, 1, 10], [2, 20, 3, 19], [4, 18, 5, 17], [6, 12, 7, 11], [8, 16, 9, 15], [10, 21, 11, 22], [12, 8, 13, 7], [14, 23, 15, 24], [16, 4, 17, 3], [18, 6, 19, 5], [20, 2, 21, 1], [22, 13, 23, 14]]"
12a_0911_51,"[[22, 13, 23, 14], [24, 9, 1, 10], [2, 20, 3, 19], [4, 18, 5, 17], [6, 12, 7, 11], [8, 16, 9, 15], [10, 21, 11, 22], [12, 8, 13, 7], [14, 23, 15, 24], [16, 4, 17, 3], [18, 6, 19, 5], [20, 2, 21, 1]]"
12a_0911_52,"[[20, 2, 21, 1], [22, 13, 23, 14], [24, 9, 1, 10], [2, 20, 3, 19], [4, 18, 5, 17], [6, 12, 7, 11], [8, 16, 9, 15], [10, 21, 11, 22], [12, 8, 13, 7], [14, 23, 15, 24], [16, 4, 17, 3], [18, 6, 19, 5]]"
12a_0911_53,"[[18, 6, 19, 5], [20, 2, 21, 1], [22, 13, 23, 14], [24, 9, 1, 10], [2, 20, 3, 19], [4, 18, 5, 17], [6, 12, 7, 11], [8, 16, 9, 15], [10, 21, 11, 22], [12, 8, 13, 7], [14, 23, 15, 24], [16, 4, 17, 3]]"
12a_0911_54,"[[16, 4, 17, 3], [18, 6, 19, 5], [20, 2, 21, 1], [22, 13, 23, 14], [24, 9, 1, 10], [2, 20, 3, 19], [4, 18, 5, 17], [6, 12, 7, 11], [8, 16, 9, 15], [10, 21, 11, 22], [12, 8, 13, 7], [14, 23, 15, 24]]"
12a_0911_55,"[[14, 23, 15, 24], [16, 4, 17, 3], [18, 6, 19, 5], [20, 2, 21, 1], [22, 13, 23, 14], [24, 9, 1, 10], [2, 20, 3, 19], [4, 18, 5, 17], [6, 12, 7, 11], [8, 16, 9, 15], [10, 21, 11, 22], [12, 8, 13, 7]]"
12a_0911_56,"[[12, 8, 13, 7], [14, 23, 15, 24], [16, 4, 17, 3], [18, 6, 19, 5], [20, 2, 21, 1], [22, 13, 23, 14], [24, 9, 1, 10], [2, 20, 3, 19], [4, 18, 5, 17], [6, 12, 7, 11], [8, 16, 9, 15], [10, 21, 11, 22]]"
12a_0911_57,"[[10, 21, 11, 22], [12, 8, 13, 7], [14, 23, 15, 24], [16, 4, 17, 3], [18, 6, 19, 5], [20, 2, 21, 1], [22, 13, 23, 14], [24, 9, 1, 10], [2, 20, 3, 19], [4, 18, 5, 17], [6, 12, 7, 11], [8, 16, 9, 15]]"
12a_0911_58,"[[8, 16, 9, 15], [10, 21, 11, 22], [12, 8, 13, 7], [14, 23, 15, 24], [16, 4, 17, 3], [18, 6, 19, 5], [20, 2, 21, 1], [22, 13, 23, 14], [24, 9, 1, 10], [2, 20, 3, 19], [4, 18, 5, 17], [6, 12, 7, 11]]"
12a_0911_59,"[[6, 12, 7, 11], [8, 16, 9, 15], [10, 21, 11, 22], [12, 8, 13, 7], [14, 23, 15, 24], [16, 4, 17, 3], [18, 6, 19, 5], [20, 2, 21, 1], [22, 13, 23, 14], [24, 9, 1, 10], [2, 20, 3, 19], [4, 18, 5, 17]]"
12a_0911_60,"[[5, 19, 6, 18], [7, 13, 8, 12], [9, 17, 10, 16], [11, 22, 12, 23], [13, 9, 14, 8], [15, 24, 16, 1], [17, 5, 18, 4], [19, 7, 20, 6], [21, 3, 22, 2], [23, 14, 24, 15], [1, 10, 2, 11], [3, 21, 4, 20]]"
12a_0911_61,"[[3, 21, 4, 20], [5, 19, 6, 18], [7, 13, 8, 12], [9, 17, 10, 16], [11, 22, 12, 23], [13, 9, 14, 8], [15, 24, 16, 1], [17, 5, 18, 4], [19, 7, 20, 6], [21, 3, 22, 2], [23, 14, 24, 15], [1, 10, 2, 11]]"
12a_0911_62,"[[1, 10, 2, 11], [3, 21, 4, 20], [5, 19, 6, 18], [7, 13, 8, 12], [9, 17, 10, 16], [11, 22, 12, 23], [13, 9, 14, 8], [15, 24, 16, 1], [17, 5, 18, 4], [19, 7, 20, 6], [21, 3, 22, 2], [23, 14, 24, 15]]"
12a_0911_63,"[[23, 14, 24, 15], [1, 10, 2, 11], [3, 21, 4, 20], [5, 19, 6, 18], [7, 13, 8, 12], [9, 17, 10, 16], [11, 22, 12, 23], [13, 9, 14, 8], [15, 24, 16, 1], [17, 5, 18, 4], [19, 7, 20, 6], [21, 3, 22, 2]]"
12a_0911_64,"[[21, 3, 22, 2], [23, 14, 24, 15], [1, 10, 2, 11], [3, 21, 4, 20], [5, 19, 6, 18], [7, 13, 8, 12], [9, 17, 10, 16], [11, 22, 12, 23], [13, 9, 14, 8], [15, 24, 16, 1], [17, 5, 18, 4], [19, 7, 20, 6]]"
12a_0911_65,"[[19, 7, 20, 6], [21, 3, 22, 2], [23, 14, 24, 15], [1, 10, 2, 11], [3, 21, 4, 20], [5, 19, 6, 18], [7, 13, 8, 12], [9, 17, 10, 16], [11, 22, 12, 23], [13, 9, 14, 8], [15, 24, 16, 1], [17, 5, 18, 4]]"
12a_0911_66,"[[17, 5, 18, 4], [19, 7, 20, 6], [21, 3, 22, 2], [23, 14, 24, 15], [1, 10, 2, 11], [3, 21, 4, 20], [5, 19, 6, 18], [7, 13, 8, 12], [9, 17, 10, 16], [11, 22, 12, 23], [13, 9, 14, 8], [15, 24, 16, 1]]"
12a_0911_67,"[[15, 24, 16, 1], [17, 5, 18, 4], [19, 7, 20, 6], [21, 3, 22, 2], [23, 14, 24, 15], [1, 10, 2, 11], [3, 21, 4, 20], [5, 19, 6, 18], [7, 13, 8, 12], [9, 17, 10, 16], [11, 22, 12, 23], [13, 9, 14, 8]]"
12a_0911_68,"[[13, 9, 14, 8], [15, 24, 16, 1], [17, 5, 18, 4], [19, 7, 20, 6], [21, 3, 22, 2], [23, 14, 24, 15], [1, 10, 2, 11], [3, 21, 4, 20], [5, 19, 6, 18], [7, 13, 8, 12], [9, 17, 10, 16], [11, 22, 12, 23]]"
12a_0911_69,"[[11, 22, 12, 23], [13, 9, 14, 8], [15, 24, 16, 1], [17, 5, 18, 4], [19, 7, 20, 6], [21, 3, 22, 2], [23, 14, 24, 15], [1, 10, 2, 11], [3, 21, 4, 20], [5, 19, 6, 18], [7, 13, 8, 12], [9, 17, 10, 16]]"
12a_0911_70,"[[9, 17, 10, 16], [11, 22, 12, 23], [13, 9, 14, 8], [15, 24, 16, 1], [17, 5, 18, 4], [19, 7, 20, 6], [21, 3, 22, 2], [23, 14, 24, 15], [1, 10, 2, 11], [3, 21, 4, 20], [5, 19, 6, 18], [7, 13, 8, 12]]"
12a_0911_71,"[[7, 13, 8, 12], [9, 17, 10, 16], [11, 22, 12, 23], [13, 9, 14, 8], [15, 24, 16, 1], [17, 5, 18, 4], [19, 7, 20, 6], [21, 3, 22, 2], [23, 14, 24, 15], [1, 10, 2, 11], [3, 21, 4, 20], [5, 19, 6, 18]]"
12a_0911_72,"[[6, 20, 7, 19], [8, 14, 9, 13], [10, 18, 11, 17], [12, 23, 13, 24], [14, 10, 15, 9], [16, 1, 17, 2], [18, 6, 19, 5], [20, 8, 21, 7], [22, 4, 23, 3], [24, 15, 1, 16], [2, 11, 3, 12], [4, 22, 5, 21]]"
12a_0911_73,"[[4, 22, 5, 21], [6, 20, 7, 19], [8, 14, 9, 13], [10, 18, 11, 17], [12, 23, 13, 24], [14, 10, 15, 9], [16, 1, 17, 2], [18, 6, 19, 5], [20, 8, 21, 7], [22, 4, 23, 3], [24, 15, 1, 16], [2, 11, 3, 12]]"
12a_0911_74,"[[2, 11, 3, 12], [4, 22, 5, 21], [6, 20, 7, 19], [8, 14, 9, 13], [10, 18, 11, 17], [12, 23, 13, 24], [14, 10, 15, 9], [16, 1, 17, 2], [18, 6, 19, 5], [20, 8, 21, 7], [22, 4, 23, 3], [24, 15, 1, 16]]"
12a_0911_75,"[[24, 15, 1, 16], [2, 11, 3, 12], [4, 22, 5, 21], [6, 20, 7, 19], [8, 14, 9, 13], [10, 18, 11, 17], [12, 23, 13, 24], [14, 10, 15, 9], [16, 1, 17, 2], [18, 6, 19, 5], [20, 8, 21, 7], [22, 4, 23, 3]]"
12a_0911_76,"[[22, 4, 23, 3], [24, 15, 1, 16], [2, 11, 3, 12], [4, 22, 5, 21], [6, 20, 7, 19], [8, 14, 9, 13], [10, 18, 11, 17], [12, 23, 13, 24], [14, 10, 15, 9], [16, 1, 17, 2], [18, 6, 19, 5], [20, 8, 21, 7]]"
12a_0911_77,"[[20, 8, 21, 7], [22, 4, 23, 3], [24, 15, 1, 16], [2, 11, 3, 12], [4, 22, 5, 21], [6, 20, 7, 19], [8, 14, 9, 13], [10, 18, 11, 17], [12, 23, 13, 24], [14, 10, 15, 9], [16, 1, 17, 2], [18, 6, 19, 5]]"
12a_0911_78,"[[18, 6, 19, 5], [20, 8, 21, 7], [22, 4, 23, 3], [24, 15, 1, 16], [2, 11, 3, 12], [4, 22, 5, 21], [6, 20, 7, 19], [8, 14, 9, 13], [10, 18, 11, 17], [12, 23, 13, 24], [14, 10, 15, 9], [16, 1, 17, 2]]"
12a_0911_79,"[[16, 1, 17, 2], [18, 6, 19, 5], [20, 8, 21, 7], [22, 4, 23, 3], [24, 15, 1, 16], [2, 11, 3, 12], [4, 22, 5, 21], [6, 20, 7, 19], [8, 14, 9, 13], [10, 18, 11, 17], [12, 23, 13, 24], [14, 10, 15, 9]]"
12a_0911_80,"[[14, 10, 15, 9], [16, 1, 17, 2], [18, 6, 19, 5], [20, 8, 21, 7], [22, 4, 23, 3], [24, 15, 1, 16], [2, 11, 3, 12], [4, 22, 5, 21], [6, 20, 7, 19], [8, 14, 9, 13], [10, 18, 11, 17], [12, 23, 13, 24]]"
12a_0911_81,"[[12, 23, 13, 24], [14, 10, 15, 9], [16, 1, 17, 2], [18, 6, 19, 5], [20, 8, 21, 7], [22, 4, 23, 3], [24, 15, 1, 16], [2, 11, 3, 12], [4, 22, 5, 21], [6, 20, 7, 19], [8, 14, 9, 13], [10, 18, 11, 17]]"
12a_0911_82,"[[10, 18, 11, 17], [12, 23, 13, 24], [14, 10, 15, 9], [16, 1, 17, 2], [18, 6, 19, 5], [20, 8, 21, 7], [22, 4, 23, 3], [24, 15, 1, 16], [2, 11, 3, 12], [4, 22, 5, 21], [6, 20, 7, 19], [8, 14, 9, 13]]"
12a_0911_83,"[[8, 14, 9, 13], [10, 18, 11, 17], [12, 23, 13, 24], [14, 10, 15, 9], [16, 1, 17, 2], [18, 6, 19, 5], [20, 8, 21, 7], [22, 4, 23, 3], [24, 15, 1, 16], [2, 11, 3, 12], [4, 22, 5, 21], [6, 20, 7, 19]]"
12a_0911_84,"[[7, 21, 8, 20], [9, 15, 10, 14], [11, 19, 12, 18], [13, 24, 14, 1], [15, 11, 16, 10], [17, 2, 18, 3], [19, 7, 20, 6], [21, 9, 22, 8], [23, 5, 24, 4], [1, 16, 2, 17], [3, 12, 4, 13], [5, 23, 6, 22]]"
12a_0911_85,"[[5, 23, 6, 22], [7, 21, 8, 20], [9, 15, 10, 14], [11, 19, 12, 18], [13, 24, 14, 1], [15, 11, 16, 10], [17, 2, 18, 3], [19, 7, 20, 6], [21, 9, 22, 8], [23, 5, 24, 4], [1, 16, 2, 17], [3, 12, 4, 13]]"
12a_0911_86,"[[3, 12, 4, 13], [5, 23, 6, 22], [7, 21, 8, 20], [9, 15, 10, 14], [11, 19, 12, 18], [13, 24, 14, 1], [15, 11, 16, 10], [17, 2, 18, 3], [19, 7, 20, 6], [21, 9, 22, 8], [23, 5, 24, 4], [1, 16, 2, 17]]"
12a_0911_87,"[[1, 16, 2, 17], [3, 12, 4, 13], [5, 23, 6, 22], [7, 21, 8, 20], [9, 15, 10, 14], [11, 19, 12, 18], [13, 24, 14, 1], [15, 11, 16, 10], [17, 2, 18, 3], [19, 7, 20, 6], [21, 9, 22, 8], [23, 5, 24, 4]]"
12a_0911_88,"[[23, 5, 24, 4], [1, 16, 2, 17], [3, 12, 4, 13], [5, 23, 6, 22], [7, 21, 8, 20], [9, 15, 10, 14], [11, 19, 12, 18], [13, 24, 14, 1], [15, 11, 16, 10], [17, 2, 18, 3], [19, 7, 20, 6], [21, 9, 22, 8]]"
12a_0911_89,"[[21, 9, 22, 8], [23, 5, 24, 4], [1, 16, 2, 17], [3, 12, 4, 13], [5, 23, 6, 22], [7, 21, 8, 20], [9, 15, 10, 14], [11, 19, 12, 18], [13, 24, 14, 1], [15, 11, 16, 10], [17, 2, 18, 3], [19, 7, 20, 6]]"
12a_0911_90,"[[19, 7, 20, 6], [21, 9, 22, 8], [23, 5, 24, 4], [1, 16, 2, 17], [3, 12, 4, 13], [5, 23, 6, 22], [7, 21, 8, 20], [9, 15, 10, 14], [11, 19, 12, 18], [13, 24, 14, 1], [15, 11, 16, 10], [17, 2, 18, 3]]"
12a_0911_91,"[[17, 2, 18, 3], [19, 7, 20, 6], [21, 9, 22, 8], [23, 5, 24, 4], [1, 16, 2, 17], [3, 12, 4, 13], [5, 23, 6, 22], [7, 21, 8, 20], [9, 15, 10, 14], [11, 19, 12, 18], [13, 24, 14, 1], [15, 11, 16, 10]]"
12a_0911_92,"[[15, 11, 16, 10], [17, 2, 18, 3], [19, 7, 20, 6], [21, 9, 22, 8], [23, 5, 24, 4], [1, 16, 2, 17], [3, 12, 4, 13], [5, 23, 6, 22], [7, 21, 8, 20], [9, 15, 10, 14], [11, 19, 12, 18], [13, 24, 14, 1]]"
12a_0911_93,"[[13, 24, 14, 1], [15, 11, 16, 10], [17, 2, 18, 3], [19, 7, 20, 6], [21, 9, 22, 8], [23, 5, 24, 4], [1, 16, 2, 17], [3, 12, 4, 13], [5, 23, 6, 22], [7, 21, 8, 20], [9, 15, 10, 14], [11, 19, 12, 18]]"
12a_0911_94,"[[11, 19, 12, 18], [13, 24, 14, 1], [15, 11, 16, 10], [17, 2, 18, 3], [19, 7, 20, 6], [21, 9, 22, 8], [23, 5, 24, 4], [1, 16, 2, 17], [3, 12, 4, 13], [5, 23, 6, 22], [7, 21, 8, 20], [9, 15, 10, 14]]"
12a_0911_95,"[[9, 15, 10, 14], [11, 19, 12, 18], [13, 24, 14, 1], [15, 11, 16, 10], [17, 2, 18, 3], [19, 7, 20, 6], [21, 9, 22, 8], [23, 5, 24, 4], [1, 16, 2, 17], [3, 12, 4, 13], [5, 23, 6, 22], [7, 21, 8, 20]]"
12a_0911_96,"[[8, 22, 9, 21], [10, 16, 11, 15], [12, 20, 13, 19], [14, 1, 15, 2], [16, 12, 17, 11], [18, 3, 19, 4], [20, 8, 21, 7], [22, 10, 23, 9], [24, 6, 1, 5], [2, 17, 3, 18], [4, 13, 5, 14], [6, 24, 7, 23]]"
12a_0911_97,"[[6, 24, 7, 23], [8, 22, 9, 21], [10, 16, 11, 15], [12, 20, 13, 19], [14, 1, 15, 2], [16, 12, 17, 11], [18, 3, 19, 4], [20, 8, 21, 7], [22, 10, 23, 9], [24, 6, 1, 5], [2, 17, 3, 18], [4, 13, 5, 14]]"
12a_0911_98,"[[4, 13, 5, 14], [6, 24, 7, 23], [8, 22, 9, 21], [10, 16, 11, 15], [12, 20, 13, 19], [14, 1, 15, 2], [16, 12, 17, 11], [18, 3, 19, 4], [20, 8, 21, 7], [22, 10, 23, 9], [24, 6, 1, 5], [2, 17, 3, 18]]"
12a_0911_99,"[[2, 17, 3, 18], [4, 13, 5, 14], [6, 24, 7, 23], [8, 22, 9, 21], [10, 16, 11, 15], [12, 20, 13, 19], [14, 1, 15, 2], [16, 12, 17, 11], [18, 3, 19, 4], [20, 8, 21, 7], [22, 10, 23, 9], [24, 6, 1, 5]]"
12a_0911_100,"[[24, 6, 1, 5], [2, 17, 3, 18], [4, 13, 5, 14], [6, 24, 7, 23], [8, 22, 9, 21], [10, 16, 11, 15], [12, 20, 13, 19], [14, 1, 15, 2], [16, 12, 17, 11], [18, 3, 19, 4], [20, 8, 21, 7], [22, 10, 23, 9]]"
12a_0911_101,"[[22, 10, 23, 9], [24, 6, 1, 5], [2, 17, 3, 18], [4, 13, 5, 14], [6, 24, 7, 23], [8, 22, 9, 21], [10, 16, 11, 15], [12, 20, 13, 19], [14, 1, 15, 2], [16, 12, 17, 11], [18, 3, 19, 4], [20, 8, 21, 7]]"
12a_0911_102,"[[20, 8, 21, 7], [22, 10, 23, 9], [24, 6, 1, 5], [2, 17, 3, 18], [4, 13, 5, 14], [6, 24, 7, 23], [8, 22, 9, 21], [10, 16, 11, 15], [12, 20, 13, 19], [14, 1, 15, 2], [16, 12, 17, 11], [18, 3, 19, 4]]"
12a_0911_103,"[[18, 3, 19, 4], [20, 8, 21, 7], [22, 10, 23, 9], [24, 6, 1, 5], [2, 17, 3, 18], [4, 13, 5, 14], [6, 24, 7, 23], [8, 22, 9, 21], [10, 16, 11, 15], [12, 20, 13, 19], [14, 1, 15, 2], [16, 12, 17, 11]]"
12a_0911_104,"[[16, 12, 17, 11], [18, 3, 19, 4], [20, 8, 21, 7], [22, 10, 23, 9], [24, 6, 1, 5], [2, 17, 3, 18], [4, 13, 5, 14], [6, 24, 7, 23], [8, 22, 9, 21], [10, 16, 11, 15], [12, 20, 13, 19], [14, 1, 15, 2]]"
12a_0911_105,"[[14, 1, 15, 2], [16, 12, 17, 11], [18, 3, 19, 4], [20, 8, 21, 7], [22, 10, 23, 9], [24, 6, 1, 5], [2, 17, 3, 18], [4, 13, 5, 14], [6, 24, 7, 23], [8, 22, 9, 21], [10, 16, 11, 15], [12, 20, 13, 19]]"
12a_0911_106,"[[12, 20, 13, 19], [14, 1, 15, 2], [16, 12, 17, 11], [18, 3, 19, 4], [20, 8, 21, 7], [22, 10, 23, 9], [24, 6, 1, 5], [2, 17, 3, 18], [4, 13, 5, 14], [6, 24, 7, 23], [8, 22, 9, 21], [10, 16, 11, 15]]"
12a_0911_107,"[[10, 16, 11, 15], [12, 20, 13, 19], [14, 1, 15, 2], [16, 12, 17, 11], [18, 3, 19, 4], [20, 8, 21, 7], [22, 10, 23, 9], [24, 6, 1, 5], [2, 17, 3, 18], [4, 13, 5, 14], [6, 24, 7, 23], [8, 22, 9, 21]]"
12a_0911_108,"[[9, 23, 10, 22], [11, 17, 12, 16], [13, 21, 14, 20], [15, 2, 16, 3], [17, 13, 18, 12], [19, 4, 20, 5], [21, 9, 22, 8], [23, 11, 24, 10], [1, 7, 2, 6], [3, 18, 4, 19], [5, 14, 6, 15], [7, 1, 8, 24]]"
12a_0911_109,"[[7, 1, 8, 24], [9, 23, 10, 22], [11, 17, 12, 16], [13, 21, 14, 20], [15, 2, 16, 3], [17, 13, 18, 12], [19, 4, 20, 5], [21, 9, 22, 8], [23, 11, 24, 10], [1, 7, 2, 6], [3, 18, 4, 19], [5, 14, 6, 15]]"
12a_0911_110,"[[5, 14, 6, 15], [7, 1, 8, 24], [9, 23, 10, 22], [11, 17, 12, 16], [13, 21, 14, 20], [15, 2, 16, 3], [17, 13, 18, 12], [19, 4, 20, 5], [21, 9, 22, 8], [23, 11, 24, 10], [1, 7, 2, 6], [3, 18, 4, 19]]"
12a_0911_111,"[[3, 18, 4, 19], [5, 14, 6, 15], [7, 1, 8, 24], [9, 23, 10, 22], [11, 17, 12, 16], [13, 21, 14, 20], [15, 2, 16, 3], [17, 13, 18, 12], [19, 4, 20, 5], [21, 9, 22, 8], [23, 11, 24, 10], [1, 7, 2, 6]]"
12a_0911_112,"[[1, 7, 2, 6], [3, 18, 4, 19], [5, 14, 6, 15], [7, 1, 8, 24], [9, 23, 10, 22], [11, 17, 12, 16], [13, 21, 14, 20], [15, 2, 16, 3], [17, 13, 18, 12], [19, 4, 20, 5], [21, 9, 22, 8], [23, 11, 24, 10]]"
12a_0911_113,"[[23, 11, 24, 10], [1, 7, 2, 6], [3, 18, 4, 19], [5, 14, 6, 15], [7, 1, 8, 24], [9, 23, 10, 22], [11, 17, 12, 16], [13, 21, 14, 20], [15, 2, 16, 3], [17, 13, 18, 12], [19, 4, 20, 5], [21, 9, 22, 8]]"
12a_0911_114,"[[21, 9, 22, 8], [23, 11, 24, 10], [1, 7, 2, 6], [3, 18, 4, 19], [5, 14, 6, 15], [7, 1, 8, 24], [9, 23, 10, 22], [11, 17, 12, 16], [13, 21, 14, 20], [15, 2, 16, 3], [17, 13, 18, 12], [19, 4, 20, 5]]"
12a_0911_115,"[[19, 4, 20, 5], [21, 9, 22, 8], [23, 11, 24, 10], [1, 7, 2, 6], [3, 18, 4, 19], [5, 14, 6, 15], [7, 1, 8, 24], [9, 23, 10, 22], [11, 17, 12, 16], [13, 21, 14, 20], [15, 2, 16, 3], [17, 13, 18, 12]]"
12a_0911_116,"[[17, 13, 18, 12], [19, 4, 20, 5], [21, 9, 22, 8], [23, 11, 24, 10], [1, 7, 2, 6], [3, 18, 4, 19], [5, 14, 6, 15], [7, 1, 8, 24], [9, 23, 10, 22], [11, 17, 12, 16], [13, 21, 14, 20], [15, 2, 16, 3]]"
12a_0911_117,"[[15, 2, 16, 3], [17, 13, 18, 12], [19, 4, 20, 5], [21, 9, 22, 8], [23, 11, 24, 10], [1, 7, 2, 6], [3, 18, 4, 19], [5, 14, 6, 15], [7, 1, 8, 24], [9, 23, 10, 22], [11, 17, 12, 16], [13, 21, 14, 20]]"
12a_0911_118,"[[13, 21, 14, 20], [15, 2, 16, 3], [17, 13, 18, 12], [19, 4, 20, 5], [21, 9, 22, 8], [23, 11, 24, 10], [1, 7, 2, 6], [3, 18, 4, 19], [5, 14, 6, 15], [7, 1, 8, 24], [9, 23, 10, 22], [11, 17, 12, 16]]"
12a_0911_119,"[[11, 17, 12, 16], [13, 21, 14, 20], [15, 2, 16, 3], [17, 13, 18, 12], [19, 4, 20, 5], [21, 9, 22, 8], [23, 11, 24, 10], [1, 7, 2, 6], [3, 18, 4, 19], [5, 14, 6, 15], [7, 1, 8, 24], [9, 23, 10, 22]]"
12a_0911_120,"[[10, 24, 11, 23], [12, 18, 13, 17], [14, 22, 15, 21], [16, 3, 17, 4], [18, 14, 19, 13], [20, 5, 21, 6], [22, 10, 23, 9], [24, 12, 1, 11], [2, 8, 3, 7], [4, 19, 5, 20], [6, 15, 7, 16], [8, 2, 9, 1]]"
12a_0911_121,"[[8, 2, 9, 1], [10, 24, 11, 23], [12, 18, 13, 17], [14, 22, 15, 21], [16, 3, 17, 4], [18, 14, 19, 13], [20, 5, 21, 6], [22, 10, 23, 9], [24, 12, 1, 11], [2, 8, 3, 7], [4, 19, 5, 20], [6, 15, 7, 16]]"
12a_0911_122,"[[6, 15, 7, 16], [8, 2, 9, 1], [10, 24, 11, 23], [12, 18, 13, 17], [14, 22, 15, 21], [16, 3, 17, 4], [18, 14, 19, 13], [20, 5, 21, 6], [22, 10, 23, 9], [24, 12, 1, 11], [2, 8, 3, 7], [4, 19, 5, 20]]"
12a_0911_123,"[[4, 19, 5, 20], [6, 15, 7, 16], [8, 2, 9, 1], [10, 24, 11, 23], [12, 18, 13, 17], [14, 22, 15, 21], [16, 3, 17, 4], [18, 14, 19, 13], [20, 5, 21, 6], [22, 10, 23, 9], [24, 12, 1, 11], [2, 8, 3, 7]]"
12a_0911_124,"[[2, 8, 3, 7], [4, 19, 5, 20], [6, 15, 7, 16], [8, 2, 9, 1], [10, 24, 11, 23], [12, 18, 13, 17], [14, 22, 15, 21], [16, 3, 17, 4], [18, 14, 19, 13], [20, 5, 21, 6], [22, 10, 23, 9], [24, 12, 1, 11]]"
12a_0911_125,"[[24, 12, 1, 11], [2, 8, 3, 7], [4, 19, 5, 20], [6, 15, 7, 16], [8, 2, 9, 1], [10, 24, 11, 23], [12, 18, 13, 17], [14, 22, 15, 21], [16, 3, 17, 4], [18, 14, 19, 13], [20, 5, 21, 6], [22, 10, 23, 9]]"
12a_0911_126,"[[22, 10, 23, 9], [24, 12, 1, 11], [2, 8, 3, 7], [4, 19, 5, 20], [6, 15, 7, 16], [8, 2, 9, 1], [10, 24, 11, 23], [12, 18, 13, 17], [14, 22, 15, 21], [16, 3, 17, 4], [18, 14, 19, 13], [20, 5, 21, 6]]"
12a_0911_127,"[[20, 5, 21, 6], [22, 10, 23, 9], [24, 12, 1, 11], [2, 8, 3, 7], [4, 19, 5, 20], [6, 15, 7, 16], [8, 2, 9, 1], [10, 24, 11, 23], [12, 18, 13, 17], [14, 22, 15, 21], [16, 3, 17, 4], [18, 14, 19, 13]]"
12a_0911_128,"[[18, 14, 19, 13], [20, 5, 21, 6], [22, 10, 23, 9], [24, 12, 1, 11], [2, 8, 3, 7], [4, 19, 5, 20], [6, 15, 7, 16], [8, 2, 9, 1], [10, 24, 11, 23], [12, 18, 13, 17], [14, 22, 15, 21], [16, 3, 17, 4]]"
12a_0911_129,"[[16, 3, 17, 4], [18, 14, 19, 13], [20, 5, 21, 6], [22, 10, 23, 9], [24, 12, 1, 11], [2, 8, 3, 7], [4, 19, 5, 20], [6, 15, 7, 16], [8, 2, 9, 1], [10, 24, 11, 23], [12, 18, 13, 17], [14, 22, 15, 21]]"
12a_0911_130,"[[14, 22, 15, 21], [16, 3, 17, 4], [18, 14, 19, 13], [20, 5, 21, 6], [22, 10, 23, 9], [24, 12, 1, 11], [2, 8, 3, 7], [4, 19, 5, 20], [6, 15, 7, 16], [8, 2, 9, 1], [10, 24, 11, 23], [12, 18, 13, 17]]"
12a_0911_131,"[[12, 18, 13, 17], [14, 22, 15, 21], [16, 3, 17, 4], [18, 14, 19, 13], [20, 5, 21, 6], [22, 10, 23, 9], [24, 12, 1, 11], [2, 8, 3, 7], [4, 19, 5, 20], [6, 15, 7, 16], [8, 2, 9, 1], [10, 24, 11, 23]]"
12a_0911_132,"[[11, 1, 12, 24], [13, 19, 14, 18], [15, 23, 16, 22], [17, 4, 18, 5], [19, 15, 20, 14], [21, 6, 22, 7], [23, 11, 24, 10], [1, 13, 2, 12], [3, 9, 4, 8], [5, 20, 6, 21], [7, 16, 8, 17], [9, 3, 10, 2]]"
12a_0911_133,"[[9, 3, 10, 2], [11, 1, 12, 24], [13, 19, 14, 18], [15, 23, 16, 22], [17, 4, 18, 5], [19, 15, 20, 14], [21, 6, 22, 7], [23, 11, 24, 10], [1, 13, 2, 12], [3, 9, 4, 8], [5, 20, 6, 21], [7, 16, 8, 17]]"
12a_0911_134,"[[7, 16, 8, 17], [9, 3, 10, 2], [11, 1, 12, 24], [13, 19, 14, 18], [15, 23, 16, 22], [17, 4, 18, 5], [19, 15, 20, 14], [21, 6, 22, 7], [23, 11, 24, 10], [1, 13, 2, 12], [3, 9, 4, 8], [5, 20, 6, 21]]"
12a_0911_135,"[[5, 20, 6, 21], [7, 16, 8, 17], [9, 3, 10, 2], [11, 1, 12, 24], [13, 19, 14, 18], [15, 23, 16, 22], [17, 4, 18, 5], [19, 15, 20, 14], [21, 6, 22, 7], [23, 11, 24, 10], [1, 13, 2, 12], [3, 9, 4, 8]]"
12a_0911_136,"[[3, 9, 4, 8], [5, 20, 6, 21], [7, 16, 8, 17], [9, 3, 10, 2], [11, 1, 12, 24], [13, 19, 14, 18], [15, 23, 16, 22], [17, 4, 18, 5], [19, 15, 20, 14], [21, 6, 22, 7], [23, 11, 24, 10], [1, 13, 2, 12]]"
12a_0911_137,"[[1, 13, 2, 12], [3, 9, 4, 8], [5, 20, 6, 21], [7, 16, 8, 17], [9, 3, 10, 2], [11, 1, 12, 24], [13, 19, 14, 18], [15, 23, 16, 22], [17, 4, 18, 5], [19, 15, 20, 14], [21, 6, 22, 7], [23, 11, 24, 10]]"
12a_0911_138,"[[23, 11, 24, 10], [1, 13, 2, 12], [3, 9, 4, 8], [5, 20, 6, 21], [7, 16, 8, 17], [9, 3, 10, 2], [11, 1, 12, 24], [13, 19, 14, 18], [15, 23, 16, 22], [17, 4, 18, 5], [19, 15, 20, 14], [21, 6, 22, 7]]"
12a_0911_139,"[[21, 6, 22, 7], [23, 11, 24, 10], [1, 13, 2, 12], [3, 9, 4, 8], [5, 20, 6, 21], [7, 16, 8, 17], [9, 3, 10, 2], [11, 1, 12, 24], [13, 19, 14, 18], [15, 23, 16, 22], [17, 4, 18, 5], [19, 15, 20, 14]]"
12a_0911_140,"[[19, 15, 20, 14], [21, 6, 22, 7], [23, 11, 24, 10], [1, 13, 2, 12], [3, 9, 4, 8], [5, 20, 6, 21], [7, 16, 8, 17], [9, 3, 10, 2], [11, 1, 12, 24], [13, 19, 14, 18], [15, 23, 16, 22], [17, 4, 18, 5]]"
12a_0911_141,"[[17, 4, 18, 5], [19, 15, 20, 14], [21, 6, 22, 7], [23, 11, 24, 10], [1, 13, 2, 12], [3, 9, 4, 8], [5, 20, 6, 21], [7, 16, 8, 17], [9, 3, 10, 2], [11, 1, 12, 24], [13, 19, 14, 18], [15, 23, 16, 22]]"
12a_0911_142,"[[15, 23, 16, 22], [17, 4, 18, 5], [19, 15, 20, 14], [21, 6, 22, 7], [23, 11, 24, 10], [1, 13, 2, 12], [3, 9, 4, 8], [5, 20, 6, 21], [7, 16, 8, 17], [9, 3, 10, 2], [11, 1, 12, 24], [13, 19, 14, 18]]"
12a_0911_143,"[[13, 19, 14, 18], [15, 23, 16, 22], [17, 4, 18, 5], [19, 15, 20, 14], [21, 6, 22, 7], [23, 11, 24, 10], [1, 13, 2, 12], [3, 9, 4, 8], [5, 20, 6, 21], [7, 16, 8, 17], [9, 3, 10, 2], [11, 1, 12, 24]]"
12a_0911_144,"[[12, 2, 13, 1], [14, 20, 15, 19], [16, 24, 17, 23], [18, 5, 19, 6], [20, 16, 21, 15], [22, 7, 23, 8], [24, 12, 1, 11], [2, 14, 3, 13], [4, 10, 5, 9], [6, 21, 7, 22], [8, 17, 9, 18], [10, 4, 11, 3]]"
12a_0911_145,"[[10, 4, 11, 3], [12, 2, 13, 1], [14, 20, 15, 19], [16, 24, 17, 23], [18, 5, 19, 6], [20, 16, 21, 15], [22, 7, 23, 8], [24, 12, 1, 11], [2, 14, 3, 13], [4, 10, 5, 9], [6, 21, 7, 22], [8, 17, 9, 18]]"
12a_0911_146,"[[8, 17, 9, 18], [10, 4, 11, 3], [12, 2, 13, 1], [14, 20, 15, 19], [16, 24, 17, 23], [18, 5, 19, 6], [20, 16, 21, 15], [22, 7, 23, 8], [24, 12, 1, 11], [2, 14, 3, 13], [4, 10, 5, 9], [6, 21, 7, 22]]"
12a_0911_147,"[[6, 21, 7, 22], [8, 17, 9, 18], [10, 4, 11, 3], [12, 2, 13, 1], [14, 20, 15, 19], [16, 24, 17, 23], [18, 5, 19, 6], [20, 16, 21, 15], [22, 7, 23, 8], [24, 12, 1, 11], [2, 14, 3, 13], [4, 10, 5, 9]]"
12a_0911_148,"[[4, 10, 5, 9], [6, 21, 7, 22], [8, 17, 9, 18], [10, 4, 11, 3], [12, 2, 13, 1], [14, 20, 15, 19], [16, 24, 17, 23], [18, 5, 19, 6], [20, 16, 21, 15], [22, 7, 23, 8], [24, 12, 1, 11], [2, 14, 3, 13]]"
12a_0911_149,"[[2, 14, 3, 13], [4, 10, 5, 9], [6, 21, 7, 22], [8, 17, 9, 18], [10, 4, 11, 3], [12, 2, 13, 1], [14, 20, 15, 19], [16, 24, 17, 23], [18, 5, 19, 6], [20, 16, 21, 15], [22, 7, 23, 8], [24, 12, 1, 11]]"
12a_0911_150,"[[24, 12, 1, 11], [2, 14, 3, 13], [4, 10, 5, 9], [6, 21, 7, 22], [8, 17, 9, 18], [10, 4, 11, 3], [12, 2, 13, 1], [14, 20, 15, 19], [16, 24, 17, 23], [18, 5, 19, 6], [20, 16, 21, 15], [22, 7, 23, 8]]"
12a_0911_151,"[[22, 7, 23, 8], [24, 12, 1, 11], [2, 14, 3, 13], [4, 10, 5, 9], [6, 21, 7, 22], [8, 17, 9, 18], [10, 4, 11, 3], [12, 2, 13, 1], [14, 20, 15, 19], [16, 24, 17, 23], [18, 5, 19, 6], [20, 16, 21, 15]]"
12a_0911_152,"[[20, 16, 21, 15], [22, 7, 23, 8], [24, 12, 1, 11], [2, 14, 3, 13], [4, 10, 5, 9], [6, 21, 7, 22], [8, 17, 9, 18], [10, 4, 11, 3], [12, 2, 13, 1], [14, 20, 15, 19], [16, 24, 17, 23], [18, 5, 19, 6]]"
12a_0911_153,"[[18, 5, 19, 6], [20, 16, 21, 15], [22, 7, 23, 8], [24, 12, 1, 11], [2, 14, 3, 13], [4, 10, 5, 9], [6, 21, 7, 22], [8, 17, 9, 18], [10, 4, 11, 3], [12, 2, 13, 1], [14, 20, 15, 19], [16, 24, 17, 23]]"
12a_0911_154,"[[16, 24, 17, 23], [18, 5, 19, 6], [20, 16, 21, 15], [22, 7, 23, 8], [24, 12, 1, 11], [2, 14, 3, 13], [4, 10, 5, 9], [6, 21, 7, 22], [8, 17, 9, 18], [10, 4, 11, 3], [12, 2, 13, 1], [14, 20, 15, 19]]"
12a_0911_155,"[[14, 20, 15, 19], [16, 24, 17, 23], [18, 5, 19, 6], [20, 16, 21, 15], [22, 7, 23, 8], [24, 12, 1, 11], [2, 14, 3, 13], [4, 10, 5, 9], [6, 21, 7, 22], [8, 17, 9, 18], [10, 4, 11, 3], [12, 2, 13, 1]]"
12a_0911_156,"[[13, 3, 14, 2], [15, 21, 16, 20], [17, 1, 18, 24], [19, 6, 20, 7], [21, 17, 22, 16], [23, 8, 24, 9], [1, 13, 2, 12], [3, 15, 4, 14], [5, 11, 6, 10], [7, 22, 8, 23], [9, 18, 10, 19], [11, 5, 12, 4]]"
12a_0911_157,"[[11, 5, 12, 4], [13, 3, 14, 2], [15, 21, 16, 20], [17, 1, 18, 24], [19, 6, 20, 7], [21, 17, 22, 16], [23, 8, 24, 9], [1, 13, 2, 12], [3, 15, 4, 14], [5, 11, 6, 10], [7, 22, 8, 23], [9, 18, 10, 19]]"
12a_0911_158,"[[9, 18, 10, 19], [11, 5, 12, 4], [13, 3, 14, 2], [15, 21, 16, 20], [17, 1, 18, 24], [19, 6, 20, 7], [21, 17, 22, 16], [23, 8, 24, 9], [1, 13, 2, 12], [3, 15, 4, 14], [5, 11, 6, 10], [7, 22, 8, 23]]"
12a_0911_159,"[[7, 22, 8, 23], [9, 18, 10, 19], [11, 5, 12, 4], [13, 3, 14, 2], [15, 21, 16, 20], [17, 1, 18, 24], [19, 6, 20, 7], [21, 17, 22, 16], [23, 8, 24, 9], [1, 13, 2, 12], [3, 15, 4, 14], [5, 11, 6, 10]]"
12a_0911_160,"[[5, 11, 6, 10], [7, 22, 8, 23], [9, 18, 10, 19], [11, 5, 12, 4], [13, 3, 14, 2], [15, 21, 16, 20], [17, 1, 18, 24], [19, 6, 20, 7], [21, 17, 22, 16], [23, 8, 24, 9], [1, 13, 2, 12], [3, 15, 4, 14]]"
12a_0911_161,"[[3, 15, 4, 14], [5, 11, 6, 10], [7, 22, 8, 23], [9, 18, 10, 19], [11, 5, 12, 4], [13, 3, 14, 2], [15, 21, 16, 20], [17, 1, 18, 24], [19, 6, 20, 7], [21, 17, 22, 16], [23, 8, 24, 9], [1, 13, 2, 12]]"
12a_0911_162,"[[1, 13, 2, 12], [3, 15, 4, 14], [5, 11, 6, 10], [7, 22, 8, 23], [9, 18, 10, 19], [11, 5, 12, 4], [13, 3, 14, 2], [15, 21, 16, 20], [17, 1, 18, 24], [19, 6, 20, 7], [21, 17, 22, 16], [23, 8, 24, 9]]"
12a_0911_163,"[[23, 8, 24, 9], [1, 13, 2, 12], [3, 15, 4, 14], [5, 11, 6, 10], [7, 22, 8, 23], [9, 18, 10, 19], [11, 5, 12, 4], [13, 3, 14, 2], [15, 21, 16, 20], [17, 1, 18, 24], [19, 6, 20, 7], [21, 17, 22, 16]]"
12a_0911_164,"[[21, 17, 22, 16], [23, 8, 24, 9], [1, 13, 2, 12], [3, 15, 4, 14], [5, 11, 6, 10], [7, 22, 8, 23], [9, 18, 10, 19], [11, 5, 12, 4], [13, 3, 14, 2], [15, 21, 16, 20], [17, 1, 18, 24], [19, 6, 20, 7]]"
12a_0911_165,"[[19, 6, 20, 7], [21, 17, 22, 16], [23, 8, 24, 9], [1, 13, 2, 12], [3, 15, 4, 14], [5, 11, 6, 10], [7, 22, 8, 23], [9, 18, 10, 19], [11, 5, 12, 4], [13, 3, 14, 2], [15, 21, 16, 20], [17, 1, 18, 24]]"
12a_0911_166,"[[17, 1, 18, 24], [19, 6, 20, 7], [21, 17, 22, 16], [23, 8, 24, 9], [1, 13, 2, 12], [3, 15, 4, 14], [5, 11, 6, 10], [7, 22, 8, 23], [9, 18, 10, 19], [11, 5, 12, 4], [13, 3, 14, 2], [15, 21, 16, 20]]"
12a_0911_167,"[[15, 21, 16, 20], [17, 1, 18, 24], [19, 6, 20, 7], [21, 17, 22, 16], [23, 8, 24, 9], [1, 13, 2, 12], [3, 15, 4, 14], [5, 11, 6, 10], [7, 22, 8, 23], [9, 18, 10, 19], [11, 5, 12, 4], [13, 3, 14, 2]]"
12a_0911_168,"[[14, 4, 15, 3], [16, 22, 17, 21], [18, 2, 19, 1], [20, 7, 21, 8], [22, 18, 23, 17], [24, 9, 1, 10], [2, 14, 3, 13], [4, 16, 5, 15], [6, 12, 7, 11], [8, 23, 9, 24], [10, 19, 11, 20], [12, 6, 13, 5]]"
12a_0911_169,"[[12, 6, 13, 5], [14, 4, 15, 3], [16, 22, 17, 21], [18, 2, 19, 1], [20, 7, 21, 8], [22, 18, 23, 17], [24, 9, 1, 10], [2, 14, 3, 13], [4, 16, 5, 15], [6, 12, 7, 11], [8, 23, 9, 24], [10, 19, 11, 20]]"
12a_0911_170,"[[10, 19, 11, 20], [12, 6, 13, 5], [14, 4, 15, 3], [16, 22, 17, 21], [18, 2, 19, 1], [20, 7, 21, 8], [22, 18, 23, 17], [24, 9, 1, 10], [2, 14, 3, 13], [4, 16, 5, 15], [6, 12, 7, 11], [8, 23, 9, 24]]"
12a_0911_171,"[[8, 23, 9, 24], [10, 19, 11, 20], [12, 6, 13, 5], [14, 4, 15, 3], [16, 22, 17, 21], [18, 2, 19, 1], [20, 7, 21, 8], [22, 18, 23, 17], [24, 9, 1, 10], [2, 14, 3, 13], [4, 16, 5, 15], [6, 12, 7, 11]]"
12a_0911_172,"[[6, 12, 7, 11], [8, 23, 9, 24], [10, 19, 11, 20], [12, 6, 13, 5], [14, 4, 15, 3], [16, 22, 17, 21], [18, 2, 19, 1], [20, 7, 21, 8], [22, 18, 23, 17], [24, 9, 1, 10], [2, 14, 3, 13], [4, 16, 5, 15]]"
12a_0911_173,"[[4, 16, 5, 15], [6, 12, 7, 11], [8, 23, 9, 24], [10, 19, 11, 20], [12, 6, 13, 5], [14, 4, 15, 3], [16, 22, 17, 21], [18, 2, 19, 1], [20, 7, 21, 8], [22, 18, 23, 17], [24, 9, 1, 10], [2, 14, 3, 13]]"
12a_0911_174,"[[2, 14, 3, 13], [4, 16, 5, 15], [6, 12, 7, 11], [8, 23, 9, 24], [10, 19, 11, 20], [12, 6, 13, 5], [14, 4, 15, 3], [16, 22, 17, 21], [18, 2, 19, 1], [20, 7, 21, 8], [22, 18, 23, 17], [24, 9, 1, 10]]"
12a_0911_175,"[[24, 9, 1, 10], [2, 14, 3, 13], [4, 16, 5, 15], [6, 12, 7, 11], [8, 23, 9, 24], [10, 19, 11, 20], [12, 6, 13, 5], [14, 4, 15, 3], [16, 22, 17, 21], [18, 2, 19, 1], [20, 7, 21, 8], [22, 18, 23, 17]]"
12a_0911_176,"[[22, 18, 23, 17], [24, 9, 1, 10], [2, 14, 3, 13], [4, 16, 5, 15], [6, 12, 7, 11], [8, 23, 9, 24], [10, 19, 11, 20], [12, 6, 13, 5], [14, 4, 15, 3], [16, 22, 17, 21], [18, 2, 19, 1], [20, 7, 21, 8]]"
12a_0911_177,"[[20, 7, 21, 8], [22, 18, 23, 17], [24, 9, 1, 10], [2, 14, 3, 13], [4, 16, 5, 15], [6, 12, 7, 11], [8, 23, 9, 24], [10, 19, 11, 20], [12, 6, 13, 5], [14, 4, 15, 3], [16, 22, 17, 21], [18, 2, 19, 1]]"
12a_0911_178,"[[18, 2, 19, 1], [20, 7, 21, 8], [22, 18, 23, 17], [24, 9, 1, 10], [2, 14, 3, 13], [4, 16, 5, 15], [6, 12, 7, 11], [8, 23, 9, 24], [10, 19, 11, 20], [12, 6, 13, 5], [14, 4, 15, 3], [16, 22, 17, 21]]"
12a_0911_179,"[[16, 22, 17, 21], [18, 2, 19, 1], [20, 7, 21, 8], [22, 18, 23, 17], [24, 9, 1, 10], [2, 14, 3, 13], [4, 16, 5, 15], [6, 12, 7, 11], [8, 23, 9, 24], [10, 19, 11, 20], [12, 6, 13, 5], [14, 4, 15, 3]]"
12a_0911_180,"[[15, 5, 16, 4], [17, 23, 18, 22], [19, 3, 20, 2], [21, 8, 22, 9], [23, 19, 24, 18], [1, 10, 2, 11], [3, 15, 4, 14], [5, 17, 6, 16], [7, 13, 8, 12], [9, 24, 10, 1], [11, 20, 12, 21], [13, 7, 14, 6]]"
12a_0911_181,"[[13, 7, 14, 6], [15, 5, 16, 4], [17, 23, 18, 22], [19, 3, 20, 2], [21, 8, 22, 9], [23, 19, 24, 18], [1, 10, 2, 11], [3, 15, 4, 14], [5, 17, 6, 16], [7, 13, 8, 12], [9, 24, 10, 1], [11, 20, 12, 21]]"
12a_0911_182,"[[11, 20, 12, 21], [13, 7, 14, 6], [15, 5, 16, 4], [17, 23, 18, 22], [19, 3, 20, 2], [21, 8, 22, 9], [23, 19, 24, 18], [1, 10, 2, 11], [3, 15, 4, 14], [5, 17, 6, 16], [7, 13, 8, 12], [9, 24, 10, 1]]"
12a_0911_183,"[[9, 24, 10, 1], [11, 20, 12, 21], [13, 7, 14, 6], [15, 5, 16, 4], [17, 23, 18, 22], [19, 3, 20, 2], [21, 8, 22, 9], [23, 19, 24, 18], [1, 10, 2, 11], [3, 15, 4, 14], [5, 17, 6, 16], [7, 13, 8, 12]]"
12a_0911_184,"[[7, 13, 8, 12], [9, 24, 10, 1], [11, 20, 12, 21], [13, 7, 14, 6], [15, 5, 16, 4], [17, 23, 18, 22], [19, 3, 20, 2], [21, 8, 22, 9], [23, 19, 24, 18], [1, 10, 2, 11], [3, 15, 4, 14], [5, 17, 6, 16]]"
12a_0911_185,"[[5, 17, 6, 16], [7, 13, 8, 12], [9, 24, 10, 1], [11, 20, 12, 21], [13, 7, 14, 6], [15, 5, 16, 4], [17, 23, 18, 22], [19, 3, 20, 2], [21, 8, 22, 9], [23, 19, 24, 18], [1, 10, 2, 11], [3, 15, 4, 14]]"
