name,pd_notation
12a_0776_0,"[[24, 10, 1, 9], [2, 6, 3, 5], [4, 16, 5, 15], [6, 19, 7, 20], [8, 24, 9, 23], [10, 2, 11, 1], [12, 17, 13, 18], [14, 4, 15, 3], [16, 21, 17, 22], [18, 7, 19, 8], [20, 13, 21, 14], [22, 12, 23, 11]]"
12a_0776_1,"[[22, 12, 23, 11], [24, 10, 1, 9], [2, 6, 3, 5], [4, 16, 5, 15], [6, 19, 7, 20], [8, 24, 9, 23], [10, 2, 11, 1], [12, 17, 13, 18], [14, 4, 15, 3], [16, 21, 17, 22], [18, 7, 19, 8], [20, 13, 21, 14]]"
12a_0776_2,"[[20, 13, 21, 14], [22, 12, 23, 11], [24, 10, 1, 9], [2, 6, 3, 5], [4, 16, 5, 15], [6, 19, 7, 20], [8, 24, 9, 23], [10, 2, 11, 1], [12, 17, 13, 18], [14, 4, 15, 3], [16, 21, 17, 22], [18, 7, 19, 8]]"
12a_0776_3,"[[18, 7, 19, 8], [20, 13, 21, 14], [22, 12, 23, 11], [24, 10, 1, 9], [2, 6, 3, 5], [4, 16, 5, 15], [6, 19, 7, 20], [8, 24, 9, 23], [10, 2, 11, 1], [12, 17, 13, 18], [14, 4, 15, 3], [16, 21, 17, 22]]"
12a_0776_4,"[[16, 21, 17, 22], [18, 7, 19, 8], [20, 13, 21, 14], [22, 12, 23, 11], [24, 10, 1, 9], [2, 6, 3, 5], [4, 16, 5, 15], [6, 19, 7, 20], [8, 24, 9, 23], [10, 2, 11, 1], [12, 17, 13, 18], [14, 4, 15, 3]]"
12a_0776_5,"[[14, 4, 15, 3], [16, 21, 17, 22], [18, 7, 19, 8], [20, 13, 21, 14], [22, 12, 23, 11], [24, 10, 1, 9], [2, 6, 3, 5], [4, 16, 5, 15], [6, 19, 7, 20], [8, 24, 9, 23], [10, 2, 11, 1], [12, 17, 13, 18]]"
12a_0776_6,"[[12, 17, 13, 18], [14, 4, 15, 3], [16, 21, 17, 22], [18, 7, 19, 8], [20, 13, 21, 14], [22, 12, 23, 11], [24, 10, 1, 9], [2, 6, 3, 5], [4, 16, 5, 15], [6, 19, 7, 20], [8, 24, 9, 23], [10, 2, 11, 1]]"
12a_0776_7,"[[10, 2, 11, 1], [12, 17, 13, 18], [14, 4, 15, 3], [16, 21, 17, 22], [18, 7, 19, 8], [20, 13, 21, 14], [22, 12, 23, 11], [24, 10, 1, 9], [2, 6, 3, 5], [4, 16, 5, 15], [6, 19, 7, 20], [8, 24, 9, 23]]"
12a_0776_8,"[[8, 24, 9, 23], [10, 2, 11, 1], [12, 17, 13, 18], [14, 4, 15, 3], [16, 21, 17, 22], [18, 7, 19, 8], [20, 13, 21, 14], [22, 12, 23, 11], [24, 10, 1, 9], [2, 6, 3, 5], [4, 16, 5, 15], [6, 19, 7, 20]]"
12a_0776_9,"[[6, 19, 7, 20], [8, 24, 9, 23], [10, 2, 11, 1], [12, 17, 13, 18], [14, 4, 15, 3], [16, 21, 17, 22], [18, 7, 19, 8], [20, 13, 21, 14], [22, 12, 23, 11], [24, 10, 1, 9], [2, 6, 3, 5], [4, 16, 5, 15]]"
12a_0776_10,"[[4, 16, 5, 15], [6, 19, 7, 20], [8, 24, 9, 23], [10, 2, 11, 1], [12, 17, 13, 18], [14, 4, 15, 3], [16, 21, 17, 22], [18, 7, 19, 8], [20, 13, 21, 14], [22, 12, 23, 11], [24, 10, 1, 9], [2, 6, 3, 5]]"
12a_0776_11,"[[2, 6, 3, 5], [4, 16, 5, 15], [6, 19, 7, 20], [8, 24, 9, 23], [10, 2, 11, 1], [12, 17, 13, 18], [14, 4, 15, 3], [16, 21, 17, 22], [18, 7, 19, 8], [20, 13, 21, 14], [22, 12, 23, 11], [24, 10, 1, 9]]"
12a_0776_12,"[[1, 11, 2, 10], [3, 7, 4, 6], [5, 17, 6, 16], [7, 20, 8, 21], [9, 1, 10, 24], [11, 3, 12, 2], [13, 18, 14, 19], [15, 5, 16, 4], [17, 22, 18, 23], [19, 8, 20, 9], [21, 14, 22, 15], [23, 13, 24, 12]]"
12a_0776_13,"[[23, 13, 24, 12], [1, 11, 2, 10], [3, 7, 4, 6], [5, 17, 6, 16], [7, 20, 8, 21], [9, 1, 10, 24], [11, 3, 12, 2], [13, 18, 14, 19], [15, 5, 16, 4], [17, 22, 18, 23], [19, 8, 20, 9], [21, 14, 22, 15]]"
12a_0776_14,"[[21, 14, 22, 15], [23, 13, 24, 12], [1, 11, 2, 10], [3, 7, 4, 6], [5, 17, 6, 16], [7, 20, 8, 21], [9, 1, 10, 24], [11, 3, 12, 2], [13, 18, 14, 19], [15, 5, 16, 4], [17, 22, 18, 23], [19, 8, 20, 9]]"
12a_0776_15,"[[19, 8, 20, 9], [21, 14, 22, 15], [23, 13, 24, 12], [1, 11, 2, 10], [3, 7, 4, 6], [5, 17, 6, 16], [7, 20, 8, 21], [9, 1, 10, 24], [11, 3, 12, 2], [13, 18, 14, 19], [15, 5, 16, 4], [17, 22, 18, 23]]"
12a_0776_16,"[[17, 22, 18, 23], [19, 8, 20, 9], [21, 14, 22, 15], [23, 13, 24, 12], [1, 11, 2, 10], [3, 7, 4, 6], [5, 17, 6, 16], [7, 20, 8, 21], [9, 1, 10, 24], [11, 3, 12, 2], [13, 18, 14, 19], [15, 5, 16, 4]]"
12a_0776_17,"[[15, 5, 16, 4], [17, 22, 18, 23], [19, 8, 20, 9], [21, 14, 22, 15], [23, 13, 24, 12], [1, 11, 2, 10], [3, 7, 4, 6], [5, 17, 6, 16], [7, 20, 8, 21], [9, 1, 10, 24], [11, 3, 12, 2], [13, 18, 14, 19]]"
12a_0776_18,"[[13, 18, 14, 19], [15, 5, 16, 4], [17, 22, 18, 23], [19, 8, 20, 9], [21, 14, 22, 15], [23, 13, 24, 12], [1, 11, 2, 10], [3, 7, 4, 6], [5, 17, 6, 16], [7, 20, 8, 21], [9, 1, 10, 24], [11, 3, 12, 2]]"
12a_0776_19,"[[11, 3, 12, 2], [13, 18, 14, 19], [15, 5, 16, 4], [17, 22, 18, 23], [19, 8, 20, 9], [21, 14, 22, 15], [23, 13, 24, 12], [1, 11, 2, 10], [3, 7, 4, 6], [5, 17, 6, 16], [7, 20, 8, 21], [9, 1, 10, 24]]"
12a_0776_20,"[[9, 1, 10, 24], [11, 3, 12, 2], [13, 18, 14, 19], [15, 5, 16, 4], [17, 22, 18, 23], [19, 8, 20, 9], [21, 14, 22, 15], [23, 13, 24, 12], [1, 11, 2, 10], [3, 7, 4, 6], [5, 17, 6, 16], [7, 20, 8, 21]]"
12a_0776_21,"[[7, 20, 8, 21], [9, 1, 10, 24], [11, 3, 12, 2], [13, 18, 14, 19], [15, 5, 16, 4], [17, 22, 18, 23], [19, 8, 20, 9], [21, 14, 22, 15], [23, 13, 24, 12], [1, 11, 2, 10], [3, 7, 4, 6], [5, 17, 6, 16]]"
12a_0776_22,"[[5, 17, 6, 16], [7, 20, 8, 21], [9, 1, 10, 24], [11, 3, 12, 2], [13, 18, 14, 19], [15, 5, 16, 4], [17, 22, 18, 23], [19, 8, 20, 9], [21, 14, 22, 15], [23, 13, 24, 12], [1, 11, 2, 10], [3, 7, 4, 6]]"
12a_0776_23,"[[3, 7, 4, 6], [5, 17, 6, 16], [7, 20, 8, 21], [9, 1, 10, 24], [11, 3, 12, 2], [13, 18, 14, 19], [15, 5, 16, 4], [17, 22, 18, 23], [19, 8, 20, 9], [21, 14, 22, 15], [23, 13, 24, 12], [1, 11, 2, 10]]"
12a_0776_24,"[[2, 12, 3, 11], [4, 8, 5, 7], [6, 18, 7, 17], [8, 21, 9, 22], [10, 2, 11, 1], [12, 4, 13, 3], [14, 19, 15, 20], [16, 6, 17, 5], [18, 23, 19, 24], [20, 9, 21, 10], [22, 15, 23, 16], [24, 14, 1, 13]]"
12a_0776_25,"[[24, 14, 1, 13], [2, 12, 3, 11], [4, 8, 5, 7], [6, 18, 7, 17], [8, 21, 9, 22], [10, 2, 11, 1], [12, 4, 13, 3], [14, 19, 15, 20], [16, 6, 17, 5], [18, 23, 19, 24], [20, 9, 21, 10], [22, 15, 23, 16]]"
12a_0776_26,"[[22, 15, 23, 16], [24, 14, 1, 13], [2, 12, 3, 11], [4, 8, 5, 7], [6, 18, 7, 17], [8, 21, 9, 22], [10, 2, 11, 1], [12, 4, 13, 3], [14, 19, 15, 20], [16, 6, 17, 5], [18, 23, 19, 24], [20, 9, 21, 10]]"
12a_0776_27,"[[20, 9, 21, 10], [22, 15, 23, 16], [24, 14, 1, 13], [2, 12, 3, 11], [4, 8, 5, 7], [6, 18, 7, 17], [8, 21, 9, 22], [10, 2, 11, 1], [12, 4, 13, 3], [14, 19, 15, 20], [16, 6, 17, 5], [18, 23, 19, 24]]"
12a_0776_28,"[[18, 23, 19, 24], [20, 9, 21, 10], [22, 15, 23, 16], [24, 14, 1, 13], [2, 12, 3, 11], [4, 8, 5, 7], [6, 18, 7, 17], [8, 21, 9, 22], [10, 2, 11, 1], [12, 4, 13, 3], [14, 19, 15, 20], [16, 6, 17, 5]]"
12a_0776_29,"[[16, 6, 17, 5], [18, 23, 19, 24], [20, 9, 21, 10], [22, 15, 23, 16], [24, 14, 1, 13], [2, 12, 3, 11], [4, 8, 5, 7], [6, 18, 7, 17], [8, 21, 9, 22], [10, 2, 11, 1], [12, 4, 13, 3], [14, 19, 15, 20]]"
12a_0776_30,"[[14, 19, 15, 20], [16, 6, 17, 5], [18, 23, 19, 24], [20, 9, 21, 10], [22, 15, 23, 16], [24, 14, 1, 13], [2, 12, 3, 11], [4, 8, 5, 7], [6, 18, 7, 17], [8, 21, 9, 22], [10, 2, 11, 1], [12, 4, 13, 3]]"
12a_0776_31,"[[12, 4, 13, 3], [14, 19, 15, 20], [16, 6, 17, 5], [18, 23, 19, 24], [20, 9, 21, 10], [22, 15, 23, 16], [24, 14, 1, 13], [2, 12, 3, 11], [4, 8, 5, 7], [6, 18, 7, 17], [8, 21, 9, 22], [10, 2, 11, 1]]"
12a_0776_32,"[[10, 2, 11, 1], [12, 4, 13, 3], [14, 19, 15, 20], [16, 6, 17, 5], [18, 23, 19, 24], [20, 9, 21, 10], [22, 15, 23, 16], [24, 14, 1, 13], [2, 12, 3, 11], [4, 8, 5, 7], [6, 18, 7, 17], [8, 21, 9, 22]]"
12a_0776_33,"[[8, 21, 9, 22], [10, 2, 11, 1], [12, 4, 13, 3], [14, 19, 15, 20], [16, 6, 17, 5], [18, 23, 19, 24], [20, 9, 21, 10], [22, 15, 23, 16], [24, 14, 1, 13], [2, 12, 3, 11], [4, 8, 5, 7], [6, 18, 7, 17]]"
12a_0776_34,"[[6, 18, 7, 17], [8, 21, 9, 22], [10, 2, 11, 1], [12, 4, 13, 3], [14, 19, 15, 20], [16, 6, 17, 5], [18, 23, 19, 24], [20, 9, 21, 10], [22, 15, 23, 16], [24, 14, 1, 13], [2, 12, 3, 11], [4, 8, 5, 7]]"
12a_0776_35,"[[4, 8, 5, 7], [6, 18, 7, 17], [8, 21, 9, 22], [10, 2, 11, 1], [12, 4, 13, 3], [14, 19, 15, 20], [16, 6, 17, 5], [18, 23, 19, 24], [20, 9, 21, 10], [22, 15, 23, 16], [24, 14, 1, 13], [2, 12, 3, 11]]"
12a_0776_36,"[[3, 13, 4, 12], [5, 9, 6, 8], [7, 19, 8, 18], [9, 22, 10, 23], [11, 3, 12, 2], [13, 5, 14, 4], [15, 20, 16, 21], [17, 7, 18, 6], [19, 24, 20, 1], [21, 10, 22, 11], [23, 16, 24, 17], [1, 15, 2, 14]]"
12a_0776_37,"[[1, 15, 2, 14], [3, 13, 4, 12], [5, 9, 6, 8], [7, 19, 8, 18], [9, 22, 10, 23], [11, 3, 12, 2], [13, 5, 14, 4], [15, 20, 16, 21], [17, 7, 18, 6], [19, 24, 20, 1], [21, 10, 22, 11], [23, 16, 24, 17]]"
12a_0776_38,"[[23, 16, 24, 17], [1, 15, 2, 14], [3, 13, 4, 12], [5, 9, 6, 8], [7, 19, 8, 18], [9, 22, 10, 23], [11, 3, 12, 2], [13, 5, 14, 4], [15, 20, 16, 21], [17, 7, 18, 6], [19, 24, 20, 1], [21, 10, 22, 11]]"
12a_0776_39,"[[21, 10, 22, 11], [23, 16, 24, 17], [1, 15, 2, 14], [3, 13, 4, 12], [5, 9, 6, 8], [7, 19, 8, 18], [9, 22, 10, 23], [11, 3, 12, 2], [13, 5, 14, 4], [15, 20, 16, 21], [17, 7, 18, 6], [19, 24, 20, 1]]"
12a_0776_40,"[[19, 24, 20, 1], [21, 10, 22, 11], [23, 16, 24, 17], [1, 15, 2, 14], [3, 13, 4, 12], [5, 9, 6, 8], [7, 19, 8, 18], [9, 22, 10, 23], [11, 3, 12, 2], [13, 5, 14, 4], [15, 20, 16, 21], [17, 7, 18, 6]]"
12a_0776_41,"[[17, 7, 18, 6], [19, 24, 20, 1], [21, 10, 22, 11], [23, 16, 24, 17], [1, 15, 2, 14], [3, 13, 4, 12], [5, 9, 6, 8], [7, 19, 8, 18], [9, 22, 10, 23], [11, 3, 12, 2], [13, 5, 14, 4], [15, 20, 16, 21]]"
12a_0776_42,"[[15, 20, 16, 21], [17, 7, 18, 6], [19, 24, 20, 1], [21, 10, 22, 11], [23, 16, 24, 17], [1, 15, 2, 14], [3, 13, 4, 12], [5, 9, 6, 8], [7, 19, 8, 18], [9, 22, 10, 23], [11, 3, 12, 2], [13, 5, 14, 4]]"
12a_0776_43,"[[13, 5, 14, 4], [15, 20, 16, 21], [17, 7, 18, 6], [19, 24, 20, 1], [21, 10, 22, 11], [23, 16, 24, 17], [1, 15, 2, 14], [3, 13, 4, 12], [5, 9, 6, 8], [7, 19, 8, 18], [9, 22, 10, 23], [11, 3, 12, 2]]"
12a_0776_44,"[[11, 3, 12, 2], [13, 5, 14, 4], [15, 20, 16, 21], [17, 7, 18, 6], [19, 24, 20, 1], [21, 10, 22, 11], [23, 16, 24, 17], [1, 15, 2, 14], [3, 13, 4, 12], [5, 9, 6, 8], [7, 19, 8, 18], [9, 22, 10, 23]]"
12a_0776_45,"[[9, 22, 10, 23], [11, 3, 12, 2], [13, 5, 14, 4], [15, 20, 16, 21], [17, 7, 18, 6], [19, 24, 20, 1], [21, 10, 22, 11], [23, 16, 24, 17], [1, 15, 2, 14], [3, 13, 4, 12], [5, 9, 6, 8], [7, 19, 8, 18]]"
12a_0776_46,"[[7, 19, 8, 18], [9, 22, 10, 23], [11, 3, 12, 2], [13, 5, 14, 4], [15, 20, 16, 21], [17, 7, 18, 6], [19, 24, 20, 1], [21, 10, 22, 11], [23, 16, 24, 17], [1, 15, 2, 14], [3, 13, 4, 12], [5, 9, 6, 8]]"
12a_0776_47,"[[5, 9, 6, 8], [7, 19, 8, 18], [9, 22, 10, 23], [11, 3, 12, 2], [13, 5, 14, 4], [15, 20, 16, 21], [17, 7, 18, 6], [19, 24, 20, 1], [21, 10, 22, 11], [23, 16, 24, 17], [1, 15, 2, 14], [3, 13, 4, 12]]"
12a_0776_48,"[[4, 14, 5, 13], [6, 10, 7, 9], [8, 20, 9, 19], [10, 23, 11, 24], [12, 4, 13, 3], [14, 6, 15, 5], [16, 21, 17, 22], [18, 8, 19, 7], [20, 1, 21, 2], [22, 11, 23, 12], [24, 17, 1, 18], [2, 16, 3, 15]]"
12a_0776_49,"[[2, 16, 3, 15], [4, 14, 5, 13], [6, 10, 7, 9], [8, 20, 9, 19], [10, 23, 11, 24], [12, 4, 13, 3], [14, 6, 15, 5], [16, 21, 17, 22], [18, 8, 19, 7], [20, 1, 21, 2], [22, 11, 23, 12], [24, 17, 1, 18]]"
12a_0776_50,"[[24, 17, 1, 18], [2, 16, 3, 15], [4, 14, 5, 13], [6, 10, 7, 9], [8, 20, 9, 19], [10, 23, 11, 24], [12, 4, 13, 3], [14, 6, 15, 5], [16, 21, 17, 22], [18, 8, 19, 7], [20, 1, 21, 2], [22, 11, 23, 12]]"
12a_0776_51,"[[22, 11, 23, 12], [24, 17, 1, 18], [2, 16, 3, 15], [4, 14, 5, 13], [6, 10, 7, 9], [8, 20, 9, 19], [10, 23, 11, 24], [12, 4, 13, 3], [14, 6, 15, 5], [16, 21, 17, 22], [18, 8, 19, 7], [20, 1, 21, 2]]"
12a_0776_52,"[[20, 1, 21, 2], [22, 11, 23, 12], [24, 17, 1, 18], [2, 16, 3, 15], [4, 14, 5, 13], [6, 10, 7, 9], [8, 20, 9, 19], [10, 23, 11, 24], [12, 4, 13, 3], [14, 6, 15, 5], [16, 21, 17, 22], [18, 8, 19, 7]]"
12a_0776_53,"[[18, 8, 19, 7], [20, 1, 21, 2], [22, 11, 23, 12], [24, 17, 1, 18], [2, 16, 3, 15], [4, 14, 5, 13], [6, 10, 7, 9], [8, 20, 9, 19], [10, 23, 11, 24], [12, 4, 13, 3], [14, 6, 15, 5], [16, 21, 17, 22]]"
12a_0776_54,"[[16, 21, 17, 22], [18, 8, 19, 7], [20, 1, 21, 2], [22, 11, 23, 12], [24, 17, 1, 18], [2, 16, 3, 15], [4, 14, 5, 13], [6, 10, 7, 9], [8, 20, 9, 19], [10, 23, 11, 24], [12, 4, 13, 3], [14, 6, 15, 5]]"
12a_0776_55,"[[14, 6, 15, 5], [16, 21, 17, 22], [18, 8, 19, 7], [20, 1, 21, 2], [22, 11, 23, 12], [24, 17, 1, 18], [2, 16, 3, 15], [4, 14, 5, 13], [6, 10, 7, 9], [8, 20, 9, 19], [10, 23, 11, 24], [12, 4, 13, 3]]"
12a_0776_56,"[[12, 4, 13, 3], [14, 6, 15, 5], [16, 21, 17, 22], [18, 8, 19, 7], [20, 1, 21, 2], [22, 11, 23, 12], [24, 17, 1, 18], [2, 16, 3, 15], [4, 14, 5, 13], [6, 10, 7, 9], [8, 20, 9, 19], [10, 23, 11, 24]]"
12a_0776_57,"[[10, 23, 11, 24], [12, 4, 13, 3], [14, 6, 15, 5], [16, 21, 17, 22], [18, 8, 19, 7], [20, 1, 21, 2], [22, 11, 23, 12], [24, 17, 1, 18], [2, 16, 3, 15], [4, 14, 5, 13], [6, 10, 7, 9], [8, 20, 9, 19]]"
12a_0776_58,"[[8, 20, 9, 19], [10, 23, 11, 24], [12, 4, 13, 3], [14, 6, 15, 5], [16, 21, 17, 22], [18, 8, 19, 7], [20, 1, 21, 2], [22, 11, 23, 12], [24, 17, 1, 18], [2, 16, 3, 15], [4, 14, 5, 13], [6, 10, 7, 9]]"
12a_0776_59,"[[6, 10, 7, 9], [8, 20, 9, 19], [10, 23, 11, 24], [12, 4, 13, 3], [14, 6, 15, 5], [16, 21, 17, 22], [18, 8, 19, 7], [20, 1, 21, 2], [22, 11, 23, 12], [24, 17, 1, 18], [2, 16, 3, 15], [4, 14, 5, 13]]"
12a_0776_60,"[[5, 15, 6, 14], [7, 11, 8, 10], [9, 21, 10, 20], [11, 24, 12, 1], [13, 5, 14, 4], [15, 7, 16, 6], [17, 22, 18, 23], [19, 9, 20, 8], [21, 2, 22, 3], [23, 12, 24, 13], [1, 18, 2, 19], [3, 17, 4, 16]]"
12a_0776_61,"[[3, 17, 4, 16], [5, 15, 6, 14], [7, 11, 8, 10], [9, 21, 10, 20], [11, 24, 12, 1], [13, 5, 14, 4], [15, 7, 16, 6], [17, 22, 18, 23], [19, 9, 20, 8], [21, 2, 22, 3], [23, 12, 24, 13], [1, 18, 2, 19]]"
12a_0776_62,"[[1, 18, 2, 19], [3, 17, 4, 16], [5, 15, 6, 14], [7, 11, 8, 10], [9, 21, 10, 20], [11, 24, 12, 1], [13, 5, 14, 4], [15, 7, 16, 6], [17, 22, 18, 23], [19, 9, 20, 8], [21, 2, 22, 3], [23, 12, 24, 13]]"
12a_0776_63,"[[23, 12, 24, 13], [1, 18, 2, 19], [3, 17, 4, 16], [5, 15, 6, 14], [7, 11, 8, 10], [9, 21, 10, 20], [11, 24, 12, 1], [13, 5, 14, 4], [15, 7, 16, 6], [17, 22, 18, 23], [19, 9, 20, 8], [21, 2, 22, 3]]"
12a_0776_64,"[[21, 2, 22, 3], [23, 12, 24, 13], [1, 18, 2, 19], [3, 17, 4, 16], [5, 15, 6, 14], [7, 11, 8, 10], [9, 21, 10, 20], [11, 24, 12, 1], [13, 5, 14, 4], [15, 7, 16, 6], [17, 22, 18, 23], [19, 9, 20, 8]]"
12a_0776_65,"[[19, 9, 20, 8], [21, 2, 22, 3], [23, 12, 24, 13], [1, 18, 2, 19], [3, 17, 4, 16], [5, 15, 6, 14], [7, 11, 8, 10], [9, 21, 10, 20], [11, 24, 12, 1], [13, 5, 14, 4], [15, 7, 16, 6], [17, 22, 18, 23]]"
12a_0776_66,"[[17, 22, 18, 23], [19, 9, 20, 8], [21, 2, 22, 3], [23, 12, 24, 13], [1, 18, 2, 19], [3, 17, 4, 16], [5, 15, 6, 14], [7, 11, 8, 10], [9, 21, 10, 20], [11, 24, 12, 1], [13, 5, 14, 4], [15, 7, 16, 6]]"
12a_0776_67,"[[15, 7, 16, 6], [17, 22, 18, 23], [19, 9, 20, 8], [21, 2, 22, 3], [23, 12, 24, 13], [1, 18, 2, 19], [3, 17, 4, 16], [5, 15, 6, 14], [7, 11, 8, 10], [9, 21, 10, 20], [11, 24, 12, 1], [13, 5, 14, 4]]"
12a_0776_68,"[[13, 5, 14, 4], [15, 7, 16, 6], [17, 22, 18, 23], [19, 9, 20, 8], [21, 2, 22, 3], [23, 12, 24, 13], [1, 18, 2, 19], [3, 17, 4, 16], [5, 15, 6, 14], [7, 11, 8, 10], [9, 21, 10, 20], [11, 24, 12, 1]]"
12a_0776_69,"[[11, 24, 12, 1], [13, 5, 14, 4], [15, 7, 16, 6], [17, 22, 18, 23], [19, 9, 20, 8], [21, 2, 22, 3], [23, 12, 24, 13], [1, 18, 2, 19], [3, 17, 4, 16], [5, 15, 6, 14], [7, 11, 8, 10], [9, 21, 10, 20]]"
12a_0776_70,"[[9, 21, 10, 20], [11, 24, 12, 1], [13, 5, 14, 4], [15, 7, 16, 6], [17, 22, 18, 23], [19, 9, 20, 8], [21, 2, 22, 3], [23, 12, 24, 13], [1, 18, 2, 19], [3, 17, 4, 16], [5, 15, 6, 14], [7, 11, 8, 10]]"
12a_0776_71,"[[7, 11, 8, 10], [9, 21, 10, 20], [11, 24, 12, 1], [13, 5, 14, 4], [15, 7, 16, 6], [17, 22, 18, 23], [19, 9, 20, 8], [21, 2, 22, 3], [23, 12, 24, 13], [1, 18, 2, 19], [3, 17, 4, 16], [5, 15, 6, 14]]"
12a_0776_72,"[[6, 16, 7, 15], [8, 12, 9, 11], [10, 22, 11, 21], [12, 1, 13, 2], [14, 6, 15, 5], [16, 8, 17, 7], [18, 23, 19, 24], [20, 10, 21, 9], [22, 3, 23, 4], [24, 13, 1, 14], [2, 19, 3, 20], [4, 18, 5, 17]]"
12a_0776_73,"[[4, 18, 5, 17], [6, 16, 7, 15], [8, 12, 9, 11], [10, 22, 11, 21], [12, 1, 13, 2], [14, 6, 15, 5], [16, 8, 17, 7], [18, 23, 19, 24], [20, 10, 21, 9], [22, 3, 23, 4], [24, 13, 1, 14], [2, 19, 3, 20]]"
12a_0776_74,"[[2, 19, 3, 20], [4, 18, 5, 17], [6, 16, 7, 15], [8, 12, 9, 11], [10, 22, 11, 21], [12, 1, 13, 2], [14, 6, 15, 5], [16, 8, 17, 7], [18, 23, 19, 24], [20, 10, 21, 9], [22, 3, 23, 4], [24, 13, 1, 14]]"
12a_0776_75,"[[24, 13, 1, 14], [2, 19, 3, 20], [4, 18, 5, 17], [6, 16, 7, 15], [8, 12, 9, 11], [10, 22, 11, 21], [12, 1, 13, 2], [14, 6, 15, 5], [16, 8, 17, 7], [18, 23, 19, 24], [20, 10, 21, 9], [22, 3, 23, 4]]"
12a_0776_76,"[[22, 3, 23, 4], [24, 13, 1, 14], [2, 19, 3, 20], [4, 18, 5, 17], [6, 16, 7, 15], [8, 12, 9, 11], [10, 22, 11, 21], [12, 1, 13, 2], [14, 6, 15, 5], [16, 8, 17, 7], [18, 23, 19, 24], [20, 10, 21, 9]]"
12a_0776_77,"[[20, 10, 21, 9], [22, 3, 23, 4], [24, 13, 1, 14], [2, 19, 3, 20], [4, 18, 5, 17], [6, 16, 7, 15], [8, 12, 9, 11], [10, 22, 11, 21], [12, 1, 13, 2], [14, 6, 15, 5], [16, 8, 17, 7], [18, 23, 19, 24]]"
12a_0776_78,"[[18, 23, 19, 24], [20, 10, 21, 9], [22, 3, 23, 4], [24, 13, 1, 14], [2, 19, 3, 20], [4, 18, 5, 17], [6, 16, 7, 15], [8, 12, 9, 11], [10, 22, 11, 21], [12, 1, 13, 2], [14, 6, 15, 5], [16, 8, 17, 7]]"
12a_0776_79,"[[16, 8, 17, 7], [18, 23, 19, 24], [20, 10, 21, 9], [22, 3, 23, 4], [24, 13, 1, 14], [2, 19, 3, 20], [4, 18, 5, 17], [6, 16, 7, 15], [8, 12, 9, 11], [10, 22, 11, 21], [12, 1, 13, 2], [14, 6, 15, 5]]"
12a_0776_80,"[[14, 6, 15, 5], [16, 8, 17, 7], [18, 23, 19, 24], [20, 10, 21, 9], [22, 3, 23, 4], [24, 13, 1, 14], [2, 19, 3, 20], [4, 18, 5, 17], [6, 16, 7, 15], [8, 12, 9, 11], [10, 22, 11, 21], [12, 1, 13, 2]]"
12a_0776_81,"[[12, 1, 13, 2], [14, 6, 15, 5], [16, 8, 17, 7], [18, 23, 19, 24], [20, 10, 21, 9], [22, 3, 23, 4], [24, 13, 1, 14], [2, 19, 3, 20], [4, 18, 5, 17], [6, 16, 7, 15], [8, 12, 9, 11], [10, 22, 11, 21]]"
12a_0776_82,"[[10, 22, 11, 21], [12, 1, 13, 2], [14, 6, 15, 5], [16, 8, 17, 7], [18, 23, 19, 24], [20, 10, 21, 9], [22, 3, 23, 4], [24, 13, 1, 14], [2, 19, 3, 20], [4, 18, 5, 17], [6, 16, 7, 15], [8, 12, 9, 11]]"
12a_0776_83,"[[8, 12, 9, 11], [10, 22, 11, 21], [12, 1, 13, 2], [14, 6, 15, 5], [16, 8, 17, 7], [18, 23, 19, 24], [20, 10, 21, 9], [22, 3, 23, 4], [24, 13, 1, 14], [2, 19, 3, 20], [4, 18, 5, 17], [6, 16, 7, 15]]"
12a_0776_84,"[[7, 17, 8, 16], [9, 13, 10, 12], [11, 23, 12, 22], [13, 2, 14, 3], [15, 7, 16, 6], [17, 9, 18, 8], [19, 24, 20, 1], [21, 11, 22, 10], [23, 4, 24, 5], [1, 14, 2, 15], [3, 20, 4, 21], [5, 19, 6, 18]]"
12a_0776_85,"[[5, 19, 6, 18], [7, 17, 8, 16], [9, 13, 10, 12], [11, 23, 12, 22], [13, 2, 14, 3], [15, 7, 16, 6], [17, 9, 18, 8], [19, 24, 20, 1], [21, 11, 22, 10], [23, 4, 24, 5], [1, 14, 2, 15], [3, 20, 4, 21]]"
12a_0776_86,"[[3, 20, 4, 21], [5, 19, 6, 18], [7, 17, 8, 16], [9, 13, 10, 12], [11, 23, 12, 22], [13, 2, 14, 3], [15, 7, 16, 6], [17, 9, 18, 8], [19, 24, 20, 1], [21, 11, 22, 10], [23, 4, 24, 5], [1, 14, 2, 15]]"
12a_0776_87,"[[1, 14, 2, 15], [3, 20, 4, 21], [5, 19, 6, 18], [7, 17, 8, 16], [9, 13, 10, 12], [11, 23, 12, 22], [13, 2, 14, 3], [15, 7, 16, 6], [17, 9, 18, 8], [19, 24, 20, 1], [21, 11, 22, 10], [23, 4, 24, 5]]"
12a_0776_88,"[[23, 4, 24, 5], [1, 14, 2, 15], [3, 20, 4, 21], [5, 19, 6, 18], [7, 17, 8, 16], [9, 13, 10, 12], [11, 23, 12, 22], [13, 2, 14, 3], [15, 7, 16, 6], [17, 9, 18, 8], [19, 24, 20, 1], [21, 11, 22, 10]]"
12a_0776_89,"[[21, 11, 22, 10], [23, 4, 24, 5], [1, 14, 2, 15], [3, 20, 4, 21], [5, 19, 6, 18], [7, 17, 8, 16], [9, 13, 10, 12], [11, 23, 12, 22], [13, 2, 14, 3], [15, 7, 16, 6], [17, 9, 18, 8], [19, 24, 20, 1]]"
12a_0776_90,"[[19, 24, 20, 1], [21, 11, 22, 10], [23, 4, 24, 5], [1, 14, 2, 15], [3, 20, 4, 21], [5, 19, 6, 18], [7, 17, 8, 16], [9, 13, 10, 12], [11, 23, 12, 22], [13, 2, 14, 3], [15, 7, 16, 6], [17, 9, 18, 8]]"
12a_0776_91,"[[17, 9, 18, 8], [19, 24, 20, 1], [21, 11, 22, 10], [23, 4, 24, 5], [1, 14, 2, 15], [3, 20, 4, 21], [5, 19, 6, 18], [7, 17, 8, 16], [9, 13, 10, 12], [11, 23, 12, 22], [13, 2, 14, 3], [15, 7, 16, 6]]"
12a_0776_92,"[[15, 7, 16, 6], [17, 9, 18, 8], [19, 24, 20, 1], [21, 11, 22, 10], [23, 4, 24, 5], [1, 14, 2, 15], [3, 20, 4, 21], [5, 19, 6, 18], [7, 17, 8, 16], [9, 13, 10, 12], [11, 23, 12, 22], [13, 2, 14, 3]]"
12a_0776_93,"[[13, 2, 14, 3], [15, 7, 16, 6], [17, 9, 18, 8], [19, 24, 20, 1], [21, 11, 22, 10], [23, 4, 24, 5], [1, 14, 2, 15], [3, 20, 4, 21], [5, 19, 6, 18], [7, 17, 8, 16], [9, 13, 10, 12], [11, 23, 12, 22]]"
12a_0776_94,"[[11, 23, 12, 22], [13, 2, 14, 3], [15, 7, 16, 6], [17, 9, 18, 8], [19, 24, 20, 1], [21, 11, 22, 10], [23, 4, 24, 5], [1, 14, 2, 15], [3, 20, 4, 21], [5, 19, 6, 18], [7, 17, 8, 16], [9, 13, 10, 12]]"
12a_0776_95,"[[9, 13, 10, 12], [11, 23, 12, 22], [13, 2, 14, 3], [15, 7, 16, 6], [17, 9, 18, 8], [19, 24, 20, 1], [21, 11, 22, 10], [23, 4, 24, 5], [1, 14, 2, 15], [3, 20, 4, 21], [5, 19, 6, 18], [7, 17, 8, 16]]"
12a_0776_96,"[[8, 18, 9, 17], [10, 14, 11, 13], [12, 24, 13, 23], [14, 3, 15, 4], [16, 8, 17, 7], [18, 10, 19, 9], [20, 1, 21, 2], [22, 12, 23, 11], [24, 5, 1, 6], [2, 15, 3, 16], [4, 21, 5, 22], [6, 20, 7, 19]]"
12a_0776_97,"[[6, 20, 7, 19], [8, 18, 9, 17], [10, 14, 11, 13], [12, 24, 13, 23], [14, 3, 15, 4], [16, 8, 17, 7], [18, 10, 19, 9], [20, 1, 21, 2], [22, 12, 23, 11], [24, 5, 1, 6], [2, 15, 3, 16], [4, 21, 5, 22]]"
12a_0776_98,"[[4, 21, 5, 22], [6, 20, 7, 19], [8, 18, 9, 17], [10, 14, 11, 13], [12, 24, 13, 23], [14, 3, 15, 4], [16, 8, 17, 7], [18, 10, 19, 9], [20, 1, 21, 2], [22, 12, 23, 11], [24, 5, 1, 6], [2, 15, 3, 16]]"
12a_0776_99,"[[2, 15, 3, 16], [4, 21, 5, 22], [6, 20, 7, 19], [8, 18, 9, 17], [10, 14, 11, 13], [12, 24, 13, 23], [14, 3, 15, 4], [16, 8, 17, 7], [18, 10, 19, 9], [20, 1, 21, 2], [22, 12, 23, 11], [24, 5, 1, 6]]"
12a_0776_100,"[[24, 5, 1, 6], [2, 15, 3, 16], [4, 21, 5, 22], [6, 20, 7, 19], [8, 18, 9, 17], [10, 14, 11, 13], [12, 24, 13, 23], [14, 3, 15, 4], [16, 8, 17, 7], [18, 10, 19, 9], [20, 1, 21, 2], [22, 12, 23, 11]]"
12a_0776_101,"[[22, 12, 23, 11], [24, 5, 1, 6], [2, 15, 3, 16], [4, 21, 5, 22], [6, 20, 7, 19], [8, 18, 9, 17], [10, 14, 11, 13], [12, 24, 13, 23], [14, 3, 15, 4], [16, 8, 17, 7], [18, 10, 19, 9], [20, 1, 21, 2]]"
12a_0776_102,"[[20, 1, 21, 2], [22, 12, 23, 11], [24, 5, 1, 6], [2, 15, 3, 16], [4, 21, 5, 22], [6, 20, 7, 19], [8, 18, 9, 17], [10, 14, 11, 13], [12, 24, 13, 23], [14, 3, 15, 4], [16, 8, 17, 7], [18, 10, 19, 9]]"
12a_0776_103,"[[18, 10, 19, 9], [20, 1, 21, 2], [22, 12, 23, 11], [24, 5, 1, 6], [2, 15, 3, 16], [4, 21, 5, 22], [6, 20, 7, 19], [8, 18, 9, 17], [10, 14, 11, 13], [12, 24, 13, 23], [14, 3, 15, 4], [16, 8, 17, 7]]"
12a_0776_104,"[[16, 8, 17, 7], [18, 10, 19, 9], [20, 1, 21, 2], [22, 12, 23, 11], [24, 5, 1, 6], [2, 15, 3, 16], [4, 21, 5, 22], [6, 20, 7, 19], [8, 18, 9, 17], [10, 14, 11, 13], [12, 24, 13, 23], [14, 3, 15, 4]]"
12a_0776_105,"[[14, 3, 15, 4], [16, 8, 17, 7], [18, 10, 19, 9], [20, 1, 21, 2], [22, 12, 23, 11], [24, 5, 1, 6], [2, 15, 3, 16], [4, 21, 5, 22], [6, 20, 7, 19], [8, 18, 9, 17], [10, 14, 11, 13], [12, 24, 13, 23]]"
12a_0776_106,"[[12, 24, 13, 23], [14, 3, 15, 4], [16, 8, 17, 7], [18, 10, 19, 9], [20, 1, 21, 2], [22, 12, 23, 11], [24, 5, 1, 6], [2, 15, 3, 16], [4, 21, 5, 22], [6, 20, 7, 19], [8, 18, 9, 17], [10, 14, 11, 13]]"
12a_0776_107,"[[10, 14, 11, 13], [12, 24, 13, 23], [14, 3, 15, 4], [16, 8, 17, 7], [18, 10, 19, 9], [20, 1, 21, 2], [22, 12, 23, 11], [24, 5, 1, 6], [2, 15, 3, 16], [4, 21, 5, 22], [6, 20, 7, 19], [8, 18, 9, 17]]"
12a_0776_108,"[[9, 19, 10, 18], [11, 15, 12, 14], [13, 1, 14, 24], [15, 4, 16, 5], [17, 9, 18, 8], [19, 11, 20, 10], [21, 2, 22, 3], [23, 13, 24, 12], [1, 6, 2, 7], [3, 16, 4, 17], [5, 22, 6, 23], [7, 21, 8, 20]]"
12a_0776_109,"[[7, 21, 8, 20], [9, 19, 10, 18], [11, 15, 12, 14], [13, 1, 14, 24], [15, 4, 16, 5], [17, 9, 18, 8], [19, 11, 20, 10], [21, 2, 22, 3], [23, 13, 24, 12], [1, 6, 2, 7], [3, 16, 4, 17], [5, 22, 6, 23]]"
12a_0776_110,"[[5, 22, 6, 23], [7, 21, 8, 20], [9, 19, 10, 18], [11, 15, 12, 14], [13, 1, 14, 24], [15, 4, 16, 5], [17, 9, 18, 8], [19, 11, 20, 10], [21, 2, 22, 3], [23, 13, 24, 12], [1, 6, 2, 7], [3, 16, 4, 17]]"
12a_0776_111,"[[3, 16, 4, 17], [5, 22, 6, 23], [7, 21, 8, 20], [9, 19, 10, 18], [11, 15, 12, 14], [13, 1, 14, 24], [15, 4, 16, 5], [17, 9, 18, 8], [19, 11, 20, 10], [21, 2, 22, 3], [23, 13, 24, 12], [1, 6, 2, 7]]"
12a_0776_112,"[[1, 6, 2, 7], [3, 16, 4, 17], [5, 22, 6, 23], [7, 21, 8, 20], [9, 19, 10, 18], [11, 15, 12, 14], [13, 1, 14, 24], [15, 4, 16, 5], [17, 9, 18, 8], [19, 11, 20, 10], [21, 2, 22, 3], [23, 13, 24, 12]]"
12a_0776_113,"[[23, 13, 24, 12], [1, 6, 2, 7], [3, 16, 4, 17], [5, 22, 6, 23], [7, 21, 8, 20], [9, 19, 10, 18], [11, 15, 12, 14], [13, 1, 14, 24], [15, 4, 16, 5], [17, 9, 18, 8], [19, 11, 20, 10], [21, 2, 22, 3]]"
12a_0776_114,"[[21, 2, 22, 3], [23, 13, 24, 12], [1, 6, 2, 7], [3, 16, 4, 17], [5, 22, 6, 23], [7, 21, 8, 20], [9, 19, 10, 18], [11, 15, 12, 14], [13, 1, 14, 24], [15, 4, 16, 5], [17, 9, 18, 8], [19, 11, 20, 10]]"
12a_0776_115,"[[19, 11, 20, 10], [21, 2, 22, 3], [23, 13, 24, 12], [1, 6, 2, 7], [3, 16, 4, 17], [5, 22, 6, 23], [7, 21, 8, 20], [9, 19, 10, 18], [11, 15, 12, 14], [13, 1, 14, 24], [15, 4, 16, 5], [17, 9, 18, 8]]"
12a_0776_116,"[[17, 9, 18, 8], [19, 11, 20, 10], [21, 2, 22, 3], [23, 13, 24, 12], [1, 6, 2, 7], [3, 16, 4, 17], [5, 22, 6, 23], [7, 21, 8, 20], [9, 19, 10, 18], [11, 15, 12, 14], [13, 1, 14, 24], [15, 4, 16, 5]]"
12a_0776_117,"[[15, 4, 16, 5], [17, 9, 18, 8], [19, 11, 20, 10], [21, 2, 22, 3], [23, 13, 24, 12], [1, 6, 2, 7], [3, 16, 4, 17], [5, 22, 6, 23], [7, 21, 8, 20], [9, 19, 10, 18], [11, 15, 12, 14], [13, 1, 14, 24]]"
12a_0776_118,"[[13, 1, 14, 24], [15, 4, 16, 5], [17, 9, 18, 8], [19, 11, 20, 10], [21, 2, 22, 3], [23, 13, 24, 12], [1, 6, 2, 7], [3, 16, 4, 17], [5, 22, 6, 23], [7, 21, 8, 20], [9, 19, 10, 18], [11, 15, 12, 14]]"
12a_0776_119,"[[11, 15, 12, 14], [13, 1, 14, 24], [15, 4, 16, 5], [17, 9, 18, 8], [19, 11, 20, 10], [21, 2, 22, 3], [23, 13, 24, 12], [1, 6, 2, 7], [3, 16, 4, 17], [5, 22, 6, 23], [7, 21, 8, 20], [9, 19, 10, 18]]"
12a_0776_120,"[[10, 20, 11, 19], [12, 16, 13, 15], [14, 2, 15, 1], [16, 5, 17, 6], [18, 10, 19, 9], [20, 12, 21, 11], [22, 3, 23, 4], [24, 14, 1, 13], [2, 7, 3, 8], [4, 17, 5, 18], [6, 23, 7, 24], [8, 22, 9, 21]]"
12a_0776_121,"[[8, 22, 9, 21], [10, 20, 11, 19], [12, 16, 13, 15], [14, 2, 15, 1], [16, 5, 17, 6], [18, 10, 19, 9], [20, 12, 21, 11], [22, 3, 23, 4], [24, 14, 1, 13], [2, 7, 3, 8], [4, 17, 5, 18], [6, 23, 7, 24]]"
12a_0776_122,"[[6, 23, 7, 24], [8, 22, 9, 21], [10, 20, 11, 19], [12, 16, 13, 15], [14, 2, 15, 1], [16, 5, 17, 6], [18, 10, 19, 9], [20, 12, 21, 11], [22, 3, 23, 4], [24, 14, 1, 13], [2, 7, 3, 8], [4, 17, 5, 18]]"
12a_0776_123,"[[4, 17, 5, 18], [6, 23, 7, 24], [8, 22, 9, 21], [10, 20, 11, 19], [12, 16, 13, 15], [14, 2, 15, 1], [16, 5, 17, 6], [18, 10, 19, 9], [20, 12, 21, 11], [22, 3, 23, 4], [24, 14, 1, 13], [2, 7, 3, 8]]"
12a_0776_124,"[[2, 7, 3, 8], [4, 17, 5, 18], [6, 23, 7, 24], [8, 22, 9, 21], [10, 20, 11, 19], [12, 16, 13, 15], [14, 2, 15, 1], [16, 5, 17, 6], [18, 10, 19, 9], [20, 12, 21, 11], [22, 3, 23, 4], [24, 14, 1, 13]]"
12a_0776_125,"[[24, 14, 1, 13], [2, 7, 3, 8], [4, 17, 5, 18], [6, 23, 7, 24], [8, 22, 9, 21], [10, 20, 11, 19], [12, 16, 13, 15], [14, 2, 15, 1], [16, 5, 17, 6], [18, 10, 19, 9], [20, 12, 21, 11], [22, 3, 23, 4]]"
12a_0776_126,"[[22, 3, 23, 4], [24, 14, 1, 13], [2, 7, 3, 8], [4, 17, 5, 18], [6, 23, 7, 24], [8, 22, 9, 21], [10, 20, 11, 19], [12, 16, 13, 15], [14, 2, 15, 1], [16, 5, 17, 6], [18, 10, 19, 9], [20, 12, 21, 11]]"
12a_0776_127,"[[20, 12, 21, 11], [22, 3, 23, 4], [24, 14, 1, 13], [2, 7, 3, 8], [4, 17, 5, 18], [6, 23, 7, 24], [8, 22, 9, 21], [10, 20, 11, 19], [12, 16, 13, 15], [14, 2, 15, 1], [16, 5, 17, 6], [18, 10, 19, 9]]"
12a_0776_128,"[[18, 10, 19, 9], [20, 12, 21, 11], [22, 3, 23, 4], [24, 14, 1, 13], [2, 7, 3, 8], [4, 17, 5, 18], [6, 23, 7, 24], [8, 22, 9, 21], [10, 20, 11, 19], [12, 16, 13, 15], [14, 2, 15, 1], [16, 5, 17, 6]]"
12a_0776_129,"[[16, 5, 17, 6], [18, 10, 19, 9], [20, 12, 21, 11], [22, 3, 23, 4], [24, 14, 1, 13], [2, 7, 3, 8], [4, 17, 5, 18], [6, 23, 7, 24], [8, 22, 9, 21], [10, 20, 11, 19], [12, 16, 13, 15], [14, 2, 15, 1]]"
12a_0776_130,"[[14, 2, 15, 1], [16, 5, 17, 6], [18, 10, 19, 9], [20, 12, 21, 11], [22, 3, 23, 4], [24, 14, 1, 13], [2, 7, 3, 8], [4, 17, 5, 18], [6, 23, 7, 24], [8, 22, 9, 21], [10, 20, 11, 19], [12, 16, 13, 15]]"
12a_0776_131,"[[12, 16, 13, 15], [14, 2, 15, 1], [16, 5, 17, 6], [18, 10, 19, 9], [20, 12, 21, 11], [22, 3, 23, 4], [24, 14, 1, 13], [2, 7, 3, 8], [4, 17, 5, 18], [6, 23, 7, 24], [8, 22, 9, 21], [10, 20, 11, 19]]"
12a_0776_132,"[[11, 21, 12, 20], [13, 17, 14, 16], [15, 3, 16, 2], [17, 6, 18, 7], [19, 11, 20, 10], [21, 13, 22, 12], [23, 4, 24, 5], [1, 15, 2, 14], [3, 8, 4, 9], [5, 18, 6, 19], [7, 24, 8, 1], [9, 23, 10, 22]]"
12a_0776_133,"[[9, 23, 10, 22], [11, 21, 12, 20], [13, 17, 14, 16], [15, 3, 16, 2], [17, 6, 18, 7], [19, 11, 20, 10], [21, 13, 22, 12], [23, 4, 24, 5], [1, 15, 2, 14], [3, 8, 4, 9], [5, 18, 6, 19], [7, 24, 8, 1]]"
12a_0776_134,"[[7, 24, 8, 1], [9, 23, 10, 22], [11, 21, 12, 20], [13, 17, 14, 16], [15, 3, 16, 2], [17, 6, 18, 7], [19, 11, 20, 10], [21, 13, 22, 12], [23, 4, 24, 5], [1, 15, 2, 14], [3, 8, 4, 9], [5, 18, 6, 19]]"
12a_0776_135,"[[5, 18, 6, 19], [7, 24, 8, 1], [9, 23, 10, 22], [11, 21, 12, 20], [13, 17, 14, 16], [15, 3, 16, 2], [17, 6, 18, 7], [19, 11, 20, 10], [21, 13, 22, 12], [23, 4, 24, 5], [1, 15, 2, 14], [3, 8, 4, 9]]"
12a_0776_136,"[[3, 8, 4, 9], [5, 18, 6, 19], [7, 24, 8, 1], [9, 23, 10, 22], [11, 21, 12, 20], [13, 17, 14, 16], [15, 3, 16, 2], [17, 6, 18, 7], [19, 11, 20, 10], [21, 13, 22, 12], [23, 4, 24, 5], [1, 15, 2, 14]]"
12a_0776_137,"[[1, 15, 2, 14], [3, 8, 4, 9], [5, 18, 6, 19], [7, 24, 8, 1], [9, 23, 10, 22], [11, 21, 12, 20], [13, 17, 14, 16], [15, 3, 16, 2], [17, 6, 18, 7], [19, 11, 20, 10], [21, 13, 22, 12], [23, 4, 24, 5]]"
12a_0776_138,"[[23, 4, 24, 5], [1, 15, 2, 14], [3, 8, 4, 9], [5, 18, 6, 19], [7, 24, 8, 1], [9, 23, 10, 22], [11, 21, 12, 20], [13, 17, 14, 16], [15, 3, 16, 2], [17, 6, 18, 7], [19, 11, 20, 10], [21, 13, 22, 12]]"
12a_0776_139,"[[21, 13, 22, 12], [23, 4, 24, 5], [1, 15, 2, 14], [3, 8, 4, 9], [5, 18, 6, 19], [7, 24, 8, 1], [9, 23, 10, 22], [11, 21, 12, 20], [13, 17, 14, 16], [15, 3, 16, 2], [17, 6, 18, 7], [19, 11, 20, 10]]"
12a_0776_140,"[[19, 11, 20, 10], [21, 13, 22, 12], [23, 4, 24, 5], [1, 15, 2, 14], [3, 8, 4, 9], [5, 18, 6, 19], [7, 24, 8, 1], [9, 23, 10, 22], [11, 21, 12, 20], [13, 17, 14, 16], [15, 3, 16, 2], [17, 6, 18, 7]]"
12a_0776_141,"[[17, 6, 18, 7], [19, 11, 20, 10], [21, 13, 22, 12], [23, 4, 24, 5], [1, 15, 2, 14], [3, 8, 4, 9], [5, 18, 6, 19], [7, 24, 8, 1], [9, 23, 10, 22], [11, 21, 12, 20], [13, 17, 14, 16], [15, 3, 16, 2]]"
12a_0776_142,"[[15, 3, 16, 2], [17, 6, 18, 7], [19, 11, 20, 10], [21, 13, 22, 12], [23, 4, 24, 5], [1, 15, 2, 14], [3, 8, 4, 9], [5, 18, 6, 19], [7, 24, 8, 1], [9, 23, 10, 22], [11, 21, 12, 20], [13, 17, 14, 16]]"
12a_0776_143,"[[13, 17, 14, 16], [15, 3, 16, 2], [17, 6, 18, 7], [19, 11, 20, 10], [21, 13, 22, 12], [23, 4, 24, 5], [1, 15, 2, 14], [3, 8, 4, 9], [5, 18, 6, 19], [7, 24, 8, 1], [9, 23, 10, 22], [11, 21, 12, 20]]"
12a_0776_144,"[[12, 22, 13, 21], [14, 18, 15, 17], [16, 4, 17, 3], [18, 7, 19, 8], [20, 12, 21, 11], [22, 14, 23, 13], [24, 5, 1, 6], [2, 16, 3, 15], [4, 9, 5, 10], [6, 19, 7, 20], [8, 1, 9, 2], [10, 24, 11, 23]]"
12a_0776_145,"[[10, 24, 11, 23], [12, 22, 13, 21], [14, 18, 15, 17], [16, 4, 17, 3], [18, 7, 19, 8], [20, 12, 21, 11], [22, 14, 23, 13], [24, 5, 1, 6], [2, 16, 3, 15], [4, 9, 5, 10], [6, 19, 7, 20], [8, 1, 9, 2]]"
12a_0776_146,"[[8, 1, 9, 2], [10, 24, 11, 23], [12, 22, 13, 21], [14, 18, 15, 17], [16, 4, 17, 3], [18, 7, 19, 8], [20, 12, 21, 11], [22, 14, 23, 13], [24, 5, 1, 6], [2, 16, 3, 15], [4, 9, 5, 10], [6, 19, 7, 20]]"
12a_0776_147,"[[6, 19, 7, 20], [8, 1, 9, 2], [10, 24, 11, 23], [12, 22, 13, 21], [14, 18, 15, 17], [16, 4, 17, 3], [18, 7, 19, 8], [20, 12, 21, 11], [22, 14, 23, 13], [24, 5, 1, 6], [2, 16, 3, 15], [4, 9, 5, 10]]"
12a_0776_148,"[[4, 9, 5, 10], [6, 19, 7, 20], [8, 1, 9, 2], [10, 24, 11, 23], [12, 22, 13, 21], [14, 18, 15, 17], [16, 4, 17, 3], [18, 7, 19, 8], [20, 12, 21, 11], [22, 14, 23, 13], [24, 5, 1, 6], [2, 16, 3, 15]]"
12a_0776_149,"[[2, 16, 3, 15], [4, 9, 5, 10], [6, 19, 7, 20], [8, 1, 9, 2], [10, 24, 11, 23], [12, 22, 13, 21], [14, 18, 15, 17], [16, 4, 17, 3], [18, 7, 19, 8], [20, 12, 21, 11], [22, 14, 23, 13], [24, 5, 1, 6]]"
12a_0776_150,"[[24, 5, 1, 6], [2, 16, 3, 15], [4, 9, 5, 10], [6, 19, 7, 20], [8, 1, 9, 2], [10, 24, 11, 23], [12, 22, 13, 21], [14, 18, 15, 17], [16, 4, 17, 3], [18, 7, 19, 8], [20, 12, 21, 11], [22, 14, 23, 13]]"
12a_0776_151,"[[22, 14, 23, 13], [24, 5, 1, 6], [2, 16, 3, 15], [4, 9, 5, 10], [6, 19, 7, 20], [8, 1, 9, 2], [10, 24, 11, 23], [12, 22, 13, 21], [14, 18, 15, 17], [16, 4, 17, 3], [18, 7, 19, 8], [20, 12, 21, 11]]"
12a_0776_152,"[[20, 12, 21, 11], [22, 14, 23, 13], [24, 5, 1, 6], [2, 16, 3, 15], [4, 9, 5, 10], [6, 19, 7, 20], [8, 1, 9, 2], [10, 24, 11, 23], [12, 22, 13, 21], [14, 18, 15, 17], [16, 4, 17, 3], [18, 7, 19, 8]]"
12a_0776_153,"[[18, 7, 19, 8], [20, 12, 21, 11], [22, 14, 23, 13], [24, 5, 1, 6], [2, 16, 3, 15], [4, 9, 5, 10], [6, 19, 7, 20], [8, 1, 9, 2], [10, 24, 11, 23], [12, 22, 13, 21], [14, 18, 15, 17], [16, 4, 17, 3]]"
12a_0776_154,"[[16, 4, 17, 3], [18, 7, 19, 8], [20, 12, 21, 11], [22, 14, 23, 13], [24, 5, 1, 6], [2, 16, 3, 15], [4, 9, 5, 10], [6, 19, 7, 20], [8, 1, 9, 2], [10, 24, 11, 23], [12, 22, 13, 21], [14, 18, 15, 17]]"
12a_0776_155,"[[14, 18, 15, 17], [16, 4, 17, 3], [18, 7, 19, 8], [20, 12, 21, 11], [22, 14, 23, 13], [24, 5, 1, 6], [2, 16, 3, 15], [4, 9, 5, 10], [6, 19, 7, 20], [8, 1, 9, 2], [10, 24, 11, 23], [12, 22, 13, 21]]"
12a_0776_156,"[[13, 23, 14, 22], [15, 19, 16, 18], [17, 5, 18, 4], [19, 8, 20, 9], [21, 13, 22, 12], [23, 15, 24, 14], [1, 6, 2, 7], [3, 17, 4, 16], [5, 10, 6, 11], [7, 20, 8, 21], [9, 2, 10, 3], [11, 1, 12, 24]]"
12a_0776_157,"[[11, 1, 12, 24], [13, 23, 14, 22], [15, 19, 16, 18], [17, 5, 18, 4], [19, 8, 20, 9], [21, 13, 22, 12], [23, 15, 24, 14], [1, 6, 2, 7], [3, 17, 4, 16], [5, 10, 6, 11], [7, 20, 8, 21], [9, 2, 10, 3]]"
12a_0776_158,"[[9, 2, 10, 3], [11, 1, 12, 24], [13, 23, 14, 22], [15, 19, 16, 18], [17, 5, 18, 4], [19, 8, 20, 9], [21, 13, 22, 12], [23, 15, 24, 14], [1, 6, 2, 7], [3, 17, 4, 16], [5, 10, 6, 11], [7, 20, 8, 21]]"
12a_0776_159,"[[7, 20, 8, 21], [9, 2, 10, 3], [11, 1, 12, 24], [13, 23, 14, 22], [15, 19, 16, 18], [17, 5, 18, 4], [19, 8, 20, 9], [21, 13, 22, 12], [23, 15, 24, 14], [1, 6, 2, 7], [3, 17, 4, 16], [5, 10, 6, 11]]"
12a_0776_160,"[[5, 10, 6, 11], [7, 20, 8, 21], [9, 2, 10, 3], [11, 1, 12, 24], [13, 23, 14, 22], [15, 19, 16, 18], [17, 5, 18, 4], [19, 8, 20, 9], [21, 13, 22, 12], [23, 15, 24, 14], [1, 6, 2, 7], [3, 17, 4, 16]]"
12a_0776_161,"[[3, 17, 4, 16], [5, 10, 6, 11], [7, 20, 8, 21], [9, 2, 10, 3], [11, 1, 12, 24], [13, 23, 14, 22], [15, 19, 16, 18], [17, 5, 18, 4], [19, 8, 20, 9], [21, 13, 22, 12], [23, 15, 24, 14], [1, 6, 2, 7]]"
12a_0776_162,"[[1, 6, 2, 7], [3, 17, 4, 16], [5, 10, 6, 11], [7, 20, 8, 21], [9, 2, 10, 3], [11, 1, 12, 24], [13, 23, 14, 22], [15, 19, 16, 18], [17, 5, 18, 4], [19, 8, 20, 9], [21, 13, 22, 12], [23, 15, 24, 14]]"
12a_0776_163,"[[23, 15, 24, 14], [1, 6, 2, 7], [3, 17, 4, 16], [5, 10, 6, 11], [7, 20, 8, 21], [9, 2, 10, 3], [11, 1, 12, 24], [13, 23, 14, 22], [15, 19, 16, 18], [17, 5, 18, 4], [19, 8, 20, 9], [21, 13, 22, 12]]"
12a_0776_164,"[[21, 13, 22, 12], [23, 15, 24, 14], [1, 6, 2, 7], [3, 17, 4, 16], [5, 10, 6, 11], [7, 20, 8, 21], [9, 2, 10, 3], [11, 1, 12, 24], [13, 23, 14, 22], [15, 19, 16, 18], [17, 5, 18, 4], [19, 8, 20, 9]]"
12a_0776_165,"[[19, 8, 20, 9], [21, 13, 22, 12], [23, 15, 24, 14], [1, 6, 2, 7], [3, 17, 4, 16], [5, 10, 6, 11], [7, 20, 8, 21], [9, 2, 10, 3], [11, 1, 12, 24], [13, 23, 14, 22], [15, 19, 16, 18], [17, 5, 18, 4]]"
12a_0776_166,"[[17, 5, 18, 4], [19, 8, 20, 9], [21, 13, 22, 12], [23, 15, 24, 14], [1, 6, 2, 7], [3, 17, 4, 16], [5, 10, 6, 11], [7, 20, 8, 21], [9, 2, 10, 3], [11, 1, 12, 24], [13, 23, 14, 22], [15, 19, 16, 18]]"
12a_0776_167,"[[15, 19, 16, 18], [17, 5, 18, 4], [19, 8, 20, 9], [21, 13, 22, 12], [23, 15, 24, 14], [1, 6, 2, 7], [3, 17, 4, 16], [5, 10, 6, 11], [7, 20, 8, 21], [9, 2, 10, 3], [11, 1, 12, 24], [13, 23, 14, 22]]"
12a_0776_168,"[[14, 24, 15, 23], [16, 20, 17, 19], [18, 6, 19, 5], [20, 9, 21, 10], [22, 14, 23, 13], [24, 16, 1, 15], [2, 7, 3, 8], [4, 18, 5, 17], [6, 11, 7, 12], [8, 21, 9, 22], [10, 3, 11, 4], [12, 2, 13, 1]]"
12a_0776_169,"[[12, 2, 13, 1], [14, 24, 15, 23], [16, 20, 17, 19], [18, 6, 19, 5], [20, 9, 21, 10], [22, 14, 23, 13], [24, 16, 1, 15], [2, 7, 3, 8], [4, 18, 5, 17], [6, 11, 7, 12], [8, 21, 9, 22], [10, 3, 11, 4]]"
12a_0776_170,"[[10, 3, 11, 4], [12, 2, 13, 1], [14, 24, 15, 23], [16, 20, 17, 19], [18, 6, 19, 5], [20, 9, 21, 10], [22, 14, 23, 13], [24, 16, 1, 15], [2, 7, 3, 8], [4, 18, 5, 17], [6, 11, 7, 12], [8, 21, 9, 22]]"
12a_0776_171,"[[8, 21, 9, 22], [10, 3, 11, 4], [12, 2, 13, 1], [14, 24, 15, 23], [16, 20, 17, 19], [18, 6, 19, 5], [20, 9, 21, 10], [22, 14, 23, 13], [24, 16, 1, 15], [2, 7, 3, 8], [4, 18, 5, 17], [6, 11, 7, 12]]"
12a_0776_172,"[[6, 11, 7, 12], [8, 21, 9, 22], [10, 3, 11, 4], [12, 2, 13, 1], [14, 24, 15, 23], [16, 20, 17, 19], [18, 6, 19, 5], [20, 9, 21, 10], [22, 14, 23, 13], [24, 16, 1, 15], [2, 7, 3, 8], [4, 18, 5, 17]]"
12a_0776_173,"[[4, 18, 5, 17], [6, 11, 7, 12], [8, 21, 9, 22], [10, 3, 11, 4], [12, 2, 13, 1], [14, 24, 15, 23], [16, 20, 17, 19], [18, 6, 19, 5], [20, 9, 21, 10], [22, 14, 23, 13], [24, 16, 1, 15], [2, 7, 3, 8]]"
12a_0776_174,"[[2, 7, 3, 8], [4, 18, 5, 17], [6, 11, 7, 12], [8, 21, 9, 22], [10, 3, 11, 4], [12, 2, 13, 1], [14, 24, 15, 23], [16, 20, 17, 19], [18, 6, 19, 5], [20, 9, 21, 10], [22, 14, 23, 13], [24, 16, 1, 15]]"
12a_0776_175,"[[24, 16, 1, 15], [2, 7, 3, 8], [4, 18, 5, 17], [6, 11, 7, 12], [8, 21, 9, 22], [10, 3, 11, 4], [12, 2, 13, 1], [14, 24, 15, 23], [16, 20, 17, 19], [18, 6, 19, 5], [20, 9, 21, 10], [22, 14, 23, 13]]"
12a_0776_176,"[[22, 14, 23, 13], [24, 16, 1, 15], [2, 7, 3, 8], [4, 18, 5, 17], [6, 11, 7, 12], [8, 21, 9, 22], [10, 3, 11, 4], [12, 2, 13, 1], [14, 24, 15, 23], [16, 20, 17, 19], [18, 6, 19, 5], [20, 9, 21, 10]]"
12a_0776_177,"[[20, 9, 21, 10], [22, 14, 23, 13], [24, 16, 1, 15], [2, 7, 3, 8], [4, 18, 5, 17], [6, 11, 7, 12], [8, 21, 9, 22], [10, 3, 11, 4], [12, 2, 13, 1], [14, 24, 15, 23], [16, 20, 17, 19], [18, 6, 19, 5]]"
12a_0776_178,"[[18, 6, 19, 5], [20, 9, 21, 10], [22, 14, 23, 13], [24, 16, 1, 15], [2, 7, 3, 8], [4, 18, 5, 17], [6, 11, 7, 12], [8, 21, 9, 22], [10, 3, 11, 4], [12, 2, 13, 1], [14, 24, 15, 23], [16, 20, 17, 19]]"
12a_0776_179,"[[16, 20, 17, 19], [18, 6, 19, 5], [20, 9, 21, 10], [22, 14, 23, 13], [24, 16, 1, 15], [2, 7, 3, 8], [4, 18, 5, 17], [6, 11, 7, 12], [8, 21, 9, 22], [10, 3, 11, 4], [12, 2, 13, 1], [14, 24, 15, 23]]"
12a_0776_180,"[[15, 1, 16, 24], [17, 21, 18, 20], [19, 7, 20, 6], [21, 10, 22, 11], [23, 15, 24, 14], [1, 17, 2, 16], [3, 8, 4, 9], [5, 19, 6, 18], [7, 12, 8, 13], [9, 22, 10, 23], [11, 4, 12, 5], [13, 3, 14, 2]]"
12a_0776_181,"[[13, 3, 14, 2], [15, 1, 16, 24], [17, 21, 18, 20], [19, 7, 20, 6], [21, 10, 22, 11], [23, 15, 24, 14], [1, 17, 2, 16], [3, 8, 4, 9], [5, 19, 6, 18], [7, 12, 8, 13], [9, 22, 10, 23], [11, 4, 12, 5]]"
12a_0776_182,"[[11, 4, 12, 5], [13, 3, 14, 2], [15, 1, 16, 24], [17, 21, 18, 20], [19, 7, 20, 6], [21, 10, 22, 11], [23, 15, 24, 14], [1, 17, 2, 16], [3, 8, 4, 9], [5, 19, 6, 18], [7, 12, 8, 13], [9, 22, 10, 23]]"
12a_0776_183,"[[9, 22, 10, 23], [11, 4, 12, 5], [13, 3, 14, 2], [15, 1, 16, 24], [17, 21, 18, 20], [19, 7, 20, 6], [21, 10, 22, 11], [23, 15, 24, 14], [1, 17, 2, 16], [3, 8, 4, 9], [5, 19, 6, 18], [7, 12, 8, 13]]"
12a_0776_184,"[[7, 12, 8, 13], [9, 22, 10, 23], [11, 4, 12, 5], [13, 3, 14, 2], [15, 1, 16, 24], [17, 21, 18, 20], [19, 7, 20, 6], [21, 10, 22, 11], [23, 15, 24, 14], [1, 17, 2, 16], [3, 8, 4, 9], [5, 19, 6, 18]]"
12a_0776_185,"[[5, 19, 6, 18], [7, 12, 8, 13], [9, 22, 10, 23], [11, 4, 12, 5], [13, 3, 14, 2], [15, 1, 16, 24], [17, 21, 18, 20], [19, 7, 20, 6], [21, 10, 22, 11], [23, 15, 24, 14], [1, 17, 2, 16], [3, 8, 4, 9]]"
