name,pd_notation
12a_0523_0,"[[24, 19, 1, 20], [2, 6, 3, 5], [4, 14, 5, 13], [6, 16, 7, 15], [8, 17, 9, 18], [10, 24, 11, 23], [12, 4, 13, 3], [14, 12, 15, 11], [16, 21, 17, 22], [18, 9, 19, 10], [20, 1, 21, 2], [22, 8, 23, 7]]"
12a_0523_1,"[[22, 8, 23, 7], [24, 19, 1, 20], [2, 6, 3, 5], [4, 14, 5, 13], [6, 16, 7, 15], [8, 17, 9, 18], [10, 24, 11, 23], [12, 4, 13, 3], [14, 12, 15, 11], [16, 21, 17, 22], [18, 9, 19, 10], [20, 1, 21, 2]]"
12a_0523_2,"[[20, 1, 21, 2], [22, 8, 23, 7], [24, 19, 1, 20], [2, 6, 3, 5], [4, 14, 5, 13], [6, 16, 7, 15], [8, 17, 9, 18], [10, 24, 11, 23], [12, 4, 13, 3], [14, 12, 15, 11], [16, 21, 17, 22], [18, 9, 19, 10]]"
12a_0523_3,"[[18, 9, 19, 10], [20, 1, 21, 2], [22, 8, 23, 7], [24, 19, 1, 20], [2, 6, 3, 5], [4, 14, 5, 13], [6, 16, 7, 15], [8, 17, 9, 18], [10, 24, 11, 23], [12, 4, 13, 3], [14, 12, 15, 11], [16, 21, 17, 22]]"
12a_0523_4,"[[16, 21, 17, 22], [18, 9, 19, 10], [20, 1, 21, 2], [22, 8, 23, 7], [24, 19, 1, 20], [2, 6, 3, 5], [4, 14, 5, 13], [6, 16, 7, 15], [8, 17, 9, 18], [10, 24, 11, 23], [12, 4, 13, 3], [14, 12, 15, 11]]"
12a_0523_5,"[[14, 12, 15, 11], [16, 21, 17, 22], [18, 9, 19, 10], [20, 1, 21, 2], [22, 8, 23, 7], [24, 19, 1, 20], [2, 6, 3, 5], [4, 14, 5, 13], [6, 16, 7, 15], [8, 17, 9, 18], [10, 24, 11, 23], [12, 4, 13, 3]]"
12a_0523_6,"[[12, 4, 13, 3], [14, 12, 15, 11], [16, 21, 17, 22], [18, 9, 19, 10], [20, 1, 21, 2], [22, 8, 23, 7], [24, 19, 1, 20], [2, 6, 3, 5], [4, 14, 5, 13], [6, 16, 7, 15], [8, 17, 9, 18], [10, 24, 11, 23]]"
12a_0523_7,"[[10, 24, 11, 23], [12, 4, 13, 3], [14, 12, 15, 11], [16, 21, 17, 22], [18, 9, 19, 10], [20, 1, 21, 2], [22, 8, 23, 7], [24, 19, 1, 20], [2, 6, 3, 5], [4, 14, 5, 13], [6, 16, 7, 15], [8, 17, 9, 18]]"
12a_0523_8,"[[8, 17, 9, 18], [10, 24, 11, 23], [12, 4, 13, 3], [14, 12, 15, 11], [16, 21, 17, 22], [18, 9, 19, 10], [20, 1, 21, 2], [22, 8, 23, 7], [24, 19, 1, 20], [2, 6, 3, 5], [4, 14, 5, 13], [6, 16, 7, 15]]"
12a_0523_9,"[[6, 16, 7, 15], [8, 17, 9, 18], [10, 24, 11, 23], [12, 4, 13, 3], [14, 12, 15, 11], [16, 21, 17, 22], [18, 9, 19, 10], [20, 1, 21, 2], [22, 8, 23, 7], [24, 19, 1, 20], [2, 6, 3, 5], [4, 14, 5, 13]]"
12a_0523_10,"[[4, 14, 5, 13], [6, 16, 7, 15], [8, 17, 9, 18], [10, 24, 11, 23], [12, 4, 13, 3], [14, 12, 15, 11], [16, 21, 17, 22], [18, 9, 19, 10], [20, 1, 21, 2], [22, 8, 23, 7], [24, 19, 1, 20], [2, 6, 3, 5]]"
12a_0523_11,"[[2, 6, 3, 5], [4, 14, 5, 13], [6, 16, 7, 15], [8, 17, 9, 18], [10, 24, 11, 23], [12, 4, 13, 3], [14, 12, 15, 11], [16, 21, 17, 22], [18, 9, 19, 10], [20, 1, 21, 2], [22, 8, 23, 7], [24, 19, 1, 20]]"
12a_0523_12,"[[1, 20, 2, 21], [3, 7, 4, 6], [5, 15, 6, 14], [7, 17, 8, 16], [9, 18, 10, 19], [11, 1, 12, 24], [13, 5, 14, 4], [15, 13, 16, 12], [17, 22, 18, 23], [19, 10, 20, 11], [21, 2, 22, 3], [23, 9, 24, 8]]"
12a_0523_13,"[[23, 9, 24, 8], [1, 20, 2, 21], [3, 7, 4, 6], [5, 15, 6, 14], [7, 17, 8, 16], [9, 18, 10, 19], [11, 1, 12, 24], [13, 5, 14, 4], [15, 13, 16, 12], [17, 22, 18, 23], [19, 10, 20, 11], [21, 2, 22, 3]]"
12a_0523_14,"[[21, 2, 22, 3], [23, 9, 24, 8], [1, 20, 2, 21], [3, 7, 4, 6], [5, 15, 6, 14], [7, 17, 8, 16], [9, 18, 10, 19], [11, 1, 12, 24], [13, 5, 14, 4], [15, 13, 16, 12], [17, 22, 18, 23], [19, 10, 20, 11]]"
12a_0523_15,"[[19, 10, 20, 11], [21, 2, 22, 3], [23, 9, 24, 8], [1, 20, 2, 21], [3, 7, 4, 6], [5, 15, 6, 14], [7, 17, 8, 16], [9, 18, 10, 19], [11, 1, 12, 24], [13, 5, 14, 4], [15, 13, 16, 12], [17, 22, 18, 23]]"
12a_0523_16,"[[17, 22, 18, 23], [19, 10, 20, 11], [21, 2, 22, 3], [23, 9, 24, 8], [1, 20, 2, 21], [3, 7, 4, 6], [5, 15, 6, 14], [7, 17, 8, 16], [9, 18, 10, 19], [11, 1, 12, 24], [13, 5, 14, 4], [15, 13, 16, 12]]"
12a_0523_17,"[[15, 13, 16, 12], [17, 22, 18, 23], [19, 10, 20, 11], [21, 2, 22, 3], [23, 9, 24, 8], [1, 20, 2, 21], [3, 7, 4, 6], [5, 15, 6, 14], [7, 17, 8, 16], [9, 18, 10, 19], [11, 1, 12, 24], [13, 5, 14, 4]]"
12a_0523_18,"[[13, 5, 14, 4], [15, 13, 16, 12], [17, 22, 18, 23], [19, 10, 20, 11], [21, 2, 22, 3], [23, 9, 24, 8], [1, 20, 2, 21], [3, 7, 4, 6], [5, 15, 6, 14], [7, 17, 8, 16], [9, 18, 10, 19], [11, 1, 12, 24]]"
12a_0523_19,"[[11, 1, 12, 24], [13, 5, 14, 4], [15, 13, 16, 12], [17, 22, 18, 23], [19, 10, 20, 11], [21, 2, 22, 3], [23, 9, 24, 8], [1, 20, 2, 21], [3, 7, 4, 6], [5, 15, 6, 14], [7, 17, 8, 16], [9, 18, 10, 19]]"
12a_0523_20,"[[9, 18, 10, 19], [11, 1, 12, 24], [13, 5, 14, 4], [15, 13, 16, 12], [17, 22, 18, 23], [19, 10, 20, 11], [21, 2, 22, 3], [23, 9, 24, 8], [1, 20, 2, 21], [3, 7, 4, 6], [5, 15, 6, 14], [7, 17, 8, 16]]"
12a_0523_21,"[[7, 17, 8, 16], [9, 18, 10, 19], [11, 1, 12, 24], [13, 5, 14, 4], [15, 13, 16, 12], [17, 22, 18, 23], [19, 10, 20, 11], [21, 2, 22, 3], [23, 9, 24, 8], [1, 20, 2, 21], [3, 7, 4, 6], [5, 15, 6, 14]]"
12a_0523_22,"[[5, 15, 6, 14], [7, 17, 8, 16], [9, 18, 10, 19], [11, 1, 12, 24], [13, 5, 14, 4], [15, 13, 16, 12], [17, 22, 18, 23], [19, 10, 20, 11], [21, 2, 22, 3], [23, 9, 24, 8], [1, 20, 2, 21], [3, 7, 4, 6]]"
12a_0523_23,"[[3, 7, 4, 6], [5, 15, 6, 14], [7, 17, 8, 16], [9, 18, 10, 19], [11, 1, 12, 24], [13, 5, 14, 4], [15, 13, 16, 12], [17, 22, 18, 23], [19, 10, 20, 11], [21, 2, 22, 3], [23, 9, 24, 8], [1, 20, 2, 21]]"
12a_0523_24,"[[2, 21, 3, 22], [4, 8, 5, 7], [6, 16, 7, 15], [8, 18, 9, 17], [10, 19, 11, 20], [12, 2, 13, 1], [14, 6, 15, 5], [16, 14, 17, 13], [18, 23, 19, 24], [20, 11, 21, 12], [22, 3, 23, 4], [24, 10, 1, 9]]"
12a_0523_25,"[[24, 10, 1, 9], [2, 21, 3, 22], [4, 8, 5, 7], [6, 16, 7, 15], [8, 18, 9, 17], [10, 19, 11, 20], [12, 2, 13, 1], [14, 6, 15, 5], [16, 14, 17, 13], [18, 23, 19, 24], [20, 11, 21, 12], [22, 3, 23, 4]]"
12a_0523_26,"[[22, 3, 23, 4], [24, 10, 1, 9], [2, 21, 3, 22], [4, 8, 5, 7], [6, 16, 7, 15], [8, 18, 9, 17], [10, 19, 11, 20], [12, 2, 13, 1], [14, 6, 15, 5], [16, 14, 17, 13], [18, 23, 19, 24], [20, 11, 21, 12]]"
12a_0523_27,"[[20, 11, 21, 12], [22, 3, 23, 4], [24, 10, 1, 9], [2, 21, 3, 22], [4, 8, 5, 7], [6, 16, 7, 15], [8, 18, 9, 17], [10, 19, 11, 20], [12, 2, 13, 1], [14, 6, 15, 5], [16, 14, 17, 13], [18, 23, 19, 24]]"
12a_0523_28,"[[18, 23, 19, 24], [20, 11, 21, 12], [22, 3, 23, 4], [24, 10, 1, 9], [2, 21, 3, 22], [4, 8, 5, 7], [6, 16, 7, 15], [8, 18, 9, 17], [10, 19, 11, 20], [12, 2, 13, 1], [14, 6, 15, 5], [16, 14, 17, 13]]"
12a_0523_29,"[[16, 14, 17, 13], [18, 23, 19, 24], [20, 11, 21, 12], [22, 3, 23, 4], [24, 10, 1, 9], [2, 21, 3, 22], [4, 8, 5, 7], [6, 16, 7, 15], [8, 18, 9, 17], [10, 19, 11, 20], [12, 2, 13, 1], [14, 6, 15, 5]]"
12a_0523_30,"[[14, 6, 15, 5], [16, 14, 17, 13], [18, 23, 19, 24], [20, 11, 21, 12], [22, 3, 23, 4], [24, 10, 1, 9], [2, 21, 3, 22], [4, 8, 5, 7], [6, 16, 7, 15], [8, 18, 9, 17], [10, 19, 11, 20], [12, 2, 13, 1]]"
12a_0523_31,"[[12, 2, 13, 1], [14, 6, 15, 5], [16, 14, 17, 13], [18, 23, 19, 24], [20, 11, 21, 12], [22, 3, 23, 4], [24, 10, 1, 9], [2, 21, 3, 22], [4, 8, 5, 7], [6, 16, 7, 15], [8, 18, 9, 17], [10, 19, 11, 20]]"
12a_0523_32,"[[10, 19, 11, 20], [12, 2, 13, 1], [14, 6, 15, 5], [16, 14, 17, 13], [18, 23, 19, 24], [20, 11, 21, 12], [22, 3, 23, 4], [24, 10, 1, 9], [2, 21, 3, 22], [4, 8, 5, 7], [6, 16, 7, 15], [8, 18, 9, 17]]"
12a_0523_33,"[[8, 18, 9, 17], [10, 19, 11, 20], [12, 2, 13, 1], [14, 6, 15, 5], [16, 14, 17, 13], [18, 23, 19, 24], [20, 11, 21, 12], [22, 3, 23, 4], [24, 10, 1, 9], [2, 21, 3, 22], [4, 8, 5, 7], [6, 16, 7, 15]]"
12a_0523_34,"[[6, 16, 7, 15], [8, 18, 9, 17], [10, 19, 11, 20], [12, 2, 13, 1], [14, 6, 15, 5], [16, 14, 17, 13], [18, 23, 19, 24], [20, 11, 21, 12], [22, 3, 23, 4], [24, 10, 1, 9], [2, 21, 3, 22], [4, 8, 5, 7]]"
12a_0523_35,"[[4, 8, 5, 7], [6, 16, 7, 15], [8, 18, 9, 17], [10, 19, 11, 20], [12, 2, 13, 1], [14, 6, 15, 5], [16, 14, 17, 13], [18, 23, 19, 24], [20, 11, 21, 12], [22, 3, 23, 4], [24, 10, 1, 9], [2, 21, 3, 22]]"
12a_0523_36,"[[3, 22, 4, 23], [5, 9, 6, 8], [7, 17, 8, 16], [9, 19, 10, 18], [11, 20, 12, 21], [13, 3, 14, 2], [15, 7, 16, 6], [17, 15, 18, 14], [19, 24, 20, 1], [21, 12, 22, 13], [23, 4, 24, 5], [1, 11, 2, 10]]"
12a_0523_37,"[[1, 11, 2, 10], [3, 22, 4, 23], [5, 9, 6, 8], [7, 17, 8, 16], [9, 19, 10, 18], [11, 20, 12, 21], [13, 3, 14, 2], [15, 7, 16, 6], [17, 15, 18, 14], [19, 24, 20, 1], [21, 12, 22, 13], [23, 4, 24, 5]]"
12a_0523_38,"[[23, 4, 24, 5], [1, 11, 2, 10], [3, 22, 4, 23], [5, 9, 6, 8], [7, 17, 8, 16], [9, 19, 10, 18], [11, 20, 12, 21], [13, 3, 14, 2], [15, 7, 16, 6], [17, 15, 18, 14], [19, 24, 20, 1], [21, 12, 22, 13]]"
12a_0523_39,"[[21, 12, 22, 13], [23, 4, 24, 5], [1, 11, 2, 10], [3, 22, 4, 23], [5, 9, 6, 8], [7, 17, 8, 16], [9, 19, 10, 18], [11, 20, 12, 21], [13, 3, 14, 2], [15, 7, 16, 6], [17, 15, 18, 14], [19, 24, 20, 1]]"
12a_0523_40,"[[19, 24, 20, 1], [21, 12, 22, 13], [23, 4, 24, 5], [1, 11, 2, 10], [3, 22, 4, 23], [5, 9, 6, 8], [7, 17, 8, 16], [9, 19, 10, 18], [11, 20, 12, 21], [13, 3, 14, 2], [15, 7, 16, 6], [17, 15, 18, 14]]"
12a_0523_41,"[[17, 15, 18, 14], [19, 24, 20, 1], [21, 12, 22, 13], [23, 4, 24, 5], [1, 11, 2, 10], [3, 22, 4, 23], [5, 9, 6, 8], [7, 17, 8, 16], [9, 19, 10, 18], [11, 20, 12, 21], [13, 3, 14, 2], [15, 7, 16, 6]]"
12a_0523_42,"[[15, 7, 16, 6], [17, 15, 18, 14], [19, 24, 20, 1], [21, 12, 22, 13], [23, 4, 24, 5], [1, 11, 2, 10], [3, 22, 4, 23], [5, 9, 6, 8], [7, 17, 8, 16], [9, 19, 10, 18], [11, 20, 12, 21], [13, 3, 14, 2]]"
12a_0523_43,"[[13, 3, 14, 2], [15, 7, 16, 6], [17, 15, 18, 14], [19, 24, 20, 1], [21, 12, 22, 13], [23, 4, 24, 5], [1, 11, 2, 10], [3, 22, 4, 23], [5, 9, 6, 8], [7, 17, 8, 16], [9, 19, 10, 18], [11, 20, 12, 21]]"
12a_0523_44,"[[11, 20, 12, 21], [13, 3, 14, 2], [15, 7, 16, 6], [17, 15, 18, 14], [19, 24, 20, 1], [21, 12, 22, 13], [23, 4, 24, 5], [1, 11, 2, 10], [3, 22, 4, 23], [5, 9, 6, 8], [7, 17, 8, 16], [9, 19, 10, 18]]"
12a_0523_45,"[[9, 19, 10, 18], [11, 20, 12, 21], [13, 3, 14, 2], [15, 7, 16, 6], [17, 15, 18, 14], [19, 24, 20, 1], [21, 12, 22, 13], [23, 4, 24, 5], [1, 11, 2, 10], [3, 22, 4, 23], [5, 9, 6, 8], [7, 17, 8, 16]]"
12a_0523_46,"[[7, 17, 8, 16], [9, 19, 10, 18], [11, 20, 12, 21], [13, 3, 14, 2], [15, 7, 16, 6], [17, 15, 18, 14], [19, 24, 20, 1], [21, 12, 22, 13], [23, 4, 24, 5], [1, 11, 2, 10], [3, 22, 4, 23], [5, 9, 6, 8]]"
12a_0523_47,"[[5, 9, 6, 8], [7, 17, 8, 16], [9, 19, 10, 18], [11, 20, 12, 21], [13, 3, 14, 2], [15, 7, 16, 6], [17, 15, 18, 14], [19, 24, 20, 1], [21, 12, 22, 13], [23, 4, 24, 5], [1, 11, 2, 10], [3, 22, 4, 23]]"
12a_0523_48,"[[4, 23, 5, 24], [6, 10, 7, 9], [8, 18, 9, 17], [10, 20, 11, 19], [12, 21, 13, 22], [14, 4, 15, 3], [16, 8, 17, 7], [18, 16, 19, 15], [20, 1, 21, 2], [22, 13, 23, 14], [24, 5, 1, 6], [2, 12, 3, 11]]"
12a_0523_49,"[[2, 12, 3, 11], [4, 23, 5, 24], [6, 10, 7, 9], [8, 18, 9, 17], [10, 20, 11, 19], [12, 21, 13, 22], [14, 4, 15, 3], [16, 8, 17, 7], [18, 16, 19, 15], [20, 1, 21, 2], [22, 13, 23, 14], [24, 5, 1, 6]]"
12a_0523_50,"[[24, 5, 1, 6], [2, 12, 3, 11], [4, 23, 5, 24], [6, 10, 7, 9], [8, 18, 9, 17], [10, 20, 11, 19], [12, 21, 13, 22], [14, 4, 15, 3], [16, 8, 17, 7], [18, 16, 19, 15], [20, 1, 21, 2], [22, 13, 23, 14]]"
12a_0523_51,"[[22, 13, 23, 14], [24, 5, 1, 6], [2, 12, 3, 11], [4, 23, 5, 24], [6, 10, 7, 9], [8, 18, 9, 17], [10, 20, 11, 19], [12, 21, 13, 22], [14, 4, 15, 3], [16, 8, 17, 7], [18, 16, 19, 15], [20, 1, 21, 2]]"
12a_0523_52,"[[20, 1, 21, 2], [22, 13, 23, 14], [24, 5, 1, 6], [2, 12, 3, 11], [4, 23, 5, 24], [6, 10, 7, 9], [8, 18, 9, 17], [10, 20, 11, 19], [12, 21, 13, 22], [14, 4, 15, 3], [16, 8, 17, 7], [18, 16, 19, 15]]"
12a_0523_53,"[[18, 16, 19, 15], [20, 1, 21, 2], [22, 13, 23, 14], [24, 5, 1, 6], [2, 12, 3, 11], [4, 23, 5, 24], [6, 10, 7, 9], [8, 18, 9, 17], [10, 20, 11, 19], [12, 21, 13, 22], [14, 4, 15, 3], [16, 8, 17, 7]]"
12a_0523_54,"[[16, 8, 17, 7], [18, 16, 19, 15], [20, 1, 21, 2], [22, 13, 23, 14], [24, 5, 1, 6], [2, 12, 3, 11], [4, 23, 5, 24], [6, 10, 7, 9], [8, 18, 9, 17], [10, 20, 11, 19], [12, 21, 13, 22], [14, 4, 15, 3]]"
12a_0523_55,"[[14, 4, 15, 3], [16, 8, 17, 7], [18, 16, 19, 15], [20, 1, 21, 2], [22, 13, 23, 14], [24, 5, 1, 6], [2, 12, 3, 11], [4, 23, 5, 24], [6, 10, 7, 9], [8, 18, 9, 17], [10, 20, 11, 19], [12, 21, 13, 22]]"
12a_0523_56,"[[12, 21, 13, 22], [14, 4, 15, 3], [16, 8, 17, 7], [18, 16, 19, 15], [20, 1, 21, 2], [22, 13, 23, 14], [24, 5, 1, 6], [2, 12, 3, 11], [4, 23, 5, 24], [6, 10, 7, 9], [8, 18, 9, 17], [10, 20, 11, 19]]"
12a_0523_57,"[[10, 20, 11, 19], [12, 21, 13, 22], [14, 4, 15, 3], [16, 8, 17, 7], [18, 16, 19, 15], [20, 1, 21, 2], [22, 13, 23, 14], [24, 5, 1, 6], [2, 12, 3, 11], [4, 23, 5, 24], [6, 10, 7, 9], [8, 18, 9, 17]]"
12a_0523_58,"[[8, 18, 9, 17], [10, 20, 11, 19], [12, 21, 13, 22], [14, 4, 15, 3], [16, 8, 17, 7], [18, 16, 19, 15], [20, 1, 21, 2], [22, 13, 23, 14], [24, 5, 1, 6], [2, 12, 3, 11], [4, 23, 5, 24], [6, 10, 7, 9]]"
12a_0523_59,"[[6, 10, 7, 9], [8, 18, 9, 17], [10, 20, 11, 19], [12, 21, 13, 22], [14, 4, 15, 3], [16, 8, 17, 7], [18, 16, 19, 15], [20, 1, 21, 2], [22, 13, 23, 14], [24, 5, 1, 6], [2, 12, 3, 11], [4, 23, 5, 24]]"
12a_0523_60,"[[5, 24, 6, 1], [7, 11, 8, 10], [9, 19, 10, 18], [11, 21, 12, 20], [13, 22, 14, 23], [15, 5, 16, 4], [17, 9, 18, 8], [19, 17, 20, 16], [21, 2, 22, 3], [23, 14, 24, 15], [1, 6, 2, 7], [3, 13, 4, 12]]"
12a_0523_61,"[[3, 13, 4, 12], [5, 24, 6, 1], [7, 11, 8, 10], [9, 19, 10, 18], [11, 21, 12, 20], [13, 22, 14, 23], [15, 5, 16, 4], [17, 9, 18, 8], [19, 17, 20, 16], [21, 2, 22, 3], [23, 14, 24, 15], [1, 6, 2, 7]]"
12a_0523_62,"[[1, 6, 2, 7], [3, 13, 4, 12], [5, 24, 6, 1], [7, 11, 8, 10], [9, 19, 10, 18], [11, 21, 12, 20], [13, 22, 14, 23], [15, 5, 16, 4], [17, 9, 18, 8], [19, 17, 20, 16], [21, 2, 22, 3], [23, 14, 24, 15]]"
12a_0523_63,"[[23, 14, 24, 15], [1, 6, 2, 7], [3, 13, 4, 12], [5, 24, 6, 1], [7, 11, 8, 10], [9, 19, 10, 18], [11, 21, 12, 20], [13, 22, 14, 23], [15, 5, 16, 4], [17, 9, 18, 8], [19, 17, 20, 16], [21, 2, 22, 3]]"
12a_0523_64,"[[21, 2, 22, 3], [23, 14, 24, 15], [1, 6, 2, 7], [3, 13, 4, 12], [5, 24, 6, 1], [7, 11, 8, 10], [9, 19, 10, 18], [11, 21, 12, 20], [13, 22, 14, 23], [15, 5, 16, 4], [17, 9, 18, 8], [19, 17, 20, 16]]"
12a_0523_65,"[[19, 17, 20, 16], [21, 2, 22, 3], [23, 14, 24, 15], [1, 6, 2, 7], [3, 13, 4, 12], [5, 24, 6, 1], [7, 11, 8, 10], [9, 19, 10, 18], [11, 21, 12, 20], [13, 22, 14, 23], [15, 5, 16, 4], [17, 9, 18, 8]]"
12a_0523_66,"[[17, 9, 18, 8], [19, 17, 20, 16], [21, 2, 22, 3], [23, 14, 24, 15], [1, 6, 2, 7], [3, 13, 4, 12], [5, 24, 6, 1], [7, 11, 8, 10], [9, 19, 10, 18], [11, 21, 12, 20], [13, 22, 14, 23], [15, 5, 16, 4]]"
12a_0523_67,"[[15, 5, 16, 4], [17, 9, 18, 8], [19, 17, 20, 16], [21, 2, 22, 3], [23, 14, 24, 15], [1, 6, 2, 7], [3, 13, 4, 12], [5, 24, 6, 1], [7, 11, 8, 10], [9, 19, 10, 18], [11, 21, 12, 20], [13, 22, 14, 23]]"
12a_0523_68,"[[13, 22, 14, 23], [15, 5, 16, 4], [17, 9, 18, 8], [19, 17, 20, 16], [21, 2, 22, 3], [23, 14, 24, 15], [1, 6, 2, 7], [3, 13, 4, 12], [5, 24, 6, 1], [7, 11, 8, 10], [9, 19, 10, 18], [11, 21, 12, 20]]"
12a_0523_69,"[[11, 21, 12, 20], [13, 22, 14, 23], [15, 5, 16, 4], [17, 9, 18, 8], [19, 17, 20, 16], [21, 2, 22, 3], [23, 14, 24, 15], [1, 6, 2, 7], [3, 13, 4, 12], [5, 24, 6, 1], [7, 11, 8, 10], [9, 19, 10, 18]]"
12a_0523_70,"[[9, 19, 10, 18], [11, 21, 12, 20], [13, 22, 14, 23], [15, 5, 16, 4], [17, 9, 18, 8], [19, 17, 20, 16], [21, 2, 22, 3], [23, 14, 24, 15], [1, 6, 2, 7], [3, 13, 4, 12], [5, 24, 6, 1], [7, 11, 8, 10]]"
12a_0523_71,"[[7, 11, 8, 10], [9, 19, 10, 18], [11, 21, 12, 20], [13, 22, 14, 23], [15, 5, 16, 4], [17, 9, 18, 8], [19, 17, 20, 16], [21, 2, 22, 3], [23, 14, 24, 15], [1, 6, 2, 7], [3, 13, 4, 12], [5, 24, 6, 1]]"
12a_0523_72,"[[6, 1, 7, 2], [8, 12, 9, 11], [10, 20, 11, 19], [12, 22, 13, 21], [14, 23, 15, 24], [16, 6, 17, 5], [18, 10, 19, 9], [20, 18, 21, 17], [22, 3, 23, 4], [24, 15, 1, 16], [2, 7, 3, 8], [4, 14, 5, 13]]"
12a_0523_73,"[[4, 14, 5, 13], [6, 1, 7, 2], [8, 12, 9, 11], [10, 20, 11, 19], [12, 22, 13, 21], [14, 23, 15, 24], [16, 6, 17, 5], [18, 10, 19, 9], [20, 18, 21, 17], [22, 3, 23, 4], [24, 15, 1, 16], [2, 7, 3, 8]]"
12a_0523_74,"[[2, 7, 3, 8], [4, 14, 5, 13], [6, 1, 7, 2], [8, 12, 9, 11], [10, 20, 11, 19], [12, 22, 13, 21], [14, 23, 15, 24], [16, 6, 17, 5], [18, 10, 19, 9], [20, 18, 21, 17], [22, 3, 23, 4], [24, 15, 1, 16]]"
12a_0523_75,"[[24, 15, 1, 16], [2, 7, 3, 8], [4, 14, 5, 13], [6, 1, 7, 2], [8, 12, 9, 11], [10, 20, 11, 19], [12, 22, 13, 21], [14, 23, 15, 24], [16, 6, 17, 5], [18, 10, 19, 9], [20, 18, 21, 17], [22, 3, 23, 4]]"
12a_0523_76,"[[22, 3, 23, 4], [24, 15, 1, 16], [2, 7, 3, 8], [4, 14, 5, 13], [6, 1, 7, 2], [8, 12, 9, 11], [10, 20, 11, 19], [12, 22, 13, 21], [14, 23, 15, 24], [16, 6, 17, 5], [18, 10, 19, 9], [20, 18, 21, 17]]"
12a_0523_77,"[[20, 18, 21, 17], [22, 3, 23, 4], [24, 15, 1, 16], [2, 7, 3, 8], [4, 14, 5, 13], [6, 1, 7, 2], [8, 12, 9, 11], [10, 20, 11, 19], [12, 22, 13, 21], [14, 23, 15, 24], [16, 6, 17, 5], [18, 10, 19, 9]]"
12a_0523_78,"[[18, 10, 19, 9], [20, 18, 21, 17], [22, 3, 23, 4], [24, 15, 1, 16], [2, 7, 3, 8], [4, 14, 5, 13], [6, 1, 7, 2], [8, 12, 9, 11], [10, 20, 11, 19], [12, 22, 13, 21], [14, 23, 15, 24], [16, 6, 17, 5]]"
12a_0523_79,"[[16, 6, 17, 5], [18, 10, 19, 9], [20, 18, 21, 17], [22, 3, 23, 4], [24, 15, 1, 16], [2, 7, 3, 8], [4, 14, 5, 13], [6, 1, 7, 2], [8, 12, 9, 11], [10, 20, 11, 19], [12, 22, 13, 21], [14, 23, 15, 24]]"
12a_0523_80,"[[14, 23, 15, 24], [16, 6, 17, 5], [18, 10, 19, 9], [20, 18, 21, 17], [22, 3, 23, 4], [24, 15, 1, 16], [2, 7, 3, 8], [4, 14, 5, 13], [6, 1, 7, 2], [8, 12, 9, 11], [10, 20, 11, 19], [12, 22, 13, 21]]"
12a_0523_81,"[[12, 22, 13, 21], [14, 23, 15, 24], [16, 6, 17, 5], [18, 10, 19, 9], [20, 18, 21, 17], [22, 3, 23, 4], [24, 15, 1, 16], [2, 7, 3, 8], [4, 14, 5, 13], [6, 1, 7, 2], [8, 12, 9, 11], [10, 20, 11, 19]]"
12a_0523_82,"[[10, 20, 11, 19], [12, 22, 13, 21], [14, 23, 15, 24], [16, 6, 17, 5], [18, 10, 19, 9], [20, 18, 21, 17], [22, 3, 23, 4], [24, 15, 1, 16], [2, 7, 3, 8], [4, 14, 5, 13], [6, 1, 7, 2], [8, 12, 9, 11]]"
12a_0523_83,"[[8, 12, 9, 11], [10, 20, 11, 19], [12, 22, 13, 21], [14, 23, 15, 24], [16, 6, 17, 5], [18, 10, 19, 9], [20, 18, 21, 17], [22, 3, 23, 4], [24, 15, 1, 16], [2, 7, 3, 8], [4, 14, 5, 13], [6, 1, 7, 2]]"
12a_0523_84,"[[7, 2, 8, 3], [9, 13, 10, 12], [11, 21, 12, 20], [13, 23, 14, 22], [15, 24, 16, 1], [17, 7, 18, 6], [19, 11, 20, 10], [21, 19, 22, 18], [23, 4, 24, 5], [1, 16, 2, 17], [3, 8, 4, 9], [5, 15, 6, 14]]"
12a_0523_85,"[[5, 15, 6, 14], [7, 2, 8, 3], [9, 13, 10, 12], [11, 21, 12, 20], [13, 23, 14, 22], [15, 24, 16, 1], [17, 7, 18, 6], [19, 11, 20, 10], [21, 19, 22, 18], [23, 4, 24, 5], [1, 16, 2, 17], [3, 8, 4, 9]]"
12a_0523_86,"[[3, 8, 4, 9], [5, 15, 6, 14], [7, 2, 8, 3], [9, 13, 10, 12], [11, 21, 12, 20], [13, 23, 14, 22], [15, 24, 16, 1], [17, 7, 18, 6], [19, 11, 20, 10], [21, 19, 22, 18], [23, 4, 24, 5], [1, 16, 2, 17]]"
12a_0523_87,"[[1, 16, 2, 17], [3, 8, 4, 9], [5, 15, 6, 14], [7, 2, 8, 3], [9, 13, 10, 12], [11, 21, 12, 20], [13, 23, 14, 22], [15, 24, 16, 1], [17, 7, 18, 6], [19, 11, 20, 10], [21, 19, 22, 18], [23, 4, 24, 5]]"
12a_0523_88,"[[23, 4, 24, 5], [1, 16, 2, 17], [3, 8, 4, 9], [5, 15, 6, 14], [7, 2, 8, 3], [9, 13, 10, 12], [11, 21, 12, 20], [13, 23, 14, 22], [15, 24, 16, 1], [17, 7, 18, 6], [19, 11, 20, 10], [21, 19, 22, 18]]"
12a_0523_89,"[[21, 19, 22, 18], [23, 4, 24, 5], [1, 16, 2, 17], [3, 8, 4, 9], [5, 15, 6, 14], [7, 2, 8, 3], [9, 13, 10, 12], [11, 21, 12, 20], [13, 23, 14, 22], [15, 24, 16, 1], [17, 7, 18, 6], [19, 11, 20, 10]]"
12a_0523_90,"[[19, 11, 20, 10], [21, 19, 22, 18], [23, 4, 24, 5], [1, 16, 2, 17], [3, 8, 4, 9], [5, 15, 6, 14], [7, 2, 8, 3], [9, 13, 10, 12], [11, 21, 12, 20], [13, 23, 14, 22], [15, 24, 16, 1], [17, 7, 18, 6]]"
12a_0523_91,"[[17, 7, 18, 6], [19, 11, 20, 10], [21, 19, 22, 18], [23, 4, 24, 5], [1, 16, 2, 17], [3, 8, 4, 9], [5, 15, 6, 14], [7, 2, 8, 3], [9, 13, 10, 12], [11, 21, 12, 20], [13, 23, 14, 22], [15, 24, 16, 1]]"
12a_0523_92,"[[15, 24, 16, 1], [17, 7, 18, 6], [19, 11, 20, 10], [21, 19, 22, 18], [23, 4, 24, 5], [1, 16, 2, 17], [3, 8, 4, 9], [5, 15, 6, 14], [7, 2, 8, 3], [9, 13, 10, 12], [11, 21, 12, 20], [13, 23, 14, 22]]"
12a_0523_93,"[[13, 23, 14, 22], [15, 24, 16, 1], [17, 7, 18, 6], [19, 11, 20, 10], [21, 19, 22, 18], [23, 4, 24, 5], [1, 16, 2, 17], [3, 8, 4, 9], [5, 15, 6, 14], [7, 2, 8, 3], [9, 13, 10, 12], [11, 21, 12, 20]]"
12a_0523_94,"[[11, 21, 12, 20], [13, 23, 14, 22], [15, 24, 16, 1], [17, 7, 18, 6], [19, 11, 20, 10], [21, 19, 22, 18], [23, 4, 24, 5], [1, 16, 2, 17], [3, 8, 4, 9], [5, 15, 6, 14], [7, 2, 8, 3], [9, 13, 10, 12]]"
12a_0523_95,"[[9, 13, 10, 12], [11, 21, 12, 20], [13, 23, 14, 22], [15, 24, 16, 1], [17, 7, 18, 6], [19, 11, 20, 10], [21, 19, 22, 18], [23, 4, 24, 5], [1, 16, 2, 17], [3, 8, 4, 9], [5, 15, 6, 14], [7, 2, 8, 3]]"
12a_0523_96,"[[8, 3, 9, 4], [10, 14, 11, 13], [12, 22, 13, 21], [14, 24, 15, 23], [16, 1, 17, 2], [18, 8, 19, 7], [20, 12, 21, 11], [22, 20, 23, 19], [24, 5, 1, 6], [2, 17, 3, 18], [4, 9, 5, 10], [6, 16, 7, 15]]"
12a_0523_97,"[[6, 16, 7, 15], [8, 3, 9, 4], [10, 14, 11, 13], [12, 22, 13, 21], [14, 24, 15, 23], [16, 1, 17, 2], [18, 8, 19, 7], [20, 12, 21, 11], [22, 20, 23, 19], [24, 5, 1, 6], [2, 17, 3, 18], [4, 9, 5, 10]]"
12a_0523_98,"[[4, 9, 5, 10], [6, 16, 7, 15], [8, 3, 9, 4], [10, 14, 11, 13], [12, 22, 13, 21], [14, 24, 15, 23], [16, 1, 17, 2], [18, 8, 19, 7], [20, 12, 21, 11], [22, 20, 23, 19], [24, 5, 1, 6], [2, 17, 3, 18]]"
12a_0523_99,"[[2, 17, 3, 18], [4, 9, 5, 10], [6, 16, 7, 15], [8, 3, 9, 4], [10, 14, 11, 13], [12, 22, 13, 21], [14, 24, 15, 23], [16, 1, 17, 2], [18, 8, 19, 7], [20, 12, 21, 11], [22, 20, 23, 19], [24, 5, 1, 6]]"
12a_0523_100,"[[24, 5, 1, 6], [2, 17, 3, 18], [4, 9, 5, 10], [6, 16, 7, 15], [8, 3, 9, 4], [10, 14, 11, 13], [12, 22, 13, 21], [14, 24, 15, 23], [16, 1, 17, 2], [18, 8, 19, 7], [20, 12, 21, 11], [22, 20, 23, 19]]"
12a_0523_101,"[[22, 20, 23, 19], [24, 5, 1, 6], [2, 17, 3, 18], [4, 9, 5, 10], [6, 16, 7, 15], [8, 3, 9, 4], [10, 14, 11, 13], [12, 22, 13, 21], [14, 24, 15, 23], [16, 1, 17, 2], [18, 8, 19, 7], [20, 12, 21, 11]]"
12a_0523_102,"[[20, 12, 21, 11], [22, 20, 23, 19], [24, 5, 1, 6], [2, 17, 3, 18], [4, 9, 5, 10], [6, 16, 7, 15], [8, 3, 9, 4], [10, 14, 11, 13], [12, 22, 13, 21], [14, 24, 15, 23], [16, 1, 17, 2], [18, 8, 19, 7]]"
12a_0523_103,"[[18, 8, 19, 7], [20, 12, 21, 11], [22, 20, 23, 19], [24, 5, 1, 6], [2, 17, 3, 18], [4, 9, 5, 10], [6, 16, 7, 15], [8, 3, 9, 4], [10, 14, 11, 13], [12, 22, 13, 21], [14, 24, 15, 23], [16, 1, 17, 2]]"
12a_0523_104,"[[16, 1, 17, 2], [18, 8, 19, 7], [20, 12, 21, 11], [22, 20, 23, 19], [24, 5, 1, 6], [2, 17, 3, 18], [4, 9, 5, 10], [6, 16, 7, 15], [8, 3, 9, 4], [10, 14, 11, 13], [12, 22, 13, 21], [14, 24, 15, 23]]"
12a_0523_105,"[[14, 24, 15, 23], [16, 1, 17, 2], [18, 8, 19, 7], [20, 12, 21, 11], [22, 20, 23, 19], [24, 5, 1, 6], [2, 17, 3, 18], [4, 9, 5, 10], [6, 16, 7, 15], [8, 3, 9, 4], [10, 14, 11, 13], [12, 22, 13, 21]]"
12a_0523_106,"[[12, 22, 13, 21], [14, 24, 15, 23], [16, 1, 17, 2], [18, 8, 19, 7], [20, 12, 21, 11], [22, 20, 23, 19], [24, 5, 1, 6], [2, 17, 3, 18], [4, 9, 5, 10], [6, 16, 7, 15], [8, 3, 9, 4], [10, 14, 11, 13]]"
12a_0523_107,"[[10, 14, 11, 13], [12, 22, 13, 21], [14, 24, 15, 23], [16, 1, 17, 2], [18, 8, 19, 7], [20, 12, 21, 11], [22, 20, 23, 19], [24, 5, 1, 6], [2, 17, 3, 18], [4, 9, 5, 10], [6, 16, 7, 15], [8, 3, 9, 4]]"
12a_0523_108,"[[9, 4, 10, 5], [11, 15, 12, 14], [13, 23, 14, 22], [15, 1, 16, 24], [17, 2, 18, 3], [19, 9, 20, 8], [21, 13, 22, 12], [23, 21, 24, 20], [1, 6, 2, 7], [3, 18, 4, 19], [5, 10, 6, 11], [7, 17, 8, 16]]"
12a_0523_109,"[[7, 17, 8, 16], [9, 4, 10, 5], [11, 15, 12, 14], [13, 23, 14, 22], [15, 1, 16, 24], [17, 2, 18, 3], [19, 9, 20, 8], [21, 13, 22, 12], [23, 21, 24, 20], [1, 6, 2, 7], [3, 18, 4, 19], [5, 10, 6, 11]]"
12a_0523_110,"[[5, 10, 6, 11], [7, 17, 8, 16], [9, 4, 10, 5], [11, 15, 12, 14], [13, 23, 14, 22], [15, 1, 16, 24], [17, 2, 18, 3], [19, 9, 20, 8], [21, 13, 22, 12], [23, 21, 24, 20], [1, 6, 2, 7], [3, 18, 4, 19]]"
12a_0523_111,"[[3, 18, 4, 19], [5, 10, 6, 11], [7, 17, 8, 16], [9, 4, 10, 5], [11, 15, 12, 14], [13, 23, 14, 22], [15, 1, 16, 24], [17, 2, 18, 3], [19, 9, 20, 8], [21, 13, 22, 12], [23, 21, 24, 20], [1, 6, 2, 7]]"
12a_0523_112,"[[1, 6, 2, 7], [3, 18, 4, 19], [5, 10, 6, 11], [7, 17, 8, 16], [9, 4, 10, 5], [11, 15, 12, 14], [13, 23, 14, 22], [15, 1, 16, 24], [17, 2, 18, 3], [19, 9, 20, 8], [21, 13, 22, 12], [23, 21, 24, 20]]"
12a_0523_113,"[[23, 21, 24, 20], [1, 6, 2, 7], [3, 18, 4, 19], [5, 10, 6, 11], [7, 17, 8, 16], [9, 4, 10, 5], [11, 15, 12, 14], [13, 23, 14, 22], [15, 1, 16, 24], [17, 2, 18, 3], [19, 9, 20, 8], [21, 13, 22, 12]]"
12a_0523_114,"[[21, 13, 22, 12], [23, 21, 24, 20], [1, 6, 2, 7], [3, 18, 4, 19], [5, 10, 6, 11], [7, 17, 8, 16], [9, 4, 10, 5], [11, 15, 12, 14], [13, 23, 14, 22], [15, 1, 16, 24], [17, 2, 18, 3], [19, 9, 20, 8]]"
12a_0523_115,"[[19, 9, 20, 8], [21, 13, 22, 12], [23, 21, 24, 20], [1, 6, 2, 7], [3, 18, 4, 19], [5, 10, 6, 11], [7, 17, 8, 16], [9, 4, 10, 5], [11, 15, 12, 14], [13, 23, 14, 22], [15, 1, 16, 24], [17, 2, 18, 3]]"
12a_0523_116,"[[17, 2, 18, 3], [19, 9, 20, 8], [21, 13, 22, 12], [23, 21, 24, 20], [1, 6, 2, 7], [3, 18, 4, 19], [5, 10, 6, 11], [7, 17, 8, 16], [9, 4, 10, 5], [11, 15, 12, 14], [13, 23, 14, 22], [15, 1, 16, 24]]"
12a_0523_117,"[[15, 1, 16, 24], [17, 2, 18, 3], [19, 9, 20, 8], [21, 13, 22, 12], [23, 21, 24, 20], [1, 6, 2, 7], [3, 18, 4, 19], [5, 10, 6, 11], [7, 17, 8, 16], [9, 4, 10, 5], [11, 15, 12, 14], [13, 23, 14, 22]]"
12a_0523_118,"[[13, 23, 14, 22], [15, 1, 16, 24], [17, 2, 18, 3], [19, 9, 20, 8], [21, 13, 22, 12], [23, 21, 24, 20], [1, 6, 2, 7], [3, 18, 4, 19], [5, 10, 6, 11], [7, 17, 8, 16], [9, 4, 10, 5], [11, 15, 12, 14]]"
12a_0523_119,"[[11, 15, 12, 14], [13, 23, 14, 22], [15, 1, 16, 24], [17, 2, 18, 3], [19, 9, 20, 8], [21, 13, 22, 12], [23, 21, 24, 20], [1, 6, 2, 7], [3, 18, 4, 19], [5, 10, 6, 11], [7, 17, 8, 16], [9, 4, 10, 5]]"
12a_0523_120,"[[10, 5, 11, 6], [12, 16, 13, 15], [14, 24, 15, 23], [16, 2, 17, 1], [18, 3, 19, 4], [20, 10, 21, 9], [22, 14, 23, 13], [24, 22, 1, 21], [2, 7, 3, 8], [4, 19, 5, 20], [6, 11, 7, 12], [8, 18, 9, 17]]"
12a_0523_121,"[[8, 18, 9, 17], [10, 5, 11, 6], [12, 16, 13, 15], [14, 24, 15, 23], [16, 2, 17, 1], [18, 3, 19, 4], [20, 10, 21, 9], [22, 14, 23, 13], [24, 22, 1, 21], [2, 7, 3, 8], [4, 19, 5, 20], [6, 11, 7, 12]]"
12a_0523_122,"[[6, 11, 7, 12], [8, 18, 9, 17], [10, 5, 11, 6], [12, 16, 13, 15], [14, 24, 15, 23], [16, 2, 17, 1], [18, 3, 19, 4], [20, 10, 21, 9], [22, 14, 23, 13], [24, 22, 1, 21], [2, 7, 3, 8], [4, 19, 5, 20]]"
12a_0523_123,"[[4, 19, 5, 20], [6, 11, 7, 12], [8, 18, 9, 17], [10, 5, 11, 6], [12, 16, 13, 15], [14, 24, 15, 23], [16, 2, 17, 1], [18, 3, 19, 4], [20, 10, 21, 9], [22, 14, 23, 13], [24, 22, 1, 21], [2, 7, 3, 8]]"
12a_0523_124,"[[2, 7, 3, 8], [4, 19, 5, 20], [6, 11, 7, 12], [8, 18, 9, 17], [10, 5, 11, 6], [12, 16, 13, 15], [14, 24, 15, 23], [16, 2, 17, 1], [18, 3, 19, 4], [20, 10, 21, 9], [22, 14, 23, 13], [24, 22, 1, 21]]"
12a_0523_125,"[[24, 22, 1, 21], [2, 7, 3, 8], [4, 19, 5, 20], [6, 11, 7, 12], [8, 18, 9, 17], [10, 5, 11, 6], [12, 16, 13, 15], [14, 24, 15, 23], [16, 2, 17, 1], [18, 3, 19, 4], [20, 10, 21, 9], [22, 14, 23, 13]]"
12a_0523_126,"[[22, 14, 23, 13], [24, 22, 1, 21], [2, 7, 3, 8], [4, 19, 5, 20], [6, 11, 7, 12], [8, 18, 9, 17], [10, 5, 11, 6], [12, 16, 13, 15], [14, 24, 15, 23], [16, 2, 17, 1], [18, 3, 19, 4], [20, 10, 21, 9]]"
12a_0523_127,"[[20, 10, 21, 9], [22, 14, 23, 13], [24, 22, 1, 21], [2, 7, 3, 8], [4, 19, 5, 20], [6, 11, 7, 12], [8, 18, 9, 17], [10, 5, 11, 6], [12, 16, 13, 15], [14, 24, 15, 23], [16, 2, 17, 1], [18, 3, 19, 4]]"
12a_0523_128,"[[18, 3, 19, 4], [20, 10, 21, 9], [22, 14, 23, 13], [24, 22, 1, 21], [2, 7, 3, 8], [4, 19, 5, 20], [6, 11, 7, 12], [8, 18, 9, 17], [10, 5, 11, 6], [12, 16, 13, 15], [14, 24, 15, 23], [16, 2, 17, 1]]"
12a_0523_129,"[[16, 2, 17, 1], [18, 3, 19, 4], [20, 10, 21, 9], [22, 14, 23, 13], [24, 22, 1, 21], [2, 7, 3, 8], [4, 19, 5, 20], [6, 11, 7, 12], [8, 18, 9, 17], [10, 5, 11, 6], [12, 16, 13, 15], [14, 24, 15, 23]]"
12a_0523_130,"[[14, 24, 15, 23], [16, 2, 17, 1], [18, 3, 19, 4], [20, 10, 21, 9], [22, 14, 23, 13], [24, 22, 1, 21], [2, 7, 3, 8], [4, 19, 5, 20], [6, 11, 7, 12], [8, 18, 9, 17], [10, 5, 11, 6], [12, 16, 13, 15]]"
12a_0523_131,"[[12, 16, 13, 15], [14, 24, 15, 23], [16, 2, 17, 1], [18, 3, 19, 4], [20, 10, 21, 9], [22, 14, 23, 13], [24, 22, 1, 21], [2, 7, 3, 8], [4, 19, 5, 20], [6, 11, 7, 12], [8, 18, 9, 17], [10, 5, 11, 6]]"
12a_0523_132,"[[11, 6, 12, 7], [13, 17, 14, 16], [15, 1, 16, 24], [17, 3, 18, 2], [19, 4, 20, 5], [21, 11, 22, 10], [23, 15, 24, 14], [1, 23, 2, 22], [3, 8, 4, 9], [5, 20, 6, 21], [7, 12, 8, 13], [9, 19, 10, 18]]"
12a_0523_133,"[[9, 19, 10, 18], [11, 6, 12, 7], [13, 17, 14, 16], [15, 1, 16, 24], [17, 3, 18, 2], [19, 4, 20, 5], [21, 11, 22, 10], [23, 15, 24, 14], [1, 23, 2, 22], [3, 8, 4, 9], [5, 20, 6, 21], [7, 12, 8, 13]]"
12a_0523_134,"[[7, 12, 8, 13], [9, 19, 10, 18], [11, 6, 12, 7], [13, 17, 14, 16], [15, 1, 16, 24], [17, 3, 18, 2], [19, 4, 20, 5], [21, 11, 22, 10], [23, 15, 24, 14], [1, 23, 2, 22], [3, 8, 4, 9], [5, 20, 6, 21]]"
12a_0523_135,"[[5, 20, 6, 21], [7, 12, 8, 13], [9, 19, 10, 18], [11, 6, 12, 7], [13, 17, 14, 16], [15, 1, 16, 24], [17, 3, 18, 2], [19, 4, 20, 5], [21, 11, 22, 10], [23, 15, 24, 14], [1, 23, 2, 22], [3, 8, 4, 9]]"
12a_0523_136,"[[3, 8, 4, 9], [5, 20, 6, 21], [7, 12, 8, 13], [9, 19, 10, 18], [11, 6, 12, 7], [13, 17, 14, 16], [15, 1, 16, 24], [17, 3, 18, 2], [19, 4, 20, 5], [21, 11, 22, 10], [23, 15, 24, 14], [1, 23, 2, 22]]"
12a_0523_137,"[[1, 23, 2, 22], [3, 8, 4, 9], [5, 20, 6, 21], [7, 12, 8, 13], [9, 19, 10, 18], [11, 6, 12, 7], [13, 17, 14, 16], [15, 1, 16, 24], [17, 3, 18, 2], [19, 4, 20, 5], [21, 11, 22, 10], [23, 15, 24, 14]]"
12a_0523_138,"[[23, 15, 24, 14], [1, 23, 2, 22], [3, 8, 4, 9], [5, 20, 6, 21], [7, 12, 8, 13], [9, 19, 10, 18], [11, 6, 12, 7], [13, 17, 14, 16], [15, 1, 16, 24], [17, 3, 18, 2], [19, 4, 20, 5], [21, 11, 22, 10]]"
12a_0523_139,"[[21, 11, 22, 10], [23, 15, 24, 14], [1, 23, 2, 22], [3, 8, 4, 9], [5, 20, 6, 21], [7, 12, 8, 13], [9, 19, 10, 18], [11, 6, 12, 7], [13, 17, 14, 16], [15, 1, 16, 24], [17, 3, 18, 2], [19, 4, 20, 5]]"
12a_0523_140,"[[19, 4, 20, 5], [21, 11, 22, 10], [23, 15, 24, 14], [1, 23, 2, 22], [3, 8, 4, 9], [5, 20, 6, 21], [7, 12, 8, 13], [9, 19, 10, 18], [11, 6, 12, 7], [13, 17, 14, 16], [15, 1, 16, 24], [17, 3, 18, 2]]"
12a_0523_141,"[[17, 3, 18, 2], [19, 4, 20, 5], [21, 11, 22, 10], [23, 15, 24, 14], [1, 23, 2, 22], [3, 8, 4, 9], [5, 20, 6, 21], [7, 12, 8, 13], [9, 19, 10, 18], [11, 6, 12, 7], [13, 17, 14, 16], [15, 1, 16, 24]]"
12a_0523_142,"[[15, 1, 16, 24], [17, 3, 18, 2], [19, 4, 20, 5], [21, 11, 22, 10], [23, 15, 24, 14], [1, 23, 2, 22], [3, 8, 4, 9], [5, 20, 6, 21], [7, 12, 8, 13], [9, 19, 10, 18], [11, 6, 12, 7], [13, 17, 14, 16]]"
12a_0523_143,"[[13, 17, 14, 16], [15, 1, 16, 24], [17, 3, 18, 2], [19, 4, 20, 5], [21, 11, 22, 10], [23, 15, 24, 14], [1, 23, 2, 22], [3, 8, 4, 9], [5, 20, 6, 21], [7, 12, 8, 13], [9, 19, 10, 18], [11, 6, 12, 7]]"
12a_0523_144,"[[12, 7, 13, 8], [14, 18, 15, 17], [16, 2, 17, 1], [18, 4, 19, 3], [20, 5, 21, 6], [22, 12, 23, 11], [24, 16, 1, 15], [2, 24, 3, 23], [4, 9, 5, 10], [6, 21, 7, 22], [8, 13, 9, 14], [10, 20, 11, 19]]"
12a_0523_145,"[[10, 20, 11, 19], [12, 7, 13, 8], [14, 18, 15, 17], [16, 2, 17, 1], [18, 4, 19, 3], [20, 5, 21, 6], [22, 12, 23, 11], [24, 16, 1, 15], [2, 24, 3, 23], [4, 9, 5, 10], [6, 21, 7, 22], [8, 13, 9, 14]]"
12a_0523_146,"[[8, 13, 9, 14], [10, 20, 11, 19], [12, 7, 13, 8], [14, 18, 15, 17], [16, 2, 17, 1], [18, 4, 19, 3], [20, 5, 21, 6], [22, 12, 23, 11], [24, 16, 1, 15], [2, 24, 3, 23], [4, 9, 5, 10], [6, 21, 7, 22]]"
12a_0523_147,"[[6, 21, 7, 22], [8, 13, 9, 14], [10, 20, 11, 19], [12, 7, 13, 8], [14, 18, 15, 17], [16, 2, 17, 1], [18, 4, 19, 3], [20, 5, 21, 6], [22, 12, 23, 11], [24, 16, 1, 15], [2, 24, 3, 23], [4, 9, 5, 10]]"
12a_0523_148,"[[4, 9, 5, 10], [6, 21, 7, 22], [8, 13, 9, 14], [10, 20, 11, 19], [12, 7, 13, 8], [14, 18, 15, 17], [16, 2, 17, 1], [18, 4, 19, 3], [20, 5, 21, 6], [22, 12, 23, 11], [24, 16, 1, 15], [2, 24, 3, 23]]"
12a_0523_149,"[[2, 24, 3, 23], [4, 9, 5, 10], [6, 21, 7, 22], [8, 13, 9, 14], [10, 20, 11, 19], [12, 7, 13, 8], [14, 18, 15, 17], [16, 2, 17, 1], [18, 4, 19, 3], [20, 5, 21, 6], [22, 12, 23, 11], [24, 16, 1, 15]]"
12a_0523_150,"[[24, 16, 1, 15], [2, 24, 3, 23], [4, 9, 5, 10], [6, 21, 7, 22], [8, 13, 9, 14], [10, 20, 11, 19], [12, 7, 13, 8], [14, 18, 15, 17], [16, 2, 17, 1], [18, 4, 19, 3], [20, 5, 21, 6], [22, 12, 23, 11]]"
12a_0523_151,"[[22, 12, 23, 11], [24, 16, 1, 15], [2, 24, 3, 23], [4, 9, 5, 10], [6, 21, 7, 22], [8, 13, 9, 14], [10, 20, 11, 19], [12, 7, 13, 8], [14, 18, 15, 17], [16, 2, 17, 1], [18, 4, 19, 3], [20, 5, 21, 6]]"
12a_0523_152,"[[20, 5, 21, 6], [22, 12, 23, 11], [24, 16, 1, 15], [2, 24, 3, 23], [4, 9, 5, 10], [6, 21, 7, 22], [8, 13, 9, 14], [10, 20, 11, 19], [12, 7, 13, 8], [14, 18, 15, 17], [16, 2, 17, 1], [18, 4, 19, 3]]"
12a_0523_153,"[[18, 4, 19, 3], [20, 5, 21, 6], [22, 12, 23, 11], [24, 16, 1, 15], [2, 24, 3, 23], [4, 9, 5, 10], [6, 21, 7, 22], [8, 13, 9, 14], [10, 20, 11, 19], [12, 7, 13, 8], [14, 18, 15, 17], [16, 2, 17, 1]]"
12a_0523_154,"[[16, 2, 17, 1], [18, 4, 19, 3], [20, 5, 21, 6], [22, 12, 23, 11], [24, 16, 1, 15], [2, 24, 3, 23], [4, 9, 5, 10], [6, 21, 7, 22], [8, 13, 9, 14], [10, 20, 11, 19], [12, 7, 13, 8], [14, 18, 15, 17]]"
12a_0523_155,"[[14, 18, 15, 17], [16, 2, 17, 1], [18, 4, 19, 3], [20, 5, 21, 6], [22, 12, 23, 11], [24, 16, 1, 15], [2, 24, 3, 23], [4, 9, 5, 10], [6, 21, 7, 22], [8, 13, 9, 14], [10, 20, 11, 19], [12, 7, 13, 8]]"
12a_0523_156,"[[13, 8, 14, 9], [15, 19, 16, 18], [17, 3, 18, 2], [19, 5, 20, 4], [21, 6, 22, 7], [23, 13, 24, 12], [1, 17, 2, 16], [3, 1, 4, 24], [5, 10, 6, 11], [7, 22, 8, 23], [9, 14, 10, 15], [11, 21, 12, 20]]"
12a_0523_157,"[[11, 21, 12, 20], [13, 8, 14, 9], [15, 19, 16, 18], [17, 3, 18, 2], [19, 5, 20, 4], [21, 6, 22, 7], [23, 13, 24, 12], [1, 17, 2, 16], [3, 1, 4, 24], [5, 10, 6, 11], [7, 22, 8, 23], [9, 14, 10, 15]]"
12a_0523_158,"[[9, 14, 10, 15], [11, 21, 12, 20], [13, 8, 14, 9], [15, 19, 16, 18], [17, 3, 18, 2], [19, 5, 20, 4], [21, 6, 22, 7], [23, 13, 24, 12], [1, 17, 2, 16], [3, 1, 4, 24], [5, 10, 6, 11], [7, 22, 8, 23]]"
12a_0523_159,"[[7, 22, 8, 23], [9, 14, 10, 15], [11, 21, 12, 20], [13, 8, 14, 9], [15, 19, 16, 18], [17, 3, 18, 2], [19, 5, 20, 4], [21, 6, 22, 7], [23, 13, 24, 12], [1, 17, 2, 16], [3, 1, 4, 24], [5, 10, 6, 11]]"
12a_0523_160,"[[5, 10, 6, 11], [7, 22, 8, 23], [9, 14, 10, 15], [11, 21, 12, 20], [13, 8, 14, 9], [15, 19, 16, 18], [17, 3, 18, 2], [19, 5, 20, 4], [21, 6, 22, 7], [23, 13, 24, 12], [1, 17, 2, 16], [3, 1, 4, 24]]"
12a_0523_161,"[[3, 1, 4, 24], [5, 10, 6, 11], [7, 22, 8, 23], [9, 14, 10, 15], [11, 21, 12, 20], [13, 8, 14, 9], [15, 19, 16, 18], [17, 3, 18, 2], [19, 5, 20, 4], [21, 6, 22, 7], [23, 13, 24, 12], [1, 17, 2, 16]]"
12a_0523_162,"[[1, 17, 2, 16], [3, 1, 4, 24], [5, 10, 6, 11], [7, 22, 8, 23], [9, 14, 10, 15], [11, 21, 12, 20], [13, 8, 14, 9], [15, 19, 16, 18], [17, 3, 18, 2], [19, 5, 20, 4], [21, 6, 22, 7], [23, 13, 24, 12]]"
12a_0523_163,"[[23, 13, 24, 12], [1, 17, 2, 16], [3, 1, 4, 24], [5, 10, 6, 11], [7, 22, 8, 23], [9, 14, 10, 15], [11, 21, 12, 20], [13, 8, 14, 9], [15, 19, 16, 18], [17, 3, 18, 2], [19, 5, 20, 4], [21, 6, 22, 7]]"
12a_0523_164,"[[21, 6, 22, 7], [23, 13, 24, 12], [1, 17, 2, 16], [3, 1, 4, 24], [5, 10, 6, 11], [7, 22, 8, 23], [9, 14, 10, 15], [11, 21, 12, 20], [13, 8, 14, 9], [15, 19, 16, 18], [17, 3, 18, 2], [19, 5, 20, 4]]"
12a_0523_165,"[[19, 5, 20, 4], [21, 6, 22, 7], [23, 13, 24, 12], [1, 17, 2, 16], [3, 1, 4, 24], [5, 10, 6, 11], [7, 22, 8, 23], [9, 14, 10, 15], [11, 21, 12, 20], [13, 8, 14, 9], [15, 19, 16, 18], [17, 3, 18, 2]]"
12a_0523_166,"[[17, 3, 18, 2], [19, 5, 20, 4], [21, 6, 22, 7], [23, 13, 24, 12], [1, 17, 2, 16], [3, 1, 4, 24], [5, 10, 6, 11], [7, 22, 8, 23], [9, 14, 10, 15], [11, 21, 12, 20], [13, 8, 14, 9], [15, 19, 16, 18]]"
12a_0523_167,"[[15, 19, 16, 18], [17, 3, 18, 2], [19, 5, 20, 4], [21, 6, 22, 7], [23, 13, 24, 12], [1, 17, 2, 16], [3, 1, 4, 24], [5, 10, 6, 11], [7, 22, 8, 23], [9, 14, 10, 15], [11, 21, 12, 20], [13, 8, 14, 9]]"
12a_0523_168,"[[14, 9, 15, 10], [16, 20, 17, 19], [18, 4, 19, 3], [20, 6, 21, 5], [22, 7, 23, 8], [24, 14, 1, 13], [2, 18, 3, 17], [4, 2, 5, 1], [6, 11, 7, 12], [8, 23, 9, 24], [10, 15, 11, 16], [12, 22, 13, 21]]"
12a_0523_169,"[[12, 22, 13, 21], [14, 9, 15, 10], [16, 20, 17, 19], [18, 4, 19, 3], [20, 6, 21, 5], [22, 7, 23, 8], [24, 14, 1, 13], [2, 18, 3, 17], [4, 2, 5, 1], [6, 11, 7, 12], [8, 23, 9, 24], [10, 15, 11, 16]]"
12a_0523_170,"[[10, 15, 11, 16], [12, 22, 13, 21], [14, 9, 15, 10], [16, 20, 17, 19], [18, 4, 19, 3], [20, 6, 21, 5], [22, 7, 23, 8], [24, 14, 1, 13], [2, 18, 3, 17], [4, 2, 5, 1], [6, 11, 7, 12], [8, 23, 9, 24]]"
12a_0523_171,"[[8, 23, 9, 24], [10, 15, 11, 16], [12, 22, 13, 21], [14, 9, 15, 10], [16, 20, 17, 19], [18, 4, 19, 3], [20, 6, 21, 5], [22, 7, 23, 8], [24, 14, 1, 13], [2, 18, 3, 17], [4, 2, 5, 1], [6, 11, 7, 12]]"
12a_0523_172,"[[6, 11, 7, 12], [8, 23, 9, 24], [10, 15, 11, 16], [12, 22, 13, 21], [14, 9, 15, 10], [16, 20, 17, 19], [18, 4, 19, 3], [20, 6, 21, 5], [22, 7, 23, 8], [24, 14, 1, 13], [2, 18, 3, 17], [4, 2, 5, 1]]"
12a_0523_173,"[[4, 2, 5, 1], [6, 11, 7, 12], [8, 23, 9, 24], [10, 15, 11, 16], [12, 22, 13, 21], [14, 9, 15, 10], [16, 20, 17, 19], [18, 4, 19, 3], [20, 6, 21, 5], [22, 7, 23, 8], [24, 14, 1, 13], [2, 18, 3, 17]]"
12a_0523_174,"[[2, 18, 3, 17], [4, 2, 5, 1], [6, 11, 7, 12], [8, 23, 9, 24], [10, 15, 11, 16], [12, 22, 13, 21], [14, 9, 15, 10], [16, 20, 17, 19], [18, 4, 19, 3], [20, 6, 21, 5], [22, 7, 23, 8], [24, 14, 1, 13]]"
12a_0523_175,"[[24, 14, 1, 13], [2, 18, 3, 17], [4, 2, 5, 1], [6, 11, 7, 12], [8, 23, 9, 24], [10, 15, 11, 16], [12, 22, 13, 21], [14, 9, 15, 10], [16, 20, 17, 19], [18, 4, 19, 3], [20, 6, 21, 5], [22, 7, 23, 8]]"
12a_0523_176,"[[22, 7, 23, 8], [24, 14, 1, 13], [2, 18, 3, 17], [4, 2, 5, 1], [6, 11, 7, 12], [8, 23, 9, 24], [10, 15, 11, 16], [12, 22, 13, 21], [14, 9, 15, 10], [16, 20, 17, 19], [18, 4, 19, 3], [20, 6, 21, 5]]"
12a_0523_177,"[[20, 6, 21, 5], [22, 7, 23, 8], [24, 14, 1, 13], [2, 18, 3, 17], [4, 2, 5, 1], [6, 11, 7, 12], [8, 23, 9, 24], [10, 15, 11, 16], [12, 22, 13, 21], [14, 9, 15, 10], [16, 20, 17, 19], [18, 4, 19, 3]]"
12a_0523_178,"[[18, 4, 19, 3], [20, 6, 21, 5], [22, 7, 23, 8], [24, 14, 1, 13], [2, 18, 3, 17], [4, 2, 5, 1], [6, 11, 7, 12], [8, 23, 9, 24], [10, 15, 11, 16], [12, 22, 13, 21], [14, 9, 15, 10], [16, 20, 17, 19]]"
12a_0523_179,"[[16, 20, 17, 19], [18, 4, 19, 3], [20, 6, 21, 5], [22, 7, 23, 8], [24, 14, 1, 13], [2, 18, 3, 17], [4, 2, 5, 1], [6, 11, 7, 12], [8, 23, 9, 24], [10, 15, 11, 16], [12, 22, 13, 21], [14, 9, 15, 10]]"
12a_0523_180,"[[15, 10, 16, 11], [17, 21, 18, 20], [19, 5, 20, 4], [21, 7, 22, 6], [23, 8, 24, 9], [1, 15, 2, 14], [3, 19, 4, 18], [5, 3, 6, 2], [7, 12, 8, 13], [9, 24, 10, 1], [11, 16, 12, 17], [13, 23, 14, 22]]"
12a_0523_181,"[[13, 23, 14, 22], [15, 10, 16, 11], [17, 21, 18, 20], [19, 5, 20, 4], [21, 7, 22, 6], [23, 8, 24, 9], [1, 15, 2, 14], [3, 19, 4, 18], [5, 3, 6, 2], [7, 12, 8, 13], [9, 24, 10, 1], [11, 16, 12, 17]]"
12a_0523_182,"[[11, 16, 12, 17], [13, 23, 14, 22], [15, 10, 16, 11], [17, 21, 18, 20], [19, 5, 20, 4], [21, 7, 22, 6], [23, 8, 24, 9], [1, 15, 2, 14], [3, 19, 4, 18], [5, 3, 6, 2], [7, 12, 8, 13], [9, 24, 10, 1]]"
12a_0523_183,"[[9, 24, 10, 1], [11, 16, 12, 17], [13, 23, 14, 22], [15, 10, 16, 11], [17, 21, 18, 20], [19, 5, 20, 4], [21, 7, 22, 6], [23, 8, 24, 9], [1, 15, 2, 14], [3, 19, 4, 18], [5, 3, 6, 2], [7, 12, 8, 13]]"
12a_0523_184,"[[7, 12, 8, 13], [9, 24, 10, 1], [11, 16, 12, 17], [13, 23, 14, 22], [15, 10, 16, 11], [17, 21, 18, 20], [19, 5, 20, 4], [21, 7, 22, 6], [23, 8, 24, 9], [1, 15, 2, 14], [3, 19, 4, 18], [5, 3, 6, 2]]"
12a_0523_185,"[[5, 3, 6, 2], [7, 12, 8, 13], [9, 24, 10, 1], [11, 16, 12, 17], [13, 23, 14, 22], [15, 10, 16, 11], [17, 21, 18, 20], [19, 5, 20, 4], [21, 7, 22, 6], [23, 8, 24, 9], [1, 15, 2, 14], [3, 19, 4, 18]]"
