name,pd_notation
12a_1015_0,"[[24, 15, 1, 16], [2, 8, 3, 7], [4, 11, 5, 12], [6, 2, 7, 1], [8, 20, 9, 19], [10, 18, 11, 17], [12, 21, 13, 22], [14, 23, 15, 24], [16, 3, 17, 4], [18, 10, 19, 9], [20, 6, 21, 5], [22, 13, 23, 14]]"
12a_1015_1,"[[22, 13, 23, 14], [24, 15, 1, 16], [2, 8, 3, 7], [4, 11, 5, 12], [6, 2, 7, 1], [8, 20, 9, 19], [10, 18, 11, 17], [12, 21, 13, 22], [14, 23, 15, 24], [16, 3, 17, 4], [18, 10, 19, 9], [20, 6, 21, 5]]"
12a_1015_2,"[[20, 6, 21, 5], [22, 13, 23, 14], [24, 15, 1, 16], [2, 8, 3, 7], [4, 11, 5, 12], [6, 2, 7, 1], [8, 20, 9, 19], [10, 18, 11, 17], [12, 21, 13, 22], [14, 23, 15, 24], [16, 3, 17, 4], [18, 10, 19, 9]]"
12a_1015_3,"[[18, 10, 19, 9], [20, 6, 21, 5], [22, 13, 23, 14], [24, 15, 1, 16], [2, 8, 3, 7], [4, 11, 5, 12], [6, 2, 7, 1], [8, 20, 9, 19], [10, 18, 11, 17], [12, 21, 13, 22], [14, 23, 15, 24], [16, 3, 17, 4]]"
12a_1015_4,"[[16, 3, 17, 4], [18, 10, 19, 9], [20, 6, 21, 5], [22, 13, 23, 14], [24, 15, 1, 16], [2, 8, 3, 7], [4, 11, 5, 12], [6, 2, 7, 1], [8, 20, 9, 19], [10, 18, 11, 17], [12, 21, 13, 22], [14, 23, 15, 24]]"
12a_1015_5,"[[14, 23, 15, 24], [16, 3, 17, 4], [18, 10, 19, 9], [20, 6, 21, 5], [22, 13, 23, 14], [24, 15, 1, 16], [2, 8, 3, 7], [4, 11, 5, 12], [6, 2, 7, 1], [8, 20, 9, 19], [10, 18, 11, 17], [12, 21, 13, 22]]"
12a_1015_6,"[[12, 21, 13, 22], [14, 23, 15, 24], [16, 3, 17, 4], [18, 10, 19, 9], [20, 6, 21, 5], [22, 13, 23, 14], [24, 15, 1, 16], [2, 8, 3, 7], [4, 11, 5, 12], [6, 2, 7, 1], [8, 20, 9, 19], [10, 18, 11, 17]]"
12a_1015_7,"[[10, 18, 11, 17], [12, 21, 13, 22], [14, 23, 15, 24], [16, 3, 17, 4], [18, 10, 19, 9], [20, 6, 21, 5], [22, 13, 23, 14], [24, 15, 1, 16], [2, 8, 3, 7], [4, 11, 5, 12], [6, 2, 7, 1], [8, 20, 9, 19]]"
12a_1015_8,"[[8, 20, 9, 19], [10, 18, 11, 17], [12, 21, 13, 22], [14, 23, 15, 24], [16, 3, 17, 4], [18, 10, 19, 9], [20, 6, 21, 5], [22, 13, 23, 14], [24, 15, 1, 16], [2, 8, 3, 7], [4, 11, 5, 12], [6, 2, 7, 1]]"
12a_1015_9,"[[6, 2, 7, 1], [8, 20, 9, 19], [10, 18, 11, 17], [12, 21, 13, 22], [14, 23, 15, 24], [16, 3, 17, 4], [18, 10, 19, 9], [20, 6, 21, 5], [22, 13, 23, 14], [24, 15, 1, 16], [2, 8, 3, 7], [4, 11, 5, 12]]"
12a_1015_10,"[[4, 11, 5, 12], [6, 2, 7, 1], [8, 20, 9, 19], [10, 18, 11, 17], [12, 21, 13, 22], [14, 23, 15, 24], [16, 3, 17, 4], [18, 10, 19, 9], [20, 6, 21, 5], [22, 13, 23, 14], [24, 15, 1, 16], [2, 8, 3, 7]]"
12a_1015_11,"[[2, 8, 3, 7], [4, 11, 5, 12], [6, 2, 7, 1], [8, 20, 9, 19], [10, 18, 11, 17], [12, 21, 13, 22], [14, 23, 15, 24], [16, 3, 17, 4], [18, 10, 19, 9], [20, 6, 21, 5], [22, 13, 23, 14], [24, 15, 1, 16]]"
12a_1015_12,"[[1, 16, 2, 17], [3, 9, 4, 8], [5, 12, 6, 13], [7, 3, 8, 2], [9, 21, 10, 20], [11, 19, 12, 18], [13, 22, 14, 23], [15, 24, 16, 1], [17, 4, 18, 5], [19, 11, 20, 10], [21, 7, 22, 6], [23, 14, 24, 15]]"
12a_1015_13,"[[23, 14, 24, 15], [1, 16, 2, 17], [3, 9, 4, 8], [5, 12, 6, 13], [7, 3, 8, 2], [9, 21, 10, 20], [11, 19, 12, 18], [13, 22, 14, 23], [15, 24, 16, 1], [17, 4, 18, 5], [19, 11, 20, 10], [21, 7, 22, 6]]"
12a_1015_14,"[[21, 7, 22, 6], [23, 14, 24, 15], [1, 16, 2, 17], [3, 9, 4, 8], [5, 12, 6, 13], [7, 3, 8, 2], [9, 21, 10, 20], [11, 19, 12, 18], [13, 22, 14, 23], [15, 24, 16, 1], [17, 4, 18, 5], [19, 11, 20, 10]]"
12a_1015_15,"[[19, 11, 20, 10], [21, 7, 22, 6], [23, 14, 24, 15], [1, 16, 2, 17], [3, 9, 4, 8], [5, 12, 6, 13], [7, 3, 8, 2], [9, 21, 10, 20], [11, 19, 12, 18], [13, 22, 14, 23], [15, 24, 16, 1], [17, 4, 18, 5]]"
12a_1015_16,"[[17, 4, 18, 5], [19, 11, 20, 10], [21, 7, 22, 6], [23, 14, 24, 15], [1, 16, 2, 17], [3, 9, 4, 8], [5, 12, 6, 13], [7, 3, 8, 2], [9, 21, 10, 20], [11, 19, 12, 18], [13, 22, 14, 23], [15, 24, 16, 1]]"
12a_1015_17,"[[15, 24, 16, 1], [17, 4, 18, 5], [19, 11, 20, 10], [21, 7, 22, 6], [23, 14, 24, 15], [1, 16, 2, 17], [3, 9, 4, 8], [5, 12, 6, 13], [7, 3, 8, 2], [9, 21, 10, 20], [11, 19, 12, 18], [13, 22, 14, 23]]"
12a_1015_18,"[[13, 22, 14, 23], [15, 24, 16, 1], [17, 4, 18, 5], [19, 11, 20, 10], [21, 7, 22, 6], [23, 14, 24, 15], [1, 16, 2, 17], [3, 9, 4, 8], [5, 12, 6, 13], [7, 3, 8, 2], [9, 21, 10, 20], [11, 19, 12, 18]]"
12a_1015_19,"[[11, 19, 12, 18], [13, 22, 14, 23], [15, 24, 16, 1], [17, 4, 18, 5], [19, 11, 20, 10], [21, 7, 22, 6], [23, 14, 24, 15], [1, 16, 2, 17], [3, 9, 4, 8], [5, 12, 6, 13], [7, 3, 8, 2], [9, 21, 10, 20]]"
12a_1015_20,"[[9, 21, 10, 20], [11, 19, 12, 18], [13, 22, 14, 23], [15, 24, 16, 1], [17, 4, 18, 5], [19, 11, 20, 10], [21, 7, 22, 6], [23, 14, 24, 15], [1, 16, 2, 17], [3, 9, 4, 8], [5, 12, 6, 13], [7, 3, 8, 2]]"
12a_1015_21,"[[7, 3, 8, 2], [9, 21, 10, 20], [11, 19, 12, 18], [13, 22, 14, 23], [15, 24, 16, 1], [17, 4, 18, 5], [19, 11, 20, 10], [21, 7, 22, 6], [23, 14, 24, 15], [1, 16, 2, 17], [3, 9, 4, 8], [5, 12, 6, 13]]"
12a_1015_22,"[[5, 12, 6, 13], [7, 3, 8, 2], [9, 21, 10, 20], [11, 19, 12, 18], [13, 22, 14, 23], [15, 24, 16, 1], [17, 4, 18, 5], [19, 11, 20, 10], [21, 7, 22, 6], [23, 14, 24, 15], [1, 16, 2, 17], [3, 9, 4, 8]]"
12a_1015_23,"[[3, 9, 4, 8], [5, 12, 6, 13], [7, 3, 8, 2], [9, 21, 10, 20], [11, 19, 12, 18], [13, 22, 14, 23], [15, 24, 16, 1], [17, 4, 18, 5], [19, 11, 20, 10], [21, 7, 22, 6], [23, 14, 24, 15], [1, 16, 2, 17]]"
12a_1015_24,"[[2, 17, 3, 18], [4, 10, 5, 9], [6, 13, 7, 14], [8, 4, 9, 3], [10, 22, 11, 21], [12, 20, 13, 19], [14, 23, 15, 24], [16, 1, 17, 2], [18, 5, 19, 6], [20, 12, 21, 11], [22, 8, 23, 7], [24, 15, 1, 16]]"
12a_1015_25,"[[24, 15, 1, 16], [2, 17, 3, 18], [4, 10, 5, 9], [6, 13, 7, 14], [8, 4, 9, 3], [10, 22, 11, 21], [12, 20, 13, 19], [14, 23, 15, 24], [16, 1, 17, 2], [18, 5, 19, 6], [20, 12, 21, 11], [22, 8, 23, 7]]"
12a_1015_26,"[[22, 8, 23, 7], [24, 15, 1, 16], [2, 17, 3, 18], [4, 10, 5, 9], [6, 13, 7, 14], [8, 4, 9, 3], [10, 22, 11, 21], [12, 20, 13, 19], [14, 23, 15, 24], [16, 1, 17, 2], [18, 5, 19, 6], [20, 12, 21, 11]]"
12a_1015_27,"[[20, 12, 21, 11], [22, 8, 23, 7], [24, 15, 1, 16], [2, 17, 3, 18], [4, 10, 5, 9], [6, 13, 7, 14], [8, 4, 9, 3], [10, 22, 11, 21], [12, 20, 13, 19], [14, 23, 15, 24], [16, 1, 17, 2], [18, 5, 19, 6]]"
12a_1015_28,"[[18, 5, 19, 6], [20, 12, 21, 11], [22, 8, 23, 7], [24, 15, 1, 16], [2, 17, 3, 18], [4, 10, 5, 9], [6, 13, 7, 14], [8, 4, 9, 3], [10, 22, 11, 21], [12, 20, 13, 19], [14, 23, 15, 24], [16, 1, 17, 2]]"
12a_1015_29,"[[16, 1, 17, 2], [18, 5, 19, 6], [20, 12, 21, 11], [22, 8, 23, 7], [24, 15, 1, 16], [2, 17, 3, 18], [4, 10, 5, 9], [6, 13, 7, 14], [8, 4, 9, 3], [10, 22, 11, 21], [12, 20, 13, 19], [14, 23, 15, 24]]"
12a_1015_30,"[[14, 23, 15, 24], [16, 1, 17, 2], [18, 5, 19, 6], [20, 12, 21, 11], [22, 8, 23, 7], [24, 15, 1, 16], [2, 17, 3, 18], [4, 10, 5, 9], [6, 13, 7, 14], [8, 4, 9, 3], [10, 22, 11, 21], [12, 20, 13, 19]]"
12a_1015_31,"[[12, 20, 13, 19], [14, 23, 15, 24], [16, 1, 17, 2], [18, 5, 19, 6], [20, 12, 21, 11], [22, 8, 23, 7], [24, 15, 1, 16], [2, 17, 3, 18], [4, 10, 5, 9], [6, 13, 7, 14], [8, 4, 9, 3], [10, 22, 11, 21]]"
12a_1015_32,"[[10, 22, 11, 21], [12, 20, 13, 19], [14, 23, 15, 24], [16, 1, 17, 2], [18, 5, 19, 6], [20, 12, 21, 11], [22, 8, 23, 7], [24, 15, 1, 16], [2, 17, 3, 18], [4, 10, 5, 9], [6, 13, 7, 14], [8, 4, 9, 3]]"
12a_1015_33,"[[8, 4, 9, 3], [10, 22, 11, 21], [12, 20, 13, 19], [14, 23, 15, 24], [16, 1, 17, 2], [18, 5, 19, 6], [20, 12, 21, 11], [22, 8, 23, 7], [24, 15, 1, 16], [2, 17, 3, 18], [4, 10, 5, 9], [6, 13, 7, 14]]"
12a_1015_34,"[[6, 13, 7, 14], [8, 4, 9, 3], [10, 22, 11, 21], [12, 20, 13, 19], [14, 23, 15, 24], [16, 1, 17, 2], [18, 5, 19, 6], [20, 12, 21, 11], [22, 8, 23, 7], [24, 15, 1, 16], [2, 17, 3, 18], [4, 10, 5, 9]]"
12a_1015_35,"[[4, 10, 5, 9], [6, 13, 7, 14], [8, 4, 9, 3], [10, 22, 11, 21], [12, 20, 13, 19], [14, 23, 15, 24], [16, 1, 17, 2], [18, 5, 19, 6], [20, 12, 21, 11], [22, 8, 23, 7], [24, 15, 1, 16], [2, 17, 3, 18]]"
12a_1015_36,"[[3, 18, 4, 19], [5, 11, 6, 10], [7, 14, 8, 15], [9, 5, 10, 4], [11, 23, 12, 22], [13, 21, 14, 20], [15, 24, 16, 1], [17, 2, 18, 3], [19, 6, 20, 7], [21, 13, 22, 12], [23, 9, 24, 8], [1, 16, 2, 17]]"
12a_1015_37,"[[1, 16, 2, 17], [3, 18, 4, 19], [5, 11, 6, 10], [7, 14, 8, 15], [9, 5, 10, 4], [11, 23, 12, 22], [13, 21, 14, 20], [15, 24, 16, 1], [17, 2, 18, 3], [19, 6, 20, 7], [21, 13, 22, 12], [23, 9, 24, 8]]"
12a_1015_38,"[[23, 9, 24, 8], [1, 16, 2, 17], [3, 18, 4, 19], [5, 11, 6, 10], [7, 14, 8, 15], [9, 5, 10, 4], [11, 23, 12, 22], [13, 21, 14, 20], [15, 24, 16, 1], [17, 2, 18, 3], [19, 6, 20, 7], [21, 13, 22, 12]]"
12a_1015_39,"[[21, 13, 22, 12], [23, 9, 24, 8], [1, 16, 2, 17], [3, 18, 4, 19], [5, 11, 6, 10], [7, 14, 8, 15], [9, 5, 10, 4], [11, 23, 12, 22], [13, 21, 14, 20], [15, 24, 16, 1], [17, 2, 18, 3], [19, 6, 20, 7]]"
12a_1015_40,"[[19, 6, 20, 7], [21, 13, 22, 12], [23, 9, 24, 8], [1, 16, 2, 17], [3, 18, 4, 19], [5, 11, 6, 10], [7, 14, 8, 15], [9, 5, 10, 4], [11, 23, 12, 22], [13, 21, 14, 20], [15, 24, 16, 1], [17, 2, 18, 3]]"
12a_1015_41,"[[17, 2, 18, 3], [19, 6, 20, 7], [21, 13, 22, 12], [23, 9, 24, 8], [1, 16, 2, 17], [3, 18, 4, 19], [5, 11, 6, 10], [7, 14, 8, 15], [9, 5, 10, 4], [11, 23, 12, 22], [13, 21, 14, 20], [15, 24, 16, 1]]"
12a_1015_42,"[[15, 24, 16, 1], [17, 2, 18, 3], [19, 6, 20, 7], [21, 13, 22, 12], [23, 9, 24, 8], [1, 16, 2, 17], [3, 18, 4, 19], [5, 11, 6, 10], [7, 14, 8, 15], [9, 5, 10, 4], [11, 23, 12, 22], [13, 21, 14, 20]]"
12a_1015_43,"[[13, 21, 14, 20], [15, 24, 16, 1], [17, 2, 18, 3], [19, 6, 20, 7], [21, 13, 22, 12], [23, 9, 24, 8], [1, 16, 2, 17], [3, 18, 4, 19], [5, 11, 6, 10], [7, 14, 8, 15], [9, 5, 10, 4], [11, 23, 12, 22]]"
12a_1015_44,"[[11, 23, 12, 22], [13, 21, 14, 20], [15, 24, 16, 1], [17, 2, 18, 3], [19, 6, 20, 7], [21, 13, 22, 12], [23, 9, 24, 8], [1, 16, 2, 17], [3, 18, 4, 19], [5, 11, 6, 10], [7, 14, 8, 15], [9, 5, 10, 4]]"
12a_1015_45,"[[9, 5, 10, 4], [11, 23, 12, 22], [13, 21, 14, 20], [15, 24, 16, 1], [17, 2, 18, 3], [19, 6, 20, 7], [21, 13, 22, 12], [23, 9, 24, 8], [1, 16, 2, 17], [3, 18, 4, 19], [5, 11, 6, 10], [7, 14, 8, 15]]"
12a_1015_46,"[[7, 14, 8, 15], [9, 5, 10, 4], [11, 23, 12, 22], [13, 21, 14, 20], [15, 24, 16, 1], [17, 2, 18, 3], [19, 6, 20, 7], [21, 13, 22, 12], [23, 9, 24, 8], [1, 16, 2, 17], [3, 18, 4, 19], [5, 11, 6, 10]]"
12a_1015_47,"[[5, 11, 6, 10], [7, 14, 8, 15], [9, 5, 10, 4], [11, 23, 12, 22], [13, 21, 14, 20], [15, 24, 16, 1], [17, 2, 18, 3], [19, 6, 20, 7], [21, 13, 22, 12], [23, 9, 24, 8], [1, 16, 2, 17], [3, 18, 4, 19]]"
12a_1015_48,"[[4, 19, 5, 20], [6, 12, 7, 11], [8, 15, 9, 16], [10, 6, 11, 5], [12, 24, 13, 23], [14, 22, 15, 21], [16, 1, 17, 2], [18, 3, 19, 4], [20, 7, 21, 8], [22, 14, 23, 13], [24, 10, 1, 9], [2, 17, 3, 18]]"
12a_1015_49,"[[2, 17, 3, 18], [4, 19, 5, 20], [6, 12, 7, 11], [8, 15, 9, 16], [10, 6, 11, 5], [12, 24, 13, 23], [14, 22, 15, 21], [16, 1, 17, 2], [18, 3, 19, 4], [20, 7, 21, 8], [22, 14, 23, 13], [24, 10, 1, 9]]"
12a_1015_50,"[[24, 10, 1, 9], [2, 17, 3, 18], [4, 19, 5, 20], [6, 12, 7, 11], [8, 15, 9, 16], [10, 6, 11, 5], [12, 24, 13, 23], [14, 22, 15, 21], [16, 1, 17, 2], [18, 3, 19, 4], [20, 7, 21, 8], [22, 14, 23, 13]]"
12a_1015_51,"[[22, 14, 23, 13], [24, 10, 1, 9], [2, 17, 3, 18], [4, 19, 5, 20], [6, 12, 7, 11], [8, 15, 9, 16], [10, 6, 11, 5], [12, 24, 13, 23], [14, 22, 15, 21], [16, 1, 17, 2], [18, 3, 19, 4], [20, 7, 21, 8]]"
12a_1015_52,"[[20, 7, 21, 8], [22, 14, 23, 13], [24, 10, 1, 9], [2, 17, 3, 18], [4, 19, 5, 20], [6, 12, 7, 11], [8, 15, 9, 16], [10, 6, 11, 5], [12, 24, 13, 23], [14, 22, 15, 21], [16, 1, 17, 2], [18, 3, 19, 4]]"
12a_1015_53,"[[18, 3, 19, 4], [20, 7, 21, 8], [22, 14, 23, 13], [24, 10, 1, 9], [2, 17, 3, 18], [4, 19, 5, 20], [6, 12, 7, 11], [8, 15, 9, 16], [10, 6, 11, 5], [12, 24, 13, 23], [14, 22, 15, 21], [16, 1, 17, 2]]"
12a_1015_54,"[[16, 1, 17, 2], [18, 3, 19, 4], [20, 7, 21, 8], [22, 14, 23, 13], [24, 10, 1, 9], [2, 17, 3, 18], [4, 19, 5, 20], [6, 12, 7, 11], [8, 15, 9, 16], [10, 6, 11, 5], [12, 24, 13, 23], [14, 22, 15, 21]]"
12a_1015_55,"[[14, 22, 15, 21], [16, 1, 17, 2], [18, 3, 19, 4], [20, 7, 21, 8], [22, 14, 23, 13], [24, 10, 1, 9], [2, 17, 3, 18], [4, 19, 5, 20], [6, 12, 7, 11], [8, 15, 9, 16], [10, 6, 11, 5], [12, 24, 13, 23]]"
12a_1015_56,"[[12, 24, 13, 23], [14, 22, 15, 21], [16, 1, 17, 2], [18, 3, 19, 4], [20, 7, 21, 8], [22, 14, 23, 13], [24, 10, 1, 9], [2, 17, 3, 18], [4, 19, 5, 20], [6, 12, 7, 11], [8, 15, 9, 16], [10, 6, 11, 5]]"
12a_1015_57,"[[10, 6, 11, 5], [12, 24, 13, 23], [14, 22, 15, 21], [16, 1, 17, 2], [18, 3, 19, 4], [20, 7, 21, 8], [22, 14, 23, 13], [24, 10, 1, 9], [2, 17, 3, 18], [4, 19, 5, 20], [6, 12, 7, 11], [8, 15, 9, 16]]"
12a_1015_58,"[[8, 15, 9, 16], [10, 6, 11, 5], [12, 24, 13, 23], [14, 22, 15, 21], [16, 1, 17, 2], [18, 3, 19, 4], [20, 7, 21, 8], [22, 14, 23, 13], [24, 10, 1, 9], [2, 17, 3, 18], [4, 19, 5, 20], [6, 12, 7, 11]]"
12a_1015_59,"[[6, 12, 7, 11], [8, 15, 9, 16], [10, 6, 11, 5], [12, 24, 13, 23], [14, 22, 15, 21], [16, 1, 17, 2], [18, 3, 19, 4], [20, 7, 21, 8], [22, 14, 23, 13], [24, 10, 1, 9], [2, 17, 3, 18], [4, 19, 5, 20]]"
12a_1015_60,"[[5, 20, 6, 21], [7, 13, 8, 12], [9, 16, 10, 17], [11, 7, 12, 6], [13, 1, 14, 24], [15, 23, 16, 22], [17, 2, 18, 3], [19, 4, 20, 5], [21, 8, 22, 9], [23, 15, 24, 14], [1, 11, 2, 10], [3, 18, 4, 19]]"
12a_1015_61,"[[3, 18, 4, 19], [5, 20, 6, 21], [7, 13, 8, 12], [9, 16, 10, 17], [11, 7, 12, 6], [13, 1, 14, 24], [15, 23, 16, 22], [17, 2, 18, 3], [19, 4, 20, 5], [21, 8, 22, 9], [23, 15, 24, 14], [1, 11, 2, 10]]"
12a_1015_62,"[[1, 11, 2, 10], [3, 18, 4, 19], [5, 20, 6, 21], [7, 13, 8, 12], [9, 16, 10, 17], [11, 7, 12, 6], [13, 1, 14, 24], [15, 23, 16, 22], [17, 2, 18, 3], [19, 4, 20, 5], [21, 8, 22, 9], [23, 15, 24, 14]]"
12a_1015_63,"[[23, 15, 24, 14], [1, 11, 2, 10], [3, 18, 4, 19], [5, 20, 6, 21], [7, 13, 8, 12], [9, 16, 10, 17], [11, 7, 12, 6], [13, 1, 14, 24], [15, 23, 16, 22], [17, 2, 18, 3], [19, 4, 20, 5], [21, 8, 22, 9]]"
12a_1015_64,"[[21, 8, 22, 9], [23, 15, 24, 14], [1, 11, 2, 10], [3, 18, 4, 19], [5, 20, 6, 21], [7, 13, 8, 12], [9, 16, 10, 17], [11, 7, 12, 6], [13, 1, 14, 24], [15, 23, 16, 22], [17, 2, 18, 3], [19, 4, 20, 5]]"
12a_1015_65,"[[19, 4, 20, 5], [21, 8, 22, 9], [23, 15, 24, 14], [1, 11, 2, 10], [3, 18, 4, 19], [5, 20, 6, 21], [7, 13, 8, 12], [9, 16, 10, 17], [11, 7, 12, 6], [13, 1, 14, 24], [15, 23, 16, 22], [17, 2, 18, 3]]"
12a_1015_66,"[[17, 2, 18, 3], [19, 4, 20, 5], [21, 8, 22, 9], [23, 15, 24, 14], [1, 11, 2, 10], [3, 18, 4, 19], [5, 20, 6, 21], [7, 13, 8, 12], [9, 16, 10, 17], [11, 7, 12, 6], [13, 1, 14, 24], [15, 23, 16, 22]]"
12a_1015_67,"[[15, 23, 16, 22], [17, 2, 18, 3], [19, 4, 20, 5], [21, 8, 22, 9], [23, 15, 24, 14], [1, 11, 2, 10], [3, 18, 4, 19], [5, 20, 6, 21], [7, 13, 8, 12], [9, 16, 10, 17], [11, 7, 12, 6], [13, 1, 14, 24]]"
12a_1015_68,"[[13, 1, 14, 24], [15, 23, 16, 22], [17, 2, 18, 3], [19, 4, 20, 5], [21, 8, 22, 9], [23, 15, 24, 14], [1, 11, 2, 10], [3, 18, 4, 19], [5, 20, 6, 21], [7, 13, 8, 12], [9, 16, 10, 17], [11, 7, 12, 6]]"
12a_1015_69,"[[11, 7, 12, 6], [13, 1, 14, 24], [15, 23, 16, 22], [17, 2, 18, 3], [19, 4, 20, 5], [21, 8, 22, 9], [23, 15, 24, 14], [1, 11, 2, 10], [3, 18, 4, 19], [5, 20, 6, 21], [7, 13, 8, 12], [9, 16, 10, 17]]"
12a_1015_70,"[[9, 16, 10, 17], [11, 7, 12, 6], [13, 1, 14, 24], [15, 23, 16, 22], [17, 2, 18, 3], [19, 4, 20, 5], [21, 8, 22, 9], [23, 15, 24, 14], [1, 11, 2, 10], [3, 18, 4, 19], [5, 20, 6, 21], [7, 13, 8, 12]]"
12a_1015_71,"[[7, 13, 8, 12], [9, 16, 10, 17], [11, 7, 12, 6], [13, 1, 14, 24], [15, 23, 16, 22], [17, 2, 18, 3], [19, 4, 20, 5], [21, 8, 22, 9], [23, 15, 24, 14], [1, 11, 2, 10], [3, 18, 4, 19], [5, 20, 6, 21]]"
12a_1015_72,"[[6, 21, 7, 22], [8, 14, 9, 13], [10, 17, 11, 18], [12, 8, 13, 7], [14, 2, 15, 1], [16, 24, 17, 23], [18, 3, 19, 4], [20, 5, 21, 6], [22, 9, 23, 10], [24, 16, 1, 15], [2, 12, 3, 11], [4, 19, 5, 20]]"
12a_1015_73,"[[4, 19, 5, 20], [6, 21, 7, 22], [8, 14, 9, 13], [10, 17, 11, 18], [12, 8, 13, 7], [14, 2, 15, 1], [16, 24, 17, 23], [18, 3, 19, 4], [20, 5, 21, 6], [22, 9, 23, 10], [24, 16, 1, 15], [2, 12, 3, 11]]"
12a_1015_74,"[[2, 12, 3, 11], [4, 19, 5, 20], [6, 21, 7, 22], [8, 14, 9, 13], [10, 17, 11, 18], [12, 8, 13, 7], [14, 2, 15, 1], [16, 24, 17, 23], [18, 3, 19, 4], [20, 5, 21, 6], [22, 9, 23, 10], [24, 16, 1, 15]]"
12a_1015_75,"[[24, 16, 1, 15], [2, 12, 3, 11], [4, 19, 5, 20], [6, 21, 7, 22], [8, 14, 9, 13], [10, 17, 11, 18], [12, 8, 13, 7], [14, 2, 15, 1], [16, 24, 17, 23], [18, 3, 19, 4], [20, 5, 21, 6], [22, 9, 23, 10]]"
12a_1015_76,"[[22, 9, 23, 10], [24, 16, 1, 15], [2, 12, 3, 11], [4, 19, 5, 20], [6, 21, 7, 22], [8, 14, 9, 13], [10, 17, 11, 18], [12, 8, 13, 7], [14, 2, 15, 1], [16, 24, 17, 23], [18, 3, 19, 4], [20, 5, 21, 6]]"
12a_1015_77,"[[20, 5, 21, 6], [22, 9, 23, 10], [24, 16, 1, 15], [2, 12, 3, 11], [4, 19, 5, 20], [6, 21, 7, 22], [8, 14, 9, 13], [10, 17, 11, 18], [12, 8, 13, 7], [14, 2, 15, 1], [16, 24, 17, 23], [18, 3, 19, 4]]"
12a_1015_78,"[[18, 3, 19, 4], [20, 5, 21, 6], [22, 9, 23, 10], [24, 16, 1, 15], [2, 12, 3, 11], [4, 19, 5, 20], [6, 21, 7, 22], [8, 14, 9, 13], [10, 17, 11, 18], [12, 8, 13, 7], [14, 2, 15, 1], [16, 24, 17, 23]]"
12a_1015_79,"[[16, 24, 17, 23], [18, 3, 19, 4], [20, 5, 21, 6], [22, 9, 23, 10], [24, 16, 1, 15], [2, 12, 3, 11], [4, 19, 5, 20], [6, 21, 7, 22], [8, 14, 9, 13], [10, 17, 11, 18], [12, 8, 13, 7], [14, 2, 15, 1]]"
12a_1015_80,"[[14, 2, 15, 1], [16, 24, 17, 23], [18, 3, 19, 4], [20, 5, 21, 6], [22, 9, 23, 10], [24, 16, 1, 15], [2, 12, 3, 11], [4, 19, 5, 20], [6, 21, 7, 22], [8, 14, 9, 13], [10, 17, 11, 18], [12, 8, 13, 7]]"
12a_1015_81,"[[12, 8, 13, 7], [14, 2, 15, 1], [16, 24, 17, 23], [18, 3, 19, 4], [20, 5, 21, 6], [22, 9, 23, 10], [24, 16, 1, 15], [2, 12, 3, 11], [4, 19, 5, 20], [6, 21, 7, 22], [8, 14, 9, 13], [10, 17, 11, 18]]"
12a_1015_82,"[[10, 17, 11, 18], [12, 8, 13, 7], [14, 2, 15, 1], [16, 24, 17, 23], [18, 3, 19, 4], [20, 5, 21, 6], [22, 9, 23, 10], [24, 16, 1, 15], [2, 12, 3, 11], [4, 19, 5, 20], [6, 21, 7, 22], [8, 14, 9, 13]]"
12a_1015_83,"[[8, 14, 9, 13], [10, 17, 11, 18], [12, 8, 13, 7], [14, 2, 15, 1], [16, 24, 17, 23], [18, 3, 19, 4], [20, 5, 21, 6], [22, 9, 23, 10], [24, 16, 1, 15], [2, 12, 3, 11], [4, 19, 5, 20], [6, 21, 7, 22]]"
12a_1015_84,"[[7, 22, 8, 23], [9, 15, 10, 14], [11, 18, 12, 19], [13, 9, 14, 8], [15, 3, 16, 2], [17, 1, 18, 24], [19, 4, 20, 5], [21, 6, 22, 7], [23, 10, 24, 11], [1, 17, 2, 16], [3, 13, 4, 12], [5, 20, 6, 21]]"
12a_1015_85,"[[5, 20, 6, 21], [7, 22, 8, 23], [9, 15, 10, 14], [11, 18, 12, 19], [13, 9, 14, 8], [15, 3, 16, 2], [17, 1, 18, 24], [19, 4, 20, 5], [21, 6, 22, 7], [23, 10, 24, 11], [1, 17, 2, 16], [3, 13, 4, 12]]"
12a_1015_86,"[[3, 13, 4, 12], [5, 20, 6, 21], [7, 22, 8, 23], [9, 15, 10, 14], [11, 18, 12, 19], [13, 9, 14, 8], [15, 3, 16, 2], [17, 1, 18, 24], [19, 4, 20, 5], [21, 6, 22, 7], [23, 10, 24, 11], [1, 17, 2, 16]]"
12a_1015_87,"[[1, 17, 2, 16], [3, 13, 4, 12], [5, 20, 6, 21], [7, 22, 8, 23], [9, 15, 10, 14], [11, 18, 12, 19], [13, 9, 14, 8], [15, 3, 16, 2], [17, 1, 18, 24], [19, 4, 20, 5], [21, 6, 22, 7], [23, 10, 24, 11]]"
12a_1015_88,"[[23, 10, 24, 11], [1, 17, 2, 16], [3, 13, 4, 12], [5, 20, 6, 21], [7, 22, 8, 23], [9, 15, 10, 14], [11, 18, 12, 19], [13, 9, 14, 8], [15, 3, 16, 2], [17, 1, 18, 24], [19, 4, 20, 5], [21, 6, 22, 7]]"
12a_1015_89,"[[21, 6, 22, 7], [23, 10, 24, 11], [1, 17, 2, 16], [3, 13, 4, 12], [5, 20, 6, 21], [7, 22, 8, 23], [9, 15, 10, 14], [11, 18, 12, 19], [13, 9, 14, 8], [15, 3, 16, 2], [17, 1, 18, 24], [19, 4, 20, 5]]"
12a_1015_90,"[[19, 4, 20, 5], [21, 6, 22, 7], [23, 10, 24, 11], [1, 17, 2, 16], [3, 13, 4, 12], [5, 20, 6, 21], [7, 22, 8, 23], [9, 15, 10, 14], [11, 18, 12, 19], [13, 9, 14, 8], [15, 3, 16, 2], [17, 1, 18, 24]]"
12a_1015_91,"[[17, 1, 18, 24], [19, 4, 20, 5], [21, 6, 22, 7], [23, 10, 24, 11], [1, 17, 2, 16], [3, 13, 4, 12], [5, 20, 6, 21], [7, 22, 8, 23], [9, 15, 10, 14], [11, 18, 12, 19], [13, 9, 14, 8], [15, 3, 16, 2]]"
12a_1015_92,"[[15, 3, 16, 2], [17, 1, 18, 24], [19, 4, 20, 5], [21, 6, 22, 7], [23, 10, 24, 11], [1, 17, 2, 16], [3, 13, 4, 12], [5, 20, 6, 21], [7, 22, 8, 23], [9, 15, 10, 14], [11, 18, 12, 19], [13, 9, 14, 8]]"
12a_1015_93,"[[13, 9, 14, 8], [15, 3, 16, 2], [17, 1, 18, 24], [19, 4, 20, 5], [21, 6, 22, 7], [23, 10, 24, 11], [1, 17, 2, 16], [3, 13, 4, 12], [5, 20, 6, 21], [7, 22, 8, 23], [9, 15, 10, 14], [11, 18, 12, 19]]"
12a_1015_94,"[[11, 18, 12, 19], [13, 9, 14, 8], [15, 3, 16, 2], [17, 1, 18, 24], [19, 4, 20, 5], [21, 6, 22, 7], [23, 10, 24, 11], [1, 17, 2, 16], [3, 13, 4, 12], [5, 20, 6, 21], [7, 22, 8, 23], [9, 15, 10, 14]]"
12a_1015_95,"[[9, 15, 10, 14], [11, 18, 12, 19], [13, 9, 14, 8], [15, 3, 16, 2], [17, 1, 18, 24], [19, 4, 20, 5], [21, 6, 22, 7], [23, 10, 24, 11], [1, 17, 2, 16], [3, 13, 4, 12], [5, 20, 6, 21], [7, 22, 8, 23]]"
12a_1015_96,"[[8, 23, 9, 24], [10, 16, 11, 15], [12, 19, 13, 20], [14, 10, 15, 9], [16, 4, 17, 3], [18, 2, 19, 1], [20, 5, 21, 6], [22, 7, 23, 8], [24, 11, 1, 12], [2, 18, 3, 17], [4, 14, 5, 13], [6, 21, 7, 22]]"
12a_1015_97,"[[6, 21, 7, 22], [8, 23, 9, 24], [10, 16, 11, 15], [12, 19, 13, 20], [14, 10, 15, 9], [16, 4, 17, 3], [18, 2, 19, 1], [20, 5, 21, 6], [22, 7, 23, 8], [24, 11, 1, 12], [2, 18, 3, 17], [4, 14, 5, 13]]"
12a_1015_98,"[[4, 14, 5, 13], [6, 21, 7, 22], [8, 23, 9, 24], [10, 16, 11, 15], [12, 19, 13, 20], [14, 10, 15, 9], [16, 4, 17, 3], [18, 2, 19, 1], [20, 5, 21, 6], [22, 7, 23, 8], [24, 11, 1, 12], [2, 18, 3, 17]]"
12a_1015_99,"[[2, 18, 3, 17], [4, 14, 5, 13], [6, 21, 7, 22], [8, 23, 9, 24], [10, 16, 11, 15], [12, 19, 13, 20], [14, 10, 15, 9], [16, 4, 17, 3], [18, 2, 19, 1], [20, 5, 21, 6], [22, 7, 23, 8], [24, 11, 1, 12]]"
12a_1015_100,"[[24, 11, 1, 12], [2, 18, 3, 17], [4, 14, 5, 13], [6, 21, 7, 22], [8, 23, 9, 24], [10, 16, 11, 15], [12, 19, 13, 20], [14, 10, 15, 9], [16, 4, 17, 3], [18, 2, 19, 1], [20, 5, 21, 6], [22, 7, 23, 8]]"
12a_1015_101,"[[22, 7, 23, 8], [24, 11, 1, 12], [2, 18, 3, 17], [4, 14, 5, 13], [6, 21, 7, 22], [8, 23, 9, 24], [10, 16, 11, 15], [12, 19, 13, 20], [14, 10, 15, 9], [16, 4, 17, 3], [18, 2, 19, 1], [20, 5, 21, 6]]"
12a_1015_102,"[[20, 5, 21, 6], [22, 7, 23, 8], [24, 11, 1, 12], [2, 18, 3, 17], [4, 14, 5, 13], [6, 21, 7, 22], [8, 23, 9, 24], [10, 16, 11, 15], [12, 19, 13, 20], [14, 10, 15, 9], [16, 4, 17, 3], [18, 2, 19, 1]]"
12a_1015_103,"[[18, 2, 19, 1], [20, 5, 21, 6], [22, 7, 23, 8], [24, 11, 1, 12], [2, 18, 3, 17], [4, 14, 5, 13], [6, 21, 7, 22], [8, 23, 9, 24], [10, 16, 11, 15], [12, 19, 13, 20], [14, 10, 15, 9], [16, 4, 17, 3]]"
12a_1015_104,"[[16, 4, 17, 3], [18, 2, 19, 1], [20, 5, 21, 6], [22, 7, 23, 8], [24, 11, 1, 12], [2, 18, 3, 17], [4, 14, 5, 13], [6, 21, 7, 22], [8, 23, 9, 24], [10, 16, 11, 15], [12, 19, 13, 20], [14, 10, 15, 9]]"
12a_1015_105,"[[14, 10, 15, 9], [16, 4, 17, 3], [18, 2, 19, 1], [20, 5, 21, 6], [22, 7, 23, 8], [24, 11, 1, 12], [2, 18, 3, 17], [4, 14, 5, 13], [6, 21, 7, 22], [8, 23, 9, 24], [10, 16, 11, 15], [12, 19, 13, 20]]"
12a_1015_106,"[[12, 19, 13, 20], [14, 10, 15, 9], [16, 4, 17, 3], [18, 2, 19, 1], [20, 5, 21, 6], [22, 7, 23, 8], [24, 11, 1, 12], [2, 18, 3, 17], [4, 14, 5, 13], [6, 21, 7, 22], [8, 23, 9, 24], [10, 16, 11, 15]]"
12a_1015_107,"[[10, 16, 11, 15], [12, 19, 13, 20], [14, 10, 15, 9], [16, 4, 17, 3], [18, 2, 19, 1], [20, 5, 21, 6], [22, 7, 23, 8], [24, 11, 1, 12], [2, 18, 3, 17], [4, 14, 5, 13], [6, 21, 7, 22], [8, 23, 9, 24]]"
12a_1015_108,"[[9, 24, 10, 1], [11, 17, 12, 16], [13, 20, 14, 21], [15, 11, 16, 10], [17, 5, 18, 4], [19, 3, 20, 2], [21, 6, 22, 7], [23, 8, 24, 9], [1, 12, 2, 13], [3, 19, 4, 18], [5, 15, 6, 14], [7, 22, 8, 23]]"
12a_1015_109,"[[7, 22, 8, 23], [9, 24, 10, 1], [11, 17, 12, 16], [13, 20, 14, 21], [15, 11, 16, 10], [17, 5, 18, 4], [19, 3, 20, 2], [21, 6, 22, 7], [23, 8, 24, 9], [1, 12, 2, 13], [3, 19, 4, 18], [5, 15, 6, 14]]"
12a_1015_110,"[[5, 15, 6, 14], [7, 22, 8, 23], [9, 24, 10, 1], [11, 17, 12, 16], [13, 20, 14, 21], [15, 11, 16, 10], [17, 5, 18, 4], [19, 3, 20, 2], [21, 6, 22, 7], [23, 8, 24, 9], [1, 12, 2, 13], [3, 19, 4, 18]]"
12a_1015_111,"[[3, 19, 4, 18], [5, 15, 6, 14], [7, 22, 8, 23], [9, 24, 10, 1], [11, 17, 12, 16], [13, 20, 14, 21], [15, 11, 16, 10], [17, 5, 18, 4], [19, 3, 20, 2], [21, 6, 22, 7], [23, 8, 24, 9], [1, 12, 2, 13]]"
12a_1015_112,"[[1, 12, 2, 13], [3, 19, 4, 18], [5, 15, 6, 14], [7, 22, 8, 23], [9, 24, 10, 1], [11, 17, 12, 16], [13, 20, 14, 21], [15, 11, 16, 10], [17, 5, 18, 4], [19, 3, 20, 2], [21, 6, 22, 7], [23, 8, 24, 9]]"
12a_1015_113,"[[23, 8, 24, 9], [1, 12, 2, 13], [3, 19, 4, 18], [5, 15, 6, 14], [7, 22, 8, 23], [9, 24, 10, 1], [11, 17, 12, 16], [13, 20, 14, 21], [15, 11, 16, 10], [17, 5, 18, 4], [19, 3, 20, 2], [21, 6, 22, 7]]"
12a_1015_114,"[[21, 6, 22, 7], [23, 8, 24, 9], [1, 12, 2, 13], [3, 19, 4, 18], [5, 15, 6, 14], [7, 22, 8, 23], [9, 24, 10, 1], [11, 17, 12, 16], [13, 20, 14, 21], [15, 11, 16, 10], [17, 5, 18, 4], [19, 3, 20, 2]]"
12a_1015_115,"[[19, 3, 20, 2], [21, 6, 22, 7], [23, 8, 24, 9], [1, 12, 2, 13], [3, 19, 4, 18], [5, 15, 6, 14], [7, 22, 8, 23], [9, 24, 10, 1], [11, 17, 12, 16], [13, 20, 14, 21], [15, 11, 16, 10], [17, 5, 18, 4]]"
12a_1015_116,"[[17, 5, 18, 4], [19, 3, 20, 2], [21, 6, 22, 7], [23, 8, 24, 9], [1, 12, 2, 13], [3, 19, 4, 18], [5, 15, 6, 14], [7, 22, 8, 23], [9, 24, 10, 1], [11, 17, 12, 16], [13, 20, 14, 21], [15, 11, 16, 10]]"
12a_1015_117,"[[15, 11, 16, 10], [17, 5, 18, 4], [19, 3, 20, 2], [21, 6, 22, 7], [23, 8, 24, 9], [1, 12, 2, 13], [3, 19, 4, 18], [5, 15, 6, 14], [7, 22, 8, 23], [9, 24, 10, 1], [11, 17, 12, 16], [13, 20, 14, 21]]"
12a_1015_118,"[[13, 20, 14, 21], [15, 11, 16, 10], [17, 5, 18, 4], [19, 3, 20, 2], [21, 6, 22, 7], [23, 8, 24, 9], [1, 12, 2, 13], [3, 19, 4, 18], [5, 15, 6, 14], [7, 22, 8, 23], [9, 24, 10, 1], [11, 17, 12, 16]]"
12a_1015_119,"[[11, 17, 12, 16], [13, 20, 14, 21], [15, 11, 16, 10], [17, 5, 18, 4], [19, 3, 20, 2], [21, 6, 22, 7], [23, 8, 24, 9], [1, 12, 2, 13], [3, 19, 4, 18], [5, 15, 6, 14], [7, 22, 8, 23], [9, 24, 10, 1]]"
12a_1015_120,"[[10, 1, 11, 2], [12, 18, 13, 17], [14, 21, 15, 22], [16, 12, 17, 11], [18, 6, 19, 5], [20, 4, 21, 3], [22, 7, 23, 8], [24, 9, 1, 10], [2, 13, 3, 14], [4, 20, 5, 19], [6, 16, 7, 15], [8, 23, 9, 24]]"
12a_1015_121,"[[8, 23, 9, 24], [10, 1, 11, 2], [12, 18, 13, 17], [14, 21, 15, 22], [16, 12, 17, 11], [18, 6, 19, 5], [20, 4, 21, 3], [22, 7, 23, 8], [24, 9, 1, 10], [2, 13, 3, 14], [4, 20, 5, 19], [6, 16, 7, 15]]"
12a_1015_122,"[[6, 16, 7, 15], [8, 23, 9, 24], [10, 1, 11, 2], [12, 18, 13, 17], [14, 21, 15, 22], [16, 12, 17, 11], [18, 6, 19, 5], [20, 4, 21, 3], [22, 7, 23, 8], [24, 9, 1, 10], [2, 13, 3, 14], [4, 20, 5, 19]]"
12a_1015_123,"[[4, 20, 5, 19], [6, 16, 7, 15], [8, 23, 9, 24], [10, 1, 11, 2], [12, 18, 13, 17], [14, 21, 15, 22], [16, 12, 17, 11], [18, 6, 19, 5], [20, 4, 21, 3], [22, 7, 23, 8], [24, 9, 1, 10], [2, 13, 3, 14]]"
12a_1015_124,"[[2, 13, 3, 14], [4, 20, 5, 19], [6, 16, 7, 15], [8, 23, 9, 24], [10, 1, 11, 2], [12, 18, 13, 17], [14, 21, 15, 22], [16, 12, 17, 11], [18, 6, 19, 5], [20, 4, 21, 3], [22, 7, 23, 8], [24, 9, 1, 10]]"
12a_1015_125,"[[24, 9, 1, 10], [2, 13, 3, 14], [4, 20, 5, 19], [6, 16, 7, 15], [8, 23, 9, 24], [10, 1, 11, 2], [12, 18, 13, 17], [14, 21, 15, 22], [16, 12, 17, 11], [18, 6, 19, 5], [20, 4, 21, 3], [22, 7, 23, 8]]"
12a_1015_126,"[[22, 7, 23, 8], [24, 9, 1, 10], [2, 13, 3, 14], [4, 20, 5, 19], [6, 16, 7, 15], [8, 23, 9, 24], [10, 1, 11, 2], [12, 18, 13, 17], [14, 21, 15, 22], [16, 12, 17, 11], [18, 6, 19, 5], [20, 4, 21, 3]]"
12a_1015_127,"[[20, 4, 21, 3], [22, 7, 23, 8], [24, 9, 1, 10], [2, 13, 3, 14], [4, 20, 5, 19], [6, 16, 7, 15], [8, 23, 9, 24], [10, 1, 11, 2], [12, 18, 13, 17], [14, 21, 15, 22], [16, 12, 17, 11], [18, 6, 19, 5]]"
12a_1015_128,"[[18, 6, 19, 5], [20, 4, 21, 3], [22, 7, 23, 8], [24, 9, 1, 10], [2, 13, 3, 14], [4, 20, 5, 19], [6, 16, 7, 15], [8, 23, 9, 24], [10, 1, 11, 2], [12, 18, 13, 17], [14, 21, 15, 22], [16, 12, 17, 11]]"
12a_1015_129,"[[16, 12, 17, 11], [18, 6, 19, 5], [20, 4, 21, 3], [22, 7, 23, 8], [24, 9, 1, 10], [2, 13, 3, 14], [4, 20, 5, 19], [6, 16, 7, 15], [8, 23, 9, 24], [10, 1, 11, 2], [12, 18, 13, 17], [14, 21, 15, 22]]"
12a_1015_130,"[[14, 21, 15, 22], [16, 12, 17, 11], [18, 6, 19, 5], [20, 4, 21, 3], [22, 7, 23, 8], [24, 9, 1, 10], [2, 13, 3, 14], [4, 20, 5, 19], [6, 16, 7, 15], [8, 23, 9, 24], [10, 1, 11, 2], [12, 18, 13, 17]]"
12a_1015_131,"[[12, 18, 13, 17], [14, 21, 15, 22], [16, 12, 17, 11], [18, 6, 19, 5], [20, 4, 21, 3], [22, 7, 23, 8], [24, 9, 1, 10], [2, 13, 3, 14], [4, 20, 5, 19], [6, 16, 7, 15], [8, 23, 9, 24], [10, 1, 11, 2]]"
12a_1015_132,"[[11, 2, 12, 3], [13, 19, 14, 18], [15, 22, 16, 23], [17, 13, 18, 12], [19, 7, 20, 6], [21, 5, 22, 4], [23, 8, 24, 9], [1, 10, 2, 11], [3, 14, 4, 15], [5, 21, 6, 20], [7, 17, 8, 16], [9, 24, 10, 1]]"
12a_1015_133,"[[9, 24, 10, 1], [11, 2, 12, 3], [13, 19, 14, 18], [15, 22, 16, 23], [17, 13, 18, 12], [19, 7, 20, 6], [21, 5, 22, 4], [23, 8, 24, 9], [1, 10, 2, 11], [3, 14, 4, 15], [5, 21, 6, 20], [7, 17, 8, 16]]"
12a_1015_134,"[[7, 17, 8, 16], [9, 24, 10, 1], [11, 2, 12, 3], [13, 19, 14, 18], [15, 22, 16, 23], [17, 13, 18, 12], [19, 7, 20, 6], [21, 5, 22, 4], [23, 8, 24, 9], [1, 10, 2, 11], [3, 14, 4, 15], [5, 21, 6, 20]]"
12a_1015_135,"[[5, 21, 6, 20], [7, 17, 8, 16], [9, 24, 10, 1], [11, 2, 12, 3], [13, 19, 14, 18], [15, 22, 16, 23], [17, 13, 18, 12], [19, 7, 20, 6], [21, 5, 22, 4], [23, 8, 24, 9], [1, 10, 2, 11], [3, 14, 4, 15]]"
12a_1015_136,"[[3, 14, 4, 15], [5, 21, 6, 20], [7, 17, 8, 16], [9, 24, 10, 1], [11, 2, 12, 3], [13, 19, 14, 18], [15, 22, 16, 23], [17, 13, 18, 12], [19, 7, 20, 6], [21, 5, 22, 4], [23, 8, 24, 9], [1, 10, 2, 11]]"
12a_1015_137,"[[1, 10, 2, 11], [3, 14, 4, 15], [5, 21, 6, 20], [7, 17, 8, 16], [9, 24, 10, 1], [11, 2, 12, 3], [13, 19, 14, 18], [15, 22, 16, 23], [17, 13, 18, 12], [19, 7, 20, 6], [21, 5, 22, 4], [23, 8, 24, 9]]"
12a_1015_138,"[[23, 8, 24, 9], [1, 10, 2, 11], [3, 14, 4, 15], [5, 21, 6, 20], [7, 17, 8, 16], [9, 24, 10, 1], [11, 2, 12, 3], [13, 19, 14, 18], [15, 22, 16, 23], [17, 13, 18, 12], [19, 7, 20, 6], [21, 5, 22, 4]]"
12a_1015_139,"[[21, 5, 22, 4], [23, 8, 24, 9], [1, 10, 2, 11], [3, 14, 4, 15], [5, 21, 6, 20], [7, 17, 8, 16], [9, 24, 10, 1], [11, 2, 12, 3], [13, 19, 14, 18], [15, 22, 16, 23], [17, 13, 18, 12], [19, 7, 20, 6]]"
12a_1015_140,"[[19, 7, 20, 6], [21, 5, 22, 4], [23, 8, 24, 9], [1, 10, 2, 11], [3, 14, 4, 15], [5, 21, 6, 20], [7, 17, 8, 16], [9, 24, 10, 1], [11, 2, 12, 3], [13, 19, 14, 18], [15, 22, 16, 23], [17, 13, 18, 12]]"
12a_1015_141,"[[17, 13, 18, 12], [19, 7, 20, 6], [21, 5, 22, 4], [23, 8, 24, 9], [1, 10, 2, 11], [3, 14, 4, 15], [5, 21, 6, 20], [7, 17, 8, 16], [9, 24, 10, 1], [11, 2, 12, 3], [13, 19, 14, 18], [15, 22, 16, 23]]"
12a_1015_142,"[[15, 22, 16, 23], [17, 13, 18, 12], [19, 7, 20, 6], [21, 5, 22, 4], [23, 8, 24, 9], [1, 10, 2, 11], [3, 14, 4, 15], [5, 21, 6, 20], [7, 17, 8, 16], [9, 24, 10, 1], [11, 2, 12, 3], [13, 19, 14, 18]]"
12a_1015_143,"[[13, 19, 14, 18], [15, 22, 16, 23], [17, 13, 18, 12], [19, 7, 20, 6], [21, 5, 22, 4], [23, 8, 24, 9], [1, 10, 2, 11], [3, 14, 4, 15], [5, 21, 6, 20], [7, 17, 8, 16], [9, 24, 10, 1], [11, 2, 12, 3]]"
12a_1015_144,"[[12, 3, 13, 4], [14, 20, 15, 19], [16, 23, 17, 24], [18, 14, 19, 13], [20, 8, 21, 7], [22, 6, 23, 5], [24, 9, 1, 10], [2, 11, 3, 12], [4, 15, 5, 16], [6, 22, 7, 21], [8, 18, 9, 17], [10, 1, 11, 2]]"
12a_1015_145,"[[10, 1, 11, 2], [12, 3, 13, 4], [14, 20, 15, 19], [16, 23, 17, 24], [18, 14, 19, 13], [20, 8, 21, 7], [22, 6, 23, 5], [24, 9, 1, 10], [2, 11, 3, 12], [4, 15, 5, 16], [6, 22, 7, 21], [8, 18, 9, 17]]"
12a_1015_146,"[[8, 18, 9, 17], [10, 1, 11, 2], [12, 3, 13, 4], [14, 20, 15, 19], [16, 23, 17, 24], [18, 14, 19, 13], [20, 8, 21, 7], [22, 6, 23, 5], [24, 9, 1, 10], [2, 11, 3, 12], [4, 15, 5, 16], [6, 22, 7, 21]]"
12a_1015_147,"[[6, 22, 7, 21], [8, 18, 9, 17], [10, 1, 11, 2], [12, 3, 13, 4], [14, 20, 15, 19], [16, 23, 17, 24], [18, 14, 19, 13], [20, 8, 21, 7], [22, 6, 23, 5], [24, 9, 1, 10], [2, 11, 3, 12], [4, 15, 5, 16]]"
12a_1015_148,"[[4, 15, 5, 16], [6, 22, 7, 21], [8, 18, 9, 17], [10, 1, 11, 2], [12, 3, 13, 4], [14, 20, 15, 19], [16, 23, 17, 24], [18, 14, 19, 13], [20, 8, 21, 7], [22, 6, 23, 5], [24, 9, 1, 10], [2, 11, 3, 12]]"
12a_1015_149,"[[2, 11, 3, 12], [4, 15, 5, 16], [6, 22, 7, 21], [8, 18, 9, 17], [10, 1, 11, 2], [12, 3, 13, 4], [14, 20, 15, 19], [16, 23, 17, 24], [18, 14, 19, 13], [20, 8, 21, 7], [22, 6, 23, 5], [24, 9, 1, 10]]"
12a_1015_150,"[[24, 9, 1, 10], [2, 11, 3, 12], [4, 15, 5, 16], [6, 22, 7, 21], [8, 18, 9, 17], [10, 1, 11, 2], [12, 3, 13, 4], [14, 20, 15, 19], [16, 23, 17, 24], [18, 14, 19, 13], [20, 8, 21, 7], [22, 6, 23, 5]]"
12a_1015_151,"[[22, 6, 23, 5], [24, 9, 1, 10], [2, 11, 3, 12], [4, 15, 5, 16], [6, 22, 7, 21], [8, 18, 9, 17], [10, 1, 11, 2], [12, 3, 13, 4], [14, 20, 15, 19], [16, 23, 17, 24], [18, 14, 19, 13], [20, 8, 21, 7]]"
12a_1015_152,"[[20, 8, 21, 7], [22, 6, 23, 5], [24, 9, 1, 10], [2, 11, 3, 12], [4, 15, 5, 16], [6, 22, 7, 21], [8, 18, 9, 17], [10, 1, 11, 2], [12, 3, 13, 4], [14, 20, 15, 19], [16, 23, 17, 24], [18, 14, 19, 13]]"
12a_1015_153,"[[18, 14, 19, 13], [20, 8, 21, 7], [22, 6, 23, 5], [24, 9, 1, 10], [2, 11, 3, 12], [4, 15, 5, 16], [6, 22, 7, 21], [8, 18, 9, 17], [10, 1, 11, 2], [12, 3, 13, 4], [14, 20, 15, 19], [16, 23, 17, 24]]"
12a_1015_154,"[[16, 23, 17, 24], [18, 14, 19, 13], [20, 8, 21, 7], [22, 6, 23, 5], [24, 9, 1, 10], [2, 11, 3, 12], [4, 15, 5, 16], [6, 22, 7, 21], [8, 18, 9, 17], [10, 1, 11, 2], [12, 3, 13, 4], [14, 20, 15, 19]]"
12a_1015_155,"[[14, 20, 15, 19], [16, 23, 17, 24], [18, 14, 19, 13], [20, 8, 21, 7], [22, 6, 23, 5], [24, 9, 1, 10], [2, 11, 3, 12], [4, 15, 5, 16], [6, 22, 7, 21], [8, 18, 9, 17], [10, 1, 11, 2], [12, 3, 13, 4]]"
12a_1015_156,"[[13, 4, 14, 5], [15, 21, 16, 20], [17, 24, 18, 1], [19, 15, 20, 14], [21, 9, 22, 8], [23, 7, 24, 6], [1, 10, 2, 11], [3, 12, 4, 13], [5, 16, 6, 17], [7, 23, 8, 22], [9, 19, 10, 18], [11, 2, 12, 3]]"
12a_1015_157,"[[11, 2, 12, 3], [13, 4, 14, 5], [15, 21, 16, 20], [17, 24, 18, 1], [19, 15, 20, 14], [21, 9, 22, 8], [23, 7, 24, 6], [1, 10, 2, 11], [3, 12, 4, 13], [5, 16, 6, 17], [7, 23, 8, 22], [9, 19, 10, 18]]"
12a_1015_158,"[[9, 19, 10, 18], [11, 2, 12, 3], [13, 4, 14, 5], [15, 21, 16, 20], [17, 24, 18, 1], [19, 15, 20, 14], [21, 9, 22, 8], [23, 7, 24, 6], [1, 10, 2, 11], [3, 12, 4, 13], [5, 16, 6, 17], [7, 23, 8, 22]]"
12a_1015_159,"[[7, 23, 8, 22], [9, 19, 10, 18], [11, 2, 12, 3], [13, 4, 14, 5], [15, 21, 16, 20], [17, 24, 18, 1], [19, 15, 20, 14], [21, 9, 22, 8], [23, 7, 24, 6], [1, 10, 2, 11], [3, 12, 4, 13], [5, 16, 6, 17]]"
12a_1015_160,"[[5, 16, 6, 17], [7, 23, 8, 22], [9, 19, 10, 18], [11, 2, 12, 3], [13, 4, 14, 5], [15, 21, 16, 20], [17, 24, 18, 1], [19, 15, 20, 14], [21, 9, 22, 8], [23, 7, 24, 6], [1, 10, 2, 11], [3, 12, 4, 13]]"
12a_1015_161,"[[3, 12, 4, 13], [5, 16, 6, 17], [7, 23, 8, 22], [9, 19, 10, 18], [11, 2, 12, 3], [13, 4, 14, 5], [15, 21, 16, 20], [17, 24, 18, 1], [19, 15, 20, 14], [21, 9, 22, 8], [23, 7, 24, 6], [1, 10, 2, 11]]"
12a_1015_162,"[[1, 10, 2, 11], [3, 12, 4, 13], [5, 16, 6, 17], [7, 23, 8, 22], [9, 19, 10, 18], [11, 2, 12, 3], [13, 4, 14, 5], [15, 21, 16, 20], [17, 24, 18, 1], [19, 15, 20, 14], [21, 9, 22, 8], [23, 7, 24, 6]]"
12a_1015_163,"[[23, 7, 24, 6], [1, 10, 2, 11], [3, 12, 4, 13], [5, 16, 6, 17], [7, 23, 8, 22], [9, 19, 10, 18], [11, 2, 12, 3], [13, 4, 14, 5], [15, 21, 16, 20], [17, 24, 18, 1], [19, 15, 20, 14], [21, 9, 22, 8]]"
12a_1015_164,"[[21, 9, 22, 8], [23, 7, 24, 6], [1, 10, 2, 11], [3, 12, 4, 13], [5, 16, 6, 17], [7, 23, 8, 22], [9, 19, 10, 18], [11, 2, 12, 3], [13, 4, 14, 5], [15, 21, 16, 20], [17, 24, 18, 1], [19, 15, 20, 14]]"
12a_1015_165,"[[19, 15, 20, 14], [21, 9, 22, 8], [23, 7, 24, 6], [1, 10, 2, 11], [3, 12, 4, 13], [5, 16, 6, 17], [7, 23, 8, 22], [9, 19, 10, 18], [11, 2, 12, 3], [13, 4, 14, 5], [15, 21, 16, 20], [17, 24, 18, 1]]"
12a_1015_166,"[[17, 24, 18, 1], [19, 15, 20, 14], [21, 9, 22, 8], [23, 7, 24, 6], [1, 10, 2, 11], [3, 12, 4, 13], [5, 16, 6, 17], [7, 23, 8, 22], [9, 19, 10, 18], [11, 2, 12, 3], [13, 4, 14, 5], [15, 21, 16, 20]]"
12a_1015_167,"[[15, 21, 16, 20], [17, 24, 18, 1], [19, 15, 20, 14], [21, 9, 22, 8], [23, 7, 24, 6], [1, 10, 2, 11], [3, 12, 4, 13], [5, 16, 6, 17], [7, 23, 8, 22], [9, 19, 10, 18], [11, 2, 12, 3], [13, 4, 14, 5]]"
12a_1015_168,"[[14, 5, 15, 6], [16, 22, 17, 21], [18, 1, 19, 2], [20, 16, 21, 15], [22, 10, 23, 9], [24, 8, 1, 7], [2, 11, 3, 12], [4, 13, 5, 14], [6, 17, 7, 18], [8, 24, 9, 23], [10, 20, 11, 19], [12, 3, 13, 4]]"
12a_1015_169,"[[12, 3, 13, 4], [14, 5, 15, 6], [16, 22, 17, 21], [18, 1, 19, 2], [20, 16, 21, 15], [22, 10, 23, 9], [24, 8, 1, 7], [2, 11, 3, 12], [4, 13, 5, 14], [6, 17, 7, 18], [8, 24, 9, 23], [10, 20, 11, 19]]"
12a_1015_170,"[[10, 20, 11, 19], [12, 3, 13, 4], [14, 5, 15, 6], [16, 22, 17, 21], [18, 1, 19, 2], [20, 16, 21, 15], [22, 10, 23, 9], [24, 8, 1, 7], [2, 11, 3, 12], [4, 13, 5, 14], [6, 17, 7, 18], [8, 24, 9, 23]]"
12a_1015_171,"[[8, 24, 9, 23], [10, 20, 11, 19], [12, 3, 13, 4], [14, 5, 15, 6], [16, 22, 17, 21], [18, 1, 19, 2], [20, 16, 21, 15], [22, 10, 23, 9], [24, 8, 1, 7], [2, 11, 3, 12], [4, 13, 5, 14], [6, 17, 7, 18]]"
12a_1015_172,"[[6, 17, 7, 18], [8, 24, 9, 23], [10, 20, 11, 19], [12, 3, 13, 4], [14, 5, 15, 6], [16, 22, 17, 21], [18, 1, 19, 2], [20, 16, 21, 15], [22, 10, 23, 9], [24, 8, 1, 7], [2, 11, 3, 12], [4, 13, 5, 14]]"
12a_1015_173,"[[4, 13, 5, 14], [6, 17, 7, 18], [8, 24, 9, 23], [10, 20, 11, 19], [12, 3, 13, 4], [14, 5, 15, 6], [16, 22, 17, 21], [18, 1, 19, 2], [20, 16, 21, 15], [22, 10, 23, 9], [24, 8, 1, 7], [2, 11, 3, 12]]"
12a_1015_174,"[[2, 11, 3, 12], [4, 13, 5, 14], [6, 17, 7, 18], [8, 24, 9, 23], [10, 20, 11, 19], [12, 3, 13, 4], [14, 5, 15, 6], [16, 22, 17, 21], [18, 1, 19, 2], [20, 16, 21, 15], [22, 10, 23, 9], [24, 8, 1, 7]]"
12a_1015_175,"[[24, 8, 1, 7], [2, 11, 3, 12], [4, 13, 5, 14], [6, 17, 7, 18], [8, 24, 9, 23], [10, 20, 11, 19], [12, 3, 13, 4], [14, 5, 15, 6], [16, 22, 17, 21], [18, 1, 19, 2], [20, 16, 21, 15], [22, 10, 23, 9]]"
12a_1015_176,"[[22, 10, 23, 9], [24, 8, 1, 7], [2, 11, 3, 12], [4, 13, 5, 14], [6, 17, 7, 18], [8, 24, 9, 23], [10, 20, 11, 19], [12, 3, 13, 4], [14, 5, 15, 6], [16, 22, 17, 21], [18, 1, 19, 2], [20, 16, 21, 15]]"
12a_1015_177,"[[20, 16, 21, 15], [22, 10, 23, 9], [24, 8, 1, 7], [2, 11, 3, 12], [4, 13, 5, 14], [6, 17, 7, 18], [8, 24, 9, 23], [10, 20, 11, 19], [12, 3, 13, 4], [14, 5, 15, 6], [16, 22, 17, 21], [18, 1, 19, 2]]"
12a_1015_178,"[[18, 1, 19, 2], [20, 16, 21, 15], [22, 10, 23, 9], [24, 8, 1, 7], [2, 11, 3, 12], [4, 13, 5, 14], [6, 17, 7, 18], [8, 24, 9, 23], [10, 20, 11, 19], [12, 3, 13, 4], [14, 5, 15, 6], [16, 22, 17, 21]]"
12a_1015_179,"[[16, 22, 17, 21], [18, 1, 19, 2], [20, 16, 21, 15], [22, 10, 23, 9], [24, 8, 1, 7], [2, 11, 3, 12], [4, 13, 5, 14], [6, 17, 7, 18], [8, 24, 9, 23], [10, 20, 11, 19], [12, 3, 13, 4], [14, 5, 15, 6]]"
12a_1015_180,"[[15, 6, 16, 7], [17, 23, 18, 22], [19, 2, 20, 3], [21, 17, 22, 16], [23, 11, 24, 10], [1, 9, 2, 8], [3, 12, 4, 13], [5, 14, 6, 15], [7, 18, 8, 19], [9, 1, 10, 24], [11, 21, 12, 20], [13, 4, 14, 5]]"
12a_1015_181,"[[13, 4, 14, 5], [15, 6, 16, 7], [17, 23, 18, 22], [19, 2, 20, 3], [21, 17, 22, 16], [23, 11, 24, 10], [1, 9, 2, 8], [3, 12, 4, 13], [5, 14, 6, 15], [7, 18, 8, 19], [9, 1, 10, 24], [11, 21, 12, 20]]"
12a_1015_182,"[[11, 21, 12, 20], [13, 4, 14, 5], [15, 6, 16, 7], [17, 23, 18, 22], [19, 2, 20, 3], [21, 17, 22, 16], [23, 11, 24, 10], [1, 9, 2, 8], [3, 12, 4, 13], [5, 14, 6, 15], [7, 18, 8, 19], [9, 1, 10, 24]]"
12a_1015_183,"[[9, 1, 10, 24], [11, 21, 12, 20], [13, 4, 14, 5], [15, 6, 16, 7], [17, 23, 18, 22], [19, 2, 20, 3], [21, 17, 22, 16], [23, 11, 24, 10], [1, 9, 2, 8], [3, 12, 4, 13], [5, 14, 6, 15], [7, 18, 8, 19]]"
12a_1015_184,"[[7, 18, 8, 19], [9, 1, 10, 24], [11, 21, 12, 20], [13, 4, 14, 5], [15, 6, 16, 7], [17, 23, 18, 22], [19, 2, 20, 3], [21, 17, 22, 16], [23, 11, 24, 10], [1, 9, 2, 8], [3, 12, 4, 13], [5, 14, 6, 15]]"
12a_1015_185,"[[5, 14, 6, 15], [7, 18, 8, 19], [9, 1, 10, 24], [11, 21, 12, 20], [13, 4, 14, 5], [15, 6, 16, 7], [17, 23, 18, 22], [19, 2, 20, 3], [21, 17, 22, 16], [23, 11, 24, 10], [1, 9, 2, 8], [3, 12, 4, 13]]"
