name,pd_notation
12a_0328_0,"[[24, 18, 1, 17], [2, 6, 3, 5], [4, 12, 5, 11], [6, 15, 7, 16], [8, 21, 9, 22], [10, 4, 11, 3], [12, 1, 13, 2], [14, 20, 15, 19], [16, 9, 17, 10], [18, 14, 19, 13], [20, 24, 21, 23], [22, 7, 23, 8]]"
12a_0328_1,"[[22, 7, 23, 8], [24, 18, 1, 17], [2, 6, 3, 5], [4, 12, 5, 11], [6, 15, 7, 16], [8, 21, 9, 22], [10, 4, 11, 3], [12, 1, 13, 2], [14, 20, 15, 19], [16, 9, 17, 10], [18, 14, 19, 13], [20, 24, 21, 23]]"
12a_0328_2,"[[20, 24, 21, 23], [22, 7, 23, 8], [24, 18, 1, 17], [2, 6, 3, 5], [4, 12, 5, 11], [6, 15, 7, 16], [8, 21, 9, 22], [10, 4, 11, 3], [12, 1, 13, 2], [14, 20, 15, 19], [16, 9, 17, 10], [18, 14, 19, 13]]"
12a_0328_3,"[[18, 14, 19, 13], [20, 24, 21, 23], [22, 7, 23, 8], [24, 18, 1, 17], [2, 6, 3, 5], [4, 12, 5, 11], [6, 15, 7, 16], [8, 21, 9, 22], [10, 4, 11, 3], [12, 1, 13, 2], [14, 20, 15, 19], [16, 9, 17, 10]]"
12a_0328_4,"[[16, 9, 17, 10], [18, 14, 19, 13], [20, 24, 21, 23], [22, 7, 23, 8], [24, 18, 1, 17], [2, 6, 3, 5], [4, 12, 5, 11], [6, 15, 7, 16], [8, 21, 9, 22], [10, 4, 11, 3], [12, 1, 13, 2], [14, 20, 15, 19]]"
12a_0328_5,"[[14, 20, 15, 19], [16, 9, 17, 10], [18, 14, 19, 13], [20, 24, 21, 23], [22, 7, 23, 8], [24, 18, 1, 17], [2, 6, 3, 5], [4, 12, 5, 11], [6, 15, 7, 16], [8, 21, 9, 22], [10, 4, 11, 3], [12, 1, 13, 2]]"
12a_0328_6,"[[12, 1, 13, 2], [14, 20, 15, 19], [16, 9, 17, 10], [18, 14, 19, 13], [20, 24, 21, 23], [22, 7, 23, 8], [24, 18, 1, 17], [2, 6, 3, 5], [4, 12, 5, 11], [6, 15, 7, 16], [8, 21, 9, 22], [10, 4, 11, 3]]"
12a_0328_7,"[[10, 4, 11, 3], [12, 1, 13, 2], [14, 20, 15, 19], [16, 9, 17, 10], [18, 14, 19, 13], [20, 24, 21, 23], [22, 7, 23, 8], [24, 18, 1, 17], [2, 6, 3, 5], [4, 12, 5, 11], [6, 15, 7, 16], [8, 21, 9, 22]]"
12a_0328_8,"[[8, 21, 9, 22], [10, 4, 11, 3], [12, 1, 13, 2], [14, 20, 15, 19], [16, 9, 17, 10], [18, 14, 19, 13], [20, 24, 21, 23], [22, 7, 23, 8], [24, 18, 1, 17], [2, 6, 3, 5], [4, 12, 5, 11], [6, 15, 7, 16]]"
12a_0328_9,"[[6, 15, 7, 16], [8, 21, 9, 22], [10, 4, 11, 3], [12, 1, 13, 2], [14, 20, 15, 19], [16, 9, 17, 10], [18, 14, 19, 13], [20, 24, 21, 23], [22, 7, 23, 8], [24, 18, 1, 17], [2, 6, 3, 5], [4, 12, 5, 11]]"
12a_0328_10,"[[4, 12, 5, 11], [6, 15, 7, 16], [8, 21, 9, 22], [10, 4, 11, 3], [12, 1, 13, 2], [14, 20, 15, 19], [16, 9, 17, 10], [18, 14, 19, 13], [20, 24, 21, 23], [22, 7, 23, 8], [24, 18, 1, 17], [2, 6, 3, 5]]"
12a_0328_11,"[[2, 6, 3, 5], [4, 12, 5, 11], [6, 15, 7, 16], [8, 21, 9, 22], [10, 4, 11, 3], [12, 1, 13, 2], [14, 20, 15, 19], [16, 9, 17, 10], [18, 14, 19, 13], [20, 24, 21, 23], [22, 7, 23, 8], [24, 18, 1, 17]]"
12a_0328_12,"[[1, 19, 2, 18], [3, 7, 4, 6], [5, 13, 6, 12], [7, 16, 8, 17], [9, 22, 10, 23], [11, 5, 12, 4], [13, 2, 14, 3], [15, 21, 16, 20], [17, 10, 18, 11], [19, 15, 20, 14], [21, 1, 22, 24], [23, 8, 24, 9]]"
12a_0328_13,"[[23, 8, 24, 9], [1, 19, 2, 18], [3, 7, 4, 6], [5, 13, 6, 12], [7, 16, 8, 17], [9, 22, 10, 23], [11, 5, 12, 4], [13, 2, 14, 3], [15, 21, 16, 20], [17, 10, 18, 11], [19, 15, 20, 14], [21, 1, 22, 24]]"
12a_0328_14,"[[21, 1, 22, 24], [23, 8, 24, 9], [1, 19, 2, 18], [3, 7, 4, 6], [5, 13, 6, 12], [7, 16, 8, 17], [9, 22, 10, 23], [11, 5, 12, 4], [13, 2, 14, 3], [15, 21, 16, 20], [17, 10, 18, 11], [19, 15, 20, 14]]"
12a_0328_15,"[[19, 15, 20, 14], [21, 1, 22, 24], [23, 8, 24, 9], [1, 19, 2, 18], [3, 7, 4, 6], [5, 13, 6, 12], [7, 16, 8, 17], [9, 22, 10, 23], [11, 5, 12, 4], [13, 2, 14, 3], [15, 21, 16, 20], [17, 10, 18, 11]]"
12a_0328_16,"[[17, 10, 18, 11], [19, 15, 20, 14], [21, 1, 22, 24], [23, 8, 24, 9], [1, 19, 2, 18], [3, 7, 4, 6], [5, 13, 6, 12], [7, 16, 8, 17], [9, 22, 10, 23], [11, 5, 12, 4], [13, 2, 14, 3], [15, 21, 16, 20]]"
12a_0328_17,"[[15, 21, 16, 20], [17, 10, 18, 11], [19, 15, 20, 14], [21, 1, 22, 24], [23, 8, 24, 9], [1, 19, 2, 18], [3, 7, 4, 6], [5, 13, 6, 12], [7, 16, 8, 17], [9, 22, 10, 23], [11, 5, 12, 4], [13, 2, 14, 3]]"
12a_0328_18,"[[13, 2, 14, 3], [15, 21, 16, 20], [17, 10, 18, 11], [19, 15, 20, 14], [21, 1, 22, 24], [23, 8, 24, 9], [1, 19, 2, 18], [3, 7, 4, 6], [5, 13, 6, 12], [7, 16, 8, 17], [9, 22, 10, 23], [11, 5, 12, 4]]"
12a_0328_19,"[[11, 5, 12, 4], [13, 2, 14, 3], [15, 21, 16, 20], [17, 10, 18, 11], [19, 15, 20, 14], [21, 1, 22, 24], [23, 8, 24, 9], [1, 19, 2, 18], [3, 7, 4, 6], [5, 13, 6, 12], [7, 16, 8, 17], [9, 22, 10, 23]]"
12a_0328_20,"[[9, 22, 10, 23], [11, 5, 12, 4], [13, 2, 14, 3], [15, 21, 16, 20], [17, 10, 18, 11], [19, 15, 20, 14], [21, 1, 22, 24], [23, 8, 24, 9], [1, 19, 2, 18], [3, 7, 4, 6], [5, 13, 6, 12], [7, 16, 8, 17]]"
12a_0328_21,"[[7, 16, 8, 17], [9, 22, 10, 23], [11, 5, 12, 4], [13, 2, 14, 3], [15, 21, 16, 20], [17, 10, 18, 11], [19, 15, 20, 14], [21, 1, 22, 24], [23, 8, 24, 9], [1, 19, 2, 18], [3, 7, 4, 6], [5, 13, 6, 12]]"
12a_0328_22,"[[5, 13, 6, 12], [7, 16, 8, 17], [9, 22, 10, 23], [11, 5, 12, 4], [13, 2, 14, 3], [15, 21, 16, 20], [17, 10, 18, 11], [19, 15, 20, 14], [21, 1, 22, 24], [23, 8, 24, 9], [1, 19, 2, 18], [3, 7, 4, 6]]"
12a_0328_23,"[[3, 7, 4, 6], [5, 13, 6, 12], [7, 16, 8, 17], [9, 22, 10, 23], [11, 5, 12, 4], [13, 2, 14, 3], [15, 21, 16, 20], [17, 10, 18, 11], [19, 15, 20, 14], [21, 1, 22, 24], [23, 8, 24, 9], [1, 19, 2, 18]]"
12a_0328_24,"[[2, 20, 3, 19], [4, 8, 5, 7], [6, 14, 7, 13], [8, 17, 9, 18], [10, 23, 11, 24], [12, 6, 13, 5], [14, 3, 15, 4], [16, 22, 17, 21], [18, 11, 19, 12], [20, 16, 21, 15], [22, 2, 23, 1], [24, 9, 1, 10]]"
12a_0328_25,"[[24, 9, 1, 10], [2, 20, 3, 19], [4, 8, 5, 7], [6, 14, 7, 13], [8, 17, 9, 18], [10, 23, 11, 24], [12, 6, 13, 5], [14, 3, 15, 4], [16, 22, 17, 21], [18, 11, 19, 12], [20, 16, 21, 15], [22, 2, 23, 1]]"
12a_0328_26,"[[22, 2, 23, 1], [24, 9, 1, 10], [2, 20, 3, 19], [4, 8, 5, 7], [6, 14, 7, 13], [8, 17, 9, 18], [10, 23, 11, 24], [12, 6, 13, 5], [14, 3, 15, 4], [16, 22, 17, 21], [18, 11, 19, 12], [20, 16, 21, 15]]"
12a_0328_27,"[[20, 16, 21, 15], [22, 2, 23, 1], [24, 9, 1, 10], [2, 20, 3, 19], [4, 8, 5, 7], [6, 14, 7, 13], [8, 17, 9, 18], [10, 23, 11, 24], [12, 6, 13, 5], [14, 3, 15, 4], [16, 22, 17, 21], [18, 11, 19, 12]]"
12a_0328_28,"[[18, 11, 19, 12], [20, 16, 21, 15], [22, 2, 23, 1], [24, 9, 1, 10], [2, 20, 3, 19], [4, 8, 5, 7], [6, 14, 7, 13], [8, 17, 9, 18], [10, 23, 11, 24], [12, 6, 13, 5], [14, 3, 15, 4], [16, 22, 17, 21]]"
12a_0328_29,"[[16, 22, 17, 21], [18, 11, 19, 12], [20, 16, 21, 15], [22, 2, 23, 1], [24, 9, 1, 10], [2, 20, 3, 19], [4, 8, 5, 7], [6, 14, 7, 13], [8, 17, 9, 18], [10, 23, 11, 24], [12, 6, 13, 5], [14, 3, 15, 4]]"
12a_0328_30,"[[14, 3, 15, 4], [16, 22, 17, 21], [18, 11, 19, 12], [20, 16, 21, 15], [22, 2, 23, 1], [24, 9, 1, 10], [2, 20, 3, 19], [4, 8, 5, 7], [6, 14, 7, 13], [8, 17, 9, 18], [10, 23, 11, 24], [12, 6, 13, 5]]"
12a_0328_31,"[[12, 6, 13, 5], [14, 3, 15, 4], [16, 22, 17, 21], [18, 11, 19, 12], [20, 16, 21, 15], [22, 2, 23, 1], [24, 9, 1, 10], [2, 20, 3, 19], [4, 8, 5, 7], [6, 14, 7, 13], [8, 17, 9, 18], [10, 23, 11, 24]]"
12a_0328_32,"[[10, 23, 11, 24], [12, 6, 13, 5], [14, 3, 15, 4], [16, 22, 17, 21], [18, 11, 19, 12], [20, 16, 21, 15], [22, 2, 23, 1], [24, 9, 1, 10], [2, 20, 3, 19], [4, 8, 5, 7], [6, 14, 7, 13], [8, 17, 9, 18]]"
12a_0328_33,"[[8, 17, 9, 18], [10, 23, 11, 24], [12, 6, 13, 5], [14, 3, 15, 4], [16, 22, 17, 21], [18, 11, 19, 12], [20, 16, 21, 15], [22, 2, 23, 1], [24, 9, 1, 10], [2, 20, 3, 19], [4, 8, 5, 7], [6, 14, 7, 13]]"
12a_0328_34,"[[6, 14, 7, 13], [8, 17, 9, 18], [10, 23, 11, 24], [12, 6, 13, 5], [14, 3, 15, 4], [16, 22, 17, 21], [18, 11, 19, 12], [20, 16, 21, 15], [22, 2, 23, 1], [24, 9, 1, 10], [2, 20, 3, 19], [4, 8, 5, 7]]"
12a_0328_35,"[[4, 8, 5, 7], [6, 14, 7, 13], [8, 17, 9, 18], [10, 23, 11, 24], [12, 6, 13, 5], [14, 3, 15, 4], [16, 22, 17, 21], [18, 11, 19, 12], [20, 16, 21, 15], [22, 2, 23, 1], [24, 9, 1, 10], [2, 20, 3, 19]]"
12a_0328_36,"[[3, 21, 4, 20], [5, 9, 6, 8], [7, 15, 8, 14], [9, 18, 10, 19], [11, 24, 12, 1], [13, 7, 14, 6], [15, 4, 16, 5], [17, 23, 18, 22], [19, 12, 20, 13], [21, 17, 22, 16], [23, 3, 24, 2], [1, 10, 2, 11]]"
12a_0328_37,"[[1, 10, 2, 11], [3, 21, 4, 20], [5, 9, 6, 8], [7, 15, 8, 14], [9, 18, 10, 19], [11, 24, 12, 1], [13, 7, 14, 6], [15, 4, 16, 5], [17, 23, 18, 22], [19, 12, 20, 13], [21, 17, 22, 16], [23, 3, 24, 2]]"
12a_0328_38,"[[23, 3, 24, 2], [1, 10, 2, 11], [3, 21, 4, 20], [5, 9, 6, 8], [7, 15, 8, 14], [9, 18, 10, 19], [11, 24, 12, 1], [13, 7, 14, 6], [15, 4, 16, 5], [17, 23, 18, 22], [19, 12, 20, 13], [21, 17, 22, 16]]"
12a_0328_39,"[[21, 17, 22, 16], [23, 3, 24, 2], [1, 10, 2, 11], [3, 21, 4, 20], [5, 9, 6, 8], [7, 15, 8, 14], [9, 18, 10, 19], [11, 24, 12, 1], [13, 7, 14, 6], [15, 4, 16, 5], [17, 23, 18, 22], [19, 12, 20, 13]]"
12a_0328_40,"[[19, 12, 20, 13], [21, 17, 22, 16], [23, 3, 24, 2], [1, 10, 2, 11], [3, 21, 4, 20], [5, 9, 6, 8], [7, 15, 8, 14], [9, 18, 10, 19], [11, 24, 12, 1], [13, 7, 14, 6], [15, 4, 16, 5], [17, 23, 18, 22]]"
12a_0328_41,"[[17, 23, 18, 22], [19, 12, 20, 13], [21, 17, 22, 16], [23, 3, 24, 2], [1, 10, 2, 11], [3, 21, 4, 20], [5, 9, 6, 8], [7, 15, 8, 14], [9, 18, 10, 19], [11, 24, 12, 1], [13, 7, 14, 6], [15, 4, 16, 5]]"
12a_0328_42,"[[15, 4, 16, 5], [17, 23, 18, 22], [19, 12, 20, 13], [21, 17, 22, 16], [23, 3, 24, 2], [1, 10, 2, 11], [3, 21, 4, 20], [5, 9, 6, 8], [7, 15, 8, 14], [9, 18, 10, 19], [11, 24, 12, 1], [13, 7, 14, 6]]"
12a_0328_43,"[[13, 7, 14, 6], [15, 4, 16, 5], [17, 23, 18, 22], [19, 12, 20, 13], [21, 17, 22, 16], [23, 3, 24, 2], [1, 10, 2, 11], [3, 21, 4, 20], [5, 9, 6, 8], [7, 15, 8, 14], [9, 18, 10, 19], [11, 24, 12, 1]]"
12a_0328_44,"[[11, 24, 12, 1], [13, 7, 14, 6], [15, 4, 16, 5], [17, 23, 18, 22], [19, 12, 20, 13], [21, 17, 22, 16], [23, 3, 24, 2], [1, 10, 2, 11], [3, 21, 4, 20], [5, 9, 6, 8], [7, 15, 8, 14], [9, 18, 10, 19]]"
12a_0328_45,"[[9, 18, 10, 19], [11, 24, 12, 1], [13, 7, 14, 6], [15, 4, 16, 5], [17, 23, 18, 22], [19, 12, 20, 13], [21, 17, 22, 16], [23, 3, 24, 2], [1, 10, 2, 11], [3, 21, 4, 20], [5, 9, 6, 8], [7, 15, 8, 14]]"
12a_0328_46,"[[7, 15, 8, 14], [9, 18, 10, 19], [11, 24, 12, 1], [13, 7, 14, 6], [15, 4, 16, 5], [17, 23, 18, 22], [19, 12, 20, 13], [21, 17, 22, 16], [23, 3, 24, 2], [1, 10, 2, 11], [3, 21, 4, 20], [5, 9, 6, 8]]"
12a_0328_47,"[[5, 9, 6, 8], [7, 15, 8, 14], [9, 18, 10, 19], [11, 24, 12, 1], [13, 7, 14, 6], [15, 4, 16, 5], [17, 23, 18, 22], [19, 12, 20, 13], [21, 17, 22, 16], [23, 3, 24, 2], [1, 10, 2, 11], [3, 21, 4, 20]]"
12a_0328_48,"[[4, 22, 5, 21], [6, 10, 7, 9], [8, 16, 9, 15], [10, 19, 11, 20], [12, 1, 13, 2], [14, 8, 15, 7], [16, 5, 17, 6], [18, 24, 19, 23], [20, 13, 21, 14], [22, 18, 23, 17], [24, 4, 1, 3], [2, 11, 3, 12]]"
12a_0328_49,"[[2, 11, 3, 12], [4, 22, 5, 21], [6, 10, 7, 9], [8, 16, 9, 15], [10, 19, 11, 20], [12, 1, 13, 2], [14, 8, 15, 7], [16, 5, 17, 6], [18, 24, 19, 23], [20, 13, 21, 14], [22, 18, 23, 17], [24, 4, 1, 3]]"
12a_0328_50,"[[24, 4, 1, 3], [2, 11, 3, 12], [4, 22, 5, 21], [6, 10, 7, 9], [8, 16, 9, 15], [10, 19, 11, 20], [12, 1, 13, 2], [14, 8, 15, 7], [16, 5, 17, 6], [18, 24, 19, 23], [20, 13, 21, 14], [22, 18, 23, 17]]"
12a_0328_51,"[[22, 18, 23, 17], [24, 4, 1, 3], [2, 11, 3, 12], [4, 22, 5, 21], [6, 10, 7, 9], [8, 16, 9, 15], [10, 19, 11, 20], [12, 1, 13, 2], [14, 8, 15, 7], [16, 5, 17, 6], [18, 24, 19, 23], [20, 13, 21, 14]]"
12a_0328_52,"[[20, 13, 21, 14], [22, 18, 23, 17], [24, 4, 1, 3], [2, 11, 3, 12], [4, 22, 5, 21], [6, 10, 7, 9], [8, 16, 9, 15], [10, 19, 11, 20], [12, 1, 13, 2], [14, 8, 15, 7], [16, 5, 17, 6], [18, 24, 19, 23]]"
12a_0328_53,"[[18, 24, 19, 23], [20, 13, 21, 14], [22, 18, 23, 17], [24, 4, 1, 3], [2, 11, 3, 12], [4, 22, 5, 21], [6, 10, 7, 9], [8, 16, 9, 15], [10, 19, 11, 20], [12, 1, 13, 2], [14, 8, 15, 7], [16, 5, 17, 6]]"
12a_0328_54,"[[16, 5, 17, 6], [18, 24, 19, 23], [20, 13, 21, 14], [22, 18, 23, 17], [24, 4, 1, 3], [2, 11, 3, 12], [4, 22, 5, 21], [6, 10, 7, 9], [8, 16, 9, 15], [10, 19, 11, 20], [12, 1, 13, 2], [14, 8, 15, 7]]"
12a_0328_55,"[[14, 8, 15, 7], [16, 5, 17, 6], [18, 24, 19, 23], [20, 13, 21, 14], [22, 18, 23, 17], [24, 4, 1, 3], [2, 11, 3, 12], [4, 22, 5, 21], [6, 10, 7, 9], [8, 16, 9, 15], [10, 19, 11, 20], [12, 1, 13, 2]]"
12a_0328_56,"[[12, 1, 13, 2], [14, 8, 15, 7], [16, 5, 17, 6], [18, 24, 19, 23], [20, 13, 21, 14], [22, 18, 23, 17], [24, 4, 1, 3], [2, 11, 3, 12], [4, 22, 5, 21], [6, 10, 7, 9], [8, 16, 9, 15], [10, 19, 11, 20]]"
12a_0328_57,"[[10, 19, 11, 20], [12, 1, 13, 2], [14, 8, 15, 7], [16, 5, 17, 6], [18, 24, 19, 23], [20, 13, 21, 14], [22, 18, 23, 17], [24, 4, 1, 3], [2, 11, 3, 12], [4, 22, 5, 21], [6, 10, 7, 9], [8, 16, 9, 15]]"
12a_0328_58,"[[8, 16, 9, 15], [10, 19, 11, 20], [12, 1, 13, 2], [14, 8, 15, 7], [16, 5, 17, 6], [18, 24, 19, 23], [20, 13, 21, 14], [22, 18, 23, 17], [24, 4, 1, 3], [2, 11, 3, 12], [4, 22, 5, 21], [6, 10, 7, 9]]"
12a_0328_59,"[[6, 10, 7, 9], [8, 16, 9, 15], [10, 19, 11, 20], [12, 1, 13, 2], [14, 8, 15, 7], [16, 5, 17, 6], [18, 24, 19, 23], [20, 13, 21, 14], [22, 18, 23, 17], [24, 4, 1, 3], [2, 11, 3, 12], [4, 22, 5, 21]]"
12a_0328_60,"[[5, 23, 6, 22], [7, 11, 8, 10], [9, 17, 10, 16], [11, 20, 12, 21], [13, 2, 14, 3], [15, 9, 16, 8], [17, 6, 18, 7], [19, 1, 20, 24], [21, 14, 22, 15], [23, 19, 24, 18], [1, 5, 2, 4], [3, 12, 4, 13]]"
12a_0328_61,"[[3, 12, 4, 13], [5, 23, 6, 22], [7, 11, 8, 10], [9, 17, 10, 16], [11, 20, 12, 21], [13, 2, 14, 3], [15, 9, 16, 8], [17, 6, 18, 7], [19, 1, 20, 24], [21, 14, 22, 15], [23, 19, 24, 18], [1, 5, 2, 4]]"
12a_0328_62,"[[1, 5, 2, 4], [3, 12, 4, 13], [5, 23, 6, 22], [7, 11, 8, 10], [9, 17, 10, 16], [11, 20, 12, 21], [13, 2, 14, 3], [15, 9, 16, 8], [17, 6, 18, 7], [19, 1, 20, 24], [21, 14, 22, 15], [23, 19, 24, 18]]"
12a_0328_63,"[[23, 19, 24, 18], [1, 5, 2, 4], [3, 12, 4, 13], [5, 23, 6, 22], [7, 11, 8, 10], [9, 17, 10, 16], [11, 20, 12, 21], [13, 2, 14, 3], [15, 9, 16, 8], [17, 6, 18, 7], [19, 1, 20, 24], [21, 14, 22, 15]]"
12a_0328_64,"[[21, 14, 22, 15], [23, 19, 24, 18], [1, 5, 2, 4], [3, 12, 4, 13], [5, 23, 6, 22], [7, 11, 8, 10], [9, 17, 10, 16], [11, 20, 12, 21], [13, 2, 14, 3], [15, 9, 16, 8], [17, 6, 18, 7], [19, 1, 20, 24]]"
12a_0328_65,"[[19, 1, 20, 24], [21, 14, 22, 15], [23, 19, 24, 18], [1, 5, 2, 4], [3, 12, 4, 13], [5, 23, 6, 22], [7, 11, 8, 10], [9, 17, 10, 16], [11, 20, 12, 21], [13, 2, 14, 3], [15, 9, 16, 8], [17, 6, 18, 7]]"
12a_0328_66,"[[17, 6, 18, 7], [19, 1, 20, 24], [21, 14, 22, 15], [23, 19, 24, 18], [1, 5, 2, 4], [3, 12, 4, 13], [5, 23, 6, 22], [7, 11, 8, 10], [9, 17, 10, 16], [11, 20, 12, 21], [13, 2, 14, 3], [15, 9, 16, 8]]"
12a_0328_67,"[[15, 9, 16, 8], [17, 6, 18, 7], [19, 1, 20, 24], [21, 14, 22, 15], [23, 19, 24, 18], [1, 5, 2, 4], [3, 12, 4, 13], [5, 23, 6, 22], [7, 11, 8, 10], [9, 17, 10, 16], [11, 20, 12, 21], [13, 2, 14, 3]]"
12a_0328_68,"[[13, 2, 14, 3], [15, 9, 16, 8], [17, 6, 18, 7], [19, 1, 20, 24], [21, 14, 22, 15], [23, 19, 24, 18], [1, 5, 2, 4], [3, 12, 4, 13], [5, 23, 6, 22], [7, 11, 8, 10], [9, 17, 10, 16], [11, 20, 12, 21]]"
12a_0328_69,"[[11, 20, 12, 21], [13, 2, 14, 3], [15, 9, 16, 8], [17, 6, 18, 7], [19, 1, 20, 24], [21, 14, 22, 15], [23, 19, 24, 18], [1, 5, 2, 4], [3, 12, 4, 13], [5, 23, 6, 22], [7, 11, 8, 10], [9, 17, 10, 16]]"
12a_0328_70,"[[9, 17, 10, 16], [11, 20, 12, 21], [13, 2, 14, 3], [15, 9, 16, 8], [17, 6, 18, 7], [19, 1, 20, 24], [21, 14, 22, 15], [23, 19, 24, 18], [1, 5, 2, 4], [3, 12, 4, 13], [5, 23, 6, 22], [7, 11, 8, 10]]"
12a_0328_71,"[[7, 11, 8, 10], [9, 17, 10, 16], [11, 20, 12, 21], [13, 2, 14, 3], [15, 9, 16, 8], [17, 6, 18, 7], [19, 1, 20, 24], [21, 14, 22, 15], [23, 19, 24, 18], [1, 5, 2, 4], [3, 12, 4, 13], [5, 23, 6, 22]]"
12a_0328_72,"[[6, 24, 7, 23], [8, 12, 9, 11], [10, 18, 11, 17], [12, 21, 13, 22], [14, 3, 15, 4], [16, 10, 17, 9], [18, 7, 19, 8], [20, 2, 21, 1], [22, 15, 23, 16], [24, 20, 1, 19], [2, 6, 3, 5], [4, 13, 5, 14]]"
12a_0328_73,"[[4, 13, 5, 14], [6, 24, 7, 23], [8, 12, 9, 11], [10, 18, 11, 17], [12, 21, 13, 22], [14, 3, 15, 4], [16, 10, 17, 9], [18, 7, 19, 8], [20, 2, 21, 1], [22, 15, 23, 16], [24, 20, 1, 19], [2, 6, 3, 5]]"
12a_0328_74,"[[2, 6, 3, 5], [4, 13, 5, 14], [6, 24, 7, 23], [8, 12, 9, 11], [10, 18, 11, 17], [12, 21, 13, 22], [14, 3, 15, 4], [16, 10, 17, 9], [18, 7, 19, 8], [20, 2, 21, 1], [22, 15, 23, 16], [24, 20, 1, 19]]"
12a_0328_75,"[[24, 20, 1, 19], [2, 6, 3, 5], [4, 13, 5, 14], [6, 24, 7, 23], [8, 12, 9, 11], [10, 18, 11, 17], [12, 21, 13, 22], [14, 3, 15, 4], [16, 10, 17, 9], [18, 7, 19, 8], [20, 2, 21, 1], [22, 15, 23, 16]]"
12a_0328_76,"[[22, 15, 23, 16], [24, 20, 1, 19], [2, 6, 3, 5], [4, 13, 5, 14], [6, 24, 7, 23], [8, 12, 9, 11], [10, 18, 11, 17], [12, 21, 13, 22], [14, 3, 15, 4], [16, 10, 17, 9], [18, 7, 19, 8], [20, 2, 21, 1]]"
12a_0328_77,"[[20, 2, 21, 1], [22, 15, 23, 16], [24, 20, 1, 19], [2, 6, 3, 5], [4, 13, 5, 14], [6, 24, 7, 23], [8, 12, 9, 11], [10, 18, 11, 17], [12, 21, 13, 22], [14, 3, 15, 4], [16, 10, 17, 9], [18, 7, 19, 8]]"
12a_0328_78,"[[18, 7, 19, 8], [20, 2, 21, 1], [22, 15, 23, 16], [24, 20, 1, 19], [2, 6, 3, 5], [4, 13, 5, 14], [6, 24, 7, 23], [8, 12, 9, 11], [10, 18, 11, 17], [12, 21, 13, 22], [14, 3, 15, 4], [16, 10, 17, 9]]"
12a_0328_79,"[[16, 10, 17, 9], [18, 7, 19, 8], [20, 2, 21, 1], [22, 15, 23, 16], [24, 20, 1, 19], [2, 6, 3, 5], [4, 13, 5, 14], [6, 24, 7, 23], [8, 12, 9, 11], [10, 18, 11, 17], [12, 21, 13, 22], [14, 3, 15, 4]]"
12a_0328_80,"[[14, 3, 15, 4], [16, 10, 17, 9], [18, 7, 19, 8], [20, 2, 21, 1], [22, 15, 23, 16], [24, 20, 1, 19], [2, 6, 3, 5], [4, 13, 5, 14], [6, 24, 7, 23], [8, 12, 9, 11], [10, 18, 11, 17], [12, 21, 13, 22]]"
12a_0328_81,"[[12, 21, 13, 22], [14, 3, 15, 4], [16, 10, 17, 9], [18, 7, 19, 8], [20, 2, 21, 1], [22, 15, 23, 16], [24, 20, 1, 19], [2, 6, 3, 5], [4, 13, 5, 14], [6, 24, 7, 23], [8, 12, 9, 11], [10, 18, 11, 17]]"
12a_0328_82,"[[10, 18, 11, 17], [12, 21, 13, 22], [14, 3, 15, 4], [16, 10, 17, 9], [18, 7, 19, 8], [20, 2, 21, 1], [22, 15, 23, 16], [24, 20, 1, 19], [2, 6, 3, 5], [4, 13, 5, 14], [6, 24, 7, 23], [8, 12, 9, 11]]"
12a_0328_83,"[[8, 12, 9, 11], [10, 18, 11, 17], [12, 21, 13, 22], [14, 3, 15, 4], [16, 10, 17, 9], [18, 7, 19, 8], [20, 2, 21, 1], [22, 15, 23, 16], [24, 20, 1, 19], [2, 6, 3, 5], [4, 13, 5, 14], [6, 24, 7, 23]]"
12a_0328_84,"[[7, 1, 8, 24], [9, 13, 10, 12], [11, 19, 12, 18], [13, 22, 14, 23], [15, 4, 16, 5], [17, 11, 18, 10], [19, 8, 20, 9], [21, 3, 22, 2], [23, 16, 24, 17], [1, 21, 2, 20], [3, 7, 4, 6], [5, 14, 6, 15]]"
12a_0328_85,"[[5, 14, 6, 15], [7, 1, 8, 24], [9, 13, 10, 12], [11, 19, 12, 18], [13, 22, 14, 23], [15, 4, 16, 5], [17, 11, 18, 10], [19, 8, 20, 9], [21, 3, 22, 2], [23, 16, 24, 17], [1, 21, 2, 20], [3, 7, 4, 6]]"
12a_0328_86,"[[3, 7, 4, 6], [5, 14, 6, 15], [7, 1, 8, 24], [9, 13, 10, 12], [11, 19, 12, 18], [13, 22, 14, 23], [15, 4, 16, 5], [17, 11, 18, 10], [19, 8, 20, 9], [21, 3, 22, 2], [23, 16, 24, 17], [1, 21, 2, 20]]"
12a_0328_87,"[[1, 21, 2, 20], [3, 7, 4, 6], [5, 14, 6, 15], [7, 1, 8, 24], [9, 13, 10, 12], [11, 19, 12, 18], [13, 22, 14, 23], [15, 4, 16, 5], [17, 11, 18, 10], [19, 8, 20, 9], [21, 3, 22, 2], [23, 16, 24, 17]]"
12a_0328_88,"[[23, 16, 24, 17], [1, 21, 2, 20], [3, 7, 4, 6], [5, 14, 6, 15], [7, 1, 8, 24], [9, 13, 10, 12], [11, 19, 12, 18], [13, 22, 14, 23], [15, 4, 16, 5], [17, 11, 18, 10], [19, 8, 20, 9], [21, 3, 22, 2]]"
12a_0328_89,"[[21, 3, 22, 2], [23, 16, 24, 17], [1, 21, 2, 20], [3, 7, 4, 6], [5, 14, 6, 15], [7, 1, 8, 24], [9, 13, 10, 12], [11, 19, 12, 18], [13, 22, 14, 23], [15, 4, 16, 5], [17, 11, 18, 10], [19, 8, 20, 9]]"
12a_0328_90,"[[19, 8, 20, 9], [21, 3, 22, 2], [23, 16, 24, 17], [1, 21, 2, 20], [3, 7, 4, 6], [5, 14, 6, 15], [7, 1, 8, 24], [9, 13, 10, 12], [11, 19, 12, 18], [13, 22, 14, 23], [15, 4, 16, 5], [17, 11, 18, 10]]"
12a_0328_91,"[[17, 11, 18, 10], [19, 8, 20, 9], [21, 3, 22, 2], [23, 16, 24, 17], [1, 21, 2, 20], [3, 7, 4, 6], [5, 14, 6, 15], [7, 1, 8, 24], [9, 13, 10, 12], [11, 19, 12, 18], [13, 22, 14, 23], [15, 4, 16, 5]]"
12a_0328_92,"[[15, 4, 16, 5], [17, 11, 18, 10], [19, 8, 20, 9], [21, 3, 22, 2], [23, 16, 24, 17], [1, 21, 2, 20], [3, 7, 4, 6], [5, 14, 6, 15], [7, 1, 8, 24], [9, 13, 10, 12], [11, 19, 12, 18], [13, 22, 14, 23]]"
12a_0328_93,"[[13, 22, 14, 23], [15, 4, 16, 5], [17, 11, 18, 10], [19, 8, 20, 9], [21, 3, 22, 2], [23, 16, 24, 17], [1, 21, 2, 20], [3, 7, 4, 6], [5, 14, 6, 15], [7, 1, 8, 24], [9, 13, 10, 12], [11, 19, 12, 18]]"
12a_0328_94,"[[11, 19, 12, 18], [13, 22, 14, 23], [15, 4, 16, 5], [17, 11, 18, 10], [19, 8, 20, 9], [21, 3, 22, 2], [23, 16, 24, 17], [1, 21, 2, 20], [3, 7, 4, 6], [5, 14, 6, 15], [7, 1, 8, 24], [9, 13, 10, 12]]"
12a_0328_95,"[[9, 13, 10, 12], [11, 19, 12, 18], [13, 22, 14, 23], [15, 4, 16, 5], [17, 11, 18, 10], [19, 8, 20, 9], [21, 3, 22, 2], [23, 16, 24, 17], [1, 21, 2, 20], [3, 7, 4, 6], [5, 14, 6, 15], [7, 1, 8, 24]]"
12a_0328_96,"[[8, 2, 9, 1], [10, 14, 11, 13], [12, 20, 13, 19], [14, 23, 15, 24], [16, 5, 17, 6], [18, 12, 19, 11], [20, 9, 21, 10], [22, 4, 23, 3], [24, 17, 1, 18], [2, 22, 3, 21], [4, 8, 5, 7], [6, 15, 7, 16]]"
12a_0328_97,"[[6, 15, 7, 16], [8, 2, 9, 1], [10, 14, 11, 13], [12, 20, 13, 19], [14, 23, 15, 24], [16, 5, 17, 6], [18, 12, 19, 11], [20, 9, 21, 10], [22, 4, 23, 3], [24, 17, 1, 18], [2, 22, 3, 21], [4, 8, 5, 7]]"
12a_0328_98,"[[4, 8, 5, 7], [6, 15, 7, 16], [8, 2, 9, 1], [10, 14, 11, 13], [12, 20, 13, 19], [14, 23, 15, 24], [16, 5, 17, 6], [18, 12, 19, 11], [20, 9, 21, 10], [22, 4, 23, 3], [24, 17, 1, 18], [2, 22, 3, 21]]"
12a_0328_99,"[[2, 22, 3, 21], [4, 8, 5, 7], [6, 15, 7, 16], [8, 2, 9, 1], [10, 14, 11, 13], [12, 20, 13, 19], [14, 23, 15, 24], [16, 5, 17, 6], [18, 12, 19, 11], [20, 9, 21, 10], [22, 4, 23, 3], [24, 17, 1, 18]]"
12a_0328_100,"[[24, 17, 1, 18], [2, 22, 3, 21], [4, 8, 5, 7], [6, 15, 7, 16], [8, 2, 9, 1], [10, 14, 11, 13], [12, 20, 13, 19], [14, 23, 15, 24], [16, 5, 17, 6], [18, 12, 19, 11], [20, 9, 21, 10], [22, 4, 23, 3]]"
12a_0328_101,"[[22, 4, 23, 3], [24, 17, 1, 18], [2, 22, 3, 21], [4, 8, 5, 7], [6, 15, 7, 16], [8, 2, 9, 1], [10, 14, 11, 13], [12, 20, 13, 19], [14, 23, 15, 24], [16, 5, 17, 6], [18, 12, 19, 11], [20, 9, 21, 10]]"
12a_0328_102,"[[20, 9, 21, 10], [22, 4, 23, 3], [24, 17, 1, 18], [2, 22, 3, 21], [4, 8, 5, 7], [6, 15, 7, 16], [8, 2, 9, 1], [10, 14, 11, 13], [12, 20, 13, 19], [14, 23, 15, 24], [16, 5, 17, 6], [18, 12, 19, 11]]"
12a_0328_103,"[[18, 12, 19, 11], [20, 9, 21, 10], [22, 4, 23, 3], [24, 17, 1, 18], [2, 22, 3, 21], [4, 8, 5, 7], [6, 15, 7, 16], [8, 2, 9, 1], [10, 14, 11, 13], [12, 20, 13, 19], [14, 23, 15, 24], [16, 5, 17, 6]]"
12a_0328_104,"[[16, 5, 17, 6], [18, 12, 19, 11], [20, 9, 21, 10], [22, 4, 23, 3], [24, 17, 1, 18], [2, 22, 3, 21], [4, 8, 5, 7], [6, 15, 7, 16], [8, 2, 9, 1], [10, 14, 11, 13], [12, 20, 13, 19], [14, 23, 15, 24]]"
12a_0328_105,"[[14, 23, 15, 24], [16, 5, 17, 6], [18, 12, 19, 11], [20, 9, 21, 10], [22, 4, 23, 3], [24, 17, 1, 18], [2, 22, 3, 21], [4, 8, 5, 7], [6, 15, 7, 16], [8, 2, 9, 1], [10, 14, 11, 13], [12, 20, 13, 19]]"
12a_0328_106,"[[12, 20, 13, 19], [14, 23, 15, 24], [16, 5, 17, 6], [18, 12, 19, 11], [20, 9, 21, 10], [22, 4, 23, 3], [24, 17, 1, 18], [2, 22, 3, 21], [4, 8, 5, 7], [6, 15, 7, 16], [8, 2, 9, 1], [10, 14, 11, 13]]"
12a_0328_107,"[[10, 14, 11, 13], [12, 20, 13, 19], [14, 23, 15, 24], [16, 5, 17, 6], [18, 12, 19, 11], [20, 9, 21, 10], [22, 4, 23, 3], [24, 17, 1, 18], [2, 22, 3, 21], [4, 8, 5, 7], [6, 15, 7, 16], [8, 2, 9, 1]]"
12a_0328_108,"[[9, 3, 10, 2], [11, 15, 12, 14], [13, 21, 14, 20], [15, 24, 16, 1], [17, 6, 18, 7], [19, 13, 20, 12], [21, 10, 22, 11], [23, 5, 24, 4], [1, 18, 2, 19], [3, 23, 4, 22], [5, 9, 6, 8], [7, 16, 8, 17]]"
12a_0328_109,"[[7, 16, 8, 17], [9, 3, 10, 2], [11, 15, 12, 14], [13, 21, 14, 20], [15, 24, 16, 1], [17, 6, 18, 7], [19, 13, 20, 12], [21, 10, 22, 11], [23, 5, 24, 4], [1, 18, 2, 19], [3, 23, 4, 22], [5, 9, 6, 8]]"
12a_0328_110,"[[5, 9, 6, 8], [7, 16, 8, 17], [9, 3, 10, 2], [11, 15, 12, 14], [13, 21, 14, 20], [15, 24, 16, 1], [17, 6, 18, 7], [19, 13, 20, 12], [21, 10, 22, 11], [23, 5, 24, 4], [1, 18, 2, 19], [3, 23, 4, 22]]"
12a_0328_111,"[[3, 23, 4, 22], [5, 9, 6, 8], [7, 16, 8, 17], [9, 3, 10, 2], [11, 15, 12, 14], [13, 21, 14, 20], [15, 24, 16, 1], [17, 6, 18, 7], [19, 13, 20, 12], [21, 10, 22, 11], [23, 5, 24, 4], [1, 18, 2, 19]]"
12a_0328_112,"[[1, 18, 2, 19], [3, 23, 4, 22], [5, 9, 6, 8], [7, 16, 8, 17], [9, 3, 10, 2], [11, 15, 12, 14], [13, 21, 14, 20], [15, 24, 16, 1], [17, 6, 18, 7], [19, 13, 20, 12], [21, 10, 22, 11], [23, 5, 24, 4]]"
12a_0328_113,"[[23, 5, 24, 4], [1, 18, 2, 19], [3, 23, 4, 22], [5, 9, 6, 8], [7, 16, 8, 17], [9, 3, 10, 2], [11, 15, 12, 14], [13, 21, 14, 20], [15, 24, 16, 1], [17, 6, 18, 7], [19, 13, 20, 12], [21, 10, 22, 11]]"
12a_0328_114,"[[21, 10, 22, 11], [23, 5, 24, 4], [1, 18, 2, 19], [3, 23, 4, 22], [5, 9, 6, 8], [7, 16, 8, 17], [9, 3, 10, 2], [11, 15, 12, 14], [13, 21, 14, 20], [15, 24, 16, 1], [17, 6, 18, 7], [19, 13, 20, 12]]"
12a_0328_115,"[[19, 13, 20, 12], [21, 10, 22, 11], [23, 5, 24, 4], [1, 18, 2, 19], [3, 23, 4, 22], [5, 9, 6, 8], [7, 16, 8, 17], [9, 3, 10, 2], [11, 15, 12, 14], [13, 21, 14, 20], [15, 24, 16, 1], [17, 6, 18, 7]]"
12a_0328_116,"[[17, 6, 18, 7], [19, 13, 20, 12], [21, 10, 22, 11], [23, 5, 24, 4], [1, 18, 2, 19], [3, 23, 4, 22], [5, 9, 6, 8], [7, 16, 8, 17], [9, 3, 10, 2], [11, 15, 12, 14], [13, 21, 14, 20], [15, 24, 16, 1]]"
12a_0328_117,"[[15, 24, 16, 1], [17, 6, 18, 7], [19, 13, 20, 12], [21, 10, 22, 11], [23, 5, 24, 4], [1, 18, 2, 19], [3, 23, 4, 22], [5, 9, 6, 8], [7, 16, 8, 17], [9, 3, 10, 2], [11, 15, 12, 14], [13, 21, 14, 20]]"
12a_0328_118,"[[13, 21, 14, 20], [15, 24, 16, 1], [17, 6, 18, 7], [19, 13, 20, 12], [21, 10, 22, 11], [23, 5, 24, 4], [1, 18, 2, 19], [3, 23, 4, 22], [5, 9, 6, 8], [7, 16, 8, 17], [9, 3, 10, 2], [11, 15, 12, 14]]"
12a_0328_119,"[[11, 15, 12, 14], [13, 21, 14, 20], [15, 24, 16, 1], [17, 6, 18, 7], [19, 13, 20, 12], [21, 10, 22, 11], [23, 5, 24, 4], [1, 18, 2, 19], [3, 23, 4, 22], [5, 9, 6, 8], [7, 16, 8, 17], [9, 3, 10, 2]]"
12a_0328_120,"[[10, 4, 11, 3], [12, 16, 13, 15], [14, 22, 15, 21], [16, 1, 17, 2], [18, 7, 19, 8], [20, 14, 21, 13], [22, 11, 23, 12], [24, 6, 1, 5], [2, 19, 3, 20], [4, 24, 5, 23], [6, 10, 7, 9], [8, 17, 9, 18]]"
12a_0328_121,"[[8, 17, 9, 18], [10, 4, 11, 3], [12, 16, 13, 15], [14, 22, 15, 21], [16, 1, 17, 2], [18, 7, 19, 8], [20, 14, 21, 13], [22, 11, 23, 12], [24, 6, 1, 5], [2, 19, 3, 20], [4, 24, 5, 23], [6, 10, 7, 9]]"
12a_0328_122,"[[6, 10, 7, 9], [8, 17, 9, 18], [10, 4, 11, 3], [12, 16, 13, 15], [14, 22, 15, 21], [16, 1, 17, 2], [18, 7, 19, 8], [20, 14, 21, 13], [22, 11, 23, 12], [24, 6, 1, 5], [2, 19, 3, 20], [4, 24, 5, 23]]"
12a_0328_123,"[[4, 24, 5, 23], [6, 10, 7, 9], [8, 17, 9, 18], [10, 4, 11, 3], [12, 16, 13, 15], [14, 22, 15, 21], [16, 1, 17, 2], [18, 7, 19, 8], [20, 14, 21, 13], [22, 11, 23, 12], [24, 6, 1, 5], [2, 19, 3, 20]]"
12a_0328_124,"[[2, 19, 3, 20], [4, 24, 5, 23], [6, 10, 7, 9], [8, 17, 9, 18], [10, 4, 11, 3], [12, 16, 13, 15], [14, 22, 15, 21], [16, 1, 17, 2], [18, 7, 19, 8], [20, 14, 21, 13], [22, 11, 23, 12], [24, 6, 1, 5]]"
12a_0328_125,"[[24, 6, 1, 5], [2, 19, 3, 20], [4, 24, 5, 23], [6, 10, 7, 9], [8, 17, 9, 18], [10, 4, 11, 3], [12, 16, 13, 15], [14, 22, 15, 21], [16, 1, 17, 2], [18, 7, 19, 8], [20, 14, 21, 13], [22, 11, 23, 12]]"
12a_0328_126,"[[22, 11, 23, 12], [24, 6, 1, 5], [2, 19, 3, 20], [4, 24, 5, 23], [6, 10, 7, 9], [8, 17, 9, 18], [10, 4, 11, 3], [12, 16, 13, 15], [14, 22, 15, 21], [16, 1, 17, 2], [18, 7, 19, 8], [20, 14, 21, 13]]"
12a_0328_127,"[[20, 14, 21, 13], [22, 11, 23, 12], [24, 6, 1, 5], [2, 19, 3, 20], [4, 24, 5, 23], [6, 10, 7, 9], [8, 17, 9, 18], [10, 4, 11, 3], [12, 16, 13, 15], [14, 22, 15, 21], [16, 1, 17, 2], [18, 7, 19, 8]]"
12a_0328_128,"[[18, 7, 19, 8], [20, 14, 21, 13], [22, 11, 23, 12], [24, 6, 1, 5], [2, 19, 3, 20], [4, 24, 5, 23], [6, 10, 7, 9], [8, 17, 9, 18], [10, 4, 11, 3], [12, 16, 13, 15], [14, 22, 15, 21], [16, 1, 17, 2]]"
12a_0328_129,"[[16, 1, 17, 2], [18, 7, 19, 8], [20, 14, 21, 13], [22, 11, 23, 12], [24, 6, 1, 5], [2, 19, 3, 20], [4, 24, 5, 23], [6, 10, 7, 9], [8, 17, 9, 18], [10, 4, 11, 3], [12, 16, 13, 15], [14, 22, 15, 21]]"
12a_0328_130,"[[14, 22, 15, 21], [16, 1, 17, 2], [18, 7, 19, 8], [20, 14, 21, 13], [22, 11, 23, 12], [24, 6, 1, 5], [2, 19, 3, 20], [4, 24, 5, 23], [6, 10, 7, 9], [8, 17, 9, 18], [10, 4, 11, 3], [12, 16, 13, 15]]"
12a_0328_131,"[[12, 16, 13, 15], [14, 22, 15, 21], [16, 1, 17, 2], [18, 7, 19, 8], [20, 14, 21, 13], [22, 11, 23, 12], [24, 6, 1, 5], [2, 19, 3, 20], [4, 24, 5, 23], [6, 10, 7, 9], [8, 17, 9, 18], [10, 4, 11, 3]]"
12a_0328_132,"[[11, 5, 12, 4], [13, 17, 14, 16], [15, 23, 16, 22], [17, 2, 18, 3], [19, 8, 20, 9], [21, 15, 22, 14], [23, 12, 24, 13], [1, 7, 2, 6], [3, 20, 4, 21], [5, 1, 6, 24], [7, 11, 8, 10], [9, 18, 10, 19]]"
12a_0328_133,"[[9, 18, 10, 19], [11, 5, 12, 4], [13, 17, 14, 16], [15, 23, 16, 22], [17, 2, 18, 3], [19, 8, 20, 9], [21, 15, 22, 14], [23, 12, 24, 13], [1, 7, 2, 6], [3, 20, 4, 21], [5, 1, 6, 24], [7, 11, 8, 10]]"
12a_0328_134,"[[7, 11, 8, 10], [9, 18, 10, 19], [11, 5, 12, 4], [13, 17, 14, 16], [15, 23, 16, 22], [17, 2, 18, 3], [19, 8, 20, 9], [21, 15, 22, 14], [23, 12, 24, 13], [1, 7, 2, 6], [3, 20, 4, 21], [5, 1, 6, 24]]"
12a_0328_135,"[[5, 1, 6, 24], [7, 11, 8, 10], [9, 18, 10, 19], [11, 5, 12, 4], [13, 17, 14, 16], [15, 23, 16, 22], [17, 2, 18, 3], [19, 8, 20, 9], [21, 15, 22, 14], [23, 12, 24, 13], [1, 7, 2, 6], [3, 20, 4, 21]]"
12a_0328_136,"[[3, 20, 4, 21], [5, 1, 6, 24], [7, 11, 8, 10], [9, 18, 10, 19], [11, 5, 12, 4], [13, 17, 14, 16], [15, 23, 16, 22], [17, 2, 18, 3], [19, 8, 20, 9], [21, 15, 22, 14], [23, 12, 24, 13], [1, 7, 2, 6]]"
12a_0328_137,"[[1, 7, 2, 6], [3, 20, 4, 21], [5, 1, 6, 24], [7, 11, 8, 10], [9, 18, 10, 19], [11, 5, 12, 4], [13, 17, 14, 16], [15, 23, 16, 22], [17, 2, 18, 3], [19, 8, 20, 9], [21, 15, 22, 14], [23, 12, 24, 13]]"
12a_0328_138,"[[23, 12, 24, 13], [1, 7, 2, 6], [3, 20, 4, 21], [5, 1, 6, 24], [7, 11, 8, 10], [9, 18, 10, 19], [11, 5, 12, 4], [13, 17, 14, 16], [15, 23, 16, 22], [17, 2, 18, 3], [19, 8, 20, 9], [21, 15, 22, 14]]"
12a_0328_139,"[[21, 15, 22, 14], [23, 12, 24, 13], [1, 7, 2, 6], [3, 20, 4, 21], [5, 1, 6, 24], [7, 11, 8, 10], [9, 18, 10, 19], [11, 5, 12, 4], [13, 17, 14, 16], [15, 23, 16, 22], [17, 2, 18, 3], [19, 8, 20, 9]]"
12a_0328_140,"[[19, 8, 20, 9], [21, 15, 22, 14], [23, 12, 24, 13], [1, 7, 2, 6], [3, 20, 4, 21], [5, 1, 6, 24], [7, 11, 8, 10], [9, 18, 10, 19], [11, 5, 12, 4], [13, 17, 14, 16], [15, 23, 16, 22], [17, 2, 18, 3]]"
12a_0328_141,"[[17, 2, 18, 3], [19, 8, 20, 9], [21, 15, 22, 14], [23, 12, 24, 13], [1, 7, 2, 6], [3, 20, 4, 21], [5, 1, 6, 24], [7, 11, 8, 10], [9, 18, 10, 19], [11, 5, 12, 4], [13, 17, 14, 16], [15, 23, 16, 22]]"
12a_0328_142,"[[15, 23, 16, 22], [17, 2, 18, 3], [19, 8, 20, 9], [21, 15, 22, 14], [23, 12, 24, 13], [1, 7, 2, 6], [3, 20, 4, 21], [5, 1, 6, 24], [7, 11, 8, 10], [9, 18, 10, 19], [11, 5, 12, 4], [13, 17, 14, 16]]"
12a_0328_143,"[[13, 17, 14, 16], [15, 23, 16, 22], [17, 2, 18, 3], [19, 8, 20, 9], [21, 15, 22, 14], [23, 12, 24, 13], [1, 7, 2, 6], [3, 20, 4, 21], [5, 1, 6, 24], [7, 11, 8, 10], [9, 18, 10, 19], [11, 5, 12, 4]]"
12a_0328_144,"[[12, 6, 13, 5], [14, 18, 15, 17], [16, 24, 17, 23], [18, 3, 19, 4], [20, 9, 21, 10], [22, 16, 23, 15], [24, 13, 1, 14], [2, 8, 3, 7], [4, 21, 5, 22], [6, 2, 7, 1], [8, 12, 9, 11], [10, 19, 11, 20]]"
12a_0328_145,"[[10, 19, 11, 20], [12, 6, 13, 5], [14, 18, 15, 17], [16, 24, 17, 23], [18, 3, 19, 4], [20, 9, 21, 10], [22, 16, 23, 15], [24, 13, 1, 14], [2, 8, 3, 7], [4, 21, 5, 22], [6, 2, 7, 1], [8, 12, 9, 11]]"
12a_0328_146,"[[8, 12, 9, 11], [10, 19, 11, 20], [12, 6, 13, 5], [14, 18, 15, 17], [16, 24, 17, 23], [18, 3, 19, 4], [20, 9, 21, 10], [22, 16, 23, 15], [24, 13, 1, 14], [2, 8, 3, 7], [4, 21, 5, 22], [6, 2, 7, 1]]"
12a_0328_147,"[[6, 2, 7, 1], [8, 12, 9, 11], [10, 19, 11, 20], [12, 6, 13, 5], [14, 18, 15, 17], [16, 24, 17, 23], [18, 3, 19, 4], [20, 9, 21, 10], [22, 16, 23, 15], [24, 13, 1, 14], [2, 8, 3, 7], [4, 21, 5, 22]]"
12a_0328_148,"[[4, 21, 5, 22], [6, 2, 7, 1], [8, 12, 9, 11], [10, 19, 11, 20], [12, 6, 13, 5], [14, 18, 15, 17], [16, 24, 17, 23], [18, 3, 19, 4], [20, 9, 21, 10], [22, 16, 23, 15], [24, 13, 1, 14], [2, 8, 3, 7]]"
12a_0328_149,"[[2, 8, 3, 7], [4, 21, 5, 22], [6, 2, 7, 1], [8, 12, 9, 11], [10, 19, 11, 20], [12, 6, 13, 5], [14, 18, 15, 17], [16, 24, 17, 23], [18, 3, 19, 4], [20, 9, 21, 10], [22, 16, 23, 15], [24, 13, 1, 14]]"
12a_0328_150,"[[24, 13, 1, 14], [2, 8, 3, 7], [4, 21, 5, 22], [6, 2, 7, 1], [8, 12, 9, 11], [10, 19, 11, 20], [12, 6, 13, 5], [14, 18, 15, 17], [16, 24, 17, 23], [18, 3, 19, 4], [20, 9, 21, 10], [22, 16, 23, 15]]"
12a_0328_151,"[[22, 16, 23, 15], [24, 13, 1, 14], [2, 8, 3, 7], [4, 21, 5, 22], [6, 2, 7, 1], [8, 12, 9, 11], [10, 19, 11, 20], [12, 6, 13, 5], [14, 18, 15, 17], [16, 24, 17, 23], [18, 3, 19, 4], [20, 9, 21, 10]]"
12a_0328_152,"[[20, 9, 21, 10], [22, 16, 23, 15], [24, 13, 1, 14], [2, 8, 3, 7], [4, 21, 5, 22], [6, 2, 7, 1], [8, 12, 9, 11], [10, 19, 11, 20], [12, 6, 13, 5], [14, 18, 15, 17], [16, 24, 17, 23], [18, 3, 19, 4]]"
12a_0328_153,"[[18, 3, 19, 4], [20, 9, 21, 10], [22, 16, 23, 15], [24, 13, 1, 14], [2, 8, 3, 7], [4, 21, 5, 22], [6, 2, 7, 1], [8, 12, 9, 11], [10, 19, 11, 20], [12, 6, 13, 5], [14, 18, 15, 17], [16, 24, 17, 23]]"
12a_0328_154,"[[16, 24, 17, 23], [18, 3, 19, 4], [20, 9, 21, 10], [22, 16, 23, 15], [24, 13, 1, 14], [2, 8, 3, 7], [4, 21, 5, 22], [6, 2, 7, 1], [8, 12, 9, 11], [10, 19, 11, 20], [12, 6, 13, 5], [14, 18, 15, 17]]"
12a_0328_155,"[[14, 18, 15, 17], [16, 24, 17, 23], [18, 3, 19, 4], [20, 9, 21, 10], [22, 16, 23, 15], [24, 13, 1, 14], [2, 8, 3, 7], [4, 21, 5, 22], [6, 2, 7, 1], [8, 12, 9, 11], [10, 19, 11, 20], [12, 6, 13, 5]]"
12a_0328_156,"[[13, 7, 14, 6], [15, 19, 16, 18], [17, 1, 18, 24], [19, 4, 20, 5], [21, 10, 22, 11], [23, 17, 24, 16], [1, 14, 2, 15], [3, 9, 4, 8], [5, 22, 6, 23], [7, 3, 8, 2], [9, 13, 10, 12], [11, 20, 12, 21]]"
12a_0328_157,"[[11, 20, 12, 21], [13, 7, 14, 6], [15, 19, 16, 18], [17, 1, 18, 24], [19, 4, 20, 5], [21, 10, 22, 11], [23, 17, 24, 16], [1, 14, 2, 15], [3, 9, 4, 8], [5, 22, 6, 23], [7, 3, 8, 2], [9, 13, 10, 12]]"
12a_0328_158,"[[9, 13, 10, 12], [11, 20, 12, 21], [13, 7, 14, 6], [15, 19, 16, 18], [17, 1, 18, 24], [19, 4, 20, 5], [21, 10, 22, 11], [23, 17, 24, 16], [1, 14, 2, 15], [3, 9, 4, 8], [5, 22, 6, 23], [7, 3, 8, 2]]"
12a_0328_159,"[[7, 3, 8, 2], [9, 13, 10, 12], [11, 20, 12, 21], [13, 7, 14, 6], [15, 19, 16, 18], [17, 1, 18, 24], [19, 4, 20, 5], [21, 10, 22, 11], [23, 17, 24, 16], [1, 14, 2, 15], [3, 9, 4, 8], [5, 22, 6, 23]]"
12a_0328_160,"[[5, 22, 6, 23], [7, 3, 8, 2], [9, 13, 10, 12], [11, 20, 12, 21], [13, 7, 14, 6], [15, 19, 16, 18], [17, 1, 18, 24], [19, 4, 20, 5], [21, 10, 22, 11], [23, 17, 24, 16], [1, 14, 2, 15], [3, 9, 4, 8]]"
12a_0328_161,"[[3, 9, 4, 8], [5, 22, 6, 23], [7, 3, 8, 2], [9, 13, 10, 12], [11, 20, 12, 21], [13, 7, 14, 6], [15, 19, 16, 18], [17, 1, 18, 24], [19, 4, 20, 5], [21, 10, 22, 11], [23, 17, 24, 16], [1, 14, 2, 15]]"
12a_0328_162,"[[1, 14, 2, 15], [3, 9, 4, 8], [5, 22, 6, 23], [7, 3, 8, 2], [9, 13, 10, 12], [11, 20, 12, 21], [13, 7, 14, 6], [15, 19, 16, 18], [17, 1, 18, 24], [19, 4, 20, 5], [21, 10, 22, 11], [23, 17, 24, 16]]"
12a_0328_163,"[[23, 17, 24, 16], [1, 14, 2, 15], [3, 9, 4, 8], [5, 22, 6, 23], [7, 3, 8, 2], [9, 13, 10, 12], [11, 20, 12, 21], [13, 7, 14, 6], [15, 19, 16, 18], [17, 1, 18, 24], [19, 4, 20, 5], [21, 10, 22, 11]]"
12a_0328_164,"[[21, 10, 22, 11], [23, 17, 24, 16], [1, 14, 2, 15], [3, 9, 4, 8], [5, 22, 6, 23], [7, 3, 8, 2], [9, 13, 10, 12], [11, 20, 12, 21], [13, 7, 14, 6], [15, 19, 16, 18], [17, 1, 18, 24], [19, 4, 20, 5]]"
12a_0328_165,"[[19, 4, 20, 5], [21, 10, 22, 11], [23, 17, 24, 16], [1, 14, 2, 15], [3, 9, 4, 8], [5, 22, 6, 23], [7, 3, 8, 2], [9, 13, 10, 12], [11, 20, 12, 21], [13, 7, 14, 6], [15, 19, 16, 18], [17, 1, 18, 24]]"
12a_0328_166,"[[17, 1, 18, 24], [19, 4, 20, 5], [21, 10, 22, 11], [23, 17, 24, 16], [1, 14, 2, 15], [3, 9, 4, 8], [5, 22, 6, 23], [7, 3, 8, 2], [9, 13, 10, 12], [11, 20, 12, 21], [13, 7, 14, 6], [15, 19, 16, 18]]"
12a_0328_167,"[[15, 19, 16, 18], [17, 1, 18, 24], [19, 4, 20, 5], [21, 10, 22, 11], [23, 17, 24, 16], [1, 14, 2, 15], [3, 9, 4, 8], [5, 22, 6, 23], [7, 3, 8, 2], [9, 13, 10, 12], [11, 20, 12, 21], [13, 7, 14, 6]]"
12a_0328_168,"[[14, 8, 15, 7], [16, 20, 17, 19], [18, 2, 19, 1], [20, 5, 21, 6], [22, 11, 23, 12], [24, 18, 1, 17], [2, 15, 3, 16], [4, 10, 5, 9], [6, 23, 7, 24], [8, 4, 9, 3], [10, 14, 11, 13], [12, 21, 13, 22]]"
12a_0328_169,"[[12, 21, 13, 22], [14, 8, 15, 7], [16, 20, 17, 19], [18, 2, 19, 1], [20, 5, 21, 6], [22, 11, 23, 12], [24, 18, 1, 17], [2, 15, 3, 16], [4, 10, 5, 9], [6, 23, 7, 24], [8, 4, 9, 3], [10, 14, 11, 13]]"
12a_0328_170,"[[10, 14, 11, 13], [12, 21, 13, 22], [14, 8, 15, 7], [16, 20, 17, 19], [18, 2, 19, 1], [20, 5, 21, 6], [22, 11, 23, 12], [24, 18, 1, 17], [2, 15, 3, 16], [4, 10, 5, 9], [6, 23, 7, 24], [8, 4, 9, 3]]"
12a_0328_171,"[[8, 4, 9, 3], [10, 14, 11, 13], [12, 21, 13, 22], [14, 8, 15, 7], [16, 20, 17, 19], [18, 2, 19, 1], [20, 5, 21, 6], [22, 11, 23, 12], [24, 18, 1, 17], [2, 15, 3, 16], [4, 10, 5, 9], [6, 23, 7, 24]]"
12a_0328_172,"[[6, 23, 7, 24], [8, 4, 9, 3], [10, 14, 11, 13], [12, 21, 13, 22], [14, 8, 15, 7], [16, 20, 17, 19], [18, 2, 19, 1], [20, 5, 21, 6], [22, 11, 23, 12], [24, 18, 1, 17], [2, 15, 3, 16], [4, 10, 5, 9]]"
12a_0328_173,"[[4, 10, 5, 9], [6, 23, 7, 24], [8, 4, 9, 3], [10, 14, 11, 13], [12, 21, 13, 22], [14, 8, 15, 7], [16, 20, 17, 19], [18, 2, 19, 1], [20, 5, 21, 6], [22, 11, 23, 12], [24, 18, 1, 17], [2, 15, 3, 16]]"
12a_0328_174,"[[2, 15, 3, 16], [4, 10, 5, 9], [6, 23, 7, 24], [8, 4, 9, 3], [10, 14, 11, 13], [12, 21, 13, 22], [14, 8, 15, 7], [16, 20, 17, 19], [18, 2, 19, 1], [20, 5, 21, 6], [22, 11, 23, 12], [24, 18, 1, 17]]"
12a_0328_175,"[[24, 18, 1, 17], [2, 15, 3, 16], [4, 10, 5, 9], [6, 23, 7, 24], [8, 4, 9, 3], [10, 14, 11, 13], [12, 21, 13, 22], [14, 8, 15, 7], [16, 20, 17, 19], [18, 2, 19, 1], [20, 5, 21, 6], [22, 11, 23, 12]]"
12a_0328_176,"[[22, 11, 23, 12], [24, 18, 1, 17], [2, 15, 3, 16], [4, 10, 5, 9], [6, 23, 7, 24], [8, 4, 9, 3], [10, 14, 11, 13], [12, 21, 13, 22], [14, 8, 15, 7], [16, 20, 17, 19], [18, 2, 19, 1], [20, 5, 21, 6]]"
12a_0328_177,"[[20, 5, 21, 6], [22, 11, 23, 12], [24, 18, 1, 17], [2, 15, 3, 16], [4, 10, 5, 9], [6, 23, 7, 24], [8, 4, 9, 3], [10, 14, 11, 13], [12, 21, 13, 22], [14, 8, 15, 7], [16, 20, 17, 19], [18, 2, 19, 1]]"
12a_0328_178,"[[18, 2, 19, 1], [20, 5, 21, 6], [22, 11, 23, 12], [24, 18, 1, 17], [2, 15, 3, 16], [4, 10, 5, 9], [6, 23, 7, 24], [8, 4, 9, 3], [10, 14, 11, 13], [12, 21, 13, 22], [14, 8, 15, 7], [16, 20, 17, 19]]"
12a_0328_179,"[[16, 20, 17, 19], [18, 2, 19, 1], [20, 5, 21, 6], [22, 11, 23, 12], [24, 18, 1, 17], [2, 15, 3, 16], [4, 10, 5, 9], [6, 23, 7, 24], [8, 4, 9, 3], [10, 14, 11, 13], [12, 21, 13, 22], [14, 8, 15, 7]]"
12a_0328_180,"[[15, 9, 16, 8], [17, 21, 18, 20], [19, 3, 20, 2], [21, 6, 22, 7], [23, 12, 24, 13], [1, 19, 2, 18], [3, 16, 4, 17], [5, 11, 6, 10], [7, 24, 8, 1], [9, 5, 10, 4], [11, 15, 12, 14], [13, 22, 14, 23]]"
12a_0328_181,"[[13, 22, 14, 23], [15, 9, 16, 8], [17, 21, 18, 20], [19, 3, 20, 2], [21, 6, 22, 7], [23, 12, 24, 13], [1, 19, 2, 18], [3, 16, 4, 17], [5, 11, 6, 10], [7, 24, 8, 1], [9, 5, 10, 4], [11, 15, 12, 14]]"
12a_0328_182,"[[11, 15, 12, 14], [13, 22, 14, 23], [15, 9, 16, 8], [17, 21, 18, 20], [19, 3, 20, 2], [21, 6, 22, 7], [23, 12, 24, 13], [1, 19, 2, 18], [3, 16, 4, 17], [5, 11, 6, 10], [7, 24, 8, 1], [9, 5, 10, 4]]"
12a_0328_183,"[[9, 5, 10, 4], [11, 15, 12, 14], [13, 22, 14, 23], [15, 9, 16, 8], [17, 21, 18, 20], [19, 3, 20, 2], [21, 6, 22, 7], [23, 12, 24, 13], [1, 19, 2, 18], [3, 16, 4, 17], [5, 11, 6, 10], [7, 24, 8, 1]]"
12a_0328_184,"[[7, 24, 8, 1], [9, 5, 10, 4], [11, 15, 12, 14], [13, 22, 14, 23], [15, 9, 16, 8], [17, 21, 18, 20], [19, 3, 20, 2], [21, 6, 22, 7], [23, 12, 24, 13], [1, 19, 2, 18], [3, 16, 4, 17], [5, 11, 6, 10]]"
12a_0328_185,"[[5, 11, 6, 10], [7, 24, 8, 1], [9, 5, 10, 4], [11, 15, 12, 14], [13, 22, 14, 23], [15, 9, 16, 8], [17, 21, 18, 20], [19, 3, 20, 2], [21, 6, 22, 7], [23, 12, 24, 13], [1, 19, 2, 18], [3, 16, 4, 17]]"
