name,pd_notation
12a_0703_0,"[[24, 7, 1, 8], [2, 6, 3, 5], [4, 15, 5, 16], [6, 11, 7, 12], [8, 20, 9, 19], [10, 1, 11, 2], [12, 24, 13, 23], [14, 21, 15, 22], [16, 3, 17, 4], [18, 13, 19, 14], [20, 10, 21, 9], [22, 17, 23, 18]]"
12a_0703_1,"[[22, 17, 23, 18], [24, 7, 1, 8], [2, 6, 3, 5], [4, 15, 5, 16], [6, 11, 7, 12], [8, 20, 9, 19], [10, 1, 11, 2], [12, 24, 13, 23], [14, 21, 15, 22], [16, 3, 17, 4], [18, 13, 19, 14], [20, 10, 21, 9]]"
12a_0703_2,"[[20, 10, 21, 9], [22, 17, 23, 18], [24, 7, 1, 8], [2, 6, 3, 5], [4, 15, 5, 16], [6, 11, 7, 12], [8, 20, 9, 19], [10, 1, 11, 2], [12, 24, 13, 23], [14, 21, 15, 22], [16, 3, 17, 4], [18, 13, 19, 14]]"
12a_0703_3,"[[18, 13, 19, 14], [20, 10, 21, 9], [22, 17, 23, 18], [24, 7, 1, 8], [2, 6, 3, 5], [4, 15, 5, 16], [6, 11, 7, 12], [8, 20, 9, 19], [10, 1, 11, 2], [12, 24, 13, 23], [14, 21, 15, 22], [16, 3, 17, 4]]"
12a_0703_4,"[[16, 3, 17, 4], [18, 13, 19, 14], [20, 10, 21, 9], [22, 17, 23, 18], [24, 7, 1, 8], [2, 6, 3, 5], [4, 15, 5, 16], [6, 11, 7, 12], [8, 20, 9, 19], [10, 1, 11, 2], [12, 24, 13, 23], [14, 21, 15, 22]]"
12a_0703_5,"[[14, 21, 15, 22], [16, 3, 17, 4], [18, 13, 19, 14], [20, 10, 21, 9], [22, 17, 23, 18], [24, 7, 1, 8], [2, 6, 3, 5], [4, 15, 5, 16], [6, 11, 7, 12], [8, 20, 9, 19], [10, 1, 11, 2], [12, 24, 13, 23]]"
12a_0703_6,"[[12, 24, 13, 23], [14, 21, 15, 22], [16, 3, 17, 4], [18, 13, 19, 14], [20, 10, 21, 9], [22, 17, 23, 18], [24, 7, 1, 8], [2, 6, 3, 5], [4, 15, 5, 16], [6, 11, 7, 12], [8, 20, 9, 19], [10, 1, 11, 2]]"
12a_0703_7,"[[10, 1, 11, 2], [12, 24, 13, 23], [14, 21, 15, 22], [16, 3, 17, 4], [18, 13, 19, 14], [20, 10, 21, 9], [22, 17, 23, 18], [24, 7, 1, 8], [2, 6, 3, 5], [4, 15, 5, 16], [6, 11, 7, 12], [8, 20, 9, 19]]"
12a_0703_8,"[[8, 20, 9, 19], [10, 1, 11, 2], [12, 24, 13, 23], [14, 21, 15, 22], [16, 3, 17, 4], [18, 13, 19, 14], [20, 10, 21, 9], [22, 17, 23, 18], [24, 7, 1, 8], [2, 6, 3, 5], [4, 15, 5, 16], [6, 11, 7, 12]]"
12a_0703_9,"[[6, 11, 7, 12], [8, 20, 9, 19], [10, 1, 11, 2], [12, 24, 13, 23], [14, 21, 15, 22], [16, 3, 17, 4], [18, 13, 19, 14], [20, 10, 21, 9], [22, 17, 23, 18], [24, 7, 1, 8], [2, 6, 3, 5], [4, 15, 5, 16]]"
12a_0703_10,"[[4, 15, 5, 16], [6, 11, 7, 12], [8, 20, 9, 19], [10, 1, 11, 2], [12, 24, 13, 23], [14, 21, 15, 22], [16, 3, 17, 4], [18, 13, 19, 14], [20, 10, 21, 9], [22, 17, 23, 18], [24, 7, 1, 8], [2, 6, 3, 5]]"
12a_0703_11,"[[2, 6, 3, 5], [4, 15, 5, 16], [6, 11, 7, 12], [8, 20, 9, 19], [10, 1, 11, 2], [12, 24, 13, 23], [14, 21, 15, 22], [16, 3, 17, 4], [18, 13, 19, 14], [20, 10, 21, 9], [22, 17, 23, 18], [24, 7, 1, 8]]"
12a_0703_12,"[[1, 8, 2, 9], [3, 7, 4, 6], [5, 16, 6, 17], [7, 12, 8, 13], [9, 21, 10, 20], [11, 2, 12, 3], [13, 1, 14, 24], [15, 22, 16, 23], [17, 4, 18, 5], [19, 14, 20, 15], [21, 11, 22, 10], [23, 18, 24, 19]]"
12a_0703_13,"[[23, 18, 24, 19], [1, 8, 2, 9], [3, 7, 4, 6], [5, 16, 6, 17], [7, 12, 8, 13], [9, 21, 10, 20], [11, 2, 12, 3], [13, 1, 14, 24], [15, 22, 16, 23], [17, 4, 18, 5], [19, 14, 20, 15], [21, 11, 22, 10]]"
12a_0703_14,"[[21, 11, 22, 10], [23, 18, 24, 19], [1, 8, 2, 9], [3, 7, 4, 6], [5, 16, 6, 17], [7, 12, 8, 13], [9, 21, 10, 20], [11, 2, 12, 3], [13, 1, 14, 24], [15, 22, 16, 23], [17, 4, 18, 5], [19, 14, 20, 15]]"
12a_0703_15,"[[19, 14, 20, 15], [21, 11, 22, 10], [23, 18, 24, 19], [1, 8, 2, 9], [3, 7, 4, 6], [5, 16, 6, 17], [7, 12, 8, 13], [9, 21, 10, 20], [11, 2, 12, 3], [13, 1, 14, 24], [15, 22, 16, 23], [17, 4, 18, 5]]"
12a_0703_16,"[[17, 4, 18, 5], [19, 14, 20, 15], [21, 11, 22, 10], [23, 18, 24, 19], [1, 8, 2, 9], [3, 7, 4, 6], [5, 16, 6, 17], [7, 12, 8, 13], [9, 21, 10, 20], [11, 2, 12, 3], [13, 1, 14, 24], [15, 22, 16, 23]]"
12a_0703_17,"[[15, 22, 16, 23], [17, 4, 18, 5], [19, 14, 20, 15], [21, 11, 22, 10], [23, 18, 24, 19], [1, 8, 2, 9], [3, 7, 4, 6], [5, 16, 6, 17], [7, 12, 8, 13], [9, 21, 10, 20], [11, 2, 12, 3], [13, 1, 14, 24]]"
12a_0703_18,"[[13, 1, 14, 24], [15, 22, 16, 23], [17, 4, 18, 5], [19, 14, 20, 15], [21, 11, 22, 10], [23, 18, 24, 19], [1, 8, 2, 9], [3, 7, 4, 6], [5, 16, 6, 17], [7, 12, 8, 13], [9, 21, 10, 20], [11, 2, 12, 3]]"
12a_0703_19,"[[11, 2, 12, 3], [13, 1, 14, 24], [15, 22, 16, 23], [17, 4, 18, 5], [19, 14, 20, 15], [21, 11, 22, 10], [23, 18, 24, 19], [1, 8, 2, 9], [3, 7, 4, 6], [5, 16, 6, 17], [7, 12, 8, 13], [9, 21, 10, 20]]"
12a_0703_20,"[[9, 21, 10, 20], [11, 2, 12, 3], [13, 1, 14, 24], [15, 22, 16, 23], [17, 4, 18, 5], [19, 14, 20, 15], [21, 11, 22, 10], [23, 18, 24, 19], [1, 8, 2, 9], [3, 7, 4, 6], [5, 16, 6, 17], [7, 12, 8, 13]]"
12a_0703_21,"[[7, 12, 8, 13], [9, 21, 10, 20], [11, 2, 12, 3], [13, 1, 14, 24], [15, 22, 16, 23], [17, 4, 18, 5], [19, 14, 20, 15], [21, 11, 22, 10], [23, 18, 24, 19], [1, 8, 2, 9], [3, 7, 4, 6], [5, 16, 6, 17]]"
12a_0703_22,"[[5, 16, 6, 17], [7, 12, 8, 13], [9, 21, 10, 20], [11, 2, 12, 3], [13, 1, 14, 24], [15, 22, 16, 23], [17, 4, 18, 5], [19, 14, 20, 15], [21, 11, 22, 10], [23, 18, 24, 19], [1, 8, 2, 9], [3, 7, 4, 6]]"
12a_0703_23,"[[3, 7, 4, 6], [5, 16, 6, 17], [7, 12, 8, 13], [9, 21, 10, 20], [11, 2, 12, 3], [13, 1, 14, 24], [15, 22, 16, 23], [17, 4, 18, 5], [19, 14, 20, 15], [21, 11, 22, 10], [23, 18, 24, 19], [1, 8, 2, 9]]"
12a_0703_24,"[[2, 9, 3, 10], [4, 8, 5, 7], [6, 17, 7, 18], [8, 13, 9, 14], [10, 22, 11, 21], [12, 3, 13, 4], [14, 2, 15, 1], [16, 23, 17, 24], [18, 5, 19, 6], [20, 15, 21, 16], [22, 12, 23, 11], [24, 19, 1, 20]]"
12a_0703_25,"[[24, 19, 1, 20], [2, 9, 3, 10], [4, 8, 5, 7], [6, 17, 7, 18], [8, 13, 9, 14], [10, 22, 11, 21], [12, 3, 13, 4], [14, 2, 15, 1], [16, 23, 17, 24], [18, 5, 19, 6], [20, 15, 21, 16], [22, 12, 23, 11]]"
12a_0703_26,"[[22, 12, 23, 11], [24, 19, 1, 20], [2, 9, 3, 10], [4, 8, 5, 7], [6, 17, 7, 18], [8, 13, 9, 14], [10, 22, 11, 21], [12, 3, 13, 4], [14, 2, 15, 1], [16, 23, 17, 24], [18, 5, 19, 6], [20, 15, 21, 16]]"
12a_0703_27,"[[20, 15, 21, 16], [22, 12, 23, 11], [24, 19, 1, 20], [2, 9, 3, 10], [4, 8, 5, 7], [6, 17, 7, 18], [8, 13, 9, 14], [10, 22, 11, 21], [12, 3, 13, 4], [14, 2, 15, 1], [16, 23, 17, 24], [18, 5, 19, 6]]"
12a_0703_28,"[[18, 5, 19, 6], [20, 15, 21, 16], [22, 12, 23, 11], [24, 19, 1, 20], [2, 9, 3, 10], [4, 8, 5, 7], [6, 17, 7, 18], [8, 13, 9, 14], [10, 22, 11, 21], [12, 3, 13, 4], [14, 2, 15, 1], [16, 23, 17, 24]]"
12a_0703_29,"[[16, 23, 17, 24], [18, 5, 19, 6], [20, 15, 21, 16], [22, 12, 23, 11], [24, 19, 1, 20], [2, 9, 3, 10], [4, 8, 5, 7], [6, 17, 7, 18], [8, 13, 9, 14], [10, 22, 11, 21], [12, 3, 13, 4], [14, 2, 15, 1]]"
12a_0703_30,"[[14, 2, 15, 1], [16, 23, 17, 24], [18, 5, 19, 6], [20, 15, 21, 16], [22, 12, 23, 11], [24, 19, 1, 20], [2, 9, 3, 10], [4, 8, 5, 7], [6, 17, 7, 18], [8, 13, 9, 14], [10, 22, 11, 21], [12, 3, 13, 4]]"
12a_0703_31,"[[12, 3, 13, 4], [14, 2, 15, 1], [16, 23, 17, 24], [18, 5, 19, 6], [20, 15, 21, 16], [22, 12, 23, 11], [24, 19, 1, 20], [2, 9, 3, 10], [4, 8, 5, 7], [6, 17, 7, 18], [8, 13, 9, 14], [10, 22, 11, 21]]"
12a_0703_32,"[[10, 22, 11, 21], [12, 3, 13, 4], [14, 2, 15, 1], [16, 23, 17, 24], [18, 5, 19, 6], [20, 15, 21, 16], [22, 12, 23, 11], [24, 19, 1, 20], [2, 9, 3, 10], [4, 8, 5, 7], [6, 17, 7, 18], [8, 13, 9, 14]]"
12a_0703_33,"[[8, 13, 9, 14], [10, 22, 11, 21], [12, 3, 13, 4], [14, 2, 15, 1], [16, 23, 17, 24], [18, 5, 19, 6], [20, 15, 21, 16], [22, 12, 23, 11], [24, 19, 1, 20], [2, 9, 3, 10], [4, 8, 5, 7], [6, 17, 7, 18]]"
12a_0703_34,"[[6, 17, 7, 18], [8, 13, 9, 14], [10, 22, 11, 21], [12, 3, 13, 4], [14, 2, 15, 1], [16, 23, 17, 24], [18, 5, 19, 6], [20, 15, 21, 16], [22, 12, 23, 11], [24, 19, 1, 20], [2, 9, 3, 10], [4, 8, 5, 7]]"
12a_0703_35,"[[4, 8, 5, 7], [6, 17, 7, 18], [8, 13, 9, 14], [10, 22, 11, 21], [12, 3, 13, 4], [14, 2, 15, 1], [16, 23, 17, 24], [18, 5, 19, 6], [20, 15, 21, 16], [22, 12, 23, 11], [24, 19, 1, 20], [2, 9, 3, 10]]"
12a_0703_36,"[[3, 10, 4, 11], [5, 9, 6, 8], [7, 18, 8, 19], [9, 14, 10, 15], [11, 23, 12, 22], [13, 4, 14, 5], [15, 3, 16, 2], [17, 24, 18, 1], [19, 6, 20, 7], [21, 16, 22, 17], [23, 13, 24, 12], [1, 20, 2, 21]]"
12a_0703_37,"[[1, 20, 2, 21], [3, 10, 4, 11], [5, 9, 6, 8], [7, 18, 8, 19], [9, 14, 10, 15], [11, 23, 12, 22], [13, 4, 14, 5], [15, 3, 16, 2], [17, 24, 18, 1], [19, 6, 20, 7], [21, 16, 22, 17], [23, 13, 24, 12]]"
12a_0703_38,"[[23, 13, 24, 12], [1, 20, 2, 21], [3, 10, 4, 11], [5, 9, 6, 8], [7, 18, 8, 19], [9, 14, 10, 15], [11, 23, 12, 22], [13, 4, 14, 5], [15, 3, 16, 2], [17, 24, 18, 1], [19, 6, 20, 7], [21, 16, 22, 17]]"
12a_0703_39,"[[21, 16, 22, 17], [23, 13, 24, 12], [1, 20, 2, 21], [3, 10, 4, 11], [5, 9, 6, 8], [7, 18, 8, 19], [9, 14, 10, 15], [11, 23, 12, 22], [13, 4, 14, 5], [15, 3, 16, 2], [17, 24, 18, 1], [19, 6, 20, 7]]"
12a_0703_40,"[[19, 6, 20, 7], [21, 16, 22, 17], [23, 13, 24, 12], [1, 20, 2, 21], [3, 10, 4, 11], [5, 9, 6, 8], [7, 18, 8, 19], [9, 14, 10, 15], [11, 23, 12, 22], [13, 4, 14, 5], [15, 3, 16, 2], [17, 24, 18, 1]]"
12a_0703_41,"[[17, 24, 18, 1], [19, 6, 20, 7], [21, 16, 22, 17], [23, 13, 24, 12], [1, 20, 2, 21], [3, 10, 4, 11], [5, 9, 6, 8], [7, 18, 8, 19], [9, 14, 10, 15], [11, 23, 12, 22], [13, 4, 14, 5], [15, 3, 16, 2]]"
12a_0703_42,"[[15, 3, 16, 2], [17, 24, 18, 1], [19, 6, 20, 7], [21, 16, 22, 17], [23, 13, 24, 12], [1, 20, 2, 21], [3, 10, 4, 11], [5, 9, 6, 8], [7, 18, 8, 19], [9, 14, 10, 15], [11, 23, 12, 22], [13, 4, 14, 5]]"
12a_0703_43,"[[13, 4, 14, 5], [15, 3, 16, 2], [17, 24, 18, 1], [19, 6, 20, 7], [21, 16, 22, 17], [23, 13, 24, 12], [1, 20, 2, 21], [3, 10, 4, 11], [5, 9, 6, 8], [7, 18, 8, 19], [9, 14, 10, 15], [11, 23, 12, 22]]"
12a_0703_44,"[[11, 23, 12, 22], [13, 4, 14, 5], [15, 3, 16, 2], [17, 24, 18, 1], [19, 6, 20, 7], [21, 16, 22, 17], [23, 13, 24, 12], [1, 20, 2, 21], [3, 10, 4, 11], [5, 9, 6, 8], [7, 18, 8, 19], [9, 14, 10, 15]]"
12a_0703_45,"[[9, 14, 10, 15], [11, 23, 12, 22], [13, 4, 14, 5], [15, 3, 16, 2], [17, 24, 18, 1], [19, 6, 20, 7], [21, 16, 22, 17], [23, 13, 24, 12], [1, 20, 2, 21], [3, 10, 4, 11], [5, 9, 6, 8], [7, 18, 8, 19]]"
12a_0703_46,"[[7, 18, 8, 19], [9, 14, 10, 15], [11, 23, 12, 22], [13, 4, 14, 5], [15, 3, 16, 2], [17, 24, 18, 1], [19, 6, 20, 7], [21, 16, 22, 17], [23, 13, 24, 12], [1, 20, 2, 21], [3, 10, 4, 11], [5, 9, 6, 8]]"
12a_0703_47,"[[5, 9, 6, 8], [7, 18, 8, 19], [9, 14, 10, 15], [11, 23, 12, 22], [13, 4, 14, 5], [15, 3, 16, 2], [17, 24, 18, 1], [19, 6, 20, 7], [21, 16, 22, 17], [23, 13, 24, 12], [1, 20, 2, 21], [3, 10, 4, 11]]"
12a_0703_48,"[[4, 11, 5, 12], [6, 10, 7, 9], [8, 19, 9, 20], [10, 15, 11, 16], [12, 24, 13, 23], [14, 5, 15, 6], [16, 4, 17, 3], [18, 1, 19, 2], [20, 7, 21, 8], [22, 17, 23, 18], [24, 14, 1, 13], [2, 21, 3, 22]]"
12a_0703_49,"[[2, 21, 3, 22], [4, 11, 5, 12], [6, 10, 7, 9], [8, 19, 9, 20], [10, 15, 11, 16], [12, 24, 13, 23], [14, 5, 15, 6], [16, 4, 17, 3], [18, 1, 19, 2], [20, 7, 21, 8], [22, 17, 23, 18], [24, 14, 1, 13]]"
12a_0703_50,"[[24, 14, 1, 13], [2, 21, 3, 22], [4, 11, 5, 12], [6, 10, 7, 9], [8, 19, 9, 20], [10, 15, 11, 16], [12, 24, 13, 23], [14, 5, 15, 6], [16, 4, 17, 3], [18, 1, 19, 2], [20, 7, 21, 8], [22, 17, 23, 18]]"
12a_0703_51,"[[22, 17, 23, 18], [24, 14, 1, 13], [2, 21, 3, 22], [4, 11, 5, 12], [6, 10, 7, 9], [8, 19, 9, 20], [10, 15, 11, 16], [12, 24, 13, 23], [14, 5, 15, 6], [16, 4, 17, 3], [18, 1, 19, 2], [20, 7, 21, 8]]"
12a_0703_52,"[[20, 7, 21, 8], [22, 17, 23, 18], [24, 14, 1, 13], [2, 21, 3, 22], [4, 11, 5, 12], [6, 10, 7, 9], [8, 19, 9, 20], [10, 15, 11, 16], [12, 24, 13, 23], [14, 5, 15, 6], [16, 4, 17, 3], [18, 1, 19, 2]]"
12a_0703_53,"[[18, 1, 19, 2], [20, 7, 21, 8], [22, 17, 23, 18], [24, 14, 1, 13], [2, 21, 3, 22], [4, 11, 5, 12], [6, 10, 7, 9], [8, 19, 9, 20], [10, 15, 11, 16], [12, 24, 13, 23], [14, 5, 15, 6], [16, 4, 17, 3]]"
12a_0703_54,"[[16, 4, 17, 3], [18, 1, 19, 2], [20, 7, 21, 8], [22, 17, 23, 18], [24, 14, 1, 13], [2, 21, 3, 22], [4, 11, 5, 12], [6, 10, 7, 9], [8, 19, 9, 20], [10, 15, 11, 16], [12, 24, 13, 23], [14, 5, 15, 6]]"
12a_0703_55,"[[14, 5, 15, 6], [16, 4, 17, 3], [18, 1, 19, 2], [20, 7, 21, 8], [22, 17, 23, 18], [24, 14, 1, 13], [2, 21, 3, 22], [4, 11, 5, 12], [6, 10, 7, 9], [8, 19, 9, 20], [10, 15, 11, 16], [12, 24, 13, 23]]"
12a_0703_56,"[[12, 24, 13, 23], [14, 5, 15, 6], [16, 4, 17, 3], [18, 1, 19, 2], [20, 7, 21, 8], [22, 17, 23, 18], [24, 14, 1, 13], [2, 21, 3, 22], [4, 11, 5, 12], [6, 10, 7, 9], [8, 19, 9, 20], [10, 15, 11, 16]]"
12a_0703_57,"[[10, 15, 11, 16], [12, 24, 13, 23], [14, 5, 15, 6], [16, 4, 17, 3], [18, 1, 19, 2], [20, 7, 21, 8], [22, 17, 23, 18], [24, 14, 1, 13], [2, 21, 3, 22], [4, 11, 5, 12], [6, 10, 7, 9], [8, 19, 9, 20]]"
12a_0703_58,"[[8, 19, 9, 20], [10, 15, 11, 16], [12, 24, 13, 23], [14, 5, 15, 6], [16, 4, 17, 3], [18, 1, 19, 2], [20, 7, 21, 8], [22, 17, 23, 18], [24, 14, 1, 13], [2, 21, 3, 22], [4, 11, 5, 12], [6, 10, 7, 9]]"
12a_0703_59,"[[6, 10, 7, 9], [8, 19, 9, 20], [10, 15, 11, 16], [12, 24, 13, 23], [14, 5, 15, 6], [16, 4, 17, 3], [18, 1, 19, 2], [20, 7, 21, 8], [22, 17, 23, 18], [24, 14, 1, 13], [2, 21, 3, 22], [4, 11, 5, 12]]"
12a_0703_60,"[[5, 12, 6, 13], [7, 11, 8, 10], [9, 20, 10, 21], [11, 16, 12, 17], [13, 1, 14, 24], [15, 6, 16, 7], [17, 5, 18, 4], [19, 2, 20, 3], [21, 8, 22, 9], [23, 18, 24, 19], [1, 15, 2, 14], [3, 22, 4, 23]]"
12a_0703_61,"[[3, 22, 4, 23], [5, 12, 6, 13], [7, 11, 8, 10], [9, 20, 10, 21], [11, 16, 12, 17], [13, 1, 14, 24], [15, 6, 16, 7], [17, 5, 18, 4], [19, 2, 20, 3], [21, 8, 22, 9], [23, 18, 24, 19], [1, 15, 2, 14]]"
12a_0703_62,"[[1, 15, 2, 14], [3, 22, 4, 23], [5, 12, 6, 13], [7, 11, 8, 10], [9, 20, 10, 21], [11, 16, 12, 17], [13, 1, 14, 24], [15, 6, 16, 7], [17, 5, 18, 4], [19, 2, 20, 3], [21, 8, 22, 9], [23, 18, 24, 19]]"
12a_0703_63,"[[23, 18, 24, 19], [1, 15, 2, 14], [3, 22, 4, 23], [5, 12, 6, 13], [7, 11, 8, 10], [9, 20, 10, 21], [11, 16, 12, 17], [13, 1, 14, 24], [15, 6, 16, 7], [17, 5, 18, 4], [19, 2, 20, 3], [21, 8, 22, 9]]"
12a_0703_64,"[[21, 8, 22, 9], [23, 18, 24, 19], [1, 15, 2, 14], [3, 22, 4, 23], [5, 12, 6, 13], [7, 11, 8, 10], [9, 20, 10, 21], [11, 16, 12, 17], [13, 1, 14, 24], [15, 6, 16, 7], [17, 5, 18, 4], [19, 2, 20, 3]]"
12a_0703_65,"[[19, 2, 20, 3], [21, 8, 22, 9], [23, 18, 24, 19], [1, 15, 2, 14], [3, 22, 4, 23], [5, 12, 6, 13], [7, 11, 8, 10], [9, 20, 10, 21], [11, 16, 12, 17], [13, 1, 14, 24], [15, 6, 16, 7], [17, 5, 18, 4]]"
12a_0703_66,"[[17, 5, 18, 4], [19, 2, 20, 3], [21, 8, 22, 9], [23, 18, 24, 19], [1, 15, 2, 14], [3, 22, 4, 23], [5, 12, 6, 13], [7, 11, 8, 10], [9, 20, 10, 21], [11, 16, 12, 17], [13, 1, 14, 24], [15, 6, 16, 7]]"
12a_0703_67,"[[15, 6, 16, 7], [17, 5, 18, 4], [19, 2, 20, 3], [21, 8, 22, 9], [23, 18, 24, 19], [1, 15, 2, 14], [3, 22, 4, 23], [5, 12, 6, 13], [7, 11, 8, 10], [9, 20, 10, 21], [11, 16, 12, 17], [13, 1, 14, 24]]"
12a_0703_68,"[[13, 1, 14, 24], [15, 6, 16, 7], [17, 5, 18, 4], [19, 2, 20, 3], [21, 8, 22, 9], [23, 18, 24, 19], [1, 15, 2, 14], [3, 22, 4, 23], [5, 12, 6, 13], [7, 11, 8, 10], [9, 20, 10, 21], [11, 16, 12, 17]]"
12a_0703_69,"[[11, 16, 12, 17], [13, 1, 14, 24], [15, 6, 16, 7], [17, 5, 18, 4], [19, 2, 20, 3], [21, 8, 22, 9], [23, 18, 24, 19], [1, 15, 2, 14], [3, 22, 4, 23], [5, 12, 6, 13], [7, 11, 8, 10], [9, 20, 10, 21]]"
12a_0703_70,"[[9, 20, 10, 21], [11, 16, 12, 17], [13, 1, 14, 24], [15, 6, 16, 7], [17, 5, 18, 4], [19, 2, 20, 3], [21, 8, 22, 9], [23, 18, 24, 19], [1, 15, 2, 14], [3, 22, 4, 23], [5, 12, 6, 13], [7, 11, 8, 10]]"
12a_0703_71,"[[7, 11, 8, 10], [9, 20, 10, 21], [11, 16, 12, 17], [13, 1, 14, 24], [15, 6, 16, 7], [17, 5, 18, 4], [19, 2, 20, 3], [21, 8, 22, 9], [23, 18, 24, 19], [1, 15, 2, 14], [3, 22, 4, 23], [5, 12, 6, 13]]"
12a_0703_72,"[[6, 13, 7, 14], [8, 12, 9, 11], [10, 21, 11, 22], [12, 17, 13, 18], [14, 2, 15, 1], [16, 7, 17, 8], [18, 6, 19, 5], [20, 3, 21, 4], [22, 9, 23, 10], [24, 19, 1, 20], [2, 16, 3, 15], [4, 23, 5, 24]]"
12a_0703_73,"[[4, 23, 5, 24], [6, 13, 7, 14], [8, 12, 9, 11], [10, 21, 11, 22], [12, 17, 13, 18], [14, 2, 15, 1], [16, 7, 17, 8], [18, 6, 19, 5], [20, 3, 21, 4], [22, 9, 23, 10], [24, 19, 1, 20], [2, 16, 3, 15]]"
12a_0703_74,"[[2, 16, 3, 15], [4, 23, 5, 24], [6, 13, 7, 14], [8, 12, 9, 11], [10, 21, 11, 22], [12, 17, 13, 18], [14, 2, 15, 1], [16, 7, 17, 8], [18, 6, 19, 5], [20, 3, 21, 4], [22, 9, 23, 10], [24, 19, 1, 20]]"
12a_0703_75,"[[24, 19, 1, 20], [2, 16, 3, 15], [4, 23, 5, 24], [6, 13, 7, 14], [8, 12, 9, 11], [10, 21, 11, 22], [12, 17, 13, 18], [14, 2, 15, 1], [16, 7, 17, 8], [18, 6, 19, 5], [20, 3, 21, 4], [22, 9, 23, 10]]"
12a_0703_76,"[[22, 9, 23, 10], [24, 19, 1, 20], [2, 16, 3, 15], [4, 23, 5, 24], [6, 13, 7, 14], [8, 12, 9, 11], [10, 21, 11, 22], [12, 17, 13, 18], [14, 2, 15, 1], [16, 7, 17, 8], [18, 6, 19, 5], [20, 3, 21, 4]]"
12a_0703_77,"[[20, 3, 21, 4], [22, 9, 23, 10], [24, 19, 1, 20], [2, 16, 3, 15], [4, 23, 5, 24], [6, 13, 7, 14], [8, 12, 9, 11], [10, 21, 11, 22], [12, 17, 13, 18], [14, 2, 15, 1], [16, 7, 17, 8], [18, 6, 19, 5]]"
12a_0703_78,"[[18, 6, 19, 5], [20, 3, 21, 4], [22, 9, 23, 10], [24, 19, 1, 20], [2, 16, 3, 15], [4, 23, 5, 24], [6, 13, 7, 14], [8, 12, 9, 11], [10, 21, 11, 22], [12, 17, 13, 18], [14, 2, 15, 1], [16, 7, 17, 8]]"
12a_0703_79,"[[16, 7, 17, 8], [18, 6, 19, 5], [20, 3, 21, 4], [22, 9, 23, 10], [24, 19, 1, 20], [2, 16, 3, 15], [4, 23, 5, 24], [6, 13, 7, 14], [8, 12, 9, 11], [10, 21, 11, 22], [12, 17, 13, 18], [14, 2, 15, 1]]"
12a_0703_80,"[[14, 2, 15, 1], [16, 7, 17, 8], [18, 6, 19, 5], [20, 3, 21, 4], [22, 9, 23, 10], [24, 19, 1, 20], [2, 16, 3, 15], [4, 23, 5, 24], [6, 13, 7, 14], [8, 12, 9, 11], [10, 21, 11, 22], [12, 17, 13, 18]]"
12a_0703_81,"[[12, 17, 13, 18], [14, 2, 15, 1], [16, 7, 17, 8], [18, 6, 19, 5], [20, 3, 21, 4], [22, 9, 23, 10], [24, 19, 1, 20], [2, 16, 3, 15], [4, 23, 5, 24], [6, 13, 7, 14], [8, 12, 9, 11], [10, 21, 11, 22]]"
12a_0703_82,"[[10, 21, 11, 22], [12, 17, 13, 18], [14, 2, 15, 1], [16, 7, 17, 8], [18, 6, 19, 5], [20, 3, 21, 4], [22, 9, 23, 10], [24, 19, 1, 20], [2, 16, 3, 15], [4, 23, 5, 24], [6, 13, 7, 14], [8, 12, 9, 11]]"
12a_0703_83,"[[8, 12, 9, 11], [10, 21, 11, 22], [12, 17, 13, 18], [14, 2, 15, 1], [16, 7, 17, 8], [18, 6, 19, 5], [20, 3, 21, 4], [22, 9, 23, 10], [24, 19, 1, 20], [2, 16, 3, 15], [4, 23, 5, 24], [6, 13, 7, 14]]"
12a_0703_84,"[[7, 14, 8, 15], [9, 13, 10, 12], [11, 22, 12, 23], [13, 18, 14, 19], [15, 3, 16, 2], [17, 8, 18, 9], [19, 7, 20, 6], [21, 4, 22, 5], [23, 10, 24, 11], [1, 20, 2, 21], [3, 17, 4, 16], [5, 24, 6, 1]]"
12a_0703_85,"[[5, 24, 6, 1], [7, 14, 8, 15], [9, 13, 10, 12], [11, 22, 12, 23], [13, 18, 14, 19], [15, 3, 16, 2], [17, 8, 18, 9], [19, 7, 20, 6], [21, 4, 22, 5], [23, 10, 24, 11], [1, 20, 2, 21], [3, 17, 4, 16]]"
12a_0703_86,"[[3, 17, 4, 16], [5, 24, 6, 1], [7, 14, 8, 15], [9, 13, 10, 12], [11, 22, 12, 23], [13, 18, 14, 19], [15, 3, 16, 2], [17, 8, 18, 9], [19, 7, 20, 6], [21, 4, 22, 5], [23, 10, 24, 11], [1, 20, 2, 21]]"
12a_0703_87,"[[1, 20, 2, 21], [3, 17, 4, 16], [5, 24, 6, 1], [7, 14, 8, 15], [9, 13, 10, 12], [11, 22, 12, 23], [13, 18, 14, 19], [15, 3, 16, 2], [17, 8, 18, 9], [19, 7, 20, 6], [21, 4, 22, 5], [23, 10, 24, 11]]"
12a_0703_88,"[[23, 10, 24, 11], [1, 20, 2, 21], [3, 17, 4, 16], [5, 24, 6, 1], [7, 14, 8, 15], [9, 13, 10, 12], [11, 22, 12, 23], [13, 18, 14, 19], [15, 3, 16, 2], [17, 8, 18, 9], [19, 7, 20, 6], [21, 4, 22, 5]]"
12a_0703_89,"[[21, 4, 22, 5], [23, 10, 24, 11], [1, 20, 2, 21], [3, 17, 4, 16], [5, 24, 6, 1], [7, 14, 8, 15], [9, 13, 10, 12], [11, 22, 12, 23], [13, 18, 14, 19], [15, 3, 16, 2], [17, 8, 18, 9], [19, 7, 20, 6]]"
12a_0703_90,"[[19, 7, 20, 6], [21, 4, 22, 5], [23, 10, 24, 11], [1, 20, 2, 21], [3, 17, 4, 16], [5, 24, 6, 1], [7, 14, 8, 15], [9, 13, 10, 12], [11, 22, 12, 23], [13, 18, 14, 19], [15, 3, 16, 2], [17, 8, 18, 9]]"
12a_0703_91,"[[17, 8, 18, 9], [19, 7, 20, 6], [21, 4, 22, 5], [23, 10, 24, 11], [1, 20, 2, 21], [3, 17, 4, 16], [5, 24, 6, 1], [7, 14, 8, 15], [9, 13, 10, 12], [11, 22, 12, 23], [13, 18, 14, 19], [15, 3, 16, 2]]"
12a_0703_92,"[[15, 3, 16, 2], [17, 8, 18, 9], [19, 7, 20, 6], [21, 4, 22, 5], [23, 10, 24, 11], [1, 20, 2, 21], [3, 17, 4, 16], [5, 24, 6, 1], [7, 14, 8, 15], [9, 13, 10, 12], [11, 22, 12, 23], [13, 18, 14, 19]]"
12a_0703_93,"[[13, 18, 14, 19], [15, 3, 16, 2], [17, 8, 18, 9], [19, 7, 20, 6], [21, 4, 22, 5], [23, 10, 24, 11], [1, 20, 2, 21], [3, 17, 4, 16], [5, 24, 6, 1], [7, 14, 8, 15], [9, 13, 10, 12], [11, 22, 12, 23]]"
12a_0703_94,"[[11, 22, 12, 23], [13, 18, 14, 19], [15, 3, 16, 2], [17, 8, 18, 9], [19, 7, 20, 6], [21, 4, 22, 5], [23, 10, 24, 11], [1, 20, 2, 21], [3, 17, 4, 16], [5, 24, 6, 1], [7, 14, 8, 15], [9, 13, 10, 12]]"
12a_0703_95,"[[9, 13, 10, 12], [11, 22, 12, 23], [13, 18, 14, 19], [15, 3, 16, 2], [17, 8, 18, 9], [19, 7, 20, 6], [21, 4, 22, 5], [23, 10, 24, 11], [1, 20, 2, 21], [3, 17, 4, 16], [5, 24, 6, 1], [7, 14, 8, 15]]"
12a_0703_96,"[[8, 15, 9, 16], [10, 14, 11, 13], [12, 23, 13, 24], [14, 19, 15, 20], [16, 4, 17, 3], [18, 9, 19, 10], [20, 8, 21, 7], [22, 5, 23, 6], [24, 11, 1, 12], [2, 21, 3, 22], [4, 18, 5, 17], [6, 1, 7, 2]]"
12a_0703_97,"[[6, 1, 7, 2], [8, 15, 9, 16], [10, 14, 11, 13], [12, 23, 13, 24], [14, 19, 15, 20], [16, 4, 17, 3], [18, 9, 19, 10], [20, 8, 21, 7], [22, 5, 23, 6], [24, 11, 1, 12], [2, 21, 3, 22], [4, 18, 5, 17]]"
12a_0703_98,"[[4, 18, 5, 17], [6, 1, 7, 2], [8, 15, 9, 16], [10, 14, 11, 13], [12, 23, 13, 24], [14, 19, 15, 20], [16, 4, 17, 3], [18, 9, 19, 10], [20, 8, 21, 7], [22, 5, 23, 6], [24, 11, 1, 12], [2, 21, 3, 22]]"
12a_0703_99,"[[2, 21, 3, 22], [4, 18, 5, 17], [6, 1, 7, 2], [8, 15, 9, 16], [10, 14, 11, 13], [12, 23, 13, 24], [14, 19, 15, 20], [16, 4, 17, 3], [18, 9, 19, 10], [20, 8, 21, 7], [22, 5, 23, 6], [24, 11, 1, 12]]"
12a_0703_100,"[[24, 11, 1, 12], [2, 21, 3, 22], [4, 18, 5, 17], [6, 1, 7, 2], [8, 15, 9, 16], [10, 14, 11, 13], [12, 23, 13, 24], [14, 19, 15, 20], [16, 4, 17, 3], [18, 9, 19, 10], [20, 8, 21, 7], [22, 5, 23, 6]]"
12a_0703_101,"[[22, 5, 23, 6], [24, 11, 1, 12], [2, 21, 3, 22], [4, 18, 5, 17], [6, 1, 7, 2], [8, 15, 9, 16], [10, 14, 11, 13], [12, 23, 13, 24], [14, 19, 15, 20], [16, 4, 17, 3], [18, 9, 19, 10], [20, 8, 21, 7]]"
12a_0703_102,"[[20, 8, 21, 7], [22, 5, 23, 6], [24, 11, 1, 12], [2, 21, 3, 22], [4, 18, 5, 17], [6, 1, 7, 2], [8, 15, 9, 16], [10, 14, 11, 13], [12, 23, 13, 24], [14, 19, 15, 20], [16, 4, 17, 3], [18, 9, 19, 10]]"
12a_0703_103,"[[18, 9, 19, 10], [20, 8, 21, 7], [22, 5, 23, 6], [24, 11, 1, 12], [2, 21, 3, 22], [4, 18, 5, 17], [6, 1, 7, 2], [8, 15, 9, 16], [10, 14, 11, 13], [12, 23, 13, 24], [14, 19, 15, 20], [16, 4, 17, 3]]"
12a_0703_104,"[[16, 4, 17, 3], [18, 9, 19, 10], [20, 8, 21, 7], [22, 5, 23, 6], [24, 11, 1, 12], [2, 21, 3, 22], [4, 18, 5, 17], [6, 1, 7, 2], [8, 15, 9, 16], [10, 14, 11, 13], [12, 23, 13, 24], [14, 19, 15, 20]]"
12a_0703_105,"[[14, 19, 15, 20], [16, 4, 17, 3], [18, 9, 19, 10], [20, 8, 21, 7], [22, 5, 23, 6], [24, 11, 1, 12], [2, 21, 3, 22], [4, 18, 5, 17], [6, 1, 7, 2], [8, 15, 9, 16], [10, 14, 11, 13], [12, 23, 13, 24]]"
12a_0703_106,"[[12, 23, 13, 24], [14, 19, 15, 20], [16, 4, 17, 3], [18, 9, 19, 10], [20, 8, 21, 7], [22, 5, 23, 6], [24, 11, 1, 12], [2, 21, 3, 22], [4, 18, 5, 17], [6, 1, 7, 2], [8, 15, 9, 16], [10, 14, 11, 13]]"
12a_0703_107,"[[10, 14, 11, 13], [12, 23, 13, 24], [14, 19, 15, 20], [16, 4, 17, 3], [18, 9, 19, 10], [20, 8, 21, 7], [22, 5, 23, 6], [24, 11, 1, 12], [2, 21, 3, 22], [4, 18, 5, 17], [6, 1, 7, 2], [8, 15, 9, 16]]"
12a_0703_108,"[[9, 16, 10, 17], [11, 15, 12, 14], [13, 24, 14, 1], [15, 20, 16, 21], [17, 5, 18, 4], [19, 10, 20, 11], [21, 9, 22, 8], [23, 6, 24, 7], [1, 12, 2, 13], [3, 22, 4, 23], [5, 19, 6, 18], [7, 2, 8, 3]]"
12a_0703_109,"[[7, 2, 8, 3], [9, 16, 10, 17], [11, 15, 12, 14], [13, 24, 14, 1], [15, 20, 16, 21], [17, 5, 18, 4], [19, 10, 20, 11], [21, 9, 22, 8], [23, 6, 24, 7], [1, 12, 2, 13], [3, 22, 4, 23], [5, 19, 6, 18]]"
12a_0703_110,"[[5, 19, 6, 18], [7, 2, 8, 3], [9, 16, 10, 17], [11, 15, 12, 14], [13, 24, 14, 1], [15, 20, 16, 21], [17, 5, 18, 4], [19, 10, 20, 11], [21, 9, 22, 8], [23, 6, 24, 7], [1, 12, 2, 13], [3, 22, 4, 23]]"
12a_0703_111,"[[3, 22, 4, 23], [5, 19, 6, 18], [7, 2, 8, 3], [9, 16, 10, 17], [11, 15, 12, 14], [13, 24, 14, 1], [15, 20, 16, 21], [17, 5, 18, 4], [19, 10, 20, 11], [21, 9, 22, 8], [23, 6, 24, 7], [1, 12, 2, 13]]"
12a_0703_112,"[[1, 12, 2, 13], [3, 22, 4, 23], [5, 19, 6, 18], [7, 2, 8, 3], [9, 16, 10, 17], [11, 15, 12, 14], [13, 24, 14, 1], [15, 20, 16, 21], [17, 5, 18, 4], [19, 10, 20, 11], [21, 9, 22, 8], [23, 6, 24, 7]]"
12a_0703_113,"[[23, 6, 24, 7], [1, 12, 2, 13], [3, 22, 4, 23], [5, 19, 6, 18], [7, 2, 8, 3], [9, 16, 10, 17], [11, 15, 12, 14], [13, 24, 14, 1], [15, 20, 16, 21], [17, 5, 18, 4], [19, 10, 20, 11], [21, 9, 22, 8]]"
12a_0703_114,"[[21, 9, 22, 8], [23, 6, 24, 7], [1, 12, 2, 13], [3, 22, 4, 23], [5, 19, 6, 18], [7, 2, 8, 3], [9, 16, 10, 17], [11, 15, 12, 14], [13, 24, 14, 1], [15, 20, 16, 21], [17, 5, 18, 4], [19, 10, 20, 11]]"
12a_0703_115,"[[19, 10, 20, 11], [21, 9, 22, 8], [23, 6, 24, 7], [1, 12, 2, 13], [3, 22, 4, 23], [5, 19, 6, 18], [7, 2, 8, 3], [9, 16, 10, 17], [11, 15, 12, 14], [13, 24, 14, 1], [15, 20, 16, 21], [17, 5, 18, 4]]"
12a_0703_116,"[[17, 5, 18, 4], [19, 10, 20, 11], [21, 9, 22, 8], [23, 6, 24, 7], [1, 12, 2, 13], [3, 22, 4, 23], [5, 19, 6, 18], [7, 2, 8, 3], [9, 16, 10, 17], [11, 15, 12, 14], [13, 24, 14, 1], [15, 20, 16, 21]]"
12a_0703_117,"[[15, 20, 16, 21], [17, 5, 18, 4], [19, 10, 20, 11], [21, 9, 22, 8], [23, 6, 24, 7], [1, 12, 2, 13], [3, 22, 4, 23], [5, 19, 6, 18], [7, 2, 8, 3], [9, 16, 10, 17], [11, 15, 12, 14], [13, 24, 14, 1]]"
12a_0703_118,"[[13, 24, 14, 1], [15, 20, 16, 21], [17, 5, 18, 4], [19, 10, 20, 11], [21, 9, 22, 8], [23, 6, 24, 7], [1, 12, 2, 13], [3, 22, 4, 23], [5, 19, 6, 18], [7, 2, 8, 3], [9, 16, 10, 17], [11, 15, 12, 14]]"
12a_0703_119,"[[11, 15, 12, 14], [13, 24, 14, 1], [15, 20, 16, 21], [17, 5, 18, 4], [19, 10, 20, 11], [21, 9, 22, 8], [23, 6, 24, 7], [1, 12, 2, 13], [3, 22, 4, 23], [5, 19, 6, 18], [7, 2, 8, 3], [9, 16, 10, 17]]"
12a_0703_120,"[[10, 17, 11, 18], [12, 16, 13, 15], [14, 1, 15, 2], [16, 21, 17, 22], [18, 6, 19, 5], [20, 11, 21, 12], [22, 10, 23, 9], [24, 7, 1, 8], [2, 13, 3, 14], [4, 23, 5, 24], [6, 20, 7, 19], [8, 3, 9, 4]]"
12a_0703_121,"[[8, 3, 9, 4], [10, 17, 11, 18], [12, 16, 13, 15], [14, 1, 15, 2], [16, 21, 17, 22], [18, 6, 19, 5], [20, 11, 21, 12], [22, 10, 23, 9], [24, 7, 1, 8], [2, 13, 3, 14], [4, 23, 5, 24], [6, 20, 7, 19]]"
12a_0703_122,"[[6, 20, 7, 19], [8, 3, 9, 4], [10, 17, 11, 18], [12, 16, 13, 15], [14, 1, 15, 2], [16, 21, 17, 22], [18, 6, 19, 5], [20, 11, 21, 12], [22, 10, 23, 9], [24, 7, 1, 8], [2, 13, 3, 14], [4, 23, 5, 24]]"
12a_0703_123,"[[4, 23, 5, 24], [6, 20, 7, 19], [8, 3, 9, 4], [10, 17, 11, 18], [12, 16, 13, 15], [14, 1, 15, 2], [16, 21, 17, 22], [18, 6, 19, 5], [20, 11, 21, 12], [22, 10, 23, 9], [24, 7, 1, 8], [2, 13, 3, 14]]"
12a_0703_124,"[[2, 13, 3, 14], [4, 23, 5, 24], [6, 20, 7, 19], [8, 3, 9, 4], [10, 17, 11, 18], [12, 16, 13, 15], [14, 1, 15, 2], [16, 21, 17, 22], [18, 6, 19, 5], [20, 11, 21, 12], [22, 10, 23, 9], [24, 7, 1, 8]]"
12a_0703_125,"[[24, 7, 1, 8], [2, 13, 3, 14], [4, 23, 5, 24], [6, 20, 7, 19], [8, 3, 9, 4], [10, 17, 11, 18], [12, 16, 13, 15], [14, 1, 15, 2], [16, 21, 17, 22], [18, 6, 19, 5], [20, 11, 21, 12], [22, 10, 23, 9]]"
12a_0703_126,"[[22, 10, 23, 9], [24, 7, 1, 8], [2, 13, 3, 14], [4, 23, 5, 24], [6, 20, 7, 19], [8, 3, 9, 4], [10, 17, 11, 18], [12, 16, 13, 15], [14, 1, 15, 2], [16, 21, 17, 22], [18, 6, 19, 5], [20, 11, 21, 12]]"
12a_0703_127,"[[20, 11, 21, 12], [22, 10, 23, 9], [24, 7, 1, 8], [2, 13, 3, 14], [4, 23, 5, 24], [6, 20, 7, 19], [8, 3, 9, 4], [10, 17, 11, 18], [12, 16, 13, 15], [14, 1, 15, 2], [16, 21, 17, 22], [18, 6, 19, 5]]"
12a_0703_128,"[[18, 6, 19, 5], [20, 11, 21, 12], [22, 10, 23, 9], [24, 7, 1, 8], [2, 13, 3, 14], [4, 23, 5, 24], [6, 20, 7, 19], [8, 3, 9, 4], [10, 17, 11, 18], [12, 16, 13, 15], [14, 1, 15, 2], [16, 21, 17, 22]]"
12a_0703_129,"[[16, 21, 17, 22], [18, 6, 19, 5], [20, 11, 21, 12], [22, 10, 23, 9], [24, 7, 1, 8], [2, 13, 3, 14], [4, 23, 5, 24], [6, 20, 7, 19], [8, 3, 9, 4], [10, 17, 11, 18], [12, 16, 13, 15], [14, 1, 15, 2]]"
12a_0703_130,"[[14, 1, 15, 2], [16, 21, 17, 22], [18, 6, 19, 5], [20, 11, 21, 12], [22, 10, 23, 9], [24, 7, 1, 8], [2, 13, 3, 14], [4, 23, 5, 24], [6, 20, 7, 19], [8, 3, 9, 4], [10, 17, 11, 18], [12, 16, 13, 15]]"
12a_0703_131,"[[12, 16, 13, 15], [14, 1, 15, 2], [16, 21, 17, 22], [18, 6, 19, 5], [20, 11, 21, 12], [22, 10, 23, 9], [24, 7, 1, 8], [2, 13, 3, 14], [4, 23, 5, 24], [6, 20, 7, 19], [8, 3, 9, 4], [10, 17, 11, 18]]"
12a_0703_132,"[[11, 18, 12, 19], [13, 17, 14, 16], [15, 2, 16, 3], [17, 22, 18, 23], [19, 7, 20, 6], [21, 12, 22, 13], [23, 11, 24, 10], [1, 8, 2, 9], [3, 14, 4, 15], [5, 24, 6, 1], [7, 21, 8, 20], [9, 4, 10, 5]]"
12a_0703_133,"[[9, 4, 10, 5], [11, 18, 12, 19], [13, 17, 14, 16], [15, 2, 16, 3], [17, 22, 18, 23], [19, 7, 20, 6], [21, 12, 22, 13], [23, 11, 24, 10], [1, 8, 2, 9], [3, 14, 4, 15], [5, 24, 6, 1], [7, 21, 8, 20]]"
12a_0703_134,"[[7, 21, 8, 20], [9, 4, 10, 5], [11, 18, 12, 19], [13, 17, 14, 16], [15, 2, 16, 3], [17, 22, 18, 23], [19, 7, 20, 6], [21, 12, 22, 13], [23, 11, 24, 10], [1, 8, 2, 9], [3, 14, 4, 15], [5, 24, 6, 1]]"
12a_0703_135,"[[5, 24, 6, 1], [7, 21, 8, 20], [9, 4, 10, 5], [11, 18, 12, 19], [13, 17, 14, 16], [15, 2, 16, 3], [17, 22, 18, 23], [19, 7, 20, 6], [21, 12, 22, 13], [23, 11, 24, 10], [1, 8, 2, 9], [3, 14, 4, 15]]"
12a_0703_136,"[[3, 14, 4, 15], [5, 24, 6, 1], [7, 21, 8, 20], [9, 4, 10, 5], [11, 18, 12, 19], [13, 17, 14, 16], [15, 2, 16, 3], [17, 22, 18, 23], [19, 7, 20, 6], [21, 12, 22, 13], [23, 11, 24, 10], [1, 8, 2, 9]]"
12a_0703_137,"[[1, 8, 2, 9], [3, 14, 4, 15], [5, 24, 6, 1], [7, 21, 8, 20], [9, 4, 10, 5], [11, 18, 12, 19], [13, 17, 14, 16], [15, 2, 16, 3], [17, 22, 18, 23], [19, 7, 20, 6], [21, 12, 22, 13], [23, 11, 24, 10]]"
12a_0703_138,"[[23, 11, 24, 10], [1, 8, 2, 9], [3, 14, 4, 15], [5, 24, 6, 1], [7, 21, 8, 20], [9, 4, 10, 5], [11, 18, 12, 19], [13, 17, 14, 16], [15, 2, 16, 3], [17, 22, 18, 23], [19, 7, 20, 6], [21, 12, 22, 13]]"
12a_0703_139,"[[21, 12, 22, 13], [23, 11, 24, 10], [1, 8, 2, 9], [3, 14, 4, 15], [5, 24, 6, 1], [7, 21, 8, 20], [9, 4, 10, 5], [11, 18, 12, 19], [13, 17, 14, 16], [15, 2, 16, 3], [17, 22, 18, 23], [19, 7, 20, 6]]"
12a_0703_140,"[[19, 7, 20, 6], [21, 12, 22, 13], [23, 11, 24, 10], [1, 8, 2, 9], [3, 14, 4, 15], [5, 24, 6, 1], [7, 21, 8, 20], [9, 4, 10, 5], [11, 18, 12, 19], [13, 17, 14, 16], [15, 2, 16, 3], [17, 22, 18, 23]]"
12a_0703_141,"[[17, 22, 18, 23], [19, 7, 20, 6], [21, 12, 22, 13], [23, 11, 24, 10], [1, 8, 2, 9], [3, 14, 4, 15], [5, 24, 6, 1], [7, 21, 8, 20], [9, 4, 10, 5], [11, 18, 12, 19], [13, 17, 14, 16], [15, 2, 16, 3]]"
12a_0703_142,"[[15, 2, 16, 3], [17, 22, 18, 23], [19, 7, 20, 6], [21, 12, 22, 13], [23, 11, 24, 10], [1, 8, 2, 9], [3, 14, 4, 15], [5, 24, 6, 1], [7, 21, 8, 20], [9, 4, 10, 5], [11, 18, 12, 19], [13, 17, 14, 16]]"
12a_0703_143,"[[13, 17, 14, 16], [15, 2, 16, 3], [17, 22, 18, 23], [19, 7, 20, 6], [21, 12, 22, 13], [23, 11, 24, 10], [1, 8, 2, 9], [3, 14, 4, 15], [5, 24, 6, 1], [7, 21, 8, 20], [9, 4, 10, 5], [11, 18, 12, 19]]"
12a_0703_144,"[[12, 19, 13, 20], [14, 18, 15, 17], [16, 3, 17, 4], [18, 23, 19, 24], [20, 8, 21, 7], [22, 13, 23, 14], [24, 12, 1, 11], [2, 9, 3, 10], [4, 15, 5, 16], [6, 1, 7, 2], [8, 22, 9, 21], [10, 5, 11, 6]]"
12a_0703_145,"[[10, 5, 11, 6], [12, 19, 13, 20], [14, 18, 15, 17], [16, 3, 17, 4], [18, 23, 19, 24], [20, 8, 21, 7], [22, 13, 23, 14], [24, 12, 1, 11], [2, 9, 3, 10], [4, 15, 5, 16], [6, 1, 7, 2], [8, 22, 9, 21]]"
12a_0703_146,"[[8, 22, 9, 21], [10, 5, 11, 6], [12, 19, 13, 20], [14, 18, 15, 17], [16, 3, 17, 4], [18, 23, 19, 24], [20, 8, 21, 7], [22, 13, 23, 14], [24, 12, 1, 11], [2, 9, 3, 10], [4, 15, 5, 16], [6, 1, 7, 2]]"
12a_0703_147,"[[6, 1, 7, 2], [8, 22, 9, 21], [10, 5, 11, 6], [12, 19, 13, 20], [14, 18, 15, 17], [16, 3, 17, 4], [18, 23, 19, 24], [20, 8, 21, 7], [22, 13, 23, 14], [24, 12, 1, 11], [2, 9, 3, 10], [4, 15, 5, 16]]"
12a_0703_148,"[[4, 15, 5, 16], [6, 1, 7, 2], [8, 22, 9, 21], [10, 5, 11, 6], [12, 19, 13, 20], [14, 18, 15, 17], [16, 3, 17, 4], [18, 23, 19, 24], [20, 8, 21, 7], [22, 13, 23, 14], [24, 12, 1, 11], [2, 9, 3, 10]]"
12a_0703_149,"[[2, 9, 3, 10], [4, 15, 5, 16], [6, 1, 7, 2], [8, 22, 9, 21], [10, 5, 11, 6], [12, 19, 13, 20], [14, 18, 15, 17], [16, 3, 17, 4], [18, 23, 19, 24], [20, 8, 21, 7], [22, 13, 23, 14], [24, 12, 1, 11]]"
12a_0703_150,"[[24, 12, 1, 11], [2, 9, 3, 10], [4, 15, 5, 16], [6, 1, 7, 2], [8, 22, 9, 21], [10, 5, 11, 6], [12, 19, 13, 20], [14, 18, 15, 17], [16, 3, 17, 4], [18, 23, 19, 24], [20, 8, 21, 7], [22, 13, 23, 14]]"
12a_0703_151,"[[22, 13, 23, 14], [24, 12, 1, 11], [2, 9, 3, 10], [4, 15, 5, 16], [6, 1, 7, 2], [8, 22, 9, 21], [10, 5, 11, 6], [12, 19, 13, 20], [14, 18, 15, 17], [16, 3, 17, 4], [18, 23, 19, 24], [20, 8, 21, 7]]"
12a_0703_152,"[[20, 8, 21, 7], [22, 13, 23, 14], [24, 12, 1, 11], [2, 9, 3, 10], [4, 15, 5, 16], [6, 1, 7, 2], [8, 22, 9, 21], [10, 5, 11, 6], [12, 19, 13, 20], [14, 18, 15, 17], [16, 3, 17, 4], [18, 23, 19, 24]]"
12a_0703_153,"[[18, 23, 19, 24], [20, 8, 21, 7], [22, 13, 23, 14], [24, 12, 1, 11], [2, 9, 3, 10], [4, 15, 5, 16], [6, 1, 7, 2], [8, 22, 9, 21], [10, 5, 11, 6], [12, 19, 13, 20], [14, 18, 15, 17], [16, 3, 17, 4]]"
12a_0703_154,"[[16, 3, 17, 4], [18, 23, 19, 24], [20, 8, 21, 7], [22, 13, 23, 14], [24, 12, 1, 11], [2, 9, 3, 10], [4, 15, 5, 16], [6, 1, 7, 2], [8, 22, 9, 21], [10, 5, 11, 6], [12, 19, 13, 20], [14, 18, 15, 17]]"
12a_0703_155,"[[14, 18, 15, 17], [16, 3, 17, 4], [18, 23, 19, 24], [20, 8, 21, 7], [22, 13, 23, 14], [24, 12, 1, 11], [2, 9, 3, 10], [4, 15, 5, 16], [6, 1, 7, 2], [8, 22, 9, 21], [10, 5, 11, 6], [12, 19, 13, 20]]"
12a_0703_156,"[[13, 20, 14, 21], [15, 19, 16, 18], [17, 4, 18, 5], [19, 24, 20, 1], [21, 9, 22, 8], [23, 14, 24, 15], [1, 13, 2, 12], [3, 10, 4, 11], [5, 16, 6, 17], [7, 2, 8, 3], [9, 23, 10, 22], [11, 6, 12, 7]]"
12a_0703_157,"[[11, 6, 12, 7], [13, 20, 14, 21], [15, 19, 16, 18], [17, 4, 18, 5], [19, 24, 20, 1], [21, 9, 22, 8], [23, 14, 24, 15], [1, 13, 2, 12], [3, 10, 4, 11], [5, 16, 6, 17], [7, 2, 8, 3], [9, 23, 10, 22]]"
12a_0703_158,"[[9, 23, 10, 22], [11, 6, 12, 7], [13, 20, 14, 21], [15, 19, 16, 18], [17, 4, 18, 5], [19, 24, 20, 1], [21, 9, 22, 8], [23, 14, 24, 15], [1, 13, 2, 12], [3, 10, 4, 11], [5, 16, 6, 17], [7, 2, 8, 3]]"
12a_0703_159,"[[7, 2, 8, 3], [9, 23, 10, 22], [11, 6, 12, 7], [13, 20, 14, 21], [15, 19, 16, 18], [17, 4, 18, 5], [19, 24, 20, 1], [21, 9, 22, 8], [23, 14, 24, 15], [1, 13, 2, 12], [3, 10, 4, 11], [5, 16, 6, 17]]"
12a_0703_160,"[[5, 16, 6, 17], [7, 2, 8, 3], [9, 23, 10, 22], [11, 6, 12, 7], [13, 20, 14, 21], [15, 19, 16, 18], [17, 4, 18, 5], [19, 24, 20, 1], [21, 9, 22, 8], [23, 14, 24, 15], [1, 13, 2, 12], [3, 10, 4, 11]]"
12a_0703_161,"[[3, 10, 4, 11], [5, 16, 6, 17], [7, 2, 8, 3], [9, 23, 10, 22], [11, 6, 12, 7], [13, 20, 14, 21], [15, 19, 16, 18], [17, 4, 18, 5], [19, 24, 20, 1], [21, 9, 22, 8], [23, 14, 24, 15], [1, 13, 2, 12]]"
12a_0703_162,"[[1, 13, 2, 12], [3, 10, 4, 11], [5, 16, 6, 17], [7, 2, 8, 3], [9, 23, 10, 22], [11, 6, 12, 7], [13, 20, 14, 21], [15, 19, 16, 18], [17, 4, 18, 5], [19, 24, 20, 1], [21, 9, 22, 8], [23, 14, 24, 15]]"
12a_0703_163,"[[23, 14, 24, 15], [1, 13, 2, 12], [3, 10, 4, 11], [5, 16, 6, 17], [7, 2, 8, 3], [9, 23, 10, 22], [11, 6, 12, 7], [13, 20, 14, 21], [15, 19, 16, 18], [17, 4, 18, 5], [19, 24, 20, 1], [21, 9, 22, 8]]"
12a_0703_164,"[[21, 9, 22, 8], [23, 14, 24, 15], [1, 13, 2, 12], [3, 10, 4, 11], [5, 16, 6, 17], [7, 2, 8, 3], [9, 23, 10, 22], [11, 6, 12, 7], [13, 20, 14, 21], [15, 19, 16, 18], [17, 4, 18, 5], [19, 24, 20, 1]]"
12a_0703_165,"[[19, 24, 20, 1], [21, 9, 22, 8], [23, 14, 24, 15], [1, 13, 2, 12], [3, 10, 4, 11], [5, 16, 6, 17], [7, 2, 8, 3], [9, 23, 10, 22], [11, 6, 12, 7], [13, 20, 14, 21], [15, 19, 16, 18], [17, 4, 18, 5]]"
12a_0703_166,"[[17, 4, 18, 5], [19, 24, 20, 1], [21, 9, 22, 8], [23, 14, 24, 15], [1, 13, 2, 12], [3, 10, 4, 11], [5, 16, 6, 17], [7, 2, 8, 3], [9, 23, 10, 22], [11, 6, 12, 7], [13, 20, 14, 21], [15, 19, 16, 18]]"
12a_0703_167,"[[15, 19, 16, 18], [17, 4, 18, 5], [19, 24, 20, 1], [21, 9, 22, 8], [23, 14, 24, 15], [1, 13, 2, 12], [3, 10, 4, 11], [5, 16, 6, 17], [7, 2, 8, 3], [9, 23, 10, 22], [11, 6, 12, 7], [13, 20, 14, 21]]"
12a_0703_168,"[[14, 21, 15, 22], [16, 20, 17, 19], [18, 5, 19, 6], [20, 1, 21, 2], [22, 10, 23, 9], [24, 15, 1, 16], [2, 14, 3, 13], [4, 11, 5, 12], [6, 17, 7, 18], [8, 3, 9, 4], [10, 24, 11, 23], [12, 7, 13, 8]]"
12a_0703_169,"[[12, 7, 13, 8], [14, 21, 15, 22], [16, 20, 17, 19], [18, 5, 19, 6], [20, 1, 21, 2], [22, 10, 23, 9], [24, 15, 1, 16], [2, 14, 3, 13], [4, 11, 5, 12], [6, 17, 7, 18], [8, 3, 9, 4], [10, 24, 11, 23]]"
12a_0703_170,"[[10, 24, 11, 23], [12, 7, 13, 8], [14, 21, 15, 22], [16, 20, 17, 19], [18, 5, 19, 6], [20, 1, 21, 2], [22, 10, 23, 9], [24, 15, 1, 16], [2, 14, 3, 13], [4, 11, 5, 12], [6, 17, 7, 18], [8, 3, 9, 4]]"
12a_0703_171,"[[8, 3, 9, 4], [10, 24, 11, 23], [12, 7, 13, 8], [14, 21, 15, 22], [16, 20, 17, 19], [18, 5, 19, 6], [20, 1, 21, 2], [22, 10, 23, 9], [24, 15, 1, 16], [2, 14, 3, 13], [4, 11, 5, 12], [6, 17, 7, 18]]"
12a_0703_172,"[[6, 17, 7, 18], [8, 3, 9, 4], [10, 24, 11, 23], [12, 7, 13, 8], [14, 21, 15, 22], [16, 20, 17, 19], [18, 5, 19, 6], [20, 1, 21, 2], [22, 10, 23, 9], [24, 15, 1, 16], [2, 14, 3, 13], [4, 11, 5, 12]]"
12a_0703_173,"[[4, 11, 5, 12], [6, 17, 7, 18], [8, 3, 9, 4], [10, 24, 11, 23], [12, 7, 13, 8], [14, 21, 15, 22], [16, 20, 17, 19], [18, 5, 19, 6], [20, 1, 21, 2], [22, 10, 23, 9], [24, 15, 1, 16], [2, 14, 3, 13]]"
12a_0703_174,"[[2, 14, 3, 13], [4, 11, 5, 12], [6, 17, 7, 18], [8, 3, 9, 4], [10, 24, 11, 23], [12, 7, 13, 8], [14, 21, 15, 22], [16, 20, 17, 19], [18, 5, 19, 6], [20, 1, 21, 2], [22, 10, 23, 9], [24, 15, 1, 16]]"
12a_0703_175,"[[24, 15, 1, 16], [2, 14, 3, 13], [4, 11, 5, 12], [6, 17, 7, 18], [8, 3, 9, 4], [10, 24, 11, 23], [12, 7, 13, 8], [14, 21, 15, 22], [16, 20, 17, 19], [18, 5, 19, 6], [20, 1, 21, 2], [22, 10, 23, 9]]"
12a_0703_176,"[[22, 10, 23, 9], [24, 15, 1, 16], [2, 14, 3, 13], [4, 11, 5, 12], [6, 17, 7, 18], [8, 3, 9, 4], [10, 24, 11, 23], [12, 7, 13, 8], [14, 21, 15, 22], [16, 20, 17, 19], [18, 5, 19, 6], [20, 1, 21, 2]]"
12a_0703_177,"[[20, 1, 21, 2], [22, 10, 23, 9], [24, 15, 1, 16], [2, 14, 3, 13], [4, 11, 5, 12], [6, 17, 7, 18], [8, 3, 9, 4], [10, 24, 11, 23], [12, 7, 13, 8], [14, 21, 15, 22], [16, 20, 17, 19], [18, 5, 19, 6]]"
12a_0703_178,"[[18, 5, 19, 6], [20, 1, 21, 2], [22, 10, 23, 9], [24, 15, 1, 16], [2, 14, 3, 13], [4, 11, 5, 12], [6, 17, 7, 18], [8, 3, 9, 4], [10, 24, 11, 23], [12, 7, 13, 8], [14, 21, 15, 22], [16, 20, 17, 19]]"
12a_0703_179,"[[16, 20, 17, 19], [18, 5, 19, 6], [20, 1, 21, 2], [22, 10, 23, 9], [24, 15, 1, 16], [2, 14, 3, 13], [4, 11, 5, 12], [6, 17, 7, 18], [8, 3, 9, 4], [10, 24, 11, 23], [12, 7, 13, 8], [14, 21, 15, 22]]"
12a_0703_180,"[[15, 22, 16, 23], [17, 21, 18, 20], [19, 6, 20, 7], [21, 2, 22, 3], [23, 11, 24, 10], [1, 16, 2, 17], [3, 15, 4, 14], [5, 12, 6, 13], [7, 18, 8, 19], [9, 4, 10, 5], [11, 1, 12, 24], [13, 8, 14, 9]]"
12a_0703_181,"[[13, 8, 14, 9], [15, 22, 16, 23], [17, 21, 18, 20], [19, 6, 20, 7], [21, 2, 22, 3], [23, 11, 24, 10], [1, 16, 2, 17], [3, 15, 4, 14], [5, 12, 6, 13], [7, 18, 8, 19], [9, 4, 10, 5], [11, 1, 12, 24]]"
12a_0703_182,"[[11, 1, 12, 24], [13, 8, 14, 9], [15, 22, 16, 23], [17, 21, 18, 20], [19, 6, 20, 7], [21, 2, 22, 3], [23, 11, 24, 10], [1, 16, 2, 17], [3, 15, 4, 14], [5, 12, 6, 13], [7, 18, 8, 19], [9, 4, 10, 5]]"
12a_0703_183,"[[9, 4, 10, 5], [11, 1, 12, 24], [13, 8, 14, 9], [15, 22, 16, 23], [17, 21, 18, 20], [19, 6, 20, 7], [21, 2, 22, 3], [23, 11, 24, 10], [1, 16, 2, 17], [3, 15, 4, 14], [5, 12, 6, 13], [7, 18, 8, 19]]"
12a_0703_184,"[[7, 18, 8, 19], [9, 4, 10, 5], [11, 1, 12, 24], [13, 8, 14, 9], [15, 22, 16, 23], [17, 21, 18, 20], [19, 6, 20, 7], [21, 2, 22, 3], [23, 11, 24, 10], [1, 16, 2, 17], [3, 15, 4, 14], [5, 12, 6, 13]]"
12a_0703_185,"[[5, 12, 6, 13], [7, 18, 8, 19], [9, 4, 10, 5], [11, 1, 12, 24], [13, 8, 14, 9], [15, 22, 16, 23], [17, 21, 18, 20], [19, 6, 20, 7], [21, 2, 22, 3], [23, 11, 24, 10], [1, 16, 2, 17], [3, 15, 4, 14]]"
