name,pd_notation
12a_0442_0,"[[24, 16, 1, 15], [2, 6, 3, 5], [4, 12, 5, 11], [6, 20, 7, 19], [8, 18, 9, 17], [10, 4, 11, 3], [12, 22, 13, 21], [14, 24, 15, 23], [16, 10, 17, 9], [18, 8, 19, 7], [20, 2, 21, 1], [22, 14, 23, 13]]"
12a_0442_1,"[[22, 14, 23, 13], [24, 16, 1, 15], [2, 6, 3, 5], [4, 12, 5, 11], [6, 20, 7, 19], [8, 18, 9, 17], [10, 4, 11, 3], [12, 22, 13, 21], [14, 24, 15, 23], [16, 10, 17, 9], [18, 8, 19, 7], [20, 2, 21, 1]]"
12a_0442_2,"[[20, 2, 21, 1], [22, 14, 23, 13], [24, 16, 1, 15], [2, 6, 3, 5], [4, 12, 5, 11], [6, 20, 7, 19], [8, 18, 9, 17], [10, 4, 11, 3], [12, 22, 13, 21], [14, 24, 15, 23], [16, 10, 17, 9], [18, 8, 19, 7]]"
12a_0442_3,"[[18, 8, 19, 7], [20, 2, 21, 1], [22, 14, 23, 13], [24, 16, 1, 15], [2, 6, 3, 5], [4, 12, 5, 11], [6, 20, 7, 19], [8, 18, 9, 17], [10, 4, 11, 3], [12, 22, 13, 21], [14, 24, 15, 23], [16, 10, 17, 9]]"
12a_0442_4,"[[16, 10, 17, 9], [18, 8, 19, 7], [20, 2, 21, 1], [22, 14, 23, 13], [24, 16, 1, 15], [2, 6, 3, 5], [4, 12, 5, 11], [6, 20, 7, 19], [8, 18, 9, 17], [10, 4, 11, 3], [12, 22, 13, 21], [14, 24, 15, 23]]"
12a_0442_5,"[[14, 24, 15, 23], [16, 10, 17, 9], [18, 8, 19, 7], [20, 2, 21, 1], [22, 14, 23, 13], [24, 16, 1, 15], [2, 6, 3, 5], [4, 12, 5, 11], [6, 20, 7, 19], [8, 18, 9, 17], [10, 4, 11, 3], [12, 22, 13, 21]]"
12a_0442_6,"[[12, 22, 13, 21], [14, 24, 15, 23], [16, 10, 17, 9], [18, 8, 19, 7], [20, 2, 21, 1], [22, 14, 23, 13], [24, 16, 1, 15], [2, 6, 3, 5], [4, 12, 5, 11], [6, 20, 7, 19], [8, 18, 9, 17], [10, 4, 11, 3]]"
12a_0442_7,"[[10, 4, 11, 3], [12, 22, 13, 21], [14, 24, 15, 23], [16, 10, 17, 9], [18, 8, 19, 7], [20, 2, 21, 1], [22, 14, 23, 13], [24, 16, 1, 15], [2, 6, 3, 5], [4, 12, 5, 11], [6, 20, 7, 19], [8, 18, 9, 17]]"
12a_0442_8,"[[8, 18, 9, 17], [10, 4, 11, 3], [12, 22, 13, 21], [14, 24, 15, 23], [16, 10, 17, 9], [18, 8, 19, 7], [20, 2, 21, 1], [22, 14, 23, 13], [24, 16, 1, 15], [2, 6, 3, 5], [4, 12, 5, 11], [6, 20, 7, 19]]"
12a_0442_9,"[[6, 20, 7, 19], [8, 18, 9, 17], [10, 4, 11, 3], [12, 22, 13, 21], [14, 24, 15, 23], [16, 10, 17, 9], [18, 8, 19, 7], [20, 2, 21, 1], [22, 14, 23, 13], [24, 16, 1, 15], [2, 6, 3, 5], [4, 12, 5, 11]]"
12a_0442_10,"[[4, 12, 5, 11], [6, 20, 7, 19], [8, 18, 9, 17], [10, 4, 11, 3], [12, 22, 13, 21], [14, 24, 15, 23], [16, 10, 17, 9], [18, 8, 19, 7], [20, 2, 21, 1], [22, 14, 23, 13], [24, 16, 1, 15], [2, 6, 3, 5]]"
12a_0442_11,"[[2, 6, 3, 5], [4, 12, 5, 11], [6, 20, 7, 19], [8, 18, 9, 17], [10, 4, 11, 3], [12, 22, 13, 21], [14, 24, 15, 23], [16, 10, 17, 9], [18, 8, 19, 7], [20, 2, 21, 1], [22, 14, 23, 13], [24, 16, 1, 15]]"
12a_0442_12,"[[1, 17, 2, 16], [3, 7, 4, 6], [5, 13, 6, 12], [7, 21, 8, 20], [9, 19, 10, 18], [11, 5, 12, 4], [13, 23, 14, 22], [15, 1, 16, 24], [17, 11, 18, 10], [19, 9, 20, 8], [21, 3, 22, 2], [23, 15, 24, 14]]"
12a_0442_13,"[[23, 15, 24, 14], [1, 17, 2, 16], [3, 7, 4, 6], [5, 13, 6, 12], [7, 21, 8, 20], [9, 19, 10, 18], [11, 5, 12, 4], [13, 23, 14, 22], [15, 1, 16, 24], [17, 11, 18, 10], [19, 9, 20, 8], [21, 3, 22, 2]]"
12a_0442_14,"[[21, 3, 22, 2], [23, 15, 24, 14], [1, 17, 2, 16], [3, 7, 4, 6], [5, 13, 6, 12], [7, 21, 8, 20], [9, 19, 10, 18], [11, 5, 12, 4], [13, 23, 14, 22], [15, 1, 16, 24], [17, 11, 18, 10], [19, 9, 20, 8]]"
12a_0442_15,"[[19, 9, 20, 8], [21, 3, 22, 2], [23, 15, 24, 14], [1, 17, 2, 16], [3, 7, 4, 6], [5, 13, 6, 12], [7, 21, 8, 20], [9, 19, 10, 18], [11, 5, 12, 4], [13, 23, 14, 22], [15, 1, 16, 24], [17, 11, 18, 10]]"
12a_0442_16,"[[17, 11, 18, 10], [19, 9, 20, 8], [21, 3, 22, 2], [23, 15, 24, 14], [1, 17, 2, 16], [3, 7, 4, 6], [5, 13, 6, 12], [7, 21, 8, 20], [9, 19, 10, 18], [11, 5, 12, 4], [13, 23, 14, 22], [15, 1, 16, 24]]"
12a_0442_17,"[[15, 1, 16, 24], [17, 11, 18, 10], [19, 9, 20, 8], [21, 3, 22, 2], [23, 15, 24, 14], [1, 17, 2, 16], [3, 7, 4, 6], [5, 13, 6, 12], [7, 21, 8, 20], [9, 19, 10, 18], [11, 5, 12, 4], [13, 23, 14, 22]]"
12a_0442_18,"[[13, 23, 14, 22], [15, 1, 16, 24], [17, 11, 18, 10], [19, 9, 20, 8], [21, 3, 22, 2], [23, 15, 24, 14], [1, 17, 2, 16], [3, 7, 4, 6], [5, 13, 6, 12], [7, 21, 8, 20], [9, 19, 10, 18], [11, 5, 12, 4]]"
12a_0442_19,"[[11, 5, 12, 4], [13, 23, 14, 22], [15, 1, 16, 24], [17, 11, 18, 10], [19, 9, 20, 8], [21, 3, 22, 2], [23, 15, 24, 14], [1, 17, 2, 16], [3, 7, 4, 6], [5, 13, 6, 12], [7, 21, 8, 20], [9, 19, 10, 18]]"
12a_0442_20,"[[9, 19, 10, 18], [11, 5, 12, 4], [13, 23, 14, 22], [15, 1, 16, 24], [17, 11, 18, 10], [19, 9, 20, 8], [21, 3, 22, 2], [23, 15, 24, 14], [1, 17, 2, 16], [3, 7, 4, 6], [5, 13, 6, 12], [7, 21, 8, 20]]"
12a_0442_21,"[[7, 21, 8, 20], [9, 19, 10, 18], [11, 5, 12, 4], [13, 23, 14, 22], [15, 1, 16, 24], [17, 11, 18, 10], [19, 9, 20, 8], [21, 3, 22, 2], [23, 15, 24, 14], [1, 17, 2, 16], [3, 7, 4, 6], [5, 13, 6, 12]]"
12a_0442_22,"[[5, 13, 6, 12], [7, 21, 8, 20], [9, 19, 10, 18], [11, 5, 12, 4], [13, 23, 14, 22], [15, 1, 16, 24], [17, 11, 18, 10], [19, 9, 20, 8], [21, 3, 22, 2], [23, 15, 24, 14], [1, 17, 2, 16], [3, 7, 4, 6]]"
12a_0442_23,"[[3, 7, 4, 6], [5, 13, 6, 12], [7, 21, 8, 20], [9, 19, 10, 18], [11, 5, 12, 4], [13, 23, 14, 22], [15, 1, 16, 24], [17, 11, 18, 10], [19, 9, 20, 8], [21, 3, 22, 2], [23, 15, 24, 14], [1, 17, 2, 16]]"
12a_0442_24,"[[2, 18, 3, 17], [4, 8, 5, 7], [6, 14, 7, 13], [8, 22, 9, 21], [10, 20, 11, 19], [12, 6, 13, 5], [14, 24, 15, 23], [16, 2, 17, 1], [18, 12, 19, 11], [20, 10, 21, 9], [22, 4, 23, 3], [24, 16, 1, 15]]"
12a_0442_25,"[[24, 16, 1, 15], [2, 18, 3, 17], [4, 8, 5, 7], [6, 14, 7, 13], [8, 22, 9, 21], [10, 20, 11, 19], [12, 6, 13, 5], [14, 24, 15, 23], [16, 2, 17, 1], [18, 12, 19, 11], [20, 10, 21, 9], [22, 4, 23, 3]]"
12a_0442_26,"[[22, 4, 23, 3], [24, 16, 1, 15], [2, 18, 3, 17], [4, 8, 5, 7], [6, 14, 7, 13], [8, 22, 9, 21], [10, 20, 11, 19], [12, 6, 13, 5], [14, 24, 15, 23], [16, 2, 17, 1], [18, 12, 19, 11], [20, 10, 21, 9]]"
12a_0442_27,"[[20, 10, 21, 9], [22, 4, 23, 3], [24, 16, 1, 15], [2, 18, 3, 17], [4, 8, 5, 7], [6, 14, 7, 13], [8, 22, 9, 21], [10, 20, 11, 19], [12, 6, 13, 5], [14, 24, 15, 23], [16, 2, 17, 1], [18, 12, 19, 11]]"
12a_0442_28,"[[18, 12, 19, 11], [20, 10, 21, 9], [22, 4, 23, 3], [24, 16, 1, 15], [2, 18, 3, 17], [4, 8, 5, 7], [6, 14, 7, 13], [8, 22, 9, 21], [10, 20, 11, 19], [12, 6, 13, 5], [14, 24, 15, 23], [16, 2, 17, 1]]"
12a_0442_29,"[[16, 2, 17, 1], [18, 12, 19, 11], [20, 10, 21, 9], [22, 4, 23, 3], [24, 16, 1, 15], [2, 18, 3, 17], [4, 8, 5, 7], [6, 14, 7, 13], [8, 22, 9, 21], [10, 20, 11, 19], [12, 6, 13, 5], [14, 24, 15, 23]]"
12a_0442_30,"[[14, 24, 15, 23], [16, 2, 17, 1], [18, 12, 19, 11], [20, 10, 21, 9], [22, 4, 23, 3], [24, 16, 1, 15], [2, 18, 3, 17], [4, 8, 5, 7], [6, 14, 7, 13], [8, 22, 9, 21], [10, 20, 11, 19], [12, 6, 13, 5]]"
12a_0442_31,"[[12, 6, 13, 5], [14, 24, 15, 23], [16, 2, 17, 1], [18, 12, 19, 11], [20, 10, 21, 9], [22, 4, 23, 3], [24, 16, 1, 15], [2, 18, 3, 17], [4, 8, 5, 7], [6, 14, 7, 13], [8, 22, 9, 21], [10, 20, 11, 19]]"
12a_0442_32,"[[10, 20, 11, 19], [12, 6, 13, 5], [14, 24, 15, 23], [16, 2, 17, 1], [18, 12, 19, 11], [20, 10, 21, 9], [22, 4, 23, 3], [24, 16, 1, 15], [2, 18, 3, 17], [4, 8, 5, 7], [6, 14, 7, 13], [8, 22, 9, 21]]"
12a_0442_33,"[[8, 22, 9, 21], [10, 20, 11, 19], [12, 6, 13, 5], [14, 24, 15, 23], [16, 2, 17, 1], [18, 12, 19, 11], [20, 10, 21, 9], [22, 4, 23, 3], [24, 16, 1, 15], [2, 18, 3, 17], [4, 8, 5, 7], [6, 14, 7, 13]]"
12a_0442_34,"[[6, 14, 7, 13], [8, 22, 9, 21], [10, 20, 11, 19], [12, 6, 13, 5], [14, 24, 15, 23], [16, 2, 17, 1], [18, 12, 19, 11], [20, 10, 21, 9], [22, 4, 23, 3], [24, 16, 1, 15], [2, 18, 3, 17], [4, 8, 5, 7]]"
12a_0442_35,"[[4, 8, 5, 7], [6, 14, 7, 13], [8, 22, 9, 21], [10, 20, 11, 19], [12, 6, 13, 5], [14, 24, 15, 23], [16, 2, 17, 1], [18, 12, 19, 11], [20, 10, 21, 9], [22, 4, 23, 3], [24, 16, 1, 15], [2, 18, 3, 17]]"
12a_0442_36,"[[3, 19, 4, 18], [5, 9, 6, 8], [7, 15, 8, 14], [9, 23, 10, 22], [11, 21, 12, 20], [13, 7, 14, 6], [15, 1, 16, 24], [17, 3, 18, 2], [19, 13, 20, 12], [21, 11, 22, 10], [23, 5, 24, 4], [1, 17, 2, 16]]"
12a_0442_37,"[[1, 17, 2, 16], [3, 19, 4, 18], [5, 9, 6, 8], [7, 15, 8, 14], [9, 23, 10, 22], [11, 21, 12, 20], [13, 7, 14, 6], [15, 1, 16, 24], [17, 3, 18, 2], [19, 13, 20, 12], [21, 11, 22, 10], [23, 5, 24, 4]]"
12a_0442_38,"[[23, 5, 24, 4], [1, 17, 2, 16], [3, 19, 4, 18], [5, 9, 6, 8], [7, 15, 8, 14], [9, 23, 10, 22], [11, 21, 12, 20], [13, 7, 14, 6], [15, 1, 16, 24], [17, 3, 18, 2], [19, 13, 20, 12], [21, 11, 22, 10]]"
12a_0442_39,"[[21, 11, 22, 10], [23, 5, 24, 4], [1, 17, 2, 16], [3, 19, 4, 18], [5, 9, 6, 8], [7, 15, 8, 14], [9, 23, 10, 22], [11, 21, 12, 20], [13, 7, 14, 6], [15, 1, 16, 24], [17, 3, 18, 2], [19, 13, 20, 12]]"
12a_0442_40,"[[19, 13, 20, 12], [21, 11, 22, 10], [23, 5, 24, 4], [1, 17, 2, 16], [3, 19, 4, 18], [5, 9, 6, 8], [7, 15, 8, 14], [9, 23, 10, 22], [11, 21, 12, 20], [13, 7, 14, 6], [15, 1, 16, 24], [17, 3, 18, 2]]"
12a_0442_41,"[[17, 3, 18, 2], [19, 13, 20, 12], [21, 11, 22, 10], [23, 5, 24, 4], [1, 17, 2, 16], [3, 19, 4, 18], [5, 9, 6, 8], [7, 15, 8, 14], [9, 23, 10, 22], [11, 21, 12, 20], [13, 7, 14, 6], [15, 1, 16, 24]]"
12a_0442_42,"[[15, 1, 16, 24], [17, 3, 18, 2], [19, 13, 20, 12], [21, 11, 22, 10], [23, 5, 24, 4], [1, 17, 2, 16], [3, 19, 4, 18], [5, 9, 6, 8], [7, 15, 8, 14], [9, 23, 10, 22], [11, 21, 12, 20], [13, 7, 14, 6]]"
12a_0442_43,"[[13, 7, 14, 6], [15, 1, 16, 24], [17, 3, 18, 2], [19, 13, 20, 12], [21, 11, 22, 10], [23, 5, 24, 4], [1, 17, 2, 16], [3, 19, 4, 18], [5, 9, 6, 8], [7, 15, 8, 14], [9, 23, 10, 22], [11, 21, 12, 20]]"
12a_0442_44,"[[11, 21, 12, 20], [13, 7, 14, 6], [15, 1, 16, 24], [17, 3, 18, 2], [19, 13, 20, 12], [21, 11, 22, 10], [23, 5, 24, 4], [1, 17, 2, 16], [3, 19, 4, 18], [5, 9, 6, 8], [7, 15, 8, 14], [9, 23, 10, 22]]"
12a_0442_45,"[[9, 23, 10, 22], [11, 21, 12, 20], [13, 7, 14, 6], [15, 1, 16, 24], [17, 3, 18, 2], [19, 13, 20, 12], [21, 11, 22, 10], [23, 5, 24, 4], [1, 17, 2, 16], [3, 19, 4, 18], [5, 9, 6, 8], [7, 15, 8, 14]]"
12a_0442_46,"[[7, 15, 8, 14], [9, 23, 10, 22], [11, 21, 12, 20], [13, 7, 14, 6], [15, 1, 16, 24], [17, 3, 18, 2], [19, 13, 20, 12], [21, 11, 22, 10], [23, 5, 24, 4], [1, 17, 2, 16], [3, 19, 4, 18], [5, 9, 6, 8]]"
12a_0442_47,"[[5, 9, 6, 8], [7, 15, 8, 14], [9, 23, 10, 22], [11, 21, 12, 20], [13, 7, 14, 6], [15, 1, 16, 24], [17, 3, 18, 2], [19, 13, 20, 12], [21, 11, 22, 10], [23, 5, 24, 4], [1, 17, 2, 16], [3, 19, 4, 18]]"
12a_0442_48,"[[4, 20, 5, 19], [6, 10, 7, 9], [8, 16, 9, 15], [10, 24, 11, 23], [12, 22, 13, 21], [14, 8, 15, 7], [16, 2, 17, 1], [18, 4, 19, 3], [20, 14, 21, 13], [22, 12, 23, 11], [24, 6, 1, 5], [2, 18, 3, 17]]"
12a_0442_49,"[[2, 18, 3, 17], [4, 20, 5, 19], [6, 10, 7, 9], [8, 16, 9, 15], [10, 24, 11, 23], [12, 22, 13, 21], [14, 8, 15, 7], [16, 2, 17, 1], [18, 4, 19, 3], [20, 14, 21, 13], [22, 12, 23, 11], [24, 6, 1, 5]]"
12a_0442_50,"[[24, 6, 1, 5], [2, 18, 3, 17], [4, 20, 5, 19], [6, 10, 7, 9], [8, 16, 9, 15], [10, 24, 11, 23], [12, 22, 13, 21], [14, 8, 15, 7], [16, 2, 17, 1], [18, 4, 19, 3], [20, 14, 21, 13], [22, 12, 23, 11]]"
12a_0442_51,"[[22, 12, 23, 11], [24, 6, 1, 5], [2, 18, 3, 17], [4, 20, 5, 19], [6, 10, 7, 9], [8, 16, 9, 15], [10, 24, 11, 23], [12, 22, 13, 21], [14, 8, 15, 7], [16, 2, 17, 1], [18, 4, 19, 3], [20, 14, 21, 13]]"
12a_0442_52,"[[20, 14, 21, 13], [22, 12, 23, 11], [24, 6, 1, 5], [2, 18, 3, 17], [4, 20, 5, 19], [6, 10, 7, 9], [8, 16, 9, 15], [10, 24, 11, 23], [12, 22, 13, 21], [14, 8, 15, 7], [16, 2, 17, 1], [18, 4, 19, 3]]"
12a_0442_53,"[[18, 4, 19, 3], [20, 14, 21, 13], [22, 12, 23, 11], [24, 6, 1, 5], [2, 18, 3, 17], [4, 20, 5, 19], [6, 10, 7, 9], [8, 16, 9, 15], [10, 24, 11, 23], [12, 22, 13, 21], [14, 8, 15, 7], [16, 2, 17, 1]]"
12a_0442_54,"[[16, 2, 17, 1], [18, 4, 19, 3], [20, 14, 21, 13], [22, 12, 23, 11], [24, 6, 1, 5], [2, 18, 3, 17], [4, 20, 5, 19], [6, 10, 7, 9], [8, 16, 9, 15], [10, 24, 11, 23], [12, 22, 13, 21], [14, 8, 15, 7]]"
12a_0442_55,"[[14, 8, 15, 7], [16, 2, 17, 1], [18, 4, 19, 3], [20, 14, 21, 13], [22, 12, 23, 11], [24, 6, 1, 5], [2, 18, 3, 17], [4, 20, 5, 19], [6, 10, 7, 9], [8, 16, 9, 15], [10, 24, 11, 23], [12, 22, 13, 21]]"
12a_0442_56,"[[12, 22, 13, 21], [14, 8, 15, 7], [16, 2, 17, 1], [18, 4, 19, 3], [20, 14, 21, 13], [22, 12, 23, 11], [24, 6, 1, 5], [2, 18, 3, 17], [4, 20, 5, 19], [6, 10, 7, 9], [8, 16, 9, 15], [10, 24, 11, 23]]"
12a_0442_57,"[[10, 24, 11, 23], [12, 22, 13, 21], [14, 8, 15, 7], [16, 2, 17, 1], [18, 4, 19, 3], [20, 14, 21, 13], [22, 12, 23, 11], [24, 6, 1, 5], [2, 18, 3, 17], [4, 20, 5, 19], [6, 10, 7, 9], [8, 16, 9, 15]]"
12a_0442_58,"[[8, 16, 9, 15], [10, 24, 11, 23], [12, 22, 13, 21], [14, 8, 15, 7], [16, 2, 17, 1], [18, 4, 19, 3], [20, 14, 21, 13], [22, 12, 23, 11], [24, 6, 1, 5], [2, 18, 3, 17], [4, 20, 5, 19], [6, 10, 7, 9]]"
12a_0442_59,"[[6, 10, 7, 9], [8, 16, 9, 15], [10, 24, 11, 23], [12, 22, 13, 21], [14, 8, 15, 7], [16, 2, 17, 1], [18, 4, 19, 3], [20, 14, 21, 13], [22, 12, 23, 11], [24, 6, 1, 5], [2, 18, 3, 17], [4, 20, 5, 19]]"
12a_0442_60,"[[5, 21, 6, 20], [7, 11, 8, 10], [9, 17, 10, 16], [11, 1, 12, 24], [13, 23, 14, 22], [15, 9, 16, 8], [17, 3, 18, 2], [19, 5, 20, 4], [21, 15, 22, 14], [23, 13, 24, 12], [1, 7, 2, 6], [3, 19, 4, 18]]"
12a_0442_61,"[[3, 19, 4, 18], [5, 21, 6, 20], [7, 11, 8, 10], [9, 17, 10, 16], [11, 1, 12, 24], [13, 23, 14, 22], [15, 9, 16, 8], [17, 3, 18, 2], [19, 5, 20, 4], [21, 15, 22, 14], [23, 13, 24, 12], [1, 7, 2, 6]]"
12a_0442_62,"[[1, 7, 2, 6], [3, 19, 4, 18], [5, 21, 6, 20], [7, 11, 8, 10], [9, 17, 10, 16], [11, 1, 12, 24], [13, 23, 14, 22], [15, 9, 16, 8], [17, 3, 18, 2], [19, 5, 20, 4], [21, 15, 22, 14], [23, 13, 24, 12]]"
12a_0442_63,"[[23, 13, 24, 12], [1, 7, 2, 6], [3, 19, 4, 18], [5, 21, 6, 20], [7, 11, 8, 10], [9, 17, 10, 16], [11, 1, 12, 24], [13, 23, 14, 22], [15, 9, 16, 8], [17, 3, 18, 2], [19, 5, 20, 4], [21, 15, 22, 14]]"
12a_0442_64,"[[21, 15, 22, 14], [23, 13, 24, 12], [1, 7, 2, 6], [3, 19, 4, 18], [5, 21, 6, 20], [7, 11, 8, 10], [9, 17, 10, 16], [11, 1, 12, 24], [13, 23, 14, 22], [15, 9, 16, 8], [17, 3, 18, 2], [19, 5, 20, 4]]"
12a_0442_65,"[[19, 5, 20, 4], [21, 15, 22, 14], [23, 13, 24, 12], [1, 7, 2, 6], [3, 19, 4, 18], [5, 21, 6, 20], [7, 11, 8, 10], [9, 17, 10, 16], [11, 1, 12, 24], [13, 23, 14, 22], [15, 9, 16, 8], [17, 3, 18, 2]]"
12a_0442_66,"[[17, 3, 18, 2], [19, 5, 20, 4], [21, 15, 22, 14], [23, 13, 24, 12], [1, 7, 2, 6], [3, 19, 4, 18], [5, 21, 6, 20], [7, 11, 8, 10], [9, 17, 10, 16], [11, 1, 12, 24], [13, 23, 14, 22], [15, 9, 16, 8]]"
12a_0442_67,"[[15, 9, 16, 8], [17, 3, 18, 2], [19, 5, 20, 4], [21, 15, 22, 14], [23, 13, 24, 12], [1, 7, 2, 6], [3, 19, 4, 18], [5, 21, 6, 20], [7, 11, 8, 10], [9, 17, 10, 16], [11, 1, 12, 24], [13, 23, 14, 22]]"
12a_0442_68,"[[13, 23, 14, 22], [15, 9, 16, 8], [17, 3, 18, 2], [19, 5, 20, 4], [21, 15, 22, 14], [23, 13, 24, 12], [1, 7, 2, 6], [3, 19, 4, 18], [5, 21, 6, 20], [7, 11, 8, 10], [9, 17, 10, 16], [11, 1, 12, 24]]"
12a_0442_69,"[[11, 1, 12, 24], [13, 23, 14, 22], [15, 9, 16, 8], [17, 3, 18, 2], [19, 5, 20, 4], [21, 15, 22, 14], [23, 13, 24, 12], [1, 7, 2, 6], [3, 19, 4, 18], [5, 21, 6, 20], [7, 11, 8, 10], [9, 17, 10, 16]]"
12a_0442_70,"[[9, 17, 10, 16], [11, 1, 12, 24], [13, 23, 14, 22], [15, 9, 16, 8], [17, 3, 18, 2], [19, 5, 20, 4], [21, 15, 22, 14], [23, 13, 24, 12], [1, 7, 2, 6], [3, 19, 4, 18], [5, 21, 6, 20], [7, 11, 8, 10]]"
12a_0442_71,"[[7, 11, 8, 10], [9, 17, 10, 16], [11, 1, 12, 24], [13, 23, 14, 22], [15, 9, 16, 8], [17, 3, 18, 2], [19, 5, 20, 4], [21, 15, 22, 14], [23, 13, 24, 12], [1, 7, 2, 6], [3, 19, 4, 18], [5, 21, 6, 20]]"
12a_0442_72,"[[6, 22, 7, 21], [8, 12, 9, 11], [10, 18, 11, 17], [12, 2, 13, 1], [14, 24, 15, 23], [16, 10, 17, 9], [18, 4, 19, 3], [20, 6, 21, 5], [22, 16, 23, 15], [24, 14, 1, 13], [2, 8, 3, 7], [4, 20, 5, 19]]"
12a_0442_73,"[[4, 20, 5, 19], [6, 22, 7, 21], [8, 12, 9, 11], [10, 18, 11, 17], [12, 2, 13, 1], [14, 24, 15, 23], [16, 10, 17, 9], [18, 4, 19, 3], [20, 6, 21, 5], [22, 16, 23, 15], [24, 14, 1, 13], [2, 8, 3, 7]]"
12a_0442_74,"[[2, 8, 3, 7], [4, 20, 5, 19], [6, 22, 7, 21], [8, 12, 9, 11], [10, 18, 11, 17], [12, 2, 13, 1], [14, 24, 15, 23], [16, 10, 17, 9], [18, 4, 19, 3], [20, 6, 21, 5], [22, 16, 23, 15], [24, 14, 1, 13]]"
12a_0442_75,"[[24, 14, 1, 13], [2, 8, 3, 7], [4, 20, 5, 19], [6, 22, 7, 21], [8, 12, 9, 11], [10, 18, 11, 17], [12, 2, 13, 1], [14, 24, 15, 23], [16, 10, 17, 9], [18, 4, 19, 3], [20, 6, 21, 5], [22, 16, 23, 15]]"
12a_0442_76,"[[22, 16, 23, 15], [24, 14, 1, 13], [2, 8, 3, 7], [4, 20, 5, 19], [6, 22, 7, 21], [8, 12, 9, 11], [10, 18, 11, 17], [12, 2, 13, 1], [14, 24, 15, 23], [16, 10, 17, 9], [18, 4, 19, 3], [20, 6, 21, 5]]"
12a_0442_77,"[[20, 6, 21, 5], [22, 16, 23, 15], [24, 14, 1, 13], [2, 8, 3, 7], [4, 20, 5, 19], [6, 22, 7, 21], [8, 12, 9, 11], [10, 18, 11, 17], [12, 2, 13, 1], [14, 24, 15, 23], [16, 10, 17, 9], [18, 4, 19, 3]]"
12a_0442_78,"[[18, 4, 19, 3], [20, 6, 21, 5], [22, 16, 23, 15], [24, 14, 1, 13], [2, 8, 3, 7], [4, 20, 5, 19], [6, 22, 7, 21], [8, 12, 9, 11], [10, 18, 11, 17], [12, 2, 13, 1], [14, 24, 15, 23], [16, 10, 17, 9]]"
12a_0442_79,"[[16, 10, 17, 9], [18, 4, 19, 3], [20, 6, 21, 5], [22, 16, 23, 15], [24, 14, 1, 13], [2, 8, 3, 7], [4, 20, 5, 19], [6, 22, 7, 21], [8, 12, 9, 11], [10, 18, 11, 17], [12, 2, 13, 1], [14, 24, 15, 23]]"
12a_0442_80,"[[14, 24, 15, 23], [16, 10, 17, 9], [18, 4, 19, 3], [20, 6, 21, 5], [22, 16, 23, 15], [24, 14, 1, 13], [2, 8, 3, 7], [4, 20, 5, 19], [6, 22, 7, 21], [8, 12, 9, 11], [10, 18, 11, 17], [12, 2, 13, 1]]"
12a_0442_81,"[[12, 2, 13, 1], [14, 24, 15, 23], [16, 10, 17, 9], [18, 4, 19, 3], [20, 6, 21, 5], [22, 16, 23, 15], [24, 14, 1, 13], [2, 8, 3, 7], [4, 20, 5, 19], [6, 22, 7, 21], [8, 12, 9, 11], [10, 18, 11, 17]]"
12a_0442_82,"[[10, 18, 11, 17], [12, 2, 13, 1], [14, 24, 15, 23], [16, 10, 17, 9], [18, 4, 19, 3], [20, 6, 21, 5], [22, 16, 23, 15], [24, 14, 1, 13], [2, 8, 3, 7], [4, 20, 5, 19], [6, 22, 7, 21], [8, 12, 9, 11]]"
12a_0442_83,"[[8, 12, 9, 11], [10, 18, 11, 17], [12, 2, 13, 1], [14, 24, 15, 23], [16, 10, 17, 9], [18, 4, 19, 3], [20, 6, 21, 5], [22, 16, 23, 15], [24, 14, 1, 13], [2, 8, 3, 7], [4, 20, 5, 19], [6, 22, 7, 21]]"
12a_0442_84,"[[7, 23, 8, 22], [9, 13, 10, 12], [11, 19, 12, 18], [13, 3, 14, 2], [15, 1, 16, 24], [17, 11, 18, 10], [19, 5, 20, 4], [21, 7, 22, 6], [23, 17, 24, 16], [1, 15, 2, 14], [3, 9, 4, 8], [5, 21, 6, 20]]"
12a_0442_85,"[[5, 21, 6, 20], [7, 23, 8, 22], [9, 13, 10, 12], [11, 19, 12, 18], [13, 3, 14, 2], [15, 1, 16, 24], [17, 11, 18, 10], [19, 5, 20, 4], [21, 7, 22, 6], [23, 17, 24, 16], [1, 15, 2, 14], [3, 9, 4, 8]]"
12a_0442_86,"[[3, 9, 4, 8], [5, 21, 6, 20], [7, 23, 8, 22], [9, 13, 10, 12], [11, 19, 12, 18], [13, 3, 14, 2], [15, 1, 16, 24], [17, 11, 18, 10], [19, 5, 20, 4], [21, 7, 22, 6], [23, 17, 24, 16], [1, 15, 2, 14]]"
12a_0442_87,"[[1, 15, 2, 14], [3, 9, 4, 8], [5, 21, 6, 20], [7, 23, 8, 22], [9, 13, 10, 12], [11, 19, 12, 18], [13, 3, 14, 2], [15, 1, 16, 24], [17, 11, 18, 10], [19, 5, 20, 4], [21, 7, 22, 6], [23, 17, 24, 16]]"
12a_0442_88,"[[23, 17, 24, 16], [1, 15, 2, 14], [3, 9, 4, 8], [5, 21, 6, 20], [7, 23, 8, 22], [9, 13, 10, 12], [11, 19, 12, 18], [13, 3, 14, 2], [15, 1, 16, 24], [17, 11, 18, 10], [19, 5, 20, 4], [21, 7, 22, 6]]"
12a_0442_89,"[[21, 7, 22, 6], [23, 17, 24, 16], [1, 15, 2, 14], [3, 9, 4, 8], [5, 21, 6, 20], [7, 23, 8, 22], [9, 13, 10, 12], [11, 19, 12, 18], [13, 3, 14, 2], [15, 1, 16, 24], [17, 11, 18, 10], [19, 5, 20, 4]]"
12a_0442_90,"[[19, 5, 20, 4], [21, 7, 22, 6], [23, 17, 24, 16], [1, 15, 2, 14], [3, 9, 4, 8], [5, 21, 6, 20], [7, 23, 8, 22], [9, 13, 10, 12], [11, 19, 12, 18], [13, 3, 14, 2], [15, 1, 16, 24], [17, 11, 18, 10]]"
12a_0442_91,"[[17, 11, 18, 10], [19, 5, 20, 4], [21, 7, 22, 6], [23, 17, 24, 16], [1, 15, 2, 14], [3, 9, 4, 8], [5, 21, 6, 20], [7, 23, 8, 22], [9, 13, 10, 12], [11, 19, 12, 18], [13, 3, 14, 2], [15, 1, 16, 24]]"
12a_0442_92,"[[15, 1, 16, 24], [17, 11, 18, 10], [19, 5, 20, 4], [21, 7, 22, 6], [23, 17, 24, 16], [1, 15, 2, 14], [3, 9, 4, 8], [5, 21, 6, 20], [7, 23, 8, 22], [9, 13, 10, 12], [11, 19, 12, 18], [13, 3, 14, 2]]"
12a_0442_93,"[[13, 3, 14, 2], [15, 1, 16, 24], [17, 11, 18, 10], [19, 5, 20, 4], [21, 7, 22, 6], [23, 17, 24, 16], [1, 15, 2, 14], [3, 9, 4, 8], [5, 21, 6, 20], [7, 23, 8, 22], [9, 13, 10, 12], [11, 19, 12, 18]]"
12a_0442_94,"[[11, 19, 12, 18], [13, 3, 14, 2], [15, 1, 16, 24], [17, 11, 18, 10], [19, 5, 20, 4], [21, 7, 22, 6], [23, 17, 24, 16], [1, 15, 2, 14], [3, 9, 4, 8], [5, 21, 6, 20], [7, 23, 8, 22], [9, 13, 10, 12]]"
12a_0442_95,"[[9, 13, 10, 12], [11, 19, 12, 18], [13, 3, 14, 2], [15, 1, 16, 24], [17, 11, 18, 10], [19, 5, 20, 4], [21, 7, 22, 6], [23, 17, 24, 16], [1, 15, 2, 14], [3, 9, 4, 8], [5, 21, 6, 20], [7, 23, 8, 22]]"
12a_0442_96,"[[8, 24, 9, 23], [10, 14, 11, 13], [12, 20, 13, 19], [14, 4, 15, 3], [16, 2, 17, 1], [18, 12, 19, 11], [20, 6, 21, 5], [22, 8, 23, 7], [24, 18, 1, 17], [2, 16, 3, 15], [4, 10, 5, 9], [6, 22, 7, 21]]"
12a_0442_97,"[[6, 22, 7, 21], [8, 24, 9, 23], [10, 14, 11, 13], [12, 20, 13, 19], [14, 4, 15, 3], [16, 2, 17, 1], [18, 12, 19, 11], [20, 6, 21, 5], [22, 8, 23, 7], [24, 18, 1, 17], [2, 16, 3, 15], [4, 10, 5, 9]]"
12a_0442_98,"[[4, 10, 5, 9], [6, 22, 7, 21], [8, 24, 9, 23], [10, 14, 11, 13], [12, 20, 13, 19], [14, 4, 15, 3], [16, 2, 17, 1], [18, 12, 19, 11], [20, 6, 21, 5], [22, 8, 23, 7], [24, 18, 1, 17], [2, 16, 3, 15]]"
12a_0442_99,"[[2, 16, 3, 15], [4, 10, 5, 9], [6, 22, 7, 21], [8, 24, 9, 23], [10, 14, 11, 13], [12, 20, 13, 19], [14, 4, 15, 3], [16, 2, 17, 1], [18, 12, 19, 11], [20, 6, 21, 5], [22, 8, 23, 7], [24, 18, 1, 17]]"
12a_0442_100,"[[24, 18, 1, 17], [2, 16, 3, 15], [4, 10, 5, 9], [6, 22, 7, 21], [8, 24, 9, 23], [10, 14, 11, 13], [12, 20, 13, 19], [14, 4, 15, 3], [16, 2, 17, 1], [18, 12, 19, 11], [20, 6, 21, 5], [22, 8, 23, 7]]"
12a_0442_101,"[[22, 8, 23, 7], [24, 18, 1, 17], [2, 16, 3, 15], [4, 10, 5, 9], [6, 22, 7, 21], [8, 24, 9, 23], [10, 14, 11, 13], [12, 20, 13, 19], [14, 4, 15, 3], [16, 2, 17, 1], [18, 12, 19, 11], [20, 6, 21, 5]]"
12a_0442_102,"[[20, 6, 21, 5], [22, 8, 23, 7], [24, 18, 1, 17], [2, 16, 3, 15], [4, 10, 5, 9], [6, 22, 7, 21], [8, 24, 9, 23], [10, 14, 11, 13], [12, 20, 13, 19], [14, 4, 15, 3], [16, 2, 17, 1], [18, 12, 19, 11]]"
12a_0442_103,"[[18, 12, 19, 11], [20, 6, 21, 5], [22, 8, 23, 7], [24, 18, 1, 17], [2, 16, 3, 15], [4, 10, 5, 9], [6, 22, 7, 21], [8, 24, 9, 23], [10, 14, 11, 13], [12, 20, 13, 19], [14, 4, 15, 3], [16, 2, 17, 1]]"
12a_0442_104,"[[16, 2, 17, 1], [18, 12, 19, 11], [20, 6, 21, 5], [22, 8, 23, 7], [24, 18, 1, 17], [2, 16, 3, 15], [4, 10, 5, 9], [6, 22, 7, 21], [8, 24, 9, 23], [10, 14, 11, 13], [12, 20, 13, 19], [14, 4, 15, 3]]"
12a_0442_105,"[[14, 4, 15, 3], [16, 2, 17, 1], [18, 12, 19, 11], [20, 6, 21, 5], [22, 8, 23, 7], [24, 18, 1, 17], [2, 16, 3, 15], [4, 10, 5, 9], [6, 22, 7, 21], [8, 24, 9, 23], [10, 14, 11, 13], [12, 20, 13, 19]]"
12a_0442_106,"[[12, 20, 13, 19], [14, 4, 15, 3], [16, 2, 17, 1], [18, 12, 19, 11], [20, 6, 21, 5], [22, 8, 23, 7], [24, 18, 1, 17], [2, 16, 3, 15], [4, 10, 5, 9], [6, 22, 7, 21], [8, 24, 9, 23], [10, 14, 11, 13]]"
12a_0442_107,"[[10, 14, 11, 13], [12, 20, 13, 19], [14, 4, 15, 3], [16, 2, 17, 1], [18, 12, 19, 11], [20, 6, 21, 5], [22, 8, 23, 7], [24, 18, 1, 17], [2, 16, 3, 15], [4, 10, 5, 9], [6, 22, 7, 21], [8, 24, 9, 23]]"
12a_0442_108,"[[9, 1, 10, 24], [11, 15, 12, 14], [13, 21, 14, 20], [15, 5, 16, 4], [17, 3, 18, 2], [19, 13, 20, 12], [21, 7, 22, 6], [23, 9, 24, 8], [1, 19, 2, 18], [3, 17, 4, 16], [5, 11, 6, 10], [7, 23, 8, 22]]"
12a_0442_109,"[[7, 23, 8, 22], [9, 1, 10, 24], [11, 15, 12, 14], [13, 21, 14, 20], [15, 5, 16, 4], [17, 3, 18, 2], [19, 13, 20, 12], [21, 7, 22, 6], [23, 9, 24, 8], [1, 19, 2, 18], [3, 17, 4, 16], [5, 11, 6, 10]]"
12a_0442_110,"[[5, 11, 6, 10], [7, 23, 8, 22], [9, 1, 10, 24], [11, 15, 12, 14], [13, 21, 14, 20], [15, 5, 16, 4], [17, 3, 18, 2], [19, 13, 20, 12], [21, 7, 22, 6], [23, 9, 24, 8], [1, 19, 2, 18], [3, 17, 4, 16]]"
12a_0442_111,"[[3, 17, 4, 16], [5, 11, 6, 10], [7, 23, 8, 22], [9, 1, 10, 24], [11, 15, 12, 14], [13, 21, 14, 20], [15, 5, 16, 4], [17, 3, 18, 2], [19, 13, 20, 12], [21, 7, 22, 6], [23, 9, 24, 8], [1, 19, 2, 18]]"
12a_0442_112,"[[1, 19, 2, 18], [3, 17, 4, 16], [5, 11, 6, 10], [7, 23, 8, 22], [9, 1, 10, 24], [11, 15, 12, 14], [13, 21, 14, 20], [15, 5, 16, 4], [17, 3, 18, 2], [19, 13, 20, 12], [21, 7, 22, 6], [23, 9, 24, 8]]"
12a_0442_113,"[[23, 9, 24, 8], [1, 19, 2, 18], [3, 17, 4, 16], [5, 11, 6, 10], [7, 23, 8, 22], [9, 1, 10, 24], [11, 15, 12, 14], [13, 21, 14, 20], [15, 5, 16, 4], [17, 3, 18, 2], [19, 13, 20, 12], [21, 7, 22, 6]]"
12a_0442_114,"[[21, 7, 22, 6], [23, 9, 24, 8], [1, 19, 2, 18], [3, 17, 4, 16], [5, 11, 6, 10], [7, 23, 8, 22], [9, 1, 10, 24], [11, 15, 12, 14], [13, 21, 14, 20], [15, 5, 16, 4], [17, 3, 18, 2], [19, 13, 20, 12]]"
12a_0442_115,"[[19, 13, 20, 12], [21, 7, 22, 6], [23, 9, 24, 8], [1, 19, 2, 18], [3, 17, 4, 16], [5, 11, 6, 10], [7, 23, 8, 22], [9, 1, 10, 24], [11, 15, 12, 14], [13, 21, 14, 20], [15, 5, 16, 4], [17, 3, 18, 2]]"
12a_0442_116,"[[17, 3, 18, 2], [19, 13, 20, 12], [21, 7, 22, 6], [23, 9, 24, 8], [1, 19, 2, 18], [3, 17, 4, 16], [5, 11, 6, 10], [7, 23, 8, 22], [9, 1, 10, 24], [11, 15, 12, 14], [13, 21, 14, 20], [15, 5, 16, 4]]"
12a_0442_117,"[[15, 5, 16, 4], [17, 3, 18, 2], [19, 13, 20, 12], [21, 7, 22, 6], [23, 9, 24, 8], [1, 19, 2, 18], [3, 17, 4, 16], [5, 11, 6, 10], [7, 23, 8, 22], [9, 1, 10, 24], [11, 15, 12, 14], [13, 21, 14, 20]]"
12a_0442_118,"[[13, 21, 14, 20], [15, 5, 16, 4], [17, 3, 18, 2], [19, 13, 20, 12], [21, 7, 22, 6], [23, 9, 24, 8], [1, 19, 2, 18], [3, 17, 4, 16], [5, 11, 6, 10], [7, 23, 8, 22], [9, 1, 10, 24], [11, 15, 12, 14]]"
12a_0442_119,"[[11, 15, 12, 14], [13, 21, 14, 20], [15, 5, 16, 4], [17, 3, 18, 2], [19, 13, 20, 12], [21, 7, 22, 6], [23, 9, 24, 8], [1, 19, 2, 18], [3, 17, 4, 16], [5, 11, 6, 10], [7, 23, 8, 22], [9, 1, 10, 24]]"
12a_0442_120,"[[10, 2, 11, 1], [12, 16, 13, 15], [14, 22, 15, 21], [16, 6, 17, 5], [18, 4, 19, 3], [20, 14, 21, 13], [22, 8, 23, 7], [24, 10, 1, 9], [2, 20, 3, 19], [4, 18, 5, 17], [6, 12, 7, 11], [8, 24, 9, 23]]"
12a_0442_121,"[[8, 24, 9, 23], [10, 2, 11, 1], [12, 16, 13, 15], [14, 22, 15, 21], [16, 6, 17, 5], [18, 4, 19, 3], [20, 14, 21, 13], [22, 8, 23, 7], [24, 10, 1, 9], [2, 20, 3, 19], [4, 18, 5, 17], [6, 12, 7, 11]]"
12a_0442_122,"[[6, 12, 7, 11], [8, 24, 9, 23], [10, 2, 11, 1], [12, 16, 13, 15], [14, 22, 15, 21], [16, 6, 17, 5], [18, 4, 19, 3], [20, 14, 21, 13], [22, 8, 23, 7], [24, 10, 1, 9], [2, 20, 3, 19], [4, 18, 5, 17]]"
12a_0442_123,"[[4, 18, 5, 17], [6, 12, 7, 11], [8, 24, 9, 23], [10, 2, 11, 1], [12, 16, 13, 15], [14, 22, 15, 21], [16, 6, 17, 5], [18, 4, 19, 3], [20, 14, 21, 13], [22, 8, 23, 7], [24, 10, 1, 9], [2, 20, 3, 19]]"
12a_0442_124,"[[2, 20, 3, 19], [4, 18, 5, 17], [6, 12, 7, 11], [8, 24, 9, 23], [10, 2, 11, 1], [12, 16, 13, 15], [14, 22, 15, 21], [16, 6, 17, 5], [18, 4, 19, 3], [20, 14, 21, 13], [22, 8, 23, 7], [24, 10, 1, 9]]"
12a_0442_125,"[[24, 10, 1, 9], [2, 20, 3, 19], [4, 18, 5, 17], [6, 12, 7, 11], [8, 24, 9, 23], [10, 2, 11, 1], [12, 16, 13, 15], [14, 22, 15, 21], [16, 6, 17, 5], [18, 4, 19, 3], [20, 14, 21, 13], [22, 8, 23, 7]]"
12a_0442_126,"[[22, 8, 23, 7], [24, 10, 1, 9], [2, 20, 3, 19], [4, 18, 5, 17], [6, 12, 7, 11], [8, 24, 9, 23], [10, 2, 11, 1], [12, 16, 13, 15], [14, 22, 15, 21], [16, 6, 17, 5], [18, 4, 19, 3], [20, 14, 21, 13]]"
12a_0442_127,"[[20, 14, 21, 13], [22, 8, 23, 7], [24, 10, 1, 9], [2, 20, 3, 19], [4, 18, 5, 17], [6, 12, 7, 11], [8, 24, 9, 23], [10, 2, 11, 1], [12, 16, 13, 15], [14, 22, 15, 21], [16, 6, 17, 5], [18, 4, 19, 3]]"
12a_0442_128,"[[18, 4, 19, 3], [20, 14, 21, 13], [22, 8, 23, 7], [24, 10, 1, 9], [2, 20, 3, 19], [4, 18, 5, 17], [6, 12, 7, 11], [8, 24, 9, 23], [10, 2, 11, 1], [12, 16, 13, 15], [14, 22, 15, 21], [16, 6, 17, 5]]"
12a_0442_129,"[[16, 6, 17, 5], [18, 4, 19, 3], [20, 14, 21, 13], [22, 8, 23, 7], [24, 10, 1, 9], [2, 20, 3, 19], [4, 18, 5, 17], [6, 12, 7, 11], [8, 24, 9, 23], [10, 2, 11, 1], [12, 16, 13, 15], [14, 22, 15, 21]]"
12a_0442_130,"[[14, 22, 15, 21], [16, 6, 17, 5], [18, 4, 19, 3], [20, 14, 21, 13], [22, 8, 23, 7], [24, 10, 1, 9], [2, 20, 3, 19], [4, 18, 5, 17], [6, 12, 7, 11], [8, 24, 9, 23], [10, 2, 11, 1], [12, 16, 13, 15]]"
12a_0442_131,"[[12, 16, 13, 15], [14, 22, 15, 21], [16, 6, 17, 5], [18, 4, 19, 3], [20, 14, 21, 13], [22, 8, 23, 7], [24, 10, 1, 9], [2, 20, 3, 19], [4, 18, 5, 17], [6, 12, 7, 11], [8, 24, 9, 23], [10, 2, 11, 1]]"
12a_0442_132,"[[11, 3, 12, 2], [13, 17, 14, 16], [15, 23, 16, 22], [17, 7, 18, 6], [19, 5, 20, 4], [21, 15, 22, 14], [23, 9, 24, 8], [1, 11, 2, 10], [3, 21, 4, 20], [5, 19, 6, 18], [7, 13, 8, 12], [9, 1, 10, 24]]"
12a_0442_133,"[[9, 1, 10, 24], [11, 3, 12, 2], [13, 17, 14, 16], [15, 23, 16, 22], [17, 7, 18, 6], [19, 5, 20, 4], [21, 15, 22, 14], [23, 9, 24, 8], [1, 11, 2, 10], [3, 21, 4, 20], [5, 19, 6, 18], [7, 13, 8, 12]]"
12a_0442_134,"[[7, 13, 8, 12], [9, 1, 10, 24], [11, 3, 12, 2], [13, 17, 14, 16], [15, 23, 16, 22], [17, 7, 18, 6], [19, 5, 20, 4], [21, 15, 22, 14], [23, 9, 24, 8], [1, 11, 2, 10], [3, 21, 4, 20], [5, 19, 6, 18]]"
12a_0442_135,"[[5, 19, 6, 18], [7, 13, 8, 12], [9, 1, 10, 24], [11, 3, 12, 2], [13, 17, 14, 16], [15, 23, 16, 22], [17, 7, 18, 6], [19, 5, 20, 4], [21, 15, 22, 14], [23, 9, 24, 8], [1, 11, 2, 10], [3, 21, 4, 20]]"
12a_0442_136,"[[3, 21, 4, 20], [5, 19, 6, 18], [7, 13, 8, 12], [9, 1, 10, 24], [11, 3, 12, 2], [13, 17, 14, 16], [15, 23, 16, 22], [17, 7, 18, 6], [19, 5, 20, 4], [21, 15, 22, 14], [23, 9, 24, 8], [1, 11, 2, 10]]"
12a_0442_137,"[[1, 11, 2, 10], [3, 21, 4, 20], [5, 19, 6, 18], [7, 13, 8, 12], [9, 1, 10, 24], [11, 3, 12, 2], [13, 17, 14, 16], [15, 23, 16, 22], [17, 7, 18, 6], [19, 5, 20, 4], [21, 15, 22, 14], [23, 9, 24, 8]]"
12a_0442_138,"[[23, 9, 24, 8], [1, 11, 2, 10], [3, 21, 4, 20], [5, 19, 6, 18], [7, 13, 8, 12], [9, 1, 10, 24], [11, 3, 12, 2], [13, 17, 14, 16], [15, 23, 16, 22], [17, 7, 18, 6], [19, 5, 20, 4], [21, 15, 22, 14]]"
12a_0442_139,"[[21, 15, 22, 14], [23, 9, 24, 8], [1, 11, 2, 10], [3, 21, 4, 20], [5, 19, 6, 18], [7, 13, 8, 12], [9, 1, 10, 24], [11, 3, 12, 2], [13, 17, 14, 16], [15, 23, 16, 22], [17, 7, 18, 6], [19, 5, 20, 4]]"
12a_0442_140,"[[19, 5, 20, 4], [21, 15, 22, 14], [23, 9, 24, 8], [1, 11, 2, 10], [3, 21, 4, 20], [5, 19, 6, 18], [7, 13, 8, 12], [9, 1, 10, 24], [11, 3, 12, 2], [13, 17, 14, 16], [15, 23, 16, 22], [17, 7, 18, 6]]"
12a_0442_141,"[[17, 7, 18, 6], [19, 5, 20, 4], [21, 15, 22, 14], [23, 9, 24, 8], [1, 11, 2, 10], [3, 21, 4, 20], [5, 19, 6, 18], [7, 13, 8, 12], [9, 1, 10, 24], [11, 3, 12, 2], [13, 17, 14, 16], [15, 23, 16, 22]]"
12a_0442_142,"[[15, 23, 16, 22], [17, 7, 18, 6], [19, 5, 20, 4], [21, 15, 22, 14], [23, 9, 24, 8], [1, 11, 2, 10], [3, 21, 4, 20], [5, 19, 6, 18], [7, 13, 8, 12], [9, 1, 10, 24], [11, 3, 12, 2], [13, 17, 14, 16]]"
12a_0442_143,"[[13, 17, 14, 16], [15, 23, 16, 22], [17, 7, 18, 6], [19, 5, 20, 4], [21, 15, 22, 14], [23, 9, 24, 8], [1, 11, 2, 10], [3, 21, 4, 20], [5, 19, 6, 18], [7, 13, 8, 12], [9, 1, 10, 24], [11, 3, 12, 2]]"
12a_0442_144,"[[12, 4, 13, 3], [14, 18, 15, 17], [16, 24, 17, 23], [18, 8, 19, 7], [20, 6, 21, 5], [22, 16, 23, 15], [24, 10, 1, 9], [2, 12, 3, 11], [4, 22, 5, 21], [6, 20, 7, 19], [8, 14, 9, 13], [10, 2, 11, 1]]"
12a_0442_145,"[[10, 2, 11, 1], [12, 4, 13, 3], [14, 18, 15, 17], [16, 24, 17, 23], [18, 8, 19, 7], [20, 6, 21, 5], [22, 16, 23, 15], [24, 10, 1, 9], [2, 12, 3, 11], [4, 22, 5, 21], [6, 20, 7, 19], [8, 14, 9, 13]]"
12a_0442_146,"[[8, 14, 9, 13], [10, 2, 11, 1], [12, 4, 13, 3], [14, 18, 15, 17], [16, 24, 17, 23], [18, 8, 19, 7], [20, 6, 21, 5], [22, 16, 23, 15], [24, 10, 1, 9], [2, 12, 3, 11], [4, 22, 5, 21], [6, 20, 7, 19]]"
12a_0442_147,"[[6, 20, 7, 19], [8, 14, 9, 13], [10, 2, 11, 1], [12, 4, 13, 3], [14, 18, 15, 17], [16, 24, 17, 23], [18, 8, 19, 7], [20, 6, 21, 5], [22, 16, 23, 15], [24, 10, 1, 9], [2, 12, 3, 11], [4, 22, 5, 21]]"
12a_0442_148,"[[4, 22, 5, 21], [6, 20, 7, 19], [8, 14, 9, 13], [10, 2, 11, 1], [12, 4, 13, 3], [14, 18, 15, 17], [16, 24, 17, 23], [18, 8, 19, 7], [20, 6, 21, 5], [22, 16, 23, 15], [24, 10, 1, 9], [2, 12, 3, 11]]"
12a_0442_149,"[[2, 12, 3, 11], [4, 22, 5, 21], [6, 20, 7, 19], [8, 14, 9, 13], [10, 2, 11, 1], [12, 4, 13, 3], [14, 18, 15, 17], [16, 24, 17, 23], [18, 8, 19, 7], [20, 6, 21, 5], [22, 16, 23, 15], [24, 10, 1, 9]]"
12a_0442_150,"[[24, 10, 1, 9], [2, 12, 3, 11], [4, 22, 5, 21], [6, 20, 7, 19], [8, 14, 9, 13], [10, 2, 11, 1], [12, 4, 13, 3], [14, 18, 15, 17], [16, 24, 17, 23], [18, 8, 19, 7], [20, 6, 21, 5], [22, 16, 23, 15]]"
12a_0442_151,"[[22, 16, 23, 15], [24, 10, 1, 9], [2, 12, 3, 11], [4, 22, 5, 21], [6, 20, 7, 19], [8, 14, 9, 13], [10, 2, 11, 1], [12, 4, 13, 3], [14, 18, 15, 17], [16, 24, 17, 23], [18, 8, 19, 7], [20, 6, 21, 5]]"
12a_0442_152,"[[20, 6, 21, 5], [22, 16, 23, 15], [24, 10, 1, 9], [2, 12, 3, 11], [4, 22, 5, 21], [6, 20, 7, 19], [8, 14, 9, 13], [10, 2, 11, 1], [12, 4, 13, 3], [14, 18, 15, 17], [16, 24, 17, 23], [18, 8, 19, 7]]"
12a_0442_153,"[[18, 8, 19, 7], [20, 6, 21, 5], [22, 16, 23, 15], [24, 10, 1, 9], [2, 12, 3, 11], [4, 22, 5, 21], [6, 20, 7, 19], [8, 14, 9, 13], [10, 2, 11, 1], [12, 4, 13, 3], [14, 18, 15, 17], [16, 24, 17, 23]]"
12a_0442_154,"[[16, 24, 17, 23], [18, 8, 19, 7], [20, 6, 21, 5], [22, 16, 23, 15], [24, 10, 1, 9], [2, 12, 3, 11], [4, 22, 5, 21], [6, 20, 7, 19], [8, 14, 9, 13], [10, 2, 11, 1], [12, 4, 13, 3], [14, 18, 15, 17]]"
12a_0442_155,"[[14, 18, 15, 17], [16, 24, 17, 23], [18, 8, 19, 7], [20, 6, 21, 5], [22, 16, 23, 15], [24, 10, 1, 9], [2, 12, 3, 11], [4, 22, 5, 21], [6, 20, 7, 19], [8, 14, 9, 13], [10, 2, 11, 1], [12, 4, 13, 3]]"
12a_0442_156,"[[13, 5, 14, 4], [15, 19, 16, 18], [17, 1, 18, 24], [19, 9, 20, 8], [21, 7, 22, 6], [23, 17, 24, 16], [1, 11, 2, 10], [3, 13, 4, 12], [5, 23, 6, 22], [7, 21, 8, 20], [9, 15, 10, 14], [11, 3, 12, 2]]"
12a_0442_157,"[[11, 3, 12, 2], [13, 5, 14, 4], [15, 19, 16, 18], [17, 1, 18, 24], [19, 9, 20, 8], [21, 7, 22, 6], [23, 17, 24, 16], [1, 11, 2, 10], [3, 13, 4, 12], [5, 23, 6, 22], [7, 21, 8, 20], [9, 15, 10, 14]]"
12a_0442_158,"[[9, 15, 10, 14], [11, 3, 12, 2], [13, 5, 14, 4], [15, 19, 16, 18], [17, 1, 18, 24], [19, 9, 20, 8], [21, 7, 22, 6], [23, 17, 24, 16], [1, 11, 2, 10], [3, 13, 4, 12], [5, 23, 6, 22], [7, 21, 8, 20]]"
12a_0442_159,"[[7, 21, 8, 20], [9, 15, 10, 14], [11, 3, 12, 2], [13, 5, 14, 4], [15, 19, 16, 18], [17, 1, 18, 24], [19, 9, 20, 8], [21, 7, 22, 6], [23, 17, 24, 16], [1, 11, 2, 10], [3, 13, 4, 12], [5, 23, 6, 22]]"
12a_0442_160,"[[5, 23, 6, 22], [7, 21, 8, 20], [9, 15, 10, 14], [11, 3, 12, 2], [13, 5, 14, 4], [15, 19, 16, 18], [17, 1, 18, 24], [19, 9, 20, 8], [21, 7, 22, 6], [23, 17, 24, 16], [1, 11, 2, 10], [3, 13, 4, 12]]"
12a_0442_161,"[[3, 13, 4, 12], [5, 23, 6, 22], [7, 21, 8, 20], [9, 15, 10, 14], [11, 3, 12, 2], [13, 5, 14, 4], [15, 19, 16, 18], [17, 1, 18, 24], [19, 9, 20, 8], [21, 7, 22, 6], [23, 17, 24, 16], [1, 11, 2, 10]]"
12a_0442_162,"[[1, 11, 2, 10], [3, 13, 4, 12], [5, 23, 6, 22], [7, 21, 8, 20], [9, 15, 10, 14], [11, 3, 12, 2], [13, 5, 14, 4], [15, 19, 16, 18], [17, 1, 18, 24], [19, 9, 20, 8], [21, 7, 22, 6], [23, 17, 24, 16]]"
12a_0442_163,"[[23, 17, 24, 16], [1, 11, 2, 10], [3, 13, 4, 12], [5, 23, 6, 22], [7, 21, 8, 20], [9, 15, 10, 14], [11, 3, 12, 2], [13, 5, 14, 4], [15, 19, 16, 18], [17, 1, 18, 24], [19, 9, 20, 8], [21, 7, 22, 6]]"
12a_0442_164,"[[21, 7, 22, 6], [23, 17, 24, 16], [1, 11, 2, 10], [3, 13, 4, 12], [5, 23, 6, 22], [7, 21, 8, 20], [9, 15, 10, 14], [11, 3, 12, 2], [13, 5, 14, 4], [15, 19, 16, 18], [17, 1, 18, 24], [19, 9, 20, 8]]"
12a_0442_165,"[[19, 9, 20, 8], [21, 7, 22, 6], [23, 17, 24, 16], [1, 11, 2, 10], [3, 13, 4, 12], [5, 23, 6, 22], [7, 21, 8, 20], [9, 15, 10, 14], [11, 3, 12, 2], [13, 5, 14, 4], [15, 19, 16, 18], [17, 1, 18, 24]]"
12a_0442_166,"[[17, 1, 18, 24], [19, 9, 20, 8], [21, 7, 22, 6], [23, 17, 24, 16], [1, 11, 2, 10], [3, 13, 4, 12], [5, 23, 6, 22], [7, 21, 8, 20], [9, 15, 10, 14], [11, 3, 12, 2], [13, 5, 14, 4], [15, 19, 16, 18]]"
12a_0442_167,"[[15, 19, 16, 18], [17, 1, 18, 24], [19, 9, 20, 8], [21, 7, 22, 6], [23, 17, 24, 16], [1, 11, 2, 10], [3, 13, 4, 12], [5, 23, 6, 22], [7, 21, 8, 20], [9, 15, 10, 14], [11, 3, 12, 2], [13, 5, 14, 4]]"
12a_0442_168,"[[14, 6, 15, 5], [16, 20, 17, 19], [18, 2, 19, 1], [20, 10, 21, 9], [22, 8, 23, 7], [24, 18, 1, 17], [2, 12, 3, 11], [4, 14, 5, 13], [6, 24, 7, 23], [8, 22, 9, 21], [10, 16, 11, 15], [12, 4, 13, 3]]"
12a_0442_169,"[[12, 4, 13, 3], [14, 6, 15, 5], [16, 20, 17, 19], [18, 2, 19, 1], [20, 10, 21, 9], [22, 8, 23, 7], [24, 18, 1, 17], [2, 12, 3, 11], [4, 14, 5, 13], [6, 24, 7, 23], [8, 22, 9, 21], [10, 16, 11, 15]]"
12a_0442_170,"[[10, 16, 11, 15], [12, 4, 13, 3], [14, 6, 15, 5], [16, 20, 17, 19], [18, 2, 19, 1], [20, 10, 21, 9], [22, 8, 23, 7], [24, 18, 1, 17], [2, 12, 3, 11], [4, 14, 5, 13], [6, 24, 7, 23], [8, 22, 9, 21]]"
12a_0442_171,"[[8, 22, 9, 21], [10, 16, 11, 15], [12, 4, 13, 3], [14, 6, 15, 5], [16, 20, 17, 19], [18, 2, 19, 1], [20, 10, 21, 9], [22, 8, 23, 7], [24, 18, 1, 17], [2, 12, 3, 11], [4, 14, 5, 13], [6, 24, 7, 23]]"
12a_0442_172,"[[6, 24, 7, 23], [8, 22, 9, 21], [10, 16, 11, 15], [12, 4, 13, 3], [14, 6, 15, 5], [16, 20, 17, 19], [18, 2, 19, 1], [20, 10, 21, 9], [22, 8, 23, 7], [24, 18, 1, 17], [2, 12, 3, 11], [4, 14, 5, 13]]"
12a_0442_173,"[[4, 14, 5, 13], [6, 24, 7, 23], [8, 22, 9, 21], [10, 16, 11, 15], [12, 4, 13, 3], [14, 6, 15, 5], [16, 20, 17, 19], [18, 2, 19, 1], [20, 10, 21, 9], [22, 8, 23, 7], [24, 18, 1, 17], [2, 12, 3, 11]]"
12a_0442_174,"[[2, 12, 3, 11], [4, 14, 5, 13], [6, 24, 7, 23], [8, 22, 9, 21], [10, 16, 11, 15], [12, 4, 13, 3], [14, 6, 15, 5], [16, 20, 17, 19], [18, 2, 19, 1], [20, 10, 21, 9], [22, 8, 23, 7], [24, 18, 1, 17]]"
12a_0442_175,"[[24, 18, 1, 17], [2, 12, 3, 11], [4, 14, 5, 13], [6, 24, 7, 23], [8, 22, 9, 21], [10, 16, 11, 15], [12, 4, 13, 3], [14, 6, 15, 5], [16, 20, 17, 19], [18, 2, 19, 1], [20, 10, 21, 9], [22, 8, 23, 7]]"
12a_0442_176,"[[22, 8, 23, 7], [24, 18, 1, 17], [2, 12, 3, 11], [4, 14, 5, 13], [6, 24, 7, 23], [8, 22, 9, 21], [10, 16, 11, 15], [12, 4, 13, 3], [14, 6, 15, 5], [16, 20, 17, 19], [18, 2, 19, 1], [20, 10, 21, 9]]"
12a_0442_177,"[[20, 10, 21, 9], [22, 8, 23, 7], [24, 18, 1, 17], [2, 12, 3, 11], [4, 14, 5, 13], [6, 24, 7, 23], [8, 22, 9, 21], [10, 16, 11, 15], [12, 4, 13, 3], [14, 6, 15, 5], [16, 20, 17, 19], [18, 2, 19, 1]]"
12a_0442_178,"[[18, 2, 19, 1], [20, 10, 21, 9], [22, 8, 23, 7], [24, 18, 1, 17], [2, 12, 3, 11], [4, 14, 5, 13], [6, 24, 7, 23], [8, 22, 9, 21], [10, 16, 11, 15], [12, 4, 13, 3], [14, 6, 15, 5], [16, 20, 17, 19]]"
12a_0442_179,"[[16, 20, 17, 19], [18, 2, 19, 1], [20, 10, 21, 9], [22, 8, 23, 7], [24, 18, 1, 17], [2, 12, 3, 11], [4, 14, 5, 13], [6, 24, 7, 23], [8, 22, 9, 21], [10, 16, 11, 15], [12, 4, 13, 3], [14, 6, 15, 5]]"
12a_0442_180,"[[15, 7, 16, 6], [17, 21, 18, 20], [19, 3, 20, 2], [21, 11, 22, 10], [23, 9, 24, 8], [1, 19, 2, 18], [3, 13, 4, 12], [5, 15, 6, 14], [7, 1, 8, 24], [9, 23, 10, 22], [11, 17, 12, 16], [13, 5, 14, 4]]"
12a_0442_181,"[[13, 5, 14, 4], [15, 7, 16, 6], [17, 21, 18, 20], [19, 3, 20, 2], [21, 11, 22, 10], [23, 9, 24, 8], [1, 19, 2, 18], [3, 13, 4, 12], [5, 15, 6, 14], [7, 1, 8, 24], [9, 23, 10, 22], [11, 17, 12, 16]]"
12a_0442_182,"[[11, 17, 12, 16], [13, 5, 14, 4], [15, 7, 16, 6], [17, 21, 18, 20], [19, 3, 20, 2], [21, 11, 22, 10], [23, 9, 24, 8], [1, 19, 2, 18], [3, 13, 4, 12], [5, 15, 6, 14], [7, 1, 8, 24], [9, 23, 10, 22]]"
12a_0442_183,"[[9, 23, 10, 22], [11, 17, 12, 16], [13, 5, 14, 4], [15, 7, 16, 6], [17, 21, 18, 20], [19, 3, 20, 2], [21, 11, 22, 10], [23, 9, 24, 8], [1, 19, 2, 18], [3, 13, 4, 12], [5, 15, 6, 14], [7, 1, 8, 24]]"
12a_0442_184,"[[7, 1, 8, 24], [9, 23, 10, 22], [11, 17, 12, 16], [13, 5, 14, 4], [15, 7, 16, 6], [17, 21, 18, 20], [19, 3, 20, 2], [21, 11, 22, 10], [23, 9, 24, 8], [1, 19, 2, 18], [3, 13, 4, 12], [5, 15, 6, 14]]"
12a_0442_185,"[[5, 15, 6, 14], [7, 1, 8, 24], [9, 23, 10, 22], [11, 17, 12, 16], [13, 5, 14, 4], [15, 7, 16, 6], [17, 21, 18, 20], [19, 3, 20, 2], [21, 11, 22, 10], [23, 9, 24, 8], [1, 19, 2, 18], [3, 13, 4, 12]]"
