name,pd_notation
12a_0710_0,"[[24, 19, 1, 20], [2, 6, 3, 5], [4, 15, 5, 16], [6, 11, 7, 12], [8, 24, 9, 23], [10, 1, 11, 2], [12, 18, 13, 17], [14, 21, 15, 22], [16, 3, 17, 4], [18, 7, 19, 8], [20, 10, 21, 9], [22, 13, 23, 14]]"
12a_0710_1,"[[22, 13, 23, 14], [24, 19, 1, 20], [2, 6, 3, 5], [4, 15, 5, 16], [6, 11, 7, 12], [8, 24, 9, 23], [10, 1, 11, 2], [12, 18, 13, 17], [14, 21, 15, 22], [16, 3, 17, 4], [18, 7, 19, 8], [20, 10, 21, 9]]"
12a_0710_2,"[[20, 10, 21, 9], [22, 13, 23, 14], [24, 19, 1, 20], [2, 6, 3, 5], [4, 15, 5, 16], [6, 11, 7, 12], [8, 24, 9, 23], [10, 1, 11, 2], [12, 18, 13, 17], [14, 21, 15, 22], [16, 3, 17, 4], [18, 7, 19, 8]]"
12a_0710_3,"[[18, 7, 19, 8], [20, 10, 21, 9], [22, 13, 23, 14], [24, 19, 1, 20], [2, 6, 3, 5], [4, 15, 5, 16], [6, 11, 7, 12], [8, 24, 9, 23], [10, 1, 11, 2], [12, 18, 13, 17], [14, 21, 15, 22], [16, 3, 17, 4]]"
12a_0710_4,"[[16, 3, 17, 4], [18, 7, 19, 8], [20, 10, 21, 9], [22, 13, 23, 14], [24, 19, 1, 20], [2, 6, 3, 5], [4, 15, 5, 16], [6, 11, 7, 12], [8, 24, 9, 23], [10, 1, 11, 2], [12, 18, 13, 17], [14, 21, 15, 22]]"
12a_0710_5,"[[14, 21, 15, 22], [16, 3, 17, 4], [18, 7, 19, 8], [20, 10, 21, 9], [22, 13, 23, 14], [24, 19, 1, 20], [2, 6, 3, 5], [4, 15, 5, 16], [6, 11, 7, 12], [8, 24, 9, 23], [10, 1, 11, 2], [12, 18, 13, 17]]"
12a_0710_6,"[[12, 18, 13, 17], [14, 21, 15, 22], [16, 3, 17, 4], [18, 7, 19, 8], [20, 10, 21, 9], [22, 13, 23, 14], [24, 19, 1, 20], [2, 6, 3, 5], [4, 15, 5, 16], [6, 11, 7, 12], [8, 24, 9, 23], [10, 1, 11, 2]]"
12a_0710_7,"[[10, 1, 11, 2], [12, 18, 13, 17], [14, 21, 15, 22], [16, 3, 17, 4], [18, 7, 19, 8], [20, 10, 21, 9], [22, 13, 23, 14], [24, 19, 1, 20], [2, 6, 3, 5], [4, 15, 5, 16], [6, 11, 7, 12], [8, 24, 9, 23]]"
12a_0710_8,"[[8, 24, 9, 23], [10, 1, 11, 2], [12, 18, 13, 17], [14, 21, 15, 22], [16, 3, 17, 4], [18, 7, 19, 8], [20, 10, 21, 9], [22, 13, 23, 14], [24, 19, 1, 20], [2, 6, 3, 5], [4, 15, 5, 16], [6, 11, 7, 12]]"
12a_0710_9,"[[6, 11, 7, 12], [8, 24, 9, 23], [10, 1, 11, 2], [12, 18, 13, 17], [14, 21, 15, 22], [16, 3, 17, 4], [18, 7, 19, 8], [20, 10, 21, 9], [22, 13, 23, 14], [24, 19, 1, 20], [2, 6, 3, 5], [4, 15, 5, 16]]"
12a_0710_10,"[[4, 15, 5, 16], [6, 11, 7, 12], [8, 24, 9, 23], [10, 1, 11, 2], [12, 18, 13, 17], [14, 21, 15, 22], [16, 3, 17, 4], [18, 7, 19, 8], [20, 10, 21, 9], [22, 13, 23, 14], [24, 19, 1, 20], [2, 6, 3, 5]]"
12a_0710_11,"[[2, 6, 3, 5], [4, 15, 5, 16], [6, 11, 7, 12], [8, 24, 9, 23], [10, 1, 11, 2], [12, 18, 13, 17], [14, 21, 15, 22], [16, 3, 17, 4], [18, 7, 19, 8], [20, 10, 21, 9], [22, 13, 23, 14], [24, 19, 1, 20]]"
12a_0710_12,"[[1, 20, 2, 21], [3, 7, 4, 6], [5, 16, 6, 17], [7, 12, 8, 13], [9, 1, 10, 24], [11, 2, 12, 3], [13, 19, 14, 18], [15, 22, 16, 23], [17, 4, 18, 5], [19, 8, 20, 9], [21, 11, 22, 10], [23, 14, 24, 15]]"
12a_0710_13,"[[23, 14, 24, 15], [1, 20, 2, 21], [3, 7, 4, 6], [5, 16, 6, 17], [7, 12, 8, 13], [9, 1, 10, 24], [11, 2, 12, 3], [13, 19, 14, 18], [15, 22, 16, 23], [17, 4, 18, 5], [19, 8, 20, 9], [21, 11, 22, 10]]"
12a_0710_14,"[[21, 11, 22, 10], [23, 14, 24, 15], [1, 20, 2, 21], [3, 7, 4, 6], [5, 16, 6, 17], [7, 12, 8, 13], [9, 1, 10, 24], [11, 2, 12, 3], [13, 19, 14, 18], [15, 22, 16, 23], [17, 4, 18, 5], [19, 8, 20, 9]]"
12a_0710_15,"[[19, 8, 20, 9], [21, 11, 22, 10], [23, 14, 24, 15], [1, 20, 2, 21], [3, 7, 4, 6], [5, 16, 6, 17], [7, 12, 8, 13], [9, 1, 10, 24], [11, 2, 12, 3], [13, 19, 14, 18], [15, 22, 16, 23], [17, 4, 18, 5]]"
12a_0710_16,"[[17, 4, 18, 5], [19, 8, 20, 9], [21, 11, 22, 10], [23, 14, 24, 15], [1, 20, 2, 21], [3, 7, 4, 6], [5, 16, 6, 17], [7, 12, 8, 13], [9, 1, 10, 24], [11, 2, 12, 3], [13, 19, 14, 18], [15, 22, 16, 23]]"
12a_0710_17,"[[15, 22, 16, 23], [17, 4, 18, 5], [19, 8, 20, 9], [21, 11, 22, 10], [23, 14, 24, 15], [1, 20, 2, 21], [3, 7, 4, 6], [5, 16, 6, 17], [7, 12, 8, 13], [9, 1, 10, 24], [11, 2, 12, 3], [13, 19, 14, 18]]"
12a_0710_18,"[[13, 19, 14, 18], [15, 22, 16, 23], [17, 4, 18, 5], [19, 8, 20, 9], [21, 11, 22, 10], [23, 14, 24, 15], [1, 20, 2, 21], [3, 7, 4, 6], [5, 16, 6, 17], [7, 12, 8, 13], [9, 1, 10, 24], [11, 2, 12, 3]]"
12a_0710_19,"[[11, 2, 12, 3], [13, 19, 14, 18], [15, 22, 16, 23], [17, 4, 18, 5], [19, 8, 20, 9], [21, 11, 22, 10], [23, 14, 24, 15], [1, 20, 2, 21], [3, 7, 4, 6], [5, 16, 6, 17], [7, 12, 8, 13], [9, 1, 10, 24]]"
12a_0710_20,"[[9, 1, 10, 24], [11, 2, 12, 3], [13, 19, 14, 18], [15, 22, 16, 23], [17, 4, 18, 5], [19, 8, 20, 9], [21, 11, 22, 10], [23, 14, 24, 15], [1, 20, 2, 21], [3, 7, 4, 6], [5, 16, 6, 17], [7, 12, 8, 13]]"
12a_0710_21,"[[7, 12, 8, 13], [9, 1, 10, 24], [11, 2, 12, 3], [13, 19, 14, 18], [15, 22, 16, 23], [17, 4, 18, 5], [19, 8, 20, 9], [21, 11, 22, 10], [23, 14, 24, 15], [1, 20, 2, 21], [3, 7, 4, 6], [5, 16, 6, 17]]"
12a_0710_22,"[[5, 16, 6, 17], [7, 12, 8, 13], [9, 1, 10, 24], [11, 2, 12, 3], [13, 19, 14, 18], [15, 22, 16, 23], [17, 4, 18, 5], [19, 8, 20, 9], [21, 11, 22, 10], [23, 14, 24, 15], [1, 20, 2, 21], [3, 7, 4, 6]]"
12a_0710_23,"[[3, 7, 4, 6], [5, 16, 6, 17], [7, 12, 8, 13], [9, 1, 10, 24], [11, 2, 12, 3], [13, 19, 14, 18], [15, 22, 16, 23], [17, 4, 18, 5], [19, 8, 20, 9], [21, 11, 22, 10], [23, 14, 24, 15], [1, 20, 2, 21]]"
12a_0710_24,"[[2, 21, 3, 22], [4, 8, 5, 7], [6, 17, 7, 18], [8, 13, 9, 14], [10, 2, 11, 1], [12, 3, 13, 4], [14, 20, 15, 19], [16, 23, 17, 24], [18, 5, 19, 6], [20, 9, 21, 10], [22, 12, 23, 11], [24, 15, 1, 16]]"
12a_0710_25,"[[24, 15, 1, 16], [2, 21, 3, 22], [4, 8, 5, 7], [6, 17, 7, 18], [8, 13, 9, 14], [10, 2, 11, 1], [12, 3, 13, 4], [14, 20, 15, 19], [16, 23, 17, 24], [18, 5, 19, 6], [20, 9, 21, 10], [22, 12, 23, 11]]"
12a_0710_26,"[[22, 12, 23, 11], [24, 15, 1, 16], [2, 21, 3, 22], [4, 8, 5, 7], [6, 17, 7, 18], [8, 13, 9, 14], [10, 2, 11, 1], [12, 3, 13, 4], [14, 20, 15, 19], [16, 23, 17, 24], [18, 5, 19, 6], [20, 9, 21, 10]]"
12a_0710_27,"[[20, 9, 21, 10], [22, 12, 23, 11], [24, 15, 1, 16], [2, 21, 3, 22], [4, 8, 5, 7], [6, 17, 7, 18], [8, 13, 9, 14], [10, 2, 11, 1], [12, 3, 13, 4], [14, 20, 15, 19], [16, 23, 17, 24], [18, 5, 19, 6]]"
12a_0710_28,"[[18, 5, 19, 6], [20, 9, 21, 10], [22, 12, 23, 11], [24, 15, 1, 16], [2, 21, 3, 22], [4, 8, 5, 7], [6, 17, 7, 18], [8, 13, 9, 14], [10, 2, 11, 1], [12, 3, 13, 4], [14, 20, 15, 19], [16, 23, 17, 24]]"
12a_0710_29,"[[16, 23, 17, 24], [18, 5, 19, 6], [20, 9, 21, 10], [22, 12, 23, 11], [24, 15, 1, 16], [2, 21, 3, 22], [4, 8, 5, 7], [6, 17, 7, 18], [8, 13, 9, 14], [10, 2, 11, 1], [12, 3, 13, 4], [14, 20, 15, 19]]"
12a_0710_30,"[[14, 20, 15, 19], [16, 23, 17, 24], [18, 5, 19, 6], [20, 9, 21, 10], [22, 12, 23, 11], [24, 15, 1, 16], [2, 21, 3, 22], [4, 8, 5, 7], [6, 17, 7, 18], [8, 13, 9, 14], [10, 2, 11, 1], [12, 3, 13, 4]]"
12a_0710_31,"[[12, 3, 13, 4], [14, 20, 15, 19], [16, 23, 17, 24], [18, 5, 19, 6], [20, 9, 21, 10], [22, 12, 23, 11], [24, 15, 1, 16], [2, 21, 3, 22], [4, 8, 5, 7], [6, 17, 7, 18], [8, 13, 9, 14], [10, 2, 11, 1]]"
12a_0710_32,"[[10, 2, 11, 1], [12, 3, 13, 4], [14, 20, 15, 19], [16, 23, 17, 24], [18, 5, 19, 6], [20, 9, 21, 10], [22, 12, 23, 11], [24, 15, 1, 16], [2, 21, 3, 22], [4, 8, 5, 7], [6, 17, 7, 18], [8, 13, 9, 14]]"
12a_0710_33,"[[8, 13, 9, 14], [10, 2, 11, 1], [12, 3, 13, 4], [14, 20, 15, 19], [16, 23, 17, 24], [18, 5, 19, 6], [20, 9, 21, 10], [22, 12, 23, 11], [24, 15, 1, 16], [2, 21, 3, 22], [4, 8, 5, 7], [6, 17, 7, 18]]"
12a_0710_34,"[[6, 17, 7, 18], [8, 13, 9, 14], [10, 2, 11, 1], [12, 3, 13, 4], [14, 20, 15, 19], [16, 23, 17, 24], [18, 5, 19, 6], [20, 9, 21, 10], [22, 12, 23, 11], [24, 15, 1, 16], [2, 21, 3, 22], [4, 8, 5, 7]]"
12a_0710_35,"[[4, 8, 5, 7], [6, 17, 7, 18], [8, 13, 9, 14], [10, 2, 11, 1], [12, 3, 13, 4], [14, 20, 15, 19], [16, 23, 17, 24], [18, 5, 19, 6], [20, 9, 21, 10], [22, 12, 23, 11], [24, 15, 1, 16], [2, 21, 3, 22]]"
12a_0710_36,"[[3, 22, 4, 23], [5, 9, 6, 8], [7, 18, 8, 19], [9, 14, 10, 15], [11, 3, 12, 2], [13, 4, 14, 5], [15, 21, 16, 20], [17, 24, 18, 1], [19, 6, 20, 7], [21, 10, 22, 11], [23, 13, 24, 12], [1, 16, 2, 17]]"
12a_0710_37,"[[1, 16, 2, 17], [3, 22, 4, 23], [5, 9, 6, 8], [7, 18, 8, 19], [9, 14, 10, 15], [11, 3, 12, 2], [13, 4, 14, 5], [15, 21, 16, 20], [17, 24, 18, 1], [19, 6, 20, 7], [21, 10, 22, 11], [23, 13, 24, 12]]"
12a_0710_38,"[[23, 13, 24, 12], [1, 16, 2, 17], [3, 22, 4, 23], [5, 9, 6, 8], [7, 18, 8, 19], [9, 14, 10, 15], [11, 3, 12, 2], [13, 4, 14, 5], [15, 21, 16, 20], [17, 24, 18, 1], [19, 6, 20, 7], [21, 10, 22, 11]]"
12a_0710_39,"[[21, 10, 22, 11], [23, 13, 24, 12], [1, 16, 2, 17], [3, 22, 4, 23], [5, 9, 6, 8], [7, 18, 8, 19], [9, 14, 10, 15], [11, 3, 12, 2], [13, 4, 14, 5], [15, 21, 16, 20], [17, 24, 18, 1], [19, 6, 20, 7]]"
12a_0710_40,"[[19, 6, 20, 7], [21, 10, 22, 11], [23, 13, 24, 12], [1, 16, 2, 17], [3, 22, 4, 23], [5, 9, 6, 8], [7, 18, 8, 19], [9, 14, 10, 15], [11, 3, 12, 2], [13, 4, 14, 5], [15, 21, 16, 20], [17, 24, 18, 1]]"
12a_0710_41,"[[17, 24, 18, 1], [19, 6, 20, 7], [21, 10, 22, 11], [23, 13, 24, 12], [1, 16, 2, 17], [3, 22, 4, 23], [5, 9, 6, 8], [7, 18, 8, 19], [9, 14, 10, 15], [11, 3, 12, 2], [13, 4, 14, 5], [15, 21, 16, 20]]"
12a_0710_42,"[[15, 21, 16, 20], [17, 24, 18, 1], [19, 6, 20, 7], [21, 10, 22, 11], [23, 13, 24, 12], [1, 16, 2, 17], [3, 22, 4, 23], [5, 9, 6, 8], [7, 18, 8, 19], [9, 14, 10, 15], [11, 3, 12, 2], [13, 4, 14, 5]]"
12a_0710_43,"[[13, 4, 14, 5], [15, 21, 16, 20], [17, 24, 18, 1], [19, 6, 20, 7], [21, 10, 22, 11], [23, 13, 24, 12], [1, 16, 2, 17], [3, 22, 4, 23], [5, 9, 6, 8], [7, 18, 8, 19], [9, 14, 10, 15], [11, 3, 12, 2]]"
12a_0710_44,"[[11, 3, 12, 2], [13, 4, 14, 5], [15, 21, 16, 20], [17, 24, 18, 1], [19, 6, 20, 7], [21, 10, 22, 11], [23, 13, 24, 12], [1, 16, 2, 17], [3, 22, 4, 23], [5, 9, 6, 8], [7, 18, 8, 19], [9, 14, 10, 15]]"
12a_0710_45,"[[9, 14, 10, 15], [11, 3, 12, 2], [13, 4, 14, 5], [15, 21, 16, 20], [17, 24, 18, 1], [19, 6, 20, 7], [21, 10, 22, 11], [23, 13, 24, 12], [1, 16, 2, 17], [3, 22, 4, 23], [5, 9, 6, 8], [7, 18, 8, 19]]"
12a_0710_46,"[[7, 18, 8, 19], [9, 14, 10, 15], [11, 3, 12, 2], [13, 4, 14, 5], [15, 21, 16, 20], [17, 24, 18, 1], [19, 6, 20, 7], [21, 10, 22, 11], [23, 13, 24, 12], [1, 16, 2, 17], [3, 22, 4, 23], [5, 9, 6, 8]]"
12a_0710_47,"[[5, 9, 6, 8], [7, 18, 8, 19], [9, 14, 10, 15], [11, 3, 12, 2], [13, 4, 14, 5], [15, 21, 16, 20], [17, 24, 18, 1], [19, 6, 20, 7], [21, 10, 22, 11], [23, 13, 24, 12], [1, 16, 2, 17], [3, 22, 4, 23]]"
12a_0710_48,"[[4, 23, 5, 24], [6, 10, 7, 9], [8, 19, 9, 20], [10, 15, 11, 16], [12, 4, 13, 3], [14, 5, 15, 6], [16, 22, 17, 21], [18, 1, 19, 2], [20, 7, 21, 8], [22, 11, 23, 12], [24, 14, 1, 13], [2, 17, 3, 18]]"
12a_0710_49,"[[2, 17, 3, 18], [4, 23, 5, 24], [6, 10, 7, 9], [8, 19, 9, 20], [10, 15, 11, 16], [12, 4, 13, 3], [14, 5, 15, 6], [16, 22, 17, 21], [18, 1, 19, 2], [20, 7, 21, 8], [22, 11, 23, 12], [24, 14, 1, 13]]"
12a_0710_50,"[[24, 14, 1, 13], [2, 17, 3, 18], [4, 23, 5, 24], [6, 10, 7, 9], [8, 19, 9, 20], [10, 15, 11, 16], [12, 4, 13, 3], [14, 5, 15, 6], [16, 22, 17, 21], [18, 1, 19, 2], [20, 7, 21, 8], [22, 11, 23, 12]]"
12a_0710_51,"[[22, 11, 23, 12], [24, 14, 1, 13], [2, 17, 3, 18], [4, 23, 5, 24], [6, 10, 7, 9], [8, 19, 9, 20], [10, 15, 11, 16], [12, 4, 13, 3], [14, 5, 15, 6], [16, 22, 17, 21], [18, 1, 19, 2], [20, 7, 21, 8]]"
12a_0710_52,"[[20, 7, 21, 8], [22, 11, 23, 12], [24, 14, 1, 13], [2, 17, 3, 18], [4, 23, 5, 24], [6, 10, 7, 9], [8, 19, 9, 20], [10, 15, 11, 16], [12, 4, 13, 3], [14, 5, 15, 6], [16, 22, 17, 21], [18, 1, 19, 2]]"
12a_0710_53,"[[18, 1, 19, 2], [20, 7, 21, 8], [22, 11, 23, 12], [24, 14, 1, 13], [2, 17, 3, 18], [4, 23, 5, 24], [6, 10, 7, 9], [8, 19, 9, 20], [10, 15, 11, 16], [12, 4, 13, 3], [14, 5, 15, 6], [16, 22, 17, 21]]"
12a_0710_54,"[[16, 22, 17, 21], [18, 1, 19, 2], [20, 7, 21, 8], [22, 11, 23, 12], [24, 14, 1, 13], [2, 17, 3, 18], [4, 23, 5, 24], [6, 10, 7, 9], [8, 19, 9, 20], [10, 15, 11, 16], [12, 4, 13, 3], [14, 5, 15, 6]]"
12a_0710_55,"[[14, 5, 15, 6], [16, 22, 17, 21], [18, 1, 19, 2], [20, 7, 21, 8], [22, 11, 23, 12], [24, 14, 1, 13], [2, 17, 3, 18], [4, 23, 5, 24], [6, 10, 7, 9], [8, 19, 9, 20], [10, 15, 11, 16], [12, 4, 13, 3]]"
12a_0710_56,"[[12, 4, 13, 3], [14, 5, 15, 6], [16, 22, 17, 21], [18, 1, 19, 2], [20, 7, 21, 8], [22, 11, 23, 12], [24, 14, 1, 13], [2, 17, 3, 18], [4, 23, 5, 24], [6, 10, 7, 9], [8, 19, 9, 20], [10, 15, 11, 16]]"
12a_0710_57,"[[10, 15, 11, 16], [12, 4, 13, 3], [14, 5, 15, 6], [16, 22, 17, 21], [18, 1, 19, 2], [20, 7, 21, 8], [22, 11, 23, 12], [24, 14, 1, 13], [2, 17, 3, 18], [4, 23, 5, 24], [6, 10, 7, 9], [8, 19, 9, 20]]"
12a_0710_58,"[[8, 19, 9, 20], [10, 15, 11, 16], [12, 4, 13, 3], [14, 5, 15, 6], [16, 22, 17, 21], [18, 1, 19, 2], [20, 7, 21, 8], [22, 11, 23, 12], [24, 14, 1, 13], [2, 17, 3, 18], [4, 23, 5, 24], [6, 10, 7, 9]]"
12a_0710_59,"[[6, 10, 7, 9], [8, 19, 9, 20], [10, 15, 11, 16], [12, 4, 13, 3], [14, 5, 15, 6], [16, 22, 17, 21], [18, 1, 19, 2], [20, 7, 21, 8], [22, 11, 23, 12], [24, 14, 1, 13], [2, 17, 3, 18], [4, 23, 5, 24]]"
12a_0710_60,"[[5, 24, 6, 1], [7, 11, 8, 10], [9, 20, 10, 21], [11, 16, 12, 17], [13, 5, 14, 4], [15, 6, 16, 7], [17, 23, 18, 22], [19, 2, 20, 3], [21, 8, 22, 9], [23, 12, 24, 13], [1, 15, 2, 14], [3, 18, 4, 19]]"
12a_0710_61,"[[3, 18, 4, 19], [5, 24, 6, 1], [7, 11, 8, 10], [9, 20, 10, 21], [11, 16, 12, 17], [13, 5, 14, 4], [15, 6, 16, 7], [17, 23, 18, 22], [19, 2, 20, 3], [21, 8, 22, 9], [23, 12, 24, 13], [1, 15, 2, 14]]"
12a_0710_62,"[[1, 15, 2, 14], [3, 18, 4, 19], [5, 24, 6, 1], [7, 11, 8, 10], [9, 20, 10, 21], [11, 16, 12, 17], [13, 5, 14, 4], [15, 6, 16, 7], [17, 23, 18, 22], [19, 2, 20, 3], [21, 8, 22, 9], [23, 12, 24, 13]]"
12a_0710_63,"[[23, 12, 24, 13], [1, 15, 2, 14], [3, 18, 4, 19], [5, 24, 6, 1], [7, 11, 8, 10], [9, 20, 10, 21], [11, 16, 12, 17], [13, 5, 14, 4], [15, 6, 16, 7], [17, 23, 18, 22], [19, 2, 20, 3], [21, 8, 22, 9]]"
12a_0710_64,"[[21, 8, 22, 9], [23, 12, 24, 13], [1, 15, 2, 14], [3, 18, 4, 19], [5, 24, 6, 1], [7, 11, 8, 10], [9, 20, 10, 21], [11, 16, 12, 17], [13, 5, 14, 4], [15, 6, 16, 7], [17, 23, 18, 22], [19, 2, 20, 3]]"
12a_0710_65,"[[19, 2, 20, 3], [21, 8, 22, 9], [23, 12, 24, 13], [1, 15, 2, 14], [3, 18, 4, 19], [5, 24, 6, 1], [7, 11, 8, 10], [9, 20, 10, 21], [11, 16, 12, 17], [13, 5, 14, 4], [15, 6, 16, 7], [17, 23, 18, 22]]"
12a_0710_66,"[[17, 23, 18, 22], [19, 2, 20, 3], [21, 8, 22, 9], [23, 12, 24, 13], [1, 15, 2, 14], [3, 18, 4, 19], [5, 24, 6, 1], [7, 11, 8, 10], [9, 20, 10, 21], [11, 16, 12, 17], [13, 5, 14, 4], [15, 6, 16, 7]]"
12a_0710_67,"[[15, 6, 16, 7], [17, 23, 18, 22], [19, 2, 20, 3], [21, 8, 22, 9], [23, 12, 24, 13], [1, 15, 2, 14], [3, 18, 4, 19], [5, 24, 6, 1], [7, 11, 8, 10], [9, 20, 10, 21], [11, 16, 12, 17], [13, 5, 14, 4]]"
12a_0710_68,"[[13, 5, 14, 4], [15, 6, 16, 7], [17, 23, 18, 22], [19, 2, 20, 3], [21, 8, 22, 9], [23, 12, 24, 13], [1, 15, 2, 14], [3, 18, 4, 19], [5, 24, 6, 1], [7, 11, 8, 10], [9, 20, 10, 21], [11, 16, 12, 17]]"
12a_0710_69,"[[11, 16, 12, 17], [13, 5, 14, 4], [15, 6, 16, 7], [17, 23, 18, 22], [19, 2, 20, 3], [21, 8, 22, 9], [23, 12, 24, 13], [1, 15, 2, 14], [3, 18, 4, 19], [5, 24, 6, 1], [7, 11, 8, 10], [9, 20, 10, 21]]"
12a_0710_70,"[[9, 20, 10, 21], [11, 16, 12, 17], [13, 5, 14, 4], [15, 6, 16, 7], [17, 23, 18, 22], [19, 2, 20, 3], [21, 8, 22, 9], [23, 12, 24, 13], [1, 15, 2, 14], [3, 18, 4, 19], [5, 24, 6, 1], [7, 11, 8, 10]]"
12a_0710_71,"[[7, 11, 8, 10], [9, 20, 10, 21], [11, 16, 12, 17], [13, 5, 14, 4], [15, 6, 16, 7], [17, 23, 18, 22], [19, 2, 20, 3], [21, 8, 22, 9], [23, 12, 24, 13], [1, 15, 2, 14], [3, 18, 4, 19], [5, 24, 6, 1]]"
12a_0710_72,"[[6, 1, 7, 2], [8, 12, 9, 11], [10, 21, 11, 22], [12, 17, 13, 18], [14, 6, 15, 5], [16, 7, 17, 8], [18, 24, 19, 23], [20, 3, 21, 4], [22, 9, 23, 10], [24, 13, 1, 14], [2, 16, 3, 15], [4, 19, 5, 20]]"
12a_0710_73,"[[4, 19, 5, 20], [6, 1, 7, 2], [8, 12, 9, 11], [10, 21, 11, 22], [12, 17, 13, 18], [14, 6, 15, 5], [16, 7, 17, 8], [18, 24, 19, 23], [20, 3, 21, 4], [22, 9, 23, 10], [24, 13, 1, 14], [2, 16, 3, 15]]"
12a_0710_74,"[[2, 16, 3, 15], [4, 19, 5, 20], [6, 1, 7, 2], [8, 12, 9, 11], [10, 21, 11, 22], [12, 17, 13, 18], [14, 6, 15, 5], [16, 7, 17, 8], [18, 24, 19, 23], [20, 3, 21, 4], [22, 9, 23, 10], [24, 13, 1, 14]]"
12a_0710_75,"[[24, 13, 1, 14], [2, 16, 3, 15], [4, 19, 5, 20], [6, 1, 7, 2], [8, 12, 9, 11], [10, 21, 11, 22], [12, 17, 13, 18], [14, 6, 15, 5], [16, 7, 17, 8], [18, 24, 19, 23], [20, 3, 21, 4], [22, 9, 23, 10]]"
12a_0710_76,"[[22, 9, 23, 10], [24, 13, 1, 14], [2, 16, 3, 15], [4, 19, 5, 20], [6, 1, 7, 2], [8, 12, 9, 11], [10, 21, 11, 22], [12, 17, 13, 18], [14, 6, 15, 5], [16, 7, 17, 8], [18, 24, 19, 23], [20, 3, 21, 4]]"
12a_0710_77,"[[20, 3, 21, 4], [22, 9, 23, 10], [24, 13, 1, 14], [2, 16, 3, 15], [4, 19, 5, 20], [6, 1, 7, 2], [8, 12, 9, 11], [10, 21, 11, 22], [12, 17, 13, 18], [14, 6, 15, 5], [16, 7, 17, 8], [18, 24, 19, 23]]"
12a_0710_78,"[[18, 24, 19, 23], [20, 3, 21, 4], [22, 9, 23, 10], [24, 13, 1, 14], [2, 16, 3, 15], [4, 19, 5, 20], [6, 1, 7, 2], [8, 12, 9, 11], [10, 21, 11, 22], [12, 17, 13, 18], [14, 6, 15, 5], [16, 7, 17, 8]]"
12a_0710_79,"[[16, 7, 17, 8], [18, 24, 19, 23], [20, 3, 21, 4], [22, 9, 23, 10], [24, 13, 1, 14], [2, 16, 3, 15], [4, 19, 5, 20], [6, 1, 7, 2], [8, 12, 9, 11], [10, 21, 11, 22], [12, 17, 13, 18], [14, 6, 15, 5]]"
12a_0710_80,"[[14, 6, 15, 5], [16, 7, 17, 8], [18, 24, 19, 23], [20, 3, 21, 4], [22, 9, 23, 10], [24, 13, 1, 14], [2, 16, 3, 15], [4, 19, 5, 20], [6, 1, 7, 2], [8, 12, 9, 11], [10, 21, 11, 22], [12, 17, 13, 18]]"
12a_0710_81,"[[12, 17, 13, 18], [14, 6, 15, 5], [16, 7, 17, 8], [18, 24, 19, 23], [20, 3, 21, 4], [22, 9, 23, 10], [24, 13, 1, 14], [2, 16, 3, 15], [4, 19, 5, 20], [6, 1, 7, 2], [8, 12, 9, 11], [10, 21, 11, 22]]"
12a_0710_82,"[[10, 21, 11, 22], [12, 17, 13, 18], [14, 6, 15, 5], [16, 7, 17, 8], [18, 24, 19, 23], [20, 3, 21, 4], [22, 9, 23, 10], [24, 13, 1, 14], [2, 16, 3, 15], [4, 19, 5, 20], [6, 1, 7, 2], [8, 12, 9, 11]]"
12a_0710_83,"[[8, 12, 9, 11], [10, 21, 11, 22], [12, 17, 13, 18], [14, 6, 15, 5], [16, 7, 17, 8], [18, 24, 19, 23], [20, 3, 21, 4], [22, 9, 23, 10], [24, 13, 1, 14], [2, 16, 3, 15], [4, 19, 5, 20], [6, 1, 7, 2]]"
12a_0710_84,"[[7, 2, 8, 3], [9, 13, 10, 12], [11, 22, 12, 23], [13, 18, 14, 19], [15, 7, 16, 6], [17, 8, 18, 9], [19, 1, 20, 24], [21, 4, 22, 5], [23, 10, 24, 11], [1, 14, 2, 15], [3, 17, 4, 16], [5, 20, 6, 21]]"
12a_0710_85,"[[5, 20, 6, 21], [7, 2, 8, 3], [9, 13, 10, 12], [11, 22, 12, 23], [13, 18, 14, 19], [15, 7, 16, 6], [17, 8, 18, 9], [19, 1, 20, 24], [21, 4, 22, 5], [23, 10, 24, 11], [1, 14, 2, 15], [3, 17, 4, 16]]"
12a_0710_86,"[[3, 17, 4, 16], [5, 20, 6, 21], [7, 2, 8, 3], [9, 13, 10, 12], [11, 22, 12, 23], [13, 18, 14, 19], [15, 7, 16, 6], [17, 8, 18, 9], [19, 1, 20, 24], [21, 4, 22, 5], [23, 10, 24, 11], [1, 14, 2, 15]]"
12a_0710_87,"[[1, 14, 2, 15], [3, 17, 4, 16], [5, 20, 6, 21], [7, 2, 8, 3], [9, 13, 10, 12], [11, 22, 12, 23], [13, 18, 14, 19], [15, 7, 16, 6], [17, 8, 18, 9], [19, 1, 20, 24], [21, 4, 22, 5], [23, 10, 24, 11]]"
12a_0710_88,"[[23, 10, 24, 11], [1, 14, 2, 15], [3, 17, 4, 16], [5, 20, 6, 21], [7, 2, 8, 3], [9, 13, 10, 12], [11, 22, 12, 23], [13, 18, 14, 19], [15, 7, 16, 6], [17, 8, 18, 9], [19, 1, 20, 24], [21, 4, 22, 5]]"
12a_0710_89,"[[21, 4, 22, 5], [23, 10, 24, 11], [1, 14, 2, 15], [3, 17, 4, 16], [5, 20, 6, 21], [7, 2, 8, 3], [9, 13, 10, 12], [11, 22, 12, 23], [13, 18, 14, 19], [15, 7, 16, 6], [17, 8, 18, 9], [19, 1, 20, 24]]"
12a_0710_90,"[[19, 1, 20, 24], [21, 4, 22, 5], [23, 10, 24, 11], [1, 14, 2, 15], [3, 17, 4, 16], [5, 20, 6, 21], [7, 2, 8, 3], [9, 13, 10, 12], [11, 22, 12, 23], [13, 18, 14, 19], [15, 7, 16, 6], [17, 8, 18, 9]]"
12a_0710_91,"[[17, 8, 18, 9], [19, 1, 20, 24], [21, 4, 22, 5], [23, 10, 24, 11], [1, 14, 2, 15], [3, 17, 4, 16], [5, 20, 6, 21], [7, 2, 8, 3], [9, 13, 10, 12], [11, 22, 12, 23], [13, 18, 14, 19], [15, 7, 16, 6]]"
12a_0710_92,"[[15, 7, 16, 6], [17, 8, 18, 9], [19, 1, 20, 24], [21, 4, 22, 5], [23, 10, 24, 11], [1, 14, 2, 15], [3, 17, 4, 16], [5, 20, 6, 21], [7, 2, 8, 3], [9, 13, 10, 12], [11, 22, 12, 23], [13, 18, 14, 19]]"
12a_0710_93,"[[13, 18, 14, 19], [15, 7, 16, 6], [17, 8, 18, 9], [19, 1, 20, 24], [21, 4, 22, 5], [23, 10, 24, 11], [1, 14, 2, 15], [3, 17, 4, 16], [5, 20, 6, 21], [7, 2, 8, 3], [9, 13, 10, 12], [11, 22, 12, 23]]"
12a_0710_94,"[[11, 22, 12, 23], [13, 18, 14, 19], [15, 7, 16, 6], [17, 8, 18, 9], [19, 1, 20, 24], [21, 4, 22, 5], [23, 10, 24, 11], [1, 14, 2, 15], [3, 17, 4, 16], [5, 20, 6, 21], [7, 2, 8, 3], [9, 13, 10, 12]]"
12a_0710_95,"[[9, 13, 10, 12], [11, 22, 12, 23], [13, 18, 14, 19], [15, 7, 16, 6], [17, 8, 18, 9], [19, 1, 20, 24], [21, 4, 22, 5], [23, 10, 24, 11], [1, 14, 2, 15], [3, 17, 4, 16], [5, 20, 6, 21], [7, 2, 8, 3]]"
12a_0710_96,"[[8, 3, 9, 4], [10, 14, 11, 13], [12, 23, 13, 24], [14, 19, 15, 20], [16, 8, 17, 7], [18, 9, 19, 10], [20, 2, 21, 1], [22, 5, 23, 6], [24, 11, 1, 12], [2, 15, 3, 16], [4, 18, 5, 17], [6, 21, 7, 22]]"
12a_0710_97,"[[6, 21, 7, 22], [8, 3, 9, 4], [10, 14, 11, 13], [12, 23, 13, 24], [14, 19, 15, 20], [16, 8, 17, 7], [18, 9, 19, 10], [20, 2, 21, 1], [22, 5, 23, 6], [24, 11, 1, 12], [2, 15, 3, 16], [4, 18, 5, 17]]"
12a_0710_98,"[[4, 18, 5, 17], [6, 21, 7, 22], [8, 3, 9, 4], [10, 14, 11, 13], [12, 23, 13, 24], [14, 19, 15, 20], [16, 8, 17, 7], [18, 9, 19, 10], [20, 2, 21, 1], [22, 5, 23, 6], [24, 11, 1, 12], [2, 15, 3, 16]]"
12a_0710_99,"[[2, 15, 3, 16], [4, 18, 5, 17], [6, 21, 7, 22], [8, 3, 9, 4], [10, 14, 11, 13], [12, 23, 13, 24], [14, 19, 15, 20], [16, 8, 17, 7], [18, 9, 19, 10], [20, 2, 21, 1], [22, 5, 23, 6], [24, 11, 1, 12]]"
12a_0710_100,"[[24, 11, 1, 12], [2, 15, 3, 16], [4, 18, 5, 17], [6, 21, 7, 22], [8, 3, 9, 4], [10, 14, 11, 13], [12, 23, 13, 24], [14, 19, 15, 20], [16, 8, 17, 7], [18, 9, 19, 10], [20, 2, 21, 1], [22, 5, 23, 6]]"
12a_0710_101,"[[22, 5, 23, 6], [24, 11, 1, 12], [2, 15, 3, 16], [4, 18, 5, 17], [6, 21, 7, 22], [8, 3, 9, 4], [10, 14, 11, 13], [12, 23, 13, 24], [14, 19, 15, 20], [16, 8, 17, 7], [18, 9, 19, 10], [20, 2, 21, 1]]"
12a_0710_102,"[[20, 2, 21, 1], [22, 5, 23, 6], [24, 11, 1, 12], [2, 15, 3, 16], [4, 18, 5, 17], [6, 21, 7, 22], [8, 3, 9, 4], [10, 14, 11, 13], [12, 23, 13, 24], [14, 19, 15, 20], [16, 8, 17, 7], [18, 9, 19, 10]]"
12a_0710_103,"[[18, 9, 19, 10], [20, 2, 21, 1], [22, 5, 23, 6], [24, 11, 1, 12], [2, 15, 3, 16], [4, 18, 5, 17], [6, 21, 7, 22], [8, 3, 9, 4], [10, 14, 11, 13], [12, 23, 13, 24], [14, 19, 15, 20], [16, 8, 17, 7]]"
12a_0710_104,"[[16, 8, 17, 7], [18, 9, 19, 10], [20, 2, 21, 1], [22, 5, 23, 6], [24, 11, 1, 12], [2, 15, 3, 16], [4, 18, 5, 17], [6, 21, 7, 22], [8, 3, 9, 4], [10, 14, 11, 13], [12, 23, 13, 24], [14, 19, 15, 20]]"
12a_0710_105,"[[14, 19, 15, 20], [16, 8, 17, 7], [18, 9, 19, 10], [20, 2, 21, 1], [22, 5, 23, 6], [24, 11, 1, 12], [2, 15, 3, 16], [4, 18, 5, 17], [6, 21, 7, 22], [8, 3, 9, 4], [10, 14, 11, 13], [12, 23, 13, 24]]"
12a_0710_106,"[[12, 23, 13, 24], [14, 19, 15, 20], [16, 8, 17, 7], [18, 9, 19, 10], [20, 2, 21, 1], [22, 5, 23, 6], [24, 11, 1, 12], [2, 15, 3, 16], [4, 18, 5, 17], [6, 21, 7, 22], [8, 3, 9, 4], [10, 14, 11, 13]]"
12a_0710_107,"[[10, 14, 11, 13], [12, 23, 13, 24], [14, 19, 15, 20], [16, 8, 17, 7], [18, 9, 19, 10], [20, 2, 21, 1], [22, 5, 23, 6], [24, 11, 1, 12], [2, 15, 3, 16], [4, 18, 5, 17], [6, 21, 7, 22], [8, 3, 9, 4]]"
12a_0710_108,"[[9, 4, 10, 5], [11, 15, 12, 14], [13, 24, 14, 1], [15, 20, 16, 21], [17, 9, 18, 8], [19, 10, 20, 11], [21, 3, 22, 2], [23, 6, 24, 7], [1, 12, 2, 13], [3, 16, 4, 17], [5, 19, 6, 18], [7, 22, 8, 23]]"
12a_0710_109,"[[7, 22, 8, 23], [9, 4, 10, 5], [11, 15, 12, 14], [13, 24, 14, 1], [15, 20, 16, 21], [17, 9, 18, 8], [19, 10, 20, 11], [21, 3, 22, 2], [23, 6, 24, 7], [1, 12, 2, 13], [3, 16, 4, 17], [5, 19, 6, 18]]"
12a_0710_110,"[[5, 19, 6, 18], [7, 22, 8, 23], [9, 4, 10, 5], [11, 15, 12, 14], [13, 24, 14, 1], [15, 20, 16, 21], [17, 9, 18, 8], [19, 10, 20, 11], [21, 3, 22, 2], [23, 6, 24, 7], [1, 12, 2, 13], [3, 16, 4, 17]]"
12a_0710_111,"[[3, 16, 4, 17], [5, 19, 6, 18], [7, 22, 8, 23], [9, 4, 10, 5], [11, 15, 12, 14], [13, 24, 14, 1], [15, 20, 16, 21], [17, 9, 18, 8], [19, 10, 20, 11], [21, 3, 22, 2], [23, 6, 24, 7], [1, 12, 2, 13]]"
12a_0710_112,"[[1, 12, 2, 13], [3, 16, 4, 17], [5, 19, 6, 18], [7, 22, 8, 23], [9, 4, 10, 5], [11, 15, 12, 14], [13, 24, 14, 1], [15, 20, 16, 21], [17, 9, 18, 8], [19, 10, 20, 11], [21, 3, 22, 2], [23, 6, 24, 7]]"
12a_0710_113,"[[23, 6, 24, 7], [1, 12, 2, 13], [3, 16, 4, 17], [5, 19, 6, 18], [7, 22, 8, 23], [9, 4, 10, 5], [11, 15, 12, 14], [13, 24, 14, 1], [15, 20, 16, 21], [17, 9, 18, 8], [19, 10, 20, 11], [21, 3, 22, 2]]"
12a_0710_114,"[[21, 3, 22, 2], [23, 6, 24, 7], [1, 12, 2, 13], [3, 16, 4, 17], [5, 19, 6, 18], [7, 22, 8, 23], [9, 4, 10, 5], [11, 15, 12, 14], [13, 24, 14, 1], [15, 20, 16, 21], [17, 9, 18, 8], [19, 10, 20, 11]]"
12a_0710_115,"[[19, 10, 20, 11], [21, 3, 22, 2], [23, 6, 24, 7], [1, 12, 2, 13], [3, 16, 4, 17], [5, 19, 6, 18], [7, 22, 8, 23], [9, 4, 10, 5], [11, 15, 12, 14], [13, 24, 14, 1], [15, 20, 16, 21], [17, 9, 18, 8]]"
12a_0710_116,"[[17, 9, 18, 8], [19, 10, 20, 11], [21, 3, 22, 2], [23, 6, 24, 7], [1, 12, 2, 13], [3, 16, 4, 17], [5, 19, 6, 18], [7, 22, 8, 23], [9, 4, 10, 5], [11, 15, 12, 14], [13, 24, 14, 1], [15, 20, 16, 21]]"
12a_0710_117,"[[15, 20, 16, 21], [17, 9, 18, 8], [19, 10, 20, 11], [21, 3, 22, 2], [23, 6, 24, 7], [1, 12, 2, 13], [3, 16, 4, 17], [5, 19, 6, 18], [7, 22, 8, 23], [9, 4, 10, 5], [11, 15, 12, 14], [13, 24, 14, 1]]"
12a_0710_118,"[[13, 24, 14, 1], [15, 20, 16, 21], [17, 9, 18, 8], [19, 10, 20, 11], [21, 3, 22, 2], [23, 6, 24, 7], [1, 12, 2, 13], [3, 16, 4, 17], [5, 19, 6, 18], [7, 22, 8, 23], [9, 4, 10, 5], [11, 15, 12, 14]]"
12a_0710_119,"[[11, 15, 12, 14], [13, 24, 14, 1], [15, 20, 16, 21], [17, 9, 18, 8], [19, 10, 20, 11], [21, 3, 22, 2], [23, 6, 24, 7], [1, 12, 2, 13], [3, 16, 4, 17], [5, 19, 6, 18], [7, 22, 8, 23], [9, 4, 10, 5]]"
12a_0710_120,"[[10, 5, 11, 6], [12, 16, 13, 15], [14, 1, 15, 2], [16, 21, 17, 22], [18, 10, 19, 9], [20, 11, 21, 12], [22, 4, 23, 3], [24, 7, 1, 8], [2, 13, 3, 14], [4, 17, 5, 18], [6, 20, 7, 19], [8, 23, 9, 24]]"
12a_0710_121,"[[8, 23, 9, 24], [10, 5, 11, 6], [12, 16, 13, 15], [14, 1, 15, 2], [16, 21, 17, 22], [18, 10, 19, 9], [20, 11, 21, 12], [22, 4, 23, 3], [24, 7, 1, 8], [2, 13, 3, 14], [4, 17, 5, 18], [6, 20, 7, 19]]"
12a_0710_122,"[[6, 20, 7, 19], [8, 23, 9, 24], [10, 5, 11, 6], [12, 16, 13, 15], [14, 1, 15, 2], [16, 21, 17, 22], [18, 10, 19, 9], [20, 11, 21, 12], [22, 4, 23, 3], [24, 7, 1, 8], [2, 13, 3, 14], [4, 17, 5, 18]]"
12a_0710_123,"[[4, 17, 5, 18], [6, 20, 7, 19], [8, 23, 9, 24], [10, 5, 11, 6], [12, 16, 13, 15], [14, 1, 15, 2], [16, 21, 17, 22], [18, 10, 19, 9], [20, 11, 21, 12], [22, 4, 23, 3], [24, 7, 1, 8], [2, 13, 3, 14]]"
12a_0710_124,"[[2, 13, 3, 14], [4, 17, 5, 18], [6, 20, 7, 19], [8, 23, 9, 24], [10, 5, 11, 6], [12, 16, 13, 15], [14, 1, 15, 2], [16, 21, 17, 22], [18, 10, 19, 9], [20, 11, 21, 12], [22, 4, 23, 3], [24, 7, 1, 8]]"
12a_0710_125,"[[24, 7, 1, 8], [2, 13, 3, 14], [4, 17, 5, 18], [6, 20, 7, 19], [8, 23, 9, 24], [10, 5, 11, 6], [12, 16, 13, 15], [14, 1, 15, 2], [16, 21, 17, 22], [18, 10, 19, 9], [20, 11, 21, 12], [22, 4, 23, 3]]"
12a_0710_126,"[[22, 4, 23, 3], [24, 7, 1, 8], [2, 13, 3, 14], [4, 17, 5, 18], [6, 20, 7, 19], [8, 23, 9, 24], [10, 5, 11, 6], [12, 16, 13, 15], [14, 1, 15, 2], [16, 21, 17, 22], [18, 10, 19, 9], [20, 11, 21, 12]]"
12a_0710_127,"[[20, 11, 21, 12], [22, 4, 23, 3], [24, 7, 1, 8], [2, 13, 3, 14], [4, 17, 5, 18], [6, 20, 7, 19], [8, 23, 9, 24], [10, 5, 11, 6], [12, 16, 13, 15], [14, 1, 15, 2], [16, 21, 17, 22], [18, 10, 19, 9]]"
12a_0710_128,"[[18, 10, 19, 9], [20, 11, 21, 12], [22, 4, 23, 3], [24, 7, 1, 8], [2, 13, 3, 14], [4, 17, 5, 18], [6, 20, 7, 19], [8, 23, 9, 24], [10, 5, 11, 6], [12, 16, 13, 15], [14, 1, 15, 2], [16, 21, 17, 22]]"
12a_0710_129,"[[16, 21, 17, 22], [18, 10, 19, 9], [20, 11, 21, 12], [22, 4, 23, 3], [24, 7, 1, 8], [2, 13, 3, 14], [4, 17, 5, 18], [6, 20, 7, 19], [8, 23, 9, 24], [10, 5, 11, 6], [12, 16, 13, 15], [14, 1, 15, 2]]"
12a_0710_130,"[[14, 1, 15, 2], [16, 21, 17, 22], [18, 10, 19, 9], [20, 11, 21, 12], [22, 4, 23, 3], [24, 7, 1, 8], [2, 13, 3, 14], [4, 17, 5, 18], [6, 20, 7, 19], [8, 23, 9, 24], [10, 5, 11, 6], [12, 16, 13, 15]]"
12a_0710_131,"[[12, 16, 13, 15], [14, 1, 15, 2], [16, 21, 17, 22], [18, 10, 19, 9], [20, 11, 21, 12], [22, 4, 23, 3], [24, 7, 1, 8], [2, 13, 3, 14], [4, 17, 5, 18], [6, 20, 7, 19], [8, 23, 9, 24], [10, 5, 11, 6]]"
12a_0710_132,"[[11, 6, 12, 7], [13, 17, 14, 16], [15, 2, 16, 3], [17, 22, 18, 23], [19, 11, 20, 10], [21, 12, 22, 13], [23, 5, 24, 4], [1, 8, 2, 9], [3, 14, 4, 15], [5, 18, 6, 19], [7, 21, 8, 20], [9, 24, 10, 1]]"
12a_0710_133,"[[9, 24, 10, 1], [11, 6, 12, 7], [13, 17, 14, 16], [15, 2, 16, 3], [17, 22, 18, 23], [19, 11, 20, 10], [21, 12, 22, 13], [23, 5, 24, 4], [1, 8, 2, 9], [3, 14, 4, 15], [5, 18, 6, 19], [7, 21, 8, 20]]"
12a_0710_134,"[[7, 21, 8, 20], [9, 24, 10, 1], [11, 6, 12, 7], [13, 17, 14, 16], [15, 2, 16, 3], [17, 22, 18, 23], [19, 11, 20, 10], [21, 12, 22, 13], [23, 5, 24, 4], [1, 8, 2, 9], [3, 14, 4, 15], [5, 18, 6, 19]]"
12a_0710_135,"[[5, 18, 6, 19], [7, 21, 8, 20], [9, 24, 10, 1], [11, 6, 12, 7], [13, 17, 14, 16], [15, 2, 16, 3], [17, 22, 18, 23], [19, 11, 20, 10], [21, 12, 22, 13], [23, 5, 24, 4], [1, 8, 2, 9], [3, 14, 4, 15]]"
12a_0710_136,"[[3, 14, 4, 15], [5, 18, 6, 19], [7, 21, 8, 20], [9, 24, 10, 1], [11, 6, 12, 7], [13, 17, 14, 16], [15, 2, 16, 3], [17, 22, 18, 23], [19, 11, 20, 10], [21, 12, 22, 13], [23, 5, 24, 4], [1, 8, 2, 9]]"
12a_0710_137,"[[1, 8, 2, 9], [3, 14, 4, 15], [5, 18, 6, 19], [7, 21, 8, 20], [9, 24, 10, 1], [11, 6, 12, 7], [13, 17, 14, 16], [15, 2, 16, 3], [17, 22, 18, 23], [19, 11, 20, 10], [21, 12, 22, 13], [23, 5, 24, 4]]"
12a_0710_138,"[[23, 5, 24, 4], [1, 8, 2, 9], [3, 14, 4, 15], [5, 18, 6, 19], [7, 21, 8, 20], [9, 24, 10, 1], [11, 6, 12, 7], [13, 17, 14, 16], [15, 2, 16, 3], [17, 22, 18, 23], [19, 11, 20, 10], [21, 12, 22, 13]]"
12a_0710_139,"[[21, 12, 22, 13], [23, 5, 24, 4], [1, 8, 2, 9], [3, 14, 4, 15], [5, 18, 6, 19], [7, 21, 8, 20], [9, 24, 10, 1], [11, 6, 12, 7], [13, 17, 14, 16], [15, 2, 16, 3], [17, 22, 18, 23], [19, 11, 20, 10]]"
12a_0710_140,"[[19, 11, 20, 10], [21, 12, 22, 13], [23, 5, 24, 4], [1, 8, 2, 9], [3, 14, 4, 15], [5, 18, 6, 19], [7, 21, 8, 20], [9, 24, 10, 1], [11, 6, 12, 7], [13, 17, 14, 16], [15, 2, 16, 3], [17, 22, 18, 23]]"
12a_0710_141,"[[17, 22, 18, 23], [19, 11, 20, 10], [21, 12, 22, 13], [23, 5, 24, 4], [1, 8, 2, 9], [3, 14, 4, 15], [5, 18, 6, 19], [7, 21, 8, 20], [9, 24, 10, 1], [11, 6, 12, 7], [13, 17, 14, 16], [15, 2, 16, 3]]"
12a_0710_142,"[[15, 2, 16, 3], [17, 22, 18, 23], [19, 11, 20, 10], [21, 12, 22, 13], [23, 5, 24, 4], [1, 8, 2, 9], [3, 14, 4, 15], [5, 18, 6, 19], [7, 21, 8, 20], [9, 24, 10, 1], [11, 6, 12, 7], [13, 17, 14, 16]]"
12a_0710_143,"[[13, 17, 14, 16], [15, 2, 16, 3], [17, 22, 18, 23], [19, 11, 20, 10], [21, 12, 22, 13], [23, 5, 24, 4], [1, 8, 2, 9], [3, 14, 4, 15], [5, 18, 6, 19], [7, 21, 8, 20], [9, 24, 10, 1], [11, 6, 12, 7]]"
12a_0710_144,"[[12, 7, 13, 8], [14, 18, 15, 17], [16, 3, 17, 4], [18, 23, 19, 24], [20, 12, 21, 11], [22, 13, 23, 14], [24, 6, 1, 5], [2, 9, 3, 10], [4, 15, 5, 16], [6, 19, 7, 20], [8, 22, 9, 21], [10, 1, 11, 2]]"
12a_0710_145,"[[10, 1, 11, 2], [12, 7, 13, 8], [14, 18, 15, 17], [16, 3, 17, 4], [18, 23, 19, 24], [20, 12, 21, 11], [22, 13, 23, 14], [24, 6, 1, 5], [2, 9, 3, 10], [4, 15, 5, 16], [6, 19, 7, 20], [8, 22, 9, 21]]"
12a_0710_146,"[[8, 22, 9, 21], [10, 1, 11, 2], [12, 7, 13, 8], [14, 18, 15, 17], [16, 3, 17, 4], [18, 23, 19, 24], [20, 12, 21, 11], [22, 13, 23, 14], [24, 6, 1, 5], [2, 9, 3, 10], [4, 15, 5, 16], [6, 19, 7, 20]]"
12a_0710_147,"[[6, 19, 7, 20], [8, 22, 9, 21], [10, 1, 11, 2], [12, 7, 13, 8], [14, 18, 15, 17], [16, 3, 17, 4], [18, 23, 19, 24], [20, 12, 21, 11], [22, 13, 23, 14], [24, 6, 1, 5], [2, 9, 3, 10], [4, 15, 5, 16]]"
12a_0710_148,"[[4, 15, 5, 16], [6, 19, 7, 20], [8, 22, 9, 21], [10, 1, 11, 2], [12, 7, 13, 8], [14, 18, 15, 17], [16, 3, 17, 4], [18, 23, 19, 24], [20, 12, 21, 11], [22, 13, 23, 14], [24, 6, 1, 5], [2, 9, 3, 10]]"
12a_0710_149,"[[2, 9, 3, 10], [4, 15, 5, 16], [6, 19, 7, 20], [8, 22, 9, 21], [10, 1, 11, 2], [12, 7, 13, 8], [14, 18, 15, 17], [16, 3, 17, 4], [18, 23, 19, 24], [20, 12, 21, 11], [22, 13, 23, 14], [24, 6, 1, 5]]"
12a_0710_150,"[[24, 6, 1, 5], [2, 9, 3, 10], [4, 15, 5, 16], [6, 19, 7, 20], [8, 22, 9, 21], [10, 1, 11, 2], [12, 7, 13, 8], [14, 18, 15, 17], [16, 3, 17, 4], [18, 23, 19, 24], [20, 12, 21, 11], [22, 13, 23, 14]]"
12a_0710_151,"[[22, 13, 23, 14], [24, 6, 1, 5], [2, 9, 3, 10], [4, 15, 5, 16], [6, 19, 7, 20], [8, 22, 9, 21], [10, 1, 11, 2], [12, 7, 13, 8], [14, 18, 15, 17], [16, 3, 17, 4], [18, 23, 19, 24], [20, 12, 21, 11]]"
12a_0710_152,"[[20, 12, 21, 11], [22, 13, 23, 14], [24, 6, 1, 5], [2, 9, 3, 10], [4, 15, 5, 16], [6, 19, 7, 20], [8, 22, 9, 21], [10, 1, 11, 2], [12, 7, 13, 8], [14, 18, 15, 17], [16, 3, 17, 4], [18, 23, 19, 24]]"
12a_0710_153,"[[18, 23, 19, 24], [20, 12, 21, 11], [22, 13, 23, 14], [24, 6, 1, 5], [2, 9, 3, 10], [4, 15, 5, 16], [6, 19, 7, 20], [8, 22, 9, 21], [10, 1, 11, 2], [12, 7, 13, 8], [14, 18, 15, 17], [16, 3, 17, 4]]"
12a_0710_154,"[[16, 3, 17, 4], [18, 23, 19, 24], [20, 12, 21, 11], [22, 13, 23, 14], [24, 6, 1, 5], [2, 9, 3, 10], [4, 15, 5, 16], [6, 19, 7, 20], [8, 22, 9, 21], [10, 1, 11, 2], [12, 7, 13, 8], [14, 18, 15, 17]]"
12a_0710_155,"[[14, 18, 15, 17], [16, 3, 17, 4], [18, 23, 19, 24], [20, 12, 21, 11], [22, 13, 23, 14], [24, 6, 1, 5], [2, 9, 3, 10], [4, 15, 5, 16], [6, 19, 7, 20], [8, 22, 9, 21], [10, 1, 11, 2], [12, 7, 13, 8]]"
12a_0710_156,"[[13, 8, 14, 9], [15, 19, 16, 18], [17, 4, 18, 5], [19, 24, 20, 1], [21, 13, 22, 12], [23, 14, 24, 15], [1, 7, 2, 6], [3, 10, 4, 11], [5, 16, 6, 17], [7, 20, 8, 21], [9, 23, 10, 22], [11, 2, 12, 3]]"
12a_0710_157,"[[11, 2, 12, 3], [13, 8, 14, 9], [15, 19, 16, 18], [17, 4, 18, 5], [19, 24, 20, 1], [21, 13, 22, 12], [23, 14, 24, 15], [1, 7, 2, 6], [3, 10, 4, 11], [5, 16, 6, 17], [7, 20, 8, 21], [9, 23, 10, 22]]"
12a_0710_158,"[[9, 23, 10, 22], [11, 2, 12, 3], [13, 8, 14, 9], [15, 19, 16, 18], [17, 4, 18, 5], [19, 24, 20, 1], [21, 13, 22, 12], [23, 14, 24, 15], [1, 7, 2, 6], [3, 10, 4, 11], [5, 16, 6, 17], [7, 20, 8, 21]]"
12a_0710_159,"[[7, 20, 8, 21], [9, 23, 10, 22], [11, 2, 12, 3], [13, 8, 14, 9], [15, 19, 16, 18], [17, 4, 18, 5], [19, 24, 20, 1], [21, 13, 22, 12], [23, 14, 24, 15], [1, 7, 2, 6], [3, 10, 4, 11], [5, 16, 6, 17]]"
12a_0710_160,"[[5, 16, 6, 17], [7, 20, 8, 21], [9, 23, 10, 22], [11, 2, 12, 3], [13, 8, 14, 9], [15, 19, 16, 18], [17, 4, 18, 5], [19, 24, 20, 1], [21, 13, 22, 12], [23, 14, 24, 15], [1, 7, 2, 6], [3, 10, 4, 11]]"
12a_0710_161,"[[3, 10, 4, 11], [5, 16, 6, 17], [7, 20, 8, 21], [9, 23, 10, 22], [11, 2, 12, 3], [13, 8, 14, 9], [15, 19, 16, 18], [17, 4, 18, 5], [19, 24, 20, 1], [21, 13, 22, 12], [23, 14, 24, 15], [1, 7, 2, 6]]"
12a_0710_162,"[[1, 7, 2, 6], [3, 10, 4, 11], [5, 16, 6, 17], [7, 20, 8, 21], [9, 23, 10, 22], [11, 2, 12, 3], [13, 8, 14, 9], [15, 19, 16, 18], [17, 4, 18, 5], [19, 24, 20, 1], [21, 13, 22, 12], [23, 14, 24, 15]]"
12a_0710_163,"[[23, 14, 24, 15], [1, 7, 2, 6], [3, 10, 4, 11], [5, 16, 6, 17], [7, 20, 8, 21], [9, 23, 10, 22], [11, 2, 12, 3], [13, 8, 14, 9], [15, 19, 16, 18], [17, 4, 18, 5], [19, 24, 20, 1], [21, 13, 22, 12]]"
12a_0710_164,"[[21, 13, 22, 12], [23, 14, 24, 15], [1, 7, 2, 6], [3, 10, 4, 11], [5, 16, 6, 17], [7, 20, 8, 21], [9, 23, 10, 22], [11, 2, 12, 3], [13, 8, 14, 9], [15, 19, 16, 18], [17, 4, 18, 5], [19, 24, 20, 1]]"
12a_0710_165,"[[19, 24, 20, 1], [21, 13, 22, 12], [23, 14, 24, 15], [1, 7, 2, 6], [3, 10, 4, 11], [5, 16, 6, 17], [7, 20, 8, 21], [9, 23, 10, 22], [11, 2, 12, 3], [13, 8, 14, 9], [15, 19, 16, 18], [17, 4, 18, 5]]"
12a_0710_166,"[[17, 4, 18, 5], [19, 24, 20, 1], [21, 13, 22, 12], [23, 14, 24, 15], [1, 7, 2, 6], [3, 10, 4, 11], [5, 16, 6, 17], [7, 20, 8, 21], [9, 23, 10, 22], [11, 2, 12, 3], [13, 8, 14, 9], [15, 19, 16, 18]]"
12a_0710_167,"[[15, 19, 16, 18], [17, 4, 18, 5], [19, 24, 20, 1], [21, 13, 22, 12], [23, 14, 24, 15], [1, 7, 2, 6], [3, 10, 4, 11], [5, 16, 6, 17], [7, 20, 8, 21], [9, 23, 10, 22], [11, 2, 12, 3], [13, 8, 14, 9]]"
12a_0710_168,"[[14, 9, 15, 10], [16, 20, 17, 19], [18, 5, 19, 6], [20, 1, 21, 2], [22, 14, 23, 13], [24, 15, 1, 16], [2, 8, 3, 7], [4, 11, 5, 12], [6, 17, 7, 18], [8, 21, 9, 22], [10, 24, 11, 23], [12, 3, 13, 4]]"
12a_0710_169,"[[12, 3, 13, 4], [14, 9, 15, 10], [16, 20, 17, 19], [18, 5, 19, 6], [20, 1, 21, 2], [22, 14, 23, 13], [24, 15, 1, 16], [2, 8, 3, 7], [4, 11, 5, 12], [6, 17, 7, 18], [8, 21, 9, 22], [10, 24, 11, 23]]"
12a_0710_170,"[[10, 24, 11, 23], [12, 3, 13, 4], [14, 9, 15, 10], [16, 20, 17, 19], [18, 5, 19, 6], [20, 1, 21, 2], [22, 14, 23, 13], [24, 15, 1, 16], [2, 8, 3, 7], [4, 11, 5, 12], [6, 17, 7, 18], [8, 21, 9, 22]]"
12a_0710_171,"[[8, 21, 9, 22], [10, 24, 11, 23], [12, 3, 13, 4], [14, 9, 15, 10], [16, 20, 17, 19], [18, 5, 19, 6], [20, 1, 21, 2], [22, 14, 23, 13], [24, 15, 1, 16], [2, 8, 3, 7], [4, 11, 5, 12], [6, 17, 7, 18]]"
12a_0710_172,"[[6, 17, 7, 18], [8, 21, 9, 22], [10, 24, 11, 23], [12, 3, 13, 4], [14, 9, 15, 10], [16, 20, 17, 19], [18, 5, 19, 6], [20, 1, 21, 2], [22, 14, 23, 13], [24, 15, 1, 16], [2, 8, 3, 7], [4, 11, 5, 12]]"
12a_0710_173,"[[4, 11, 5, 12], [6, 17, 7, 18], [8, 21, 9, 22], [10, 24, 11, 23], [12, 3, 13, 4], [14, 9, 15, 10], [16, 20, 17, 19], [18, 5, 19, 6], [20, 1, 21, 2], [22, 14, 23, 13], [24, 15, 1, 16], [2, 8, 3, 7]]"
12a_0710_174,"[[2, 8, 3, 7], [4, 11, 5, 12], [6, 17, 7, 18], [8, 21, 9, 22], [10, 24, 11, 23], [12, 3, 13, 4], [14, 9, 15, 10], [16, 20, 17, 19], [18, 5, 19, 6], [20, 1, 21, 2], [22, 14, 23, 13], [24, 15, 1, 16]]"
12a_0710_175,"[[24, 15, 1, 16], [2, 8, 3, 7], [4, 11, 5, 12], [6, 17, 7, 18], [8, 21, 9, 22], [10, 24, 11, 23], [12, 3, 13, 4], [14, 9, 15, 10], [16, 20, 17, 19], [18, 5, 19, 6], [20, 1, 21, 2], [22, 14, 23, 13]]"
12a_0710_176,"[[22, 14, 23, 13], [24, 15, 1, 16], [2, 8, 3, 7], [4, 11, 5, 12], [6, 17, 7, 18], [8, 21, 9, 22], [10, 24, 11, 23], [12, 3, 13, 4], [14, 9, 15, 10], [16, 20, 17, 19], [18, 5, 19, 6], [20, 1, 21, 2]]"
12a_0710_177,"[[20, 1, 21, 2], [22, 14, 23, 13], [24, 15, 1, 16], [2, 8, 3, 7], [4, 11, 5, 12], [6, 17, 7, 18], [8, 21, 9, 22], [10, 24, 11, 23], [12, 3, 13, 4], [14, 9, 15, 10], [16, 20, 17, 19], [18, 5, 19, 6]]"
12a_0710_178,"[[18, 5, 19, 6], [20, 1, 21, 2], [22, 14, 23, 13], [24, 15, 1, 16], [2, 8, 3, 7], [4, 11, 5, 12], [6, 17, 7, 18], [8, 21, 9, 22], [10, 24, 11, 23], [12, 3, 13, 4], [14, 9, 15, 10], [16, 20, 17, 19]]"
12a_0710_179,"[[16, 20, 17, 19], [18, 5, 19, 6], [20, 1, 21, 2], [22, 14, 23, 13], [24, 15, 1, 16], [2, 8, 3, 7], [4, 11, 5, 12], [6, 17, 7, 18], [8, 21, 9, 22], [10, 24, 11, 23], [12, 3, 13, 4], [14, 9, 15, 10]]"
12a_0710_180,"[[15, 10, 16, 11], [17, 21, 18, 20], [19, 6, 20, 7], [21, 2, 22, 3], [23, 15, 24, 14], [1, 16, 2, 17], [3, 9, 4, 8], [5, 12, 6, 13], [7, 18, 8, 19], [9, 22, 10, 23], [11, 1, 12, 24], [13, 4, 14, 5]]"
12a_0710_181,"[[13, 4, 14, 5], [15, 10, 16, 11], [17, 21, 18, 20], [19, 6, 20, 7], [21, 2, 22, 3], [23, 15, 24, 14], [1, 16, 2, 17], [3, 9, 4, 8], [5, 12, 6, 13], [7, 18, 8, 19], [9, 22, 10, 23], [11, 1, 12, 24]]"
12a_0710_182,"[[11, 1, 12, 24], [13, 4, 14, 5], [15, 10, 16, 11], [17, 21, 18, 20], [19, 6, 20, 7], [21, 2, 22, 3], [23, 15, 24, 14], [1, 16, 2, 17], [3, 9, 4, 8], [5, 12, 6, 13], [7, 18, 8, 19], [9, 22, 10, 23]]"
12a_0710_183,"[[9, 22, 10, 23], [11, 1, 12, 24], [13, 4, 14, 5], [15, 10, 16, 11], [17, 21, 18, 20], [19, 6, 20, 7], [21, 2, 22, 3], [23, 15, 24, 14], [1, 16, 2, 17], [3, 9, 4, 8], [5, 12, 6, 13], [7, 18, 8, 19]]"
12a_0710_184,"[[7, 18, 8, 19], [9, 22, 10, 23], [11, 1, 12, 24], [13, 4, 14, 5], [15, 10, 16, 11], [17, 21, 18, 20], [19, 6, 20, 7], [21, 2, 22, 3], [23, 15, 24, 14], [1, 16, 2, 17], [3, 9, 4, 8], [5, 12, 6, 13]]"
12a_0710_185,"[[5, 12, 6, 13], [7, 18, 8, 19], [9, 22, 10, 23], [11, 1, 12, 24], [13, 4, 14, 5], [15, 10, 16, 11], [17, 21, 18, 20], [19, 6, 20, 7], [21, 2, 22, 3], [23, 15, 24, 14], [1, 16, 2, 17], [3, 9, 4, 8]]"
