name,pd_notation
12a_0428_0,"[[24, 17, 1, 18], [2, 6, 3, 5], [4, 12, 5, 11], [6, 19, 7, 20], [8, 16, 9, 15], [10, 4, 11, 3], [12, 10, 13, 9], [14, 22, 15, 21], [16, 23, 17, 24], [18, 1, 19, 2], [20, 14, 21, 13], [22, 7, 23, 8]]"
12a_0428_1,"[[22, 7, 23, 8], [24, 17, 1, 18], [2, 6, 3, 5], [4, 12, 5, 11], [6, 19, 7, 20], [8, 16, 9, 15], [10, 4, 11, 3], [12, 10, 13, 9], [14, 22, 15, 21], [16, 23, 17, 24], [18, 1, 19, 2], [20, 14, 21, 13]]"
12a_0428_2,"[[20, 14, 21, 13], [22, 7, 23, 8], [24, 17, 1, 18], [2, 6, 3, 5], [4, 12, 5, 11], [6, 19, 7, 20], [8, 16, 9, 15], [10, 4, 11, 3], [12, 10, 13, 9], [14, 22, 15, 21], [16, 23, 17, 24], [18, 1, 19, 2]]"
12a_0428_3,"[[18, 1, 19, 2], [20, 14, 21, 13], [22, 7, 23, 8], [24, 17, 1, 18], [2, 6, 3, 5], [4, 12, 5, 11], [6, 19, 7, 20], [8, 16, 9, 15], [10, 4, 11, 3], [12, 10, 13, 9], [14, 22, 15, 21], [16, 23, 17, 24]]"
12a_0428_4,"[[16, 23, 17, 24], [18, 1, 19, 2], [20, 14, 21, 13], [22, 7, 23, 8], [24, 17, 1, 18], [2, 6, 3, 5], [4, 12, 5, 11], [6, 19, 7, 20], [8, 16, 9, 15], [10, 4, 11, 3], [12, 10, 13, 9], [14, 22, 15, 21]]"
12a_0428_5,"[[14, 22, 15, 21], [16, 23, 17, 24], [18, 1, 19, 2], [20, 14, 21, 13], [22, 7, 23, 8], [24, 17, 1, 18], [2, 6, 3, 5], [4, 12, 5, 11], [6, 19, 7, 20], [8, 16, 9, 15], [10, 4, 11, 3], [12, 10, 13, 9]]"
12a_0428_6,"[[12, 10, 13, 9], [14, 22, 15, 21], [16, 23, 17, 24], [18, 1, 19, 2], [20, 14, 21, 13], [22, 7, 23, 8], [24, 17, 1, 18], [2, 6, 3, 5], [4, 12, 5, 11], [6, 19, 7, 20], [8, 16, 9, 15], [10, 4, 11, 3]]"
12a_0428_7,"[[10, 4, 11, 3], [12, 10, 13, 9], [14, 22, 15, 21], [16, 23, 17, 24], [18, 1, 19, 2], [20, 14, 21, 13], [22, 7, 23, 8], [24, 17, 1, 18], [2, 6, 3, 5], [4, 12, 5, 11], [6, 19, 7, 20], [8, 16, 9, 15]]"
12a_0428_8,"[[8, 16, 9, 15], [10, 4, 11, 3], [12, 10, 13, 9], [14, 22, 15, 21], [16, 23, 17, 24], [18, 1, 19, 2], [20, 14, 21, 13], [22, 7, 23, 8], [24, 17, 1, 18], [2, 6, 3, 5], [4, 12, 5, 11], [6, 19, 7, 20]]"
12a_0428_9,"[[6, 19, 7, 20], [8, 16, 9, 15], [10, 4, 11, 3], [12, 10, 13, 9], [14, 22, 15, 21], [16, 23, 17, 24], [18, 1, 19, 2], [20, 14, 21, 13], [22, 7, 23, 8], [24, 17, 1, 18], [2, 6, 3, 5], [4, 12, 5, 11]]"
12a_0428_10,"[[4, 12, 5, 11], [6, 19, 7, 20], [8, 16, 9, 15], [10, 4, 11, 3], [12, 10, 13, 9], [14, 22, 15, 21], [16, 23, 17, 24], [18, 1, 19, 2], [20, 14, 21, 13], [22, 7, 23, 8], [24, 17, 1, 18], [2, 6, 3, 5]]"
12a_0428_11,"[[2, 6, 3, 5], [4, 12, 5, 11], [6, 19, 7, 20], [8, 16, 9, 15], [10, 4, 11, 3], [12, 10, 13, 9], [14, 22, 15, 21], [16, 23, 17, 24], [18, 1, 19, 2], [20, 14, 21, 13], [22, 7, 23, 8], [24, 17, 1, 18]]"
12a_0428_12,"[[1, 18, 2, 19], [3, 7, 4, 6], [5, 13, 6, 12], [7, 20, 8, 21], [9, 17, 10, 16], [11, 5, 12, 4], [13, 11, 14, 10], [15, 23, 16, 22], [17, 24, 18, 1], [19, 2, 20, 3], [21, 15, 22, 14], [23, 8, 24, 9]]"
12a_0428_13,"[[23, 8, 24, 9], [1, 18, 2, 19], [3, 7, 4, 6], [5, 13, 6, 12], [7, 20, 8, 21], [9, 17, 10, 16], [11, 5, 12, 4], [13, 11, 14, 10], [15, 23, 16, 22], [17, 24, 18, 1], [19, 2, 20, 3], [21, 15, 22, 14]]"
12a_0428_14,"[[21, 15, 22, 14], [23, 8, 24, 9], [1, 18, 2, 19], [3, 7, 4, 6], [5, 13, 6, 12], [7, 20, 8, 21], [9, 17, 10, 16], [11, 5, 12, 4], [13, 11, 14, 10], [15, 23, 16, 22], [17, 24, 18, 1], [19, 2, 20, 3]]"
12a_0428_15,"[[19, 2, 20, 3], [21, 15, 22, 14], [23, 8, 24, 9], [1, 18, 2, 19], [3, 7, 4, 6], [5, 13, 6, 12], [7, 20, 8, 21], [9, 17, 10, 16], [11, 5, 12, 4], [13, 11, 14, 10], [15, 23, 16, 22], [17, 24, 18, 1]]"
12a_0428_16,"[[17, 24, 18, 1], [19, 2, 20, 3], [21, 15, 22, 14], [23, 8, 24, 9], [1, 18, 2, 19], [3, 7, 4, 6], [5, 13, 6, 12], [7, 20, 8, 21], [9, 17, 10, 16], [11, 5, 12, 4], [13, 11, 14, 10], [15, 23, 16, 22]]"
12a_0428_17,"[[15, 23, 16, 22], [17, 24, 18, 1], [19, 2, 20, 3], [21, 15, 22, 14], [23, 8, 24, 9], [1, 18, 2, 19], [3, 7, 4, 6], [5, 13, 6, 12], [7, 20, 8, 21], [9, 17, 10, 16], [11, 5, 12, 4], [13, 11, 14, 10]]"
12a_0428_18,"[[13, 11, 14, 10], [15, 23, 16, 22], [17, 24, 18, 1], [19, 2, 20, 3], [21, 15, 22, 14], [23, 8, 24, 9], [1, 18, 2, 19], [3, 7, 4, 6], [5, 13, 6, 12], [7, 20, 8, 21], [9, 17, 10, 16], [11, 5, 12, 4]]"
12a_0428_19,"[[11, 5, 12, 4], [13, 11, 14, 10], [15, 23, 16, 22], [17, 24, 18, 1], [19, 2, 20, 3], [21, 15, 22, 14], [23, 8, 24, 9], [1, 18, 2, 19], [3, 7, 4, 6], [5, 13, 6, 12], [7, 20, 8, 21], [9, 17, 10, 16]]"
12a_0428_20,"[[9, 17, 10, 16], [11, 5, 12, 4], [13, 11, 14, 10], [15, 23, 16, 22], [17, 24, 18, 1], [19, 2, 20, 3], [21, 15, 22, 14], [23, 8, 24, 9], [1, 18, 2, 19], [3, 7, 4, 6], [5, 13, 6, 12], [7, 20, 8, 21]]"
12a_0428_21,"[[7, 20, 8, 21], [9, 17, 10, 16], [11, 5, 12, 4], [13, 11, 14, 10], [15, 23, 16, 22], [17, 24, 18, 1], [19, 2, 20, 3], [21, 15, 22, 14], [23, 8, 24, 9], [1, 18, 2, 19], [3, 7, 4, 6], [5, 13, 6, 12]]"
12a_0428_22,"[[5, 13, 6, 12], [7, 20, 8, 21], [9, 17, 10, 16], [11, 5, 12, 4], [13, 11, 14, 10], [15, 23, 16, 22], [17, 24, 18, 1], [19, 2, 20, 3], [21, 15, 22, 14], [23, 8, 24, 9], [1, 18, 2, 19], [3, 7, 4, 6]]"
12a_0428_23,"[[3, 7, 4, 6], [5, 13, 6, 12], [7, 20, 8, 21], [9, 17, 10, 16], [11, 5, 12, 4], [13, 11, 14, 10], [15, 23, 16, 22], [17, 24, 18, 1], [19, 2, 20, 3], [21, 15, 22, 14], [23, 8, 24, 9], [1, 18, 2, 19]]"
12a_0428_24,"[[2, 19, 3, 20], [4, 8, 5, 7], [6, 14, 7, 13], [8, 21, 9, 22], [10, 18, 11, 17], [12, 6, 13, 5], [14, 12, 15, 11], [16, 24, 17, 23], [18, 1, 19, 2], [20, 3, 21, 4], [22, 16, 23, 15], [24, 9, 1, 10]]"
12a_0428_25,"[[24, 9, 1, 10], [2, 19, 3, 20], [4, 8, 5, 7], [6, 14, 7, 13], [8, 21, 9, 22], [10, 18, 11, 17], [12, 6, 13, 5], [14, 12, 15, 11], [16, 24, 17, 23], [18, 1, 19, 2], [20, 3, 21, 4], [22, 16, 23, 15]]"
12a_0428_26,"[[22, 16, 23, 15], [24, 9, 1, 10], [2, 19, 3, 20], [4, 8, 5, 7], [6, 14, 7, 13], [8, 21, 9, 22], [10, 18, 11, 17], [12, 6, 13, 5], [14, 12, 15, 11], [16, 24, 17, 23], [18, 1, 19, 2], [20, 3, 21, 4]]"
12a_0428_27,"[[20, 3, 21, 4], [22, 16, 23, 15], [24, 9, 1, 10], [2, 19, 3, 20], [4, 8, 5, 7], [6, 14, 7, 13], [8, 21, 9, 22], [10, 18, 11, 17], [12, 6, 13, 5], [14, 12, 15, 11], [16, 24, 17, 23], [18, 1, 19, 2]]"
12a_0428_28,"[[18, 1, 19, 2], [20, 3, 21, 4], [22, 16, 23, 15], [24, 9, 1, 10], [2, 19, 3, 20], [4, 8, 5, 7], [6, 14, 7, 13], [8, 21, 9, 22], [10, 18, 11, 17], [12, 6, 13, 5], [14, 12, 15, 11], [16, 24, 17, 23]]"
12a_0428_29,"[[16, 24, 17, 23], [18, 1, 19, 2], [20, 3, 21, 4], [22, 16, 23, 15], [24, 9, 1, 10], [2, 19, 3, 20], [4, 8, 5, 7], [6, 14, 7, 13], [8, 21, 9, 22], [10, 18, 11, 17], [12, 6, 13, 5], [14, 12, 15, 11]]"
12a_0428_30,"[[14, 12, 15, 11], [16, 24, 17, 23], [18, 1, 19, 2], [20, 3, 21, 4], [22, 16, 23, 15], [24, 9, 1, 10], [2, 19, 3, 20], [4, 8, 5, 7], [6, 14, 7, 13], [8, 21, 9, 22], [10, 18, 11, 17], [12, 6, 13, 5]]"
12a_0428_31,"[[12, 6, 13, 5], [14, 12, 15, 11], [16, 24, 17, 23], [18, 1, 19, 2], [20, 3, 21, 4], [22, 16, 23, 15], [24, 9, 1, 10], [2, 19, 3, 20], [4, 8, 5, 7], [6, 14, 7, 13], [8, 21, 9, 22], [10, 18, 11, 17]]"
12a_0428_32,"[[10, 18, 11, 17], [12, 6, 13, 5], [14, 12, 15, 11], [16, 24, 17, 23], [18, 1, 19, 2], [20, 3, 21, 4], [22, 16, 23, 15], [24, 9, 1, 10], [2, 19, 3, 20], [4, 8, 5, 7], [6, 14, 7, 13], [8, 21, 9, 22]]"
12a_0428_33,"[[8, 21, 9, 22], [10, 18, 11, 17], [12, 6, 13, 5], [14, 12, 15, 11], [16, 24, 17, 23], [18, 1, 19, 2], [20, 3, 21, 4], [22, 16, 23, 15], [24, 9, 1, 10], [2, 19, 3, 20], [4, 8, 5, 7], [6, 14, 7, 13]]"
12a_0428_34,"[[6, 14, 7, 13], [8, 21, 9, 22], [10, 18, 11, 17], [12, 6, 13, 5], [14, 12, 15, 11], [16, 24, 17, 23], [18, 1, 19, 2], [20, 3, 21, 4], [22, 16, 23, 15], [24, 9, 1, 10], [2, 19, 3, 20], [4, 8, 5, 7]]"
12a_0428_35,"[[4, 8, 5, 7], [6, 14, 7, 13], [8, 21, 9, 22], [10, 18, 11, 17], [12, 6, 13, 5], [14, 12, 15, 11], [16, 24, 17, 23], [18, 1, 19, 2], [20, 3, 21, 4], [22, 16, 23, 15], [24, 9, 1, 10], [2, 19, 3, 20]]"
12a_0428_36,"[[3, 20, 4, 21], [5, 9, 6, 8], [7, 15, 8, 14], [9, 22, 10, 23], [11, 19, 12, 18], [13, 7, 14, 6], [15, 13, 16, 12], [17, 1, 18, 24], [19, 2, 20, 3], [21, 4, 22, 5], [23, 17, 24, 16], [1, 10, 2, 11]]"
12a_0428_37,"[[1, 10, 2, 11], [3, 20, 4, 21], [5, 9, 6, 8], [7, 15, 8, 14], [9, 22, 10, 23], [11, 19, 12, 18], [13, 7, 14, 6], [15, 13, 16, 12], [17, 1, 18, 24], [19, 2, 20, 3], [21, 4, 22, 5], [23, 17, 24, 16]]"
12a_0428_38,"[[23, 17, 24, 16], [1, 10, 2, 11], [3, 20, 4, 21], [5, 9, 6, 8], [7, 15, 8, 14], [9, 22, 10, 23], [11, 19, 12, 18], [13, 7, 14, 6], [15, 13, 16, 12], [17, 1, 18, 24], [19, 2, 20, 3], [21, 4, 22, 5]]"
12a_0428_39,"[[21, 4, 22, 5], [23, 17, 24, 16], [1, 10, 2, 11], [3, 20, 4, 21], [5, 9, 6, 8], [7, 15, 8, 14], [9, 22, 10, 23], [11, 19, 12, 18], [13, 7, 14, 6], [15, 13, 16, 12], [17, 1, 18, 24], [19, 2, 20, 3]]"
12a_0428_40,"[[19, 2, 20, 3], [21, 4, 22, 5], [23, 17, 24, 16], [1, 10, 2, 11], [3, 20, 4, 21], [5, 9, 6, 8], [7, 15, 8, 14], [9, 22, 10, 23], [11, 19, 12, 18], [13, 7, 14, 6], [15, 13, 16, 12], [17, 1, 18, 24]]"
12a_0428_41,"[[17, 1, 18, 24], [19, 2, 20, 3], [21, 4, 22, 5], [23, 17, 24, 16], [1, 10, 2, 11], [3, 20, 4, 21], [5, 9, 6, 8], [7, 15, 8, 14], [9, 22, 10, 23], [11, 19, 12, 18], [13, 7, 14, 6], [15, 13, 16, 12]]"
12a_0428_42,"[[15, 13, 16, 12], [17, 1, 18, 24], [19, 2, 20, 3], [21, 4, 22, 5], [23, 17, 24, 16], [1, 10, 2, 11], [3, 20, 4, 21], [5, 9, 6, 8], [7, 15, 8, 14], [9, 22, 10, 23], [11, 19, 12, 18], [13, 7, 14, 6]]"
12a_0428_43,"[[13, 7, 14, 6], [15, 13, 16, 12], [17, 1, 18, 24], [19, 2, 20, 3], [21, 4, 22, 5], [23, 17, 24, 16], [1, 10, 2, 11], [3, 20, 4, 21], [5, 9, 6, 8], [7, 15, 8, 14], [9, 22, 10, 23], [11, 19, 12, 18]]"
12a_0428_44,"[[11, 19, 12, 18], [13, 7, 14, 6], [15, 13, 16, 12], [17, 1, 18, 24], [19, 2, 20, 3], [21, 4, 22, 5], [23, 17, 24, 16], [1, 10, 2, 11], [3, 20, 4, 21], [5, 9, 6, 8], [7, 15, 8, 14], [9, 22, 10, 23]]"
12a_0428_45,"[[9, 22, 10, 23], [11, 19, 12, 18], [13, 7, 14, 6], [15, 13, 16, 12], [17, 1, 18, 24], [19, 2, 20, 3], [21, 4, 22, 5], [23, 17, 24, 16], [1, 10, 2, 11], [3, 20, 4, 21], [5, 9, 6, 8], [7, 15, 8, 14]]"
12a_0428_46,"[[7, 15, 8, 14], [9, 22, 10, 23], [11, 19, 12, 18], [13, 7, 14, 6], [15, 13, 16, 12], [17, 1, 18, 24], [19, 2, 20, 3], [21, 4, 22, 5], [23, 17, 24, 16], [1, 10, 2, 11], [3, 20, 4, 21], [5, 9, 6, 8]]"
12a_0428_47,"[[5, 9, 6, 8], [7, 15, 8, 14], [9, 22, 10, 23], [11, 19, 12, 18], [13, 7, 14, 6], [15, 13, 16, 12], [17, 1, 18, 24], [19, 2, 20, 3], [21, 4, 22, 5], [23, 17, 24, 16], [1, 10, 2, 11], [3, 20, 4, 21]]"
12a_0428_48,"[[4, 21, 5, 22], [6, 10, 7, 9], [8, 16, 9, 15], [10, 23, 11, 24], [12, 20, 13, 19], [14, 8, 15, 7], [16, 14, 17, 13], [18, 2, 19, 1], [20, 3, 21, 4], [22, 5, 23, 6], [24, 18, 1, 17], [2, 11, 3, 12]]"
12a_0428_49,"[[2, 11, 3, 12], [4, 21, 5, 22], [6, 10, 7, 9], [8, 16, 9, 15], [10, 23, 11, 24], [12, 20, 13, 19], [14, 8, 15, 7], [16, 14, 17, 13], [18, 2, 19, 1], [20, 3, 21, 4], [22, 5, 23, 6], [24, 18, 1, 17]]"
12a_0428_50,"[[24, 18, 1, 17], [2, 11, 3, 12], [4, 21, 5, 22], [6, 10, 7, 9], [8, 16, 9, 15], [10, 23, 11, 24], [12, 20, 13, 19], [14, 8, 15, 7], [16, 14, 17, 13], [18, 2, 19, 1], [20, 3, 21, 4], [22, 5, 23, 6]]"
12a_0428_51,"[[22, 5, 23, 6], [24, 18, 1, 17], [2, 11, 3, 12], [4, 21, 5, 22], [6, 10, 7, 9], [8, 16, 9, 15], [10, 23, 11, 24], [12, 20, 13, 19], [14, 8, 15, 7], [16, 14, 17, 13], [18, 2, 19, 1], [20, 3, 21, 4]]"
12a_0428_52,"[[20, 3, 21, 4], [22, 5, 23, 6], [24, 18, 1, 17], [2, 11, 3, 12], [4, 21, 5, 22], [6, 10, 7, 9], [8, 16, 9, 15], [10, 23, 11, 24], [12, 20, 13, 19], [14, 8, 15, 7], [16, 14, 17, 13], [18, 2, 19, 1]]"
12a_0428_53,"[[18, 2, 19, 1], [20, 3, 21, 4], [22, 5, 23, 6], [24, 18, 1, 17], [2, 11, 3, 12], [4, 21, 5, 22], [6, 10, 7, 9], [8, 16, 9, 15], [10, 23, 11, 24], [12, 20, 13, 19], [14, 8, 15, 7], [16, 14, 17, 13]]"
12a_0428_54,"[[16, 14, 17, 13], [18, 2, 19, 1], [20, 3, 21, 4], [22, 5, 23, 6], [24, 18, 1, 17], [2, 11, 3, 12], [4, 21, 5, 22], [6, 10, 7, 9], [8, 16, 9, 15], [10, 23, 11, 24], [12, 20, 13, 19], [14, 8, 15, 7]]"
12a_0428_55,"[[14, 8, 15, 7], [16, 14, 17, 13], [18, 2, 19, 1], [20, 3, 21, 4], [22, 5, 23, 6], [24, 18, 1, 17], [2, 11, 3, 12], [4, 21, 5, 22], [6, 10, 7, 9], [8, 16, 9, 15], [10, 23, 11, 24], [12, 20, 13, 19]]"
12a_0428_56,"[[12, 20, 13, 19], [14, 8, 15, 7], [16, 14, 17, 13], [18, 2, 19, 1], [20, 3, 21, 4], [22, 5, 23, 6], [24, 18, 1, 17], [2, 11, 3, 12], [4, 21, 5, 22], [6, 10, 7, 9], [8, 16, 9, 15], [10, 23, 11, 24]]"
12a_0428_57,"[[10, 23, 11, 24], [12, 20, 13, 19], [14, 8, 15, 7], [16, 14, 17, 13], [18, 2, 19, 1], [20, 3, 21, 4], [22, 5, 23, 6], [24, 18, 1, 17], [2, 11, 3, 12], [4, 21, 5, 22], [6, 10, 7, 9], [8, 16, 9, 15]]"
12a_0428_58,"[[8, 16, 9, 15], [10, 23, 11, 24], [12, 20, 13, 19], [14, 8, 15, 7], [16, 14, 17, 13], [18, 2, 19, 1], [20, 3, 21, 4], [22, 5, 23, 6], [24, 18, 1, 17], [2, 11, 3, 12], [4, 21, 5, 22], [6, 10, 7, 9]]"
12a_0428_59,"[[6, 10, 7, 9], [8, 16, 9, 15], [10, 23, 11, 24], [12, 20, 13, 19], [14, 8, 15, 7], [16, 14, 17, 13], [18, 2, 19, 1], [20, 3, 21, 4], [22, 5, 23, 6], [24, 18, 1, 17], [2, 11, 3, 12], [4, 21, 5, 22]]"
12a_0428_60,"[[5, 22, 6, 23], [7, 11, 8, 10], [9, 17, 10, 16], [11, 24, 12, 1], [13, 21, 14, 20], [15, 9, 16, 8], [17, 15, 18, 14], [19, 3, 20, 2], [21, 4, 22, 5], [23, 6, 24, 7], [1, 19, 2, 18], [3, 12, 4, 13]]"
12a_0428_61,"[[3, 12, 4, 13], [5, 22, 6, 23], [7, 11, 8, 10], [9, 17, 10, 16], [11, 24, 12, 1], [13, 21, 14, 20], [15, 9, 16, 8], [17, 15, 18, 14], [19, 3, 20, 2], [21, 4, 22, 5], [23, 6, 24, 7], [1, 19, 2, 18]]"
12a_0428_62,"[[1, 19, 2, 18], [3, 12, 4, 13], [5, 22, 6, 23], [7, 11, 8, 10], [9, 17, 10, 16], [11, 24, 12, 1], [13, 21, 14, 20], [15, 9, 16, 8], [17, 15, 18, 14], [19, 3, 20, 2], [21, 4, 22, 5], [23, 6, 24, 7]]"
12a_0428_63,"[[23, 6, 24, 7], [1, 19, 2, 18], [3, 12, 4, 13], [5, 22, 6, 23], [7, 11, 8, 10], [9, 17, 10, 16], [11, 24, 12, 1], [13, 21, 14, 20], [15, 9, 16, 8], [17, 15, 18, 14], [19, 3, 20, 2], [21, 4, 22, 5]]"
12a_0428_64,"[[21, 4, 22, 5], [23, 6, 24, 7], [1, 19, 2, 18], [3, 12, 4, 13], [5, 22, 6, 23], [7, 11, 8, 10], [9, 17, 10, 16], [11, 24, 12, 1], [13, 21, 14, 20], [15, 9, 16, 8], [17, 15, 18, 14], [19, 3, 20, 2]]"
12a_0428_65,"[[19, 3, 20, 2], [21, 4, 22, 5], [23, 6, 24, 7], [1, 19, 2, 18], [3, 12, 4, 13], [5, 22, 6, 23], [7, 11, 8, 10], [9, 17, 10, 16], [11, 24, 12, 1], [13, 21, 14, 20], [15, 9, 16, 8], [17, 15, 18, 14]]"
12a_0428_66,"[[17, 15, 18, 14], [19, 3, 20, 2], [21, 4, 22, 5], [23, 6, 24, 7], [1, 19, 2, 18], [3, 12, 4, 13], [5, 22, 6, 23], [7, 11, 8, 10], [9, 17, 10, 16], [11, 24, 12, 1], [13, 21, 14, 20], [15, 9, 16, 8]]"
12a_0428_67,"[[15, 9, 16, 8], [17, 15, 18, 14], [19, 3, 20, 2], [21, 4, 22, 5], [23, 6, 24, 7], [1, 19, 2, 18], [3, 12, 4, 13], [5, 22, 6, 23], [7, 11, 8, 10], [9, 17, 10, 16], [11, 24, 12, 1], [13, 21, 14, 20]]"
12a_0428_68,"[[13, 21, 14, 20], [15, 9, 16, 8], [17, 15, 18, 14], [19, 3, 20, 2], [21, 4, 22, 5], [23, 6, 24, 7], [1, 19, 2, 18], [3, 12, 4, 13], [5, 22, 6, 23], [7, 11, 8, 10], [9, 17, 10, 16], [11, 24, 12, 1]]"
12a_0428_69,"[[11, 24, 12, 1], [13, 21, 14, 20], [15, 9, 16, 8], [17, 15, 18, 14], [19, 3, 20, 2], [21, 4, 22, 5], [23, 6, 24, 7], [1, 19, 2, 18], [3, 12, 4, 13], [5, 22, 6, 23], [7, 11, 8, 10], [9, 17, 10, 16]]"
12a_0428_70,"[[9, 17, 10, 16], [11, 24, 12, 1], [13, 21, 14, 20], [15, 9, 16, 8], [17, 15, 18, 14], [19, 3, 20, 2], [21, 4, 22, 5], [23, 6, 24, 7], [1, 19, 2, 18], [3, 12, 4, 13], [5, 22, 6, 23], [7, 11, 8, 10]]"
12a_0428_71,"[[7, 11, 8, 10], [9, 17, 10, 16], [11, 24, 12, 1], [13, 21, 14, 20], [15, 9, 16, 8], [17, 15, 18, 14], [19, 3, 20, 2], [21, 4, 22, 5], [23, 6, 24, 7], [1, 19, 2, 18], [3, 12, 4, 13], [5, 22, 6, 23]]"
12a_0428_72,"[[6, 23, 7, 24], [8, 12, 9, 11], [10, 18, 11, 17], [12, 1, 13, 2], [14, 22, 15, 21], [16, 10, 17, 9], [18, 16, 19, 15], [20, 4, 21, 3], [22, 5, 23, 6], [24, 7, 1, 8], [2, 20, 3, 19], [4, 13, 5, 14]]"
12a_0428_73,"[[4, 13, 5, 14], [6, 23, 7, 24], [8, 12, 9, 11], [10, 18, 11, 17], [12, 1, 13, 2], [14, 22, 15, 21], [16, 10, 17, 9], [18, 16, 19, 15], [20, 4, 21, 3], [22, 5, 23, 6], [24, 7, 1, 8], [2, 20, 3, 19]]"
12a_0428_74,"[[2, 20, 3, 19], [4, 13, 5, 14], [6, 23, 7, 24], [8, 12, 9, 11], [10, 18, 11, 17], [12, 1, 13, 2], [14, 22, 15, 21], [16, 10, 17, 9], [18, 16, 19, 15], [20, 4, 21, 3], [22, 5, 23, 6], [24, 7, 1, 8]]"
12a_0428_75,"[[24, 7, 1, 8], [2, 20, 3, 19], [4, 13, 5, 14], [6, 23, 7, 24], [8, 12, 9, 11], [10, 18, 11, 17], [12, 1, 13, 2], [14, 22, 15, 21], [16, 10, 17, 9], [18, 16, 19, 15], [20, 4, 21, 3], [22, 5, 23, 6]]"
12a_0428_76,"[[22, 5, 23, 6], [24, 7, 1, 8], [2, 20, 3, 19], [4, 13, 5, 14], [6, 23, 7, 24], [8, 12, 9, 11], [10, 18, 11, 17], [12, 1, 13, 2], [14, 22, 15, 21], [16, 10, 17, 9], [18, 16, 19, 15], [20, 4, 21, 3]]"
12a_0428_77,"[[20, 4, 21, 3], [22, 5, 23, 6], [24, 7, 1, 8], [2, 20, 3, 19], [4, 13, 5, 14], [6, 23, 7, 24], [8, 12, 9, 11], [10, 18, 11, 17], [12, 1, 13, 2], [14, 22, 15, 21], [16, 10, 17, 9], [18, 16, 19, 15]]"
12a_0428_78,"[[18, 16, 19, 15], [20, 4, 21, 3], [22, 5, 23, 6], [24, 7, 1, 8], [2, 20, 3, 19], [4, 13, 5, 14], [6, 23, 7, 24], [8, 12, 9, 11], [10, 18, 11, 17], [12, 1, 13, 2], [14, 22, 15, 21], [16, 10, 17, 9]]"
12a_0428_79,"[[16, 10, 17, 9], [18, 16, 19, 15], [20, 4, 21, 3], [22, 5, 23, 6], [24, 7, 1, 8], [2, 20, 3, 19], [4, 13, 5, 14], [6, 23, 7, 24], [8, 12, 9, 11], [10, 18, 11, 17], [12, 1, 13, 2], [14, 22, 15, 21]]"
12a_0428_80,"[[14, 22, 15, 21], [16, 10, 17, 9], [18, 16, 19, 15], [20, 4, 21, 3], [22, 5, 23, 6], [24, 7, 1, 8], [2, 20, 3, 19], [4, 13, 5, 14], [6, 23, 7, 24], [8, 12, 9, 11], [10, 18, 11, 17], [12, 1, 13, 2]]"
12a_0428_81,"[[12, 1, 13, 2], [14, 22, 15, 21], [16, 10, 17, 9], [18, 16, 19, 15], [20, 4, 21, 3], [22, 5, 23, 6], [24, 7, 1, 8], [2, 20, 3, 19], [4, 13, 5, 14], [6, 23, 7, 24], [8, 12, 9, 11], [10, 18, 11, 17]]"
12a_0428_82,"[[10, 18, 11, 17], [12, 1, 13, 2], [14, 22, 15, 21], [16, 10, 17, 9], [18, 16, 19, 15], [20, 4, 21, 3], [22, 5, 23, 6], [24, 7, 1, 8], [2, 20, 3, 19], [4, 13, 5, 14], [6, 23, 7, 24], [8, 12, 9, 11]]"
12a_0428_83,"[[8, 12, 9, 11], [10, 18, 11, 17], [12, 1, 13, 2], [14, 22, 15, 21], [16, 10, 17, 9], [18, 16, 19, 15], [20, 4, 21, 3], [22, 5, 23, 6], [24, 7, 1, 8], [2, 20, 3, 19], [4, 13, 5, 14], [6, 23, 7, 24]]"
12a_0428_84,"[[7, 24, 8, 1], [9, 13, 10, 12], [11, 19, 12, 18], [13, 2, 14, 3], [15, 23, 16, 22], [17, 11, 18, 10], [19, 17, 20, 16], [21, 5, 22, 4], [23, 6, 24, 7], [1, 8, 2, 9], [3, 21, 4, 20], [5, 14, 6, 15]]"
12a_0428_85,"[[5, 14, 6, 15], [7, 24, 8, 1], [9, 13, 10, 12], [11, 19, 12, 18], [13, 2, 14, 3], [15, 23, 16, 22], [17, 11, 18, 10], [19, 17, 20, 16], [21, 5, 22, 4], [23, 6, 24, 7], [1, 8, 2, 9], [3, 21, 4, 20]]"
12a_0428_86,"[[3, 21, 4, 20], [5, 14, 6, 15], [7, 24, 8, 1], [9, 13, 10, 12], [11, 19, 12, 18], [13, 2, 14, 3], [15, 23, 16, 22], [17, 11, 18, 10], [19, 17, 20, 16], [21, 5, 22, 4], [23, 6, 24, 7], [1, 8, 2, 9]]"
12a_0428_87,"[[1, 8, 2, 9], [3, 21, 4, 20], [5, 14, 6, 15], [7, 24, 8, 1], [9, 13, 10, 12], [11, 19, 12, 18], [13, 2, 14, 3], [15, 23, 16, 22], [17, 11, 18, 10], [19, 17, 20, 16], [21, 5, 22, 4], [23, 6, 24, 7]]"
12a_0428_88,"[[23, 6, 24, 7], [1, 8, 2, 9], [3, 21, 4, 20], [5, 14, 6, 15], [7, 24, 8, 1], [9, 13, 10, 12], [11, 19, 12, 18], [13, 2, 14, 3], [15, 23, 16, 22], [17, 11, 18, 10], [19, 17, 20, 16], [21, 5, 22, 4]]"
12a_0428_89,"[[21, 5, 22, 4], [23, 6, 24, 7], [1, 8, 2, 9], [3, 21, 4, 20], [5, 14, 6, 15], [7, 24, 8, 1], [9, 13, 10, 12], [11, 19, 12, 18], [13, 2, 14, 3], [15, 23, 16, 22], [17, 11, 18, 10], [19, 17, 20, 16]]"
12a_0428_90,"[[19, 17, 20, 16], [21, 5, 22, 4], [23, 6, 24, 7], [1, 8, 2, 9], [3, 21, 4, 20], [5, 14, 6, 15], [7, 24, 8, 1], [9, 13, 10, 12], [11, 19, 12, 18], [13, 2, 14, 3], [15, 23, 16, 22], [17, 11, 18, 10]]"
12a_0428_91,"[[17, 11, 18, 10], [19, 17, 20, 16], [21, 5, 22, 4], [23, 6, 24, 7], [1, 8, 2, 9], [3, 21, 4, 20], [5, 14, 6, 15], [7, 24, 8, 1], [9, 13, 10, 12], [11, 19, 12, 18], [13, 2, 14, 3], [15, 23, 16, 22]]"
12a_0428_92,"[[15, 23, 16, 22], [17, 11, 18, 10], [19, 17, 20, 16], [21, 5, 22, 4], [23, 6, 24, 7], [1, 8, 2, 9], [3, 21, 4, 20], [5, 14, 6, 15], [7, 24, 8, 1], [9, 13, 10, 12], [11, 19, 12, 18], [13, 2, 14, 3]]"
12a_0428_93,"[[13, 2, 14, 3], [15, 23, 16, 22], [17, 11, 18, 10], [19, 17, 20, 16], [21, 5, 22, 4], [23, 6, 24, 7], [1, 8, 2, 9], [3, 21, 4, 20], [5, 14, 6, 15], [7, 24, 8, 1], [9, 13, 10, 12], [11, 19, 12, 18]]"
12a_0428_94,"[[11, 19, 12, 18], [13, 2, 14, 3], [15, 23, 16, 22], [17, 11, 18, 10], [19, 17, 20, 16], [21, 5, 22, 4], [23, 6, 24, 7], [1, 8, 2, 9], [3, 21, 4, 20], [5, 14, 6, 15], [7, 24, 8, 1], [9, 13, 10, 12]]"
12a_0428_95,"[[9, 13, 10, 12], [11, 19, 12, 18], [13, 2, 14, 3], [15, 23, 16, 22], [17, 11, 18, 10], [19, 17, 20, 16], [21, 5, 22, 4], [23, 6, 24, 7], [1, 8, 2, 9], [3, 21, 4, 20], [5, 14, 6, 15], [7, 24, 8, 1]]"
12a_0428_96,"[[8, 1, 9, 2], [10, 14, 11, 13], [12, 20, 13, 19], [14, 3, 15, 4], [16, 24, 17, 23], [18, 12, 19, 11], [20, 18, 21, 17], [22, 6, 23, 5], [24, 7, 1, 8], [2, 9, 3, 10], [4, 22, 5, 21], [6, 15, 7, 16]]"
12a_0428_97,"[[6, 15, 7, 16], [8, 1, 9, 2], [10, 14, 11, 13], [12, 20, 13, 19], [14, 3, 15, 4], [16, 24, 17, 23], [18, 12, 19, 11], [20, 18, 21, 17], [22, 6, 23, 5], [24, 7, 1, 8], [2, 9, 3, 10], [4, 22, 5, 21]]"
12a_0428_98,"[[4, 22, 5, 21], [6, 15, 7, 16], [8, 1, 9, 2], [10, 14, 11, 13], [12, 20, 13, 19], [14, 3, 15, 4], [16, 24, 17, 23], [18, 12, 19, 11], [20, 18, 21, 17], [22, 6, 23, 5], [24, 7, 1, 8], [2, 9, 3, 10]]"
12a_0428_99,"[[2, 9, 3, 10], [4, 22, 5, 21], [6, 15, 7, 16], [8, 1, 9, 2], [10, 14, 11, 13], [12, 20, 13, 19], [14, 3, 15, 4], [16, 24, 17, 23], [18, 12, 19, 11], [20, 18, 21, 17], [22, 6, 23, 5], [24, 7, 1, 8]]"
12a_0428_100,"[[24, 7, 1, 8], [2, 9, 3, 10], [4, 22, 5, 21], [6, 15, 7, 16], [8, 1, 9, 2], [10, 14, 11, 13], [12, 20, 13, 19], [14, 3, 15, 4], [16, 24, 17, 23], [18, 12, 19, 11], [20, 18, 21, 17], [22, 6, 23, 5]]"
12a_0428_101,"[[22, 6, 23, 5], [24, 7, 1, 8], [2, 9, 3, 10], [4, 22, 5, 21], [6, 15, 7, 16], [8, 1, 9, 2], [10, 14, 11, 13], [12, 20, 13, 19], [14, 3, 15, 4], [16, 24, 17, 23], [18, 12, 19, 11], [20, 18, 21, 17]]"
12a_0428_102,"[[20, 18, 21, 17], [22, 6, 23, 5], [24, 7, 1, 8], [2, 9, 3, 10], [4, 22, 5, 21], [6, 15, 7, 16], [8, 1, 9, 2], [10, 14, 11, 13], [12, 20, 13, 19], [14, 3, 15, 4], [16, 24, 17, 23], [18, 12, 19, 11]]"
12a_0428_103,"[[18, 12, 19, 11], [20, 18, 21, 17], [22, 6, 23, 5], [24, 7, 1, 8], [2, 9, 3, 10], [4, 22, 5, 21], [6, 15, 7, 16], [8, 1, 9, 2], [10, 14, 11, 13], [12, 20, 13, 19], [14, 3, 15, 4], [16, 24, 17, 23]]"
12a_0428_104,"[[16, 24, 17, 23], [18, 12, 19, 11], [20, 18, 21, 17], [22, 6, 23, 5], [24, 7, 1, 8], [2, 9, 3, 10], [4, 22, 5, 21], [6, 15, 7, 16], [8, 1, 9, 2], [10, 14, 11, 13], [12, 20, 13, 19], [14, 3, 15, 4]]"
12a_0428_105,"[[14, 3, 15, 4], [16, 24, 17, 23], [18, 12, 19, 11], [20, 18, 21, 17], [22, 6, 23, 5], [24, 7, 1, 8], [2, 9, 3, 10], [4, 22, 5, 21], [6, 15, 7, 16], [8, 1, 9, 2], [10, 14, 11, 13], [12, 20, 13, 19]]"
12a_0428_106,"[[12, 20, 13, 19], [14, 3, 15, 4], [16, 24, 17, 23], [18, 12, 19, 11], [20, 18, 21, 17], [22, 6, 23, 5], [24, 7, 1, 8], [2, 9, 3, 10], [4, 22, 5, 21], [6, 15, 7, 16], [8, 1, 9, 2], [10, 14, 11, 13]]"
12a_0428_107,"[[10, 14, 11, 13], [12, 20, 13, 19], [14, 3, 15, 4], [16, 24, 17, 23], [18, 12, 19, 11], [20, 18, 21, 17], [22, 6, 23, 5], [24, 7, 1, 8], [2, 9, 3, 10], [4, 22, 5, 21], [6, 15, 7, 16], [8, 1, 9, 2]]"
12a_0428_108,"[[9, 2, 10, 3], [11, 15, 12, 14], [13, 21, 14, 20], [15, 4, 16, 5], [17, 1, 18, 24], [19, 13, 20, 12], [21, 19, 22, 18], [23, 7, 24, 6], [1, 8, 2, 9], [3, 10, 4, 11], [5, 23, 6, 22], [7, 16, 8, 17]]"
12a_0428_109,"[[7, 16, 8, 17], [9, 2, 10, 3], [11, 15, 12, 14], [13, 21, 14, 20], [15, 4, 16, 5], [17, 1, 18, 24], [19, 13, 20, 12], [21, 19, 22, 18], [23, 7, 24, 6], [1, 8, 2, 9], [3, 10, 4, 11], [5, 23, 6, 22]]"
12a_0428_110,"[[5, 23, 6, 22], [7, 16, 8, 17], [9, 2, 10, 3], [11, 15, 12, 14], [13, 21, 14, 20], [15, 4, 16, 5], [17, 1, 18, 24], [19, 13, 20, 12], [21, 19, 22, 18], [23, 7, 24, 6], [1, 8, 2, 9], [3, 10, 4, 11]]"
12a_0428_111,"[[3, 10, 4, 11], [5, 23, 6, 22], [7, 16, 8, 17], [9, 2, 10, 3], [11, 15, 12, 14], [13, 21, 14, 20], [15, 4, 16, 5], [17, 1, 18, 24], [19, 13, 20, 12], [21, 19, 22, 18], [23, 7, 24, 6], [1, 8, 2, 9]]"
12a_0428_112,"[[1, 8, 2, 9], [3, 10, 4, 11], [5, 23, 6, 22], [7, 16, 8, 17], [9, 2, 10, 3], [11, 15, 12, 14], [13, 21, 14, 20], [15, 4, 16, 5], [17, 1, 18, 24], [19, 13, 20, 12], [21, 19, 22, 18], [23, 7, 24, 6]]"
12a_0428_113,"[[23, 7, 24, 6], [1, 8, 2, 9], [3, 10, 4, 11], [5, 23, 6, 22], [7, 16, 8, 17], [9, 2, 10, 3], [11, 15, 12, 14], [13, 21, 14, 20], [15, 4, 16, 5], [17, 1, 18, 24], [19, 13, 20, 12], [21, 19, 22, 18]]"
12a_0428_114,"[[21, 19, 22, 18], [23, 7, 24, 6], [1, 8, 2, 9], [3, 10, 4, 11], [5, 23, 6, 22], [7, 16, 8, 17], [9, 2, 10, 3], [11, 15, 12, 14], [13, 21, 14, 20], [15, 4, 16, 5], [17, 1, 18, 24], [19, 13, 20, 12]]"
12a_0428_115,"[[19, 13, 20, 12], [21, 19, 22, 18], [23, 7, 24, 6], [1, 8, 2, 9], [3, 10, 4, 11], [5, 23, 6, 22], [7, 16, 8, 17], [9, 2, 10, 3], [11, 15, 12, 14], [13, 21, 14, 20], [15, 4, 16, 5], [17, 1, 18, 24]]"
12a_0428_116,"[[17, 1, 18, 24], [19, 13, 20, 12], [21, 19, 22, 18], [23, 7, 24, 6], [1, 8, 2, 9], [3, 10, 4, 11], [5, 23, 6, 22], [7, 16, 8, 17], [9, 2, 10, 3], [11, 15, 12, 14], [13, 21, 14, 20], [15, 4, 16, 5]]"
12a_0428_117,"[[15, 4, 16, 5], [17, 1, 18, 24], [19, 13, 20, 12], [21, 19, 22, 18], [23, 7, 24, 6], [1, 8, 2, 9], [3, 10, 4, 11], [5, 23, 6, 22], [7, 16, 8, 17], [9, 2, 10, 3], [11, 15, 12, 14], [13, 21, 14, 20]]"
12a_0428_118,"[[13, 21, 14, 20], [15, 4, 16, 5], [17, 1, 18, 24], [19, 13, 20, 12], [21, 19, 22, 18], [23, 7, 24, 6], [1, 8, 2, 9], [3, 10, 4, 11], [5, 23, 6, 22], [7, 16, 8, 17], [9, 2, 10, 3], [11, 15, 12, 14]]"
12a_0428_119,"[[11, 15, 12, 14], [13, 21, 14, 20], [15, 4, 16, 5], [17, 1, 18, 24], [19, 13, 20, 12], [21, 19, 22, 18], [23, 7, 24, 6], [1, 8, 2, 9], [3, 10, 4, 11], [5, 23, 6, 22], [7, 16, 8, 17], [9, 2, 10, 3]]"
12a_0428_120,"[[10, 3, 11, 4], [12, 16, 13, 15], [14, 22, 15, 21], [16, 5, 17, 6], [18, 2, 19, 1], [20, 14, 21, 13], [22, 20, 23, 19], [24, 8, 1, 7], [2, 9, 3, 10], [4, 11, 5, 12], [6, 24, 7, 23], [8, 17, 9, 18]]"
12a_0428_121,"[[8, 17, 9, 18], [10, 3, 11, 4], [12, 16, 13, 15], [14, 22, 15, 21], [16, 5, 17, 6], [18, 2, 19, 1], [20, 14, 21, 13], [22, 20, 23, 19], [24, 8, 1, 7], [2, 9, 3, 10], [4, 11, 5, 12], [6, 24, 7, 23]]"
12a_0428_122,"[[6, 24, 7, 23], [8, 17, 9, 18], [10, 3, 11, 4], [12, 16, 13, 15], [14, 22, 15, 21], [16, 5, 17, 6], [18, 2, 19, 1], [20, 14, 21, 13], [22, 20, 23, 19], [24, 8, 1, 7], [2, 9, 3, 10], [4, 11, 5, 12]]"
12a_0428_123,"[[4, 11, 5, 12], [6, 24, 7, 23], [8, 17, 9, 18], [10, 3, 11, 4], [12, 16, 13, 15], [14, 22, 15, 21], [16, 5, 17, 6], [18, 2, 19, 1], [20, 14, 21, 13], [22, 20, 23, 19], [24, 8, 1, 7], [2, 9, 3, 10]]"
12a_0428_124,"[[2, 9, 3, 10], [4, 11, 5, 12], [6, 24, 7, 23], [8, 17, 9, 18], [10, 3, 11, 4], [12, 16, 13, 15], [14, 22, 15, 21], [16, 5, 17, 6], [18, 2, 19, 1], [20, 14, 21, 13], [22, 20, 23, 19], [24, 8, 1, 7]]"
12a_0428_125,"[[24, 8, 1, 7], [2, 9, 3, 10], [4, 11, 5, 12], [6, 24, 7, 23], [8, 17, 9, 18], [10, 3, 11, 4], [12, 16, 13, 15], [14, 22, 15, 21], [16, 5, 17, 6], [18, 2, 19, 1], [20, 14, 21, 13], [22, 20, 23, 19]]"
12a_0428_126,"[[22, 20, 23, 19], [24, 8, 1, 7], [2, 9, 3, 10], [4, 11, 5, 12], [6, 24, 7, 23], [8, 17, 9, 18], [10, 3, 11, 4], [12, 16, 13, 15], [14, 22, 15, 21], [16, 5, 17, 6], [18, 2, 19, 1], [20, 14, 21, 13]]"
12a_0428_127,"[[20, 14, 21, 13], [22, 20, 23, 19], [24, 8, 1, 7], [2, 9, 3, 10], [4, 11, 5, 12], [6, 24, 7, 23], [8, 17, 9, 18], [10, 3, 11, 4], [12, 16, 13, 15], [14, 22, 15, 21], [16, 5, 17, 6], [18, 2, 19, 1]]"
12a_0428_128,"[[18, 2, 19, 1], [20, 14, 21, 13], [22, 20, 23, 19], [24, 8, 1, 7], [2, 9, 3, 10], [4, 11, 5, 12], [6, 24, 7, 23], [8, 17, 9, 18], [10, 3, 11, 4], [12, 16, 13, 15], [14, 22, 15, 21], [16, 5, 17, 6]]"
12a_0428_129,"[[16, 5, 17, 6], [18, 2, 19, 1], [20, 14, 21, 13], [22, 20, 23, 19], [24, 8, 1, 7], [2, 9, 3, 10], [4, 11, 5, 12], [6, 24, 7, 23], [8, 17, 9, 18], [10, 3, 11, 4], [12, 16, 13, 15], [14, 22, 15, 21]]"
12a_0428_130,"[[14, 22, 15, 21], [16, 5, 17, 6], [18, 2, 19, 1], [20, 14, 21, 13], [22, 20, 23, 19], [24, 8, 1, 7], [2, 9, 3, 10], [4, 11, 5, 12], [6, 24, 7, 23], [8, 17, 9, 18], [10, 3, 11, 4], [12, 16, 13, 15]]"
12a_0428_131,"[[12, 16, 13, 15], [14, 22, 15, 21], [16, 5, 17, 6], [18, 2, 19, 1], [20, 14, 21, 13], [22, 20, 23, 19], [24, 8, 1, 7], [2, 9, 3, 10], [4, 11, 5, 12], [6, 24, 7, 23], [8, 17, 9, 18], [10, 3, 11, 4]]"
12a_0428_132,"[[11, 4, 12, 5], [13, 17, 14, 16], [15, 23, 16, 22], [17, 6, 18, 7], [19, 3, 20, 2], [21, 15, 22, 14], [23, 21, 24, 20], [1, 9, 2, 8], [3, 10, 4, 11], [5, 12, 6, 13], [7, 1, 8, 24], [9, 18, 10, 19]]"
12a_0428_133,"[[9, 18, 10, 19], [11, 4, 12, 5], [13, 17, 14, 16], [15, 23, 16, 22], [17, 6, 18, 7], [19, 3, 20, 2], [21, 15, 22, 14], [23, 21, 24, 20], [1, 9, 2, 8], [3, 10, 4, 11], [5, 12, 6, 13], [7, 1, 8, 24]]"
12a_0428_134,"[[7, 1, 8, 24], [9, 18, 10, 19], [11, 4, 12, 5], [13, 17, 14, 16], [15, 23, 16, 22], [17, 6, 18, 7], [19, 3, 20, 2], [21, 15, 22, 14], [23, 21, 24, 20], [1, 9, 2, 8], [3, 10, 4, 11], [5, 12, 6, 13]]"
12a_0428_135,"[[5, 12, 6, 13], [7, 1, 8, 24], [9, 18, 10, 19], [11, 4, 12, 5], [13, 17, 14, 16], [15, 23, 16, 22], [17, 6, 18, 7], [19, 3, 20, 2], [21, 15, 22, 14], [23, 21, 24, 20], [1, 9, 2, 8], [3, 10, 4, 11]]"
12a_0428_136,"[[3, 10, 4, 11], [5, 12, 6, 13], [7, 1, 8, 24], [9, 18, 10, 19], [11, 4, 12, 5], [13, 17, 14, 16], [15, 23, 16, 22], [17, 6, 18, 7], [19, 3, 20, 2], [21, 15, 22, 14], [23, 21, 24, 20], [1, 9, 2, 8]]"
12a_0428_137,"[[1, 9, 2, 8], [3, 10, 4, 11], [5, 12, 6, 13], [7, 1, 8, 24], [9, 18, 10, 19], [11, 4, 12, 5], [13, 17, 14, 16], [15, 23, 16, 22], [17, 6, 18, 7], [19, 3, 20, 2], [21, 15, 22, 14], [23, 21, 24, 20]]"
12a_0428_138,"[[23, 21, 24, 20], [1, 9, 2, 8], [3, 10, 4, 11], [5, 12, 6, 13], [7, 1, 8, 24], [9, 18, 10, 19], [11, 4, 12, 5], [13, 17, 14, 16], [15, 23, 16, 22], [17, 6, 18, 7], [19, 3, 20, 2], [21, 15, 22, 14]]"
12a_0428_139,"[[21, 15, 22, 14], [23, 21, 24, 20], [1, 9, 2, 8], [3, 10, 4, 11], [5, 12, 6, 13], [7, 1, 8, 24], [9, 18, 10, 19], [11, 4, 12, 5], [13, 17, 14, 16], [15, 23, 16, 22], [17, 6, 18, 7], [19, 3, 20, 2]]"
12a_0428_140,"[[19, 3, 20, 2], [21, 15, 22, 14], [23, 21, 24, 20], [1, 9, 2, 8], [3, 10, 4, 11], [5, 12, 6, 13], [7, 1, 8, 24], [9, 18, 10, 19], [11, 4, 12, 5], [13, 17, 14, 16], [15, 23, 16, 22], [17, 6, 18, 7]]"
12a_0428_141,"[[17, 6, 18, 7], [19, 3, 20, 2], [21, 15, 22, 14], [23, 21, 24, 20], [1, 9, 2, 8], [3, 10, 4, 11], [5, 12, 6, 13], [7, 1, 8, 24], [9, 18, 10, 19], [11, 4, 12, 5], [13, 17, 14, 16], [15, 23, 16, 22]]"
12a_0428_142,"[[15, 23, 16, 22], [17, 6, 18, 7], [19, 3, 20, 2], [21, 15, 22, 14], [23, 21, 24, 20], [1, 9, 2, 8], [3, 10, 4, 11], [5, 12, 6, 13], [7, 1, 8, 24], [9, 18, 10, 19], [11, 4, 12, 5], [13, 17, 14, 16]]"
12a_0428_143,"[[13, 17, 14, 16], [15, 23, 16, 22], [17, 6, 18, 7], [19, 3, 20, 2], [21, 15, 22, 14], [23, 21, 24, 20], [1, 9, 2, 8], [3, 10, 4, 11], [5, 12, 6, 13], [7, 1, 8, 24], [9, 18, 10, 19], [11, 4, 12, 5]]"
12a_0428_144,"[[12, 5, 13, 6], [14, 18, 15, 17], [16, 24, 17, 23], [18, 7, 19, 8], [20, 4, 21, 3], [22, 16, 23, 15], [24, 22, 1, 21], [2, 10, 3, 9], [4, 11, 5, 12], [6, 13, 7, 14], [8, 2, 9, 1], [10, 19, 11, 20]]"
12a_0428_145,"[[10, 19, 11, 20], [12, 5, 13, 6], [14, 18, 15, 17], [16, 24, 17, 23], [18, 7, 19, 8], [20, 4, 21, 3], [22, 16, 23, 15], [24, 22, 1, 21], [2, 10, 3, 9], [4, 11, 5, 12], [6, 13, 7, 14], [8, 2, 9, 1]]"
12a_0428_146,"[[8, 2, 9, 1], [10, 19, 11, 20], [12, 5, 13, 6], [14, 18, 15, 17], [16, 24, 17, 23], [18, 7, 19, 8], [20, 4, 21, 3], [22, 16, 23, 15], [24, 22, 1, 21], [2, 10, 3, 9], [4, 11, 5, 12], [6, 13, 7, 14]]"
12a_0428_147,"[[6, 13, 7, 14], [8, 2, 9, 1], [10, 19, 11, 20], [12, 5, 13, 6], [14, 18, 15, 17], [16, 24, 17, 23], [18, 7, 19, 8], [20, 4, 21, 3], [22, 16, 23, 15], [24, 22, 1, 21], [2, 10, 3, 9], [4, 11, 5, 12]]"
12a_0428_148,"[[4, 11, 5, 12], [6, 13, 7, 14], [8, 2, 9, 1], [10, 19, 11, 20], [12, 5, 13, 6], [14, 18, 15, 17], [16, 24, 17, 23], [18, 7, 19, 8], [20, 4, 21, 3], [22, 16, 23, 15], [24, 22, 1, 21], [2, 10, 3, 9]]"
12a_0428_149,"[[2, 10, 3, 9], [4, 11, 5, 12], [6, 13, 7, 14], [8, 2, 9, 1], [10, 19, 11, 20], [12, 5, 13, 6], [14, 18, 15, 17], [16, 24, 17, 23], [18, 7, 19, 8], [20, 4, 21, 3], [22, 16, 23, 15], [24, 22, 1, 21]]"
12a_0428_150,"[[24, 22, 1, 21], [2, 10, 3, 9], [4, 11, 5, 12], [6, 13, 7, 14], [8, 2, 9, 1], [10, 19, 11, 20], [12, 5, 13, 6], [14, 18, 15, 17], [16, 24, 17, 23], [18, 7, 19, 8], [20, 4, 21, 3], [22, 16, 23, 15]]"
12a_0428_151,"[[22, 16, 23, 15], [24, 22, 1, 21], [2, 10, 3, 9], [4, 11, 5, 12], [6, 13, 7, 14], [8, 2, 9, 1], [10, 19, 11, 20], [12, 5, 13, 6], [14, 18, 15, 17], [16, 24, 17, 23], [18, 7, 19, 8], [20, 4, 21, 3]]"
12a_0428_152,"[[20, 4, 21, 3], [22, 16, 23, 15], [24, 22, 1, 21], [2, 10, 3, 9], [4, 11, 5, 12], [6, 13, 7, 14], [8, 2, 9, 1], [10, 19, 11, 20], [12, 5, 13, 6], [14, 18, 15, 17], [16, 24, 17, 23], [18, 7, 19, 8]]"
12a_0428_153,"[[18, 7, 19, 8], [20, 4, 21, 3], [22, 16, 23, 15], [24, 22, 1, 21], [2, 10, 3, 9], [4, 11, 5, 12], [6, 13, 7, 14], [8, 2, 9, 1], [10, 19, 11, 20], [12, 5, 13, 6], [14, 18, 15, 17], [16, 24, 17, 23]]"
12a_0428_154,"[[16, 24, 17, 23], [18, 7, 19, 8], [20, 4, 21, 3], [22, 16, 23, 15], [24, 22, 1, 21], [2, 10, 3, 9], [4, 11, 5, 12], [6, 13, 7, 14], [8, 2, 9, 1], [10, 19, 11, 20], [12, 5, 13, 6], [14, 18, 15, 17]]"
12a_0428_155,"[[14, 18, 15, 17], [16, 24, 17, 23], [18, 7, 19, 8], [20, 4, 21, 3], [22, 16, 23, 15], [24, 22, 1, 21], [2, 10, 3, 9], [4, 11, 5, 12], [6, 13, 7, 14], [8, 2, 9, 1], [10, 19, 11, 20], [12, 5, 13, 6]]"
12a_0428_156,"[[13, 6, 14, 7], [15, 19, 16, 18], [17, 1, 18, 24], [19, 8, 20, 9], [21, 5, 22, 4], [23, 17, 24, 16], [1, 23, 2, 22], [3, 11, 4, 10], [5, 12, 6, 13], [7, 14, 8, 15], [9, 3, 10, 2], [11, 20, 12, 21]]"
12a_0428_157,"[[11, 20, 12, 21], [13, 6, 14, 7], [15, 19, 16, 18], [17, 1, 18, 24], [19, 8, 20, 9], [21, 5, 22, 4], [23, 17, 24, 16], [1, 23, 2, 22], [3, 11, 4, 10], [5, 12, 6, 13], [7, 14, 8, 15], [9, 3, 10, 2]]"
12a_0428_158,"[[9, 3, 10, 2], [11, 20, 12, 21], [13, 6, 14, 7], [15, 19, 16, 18], [17, 1, 18, 24], [19, 8, 20, 9], [21, 5, 22, 4], [23, 17, 24, 16], [1, 23, 2, 22], [3, 11, 4, 10], [5, 12, 6, 13], [7, 14, 8, 15]]"
12a_0428_159,"[[7, 14, 8, 15], [9, 3, 10, 2], [11, 20, 12, 21], [13, 6, 14, 7], [15, 19, 16, 18], [17, 1, 18, 24], [19, 8, 20, 9], [21, 5, 22, 4], [23, 17, 24, 16], [1, 23, 2, 22], [3, 11, 4, 10], [5, 12, 6, 13]]"
12a_0428_160,"[[5, 12, 6, 13], [7, 14, 8, 15], [9, 3, 10, 2], [11, 20, 12, 21], [13, 6, 14, 7], [15, 19, 16, 18], [17, 1, 18, 24], [19, 8, 20, 9], [21, 5, 22, 4], [23, 17, 24, 16], [1, 23, 2, 22], [3, 11, 4, 10]]"
12a_0428_161,"[[3, 11, 4, 10], [5, 12, 6, 13], [7, 14, 8, 15], [9, 3, 10, 2], [11, 20, 12, 21], [13, 6, 14, 7], [15, 19, 16, 18], [17, 1, 18, 24], [19, 8, 20, 9], [21, 5, 22, 4], [23, 17, 24, 16], [1, 23, 2, 22]]"
12a_0428_162,"[[1, 23, 2, 22], [3, 11, 4, 10], [5, 12, 6, 13], [7, 14, 8, 15], [9, 3, 10, 2], [11, 20, 12, 21], [13, 6, 14, 7], [15, 19, 16, 18], [17, 1, 18, 24], [19, 8, 20, 9], [21, 5, 22, 4], [23, 17, 24, 16]]"
12a_0428_163,"[[23, 17, 24, 16], [1, 23, 2, 22], [3, 11, 4, 10], [5, 12, 6, 13], [7, 14, 8, 15], [9, 3, 10, 2], [11, 20, 12, 21], [13, 6, 14, 7], [15, 19, 16, 18], [17, 1, 18, 24], [19, 8, 20, 9], [21, 5, 22, 4]]"
12a_0428_164,"[[21, 5, 22, 4], [23, 17, 24, 16], [1, 23, 2, 22], [3, 11, 4, 10], [5, 12, 6, 13], [7, 14, 8, 15], [9, 3, 10, 2], [11, 20, 12, 21], [13, 6, 14, 7], [15, 19, 16, 18], [17, 1, 18, 24], [19, 8, 20, 9]]"
12a_0428_165,"[[19, 8, 20, 9], [21, 5, 22, 4], [23, 17, 24, 16], [1, 23, 2, 22], [3, 11, 4, 10], [5, 12, 6, 13], [7, 14, 8, 15], [9, 3, 10, 2], [11, 20, 12, 21], [13, 6, 14, 7], [15, 19, 16, 18], [17, 1, 18, 24]]"
12a_0428_166,"[[17, 1, 18, 24], [19, 8, 20, 9], [21, 5, 22, 4], [23, 17, 24, 16], [1, 23, 2, 22], [3, 11, 4, 10], [5, 12, 6, 13], [7, 14, 8, 15], [9, 3, 10, 2], [11, 20, 12, 21], [13, 6, 14, 7], [15, 19, 16, 18]]"
12a_0428_167,"[[15, 19, 16, 18], [17, 1, 18, 24], [19, 8, 20, 9], [21, 5, 22, 4], [23, 17, 24, 16], [1, 23, 2, 22], [3, 11, 4, 10], [5, 12, 6, 13], [7, 14, 8, 15], [9, 3, 10, 2], [11, 20, 12, 21], [13, 6, 14, 7]]"
12a_0428_168,"[[14, 7, 15, 8], [16, 20, 17, 19], [18, 2, 19, 1], [20, 9, 21, 10], [22, 6, 23, 5], [24, 18, 1, 17], [2, 24, 3, 23], [4, 12, 5, 11], [6, 13, 7, 14], [8, 15, 9, 16], [10, 4, 11, 3], [12, 21, 13, 22]]"
12a_0428_169,"[[12, 21, 13, 22], [14, 7, 15, 8], [16, 20, 17, 19], [18, 2, 19, 1], [20, 9, 21, 10], [22, 6, 23, 5], [24, 18, 1, 17], [2, 24, 3, 23], [4, 12, 5, 11], [6, 13, 7, 14], [8, 15, 9, 16], [10, 4, 11, 3]]"
12a_0428_170,"[[10, 4, 11, 3], [12, 21, 13, 22], [14, 7, 15, 8], [16, 20, 17, 19], [18, 2, 19, 1], [20, 9, 21, 10], [22, 6, 23, 5], [24, 18, 1, 17], [2, 24, 3, 23], [4, 12, 5, 11], [6, 13, 7, 14], [8, 15, 9, 16]]"
12a_0428_171,"[[8, 15, 9, 16], [10, 4, 11, 3], [12, 21, 13, 22], [14, 7, 15, 8], [16, 20, 17, 19], [18, 2, 19, 1], [20, 9, 21, 10], [22, 6, 23, 5], [24, 18, 1, 17], [2, 24, 3, 23], [4, 12, 5, 11], [6, 13, 7, 14]]"
12a_0428_172,"[[6, 13, 7, 14], [8, 15, 9, 16], [10, 4, 11, 3], [12, 21, 13, 22], [14, 7, 15, 8], [16, 20, 17, 19], [18, 2, 19, 1], [20, 9, 21, 10], [22, 6, 23, 5], [24, 18, 1, 17], [2, 24, 3, 23], [4, 12, 5, 11]]"
12a_0428_173,"[[4, 12, 5, 11], [6, 13, 7, 14], [8, 15, 9, 16], [10, 4, 11, 3], [12, 21, 13, 22], [14, 7, 15, 8], [16, 20, 17, 19], [18, 2, 19, 1], [20, 9, 21, 10], [22, 6, 23, 5], [24, 18, 1, 17], [2, 24, 3, 23]]"
12a_0428_174,"[[2, 24, 3, 23], [4, 12, 5, 11], [6, 13, 7, 14], [8, 15, 9, 16], [10, 4, 11, 3], [12, 21, 13, 22], [14, 7, 15, 8], [16, 20, 17, 19], [18, 2, 19, 1], [20, 9, 21, 10], [22, 6, 23, 5], [24, 18, 1, 17]]"
12a_0428_175,"[[24, 18, 1, 17], [2, 24, 3, 23], [4, 12, 5, 11], [6, 13, 7, 14], [8, 15, 9, 16], [10, 4, 11, 3], [12, 21, 13, 22], [14, 7, 15, 8], [16, 20, 17, 19], [18, 2, 19, 1], [20, 9, 21, 10], [22, 6, 23, 5]]"
12a_0428_176,"[[22, 6, 23, 5], [24, 18, 1, 17], [2, 24, 3, 23], [4, 12, 5, 11], [6, 13, 7, 14], [8, 15, 9, 16], [10, 4, 11, 3], [12, 21, 13, 22], [14, 7, 15, 8], [16, 20, 17, 19], [18, 2, 19, 1], [20, 9, 21, 10]]"
12a_0428_177,"[[20, 9, 21, 10], [22, 6, 23, 5], [24, 18, 1, 17], [2, 24, 3, 23], [4, 12, 5, 11], [6, 13, 7, 14], [8, 15, 9, 16], [10, 4, 11, 3], [12, 21, 13, 22], [14, 7, 15, 8], [16, 20, 17, 19], [18, 2, 19, 1]]"
12a_0428_178,"[[18, 2, 19, 1], [20, 9, 21, 10], [22, 6, 23, 5], [24, 18, 1, 17], [2, 24, 3, 23], [4, 12, 5, 11], [6, 13, 7, 14], [8, 15, 9, 16], [10, 4, 11, 3], [12, 21, 13, 22], [14, 7, 15, 8], [16, 20, 17, 19]]"
12a_0428_179,"[[16, 20, 17, 19], [18, 2, 19, 1], [20, 9, 21, 10], [22, 6, 23, 5], [24, 18, 1, 17], [2, 24, 3, 23], [4, 12, 5, 11], [6, 13, 7, 14], [8, 15, 9, 16], [10, 4, 11, 3], [12, 21, 13, 22], [14, 7, 15, 8]]"
12a_0428_180,"[[15, 8, 16, 9], [17, 21, 18, 20], [19, 3, 20, 2], [21, 10, 22, 11], [23, 7, 24, 6], [1, 19, 2, 18], [3, 1, 4, 24], [5, 13, 6, 12], [7, 14, 8, 15], [9, 16, 10, 17], [11, 5, 12, 4], [13, 22, 14, 23]]"
12a_0428_181,"[[13, 22, 14, 23], [15, 8, 16, 9], [17, 21, 18, 20], [19, 3, 20, 2], [21, 10, 22, 11], [23, 7, 24, 6], [1, 19, 2, 18], [3, 1, 4, 24], [5, 13, 6, 12], [7, 14, 8, 15], [9, 16, 10, 17], [11, 5, 12, 4]]"
12a_0428_182,"[[11, 5, 12, 4], [13, 22, 14, 23], [15, 8, 16, 9], [17, 21, 18, 20], [19, 3, 20, 2], [21, 10, 22, 11], [23, 7, 24, 6], [1, 19, 2, 18], [3, 1, 4, 24], [5, 13, 6, 12], [7, 14, 8, 15], [9, 16, 10, 17]]"
12a_0428_183,"[[9, 16, 10, 17], [11, 5, 12, 4], [13, 22, 14, 23], [15, 8, 16, 9], [17, 21, 18, 20], [19, 3, 20, 2], [21, 10, 22, 11], [23, 7, 24, 6], [1, 19, 2, 18], [3, 1, 4, 24], [5, 13, 6, 12], [7, 14, 8, 15]]"
12a_0428_184,"[[7, 14, 8, 15], [9, 16, 10, 17], [11, 5, 12, 4], [13, 22, 14, 23], [15, 8, 16, 9], [17, 21, 18, 20], [19, 3, 20, 2], [21, 10, 22, 11], [23, 7, 24, 6], [1, 19, 2, 18], [3, 1, 4, 24], [5, 13, 6, 12]]"
12a_0428_185,"[[5, 13, 6, 12], [7, 14, 8, 15], [9, 16, 10, 17], [11, 5, 12, 4], [13, 22, 14, 23], [15, 8, 16, 9], [17, 21, 18, 20], [19, 3, 20, 2], [21, 10, 22, 11], [23, 7, 24, 6], [1, 19, 2, 18], [3, 1, 4, 24]]"
