name,pd_notation
12a_0691_0,"[[24, 17, 1, 18], [2, 6, 3, 5], [4, 13, 5, 14], [6, 24, 7, 23], [8, 22, 9, 21], [10, 20, 11, 19], [12, 16, 13, 15], [14, 3, 15, 4], [16, 1, 17, 2], [18, 12, 19, 11], [20, 10, 21, 9], [22, 8, 23, 7]]"
12a_0691_1,"[[22, 8, 23, 7], [24, 17, 1, 18], [2, 6, 3, 5], [4, 13, 5, 14], [6, 24, 7, 23], [8, 22, 9, 21], [10, 20, 11, 19], [12, 16, 13, 15], [14, 3, 15, 4], [16, 1, 17, 2], [18, 12, 19, 11], [20, 10, 21, 9]]"
12a_0691_2,"[[20, 10, 21, 9], [22, 8, 23, 7], [24, 17, 1, 18], [2, 6, 3, 5], [4, 13, 5, 14], [6, 24, 7, 23], [8, 22, 9, 21], [10, 20, 11, 19], [12, 16, 13, 15], [14, 3, 15, 4], [16, 1, 17, 2], [18, 12, 19, 11]]"
12a_0691_3,"[[18, 12, 19, 11], [20, 10, 21, 9], [22, 8, 23, 7], [24, 17, 1, 18], [2, 6, 3, 5], [4, 13, 5, 14], [6, 24, 7, 23], [8, 22, 9, 21], [10, 20, 11, 19], [12, 16, 13, 15], [14, 3, 15, 4], [16, 1, 17, 2]]"
12a_0691_4,"[[16, 1, 17, 2], [18, 12, 19, 11], [20, 10, 21, 9], [22, 8, 23, 7], [24, 17, 1, 18], [2, 6, 3, 5], [4, 13, 5, 14], [6, 24, 7, 23], [8, 22, 9, 21], [10, 20, 11, 19], [12, 16, 13, 15], [14, 3, 15, 4]]"
12a_0691_5,"[[14, 3, 15, 4], [16, 1, 17, 2], [18, 12, 19, 11], [20, 10, 21, 9], [22, 8, 23, 7], [24, 17, 1, 18], [2, 6, 3, 5], [4, 13, 5, 14], [6, 24, 7, 23], [8, 22, 9, 21], [10, 20, 11, 19], [12, 16, 13, 15]]"
12a_0691_6,"[[12, 16, 13, 15], [14, 3, 15, 4], [16, 1, 17, 2], [18, 12, 19, 11], [20, 10, 21, 9], [22, 8, 23, 7], [24, 17, 1, 18], [2, 6, 3, 5], [4, 13, 5, 14], [6, 24, 7, 23], [8, 22, 9, 21], [10, 20, 11, 19]]"
12a_0691_7,"[[10, 20, 11, 19], [12, 16, 13, 15], [14, 3, 15, 4], [16, 1, 17, 2], [18, 12, 19, 11], [20, 10, 21, 9], [22, 8, 23, 7], [24, 17, 1, 18], [2, 6, 3, 5], [4, 13, 5, 14], [6, 24, 7, 23], [8, 22, 9, 21]]"
12a_0691_8,"[[8, 22, 9, 21], [10, 20, 11, 19], [12, 16, 13, 15], [14, 3, 15, 4], [16, 1, 17, 2], [18, 12, 19, 11], [20, 10, 21, 9], [22, 8, 23, 7], [24, 17, 1, 18], [2, 6, 3, 5], [4, 13, 5, 14], [6, 24, 7, 23]]"
12a_0691_9,"[[6, 24, 7, 23], [8, 22, 9, 21], [10, 20, 11, 19], [12, 16, 13, 15], [14, 3, 15, 4], [16, 1, 17, 2], [18, 12, 19, 11], [20, 10, 21, 9], [22, 8, 23, 7], [24, 17, 1, 18], [2, 6, 3, 5], [4, 13, 5, 14]]"
12a_0691_10,"[[4, 13, 5, 14], [6, 24, 7, 23], [8, 22, 9, 21], [10, 20, 11, 19], [12, 16, 13, 15], [14, 3, 15, 4], [16, 1, 17, 2], [18, 12, 19, 11], [20, 10, 21, 9], [22, 8, 23, 7], [24, 17, 1, 18], [2, 6, 3, 5]]"
12a_0691_11,"[[2, 6, 3, 5], [4, 13, 5, 14], [6, 24, 7, 23], [8, 22, 9, 21], [10, 20, 11, 19], [12, 16, 13, 15], [14, 3, 15, 4], [16, 1, 17, 2], [18, 12, 19, 11], [20, 10, 21, 9], [22, 8, 23, 7], [24, 17, 1, 18]]"
12a_0691_12,"[[1, 18, 2, 19], [3, 7, 4, 6], [5, 14, 6, 15], [7, 1, 8, 24], [9, 23, 10, 22], [11, 21, 12, 20], [13, 17, 14, 16], [15, 4, 16, 5], [17, 2, 18, 3], [19, 13, 20, 12], [21, 11, 22, 10], [23, 9, 24, 8]]"
12a_0691_13,"[[23, 9, 24, 8], [1, 18, 2, 19], [3, 7, 4, 6], [5, 14, 6, 15], [7, 1, 8, 24], [9, 23, 10, 22], [11, 21, 12, 20], [13, 17, 14, 16], [15, 4, 16, 5], [17, 2, 18, 3], [19, 13, 20, 12], [21, 11, 22, 10]]"
12a_0691_14,"[[21, 11, 22, 10], [23, 9, 24, 8], [1, 18, 2, 19], [3, 7, 4, 6], [5, 14, 6, 15], [7, 1, 8, 24], [9, 23, 10, 22], [11, 21, 12, 20], [13, 17, 14, 16], [15, 4, 16, 5], [17, 2, 18, 3], [19, 13, 20, 12]]"
12a_0691_15,"[[19, 13, 20, 12], [21, 11, 22, 10], [23, 9, 24, 8], [1, 18, 2, 19], [3, 7, 4, 6], [5, 14, 6, 15], [7, 1, 8, 24], [9, 23, 10, 22], [11, 21, 12, 20], [13, 17, 14, 16], [15, 4, 16, 5], [17, 2, 18, 3]]"
12a_0691_16,"[[17, 2, 18, 3], [19, 13, 20, 12], [21, 11, 22, 10], [23, 9, 24, 8], [1, 18, 2, 19], [3, 7, 4, 6], [5, 14, 6, 15], [7, 1, 8, 24], [9, 23, 10, 22], [11, 21, 12, 20], [13, 17, 14, 16], [15, 4, 16, 5]]"
12a_0691_17,"[[15, 4, 16, 5], [17, 2, 18, 3], [19, 13, 20, 12], [21, 11, 22, 10], [23, 9, 24, 8], [1, 18, 2, 19], [3, 7, 4, 6], [5, 14, 6, 15], [7, 1, 8, 24], [9, 23, 10, 22], [11, 21, 12, 20], [13, 17, 14, 16]]"
12a_0691_18,"[[13, 17, 14, 16], [15, 4, 16, 5], [17, 2, 18, 3], [19, 13, 20, 12], [21, 11, 22, 10], [23, 9, 24, 8], [1, 18, 2, 19], [3, 7, 4, 6], [5, 14, 6, 15], [7, 1, 8, 24], [9, 23, 10, 22], [11, 21, 12, 20]]"
12a_0691_19,"[[11, 21, 12, 20], [13, 17, 14, 16], [15, 4, 16, 5], [17, 2, 18, 3], [19, 13, 20, 12], [21, 11, 22, 10], [23, 9, 24, 8], [1, 18, 2, 19], [3, 7, 4, 6], [5, 14, 6, 15], [7, 1, 8, 24], [9, 23, 10, 22]]"
12a_0691_20,"[[9, 23, 10, 22], [11, 21, 12, 20], [13, 17, 14, 16], [15, 4, 16, 5], [17, 2, 18, 3], [19, 13, 20, 12], [21, 11, 22, 10], [23, 9, 24, 8], [1, 18, 2, 19], [3, 7, 4, 6], [5, 14, 6, 15], [7, 1, 8, 24]]"
12a_0691_21,"[[7, 1, 8, 24], [9, 23, 10, 22], [11, 21, 12, 20], [13, 17, 14, 16], [15, 4, 16, 5], [17, 2, 18, 3], [19, 13, 20, 12], [21, 11, 22, 10], [23, 9, 24, 8], [1, 18, 2, 19], [3, 7, 4, 6], [5, 14, 6, 15]]"
12a_0691_22,"[[5, 14, 6, 15], [7, 1, 8, 24], [9, 23, 10, 22], [11, 21, 12, 20], [13, 17, 14, 16], [15, 4, 16, 5], [17, 2, 18, 3], [19, 13, 20, 12], [21, 11, 22, 10], [23, 9, 24, 8], [1, 18, 2, 19], [3, 7, 4, 6]]"
12a_0691_23,"[[3, 7, 4, 6], [5, 14, 6, 15], [7, 1, 8, 24], [9, 23, 10, 22], [11, 21, 12, 20], [13, 17, 14, 16], [15, 4, 16, 5], [17, 2, 18, 3], [19, 13, 20, 12], [21, 11, 22, 10], [23, 9, 24, 8], [1, 18, 2, 19]]"
12a_0691_24,"[[2, 19, 3, 20], [4, 8, 5, 7], [6, 15, 7, 16], [8, 2, 9, 1], [10, 24, 11, 23], [12, 22, 13, 21], [14, 18, 15, 17], [16, 5, 17, 6], [18, 3, 19, 4], [20, 14, 21, 13], [22, 12, 23, 11], [24, 10, 1, 9]]"
12a_0691_25,"[[24, 10, 1, 9], [2, 19, 3, 20], [4, 8, 5, 7], [6, 15, 7, 16], [8, 2, 9, 1], [10, 24, 11, 23], [12, 22, 13, 21], [14, 18, 15, 17], [16, 5, 17, 6], [18, 3, 19, 4], [20, 14, 21, 13], [22, 12, 23, 11]]"
12a_0691_26,"[[22, 12, 23, 11], [24, 10, 1, 9], [2, 19, 3, 20], [4, 8, 5, 7], [6, 15, 7, 16], [8, 2, 9, 1], [10, 24, 11, 23], [12, 22, 13, 21], [14, 18, 15, 17], [16, 5, 17, 6], [18, 3, 19, 4], [20, 14, 21, 13]]"
12a_0691_27,"[[20, 14, 21, 13], [22, 12, 23, 11], [24, 10, 1, 9], [2, 19, 3, 20], [4, 8, 5, 7], [6, 15, 7, 16], [8, 2, 9, 1], [10, 24, 11, 23], [12, 22, 13, 21], [14, 18, 15, 17], [16, 5, 17, 6], [18, 3, 19, 4]]"
12a_0691_28,"[[18, 3, 19, 4], [20, 14, 21, 13], [22, 12, 23, 11], [24, 10, 1, 9], [2, 19, 3, 20], [4, 8, 5, 7], [6, 15, 7, 16], [8, 2, 9, 1], [10, 24, 11, 23], [12, 22, 13, 21], [14, 18, 15, 17], [16, 5, 17, 6]]"
12a_0691_29,"[[16, 5, 17, 6], [18, 3, 19, 4], [20, 14, 21, 13], [22, 12, 23, 11], [24, 10, 1, 9], [2, 19, 3, 20], [4, 8, 5, 7], [6, 15, 7, 16], [8, 2, 9, 1], [10, 24, 11, 23], [12, 22, 13, 21], [14, 18, 15, 17]]"
12a_0691_30,"[[14, 18, 15, 17], [16, 5, 17, 6], [18, 3, 19, 4], [20, 14, 21, 13], [22, 12, 23, 11], [24, 10, 1, 9], [2, 19, 3, 20], [4, 8, 5, 7], [6, 15, 7, 16], [8, 2, 9, 1], [10, 24, 11, 23], [12, 22, 13, 21]]"
12a_0691_31,"[[12, 22, 13, 21], [14, 18, 15, 17], [16, 5, 17, 6], [18, 3, 19, 4], [20, 14, 21, 13], [22, 12, 23, 11], [24, 10, 1, 9], [2, 19, 3, 20], [4, 8, 5, 7], [6, 15, 7, 16], [8, 2, 9, 1], [10, 24, 11, 23]]"
12a_0691_32,"[[10, 24, 11, 23], [12, 22, 13, 21], [14, 18, 15, 17], [16, 5, 17, 6], [18, 3, 19, 4], [20, 14, 21, 13], [22, 12, 23, 11], [24, 10, 1, 9], [2, 19, 3, 20], [4, 8, 5, 7], [6, 15, 7, 16], [8, 2, 9, 1]]"
12a_0691_33,"[[8, 2, 9, 1], [10, 24, 11, 23], [12, 22, 13, 21], [14, 18, 15, 17], [16, 5, 17, 6], [18, 3, 19, 4], [20, 14, 21, 13], [22, 12, 23, 11], [24, 10, 1, 9], [2, 19, 3, 20], [4, 8, 5, 7], [6, 15, 7, 16]]"
12a_0691_34,"[[6, 15, 7, 16], [8, 2, 9, 1], [10, 24, 11, 23], [12, 22, 13, 21], [14, 18, 15, 17], [16, 5, 17, 6], [18, 3, 19, 4], [20, 14, 21, 13], [22, 12, 23, 11], [24, 10, 1, 9], [2, 19, 3, 20], [4, 8, 5, 7]]"
12a_0691_35,"[[4, 8, 5, 7], [6, 15, 7, 16], [8, 2, 9, 1], [10, 24, 11, 23], [12, 22, 13, 21], [14, 18, 15, 17], [16, 5, 17, 6], [18, 3, 19, 4], [20, 14, 21, 13], [22, 12, 23, 11], [24, 10, 1, 9], [2, 19, 3, 20]]"
12a_0691_36,"[[3, 20, 4, 21], [5, 9, 6, 8], [7, 16, 8, 17], [9, 3, 10, 2], [11, 1, 12, 24], [13, 23, 14, 22], [15, 19, 16, 18], [17, 6, 18, 7], [19, 4, 20, 5], [21, 15, 22, 14], [23, 13, 24, 12], [1, 11, 2, 10]]"
12a_0691_37,"[[1, 11, 2, 10], [3, 20, 4, 21], [5, 9, 6, 8], [7, 16, 8, 17], [9, 3, 10, 2], [11, 1, 12, 24], [13, 23, 14, 22], [15, 19, 16, 18], [17, 6, 18, 7], [19, 4, 20, 5], [21, 15, 22, 14], [23, 13, 24, 12]]"
12a_0691_38,"[[23, 13, 24, 12], [1, 11, 2, 10], [3, 20, 4, 21], [5, 9, 6, 8], [7, 16, 8, 17], [9, 3, 10, 2], [11, 1, 12, 24], [13, 23, 14, 22], [15, 19, 16, 18], [17, 6, 18, 7], [19, 4, 20, 5], [21, 15, 22, 14]]"
12a_0691_39,"[[21, 15, 22, 14], [23, 13, 24, 12], [1, 11, 2, 10], [3, 20, 4, 21], [5, 9, 6, 8], [7, 16, 8, 17], [9, 3, 10, 2], [11, 1, 12, 24], [13, 23, 14, 22], [15, 19, 16, 18], [17, 6, 18, 7], [19, 4, 20, 5]]"
12a_0691_40,"[[19, 4, 20, 5], [21, 15, 22, 14], [23, 13, 24, 12], [1, 11, 2, 10], [3, 20, 4, 21], [5, 9, 6, 8], [7, 16, 8, 17], [9, 3, 10, 2], [11, 1, 12, 24], [13, 23, 14, 22], [15, 19, 16, 18], [17, 6, 18, 7]]"
12a_0691_41,"[[17, 6, 18, 7], [19, 4, 20, 5], [21, 15, 22, 14], [23, 13, 24, 12], [1, 11, 2, 10], [3, 20, 4, 21], [5, 9, 6, 8], [7, 16, 8, 17], [9, 3, 10, 2], [11, 1, 12, 24], [13, 23, 14, 22], [15, 19, 16, 18]]"
12a_0691_42,"[[15, 19, 16, 18], [17, 6, 18, 7], [19, 4, 20, 5], [21, 15, 22, 14], [23, 13, 24, 12], [1, 11, 2, 10], [3, 20, 4, 21], [5, 9, 6, 8], [7, 16, 8, 17], [9, 3, 10, 2], [11, 1, 12, 24], [13, 23, 14, 22]]"
12a_0691_43,"[[13, 23, 14, 22], [15, 19, 16, 18], [17, 6, 18, 7], [19, 4, 20, 5], [21, 15, 22, 14], [23, 13, 24, 12], [1, 11, 2, 10], [3, 20, 4, 21], [5, 9, 6, 8], [7, 16, 8, 17], [9, 3, 10, 2], [11, 1, 12, 24]]"
12a_0691_44,"[[11, 1, 12, 24], [13, 23, 14, 22], [15, 19, 16, 18], [17, 6, 18, 7], [19, 4, 20, 5], [21, 15, 22, 14], [23, 13, 24, 12], [1, 11, 2, 10], [3, 20, 4, 21], [5, 9, 6, 8], [7, 16, 8, 17], [9, 3, 10, 2]]"
12a_0691_45,"[[9, 3, 10, 2], [11, 1, 12, 24], [13, 23, 14, 22], [15, 19, 16, 18], [17, 6, 18, 7], [19, 4, 20, 5], [21, 15, 22, 14], [23, 13, 24, 12], [1, 11, 2, 10], [3, 20, 4, 21], [5, 9, 6, 8], [7, 16, 8, 17]]"
12a_0691_46,"[[7, 16, 8, 17], [9, 3, 10, 2], [11, 1, 12, 24], [13, 23, 14, 22], [15, 19, 16, 18], [17, 6, 18, 7], [19, 4, 20, 5], [21, 15, 22, 14], [23, 13, 24, 12], [1, 11, 2, 10], [3, 20, 4, 21], [5, 9, 6, 8]]"
12a_0691_47,"[[5, 9, 6, 8], [7, 16, 8, 17], [9, 3, 10, 2], [11, 1, 12, 24], [13, 23, 14, 22], [15, 19, 16, 18], [17, 6, 18, 7], [19, 4, 20, 5], [21, 15, 22, 14], [23, 13, 24, 12], [1, 11, 2, 10], [3, 20, 4, 21]]"
12a_0691_48,"[[4, 21, 5, 22], [6, 10, 7, 9], [8, 17, 9, 18], [10, 4, 11, 3], [12, 2, 13, 1], [14, 24, 15, 23], [16, 20, 17, 19], [18, 7, 19, 8], [20, 5, 21, 6], [22, 16, 23, 15], [24, 14, 1, 13], [2, 12, 3, 11]]"
12a_0691_49,"[[2, 12, 3, 11], [4, 21, 5, 22], [6, 10, 7, 9], [8, 17, 9, 18], [10, 4, 11, 3], [12, 2, 13, 1], [14, 24, 15, 23], [16, 20, 17, 19], [18, 7, 19, 8], [20, 5, 21, 6], [22, 16, 23, 15], [24, 14, 1, 13]]"
12a_0691_50,"[[24, 14, 1, 13], [2, 12, 3, 11], [4, 21, 5, 22], [6, 10, 7, 9], [8, 17, 9, 18], [10, 4, 11, 3], [12, 2, 13, 1], [14, 24, 15, 23], [16, 20, 17, 19], [18, 7, 19, 8], [20, 5, 21, 6], [22, 16, 23, 15]]"
12a_0691_51,"[[22, 16, 23, 15], [24, 14, 1, 13], [2, 12, 3, 11], [4, 21, 5, 22], [6, 10, 7, 9], [8, 17, 9, 18], [10, 4, 11, 3], [12, 2, 13, 1], [14, 24, 15, 23], [16, 20, 17, 19], [18, 7, 19, 8], [20, 5, 21, 6]]"
12a_0691_52,"[[20, 5, 21, 6], [22, 16, 23, 15], [24, 14, 1, 13], [2, 12, 3, 11], [4, 21, 5, 22], [6, 10, 7, 9], [8, 17, 9, 18], [10, 4, 11, 3], [12, 2, 13, 1], [14, 24, 15, 23], [16, 20, 17, 19], [18, 7, 19, 8]]"
12a_0691_53,"[[18, 7, 19, 8], [20, 5, 21, 6], [22, 16, 23, 15], [24, 14, 1, 13], [2, 12, 3, 11], [4, 21, 5, 22], [6, 10, 7, 9], [8, 17, 9, 18], [10, 4, 11, 3], [12, 2, 13, 1], [14, 24, 15, 23], [16, 20, 17, 19]]"
12a_0691_54,"[[16, 20, 17, 19], [18, 7, 19, 8], [20, 5, 21, 6], [22, 16, 23, 15], [24, 14, 1, 13], [2, 12, 3, 11], [4, 21, 5, 22], [6, 10, 7, 9], [8, 17, 9, 18], [10, 4, 11, 3], [12, 2, 13, 1], [14, 24, 15, 23]]"
12a_0691_55,"[[14, 24, 15, 23], [16, 20, 17, 19], [18, 7, 19, 8], [20, 5, 21, 6], [22, 16, 23, 15], [24, 14, 1, 13], [2, 12, 3, 11], [4, 21, 5, 22], [6, 10, 7, 9], [8, 17, 9, 18], [10, 4, 11, 3], [12, 2, 13, 1]]"
12a_0691_56,"[[12, 2, 13, 1], [14, 24, 15, 23], [16, 20, 17, 19], [18, 7, 19, 8], [20, 5, 21, 6], [22, 16, 23, 15], [24, 14, 1, 13], [2, 12, 3, 11], [4, 21, 5, 22], [6, 10, 7, 9], [8, 17, 9, 18], [10, 4, 11, 3]]"
12a_0691_57,"[[10, 4, 11, 3], [12, 2, 13, 1], [14, 24, 15, 23], [16, 20, 17, 19], [18, 7, 19, 8], [20, 5, 21, 6], [22, 16, 23, 15], [24, 14, 1, 13], [2, 12, 3, 11], [4, 21, 5, 22], [6, 10, 7, 9], [8, 17, 9, 18]]"
12a_0691_58,"[[8, 17, 9, 18], [10, 4, 11, 3], [12, 2, 13, 1], [14, 24, 15, 23], [16, 20, 17, 19], [18, 7, 19, 8], [20, 5, 21, 6], [22, 16, 23, 15], [24, 14, 1, 13], [2, 12, 3, 11], [4, 21, 5, 22], [6, 10, 7, 9]]"
12a_0691_59,"[[6, 10, 7, 9], [8, 17, 9, 18], [10, 4, 11, 3], [12, 2, 13, 1], [14, 24, 15, 23], [16, 20, 17, 19], [18, 7, 19, 8], [20, 5, 21, 6], [22, 16, 23, 15], [24, 14, 1, 13], [2, 12, 3, 11], [4, 21, 5, 22]]"
12a_0691_60,"[[5, 22, 6, 23], [7, 11, 8, 10], [9, 18, 10, 19], [11, 5, 12, 4], [13, 3, 14, 2], [15, 1, 16, 24], [17, 21, 18, 20], [19, 8, 20, 9], [21, 6, 22, 7], [23, 17, 24, 16], [1, 15, 2, 14], [3, 13, 4, 12]]"
12a_0691_61,"[[3, 13, 4, 12], [5, 22, 6, 23], [7, 11, 8, 10], [9, 18, 10, 19], [11, 5, 12, 4], [13, 3, 14, 2], [15, 1, 16, 24], [17, 21, 18, 20], [19, 8, 20, 9], [21, 6, 22, 7], [23, 17, 24, 16], [1, 15, 2, 14]]"
12a_0691_62,"[[1, 15, 2, 14], [3, 13, 4, 12], [5, 22, 6, 23], [7, 11, 8, 10], [9, 18, 10, 19], [11, 5, 12, 4], [13, 3, 14, 2], [15, 1, 16, 24], [17, 21, 18, 20], [19, 8, 20, 9], [21, 6, 22, 7], [23, 17, 24, 16]]"
12a_0691_63,"[[23, 17, 24, 16], [1, 15, 2, 14], [3, 13, 4, 12], [5, 22, 6, 23], [7, 11, 8, 10], [9, 18, 10, 19], [11, 5, 12, 4], [13, 3, 14, 2], [15, 1, 16, 24], [17, 21, 18, 20], [19, 8, 20, 9], [21, 6, 22, 7]]"
12a_0691_64,"[[21, 6, 22, 7], [23, 17, 24, 16], [1, 15, 2, 14], [3, 13, 4, 12], [5, 22, 6, 23], [7, 11, 8, 10], [9, 18, 10, 19], [11, 5, 12, 4], [13, 3, 14, 2], [15, 1, 16, 24], [17, 21, 18, 20], [19, 8, 20, 9]]"
12a_0691_65,"[[19, 8, 20, 9], [21, 6, 22, 7], [23, 17, 24, 16], [1, 15, 2, 14], [3, 13, 4, 12], [5, 22, 6, 23], [7, 11, 8, 10], [9, 18, 10, 19], [11, 5, 12, 4], [13, 3, 14, 2], [15, 1, 16, 24], [17, 21, 18, 20]]"
12a_0691_66,"[[17, 21, 18, 20], [19, 8, 20, 9], [21, 6, 22, 7], [23, 17, 24, 16], [1, 15, 2, 14], [3, 13, 4, 12], [5, 22, 6, 23], [7, 11, 8, 10], [9, 18, 10, 19], [11, 5, 12, 4], [13, 3, 14, 2], [15, 1, 16, 24]]"
12a_0691_67,"[[15, 1, 16, 24], [17, 21, 18, 20], [19, 8, 20, 9], [21, 6, 22, 7], [23, 17, 24, 16], [1, 15, 2, 14], [3, 13, 4, 12], [5, 22, 6, 23], [7, 11, 8, 10], [9, 18, 10, 19], [11, 5, 12, 4], [13, 3, 14, 2]]"
12a_0691_68,"[[13, 3, 14, 2], [15, 1, 16, 24], [17, 21, 18, 20], [19, 8, 20, 9], [21, 6, 22, 7], [23, 17, 24, 16], [1, 15, 2, 14], [3, 13, 4, 12], [5, 22, 6, 23], [7, 11, 8, 10], [9, 18, 10, 19], [11, 5, 12, 4]]"
12a_0691_69,"[[11, 5, 12, 4], [13, 3, 14, 2], [15, 1, 16, 24], [17, 21, 18, 20], [19, 8, 20, 9], [21, 6, 22, 7], [23, 17, 24, 16], [1, 15, 2, 14], [3, 13, 4, 12], [5, 22, 6, 23], [7, 11, 8, 10], [9, 18, 10, 19]]"
12a_0691_70,"[[9, 18, 10, 19], [11, 5, 12, 4], [13, 3, 14, 2], [15, 1, 16, 24], [17, 21, 18, 20], [19, 8, 20, 9], [21, 6, 22, 7], [23, 17, 24, 16], [1, 15, 2, 14], [3, 13, 4, 12], [5, 22, 6, 23], [7, 11, 8, 10]]"
12a_0691_71,"[[7, 11, 8, 10], [9, 18, 10, 19], [11, 5, 12, 4], [13, 3, 14, 2], [15, 1, 16, 24], [17, 21, 18, 20], [19, 8, 20, 9], [21, 6, 22, 7], [23, 17, 24, 16], [1, 15, 2, 14], [3, 13, 4, 12], [5, 22, 6, 23]]"
12a_0691_72,"[[6, 23, 7, 24], [8, 12, 9, 11], [10, 19, 11, 20], [12, 6, 13, 5], [14, 4, 15, 3], [16, 2, 17, 1], [18, 22, 19, 21], [20, 9, 21, 10], [22, 7, 23, 8], [24, 18, 1, 17], [2, 16, 3, 15], [4, 14, 5, 13]]"
12a_0691_73,"[[4, 14, 5, 13], [6, 23, 7, 24], [8, 12, 9, 11], [10, 19, 11, 20], [12, 6, 13, 5], [14, 4, 15, 3], [16, 2, 17, 1], [18, 22, 19, 21], [20, 9, 21, 10], [22, 7, 23, 8], [24, 18, 1, 17], [2, 16, 3, 15]]"
12a_0691_74,"[[2, 16, 3, 15], [4, 14, 5, 13], [6, 23, 7, 24], [8, 12, 9, 11], [10, 19, 11, 20], [12, 6, 13, 5], [14, 4, 15, 3], [16, 2, 17, 1], [18, 22, 19, 21], [20, 9, 21, 10], [22, 7, 23, 8], [24, 18, 1, 17]]"
12a_0691_75,"[[24, 18, 1, 17], [2, 16, 3, 15], [4, 14, 5, 13], [6, 23, 7, 24], [8, 12, 9, 11], [10, 19, 11, 20], [12, 6, 13, 5], [14, 4, 15, 3], [16, 2, 17, 1], [18, 22, 19, 21], [20, 9, 21, 10], [22, 7, 23, 8]]"
12a_0691_76,"[[22, 7, 23, 8], [24, 18, 1, 17], [2, 16, 3, 15], [4, 14, 5, 13], [6, 23, 7, 24], [8, 12, 9, 11], [10, 19, 11, 20], [12, 6, 13, 5], [14, 4, 15, 3], [16, 2, 17, 1], [18, 22, 19, 21], [20, 9, 21, 10]]"
12a_0691_77,"[[20, 9, 21, 10], [22, 7, 23, 8], [24, 18, 1, 17], [2, 16, 3, 15], [4, 14, 5, 13], [6, 23, 7, 24], [8, 12, 9, 11], [10, 19, 11, 20], [12, 6, 13, 5], [14, 4, 15, 3], [16, 2, 17, 1], [18, 22, 19, 21]]"
12a_0691_78,"[[18, 22, 19, 21], [20, 9, 21, 10], [22, 7, 23, 8], [24, 18, 1, 17], [2, 16, 3, 15], [4, 14, 5, 13], [6, 23, 7, 24], [8, 12, 9, 11], [10, 19, 11, 20], [12, 6, 13, 5], [14, 4, 15, 3], [16, 2, 17, 1]]"
12a_0691_79,"[[16, 2, 17, 1], [18, 22, 19, 21], [20, 9, 21, 10], [22, 7, 23, 8], [24, 18, 1, 17], [2, 16, 3, 15], [4, 14, 5, 13], [6, 23, 7, 24], [8, 12, 9, 11], [10, 19, 11, 20], [12, 6, 13, 5], [14, 4, 15, 3]]"
12a_0691_80,"[[14, 4, 15, 3], [16, 2, 17, 1], [18, 22, 19, 21], [20, 9, 21, 10], [22, 7, 23, 8], [24, 18, 1, 17], [2, 16, 3, 15], [4, 14, 5, 13], [6, 23, 7, 24], [8, 12, 9, 11], [10, 19, 11, 20], [12, 6, 13, 5]]"
12a_0691_81,"[[12, 6, 13, 5], [14, 4, 15, 3], [16, 2, 17, 1], [18, 22, 19, 21], [20, 9, 21, 10], [22, 7, 23, 8], [24, 18, 1, 17], [2, 16, 3, 15], [4, 14, 5, 13], [6, 23, 7, 24], [8, 12, 9, 11], [10, 19, 11, 20]]"
12a_0691_82,"[[10, 19, 11, 20], [12, 6, 13, 5], [14, 4, 15, 3], [16, 2, 17, 1], [18, 22, 19, 21], [20, 9, 21, 10], [22, 7, 23, 8], [24, 18, 1, 17], [2, 16, 3, 15], [4, 14, 5, 13], [6, 23, 7, 24], [8, 12, 9, 11]]"
12a_0691_83,"[[8, 12, 9, 11], [10, 19, 11, 20], [12, 6, 13, 5], [14, 4, 15, 3], [16, 2, 17, 1], [18, 22, 19, 21], [20, 9, 21, 10], [22, 7, 23, 8], [24, 18, 1, 17], [2, 16, 3, 15], [4, 14, 5, 13], [6, 23, 7, 24]]"
12a_0691_84,"[[7, 24, 8, 1], [9, 13, 10, 12], [11, 20, 12, 21], [13, 7, 14, 6], [15, 5, 16, 4], [17, 3, 18, 2], [19, 23, 20, 22], [21, 10, 22, 11], [23, 8, 24, 9], [1, 19, 2, 18], [3, 17, 4, 16], [5, 15, 6, 14]]"
12a_0691_85,"[[5, 15, 6, 14], [7, 24, 8, 1], [9, 13, 10, 12], [11, 20, 12, 21], [13, 7, 14, 6], [15, 5, 16, 4], [17, 3, 18, 2], [19, 23, 20, 22], [21, 10, 22, 11], [23, 8, 24, 9], [1, 19, 2, 18], [3, 17, 4, 16]]"
12a_0691_86,"[[3, 17, 4, 16], [5, 15, 6, 14], [7, 24, 8, 1], [9, 13, 10, 12], [11, 20, 12, 21], [13, 7, 14, 6], [15, 5, 16, 4], [17, 3, 18, 2], [19, 23, 20, 22], [21, 10, 22, 11], [23, 8, 24, 9], [1, 19, 2, 18]]"
12a_0691_87,"[[1, 19, 2, 18], [3, 17, 4, 16], [5, 15, 6, 14], [7, 24, 8, 1], [9, 13, 10, 12], [11, 20, 12, 21], [13, 7, 14, 6], [15, 5, 16, 4], [17, 3, 18, 2], [19, 23, 20, 22], [21, 10, 22, 11], [23, 8, 24, 9]]"
12a_0691_88,"[[23, 8, 24, 9], [1, 19, 2, 18], [3, 17, 4, 16], [5, 15, 6, 14], [7, 24, 8, 1], [9, 13, 10, 12], [11, 20, 12, 21], [13, 7, 14, 6], [15, 5, 16, 4], [17, 3, 18, 2], [19, 23, 20, 22], [21, 10, 22, 11]]"
12a_0691_89,"[[21, 10, 22, 11], [23, 8, 24, 9], [1, 19, 2, 18], [3, 17, 4, 16], [5, 15, 6, 14], [7, 24, 8, 1], [9, 13, 10, 12], [11, 20, 12, 21], [13, 7, 14, 6], [15, 5, 16, 4], [17, 3, 18, 2], [19, 23, 20, 22]]"
12a_0691_90,"[[19, 23, 20, 22], [21, 10, 22, 11], [23, 8, 24, 9], [1, 19, 2, 18], [3, 17, 4, 16], [5, 15, 6, 14], [7, 24, 8, 1], [9, 13, 10, 12], [11, 20, 12, 21], [13, 7, 14, 6], [15, 5, 16, 4], [17, 3, 18, 2]]"
12a_0691_91,"[[17, 3, 18, 2], [19, 23, 20, 22], [21, 10, 22, 11], [23, 8, 24, 9], [1, 19, 2, 18], [3, 17, 4, 16], [5, 15, 6, 14], [7, 24, 8, 1], [9, 13, 10, 12], [11, 20, 12, 21], [13, 7, 14, 6], [15, 5, 16, 4]]"
12a_0691_92,"[[15, 5, 16, 4], [17, 3, 18, 2], [19, 23, 20, 22], [21, 10, 22, 11], [23, 8, 24, 9], [1, 19, 2, 18], [3, 17, 4, 16], [5, 15, 6, 14], [7, 24, 8, 1], [9, 13, 10, 12], [11, 20, 12, 21], [13, 7, 14, 6]]"
12a_0691_93,"[[13, 7, 14, 6], [15, 5, 16, 4], [17, 3, 18, 2], [19, 23, 20, 22], [21, 10, 22, 11], [23, 8, 24, 9], [1, 19, 2, 18], [3, 17, 4, 16], [5, 15, 6, 14], [7, 24, 8, 1], [9, 13, 10, 12], [11, 20, 12, 21]]"
12a_0691_94,"[[11, 20, 12, 21], [13, 7, 14, 6], [15, 5, 16, 4], [17, 3, 18, 2], [19, 23, 20, 22], [21, 10, 22, 11], [23, 8, 24, 9], [1, 19, 2, 18], [3, 17, 4, 16], [5, 15, 6, 14], [7, 24, 8, 1], [9, 13, 10, 12]]"
12a_0691_95,"[[9, 13, 10, 12], [11, 20, 12, 21], [13, 7, 14, 6], [15, 5, 16, 4], [17, 3, 18, 2], [19, 23, 20, 22], [21, 10, 22, 11], [23, 8, 24, 9], [1, 19, 2, 18], [3, 17, 4, 16], [5, 15, 6, 14], [7, 24, 8, 1]]"
12a_0691_96,"[[8, 1, 9, 2], [10, 14, 11, 13], [12, 21, 13, 22], [14, 8, 15, 7], [16, 6, 17, 5], [18, 4, 19, 3], [20, 24, 21, 23], [22, 11, 23, 12], [24, 9, 1, 10], [2, 20, 3, 19], [4, 18, 5, 17], [6, 16, 7, 15]]"
12a_0691_97,"[[6, 16, 7, 15], [8, 1, 9, 2], [10, 14, 11, 13], [12, 21, 13, 22], [14, 8, 15, 7], [16, 6, 17, 5], [18, 4, 19, 3], [20, 24, 21, 23], [22, 11, 23, 12], [24, 9, 1, 10], [2, 20, 3, 19], [4, 18, 5, 17]]"
12a_0691_98,"[[4, 18, 5, 17], [6, 16, 7, 15], [8, 1, 9, 2], [10, 14, 11, 13], [12, 21, 13, 22], [14, 8, 15, 7], [16, 6, 17, 5], [18, 4, 19, 3], [20, 24, 21, 23], [22, 11, 23, 12], [24, 9, 1, 10], [2, 20, 3, 19]]"
12a_0691_99,"[[2, 20, 3, 19], [4, 18, 5, 17], [6, 16, 7, 15], [8, 1, 9, 2], [10, 14, 11, 13], [12, 21, 13, 22], [14, 8, 15, 7], [16, 6, 17, 5], [18, 4, 19, 3], [20, 24, 21, 23], [22, 11, 23, 12], [24, 9, 1, 10]]"
12a_0691_100,"[[24, 9, 1, 10], [2, 20, 3, 19], [4, 18, 5, 17], [6, 16, 7, 15], [8, 1, 9, 2], [10, 14, 11, 13], [12, 21, 13, 22], [14, 8, 15, 7], [16, 6, 17, 5], [18, 4, 19, 3], [20, 24, 21, 23], [22, 11, 23, 12]]"
12a_0691_101,"[[22, 11, 23, 12], [24, 9, 1, 10], [2, 20, 3, 19], [4, 18, 5, 17], [6, 16, 7, 15], [8, 1, 9, 2], [10, 14, 11, 13], [12, 21, 13, 22], [14, 8, 15, 7], [16, 6, 17, 5], [18, 4, 19, 3], [20, 24, 21, 23]]"
12a_0691_102,"[[20, 24, 21, 23], [22, 11, 23, 12], [24, 9, 1, 10], [2, 20, 3, 19], [4, 18, 5, 17], [6, 16, 7, 15], [8, 1, 9, 2], [10, 14, 11, 13], [12, 21, 13, 22], [14, 8, 15, 7], [16, 6, 17, 5], [18, 4, 19, 3]]"
12a_0691_103,"[[18, 4, 19, 3], [20, 24, 21, 23], [22, 11, 23, 12], [24, 9, 1, 10], [2, 20, 3, 19], [4, 18, 5, 17], [6, 16, 7, 15], [8, 1, 9, 2], [10, 14, 11, 13], [12, 21, 13, 22], [14, 8, 15, 7], [16, 6, 17, 5]]"
12a_0691_104,"[[16, 6, 17, 5], [18, 4, 19, 3], [20, 24, 21, 23], [22, 11, 23, 12], [24, 9, 1, 10], [2, 20, 3, 19], [4, 18, 5, 17], [6, 16, 7, 15], [8, 1, 9, 2], [10, 14, 11, 13], [12, 21, 13, 22], [14, 8, 15, 7]]"
12a_0691_105,"[[14, 8, 15, 7], [16, 6, 17, 5], [18, 4, 19, 3], [20, 24, 21, 23], [22, 11, 23, 12], [24, 9, 1, 10], [2, 20, 3, 19], [4, 18, 5, 17], [6, 16, 7, 15], [8, 1, 9, 2], [10, 14, 11, 13], [12, 21, 13, 22]]"
12a_0691_106,"[[12, 21, 13, 22], [14, 8, 15, 7], [16, 6, 17, 5], [18, 4, 19, 3], [20, 24, 21, 23], [22, 11, 23, 12], [24, 9, 1, 10], [2, 20, 3, 19], [4, 18, 5, 17], [6, 16, 7, 15], [8, 1, 9, 2], [10, 14, 11, 13]]"
12a_0691_107,"[[10, 14, 11, 13], [12, 21, 13, 22], [14, 8, 15, 7], [16, 6, 17, 5], [18, 4, 19, 3], [20, 24, 21, 23], [22, 11, 23, 12], [24, 9, 1, 10], [2, 20, 3, 19], [4, 18, 5, 17], [6, 16, 7, 15], [8, 1, 9, 2]]"
12a_0691_108,"[[9, 2, 10, 3], [11, 15, 12, 14], [13, 22, 14, 23], [15, 9, 16, 8], [17, 7, 18, 6], [19, 5, 20, 4], [21, 1, 22, 24], [23, 12, 24, 13], [1, 10, 2, 11], [3, 21, 4, 20], [5, 19, 6, 18], [7, 17, 8, 16]]"
12a_0691_109,"[[7, 17, 8, 16], [9, 2, 10, 3], [11, 15, 12, 14], [13, 22, 14, 23], [15, 9, 16, 8], [17, 7, 18, 6], [19, 5, 20, 4], [21, 1, 22, 24], [23, 12, 24, 13], [1, 10, 2, 11], [3, 21, 4, 20], [5, 19, 6, 18]]"
12a_0691_110,"[[5, 19, 6, 18], [7, 17, 8, 16], [9, 2, 10, 3], [11, 15, 12, 14], [13, 22, 14, 23], [15, 9, 16, 8], [17, 7, 18, 6], [19, 5, 20, 4], [21, 1, 22, 24], [23, 12, 24, 13], [1, 10, 2, 11], [3, 21, 4, 20]]"
12a_0691_111,"[[3, 21, 4, 20], [5, 19, 6, 18], [7, 17, 8, 16], [9, 2, 10, 3], [11, 15, 12, 14], [13, 22, 14, 23], [15, 9, 16, 8], [17, 7, 18, 6], [19, 5, 20, 4], [21, 1, 22, 24], [23, 12, 24, 13], [1, 10, 2, 11]]"
12a_0691_112,"[[1, 10, 2, 11], [3, 21, 4, 20], [5, 19, 6, 18], [7, 17, 8, 16], [9, 2, 10, 3], [11, 15, 12, 14], [13, 22, 14, 23], [15, 9, 16, 8], [17, 7, 18, 6], [19, 5, 20, 4], [21, 1, 22, 24], [23, 12, 24, 13]]"
12a_0691_113,"[[23, 12, 24, 13], [1, 10, 2, 11], [3, 21, 4, 20], [5, 19, 6, 18], [7, 17, 8, 16], [9, 2, 10, 3], [11, 15, 12, 14], [13, 22, 14, 23], [15, 9, 16, 8], [17, 7, 18, 6], [19, 5, 20, 4], [21, 1, 22, 24]]"
12a_0691_114,"[[21, 1, 22, 24], [23, 12, 24, 13], [1, 10, 2, 11], [3, 21, 4, 20], [5, 19, 6, 18], [7, 17, 8, 16], [9, 2, 10, 3], [11, 15, 12, 14], [13, 22, 14, 23], [15, 9, 16, 8], [17, 7, 18, 6], [19, 5, 20, 4]]"
12a_0691_115,"[[19, 5, 20, 4], [21, 1, 22, 24], [23, 12, 24, 13], [1, 10, 2, 11], [3, 21, 4, 20], [5, 19, 6, 18], [7, 17, 8, 16], [9, 2, 10, 3], [11, 15, 12, 14], [13, 22, 14, 23], [15, 9, 16, 8], [17, 7, 18, 6]]"
12a_0691_116,"[[17, 7, 18, 6], [19, 5, 20, 4], [21, 1, 22, 24], [23, 12, 24, 13], [1, 10, 2, 11], [3, 21, 4, 20], [5, 19, 6, 18], [7, 17, 8, 16], [9, 2, 10, 3], [11, 15, 12, 14], [13, 22, 14, 23], [15, 9, 16, 8]]"
12a_0691_117,"[[15, 9, 16, 8], [17, 7, 18, 6], [19, 5, 20, 4], [21, 1, 22, 24], [23, 12, 24, 13], [1, 10, 2, 11], [3, 21, 4, 20], [5, 19, 6, 18], [7, 17, 8, 16], [9, 2, 10, 3], [11, 15, 12, 14], [13, 22, 14, 23]]"
12a_0691_118,"[[13, 22, 14, 23], [15, 9, 16, 8], [17, 7, 18, 6], [19, 5, 20, 4], [21, 1, 22, 24], [23, 12, 24, 13], [1, 10, 2, 11], [3, 21, 4, 20], [5, 19, 6, 18], [7, 17, 8, 16], [9, 2, 10, 3], [11, 15, 12, 14]]"
12a_0691_119,"[[11, 15, 12, 14], [13, 22, 14, 23], [15, 9, 16, 8], [17, 7, 18, 6], [19, 5, 20, 4], [21, 1, 22, 24], [23, 12, 24, 13], [1, 10, 2, 11], [3, 21, 4, 20], [5, 19, 6, 18], [7, 17, 8, 16], [9, 2, 10, 3]]"
12a_0691_120,"[[10, 3, 11, 4], [12, 16, 13, 15], [14, 23, 15, 24], [16, 10, 17, 9], [18, 8, 19, 7], [20, 6, 21, 5], [22, 2, 23, 1], [24, 13, 1, 14], [2, 11, 3, 12], [4, 22, 5, 21], [6, 20, 7, 19], [8, 18, 9, 17]]"
12a_0691_121,"[[8, 18, 9, 17], [10, 3, 11, 4], [12, 16, 13, 15], [14, 23, 15, 24], [16, 10, 17, 9], [18, 8, 19, 7], [20, 6, 21, 5], [22, 2, 23, 1], [24, 13, 1, 14], [2, 11, 3, 12], [4, 22, 5, 21], [6, 20, 7, 19]]"
12a_0691_122,"[[6, 20, 7, 19], [8, 18, 9, 17], [10, 3, 11, 4], [12, 16, 13, 15], [14, 23, 15, 24], [16, 10, 17, 9], [18, 8, 19, 7], [20, 6, 21, 5], [22, 2, 23, 1], [24, 13, 1, 14], [2, 11, 3, 12], [4, 22, 5, 21]]"
12a_0691_123,"[[4, 22, 5, 21], [6, 20, 7, 19], [8, 18, 9, 17], [10, 3, 11, 4], [12, 16, 13, 15], [14, 23, 15, 24], [16, 10, 17, 9], [18, 8, 19, 7], [20, 6, 21, 5], [22, 2, 23, 1], [24, 13, 1, 14], [2, 11, 3, 12]]"
12a_0691_124,"[[2, 11, 3, 12], [4, 22, 5, 21], [6, 20, 7, 19], [8, 18, 9, 17], [10, 3, 11, 4], [12, 16, 13, 15], [14, 23, 15, 24], [16, 10, 17, 9], [18, 8, 19, 7], [20, 6, 21, 5], [22, 2, 23, 1], [24, 13, 1, 14]]"
12a_0691_125,"[[24, 13, 1, 14], [2, 11, 3, 12], [4, 22, 5, 21], [6, 20, 7, 19], [8, 18, 9, 17], [10, 3, 11, 4], [12, 16, 13, 15], [14, 23, 15, 24], [16, 10, 17, 9], [18, 8, 19, 7], [20, 6, 21, 5], [22, 2, 23, 1]]"
12a_0691_126,"[[22, 2, 23, 1], [24, 13, 1, 14], [2, 11, 3, 12], [4, 22, 5, 21], [6, 20, 7, 19], [8, 18, 9, 17], [10, 3, 11, 4], [12, 16, 13, 15], [14, 23, 15, 24], [16, 10, 17, 9], [18, 8, 19, 7], [20, 6, 21, 5]]"
12a_0691_127,"[[20, 6, 21, 5], [22, 2, 23, 1], [24, 13, 1, 14], [2, 11, 3, 12], [4, 22, 5, 21], [6, 20, 7, 19], [8, 18, 9, 17], [10, 3, 11, 4], [12, 16, 13, 15], [14, 23, 15, 24], [16, 10, 17, 9], [18, 8, 19, 7]]"
12a_0691_128,"[[18, 8, 19, 7], [20, 6, 21, 5], [22, 2, 23, 1], [24, 13, 1, 14], [2, 11, 3, 12], [4, 22, 5, 21], [6, 20, 7, 19], [8, 18, 9, 17], [10, 3, 11, 4], [12, 16, 13, 15], [14, 23, 15, 24], [16, 10, 17, 9]]"
12a_0691_129,"[[16, 10, 17, 9], [18, 8, 19, 7], [20, 6, 21, 5], [22, 2, 23, 1], [24, 13, 1, 14], [2, 11, 3, 12], [4, 22, 5, 21], [6, 20, 7, 19], [8, 18, 9, 17], [10, 3, 11, 4], [12, 16, 13, 15], [14, 23, 15, 24]]"
12a_0691_130,"[[14, 23, 15, 24], [16, 10, 17, 9], [18, 8, 19, 7], [20, 6, 21, 5], [22, 2, 23, 1], [24, 13, 1, 14], [2, 11, 3, 12], [4, 22, 5, 21], [6, 20, 7, 19], [8, 18, 9, 17], [10, 3, 11, 4], [12, 16, 13, 15]]"
12a_0691_131,"[[12, 16, 13, 15], [14, 23, 15, 24], [16, 10, 17, 9], [18, 8, 19, 7], [20, 6, 21, 5], [22, 2, 23, 1], [24, 13, 1, 14], [2, 11, 3, 12], [4, 22, 5, 21], [6, 20, 7, 19], [8, 18, 9, 17], [10, 3, 11, 4]]"
12a_0691_132,"[[11, 4, 12, 5], [13, 17, 14, 16], [15, 24, 16, 1], [17, 11, 18, 10], [19, 9, 20, 8], [21, 7, 22, 6], [23, 3, 24, 2], [1, 14, 2, 15], [3, 12, 4, 13], [5, 23, 6, 22], [7, 21, 8, 20], [9, 19, 10, 18]]"
12a_0691_133,"[[9, 19, 10, 18], [11, 4, 12, 5], [13, 17, 14, 16], [15, 24, 16, 1], [17, 11, 18, 10], [19, 9, 20, 8], [21, 7, 22, 6], [23, 3, 24, 2], [1, 14, 2, 15], [3, 12, 4, 13], [5, 23, 6, 22], [7, 21, 8, 20]]"
12a_0691_134,"[[7, 21, 8, 20], [9, 19, 10, 18], [11, 4, 12, 5], [13, 17, 14, 16], [15, 24, 16, 1], [17, 11, 18, 10], [19, 9, 20, 8], [21, 7, 22, 6], [23, 3, 24, 2], [1, 14, 2, 15], [3, 12, 4, 13], [5, 23, 6, 22]]"
12a_0691_135,"[[5, 23, 6, 22], [7, 21, 8, 20], [9, 19, 10, 18], [11, 4, 12, 5], [13, 17, 14, 16], [15, 24, 16, 1], [17, 11, 18, 10], [19, 9, 20, 8], [21, 7, 22, 6], [23, 3, 24, 2], [1, 14, 2, 15], [3, 12, 4, 13]]"
12a_0691_136,"[[3, 12, 4, 13], [5, 23, 6, 22], [7, 21, 8, 20], [9, 19, 10, 18], [11, 4, 12, 5], [13, 17, 14, 16], [15, 24, 16, 1], [17, 11, 18, 10], [19, 9, 20, 8], [21, 7, 22, 6], [23, 3, 24, 2], [1, 14, 2, 15]]"
12a_0691_137,"[[1, 14, 2, 15], [3, 12, 4, 13], [5, 23, 6, 22], [7, 21, 8, 20], [9, 19, 10, 18], [11, 4, 12, 5], [13, 17, 14, 16], [15, 24, 16, 1], [17, 11, 18, 10], [19, 9, 20, 8], [21, 7, 22, 6], [23, 3, 24, 2]]"
12a_0691_138,"[[23, 3, 24, 2], [1, 14, 2, 15], [3, 12, 4, 13], [5, 23, 6, 22], [7, 21, 8, 20], [9, 19, 10, 18], [11, 4, 12, 5], [13, 17, 14, 16], [15, 24, 16, 1], [17, 11, 18, 10], [19, 9, 20, 8], [21, 7, 22, 6]]"
12a_0691_139,"[[21, 7, 22, 6], [23, 3, 24, 2], [1, 14, 2, 15], [3, 12, 4, 13], [5, 23, 6, 22], [7, 21, 8, 20], [9, 19, 10, 18], [11, 4, 12, 5], [13, 17, 14, 16], [15, 24, 16, 1], [17, 11, 18, 10], [19, 9, 20, 8]]"
12a_0691_140,"[[19, 9, 20, 8], [21, 7, 22, 6], [23, 3, 24, 2], [1, 14, 2, 15], [3, 12, 4, 13], [5, 23, 6, 22], [7, 21, 8, 20], [9, 19, 10, 18], [11, 4, 12, 5], [13, 17, 14, 16], [15, 24, 16, 1], [17, 11, 18, 10]]"
12a_0691_141,"[[17, 11, 18, 10], [19, 9, 20, 8], [21, 7, 22, 6], [23, 3, 24, 2], [1, 14, 2, 15], [3, 12, 4, 13], [5, 23, 6, 22], [7, 21, 8, 20], [9, 19, 10, 18], [11, 4, 12, 5], [13, 17, 14, 16], [15, 24, 16, 1]]"
12a_0691_142,"[[15, 24, 16, 1], [17, 11, 18, 10], [19, 9, 20, 8], [21, 7, 22, 6], [23, 3, 24, 2], [1, 14, 2, 15], [3, 12, 4, 13], [5, 23, 6, 22], [7, 21, 8, 20], [9, 19, 10, 18], [11, 4, 12, 5], [13, 17, 14, 16]]"
12a_0691_143,"[[13, 17, 14, 16], [15, 24, 16, 1], [17, 11, 18, 10], [19, 9, 20, 8], [21, 7, 22, 6], [23, 3, 24, 2], [1, 14, 2, 15], [3, 12, 4, 13], [5, 23, 6, 22], [7, 21, 8, 20], [9, 19, 10, 18], [11, 4, 12, 5]]"
12a_0691_144,"[[12, 5, 13, 6], [14, 18, 15, 17], [16, 1, 17, 2], [18, 12, 19, 11], [20, 10, 21, 9], [22, 8, 23, 7], [24, 4, 1, 3], [2, 15, 3, 16], [4, 13, 5, 14], [6, 24, 7, 23], [8, 22, 9, 21], [10, 20, 11, 19]]"
12a_0691_145,"[[10, 20, 11, 19], [12, 5, 13, 6], [14, 18, 15, 17], [16, 1, 17, 2], [18, 12, 19, 11], [20, 10, 21, 9], [22, 8, 23, 7], [24, 4, 1, 3], [2, 15, 3, 16], [4, 13, 5, 14], [6, 24, 7, 23], [8, 22, 9, 21]]"
12a_0691_146,"[[8, 22, 9, 21], [10, 20, 11, 19], [12, 5, 13, 6], [14, 18, 15, 17], [16, 1, 17, 2], [18, 12, 19, 11], [20, 10, 21, 9], [22, 8, 23, 7], [24, 4, 1, 3], [2, 15, 3, 16], [4, 13, 5, 14], [6, 24, 7, 23]]"
12a_0691_147,"[[6, 24, 7, 23], [8, 22, 9, 21], [10, 20, 11, 19], [12, 5, 13, 6], [14, 18, 15, 17], [16, 1, 17, 2], [18, 12, 19, 11], [20, 10, 21, 9], [22, 8, 23, 7], [24, 4, 1, 3], [2, 15, 3, 16], [4, 13, 5, 14]]"
12a_0691_148,"[[4, 13, 5, 14], [6, 24, 7, 23], [8, 22, 9, 21], [10, 20, 11, 19], [12, 5, 13, 6], [14, 18, 15, 17], [16, 1, 17, 2], [18, 12, 19, 11], [20, 10, 21, 9], [22, 8, 23, 7], [24, 4, 1, 3], [2, 15, 3, 16]]"
12a_0691_149,"[[2, 15, 3, 16], [4, 13, 5, 14], [6, 24, 7, 23], [8, 22, 9, 21], [10, 20, 11, 19], [12, 5, 13, 6], [14, 18, 15, 17], [16, 1, 17, 2], [18, 12, 19, 11], [20, 10, 21, 9], [22, 8, 23, 7], [24, 4, 1, 3]]"
12a_0691_150,"[[24, 4, 1, 3], [2, 15, 3, 16], [4, 13, 5, 14], [6, 24, 7, 23], [8, 22, 9, 21], [10, 20, 11, 19], [12, 5, 13, 6], [14, 18, 15, 17], [16, 1, 17, 2], [18, 12, 19, 11], [20, 10, 21, 9], [22, 8, 23, 7]]"
12a_0691_151,"[[22, 8, 23, 7], [24, 4, 1, 3], [2, 15, 3, 16], [4, 13, 5, 14], [6, 24, 7, 23], [8, 22, 9, 21], [10, 20, 11, 19], [12, 5, 13, 6], [14, 18, 15, 17], [16, 1, 17, 2], [18, 12, 19, 11], [20, 10, 21, 9]]"
12a_0691_152,"[[20, 10, 21, 9], [22, 8, 23, 7], [24, 4, 1, 3], [2, 15, 3, 16], [4, 13, 5, 14], [6, 24, 7, 23], [8, 22, 9, 21], [10, 20, 11, 19], [12, 5, 13, 6], [14, 18, 15, 17], [16, 1, 17, 2], [18, 12, 19, 11]]"
12a_0691_153,"[[18, 12, 19, 11], [20, 10, 21, 9], [22, 8, 23, 7], [24, 4, 1, 3], [2, 15, 3, 16], [4, 13, 5, 14], [6, 24, 7, 23], [8, 22, 9, 21], [10, 20, 11, 19], [12, 5, 13, 6], [14, 18, 15, 17], [16, 1, 17, 2]]"
12a_0691_154,"[[16, 1, 17, 2], [18, 12, 19, 11], [20, 10, 21, 9], [22, 8, 23, 7], [24, 4, 1, 3], [2, 15, 3, 16], [4, 13, 5, 14], [6, 24, 7, 23], [8, 22, 9, 21], [10, 20, 11, 19], [12, 5, 13, 6], [14, 18, 15, 17]]"
12a_0691_155,"[[14, 18, 15, 17], [16, 1, 17, 2], [18, 12, 19, 11], [20, 10, 21, 9], [22, 8, 23, 7], [24, 4, 1, 3], [2, 15, 3, 16], [4, 13, 5, 14], [6, 24, 7, 23], [8, 22, 9, 21], [10, 20, 11, 19], [12, 5, 13, 6]]"
12a_0691_156,"[[13, 6, 14, 7], [15, 19, 16, 18], [17, 2, 18, 3], [19, 13, 20, 12], [21, 11, 22, 10], [23, 9, 24, 8], [1, 5, 2, 4], [3, 16, 4, 17], [5, 14, 6, 15], [7, 1, 8, 24], [9, 23, 10, 22], [11, 21, 12, 20]]"
12a_0691_157,"[[11, 21, 12, 20], [13, 6, 14, 7], [15, 19, 16, 18], [17, 2, 18, 3], [19, 13, 20, 12], [21, 11, 22, 10], [23, 9, 24, 8], [1, 5, 2, 4], [3, 16, 4, 17], [5, 14, 6, 15], [7, 1, 8, 24], [9, 23, 10, 22]]"
12a_0691_158,"[[9, 23, 10, 22], [11, 21, 12, 20], [13, 6, 14, 7], [15, 19, 16, 18], [17, 2, 18, 3], [19, 13, 20, 12], [21, 11, 22, 10], [23, 9, 24, 8], [1, 5, 2, 4], [3, 16, 4, 17], [5, 14, 6, 15], [7, 1, 8, 24]]"
12a_0691_159,"[[7, 1, 8, 24], [9, 23, 10, 22], [11, 21, 12, 20], [13, 6, 14, 7], [15, 19, 16, 18], [17, 2, 18, 3], [19, 13, 20, 12], [21, 11, 22, 10], [23, 9, 24, 8], [1, 5, 2, 4], [3, 16, 4, 17], [5, 14, 6, 15]]"
12a_0691_160,"[[5, 14, 6, 15], [7, 1, 8, 24], [9, 23, 10, 22], [11, 21, 12, 20], [13, 6, 14, 7], [15, 19, 16, 18], [17, 2, 18, 3], [19, 13, 20, 12], [21, 11, 22, 10], [23, 9, 24, 8], [1, 5, 2, 4], [3, 16, 4, 17]]"
12a_0691_161,"[[3, 16, 4, 17], [5, 14, 6, 15], [7, 1, 8, 24], [9, 23, 10, 22], [11, 21, 12, 20], [13, 6, 14, 7], [15, 19, 16, 18], [17, 2, 18, 3], [19, 13, 20, 12], [21, 11, 22, 10], [23, 9, 24, 8], [1, 5, 2, 4]]"
12a_0691_162,"[[1, 5, 2, 4], [3, 16, 4, 17], [5, 14, 6, 15], [7, 1, 8, 24], [9, 23, 10, 22], [11, 21, 12, 20], [13, 6, 14, 7], [15, 19, 16, 18], [17, 2, 18, 3], [19, 13, 20, 12], [21, 11, 22, 10], [23, 9, 24, 8]]"
12a_0691_163,"[[23, 9, 24, 8], [1, 5, 2, 4], [3, 16, 4, 17], [5, 14, 6, 15], [7, 1, 8, 24], [9, 23, 10, 22], [11, 21, 12, 20], [13, 6, 14, 7], [15, 19, 16, 18], [17, 2, 18, 3], [19, 13, 20, 12], [21, 11, 22, 10]]"
12a_0691_164,"[[21, 11, 22, 10], [23, 9, 24, 8], [1, 5, 2, 4], [3, 16, 4, 17], [5, 14, 6, 15], [7, 1, 8, 24], [9, 23, 10, 22], [11, 21, 12, 20], [13, 6, 14, 7], [15, 19, 16, 18], [17, 2, 18, 3], [19, 13, 20, 12]]"
12a_0691_165,"[[19, 13, 20, 12], [21, 11, 22, 10], [23, 9, 24, 8], [1, 5, 2, 4], [3, 16, 4, 17], [5, 14, 6, 15], [7, 1, 8, 24], [9, 23, 10, 22], [11, 21, 12, 20], [13, 6, 14, 7], [15, 19, 16, 18], [17, 2, 18, 3]]"
12a_0691_166,"[[17, 2, 18, 3], [19, 13, 20, 12], [21, 11, 22, 10], [23, 9, 24, 8], [1, 5, 2, 4], [3, 16, 4, 17], [5, 14, 6, 15], [7, 1, 8, 24], [9, 23, 10, 22], [11, 21, 12, 20], [13, 6, 14, 7], [15, 19, 16, 18]]"
12a_0691_167,"[[15, 19, 16, 18], [17, 2, 18, 3], [19, 13, 20, 12], [21, 11, 22, 10], [23, 9, 24, 8], [1, 5, 2, 4], [3, 16, 4, 17], [5, 14, 6, 15], [7, 1, 8, 24], [9, 23, 10, 22], [11, 21, 12, 20], [13, 6, 14, 7]]"
12a_0691_168,"[[14, 7, 15, 8], [16, 20, 17, 19], [18, 3, 19, 4], [20, 14, 21, 13], [22, 12, 23, 11], [24, 10, 1, 9], [2, 6, 3, 5], [4, 17, 5, 18], [6, 15, 7, 16], [8, 2, 9, 1], [10, 24, 11, 23], [12, 22, 13, 21]]"
12a_0691_169,"[[12, 22, 13, 21], [14, 7, 15, 8], [16, 20, 17, 19], [18, 3, 19, 4], [20, 14, 21, 13], [22, 12, 23, 11], [24, 10, 1, 9], [2, 6, 3, 5], [4, 17, 5, 18], [6, 15, 7, 16], [8, 2, 9, 1], [10, 24, 11, 23]]"
12a_0691_170,"[[10, 24, 11, 23], [12, 22, 13, 21], [14, 7, 15, 8], [16, 20, 17, 19], [18, 3, 19, 4], [20, 14, 21, 13], [22, 12, 23, 11], [24, 10, 1, 9], [2, 6, 3, 5], [4, 17, 5, 18], [6, 15, 7, 16], [8, 2, 9, 1]]"
12a_0691_171,"[[8, 2, 9, 1], [10, 24, 11, 23], [12, 22, 13, 21], [14, 7, 15, 8], [16, 20, 17, 19], [18, 3, 19, 4], [20, 14, 21, 13], [22, 12, 23, 11], [24, 10, 1, 9], [2, 6, 3, 5], [4, 17, 5, 18], [6, 15, 7, 16]]"
12a_0691_172,"[[6, 15, 7, 16], [8, 2, 9, 1], [10, 24, 11, 23], [12, 22, 13, 21], [14, 7, 15, 8], [16, 20, 17, 19], [18, 3, 19, 4], [20, 14, 21, 13], [22, 12, 23, 11], [24, 10, 1, 9], [2, 6, 3, 5], [4, 17, 5, 18]]"
12a_0691_173,"[[4, 17, 5, 18], [6, 15, 7, 16], [8, 2, 9, 1], [10, 24, 11, 23], [12, 22, 13, 21], [14, 7, 15, 8], [16, 20, 17, 19], [18, 3, 19, 4], [20, 14, 21, 13], [22, 12, 23, 11], [24, 10, 1, 9], [2, 6, 3, 5]]"
12a_0691_174,"[[2, 6, 3, 5], [4, 17, 5, 18], [6, 15, 7, 16], [8, 2, 9, 1], [10, 24, 11, 23], [12, 22, 13, 21], [14, 7, 15, 8], [16, 20, 17, 19], [18, 3, 19, 4], [20, 14, 21, 13], [22, 12, 23, 11], [24, 10, 1, 9]]"
12a_0691_175,"[[24, 10, 1, 9], [2, 6, 3, 5], [4, 17, 5, 18], [6, 15, 7, 16], [8, 2, 9, 1], [10, 24, 11, 23], [12, 22, 13, 21], [14, 7, 15, 8], [16, 20, 17, 19], [18, 3, 19, 4], [20, 14, 21, 13], [22, 12, 23, 11]]"
12a_0691_176,"[[22, 12, 23, 11], [24, 10, 1, 9], [2, 6, 3, 5], [4, 17, 5, 18], [6, 15, 7, 16], [8, 2, 9, 1], [10, 24, 11, 23], [12, 22, 13, 21], [14, 7, 15, 8], [16, 20, 17, 19], [18, 3, 19, 4], [20, 14, 21, 13]]"
12a_0691_177,"[[20, 14, 21, 13], [22, 12, 23, 11], [24, 10, 1, 9], [2, 6, 3, 5], [4, 17, 5, 18], [6, 15, 7, 16], [8, 2, 9, 1], [10, 24, 11, 23], [12, 22, 13, 21], [14, 7, 15, 8], [16, 20, 17, 19], [18, 3, 19, 4]]"
12a_0691_178,"[[18, 3, 19, 4], [20, 14, 21, 13], [22, 12, 23, 11], [24, 10, 1, 9], [2, 6, 3, 5], [4, 17, 5, 18], [6, 15, 7, 16], [8, 2, 9, 1], [10, 24, 11, 23], [12, 22, 13, 21], [14, 7, 15, 8], [16, 20, 17, 19]]"
12a_0691_179,"[[16, 20, 17, 19], [18, 3, 19, 4], [20, 14, 21, 13], [22, 12, 23, 11], [24, 10, 1, 9], [2, 6, 3, 5], [4, 17, 5, 18], [6, 15, 7, 16], [8, 2, 9, 1], [10, 24, 11, 23], [12, 22, 13, 21], [14, 7, 15, 8]]"
12a_0691_180,"[[15, 8, 16, 9], [17, 21, 18, 20], [19, 4, 20, 5], [21, 15, 22, 14], [23, 13, 24, 12], [1, 11, 2, 10], [3, 7, 4, 6], [5, 18, 6, 19], [7, 16, 8, 17], [9, 3, 10, 2], [11, 1, 12, 24], [13, 23, 14, 22]]"
12a_0691_181,"[[13, 23, 14, 22], [15, 8, 16, 9], [17, 21, 18, 20], [19, 4, 20, 5], [21, 15, 22, 14], [23, 13, 24, 12], [1, 11, 2, 10], [3, 7, 4, 6], [5, 18, 6, 19], [7, 16, 8, 17], [9, 3, 10, 2], [11, 1, 12, 24]]"
12a_0691_182,"[[11, 1, 12, 24], [13, 23, 14, 22], [15, 8, 16, 9], [17, 21, 18, 20], [19, 4, 20, 5], [21, 15, 22, 14], [23, 13, 24, 12], [1, 11, 2, 10], [3, 7, 4, 6], [5, 18, 6, 19], [7, 16, 8, 17], [9, 3, 10, 2]]"
12a_0691_183,"[[9, 3, 10, 2], [11, 1, 12, 24], [13, 23, 14, 22], [15, 8, 16, 9], [17, 21, 18, 20], [19, 4, 20, 5], [21, 15, 22, 14], [23, 13, 24, 12], [1, 11, 2, 10], [3, 7, 4, 6], [5, 18, 6, 19], [7, 16, 8, 17]]"
12a_0691_184,"[[7, 16, 8, 17], [9, 3, 10, 2], [11, 1, 12, 24], [13, 23, 14, 22], [15, 8, 16, 9], [17, 21, 18, 20], [19, 4, 20, 5], [21, 15, 22, 14], [23, 13, 24, 12], [1, 11, 2, 10], [3, 7, 4, 6], [5, 18, 6, 19]]"
12a_0691_185,"[[5, 18, 6, 19], [7, 16, 8, 17], [9, 3, 10, 2], [11, 1, 12, 24], [13, 23, 14, 22], [15, 8, 16, 9], [17, 21, 18, 20], [19, 4, 20, 5], [21, 15, 22, 14], [23, 13, 24, 12], [1, 11, 2, 10], [3, 7, 4, 6]]"
