name,pd_notation
12a_0716_0,"[[24, 13, 1, 14], [2, 6, 3, 5], [4, 16, 5, 15], [6, 17, 7, 18], [8, 19, 9, 20], [10, 21, 11, 22], [12, 23, 13, 24], [14, 4, 15, 3], [16, 1, 17, 2], [18, 7, 19, 8], [20, 9, 21, 10], [22, 11, 23, 12]]"
12a_0716_1,"[[22, 11, 23, 12], [24, 13, 1, 14], [2, 6, 3, 5], [4, 16, 5, 15], [6, 17, 7, 18], [8, 19, 9, 20], [10, 21, 11, 22], [12, 23, 13, 24], [14, 4, 15, 3], [16, 1, 17, 2], [18, 7, 19, 8], [20, 9, 21, 10]]"
12a_0716_2,"[[20, 9, 21, 10], [22, 11, 23, 12], [24, 13, 1, 14], [2, 6, 3, 5], [4, 16, 5, 15], [6, 17, 7, 18], [8, 19, 9, 20], [10, 21, 11, 22], [12, 23, 13, 24], [14, 4, 15, 3], [16, 1, 17, 2], [18, 7, 19, 8]]"
12a_0716_3,"[[18, 7, 19, 8], [20, 9, 21, 10], [22, 11, 23, 12], [24, 13, 1, 14], [2, 6, 3, 5], [4, 16, 5, 15], [6, 17, 7, 18], [8, 19, 9, 20], [10, 21, 11, 22], [12, 23, 13, 24], [14, 4, 15, 3], [16, 1, 17, 2]]"
12a_0716_4,"[[16, 1, 17, 2], [18, 7, 19, 8], [20, 9, 21, 10], [22, 11, 23, 12], [24, 13, 1, 14], [2, 6, 3, 5], [4, 16, 5, 15], [6, 17, 7, 18], [8, 19, 9, 20], [10, 21, 11, 22], [12, 23, 13, 24], [14, 4, 15, 3]]"
12a_0716_5,"[[14, 4, 15, 3], [16, 1, 17, 2], [18, 7, 19, 8], [20, 9, 21, 10], [22, 11, 23, 12], [24, 13, 1, 14], [2, 6, 3, 5], [4, 16, 5, 15], [6, 17, 7, 18], [8, 19, 9, 20], [10, 21, 11, 22], [12, 23, 13, 24]]"
12a_0716_6,"[[12, 23, 13, 24], [14, 4, 15, 3], [16, 1, 17, 2], [18, 7, 19, 8], [20, 9, 21, 10], [22, 11, 23, 12], [24, 13, 1, 14], [2, 6, 3, 5], [4, 16, 5, 15], [6, 17, 7, 18], [8, 19, 9, 20], [10, 21, 11, 22]]"
12a_0716_7,"[[10, 21, 11, 22], [12, 23, 13, 24], [14, 4, 15, 3], [16, 1, 17, 2], [18, 7, 19, 8], [20, 9, 21, 10], [22, 11, 23, 12], [24, 13, 1, 14], [2, 6, 3, 5], [4, 16, 5, 15], [6, 17, 7, 18], [8, 19, 9, 20]]"
12a_0716_8,"[[8, 19, 9, 20], [10, 21, 11, 22], [12, 23, 13, 24], [14, 4, 15, 3], [16, 1, 17, 2], [18, 7, 19, 8], [20, 9, 21, 10], [22, 11, 23, 12], [24, 13, 1, 14], [2, 6, 3, 5], [4, 16, 5, 15], [6, 17, 7, 18]]"
12a_0716_9,"[[6, 17, 7, 18], [8, 19, 9, 20], [10, 21, 11, 22], [12, 23, 13, 24], [14, 4, 15, 3], [16, 1, 17, 2], [18, 7, 19, 8], [20, 9, 21, 10], [22, 11, 23, 12], [24, 13, 1, 14], [2, 6, 3, 5], [4, 16, 5, 15]]"
12a_0716_10,"[[4, 16, 5, 15], [6, 17, 7, 18], [8, 19, 9, 20], [10, 21, 11, 22], [12, 23, 13, 24], [14, 4, 15, 3], [16, 1, 17, 2], [18, 7, 19, 8], [20, 9, 21, 10], [22, 11, 23, 12], [24, 13, 1, 14], [2, 6, 3, 5]]"
12a_0716_11,"[[2, 6, 3, 5], [4, 16, 5, 15], [6, 17, 7, 18], [8, 19, 9, 20], [10, 21, 11, 22], [12, 23, 13, 24], [14, 4, 15, 3], [16, 1, 17, 2], [18, 7, 19, 8], [20, 9, 21, 10], [22, 11, 23, 12], [24, 13, 1, 14]]"
12a_0716_12,"[[1, 14, 2, 15], [3, 7, 4, 6], [5, 17, 6, 16], [7, 18, 8, 19], [9, 20, 10, 21], [11, 22, 12, 23], [13, 24, 14, 1], [15, 5, 16, 4], [17, 2, 18, 3], [19, 8, 20, 9], [21, 10, 22, 11], [23, 12, 24, 13]]"
12a_0716_13,"[[23, 12, 24, 13], [1, 14, 2, 15], [3, 7, 4, 6], [5, 17, 6, 16], [7, 18, 8, 19], [9, 20, 10, 21], [11, 22, 12, 23], [13, 24, 14, 1], [15, 5, 16, 4], [17, 2, 18, 3], [19, 8, 20, 9], [21, 10, 22, 11]]"
12a_0716_14,"[[21, 10, 22, 11], [23, 12, 24, 13], [1, 14, 2, 15], [3, 7, 4, 6], [5, 17, 6, 16], [7, 18, 8, 19], [9, 20, 10, 21], [11, 22, 12, 23], [13, 24, 14, 1], [15, 5, 16, 4], [17, 2, 18, 3], [19, 8, 20, 9]]"
12a_0716_15,"[[19, 8, 20, 9], [21, 10, 22, 11], [23, 12, 24, 13], [1, 14, 2, 15], [3, 7, 4, 6], [5, 17, 6, 16], [7, 18, 8, 19], [9, 20, 10, 21], [11, 22, 12, 23], [13, 24, 14, 1], [15, 5, 16, 4], [17, 2, 18, 3]]"
12a_0716_16,"[[17, 2, 18, 3], [19, 8, 20, 9], [21, 10, 22, 11], [23, 12, 24, 13], [1, 14, 2, 15], [3, 7, 4, 6], [5, 17, 6, 16], [7, 18, 8, 19], [9, 20, 10, 21], [11, 22, 12, 23], [13, 24, 14, 1], [15, 5, 16, 4]]"
12a_0716_17,"[[15, 5, 16, 4], [17, 2, 18, 3], [19, 8, 20, 9], [21, 10, 22, 11], [23, 12, 24, 13], [1, 14, 2, 15], [3, 7, 4, 6], [5, 17, 6, 16], [7, 18, 8, 19], [9, 20, 10, 21], [11, 22, 12, 23], [13, 24, 14, 1]]"
12a_0716_18,"[[13, 24, 14, 1], [15, 5, 16, 4], [17, 2, 18, 3], [19, 8, 20, 9], [21, 10, 22, 11], [23, 12, 24, 13], [1, 14, 2, 15], [3, 7, 4, 6], [5, 17, 6, 16], [7, 18, 8, 19], [9, 20, 10, 21], [11, 22, 12, 23]]"
12a_0716_19,"[[11, 22, 12, 23], [13, 24, 14, 1], [15, 5, 16, 4], [17, 2, 18, 3], [19, 8, 20, 9], [21, 10, 22, 11], [23, 12, 24, 13], [1, 14, 2, 15], [3, 7, 4, 6], [5, 17, 6, 16], [7, 18, 8, 19], [9, 20, 10, 21]]"
12a_0716_20,"[[9, 20, 10, 21], [11, 22, 12, 23], [13, 24, 14, 1], [15, 5, 16, 4], [17, 2, 18, 3], [19, 8, 20, 9], [21, 10, 22, 11], [23, 12, 24, 13], [1, 14, 2, 15], [3, 7, 4, 6], [5, 17, 6, 16], [7, 18, 8, 19]]"
12a_0716_21,"[[7, 18, 8, 19], [9, 20, 10, 21], [11, 22, 12, 23], [13, 24, 14, 1], [15, 5, 16, 4], [17, 2, 18, 3], [19, 8, 20, 9], [21, 10, 22, 11], [23, 12, 24, 13], [1, 14, 2, 15], [3, 7, 4, 6], [5, 17, 6, 16]]"
12a_0716_22,"[[5, 17, 6, 16], [7, 18, 8, 19], [9, 20, 10, 21], [11, 22, 12, 23], [13, 24, 14, 1], [15, 5, 16, 4], [17, 2, 18, 3], [19, 8, 20, 9], [21, 10, 22, 11], [23, 12, 24, 13], [1, 14, 2, 15], [3, 7, 4, 6]]"
12a_0716_23,"[[3, 7, 4, 6], [5, 17, 6, 16], [7, 18, 8, 19], [9, 20, 10, 21], [11, 22, 12, 23], [13, 24, 14, 1], [15, 5, 16, 4], [17, 2, 18, 3], [19, 8, 20, 9], [21, 10, 22, 11], [23, 12, 24, 13], [1, 14, 2, 15]]"
12a_0716_24,"[[2, 15, 3, 16], [4, 8, 5, 7], [6, 18, 7, 17], [8, 19, 9, 20], [10, 21, 11, 22], [12, 23, 13, 24], [14, 1, 15, 2], [16, 6, 17, 5], [18, 3, 19, 4], [20, 9, 21, 10], [22, 11, 23, 12], [24, 13, 1, 14]]"
12a_0716_25,"[[24, 13, 1, 14], [2, 15, 3, 16], [4, 8, 5, 7], [6, 18, 7, 17], [8, 19, 9, 20], [10, 21, 11, 22], [12, 23, 13, 24], [14, 1, 15, 2], [16, 6, 17, 5], [18, 3, 19, 4], [20, 9, 21, 10], [22, 11, 23, 12]]"
12a_0716_26,"[[22, 11, 23, 12], [24, 13, 1, 14], [2, 15, 3, 16], [4, 8, 5, 7], [6, 18, 7, 17], [8, 19, 9, 20], [10, 21, 11, 22], [12, 23, 13, 24], [14, 1, 15, 2], [16, 6, 17, 5], [18, 3, 19, 4], [20, 9, 21, 10]]"
12a_0716_27,"[[20, 9, 21, 10], [22, 11, 23, 12], [24, 13, 1, 14], [2, 15, 3, 16], [4, 8, 5, 7], [6, 18, 7, 17], [8, 19, 9, 20], [10, 21, 11, 22], [12, 23, 13, 24], [14, 1, 15, 2], [16, 6, 17, 5], [18, 3, 19, 4]]"
12a_0716_28,"[[18, 3, 19, 4], [20, 9, 21, 10], [22, 11, 23, 12], [24, 13, 1, 14], [2, 15, 3, 16], [4, 8, 5, 7], [6, 18, 7, 17], [8, 19, 9, 20], [10, 21, 11, 22], [12, 23, 13, 24], [14, 1, 15, 2], [16, 6, 17, 5]]"
12a_0716_29,"[[16, 6, 17, 5], [18, 3, 19, 4], [20, 9, 21, 10], [22, 11, 23, 12], [24, 13, 1, 14], [2, 15, 3, 16], [4, 8, 5, 7], [6, 18, 7, 17], [8, 19, 9, 20], [10, 21, 11, 22], [12, 23, 13, 24], [14, 1, 15, 2]]"
12a_0716_30,"[[14, 1, 15, 2], [16, 6, 17, 5], [18, 3, 19, 4], [20, 9, 21, 10], [22, 11, 23, 12], [24, 13, 1, 14], [2, 15, 3, 16], [4, 8, 5, 7], [6, 18, 7, 17], [8, 19, 9, 20], [10, 21, 11, 22], [12, 23, 13, 24]]"
12a_0716_31,"[[12, 23, 13, 24], [14, 1, 15, 2], [16, 6, 17, 5], [18, 3, 19, 4], [20, 9, 21, 10], [22, 11, 23, 12], [24, 13, 1, 14], [2, 15, 3, 16], [4, 8, 5, 7], [6, 18, 7, 17], [8, 19, 9, 20], [10, 21, 11, 22]]"
12a_0716_32,"[[10, 21, 11, 22], [12, 23, 13, 24], [14, 1, 15, 2], [16, 6, 17, 5], [18, 3, 19, 4], [20, 9, 21, 10], [22, 11, 23, 12], [24, 13, 1, 14], [2, 15, 3, 16], [4, 8, 5, 7], [6, 18, 7, 17], [8, 19, 9, 20]]"
12a_0716_33,"[[8, 19, 9, 20], [10, 21, 11, 22], [12, 23, 13, 24], [14, 1, 15, 2], [16, 6, 17, 5], [18, 3, 19, 4], [20, 9, 21, 10], [22, 11, 23, 12], [24, 13, 1, 14], [2, 15, 3, 16], [4, 8, 5, 7], [6, 18, 7, 17]]"
12a_0716_34,"[[6, 18, 7, 17], [8, 19, 9, 20], [10, 21, 11, 22], [12, 23, 13, 24], [14, 1, 15, 2], [16, 6, 17, 5], [18, 3, 19, 4], [20, 9, 21, 10], [22, 11, 23, 12], [24, 13, 1, 14], [2, 15, 3, 16], [4, 8, 5, 7]]"
12a_0716_35,"[[4, 8, 5, 7], [6, 18, 7, 17], [8, 19, 9, 20], [10, 21, 11, 22], [12, 23, 13, 24], [14, 1, 15, 2], [16, 6, 17, 5], [18, 3, 19, 4], [20, 9, 21, 10], [22, 11, 23, 12], [24, 13, 1, 14], [2, 15, 3, 16]]"
12a_0716_36,"[[3, 16, 4, 17], [5, 9, 6, 8], [7, 19, 8, 18], [9, 20, 10, 21], [11, 22, 12, 23], [13, 24, 14, 1], [15, 2, 16, 3], [17, 7, 18, 6], [19, 4, 20, 5], [21, 10, 22, 11], [23, 12, 24, 13], [1, 14, 2, 15]]"
12a_0716_37,"[[1, 14, 2, 15], [3, 16, 4, 17], [5, 9, 6, 8], [7, 19, 8, 18], [9, 20, 10, 21], [11, 22, 12, 23], [13, 24, 14, 1], [15, 2, 16, 3], [17, 7, 18, 6], [19, 4, 20, 5], [21, 10, 22, 11], [23, 12, 24, 13]]"
12a_0716_38,"[[23, 12, 24, 13], [1, 14, 2, 15], [3, 16, 4, 17], [5, 9, 6, 8], [7, 19, 8, 18], [9, 20, 10, 21], [11, 22, 12, 23], [13, 24, 14, 1], [15, 2, 16, 3], [17, 7, 18, 6], [19, 4, 20, 5], [21, 10, 22, 11]]"
12a_0716_39,"[[21, 10, 22, 11], [23, 12, 24, 13], [1, 14, 2, 15], [3, 16, 4, 17], [5, 9, 6, 8], [7, 19, 8, 18], [9, 20, 10, 21], [11, 22, 12, 23], [13, 24, 14, 1], [15, 2, 16, 3], [17, 7, 18, 6], [19, 4, 20, 5]]"
12a_0716_40,"[[19, 4, 20, 5], [21, 10, 22, 11], [23, 12, 24, 13], [1, 14, 2, 15], [3, 16, 4, 17], [5, 9, 6, 8], [7, 19, 8, 18], [9, 20, 10, 21], [11, 22, 12, 23], [13, 24, 14, 1], [15, 2, 16, 3], [17, 7, 18, 6]]"
12a_0716_41,"[[17, 7, 18, 6], [19, 4, 20, 5], [21, 10, 22, 11], [23, 12, 24, 13], [1, 14, 2, 15], [3, 16, 4, 17], [5, 9, 6, 8], [7, 19, 8, 18], [9, 20, 10, 21], [11, 22, 12, 23], [13, 24, 14, 1], [15, 2, 16, 3]]"
12a_0716_42,"[[15, 2, 16, 3], [17, 7, 18, 6], [19, 4, 20, 5], [21, 10, 22, 11], [23, 12, 24, 13], [1, 14, 2, 15], [3, 16, 4, 17], [5, 9, 6, 8], [7, 19, 8, 18], [9, 20, 10, 21], [11, 22, 12, 23], [13, 24, 14, 1]]"
12a_0716_43,"[[13, 24, 14, 1], [15, 2, 16, 3], [17, 7, 18, 6], [19, 4, 20, 5], [21, 10, 22, 11], [23, 12, 24, 13], [1, 14, 2, 15], [3, 16, 4, 17], [5, 9, 6, 8], [7, 19, 8, 18], [9, 20, 10, 21], [11, 22, 12, 23]]"
12a_0716_44,"[[11, 22, 12, 23], [13, 24, 14, 1], [15, 2, 16, 3], [17, 7, 18, 6], [19, 4, 20, 5], [21, 10, 22, 11], [23, 12, 24, 13], [1, 14, 2, 15], [3, 16, 4, 17], [5, 9, 6, 8], [7, 19, 8, 18], [9, 20, 10, 21]]"
12a_0716_45,"[[9, 20, 10, 21], [11, 22, 12, 23], [13, 24, 14, 1], [15, 2, 16, 3], [17, 7, 18, 6], [19, 4, 20, 5], [21, 10, 22, 11], [23, 12, 24, 13], [1, 14, 2, 15], [3, 16, 4, 17], [5, 9, 6, 8], [7, 19, 8, 18]]"
12a_0716_46,"[[7, 19, 8, 18], [9, 20, 10, 21], [11, 22, 12, 23], [13, 24, 14, 1], [15, 2, 16, 3], [17, 7, 18, 6], [19, 4, 20, 5], [21, 10, 22, 11], [23, 12, 24, 13], [1, 14, 2, 15], [3, 16, 4, 17], [5, 9, 6, 8]]"
12a_0716_47,"[[5, 9, 6, 8], [7, 19, 8, 18], [9, 20, 10, 21], [11, 22, 12, 23], [13, 24, 14, 1], [15, 2, 16, 3], [17, 7, 18, 6], [19, 4, 20, 5], [21, 10, 22, 11], [23, 12, 24, 13], [1, 14, 2, 15], [3, 16, 4, 17]]"
12a_0716_48,"[[4, 17, 5, 18], [6, 10, 7, 9], [8, 20, 9, 19], [10, 21, 11, 22], [12, 23, 13, 24], [14, 1, 15, 2], [16, 3, 17, 4], [18, 8, 19, 7], [20, 5, 21, 6], [22, 11, 23, 12], [24, 13, 1, 14], [2, 15, 3, 16]]"
12a_0716_49,"[[2, 15, 3, 16], [4, 17, 5, 18], [6, 10, 7, 9], [8, 20, 9, 19], [10, 21, 11, 22], [12, 23, 13, 24], [14, 1, 15, 2], [16, 3, 17, 4], [18, 8, 19, 7], [20, 5, 21, 6], [22, 11, 23, 12], [24, 13, 1, 14]]"
12a_0716_50,"[[24, 13, 1, 14], [2, 15, 3, 16], [4, 17, 5, 18], [6, 10, 7, 9], [8, 20, 9, 19], [10, 21, 11, 22], [12, 23, 13, 24], [14, 1, 15, 2], [16, 3, 17, 4], [18, 8, 19, 7], [20, 5, 21, 6], [22, 11, 23, 12]]"
12a_0716_51,"[[22, 11, 23, 12], [24, 13, 1, 14], [2, 15, 3, 16], [4, 17, 5, 18], [6, 10, 7, 9], [8, 20, 9, 19], [10, 21, 11, 22], [12, 23, 13, 24], [14, 1, 15, 2], [16, 3, 17, 4], [18, 8, 19, 7], [20, 5, 21, 6]]"
12a_0716_52,"[[20, 5, 21, 6], [22, 11, 23, 12], [24, 13, 1, 14], [2, 15, 3, 16], [4, 17, 5, 18], [6, 10, 7, 9], [8, 20, 9, 19], [10, 21, 11, 22], [12, 23, 13, 24], [14, 1, 15, 2], [16, 3, 17, 4], [18, 8, 19, 7]]"
12a_0716_53,"[[18, 8, 19, 7], [20, 5, 21, 6], [22, 11, 23, 12], [24, 13, 1, 14], [2, 15, 3, 16], [4, 17, 5, 18], [6, 10, 7, 9], [8, 20, 9, 19], [10, 21, 11, 22], [12, 23, 13, 24], [14, 1, 15, 2], [16, 3, 17, 4]]"
12a_0716_54,"[[16, 3, 17, 4], [18, 8, 19, 7], [20, 5, 21, 6], [22, 11, 23, 12], [24, 13, 1, 14], [2, 15, 3, 16], [4, 17, 5, 18], [6, 10, 7, 9], [8, 20, 9, 19], [10, 21, 11, 22], [12, 23, 13, 24], [14, 1, 15, 2]]"
12a_0716_55,"[[14, 1, 15, 2], [16, 3, 17, 4], [18, 8, 19, 7], [20, 5, 21, 6], [22, 11, 23, 12], [24, 13, 1, 14], [2, 15, 3, 16], [4, 17, 5, 18], [6, 10, 7, 9], [8, 20, 9, 19], [10, 21, 11, 22], [12, 23, 13, 24]]"
12a_0716_56,"[[12, 23, 13, 24], [14, 1, 15, 2], [16, 3, 17, 4], [18, 8, 19, 7], [20, 5, 21, 6], [22, 11, 23, 12], [24, 13, 1, 14], [2, 15, 3, 16], [4, 17, 5, 18], [6, 10, 7, 9], [8, 20, 9, 19], [10, 21, 11, 22]]"
12a_0716_57,"[[10, 21, 11, 22], [12, 23, 13, 24], [14, 1, 15, 2], [16, 3, 17, 4], [18, 8, 19, 7], [20, 5, 21, 6], [22, 11, 23, 12], [24, 13, 1, 14], [2, 15, 3, 16], [4, 17, 5, 18], [6, 10, 7, 9], [8, 20, 9, 19]]"
12a_0716_58,"[[8, 20, 9, 19], [10, 21, 11, 22], [12, 23, 13, 24], [14, 1, 15, 2], [16, 3, 17, 4], [18, 8, 19, 7], [20, 5, 21, 6], [22, 11, 23, 12], [24, 13, 1, 14], [2, 15, 3, 16], [4, 17, 5, 18], [6, 10, 7, 9]]"
12a_0716_59,"[[6, 10, 7, 9], [8, 20, 9, 19], [10, 21, 11, 22], [12, 23, 13, 24], [14, 1, 15, 2], [16, 3, 17, 4], [18, 8, 19, 7], [20, 5, 21, 6], [22, 11, 23, 12], [24, 13, 1, 14], [2, 15, 3, 16], [4, 17, 5, 18]]"
12a_0716_60,"[[5, 18, 6, 19], [7, 11, 8, 10], [9, 21, 10, 20], [11, 22, 12, 23], [13, 24, 14, 1], [15, 2, 16, 3], [17, 4, 18, 5], [19, 9, 20, 8], [21, 6, 22, 7], [23, 12, 24, 13], [1, 14, 2, 15], [3, 16, 4, 17]]"
12a_0716_61,"[[3, 16, 4, 17], [5, 18, 6, 19], [7, 11, 8, 10], [9, 21, 10, 20], [11, 22, 12, 23], [13, 24, 14, 1], [15, 2, 16, 3], [17, 4, 18, 5], [19, 9, 20, 8], [21, 6, 22, 7], [23, 12, 24, 13], [1, 14, 2, 15]]"
12a_0716_62,"[[1, 14, 2, 15], [3, 16, 4, 17], [5, 18, 6, 19], [7, 11, 8, 10], [9, 21, 10, 20], [11, 22, 12, 23], [13, 24, 14, 1], [15, 2, 16, 3], [17, 4, 18, 5], [19, 9, 20, 8], [21, 6, 22, 7], [23, 12, 24, 13]]"
12a_0716_63,"[[23, 12, 24, 13], [1, 14, 2, 15], [3, 16, 4, 17], [5, 18, 6, 19], [7, 11, 8, 10], [9, 21, 10, 20], [11, 22, 12, 23], [13, 24, 14, 1], [15, 2, 16, 3], [17, 4, 18, 5], [19, 9, 20, 8], [21, 6, 22, 7]]"
12a_0716_64,"[[21, 6, 22, 7], [23, 12, 24, 13], [1, 14, 2, 15], [3, 16, 4, 17], [5, 18, 6, 19], [7, 11, 8, 10], [9, 21, 10, 20], [11, 22, 12, 23], [13, 24, 14, 1], [15, 2, 16, 3], [17, 4, 18, 5], [19, 9, 20, 8]]"
12a_0716_65,"[[19, 9, 20, 8], [21, 6, 22, 7], [23, 12, 24, 13], [1, 14, 2, 15], [3, 16, 4, 17], [5, 18, 6, 19], [7, 11, 8, 10], [9, 21, 10, 20], [11, 22, 12, 23], [13, 24, 14, 1], [15, 2, 16, 3], [17, 4, 18, 5]]"
12a_0716_66,"[[17, 4, 18, 5], [19, 9, 20, 8], [21, 6, 22, 7], [23, 12, 24, 13], [1, 14, 2, 15], [3, 16, 4, 17], [5, 18, 6, 19], [7, 11, 8, 10], [9, 21, 10, 20], [11, 22, 12, 23], [13, 24, 14, 1], [15, 2, 16, 3]]"
12a_0716_67,"[[15, 2, 16, 3], [17, 4, 18, 5], [19, 9, 20, 8], [21, 6, 22, 7], [23, 12, 24, 13], [1, 14, 2, 15], [3, 16, 4, 17], [5, 18, 6, 19], [7, 11, 8, 10], [9, 21, 10, 20], [11, 22, 12, 23], [13, 24, 14, 1]]"
12a_0716_68,"[[13, 24, 14, 1], [15, 2, 16, 3], [17, 4, 18, 5], [19, 9, 20, 8], [21, 6, 22, 7], [23, 12, 24, 13], [1, 14, 2, 15], [3, 16, 4, 17], [5, 18, 6, 19], [7, 11, 8, 10], [9, 21, 10, 20], [11, 22, 12, 23]]"
12a_0716_69,"[[11, 22, 12, 23], [13, 24, 14, 1], [15, 2, 16, 3], [17, 4, 18, 5], [19, 9, 20, 8], [21, 6, 22, 7], [23, 12, 24, 13], [1, 14, 2, 15], [3, 16, 4, 17], [5, 18, 6, 19], [7, 11, 8, 10], [9, 21, 10, 20]]"
12a_0716_70,"[[9, 21, 10, 20], [11, 22, 12, 23], [13, 24, 14, 1], [15, 2, 16, 3], [17, 4, 18, 5], [19, 9, 20, 8], [21, 6, 22, 7], [23, 12, 24, 13], [1, 14, 2, 15], [3, 16, 4, 17], [5, 18, 6, 19], [7, 11, 8, 10]]"
12a_0716_71,"[[7, 11, 8, 10], [9, 21, 10, 20], [11, 22, 12, 23], [13, 24, 14, 1], [15, 2, 16, 3], [17, 4, 18, 5], [19, 9, 20, 8], [21, 6, 22, 7], [23, 12, 24, 13], [1, 14, 2, 15], [3, 16, 4, 17], [5, 18, 6, 19]]"
12a_0716_72,"[[6, 19, 7, 20], [8, 12, 9, 11], [10, 22, 11, 21], [12, 23, 13, 24], [14, 1, 15, 2], [16, 3, 17, 4], [18, 5, 19, 6], [20, 10, 21, 9], [22, 7, 23, 8], [24, 13, 1, 14], [2, 15, 3, 16], [4, 17, 5, 18]]"
12a_0716_73,"[[4, 17, 5, 18], [6, 19, 7, 20], [8, 12, 9, 11], [10, 22, 11, 21], [12, 23, 13, 24], [14, 1, 15, 2], [16, 3, 17, 4], [18, 5, 19, 6], [20, 10, 21, 9], [22, 7, 23, 8], [24, 13, 1, 14], [2, 15, 3, 16]]"
12a_0716_74,"[[2, 15, 3, 16], [4, 17, 5, 18], [6, 19, 7, 20], [8, 12, 9, 11], [10, 22, 11, 21], [12, 23, 13, 24], [14, 1, 15, 2], [16, 3, 17, 4], [18, 5, 19, 6], [20, 10, 21, 9], [22, 7, 23, 8], [24, 13, 1, 14]]"
12a_0716_75,"[[24, 13, 1, 14], [2, 15, 3, 16], [4, 17, 5, 18], [6, 19, 7, 20], [8, 12, 9, 11], [10, 22, 11, 21], [12, 23, 13, 24], [14, 1, 15, 2], [16, 3, 17, 4], [18, 5, 19, 6], [20, 10, 21, 9], [22, 7, 23, 8]]"
12a_0716_76,"[[22, 7, 23, 8], [24, 13, 1, 14], [2, 15, 3, 16], [4, 17, 5, 18], [6, 19, 7, 20], [8, 12, 9, 11], [10, 22, 11, 21], [12, 23, 13, 24], [14, 1, 15, 2], [16, 3, 17, 4], [18, 5, 19, 6], [20, 10, 21, 9]]"
12a_0716_77,"[[20, 10, 21, 9], [22, 7, 23, 8], [24, 13, 1, 14], [2, 15, 3, 16], [4, 17, 5, 18], [6, 19, 7, 20], [8, 12, 9, 11], [10, 22, 11, 21], [12, 23, 13, 24], [14, 1, 15, 2], [16, 3, 17, 4], [18, 5, 19, 6]]"
12a_0716_78,"[[18, 5, 19, 6], [20, 10, 21, 9], [22, 7, 23, 8], [24, 13, 1, 14], [2, 15, 3, 16], [4, 17, 5, 18], [6, 19, 7, 20], [8, 12, 9, 11], [10, 22, 11, 21], [12, 23, 13, 24], [14, 1, 15, 2], [16, 3, 17, 4]]"
12a_0716_79,"[[16, 3, 17, 4], [18, 5, 19, 6], [20, 10, 21, 9], [22, 7, 23, 8], [24, 13, 1, 14], [2, 15, 3, 16], [4, 17, 5, 18], [6, 19, 7, 20], [8, 12, 9, 11], [10, 22, 11, 21], [12, 23, 13, 24], [14, 1, 15, 2]]"
12a_0716_80,"[[14, 1, 15, 2], [16, 3, 17, 4], [18, 5, 19, 6], [20, 10, 21, 9], [22, 7, 23, 8], [24, 13, 1, 14], [2, 15, 3, 16], [4, 17, 5, 18], [6, 19, 7, 20], [8, 12, 9, 11], [10, 22, 11, 21], [12, 23, 13, 24]]"
12a_0716_81,"[[12, 23, 13, 24], [14, 1, 15, 2], [16, 3, 17, 4], [18, 5, 19, 6], [20, 10, 21, 9], [22, 7, 23, 8], [24, 13, 1, 14], [2, 15, 3, 16], [4, 17, 5, 18], [6, 19, 7, 20], [8, 12, 9, 11], [10, 22, 11, 21]]"
12a_0716_82,"[[10, 22, 11, 21], [12, 23, 13, 24], [14, 1, 15, 2], [16, 3, 17, 4], [18, 5, 19, 6], [20, 10, 21, 9], [22, 7, 23, 8], [24, 13, 1, 14], [2, 15, 3, 16], [4, 17, 5, 18], [6, 19, 7, 20], [8, 12, 9, 11]]"
12a_0716_83,"[[8, 12, 9, 11], [10, 22, 11, 21], [12, 23, 13, 24], [14, 1, 15, 2], [16, 3, 17, 4], [18, 5, 19, 6], [20, 10, 21, 9], [22, 7, 23, 8], [24, 13, 1, 14], [2, 15, 3, 16], [4, 17, 5, 18], [6, 19, 7, 20]]"
12a_0716_84,"[[7, 20, 8, 21], [9, 13, 10, 12], [11, 23, 12, 22], [13, 24, 14, 1], [15, 2, 16, 3], [17, 4, 18, 5], [19, 6, 20, 7], [21, 11, 22, 10], [23, 8, 24, 9], [1, 14, 2, 15], [3, 16, 4, 17], [5, 18, 6, 19]]"
12a_0716_85,"[[5, 18, 6, 19], [7, 20, 8, 21], [9, 13, 10, 12], [11, 23, 12, 22], [13, 24, 14, 1], [15, 2, 16, 3], [17, 4, 18, 5], [19, 6, 20, 7], [21, 11, 22, 10], [23, 8, 24, 9], [1, 14, 2, 15], [3, 16, 4, 17]]"
12a_0716_86,"[[3, 16, 4, 17], [5, 18, 6, 19], [7, 20, 8, 21], [9, 13, 10, 12], [11, 23, 12, 22], [13, 24, 14, 1], [15, 2, 16, 3], [17, 4, 18, 5], [19, 6, 20, 7], [21, 11, 22, 10], [23, 8, 24, 9], [1, 14, 2, 15]]"
12a_0716_87,"[[1, 14, 2, 15], [3, 16, 4, 17], [5, 18, 6, 19], [7, 20, 8, 21], [9, 13, 10, 12], [11, 23, 12, 22], [13, 24, 14, 1], [15, 2, 16, 3], [17, 4, 18, 5], [19, 6, 20, 7], [21, 11, 22, 10], [23, 8, 24, 9]]"
12a_0716_88,"[[23, 8, 24, 9], [1, 14, 2, 15], [3, 16, 4, 17], [5, 18, 6, 19], [7, 20, 8, 21], [9, 13, 10, 12], [11, 23, 12, 22], [13, 24, 14, 1], [15, 2, 16, 3], [17, 4, 18, 5], [19, 6, 20, 7], [21, 11, 22, 10]]"
12a_0716_89,"[[21, 11, 22, 10], [23, 8, 24, 9], [1, 14, 2, 15], [3, 16, 4, 17], [5, 18, 6, 19], [7, 20, 8, 21], [9, 13, 10, 12], [11, 23, 12, 22], [13, 24, 14, 1], [15, 2, 16, 3], [17, 4, 18, 5], [19, 6, 20, 7]]"
12a_0716_90,"[[19, 6, 20, 7], [21, 11, 22, 10], [23, 8, 24, 9], [1, 14, 2, 15], [3, 16, 4, 17], [5, 18, 6, 19], [7, 20, 8, 21], [9, 13, 10, 12], [11, 23, 12, 22], [13, 24, 14, 1], [15, 2, 16, 3], [17, 4, 18, 5]]"
12a_0716_91,"[[17, 4, 18, 5], [19, 6, 20, 7], [21, 11, 22, 10], [23, 8, 24, 9], [1, 14, 2, 15], [3, 16, 4, 17], [5, 18, 6, 19], [7, 20, 8, 21], [9, 13, 10, 12], [11, 23, 12, 22], [13, 24, 14, 1], [15, 2, 16, 3]]"
12a_0716_92,"[[15, 2, 16, 3], [17, 4, 18, 5], [19, 6, 20, 7], [21, 11, 22, 10], [23, 8, 24, 9], [1, 14, 2, 15], [3, 16, 4, 17], [5, 18, 6, 19], [7, 20, 8, 21], [9, 13, 10, 12], [11, 23, 12, 22], [13, 24, 14, 1]]"
12a_0716_93,"[[13, 24, 14, 1], [15, 2, 16, 3], [17, 4, 18, 5], [19, 6, 20, 7], [21, 11, 22, 10], [23, 8, 24, 9], [1, 14, 2, 15], [3, 16, 4, 17], [5, 18, 6, 19], [7, 20, 8, 21], [9, 13, 10, 12], [11, 23, 12, 22]]"
12a_0716_94,"[[11, 23, 12, 22], [13, 24, 14, 1], [15, 2, 16, 3], [17, 4, 18, 5], [19, 6, 20, 7], [21, 11, 22, 10], [23, 8, 24, 9], [1, 14, 2, 15], [3, 16, 4, 17], [5, 18, 6, 19], [7, 20, 8, 21], [9, 13, 10, 12]]"
12a_0716_95,"[[9, 13, 10, 12], [11, 23, 12, 22], [13, 24, 14, 1], [15, 2, 16, 3], [17, 4, 18, 5], [19, 6, 20, 7], [21, 11, 22, 10], [23, 8, 24, 9], [1, 14, 2, 15], [3, 16, 4, 17], [5, 18, 6, 19], [7, 20, 8, 21]]"
12a_0716_96,"[[8, 21, 9, 22], [10, 14, 11, 13], [12, 24, 13, 23], [14, 1, 15, 2], [16, 3, 17, 4], [18, 5, 19, 6], [20, 7, 21, 8], [22, 12, 23, 11], [24, 9, 1, 10], [2, 15, 3, 16], [4, 17, 5, 18], [6, 19, 7, 20]]"
12a_0716_97,"[[6, 19, 7, 20], [8, 21, 9, 22], [10, 14, 11, 13], [12, 24, 13, 23], [14, 1, 15, 2], [16, 3, 17, 4], [18, 5, 19, 6], [20, 7, 21, 8], [22, 12, 23, 11], [24, 9, 1, 10], [2, 15, 3, 16], [4, 17, 5, 18]]"
12a_0716_98,"[[4, 17, 5, 18], [6, 19, 7, 20], [8, 21, 9, 22], [10, 14, 11, 13], [12, 24, 13, 23], [14, 1, 15, 2], [16, 3, 17, 4], [18, 5, 19, 6], [20, 7, 21, 8], [22, 12, 23, 11], [24, 9, 1, 10], [2, 15, 3, 16]]"
12a_0716_99,"[[2, 15, 3, 16], [4, 17, 5, 18], [6, 19, 7, 20], [8, 21, 9, 22], [10, 14, 11, 13], [12, 24, 13, 23], [14, 1, 15, 2], [16, 3, 17, 4], [18, 5, 19, 6], [20, 7, 21, 8], [22, 12, 23, 11], [24, 9, 1, 10]]"
12a_0716_100,"[[24, 9, 1, 10], [2, 15, 3, 16], [4, 17, 5, 18], [6, 19, 7, 20], [8, 21, 9, 22], [10, 14, 11, 13], [12, 24, 13, 23], [14, 1, 15, 2], [16, 3, 17, 4], [18, 5, 19, 6], [20, 7, 21, 8], [22, 12, 23, 11]]"
12a_0716_101,"[[22, 12, 23, 11], [24, 9, 1, 10], [2, 15, 3, 16], [4, 17, 5, 18], [6, 19, 7, 20], [8, 21, 9, 22], [10, 14, 11, 13], [12, 24, 13, 23], [14, 1, 15, 2], [16, 3, 17, 4], [18, 5, 19, 6], [20, 7, 21, 8]]"
12a_0716_102,"[[20, 7, 21, 8], [22, 12, 23, 11], [24, 9, 1, 10], [2, 15, 3, 16], [4, 17, 5, 18], [6, 19, 7, 20], [8, 21, 9, 22], [10, 14, 11, 13], [12, 24, 13, 23], [14, 1, 15, 2], [16, 3, 17, 4], [18, 5, 19, 6]]"
12a_0716_103,"[[18, 5, 19, 6], [20, 7, 21, 8], [22, 12, 23, 11], [24, 9, 1, 10], [2, 15, 3, 16], [4, 17, 5, 18], [6, 19, 7, 20], [8, 21, 9, 22], [10, 14, 11, 13], [12, 24, 13, 23], [14, 1, 15, 2], [16, 3, 17, 4]]"
12a_0716_104,"[[16, 3, 17, 4], [18, 5, 19, 6], [20, 7, 21, 8], [22, 12, 23, 11], [24, 9, 1, 10], [2, 15, 3, 16], [4, 17, 5, 18], [6, 19, 7, 20], [8, 21, 9, 22], [10, 14, 11, 13], [12, 24, 13, 23], [14, 1, 15, 2]]"
12a_0716_105,"[[14, 1, 15, 2], [16, 3, 17, 4], [18, 5, 19, 6], [20, 7, 21, 8], [22, 12, 23, 11], [24, 9, 1, 10], [2, 15, 3, 16], [4, 17, 5, 18], [6, 19, 7, 20], [8, 21, 9, 22], [10, 14, 11, 13], [12, 24, 13, 23]]"
12a_0716_106,"[[12, 24, 13, 23], [14, 1, 15, 2], [16, 3, 17, 4], [18, 5, 19, 6], [20, 7, 21, 8], [22, 12, 23, 11], [24, 9, 1, 10], [2, 15, 3, 16], [4, 17, 5, 18], [6, 19, 7, 20], [8, 21, 9, 22], [10, 14, 11, 13]]"
12a_0716_107,"[[10, 14, 11, 13], [12, 24, 13, 23], [14, 1, 15, 2], [16, 3, 17, 4], [18, 5, 19, 6], [20, 7, 21, 8], [22, 12, 23, 11], [24, 9, 1, 10], [2, 15, 3, 16], [4, 17, 5, 18], [6, 19, 7, 20], [8, 21, 9, 22]]"
12a_0716_108,"[[9, 22, 10, 23], [11, 15, 12, 14], [13, 1, 14, 24], [15, 2, 16, 3], [17, 4, 18, 5], [19, 6, 20, 7], [21, 8, 22, 9], [23, 13, 24, 12], [1, 10, 2, 11], [3, 16, 4, 17], [5, 18, 6, 19], [7, 20, 8, 21]]"
12a_0716_109,"[[7, 20, 8, 21], [9, 22, 10, 23], [11, 15, 12, 14], [13, 1, 14, 24], [15, 2, 16, 3], [17, 4, 18, 5], [19, 6, 20, 7], [21, 8, 22, 9], [23, 13, 24, 12], [1, 10, 2, 11], [3, 16, 4, 17], [5, 18, 6, 19]]"
12a_0716_110,"[[5, 18, 6, 19], [7, 20, 8, 21], [9, 22, 10, 23], [11, 15, 12, 14], [13, 1, 14, 24], [15, 2, 16, 3], [17, 4, 18, 5], [19, 6, 20, 7], [21, 8, 22, 9], [23, 13, 24, 12], [1, 10, 2, 11], [3, 16, 4, 17]]"
12a_0716_111,"[[3, 16, 4, 17], [5, 18, 6, 19], [7, 20, 8, 21], [9, 22, 10, 23], [11, 15, 12, 14], [13, 1, 14, 24], [15, 2, 16, 3], [17, 4, 18, 5], [19, 6, 20, 7], [21, 8, 22, 9], [23, 13, 24, 12], [1, 10, 2, 11]]"
12a_0716_112,"[[1, 10, 2, 11], [3, 16, 4, 17], [5, 18, 6, 19], [7, 20, 8, 21], [9, 22, 10, 23], [11, 15, 12, 14], [13, 1, 14, 24], [15, 2, 16, 3], [17, 4, 18, 5], [19, 6, 20, 7], [21, 8, 22, 9], [23, 13, 24, 12]]"
12a_0716_113,"[[23, 13, 24, 12], [1, 10, 2, 11], [3, 16, 4, 17], [5, 18, 6, 19], [7, 20, 8, 21], [9, 22, 10, 23], [11, 15, 12, 14], [13, 1, 14, 24], [15, 2, 16, 3], [17, 4, 18, 5], [19, 6, 20, 7], [21, 8, 22, 9]]"
12a_0716_114,"[[21, 8, 22, 9], [23, 13, 24, 12], [1, 10, 2, 11], [3, 16, 4, 17], [5, 18, 6, 19], [7, 20, 8, 21], [9, 22, 10, 23], [11, 15, 12, 14], [13, 1, 14, 24], [15, 2, 16, 3], [17, 4, 18, 5], [19, 6, 20, 7]]"
12a_0716_115,"[[19, 6, 20, 7], [21, 8, 22, 9], [23, 13, 24, 12], [1, 10, 2, 11], [3, 16, 4, 17], [5, 18, 6, 19], [7, 20, 8, 21], [9, 22, 10, 23], [11, 15, 12, 14], [13, 1, 14, 24], [15, 2, 16, 3], [17, 4, 18, 5]]"
12a_0716_116,"[[17, 4, 18, 5], [19, 6, 20, 7], [21, 8, 22, 9], [23, 13, 24, 12], [1, 10, 2, 11], [3, 16, 4, 17], [5, 18, 6, 19], [7, 20, 8, 21], [9, 22, 10, 23], [11, 15, 12, 14], [13, 1, 14, 24], [15, 2, 16, 3]]"
12a_0716_117,"[[15, 2, 16, 3], [17, 4, 18, 5], [19, 6, 20, 7], [21, 8, 22, 9], [23, 13, 24, 12], [1, 10, 2, 11], [3, 16, 4, 17], [5, 18, 6, 19], [7, 20, 8, 21], [9, 22, 10, 23], [11, 15, 12, 14], [13, 1, 14, 24]]"
12a_0716_118,"[[13, 1, 14, 24], [15, 2, 16, 3], [17, 4, 18, 5], [19, 6, 20, 7], [21, 8, 22, 9], [23, 13, 24, 12], [1, 10, 2, 11], [3, 16, 4, 17], [5, 18, 6, 19], [7, 20, 8, 21], [9, 22, 10, 23], [11, 15, 12, 14]]"
12a_0716_119,"[[11, 15, 12, 14], [13, 1, 14, 24], [15, 2, 16, 3], [17, 4, 18, 5], [19, 6, 20, 7], [21, 8, 22, 9], [23, 13, 24, 12], [1, 10, 2, 11], [3, 16, 4, 17], [5, 18, 6, 19], [7, 20, 8, 21], [9, 22, 10, 23]]"
12a_0716_120,"[[10, 23, 11, 24], [12, 16, 13, 15], [14, 2, 15, 1], [16, 3, 17, 4], [18, 5, 19, 6], [20, 7, 21, 8], [22, 9, 23, 10], [24, 14, 1, 13], [2, 11, 3, 12], [4, 17, 5, 18], [6, 19, 7, 20], [8, 21, 9, 22]]"
12a_0716_121,"[[8, 21, 9, 22], [10, 23, 11, 24], [12, 16, 13, 15], [14, 2, 15, 1], [16, 3, 17, 4], [18, 5, 19, 6], [20, 7, 21, 8], [22, 9, 23, 10], [24, 14, 1, 13], [2, 11, 3, 12], [4, 17, 5, 18], [6, 19, 7, 20]]"
12a_0716_122,"[[6, 19, 7, 20], [8, 21, 9, 22], [10, 23, 11, 24], [12, 16, 13, 15], [14, 2, 15, 1], [16, 3, 17, 4], [18, 5, 19, 6], [20, 7, 21, 8], [22, 9, 23, 10], [24, 14, 1, 13], [2, 11, 3, 12], [4, 17, 5, 18]]"
12a_0716_123,"[[4, 17, 5, 18], [6, 19, 7, 20], [8, 21, 9, 22], [10, 23, 11, 24], [12, 16, 13, 15], [14, 2, 15, 1], [16, 3, 17, 4], [18, 5, 19, 6], [20, 7, 21, 8], [22, 9, 23, 10], [24, 14, 1, 13], [2, 11, 3, 12]]"
12a_0716_124,"[[2, 11, 3, 12], [4, 17, 5, 18], [6, 19, 7, 20], [8, 21, 9, 22], [10, 23, 11, 24], [12, 16, 13, 15], [14, 2, 15, 1], [16, 3, 17, 4], [18, 5, 19, 6], [20, 7, 21, 8], [22, 9, 23, 10], [24, 14, 1, 13]]"
12a_0716_125,"[[24, 14, 1, 13], [2, 11, 3, 12], [4, 17, 5, 18], [6, 19, 7, 20], [8, 21, 9, 22], [10, 23, 11, 24], [12, 16, 13, 15], [14, 2, 15, 1], [16, 3, 17, 4], [18, 5, 19, 6], [20, 7, 21, 8], [22, 9, 23, 10]]"
12a_0716_126,"[[22, 9, 23, 10], [24, 14, 1, 13], [2, 11, 3, 12], [4, 17, 5, 18], [6, 19, 7, 20], [8, 21, 9, 22], [10, 23, 11, 24], [12, 16, 13, 15], [14, 2, 15, 1], [16, 3, 17, 4], [18, 5, 19, 6], [20, 7, 21, 8]]"
12a_0716_127,"[[20, 7, 21, 8], [22, 9, 23, 10], [24, 14, 1, 13], [2, 11, 3, 12], [4, 17, 5, 18], [6, 19, 7, 20], [8, 21, 9, 22], [10, 23, 11, 24], [12, 16, 13, 15], [14, 2, 15, 1], [16, 3, 17, 4], [18, 5, 19, 6]]"
12a_0716_128,"[[18, 5, 19, 6], [20, 7, 21, 8], [22, 9, 23, 10], [24, 14, 1, 13], [2, 11, 3, 12], [4, 17, 5, 18], [6, 19, 7, 20], [8, 21, 9, 22], [10, 23, 11, 24], [12, 16, 13, 15], [14, 2, 15, 1], [16, 3, 17, 4]]"
12a_0716_129,"[[16, 3, 17, 4], [18, 5, 19, 6], [20, 7, 21, 8], [22, 9, 23, 10], [24, 14, 1, 13], [2, 11, 3, 12], [4, 17, 5, 18], [6, 19, 7, 20], [8, 21, 9, 22], [10, 23, 11, 24], [12, 16, 13, 15], [14, 2, 15, 1]]"
12a_0716_130,"[[14, 2, 15, 1], [16, 3, 17, 4], [18, 5, 19, 6], [20, 7, 21, 8], [22, 9, 23, 10], [24, 14, 1, 13], [2, 11, 3, 12], [4, 17, 5, 18], [6, 19, 7, 20], [8, 21, 9, 22], [10, 23, 11, 24], [12, 16, 13, 15]]"
12a_0716_131,"[[12, 16, 13, 15], [14, 2, 15, 1], [16, 3, 17, 4], [18, 5, 19, 6], [20, 7, 21, 8], [22, 9, 23, 10], [24, 14, 1, 13], [2, 11, 3, 12], [4, 17, 5, 18], [6, 19, 7, 20], [8, 21, 9, 22], [10, 23, 11, 24]]"
12a_0716_132,"[[11, 24, 12, 1], [13, 17, 14, 16], [15, 3, 16, 2], [17, 4, 18, 5], [19, 6, 20, 7], [21, 8, 22, 9], [23, 10, 24, 11], [1, 15, 2, 14], [3, 12, 4, 13], [5, 18, 6, 19], [7, 20, 8, 21], [9, 22, 10, 23]]"
12a_0716_133,"[[9, 22, 10, 23], [11, 24, 12, 1], [13, 17, 14, 16], [15, 3, 16, 2], [17, 4, 18, 5], [19, 6, 20, 7], [21, 8, 22, 9], [23, 10, 24, 11], [1, 15, 2, 14], [3, 12, 4, 13], [5, 18, 6, 19], [7, 20, 8, 21]]"
12a_0716_134,"[[7, 20, 8, 21], [9, 22, 10, 23], [11, 24, 12, 1], [13, 17, 14, 16], [15, 3, 16, 2], [17, 4, 18, 5], [19, 6, 20, 7], [21, 8, 22, 9], [23, 10, 24, 11], [1, 15, 2, 14], [3, 12, 4, 13], [5, 18, 6, 19]]"
12a_0716_135,"[[5, 18, 6, 19], [7, 20, 8, 21], [9, 22, 10, 23], [11, 24, 12, 1], [13, 17, 14, 16], [15, 3, 16, 2], [17, 4, 18, 5], [19, 6, 20, 7], [21, 8, 22, 9], [23, 10, 24, 11], [1, 15, 2, 14], [3, 12, 4, 13]]"
12a_0716_136,"[[3, 12, 4, 13], [5, 18, 6, 19], [7, 20, 8, 21], [9, 22, 10, 23], [11, 24, 12, 1], [13, 17, 14, 16], [15, 3, 16, 2], [17, 4, 18, 5], [19, 6, 20, 7], [21, 8, 22, 9], [23, 10, 24, 11], [1, 15, 2, 14]]"
12a_0716_137,"[[1, 15, 2, 14], [3, 12, 4, 13], [5, 18, 6, 19], [7, 20, 8, 21], [9, 22, 10, 23], [11, 24, 12, 1], [13, 17, 14, 16], [15, 3, 16, 2], [17, 4, 18, 5], [19, 6, 20, 7], [21, 8, 22, 9], [23, 10, 24, 11]]"
12a_0716_138,"[[23, 10, 24, 11], [1, 15, 2, 14], [3, 12, 4, 13], [5, 18, 6, 19], [7, 20, 8, 21], [9, 22, 10, 23], [11, 24, 12, 1], [13, 17, 14, 16], [15, 3, 16, 2], [17, 4, 18, 5], [19, 6, 20, 7], [21, 8, 22, 9]]"
12a_0716_139,"[[21, 8, 22, 9], [23, 10, 24, 11], [1, 15, 2, 14], [3, 12, 4, 13], [5, 18, 6, 19], [7, 20, 8, 21], [9, 22, 10, 23], [11, 24, 12, 1], [13, 17, 14, 16], [15, 3, 16, 2], [17, 4, 18, 5], [19, 6, 20, 7]]"
12a_0716_140,"[[19, 6, 20, 7], [21, 8, 22, 9], [23, 10, 24, 11], [1, 15, 2, 14], [3, 12, 4, 13], [5, 18, 6, 19], [7, 20, 8, 21], [9, 22, 10, 23], [11, 24, 12, 1], [13, 17, 14, 16], [15, 3, 16, 2], [17, 4, 18, 5]]"
12a_0716_141,"[[17, 4, 18, 5], [19, 6, 20, 7], [21, 8, 22, 9], [23, 10, 24, 11], [1, 15, 2, 14], [3, 12, 4, 13], [5, 18, 6, 19], [7, 20, 8, 21], [9, 22, 10, 23], [11, 24, 12, 1], [13, 17, 14, 16], [15, 3, 16, 2]]"
12a_0716_142,"[[15, 3, 16, 2], [17, 4, 18, 5], [19, 6, 20, 7], [21, 8, 22, 9], [23, 10, 24, 11], [1, 15, 2, 14], [3, 12, 4, 13], [5, 18, 6, 19], [7, 20, 8, 21], [9, 22, 10, 23], [11, 24, 12, 1], [13, 17, 14, 16]]"
12a_0716_143,"[[13, 17, 14, 16], [15, 3, 16, 2], [17, 4, 18, 5], [19, 6, 20, 7], [21, 8, 22, 9], [23, 10, 24, 11], [1, 15, 2, 14], [3, 12, 4, 13], [5, 18, 6, 19], [7, 20, 8, 21], [9, 22, 10, 23], [11, 24, 12, 1]]"
12a_0716_144,"[[12, 1, 13, 2], [14, 18, 15, 17], [16, 4, 17, 3], [18, 5, 19, 6], [20, 7, 21, 8], [22, 9, 23, 10], [24, 11, 1, 12], [2, 16, 3, 15], [4, 13, 5, 14], [6, 19, 7, 20], [8, 21, 9, 22], [10, 23, 11, 24]]"
12a_0716_145,"[[10, 23, 11, 24], [12, 1, 13, 2], [14, 18, 15, 17], [16, 4, 17, 3], [18, 5, 19, 6], [20, 7, 21, 8], [22, 9, 23, 10], [24, 11, 1, 12], [2, 16, 3, 15], [4, 13, 5, 14], [6, 19, 7, 20], [8, 21, 9, 22]]"
12a_0716_146,"[[8, 21, 9, 22], [10, 23, 11, 24], [12, 1, 13, 2], [14, 18, 15, 17], [16, 4, 17, 3], [18, 5, 19, 6], [20, 7, 21, 8], [22, 9, 23, 10], [24, 11, 1, 12], [2, 16, 3, 15], [4, 13, 5, 14], [6, 19, 7, 20]]"
12a_0716_147,"[[6, 19, 7, 20], [8, 21, 9, 22], [10, 23, 11, 24], [12, 1, 13, 2], [14, 18, 15, 17], [16, 4, 17, 3], [18, 5, 19, 6], [20, 7, 21, 8], [22, 9, 23, 10], [24, 11, 1, 12], [2, 16, 3, 15], [4, 13, 5, 14]]"
12a_0716_148,"[[4, 13, 5, 14], [6, 19, 7, 20], [8, 21, 9, 22], [10, 23, 11, 24], [12, 1, 13, 2], [14, 18, 15, 17], [16, 4, 17, 3], [18, 5, 19, 6], [20, 7, 21, 8], [22, 9, 23, 10], [24, 11, 1, 12], [2, 16, 3, 15]]"
12a_0716_149,"[[2, 16, 3, 15], [4, 13, 5, 14], [6, 19, 7, 20], [8, 21, 9, 22], [10, 23, 11, 24], [12, 1, 13, 2], [14, 18, 15, 17], [16, 4, 17, 3], [18, 5, 19, 6], [20, 7, 21, 8], [22, 9, 23, 10], [24, 11, 1, 12]]"
12a_0716_150,"[[24, 11, 1, 12], [2, 16, 3, 15], [4, 13, 5, 14], [6, 19, 7, 20], [8, 21, 9, 22], [10, 23, 11, 24], [12, 1, 13, 2], [14, 18, 15, 17], [16, 4, 17, 3], [18, 5, 19, 6], [20, 7, 21, 8], [22, 9, 23, 10]]"
12a_0716_151,"[[22, 9, 23, 10], [24, 11, 1, 12], [2, 16, 3, 15], [4, 13, 5, 14], [6, 19, 7, 20], [8, 21, 9, 22], [10, 23, 11, 24], [12, 1, 13, 2], [14, 18, 15, 17], [16, 4, 17, 3], [18, 5, 19, 6], [20, 7, 21, 8]]"
12a_0716_152,"[[20, 7, 21, 8], [22, 9, 23, 10], [24, 11, 1, 12], [2, 16, 3, 15], [4, 13, 5, 14], [6, 19, 7, 20], [8, 21, 9, 22], [10, 23, 11, 24], [12, 1, 13, 2], [14, 18, 15, 17], [16, 4, 17, 3], [18, 5, 19, 6]]"
12a_0716_153,"[[18, 5, 19, 6], [20, 7, 21, 8], [22, 9, 23, 10], [24, 11, 1, 12], [2, 16, 3, 15], [4, 13, 5, 14], [6, 19, 7, 20], [8, 21, 9, 22], [10, 23, 11, 24], [12, 1, 13, 2], [14, 18, 15, 17], [16, 4, 17, 3]]"
12a_0716_154,"[[16, 4, 17, 3], [18, 5, 19, 6], [20, 7, 21, 8], [22, 9, 23, 10], [24, 11, 1, 12], [2, 16, 3, 15], [4, 13, 5, 14], [6, 19, 7, 20], [8, 21, 9, 22], [10, 23, 11, 24], [12, 1, 13, 2], [14, 18, 15, 17]]"
12a_0716_155,"[[14, 18, 15, 17], [16, 4, 17, 3], [18, 5, 19, 6], [20, 7, 21, 8], [22, 9, 23, 10], [24, 11, 1, 12], [2, 16, 3, 15], [4, 13, 5, 14], [6, 19, 7, 20], [8, 21, 9, 22], [10, 23, 11, 24], [12, 1, 13, 2]]"
12a_0716_156,"[[13, 2, 14, 3], [15, 19, 16, 18], [17, 5, 18, 4], [19, 6, 20, 7], [21, 8, 22, 9], [23, 10, 24, 11], [1, 12, 2, 13], [3, 17, 4, 16], [5, 14, 6, 15], [7, 20, 8, 21], [9, 22, 10, 23], [11, 24, 12, 1]]"
12a_0716_157,"[[11, 24, 12, 1], [13, 2, 14, 3], [15, 19, 16, 18], [17, 5, 18, 4], [19, 6, 20, 7], [21, 8, 22, 9], [23, 10, 24, 11], [1, 12, 2, 13], [3, 17, 4, 16], [5, 14, 6, 15], [7, 20, 8, 21], [9, 22, 10, 23]]"
12a_0716_158,"[[9, 22, 10, 23], [11, 24, 12, 1], [13, 2, 14, 3], [15, 19, 16, 18], [17, 5, 18, 4], [19, 6, 20, 7], [21, 8, 22, 9], [23, 10, 24, 11], [1, 12, 2, 13], [3, 17, 4, 16], [5, 14, 6, 15], [7, 20, 8, 21]]"
12a_0716_159,"[[7, 20, 8, 21], [9, 22, 10, 23], [11, 24, 12, 1], [13, 2, 14, 3], [15, 19, 16, 18], [17, 5, 18, 4], [19, 6, 20, 7], [21, 8, 22, 9], [23, 10, 24, 11], [1, 12, 2, 13], [3, 17, 4, 16], [5, 14, 6, 15]]"
12a_0716_160,"[[5, 14, 6, 15], [7, 20, 8, 21], [9, 22, 10, 23], [11, 24, 12, 1], [13, 2, 14, 3], [15, 19, 16, 18], [17, 5, 18, 4], [19, 6, 20, 7], [21, 8, 22, 9], [23, 10, 24, 11], [1, 12, 2, 13], [3, 17, 4, 16]]"
12a_0716_161,"[[3, 17, 4, 16], [5, 14, 6, 15], [7, 20, 8, 21], [9, 22, 10, 23], [11, 24, 12, 1], [13, 2, 14, 3], [15, 19, 16, 18], [17, 5, 18, 4], [19, 6, 20, 7], [21, 8, 22, 9], [23, 10, 24, 11], [1, 12, 2, 13]]"
12a_0716_162,"[[1, 12, 2, 13], [3, 17, 4, 16], [5, 14, 6, 15], [7, 20, 8, 21], [9, 22, 10, 23], [11, 24, 12, 1], [13, 2, 14, 3], [15, 19, 16, 18], [17, 5, 18, 4], [19, 6, 20, 7], [21, 8, 22, 9], [23, 10, 24, 11]]"
12a_0716_163,"[[23, 10, 24, 11], [1, 12, 2, 13], [3, 17, 4, 16], [5, 14, 6, 15], [7, 20, 8, 21], [9, 22, 10, 23], [11, 24, 12, 1], [13, 2, 14, 3], [15, 19, 16, 18], [17, 5, 18, 4], [19, 6, 20, 7], [21, 8, 22, 9]]"
12a_0716_164,"[[21, 8, 22, 9], [23, 10, 24, 11], [1, 12, 2, 13], [3, 17, 4, 16], [5, 14, 6, 15], [7, 20, 8, 21], [9, 22, 10, 23], [11, 24, 12, 1], [13, 2, 14, 3], [15, 19, 16, 18], [17, 5, 18, 4], [19, 6, 20, 7]]"
12a_0716_165,"[[19, 6, 20, 7], [21, 8, 22, 9], [23, 10, 24, 11], [1, 12, 2, 13], [3, 17, 4, 16], [5, 14, 6, 15], [7, 20, 8, 21], [9, 22, 10, 23], [11, 24, 12, 1], [13, 2, 14, 3], [15, 19, 16, 18], [17, 5, 18, 4]]"
12a_0716_166,"[[17, 5, 18, 4], [19, 6, 20, 7], [21, 8, 22, 9], [23, 10, 24, 11], [1, 12, 2, 13], [3, 17, 4, 16], [5, 14, 6, 15], [7, 20, 8, 21], [9, 22, 10, 23], [11, 24, 12, 1], [13, 2, 14, 3], [15, 19, 16, 18]]"
12a_0716_167,"[[15, 19, 16, 18], [17, 5, 18, 4], [19, 6, 20, 7], [21, 8, 22, 9], [23, 10, 24, 11], [1, 12, 2, 13], [3, 17, 4, 16], [5, 14, 6, 15], [7, 20, 8, 21], [9, 22, 10, 23], [11, 24, 12, 1], [13, 2, 14, 3]]"
12a_0716_168,"[[14, 3, 15, 4], [16, 20, 17, 19], [18, 6, 19, 5], [20, 7, 21, 8], [22, 9, 23, 10], [24, 11, 1, 12], [2, 13, 3, 14], [4, 18, 5, 17], [6, 15, 7, 16], [8, 21, 9, 22], [10, 23, 11, 24], [12, 1, 13, 2]]"
12a_0716_169,"[[12, 1, 13, 2], [14, 3, 15, 4], [16, 20, 17, 19], [18, 6, 19, 5], [20, 7, 21, 8], [22, 9, 23, 10], [24, 11, 1, 12], [2, 13, 3, 14], [4, 18, 5, 17], [6, 15, 7, 16], [8, 21, 9, 22], [10, 23, 11, 24]]"
12a_0716_170,"[[10, 23, 11, 24], [12, 1, 13, 2], [14, 3, 15, 4], [16, 20, 17, 19], [18, 6, 19, 5], [20, 7, 21, 8], [22, 9, 23, 10], [24, 11, 1, 12], [2, 13, 3, 14], [4, 18, 5, 17], [6, 15, 7, 16], [8, 21, 9, 22]]"
12a_0716_171,"[[8, 21, 9, 22], [10, 23, 11, 24], [12, 1, 13, 2], [14, 3, 15, 4], [16, 20, 17, 19], [18, 6, 19, 5], [20, 7, 21, 8], [22, 9, 23, 10], [24, 11, 1, 12], [2, 13, 3, 14], [4, 18, 5, 17], [6, 15, 7, 16]]"
12a_0716_172,"[[6, 15, 7, 16], [8, 21, 9, 22], [10, 23, 11, 24], [12, 1, 13, 2], [14, 3, 15, 4], [16, 20, 17, 19], [18, 6, 19, 5], [20, 7, 21, 8], [22, 9, 23, 10], [24, 11, 1, 12], [2, 13, 3, 14], [4, 18, 5, 17]]"
12a_0716_173,"[[4, 18, 5, 17], [6, 15, 7, 16], [8, 21, 9, 22], [10, 23, 11, 24], [12, 1, 13, 2], [14, 3, 15, 4], [16, 20, 17, 19], [18, 6, 19, 5], [20, 7, 21, 8], [22, 9, 23, 10], [24, 11, 1, 12], [2, 13, 3, 14]]"
12a_0716_174,"[[2, 13, 3, 14], [4, 18, 5, 17], [6, 15, 7, 16], [8, 21, 9, 22], [10, 23, 11, 24], [12, 1, 13, 2], [14, 3, 15, 4], [16, 20, 17, 19], [18, 6, 19, 5], [20, 7, 21, 8], [22, 9, 23, 10], [24, 11, 1, 12]]"
12a_0716_175,"[[24, 11, 1, 12], [2, 13, 3, 14], [4, 18, 5, 17], [6, 15, 7, 16], [8, 21, 9, 22], [10, 23, 11, 24], [12, 1, 13, 2], [14, 3, 15, 4], [16, 20, 17, 19], [18, 6, 19, 5], [20, 7, 21, 8], [22, 9, 23, 10]]"
12a_0716_176,"[[22, 9, 23, 10], [24, 11, 1, 12], [2, 13, 3, 14], [4, 18, 5, 17], [6, 15, 7, 16], [8, 21, 9, 22], [10, 23, 11, 24], [12, 1, 13, 2], [14, 3, 15, 4], [16, 20, 17, 19], [18, 6, 19, 5], [20, 7, 21, 8]]"
12a_0716_177,"[[20, 7, 21, 8], [22, 9, 23, 10], [24, 11, 1, 12], [2, 13, 3, 14], [4, 18, 5, 17], [6, 15, 7, 16], [8, 21, 9, 22], [10, 23, 11, 24], [12, 1, 13, 2], [14, 3, 15, 4], [16, 20, 17, 19], [18, 6, 19, 5]]"
12a_0716_178,"[[18, 6, 19, 5], [20, 7, 21, 8], [22, 9, 23, 10], [24, 11, 1, 12], [2, 13, 3, 14], [4, 18, 5, 17], [6, 15, 7, 16], [8, 21, 9, 22], [10, 23, 11, 24], [12, 1, 13, 2], [14, 3, 15, 4], [16, 20, 17, 19]]"
12a_0716_179,"[[16, 20, 17, 19], [18, 6, 19, 5], [20, 7, 21, 8], [22, 9, 23, 10], [24, 11, 1, 12], [2, 13, 3, 14], [4, 18, 5, 17], [6, 15, 7, 16], [8, 21, 9, 22], [10, 23, 11, 24], [12, 1, 13, 2], [14, 3, 15, 4]]"
12a_0716_180,"[[15, 4, 16, 5], [17, 21, 18, 20], [19, 7, 20, 6], [21, 8, 22, 9], [23, 10, 24, 11], [1, 12, 2, 13], [3, 14, 4, 15], [5, 19, 6, 18], [7, 16, 8, 17], [9, 22, 10, 23], [11, 24, 12, 1], [13, 2, 14, 3]]"
12a_0716_181,"[[13, 2, 14, 3], [15, 4, 16, 5], [17, 21, 18, 20], [19, 7, 20, 6], [21, 8, 22, 9], [23, 10, 24, 11], [1, 12, 2, 13], [3, 14, 4, 15], [5, 19, 6, 18], [7, 16, 8, 17], [9, 22, 10, 23], [11, 24, 12, 1]]"
12a_0716_182,"[[11, 24, 12, 1], [13, 2, 14, 3], [15, 4, 16, 5], [17, 21, 18, 20], [19, 7, 20, 6], [21, 8, 22, 9], [23, 10, 24, 11], [1, 12, 2, 13], [3, 14, 4, 15], [5, 19, 6, 18], [7, 16, 8, 17], [9, 22, 10, 23]]"
12a_0716_183,"[[9, 22, 10, 23], [11, 24, 12, 1], [13, 2, 14, 3], [15, 4, 16, 5], [17, 21, 18, 20], [19, 7, 20, 6], [21, 8, 22, 9], [23, 10, 24, 11], [1, 12, 2, 13], [3, 14, 4, 15], [5, 19, 6, 18], [7, 16, 8, 17]]"
12a_0716_184,"[[7, 16, 8, 17], [9, 22, 10, 23], [11, 24, 12, 1], [13, 2, 14, 3], [15, 4, 16, 5], [17, 21, 18, 20], [19, 7, 20, 6], [21, 8, 22, 9], [23, 10, 24, 11], [1, 12, 2, 13], [3, 14, 4, 15], [5, 19, 6, 18]]"
12a_0716_185,"[[5, 19, 6, 18], [7, 16, 8, 17], [9, 22, 10, 23], [11, 24, 12, 1], [13, 2, 14, 3], [15, 4, 16, 5], [17, 21, 18, 20], [19, 7, 20, 6], [21, 8, 22, 9], [23, 10, 24, 11], [1, 12, 2, 13], [3, 14, 4, 15]]"
