name,pd_notation
12a_0169_0,"[[24, 11, 1, 12], [2, 6, 3, 5], [4, 10, 5, 9], [6, 17, 7, 18], [8, 4, 9, 3], [10, 1, 11, 2], [12, 23, 13, 24], [14, 21, 15, 22], [16, 19, 17, 20], [18, 7, 19, 8], [20, 15, 21, 16], [22, 13, 23, 14]]"
12a_0169_1,"[[22, 13, 23, 14], [24, 11, 1, 12], [2, 6, 3, 5], [4, 10, 5, 9], [6, 17, 7, 18], [8, 4, 9, 3], [10, 1, 11, 2], [12, 23, 13, 24], [14, 21, 15, 22], [16, 19, 17, 20], [18, 7, 19, 8], [20, 15, 21, 16]]"
12a_0169_2,"[[20, 15, 21, 16], [22, 13, 23, 14], [24, 11, 1, 12], [2, 6, 3, 5], [4, 10, 5, 9], [6, 17, 7, 18], [8, 4, 9, 3], [10, 1, 11, 2], [12, 23, 13, 24], [14, 21, 15, 22], [16, 19, 17, 20], [18, 7, 19, 8]]"
12a_0169_3,"[[18, 7, 19, 8], [20, 15, 21, 16], [22, 13, 23, 14], [24, 11, 1, 12], [2, 6, 3, 5], [4, 10, 5, 9], [6, 17, 7, 18], [8, 4, 9, 3], [10, 1, 11, 2], [12, 23, 13, 24], [14, 21, 15, 22], [16, 19, 17, 20]]"
12a_0169_4,"[[16, 19, 17, 20], [18, 7, 19, 8], [20, 15, 21, 16], [22, 13, 23, 14], [24, 11, 1, 12], [2, 6, 3, 5], [4, 10, 5, 9], [6, 17, 7, 18], [8, 4, 9, 3], [10, 1, 11, 2], [12, 23, 13, 24], [14, 21, 15, 22]]"
12a_0169_5,"[[14, 21, 15, 22], [16, 19, 17, 20], [18, 7, 19, 8], [20, 15, 21, 16], [22, 13, 23, 14], [24, 11, 1, 12], [2, 6, 3, 5], [4, 10, 5, 9], [6, 17, 7, 18], [8, 4, 9, 3], [10, 1, 11, 2], [12, 23, 13, 24]]"
12a_0169_6,"[[12, 23, 13, 24], [14, 21, 15, 22], [16, 19, 17, 20], [18, 7, 19, 8], [20, 15, 21, 16], [22, 13, 23, 14], [24, 11, 1, 12], [2, 6, 3, 5], [4, 10, 5, 9], [6, 17, 7, 18], [8, 4, 9, 3], [10, 1, 11, 2]]"
12a_0169_7,"[[10, 1, 11, 2], [12, 23, 13, 24], [14, 21, 15, 22], [16, 19, 17, 20], [18, 7, 19, 8], [20, 15, 21, 16], [22, 13, 23, 14], [24, 11, 1, 12], [2, 6, 3, 5], [4, 10, 5, 9], [6, 17, 7, 18], [8, 4, 9, 3]]"
12a_0169_8,"[[8, 4, 9, 3], [10, 1, 11, 2], [12, 23, 13, 24], [14, 21, 15, 22], [16, 19, 17, 20], [18, 7, 19, 8], [20, 15, 21, 16], [22, 13, 23, 14], [24, 11, 1, 12], [2, 6, 3, 5], [4, 10, 5, 9], [6, 17, 7, 18]]"
12a_0169_9,"[[6, 17, 7, 18], [8, 4, 9, 3], [10, 1, 11, 2], [12, 23, 13, 24], [14, 21, 15, 22], [16, 19, 17, 20], [18, 7, 19, 8], [20, 15, 21, 16], [22, 13, 23, 14], [24, 11, 1, 12], [2, 6, 3, 5], [4, 10, 5, 9]]"
12a_0169_10,"[[4, 10, 5, 9], [6, 17, 7, 18], [8, 4, 9, 3], [10, 1, 11, 2], [12, 23, 13, 24], [14, 21, 15, 22], [16, 19, 17, 20], [18, 7, 19, 8], [20, 15, 21, 16], [22, 13, 23, 14], [24, 11, 1, 12], [2, 6, 3, 5]]"
12a_0169_11,"[[2, 6, 3, 5], [4, 10, 5, 9], [6, 17, 7, 18], [8, 4, 9, 3], [10, 1, 11, 2], [12, 23, 13, 24], [14, 21, 15, 22], [16, 19, 17, 20], [18, 7, 19, 8], [20, 15, 21, 16], [22, 13, 23, 14], [24, 11, 1, 12]]"
12a_0169_12,"[[1, 12, 2, 13], [3, 7, 4, 6], [5, 11, 6, 10], [7, 18, 8, 19], [9, 5, 10, 4], [11, 2, 12, 3], [13, 24, 14, 1], [15, 22, 16, 23], [17, 20, 18, 21], [19, 8, 20, 9], [21, 16, 22, 17], [23, 14, 24, 15]]"
12a_0169_13,"[[23, 14, 24, 15], [1, 12, 2, 13], [3, 7, 4, 6], [5, 11, 6, 10], [7, 18, 8, 19], [9, 5, 10, 4], [11, 2, 12, 3], [13, 24, 14, 1], [15, 22, 16, 23], [17, 20, 18, 21], [19, 8, 20, 9], [21, 16, 22, 17]]"
12a_0169_14,"[[21, 16, 22, 17], [23, 14, 24, 15], [1, 12, 2, 13], [3, 7, 4, 6], [5, 11, 6, 10], [7, 18, 8, 19], [9, 5, 10, 4], [11, 2, 12, 3], [13, 24, 14, 1], [15, 22, 16, 23], [17, 20, 18, 21], [19, 8, 20, 9]]"
12a_0169_15,"[[19, 8, 20, 9], [21, 16, 22, 17], [23, 14, 24, 15], [1, 12, 2, 13], [3, 7, 4, 6], [5, 11, 6, 10], [7, 18, 8, 19], [9, 5, 10, 4], [11, 2, 12, 3], [13, 24, 14, 1], [15, 22, 16, 23], [17, 20, 18, 21]]"
12a_0169_16,"[[17, 20, 18, 21], [19, 8, 20, 9], [21, 16, 22, 17], [23, 14, 24, 15], [1, 12, 2, 13], [3, 7, 4, 6], [5, 11, 6, 10], [7, 18, 8, 19], [9, 5, 10, 4], [11, 2, 12, 3], [13, 24, 14, 1], [15, 22, 16, 23]]"
12a_0169_17,"[[15, 22, 16, 23], [17, 20, 18, 21], [19, 8, 20, 9], [21, 16, 22, 17], [23, 14, 24, 15], [1, 12, 2, 13], [3, 7, 4, 6], [5, 11, 6, 10], [7, 18, 8, 19], [9, 5, 10, 4], [11, 2, 12, 3], [13, 24, 14, 1]]"
12a_0169_18,"[[13, 24, 14, 1], [15, 22, 16, 23], [17, 20, 18, 21], [19, 8, 20, 9], [21, 16, 22, 17], [23, 14, 24, 15], [1, 12, 2, 13], [3, 7, 4, 6], [5, 11, 6, 10], [7, 18, 8, 19], [9, 5, 10, 4], [11, 2, 12, 3]]"
12a_0169_19,"[[11, 2, 12, 3], [13, 24, 14, 1], [15, 22, 16, 23], [17, 20, 18, 21], [19, 8, 20, 9], [21, 16, 22, 17], [23, 14, 24, 15], [1, 12, 2, 13], [3, 7, 4, 6], [5, 11, 6, 10], [7, 18, 8, 19], [9, 5, 10, 4]]"
12a_0169_20,"[[9, 5, 10, 4], [11, 2, 12, 3], [13, 24, 14, 1], [15, 22, 16, 23], [17, 20, 18, 21], [19, 8, 20, 9], [21, 16, 22, 17], [23, 14, 24, 15], [1, 12, 2, 13], [3, 7, 4, 6], [5, 11, 6, 10], [7, 18, 8, 19]]"
12a_0169_21,"[[7, 18, 8, 19], [9, 5, 10, 4], [11, 2, 12, 3], [13, 24, 14, 1], [15, 22, 16, 23], [17, 20, 18, 21], [19, 8, 20, 9], [21, 16, 22, 17], [23, 14, 24, 15], [1, 12, 2, 13], [3, 7, 4, 6], [5, 11, 6, 10]]"
12a_0169_22,"[[5, 11, 6, 10], [7, 18, 8, 19], [9, 5, 10, 4], [11, 2, 12, 3], [13, 24, 14, 1], [15, 22, 16, 23], [17, 20, 18, 21], [19, 8, 20, 9], [21, 16, 22, 17], [23, 14, 24, 15], [1, 12, 2, 13], [3, 7, 4, 6]]"
12a_0169_23,"[[3, 7, 4, 6], [5, 11, 6, 10], [7, 18, 8, 19], [9, 5, 10, 4], [11, 2, 12, 3], [13, 24, 14, 1], [15, 22, 16, 23], [17, 20, 18, 21], [19, 8, 20, 9], [21, 16, 22, 17], [23, 14, 24, 15], [1, 12, 2, 13]]"
12a_0169_24,"[[2, 13, 3, 14], [4, 8, 5, 7], [6, 12, 7, 11], [8, 19, 9, 20], [10, 6, 11, 5], [12, 3, 13, 4], [14, 1, 15, 2], [16, 23, 17, 24], [18, 21, 19, 22], [20, 9, 21, 10], [22, 17, 23, 18], [24, 15, 1, 16]]"
12a_0169_25,"[[24, 15, 1, 16], [2, 13, 3, 14], [4, 8, 5, 7], [6, 12, 7, 11], [8, 19, 9, 20], [10, 6, 11, 5], [12, 3, 13, 4], [14, 1, 15, 2], [16, 23, 17, 24], [18, 21, 19, 22], [20, 9, 21, 10], [22, 17, 23, 18]]"
12a_0169_26,"[[22, 17, 23, 18], [24, 15, 1, 16], [2, 13, 3, 14], [4, 8, 5, 7], [6, 12, 7, 11], [8, 19, 9, 20], [10, 6, 11, 5], [12, 3, 13, 4], [14, 1, 15, 2], [16, 23, 17, 24], [18, 21, 19, 22], [20, 9, 21, 10]]"
12a_0169_27,"[[20, 9, 21, 10], [22, 17, 23, 18], [24, 15, 1, 16], [2, 13, 3, 14], [4, 8, 5, 7], [6, 12, 7, 11], [8, 19, 9, 20], [10, 6, 11, 5], [12, 3, 13, 4], [14, 1, 15, 2], [16, 23, 17, 24], [18, 21, 19, 22]]"
12a_0169_28,"[[18, 21, 19, 22], [20, 9, 21, 10], [22, 17, 23, 18], [24, 15, 1, 16], [2, 13, 3, 14], [4, 8, 5, 7], [6, 12, 7, 11], [8, 19, 9, 20], [10, 6, 11, 5], [12, 3, 13, 4], [14, 1, 15, 2], [16, 23, 17, 24]]"
12a_0169_29,"[[16, 23, 17, 24], [18, 21, 19, 22], [20, 9, 21, 10], [22, 17, 23, 18], [24, 15, 1, 16], [2, 13, 3, 14], [4, 8, 5, 7], [6, 12, 7, 11], [8, 19, 9, 20], [10, 6, 11, 5], [12, 3, 13, 4], [14, 1, 15, 2]]"
12a_0169_30,"[[14, 1, 15, 2], [16, 23, 17, 24], [18, 21, 19, 22], [20, 9, 21, 10], [22, 17, 23, 18], [24, 15, 1, 16], [2, 13, 3, 14], [4, 8, 5, 7], [6, 12, 7, 11], [8, 19, 9, 20], [10, 6, 11, 5], [12, 3, 13, 4]]"
12a_0169_31,"[[12, 3, 13, 4], [14, 1, 15, 2], [16, 23, 17, 24], [18, 21, 19, 22], [20, 9, 21, 10], [22, 17, 23, 18], [24, 15, 1, 16], [2, 13, 3, 14], [4, 8, 5, 7], [6, 12, 7, 11], [8, 19, 9, 20], [10, 6, 11, 5]]"
12a_0169_32,"[[10, 6, 11, 5], [12, 3, 13, 4], [14, 1, 15, 2], [16, 23, 17, 24], [18, 21, 19, 22], [20, 9, 21, 10], [22, 17, 23, 18], [24, 15, 1, 16], [2, 13, 3, 14], [4, 8, 5, 7], [6, 12, 7, 11], [8, 19, 9, 20]]"
12a_0169_33,"[[8, 19, 9, 20], [10, 6, 11, 5], [12, 3, 13, 4], [14, 1, 15, 2], [16, 23, 17, 24], [18, 21, 19, 22], [20, 9, 21, 10], [22, 17, 23, 18], [24, 15, 1, 16], [2, 13, 3, 14], [4, 8, 5, 7], [6, 12, 7, 11]]"
12a_0169_34,"[[6, 12, 7, 11], [8, 19, 9, 20], [10, 6, 11, 5], [12, 3, 13, 4], [14, 1, 15, 2], [16, 23, 17, 24], [18, 21, 19, 22], [20, 9, 21, 10], [22, 17, 23, 18], [24, 15, 1, 16], [2, 13, 3, 14], [4, 8, 5, 7]]"
12a_0169_35,"[[4, 8, 5, 7], [6, 12, 7, 11], [8, 19, 9, 20], [10, 6, 11, 5], [12, 3, 13, 4], [14, 1, 15, 2], [16, 23, 17, 24], [18, 21, 19, 22], [20, 9, 21, 10], [22, 17, 23, 18], [24, 15, 1, 16], [2, 13, 3, 14]]"
12a_0169_36,"[[3, 14, 4, 15], [5, 9, 6, 8], [7, 13, 8, 12], [9, 20, 10, 21], [11, 7, 12, 6], [13, 4, 14, 5], [15, 2, 16, 3], [17, 24, 18, 1], [19, 22, 20, 23], [21, 10, 22, 11], [23, 18, 24, 19], [1, 16, 2, 17]]"
12a_0169_37,"[[1, 16, 2, 17], [3, 14, 4, 15], [5, 9, 6, 8], [7, 13, 8, 12], [9, 20, 10, 21], [11, 7, 12, 6], [13, 4, 14, 5], [15, 2, 16, 3], [17, 24, 18, 1], [19, 22, 20, 23], [21, 10, 22, 11], [23, 18, 24, 19]]"
12a_0169_38,"[[23, 18, 24, 19], [1, 16, 2, 17], [3, 14, 4, 15], [5, 9, 6, 8], [7, 13, 8, 12], [9, 20, 10, 21], [11, 7, 12, 6], [13, 4, 14, 5], [15, 2, 16, 3], [17, 24, 18, 1], [19, 22, 20, 23], [21, 10, 22, 11]]"
12a_0169_39,"[[21, 10, 22, 11], [23, 18, 24, 19], [1, 16, 2, 17], [3, 14, 4, 15], [5, 9, 6, 8], [7, 13, 8, 12], [9, 20, 10, 21], [11, 7, 12, 6], [13, 4, 14, 5], [15, 2, 16, 3], [17, 24, 18, 1], [19, 22, 20, 23]]"
12a_0169_40,"[[19, 22, 20, 23], [21, 10, 22, 11], [23, 18, 24, 19], [1, 16, 2, 17], [3, 14, 4, 15], [5, 9, 6, 8], [7, 13, 8, 12], [9, 20, 10, 21], [11, 7, 12, 6], [13, 4, 14, 5], [15, 2, 16, 3], [17, 24, 18, 1]]"
12a_0169_41,"[[17, 24, 18, 1], [19, 22, 20, 23], [21, 10, 22, 11], [23, 18, 24, 19], [1, 16, 2, 17], [3, 14, 4, 15], [5, 9, 6, 8], [7, 13, 8, 12], [9, 20, 10, 21], [11, 7, 12, 6], [13, 4, 14, 5], [15, 2, 16, 3]]"
12a_0169_42,"[[15, 2, 16, 3], [17, 24, 18, 1], [19, 22, 20, 23], [21, 10, 22, 11], [23, 18, 24, 19], [1, 16, 2, 17], [3, 14, 4, 15], [5, 9, 6, 8], [7, 13, 8, 12], [9, 20, 10, 21], [11, 7, 12, 6], [13, 4, 14, 5]]"
12a_0169_43,"[[13, 4, 14, 5], [15, 2, 16, 3], [17, 24, 18, 1], [19, 22, 20, 23], [21, 10, 22, 11], [23, 18, 24, 19], [1, 16, 2, 17], [3, 14, 4, 15], [5, 9, 6, 8], [7, 13, 8, 12], [9, 20, 10, 21], [11, 7, 12, 6]]"
12a_0169_44,"[[11, 7, 12, 6], [13, 4, 14, 5], [15, 2, 16, 3], [17, 24, 18, 1], [19, 22, 20, 23], [21, 10, 22, 11], [23, 18, 24, 19], [1, 16, 2, 17], [3, 14, 4, 15], [5, 9, 6, 8], [7, 13, 8, 12], [9, 20, 10, 21]]"
12a_0169_45,"[[9, 20, 10, 21], [11, 7, 12, 6], [13, 4, 14, 5], [15, 2, 16, 3], [17, 24, 18, 1], [19, 22, 20, 23], [21, 10, 22, 11], [23, 18, 24, 19], [1, 16, 2, 17], [3, 14, 4, 15], [5, 9, 6, 8], [7, 13, 8, 12]]"
12a_0169_46,"[[7, 13, 8, 12], [9, 20, 10, 21], [11, 7, 12, 6], [13, 4, 14, 5], [15, 2, 16, 3], [17, 24, 18, 1], [19, 22, 20, 23], [21, 10, 22, 11], [23, 18, 24, 19], [1, 16, 2, 17], [3, 14, 4, 15], [5, 9, 6, 8]]"
12a_0169_47,"[[5, 9, 6, 8], [7, 13, 8, 12], [9, 20, 10, 21], [11, 7, 12, 6], [13, 4, 14, 5], [15, 2, 16, 3], [17, 24, 18, 1], [19, 22, 20, 23], [21, 10, 22, 11], [23, 18, 24, 19], [1, 16, 2, 17], [3, 14, 4, 15]]"
12a_0169_48,"[[4, 15, 5, 16], [6, 10, 7, 9], [8, 14, 9, 13], [10, 21, 11, 22], [12, 8, 13, 7], [14, 5, 15, 6], [16, 3, 17, 4], [18, 1, 19, 2], [20, 23, 21, 24], [22, 11, 23, 12], [24, 19, 1, 20], [2, 17, 3, 18]]"
12a_0169_49,"[[2, 17, 3, 18], [4, 15, 5, 16], [6, 10, 7, 9], [8, 14, 9, 13], [10, 21, 11, 22], [12, 8, 13, 7], [14, 5, 15, 6], [16, 3, 17, 4], [18, 1, 19, 2], [20, 23, 21, 24], [22, 11, 23, 12], [24, 19, 1, 20]]"
12a_0169_50,"[[24, 19, 1, 20], [2, 17, 3, 18], [4, 15, 5, 16], [6, 10, 7, 9], [8, 14, 9, 13], [10, 21, 11, 22], [12, 8, 13, 7], [14, 5, 15, 6], [16, 3, 17, 4], [18, 1, 19, 2], [20, 23, 21, 24], [22, 11, 23, 12]]"
12a_0169_51,"[[22, 11, 23, 12], [24, 19, 1, 20], [2, 17, 3, 18], [4, 15, 5, 16], [6, 10, 7, 9], [8, 14, 9, 13], [10, 21, 11, 22], [12, 8, 13, 7], [14, 5, 15, 6], [16, 3, 17, 4], [18, 1, 19, 2], [20, 23, 21, 24]]"
12a_0169_52,"[[20, 23, 21, 24], [22, 11, 23, 12], [24, 19, 1, 20], [2, 17, 3, 18], [4, 15, 5, 16], [6, 10, 7, 9], [8, 14, 9, 13], [10, 21, 11, 22], [12, 8, 13, 7], [14, 5, 15, 6], [16, 3, 17, 4], [18, 1, 19, 2]]"
12a_0169_53,"[[18, 1, 19, 2], [20, 23, 21, 24], [22, 11, 23, 12], [24, 19, 1, 20], [2, 17, 3, 18], [4, 15, 5, 16], [6, 10, 7, 9], [8, 14, 9, 13], [10, 21, 11, 22], [12, 8, 13, 7], [14, 5, 15, 6], [16, 3, 17, 4]]"
12a_0169_54,"[[16, 3, 17, 4], [18, 1, 19, 2], [20, 23, 21, 24], [22, 11, 23, 12], [24, 19, 1, 20], [2, 17, 3, 18], [4, 15, 5, 16], [6, 10, 7, 9], [8, 14, 9, 13], [10, 21, 11, 22], [12, 8, 13, 7], [14, 5, 15, 6]]"
12a_0169_55,"[[14, 5, 15, 6], [16, 3, 17, 4], [18, 1, 19, 2], [20, 23, 21, 24], [22, 11, 23, 12], [24, 19, 1, 20], [2, 17, 3, 18], [4, 15, 5, 16], [6, 10, 7, 9], [8, 14, 9, 13], [10, 21, 11, 22], [12, 8, 13, 7]]"
12a_0169_56,"[[12, 8, 13, 7], [14, 5, 15, 6], [16, 3, 17, 4], [18, 1, 19, 2], [20, 23, 21, 24], [22, 11, 23, 12], [24, 19, 1, 20], [2, 17, 3, 18], [4, 15, 5, 16], [6, 10, 7, 9], [8, 14, 9, 13], [10, 21, 11, 22]]"
12a_0169_57,"[[10, 21, 11, 22], [12, 8, 13, 7], [14, 5, 15, 6], [16, 3, 17, 4], [18, 1, 19, 2], [20, 23, 21, 24], [22, 11, 23, 12], [24, 19, 1, 20], [2, 17, 3, 18], [4, 15, 5, 16], [6, 10, 7, 9], [8, 14, 9, 13]]"
12a_0169_58,"[[8, 14, 9, 13], [10, 21, 11, 22], [12, 8, 13, 7], [14, 5, 15, 6], [16, 3, 17, 4], [18, 1, 19, 2], [20, 23, 21, 24], [22, 11, 23, 12], [24, 19, 1, 20], [2, 17, 3, 18], [4, 15, 5, 16], [6, 10, 7, 9]]"
12a_0169_59,"[[6, 10, 7, 9], [8, 14, 9, 13], [10, 21, 11, 22], [12, 8, 13, 7], [14, 5, 15, 6], [16, 3, 17, 4], [18, 1, 19, 2], [20, 23, 21, 24], [22, 11, 23, 12], [24, 19, 1, 20], [2, 17, 3, 18], [4, 15, 5, 16]]"
12a_0169_60,"[[5, 16, 6, 17], [7, 11, 8, 10], [9, 15, 10, 14], [11, 22, 12, 23], [13, 9, 14, 8], [15, 6, 16, 7], [17, 4, 18, 5], [19, 2, 20, 3], [21, 24, 22, 1], [23, 12, 24, 13], [1, 20, 2, 21], [3, 18, 4, 19]]"
12a_0169_61,"[[3, 18, 4, 19], [5, 16, 6, 17], [7, 11, 8, 10], [9, 15, 10, 14], [11, 22, 12, 23], [13, 9, 14, 8], [15, 6, 16, 7], [17, 4, 18, 5], [19, 2, 20, 3], [21, 24, 22, 1], [23, 12, 24, 13], [1, 20, 2, 21]]"
12a_0169_62,"[[1, 20, 2, 21], [3, 18, 4, 19], [5, 16, 6, 17], [7, 11, 8, 10], [9, 15, 10, 14], [11, 22, 12, 23], [13, 9, 14, 8], [15, 6, 16, 7], [17, 4, 18, 5], [19, 2, 20, 3], [21, 24, 22, 1], [23, 12, 24, 13]]"
12a_0169_63,"[[23, 12, 24, 13], [1, 20, 2, 21], [3, 18, 4, 19], [5, 16, 6, 17], [7, 11, 8, 10], [9, 15, 10, 14], [11, 22, 12, 23], [13, 9, 14, 8], [15, 6, 16, 7], [17, 4, 18, 5], [19, 2, 20, 3], [21, 24, 22, 1]]"
12a_0169_64,"[[21, 24, 22, 1], [23, 12, 24, 13], [1, 20, 2, 21], [3, 18, 4, 19], [5, 16, 6, 17], [7, 11, 8, 10], [9, 15, 10, 14], [11, 22, 12, 23], [13, 9, 14, 8], [15, 6, 16, 7], [17, 4, 18, 5], [19, 2, 20, 3]]"
12a_0169_65,"[[19, 2, 20, 3], [21, 24, 22, 1], [23, 12, 24, 13], [1, 20, 2, 21], [3, 18, 4, 19], [5, 16, 6, 17], [7, 11, 8, 10], [9, 15, 10, 14], [11, 22, 12, 23], [13, 9, 14, 8], [15, 6, 16, 7], [17, 4, 18, 5]]"
12a_0169_66,"[[17, 4, 18, 5], [19, 2, 20, 3], [21, 24, 22, 1], [23, 12, 24, 13], [1, 20, 2, 21], [3, 18, 4, 19], [5, 16, 6, 17], [7, 11, 8, 10], [9, 15, 10, 14], [11, 22, 12, 23], [13, 9, 14, 8], [15, 6, 16, 7]]"
12a_0169_67,"[[15, 6, 16, 7], [17, 4, 18, 5], [19, 2, 20, 3], [21, 24, 22, 1], [23, 12, 24, 13], [1, 20, 2, 21], [3, 18, 4, 19], [5, 16, 6, 17], [7, 11, 8, 10], [9, 15, 10, 14], [11, 22, 12, 23], [13, 9, 14, 8]]"
12a_0169_68,"[[13, 9, 14, 8], [15, 6, 16, 7], [17, 4, 18, 5], [19, 2, 20, 3], [21, 24, 22, 1], [23, 12, 24, 13], [1, 20, 2, 21], [3, 18, 4, 19], [5, 16, 6, 17], [7, 11, 8, 10], [9, 15, 10, 14], [11, 22, 12, 23]]"
12a_0169_69,"[[11, 22, 12, 23], [13, 9, 14, 8], [15, 6, 16, 7], [17, 4, 18, 5], [19, 2, 20, 3], [21, 24, 22, 1], [23, 12, 24, 13], [1, 20, 2, 21], [3, 18, 4, 19], [5, 16, 6, 17], [7, 11, 8, 10], [9, 15, 10, 14]]"
12a_0169_70,"[[9, 15, 10, 14], [11, 22, 12, 23], [13, 9, 14, 8], [15, 6, 16, 7], [17, 4, 18, 5], [19, 2, 20, 3], [21, 24, 22, 1], [23, 12, 24, 13], [1, 20, 2, 21], [3, 18, 4, 19], [5, 16, 6, 17], [7, 11, 8, 10]]"
12a_0169_71,"[[7, 11, 8, 10], [9, 15, 10, 14], [11, 22, 12, 23], [13, 9, 14, 8], [15, 6, 16, 7], [17, 4, 18, 5], [19, 2, 20, 3], [21, 24, 22, 1], [23, 12, 24, 13], [1, 20, 2, 21], [3, 18, 4, 19], [5, 16, 6, 17]]"
12a_0169_72,"[[6, 17, 7, 18], [8, 12, 9, 11], [10, 16, 11, 15], [12, 23, 13, 24], [14, 10, 15, 9], [16, 7, 17, 8], [18, 5, 19, 6], [20, 3, 21, 4], [22, 1, 23, 2], [24, 13, 1, 14], [2, 21, 3, 22], [4, 19, 5, 20]]"
12a_0169_73,"[[4, 19, 5, 20], [6, 17, 7, 18], [8, 12, 9, 11], [10, 16, 11, 15], [12, 23, 13, 24], [14, 10, 15, 9], [16, 7, 17, 8], [18, 5, 19, 6], [20, 3, 21, 4], [22, 1, 23, 2], [24, 13, 1, 14], [2, 21, 3, 22]]"
12a_0169_74,"[[2, 21, 3, 22], [4, 19, 5, 20], [6, 17, 7, 18], [8, 12, 9, 11], [10, 16, 11, 15], [12, 23, 13, 24], [14, 10, 15, 9], [16, 7, 17, 8], [18, 5, 19, 6], [20, 3, 21, 4], [22, 1, 23, 2], [24, 13, 1, 14]]"
12a_0169_75,"[[24, 13, 1, 14], [2, 21, 3, 22], [4, 19, 5, 20], [6, 17, 7, 18], [8, 12, 9, 11], [10, 16, 11, 15], [12, 23, 13, 24], [14, 10, 15, 9], [16, 7, 17, 8], [18, 5, 19, 6], [20, 3, 21, 4], [22, 1, 23, 2]]"
12a_0169_76,"[[22, 1, 23, 2], [24, 13, 1, 14], [2, 21, 3, 22], [4, 19, 5, 20], [6, 17, 7, 18], [8, 12, 9, 11], [10, 16, 11, 15], [12, 23, 13, 24], [14, 10, 15, 9], [16, 7, 17, 8], [18, 5, 19, 6], [20, 3, 21, 4]]"
12a_0169_77,"[[20, 3, 21, 4], [22, 1, 23, 2], [24, 13, 1, 14], [2, 21, 3, 22], [4, 19, 5, 20], [6, 17, 7, 18], [8, 12, 9, 11], [10, 16, 11, 15], [12, 23, 13, 24], [14, 10, 15, 9], [16, 7, 17, 8], [18, 5, 19, 6]]"
12a_0169_78,"[[18, 5, 19, 6], [20, 3, 21, 4], [22, 1, 23, 2], [24, 13, 1, 14], [2, 21, 3, 22], [4, 19, 5, 20], [6, 17, 7, 18], [8, 12, 9, 11], [10, 16, 11, 15], [12, 23, 13, 24], [14, 10, 15, 9], [16, 7, 17, 8]]"
12a_0169_79,"[[16, 7, 17, 8], [18, 5, 19, 6], [20, 3, 21, 4], [22, 1, 23, 2], [24, 13, 1, 14], [2, 21, 3, 22], [4, 19, 5, 20], [6, 17, 7, 18], [8, 12, 9, 11], [10, 16, 11, 15], [12, 23, 13, 24], [14, 10, 15, 9]]"
12a_0169_80,"[[14, 10, 15, 9], [16, 7, 17, 8], [18, 5, 19, 6], [20, 3, 21, 4], [22, 1, 23, 2], [24, 13, 1, 14], [2, 21, 3, 22], [4, 19, 5, 20], [6, 17, 7, 18], [8, 12, 9, 11], [10, 16, 11, 15], [12, 23, 13, 24]]"
12a_0169_81,"[[12, 23, 13, 24], [14, 10, 15, 9], [16, 7, 17, 8], [18, 5, 19, 6], [20, 3, 21, 4], [22, 1, 23, 2], [24, 13, 1, 14], [2, 21, 3, 22], [4, 19, 5, 20], [6, 17, 7, 18], [8, 12, 9, 11], [10, 16, 11, 15]]"
12a_0169_82,"[[10, 16, 11, 15], [12, 23, 13, 24], [14, 10, 15, 9], [16, 7, 17, 8], [18, 5, 19, 6], [20, 3, 21, 4], [22, 1, 23, 2], [24, 13, 1, 14], [2, 21, 3, 22], [4, 19, 5, 20], [6, 17, 7, 18], [8, 12, 9, 11]]"
12a_0169_83,"[[8, 12, 9, 11], [10, 16, 11, 15], [12, 23, 13, 24], [14, 10, 15, 9], [16, 7, 17, 8], [18, 5, 19, 6], [20, 3, 21, 4], [22, 1, 23, 2], [24, 13, 1, 14], [2, 21, 3, 22], [4, 19, 5, 20], [6, 17, 7, 18]]"
12a_0169_84,"[[7, 18, 8, 19], [9, 13, 10, 12], [11, 17, 12, 16], [13, 24, 14, 1], [15, 11, 16, 10], [17, 8, 18, 9], [19, 6, 20, 7], [21, 4, 22, 5], [23, 2, 24, 3], [1, 14, 2, 15], [3, 22, 4, 23], [5, 20, 6, 21]]"
12a_0169_85,"[[5, 20, 6, 21], [7, 18, 8, 19], [9, 13, 10, 12], [11, 17, 12, 16], [13, 24, 14, 1], [15, 11, 16, 10], [17, 8, 18, 9], [19, 6, 20, 7], [21, 4, 22, 5], [23, 2, 24, 3], [1, 14, 2, 15], [3, 22, 4, 23]]"
12a_0169_86,"[[3, 22, 4, 23], [5, 20, 6, 21], [7, 18, 8, 19], [9, 13, 10, 12], [11, 17, 12, 16], [13, 24, 14, 1], [15, 11, 16, 10], [17, 8, 18, 9], [19, 6, 20, 7], [21, 4, 22, 5], [23, 2, 24, 3], [1, 14, 2, 15]]"
12a_0169_87,"[[1, 14, 2, 15], [3, 22, 4, 23], [5, 20, 6, 21], [7, 18, 8, 19], [9, 13, 10, 12], [11, 17, 12, 16], [13, 24, 14, 1], [15, 11, 16, 10], [17, 8, 18, 9], [19, 6, 20, 7], [21, 4, 22, 5], [23, 2, 24, 3]]"
12a_0169_88,"[[23, 2, 24, 3], [1, 14, 2, 15], [3, 22, 4, 23], [5, 20, 6, 21], [7, 18, 8, 19], [9, 13, 10, 12], [11, 17, 12, 16], [13, 24, 14, 1], [15, 11, 16, 10], [17, 8, 18, 9], [19, 6, 20, 7], [21, 4, 22, 5]]"
12a_0169_89,"[[21, 4, 22, 5], [23, 2, 24, 3], [1, 14, 2, 15], [3, 22, 4, 23], [5, 20, 6, 21], [7, 18, 8, 19], [9, 13, 10, 12], [11, 17, 12, 16], [13, 24, 14, 1], [15, 11, 16, 10], [17, 8, 18, 9], [19, 6, 20, 7]]"
12a_0169_90,"[[19, 6, 20, 7], [21, 4, 22, 5], [23, 2, 24, 3], [1, 14, 2, 15], [3, 22, 4, 23], [5, 20, 6, 21], [7, 18, 8, 19], [9, 13, 10, 12], [11, 17, 12, 16], [13, 24, 14, 1], [15, 11, 16, 10], [17, 8, 18, 9]]"
12a_0169_91,"[[17, 8, 18, 9], [19, 6, 20, 7], [21, 4, 22, 5], [23, 2, 24, 3], [1, 14, 2, 15], [3, 22, 4, 23], [5, 20, 6, 21], [7, 18, 8, 19], [9, 13, 10, 12], [11, 17, 12, 16], [13, 24, 14, 1], [15, 11, 16, 10]]"
12a_0169_92,"[[15, 11, 16, 10], [17, 8, 18, 9], [19, 6, 20, 7], [21, 4, 22, 5], [23, 2, 24, 3], [1, 14, 2, 15], [3, 22, 4, 23], [5, 20, 6, 21], [7, 18, 8, 19], [9, 13, 10, 12], [11, 17, 12, 16], [13, 24, 14, 1]]"
12a_0169_93,"[[13, 24, 14, 1], [15, 11, 16, 10], [17, 8, 18, 9], [19, 6, 20, 7], [21, 4, 22, 5], [23, 2, 24, 3], [1, 14, 2, 15], [3, 22, 4, 23], [5, 20, 6, 21], [7, 18, 8, 19], [9, 13, 10, 12], [11, 17, 12, 16]]"
12a_0169_94,"[[11, 17, 12, 16], [13, 24, 14, 1], [15, 11, 16, 10], [17, 8, 18, 9], [19, 6, 20, 7], [21, 4, 22, 5], [23, 2, 24, 3], [1, 14, 2, 15], [3, 22, 4, 23], [5, 20, 6, 21], [7, 18, 8, 19], [9, 13, 10, 12]]"
12a_0169_95,"[[9, 13, 10, 12], [11, 17, 12, 16], [13, 24, 14, 1], [15, 11, 16, 10], [17, 8, 18, 9], [19, 6, 20, 7], [21, 4, 22, 5], [23, 2, 24, 3], [1, 14, 2, 15], [3, 22, 4, 23], [5, 20, 6, 21], [7, 18, 8, 19]]"
12a_0169_96,"[[8, 19, 9, 20], [10, 14, 11, 13], [12, 18, 13, 17], [14, 1, 15, 2], [16, 12, 17, 11], [18, 9, 19, 10], [20, 7, 21, 8], [22, 5, 23, 6], [24, 3, 1, 4], [2, 15, 3, 16], [4, 23, 5, 24], [6, 21, 7, 22]]"
12a_0169_97,"[[6, 21, 7, 22], [8, 19, 9, 20], [10, 14, 11, 13], [12, 18, 13, 17], [14, 1, 15, 2], [16, 12, 17, 11], [18, 9, 19, 10], [20, 7, 21, 8], [22, 5, 23, 6], [24, 3, 1, 4], [2, 15, 3, 16], [4, 23, 5, 24]]"
12a_0169_98,"[[4, 23, 5, 24], [6, 21, 7, 22], [8, 19, 9, 20], [10, 14, 11, 13], [12, 18, 13, 17], [14, 1, 15, 2], [16, 12, 17, 11], [18, 9, 19, 10], [20, 7, 21, 8], [22, 5, 23, 6], [24, 3, 1, 4], [2, 15, 3, 16]]"
12a_0169_99,"[[2, 15, 3, 16], [4, 23, 5, 24], [6, 21, 7, 22], [8, 19, 9, 20], [10, 14, 11, 13], [12, 18, 13, 17], [14, 1, 15, 2], [16, 12, 17, 11], [18, 9, 19, 10], [20, 7, 21, 8], [22, 5, 23, 6], [24, 3, 1, 4]]"
12a_0169_100,"[[24, 3, 1, 4], [2, 15, 3, 16], [4, 23, 5, 24], [6, 21, 7, 22], [8, 19, 9, 20], [10, 14, 11, 13], [12, 18, 13, 17], [14, 1, 15, 2], [16, 12, 17, 11], [18, 9, 19, 10], [20, 7, 21, 8], [22, 5, 23, 6]]"
12a_0169_101,"[[22, 5, 23, 6], [24, 3, 1, 4], [2, 15, 3, 16], [4, 23, 5, 24], [6, 21, 7, 22], [8, 19, 9, 20], [10, 14, 11, 13], [12, 18, 13, 17], [14, 1, 15, 2], [16, 12, 17, 11], [18, 9, 19, 10], [20, 7, 21, 8]]"
12a_0169_102,"[[20, 7, 21, 8], [22, 5, 23, 6], [24, 3, 1, 4], [2, 15, 3, 16], [4, 23, 5, 24], [6, 21, 7, 22], [8, 19, 9, 20], [10, 14, 11, 13], [12, 18, 13, 17], [14, 1, 15, 2], [16, 12, 17, 11], [18, 9, 19, 10]]"
12a_0169_103,"[[18, 9, 19, 10], [20, 7, 21, 8], [22, 5, 23, 6], [24, 3, 1, 4], [2, 15, 3, 16], [4, 23, 5, 24], [6, 21, 7, 22], [8, 19, 9, 20], [10, 14, 11, 13], [12, 18, 13, 17], [14, 1, 15, 2], [16, 12, 17, 11]]"
12a_0169_104,"[[16, 12, 17, 11], [18, 9, 19, 10], [20, 7, 21, 8], [22, 5, 23, 6], [24, 3, 1, 4], [2, 15, 3, 16], [4, 23, 5, 24], [6, 21, 7, 22], [8, 19, 9, 20], [10, 14, 11, 13], [12, 18, 13, 17], [14, 1, 15, 2]]"
12a_0169_105,"[[14, 1, 15, 2], [16, 12, 17, 11], [18, 9, 19, 10], [20, 7, 21, 8], [22, 5, 23, 6], [24, 3, 1, 4], [2, 15, 3, 16], [4, 23, 5, 24], [6, 21, 7, 22], [8, 19, 9, 20], [10, 14, 11, 13], [12, 18, 13, 17]]"
12a_0169_106,"[[12, 18, 13, 17], [14, 1, 15, 2], [16, 12, 17, 11], [18, 9, 19, 10], [20, 7, 21, 8], [22, 5, 23, 6], [24, 3, 1, 4], [2, 15, 3, 16], [4, 23, 5, 24], [6, 21, 7, 22], [8, 19, 9, 20], [10, 14, 11, 13]]"
12a_0169_107,"[[10, 14, 11, 13], [12, 18, 13, 17], [14, 1, 15, 2], [16, 12, 17, 11], [18, 9, 19, 10], [20, 7, 21, 8], [22, 5, 23, 6], [24, 3, 1, 4], [2, 15, 3, 16], [4, 23, 5, 24], [6, 21, 7, 22], [8, 19, 9, 20]]"
12a_0169_108,"[[9, 20, 10, 21], [11, 15, 12, 14], [13, 19, 14, 18], [15, 2, 16, 3], [17, 13, 18, 12], [19, 10, 20, 11], [21, 8, 22, 9], [23, 6, 24, 7], [1, 4, 2, 5], [3, 16, 4, 17], [5, 24, 6, 1], [7, 22, 8, 23]]"
12a_0169_109,"[[7, 22, 8, 23], [9, 20, 10, 21], [11, 15, 12, 14], [13, 19, 14, 18], [15, 2, 16, 3], [17, 13, 18, 12], [19, 10, 20, 11], [21, 8, 22, 9], [23, 6, 24, 7], [1, 4, 2, 5], [3, 16, 4, 17], [5, 24, 6, 1]]"
12a_0169_110,"[[5, 24, 6, 1], [7, 22, 8, 23], [9, 20, 10, 21], [11, 15, 12, 14], [13, 19, 14, 18], [15, 2, 16, 3], [17, 13, 18, 12], [19, 10, 20, 11], [21, 8, 22, 9], [23, 6, 24, 7], [1, 4, 2, 5], [3, 16, 4, 17]]"
12a_0169_111,"[[3, 16, 4, 17], [5, 24, 6, 1], [7, 22, 8, 23], [9, 20, 10, 21], [11, 15, 12, 14], [13, 19, 14, 18], [15, 2, 16, 3], [17, 13, 18, 12], [19, 10, 20, 11], [21, 8, 22, 9], [23, 6, 24, 7], [1, 4, 2, 5]]"
12a_0169_112,"[[1, 4, 2, 5], [3, 16, 4, 17], [5, 24, 6, 1], [7, 22, 8, 23], [9, 20, 10, 21], [11, 15, 12, 14], [13, 19, 14, 18], [15, 2, 16, 3], [17, 13, 18, 12], [19, 10, 20, 11], [21, 8, 22, 9], [23, 6, 24, 7]]"
12a_0169_113,"[[23, 6, 24, 7], [1, 4, 2, 5], [3, 16, 4, 17], [5, 24, 6, 1], [7, 22, 8, 23], [9, 20, 10, 21], [11, 15, 12, 14], [13, 19, 14, 18], [15, 2, 16, 3], [17, 13, 18, 12], [19, 10, 20, 11], [21, 8, 22, 9]]"
12a_0169_114,"[[21, 8, 22, 9], [23, 6, 24, 7], [1, 4, 2, 5], [3, 16, 4, 17], [5, 24, 6, 1], [7, 22, 8, 23], [9, 20, 10, 21], [11, 15, 12, 14], [13, 19, 14, 18], [15, 2, 16, 3], [17, 13, 18, 12], [19, 10, 20, 11]]"
12a_0169_115,"[[19, 10, 20, 11], [21, 8, 22, 9], [23, 6, 24, 7], [1, 4, 2, 5], [3, 16, 4, 17], [5, 24, 6, 1], [7, 22, 8, 23], [9, 20, 10, 21], [11, 15, 12, 14], [13, 19, 14, 18], [15, 2, 16, 3], [17, 13, 18, 12]]"
12a_0169_116,"[[17, 13, 18, 12], [19, 10, 20, 11], [21, 8, 22, 9], [23, 6, 24, 7], [1, 4, 2, 5], [3, 16, 4, 17], [5, 24, 6, 1], [7, 22, 8, 23], [9, 20, 10, 21], [11, 15, 12, 14], [13, 19, 14, 18], [15, 2, 16, 3]]"
12a_0169_117,"[[15, 2, 16, 3], [17, 13, 18, 12], [19, 10, 20, 11], [21, 8, 22, 9], [23, 6, 24, 7], [1, 4, 2, 5], [3, 16, 4, 17], [5, 24, 6, 1], [7, 22, 8, 23], [9, 20, 10, 21], [11, 15, 12, 14], [13, 19, 14, 18]]"
12a_0169_118,"[[13, 19, 14, 18], [15, 2, 16, 3], [17, 13, 18, 12], [19, 10, 20, 11], [21, 8, 22, 9], [23, 6, 24, 7], [1, 4, 2, 5], [3, 16, 4, 17], [5, 24, 6, 1], [7, 22, 8, 23], [9, 20, 10, 21], [11, 15, 12, 14]]"
12a_0169_119,"[[11, 15, 12, 14], [13, 19, 14, 18], [15, 2, 16, 3], [17, 13, 18, 12], [19, 10, 20, 11], [21, 8, 22, 9], [23, 6, 24, 7], [1, 4, 2, 5], [3, 16, 4, 17], [5, 24, 6, 1], [7, 22, 8, 23], [9, 20, 10, 21]]"
12a_0169_120,"[[10, 21, 11, 22], [12, 16, 13, 15], [14, 20, 15, 19], [16, 3, 17, 4], [18, 14, 19, 13], [20, 11, 21, 12], [22, 9, 23, 10], [24, 7, 1, 8], [2, 5, 3, 6], [4, 17, 5, 18], [6, 1, 7, 2], [8, 23, 9, 24]]"
12a_0169_121,"[[8, 23, 9, 24], [10, 21, 11, 22], [12, 16, 13, 15], [14, 20, 15, 19], [16, 3, 17, 4], [18, 14, 19, 13], [20, 11, 21, 12], [22, 9, 23, 10], [24, 7, 1, 8], [2, 5, 3, 6], [4, 17, 5, 18], [6, 1, 7, 2]]"
12a_0169_122,"[[6, 1, 7, 2], [8, 23, 9, 24], [10, 21, 11, 22], [12, 16, 13, 15], [14, 20, 15, 19], [16, 3, 17, 4], [18, 14, 19, 13], [20, 11, 21, 12], [22, 9, 23, 10], [24, 7, 1, 8], [2, 5, 3, 6], [4, 17, 5, 18]]"
12a_0169_123,"[[4, 17, 5, 18], [6, 1, 7, 2], [8, 23, 9, 24], [10, 21, 11, 22], [12, 16, 13, 15], [14, 20, 15, 19], [16, 3, 17, 4], [18, 14, 19, 13], [20, 11, 21, 12], [22, 9, 23, 10], [24, 7, 1, 8], [2, 5, 3, 6]]"
12a_0169_124,"[[2, 5, 3, 6], [4, 17, 5, 18], [6, 1, 7, 2], [8, 23, 9, 24], [10, 21, 11, 22], [12, 16, 13, 15], [14, 20, 15, 19], [16, 3, 17, 4], [18, 14, 19, 13], [20, 11, 21, 12], [22, 9, 23, 10], [24, 7, 1, 8]]"
12a_0169_125,"[[24, 7, 1, 8], [2, 5, 3, 6], [4, 17, 5, 18], [6, 1, 7, 2], [8, 23, 9, 24], [10, 21, 11, 22], [12, 16, 13, 15], [14, 20, 15, 19], [16, 3, 17, 4], [18, 14, 19, 13], [20, 11, 21, 12], [22, 9, 23, 10]]"
12a_0169_126,"[[22, 9, 23, 10], [24, 7, 1, 8], [2, 5, 3, 6], [4, 17, 5, 18], [6, 1, 7, 2], [8, 23, 9, 24], [10, 21, 11, 22], [12, 16, 13, 15], [14, 20, 15, 19], [16, 3, 17, 4], [18, 14, 19, 13], [20, 11, 21, 12]]"
12a_0169_127,"[[20, 11, 21, 12], [22, 9, 23, 10], [24, 7, 1, 8], [2, 5, 3, 6], [4, 17, 5, 18], [6, 1, 7, 2], [8, 23, 9, 24], [10, 21, 11, 22], [12, 16, 13, 15], [14, 20, 15, 19], [16, 3, 17, 4], [18, 14, 19, 13]]"
12a_0169_128,"[[18, 14, 19, 13], [20, 11, 21, 12], [22, 9, 23, 10], [24, 7, 1, 8], [2, 5, 3, 6], [4, 17, 5, 18], [6, 1, 7, 2], [8, 23, 9, 24], [10, 21, 11, 22], [12, 16, 13, 15], [14, 20, 15, 19], [16, 3, 17, 4]]"
12a_0169_129,"[[16, 3, 17, 4], [18, 14, 19, 13], [20, 11, 21, 12], [22, 9, 23, 10], [24, 7, 1, 8], [2, 5, 3, 6], [4, 17, 5, 18], [6, 1, 7, 2], [8, 23, 9, 24], [10, 21, 11, 22], [12, 16, 13, 15], [14, 20, 15, 19]]"
12a_0169_130,"[[14, 20, 15, 19], [16, 3, 17, 4], [18, 14, 19, 13], [20, 11, 21, 12], [22, 9, 23, 10], [24, 7, 1, 8], [2, 5, 3, 6], [4, 17, 5, 18], [6, 1, 7, 2], [8, 23, 9, 24], [10, 21, 11, 22], [12, 16, 13, 15]]"
12a_0169_131,"[[12, 16, 13, 15], [14, 20, 15, 19], [16, 3, 17, 4], [18, 14, 19, 13], [20, 11, 21, 12], [22, 9, 23, 10], [24, 7, 1, 8], [2, 5, 3, 6], [4, 17, 5, 18], [6, 1, 7, 2], [8, 23, 9, 24], [10, 21, 11, 22]]"
12a_0169_132,"[[11, 22, 12, 23], [13, 17, 14, 16], [15, 21, 16, 20], [17, 4, 18, 5], [19, 15, 20, 14], [21, 12, 22, 13], [23, 10, 24, 11], [1, 8, 2, 9], [3, 6, 4, 7], [5, 18, 6, 19], [7, 2, 8, 3], [9, 24, 10, 1]]"
12a_0169_133,"[[9, 24, 10, 1], [11, 22, 12, 23], [13, 17, 14, 16], [15, 21, 16, 20], [17, 4, 18, 5], [19, 15, 20, 14], [21, 12, 22, 13], [23, 10, 24, 11], [1, 8, 2, 9], [3, 6, 4, 7], [5, 18, 6, 19], [7, 2, 8, 3]]"
12a_0169_134,"[[7, 2, 8, 3], [9, 24, 10, 1], [11, 22, 12, 23], [13, 17, 14, 16], [15, 21, 16, 20], [17, 4, 18, 5], [19, 15, 20, 14], [21, 12, 22, 13], [23, 10, 24, 11], [1, 8, 2, 9], [3, 6, 4, 7], [5, 18, 6, 19]]"
12a_0169_135,"[[5, 18, 6, 19], [7, 2, 8, 3], [9, 24, 10, 1], [11, 22, 12, 23], [13, 17, 14, 16], [15, 21, 16, 20], [17, 4, 18, 5], [19, 15, 20, 14], [21, 12, 22, 13], [23, 10, 24, 11], [1, 8, 2, 9], [3, 6, 4, 7]]"
12a_0169_136,"[[3, 6, 4, 7], [5, 18, 6, 19], [7, 2, 8, 3], [9, 24, 10, 1], [11, 22, 12, 23], [13, 17, 14, 16], [15, 21, 16, 20], [17, 4, 18, 5], [19, 15, 20, 14], [21, 12, 22, 13], [23, 10, 24, 11], [1, 8, 2, 9]]"
12a_0169_137,"[[1, 8, 2, 9], [3, 6, 4, 7], [5, 18, 6, 19], [7, 2, 8, 3], [9, 24, 10, 1], [11, 22, 12, 23], [13, 17, 14, 16], [15, 21, 16, 20], [17, 4, 18, 5], [19, 15, 20, 14], [21, 12, 22, 13], [23, 10, 24, 11]]"
12a_0169_138,"[[23, 10, 24, 11], [1, 8, 2, 9], [3, 6, 4, 7], [5, 18, 6, 19], [7, 2, 8, 3], [9, 24, 10, 1], [11, 22, 12, 23], [13, 17, 14, 16], [15, 21, 16, 20], [17, 4, 18, 5], [19, 15, 20, 14], [21, 12, 22, 13]]"
12a_0169_139,"[[21, 12, 22, 13], [23, 10, 24, 11], [1, 8, 2, 9], [3, 6, 4, 7], [5, 18, 6, 19], [7, 2, 8, 3], [9, 24, 10, 1], [11, 22, 12, 23], [13, 17, 14, 16], [15, 21, 16, 20], [17, 4, 18, 5], [19, 15, 20, 14]]"
12a_0169_140,"[[19, 15, 20, 14], [21, 12, 22, 13], [23, 10, 24, 11], [1, 8, 2, 9], [3, 6, 4, 7], [5, 18, 6, 19], [7, 2, 8, 3], [9, 24, 10, 1], [11, 22, 12, 23], [13, 17, 14, 16], [15, 21, 16, 20], [17, 4, 18, 5]]"
12a_0169_141,"[[17, 4, 18, 5], [19, 15, 20, 14], [21, 12, 22, 13], [23, 10, 24, 11], [1, 8, 2, 9], [3, 6, 4, 7], [5, 18, 6, 19], [7, 2, 8, 3], [9, 24, 10, 1], [11, 22, 12, 23], [13, 17, 14, 16], [15, 21, 16, 20]]"
12a_0169_142,"[[15, 21, 16, 20], [17, 4, 18, 5], [19, 15, 20, 14], [21, 12, 22, 13], [23, 10, 24, 11], [1, 8, 2, 9], [3, 6, 4, 7], [5, 18, 6, 19], [7, 2, 8, 3], [9, 24, 10, 1], [11, 22, 12, 23], [13, 17, 14, 16]]"
12a_0169_143,"[[13, 17, 14, 16], [15, 21, 16, 20], [17, 4, 18, 5], [19, 15, 20, 14], [21, 12, 22, 13], [23, 10, 24, 11], [1, 8, 2, 9], [3, 6, 4, 7], [5, 18, 6, 19], [7, 2, 8, 3], [9, 24, 10, 1], [11, 22, 12, 23]]"
12a_0169_144,"[[12, 23, 13, 24], [14, 18, 15, 17], [16, 22, 17, 21], [18, 5, 19, 6], [20, 16, 21, 15], [22, 13, 23, 14], [24, 11, 1, 12], [2, 9, 3, 10], [4, 7, 5, 8], [6, 19, 7, 20], [8, 3, 9, 4], [10, 1, 11, 2]]"
12a_0169_145,"[[10, 1, 11, 2], [12, 23, 13, 24], [14, 18, 15, 17], [16, 22, 17, 21], [18, 5, 19, 6], [20, 16, 21, 15], [22, 13, 23, 14], [24, 11, 1, 12], [2, 9, 3, 10], [4, 7, 5, 8], [6, 19, 7, 20], [8, 3, 9, 4]]"
12a_0169_146,"[[8, 3, 9, 4], [10, 1, 11, 2], [12, 23, 13, 24], [14, 18, 15, 17], [16, 22, 17, 21], [18, 5, 19, 6], [20, 16, 21, 15], [22, 13, 23, 14], [24, 11, 1, 12], [2, 9, 3, 10], [4, 7, 5, 8], [6, 19, 7, 20]]"
12a_0169_147,"[[6, 19, 7, 20], [8, 3, 9, 4], [10, 1, 11, 2], [12, 23, 13, 24], [14, 18, 15, 17], [16, 22, 17, 21], [18, 5, 19, 6], [20, 16, 21, 15], [22, 13, 23, 14], [24, 11, 1, 12], [2, 9, 3, 10], [4, 7, 5, 8]]"
12a_0169_148,"[[4, 7, 5, 8], [6, 19, 7, 20], [8, 3, 9, 4], [10, 1, 11, 2], [12, 23, 13, 24], [14, 18, 15, 17], [16, 22, 17, 21], [18, 5, 19, 6], [20, 16, 21, 15], [22, 13, 23, 14], [24, 11, 1, 12], [2, 9, 3, 10]]"
12a_0169_149,"[[2, 9, 3, 10], [4, 7, 5, 8], [6, 19, 7, 20], [8, 3, 9, 4], [10, 1, 11, 2], [12, 23, 13, 24], [14, 18, 15, 17], [16, 22, 17, 21], [18, 5, 19, 6], [20, 16, 21, 15], [22, 13, 23, 14], [24, 11, 1, 12]]"
12a_0169_150,"[[24, 11, 1, 12], [2, 9, 3, 10], [4, 7, 5, 8], [6, 19, 7, 20], [8, 3, 9, 4], [10, 1, 11, 2], [12, 23, 13, 24], [14, 18, 15, 17], [16, 22, 17, 21], [18, 5, 19, 6], [20, 16, 21, 15], [22, 13, 23, 14]]"
12a_0169_151,"[[22, 13, 23, 14], [24, 11, 1, 12], [2, 9, 3, 10], [4, 7, 5, 8], [6, 19, 7, 20], [8, 3, 9, 4], [10, 1, 11, 2], [12, 23, 13, 24], [14, 18, 15, 17], [16, 22, 17, 21], [18, 5, 19, 6], [20, 16, 21, 15]]"
12a_0169_152,"[[20, 16, 21, 15], [22, 13, 23, 14], [24, 11, 1, 12], [2, 9, 3, 10], [4, 7, 5, 8], [6, 19, 7, 20], [8, 3, 9, 4], [10, 1, 11, 2], [12, 23, 13, 24], [14, 18, 15, 17], [16, 22, 17, 21], [18, 5, 19, 6]]"
12a_0169_153,"[[18, 5, 19, 6], [20, 16, 21, 15], [22, 13, 23, 14], [24, 11, 1, 12], [2, 9, 3, 10], [4, 7, 5, 8], [6, 19, 7, 20], [8, 3, 9, 4], [10, 1, 11, 2], [12, 23, 13, 24], [14, 18, 15, 17], [16, 22, 17, 21]]"
12a_0169_154,"[[16, 22, 17, 21], [18, 5, 19, 6], [20, 16, 21, 15], [22, 13, 23, 14], [24, 11, 1, 12], [2, 9, 3, 10], [4, 7, 5, 8], [6, 19, 7, 20], [8, 3, 9, 4], [10, 1, 11, 2], [12, 23, 13, 24], [14, 18, 15, 17]]"
12a_0169_155,"[[14, 18, 15, 17], [16, 22, 17, 21], [18, 5, 19, 6], [20, 16, 21, 15], [22, 13, 23, 14], [24, 11, 1, 12], [2, 9, 3, 10], [4, 7, 5, 8], [6, 19, 7, 20], [8, 3, 9, 4], [10, 1, 11, 2], [12, 23, 13, 24]]"
12a_0169_156,"[[13, 24, 14, 1], [15, 19, 16, 18], [17, 23, 18, 22], [19, 6, 20, 7], [21, 17, 22, 16], [23, 14, 24, 15], [1, 12, 2, 13], [3, 10, 4, 11], [5, 8, 6, 9], [7, 20, 8, 21], [9, 4, 10, 5], [11, 2, 12, 3]]"
12a_0169_157,"[[11, 2, 12, 3], [13, 24, 14, 1], [15, 19, 16, 18], [17, 23, 18, 22], [19, 6, 20, 7], [21, 17, 22, 16], [23, 14, 24, 15], [1, 12, 2, 13], [3, 10, 4, 11], [5, 8, 6, 9], [7, 20, 8, 21], [9, 4, 10, 5]]"
12a_0169_158,"[[9, 4, 10, 5], [11, 2, 12, 3], [13, 24, 14, 1], [15, 19, 16, 18], [17, 23, 18, 22], [19, 6, 20, 7], [21, 17, 22, 16], [23, 14, 24, 15], [1, 12, 2, 13], [3, 10, 4, 11], [5, 8, 6, 9], [7, 20, 8, 21]]"
12a_0169_159,"[[7, 20, 8, 21], [9, 4, 10, 5], [11, 2, 12, 3], [13, 24, 14, 1], [15, 19, 16, 18], [17, 23, 18, 22], [19, 6, 20, 7], [21, 17, 22, 16], [23, 14, 24, 15], [1, 12, 2, 13], [3, 10, 4, 11], [5, 8, 6, 9]]"
12a_0169_160,"[[5, 8, 6, 9], [7, 20, 8, 21], [9, 4, 10, 5], [11, 2, 12, 3], [13, 24, 14, 1], [15, 19, 16, 18], [17, 23, 18, 22], [19, 6, 20, 7], [21, 17, 22, 16], [23, 14, 24, 15], [1, 12, 2, 13], [3, 10, 4, 11]]"
12a_0169_161,"[[3, 10, 4, 11], [5, 8, 6, 9], [7, 20, 8, 21], [9, 4, 10, 5], [11, 2, 12, 3], [13, 24, 14, 1], [15, 19, 16, 18], [17, 23, 18, 22], [19, 6, 20, 7], [21, 17, 22, 16], [23, 14, 24, 15], [1, 12, 2, 13]]"
12a_0169_162,"[[1, 12, 2, 13], [3, 10, 4, 11], [5, 8, 6, 9], [7, 20, 8, 21], [9, 4, 10, 5], [11, 2, 12, 3], [13, 24, 14, 1], [15, 19, 16, 18], [17, 23, 18, 22], [19, 6, 20, 7], [21, 17, 22, 16], [23, 14, 24, 15]]"
12a_0169_163,"[[23, 14, 24, 15], [1, 12, 2, 13], [3, 10, 4, 11], [5, 8, 6, 9], [7, 20, 8, 21], [9, 4, 10, 5], [11, 2, 12, 3], [13, 24, 14, 1], [15, 19, 16, 18], [17, 23, 18, 22], [19, 6, 20, 7], [21, 17, 22, 16]]"
12a_0169_164,"[[21, 17, 22, 16], [23, 14, 24, 15], [1, 12, 2, 13], [3, 10, 4, 11], [5, 8, 6, 9], [7, 20, 8, 21], [9, 4, 10, 5], [11, 2, 12, 3], [13, 24, 14, 1], [15, 19, 16, 18], [17, 23, 18, 22], [19, 6, 20, 7]]"
12a_0169_165,"[[19, 6, 20, 7], [21, 17, 22, 16], [23, 14, 24, 15], [1, 12, 2, 13], [3, 10, 4, 11], [5, 8, 6, 9], [7, 20, 8, 21], [9, 4, 10, 5], [11, 2, 12, 3], [13, 24, 14, 1], [15, 19, 16, 18], [17, 23, 18, 22]]"
12a_0169_166,"[[17, 23, 18, 22], [19, 6, 20, 7], [21, 17, 22, 16], [23, 14, 24, 15], [1, 12, 2, 13], [3, 10, 4, 11], [5, 8, 6, 9], [7, 20, 8, 21], [9, 4, 10, 5], [11, 2, 12, 3], [13, 24, 14, 1], [15, 19, 16, 18]]"
12a_0169_167,"[[15, 19, 16, 18], [17, 23, 18, 22], [19, 6, 20, 7], [21, 17, 22, 16], [23, 14, 24, 15], [1, 12, 2, 13], [3, 10, 4, 11], [5, 8, 6, 9], [7, 20, 8, 21], [9, 4, 10, 5], [11, 2, 12, 3], [13, 24, 14, 1]]"
12a_0169_168,"[[14, 1, 15, 2], [16, 20, 17, 19], [18, 24, 19, 23], [20, 7, 21, 8], [22, 18, 23, 17], [24, 15, 1, 16], [2, 13, 3, 14], [4, 11, 5, 12], [6, 9, 7, 10], [8, 21, 9, 22], [10, 5, 11, 6], [12, 3, 13, 4]]"
12a_0169_169,"[[12, 3, 13, 4], [14, 1, 15, 2], [16, 20, 17, 19], [18, 24, 19, 23], [20, 7, 21, 8], [22, 18, 23, 17], [24, 15, 1, 16], [2, 13, 3, 14], [4, 11, 5, 12], [6, 9, 7, 10], [8, 21, 9, 22], [10, 5, 11, 6]]"
12a_0169_170,"[[10, 5, 11, 6], [12, 3, 13, 4], [14, 1, 15, 2], [16, 20, 17, 19], [18, 24, 19, 23], [20, 7, 21, 8], [22, 18, 23, 17], [24, 15, 1, 16], [2, 13, 3, 14], [4, 11, 5, 12], [6, 9, 7, 10], [8, 21, 9, 22]]"
12a_0169_171,"[[8, 21, 9, 22], [10, 5, 11, 6], [12, 3, 13, 4], [14, 1, 15, 2], [16, 20, 17, 19], [18, 24, 19, 23], [20, 7, 21, 8], [22, 18, 23, 17], [24, 15, 1, 16], [2, 13, 3, 14], [4, 11, 5, 12], [6, 9, 7, 10]]"
12a_0169_172,"[[6, 9, 7, 10], [8, 21, 9, 22], [10, 5, 11, 6], [12, 3, 13, 4], [14, 1, 15, 2], [16, 20, 17, 19], [18, 24, 19, 23], [20, 7, 21, 8], [22, 18, 23, 17], [24, 15, 1, 16], [2, 13, 3, 14], [4, 11, 5, 12]]"
12a_0169_173,"[[4, 11, 5, 12], [6, 9, 7, 10], [8, 21, 9, 22], [10, 5, 11, 6], [12, 3, 13, 4], [14, 1, 15, 2], [16, 20, 17, 19], [18, 24, 19, 23], [20, 7, 21, 8], [22, 18, 23, 17], [24, 15, 1, 16], [2, 13, 3, 14]]"
12a_0169_174,"[[2, 13, 3, 14], [4, 11, 5, 12], [6, 9, 7, 10], [8, 21, 9, 22], [10, 5, 11, 6], [12, 3, 13, 4], [14, 1, 15, 2], [16, 20, 17, 19], [18, 24, 19, 23], [20, 7, 21, 8], [22, 18, 23, 17], [24, 15, 1, 16]]"
12a_0169_175,"[[24, 15, 1, 16], [2, 13, 3, 14], [4, 11, 5, 12], [6, 9, 7, 10], [8, 21, 9, 22], [10, 5, 11, 6], [12, 3, 13, 4], [14, 1, 15, 2], [16, 20, 17, 19], [18, 24, 19, 23], [20, 7, 21, 8], [22, 18, 23, 17]]"
12a_0169_176,"[[22, 18, 23, 17], [24, 15, 1, 16], [2, 13, 3, 14], [4, 11, 5, 12], [6, 9, 7, 10], [8, 21, 9, 22], [10, 5, 11, 6], [12, 3, 13, 4], [14, 1, 15, 2], [16, 20, 17, 19], [18, 24, 19, 23], [20, 7, 21, 8]]"
12a_0169_177,"[[20, 7, 21, 8], [22, 18, 23, 17], [24, 15, 1, 16], [2, 13, 3, 14], [4, 11, 5, 12], [6, 9, 7, 10], [8, 21, 9, 22], [10, 5, 11, 6], [12, 3, 13, 4], [14, 1, 15, 2], [16, 20, 17, 19], [18, 24, 19, 23]]"
12a_0169_178,"[[18, 24, 19, 23], [20, 7, 21, 8], [22, 18, 23, 17], [24, 15, 1, 16], [2, 13, 3, 14], [4, 11, 5, 12], [6, 9, 7, 10], [8, 21, 9, 22], [10, 5, 11, 6], [12, 3, 13, 4], [14, 1, 15, 2], [16, 20, 17, 19]]"
12a_0169_179,"[[16, 20, 17, 19], [18, 24, 19, 23], [20, 7, 21, 8], [22, 18, 23, 17], [24, 15, 1, 16], [2, 13, 3, 14], [4, 11, 5, 12], [6, 9, 7, 10], [8, 21, 9, 22], [10, 5, 11, 6], [12, 3, 13, 4], [14, 1, 15, 2]]"
12a_0169_180,"[[15, 2, 16, 3], [17, 21, 18, 20], [19, 1, 20, 24], [21, 8, 22, 9], [23, 19, 24, 18], [1, 16, 2, 17], [3, 14, 4, 15], [5, 12, 6, 13], [7, 10, 8, 11], [9, 22, 10, 23], [11, 6, 12, 7], [13, 4, 14, 5]]"
12a_0169_181,"[[13, 4, 14, 5], [15, 2, 16, 3], [17, 21, 18, 20], [19, 1, 20, 24], [21, 8, 22, 9], [23, 19, 24, 18], [1, 16, 2, 17], [3, 14, 4, 15], [5, 12, 6, 13], [7, 10, 8, 11], [9, 22, 10, 23], [11, 6, 12, 7]]"
12a_0169_182,"[[11, 6, 12, 7], [13, 4, 14, 5], [15, 2, 16, 3], [17, 21, 18, 20], [19, 1, 20, 24], [21, 8, 22, 9], [23, 19, 24, 18], [1, 16, 2, 17], [3, 14, 4, 15], [5, 12, 6, 13], [7, 10, 8, 11], [9, 22, 10, 23]]"
12a_0169_183,"[[9, 22, 10, 23], [11, 6, 12, 7], [13, 4, 14, 5], [15, 2, 16, 3], [17, 21, 18, 20], [19, 1, 20, 24], [21, 8, 22, 9], [23, 19, 24, 18], [1, 16, 2, 17], [3, 14, 4, 15], [5, 12, 6, 13], [7, 10, 8, 11]]"
12a_0169_184,"[[7, 10, 8, 11], [9, 22, 10, 23], [11, 6, 12, 7], [13, 4, 14, 5], [15, 2, 16, 3], [17, 21, 18, 20], [19, 1, 20, 24], [21, 8, 22, 9], [23, 19, 24, 18], [1, 16, 2, 17], [3, 14, 4, 15], [5, 12, 6, 13]]"
12a_0169_185,"[[5, 12, 6, 13], [7, 10, 8, 11], [9, 22, 10, 23], [11, 6, 12, 7], [13, 4, 14, 5], [15, 2, 16, 3], [17, 21, 18, 20], [19, 1, 20, 24], [21, 8, 22, 9], [23, 19, 24, 18], [1, 16, 2, 17], [3, 14, 4, 15]]"
