name,pd_notation
12a_0867_0,"[[24, 9, 1, 10], [2, 8, 3, 7], [4, 11, 5, 12], [6, 14, 7, 13], [8, 15, 9, 16], [10, 21, 11, 22], [12, 20, 13, 19], [14, 1, 15, 2], [16, 24, 17, 23], [18, 4, 19, 3], [20, 5, 21, 6], [22, 18, 23, 17]]"
12a_0867_1,"[[22, 18, 23, 17], [24, 9, 1, 10], [2, 8, 3, 7], [4, 11, 5, 12], [6, 14, 7, 13], [8, 15, 9, 16], [10, 21, 11, 22], [12, 20, 13, 19], [14, 1, 15, 2], [16, 24, 17, 23], [18, 4, 19, 3], [20, 5, 21, 6]]"
12a_0867_2,"[[20, 5, 21, 6], [22, 18, 23, 17], [24, 9, 1, 10], [2, 8, 3, 7], [4, 11, 5, 12], [6, 14, 7, 13], [8, 15, 9, 16], [10, 21, 11, 22], [12, 20, 13, 19], [14, 1, 15, 2], [16, 24, 17, 23], [18, 4, 19, 3]]"
12a_0867_3,"[[18, 4, 19, 3], [20, 5, 21, 6], [22, 18, 23, 17], [24, 9, 1, 10], [2, 8, 3, 7], [4, 11, 5, 12], [6, 14, 7, 13], [8, 15, 9, 16], [10, 21, 11, 22], [12, 20, 13, 19], [14, 1, 15, 2], [16, 24, 17, 23]]"
12a_0867_4,"[[16, 24, 17, 23], [18, 4, 19, 3], [20, 5, 21, 6], [22, 18, 23, 17], [24, 9, 1, 10], [2, 8, 3, 7], [4, 11, 5, 12], [6, 14, 7, 13], [8, 15, 9, 16], [10, 21, 11, 22], [12, 20, 13, 19], [14, 1, 15, 2]]"
12a_0867_5,"[[14, 1, 15, 2], [16, 24, 17, 23], [18, 4, 19, 3], [20, 5, 21, 6], [22, 18, 23, 17], [24, 9, 1, 10], [2, 8, 3, 7], [4, 11, 5, 12], [6, 14, 7, 13], [8, 15, 9, 16], [10, 21, 11, 22], [12, 20, 13, 19]]"
12a_0867_6,"[[12, 20, 13, 19], [14, 1, 15, 2], [16, 24, 17, 23], [18, 4, 19, 3], [20, 5, 21, 6], [22, 18, 23, 17], [24, 9, 1, 10], [2, 8, 3, 7], [4, 11, 5, 12], [6, 14, 7, 13], [8, 15, 9, 16], [10, 21, 11, 22]]"
12a_0867_7,"[[10, 21, 11, 22], [12, 20, 13, 19], [14, 1, 15, 2], [16, 24, 17, 23], [18, 4, 19, 3], [20, 5, 21, 6], [22, 18, 23, 17], [24, 9, 1, 10], [2, 8, 3, 7], [4, 11, 5, 12], [6, 14, 7, 13], [8, 15, 9, 16]]"
12a_0867_8,"[[8, 15, 9, 16], [10, 21, 11, 22], [12, 20, 13, 19], [14, 1, 15, 2], [16, 24, 17, 23], [18, 4, 19, 3], [20, 5, 21, 6], [22, 18, 23, 17], [24, 9, 1, 10], [2, 8, 3, 7], [4, 11, 5, 12], [6, 14, 7, 13]]"
12a_0867_9,"[[6, 14, 7, 13], [8, 15, 9, 16], [10, 21, 11, 22], [12, 20, 13, 19], [14, 1, 15, 2], [16, 24, 17, 23], [18, 4, 19, 3], [20, 5, 21, 6], [22, 18, 23, 17], [24, 9, 1, 10], [2, 8, 3, 7], [4, 11, 5, 12]]"
12a_0867_10,"[[4, 11, 5, 12], [6, 14, 7, 13], [8, 15, 9, 16], [10, 21, 11, 22], [12, 20, 13, 19], [14, 1, 15, 2], [16, 24, 17, 23], [18, 4, 19, 3], [20, 5, 21, 6], [22, 18, 23, 17], [24, 9, 1, 10], [2, 8, 3, 7]]"
12a_0867_11,"[[2, 8, 3, 7], [4, 11, 5, 12], [6, 14, 7, 13], [8, 15, 9, 16], [10, 21, 11, 22], [12, 20, 13, 19], [14, 1, 15, 2], [16, 24, 17, 23], [18, 4, 19, 3], [20, 5, 21, 6], [22, 18, 23, 17], [24, 9, 1, 10]]"
12a_0867_12,"[[1, 10, 2, 11], [3, 9, 4, 8], [5, 12, 6, 13], [7, 15, 8, 14], [9, 16, 10, 17], [11, 22, 12, 23], [13, 21, 14, 20], [15, 2, 16, 3], [17, 1, 18, 24], [19, 5, 20, 4], [21, 6, 22, 7], [23, 19, 24, 18]]"
12a_0867_13,"[[23, 19, 24, 18], [1, 10, 2, 11], [3, 9, 4, 8], [5, 12, 6, 13], [7, 15, 8, 14], [9, 16, 10, 17], [11, 22, 12, 23], [13, 21, 14, 20], [15, 2, 16, 3], [17, 1, 18, 24], [19, 5, 20, 4], [21, 6, 22, 7]]"
12a_0867_14,"[[21, 6, 22, 7], [23, 19, 24, 18], [1, 10, 2, 11], [3, 9, 4, 8], [5, 12, 6, 13], [7, 15, 8, 14], [9, 16, 10, 17], [11, 22, 12, 23], [13, 21, 14, 20], [15, 2, 16, 3], [17, 1, 18, 24], [19, 5, 20, 4]]"
12a_0867_15,"[[19, 5, 20, 4], [21, 6, 22, 7], [23, 19, 24, 18], [1, 10, 2, 11], [3, 9, 4, 8], [5, 12, 6, 13], [7, 15, 8, 14], [9, 16, 10, 17], [11, 22, 12, 23], [13, 21, 14, 20], [15, 2, 16, 3], [17, 1, 18, 24]]"
12a_0867_16,"[[17, 1, 18, 24], [19, 5, 20, 4], [21, 6, 22, 7], [23, 19, 24, 18], [1, 10, 2, 11], [3, 9, 4, 8], [5, 12, 6, 13], [7, 15, 8, 14], [9, 16, 10, 17], [11, 22, 12, 23], [13, 21, 14, 20], [15, 2, 16, 3]]"
12a_0867_17,"[[15, 2, 16, 3], [17, 1, 18, 24], [19, 5, 20, 4], [21, 6, 22, 7], [23, 19, 24, 18], [1, 10, 2, 11], [3, 9, 4, 8], [5, 12, 6, 13], [7, 15, 8, 14], [9, 16, 10, 17], [11, 22, 12, 23], [13, 21, 14, 20]]"
12a_0867_18,"[[13, 21, 14, 20], [15, 2, 16, 3], [17, 1, 18, 24], [19, 5, 20, 4], [21, 6, 22, 7], [23, 19, 24, 18], [1, 10, 2, 11], [3, 9, 4, 8], [5, 12, 6, 13], [7, 15, 8, 14], [9, 16, 10, 17], [11, 22, 12, 23]]"
12a_0867_19,"[[11, 22, 12, 23], [13, 21, 14, 20], [15, 2, 16, 3], [17, 1, 18, 24], [19, 5, 20, 4], [21, 6, 22, 7], [23, 19, 24, 18], [1, 10, 2, 11], [3, 9, 4, 8], [5, 12, 6, 13], [7, 15, 8, 14], [9, 16, 10, 17]]"
12a_0867_20,"[[9, 16, 10, 17], [11, 22, 12, 23], [13, 21, 14, 20], [15, 2, 16, 3], [17, 1, 18, 24], [19, 5, 20, 4], [21, 6, 22, 7], [23, 19, 24, 18], [1, 10, 2, 11], [3, 9, 4, 8], [5, 12, 6, 13], [7, 15, 8, 14]]"
12a_0867_21,"[[7, 15, 8, 14], [9, 16, 10, 17], [11, 22, 12, 23], [13, 21, 14, 20], [15, 2, 16, 3], [17, 1, 18, 24], [19, 5, 20, 4], [21, 6, 22, 7], [23, 19, 24, 18], [1, 10, 2, 11], [3, 9, 4, 8], [5, 12, 6, 13]]"
12a_0867_22,"[[5, 12, 6, 13], [7, 15, 8, 14], [9, 16, 10, 17], [11, 22, 12, 23], [13, 21, 14, 20], [15, 2, 16, 3], [17, 1, 18, 24], [19, 5, 20, 4], [21, 6, 22, 7], [23, 19, 24, 18], [1, 10, 2, 11], [3, 9, 4, 8]]"
12a_0867_23,"[[3, 9, 4, 8], [5, 12, 6, 13], [7, 15, 8, 14], [9, 16, 10, 17], [11, 22, 12, 23], [13, 21, 14, 20], [15, 2, 16, 3], [17, 1, 18, 24], [19, 5, 20, 4], [21, 6, 22, 7], [23, 19, 24, 18], [1, 10, 2, 11]]"
12a_0867_24,"[[2, 11, 3, 12], [4, 10, 5, 9], [6, 13, 7, 14], [8, 16, 9, 15], [10, 17, 11, 18], [12, 23, 13, 24], [14, 22, 15, 21], [16, 3, 17, 4], [18, 2, 19, 1], [20, 6, 21, 5], [22, 7, 23, 8], [24, 20, 1, 19]]"
12a_0867_25,"[[24, 20, 1, 19], [2, 11, 3, 12], [4, 10, 5, 9], [6, 13, 7, 14], [8, 16, 9, 15], [10, 17, 11, 18], [12, 23, 13, 24], [14, 22, 15, 21], [16, 3, 17, 4], [18, 2, 19, 1], [20, 6, 21, 5], [22, 7, 23, 8]]"
12a_0867_26,"[[22, 7, 23, 8], [24, 20, 1, 19], [2, 11, 3, 12], [4, 10, 5, 9], [6, 13, 7, 14], [8, 16, 9, 15], [10, 17, 11, 18], [12, 23, 13, 24], [14, 22, 15, 21], [16, 3, 17, 4], [18, 2, 19, 1], [20, 6, 21, 5]]"
12a_0867_27,"[[20, 6, 21, 5], [22, 7, 23, 8], [24, 20, 1, 19], [2, 11, 3, 12], [4, 10, 5, 9], [6, 13, 7, 14], [8, 16, 9, 15], [10, 17, 11, 18], [12, 23, 13, 24], [14, 22, 15, 21], [16, 3, 17, 4], [18, 2, 19, 1]]"
12a_0867_28,"[[18, 2, 19, 1], [20, 6, 21, 5], [22, 7, 23, 8], [24, 20, 1, 19], [2, 11, 3, 12], [4, 10, 5, 9], [6, 13, 7, 14], [8, 16, 9, 15], [10, 17, 11, 18], [12, 23, 13, 24], [14, 22, 15, 21], [16, 3, 17, 4]]"
12a_0867_29,"[[16, 3, 17, 4], [18, 2, 19, 1], [20, 6, 21, 5], [22, 7, 23, 8], [24, 20, 1, 19], [2, 11, 3, 12], [4, 10, 5, 9], [6, 13, 7, 14], [8, 16, 9, 15], [10, 17, 11, 18], [12, 23, 13, 24], [14, 22, 15, 21]]"
12a_0867_30,"[[14, 22, 15, 21], [16, 3, 17, 4], [18, 2, 19, 1], [20, 6, 21, 5], [22, 7, 23, 8], [24, 20, 1, 19], [2, 11, 3, 12], [4, 10, 5, 9], [6, 13, 7, 14], [8, 16, 9, 15], [10, 17, 11, 18], [12, 23, 13, 24]]"
12a_0867_31,"[[12, 23, 13, 24], [14, 22, 15, 21], [16, 3, 17, 4], [18, 2, 19, 1], [20, 6, 21, 5], [22, 7, 23, 8], [24, 20, 1, 19], [2, 11, 3, 12], [4, 10, 5, 9], [6, 13, 7, 14], [8, 16, 9, 15], [10, 17, 11, 18]]"
12a_0867_32,"[[10, 17, 11, 18], [12, 23, 13, 24], [14, 22, 15, 21], [16, 3, 17, 4], [18, 2, 19, 1], [20, 6, 21, 5], [22, 7, 23, 8], [24, 20, 1, 19], [2, 11, 3, 12], [4, 10, 5, 9], [6, 13, 7, 14], [8, 16, 9, 15]]"
12a_0867_33,"[[8, 16, 9, 15], [10, 17, 11, 18], [12, 23, 13, 24], [14, 22, 15, 21], [16, 3, 17, 4], [18, 2, 19, 1], [20, 6, 21, 5], [22, 7, 23, 8], [24, 20, 1, 19], [2, 11, 3, 12], [4, 10, 5, 9], [6, 13, 7, 14]]"
12a_0867_34,"[[6, 13, 7, 14], [8, 16, 9, 15], [10, 17, 11, 18], [12, 23, 13, 24], [14, 22, 15, 21], [16, 3, 17, 4], [18, 2, 19, 1], [20, 6, 21, 5], [22, 7, 23, 8], [24, 20, 1, 19], [2, 11, 3, 12], [4, 10, 5, 9]]"
12a_0867_35,"[[4, 10, 5, 9], [6, 13, 7, 14], [8, 16, 9, 15], [10, 17, 11, 18], [12, 23, 13, 24], [14, 22, 15, 21], [16, 3, 17, 4], [18, 2, 19, 1], [20, 6, 21, 5], [22, 7, 23, 8], [24, 20, 1, 19], [2, 11, 3, 12]]"
12a_0867_36,"[[3, 12, 4, 13], [5, 11, 6, 10], [7, 14, 8, 15], [9, 17, 10, 16], [11, 18, 12, 19], [13, 24, 14, 1], [15, 23, 16, 22], [17, 4, 18, 5], [19, 3, 20, 2], [21, 7, 22, 6], [23, 8, 24, 9], [1, 21, 2, 20]]"
12a_0867_37,"[[1, 21, 2, 20], [3, 12, 4, 13], [5, 11, 6, 10], [7, 14, 8, 15], [9, 17, 10, 16], [11, 18, 12, 19], [13, 24, 14, 1], [15, 23, 16, 22], [17, 4, 18, 5], [19, 3, 20, 2], [21, 7, 22, 6], [23, 8, 24, 9]]"
12a_0867_38,"[[23, 8, 24, 9], [1, 21, 2, 20], [3, 12, 4, 13], [5, 11, 6, 10], [7, 14, 8, 15], [9, 17, 10, 16], [11, 18, 12, 19], [13, 24, 14, 1], [15, 23, 16, 22], [17, 4, 18, 5], [19, 3, 20, 2], [21, 7, 22, 6]]"
12a_0867_39,"[[21, 7, 22, 6], [23, 8, 24, 9], [1, 21, 2, 20], [3, 12, 4, 13], [5, 11, 6, 10], [7, 14, 8, 15], [9, 17, 10, 16], [11, 18, 12, 19], [13, 24, 14, 1], [15, 23, 16, 22], [17, 4, 18, 5], [19, 3, 20, 2]]"
12a_0867_40,"[[19, 3, 20, 2], [21, 7, 22, 6], [23, 8, 24, 9], [1, 21, 2, 20], [3, 12, 4, 13], [5, 11, 6, 10], [7, 14, 8, 15], [9, 17, 10, 16], [11, 18, 12, 19], [13, 24, 14, 1], [15, 23, 16, 22], [17, 4, 18, 5]]"
12a_0867_41,"[[17, 4, 18, 5], [19, 3, 20, 2], [21, 7, 22, 6], [23, 8, 24, 9], [1, 21, 2, 20], [3, 12, 4, 13], [5, 11, 6, 10], [7, 14, 8, 15], [9, 17, 10, 16], [11, 18, 12, 19], [13, 24, 14, 1], [15, 23, 16, 22]]"
12a_0867_42,"[[15, 23, 16, 22], [17, 4, 18, 5], [19, 3, 20, 2], [21, 7, 22, 6], [23, 8, 24, 9], [1, 21, 2, 20], [3, 12, 4, 13], [5, 11, 6, 10], [7, 14, 8, 15], [9, 17, 10, 16], [11, 18, 12, 19], [13, 24, 14, 1]]"
12a_0867_43,"[[13, 24, 14, 1], [15, 23, 16, 22], [17, 4, 18, 5], [19, 3, 20, 2], [21, 7, 22, 6], [23, 8, 24, 9], [1, 21, 2, 20], [3, 12, 4, 13], [5, 11, 6, 10], [7, 14, 8, 15], [9, 17, 10, 16], [11, 18, 12, 19]]"
12a_0867_44,"[[11, 18, 12, 19], [13, 24, 14, 1], [15, 23, 16, 22], [17, 4, 18, 5], [19, 3, 20, 2], [21, 7, 22, 6], [23, 8, 24, 9], [1, 21, 2, 20], [3, 12, 4, 13], [5, 11, 6, 10], [7, 14, 8, 15], [9, 17, 10, 16]]"
12a_0867_45,"[[9, 17, 10, 16], [11, 18, 12, 19], [13, 24, 14, 1], [15, 23, 16, 22], [17, 4, 18, 5], [19, 3, 20, 2], [21, 7, 22, 6], [23, 8, 24, 9], [1, 21, 2, 20], [3, 12, 4, 13], [5, 11, 6, 10], [7, 14, 8, 15]]"
12a_0867_46,"[[7, 14, 8, 15], [9, 17, 10, 16], [11, 18, 12, 19], [13, 24, 14, 1], [15, 23, 16, 22], [17, 4, 18, 5], [19, 3, 20, 2], [21, 7, 22, 6], [23, 8, 24, 9], [1, 21, 2, 20], [3, 12, 4, 13], [5, 11, 6, 10]]"
12a_0867_47,"[[5, 11, 6, 10], [7, 14, 8, 15], [9, 17, 10, 16], [11, 18, 12, 19], [13, 24, 14, 1], [15, 23, 16, 22], [17, 4, 18, 5], [19, 3, 20, 2], [21, 7, 22, 6], [23, 8, 24, 9], [1, 21, 2, 20], [3, 12, 4, 13]]"
12a_0867_48,"[[4, 13, 5, 14], [6, 12, 7, 11], [8, 15, 9, 16], [10, 18, 11, 17], [12, 19, 13, 20], [14, 1, 15, 2], [16, 24, 17, 23], [18, 5, 19, 6], [20, 4, 21, 3], [22, 8, 23, 7], [24, 9, 1, 10], [2, 22, 3, 21]]"
12a_0867_49,"[[2, 22, 3, 21], [4, 13, 5, 14], [6, 12, 7, 11], [8, 15, 9, 16], [10, 18, 11, 17], [12, 19, 13, 20], [14, 1, 15, 2], [16, 24, 17, 23], [18, 5, 19, 6], [20, 4, 21, 3], [22, 8, 23, 7], [24, 9, 1, 10]]"
12a_0867_50,"[[24, 9, 1, 10], [2, 22, 3, 21], [4, 13, 5, 14], [6, 12, 7, 11], [8, 15, 9, 16], [10, 18, 11, 17], [12, 19, 13, 20], [14, 1, 15, 2], [16, 24, 17, 23], [18, 5, 19, 6], [20, 4, 21, 3], [22, 8, 23, 7]]"
12a_0867_51,"[[22, 8, 23, 7], [24, 9, 1, 10], [2, 22, 3, 21], [4, 13, 5, 14], [6, 12, 7, 11], [8, 15, 9, 16], [10, 18, 11, 17], [12, 19, 13, 20], [14, 1, 15, 2], [16, 24, 17, 23], [18, 5, 19, 6], [20, 4, 21, 3]]"
12a_0867_52,"[[20, 4, 21, 3], [22, 8, 23, 7], [24, 9, 1, 10], [2, 22, 3, 21], [4, 13, 5, 14], [6, 12, 7, 11], [8, 15, 9, 16], [10, 18, 11, 17], [12, 19, 13, 20], [14, 1, 15, 2], [16, 24, 17, 23], [18, 5, 19, 6]]"
12a_0867_53,"[[18, 5, 19, 6], [20, 4, 21, 3], [22, 8, 23, 7], [24, 9, 1, 10], [2, 22, 3, 21], [4, 13, 5, 14], [6, 12, 7, 11], [8, 15, 9, 16], [10, 18, 11, 17], [12, 19, 13, 20], [14, 1, 15, 2], [16, 24, 17, 23]]"
12a_0867_54,"[[16, 24, 17, 23], [18, 5, 19, 6], [20, 4, 21, 3], [22, 8, 23, 7], [24, 9, 1, 10], [2, 22, 3, 21], [4, 13, 5, 14], [6, 12, 7, 11], [8, 15, 9, 16], [10, 18, 11, 17], [12, 19, 13, 20], [14, 1, 15, 2]]"
12a_0867_55,"[[14, 1, 15, 2], [16, 24, 17, 23], [18, 5, 19, 6], [20, 4, 21, 3], [22, 8, 23, 7], [24, 9, 1, 10], [2, 22, 3, 21], [4, 13, 5, 14], [6, 12, 7, 11], [8, 15, 9, 16], [10, 18, 11, 17], [12, 19, 13, 20]]"
12a_0867_56,"[[12, 19, 13, 20], [14, 1, 15, 2], [16, 24, 17, 23], [18, 5, 19, 6], [20, 4, 21, 3], [22, 8, 23, 7], [24, 9, 1, 10], [2, 22, 3, 21], [4, 13, 5, 14], [6, 12, 7, 11], [8, 15, 9, 16], [10, 18, 11, 17]]"
12a_0867_57,"[[10, 18, 11, 17], [12, 19, 13, 20], [14, 1, 15, 2], [16, 24, 17, 23], [18, 5, 19, 6], [20, 4, 21, 3], [22, 8, 23, 7], [24, 9, 1, 10], [2, 22, 3, 21], [4, 13, 5, 14], [6, 12, 7, 11], [8, 15, 9, 16]]"
12a_0867_58,"[[8, 15, 9, 16], [10, 18, 11, 17], [12, 19, 13, 20], [14, 1, 15, 2], [16, 24, 17, 23], [18, 5, 19, 6], [20, 4, 21, 3], [22, 8, 23, 7], [24, 9, 1, 10], [2, 22, 3, 21], [4, 13, 5, 14], [6, 12, 7, 11]]"
12a_0867_59,"[[6, 12, 7, 11], [8, 15, 9, 16], [10, 18, 11, 17], [12, 19, 13, 20], [14, 1, 15, 2], [16, 24, 17, 23], [18, 5, 19, 6], [20, 4, 21, 3], [22, 8, 23, 7], [24, 9, 1, 10], [2, 22, 3, 21], [4, 13, 5, 14]]"
12a_0867_60,"[[5, 14, 6, 15], [7, 13, 8, 12], [9, 16, 10, 17], [11, 19, 12, 18], [13, 20, 14, 21], [15, 2, 16, 3], [17, 1, 18, 24], [19, 6, 20, 7], [21, 5, 22, 4], [23, 9, 24, 8], [1, 10, 2, 11], [3, 23, 4, 22]]"
12a_0867_61,"[[3, 23, 4, 22], [5, 14, 6, 15], [7, 13, 8, 12], [9, 16, 10, 17], [11, 19, 12, 18], [13, 20, 14, 21], [15, 2, 16, 3], [17, 1, 18, 24], [19, 6, 20, 7], [21, 5, 22, 4], [23, 9, 24, 8], [1, 10, 2, 11]]"
12a_0867_62,"[[1, 10, 2, 11], [3, 23, 4, 22], [5, 14, 6, 15], [7, 13, 8, 12], [9, 16, 10, 17], [11, 19, 12, 18], [13, 20, 14, 21], [15, 2, 16, 3], [17, 1, 18, 24], [19, 6, 20, 7], [21, 5, 22, 4], [23, 9, 24, 8]]"
12a_0867_63,"[[23, 9, 24, 8], [1, 10, 2, 11], [3, 23, 4, 22], [5, 14, 6, 15], [7, 13, 8, 12], [9, 16, 10, 17], [11, 19, 12, 18], [13, 20, 14, 21], [15, 2, 16, 3], [17, 1, 18, 24], [19, 6, 20, 7], [21, 5, 22, 4]]"
12a_0867_64,"[[21, 5, 22, 4], [23, 9, 24, 8], [1, 10, 2, 11], [3, 23, 4, 22], [5, 14, 6, 15], [7, 13, 8, 12], [9, 16, 10, 17], [11, 19, 12, 18], [13, 20, 14, 21], [15, 2, 16, 3], [17, 1, 18, 24], [19, 6, 20, 7]]"
12a_0867_65,"[[19, 6, 20, 7], [21, 5, 22, 4], [23, 9, 24, 8], [1, 10, 2, 11], [3, 23, 4, 22], [5, 14, 6, 15], [7, 13, 8, 12], [9, 16, 10, 17], [11, 19, 12, 18], [13, 20, 14, 21], [15, 2, 16, 3], [17, 1, 18, 24]]"
12a_0867_66,"[[17, 1, 18, 24], [19, 6, 20, 7], [21, 5, 22, 4], [23, 9, 24, 8], [1, 10, 2, 11], [3, 23, 4, 22], [5, 14, 6, 15], [7, 13, 8, 12], [9, 16, 10, 17], [11, 19, 12, 18], [13, 20, 14, 21], [15, 2, 16, 3]]"
12a_0867_67,"[[15, 2, 16, 3], [17, 1, 18, 24], [19, 6, 20, 7], [21, 5, 22, 4], [23, 9, 24, 8], [1, 10, 2, 11], [3, 23, 4, 22], [5, 14, 6, 15], [7, 13, 8, 12], [9, 16, 10, 17], [11, 19, 12, 18], [13, 20, 14, 21]]"
12a_0867_68,"[[13, 20, 14, 21], [15, 2, 16, 3], [17, 1, 18, 24], [19, 6, 20, 7], [21, 5, 22, 4], [23, 9, 24, 8], [1, 10, 2, 11], [3, 23, 4, 22], [5, 14, 6, 15], [7, 13, 8, 12], [9, 16, 10, 17], [11, 19, 12, 18]]"
12a_0867_69,"[[11, 19, 12, 18], [13, 20, 14, 21], [15, 2, 16, 3], [17, 1, 18, 24], [19, 6, 20, 7], [21, 5, 22, 4], [23, 9, 24, 8], [1, 10, 2, 11], [3, 23, 4, 22], [5, 14, 6, 15], [7, 13, 8, 12], [9, 16, 10, 17]]"
12a_0867_70,"[[9, 16, 10, 17], [11, 19, 12, 18], [13, 20, 14, 21], [15, 2, 16, 3], [17, 1, 18, 24], [19, 6, 20, 7], [21, 5, 22, 4], [23, 9, 24, 8], [1, 10, 2, 11], [3, 23, 4, 22], [5, 14, 6, 15], [7, 13, 8, 12]]"
12a_0867_71,"[[7, 13, 8, 12], [9, 16, 10, 17], [11, 19, 12, 18], [13, 20, 14, 21], [15, 2, 16, 3], [17, 1, 18, 24], [19, 6, 20, 7], [21, 5, 22, 4], [23, 9, 24, 8], [1, 10, 2, 11], [3, 23, 4, 22], [5, 14, 6, 15]]"
12a_0867_72,"[[6, 15, 7, 16], [8, 14, 9, 13], [10, 17, 11, 18], [12, 20, 13, 19], [14, 21, 15, 22], [16, 3, 17, 4], [18, 2, 19, 1], [20, 7, 21, 8], [22, 6, 23, 5], [24, 10, 1, 9], [2, 11, 3, 12], [4, 24, 5, 23]]"
12a_0867_73,"[[4, 24, 5, 23], [6, 15, 7, 16], [8, 14, 9, 13], [10, 17, 11, 18], [12, 20, 13, 19], [14, 21, 15, 22], [16, 3, 17, 4], [18, 2, 19, 1], [20, 7, 21, 8], [22, 6, 23, 5], [24, 10, 1, 9], [2, 11, 3, 12]]"
12a_0867_74,"[[2, 11, 3, 12], [4, 24, 5, 23], [6, 15, 7, 16], [8, 14, 9, 13], [10, 17, 11, 18], [12, 20, 13, 19], [14, 21, 15, 22], [16, 3, 17, 4], [18, 2, 19, 1], [20, 7, 21, 8], [22, 6, 23, 5], [24, 10, 1, 9]]"
12a_0867_75,"[[24, 10, 1, 9], [2, 11, 3, 12], [4, 24, 5, 23], [6, 15, 7, 16], [8, 14, 9, 13], [10, 17, 11, 18], [12, 20, 13, 19], [14, 21, 15, 22], [16, 3, 17, 4], [18, 2, 19, 1], [20, 7, 21, 8], [22, 6, 23, 5]]"
12a_0867_76,"[[22, 6, 23, 5], [24, 10, 1, 9], [2, 11, 3, 12], [4, 24, 5, 23], [6, 15, 7, 16], [8, 14, 9, 13], [10, 17, 11, 18], [12, 20, 13, 19], [14, 21, 15, 22], [16, 3, 17, 4], [18, 2, 19, 1], [20, 7, 21, 8]]"
12a_0867_77,"[[20, 7, 21, 8], [22, 6, 23, 5], [24, 10, 1, 9], [2, 11, 3, 12], [4, 24, 5, 23], [6, 15, 7, 16], [8, 14, 9, 13], [10, 17, 11, 18], [12, 20, 13, 19], [14, 21, 15, 22], [16, 3, 17, 4], [18, 2, 19, 1]]"
12a_0867_78,"[[18, 2, 19, 1], [20, 7, 21, 8], [22, 6, 23, 5], [24, 10, 1, 9], [2, 11, 3, 12], [4, 24, 5, 23], [6, 15, 7, 16], [8, 14, 9, 13], [10, 17, 11, 18], [12, 20, 13, 19], [14, 21, 15, 22], [16, 3, 17, 4]]"
12a_0867_79,"[[16, 3, 17, 4], [18, 2, 19, 1], [20, 7, 21, 8], [22, 6, 23, 5], [24, 10, 1, 9], [2, 11, 3, 12], [4, 24, 5, 23], [6, 15, 7, 16], [8, 14, 9, 13], [10, 17, 11, 18], [12, 20, 13, 19], [14, 21, 15, 22]]"
12a_0867_80,"[[14, 21, 15, 22], [16, 3, 17, 4], [18, 2, 19, 1], [20, 7, 21, 8], [22, 6, 23, 5], [24, 10, 1, 9], [2, 11, 3, 12], [4, 24, 5, 23], [6, 15, 7, 16], [8, 14, 9, 13], [10, 17, 11, 18], [12, 20, 13, 19]]"
12a_0867_81,"[[12, 20, 13, 19], [14, 21, 15, 22], [16, 3, 17, 4], [18, 2, 19, 1], [20, 7, 21, 8], [22, 6, 23, 5], [24, 10, 1, 9], [2, 11, 3, 12], [4, 24, 5, 23], [6, 15, 7, 16], [8, 14, 9, 13], [10, 17, 11, 18]]"
12a_0867_82,"[[10, 17, 11, 18], [12, 20, 13, 19], [14, 21, 15, 22], [16, 3, 17, 4], [18, 2, 19, 1], [20, 7, 21, 8], [22, 6, 23, 5], [24, 10, 1, 9], [2, 11, 3, 12], [4, 24, 5, 23], [6, 15, 7, 16], [8, 14, 9, 13]]"
12a_0867_83,"[[8, 14, 9, 13], [10, 17, 11, 18], [12, 20, 13, 19], [14, 21, 15, 22], [16, 3, 17, 4], [18, 2, 19, 1], [20, 7, 21, 8], [22, 6, 23, 5], [24, 10, 1, 9], [2, 11, 3, 12], [4, 24, 5, 23], [6, 15, 7, 16]]"
12a_0867_84,"[[7, 16, 8, 17], [9, 15, 10, 14], [11, 18, 12, 19], [13, 21, 14, 20], [15, 22, 16, 23], [17, 4, 18, 5], [19, 3, 20, 2], [21, 8, 22, 9], [23, 7, 24, 6], [1, 11, 2, 10], [3, 12, 4, 13], [5, 1, 6, 24]]"
12a_0867_85,"[[5, 1, 6, 24], [7, 16, 8, 17], [9, 15, 10, 14], [11, 18, 12, 19], [13, 21, 14, 20], [15, 22, 16, 23], [17, 4, 18, 5], [19, 3, 20, 2], [21, 8, 22, 9], [23, 7, 24, 6], [1, 11, 2, 10], [3, 12, 4, 13]]"
12a_0867_86,"[[3, 12, 4, 13], [5, 1, 6, 24], [7, 16, 8, 17], [9, 15, 10, 14], [11, 18, 12, 19], [13, 21, 14, 20], [15, 22, 16, 23], [17, 4, 18, 5], [19, 3, 20, 2], [21, 8, 22, 9], [23, 7, 24, 6], [1, 11, 2, 10]]"
12a_0867_87,"[[1, 11, 2, 10], [3, 12, 4, 13], [5, 1, 6, 24], [7, 16, 8, 17], [9, 15, 10, 14], [11, 18, 12, 19], [13, 21, 14, 20], [15, 22, 16, 23], [17, 4, 18, 5], [19, 3, 20, 2], [21, 8, 22, 9], [23, 7, 24, 6]]"
12a_0867_88,"[[23, 7, 24, 6], [1, 11, 2, 10], [3, 12, 4, 13], [5, 1, 6, 24], [7, 16, 8, 17], [9, 15, 10, 14], [11, 18, 12, 19], [13, 21, 14, 20], [15, 22, 16, 23], [17, 4, 18, 5], [19, 3, 20, 2], [21, 8, 22, 9]]"
12a_0867_89,"[[21, 8, 22, 9], [23, 7, 24, 6], [1, 11, 2, 10], [3, 12, 4, 13], [5, 1, 6, 24], [7, 16, 8, 17], [9, 15, 10, 14], [11, 18, 12, 19], [13, 21, 14, 20], [15, 22, 16, 23], [17, 4, 18, 5], [19, 3, 20, 2]]"
12a_0867_90,"[[19, 3, 20, 2], [21, 8, 22, 9], [23, 7, 24, 6], [1, 11, 2, 10], [3, 12, 4, 13], [5, 1, 6, 24], [7, 16, 8, 17], [9, 15, 10, 14], [11, 18, 12, 19], [13, 21, 14, 20], [15, 22, 16, 23], [17, 4, 18, 5]]"
12a_0867_91,"[[17, 4, 18, 5], [19, 3, 20, 2], [21, 8, 22, 9], [23, 7, 24, 6], [1, 11, 2, 10], [3, 12, 4, 13], [5, 1, 6, 24], [7, 16, 8, 17], [9, 15, 10, 14], [11, 18, 12, 19], [13, 21, 14, 20], [15, 22, 16, 23]]"
12a_0867_92,"[[15, 22, 16, 23], [17, 4, 18, 5], [19, 3, 20, 2], [21, 8, 22, 9], [23, 7, 24, 6], [1, 11, 2, 10], [3, 12, 4, 13], [5, 1, 6, 24], [7, 16, 8, 17], [9, 15, 10, 14], [11, 18, 12, 19], [13, 21, 14, 20]]"
12a_0867_93,"[[13, 21, 14, 20], [15, 22, 16, 23], [17, 4, 18, 5], [19, 3, 20, 2], [21, 8, 22, 9], [23, 7, 24, 6], [1, 11, 2, 10], [3, 12, 4, 13], [5, 1, 6, 24], [7, 16, 8, 17], [9, 15, 10, 14], [11, 18, 12, 19]]"
12a_0867_94,"[[11, 18, 12, 19], [13, 21, 14, 20], [15, 22, 16, 23], [17, 4, 18, 5], [19, 3, 20, 2], [21, 8, 22, 9], [23, 7, 24, 6], [1, 11, 2, 10], [3, 12, 4, 13], [5, 1, 6, 24], [7, 16, 8, 17], [9, 15, 10, 14]]"
12a_0867_95,"[[9, 15, 10, 14], [11, 18, 12, 19], [13, 21, 14, 20], [15, 22, 16, 23], [17, 4, 18, 5], [19, 3, 20, 2], [21, 8, 22, 9], [23, 7, 24, 6], [1, 11, 2, 10], [3, 12, 4, 13], [5, 1, 6, 24], [7, 16, 8, 17]]"
12a_0867_96,"[[8, 17, 9, 18], [10, 16, 11, 15], [12, 19, 13, 20], [14, 22, 15, 21], [16, 23, 17, 24], [18, 5, 19, 6], [20, 4, 21, 3], [22, 9, 23, 10], [24, 8, 1, 7], [2, 12, 3, 11], [4, 13, 5, 14], [6, 2, 7, 1]]"
12a_0867_97,"[[6, 2, 7, 1], [8, 17, 9, 18], [10, 16, 11, 15], [12, 19, 13, 20], [14, 22, 15, 21], [16, 23, 17, 24], [18, 5, 19, 6], [20, 4, 21, 3], [22, 9, 23, 10], [24, 8, 1, 7], [2, 12, 3, 11], [4, 13, 5, 14]]"
12a_0867_98,"[[4, 13, 5, 14], [6, 2, 7, 1], [8, 17, 9, 18], [10, 16, 11, 15], [12, 19, 13, 20], [14, 22, 15, 21], [16, 23, 17, 24], [18, 5, 19, 6], [20, 4, 21, 3], [22, 9, 23, 10], [24, 8, 1, 7], [2, 12, 3, 11]]"
12a_0867_99,"[[2, 12, 3, 11], [4, 13, 5, 14], [6, 2, 7, 1], [8, 17, 9, 18], [10, 16, 11, 15], [12, 19, 13, 20], [14, 22, 15, 21], [16, 23, 17, 24], [18, 5, 19, 6], [20, 4, 21, 3], [22, 9, 23, 10], [24, 8, 1, 7]]"
12a_0867_100,"[[24, 8, 1, 7], [2, 12, 3, 11], [4, 13, 5, 14], [6, 2, 7, 1], [8, 17, 9, 18], [10, 16, 11, 15], [12, 19, 13, 20], [14, 22, 15, 21], [16, 23, 17, 24], [18, 5, 19, 6], [20, 4, 21, 3], [22, 9, 23, 10]]"
12a_0867_101,"[[22, 9, 23, 10], [24, 8, 1, 7], [2, 12, 3, 11], [4, 13, 5, 14], [6, 2, 7, 1], [8, 17, 9, 18], [10, 16, 11, 15], [12, 19, 13, 20], [14, 22, 15, 21], [16, 23, 17, 24], [18, 5, 19, 6], [20, 4, 21, 3]]"
12a_0867_102,"[[20, 4, 21, 3], [22, 9, 23, 10], [24, 8, 1, 7], [2, 12, 3, 11], [4, 13, 5, 14], [6, 2, 7, 1], [8, 17, 9, 18], [10, 16, 11, 15], [12, 19, 13, 20], [14, 22, 15, 21], [16, 23, 17, 24], [18, 5, 19, 6]]"
12a_0867_103,"[[18, 5, 19, 6], [20, 4, 21, 3], [22, 9, 23, 10], [24, 8, 1, 7], [2, 12, 3, 11], [4, 13, 5, 14], [6, 2, 7, 1], [8, 17, 9, 18], [10, 16, 11, 15], [12, 19, 13, 20], [14, 22, 15, 21], [16, 23, 17, 24]]"
12a_0867_104,"[[16, 23, 17, 24], [18, 5, 19, 6], [20, 4, 21, 3], [22, 9, 23, 10], [24, 8, 1, 7], [2, 12, 3, 11], [4, 13, 5, 14], [6, 2, 7, 1], [8, 17, 9, 18], [10, 16, 11, 15], [12, 19, 13, 20], [14, 22, 15, 21]]"
12a_0867_105,"[[14, 22, 15, 21], [16, 23, 17, 24], [18, 5, 19, 6], [20, 4, 21, 3], [22, 9, 23, 10], [24, 8, 1, 7], [2, 12, 3, 11], [4, 13, 5, 14], [6, 2, 7, 1], [8, 17, 9, 18], [10, 16, 11, 15], [12, 19, 13, 20]]"
12a_0867_106,"[[12, 19, 13, 20], [14, 22, 15, 21], [16, 23, 17, 24], [18, 5, 19, 6], [20, 4, 21, 3], [22, 9, 23, 10], [24, 8, 1, 7], [2, 12, 3, 11], [4, 13, 5, 14], [6, 2, 7, 1], [8, 17, 9, 18], [10, 16, 11, 15]]"
12a_0867_107,"[[10, 16, 11, 15], [12, 19, 13, 20], [14, 22, 15, 21], [16, 23, 17, 24], [18, 5, 19, 6], [20, 4, 21, 3], [22, 9, 23, 10], [24, 8, 1, 7], [2, 12, 3, 11], [4, 13, 5, 14], [6, 2, 7, 1], [8, 17, 9, 18]]"
12a_0867_108,"[[9, 18, 10, 19], [11, 17, 12, 16], [13, 20, 14, 21], [15, 23, 16, 22], [17, 24, 18, 1], [19, 6, 20, 7], [21, 5, 22, 4], [23, 10, 24, 11], [1, 9, 2, 8], [3, 13, 4, 12], [5, 14, 6, 15], [7, 3, 8, 2]]"
12a_0867_109,"[[7, 3, 8, 2], [9, 18, 10, 19], [11, 17, 12, 16], [13, 20, 14, 21], [15, 23, 16, 22], [17, 24, 18, 1], [19, 6, 20, 7], [21, 5, 22, 4], [23, 10, 24, 11], [1, 9, 2, 8], [3, 13, 4, 12], [5, 14, 6, 15]]"
12a_0867_110,"[[5, 14, 6, 15], [7, 3, 8, 2], [9, 18, 10, 19], [11, 17, 12, 16], [13, 20, 14, 21], [15, 23, 16, 22], [17, 24, 18, 1], [19, 6, 20, 7], [21, 5, 22, 4], [23, 10, 24, 11], [1, 9, 2, 8], [3, 13, 4, 12]]"
12a_0867_111,"[[3, 13, 4, 12], [5, 14, 6, 15], [7, 3, 8, 2], [9, 18, 10, 19], [11, 17, 12, 16], [13, 20, 14, 21], [15, 23, 16, 22], [17, 24, 18, 1], [19, 6, 20, 7], [21, 5, 22, 4], [23, 10, 24, 11], [1, 9, 2, 8]]"
12a_0867_112,"[[1, 9, 2, 8], [3, 13, 4, 12], [5, 14, 6, 15], [7, 3, 8, 2], [9, 18, 10, 19], [11, 17, 12, 16], [13, 20, 14, 21], [15, 23, 16, 22], [17, 24, 18, 1], [19, 6, 20, 7], [21, 5, 22, 4], [23, 10, 24, 11]]"
12a_0867_113,"[[23, 10, 24, 11], [1, 9, 2, 8], [3, 13, 4, 12], [5, 14, 6, 15], [7, 3, 8, 2], [9, 18, 10, 19], [11, 17, 12, 16], [13, 20, 14, 21], [15, 23, 16, 22], [17, 24, 18, 1], [19, 6, 20, 7], [21, 5, 22, 4]]"
12a_0867_114,"[[21, 5, 22, 4], [23, 10, 24, 11], [1, 9, 2, 8], [3, 13, 4, 12], [5, 14, 6, 15], [7, 3, 8, 2], [9, 18, 10, 19], [11, 17, 12, 16], [13, 20, 14, 21], [15, 23, 16, 22], [17, 24, 18, 1], [19, 6, 20, 7]]"
12a_0867_115,"[[19, 6, 20, 7], [21, 5, 22, 4], [23, 10, 24, 11], [1, 9, 2, 8], [3, 13, 4, 12], [5, 14, 6, 15], [7, 3, 8, 2], [9, 18, 10, 19], [11, 17, 12, 16], [13, 20, 14, 21], [15, 23, 16, 22], [17, 24, 18, 1]]"
12a_0867_116,"[[17, 24, 18, 1], [19, 6, 20, 7], [21, 5, 22, 4], [23, 10, 24, 11], [1, 9, 2, 8], [3, 13, 4, 12], [5, 14, 6, 15], [7, 3, 8, 2], [9, 18, 10, 19], [11, 17, 12, 16], [13, 20, 14, 21], [15, 23, 16, 22]]"
12a_0867_117,"[[15, 23, 16, 22], [17, 24, 18, 1], [19, 6, 20, 7], [21, 5, 22, 4], [23, 10, 24, 11], [1, 9, 2, 8], [3, 13, 4, 12], [5, 14, 6, 15], [7, 3, 8, 2], [9, 18, 10, 19], [11, 17, 12, 16], [13, 20, 14, 21]]"
12a_0867_118,"[[13, 20, 14, 21], [15, 23, 16, 22], [17, 24, 18, 1], [19, 6, 20, 7], [21, 5, 22, 4], [23, 10, 24, 11], [1, 9, 2, 8], [3, 13, 4, 12], [5, 14, 6, 15], [7, 3, 8, 2], [9, 18, 10, 19], [11, 17, 12, 16]]"
12a_0867_119,"[[11, 17, 12, 16], [13, 20, 14, 21], [15, 23, 16, 22], [17, 24, 18, 1], [19, 6, 20, 7], [21, 5, 22, 4], [23, 10, 24, 11], [1, 9, 2, 8], [3, 13, 4, 12], [5, 14, 6, 15], [7, 3, 8, 2], [9, 18, 10, 19]]"
12a_0867_120,"[[10, 19, 11, 20], [12, 18, 13, 17], [14, 21, 15, 22], [16, 24, 17, 23], [18, 1, 19, 2], [20, 7, 21, 8], [22, 6, 23, 5], [24, 11, 1, 12], [2, 10, 3, 9], [4, 14, 5, 13], [6, 15, 7, 16], [8, 4, 9, 3]]"
12a_0867_121,"[[8, 4, 9, 3], [10, 19, 11, 20], [12, 18, 13, 17], [14, 21, 15, 22], [16, 24, 17, 23], [18, 1, 19, 2], [20, 7, 21, 8], [22, 6, 23, 5], [24, 11, 1, 12], [2, 10, 3, 9], [4, 14, 5, 13], [6, 15, 7, 16]]"
12a_0867_122,"[[6, 15, 7, 16], [8, 4, 9, 3], [10, 19, 11, 20], [12, 18, 13, 17], [14, 21, 15, 22], [16, 24, 17, 23], [18, 1, 19, 2], [20, 7, 21, 8], [22, 6, 23, 5], [24, 11, 1, 12], [2, 10, 3, 9], [4, 14, 5, 13]]"
12a_0867_123,"[[4, 14, 5, 13], [6, 15, 7, 16], [8, 4, 9, 3], [10, 19, 11, 20], [12, 18, 13, 17], [14, 21, 15, 22], [16, 24, 17, 23], [18, 1, 19, 2], [20, 7, 21, 8], [22, 6, 23, 5], [24, 11, 1, 12], [2, 10, 3, 9]]"
12a_0867_124,"[[2, 10, 3, 9], [4, 14, 5, 13], [6, 15, 7, 16], [8, 4, 9, 3], [10, 19, 11, 20], [12, 18, 13, 17], [14, 21, 15, 22], [16, 24, 17, 23], [18, 1, 19, 2], [20, 7, 21, 8], [22, 6, 23, 5], [24, 11, 1, 12]]"
12a_0867_125,"[[24, 11, 1, 12], [2, 10, 3, 9], [4, 14, 5, 13], [6, 15, 7, 16], [8, 4, 9, 3], [10, 19, 11, 20], [12, 18, 13, 17], [14, 21, 15, 22], [16, 24, 17, 23], [18, 1, 19, 2], [20, 7, 21, 8], [22, 6, 23, 5]]"
12a_0867_126,"[[22, 6, 23, 5], [24, 11, 1, 12], [2, 10, 3, 9], [4, 14, 5, 13], [6, 15, 7, 16], [8, 4, 9, 3], [10, 19, 11, 20], [12, 18, 13, 17], [14, 21, 15, 22], [16, 24, 17, 23], [18, 1, 19, 2], [20, 7, 21, 8]]"
12a_0867_127,"[[20, 7, 21, 8], [22, 6, 23, 5], [24, 11, 1, 12], [2, 10, 3, 9], [4, 14, 5, 13], [6, 15, 7, 16], [8, 4, 9, 3], [10, 19, 11, 20], [12, 18, 13, 17], [14, 21, 15, 22], [16, 24, 17, 23], [18, 1, 19, 2]]"
12a_0867_128,"[[18, 1, 19, 2], [20, 7, 21, 8], [22, 6, 23, 5], [24, 11, 1, 12], [2, 10, 3, 9], [4, 14, 5, 13], [6, 15, 7, 16], [8, 4, 9, 3], [10, 19, 11, 20], [12, 18, 13, 17], [14, 21, 15, 22], [16, 24, 17, 23]]"
12a_0867_129,"[[16, 24, 17, 23], [18, 1, 19, 2], [20, 7, 21, 8], [22, 6, 23, 5], [24, 11, 1, 12], [2, 10, 3, 9], [4, 14, 5, 13], [6, 15, 7, 16], [8, 4, 9, 3], [10, 19, 11, 20], [12, 18, 13, 17], [14, 21, 15, 22]]"
12a_0867_130,"[[14, 21, 15, 22], [16, 24, 17, 23], [18, 1, 19, 2], [20, 7, 21, 8], [22, 6, 23, 5], [24, 11, 1, 12], [2, 10, 3, 9], [4, 14, 5, 13], [6, 15, 7, 16], [8, 4, 9, 3], [10, 19, 11, 20], [12, 18, 13, 17]]"
12a_0867_131,"[[12, 18, 13, 17], [14, 21, 15, 22], [16, 24, 17, 23], [18, 1, 19, 2], [20, 7, 21, 8], [22, 6, 23, 5], [24, 11, 1, 12], [2, 10, 3, 9], [4, 14, 5, 13], [6, 15, 7, 16], [8, 4, 9, 3], [10, 19, 11, 20]]"
12a_0867_132,"[[11, 20, 12, 21], [13, 19, 14, 18], [15, 22, 16, 23], [17, 1, 18, 24], [19, 2, 20, 3], [21, 8, 22, 9], [23, 7, 24, 6], [1, 12, 2, 13], [3, 11, 4, 10], [5, 15, 6, 14], [7, 16, 8, 17], [9, 5, 10, 4]]"
12a_0867_133,"[[9, 5, 10, 4], [11, 20, 12, 21], [13, 19, 14, 18], [15, 22, 16, 23], [17, 1, 18, 24], [19, 2, 20, 3], [21, 8, 22, 9], [23, 7, 24, 6], [1, 12, 2, 13], [3, 11, 4, 10], [5, 15, 6, 14], [7, 16, 8, 17]]"
12a_0867_134,"[[7, 16, 8, 17], [9, 5, 10, 4], [11, 20, 12, 21], [13, 19, 14, 18], [15, 22, 16, 23], [17, 1, 18, 24], [19, 2, 20, 3], [21, 8, 22, 9], [23, 7, 24, 6], [1, 12, 2, 13], [3, 11, 4, 10], [5, 15, 6, 14]]"
12a_0867_135,"[[5, 15, 6, 14], [7, 16, 8, 17], [9, 5, 10, 4], [11, 20, 12, 21], [13, 19, 14, 18], [15, 22, 16, 23], [17, 1, 18, 24], [19, 2, 20, 3], [21, 8, 22, 9], [23, 7, 24, 6], [1, 12, 2, 13], [3, 11, 4, 10]]"
12a_0867_136,"[[3, 11, 4, 10], [5, 15, 6, 14], [7, 16, 8, 17], [9, 5, 10, 4], [11, 20, 12, 21], [13, 19, 14, 18], [15, 22, 16, 23], [17, 1, 18, 24], [19, 2, 20, 3], [21, 8, 22, 9], [23, 7, 24, 6], [1, 12, 2, 13]]"
12a_0867_137,"[[1, 12, 2, 13], [3, 11, 4, 10], [5, 15, 6, 14], [7, 16, 8, 17], [9, 5, 10, 4], [11, 20, 12, 21], [13, 19, 14, 18], [15, 22, 16, 23], [17, 1, 18, 24], [19, 2, 20, 3], [21, 8, 22, 9], [23, 7, 24, 6]]"
12a_0867_138,"[[23, 7, 24, 6], [1, 12, 2, 13], [3, 11, 4, 10], [5, 15, 6, 14], [7, 16, 8, 17], [9, 5, 10, 4], [11, 20, 12, 21], [13, 19, 14, 18], [15, 22, 16, 23], [17, 1, 18, 24], [19, 2, 20, 3], [21, 8, 22, 9]]"
12a_0867_139,"[[21, 8, 22, 9], [23, 7, 24, 6], [1, 12, 2, 13], [3, 11, 4, 10], [5, 15, 6, 14], [7, 16, 8, 17], [9, 5, 10, 4], [11, 20, 12, 21], [13, 19, 14, 18], [15, 22, 16, 23], [17, 1, 18, 24], [19, 2, 20, 3]]"
12a_0867_140,"[[19, 2, 20, 3], [21, 8, 22, 9], [23, 7, 24, 6], [1, 12, 2, 13], [3, 11, 4, 10], [5, 15, 6, 14], [7, 16, 8, 17], [9, 5, 10, 4], [11, 20, 12, 21], [13, 19, 14, 18], [15, 22, 16, 23], [17, 1, 18, 24]]"
12a_0867_141,"[[17, 1, 18, 24], [19, 2, 20, 3], [21, 8, 22, 9], [23, 7, 24, 6], [1, 12, 2, 13], [3, 11, 4, 10], [5, 15, 6, 14], [7, 16, 8, 17], [9, 5, 10, 4], [11, 20, 12, 21], [13, 19, 14, 18], [15, 22, 16, 23]]"
12a_0867_142,"[[15, 22, 16, 23], [17, 1, 18, 24], [19, 2, 20, 3], [21, 8, 22, 9], [23, 7, 24, 6], [1, 12, 2, 13], [3, 11, 4, 10], [5, 15, 6, 14], [7, 16, 8, 17], [9, 5, 10, 4], [11, 20, 12, 21], [13, 19, 14, 18]]"
12a_0867_143,"[[13, 19, 14, 18], [15, 22, 16, 23], [17, 1, 18, 24], [19, 2, 20, 3], [21, 8, 22, 9], [23, 7, 24, 6], [1, 12, 2, 13], [3, 11, 4, 10], [5, 15, 6, 14], [7, 16, 8, 17], [9, 5, 10, 4], [11, 20, 12, 21]]"
12a_0867_144,"[[12, 21, 13, 22], [14, 20, 15, 19], [16, 23, 17, 24], [18, 2, 19, 1], [20, 3, 21, 4], [22, 9, 23, 10], [24, 8, 1, 7], [2, 13, 3, 14], [4, 12, 5, 11], [6, 16, 7, 15], [8, 17, 9, 18], [10, 6, 11, 5]]"
12a_0867_145,"[[10, 6, 11, 5], [12, 21, 13, 22], [14, 20, 15, 19], [16, 23, 17, 24], [18, 2, 19, 1], [20, 3, 21, 4], [22, 9, 23, 10], [24, 8, 1, 7], [2, 13, 3, 14], [4, 12, 5, 11], [6, 16, 7, 15], [8, 17, 9, 18]]"
12a_0867_146,"[[8, 17, 9, 18], [10, 6, 11, 5], [12, 21, 13, 22], [14, 20, 15, 19], [16, 23, 17, 24], [18, 2, 19, 1], [20, 3, 21, 4], [22, 9, 23, 10], [24, 8, 1, 7], [2, 13, 3, 14], [4, 12, 5, 11], [6, 16, 7, 15]]"
12a_0867_147,"[[6, 16, 7, 15], [8, 17, 9, 18], [10, 6, 11, 5], [12, 21, 13, 22], [14, 20, 15, 19], [16, 23, 17, 24], [18, 2, 19, 1], [20, 3, 21, 4], [22, 9, 23, 10], [24, 8, 1, 7], [2, 13, 3, 14], [4, 12, 5, 11]]"
12a_0867_148,"[[4, 12, 5, 11], [6, 16, 7, 15], [8, 17, 9, 18], [10, 6, 11, 5], [12, 21, 13, 22], [14, 20, 15, 19], [16, 23, 17, 24], [18, 2, 19, 1], [20, 3, 21, 4], [22, 9, 23, 10], [24, 8, 1, 7], [2, 13, 3, 14]]"
12a_0867_149,"[[2, 13, 3, 14], [4, 12, 5, 11], [6, 16, 7, 15], [8, 17, 9, 18], [10, 6, 11, 5], [12, 21, 13, 22], [14, 20, 15, 19], [16, 23, 17, 24], [18, 2, 19, 1], [20, 3, 21, 4], [22, 9, 23, 10], [24, 8, 1, 7]]"
12a_0867_150,"[[24, 8, 1, 7], [2, 13, 3, 14], [4, 12, 5, 11], [6, 16, 7, 15], [8, 17, 9, 18], [10, 6, 11, 5], [12, 21, 13, 22], [14, 20, 15, 19], [16, 23, 17, 24], [18, 2, 19, 1], [20, 3, 21, 4], [22, 9, 23, 10]]"
12a_0867_151,"[[22, 9, 23, 10], [24, 8, 1, 7], [2, 13, 3, 14], [4, 12, 5, 11], [6, 16, 7, 15], [8, 17, 9, 18], [10, 6, 11, 5], [12, 21, 13, 22], [14, 20, 15, 19], [16, 23, 17, 24], [18, 2, 19, 1], [20, 3, 21, 4]]"
12a_0867_152,"[[20, 3, 21, 4], [22, 9, 23, 10], [24, 8, 1, 7], [2, 13, 3, 14], [4, 12, 5, 11], [6, 16, 7, 15], [8, 17, 9, 18], [10, 6, 11, 5], [12, 21, 13, 22], [14, 20, 15, 19], [16, 23, 17, 24], [18, 2, 19, 1]]"
12a_0867_153,"[[18, 2, 19, 1], [20, 3, 21, 4], [22, 9, 23, 10], [24, 8, 1, 7], [2, 13, 3, 14], [4, 12, 5, 11], [6, 16, 7, 15], [8, 17, 9, 18], [10, 6, 11, 5], [12, 21, 13, 22], [14, 20, 15, 19], [16, 23, 17, 24]]"
12a_0867_154,"[[16, 23, 17, 24], [18, 2, 19, 1], [20, 3, 21, 4], [22, 9, 23, 10], [24, 8, 1, 7], [2, 13, 3, 14], [4, 12, 5, 11], [6, 16, 7, 15], [8, 17, 9, 18], [10, 6, 11, 5], [12, 21, 13, 22], [14, 20, 15, 19]]"
12a_0867_155,"[[14, 20, 15, 19], [16, 23, 17, 24], [18, 2, 19, 1], [20, 3, 21, 4], [22, 9, 23, 10], [24, 8, 1, 7], [2, 13, 3, 14], [4, 12, 5, 11], [6, 16, 7, 15], [8, 17, 9, 18], [10, 6, 11, 5], [12, 21, 13, 22]]"
12a_0867_156,"[[13, 22, 14, 23], [15, 21, 16, 20], [17, 24, 18, 1], [19, 3, 20, 2], [21, 4, 22, 5], [23, 10, 24, 11], [1, 9, 2, 8], [3, 14, 4, 15], [5, 13, 6, 12], [7, 17, 8, 16], [9, 18, 10, 19], [11, 7, 12, 6]]"
12a_0867_157,"[[11, 7, 12, 6], [13, 22, 14, 23], [15, 21, 16, 20], [17, 24, 18, 1], [19, 3, 20, 2], [21, 4, 22, 5], [23, 10, 24, 11], [1, 9, 2, 8], [3, 14, 4, 15], [5, 13, 6, 12], [7, 17, 8, 16], [9, 18, 10, 19]]"
12a_0867_158,"[[9, 18, 10, 19], [11, 7, 12, 6], [13, 22, 14, 23], [15, 21, 16, 20], [17, 24, 18, 1], [19, 3, 20, 2], [21, 4, 22, 5], [23, 10, 24, 11], [1, 9, 2, 8], [3, 14, 4, 15], [5, 13, 6, 12], [7, 17, 8, 16]]"
12a_0867_159,"[[7, 17, 8, 16], [9, 18, 10, 19], [11, 7, 12, 6], [13, 22, 14, 23], [15, 21, 16, 20], [17, 24, 18, 1], [19, 3, 20, 2], [21, 4, 22, 5], [23, 10, 24, 11], [1, 9, 2, 8], [3, 14, 4, 15], [5, 13, 6, 12]]"
12a_0867_160,"[[5, 13, 6, 12], [7, 17, 8, 16], [9, 18, 10, 19], [11, 7, 12, 6], [13, 22, 14, 23], [15, 21, 16, 20], [17, 24, 18, 1], [19, 3, 20, 2], [21, 4, 22, 5], [23, 10, 24, 11], [1, 9, 2, 8], [3, 14, 4, 15]]"
12a_0867_161,"[[3, 14, 4, 15], [5, 13, 6, 12], [7, 17, 8, 16], [9, 18, 10, 19], [11, 7, 12, 6], [13, 22, 14, 23], [15, 21, 16, 20], [17, 24, 18, 1], [19, 3, 20, 2], [21, 4, 22, 5], [23, 10, 24, 11], [1, 9, 2, 8]]"
12a_0867_162,"[[1, 9, 2, 8], [3, 14, 4, 15], [5, 13, 6, 12], [7, 17, 8, 16], [9, 18, 10, 19], [11, 7, 12, 6], [13, 22, 14, 23], [15, 21, 16, 20], [17, 24, 18, 1], [19, 3, 20, 2], [21, 4, 22, 5], [23, 10, 24, 11]]"
12a_0867_163,"[[23, 10, 24, 11], [1, 9, 2, 8], [3, 14, 4, 15], [5, 13, 6, 12], [7, 17, 8, 16], [9, 18, 10, 19], [11, 7, 12, 6], [13, 22, 14, 23], [15, 21, 16, 20], [17, 24, 18, 1], [19, 3, 20, 2], [21, 4, 22, 5]]"
12a_0867_164,"[[21, 4, 22, 5], [23, 10, 24, 11], [1, 9, 2, 8], [3, 14, 4, 15], [5, 13, 6, 12], [7, 17, 8, 16], [9, 18, 10, 19], [11, 7, 12, 6], [13, 22, 14, 23], [15, 21, 16, 20], [17, 24, 18, 1], [19, 3, 20, 2]]"
12a_0867_165,"[[19, 3, 20, 2], [21, 4, 22, 5], [23, 10, 24, 11], [1, 9, 2, 8], [3, 14, 4, 15], [5, 13, 6, 12], [7, 17, 8, 16], [9, 18, 10, 19], [11, 7, 12, 6], [13, 22, 14, 23], [15, 21, 16, 20], [17, 24, 18, 1]]"
12a_0867_166,"[[17, 24, 18, 1], [19, 3, 20, 2], [21, 4, 22, 5], [23, 10, 24, 11], [1, 9, 2, 8], [3, 14, 4, 15], [5, 13, 6, 12], [7, 17, 8, 16], [9, 18, 10, 19], [11, 7, 12, 6], [13, 22, 14, 23], [15, 21, 16, 20]]"
12a_0867_167,"[[15, 21, 16, 20], [17, 24, 18, 1], [19, 3, 20, 2], [21, 4, 22, 5], [23, 10, 24, 11], [1, 9, 2, 8], [3, 14, 4, 15], [5, 13, 6, 12], [7, 17, 8, 16], [9, 18, 10, 19], [11, 7, 12, 6], [13, 22, 14, 23]]"
12a_0867_168,"[[14, 23, 15, 24], [16, 22, 17, 21], [18, 1, 19, 2], [20, 4, 21, 3], [22, 5, 23, 6], [24, 11, 1, 12], [2, 10, 3, 9], [4, 15, 5, 16], [6, 14, 7, 13], [8, 18, 9, 17], [10, 19, 11, 20], [12, 8, 13, 7]]"
12a_0867_169,"[[12, 8, 13, 7], [14, 23, 15, 24], [16, 22, 17, 21], [18, 1, 19, 2], [20, 4, 21, 3], [22, 5, 23, 6], [24, 11, 1, 12], [2, 10, 3, 9], [4, 15, 5, 16], [6, 14, 7, 13], [8, 18, 9, 17], [10, 19, 11, 20]]"
12a_0867_170,"[[10, 19, 11, 20], [12, 8, 13, 7], [14, 23, 15, 24], [16, 22, 17, 21], [18, 1, 19, 2], [20, 4, 21, 3], [22, 5, 23, 6], [24, 11, 1, 12], [2, 10, 3, 9], [4, 15, 5, 16], [6, 14, 7, 13], [8, 18, 9, 17]]"
12a_0867_171,"[[8, 18, 9, 17], [10, 19, 11, 20], [12, 8, 13, 7], [14, 23, 15, 24], [16, 22, 17, 21], [18, 1, 19, 2], [20, 4, 21, 3], [22, 5, 23, 6], [24, 11, 1, 12], [2, 10, 3, 9], [4, 15, 5, 16], [6, 14, 7, 13]]"
12a_0867_172,"[[6, 14, 7, 13], [8, 18, 9, 17], [10, 19, 11, 20], [12, 8, 13, 7], [14, 23, 15, 24], [16, 22, 17, 21], [18, 1, 19, 2], [20, 4, 21, 3], [22, 5, 23, 6], [24, 11, 1, 12], [2, 10, 3, 9], [4, 15, 5, 16]]"
12a_0867_173,"[[4, 15, 5, 16], [6, 14, 7, 13], [8, 18, 9, 17], [10, 19, 11, 20], [12, 8, 13, 7], [14, 23, 15, 24], [16, 22, 17, 21], [18, 1, 19, 2], [20, 4, 21, 3], [22, 5, 23, 6], [24, 11, 1, 12], [2, 10, 3, 9]]"
12a_0867_174,"[[2, 10, 3, 9], [4, 15, 5, 16], [6, 14, 7, 13], [8, 18, 9, 17], [10, 19, 11, 20], [12, 8, 13, 7], [14, 23, 15, 24], [16, 22, 17, 21], [18, 1, 19, 2], [20, 4, 21, 3], [22, 5, 23, 6], [24, 11, 1, 12]]"
12a_0867_175,"[[24, 11, 1, 12], [2, 10, 3, 9], [4, 15, 5, 16], [6, 14, 7, 13], [8, 18, 9, 17], [10, 19, 11, 20], [12, 8, 13, 7], [14, 23, 15, 24], [16, 22, 17, 21], [18, 1, 19, 2], [20, 4, 21, 3], [22, 5, 23, 6]]"
12a_0867_176,"[[22, 5, 23, 6], [24, 11, 1, 12], [2, 10, 3, 9], [4, 15, 5, 16], [6, 14, 7, 13], [8, 18, 9, 17], [10, 19, 11, 20], [12, 8, 13, 7], [14, 23, 15, 24], [16, 22, 17, 21], [18, 1, 19, 2], [20, 4, 21, 3]]"
12a_0867_177,"[[20, 4, 21, 3], [22, 5, 23, 6], [24, 11, 1, 12], [2, 10, 3, 9], [4, 15, 5, 16], [6, 14, 7, 13], [8, 18, 9, 17], [10, 19, 11, 20], [12, 8, 13, 7], [14, 23, 15, 24], [16, 22, 17, 21], [18, 1, 19, 2]]"
12a_0867_178,"[[18, 1, 19, 2], [20, 4, 21, 3], [22, 5, 23, 6], [24, 11, 1, 12], [2, 10, 3, 9], [4, 15, 5, 16], [6, 14, 7, 13], [8, 18, 9, 17], [10, 19, 11, 20], [12, 8, 13, 7], [14, 23, 15, 24], [16, 22, 17, 21]]"
12a_0867_179,"[[16, 22, 17, 21], [18, 1, 19, 2], [20, 4, 21, 3], [22, 5, 23, 6], [24, 11, 1, 12], [2, 10, 3, 9], [4, 15, 5, 16], [6, 14, 7, 13], [8, 18, 9, 17], [10, 19, 11, 20], [12, 8, 13, 7], [14, 23, 15, 24]]"
12a_0867_180,"[[15, 24, 16, 1], [17, 23, 18, 22], [19, 2, 20, 3], [21, 5, 22, 4], [23, 6, 24, 7], [1, 12, 2, 13], [3, 11, 4, 10], [5, 16, 6, 17], [7, 15, 8, 14], [9, 19, 10, 18], [11, 20, 12, 21], [13, 9, 14, 8]]"
12a_0867_181,"[[13, 9, 14, 8], [15, 24, 16, 1], [17, 23, 18, 22], [19, 2, 20, 3], [21, 5, 22, 4], [23, 6, 24, 7], [1, 12, 2, 13], [3, 11, 4, 10], [5, 16, 6, 17], [7, 15, 8, 14], [9, 19, 10, 18], [11, 20, 12, 21]]"
12a_0867_182,"[[11, 20, 12, 21], [13, 9, 14, 8], [15, 24, 16, 1], [17, 23, 18, 22], [19, 2, 20, 3], [21, 5, 22, 4], [23, 6, 24, 7], [1, 12, 2, 13], [3, 11, 4, 10], [5, 16, 6, 17], [7, 15, 8, 14], [9, 19, 10, 18]]"
12a_0867_183,"[[9, 19, 10, 18], [11, 20, 12, 21], [13, 9, 14, 8], [15, 24, 16, 1], [17, 23, 18, 22], [19, 2, 20, 3], [21, 5, 22, 4], [23, 6, 24, 7], [1, 12, 2, 13], [3, 11, 4, 10], [5, 16, 6, 17], [7, 15, 8, 14]]"
12a_0867_184,"[[7, 15, 8, 14], [9, 19, 10, 18], [11, 20, 12, 21], [13, 9, 14, 8], [15, 24, 16, 1], [17, 23, 18, 22], [19, 2, 20, 3], [21, 5, 22, 4], [23, 6, 24, 7], [1, 12, 2, 13], [3, 11, 4, 10], [5, 16, 6, 17]]"
12a_0867_185,"[[5, 16, 6, 17], [7, 15, 8, 14], [9, 19, 10, 18], [11, 20, 12, 21], [13, 9, 14, 8], [15, 24, 16, 1], [17, 23, 18, 22], [19, 2, 20, 3], [21, 5, 22, 4], [23, 6, 24, 7], [1, 12, 2, 13], [3, 11, 4, 10]]"
