name,pd_notation
12a_0422_0,"[[24, 17, 1, 18], [2, 6, 3, 5], [4, 12, 5, 11], [6, 19, 7, 20], [8, 14, 9, 13], [10, 4, 11, 3], [12, 10, 13, 9], [14, 21, 15, 22], [16, 23, 17, 24], [18, 1, 19, 2], [20, 7, 21, 8], [22, 15, 23, 16]]"
12a_0422_1,"[[22, 15, 23, 16], [24, 17, 1, 18], [2, 6, 3, 5], [4, 12, 5, 11], [6, 19, 7, 20], [8, 14, 9, 13], [10, 4, 11, 3], [12, 10, 13, 9], [14, 21, 15, 22], [16, 23, 17, 24], [18, 1, 19, 2], [20, 7, 21, 8]]"
12a_0422_2,"[[20, 7, 21, 8], [22, 15, 23, 16], [24, 17, 1, 18], [2, 6, 3, 5], [4, 12, 5, 11], [6, 19, 7, 20], [8, 14, 9, 13], [10, 4, 11, 3], [12, 10, 13, 9], [14, 21, 15, 22], [16, 23, 17, 24], [18, 1, 19, 2]]"
12a_0422_3,"[[18, 1, 19, 2], [20, 7, 21, 8], [22, 15, 23, 16], [24, 17, 1, 18], [2, 6, 3, 5], [4, 12, 5, 11], [6, 19, 7, 20], [8, 14, 9, 13], [10, 4, 11, 3], [12, 10, 13, 9], [14, 21, 15, 22], [16, 23, 17, 24]]"
12a_0422_4,"[[16, 23, 17, 24], [18, 1, 19, 2], [20, 7, 21, 8], [22, 15, 23, 16], [24, 17, 1, 18], [2, 6, 3, 5], [4, 12, 5, 11], [6, 19, 7, 20], [8, 14, 9, 13], [10, 4, 11, 3], [12, 10, 13, 9], [14, 21, 15, 22]]"
12a_0422_5,"[[14, 21, 15, 22], [16, 23, 17, 24], [18, 1, 19, 2], [20, 7, 21, 8], [22, 15, 23, 16], [24, 17, 1, 18], [2, 6, 3, 5], [4, 12, 5, 11], [6, 19, 7, 20], [8, 14, 9, 13], [10, 4, 11, 3], [12, 10, 13, 9]]"
12a_0422_6,"[[12, 10, 13, 9], [14, 21, 15, 22], [16, 23, 17, 24], [18, 1, 19, 2], [20, 7, 21, 8], [22, 15, 23, 16], [24, 17, 1, 18], [2, 6, 3, 5], [4, 12, 5, 11], [6, 19, 7, 20], [8, 14, 9, 13], [10, 4, 11, 3]]"
12a_0422_7,"[[10, 4, 11, 3], [12, 10, 13, 9], [14, 21, 15, 22], [16, 23, 17, 24], [18, 1, 19, 2], [20, 7, 21, 8], [22, 15, 23, 16], [24, 17, 1, 18], [2, 6, 3, 5], [4, 12, 5, 11], [6, 19, 7, 20], [8, 14, 9, 13]]"
12a_0422_8,"[[8, 14, 9, 13], [10, 4, 11, 3], [12, 10, 13, 9], [14, 21, 15, 22], [16, 23, 17, 24], [18, 1, 19, 2], [20, 7, 21, 8], [22, 15, 23, 16], [24, 17, 1, 18], [2, 6, 3, 5], [4, 12, 5, 11], [6, 19, 7, 20]]"
12a_0422_9,"[[6, 19, 7, 20], [8, 14, 9, 13], [10, 4, 11, 3], [12, 10, 13, 9], [14, 21, 15, 22], [16, 23, 17, 24], [18, 1, 19, 2], [20, 7, 21, 8], [22, 15, 23, 16], [24, 17, 1, 18], [2, 6, 3, 5], [4, 12, 5, 11]]"
12a_0422_10,"[[4, 12, 5, 11], [6, 19, 7, 20], [8, 14, 9, 13], [10, 4, 11, 3], [12, 10, 13, 9], [14, 21, 15, 22], [16, 23, 17, 24], [18, 1, 19, 2], [20, 7, 21, 8], [22, 15, 23, 16], [24, 17, 1, 18], [2, 6, 3, 5]]"
12a_0422_11,"[[2, 6, 3, 5], [4, 12, 5, 11], [6, 19, 7, 20], [8, 14, 9, 13], [10, 4, 11, 3], [12, 10, 13, 9], [14, 21, 15, 22], [16, 23, 17, 24], [18, 1, 19, 2], [20, 7, 21, 8], [22, 15, 23, 16], [24, 17, 1, 18]]"
12a_0422_12,"[[1, 18, 2, 19], [3, 7, 4, 6], [5, 13, 6, 12], [7, 20, 8, 21], [9, 15, 10, 14], [11, 5, 12, 4], [13, 11, 14, 10], [15, 22, 16, 23], [17, 24, 18, 1], [19, 2, 20, 3], [21, 8, 22, 9], [23, 16, 24, 17]]"
12a_0422_13,"[[23, 16, 24, 17], [1, 18, 2, 19], [3, 7, 4, 6], [5, 13, 6, 12], [7, 20, 8, 21], [9, 15, 10, 14], [11, 5, 12, 4], [13, 11, 14, 10], [15, 22, 16, 23], [17, 24, 18, 1], [19, 2, 20, 3], [21, 8, 22, 9]]"
12a_0422_14,"[[21, 8, 22, 9], [23, 16, 24, 17], [1, 18, 2, 19], [3, 7, 4, 6], [5, 13, 6, 12], [7, 20, 8, 21], [9, 15, 10, 14], [11, 5, 12, 4], [13, 11, 14, 10], [15, 22, 16, 23], [17, 24, 18, 1], [19, 2, 20, 3]]"
12a_0422_15,"[[19, 2, 20, 3], [21, 8, 22, 9], [23, 16, 24, 17], [1, 18, 2, 19], [3, 7, 4, 6], [5, 13, 6, 12], [7, 20, 8, 21], [9, 15, 10, 14], [11, 5, 12, 4], [13, 11, 14, 10], [15, 22, 16, 23], [17, 24, 18, 1]]"
12a_0422_16,"[[17, 24, 18, 1], [19, 2, 20, 3], [21, 8, 22, 9], [23, 16, 24, 17], [1, 18, 2, 19], [3, 7, 4, 6], [5, 13, 6, 12], [7, 20, 8, 21], [9, 15, 10, 14], [11, 5, 12, 4], [13, 11, 14, 10], [15, 22, 16, 23]]"
12a_0422_17,"[[15, 22, 16, 23], [17, 24, 18, 1], [19, 2, 20, 3], [21, 8, 22, 9], [23, 16, 24, 17], [1, 18, 2, 19], [3, 7, 4, 6], [5, 13, 6, 12], [7, 20, 8, 21], [9, 15, 10, 14], [11, 5, 12, 4], [13, 11, 14, 10]]"
12a_0422_18,"[[13, 11, 14, 10], [15, 22, 16, 23], [17, 24, 18, 1], [19, 2, 20, 3], [21, 8, 22, 9], [23, 16, 24, 17], [1, 18, 2, 19], [3, 7, 4, 6], [5, 13, 6, 12], [7, 20, 8, 21], [9, 15, 10, 14], [11, 5, 12, 4]]"
12a_0422_19,"[[11, 5, 12, 4], [13, 11, 14, 10], [15, 22, 16, 23], [17, 24, 18, 1], [19, 2, 20, 3], [21, 8, 22, 9], [23, 16, 24, 17], [1, 18, 2, 19], [3, 7, 4, 6], [5, 13, 6, 12], [7, 20, 8, 21], [9, 15, 10, 14]]"
12a_0422_20,"[[9, 15, 10, 14], [11, 5, 12, 4], [13, 11, 14, 10], [15, 22, 16, 23], [17, 24, 18, 1], [19, 2, 20, 3], [21, 8, 22, 9], [23, 16, 24, 17], [1, 18, 2, 19], [3, 7, 4, 6], [5, 13, 6, 12], [7, 20, 8, 21]]"
12a_0422_21,"[[7, 20, 8, 21], [9, 15, 10, 14], [11, 5, 12, 4], [13, 11, 14, 10], [15, 22, 16, 23], [17, 24, 18, 1], [19, 2, 20, 3], [21, 8, 22, 9], [23, 16, 24, 17], [1, 18, 2, 19], [3, 7, 4, 6], [5, 13, 6, 12]]"
12a_0422_22,"[[5, 13, 6, 12], [7, 20, 8, 21], [9, 15, 10, 14], [11, 5, 12, 4], [13, 11, 14, 10], [15, 22, 16, 23], [17, 24, 18, 1], [19, 2, 20, 3], [21, 8, 22, 9], [23, 16, 24, 17], [1, 18, 2, 19], [3, 7, 4, 6]]"
12a_0422_23,"[[3, 7, 4, 6], [5, 13, 6, 12], [7, 20, 8, 21], [9, 15, 10, 14], [11, 5, 12, 4], [13, 11, 14, 10], [15, 22, 16, 23], [17, 24, 18, 1], [19, 2, 20, 3], [21, 8, 22, 9], [23, 16, 24, 17], [1, 18, 2, 19]]"
12a_0422_24,"[[2, 19, 3, 20], [4, 8, 5, 7], [6, 14, 7, 13], [8, 21, 9, 22], [10, 16, 11, 15], [12, 6, 13, 5], [14, 12, 15, 11], [16, 23, 17, 24], [18, 1, 19, 2], [20, 3, 21, 4], [22, 9, 23, 10], [24, 17, 1, 18]]"
12a_0422_25,"[[24, 17, 1, 18], [2, 19, 3, 20], [4, 8, 5, 7], [6, 14, 7, 13], [8, 21, 9, 22], [10, 16, 11, 15], [12, 6, 13, 5], [14, 12, 15, 11], [16, 23, 17, 24], [18, 1, 19, 2], [20, 3, 21, 4], [22, 9, 23, 10]]"
12a_0422_26,"[[22, 9, 23, 10], [24, 17, 1, 18], [2, 19, 3, 20], [4, 8, 5, 7], [6, 14, 7, 13], [8, 21, 9, 22], [10, 16, 11, 15], [12, 6, 13, 5], [14, 12, 15, 11], [16, 23, 17, 24], [18, 1, 19, 2], [20, 3, 21, 4]]"
12a_0422_27,"[[20, 3, 21, 4], [22, 9, 23, 10], [24, 17, 1, 18], [2, 19, 3, 20], [4, 8, 5, 7], [6, 14, 7, 13], [8, 21, 9, 22], [10, 16, 11, 15], [12, 6, 13, 5], [14, 12, 15, 11], [16, 23, 17, 24], [18, 1, 19, 2]]"
12a_0422_28,"[[18, 1, 19, 2], [20, 3, 21, 4], [22, 9, 23, 10], [24, 17, 1, 18], [2, 19, 3, 20], [4, 8, 5, 7], [6, 14, 7, 13], [8, 21, 9, 22], [10, 16, 11, 15], [12, 6, 13, 5], [14, 12, 15, 11], [16, 23, 17, 24]]"
12a_0422_29,"[[16, 23, 17, 24], [18, 1, 19, 2], [20, 3, 21, 4], [22, 9, 23, 10], [24, 17, 1, 18], [2, 19, 3, 20], [4, 8, 5, 7], [6, 14, 7, 13], [8, 21, 9, 22], [10, 16, 11, 15], [12, 6, 13, 5], [14, 12, 15, 11]]"
12a_0422_30,"[[14, 12, 15, 11], [16, 23, 17, 24], [18, 1, 19, 2], [20, 3, 21, 4], [22, 9, 23, 10], [24, 17, 1, 18], [2, 19, 3, 20], [4, 8, 5, 7], [6, 14, 7, 13], [8, 21, 9, 22], [10, 16, 11, 15], [12, 6, 13, 5]]"
12a_0422_31,"[[12, 6, 13, 5], [14, 12, 15, 11], [16, 23, 17, 24], [18, 1, 19, 2], [20, 3, 21, 4], [22, 9, 23, 10], [24, 17, 1, 18], [2, 19, 3, 20], [4, 8, 5, 7], [6, 14, 7, 13], [8, 21, 9, 22], [10, 16, 11, 15]]"
12a_0422_32,"[[10, 16, 11, 15], [12, 6, 13, 5], [14, 12, 15, 11], [16, 23, 17, 24], [18, 1, 19, 2], [20, 3, 21, 4], [22, 9, 23, 10], [24, 17, 1, 18], [2, 19, 3, 20], [4, 8, 5, 7], [6, 14, 7, 13], [8, 21, 9, 22]]"
12a_0422_33,"[[8, 21, 9, 22], [10, 16, 11, 15], [12, 6, 13, 5], [14, 12, 15, 11], [16, 23, 17, 24], [18, 1, 19, 2], [20, 3, 21, 4], [22, 9, 23, 10], [24, 17, 1, 18], [2, 19, 3, 20], [4, 8, 5, 7], [6, 14, 7, 13]]"
12a_0422_34,"[[6, 14, 7, 13], [8, 21, 9, 22], [10, 16, 11, 15], [12, 6, 13, 5], [14, 12, 15, 11], [16, 23, 17, 24], [18, 1, 19, 2], [20, 3, 21, 4], [22, 9, 23, 10], [24, 17, 1, 18], [2, 19, 3, 20], [4, 8, 5, 7]]"
12a_0422_35,"[[4, 8, 5, 7], [6, 14, 7, 13], [8, 21, 9, 22], [10, 16, 11, 15], [12, 6, 13, 5], [14, 12, 15, 11], [16, 23, 17, 24], [18, 1, 19, 2], [20, 3, 21, 4], [22, 9, 23, 10], [24, 17, 1, 18], [2, 19, 3, 20]]"
12a_0422_36,"[[3, 20, 4, 21], [5, 9, 6, 8], [7, 15, 8, 14], [9, 22, 10, 23], [11, 17, 12, 16], [13, 7, 14, 6], [15, 13, 16, 12], [17, 24, 18, 1], [19, 2, 20, 3], [21, 4, 22, 5], [23, 10, 24, 11], [1, 18, 2, 19]]"
12a_0422_37,"[[1, 18, 2, 19], [3, 20, 4, 21], [5, 9, 6, 8], [7, 15, 8, 14], [9, 22, 10, 23], [11, 17, 12, 16], [13, 7, 14, 6], [15, 13, 16, 12], [17, 24, 18, 1], [19, 2, 20, 3], [21, 4, 22, 5], [23, 10, 24, 11]]"
12a_0422_38,"[[23, 10, 24, 11], [1, 18, 2, 19], [3, 20, 4, 21], [5, 9, 6, 8], [7, 15, 8, 14], [9, 22, 10, 23], [11, 17, 12, 16], [13, 7, 14, 6], [15, 13, 16, 12], [17, 24, 18, 1], [19, 2, 20, 3], [21, 4, 22, 5]]"
12a_0422_39,"[[21, 4, 22, 5], [23, 10, 24, 11], [1, 18, 2, 19], [3, 20, 4, 21], [5, 9, 6, 8], [7, 15, 8, 14], [9, 22, 10, 23], [11, 17, 12, 16], [13, 7, 14, 6], [15, 13, 16, 12], [17, 24, 18, 1], [19, 2, 20, 3]]"
12a_0422_40,"[[19, 2, 20, 3], [21, 4, 22, 5], [23, 10, 24, 11], [1, 18, 2, 19], [3, 20, 4, 21], [5, 9, 6, 8], [7, 15, 8, 14], [9, 22, 10, 23], [11, 17, 12, 16], [13, 7, 14, 6], [15, 13, 16, 12], [17, 24, 18, 1]]"
12a_0422_41,"[[17, 24, 18, 1], [19, 2, 20, 3], [21, 4, 22, 5], [23, 10, 24, 11], [1, 18, 2, 19], [3, 20, 4, 21], [5, 9, 6, 8], [7, 15, 8, 14], [9, 22, 10, 23], [11, 17, 12, 16], [13, 7, 14, 6], [15, 13, 16, 12]]"
12a_0422_42,"[[15, 13, 16, 12], [17, 24, 18, 1], [19, 2, 20, 3], [21, 4, 22, 5], [23, 10, 24, 11], [1, 18, 2, 19], [3, 20, 4, 21], [5, 9, 6, 8], [7, 15, 8, 14], [9, 22, 10, 23], [11, 17, 12, 16], [13, 7, 14, 6]]"
12a_0422_43,"[[13, 7, 14, 6], [15, 13, 16, 12], [17, 24, 18, 1], [19, 2, 20, 3], [21, 4, 22, 5], [23, 10, 24, 11], [1, 18, 2, 19], [3, 20, 4, 21], [5, 9, 6, 8], [7, 15, 8, 14], [9, 22, 10, 23], [11, 17, 12, 16]]"
12a_0422_44,"[[11, 17, 12, 16], [13, 7, 14, 6], [15, 13, 16, 12], [17, 24, 18, 1], [19, 2, 20, 3], [21, 4, 22, 5], [23, 10, 24, 11], [1, 18, 2, 19], [3, 20, 4, 21], [5, 9, 6, 8], [7, 15, 8, 14], [9, 22, 10, 23]]"
12a_0422_45,"[[9, 22, 10, 23], [11, 17, 12, 16], [13, 7, 14, 6], [15, 13, 16, 12], [17, 24, 18, 1], [19, 2, 20, 3], [21, 4, 22, 5], [23, 10, 24, 11], [1, 18, 2, 19], [3, 20, 4, 21], [5, 9, 6, 8], [7, 15, 8, 14]]"
12a_0422_46,"[[7, 15, 8, 14], [9, 22, 10, 23], [11, 17, 12, 16], [13, 7, 14, 6], [15, 13, 16, 12], [17, 24, 18, 1], [19, 2, 20, 3], [21, 4, 22, 5], [23, 10, 24, 11], [1, 18, 2, 19], [3, 20, 4, 21], [5, 9, 6, 8]]"
12a_0422_47,"[[5, 9, 6, 8], [7, 15, 8, 14], [9, 22, 10, 23], [11, 17, 12, 16], [13, 7, 14, 6], [15, 13, 16, 12], [17, 24, 18, 1], [19, 2, 20, 3], [21, 4, 22, 5], [23, 10, 24, 11], [1, 18, 2, 19], [3, 20, 4, 21]]"
12a_0422_48,"[[4, 21, 5, 22], [6, 10, 7, 9], [8, 16, 9, 15], [10, 23, 11, 24], [12, 18, 13, 17], [14, 8, 15, 7], [16, 14, 17, 13], [18, 1, 19, 2], [20, 3, 21, 4], [22, 5, 23, 6], [24, 11, 1, 12], [2, 19, 3, 20]]"
12a_0422_49,"[[2, 19, 3, 20], [4, 21, 5, 22], [6, 10, 7, 9], [8, 16, 9, 15], [10, 23, 11, 24], [12, 18, 13, 17], [14, 8, 15, 7], [16, 14, 17, 13], [18, 1, 19, 2], [20, 3, 21, 4], [22, 5, 23, 6], [24, 11, 1, 12]]"
12a_0422_50,"[[24, 11, 1, 12], [2, 19, 3, 20], [4, 21, 5, 22], [6, 10, 7, 9], [8, 16, 9, 15], [10, 23, 11, 24], [12, 18, 13, 17], [14, 8, 15, 7], [16, 14, 17, 13], [18, 1, 19, 2], [20, 3, 21, 4], [22, 5, 23, 6]]"
12a_0422_51,"[[22, 5, 23, 6], [24, 11, 1, 12], [2, 19, 3, 20], [4, 21, 5, 22], [6, 10, 7, 9], [8, 16, 9, 15], [10, 23, 11, 24], [12, 18, 13, 17], [14, 8, 15, 7], [16, 14, 17, 13], [18, 1, 19, 2], [20, 3, 21, 4]]"
12a_0422_52,"[[20, 3, 21, 4], [22, 5, 23, 6], [24, 11, 1, 12], [2, 19, 3, 20], [4, 21, 5, 22], [6, 10, 7, 9], [8, 16, 9, 15], [10, 23, 11, 24], [12, 18, 13, 17], [14, 8, 15, 7], [16, 14, 17, 13], [18, 1, 19, 2]]"
12a_0422_53,"[[18, 1, 19, 2], [20, 3, 21, 4], [22, 5, 23, 6], [24, 11, 1, 12], [2, 19, 3, 20], [4, 21, 5, 22], [6, 10, 7, 9], [8, 16, 9, 15], [10, 23, 11, 24], [12, 18, 13, 17], [14, 8, 15, 7], [16, 14, 17, 13]]"
12a_0422_54,"[[16, 14, 17, 13], [18, 1, 19, 2], [20, 3, 21, 4], [22, 5, 23, 6], [24, 11, 1, 12], [2, 19, 3, 20], [4, 21, 5, 22], [6, 10, 7, 9], [8, 16, 9, 15], [10, 23, 11, 24], [12, 18, 13, 17], [14, 8, 15, 7]]"
12a_0422_55,"[[14, 8, 15, 7], [16, 14, 17, 13], [18, 1, 19, 2], [20, 3, 21, 4], [22, 5, 23, 6], [24, 11, 1, 12], [2, 19, 3, 20], [4, 21, 5, 22], [6, 10, 7, 9], [8, 16, 9, 15], [10, 23, 11, 24], [12, 18, 13, 17]]"
12a_0422_56,"[[12, 18, 13, 17], [14, 8, 15, 7], [16, 14, 17, 13], [18, 1, 19, 2], [20, 3, 21, 4], [22, 5, 23, 6], [24, 11, 1, 12], [2, 19, 3, 20], [4, 21, 5, 22], [6, 10, 7, 9], [8, 16, 9, 15], [10, 23, 11, 24]]"
12a_0422_57,"[[10, 23, 11, 24], [12, 18, 13, 17], [14, 8, 15, 7], [16, 14, 17, 13], [18, 1, 19, 2], [20, 3, 21, 4], [22, 5, 23, 6], [24, 11, 1, 12], [2, 19, 3, 20], [4, 21, 5, 22], [6, 10, 7, 9], [8, 16, 9, 15]]"
12a_0422_58,"[[8, 16, 9, 15], [10, 23, 11, 24], [12, 18, 13, 17], [14, 8, 15, 7], [16, 14, 17, 13], [18, 1, 19, 2], [20, 3, 21, 4], [22, 5, 23, 6], [24, 11, 1, 12], [2, 19, 3, 20], [4, 21, 5, 22], [6, 10, 7, 9]]"
12a_0422_59,"[[6, 10, 7, 9], [8, 16, 9, 15], [10, 23, 11, 24], [12, 18, 13, 17], [14, 8, 15, 7], [16, 14, 17, 13], [18, 1, 19, 2], [20, 3, 21, 4], [22, 5, 23, 6], [24, 11, 1, 12], [2, 19, 3, 20], [4, 21, 5, 22]]"
12a_0422_60,"[[5, 22, 6, 23], [7, 11, 8, 10], [9, 17, 10, 16], [11, 24, 12, 1], [13, 19, 14, 18], [15, 9, 16, 8], [17, 15, 18, 14], [19, 2, 20, 3], [21, 4, 22, 5], [23, 6, 24, 7], [1, 12, 2, 13], [3, 20, 4, 21]]"
12a_0422_61,"[[3, 20, 4, 21], [5, 22, 6, 23], [7, 11, 8, 10], [9, 17, 10, 16], [11, 24, 12, 1], [13, 19, 14, 18], [15, 9, 16, 8], [17, 15, 18, 14], [19, 2, 20, 3], [21, 4, 22, 5], [23, 6, 24, 7], [1, 12, 2, 13]]"
12a_0422_62,"[[1, 12, 2, 13], [3, 20, 4, 21], [5, 22, 6, 23], [7, 11, 8, 10], [9, 17, 10, 16], [11, 24, 12, 1], [13, 19, 14, 18], [15, 9, 16, 8], [17, 15, 18, 14], [19, 2, 20, 3], [21, 4, 22, 5], [23, 6, 24, 7]]"
12a_0422_63,"[[23, 6, 24, 7], [1, 12, 2, 13], [3, 20, 4, 21], [5, 22, 6, 23], [7, 11, 8, 10], [9, 17, 10, 16], [11, 24, 12, 1], [13, 19, 14, 18], [15, 9, 16, 8], [17, 15, 18, 14], [19, 2, 20, 3], [21, 4, 22, 5]]"
12a_0422_64,"[[21, 4, 22, 5], [23, 6, 24, 7], [1, 12, 2, 13], [3, 20, 4, 21], [5, 22, 6, 23], [7, 11, 8, 10], [9, 17, 10, 16], [11, 24, 12, 1], [13, 19, 14, 18], [15, 9, 16, 8], [17, 15, 18, 14], [19, 2, 20, 3]]"
12a_0422_65,"[[19, 2, 20, 3], [21, 4, 22, 5], [23, 6, 24, 7], [1, 12, 2, 13], [3, 20, 4, 21], [5, 22, 6, 23], [7, 11, 8, 10], [9, 17, 10, 16], [11, 24, 12, 1], [13, 19, 14, 18], [15, 9, 16, 8], [17, 15, 18, 14]]"
12a_0422_66,"[[17, 15, 18, 14], [19, 2, 20, 3], [21, 4, 22, 5], [23, 6, 24, 7], [1, 12, 2, 13], [3, 20, 4, 21], [5, 22, 6, 23], [7, 11, 8, 10], [9, 17, 10, 16], [11, 24, 12, 1], [13, 19, 14, 18], [15, 9, 16, 8]]"
12a_0422_67,"[[15, 9, 16, 8], [17, 15, 18, 14], [19, 2, 20, 3], [21, 4, 22, 5], [23, 6, 24, 7], [1, 12, 2, 13], [3, 20, 4, 21], [5, 22, 6, 23], [7, 11, 8, 10], [9, 17, 10, 16], [11, 24, 12, 1], [13, 19, 14, 18]]"
12a_0422_68,"[[13, 19, 14, 18], [15, 9, 16, 8], [17, 15, 18, 14], [19, 2, 20, 3], [21, 4, 22, 5], [23, 6, 24, 7], [1, 12, 2, 13], [3, 20, 4, 21], [5, 22, 6, 23], [7, 11, 8, 10], [9, 17, 10, 16], [11, 24, 12, 1]]"
12a_0422_69,"[[11, 24, 12, 1], [13, 19, 14, 18], [15, 9, 16, 8], [17, 15, 18, 14], [19, 2, 20, 3], [21, 4, 22, 5], [23, 6, 24, 7], [1, 12, 2, 13], [3, 20, 4, 21], [5, 22, 6, 23], [7, 11, 8, 10], [9, 17, 10, 16]]"
12a_0422_70,"[[9, 17, 10, 16], [11, 24, 12, 1], [13, 19, 14, 18], [15, 9, 16, 8], [17, 15, 18, 14], [19, 2, 20, 3], [21, 4, 22, 5], [23, 6, 24, 7], [1, 12, 2, 13], [3, 20, 4, 21], [5, 22, 6, 23], [7, 11, 8, 10]]"
12a_0422_71,"[[7, 11, 8, 10], [9, 17, 10, 16], [11, 24, 12, 1], [13, 19, 14, 18], [15, 9, 16, 8], [17, 15, 18, 14], [19, 2, 20, 3], [21, 4, 22, 5], [23, 6, 24, 7], [1, 12, 2, 13], [3, 20, 4, 21], [5, 22, 6, 23]]"
12a_0422_72,"[[6, 23, 7, 24], [8, 12, 9, 11], [10, 18, 11, 17], [12, 1, 13, 2], [14, 20, 15, 19], [16, 10, 17, 9], [18, 16, 19, 15], [20, 3, 21, 4], [22, 5, 23, 6], [24, 7, 1, 8], [2, 13, 3, 14], [4, 21, 5, 22]]"
12a_0422_73,"[[4, 21, 5, 22], [6, 23, 7, 24], [8, 12, 9, 11], [10, 18, 11, 17], [12, 1, 13, 2], [14, 20, 15, 19], [16, 10, 17, 9], [18, 16, 19, 15], [20, 3, 21, 4], [22, 5, 23, 6], [24, 7, 1, 8], [2, 13, 3, 14]]"
12a_0422_74,"[[2, 13, 3, 14], [4, 21, 5, 22], [6, 23, 7, 24], [8, 12, 9, 11], [10, 18, 11, 17], [12, 1, 13, 2], [14, 20, 15, 19], [16, 10, 17, 9], [18, 16, 19, 15], [20, 3, 21, 4], [22, 5, 23, 6], [24, 7, 1, 8]]"
12a_0422_75,"[[24, 7, 1, 8], [2, 13, 3, 14], [4, 21, 5, 22], [6, 23, 7, 24], [8, 12, 9, 11], [10, 18, 11, 17], [12, 1, 13, 2], [14, 20, 15, 19], [16, 10, 17, 9], [18, 16, 19, 15], [20, 3, 21, 4], [22, 5, 23, 6]]"
12a_0422_76,"[[22, 5, 23, 6], [24, 7, 1, 8], [2, 13, 3, 14], [4, 21, 5, 22], [6, 23, 7, 24], [8, 12, 9, 11], [10, 18, 11, 17], [12, 1, 13, 2], [14, 20, 15, 19], [16, 10, 17, 9], [18, 16, 19, 15], [20, 3, 21, 4]]"
12a_0422_77,"[[20, 3, 21, 4], [22, 5, 23, 6], [24, 7, 1, 8], [2, 13, 3, 14], [4, 21, 5, 22], [6, 23, 7, 24], [8, 12, 9, 11], [10, 18, 11, 17], [12, 1, 13, 2], [14, 20, 15, 19], [16, 10, 17, 9], [18, 16, 19, 15]]"
12a_0422_78,"[[18, 16, 19, 15], [20, 3, 21, 4], [22, 5, 23, 6], [24, 7, 1, 8], [2, 13, 3, 14], [4, 21, 5, 22], [6, 23, 7, 24], [8, 12, 9, 11], [10, 18, 11, 17], [12, 1, 13, 2], [14, 20, 15, 19], [16, 10, 17, 9]]"
12a_0422_79,"[[16, 10, 17, 9], [18, 16, 19, 15], [20, 3, 21, 4], [22, 5, 23, 6], [24, 7, 1, 8], [2, 13, 3, 14], [4, 21, 5, 22], [6, 23, 7, 24], [8, 12, 9, 11], [10, 18, 11, 17], [12, 1, 13, 2], [14, 20, 15, 19]]"
12a_0422_80,"[[14, 20, 15, 19], [16, 10, 17, 9], [18, 16, 19, 15], [20, 3, 21, 4], [22, 5, 23, 6], [24, 7, 1, 8], [2, 13, 3, 14], [4, 21, 5, 22], [6, 23, 7, 24], [8, 12, 9, 11], [10, 18, 11, 17], [12, 1, 13, 2]]"
12a_0422_81,"[[12, 1, 13, 2], [14, 20, 15, 19], [16, 10, 17, 9], [18, 16, 19, 15], [20, 3, 21, 4], [22, 5, 23, 6], [24, 7, 1, 8], [2, 13, 3, 14], [4, 21, 5, 22], [6, 23, 7, 24], [8, 12, 9, 11], [10, 18, 11, 17]]"
12a_0422_82,"[[10, 18, 11, 17], [12, 1, 13, 2], [14, 20, 15, 19], [16, 10, 17, 9], [18, 16, 19, 15], [20, 3, 21, 4], [22, 5, 23, 6], [24, 7, 1, 8], [2, 13, 3, 14], [4, 21, 5, 22], [6, 23, 7, 24], [8, 12, 9, 11]]"
12a_0422_83,"[[8, 12, 9, 11], [10, 18, 11, 17], [12, 1, 13, 2], [14, 20, 15, 19], [16, 10, 17, 9], [18, 16, 19, 15], [20, 3, 21, 4], [22, 5, 23, 6], [24, 7, 1, 8], [2, 13, 3, 14], [4, 21, 5, 22], [6, 23, 7, 24]]"
12a_0422_84,"[[7, 24, 8, 1], [9, 13, 10, 12], [11, 19, 12, 18], [13, 2, 14, 3], [15, 21, 16, 20], [17, 11, 18, 10], [19, 17, 20, 16], [21, 4, 22, 5], [23, 6, 24, 7], [1, 8, 2, 9], [3, 14, 4, 15], [5, 22, 6, 23]]"
12a_0422_85,"[[5, 22, 6, 23], [7, 24, 8, 1], [9, 13, 10, 12], [11, 19, 12, 18], [13, 2, 14, 3], [15, 21, 16, 20], [17, 11, 18, 10], [19, 17, 20, 16], [21, 4, 22, 5], [23, 6, 24, 7], [1, 8, 2, 9], [3, 14, 4, 15]]"
12a_0422_86,"[[3, 14, 4, 15], [5, 22, 6, 23], [7, 24, 8, 1], [9, 13, 10, 12], [11, 19, 12, 18], [13, 2, 14, 3], [15, 21, 16, 20], [17, 11, 18, 10], [19, 17, 20, 16], [21, 4, 22, 5], [23, 6, 24, 7], [1, 8, 2, 9]]"
12a_0422_87,"[[1, 8, 2, 9], [3, 14, 4, 15], [5, 22, 6, 23], [7, 24, 8, 1], [9, 13, 10, 12], [11, 19, 12, 18], [13, 2, 14, 3], [15, 21, 16, 20], [17, 11, 18, 10], [19, 17, 20, 16], [21, 4, 22, 5], [23, 6, 24, 7]]"
12a_0422_88,"[[23, 6, 24, 7], [1, 8, 2, 9], [3, 14, 4, 15], [5, 22, 6, 23], [7, 24, 8, 1], [9, 13, 10, 12], [11, 19, 12, 18], [13, 2, 14, 3], [15, 21, 16, 20], [17, 11, 18, 10], [19, 17, 20, 16], [21, 4, 22, 5]]"
12a_0422_89,"[[21, 4, 22, 5], [23, 6, 24, 7], [1, 8, 2, 9], [3, 14, 4, 15], [5, 22, 6, 23], [7, 24, 8, 1], [9, 13, 10, 12], [11, 19, 12, 18], [13, 2, 14, 3], [15, 21, 16, 20], [17, 11, 18, 10], [19, 17, 20, 16]]"
12a_0422_90,"[[19, 17, 20, 16], [21, 4, 22, 5], [23, 6, 24, 7], [1, 8, 2, 9], [3, 14, 4, 15], [5, 22, 6, 23], [7, 24, 8, 1], [9, 13, 10, 12], [11, 19, 12, 18], [13, 2, 14, 3], [15, 21, 16, 20], [17, 11, 18, 10]]"
12a_0422_91,"[[17, 11, 18, 10], [19, 17, 20, 16], [21, 4, 22, 5], [23, 6, 24, 7], [1, 8, 2, 9], [3, 14, 4, 15], [5, 22, 6, 23], [7, 24, 8, 1], [9, 13, 10, 12], [11, 19, 12, 18], [13, 2, 14, 3], [15, 21, 16, 20]]"
12a_0422_92,"[[15, 21, 16, 20], [17, 11, 18, 10], [19, 17, 20, 16], [21, 4, 22, 5], [23, 6, 24, 7], [1, 8, 2, 9], [3, 14, 4, 15], [5, 22, 6, 23], [7, 24, 8, 1], [9, 13, 10, 12], [11, 19, 12, 18], [13, 2, 14, 3]]"
12a_0422_93,"[[13, 2, 14, 3], [15, 21, 16, 20], [17, 11, 18, 10], [19, 17, 20, 16], [21, 4, 22, 5], [23, 6, 24, 7], [1, 8, 2, 9], [3, 14, 4, 15], [5, 22, 6, 23], [7, 24, 8, 1], [9, 13, 10, 12], [11, 19, 12, 18]]"
12a_0422_94,"[[11, 19, 12, 18], [13, 2, 14, 3], [15, 21, 16, 20], [17, 11, 18, 10], [19, 17, 20, 16], [21, 4, 22, 5], [23, 6, 24, 7], [1, 8, 2, 9], [3, 14, 4, 15], [5, 22, 6, 23], [7, 24, 8, 1], [9, 13, 10, 12]]"
12a_0422_95,"[[9, 13, 10, 12], [11, 19, 12, 18], [13, 2, 14, 3], [15, 21, 16, 20], [17, 11, 18, 10], [19, 17, 20, 16], [21, 4, 22, 5], [23, 6, 24, 7], [1, 8, 2, 9], [3, 14, 4, 15], [5, 22, 6, 23], [7, 24, 8, 1]]"
12a_0422_96,"[[8, 1, 9, 2], [10, 14, 11, 13], [12, 20, 13, 19], [14, 3, 15, 4], [16, 22, 17, 21], [18, 12, 19, 11], [20, 18, 21, 17], [22, 5, 23, 6], [24, 7, 1, 8], [2, 9, 3, 10], [4, 15, 5, 16], [6, 23, 7, 24]]"
12a_0422_97,"[[6, 23, 7, 24], [8, 1, 9, 2], [10, 14, 11, 13], [12, 20, 13, 19], [14, 3, 15, 4], [16, 22, 17, 21], [18, 12, 19, 11], [20, 18, 21, 17], [22, 5, 23, 6], [24, 7, 1, 8], [2, 9, 3, 10], [4, 15, 5, 16]]"
12a_0422_98,"[[4, 15, 5, 16], [6, 23, 7, 24], [8, 1, 9, 2], [10, 14, 11, 13], [12, 20, 13, 19], [14, 3, 15, 4], [16, 22, 17, 21], [18, 12, 19, 11], [20, 18, 21, 17], [22, 5, 23, 6], [24, 7, 1, 8], [2, 9, 3, 10]]"
12a_0422_99,"[[2, 9, 3, 10], [4, 15, 5, 16], [6, 23, 7, 24], [8, 1, 9, 2], [10, 14, 11, 13], [12, 20, 13, 19], [14, 3, 15, 4], [16, 22, 17, 21], [18, 12, 19, 11], [20, 18, 21, 17], [22, 5, 23, 6], [24, 7, 1, 8]]"
12a_0422_100,"[[24, 7, 1, 8], [2, 9, 3, 10], [4, 15, 5, 16], [6, 23, 7, 24], [8, 1, 9, 2], [10, 14, 11, 13], [12, 20, 13, 19], [14, 3, 15, 4], [16, 22, 17, 21], [18, 12, 19, 11], [20, 18, 21, 17], [22, 5, 23, 6]]"
12a_0422_101,"[[22, 5, 23, 6], [24, 7, 1, 8], [2, 9, 3, 10], [4, 15, 5, 16], [6, 23, 7, 24], [8, 1, 9, 2], [10, 14, 11, 13], [12, 20, 13, 19], [14, 3, 15, 4], [16, 22, 17, 21], [18, 12, 19, 11], [20, 18, 21, 17]]"
12a_0422_102,"[[20, 18, 21, 17], [22, 5, 23, 6], [24, 7, 1, 8], [2, 9, 3, 10], [4, 15, 5, 16], [6, 23, 7, 24], [8, 1, 9, 2], [10, 14, 11, 13], [12, 20, 13, 19], [14, 3, 15, 4], [16, 22, 17, 21], [18, 12, 19, 11]]"
12a_0422_103,"[[18, 12, 19, 11], [20, 18, 21, 17], [22, 5, 23, 6], [24, 7, 1, 8], [2, 9, 3, 10], [4, 15, 5, 16], [6, 23, 7, 24], [8, 1, 9, 2], [10, 14, 11, 13], [12, 20, 13, 19], [14, 3, 15, 4], [16, 22, 17, 21]]"
12a_0422_104,"[[16, 22, 17, 21], [18, 12, 19, 11], [20, 18, 21, 17], [22, 5, 23, 6], [24, 7, 1, 8], [2, 9, 3, 10], [4, 15, 5, 16], [6, 23, 7, 24], [8, 1, 9, 2], [10, 14, 11, 13], [12, 20, 13, 19], [14, 3, 15, 4]]"
12a_0422_105,"[[14, 3, 15, 4], [16, 22, 17, 21], [18, 12, 19, 11], [20, 18, 21, 17], [22, 5, 23, 6], [24, 7, 1, 8], [2, 9, 3, 10], [4, 15, 5, 16], [6, 23, 7, 24], [8, 1, 9, 2], [10, 14, 11, 13], [12, 20, 13, 19]]"
12a_0422_106,"[[12, 20, 13, 19], [14, 3, 15, 4], [16, 22, 17, 21], [18, 12, 19, 11], [20, 18, 21, 17], [22, 5, 23, 6], [24, 7, 1, 8], [2, 9, 3, 10], [4, 15, 5, 16], [6, 23, 7, 24], [8, 1, 9, 2], [10, 14, 11, 13]]"
12a_0422_107,"[[10, 14, 11, 13], [12, 20, 13, 19], [14, 3, 15, 4], [16, 22, 17, 21], [18, 12, 19, 11], [20, 18, 21, 17], [22, 5, 23, 6], [24, 7, 1, 8], [2, 9, 3, 10], [4, 15, 5, 16], [6, 23, 7, 24], [8, 1, 9, 2]]"
12a_0422_108,"[[9, 2, 10, 3], [11, 15, 12, 14], [13, 21, 14, 20], [15, 4, 16, 5], [17, 23, 18, 22], [19, 13, 20, 12], [21, 19, 22, 18], [23, 6, 24, 7], [1, 8, 2, 9], [3, 10, 4, 11], [5, 16, 6, 17], [7, 24, 8, 1]]"
12a_0422_109,"[[7, 24, 8, 1], [9, 2, 10, 3], [11, 15, 12, 14], [13, 21, 14, 20], [15, 4, 16, 5], [17, 23, 18, 22], [19, 13, 20, 12], [21, 19, 22, 18], [23, 6, 24, 7], [1, 8, 2, 9], [3, 10, 4, 11], [5, 16, 6, 17]]"
12a_0422_110,"[[5, 16, 6, 17], [7, 24, 8, 1], [9, 2, 10, 3], [11, 15, 12, 14], [13, 21, 14, 20], [15, 4, 16, 5], [17, 23, 18, 22], [19, 13, 20, 12], [21, 19, 22, 18], [23, 6, 24, 7], [1, 8, 2, 9], [3, 10, 4, 11]]"
12a_0422_111,"[[3, 10, 4, 11], [5, 16, 6, 17], [7, 24, 8, 1], [9, 2, 10, 3], [11, 15, 12, 14], [13, 21, 14, 20], [15, 4, 16, 5], [17, 23, 18, 22], [19, 13, 20, 12], [21, 19, 22, 18], [23, 6, 24, 7], [1, 8, 2, 9]]"
12a_0422_112,"[[1, 8, 2, 9], [3, 10, 4, 11], [5, 16, 6, 17], [7, 24, 8, 1], [9, 2, 10, 3], [11, 15, 12, 14], [13, 21, 14, 20], [15, 4, 16, 5], [17, 23, 18, 22], [19, 13, 20, 12], [21, 19, 22, 18], [23, 6, 24, 7]]"
12a_0422_113,"[[23, 6, 24, 7], [1, 8, 2, 9], [3, 10, 4, 11], [5, 16, 6, 17], [7, 24, 8, 1], [9, 2, 10, 3], [11, 15, 12, 14], [13, 21, 14, 20], [15, 4, 16, 5], [17, 23, 18, 22], [19, 13, 20, 12], [21, 19, 22, 18]]"
12a_0422_114,"[[21, 19, 22, 18], [23, 6, 24, 7], [1, 8, 2, 9], [3, 10, 4, 11], [5, 16, 6, 17], [7, 24, 8, 1], [9, 2, 10, 3], [11, 15, 12, 14], [13, 21, 14, 20], [15, 4, 16, 5], [17, 23, 18, 22], [19, 13, 20, 12]]"
12a_0422_115,"[[19, 13, 20, 12], [21, 19, 22, 18], [23, 6, 24, 7], [1, 8, 2, 9], [3, 10, 4, 11], [5, 16, 6, 17], [7, 24, 8, 1], [9, 2, 10, 3], [11, 15, 12, 14], [13, 21, 14, 20], [15, 4, 16, 5], [17, 23, 18, 22]]"
12a_0422_116,"[[17, 23, 18, 22], [19, 13, 20, 12], [21, 19, 22, 18], [23, 6, 24, 7], [1, 8, 2, 9], [3, 10, 4, 11], [5, 16, 6, 17], [7, 24, 8, 1], [9, 2, 10, 3], [11, 15, 12, 14], [13, 21, 14, 20], [15, 4, 16, 5]]"
12a_0422_117,"[[15, 4, 16, 5], [17, 23, 18, 22], [19, 13, 20, 12], [21, 19, 22, 18], [23, 6, 24, 7], [1, 8, 2, 9], [3, 10, 4, 11], [5, 16, 6, 17], [7, 24, 8, 1], [9, 2, 10, 3], [11, 15, 12, 14], [13, 21, 14, 20]]"
12a_0422_118,"[[13, 21, 14, 20], [15, 4, 16, 5], [17, 23, 18, 22], [19, 13, 20, 12], [21, 19, 22, 18], [23, 6, 24, 7], [1, 8, 2, 9], [3, 10, 4, 11], [5, 16, 6, 17], [7, 24, 8, 1], [9, 2, 10, 3], [11, 15, 12, 14]]"
12a_0422_119,"[[11, 15, 12, 14], [13, 21, 14, 20], [15, 4, 16, 5], [17, 23, 18, 22], [19, 13, 20, 12], [21, 19, 22, 18], [23, 6, 24, 7], [1, 8, 2, 9], [3, 10, 4, 11], [5, 16, 6, 17], [7, 24, 8, 1], [9, 2, 10, 3]]"
12a_0422_120,"[[10, 3, 11, 4], [12, 16, 13, 15], [14, 22, 15, 21], [16, 5, 17, 6], [18, 24, 19, 23], [20, 14, 21, 13], [22, 20, 23, 19], [24, 7, 1, 8], [2, 9, 3, 10], [4, 11, 5, 12], [6, 17, 7, 18], [8, 1, 9, 2]]"
12a_0422_121,"[[8, 1, 9, 2], [10, 3, 11, 4], [12, 16, 13, 15], [14, 22, 15, 21], [16, 5, 17, 6], [18, 24, 19, 23], [20, 14, 21, 13], [22, 20, 23, 19], [24, 7, 1, 8], [2, 9, 3, 10], [4, 11, 5, 12], [6, 17, 7, 18]]"
12a_0422_122,"[[6, 17, 7, 18], [8, 1, 9, 2], [10, 3, 11, 4], [12, 16, 13, 15], [14, 22, 15, 21], [16, 5, 17, 6], [18, 24, 19, 23], [20, 14, 21, 13], [22, 20, 23, 19], [24, 7, 1, 8], [2, 9, 3, 10], [4, 11, 5, 12]]"
12a_0422_123,"[[4, 11, 5, 12], [6, 17, 7, 18], [8, 1, 9, 2], [10, 3, 11, 4], [12, 16, 13, 15], [14, 22, 15, 21], [16, 5, 17, 6], [18, 24, 19, 23], [20, 14, 21, 13], [22, 20, 23, 19], [24, 7, 1, 8], [2, 9, 3, 10]]"
12a_0422_124,"[[2, 9, 3, 10], [4, 11, 5, 12], [6, 17, 7, 18], [8, 1, 9, 2], [10, 3, 11, 4], [12, 16, 13, 15], [14, 22, 15, 21], [16, 5, 17, 6], [18, 24, 19, 23], [20, 14, 21, 13], [22, 20, 23, 19], [24, 7, 1, 8]]"
12a_0422_125,"[[24, 7, 1, 8], [2, 9, 3, 10], [4, 11, 5, 12], [6, 17, 7, 18], [8, 1, 9, 2], [10, 3, 11, 4], [12, 16, 13, 15], [14, 22, 15, 21], [16, 5, 17, 6], [18, 24, 19, 23], [20, 14, 21, 13], [22, 20, 23, 19]]"
12a_0422_126,"[[22, 20, 23, 19], [24, 7, 1, 8], [2, 9, 3, 10], [4, 11, 5, 12], [6, 17, 7, 18], [8, 1, 9, 2], [10, 3, 11, 4], [12, 16, 13, 15], [14, 22, 15, 21], [16, 5, 17, 6], [18, 24, 19, 23], [20, 14, 21, 13]]"
12a_0422_127,"[[20, 14, 21, 13], [22, 20, 23, 19], [24, 7, 1, 8], [2, 9, 3, 10], [4, 11, 5, 12], [6, 17, 7, 18], [8, 1, 9, 2], [10, 3, 11, 4], [12, 16, 13, 15], [14, 22, 15, 21], [16, 5, 17, 6], [18, 24, 19, 23]]"
12a_0422_128,"[[18, 24, 19, 23], [20, 14, 21, 13], [22, 20, 23, 19], [24, 7, 1, 8], [2, 9, 3, 10], [4, 11, 5, 12], [6, 17, 7, 18], [8, 1, 9, 2], [10, 3, 11, 4], [12, 16, 13, 15], [14, 22, 15, 21], [16, 5, 17, 6]]"
12a_0422_129,"[[16, 5, 17, 6], [18, 24, 19, 23], [20, 14, 21, 13], [22, 20, 23, 19], [24, 7, 1, 8], [2, 9, 3, 10], [4, 11, 5, 12], [6, 17, 7, 18], [8, 1, 9, 2], [10, 3, 11, 4], [12, 16, 13, 15], [14, 22, 15, 21]]"
12a_0422_130,"[[14, 22, 15, 21], [16, 5, 17, 6], [18, 24, 19, 23], [20, 14, 21, 13], [22, 20, 23, 19], [24, 7, 1, 8], [2, 9, 3, 10], [4, 11, 5, 12], [6, 17, 7, 18], [8, 1, 9, 2], [10, 3, 11, 4], [12, 16, 13, 15]]"
12a_0422_131,"[[12, 16, 13, 15], [14, 22, 15, 21], [16, 5, 17, 6], [18, 24, 19, 23], [20, 14, 21, 13], [22, 20, 23, 19], [24, 7, 1, 8], [2, 9, 3, 10], [4, 11, 5, 12], [6, 17, 7, 18], [8, 1, 9, 2], [10, 3, 11, 4]]"
12a_0422_132,"[[11, 4, 12, 5], [13, 17, 14, 16], [15, 23, 16, 22], [17, 6, 18, 7], [19, 1, 20, 24], [21, 15, 22, 14], [23, 21, 24, 20], [1, 8, 2, 9], [3, 10, 4, 11], [5, 12, 6, 13], [7, 18, 8, 19], [9, 2, 10, 3]]"
12a_0422_133,"[[9, 2, 10, 3], [11, 4, 12, 5], [13, 17, 14, 16], [15, 23, 16, 22], [17, 6, 18, 7], [19, 1, 20, 24], [21, 15, 22, 14], [23, 21, 24, 20], [1, 8, 2, 9], [3, 10, 4, 11], [5, 12, 6, 13], [7, 18, 8, 19]]"
12a_0422_134,"[[7, 18, 8, 19], [9, 2, 10, 3], [11, 4, 12, 5], [13, 17, 14, 16], [15, 23, 16, 22], [17, 6, 18, 7], [19, 1, 20, 24], [21, 15, 22, 14], [23, 21, 24, 20], [1, 8, 2, 9], [3, 10, 4, 11], [5, 12, 6, 13]]"
12a_0422_135,"[[5, 12, 6, 13], [7, 18, 8, 19], [9, 2, 10, 3], [11, 4, 12, 5], [13, 17, 14, 16], [15, 23, 16, 22], [17, 6, 18, 7], [19, 1, 20, 24], [21, 15, 22, 14], [23, 21, 24, 20], [1, 8, 2, 9], [3, 10, 4, 11]]"
12a_0422_136,"[[3, 10, 4, 11], [5, 12, 6, 13], [7, 18, 8, 19], [9, 2, 10, 3], [11, 4, 12, 5], [13, 17, 14, 16], [15, 23, 16, 22], [17, 6, 18, 7], [19, 1, 20, 24], [21, 15, 22, 14], [23, 21, 24, 20], [1, 8, 2, 9]]"
12a_0422_137,"[[1, 8, 2, 9], [3, 10, 4, 11], [5, 12, 6, 13], [7, 18, 8, 19], [9, 2, 10, 3], [11, 4, 12, 5], [13, 17, 14, 16], [15, 23, 16, 22], [17, 6, 18, 7], [19, 1, 20, 24], [21, 15, 22, 14], [23, 21, 24, 20]]"
12a_0422_138,"[[23, 21, 24, 20], [1, 8, 2, 9], [3, 10, 4, 11], [5, 12, 6, 13], [7, 18, 8, 19], [9, 2, 10, 3], [11, 4, 12, 5], [13, 17, 14, 16], [15, 23, 16, 22], [17, 6, 18, 7], [19, 1, 20, 24], [21, 15, 22, 14]]"
12a_0422_139,"[[21, 15, 22, 14], [23, 21, 24, 20], [1, 8, 2, 9], [3, 10, 4, 11], [5, 12, 6, 13], [7, 18, 8, 19], [9, 2, 10, 3], [11, 4, 12, 5], [13, 17, 14, 16], [15, 23, 16, 22], [17, 6, 18, 7], [19, 1, 20, 24]]"
12a_0422_140,"[[19, 1, 20, 24], [21, 15, 22, 14], [23, 21, 24, 20], [1, 8, 2, 9], [3, 10, 4, 11], [5, 12, 6, 13], [7, 18, 8, 19], [9, 2, 10, 3], [11, 4, 12, 5], [13, 17, 14, 16], [15, 23, 16, 22], [17, 6, 18, 7]]"
12a_0422_141,"[[17, 6, 18, 7], [19, 1, 20, 24], [21, 15, 22, 14], [23, 21, 24, 20], [1, 8, 2, 9], [3, 10, 4, 11], [5, 12, 6, 13], [7, 18, 8, 19], [9, 2, 10, 3], [11, 4, 12, 5], [13, 17, 14, 16], [15, 23, 16, 22]]"
12a_0422_142,"[[15, 23, 16, 22], [17, 6, 18, 7], [19, 1, 20, 24], [21, 15, 22, 14], [23, 21, 24, 20], [1, 8, 2, 9], [3, 10, 4, 11], [5, 12, 6, 13], [7, 18, 8, 19], [9, 2, 10, 3], [11, 4, 12, 5], [13, 17, 14, 16]]"
12a_0422_143,"[[13, 17, 14, 16], [15, 23, 16, 22], [17, 6, 18, 7], [19, 1, 20, 24], [21, 15, 22, 14], [23, 21, 24, 20], [1, 8, 2, 9], [3, 10, 4, 11], [5, 12, 6, 13], [7, 18, 8, 19], [9, 2, 10, 3], [11, 4, 12, 5]]"
12a_0422_144,"[[12, 5, 13, 6], [14, 18, 15, 17], [16, 24, 17, 23], [18, 7, 19, 8], [20, 2, 21, 1], [22, 16, 23, 15], [24, 22, 1, 21], [2, 9, 3, 10], [4, 11, 5, 12], [6, 13, 7, 14], [8, 19, 9, 20], [10, 3, 11, 4]]"
12a_0422_145,"[[10, 3, 11, 4], [12, 5, 13, 6], [14, 18, 15, 17], [16, 24, 17, 23], [18, 7, 19, 8], [20, 2, 21, 1], [22, 16, 23, 15], [24, 22, 1, 21], [2, 9, 3, 10], [4, 11, 5, 12], [6, 13, 7, 14], [8, 19, 9, 20]]"
12a_0422_146,"[[8, 19, 9, 20], [10, 3, 11, 4], [12, 5, 13, 6], [14, 18, 15, 17], [16, 24, 17, 23], [18, 7, 19, 8], [20, 2, 21, 1], [22, 16, 23, 15], [24, 22, 1, 21], [2, 9, 3, 10], [4, 11, 5, 12], [6, 13, 7, 14]]"
12a_0422_147,"[[6, 13, 7, 14], [8, 19, 9, 20], [10, 3, 11, 4], [12, 5, 13, 6], [14, 18, 15, 17], [16, 24, 17, 23], [18, 7, 19, 8], [20, 2, 21, 1], [22, 16, 23, 15], [24, 22, 1, 21], [2, 9, 3, 10], [4, 11, 5, 12]]"
12a_0422_148,"[[4, 11, 5, 12], [6, 13, 7, 14], [8, 19, 9, 20], [10, 3, 11, 4], [12, 5, 13, 6], [14, 18, 15, 17], [16, 24, 17, 23], [18, 7, 19, 8], [20, 2, 21, 1], [22, 16, 23, 15], [24, 22, 1, 21], [2, 9, 3, 10]]"
12a_0422_149,"[[2, 9, 3, 10], [4, 11, 5, 12], [6, 13, 7, 14], [8, 19, 9, 20], [10, 3, 11, 4], [12, 5, 13, 6], [14, 18, 15, 17], [16, 24, 17, 23], [18, 7, 19, 8], [20, 2, 21, 1], [22, 16, 23, 15], [24, 22, 1, 21]]"
12a_0422_150,"[[24, 22, 1, 21], [2, 9, 3, 10], [4, 11, 5, 12], [6, 13, 7, 14], [8, 19, 9, 20], [10, 3, 11, 4], [12, 5, 13, 6], [14, 18, 15, 17], [16, 24, 17, 23], [18, 7, 19, 8], [20, 2, 21, 1], [22, 16, 23, 15]]"
12a_0422_151,"[[22, 16, 23, 15], [24, 22, 1, 21], [2, 9, 3, 10], [4, 11, 5, 12], [6, 13, 7, 14], [8, 19, 9, 20], [10, 3, 11, 4], [12, 5, 13, 6], [14, 18, 15, 17], [16, 24, 17, 23], [18, 7, 19, 8], [20, 2, 21, 1]]"
12a_0422_152,"[[20, 2, 21, 1], [22, 16, 23, 15], [24, 22, 1, 21], [2, 9, 3, 10], [4, 11, 5, 12], [6, 13, 7, 14], [8, 19, 9, 20], [10, 3, 11, 4], [12, 5, 13, 6], [14, 18, 15, 17], [16, 24, 17, 23], [18, 7, 19, 8]]"
12a_0422_153,"[[18, 7, 19, 8], [20, 2, 21, 1], [22, 16, 23, 15], [24, 22, 1, 21], [2, 9, 3, 10], [4, 11, 5, 12], [6, 13, 7, 14], [8, 19, 9, 20], [10, 3, 11, 4], [12, 5, 13, 6], [14, 18, 15, 17], [16, 24, 17, 23]]"
12a_0422_154,"[[16, 24, 17, 23], [18, 7, 19, 8], [20, 2, 21, 1], [22, 16, 23, 15], [24, 22, 1, 21], [2, 9, 3, 10], [4, 11, 5, 12], [6, 13, 7, 14], [8, 19, 9, 20], [10, 3, 11, 4], [12, 5, 13, 6], [14, 18, 15, 17]]"
12a_0422_155,"[[14, 18, 15, 17], [16, 24, 17, 23], [18, 7, 19, 8], [20, 2, 21, 1], [22, 16, 23, 15], [24, 22, 1, 21], [2, 9, 3, 10], [4, 11, 5, 12], [6, 13, 7, 14], [8, 19, 9, 20], [10, 3, 11, 4], [12, 5, 13, 6]]"
12a_0422_156,"[[13, 6, 14, 7], [15, 19, 16, 18], [17, 1, 18, 24], [19, 8, 20, 9], [21, 3, 22, 2], [23, 17, 24, 16], [1, 23, 2, 22], [3, 10, 4, 11], [5, 12, 6, 13], [7, 14, 8, 15], [9, 20, 10, 21], [11, 4, 12, 5]]"
12a_0422_157,"[[11, 4, 12, 5], [13, 6, 14, 7], [15, 19, 16, 18], [17, 1, 18, 24], [19, 8, 20, 9], [21, 3, 22, 2], [23, 17, 24, 16], [1, 23, 2, 22], [3, 10, 4, 11], [5, 12, 6, 13], [7, 14, 8, 15], [9, 20, 10, 21]]"
12a_0422_158,"[[9, 20, 10, 21], [11, 4, 12, 5], [13, 6, 14, 7], [15, 19, 16, 18], [17, 1, 18, 24], [19, 8, 20, 9], [21, 3, 22, 2], [23, 17, 24, 16], [1, 23, 2, 22], [3, 10, 4, 11], [5, 12, 6, 13], [7, 14, 8, 15]]"
12a_0422_159,"[[7, 14, 8, 15], [9, 20, 10, 21], [11, 4, 12, 5], [13, 6, 14, 7], [15, 19, 16, 18], [17, 1, 18, 24], [19, 8, 20, 9], [21, 3, 22, 2], [23, 17, 24, 16], [1, 23, 2, 22], [3, 10, 4, 11], [5, 12, 6, 13]]"
12a_0422_160,"[[5, 12, 6, 13], [7, 14, 8, 15], [9, 20, 10, 21], [11, 4, 12, 5], [13, 6, 14, 7], [15, 19, 16, 18], [17, 1, 18, 24], [19, 8, 20, 9], [21, 3, 22, 2], [23, 17, 24, 16], [1, 23, 2, 22], [3, 10, 4, 11]]"
12a_0422_161,"[[3, 10, 4, 11], [5, 12, 6, 13], [7, 14, 8, 15], [9, 20, 10, 21], [11, 4, 12, 5], [13, 6, 14, 7], [15, 19, 16, 18], [17, 1, 18, 24], [19, 8, 20, 9], [21, 3, 22, 2], [23, 17, 24, 16], [1, 23, 2, 22]]"
12a_0422_162,"[[1, 23, 2, 22], [3, 10, 4, 11], [5, 12, 6, 13], [7, 14, 8, 15], [9, 20, 10, 21], [11, 4, 12, 5], [13, 6, 14, 7], [15, 19, 16, 18], [17, 1, 18, 24], [19, 8, 20, 9], [21, 3, 22, 2], [23, 17, 24, 16]]"
12a_0422_163,"[[23, 17, 24, 16], [1, 23, 2, 22], [3, 10, 4, 11], [5, 12, 6, 13], [7, 14, 8, 15], [9, 20, 10, 21], [11, 4, 12, 5], [13, 6, 14, 7], [15, 19, 16, 18], [17, 1, 18, 24], [19, 8, 20, 9], [21, 3, 22, 2]]"
12a_0422_164,"[[21, 3, 22, 2], [23, 17, 24, 16], [1, 23, 2, 22], [3, 10, 4, 11], [5, 12, 6, 13], [7, 14, 8, 15], [9, 20, 10, 21], [11, 4, 12, 5], [13, 6, 14, 7], [15, 19, 16, 18], [17, 1, 18, 24], [19, 8, 20, 9]]"
12a_0422_165,"[[19, 8, 20, 9], [21, 3, 22, 2], [23, 17, 24, 16], [1, 23, 2, 22], [3, 10, 4, 11], [5, 12, 6, 13], [7, 14, 8, 15], [9, 20, 10, 21], [11, 4, 12, 5], [13, 6, 14, 7], [15, 19, 16, 18], [17, 1, 18, 24]]"
12a_0422_166,"[[17, 1, 18, 24], [19, 8, 20, 9], [21, 3, 22, 2], [23, 17, 24, 16], [1, 23, 2, 22], [3, 10, 4, 11], [5, 12, 6, 13], [7, 14, 8, 15], [9, 20, 10, 21], [11, 4, 12, 5], [13, 6, 14, 7], [15, 19, 16, 18]]"
12a_0422_167,"[[15, 19, 16, 18], [17, 1, 18, 24], [19, 8, 20, 9], [21, 3, 22, 2], [23, 17, 24, 16], [1, 23, 2, 22], [3, 10, 4, 11], [5, 12, 6, 13], [7, 14, 8, 15], [9, 20, 10, 21], [11, 4, 12, 5], [13, 6, 14, 7]]"
12a_0422_168,"[[14, 7, 15, 8], [16, 20, 17, 19], [18, 2, 19, 1], [20, 9, 21, 10], [22, 4, 23, 3], [24, 18, 1, 17], [2, 24, 3, 23], [4, 11, 5, 12], [6, 13, 7, 14], [8, 15, 9, 16], [10, 21, 11, 22], [12, 5, 13, 6]]"
12a_0422_169,"[[12, 5, 13, 6], [14, 7, 15, 8], [16, 20, 17, 19], [18, 2, 19, 1], [20, 9, 21, 10], [22, 4, 23, 3], [24, 18, 1, 17], [2, 24, 3, 23], [4, 11, 5, 12], [6, 13, 7, 14], [8, 15, 9, 16], [10, 21, 11, 22]]"
12a_0422_170,"[[10, 21, 11, 22], [12, 5, 13, 6], [14, 7, 15, 8], [16, 20, 17, 19], [18, 2, 19, 1], [20, 9, 21, 10], [22, 4, 23, 3], [24, 18, 1, 17], [2, 24, 3, 23], [4, 11, 5, 12], [6, 13, 7, 14], [8, 15, 9, 16]]"
12a_0422_171,"[[8, 15, 9, 16], [10, 21, 11, 22], [12, 5, 13, 6], [14, 7, 15, 8], [16, 20, 17, 19], [18, 2, 19, 1], [20, 9, 21, 10], [22, 4, 23, 3], [24, 18, 1, 17], [2, 24, 3, 23], [4, 11, 5, 12], [6, 13, 7, 14]]"
12a_0422_172,"[[6, 13, 7, 14], [8, 15, 9, 16], [10, 21, 11, 22], [12, 5, 13, 6], [14, 7, 15, 8], [16, 20, 17, 19], [18, 2, 19, 1], [20, 9, 21, 10], [22, 4, 23, 3], [24, 18, 1, 17], [2, 24, 3, 23], [4, 11, 5, 12]]"
12a_0422_173,"[[4, 11, 5, 12], [6, 13, 7, 14], [8, 15, 9, 16], [10, 21, 11, 22], [12, 5, 13, 6], [14, 7, 15, 8], [16, 20, 17, 19], [18, 2, 19, 1], [20, 9, 21, 10], [22, 4, 23, 3], [24, 18, 1, 17], [2, 24, 3, 23]]"
12a_0422_174,"[[2, 24, 3, 23], [4, 11, 5, 12], [6, 13, 7, 14], [8, 15, 9, 16], [10, 21, 11, 22], [12, 5, 13, 6], [14, 7, 15, 8], [16, 20, 17, 19], [18, 2, 19, 1], [20, 9, 21, 10], [22, 4, 23, 3], [24, 18, 1, 17]]"
12a_0422_175,"[[24, 18, 1, 17], [2, 24, 3, 23], [4, 11, 5, 12], [6, 13, 7, 14], [8, 15, 9, 16], [10, 21, 11, 22], [12, 5, 13, 6], [14, 7, 15, 8], [16, 20, 17, 19], [18, 2, 19, 1], [20, 9, 21, 10], [22, 4, 23, 3]]"
12a_0422_176,"[[22, 4, 23, 3], [24, 18, 1, 17], [2, 24, 3, 23], [4, 11, 5, 12], [6, 13, 7, 14], [8, 15, 9, 16], [10, 21, 11, 22], [12, 5, 13, 6], [14, 7, 15, 8], [16, 20, 17, 19], [18, 2, 19, 1], [20, 9, 21, 10]]"
12a_0422_177,"[[20, 9, 21, 10], [22, 4, 23, 3], [24, 18, 1, 17], [2, 24, 3, 23], [4, 11, 5, 12], [6, 13, 7, 14], [8, 15, 9, 16], [10, 21, 11, 22], [12, 5, 13, 6], [14, 7, 15, 8], [16, 20, 17, 19], [18, 2, 19, 1]]"
12a_0422_178,"[[18, 2, 19, 1], [20, 9, 21, 10], [22, 4, 23, 3], [24, 18, 1, 17], [2, 24, 3, 23], [4, 11, 5, 12], [6, 13, 7, 14], [8, 15, 9, 16], [10, 21, 11, 22], [12, 5, 13, 6], [14, 7, 15, 8], [16, 20, 17, 19]]"
12a_0422_179,"[[16, 20, 17, 19], [18, 2, 19, 1], [20, 9, 21, 10], [22, 4, 23, 3], [24, 18, 1, 17], [2, 24, 3, 23], [4, 11, 5, 12], [6, 13, 7, 14], [8, 15, 9, 16], [10, 21, 11, 22], [12, 5, 13, 6], [14, 7, 15, 8]]"
12a_0422_180,"[[15, 8, 16, 9], [17, 21, 18, 20], [19, 3, 20, 2], [21, 10, 22, 11], [23, 5, 24, 4], [1, 19, 2, 18], [3, 1, 4, 24], [5, 12, 6, 13], [7, 14, 8, 15], [9, 16, 10, 17], [11, 22, 12, 23], [13, 6, 14, 7]]"
12a_0422_181,"[[13, 6, 14, 7], [15, 8, 16, 9], [17, 21, 18, 20], [19, 3, 20, 2], [21, 10, 22, 11], [23, 5, 24, 4], [1, 19, 2, 18], [3, 1, 4, 24], [5, 12, 6, 13], [7, 14, 8, 15], [9, 16, 10, 17], [11, 22, 12, 23]]"
12a_0422_182,"[[11, 22, 12, 23], [13, 6, 14, 7], [15, 8, 16, 9], [17, 21, 18, 20], [19, 3, 20, 2], [21, 10, 22, 11], [23, 5, 24, 4], [1, 19, 2, 18], [3, 1, 4, 24], [5, 12, 6, 13], [7, 14, 8, 15], [9, 16, 10, 17]]"
12a_0422_183,"[[9, 16, 10, 17], [11, 22, 12, 23], [13, 6, 14, 7], [15, 8, 16, 9], [17, 21, 18, 20], [19, 3, 20, 2], [21, 10, 22, 11], [23, 5, 24, 4], [1, 19, 2, 18], [3, 1, 4, 24], [5, 12, 6, 13], [7, 14, 8, 15]]"
12a_0422_184,"[[7, 14, 8, 15], [9, 16, 10, 17], [11, 22, 12, 23], [13, 6, 14, 7], [15, 8, 16, 9], [17, 21, 18, 20], [19, 3, 20, 2], [21, 10, 22, 11], [23, 5, 24, 4], [1, 19, 2, 18], [3, 1, 4, 24], [5, 12, 6, 13]]"
12a_0422_185,"[[5, 12, 6, 13], [7, 14, 8, 15], [9, 16, 10, 17], [11, 22, 12, 23], [13, 6, 14, 7], [15, 8, 16, 9], [17, 21, 18, 20], [19, 3, 20, 2], [21, 10, 22, 11], [23, 5, 24, 4], [1, 19, 2, 18], [3, 1, 4, 24]]"
