name,pd_notation
12a_0690_0,"[[24, 19, 1, 20], [2, 6, 3, 5], [4, 13, 5, 14], [6, 24, 7, 23], [8, 22, 9, 21], [10, 18, 11, 17], [12, 16, 13, 15], [14, 3, 15, 4], [16, 12, 17, 11], [18, 1, 19, 2], [20, 10, 21, 9], [22, 8, 23, 7]]"
12a_0690_1,"[[22, 8, 23, 7], [24, 19, 1, 20], [2, 6, 3, 5], [4, 13, 5, 14], [6, 24, 7, 23], [8, 22, 9, 21], [10, 18, 11, 17], [12, 16, 13, 15], [14, 3, 15, 4], [16, 12, 17, 11], [18, 1, 19, 2], [20, 10, 21, 9]]"
12a_0690_2,"[[20, 10, 21, 9], [22, 8, 23, 7], [24, 19, 1, 20], [2, 6, 3, 5], [4, 13, 5, 14], [6, 24, 7, 23], [8, 22, 9, 21], [10, 18, 11, 17], [12, 16, 13, 15], [14, 3, 15, 4], [16, 12, 17, 11], [18, 1, 19, 2]]"
12a_0690_3,"[[18, 1, 19, 2], [20, 10, 21, 9], [22, 8, 23, 7], [24, 19, 1, 20], [2, 6, 3, 5], [4, 13, 5, 14], [6, 24, 7, 23], [8, 22, 9, 21], [10, 18, 11, 17], [12, 16, 13, 15], [14, 3, 15, 4], [16, 12, 17, 11]]"
12a_0690_4,"[[16, 12, 17, 11], [18, 1, 19, 2], [20, 10, 21, 9], [22, 8, 23, 7], [24, 19, 1, 20], [2, 6, 3, 5], [4, 13, 5, 14], [6, 24, 7, 23], [8, 22, 9, 21], [10, 18, 11, 17], [12, 16, 13, 15], [14, 3, 15, 4]]"
12a_0690_5,"[[14, 3, 15, 4], [16, 12, 17, 11], [18, 1, 19, 2], [20, 10, 21, 9], [22, 8, 23, 7], [24, 19, 1, 20], [2, 6, 3, 5], [4, 13, 5, 14], [6, 24, 7, 23], [8, 22, 9, 21], [10, 18, 11, 17], [12, 16, 13, 15]]"
12a_0690_6,"[[12, 16, 13, 15], [14, 3, 15, 4], [16, 12, 17, 11], [18, 1, 19, 2], [20, 10, 21, 9], [22, 8, 23, 7], [24, 19, 1, 20], [2, 6, 3, 5], [4, 13, 5, 14], [6, 24, 7, 23], [8, 22, 9, 21], [10, 18, 11, 17]]"
12a_0690_7,"[[10, 18, 11, 17], [12, 16, 13, 15], [14, 3, 15, 4], [16, 12, 17, 11], [18, 1, 19, 2], [20, 10, 21, 9], [22, 8, 23, 7], [24, 19, 1, 20], [2, 6, 3, 5], [4, 13, 5, 14], [6, 24, 7, 23], [8, 22, 9, 21]]"
12a_0690_8,"[[8, 22, 9, 21], [10, 18, 11, 17], [12, 16, 13, 15], [14, 3, 15, 4], [16, 12, 17, 11], [18, 1, 19, 2], [20, 10, 21, 9], [22, 8, 23, 7], [24, 19, 1, 20], [2, 6, 3, 5], [4, 13, 5, 14], [6, 24, 7, 23]]"
12a_0690_9,"[[6, 24, 7, 23], [8, 22, 9, 21], [10, 18, 11, 17], [12, 16, 13, 15], [14, 3, 15, 4], [16, 12, 17, 11], [18, 1, 19, 2], [20, 10, 21, 9], [22, 8, 23, 7], [24, 19, 1, 20], [2, 6, 3, 5], [4, 13, 5, 14]]"
12a_0690_10,"[[4, 13, 5, 14], [6, 24, 7, 23], [8, 22, 9, 21], [10, 18, 11, 17], [12, 16, 13, 15], [14, 3, 15, 4], [16, 12, 17, 11], [18, 1, 19, 2], [20, 10, 21, 9], [22, 8, 23, 7], [24, 19, 1, 20], [2, 6, 3, 5]]"
12a_0690_11,"[[2, 6, 3, 5], [4, 13, 5, 14], [6, 24, 7, 23], [8, 22, 9, 21], [10, 18, 11, 17], [12, 16, 13, 15], [14, 3, 15, 4], [16, 12, 17, 11], [18, 1, 19, 2], [20, 10, 21, 9], [22, 8, 23, 7], [24, 19, 1, 20]]"
12a_0690_12,"[[1, 20, 2, 21], [3, 7, 4, 6], [5, 14, 6, 15], [7, 1, 8, 24], [9, 23, 10, 22], [11, 19, 12, 18], [13, 17, 14, 16], [15, 4, 16, 5], [17, 13, 18, 12], [19, 2, 20, 3], [21, 11, 22, 10], [23, 9, 24, 8]]"
12a_0690_13,"[[23, 9, 24, 8], [1, 20, 2, 21], [3, 7, 4, 6], [5, 14, 6, 15], [7, 1, 8, 24], [9, 23, 10, 22], [11, 19, 12, 18], [13, 17, 14, 16], [15, 4, 16, 5], [17, 13, 18, 12], [19, 2, 20, 3], [21, 11, 22, 10]]"
12a_0690_14,"[[21, 11, 22, 10], [23, 9, 24, 8], [1, 20, 2, 21], [3, 7, 4, 6], [5, 14, 6, 15], [7, 1, 8, 24], [9, 23, 10, 22], [11, 19, 12, 18], [13, 17, 14, 16], [15, 4, 16, 5], [17, 13, 18, 12], [19, 2, 20, 3]]"
12a_0690_15,"[[19, 2, 20, 3], [21, 11, 22, 10], [23, 9, 24, 8], [1, 20, 2, 21], [3, 7, 4, 6], [5, 14, 6, 15], [7, 1, 8, 24], [9, 23, 10, 22], [11, 19, 12, 18], [13, 17, 14, 16], [15, 4, 16, 5], [17, 13, 18, 12]]"
12a_0690_16,"[[17, 13, 18, 12], [19, 2, 20, 3], [21, 11, 22, 10], [23, 9, 24, 8], [1, 20, 2, 21], [3, 7, 4, 6], [5, 14, 6, 15], [7, 1, 8, 24], [9, 23, 10, 22], [11, 19, 12, 18], [13, 17, 14, 16], [15, 4, 16, 5]]"
12a_0690_17,"[[15, 4, 16, 5], [17, 13, 18, 12], [19, 2, 20, 3], [21, 11, 22, 10], [23, 9, 24, 8], [1, 20, 2, 21], [3, 7, 4, 6], [5, 14, 6, 15], [7, 1, 8, 24], [9, 23, 10, 22], [11, 19, 12, 18], [13, 17, 14, 16]]"
12a_0690_18,"[[13, 17, 14, 16], [15, 4, 16, 5], [17, 13, 18, 12], [19, 2, 20, 3], [21, 11, 22, 10], [23, 9, 24, 8], [1, 20, 2, 21], [3, 7, 4, 6], [5, 14, 6, 15], [7, 1, 8, 24], [9, 23, 10, 22], [11, 19, 12, 18]]"
12a_0690_19,"[[11, 19, 12, 18], [13, 17, 14, 16], [15, 4, 16, 5], [17, 13, 18, 12], [19, 2, 20, 3], [21, 11, 22, 10], [23, 9, 24, 8], [1, 20, 2, 21], [3, 7, 4, 6], [5, 14, 6, 15], [7, 1, 8, 24], [9, 23, 10, 22]]"
12a_0690_20,"[[9, 23, 10, 22], [11, 19, 12, 18], [13, 17, 14, 16], [15, 4, 16, 5], [17, 13, 18, 12], [19, 2, 20, 3], [21, 11, 22, 10], [23, 9, 24, 8], [1, 20, 2, 21], [3, 7, 4, 6], [5, 14, 6, 15], [7, 1, 8, 24]]"
12a_0690_21,"[[7, 1, 8, 24], [9, 23, 10, 22], [11, 19, 12, 18], [13, 17, 14, 16], [15, 4, 16, 5], [17, 13, 18, 12], [19, 2, 20, 3], [21, 11, 22, 10], [23, 9, 24, 8], [1, 20, 2, 21], [3, 7, 4, 6], [5, 14, 6, 15]]"
12a_0690_22,"[[5, 14, 6, 15], [7, 1, 8, 24], [9, 23, 10, 22], [11, 19, 12, 18], [13, 17, 14, 16], [15, 4, 16, 5], [17, 13, 18, 12], [19, 2, 20, 3], [21, 11, 22, 10], [23, 9, 24, 8], [1, 20, 2, 21], [3, 7, 4, 6]]"
12a_0690_23,"[[3, 7, 4, 6], [5, 14, 6, 15], [7, 1, 8, 24], [9, 23, 10, 22], [11, 19, 12, 18], [13, 17, 14, 16], [15, 4, 16, 5], [17, 13, 18, 12], [19, 2, 20, 3], [21, 11, 22, 10], [23, 9, 24, 8], [1, 20, 2, 21]]"
12a_0690_24,"[[2, 21, 3, 22], [4, 8, 5, 7], [6, 15, 7, 16], [8, 2, 9, 1], [10, 24, 11, 23], [12, 20, 13, 19], [14, 18, 15, 17], [16, 5, 17, 6], [18, 14, 19, 13], [20, 3, 21, 4], [22, 12, 23, 11], [24, 10, 1, 9]]"
12a_0690_25,"[[24, 10, 1, 9], [2, 21, 3, 22], [4, 8, 5, 7], [6, 15, 7, 16], [8, 2, 9, 1], [10, 24, 11, 23], [12, 20, 13, 19], [14, 18, 15, 17], [16, 5, 17, 6], [18, 14, 19, 13], [20, 3, 21, 4], [22, 12, 23, 11]]"
12a_0690_26,"[[22, 12, 23, 11], [24, 10, 1, 9], [2, 21, 3, 22], [4, 8, 5, 7], [6, 15, 7, 16], [8, 2, 9, 1], [10, 24, 11, 23], [12, 20, 13, 19], [14, 18, 15, 17], [16, 5, 17, 6], [18, 14, 19, 13], [20, 3, 21, 4]]"
12a_0690_27,"[[20, 3, 21, 4], [22, 12, 23, 11], [24, 10, 1, 9], [2, 21, 3, 22], [4, 8, 5, 7], [6, 15, 7, 16], [8, 2, 9, 1], [10, 24, 11, 23], [12, 20, 13, 19], [14, 18, 15, 17], [16, 5, 17, 6], [18, 14, 19, 13]]"
12a_0690_28,"[[18, 14, 19, 13], [20, 3, 21, 4], [22, 12, 23, 11], [24, 10, 1, 9], [2, 21, 3, 22], [4, 8, 5, 7], [6, 15, 7, 16], [8, 2, 9, 1], [10, 24, 11, 23], [12, 20, 13, 19], [14, 18, 15, 17], [16, 5, 17, 6]]"
12a_0690_29,"[[16, 5, 17, 6], [18, 14, 19, 13], [20, 3, 21, 4], [22, 12, 23, 11], [24, 10, 1, 9], [2, 21, 3, 22], [4, 8, 5, 7], [6, 15, 7, 16], [8, 2, 9, 1], [10, 24, 11, 23], [12, 20, 13, 19], [14, 18, 15, 17]]"
12a_0690_30,"[[14, 18, 15, 17], [16, 5, 17, 6], [18, 14, 19, 13], [20, 3, 21, 4], [22, 12, 23, 11], [24, 10, 1, 9], [2, 21, 3, 22], [4, 8, 5, 7], [6, 15, 7, 16], [8, 2, 9, 1], [10, 24, 11, 23], [12, 20, 13, 19]]"
12a_0690_31,"[[12, 20, 13, 19], [14, 18, 15, 17], [16, 5, 17, 6], [18, 14, 19, 13], [20, 3, 21, 4], [22, 12, 23, 11], [24, 10, 1, 9], [2, 21, 3, 22], [4, 8, 5, 7], [6, 15, 7, 16], [8, 2, 9, 1], [10, 24, 11, 23]]"
12a_0690_32,"[[10, 24, 11, 23], [12, 20, 13, 19], [14, 18, 15, 17], [16, 5, 17, 6], [18, 14, 19, 13], [20, 3, 21, 4], [22, 12, 23, 11], [24, 10, 1, 9], [2, 21, 3, 22], [4, 8, 5, 7], [6, 15, 7, 16], [8, 2, 9, 1]]"
12a_0690_33,"[[8, 2, 9, 1], [10, 24, 11, 23], [12, 20, 13, 19], [14, 18, 15, 17], [16, 5, 17, 6], [18, 14, 19, 13], [20, 3, 21, 4], [22, 12, 23, 11], [24, 10, 1, 9], [2, 21, 3, 22], [4, 8, 5, 7], [6, 15, 7, 16]]"
12a_0690_34,"[[6, 15, 7, 16], [8, 2, 9, 1], [10, 24, 11, 23], [12, 20, 13, 19], [14, 18, 15, 17], [16, 5, 17, 6], [18, 14, 19, 13], [20, 3, 21, 4], [22, 12, 23, 11], [24, 10, 1, 9], [2, 21, 3, 22], [4, 8, 5, 7]]"
12a_0690_35,"[[4, 8, 5, 7], [6, 15, 7, 16], [8, 2, 9, 1], [10, 24, 11, 23], [12, 20, 13, 19], [14, 18, 15, 17], [16, 5, 17, 6], [18, 14, 19, 13], [20, 3, 21, 4], [22, 12, 23, 11], [24, 10, 1, 9], [2, 21, 3, 22]]"
12a_0690_36,"[[3, 22, 4, 23], [5, 9, 6, 8], [7, 16, 8, 17], [9, 3, 10, 2], [11, 1, 12, 24], [13, 21, 14, 20], [15, 19, 16, 18], [17, 6, 18, 7], [19, 15, 20, 14], [21, 4, 22, 5], [23, 13, 24, 12], [1, 11, 2, 10]]"
12a_0690_37,"[[1, 11, 2, 10], [3, 22, 4, 23], [5, 9, 6, 8], [7, 16, 8, 17], [9, 3, 10, 2], [11, 1, 12, 24], [13, 21, 14, 20], [15, 19, 16, 18], [17, 6, 18, 7], [19, 15, 20, 14], [21, 4, 22, 5], [23, 13, 24, 12]]"
12a_0690_38,"[[23, 13, 24, 12], [1, 11, 2, 10], [3, 22, 4, 23], [5, 9, 6, 8], [7, 16, 8, 17], [9, 3, 10, 2], [11, 1, 12, 24], [13, 21, 14, 20], [15, 19, 16, 18], [17, 6, 18, 7], [19, 15, 20, 14], [21, 4, 22, 5]]"
12a_0690_39,"[[21, 4, 22, 5], [23, 13, 24, 12], [1, 11, 2, 10], [3, 22, 4, 23], [5, 9, 6, 8], [7, 16, 8, 17], [9, 3, 10, 2], [11, 1, 12, 24], [13, 21, 14, 20], [15, 19, 16, 18], [17, 6, 18, 7], [19, 15, 20, 14]]"
12a_0690_40,"[[19, 15, 20, 14], [21, 4, 22, 5], [23, 13, 24, 12], [1, 11, 2, 10], [3, 22, 4, 23], [5, 9, 6, 8], [7, 16, 8, 17], [9, 3, 10, 2], [11, 1, 12, 24], [13, 21, 14, 20], [15, 19, 16, 18], [17, 6, 18, 7]]"
12a_0690_41,"[[17, 6, 18, 7], [19, 15, 20, 14], [21, 4, 22, 5], [23, 13, 24, 12], [1, 11, 2, 10], [3, 22, 4, 23], [5, 9, 6, 8], [7, 16, 8, 17], [9, 3, 10, 2], [11, 1, 12, 24], [13, 21, 14, 20], [15, 19, 16, 18]]"
12a_0690_42,"[[15, 19, 16, 18], [17, 6, 18, 7], [19, 15, 20, 14], [21, 4, 22, 5], [23, 13, 24, 12], [1, 11, 2, 10], [3, 22, 4, 23], [5, 9, 6, 8], [7, 16, 8, 17], [9, 3, 10, 2], [11, 1, 12, 24], [13, 21, 14, 20]]"
12a_0690_43,"[[13, 21, 14, 20], [15, 19, 16, 18], [17, 6, 18, 7], [19, 15, 20, 14], [21, 4, 22, 5], [23, 13, 24, 12], [1, 11, 2, 10], [3, 22, 4, 23], [5, 9, 6, 8], [7, 16, 8, 17], [9, 3, 10, 2], [11, 1, 12, 24]]"
12a_0690_44,"[[11, 1, 12, 24], [13, 21, 14, 20], [15, 19, 16, 18], [17, 6, 18, 7], [19, 15, 20, 14], [21, 4, 22, 5], [23, 13, 24, 12], [1, 11, 2, 10], [3, 22, 4, 23], [5, 9, 6, 8], [7, 16, 8, 17], [9, 3, 10, 2]]"
12a_0690_45,"[[9, 3, 10, 2], [11, 1, 12, 24], [13, 21, 14, 20], [15, 19, 16, 18], [17, 6, 18, 7], [19, 15, 20, 14], [21, 4, 22, 5], [23, 13, 24, 12], [1, 11, 2, 10], [3, 22, 4, 23], [5, 9, 6, 8], [7, 16, 8, 17]]"
12a_0690_46,"[[7, 16, 8, 17], [9, 3, 10, 2], [11, 1, 12, 24], [13, 21, 14, 20], [15, 19, 16, 18], [17, 6, 18, 7], [19, 15, 20, 14], [21, 4, 22, 5], [23, 13, 24, 12], [1, 11, 2, 10], [3, 22, 4, 23], [5, 9, 6, 8]]"
12a_0690_47,"[[5, 9, 6, 8], [7, 16, 8, 17], [9, 3, 10, 2], [11, 1, 12, 24], [13, 21, 14, 20], [15, 19, 16, 18], [17, 6, 18, 7], [19, 15, 20, 14], [21, 4, 22, 5], [23, 13, 24, 12], [1, 11, 2, 10], [3, 22, 4, 23]]"
12a_0690_48,"[[4, 23, 5, 24], [6, 10, 7, 9], [8, 17, 9, 18], [10, 4, 11, 3], [12, 2, 13, 1], [14, 22, 15, 21], [16, 20, 17, 19], [18, 7, 19, 8], [20, 16, 21, 15], [22, 5, 23, 6], [24, 14, 1, 13], [2, 12, 3, 11]]"
12a_0690_49,"[[2, 12, 3, 11], [4, 23, 5, 24], [6, 10, 7, 9], [8, 17, 9, 18], [10, 4, 11, 3], [12, 2, 13, 1], [14, 22, 15, 21], [16, 20, 17, 19], [18, 7, 19, 8], [20, 16, 21, 15], [22, 5, 23, 6], [24, 14, 1, 13]]"
12a_0690_50,"[[24, 14, 1, 13], [2, 12, 3, 11], [4, 23, 5, 24], [6, 10, 7, 9], [8, 17, 9, 18], [10, 4, 11, 3], [12, 2, 13, 1], [14, 22, 15, 21], [16, 20, 17, 19], [18, 7, 19, 8], [20, 16, 21, 15], [22, 5, 23, 6]]"
12a_0690_51,"[[22, 5, 23, 6], [24, 14, 1, 13], [2, 12, 3, 11], [4, 23, 5, 24], [6, 10, 7, 9], [8, 17, 9, 18], [10, 4, 11, 3], [12, 2, 13, 1], [14, 22, 15, 21], [16, 20, 17, 19], [18, 7, 19, 8], [20, 16, 21, 15]]"
12a_0690_52,"[[20, 16, 21, 15], [22, 5, 23, 6], [24, 14, 1, 13], [2, 12, 3, 11], [4, 23, 5, 24], [6, 10, 7, 9], [8, 17, 9, 18], [10, 4, 11, 3], [12, 2, 13, 1], [14, 22, 15, 21], [16, 20, 17, 19], [18, 7, 19, 8]]"
12a_0690_53,"[[18, 7, 19, 8], [20, 16, 21, 15], [22, 5, 23, 6], [24, 14, 1, 13], [2, 12, 3, 11], [4, 23, 5, 24], [6, 10, 7, 9], [8, 17, 9, 18], [10, 4, 11, 3], [12, 2, 13, 1], [14, 22, 15, 21], [16, 20, 17, 19]]"
12a_0690_54,"[[16, 20, 17, 19], [18, 7, 19, 8], [20, 16, 21, 15], [22, 5, 23, 6], [24, 14, 1, 13], [2, 12, 3, 11], [4, 23, 5, 24], [6, 10, 7, 9], [8, 17, 9, 18], [10, 4, 11, 3], [12, 2, 13, 1], [14, 22, 15, 21]]"
12a_0690_55,"[[14, 22, 15, 21], [16, 20, 17, 19], [18, 7, 19, 8], [20, 16, 21, 15], [22, 5, 23, 6], [24, 14, 1, 13], [2, 12, 3, 11], [4, 23, 5, 24], [6, 10, 7, 9], [8, 17, 9, 18], [10, 4, 11, 3], [12, 2, 13, 1]]"
12a_0690_56,"[[12, 2, 13, 1], [14, 22, 15, 21], [16, 20, 17, 19], [18, 7, 19, 8], [20, 16, 21, 15], [22, 5, 23, 6], [24, 14, 1, 13], [2, 12, 3, 11], [4, 23, 5, 24], [6, 10, 7, 9], [8, 17, 9, 18], [10, 4, 11, 3]]"
12a_0690_57,"[[10, 4, 11, 3], [12, 2, 13, 1], [14, 22, 15, 21], [16, 20, 17, 19], [18, 7, 19, 8], [20, 16, 21, 15], [22, 5, 23, 6], [24, 14, 1, 13], [2, 12, 3, 11], [4, 23, 5, 24], [6, 10, 7, 9], [8, 17, 9, 18]]"
12a_0690_58,"[[8, 17, 9, 18], [10, 4, 11, 3], [12, 2, 13, 1], [14, 22, 15, 21], [16, 20, 17, 19], [18, 7, 19, 8], [20, 16, 21, 15], [22, 5, 23, 6], [24, 14, 1, 13], [2, 12, 3, 11], [4, 23, 5, 24], [6, 10, 7, 9]]"
12a_0690_59,"[[6, 10, 7, 9], [8, 17, 9, 18], [10, 4, 11, 3], [12, 2, 13, 1], [14, 22, 15, 21], [16, 20, 17, 19], [18, 7, 19, 8], [20, 16, 21, 15], [22, 5, 23, 6], [24, 14, 1, 13], [2, 12, 3, 11], [4, 23, 5, 24]]"
12a_0690_60,"[[5, 24, 6, 1], [7, 11, 8, 10], [9, 18, 10, 19], [11, 5, 12, 4], [13, 3, 14, 2], [15, 23, 16, 22], [17, 21, 18, 20], [19, 8, 20, 9], [21, 17, 22, 16], [23, 6, 24, 7], [1, 15, 2, 14], [3, 13, 4, 12]]"
12a_0690_61,"[[3, 13, 4, 12], [5, 24, 6, 1], [7, 11, 8, 10], [9, 18, 10, 19], [11, 5, 12, 4], [13, 3, 14, 2], [15, 23, 16, 22], [17, 21, 18, 20], [19, 8, 20, 9], [21, 17, 22, 16], [23, 6, 24, 7], [1, 15, 2, 14]]"
12a_0690_62,"[[1, 15, 2, 14], [3, 13, 4, 12], [5, 24, 6, 1], [7, 11, 8, 10], [9, 18, 10, 19], [11, 5, 12, 4], [13, 3, 14, 2], [15, 23, 16, 22], [17, 21, 18, 20], [19, 8, 20, 9], [21, 17, 22, 16], [23, 6, 24, 7]]"
12a_0690_63,"[[23, 6, 24, 7], [1, 15, 2, 14], [3, 13, 4, 12], [5, 24, 6, 1], [7, 11, 8, 10], [9, 18, 10, 19], [11, 5, 12, 4], [13, 3, 14, 2], [15, 23, 16, 22], [17, 21, 18, 20], [19, 8, 20, 9], [21, 17, 22, 16]]"
12a_0690_64,"[[21, 17, 22, 16], [23, 6, 24, 7], [1, 15, 2, 14], [3, 13, 4, 12], [5, 24, 6, 1], [7, 11, 8, 10], [9, 18, 10, 19], [11, 5, 12, 4], [13, 3, 14, 2], [15, 23, 16, 22], [17, 21, 18, 20], [19, 8, 20, 9]]"
12a_0690_65,"[[19, 8, 20, 9], [21, 17, 22, 16], [23, 6, 24, 7], [1, 15, 2, 14], [3, 13, 4, 12], [5, 24, 6, 1], [7, 11, 8, 10], [9, 18, 10, 19], [11, 5, 12, 4], [13, 3, 14, 2], [15, 23, 16, 22], [17, 21, 18, 20]]"
12a_0690_66,"[[17, 21, 18, 20], [19, 8, 20, 9], [21, 17, 22, 16], [23, 6, 24, 7], [1, 15, 2, 14], [3, 13, 4, 12], [5, 24, 6, 1], [7, 11, 8, 10], [9, 18, 10, 19], [11, 5, 12, 4], [13, 3, 14, 2], [15, 23, 16, 22]]"
12a_0690_67,"[[15, 23, 16, 22], [17, 21, 18, 20], [19, 8, 20, 9], [21, 17, 22, 16], [23, 6, 24, 7], [1, 15, 2, 14], [3, 13, 4, 12], [5, 24, 6, 1], [7, 11, 8, 10], [9, 18, 10, 19], [11, 5, 12, 4], [13, 3, 14, 2]]"
12a_0690_68,"[[13, 3, 14, 2], [15, 23, 16, 22], [17, 21, 18, 20], [19, 8, 20, 9], [21, 17, 22, 16], [23, 6, 24, 7], [1, 15, 2, 14], [3, 13, 4, 12], [5, 24, 6, 1], [7, 11, 8, 10], [9, 18, 10, 19], [11, 5, 12, 4]]"
12a_0690_69,"[[11, 5, 12, 4], [13, 3, 14, 2], [15, 23, 16, 22], [17, 21, 18, 20], [19, 8, 20, 9], [21, 17, 22, 16], [23, 6, 24, 7], [1, 15, 2, 14], [3, 13, 4, 12], [5, 24, 6, 1], [7, 11, 8, 10], [9, 18, 10, 19]]"
12a_0690_70,"[[9, 18, 10, 19], [11, 5, 12, 4], [13, 3, 14, 2], [15, 23, 16, 22], [17, 21, 18, 20], [19, 8, 20, 9], [21, 17, 22, 16], [23, 6, 24, 7], [1, 15, 2, 14], [3, 13, 4, 12], [5, 24, 6, 1], [7, 11, 8, 10]]"
12a_0690_71,"[[7, 11, 8, 10], [9, 18, 10, 19], [11, 5, 12, 4], [13, 3, 14, 2], [15, 23, 16, 22], [17, 21, 18, 20], [19, 8, 20, 9], [21, 17, 22, 16], [23, 6, 24, 7], [1, 15, 2, 14], [3, 13, 4, 12], [5, 24, 6, 1]]"
12a_0690_72,"[[6, 1, 7, 2], [8, 12, 9, 11], [10, 19, 11, 20], [12, 6, 13, 5], [14, 4, 15, 3], [16, 24, 17, 23], [18, 22, 19, 21], [20, 9, 21, 10], [22, 18, 23, 17], [24, 7, 1, 8], [2, 16, 3, 15], [4, 14, 5, 13]]"
12a_0690_73,"[[4, 14, 5, 13], [6, 1, 7, 2], [8, 12, 9, 11], [10, 19, 11, 20], [12, 6, 13, 5], [14, 4, 15, 3], [16, 24, 17, 23], [18, 22, 19, 21], [20, 9, 21, 10], [22, 18, 23, 17], [24, 7, 1, 8], [2, 16, 3, 15]]"
12a_0690_74,"[[2, 16, 3, 15], [4, 14, 5, 13], [6, 1, 7, 2], [8, 12, 9, 11], [10, 19, 11, 20], [12, 6, 13, 5], [14, 4, 15, 3], [16, 24, 17, 23], [18, 22, 19, 21], [20, 9, 21, 10], [22, 18, 23, 17], [24, 7, 1, 8]]"
12a_0690_75,"[[24, 7, 1, 8], [2, 16, 3, 15], [4, 14, 5, 13], [6, 1, 7, 2], [8, 12, 9, 11], [10, 19, 11, 20], [12, 6, 13, 5], [14, 4, 15, 3], [16, 24, 17, 23], [18, 22, 19, 21], [20, 9, 21, 10], [22, 18, 23, 17]]"
12a_0690_76,"[[22, 18, 23, 17], [24, 7, 1, 8], [2, 16, 3, 15], [4, 14, 5, 13], [6, 1, 7, 2], [8, 12, 9, 11], [10, 19, 11, 20], [12, 6, 13, 5], [14, 4, 15, 3], [16, 24, 17, 23], [18, 22, 19, 21], [20, 9, 21, 10]]"
12a_0690_77,"[[20, 9, 21, 10], [22, 18, 23, 17], [24, 7, 1, 8], [2, 16, 3, 15], [4, 14, 5, 13], [6, 1, 7, 2], [8, 12, 9, 11], [10, 19, 11, 20], [12, 6, 13, 5], [14, 4, 15, 3], [16, 24, 17, 23], [18, 22, 19, 21]]"
12a_0690_78,"[[18, 22, 19, 21], [20, 9, 21, 10], [22, 18, 23, 17], [24, 7, 1, 8], [2, 16, 3, 15], [4, 14, 5, 13], [6, 1, 7, 2], [8, 12, 9, 11], [10, 19, 11, 20], [12, 6, 13, 5], [14, 4, 15, 3], [16, 24, 17, 23]]"
12a_0690_79,"[[16, 24, 17, 23], [18, 22, 19, 21], [20, 9, 21, 10], [22, 18, 23, 17], [24, 7, 1, 8], [2, 16, 3, 15], [4, 14, 5, 13], [6, 1, 7, 2], [8, 12, 9, 11], [10, 19, 11, 20], [12, 6, 13, 5], [14, 4, 15, 3]]"
12a_0690_80,"[[14, 4, 15, 3], [16, 24, 17, 23], [18, 22, 19, 21], [20, 9, 21, 10], [22, 18, 23, 17], [24, 7, 1, 8], [2, 16, 3, 15], [4, 14, 5, 13], [6, 1, 7, 2], [8, 12, 9, 11], [10, 19, 11, 20], [12, 6, 13, 5]]"
12a_0690_81,"[[12, 6, 13, 5], [14, 4, 15, 3], [16, 24, 17, 23], [18, 22, 19, 21], [20, 9, 21, 10], [22, 18, 23, 17], [24, 7, 1, 8], [2, 16, 3, 15], [4, 14, 5, 13], [6, 1, 7, 2], [8, 12, 9, 11], [10, 19, 11, 20]]"
12a_0690_82,"[[10, 19, 11, 20], [12, 6, 13, 5], [14, 4, 15, 3], [16, 24, 17, 23], [18, 22, 19, 21], [20, 9, 21, 10], [22, 18, 23, 17], [24, 7, 1, 8], [2, 16, 3, 15], [4, 14, 5, 13], [6, 1, 7, 2], [8, 12, 9, 11]]"
12a_0690_83,"[[8, 12, 9, 11], [10, 19, 11, 20], [12, 6, 13, 5], [14, 4, 15, 3], [16, 24, 17, 23], [18, 22, 19, 21], [20, 9, 21, 10], [22, 18, 23, 17], [24, 7, 1, 8], [2, 16, 3, 15], [4, 14, 5, 13], [6, 1, 7, 2]]"
12a_0690_84,"[[7, 2, 8, 3], [9, 13, 10, 12], [11, 20, 12, 21], [13, 7, 14, 6], [15, 5, 16, 4], [17, 1, 18, 24], [19, 23, 20, 22], [21, 10, 22, 11], [23, 19, 24, 18], [1, 8, 2, 9], [3, 17, 4, 16], [5, 15, 6, 14]]"
12a_0690_85,"[[5, 15, 6, 14], [7, 2, 8, 3], [9, 13, 10, 12], [11, 20, 12, 21], [13, 7, 14, 6], [15, 5, 16, 4], [17, 1, 18, 24], [19, 23, 20, 22], [21, 10, 22, 11], [23, 19, 24, 18], [1, 8, 2, 9], [3, 17, 4, 16]]"
12a_0690_86,"[[3, 17, 4, 16], [5, 15, 6, 14], [7, 2, 8, 3], [9, 13, 10, 12], [11, 20, 12, 21], [13, 7, 14, 6], [15, 5, 16, 4], [17, 1, 18, 24], [19, 23, 20, 22], [21, 10, 22, 11], [23, 19, 24, 18], [1, 8, 2, 9]]"
12a_0690_87,"[[1, 8, 2, 9], [3, 17, 4, 16], [5, 15, 6, 14], [7, 2, 8, 3], [9, 13, 10, 12], [11, 20, 12, 21], [13, 7, 14, 6], [15, 5, 16, 4], [17, 1, 18, 24], [19, 23, 20, 22], [21, 10, 22, 11], [23, 19, 24, 18]]"
12a_0690_88,"[[23, 19, 24, 18], [1, 8, 2, 9], [3, 17, 4, 16], [5, 15, 6, 14], [7, 2, 8, 3], [9, 13, 10, 12], [11, 20, 12, 21], [13, 7, 14, 6], [15, 5, 16, 4], [17, 1, 18, 24], [19, 23, 20, 22], [21, 10, 22, 11]]"
12a_0690_89,"[[21, 10, 22, 11], [23, 19, 24, 18], [1, 8, 2, 9], [3, 17, 4, 16], [5, 15, 6, 14], [7, 2, 8, 3], [9, 13, 10, 12], [11, 20, 12, 21], [13, 7, 14, 6], [15, 5, 16, 4], [17, 1, 18, 24], [19, 23, 20, 22]]"
12a_0690_90,"[[19, 23, 20, 22], [21, 10, 22, 11], [23, 19, 24, 18], [1, 8, 2, 9], [3, 17, 4, 16], [5, 15, 6, 14], [7, 2, 8, 3], [9, 13, 10, 12], [11, 20, 12, 21], [13, 7, 14, 6], [15, 5, 16, 4], [17, 1, 18, 24]]"
12a_0690_91,"[[17, 1, 18, 24], [19, 23, 20, 22], [21, 10, 22, 11], [23, 19, 24, 18], [1, 8, 2, 9], [3, 17, 4, 16], [5, 15, 6, 14], [7, 2, 8, 3], [9, 13, 10, 12], [11, 20, 12, 21], [13, 7, 14, 6], [15, 5, 16, 4]]"
12a_0690_92,"[[15, 5, 16, 4], [17, 1, 18, 24], [19, 23, 20, 22], [21, 10, 22, 11], [23, 19, 24, 18], [1, 8, 2, 9], [3, 17, 4, 16], [5, 15, 6, 14], [7, 2, 8, 3], [9, 13, 10, 12], [11, 20, 12, 21], [13, 7, 14, 6]]"
12a_0690_93,"[[13, 7, 14, 6], [15, 5, 16, 4], [17, 1, 18, 24], [19, 23, 20, 22], [21, 10, 22, 11], [23, 19, 24, 18], [1, 8, 2, 9], [3, 17, 4, 16], [5, 15, 6, 14], [7, 2, 8, 3], [9, 13, 10, 12], [11, 20, 12, 21]]"
12a_0690_94,"[[11, 20, 12, 21], [13, 7, 14, 6], [15, 5, 16, 4], [17, 1, 18, 24], [19, 23, 20, 22], [21, 10, 22, 11], [23, 19, 24, 18], [1, 8, 2, 9], [3, 17, 4, 16], [5, 15, 6, 14], [7, 2, 8, 3], [9, 13, 10, 12]]"
12a_0690_95,"[[9, 13, 10, 12], [11, 20, 12, 21], [13, 7, 14, 6], [15, 5, 16, 4], [17, 1, 18, 24], [19, 23, 20, 22], [21, 10, 22, 11], [23, 19, 24, 18], [1, 8, 2, 9], [3, 17, 4, 16], [5, 15, 6, 14], [7, 2, 8, 3]]"
12a_0690_96,"[[8, 3, 9, 4], [10, 14, 11, 13], [12, 21, 13, 22], [14, 8, 15, 7], [16, 6, 17, 5], [18, 2, 19, 1], [20, 24, 21, 23], [22, 11, 23, 12], [24, 20, 1, 19], [2, 9, 3, 10], [4, 18, 5, 17], [6, 16, 7, 15]]"
12a_0690_97,"[[6, 16, 7, 15], [8, 3, 9, 4], [10, 14, 11, 13], [12, 21, 13, 22], [14, 8, 15, 7], [16, 6, 17, 5], [18, 2, 19, 1], [20, 24, 21, 23], [22, 11, 23, 12], [24, 20, 1, 19], [2, 9, 3, 10], [4, 18, 5, 17]]"
12a_0690_98,"[[4, 18, 5, 17], [6, 16, 7, 15], [8, 3, 9, 4], [10, 14, 11, 13], [12, 21, 13, 22], [14, 8, 15, 7], [16, 6, 17, 5], [18, 2, 19, 1], [20, 24, 21, 23], [22, 11, 23, 12], [24, 20, 1, 19], [2, 9, 3, 10]]"
12a_0690_99,"[[2, 9, 3, 10], [4, 18, 5, 17], [6, 16, 7, 15], [8, 3, 9, 4], [10, 14, 11, 13], [12, 21, 13, 22], [14, 8, 15, 7], [16, 6, 17, 5], [18, 2, 19, 1], [20, 24, 21, 23], [22, 11, 23, 12], [24, 20, 1, 19]]"
12a_0690_100,"[[24, 20, 1, 19], [2, 9, 3, 10], [4, 18, 5, 17], [6, 16, 7, 15], [8, 3, 9, 4], [10, 14, 11, 13], [12, 21, 13, 22], [14, 8, 15, 7], [16, 6, 17, 5], [18, 2, 19, 1], [20, 24, 21, 23], [22, 11, 23, 12]]"
12a_0690_101,"[[22, 11, 23, 12], [24, 20, 1, 19], [2, 9, 3, 10], [4, 18, 5, 17], [6, 16, 7, 15], [8, 3, 9, 4], [10, 14, 11, 13], [12, 21, 13, 22], [14, 8, 15, 7], [16, 6, 17, 5], [18, 2, 19, 1], [20, 24, 21, 23]]"
12a_0690_102,"[[20, 24, 21, 23], [22, 11, 23, 12], [24, 20, 1, 19], [2, 9, 3, 10], [4, 18, 5, 17], [6, 16, 7, 15], [8, 3, 9, 4], [10, 14, 11, 13], [12, 21, 13, 22], [14, 8, 15, 7], [16, 6, 17, 5], [18, 2, 19, 1]]"
12a_0690_103,"[[18, 2, 19, 1], [20, 24, 21, 23], [22, 11, 23, 12], [24, 20, 1, 19], [2, 9, 3, 10], [4, 18, 5, 17], [6, 16, 7, 15], [8, 3, 9, 4], [10, 14, 11, 13], [12, 21, 13, 22], [14, 8, 15, 7], [16, 6, 17, 5]]"
12a_0690_104,"[[16, 6, 17, 5], [18, 2, 19, 1], [20, 24, 21, 23], [22, 11, 23, 12], [24, 20, 1, 19], [2, 9, 3, 10], [4, 18, 5, 17], [6, 16, 7, 15], [8, 3, 9, 4], [10, 14, 11, 13], [12, 21, 13, 22], [14, 8, 15, 7]]"
12a_0690_105,"[[14, 8, 15, 7], [16, 6, 17, 5], [18, 2, 19, 1], [20, 24, 21, 23], [22, 11, 23, 12], [24, 20, 1, 19], [2, 9, 3, 10], [4, 18, 5, 17], [6, 16, 7, 15], [8, 3, 9, 4], [10, 14, 11, 13], [12, 21, 13, 22]]"
12a_0690_106,"[[12, 21, 13, 22], [14, 8, 15, 7], [16, 6, 17, 5], [18, 2, 19, 1], [20, 24, 21, 23], [22, 11, 23, 12], [24, 20, 1, 19], [2, 9, 3, 10], [4, 18, 5, 17], [6, 16, 7, 15], [8, 3, 9, 4], [10, 14, 11, 13]]"
12a_0690_107,"[[10, 14, 11, 13], [12, 21, 13, 22], [14, 8, 15, 7], [16, 6, 17, 5], [18, 2, 19, 1], [20, 24, 21, 23], [22, 11, 23, 12], [24, 20, 1, 19], [2, 9, 3, 10], [4, 18, 5, 17], [6, 16, 7, 15], [8, 3, 9, 4]]"
12a_0690_108,"[[9, 4, 10, 5], [11, 15, 12, 14], [13, 22, 14, 23], [15, 9, 16, 8], [17, 7, 18, 6], [19, 3, 20, 2], [21, 1, 22, 24], [23, 12, 24, 13], [1, 21, 2, 20], [3, 10, 4, 11], [5, 19, 6, 18], [7, 17, 8, 16]]"
12a_0690_109,"[[7, 17, 8, 16], [9, 4, 10, 5], [11, 15, 12, 14], [13, 22, 14, 23], [15, 9, 16, 8], [17, 7, 18, 6], [19, 3, 20, 2], [21, 1, 22, 24], [23, 12, 24, 13], [1, 21, 2, 20], [3, 10, 4, 11], [5, 19, 6, 18]]"
12a_0690_110,"[[5, 19, 6, 18], [7, 17, 8, 16], [9, 4, 10, 5], [11, 15, 12, 14], [13, 22, 14, 23], [15, 9, 16, 8], [17, 7, 18, 6], [19, 3, 20, 2], [21, 1, 22, 24], [23, 12, 24, 13], [1, 21, 2, 20], [3, 10, 4, 11]]"
12a_0690_111,"[[3, 10, 4, 11], [5, 19, 6, 18], [7, 17, 8, 16], [9, 4, 10, 5], [11, 15, 12, 14], [13, 22, 14, 23], [15, 9, 16, 8], [17, 7, 18, 6], [19, 3, 20, 2], [21, 1, 22, 24], [23, 12, 24, 13], [1, 21, 2, 20]]"
12a_0690_112,"[[1, 21, 2, 20], [3, 10, 4, 11], [5, 19, 6, 18], [7, 17, 8, 16], [9, 4, 10, 5], [11, 15, 12, 14], [13, 22, 14, 23], [15, 9, 16, 8], [17, 7, 18, 6], [19, 3, 20, 2], [21, 1, 22, 24], [23, 12, 24, 13]]"
12a_0690_113,"[[23, 12, 24, 13], [1, 21, 2, 20], [3, 10, 4, 11], [5, 19, 6, 18], [7, 17, 8, 16], [9, 4, 10, 5], [11, 15, 12, 14], [13, 22, 14, 23], [15, 9, 16, 8], [17, 7, 18, 6], [19, 3, 20, 2], [21, 1, 22, 24]]"
12a_0690_114,"[[21, 1, 22, 24], [23, 12, 24, 13], [1, 21, 2, 20], [3, 10, 4, 11], [5, 19, 6, 18], [7, 17, 8, 16], [9, 4, 10, 5], [11, 15, 12, 14], [13, 22, 14, 23], [15, 9, 16, 8], [17, 7, 18, 6], [19, 3, 20, 2]]"
12a_0690_115,"[[19, 3, 20, 2], [21, 1, 22, 24], [23, 12, 24, 13], [1, 21, 2, 20], [3, 10, 4, 11], [5, 19, 6, 18], [7, 17, 8, 16], [9, 4, 10, 5], [11, 15, 12, 14], [13, 22, 14, 23], [15, 9, 16, 8], [17, 7, 18, 6]]"
12a_0690_116,"[[17, 7, 18, 6], [19, 3, 20, 2], [21, 1, 22, 24], [23, 12, 24, 13], [1, 21, 2, 20], [3, 10, 4, 11], [5, 19, 6, 18], [7, 17, 8, 16], [9, 4, 10, 5], [11, 15, 12, 14], [13, 22, 14, 23], [15, 9, 16, 8]]"
12a_0690_117,"[[15, 9, 16, 8], [17, 7, 18, 6], [19, 3, 20, 2], [21, 1, 22, 24], [23, 12, 24, 13], [1, 21, 2, 20], [3, 10, 4, 11], [5, 19, 6, 18], [7, 17, 8, 16], [9, 4, 10, 5], [11, 15, 12, 14], [13, 22, 14, 23]]"
12a_0690_118,"[[13, 22, 14, 23], [15, 9, 16, 8], [17, 7, 18, 6], [19, 3, 20, 2], [21, 1, 22, 24], [23, 12, 24, 13], [1, 21, 2, 20], [3, 10, 4, 11], [5, 19, 6, 18], [7, 17, 8, 16], [9, 4, 10, 5], [11, 15, 12, 14]]"
12a_0690_119,"[[11, 15, 12, 14], [13, 22, 14, 23], [15, 9, 16, 8], [17, 7, 18, 6], [19, 3, 20, 2], [21, 1, 22, 24], [23, 12, 24, 13], [1, 21, 2, 20], [3, 10, 4, 11], [5, 19, 6, 18], [7, 17, 8, 16], [9, 4, 10, 5]]"
12a_0690_120,"[[10, 5, 11, 6], [12, 16, 13, 15], [14, 23, 15, 24], [16, 10, 17, 9], [18, 8, 19, 7], [20, 4, 21, 3], [22, 2, 23, 1], [24, 13, 1, 14], [2, 22, 3, 21], [4, 11, 5, 12], [6, 20, 7, 19], [8, 18, 9, 17]]"
12a_0690_121,"[[8, 18, 9, 17], [10, 5, 11, 6], [12, 16, 13, 15], [14, 23, 15, 24], [16, 10, 17, 9], [18, 8, 19, 7], [20, 4, 21, 3], [22, 2, 23, 1], [24, 13, 1, 14], [2, 22, 3, 21], [4, 11, 5, 12], [6, 20, 7, 19]]"
12a_0690_122,"[[6, 20, 7, 19], [8, 18, 9, 17], [10, 5, 11, 6], [12, 16, 13, 15], [14, 23, 15, 24], [16, 10, 17, 9], [18, 8, 19, 7], [20, 4, 21, 3], [22, 2, 23, 1], [24, 13, 1, 14], [2, 22, 3, 21], [4, 11, 5, 12]]"
12a_0690_123,"[[4, 11, 5, 12], [6, 20, 7, 19], [8, 18, 9, 17], [10, 5, 11, 6], [12, 16, 13, 15], [14, 23, 15, 24], [16, 10, 17, 9], [18, 8, 19, 7], [20, 4, 21, 3], [22, 2, 23, 1], [24, 13, 1, 14], [2, 22, 3, 21]]"
12a_0690_124,"[[2, 22, 3, 21], [4, 11, 5, 12], [6, 20, 7, 19], [8, 18, 9, 17], [10, 5, 11, 6], [12, 16, 13, 15], [14, 23, 15, 24], [16, 10, 17, 9], [18, 8, 19, 7], [20, 4, 21, 3], [22, 2, 23, 1], [24, 13, 1, 14]]"
12a_0690_125,"[[24, 13, 1, 14], [2, 22, 3, 21], [4, 11, 5, 12], [6, 20, 7, 19], [8, 18, 9, 17], [10, 5, 11, 6], [12, 16, 13, 15], [14, 23, 15, 24], [16, 10, 17, 9], [18, 8, 19, 7], [20, 4, 21, 3], [22, 2, 23, 1]]"
12a_0690_126,"[[22, 2, 23, 1], [24, 13, 1, 14], [2, 22, 3, 21], [4, 11, 5, 12], [6, 20, 7, 19], [8, 18, 9, 17], [10, 5, 11, 6], [12, 16, 13, 15], [14, 23, 15, 24], [16, 10, 17, 9], [18, 8, 19, 7], [20, 4, 21, 3]]"
12a_0690_127,"[[20, 4, 21, 3], [22, 2, 23, 1], [24, 13, 1, 14], [2, 22, 3, 21], [4, 11, 5, 12], [6, 20, 7, 19], [8, 18, 9, 17], [10, 5, 11, 6], [12, 16, 13, 15], [14, 23, 15, 24], [16, 10, 17, 9], [18, 8, 19, 7]]"
12a_0690_128,"[[18, 8, 19, 7], [20, 4, 21, 3], [22, 2, 23, 1], [24, 13, 1, 14], [2, 22, 3, 21], [4, 11, 5, 12], [6, 20, 7, 19], [8, 18, 9, 17], [10, 5, 11, 6], [12, 16, 13, 15], [14, 23, 15, 24], [16, 10, 17, 9]]"
12a_0690_129,"[[16, 10, 17, 9], [18, 8, 19, 7], [20, 4, 21, 3], [22, 2, 23, 1], [24, 13, 1, 14], [2, 22, 3, 21], [4, 11, 5, 12], [6, 20, 7, 19], [8, 18, 9, 17], [10, 5, 11, 6], [12, 16, 13, 15], [14, 23, 15, 24]]"
12a_0690_130,"[[14, 23, 15, 24], [16, 10, 17, 9], [18, 8, 19, 7], [20, 4, 21, 3], [22, 2, 23, 1], [24, 13, 1, 14], [2, 22, 3, 21], [4, 11, 5, 12], [6, 20, 7, 19], [8, 18, 9, 17], [10, 5, 11, 6], [12, 16, 13, 15]]"
12a_0690_131,"[[12, 16, 13, 15], [14, 23, 15, 24], [16, 10, 17, 9], [18, 8, 19, 7], [20, 4, 21, 3], [22, 2, 23, 1], [24, 13, 1, 14], [2, 22, 3, 21], [4, 11, 5, 12], [6, 20, 7, 19], [8, 18, 9, 17], [10, 5, 11, 6]]"
12a_0690_132,"[[11, 6, 12, 7], [13, 17, 14, 16], [15, 24, 16, 1], [17, 11, 18, 10], [19, 9, 20, 8], [21, 5, 22, 4], [23, 3, 24, 2], [1, 14, 2, 15], [3, 23, 4, 22], [5, 12, 6, 13], [7, 21, 8, 20], [9, 19, 10, 18]]"
12a_0690_133,"[[9, 19, 10, 18], [11, 6, 12, 7], [13, 17, 14, 16], [15, 24, 16, 1], [17, 11, 18, 10], [19, 9, 20, 8], [21, 5, 22, 4], [23, 3, 24, 2], [1, 14, 2, 15], [3, 23, 4, 22], [5, 12, 6, 13], [7, 21, 8, 20]]"
12a_0690_134,"[[7, 21, 8, 20], [9, 19, 10, 18], [11, 6, 12, 7], [13, 17, 14, 16], [15, 24, 16, 1], [17, 11, 18, 10], [19, 9, 20, 8], [21, 5, 22, 4], [23, 3, 24, 2], [1, 14, 2, 15], [3, 23, 4, 22], [5, 12, 6, 13]]"
12a_0690_135,"[[5, 12, 6, 13], [7, 21, 8, 20], [9, 19, 10, 18], [11, 6, 12, 7], [13, 17, 14, 16], [15, 24, 16, 1], [17, 11, 18, 10], [19, 9, 20, 8], [21, 5, 22, 4], [23, 3, 24, 2], [1, 14, 2, 15], [3, 23, 4, 22]]"
12a_0690_136,"[[3, 23, 4, 22], [5, 12, 6, 13], [7, 21, 8, 20], [9, 19, 10, 18], [11, 6, 12, 7], [13, 17, 14, 16], [15, 24, 16, 1], [17, 11, 18, 10], [19, 9, 20, 8], [21, 5, 22, 4], [23, 3, 24, 2], [1, 14, 2, 15]]"
12a_0690_137,"[[1, 14, 2, 15], [3, 23, 4, 22], [5, 12, 6, 13], [7, 21, 8, 20], [9, 19, 10, 18], [11, 6, 12, 7], [13, 17, 14, 16], [15, 24, 16, 1], [17, 11, 18, 10], [19, 9, 20, 8], [21, 5, 22, 4], [23, 3, 24, 2]]"
12a_0690_138,"[[23, 3, 24, 2], [1, 14, 2, 15], [3, 23, 4, 22], [5, 12, 6, 13], [7, 21, 8, 20], [9, 19, 10, 18], [11, 6, 12, 7], [13, 17, 14, 16], [15, 24, 16, 1], [17, 11, 18, 10], [19, 9, 20, 8], [21, 5, 22, 4]]"
12a_0690_139,"[[21, 5, 22, 4], [23, 3, 24, 2], [1, 14, 2, 15], [3, 23, 4, 22], [5, 12, 6, 13], [7, 21, 8, 20], [9, 19, 10, 18], [11, 6, 12, 7], [13, 17, 14, 16], [15, 24, 16, 1], [17, 11, 18, 10], [19, 9, 20, 8]]"
12a_0690_140,"[[19, 9, 20, 8], [21, 5, 22, 4], [23, 3, 24, 2], [1, 14, 2, 15], [3, 23, 4, 22], [5, 12, 6, 13], [7, 21, 8, 20], [9, 19, 10, 18], [11, 6, 12, 7], [13, 17, 14, 16], [15, 24, 16, 1], [17, 11, 18, 10]]"
12a_0690_141,"[[17, 11, 18, 10], [19, 9, 20, 8], [21, 5, 22, 4], [23, 3, 24, 2], [1, 14, 2, 15], [3, 23, 4, 22], [5, 12, 6, 13], [7, 21, 8, 20], [9, 19, 10, 18], [11, 6, 12, 7], [13, 17, 14, 16], [15, 24, 16, 1]]"
12a_0690_142,"[[15, 24, 16, 1], [17, 11, 18, 10], [19, 9, 20, 8], [21, 5, 22, 4], [23, 3, 24, 2], [1, 14, 2, 15], [3, 23, 4, 22], [5, 12, 6, 13], [7, 21, 8, 20], [9, 19, 10, 18], [11, 6, 12, 7], [13, 17, 14, 16]]"
12a_0690_143,"[[13, 17, 14, 16], [15, 24, 16, 1], [17, 11, 18, 10], [19, 9, 20, 8], [21, 5, 22, 4], [23, 3, 24, 2], [1, 14, 2, 15], [3, 23, 4, 22], [5, 12, 6, 13], [7, 21, 8, 20], [9, 19, 10, 18], [11, 6, 12, 7]]"
12a_0690_144,"[[12, 7, 13, 8], [14, 18, 15, 17], [16, 1, 17, 2], [18, 12, 19, 11], [20, 10, 21, 9], [22, 6, 23, 5], [24, 4, 1, 3], [2, 15, 3, 16], [4, 24, 5, 23], [6, 13, 7, 14], [8, 22, 9, 21], [10, 20, 11, 19]]"
12a_0690_145,"[[10, 20, 11, 19], [12, 7, 13, 8], [14, 18, 15, 17], [16, 1, 17, 2], [18, 12, 19, 11], [20, 10, 21, 9], [22, 6, 23, 5], [24, 4, 1, 3], [2, 15, 3, 16], [4, 24, 5, 23], [6, 13, 7, 14], [8, 22, 9, 21]]"
12a_0690_146,"[[8, 22, 9, 21], [10, 20, 11, 19], [12, 7, 13, 8], [14, 18, 15, 17], [16, 1, 17, 2], [18, 12, 19, 11], [20, 10, 21, 9], [22, 6, 23, 5], [24, 4, 1, 3], [2, 15, 3, 16], [4, 24, 5, 23], [6, 13, 7, 14]]"
12a_0690_147,"[[6, 13, 7, 14], [8, 22, 9, 21], [10, 20, 11, 19], [12, 7, 13, 8], [14, 18, 15, 17], [16, 1, 17, 2], [18, 12, 19, 11], [20, 10, 21, 9], [22, 6, 23, 5], [24, 4, 1, 3], [2, 15, 3, 16], [4, 24, 5, 23]]"
12a_0690_148,"[[4, 24, 5, 23], [6, 13, 7, 14], [8, 22, 9, 21], [10, 20, 11, 19], [12, 7, 13, 8], [14, 18, 15, 17], [16, 1, 17, 2], [18, 12, 19, 11], [20, 10, 21, 9], [22, 6, 23, 5], [24, 4, 1, 3], [2, 15, 3, 16]]"
12a_0690_149,"[[2, 15, 3, 16], [4, 24, 5, 23], [6, 13, 7, 14], [8, 22, 9, 21], [10, 20, 11, 19], [12, 7, 13, 8], [14, 18, 15, 17], [16, 1, 17, 2], [18, 12, 19, 11], [20, 10, 21, 9], [22, 6, 23, 5], [24, 4, 1, 3]]"
12a_0690_150,"[[24, 4, 1, 3], [2, 15, 3, 16], [4, 24, 5, 23], [6, 13, 7, 14], [8, 22, 9, 21], [10, 20, 11, 19], [12, 7, 13, 8], [14, 18, 15, 17], [16, 1, 17, 2], [18, 12, 19, 11], [20, 10, 21, 9], [22, 6, 23, 5]]"
12a_0690_151,"[[22, 6, 23, 5], [24, 4, 1, 3], [2, 15, 3, 16], [4, 24, 5, 23], [6, 13, 7, 14], [8, 22, 9, 21], [10, 20, 11, 19], [12, 7, 13, 8], [14, 18, 15, 17], [16, 1, 17, 2], [18, 12, 19, 11], [20, 10, 21, 9]]"
12a_0690_152,"[[20, 10, 21, 9], [22, 6, 23, 5], [24, 4, 1, 3], [2, 15, 3, 16], [4, 24, 5, 23], [6, 13, 7, 14], [8, 22, 9, 21], [10, 20, 11, 19], [12, 7, 13, 8], [14, 18, 15, 17], [16, 1, 17, 2], [18, 12, 19, 11]]"
12a_0690_153,"[[18, 12, 19, 11], [20, 10, 21, 9], [22, 6, 23, 5], [24, 4, 1, 3], [2, 15, 3, 16], [4, 24, 5, 23], [6, 13, 7, 14], [8, 22, 9, 21], [10, 20, 11, 19], [12, 7, 13, 8], [14, 18, 15, 17], [16, 1, 17, 2]]"
12a_0690_154,"[[16, 1, 17, 2], [18, 12, 19, 11], [20, 10, 21, 9], [22, 6, 23, 5], [24, 4, 1, 3], [2, 15, 3, 16], [4, 24, 5, 23], [6, 13, 7, 14], [8, 22, 9, 21], [10, 20, 11, 19], [12, 7, 13, 8], [14, 18, 15, 17]]"
12a_0690_155,"[[14, 18, 15, 17], [16, 1, 17, 2], [18, 12, 19, 11], [20, 10, 21, 9], [22, 6, 23, 5], [24, 4, 1, 3], [2, 15, 3, 16], [4, 24, 5, 23], [6, 13, 7, 14], [8, 22, 9, 21], [10, 20, 11, 19], [12, 7, 13, 8]]"
12a_0690_156,"[[13, 8, 14, 9], [15, 19, 16, 18], [17, 2, 18, 3], [19, 13, 20, 12], [21, 11, 22, 10], [23, 7, 24, 6], [1, 5, 2, 4], [3, 16, 4, 17], [5, 1, 6, 24], [7, 14, 8, 15], [9, 23, 10, 22], [11, 21, 12, 20]]"
12a_0690_157,"[[11, 21, 12, 20], [13, 8, 14, 9], [15, 19, 16, 18], [17, 2, 18, 3], [19, 13, 20, 12], [21, 11, 22, 10], [23, 7, 24, 6], [1, 5, 2, 4], [3, 16, 4, 17], [5, 1, 6, 24], [7, 14, 8, 15], [9, 23, 10, 22]]"
12a_0690_158,"[[9, 23, 10, 22], [11, 21, 12, 20], [13, 8, 14, 9], [15, 19, 16, 18], [17, 2, 18, 3], [19, 13, 20, 12], [21, 11, 22, 10], [23, 7, 24, 6], [1, 5, 2, 4], [3, 16, 4, 17], [5, 1, 6, 24], [7, 14, 8, 15]]"
12a_0690_159,"[[7, 14, 8, 15], [9, 23, 10, 22], [11, 21, 12, 20], [13, 8, 14, 9], [15, 19, 16, 18], [17, 2, 18, 3], [19, 13, 20, 12], [21, 11, 22, 10], [23, 7, 24, 6], [1, 5, 2, 4], [3, 16, 4, 17], [5, 1, 6, 24]]"
12a_0690_160,"[[5, 1, 6, 24], [7, 14, 8, 15], [9, 23, 10, 22], [11, 21, 12, 20], [13, 8, 14, 9], [15, 19, 16, 18], [17, 2, 18, 3], [19, 13, 20, 12], [21, 11, 22, 10], [23, 7, 24, 6], [1, 5, 2, 4], [3, 16, 4, 17]]"
12a_0690_161,"[[3, 16, 4, 17], [5, 1, 6, 24], [7, 14, 8, 15], [9, 23, 10, 22], [11, 21, 12, 20], [13, 8, 14, 9], [15, 19, 16, 18], [17, 2, 18, 3], [19, 13, 20, 12], [21, 11, 22, 10], [23, 7, 24, 6], [1, 5, 2, 4]]"
12a_0690_162,"[[1, 5, 2, 4], [3, 16, 4, 17], [5, 1, 6, 24], [7, 14, 8, 15], [9, 23, 10, 22], [11, 21, 12, 20], [13, 8, 14, 9], [15, 19, 16, 18], [17, 2, 18, 3], [19, 13, 20, 12], [21, 11, 22, 10], [23, 7, 24, 6]]"
12a_0690_163,"[[23, 7, 24, 6], [1, 5, 2, 4], [3, 16, 4, 17], [5, 1, 6, 24], [7, 14, 8, 15], [9, 23, 10, 22], [11, 21, 12, 20], [13, 8, 14, 9], [15, 19, 16, 18], [17, 2, 18, 3], [19, 13, 20, 12], [21, 11, 22, 10]]"
12a_0690_164,"[[21, 11, 22, 10], [23, 7, 24, 6], [1, 5, 2, 4], [3, 16, 4, 17], [5, 1, 6, 24], [7, 14, 8, 15], [9, 23, 10, 22], [11, 21, 12, 20], [13, 8, 14, 9], [15, 19, 16, 18], [17, 2, 18, 3], [19, 13, 20, 12]]"
12a_0690_165,"[[19, 13, 20, 12], [21, 11, 22, 10], [23, 7, 24, 6], [1, 5, 2, 4], [3, 16, 4, 17], [5, 1, 6, 24], [7, 14, 8, 15], [9, 23, 10, 22], [11, 21, 12, 20], [13, 8, 14, 9], [15, 19, 16, 18], [17, 2, 18, 3]]"
12a_0690_166,"[[17, 2, 18, 3], [19, 13, 20, 12], [21, 11, 22, 10], [23, 7, 24, 6], [1, 5, 2, 4], [3, 16, 4, 17], [5, 1, 6, 24], [7, 14, 8, 15], [9, 23, 10, 22], [11, 21, 12, 20], [13, 8, 14, 9], [15, 19, 16, 18]]"
12a_0690_167,"[[15, 19, 16, 18], [17, 2, 18, 3], [19, 13, 20, 12], [21, 11, 22, 10], [23, 7, 24, 6], [1, 5, 2, 4], [3, 16, 4, 17], [5, 1, 6, 24], [7, 14, 8, 15], [9, 23, 10, 22], [11, 21, 12, 20], [13, 8, 14, 9]]"
12a_0690_168,"[[14, 9, 15, 10], [16, 20, 17, 19], [18, 3, 19, 4], [20, 14, 21, 13], [22, 12, 23, 11], [24, 8, 1, 7], [2, 6, 3, 5], [4, 17, 5, 18], [6, 2, 7, 1], [8, 15, 9, 16], [10, 24, 11, 23], [12, 22, 13, 21]]"
12a_0690_169,"[[12, 22, 13, 21], [14, 9, 15, 10], [16, 20, 17, 19], [18, 3, 19, 4], [20, 14, 21, 13], [22, 12, 23, 11], [24, 8, 1, 7], [2, 6, 3, 5], [4, 17, 5, 18], [6, 2, 7, 1], [8, 15, 9, 16], [10, 24, 11, 23]]"
12a_0690_170,"[[10, 24, 11, 23], [12, 22, 13, 21], [14, 9, 15, 10], [16, 20, 17, 19], [18, 3, 19, 4], [20, 14, 21, 13], [22, 12, 23, 11], [24, 8, 1, 7], [2, 6, 3, 5], [4, 17, 5, 18], [6, 2, 7, 1], [8, 15, 9, 16]]"
12a_0690_171,"[[8, 15, 9, 16], [10, 24, 11, 23], [12, 22, 13, 21], [14, 9, 15, 10], [16, 20, 17, 19], [18, 3, 19, 4], [20, 14, 21, 13], [22, 12, 23, 11], [24, 8, 1, 7], [2, 6, 3, 5], [4, 17, 5, 18], [6, 2, 7, 1]]"
12a_0690_172,"[[6, 2, 7, 1], [8, 15, 9, 16], [10, 24, 11, 23], [12, 22, 13, 21], [14, 9, 15, 10], [16, 20, 17, 19], [18, 3, 19, 4], [20, 14, 21, 13], [22, 12, 23, 11], [24, 8, 1, 7], [2, 6, 3, 5], [4, 17, 5, 18]]"
12a_0690_173,"[[4, 17, 5, 18], [6, 2, 7, 1], [8, 15, 9, 16], [10, 24, 11, 23], [12, 22, 13, 21], [14, 9, 15, 10], [16, 20, 17, 19], [18, 3, 19, 4], [20, 14, 21, 13], [22, 12, 23, 11], [24, 8, 1, 7], [2, 6, 3, 5]]"
12a_0690_174,"[[2, 6, 3, 5], [4, 17, 5, 18], [6, 2, 7, 1], [8, 15, 9, 16], [10, 24, 11, 23], [12, 22, 13, 21], [14, 9, 15, 10], [16, 20, 17, 19], [18, 3, 19, 4], [20, 14, 21, 13], [22, 12, 23, 11], [24, 8, 1, 7]]"
12a_0690_175,"[[24, 8, 1, 7], [2, 6, 3, 5], [4, 17, 5, 18], [6, 2, 7, 1], [8, 15, 9, 16], [10, 24, 11, 23], [12, 22, 13, 21], [14, 9, 15, 10], [16, 20, 17, 19], [18, 3, 19, 4], [20, 14, 21, 13], [22, 12, 23, 11]]"
12a_0690_176,"[[22, 12, 23, 11], [24, 8, 1, 7], [2, 6, 3, 5], [4, 17, 5, 18], [6, 2, 7, 1], [8, 15, 9, 16], [10, 24, 11, 23], [12, 22, 13, 21], [14, 9, 15, 10], [16, 20, 17, 19], [18, 3, 19, 4], [20, 14, 21, 13]]"
12a_0690_177,"[[20, 14, 21, 13], [22, 12, 23, 11], [24, 8, 1, 7], [2, 6, 3, 5], [4, 17, 5, 18], [6, 2, 7, 1], [8, 15, 9, 16], [10, 24, 11, 23], [12, 22, 13, 21], [14, 9, 15, 10], [16, 20, 17, 19], [18, 3, 19, 4]]"
12a_0690_178,"[[18, 3, 19, 4], [20, 14, 21, 13], [22, 12, 23, 11], [24, 8, 1, 7], [2, 6, 3, 5], [4, 17, 5, 18], [6, 2, 7, 1], [8, 15, 9, 16], [10, 24, 11, 23], [12, 22, 13, 21], [14, 9, 15, 10], [16, 20, 17, 19]]"
12a_0690_179,"[[16, 20, 17, 19], [18, 3, 19, 4], [20, 14, 21, 13], [22, 12, 23, 11], [24, 8, 1, 7], [2, 6, 3, 5], [4, 17, 5, 18], [6, 2, 7, 1], [8, 15, 9, 16], [10, 24, 11, 23], [12, 22, 13, 21], [14, 9, 15, 10]]"
12a_0690_180,"[[15, 10, 16, 11], [17, 21, 18, 20], [19, 4, 20, 5], [21, 15, 22, 14], [23, 13, 24, 12], [1, 9, 2, 8], [3, 7, 4, 6], [5, 18, 6, 19], [7, 3, 8, 2], [9, 16, 10, 17], [11, 1, 12, 24], [13, 23, 14, 22]]"
12a_0690_181,"[[13, 23, 14, 22], [15, 10, 16, 11], [17, 21, 18, 20], [19, 4, 20, 5], [21, 15, 22, 14], [23, 13, 24, 12], [1, 9, 2, 8], [3, 7, 4, 6], [5, 18, 6, 19], [7, 3, 8, 2], [9, 16, 10, 17], [11, 1, 12, 24]]"
12a_0690_182,"[[11, 1, 12, 24], [13, 23, 14, 22], [15, 10, 16, 11], [17, 21, 18, 20], [19, 4, 20, 5], [21, 15, 22, 14], [23, 13, 24, 12], [1, 9, 2, 8], [3, 7, 4, 6], [5, 18, 6, 19], [7, 3, 8, 2], [9, 16, 10, 17]]"
12a_0690_183,"[[9, 16, 10, 17], [11, 1, 12, 24], [13, 23, 14, 22], [15, 10, 16, 11], [17, 21, 18, 20], [19, 4, 20, 5], [21, 15, 22, 14], [23, 13, 24, 12], [1, 9, 2, 8], [3, 7, 4, 6], [5, 18, 6, 19], [7, 3, 8, 2]]"
12a_0690_184,"[[7, 3, 8, 2], [9, 16, 10, 17], [11, 1, 12, 24], [13, 23, 14, 22], [15, 10, 16, 11], [17, 21, 18, 20], [19, 4, 20, 5], [21, 15, 22, 14], [23, 13, 24, 12], [1, 9, 2, 8], [3, 7, 4, 6], [5, 18, 6, 19]]"
12a_0690_185,"[[5, 18, 6, 19], [7, 3, 8, 2], [9, 16, 10, 17], [11, 1, 12, 24], [13, 23, 14, 22], [15, 10, 16, 11], [17, 21, 18, 20], [19, 4, 20, 5], [21, 15, 22, 14], [23, 13, 24, 12], [1, 9, 2, 8], [3, 7, 4, 6]]"
