name,pd_notation
12a_1260_0,"[[24, 16, 1, 15], [2, 10, 3, 9], [4, 13, 5, 14], [6, 17, 7, 18], [8, 19, 9, 20], [10, 22, 11, 21], [12, 24, 13, 23], [14, 5, 15, 6], [16, 2, 17, 1], [18, 7, 19, 8], [20, 3, 21, 4], [22, 12, 23, 11]]"
12a_1260_1,"[[22, 12, 23, 11], [24, 16, 1, 15], [2, 10, 3, 9], [4, 13, 5, 14], [6, 17, 7, 18], [8, 19, 9, 20], [10, 22, 11, 21], [12, 24, 13, 23], [14, 5, 15, 6], [16, 2, 17, 1], [18, 7, 19, 8], [20, 3, 21, 4]]"
12a_1260_2,"[[20, 3, 21, 4], [22, 12, 23, 11], [24, 16, 1, 15], [2, 10, 3, 9], [4, 13, 5, 14], [6, 17, 7, 18], [8, 19, 9, 20], [10, 22, 11, 21], [12, 24, 13, 23], [14, 5, 15, 6], [16, 2, 17, 1], [18, 7, 19, 8]]"
12a_1260_3,"[[18, 7, 19, 8], [20, 3, 21, 4], [22, 12, 23, 11], [24, 16, 1, 15], [2, 10, 3, 9], [4, 13, 5, 14], [6, 17, 7, 18], [8, 19, 9, 20], [10, 22, 11, 21], [12, 24, 13, 23], [14, 5, 15, 6], [16, 2, 17, 1]]"
12a_1260_4,"[[16, 2, 17, 1], [18, 7, 19, 8], [20, 3, 21, 4], [22, 12, 23, 11], [24, 16, 1, 15], [2, 10, 3, 9], [4, 13, 5, 14], [6, 17, 7, 18], [8, 19, 9, 20], [10, 22, 11, 21], [12, 24, 13, 23], [14, 5, 15, 6]]"
12a_1260_5,"[[14, 5, 15, 6], [16, 2, 17, 1], [18, 7, 19, 8], [20, 3, 21, 4], [22, 12, 23, 11], [24, 16, 1, 15], [2, 10, 3, 9], [4, 13, 5, 14], [6, 17, 7, 18], [8, 19, 9, 20], [10, 22, 11, 21], [12, 24, 13, 23]]"
12a_1260_6,"[[12, 24, 13, 23], [14, 5, 15, 6], [16, 2, 17, 1], [18, 7, 19, 8], [20, 3, 21, 4], [22, 12, 23, 11], [24, 16, 1, 15], [2, 10, 3, 9], [4, 13, 5, 14], [6, 17, 7, 18], [8, 19, 9, 20], [10, 22, 11, 21]]"
12a_1260_7,"[[10, 22, 11, 21], [12, 24, 13, 23], [14, 5, 15, 6], [16, 2, 17, 1], [18, 7, 19, 8], [20, 3, 21, 4], [22, 12, 23, 11], [24, 16, 1, 15], [2, 10, 3, 9], [4, 13, 5, 14], [6, 17, 7, 18], [8, 19, 9, 20]]"
12a_1260_8,"[[8, 19, 9, 20], [10, 22, 11, 21], [12, 24, 13, 23], [14, 5, 15, 6], [16, 2, 17, 1], [18, 7, 19, 8], [20, 3, 21, 4], [22, 12, 23, 11], [24, 16, 1, 15], [2, 10, 3, 9], [4, 13, 5, 14], [6, 17, 7, 18]]"
12a_1260_9,"[[6, 17, 7, 18], [8, 19, 9, 20], [10, 22, 11, 21], [12, 24, 13, 23], [14, 5, 15, 6], [16, 2, 17, 1], [18, 7, 19, 8], [20, 3, 21, 4], [22, 12, 23, 11], [24, 16, 1, 15], [2, 10, 3, 9], [4, 13, 5, 14]]"
12a_1260_10,"[[4, 13, 5, 14], [6, 17, 7, 18], [8, 19, 9, 20], [10, 22, 11, 21], [12, 24, 13, 23], [14, 5, 15, 6], [16, 2, 17, 1], [18, 7, 19, 8], [20, 3, 21, 4], [22, 12, 23, 11], [24, 16, 1, 15], [2, 10, 3, 9]]"
12a_1260_11,"[[2, 10, 3, 9], [4, 13, 5, 14], [6, 17, 7, 18], [8, 19, 9, 20], [10, 22, 11, 21], [12, 24, 13, 23], [14, 5, 15, 6], [16, 2, 17, 1], [18, 7, 19, 8], [20, 3, 21, 4], [22, 12, 23, 11], [24, 16, 1, 15]]"
12a_1260_12,"[[1, 17, 2, 16], [3, 11, 4, 10], [5, 14, 6, 15], [7, 18, 8, 19], [9, 20, 10, 21], [11, 23, 12, 22], [13, 1, 14, 24], [15, 6, 16, 7], [17, 3, 18, 2], [19, 8, 20, 9], [21, 4, 22, 5], [23, 13, 24, 12]]"
12a_1260_13,"[[23, 13, 24, 12], [1, 17, 2, 16], [3, 11, 4, 10], [5, 14, 6, 15], [7, 18, 8, 19], [9, 20, 10, 21], [11, 23, 12, 22], [13, 1, 14, 24], [15, 6, 16, 7], [17, 3, 18, 2], [19, 8, 20, 9], [21, 4, 22, 5]]"
12a_1260_14,"[[21, 4, 22, 5], [23, 13, 24, 12], [1, 17, 2, 16], [3, 11, 4, 10], [5, 14, 6, 15], [7, 18, 8, 19], [9, 20, 10, 21], [11, 23, 12, 22], [13, 1, 14, 24], [15, 6, 16, 7], [17, 3, 18, 2], [19, 8, 20, 9]]"
12a_1260_15,"[[19, 8, 20, 9], [21, 4, 22, 5], [23, 13, 24, 12], [1, 17, 2, 16], [3, 11, 4, 10], [5, 14, 6, 15], [7, 18, 8, 19], [9, 20, 10, 21], [11, 23, 12, 22], [13, 1, 14, 24], [15, 6, 16, 7], [17, 3, 18, 2]]"
12a_1260_16,"[[17, 3, 18, 2], [19, 8, 20, 9], [21, 4, 22, 5], [23, 13, 24, 12], [1, 17, 2, 16], [3, 11, 4, 10], [5, 14, 6, 15], [7, 18, 8, 19], [9, 20, 10, 21], [11, 23, 12, 22], [13, 1, 14, 24], [15, 6, 16, 7]]"
12a_1260_17,"[[15, 6, 16, 7], [17, 3, 18, 2], [19, 8, 20, 9], [21, 4, 22, 5], [23, 13, 24, 12], [1, 17, 2, 16], [3, 11, 4, 10], [5, 14, 6, 15], [7, 18, 8, 19], [9, 20, 10, 21], [11, 23, 12, 22], [13, 1, 14, 24]]"
12a_1260_18,"[[13, 1, 14, 24], [15, 6, 16, 7], [17, 3, 18, 2], [19, 8, 20, 9], [21, 4, 22, 5], [23, 13, 24, 12], [1, 17, 2, 16], [3, 11, 4, 10], [5, 14, 6, 15], [7, 18, 8, 19], [9, 20, 10, 21], [11, 23, 12, 22]]"
12a_1260_19,"[[11, 23, 12, 22], [13, 1, 14, 24], [15, 6, 16, 7], [17, 3, 18, 2], [19, 8, 20, 9], [21, 4, 22, 5], [23, 13, 24, 12], [1, 17, 2, 16], [3, 11, 4, 10], [5, 14, 6, 15], [7, 18, 8, 19], [9, 20, 10, 21]]"
12a_1260_20,"[[9, 20, 10, 21], [11, 23, 12, 22], [13, 1, 14, 24], [15, 6, 16, 7], [17, 3, 18, 2], [19, 8, 20, 9], [21, 4, 22, 5], [23, 13, 24, 12], [1, 17, 2, 16], [3, 11, 4, 10], [5, 14, 6, 15], [7, 18, 8, 19]]"
12a_1260_21,"[[7, 18, 8, 19], [9, 20, 10, 21], [11, 23, 12, 22], [13, 1, 14, 24], [15, 6, 16, 7], [17, 3, 18, 2], [19, 8, 20, 9], [21, 4, 22, 5], [23, 13, 24, 12], [1, 17, 2, 16], [3, 11, 4, 10], [5, 14, 6, 15]]"
12a_1260_22,"[[5, 14, 6, 15], [7, 18, 8, 19], [9, 20, 10, 21], [11, 23, 12, 22], [13, 1, 14, 24], [15, 6, 16, 7], [17, 3, 18, 2], [19, 8, 20, 9], [21, 4, 22, 5], [23, 13, 24, 12], [1, 17, 2, 16], [3, 11, 4, 10]]"
12a_1260_23,"[[3, 11, 4, 10], [5, 14, 6, 15], [7, 18, 8, 19], [9, 20, 10, 21], [11, 23, 12, 22], [13, 1, 14, 24], [15, 6, 16, 7], [17, 3, 18, 2], [19, 8, 20, 9], [21, 4, 22, 5], [23, 13, 24, 12], [1, 17, 2, 16]]"
12a_1260_24,"[[2, 18, 3, 17], [4, 12, 5, 11], [6, 15, 7, 16], [8, 19, 9, 20], [10, 21, 11, 22], [12, 24, 13, 23], [14, 2, 15, 1], [16, 7, 17, 8], [18, 4, 19, 3], [20, 9, 21, 10], [22, 5, 23, 6], [24, 14, 1, 13]]"
12a_1260_25,"[[24, 14, 1, 13], [2, 18, 3, 17], [4, 12, 5, 11], [6, 15, 7, 16], [8, 19, 9, 20], [10, 21, 11, 22], [12, 24, 13, 23], [14, 2, 15, 1], [16, 7, 17, 8], [18, 4, 19, 3], [20, 9, 21, 10], [22, 5, 23, 6]]"
12a_1260_26,"[[22, 5, 23, 6], [24, 14, 1, 13], [2, 18, 3, 17], [4, 12, 5, 11], [6, 15, 7, 16], [8, 19, 9, 20], [10, 21, 11, 22], [12, 24, 13, 23], [14, 2, 15, 1], [16, 7, 17, 8], [18, 4, 19, 3], [20, 9, 21, 10]]"
12a_1260_27,"[[20, 9, 21, 10], [22, 5, 23, 6], [24, 14, 1, 13], [2, 18, 3, 17], [4, 12, 5, 11], [6, 15, 7, 16], [8, 19, 9, 20], [10, 21, 11, 22], [12, 24, 13, 23], [14, 2, 15, 1], [16, 7, 17, 8], [18, 4, 19, 3]]"
12a_1260_28,"[[18, 4, 19, 3], [20, 9, 21, 10], [22, 5, 23, 6], [24, 14, 1, 13], [2, 18, 3, 17], [4, 12, 5, 11], [6, 15, 7, 16], [8, 19, 9, 20], [10, 21, 11, 22], [12, 24, 13, 23], [14, 2, 15, 1], [16, 7, 17, 8]]"
12a_1260_29,"[[16, 7, 17, 8], [18, 4, 19, 3], [20, 9, 21, 10], [22, 5, 23, 6], [24, 14, 1, 13], [2, 18, 3, 17], [4, 12, 5, 11], [6, 15, 7, 16], [8, 19, 9, 20], [10, 21, 11, 22], [12, 24, 13, 23], [14, 2, 15, 1]]"
12a_1260_30,"[[14, 2, 15, 1], [16, 7, 17, 8], [18, 4, 19, 3], [20, 9, 21, 10], [22, 5, 23, 6], [24, 14, 1, 13], [2, 18, 3, 17], [4, 12, 5, 11], [6, 15, 7, 16], [8, 19, 9, 20], [10, 21, 11, 22], [12, 24, 13, 23]]"
12a_1260_31,"[[12, 24, 13, 23], [14, 2, 15, 1], [16, 7, 17, 8], [18, 4, 19, 3], [20, 9, 21, 10], [22, 5, 23, 6], [24, 14, 1, 13], [2, 18, 3, 17], [4, 12, 5, 11], [6, 15, 7, 16], [8, 19, 9, 20], [10, 21, 11, 22]]"
12a_1260_32,"[[10, 21, 11, 22], [12, 24, 13, 23], [14, 2, 15, 1], [16, 7, 17, 8], [18, 4, 19, 3], [20, 9, 21, 10], [22, 5, 23, 6], [24, 14, 1, 13], [2, 18, 3, 17], [4, 12, 5, 11], [6, 15, 7, 16], [8, 19, 9, 20]]"
12a_1260_33,"[[8, 19, 9, 20], [10, 21, 11, 22], [12, 24, 13, 23], [14, 2, 15, 1], [16, 7, 17, 8], [18, 4, 19, 3], [20, 9, 21, 10], [22, 5, 23, 6], [24, 14, 1, 13], [2, 18, 3, 17], [4, 12, 5, 11], [6, 15, 7, 16]]"
12a_1260_34,"[[6, 15, 7, 16], [8, 19, 9, 20], [10, 21, 11, 22], [12, 24, 13, 23], [14, 2, 15, 1], [16, 7, 17, 8], [18, 4, 19, 3], [20, 9, 21, 10], [22, 5, 23, 6], [24, 14, 1, 13], [2, 18, 3, 17], [4, 12, 5, 11]]"
12a_1260_35,"[[4, 12, 5, 11], [6, 15, 7, 16], [8, 19, 9, 20], [10, 21, 11, 22], [12, 24, 13, 23], [14, 2, 15, 1], [16, 7, 17, 8], [18, 4, 19, 3], [20, 9, 21, 10], [22, 5, 23, 6], [24, 14, 1, 13], [2, 18, 3, 17]]"
12a_1260_36,"[[3, 19, 4, 18], [5, 13, 6, 12], [7, 16, 8, 17], [9, 20, 10, 21], [11, 22, 12, 23], [13, 1, 14, 24], [15, 3, 16, 2], [17, 8, 18, 9], [19, 5, 20, 4], [21, 10, 22, 11], [23, 6, 24, 7], [1, 15, 2, 14]]"
12a_1260_37,"[[1, 15, 2, 14], [3, 19, 4, 18], [5, 13, 6, 12], [7, 16, 8, 17], [9, 20, 10, 21], [11, 22, 12, 23], [13, 1, 14, 24], [15, 3, 16, 2], [17, 8, 18, 9], [19, 5, 20, 4], [21, 10, 22, 11], [23, 6, 24, 7]]"
12a_1260_38,"[[23, 6, 24, 7], [1, 15, 2, 14], [3, 19, 4, 18], [5, 13, 6, 12], [7, 16, 8, 17], [9, 20, 10, 21], [11, 22, 12, 23], [13, 1, 14, 24], [15, 3, 16, 2], [17, 8, 18, 9], [19, 5, 20, 4], [21, 10, 22, 11]]"
12a_1260_39,"[[21, 10, 22, 11], [23, 6, 24, 7], [1, 15, 2, 14], [3, 19, 4, 18], [5, 13, 6, 12], [7, 16, 8, 17], [9, 20, 10, 21], [11, 22, 12, 23], [13, 1, 14, 24], [15, 3, 16, 2], [17, 8, 18, 9], [19, 5, 20, 4]]"
12a_1260_40,"[[19, 5, 20, 4], [21, 10, 22, 11], [23, 6, 24, 7], [1, 15, 2, 14], [3, 19, 4, 18], [5, 13, 6, 12], [7, 16, 8, 17], [9, 20, 10, 21], [11, 22, 12, 23], [13, 1, 14, 24], [15, 3, 16, 2], [17, 8, 18, 9]]"
12a_1260_41,"[[17, 8, 18, 9], [19, 5, 20, 4], [21, 10, 22, 11], [23, 6, 24, 7], [1, 15, 2, 14], [3, 19, 4, 18], [5, 13, 6, 12], [7, 16, 8, 17], [9, 20, 10, 21], [11, 22, 12, 23], [13, 1, 14, 24], [15, 3, 16, 2]]"
12a_1260_42,"[[15, 3, 16, 2], [17, 8, 18, 9], [19, 5, 20, 4], [21, 10, 22, 11], [23, 6, 24, 7], [1, 15, 2, 14], [3, 19, 4, 18], [5, 13, 6, 12], [7, 16, 8, 17], [9, 20, 10, 21], [11, 22, 12, 23], [13, 1, 14, 24]]"
12a_1260_43,"[[13, 1, 14, 24], [15, 3, 16, 2], [17, 8, 18, 9], [19, 5, 20, 4], [21, 10, 22, 11], [23, 6, 24, 7], [1, 15, 2, 14], [3, 19, 4, 18], [5, 13, 6, 12], [7, 16, 8, 17], [9, 20, 10, 21], [11, 22, 12, 23]]"
12a_1260_44,"[[11, 22, 12, 23], [13, 1, 14, 24], [15, 3, 16, 2], [17, 8, 18, 9], [19, 5, 20, 4], [21, 10, 22, 11], [23, 6, 24, 7], [1, 15, 2, 14], [3, 19, 4, 18], [5, 13, 6, 12], [7, 16, 8, 17], [9, 20, 10, 21]]"
12a_1260_45,"[[9, 20, 10, 21], [11, 22, 12, 23], [13, 1, 14, 24], [15, 3, 16, 2], [17, 8, 18, 9], [19, 5, 20, 4], [21, 10, 22, 11], [23, 6, 24, 7], [1, 15, 2, 14], [3, 19, 4, 18], [5, 13, 6, 12], [7, 16, 8, 17]]"
12a_1260_46,"[[7, 16, 8, 17], [9, 20, 10, 21], [11, 22, 12, 23], [13, 1, 14, 24], [15, 3, 16, 2], [17, 8, 18, 9], [19, 5, 20, 4], [21, 10, 22, 11], [23, 6, 24, 7], [1, 15, 2, 14], [3, 19, 4, 18], [5, 13, 6, 12]]"
12a_1260_47,"[[5, 13, 6, 12], [7, 16, 8, 17], [9, 20, 10, 21], [11, 22, 12, 23], [13, 1, 14, 24], [15, 3, 16, 2], [17, 8, 18, 9], [19, 5, 20, 4], [21, 10, 22, 11], [23, 6, 24, 7], [1, 15, 2, 14], [3, 19, 4, 18]]"
12a_1260_48,"[[4, 20, 5, 19], [6, 14, 7, 13], [8, 17, 9, 18], [10, 21, 11, 22], [12, 23, 13, 24], [14, 2, 15, 1], [16, 4, 17, 3], [18, 9, 19, 10], [20, 6, 21, 5], [22, 11, 23, 12], [24, 7, 1, 8], [2, 16, 3, 15]]"
12a_1260_49,"[[2, 16, 3, 15], [4, 20, 5, 19], [6, 14, 7, 13], [8, 17, 9, 18], [10, 21, 11, 22], [12, 23, 13, 24], [14, 2, 15, 1], [16, 4, 17, 3], [18, 9, 19, 10], [20, 6, 21, 5], [22, 11, 23, 12], [24, 7, 1, 8]]"
12a_1260_50,"[[24, 7, 1, 8], [2, 16, 3, 15], [4, 20, 5, 19], [6, 14, 7, 13], [8, 17, 9, 18], [10, 21, 11, 22], [12, 23, 13, 24], [14, 2, 15, 1], [16, 4, 17, 3], [18, 9, 19, 10], [20, 6, 21, 5], [22, 11, 23, 12]]"
12a_1260_51,"[[22, 11, 23, 12], [24, 7, 1, 8], [2, 16, 3, 15], [4, 20, 5, 19], [6, 14, 7, 13], [8, 17, 9, 18], [10, 21, 11, 22], [12, 23, 13, 24], [14, 2, 15, 1], [16, 4, 17, 3], [18, 9, 19, 10], [20, 6, 21, 5]]"
12a_1260_52,"[[20, 6, 21, 5], [22, 11, 23, 12], [24, 7, 1, 8], [2, 16, 3, 15], [4, 20, 5, 19], [6, 14, 7, 13], [8, 17, 9, 18], [10, 21, 11, 22], [12, 23, 13, 24], [14, 2, 15, 1], [16, 4, 17, 3], [18, 9, 19, 10]]"
12a_1260_53,"[[18, 9, 19, 10], [20, 6, 21, 5], [22, 11, 23, 12], [24, 7, 1, 8], [2, 16, 3, 15], [4, 20, 5, 19], [6, 14, 7, 13], [8, 17, 9, 18], [10, 21, 11, 22], [12, 23, 13, 24], [14, 2, 15, 1], [16, 4, 17, 3]]"
12a_1260_54,"[[16, 4, 17, 3], [18, 9, 19, 10], [20, 6, 21, 5], [22, 11, 23, 12], [24, 7, 1, 8], [2, 16, 3, 15], [4, 20, 5, 19], [6, 14, 7, 13], [8, 17, 9, 18], [10, 21, 11, 22], [12, 23, 13, 24], [14, 2, 15, 1]]"
12a_1260_55,"[[14, 2, 15, 1], [16, 4, 17, 3], [18, 9, 19, 10], [20, 6, 21, 5], [22, 11, 23, 12], [24, 7, 1, 8], [2, 16, 3, 15], [4, 20, 5, 19], [6, 14, 7, 13], [8, 17, 9, 18], [10, 21, 11, 22], [12, 23, 13, 24]]"
12a_1260_56,"[[12, 23, 13, 24], [14, 2, 15, 1], [16, 4, 17, 3], [18, 9, 19, 10], [20, 6, 21, 5], [22, 11, 23, 12], [24, 7, 1, 8], [2, 16, 3, 15], [4, 20, 5, 19], [6, 14, 7, 13], [8, 17, 9, 18], [10, 21, 11, 22]]"
12a_1260_57,"[[10, 21, 11, 22], [12, 23, 13, 24], [14, 2, 15, 1], [16, 4, 17, 3], [18, 9, 19, 10], [20, 6, 21, 5], [22, 11, 23, 12], [24, 7, 1, 8], [2, 16, 3, 15], [4, 20, 5, 19], [6, 14, 7, 13], [8, 17, 9, 18]]"
12a_1260_58,"[[8, 17, 9, 18], [10, 21, 11, 22], [12, 23, 13, 24], [14, 2, 15, 1], [16, 4, 17, 3], [18, 9, 19, 10], [20, 6, 21, 5], [22, 11, 23, 12], [24, 7, 1, 8], [2, 16, 3, 15], [4, 20, 5, 19], [6, 14, 7, 13]]"
12a_1260_59,"[[6, 14, 7, 13], [8, 17, 9, 18], [10, 21, 11, 22], [12, 23, 13, 24], [14, 2, 15, 1], [16, 4, 17, 3], [18, 9, 19, 10], [20, 6, 21, 5], [22, 11, 23, 12], [24, 7, 1, 8], [2, 16, 3, 15], [4, 20, 5, 19]]"
12a_1260_60,"[[5, 21, 6, 20], [7, 15, 8, 14], [9, 18, 10, 19], [11, 22, 12, 23], [13, 24, 14, 1], [15, 3, 16, 2], [17, 5, 18, 4], [19, 10, 20, 11], [21, 7, 22, 6], [23, 12, 24, 13], [1, 8, 2, 9], [3, 17, 4, 16]]"
12a_1260_61,"[[3, 17, 4, 16], [5, 21, 6, 20], [7, 15, 8, 14], [9, 18, 10, 19], [11, 22, 12, 23], [13, 24, 14, 1], [15, 3, 16, 2], [17, 5, 18, 4], [19, 10, 20, 11], [21, 7, 22, 6], [23, 12, 24, 13], [1, 8, 2, 9]]"
12a_1260_62,"[[1, 8, 2, 9], [3, 17, 4, 16], [5, 21, 6, 20], [7, 15, 8, 14], [9, 18, 10, 19], [11, 22, 12, 23], [13, 24, 14, 1], [15, 3, 16, 2], [17, 5, 18, 4], [19, 10, 20, 11], [21, 7, 22, 6], [23, 12, 24, 13]]"
12a_1260_63,"[[23, 12, 24, 13], [1, 8, 2, 9], [3, 17, 4, 16], [5, 21, 6, 20], [7, 15, 8, 14], [9, 18, 10, 19], [11, 22, 12, 23], [13, 24, 14, 1], [15, 3, 16, 2], [17, 5, 18, 4], [19, 10, 20, 11], [21, 7, 22, 6]]"
12a_1260_64,"[[21, 7, 22, 6], [23, 12, 24, 13], [1, 8, 2, 9], [3, 17, 4, 16], [5, 21, 6, 20], [7, 15, 8, 14], [9, 18, 10, 19], [11, 22, 12, 23], [13, 24, 14, 1], [15, 3, 16, 2], [17, 5, 18, 4], [19, 10, 20, 11]]"
12a_1260_65,"[[19, 10, 20, 11], [21, 7, 22, 6], [23, 12, 24, 13], [1, 8, 2, 9], [3, 17, 4, 16], [5, 21, 6, 20], [7, 15, 8, 14], [9, 18, 10, 19], [11, 22, 12, 23], [13, 24, 14, 1], [15, 3, 16, 2], [17, 5, 18, 4]]"
12a_1260_66,"[[17, 5, 18, 4], [19, 10, 20, 11], [21, 7, 22, 6], [23, 12, 24, 13], [1, 8, 2, 9], [3, 17, 4, 16], [5, 21, 6, 20], [7, 15, 8, 14], [9, 18, 10, 19], [11, 22, 12, 23], [13, 24, 14, 1], [15, 3, 16, 2]]"
12a_1260_67,"[[15, 3, 16, 2], [17, 5, 18, 4], [19, 10, 20, 11], [21, 7, 22, 6], [23, 12, 24, 13], [1, 8, 2, 9], [3, 17, 4, 16], [5, 21, 6, 20], [7, 15, 8, 14], [9, 18, 10, 19], [11, 22, 12, 23], [13, 24, 14, 1]]"
12a_1260_68,"[[13, 24, 14, 1], [15, 3, 16, 2], [17, 5, 18, 4], [19, 10, 20, 11], [21, 7, 22, 6], [23, 12, 24, 13], [1, 8, 2, 9], [3, 17, 4, 16], [5, 21, 6, 20], [7, 15, 8, 14], [9, 18, 10, 19], [11, 22, 12, 23]]"
12a_1260_69,"[[11, 22, 12, 23], [13, 24, 14, 1], [15, 3, 16, 2], [17, 5, 18, 4], [19, 10, 20, 11], [21, 7, 22, 6], [23, 12, 24, 13], [1, 8, 2, 9], [3, 17, 4, 16], [5, 21, 6, 20], [7, 15, 8, 14], [9, 18, 10, 19]]"
12a_1260_70,"[[9, 18, 10, 19], [11, 22, 12, 23], [13, 24, 14, 1], [15, 3, 16, 2], [17, 5, 18, 4], [19, 10, 20, 11], [21, 7, 22, 6], [23, 12, 24, 13], [1, 8, 2, 9], [3, 17, 4, 16], [5, 21, 6, 20], [7, 15, 8, 14]]"
12a_1260_71,"[[7, 15, 8, 14], [9, 18, 10, 19], [11, 22, 12, 23], [13, 24, 14, 1], [15, 3, 16, 2], [17, 5, 18, 4], [19, 10, 20, 11], [21, 7, 22, 6], [23, 12, 24, 13], [1, 8, 2, 9], [3, 17, 4, 16], [5, 21, 6, 20]]"
12a_1260_72,"[[6, 22, 7, 21], [8, 16, 9, 15], [10, 19, 11, 20], [12, 23, 13, 24], [14, 1, 15, 2], [16, 4, 17, 3], [18, 6, 19, 5], [20, 11, 21, 12], [22, 8, 23, 7], [24, 13, 1, 14], [2, 9, 3, 10], [4, 18, 5, 17]]"
12a_1260_73,"[[4, 18, 5, 17], [6, 22, 7, 21], [8, 16, 9, 15], [10, 19, 11, 20], [12, 23, 13, 24], [14, 1, 15, 2], [16, 4, 17, 3], [18, 6, 19, 5], [20, 11, 21, 12], [22, 8, 23, 7], [24, 13, 1, 14], [2, 9, 3, 10]]"
12a_1260_74,"[[2, 9, 3, 10], [4, 18, 5, 17], [6, 22, 7, 21], [8, 16, 9, 15], [10, 19, 11, 20], [12, 23, 13, 24], [14, 1, 15, 2], [16, 4, 17, 3], [18, 6, 19, 5], [20, 11, 21, 12], [22, 8, 23, 7], [24, 13, 1, 14]]"
12a_1260_75,"[[24, 13, 1, 14], [2, 9, 3, 10], [4, 18, 5, 17], [6, 22, 7, 21], [8, 16, 9, 15], [10, 19, 11, 20], [12, 23, 13, 24], [14, 1, 15, 2], [16, 4, 17, 3], [18, 6, 19, 5], [20, 11, 21, 12], [22, 8, 23, 7]]"
12a_1260_76,"[[22, 8, 23, 7], [24, 13, 1, 14], [2, 9, 3, 10], [4, 18, 5, 17], [6, 22, 7, 21], [8, 16, 9, 15], [10, 19, 11, 20], [12, 23, 13, 24], [14, 1, 15, 2], [16, 4, 17, 3], [18, 6, 19, 5], [20, 11, 21, 12]]"
12a_1260_77,"[[20, 11, 21, 12], [22, 8, 23, 7], [24, 13, 1, 14], [2, 9, 3, 10], [4, 18, 5, 17], [6, 22, 7, 21], [8, 16, 9, 15], [10, 19, 11, 20], [12, 23, 13, 24], [14, 1, 15, 2], [16, 4, 17, 3], [18, 6, 19, 5]]"
12a_1260_78,"[[18, 6, 19, 5], [20, 11, 21, 12], [22, 8, 23, 7], [24, 13, 1, 14], [2, 9, 3, 10], [4, 18, 5, 17], [6, 22, 7, 21], [8, 16, 9, 15], [10, 19, 11, 20], [12, 23, 13, 24], [14, 1, 15, 2], [16, 4, 17, 3]]"
12a_1260_79,"[[16, 4, 17, 3], [18, 6, 19, 5], [20, 11, 21, 12], [22, 8, 23, 7], [24, 13, 1, 14], [2, 9, 3, 10], [4, 18, 5, 17], [6, 22, 7, 21], [8, 16, 9, 15], [10, 19, 11, 20], [12, 23, 13, 24], [14, 1, 15, 2]]"
12a_1260_80,"[[14, 1, 15, 2], [16, 4, 17, 3], [18, 6, 19, 5], [20, 11, 21, 12], [22, 8, 23, 7], [24, 13, 1, 14], [2, 9, 3, 10], [4, 18, 5, 17], [6, 22, 7, 21], [8, 16, 9, 15], [10, 19, 11, 20], [12, 23, 13, 24]]"
12a_1260_81,"[[12, 23, 13, 24], [14, 1, 15, 2], [16, 4, 17, 3], [18, 6, 19, 5], [20, 11, 21, 12], [22, 8, 23, 7], [24, 13, 1, 14], [2, 9, 3, 10], [4, 18, 5, 17], [6, 22, 7, 21], [8, 16, 9, 15], [10, 19, 11, 20]]"
12a_1260_82,"[[10, 19, 11, 20], [12, 23, 13, 24], [14, 1, 15, 2], [16, 4, 17, 3], [18, 6, 19, 5], [20, 11, 21, 12], [22, 8, 23, 7], [24, 13, 1, 14], [2, 9, 3, 10], [4, 18, 5, 17], [6, 22, 7, 21], [8, 16, 9, 15]]"
12a_1260_83,"[[8, 16, 9, 15], [10, 19, 11, 20], [12, 23, 13, 24], [14, 1, 15, 2], [16, 4, 17, 3], [18, 6, 19, 5], [20, 11, 21, 12], [22, 8, 23, 7], [24, 13, 1, 14], [2, 9, 3, 10], [4, 18, 5, 17], [6, 22, 7, 21]]"
12a_1260_84,"[[7, 23, 8, 22], [9, 17, 10, 16], [11, 20, 12, 21], [13, 24, 14, 1], [15, 2, 16, 3], [17, 5, 18, 4], [19, 7, 20, 6], [21, 12, 22, 13], [23, 9, 24, 8], [1, 14, 2, 15], [3, 10, 4, 11], [5, 19, 6, 18]]"
12a_1260_85,"[[5, 19, 6, 18], [7, 23, 8, 22], [9, 17, 10, 16], [11, 20, 12, 21], [13, 24, 14, 1], [15, 2, 16, 3], [17, 5, 18, 4], [19, 7, 20, 6], [21, 12, 22, 13], [23, 9, 24, 8], [1, 14, 2, 15], [3, 10, 4, 11]]"
12a_1260_86,"[[3, 10, 4, 11], [5, 19, 6, 18], [7, 23, 8, 22], [9, 17, 10, 16], [11, 20, 12, 21], [13, 24, 14, 1], [15, 2, 16, 3], [17, 5, 18, 4], [19, 7, 20, 6], [21, 12, 22, 13], [23, 9, 24, 8], [1, 14, 2, 15]]"
12a_1260_87,"[[1, 14, 2, 15], [3, 10, 4, 11], [5, 19, 6, 18], [7, 23, 8, 22], [9, 17, 10, 16], [11, 20, 12, 21], [13, 24, 14, 1], [15, 2, 16, 3], [17, 5, 18, 4], [19, 7, 20, 6], [21, 12, 22, 13], [23, 9, 24, 8]]"
12a_1260_88,"[[23, 9, 24, 8], [1, 14, 2, 15], [3, 10, 4, 11], [5, 19, 6, 18], [7, 23, 8, 22], [9, 17, 10, 16], [11, 20, 12, 21], [13, 24, 14, 1], [15, 2, 16, 3], [17, 5, 18, 4], [19, 7, 20, 6], [21, 12, 22, 13]]"
12a_1260_89,"[[21, 12, 22, 13], [23, 9, 24, 8], [1, 14, 2, 15], [3, 10, 4, 11], [5, 19, 6, 18], [7, 23, 8, 22], [9, 17, 10, 16], [11, 20, 12, 21], [13, 24, 14, 1], [15, 2, 16, 3], [17, 5, 18, 4], [19, 7, 20, 6]]"
12a_1260_90,"[[19, 7, 20, 6], [21, 12, 22, 13], [23, 9, 24, 8], [1, 14, 2, 15], [3, 10, 4, 11], [5, 19, 6, 18], [7, 23, 8, 22], [9, 17, 10, 16], [11, 20, 12, 21], [13, 24, 14, 1], [15, 2, 16, 3], [17, 5, 18, 4]]"
12a_1260_91,"[[17, 5, 18, 4], [19, 7, 20, 6], [21, 12, 22, 13], [23, 9, 24, 8], [1, 14, 2, 15], [3, 10, 4, 11], [5, 19, 6, 18], [7, 23, 8, 22], [9, 17, 10, 16], [11, 20, 12, 21], [13, 24, 14, 1], [15, 2, 16, 3]]"
12a_1260_92,"[[15, 2, 16, 3], [17, 5, 18, 4], [19, 7, 20, 6], [21, 12, 22, 13], [23, 9, 24, 8], [1, 14, 2, 15], [3, 10, 4, 11], [5, 19, 6, 18], [7, 23, 8, 22], [9, 17, 10, 16], [11, 20, 12, 21], [13, 24, 14, 1]]"
12a_1260_93,"[[13, 24, 14, 1], [15, 2, 16, 3], [17, 5, 18, 4], [19, 7, 20, 6], [21, 12, 22, 13], [23, 9, 24, 8], [1, 14, 2, 15], [3, 10, 4, 11], [5, 19, 6, 18], [7, 23, 8, 22], [9, 17, 10, 16], [11, 20, 12, 21]]"
12a_1260_94,"[[11, 20, 12, 21], [13, 24, 14, 1], [15, 2, 16, 3], [17, 5, 18, 4], [19, 7, 20, 6], [21, 12, 22, 13], [23, 9, 24, 8], [1, 14, 2, 15], [3, 10, 4, 11], [5, 19, 6, 18], [7, 23, 8, 22], [9, 17, 10, 16]]"
12a_1260_95,"[[9, 17, 10, 16], [11, 20, 12, 21], [13, 24, 14, 1], [15, 2, 16, 3], [17, 5, 18, 4], [19, 7, 20, 6], [21, 12, 22, 13], [23, 9, 24, 8], [1, 14, 2, 15], [3, 10, 4, 11], [5, 19, 6, 18], [7, 23, 8, 22]]"
12a_1260_96,"[[8, 24, 9, 23], [10, 18, 11, 17], [12, 21, 13, 22], [14, 1, 15, 2], [16, 3, 17, 4], [18, 6, 19, 5], [20, 8, 21, 7], [22, 13, 23, 14], [24, 10, 1, 9], [2, 15, 3, 16], [4, 11, 5, 12], [6, 20, 7, 19]]"
12a_1260_97,"[[6, 20, 7, 19], [8, 24, 9, 23], [10, 18, 11, 17], [12, 21, 13, 22], [14, 1, 15, 2], [16, 3, 17, 4], [18, 6, 19, 5], [20, 8, 21, 7], [22, 13, 23, 14], [24, 10, 1, 9], [2, 15, 3, 16], [4, 11, 5, 12]]"
12a_1260_98,"[[4, 11, 5, 12], [6, 20, 7, 19], [8, 24, 9, 23], [10, 18, 11, 17], [12, 21, 13, 22], [14, 1, 15, 2], [16, 3, 17, 4], [18, 6, 19, 5], [20, 8, 21, 7], [22, 13, 23, 14], [24, 10, 1, 9], [2, 15, 3, 16]]"
12a_1260_99,"[[2, 15, 3, 16], [4, 11, 5, 12], [6, 20, 7, 19], [8, 24, 9, 23], [10, 18, 11, 17], [12, 21, 13, 22], [14, 1, 15, 2], [16, 3, 17, 4], [18, 6, 19, 5], [20, 8, 21, 7], [22, 13, 23, 14], [24, 10, 1, 9]]"
12a_1260_100,"[[24, 10, 1, 9], [2, 15, 3, 16], [4, 11, 5, 12], [6, 20, 7, 19], [8, 24, 9, 23], [10, 18, 11, 17], [12, 21, 13, 22], [14, 1, 15, 2], [16, 3, 17, 4], [18, 6, 19, 5], [20, 8, 21, 7], [22, 13, 23, 14]]"
12a_1260_101,"[[22, 13, 23, 14], [24, 10, 1, 9], [2, 15, 3, 16], [4, 11, 5, 12], [6, 20, 7, 19], [8, 24, 9, 23], [10, 18, 11, 17], [12, 21, 13, 22], [14, 1, 15, 2], [16, 3, 17, 4], [18, 6, 19, 5], [20, 8, 21, 7]]"
12a_1260_102,"[[20, 8, 21, 7], [22, 13, 23, 14], [24, 10, 1, 9], [2, 15, 3, 16], [4, 11, 5, 12], [6, 20, 7, 19], [8, 24, 9, 23], [10, 18, 11, 17], [12, 21, 13, 22], [14, 1, 15, 2], [16, 3, 17, 4], [18, 6, 19, 5]]"
12a_1260_103,"[[18, 6, 19, 5], [20, 8, 21, 7], [22, 13, 23, 14], [24, 10, 1, 9], [2, 15, 3, 16], [4, 11, 5, 12], [6, 20, 7, 19], [8, 24, 9, 23], [10, 18, 11, 17], [12, 21, 13, 22], [14, 1, 15, 2], [16, 3, 17, 4]]"
12a_1260_104,"[[16, 3, 17, 4], [18, 6, 19, 5], [20, 8, 21, 7], [22, 13, 23, 14], [24, 10, 1, 9], [2, 15, 3, 16], [4, 11, 5, 12], [6, 20, 7, 19], [8, 24, 9, 23], [10, 18, 11, 17], [12, 21, 13, 22], [14, 1, 15, 2]]"
12a_1260_105,"[[14, 1, 15, 2], [16, 3, 17, 4], [18, 6, 19, 5], [20, 8, 21, 7], [22, 13, 23, 14], [24, 10, 1, 9], [2, 15, 3, 16], [4, 11, 5, 12], [6, 20, 7, 19], [8, 24, 9, 23], [10, 18, 11, 17], [12, 21, 13, 22]]"
12a_1260_106,"[[12, 21, 13, 22], [14, 1, 15, 2], [16, 3, 17, 4], [18, 6, 19, 5], [20, 8, 21, 7], [22, 13, 23, 14], [24, 10, 1, 9], [2, 15, 3, 16], [4, 11, 5, 12], [6, 20, 7, 19], [8, 24, 9, 23], [10, 18, 11, 17]]"
12a_1260_107,"[[10, 18, 11, 17], [12, 21, 13, 22], [14, 1, 15, 2], [16, 3, 17, 4], [18, 6, 19, 5], [20, 8, 21, 7], [22, 13, 23, 14], [24, 10, 1, 9], [2, 15, 3, 16], [4, 11, 5, 12], [6, 20, 7, 19], [8, 24, 9, 23]]"
12a_1260_108,"[[9, 1, 10, 24], [11, 19, 12, 18], [13, 22, 14, 23], [15, 2, 16, 3], [17, 4, 18, 5], [19, 7, 20, 6], [21, 9, 22, 8], [23, 14, 24, 15], [1, 11, 2, 10], [3, 16, 4, 17], [5, 12, 6, 13], [7, 21, 8, 20]]"
12a_1260_109,"[[7, 21, 8, 20], [9, 1, 10, 24], [11, 19, 12, 18], [13, 22, 14, 23], [15, 2, 16, 3], [17, 4, 18, 5], [19, 7, 20, 6], [21, 9, 22, 8], [23, 14, 24, 15], [1, 11, 2, 10], [3, 16, 4, 17], [5, 12, 6, 13]]"
12a_1260_110,"[[5, 12, 6, 13], [7, 21, 8, 20], [9, 1, 10, 24], [11, 19, 12, 18], [13, 22, 14, 23], [15, 2, 16, 3], [17, 4, 18, 5], [19, 7, 20, 6], [21, 9, 22, 8], [23, 14, 24, 15], [1, 11, 2, 10], [3, 16, 4, 17]]"
12a_1260_111,"[[3, 16, 4, 17], [5, 12, 6, 13], [7, 21, 8, 20], [9, 1, 10, 24], [11, 19, 12, 18], [13, 22, 14, 23], [15, 2, 16, 3], [17, 4, 18, 5], [19, 7, 20, 6], [21, 9, 22, 8], [23, 14, 24, 15], [1, 11, 2, 10]]"
12a_1260_112,"[[1, 11, 2, 10], [3, 16, 4, 17], [5, 12, 6, 13], [7, 21, 8, 20], [9, 1, 10, 24], [11, 19, 12, 18], [13, 22, 14, 23], [15, 2, 16, 3], [17, 4, 18, 5], [19, 7, 20, 6], [21, 9, 22, 8], [23, 14, 24, 15]]"
12a_1260_113,"[[23, 14, 24, 15], [1, 11, 2, 10], [3, 16, 4, 17], [5, 12, 6, 13], [7, 21, 8, 20], [9, 1, 10, 24], [11, 19, 12, 18], [13, 22, 14, 23], [15, 2, 16, 3], [17, 4, 18, 5], [19, 7, 20, 6], [21, 9, 22, 8]]"
12a_1260_114,"[[21, 9, 22, 8], [23, 14, 24, 15], [1, 11, 2, 10], [3, 16, 4, 17], [5, 12, 6, 13], [7, 21, 8, 20], [9, 1, 10, 24], [11, 19, 12, 18], [13, 22, 14, 23], [15, 2, 16, 3], [17, 4, 18, 5], [19, 7, 20, 6]]"
12a_1260_115,"[[19, 7, 20, 6], [21, 9, 22, 8], [23, 14, 24, 15], [1, 11, 2, 10], [3, 16, 4, 17], [5, 12, 6, 13], [7, 21, 8, 20], [9, 1, 10, 24], [11, 19, 12, 18], [13, 22, 14, 23], [15, 2, 16, 3], [17, 4, 18, 5]]"
12a_1260_116,"[[17, 4, 18, 5], [19, 7, 20, 6], [21, 9, 22, 8], [23, 14, 24, 15], [1, 11, 2, 10], [3, 16, 4, 17], [5, 12, 6, 13], [7, 21, 8, 20], [9, 1, 10, 24], [11, 19, 12, 18], [13, 22, 14, 23], [15, 2, 16, 3]]"
12a_1260_117,"[[15, 2, 16, 3], [17, 4, 18, 5], [19, 7, 20, 6], [21, 9, 22, 8], [23, 14, 24, 15], [1, 11, 2, 10], [3, 16, 4, 17], [5, 12, 6, 13], [7, 21, 8, 20], [9, 1, 10, 24], [11, 19, 12, 18], [13, 22, 14, 23]]"
12a_1260_118,"[[13, 22, 14, 23], [15, 2, 16, 3], [17, 4, 18, 5], [19, 7, 20, 6], [21, 9, 22, 8], [23, 14, 24, 15], [1, 11, 2, 10], [3, 16, 4, 17], [5, 12, 6, 13], [7, 21, 8, 20], [9, 1, 10, 24], [11, 19, 12, 18]]"
12a_1260_119,"[[11, 19, 12, 18], [13, 22, 14, 23], [15, 2, 16, 3], [17, 4, 18, 5], [19, 7, 20, 6], [21, 9, 22, 8], [23, 14, 24, 15], [1, 11, 2, 10], [3, 16, 4, 17], [5, 12, 6, 13], [7, 21, 8, 20], [9, 1, 10, 24]]"
12a_1260_120,"[[10, 2, 11, 1], [12, 20, 13, 19], [14, 23, 15, 24], [16, 3, 17, 4], [18, 5, 19, 6], [20, 8, 21, 7], [22, 10, 23, 9], [24, 15, 1, 16], [2, 12, 3, 11], [4, 17, 5, 18], [6, 13, 7, 14], [8, 22, 9, 21]]"
12a_1260_121,"[[8, 22, 9, 21], [10, 2, 11, 1], [12, 20, 13, 19], [14, 23, 15, 24], [16, 3, 17, 4], [18, 5, 19, 6], [20, 8, 21, 7], [22, 10, 23, 9], [24, 15, 1, 16], [2, 12, 3, 11], [4, 17, 5, 18], [6, 13, 7, 14]]"
12a_1260_122,"[[6, 13, 7, 14], [8, 22, 9, 21], [10, 2, 11, 1], [12, 20, 13, 19], [14, 23, 15, 24], [16, 3, 17, 4], [18, 5, 19, 6], [20, 8, 21, 7], [22, 10, 23, 9], [24, 15, 1, 16], [2, 12, 3, 11], [4, 17, 5, 18]]"
12a_1260_123,"[[4, 17, 5, 18], [6, 13, 7, 14], [8, 22, 9, 21], [10, 2, 11, 1], [12, 20, 13, 19], [14, 23, 15, 24], [16, 3, 17, 4], [18, 5, 19, 6], [20, 8, 21, 7], [22, 10, 23, 9], [24, 15, 1, 16], [2, 12, 3, 11]]"
12a_1260_124,"[[2, 12, 3, 11], [4, 17, 5, 18], [6, 13, 7, 14], [8, 22, 9, 21], [10, 2, 11, 1], [12, 20, 13, 19], [14, 23, 15, 24], [16, 3, 17, 4], [18, 5, 19, 6], [20, 8, 21, 7], [22, 10, 23, 9], [24, 15, 1, 16]]"
12a_1260_125,"[[24, 15, 1, 16], [2, 12, 3, 11], [4, 17, 5, 18], [6, 13, 7, 14], [8, 22, 9, 21], [10, 2, 11, 1], [12, 20, 13, 19], [14, 23, 15, 24], [16, 3, 17, 4], [18, 5, 19, 6], [20, 8, 21, 7], [22, 10, 23, 9]]"
12a_1260_126,"[[22, 10, 23, 9], [24, 15, 1, 16], [2, 12, 3, 11], [4, 17, 5, 18], [6, 13, 7, 14], [8, 22, 9, 21], [10, 2, 11, 1], [12, 20, 13, 19], [14, 23, 15, 24], [16, 3, 17, 4], [18, 5, 19, 6], [20, 8, 21, 7]]"
12a_1260_127,"[[20, 8, 21, 7], [22, 10, 23, 9], [24, 15, 1, 16], [2, 12, 3, 11], [4, 17, 5, 18], [6, 13, 7, 14], [8, 22, 9, 21], [10, 2, 11, 1], [12, 20, 13, 19], [14, 23, 15, 24], [16, 3, 17, 4], [18, 5, 19, 6]]"
12a_1260_128,"[[18, 5, 19, 6], [20, 8, 21, 7], [22, 10, 23, 9], [24, 15, 1, 16], [2, 12, 3, 11], [4, 17, 5, 18], [6, 13, 7, 14], [8, 22, 9, 21], [10, 2, 11, 1], [12, 20, 13, 19], [14, 23, 15, 24], [16, 3, 17, 4]]"
12a_1260_129,"[[16, 3, 17, 4], [18, 5, 19, 6], [20, 8, 21, 7], [22, 10, 23, 9], [24, 15, 1, 16], [2, 12, 3, 11], [4, 17, 5, 18], [6, 13, 7, 14], [8, 22, 9, 21], [10, 2, 11, 1], [12, 20, 13, 19], [14, 23, 15, 24]]"
12a_1260_130,"[[14, 23, 15, 24], [16, 3, 17, 4], [18, 5, 19, 6], [20, 8, 21, 7], [22, 10, 23, 9], [24, 15, 1, 16], [2, 12, 3, 11], [4, 17, 5, 18], [6, 13, 7, 14], [8, 22, 9, 21], [10, 2, 11, 1], [12, 20, 13, 19]]"
12a_1260_131,"[[12, 20, 13, 19], [14, 23, 15, 24], [16, 3, 17, 4], [18, 5, 19, 6], [20, 8, 21, 7], [22, 10, 23, 9], [24, 15, 1, 16], [2, 12, 3, 11], [4, 17, 5, 18], [6, 13, 7, 14], [8, 22, 9, 21], [10, 2, 11, 1]]"
12a_1260_132,"[[11, 3, 12, 2], [13, 21, 14, 20], [15, 24, 16, 1], [17, 4, 18, 5], [19, 6, 20, 7], [21, 9, 22, 8], [23, 11, 24, 10], [1, 16, 2, 17], [3, 13, 4, 12], [5, 18, 6, 19], [7, 14, 8, 15], [9, 23, 10, 22]]"
12a_1260_133,"[[9, 23, 10, 22], [11, 3, 12, 2], [13, 21, 14, 20], [15, 24, 16, 1], [17, 4, 18, 5], [19, 6, 20, 7], [21, 9, 22, 8], [23, 11, 24, 10], [1, 16, 2, 17], [3, 13, 4, 12], [5, 18, 6, 19], [7, 14, 8, 15]]"
12a_1260_134,"[[7, 14, 8, 15], [9, 23, 10, 22], [11, 3, 12, 2], [13, 21, 14, 20], [15, 24, 16, 1], [17, 4, 18, 5], [19, 6, 20, 7], [21, 9, 22, 8], [23, 11, 24, 10], [1, 16, 2, 17], [3, 13, 4, 12], [5, 18, 6, 19]]"
12a_1260_135,"[[5, 18, 6, 19], [7, 14, 8, 15], [9, 23, 10, 22], [11, 3, 12, 2], [13, 21, 14, 20], [15, 24, 16, 1], [17, 4, 18, 5], [19, 6, 20, 7], [21, 9, 22, 8], [23, 11, 24, 10], [1, 16, 2, 17], [3, 13, 4, 12]]"
12a_1260_136,"[[3, 13, 4, 12], [5, 18, 6, 19], [7, 14, 8, 15], [9, 23, 10, 22], [11, 3, 12, 2], [13, 21, 14, 20], [15, 24, 16, 1], [17, 4, 18, 5], [19, 6, 20, 7], [21, 9, 22, 8], [23, 11, 24, 10], [1, 16, 2, 17]]"
12a_1260_137,"[[1, 16, 2, 17], [3, 13, 4, 12], [5, 18, 6, 19], [7, 14, 8, 15], [9, 23, 10, 22], [11, 3, 12, 2], [13, 21, 14, 20], [15, 24, 16, 1], [17, 4, 18, 5], [19, 6, 20, 7], [21, 9, 22, 8], [23, 11, 24, 10]]"
12a_1260_138,"[[23, 11, 24, 10], [1, 16, 2, 17], [3, 13, 4, 12], [5, 18, 6, 19], [7, 14, 8, 15], [9, 23, 10, 22], [11, 3, 12, 2], [13, 21, 14, 20], [15, 24, 16, 1], [17, 4, 18, 5], [19, 6, 20, 7], [21, 9, 22, 8]]"
12a_1260_139,"[[21, 9, 22, 8], [23, 11, 24, 10], [1, 16, 2, 17], [3, 13, 4, 12], [5, 18, 6, 19], [7, 14, 8, 15], [9, 23, 10, 22], [11, 3, 12, 2], [13, 21, 14, 20], [15, 24, 16, 1], [17, 4, 18, 5], [19, 6, 20, 7]]"
12a_1260_140,"[[19, 6, 20, 7], [21, 9, 22, 8], [23, 11, 24, 10], [1, 16, 2, 17], [3, 13, 4, 12], [5, 18, 6, 19], [7, 14, 8, 15], [9, 23, 10, 22], [11, 3, 12, 2], [13, 21, 14, 20], [15, 24, 16, 1], [17, 4, 18, 5]]"
12a_1260_141,"[[17, 4, 18, 5], [19, 6, 20, 7], [21, 9, 22, 8], [23, 11, 24, 10], [1, 16, 2, 17], [3, 13, 4, 12], [5, 18, 6, 19], [7, 14, 8, 15], [9, 23, 10, 22], [11, 3, 12, 2], [13, 21, 14, 20], [15, 24, 16, 1]]"
12a_1260_142,"[[15, 24, 16, 1], [17, 4, 18, 5], [19, 6, 20, 7], [21, 9, 22, 8], [23, 11, 24, 10], [1, 16, 2, 17], [3, 13, 4, 12], [5, 18, 6, 19], [7, 14, 8, 15], [9, 23, 10, 22], [11, 3, 12, 2], [13, 21, 14, 20]]"
12a_1260_143,"[[13, 21, 14, 20], [15, 24, 16, 1], [17, 4, 18, 5], [19, 6, 20, 7], [21, 9, 22, 8], [23, 11, 24, 10], [1, 16, 2, 17], [3, 13, 4, 12], [5, 18, 6, 19], [7, 14, 8, 15], [9, 23, 10, 22], [11, 3, 12, 2]]"
12a_1260_144,"[[12, 4, 13, 3], [14, 22, 15, 21], [16, 1, 17, 2], [18, 5, 19, 6], [20, 7, 21, 8], [22, 10, 23, 9], [24, 12, 1, 11], [2, 17, 3, 18], [4, 14, 5, 13], [6, 19, 7, 20], [8, 15, 9, 16], [10, 24, 11, 23]]"
12a_1260_145,"[[10, 24, 11, 23], [12, 4, 13, 3], [14, 22, 15, 21], [16, 1, 17, 2], [18, 5, 19, 6], [20, 7, 21, 8], [22, 10, 23, 9], [24, 12, 1, 11], [2, 17, 3, 18], [4, 14, 5, 13], [6, 19, 7, 20], [8, 15, 9, 16]]"
12a_1260_146,"[[8, 15, 9, 16], [10, 24, 11, 23], [12, 4, 13, 3], [14, 22, 15, 21], [16, 1, 17, 2], [18, 5, 19, 6], [20, 7, 21, 8], [22, 10, 23, 9], [24, 12, 1, 11], [2, 17, 3, 18], [4, 14, 5, 13], [6, 19, 7, 20]]"
12a_1260_147,"[[6, 19, 7, 20], [8, 15, 9, 16], [10, 24, 11, 23], [12, 4, 13, 3], [14, 22, 15, 21], [16, 1, 17, 2], [18, 5, 19, 6], [20, 7, 21, 8], [22, 10, 23, 9], [24, 12, 1, 11], [2, 17, 3, 18], [4, 14, 5, 13]]"
12a_1260_148,"[[4, 14, 5, 13], [6, 19, 7, 20], [8, 15, 9, 16], [10, 24, 11, 23], [12, 4, 13, 3], [14, 22, 15, 21], [16, 1, 17, 2], [18, 5, 19, 6], [20, 7, 21, 8], [22, 10, 23, 9], [24, 12, 1, 11], [2, 17, 3, 18]]"
12a_1260_149,"[[2, 17, 3, 18], [4, 14, 5, 13], [6, 19, 7, 20], [8, 15, 9, 16], [10, 24, 11, 23], [12, 4, 13, 3], [14, 22, 15, 21], [16, 1, 17, 2], [18, 5, 19, 6], [20, 7, 21, 8], [22, 10, 23, 9], [24, 12, 1, 11]]"
12a_1260_150,"[[24, 12, 1, 11], [2, 17, 3, 18], [4, 14, 5, 13], [6, 19, 7, 20], [8, 15, 9, 16], [10, 24, 11, 23], [12, 4, 13, 3], [14, 22, 15, 21], [16, 1, 17, 2], [18, 5, 19, 6], [20, 7, 21, 8], [22, 10, 23, 9]]"
12a_1260_151,"[[22, 10, 23, 9], [24, 12, 1, 11], [2, 17, 3, 18], [4, 14, 5, 13], [6, 19, 7, 20], [8, 15, 9, 16], [10, 24, 11, 23], [12, 4, 13, 3], [14, 22, 15, 21], [16, 1, 17, 2], [18, 5, 19, 6], [20, 7, 21, 8]]"
12a_1260_152,"[[20, 7, 21, 8], [22, 10, 23, 9], [24, 12, 1, 11], [2, 17, 3, 18], [4, 14, 5, 13], [6, 19, 7, 20], [8, 15, 9, 16], [10, 24, 11, 23], [12, 4, 13, 3], [14, 22, 15, 21], [16, 1, 17, 2], [18, 5, 19, 6]]"
12a_1260_153,"[[18, 5, 19, 6], [20, 7, 21, 8], [22, 10, 23, 9], [24, 12, 1, 11], [2, 17, 3, 18], [4, 14, 5, 13], [6, 19, 7, 20], [8, 15, 9, 16], [10, 24, 11, 23], [12, 4, 13, 3], [14, 22, 15, 21], [16, 1, 17, 2]]"
12a_1260_154,"[[16, 1, 17, 2], [18, 5, 19, 6], [20, 7, 21, 8], [22, 10, 23, 9], [24, 12, 1, 11], [2, 17, 3, 18], [4, 14, 5, 13], [6, 19, 7, 20], [8, 15, 9, 16], [10, 24, 11, 23], [12, 4, 13, 3], [14, 22, 15, 21]]"
12a_1260_155,"[[14, 22, 15, 21], [16, 1, 17, 2], [18, 5, 19, 6], [20, 7, 21, 8], [22, 10, 23, 9], [24, 12, 1, 11], [2, 17, 3, 18], [4, 14, 5, 13], [6, 19, 7, 20], [8, 15, 9, 16], [10, 24, 11, 23], [12, 4, 13, 3]]"
12a_1260_156,"[[13, 5, 14, 4], [15, 23, 16, 22], [17, 2, 18, 3], [19, 6, 20, 7], [21, 8, 22, 9], [23, 11, 24, 10], [1, 13, 2, 12], [3, 18, 4, 19], [5, 15, 6, 14], [7, 20, 8, 21], [9, 16, 10, 17], [11, 1, 12, 24]]"
12a_1260_157,"[[11, 1, 12, 24], [13, 5, 14, 4], [15, 23, 16, 22], [17, 2, 18, 3], [19, 6, 20, 7], [21, 8, 22, 9], [23, 11, 24, 10], [1, 13, 2, 12], [3, 18, 4, 19], [5, 15, 6, 14], [7, 20, 8, 21], [9, 16, 10, 17]]"
12a_1260_158,"[[9, 16, 10, 17], [11, 1, 12, 24], [13, 5, 14, 4], [15, 23, 16, 22], [17, 2, 18, 3], [19, 6, 20, 7], [21, 8, 22, 9], [23, 11, 24, 10], [1, 13, 2, 12], [3, 18, 4, 19], [5, 15, 6, 14], [7, 20, 8, 21]]"
12a_1260_159,"[[7, 20, 8, 21], [9, 16, 10, 17], [11, 1, 12, 24], [13, 5, 14, 4], [15, 23, 16, 22], [17, 2, 18, 3], [19, 6, 20, 7], [21, 8, 22, 9], [23, 11, 24, 10], [1, 13, 2, 12], [3, 18, 4, 19], [5, 15, 6, 14]]"
12a_1260_160,"[[5, 15, 6, 14], [7, 20, 8, 21], [9, 16, 10, 17], [11, 1, 12, 24], [13, 5, 14, 4], [15, 23, 16, 22], [17, 2, 18, 3], [19, 6, 20, 7], [21, 8, 22, 9], [23, 11, 24, 10], [1, 13, 2, 12], [3, 18, 4, 19]]"
12a_1260_161,"[[3, 18, 4, 19], [5, 15, 6, 14], [7, 20, 8, 21], [9, 16, 10, 17], [11, 1, 12, 24], [13, 5, 14, 4], [15, 23, 16, 22], [17, 2, 18, 3], [19, 6, 20, 7], [21, 8, 22, 9], [23, 11, 24, 10], [1, 13, 2, 12]]"
12a_1260_162,"[[1, 13, 2, 12], [3, 18, 4, 19], [5, 15, 6, 14], [7, 20, 8, 21], [9, 16, 10, 17], [11, 1, 12, 24], [13, 5, 14, 4], [15, 23, 16, 22], [17, 2, 18, 3], [19, 6, 20, 7], [21, 8, 22, 9], [23, 11, 24, 10]]"
12a_1260_163,"[[23, 11, 24, 10], [1, 13, 2, 12], [3, 18, 4, 19], [5, 15, 6, 14], [7, 20, 8, 21], [9, 16, 10, 17], [11, 1, 12, 24], [13, 5, 14, 4], [15, 23, 16, 22], [17, 2, 18, 3], [19, 6, 20, 7], [21, 8, 22, 9]]"
12a_1260_164,"[[21, 8, 22, 9], [23, 11, 24, 10], [1, 13, 2, 12], [3, 18, 4, 19], [5, 15, 6, 14], [7, 20, 8, 21], [9, 16, 10, 17], [11, 1, 12, 24], [13, 5, 14, 4], [15, 23, 16, 22], [17, 2, 18, 3], [19, 6, 20, 7]]"
12a_1260_165,"[[19, 6, 20, 7], [21, 8, 22, 9], [23, 11, 24, 10], [1, 13, 2, 12], [3, 18, 4, 19], [5, 15, 6, 14], [7, 20, 8, 21], [9, 16, 10, 17], [11, 1, 12, 24], [13, 5, 14, 4], [15, 23, 16, 22], [17, 2, 18, 3]]"
12a_1260_166,"[[17, 2, 18, 3], [19, 6, 20, 7], [21, 8, 22, 9], [23, 11, 24, 10], [1, 13, 2, 12], [3, 18, 4, 19], [5, 15, 6, 14], [7, 20, 8, 21], [9, 16, 10, 17], [11, 1, 12, 24], [13, 5, 14, 4], [15, 23, 16, 22]]"
12a_1260_167,"[[15, 23, 16, 22], [17, 2, 18, 3], [19, 6, 20, 7], [21, 8, 22, 9], [23, 11, 24, 10], [1, 13, 2, 12], [3, 18, 4, 19], [5, 15, 6, 14], [7, 20, 8, 21], [9, 16, 10, 17], [11, 1, 12, 24], [13, 5, 14, 4]]"
12a_1260_168,"[[14, 6, 15, 5], [16, 24, 17, 23], [18, 3, 19, 4], [20, 7, 21, 8], [22, 9, 23, 10], [24, 12, 1, 11], [2, 14, 3, 13], [4, 19, 5, 20], [6, 16, 7, 15], [8, 21, 9, 22], [10, 17, 11, 18], [12, 2, 13, 1]]"
12a_1260_169,"[[12, 2, 13, 1], [14, 6, 15, 5], [16, 24, 17, 23], [18, 3, 19, 4], [20, 7, 21, 8], [22, 9, 23, 10], [24, 12, 1, 11], [2, 14, 3, 13], [4, 19, 5, 20], [6, 16, 7, 15], [8, 21, 9, 22], [10, 17, 11, 18]]"
12a_1260_170,"[[10, 17, 11, 18], [12, 2, 13, 1], [14, 6, 15, 5], [16, 24, 17, 23], [18, 3, 19, 4], [20, 7, 21, 8], [22, 9, 23, 10], [24, 12, 1, 11], [2, 14, 3, 13], [4, 19, 5, 20], [6, 16, 7, 15], [8, 21, 9, 22]]"
12a_1260_171,"[[8, 21, 9, 22], [10, 17, 11, 18], [12, 2, 13, 1], [14, 6, 15, 5], [16, 24, 17, 23], [18, 3, 19, 4], [20, 7, 21, 8], [22, 9, 23, 10], [24, 12, 1, 11], [2, 14, 3, 13], [4, 19, 5, 20], [6, 16, 7, 15]]"
12a_1260_172,"[[6, 16, 7, 15], [8, 21, 9, 22], [10, 17, 11, 18], [12, 2, 13, 1], [14, 6, 15, 5], [16, 24, 17, 23], [18, 3, 19, 4], [20, 7, 21, 8], [22, 9, 23, 10], [24, 12, 1, 11], [2, 14, 3, 13], [4, 19, 5, 20]]"
12a_1260_173,"[[4, 19, 5, 20], [6, 16, 7, 15], [8, 21, 9, 22], [10, 17, 11, 18], [12, 2, 13, 1], [14, 6, 15, 5], [16, 24, 17, 23], [18, 3, 19, 4], [20, 7, 21, 8], [22, 9, 23, 10], [24, 12, 1, 11], [2, 14, 3, 13]]"
12a_1260_174,"[[2, 14, 3, 13], [4, 19, 5, 20], [6, 16, 7, 15], [8, 21, 9, 22], [10, 17, 11, 18], [12, 2, 13, 1], [14, 6, 15, 5], [16, 24, 17, 23], [18, 3, 19, 4], [20, 7, 21, 8], [22, 9, 23, 10], [24, 12, 1, 11]]"
12a_1260_175,"[[24, 12, 1, 11], [2, 14, 3, 13], [4, 19, 5, 20], [6, 16, 7, 15], [8, 21, 9, 22], [10, 17, 11, 18], [12, 2, 13, 1], [14, 6, 15, 5], [16, 24, 17, 23], [18, 3, 19, 4], [20, 7, 21, 8], [22, 9, 23, 10]]"
12a_1260_176,"[[22, 9, 23, 10], [24, 12, 1, 11], [2, 14, 3, 13], [4, 19, 5, 20], [6, 16, 7, 15], [8, 21, 9, 22], [10, 17, 11, 18], [12, 2, 13, 1], [14, 6, 15, 5], [16, 24, 17, 23], [18, 3, 19, 4], [20, 7, 21, 8]]"
12a_1260_177,"[[20, 7, 21, 8], [22, 9, 23, 10], [24, 12, 1, 11], [2, 14, 3, 13], [4, 19, 5, 20], [6, 16, 7, 15], [8, 21, 9, 22], [10, 17, 11, 18], [12, 2, 13, 1], [14, 6, 15, 5], [16, 24, 17, 23], [18, 3, 19, 4]]"
12a_1260_178,"[[18, 3, 19, 4], [20, 7, 21, 8], [22, 9, 23, 10], [24, 12, 1, 11], [2, 14, 3, 13], [4, 19, 5, 20], [6, 16, 7, 15], [8, 21, 9, 22], [10, 17, 11, 18], [12, 2, 13, 1], [14, 6, 15, 5], [16, 24, 17, 23]]"
12a_1260_179,"[[16, 24, 17, 23], [18, 3, 19, 4], [20, 7, 21, 8], [22, 9, 23, 10], [24, 12, 1, 11], [2, 14, 3, 13], [4, 19, 5, 20], [6, 16, 7, 15], [8, 21, 9, 22], [10, 17, 11, 18], [12, 2, 13, 1], [14, 6, 15, 5]]"
12a_1260_180,"[[15, 7, 16, 6], [17, 1, 18, 24], [19, 4, 20, 5], [21, 8, 22, 9], [23, 10, 24, 11], [1, 13, 2, 12], [3, 15, 4, 14], [5, 20, 6, 21], [7, 17, 8, 16], [9, 22, 10, 23], [11, 18, 12, 19], [13, 3, 14, 2]]"
12a_1260_181,"[[13, 3, 14, 2], [15, 7, 16, 6], [17, 1, 18, 24], [19, 4, 20, 5], [21, 8, 22, 9], [23, 10, 24, 11], [1, 13, 2, 12], [3, 15, 4, 14], [5, 20, 6, 21], [7, 17, 8, 16], [9, 22, 10, 23], [11, 18, 12, 19]]"
12a_1260_182,"[[11, 18, 12, 19], [13, 3, 14, 2], [15, 7, 16, 6], [17, 1, 18, 24], [19, 4, 20, 5], [21, 8, 22, 9], [23, 10, 24, 11], [1, 13, 2, 12], [3, 15, 4, 14], [5, 20, 6, 21], [7, 17, 8, 16], [9, 22, 10, 23]]"
12a_1260_183,"[[9, 22, 10, 23], [11, 18, 12, 19], [13, 3, 14, 2], [15, 7, 16, 6], [17, 1, 18, 24], [19, 4, 20, 5], [21, 8, 22, 9], [23, 10, 24, 11], [1, 13, 2, 12], [3, 15, 4, 14], [5, 20, 6, 21], [7, 17, 8, 16]]"
12a_1260_184,"[[7, 17, 8, 16], [9, 22, 10, 23], [11, 18, 12, 19], [13, 3, 14, 2], [15, 7, 16, 6], [17, 1, 18, 24], [19, 4, 20, 5], [21, 8, 22, 9], [23, 10, 24, 11], [1, 13, 2, 12], [3, 15, 4, 14], [5, 20, 6, 21]]"
12a_1260_185,"[[5, 20, 6, 21], [7, 17, 8, 16], [9, 22, 10, 23], [11, 18, 12, 19], [13, 3, 14, 2], [15, 7, 16, 6], [17, 1, 18, 24], [19, 4, 20, 5], [21, 8, 22, 9], [23, 10, 24, 11], [1, 13, 2, 12], [3, 15, 4, 14]]"
