name,pd_notation
12a_1093_0,"[[24, 17, 1, 18], [2, 8, 3, 7], [4, 14, 5, 13], [6, 19, 7, 20], [8, 2, 9, 1], [10, 23, 11, 24], [12, 4, 13, 3], [14, 22, 15, 21], [16, 12, 17, 11], [18, 9, 19, 10], [20, 5, 21, 6], [22, 16, 23, 15]]"
12a_1093_1,"[[22, 16, 23, 15], [24, 17, 1, 18], [2, 8, 3, 7], [4, 14, 5, 13], [6, 19, 7, 20], [8, 2, 9, 1], [10, 23, 11, 24], [12, 4, 13, 3], [14, 22, 15, 21], [16, 12, 17, 11], [18, 9, 19, 10], [20, 5, 21, 6]]"
12a_1093_2,"[[20, 5, 21, 6], [22, 16, 23, 15], [24, 17, 1, 18], [2, 8, 3, 7], [4, 14, 5, 13], [6, 19, 7, 20], [8, 2, 9, 1], [10, 23, 11, 24], [12, 4, 13, 3], [14, 22, 15, 21], [16, 12, 17, 11], [18, 9, 19, 10]]"
12a_1093_3,"[[18, 9, 19, 10], [20, 5, 21, 6], [22, 16, 23, 15], [24, 17, 1, 18], [2, 8, 3, 7], [4, 14, 5, 13], [6, 19, 7, 20], [8, 2, 9, 1], [10, 23, 11, 24], [12, 4, 13, 3], [14, 22, 15, 21], [16, 12, 17, 11]]"
12a_1093_4,"[[16, 12, 17, 11], [18, 9, 19, 10], [20, 5, 21, 6], [22, 16, 23, 15], [24, 17, 1, 18], [2, 8, 3, 7], [4, 14, 5, 13], [6, 19, 7, 20], [8, 2, 9, 1], [10, 23, 11, 24], [12, 4, 13, 3], [14, 22, 15, 21]]"
12a_1093_5,"[[14, 22, 15, 21], [16, 12, 17, 11], [18, 9, 19, 10], [20, 5, 21, 6], [22, 16, 23, 15], [24, 17, 1, 18], [2, 8, 3, 7], [4, 14, 5, 13], [6, 19, 7, 20], [8, 2, 9, 1], [10, 23, 11, 24], [12, 4, 13, 3]]"
12a_1093_6,"[[12, 4, 13, 3], [14, 22, 15, 21], [16, 12, 17, 11], [18, 9, 19, 10], [20, 5, 21, 6], [22, 16, 23, 15], [24, 17, 1, 18], [2, 8, 3, 7], [4, 14, 5, 13], [6, 19, 7, 20], [8, 2, 9, 1], [10, 23, 11, 24]]"
12a_1093_7,"[[10, 23, 11, 24], [12, 4, 13, 3], [14, 22, 15, 21], [16, 12, 17, 11], [18, 9, 19, 10], [20, 5, 21, 6], [22, 16, 23, 15], [24, 17, 1, 18], [2, 8, 3, 7], [4, 14, 5, 13], [6, 19, 7, 20], [8, 2, 9, 1]]"
12a_1093_8,"[[8, 2, 9, 1], [10, 23, 11, 24], [12, 4, 13, 3], [14, 22, 15, 21], [16, 12, 17, 11], [18, 9, 19, 10], [20, 5, 21, 6], [22, 16, 23, 15], [24, 17, 1, 18], [2, 8, 3, 7], [4, 14, 5, 13], [6, 19, 7, 20]]"
12a_1093_9,"[[6, 19, 7, 20], [8, 2, 9, 1], [10, 23, 11, 24], [12, 4, 13, 3], [14, 22, 15, 21], [16, 12, 17, 11], [18, 9, 19, 10], [20, 5, 21, 6], [22, 16, 23, 15], [24, 17, 1, 18], [2, 8, 3, 7], [4, 14, 5, 13]]"
12a_1093_10,"[[4, 14, 5, 13], [6, 19, 7, 20], [8, 2, 9, 1], [10, 23, 11, 24], [12, 4, 13, 3], [14, 22, 15, 21], [16, 12, 17, 11], [18, 9, 19, 10], [20, 5, 21, 6], [22, 16, 23, 15], [24, 17, 1, 18], [2, 8, 3, 7]]"
12a_1093_11,"[[2, 8, 3, 7], [4, 14, 5, 13], [6, 19, 7, 20], [8, 2, 9, 1], [10, 23, 11, 24], [12, 4, 13, 3], [14, 22, 15, 21], [16, 12, 17, 11], [18, 9, 19, 10], [20, 5, 21, 6], [22, 16, 23, 15], [24, 17, 1, 18]]"
12a_1093_12,"[[1, 18, 2, 19], [3, 9, 4, 8], [5, 15, 6, 14], [7, 20, 8, 21], [9, 3, 10, 2], [11, 24, 12, 1], [13, 5, 14, 4], [15, 23, 16, 22], [17, 13, 18, 12], [19, 10, 20, 11], [21, 6, 22, 7], [23, 17, 24, 16]]"
12a_1093_13,"[[23, 17, 24, 16], [1, 18, 2, 19], [3, 9, 4, 8], [5, 15, 6, 14], [7, 20, 8, 21], [9, 3, 10, 2], [11, 24, 12, 1], [13, 5, 14, 4], [15, 23, 16, 22], [17, 13, 18, 12], [19, 10, 20, 11], [21, 6, 22, 7]]"
12a_1093_14,"[[21, 6, 22, 7], [23, 17, 24, 16], [1, 18, 2, 19], [3, 9, 4, 8], [5, 15, 6, 14], [7, 20, 8, 21], [9, 3, 10, 2], [11, 24, 12, 1], [13, 5, 14, 4], [15, 23, 16, 22], [17, 13, 18, 12], [19, 10, 20, 11]]"
12a_1093_15,"[[19, 10, 20, 11], [21, 6, 22, 7], [23, 17, 24, 16], [1, 18, 2, 19], [3, 9, 4, 8], [5, 15, 6, 14], [7, 20, 8, 21], [9, 3, 10, 2], [11, 24, 12, 1], [13, 5, 14, 4], [15, 23, 16, 22], [17, 13, 18, 12]]"
12a_1093_16,"[[17, 13, 18, 12], [19, 10, 20, 11], [21, 6, 22, 7], [23, 17, 24, 16], [1, 18, 2, 19], [3, 9, 4, 8], [5, 15, 6, 14], [7, 20, 8, 21], [9, 3, 10, 2], [11, 24, 12, 1], [13, 5, 14, 4], [15, 23, 16, 22]]"
12a_1093_17,"[[15, 23, 16, 22], [17, 13, 18, 12], [19, 10, 20, 11], [21, 6, 22, 7], [23, 17, 24, 16], [1, 18, 2, 19], [3, 9, 4, 8], [5, 15, 6, 14], [7, 20, 8, 21], [9, 3, 10, 2], [11, 24, 12, 1], [13, 5, 14, 4]]"
12a_1093_18,"[[13, 5, 14, 4], [15, 23, 16, 22], [17, 13, 18, 12], [19, 10, 20, 11], [21, 6, 22, 7], [23, 17, 24, 16], [1, 18, 2, 19], [3, 9, 4, 8], [5, 15, 6, 14], [7, 20, 8, 21], [9, 3, 10, 2], [11, 24, 12, 1]]"
12a_1093_19,"[[11, 24, 12, 1], [13, 5, 14, 4], [15, 23, 16, 22], [17, 13, 18, 12], [19, 10, 20, 11], [21, 6, 22, 7], [23, 17, 24, 16], [1, 18, 2, 19], [3, 9, 4, 8], [5, 15, 6, 14], [7, 20, 8, 21], [9, 3, 10, 2]]"
12a_1093_20,"[[9, 3, 10, 2], [11, 24, 12, 1], [13, 5, 14, 4], [15, 23, 16, 22], [17, 13, 18, 12], [19, 10, 20, 11], [21, 6, 22, 7], [23, 17, 24, 16], [1, 18, 2, 19], [3, 9, 4, 8], [5, 15, 6, 14], [7, 20, 8, 21]]"
12a_1093_21,"[[7, 20, 8, 21], [9, 3, 10, 2], [11, 24, 12, 1], [13, 5, 14, 4], [15, 23, 16, 22], [17, 13, 18, 12], [19, 10, 20, 11], [21, 6, 22, 7], [23, 17, 24, 16], [1, 18, 2, 19], [3, 9, 4, 8], [5, 15, 6, 14]]"
12a_1093_22,"[[5, 15, 6, 14], [7, 20, 8, 21], [9, 3, 10, 2], [11, 24, 12, 1], [13, 5, 14, 4], [15, 23, 16, 22], [17, 13, 18, 12], [19, 10, 20, 11], [21, 6, 22, 7], [23, 17, 24, 16], [1, 18, 2, 19], [3, 9, 4, 8]]"
12a_1093_23,"[[3, 9, 4, 8], [5, 15, 6, 14], [7, 20, 8, 21], [9, 3, 10, 2], [11, 24, 12, 1], [13, 5, 14, 4], [15, 23, 16, 22], [17, 13, 18, 12], [19, 10, 20, 11], [21, 6, 22, 7], [23, 17, 24, 16], [1, 18, 2, 19]]"
12a_1093_24,"[[2, 19, 3, 20], [4, 10, 5, 9], [6, 16, 7, 15], [8, 21, 9, 22], [10, 4, 11, 3], [12, 1, 13, 2], [14, 6, 15, 5], [16, 24, 17, 23], [18, 14, 19, 13], [20, 11, 21, 12], [22, 7, 23, 8], [24, 18, 1, 17]]"
12a_1093_25,"[[24, 18, 1, 17], [2, 19, 3, 20], [4, 10, 5, 9], [6, 16, 7, 15], [8, 21, 9, 22], [10, 4, 11, 3], [12, 1, 13, 2], [14, 6, 15, 5], [16, 24, 17, 23], [18, 14, 19, 13], [20, 11, 21, 12], [22, 7, 23, 8]]"
12a_1093_26,"[[22, 7, 23, 8], [24, 18, 1, 17], [2, 19, 3, 20], [4, 10, 5, 9], [6, 16, 7, 15], [8, 21, 9, 22], [10, 4, 11, 3], [12, 1, 13, 2], [14, 6, 15, 5], [16, 24, 17, 23], [18, 14, 19, 13], [20, 11, 21, 12]]"
12a_1093_27,"[[20, 11, 21, 12], [22, 7, 23, 8], [24, 18, 1, 17], [2, 19, 3, 20], [4, 10, 5, 9], [6, 16, 7, 15], [8, 21, 9, 22], [10, 4, 11, 3], [12, 1, 13, 2], [14, 6, 15, 5], [16, 24, 17, 23], [18, 14, 19, 13]]"
12a_1093_28,"[[18, 14, 19, 13], [20, 11, 21, 12], [22, 7, 23, 8], [24, 18, 1, 17], [2, 19, 3, 20], [4, 10, 5, 9], [6, 16, 7, 15], [8, 21, 9, 22], [10, 4, 11, 3], [12, 1, 13, 2], [14, 6, 15, 5], [16, 24, 17, 23]]"
12a_1093_29,"[[16, 24, 17, 23], [18, 14, 19, 13], [20, 11, 21, 12], [22, 7, 23, 8], [24, 18, 1, 17], [2, 19, 3, 20], [4, 10, 5, 9], [6, 16, 7, 15], [8, 21, 9, 22], [10, 4, 11, 3], [12, 1, 13, 2], [14, 6, 15, 5]]"
12a_1093_30,"[[14, 6, 15, 5], [16, 24, 17, 23], [18, 14, 19, 13], [20, 11, 21, 12], [22, 7, 23, 8], [24, 18, 1, 17], [2, 19, 3, 20], [4, 10, 5, 9], [6, 16, 7, 15], [8, 21, 9, 22], [10, 4, 11, 3], [12, 1, 13, 2]]"
12a_1093_31,"[[12, 1, 13, 2], [14, 6, 15, 5], [16, 24, 17, 23], [18, 14, 19, 13], [20, 11, 21, 12], [22, 7, 23, 8], [24, 18, 1, 17], [2, 19, 3, 20], [4, 10, 5, 9], [6, 16, 7, 15], [8, 21, 9, 22], [10, 4, 11, 3]]"
12a_1093_32,"[[10, 4, 11, 3], [12, 1, 13, 2], [14, 6, 15, 5], [16, 24, 17, 23], [18, 14, 19, 13], [20, 11, 21, 12], [22, 7, 23, 8], [24, 18, 1, 17], [2, 19, 3, 20], [4, 10, 5, 9], [6, 16, 7, 15], [8, 21, 9, 22]]"
12a_1093_33,"[[8, 21, 9, 22], [10, 4, 11, 3], [12, 1, 13, 2], [14, 6, 15, 5], [16, 24, 17, 23], [18, 14, 19, 13], [20, 11, 21, 12], [22, 7, 23, 8], [24, 18, 1, 17], [2, 19, 3, 20], [4, 10, 5, 9], [6, 16, 7, 15]]"
12a_1093_34,"[[6, 16, 7, 15], [8, 21, 9, 22], [10, 4, 11, 3], [12, 1, 13, 2], [14, 6, 15, 5], [16, 24, 17, 23], [18, 14, 19, 13], [20, 11, 21, 12], [22, 7, 23, 8], [24, 18, 1, 17], [2, 19, 3, 20], [4, 10, 5, 9]]"
12a_1093_35,"[[4, 10, 5, 9], [6, 16, 7, 15], [8, 21, 9, 22], [10, 4, 11, 3], [12, 1, 13, 2], [14, 6, 15, 5], [16, 24, 17, 23], [18, 14, 19, 13], [20, 11, 21, 12], [22, 7, 23, 8], [24, 18, 1, 17], [2, 19, 3, 20]]"
12a_1093_36,"[[3, 20, 4, 21], [5, 11, 6, 10], [7, 17, 8, 16], [9, 22, 10, 23], [11, 5, 12, 4], [13, 2, 14, 3], [15, 7, 16, 6], [17, 1, 18, 24], [19, 15, 20, 14], [21, 12, 22, 13], [23, 8, 24, 9], [1, 19, 2, 18]]"
12a_1093_37,"[[1, 19, 2, 18], [3, 20, 4, 21], [5, 11, 6, 10], [7, 17, 8, 16], [9, 22, 10, 23], [11, 5, 12, 4], [13, 2, 14, 3], [15, 7, 16, 6], [17, 1, 18, 24], [19, 15, 20, 14], [21, 12, 22, 13], [23, 8, 24, 9]]"
12a_1093_38,"[[23, 8, 24, 9], [1, 19, 2, 18], [3, 20, 4, 21], [5, 11, 6, 10], [7, 17, 8, 16], [9, 22, 10, 23], [11, 5, 12, 4], [13, 2, 14, 3], [15, 7, 16, 6], [17, 1, 18, 24], [19, 15, 20, 14], [21, 12, 22, 13]]"
12a_1093_39,"[[21, 12, 22, 13], [23, 8, 24, 9], [1, 19, 2, 18], [3, 20, 4, 21], [5, 11, 6, 10], [7, 17, 8, 16], [9, 22, 10, 23], [11, 5, 12, 4], [13, 2, 14, 3], [15, 7, 16, 6], [17, 1, 18, 24], [19, 15, 20, 14]]"
12a_1093_40,"[[19, 15, 20, 14], [21, 12, 22, 13], [23, 8, 24, 9], [1, 19, 2, 18], [3, 20, 4, 21], [5, 11, 6, 10], [7, 17, 8, 16], [9, 22, 10, 23], [11, 5, 12, 4], [13, 2, 14, 3], [15, 7, 16, 6], [17, 1, 18, 24]]"
12a_1093_41,"[[17, 1, 18, 24], [19, 15, 20, 14], [21, 12, 22, 13], [23, 8, 24, 9], [1, 19, 2, 18], [3, 20, 4, 21], [5, 11, 6, 10], [7, 17, 8, 16], [9, 22, 10, 23], [11, 5, 12, 4], [13, 2, 14, 3], [15, 7, 16, 6]]"
12a_1093_42,"[[15, 7, 16, 6], [17, 1, 18, 24], [19, 15, 20, 14], [21, 12, 22, 13], [23, 8, 24, 9], [1, 19, 2, 18], [3, 20, 4, 21], [5, 11, 6, 10], [7, 17, 8, 16], [9, 22, 10, 23], [11, 5, 12, 4], [13, 2, 14, 3]]"
12a_1093_43,"[[13, 2, 14, 3], [15, 7, 16, 6], [17, 1, 18, 24], [19, 15, 20, 14], [21, 12, 22, 13], [23, 8, 24, 9], [1, 19, 2, 18], [3, 20, 4, 21], [5, 11, 6, 10], [7, 17, 8, 16], [9, 22, 10, 23], [11, 5, 12, 4]]"
12a_1093_44,"[[11, 5, 12, 4], [13, 2, 14, 3], [15, 7, 16, 6], [17, 1, 18, 24], [19, 15, 20, 14], [21, 12, 22, 13], [23, 8, 24, 9], [1, 19, 2, 18], [3, 20, 4, 21], [5, 11, 6, 10], [7, 17, 8, 16], [9, 22, 10, 23]]"
12a_1093_45,"[[9, 22, 10, 23], [11, 5, 12, 4], [13, 2, 14, 3], [15, 7, 16, 6], [17, 1, 18, 24], [19, 15, 20, 14], [21, 12, 22, 13], [23, 8, 24, 9], [1, 19, 2, 18], [3, 20, 4, 21], [5, 11, 6, 10], [7, 17, 8, 16]]"
12a_1093_46,"[[7, 17, 8, 16], [9, 22, 10, 23], [11, 5, 12, 4], [13, 2, 14, 3], [15, 7, 16, 6], [17, 1, 18, 24], [19, 15, 20, 14], [21, 12, 22, 13], [23, 8, 24, 9], [1, 19, 2, 18], [3, 20, 4, 21], [5, 11, 6, 10]]"
12a_1093_47,"[[5, 11, 6, 10], [7, 17, 8, 16], [9, 22, 10, 23], [11, 5, 12, 4], [13, 2, 14, 3], [15, 7, 16, 6], [17, 1, 18, 24], [19, 15, 20, 14], [21, 12, 22, 13], [23, 8, 24, 9], [1, 19, 2, 18], [3, 20, 4, 21]]"
12a_1093_48,"[[4, 21, 5, 22], [6, 12, 7, 11], [8, 18, 9, 17], [10, 23, 11, 24], [12, 6, 13, 5], [14, 3, 15, 4], [16, 8, 17, 7], [18, 2, 19, 1], [20, 16, 21, 15], [22, 13, 23, 14], [24, 9, 1, 10], [2, 20, 3, 19]]"
12a_1093_49,"[[2, 20, 3, 19], [4, 21, 5, 22], [6, 12, 7, 11], [8, 18, 9, 17], [10, 23, 11, 24], [12, 6, 13, 5], [14, 3, 15, 4], [16, 8, 17, 7], [18, 2, 19, 1], [20, 16, 21, 15], [22, 13, 23, 14], [24, 9, 1, 10]]"
12a_1093_50,"[[24, 9, 1, 10], [2, 20, 3, 19], [4, 21, 5, 22], [6, 12, 7, 11], [8, 18, 9, 17], [10, 23, 11, 24], [12, 6, 13, 5], [14, 3, 15, 4], [16, 8, 17, 7], [18, 2, 19, 1], [20, 16, 21, 15], [22, 13, 23, 14]]"
12a_1093_51,"[[22, 13, 23, 14], [24, 9, 1, 10], [2, 20, 3, 19], [4, 21, 5, 22], [6, 12, 7, 11], [8, 18, 9, 17], [10, 23, 11, 24], [12, 6, 13, 5], [14, 3, 15, 4], [16, 8, 17, 7], [18, 2, 19, 1], [20, 16, 21, 15]]"
12a_1093_52,"[[20, 16, 21, 15], [22, 13, 23, 14], [24, 9, 1, 10], [2, 20, 3, 19], [4, 21, 5, 22], [6, 12, 7, 11], [8, 18, 9, 17], [10, 23, 11, 24], [12, 6, 13, 5], [14, 3, 15, 4], [16, 8, 17, 7], [18, 2, 19, 1]]"
12a_1093_53,"[[18, 2, 19, 1], [20, 16, 21, 15], [22, 13, 23, 14], [24, 9, 1, 10], [2, 20, 3, 19], [4, 21, 5, 22], [6, 12, 7, 11], [8, 18, 9, 17], [10, 23, 11, 24], [12, 6, 13, 5], [14, 3, 15, 4], [16, 8, 17, 7]]"
12a_1093_54,"[[16, 8, 17, 7], [18, 2, 19, 1], [20, 16, 21, 15], [22, 13, 23, 14], [24, 9, 1, 10], [2, 20, 3, 19], [4, 21, 5, 22], [6, 12, 7, 11], [8, 18, 9, 17], [10, 23, 11, 24], [12, 6, 13, 5], [14, 3, 15, 4]]"
12a_1093_55,"[[14, 3, 15, 4], [16, 8, 17, 7], [18, 2, 19, 1], [20, 16, 21, 15], [22, 13, 23, 14], [24, 9, 1, 10], [2, 20, 3, 19], [4, 21, 5, 22], [6, 12, 7, 11], [8, 18, 9, 17], [10, 23, 11, 24], [12, 6, 13, 5]]"
12a_1093_56,"[[12, 6, 13, 5], [14, 3, 15, 4], [16, 8, 17, 7], [18, 2, 19, 1], [20, 16, 21, 15], [22, 13, 23, 14], [24, 9, 1, 10], [2, 20, 3, 19], [4, 21, 5, 22], [6, 12, 7, 11], [8, 18, 9, 17], [10, 23, 11, 24]]"
12a_1093_57,"[[10, 23, 11, 24], [12, 6, 13, 5], [14, 3, 15, 4], [16, 8, 17, 7], [18, 2, 19, 1], [20, 16, 21, 15], [22, 13, 23, 14], [24, 9, 1, 10], [2, 20, 3, 19], [4, 21, 5, 22], [6, 12, 7, 11], [8, 18, 9, 17]]"
12a_1093_58,"[[8, 18, 9, 17], [10, 23, 11, 24], [12, 6, 13, 5], [14, 3, 15, 4], [16, 8, 17, 7], [18, 2, 19, 1], [20, 16, 21, 15], [22, 13, 23, 14], [24, 9, 1, 10], [2, 20, 3, 19], [4, 21, 5, 22], [6, 12, 7, 11]]"
12a_1093_59,"[[6, 12, 7, 11], [8, 18, 9, 17], [10, 23, 11, 24], [12, 6, 13, 5], [14, 3, 15, 4], [16, 8, 17, 7], [18, 2, 19, 1], [20, 16, 21, 15], [22, 13, 23, 14], [24, 9, 1, 10], [2, 20, 3, 19], [4, 21, 5, 22]]"
12a_1093_60,"[[5, 22, 6, 23], [7, 13, 8, 12], [9, 19, 10, 18], [11, 24, 12, 1], [13, 7, 14, 6], [15, 4, 16, 5], [17, 9, 18, 8], [19, 3, 20, 2], [21, 17, 22, 16], [23, 14, 24, 15], [1, 10, 2, 11], [3, 21, 4, 20]]"
12a_1093_61,"[[3, 21, 4, 20], [5, 22, 6, 23], [7, 13, 8, 12], [9, 19, 10, 18], [11, 24, 12, 1], [13, 7, 14, 6], [15, 4, 16, 5], [17, 9, 18, 8], [19, 3, 20, 2], [21, 17, 22, 16], [23, 14, 24, 15], [1, 10, 2, 11]]"
12a_1093_62,"[[1, 10, 2, 11], [3, 21, 4, 20], [5, 22, 6, 23], [7, 13, 8, 12], [9, 19, 10, 18], [11, 24, 12, 1], [13, 7, 14, 6], [15, 4, 16, 5], [17, 9, 18, 8], [19, 3, 20, 2], [21, 17, 22, 16], [23, 14, 24, 15]]"
12a_1093_63,"[[23, 14, 24, 15], [1, 10, 2, 11], [3, 21, 4, 20], [5, 22, 6, 23], [7, 13, 8, 12], [9, 19, 10, 18], [11, 24, 12, 1], [13, 7, 14, 6], [15, 4, 16, 5], [17, 9, 18, 8], [19, 3, 20, 2], [21, 17, 22, 16]]"
12a_1093_64,"[[21, 17, 22, 16], [23, 14, 24, 15], [1, 10, 2, 11], [3, 21, 4, 20], [5, 22, 6, 23], [7, 13, 8, 12], [9, 19, 10, 18], [11, 24, 12, 1], [13, 7, 14, 6], [15, 4, 16, 5], [17, 9, 18, 8], [19, 3, 20, 2]]"
12a_1093_65,"[[19, 3, 20, 2], [21, 17, 22, 16], [23, 14, 24, 15], [1, 10, 2, 11], [3, 21, 4, 20], [5, 22, 6, 23], [7, 13, 8, 12], [9, 19, 10, 18], [11, 24, 12, 1], [13, 7, 14, 6], [15, 4, 16, 5], [17, 9, 18, 8]]"
12a_1093_66,"[[17, 9, 18, 8], [19, 3, 20, 2], [21, 17, 22, 16], [23, 14, 24, 15], [1, 10, 2, 11], [3, 21, 4, 20], [5, 22, 6, 23], [7, 13, 8, 12], [9, 19, 10, 18], [11, 24, 12, 1], [13, 7, 14, 6], [15, 4, 16, 5]]"
12a_1093_67,"[[15, 4, 16, 5], [17, 9, 18, 8], [19, 3, 20, 2], [21, 17, 22, 16], [23, 14, 24, 15], [1, 10, 2, 11], [3, 21, 4, 20], [5, 22, 6, 23], [7, 13, 8, 12], [9, 19, 10, 18], [11, 24, 12, 1], [13, 7, 14, 6]]"
12a_1093_68,"[[13, 7, 14, 6], [15, 4, 16, 5], [17, 9, 18, 8], [19, 3, 20, 2], [21, 17, 22, 16], [23, 14, 24, 15], [1, 10, 2, 11], [3, 21, 4, 20], [5, 22, 6, 23], [7, 13, 8, 12], [9, 19, 10, 18], [11, 24, 12, 1]]"
12a_1093_69,"[[11, 24, 12, 1], [13, 7, 14, 6], [15, 4, 16, 5], [17, 9, 18, 8], [19, 3, 20, 2], [21, 17, 22, 16], [23, 14, 24, 15], [1, 10, 2, 11], [3, 21, 4, 20], [5, 22, 6, 23], [7, 13, 8, 12], [9, 19, 10, 18]]"
12a_1093_70,"[[9, 19, 10, 18], [11, 24, 12, 1], [13, 7, 14, 6], [15, 4, 16, 5], [17, 9, 18, 8], [19, 3, 20, 2], [21, 17, 22, 16], [23, 14, 24, 15], [1, 10, 2, 11], [3, 21, 4, 20], [5, 22, 6, 23], [7, 13, 8, 12]]"
12a_1093_71,"[[7, 13, 8, 12], [9, 19, 10, 18], [11, 24, 12, 1], [13, 7, 14, 6], [15, 4, 16, 5], [17, 9, 18, 8], [19, 3, 20, 2], [21, 17, 22, 16], [23, 14, 24, 15], [1, 10, 2, 11], [3, 21, 4, 20], [5, 22, 6, 23]]"
12a_1093_72,"[[6, 23, 7, 24], [8, 14, 9, 13], [10, 20, 11, 19], [12, 1, 13, 2], [14, 8, 15, 7], [16, 5, 17, 6], [18, 10, 19, 9], [20, 4, 21, 3], [22, 18, 23, 17], [24, 15, 1, 16], [2, 11, 3, 12], [4, 22, 5, 21]]"
12a_1093_73,"[[4, 22, 5, 21], [6, 23, 7, 24], [8, 14, 9, 13], [10, 20, 11, 19], [12, 1, 13, 2], [14, 8, 15, 7], [16, 5, 17, 6], [18, 10, 19, 9], [20, 4, 21, 3], [22, 18, 23, 17], [24, 15, 1, 16], [2, 11, 3, 12]]"
12a_1093_74,"[[2, 11, 3, 12], [4, 22, 5, 21], [6, 23, 7, 24], [8, 14, 9, 13], [10, 20, 11, 19], [12, 1, 13, 2], [14, 8, 15, 7], [16, 5, 17, 6], [18, 10, 19, 9], [20, 4, 21, 3], [22, 18, 23, 17], [24, 15, 1, 16]]"
12a_1093_75,"[[24, 15, 1, 16], [2, 11, 3, 12], [4, 22, 5, 21], [6, 23, 7, 24], [8, 14, 9, 13], [10, 20, 11, 19], [12, 1, 13, 2], [14, 8, 15, 7], [16, 5, 17, 6], [18, 10, 19, 9], [20, 4, 21, 3], [22, 18, 23, 17]]"
12a_1093_76,"[[22, 18, 23, 17], [24, 15, 1, 16], [2, 11, 3, 12], [4, 22, 5, 21], [6, 23, 7, 24], [8, 14, 9, 13], [10, 20, 11, 19], [12, 1, 13, 2], [14, 8, 15, 7], [16, 5, 17, 6], [18, 10, 19, 9], [20, 4, 21, 3]]"
12a_1093_77,"[[20, 4, 21, 3], [22, 18, 23, 17], [24, 15, 1, 16], [2, 11, 3, 12], [4, 22, 5, 21], [6, 23, 7, 24], [8, 14, 9, 13], [10, 20, 11, 19], [12, 1, 13, 2], [14, 8, 15, 7], [16, 5, 17, 6], [18, 10, 19, 9]]"
12a_1093_78,"[[18, 10, 19, 9], [20, 4, 21, 3], [22, 18, 23, 17], [24, 15, 1, 16], [2, 11, 3, 12], [4, 22, 5, 21], [6, 23, 7, 24], [8, 14, 9, 13], [10, 20, 11, 19], [12, 1, 13, 2], [14, 8, 15, 7], [16, 5, 17, 6]]"
12a_1093_79,"[[16, 5, 17, 6], [18, 10, 19, 9], [20, 4, 21, 3], [22, 18, 23, 17], [24, 15, 1, 16], [2, 11, 3, 12], [4, 22, 5, 21], [6, 23, 7, 24], [8, 14, 9, 13], [10, 20, 11, 19], [12, 1, 13, 2], [14, 8, 15, 7]]"
12a_1093_80,"[[14, 8, 15, 7], [16, 5, 17, 6], [18, 10, 19, 9], [20, 4, 21, 3], [22, 18, 23, 17], [24, 15, 1, 16], [2, 11, 3, 12], [4, 22, 5, 21], [6, 23, 7, 24], [8, 14, 9, 13], [10, 20, 11, 19], [12, 1, 13, 2]]"
12a_1093_81,"[[12, 1, 13, 2], [14, 8, 15, 7], [16, 5, 17, 6], [18, 10, 19, 9], [20, 4, 21, 3], [22, 18, 23, 17], [24, 15, 1, 16], [2, 11, 3, 12], [4, 22, 5, 21], [6, 23, 7, 24], [8, 14, 9, 13], [10, 20, 11, 19]]"
12a_1093_82,"[[10, 20, 11, 19], [12, 1, 13, 2], [14, 8, 15, 7], [16, 5, 17, 6], [18, 10, 19, 9], [20, 4, 21, 3], [22, 18, 23, 17], [24, 15, 1, 16], [2, 11, 3, 12], [4, 22, 5, 21], [6, 23, 7, 24], [8, 14, 9, 13]]"
12a_1093_83,"[[8, 14, 9, 13], [10, 20, 11, 19], [12, 1, 13, 2], [14, 8, 15, 7], [16, 5, 17, 6], [18, 10, 19, 9], [20, 4, 21, 3], [22, 18, 23, 17], [24, 15, 1, 16], [2, 11, 3, 12], [4, 22, 5, 21], [6, 23, 7, 24]]"
12a_1093_84,"[[7, 24, 8, 1], [9, 15, 10, 14], [11, 21, 12, 20], [13, 2, 14, 3], [15, 9, 16, 8], [17, 6, 18, 7], [19, 11, 20, 10], [21, 5, 22, 4], [23, 19, 24, 18], [1, 16, 2, 17], [3, 12, 4, 13], [5, 23, 6, 22]]"
12a_1093_85,"[[5, 23, 6, 22], [7, 24, 8, 1], [9, 15, 10, 14], [11, 21, 12, 20], [13, 2, 14, 3], [15, 9, 16, 8], [17, 6, 18, 7], [19, 11, 20, 10], [21, 5, 22, 4], [23, 19, 24, 18], [1, 16, 2, 17], [3, 12, 4, 13]]"
12a_1093_86,"[[3, 12, 4, 13], [5, 23, 6, 22], [7, 24, 8, 1], [9, 15, 10, 14], [11, 21, 12, 20], [13, 2, 14, 3], [15, 9, 16, 8], [17, 6, 18, 7], [19, 11, 20, 10], [21, 5, 22, 4], [23, 19, 24, 18], [1, 16, 2, 17]]"
12a_1093_87,"[[1, 16, 2, 17], [3, 12, 4, 13], [5, 23, 6, 22], [7, 24, 8, 1], [9, 15, 10, 14], [11, 21, 12, 20], [13, 2, 14, 3], [15, 9, 16, 8], [17, 6, 18, 7], [19, 11, 20, 10], [21, 5, 22, 4], [23, 19, 24, 18]]"
12a_1093_88,"[[23, 19, 24, 18], [1, 16, 2, 17], [3, 12, 4, 13], [5, 23, 6, 22], [7, 24, 8, 1], [9, 15, 10, 14], [11, 21, 12, 20], [13, 2, 14, 3], [15, 9, 16, 8], [17, 6, 18, 7], [19, 11, 20, 10], [21, 5, 22, 4]]"
12a_1093_89,"[[21, 5, 22, 4], [23, 19, 24, 18], [1, 16, 2, 17], [3, 12, 4, 13], [5, 23, 6, 22], [7, 24, 8, 1], [9, 15, 10, 14], [11, 21, 12, 20], [13, 2, 14, 3], [15, 9, 16, 8], [17, 6, 18, 7], [19, 11, 20, 10]]"
12a_1093_90,"[[19, 11, 20, 10], [21, 5, 22, 4], [23, 19, 24, 18], [1, 16, 2, 17], [3, 12, 4, 13], [5, 23, 6, 22], [7, 24, 8, 1], [9, 15, 10, 14], [11, 21, 12, 20], [13, 2, 14, 3], [15, 9, 16, 8], [17, 6, 18, 7]]"
12a_1093_91,"[[17, 6, 18, 7], [19, 11, 20, 10], [21, 5, 22, 4], [23, 19, 24, 18], [1, 16, 2, 17], [3, 12, 4, 13], [5, 23, 6, 22], [7, 24, 8, 1], [9, 15, 10, 14], [11, 21, 12, 20], [13, 2, 14, 3], [15, 9, 16, 8]]"
12a_1093_92,"[[15, 9, 16, 8], [17, 6, 18, 7], [19, 11, 20, 10], [21, 5, 22, 4], [23, 19, 24, 18], [1, 16, 2, 17], [3, 12, 4, 13], [5, 23, 6, 22], [7, 24, 8, 1], [9, 15, 10, 14], [11, 21, 12, 20], [13, 2, 14, 3]]"
12a_1093_93,"[[13, 2, 14, 3], [15, 9, 16, 8], [17, 6, 18, 7], [19, 11, 20, 10], [21, 5, 22, 4], [23, 19, 24, 18], [1, 16, 2, 17], [3, 12, 4, 13], [5, 23, 6, 22], [7, 24, 8, 1], [9, 15, 10, 14], [11, 21, 12, 20]]"
12a_1093_94,"[[11, 21, 12, 20], [13, 2, 14, 3], [15, 9, 16, 8], [17, 6, 18, 7], [19, 11, 20, 10], [21, 5, 22, 4], [23, 19, 24, 18], [1, 16, 2, 17], [3, 12, 4, 13], [5, 23, 6, 22], [7, 24, 8, 1], [9, 15, 10, 14]]"
12a_1093_95,"[[9, 15, 10, 14], [11, 21, 12, 20], [13, 2, 14, 3], [15, 9, 16, 8], [17, 6, 18, 7], [19, 11, 20, 10], [21, 5, 22, 4], [23, 19, 24, 18], [1, 16, 2, 17], [3, 12, 4, 13], [5, 23, 6, 22], [7, 24, 8, 1]]"
12a_1093_96,"[[8, 1, 9, 2], [10, 16, 11, 15], [12, 22, 13, 21], [14, 3, 15, 4], [16, 10, 17, 9], [18, 7, 19, 8], [20, 12, 21, 11], [22, 6, 23, 5], [24, 20, 1, 19], [2, 17, 3, 18], [4, 13, 5, 14], [6, 24, 7, 23]]"
12a_1093_97,"[[6, 24, 7, 23], [8, 1, 9, 2], [10, 16, 11, 15], [12, 22, 13, 21], [14, 3, 15, 4], [16, 10, 17, 9], [18, 7, 19, 8], [20, 12, 21, 11], [22, 6, 23, 5], [24, 20, 1, 19], [2, 17, 3, 18], [4, 13, 5, 14]]"
12a_1093_98,"[[4, 13, 5, 14], [6, 24, 7, 23], [8, 1, 9, 2], [10, 16, 11, 15], [12, 22, 13, 21], [14, 3, 15, 4], [16, 10, 17, 9], [18, 7, 19, 8], [20, 12, 21, 11], [22, 6, 23, 5], [24, 20, 1, 19], [2, 17, 3, 18]]"
12a_1093_99,"[[2, 17, 3, 18], [4, 13, 5, 14], [6, 24, 7, 23], [8, 1, 9, 2], [10, 16, 11, 15], [12, 22, 13, 21], [14, 3, 15, 4], [16, 10, 17, 9], [18, 7, 19, 8], [20, 12, 21, 11], [22, 6, 23, 5], [24, 20, 1, 19]]"
12a_1093_100,"[[24, 20, 1, 19], [2, 17, 3, 18], [4, 13, 5, 14], [6, 24, 7, 23], [8, 1, 9, 2], [10, 16, 11, 15], [12, 22, 13, 21], [14, 3, 15, 4], [16, 10, 17, 9], [18, 7, 19, 8], [20, 12, 21, 11], [22, 6, 23, 5]]"
12a_1093_101,"[[22, 6, 23, 5], [24, 20, 1, 19], [2, 17, 3, 18], [4, 13, 5, 14], [6, 24, 7, 23], [8, 1, 9, 2], [10, 16, 11, 15], [12, 22, 13, 21], [14, 3, 15, 4], [16, 10, 17, 9], [18, 7, 19, 8], [20, 12, 21, 11]]"
12a_1093_102,"[[20, 12, 21, 11], [22, 6, 23, 5], [24, 20, 1, 19], [2, 17, 3, 18], [4, 13, 5, 14], [6, 24, 7, 23], [8, 1, 9, 2], [10, 16, 11, 15], [12, 22, 13, 21], [14, 3, 15, 4], [16, 10, 17, 9], [18, 7, 19, 8]]"
12a_1093_103,"[[18, 7, 19, 8], [20, 12, 21, 11], [22, 6, 23, 5], [24, 20, 1, 19], [2, 17, 3, 18], [4, 13, 5, 14], [6, 24, 7, 23], [8, 1, 9, 2], [10, 16, 11, 15], [12, 22, 13, 21], [14, 3, 15, 4], [16, 10, 17, 9]]"
12a_1093_104,"[[16, 10, 17, 9], [18, 7, 19, 8], [20, 12, 21, 11], [22, 6, 23, 5], [24, 20, 1, 19], [2, 17, 3, 18], [4, 13, 5, 14], [6, 24, 7, 23], [8, 1, 9, 2], [10, 16, 11, 15], [12, 22, 13, 21], [14, 3, 15, 4]]"
12a_1093_105,"[[14, 3, 15, 4], [16, 10, 17, 9], [18, 7, 19, 8], [20, 12, 21, 11], [22, 6, 23, 5], [24, 20, 1, 19], [2, 17, 3, 18], [4, 13, 5, 14], [6, 24, 7, 23], [8, 1, 9, 2], [10, 16, 11, 15], [12, 22, 13, 21]]"
12a_1093_106,"[[12, 22, 13, 21], [14, 3, 15, 4], [16, 10, 17, 9], [18, 7, 19, 8], [20, 12, 21, 11], [22, 6, 23, 5], [24, 20, 1, 19], [2, 17, 3, 18], [4, 13, 5, 14], [6, 24, 7, 23], [8, 1, 9, 2], [10, 16, 11, 15]]"
12a_1093_107,"[[10, 16, 11, 15], [12, 22, 13, 21], [14, 3, 15, 4], [16, 10, 17, 9], [18, 7, 19, 8], [20, 12, 21, 11], [22, 6, 23, 5], [24, 20, 1, 19], [2, 17, 3, 18], [4, 13, 5, 14], [6, 24, 7, 23], [8, 1, 9, 2]]"
12a_1093_108,"[[9, 2, 10, 3], [11, 17, 12, 16], [13, 23, 14, 22], [15, 4, 16, 5], [17, 11, 18, 10], [19, 8, 20, 9], [21, 13, 22, 12], [23, 7, 24, 6], [1, 21, 2, 20], [3, 18, 4, 19], [5, 14, 6, 15], [7, 1, 8, 24]]"
12a_1093_109,"[[7, 1, 8, 24], [9, 2, 10, 3], [11, 17, 12, 16], [13, 23, 14, 22], [15, 4, 16, 5], [17, 11, 18, 10], [19, 8, 20, 9], [21, 13, 22, 12], [23, 7, 24, 6], [1, 21, 2, 20], [3, 18, 4, 19], [5, 14, 6, 15]]"
12a_1093_110,"[[5, 14, 6, 15], [7, 1, 8, 24], [9, 2, 10, 3], [11, 17, 12, 16], [13, 23, 14, 22], [15, 4, 16, 5], [17, 11, 18, 10], [19, 8, 20, 9], [21, 13, 22, 12], [23, 7, 24, 6], [1, 21, 2, 20], [3, 18, 4, 19]]"
12a_1093_111,"[[3, 18, 4, 19], [5, 14, 6, 15], [7, 1, 8, 24], [9, 2, 10, 3], [11, 17, 12, 16], [13, 23, 14, 22], [15, 4, 16, 5], [17, 11, 18, 10], [19, 8, 20, 9], [21, 13, 22, 12], [23, 7, 24, 6], [1, 21, 2, 20]]"
12a_1093_112,"[[1, 21, 2, 20], [3, 18, 4, 19], [5, 14, 6, 15], [7, 1, 8, 24], [9, 2, 10, 3], [11, 17, 12, 16], [13, 23, 14, 22], [15, 4, 16, 5], [17, 11, 18, 10], [19, 8, 20, 9], [21, 13, 22, 12], [23, 7, 24, 6]]"
12a_1093_113,"[[23, 7, 24, 6], [1, 21, 2, 20], [3, 18, 4, 19], [5, 14, 6, 15], [7, 1, 8, 24], [9, 2, 10, 3], [11, 17, 12, 16], [13, 23, 14, 22], [15, 4, 16, 5], [17, 11, 18, 10], [19, 8, 20, 9], [21, 13, 22, 12]]"
12a_1093_114,"[[21, 13, 22, 12], [23, 7, 24, 6], [1, 21, 2, 20], [3, 18, 4, 19], [5, 14, 6, 15], [7, 1, 8, 24], [9, 2, 10, 3], [11, 17, 12, 16], [13, 23, 14, 22], [15, 4, 16, 5], [17, 11, 18, 10], [19, 8, 20, 9]]"
12a_1093_115,"[[19, 8, 20, 9], [21, 13, 22, 12], [23, 7, 24, 6], [1, 21, 2, 20], [3, 18, 4, 19], [5, 14, 6, 15], [7, 1, 8, 24], [9, 2, 10, 3], [11, 17, 12, 16], [13, 23, 14, 22], [15, 4, 16, 5], [17, 11, 18, 10]]"
12a_1093_116,"[[17, 11, 18, 10], [19, 8, 20, 9], [21, 13, 22, 12], [23, 7, 24, 6], [1, 21, 2, 20], [3, 18, 4, 19], [5, 14, 6, 15], [7, 1, 8, 24], [9, 2, 10, 3], [11, 17, 12, 16], [13, 23, 14, 22], [15, 4, 16, 5]]"
12a_1093_117,"[[15, 4, 16, 5], [17, 11, 18, 10], [19, 8, 20, 9], [21, 13, 22, 12], [23, 7, 24, 6], [1, 21, 2, 20], [3, 18, 4, 19], [5, 14, 6, 15], [7, 1, 8, 24], [9, 2, 10, 3], [11, 17, 12, 16], [13, 23, 14, 22]]"
12a_1093_118,"[[13, 23, 14, 22], [15, 4, 16, 5], [17, 11, 18, 10], [19, 8, 20, 9], [21, 13, 22, 12], [23, 7, 24, 6], [1, 21, 2, 20], [3, 18, 4, 19], [5, 14, 6, 15], [7, 1, 8, 24], [9, 2, 10, 3], [11, 17, 12, 16]]"
12a_1093_119,"[[11, 17, 12, 16], [13, 23, 14, 22], [15, 4, 16, 5], [17, 11, 18, 10], [19, 8, 20, 9], [21, 13, 22, 12], [23, 7, 24, 6], [1, 21, 2, 20], [3, 18, 4, 19], [5, 14, 6, 15], [7, 1, 8, 24], [9, 2, 10, 3]]"
12a_1093_120,"[[10, 3, 11, 4], [12, 18, 13, 17], [14, 24, 15, 23], [16, 5, 17, 6], [18, 12, 19, 11], [20, 9, 21, 10], [22, 14, 23, 13], [24, 8, 1, 7], [2, 22, 3, 21], [4, 19, 5, 20], [6, 15, 7, 16], [8, 2, 9, 1]]"
12a_1093_121,"[[8, 2, 9, 1], [10, 3, 11, 4], [12, 18, 13, 17], [14, 24, 15, 23], [16, 5, 17, 6], [18, 12, 19, 11], [20, 9, 21, 10], [22, 14, 23, 13], [24, 8, 1, 7], [2, 22, 3, 21], [4, 19, 5, 20], [6, 15, 7, 16]]"
12a_1093_122,"[[6, 15, 7, 16], [8, 2, 9, 1], [10, 3, 11, 4], [12, 18, 13, 17], [14, 24, 15, 23], [16, 5, 17, 6], [18, 12, 19, 11], [20, 9, 21, 10], [22, 14, 23, 13], [24, 8, 1, 7], [2, 22, 3, 21], [4, 19, 5, 20]]"
12a_1093_123,"[[4, 19, 5, 20], [6, 15, 7, 16], [8, 2, 9, 1], [10, 3, 11, 4], [12, 18, 13, 17], [14, 24, 15, 23], [16, 5, 17, 6], [18, 12, 19, 11], [20, 9, 21, 10], [22, 14, 23, 13], [24, 8, 1, 7], [2, 22, 3, 21]]"
12a_1093_124,"[[2, 22, 3, 21], [4, 19, 5, 20], [6, 15, 7, 16], [8, 2, 9, 1], [10, 3, 11, 4], [12, 18, 13, 17], [14, 24, 15, 23], [16, 5, 17, 6], [18, 12, 19, 11], [20, 9, 21, 10], [22, 14, 23, 13], [24, 8, 1, 7]]"
12a_1093_125,"[[24, 8, 1, 7], [2, 22, 3, 21], [4, 19, 5, 20], [6, 15, 7, 16], [8, 2, 9, 1], [10, 3, 11, 4], [12, 18, 13, 17], [14, 24, 15, 23], [16, 5, 17, 6], [18, 12, 19, 11], [20, 9, 21, 10], [22, 14, 23, 13]]"
12a_1093_126,"[[22, 14, 23, 13], [24, 8, 1, 7], [2, 22, 3, 21], [4, 19, 5, 20], [6, 15, 7, 16], [8, 2, 9, 1], [10, 3, 11, 4], [12, 18, 13, 17], [14, 24, 15, 23], [16, 5, 17, 6], [18, 12, 19, 11], [20, 9, 21, 10]]"
12a_1093_127,"[[20, 9, 21, 10], [22, 14, 23, 13], [24, 8, 1, 7], [2, 22, 3, 21], [4, 19, 5, 20], [6, 15, 7, 16], [8, 2, 9, 1], [10, 3, 11, 4], [12, 18, 13, 17], [14, 24, 15, 23], [16, 5, 17, 6], [18, 12, 19, 11]]"
12a_1093_128,"[[18, 12, 19, 11], [20, 9, 21, 10], [22, 14, 23, 13], [24, 8, 1, 7], [2, 22, 3, 21], [4, 19, 5, 20], [6, 15, 7, 16], [8, 2, 9, 1], [10, 3, 11, 4], [12, 18, 13, 17], [14, 24, 15, 23], [16, 5, 17, 6]]"
12a_1093_129,"[[16, 5, 17, 6], [18, 12, 19, 11], [20, 9, 21, 10], [22, 14, 23, 13], [24, 8, 1, 7], [2, 22, 3, 21], [4, 19, 5, 20], [6, 15, 7, 16], [8, 2, 9, 1], [10, 3, 11, 4], [12, 18, 13, 17], [14, 24, 15, 23]]"
12a_1093_130,"[[14, 24, 15, 23], [16, 5, 17, 6], [18, 12, 19, 11], [20, 9, 21, 10], [22, 14, 23, 13], [24, 8, 1, 7], [2, 22, 3, 21], [4, 19, 5, 20], [6, 15, 7, 16], [8, 2, 9, 1], [10, 3, 11, 4], [12, 18, 13, 17]]"
12a_1093_131,"[[12, 18, 13, 17], [14, 24, 15, 23], [16, 5, 17, 6], [18, 12, 19, 11], [20, 9, 21, 10], [22, 14, 23, 13], [24, 8, 1, 7], [2, 22, 3, 21], [4, 19, 5, 20], [6, 15, 7, 16], [8, 2, 9, 1], [10, 3, 11, 4]]"
12a_1093_132,"[[11, 4, 12, 5], [13, 19, 14, 18], [15, 1, 16, 24], [17, 6, 18, 7], [19, 13, 20, 12], [21, 10, 22, 11], [23, 15, 24, 14], [1, 9, 2, 8], [3, 23, 4, 22], [5, 20, 6, 21], [7, 16, 8, 17], [9, 3, 10, 2]]"
12a_1093_133,"[[9, 3, 10, 2], [11, 4, 12, 5], [13, 19, 14, 18], [15, 1, 16, 24], [17, 6, 18, 7], [19, 13, 20, 12], [21, 10, 22, 11], [23, 15, 24, 14], [1, 9, 2, 8], [3, 23, 4, 22], [5, 20, 6, 21], [7, 16, 8, 17]]"
12a_1093_134,"[[7, 16, 8, 17], [9, 3, 10, 2], [11, 4, 12, 5], [13, 19, 14, 18], [15, 1, 16, 24], [17, 6, 18, 7], [19, 13, 20, 12], [21, 10, 22, 11], [23, 15, 24, 14], [1, 9, 2, 8], [3, 23, 4, 22], [5, 20, 6, 21]]"
12a_1093_135,"[[5, 20, 6, 21], [7, 16, 8, 17], [9, 3, 10, 2], [11, 4, 12, 5], [13, 19, 14, 18], [15, 1, 16, 24], [17, 6, 18, 7], [19, 13, 20, 12], [21, 10, 22, 11], [23, 15, 24, 14], [1, 9, 2, 8], [3, 23, 4, 22]]"
12a_1093_136,"[[3, 23, 4, 22], [5, 20, 6, 21], [7, 16, 8, 17], [9, 3, 10, 2], [11, 4, 12, 5], [13, 19, 14, 18], [15, 1, 16, 24], [17, 6, 18, 7], [19, 13, 20, 12], [21, 10, 22, 11], [23, 15, 24, 14], [1, 9, 2, 8]]"
12a_1093_137,"[[1, 9, 2, 8], [3, 23, 4, 22], [5, 20, 6, 21], [7, 16, 8, 17], [9, 3, 10, 2], [11, 4, 12, 5], [13, 19, 14, 18], [15, 1, 16, 24], [17, 6, 18, 7], [19, 13, 20, 12], [21, 10, 22, 11], [23, 15, 24, 14]]"
12a_1093_138,"[[23, 15, 24, 14], [1, 9, 2, 8], [3, 23, 4, 22], [5, 20, 6, 21], [7, 16, 8, 17], [9, 3, 10, 2], [11, 4, 12, 5], [13, 19, 14, 18], [15, 1, 16, 24], [17, 6, 18, 7], [19, 13, 20, 12], [21, 10, 22, 11]]"
12a_1093_139,"[[21, 10, 22, 11], [23, 15, 24, 14], [1, 9, 2, 8], [3, 23, 4, 22], [5, 20, 6, 21], [7, 16, 8, 17], [9, 3, 10, 2], [11, 4, 12, 5], [13, 19, 14, 18], [15, 1, 16, 24], [17, 6, 18, 7], [19, 13, 20, 12]]"
12a_1093_140,"[[19, 13, 20, 12], [21, 10, 22, 11], [23, 15, 24, 14], [1, 9, 2, 8], [3, 23, 4, 22], [5, 20, 6, 21], [7, 16, 8, 17], [9, 3, 10, 2], [11, 4, 12, 5], [13, 19, 14, 18], [15, 1, 16, 24], [17, 6, 18, 7]]"
12a_1093_141,"[[17, 6, 18, 7], [19, 13, 20, 12], [21, 10, 22, 11], [23, 15, 24, 14], [1, 9, 2, 8], [3, 23, 4, 22], [5, 20, 6, 21], [7, 16, 8, 17], [9, 3, 10, 2], [11, 4, 12, 5], [13, 19, 14, 18], [15, 1, 16, 24]]"
12a_1093_142,"[[15, 1, 16, 24], [17, 6, 18, 7], [19, 13, 20, 12], [21, 10, 22, 11], [23, 15, 24, 14], [1, 9, 2, 8], [3, 23, 4, 22], [5, 20, 6, 21], [7, 16, 8, 17], [9, 3, 10, 2], [11, 4, 12, 5], [13, 19, 14, 18]]"
12a_1093_143,"[[13, 19, 14, 18], [15, 1, 16, 24], [17, 6, 18, 7], [19, 13, 20, 12], [21, 10, 22, 11], [23, 15, 24, 14], [1, 9, 2, 8], [3, 23, 4, 22], [5, 20, 6, 21], [7, 16, 8, 17], [9, 3, 10, 2], [11, 4, 12, 5]]"
12a_1093_144,"[[12, 5, 13, 6], [14, 20, 15, 19], [16, 2, 17, 1], [18, 7, 19, 8], [20, 14, 21, 13], [22, 11, 23, 12], [24, 16, 1, 15], [2, 10, 3, 9], [4, 24, 5, 23], [6, 21, 7, 22], [8, 17, 9, 18], [10, 4, 11, 3]]"
12a_1093_145,"[[10, 4, 11, 3], [12, 5, 13, 6], [14, 20, 15, 19], [16, 2, 17, 1], [18, 7, 19, 8], [20, 14, 21, 13], [22, 11, 23, 12], [24, 16, 1, 15], [2, 10, 3, 9], [4, 24, 5, 23], [6, 21, 7, 22], [8, 17, 9, 18]]"
12a_1093_146,"[[8, 17, 9, 18], [10, 4, 11, 3], [12, 5, 13, 6], [14, 20, 15, 19], [16, 2, 17, 1], [18, 7, 19, 8], [20, 14, 21, 13], [22, 11, 23, 12], [24, 16, 1, 15], [2, 10, 3, 9], [4, 24, 5, 23], [6, 21, 7, 22]]"
12a_1093_147,"[[6, 21, 7, 22], [8, 17, 9, 18], [10, 4, 11, 3], [12, 5, 13, 6], [14, 20, 15, 19], [16, 2, 17, 1], [18, 7, 19, 8], [20, 14, 21, 13], [22, 11, 23, 12], [24, 16, 1, 15], [2, 10, 3, 9], [4, 24, 5, 23]]"
12a_1093_148,"[[4, 24, 5, 23], [6, 21, 7, 22], [8, 17, 9, 18], [10, 4, 11, 3], [12, 5, 13, 6], [14, 20, 15, 19], [16, 2, 17, 1], [18, 7, 19, 8], [20, 14, 21, 13], [22, 11, 23, 12], [24, 16, 1, 15], [2, 10, 3, 9]]"
12a_1093_149,"[[2, 10, 3, 9], [4, 24, 5, 23], [6, 21, 7, 22], [8, 17, 9, 18], [10, 4, 11, 3], [12, 5, 13, 6], [14, 20, 15, 19], [16, 2, 17, 1], [18, 7, 19, 8], [20, 14, 21, 13], [22, 11, 23, 12], [24, 16, 1, 15]]"
12a_1093_150,"[[24, 16, 1, 15], [2, 10, 3, 9], [4, 24, 5, 23], [6, 21, 7, 22], [8, 17, 9, 18], [10, 4, 11, 3], [12, 5, 13, 6], [14, 20, 15, 19], [16, 2, 17, 1], [18, 7, 19, 8], [20, 14, 21, 13], [22, 11, 23, 12]]"
12a_1093_151,"[[22, 11, 23, 12], [24, 16, 1, 15], [2, 10, 3, 9], [4, 24, 5, 23], [6, 21, 7, 22], [8, 17, 9, 18], [10, 4, 11, 3], [12, 5, 13, 6], [14, 20, 15, 19], [16, 2, 17, 1], [18, 7, 19, 8], [20, 14, 21, 13]]"
12a_1093_152,"[[20, 14, 21, 13], [22, 11, 23, 12], [24, 16, 1, 15], [2, 10, 3, 9], [4, 24, 5, 23], [6, 21, 7, 22], [8, 17, 9, 18], [10, 4, 11, 3], [12, 5, 13, 6], [14, 20, 15, 19], [16, 2, 17, 1], [18, 7, 19, 8]]"
12a_1093_153,"[[18, 7, 19, 8], [20, 14, 21, 13], [22, 11, 23, 12], [24, 16, 1, 15], [2, 10, 3, 9], [4, 24, 5, 23], [6, 21, 7, 22], [8, 17, 9, 18], [10, 4, 11, 3], [12, 5, 13, 6], [14, 20, 15, 19], [16, 2, 17, 1]]"
12a_1093_154,"[[16, 2, 17, 1], [18, 7, 19, 8], [20, 14, 21, 13], [22, 11, 23, 12], [24, 16, 1, 15], [2, 10, 3, 9], [4, 24, 5, 23], [6, 21, 7, 22], [8, 17, 9, 18], [10, 4, 11, 3], [12, 5, 13, 6], [14, 20, 15, 19]]"
12a_1093_155,"[[14, 20, 15, 19], [16, 2, 17, 1], [18, 7, 19, 8], [20, 14, 21, 13], [22, 11, 23, 12], [24, 16, 1, 15], [2, 10, 3, 9], [4, 24, 5, 23], [6, 21, 7, 22], [8, 17, 9, 18], [10, 4, 11, 3], [12, 5, 13, 6]]"
12a_1093_156,"[[13, 6, 14, 7], [15, 21, 16, 20], [17, 3, 18, 2], [19, 8, 20, 9], [21, 15, 22, 14], [23, 12, 24, 13], [1, 17, 2, 16], [3, 11, 4, 10], [5, 1, 6, 24], [7, 22, 8, 23], [9, 18, 10, 19], [11, 5, 12, 4]]"
12a_1093_157,"[[11, 5, 12, 4], [13, 6, 14, 7], [15, 21, 16, 20], [17, 3, 18, 2], [19, 8, 20, 9], [21, 15, 22, 14], [23, 12, 24, 13], [1, 17, 2, 16], [3, 11, 4, 10], [5, 1, 6, 24], [7, 22, 8, 23], [9, 18, 10, 19]]"
12a_1093_158,"[[9, 18, 10, 19], [11, 5, 12, 4], [13, 6, 14, 7], [15, 21, 16, 20], [17, 3, 18, 2], [19, 8, 20, 9], [21, 15, 22, 14], [23, 12, 24, 13], [1, 17, 2, 16], [3, 11, 4, 10], [5, 1, 6, 24], [7, 22, 8, 23]]"
12a_1093_159,"[[7, 22, 8, 23], [9, 18, 10, 19], [11, 5, 12, 4], [13, 6, 14, 7], [15, 21, 16, 20], [17, 3, 18, 2], [19, 8, 20, 9], [21, 15, 22, 14], [23, 12, 24, 13], [1, 17, 2, 16], [3, 11, 4, 10], [5, 1, 6, 24]]"
12a_1093_160,"[[5, 1, 6, 24], [7, 22, 8, 23], [9, 18, 10, 19], [11, 5, 12, 4], [13, 6, 14, 7], [15, 21, 16, 20], [17, 3, 18, 2], [19, 8, 20, 9], [21, 15, 22, 14], [23, 12, 24, 13], [1, 17, 2, 16], [3, 11, 4, 10]]"
12a_1093_161,"[[3, 11, 4, 10], [5, 1, 6, 24], [7, 22, 8, 23], [9, 18, 10, 19], [11, 5, 12, 4], [13, 6, 14, 7], [15, 21, 16, 20], [17, 3, 18, 2], [19, 8, 20, 9], [21, 15, 22, 14], [23, 12, 24, 13], [1, 17, 2, 16]]"
12a_1093_162,"[[1, 17, 2, 16], [3, 11, 4, 10], [5, 1, 6, 24], [7, 22, 8, 23], [9, 18, 10, 19], [11, 5, 12, 4], [13, 6, 14, 7], [15, 21, 16, 20], [17, 3, 18, 2], [19, 8, 20, 9], [21, 15, 22, 14], [23, 12, 24, 13]]"
12a_1093_163,"[[23, 12, 24, 13], [1, 17, 2, 16], [3, 11, 4, 10], [5, 1, 6, 24], [7, 22, 8, 23], [9, 18, 10, 19], [11, 5, 12, 4], [13, 6, 14, 7], [15, 21, 16, 20], [17, 3, 18, 2], [19, 8, 20, 9], [21, 15, 22, 14]]"
12a_1093_164,"[[21, 15, 22, 14], [23, 12, 24, 13], [1, 17, 2, 16], [3, 11, 4, 10], [5, 1, 6, 24], [7, 22, 8, 23], [9, 18, 10, 19], [11, 5, 12, 4], [13, 6, 14, 7], [15, 21, 16, 20], [17, 3, 18, 2], [19, 8, 20, 9]]"
12a_1093_165,"[[19, 8, 20, 9], [21, 15, 22, 14], [23, 12, 24, 13], [1, 17, 2, 16], [3, 11, 4, 10], [5, 1, 6, 24], [7, 22, 8, 23], [9, 18, 10, 19], [11, 5, 12, 4], [13, 6, 14, 7], [15, 21, 16, 20], [17, 3, 18, 2]]"
12a_1093_166,"[[17, 3, 18, 2], [19, 8, 20, 9], [21, 15, 22, 14], [23, 12, 24, 13], [1, 17, 2, 16], [3, 11, 4, 10], [5, 1, 6, 24], [7, 22, 8, 23], [9, 18, 10, 19], [11, 5, 12, 4], [13, 6, 14, 7], [15, 21, 16, 20]]"
12a_1093_167,"[[15, 21, 16, 20], [17, 3, 18, 2], [19, 8, 20, 9], [21, 15, 22, 14], [23, 12, 24, 13], [1, 17, 2, 16], [3, 11, 4, 10], [5, 1, 6, 24], [7, 22, 8, 23], [9, 18, 10, 19], [11, 5, 12, 4], [13, 6, 14, 7]]"
12a_1093_168,"[[14, 7, 15, 8], [16, 22, 17, 21], [18, 4, 19, 3], [20, 9, 21, 10], [22, 16, 23, 15], [24, 13, 1, 14], [2, 18, 3, 17], [4, 12, 5, 11], [6, 2, 7, 1], [8, 23, 9, 24], [10, 19, 11, 20], [12, 6, 13, 5]]"
12a_1093_169,"[[12, 6, 13, 5], [14, 7, 15, 8], [16, 22, 17, 21], [18, 4, 19, 3], [20, 9, 21, 10], [22, 16, 23, 15], [24, 13, 1, 14], [2, 18, 3, 17], [4, 12, 5, 11], [6, 2, 7, 1], [8, 23, 9, 24], [10, 19, 11, 20]]"
12a_1093_170,"[[10, 19, 11, 20], [12, 6, 13, 5], [14, 7, 15, 8], [16, 22, 17, 21], [18, 4, 19, 3], [20, 9, 21, 10], [22, 16, 23, 15], [24, 13, 1, 14], [2, 18, 3, 17], [4, 12, 5, 11], [6, 2, 7, 1], [8, 23, 9, 24]]"
12a_1093_171,"[[8, 23, 9, 24], [10, 19, 11, 20], [12, 6, 13, 5], [14, 7, 15, 8], [16, 22, 17, 21], [18, 4, 19, 3], [20, 9, 21, 10], [22, 16, 23, 15], [24, 13, 1, 14], [2, 18, 3, 17], [4, 12, 5, 11], [6, 2, 7, 1]]"
12a_1093_172,"[[6, 2, 7, 1], [8, 23, 9, 24], [10, 19, 11, 20], [12, 6, 13, 5], [14, 7, 15, 8], [16, 22, 17, 21], [18, 4, 19, 3], [20, 9, 21, 10], [22, 16, 23, 15], [24, 13, 1, 14], [2, 18, 3, 17], [4, 12, 5, 11]]"
12a_1093_173,"[[4, 12, 5, 11], [6, 2, 7, 1], [8, 23, 9, 24], [10, 19, 11, 20], [12, 6, 13, 5], [14, 7, 15, 8], [16, 22, 17, 21], [18, 4, 19, 3], [20, 9, 21, 10], [22, 16, 23, 15], [24, 13, 1, 14], [2, 18, 3, 17]]"
12a_1093_174,"[[2, 18, 3, 17], [4, 12, 5, 11], [6, 2, 7, 1], [8, 23, 9, 24], [10, 19, 11, 20], [12, 6, 13, 5], [14, 7, 15, 8], [16, 22, 17, 21], [18, 4, 19, 3], [20, 9, 21, 10], [22, 16, 23, 15], [24, 13, 1, 14]]"
12a_1093_175,"[[24, 13, 1, 14], [2, 18, 3, 17], [4, 12, 5, 11], [6, 2, 7, 1], [8, 23, 9, 24], [10, 19, 11, 20], [12, 6, 13, 5], [14, 7, 15, 8], [16, 22, 17, 21], [18, 4, 19, 3], [20, 9, 21, 10], [22, 16, 23, 15]]"
12a_1093_176,"[[22, 16, 23, 15], [24, 13, 1, 14], [2, 18, 3, 17], [4, 12, 5, 11], [6, 2, 7, 1], [8, 23, 9, 24], [10, 19, 11, 20], [12, 6, 13, 5], [14, 7, 15, 8], [16, 22, 17, 21], [18, 4, 19, 3], [20, 9, 21, 10]]"
12a_1093_177,"[[20, 9, 21, 10], [22, 16, 23, 15], [24, 13, 1, 14], [2, 18, 3, 17], [4, 12, 5, 11], [6, 2, 7, 1], [8, 23, 9, 24], [10, 19, 11, 20], [12, 6, 13, 5], [14, 7, 15, 8], [16, 22, 17, 21], [18, 4, 19, 3]]"
12a_1093_178,"[[18, 4, 19, 3], [20, 9, 21, 10], [22, 16, 23, 15], [24, 13, 1, 14], [2, 18, 3, 17], [4, 12, 5, 11], [6, 2, 7, 1], [8, 23, 9, 24], [10, 19, 11, 20], [12, 6, 13, 5], [14, 7, 15, 8], [16, 22, 17, 21]]"
12a_1093_179,"[[16, 22, 17, 21], [18, 4, 19, 3], [20, 9, 21, 10], [22, 16, 23, 15], [24, 13, 1, 14], [2, 18, 3, 17], [4, 12, 5, 11], [6, 2, 7, 1], [8, 23, 9, 24], [10, 19, 11, 20], [12, 6, 13, 5], [14, 7, 15, 8]]"
12a_1093_180,"[[15, 8, 16, 9], [17, 23, 18, 22], [19, 5, 20, 4], [21, 10, 22, 11], [23, 17, 24, 16], [1, 14, 2, 15], [3, 19, 4, 18], [5, 13, 6, 12], [7, 3, 8, 2], [9, 24, 10, 1], [11, 20, 12, 21], [13, 7, 14, 6]]"
12a_1093_181,"[[13, 7, 14, 6], [15, 8, 16, 9], [17, 23, 18, 22], [19, 5, 20, 4], [21, 10, 22, 11], [23, 17, 24, 16], [1, 14, 2, 15], [3, 19, 4, 18], [5, 13, 6, 12], [7, 3, 8, 2], [9, 24, 10, 1], [11, 20, 12, 21]]"
12a_1093_182,"[[11, 20, 12, 21], [13, 7, 14, 6], [15, 8, 16, 9], [17, 23, 18, 22], [19, 5, 20, 4], [21, 10, 22, 11], [23, 17, 24, 16], [1, 14, 2, 15], [3, 19, 4, 18], [5, 13, 6, 12], [7, 3, 8, 2], [9, 24, 10, 1]]"
12a_1093_183,"[[9, 24, 10, 1], [11, 20, 12, 21], [13, 7, 14, 6], [15, 8, 16, 9], [17, 23, 18, 22], [19, 5, 20, 4], [21, 10, 22, 11], [23, 17, 24, 16], [1, 14, 2, 15], [3, 19, 4, 18], [5, 13, 6, 12], [7, 3, 8, 2]]"
12a_1093_184,"[[7, 3, 8, 2], [9, 24, 10, 1], [11, 20, 12, 21], [13, 7, 14, 6], [15, 8, 16, 9], [17, 23, 18, 22], [19, 5, 20, 4], [21, 10, 22, 11], [23, 17, 24, 16], [1, 14, 2, 15], [3, 19, 4, 18], [5, 13, 6, 12]]"
12a_1093_185,"[[5, 13, 6, 12], [7, 3, 8, 2], [9, 24, 10, 1], [11, 20, 12, 21], [13, 7, 14, 6], [15, 8, 16, 9], [17, 23, 18, 22], [19, 5, 20, 4], [21, 10, 22, 11], [23, 17, 24, 16], [1, 14, 2, 15], [3, 19, 4, 18]]"
