name,pd_notation
12a_0204_0,"[[24, 7, 1, 8], [2, 6, 3, 5], [4, 11, 5, 12], [6, 14, 7, 13], [8, 15, 9, 16], [10, 20, 11, 19], [12, 3, 13, 4], [14, 2, 15, 1], [16, 23, 17, 24], [18, 21, 19, 22], [20, 10, 21, 9], [22, 17, 23, 18]]"
12a_0204_1,"[[22, 17, 23, 18], [24, 7, 1, 8], [2, 6, 3, 5], [4, 11, 5, 12], [6, 14, 7, 13], [8, 15, 9, 16], [10, 20, 11, 19], [12, 3, 13, 4], [14, 2, 15, 1], [16, 23, 17, 24], [18, 21, 19, 22], [20, 10, 21, 9]]"
12a_0204_2,"[[20, 10, 21, 9], [22, 17, 23, 18], [24, 7, 1, 8], [2, 6, 3, 5], [4, 11, 5, 12], [6, 14, 7, 13], [8, 15, 9, 16], [10, 20, 11, 19], [12, 3, 13, 4], [14, 2, 15, 1], [16, 23, 17, 24], [18, 21, 19, 22]]"
12a_0204_3,"[[18, 21, 19, 22], [20, 10, 21, 9], [22, 17, 23, 18], [24, 7, 1, 8], [2, 6, 3, 5], [4, 11, 5, 12], [6, 14, 7, 13], [8, 15, 9, 16], [10, 20, 11, 19], [12, 3, 13, 4], [14, 2, 15, 1], [16, 23, 17, 24]]"
12a_0204_4,"[[16, 23, 17, 24], [18, 21, 19, 22], [20, 10, 21, 9], [22, 17, 23, 18], [24, 7, 1, 8], [2, 6, 3, 5], [4, 11, 5, 12], [6, 14, 7, 13], [8, 15, 9, 16], [10, 20, 11, 19], [12, 3, 13, 4], [14, 2, 15, 1]]"
12a_0204_5,"[[14, 2, 15, 1], [16, 23, 17, 24], [18, 21, 19, 22], [20, 10, 21, 9], [22, 17, 23, 18], [24, 7, 1, 8], [2, 6, 3, 5], [4, 11, 5, 12], [6, 14, 7, 13], [8, 15, 9, 16], [10, 20, 11, 19], [12, 3, 13, 4]]"
12a_0204_6,"[[12, 3, 13, 4], [14, 2, 15, 1], [16, 23, 17, 24], [18, 21, 19, 22], [20, 10, 21, 9], [22, 17, 23, 18], [24, 7, 1, 8], [2, 6, 3, 5], [4, 11, 5, 12], [6, 14, 7, 13], [8, 15, 9, 16], [10, 20, 11, 19]]"
12a_0204_7,"[[10, 20, 11, 19], [12, 3, 13, 4], [14, 2, 15, 1], [16, 23, 17, 24], [18, 21, 19, 22], [20, 10, 21, 9], [22, 17, 23, 18], [24, 7, 1, 8], [2, 6, 3, 5], [4, 11, 5, 12], [6, 14, 7, 13], [8, 15, 9, 16]]"
12a_0204_8,"[[8, 15, 9, 16], [10, 20, 11, 19], [12, 3, 13, 4], [14, 2, 15, 1], [16, 23, 17, 24], [18, 21, 19, 22], [20, 10, 21, 9], [22, 17, 23, 18], [24, 7, 1, 8], [2, 6, 3, 5], [4, 11, 5, 12], [6, 14, 7, 13]]"
12a_0204_9,"[[6, 14, 7, 13], [8, 15, 9, 16], [10, 20, 11, 19], [12, 3, 13, 4], [14, 2, 15, 1], [16, 23, 17, 24], [18, 21, 19, 22], [20, 10, 21, 9], [22, 17, 23, 18], [24, 7, 1, 8], [2, 6, 3, 5], [4, 11, 5, 12]]"
12a_0204_10,"[[4, 11, 5, 12], [6, 14, 7, 13], [8, 15, 9, 16], [10, 20, 11, 19], [12, 3, 13, 4], [14, 2, 15, 1], [16, 23, 17, 24], [18, 21, 19, 22], [20, 10, 21, 9], [22, 17, 23, 18], [24, 7, 1, 8], [2, 6, 3, 5]]"
12a_0204_11,"[[2, 6, 3, 5], [4, 11, 5, 12], [6, 14, 7, 13], [8, 15, 9, 16], [10, 20, 11, 19], [12, 3, 13, 4], [14, 2, 15, 1], [16, 23, 17, 24], [18, 21, 19, 22], [20, 10, 21, 9], [22, 17, 23, 18], [24, 7, 1, 8]]"
12a_0204_12,"[[1, 8, 2, 9], [3, 7, 4, 6], [5, 12, 6, 13], [7, 15, 8, 14], [9, 16, 10, 17], [11, 21, 12, 20], [13, 4, 14, 5], [15, 3, 16, 2], [17, 24, 18, 1], [19, 22, 20, 23], [21, 11, 22, 10], [23, 18, 24, 19]]"
12a_0204_13,"[[23, 18, 24, 19], [1, 8, 2, 9], [3, 7, 4, 6], [5, 12, 6, 13], [7, 15, 8, 14], [9, 16, 10, 17], [11, 21, 12, 20], [13, 4, 14, 5], [15, 3, 16, 2], [17, 24, 18, 1], [19, 22, 20, 23], [21, 11, 22, 10]]"
12a_0204_14,"[[21, 11, 22, 10], [23, 18, 24, 19], [1, 8, 2, 9], [3, 7, 4, 6], [5, 12, 6, 13], [7, 15, 8, 14], [9, 16, 10, 17], [11, 21, 12, 20], [13, 4, 14, 5], [15, 3, 16, 2], [17, 24, 18, 1], [19, 22, 20, 23]]"
12a_0204_15,"[[19, 22, 20, 23], [21, 11, 22, 10], [23, 18, 24, 19], [1, 8, 2, 9], [3, 7, 4, 6], [5, 12, 6, 13], [7, 15, 8, 14], [9, 16, 10, 17], [11, 21, 12, 20], [13, 4, 14, 5], [15, 3, 16, 2], [17, 24, 18, 1]]"
12a_0204_16,"[[17, 24, 18, 1], [19, 22, 20, 23], [21, 11, 22, 10], [23, 18, 24, 19], [1, 8, 2, 9], [3, 7, 4, 6], [5, 12, 6, 13], [7, 15, 8, 14], [9, 16, 10, 17], [11, 21, 12, 20], [13, 4, 14, 5], [15, 3, 16, 2]]"
12a_0204_17,"[[15, 3, 16, 2], [17, 24, 18, 1], [19, 22, 20, 23], [21, 11, 22, 10], [23, 18, 24, 19], [1, 8, 2, 9], [3, 7, 4, 6], [5, 12, 6, 13], [7, 15, 8, 14], [9, 16, 10, 17], [11, 21, 12, 20], [13, 4, 14, 5]]"
12a_0204_18,"[[13, 4, 14, 5], [15, 3, 16, 2], [17, 24, 18, 1], [19, 22, 20, 23], [21, 11, 22, 10], [23, 18, 24, 19], [1, 8, 2, 9], [3, 7, 4, 6], [5, 12, 6, 13], [7, 15, 8, 14], [9, 16, 10, 17], [11, 21, 12, 20]]"
12a_0204_19,"[[11, 21, 12, 20], [13, 4, 14, 5], [15, 3, 16, 2], [17, 24, 18, 1], [19, 22, 20, 23], [21, 11, 22, 10], [23, 18, 24, 19], [1, 8, 2, 9], [3, 7, 4, 6], [5, 12, 6, 13], [7, 15, 8, 14], [9, 16, 10, 17]]"
12a_0204_20,"[[9, 16, 10, 17], [11, 21, 12, 20], [13, 4, 14, 5], [15, 3, 16, 2], [17, 24, 18, 1], [19, 22, 20, 23], [21, 11, 22, 10], [23, 18, 24, 19], [1, 8, 2, 9], [3, 7, 4, 6], [5, 12, 6, 13], [7, 15, 8, 14]]"
12a_0204_21,"[[7, 15, 8, 14], [9, 16, 10, 17], [11, 21, 12, 20], [13, 4, 14, 5], [15, 3, 16, 2], [17, 24, 18, 1], [19, 22, 20, 23], [21, 11, 22, 10], [23, 18, 24, 19], [1, 8, 2, 9], [3, 7, 4, 6], [5, 12, 6, 13]]"
12a_0204_22,"[[5, 12, 6, 13], [7, 15, 8, 14], [9, 16, 10, 17], [11, 21, 12, 20], [13, 4, 14, 5], [15, 3, 16, 2], [17, 24, 18, 1], [19, 22, 20, 23], [21, 11, 22, 10], [23, 18, 24, 19], [1, 8, 2, 9], [3, 7, 4, 6]]"
12a_0204_23,"[[3, 7, 4, 6], [5, 12, 6, 13], [7, 15, 8, 14], [9, 16, 10, 17], [11, 21, 12, 20], [13, 4, 14, 5], [15, 3, 16, 2], [17, 24, 18, 1], [19, 22, 20, 23], [21, 11, 22, 10], [23, 18, 24, 19], [1, 8, 2, 9]]"
12a_0204_24,"[[2, 9, 3, 10], [4, 8, 5, 7], [6, 13, 7, 14], [8, 16, 9, 15], [10, 17, 11, 18], [12, 22, 13, 21], [14, 5, 15, 6], [16, 4, 17, 3], [18, 1, 19, 2], [20, 23, 21, 24], [22, 12, 23, 11], [24, 19, 1, 20]]"
12a_0204_25,"[[24, 19, 1, 20], [2, 9, 3, 10], [4, 8, 5, 7], [6, 13, 7, 14], [8, 16, 9, 15], [10, 17, 11, 18], [12, 22, 13, 21], [14, 5, 15, 6], [16, 4, 17, 3], [18, 1, 19, 2], [20, 23, 21, 24], [22, 12, 23, 11]]"
12a_0204_26,"[[22, 12, 23, 11], [24, 19, 1, 20], [2, 9, 3, 10], [4, 8, 5, 7], [6, 13, 7, 14], [8, 16, 9, 15], [10, 17, 11, 18], [12, 22, 13, 21], [14, 5, 15, 6], [16, 4, 17, 3], [18, 1, 19, 2], [20, 23, 21, 24]]"
12a_0204_27,"[[20, 23, 21, 24], [22, 12, 23, 11], [24, 19, 1, 20], [2, 9, 3, 10], [4, 8, 5, 7], [6, 13, 7, 14], [8, 16, 9, 15], [10, 17, 11, 18], [12, 22, 13, 21], [14, 5, 15, 6], [16, 4, 17, 3], [18, 1, 19, 2]]"
12a_0204_28,"[[18, 1, 19, 2], [20, 23, 21, 24], [22, 12, 23, 11], [24, 19, 1, 20], [2, 9, 3, 10], [4, 8, 5, 7], [6, 13, 7, 14], [8, 16, 9, 15], [10, 17, 11, 18], [12, 22, 13, 21], [14, 5, 15, 6], [16, 4, 17, 3]]"
12a_0204_29,"[[16, 4, 17, 3], [18, 1, 19, 2], [20, 23, 21, 24], [22, 12, 23, 11], [24, 19, 1, 20], [2, 9, 3, 10], [4, 8, 5, 7], [6, 13, 7, 14], [8, 16, 9, 15], [10, 17, 11, 18], [12, 22, 13, 21], [14, 5, 15, 6]]"
12a_0204_30,"[[14, 5, 15, 6], [16, 4, 17, 3], [18, 1, 19, 2], [20, 23, 21, 24], [22, 12, 23, 11], [24, 19, 1, 20], [2, 9, 3, 10], [4, 8, 5, 7], [6, 13, 7, 14], [8, 16, 9, 15], [10, 17, 11, 18], [12, 22, 13, 21]]"
12a_0204_31,"[[12, 22, 13, 21], [14, 5, 15, 6], [16, 4, 17, 3], [18, 1, 19, 2], [20, 23, 21, 24], [22, 12, 23, 11], [24, 19, 1, 20], [2, 9, 3, 10], [4, 8, 5, 7], [6, 13, 7, 14], [8, 16, 9, 15], [10, 17, 11, 18]]"
12a_0204_32,"[[10, 17, 11, 18], [12, 22, 13, 21], [14, 5, 15, 6], [16, 4, 17, 3], [18, 1, 19, 2], [20, 23, 21, 24], [22, 12, 23, 11], [24, 19, 1, 20], [2, 9, 3, 10], [4, 8, 5, 7], [6, 13, 7, 14], [8, 16, 9, 15]]"
12a_0204_33,"[[8, 16, 9, 15], [10, 17, 11, 18], [12, 22, 13, 21], [14, 5, 15, 6], [16, 4, 17, 3], [18, 1, 19, 2], [20, 23, 21, 24], [22, 12, 23, 11], [24, 19, 1, 20], [2, 9, 3, 10], [4, 8, 5, 7], [6, 13, 7, 14]]"
12a_0204_34,"[[6, 13, 7, 14], [8, 16, 9, 15], [10, 17, 11, 18], [12, 22, 13, 21], [14, 5, 15, 6], [16, 4, 17, 3], [18, 1, 19, 2], [20, 23, 21, 24], [22, 12, 23, 11], [24, 19, 1, 20], [2, 9, 3, 10], [4, 8, 5, 7]]"
12a_0204_35,"[[4, 8, 5, 7], [6, 13, 7, 14], [8, 16, 9, 15], [10, 17, 11, 18], [12, 22, 13, 21], [14, 5, 15, 6], [16, 4, 17, 3], [18, 1, 19, 2], [20, 23, 21, 24], [22, 12, 23, 11], [24, 19, 1, 20], [2, 9, 3, 10]]"
12a_0204_36,"[[3, 10, 4, 11], [5, 9, 6, 8], [7, 14, 8, 15], [9, 17, 10, 16], [11, 18, 12, 19], [13, 23, 14, 22], [15, 6, 16, 7], [17, 5, 18, 4], [19, 2, 20, 3], [21, 24, 22, 1], [23, 13, 24, 12], [1, 20, 2, 21]]"
12a_0204_37,"[[1, 20, 2, 21], [3, 10, 4, 11], [5, 9, 6, 8], [7, 14, 8, 15], [9, 17, 10, 16], [11, 18, 12, 19], [13, 23, 14, 22], [15, 6, 16, 7], [17, 5, 18, 4], [19, 2, 20, 3], [21, 24, 22, 1], [23, 13, 24, 12]]"
12a_0204_38,"[[23, 13, 24, 12], [1, 20, 2, 21], [3, 10, 4, 11], [5, 9, 6, 8], [7, 14, 8, 15], [9, 17, 10, 16], [11, 18, 12, 19], [13, 23, 14, 22], [15, 6, 16, 7], [17, 5, 18, 4], [19, 2, 20, 3], [21, 24, 22, 1]]"
12a_0204_39,"[[21, 24, 22, 1], [23, 13, 24, 12], [1, 20, 2, 21], [3, 10, 4, 11], [5, 9, 6, 8], [7, 14, 8, 15], [9, 17, 10, 16], [11, 18, 12, 19], [13, 23, 14, 22], [15, 6, 16, 7], [17, 5, 18, 4], [19, 2, 20, 3]]"
12a_0204_40,"[[19, 2, 20, 3], [21, 24, 22, 1], [23, 13, 24, 12], [1, 20, 2, 21], [3, 10, 4, 11], [5, 9, 6, 8], [7, 14, 8, 15], [9, 17, 10, 16], [11, 18, 12, 19], [13, 23, 14, 22], [15, 6, 16, 7], [17, 5, 18, 4]]"
12a_0204_41,"[[17, 5, 18, 4], [19, 2, 20, 3], [21, 24, 22, 1], [23, 13, 24, 12], [1, 20, 2, 21], [3, 10, 4, 11], [5, 9, 6, 8], [7, 14, 8, 15], [9, 17, 10, 16], [11, 18, 12, 19], [13, 23, 14, 22], [15, 6, 16, 7]]"
12a_0204_42,"[[15, 6, 16, 7], [17, 5, 18, 4], [19, 2, 20, 3], [21, 24, 22, 1], [23, 13, 24, 12], [1, 20, 2, 21], [3, 10, 4, 11], [5, 9, 6, 8], [7, 14, 8, 15], [9, 17, 10, 16], [11, 18, 12, 19], [13, 23, 14, 22]]"
12a_0204_43,"[[13, 23, 14, 22], [15, 6, 16, 7], [17, 5, 18, 4], [19, 2, 20, 3], [21, 24, 22, 1], [23, 13, 24, 12], [1, 20, 2, 21], [3, 10, 4, 11], [5, 9, 6, 8], [7, 14, 8, 15], [9, 17, 10, 16], [11, 18, 12, 19]]"
12a_0204_44,"[[11, 18, 12, 19], [13, 23, 14, 22], [15, 6, 16, 7], [17, 5, 18, 4], [19, 2, 20, 3], [21, 24, 22, 1], [23, 13, 24, 12], [1, 20, 2, 21], [3, 10, 4, 11], [5, 9, 6, 8], [7, 14, 8, 15], [9, 17, 10, 16]]"
12a_0204_45,"[[9, 17, 10, 16], [11, 18, 12, 19], [13, 23, 14, 22], [15, 6, 16, 7], [17, 5, 18, 4], [19, 2, 20, 3], [21, 24, 22, 1], [23, 13, 24, 12], [1, 20, 2, 21], [3, 10, 4, 11], [5, 9, 6, 8], [7, 14, 8, 15]]"
12a_0204_46,"[[7, 14, 8, 15], [9, 17, 10, 16], [11, 18, 12, 19], [13, 23, 14, 22], [15, 6, 16, 7], [17, 5, 18, 4], [19, 2, 20, 3], [21, 24, 22, 1], [23, 13, 24, 12], [1, 20, 2, 21], [3, 10, 4, 11], [5, 9, 6, 8]]"
12a_0204_47,"[[5, 9, 6, 8], [7, 14, 8, 15], [9, 17, 10, 16], [11, 18, 12, 19], [13, 23, 14, 22], [15, 6, 16, 7], [17, 5, 18, 4], [19, 2, 20, 3], [21, 24, 22, 1], [23, 13, 24, 12], [1, 20, 2, 21], [3, 10, 4, 11]]"
12a_0204_48,"[[4, 11, 5, 12], [6, 10, 7, 9], [8, 15, 9, 16], [10, 18, 11, 17], [12, 19, 13, 20], [14, 24, 15, 23], [16, 7, 17, 8], [18, 6, 19, 5], [20, 3, 21, 4], [22, 1, 23, 2], [24, 14, 1, 13], [2, 21, 3, 22]]"
12a_0204_49,"[[2, 21, 3, 22], [4, 11, 5, 12], [6, 10, 7, 9], [8, 15, 9, 16], [10, 18, 11, 17], [12, 19, 13, 20], [14, 24, 15, 23], [16, 7, 17, 8], [18, 6, 19, 5], [20, 3, 21, 4], [22, 1, 23, 2], [24, 14, 1, 13]]"
12a_0204_50,"[[24, 14, 1, 13], [2, 21, 3, 22], [4, 11, 5, 12], [6, 10, 7, 9], [8, 15, 9, 16], [10, 18, 11, 17], [12, 19, 13, 20], [14, 24, 15, 23], [16, 7, 17, 8], [18, 6, 19, 5], [20, 3, 21, 4], [22, 1, 23, 2]]"
12a_0204_51,"[[22, 1, 23, 2], [24, 14, 1, 13], [2, 21, 3, 22], [4, 11, 5, 12], [6, 10, 7, 9], [8, 15, 9, 16], [10, 18, 11, 17], [12, 19, 13, 20], [14, 24, 15, 23], [16, 7, 17, 8], [18, 6, 19, 5], [20, 3, 21, 4]]"
12a_0204_52,"[[20, 3, 21, 4], [22, 1, 23, 2], [24, 14, 1, 13], [2, 21, 3, 22], [4, 11, 5, 12], [6, 10, 7, 9], [8, 15, 9, 16], [10, 18, 11, 17], [12, 19, 13, 20], [14, 24, 15, 23], [16, 7, 17, 8], [18, 6, 19, 5]]"
12a_0204_53,"[[18, 6, 19, 5], [20, 3, 21, 4], [22, 1, 23, 2], [24, 14, 1, 13], [2, 21, 3, 22], [4, 11, 5, 12], [6, 10, 7, 9], [8, 15, 9, 16], [10, 18, 11, 17], [12, 19, 13, 20], [14, 24, 15, 23], [16, 7, 17, 8]]"
12a_0204_54,"[[16, 7, 17, 8], [18, 6, 19, 5], [20, 3, 21, 4], [22, 1, 23, 2], [24, 14, 1, 13], [2, 21, 3, 22], [4, 11, 5, 12], [6, 10, 7, 9], [8, 15, 9, 16], [10, 18, 11, 17], [12, 19, 13, 20], [14, 24, 15, 23]]"
12a_0204_55,"[[14, 24, 15, 23], [16, 7, 17, 8], [18, 6, 19, 5], [20, 3, 21, 4], [22, 1, 23, 2], [24, 14, 1, 13], [2, 21, 3, 22], [4, 11, 5, 12], [6, 10, 7, 9], [8, 15, 9, 16], [10, 18, 11, 17], [12, 19, 13, 20]]"
12a_0204_56,"[[12, 19, 13, 20], [14, 24, 15, 23], [16, 7, 17, 8], [18, 6, 19, 5], [20, 3, 21, 4], [22, 1, 23, 2], [24, 14, 1, 13], [2, 21, 3, 22], [4, 11, 5, 12], [6, 10, 7, 9], [8, 15, 9, 16], [10, 18, 11, 17]]"
12a_0204_57,"[[10, 18, 11, 17], [12, 19, 13, 20], [14, 24, 15, 23], [16, 7, 17, 8], [18, 6, 19, 5], [20, 3, 21, 4], [22, 1, 23, 2], [24, 14, 1, 13], [2, 21, 3, 22], [4, 11, 5, 12], [6, 10, 7, 9], [8, 15, 9, 16]]"
12a_0204_58,"[[8, 15, 9, 16], [10, 18, 11, 17], [12, 19, 13, 20], [14, 24, 15, 23], [16, 7, 17, 8], [18, 6, 19, 5], [20, 3, 21, 4], [22, 1, 23, 2], [24, 14, 1, 13], [2, 21, 3, 22], [4, 11, 5, 12], [6, 10, 7, 9]]"
12a_0204_59,"[[6, 10, 7, 9], [8, 15, 9, 16], [10, 18, 11, 17], [12, 19, 13, 20], [14, 24, 15, 23], [16, 7, 17, 8], [18, 6, 19, 5], [20, 3, 21, 4], [22, 1, 23, 2], [24, 14, 1, 13], [2, 21, 3, 22], [4, 11, 5, 12]]"
12a_0204_60,"[[5, 12, 6, 13], [7, 11, 8, 10], [9, 16, 10, 17], [11, 19, 12, 18], [13, 20, 14, 21], [15, 1, 16, 24], [17, 8, 18, 9], [19, 7, 20, 6], [21, 4, 22, 5], [23, 2, 24, 3], [1, 15, 2, 14], [3, 22, 4, 23]]"
12a_0204_61,"[[3, 22, 4, 23], [5, 12, 6, 13], [7, 11, 8, 10], [9, 16, 10, 17], [11, 19, 12, 18], [13, 20, 14, 21], [15, 1, 16, 24], [17, 8, 18, 9], [19, 7, 20, 6], [21, 4, 22, 5], [23, 2, 24, 3], [1, 15, 2, 14]]"
12a_0204_62,"[[1, 15, 2, 14], [3, 22, 4, 23], [5, 12, 6, 13], [7, 11, 8, 10], [9, 16, 10, 17], [11, 19, 12, 18], [13, 20, 14, 21], [15, 1, 16, 24], [17, 8, 18, 9], [19, 7, 20, 6], [21, 4, 22, 5], [23, 2, 24, 3]]"
12a_0204_63,"[[23, 2, 24, 3], [1, 15, 2, 14], [3, 22, 4, 23], [5, 12, 6, 13], [7, 11, 8, 10], [9, 16, 10, 17], [11, 19, 12, 18], [13, 20, 14, 21], [15, 1, 16, 24], [17, 8, 18, 9], [19, 7, 20, 6], [21, 4, 22, 5]]"
12a_0204_64,"[[21, 4, 22, 5], [23, 2, 24, 3], [1, 15, 2, 14], [3, 22, 4, 23], [5, 12, 6, 13], [7, 11, 8, 10], [9, 16, 10, 17], [11, 19, 12, 18], [13, 20, 14, 21], [15, 1, 16, 24], [17, 8, 18, 9], [19, 7, 20, 6]]"
12a_0204_65,"[[19, 7, 20, 6], [21, 4, 22, 5], [23, 2, 24, 3], [1, 15, 2, 14], [3, 22, 4, 23], [5, 12, 6, 13], [7, 11, 8, 10], [9, 16, 10, 17], [11, 19, 12, 18], [13, 20, 14, 21], [15, 1, 16, 24], [17, 8, 18, 9]]"
12a_0204_66,"[[17, 8, 18, 9], [19, 7, 20, 6], [21, 4, 22, 5], [23, 2, 24, 3], [1, 15, 2, 14], [3, 22, 4, 23], [5, 12, 6, 13], [7, 11, 8, 10], [9, 16, 10, 17], [11, 19, 12, 18], [13, 20, 14, 21], [15, 1, 16, 24]]"
12a_0204_67,"[[15, 1, 16, 24], [17, 8, 18, 9], [19, 7, 20, 6], [21, 4, 22, 5], [23, 2, 24, 3], [1, 15, 2, 14], [3, 22, 4, 23], [5, 12, 6, 13], [7, 11, 8, 10], [9, 16, 10, 17], [11, 19, 12, 18], [13, 20, 14, 21]]"
12a_0204_68,"[[13, 20, 14, 21], [15, 1, 16, 24], [17, 8, 18, 9], [19, 7, 20, 6], [21, 4, 22, 5], [23, 2, 24, 3], [1, 15, 2, 14], [3, 22, 4, 23], [5, 12, 6, 13], [7, 11, 8, 10], [9, 16, 10, 17], [11, 19, 12, 18]]"
12a_0204_69,"[[11, 19, 12, 18], [13, 20, 14, 21], [15, 1, 16, 24], [17, 8, 18, 9], [19, 7, 20, 6], [21, 4, 22, 5], [23, 2, 24, 3], [1, 15, 2, 14], [3, 22, 4, 23], [5, 12, 6, 13], [7, 11, 8, 10], [9, 16, 10, 17]]"
12a_0204_70,"[[9, 16, 10, 17], [11, 19, 12, 18], [13, 20, 14, 21], [15, 1, 16, 24], [17, 8, 18, 9], [19, 7, 20, 6], [21, 4, 22, 5], [23, 2, 24, 3], [1, 15, 2, 14], [3, 22, 4, 23], [5, 12, 6, 13], [7, 11, 8, 10]]"
12a_0204_71,"[[7, 11, 8, 10], [9, 16, 10, 17], [11, 19, 12, 18], [13, 20, 14, 21], [15, 1, 16, 24], [17, 8, 18, 9], [19, 7, 20, 6], [21, 4, 22, 5], [23, 2, 24, 3], [1, 15, 2, 14], [3, 22, 4, 23], [5, 12, 6, 13]]"
12a_0204_72,"[[6, 13, 7, 14], [8, 12, 9, 11], [10, 17, 11, 18], [12, 20, 13, 19], [14, 21, 15, 22], [16, 2, 17, 1], [18, 9, 19, 10], [20, 8, 21, 7], [22, 5, 23, 6], [24, 3, 1, 4], [2, 16, 3, 15], [4, 23, 5, 24]]"
12a_0204_73,"[[4, 23, 5, 24], [6, 13, 7, 14], [8, 12, 9, 11], [10, 17, 11, 18], [12, 20, 13, 19], [14, 21, 15, 22], [16, 2, 17, 1], [18, 9, 19, 10], [20, 8, 21, 7], [22, 5, 23, 6], [24, 3, 1, 4], [2, 16, 3, 15]]"
12a_0204_74,"[[2, 16, 3, 15], [4, 23, 5, 24], [6, 13, 7, 14], [8, 12, 9, 11], [10, 17, 11, 18], [12, 20, 13, 19], [14, 21, 15, 22], [16, 2, 17, 1], [18, 9, 19, 10], [20, 8, 21, 7], [22, 5, 23, 6], [24, 3, 1, 4]]"
12a_0204_75,"[[24, 3, 1, 4], [2, 16, 3, 15], [4, 23, 5, 24], [6, 13, 7, 14], [8, 12, 9, 11], [10, 17, 11, 18], [12, 20, 13, 19], [14, 21, 15, 22], [16, 2, 17, 1], [18, 9, 19, 10], [20, 8, 21, 7], [22, 5, 23, 6]]"
12a_0204_76,"[[22, 5, 23, 6], [24, 3, 1, 4], [2, 16, 3, 15], [4, 23, 5, 24], [6, 13, 7, 14], [8, 12, 9, 11], [10, 17, 11, 18], [12, 20, 13, 19], [14, 21, 15, 22], [16, 2, 17, 1], [18, 9, 19, 10], [20, 8, 21, 7]]"
12a_0204_77,"[[20, 8, 21, 7], [22, 5, 23, 6], [24, 3, 1, 4], [2, 16, 3, 15], [4, 23, 5, 24], [6, 13, 7, 14], [8, 12, 9, 11], [10, 17, 11, 18], [12, 20, 13, 19], [14, 21, 15, 22], [16, 2, 17, 1], [18, 9, 19, 10]]"
12a_0204_78,"[[18, 9, 19, 10], [20, 8, 21, 7], [22, 5, 23, 6], [24, 3, 1, 4], [2, 16, 3, 15], [4, 23, 5, 24], [6, 13, 7, 14], [8, 12, 9, 11], [10, 17, 11, 18], [12, 20, 13, 19], [14, 21, 15, 22], [16, 2, 17, 1]]"
12a_0204_79,"[[16, 2, 17, 1], [18, 9, 19, 10], [20, 8, 21, 7], [22, 5, 23, 6], [24, 3, 1, 4], [2, 16, 3, 15], [4, 23, 5, 24], [6, 13, 7, 14], [8, 12, 9, 11], [10, 17, 11, 18], [12, 20, 13, 19], [14, 21, 15, 22]]"
12a_0204_80,"[[14, 21, 15, 22], [16, 2, 17, 1], [18, 9, 19, 10], [20, 8, 21, 7], [22, 5, 23, 6], [24, 3, 1, 4], [2, 16, 3, 15], [4, 23, 5, 24], [6, 13, 7, 14], [8, 12, 9, 11], [10, 17, 11, 18], [12, 20, 13, 19]]"
12a_0204_81,"[[12, 20, 13, 19], [14, 21, 15, 22], [16, 2, 17, 1], [18, 9, 19, 10], [20, 8, 21, 7], [22, 5, 23, 6], [24, 3, 1, 4], [2, 16, 3, 15], [4, 23, 5, 24], [6, 13, 7, 14], [8, 12, 9, 11], [10, 17, 11, 18]]"
12a_0204_82,"[[10, 17, 11, 18], [12, 20, 13, 19], [14, 21, 15, 22], [16, 2, 17, 1], [18, 9, 19, 10], [20, 8, 21, 7], [22, 5, 23, 6], [24, 3, 1, 4], [2, 16, 3, 15], [4, 23, 5, 24], [6, 13, 7, 14], [8, 12, 9, 11]]"
12a_0204_83,"[[8, 12, 9, 11], [10, 17, 11, 18], [12, 20, 13, 19], [14, 21, 15, 22], [16, 2, 17, 1], [18, 9, 19, 10], [20, 8, 21, 7], [22, 5, 23, 6], [24, 3, 1, 4], [2, 16, 3, 15], [4, 23, 5, 24], [6, 13, 7, 14]]"
12a_0204_84,"[[7, 14, 8, 15], [9, 13, 10, 12], [11, 18, 12, 19], [13, 21, 14, 20], [15, 22, 16, 23], [17, 3, 18, 2], [19, 10, 20, 11], [21, 9, 22, 8], [23, 6, 24, 7], [1, 4, 2, 5], [3, 17, 4, 16], [5, 24, 6, 1]]"
12a_0204_85,"[[5, 24, 6, 1], [7, 14, 8, 15], [9, 13, 10, 12], [11, 18, 12, 19], [13, 21, 14, 20], [15, 22, 16, 23], [17, 3, 18, 2], [19, 10, 20, 11], [21, 9, 22, 8], [23, 6, 24, 7], [1, 4, 2, 5], [3, 17, 4, 16]]"
12a_0204_86,"[[3, 17, 4, 16], [5, 24, 6, 1], [7, 14, 8, 15], [9, 13, 10, 12], [11, 18, 12, 19], [13, 21, 14, 20], [15, 22, 16, 23], [17, 3, 18, 2], [19, 10, 20, 11], [21, 9, 22, 8], [23, 6, 24, 7], [1, 4, 2, 5]]"
12a_0204_87,"[[1, 4, 2, 5], [3, 17, 4, 16], [5, 24, 6, 1], [7, 14, 8, 15], [9, 13, 10, 12], [11, 18, 12, 19], [13, 21, 14, 20], [15, 22, 16, 23], [17, 3, 18, 2], [19, 10, 20, 11], [21, 9, 22, 8], [23, 6, 24, 7]]"
12a_0204_88,"[[23, 6, 24, 7], [1, 4, 2, 5], [3, 17, 4, 16], [5, 24, 6, 1], [7, 14, 8, 15], [9, 13, 10, 12], [11, 18, 12, 19], [13, 21, 14, 20], [15, 22, 16, 23], [17, 3, 18, 2], [19, 10, 20, 11], [21, 9, 22, 8]]"
12a_0204_89,"[[21, 9, 22, 8], [23, 6, 24, 7], [1, 4, 2, 5], [3, 17, 4, 16], [5, 24, 6, 1], [7, 14, 8, 15], [9, 13, 10, 12], [11, 18, 12, 19], [13, 21, 14, 20], [15, 22, 16, 23], [17, 3, 18, 2], [19, 10, 20, 11]]"
12a_0204_90,"[[19, 10, 20, 11], [21, 9, 22, 8], [23, 6, 24, 7], [1, 4, 2, 5], [3, 17, 4, 16], [5, 24, 6, 1], [7, 14, 8, 15], [9, 13, 10, 12], [11, 18, 12, 19], [13, 21, 14, 20], [15, 22, 16, 23], [17, 3, 18, 2]]"
12a_0204_91,"[[17, 3, 18, 2], [19, 10, 20, 11], [21, 9, 22, 8], [23, 6, 24, 7], [1, 4, 2, 5], [3, 17, 4, 16], [5, 24, 6, 1], [7, 14, 8, 15], [9, 13, 10, 12], [11, 18, 12, 19], [13, 21, 14, 20], [15, 22, 16, 23]]"
12a_0204_92,"[[15, 22, 16, 23], [17, 3, 18, 2], [19, 10, 20, 11], [21, 9, 22, 8], [23, 6, 24, 7], [1, 4, 2, 5], [3, 17, 4, 16], [5, 24, 6, 1], [7, 14, 8, 15], [9, 13, 10, 12], [11, 18, 12, 19], [13, 21, 14, 20]]"
12a_0204_93,"[[13, 21, 14, 20], [15, 22, 16, 23], [17, 3, 18, 2], [19, 10, 20, 11], [21, 9, 22, 8], [23, 6, 24, 7], [1, 4, 2, 5], [3, 17, 4, 16], [5, 24, 6, 1], [7, 14, 8, 15], [9, 13, 10, 12], [11, 18, 12, 19]]"
12a_0204_94,"[[11, 18, 12, 19], [13, 21, 14, 20], [15, 22, 16, 23], [17, 3, 18, 2], [19, 10, 20, 11], [21, 9, 22, 8], [23, 6, 24, 7], [1, 4, 2, 5], [3, 17, 4, 16], [5, 24, 6, 1], [7, 14, 8, 15], [9, 13, 10, 12]]"
12a_0204_95,"[[9, 13, 10, 12], [11, 18, 12, 19], [13, 21, 14, 20], [15, 22, 16, 23], [17, 3, 18, 2], [19, 10, 20, 11], [21, 9, 22, 8], [23, 6, 24, 7], [1, 4, 2, 5], [3, 17, 4, 16], [5, 24, 6, 1], [7, 14, 8, 15]]"
12a_0204_96,"[[8, 15, 9, 16], [10, 14, 11, 13], [12, 19, 13, 20], [14, 22, 15, 21], [16, 23, 17, 24], [18, 4, 19, 3], [20, 11, 21, 12], [22, 10, 23, 9], [24, 7, 1, 8], [2, 5, 3, 6], [4, 18, 5, 17], [6, 1, 7, 2]]"
12a_0204_97,"[[6, 1, 7, 2], [8, 15, 9, 16], [10, 14, 11, 13], [12, 19, 13, 20], [14, 22, 15, 21], [16, 23, 17, 24], [18, 4, 19, 3], [20, 11, 21, 12], [22, 10, 23, 9], [24, 7, 1, 8], [2, 5, 3, 6], [4, 18, 5, 17]]"
12a_0204_98,"[[4, 18, 5, 17], [6, 1, 7, 2], [8, 15, 9, 16], [10, 14, 11, 13], [12, 19, 13, 20], [14, 22, 15, 21], [16, 23, 17, 24], [18, 4, 19, 3], [20, 11, 21, 12], [22, 10, 23, 9], [24, 7, 1, 8], [2, 5, 3, 6]]"
12a_0204_99,"[[2, 5, 3, 6], [4, 18, 5, 17], [6, 1, 7, 2], [8, 15, 9, 16], [10, 14, 11, 13], [12, 19, 13, 20], [14, 22, 15, 21], [16, 23, 17, 24], [18, 4, 19, 3], [20, 11, 21, 12], [22, 10, 23, 9], [24, 7, 1, 8]]"
12a_0204_100,"[[24, 7, 1, 8], [2, 5, 3, 6], [4, 18, 5, 17], [6, 1, 7, 2], [8, 15, 9, 16], [10, 14, 11, 13], [12, 19, 13, 20], [14, 22, 15, 21], [16, 23, 17, 24], [18, 4, 19, 3], [20, 11, 21, 12], [22, 10, 23, 9]]"
12a_0204_101,"[[22, 10, 23, 9], [24, 7, 1, 8], [2, 5, 3, 6], [4, 18, 5, 17], [6, 1, 7, 2], [8, 15, 9, 16], [10, 14, 11, 13], [12, 19, 13, 20], [14, 22, 15, 21], [16, 23, 17, 24], [18, 4, 19, 3], [20, 11, 21, 12]]"
12a_0204_102,"[[20, 11, 21, 12], [22, 10, 23, 9], [24, 7, 1, 8], [2, 5, 3, 6], [4, 18, 5, 17], [6, 1, 7, 2], [8, 15, 9, 16], [10, 14, 11, 13], [12, 19, 13, 20], [14, 22, 15, 21], [16, 23, 17, 24], [18, 4, 19, 3]]"
12a_0204_103,"[[18, 4, 19, 3], [20, 11, 21, 12], [22, 10, 23, 9], [24, 7, 1, 8], [2, 5, 3, 6], [4, 18, 5, 17], [6, 1, 7, 2], [8, 15, 9, 16], [10, 14, 11, 13], [12, 19, 13, 20], [14, 22, 15, 21], [16, 23, 17, 24]]"
12a_0204_104,"[[16, 23, 17, 24], [18, 4, 19, 3], [20, 11, 21, 12], [22, 10, 23, 9], [24, 7, 1, 8], [2, 5, 3, 6], [4, 18, 5, 17], [6, 1, 7, 2], [8, 15, 9, 16], [10, 14, 11, 13], [12, 19, 13, 20], [14, 22, 15, 21]]"
12a_0204_105,"[[14, 22, 15, 21], [16, 23, 17, 24], [18, 4, 19, 3], [20, 11, 21, 12], [22, 10, 23, 9], [24, 7, 1, 8], [2, 5, 3, 6], [4, 18, 5, 17], [6, 1, 7, 2], [8, 15, 9, 16], [10, 14, 11, 13], [12, 19, 13, 20]]"
12a_0204_106,"[[12, 19, 13, 20], [14, 22, 15, 21], [16, 23, 17, 24], [18, 4, 19, 3], [20, 11, 21, 12], [22, 10, 23, 9], [24, 7, 1, 8], [2, 5, 3, 6], [4, 18, 5, 17], [6, 1, 7, 2], [8, 15, 9, 16], [10, 14, 11, 13]]"
12a_0204_107,"[[10, 14, 11, 13], [12, 19, 13, 20], [14, 22, 15, 21], [16, 23, 17, 24], [18, 4, 19, 3], [20, 11, 21, 12], [22, 10, 23, 9], [24, 7, 1, 8], [2, 5, 3, 6], [4, 18, 5, 17], [6, 1, 7, 2], [8, 15, 9, 16]]"
12a_0204_108,"[[9, 16, 10, 17], [11, 15, 12, 14], [13, 20, 14, 21], [15, 23, 16, 22], [17, 24, 18, 1], [19, 5, 20, 4], [21, 12, 22, 13], [23, 11, 24, 10], [1, 8, 2, 9], [3, 6, 4, 7], [5, 19, 6, 18], [7, 2, 8, 3]]"
12a_0204_109,"[[7, 2, 8, 3], [9, 16, 10, 17], [11, 15, 12, 14], [13, 20, 14, 21], [15, 23, 16, 22], [17, 24, 18, 1], [19, 5, 20, 4], [21, 12, 22, 13], [23, 11, 24, 10], [1, 8, 2, 9], [3, 6, 4, 7], [5, 19, 6, 18]]"
12a_0204_110,"[[5, 19, 6, 18], [7, 2, 8, 3], [9, 16, 10, 17], [11, 15, 12, 14], [13, 20, 14, 21], [15, 23, 16, 22], [17, 24, 18, 1], [19, 5, 20, 4], [21, 12, 22, 13], [23, 11, 24, 10], [1, 8, 2, 9], [3, 6, 4, 7]]"
12a_0204_111,"[[3, 6, 4, 7], [5, 19, 6, 18], [7, 2, 8, 3], [9, 16, 10, 17], [11, 15, 12, 14], [13, 20, 14, 21], [15, 23, 16, 22], [17, 24, 18, 1], [19, 5, 20, 4], [21, 12, 22, 13], [23, 11, 24, 10], [1, 8, 2, 9]]"
12a_0204_112,"[[1, 8, 2, 9], [3, 6, 4, 7], [5, 19, 6, 18], [7, 2, 8, 3], [9, 16, 10, 17], [11, 15, 12, 14], [13, 20, 14, 21], [15, 23, 16, 22], [17, 24, 18, 1], [19, 5, 20, 4], [21, 12, 22, 13], [23, 11, 24, 10]]"
12a_0204_113,"[[23, 11, 24, 10], [1, 8, 2, 9], [3, 6, 4, 7], [5, 19, 6, 18], [7, 2, 8, 3], [9, 16, 10, 17], [11, 15, 12, 14], [13, 20, 14, 21], [15, 23, 16, 22], [17, 24, 18, 1], [19, 5, 20, 4], [21, 12, 22, 13]]"
12a_0204_114,"[[21, 12, 22, 13], [23, 11, 24, 10], [1, 8, 2, 9], [3, 6, 4, 7], [5, 19, 6, 18], [7, 2, 8, 3], [9, 16, 10, 17], [11, 15, 12, 14], [13, 20, 14, 21], [15, 23, 16, 22], [17, 24, 18, 1], [19, 5, 20, 4]]"
12a_0204_115,"[[19, 5, 20, 4], [21, 12, 22, 13], [23, 11, 24, 10], [1, 8, 2, 9], [3, 6, 4, 7], [5, 19, 6, 18], [7, 2, 8, 3], [9, 16, 10, 17], [11, 15, 12, 14], [13, 20, 14, 21], [15, 23, 16, 22], [17, 24, 18, 1]]"
12a_0204_116,"[[17, 24, 18, 1], [19, 5, 20, 4], [21, 12, 22, 13], [23, 11, 24, 10], [1, 8, 2, 9], [3, 6, 4, 7], [5, 19, 6, 18], [7, 2, 8, 3], [9, 16, 10, 17], [11, 15, 12, 14], [13, 20, 14, 21], [15, 23, 16, 22]]"
12a_0204_117,"[[15, 23, 16, 22], [17, 24, 18, 1], [19, 5, 20, 4], [21, 12, 22, 13], [23, 11, 24, 10], [1, 8, 2, 9], [3, 6, 4, 7], [5, 19, 6, 18], [7, 2, 8, 3], [9, 16, 10, 17], [11, 15, 12, 14], [13, 20, 14, 21]]"
12a_0204_118,"[[13, 20, 14, 21], [15, 23, 16, 22], [17, 24, 18, 1], [19, 5, 20, 4], [21, 12, 22, 13], [23, 11, 24, 10], [1, 8, 2, 9], [3, 6, 4, 7], [5, 19, 6, 18], [7, 2, 8, 3], [9, 16, 10, 17], [11, 15, 12, 14]]"
12a_0204_119,"[[11, 15, 12, 14], [13, 20, 14, 21], [15, 23, 16, 22], [17, 24, 18, 1], [19, 5, 20, 4], [21, 12, 22, 13], [23, 11, 24, 10], [1, 8, 2, 9], [3, 6, 4, 7], [5, 19, 6, 18], [7, 2, 8, 3], [9, 16, 10, 17]]"
12a_0204_120,"[[10, 17, 11, 18], [12, 16, 13, 15], [14, 21, 15, 22], [16, 24, 17, 23], [18, 1, 19, 2], [20, 6, 21, 5], [22, 13, 23, 14], [24, 12, 1, 11], [2, 9, 3, 10], [4, 7, 5, 8], [6, 20, 7, 19], [8, 3, 9, 4]]"
12a_0204_121,"[[8, 3, 9, 4], [10, 17, 11, 18], [12, 16, 13, 15], [14, 21, 15, 22], [16, 24, 17, 23], [18, 1, 19, 2], [20, 6, 21, 5], [22, 13, 23, 14], [24, 12, 1, 11], [2, 9, 3, 10], [4, 7, 5, 8], [6, 20, 7, 19]]"
12a_0204_122,"[[6, 20, 7, 19], [8, 3, 9, 4], [10, 17, 11, 18], [12, 16, 13, 15], [14, 21, 15, 22], [16, 24, 17, 23], [18, 1, 19, 2], [20, 6, 21, 5], [22, 13, 23, 14], [24, 12, 1, 11], [2, 9, 3, 10], [4, 7, 5, 8]]"
12a_0204_123,"[[4, 7, 5, 8], [6, 20, 7, 19], [8, 3, 9, 4], [10, 17, 11, 18], [12, 16, 13, 15], [14, 21, 15, 22], [16, 24, 17, 23], [18, 1, 19, 2], [20, 6, 21, 5], [22, 13, 23, 14], [24, 12, 1, 11], [2, 9, 3, 10]]"
12a_0204_124,"[[2, 9, 3, 10], [4, 7, 5, 8], [6, 20, 7, 19], [8, 3, 9, 4], [10, 17, 11, 18], [12, 16, 13, 15], [14, 21, 15, 22], [16, 24, 17, 23], [18, 1, 19, 2], [20, 6, 21, 5], [22, 13, 23, 14], [24, 12, 1, 11]]"
12a_0204_125,"[[24, 12, 1, 11], [2, 9, 3, 10], [4, 7, 5, 8], [6, 20, 7, 19], [8, 3, 9, 4], [10, 17, 11, 18], [12, 16, 13, 15], [14, 21, 15, 22], [16, 24, 17, 23], [18, 1, 19, 2], [20, 6, 21, 5], [22, 13, 23, 14]]"
12a_0204_126,"[[22, 13, 23, 14], [24, 12, 1, 11], [2, 9, 3, 10], [4, 7, 5, 8], [6, 20, 7, 19], [8, 3, 9, 4], [10, 17, 11, 18], [12, 16, 13, 15], [14, 21, 15, 22], [16, 24, 17, 23], [18, 1, 19, 2], [20, 6, 21, 5]]"
12a_0204_127,"[[20, 6, 21, 5], [22, 13, 23, 14], [24, 12, 1, 11], [2, 9, 3, 10], [4, 7, 5, 8], [6, 20, 7, 19], [8, 3, 9, 4], [10, 17, 11, 18], [12, 16, 13, 15], [14, 21, 15, 22], [16, 24, 17, 23], [18, 1, 19, 2]]"
12a_0204_128,"[[18, 1, 19, 2], [20, 6, 21, 5], [22, 13, 23, 14], [24, 12, 1, 11], [2, 9, 3, 10], [4, 7, 5, 8], [6, 20, 7, 19], [8, 3, 9, 4], [10, 17, 11, 18], [12, 16, 13, 15], [14, 21, 15, 22], [16, 24, 17, 23]]"
12a_0204_129,"[[16, 24, 17, 23], [18, 1, 19, 2], [20, 6, 21, 5], [22, 13, 23, 14], [24, 12, 1, 11], [2, 9, 3, 10], [4, 7, 5, 8], [6, 20, 7, 19], [8, 3, 9, 4], [10, 17, 11, 18], [12, 16, 13, 15], [14, 21, 15, 22]]"
12a_0204_130,"[[14, 21, 15, 22], [16, 24, 17, 23], [18, 1, 19, 2], [20, 6, 21, 5], [22, 13, 23, 14], [24, 12, 1, 11], [2, 9, 3, 10], [4, 7, 5, 8], [6, 20, 7, 19], [8, 3, 9, 4], [10, 17, 11, 18], [12, 16, 13, 15]]"
12a_0204_131,"[[12, 16, 13, 15], [14, 21, 15, 22], [16, 24, 17, 23], [18, 1, 19, 2], [20, 6, 21, 5], [22, 13, 23, 14], [24, 12, 1, 11], [2, 9, 3, 10], [4, 7, 5, 8], [6, 20, 7, 19], [8, 3, 9, 4], [10, 17, 11, 18]]"
12a_0204_132,"[[11, 18, 12, 19], [13, 17, 14, 16], [15, 22, 16, 23], [17, 1, 18, 24], [19, 2, 20, 3], [21, 7, 22, 6], [23, 14, 24, 15], [1, 13, 2, 12], [3, 10, 4, 11], [5, 8, 6, 9], [7, 21, 8, 20], [9, 4, 10, 5]]"
12a_0204_133,"[[9, 4, 10, 5], [11, 18, 12, 19], [13, 17, 14, 16], [15, 22, 16, 23], [17, 1, 18, 24], [19, 2, 20, 3], [21, 7, 22, 6], [23, 14, 24, 15], [1, 13, 2, 12], [3, 10, 4, 11], [5, 8, 6, 9], [7, 21, 8, 20]]"
12a_0204_134,"[[7, 21, 8, 20], [9, 4, 10, 5], [11, 18, 12, 19], [13, 17, 14, 16], [15, 22, 16, 23], [17, 1, 18, 24], [19, 2, 20, 3], [21, 7, 22, 6], [23, 14, 24, 15], [1, 13, 2, 12], [3, 10, 4, 11], [5, 8, 6, 9]]"
12a_0204_135,"[[5, 8, 6, 9], [7, 21, 8, 20], [9, 4, 10, 5], [11, 18, 12, 19], [13, 17, 14, 16], [15, 22, 16, 23], [17, 1, 18, 24], [19, 2, 20, 3], [21, 7, 22, 6], [23, 14, 24, 15], [1, 13, 2, 12], [3, 10, 4, 11]]"
12a_0204_136,"[[3, 10, 4, 11], [5, 8, 6, 9], [7, 21, 8, 20], [9, 4, 10, 5], [11, 18, 12, 19], [13, 17, 14, 16], [15, 22, 16, 23], [17, 1, 18, 24], [19, 2, 20, 3], [21, 7, 22, 6], [23, 14, 24, 15], [1, 13, 2, 12]]"
12a_0204_137,"[[1, 13, 2, 12], [3, 10, 4, 11], [5, 8, 6, 9], [7, 21, 8, 20], [9, 4, 10, 5], [11, 18, 12, 19], [13, 17, 14, 16], [15, 22, 16, 23], [17, 1, 18, 24], [19, 2, 20, 3], [21, 7, 22, 6], [23, 14, 24, 15]]"
12a_0204_138,"[[23, 14, 24, 15], [1, 13, 2, 12], [3, 10, 4, 11], [5, 8, 6, 9], [7, 21, 8, 20], [9, 4, 10, 5], [11, 18, 12, 19], [13, 17, 14, 16], [15, 22, 16, 23], [17, 1, 18, 24], [19, 2, 20, 3], [21, 7, 22, 6]]"
12a_0204_139,"[[21, 7, 22, 6], [23, 14, 24, 15], [1, 13, 2, 12], [3, 10, 4, 11], [5, 8, 6, 9], [7, 21, 8, 20], [9, 4, 10, 5], [11, 18, 12, 19], [13, 17, 14, 16], [15, 22, 16, 23], [17, 1, 18, 24], [19, 2, 20, 3]]"
12a_0204_140,"[[19, 2, 20, 3], [21, 7, 22, 6], [23, 14, 24, 15], [1, 13, 2, 12], [3, 10, 4, 11], [5, 8, 6, 9], [7, 21, 8, 20], [9, 4, 10, 5], [11, 18, 12, 19], [13, 17, 14, 16], [15, 22, 16, 23], [17, 1, 18, 24]]"
12a_0204_141,"[[17, 1, 18, 24], [19, 2, 20, 3], [21, 7, 22, 6], [23, 14, 24, 15], [1, 13, 2, 12], [3, 10, 4, 11], [5, 8, 6, 9], [7, 21, 8, 20], [9, 4, 10, 5], [11, 18, 12, 19], [13, 17, 14, 16], [15, 22, 16, 23]]"
12a_0204_142,"[[15, 22, 16, 23], [17, 1, 18, 24], [19, 2, 20, 3], [21, 7, 22, 6], [23, 14, 24, 15], [1, 13, 2, 12], [3, 10, 4, 11], [5, 8, 6, 9], [7, 21, 8, 20], [9, 4, 10, 5], [11, 18, 12, 19], [13, 17, 14, 16]]"
12a_0204_143,"[[13, 17, 14, 16], [15, 22, 16, 23], [17, 1, 18, 24], [19, 2, 20, 3], [21, 7, 22, 6], [23, 14, 24, 15], [1, 13, 2, 12], [3, 10, 4, 11], [5, 8, 6, 9], [7, 21, 8, 20], [9, 4, 10, 5], [11, 18, 12, 19]]"
12a_0204_144,"[[12, 19, 13, 20], [14, 18, 15, 17], [16, 23, 17, 24], [18, 2, 19, 1], [20, 3, 21, 4], [22, 8, 23, 7], [24, 15, 1, 16], [2, 14, 3, 13], [4, 11, 5, 12], [6, 9, 7, 10], [8, 22, 9, 21], [10, 5, 11, 6]]"
12a_0204_145,"[[10, 5, 11, 6], [12, 19, 13, 20], [14, 18, 15, 17], [16, 23, 17, 24], [18, 2, 19, 1], [20, 3, 21, 4], [22, 8, 23, 7], [24, 15, 1, 16], [2, 14, 3, 13], [4, 11, 5, 12], [6, 9, 7, 10], [8, 22, 9, 21]]"
12a_0204_146,"[[8, 22, 9, 21], [10, 5, 11, 6], [12, 19, 13, 20], [14, 18, 15, 17], [16, 23, 17, 24], [18, 2, 19, 1], [20, 3, 21, 4], [22, 8, 23, 7], [24, 15, 1, 16], [2, 14, 3, 13], [4, 11, 5, 12], [6, 9, 7, 10]]"
12a_0204_147,"[[6, 9, 7, 10], [8, 22, 9, 21], [10, 5, 11, 6], [12, 19, 13, 20], [14, 18, 15, 17], [16, 23, 17, 24], [18, 2, 19, 1], [20, 3, 21, 4], [22, 8, 23, 7], [24, 15, 1, 16], [2, 14, 3, 13], [4, 11, 5, 12]]"
12a_0204_148,"[[4, 11, 5, 12], [6, 9, 7, 10], [8, 22, 9, 21], [10, 5, 11, 6], [12, 19, 13, 20], [14, 18, 15, 17], [16, 23, 17, 24], [18, 2, 19, 1], [20, 3, 21, 4], [22, 8, 23, 7], [24, 15, 1, 16], [2, 14, 3, 13]]"
12a_0204_149,"[[2, 14, 3, 13], [4, 11, 5, 12], [6, 9, 7, 10], [8, 22, 9, 21], [10, 5, 11, 6], [12, 19, 13, 20], [14, 18, 15, 17], [16, 23, 17, 24], [18, 2, 19, 1], [20, 3, 21, 4], [22, 8, 23, 7], [24, 15, 1, 16]]"
12a_0204_150,"[[24, 15, 1, 16], [2, 14, 3, 13], [4, 11, 5, 12], [6, 9, 7, 10], [8, 22, 9, 21], [10, 5, 11, 6], [12, 19, 13, 20], [14, 18, 15, 17], [16, 23, 17, 24], [18, 2, 19, 1], [20, 3, 21, 4], [22, 8, 23, 7]]"
12a_0204_151,"[[22, 8, 23, 7], [24, 15, 1, 16], [2, 14, 3, 13], [4, 11, 5, 12], [6, 9, 7, 10], [8, 22, 9, 21], [10, 5, 11, 6], [12, 19, 13, 20], [14, 18, 15, 17], [16, 23, 17, 24], [18, 2, 19, 1], [20, 3, 21, 4]]"
12a_0204_152,"[[20, 3, 21, 4], [22, 8, 23, 7], [24, 15, 1, 16], [2, 14, 3, 13], [4, 11, 5, 12], [6, 9, 7, 10], [8, 22, 9, 21], [10, 5, 11, 6], [12, 19, 13, 20], [14, 18, 15, 17], [16, 23, 17, 24], [18, 2, 19, 1]]"
12a_0204_153,"[[18, 2, 19, 1], [20, 3, 21, 4], [22, 8, 23, 7], [24, 15, 1, 16], [2, 14, 3, 13], [4, 11, 5, 12], [6, 9, 7, 10], [8, 22, 9, 21], [10, 5, 11, 6], [12, 19, 13, 20], [14, 18, 15, 17], [16, 23, 17, 24]]"
12a_0204_154,"[[16, 23, 17, 24], [18, 2, 19, 1], [20, 3, 21, 4], [22, 8, 23, 7], [24, 15, 1, 16], [2, 14, 3, 13], [4, 11, 5, 12], [6, 9, 7, 10], [8, 22, 9, 21], [10, 5, 11, 6], [12, 19, 13, 20], [14, 18, 15, 17]]"
12a_0204_155,"[[14, 18, 15, 17], [16, 23, 17, 24], [18, 2, 19, 1], [20, 3, 21, 4], [22, 8, 23, 7], [24, 15, 1, 16], [2, 14, 3, 13], [4, 11, 5, 12], [6, 9, 7, 10], [8, 22, 9, 21], [10, 5, 11, 6], [12, 19, 13, 20]]"
12a_0204_156,"[[13, 20, 14, 21], [15, 19, 16, 18], [17, 24, 18, 1], [19, 3, 20, 2], [21, 4, 22, 5], [23, 9, 24, 8], [1, 16, 2, 17], [3, 15, 4, 14], [5, 12, 6, 13], [7, 10, 8, 11], [9, 23, 10, 22], [11, 6, 12, 7]]"
12a_0204_157,"[[11, 6, 12, 7], [13, 20, 14, 21], [15, 19, 16, 18], [17, 24, 18, 1], [19, 3, 20, 2], [21, 4, 22, 5], [23, 9, 24, 8], [1, 16, 2, 17], [3, 15, 4, 14], [5, 12, 6, 13], [7, 10, 8, 11], [9, 23, 10, 22]]"
12a_0204_158,"[[9, 23, 10, 22], [11, 6, 12, 7], [13, 20, 14, 21], [15, 19, 16, 18], [17, 24, 18, 1], [19, 3, 20, 2], [21, 4, 22, 5], [23, 9, 24, 8], [1, 16, 2, 17], [3, 15, 4, 14], [5, 12, 6, 13], [7, 10, 8, 11]]"
12a_0204_159,"[[7, 10, 8, 11], [9, 23, 10, 22], [11, 6, 12, 7], [13, 20, 14, 21], [15, 19, 16, 18], [17, 24, 18, 1], [19, 3, 20, 2], [21, 4, 22, 5], [23, 9, 24, 8], [1, 16, 2, 17], [3, 15, 4, 14], [5, 12, 6, 13]]"
12a_0204_160,"[[5, 12, 6, 13], [7, 10, 8, 11], [9, 23, 10, 22], [11, 6, 12, 7], [13, 20, 14, 21], [15, 19, 16, 18], [17, 24, 18, 1], [19, 3, 20, 2], [21, 4, 22, 5], [23, 9, 24, 8], [1, 16, 2, 17], [3, 15, 4, 14]]"
12a_0204_161,"[[3, 15, 4, 14], [5, 12, 6, 13], [7, 10, 8, 11], [9, 23, 10, 22], [11, 6, 12, 7], [13, 20, 14, 21], [15, 19, 16, 18], [17, 24, 18, 1], [19, 3, 20, 2], [21, 4, 22, 5], [23, 9, 24, 8], [1, 16, 2, 17]]"
12a_0204_162,"[[1, 16, 2, 17], [3, 15, 4, 14], [5, 12, 6, 13], [7, 10, 8, 11], [9, 23, 10, 22], [11, 6, 12, 7], [13, 20, 14, 21], [15, 19, 16, 18], [17, 24, 18, 1], [19, 3, 20, 2], [21, 4, 22, 5], [23, 9, 24, 8]]"
12a_0204_163,"[[23, 9, 24, 8], [1, 16, 2, 17], [3, 15, 4, 14], [5, 12, 6, 13], [7, 10, 8, 11], [9, 23, 10, 22], [11, 6, 12, 7], [13, 20, 14, 21], [15, 19, 16, 18], [17, 24, 18, 1], [19, 3, 20, 2], [21, 4, 22, 5]]"
12a_0204_164,"[[21, 4, 22, 5], [23, 9, 24, 8], [1, 16, 2, 17], [3, 15, 4, 14], [5, 12, 6, 13], [7, 10, 8, 11], [9, 23, 10, 22], [11, 6, 12, 7], [13, 20, 14, 21], [15, 19, 16, 18], [17, 24, 18, 1], [19, 3, 20, 2]]"
12a_0204_165,"[[19, 3, 20, 2], [21, 4, 22, 5], [23, 9, 24, 8], [1, 16, 2, 17], [3, 15, 4, 14], [5, 12, 6, 13], [7, 10, 8, 11], [9, 23, 10, 22], [11, 6, 12, 7], [13, 20, 14, 21], [15, 19, 16, 18], [17, 24, 18, 1]]"
12a_0204_166,"[[17, 24, 18, 1], [19, 3, 20, 2], [21, 4, 22, 5], [23, 9, 24, 8], [1, 16, 2, 17], [3, 15, 4, 14], [5, 12, 6, 13], [7, 10, 8, 11], [9, 23, 10, 22], [11, 6, 12, 7], [13, 20, 14, 21], [15, 19, 16, 18]]"
12a_0204_167,"[[15, 19, 16, 18], [17, 24, 18, 1], [19, 3, 20, 2], [21, 4, 22, 5], [23, 9, 24, 8], [1, 16, 2, 17], [3, 15, 4, 14], [5, 12, 6, 13], [7, 10, 8, 11], [9, 23, 10, 22], [11, 6, 12, 7], [13, 20, 14, 21]]"
12a_0204_168,"[[14, 21, 15, 22], [16, 20, 17, 19], [18, 1, 19, 2], [20, 4, 21, 3], [22, 5, 23, 6], [24, 10, 1, 9], [2, 17, 3, 18], [4, 16, 5, 15], [6, 13, 7, 14], [8, 11, 9, 12], [10, 24, 11, 23], [12, 7, 13, 8]]"
12a_0204_169,"[[12, 7, 13, 8], [14, 21, 15, 22], [16, 20, 17, 19], [18, 1, 19, 2], [20, 4, 21, 3], [22, 5, 23, 6], [24, 10, 1, 9], [2, 17, 3, 18], [4, 16, 5, 15], [6, 13, 7, 14], [8, 11, 9, 12], [10, 24, 11, 23]]"
12a_0204_170,"[[10, 24, 11, 23], [12, 7, 13, 8], [14, 21, 15, 22], [16, 20, 17, 19], [18, 1, 19, 2], [20, 4, 21, 3], [22, 5, 23, 6], [24, 10, 1, 9], [2, 17, 3, 18], [4, 16, 5, 15], [6, 13, 7, 14], [8, 11, 9, 12]]"
12a_0204_171,"[[8, 11, 9, 12], [10, 24, 11, 23], [12, 7, 13, 8], [14, 21, 15, 22], [16, 20, 17, 19], [18, 1, 19, 2], [20, 4, 21, 3], [22, 5, 23, 6], [24, 10, 1, 9], [2, 17, 3, 18], [4, 16, 5, 15], [6, 13, 7, 14]]"
12a_0204_172,"[[6, 13, 7, 14], [8, 11, 9, 12], [10, 24, 11, 23], [12, 7, 13, 8], [14, 21, 15, 22], [16, 20, 17, 19], [18, 1, 19, 2], [20, 4, 21, 3], [22, 5, 23, 6], [24, 10, 1, 9], [2, 17, 3, 18], [4, 16, 5, 15]]"
12a_0204_173,"[[4, 16, 5, 15], [6, 13, 7, 14], [8, 11, 9, 12], [10, 24, 11, 23], [12, 7, 13, 8], [14, 21, 15, 22], [16, 20, 17, 19], [18, 1, 19, 2], [20, 4, 21, 3], [22, 5, 23, 6], [24, 10, 1, 9], [2, 17, 3, 18]]"
12a_0204_174,"[[2, 17, 3, 18], [4, 16, 5, 15], [6, 13, 7, 14], [8, 11, 9, 12], [10, 24, 11, 23], [12, 7, 13, 8], [14, 21, 15, 22], [16, 20, 17, 19], [18, 1, 19, 2], [20, 4, 21, 3], [22, 5, 23, 6], [24, 10, 1, 9]]"
12a_0204_175,"[[24, 10, 1, 9], [2, 17, 3, 18], [4, 16, 5, 15], [6, 13, 7, 14], [8, 11, 9, 12], [10, 24, 11, 23], [12, 7, 13, 8], [14, 21, 15, 22], [16, 20, 17, 19], [18, 1, 19, 2], [20, 4, 21, 3], [22, 5, 23, 6]]"
12a_0204_176,"[[22, 5, 23, 6], [24, 10, 1, 9], [2, 17, 3, 18], [4, 16, 5, 15], [6, 13, 7, 14], [8, 11, 9, 12], [10, 24, 11, 23], [12, 7, 13, 8], [14, 21, 15, 22], [16, 20, 17, 19], [18, 1, 19, 2], [20, 4, 21, 3]]"
12a_0204_177,"[[20, 4, 21, 3], [22, 5, 23, 6], [24, 10, 1, 9], [2, 17, 3, 18], [4, 16, 5, 15], [6, 13, 7, 14], [8, 11, 9, 12], [10, 24, 11, 23], [12, 7, 13, 8], [14, 21, 15, 22], [16, 20, 17, 19], [18, 1, 19, 2]]"
12a_0204_178,"[[18, 1, 19, 2], [20, 4, 21, 3], [22, 5, 23, 6], [24, 10, 1, 9], [2, 17, 3, 18], [4, 16, 5, 15], [6, 13, 7, 14], [8, 11, 9, 12], [10, 24, 11, 23], [12, 7, 13, 8], [14, 21, 15, 22], [16, 20, 17, 19]]"
12a_0204_179,"[[16, 20, 17, 19], [18, 1, 19, 2], [20, 4, 21, 3], [22, 5, 23, 6], [24, 10, 1, 9], [2, 17, 3, 18], [4, 16, 5, 15], [6, 13, 7, 14], [8, 11, 9, 12], [10, 24, 11, 23], [12, 7, 13, 8], [14, 21, 15, 22]]"
12a_0204_180,"[[15, 22, 16, 23], [17, 21, 18, 20], [19, 2, 20, 3], [21, 5, 22, 4], [23, 6, 24, 7], [1, 11, 2, 10], [3, 18, 4, 19], [5, 17, 6, 16], [7, 14, 8, 15], [9, 12, 10, 13], [11, 1, 12, 24], [13, 8, 14, 9]]"
12a_0204_181,"[[13, 8, 14, 9], [15, 22, 16, 23], [17, 21, 18, 20], [19, 2, 20, 3], [21, 5, 22, 4], [23, 6, 24, 7], [1, 11, 2, 10], [3, 18, 4, 19], [5, 17, 6, 16], [7, 14, 8, 15], [9, 12, 10, 13], [11, 1, 12, 24]]"
12a_0204_182,"[[11, 1, 12, 24], [13, 8, 14, 9], [15, 22, 16, 23], [17, 21, 18, 20], [19, 2, 20, 3], [21, 5, 22, 4], [23, 6, 24, 7], [1, 11, 2, 10], [3, 18, 4, 19], [5, 17, 6, 16], [7, 14, 8, 15], [9, 12, 10, 13]]"
12a_0204_183,"[[9, 12, 10, 13], [11, 1, 12, 24], [13, 8, 14, 9], [15, 22, 16, 23], [17, 21, 18, 20], [19, 2, 20, 3], [21, 5, 22, 4], [23, 6, 24, 7], [1, 11, 2, 10], [3, 18, 4, 19], [5, 17, 6, 16], [7, 14, 8, 15]]"
12a_0204_184,"[[7, 14, 8, 15], [9, 12, 10, 13], [11, 1, 12, 24], [13, 8, 14, 9], [15, 22, 16, 23], [17, 21, 18, 20], [19, 2, 20, 3], [21, 5, 22, 4], [23, 6, 24, 7], [1, 11, 2, 10], [3, 18, 4, 19], [5, 17, 6, 16]]"
12a_0204_185,"[[5, 17, 6, 16], [7, 14, 8, 15], [9, 12, 10, 13], [11, 1, 12, 24], [13, 8, 14, 9], [15, 22, 16, 23], [17, 21, 18, 20], [19, 2, 20, 3], [21, 5, 22, 4], [23, 6, 24, 7], [1, 11, 2, 10], [3, 18, 4, 19]]"
