name,pd_notation
12a_0356_0,"[[24, 20, 1, 19], [2, 6, 3, 5], [4, 12, 5, 11], [6, 18, 7, 17], [8, 16, 9, 15], [10, 4, 11, 3], [12, 22, 13, 21], [14, 10, 15, 9], [16, 8, 17, 7], [18, 2, 19, 1], [20, 24, 21, 23], [22, 14, 23, 13]]"
12a_0356_1,"[[22, 14, 23, 13], [24, 20, 1, 19], [2, 6, 3, 5], [4, 12, 5, 11], [6, 18, 7, 17], [8, 16, 9, 15], [10, 4, 11, 3], [12, 22, 13, 21], [14, 10, 15, 9], [16, 8, 17, 7], [18, 2, 19, 1], [20, 24, 21, 23]]"
12a_0356_2,"[[20, 24, 21, 23], [22, 14, 23, 13], [24, 20, 1, 19], [2, 6, 3, 5], [4, 12, 5, 11], [6, 18, 7, 17], [8, 16, 9, 15], [10, 4, 11, 3], [12, 22, 13, 21], [14, 10, 15, 9], [16, 8, 17, 7], [18, 2, 19, 1]]"
12a_0356_3,"[[18, 2, 19, 1], [20, 24, 21, 23], [22, 14, 23, 13], [24, 20, 1, 19], [2, 6, 3, 5], [4, 12, 5, 11], [6, 18, 7, 17], [8, 16, 9, 15], [10, 4, 11, 3], [12, 22, 13, 21], [14, 10, 15, 9], [16, 8, 17, 7]]"
12a_0356_4,"[[16, 8, 17, 7], [18, 2, 19, 1], [20, 24, 21, 23], [22, 14, 23, 13], [24, 20, 1, 19], [2, 6, 3, 5], [4, 12, 5, 11], [6, 18, 7, 17], [8, 16, 9, 15], [10, 4, 11, 3], [12, 22, 13, 21], [14, 10, 15, 9]]"
12a_0356_5,"[[14, 10, 15, 9], [16, 8, 17, 7], [18, 2, 19, 1], [20, 24, 21, 23], [22, 14, 23, 13], [24, 20, 1, 19], [2, 6, 3, 5], [4, 12, 5, 11], [6, 18, 7, 17], [8, 16, 9, 15], [10, 4, 11, 3], [12, 22, 13, 21]]"
12a_0356_6,"[[12, 22, 13, 21], [14, 10, 15, 9], [16, 8, 17, 7], [18, 2, 19, 1], [20, 24, 21, 23], [22, 14, 23, 13], [24, 20, 1, 19], [2, 6, 3, 5], [4, 12, 5, 11], [6, 18, 7, 17], [8, 16, 9, 15], [10, 4, 11, 3]]"
12a_0356_7,"[[10, 4, 11, 3], [12, 22, 13, 21], [14, 10, 15, 9], [16, 8, 17, 7], [18, 2, 19, 1], [20, 24, 21, 23], [22, 14, 23, 13], [24, 20, 1, 19], [2, 6, 3, 5], [4, 12, 5, 11], [6, 18, 7, 17], [8, 16, 9, 15]]"
12a_0356_8,"[[8, 16, 9, 15], [10, 4, 11, 3], [12, 22, 13, 21], [14, 10, 15, 9], [16, 8, 17, 7], [18, 2, 19, 1], [20, 24, 21, 23], [22, 14, 23, 13], [24, 20, 1, 19], [2, 6, 3, 5], [4, 12, 5, 11], [6, 18, 7, 17]]"
12a_0356_9,"[[6, 18, 7, 17], [8, 16, 9, 15], [10, 4, 11, 3], [12, 22, 13, 21], [14, 10, 15, 9], [16, 8, 17, 7], [18, 2, 19, 1], [20, 24, 21, 23], [22, 14, 23, 13], [24, 20, 1, 19], [2, 6, 3, 5], [4, 12, 5, 11]]"
12a_0356_10,"[[4, 12, 5, 11], [6, 18, 7, 17], [8, 16, 9, 15], [10, 4, 11, 3], [12, 22, 13, 21], [14, 10, 15, 9], [16, 8, 17, 7], [18, 2, 19, 1], [20, 24, 21, 23], [22, 14, 23, 13], [24, 20, 1, 19], [2, 6, 3, 5]]"
12a_0356_11,"[[2, 6, 3, 5], [4, 12, 5, 11], [6, 18, 7, 17], [8, 16, 9, 15], [10, 4, 11, 3], [12, 22, 13, 21], [14, 10, 15, 9], [16, 8, 17, 7], [18, 2, 19, 1], [20, 24, 21, 23], [22, 14, 23, 13], [24, 20, 1, 19]]"
12a_0356_12,"[[1, 21, 2, 20], [3, 7, 4, 6], [5, 13, 6, 12], [7, 19, 8, 18], [9, 17, 10, 16], [11, 5, 12, 4], [13, 23, 14, 22], [15, 11, 16, 10], [17, 9, 18, 8], [19, 3, 20, 2], [21, 1, 22, 24], [23, 15, 24, 14]]"
12a_0356_13,"[[23, 15, 24, 14], [1, 21, 2, 20], [3, 7, 4, 6], [5, 13, 6, 12], [7, 19, 8, 18], [9, 17, 10, 16], [11, 5, 12, 4], [13, 23, 14, 22], [15, 11, 16, 10], [17, 9, 18, 8], [19, 3, 20, 2], [21, 1, 22, 24]]"
12a_0356_14,"[[21, 1, 22, 24], [23, 15, 24, 14], [1, 21, 2, 20], [3, 7, 4, 6], [5, 13, 6, 12], [7, 19, 8, 18], [9, 17, 10, 16], [11, 5, 12, 4], [13, 23, 14, 22], [15, 11, 16, 10], [17, 9, 18, 8], [19, 3, 20, 2]]"
12a_0356_15,"[[19, 3, 20, 2], [21, 1, 22, 24], [23, 15, 24, 14], [1, 21, 2, 20], [3, 7, 4, 6], [5, 13, 6, 12], [7, 19, 8, 18], [9, 17, 10, 16], [11, 5, 12, 4], [13, 23, 14, 22], [15, 11, 16, 10], [17, 9, 18, 8]]"
12a_0356_16,"[[17, 9, 18, 8], [19, 3, 20, 2], [21, 1, 22, 24], [23, 15, 24, 14], [1, 21, 2, 20], [3, 7, 4, 6], [5, 13, 6, 12], [7, 19, 8, 18], [9, 17, 10, 16], [11, 5, 12, 4], [13, 23, 14, 22], [15, 11, 16, 10]]"
12a_0356_17,"[[15, 11, 16, 10], [17, 9, 18, 8], [19, 3, 20, 2], [21, 1, 22, 24], [23, 15, 24, 14], [1, 21, 2, 20], [3, 7, 4, 6], [5, 13, 6, 12], [7, 19, 8, 18], [9, 17, 10, 16], [11, 5, 12, 4], [13, 23, 14, 22]]"
12a_0356_18,"[[13, 23, 14, 22], [15, 11, 16, 10], [17, 9, 18, 8], [19, 3, 20, 2], [21, 1, 22, 24], [23, 15, 24, 14], [1, 21, 2, 20], [3, 7, 4, 6], [5, 13, 6, 12], [7, 19, 8, 18], [9, 17, 10, 16], [11, 5, 12, 4]]"
12a_0356_19,"[[11, 5, 12, 4], [13, 23, 14, 22], [15, 11, 16, 10], [17, 9, 18, 8], [19, 3, 20, 2], [21, 1, 22, 24], [23, 15, 24, 14], [1, 21, 2, 20], [3, 7, 4, 6], [5, 13, 6, 12], [7, 19, 8, 18], [9, 17, 10, 16]]"
12a_0356_20,"[[9, 17, 10, 16], [11, 5, 12, 4], [13, 23, 14, 22], [15, 11, 16, 10], [17, 9, 18, 8], [19, 3, 20, 2], [21, 1, 22, 24], [23, 15, 24, 14], [1, 21, 2, 20], [3, 7, 4, 6], [5, 13, 6, 12], [7, 19, 8, 18]]"
12a_0356_21,"[[7, 19, 8, 18], [9, 17, 10, 16], [11, 5, 12, 4], [13, 23, 14, 22], [15, 11, 16, 10], [17, 9, 18, 8], [19, 3, 20, 2], [21, 1, 22, 24], [23, 15, 24, 14], [1, 21, 2, 20], [3, 7, 4, 6], [5, 13, 6, 12]]"
12a_0356_22,"[[5, 13, 6, 12], [7, 19, 8, 18], [9, 17, 10, 16], [11, 5, 12, 4], [13, 23, 14, 22], [15, 11, 16, 10], [17, 9, 18, 8], [19, 3, 20, 2], [21, 1, 22, 24], [23, 15, 24, 14], [1, 21, 2, 20], [3, 7, 4, 6]]"
12a_0356_23,"[[3, 7, 4, 6], [5, 13, 6, 12], [7, 19, 8, 18], [9, 17, 10, 16], [11, 5, 12, 4], [13, 23, 14, 22], [15, 11, 16, 10], [17, 9, 18, 8], [19, 3, 20, 2], [21, 1, 22, 24], [23, 15, 24, 14], [1, 21, 2, 20]]"
12a_0356_24,"[[2, 22, 3, 21], [4, 8, 5, 7], [6, 14, 7, 13], [8, 20, 9, 19], [10, 18, 11, 17], [12, 6, 13, 5], [14, 24, 15, 23], [16, 12, 17, 11], [18, 10, 19, 9], [20, 4, 21, 3], [22, 2, 23, 1], [24, 16, 1, 15]]"
12a_0356_25,"[[24, 16, 1, 15], [2, 22, 3, 21], [4, 8, 5, 7], [6, 14, 7, 13], [8, 20, 9, 19], [10, 18, 11, 17], [12, 6, 13, 5], [14, 24, 15, 23], [16, 12, 17, 11], [18, 10, 19, 9], [20, 4, 21, 3], [22, 2, 23, 1]]"
12a_0356_26,"[[22, 2, 23, 1], [24, 16, 1, 15], [2, 22, 3, 21], [4, 8, 5, 7], [6, 14, 7, 13], [8, 20, 9, 19], [10, 18, 11, 17], [12, 6, 13, 5], [14, 24, 15, 23], [16, 12, 17, 11], [18, 10, 19, 9], [20, 4, 21, 3]]"
12a_0356_27,"[[20, 4, 21, 3], [22, 2, 23, 1], [24, 16, 1, 15], [2, 22, 3, 21], [4, 8, 5, 7], [6, 14, 7, 13], [8, 20, 9, 19], [10, 18, 11, 17], [12, 6, 13, 5], [14, 24, 15, 23], [16, 12, 17, 11], [18, 10, 19, 9]]"
12a_0356_28,"[[18, 10, 19, 9], [20, 4, 21, 3], [22, 2, 23, 1], [24, 16, 1, 15], [2, 22, 3, 21], [4, 8, 5, 7], [6, 14, 7, 13], [8, 20, 9, 19], [10, 18, 11, 17], [12, 6, 13, 5], [14, 24, 15, 23], [16, 12, 17, 11]]"
12a_0356_29,"[[16, 12, 17, 11], [18, 10, 19, 9], [20, 4, 21, 3], [22, 2, 23, 1], [24, 16, 1, 15], [2, 22, 3, 21], [4, 8, 5, 7], [6, 14, 7, 13], [8, 20, 9, 19], [10, 18, 11, 17], [12, 6, 13, 5], [14, 24, 15, 23]]"
12a_0356_30,"[[14, 24, 15, 23], [16, 12, 17, 11], [18, 10, 19, 9], [20, 4, 21, 3], [22, 2, 23, 1], [24, 16, 1, 15], [2, 22, 3, 21], [4, 8, 5, 7], [6, 14, 7, 13], [8, 20, 9, 19], [10, 18, 11, 17], [12, 6, 13, 5]]"
12a_0356_31,"[[12, 6, 13, 5], [14, 24, 15, 23], [16, 12, 17, 11], [18, 10, 19, 9], [20, 4, 21, 3], [22, 2, 23, 1], [24, 16, 1, 15], [2, 22, 3, 21], [4, 8, 5, 7], [6, 14, 7, 13], [8, 20, 9, 19], [10, 18, 11, 17]]"
12a_0356_32,"[[10, 18, 11, 17], [12, 6, 13, 5], [14, 24, 15, 23], [16, 12, 17, 11], [18, 10, 19, 9], [20, 4, 21, 3], [22, 2, 23, 1], [24, 16, 1, 15], [2, 22, 3, 21], [4, 8, 5, 7], [6, 14, 7, 13], [8, 20, 9, 19]]"
12a_0356_33,"[[8, 20, 9, 19], [10, 18, 11, 17], [12, 6, 13, 5], [14, 24, 15, 23], [16, 12, 17, 11], [18, 10, 19, 9], [20, 4, 21, 3], [22, 2, 23, 1], [24, 16, 1, 15], [2, 22, 3, 21], [4, 8, 5, 7], [6, 14, 7, 13]]"
12a_0356_34,"[[6, 14, 7, 13], [8, 20, 9, 19], [10, 18, 11, 17], [12, 6, 13, 5], [14, 24, 15, 23], [16, 12, 17, 11], [18, 10, 19, 9], [20, 4, 21, 3], [22, 2, 23, 1], [24, 16, 1, 15], [2, 22, 3, 21], [4, 8, 5, 7]]"
12a_0356_35,"[[4, 8, 5, 7], [6, 14, 7, 13], [8, 20, 9, 19], [10, 18, 11, 17], [12, 6, 13, 5], [14, 24, 15, 23], [16, 12, 17, 11], [18, 10, 19, 9], [20, 4, 21, 3], [22, 2, 23, 1], [24, 16, 1, 15], [2, 22, 3, 21]]"
12a_0356_36,"[[3, 23, 4, 22], [5, 9, 6, 8], [7, 15, 8, 14], [9, 21, 10, 20], [11, 19, 12, 18], [13, 7, 14, 6], [15, 1, 16, 24], [17, 13, 18, 12], [19, 11, 20, 10], [21, 5, 22, 4], [23, 3, 24, 2], [1, 17, 2, 16]]"
12a_0356_37,"[[1, 17, 2, 16], [3, 23, 4, 22], [5, 9, 6, 8], [7, 15, 8, 14], [9, 21, 10, 20], [11, 19, 12, 18], [13, 7, 14, 6], [15, 1, 16, 24], [17, 13, 18, 12], [19, 11, 20, 10], [21, 5, 22, 4], [23, 3, 24, 2]]"
12a_0356_38,"[[23, 3, 24, 2], [1, 17, 2, 16], [3, 23, 4, 22], [5, 9, 6, 8], [7, 15, 8, 14], [9, 21, 10, 20], [11, 19, 12, 18], [13, 7, 14, 6], [15, 1, 16, 24], [17, 13, 18, 12], [19, 11, 20, 10], [21, 5, 22, 4]]"
12a_0356_39,"[[21, 5, 22, 4], [23, 3, 24, 2], [1, 17, 2, 16], [3, 23, 4, 22], [5, 9, 6, 8], [7, 15, 8, 14], [9, 21, 10, 20], [11, 19, 12, 18], [13, 7, 14, 6], [15, 1, 16, 24], [17, 13, 18, 12], [19, 11, 20, 10]]"
12a_0356_40,"[[19, 11, 20, 10], [21, 5, 22, 4], [23, 3, 24, 2], [1, 17, 2, 16], [3, 23, 4, 22], [5, 9, 6, 8], [7, 15, 8, 14], [9, 21, 10, 20], [11, 19, 12, 18], [13, 7, 14, 6], [15, 1, 16, 24], [17, 13, 18, 12]]"
12a_0356_41,"[[17, 13, 18, 12], [19, 11, 20, 10], [21, 5, 22, 4], [23, 3, 24, 2], [1, 17, 2, 16], [3, 23, 4, 22], [5, 9, 6, 8], [7, 15, 8, 14], [9, 21, 10, 20], [11, 19, 12, 18], [13, 7, 14, 6], [15, 1, 16, 24]]"
12a_0356_42,"[[15, 1, 16, 24], [17, 13, 18, 12], [19, 11, 20, 10], [21, 5, 22, 4], [23, 3, 24, 2], [1, 17, 2, 16], [3, 23, 4, 22], [5, 9, 6, 8], [7, 15, 8, 14], [9, 21, 10, 20], [11, 19, 12, 18], [13, 7, 14, 6]]"
12a_0356_43,"[[13, 7, 14, 6], [15, 1, 16, 24], [17, 13, 18, 12], [19, 11, 20, 10], [21, 5, 22, 4], [23, 3, 24, 2], [1, 17, 2, 16], [3, 23, 4, 22], [5, 9, 6, 8], [7, 15, 8, 14], [9, 21, 10, 20], [11, 19, 12, 18]]"
12a_0356_44,"[[11, 19, 12, 18], [13, 7, 14, 6], [15, 1, 16, 24], [17, 13, 18, 12], [19, 11, 20, 10], [21, 5, 22, 4], [23, 3, 24, 2], [1, 17, 2, 16], [3, 23, 4, 22], [5, 9, 6, 8], [7, 15, 8, 14], [9, 21, 10, 20]]"
12a_0356_45,"[[9, 21, 10, 20], [11, 19, 12, 18], [13, 7, 14, 6], [15, 1, 16, 24], [17, 13, 18, 12], [19, 11, 20, 10], [21, 5, 22, 4], [23, 3, 24, 2], [1, 17, 2, 16], [3, 23, 4, 22], [5, 9, 6, 8], [7, 15, 8, 14]]"
12a_0356_46,"[[7, 15, 8, 14], [9, 21, 10, 20], [11, 19, 12, 18], [13, 7, 14, 6], [15, 1, 16, 24], [17, 13, 18, 12], [19, 11, 20, 10], [21, 5, 22, 4], [23, 3, 24, 2], [1, 17, 2, 16], [3, 23, 4, 22], [5, 9, 6, 8]]"
12a_0356_47,"[[5, 9, 6, 8], [7, 15, 8, 14], [9, 21, 10, 20], [11, 19, 12, 18], [13, 7, 14, 6], [15, 1, 16, 24], [17, 13, 18, 12], [19, 11, 20, 10], [21, 5, 22, 4], [23, 3, 24, 2], [1, 17, 2, 16], [3, 23, 4, 22]]"
12a_0356_48,"[[4, 24, 5, 23], [6, 10, 7, 9], [8, 16, 9, 15], [10, 22, 11, 21], [12, 20, 13, 19], [14, 8, 15, 7], [16, 2, 17, 1], [18, 14, 19, 13], [20, 12, 21, 11], [22, 6, 23, 5], [24, 4, 1, 3], [2, 18, 3, 17]]"
12a_0356_49,"[[2, 18, 3, 17], [4, 24, 5, 23], [6, 10, 7, 9], [8, 16, 9, 15], [10, 22, 11, 21], [12, 20, 13, 19], [14, 8, 15, 7], [16, 2, 17, 1], [18, 14, 19, 13], [20, 12, 21, 11], [22, 6, 23, 5], [24, 4, 1, 3]]"
12a_0356_50,"[[24, 4, 1, 3], [2, 18, 3, 17], [4, 24, 5, 23], [6, 10, 7, 9], [8, 16, 9, 15], [10, 22, 11, 21], [12, 20, 13, 19], [14, 8, 15, 7], [16, 2, 17, 1], [18, 14, 19, 13], [20, 12, 21, 11], [22, 6, 23, 5]]"
12a_0356_51,"[[22, 6, 23, 5], [24, 4, 1, 3], [2, 18, 3, 17], [4, 24, 5, 23], [6, 10, 7, 9], [8, 16, 9, 15], [10, 22, 11, 21], [12, 20, 13, 19], [14, 8, 15, 7], [16, 2, 17, 1], [18, 14, 19, 13], [20, 12, 21, 11]]"
12a_0356_52,"[[20, 12, 21, 11], [22, 6, 23, 5], [24, 4, 1, 3], [2, 18, 3, 17], [4, 24, 5, 23], [6, 10, 7, 9], [8, 16, 9, 15], [10, 22, 11, 21], [12, 20, 13, 19], [14, 8, 15, 7], [16, 2, 17, 1], [18, 14, 19, 13]]"
12a_0356_53,"[[18, 14, 19, 13], [20, 12, 21, 11], [22, 6, 23, 5], [24, 4, 1, 3], [2, 18, 3, 17], [4, 24, 5, 23], [6, 10, 7, 9], [8, 16, 9, 15], [10, 22, 11, 21], [12, 20, 13, 19], [14, 8, 15, 7], [16, 2, 17, 1]]"
12a_0356_54,"[[16, 2, 17, 1], [18, 14, 19, 13], [20, 12, 21, 11], [22, 6, 23, 5], [24, 4, 1, 3], [2, 18, 3, 17], [4, 24, 5, 23], [6, 10, 7, 9], [8, 16, 9, 15], [10, 22, 11, 21], [12, 20, 13, 19], [14, 8, 15, 7]]"
12a_0356_55,"[[14, 8, 15, 7], [16, 2, 17, 1], [18, 14, 19, 13], [20, 12, 21, 11], [22, 6, 23, 5], [24, 4, 1, 3], [2, 18, 3, 17], [4, 24, 5, 23], [6, 10, 7, 9], [8, 16, 9, 15], [10, 22, 11, 21], [12, 20, 13, 19]]"
12a_0356_56,"[[12, 20, 13, 19], [14, 8, 15, 7], [16, 2, 17, 1], [18, 14, 19, 13], [20, 12, 21, 11], [22, 6, 23, 5], [24, 4, 1, 3], [2, 18, 3, 17], [4, 24, 5, 23], [6, 10, 7, 9], [8, 16, 9, 15], [10, 22, 11, 21]]"
12a_0356_57,"[[10, 22, 11, 21], [12, 20, 13, 19], [14, 8, 15, 7], [16, 2, 17, 1], [18, 14, 19, 13], [20, 12, 21, 11], [22, 6, 23, 5], [24, 4, 1, 3], [2, 18, 3, 17], [4, 24, 5, 23], [6, 10, 7, 9], [8, 16, 9, 15]]"
12a_0356_58,"[[8, 16, 9, 15], [10, 22, 11, 21], [12, 20, 13, 19], [14, 8, 15, 7], [16, 2, 17, 1], [18, 14, 19, 13], [20, 12, 21, 11], [22, 6, 23, 5], [24, 4, 1, 3], [2, 18, 3, 17], [4, 24, 5, 23], [6, 10, 7, 9]]"
12a_0356_59,"[[6, 10, 7, 9], [8, 16, 9, 15], [10, 22, 11, 21], [12, 20, 13, 19], [14, 8, 15, 7], [16, 2, 17, 1], [18, 14, 19, 13], [20, 12, 21, 11], [22, 6, 23, 5], [24, 4, 1, 3], [2, 18, 3, 17], [4, 24, 5, 23]]"
12a_0356_60,"[[5, 1, 6, 24], [7, 11, 8, 10], [9, 17, 10, 16], [11, 23, 12, 22], [13, 21, 14, 20], [15, 9, 16, 8], [17, 3, 18, 2], [19, 15, 20, 14], [21, 13, 22, 12], [23, 7, 24, 6], [1, 5, 2, 4], [3, 19, 4, 18]]"
12a_0356_61,"[[3, 19, 4, 18], [5, 1, 6, 24], [7, 11, 8, 10], [9, 17, 10, 16], [11, 23, 12, 22], [13, 21, 14, 20], [15, 9, 16, 8], [17, 3, 18, 2], [19, 15, 20, 14], [21, 13, 22, 12], [23, 7, 24, 6], [1, 5, 2, 4]]"
12a_0356_62,"[[1, 5, 2, 4], [3, 19, 4, 18], [5, 1, 6, 24], [7, 11, 8, 10], [9, 17, 10, 16], [11, 23, 12, 22], [13, 21, 14, 20], [15, 9, 16, 8], [17, 3, 18, 2], [19, 15, 20, 14], [21, 13, 22, 12], [23, 7, 24, 6]]"
12a_0356_63,"[[23, 7, 24, 6], [1, 5, 2, 4], [3, 19, 4, 18], [5, 1, 6, 24], [7, 11, 8, 10], [9, 17, 10, 16], [11, 23, 12, 22], [13, 21, 14, 20], [15, 9, 16, 8], [17, 3, 18, 2], [19, 15, 20, 14], [21, 13, 22, 12]]"
12a_0356_64,"[[21, 13, 22, 12], [23, 7, 24, 6], [1, 5, 2, 4], [3, 19, 4, 18], [5, 1, 6, 24], [7, 11, 8, 10], [9, 17, 10, 16], [11, 23, 12, 22], [13, 21, 14, 20], [15, 9, 16, 8], [17, 3, 18, 2], [19, 15, 20, 14]]"
12a_0356_65,"[[19, 15, 20, 14], [21, 13, 22, 12], [23, 7, 24, 6], [1, 5, 2, 4], [3, 19, 4, 18], [5, 1, 6, 24], [7, 11, 8, 10], [9, 17, 10, 16], [11, 23, 12, 22], [13, 21, 14, 20], [15, 9, 16, 8], [17, 3, 18, 2]]"
12a_0356_66,"[[17, 3, 18, 2], [19, 15, 20, 14], [21, 13, 22, 12], [23, 7, 24, 6], [1, 5, 2, 4], [3, 19, 4, 18], [5, 1, 6, 24], [7, 11, 8, 10], [9, 17, 10, 16], [11, 23, 12, 22], [13, 21, 14, 20], [15, 9, 16, 8]]"
12a_0356_67,"[[15, 9, 16, 8], [17, 3, 18, 2], [19, 15, 20, 14], [21, 13, 22, 12], [23, 7, 24, 6], [1, 5, 2, 4], [3, 19, 4, 18], [5, 1, 6, 24], [7, 11, 8, 10], [9, 17, 10, 16], [11, 23, 12, 22], [13, 21, 14, 20]]"
12a_0356_68,"[[13, 21, 14, 20], [15, 9, 16, 8], [17, 3, 18, 2], [19, 15, 20, 14], [21, 13, 22, 12], [23, 7, 24, 6], [1, 5, 2, 4], [3, 19, 4, 18], [5, 1, 6, 24], [7, 11, 8, 10], [9, 17, 10, 16], [11, 23, 12, 22]]"
12a_0356_69,"[[11, 23, 12, 22], [13, 21, 14, 20], [15, 9, 16, 8], [17, 3, 18, 2], [19, 15, 20, 14], [21, 13, 22, 12], [23, 7, 24, 6], [1, 5, 2, 4], [3, 19, 4, 18], [5, 1, 6, 24], [7, 11, 8, 10], [9, 17, 10, 16]]"
12a_0356_70,"[[9, 17, 10, 16], [11, 23, 12, 22], [13, 21, 14, 20], [15, 9, 16, 8], [17, 3, 18, 2], [19, 15, 20, 14], [21, 13, 22, 12], [23, 7, 24, 6], [1, 5, 2, 4], [3, 19, 4, 18], [5, 1, 6, 24], [7, 11, 8, 10]]"
12a_0356_71,"[[7, 11, 8, 10], [9, 17, 10, 16], [11, 23, 12, 22], [13, 21, 14, 20], [15, 9, 16, 8], [17, 3, 18, 2], [19, 15, 20, 14], [21, 13, 22, 12], [23, 7, 24, 6], [1, 5, 2, 4], [3, 19, 4, 18], [5, 1, 6, 24]]"
12a_0356_72,"[[6, 2, 7, 1], [8, 12, 9, 11], [10, 18, 11, 17], [12, 24, 13, 23], [14, 22, 15, 21], [16, 10, 17, 9], [18, 4, 19, 3], [20, 16, 21, 15], [22, 14, 23, 13], [24, 8, 1, 7], [2, 6, 3, 5], [4, 20, 5, 19]]"
12a_0356_73,"[[4, 20, 5, 19], [6, 2, 7, 1], [8, 12, 9, 11], [10, 18, 11, 17], [12, 24, 13, 23], [14, 22, 15, 21], [16, 10, 17, 9], [18, 4, 19, 3], [20, 16, 21, 15], [22, 14, 23, 13], [24, 8, 1, 7], [2, 6, 3, 5]]"
12a_0356_74,"[[2, 6, 3, 5], [4, 20, 5, 19], [6, 2, 7, 1], [8, 12, 9, 11], [10, 18, 11, 17], [12, 24, 13, 23], [14, 22, 15, 21], [16, 10, 17, 9], [18, 4, 19, 3], [20, 16, 21, 15], [22, 14, 23, 13], [24, 8, 1, 7]]"
12a_0356_75,"[[24, 8, 1, 7], [2, 6, 3, 5], [4, 20, 5, 19], [6, 2, 7, 1], [8, 12, 9, 11], [10, 18, 11, 17], [12, 24, 13, 23], [14, 22, 15, 21], [16, 10, 17, 9], [18, 4, 19, 3], [20, 16, 21, 15], [22, 14, 23, 13]]"
12a_0356_76,"[[22, 14, 23, 13], [24, 8, 1, 7], [2, 6, 3, 5], [4, 20, 5, 19], [6, 2, 7, 1], [8, 12, 9, 11], [10, 18, 11, 17], [12, 24, 13, 23], [14, 22, 15, 21], [16, 10, 17, 9], [18, 4, 19, 3], [20, 16, 21, 15]]"
12a_0356_77,"[[20, 16, 21, 15], [22, 14, 23, 13], [24, 8, 1, 7], [2, 6, 3, 5], [4, 20, 5, 19], [6, 2, 7, 1], [8, 12, 9, 11], [10, 18, 11, 17], [12, 24, 13, 23], [14, 22, 15, 21], [16, 10, 17, 9], [18, 4, 19, 3]]"
12a_0356_78,"[[18, 4, 19, 3], [20, 16, 21, 15], [22, 14, 23, 13], [24, 8, 1, 7], [2, 6, 3, 5], [4, 20, 5, 19], [6, 2, 7, 1], [8, 12, 9, 11], [10, 18, 11, 17], [12, 24, 13, 23], [14, 22, 15, 21], [16, 10, 17, 9]]"
12a_0356_79,"[[16, 10, 17, 9], [18, 4, 19, 3], [20, 16, 21, 15], [22, 14, 23, 13], [24, 8, 1, 7], [2, 6, 3, 5], [4, 20, 5, 19], [6, 2, 7, 1], [8, 12, 9, 11], [10, 18, 11, 17], [12, 24, 13, 23], [14, 22, 15, 21]]"
12a_0356_80,"[[14, 22, 15, 21], [16, 10, 17, 9], [18, 4, 19, 3], [20, 16, 21, 15], [22, 14, 23, 13], [24, 8, 1, 7], [2, 6, 3, 5], [4, 20, 5, 19], [6, 2, 7, 1], [8, 12, 9, 11], [10, 18, 11, 17], [12, 24, 13, 23]]"
12a_0356_81,"[[12, 24, 13, 23], [14, 22, 15, 21], [16, 10, 17, 9], [18, 4, 19, 3], [20, 16, 21, 15], [22, 14, 23, 13], [24, 8, 1, 7], [2, 6, 3, 5], [4, 20, 5, 19], [6, 2, 7, 1], [8, 12, 9, 11], [10, 18, 11, 17]]"
12a_0356_82,"[[10, 18, 11, 17], [12, 24, 13, 23], [14, 22, 15, 21], [16, 10, 17, 9], [18, 4, 19, 3], [20, 16, 21, 15], [22, 14, 23, 13], [24, 8, 1, 7], [2, 6, 3, 5], [4, 20, 5, 19], [6, 2, 7, 1], [8, 12, 9, 11]]"
12a_0356_83,"[[8, 12, 9, 11], [10, 18, 11, 17], [12, 24, 13, 23], [14, 22, 15, 21], [16, 10, 17, 9], [18, 4, 19, 3], [20, 16, 21, 15], [22, 14, 23, 13], [24, 8, 1, 7], [2, 6, 3, 5], [4, 20, 5, 19], [6, 2, 7, 1]]"
12a_0356_84,"[[7, 3, 8, 2], [9, 13, 10, 12], [11, 19, 12, 18], [13, 1, 14, 24], [15, 23, 16, 22], [17, 11, 18, 10], [19, 5, 20, 4], [21, 17, 22, 16], [23, 15, 24, 14], [1, 9, 2, 8], [3, 7, 4, 6], [5, 21, 6, 20]]"
12a_0356_85,"[[5, 21, 6, 20], [7, 3, 8, 2], [9, 13, 10, 12], [11, 19, 12, 18], [13, 1, 14, 24], [15, 23, 16, 22], [17, 11, 18, 10], [19, 5, 20, 4], [21, 17, 22, 16], [23, 15, 24, 14], [1, 9, 2, 8], [3, 7, 4, 6]]"
12a_0356_86,"[[3, 7, 4, 6], [5, 21, 6, 20], [7, 3, 8, 2], [9, 13, 10, 12], [11, 19, 12, 18], [13, 1, 14, 24], [15, 23, 16, 22], [17, 11, 18, 10], [19, 5, 20, 4], [21, 17, 22, 16], [23, 15, 24, 14], [1, 9, 2, 8]]"
12a_0356_87,"[[1, 9, 2, 8], [3, 7, 4, 6], [5, 21, 6, 20], [7, 3, 8, 2], [9, 13, 10, 12], [11, 19, 12, 18], [13, 1, 14, 24], [15, 23, 16, 22], [17, 11, 18, 10], [19, 5, 20, 4], [21, 17, 22, 16], [23, 15, 24, 14]]"
12a_0356_88,"[[23, 15, 24, 14], [1, 9, 2, 8], [3, 7, 4, 6], [5, 21, 6, 20], [7, 3, 8, 2], [9, 13, 10, 12], [11, 19, 12, 18], [13, 1, 14, 24], [15, 23, 16, 22], [17, 11, 18, 10], [19, 5, 20, 4], [21, 17, 22, 16]]"
12a_0356_89,"[[21, 17, 22, 16], [23, 15, 24, 14], [1, 9, 2, 8], [3, 7, 4, 6], [5, 21, 6, 20], [7, 3, 8, 2], [9, 13, 10, 12], [11, 19, 12, 18], [13, 1, 14, 24], [15, 23, 16, 22], [17, 11, 18, 10], [19, 5, 20, 4]]"
12a_0356_90,"[[19, 5, 20, 4], [21, 17, 22, 16], [23, 15, 24, 14], [1, 9, 2, 8], [3, 7, 4, 6], [5, 21, 6, 20], [7, 3, 8, 2], [9, 13, 10, 12], [11, 19, 12, 18], [13, 1, 14, 24], [15, 23, 16, 22], [17, 11, 18, 10]]"
12a_0356_91,"[[17, 11, 18, 10], [19, 5, 20, 4], [21, 17, 22, 16], [23, 15, 24, 14], [1, 9, 2, 8], [3, 7, 4, 6], [5, 21, 6, 20], [7, 3, 8, 2], [9, 13, 10, 12], [11, 19, 12, 18], [13, 1, 14, 24], [15, 23, 16, 22]]"
12a_0356_92,"[[15, 23, 16, 22], [17, 11, 18, 10], [19, 5, 20, 4], [21, 17, 22, 16], [23, 15, 24, 14], [1, 9, 2, 8], [3, 7, 4, 6], [5, 21, 6, 20], [7, 3, 8, 2], [9, 13, 10, 12], [11, 19, 12, 18], [13, 1, 14, 24]]"
12a_0356_93,"[[13, 1, 14, 24], [15, 23, 16, 22], [17, 11, 18, 10], [19, 5, 20, 4], [21, 17, 22, 16], [23, 15, 24, 14], [1, 9, 2, 8], [3, 7, 4, 6], [5, 21, 6, 20], [7, 3, 8, 2], [9, 13, 10, 12], [11, 19, 12, 18]]"
12a_0356_94,"[[11, 19, 12, 18], [13, 1, 14, 24], [15, 23, 16, 22], [17, 11, 18, 10], [19, 5, 20, 4], [21, 17, 22, 16], [23, 15, 24, 14], [1, 9, 2, 8], [3, 7, 4, 6], [5, 21, 6, 20], [7, 3, 8, 2], [9, 13, 10, 12]]"
12a_0356_95,"[[9, 13, 10, 12], [11, 19, 12, 18], [13, 1, 14, 24], [15, 23, 16, 22], [17, 11, 18, 10], [19, 5, 20, 4], [21, 17, 22, 16], [23, 15, 24, 14], [1, 9, 2, 8], [3, 7, 4, 6], [5, 21, 6, 20], [7, 3, 8, 2]]"
12a_0356_96,"[[8, 4, 9, 3], [10, 14, 11, 13], [12, 20, 13, 19], [14, 2, 15, 1], [16, 24, 17, 23], [18, 12, 19, 11], [20, 6, 21, 5], [22, 18, 23, 17], [24, 16, 1, 15], [2, 10, 3, 9], [4, 8, 5, 7], [6, 22, 7, 21]]"
12a_0356_97,"[[6, 22, 7, 21], [8, 4, 9, 3], [10, 14, 11, 13], [12, 20, 13, 19], [14, 2, 15, 1], [16, 24, 17, 23], [18, 12, 19, 11], [20, 6, 21, 5], [22, 18, 23, 17], [24, 16, 1, 15], [2, 10, 3, 9], [4, 8, 5, 7]]"
12a_0356_98,"[[4, 8, 5, 7], [6, 22, 7, 21], [8, 4, 9, 3], [10, 14, 11, 13], [12, 20, 13, 19], [14, 2, 15, 1], [16, 24, 17, 23], [18, 12, 19, 11], [20, 6, 21, 5], [22, 18, 23, 17], [24, 16, 1, 15], [2, 10, 3, 9]]"
12a_0356_99,"[[2, 10, 3, 9], [4, 8, 5, 7], [6, 22, 7, 21], [8, 4, 9, 3], [10, 14, 11, 13], [12, 20, 13, 19], [14, 2, 15, 1], [16, 24, 17, 23], [18, 12, 19, 11], [20, 6, 21, 5], [22, 18, 23, 17], [24, 16, 1, 15]]"
12a_0356_100,"[[24, 16, 1, 15], [2, 10, 3, 9], [4, 8, 5, 7], [6, 22, 7, 21], [8, 4, 9, 3], [10, 14, 11, 13], [12, 20, 13, 19], [14, 2, 15, 1], [16, 24, 17, 23], [18, 12, 19, 11], [20, 6, 21, 5], [22, 18, 23, 17]]"
12a_0356_101,"[[22, 18, 23, 17], [24, 16, 1, 15], [2, 10, 3, 9], [4, 8, 5, 7], [6, 22, 7, 21], [8, 4, 9, 3], [10, 14, 11, 13], [12, 20, 13, 19], [14, 2, 15, 1], [16, 24, 17, 23], [18, 12, 19, 11], [20, 6, 21, 5]]"
12a_0356_102,"[[20, 6, 21, 5], [22, 18, 23, 17], [24, 16, 1, 15], [2, 10, 3, 9], [4, 8, 5, 7], [6, 22, 7, 21], [8, 4, 9, 3], [10, 14, 11, 13], [12, 20, 13, 19], [14, 2, 15, 1], [16, 24, 17, 23], [18, 12, 19, 11]]"
12a_0356_103,"[[18, 12, 19, 11], [20, 6, 21, 5], [22, 18, 23, 17], [24, 16, 1, 15], [2, 10, 3, 9], [4, 8, 5, 7], [6, 22, 7, 21], [8, 4, 9, 3], [10, 14, 11, 13], [12, 20, 13, 19], [14, 2, 15, 1], [16, 24, 17, 23]]"
12a_0356_104,"[[16, 24, 17, 23], [18, 12, 19, 11], [20, 6, 21, 5], [22, 18, 23, 17], [24, 16, 1, 15], [2, 10, 3, 9], [4, 8, 5, 7], [6, 22, 7, 21], [8, 4, 9, 3], [10, 14, 11, 13], [12, 20, 13, 19], [14, 2, 15, 1]]"
12a_0356_105,"[[14, 2, 15, 1], [16, 24, 17, 23], [18, 12, 19, 11], [20, 6, 21, 5], [22, 18, 23, 17], [24, 16, 1, 15], [2, 10, 3, 9], [4, 8, 5, 7], [6, 22, 7, 21], [8, 4, 9, 3], [10, 14, 11, 13], [12, 20, 13, 19]]"
12a_0356_106,"[[12, 20, 13, 19], [14, 2, 15, 1], [16, 24, 17, 23], [18, 12, 19, 11], [20, 6, 21, 5], [22, 18, 23, 17], [24, 16, 1, 15], [2, 10, 3, 9], [4, 8, 5, 7], [6, 22, 7, 21], [8, 4, 9, 3], [10, 14, 11, 13]]"
12a_0356_107,"[[10, 14, 11, 13], [12, 20, 13, 19], [14, 2, 15, 1], [16, 24, 17, 23], [18, 12, 19, 11], [20, 6, 21, 5], [22, 18, 23, 17], [24, 16, 1, 15], [2, 10, 3, 9], [4, 8, 5, 7], [6, 22, 7, 21], [8, 4, 9, 3]]"
12a_0356_108,"[[9, 5, 10, 4], [11, 15, 12, 14], [13, 21, 14, 20], [15, 3, 16, 2], [17, 1, 18, 24], [19, 13, 20, 12], [21, 7, 22, 6], [23, 19, 24, 18], [1, 17, 2, 16], [3, 11, 4, 10], [5, 9, 6, 8], [7, 23, 8, 22]]"
12a_0356_109,"[[7, 23, 8, 22], [9, 5, 10, 4], [11, 15, 12, 14], [13, 21, 14, 20], [15, 3, 16, 2], [17, 1, 18, 24], [19, 13, 20, 12], [21, 7, 22, 6], [23, 19, 24, 18], [1, 17, 2, 16], [3, 11, 4, 10], [5, 9, 6, 8]]"
12a_0356_110,"[[5, 9, 6, 8], [7, 23, 8, 22], [9, 5, 10, 4], [11, 15, 12, 14], [13, 21, 14, 20], [15, 3, 16, 2], [17, 1, 18, 24], [19, 13, 20, 12], [21, 7, 22, 6], [23, 19, 24, 18], [1, 17, 2, 16], [3, 11, 4, 10]]"
12a_0356_111,"[[3, 11, 4, 10], [5, 9, 6, 8], [7, 23, 8, 22], [9, 5, 10, 4], [11, 15, 12, 14], [13, 21, 14, 20], [15, 3, 16, 2], [17, 1, 18, 24], [19, 13, 20, 12], [21, 7, 22, 6], [23, 19, 24, 18], [1, 17, 2, 16]]"
12a_0356_112,"[[1, 17, 2, 16], [3, 11, 4, 10], [5, 9, 6, 8], [7, 23, 8, 22], [9, 5, 10, 4], [11, 15, 12, 14], [13, 21, 14, 20], [15, 3, 16, 2], [17, 1, 18, 24], [19, 13, 20, 12], [21, 7, 22, 6], [23, 19, 24, 18]]"
12a_0356_113,"[[23, 19, 24, 18], [1, 17, 2, 16], [3, 11, 4, 10], [5, 9, 6, 8], [7, 23, 8, 22], [9, 5, 10, 4], [11, 15, 12, 14], [13, 21, 14, 20], [15, 3, 16, 2], [17, 1, 18, 24], [19, 13, 20, 12], [21, 7, 22, 6]]"
12a_0356_114,"[[21, 7, 22, 6], [23, 19, 24, 18], [1, 17, 2, 16], [3, 11, 4, 10], [5, 9, 6, 8], [7, 23, 8, 22], [9, 5, 10, 4], [11, 15, 12, 14], [13, 21, 14, 20], [15, 3, 16, 2], [17, 1, 18, 24], [19, 13, 20, 12]]"
12a_0356_115,"[[19, 13, 20, 12], [21, 7, 22, 6], [23, 19, 24, 18], [1, 17, 2, 16], [3, 11, 4, 10], [5, 9, 6, 8], [7, 23, 8, 22], [9, 5, 10, 4], [11, 15, 12, 14], [13, 21, 14, 20], [15, 3, 16, 2], [17, 1, 18, 24]]"
12a_0356_116,"[[17, 1, 18, 24], [19, 13, 20, 12], [21, 7, 22, 6], [23, 19, 24, 18], [1, 17, 2, 16], [3, 11, 4, 10], [5, 9, 6, 8], [7, 23, 8, 22], [9, 5, 10, 4], [11, 15, 12, 14], [13, 21, 14, 20], [15, 3, 16, 2]]"
12a_0356_117,"[[15, 3, 16, 2], [17, 1, 18, 24], [19, 13, 20, 12], [21, 7, 22, 6], [23, 19, 24, 18], [1, 17, 2, 16], [3, 11, 4, 10], [5, 9, 6, 8], [7, 23, 8, 22], [9, 5, 10, 4], [11, 15, 12, 14], [13, 21, 14, 20]]"
12a_0356_118,"[[13, 21, 14, 20], [15, 3, 16, 2], [17, 1, 18, 24], [19, 13, 20, 12], [21, 7, 22, 6], [23, 19, 24, 18], [1, 17, 2, 16], [3, 11, 4, 10], [5, 9, 6, 8], [7, 23, 8, 22], [9, 5, 10, 4], [11, 15, 12, 14]]"
12a_0356_119,"[[11, 15, 12, 14], [13, 21, 14, 20], [15, 3, 16, 2], [17, 1, 18, 24], [19, 13, 20, 12], [21, 7, 22, 6], [23, 19, 24, 18], [1, 17, 2, 16], [3, 11, 4, 10], [5, 9, 6, 8], [7, 23, 8, 22], [9, 5, 10, 4]]"
12a_0356_120,"[[10, 6, 11, 5], [12, 16, 13, 15], [14, 22, 15, 21], [16, 4, 17, 3], [18, 2, 19, 1], [20, 14, 21, 13], [22, 8, 23, 7], [24, 20, 1, 19], [2, 18, 3, 17], [4, 12, 5, 11], [6, 10, 7, 9], [8, 24, 9, 23]]"
12a_0356_121,"[[8, 24, 9, 23], [10, 6, 11, 5], [12, 16, 13, 15], [14, 22, 15, 21], [16, 4, 17, 3], [18, 2, 19, 1], [20, 14, 21, 13], [22, 8, 23, 7], [24, 20, 1, 19], [2, 18, 3, 17], [4, 12, 5, 11], [6, 10, 7, 9]]"
12a_0356_122,"[[6, 10, 7, 9], [8, 24, 9, 23], [10, 6, 11, 5], [12, 16, 13, 15], [14, 22, 15, 21], [16, 4, 17, 3], [18, 2, 19, 1], [20, 14, 21, 13], [22, 8, 23, 7], [24, 20, 1, 19], [2, 18, 3, 17], [4, 12, 5, 11]]"
12a_0356_123,"[[4, 12, 5, 11], [6, 10, 7, 9], [8, 24, 9, 23], [10, 6, 11, 5], [12, 16, 13, 15], [14, 22, 15, 21], [16, 4, 17, 3], [18, 2, 19, 1], [20, 14, 21, 13], [22, 8, 23, 7], [24, 20, 1, 19], [2, 18, 3, 17]]"
12a_0356_124,"[[2, 18, 3, 17], [4, 12, 5, 11], [6, 10, 7, 9], [8, 24, 9, 23], [10, 6, 11, 5], [12, 16, 13, 15], [14, 22, 15, 21], [16, 4, 17, 3], [18, 2, 19, 1], [20, 14, 21, 13], [22, 8, 23, 7], [24, 20, 1, 19]]"
12a_0356_125,"[[24, 20, 1, 19], [2, 18, 3, 17], [4, 12, 5, 11], [6, 10, 7, 9], [8, 24, 9, 23], [10, 6, 11, 5], [12, 16, 13, 15], [14, 22, 15, 21], [16, 4, 17, 3], [18, 2, 19, 1], [20, 14, 21, 13], [22, 8, 23, 7]]"
12a_0356_126,"[[22, 8, 23, 7], [24, 20, 1, 19], [2, 18, 3, 17], [4, 12, 5, 11], [6, 10, 7, 9], [8, 24, 9, 23], [10, 6, 11, 5], [12, 16, 13, 15], [14, 22, 15, 21], [16, 4, 17, 3], [18, 2, 19, 1], [20, 14, 21, 13]]"
12a_0356_127,"[[20, 14, 21, 13], [22, 8, 23, 7], [24, 20, 1, 19], [2, 18, 3, 17], [4, 12, 5, 11], [6, 10, 7, 9], [8, 24, 9, 23], [10, 6, 11, 5], [12, 16, 13, 15], [14, 22, 15, 21], [16, 4, 17, 3], [18, 2, 19, 1]]"
12a_0356_128,"[[18, 2, 19, 1], [20, 14, 21, 13], [22, 8, 23, 7], [24, 20, 1, 19], [2, 18, 3, 17], [4, 12, 5, 11], [6, 10, 7, 9], [8, 24, 9, 23], [10, 6, 11, 5], [12, 16, 13, 15], [14, 22, 15, 21], [16, 4, 17, 3]]"
12a_0356_129,"[[16, 4, 17, 3], [18, 2, 19, 1], [20, 14, 21, 13], [22, 8, 23, 7], [24, 20, 1, 19], [2, 18, 3, 17], [4, 12, 5, 11], [6, 10, 7, 9], [8, 24, 9, 23], [10, 6, 11, 5], [12, 16, 13, 15], [14, 22, 15, 21]]"
12a_0356_130,"[[14, 22, 15, 21], [16, 4, 17, 3], [18, 2, 19, 1], [20, 14, 21, 13], [22, 8, 23, 7], [24, 20, 1, 19], [2, 18, 3, 17], [4, 12, 5, 11], [6, 10, 7, 9], [8, 24, 9, 23], [10, 6, 11, 5], [12, 16, 13, 15]]"
12a_0356_131,"[[12, 16, 13, 15], [14, 22, 15, 21], [16, 4, 17, 3], [18, 2, 19, 1], [20, 14, 21, 13], [22, 8, 23, 7], [24, 20, 1, 19], [2, 18, 3, 17], [4, 12, 5, 11], [6, 10, 7, 9], [8, 24, 9, 23], [10, 6, 11, 5]]"
12a_0356_132,"[[11, 7, 12, 6], [13, 17, 14, 16], [15, 23, 16, 22], [17, 5, 18, 4], [19, 3, 20, 2], [21, 15, 22, 14], [23, 9, 24, 8], [1, 21, 2, 20], [3, 19, 4, 18], [5, 13, 6, 12], [7, 11, 8, 10], [9, 1, 10, 24]]"
12a_0356_133,"[[9, 1, 10, 24], [11, 7, 12, 6], [13, 17, 14, 16], [15, 23, 16, 22], [17, 5, 18, 4], [19, 3, 20, 2], [21, 15, 22, 14], [23, 9, 24, 8], [1, 21, 2, 20], [3, 19, 4, 18], [5, 13, 6, 12], [7, 11, 8, 10]]"
12a_0356_134,"[[7, 11, 8, 10], [9, 1, 10, 24], [11, 7, 12, 6], [13, 17, 14, 16], [15, 23, 16, 22], [17, 5, 18, 4], [19, 3, 20, 2], [21, 15, 22, 14], [23, 9, 24, 8], [1, 21, 2, 20], [3, 19, 4, 18], [5, 13, 6, 12]]"
12a_0356_135,"[[5, 13, 6, 12], [7, 11, 8, 10], [9, 1, 10, 24], [11, 7, 12, 6], [13, 17, 14, 16], [15, 23, 16, 22], [17, 5, 18, 4], [19, 3, 20, 2], [21, 15, 22, 14], [23, 9, 24, 8], [1, 21, 2, 20], [3, 19, 4, 18]]"
12a_0356_136,"[[3, 19, 4, 18], [5, 13, 6, 12], [7, 11, 8, 10], [9, 1, 10, 24], [11, 7, 12, 6], [13, 17, 14, 16], [15, 23, 16, 22], [17, 5, 18, 4], [19, 3, 20, 2], [21, 15, 22, 14], [23, 9, 24, 8], [1, 21, 2, 20]]"
12a_0356_137,"[[1, 21, 2, 20], [3, 19, 4, 18], [5, 13, 6, 12], [7, 11, 8, 10], [9, 1, 10, 24], [11, 7, 12, 6], [13, 17, 14, 16], [15, 23, 16, 22], [17, 5, 18, 4], [19, 3, 20, 2], [21, 15, 22, 14], [23, 9, 24, 8]]"
12a_0356_138,"[[23, 9, 24, 8], [1, 21, 2, 20], [3, 19, 4, 18], [5, 13, 6, 12], [7, 11, 8, 10], [9, 1, 10, 24], [11, 7, 12, 6], [13, 17, 14, 16], [15, 23, 16, 22], [17, 5, 18, 4], [19, 3, 20, 2], [21, 15, 22, 14]]"
12a_0356_139,"[[21, 15, 22, 14], [23, 9, 24, 8], [1, 21, 2, 20], [3, 19, 4, 18], [5, 13, 6, 12], [7, 11, 8, 10], [9, 1, 10, 24], [11, 7, 12, 6], [13, 17, 14, 16], [15, 23, 16, 22], [17, 5, 18, 4], [19, 3, 20, 2]]"
12a_0356_140,"[[19, 3, 20, 2], [21, 15, 22, 14], [23, 9, 24, 8], [1, 21, 2, 20], [3, 19, 4, 18], [5, 13, 6, 12], [7, 11, 8, 10], [9, 1, 10, 24], [11, 7, 12, 6], [13, 17, 14, 16], [15, 23, 16, 22], [17, 5, 18, 4]]"
12a_0356_141,"[[17, 5, 18, 4], [19, 3, 20, 2], [21, 15, 22, 14], [23, 9, 24, 8], [1, 21, 2, 20], [3, 19, 4, 18], [5, 13, 6, 12], [7, 11, 8, 10], [9, 1, 10, 24], [11, 7, 12, 6], [13, 17, 14, 16], [15, 23, 16, 22]]"
12a_0356_142,"[[15, 23, 16, 22], [17, 5, 18, 4], [19, 3, 20, 2], [21, 15, 22, 14], [23, 9, 24, 8], [1, 21, 2, 20], [3, 19, 4, 18], [5, 13, 6, 12], [7, 11, 8, 10], [9, 1, 10, 24], [11, 7, 12, 6], [13, 17, 14, 16]]"
12a_0356_143,"[[13, 17, 14, 16], [15, 23, 16, 22], [17, 5, 18, 4], [19, 3, 20, 2], [21, 15, 22, 14], [23, 9, 24, 8], [1, 21, 2, 20], [3, 19, 4, 18], [5, 13, 6, 12], [7, 11, 8, 10], [9, 1, 10, 24], [11, 7, 12, 6]]"
12a_0356_144,"[[12, 8, 13, 7], [14, 18, 15, 17], [16, 24, 17, 23], [18, 6, 19, 5], [20, 4, 21, 3], [22, 16, 23, 15], [24, 10, 1, 9], [2, 22, 3, 21], [4, 20, 5, 19], [6, 14, 7, 13], [8, 12, 9, 11], [10, 2, 11, 1]]"
12a_0356_145,"[[10, 2, 11, 1], [12, 8, 13, 7], [14, 18, 15, 17], [16, 24, 17, 23], [18, 6, 19, 5], [20, 4, 21, 3], [22, 16, 23, 15], [24, 10, 1, 9], [2, 22, 3, 21], [4, 20, 5, 19], [6, 14, 7, 13], [8, 12, 9, 11]]"
12a_0356_146,"[[8, 12, 9, 11], [10, 2, 11, 1], [12, 8, 13, 7], [14, 18, 15, 17], [16, 24, 17, 23], [18, 6, 19, 5], [20, 4, 21, 3], [22, 16, 23, 15], [24, 10, 1, 9], [2, 22, 3, 21], [4, 20, 5, 19], [6, 14, 7, 13]]"
12a_0356_147,"[[6, 14, 7, 13], [8, 12, 9, 11], [10, 2, 11, 1], [12, 8, 13, 7], [14, 18, 15, 17], [16, 24, 17, 23], [18, 6, 19, 5], [20, 4, 21, 3], [22, 16, 23, 15], [24, 10, 1, 9], [2, 22, 3, 21], [4, 20, 5, 19]]"
12a_0356_148,"[[4, 20, 5, 19], [6, 14, 7, 13], [8, 12, 9, 11], [10, 2, 11, 1], [12, 8, 13, 7], [14, 18, 15, 17], [16, 24, 17, 23], [18, 6, 19, 5], [20, 4, 21, 3], [22, 16, 23, 15], [24, 10, 1, 9], [2, 22, 3, 21]]"
12a_0356_149,"[[2, 22, 3, 21], [4, 20, 5, 19], [6, 14, 7, 13], [8, 12, 9, 11], [10, 2, 11, 1], [12, 8, 13, 7], [14, 18, 15, 17], [16, 24, 17, 23], [18, 6, 19, 5], [20, 4, 21, 3], [22, 16, 23, 15], [24, 10, 1, 9]]"
12a_0356_150,"[[24, 10, 1, 9], [2, 22, 3, 21], [4, 20, 5, 19], [6, 14, 7, 13], [8, 12, 9, 11], [10, 2, 11, 1], [12, 8, 13, 7], [14, 18, 15, 17], [16, 24, 17, 23], [18, 6, 19, 5], [20, 4, 21, 3], [22, 16, 23, 15]]"
12a_0356_151,"[[22, 16, 23, 15], [24, 10, 1, 9], [2, 22, 3, 21], [4, 20, 5, 19], [6, 14, 7, 13], [8, 12, 9, 11], [10, 2, 11, 1], [12, 8, 13, 7], [14, 18, 15, 17], [16, 24, 17, 23], [18, 6, 19, 5], [20, 4, 21, 3]]"
12a_0356_152,"[[20, 4, 21, 3], [22, 16, 23, 15], [24, 10, 1, 9], [2, 22, 3, 21], [4, 20, 5, 19], [6, 14, 7, 13], [8, 12, 9, 11], [10, 2, 11, 1], [12, 8, 13, 7], [14, 18, 15, 17], [16, 24, 17, 23], [18, 6, 19, 5]]"
12a_0356_153,"[[18, 6, 19, 5], [20, 4, 21, 3], [22, 16, 23, 15], [24, 10, 1, 9], [2, 22, 3, 21], [4, 20, 5, 19], [6, 14, 7, 13], [8, 12, 9, 11], [10, 2, 11, 1], [12, 8, 13, 7], [14, 18, 15, 17], [16, 24, 17, 23]]"
12a_0356_154,"[[16, 24, 17, 23], [18, 6, 19, 5], [20, 4, 21, 3], [22, 16, 23, 15], [24, 10, 1, 9], [2, 22, 3, 21], [4, 20, 5, 19], [6, 14, 7, 13], [8, 12, 9, 11], [10, 2, 11, 1], [12, 8, 13, 7], [14, 18, 15, 17]]"
12a_0356_155,"[[14, 18, 15, 17], [16, 24, 17, 23], [18, 6, 19, 5], [20, 4, 21, 3], [22, 16, 23, 15], [24, 10, 1, 9], [2, 22, 3, 21], [4, 20, 5, 19], [6, 14, 7, 13], [8, 12, 9, 11], [10, 2, 11, 1], [12, 8, 13, 7]]"
12a_0356_156,"[[13, 9, 14, 8], [15, 19, 16, 18], [17, 1, 18, 24], [19, 7, 20, 6], [21, 5, 22, 4], [23, 17, 24, 16], [1, 11, 2, 10], [3, 23, 4, 22], [5, 21, 6, 20], [7, 15, 8, 14], [9, 13, 10, 12], [11, 3, 12, 2]]"
12a_0356_157,"[[11, 3, 12, 2], [13, 9, 14, 8], [15, 19, 16, 18], [17, 1, 18, 24], [19, 7, 20, 6], [21, 5, 22, 4], [23, 17, 24, 16], [1, 11, 2, 10], [3, 23, 4, 22], [5, 21, 6, 20], [7, 15, 8, 14], [9, 13, 10, 12]]"
12a_0356_158,"[[9, 13, 10, 12], [11, 3, 12, 2], [13, 9, 14, 8], [15, 19, 16, 18], [17, 1, 18, 24], [19, 7, 20, 6], [21, 5, 22, 4], [23, 17, 24, 16], [1, 11, 2, 10], [3, 23, 4, 22], [5, 21, 6, 20], [7, 15, 8, 14]]"
12a_0356_159,"[[7, 15, 8, 14], [9, 13, 10, 12], [11, 3, 12, 2], [13, 9, 14, 8], [15, 19, 16, 18], [17, 1, 18, 24], [19, 7, 20, 6], [21, 5, 22, 4], [23, 17, 24, 16], [1, 11, 2, 10], [3, 23, 4, 22], [5, 21, 6, 20]]"
12a_0356_160,"[[5, 21, 6, 20], [7, 15, 8, 14], [9, 13, 10, 12], [11, 3, 12, 2], [13, 9, 14, 8], [15, 19, 16, 18], [17, 1, 18, 24], [19, 7, 20, 6], [21, 5, 22, 4], [23, 17, 24, 16], [1, 11, 2, 10], [3, 23, 4, 22]]"
12a_0356_161,"[[3, 23, 4, 22], [5, 21, 6, 20], [7, 15, 8, 14], [9, 13, 10, 12], [11, 3, 12, 2], [13, 9, 14, 8], [15, 19, 16, 18], [17, 1, 18, 24], [19, 7, 20, 6], [21, 5, 22, 4], [23, 17, 24, 16], [1, 11, 2, 10]]"
12a_0356_162,"[[1, 11, 2, 10], [3, 23, 4, 22], [5, 21, 6, 20], [7, 15, 8, 14], [9, 13, 10, 12], [11, 3, 12, 2], [13, 9, 14, 8], [15, 19, 16, 18], [17, 1, 18, 24], [19, 7, 20, 6], [21, 5, 22, 4], [23, 17, 24, 16]]"
12a_0356_163,"[[23, 17, 24, 16], [1, 11, 2, 10], [3, 23, 4, 22], [5, 21, 6, 20], [7, 15, 8, 14], [9, 13, 10, 12], [11, 3, 12, 2], [13, 9, 14, 8], [15, 19, 16, 18], [17, 1, 18, 24], [19, 7, 20, 6], [21, 5, 22, 4]]"
12a_0356_164,"[[21, 5, 22, 4], [23, 17, 24, 16], [1, 11, 2, 10], [3, 23, 4, 22], [5, 21, 6, 20], [7, 15, 8, 14], [9, 13, 10, 12], [11, 3, 12, 2], [13, 9, 14, 8], [15, 19, 16, 18], [17, 1, 18, 24], [19, 7, 20, 6]]"
12a_0356_165,"[[19, 7, 20, 6], [21, 5, 22, 4], [23, 17, 24, 16], [1, 11, 2, 10], [3, 23, 4, 22], [5, 21, 6, 20], [7, 15, 8, 14], [9, 13, 10, 12], [11, 3, 12, 2], [13, 9, 14, 8], [15, 19, 16, 18], [17, 1, 18, 24]]"
12a_0356_166,"[[17, 1, 18, 24], [19, 7, 20, 6], [21, 5, 22, 4], [23, 17, 24, 16], [1, 11, 2, 10], [3, 23, 4, 22], [5, 21, 6, 20], [7, 15, 8, 14], [9, 13, 10, 12], [11, 3, 12, 2], [13, 9, 14, 8], [15, 19, 16, 18]]"
12a_0356_167,"[[15, 19, 16, 18], [17, 1, 18, 24], [19, 7, 20, 6], [21, 5, 22, 4], [23, 17, 24, 16], [1, 11, 2, 10], [3, 23, 4, 22], [5, 21, 6, 20], [7, 15, 8, 14], [9, 13, 10, 12], [11, 3, 12, 2], [13, 9, 14, 8]]"
12a_0356_168,"[[14, 10, 15, 9], [16, 20, 17, 19], [18, 2, 19, 1], [20, 8, 21, 7], [22, 6, 23, 5], [24, 18, 1, 17], [2, 12, 3, 11], [4, 24, 5, 23], [6, 22, 7, 21], [8, 16, 9, 15], [10, 14, 11, 13], [12, 4, 13, 3]]"
12a_0356_169,"[[12, 4, 13, 3], [14, 10, 15, 9], [16, 20, 17, 19], [18, 2, 19, 1], [20, 8, 21, 7], [22, 6, 23, 5], [24, 18, 1, 17], [2, 12, 3, 11], [4, 24, 5, 23], [6, 22, 7, 21], [8, 16, 9, 15], [10, 14, 11, 13]]"
12a_0356_170,"[[10, 14, 11, 13], [12, 4, 13, 3], [14, 10, 15, 9], [16, 20, 17, 19], [18, 2, 19, 1], [20, 8, 21, 7], [22, 6, 23, 5], [24, 18, 1, 17], [2, 12, 3, 11], [4, 24, 5, 23], [6, 22, 7, 21], [8, 16, 9, 15]]"
12a_0356_171,"[[8, 16, 9, 15], [10, 14, 11, 13], [12, 4, 13, 3], [14, 10, 15, 9], [16, 20, 17, 19], [18, 2, 19, 1], [20, 8, 21, 7], [22, 6, 23, 5], [24, 18, 1, 17], [2, 12, 3, 11], [4, 24, 5, 23], [6, 22, 7, 21]]"
12a_0356_172,"[[6, 22, 7, 21], [8, 16, 9, 15], [10, 14, 11, 13], [12, 4, 13, 3], [14, 10, 15, 9], [16, 20, 17, 19], [18, 2, 19, 1], [20, 8, 21, 7], [22, 6, 23, 5], [24, 18, 1, 17], [2, 12, 3, 11], [4, 24, 5, 23]]"
12a_0356_173,"[[4, 24, 5, 23], [6, 22, 7, 21], [8, 16, 9, 15], [10, 14, 11, 13], [12, 4, 13, 3], [14, 10, 15, 9], [16, 20, 17, 19], [18, 2, 19, 1], [20, 8, 21, 7], [22, 6, 23, 5], [24, 18, 1, 17], [2, 12, 3, 11]]"
12a_0356_174,"[[2, 12, 3, 11], [4, 24, 5, 23], [6, 22, 7, 21], [8, 16, 9, 15], [10, 14, 11, 13], [12, 4, 13, 3], [14, 10, 15, 9], [16, 20, 17, 19], [18, 2, 19, 1], [20, 8, 21, 7], [22, 6, 23, 5], [24, 18, 1, 17]]"
12a_0356_175,"[[24, 18, 1, 17], [2, 12, 3, 11], [4, 24, 5, 23], [6, 22, 7, 21], [8, 16, 9, 15], [10, 14, 11, 13], [12, 4, 13, 3], [14, 10, 15, 9], [16, 20, 17, 19], [18, 2, 19, 1], [20, 8, 21, 7], [22, 6, 23, 5]]"
12a_0356_176,"[[22, 6, 23, 5], [24, 18, 1, 17], [2, 12, 3, 11], [4, 24, 5, 23], [6, 22, 7, 21], [8, 16, 9, 15], [10, 14, 11, 13], [12, 4, 13, 3], [14, 10, 15, 9], [16, 20, 17, 19], [18, 2, 19, 1], [20, 8, 21, 7]]"
12a_0356_177,"[[20, 8, 21, 7], [22, 6, 23, 5], [24, 18, 1, 17], [2, 12, 3, 11], [4, 24, 5, 23], [6, 22, 7, 21], [8, 16, 9, 15], [10, 14, 11, 13], [12, 4, 13, 3], [14, 10, 15, 9], [16, 20, 17, 19], [18, 2, 19, 1]]"
12a_0356_178,"[[18, 2, 19, 1], [20, 8, 21, 7], [22, 6, 23, 5], [24, 18, 1, 17], [2, 12, 3, 11], [4, 24, 5, 23], [6, 22, 7, 21], [8, 16, 9, 15], [10, 14, 11, 13], [12, 4, 13, 3], [14, 10, 15, 9], [16, 20, 17, 19]]"
12a_0356_179,"[[16, 20, 17, 19], [18, 2, 19, 1], [20, 8, 21, 7], [22, 6, 23, 5], [24, 18, 1, 17], [2, 12, 3, 11], [4, 24, 5, 23], [6, 22, 7, 21], [8, 16, 9, 15], [10, 14, 11, 13], [12, 4, 13, 3], [14, 10, 15, 9]]"
12a_0356_180,"[[15, 11, 16, 10], [17, 21, 18, 20], [19, 3, 20, 2], [21, 9, 22, 8], [23, 7, 24, 6], [1, 19, 2, 18], [3, 13, 4, 12], [5, 1, 6, 24], [7, 23, 8, 22], [9, 17, 10, 16], [11, 15, 12, 14], [13, 5, 14, 4]]"
12a_0356_181,"[[13, 5, 14, 4], [15, 11, 16, 10], [17, 21, 18, 20], [19, 3, 20, 2], [21, 9, 22, 8], [23, 7, 24, 6], [1, 19, 2, 18], [3, 13, 4, 12], [5, 1, 6, 24], [7, 23, 8, 22], [9, 17, 10, 16], [11, 15, 12, 14]]"
12a_0356_182,"[[11, 15, 12, 14], [13, 5, 14, 4], [15, 11, 16, 10], [17, 21, 18, 20], [19, 3, 20, 2], [21, 9, 22, 8], [23, 7, 24, 6], [1, 19, 2, 18], [3, 13, 4, 12], [5, 1, 6, 24], [7, 23, 8, 22], [9, 17, 10, 16]]"
12a_0356_183,"[[9, 17, 10, 16], [11, 15, 12, 14], [13, 5, 14, 4], [15, 11, 16, 10], [17, 21, 18, 20], [19, 3, 20, 2], [21, 9, 22, 8], [23, 7, 24, 6], [1, 19, 2, 18], [3, 13, 4, 12], [5, 1, 6, 24], [7, 23, 8, 22]]"
12a_0356_184,"[[7, 23, 8, 22], [9, 17, 10, 16], [11, 15, 12, 14], [13, 5, 14, 4], [15, 11, 16, 10], [17, 21, 18, 20], [19, 3, 20, 2], [21, 9, 22, 8], [23, 7, 24, 6], [1, 19, 2, 18], [3, 13, 4, 12], [5, 1, 6, 24]]"
12a_0356_185,"[[5, 1, 6, 24], [7, 23, 8, 22], [9, 17, 10, 16], [11, 15, 12, 14], [13, 5, 14, 4], [15, 11, 16, 10], [17, 21, 18, 20], [19, 3, 20, 2], [21, 9, 22, 8], [23, 7, 24, 6], [1, 19, 2, 18], [3, 13, 4, 12]]"
