name,pd_notation
12a_1248_0,"[[24, 15, 1, 16], [2, 10, 3, 9], [4, 11, 5, 12], [6, 21, 7, 22], [8, 24, 9, 23], [10, 17, 11, 18], [12, 20, 13, 19], [14, 7, 15, 8], [16, 1, 17, 2], [18, 4, 19, 3], [20, 5, 21, 6], [22, 14, 23, 13]]"
12a_1248_1,"[[22, 14, 23, 13], [24, 15, 1, 16], [2, 10, 3, 9], [4, 11, 5, 12], [6, 21, 7, 22], [8, 24, 9, 23], [10, 17, 11, 18], [12, 20, 13, 19], [14, 7, 15, 8], [16, 1, 17, 2], [18, 4, 19, 3], [20, 5, 21, 6]]"
12a_1248_2,"[[20, 5, 21, 6], [22, 14, 23, 13], [24, 15, 1, 16], [2, 10, 3, 9], [4, 11, 5, 12], [6, 21, 7, 22], [8, 24, 9, 23], [10, 17, 11, 18], [12, 20, 13, 19], [14, 7, 15, 8], [16, 1, 17, 2], [18, 4, 19, 3]]"
12a_1248_3,"[[18, 4, 19, 3], [20, 5, 21, 6], [22, 14, 23, 13], [24, 15, 1, 16], [2, 10, 3, 9], [4, 11, 5, 12], [6, 21, 7, 22], [8, 24, 9, 23], [10, 17, 11, 18], [12, 20, 13, 19], [14, 7, 15, 8], [16, 1, 17, 2]]"
12a_1248_4,"[[16, 1, 17, 2], [18, 4, 19, 3], [20, 5, 21, 6], [22, 14, 23, 13], [24, 15, 1, 16], [2, 10, 3, 9], [4, 11, 5, 12], [6, 21, 7, 22], [8, 24, 9, 23], [10, 17, 11, 18], [12, 20, 13, 19], [14, 7, 15, 8]]"
12a_1248_5,"[[14, 7, 15, 8], [16, 1, 17, 2], [18, 4, 19, 3], [20, 5, 21, 6], [22, 14, 23, 13], [24, 15, 1, 16], [2, 10, 3, 9], [4, 11, 5, 12], [6, 21, 7, 22], [8, 24, 9, 23], [10, 17, 11, 18], [12, 20, 13, 19]]"
12a_1248_6,"[[12, 20, 13, 19], [14, 7, 15, 8], [16, 1, 17, 2], [18, 4, 19, 3], [20, 5, 21, 6], [22, 14, 23, 13], [24, 15, 1, 16], [2, 10, 3, 9], [4, 11, 5, 12], [6, 21, 7, 22], [8, 24, 9, 23], [10, 17, 11, 18]]"
12a_1248_7,"[[10, 17, 11, 18], [12, 20, 13, 19], [14, 7, 15, 8], [16, 1, 17, 2], [18, 4, 19, 3], [20, 5, 21, 6], [22, 14, 23, 13], [24, 15, 1, 16], [2, 10, 3, 9], [4, 11, 5, 12], [6, 21, 7, 22], [8, 24, 9, 23]]"
12a_1248_8,"[[8, 24, 9, 23], [10, 17, 11, 18], [12, 20, 13, 19], [14, 7, 15, 8], [16, 1, 17, 2], [18, 4, 19, 3], [20, 5, 21, 6], [22, 14, 23, 13], [24, 15, 1, 16], [2, 10, 3, 9], [4, 11, 5, 12], [6, 21, 7, 22]]"
12a_1248_9,"[[6, 21, 7, 22], [8, 24, 9, 23], [10, 17, 11, 18], [12, 20, 13, 19], [14, 7, 15, 8], [16, 1, 17, 2], [18, 4, 19, 3], [20, 5, 21, 6], [22, 14, 23, 13], [24, 15, 1, 16], [2, 10, 3, 9], [4, 11, 5, 12]]"
12a_1248_10,"[[4, 11, 5, 12], [6, 21, 7, 22], [8, 24, 9, 23], [10, 17, 11, 18], [12, 20, 13, 19], [14, 7, 15, 8], [16, 1, 17, 2], [18, 4, 19, 3], [20, 5, 21, 6], [22, 14, 23, 13], [24, 15, 1, 16], [2, 10, 3, 9]]"
12a_1248_11,"[[2, 10, 3, 9], [4, 11, 5, 12], [6, 21, 7, 22], [8, 24, 9, 23], [10, 17, 11, 18], [12, 20, 13, 19], [14, 7, 15, 8], [16, 1, 17, 2], [18, 4, 19, 3], [20, 5, 21, 6], [22, 14, 23, 13], [24, 15, 1, 16]]"
12a_1248_12,"[[1, 16, 2, 17], [3, 11, 4, 10], [5, 12, 6, 13], [7, 22, 8, 23], [9, 1, 10, 24], [11, 18, 12, 19], [13, 21, 14, 20], [15, 8, 16, 9], [17, 2, 18, 3], [19, 5, 20, 4], [21, 6, 22, 7], [23, 15, 24, 14]]"
12a_1248_13,"[[23, 15, 24, 14], [1, 16, 2, 17], [3, 11, 4, 10], [5, 12, 6, 13], [7, 22, 8, 23], [9, 1, 10, 24], [11, 18, 12, 19], [13, 21, 14, 20], [15, 8, 16, 9], [17, 2, 18, 3], [19, 5, 20, 4], [21, 6, 22, 7]]"
12a_1248_14,"[[21, 6, 22, 7], [23, 15, 24, 14], [1, 16, 2, 17], [3, 11, 4, 10], [5, 12, 6, 13], [7, 22, 8, 23], [9, 1, 10, 24], [11, 18, 12, 19], [13, 21, 14, 20], [15, 8, 16, 9], [17, 2, 18, 3], [19, 5, 20, 4]]"
12a_1248_15,"[[19, 5, 20, 4], [21, 6, 22, 7], [23, 15, 24, 14], [1, 16, 2, 17], [3, 11, 4, 10], [5, 12, 6, 13], [7, 22, 8, 23], [9, 1, 10, 24], [11, 18, 12, 19], [13, 21, 14, 20], [15, 8, 16, 9], [17, 2, 18, 3]]"
12a_1248_16,"[[17, 2, 18, 3], [19, 5, 20, 4], [21, 6, 22, 7], [23, 15, 24, 14], [1, 16, 2, 17], [3, 11, 4, 10], [5, 12, 6, 13], [7, 22, 8, 23], [9, 1, 10, 24], [11, 18, 12, 19], [13, 21, 14, 20], [15, 8, 16, 9]]"
12a_1248_17,"[[15, 8, 16, 9], [17, 2, 18, 3], [19, 5, 20, 4], [21, 6, 22, 7], [23, 15, 24, 14], [1, 16, 2, 17], [3, 11, 4, 10], [5, 12, 6, 13], [7, 22, 8, 23], [9, 1, 10, 24], [11, 18, 12, 19], [13, 21, 14, 20]]"
12a_1248_18,"[[13, 21, 14, 20], [15, 8, 16, 9], [17, 2, 18, 3], [19, 5, 20, 4], [21, 6, 22, 7], [23, 15, 24, 14], [1, 16, 2, 17], [3, 11, 4, 10], [5, 12, 6, 13], [7, 22, 8, 23], [9, 1, 10, 24], [11, 18, 12, 19]]"
12a_1248_19,"[[11, 18, 12, 19], [13, 21, 14, 20], [15, 8, 16, 9], [17, 2, 18, 3], [19, 5, 20, 4], [21, 6, 22, 7], [23, 15, 24, 14], [1, 16, 2, 17], [3, 11, 4, 10], [5, 12, 6, 13], [7, 22, 8, 23], [9, 1, 10, 24]]"
12a_1248_20,"[[9, 1, 10, 24], [11, 18, 12, 19], [13, 21, 14, 20], [15, 8, 16, 9], [17, 2, 18, 3], [19, 5, 20, 4], [21, 6, 22, 7], [23, 15, 24, 14], [1, 16, 2, 17], [3, 11, 4, 10], [5, 12, 6, 13], [7, 22, 8, 23]]"
12a_1248_21,"[[7, 22, 8, 23], [9, 1, 10, 24], [11, 18, 12, 19], [13, 21, 14, 20], [15, 8, 16, 9], [17, 2, 18, 3], [19, 5, 20, 4], [21, 6, 22, 7], [23, 15, 24, 14], [1, 16, 2, 17], [3, 11, 4, 10], [5, 12, 6, 13]]"
12a_1248_22,"[[5, 12, 6, 13], [7, 22, 8, 23], [9, 1, 10, 24], [11, 18, 12, 19], [13, 21, 14, 20], [15, 8, 16, 9], [17, 2, 18, 3], [19, 5, 20, 4], [21, 6, 22, 7], [23, 15, 24, 14], [1, 16, 2, 17], [3, 11, 4, 10]]"
12a_1248_23,"[[3, 11, 4, 10], [5, 12, 6, 13], [7, 22, 8, 23], [9, 1, 10, 24], [11, 18, 12, 19], [13, 21, 14, 20], [15, 8, 16, 9], [17, 2, 18, 3], [19, 5, 20, 4], [21, 6, 22, 7], [23, 15, 24, 14], [1, 16, 2, 17]]"
12a_1248_24,"[[2, 17, 3, 18], [4, 12, 5, 11], [6, 13, 7, 14], [8, 23, 9, 24], [10, 2, 11, 1], [12, 19, 13, 20], [14, 22, 15, 21], [16, 9, 17, 10], [18, 3, 19, 4], [20, 6, 21, 5], [22, 7, 23, 8], [24, 16, 1, 15]]"
12a_1248_25,"[[24, 16, 1, 15], [2, 17, 3, 18], [4, 12, 5, 11], [6, 13, 7, 14], [8, 23, 9, 24], [10, 2, 11, 1], [12, 19, 13, 20], [14, 22, 15, 21], [16, 9, 17, 10], [18, 3, 19, 4], [20, 6, 21, 5], [22, 7, 23, 8]]"
12a_1248_26,"[[22, 7, 23, 8], [24, 16, 1, 15], [2, 17, 3, 18], [4, 12, 5, 11], [6, 13, 7, 14], [8, 23, 9, 24], [10, 2, 11, 1], [12, 19, 13, 20], [14, 22, 15, 21], [16, 9, 17, 10], [18, 3, 19, 4], [20, 6, 21, 5]]"
12a_1248_27,"[[20, 6, 21, 5], [22, 7, 23, 8], [24, 16, 1, 15], [2, 17, 3, 18], [4, 12, 5, 11], [6, 13, 7, 14], [8, 23, 9, 24], [10, 2, 11, 1], [12, 19, 13, 20], [14, 22, 15, 21], [16, 9, 17, 10], [18, 3, 19, 4]]"
12a_1248_28,"[[18, 3, 19, 4], [20, 6, 21, 5], [22, 7, 23, 8], [24, 16, 1, 15], [2, 17, 3, 18], [4, 12, 5, 11], [6, 13, 7, 14], [8, 23, 9, 24], [10, 2, 11, 1], [12, 19, 13, 20], [14, 22, 15, 21], [16, 9, 17, 10]]"
12a_1248_29,"[[16, 9, 17, 10], [18, 3, 19, 4], [20, 6, 21, 5], [22, 7, 23, 8], [24, 16, 1, 15], [2, 17, 3, 18], [4, 12, 5, 11], [6, 13, 7, 14], [8, 23, 9, 24], [10, 2, 11, 1], [12, 19, 13, 20], [14, 22, 15, 21]]"
12a_1248_30,"[[14, 22, 15, 21], [16, 9, 17, 10], [18, 3, 19, 4], [20, 6, 21, 5], [22, 7, 23, 8], [24, 16, 1, 15], [2, 17, 3, 18], [4, 12, 5, 11], [6, 13, 7, 14], [8, 23, 9, 24], [10, 2, 11, 1], [12, 19, 13, 20]]"
12a_1248_31,"[[12, 19, 13, 20], [14, 22, 15, 21], [16, 9, 17, 10], [18, 3, 19, 4], [20, 6, 21, 5], [22, 7, 23, 8], [24, 16, 1, 15], [2, 17, 3, 18], [4, 12, 5, 11], [6, 13, 7, 14], [8, 23, 9, 24], [10, 2, 11, 1]]"
12a_1248_32,"[[10, 2, 11, 1], [12, 19, 13, 20], [14, 22, 15, 21], [16, 9, 17, 10], [18, 3, 19, 4], [20, 6, 21, 5], [22, 7, 23, 8], [24, 16, 1, 15], [2, 17, 3, 18], [4, 12, 5, 11], [6, 13, 7, 14], [8, 23, 9, 24]]"
12a_1248_33,"[[8, 23, 9, 24], [10, 2, 11, 1], [12, 19, 13, 20], [14, 22, 15, 21], [16, 9, 17, 10], [18, 3, 19, 4], [20, 6, 21, 5], [22, 7, 23, 8], [24, 16, 1, 15], [2, 17, 3, 18], [4, 12, 5, 11], [6, 13, 7, 14]]"
12a_1248_34,"[[6, 13, 7, 14], [8, 23, 9, 24], [10, 2, 11, 1], [12, 19, 13, 20], [14, 22, 15, 21], [16, 9, 17, 10], [18, 3, 19, 4], [20, 6, 21, 5], [22, 7, 23, 8], [24, 16, 1, 15], [2, 17, 3, 18], [4, 12, 5, 11]]"
12a_1248_35,"[[4, 12, 5, 11], [6, 13, 7, 14], [8, 23, 9, 24], [10, 2, 11, 1], [12, 19, 13, 20], [14, 22, 15, 21], [16, 9, 17, 10], [18, 3, 19, 4], [20, 6, 21, 5], [22, 7, 23, 8], [24, 16, 1, 15], [2, 17, 3, 18]]"
12a_1248_36,"[[3, 18, 4, 19], [5, 13, 6, 12], [7, 14, 8, 15], [9, 24, 10, 1], [11, 3, 12, 2], [13, 20, 14, 21], [15, 23, 16, 22], [17, 10, 18, 11], [19, 4, 20, 5], [21, 7, 22, 6], [23, 8, 24, 9], [1, 17, 2, 16]]"
12a_1248_37,"[[1, 17, 2, 16], [3, 18, 4, 19], [5, 13, 6, 12], [7, 14, 8, 15], [9, 24, 10, 1], [11, 3, 12, 2], [13, 20, 14, 21], [15, 23, 16, 22], [17, 10, 18, 11], [19, 4, 20, 5], [21, 7, 22, 6], [23, 8, 24, 9]]"
12a_1248_38,"[[23, 8, 24, 9], [1, 17, 2, 16], [3, 18, 4, 19], [5, 13, 6, 12], [7, 14, 8, 15], [9, 24, 10, 1], [11, 3, 12, 2], [13, 20, 14, 21], [15, 23, 16, 22], [17, 10, 18, 11], [19, 4, 20, 5], [21, 7, 22, 6]]"
12a_1248_39,"[[21, 7, 22, 6], [23, 8, 24, 9], [1, 17, 2, 16], [3, 18, 4, 19], [5, 13, 6, 12], [7, 14, 8, 15], [9, 24, 10, 1], [11, 3, 12, 2], [13, 20, 14, 21], [15, 23, 16, 22], [17, 10, 18, 11], [19, 4, 20, 5]]"
12a_1248_40,"[[19, 4, 20, 5], [21, 7, 22, 6], [23, 8, 24, 9], [1, 17, 2, 16], [3, 18, 4, 19], [5, 13, 6, 12], [7, 14, 8, 15], [9, 24, 10, 1], [11, 3, 12, 2], [13, 20, 14, 21], [15, 23, 16, 22], [17, 10, 18, 11]]"
12a_1248_41,"[[17, 10, 18, 11], [19, 4, 20, 5], [21, 7, 22, 6], [23, 8, 24, 9], [1, 17, 2, 16], [3, 18, 4, 19], [5, 13, 6, 12], [7, 14, 8, 15], [9, 24, 10, 1], [11, 3, 12, 2], [13, 20, 14, 21], [15, 23, 16, 22]]"
12a_1248_42,"[[15, 23, 16, 22], [17, 10, 18, 11], [19, 4, 20, 5], [21, 7, 22, 6], [23, 8, 24, 9], [1, 17, 2, 16], [3, 18, 4, 19], [5, 13, 6, 12], [7, 14, 8, 15], [9, 24, 10, 1], [11, 3, 12, 2], [13, 20, 14, 21]]"
12a_1248_43,"[[13, 20, 14, 21], [15, 23, 16, 22], [17, 10, 18, 11], [19, 4, 20, 5], [21, 7, 22, 6], [23, 8, 24, 9], [1, 17, 2, 16], [3, 18, 4, 19], [5, 13, 6, 12], [7, 14, 8, 15], [9, 24, 10, 1], [11, 3, 12, 2]]"
12a_1248_44,"[[11, 3, 12, 2], [13, 20, 14, 21], [15, 23, 16, 22], [17, 10, 18, 11], [19, 4, 20, 5], [21, 7, 22, 6], [23, 8, 24, 9], [1, 17, 2, 16], [3, 18, 4, 19], [5, 13, 6, 12], [7, 14, 8, 15], [9, 24, 10, 1]]"
12a_1248_45,"[[9, 24, 10, 1], [11, 3, 12, 2], [13, 20, 14, 21], [15, 23, 16, 22], [17, 10, 18, 11], [19, 4, 20, 5], [21, 7, 22, 6], [23, 8, 24, 9], [1, 17, 2, 16], [3, 18, 4, 19], [5, 13, 6, 12], [7, 14, 8, 15]]"
12a_1248_46,"[[7, 14, 8, 15], [9, 24, 10, 1], [11, 3, 12, 2], [13, 20, 14, 21], [15, 23, 16, 22], [17, 10, 18, 11], [19, 4, 20, 5], [21, 7, 22, 6], [23, 8, 24, 9], [1, 17, 2, 16], [3, 18, 4, 19], [5, 13, 6, 12]]"
12a_1248_47,"[[5, 13, 6, 12], [7, 14, 8, 15], [9, 24, 10, 1], [11, 3, 12, 2], [13, 20, 14, 21], [15, 23, 16, 22], [17, 10, 18, 11], [19, 4, 20, 5], [21, 7, 22, 6], [23, 8, 24, 9], [1, 17, 2, 16], [3, 18, 4, 19]]"
12a_1248_48,"[[4, 19, 5, 20], [6, 14, 7, 13], [8, 15, 9, 16], [10, 1, 11, 2], [12, 4, 13, 3], [14, 21, 15, 22], [16, 24, 17, 23], [18, 11, 19, 12], [20, 5, 21, 6], [22, 8, 23, 7], [24, 9, 1, 10], [2, 18, 3, 17]]"
12a_1248_49,"[[2, 18, 3, 17], [4, 19, 5, 20], [6, 14, 7, 13], [8, 15, 9, 16], [10, 1, 11, 2], [12, 4, 13, 3], [14, 21, 15, 22], [16, 24, 17, 23], [18, 11, 19, 12], [20, 5, 21, 6], [22, 8, 23, 7], [24, 9, 1, 10]]"
12a_1248_50,"[[24, 9, 1, 10], [2, 18, 3, 17], [4, 19, 5, 20], [6, 14, 7, 13], [8, 15, 9, 16], [10, 1, 11, 2], [12, 4, 13, 3], [14, 21, 15, 22], [16, 24, 17, 23], [18, 11, 19, 12], [20, 5, 21, 6], [22, 8, 23, 7]]"
12a_1248_51,"[[22, 8, 23, 7], [24, 9, 1, 10], [2, 18, 3, 17], [4, 19, 5, 20], [6, 14, 7, 13], [8, 15, 9, 16], [10, 1, 11, 2], [12, 4, 13, 3], [14, 21, 15, 22], [16, 24, 17, 23], [18, 11, 19, 12], [20, 5, 21, 6]]"
12a_1248_52,"[[20, 5, 21, 6], [22, 8, 23, 7], [24, 9, 1, 10], [2, 18, 3, 17], [4, 19, 5, 20], [6, 14, 7, 13], [8, 15, 9, 16], [10, 1, 11, 2], [12, 4, 13, 3], [14, 21, 15, 22], [16, 24, 17, 23], [18, 11, 19, 12]]"
12a_1248_53,"[[18, 11, 19, 12], [20, 5, 21, 6], [22, 8, 23, 7], [24, 9, 1, 10], [2, 18, 3, 17], [4, 19, 5, 20], [6, 14, 7, 13], [8, 15, 9, 16], [10, 1, 11, 2], [12, 4, 13, 3], [14, 21, 15, 22], [16, 24, 17, 23]]"
12a_1248_54,"[[16, 24, 17, 23], [18, 11, 19, 12], [20, 5, 21, 6], [22, 8, 23, 7], [24, 9, 1, 10], [2, 18, 3, 17], [4, 19, 5, 20], [6, 14, 7, 13], [8, 15, 9, 16], [10, 1, 11, 2], [12, 4, 13, 3], [14, 21, 15, 22]]"
12a_1248_55,"[[14, 21, 15, 22], [16, 24, 17, 23], [18, 11, 19, 12], [20, 5, 21, 6], [22, 8, 23, 7], [24, 9, 1, 10], [2, 18, 3, 17], [4, 19, 5, 20], [6, 14, 7, 13], [8, 15, 9, 16], [10, 1, 11, 2], [12, 4, 13, 3]]"
12a_1248_56,"[[12, 4, 13, 3], [14, 21, 15, 22], [16, 24, 17, 23], [18, 11, 19, 12], [20, 5, 21, 6], [22, 8, 23, 7], [24, 9, 1, 10], [2, 18, 3, 17], [4, 19, 5, 20], [6, 14, 7, 13], [8, 15, 9, 16], [10, 1, 11, 2]]"
12a_1248_57,"[[10, 1, 11, 2], [12, 4, 13, 3], [14, 21, 15, 22], [16, 24, 17, 23], [18, 11, 19, 12], [20, 5, 21, 6], [22, 8, 23, 7], [24, 9, 1, 10], [2, 18, 3, 17], [4, 19, 5, 20], [6, 14, 7, 13], [8, 15, 9, 16]]"
12a_1248_58,"[[8, 15, 9, 16], [10, 1, 11, 2], [12, 4, 13, 3], [14, 21, 15, 22], [16, 24, 17, 23], [18, 11, 19, 12], [20, 5, 21, 6], [22, 8, 23, 7], [24, 9, 1, 10], [2, 18, 3, 17], [4, 19, 5, 20], [6, 14, 7, 13]]"
12a_1248_59,"[[6, 14, 7, 13], [8, 15, 9, 16], [10, 1, 11, 2], [12, 4, 13, 3], [14, 21, 15, 22], [16, 24, 17, 23], [18, 11, 19, 12], [20, 5, 21, 6], [22, 8, 23, 7], [24, 9, 1, 10], [2, 18, 3, 17], [4, 19, 5, 20]]"
12a_1248_60,"[[5, 20, 6, 21], [7, 15, 8, 14], [9, 16, 10, 17], [11, 2, 12, 3], [13, 5, 14, 4], [15, 22, 16, 23], [17, 1, 18, 24], [19, 12, 20, 13], [21, 6, 22, 7], [23, 9, 24, 8], [1, 10, 2, 11], [3, 19, 4, 18]]"
12a_1248_61,"[[3, 19, 4, 18], [5, 20, 6, 21], [7, 15, 8, 14], [9, 16, 10, 17], [11, 2, 12, 3], [13, 5, 14, 4], [15, 22, 16, 23], [17, 1, 18, 24], [19, 12, 20, 13], [21, 6, 22, 7], [23, 9, 24, 8], [1, 10, 2, 11]]"
12a_1248_62,"[[1, 10, 2, 11], [3, 19, 4, 18], [5, 20, 6, 21], [7, 15, 8, 14], [9, 16, 10, 17], [11, 2, 12, 3], [13, 5, 14, 4], [15, 22, 16, 23], [17, 1, 18, 24], [19, 12, 20, 13], [21, 6, 22, 7], [23, 9, 24, 8]]"
12a_1248_63,"[[23, 9, 24, 8], [1, 10, 2, 11], [3, 19, 4, 18], [5, 20, 6, 21], [7, 15, 8, 14], [9, 16, 10, 17], [11, 2, 12, 3], [13, 5, 14, 4], [15, 22, 16, 23], [17, 1, 18, 24], [19, 12, 20, 13], [21, 6, 22, 7]]"
12a_1248_64,"[[21, 6, 22, 7], [23, 9, 24, 8], [1, 10, 2, 11], [3, 19, 4, 18], [5, 20, 6, 21], [7, 15, 8, 14], [9, 16, 10, 17], [11, 2, 12, 3], [13, 5, 14, 4], [15, 22, 16, 23], [17, 1, 18, 24], [19, 12, 20, 13]]"
12a_1248_65,"[[19, 12, 20, 13], [21, 6, 22, 7], [23, 9, 24, 8], [1, 10, 2, 11], [3, 19, 4, 18], [5, 20, 6, 21], [7, 15, 8, 14], [9, 16, 10, 17], [11, 2, 12, 3], [13, 5, 14, 4], [15, 22, 16, 23], [17, 1, 18, 24]]"
12a_1248_66,"[[17, 1, 18, 24], [19, 12, 20, 13], [21, 6, 22, 7], [23, 9, 24, 8], [1, 10, 2, 11], [3, 19, 4, 18], [5, 20, 6, 21], [7, 15, 8, 14], [9, 16, 10, 17], [11, 2, 12, 3], [13, 5, 14, 4], [15, 22, 16, 23]]"
12a_1248_67,"[[15, 22, 16, 23], [17, 1, 18, 24], [19, 12, 20, 13], [21, 6, 22, 7], [23, 9, 24, 8], [1, 10, 2, 11], [3, 19, 4, 18], [5, 20, 6, 21], [7, 15, 8, 14], [9, 16, 10, 17], [11, 2, 12, 3], [13, 5, 14, 4]]"
12a_1248_68,"[[13, 5, 14, 4], [15, 22, 16, 23], [17, 1, 18, 24], [19, 12, 20, 13], [21, 6, 22, 7], [23, 9, 24, 8], [1, 10, 2, 11], [3, 19, 4, 18], [5, 20, 6, 21], [7, 15, 8, 14], [9, 16, 10, 17], [11, 2, 12, 3]]"
12a_1248_69,"[[11, 2, 12, 3], [13, 5, 14, 4], [15, 22, 16, 23], [17, 1, 18, 24], [19, 12, 20, 13], [21, 6, 22, 7], [23, 9, 24, 8], [1, 10, 2, 11], [3, 19, 4, 18], [5, 20, 6, 21], [7, 15, 8, 14], [9, 16, 10, 17]]"
12a_1248_70,"[[9, 16, 10, 17], [11, 2, 12, 3], [13, 5, 14, 4], [15, 22, 16, 23], [17, 1, 18, 24], [19, 12, 20, 13], [21, 6, 22, 7], [23, 9, 24, 8], [1, 10, 2, 11], [3, 19, 4, 18], [5, 20, 6, 21], [7, 15, 8, 14]]"
12a_1248_71,"[[7, 15, 8, 14], [9, 16, 10, 17], [11, 2, 12, 3], [13, 5, 14, 4], [15, 22, 16, 23], [17, 1, 18, 24], [19, 12, 20, 13], [21, 6, 22, 7], [23, 9, 24, 8], [1, 10, 2, 11], [3, 19, 4, 18], [5, 20, 6, 21]]"
12a_1248_72,"[[6, 21, 7, 22], [8, 16, 9, 15], [10, 17, 11, 18], [12, 3, 13, 4], [14, 6, 15, 5], [16, 23, 17, 24], [18, 2, 19, 1], [20, 13, 21, 14], [22, 7, 23, 8], [24, 10, 1, 9], [2, 11, 3, 12], [4, 20, 5, 19]]"
12a_1248_73,"[[4, 20, 5, 19], [6, 21, 7, 22], [8, 16, 9, 15], [10, 17, 11, 18], [12, 3, 13, 4], [14, 6, 15, 5], [16, 23, 17, 24], [18, 2, 19, 1], [20, 13, 21, 14], [22, 7, 23, 8], [24, 10, 1, 9], [2, 11, 3, 12]]"
12a_1248_74,"[[2, 11, 3, 12], [4, 20, 5, 19], [6, 21, 7, 22], [8, 16, 9, 15], [10, 17, 11, 18], [12, 3, 13, 4], [14, 6, 15, 5], [16, 23, 17, 24], [18, 2, 19, 1], [20, 13, 21, 14], [22, 7, 23, 8], [24, 10, 1, 9]]"
12a_1248_75,"[[24, 10, 1, 9], [2, 11, 3, 12], [4, 20, 5, 19], [6, 21, 7, 22], [8, 16, 9, 15], [10, 17, 11, 18], [12, 3, 13, 4], [14, 6, 15, 5], [16, 23, 17, 24], [18, 2, 19, 1], [20, 13, 21, 14], [22, 7, 23, 8]]"
12a_1248_76,"[[22, 7, 23, 8], [24, 10, 1, 9], [2, 11, 3, 12], [4, 20, 5, 19], [6, 21, 7, 22], [8, 16, 9, 15], [10, 17, 11, 18], [12, 3, 13, 4], [14, 6, 15, 5], [16, 23, 17, 24], [18, 2, 19, 1], [20, 13, 21, 14]]"
12a_1248_77,"[[20, 13, 21, 14], [22, 7, 23, 8], [24, 10, 1, 9], [2, 11, 3, 12], [4, 20, 5, 19], [6, 21, 7, 22], [8, 16, 9, 15], [10, 17, 11, 18], [12, 3, 13, 4], [14, 6, 15, 5], [16, 23, 17, 24], [18, 2, 19, 1]]"
12a_1248_78,"[[18, 2, 19, 1], [20, 13, 21, 14], [22, 7, 23, 8], [24, 10, 1, 9], [2, 11, 3, 12], [4, 20, 5, 19], [6, 21, 7, 22], [8, 16, 9, 15], [10, 17, 11, 18], [12, 3, 13, 4], [14, 6, 15, 5], [16, 23, 17, 24]]"
12a_1248_79,"[[16, 23, 17, 24], [18, 2, 19, 1], [20, 13, 21, 14], [22, 7, 23, 8], [24, 10, 1, 9], [2, 11, 3, 12], [4, 20, 5, 19], [6, 21, 7, 22], [8, 16, 9, 15], [10, 17, 11, 18], [12, 3, 13, 4], [14, 6, 15, 5]]"
12a_1248_80,"[[14, 6, 15, 5], [16, 23, 17, 24], [18, 2, 19, 1], [20, 13, 21, 14], [22, 7, 23, 8], [24, 10, 1, 9], [2, 11, 3, 12], [4, 20, 5, 19], [6, 21, 7, 22], [8, 16, 9, 15], [10, 17, 11, 18], [12, 3, 13, 4]]"
12a_1248_81,"[[12, 3, 13, 4], [14, 6, 15, 5], [16, 23, 17, 24], [18, 2, 19, 1], [20, 13, 21, 14], [22, 7, 23, 8], [24, 10, 1, 9], [2, 11, 3, 12], [4, 20, 5, 19], [6, 21, 7, 22], [8, 16, 9, 15], [10, 17, 11, 18]]"
12a_1248_82,"[[10, 17, 11, 18], [12, 3, 13, 4], [14, 6, 15, 5], [16, 23, 17, 24], [18, 2, 19, 1], [20, 13, 21, 14], [22, 7, 23, 8], [24, 10, 1, 9], [2, 11, 3, 12], [4, 20, 5, 19], [6, 21, 7, 22], [8, 16, 9, 15]]"
12a_1248_83,"[[8, 16, 9, 15], [10, 17, 11, 18], [12, 3, 13, 4], [14, 6, 15, 5], [16, 23, 17, 24], [18, 2, 19, 1], [20, 13, 21, 14], [22, 7, 23, 8], [24, 10, 1, 9], [2, 11, 3, 12], [4, 20, 5, 19], [6, 21, 7, 22]]"
12a_1248_84,"[[7, 22, 8, 23], [9, 17, 10, 16], [11, 18, 12, 19], [13, 4, 14, 5], [15, 7, 16, 6], [17, 24, 18, 1], [19, 3, 20, 2], [21, 14, 22, 15], [23, 8, 24, 9], [1, 11, 2, 10], [3, 12, 4, 13], [5, 21, 6, 20]]"
12a_1248_85,"[[5, 21, 6, 20], [7, 22, 8, 23], [9, 17, 10, 16], [11, 18, 12, 19], [13, 4, 14, 5], [15, 7, 16, 6], [17, 24, 18, 1], [19, 3, 20, 2], [21, 14, 22, 15], [23, 8, 24, 9], [1, 11, 2, 10], [3, 12, 4, 13]]"
12a_1248_86,"[[3, 12, 4, 13], [5, 21, 6, 20], [7, 22, 8, 23], [9, 17, 10, 16], [11, 18, 12, 19], [13, 4, 14, 5], [15, 7, 16, 6], [17, 24, 18, 1], [19, 3, 20, 2], [21, 14, 22, 15], [23, 8, 24, 9], [1, 11, 2, 10]]"
12a_1248_87,"[[1, 11, 2, 10], [3, 12, 4, 13], [5, 21, 6, 20], [7, 22, 8, 23], [9, 17, 10, 16], [11, 18, 12, 19], [13, 4, 14, 5], [15, 7, 16, 6], [17, 24, 18, 1], [19, 3, 20, 2], [21, 14, 22, 15], [23, 8, 24, 9]]"
12a_1248_88,"[[23, 8, 24, 9], [1, 11, 2, 10], [3, 12, 4, 13], [5, 21, 6, 20], [7, 22, 8, 23], [9, 17, 10, 16], [11, 18, 12, 19], [13, 4, 14, 5], [15, 7, 16, 6], [17, 24, 18, 1], [19, 3, 20, 2], [21, 14, 22, 15]]"
12a_1248_89,"[[21, 14, 22, 15], [23, 8, 24, 9], [1, 11, 2, 10], [3, 12, 4, 13], [5, 21, 6, 20], [7, 22, 8, 23], [9, 17, 10, 16], [11, 18, 12, 19], [13, 4, 14, 5], [15, 7, 16, 6], [17, 24, 18, 1], [19, 3, 20, 2]]"
12a_1248_90,"[[19, 3, 20, 2], [21, 14, 22, 15], [23, 8, 24, 9], [1, 11, 2, 10], [3, 12, 4, 13], [5, 21, 6, 20], [7, 22, 8, 23], [9, 17, 10, 16], [11, 18, 12, 19], [13, 4, 14, 5], [15, 7, 16, 6], [17, 24, 18, 1]]"
12a_1248_91,"[[17, 24, 18, 1], [19, 3, 20, 2], [21, 14, 22, 15], [23, 8, 24, 9], [1, 11, 2, 10], [3, 12, 4, 13], [5, 21, 6, 20], [7, 22, 8, 23], [9, 17, 10, 16], [11, 18, 12, 19], [13, 4, 14, 5], [15, 7, 16, 6]]"
12a_1248_92,"[[15, 7, 16, 6], [17, 24, 18, 1], [19, 3, 20, 2], [21, 14, 22, 15], [23, 8, 24, 9], [1, 11, 2, 10], [3, 12, 4, 13], [5, 21, 6, 20], [7, 22, 8, 23], [9, 17, 10, 16], [11, 18, 12, 19], [13, 4, 14, 5]]"
12a_1248_93,"[[13, 4, 14, 5], [15, 7, 16, 6], [17, 24, 18, 1], [19, 3, 20, 2], [21, 14, 22, 15], [23, 8, 24, 9], [1, 11, 2, 10], [3, 12, 4, 13], [5, 21, 6, 20], [7, 22, 8, 23], [9, 17, 10, 16], [11, 18, 12, 19]]"
12a_1248_94,"[[11, 18, 12, 19], [13, 4, 14, 5], [15, 7, 16, 6], [17, 24, 18, 1], [19, 3, 20, 2], [21, 14, 22, 15], [23, 8, 24, 9], [1, 11, 2, 10], [3, 12, 4, 13], [5, 21, 6, 20], [7, 22, 8, 23], [9, 17, 10, 16]]"
12a_1248_95,"[[9, 17, 10, 16], [11, 18, 12, 19], [13, 4, 14, 5], [15, 7, 16, 6], [17, 24, 18, 1], [19, 3, 20, 2], [21, 14, 22, 15], [23, 8, 24, 9], [1, 11, 2, 10], [3, 12, 4, 13], [5, 21, 6, 20], [7, 22, 8, 23]]"
12a_1248_96,"[[8, 23, 9, 24], [10, 18, 11, 17], [12, 19, 13, 20], [14, 5, 15, 6], [16, 8, 17, 7], [18, 1, 19, 2], [20, 4, 21, 3], [22, 15, 23, 16], [24, 9, 1, 10], [2, 12, 3, 11], [4, 13, 5, 14], [6, 22, 7, 21]]"
12a_1248_97,"[[6, 22, 7, 21], [8, 23, 9, 24], [10, 18, 11, 17], [12, 19, 13, 20], [14, 5, 15, 6], [16, 8, 17, 7], [18, 1, 19, 2], [20, 4, 21, 3], [22, 15, 23, 16], [24, 9, 1, 10], [2, 12, 3, 11], [4, 13, 5, 14]]"
12a_1248_98,"[[4, 13, 5, 14], [6, 22, 7, 21], [8, 23, 9, 24], [10, 18, 11, 17], [12, 19, 13, 20], [14, 5, 15, 6], [16, 8, 17, 7], [18, 1, 19, 2], [20, 4, 21, 3], [22, 15, 23, 16], [24, 9, 1, 10], [2, 12, 3, 11]]"
12a_1248_99,"[[2, 12, 3, 11], [4, 13, 5, 14], [6, 22, 7, 21], [8, 23, 9, 24], [10, 18, 11, 17], [12, 19, 13, 20], [14, 5, 15, 6], [16, 8, 17, 7], [18, 1, 19, 2], [20, 4, 21, 3], [22, 15, 23, 16], [24, 9, 1, 10]]"
12a_1248_100,"[[24, 9, 1, 10], [2, 12, 3, 11], [4, 13, 5, 14], [6, 22, 7, 21], [8, 23, 9, 24], [10, 18, 11, 17], [12, 19, 13, 20], [14, 5, 15, 6], [16, 8, 17, 7], [18, 1, 19, 2], [20, 4, 21, 3], [22, 15, 23, 16]]"
12a_1248_101,"[[22, 15, 23, 16], [24, 9, 1, 10], [2, 12, 3, 11], [4, 13, 5, 14], [6, 22, 7, 21], [8, 23, 9, 24], [10, 18, 11, 17], [12, 19, 13, 20], [14, 5, 15, 6], [16, 8, 17, 7], [18, 1, 19, 2], [20, 4, 21, 3]]"
12a_1248_102,"[[20, 4, 21, 3], [22, 15, 23, 16], [24, 9, 1, 10], [2, 12, 3, 11], [4, 13, 5, 14], [6, 22, 7, 21], [8, 23, 9, 24], [10, 18, 11, 17], [12, 19, 13, 20], [14, 5, 15, 6], [16, 8, 17, 7], [18, 1, 19, 2]]"
12a_1248_103,"[[18, 1, 19, 2], [20, 4, 21, 3], [22, 15, 23, 16], [24, 9, 1, 10], [2, 12, 3, 11], [4, 13, 5, 14], [6, 22, 7, 21], [8, 23, 9, 24], [10, 18, 11, 17], [12, 19, 13, 20], [14, 5, 15, 6], [16, 8, 17, 7]]"
12a_1248_104,"[[16, 8, 17, 7], [18, 1, 19, 2], [20, 4, 21, 3], [22, 15, 23, 16], [24, 9, 1, 10], [2, 12, 3, 11], [4, 13, 5, 14], [6, 22, 7, 21], [8, 23, 9, 24], [10, 18, 11, 17], [12, 19, 13, 20], [14, 5, 15, 6]]"
12a_1248_105,"[[14, 5, 15, 6], [16, 8, 17, 7], [18, 1, 19, 2], [20, 4, 21, 3], [22, 15, 23, 16], [24, 9, 1, 10], [2, 12, 3, 11], [4, 13, 5, 14], [6, 22, 7, 21], [8, 23, 9, 24], [10, 18, 11, 17], [12, 19, 13, 20]]"
12a_1248_106,"[[12, 19, 13, 20], [14, 5, 15, 6], [16, 8, 17, 7], [18, 1, 19, 2], [20, 4, 21, 3], [22, 15, 23, 16], [24, 9, 1, 10], [2, 12, 3, 11], [4, 13, 5, 14], [6, 22, 7, 21], [8, 23, 9, 24], [10, 18, 11, 17]]"
12a_1248_107,"[[10, 18, 11, 17], [12, 19, 13, 20], [14, 5, 15, 6], [16, 8, 17, 7], [18, 1, 19, 2], [20, 4, 21, 3], [22, 15, 23, 16], [24, 9, 1, 10], [2, 12, 3, 11], [4, 13, 5, 14], [6, 22, 7, 21], [8, 23, 9, 24]]"
12a_1248_108,"[[9, 24, 10, 1], [11, 19, 12, 18], [13, 20, 14, 21], [15, 6, 16, 7], [17, 9, 18, 8], [19, 2, 20, 3], [21, 5, 22, 4], [23, 16, 24, 17], [1, 10, 2, 11], [3, 13, 4, 12], [5, 14, 6, 15], [7, 23, 8, 22]]"
12a_1248_109,"[[7, 23, 8, 22], [9, 24, 10, 1], [11, 19, 12, 18], [13, 20, 14, 21], [15, 6, 16, 7], [17, 9, 18, 8], [19, 2, 20, 3], [21, 5, 22, 4], [23, 16, 24, 17], [1, 10, 2, 11], [3, 13, 4, 12], [5, 14, 6, 15]]"
12a_1248_110,"[[5, 14, 6, 15], [7, 23, 8, 22], [9, 24, 10, 1], [11, 19, 12, 18], [13, 20, 14, 21], [15, 6, 16, 7], [17, 9, 18, 8], [19, 2, 20, 3], [21, 5, 22, 4], [23, 16, 24, 17], [1, 10, 2, 11], [3, 13, 4, 12]]"
12a_1248_111,"[[3, 13, 4, 12], [5, 14, 6, 15], [7, 23, 8, 22], [9, 24, 10, 1], [11, 19, 12, 18], [13, 20, 14, 21], [15, 6, 16, 7], [17, 9, 18, 8], [19, 2, 20, 3], [21, 5, 22, 4], [23, 16, 24, 17], [1, 10, 2, 11]]"
12a_1248_112,"[[1, 10, 2, 11], [3, 13, 4, 12], [5, 14, 6, 15], [7, 23, 8, 22], [9, 24, 10, 1], [11, 19, 12, 18], [13, 20, 14, 21], [15, 6, 16, 7], [17, 9, 18, 8], [19, 2, 20, 3], [21, 5, 22, 4], [23, 16, 24, 17]]"
12a_1248_113,"[[23, 16, 24, 17], [1, 10, 2, 11], [3, 13, 4, 12], [5, 14, 6, 15], [7, 23, 8, 22], [9, 24, 10, 1], [11, 19, 12, 18], [13, 20, 14, 21], [15, 6, 16, 7], [17, 9, 18, 8], [19, 2, 20, 3], [21, 5, 22, 4]]"
12a_1248_114,"[[21, 5, 22, 4], [23, 16, 24, 17], [1, 10, 2, 11], [3, 13, 4, 12], [5, 14, 6, 15], [7, 23, 8, 22], [9, 24, 10, 1], [11, 19, 12, 18], [13, 20, 14, 21], [15, 6, 16, 7], [17, 9, 18, 8], [19, 2, 20, 3]]"
12a_1248_115,"[[19, 2, 20, 3], [21, 5, 22, 4], [23, 16, 24, 17], [1, 10, 2, 11], [3, 13, 4, 12], [5, 14, 6, 15], [7, 23, 8, 22], [9, 24, 10, 1], [11, 19, 12, 18], [13, 20, 14, 21], [15, 6, 16, 7], [17, 9, 18, 8]]"
12a_1248_116,"[[17, 9, 18, 8], [19, 2, 20, 3], [21, 5, 22, 4], [23, 16, 24, 17], [1, 10, 2, 11], [3, 13, 4, 12], [5, 14, 6, 15], [7, 23, 8, 22], [9, 24, 10, 1], [11, 19, 12, 18], [13, 20, 14, 21], [15, 6, 16, 7]]"
12a_1248_117,"[[15, 6, 16, 7], [17, 9, 18, 8], [19, 2, 20, 3], [21, 5, 22, 4], [23, 16, 24, 17], [1, 10, 2, 11], [3, 13, 4, 12], [5, 14, 6, 15], [7, 23, 8, 22], [9, 24, 10, 1], [11, 19, 12, 18], [13, 20, 14, 21]]"
12a_1248_118,"[[13, 20, 14, 21], [15, 6, 16, 7], [17, 9, 18, 8], [19, 2, 20, 3], [21, 5, 22, 4], [23, 16, 24, 17], [1, 10, 2, 11], [3, 13, 4, 12], [5, 14, 6, 15], [7, 23, 8, 22], [9, 24, 10, 1], [11, 19, 12, 18]]"
12a_1248_119,"[[11, 19, 12, 18], [13, 20, 14, 21], [15, 6, 16, 7], [17, 9, 18, 8], [19, 2, 20, 3], [21, 5, 22, 4], [23, 16, 24, 17], [1, 10, 2, 11], [3, 13, 4, 12], [5, 14, 6, 15], [7, 23, 8, 22], [9, 24, 10, 1]]"
12a_1248_120,"[[10, 1, 11, 2], [12, 20, 13, 19], [14, 21, 15, 22], [16, 7, 17, 8], [18, 10, 19, 9], [20, 3, 21, 4], [22, 6, 23, 5], [24, 17, 1, 18], [2, 11, 3, 12], [4, 14, 5, 13], [6, 15, 7, 16], [8, 24, 9, 23]]"
12a_1248_121,"[[8, 24, 9, 23], [10, 1, 11, 2], [12, 20, 13, 19], [14, 21, 15, 22], [16, 7, 17, 8], [18, 10, 19, 9], [20, 3, 21, 4], [22, 6, 23, 5], [24, 17, 1, 18], [2, 11, 3, 12], [4, 14, 5, 13], [6, 15, 7, 16]]"
12a_1248_122,"[[6, 15, 7, 16], [8, 24, 9, 23], [10, 1, 11, 2], [12, 20, 13, 19], [14, 21, 15, 22], [16, 7, 17, 8], [18, 10, 19, 9], [20, 3, 21, 4], [22, 6, 23, 5], [24, 17, 1, 18], [2, 11, 3, 12], [4, 14, 5, 13]]"
12a_1248_123,"[[4, 14, 5, 13], [6, 15, 7, 16], [8, 24, 9, 23], [10, 1, 11, 2], [12, 20, 13, 19], [14, 21, 15, 22], [16, 7, 17, 8], [18, 10, 19, 9], [20, 3, 21, 4], [22, 6, 23, 5], [24, 17, 1, 18], [2, 11, 3, 12]]"
12a_1248_124,"[[2, 11, 3, 12], [4, 14, 5, 13], [6, 15, 7, 16], [8, 24, 9, 23], [10, 1, 11, 2], [12, 20, 13, 19], [14, 21, 15, 22], [16, 7, 17, 8], [18, 10, 19, 9], [20, 3, 21, 4], [22, 6, 23, 5], [24, 17, 1, 18]]"
12a_1248_125,"[[24, 17, 1, 18], [2, 11, 3, 12], [4, 14, 5, 13], [6, 15, 7, 16], [8, 24, 9, 23], [10, 1, 11, 2], [12, 20, 13, 19], [14, 21, 15, 22], [16, 7, 17, 8], [18, 10, 19, 9], [20, 3, 21, 4], [22, 6, 23, 5]]"
12a_1248_126,"[[22, 6, 23, 5], [24, 17, 1, 18], [2, 11, 3, 12], [4, 14, 5, 13], [6, 15, 7, 16], [8, 24, 9, 23], [10, 1, 11, 2], [12, 20, 13, 19], [14, 21, 15, 22], [16, 7, 17, 8], [18, 10, 19, 9], [20, 3, 21, 4]]"
12a_1248_127,"[[20, 3, 21, 4], [22, 6, 23, 5], [24, 17, 1, 18], [2, 11, 3, 12], [4, 14, 5, 13], [6, 15, 7, 16], [8, 24, 9, 23], [10, 1, 11, 2], [12, 20, 13, 19], [14, 21, 15, 22], [16, 7, 17, 8], [18, 10, 19, 9]]"
12a_1248_128,"[[18, 10, 19, 9], [20, 3, 21, 4], [22, 6, 23, 5], [24, 17, 1, 18], [2, 11, 3, 12], [4, 14, 5, 13], [6, 15, 7, 16], [8, 24, 9, 23], [10, 1, 11, 2], [12, 20, 13, 19], [14, 21, 15, 22], [16, 7, 17, 8]]"
12a_1248_129,"[[16, 7, 17, 8], [18, 10, 19, 9], [20, 3, 21, 4], [22, 6, 23, 5], [24, 17, 1, 18], [2, 11, 3, 12], [4, 14, 5, 13], [6, 15, 7, 16], [8, 24, 9, 23], [10, 1, 11, 2], [12, 20, 13, 19], [14, 21, 15, 22]]"
12a_1248_130,"[[14, 21, 15, 22], [16, 7, 17, 8], [18, 10, 19, 9], [20, 3, 21, 4], [22, 6, 23, 5], [24, 17, 1, 18], [2, 11, 3, 12], [4, 14, 5, 13], [6, 15, 7, 16], [8, 24, 9, 23], [10, 1, 11, 2], [12, 20, 13, 19]]"
12a_1248_131,"[[12, 20, 13, 19], [14, 21, 15, 22], [16, 7, 17, 8], [18, 10, 19, 9], [20, 3, 21, 4], [22, 6, 23, 5], [24, 17, 1, 18], [2, 11, 3, 12], [4, 14, 5, 13], [6, 15, 7, 16], [8, 24, 9, 23], [10, 1, 11, 2]]"
12a_1248_132,"[[11, 2, 12, 3], [13, 21, 14, 20], [15, 22, 16, 23], [17, 8, 18, 9], [19, 11, 20, 10], [21, 4, 22, 5], [23, 7, 24, 6], [1, 18, 2, 19], [3, 12, 4, 13], [5, 15, 6, 14], [7, 16, 8, 17], [9, 1, 10, 24]]"
12a_1248_133,"[[9, 1, 10, 24], [11, 2, 12, 3], [13, 21, 14, 20], [15, 22, 16, 23], [17, 8, 18, 9], [19, 11, 20, 10], [21, 4, 22, 5], [23, 7, 24, 6], [1, 18, 2, 19], [3, 12, 4, 13], [5, 15, 6, 14], [7, 16, 8, 17]]"
12a_1248_134,"[[7, 16, 8, 17], [9, 1, 10, 24], [11, 2, 12, 3], [13, 21, 14, 20], [15, 22, 16, 23], [17, 8, 18, 9], [19, 11, 20, 10], [21, 4, 22, 5], [23, 7, 24, 6], [1, 18, 2, 19], [3, 12, 4, 13], [5, 15, 6, 14]]"
12a_1248_135,"[[5, 15, 6, 14], [7, 16, 8, 17], [9, 1, 10, 24], [11, 2, 12, 3], [13, 21, 14, 20], [15, 22, 16, 23], [17, 8, 18, 9], [19, 11, 20, 10], [21, 4, 22, 5], [23, 7, 24, 6], [1, 18, 2, 19], [3, 12, 4, 13]]"
12a_1248_136,"[[3, 12, 4, 13], [5, 15, 6, 14], [7, 16, 8, 17], [9, 1, 10, 24], [11, 2, 12, 3], [13, 21, 14, 20], [15, 22, 16, 23], [17, 8, 18, 9], [19, 11, 20, 10], [21, 4, 22, 5], [23, 7, 24, 6], [1, 18, 2, 19]]"
12a_1248_137,"[[1, 18, 2, 19], [3, 12, 4, 13], [5, 15, 6, 14], [7, 16, 8, 17], [9, 1, 10, 24], [11, 2, 12, 3], [13, 21, 14, 20], [15, 22, 16, 23], [17, 8, 18, 9], [19, 11, 20, 10], [21, 4, 22, 5], [23, 7, 24, 6]]"
12a_1248_138,"[[23, 7, 24, 6], [1, 18, 2, 19], [3, 12, 4, 13], [5, 15, 6, 14], [7, 16, 8, 17], [9, 1, 10, 24], [11, 2, 12, 3], [13, 21, 14, 20], [15, 22, 16, 23], [17, 8, 18, 9], [19, 11, 20, 10], [21, 4, 22, 5]]"
12a_1248_139,"[[21, 4, 22, 5], [23, 7, 24, 6], [1, 18, 2, 19], [3, 12, 4, 13], [5, 15, 6, 14], [7, 16, 8, 17], [9, 1, 10, 24], [11, 2, 12, 3], [13, 21, 14, 20], [15, 22, 16, 23], [17, 8, 18, 9], [19, 11, 20, 10]]"
12a_1248_140,"[[19, 11, 20, 10], [21, 4, 22, 5], [23, 7, 24, 6], [1, 18, 2, 19], [3, 12, 4, 13], [5, 15, 6, 14], [7, 16, 8, 17], [9, 1, 10, 24], [11, 2, 12, 3], [13, 21, 14, 20], [15, 22, 16, 23], [17, 8, 18, 9]]"
12a_1248_141,"[[17, 8, 18, 9], [19, 11, 20, 10], [21, 4, 22, 5], [23, 7, 24, 6], [1, 18, 2, 19], [3, 12, 4, 13], [5, 15, 6, 14], [7, 16, 8, 17], [9, 1, 10, 24], [11, 2, 12, 3], [13, 21, 14, 20], [15, 22, 16, 23]]"
12a_1248_142,"[[15, 22, 16, 23], [17, 8, 18, 9], [19, 11, 20, 10], [21, 4, 22, 5], [23, 7, 24, 6], [1, 18, 2, 19], [3, 12, 4, 13], [5, 15, 6, 14], [7, 16, 8, 17], [9, 1, 10, 24], [11, 2, 12, 3], [13, 21, 14, 20]]"
12a_1248_143,"[[13, 21, 14, 20], [15, 22, 16, 23], [17, 8, 18, 9], [19, 11, 20, 10], [21, 4, 22, 5], [23, 7, 24, 6], [1, 18, 2, 19], [3, 12, 4, 13], [5, 15, 6, 14], [7, 16, 8, 17], [9, 1, 10, 24], [11, 2, 12, 3]]"
12a_1248_144,"[[12, 3, 13, 4], [14, 22, 15, 21], [16, 23, 17, 24], [18, 9, 19, 10], [20, 12, 21, 11], [22, 5, 23, 6], [24, 8, 1, 7], [2, 19, 3, 20], [4, 13, 5, 14], [6, 16, 7, 15], [8, 17, 9, 18], [10, 2, 11, 1]]"
12a_1248_145,"[[10, 2, 11, 1], [12, 3, 13, 4], [14, 22, 15, 21], [16, 23, 17, 24], [18, 9, 19, 10], [20, 12, 21, 11], [22, 5, 23, 6], [24, 8, 1, 7], [2, 19, 3, 20], [4, 13, 5, 14], [6, 16, 7, 15], [8, 17, 9, 18]]"
12a_1248_146,"[[8, 17, 9, 18], [10, 2, 11, 1], [12, 3, 13, 4], [14, 22, 15, 21], [16, 23, 17, 24], [18, 9, 19, 10], [20, 12, 21, 11], [22, 5, 23, 6], [24, 8, 1, 7], [2, 19, 3, 20], [4, 13, 5, 14], [6, 16, 7, 15]]"
12a_1248_147,"[[6, 16, 7, 15], [8, 17, 9, 18], [10, 2, 11, 1], [12, 3, 13, 4], [14, 22, 15, 21], [16, 23, 17, 24], [18, 9, 19, 10], [20, 12, 21, 11], [22, 5, 23, 6], [24, 8, 1, 7], [2, 19, 3, 20], [4, 13, 5, 14]]"
12a_1248_148,"[[4, 13, 5, 14], [6, 16, 7, 15], [8, 17, 9, 18], [10, 2, 11, 1], [12, 3, 13, 4], [14, 22, 15, 21], [16, 23, 17, 24], [18, 9, 19, 10], [20, 12, 21, 11], [22, 5, 23, 6], [24, 8, 1, 7], [2, 19, 3, 20]]"
12a_1248_149,"[[2, 19, 3, 20], [4, 13, 5, 14], [6, 16, 7, 15], [8, 17, 9, 18], [10, 2, 11, 1], [12, 3, 13, 4], [14, 22, 15, 21], [16, 23, 17, 24], [18, 9, 19, 10], [20, 12, 21, 11], [22, 5, 23, 6], [24, 8, 1, 7]]"
12a_1248_150,"[[24, 8, 1, 7], [2, 19, 3, 20], [4, 13, 5, 14], [6, 16, 7, 15], [8, 17, 9, 18], [10, 2, 11, 1], [12, 3, 13, 4], [14, 22, 15, 21], [16, 23, 17, 24], [18, 9, 19, 10], [20, 12, 21, 11], [22, 5, 23, 6]]"
12a_1248_151,"[[22, 5, 23, 6], [24, 8, 1, 7], [2, 19, 3, 20], [4, 13, 5, 14], [6, 16, 7, 15], [8, 17, 9, 18], [10, 2, 11, 1], [12, 3, 13, 4], [14, 22, 15, 21], [16, 23, 17, 24], [18, 9, 19, 10], [20, 12, 21, 11]]"
12a_1248_152,"[[20, 12, 21, 11], [22, 5, 23, 6], [24, 8, 1, 7], [2, 19, 3, 20], [4, 13, 5, 14], [6, 16, 7, 15], [8, 17, 9, 18], [10, 2, 11, 1], [12, 3, 13, 4], [14, 22, 15, 21], [16, 23, 17, 24], [18, 9, 19, 10]]"
12a_1248_153,"[[18, 9, 19, 10], [20, 12, 21, 11], [22, 5, 23, 6], [24, 8, 1, 7], [2, 19, 3, 20], [4, 13, 5, 14], [6, 16, 7, 15], [8, 17, 9, 18], [10, 2, 11, 1], [12, 3, 13, 4], [14, 22, 15, 21], [16, 23, 17, 24]]"
12a_1248_154,"[[16, 23, 17, 24], [18, 9, 19, 10], [20, 12, 21, 11], [22, 5, 23, 6], [24, 8, 1, 7], [2, 19, 3, 20], [4, 13, 5, 14], [6, 16, 7, 15], [8, 17, 9, 18], [10, 2, 11, 1], [12, 3, 13, 4], [14, 22, 15, 21]]"
12a_1248_155,"[[14, 22, 15, 21], [16, 23, 17, 24], [18, 9, 19, 10], [20, 12, 21, 11], [22, 5, 23, 6], [24, 8, 1, 7], [2, 19, 3, 20], [4, 13, 5, 14], [6, 16, 7, 15], [8, 17, 9, 18], [10, 2, 11, 1], [12, 3, 13, 4]]"
12a_1248_156,"[[13, 4, 14, 5], [15, 23, 16, 22], [17, 24, 18, 1], [19, 10, 20, 11], [21, 13, 22, 12], [23, 6, 24, 7], [1, 9, 2, 8], [3, 20, 4, 21], [5, 14, 6, 15], [7, 17, 8, 16], [9, 18, 10, 19], [11, 3, 12, 2]]"
12a_1248_157,"[[11, 3, 12, 2], [13, 4, 14, 5], [15, 23, 16, 22], [17, 24, 18, 1], [19, 10, 20, 11], [21, 13, 22, 12], [23, 6, 24, 7], [1, 9, 2, 8], [3, 20, 4, 21], [5, 14, 6, 15], [7, 17, 8, 16], [9, 18, 10, 19]]"
12a_1248_158,"[[9, 18, 10, 19], [11, 3, 12, 2], [13, 4, 14, 5], [15, 23, 16, 22], [17, 24, 18, 1], [19, 10, 20, 11], [21, 13, 22, 12], [23, 6, 24, 7], [1, 9, 2, 8], [3, 20, 4, 21], [5, 14, 6, 15], [7, 17, 8, 16]]"
12a_1248_159,"[[7, 17, 8, 16], [9, 18, 10, 19], [11, 3, 12, 2], [13, 4, 14, 5], [15, 23, 16, 22], [17, 24, 18, 1], [19, 10, 20, 11], [21, 13, 22, 12], [23, 6, 24, 7], [1, 9, 2, 8], [3, 20, 4, 21], [5, 14, 6, 15]]"
12a_1248_160,"[[5, 14, 6, 15], [7, 17, 8, 16], [9, 18, 10, 19], [11, 3, 12, 2], [13, 4, 14, 5], [15, 23, 16, 22], [17, 24, 18, 1], [19, 10, 20, 11], [21, 13, 22, 12], [23, 6, 24, 7], [1, 9, 2, 8], [3, 20, 4, 21]]"
12a_1248_161,"[[3, 20, 4, 21], [5, 14, 6, 15], [7, 17, 8, 16], [9, 18, 10, 19], [11, 3, 12, 2], [13, 4, 14, 5], [15, 23, 16, 22], [17, 24, 18, 1], [19, 10, 20, 11], [21, 13, 22, 12], [23, 6, 24, 7], [1, 9, 2, 8]]"
12a_1248_162,"[[1, 9, 2, 8], [3, 20, 4, 21], [5, 14, 6, 15], [7, 17, 8, 16], [9, 18, 10, 19], [11, 3, 12, 2], [13, 4, 14, 5], [15, 23, 16, 22], [17, 24, 18, 1], [19, 10, 20, 11], [21, 13, 22, 12], [23, 6, 24, 7]]"
12a_1248_163,"[[23, 6, 24, 7], [1, 9, 2, 8], [3, 20, 4, 21], [5, 14, 6, 15], [7, 17, 8, 16], [9, 18, 10, 19], [11, 3, 12, 2], [13, 4, 14, 5], [15, 23, 16, 22], [17, 24, 18, 1], [19, 10, 20, 11], [21, 13, 22, 12]]"
12a_1248_164,"[[21, 13, 22, 12], [23, 6, 24, 7], [1, 9, 2, 8], [3, 20, 4, 21], [5, 14, 6, 15], [7, 17, 8, 16], [9, 18, 10, 19], [11, 3, 12, 2], [13, 4, 14, 5], [15, 23, 16, 22], [17, 24, 18, 1], [19, 10, 20, 11]]"
12a_1248_165,"[[19, 10, 20, 11], [21, 13, 22, 12], [23, 6, 24, 7], [1, 9, 2, 8], [3, 20, 4, 21], [5, 14, 6, 15], [7, 17, 8, 16], [9, 18, 10, 19], [11, 3, 12, 2], [13, 4, 14, 5], [15, 23, 16, 22], [17, 24, 18, 1]]"
12a_1248_166,"[[17, 24, 18, 1], [19, 10, 20, 11], [21, 13, 22, 12], [23, 6, 24, 7], [1, 9, 2, 8], [3, 20, 4, 21], [5, 14, 6, 15], [7, 17, 8, 16], [9, 18, 10, 19], [11, 3, 12, 2], [13, 4, 14, 5], [15, 23, 16, 22]]"
12a_1248_167,"[[15, 23, 16, 22], [17, 24, 18, 1], [19, 10, 20, 11], [21, 13, 22, 12], [23, 6, 24, 7], [1, 9, 2, 8], [3, 20, 4, 21], [5, 14, 6, 15], [7, 17, 8, 16], [9, 18, 10, 19], [11, 3, 12, 2], [13, 4, 14, 5]]"
12a_1248_168,"[[14, 5, 15, 6], [16, 24, 17, 23], [18, 1, 19, 2], [20, 11, 21, 12], [22, 14, 23, 13], [24, 7, 1, 8], [2, 10, 3, 9], [4, 21, 5, 22], [6, 15, 7, 16], [8, 18, 9, 17], [10, 19, 11, 20], [12, 4, 13, 3]]"
12a_1248_169,"[[12, 4, 13, 3], [14, 5, 15, 6], [16, 24, 17, 23], [18, 1, 19, 2], [20, 11, 21, 12], [22, 14, 23, 13], [24, 7, 1, 8], [2, 10, 3, 9], [4, 21, 5, 22], [6, 15, 7, 16], [8, 18, 9, 17], [10, 19, 11, 20]]"
12a_1248_170,"[[10, 19, 11, 20], [12, 4, 13, 3], [14, 5, 15, 6], [16, 24, 17, 23], [18, 1, 19, 2], [20, 11, 21, 12], [22, 14, 23, 13], [24, 7, 1, 8], [2, 10, 3, 9], [4, 21, 5, 22], [6, 15, 7, 16], [8, 18, 9, 17]]"
12a_1248_171,"[[8, 18, 9, 17], [10, 19, 11, 20], [12, 4, 13, 3], [14, 5, 15, 6], [16, 24, 17, 23], [18, 1, 19, 2], [20, 11, 21, 12], [22, 14, 23, 13], [24, 7, 1, 8], [2, 10, 3, 9], [4, 21, 5, 22], [6, 15, 7, 16]]"
12a_1248_172,"[[6, 15, 7, 16], [8, 18, 9, 17], [10, 19, 11, 20], [12, 4, 13, 3], [14, 5, 15, 6], [16, 24, 17, 23], [18, 1, 19, 2], [20, 11, 21, 12], [22, 14, 23, 13], [24, 7, 1, 8], [2, 10, 3, 9], [4, 21, 5, 22]]"
12a_1248_173,"[[4, 21, 5, 22], [6, 15, 7, 16], [8, 18, 9, 17], [10, 19, 11, 20], [12, 4, 13, 3], [14, 5, 15, 6], [16, 24, 17, 23], [18, 1, 19, 2], [20, 11, 21, 12], [22, 14, 23, 13], [24, 7, 1, 8], [2, 10, 3, 9]]"
12a_1248_174,"[[2, 10, 3, 9], [4, 21, 5, 22], [6, 15, 7, 16], [8, 18, 9, 17], [10, 19, 11, 20], [12, 4, 13, 3], [14, 5, 15, 6], [16, 24, 17, 23], [18, 1, 19, 2], [20, 11, 21, 12], [22, 14, 23, 13], [24, 7, 1, 8]]"
12a_1248_175,"[[24, 7, 1, 8], [2, 10, 3, 9], [4, 21, 5, 22], [6, 15, 7, 16], [8, 18, 9, 17], [10, 19, 11, 20], [12, 4, 13, 3], [14, 5, 15, 6], [16, 24, 17, 23], [18, 1, 19, 2], [20, 11, 21, 12], [22, 14, 23, 13]]"
12a_1248_176,"[[22, 14, 23, 13], [24, 7, 1, 8], [2, 10, 3, 9], [4, 21, 5, 22], [6, 15, 7, 16], [8, 18, 9, 17], [10, 19, 11, 20], [12, 4, 13, 3], [14, 5, 15, 6], [16, 24, 17, 23], [18, 1, 19, 2], [20, 11, 21, 12]]"
12a_1248_177,"[[20, 11, 21, 12], [22, 14, 23, 13], [24, 7, 1, 8], [2, 10, 3, 9], [4, 21, 5, 22], [6, 15, 7, 16], [8, 18, 9, 17], [10, 19, 11, 20], [12, 4, 13, 3], [14, 5, 15, 6], [16, 24, 17, 23], [18, 1, 19, 2]]"
12a_1248_178,"[[18, 1, 19, 2], [20, 11, 21, 12], [22, 14, 23, 13], [24, 7, 1, 8], [2, 10, 3, 9], [4, 21, 5, 22], [6, 15, 7, 16], [8, 18, 9, 17], [10, 19, 11, 20], [12, 4, 13, 3], [14, 5, 15, 6], [16, 24, 17, 23]]"
12a_1248_179,"[[16, 24, 17, 23], [18, 1, 19, 2], [20, 11, 21, 12], [22, 14, 23, 13], [24, 7, 1, 8], [2, 10, 3, 9], [4, 21, 5, 22], [6, 15, 7, 16], [8, 18, 9, 17], [10, 19, 11, 20], [12, 4, 13, 3], [14, 5, 15, 6]]"
12a_1248_180,"[[15, 6, 16, 7], [17, 1, 18, 24], [19, 2, 20, 3], [21, 12, 22, 13], [23, 15, 24, 14], [1, 8, 2, 9], [3, 11, 4, 10], [5, 22, 6, 23], [7, 16, 8, 17], [9, 19, 10, 18], [11, 20, 12, 21], [13, 5, 14, 4]]"
12a_1248_181,"[[13, 5, 14, 4], [15, 6, 16, 7], [17, 1, 18, 24], [19, 2, 20, 3], [21, 12, 22, 13], [23, 15, 24, 14], [1, 8, 2, 9], [3, 11, 4, 10], [5, 22, 6, 23], [7, 16, 8, 17], [9, 19, 10, 18], [11, 20, 12, 21]]"
12a_1248_182,"[[11, 20, 12, 21], [13, 5, 14, 4], [15, 6, 16, 7], [17, 1, 18, 24], [19, 2, 20, 3], [21, 12, 22, 13], [23, 15, 24, 14], [1, 8, 2, 9], [3, 11, 4, 10], [5, 22, 6, 23], [7, 16, 8, 17], [9, 19, 10, 18]]"
12a_1248_183,"[[9, 19, 10, 18], [11, 20, 12, 21], [13, 5, 14, 4], [15, 6, 16, 7], [17, 1, 18, 24], [19, 2, 20, 3], [21, 12, 22, 13], [23, 15, 24, 14], [1, 8, 2, 9], [3, 11, 4, 10], [5, 22, 6, 23], [7, 16, 8, 17]]"
12a_1248_184,"[[7, 16, 8, 17], [9, 19, 10, 18], [11, 20, 12, 21], [13, 5, 14, 4], [15, 6, 16, 7], [17, 1, 18, 24], [19, 2, 20, 3], [21, 12, 22, 13], [23, 15, 24, 14], [1, 8, 2, 9], [3, 11, 4, 10], [5, 22, 6, 23]]"
12a_1248_185,"[[5, 22, 6, 23], [7, 16, 8, 17], [9, 19, 10, 18], [11, 20, 12, 21], [13, 5, 14, 4], [15, 6, 16, 7], [17, 1, 18, 24], [19, 2, 20, 3], [21, 12, 22, 13], [23, 15, 24, 14], [1, 8, 2, 9], [3, 11, 4, 10]]"
