name,pd_notation
12a_0752_0,"[[24, 9, 1, 10], [2, 6, 3, 5], [4, 16, 5, 15], [6, 20, 7, 19], [8, 18, 9, 17], [10, 23, 11, 24], [12, 21, 13, 22], [14, 4, 15, 3], [16, 14, 17, 13], [18, 8, 19, 7], [20, 2, 21, 1], [22, 11, 23, 12]]"
12a_0752_1,"[[22, 11, 23, 12], [24, 9, 1, 10], [2, 6, 3, 5], [4, 16, 5, 15], [6, 20, 7, 19], [8, 18, 9, 17], [10, 23, 11, 24], [12, 21, 13, 22], [14, 4, 15, 3], [16, 14, 17, 13], [18, 8, 19, 7], [20, 2, 21, 1]]"
12a_0752_2,"[[20, 2, 21, 1], [22, 11, 23, 12], [24, 9, 1, 10], [2, 6, 3, 5], [4, 16, 5, 15], [6, 20, 7, 19], [8, 18, 9, 17], [10, 23, 11, 24], [12, 21, 13, 22], [14, 4, 15, 3], [16, 14, 17, 13], [18, 8, 19, 7]]"
12a_0752_3,"[[18, 8, 19, 7], [20, 2, 21, 1], [22, 11, 23, 12], [24, 9, 1, 10], [2, 6, 3, 5], [4, 16, 5, 15], [6, 20, 7, 19], [8, 18, 9, 17], [10, 23, 11, 24], [12, 21, 13, 22], [14, 4, 15, 3], [16, 14, 17, 13]]"
12a_0752_4,"[[16, 14, 17, 13], [18, 8, 19, 7], [20, 2, 21, 1], [22, 11, 23, 12], [24, 9, 1, 10], [2, 6, 3, 5], [4, 16, 5, 15], [6, 20, 7, 19], [8, 18, 9, 17], [10, 23, 11, 24], [12, 21, 13, 22], [14, 4, 15, 3]]"
12a_0752_5,"[[14, 4, 15, 3], [16, 14, 17, 13], [18, 8, 19, 7], [20, 2, 21, 1], [22, 11, 23, 12], [24, 9, 1, 10], [2, 6, 3, 5], [4, 16, 5, 15], [6, 20, 7, 19], [8, 18, 9, 17], [10, 23, 11, 24], [12, 21, 13, 22]]"
12a_0752_6,"[[12, 21, 13, 22], [14, 4, 15, 3], [16, 14, 17, 13], [18, 8, 19, 7], [20, 2, 21, 1], [22, 11, 23, 12], [24, 9, 1, 10], [2, 6, 3, 5], [4, 16, 5, 15], [6, 20, 7, 19], [8, 18, 9, 17], [10, 23, 11, 24]]"
12a_0752_7,"[[10, 23, 11, 24], [12, 21, 13, 22], [14, 4, 15, 3], [16, 14, 17, 13], [18, 8, 19, 7], [20, 2, 21, 1], [22, 11, 23, 12], [24, 9, 1, 10], [2, 6, 3, 5], [4, 16, 5, 15], [6, 20, 7, 19], [8, 18, 9, 17]]"
12a_0752_8,"[[8, 18, 9, 17], [10, 23, 11, 24], [12, 21, 13, 22], [14, 4, 15, 3], [16, 14, 17, 13], [18, 8, 19, 7], [20, 2, 21, 1], [22, 11, 23, 12], [24, 9, 1, 10], [2, 6, 3, 5], [4, 16, 5, 15], [6, 20, 7, 19]]"
12a_0752_9,"[[6, 20, 7, 19], [8, 18, 9, 17], [10, 23, 11, 24], [12, 21, 13, 22], [14, 4, 15, 3], [16, 14, 17, 13], [18, 8, 19, 7], [20, 2, 21, 1], [22, 11, 23, 12], [24, 9, 1, 10], [2, 6, 3, 5], [4, 16, 5, 15]]"
12a_0752_10,"[[4, 16, 5, 15], [6, 20, 7, 19], [8, 18, 9, 17], [10, 23, 11, 24], [12, 21, 13, 22], [14, 4, 15, 3], [16, 14, 17, 13], [18, 8, 19, 7], [20, 2, 21, 1], [22, 11, 23, 12], [24, 9, 1, 10], [2, 6, 3, 5]]"
12a_0752_11,"[[2, 6, 3, 5], [4, 16, 5, 15], [6, 20, 7, 19], [8, 18, 9, 17], [10, 23, 11, 24], [12, 21, 13, 22], [14, 4, 15, 3], [16, 14, 17, 13], [18, 8, 19, 7], [20, 2, 21, 1], [22, 11, 23, 12], [24, 9, 1, 10]]"
12a_0752_12,"[[1, 10, 2, 11], [3, 7, 4, 6], [5, 17, 6, 16], [7, 21, 8, 20], [9, 19, 10, 18], [11, 24, 12, 1], [13, 22, 14, 23], [15, 5, 16, 4], [17, 15, 18, 14], [19, 9, 20, 8], [21, 3, 22, 2], [23, 12, 24, 13]]"
12a_0752_13,"[[23, 12, 24, 13], [1, 10, 2, 11], [3, 7, 4, 6], [5, 17, 6, 16], [7, 21, 8, 20], [9, 19, 10, 18], [11, 24, 12, 1], [13, 22, 14, 23], [15, 5, 16, 4], [17, 15, 18, 14], [19, 9, 20, 8], [21, 3, 22, 2]]"
12a_0752_14,"[[21, 3, 22, 2], [23, 12, 24, 13], [1, 10, 2, 11], [3, 7, 4, 6], [5, 17, 6, 16], [7, 21, 8, 20], [9, 19, 10, 18], [11, 24, 12, 1], [13, 22, 14, 23], [15, 5, 16, 4], [17, 15, 18, 14], [19, 9, 20, 8]]"
12a_0752_15,"[[19, 9, 20, 8], [21, 3, 22, 2], [23, 12, 24, 13], [1, 10, 2, 11], [3, 7, 4, 6], [5, 17, 6, 16], [7, 21, 8, 20], [9, 19, 10, 18], [11, 24, 12, 1], [13, 22, 14, 23], [15, 5, 16, 4], [17, 15, 18, 14]]"
12a_0752_16,"[[17, 15, 18, 14], [19, 9, 20, 8], [21, 3, 22, 2], [23, 12, 24, 13], [1, 10, 2, 11], [3, 7, 4, 6], [5, 17, 6, 16], [7, 21, 8, 20], [9, 19, 10, 18], [11, 24, 12, 1], [13, 22, 14, 23], [15, 5, 16, 4]]"
12a_0752_17,"[[15, 5, 16, 4], [17, 15, 18, 14], [19, 9, 20, 8], [21, 3, 22, 2], [23, 12, 24, 13], [1, 10, 2, 11], [3, 7, 4, 6], [5, 17, 6, 16], [7, 21, 8, 20], [9, 19, 10, 18], [11, 24, 12, 1], [13, 22, 14, 23]]"
12a_0752_18,"[[13, 22, 14, 23], [15, 5, 16, 4], [17, 15, 18, 14], [19, 9, 20, 8], [21, 3, 22, 2], [23, 12, 24, 13], [1, 10, 2, 11], [3, 7, 4, 6], [5, 17, 6, 16], [7, 21, 8, 20], [9, 19, 10, 18], [11, 24, 12, 1]]"
12a_0752_19,"[[11, 24, 12, 1], [13, 22, 14, 23], [15, 5, 16, 4], [17, 15, 18, 14], [19, 9, 20, 8], [21, 3, 22, 2], [23, 12, 24, 13], [1, 10, 2, 11], [3, 7, 4, 6], [5, 17, 6, 16], [7, 21, 8, 20], [9, 19, 10, 18]]"
12a_0752_20,"[[9, 19, 10, 18], [11, 24, 12, 1], [13, 22, 14, 23], [15, 5, 16, 4], [17, 15, 18, 14], [19, 9, 20, 8], [21, 3, 22, 2], [23, 12, 24, 13], [1, 10, 2, 11], [3, 7, 4, 6], [5, 17, 6, 16], [7, 21, 8, 20]]"
12a_0752_21,"[[7, 21, 8, 20], [9, 19, 10, 18], [11, 24, 12, 1], [13, 22, 14, 23], [15, 5, 16, 4], [17, 15, 18, 14], [19, 9, 20, 8], [21, 3, 22, 2], [23, 12, 24, 13], [1, 10, 2, 11], [3, 7, 4, 6], [5, 17, 6, 16]]"
12a_0752_22,"[[5, 17, 6, 16], [7, 21, 8, 20], [9, 19, 10, 18], [11, 24, 12, 1], [13, 22, 14, 23], [15, 5, 16, 4], [17, 15, 18, 14], [19, 9, 20, 8], [21, 3, 22, 2], [23, 12, 24, 13], [1, 10, 2, 11], [3, 7, 4, 6]]"
12a_0752_23,"[[3, 7, 4, 6], [5, 17, 6, 16], [7, 21, 8, 20], [9, 19, 10, 18], [11, 24, 12, 1], [13, 22, 14, 23], [15, 5, 16, 4], [17, 15, 18, 14], [19, 9, 20, 8], [21, 3, 22, 2], [23, 12, 24, 13], [1, 10, 2, 11]]"
12a_0752_24,"[[2, 11, 3, 12], [4, 8, 5, 7], [6, 18, 7, 17], [8, 22, 9, 21], [10, 20, 11, 19], [12, 1, 13, 2], [14, 23, 15, 24], [16, 6, 17, 5], [18, 16, 19, 15], [20, 10, 21, 9], [22, 4, 23, 3], [24, 13, 1, 14]]"
12a_0752_25,"[[24, 13, 1, 14], [2, 11, 3, 12], [4, 8, 5, 7], [6, 18, 7, 17], [8, 22, 9, 21], [10, 20, 11, 19], [12, 1, 13, 2], [14, 23, 15, 24], [16, 6, 17, 5], [18, 16, 19, 15], [20, 10, 21, 9], [22, 4, 23, 3]]"
12a_0752_26,"[[22, 4, 23, 3], [24, 13, 1, 14], [2, 11, 3, 12], [4, 8, 5, 7], [6, 18, 7, 17], [8, 22, 9, 21], [10, 20, 11, 19], [12, 1, 13, 2], [14, 23, 15, 24], [16, 6, 17, 5], [18, 16, 19, 15], [20, 10, 21, 9]]"
12a_0752_27,"[[20, 10, 21, 9], [22, 4, 23, 3], [24, 13, 1, 14], [2, 11, 3, 12], [4, 8, 5, 7], [6, 18, 7, 17], [8, 22, 9, 21], [10, 20, 11, 19], [12, 1, 13, 2], [14, 23, 15, 24], [16, 6, 17, 5], [18, 16, 19, 15]]"
12a_0752_28,"[[18, 16, 19, 15], [20, 10, 21, 9], [22, 4, 23, 3], [24, 13, 1, 14], [2, 11, 3, 12], [4, 8, 5, 7], [6, 18, 7, 17], [8, 22, 9, 21], [10, 20, 11, 19], [12, 1, 13, 2], [14, 23, 15, 24], [16, 6, 17, 5]]"
12a_0752_29,"[[16, 6, 17, 5], [18, 16, 19, 15], [20, 10, 21, 9], [22, 4, 23, 3], [24, 13, 1, 14], [2, 11, 3, 12], [4, 8, 5, 7], [6, 18, 7, 17], [8, 22, 9, 21], [10, 20, 11, 19], [12, 1, 13, 2], [14, 23, 15, 24]]"
12a_0752_30,"[[14, 23, 15, 24], [16, 6, 17, 5], [18, 16, 19, 15], [20, 10, 21, 9], [22, 4, 23, 3], [24, 13, 1, 14], [2, 11, 3, 12], [4, 8, 5, 7], [6, 18, 7, 17], [8, 22, 9, 21], [10, 20, 11, 19], [12, 1, 13, 2]]"
12a_0752_31,"[[12, 1, 13, 2], [14, 23, 15, 24], [16, 6, 17, 5], [18, 16, 19, 15], [20, 10, 21, 9], [22, 4, 23, 3], [24, 13, 1, 14], [2, 11, 3, 12], [4, 8, 5, 7], [6, 18, 7, 17], [8, 22, 9, 21], [10, 20, 11, 19]]"
12a_0752_32,"[[10, 20, 11, 19], [12, 1, 13, 2], [14, 23, 15, 24], [16, 6, 17, 5], [18, 16, 19, 15], [20, 10, 21, 9], [22, 4, 23, 3], [24, 13, 1, 14], [2, 11, 3, 12], [4, 8, 5, 7], [6, 18, 7, 17], [8, 22, 9, 21]]"
12a_0752_33,"[[8, 22, 9, 21], [10, 20, 11, 19], [12, 1, 13, 2], [14, 23, 15, 24], [16, 6, 17, 5], [18, 16, 19, 15], [20, 10, 21, 9], [22, 4, 23, 3], [24, 13, 1, 14], [2, 11, 3, 12], [4, 8, 5, 7], [6, 18, 7, 17]]"
12a_0752_34,"[[6, 18, 7, 17], [8, 22, 9, 21], [10, 20, 11, 19], [12, 1, 13, 2], [14, 23, 15, 24], [16, 6, 17, 5], [18, 16, 19, 15], [20, 10, 21, 9], [22, 4, 23, 3], [24, 13, 1, 14], [2, 11, 3, 12], [4, 8, 5, 7]]"
12a_0752_35,"[[4, 8, 5, 7], [6, 18, 7, 17], [8, 22, 9, 21], [10, 20, 11, 19], [12, 1, 13, 2], [14, 23, 15, 24], [16, 6, 17, 5], [18, 16, 19, 15], [20, 10, 21, 9], [22, 4, 23, 3], [24, 13, 1, 14], [2, 11, 3, 12]]"
12a_0752_36,"[[3, 12, 4, 13], [5, 9, 6, 8], [7, 19, 8, 18], [9, 23, 10, 22], [11, 21, 12, 20], [13, 2, 14, 3], [15, 24, 16, 1], [17, 7, 18, 6], [19, 17, 20, 16], [21, 11, 22, 10], [23, 5, 24, 4], [1, 14, 2, 15]]"
12a_0752_37,"[[1, 14, 2, 15], [3, 12, 4, 13], [5, 9, 6, 8], [7, 19, 8, 18], [9, 23, 10, 22], [11, 21, 12, 20], [13, 2, 14, 3], [15, 24, 16, 1], [17, 7, 18, 6], [19, 17, 20, 16], [21, 11, 22, 10], [23, 5, 24, 4]]"
12a_0752_38,"[[23, 5, 24, 4], [1, 14, 2, 15], [3, 12, 4, 13], [5, 9, 6, 8], [7, 19, 8, 18], [9, 23, 10, 22], [11, 21, 12, 20], [13, 2, 14, 3], [15, 24, 16, 1], [17, 7, 18, 6], [19, 17, 20, 16], [21, 11, 22, 10]]"
12a_0752_39,"[[21, 11, 22, 10], [23, 5, 24, 4], [1, 14, 2, 15], [3, 12, 4, 13], [5, 9, 6, 8], [7, 19, 8, 18], [9, 23, 10, 22], [11, 21, 12, 20], [13, 2, 14, 3], [15, 24, 16, 1], [17, 7, 18, 6], [19, 17, 20, 16]]"
12a_0752_40,"[[19, 17, 20, 16], [21, 11, 22, 10], [23, 5, 24, 4], [1, 14, 2, 15], [3, 12, 4, 13], [5, 9, 6, 8], [7, 19, 8, 18], [9, 23, 10, 22], [11, 21, 12, 20], [13, 2, 14, 3], [15, 24, 16, 1], [17, 7, 18, 6]]"
12a_0752_41,"[[17, 7, 18, 6], [19, 17, 20, 16], [21, 11, 22, 10], [23, 5, 24, 4], [1, 14, 2, 15], [3, 12, 4, 13], [5, 9, 6, 8], [7, 19, 8, 18], [9, 23, 10, 22], [11, 21, 12, 20], [13, 2, 14, 3], [15, 24, 16, 1]]"
12a_0752_42,"[[15, 24, 16, 1], [17, 7, 18, 6], [19, 17, 20, 16], [21, 11, 22, 10], [23, 5, 24, 4], [1, 14, 2, 15], [3, 12, 4, 13], [5, 9, 6, 8], [7, 19, 8, 18], [9, 23, 10, 22], [11, 21, 12, 20], [13, 2, 14, 3]]"
12a_0752_43,"[[13, 2, 14, 3], [15, 24, 16, 1], [17, 7, 18, 6], [19, 17, 20, 16], [21, 11, 22, 10], [23, 5, 24, 4], [1, 14, 2, 15], [3, 12, 4, 13], [5, 9, 6, 8], [7, 19, 8, 18], [9, 23, 10, 22], [11, 21, 12, 20]]"
12a_0752_44,"[[11, 21, 12, 20], [13, 2, 14, 3], [15, 24, 16, 1], [17, 7, 18, 6], [19, 17, 20, 16], [21, 11, 22, 10], [23, 5, 24, 4], [1, 14, 2, 15], [3, 12, 4, 13], [5, 9, 6, 8], [7, 19, 8, 18], [9, 23, 10, 22]]"
12a_0752_45,"[[9, 23, 10, 22], [11, 21, 12, 20], [13, 2, 14, 3], [15, 24, 16, 1], [17, 7, 18, 6], [19, 17, 20, 16], [21, 11, 22, 10], [23, 5, 24, 4], [1, 14, 2, 15], [3, 12, 4, 13], [5, 9, 6, 8], [7, 19, 8, 18]]"
12a_0752_46,"[[7, 19, 8, 18], [9, 23, 10, 22], [11, 21, 12, 20], [13, 2, 14, 3], [15, 24, 16, 1], [17, 7, 18, 6], [19, 17, 20, 16], [21, 11, 22, 10], [23, 5, 24, 4], [1, 14, 2, 15], [3, 12, 4, 13], [5, 9, 6, 8]]"
12a_0752_47,"[[5, 9, 6, 8], [7, 19, 8, 18], [9, 23, 10, 22], [11, 21, 12, 20], [13, 2, 14, 3], [15, 24, 16, 1], [17, 7, 18, 6], [19, 17, 20, 16], [21, 11, 22, 10], [23, 5, 24, 4], [1, 14, 2, 15], [3, 12, 4, 13]]"
12a_0752_48,"[[4, 13, 5, 14], [6, 10, 7, 9], [8, 20, 9, 19], [10, 24, 11, 23], [12, 22, 13, 21], [14, 3, 15, 4], [16, 1, 17, 2], [18, 8, 19, 7], [20, 18, 21, 17], [22, 12, 23, 11], [24, 6, 1, 5], [2, 15, 3, 16]]"
12a_0752_49,"[[2, 15, 3, 16], [4, 13, 5, 14], [6, 10, 7, 9], [8, 20, 9, 19], [10, 24, 11, 23], [12, 22, 13, 21], [14, 3, 15, 4], [16, 1, 17, 2], [18, 8, 19, 7], [20, 18, 21, 17], [22, 12, 23, 11], [24, 6, 1, 5]]"
12a_0752_50,"[[24, 6, 1, 5], [2, 15, 3, 16], [4, 13, 5, 14], [6, 10, 7, 9], [8, 20, 9, 19], [10, 24, 11, 23], [12, 22, 13, 21], [14, 3, 15, 4], [16, 1, 17, 2], [18, 8, 19, 7], [20, 18, 21, 17], [22, 12, 23, 11]]"
12a_0752_51,"[[22, 12, 23, 11], [24, 6, 1, 5], [2, 15, 3, 16], [4, 13, 5, 14], [6, 10, 7, 9], [8, 20, 9, 19], [10, 24, 11, 23], [12, 22, 13, 21], [14, 3, 15, 4], [16, 1, 17, 2], [18, 8, 19, 7], [20, 18, 21, 17]]"
12a_0752_52,"[[20, 18, 21, 17], [22, 12, 23, 11], [24, 6, 1, 5], [2, 15, 3, 16], [4, 13, 5, 14], [6, 10, 7, 9], [8, 20, 9, 19], [10, 24, 11, 23], [12, 22, 13, 21], [14, 3, 15, 4], [16, 1, 17, 2], [18, 8, 19, 7]]"
12a_0752_53,"[[18, 8, 19, 7], [20, 18, 21, 17], [22, 12, 23, 11], [24, 6, 1, 5], [2, 15, 3, 16], [4, 13, 5, 14], [6, 10, 7, 9], [8, 20, 9, 19], [10, 24, 11, 23], [12, 22, 13, 21], [14, 3, 15, 4], [16, 1, 17, 2]]"
12a_0752_54,"[[16, 1, 17, 2], [18, 8, 19, 7], [20, 18, 21, 17], [22, 12, 23, 11], [24, 6, 1, 5], [2, 15, 3, 16], [4, 13, 5, 14], [6, 10, 7, 9], [8, 20, 9, 19], [10, 24, 11, 23], [12, 22, 13, 21], [14, 3, 15, 4]]"
12a_0752_55,"[[14, 3, 15, 4], [16, 1, 17, 2], [18, 8, 19, 7], [20, 18, 21, 17], [22, 12, 23, 11], [24, 6, 1, 5], [2, 15, 3, 16], [4, 13, 5, 14], [6, 10, 7, 9], [8, 20, 9, 19], [10, 24, 11, 23], [12, 22, 13, 21]]"
12a_0752_56,"[[12, 22, 13, 21], [14, 3, 15, 4], [16, 1, 17, 2], [18, 8, 19, 7], [20, 18, 21, 17], [22, 12, 23, 11], [24, 6, 1, 5], [2, 15, 3, 16], [4, 13, 5, 14], [6, 10, 7, 9], [8, 20, 9, 19], [10, 24, 11, 23]]"
12a_0752_57,"[[10, 24, 11, 23], [12, 22, 13, 21], [14, 3, 15, 4], [16, 1, 17, 2], [18, 8, 19, 7], [20, 18, 21, 17], [22, 12, 23, 11], [24, 6, 1, 5], [2, 15, 3, 16], [4, 13, 5, 14], [6, 10, 7, 9], [8, 20, 9, 19]]"
12a_0752_58,"[[8, 20, 9, 19], [10, 24, 11, 23], [12, 22, 13, 21], [14, 3, 15, 4], [16, 1, 17, 2], [18, 8, 19, 7], [20, 18, 21, 17], [22, 12, 23, 11], [24, 6, 1, 5], [2, 15, 3, 16], [4, 13, 5, 14], [6, 10, 7, 9]]"
12a_0752_59,"[[6, 10, 7, 9], [8, 20, 9, 19], [10, 24, 11, 23], [12, 22, 13, 21], [14, 3, 15, 4], [16, 1, 17, 2], [18, 8, 19, 7], [20, 18, 21, 17], [22, 12, 23, 11], [24, 6, 1, 5], [2, 15, 3, 16], [4, 13, 5, 14]]"
12a_0752_60,"[[5, 14, 6, 15], [7, 11, 8, 10], [9, 21, 10, 20], [11, 1, 12, 24], [13, 23, 14, 22], [15, 4, 16, 5], [17, 2, 18, 3], [19, 9, 20, 8], [21, 19, 22, 18], [23, 13, 24, 12], [1, 7, 2, 6], [3, 16, 4, 17]]"
12a_0752_61,"[[3, 16, 4, 17], [5, 14, 6, 15], [7, 11, 8, 10], [9, 21, 10, 20], [11, 1, 12, 24], [13, 23, 14, 22], [15, 4, 16, 5], [17, 2, 18, 3], [19, 9, 20, 8], [21, 19, 22, 18], [23, 13, 24, 12], [1, 7, 2, 6]]"
12a_0752_62,"[[1, 7, 2, 6], [3, 16, 4, 17], [5, 14, 6, 15], [7, 11, 8, 10], [9, 21, 10, 20], [11, 1, 12, 24], [13, 23, 14, 22], [15, 4, 16, 5], [17, 2, 18, 3], [19, 9, 20, 8], [21, 19, 22, 18], [23, 13, 24, 12]]"
12a_0752_63,"[[23, 13, 24, 12], [1, 7, 2, 6], [3, 16, 4, 17], [5, 14, 6, 15], [7, 11, 8, 10], [9, 21, 10, 20], [11, 1, 12, 24], [13, 23, 14, 22], [15, 4, 16, 5], [17, 2, 18, 3], [19, 9, 20, 8], [21, 19, 22, 18]]"
12a_0752_64,"[[21, 19, 22, 18], [23, 13, 24, 12], [1, 7, 2, 6], [3, 16, 4, 17], [5, 14, 6, 15], [7, 11, 8, 10], [9, 21, 10, 20], [11, 1, 12, 24], [13, 23, 14, 22], [15, 4, 16, 5], [17, 2, 18, 3], [19, 9, 20, 8]]"
12a_0752_65,"[[19, 9, 20, 8], [21, 19, 22, 18], [23, 13, 24, 12], [1, 7, 2, 6], [3, 16, 4, 17], [5, 14, 6, 15], [7, 11, 8, 10], [9, 21, 10, 20], [11, 1, 12, 24], [13, 23, 14, 22], [15, 4, 16, 5], [17, 2, 18, 3]]"
12a_0752_66,"[[17, 2, 18, 3], [19, 9, 20, 8], [21, 19, 22, 18], [23, 13, 24, 12], [1, 7, 2, 6], [3, 16, 4, 17], [5, 14, 6, 15], [7, 11, 8, 10], [9, 21, 10, 20], [11, 1, 12, 24], [13, 23, 14, 22], [15, 4, 16, 5]]"
12a_0752_67,"[[15, 4, 16, 5], [17, 2, 18, 3], [19, 9, 20, 8], [21, 19, 22, 18], [23, 13, 24, 12], [1, 7, 2, 6], [3, 16, 4, 17], [5, 14, 6, 15], [7, 11, 8, 10], [9, 21, 10, 20], [11, 1, 12, 24], [13, 23, 14, 22]]"
12a_0752_68,"[[13, 23, 14, 22], [15, 4, 16, 5], [17, 2, 18, 3], [19, 9, 20, 8], [21, 19, 22, 18], [23, 13, 24, 12], [1, 7, 2, 6], [3, 16, 4, 17], [5, 14, 6, 15], [7, 11, 8, 10], [9, 21, 10, 20], [11, 1, 12, 24]]"
12a_0752_69,"[[11, 1, 12, 24], [13, 23, 14, 22], [15, 4, 16, 5], [17, 2, 18, 3], [19, 9, 20, 8], [21, 19, 22, 18], [23, 13, 24, 12], [1, 7, 2, 6], [3, 16, 4, 17], [5, 14, 6, 15], [7, 11, 8, 10], [9, 21, 10, 20]]"
12a_0752_70,"[[9, 21, 10, 20], [11, 1, 12, 24], [13, 23, 14, 22], [15, 4, 16, 5], [17, 2, 18, 3], [19, 9, 20, 8], [21, 19, 22, 18], [23, 13, 24, 12], [1, 7, 2, 6], [3, 16, 4, 17], [5, 14, 6, 15], [7, 11, 8, 10]]"
12a_0752_71,"[[7, 11, 8, 10], [9, 21, 10, 20], [11, 1, 12, 24], [13, 23, 14, 22], [15, 4, 16, 5], [17, 2, 18, 3], [19, 9, 20, 8], [21, 19, 22, 18], [23, 13, 24, 12], [1, 7, 2, 6], [3, 16, 4, 17], [5, 14, 6, 15]]"
12a_0752_72,"[[6, 15, 7, 16], [8, 12, 9, 11], [10, 22, 11, 21], [12, 2, 13, 1], [14, 24, 15, 23], [16, 5, 17, 6], [18, 3, 19, 4], [20, 10, 21, 9], [22, 20, 23, 19], [24, 14, 1, 13], [2, 8, 3, 7], [4, 17, 5, 18]]"
12a_0752_73,"[[4, 17, 5, 18], [6, 15, 7, 16], [8, 12, 9, 11], [10, 22, 11, 21], [12, 2, 13, 1], [14, 24, 15, 23], [16, 5, 17, 6], [18, 3, 19, 4], [20, 10, 21, 9], [22, 20, 23, 19], [24, 14, 1, 13], [2, 8, 3, 7]]"
12a_0752_74,"[[2, 8, 3, 7], [4, 17, 5, 18], [6, 15, 7, 16], [8, 12, 9, 11], [10, 22, 11, 21], [12, 2, 13, 1], [14, 24, 15, 23], [16, 5, 17, 6], [18, 3, 19, 4], [20, 10, 21, 9], [22, 20, 23, 19], [24, 14, 1, 13]]"
12a_0752_75,"[[24, 14, 1, 13], [2, 8, 3, 7], [4, 17, 5, 18], [6, 15, 7, 16], [8, 12, 9, 11], [10, 22, 11, 21], [12, 2, 13, 1], [14, 24, 15, 23], [16, 5, 17, 6], [18, 3, 19, 4], [20, 10, 21, 9], [22, 20, 23, 19]]"
12a_0752_76,"[[22, 20, 23, 19], [24, 14, 1, 13], [2, 8, 3, 7], [4, 17, 5, 18], [6, 15, 7, 16], [8, 12, 9, 11], [10, 22, 11, 21], [12, 2, 13, 1], [14, 24, 15, 23], [16, 5, 17, 6], [18, 3, 19, 4], [20, 10, 21, 9]]"
12a_0752_77,"[[20, 10, 21, 9], [22, 20, 23, 19], [24, 14, 1, 13], [2, 8, 3, 7], [4, 17, 5, 18], [6, 15, 7, 16], [8, 12, 9, 11], [10, 22, 11, 21], [12, 2, 13, 1], [14, 24, 15, 23], [16, 5, 17, 6], [18, 3, 19, 4]]"
12a_0752_78,"[[18, 3, 19, 4], [20, 10, 21, 9], [22, 20, 23, 19], [24, 14, 1, 13], [2, 8, 3, 7], [4, 17, 5, 18], [6, 15, 7, 16], [8, 12, 9, 11], [10, 22, 11, 21], [12, 2, 13, 1], [14, 24, 15, 23], [16, 5, 17, 6]]"
12a_0752_79,"[[16, 5, 17, 6], [18, 3, 19, 4], [20, 10, 21, 9], [22, 20, 23, 19], [24, 14, 1, 13], [2, 8, 3, 7], [4, 17, 5, 18], [6, 15, 7, 16], [8, 12, 9, 11], [10, 22, 11, 21], [12, 2, 13, 1], [14, 24, 15, 23]]"
12a_0752_80,"[[14, 24, 15, 23], [16, 5, 17, 6], [18, 3, 19, 4], [20, 10, 21, 9], [22, 20, 23, 19], [24, 14, 1, 13], [2, 8, 3, 7], [4, 17, 5, 18], [6, 15, 7, 16], [8, 12, 9, 11], [10, 22, 11, 21], [12, 2, 13, 1]]"
12a_0752_81,"[[12, 2, 13, 1], [14, 24, 15, 23], [16, 5, 17, 6], [18, 3, 19, 4], [20, 10, 21, 9], [22, 20, 23, 19], [24, 14, 1, 13], [2, 8, 3, 7], [4, 17, 5, 18], [6, 15, 7, 16], [8, 12, 9, 11], [10, 22, 11, 21]]"
12a_0752_82,"[[10, 22, 11, 21], [12, 2, 13, 1], [14, 24, 15, 23], [16, 5, 17, 6], [18, 3, 19, 4], [20, 10, 21, 9], [22, 20, 23, 19], [24, 14, 1, 13], [2, 8, 3, 7], [4, 17, 5, 18], [6, 15, 7, 16], [8, 12, 9, 11]]"
12a_0752_83,"[[8, 12, 9, 11], [10, 22, 11, 21], [12, 2, 13, 1], [14, 24, 15, 23], [16, 5, 17, 6], [18, 3, 19, 4], [20, 10, 21, 9], [22, 20, 23, 19], [24, 14, 1, 13], [2, 8, 3, 7], [4, 17, 5, 18], [6, 15, 7, 16]]"
12a_0752_84,"[[7, 16, 8, 17], [9, 13, 10, 12], [11, 23, 12, 22], [13, 3, 14, 2], [15, 1, 16, 24], [17, 6, 18, 7], [19, 4, 20, 5], [21, 11, 22, 10], [23, 21, 24, 20], [1, 15, 2, 14], [3, 9, 4, 8], [5, 18, 6, 19]]"
12a_0752_85,"[[5, 18, 6, 19], [7, 16, 8, 17], [9, 13, 10, 12], [11, 23, 12, 22], [13, 3, 14, 2], [15, 1, 16, 24], [17, 6, 18, 7], [19, 4, 20, 5], [21, 11, 22, 10], [23, 21, 24, 20], [1, 15, 2, 14], [3, 9, 4, 8]]"
12a_0752_86,"[[3, 9, 4, 8], [5, 18, 6, 19], [7, 16, 8, 17], [9, 13, 10, 12], [11, 23, 12, 22], [13, 3, 14, 2], [15, 1, 16, 24], [17, 6, 18, 7], [19, 4, 20, 5], [21, 11, 22, 10], [23, 21, 24, 20], [1, 15, 2, 14]]"
12a_0752_87,"[[1, 15, 2, 14], [3, 9, 4, 8], [5, 18, 6, 19], [7, 16, 8, 17], [9, 13, 10, 12], [11, 23, 12, 22], [13, 3, 14, 2], [15, 1, 16, 24], [17, 6, 18, 7], [19, 4, 20, 5], [21, 11, 22, 10], [23, 21, 24, 20]]"
12a_0752_88,"[[23, 21, 24, 20], [1, 15, 2, 14], [3, 9, 4, 8], [5, 18, 6, 19], [7, 16, 8, 17], [9, 13, 10, 12], [11, 23, 12, 22], [13, 3, 14, 2], [15, 1, 16, 24], [17, 6, 18, 7], [19, 4, 20, 5], [21, 11, 22, 10]]"
12a_0752_89,"[[21, 11, 22, 10], [23, 21, 24, 20], [1, 15, 2, 14], [3, 9, 4, 8], [5, 18, 6, 19], [7, 16, 8, 17], [9, 13, 10, 12], [11, 23, 12, 22], [13, 3, 14, 2], [15, 1, 16, 24], [17, 6, 18, 7], [19, 4, 20, 5]]"
12a_0752_90,"[[19, 4, 20, 5], [21, 11, 22, 10], [23, 21, 24, 20], [1, 15, 2, 14], [3, 9, 4, 8], [5, 18, 6, 19], [7, 16, 8, 17], [9, 13, 10, 12], [11, 23, 12, 22], [13, 3, 14, 2], [15, 1, 16, 24], [17, 6, 18, 7]]"
12a_0752_91,"[[17, 6, 18, 7], [19, 4, 20, 5], [21, 11, 22, 10], [23, 21, 24, 20], [1, 15, 2, 14], [3, 9, 4, 8], [5, 18, 6, 19], [7, 16, 8, 17], [9, 13, 10, 12], [11, 23, 12, 22], [13, 3, 14, 2], [15, 1, 16, 24]]"
12a_0752_92,"[[15, 1, 16, 24], [17, 6, 18, 7], [19, 4, 20, 5], [21, 11, 22, 10], [23, 21, 24, 20], [1, 15, 2, 14], [3, 9, 4, 8], [5, 18, 6, 19], [7, 16, 8, 17], [9, 13, 10, 12], [11, 23, 12, 22], [13, 3, 14, 2]]"
12a_0752_93,"[[13, 3, 14, 2], [15, 1, 16, 24], [17, 6, 18, 7], [19, 4, 20, 5], [21, 11, 22, 10], [23, 21, 24, 20], [1, 15, 2, 14], [3, 9, 4, 8], [5, 18, 6, 19], [7, 16, 8, 17], [9, 13, 10, 12], [11, 23, 12, 22]]"
12a_0752_94,"[[11, 23, 12, 22], [13, 3, 14, 2], [15, 1, 16, 24], [17, 6, 18, 7], [19, 4, 20, 5], [21, 11, 22, 10], [23, 21, 24, 20], [1, 15, 2, 14], [3, 9, 4, 8], [5, 18, 6, 19], [7, 16, 8, 17], [9, 13, 10, 12]]"
12a_0752_95,"[[9, 13, 10, 12], [11, 23, 12, 22], [13, 3, 14, 2], [15, 1, 16, 24], [17, 6, 18, 7], [19, 4, 20, 5], [21, 11, 22, 10], [23, 21, 24, 20], [1, 15, 2, 14], [3, 9, 4, 8], [5, 18, 6, 19], [7, 16, 8, 17]]"
12a_0752_96,"[[8, 17, 9, 18], [10, 14, 11, 13], [12, 24, 13, 23], [14, 4, 15, 3], [16, 2, 17, 1], [18, 7, 19, 8], [20, 5, 21, 6], [22, 12, 23, 11], [24, 22, 1, 21], [2, 16, 3, 15], [4, 10, 5, 9], [6, 19, 7, 20]]"
12a_0752_97,"[[6, 19, 7, 20], [8, 17, 9, 18], [10, 14, 11, 13], [12, 24, 13, 23], [14, 4, 15, 3], [16, 2, 17, 1], [18, 7, 19, 8], [20, 5, 21, 6], [22, 12, 23, 11], [24, 22, 1, 21], [2, 16, 3, 15], [4, 10, 5, 9]]"
12a_0752_98,"[[4, 10, 5, 9], [6, 19, 7, 20], [8, 17, 9, 18], [10, 14, 11, 13], [12, 24, 13, 23], [14, 4, 15, 3], [16, 2, 17, 1], [18, 7, 19, 8], [20, 5, 21, 6], [22, 12, 23, 11], [24, 22, 1, 21], [2, 16, 3, 15]]"
12a_0752_99,"[[2, 16, 3, 15], [4, 10, 5, 9], [6, 19, 7, 20], [8, 17, 9, 18], [10, 14, 11, 13], [12, 24, 13, 23], [14, 4, 15, 3], [16, 2, 17, 1], [18, 7, 19, 8], [20, 5, 21, 6], [22, 12, 23, 11], [24, 22, 1, 21]]"
12a_0752_100,"[[24, 22, 1, 21], [2, 16, 3, 15], [4, 10, 5, 9], [6, 19, 7, 20], [8, 17, 9, 18], [10, 14, 11, 13], [12, 24, 13, 23], [14, 4, 15, 3], [16, 2, 17, 1], [18, 7, 19, 8], [20, 5, 21, 6], [22, 12, 23, 11]]"
12a_0752_101,"[[22, 12, 23, 11], [24, 22, 1, 21], [2, 16, 3, 15], [4, 10, 5, 9], [6, 19, 7, 20], [8, 17, 9, 18], [10, 14, 11, 13], [12, 24, 13, 23], [14, 4, 15, 3], [16, 2, 17, 1], [18, 7, 19, 8], [20, 5, 21, 6]]"
12a_0752_102,"[[20, 5, 21, 6], [22, 12, 23, 11], [24, 22, 1, 21], [2, 16, 3, 15], [4, 10, 5, 9], [6, 19, 7, 20], [8, 17, 9, 18], [10, 14, 11, 13], [12, 24, 13, 23], [14, 4, 15, 3], [16, 2, 17, 1], [18, 7, 19, 8]]"
12a_0752_103,"[[18, 7, 19, 8], [20, 5, 21, 6], [22, 12, 23, 11], [24, 22, 1, 21], [2, 16, 3, 15], [4, 10, 5, 9], [6, 19, 7, 20], [8, 17, 9, 18], [10, 14, 11, 13], [12, 24, 13, 23], [14, 4, 15, 3], [16, 2, 17, 1]]"
12a_0752_104,"[[16, 2, 17, 1], [18, 7, 19, 8], [20, 5, 21, 6], [22, 12, 23, 11], [24, 22, 1, 21], [2, 16, 3, 15], [4, 10, 5, 9], [6, 19, 7, 20], [8, 17, 9, 18], [10, 14, 11, 13], [12, 24, 13, 23], [14, 4, 15, 3]]"
12a_0752_105,"[[14, 4, 15, 3], [16, 2, 17, 1], [18, 7, 19, 8], [20, 5, 21, 6], [22, 12, 23, 11], [24, 22, 1, 21], [2, 16, 3, 15], [4, 10, 5, 9], [6, 19, 7, 20], [8, 17, 9, 18], [10, 14, 11, 13], [12, 24, 13, 23]]"
12a_0752_106,"[[12, 24, 13, 23], [14, 4, 15, 3], [16, 2, 17, 1], [18, 7, 19, 8], [20, 5, 21, 6], [22, 12, 23, 11], [24, 22, 1, 21], [2, 16, 3, 15], [4, 10, 5, 9], [6, 19, 7, 20], [8, 17, 9, 18], [10, 14, 11, 13]]"
12a_0752_107,"[[10, 14, 11, 13], [12, 24, 13, 23], [14, 4, 15, 3], [16, 2, 17, 1], [18, 7, 19, 8], [20, 5, 21, 6], [22, 12, 23, 11], [24, 22, 1, 21], [2, 16, 3, 15], [4, 10, 5, 9], [6, 19, 7, 20], [8, 17, 9, 18]]"
12a_0752_108,"[[9, 18, 10, 19], [11, 15, 12, 14], [13, 1, 14, 24], [15, 5, 16, 4], [17, 3, 18, 2], [19, 8, 20, 9], [21, 6, 22, 7], [23, 13, 24, 12], [1, 23, 2, 22], [3, 17, 4, 16], [5, 11, 6, 10], [7, 20, 8, 21]]"
12a_0752_109,"[[7, 20, 8, 21], [9, 18, 10, 19], [11, 15, 12, 14], [13, 1, 14, 24], [15, 5, 16, 4], [17, 3, 18, 2], [19, 8, 20, 9], [21, 6, 22, 7], [23, 13, 24, 12], [1, 23, 2, 22], [3, 17, 4, 16], [5, 11, 6, 10]]"
12a_0752_110,"[[5, 11, 6, 10], [7, 20, 8, 21], [9, 18, 10, 19], [11, 15, 12, 14], [13, 1, 14, 24], [15, 5, 16, 4], [17, 3, 18, 2], [19, 8, 20, 9], [21, 6, 22, 7], [23, 13, 24, 12], [1, 23, 2, 22], [3, 17, 4, 16]]"
12a_0752_111,"[[3, 17, 4, 16], [5, 11, 6, 10], [7, 20, 8, 21], [9, 18, 10, 19], [11, 15, 12, 14], [13, 1, 14, 24], [15, 5, 16, 4], [17, 3, 18, 2], [19, 8, 20, 9], [21, 6, 22, 7], [23, 13, 24, 12], [1, 23, 2, 22]]"
12a_0752_112,"[[1, 23, 2, 22], [3, 17, 4, 16], [5, 11, 6, 10], [7, 20, 8, 21], [9, 18, 10, 19], [11, 15, 12, 14], [13, 1, 14, 24], [15, 5, 16, 4], [17, 3, 18, 2], [19, 8, 20, 9], [21, 6, 22, 7], [23, 13, 24, 12]]"
12a_0752_113,"[[23, 13, 24, 12], [1, 23, 2, 22], [3, 17, 4, 16], [5, 11, 6, 10], [7, 20, 8, 21], [9, 18, 10, 19], [11, 15, 12, 14], [13, 1, 14, 24], [15, 5, 16, 4], [17, 3, 18, 2], [19, 8, 20, 9], [21, 6, 22, 7]]"
12a_0752_114,"[[21, 6, 22, 7], [23, 13, 24, 12], [1, 23, 2, 22], [3, 17, 4, 16], [5, 11, 6, 10], [7, 20, 8, 21], [9, 18, 10, 19], [11, 15, 12, 14], [13, 1, 14, 24], [15, 5, 16, 4], [17, 3, 18, 2], [19, 8, 20, 9]]"
12a_0752_115,"[[19, 8, 20, 9], [21, 6, 22, 7], [23, 13, 24, 12], [1, 23, 2, 22], [3, 17, 4, 16], [5, 11, 6, 10], [7, 20, 8, 21], [9, 18, 10, 19], [11, 15, 12, 14], [13, 1, 14, 24], [15, 5, 16, 4], [17, 3, 18, 2]]"
12a_0752_116,"[[17, 3, 18, 2], [19, 8, 20, 9], [21, 6, 22, 7], [23, 13, 24, 12], [1, 23, 2, 22], [3, 17, 4, 16], [5, 11, 6, 10], [7, 20, 8, 21], [9, 18, 10, 19], [11, 15, 12, 14], [13, 1, 14, 24], [15, 5, 16, 4]]"
12a_0752_117,"[[15, 5, 16, 4], [17, 3, 18, 2], [19, 8, 20, 9], [21, 6, 22, 7], [23, 13, 24, 12], [1, 23, 2, 22], [3, 17, 4, 16], [5, 11, 6, 10], [7, 20, 8, 21], [9, 18, 10, 19], [11, 15, 12, 14], [13, 1, 14, 24]]"
12a_0752_118,"[[13, 1, 14, 24], [15, 5, 16, 4], [17, 3, 18, 2], [19, 8, 20, 9], [21, 6, 22, 7], [23, 13, 24, 12], [1, 23, 2, 22], [3, 17, 4, 16], [5, 11, 6, 10], [7, 20, 8, 21], [9, 18, 10, 19], [11, 15, 12, 14]]"
12a_0752_119,"[[11, 15, 12, 14], [13, 1, 14, 24], [15, 5, 16, 4], [17, 3, 18, 2], [19, 8, 20, 9], [21, 6, 22, 7], [23, 13, 24, 12], [1, 23, 2, 22], [3, 17, 4, 16], [5, 11, 6, 10], [7, 20, 8, 21], [9, 18, 10, 19]]"
12a_0752_120,"[[10, 19, 11, 20], [12, 16, 13, 15], [14, 2, 15, 1], [16, 6, 17, 5], [18, 4, 19, 3], [20, 9, 21, 10], [22, 7, 23, 8], [24, 14, 1, 13], [2, 24, 3, 23], [4, 18, 5, 17], [6, 12, 7, 11], [8, 21, 9, 22]]"
12a_0752_121,"[[8, 21, 9, 22], [10, 19, 11, 20], [12, 16, 13, 15], [14, 2, 15, 1], [16, 6, 17, 5], [18, 4, 19, 3], [20, 9, 21, 10], [22, 7, 23, 8], [24, 14, 1, 13], [2, 24, 3, 23], [4, 18, 5, 17], [6, 12, 7, 11]]"
12a_0752_122,"[[6, 12, 7, 11], [8, 21, 9, 22], [10, 19, 11, 20], [12, 16, 13, 15], [14, 2, 15, 1], [16, 6, 17, 5], [18, 4, 19, 3], [20, 9, 21, 10], [22, 7, 23, 8], [24, 14, 1, 13], [2, 24, 3, 23], [4, 18, 5, 17]]"
12a_0752_123,"[[4, 18, 5, 17], [6, 12, 7, 11], [8, 21, 9, 22], [10, 19, 11, 20], [12, 16, 13, 15], [14, 2, 15, 1], [16, 6, 17, 5], [18, 4, 19, 3], [20, 9, 21, 10], [22, 7, 23, 8], [24, 14, 1, 13], [2, 24, 3, 23]]"
12a_0752_124,"[[2, 24, 3, 23], [4, 18, 5, 17], [6, 12, 7, 11], [8, 21, 9, 22], [10, 19, 11, 20], [12, 16, 13, 15], [14, 2, 15, 1], [16, 6, 17, 5], [18, 4, 19, 3], [20, 9, 21, 10], [22, 7, 23, 8], [24, 14, 1, 13]]"
12a_0752_125,"[[24, 14, 1, 13], [2, 24, 3, 23], [4, 18, 5, 17], [6, 12, 7, 11], [8, 21, 9, 22], [10, 19, 11, 20], [12, 16, 13, 15], [14, 2, 15, 1], [16, 6, 17, 5], [18, 4, 19, 3], [20, 9, 21, 10], [22, 7, 23, 8]]"
12a_0752_126,"[[22, 7, 23, 8], [24, 14, 1, 13], [2, 24, 3, 23], [4, 18, 5, 17], [6, 12, 7, 11], [8, 21, 9, 22], [10, 19, 11, 20], [12, 16, 13, 15], [14, 2, 15, 1], [16, 6, 17, 5], [18, 4, 19, 3], [20, 9, 21, 10]]"
12a_0752_127,"[[20, 9, 21, 10], [22, 7, 23, 8], [24, 14, 1, 13], [2, 24, 3, 23], [4, 18, 5, 17], [6, 12, 7, 11], [8, 21, 9, 22], [10, 19, 11, 20], [12, 16, 13, 15], [14, 2, 15, 1], [16, 6, 17, 5], [18, 4, 19, 3]]"
12a_0752_128,"[[18, 4, 19, 3], [20, 9, 21, 10], [22, 7, 23, 8], [24, 14, 1, 13], [2, 24, 3, 23], [4, 18, 5, 17], [6, 12, 7, 11], [8, 21, 9, 22], [10, 19, 11, 20], [12, 16, 13, 15], [14, 2, 15, 1], [16, 6, 17, 5]]"
12a_0752_129,"[[16, 6, 17, 5], [18, 4, 19, 3], [20, 9, 21, 10], [22, 7, 23, 8], [24, 14, 1, 13], [2, 24, 3, 23], [4, 18, 5, 17], [6, 12, 7, 11], [8, 21, 9, 22], [10, 19, 11, 20], [12, 16, 13, 15], [14, 2, 15, 1]]"
12a_0752_130,"[[14, 2, 15, 1], [16, 6, 17, 5], [18, 4, 19, 3], [20, 9, 21, 10], [22, 7, 23, 8], [24, 14, 1, 13], [2, 24, 3, 23], [4, 18, 5, 17], [6, 12, 7, 11], [8, 21, 9, 22], [10, 19, 11, 20], [12, 16, 13, 15]]"
12a_0752_131,"[[12, 16, 13, 15], [14, 2, 15, 1], [16, 6, 17, 5], [18, 4, 19, 3], [20, 9, 21, 10], [22, 7, 23, 8], [24, 14, 1, 13], [2, 24, 3, 23], [4, 18, 5, 17], [6, 12, 7, 11], [8, 21, 9, 22], [10, 19, 11, 20]]"
12a_0752_132,"[[11, 20, 12, 21], [13, 17, 14, 16], [15, 3, 16, 2], [17, 7, 18, 6], [19, 5, 20, 4], [21, 10, 22, 11], [23, 8, 24, 9], [1, 15, 2, 14], [3, 1, 4, 24], [5, 19, 6, 18], [7, 13, 8, 12], [9, 22, 10, 23]]"
12a_0752_133,"[[9, 22, 10, 23], [11, 20, 12, 21], [13, 17, 14, 16], [15, 3, 16, 2], [17, 7, 18, 6], [19, 5, 20, 4], [21, 10, 22, 11], [23, 8, 24, 9], [1, 15, 2, 14], [3, 1, 4, 24], [5, 19, 6, 18], [7, 13, 8, 12]]"
12a_0752_134,"[[7, 13, 8, 12], [9, 22, 10, 23], [11, 20, 12, 21], [13, 17, 14, 16], [15, 3, 16, 2], [17, 7, 18, 6], [19, 5, 20, 4], [21, 10, 22, 11], [23, 8, 24, 9], [1, 15, 2, 14], [3, 1, 4, 24], [5, 19, 6, 18]]"
12a_0752_135,"[[5, 19, 6, 18], [7, 13, 8, 12], [9, 22, 10, 23], [11, 20, 12, 21], [13, 17, 14, 16], [15, 3, 16, 2], [17, 7, 18, 6], [19, 5, 20, 4], [21, 10, 22, 11], [23, 8, 24, 9], [1, 15, 2, 14], [3, 1, 4, 24]]"
12a_0752_136,"[[3, 1, 4, 24], [5, 19, 6, 18], [7, 13, 8, 12], [9, 22, 10, 23], [11, 20, 12, 21], [13, 17, 14, 16], [15, 3, 16, 2], [17, 7, 18, 6], [19, 5, 20, 4], [21, 10, 22, 11], [23, 8, 24, 9], [1, 15, 2, 14]]"
12a_0752_137,"[[1, 15, 2, 14], [3, 1, 4, 24], [5, 19, 6, 18], [7, 13, 8, 12], [9, 22, 10, 23], [11, 20, 12, 21], [13, 17, 14, 16], [15, 3, 16, 2], [17, 7, 18, 6], [19, 5, 20, 4], [21, 10, 22, 11], [23, 8, 24, 9]]"
12a_0752_138,"[[23, 8, 24, 9], [1, 15, 2, 14], [3, 1, 4, 24], [5, 19, 6, 18], [7, 13, 8, 12], [9, 22, 10, 23], [11, 20, 12, 21], [13, 17, 14, 16], [15, 3, 16, 2], [17, 7, 18, 6], [19, 5, 20, 4], [21, 10, 22, 11]]"
12a_0752_139,"[[21, 10, 22, 11], [23, 8, 24, 9], [1, 15, 2, 14], [3, 1, 4, 24], [5, 19, 6, 18], [7, 13, 8, 12], [9, 22, 10, 23], [11, 20, 12, 21], [13, 17, 14, 16], [15, 3, 16, 2], [17, 7, 18, 6], [19, 5, 20, 4]]"
12a_0752_140,"[[19, 5, 20, 4], [21, 10, 22, 11], [23, 8, 24, 9], [1, 15, 2, 14], [3, 1, 4, 24], [5, 19, 6, 18], [7, 13, 8, 12], [9, 22, 10, 23], [11, 20, 12, 21], [13, 17, 14, 16], [15, 3, 16, 2], [17, 7, 18, 6]]"
12a_0752_141,"[[17, 7, 18, 6], [19, 5, 20, 4], [21, 10, 22, 11], [23, 8, 24, 9], [1, 15, 2, 14], [3, 1, 4, 24], [5, 19, 6, 18], [7, 13, 8, 12], [9, 22, 10, 23], [11, 20, 12, 21], [13, 17, 14, 16], [15, 3, 16, 2]]"
12a_0752_142,"[[15, 3, 16, 2], [17, 7, 18, 6], [19, 5, 20, 4], [21, 10, 22, 11], [23, 8, 24, 9], [1, 15, 2, 14], [3, 1, 4, 24], [5, 19, 6, 18], [7, 13, 8, 12], [9, 22, 10, 23], [11, 20, 12, 21], [13, 17, 14, 16]]"
12a_0752_143,"[[13, 17, 14, 16], [15, 3, 16, 2], [17, 7, 18, 6], [19, 5, 20, 4], [21, 10, 22, 11], [23, 8, 24, 9], [1, 15, 2, 14], [3, 1, 4, 24], [5, 19, 6, 18], [7, 13, 8, 12], [9, 22, 10, 23], [11, 20, 12, 21]]"
12a_0752_144,"[[12, 21, 13, 22], [14, 18, 15, 17], [16, 4, 17, 3], [18, 8, 19, 7], [20, 6, 21, 5], [22, 11, 23, 12], [24, 9, 1, 10], [2, 16, 3, 15], [4, 2, 5, 1], [6, 20, 7, 19], [8, 14, 9, 13], [10, 23, 11, 24]]"
12a_0752_145,"[[10, 23, 11, 24], [12, 21, 13, 22], [14, 18, 15, 17], [16, 4, 17, 3], [18, 8, 19, 7], [20, 6, 21, 5], [22, 11, 23, 12], [24, 9, 1, 10], [2, 16, 3, 15], [4, 2, 5, 1], [6, 20, 7, 19], [8, 14, 9, 13]]"
12a_0752_146,"[[8, 14, 9, 13], [10, 23, 11, 24], [12, 21, 13, 22], [14, 18, 15, 17], [16, 4, 17, 3], [18, 8, 19, 7], [20, 6, 21, 5], [22, 11, 23, 12], [24, 9, 1, 10], [2, 16, 3, 15], [4, 2, 5, 1], [6, 20, 7, 19]]"
12a_0752_147,"[[6, 20, 7, 19], [8, 14, 9, 13], [10, 23, 11, 24], [12, 21, 13, 22], [14, 18, 15, 17], [16, 4, 17, 3], [18, 8, 19, 7], [20, 6, 21, 5], [22, 11, 23, 12], [24, 9, 1, 10], [2, 16, 3, 15], [4, 2, 5, 1]]"
12a_0752_148,"[[4, 2, 5, 1], [6, 20, 7, 19], [8, 14, 9, 13], [10, 23, 11, 24], [12, 21, 13, 22], [14, 18, 15, 17], [16, 4, 17, 3], [18, 8, 19, 7], [20, 6, 21, 5], [22, 11, 23, 12], [24, 9, 1, 10], [2, 16, 3, 15]]"
12a_0752_149,"[[2, 16, 3, 15], [4, 2, 5, 1], [6, 20, 7, 19], [8, 14, 9, 13], [10, 23, 11, 24], [12, 21, 13, 22], [14, 18, 15, 17], [16, 4, 17, 3], [18, 8, 19, 7], [20, 6, 21, 5], [22, 11, 23, 12], [24, 9, 1, 10]]"
12a_0752_150,"[[24, 9, 1, 10], [2, 16, 3, 15], [4, 2, 5, 1], [6, 20, 7, 19], [8, 14, 9, 13], [10, 23, 11, 24], [12, 21, 13, 22], [14, 18, 15, 17], [16, 4, 17, 3], [18, 8, 19, 7], [20, 6, 21, 5], [22, 11, 23, 12]]"
12a_0752_151,"[[22, 11, 23, 12], [24, 9, 1, 10], [2, 16, 3, 15], [4, 2, 5, 1], [6, 20, 7, 19], [8, 14, 9, 13], [10, 23, 11, 24], [12, 21, 13, 22], [14, 18, 15, 17], [16, 4, 17, 3], [18, 8, 19, 7], [20, 6, 21, 5]]"
12a_0752_152,"[[20, 6, 21, 5], [22, 11, 23, 12], [24, 9, 1, 10], [2, 16, 3, 15], [4, 2, 5, 1], [6, 20, 7, 19], [8, 14, 9, 13], [10, 23, 11, 24], [12, 21, 13, 22], [14, 18, 15, 17], [16, 4, 17, 3], [18, 8, 19, 7]]"
12a_0752_153,"[[18, 8, 19, 7], [20, 6, 21, 5], [22, 11, 23, 12], [24, 9, 1, 10], [2, 16, 3, 15], [4, 2, 5, 1], [6, 20, 7, 19], [8, 14, 9, 13], [10, 23, 11, 24], [12, 21, 13, 22], [14, 18, 15, 17], [16, 4, 17, 3]]"
12a_0752_154,"[[16, 4, 17, 3], [18, 8, 19, 7], [20, 6, 21, 5], [22, 11, 23, 12], [24, 9, 1, 10], [2, 16, 3, 15], [4, 2, 5, 1], [6, 20, 7, 19], [8, 14, 9, 13], [10, 23, 11, 24], [12, 21, 13, 22], [14, 18, 15, 17]]"
12a_0752_155,"[[14, 18, 15, 17], [16, 4, 17, 3], [18, 8, 19, 7], [20, 6, 21, 5], [22, 11, 23, 12], [24, 9, 1, 10], [2, 16, 3, 15], [4, 2, 5, 1], [6, 20, 7, 19], [8, 14, 9, 13], [10, 23, 11, 24], [12, 21, 13, 22]]"
12a_0752_156,"[[13, 22, 14, 23], [15, 19, 16, 18], [17, 5, 18, 4], [19, 9, 20, 8], [21, 7, 22, 6], [23, 12, 24, 13], [1, 10, 2, 11], [3, 17, 4, 16], [5, 3, 6, 2], [7, 21, 8, 20], [9, 15, 10, 14], [11, 24, 12, 1]]"
12a_0752_157,"[[11, 24, 12, 1], [13, 22, 14, 23], [15, 19, 16, 18], [17, 5, 18, 4], [19, 9, 20, 8], [21, 7, 22, 6], [23, 12, 24, 13], [1, 10, 2, 11], [3, 17, 4, 16], [5, 3, 6, 2], [7, 21, 8, 20], [9, 15, 10, 14]]"
12a_0752_158,"[[9, 15, 10, 14], [11, 24, 12, 1], [13, 22, 14, 23], [15, 19, 16, 18], [17, 5, 18, 4], [19, 9, 20, 8], [21, 7, 22, 6], [23, 12, 24, 13], [1, 10, 2, 11], [3, 17, 4, 16], [5, 3, 6, 2], [7, 21, 8, 20]]"
12a_0752_159,"[[7, 21, 8, 20], [9, 15, 10, 14], [11, 24, 12, 1], [13, 22, 14, 23], [15, 19, 16, 18], [17, 5, 18, 4], [19, 9, 20, 8], [21, 7, 22, 6], [23, 12, 24, 13], [1, 10, 2, 11], [3, 17, 4, 16], [5, 3, 6, 2]]"
12a_0752_160,"[[5, 3, 6, 2], [7, 21, 8, 20], [9, 15, 10, 14], [11, 24, 12, 1], [13, 22, 14, 23], [15, 19, 16, 18], [17, 5, 18, 4], [19, 9, 20, 8], [21, 7, 22, 6], [23, 12, 24, 13], [1, 10, 2, 11], [3, 17, 4, 16]]"
12a_0752_161,"[[3, 17, 4, 16], [5, 3, 6, 2], [7, 21, 8, 20], [9, 15, 10, 14], [11, 24, 12, 1], [13, 22, 14, 23], [15, 19, 16, 18], [17, 5, 18, 4], [19, 9, 20, 8], [21, 7, 22, 6], [23, 12, 24, 13], [1, 10, 2, 11]]"
12a_0752_162,"[[1, 10, 2, 11], [3, 17, 4, 16], [5, 3, 6, 2], [7, 21, 8, 20], [9, 15, 10, 14], [11, 24, 12, 1], [13, 22, 14, 23], [15, 19, 16, 18], [17, 5, 18, 4], [19, 9, 20, 8], [21, 7, 22, 6], [23, 12, 24, 13]]"
12a_0752_163,"[[23, 12, 24, 13], [1, 10, 2, 11], [3, 17, 4, 16], [5, 3, 6, 2], [7, 21, 8, 20], [9, 15, 10, 14], [11, 24, 12, 1], [13, 22, 14, 23], [15, 19, 16, 18], [17, 5, 18, 4], [19, 9, 20, 8], [21, 7, 22, 6]]"
12a_0752_164,"[[21, 7, 22, 6], [23, 12, 24, 13], [1, 10, 2, 11], [3, 17, 4, 16], [5, 3, 6, 2], [7, 21, 8, 20], [9, 15, 10, 14], [11, 24, 12, 1], [13, 22, 14, 23], [15, 19, 16, 18], [17, 5, 18, 4], [19, 9, 20, 8]]"
12a_0752_165,"[[19, 9, 20, 8], [21, 7, 22, 6], [23, 12, 24, 13], [1, 10, 2, 11], [3, 17, 4, 16], [5, 3, 6, 2], [7, 21, 8, 20], [9, 15, 10, 14], [11, 24, 12, 1], [13, 22, 14, 23], [15, 19, 16, 18], [17, 5, 18, 4]]"
12a_0752_166,"[[17, 5, 18, 4], [19, 9, 20, 8], [21, 7, 22, 6], [23, 12, 24, 13], [1, 10, 2, 11], [3, 17, 4, 16], [5, 3, 6, 2], [7, 21, 8, 20], [9, 15, 10, 14], [11, 24, 12, 1], [13, 22, 14, 23], [15, 19, 16, 18]]"
12a_0752_167,"[[15, 19, 16, 18], [17, 5, 18, 4], [19, 9, 20, 8], [21, 7, 22, 6], [23, 12, 24, 13], [1, 10, 2, 11], [3, 17, 4, 16], [5, 3, 6, 2], [7, 21, 8, 20], [9, 15, 10, 14], [11, 24, 12, 1], [13, 22, 14, 23]]"
12a_0752_168,"[[14, 23, 15, 24], [16, 20, 17, 19], [18, 6, 19, 5], [20, 10, 21, 9], [22, 8, 23, 7], [24, 13, 1, 14], [2, 11, 3, 12], [4, 18, 5, 17], [6, 4, 7, 3], [8, 22, 9, 21], [10, 16, 11, 15], [12, 1, 13, 2]]"
12a_0752_169,"[[12, 1, 13, 2], [14, 23, 15, 24], [16, 20, 17, 19], [18, 6, 19, 5], [20, 10, 21, 9], [22, 8, 23, 7], [24, 13, 1, 14], [2, 11, 3, 12], [4, 18, 5, 17], [6, 4, 7, 3], [8, 22, 9, 21], [10, 16, 11, 15]]"
12a_0752_170,"[[10, 16, 11, 15], [12, 1, 13, 2], [14, 23, 15, 24], [16, 20, 17, 19], [18, 6, 19, 5], [20, 10, 21, 9], [22, 8, 23, 7], [24, 13, 1, 14], [2, 11, 3, 12], [4, 18, 5, 17], [6, 4, 7, 3], [8, 22, 9, 21]]"
12a_0752_171,"[[8, 22, 9, 21], [10, 16, 11, 15], [12, 1, 13, 2], [14, 23, 15, 24], [16, 20, 17, 19], [18, 6, 19, 5], [20, 10, 21, 9], [22, 8, 23, 7], [24, 13, 1, 14], [2, 11, 3, 12], [4, 18, 5, 17], [6, 4, 7, 3]]"
12a_0752_172,"[[6, 4, 7, 3], [8, 22, 9, 21], [10, 16, 11, 15], [12, 1, 13, 2], [14, 23, 15, 24], [16, 20, 17, 19], [18, 6, 19, 5], [20, 10, 21, 9], [22, 8, 23, 7], [24, 13, 1, 14], [2, 11, 3, 12], [4, 18, 5, 17]]"
12a_0752_173,"[[4, 18, 5, 17], [6, 4, 7, 3], [8, 22, 9, 21], [10, 16, 11, 15], [12, 1, 13, 2], [14, 23, 15, 24], [16, 20, 17, 19], [18, 6, 19, 5], [20, 10, 21, 9], [22, 8, 23, 7], [24, 13, 1, 14], [2, 11, 3, 12]]"
12a_0752_174,"[[2, 11, 3, 12], [4, 18, 5, 17], [6, 4, 7, 3], [8, 22, 9, 21], [10, 16, 11, 15], [12, 1, 13, 2], [14, 23, 15, 24], [16, 20, 17, 19], [18, 6, 19, 5], [20, 10, 21, 9], [22, 8, 23, 7], [24, 13, 1, 14]]"
12a_0752_175,"[[24, 13, 1, 14], [2, 11, 3, 12], [4, 18, 5, 17], [6, 4, 7, 3], [8, 22, 9, 21], [10, 16, 11, 15], [12, 1, 13, 2], [14, 23, 15, 24], [16, 20, 17, 19], [18, 6, 19, 5], [20, 10, 21, 9], [22, 8, 23, 7]]"
12a_0752_176,"[[22, 8, 23, 7], [24, 13, 1, 14], [2, 11, 3, 12], [4, 18, 5, 17], [6, 4, 7, 3], [8, 22, 9, 21], [10, 16, 11, 15], [12, 1, 13, 2], [14, 23, 15, 24], [16, 20, 17, 19], [18, 6, 19, 5], [20, 10, 21, 9]]"
12a_0752_177,"[[20, 10, 21, 9], [22, 8, 23, 7], [24, 13, 1, 14], [2, 11, 3, 12], [4, 18, 5, 17], [6, 4, 7, 3], [8, 22, 9, 21], [10, 16, 11, 15], [12, 1, 13, 2], [14, 23, 15, 24], [16, 20, 17, 19], [18, 6, 19, 5]]"
12a_0752_178,"[[18, 6, 19, 5], [20, 10, 21, 9], [22, 8, 23, 7], [24, 13, 1, 14], [2, 11, 3, 12], [4, 18, 5, 17], [6, 4, 7, 3], [8, 22, 9, 21], [10, 16, 11, 15], [12, 1, 13, 2], [14, 23, 15, 24], [16, 20, 17, 19]]"
12a_0752_179,"[[16, 20, 17, 19], [18, 6, 19, 5], [20, 10, 21, 9], [22, 8, 23, 7], [24, 13, 1, 14], [2, 11, 3, 12], [4, 18, 5, 17], [6, 4, 7, 3], [8, 22, 9, 21], [10, 16, 11, 15], [12, 1, 13, 2], [14, 23, 15, 24]]"
12a_0752_180,"[[15, 24, 16, 1], [17, 21, 18, 20], [19, 7, 20, 6], [21, 11, 22, 10], [23, 9, 24, 8], [1, 14, 2, 15], [3, 12, 4, 13], [5, 19, 6, 18], [7, 5, 8, 4], [9, 23, 10, 22], [11, 17, 12, 16], [13, 2, 14, 3]]"
12a_0752_181,"[[13, 2, 14, 3], [15, 24, 16, 1], [17, 21, 18, 20], [19, 7, 20, 6], [21, 11, 22, 10], [23, 9, 24, 8], [1, 14, 2, 15], [3, 12, 4, 13], [5, 19, 6, 18], [7, 5, 8, 4], [9, 23, 10, 22], [11, 17, 12, 16]]"
12a_0752_182,"[[11, 17, 12, 16], [13, 2, 14, 3], [15, 24, 16, 1], [17, 21, 18, 20], [19, 7, 20, 6], [21, 11, 22, 10], [23, 9, 24, 8], [1, 14, 2, 15], [3, 12, 4, 13], [5, 19, 6, 18], [7, 5, 8, 4], [9, 23, 10, 22]]"
12a_0752_183,"[[9, 23, 10, 22], [11, 17, 12, 16], [13, 2, 14, 3], [15, 24, 16, 1], [17, 21, 18, 20], [19, 7, 20, 6], [21, 11, 22, 10], [23, 9, 24, 8], [1, 14, 2, 15], [3, 12, 4, 13], [5, 19, 6, 18], [7, 5, 8, 4]]"
12a_0752_184,"[[7, 5, 8, 4], [9, 23, 10, 22], [11, 17, 12, 16], [13, 2, 14, 3], [15, 24, 16, 1], [17, 21, 18, 20], [19, 7, 20, 6], [21, 11, 22, 10], [23, 9, 24, 8], [1, 14, 2, 15], [3, 12, 4, 13], [5, 19, 6, 18]]"
12a_0752_185,"[[5, 19, 6, 18], [7, 5, 8, 4], [9, 23, 10, 22], [11, 17, 12, 16], [13, 2, 14, 3], [15, 24, 16, 1], [17, 21, 18, 20], [19, 7, 20, 6], [21, 11, 22, 10], [23, 9, 24, 8], [1, 14, 2, 15], [3, 12, 4, 13]]"
