name,pd_notation
12a_0215_0,"[[24, 15, 1, 16], [2, 6, 3, 5], [4, 11, 5, 12], [6, 14, 7, 13], [8, 17, 9, 18], [10, 19, 11, 20], [12, 3, 13, 4], [14, 22, 15, 21], [16, 23, 17, 24], [18, 9, 19, 10], [20, 7, 21, 8], [22, 2, 23, 1]]"
12a_0215_1,"[[22, 2, 23, 1], [24, 15, 1, 16], [2, 6, 3, 5], [4, 11, 5, 12], [6, 14, 7, 13], [8, 17, 9, 18], [10, 19, 11, 20], [12, 3, 13, 4], [14, 22, 15, 21], [16, 23, 17, 24], [18, 9, 19, 10], [20, 7, 21, 8]]"
12a_0215_2,"[[20, 7, 21, 8], [22, 2, 23, 1], [24, 15, 1, 16], [2, 6, 3, 5], [4, 11, 5, 12], [6, 14, 7, 13], [8, 17, 9, 18], [10, 19, 11, 20], [12, 3, 13, 4], [14, 22, 15, 21], [16, 23, 17, 24], [18, 9, 19, 10]]"
12a_0215_3,"[[18, 9, 19, 10], [20, 7, 21, 8], [22, 2, 23, 1], [24, 15, 1, 16], [2, 6, 3, 5], [4, 11, 5, 12], [6, 14, 7, 13], [8, 17, 9, 18], [10, 19, 11, 20], [12, 3, 13, 4], [14, 22, 15, 21], [16, 23, 17, 24]]"
12a_0215_4,"[[16, 23, 17, 24], [18, 9, 19, 10], [20, 7, 21, 8], [22, 2, 23, 1], [24, 15, 1, 16], [2, 6, 3, 5], [4, 11, 5, 12], [6, 14, 7, 13], [8, 17, 9, 18], [10, 19, 11, 20], [12, 3, 13, 4], [14, 22, 15, 21]]"
12a_0215_5,"[[14, 22, 15, 21], [16, 23, 17, 24], [18, 9, 19, 10], [20, 7, 21, 8], [22, 2, 23, 1], [24, 15, 1, 16], [2, 6, 3, 5], [4, 11, 5, 12], [6, 14, 7, 13], [8, 17, 9, 18], [10, 19, 11, 20], [12, 3, 13, 4]]"
12a_0215_6,"[[12, 3, 13, 4], [14, 22, 15, 21], [16, 23, 17, 24], [18, 9, 19, 10], [20, 7, 21, 8], [22, 2, 23, 1], [24, 15, 1, 16], [2, 6, 3, 5], [4, 11, 5, 12], [6, 14, 7, 13], [8, 17, 9, 18], [10, 19, 11, 20]]"
12a_0215_7,"[[10, 19, 11, 20], [12, 3, 13, 4], [14, 22, 15, 21], [16, 23, 17, 24], [18, 9, 19, 10], [20, 7, 21, 8], [22, 2, 23, 1], [24, 15, 1, 16], [2, 6, 3, 5], [4, 11, 5, 12], [6, 14, 7, 13], [8, 17, 9, 18]]"
12a_0215_8,"[[8, 17, 9, 18], [10, 19, 11, 20], [12, 3, 13, 4], [14, 22, 15, 21], [16, 23, 17, 24], [18, 9, 19, 10], [20, 7, 21, 8], [22, 2, 23, 1], [24, 15, 1, 16], [2, 6, 3, 5], [4, 11, 5, 12], [6, 14, 7, 13]]"
12a_0215_9,"[[6, 14, 7, 13], [8, 17, 9, 18], [10, 19, 11, 20], [12, 3, 13, 4], [14, 22, 15, 21], [16, 23, 17, 24], [18, 9, 19, 10], [20, 7, 21, 8], [22, 2, 23, 1], [24, 15, 1, 16], [2, 6, 3, 5], [4, 11, 5, 12]]"
12a_0215_10,"[[4, 11, 5, 12], [6, 14, 7, 13], [8, 17, 9, 18], [10, 19, 11, 20], [12, 3, 13, 4], [14, 22, 15, 21], [16, 23, 17, 24], [18, 9, 19, 10], [20, 7, 21, 8], [22, 2, 23, 1], [24, 15, 1, 16], [2, 6, 3, 5]]"
12a_0215_11,"[[2, 6, 3, 5], [4, 11, 5, 12], [6, 14, 7, 13], [8, 17, 9, 18], [10, 19, 11, 20], [12, 3, 13, 4], [14, 22, 15, 21], [16, 23, 17, 24], [18, 9, 19, 10], [20, 7, 21, 8], [22, 2, 23, 1], [24, 15, 1, 16]]"
12a_0215_12,"[[1, 16, 2, 17], [3, 7, 4, 6], [5, 12, 6, 13], [7, 15, 8, 14], [9, 18, 10, 19], [11, 20, 12, 21], [13, 4, 14, 5], [15, 23, 16, 22], [17, 24, 18, 1], [19, 10, 20, 11], [21, 8, 22, 9], [23, 3, 24, 2]]"
12a_0215_13,"[[23, 3, 24, 2], [1, 16, 2, 17], [3, 7, 4, 6], [5, 12, 6, 13], [7, 15, 8, 14], [9, 18, 10, 19], [11, 20, 12, 21], [13, 4, 14, 5], [15, 23, 16, 22], [17, 24, 18, 1], [19, 10, 20, 11], [21, 8, 22, 9]]"
12a_0215_14,"[[21, 8, 22, 9], [23, 3, 24, 2], [1, 16, 2, 17], [3, 7, 4, 6], [5, 12, 6, 13], [7, 15, 8, 14], [9, 18, 10, 19], [11, 20, 12, 21], [13, 4, 14, 5], [15, 23, 16, 22], [17, 24, 18, 1], [19, 10, 20, 11]]"
12a_0215_15,"[[19, 10, 20, 11], [21, 8, 22, 9], [23, 3, 24, 2], [1, 16, 2, 17], [3, 7, 4, 6], [5, 12, 6, 13], [7, 15, 8, 14], [9, 18, 10, 19], [11, 20, 12, 21], [13, 4, 14, 5], [15, 23, 16, 22], [17, 24, 18, 1]]"
12a_0215_16,"[[17, 24, 18, 1], [19, 10, 20, 11], [21, 8, 22, 9], [23, 3, 24, 2], [1, 16, 2, 17], [3, 7, 4, 6], [5, 12, 6, 13], [7, 15, 8, 14], [9, 18, 10, 19], [11, 20, 12, 21], [13, 4, 14, 5], [15, 23, 16, 22]]"
12a_0215_17,"[[15, 23, 16, 22], [17, 24, 18, 1], [19, 10, 20, 11], [21, 8, 22, 9], [23, 3, 24, 2], [1, 16, 2, 17], [3, 7, 4, 6], [5, 12, 6, 13], [7, 15, 8, 14], [9, 18, 10, 19], [11, 20, 12, 21], [13, 4, 14, 5]]"
12a_0215_18,"[[13, 4, 14, 5], [15, 23, 16, 22], [17, 24, 18, 1], [19, 10, 20, 11], [21, 8, 22, 9], [23, 3, 24, 2], [1, 16, 2, 17], [3, 7, 4, 6], [5, 12, 6, 13], [7, 15, 8, 14], [9, 18, 10, 19], [11, 20, 12, 21]]"
12a_0215_19,"[[11, 20, 12, 21], [13, 4, 14, 5], [15, 23, 16, 22], [17, 24, 18, 1], [19, 10, 20, 11], [21, 8, 22, 9], [23, 3, 24, 2], [1, 16, 2, 17], [3, 7, 4, 6], [5, 12, 6, 13], [7, 15, 8, 14], [9, 18, 10, 19]]"
12a_0215_20,"[[9, 18, 10, 19], [11, 20, 12, 21], [13, 4, 14, 5], [15, 23, 16, 22], [17, 24, 18, 1], [19, 10, 20, 11], [21, 8, 22, 9], [23, 3, 24, 2], [1, 16, 2, 17], [3, 7, 4, 6], [5, 12, 6, 13], [7, 15, 8, 14]]"
12a_0215_21,"[[7, 15, 8, 14], [9, 18, 10, 19], [11, 20, 12, 21], [13, 4, 14, 5], [15, 23, 16, 22], [17, 24, 18, 1], [19, 10, 20, 11], [21, 8, 22, 9], [23, 3, 24, 2], [1, 16, 2, 17], [3, 7, 4, 6], [5, 12, 6, 13]]"
12a_0215_22,"[[5, 12, 6, 13], [7, 15, 8, 14], [9, 18, 10, 19], [11, 20, 12, 21], [13, 4, 14, 5], [15, 23, 16, 22], [17, 24, 18, 1], [19, 10, 20, 11], [21, 8, 22, 9], [23, 3, 24, 2], [1, 16, 2, 17], [3, 7, 4, 6]]"
12a_0215_23,"[[3, 7, 4, 6], [5, 12, 6, 13], [7, 15, 8, 14], [9, 18, 10, 19], [11, 20, 12, 21], [13, 4, 14, 5], [15, 23, 16, 22], [17, 24, 18, 1], [19, 10, 20, 11], [21, 8, 22, 9], [23, 3, 24, 2], [1, 16, 2, 17]]"
12a_0215_24,"[[2, 17, 3, 18], [4, 8, 5, 7], [6, 13, 7, 14], [8, 16, 9, 15], [10, 19, 11, 20], [12, 21, 13, 22], [14, 5, 15, 6], [16, 24, 17, 23], [18, 1, 19, 2], [20, 11, 21, 12], [22, 9, 23, 10], [24, 4, 1, 3]]"
12a_0215_25,"[[24, 4, 1, 3], [2, 17, 3, 18], [4, 8, 5, 7], [6, 13, 7, 14], [8, 16, 9, 15], [10, 19, 11, 20], [12, 21, 13, 22], [14, 5, 15, 6], [16, 24, 17, 23], [18, 1, 19, 2], [20, 11, 21, 12], [22, 9, 23, 10]]"
12a_0215_26,"[[22, 9, 23, 10], [24, 4, 1, 3], [2, 17, 3, 18], [4, 8, 5, 7], [6, 13, 7, 14], [8, 16, 9, 15], [10, 19, 11, 20], [12, 21, 13, 22], [14, 5, 15, 6], [16, 24, 17, 23], [18, 1, 19, 2], [20, 11, 21, 12]]"
12a_0215_27,"[[20, 11, 21, 12], [22, 9, 23, 10], [24, 4, 1, 3], [2, 17, 3, 18], [4, 8, 5, 7], [6, 13, 7, 14], [8, 16, 9, 15], [10, 19, 11, 20], [12, 21, 13, 22], [14, 5, 15, 6], [16, 24, 17, 23], [18, 1, 19, 2]]"
12a_0215_28,"[[18, 1, 19, 2], [20, 11, 21, 12], [22, 9, 23, 10], [24, 4, 1, 3], [2, 17, 3, 18], [4, 8, 5, 7], [6, 13, 7, 14], [8, 16, 9, 15], [10, 19, 11, 20], [12, 21, 13, 22], [14, 5, 15, 6], [16, 24, 17, 23]]"
12a_0215_29,"[[16, 24, 17, 23], [18, 1, 19, 2], [20, 11, 21, 12], [22, 9, 23, 10], [24, 4, 1, 3], [2, 17, 3, 18], [4, 8, 5, 7], [6, 13, 7, 14], [8, 16, 9, 15], [10, 19, 11, 20], [12, 21, 13, 22], [14, 5, 15, 6]]"
12a_0215_30,"[[14, 5, 15, 6], [16, 24, 17, 23], [18, 1, 19, 2], [20, 11, 21, 12], [22, 9, 23, 10], [24, 4, 1, 3], [2, 17, 3, 18], [4, 8, 5, 7], [6, 13, 7, 14], [8, 16, 9, 15], [10, 19, 11, 20], [12, 21, 13, 22]]"
12a_0215_31,"[[12, 21, 13, 22], [14, 5, 15, 6], [16, 24, 17, 23], [18, 1, 19, 2], [20, 11, 21, 12], [22, 9, 23, 10], [24, 4, 1, 3], [2, 17, 3, 18], [4, 8, 5, 7], [6, 13, 7, 14], [8, 16, 9, 15], [10, 19, 11, 20]]"
12a_0215_32,"[[10, 19, 11, 20], [12, 21, 13, 22], [14, 5, 15, 6], [16, 24, 17, 23], [18, 1, 19, 2], [20, 11, 21, 12], [22, 9, 23, 10], [24, 4, 1, 3], [2, 17, 3, 18], [4, 8, 5, 7], [6, 13, 7, 14], [8, 16, 9, 15]]"
12a_0215_33,"[[8, 16, 9, 15], [10, 19, 11, 20], [12, 21, 13, 22], [14, 5, 15, 6], [16, 24, 17, 23], [18, 1, 19, 2], [20, 11, 21, 12], [22, 9, 23, 10], [24, 4, 1, 3], [2, 17, 3, 18], [4, 8, 5, 7], [6, 13, 7, 14]]"
12a_0215_34,"[[6, 13, 7, 14], [8, 16, 9, 15], [10, 19, 11, 20], [12, 21, 13, 22], [14, 5, 15, 6], [16, 24, 17, 23], [18, 1, 19, 2], [20, 11, 21, 12], [22, 9, 23, 10], [24, 4, 1, 3], [2, 17, 3, 18], [4, 8, 5, 7]]"
12a_0215_35,"[[4, 8, 5, 7], [6, 13, 7, 14], [8, 16, 9, 15], [10, 19, 11, 20], [12, 21, 13, 22], [14, 5, 15, 6], [16, 24, 17, 23], [18, 1, 19, 2], [20, 11, 21, 12], [22, 9, 23, 10], [24, 4, 1, 3], [2, 17, 3, 18]]"
12a_0215_36,"[[3, 18, 4, 19], [5, 9, 6, 8], [7, 14, 8, 15], [9, 17, 10, 16], [11, 20, 12, 21], [13, 22, 14, 23], [15, 6, 16, 7], [17, 1, 18, 24], [19, 2, 20, 3], [21, 12, 22, 13], [23, 10, 24, 11], [1, 5, 2, 4]]"
12a_0215_37,"[[1, 5, 2, 4], [3, 18, 4, 19], [5, 9, 6, 8], [7, 14, 8, 15], [9, 17, 10, 16], [11, 20, 12, 21], [13, 22, 14, 23], [15, 6, 16, 7], [17, 1, 18, 24], [19, 2, 20, 3], [21, 12, 22, 13], [23, 10, 24, 11]]"
12a_0215_38,"[[23, 10, 24, 11], [1, 5, 2, 4], [3, 18, 4, 19], [5, 9, 6, 8], [7, 14, 8, 15], [9, 17, 10, 16], [11, 20, 12, 21], [13, 22, 14, 23], [15, 6, 16, 7], [17, 1, 18, 24], [19, 2, 20, 3], [21, 12, 22, 13]]"
12a_0215_39,"[[21, 12, 22, 13], [23, 10, 24, 11], [1, 5, 2, 4], [3, 18, 4, 19], [5, 9, 6, 8], [7, 14, 8, 15], [9, 17, 10, 16], [11, 20, 12, 21], [13, 22, 14, 23], [15, 6, 16, 7], [17, 1, 18, 24], [19, 2, 20, 3]]"
12a_0215_40,"[[19, 2, 20, 3], [21, 12, 22, 13], [23, 10, 24, 11], [1, 5, 2, 4], [3, 18, 4, 19], [5, 9, 6, 8], [7, 14, 8, 15], [9, 17, 10, 16], [11, 20, 12, 21], [13, 22, 14, 23], [15, 6, 16, 7], [17, 1, 18, 24]]"
12a_0215_41,"[[17, 1, 18, 24], [19, 2, 20, 3], [21, 12, 22, 13], [23, 10, 24, 11], [1, 5, 2, 4], [3, 18, 4, 19], [5, 9, 6, 8], [7, 14, 8, 15], [9, 17, 10, 16], [11, 20, 12, 21], [13, 22, 14, 23], [15, 6, 16, 7]]"
12a_0215_42,"[[15, 6, 16, 7], [17, 1, 18, 24], [19, 2, 20, 3], [21, 12, 22, 13], [23, 10, 24, 11], [1, 5, 2, 4], [3, 18, 4, 19], [5, 9, 6, 8], [7, 14, 8, 15], [9, 17, 10, 16], [11, 20, 12, 21], [13, 22, 14, 23]]"
12a_0215_43,"[[13, 22, 14, 23], [15, 6, 16, 7], [17, 1, 18, 24], [19, 2, 20, 3], [21, 12, 22, 13], [23, 10, 24, 11], [1, 5, 2, 4], [3, 18, 4, 19], [5, 9, 6, 8], [7, 14, 8, 15], [9, 17, 10, 16], [11, 20, 12, 21]]"
12a_0215_44,"[[11, 20, 12, 21], [13, 22, 14, 23], [15, 6, 16, 7], [17, 1, 18, 24], [19, 2, 20, 3], [21, 12, 22, 13], [23, 10, 24, 11], [1, 5, 2, 4], [3, 18, 4, 19], [5, 9, 6, 8], [7, 14, 8, 15], [9, 17, 10, 16]]"
12a_0215_45,"[[9, 17, 10, 16], [11, 20, 12, 21], [13, 22, 14, 23], [15, 6, 16, 7], [17, 1, 18, 24], [19, 2, 20, 3], [21, 12, 22, 13], [23, 10, 24, 11], [1, 5, 2, 4], [3, 18, 4, 19], [5, 9, 6, 8], [7, 14, 8, 15]]"
12a_0215_46,"[[7, 14, 8, 15], [9, 17, 10, 16], [11, 20, 12, 21], [13, 22, 14, 23], [15, 6, 16, 7], [17, 1, 18, 24], [19, 2, 20, 3], [21, 12, 22, 13], [23, 10, 24, 11], [1, 5, 2, 4], [3, 18, 4, 19], [5, 9, 6, 8]]"
12a_0215_47,"[[5, 9, 6, 8], [7, 14, 8, 15], [9, 17, 10, 16], [11, 20, 12, 21], [13, 22, 14, 23], [15, 6, 16, 7], [17, 1, 18, 24], [19, 2, 20, 3], [21, 12, 22, 13], [23, 10, 24, 11], [1, 5, 2, 4], [3, 18, 4, 19]]"
12a_0215_48,"[[4, 19, 5, 20], [6, 10, 7, 9], [8, 15, 9, 16], [10, 18, 11, 17], [12, 21, 13, 22], [14, 23, 15, 24], [16, 7, 17, 8], [18, 2, 19, 1], [20, 3, 21, 4], [22, 13, 23, 14], [24, 11, 1, 12], [2, 6, 3, 5]]"
12a_0215_49,"[[2, 6, 3, 5], [4, 19, 5, 20], [6, 10, 7, 9], [8, 15, 9, 16], [10, 18, 11, 17], [12, 21, 13, 22], [14, 23, 15, 24], [16, 7, 17, 8], [18, 2, 19, 1], [20, 3, 21, 4], [22, 13, 23, 14], [24, 11, 1, 12]]"
12a_0215_50,"[[24, 11, 1, 12], [2, 6, 3, 5], [4, 19, 5, 20], [6, 10, 7, 9], [8, 15, 9, 16], [10, 18, 11, 17], [12, 21, 13, 22], [14, 23, 15, 24], [16, 7, 17, 8], [18, 2, 19, 1], [20, 3, 21, 4], [22, 13, 23, 14]]"
12a_0215_51,"[[22, 13, 23, 14], [24, 11, 1, 12], [2, 6, 3, 5], [4, 19, 5, 20], [6, 10, 7, 9], [8, 15, 9, 16], [10, 18, 11, 17], [12, 21, 13, 22], [14, 23, 15, 24], [16, 7, 17, 8], [18, 2, 19, 1], [20, 3, 21, 4]]"
12a_0215_52,"[[20, 3, 21, 4], [22, 13, 23, 14], [24, 11, 1, 12], [2, 6, 3, 5], [4, 19, 5, 20], [6, 10, 7, 9], [8, 15, 9, 16], [10, 18, 11, 17], [12, 21, 13, 22], [14, 23, 15, 24], [16, 7, 17, 8], [18, 2, 19, 1]]"
12a_0215_53,"[[18, 2, 19, 1], [20, 3, 21, 4], [22, 13, 23, 14], [24, 11, 1, 12], [2, 6, 3, 5], [4, 19, 5, 20], [6, 10, 7, 9], [8, 15, 9, 16], [10, 18, 11, 17], [12, 21, 13, 22], [14, 23, 15, 24], [16, 7, 17, 8]]"
12a_0215_54,"[[16, 7, 17, 8], [18, 2, 19, 1], [20, 3, 21, 4], [22, 13, 23, 14], [24, 11, 1, 12], [2, 6, 3, 5], [4, 19, 5, 20], [6, 10, 7, 9], [8, 15, 9, 16], [10, 18, 11, 17], [12, 21, 13, 22], [14, 23, 15, 24]]"
12a_0215_55,"[[14, 23, 15, 24], [16, 7, 17, 8], [18, 2, 19, 1], [20, 3, 21, 4], [22, 13, 23, 14], [24, 11, 1, 12], [2, 6, 3, 5], [4, 19, 5, 20], [6, 10, 7, 9], [8, 15, 9, 16], [10, 18, 11, 17], [12, 21, 13, 22]]"
12a_0215_56,"[[12, 21, 13, 22], [14, 23, 15, 24], [16, 7, 17, 8], [18, 2, 19, 1], [20, 3, 21, 4], [22, 13, 23, 14], [24, 11, 1, 12], [2, 6, 3, 5], [4, 19, 5, 20], [6, 10, 7, 9], [8, 15, 9, 16], [10, 18, 11, 17]]"
12a_0215_57,"[[10, 18, 11, 17], [12, 21, 13, 22], [14, 23, 15, 24], [16, 7, 17, 8], [18, 2, 19, 1], [20, 3, 21, 4], [22, 13, 23, 14], [24, 11, 1, 12], [2, 6, 3, 5], [4, 19, 5, 20], [6, 10, 7, 9], [8, 15, 9, 16]]"
12a_0215_58,"[[8, 15, 9, 16], [10, 18, 11, 17], [12, 21, 13, 22], [14, 23, 15, 24], [16, 7, 17, 8], [18, 2, 19, 1], [20, 3, 21, 4], [22, 13, 23, 14], [24, 11, 1, 12], [2, 6, 3, 5], [4, 19, 5, 20], [6, 10, 7, 9]]"
12a_0215_59,"[[6, 10, 7, 9], [8, 15, 9, 16], [10, 18, 11, 17], [12, 21, 13, 22], [14, 23, 15, 24], [16, 7, 17, 8], [18, 2, 19, 1], [20, 3, 21, 4], [22, 13, 23, 14], [24, 11, 1, 12], [2, 6, 3, 5], [4, 19, 5, 20]]"
12a_0215_60,"[[5, 20, 6, 21], [7, 11, 8, 10], [9, 16, 10, 17], [11, 19, 12, 18], [13, 22, 14, 23], [15, 24, 16, 1], [17, 8, 18, 9], [19, 3, 20, 2], [21, 4, 22, 5], [23, 14, 24, 15], [1, 12, 2, 13], [3, 7, 4, 6]]"
12a_0215_61,"[[3, 7, 4, 6], [5, 20, 6, 21], [7, 11, 8, 10], [9, 16, 10, 17], [11, 19, 12, 18], [13, 22, 14, 23], [15, 24, 16, 1], [17, 8, 18, 9], [19, 3, 20, 2], [21, 4, 22, 5], [23, 14, 24, 15], [1, 12, 2, 13]]"
12a_0215_62,"[[1, 12, 2, 13], [3, 7, 4, 6], [5, 20, 6, 21], [7, 11, 8, 10], [9, 16, 10, 17], [11, 19, 12, 18], [13, 22, 14, 23], [15, 24, 16, 1], [17, 8, 18, 9], [19, 3, 20, 2], [21, 4, 22, 5], [23, 14, 24, 15]]"
12a_0215_63,"[[23, 14, 24, 15], [1, 12, 2, 13], [3, 7, 4, 6], [5, 20, 6, 21], [7, 11, 8, 10], [9, 16, 10, 17], [11, 19, 12, 18], [13, 22, 14, 23], [15, 24, 16, 1], [17, 8, 18, 9], [19, 3, 20, 2], [21, 4, 22, 5]]"
12a_0215_64,"[[21, 4, 22, 5], [23, 14, 24, 15], [1, 12, 2, 13], [3, 7, 4, 6], [5, 20, 6, 21], [7, 11, 8, 10], [9, 16, 10, 17], [11, 19, 12, 18], [13, 22, 14, 23], [15, 24, 16, 1], [17, 8, 18, 9], [19, 3, 20, 2]]"
12a_0215_65,"[[19, 3, 20, 2], [21, 4, 22, 5], [23, 14, 24, 15], [1, 12, 2, 13], [3, 7, 4, 6], [5, 20, 6, 21], [7, 11, 8, 10], [9, 16, 10, 17], [11, 19, 12, 18], [13, 22, 14, 23], [15, 24, 16, 1], [17, 8, 18, 9]]"
12a_0215_66,"[[17, 8, 18, 9], [19, 3, 20, 2], [21, 4, 22, 5], [23, 14, 24, 15], [1, 12, 2, 13], [3, 7, 4, 6], [5, 20, 6, 21], [7, 11, 8, 10], [9, 16, 10, 17], [11, 19, 12, 18], [13, 22, 14, 23], [15, 24, 16, 1]]"
12a_0215_67,"[[15, 24, 16, 1], [17, 8, 18, 9], [19, 3, 20, 2], [21, 4, 22, 5], [23, 14, 24, 15], [1, 12, 2, 13], [3, 7, 4, 6], [5, 20, 6, 21], [7, 11, 8, 10], [9, 16, 10, 17], [11, 19, 12, 18], [13, 22, 14, 23]]"
12a_0215_68,"[[13, 22, 14, 23], [15, 24, 16, 1], [17, 8, 18, 9], [19, 3, 20, 2], [21, 4, 22, 5], [23, 14, 24, 15], [1, 12, 2, 13], [3, 7, 4, 6], [5, 20, 6, 21], [7, 11, 8, 10], [9, 16, 10, 17], [11, 19, 12, 18]]"
12a_0215_69,"[[11, 19, 12, 18], [13, 22, 14, 23], [15, 24, 16, 1], [17, 8, 18, 9], [19, 3, 20, 2], [21, 4, 22, 5], [23, 14, 24, 15], [1, 12, 2, 13], [3, 7, 4, 6], [5, 20, 6, 21], [7, 11, 8, 10], [9, 16, 10, 17]]"
12a_0215_70,"[[9, 16, 10, 17], [11, 19, 12, 18], [13, 22, 14, 23], [15, 24, 16, 1], [17, 8, 18, 9], [19, 3, 20, 2], [21, 4, 22, 5], [23, 14, 24, 15], [1, 12, 2, 13], [3, 7, 4, 6], [5, 20, 6, 21], [7, 11, 8, 10]]"
12a_0215_71,"[[7, 11, 8, 10], [9, 16, 10, 17], [11, 19, 12, 18], [13, 22, 14, 23], [15, 24, 16, 1], [17, 8, 18, 9], [19, 3, 20, 2], [21, 4, 22, 5], [23, 14, 24, 15], [1, 12, 2, 13], [3, 7, 4, 6], [5, 20, 6, 21]]"
12a_0215_72,"[[6, 21, 7, 22], [8, 12, 9, 11], [10, 17, 11, 18], [12, 20, 13, 19], [14, 23, 15, 24], [16, 1, 17, 2], [18, 9, 19, 10], [20, 4, 21, 3], [22, 5, 23, 6], [24, 15, 1, 16], [2, 13, 3, 14], [4, 8, 5, 7]]"
12a_0215_73,"[[4, 8, 5, 7], [6, 21, 7, 22], [8, 12, 9, 11], [10, 17, 11, 18], [12, 20, 13, 19], [14, 23, 15, 24], [16, 1, 17, 2], [18, 9, 19, 10], [20, 4, 21, 3], [22, 5, 23, 6], [24, 15, 1, 16], [2, 13, 3, 14]]"
12a_0215_74,"[[2, 13, 3, 14], [4, 8, 5, 7], [6, 21, 7, 22], [8, 12, 9, 11], [10, 17, 11, 18], [12, 20, 13, 19], [14, 23, 15, 24], [16, 1, 17, 2], [18, 9, 19, 10], [20, 4, 21, 3], [22, 5, 23, 6], [24, 15, 1, 16]]"
12a_0215_75,"[[24, 15, 1, 16], [2, 13, 3, 14], [4, 8, 5, 7], [6, 21, 7, 22], [8, 12, 9, 11], [10, 17, 11, 18], [12, 20, 13, 19], [14, 23, 15, 24], [16, 1, 17, 2], [18, 9, 19, 10], [20, 4, 21, 3], [22, 5, 23, 6]]"
12a_0215_76,"[[22, 5, 23, 6], [24, 15, 1, 16], [2, 13, 3, 14], [4, 8, 5, 7], [6, 21, 7, 22], [8, 12, 9, 11], [10, 17, 11, 18], [12, 20, 13, 19], [14, 23, 15, 24], [16, 1, 17, 2], [18, 9, 19, 10], [20, 4, 21, 3]]"
12a_0215_77,"[[20, 4, 21, 3], [22, 5, 23, 6], [24, 15, 1, 16], [2, 13, 3, 14], [4, 8, 5, 7], [6, 21, 7, 22], [8, 12, 9, 11], [10, 17, 11, 18], [12, 20, 13, 19], [14, 23, 15, 24], [16, 1, 17, 2], [18, 9, 19, 10]]"
12a_0215_78,"[[18, 9, 19, 10], [20, 4, 21, 3], [22, 5, 23, 6], [24, 15, 1, 16], [2, 13, 3, 14], [4, 8, 5, 7], [6, 21, 7, 22], [8, 12, 9, 11], [10, 17, 11, 18], [12, 20, 13, 19], [14, 23, 15, 24], [16, 1, 17, 2]]"
12a_0215_79,"[[16, 1, 17, 2], [18, 9, 19, 10], [20, 4, 21, 3], [22, 5, 23, 6], [24, 15, 1, 16], [2, 13, 3, 14], [4, 8, 5, 7], [6, 21, 7, 22], [8, 12, 9, 11], [10, 17, 11, 18], [12, 20, 13, 19], [14, 23, 15, 24]]"
12a_0215_80,"[[14, 23, 15, 24], [16, 1, 17, 2], [18, 9, 19, 10], [20, 4, 21, 3], [22, 5, 23, 6], [24, 15, 1, 16], [2, 13, 3, 14], [4, 8, 5, 7], [6, 21, 7, 22], [8, 12, 9, 11], [10, 17, 11, 18], [12, 20, 13, 19]]"
12a_0215_81,"[[12, 20, 13, 19], [14, 23, 15, 24], [16, 1, 17, 2], [18, 9, 19, 10], [20, 4, 21, 3], [22, 5, 23, 6], [24, 15, 1, 16], [2, 13, 3, 14], [4, 8, 5, 7], [6, 21, 7, 22], [8, 12, 9, 11], [10, 17, 11, 18]]"
12a_0215_82,"[[10, 17, 11, 18], [12, 20, 13, 19], [14, 23, 15, 24], [16, 1, 17, 2], [18, 9, 19, 10], [20, 4, 21, 3], [22, 5, 23, 6], [24, 15, 1, 16], [2, 13, 3, 14], [4, 8, 5, 7], [6, 21, 7, 22], [8, 12, 9, 11]]"
12a_0215_83,"[[8, 12, 9, 11], [10, 17, 11, 18], [12, 20, 13, 19], [14, 23, 15, 24], [16, 1, 17, 2], [18, 9, 19, 10], [20, 4, 21, 3], [22, 5, 23, 6], [24, 15, 1, 16], [2, 13, 3, 14], [4, 8, 5, 7], [6, 21, 7, 22]]"
12a_0215_84,"[[7, 22, 8, 23], [9, 13, 10, 12], [11, 18, 12, 19], [13, 21, 14, 20], [15, 24, 16, 1], [17, 2, 18, 3], [19, 10, 20, 11], [21, 5, 22, 4], [23, 6, 24, 7], [1, 16, 2, 17], [3, 14, 4, 15], [5, 9, 6, 8]]"
12a_0215_85,"[[5, 9, 6, 8], [7, 22, 8, 23], [9, 13, 10, 12], [11, 18, 12, 19], [13, 21, 14, 20], [15, 24, 16, 1], [17, 2, 18, 3], [19, 10, 20, 11], [21, 5, 22, 4], [23, 6, 24, 7], [1, 16, 2, 17], [3, 14, 4, 15]]"
12a_0215_86,"[[3, 14, 4, 15], [5, 9, 6, 8], [7, 22, 8, 23], [9, 13, 10, 12], [11, 18, 12, 19], [13, 21, 14, 20], [15, 24, 16, 1], [17, 2, 18, 3], [19, 10, 20, 11], [21, 5, 22, 4], [23, 6, 24, 7], [1, 16, 2, 17]]"
12a_0215_87,"[[1, 16, 2, 17], [3, 14, 4, 15], [5, 9, 6, 8], [7, 22, 8, 23], [9, 13, 10, 12], [11, 18, 12, 19], [13, 21, 14, 20], [15, 24, 16, 1], [17, 2, 18, 3], [19, 10, 20, 11], [21, 5, 22, 4], [23, 6, 24, 7]]"
12a_0215_88,"[[23, 6, 24, 7], [1, 16, 2, 17], [3, 14, 4, 15], [5, 9, 6, 8], [7, 22, 8, 23], [9, 13, 10, 12], [11, 18, 12, 19], [13, 21, 14, 20], [15, 24, 16, 1], [17, 2, 18, 3], [19, 10, 20, 11], [21, 5, 22, 4]]"
12a_0215_89,"[[21, 5, 22, 4], [23, 6, 24, 7], [1, 16, 2, 17], [3, 14, 4, 15], [5, 9, 6, 8], [7, 22, 8, 23], [9, 13, 10, 12], [11, 18, 12, 19], [13, 21, 14, 20], [15, 24, 16, 1], [17, 2, 18, 3], [19, 10, 20, 11]]"
12a_0215_90,"[[19, 10, 20, 11], [21, 5, 22, 4], [23, 6, 24, 7], [1, 16, 2, 17], [3, 14, 4, 15], [5, 9, 6, 8], [7, 22, 8, 23], [9, 13, 10, 12], [11, 18, 12, 19], [13, 21, 14, 20], [15, 24, 16, 1], [17, 2, 18, 3]]"
12a_0215_91,"[[17, 2, 18, 3], [19, 10, 20, 11], [21, 5, 22, 4], [23, 6, 24, 7], [1, 16, 2, 17], [3, 14, 4, 15], [5, 9, 6, 8], [7, 22, 8, 23], [9, 13, 10, 12], [11, 18, 12, 19], [13, 21, 14, 20], [15, 24, 16, 1]]"
12a_0215_92,"[[15, 24, 16, 1], [17, 2, 18, 3], [19, 10, 20, 11], [21, 5, 22, 4], [23, 6, 24, 7], [1, 16, 2, 17], [3, 14, 4, 15], [5, 9, 6, 8], [7, 22, 8, 23], [9, 13, 10, 12], [11, 18, 12, 19], [13, 21, 14, 20]]"
12a_0215_93,"[[13, 21, 14, 20], [15, 24, 16, 1], [17, 2, 18, 3], [19, 10, 20, 11], [21, 5, 22, 4], [23, 6, 24, 7], [1, 16, 2, 17], [3, 14, 4, 15], [5, 9, 6, 8], [7, 22, 8, 23], [9, 13, 10, 12], [11, 18, 12, 19]]"
12a_0215_94,"[[11, 18, 12, 19], [13, 21, 14, 20], [15, 24, 16, 1], [17, 2, 18, 3], [19, 10, 20, 11], [21, 5, 22, 4], [23, 6, 24, 7], [1, 16, 2, 17], [3, 14, 4, 15], [5, 9, 6, 8], [7, 22, 8, 23], [9, 13, 10, 12]]"
12a_0215_95,"[[9, 13, 10, 12], [11, 18, 12, 19], [13, 21, 14, 20], [15, 24, 16, 1], [17, 2, 18, 3], [19, 10, 20, 11], [21, 5, 22, 4], [23, 6, 24, 7], [1, 16, 2, 17], [3, 14, 4, 15], [5, 9, 6, 8], [7, 22, 8, 23]]"
12a_0215_96,"[[8, 23, 9, 24], [10, 14, 11, 13], [12, 19, 13, 20], [14, 22, 15, 21], [16, 1, 17, 2], [18, 3, 19, 4], [20, 11, 21, 12], [22, 6, 23, 5], [24, 7, 1, 8], [2, 17, 3, 18], [4, 15, 5, 16], [6, 10, 7, 9]]"
12a_0215_97,"[[6, 10, 7, 9], [8, 23, 9, 24], [10, 14, 11, 13], [12, 19, 13, 20], [14, 22, 15, 21], [16, 1, 17, 2], [18, 3, 19, 4], [20, 11, 21, 12], [22, 6, 23, 5], [24, 7, 1, 8], [2, 17, 3, 18], [4, 15, 5, 16]]"
12a_0215_98,"[[4, 15, 5, 16], [6, 10, 7, 9], [8, 23, 9, 24], [10, 14, 11, 13], [12, 19, 13, 20], [14, 22, 15, 21], [16, 1, 17, 2], [18, 3, 19, 4], [20, 11, 21, 12], [22, 6, 23, 5], [24, 7, 1, 8], [2, 17, 3, 18]]"
12a_0215_99,"[[2, 17, 3, 18], [4, 15, 5, 16], [6, 10, 7, 9], [8, 23, 9, 24], [10, 14, 11, 13], [12, 19, 13, 20], [14, 22, 15, 21], [16, 1, 17, 2], [18, 3, 19, 4], [20, 11, 21, 12], [22, 6, 23, 5], [24, 7, 1, 8]]"
12a_0215_100,"[[24, 7, 1, 8], [2, 17, 3, 18], [4, 15, 5, 16], [6, 10, 7, 9], [8, 23, 9, 24], [10, 14, 11, 13], [12, 19, 13, 20], [14, 22, 15, 21], [16, 1, 17, 2], [18, 3, 19, 4], [20, 11, 21, 12], [22, 6, 23, 5]]"
12a_0215_101,"[[22, 6, 23, 5], [24, 7, 1, 8], [2, 17, 3, 18], [4, 15, 5, 16], [6, 10, 7, 9], [8, 23, 9, 24], [10, 14, 11, 13], [12, 19, 13, 20], [14, 22, 15, 21], [16, 1, 17, 2], [18, 3, 19, 4], [20, 11, 21, 12]]"
12a_0215_102,"[[20, 11, 21, 12], [22, 6, 23, 5], [24, 7, 1, 8], [2, 17, 3, 18], [4, 15, 5, 16], [6, 10, 7, 9], [8, 23, 9, 24], [10, 14, 11, 13], [12, 19, 13, 20], [14, 22, 15, 21], [16, 1, 17, 2], [18, 3, 19, 4]]"
12a_0215_103,"[[18, 3, 19, 4], [20, 11, 21, 12], [22, 6, 23, 5], [24, 7, 1, 8], [2, 17, 3, 18], [4, 15, 5, 16], [6, 10, 7, 9], [8, 23, 9, 24], [10, 14, 11, 13], [12, 19, 13, 20], [14, 22, 15, 21], [16, 1, 17, 2]]"
12a_0215_104,"[[16, 1, 17, 2], [18, 3, 19, 4], [20, 11, 21, 12], [22, 6, 23, 5], [24, 7, 1, 8], [2, 17, 3, 18], [4, 15, 5, 16], [6, 10, 7, 9], [8, 23, 9, 24], [10, 14, 11, 13], [12, 19, 13, 20], [14, 22, 15, 21]]"
12a_0215_105,"[[14, 22, 15, 21], [16, 1, 17, 2], [18, 3, 19, 4], [20, 11, 21, 12], [22, 6, 23, 5], [24, 7, 1, 8], [2, 17, 3, 18], [4, 15, 5, 16], [6, 10, 7, 9], [8, 23, 9, 24], [10, 14, 11, 13], [12, 19, 13, 20]]"
12a_0215_106,"[[12, 19, 13, 20], [14, 22, 15, 21], [16, 1, 17, 2], [18, 3, 19, 4], [20, 11, 21, 12], [22, 6, 23, 5], [24, 7, 1, 8], [2, 17, 3, 18], [4, 15, 5, 16], [6, 10, 7, 9], [8, 23, 9, 24], [10, 14, 11, 13]]"
12a_0215_107,"[[10, 14, 11, 13], [12, 19, 13, 20], [14, 22, 15, 21], [16, 1, 17, 2], [18, 3, 19, 4], [20, 11, 21, 12], [22, 6, 23, 5], [24, 7, 1, 8], [2, 17, 3, 18], [4, 15, 5, 16], [6, 10, 7, 9], [8, 23, 9, 24]]"
12a_0215_108,"[[9, 24, 10, 1], [11, 15, 12, 14], [13, 20, 14, 21], [15, 23, 16, 22], [17, 2, 18, 3], [19, 4, 20, 5], [21, 12, 22, 13], [23, 7, 24, 6], [1, 8, 2, 9], [3, 18, 4, 19], [5, 16, 6, 17], [7, 11, 8, 10]]"
12a_0215_109,"[[7, 11, 8, 10], [9, 24, 10, 1], [11, 15, 12, 14], [13, 20, 14, 21], [15, 23, 16, 22], [17, 2, 18, 3], [19, 4, 20, 5], [21, 12, 22, 13], [23, 7, 24, 6], [1, 8, 2, 9], [3, 18, 4, 19], [5, 16, 6, 17]]"
12a_0215_110,"[[5, 16, 6, 17], [7, 11, 8, 10], [9, 24, 10, 1], [11, 15, 12, 14], [13, 20, 14, 21], [15, 23, 16, 22], [17, 2, 18, 3], [19, 4, 20, 5], [21, 12, 22, 13], [23, 7, 24, 6], [1, 8, 2, 9], [3, 18, 4, 19]]"
12a_0215_111,"[[3, 18, 4, 19], [5, 16, 6, 17], [7, 11, 8, 10], [9, 24, 10, 1], [11, 15, 12, 14], [13, 20, 14, 21], [15, 23, 16, 22], [17, 2, 18, 3], [19, 4, 20, 5], [21, 12, 22, 13], [23, 7, 24, 6], [1, 8, 2, 9]]"
12a_0215_112,"[[1, 8, 2, 9], [3, 18, 4, 19], [5, 16, 6, 17], [7, 11, 8, 10], [9, 24, 10, 1], [11, 15, 12, 14], [13, 20, 14, 21], [15, 23, 16, 22], [17, 2, 18, 3], [19, 4, 20, 5], [21, 12, 22, 13], [23, 7, 24, 6]]"
12a_0215_113,"[[23, 7, 24, 6], [1, 8, 2, 9], [3, 18, 4, 19], [5, 16, 6, 17], [7, 11, 8, 10], [9, 24, 10, 1], [11, 15, 12, 14], [13, 20, 14, 21], [15, 23, 16, 22], [17, 2, 18, 3], [19, 4, 20, 5], [21, 12, 22, 13]]"
12a_0215_114,"[[21, 12, 22, 13], [23, 7, 24, 6], [1, 8, 2, 9], [3, 18, 4, 19], [5, 16, 6, 17], [7, 11, 8, 10], [9, 24, 10, 1], [11, 15, 12, 14], [13, 20, 14, 21], [15, 23, 16, 22], [17, 2, 18, 3], [19, 4, 20, 5]]"
12a_0215_115,"[[19, 4, 20, 5], [21, 12, 22, 13], [23, 7, 24, 6], [1, 8, 2, 9], [3, 18, 4, 19], [5, 16, 6, 17], [7, 11, 8, 10], [9, 24, 10, 1], [11, 15, 12, 14], [13, 20, 14, 21], [15, 23, 16, 22], [17, 2, 18, 3]]"
12a_0215_116,"[[17, 2, 18, 3], [19, 4, 20, 5], [21, 12, 22, 13], [23, 7, 24, 6], [1, 8, 2, 9], [3, 18, 4, 19], [5, 16, 6, 17], [7, 11, 8, 10], [9, 24, 10, 1], [11, 15, 12, 14], [13, 20, 14, 21], [15, 23, 16, 22]]"
12a_0215_117,"[[15, 23, 16, 22], [17, 2, 18, 3], [19, 4, 20, 5], [21, 12, 22, 13], [23, 7, 24, 6], [1, 8, 2, 9], [3, 18, 4, 19], [5, 16, 6, 17], [7, 11, 8, 10], [9, 24, 10, 1], [11, 15, 12, 14], [13, 20, 14, 21]]"
12a_0215_118,"[[13, 20, 14, 21], [15, 23, 16, 22], [17, 2, 18, 3], [19, 4, 20, 5], [21, 12, 22, 13], [23, 7, 24, 6], [1, 8, 2, 9], [3, 18, 4, 19], [5, 16, 6, 17], [7, 11, 8, 10], [9, 24, 10, 1], [11, 15, 12, 14]]"
12a_0215_119,"[[11, 15, 12, 14], [13, 20, 14, 21], [15, 23, 16, 22], [17, 2, 18, 3], [19, 4, 20, 5], [21, 12, 22, 13], [23, 7, 24, 6], [1, 8, 2, 9], [3, 18, 4, 19], [5, 16, 6, 17], [7, 11, 8, 10], [9, 24, 10, 1]]"
12a_0215_120,"[[10, 1, 11, 2], [12, 16, 13, 15], [14, 21, 15, 22], [16, 24, 17, 23], [18, 3, 19, 4], [20, 5, 21, 6], [22, 13, 23, 14], [24, 8, 1, 7], [2, 9, 3, 10], [4, 19, 5, 20], [6, 17, 7, 18], [8, 12, 9, 11]]"
12a_0215_121,"[[8, 12, 9, 11], [10, 1, 11, 2], [12, 16, 13, 15], [14, 21, 15, 22], [16, 24, 17, 23], [18, 3, 19, 4], [20, 5, 21, 6], [22, 13, 23, 14], [24, 8, 1, 7], [2, 9, 3, 10], [4, 19, 5, 20], [6, 17, 7, 18]]"
12a_0215_122,"[[6, 17, 7, 18], [8, 12, 9, 11], [10, 1, 11, 2], [12, 16, 13, 15], [14, 21, 15, 22], [16, 24, 17, 23], [18, 3, 19, 4], [20, 5, 21, 6], [22, 13, 23, 14], [24, 8, 1, 7], [2, 9, 3, 10], [4, 19, 5, 20]]"
12a_0215_123,"[[4, 19, 5, 20], [6, 17, 7, 18], [8, 12, 9, 11], [10, 1, 11, 2], [12, 16, 13, 15], [14, 21, 15, 22], [16, 24, 17, 23], [18, 3, 19, 4], [20, 5, 21, 6], [22, 13, 23, 14], [24, 8, 1, 7], [2, 9, 3, 10]]"
12a_0215_124,"[[2, 9, 3, 10], [4, 19, 5, 20], [6, 17, 7, 18], [8, 12, 9, 11], [10, 1, 11, 2], [12, 16, 13, 15], [14, 21, 15, 22], [16, 24, 17, 23], [18, 3, 19, 4], [20, 5, 21, 6], [22, 13, 23, 14], [24, 8, 1, 7]]"
12a_0215_125,"[[24, 8, 1, 7], [2, 9, 3, 10], [4, 19, 5, 20], [6, 17, 7, 18], [8, 12, 9, 11], [10, 1, 11, 2], [12, 16, 13, 15], [14, 21, 15, 22], [16, 24, 17, 23], [18, 3, 19, 4], [20, 5, 21, 6], [22, 13, 23, 14]]"
12a_0215_126,"[[22, 13, 23, 14], [24, 8, 1, 7], [2, 9, 3, 10], [4, 19, 5, 20], [6, 17, 7, 18], [8, 12, 9, 11], [10, 1, 11, 2], [12, 16, 13, 15], [14, 21, 15, 22], [16, 24, 17, 23], [18, 3, 19, 4], [20, 5, 21, 6]]"
12a_0215_127,"[[20, 5, 21, 6], [22, 13, 23, 14], [24, 8, 1, 7], [2, 9, 3, 10], [4, 19, 5, 20], [6, 17, 7, 18], [8, 12, 9, 11], [10, 1, 11, 2], [12, 16, 13, 15], [14, 21, 15, 22], [16, 24, 17, 23], [18, 3, 19, 4]]"
12a_0215_128,"[[18, 3, 19, 4], [20, 5, 21, 6], [22, 13, 23, 14], [24, 8, 1, 7], [2, 9, 3, 10], [4, 19, 5, 20], [6, 17, 7, 18], [8, 12, 9, 11], [10, 1, 11, 2], [12, 16, 13, 15], [14, 21, 15, 22], [16, 24, 17, 23]]"
12a_0215_129,"[[16, 24, 17, 23], [18, 3, 19, 4], [20, 5, 21, 6], [22, 13, 23, 14], [24, 8, 1, 7], [2, 9, 3, 10], [4, 19, 5, 20], [6, 17, 7, 18], [8, 12, 9, 11], [10, 1, 11, 2], [12, 16, 13, 15], [14, 21, 15, 22]]"
12a_0215_130,"[[14, 21, 15, 22], [16, 24, 17, 23], [18, 3, 19, 4], [20, 5, 21, 6], [22, 13, 23, 14], [24, 8, 1, 7], [2, 9, 3, 10], [4, 19, 5, 20], [6, 17, 7, 18], [8, 12, 9, 11], [10, 1, 11, 2], [12, 16, 13, 15]]"
12a_0215_131,"[[12, 16, 13, 15], [14, 21, 15, 22], [16, 24, 17, 23], [18, 3, 19, 4], [20, 5, 21, 6], [22, 13, 23, 14], [24, 8, 1, 7], [2, 9, 3, 10], [4, 19, 5, 20], [6, 17, 7, 18], [8, 12, 9, 11], [10, 1, 11, 2]]"
12a_0215_132,"[[11, 2, 12, 3], [13, 17, 14, 16], [15, 22, 16, 23], [17, 1, 18, 24], [19, 4, 20, 5], [21, 6, 22, 7], [23, 14, 24, 15], [1, 9, 2, 8], [3, 10, 4, 11], [5, 20, 6, 21], [7, 18, 8, 19], [9, 13, 10, 12]]"
12a_0215_133,"[[9, 13, 10, 12], [11, 2, 12, 3], [13, 17, 14, 16], [15, 22, 16, 23], [17, 1, 18, 24], [19, 4, 20, 5], [21, 6, 22, 7], [23, 14, 24, 15], [1, 9, 2, 8], [3, 10, 4, 11], [5, 20, 6, 21], [7, 18, 8, 19]]"
12a_0215_134,"[[7, 18, 8, 19], [9, 13, 10, 12], [11, 2, 12, 3], [13, 17, 14, 16], [15, 22, 16, 23], [17, 1, 18, 24], [19, 4, 20, 5], [21, 6, 22, 7], [23, 14, 24, 15], [1, 9, 2, 8], [3, 10, 4, 11], [5, 20, 6, 21]]"
12a_0215_135,"[[5, 20, 6, 21], [7, 18, 8, 19], [9, 13, 10, 12], [11, 2, 12, 3], [13, 17, 14, 16], [15, 22, 16, 23], [17, 1, 18, 24], [19, 4, 20, 5], [21, 6, 22, 7], [23, 14, 24, 15], [1, 9, 2, 8], [3, 10, 4, 11]]"
12a_0215_136,"[[3, 10, 4, 11], [5, 20, 6, 21], [7, 18, 8, 19], [9, 13, 10, 12], [11, 2, 12, 3], [13, 17, 14, 16], [15, 22, 16, 23], [17, 1, 18, 24], [19, 4, 20, 5], [21, 6, 22, 7], [23, 14, 24, 15], [1, 9, 2, 8]]"
12a_0215_137,"[[1, 9, 2, 8], [3, 10, 4, 11], [5, 20, 6, 21], [7, 18, 8, 19], [9, 13, 10, 12], [11, 2, 12, 3], [13, 17, 14, 16], [15, 22, 16, 23], [17, 1, 18, 24], [19, 4, 20, 5], [21, 6, 22, 7], [23, 14, 24, 15]]"
12a_0215_138,"[[23, 14, 24, 15], [1, 9, 2, 8], [3, 10, 4, 11], [5, 20, 6, 21], [7, 18, 8, 19], [9, 13, 10, 12], [11, 2, 12, 3], [13, 17, 14, 16], [15, 22, 16, 23], [17, 1, 18, 24], [19, 4, 20, 5], [21, 6, 22, 7]]"
12a_0215_139,"[[21, 6, 22, 7], [23, 14, 24, 15], [1, 9, 2, 8], [3, 10, 4, 11], [5, 20, 6, 21], [7, 18, 8, 19], [9, 13, 10, 12], [11, 2, 12, 3], [13, 17, 14, 16], [15, 22, 16, 23], [17, 1, 18, 24], [19, 4, 20, 5]]"
12a_0215_140,"[[19, 4, 20, 5], [21, 6, 22, 7], [23, 14, 24, 15], [1, 9, 2, 8], [3, 10, 4, 11], [5, 20, 6, 21], [7, 18, 8, 19], [9, 13, 10, 12], [11, 2, 12, 3], [13, 17, 14, 16], [15, 22, 16, 23], [17, 1, 18, 24]]"
12a_0215_141,"[[17, 1, 18, 24], [19, 4, 20, 5], [21, 6, 22, 7], [23, 14, 24, 15], [1, 9, 2, 8], [3, 10, 4, 11], [5, 20, 6, 21], [7, 18, 8, 19], [9, 13, 10, 12], [11, 2, 12, 3], [13, 17, 14, 16], [15, 22, 16, 23]]"
12a_0215_142,"[[15, 22, 16, 23], [17, 1, 18, 24], [19, 4, 20, 5], [21, 6, 22, 7], [23, 14, 24, 15], [1, 9, 2, 8], [3, 10, 4, 11], [5, 20, 6, 21], [7, 18, 8, 19], [9, 13, 10, 12], [11, 2, 12, 3], [13, 17, 14, 16]]"
12a_0215_143,"[[13, 17, 14, 16], [15, 22, 16, 23], [17, 1, 18, 24], [19, 4, 20, 5], [21, 6, 22, 7], [23, 14, 24, 15], [1, 9, 2, 8], [3, 10, 4, 11], [5, 20, 6, 21], [7, 18, 8, 19], [9, 13, 10, 12], [11, 2, 12, 3]]"
12a_0215_144,"[[12, 3, 13, 4], [14, 18, 15, 17], [16, 23, 17, 24], [18, 2, 19, 1], [20, 5, 21, 6], [22, 7, 23, 8], [24, 15, 1, 16], [2, 10, 3, 9], [4, 11, 5, 12], [6, 21, 7, 22], [8, 19, 9, 20], [10, 14, 11, 13]]"
12a_0215_145,"[[10, 14, 11, 13], [12, 3, 13, 4], [14, 18, 15, 17], [16, 23, 17, 24], [18, 2, 19, 1], [20, 5, 21, 6], [22, 7, 23, 8], [24, 15, 1, 16], [2, 10, 3, 9], [4, 11, 5, 12], [6, 21, 7, 22], [8, 19, 9, 20]]"
12a_0215_146,"[[8, 19, 9, 20], [10, 14, 11, 13], [12, 3, 13, 4], [14, 18, 15, 17], [16, 23, 17, 24], [18, 2, 19, 1], [20, 5, 21, 6], [22, 7, 23, 8], [24, 15, 1, 16], [2, 10, 3, 9], [4, 11, 5, 12], [6, 21, 7, 22]]"
12a_0215_147,"[[6, 21, 7, 22], [8, 19, 9, 20], [10, 14, 11, 13], [12, 3, 13, 4], [14, 18, 15, 17], [16, 23, 17, 24], [18, 2, 19, 1], [20, 5, 21, 6], [22, 7, 23, 8], [24, 15, 1, 16], [2, 10, 3, 9], [4, 11, 5, 12]]"
12a_0215_148,"[[4, 11, 5, 12], [6, 21, 7, 22], [8, 19, 9, 20], [10, 14, 11, 13], [12, 3, 13, 4], [14, 18, 15, 17], [16, 23, 17, 24], [18, 2, 19, 1], [20, 5, 21, 6], [22, 7, 23, 8], [24, 15, 1, 16], [2, 10, 3, 9]]"
12a_0215_149,"[[2, 10, 3, 9], [4, 11, 5, 12], [6, 21, 7, 22], [8, 19, 9, 20], [10, 14, 11, 13], [12, 3, 13, 4], [14, 18, 15, 17], [16, 23, 17, 24], [18, 2, 19, 1], [20, 5, 21, 6], [22, 7, 23, 8], [24, 15, 1, 16]]"
12a_0215_150,"[[24, 15, 1, 16], [2, 10, 3, 9], [4, 11, 5, 12], [6, 21, 7, 22], [8, 19, 9, 20], [10, 14, 11, 13], [12, 3, 13, 4], [14, 18, 15, 17], [16, 23, 17, 24], [18, 2, 19, 1], [20, 5, 21, 6], [22, 7, 23, 8]]"
12a_0215_151,"[[22, 7, 23, 8], [24, 15, 1, 16], [2, 10, 3, 9], [4, 11, 5, 12], [6, 21, 7, 22], [8, 19, 9, 20], [10, 14, 11, 13], [12, 3, 13, 4], [14, 18, 15, 17], [16, 23, 17, 24], [18, 2, 19, 1], [20, 5, 21, 6]]"
12a_0215_152,"[[20, 5, 21, 6], [22, 7, 23, 8], [24, 15, 1, 16], [2, 10, 3, 9], [4, 11, 5, 12], [6, 21, 7, 22], [8, 19, 9, 20], [10, 14, 11, 13], [12, 3, 13, 4], [14, 18, 15, 17], [16, 23, 17, 24], [18, 2, 19, 1]]"
12a_0215_153,"[[18, 2, 19, 1], [20, 5, 21, 6], [22, 7, 23, 8], [24, 15, 1, 16], [2, 10, 3, 9], [4, 11, 5, 12], [6, 21, 7, 22], [8, 19, 9, 20], [10, 14, 11, 13], [12, 3, 13, 4], [14, 18, 15, 17], [16, 23, 17, 24]]"
12a_0215_154,"[[16, 23, 17, 24], [18, 2, 19, 1], [20, 5, 21, 6], [22, 7, 23, 8], [24, 15, 1, 16], [2, 10, 3, 9], [4, 11, 5, 12], [6, 21, 7, 22], [8, 19, 9, 20], [10, 14, 11, 13], [12, 3, 13, 4], [14, 18, 15, 17]]"
12a_0215_155,"[[14, 18, 15, 17], [16, 23, 17, 24], [18, 2, 19, 1], [20, 5, 21, 6], [22, 7, 23, 8], [24, 15, 1, 16], [2, 10, 3, 9], [4, 11, 5, 12], [6, 21, 7, 22], [8, 19, 9, 20], [10, 14, 11, 13], [12, 3, 13, 4]]"
12a_0215_156,"[[13, 4, 14, 5], [15, 19, 16, 18], [17, 24, 18, 1], [19, 3, 20, 2], [21, 6, 22, 7], [23, 8, 24, 9], [1, 16, 2, 17], [3, 11, 4, 10], [5, 12, 6, 13], [7, 22, 8, 23], [9, 20, 10, 21], [11, 15, 12, 14]]"
12a_0215_157,"[[11, 15, 12, 14], [13, 4, 14, 5], [15, 19, 16, 18], [17, 24, 18, 1], [19, 3, 20, 2], [21, 6, 22, 7], [23, 8, 24, 9], [1, 16, 2, 17], [3, 11, 4, 10], [5, 12, 6, 13], [7, 22, 8, 23], [9, 20, 10, 21]]"
12a_0215_158,"[[9, 20, 10, 21], [11, 15, 12, 14], [13, 4, 14, 5], [15, 19, 16, 18], [17, 24, 18, 1], [19, 3, 20, 2], [21, 6, 22, 7], [23, 8, 24, 9], [1, 16, 2, 17], [3, 11, 4, 10], [5, 12, 6, 13], [7, 22, 8, 23]]"
12a_0215_159,"[[7, 22, 8, 23], [9, 20, 10, 21], [11, 15, 12, 14], [13, 4, 14, 5], [15, 19, 16, 18], [17, 24, 18, 1], [19, 3, 20, 2], [21, 6, 22, 7], [23, 8, 24, 9], [1, 16, 2, 17], [3, 11, 4, 10], [5, 12, 6, 13]]"
12a_0215_160,"[[5, 12, 6, 13], [7, 22, 8, 23], [9, 20, 10, 21], [11, 15, 12, 14], [13, 4, 14, 5], [15, 19, 16, 18], [17, 24, 18, 1], [19, 3, 20, 2], [21, 6, 22, 7], [23, 8, 24, 9], [1, 16, 2, 17], [3, 11, 4, 10]]"
12a_0215_161,"[[3, 11, 4, 10], [5, 12, 6, 13], [7, 22, 8, 23], [9, 20, 10, 21], [11, 15, 12, 14], [13, 4, 14, 5], [15, 19, 16, 18], [17, 24, 18, 1], [19, 3, 20, 2], [21, 6, 22, 7], [23, 8, 24, 9], [1, 16, 2, 17]]"
12a_0215_162,"[[1, 16, 2, 17], [3, 11, 4, 10], [5, 12, 6, 13], [7, 22, 8, 23], [9, 20, 10, 21], [11, 15, 12, 14], [13, 4, 14, 5], [15, 19, 16, 18], [17, 24, 18, 1], [19, 3, 20, 2], [21, 6, 22, 7], [23, 8, 24, 9]]"
12a_0215_163,"[[23, 8, 24, 9], [1, 16, 2, 17], [3, 11, 4, 10], [5, 12, 6, 13], [7, 22, 8, 23], [9, 20, 10, 21], [11, 15, 12, 14], [13, 4, 14, 5], [15, 19, 16, 18], [17, 24, 18, 1], [19, 3, 20, 2], [21, 6, 22, 7]]"
12a_0215_164,"[[21, 6, 22, 7], [23, 8, 24, 9], [1, 16, 2, 17], [3, 11, 4, 10], [5, 12, 6, 13], [7, 22, 8, 23], [9, 20, 10, 21], [11, 15, 12, 14], [13, 4, 14, 5], [15, 19, 16, 18], [17, 24, 18, 1], [19, 3, 20, 2]]"
12a_0215_165,"[[19, 3, 20, 2], [21, 6, 22, 7], [23, 8, 24, 9], [1, 16, 2, 17], [3, 11, 4, 10], [5, 12, 6, 13], [7, 22, 8, 23], [9, 20, 10, 21], [11, 15, 12, 14], [13, 4, 14, 5], [15, 19, 16, 18], [17, 24, 18, 1]]"
12a_0215_166,"[[17, 24, 18, 1], [19, 3, 20, 2], [21, 6, 22, 7], [23, 8, 24, 9], [1, 16, 2, 17], [3, 11, 4, 10], [5, 12, 6, 13], [7, 22, 8, 23], [9, 20, 10, 21], [11, 15, 12, 14], [13, 4, 14, 5], [15, 19, 16, 18]]"
12a_0215_167,"[[15, 19, 16, 18], [17, 24, 18, 1], [19, 3, 20, 2], [21, 6, 22, 7], [23, 8, 24, 9], [1, 16, 2, 17], [3, 11, 4, 10], [5, 12, 6, 13], [7, 22, 8, 23], [9, 20, 10, 21], [11, 15, 12, 14], [13, 4, 14, 5]]"
12a_0215_168,"[[14, 5, 15, 6], [16, 20, 17, 19], [18, 1, 19, 2], [20, 4, 21, 3], [22, 7, 23, 8], [24, 9, 1, 10], [2, 17, 3, 18], [4, 12, 5, 11], [6, 13, 7, 14], [8, 23, 9, 24], [10, 21, 11, 22], [12, 16, 13, 15]]"
12a_0215_169,"[[12, 16, 13, 15], [14, 5, 15, 6], [16, 20, 17, 19], [18, 1, 19, 2], [20, 4, 21, 3], [22, 7, 23, 8], [24, 9, 1, 10], [2, 17, 3, 18], [4, 12, 5, 11], [6, 13, 7, 14], [8, 23, 9, 24], [10, 21, 11, 22]]"
12a_0215_170,"[[10, 21, 11, 22], [12, 16, 13, 15], [14, 5, 15, 6], [16, 20, 17, 19], [18, 1, 19, 2], [20, 4, 21, 3], [22, 7, 23, 8], [24, 9, 1, 10], [2, 17, 3, 18], [4, 12, 5, 11], [6, 13, 7, 14], [8, 23, 9, 24]]"
12a_0215_171,"[[8, 23, 9, 24], [10, 21, 11, 22], [12, 16, 13, 15], [14, 5, 15, 6], [16, 20, 17, 19], [18, 1, 19, 2], [20, 4, 21, 3], [22, 7, 23, 8], [24, 9, 1, 10], [2, 17, 3, 18], [4, 12, 5, 11], [6, 13, 7, 14]]"
12a_0215_172,"[[6, 13, 7, 14], [8, 23, 9, 24], [10, 21, 11, 22], [12, 16, 13, 15], [14, 5, 15, 6], [16, 20, 17, 19], [18, 1, 19, 2], [20, 4, 21, 3], [22, 7, 23, 8], [24, 9, 1, 10], [2, 17, 3, 18], [4, 12, 5, 11]]"
12a_0215_173,"[[4, 12, 5, 11], [6, 13, 7, 14], [8, 23, 9, 24], [10, 21, 11, 22], [12, 16, 13, 15], [14, 5, 15, 6], [16, 20, 17, 19], [18, 1, 19, 2], [20, 4, 21, 3], [22, 7, 23, 8], [24, 9, 1, 10], [2, 17, 3, 18]]"
12a_0215_174,"[[2, 17, 3, 18], [4, 12, 5, 11], [6, 13, 7, 14], [8, 23, 9, 24], [10, 21, 11, 22], [12, 16, 13, 15], [14, 5, 15, 6], [16, 20, 17, 19], [18, 1, 19, 2], [20, 4, 21, 3], [22, 7, 23, 8], [24, 9, 1, 10]]"
12a_0215_175,"[[24, 9, 1, 10], [2, 17, 3, 18], [4, 12, 5, 11], [6, 13, 7, 14], [8, 23, 9, 24], [10, 21, 11, 22], [12, 16, 13, 15], [14, 5, 15, 6], [16, 20, 17, 19], [18, 1, 19, 2], [20, 4, 21, 3], [22, 7, 23, 8]]"
12a_0215_176,"[[22, 7, 23, 8], [24, 9, 1, 10], [2, 17, 3, 18], [4, 12, 5, 11], [6, 13, 7, 14], [8, 23, 9, 24], [10, 21, 11, 22], [12, 16, 13, 15], [14, 5, 15, 6], [16, 20, 17, 19], [18, 1, 19, 2], [20, 4, 21, 3]]"
12a_0215_177,"[[20, 4, 21, 3], [22, 7, 23, 8], [24, 9, 1, 10], [2, 17, 3, 18], [4, 12, 5, 11], [6, 13, 7, 14], [8, 23, 9, 24], [10, 21, 11, 22], [12, 16, 13, 15], [14, 5, 15, 6], [16, 20, 17, 19], [18, 1, 19, 2]]"
12a_0215_178,"[[18, 1, 19, 2], [20, 4, 21, 3], [22, 7, 23, 8], [24, 9, 1, 10], [2, 17, 3, 18], [4, 12, 5, 11], [6, 13, 7, 14], [8, 23, 9, 24], [10, 21, 11, 22], [12, 16, 13, 15], [14, 5, 15, 6], [16, 20, 17, 19]]"
12a_0215_179,"[[16, 20, 17, 19], [18, 1, 19, 2], [20, 4, 21, 3], [22, 7, 23, 8], [24, 9, 1, 10], [2, 17, 3, 18], [4, 12, 5, 11], [6, 13, 7, 14], [8, 23, 9, 24], [10, 21, 11, 22], [12, 16, 13, 15], [14, 5, 15, 6]]"
12a_0215_180,"[[15, 6, 16, 7], [17, 21, 18, 20], [19, 2, 20, 3], [21, 5, 22, 4], [23, 8, 24, 9], [1, 10, 2, 11], [3, 18, 4, 19], [5, 13, 6, 12], [7, 14, 8, 15], [9, 24, 10, 1], [11, 22, 12, 23], [13, 17, 14, 16]]"
12a_0215_181,"[[13, 17, 14, 16], [15, 6, 16, 7], [17, 21, 18, 20], [19, 2, 20, 3], [21, 5, 22, 4], [23, 8, 24, 9], [1, 10, 2, 11], [3, 18, 4, 19], [5, 13, 6, 12], [7, 14, 8, 15], [9, 24, 10, 1], [11, 22, 12, 23]]"
12a_0215_182,"[[11, 22, 12, 23], [13, 17, 14, 16], [15, 6, 16, 7], [17, 21, 18, 20], [19, 2, 20, 3], [21, 5, 22, 4], [23, 8, 24, 9], [1, 10, 2, 11], [3, 18, 4, 19], [5, 13, 6, 12], [7, 14, 8, 15], [9, 24, 10, 1]]"
12a_0215_183,"[[9, 24, 10, 1], [11, 22, 12, 23], [13, 17, 14, 16], [15, 6, 16, 7], [17, 21, 18, 20], [19, 2, 20, 3], [21, 5, 22, 4], [23, 8, 24, 9], [1, 10, 2, 11], [3, 18, 4, 19], [5, 13, 6, 12], [7, 14, 8, 15]]"
12a_0215_184,"[[7, 14, 8, 15], [9, 24, 10, 1], [11, 22, 12, 23], [13, 17, 14, 16], [15, 6, 16, 7], [17, 21, 18, 20], [19, 2, 20, 3], [21, 5, 22, 4], [23, 8, 24, 9], [1, 10, 2, 11], [3, 18, 4, 19], [5, 13, 6, 12]]"
12a_0215_185,"[[5, 13, 6, 12], [7, 14, 8, 15], [9, 24, 10, 1], [11, 22, 12, 23], [13, 17, 14, 16], [15, 6, 16, 7], [17, 21, 18, 20], [19, 2, 20, 3], [21, 5, 22, 4], [23, 8, 24, 9], [1, 10, 2, 11], [3, 18, 4, 19]]"
