name,pd_notation
12a_0223_0,"[[24, 15, 1, 16], [2, 6, 3, 5], [4, 11, 5, 12], [6, 14, 7, 13], [8, 17, 9, 18], [10, 21, 11, 22], [12, 3, 13, 4], [14, 20, 15, 19], [16, 23, 17, 24], [18, 7, 19, 8], [20, 2, 21, 1], [22, 9, 23, 10]]"
12a_0223_1,"[[22, 9, 23, 10], [24, 15, 1, 16], [2, 6, 3, 5], [4, 11, 5, 12], [6, 14, 7, 13], [8, 17, 9, 18], [10, 21, 11, 22], [12, 3, 13, 4], [14, 20, 15, 19], [16, 23, 17, 24], [18, 7, 19, 8], [20, 2, 21, 1]]"
12a_0223_2,"[[20, 2, 21, 1], [22, 9, 23, 10], [24, 15, 1, 16], [2, 6, 3, 5], [4, 11, 5, 12], [6, 14, 7, 13], [8, 17, 9, 18], [10, 21, 11, 22], [12, 3, 13, 4], [14, 20, 15, 19], [16, 23, 17, 24], [18, 7, 19, 8]]"
12a_0223_3,"[[18, 7, 19, 8], [20, 2, 21, 1], [22, 9, 23, 10], [24, 15, 1, 16], [2, 6, 3, 5], [4, 11, 5, 12], [6, 14, 7, 13], [8, 17, 9, 18], [10, 21, 11, 22], [12, 3, 13, 4], [14, 20, 15, 19], [16, 23, 17, 24]]"
12a_0223_4,"[[16, 23, 17, 24], [18, 7, 19, 8], [20, 2, 21, 1], [22, 9, 23, 10], [24, 15, 1, 16], [2, 6, 3, 5], [4, 11, 5, 12], [6, 14, 7, 13], [8, 17, 9, 18], [10, 21, 11, 22], [12, 3, 13, 4], [14, 20, 15, 19]]"
12a_0223_5,"[[14, 20, 15, 19], [16, 23, 17, 24], [18, 7, 19, 8], [20, 2, 21, 1], [22, 9, 23, 10], [24, 15, 1, 16], [2, 6, 3, 5], [4, 11, 5, 12], [6, 14, 7, 13], [8, 17, 9, 18], [10, 21, 11, 22], [12, 3, 13, 4]]"
12a_0223_6,"[[12, 3, 13, 4], [14, 20, 15, 19], [16, 23, 17, 24], [18, 7, 19, 8], [20, 2, 21, 1], [22, 9, 23, 10], [24, 15, 1, 16], [2, 6, 3, 5], [4, 11, 5, 12], [6, 14, 7, 13], [8, 17, 9, 18], [10, 21, 11, 22]]"
12a_0223_7,"[[10, 21, 11, 22], [12, 3, 13, 4], [14, 20, 15, 19], [16, 23, 17, 24], [18, 7, 19, 8], [20, 2, 21, 1], [22, 9, 23, 10], [24, 15, 1, 16], [2, 6, 3, 5], [4, 11, 5, 12], [6, 14, 7, 13], [8, 17, 9, 18]]"
12a_0223_8,"[[8, 17, 9, 18], [10, 21, 11, 22], [12, 3, 13, 4], [14, 20, 15, 19], [16, 23, 17, 24], [18, 7, 19, 8], [20, 2, 21, 1], [22, 9, 23, 10], [24, 15, 1, 16], [2, 6, 3, 5], [4, 11, 5, 12], [6, 14, 7, 13]]"
12a_0223_9,"[[6, 14, 7, 13], [8, 17, 9, 18], [10, 21, 11, 22], [12, 3, 13, 4], [14, 20, 15, 19], [16, 23, 17, 24], [18, 7, 19, 8], [20, 2, 21, 1], [22, 9, 23, 10], [24, 15, 1, 16], [2, 6, 3, 5], [4, 11, 5, 12]]"
12a_0223_10,"[[4, 11, 5, 12], [6, 14, 7, 13], [8, 17, 9, 18], [10, 21, 11, 22], [12, 3, 13, 4], [14, 20, 15, 19], [16, 23, 17, 24], [18, 7, 19, 8], [20, 2, 21, 1], [22, 9, 23, 10], [24, 15, 1, 16], [2, 6, 3, 5]]"
12a_0223_11,"[[2, 6, 3, 5], [4, 11, 5, 12], [6, 14, 7, 13], [8, 17, 9, 18], [10, 21, 11, 22], [12, 3, 13, 4], [14, 20, 15, 19], [16, 23, 17, 24], [18, 7, 19, 8], [20, 2, 21, 1], [22, 9, 23, 10], [24, 15, 1, 16]]"
12a_0223_12,"[[1, 16, 2, 17], [3, 7, 4, 6], [5, 12, 6, 13], [7, 15, 8, 14], [9, 18, 10, 19], [11, 22, 12, 23], [13, 4, 14, 5], [15, 21, 16, 20], [17, 24, 18, 1], [19, 8, 20, 9], [21, 3, 22, 2], [23, 10, 24, 11]]"
12a_0223_13,"[[23, 10, 24, 11], [1, 16, 2, 17], [3, 7, 4, 6], [5, 12, 6, 13], [7, 15, 8, 14], [9, 18, 10, 19], [11, 22, 12, 23], [13, 4, 14, 5], [15, 21, 16, 20], [17, 24, 18, 1], [19, 8, 20, 9], [21, 3, 22, 2]]"
12a_0223_14,"[[21, 3, 22, 2], [23, 10, 24, 11], [1, 16, 2, 17], [3, 7, 4, 6], [5, 12, 6, 13], [7, 15, 8, 14], [9, 18, 10, 19], [11, 22, 12, 23], [13, 4, 14, 5], [15, 21, 16, 20], [17, 24, 18, 1], [19, 8, 20, 9]]"
12a_0223_15,"[[19, 8, 20, 9], [21, 3, 22, 2], [23, 10, 24, 11], [1, 16, 2, 17], [3, 7, 4, 6], [5, 12, 6, 13], [7, 15, 8, 14], [9, 18, 10, 19], [11, 22, 12, 23], [13, 4, 14, 5], [15, 21, 16, 20], [17, 24, 18, 1]]"
12a_0223_16,"[[17, 24, 18, 1], [19, 8, 20, 9], [21, 3, 22, 2], [23, 10, 24, 11], [1, 16, 2, 17], [3, 7, 4, 6], [5, 12, 6, 13], [7, 15, 8, 14], [9, 18, 10, 19], [11, 22, 12, 23], [13, 4, 14, 5], [15, 21, 16, 20]]"
12a_0223_17,"[[15, 21, 16, 20], [17, 24, 18, 1], [19, 8, 20, 9], [21, 3, 22, 2], [23, 10, 24, 11], [1, 16, 2, 17], [3, 7, 4, 6], [5, 12, 6, 13], [7, 15, 8, 14], [9, 18, 10, 19], [11, 22, 12, 23], [13, 4, 14, 5]]"
12a_0223_18,"[[13, 4, 14, 5], [15, 21, 16, 20], [17, 24, 18, 1], [19, 8, 20, 9], [21, 3, 22, 2], [23, 10, 24, 11], [1, 16, 2, 17], [3, 7, 4, 6], [5, 12, 6, 13], [7, 15, 8, 14], [9, 18, 10, 19], [11, 22, 12, 23]]"
12a_0223_19,"[[11, 22, 12, 23], [13, 4, 14, 5], [15, 21, 16, 20], [17, 24, 18, 1], [19, 8, 20, 9], [21, 3, 22, 2], [23, 10, 24, 11], [1, 16, 2, 17], [3, 7, 4, 6], [5, 12, 6, 13], [7, 15, 8, 14], [9, 18, 10, 19]]"
12a_0223_20,"[[9, 18, 10, 19], [11, 22, 12, 23], [13, 4, 14, 5], [15, 21, 16, 20], [17, 24, 18, 1], [19, 8, 20, 9], [21, 3, 22, 2], [23, 10, 24, 11], [1, 16, 2, 17], [3, 7, 4, 6], [5, 12, 6, 13], [7, 15, 8, 14]]"
12a_0223_21,"[[7, 15, 8, 14], [9, 18, 10, 19], [11, 22, 12, 23], [13, 4, 14, 5], [15, 21, 16, 20], [17, 24, 18, 1], [19, 8, 20, 9], [21, 3, 22, 2], [23, 10, 24, 11], [1, 16, 2, 17], [3, 7, 4, 6], [5, 12, 6, 13]]"
12a_0223_22,"[[5, 12, 6, 13], [7, 15, 8, 14], [9, 18, 10, 19], [11, 22, 12, 23], [13, 4, 14, 5], [15, 21, 16, 20], [17, 24, 18, 1], [19, 8, 20, 9], [21, 3, 22, 2], [23, 10, 24, 11], [1, 16, 2, 17], [3, 7, 4, 6]]"
12a_0223_23,"[[3, 7, 4, 6], [5, 12, 6, 13], [7, 15, 8, 14], [9, 18, 10, 19], [11, 22, 12, 23], [13, 4, 14, 5], [15, 21, 16, 20], [17, 24, 18, 1], [19, 8, 20, 9], [21, 3, 22, 2], [23, 10, 24, 11], [1, 16, 2, 17]]"
12a_0223_24,"[[2, 17, 3, 18], [4, 8, 5, 7], [6, 13, 7, 14], [8, 16, 9, 15], [10, 19, 11, 20], [12, 23, 13, 24], [14, 5, 15, 6], [16, 22, 17, 21], [18, 1, 19, 2], [20, 9, 21, 10], [22, 4, 23, 3], [24, 11, 1, 12]]"
12a_0223_25,"[[24, 11, 1, 12], [2, 17, 3, 18], [4, 8, 5, 7], [6, 13, 7, 14], [8, 16, 9, 15], [10, 19, 11, 20], [12, 23, 13, 24], [14, 5, 15, 6], [16, 22, 17, 21], [18, 1, 19, 2], [20, 9, 21, 10], [22, 4, 23, 3]]"
12a_0223_26,"[[22, 4, 23, 3], [24, 11, 1, 12], [2, 17, 3, 18], [4, 8, 5, 7], [6, 13, 7, 14], [8, 16, 9, 15], [10, 19, 11, 20], [12, 23, 13, 24], [14, 5, 15, 6], [16, 22, 17, 21], [18, 1, 19, 2], [20, 9, 21, 10]]"
12a_0223_27,"[[20, 9, 21, 10], [22, 4, 23, 3], [24, 11, 1, 12], [2, 17, 3, 18], [4, 8, 5, 7], [6, 13, 7, 14], [8, 16, 9, 15], [10, 19, 11, 20], [12, 23, 13, 24], [14, 5, 15, 6], [16, 22, 17, 21], [18, 1, 19, 2]]"
12a_0223_28,"[[18, 1, 19, 2], [20, 9, 21, 10], [22, 4, 23, 3], [24, 11, 1, 12], [2, 17, 3, 18], [4, 8, 5, 7], [6, 13, 7, 14], [8, 16, 9, 15], [10, 19, 11, 20], [12, 23, 13, 24], [14, 5, 15, 6], [16, 22, 17, 21]]"
12a_0223_29,"[[16, 22, 17, 21], [18, 1, 19, 2], [20, 9, 21, 10], [22, 4, 23, 3], [24, 11, 1, 12], [2, 17, 3, 18], [4, 8, 5, 7], [6, 13, 7, 14], [8, 16, 9, 15], [10, 19, 11, 20], [12, 23, 13, 24], [14, 5, 15, 6]]"
12a_0223_30,"[[14, 5, 15, 6], [16, 22, 17, 21], [18, 1, 19, 2], [20, 9, 21, 10], [22, 4, 23, 3], [24, 11, 1, 12], [2, 17, 3, 18], [4, 8, 5, 7], [6, 13, 7, 14], [8, 16, 9, 15], [10, 19, 11, 20], [12, 23, 13, 24]]"
12a_0223_31,"[[12, 23, 13, 24], [14, 5, 15, 6], [16, 22, 17, 21], [18, 1, 19, 2], [20, 9, 21, 10], [22, 4, 23, 3], [24, 11, 1, 12], [2, 17, 3, 18], [4, 8, 5, 7], [6, 13, 7, 14], [8, 16, 9, 15], [10, 19, 11, 20]]"
12a_0223_32,"[[10, 19, 11, 20], [12, 23, 13, 24], [14, 5, 15, 6], [16, 22, 17, 21], [18, 1, 19, 2], [20, 9, 21, 10], [22, 4, 23, 3], [24, 11, 1, 12], [2, 17, 3, 18], [4, 8, 5, 7], [6, 13, 7, 14], [8, 16, 9, 15]]"
12a_0223_33,"[[8, 16, 9, 15], [10, 19, 11, 20], [12, 23, 13, 24], [14, 5, 15, 6], [16, 22, 17, 21], [18, 1, 19, 2], [20, 9, 21, 10], [22, 4, 23, 3], [24, 11, 1, 12], [2, 17, 3, 18], [4, 8, 5, 7], [6, 13, 7, 14]]"
12a_0223_34,"[[6, 13, 7, 14], [8, 16, 9, 15], [10, 19, 11, 20], [12, 23, 13, 24], [14, 5, 15, 6], [16, 22, 17, 21], [18, 1, 19, 2], [20, 9, 21, 10], [22, 4, 23, 3], [24, 11, 1, 12], [2, 17, 3, 18], [4, 8, 5, 7]]"
12a_0223_35,"[[4, 8, 5, 7], [6, 13, 7, 14], [8, 16, 9, 15], [10, 19, 11, 20], [12, 23, 13, 24], [14, 5, 15, 6], [16, 22, 17, 21], [18, 1, 19, 2], [20, 9, 21, 10], [22, 4, 23, 3], [24, 11, 1, 12], [2, 17, 3, 18]]"
12a_0223_36,"[[3, 18, 4, 19], [5, 9, 6, 8], [7, 14, 8, 15], [9, 17, 10, 16], [11, 20, 12, 21], [13, 24, 14, 1], [15, 6, 16, 7], [17, 23, 18, 22], [19, 2, 20, 3], [21, 10, 22, 11], [23, 5, 24, 4], [1, 12, 2, 13]]"
12a_0223_37,"[[1, 12, 2, 13], [3, 18, 4, 19], [5, 9, 6, 8], [7, 14, 8, 15], [9, 17, 10, 16], [11, 20, 12, 21], [13, 24, 14, 1], [15, 6, 16, 7], [17, 23, 18, 22], [19, 2, 20, 3], [21, 10, 22, 11], [23, 5, 24, 4]]"
12a_0223_38,"[[23, 5, 24, 4], [1, 12, 2, 13], [3, 18, 4, 19], [5, 9, 6, 8], [7, 14, 8, 15], [9, 17, 10, 16], [11, 20, 12, 21], [13, 24, 14, 1], [15, 6, 16, 7], [17, 23, 18, 22], [19, 2, 20, 3], [21, 10, 22, 11]]"
12a_0223_39,"[[21, 10, 22, 11], [23, 5, 24, 4], [1, 12, 2, 13], [3, 18, 4, 19], [5, 9, 6, 8], [7, 14, 8, 15], [9, 17, 10, 16], [11, 20, 12, 21], [13, 24, 14, 1], [15, 6, 16, 7], [17, 23, 18, 22], [19, 2, 20, 3]]"
12a_0223_40,"[[19, 2, 20, 3], [21, 10, 22, 11], [23, 5, 24, 4], [1, 12, 2, 13], [3, 18, 4, 19], [5, 9, 6, 8], [7, 14, 8, 15], [9, 17, 10, 16], [11, 20, 12, 21], [13, 24, 14, 1], [15, 6, 16, 7], [17, 23, 18, 22]]"
12a_0223_41,"[[17, 23, 18, 22], [19, 2, 20, 3], [21, 10, 22, 11], [23, 5, 24, 4], [1, 12, 2, 13], [3, 18, 4, 19], [5, 9, 6, 8], [7, 14, 8, 15], [9, 17, 10, 16], [11, 20, 12, 21], [13, 24, 14, 1], [15, 6, 16, 7]]"
12a_0223_42,"[[15, 6, 16, 7], [17, 23, 18, 22], [19, 2, 20, 3], [21, 10, 22, 11], [23, 5, 24, 4], [1, 12, 2, 13], [3, 18, 4, 19], [5, 9, 6, 8], [7, 14, 8, 15], [9, 17, 10, 16], [11, 20, 12, 21], [13, 24, 14, 1]]"
12a_0223_43,"[[13, 24, 14, 1], [15, 6, 16, 7], [17, 23, 18, 22], [19, 2, 20, 3], [21, 10, 22, 11], [23, 5, 24, 4], [1, 12, 2, 13], [3, 18, 4, 19], [5, 9, 6, 8], [7, 14, 8, 15], [9, 17, 10, 16], [11, 20, 12, 21]]"
12a_0223_44,"[[11, 20, 12, 21], [13, 24, 14, 1], [15, 6, 16, 7], [17, 23, 18, 22], [19, 2, 20, 3], [21, 10, 22, 11], [23, 5, 24, 4], [1, 12, 2, 13], [3, 18, 4, 19], [5, 9, 6, 8], [7, 14, 8, 15], [9, 17, 10, 16]]"
12a_0223_45,"[[9, 17, 10, 16], [11, 20, 12, 21], [13, 24, 14, 1], [15, 6, 16, 7], [17, 23, 18, 22], [19, 2, 20, 3], [21, 10, 22, 11], [23, 5, 24, 4], [1, 12, 2, 13], [3, 18, 4, 19], [5, 9, 6, 8], [7, 14, 8, 15]]"
12a_0223_46,"[[7, 14, 8, 15], [9, 17, 10, 16], [11, 20, 12, 21], [13, 24, 14, 1], [15, 6, 16, 7], [17, 23, 18, 22], [19, 2, 20, 3], [21, 10, 22, 11], [23, 5, 24, 4], [1, 12, 2, 13], [3, 18, 4, 19], [5, 9, 6, 8]]"
12a_0223_47,"[[5, 9, 6, 8], [7, 14, 8, 15], [9, 17, 10, 16], [11, 20, 12, 21], [13, 24, 14, 1], [15, 6, 16, 7], [17, 23, 18, 22], [19, 2, 20, 3], [21, 10, 22, 11], [23, 5, 24, 4], [1, 12, 2, 13], [3, 18, 4, 19]]"
12a_0223_48,"[[4, 19, 5, 20], [6, 10, 7, 9], [8, 15, 9, 16], [10, 18, 11, 17], [12, 21, 13, 22], [14, 1, 15, 2], [16, 7, 17, 8], [18, 24, 19, 23], [20, 3, 21, 4], [22, 11, 23, 12], [24, 6, 1, 5], [2, 13, 3, 14]]"
12a_0223_49,"[[2, 13, 3, 14], [4, 19, 5, 20], [6, 10, 7, 9], [8, 15, 9, 16], [10, 18, 11, 17], [12, 21, 13, 22], [14, 1, 15, 2], [16, 7, 17, 8], [18, 24, 19, 23], [20, 3, 21, 4], [22, 11, 23, 12], [24, 6, 1, 5]]"
12a_0223_50,"[[24, 6, 1, 5], [2, 13, 3, 14], [4, 19, 5, 20], [6, 10, 7, 9], [8, 15, 9, 16], [10, 18, 11, 17], [12, 21, 13, 22], [14, 1, 15, 2], [16, 7, 17, 8], [18, 24, 19, 23], [20, 3, 21, 4], [22, 11, 23, 12]]"
12a_0223_51,"[[22, 11, 23, 12], [24, 6, 1, 5], [2, 13, 3, 14], [4, 19, 5, 20], [6, 10, 7, 9], [8, 15, 9, 16], [10, 18, 11, 17], [12, 21, 13, 22], [14, 1, 15, 2], [16, 7, 17, 8], [18, 24, 19, 23], [20, 3, 21, 4]]"
12a_0223_52,"[[20, 3, 21, 4], [22, 11, 23, 12], [24, 6, 1, 5], [2, 13, 3, 14], [4, 19, 5, 20], [6, 10, 7, 9], [8, 15, 9, 16], [10, 18, 11, 17], [12, 21, 13, 22], [14, 1, 15, 2], [16, 7, 17, 8], [18, 24, 19, 23]]"
12a_0223_53,"[[18, 24, 19, 23], [20, 3, 21, 4], [22, 11, 23, 12], [24, 6, 1, 5], [2, 13, 3, 14], [4, 19, 5, 20], [6, 10, 7, 9], [8, 15, 9, 16], [10, 18, 11, 17], [12, 21, 13, 22], [14, 1, 15, 2], [16, 7, 17, 8]]"
12a_0223_54,"[[16, 7, 17, 8], [18, 24, 19, 23], [20, 3, 21, 4], [22, 11, 23, 12], [24, 6, 1, 5], [2, 13, 3, 14], [4, 19, 5, 20], [6, 10, 7, 9], [8, 15, 9, 16], [10, 18, 11, 17], [12, 21, 13, 22], [14, 1, 15, 2]]"
12a_0223_55,"[[14, 1, 15, 2], [16, 7, 17, 8], [18, 24, 19, 23], [20, 3, 21, 4], [22, 11, 23, 12], [24, 6, 1, 5], [2, 13, 3, 14], [4, 19, 5, 20], [6, 10, 7, 9], [8, 15, 9, 16], [10, 18, 11, 17], [12, 21, 13, 22]]"
12a_0223_56,"[[12, 21, 13, 22], [14, 1, 15, 2], [16, 7, 17, 8], [18, 24, 19, 23], [20, 3, 21, 4], [22, 11, 23, 12], [24, 6, 1, 5], [2, 13, 3, 14], [4, 19, 5, 20], [6, 10, 7, 9], [8, 15, 9, 16], [10, 18, 11, 17]]"
12a_0223_57,"[[10, 18, 11, 17], [12, 21, 13, 22], [14, 1, 15, 2], [16, 7, 17, 8], [18, 24, 19, 23], [20, 3, 21, 4], [22, 11, 23, 12], [24, 6, 1, 5], [2, 13, 3, 14], [4, 19, 5, 20], [6, 10, 7, 9], [8, 15, 9, 16]]"
12a_0223_58,"[[8, 15, 9, 16], [10, 18, 11, 17], [12, 21, 13, 22], [14, 1, 15, 2], [16, 7, 17, 8], [18, 24, 19, 23], [20, 3, 21, 4], [22, 11, 23, 12], [24, 6, 1, 5], [2, 13, 3, 14], [4, 19, 5, 20], [6, 10, 7, 9]]"
12a_0223_59,"[[6, 10, 7, 9], [8, 15, 9, 16], [10, 18, 11, 17], [12, 21, 13, 22], [14, 1, 15, 2], [16, 7, 17, 8], [18, 24, 19, 23], [20, 3, 21, 4], [22, 11, 23, 12], [24, 6, 1, 5], [2, 13, 3, 14], [4, 19, 5, 20]]"
12a_0223_60,"[[5, 20, 6, 21], [7, 11, 8, 10], [9, 16, 10, 17], [11, 19, 12, 18], [13, 22, 14, 23], [15, 2, 16, 3], [17, 8, 18, 9], [19, 1, 20, 24], [21, 4, 22, 5], [23, 12, 24, 13], [1, 7, 2, 6], [3, 14, 4, 15]]"
12a_0223_61,"[[3, 14, 4, 15], [5, 20, 6, 21], [7, 11, 8, 10], [9, 16, 10, 17], [11, 19, 12, 18], [13, 22, 14, 23], [15, 2, 16, 3], [17, 8, 18, 9], [19, 1, 20, 24], [21, 4, 22, 5], [23, 12, 24, 13], [1, 7, 2, 6]]"
12a_0223_62,"[[1, 7, 2, 6], [3, 14, 4, 15], [5, 20, 6, 21], [7, 11, 8, 10], [9, 16, 10, 17], [11, 19, 12, 18], [13, 22, 14, 23], [15, 2, 16, 3], [17, 8, 18, 9], [19, 1, 20, 24], [21, 4, 22, 5], [23, 12, 24, 13]]"
12a_0223_63,"[[23, 12, 24, 13], [1, 7, 2, 6], [3, 14, 4, 15], [5, 20, 6, 21], [7, 11, 8, 10], [9, 16, 10, 17], [11, 19, 12, 18], [13, 22, 14, 23], [15, 2, 16, 3], [17, 8, 18, 9], [19, 1, 20, 24], [21, 4, 22, 5]]"
12a_0223_64,"[[21, 4, 22, 5], [23, 12, 24, 13], [1, 7, 2, 6], [3, 14, 4, 15], [5, 20, 6, 21], [7, 11, 8, 10], [9, 16, 10, 17], [11, 19, 12, 18], [13, 22, 14, 23], [15, 2, 16, 3], [17, 8, 18, 9], [19, 1, 20, 24]]"
12a_0223_65,"[[19, 1, 20, 24], [21, 4, 22, 5], [23, 12, 24, 13], [1, 7, 2, 6], [3, 14, 4, 15], [5, 20, 6, 21], [7, 11, 8, 10], [9, 16, 10, 17], [11, 19, 12, 18], [13, 22, 14, 23], [15, 2, 16, 3], [17, 8, 18, 9]]"
12a_0223_66,"[[17, 8, 18, 9], [19, 1, 20, 24], [21, 4, 22, 5], [23, 12, 24, 13], [1, 7, 2, 6], [3, 14, 4, 15], [5, 20, 6, 21], [7, 11, 8, 10], [9, 16, 10, 17], [11, 19, 12, 18], [13, 22, 14, 23], [15, 2, 16, 3]]"
12a_0223_67,"[[15, 2, 16, 3], [17, 8, 18, 9], [19, 1, 20, 24], [21, 4, 22, 5], [23, 12, 24, 13], [1, 7, 2, 6], [3, 14, 4, 15], [5, 20, 6, 21], [7, 11, 8, 10], [9, 16, 10, 17], [11, 19, 12, 18], [13, 22, 14, 23]]"
12a_0223_68,"[[13, 22, 14, 23], [15, 2, 16, 3], [17, 8, 18, 9], [19, 1, 20, 24], [21, 4, 22, 5], [23, 12, 24, 13], [1, 7, 2, 6], [3, 14, 4, 15], [5, 20, 6, 21], [7, 11, 8, 10], [9, 16, 10, 17], [11, 19, 12, 18]]"
12a_0223_69,"[[11, 19, 12, 18], [13, 22, 14, 23], [15, 2, 16, 3], [17, 8, 18, 9], [19, 1, 20, 24], [21, 4, 22, 5], [23, 12, 24, 13], [1, 7, 2, 6], [3, 14, 4, 15], [5, 20, 6, 21], [7, 11, 8, 10], [9, 16, 10, 17]]"
12a_0223_70,"[[9, 16, 10, 17], [11, 19, 12, 18], [13, 22, 14, 23], [15, 2, 16, 3], [17, 8, 18, 9], [19, 1, 20, 24], [21, 4, 22, 5], [23, 12, 24, 13], [1, 7, 2, 6], [3, 14, 4, 15], [5, 20, 6, 21], [7, 11, 8, 10]]"
12a_0223_71,"[[7, 11, 8, 10], [9, 16, 10, 17], [11, 19, 12, 18], [13, 22, 14, 23], [15, 2, 16, 3], [17, 8, 18, 9], [19, 1, 20, 24], [21, 4, 22, 5], [23, 12, 24, 13], [1, 7, 2, 6], [3, 14, 4, 15], [5, 20, 6, 21]]"
12a_0223_72,"[[6, 21, 7, 22], [8, 12, 9, 11], [10, 17, 11, 18], [12, 20, 13, 19], [14, 23, 15, 24], [16, 3, 17, 4], [18, 9, 19, 10], [20, 2, 21, 1], [22, 5, 23, 6], [24, 13, 1, 14], [2, 8, 3, 7], [4, 15, 5, 16]]"
12a_0223_73,"[[4, 15, 5, 16], [6, 21, 7, 22], [8, 12, 9, 11], [10, 17, 11, 18], [12, 20, 13, 19], [14, 23, 15, 24], [16, 3, 17, 4], [18, 9, 19, 10], [20, 2, 21, 1], [22, 5, 23, 6], [24, 13, 1, 14], [2, 8, 3, 7]]"
12a_0223_74,"[[2, 8, 3, 7], [4, 15, 5, 16], [6, 21, 7, 22], [8, 12, 9, 11], [10, 17, 11, 18], [12, 20, 13, 19], [14, 23, 15, 24], [16, 3, 17, 4], [18, 9, 19, 10], [20, 2, 21, 1], [22, 5, 23, 6], [24, 13, 1, 14]]"
12a_0223_75,"[[24, 13, 1, 14], [2, 8, 3, 7], [4, 15, 5, 16], [6, 21, 7, 22], [8, 12, 9, 11], [10, 17, 11, 18], [12, 20, 13, 19], [14, 23, 15, 24], [16, 3, 17, 4], [18, 9, 19, 10], [20, 2, 21, 1], [22, 5, 23, 6]]"
12a_0223_76,"[[22, 5, 23, 6], [24, 13, 1, 14], [2, 8, 3, 7], [4, 15, 5, 16], [6, 21, 7, 22], [8, 12, 9, 11], [10, 17, 11, 18], [12, 20, 13, 19], [14, 23, 15, 24], [16, 3, 17, 4], [18, 9, 19, 10], [20, 2, 21, 1]]"
12a_0223_77,"[[20, 2, 21, 1], [22, 5, 23, 6], [24, 13, 1, 14], [2, 8, 3, 7], [4, 15, 5, 16], [6, 21, 7, 22], [8, 12, 9, 11], [10, 17, 11, 18], [12, 20, 13, 19], [14, 23, 15, 24], [16, 3, 17, 4], [18, 9, 19, 10]]"
12a_0223_78,"[[18, 9, 19, 10], [20, 2, 21, 1], [22, 5, 23, 6], [24, 13, 1, 14], [2, 8, 3, 7], [4, 15, 5, 16], [6, 21, 7, 22], [8, 12, 9, 11], [10, 17, 11, 18], [12, 20, 13, 19], [14, 23, 15, 24], [16, 3, 17, 4]]"
12a_0223_79,"[[16, 3, 17, 4], [18, 9, 19, 10], [20, 2, 21, 1], [22, 5, 23, 6], [24, 13, 1, 14], [2, 8, 3, 7], [4, 15, 5, 16], [6, 21, 7, 22], [8, 12, 9, 11], [10, 17, 11, 18], [12, 20, 13, 19], [14, 23, 15, 24]]"
12a_0223_80,"[[14, 23, 15, 24], [16, 3, 17, 4], [18, 9, 19, 10], [20, 2, 21, 1], [22, 5, 23, 6], [24, 13, 1, 14], [2, 8, 3, 7], [4, 15, 5, 16], [6, 21, 7, 22], [8, 12, 9, 11], [10, 17, 11, 18], [12, 20, 13, 19]]"
12a_0223_81,"[[12, 20, 13, 19], [14, 23, 15, 24], [16, 3, 17, 4], [18, 9, 19, 10], [20, 2, 21, 1], [22, 5, 23, 6], [24, 13, 1, 14], [2, 8, 3, 7], [4, 15, 5, 16], [6, 21, 7, 22], [8, 12, 9, 11], [10, 17, 11, 18]]"
12a_0223_82,"[[10, 17, 11, 18], [12, 20, 13, 19], [14, 23, 15, 24], [16, 3, 17, 4], [18, 9, 19, 10], [20, 2, 21, 1], [22, 5, 23, 6], [24, 13, 1, 14], [2, 8, 3, 7], [4, 15, 5, 16], [6, 21, 7, 22], [8, 12, 9, 11]]"
12a_0223_83,"[[8, 12, 9, 11], [10, 17, 11, 18], [12, 20, 13, 19], [14, 23, 15, 24], [16, 3, 17, 4], [18, 9, 19, 10], [20, 2, 21, 1], [22, 5, 23, 6], [24, 13, 1, 14], [2, 8, 3, 7], [4, 15, 5, 16], [6, 21, 7, 22]]"
12a_0223_84,"[[7, 22, 8, 23], [9, 13, 10, 12], [11, 18, 12, 19], [13, 21, 14, 20], [15, 24, 16, 1], [17, 4, 18, 5], [19, 10, 20, 11], [21, 3, 22, 2], [23, 6, 24, 7], [1, 14, 2, 15], [3, 9, 4, 8], [5, 16, 6, 17]]"
12a_0223_85,"[[5, 16, 6, 17], [7, 22, 8, 23], [9, 13, 10, 12], [11, 18, 12, 19], [13, 21, 14, 20], [15, 24, 16, 1], [17, 4, 18, 5], [19, 10, 20, 11], [21, 3, 22, 2], [23, 6, 24, 7], [1, 14, 2, 15], [3, 9, 4, 8]]"
12a_0223_86,"[[3, 9, 4, 8], [5, 16, 6, 17], [7, 22, 8, 23], [9, 13, 10, 12], [11, 18, 12, 19], [13, 21, 14, 20], [15, 24, 16, 1], [17, 4, 18, 5], [19, 10, 20, 11], [21, 3, 22, 2], [23, 6, 24, 7], [1, 14, 2, 15]]"
12a_0223_87,"[[1, 14, 2, 15], [3, 9, 4, 8], [5, 16, 6, 17], [7, 22, 8, 23], [9, 13, 10, 12], [11, 18, 12, 19], [13, 21, 14, 20], [15, 24, 16, 1], [17, 4, 18, 5], [19, 10, 20, 11], [21, 3, 22, 2], [23, 6, 24, 7]]"
12a_0223_88,"[[23, 6, 24, 7], [1, 14, 2, 15], [3, 9, 4, 8], [5, 16, 6, 17], [7, 22, 8, 23], [9, 13, 10, 12], [11, 18, 12, 19], [13, 21, 14, 20], [15, 24, 16, 1], [17, 4, 18, 5], [19, 10, 20, 11], [21, 3, 22, 2]]"
12a_0223_89,"[[21, 3, 22, 2], [23, 6, 24, 7], [1, 14, 2, 15], [3, 9, 4, 8], [5, 16, 6, 17], [7, 22, 8, 23], [9, 13, 10, 12], [11, 18, 12, 19], [13, 21, 14, 20], [15, 24, 16, 1], [17, 4, 18, 5], [19, 10, 20, 11]]"
12a_0223_90,"[[19, 10, 20, 11], [21, 3, 22, 2], [23, 6, 24, 7], [1, 14, 2, 15], [3, 9, 4, 8], [5, 16, 6, 17], [7, 22, 8, 23], [9, 13, 10, 12], [11, 18, 12, 19], [13, 21, 14, 20], [15, 24, 16, 1], [17, 4, 18, 5]]"
12a_0223_91,"[[17, 4, 18, 5], [19, 10, 20, 11], [21, 3, 22, 2], [23, 6, 24, 7], [1, 14, 2, 15], [3, 9, 4, 8], [5, 16, 6, 17], [7, 22, 8, 23], [9, 13, 10, 12], [11, 18, 12, 19], [13, 21, 14, 20], [15, 24, 16, 1]]"
12a_0223_92,"[[15, 24, 16, 1], [17, 4, 18, 5], [19, 10, 20, 11], [21, 3, 22, 2], [23, 6, 24, 7], [1, 14, 2, 15], [3, 9, 4, 8], [5, 16, 6, 17], [7, 22, 8, 23], [9, 13, 10, 12], [11, 18, 12, 19], [13, 21, 14, 20]]"
12a_0223_93,"[[13, 21, 14, 20], [15, 24, 16, 1], [17, 4, 18, 5], [19, 10, 20, 11], [21, 3, 22, 2], [23, 6, 24, 7], [1, 14, 2, 15], [3, 9, 4, 8], [5, 16, 6, 17], [7, 22, 8, 23], [9, 13, 10, 12], [11, 18, 12, 19]]"
12a_0223_94,"[[11, 18, 12, 19], [13, 21, 14, 20], [15, 24, 16, 1], [17, 4, 18, 5], [19, 10, 20, 11], [21, 3, 22, 2], [23, 6, 24, 7], [1, 14, 2, 15], [3, 9, 4, 8], [5, 16, 6, 17], [7, 22, 8, 23], [9, 13, 10, 12]]"
12a_0223_95,"[[9, 13, 10, 12], [11, 18, 12, 19], [13, 21, 14, 20], [15, 24, 16, 1], [17, 4, 18, 5], [19, 10, 20, 11], [21, 3, 22, 2], [23, 6, 24, 7], [1, 14, 2, 15], [3, 9, 4, 8], [5, 16, 6, 17], [7, 22, 8, 23]]"
12a_0223_96,"[[8, 23, 9, 24], [10, 14, 11, 13], [12, 19, 13, 20], [14, 22, 15, 21], [16, 1, 17, 2], [18, 5, 19, 6], [20, 11, 21, 12], [22, 4, 23, 3], [24, 7, 1, 8], [2, 15, 3, 16], [4, 10, 5, 9], [6, 17, 7, 18]]"
12a_0223_97,"[[6, 17, 7, 18], [8, 23, 9, 24], [10, 14, 11, 13], [12, 19, 13, 20], [14, 22, 15, 21], [16, 1, 17, 2], [18, 5, 19, 6], [20, 11, 21, 12], [22, 4, 23, 3], [24, 7, 1, 8], [2, 15, 3, 16], [4, 10, 5, 9]]"
12a_0223_98,"[[4, 10, 5, 9], [6, 17, 7, 18], [8, 23, 9, 24], [10, 14, 11, 13], [12, 19, 13, 20], [14, 22, 15, 21], [16, 1, 17, 2], [18, 5, 19, 6], [20, 11, 21, 12], [22, 4, 23, 3], [24, 7, 1, 8], [2, 15, 3, 16]]"
12a_0223_99,"[[2, 15, 3, 16], [4, 10, 5, 9], [6, 17, 7, 18], [8, 23, 9, 24], [10, 14, 11, 13], [12, 19, 13, 20], [14, 22, 15, 21], [16, 1, 17, 2], [18, 5, 19, 6], [20, 11, 21, 12], [22, 4, 23, 3], [24, 7, 1, 8]]"
12a_0223_100,"[[24, 7, 1, 8], [2, 15, 3, 16], [4, 10, 5, 9], [6, 17, 7, 18], [8, 23, 9, 24], [10, 14, 11, 13], [12, 19, 13, 20], [14, 22, 15, 21], [16, 1, 17, 2], [18, 5, 19, 6], [20, 11, 21, 12], [22, 4, 23, 3]]"
12a_0223_101,"[[22, 4, 23, 3], [24, 7, 1, 8], [2, 15, 3, 16], [4, 10, 5, 9], [6, 17, 7, 18], [8, 23, 9, 24], [10, 14, 11, 13], [12, 19, 13, 20], [14, 22, 15, 21], [16, 1, 17, 2], [18, 5, 19, 6], [20, 11, 21, 12]]"
12a_0223_102,"[[20, 11, 21, 12], [22, 4, 23, 3], [24, 7, 1, 8], [2, 15, 3, 16], [4, 10, 5, 9], [6, 17, 7, 18], [8, 23, 9, 24], [10, 14, 11, 13], [12, 19, 13, 20], [14, 22, 15, 21], [16, 1, 17, 2], [18, 5, 19, 6]]"
12a_0223_103,"[[18, 5, 19, 6], [20, 11, 21, 12], [22, 4, 23, 3], [24, 7, 1, 8], [2, 15, 3, 16], [4, 10, 5, 9], [6, 17, 7, 18], [8, 23, 9, 24], [10, 14, 11, 13], [12, 19, 13, 20], [14, 22, 15, 21], [16, 1, 17, 2]]"
12a_0223_104,"[[16, 1, 17, 2], [18, 5, 19, 6], [20, 11, 21, 12], [22, 4, 23, 3], [24, 7, 1, 8], [2, 15, 3, 16], [4, 10, 5, 9], [6, 17, 7, 18], [8, 23, 9, 24], [10, 14, 11, 13], [12, 19, 13, 20], [14, 22, 15, 21]]"
12a_0223_105,"[[14, 22, 15, 21], [16, 1, 17, 2], [18, 5, 19, 6], [20, 11, 21, 12], [22, 4, 23, 3], [24, 7, 1, 8], [2, 15, 3, 16], [4, 10, 5, 9], [6, 17, 7, 18], [8, 23, 9, 24], [10, 14, 11, 13], [12, 19, 13, 20]]"
12a_0223_106,"[[12, 19, 13, 20], [14, 22, 15, 21], [16, 1, 17, 2], [18, 5, 19, 6], [20, 11, 21, 12], [22, 4, 23, 3], [24, 7, 1, 8], [2, 15, 3, 16], [4, 10, 5, 9], [6, 17, 7, 18], [8, 23, 9, 24], [10, 14, 11, 13]]"
12a_0223_107,"[[10, 14, 11, 13], [12, 19, 13, 20], [14, 22, 15, 21], [16, 1, 17, 2], [18, 5, 19, 6], [20, 11, 21, 12], [22, 4, 23, 3], [24, 7, 1, 8], [2, 15, 3, 16], [4, 10, 5, 9], [6, 17, 7, 18], [8, 23, 9, 24]]"
12a_0223_108,"[[9, 24, 10, 1], [11, 15, 12, 14], [13, 20, 14, 21], [15, 23, 16, 22], [17, 2, 18, 3], [19, 6, 20, 7], [21, 12, 22, 13], [23, 5, 24, 4], [1, 8, 2, 9], [3, 16, 4, 17], [5, 11, 6, 10], [7, 18, 8, 19]]"
12a_0223_109,"[[7, 18, 8, 19], [9, 24, 10, 1], [11, 15, 12, 14], [13, 20, 14, 21], [15, 23, 16, 22], [17, 2, 18, 3], [19, 6, 20, 7], [21, 12, 22, 13], [23, 5, 24, 4], [1, 8, 2, 9], [3, 16, 4, 17], [5, 11, 6, 10]]"
12a_0223_110,"[[5, 11, 6, 10], [7, 18, 8, 19], [9, 24, 10, 1], [11, 15, 12, 14], [13, 20, 14, 21], [15, 23, 16, 22], [17, 2, 18, 3], [19, 6, 20, 7], [21, 12, 22, 13], [23, 5, 24, 4], [1, 8, 2, 9], [3, 16, 4, 17]]"
12a_0223_111,"[[3, 16, 4, 17], [5, 11, 6, 10], [7, 18, 8, 19], [9, 24, 10, 1], [11, 15, 12, 14], [13, 20, 14, 21], [15, 23, 16, 22], [17, 2, 18, 3], [19, 6, 20, 7], [21, 12, 22, 13], [23, 5, 24, 4], [1, 8, 2, 9]]"
12a_0223_112,"[[1, 8, 2, 9], [3, 16, 4, 17], [5, 11, 6, 10], [7, 18, 8, 19], [9, 24, 10, 1], [11, 15, 12, 14], [13, 20, 14, 21], [15, 23, 16, 22], [17, 2, 18, 3], [19, 6, 20, 7], [21, 12, 22, 13], [23, 5, 24, 4]]"
12a_0223_113,"[[23, 5, 24, 4], [1, 8, 2, 9], [3, 16, 4, 17], [5, 11, 6, 10], [7, 18, 8, 19], [9, 24, 10, 1], [11, 15, 12, 14], [13, 20, 14, 21], [15, 23, 16, 22], [17, 2, 18, 3], [19, 6, 20, 7], [21, 12, 22, 13]]"
12a_0223_114,"[[21, 12, 22, 13], [23, 5, 24, 4], [1, 8, 2, 9], [3, 16, 4, 17], [5, 11, 6, 10], [7, 18, 8, 19], [9, 24, 10, 1], [11, 15, 12, 14], [13, 20, 14, 21], [15, 23, 16, 22], [17, 2, 18, 3], [19, 6, 20, 7]]"
12a_0223_115,"[[19, 6, 20, 7], [21, 12, 22, 13], [23, 5, 24, 4], [1, 8, 2, 9], [3, 16, 4, 17], [5, 11, 6, 10], [7, 18, 8, 19], [9, 24, 10, 1], [11, 15, 12, 14], [13, 20, 14, 21], [15, 23, 16, 22], [17, 2, 18, 3]]"
12a_0223_116,"[[17, 2, 18, 3], [19, 6, 20, 7], [21, 12, 22, 13], [23, 5, 24, 4], [1, 8, 2, 9], [3, 16, 4, 17], [5, 11, 6, 10], [7, 18, 8, 19], [9, 24, 10, 1], [11, 15, 12, 14], [13, 20, 14, 21], [15, 23, 16, 22]]"
12a_0223_117,"[[15, 23, 16, 22], [17, 2, 18, 3], [19, 6, 20, 7], [21, 12, 22, 13], [23, 5, 24, 4], [1, 8, 2, 9], [3, 16, 4, 17], [5, 11, 6, 10], [7, 18, 8, 19], [9, 24, 10, 1], [11, 15, 12, 14], [13, 20, 14, 21]]"
12a_0223_118,"[[13, 20, 14, 21], [15, 23, 16, 22], [17, 2, 18, 3], [19, 6, 20, 7], [21, 12, 22, 13], [23, 5, 24, 4], [1, 8, 2, 9], [3, 16, 4, 17], [5, 11, 6, 10], [7, 18, 8, 19], [9, 24, 10, 1], [11, 15, 12, 14]]"
12a_0223_119,"[[11, 15, 12, 14], [13, 20, 14, 21], [15, 23, 16, 22], [17, 2, 18, 3], [19, 6, 20, 7], [21, 12, 22, 13], [23, 5, 24, 4], [1, 8, 2, 9], [3, 16, 4, 17], [5, 11, 6, 10], [7, 18, 8, 19], [9, 24, 10, 1]]"
12a_0223_120,"[[10, 1, 11, 2], [12, 16, 13, 15], [14, 21, 15, 22], [16, 24, 17, 23], [18, 3, 19, 4], [20, 7, 21, 8], [22, 13, 23, 14], [24, 6, 1, 5], [2, 9, 3, 10], [4, 17, 5, 18], [6, 12, 7, 11], [8, 19, 9, 20]]"
12a_0223_121,"[[8, 19, 9, 20], [10, 1, 11, 2], [12, 16, 13, 15], [14, 21, 15, 22], [16, 24, 17, 23], [18, 3, 19, 4], [20, 7, 21, 8], [22, 13, 23, 14], [24, 6, 1, 5], [2, 9, 3, 10], [4, 17, 5, 18], [6, 12, 7, 11]]"
12a_0223_122,"[[6, 12, 7, 11], [8, 19, 9, 20], [10, 1, 11, 2], [12, 16, 13, 15], [14, 21, 15, 22], [16, 24, 17, 23], [18, 3, 19, 4], [20, 7, 21, 8], [22, 13, 23, 14], [24, 6, 1, 5], [2, 9, 3, 10], [4, 17, 5, 18]]"
12a_0223_123,"[[4, 17, 5, 18], [6, 12, 7, 11], [8, 19, 9, 20], [10, 1, 11, 2], [12, 16, 13, 15], [14, 21, 15, 22], [16, 24, 17, 23], [18, 3, 19, 4], [20, 7, 21, 8], [22, 13, 23, 14], [24, 6, 1, 5], [2, 9, 3, 10]]"
12a_0223_124,"[[2, 9, 3, 10], [4, 17, 5, 18], [6, 12, 7, 11], [8, 19, 9, 20], [10, 1, 11, 2], [12, 16, 13, 15], [14, 21, 15, 22], [16, 24, 17, 23], [18, 3, 19, 4], [20, 7, 21, 8], [22, 13, 23, 14], [24, 6, 1, 5]]"
12a_0223_125,"[[24, 6, 1, 5], [2, 9, 3, 10], [4, 17, 5, 18], [6, 12, 7, 11], [8, 19, 9, 20], [10, 1, 11, 2], [12, 16, 13, 15], [14, 21, 15, 22], [16, 24, 17, 23], [18, 3, 19, 4], [20, 7, 21, 8], [22, 13, 23, 14]]"
12a_0223_126,"[[22, 13, 23, 14], [24, 6, 1, 5], [2, 9, 3, 10], [4, 17, 5, 18], [6, 12, 7, 11], [8, 19, 9, 20], [10, 1, 11, 2], [12, 16, 13, 15], [14, 21, 15, 22], [16, 24, 17, 23], [18, 3, 19, 4], [20, 7, 21, 8]]"
12a_0223_127,"[[20, 7, 21, 8], [22, 13, 23, 14], [24, 6, 1, 5], [2, 9, 3, 10], [4, 17, 5, 18], [6, 12, 7, 11], [8, 19, 9, 20], [10, 1, 11, 2], [12, 16, 13, 15], [14, 21, 15, 22], [16, 24, 17, 23], [18, 3, 19, 4]]"
12a_0223_128,"[[18, 3, 19, 4], [20, 7, 21, 8], [22, 13, 23, 14], [24, 6, 1, 5], [2, 9, 3, 10], [4, 17, 5, 18], [6, 12, 7, 11], [8, 19, 9, 20], [10, 1, 11, 2], [12, 16, 13, 15], [14, 21, 15, 22], [16, 24, 17, 23]]"
12a_0223_129,"[[16, 24, 17, 23], [18, 3, 19, 4], [20, 7, 21, 8], [22, 13, 23, 14], [24, 6, 1, 5], [2, 9, 3, 10], [4, 17, 5, 18], [6, 12, 7, 11], [8, 19, 9, 20], [10, 1, 11, 2], [12, 16, 13, 15], [14, 21, 15, 22]]"
12a_0223_130,"[[14, 21, 15, 22], [16, 24, 17, 23], [18, 3, 19, 4], [20, 7, 21, 8], [22, 13, 23, 14], [24, 6, 1, 5], [2, 9, 3, 10], [4, 17, 5, 18], [6, 12, 7, 11], [8, 19, 9, 20], [10, 1, 11, 2], [12, 16, 13, 15]]"
12a_0223_131,"[[12, 16, 13, 15], [14, 21, 15, 22], [16, 24, 17, 23], [18, 3, 19, 4], [20, 7, 21, 8], [22, 13, 23, 14], [24, 6, 1, 5], [2, 9, 3, 10], [4, 17, 5, 18], [6, 12, 7, 11], [8, 19, 9, 20], [10, 1, 11, 2]]"
12a_0223_132,"[[11, 2, 12, 3], [13, 17, 14, 16], [15, 22, 16, 23], [17, 1, 18, 24], [19, 4, 20, 5], [21, 8, 22, 9], [23, 14, 24, 15], [1, 7, 2, 6], [3, 10, 4, 11], [5, 18, 6, 19], [7, 13, 8, 12], [9, 20, 10, 21]]"
12a_0223_133,"[[9, 20, 10, 21], [11, 2, 12, 3], [13, 17, 14, 16], [15, 22, 16, 23], [17, 1, 18, 24], [19, 4, 20, 5], [21, 8, 22, 9], [23, 14, 24, 15], [1, 7, 2, 6], [3, 10, 4, 11], [5, 18, 6, 19], [7, 13, 8, 12]]"
12a_0223_134,"[[7, 13, 8, 12], [9, 20, 10, 21], [11, 2, 12, 3], [13, 17, 14, 16], [15, 22, 16, 23], [17, 1, 18, 24], [19, 4, 20, 5], [21, 8, 22, 9], [23, 14, 24, 15], [1, 7, 2, 6], [3, 10, 4, 11], [5, 18, 6, 19]]"
12a_0223_135,"[[5, 18, 6, 19], [7, 13, 8, 12], [9, 20, 10, 21], [11, 2, 12, 3], [13, 17, 14, 16], [15, 22, 16, 23], [17, 1, 18, 24], [19, 4, 20, 5], [21, 8, 22, 9], [23, 14, 24, 15], [1, 7, 2, 6], [3, 10, 4, 11]]"
12a_0223_136,"[[3, 10, 4, 11], [5, 18, 6, 19], [7, 13, 8, 12], [9, 20, 10, 21], [11, 2, 12, 3], [13, 17, 14, 16], [15, 22, 16, 23], [17, 1, 18, 24], [19, 4, 20, 5], [21, 8, 22, 9], [23, 14, 24, 15], [1, 7, 2, 6]]"
12a_0223_137,"[[1, 7, 2, 6], [3, 10, 4, 11], [5, 18, 6, 19], [7, 13, 8, 12], [9, 20, 10, 21], [11, 2, 12, 3], [13, 17, 14, 16], [15, 22, 16, 23], [17, 1, 18, 24], [19, 4, 20, 5], [21, 8, 22, 9], [23, 14, 24, 15]]"
12a_0223_138,"[[23, 14, 24, 15], [1, 7, 2, 6], [3, 10, 4, 11], [5, 18, 6, 19], [7, 13, 8, 12], [9, 20, 10, 21], [11, 2, 12, 3], [13, 17, 14, 16], [15, 22, 16, 23], [17, 1, 18, 24], [19, 4, 20, 5], [21, 8, 22, 9]]"
12a_0223_139,"[[21, 8, 22, 9], [23, 14, 24, 15], [1, 7, 2, 6], [3, 10, 4, 11], [5, 18, 6, 19], [7, 13, 8, 12], [9, 20, 10, 21], [11, 2, 12, 3], [13, 17, 14, 16], [15, 22, 16, 23], [17, 1, 18, 24], [19, 4, 20, 5]]"
12a_0223_140,"[[19, 4, 20, 5], [21, 8, 22, 9], [23, 14, 24, 15], [1, 7, 2, 6], [3, 10, 4, 11], [5, 18, 6, 19], [7, 13, 8, 12], [9, 20, 10, 21], [11, 2, 12, 3], [13, 17, 14, 16], [15, 22, 16, 23], [17, 1, 18, 24]]"
12a_0223_141,"[[17, 1, 18, 24], [19, 4, 20, 5], [21, 8, 22, 9], [23, 14, 24, 15], [1, 7, 2, 6], [3, 10, 4, 11], [5, 18, 6, 19], [7, 13, 8, 12], [9, 20, 10, 21], [11, 2, 12, 3], [13, 17, 14, 16], [15, 22, 16, 23]]"
12a_0223_142,"[[15, 22, 16, 23], [17, 1, 18, 24], [19, 4, 20, 5], [21, 8, 22, 9], [23, 14, 24, 15], [1, 7, 2, 6], [3, 10, 4, 11], [5, 18, 6, 19], [7, 13, 8, 12], [9, 20, 10, 21], [11, 2, 12, 3], [13, 17, 14, 16]]"
12a_0223_143,"[[13, 17, 14, 16], [15, 22, 16, 23], [17, 1, 18, 24], [19, 4, 20, 5], [21, 8, 22, 9], [23, 14, 24, 15], [1, 7, 2, 6], [3, 10, 4, 11], [5, 18, 6, 19], [7, 13, 8, 12], [9, 20, 10, 21], [11, 2, 12, 3]]"
12a_0223_144,"[[12, 3, 13, 4], [14, 18, 15, 17], [16, 23, 17, 24], [18, 2, 19, 1], [20, 5, 21, 6], [22, 9, 23, 10], [24, 15, 1, 16], [2, 8, 3, 7], [4, 11, 5, 12], [6, 19, 7, 20], [8, 14, 9, 13], [10, 21, 11, 22]]"
12a_0223_145,"[[10, 21, 11, 22], [12, 3, 13, 4], [14, 18, 15, 17], [16, 23, 17, 24], [18, 2, 19, 1], [20, 5, 21, 6], [22, 9, 23, 10], [24, 15, 1, 16], [2, 8, 3, 7], [4, 11, 5, 12], [6, 19, 7, 20], [8, 14, 9, 13]]"
12a_0223_146,"[[8, 14, 9, 13], [10, 21, 11, 22], [12, 3, 13, 4], [14, 18, 15, 17], [16, 23, 17, 24], [18, 2, 19, 1], [20, 5, 21, 6], [22, 9, 23, 10], [24, 15, 1, 16], [2, 8, 3, 7], [4, 11, 5, 12], [6, 19, 7, 20]]"
12a_0223_147,"[[6, 19, 7, 20], [8, 14, 9, 13], [10, 21, 11, 22], [12, 3, 13, 4], [14, 18, 15, 17], [16, 23, 17, 24], [18, 2, 19, 1], [20, 5, 21, 6], [22, 9, 23, 10], [24, 15, 1, 16], [2, 8, 3, 7], [4, 11, 5, 12]]"
12a_0223_148,"[[4, 11, 5, 12], [6, 19, 7, 20], [8, 14, 9, 13], [10, 21, 11, 22], [12, 3, 13, 4], [14, 18, 15, 17], [16, 23, 17, 24], [18, 2, 19, 1], [20, 5, 21, 6], [22, 9, 23, 10], [24, 15, 1, 16], [2, 8, 3, 7]]"
12a_0223_149,"[[2, 8, 3, 7], [4, 11, 5, 12], [6, 19, 7, 20], [8, 14, 9, 13], [10, 21, 11, 22], [12, 3, 13, 4], [14, 18, 15, 17], [16, 23, 17, 24], [18, 2, 19, 1], [20, 5, 21, 6], [22, 9, 23, 10], [24, 15, 1, 16]]"
12a_0223_150,"[[24, 15, 1, 16], [2, 8, 3, 7], [4, 11, 5, 12], [6, 19, 7, 20], [8, 14, 9, 13], [10, 21, 11, 22], [12, 3, 13, 4], [14, 18, 15, 17], [16, 23, 17, 24], [18, 2, 19, 1], [20, 5, 21, 6], [22, 9, 23, 10]]"
12a_0223_151,"[[22, 9, 23, 10], [24, 15, 1, 16], [2, 8, 3, 7], [4, 11, 5, 12], [6, 19, 7, 20], [8, 14, 9, 13], [10, 21, 11, 22], [12, 3, 13, 4], [14, 18, 15, 17], [16, 23, 17, 24], [18, 2, 19, 1], [20, 5, 21, 6]]"
12a_0223_152,"[[20, 5, 21, 6], [22, 9, 23, 10], [24, 15, 1, 16], [2, 8, 3, 7], [4, 11, 5, 12], [6, 19, 7, 20], [8, 14, 9, 13], [10, 21, 11, 22], [12, 3, 13, 4], [14, 18, 15, 17], [16, 23, 17, 24], [18, 2, 19, 1]]"
12a_0223_153,"[[18, 2, 19, 1], [20, 5, 21, 6], [22, 9, 23, 10], [24, 15, 1, 16], [2, 8, 3, 7], [4, 11, 5, 12], [6, 19, 7, 20], [8, 14, 9, 13], [10, 21, 11, 22], [12, 3, 13, 4], [14, 18, 15, 17], [16, 23, 17, 24]]"
12a_0223_154,"[[16, 23, 17, 24], [18, 2, 19, 1], [20, 5, 21, 6], [22, 9, 23, 10], [24, 15, 1, 16], [2, 8, 3, 7], [4, 11, 5, 12], [6, 19, 7, 20], [8, 14, 9, 13], [10, 21, 11, 22], [12, 3, 13, 4], [14, 18, 15, 17]]"
12a_0223_155,"[[14, 18, 15, 17], [16, 23, 17, 24], [18, 2, 19, 1], [20, 5, 21, 6], [22, 9, 23, 10], [24, 15, 1, 16], [2, 8, 3, 7], [4, 11, 5, 12], [6, 19, 7, 20], [8, 14, 9, 13], [10, 21, 11, 22], [12, 3, 13, 4]]"
12a_0223_156,"[[13, 4, 14, 5], [15, 19, 16, 18], [17, 24, 18, 1], [19, 3, 20, 2], [21, 6, 22, 7], [23, 10, 24, 11], [1, 16, 2, 17], [3, 9, 4, 8], [5, 12, 6, 13], [7, 20, 8, 21], [9, 15, 10, 14], [11, 22, 12, 23]]"
12a_0223_157,"[[11, 22, 12, 23], [13, 4, 14, 5], [15, 19, 16, 18], [17, 24, 18, 1], [19, 3, 20, 2], [21, 6, 22, 7], [23, 10, 24, 11], [1, 16, 2, 17], [3, 9, 4, 8], [5, 12, 6, 13], [7, 20, 8, 21], [9, 15, 10, 14]]"
12a_0223_158,"[[9, 15, 10, 14], [11, 22, 12, 23], [13, 4, 14, 5], [15, 19, 16, 18], [17, 24, 18, 1], [19, 3, 20, 2], [21, 6, 22, 7], [23, 10, 24, 11], [1, 16, 2, 17], [3, 9, 4, 8], [5, 12, 6, 13], [7, 20, 8, 21]]"
12a_0223_159,"[[7, 20, 8, 21], [9, 15, 10, 14], [11, 22, 12, 23], [13, 4, 14, 5], [15, 19, 16, 18], [17, 24, 18, 1], [19, 3, 20, 2], [21, 6, 22, 7], [23, 10, 24, 11], [1, 16, 2, 17], [3, 9, 4, 8], [5, 12, 6, 13]]"
12a_0223_160,"[[5, 12, 6, 13], [7, 20, 8, 21], [9, 15, 10, 14], [11, 22, 12, 23], [13, 4, 14, 5], [15, 19, 16, 18], [17, 24, 18, 1], [19, 3, 20, 2], [21, 6, 22, 7], [23, 10, 24, 11], [1, 16, 2, 17], [3, 9, 4, 8]]"
12a_0223_161,"[[3, 9, 4, 8], [5, 12, 6, 13], [7, 20, 8, 21], [9, 15, 10, 14], [11, 22, 12, 23], [13, 4, 14, 5], [15, 19, 16, 18], [17, 24, 18, 1], [19, 3, 20, 2], [21, 6, 22, 7], [23, 10, 24, 11], [1, 16, 2, 17]]"
12a_0223_162,"[[1, 16, 2, 17], [3, 9, 4, 8], [5, 12, 6, 13], [7, 20, 8, 21], [9, 15, 10, 14], [11, 22, 12, 23], [13, 4, 14, 5], [15, 19, 16, 18], [17, 24, 18, 1], [19, 3, 20, 2], [21, 6, 22, 7], [23, 10, 24, 11]]"
12a_0223_163,"[[23, 10, 24, 11], [1, 16, 2, 17], [3, 9, 4, 8], [5, 12, 6, 13], [7, 20, 8, 21], [9, 15, 10, 14], [11, 22, 12, 23], [13, 4, 14, 5], [15, 19, 16, 18], [17, 24, 18, 1], [19, 3, 20, 2], [21, 6, 22, 7]]"
12a_0223_164,"[[21, 6, 22, 7], [23, 10, 24, 11], [1, 16, 2, 17], [3, 9, 4, 8], [5, 12, 6, 13], [7, 20, 8, 21], [9, 15, 10, 14], [11, 22, 12, 23], [13, 4, 14, 5], [15, 19, 16, 18], [17, 24, 18, 1], [19, 3, 20, 2]]"
12a_0223_165,"[[19, 3, 20, 2], [21, 6, 22, 7], [23, 10, 24, 11], [1, 16, 2, 17], [3, 9, 4, 8], [5, 12, 6, 13], [7, 20, 8, 21], [9, 15, 10, 14], [11, 22, 12, 23], [13, 4, 14, 5], [15, 19, 16, 18], [17, 24, 18, 1]]"
12a_0223_166,"[[17, 24, 18, 1], [19, 3, 20, 2], [21, 6, 22, 7], [23, 10, 24, 11], [1, 16, 2, 17], [3, 9, 4, 8], [5, 12, 6, 13], [7, 20, 8, 21], [9, 15, 10, 14], [11, 22, 12, 23], [13, 4, 14, 5], [15, 19, 16, 18]]"
12a_0223_167,"[[15, 19, 16, 18], [17, 24, 18, 1], [19, 3, 20, 2], [21, 6, 22, 7], [23, 10, 24, 11], [1, 16, 2, 17], [3, 9, 4, 8], [5, 12, 6, 13], [7, 20, 8, 21], [9, 15, 10, 14], [11, 22, 12, 23], [13, 4, 14, 5]]"
12a_0223_168,"[[14, 5, 15, 6], [16, 20, 17, 19], [18, 1, 19, 2], [20, 4, 21, 3], [22, 7, 23, 8], [24, 11, 1, 12], [2, 17, 3, 18], [4, 10, 5, 9], [6, 13, 7, 14], [8, 21, 9, 22], [10, 16, 11, 15], [12, 23, 13, 24]]"
12a_0223_169,"[[12, 23, 13, 24], [14, 5, 15, 6], [16, 20, 17, 19], [18, 1, 19, 2], [20, 4, 21, 3], [22, 7, 23, 8], [24, 11, 1, 12], [2, 17, 3, 18], [4, 10, 5, 9], [6, 13, 7, 14], [8, 21, 9, 22], [10, 16, 11, 15]]"
12a_0223_170,"[[10, 16, 11, 15], [12, 23, 13, 24], [14, 5, 15, 6], [16, 20, 17, 19], [18, 1, 19, 2], [20, 4, 21, 3], [22, 7, 23, 8], [24, 11, 1, 12], [2, 17, 3, 18], [4, 10, 5, 9], [6, 13, 7, 14], [8, 21, 9, 22]]"
12a_0223_171,"[[8, 21, 9, 22], [10, 16, 11, 15], [12, 23, 13, 24], [14, 5, 15, 6], [16, 20, 17, 19], [18, 1, 19, 2], [20, 4, 21, 3], [22, 7, 23, 8], [24, 11, 1, 12], [2, 17, 3, 18], [4, 10, 5, 9], [6, 13, 7, 14]]"
12a_0223_172,"[[6, 13, 7, 14], [8, 21, 9, 22], [10, 16, 11, 15], [12, 23, 13, 24], [14, 5, 15, 6], [16, 20, 17, 19], [18, 1, 19, 2], [20, 4, 21, 3], [22, 7, 23, 8], [24, 11, 1, 12], [2, 17, 3, 18], [4, 10, 5, 9]]"
12a_0223_173,"[[4, 10, 5, 9], [6, 13, 7, 14], [8, 21, 9, 22], [10, 16, 11, 15], [12, 23, 13, 24], [14, 5, 15, 6], [16, 20, 17, 19], [18, 1, 19, 2], [20, 4, 21, 3], [22, 7, 23, 8], [24, 11, 1, 12], [2, 17, 3, 18]]"
12a_0223_174,"[[2, 17, 3, 18], [4, 10, 5, 9], [6, 13, 7, 14], [8, 21, 9, 22], [10, 16, 11, 15], [12, 23, 13, 24], [14, 5, 15, 6], [16, 20, 17, 19], [18, 1, 19, 2], [20, 4, 21, 3], [22, 7, 23, 8], [24, 11, 1, 12]]"
12a_0223_175,"[[24, 11, 1, 12], [2, 17, 3, 18], [4, 10, 5, 9], [6, 13, 7, 14], [8, 21, 9, 22], [10, 16, 11, 15], [12, 23, 13, 24], [14, 5, 15, 6], [16, 20, 17, 19], [18, 1, 19, 2], [20, 4, 21, 3], [22, 7, 23, 8]]"
12a_0223_176,"[[22, 7, 23, 8], [24, 11, 1, 12], [2, 17, 3, 18], [4, 10, 5, 9], [6, 13, 7, 14], [8, 21, 9, 22], [10, 16, 11, 15], [12, 23, 13, 24], [14, 5, 15, 6], [16, 20, 17, 19], [18, 1, 19, 2], [20, 4, 21, 3]]"
12a_0223_177,"[[20, 4, 21, 3], [22, 7, 23, 8], [24, 11, 1, 12], [2, 17, 3, 18], [4, 10, 5, 9], [6, 13, 7, 14], [8, 21, 9, 22], [10, 16, 11, 15], [12, 23, 13, 24], [14, 5, 15, 6], [16, 20, 17, 19], [18, 1, 19, 2]]"
12a_0223_178,"[[18, 1, 19, 2], [20, 4, 21, 3], [22, 7, 23, 8], [24, 11, 1, 12], [2, 17, 3, 18], [4, 10, 5, 9], [6, 13, 7, 14], [8, 21, 9, 22], [10, 16, 11, 15], [12, 23, 13, 24], [14, 5, 15, 6], [16, 20, 17, 19]]"
12a_0223_179,"[[16, 20, 17, 19], [18, 1, 19, 2], [20, 4, 21, 3], [22, 7, 23, 8], [24, 11, 1, 12], [2, 17, 3, 18], [4, 10, 5, 9], [6, 13, 7, 14], [8, 21, 9, 22], [10, 16, 11, 15], [12, 23, 13, 24], [14, 5, 15, 6]]"
12a_0223_180,"[[15, 6, 16, 7], [17, 21, 18, 20], [19, 2, 20, 3], [21, 5, 22, 4], [23, 8, 24, 9], [1, 12, 2, 13], [3, 18, 4, 19], [5, 11, 6, 10], [7, 14, 8, 15], [9, 22, 10, 23], [11, 17, 12, 16], [13, 24, 14, 1]]"
12a_0223_181,"[[13, 24, 14, 1], [15, 6, 16, 7], [17, 21, 18, 20], [19, 2, 20, 3], [21, 5, 22, 4], [23, 8, 24, 9], [1, 12, 2, 13], [3, 18, 4, 19], [5, 11, 6, 10], [7, 14, 8, 15], [9, 22, 10, 23], [11, 17, 12, 16]]"
12a_0223_182,"[[11, 17, 12, 16], [13, 24, 14, 1], [15, 6, 16, 7], [17, 21, 18, 20], [19, 2, 20, 3], [21, 5, 22, 4], [23, 8, 24, 9], [1, 12, 2, 13], [3, 18, 4, 19], [5, 11, 6, 10], [7, 14, 8, 15], [9, 22, 10, 23]]"
12a_0223_183,"[[9, 22, 10, 23], [11, 17, 12, 16], [13, 24, 14, 1], [15, 6, 16, 7], [17, 21, 18, 20], [19, 2, 20, 3], [21, 5, 22, 4], [23, 8, 24, 9], [1, 12, 2, 13], [3, 18, 4, 19], [5, 11, 6, 10], [7, 14, 8, 15]]"
12a_0223_184,"[[7, 14, 8, 15], [9, 22, 10, 23], [11, 17, 12, 16], [13, 24, 14, 1], [15, 6, 16, 7], [17, 21, 18, 20], [19, 2, 20, 3], [21, 5, 22, 4], [23, 8, 24, 9], [1, 12, 2, 13], [3, 18, 4, 19], [5, 11, 6, 10]]"
12a_0223_185,"[[5, 11, 6, 10], [7, 14, 8, 15], [9, 22, 10, 23], [11, 17, 12, 16], [13, 24, 14, 1], [15, 6, 16, 7], [17, 21, 18, 20], [19, 2, 20, 3], [21, 5, 22, 4], [23, 8, 24, 9], [1, 12, 2, 13], [3, 18, 4, 19]]"
