name,pd_notation
12a_0725_0,"[[24, 12, 1, 11], [2, 6, 3, 5], [4, 15, 5, 16], [6, 18, 7, 17], [8, 20, 9, 19], [10, 22, 11, 21], [12, 24, 13, 23], [14, 2, 15, 1], [16, 3, 17, 4], [18, 10, 19, 9], [20, 8, 21, 7], [22, 14, 23, 13]]"
12a_0725_1,"[[22, 14, 23, 13], [24, 12, 1, 11], [2, 6, 3, 5], [4, 15, 5, 16], [6, 18, 7, 17], [8, 20, 9, 19], [10, 22, 11, 21], [12, 24, 13, 23], [14, 2, 15, 1], [16, 3, 17, 4], [18, 10, 19, 9], [20, 8, 21, 7]]"
12a_0725_2,"[[20, 8, 21, 7], [22, 14, 23, 13], [24, 12, 1, 11], [2, 6, 3, 5], [4, 15, 5, 16], [6, 18, 7, 17], [8, 20, 9, 19], [10, 22, 11, 21], [12, 24, 13, 23], [14, 2, 15, 1], [16, 3, 17, 4], [18, 10, 19, 9]]"
12a_0725_3,"[[18, 10, 19, 9], [20, 8, 21, 7], [22, 14, 23, 13], [24, 12, 1, 11], [2, 6, 3, 5], [4, 15, 5, 16], [6, 18, 7, 17], [8, 20, 9, 19], [10, 22, 11, 21], [12, 24, 13, 23], [14, 2, 15, 1], [16, 3, 17, 4]]"
12a_0725_4,"[[16, 3, 17, 4], [18, 10, 19, 9], [20, 8, 21, 7], [22, 14, 23, 13], [24, 12, 1, 11], [2, 6, 3, 5], [4, 15, 5, 16], [6, 18, 7, 17], [8, 20, 9, 19], [10, 22, 11, 21], [12, 24, 13, 23], [14, 2, 15, 1]]"
12a_0725_5,"[[14, 2, 15, 1], [16, 3, 17, 4], [18, 10, 19, 9], [20, 8, 21, 7], [22, 14, 23, 13], [24, 12, 1, 11], [2, 6, 3, 5], [4, 15, 5, 16], [6, 18, 7, 17], [8, 20, 9, 19], [10, 22, 11, 21], [12, 24, 13, 23]]"
12a_0725_6,"[[12, 24, 13, 23], [14, 2, 15, 1], [16, 3, 17, 4], [18, 10, 19, 9], [20, 8, 21, 7], [22, 14, 23, 13], [24, 12, 1, 11], [2, 6, 3, 5], [4, 15, 5, 16], [6, 18, 7, 17], [8, 20, 9, 19], [10, 22, 11, 21]]"
12a_0725_7,"[[10, 22, 11, 21], [12, 24, 13, 23], [14, 2, 15, 1], [16, 3, 17, 4], [18, 10, 19, 9], [20, 8, 21, 7], [22, 14, 23, 13], [24, 12, 1, 11], [2, 6, 3, 5], [4, 15, 5, 16], [6, 18, 7, 17], [8, 20, 9, 19]]"
12a_0725_8,"[[8, 20, 9, 19], [10, 22, 11, 21], [12, 24, 13, 23], [14, 2, 15, 1], [16, 3, 17, 4], [18, 10, 19, 9], [20, 8, 21, 7], [22, 14, 23, 13], [24, 12, 1, 11], [2, 6, 3, 5], [4, 15, 5, 16], [6, 18, 7, 17]]"
12a_0725_9,"[[6, 18, 7, 17], [8, 20, 9, 19], [10, 22, 11, 21], [12, 24, 13, 23], [14, 2, 15, 1], [16, 3, 17, 4], [18, 10, 19, 9], [20, 8, 21, 7], [22, 14, 23, 13], [24, 12, 1, 11], [2, 6, 3, 5], [4, 15, 5, 16]]"
12a_0725_10,"[[4, 15, 5, 16], [6, 18, 7, 17], [8, 20, 9, 19], [10, 22, 11, 21], [12, 24, 13, 23], [14, 2, 15, 1], [16, 3, 17, 4], [18, 10, 19, 9], [20, 8, 21, 7], [22, 14, 23, 13], [24, 12, 1, 11], [2, 6, 3, 5]]"
12a_0725_11,"[[2, 6, 3, 5], [4, 15, 5, 16], [6, 18, 7, 17], [8, 20, 9, 19], [10, 22, 11, 21], [12, 24, 13, 23], [14, 2, 15, 1], [16, 3, 17, 4], [18, 10, 19, 9], [20, 8, 21, 7], [22, 14, 23, 13], [24, 12, 1, 11]]"
12a_0725_12,"[[1, 13, 2, 12], [3, 7, 4, 6], [5, 16, 6, 17], [7, 19, 8, 18], [9, 21, 10, 20], [11, 23, 12, 22], [13, 1, 14, 24], [15, 3, 16, 2], [17, 4, 18, 5], [19, 11, 20, 10], [21, 9, 22, 8], [23, 15, 24, 14]]"
12a_0725_13,"[[23, 15, 24, 14], [1, 13, 2, 12], [3, 7, 4, 6], [5, 16, 6, 17], [7, 19, 8, 18], [9, 21, 10, 20], [11, 23, 12, 22], [13, 1, 14, 24], [15, 3, 16, 2], [17, 4, 18, 5], [19, 11, 20, 10], [21, 9, 22, 8]]"
12a_0725_14,"[[21, 9, 22, 8], [23, 15, 24, 14], [1, 13, 2, 12], [3, 7, 4, 6], [5, 16, 6, 17], [7, 19, 8, 18], [9, 21, 10, 20], [11, 23, 12, 22], [13, 1, 14, 24], [15, 3, 16, 2], [17, 4, 18, 5], [19, 11, 20, 10]]"
12a_0725_15,"[[19, 11, 20, 10], [21, 9, 22, 8], [23, 15, 24, 14], [1, 13, 2, 12], [3, 7, 4, 6], [5, 16, 6, 17], [7, 19, 8, 18], [9, 21, 10, 20], [11, 23, 12, 22], [13, 1, 14, 24], [15, 3, 16, 2], [17, 4, 18, 5]]"
12a_0725_16,"[[17, 4, 18, 5], [19, 11, 20, 10], [21, 9, 22, 8], [23, 15, 24, 14], [1, 13, 2, 12], [3, 7, 4, 6], [5, 16, 6, 17], [7, 19, 8, 18], [9, 21, 10, 20], [11, 23, 12, 22], [13, 1, 14, 24], [15, 3, 16, 2]]"
12a_0725_17,"[[15, 3, 16, 2], [17, 4, 18, 5], [19, 11, 20, 10], [21, 9, 22, 8], [23, 15, 24, 14], [1, 13, 2, 12], [3, 7, 4, 6], [5, 16, 6, 17], [7, 19, 8, 18], [9, 21, 10, 20], [11, 23, 12, 22], [13, 1, 14, 24]]"
12a_0725_18,"[[13, 1, 14, 24], [15, 3, 16, 2], [17, 4, 18, 5], [19, 11, 20, 10], [21, 9, 22, 8], [23, 15, 24, 14], [1, 13, 2, 12], [3, 7, 4, 6], [5, 16, 6, 17], [7, 19, 8, 18], [9, 21, 10, 20], [11, 23, 12, 22]]"
12a_0725_19,"[[11, 23, 12, 22], [13, 1, 14, 24], [15, 3, 16, 2], [17, 4, 18, 5], [19, 11, 20, 10], [21, 9, 22, 8], [23, 15, 24, 14], [1, 13, 2, 12], [3, 7, 4, 6], [5, 16, 6, 17], [7, 19, 8, 18], [9, 21, 10, 20]]"
12a_0725_20,"[[9, 21, 10, 20], [11, 23, 12, 22], [13, 1, 14, 24], [15, 3, 16, 2], [17, 4, 18, 5], [19, 11, 20, 10], [21, 9, 22, 8], [23, 15, 24, 14], [1, 13, 2, 12], [3, 7, 4, 6], [5, 16, 6, 17], [7, 19, 8, 18]]"
12a_0725_21,"[[7, 19, 8, 18], [9, 21, 10, 20], [11, 23, 12, 22], [13, 1, 14, 24], [15, 3, 16, 2], [17, 4, 18, 5], [19, 11, 20, 10], [21, 9, 22, 8], [23, 15, 24, 14], [1, 13, 2, 12], [3, 7, 4, 6], [5, 16, 6, 17]]"
12a_0725_22,"[[5, 16, 6, 17], [7, 19, 8, 18], [9, 21, 10, 20], [11, 23, 12, 22], [13, 1, 14, 24], [15, 3, 16, 2], [17, 4, 18, 5], [19, 11, 20, 10], [21, 9, 22, 8], [23, 15, 24, 14], [1, 13, 2, 12], [3, 7, 4, 6]]"
12a_0725_23,"[[3, 7, 4, 6], [5, 16, 6, 17], [7, 19, 8, 18], [9, 21, 10, 20], [11, 23, 12, 22], [13, 1, 14, 24], [15, 3, 16, 2], [17, 4, 18, 5], [19, 11, 20, 10], [21, 9, 22, 8], [23, 15, 24, 14], [1, 13, 2, 12]]"
12a_0725_24,"[[2, 14, 3, 13], [4, 8, 5, 7], [6, 17, 7, 18], [8, 20, 9, 19], [10, 22, 11, 21], [12, 24, 13, 23], [14, 2, 15, 1], [16, 4, 17, 3], [18, 5, 19, 6], [20, 12, 21, 11], [22, 10, 23, 9], [24, 16, 1, 15]]"
12a_0725_25,"[[24, 16, 1, 15], [2, 14, 3, 13], [4, 8, 5, 7], [6, 17, 7, 18], [8, 20, 9, 19], [10, 22, 11, 21], [12, 24, 13, 23], [14, 2, 15, 1], [16, 4, 17, 3], [18, 5, 19, 6], [20, 12, 21, 11], [22, 10, 23, 9]]"
12a_0725_26,"[[22, 10, 23, 9], [24, 16, 1, 15], [2, 14, 3, 13], [4, 8, 5, 7], [6, 17, 7, 18], [8, 20, 9, 19], [10, 22, 11, 21], [12, 24, 13, 23], [14, 2, 15, 1], [16, 4, 17, 3], [18, 5, 19, 6], [20, 12, 21, 11]]"
12a_0725_27,"[[20, 12, 21, 11], [22, 10, 23, 9], [24, 16, 1, 15], [2, 14, 3, 13], [4, 8, 5, 7], [6, 17, 7, 18], [8, 20, 9, 19], [10, 22, 11, 21], [12, 24, 13, 23], [14, 2, 15, 1], [16, 4, 17, 3], [18, 5, 19, 6]]"
12a_0725_28,"[[18, 5, 19, 6], [20, 12, 21, 11], [22, 10, 23, 9], [24, 16, 1, 15], [2, 14, 3, 13], [4, 8, 5, 7], [6, 17, 7, 18], [8, 20, 9, 19], [10, 22, 11, 21], [12, 24, 13, 23], [14, 2, 15, 1], [16, 4, 17, 3]]"
12a_0725_29,"[[16, 4, 17, 3], [18, 5, 19, 6], [20, 12, 21, 11], [22, 10, 23, 9], [24, 16, 1, 15], [2, 14, 3, 13], [4, 8, 5, 7], [6, 17, 7, 18], [8, 20, 9, 19], [10, 22, 11, 21], [12, 24, 13, 23], [14, 2, 15, 1]]"
12a_0725_30,"[[14, 2, 15, 1], [16, 4, 17, 3], [18, 5, 19, 6], [20, 12, 21, 11], [22, 10, 23, 9], [24, 16, 1, 15], [2, 14, 3, 13], [4, 8, 5, 7], [6, 17, 7, 18], [8, 20, 9, 19], [10, 22, 11, 21], [12, 24, 13, 23]]"
12a_0725_31,"[[12, 24, 13, 23], [14, 2, 15, 1], [16, 4, 17, 3], [18, 5, 19, 6], [20, 12, 21, 11], [22, 10, 23, 9], [24, 16, 1, 15], [2, 14, 3, 13], [4, 8, 5, 7], [6, 17, 7, 18], [8, 20, 9, 19], [10, 22, 11, 21]]"
12a_0725_32,"[[10, 22, 11, 21], [12, 24, 13, 23], [14, 2, 15, 1], [16, 4, 17, 3], [18, 5, 19, 6], [20, 12, 21, 11], [22, 10, 23, 9], [24, 16, 1, 15], [2, 14, 3, 13], [4, 8, 5, 7], [6, 17, 7, 18], [8, 20, 9, 19]]"
12a_0725_33,"[[8, 20, 9, 19], [10, 22, 11, 21], [12, 24, 13, 23], [14, 2, 15, 1], [16, 4, 17, 3], [18, 5, 19, 6], [20, 12, 21, 11], [22, 10, 23, 9], [24, 16, 1, 15], [2, 14, 3, 13], [4, 8, 5, 7], [6, 17, 7, 18]]"
12a_0725_34,"[[6, 17, 7, 18], [8, 20, 9, 19], [10, 22, 11, 21], [12, 24, 13, 23], [14, 2, 15, 1], [16, 4, 17, 3], [18, 5, 19, 6], [20, 12, 21, 11], [22, 10, 23, 9], [24, 16, 1, 15], [2, 14, 3, 13], [4, 8, 5, 7]]"
12a_0725_35,"[[4, 8, 5, 7], [6, 17, 7, 18], [8, 20, 9, 19], [10, 22, 11, 21], [12, 24, 13, 23], [14, 2, 15, 1], [16, 4, 17, 3], [18, 5, 19, 6], [20, 12, 21, 11], [22, 10, 23, 9], [24, 16, 1, 15], [2, 14, 3, 13]]"
12a_0725_36,"[[3, 15, 4, 14], [5, 9, 6, 8], [7, 18, 8, 19], [9, 21, 10, 20], [11, 23, 12, 22], [13, 1, 14, 24], [15, 3, 16, 2], [17, 5, 18, 4], [19, 6, 20, 7], [21, 13, 22, 12], [23, 11, 24, 10], [1, 17, 2, 16]]"
12a_0725_37,"[[1, 17, 2, 16], [3, 15, 4, 14], [5, 9, 6, 8], [7, 18, 8, 19], [9, 21, 10, 20], [11, 23, 12, 22], [13, 1, 14, 24], [15, 3, 16, 2], [17, 5, 18, 4], [19, 6, 20, 7], [21, 13, 22, 12], [23, 11, 24, 10]]"
12a_0725_38,"[[23, 11, 24, 10], [1, 17, 2, 16], [3, 15, 4, 14], [5, 9, 6, 8], [7, 18, 8, 19], [9, 21, 10, 20], [11, 23, 12, 22], [13, 1, 14, 24], [15, 3, 16, 2], [17, 5, 18, 4], [19, 6, 20, 7], [21, 13, 22, 12]]"
12a_0725_39,"[[21, 13, 22, 12], [23, 11, 24, 10], [1, 17, 2, 16], [3, 15, 4, 14], [5, 9, 6, 8], [7, 18, 8, 19], [9, 21, 10, 20], [11, 23, 12, 22], [13, 1, 14, 24], [15, 3, 16, 2], [17, 5, 18, 4], [19, 6, 20, 7]]"
12a_0725_40,"[[19, 6, 20, 7], [21, 13, 22, 12], [23, 11, 24, 10], [1, 17, 2, 16], [3, 15, 4, 14], [5, 9, 6, 8], [7, 18, 8, 19], [9, 21, 10, 20], [11, 23, 12, 22], [13, 1, 14, 24], [15, 3, 16, 2], [17, 5, 18, 4]]"
12a_0725_41,"[[17, 5, 18, 4], [19, 6, 20, 7], [21, 13, 22, 12], [23, 11, 24, 10], [1, 17, 2, 16], [3, 15, 4, 14], [5, 9, 6, 8], [7, 18, 8, 19], [9, 21, 10, 20], [11, 23, 12, 22], [13, 1, 14, 24], [15, 3, 16, 2]]"
12a_0725_42,"[[15, 3, 16, 2], [17, 5, 18, 4], [19, 6, 20, 7], [21, 13, 22, 12], [23, 11, 24, 10], [1, 17, 2, 16], [3, 15, 4, 14], [5, 9, 6, 8], [7, 18, 8, 19], [9, 21, 10, 20], [11, 23, 12, 22], [13, 1, 14, 24]]"
12a_0725_43,"[[13, 1, 14, 24], [15, 3, 16, 2], [17, 5, 18, 4], [19, 6, 20, 7], [21, 13, 22, 12], [23, 11, 24, 10], [1, 17, 2, 16], [3, 15, 4, 14], [5, 9, 6, 8], [7, 18, 8, 19], [9, 21, 10, 20], [11, 23, 12, 22]]"
12a_0725_44,"[[11, 23, 12, 22], [13, 1, 14, 24], [15, 3, 16, 2], [17, 5, 18, 4], [19, 6, 20, 7], [21, 13, 22, 12], [23, 11, 24, 10], [1, 17, 2, 16], [3, 15, 4, 14], [5, 9, 6, 8], [7, 18, 8, 19], [9, 21, 10, 20]]"
12a_0725_45,"[[9, 21, 10, 20], [11, 23, 12, 22], [13, 1, 14, 24], [15, 3, 16, 2], [17, 5, 18, 4], [19, 6, 20, 7], [21, 13, 22, 12], [23, 11, 24, 10], [1, 17, 2, 16], [3, 15, 4, 14], [5, 9, 6, 8], [7, 18, 8, 19]]"
12a_0725_46,"[[7, 18, 8, 19], [9, 21, 10, 20], [11, 23, 12, 22], [13, 1, 14, 24], [15, 3, 16, 2], [17, 5, 18, 4], [19, 6, 20, 7], [21, 13, 22, 12], [23, 11, 24, 10], [1, 17, 2, 16], [3, 15, 4, 14], [5, 9, 6, 8]]"
12a_0725_47,"[[5, 9, 6, 8], [7, 18, 8, 19], [9, 21, 10, 20], [11, 23, 12, 22], [13, 1, 14, 24], [15, 3, 16, 2], [17, 5, 18, 4], [19, 6, 20, 7], [21, 13, 22, 12], [23, 11, 24, 10], [1, 17, 2, 16], [3, 15, 4, 14]]"
12a_0725_48,"[[4, 16, 5, 15], [6, 10, 7, 9], [8, 19, 9, 20], [10, 22, 11, 21], [12, 24, 13, 23], [14, 2, 15, 1], [16, 4, 17, 3], [18, 6, 19, 5], [20, 7, 21, 8], [22, 14, 23, 13], [24, 12, 1, 11], [2, 18, 3, 17]]"
12a_0725_49,"[[2, 18, 3, 17], [4, 16, 5, 15], [6, 10, 7, 9], [8, 19, 9, 20], [10, 22, 11, 21], [12, 24, 13, 23], [14, 2, 15, 1], [16, 4, 17, 3], [18, 6, 19, 5], [20, 7, 21, 8], [22, 14, 23, 13], [24, 12, 1, 11]]"
12a_0725_50,"[[24, 12, 1, 11], [2, 18, 3, 17], [4, 16, 5, 15], [6, 10, 7, 9], [8, 19, 9, 20], [10, 22, 11, 21], [12, 24, 13, 23], [14, 2, 15, 1], [16, 4, 17, 3], [18, 6, 19, 5], [20, 7, 21, 8], [22, 14, 23, 13]]"
12a_0725_51,"[[22, 14, 23, 13], [24, 12, 1, 11], [2, 18, 3, 17], [4, 16, 5, 15], [6, 10, 7, 9], [8, 19, 9, 20], [10, 22, 11, 21], [12, 24, 13, 23], [14, 2, 15, 1], [16, 4, 17, 3], [18, 6, 19, 5], [20, 7, 21, 8]]"
12a_0725_52,"[[20, 7, 21, 8], [22, 14, 23, 13], [24, 12, 1, 11], [2, 18, 3, 17], [4, 16, 5, 15], [6, 10, 7, 9], [8, 19, 9, 20], [10, 22, 11, 21], [12, 24, 13, 23], [14, 2, 15, 1], [16, 4, 17, 3], [18, 6, 19, 5]]"
12a_0725_53,"[[18, 6, 19, 5], [20, 7, 21, 8], [22, 14, 23, 13], [24, 12, 1, 11], [2, 18, 3, 17], [4, 16, 5, 15], [6, 10, 7, 9], [8, 19, 9, 20], [10, 22, 11, 21], [12, 24, 13, 23], [14, 2, 15, 1], [16, 4, 17, 3]]"
12a_0725_54,"[[16, 4, 17, 3], [18, 6, 19, 5], [20, 7, 21, 8], [22, 14, 23, 13], [24, 12, 1, 11], [2, 18, 3, 17], [4, 16, 5, 15], [6, 10, 7, 9], [8, 19, 9, 20], [10, 22, 11, 21], [12, 24, 13, 23], [14, 2, 15, 1]]"
12a_0725_55,"[[14, 2, 15, 1], [16, 4, 17, 3], [18, 6, 19, 5], [20, 7, 21, 8], [22, 14, 23, 13], [24, 12, 1, 11], [2, 18, 3, 17], [4, 16, 5, 15], [6, 10, 7, 9], [8, 19, 9, 20], [10, 22, 11, 21], [12, 24, 13, 23]]"
12a_0725_56,"[[12, 24, 13, 23], [14, 2, 15, 1], [16, 4, 17, 3], [18, 6, 19, 5], [20, 7, 21, 8], [22, 14, 23, 13], [24, 12, 1, 11], [2, 18, 3, 17], [4, 16, 5, 15], [6, 10, 7, 9], [8, 19, 9, 20], [10, 22, 11, 21]]"
12a_0725_57,"[[10, 22, 11, 21], [12, 24, 13, 23], [14, 2, 15, 1], [16, 4, 17, 3], [18, 6, 19, 5], [20, 7, 21, 8], [22, 14, 23, 13], [24, 12, 1, 11], [2, 18, 3, 17], [4, 16, 5, 15], [6, 10, 7, 9], [8, 19, 9, 20]]"
12a_0725_58,"[[8, 19, 9, 20], [10, 22, 11, 21], [12, 24, 13, 23], [14, 2, 15, 1], [16, 4, 17, 3], [18, 6, 19, 5], [20, 7, 21, 8], [22, 14, 23, 13], [24, 12, 1, 11], [2, 18, 3, 17], [4, 16, 5, 15], [6, 10, 7, 9]]"
12a_0725_59,"[[6, 10, 7, 9], [8, 19, 9, 20], [10, 22, 11, 21], [12, 24, 13, 23], [14, 2, 15, 1], [16, 4, 17, 3], [18, 6, 19, 5], [20, 7, 21, 8], [22, 14, 23, 13], [24, 12, 1, 11], [2, 18, 3, 17], [4, 16, 5, 15]]"
12a_0725_60,"[[5, 17, 6, 16], [7, 11, 8, 10], [9, 20, 10, 21], [11, 23, 12, 22], [13, 1, 14, 24], [15, 3, 16, 2], [17, 5, 18, 4], [19, 7, 20, 6], [21, 8, 22, 9], [23, 15, 24, 14], [1, 13, 2, 12], [3, 19, 4, 18]]"
12a_0725_61,"[[3, 19, 4, 18], [5, 17, 6, 16], [7, 11, 8, 10], [9, 20, 10, 21], [11, 23, 12, 22], [13, 1, 14, 24], [15, 3, 16, 2], [17, 5, 18, 4], [19, 7, 20, 6], [21, 8, 22, 9], [23, 15, 24, 14], [1, 13, 2, 12]]"
12a_0725_62,"[[1, 13, 2, 12], [3, 19, 4, 18], [5, 17, 6, 16], [7, 11, 8, 10], [9, 20, 10, 21], [11, 23, 12, 22], [13, 1, 14, 24], [15, 3, 16, 2], [17, 5, 18, 4], [19, 7, 20, 6], [21, 8, 22, 9], [23, 15, 24, 14]]"
12a_0725_63,"[[23, 15, 24, 14], [1, 13, 2, 12], [3, 19, 4, 18], [5, 17, 6, 16], [7, 11, 8, 10], [9, 20, 10, 21], [11, 23, 12, 22], [13, 1, 14, 24], [15, 3, 16, 2], [17, 5, 18, 4], [19, 7, 20, 6], [21, 8, 22, 9]]"
12a_0725_64,"[[21, 8, 22, 9], [23, 15, 24, 14], [1, 13, 2, 12], [3, 19, 4, 18], [5, 17, 6, 16], [7, 11, 8, 10], [9, 20, 10, 21], [11, 23, 12, 22], [13, 1, 14, 24], [15, 3, 16, 2], [17, 5, 18, 4], [19, 7, 20, 6]]"
12a_0725_65,"[[19, 7, 20, 6], [21, 8, 22, 9], [23, 15, 24, 14], [1, 13, 2, 12], [3, 19, 4, 18], [5, 17, 6, 16], [7, 11, 8, 10], [9, 20, 10, 21], [11, 23, 12, 22], [13, 1, 14, 24], [15, 3, 16, 2], [17, 5, 18, 4]]"
12a_0725_66,"[[17, 5, 18, 4], [19, 7, 20, 6], [21, 8, 22, 9], [23, 15, 24, 14], [1, 13, 2, 12], [3, 19, 4, 18], [5, 17, 6, 16], [7, 11, 8, 10], [9, 20, 10, 21], [11, 23, 12, 22], [13, 1, 14, 24], [15, 3, 16, 2]]"
12a_0725_67,"[[15, 3, 16, 2], [17, 5, 18, 4], [19, 7, 20, 6], [21, 8, 22, 9], [23, 15, 24, 14], [1, 13, 2, 12], [3, 19, 4, 18], [5, 17, 6, 16], [7, 11, 8, 10], [9, 20, 10, 21], [11, 23, 12, 22], [13, 1, 14, 24]]"
12a_0725_68,"[[13, 1, 14, 24], [15, 3, 16, 2], [17, 5, 18, 4], [19, 7, 20, 6], [21, 8, 22, 9], [23, 15, 24, 14], [1, 13, 2, 12], [3, 19, 4, 18], [5, 17, 6, 16], [7, 11, 8, 10], [9, 20, 10, 21], [11, 23, 12, 22]]"
12a_0725_69,"[[11, 23, 12, 22], [13, 1, 14, 24], [15, 3, 16, 2], [17, 5, 18, 4], [19, 7, 20, 6], [21, 8, 22, 9], [23, 15, 24, 14], [1, 13, 2, 12], [3, 19, 4, 18], [5, 17, 6, 16], [7, 11, 8, 10], [9, 20, 10, 21]]"
12a_0725_70,"[[9, 20, 10, 21], [11, 23, 12, 22], [13, 1, 14, 24], [15, 3, 16, 2], [17, 5, 18, 4], [19, 7, 20, 6], [21, 8, 22, 9], [23, 15, 24, 14], [1, 13, 2, 12], [3, 19, 4, 18], [5, 17, 6, 16], [7, 11, 8, 10]]"
12a_0725_71,"[[7, 11, 8, 10], [9, 20, 10, 21], [11, 23, 12, 22], [13, 1, 14, 24], [15, 3, 16, 2], [17, 5, 18, 4], [19, 7, 20, 6], [21, 8, 22, 9], [23, 15, 24, 14], [1, 13, 2, 12], [3, 19, 4, 18], [5, 17, 6, 16]]"
12a_0725_72,"[[6, 18, 7, 17], [8, 12, 9, 11], [10, 21, 11, 22], [12, 24, 13, 23], [14, 2, 15, 1], [16, 4, 17, 3], [18, 6, 19, 5], [20, 8, 21, 7], [22, 9, 23, 10], [24, 16, 1, 15], [2, 14, 3, 13], [4, 20, 5, 19]]"
12a_0725_73,"[[4, 20, 5, 19], [6, 18, 7, 17], [8, 12, 9, 11], [10, 21, 11, 22], [12, 24, 13, 23], [14, 2, 15, 1], [16, 4, 17, 3], [18, 6, 19, 5], [20, 8, 21, 7], [22, 9, 23, 10], [24, 16, 1, 15], [2, 14, 3, 13]]"
12a_0725_74,"[[2, 14, 3, 13], [4, 20, 5, 19], [6, 18, 7, 17], [8, 12, 9, 11], [10, 21, 11, 22], [12, 24, 13, 23], [14, 2, 15, 1], [16, 4, 17, 3], [18, 6, 19, 5], [20, 8, 21, 7], [22, 9, 23, 10], [24, 16, 1, 15]]"
12a_0725_75,"[[24, 16, 1, 15], [2, 14, 3, 13], [4, 20, 5, 19], [6, 18, 7, 17], [8, 12, 9, 11], [10, 21, 11, 22], [12, 24, 13, 23], [14, 2, 15, 1], [16, 4, 17, 3], [18, 6, 19, 5], [20, 8, 21, 7], [22, 9, 23, 10]]"
12a_0725_76,"[[22, 9, 23, 10], [24, 16, 1, 15], [2, 14, 3, 13], [4, 20, 5, 19], [6, 18, 7, 17], [8, 12, 9, 11], [10, 21, 11, 22], [12, 24, 13, 23], [14, 2, 15, 1], [16, 4, 17, 3], [18, 6, 19, 5], [20, 8, 21, 7]]"
12a_0725_77,"[[20, 8, 21, 7], [22, 9, 23, 10], [24, 16, 1, 15], [2, 14, 3, 13], [4, 20, 5, 19], [6, 18, 7, 17], [8, 12, 9, 11], [10, 21, 11, 22], [12, 24, 13, 23], [14, 2, 15, 1], [16, 4, 17, 3], [18, 6, 19, 5]]"
12a_0725_78,"[[18, 6, 19, 5], [20, 8, 21, 7], [22, 9, 23, 10], [24, 16, 1, 15], [2, 14, 3, 13], [4, 20, 5, 19], [6, 18, 7, 17], [8, 12, 9, 11], [10, 21, 11, 22], [12, 24, 13, 23], [14, 2, 15, 1], [16, 4, 17, 3]]"
12a_0725_79,"[[16, 4, 17, 3], [18, 6, 19, 5], [20, 8, 21, 7], [22, 9, 23, 10], [24, 16, 1, 15], [2, 14, 3, 13], [4, 20, 5, 19], [6, 18, 7, 17], [8, 12, 9, 11], [10, 21, 11, 22], [12, 24, 13, 23], [14, 2, 15, 1]]"
12a_0725_80,"[[14, 2, 15, 1], [16, 4, 17, 3], [18, 6, 19, 5], [20, 8, 21, 7], [22, 9, 23, 10], [24, 16, 1, 15], [2, 14, 3, 13], [4, 20, 5, 19], [6, 18, 7, 17], [8, 12, 9, 11], [10, 21, 11, 22], [12, 24, 13, 23]]"
12a_0725_81,"[[12, 24, 13, 23], [14, 2, 15, 1], [16, 4, 17, 3], [18, 6, 19, 5], [20, 8, 21, 7], [22, 9, 23, 10], [24, 16, 1, 15], [2, 14, 3, 13], [4, 20, 5, 19], [6, 18, 7, 17], [8, 12, 9, 11], [10, 21, 11, 22]]"
12a_0725_82,"[[10, 21, 11, 22], [12, 24, 13, 23], [14, 2, 15, 1], [16, 4, 17, 3], [18, 6, 19, 5], [20, 8, 21, 7], [22, 9, 23, 10], [24, 16, 1, 15], [2, 14, 3, 13], [4, 20, 5, 19], [6, 18, 7, 17], [8, 12, 9, 11]]"
12a_0725_83,"[[8, 12, 9, 11], [10, 21, 11, 22], [12, 24, 13, 23], [14, 2, 15, 1], [16, 4, 17, 3], [18, 6, 19, 5], [20, 8, 21, 7], [22, 9, 23, 10], [24, 16, 1, 15], [2, 14, 3, 13], [4, 20, 5, 19], [6, 18, 7, 17]]"
12a_0725_84,"[[7, 19, 8, 18], [9, 13, 10, 12], [11, 22, 12, 23], [13, 1, 14, 24], [15, 3, 16, 2], [17, 5, 18, 4], [19, 7, 20, 6], [21, 9, 22, 8], [23, 10, 24, 11], [1, 17, 2, 16], [3, 15, 4, 14], [5, 21, 6, 20]]"
12a_0725_85,"[[5, 21, 6, 20], [7, 19, 8, 18], [9, 13, 10, 12], [11, 22, 12, 23], [13, 1, 14, 24], [15, 3, 16, 2], [17, 5, 18, 4], [19, 7, 20, 6], [21, 9, 22, 8], [23, 10, 24, 11], [1, 17, 2, 16], [3, 15, 4, 14]]"
12a_0725_86,"[[3, 15, 4, 14], [5, 21, 6, 20], [7, 19, 8, 18], [9, 13, 10, 12], [11, 22, 12, 23], [13, 1, 14, 24], [15, 3, 16, 2], [17, 5, 18, 4], [19, 7, 20, 6], [21, 9, 22, 8], [23, 10, 24, 11], [1, 17, 2, 16]]"
12a_0725_87,"[[1, 17, 2, 16], [3, 15, 4, 14], [5, 21, 6, 20], [7, 19, 8, 18], [9, 13, 10, 12], [11, 22, 12, 23], [13, 1, 14, 24], [15, 3, 16, 2], [17, 5, 18, 4], [19, 7, 20, 6], [21, 9, 22, 8], [23, 10, 24, 11]]"
12a_0725_88,"[[23, 10, 24, 11], [1, 17, 2, 16], [3, 15, 4, 14], [5, 21, 6, 20], [7, 19, 8, 18], [9, 13, 10, 12], [11, 22, 12, 23], [13, 1, 14, 24], [15, 3, 16, 2], [17, 5, 18, 4], [19, 7, 20, 6], [21, 9, 22, 8]]"
12a_0725_89,"[[21, 9, 22, 8], [23, 10, 24, 11], [1, 17, 2, 16], [3, 15, 4, 14], [5, 21, 6, 20], [7, 19, 8, 18], [9, 13, 10, 12], [11, 22, 12, 23], [13, 1, 14, 24], [15, 3, 16, 2], [17, 5, 18, 4], [19, 7, 20, 6]]"
12a_0725_90,"[[19, 7, 20, 6], [21, 9, 22, 8], [23, 10, 24, 11], [1, 17, 2, 16], [3, 15, 4, 14], [5, 21, 6, 20], [7, 19, 8, 18], [9, 13, 10, 12], [11, 22, 12, 23], [13, 1, 14, 24], [15, 3, 16, 2], [17, 5, 18, 4]]"
12a_0725_91,"[[17, 5, 18, 4], [19, 7, 20, 6], [21, 9, 22, 8], [23, 10, 24, 11], [1, 17, 2, 16], [3, 15, 4, 14], [5, 21, 6, 20], [7, 19, 8, 18], [9, 13, 10, 12], [11, 22, 12, 23], [13, 1, 14, 24], [15, 3, 16, 2]]"
12a_0725_92,"[[15, 3, 16, 2], [17, 5, 18, 4], [19, 7, 20, 6], [21, 9, 22, 8], [23, 10, 24, 11], [1, 17, 2, 16], [3, 15, 4, 14], [5, 21, 6, 20], [7, 19, 8, 18], [9, 13, 10, 12], [11, 22, 12, 23], [13, 1, 14, 24]]"
12a_0725_93,"[[13, 1, 14, 24], [15, 3, 16, 2], [17, 5, 18, 4], [19, 7, 20, 6], [21, 9, 22, 8], [23, 10, 24, 11], [1, 17, 2, 16], [3, 15, 4, 14], [5, 21, 6, 20], [7, 19, 8, 18], [9, 13, 10, 12], [11, 22, 12, 23]]"
12a_0725_94,"[[11, 22, 12, 23], [13, 1, 14, 24], [15, 3, 16, 2], [17, 5, 18, 4], [19, 7, 20, 6], [21, 9, 22, 8], [23, 10, 24, 11], [1, 17, 2, 16], [3, 15, 4, 14], [5, 21, 6, 20], [7, 19, 8, 18], [9, 13, 10, 12]]"
12a_0725_95,"[[9, 13, 10, 12], [11, 22, 12, 23], [13, 1, 14, 24], [15, 3, 16, 2], [17, 5, 18, 4], [19, 7, 20, 6], [21, 9, 22, 8], [23, 10, 24, 11], [1, 17, 2, 16], [3, 15, 4, 14], [5, 21, 6, 20], [7, 19, 8, 18]]"
12a_0725_96,"[[8, 20, 9, 19], [10, 14, 11, 13], [12, 23, 13, 24], [14, 2, 15, 1], [16, 4, 17, 3], [18, 6, 19, 5], [20, 8, 21, 7], [22, 10, 23, 9], [24, 11, 1, 12], [2, 18, 3, 17], [4, 16, 5, 15], [6, 22, 7, 21]]"
12a_0725_97,"[[6, 22, 7, 21], [8, 20, 9, 19], [10, 14, 11, 13], [12, 23, 13, 24], [14, 2, 15, 1], [16, 4, 17, 3], [18, 6, 19, 5], [20, 8, 21, 7], [22, 10, 23, 9], [24, 11, 1, 12], [2, 18, 3, 17], [4, 16, 5, 15]]"
12a_0725_98,"[[4, 16, 5, 15], [6, 22, 7, 21], [8, 20, 9, 19], [10, 14, 11, 13], [12, 23, 13, 24], [14, 2, 15, 1], [16, 4, 17, 3], [18, 6, 19, 5], [20, 8, 21, 7], [22, 10, 23, 9], [24, 11, 1, 12], [2, 18, 3, 17]]"
12a_0725_99,"[[2, 18, 3, 17], [4, 16, 5, 15], [6, 22, 7, 21], [8, 20, 9, 19], [10, 14, 11, 13], [12, 23, 13, 24], [14, 2, 15, 1], [16, 4, 17, 3], [18, 6, 19, 5], [20, 8, 21, 7], [22, 10, 23, 9], [24, 11, 1, 12]]"
12a_0725_100,"[[24, 11, 1, 12], [2, 18, 3, 17], [4, 16, 5, 15], [6, 22, 7, 21], [8, 20, 9, 19], [10, 14, 11, 13], [12, 23, 13, 24], [14, 2, 15, 1], [16, 4, 17, 3], [18, 6, 19, 5], [20, 8, 21, 7], [22, 10, 23, 9]]"
12a_0725_101,"[[22, 10, 23, 9], [24, 11, 1, 12], [2, 18, 3, 17], [4, 16, 5, 15], [6, 22, 7, 21], [8, 20, 9, 19], [10, 14, 11, 13], [12, 23, 13, 24], [14, 2, 15, 1], [16, 4, 17, 3], [18, 6, 19, 5], [20, 8, 21, 7]]"
12a_0725_102,"[[20, 8, 21, 7], [22, 10, 23, 9], [24, 11, 1, 12], [2, 18, 3, 17], [4, 16, 5, 15], [6, 22, 7, 21], [8, 20, 9, 19], [10, 14, 11, 13], [12, 23, 13, 24], [14, 2, 15, 1], [16, 4, 17, 3], [18, 6, 19, 5]]"
12a_0725_103,"[[18, 6, 19, 5], [20, 8, 21, 7], [22, 10, 23, 9], [24, 11, 1, 12], [2, 18, 3, 17], [4, 16, 5, 15], [6, 22, 7, 21], [8, 20, 9, 19], [10, 14, 11, 13], [12, 23, 13, 24], [14, 2, 15, 1], [16, 4, 17, 3]]"
12a_0725_104,"[[16, 4, 17, 3], [18, 6, 19, 5], [20, 8, 21, 7], [22, 10, 23, 9], [24, 11, 1, 12], [2, 18, 3, 17], [4, 16, 5, 15], [6, 22, 7, 21], [8, 20, 9, 19], [10, 14, 11, 13], [12, 23, 13, 24], [14, 2, 15, 1]]"
12a_0725_105,"[[14, 2, 15, 1], [16, 4, 17, 3], [18, 6, 19, 5], [20, 8, 21, 7], [22, 10, 23, 9], [24, 11, 1, 12], [2, 18, 3, 17], [4, 16, 5, 15], [6, 22, 7, 21], [8, 20, 9, 19], [10, 14, 11, 13], [12, 23, 13, 24]]"
12a_0725_106,"[[12, 23, 13, 24], [14, 2, 15, 1], [16, 4, 17, 3], [18, 6, 19, 5], [20, 8, 21, 7], [22, 10, 23, 9], [24, 11, 1, 12], [2, 18, 3, 17], [4, 16, 5, 15], [6, 22, 7, 21], [8, 20, 9, 19], [10, 14, 11, 13]]"
12a_0725_107,"[[10, 14, 11, 13], [12, 23, 13, 24], [14, 2, 15, 1], [16, 4, 17, 3], [18, 6, 19, 5], [20, 8, 21, 7], [22, 10, 23, 9], [24, 11, 1, 12], [2, 18, 3, 17], [4, 16, 5, 15], [6, 22, 7, 21], [8, 20, 9, 19]]"
12a_0725_108,"[[9, 21, 10, 20], [11, 15, 12, 14], [13, 24, 14, 1], [15, 3, 16, 2], [17, 5, 18, 4], [19, 7, 20, 6], [21, 9, 22, 8], [23, 11, 24, 10], [1, 12, 2, 13], [3, 19, 4, 18], [5, 17, 6, 16], [7, 23, 8, 22]]"
12a_0725_109,"[[7, 23, 8, 22], [9, 21, 10, 20], [11, 15, 12, 14], [13, 24, 14, 1], [15, 3, 16, 2], [17, 5, 18, 4], [19, 7, 20, 6], [21, 9, 22, 8], [23, 11, 24, 10], [1, 12, 2, 13], [3, 19, 4, 18], [5, 17, 6, 16]]"
12a_0725_110,"[[5, 17, 6, 16], [7, 23, 8, 22], [9, 21, 10, 20], [11, 15, 12, 14], [13, 24, 14, 1], [15, 3, 16, 2], [17, 5, 18, 4], [19, 7, 20, 6], [21, 9, 22, 8], [23, 11, 24, 10], [1, 12, 2, 13], [3, 19, 4, 18]]"
12a_0725_111,"[[3, 19, 4, 18], [5, 17, 6, 16], [7, 23, 8, 22], [9, 21, 10, 20], [11, 15, 12, 14], [13, 24, 14, 1], [15, 3, 16, 2], [17, 5, 18, 4], [19, 7, 20, 6], [21, 9, 22, 8], [23, 11, 24, 10], [1, 12, 2, 13]]"
12a_0725_112,"[[1, 12, 2, 13], [3, 19, 4, 18], [5, 17, 6, 16], [7, 23, 8, 22], [9, 21, 10, 20], [11, 15, 12, 14], [13, 24, 14, 1], [15, 3, 16, 2], [17, 5, 18, 4], [19, 7, 20, 6], [21, 9, 22, 8], [23, 11, 24, 10]]"
12a_0725_113,"[[23, 11, 24, 10], [1, 12, 2, 13], [3, 19, 4, 18], [5, 17, 6, 16], [7, 23, 8, 22], [9, 21, 10, 20], [11, 15, 12, 14], [13, 24, 14, 1], [15, 3, 16, 2], [17, 5, 18, 4], [19, 7, 20, 6], [21, 9, 22, 8]]"
12a_0725_114,"[[21, 9, 22, 8], [23, 11, 24, 10], [1, 12, 2, 13], [3, 19, 4, 18], [5, 17, 6, 16], [7, 23, 8, 22], [9, 21, 10, 20], [11, 15, 12, 14], [13, 24, 14, 1], [15, 3, 16, 2], [17, 5, 18, 4], [19, 7, 20, 6]]"
12a_0725_115,"[[19, 7, 20, 6], [21, 9, 22, 8], [23, 11, 24, 10], [1, 12, 2, 13], [3, 19, 4, 18], [5, 17, 6, 16], [7, 23, 8, 22], [9, 21, 10, 20], [11, 15, 12, 14], [13, 24, 14, 1], [15, 3, 16, 2], [17, 5, 18, 4]]"
12a_0725_116,"[[17, 5, 18, 4], [19, 7, 20, 6], [21, 9, 22, 8], [23, 11, 24, 10], [1, 12, 2, 13], [3, 19, 4, 18], [5, 17, 6, 16], [7, 23, 8, 22], [9, 21, 10, 20], [11, 15, 12, 14], [13, 24, 14, 1], [15, 3, 16, 2]]"
12a_0725_117,"[[15, 3, 16, 2], [17, 5, 18, 4], [19, 7, 20, 6], [21, 9, 22, 8], [23, 11, 24, 10], [1, 12, 2, 13], [3, 19, 4, 18], [5, 17, 6, 16], [7, 23, 8, 22], [9, 21, 10, 20], [11, 15, 12, 14], [13, 24, 14, 1]]"
12a_0725_118,"[[13, 24, 14, 1], [15, 3, 16, 2], [17, 5, 18, 4], [19, 7, 20, 6], [21, 9, 22, 8], [23, 11, 24, 10], [1, 12, 2, 13], [3, 19, 4, 18], [5, 17, 6, 16], [7, 23, 8, 22], [9, 21, 10, 20], [11, 15, 12, 14]]"
12a_0725_119,"[[11, 15, 12, 14], [13, 24, 14, 1], [15, 3, 16, 2], [17, 5, 18, 4], [19, 7, 20, 6], [21, 9, 22, 8], [23, 11, 24, 10], [1, 12, 2, 13], [3, 19, 4, 18], [5, 17, 6, 16], [7, 23, 8, 22], [9, 21, 10, 20]]"
12a_0725_120,"[[10, 22, 11, 21], [12, 16, 13, 15], [14, 1, 15, 2], [16, 4, 17, 3], [18, 6, 19, 5], [20, 8, 21, 7], [22, 10, 23, 9], [24, 12, 1, 11], [2, 13, 3, 14], [4, 20, 5, 19], [6, 18, 7, 17], [8, 24, 9, 23]]"
12a_0725_121,"[[8, 24, 9, 23], [10, 22, 11, 21], [12, 16, 13, 15], [14, 1, 15, 2], [16, 4, 17, 3], [18, 6, 19, 5], [20, 8, 21, 7], [22, 10, 23, 9], [24, 12, 1, 11], [2, 13, 3, 14], [4, 20, 5, 19], [6, 18, 7, 17]]"
12a_0725_122,"[[6, 18, 7, 17], [8, 24, 9, 23], [10, 22, 11, 21], [12, 16, 13, 15], [14, 1, 15, 2], [16, 4, 17, 3], [18, 6, 19, 5], [20, 8, 21, 7], [22, 10, 23, 9], [24, 12, 1, 11], [2, 13, 3, 14], [4, 20, 5, 19]]"
12a_0725_123,"[[4, 20, 5, 19], [6, 18, 7, 17], [8, 24, 9, 23], [10, 22, 11, 21], [12, 16, 13, 15], [14, 1, 15, 2], [16, 4, 17, 3], [18, 6, 19, 5], [20, 8, 21, 7], [22, 10, 23, 9], [24, 12, 1, 11], [2, 13, 3, 14]]"
12a_0725_124,"[[2, 13, 3, 14], [4, 20, 5, 19], [6, 18, 7, 17], [8, 24, 9, 23], [10, 22, 11, 21], [12, 16, 13, 15], [14, 1, 15, 2], [16, 4, 17, 3], [18, 6, 19, 5], [20, 8, 21, 7], [22, 10, 23, 9], [24, 12, 1, 11]]"
12a_0725_125,"[[24, 12, 1, 11], [2, 13, 3, 14], [4, 20, 5, 19], [6, 18, 7, 17], [8, 24, 9, 23], [10, 22, 11, 21], [12, 16, 13, 15], [14, 1, 15, 2], [16, 4, 17, 3], [18, 6, 19, 5], [20, 8, 21, 7], [22, 10, 23, 9]]"
12a_0725_126,"[[22, 10, 23, 9], [24, 12, 1, 11], [2, 13, 3, 14], [4, 20, 5, 19], [6, 18, 7, 17], [8, 24, 9, 23], [10, 22, 11, 21], [12, 16, 13, 15], [14, 1, 15, 2], [16, 4, 17, 3], [18, 6, 19, 5], [20, 8, 21, 7]]"
12a_0725_127,"[[20, 8, 21, 7], [22, 10, 23, 9], [24, 12, 1, 11], [2, 13, 3, 14], [4, 20, 5, 19], [6, 18, 7, 17], [8, 24, 9, 23], [10, 22, 11, 21], [12, 16, 13, 15], [14, 1, 15, 2], [16, 4, 17, 3], [18, 6, 19, 5]]"
12a_0725_128,"[[18, 6, 19, 5], [20, 8, 21, 7], [22, 10, 23, 9], [24, 12, 1, 11], [2, 13, 3, 14], [4, 20, 5, 19], [6, 18, 7, 17], [8, 24, 9, 23], [10, 22, 11, 21], [12, 16, 13, 15], [14, 1, 15, 2], [16, 4, 17, 3]]"
12a_0725_129,"[[16, 4, 17, 3], [18, 6, 19, 5], [20, 8, 21, 7], [22, 10, 23, 9], [24, 12, 1, 11], [2, 13, 3, 14], [4, 20, 5, 19], [6, 18, 7, 17], [8, 24, 9, 23], [10, 22, 11, 21], [12, 16, 13, 15], [14, 1, 15, 2]]"
12a_0725_130,"[[14, 1, 15, 2], [16, 4, 17, 3], [18, 6, 19, 5], [20, 8, 21, 7], [22, 10, 23, 9], [24, 12, 1, 11], [2, 13, 3, 14], [4, 20, 5, 19], [6, 18, 7, 17], [8, 24, 9, 23], [10, 22, 11, 21], [12, 16, 13, 15]]"
12a_0725_131,"[[12, 16, 13, 15], [14, 1, 15, 2], [16, 4, 17, 3], [18, 6, 19, 5], [20, 8, 21, 7], [22, 10, 23, 9], [24, 12, 1, 11], [2, 13, 3, 14], [4, 20, 5, 19], [6, 18, 7, 17], [8, 24, 9, 23], [10, 22, 11, 21]]"
12a_0725_132,"[[11, 23, 12, 22], [13, 17, 14, 16], [15, 2, 16, 3], [17, 5, 18, 4], [19, 7, 20, 6], [21, 9, 22, 8], [23, 11, 24, 10], [1, 13, 2, 12], [3, 14, 4, 15], [5, 21, 6, 20], [7, 19, 8, 18], [9, 1, 10, 24]]"
12a_0725_133,"[[9, 1, 10, 24], [11, 23, 12, 22], [13, 17, 14, 16], [15, 2, 16, 3], [17, 5, 18, 4], [19, 7, 20, 6], [21, 9, 22, 8], [23, 11, 24, 10], [1, 13, 2, 12], [3, 14, 4, 15], [5, 21, 6, 20], [7, 19, 8, 18]]"
12a_0725_134,"[[7, 19, 8, 18], [9, 1, 10, 24], [11, 23, 12, 22], [13, 17, 14, 16], [15, 2, 16, 3], [17, 5, 18, 4], [19, 7, 20, 6], [21, 9, 22, 8], [23, 11, 24, 10], [1, 13, 2, 12], [3, 14, 4, 15], [5, 21, 6, 20]]"
12a_0725_135,"[[5, 21, 6, 20], [7, 19, 8, 18], [9, 1, 10, 24], [11, 23, 12, 22], [13, 17, 14, 16], [15, 2, 16, 3], [17, 5, 18, 4], [19, 7, 20, 6], [21, 9, 22, 8], [23, 11, 24, 10], [1, 13, 2, 12], [3, 14, 4, 15]]"
12a_0725_136,"[[3, 14, 4, 15], [5, 21, 6, 20], [7, 19, 8, 18], [9, 1, 10, 24], [11, 23, 12, 22], [13, 17, 14, 16], [15, 2, 16, 3], [17, 5, 18, 4], [19, 7, 20, 6], [21, 9, 22, 8], [23, 11, 24, 10], [1, 13, 2, 12]]"
12a_0725_137,"[[1, 13, 2, 12], [3, 14, 4, 15], [5, 21, 6, 20], [7, 19, 8, 18], [9, 1, 10, 24], [11, 23, 12, 22], [13, 17, 14, 16], [15, 2, 16, 3], [17, 5, 18, 4], [19, 7, 20, 6], [21, 9, 22, 8], [23, 11, 24, 10]]"
12a_0725_138,"[[23, 11, 24, 10], [1, 13, 2, 12], [3, 14, 4, 15], [5, 21, 6, 20], [7, 19, 8, 18], [9, 1, 10, 24], [11, 23, 12, 22], [13, 17, 14, 16], [15, 2, 16, 3], [17, 5, 18, 4], [19, 7, 20, 6], [21, 9, 22, 8]]"
12a_0725_139,"[[21, 9, 22, 8], [23, 11, 24, 10], [1, 13, 2, 12], [3, 14, 4, 15], [5, 21, 6, 20], [7, 19, 8, 18], [9, 1, 10, 24], [11, 23, 12, 22], [13, 17, 14, 16], [15, 2, 16, 3], [17, 5, 18, 4], [19, 7, 20, 6]]"
12a_0725_140,"[[19, 7, 20, 6], [21, 9, 22, 8], [23, 11, 24, 10], [1, 13, 2, 12], [3, 14, 4, 15], [5, 21, 6, 20], [7, 19, 8, 18], [9, 1, 10, 24], [11, 23, 12, 22], [13, 17, 14, 16], [15, 2, 16, 3], [17, 5, 18, 4]]"
12a_0725_141,"[[17, 5, 18, 4], [19, 7, 20, 6], [21, 9, 22, 8], [23, 11, 24, 10], [1, 13, 2, 12], [3, 14, 4, 15], [5, 21, 6, 20], [7, 19, 8, 18], [9, 1, 10, 24], [11, 23, 12, 22], [13, 17, 14, 16], [15, 2, 16, 3]]"
12a_0725_142,"[[15, 2, 16, 3], [17, 5, 18, 4], [19, 7, 20, 6], [21, 9, 22, 8], [23, 11, 24, 10], [1, 13, 2, 12], [3, 14, 4, 15], [5, 21, 6, 20], [7, 19, 8, 18], [9, 1, 10, 24], [11, 23, 12, 22], [13, 17, 14, 16]]"
12a_0725_143,"[[13, 17, 14, 16], [15, 2, 16, 3], [17, 5, 18, 4], [19, 7, 20, 6], [21, 9, 22, 8], [23, 11, 24, 10], [1, 13, 2, 12], [3, 14, 4, 15], [5, 21, 6, 20], [7, 19, 8, 18], [9, 1, 10, 24], [11, 23, 12, 22]]"
12a_0725_144,"[[12, 24, 13, 23], [14, 18, 15, 17], [16, 3, 17, 4], [18, 6, 19, 5], [20, 8, 21, 7], [22, 10, 23, 9], [24, 12, 1, 11], [2, 14, 3, 13], [4, 15, 5, 16], [6, 22, 7, 21], [8, 20, 9, 19], [10, 2, 11, 1]]"
12a_0725_145,"[[10, 2, 11, 1], [12, 24, 13, 23], [14, 18, 15, 17], [16, 3, 17, 4], [18, 6, 19, 5], [20, 8, 21, 7], [22, 10, 23, 9], [24, 12, 1, 11], [2, 14, 3, 13], [4, 15, 5, 16], [6, 22, 7, 21], [8, 20, 9, 19]]"
12a_0725_146,"[[8, 20, 9, 19], [10, 2, 11, 1], [12, 24, 13, 23], [14, 18, 15, 17], [16, 3, 17, 4], [18, 6, 19, 5], [20, 8, 21, 7], [22, 10, 23, 9], [24, 12, 1, 11], [2, 14, 3, 13], [4, 15, 5, 16], [6, 22, 7, 21]]"
12a_0725_147,"[[6, 22, 7, 21], [8, 20, 9, 19], [10, 2, 11, 1], [12, 24, 13, 23], [14, 18, 15, 17], [16, 3, 17, 4], [18, 6, 19, 5], [20, 8, 21, 7], [22, 10, 23, 9], [24, 12, 1, 11], [2, 14, 3, 13], [4, 15, 5, 16]]"
12a_0725_148,"[[4, 15, 5, 16], [6, 22, 7, 21], [8, 20, 9, 19], [10, 2, 11, 1], [12, 24, 13, 23], [14, 18, 15, 17], [16, 3, 17, 4], [18, 6, 19, 5], [20, 8, 21, 7], [22, 10, 23, 9], [24, 12, 1, 11], [2, 14, 3, 13]]"
12a_0725_149,"[[2, 14, 3, 13], [4, 15, 5, 16], [6, 22, 7, 21], [8, 20, 9, 19], [10, 2, 11, 1], [12, 24, 13, 23], [14, 18, 15, 17], [16, 3, 17, 4], [18, 6, 19, 5], [20, 8, 21, 7], [22, 10, 23, 9], [24, 12, 1, 11]]"
12a_0725_150,"[[24, 12, 1, 11], [2, 14, 3, 13], [4, 15, 5, 16], [6, 22, 7, 21], [8, 20, 9, 19], [10, 2, 11, 1], [12, 24, 13, 23], [14, 18, 15, 17], [16, 3, 17, 4], [18, 6, 19, 5], [20, 8, 21, 7], [22, 10, 23, 9]]"
12a_0725_151,"[[22, 10, 23, 9], [24, 12, 1, 11], [2, 14, 3, 13], [4, 15, 5, 16], [6, 22, 7, 21], [8, 20, 9, 19], [10, 2, 11, 1], [12, 24, 13, 23], [14, 18, 15, 17], [16, 3, 17, 4], [18, 6, 19, 5], [20, 8, 21, 7]]"
12a_0725_152,"[[20, 8, 21, 7], [22, 10, 23, 9], [24, 12, 1, 11], [2, 14, 3, 13], [4, 15, 5, 16], [6, 22, 7, 21], [8, 20, 9, 19], [10, 2, 11, 1], [12, 24, 13, 23], [14, 18, 15, 17], [16, 3, 17, 4], [18, 6, 19, 5]]"
12a_0725_153,"[[18, 6, 19, 5], [20, 8, 21, 7], [22, 10, 23, 9], [24, 12, 1, 11], [2, 14, 3, 13], [4, 15, 5, 16], [6, 22, 7, 21], [8, 20, 9, 19], [10, 2, 11, 1], [12, 24, 13, 23], [14, 18, 15, 17], [16, 3, 17, 4]]"
12a_0725_154,"[[16, 3, 17, 4], [18, 6, 19, 5], [20, 8, 21, 7], [22, 10, 23, 9], [24, 12, 1, 11], [2, 14, 3, 13], [4, 15, 5, 16], [6, 22, 7, 21], [8, 20, 9, 19], [10, 2, 11, 1], [12, 24, 13, 23], [14, 18, 15, 17]]"
12a_0725_155,"[[14, 18, 15, 17], [16, 3, 17, 4], [18, 6, 19, 5], [20, 8, 21, 7], [22, 10, 23, 9], [24, 12, 1, 11], [2, 14, 3, 13], [4, 15, 5, 16], [6, 22, 7, 21], [8, 20, 9, 19], [10, 2, 11, 1], [12, 24, 13, 23]]"
12a_0725_156,"[[13, 1, 14, 24], [15, 19, 16, 18], [17, 4, 18, 5], [19, 7, 20, 6], [21, 9, 22, 8], [23, 11, 24, 10], [1, 13, 2, 12], [3, 15, 4, 14], [5, 16, 6, 17], [7, 23, 8, 22], [9, 21, 10, 20], [11, 3, 12, 2]]"
12a_0725_157,"[[11, 3, 12, 2], [13, 1, 14, 24], [15, 19, 16, 18], [17, 4, 18, 5], [19, 7, 20, 6], [21, 9, 22, 8], [23, 11, 24, 10], [1, 13, 2, 12], [3, 15, 4, 14], [5, 16, 6, 17], [7, 23, 8, 22], [9, 21, 10, 20]]"
12a_0725_158,"[[9, 21, 10, 20], [11, 3, 12, 2], [13, 1, 14, 24], [15, 19, 16, 18], [17, 4, 18, 5], [19, 7, 20, 6], [21, 9, 22, 8], [23, 11, 24, 10], [1, 13, 2, 12], [3, 15, 4, 14], [5, 16, 6, 17], [7, 23, 8, 22]]"
12a_0725_159,"[[7, 23, 8, 22], [9, 21, 10, 20], [11, 3, 12, 2], [13, 1, 14, 24], [15, 19, 16, 18], [17, 4, 18, 5], [19, 7, 20, 6], [21, 9, 22, 8], [23, 11, 24, 10], [1, 13, 2, 12], [3, 15, 4, 14], [5, 16, 6, 17]]"
12a_0725_160,"[[5, 16, 6, 17], [7, 23, 8, 22], [9, 21, 10, 20], [11, 3, 12, 2], [13, 1, 14, 24], [15, 19, 16, 18], [17, 4, 18, 5], [19, 7, 20, 6], [21, 9, 22, 8], [23, 11, 24, 10], [1, 13, 2, 12], [3, 15, 4, 14]]"
12a_0725_161,"[[3, 15, 4, 14], [5, 16, 6, 17], [7, 23, 8, 22], [9, 21, 10, 20], [11, 3, 12, 2], [13, 1, 14, 24], [15, 19, 16, 18], [17, 4, 18, 5], [19, 7, 20, 6], [21, 9, 22, 8], [23, 11, 24, 10], [1, 13, 2, 12]]"
12a_0725_162,"[[1, 13, 2, 12], [3, 15, 4, 14], [5, 16, 6, 17], [7, 23, 8, 22], [9, 21, 10, 20], [11, 3, 12, 2], [13, 1, 14, 24], [15, 19, 16, 18], [17, 4, 18, 5], [19, 7, 20, 6], [21, 9, 22, 8], [23, 11, 24, 10]]"
12a_0725_163,"[[23, 11, 24, 10], [1, 13, 2, 12], [3, 15, 4, 14], [5, 16, 6, 17], [7, 23, 8, 22], [9, 21, 10, 20], [11, 3, 12, 2], [13, 1, 14, 24], [15, 19, 16, 18], [17, 4, 18, 5], [19, 7, 20, 6], [21, 9, 22, 8]]"
12a_0725_164,"[[21, 9, 22, 8], [23, 11, 24, 10], [1, 13, 2, 12], [3, 15, 4, 14], [5, 16, 6, 17], [7, 23, 8, 22], [9, 21, 10, 20], [11, 3, 12, 2], [13, 1, 14, 24], [15, 19, 16, 18], [17, 4, 18, 5], [19, 7, 20, 6]]"
12a_0725_165,"[[19, 7, 20, 6], [21, 9, 22, 8], [23, 11, 24, 10], [1, 13, 2, 12], [3, 15, 4, 14], [5, 16, 6, 17], [7, 23, 8, 22], [9, 21, 10, 20], [11, 3, 12, 2], [13, 1, 14, 24], [15, 19, 16, 18], [17, 4, 18, 5]]"
12a_0725_166,"[[17, 4, 18, 5], [19, 7, 20, 6], [21, 9, 22, 8], [23, 11, 24, 10], [1, 13, 2, 12], [3, 15, 4, 14], [5, 16, 6, 17], [7, 23, 8, 22], [9, 21, 10, 20], [11, 3, 12, 2], [13, 1, 14, 24], [15, 19, 16, 18]]"
12a_0725_167,"[[15, 19, 16, 18], [17, 4, 18, 5], [19, 7, 20, 6], [21, 9, 22, 8], [23, 11, 24, 10], [1, 13, 2, 12], [3, 15, 4, 14], [5, 16, 6, 17], [7, 23, 8, 22], [9, 21, 10, 20], [11, 3, 12, 2], [13, 1, 14, 24]]"
12a_0725_168,"[[14, 2, 15, 1], [16, 20, 17, 19], [18, 5, 19, 6], [20, 8, 21, 7], [22, 10, 23, 9], [24, 12, 1, 11], [2, 14, 3, 13], [4, 16, 5, 15], [6, 17, 7, 18], [8, 24, 9, 23], [10, 22, 11, 21], [12, 4, 13, 3]]"
12a_0725_169,"[[12, 4, 13, 3], [14, 2, 15, 1], [16, 20, 17, 19], [18, 5, 19, 6], [20, 8, 21, 7], [22, 10, 23, 9], [24, 12, 1, 11], [2, 14, 3, 13], [4, 16, 5, 15], [6, 17, 7, 18], [8, 24, 9, 23], [10, 22, 11, 21]]"
12a_0725_170,"[[10, 22, 11, 21], [12, 4, 13, 3], [14, 2, 15, 1], [16, 20, 17, 19], [18, 5, 19, 6], [20, 8, 21, 7], [22, 10, 23, 9], [24, 12, 1, 11], [2, 14, 3, 13], [4, 16, 5, 15], [6, 17, 7, 18], [8, 24, 9, 23]]"
12a_0725_171,"[[8, 24, 9, 23], [10, 22, 11, 21], [12, 4, 13, 3], [14, 2, 15, 1], [16, 20, 17, 19], [18, 5, 19, 6], [20, 8, 21, 7], [22, 10, 23, 9], [24, 12, 1, 11], [2, 14, 3, 13], [4, 16, 5, 15], [6, 17, 7, 18]]"
12a_0725_172,"[[6, 17, 7, 18], [8, 24, 9, 23], [10, 22, 11, 21], [12, 4, 13, 3], [14, 2, 15, 1], [16, 20, 17, 19], [18, 5, 19, 6], [20, 8, 21, 7], [22, 10, 23, 9], [24, 12, 1, 11], [2, 14, 3, 13], [4, 16, 5, 15]]"
12a_0725_173,"[[4, 16, 5, 15], [6, 17, 7, 18], [8, 24, 9, 23], [10, 22, 11, 21], [12, 4, 13, 3], [14, 2, 15, 1], [16, 20, 17, 19], [18, 5, 19, 6], [20, 8, 21, 7], [22, 10, 23, 9], [24, 12, 1, 11], [2, 14, 3, 13]]"
12a_0725_174,"[[2, 14, 3, 13], [4, 16, 5, 15], [6, 17, 7, 18], [8, 24, 9, 23], [10, 22, 11, 21], [12, 4, 13, 3], [14, 2, 15, 1], [16, 20, 17, 19], [18, 5, 19, 6], [20, 8, 21, 7], [22, 10, 23, 9], [24, 12, 1, 11]]"
12a_0725_175,"[[24, 12, 1, 11], [2, 14, 3, 13], [4, 16, 5, 15], [6, 17, 7, 18], [8, 24, 9, 23], [10, 22, 11, 21], [12, 4, 13, 3], [14, 2, 15, 1], [16, 20, 17, 19], [18, 5, 19, 6], [20, 8, 21, 7], [22, 10, 23, 9]]"
12a_0725_176,"[[22, 10, 23, 9], [24, 12, 1, 11], [2, 14, 3, 13], [4, 16, 5, 15], [6, 17, 7, 18], [8, 24, 9, 23], [10, 22, 11, 21], [12, 4, 13, 3], [14, 2, 15, 1], [16, 20, 17, 19], [18, 5, 19, 6], [20, 8, 21, 7]]"
12a_0725_177,"[[20, 8, 21, 7], [22, 10, 23, 9], [24, 12, 1, 11], [2, 14, 3, 13], [4, 16, 5, 15], [6, 17, 7, 18], [8, 24, 9, 23], [10, 22, 11, 21], [12, 4, 13, 3], [14, 2, 15, 1], [16, 20, 17, 19], [18, 5, 19, 6]]"
12a_0725_178,"[[18, 5, 19, 6], [20, 8, 21, 7], [22, 10, 23, 9], [24, 12, 1, 11], [2, 14, 3, 13], [4, 16, 5, 15], [6, 17, 7, 18], [8, 24, 9, 23], [10, 22, 11, 21], [12, 4, 13, 3], [14, 2, 15, 1], [16, 20, 17, 19]]"
12a_0725_179,"[[16, 20, 17, 19], [18, 5, 19, 6], [20, 8, 21, 7], [22, 10, 23, 9], [24, 12, 1, 11], [2, 14, 3, 13], [4, 16, 5, 15], [6, 17, 7, 18], [8, 24, 9, 23], [10, 22, 11, 21], [12, 4, 13, 3], [14, 2, 15, 1]]"
12a_0725_180,"[[15, 3, 16, 2], [17, 21, 18, 20], [19, 6, 20, 7], [21, 9, 22, 8], [23, 11, 24, 10], [1, 13, 2, 12], [3, 15, 4, 14], [5, 17, 6, 16], [7, 18, 8, 19], [9, 1, 10, 24], [11, 23, 12, 22], [13, 5, 14, 4]]"
12a_0725_181,"[[13, 5, 14, 4], [15, 3, 16, 2], [17, 21, 18, 20], [19, 6, 20, 7], [21, 9, 22, 8], [23, 11, 24, 10], [1, 13, 2, 12], [3, 15, 4, 14], [5, 17, 6, 16], [7, 18, 8, 19], [9, 1, 10, 24], [11, 23, 12, 22]]"
12a_0725_182,"[[11, 23, 12, 22], [13, 5, 14, 4], [15, 3, 16, 2], [17, 21, 18, 20], [19, 6, 20, 7], [21, 9, 22, 8], [23, 11, 24, 10], [1, 13, 2, 12], [3, 15, 4, 14], [5, 17, 6, 16], [7, 18, 8, 19], [9, 1, 10, 24]]"
12a_0725_183,"[[9, 1, 10, 24], [11, 23, 12, 22], [13, 5, 14, 4], [15, 3, 16, 2], [17, 21, 18, 20], [19, 6, 20, 7], [21, 9, 22, 8], [23, 11, 24, 10], [1, 13, 2, 12], [3, 15, 4, 14], [5, 17, 6, 16], [7, 18, 8, 19]]"
12a_0725_184,"[[7, 18, 8, 19], [9, 1, 10, 24], [11, 23, 12, 22], [13, 5, 14, 4], [15, 3, 16, 2], [17, 21, 18, 20], [19, 6, 20, 7], [21, 9, 22, 8], [23, 11, 24, 10], [1, 13, 2, 12], [3, 15, 4, 14], [5, 17, 6, 16]]"
12a_0725_185,"[[5, 17, 6, 16], [7, 18, 8, 19], [9, 1, 10, 24], [11, 23, 12, 22], [13, 5, 14, 4], [15, 3, 16, 2], [17, 21, 18, 20], [19, 6, 20, 7], [21, 9, 22, 8], [23, 11, 24, 10], [1, 13, 2, 12], [3, 15, 4, 14]]"
