name,pd_notation
12a_0362_0,"[[24, 7, 1, 8], [2, 6, 3, 5], [4, 11, 5, 12], [6, 17, 7, 18], [8, 16, 9, 15], [10, 21, 11, 22], [12, 3, 13, 4], [14, 19, 15, 20], [16, 1, 17, 2], [18, 24, 19, 23], [20, 9, 21, 10], [22, 13, 23, 14]]"
12a_0362_1,"[[22, 13, 23, 14], [24, 7, 1, 8], [2, 6, 3, 5], [4, 11, 5, 12], [6, 17, 7, 18], [8, 16, 9, 15], [10, 21, 11, 22], [12, 3, 13, 4], [14, 19, 15, 20], [16, 1, 17, 2], [18, 24, 19, 23], [20, 9, 21, 10]]"
12a_0362_2,"[[20, 9, 21, 10], [22, 13, 23, 14], [24, 7, 1, 8], [2, 6, 3, 5], [4, 11, 5, 12], [6, 17, 7, 18], [8, 16, 9, 15], [10, 21, 11, 22], [12, 3, 13, 4], [14, 19, 15, 20], [16, 1, 17, 2], [18, 24, 19, 23]]"
12a_0362_3,"[[18, 24, 19, 23], [20, 9, 21, 10], [22, 13, 23, 14], [24, 7, 1, 8], [2, 6, 3, 5], [4, 11, 5, 12], [6, 17, 7, 18], [8, 16, 9, 15], [10, 21, 11, 22], [12, 3, 13, 4], [14, 19, 15, 20], [16, 1, 17, 2]]"
12a_0362_4,"[[16, 1, 17, 2], [18, 24, 19, 23], [20, 9, 21, 10], [22, 13, 23, 14], [24, 7, 1, 8], [2, 6, 3, 5], [4, 11, 5, 12], [6, 17, 7, 18], [8, 16, 9, 15], [10, 21, 11, 22], [12, 3, 13, 4], [14, 19, 15, 20]]"
12a_0362_5,"[[14, 19, 15, 20], [16, 1, 17, 2], [18, 24, 19, 23], [20, 9, 21, 10], [22, 13, 23, 14], [24, 7, 1, 8], [2, 6, 3, 5], [4, 11, 5, 12], [6, 17, 7, 18], [8, 16, 9, 15], [10, 21, 11, 22], [12, 3, 13, 4]]"
12a_0362_6,"[[12, 3, 13, 4], [14, 19, 15, 20], [16, 1, 17, 2], [18, 24, 19, 23], [20, 9, 21, 10], [22, 13, 23, 14], [24, 7, 1, 8], [2, 6, 3, 5], [4, 11, 5, 12], [6, 17, 7, 18], [8, 16, 9, 15], [10, 21, 11, 22]]"
12a_0362_7,"[[10, 21, 11, 22], [12, 3, 13, 4], [14, 19, 15, 20], [16, 1, 17, 2], [18, 24, 19, 23], [20, 9, 21, 10], [22, 13, 23, 14], [24, 7, 1, 8], [2, 6, 3, 5], [4, 11, 5, 12], [6, 17, 7, 18], [8, 16, 9, 15]]"
12a_0362_8,"[[8, 16, 9, 15], [10, 21, 11, 22], [12, 3, 13, 4], [14, 19, 15, 20], [16, 1, 17, 2], [18, 24, 19, 23], [20, 9, 21, 10], [22, 13, 23, 14], [24, 7, 1, 8], [2, 6, 3, 5], [4, 11, 5, 12], [6, 17, 7, 18]]"
12a_0362_9,"[[6, 17, 7, 18], [8, 16, 9, 15], [10, 21, 11, 22], [12, 3, 13, 4], [14, 19, 15, 20], [16, 1, 17, 2], [18, 24, 19, 23], [20, 9, 21, 10], [22, 13, 23, 14], [24, 7, 1, 8], [2, 6, 3, 5], [4, 11, 5, 12]]"
12a_0362_10,"[[4, 11, 5, 12], [6, 17, 7, 18], [8, 16, 9, 15], [10, 21, 11, 22], [12, 3, 13, 4], [14, 19, 15, 20], [16, 1, 17, 2], [18, 24, 19, 23], [20, 9, 21, 10], [22, 13, 23, 14], [24, 7, 1, 8], [2, 6, 3, 5]]"
12a_0362_11,"[[2, 6, 3, 5], [4, 11, 5, 12], [6, 17, 7, 18], [8, 16, 9, 15], [10, 21, 11, 22], [12, 3, 13, 4], [14, 19, 15, 20], [16, 1, 17, 2], [18, 24, 19, 23], [20, 9, 21, 10], [22, 13, 23, 14], [24, 7, 1, 8]]"
12a_0362_12,"[[1, 8, 2, 9], [3, 7, 4, 6], [5, 12, 6, 13], [7, 18, 8, 19], [9, 17, 10, 16], [11, 22, 12, 23], [13, 4, 14, 5], [15, 20, 16, 21], [17, 2, 18, 3], [19, 1, 20, 24], [21, 10, 22, 11], [23, 14, 24, 15]]"
12a_0362_13,"[[23, 14, 24, 15], [1, 8, 2, 9], [3, 7, 4, 6], [5, 12, 6, 13], [7, 18, 8, 19], [9, 17, 10, 16], [11, 22, 12, 23], [13, 4, 14, 5], [15, 20, 16, 21], [17, 2, 18, 3], [19, 1, 20, 24], [21, 10, 22, 11]]"
12a_0362_14,"[[21, 10, 22, 11], [23, 14, 24, 15], [1, 8, 2, 9], [3, 7, 4, 6], [5, 12, 6, 13], [7, 18, 8, 19], [9, 17, 10, 16], [11, 22, 12, 23], [13, 4, 14, 5], [15, 20, 16, 21], [17, 2, 18, 3], [19, 1, 20, 24]]"
12a_0362_15,"[[19, 1, 20, 24], [21, 10, 22, 11], [23, 14, 24, 15], [1, 8, 2, 9], [3, 7, 4, 6], [5, 12, 6, 13], [7, 18, 8, 19], [9, 17, 10, 16], [11, 22, 12, 23], [13, 4, 14, 5], [15, 20, 16, 21], [17, 2, 18, 3]]"
12a_0362_16,"[[17, 2, 18, 3], [19, 1, 20, 24], [21, 10, 22, 11], [23, 14, 24, 15], [1, 8, 2, 9], [3, 7, 4, 6], [5, 12, 6, 13], [7, 18, 8, 19], [9, 17, 10, 16], [11, 22, 12, 23], [13, 4, 14, 5], [15, 20, 16, 21]]"
12a_0362_17,"[[15, 20, 16, 21], [17, 2, 18, 3], [19, 1, 20, 24], [21, 10, 22, 11], [23, 14, 24, 15], [1, 8, 2, 9], [3, 7, 4, 6], [5, 12, 6, 13], [7, 18, 8, 19], [9, 17, 10, 16], [11, 22, 12, 23], [13, 4, 14, 5]]"
12a_0362_18,"[[13, 4, 14, 5], [15, 20, 16, 21], [17, 2, 18, 3], [19, 1, 20, 24], [21, 10, 22, 11], [23, 14, 24, 15], [1, 8, 2, 9], [3, 7, 4, 6], [5, 12, 6, 13], [7, 18, 8, 19], [9, 17, 10, 16], [11, 22, 12, 23]]"
12a_0362_19,"[[11, 22, 12, 23], [13, 4, 14, 5], [15, 20, 16, 21], [17, 2, 18, 3], [19, 1, 20, 24], [21, 10, 22, 11], [23, 14, 24, 15], [1, 8, 2, 9], [3, 7, 4, 6], [5, 12, 6, 13], [7, 18, 8, 19], [9, 17, 10, 16]]"
12a_0362_20,"[[9, 17, 10, 16], [11, 22, 12, 23], [13, 4, 14, 5], [15, 20, 16, 21], [17, 2, 18, 3], [19, 1, 20, 24], [21, 10, 22, 11], [23, 14, 24, 15], [1, 8, 2, 9], [3, 7, 4, 6], [5, 12, 6, 13], [7, 18, 8, 19]]"
12a_0362_21,"[[7, 18, 8, 19], [9, 17, 10, 16], [11, 22, 12, 23], [13, 4, 14, 5], [15, 20, 16, 21], [17, 2, 18, 3], [19, 1, 20, 24], [21, 10, 22, 11], [23, 14, 24, 15], [1, 8, 2, 9], [3, 7, 4, 6], [5, 12, 6, 13]]"
12a_0362_22,"[[5, 12, 6, 13], [7, 18, 8, 19], [9, 17, 10, 16], [11, 22, 12, 23], [13, 4, 14, 5], [15, 20, 16, 21], [17, 2, 18, 3], [19, 1, 20, 24], [21, 10, 22, 11], [23, 14, 24, 15], [1, 8, 2, 9], [3, 7, 4, 6]]"
12a_0362_23,"[[3, 7, 4, 6], [5, 12, 6, 13], [7, 18, 8, 19], [9, 17, 10, 16], [11, 22, 12, 23], [13, 4, 14, 5], [15, 20, 16, 21], [17, 2, 18, 3], [19, 1, 20, 24], [21, 10, 22, 11], [23, 14, 24, 15], [1, 8, 2, 9]]"
12a_0362_24,"[[2, 9, 3, 10], [4, 8, 5, 7], [6, 13, 7, 14], [8, 19, 9, 20], [10, 18, 11, 17], [12, 23, 13, 24], [14, 5, 15, 6], [16, 21, 17, 22], [18, 3, 19, 4], [20, 2, 21, 1], [22, 11, 23, 12], [24, 15, 1, 16]]"
12a_0362_25,"[[24, 15, 1, 16], [2, 9, 3, 10], [4, 8, 5, 7], [6, 13, 7, 14], [8, 19, 9, 20], [10, 18, 11, 17], [12, 23, 13, 24], [14, 5, 15, 6], [16, 21, 17, 22], [18, 3, 19, 4], [20, 2, 21, 1], [22, 11, 23, 12]]"
12a_0362_26,"[[22, 11, 23, 12], [24, 15, 1, 16], [2, 9, 3, 10], [4, 8, 5, 7], [6, 13, 7, 14], [8, 19, 9, 20], [10, 18, 11, 17], [12, 23, 13, 24], [14, 5, 15, 6], [16, 21, 17, 22], [18, 3, 19, 4], [20, 2, 21, 1]]"
12a_0362_27,"[[20, 2, 21, 1], [22, 11, 23, 12], [24, 15, 1, 16], [2, 9, 3, 10], [4, 8, 5, 7], [6, 13, 7, 14], [8, 19, 9, 20], [10, 18, 11, 17], [12, 23, 13, 24], [14, 5, 15, 6], [16, 21, 17, 22], [18, 3, 19, 4]]"
12a_0362_28,"[[18, 3, 19, 4], [20, 2, 21, 1], [22, 11, 23, 12], [24, 15, 1, 16], [2, 9, 3, 10], [4, 8, 5, 7], [6, 13, 7, 14], [8, 19, 9, 20], [10, 18, 11, 17], [12, 23, 13, 24], [14, 5, 15, 6], [16, 21, 17, 22]]"
12a_0362_29,"[[16, 21, 17, 22], [18, 3, 19, 4], [20, 2, 21, 1], [22, 11, 23, 12], [24, 15, 1, 16], [2, 9, 3, 10], [4, 8, 5, 7], [6, 13, 7, 14], [8, 19, 9, 20], [10, 18, 11, 17], [12, 23, 13, 24], [14, 5, 15, 6]]"
12a_0362_30,"[[14, 5, 15, 6], [16, 21, 17, 22], [18, 3, 19, 4], [20, 2, 21, 1], [22, 11, 23, 12], [24, 15, 1, 16], [2, 9, 3, 10], [4, 8, 5, 7], [6, 13, 7, 14], [8, 19, 9, 20], [10, 18, 11, 17], [12, 23, 13, 24]]"
12a_0362_31,"[[12, 23, 13, 24], [14, 5, 15, 6], [16, 21, 17, 22], [18, 3, 19, 4], [20, 2, 21, 1], [22, 11, 23, 12], [24, 15, 1, 16], [2, 9, 3, 10], [4, 8, 5, 7], [6, 13, 7, 14], [8, 19, 9, 20], [10, 18, 11, 17]]"
12a_0362_32,"[[10, 18, 11, 17], [12, 23, 13, 24], [14, 5, 15, 6], [16, 21, 17, 22], [18, 3, 19, 4], [20, 2, 21, 1], [22, 11, 23, 12], [24, 15, 1, 16], [2, 9, 3, 10], [4, 8, 5, 7], [6, 13, 7, 14], [8, 19, 9, 20]]"
12a_0362_33,"[[8, 19, 9, 20], [10, 18, 11, 17], [12, 23, 13, 24], [14, 5, 15, 6], [16, 21, 17, 22], [18, 3, 19, 4], [20, 2, 21, 1], [22, 11, 23, 12], [24, 15, 1, 16], [2, 9, 3, 10], [4, 8, 5, 7], [6, 13, 7, 14]]"
12a_0362_34,"[[6, 13, 7, 14], [8, 19, 9, 20], [10, 18, 11, 17], [12, 23, 13, 24], [14, 5, 15, 6], [16, 21, 17, 22], [18, 3, 19, 4], [20, 2, 21, 1], [22, 11, 23, 12], [24, 15, 1, 16], [2, 9, 3, 10], [4, 8, 5, 7]]"
12a_0362_35,"[[4, 8, 5, 7], [6, 13, 7, 14], [8, 19, 9, 20], [10, 18, 11, 17], [12, 23, 13, 24], [14, 5, 15, 6], [16, 21, 17, 22], [18, 3, 19, 4], [20, 2, 21, 1], [22, 11, 23, 12], [24, 15, 1, 16], [2, 9, 3, 10]]"
12a_0362_36,"[[3, 10, 4, 11], [5, 9, 6, 8], [7, 14, 8, 15], [9, 20, 10, 21], [11, 19, 12, 18], [13, 24, 14, 1], [15, 6, 16, 7], [17, 22, 18, 23], [19, 4, 20, 5], [21, 3, 22, 2], [23, 12, 24, 13], [1, 16, 2, 17]]"
12a_0362_37,"[[1, 16, 2, 17], [3, 10, 4, 11], [5, 9, 6, 8], [7, 14, 8, 15], [9, 20, 10, 21], [11, 19, 12, 18], [13, 24, 14, 1], [15, 6, 16, 7], [17, 22, 18, 23], [19, 4, 20, 5], [21, 3, 22, 2], [23, 12, 24, 13]]"
12a_0362_38,"[[23, 12, 24, 13], [1, 16, 2, 17], [3, 10, 4, 11], [5, 9, 6, 8], [7, 14, 8, 15], [9, 20, 10, 21], [11, 19, 12, 18], [13, 24, 14, 1], [15, 6, 16, 7], [17, 22, 18, 23], [19, 4, 20, 5], [21, 3, 22, 2]]"
12a_0362_39,"[[21, 3, 22, 2], [23, 12, 24, 13], [1, 16, 2, 17], [3, 10, 4, 11], [5, 9, 6, 8], [7, 14, 8, 15], [9, 20, 10, 21], [11, 19, 12, 18], [13, 24, 14, 1], [15, 6, 16, 7], [17, 22, 18, 23], [19, 4, 20, 5]]"
12a_0362_40,"[[19, 4, 20, 5], [21, 3, 22, 2], [23, 12, 24, 13], [1, 16, 2, 17], [3, 10, 4, 11], [5, 9, 6, 8], [7, 14, 8, 15], [9, 20, 10, 21], [11, 19, 12, 18], [13, 24, 14, 1], [15, 6, 16, 7], [17, 22, 18, 23]]"
12a_0362_41,"[[17, 22, 18, 23], [19, 4, 20, 5], [21, 3, 22, 2], [23, 12, 24, 13], [1, 16, 2, 17], [3, 10, 4, 11], [5, 9, 6, 8], [7, 14, 8, 15], [9, 20, 10, 21], [11, 19, 12, 18], [13, 24, 14, 1], [15, 6, 16, 7]]"
12a_0362_42,"[[15, 6, 16, 7], [17, 22, 18, 23], [19, 4, 20, 5], [21, 3, 22, 2], [23, 12, 24, 13], [1, 16, 2, 17], [3, 10, 4, 11], [5, 9, 6, 8], [7, 14, 8, 15], [9, 20, 10, 21], [11, 19, 12, 18], [13, 24, 14, 1]]"
12a_0362_43,"[[13, 24, 14, 1], [15, 6, 16, 7], [17, 22, 18, 23], [19, 4, 20, 5], [21, 3, 22, 2], [23, 12, 24, 13], [1, 16, 2, 17], [3, 10, 4, 11], [5, 9, 6, 8], [7, 14, 8, 15], [9, 20, 10, 21], [11, 19, 12, 18]]"
12a_0362_44,"[[11, 19, 12, 18], [13, 24, 14, 1], [15, 6, 16, 7], [17, 22, 18, 23], [19, 4, 20, 5], [21, 3, 22, 2], [23, 12, 24, 13], [1, 16, 2, 17], [3, 10, 4, 11], [5, 9, 6, 8], [7, 14, 8, 15], [9, 20, 10, 21]]"
12a_0362_45,"[[9, 20, 10, 21], [11, 19, 12, 18], [13, 24, 14, 1], [15, 6, 16, 7], [17, 22, 18, 23], [19, 4, 20, 5], [21, 3, 22, 2], [23, 12, 24, 13], [1, 16, 2, 17], [3, 10, 4, 11], [5, 9, 6, 8], [7, 14, 8, 15]]"
12a_0362_46,"[[7, 14, 8, 15], [9, 20, 10, 21], [11, 19, 12, 18], [13, 24, 14, 1], [15, 6, 16, 7], [17, 22, 18, 23], [19, 4, 20, 5], [21, 3, 22, 2], [23, 12, 24, 13], [1, 16, 2, 17], [3, 10, 4, 11], [5, 9, 6, 8]]"
12a_0362_47,"[[5, 9, 6, 8], [7, 14, 8, 15], [9, 20, 10, 21], [11, 19, 12, 18], [13, 24, 14, 1], [15, 6, 16, 7], [17, 22, 18, 23], [19, 4, 20, 5], [21, 3, 22, 2], [23, 12, 24, 13], [1, 16, 2, 17], [3, 10, 4, 11]]"
12a_0362_48,"[[4, 11, 5, 12], [6, 10, 7, 9], [8, 15, 9, 16], [10, 21, 11, 22], [12, 20, 13, 19], [14, 1, 15, 2], [16, 7, 17, 8], [18, 23, 19, 24], [20, 5, 21, 6], [22, 4, 23, 3], [24, 13, 1, 14], [2, 17, 3, 18]]"
12a_0362_49,"[[2, 17, 3, 18], [4, 11, 5, 12], [6, 10, 7, 9], [8, 15, 9, 16], [10, 21, 11, 22], [12, 20, 13, 19], [14, 1, 15, 2], [16, 7, 17, 8], [18, 23, 19, 24], [20, 5, 21, 6], [22, 4, 23, 3], [24, 13, 1, 14]]"
12a_0362_50,"[[24, 13, 1, 14], [2, 17, 3, 18], [4, 11, 5, 12], [6, 10, 7, 9], [8, 15, 9, 16], [10, 21, 11, 22], [12, 20, 13, 19], [14, 1, 15, 2], [16, 7, 17, 8], [18, 23, 19, 24], [20, 5, 21, 6], [22, 4, 23, 3]]"
12a_0362_51,"[[22, 4, 23, 3], [24, 13, 1, 14], [2, 17, 3, 18], [4, 11, 5, 12], [6, 10, 7, 9], [8, 15, 9, 16], [10, 21, 11, 22], [12, 20, 13, 19], [14, 1, 15, 2], [16, 7, 17, 8], [18, 23, 19, 24], [20, 5, 21, 6]]"
12a_0362_52,"[[20, 5, 21, 6], [22, 4, 23, 3], [24, 13, 1, 14], [2, 17, 3, 18], [4, 11, 5, 12], [6, 10, 7, 9], [8, 15, 9, 16], [10, 21, 11, 22], [12, 20, 13, 19], [14, 1, 15, 2], [16, 7, 17, 8], [18, 23, 19, 24]]"
12a_0362_53,"[[18, 23, 19, 24], [20, 5, 21, 6], [22, 4, 23, 3], [24, 13, 1, 14], [2, 17, 3, 18], [4, 11, 5, 12], [6, 10, 7, 9], [8, 15, 9, 16], [10, 21, 11, 22], [12, 20, 13, 19], [14, 1, 15, 2], [16, 7, 17, 8]]"
12a_0362_54,"[[16, 7, 17, 8], [18, 23, 19, 24], [20, 5, 21, 6], [22, 4, 23, 3], [24, 13, 1, 14], [2, 17, 3, 18], [4, 11, 5, 12], [6, 10, 7, 9], [8, 15, 9, 16], [10, 21, 11, 22], [12, 20, 13, 19], [14, 1, 15, 2]]"
12a_0362_55,"[[14, 1, 15, 2], [16, 7, 17, 8], [18, 23, 19, 24], [20, 5, 21, 6], [22, 4, 23, 3], [24, 13, 1, 14], [2, 17, 3, 18], [4, 11, 5, 12], [6, 10, 7, 9], [8, 15, 9, 16], [10, 21, 11, 22], [12, 20, 13, 19]]"
12a_0362_56,"[[12, 20, 13, 19], [14, 1, 15, 2], [16, 7, 17, 8], [18, 23, 19, 24], [20, 5, 21, 6], [22, 4, 23, 3], [24, 13, 1, 14], [2, 17, 3, 18], [4, 11, 5, 12], [6, 10, 7, 9], [8, 15, 9, 16], [10, 21, 11, 22]]"
12a_0362_57,"[[10, 21, 11, 22], [12, 20, 13, 19], [14, 1, 15, 2], [16, 7, 17, 8], [18, 23, 19, 24], [20, 5, 21, 6], [22, 4, 23, 3], [24, 13, 1, 14], [2, 17, 3, 18], [4, 11, 5, 12], [6, 10, 7, 9], [8, 15, 9, 16]]"
12a_0362_58,"[[8, 15, 9, 16], [10, 21, 11, 22], [12, 20, 13, 19], [14, 1, 15, 2], [16, 7, 17, 8], [18, 23, 19, 24], [20, 5, 21, 6], [22, 4, 23, 3], [24, 13, 1, 14], [2, 17, 3, 18], [4, 11, 5, 12], [6, 10, 7, 9]]"
12a_0362_59,"[[6, 10, 7, 9], [8, 15, 9, 16], [10, 21, 11, 22], [12, 20, 13, 19], [14, 1, 15, 2], [16, 7, 17, 8], [18, 23, 19, 24], [20, 5, 21, 6], [22, 4, 23, 3], [24, 13, 1, 14], [2, 17, 3, 18], [4, 11, 5, 12]]"
12a_0362_60,"[[5, 12, 6, 13], [7, 11, 8, 10], [9, 16, 10, 17], [11, 22, 12, 23], [13, 21, 14, 20], [15, 2, 16, 3], [17, 8, 18, 9], [19, 24, 20, 1], [21, 6, 22, 7], [23, 5, 24, 4], [1, 14, 2, 15], [3, 18, 4, 19]]"
12a_0362_61,"[[3, 18, 4, 19], [5, 12, 6, 13], [7, 11, 8, 10], [9, 16, 10, 17], [11, 22, 12, 23], [13, 21, 14, 20], [15, 2, 16, 3], [17, 8, 18, 9], [19, 24, 20, 1], [21, 6, 22, 7], [23, 5, 24, 4], [1, 14, 2, 15]]"
12a_0362_62,"[[1, 14, 2, 15], [3, 18, 4, 19], [5, 12, 6, 13], [7, 11, 8, 10], [9, 16, 10, 17], [11, 22, 12, 23], [13, 21, 14, 20], [15, 2, 16, 3], [17, 8, 18, 9], [19, 24, 20, 1], [21, 6, 22, 7], [23, 5, 24, 4]]"
12a_0362_63,"[[23, 5, 24, 4], [1, 14, 2, 15], [3, 18, 4, 19], [5, 12, 6, 13], [7, 11, 8, 10], [9, 16, 10, 17], [11, 22, 12, 23], [13, 21, 14, 20], [15, 2, 16, 3], [17, 8, 18, 9], [19, 24, 20, 1], [21, 6, 22, 7]]"
12a_0362_64,"[[21, 6, 22, 7], [23, 5, 24, 4], [1, 14, 2, 15], [3, 18, 4, 19], [5, 12, 6, 13], [7, 11, 8, 10], [9, 16, 10, 17], [11, 22, 12, 23], [13, 21, 14, 20], [15, 2, 16, 3], [17, 8, 18, 9], [19, 24, 20, 1]]"
12a_0362_65,"[[19, 24, 20, 1], [21, 6, 22, 7], [23, 5, 24, 4], [1, 14, 2, 15], [3, 18, 4, 19], [5, 12, 6, 13], [7, 11, 8, 10], [9, 16, 10, 17], [11, 22, 12, 23], [13, 21, 14, 20], [15, 2, 16, 3], [17, 8, 18, 9]]"
12a_0362_66,"[[17, 8, 18, 9], [19, 24, 20, 1], [21, 6, 22, 7], [23, 5, 24, 4], [1, 14, 2, 15], [3, 18, 4, 19], [5, 12, 6, 13], [7, 11, 8, 10], [9, 16, 10, 17], [11, 22, 12, 23], [13, 21, 14, 20], [15, 2, 16, 3]]"
12a_0362_67,"[[15, 2, 16, 3], [17, 8, 18, 9], [19, 24, 20, 1], [21, 6, 22, 7], [23, 5, 24, 4], [1, 14, 2, 15], [3, 18, 4, 19], [5, 12, 6, 13], [7, 11, 8, 10], [9, 16, 10, 17], [11, 22, 12, 23], [13, 21, 14, 20]]"
12a_0362_68,"[[13, 21, 14, 20], [15, 2, 16, 3], [17, 8, 18, 9], [19, 24, 20, 1], [21, 6, 22, 7], [23, 5, 24, 4], [1, 14, 2, 15], [3, 18, 4, 19], [5, 12, 6, 13], [7, 11, 8, 10], [9, 16, 10, 17], [11, 22, 12, 23]]"
12a_0362_69,"[[11, 22, 12, 23], [13, 21, 14, 20], [15, 2, 16, 3], [17, 8, 18, 9], [19, 24, 20, 1], [21, 6, 22, 7], [23, 5, 24, 4], [1, 14, 2, 15], [3, 18, 4, 19], [5, 12, 6, 13], [7, 11, 8, 10], [9, 16, 10, 17]]"
12a_0362_70,"[[9, 16, 10, 17], [11, 22, 12, 23], [13, 21, 14, 20], [15, 2, 16, 3], [17, 8, 18, 9], [19, 24, 20, 1], [21, 6, 22, 7], [23, 5, 24, 4], [1, 14, 2, 15], [3, 18, 4, 19], [5, 12, 6, 13], [7, 11, 8, 10]]"
12a_0362_71,"[[7, 11, 8, 10], [9, 16, 10, 17], [11, 22, 12, 23], [13, 21, 14, 20], [15, 2, 16, 3], [17, 8, 18, 9], [19, 24, 20, 1], [21, 6, 22, 7], [23, 5, 24, 4], [1, 14, 2, 15], [3, 18, 4, 19], [5, 12, 6, 13]]"
12a_0362_72,"[[6, 13, 7, 14], [8, 12, 9, 11], [10, 17, 11, 18], [12, 23, 13, 24], [14, 22, 15, 21], [16, 3, 17, 4], [18, 9, 19, 10], [20, 1, 21, 2], [22, 7, 23, 8], [24, 6, 1, 5], [2, 15, 3, 16], [4, 19, 5, 20]]"
12a_0362_73,"[[4, 19, 5, 20], [6, 13, 7, 14], [8, 12, 9, 11], [10, 17, 11, 18], [12, 23, 13, 24], [14, 22, 15, 21], [16, 3, 17, 4], [18, 9, 19, 10], [20, 1, 21, 2], [22, 7, 23, 8], [24, 6, 1, 5], [2, 15, 3, 16]]"
12a_0362_74,"[[2, 15, 3, 16], [4, 19, 5, 20], [6, 13, 7, 14], [8, 12, 9, 11], [10, 17, 11, 18], [12, 23, 13, 24], [14, 22, 15, 21], [16, 3, 17, 4], [18, 9, 19, 10], [20, 1, 21, 2], [22, 7, 23, 8], [24, 6, 1, 5]]"
12a_0362_75,"[[24, 6, 1, 5], [2, 15, 3, 16], [4, 19, 5, 20], [6, 13, 7, 14], [8, 12, 9, 11], [10, 17, 11, 18], [12, 23, 13, 24], [14, 22, 15, 21], [16, 3, 17, 4], [18, 9, 19, 10], [20, 1, 21, 2], [22, 7, 23, 8]]"
12a_0362_76,"[[22, 7, 23, 8], [24, 6, 1, 5], [2, 15, 3, 16], [4, 19, 5, 20], [6, 13, 7, 14], [8, 12, 9, 11], [10, 17, 11, 18], [12, 23, 13, 24], [14, 22, 15, 21], [16, 3, 17, 4], [18, 9, 19, 10], [20, 1, 21, 2]]"
12a_0362_77,"[[20, 1, 21, 2], [22, 7, 23, 8], [24, 6, 1, 5], [2, 15, 3, 16], [4, 19, 5, 20], [6, 13, 7, 14], [8, 12, 9, 11], [10, 17, 11, 18], [12, 23, 13, 24], [14, 22, 15, 21], [16, 3, 17, 4], [18, 9, 19, 10]]"
12a_0362_78,"[[18, 9, 19, 10], [20, 1, 21, 2], [22, 7, 23, 8], [24, 6, 1, 5], [2, 15, 3, 16], [4, 19, 5, 20], [6, 13, 7, 14], [8, 12, 9, 11], [10, 17, 11, 18], [12, 23, 13, 24], [14, 22, 15, 21], [16, 3, 17, 4]]"
12a_0362_79,"[[16, 3, 17, 4], [18, 9, 19, 10], [20, 1, 21, 2], [22, 7, 23, 8], [24, 6, 1, 5], [2, 15, 3, 16], [4, 19, 5, 20], [6, 13, 7, 14], [8, 12, 9, 11], [10, 17, 11, 18], [12, 23, 13, 24], [14, 22, 15, 21]]"
12a_0362_80,"[[14, 22, 15, 21], [16, 3, 17, 4], [18, 9, 19, 10], [20, 1, 21, 2], [22, 7, 23, 8], [24, 6, 1, 5], [2, 15, 3, 16], [4, 19, 5, 20], [6, 13, 7, 14], [8, 12, 9, 11], [10, 17, 11, 18], [12, 23, 13, 24]]"
12a_0362_81,"[[12, 23, 13, 24], [14, 22, 15, 21], [16, 3, 17, 4], [18, 9, 19, 10], [20, 1, 21, 2], [22, 7, 23, 8], [24, 6, 1, 5], [2, 15, 3, 16], [4, 19, 5, 20], [6, 13, 7, 14], [8, 12, 9, 11], [10, 17, 11, 18]]"
12a_0362_82,"[[10, 17, 11, 18], [12, 23, 13, 24], [14, 22, 15, 21], [16, 3, 17, 4], [18, 9, 19, 10], [20, 1, 21, 2], [22, 7, 23, 8], [24, 6, 1, 5], [2, 15, 3, 16], [4, 19, 5, 20], [6, 13, 7, 14], [8, 12, 9, 11]]"
12a_0362_83,"[[8, 12, 9, 11], [10, 17, 11, 18], [12, 23, 13, 24], [14, 22, 15, 21], [16, 3, 17, 4], [18, 9, 19, 10], [20, 1, 21, 2], [22, 7, 23, 8], [24, 6, 1, 5], [2, 15, 3, 16], [4, 19, 5, 20], [6, 13, 7, 14]]"
12a_0362_84,"[[7, 14, 8, 15], [9, 13, 10, 12], [11, 18, 12, 19], [13, 24, 14, 1], [15, 23, 16, 22], [17, 4, 18, 5], [19, 10, 20, 11], [21, 2, 22, 3], [23, 8, 24, 9], [1, 7, 2, 6], [3, 16, 4, 17], [5, 20, 6, 21]]"
12a_0362_85,"[[5, 20, 6, 21], [7, 14, 8, 15], [9, 13, 10, 12], [11, 18, 12, 19], [13, 24, 14, 1], [15, 23, 16, 22], [17, 4, 18, 5], [19, 10, 20, 11], [21, 2, 22, 3], [23, 8, 24, 9], [1, 7, 2, 6], [3, 16, 4, 17]]"
12a_0362_86,"[[3, 16, 4, 17], [5, 20, 6, 21], [7, 14, 8, 15], [9, 13, 10, 12], [11, 18, 12, 19], [13, 24, 14, 1], [15, 23, 16, 22], [17, 4, 18, 5], [19, 10, 20, 11], [21, 2, 22, 3], [23, 8, 24, 9], [1, 7, 2, 6]]"
12a_0362_87,"[[1, 7, 2, 6], [3, 16, 4, 17], [5, 20, 6, 21], [7, 14, 8, 15], [9, 13, 10, 12], [11, 18, 12, 19], [13, 24, 14, 1], [15, 23, 16, 22], [17, 4, 18, 5], [19, 10, 20, 11], [21, 2, 22, 3], [23, 8, 24, 9]]"
12a_0362_88,"[[23, 8, 24, 9], [1, 7, 2, 6], [3, 16, 4, 17], [5, 20, 6, 21], [7, 14, 8, 15], [9, 13, 10, 12], [11, 18, 12, 19], [13, 24, 14, 1], [15, 23, 16, 22], [17, 4, 18, 5], [19, 10, 20, 11], [21, 2, 22, 3]]"
12a_0362_89,"[[21, 2, 22, 3], [23, 8, 24, 9], [1, 7, 2, 6], [3, 16, 4, 17], [5, 20, 6, 21], [7, 14, 8, 15], [9, 13, 10, 12], [11, 18, 12, 19], [13, 24, 14, 1], [15, 23, 16, 22], [17, 4, 18, 5], [19, 10, 20, 11]]"
12a_0362_90,"[[19, 10, 20, 11], [21, 2, 22, 3], [23, 8, 24, 9], [1, 7, 2, 6], [3, 16, 4, 17], [5, 20, 6, 21], [7, 14, 8, 15], [9, 13, 10, 12], [11, 18, 12, 19], [13, 24, 14, 1], [15, 23, 16, 22], [17, 4, 18, 5]]"
12a_0362_91,"[[17, 4, 18, 5], [19, 10, 20, 11], [21, 2, 22, 3], [23, 8, 24, 9], [1, 7, 2, 6], [3, 16, 4, 17], [5, 20, 6, 21], [7, 14, 8, 15], [9, 13, 10, 12], [11, 18, 12, 19], [13, 24, 14, 1], [15, 23, 16, 22]]"
12a_0362_92,"[[15, 23, 16, 22], [17, 4, 18, 5], [19, 10, 20, 11], [21, 2, 22, 3], [23, 8, 24, 9], [1, 7, 2, 6], [3, 16, 4, 17], [5, 20, 6, 21], [7, 14, 8, 15], [9, 13, 10, 12], [11, 18, 12, 19], [13, 24, 14, 1]]"
12a_0362_93,"[[13, 24, 14, 1], [15, 23, 16, 22], [17, 4, 18, 5], [19, 10, 20, 11], [21, 2, 22, 3], [23, 8, 24, 9], [1, 7, 2, 6], [3, 16, 4, 17], [5, 20, 6, 21], [7, 14, 8, 15], [9, 13, 10, 12], [11, 18, 12, 19]]"
12a_0362_94,"[[11, 18, 12, 19], [13, 24, 14, 1], [15, 23, 16, 22], [17, 4, 18, 5], [19, 10, 20, 11], [21, 2, 22, 3], [23, 8, 24, 9], [1, 7, 2, 6], [3, 16, 4, 17], [5, 20, 6, 21], [7, 14, 8, 15], [9, 13, 10, 12]]"
12a_0362_95,"[[9, 13, 10, 12], [11, 18, 12, 19], [13, 24, 14, 1], [15, 23, 16, 22], [17, 4, 18, 5], [19, 10, 20, 11], [21, 2, 22, 3], [23, 8, 24, 9], [1, 7, 2, 6], [3, 16, 4, 17], [5, 20, 6, 21], [7, 14, 8, 15]]"
12a_0362_96,"[[8, 15, 9, 16], [10, 14, 11, 13], [12, 19, 13, 20], [14, 1, 15, 2], [16, 24, 17, 23], [18, 5, 19, 6], [20, 11, 21, 12], [22, 3, 23, 4], [24, 9, 1, 10], [2, 8, 3, 7], [4, 17, 5, 18], [6, 21, 7, 22]]"
12a_0362_97,"[[6, 21, 7, 22], [8, 15, 9, 16], [10, 14, 11, 13], [12, 19, 13, 20], [14, 1, 15, 2], [16, 24, 17, 23], [18, 5, 19, 6], [20, 11, 21, 12], [22, 3, 23, 4], [24, 9, 1, 10], [2, 8, 3, 7], [4, 17, 5, 18]]"
12a_0362_98,"[[4, 17, 5, 18], [6, 21, 7, 22], [8, 15, 9, 16], [10, 14, 11, 13], [12, 19, 13, 20], [14, 1, 15, 2], [16, 24, 17, 23], [18, 5, 19, 6], [20, 11, 21, 12], [22, 3, 23, 4], [24, 9, 1, 10], [2, 8, 3, 7]]"
12a_0362_99,"[[2, 8, 3, 7], [4, 17, 5, 18], [6, 21, 7, 22], [8, 15, 9, 16], [10, 14, 11, 13], [12, 19, 13, 20], [14, 1, 15, 2], [16, 24, 17, 23], [18, 5, 19, 6], [20, 11, 21, 12], [22, 3, 23, 4], [24, 9, 1, 10]]"
12a_0362_100,"[[24, 9, 1, 10], [2, 8, 3, 7], [4, 17, 5, 18], [6, 21, 7, 22], [8, 15, 9, 16], [10, 14, 11, 13], [12, 19, 13, 20], [14, 1, 15, 2], [16, 24, 17, 23], [18, 5, 19, 6], [20, 11, 21, 12], [22, 3, 23, 4]]"
12a_0362_101,"[[22, 3, 23, 4], [24, 9, 1, 10], [2, 8, 3, 7], [4, 17, 5, 18], [6, 21, 7, 22], [8, 15, 9, 16], [10, 14, 11, 13], [12, 19, 13, 20], [14, 1, 15, 2], [16, 24, 17, 23], [18, 5, 19, 6], [20, 11, 21, 12]]"
12a_0362_102,"[[20, 11, 21, 12], [22, 3, 23, 4], [24, 9, 1, 10], [2, 8, 3, 7], [4, 17, 5, 18], [6, 21, 7, 22], [8, 15, 9, 16], [10, 14, 11, 13], [12, 19, 13, 20], [14, 1, 15, 2], [16, 24, 17, 23], [18, 5, 19, 6]]"
12a_0362_103,"[[18, 5, 19, 6], [20, 11, 21, 12], [22, 3, 23, 4], [24, 9, 1, 10], [2, 8, 3, 7], [4, 17, 5, 18], [6, 21, 7, 22], [8, 15, 9, 16], [10, 14, 11, 13], [12, 19, 13, 20], [14, 1, 15, 2], [16, 24, 17, 23]]"
12a_0362_104,"[[16, 24, 17, 23], [18, 5, 19, 6], [20, 11, 21, 12], [22, 3, 23, 4], [24, 9, 1, 10], [2, 8, 3, 7], [4, 17, 5, 18], [6, 21, 7, 22], [8, 15, 9, 16], [10, 14, 11, 13], [12, 19, 13, 20], [14, 1, 15, 2]]"
12a_0362_105,"[[14, 1, 15, 2], [16, 24, 17, 23], [18, 5, 19, 6], [20, 11, 21, 12], [22, 3, 23, 4], [24, 9, 1, 10], [2, 8, 3, 7], [4, 17, 5, 18], [6, 21, 7, 22], [8, 15, 9, 16], [10, 14, 11, 13], [12, 19, 13, 20]]"
12a_0362_106,"[[12, 19, 13, 20], [14, 1, 15, 2], [16, 24, 17, 23], [18, 5, 19, 6], [20, 11, 21, 12], [22, 3, 23, 4], [24, 9, 1, 10], [2, 8, 3, 7], [4, 17, 5, 18], [6, 21, 7, 22], [8, 15, 9, 16], [10, 14, 11, 13]]"
12a_0362_107,"[[10, 14, 11, 13], [12, 19, 13, 20], [14, 1, 15, 2], [16, 24, 17, 23], [18, 5, 19, 6], [20, 11, 21, 12], [22, 3, 23, 4], [24, 9, 1, 10], [2, 8, 3, 7], [4, 17, 5, 18], [6, 21, 7, 22], [8, 15, 9, 16]]"
12a_0362_108,"[[9, 16, 10, 17], [11, 15, 12, 14], [13, 20, 14, 21], [15, 2, 16, 3], [17, 1, 18, 24], [19, 6, 20, 7], [21, 12, 22, 13], [23, 4, 24, 5], [1, 10, 2, 11], [3, 9, 4, 8], [5, 18, 6, 19], [7, 22, 8, 23]]"
12a_0362_109,"[[7, 22, 8, 23], [9, 16, 10, 17], [11, 15, 12, 14], [13, 20, 14, 21], [15, 2, 16, 3], [17, 1, 18, 24], [19, 6, 20, 7], [21, 12, 22, 13], [23, 4, 24, 5], [1, 10, 2, 11], [3, 9, 4, 8], [5, 18, 6, 19]]"
12a_0362_110,"[[5, 18, 6, 19], [7, 22, 8, 23], [9, 16, 10, 17], [11, 15, 12, 14], [13, 20, 14, 21], [15, 2, 16, 3], [17, 1, 18, 24], [19, 6, 20, 7], [21, 12, 22, 13], [23, 4, 24, 5], [1, 10, 2, 11], [3, 9, 4, 8]]"
12a_0362_111,"[[3, 9, 4, 8], [5, 18, 6, 19], [7, 22, 8, 23], [9, 16, 10, 17], [11, 15, 12, 14], [13, 20, 14, 21], [15, 2, 16, 3], [17, 1, 18, 24], [19, 6, 20, 7], [21, 12, 22, 13], [23, 4, 24, 5], [1, 10, 2, 11]]"
12a_0362_112,"[[1, 10, 2, 11], [3, 9, 4, 8], [5, 18, 6, 19], [7, 22, 8, 23], [9, 16, 10, 17], [11, 15, 12, 14], [13, 20, 14, 21], [15, 2, 16, 3], [17, 1, 18, 24], [19, 6, 20, 7], [21, 12, 22, 13], [23, 4, 24, 5]]"
12a_0362_113,"[[23, 4, 24, 5], [1, 10, 2, 11], [3, 9, 4, 8], [5, 18, 6, 19], [7, 22, 8, 23], [9, 16, 10, 17], [11, 15, 12, 14], [13, 20, 14, 21], [15, 2, 16, 3], [17, 1, 18, 24], [19, 6, 20, 7], [21, 12, 22, 13]]"
12a_0362_114,"[[21, 12, 22, 13], [23, 4, 24, 5], [1, 10, 2, 11], [3, 9, 4, 8], [5, 18, 6, 19], [7, 22, 8, 23], [9, 16, 10, 17], [11, 15, 12, 14], [13, 20, 14, 21], [15, 2, 16, 3], [17, 1, 18, 24], [19, 6, 20, 7]]"
12a_0362_115,"[[19, 6, 20, 7], [21, 12, 22, 13], [23, 4, 24, 5], [1, 10, 2, 11], [3, 9, 4, 8], [5, 18, 6, 19], [7, 22, 8, 23], [9, 16, 10, 17], [11, 15, 12, 14], [13, 20, 14, 21], [15, 2, 16, 3], [17, 1, 18, 24]]"
12a_0362_116,"[[17, 1, 18, 24], [19, 6, 20, 7], [21, 12, 22, 13], [23, 4, 24, 5], [1, 10, 2, 11], [3, 9, 4, 8], [5, 18, 6, 19], [7, 22, 8, 23], [9, 16, 10, 17], [11, 15, 12, 14], [13, 20, 14, 21], [15, 2, 16, 3]]"
12a_0362_117,"[[15, 2, 16, 3], [17, 1, 18, 24], [19, 6, 20, 7], [21, 12, 22, 13], [23, 4, 24, 5], [1, 10, 2, 11], [3, 9, 4, 8], [5, 18, 6, 19], [7, 22, 8, 23], [9, 16, 10, 17], [11, 15, 12, 14], [13, 20, 14, 21]]"
12a_0362_118,"[[13, 20, 14, 21], [15, 2, 16, 3], [17, 1, 18, 24], [19, 6, 20, 7], [21, 12, 22, 13], [23, 4, 24, 5], [1, 10, 2, 11], [3, 9, 4, 8], [5, 18, 6, 19], [7, 22, 8, 23], [9, 16, 10, 17], [11, 15, 12, 14]]"
12a_0362_119,"[[11, 15, 12, 14], [13, 20, 14, 21], [15, 2, 16, 3], [17, 1, 18, 24], [19, 6, 20, 7], [21, 12, 22, 13], [23, 4, 24, 5], [1, 10, 2, 11], [3, 9, 4, 8], [5, 18, 6, 19], [7, 22, 8, 23], [9, 16, 10, 17]]"
12a_0362_120,"[[10, 17, 11, 18], [12, 16, 13, 15], [14, 21, 15, 22], [16, 3, 17, 4], [18, 2, 19, 1], [20, 7, 21, 8], [22, 13, 23, 14], [24, 5, 1, 6], [2, 11, 3, 12], [4, 10, 5, 9], [6, 19, 7, 20], [8, 23, 9, 24]]"
12a_0362_121,"[[8, 23, 9, 24], [10, 17, 11, 18], [12, 16, 13, 15], [14, 21, 15, 22], [16, 3, 17, 4], [18, 2, 19, 1], [20, 7, 21, 8], [22, 13, 23, 14], [24, 5, 1, 6], [2, 11, 3, 12], [4, 10, 5, 9], [6, 19, 7, 20]]"
12a_0362_122,"[[6, 19, 7, 20], [8, 23, 9, 24], [10, 17, 11, 18], [12, 16, 13, 15], [14, 21, 15, 22], [16, 3, 17, 4], [18, 2, 19, 1], [20, 7, 21, 8], [22, 13, 23, 14], [24, 5, 1, 6], [2, 11, 3, 12], [4, 10, 5, 9]]"
12a_0362_123,"[[4, 10, 5, 9], [6, 19, 7, 20], [8, 23, 9, 24], [10, 17, 11, 18], [12, 16, 13, 15], [14, 21, 15, 22], [16, 3, 17, 4], [18, 2, 19, 1], [20, 7, 21, 8], [22, 13, 23, 14], [24, 5, 1, 6], [2, 11, 3, 12]]"
12a_0362_124,"[[2, 11, 3, 12], [4, 10, 5, 9], [6, 19, 7, 20], [8, 23, 9, 24], [10, 17, 11, 18], [12, 16, 13, 15], [14, 21, 15, 22], [16, 3, 17, 4], [18, 2, 19, 1], [20, 7, 21, 8], [22, 13, 23, 14], [24, 5, 1, 6]]"
12a_0362_125,"[[24, 5, 1, 6], [2, 11, 3, 12], [4, 10, 5, 9], [6, 19, 7, 20], [8, 23, 9, 24], [10, 17, 11, 18], [12, 16, 13, 15], [14, 21, 15, 22], [16, 3, 17, 4], [18, 2, 19, 1], [20, 7, 21, 8], [22, 13, 23, 14]]"
12a_0362_126,"[[22, 13, 23, 14], [24, 5, 1, 6], [2, 11, 3, 12], [4, 10, 5, 9], [6, 19, 7, 20], [8, 23, 9, 24], [10, 17, 11, 18], [12, 16, 13, 15], [14, 21, 15, 22], [16, 3, 17, 4], [18, 2, 19, 1], [20, 7, 21, 8]]"
12a_0362_127,"[[20, 7, 21, 8], [22, 13, 23, 14], [24, 5, 1, 6], [2, 11, 3, 12], [4, 10, 5, 9], [6, 19, 7, 20], [8, 23, 9, 24], [10, 17, 11, 18], [12, 16, 13, 15], [14, 21, 15, 22], [16, 3, 17, 4], [18, 2, 19, 1]]"
12a_0362_128,"[[18, 2, 19, 1], [20, 7, 21, 8], [22, 13, 23, 14], [24, 5, 1, 6], [2, 11, 3, 12], [4, 10, 5, 9], [6, 19, 7, 20], [8, 23, 9, 24], [10, 17, 11, 18], [12, 16, 13, 15], [14, 21, 15, 22], [16, 3, 17, 4]]"
12a_0362_129,"[[16, 3, 17, 4], [18, 2, 19, 1], [20, 7, 21, 8], [22, 13, 23, 14], [24, 5, 1, 6], [2, 11, 3, 12], [4, 10, 5, 9], [6, 19, 7, 20], [8, 23, 9, 24], [10, 17, 11, 18], [12, 16, 13, 15], [14, 21, 15, 22]]"
12a_0362_130,"[[14, 21, 15, 22], [16, 3, 17, 4], [18, 2, 19, 1], [20, 7, 21, 8], [22, 13, 23, 14], [24, 5, 1, 6], [2, 11, 3, 12], [4, 10, 5, 9], [6, 19, 7, 20], [8, 23, 9, 24], [10, 17, 11, 18], [12, 16, 13, 15]]"
12a_0362_131,"[[12, 16, 13, 15], [14, 21, 15, 22], [16, 3, 17, 4], [18, 2, 19, 1], [20, 7, 21, 8], [22, 13, 23, 14], [24, 5, 1, 6], [2, 11, 3, 12], [4, 10, 5, 9], [6, 19, 7, 20], [8, 23, 9, 24], [10, 17, 11, 18]]"
12a_0362_132,"[[11, 18, 12, 19], [13, 17, 14, 16], [15, 22, 16, 23], [17, 4, 18, 5], [19, 3, 20, 2], [21, 8, 22, 9], [23, 14, 24, 15], [1, 6, 2, 7], [3, 12, 4, 13], [5, 11, 6, 10], [7, 20, 8, 21], [9, 24, 10, 1]]"
12a_0362_133,"[[9, 24, 10, 1], [11, 18, 12, 19], [13, 17, 14, 16], [15, 22, 16, 23], [17, 4, 18, 5], [19, 3, 20, 2], [21, 8, 22, 9], [23, 14, 24, 15], [1, 6, 2, 7], [3, 12, 4, 13], [5, 11, 6, 10], [7, 20, 8, 21]]"
12a_0362_134,"[[7, 20, 8, 21], [9, 24, 10, 1], [11, 18, 12, 19], [13, 17, 14, 16], [15, 22, 16, 23], [17, 4, 18, 5], [19, 3, 20, 2], [21, 8, 22, 9], [23, 14, 24, 15], [1, 6, 2, 7], [3, 12, 4, 13], [5, 11, 6, 10]]"
12a_0362_135,"[[5, 11, 6, 10], [7, 20, 8, 21], [9, 24, 10, 1], [11, 18, 12, 19], [13, 17, 14, 16], [15, 22, 16, 23], [17, 4, 18, 5], [19, 3, 20, 2], [21, 8, 22, 9], [23, 14, 24, 15], [1, 6, 2, 7], [3, 12, 4, 13]]"
12a_0362_136,"[[3, 12, 4, 13], [5, 11, 6, 10], [7, 20, 8, 21], [9, 24, 10, 1], [11, 18, 12, 19], [13, 17, 14, 16], [15, 22, 16, 23], [17, 4, 18, 5], [19, 3, 20, 2], [21, 8, 22, 9], [23, 14, 24, 15], [1, 6, 2, 7]]"
12a_0362_137,"[[1, 6, 2, 7], [3, 12, 4, 13], [5, 11, 6, 10], [7, 20, 8, 21], [9, 24, 10, 1], [11, 18, 12, 19], [13, 17, 14, 16], [15, 22, 16, 23], [17, 4, 18, 5], [19, 3, 20, 2], [21, 8, 22, 9], [23, 14, 24, 15]]"
12a_0362_138,"[[23, 14, 24, 15], [1, 6, 2, 7], [3, 12, 4, 13], [5, 11, 6, 10], [7, 20, 8, 21], [9, 24, 10, 1], [11, 18, 12, 19], [13, 17, 14, 16], [15, 22, 16, 23], [17, 4, 18, 5], [19, 3, 20, 2], [21, 8, 22, 9]]"
12a_0362_139,"[[21, 8, 22, 9], [23, 14, 24, 15], [1, 6, 2, 7], [3, 12, 4, 13], [5, 11, 6, 10], [7, 20, 8, 21], [9, 24, 10, 1], [11, 18, 12, 19], [13, 17, 14, 16], [15, 22, 16, 23], [17, 4, 18, 5], [19, 3, 20, 2]]"
12a_0362_140,"[[19, 3, 20, 2], [21, 8, 22, 9], [23, 14, 24, 15], [1, 6, 2, 7], [3, 12, 4, 13], [5, 11, 6, 10], [7, 20, 8, 21], [9, 24, 10, 1], [11, 18, 12, 19], [13, 17, 14, 16], [15, 22, 16, 23], [17, 4, 18, 5]]"
12a_0362_141,"[[17, 4, 18, 5], [19, 3, 20, 2], [21, 8, 22, 9], [23, 14, 24, 15], [1, 6, 2, 7], [3, 12, 4, 13], [5, 11, 6, 10], [7, 20, 8, 21], [9, 24, 10, 1], [11, 18, 12, 19], [13, 17, 14, 16], [15, 22, 16, 23]]"
12a_0362_142,"[[15, 22, 16, 23], [17, 4, 18, 5], [19, 3, 20, 2], [21, 8, 22, 9], [23, 14, 24, 15], [1, 6, 2, 7], [3, 12, 4, 13], [5, 11, 6, 10], [7, 20, 8, 21], [9, 24, 10, 1], [11, 18, 12, 19], [13, 17, 14, 16]]"
12a_0362_143,"[[13, 17, 14, 16], [15, 22, 16, 23], [17, 4, 18, 5], [19, 3, 20, 2], [21, 8, 22, 9], [23, 14, 24, 15], [1, 6, 2, 7], [3, 12, 4, 13], [5, 11, 6, 10], [7, 20, 8, 21], [9, 24, 10, 1], [11, 18, 12, 19]]"
12a_0362_144,"[[12, 19, 13, 20], [14, 18, 15, 17], [16, 23, 17, 24], [18, 5, 19, 6], [20, 4, 21, 3], [22, 9, 23, 10], [24, 15, 1, 16], [2, 7, 3, 8], [4, 13, 5, 14], [6, 12, 7, 11], [8, 21, 9, 22], [10, 1, 11, 2]]"
12a_0362_145,"[[10, 1, 11, 2], [12, 19, 13, 20], [14, 18, 15, 17], [16, 23, 17, 24], [18, 5, 19, 6], [20, 4, 21, 3], [22, 9, 23, 10], [24, 15, 1, 16], [2, 7, 3, 8], [4, 13, 5, 14], [6, 12, 7, 11], [8, 21, 9, 22]]"
12a_0362_146,"[[8, 21, 9, 22], [10, 1, 11, 2], [12, 19, 13, 20], [14, 18, 15, 17], [16, 23, 17, 24], [18, 5, 19, 6], [20, 4, 21, 3], [22, 9, 23, 10], [24, 15, 1, 16], [2, 7, 3, 8], [4, 13, 5, 14], [6, 12, 7, 11]]"
12a_0362_147,"[[6, 12, 7, 11], [8, 21, 9, 22], [10, 1, 11, 2], [12, 19, 13, 20], [14, 18, 15, 17], [16, 23, 17, 24], [18, 5, 19, 6], [20, 4, 21, 3], [22, 9, 23, 10], [24, 15, 1, 16], [2, 7, 3, 8], [4, 13, 5, 14]]"
12a_0362_148,"[[4, 13, 5, 14], [6, 12, 7, 11], [8, 21, 9, 22], [10, 1, 11, 2], [12, 19, 13, 20], [14, 18, 15, 17], [16, 23, 17, 24], [18, 5, 19, 6], [20, 4, 21, 3], [22, 9, 23, 10], [24, 15, 1, 16], [2, 7, 3, 8]]"
12a_0362_149,"[[2, 7, 3, 8], [4, 13, 5, 14], [6, 12, 7, 11], [8, 21, 9, 22], [10, 1, 11, 2], [12, 19, 13, 20], [14, 18, 15, 17], [16, 23, 17, 24], [18, 5, 19, 6], [20, 4, 21, 3], [22, 9, 23, 10], [24, 15, 1, 16]]"
12a_0362_150,"[[24, 15, 1, 16], [2, 7, 3, 8], [4, 13, 5, 14], [6, 12, 7, 11], [8, 21, 9, 22], [10, 1, 11, 2], [12, 19, 13, 20], [14, 18, 15, 17], [16, 23, 17, 24], [18, 5, 19, 6], [20, 4, 21, 3], [22, 9, 23, 10]]"
12a_0362_151,"[[22, 9, 23, 10], [24, 15, 1, 16], [2, 7, 3, 8], [4, 13, 5, 14], [6, 12, 7, 11], [8, 21, 9, 22], [10, 1, 11, 2], [12, 19, 13, 20], [14, 18, 15, 17], [16, 23, 17, 24], [18, 5, 19, 6], [20, 4, 21, 3]]"
12a_0362_152,"[[20, 4, 21, 3], [22, 9, 23, 10], [24, 15, 1, 16], [2, 7, 3, 8], [4, 13, 5, 14], [6, 12, 7, 11], [8, 21, 9, 22], [10, 1, 11, 2], [12, 19, 13, 20], [14, 18, 15, 17], [16, 23, 17, 24], [18, 5, 19, 6]]"
12a_0362_153,"[[18, 5, 19, 6], [20, 4, 21, 3], [22, 9, 23, 10], [24, 15, 1, 16], [2, 7, 3, 8], [4, 13, 5, 14], [6, 12, 7, 11], [8, 21, 9, 22], [10, 1, 11, 2], [12, 19, 13, 20], [14, 18, 15, 17], [16, 23, 17, 24]]"
12a_0362_154,"[[16, 23, 17, 24], [18, 5, 19, 6], [20, 4, 21, 3], [22, 9, 23, 10], [24, 15, 1, 16], [2, 7, 3, 8], [4, 13, 5, 14], [6, 12, 7, 11], [8, 21, 9, 22], [10, 1, 11, 2], [12, 19, 13, 20], [14, 18, 15, 17]]"
12a_0362_155,"[[14, 18, 15, 17], [16, 23, 17, 24], [18, 5, 19, 6], [20, 4, 21, 3], [22, 9, 23, 10], [24, 15, 1, 16], [2, 7, 3, 8], [4, 13, 5, 14], [6, 12, 7, 11], [8, 21, 9, 22], [10, 1, 11, 2], [12, 19, 13, 20]]"
12a_0362_156,"[[13, 20, 14, 21], [15, 19, 16, 18], [17, 24, 18, 1], [19, 6, 20, 7], [21, 5, 22, 4], [23, 10, 24, 11], [1, 16, 2, 17], [3, 8, 4, 9], [5, 14, 6, 15], [7, 13, 8, 12], [9, 22, 10, 23], [11, 2, 12, 3]]"
12a_0362_157,"[[11, 2, 12, 3], [13, 20, 14, 21], [15, 19, 16, 18], [17, 24, 18, 1], [19, 6, 20, 7], [21, 5, 22, 4], [23, 10, 24, 11], [1, 16, 2, 17], [3, 8, 4, 9], [5, 14, 6, 15], [7, 13, 8, 12], [9, 22, 10, 23]]"
12a_0362_158,"[[9, 22, 10, 23], [11, 2, 12, 3], [13, 20, 14, 21], [15, 19, 16, 18], [17, 24, 18, 1], [19, 6, 20, 7], [21, 5, 22, 4], [23, 10, 24, 11], [1, 16, 2, 17], [3, 8, 4, 9], [5, 14, 6, 15], [7, 13, 8, 12]]"
12a_0362_159,"[[7, 13, 8, 12], [9, 22, 10, 23], [11, 2, 12, 3], [13, 20, 14, 21], [15, 19, 16, 18], [17, 24, 18, 1], [19, 6, 20, 7], [21, 5, 22, 4], [23, 10, 24, 11], [1, 16, 2, 17], [3, 8, 4, 9], [5, 14, 6, 15]]"
12a_0362_160,"[[5, 14, 6, 15], [7, 13, 8, 12], [9, 22, 10, 23], [11, 2, 12, 3], [13, 20, 14, 21], [15, 19, 16, 18], [17, 24, 18, 1], [19, 6, 20, 7], [21, 5, 22, 4], [23, 10, 24, 11], [1, 16, 2, 17], [3, 8, 4, 9]]"
12a_0362_161,"[[3, 8, 4, 9], [5, 14, 6, 15], [7, 13, 8, 12], [9, 22, 10, 23], [11, 2, 12, 3], [13, 20, 14, 21], [15, 19, 16, 18], [17, 24, 18, 1], [19, 6, 20, 7], [21, 5, 22, 4], [23, 10, 24, 11], [1, 16, 2, 17]]"
12a_0362_162,"[[1, 16, 2, 17], [3, 8, 4, 9], [5, 14, 6, 15], [7, 13, 8, 12], [9, 22, 10, 23], [11, 2, 12, 3], [13, 20, 14, 21], [15, 19, 16, 18], [17, 24, 18, 1], [19, 6, 20, 7], [21, 5, 22, 4], [23, 10, 24, 11]]"
12a_0362_163,"[[23, 10, 24, 11], [1, 16, 2, 17], [3, 8, 4, 9], [5, 14, 6, 15], [7, 13, 8, 12], [9, 22, 10, 23], [11, 2, 12, 3], [13, 20, 14, 21], [15, 19, 16, 18], [17, 24, 18, 1], [19, 6, 20, 7], [21, 5, 22, 4]]"
12a_0362_164,"[[21, 5, 22, 4], [23, 10, 24, 11], [1, 16, 2, 17], [3, 8, 4, 9], [5, 14, 6, 15], [7, 13, 8, 12], [9, 22, 10, 23], [11, 2, 12, 3], [13, 20, 14, 21], [15, 19, 16, 18], [17, 24, 18, 1], [19, 6, 20, 7]]"
12a_0362_165,"[[19, 6, 20, 7], [21, 5, 22, 4], [23, 10, 24, 11], [1, 16, 2, 17], [3, 8, 4, 9], [5, 14, 6, 15], [7, 13, 8, 12], [9, 22, 10, 23], [11, 2, 12, 3], [13, 20, 14, 21], [15, 19, 16, 18], [17, 24, 18, 1]]"
12a_0362_166,"[[17, 24, 18, 1], [19, 6, 20, 7], [21, 5, 22, 4], [23, 10, 24, 11], [1, 16, 2, 17], [3, 8, 4, 9], [5, 14, 6, 15], [7, 13, 8, 12], [9, 22, 10, 23], [11, 2, 12, 3], [13, 20, 14, 21], [15, 19, 16, 18]]"
12a_0362_167,"[[15, 19, 16, 18], [17, 24, 18, 1], [19, 6, 20, 7], [21, 5, 22, 4], [23, 10, 24, 11], [1, 16, 2, 17], [3, 8, 4, 9], [5, 14, 6, 15], [7, 13, 8, 12], [9, 22, 10, 23], [11, 2, 12, 3], [13, 20, 14, 21]]"
12a_0362_168,"[[14, 21, 15, 22], [16, 20, 17, 19], [18, 1, 19, 2], [20, 7, 21, 8], [22, 6, 23, 5], [24, 11, 1, 12], [2, 17, 3, 18], [4, 9, 5, 10], [6, 15, 7, 16], [8, 14, 9, 13], [10, 23, 11, 24], [12, 3, 13, 4]]"
12a_0362_169,"[[12, 3, 13, 4], [14, 21, 15, 22], [16, 20, 17, 19], [18, 1, 19, 2], [20, 7, 21, 8], [22, 6, 23, 5], [24, 11, 1, 12], [2, 17, 3, 18], [4, 9, 5, 10], [6, 15, 7, 16], [8, 14, 9, 13], [10, 23, 11, 24]]"
12a_0362_170,"[[10, 23, 11, 24], [12, 3, 13, 4], [14, 21, 15, 22], [16, 20, 17, 19], [18, 1, 19, 2], [20, 7, 21, 8], [22, 6, 23, 5], [24, 11, 1, 12], [2, 17, 3, 18], [4, 9, 5, 10], [6, 15, 7, 16], [8, 14, 9, 13]]"
12a_0362_171,"[[8, 14, 9, 13], [10, 23, 11, 24], [12, 3, 13, 4], [14, 21, 15, 22], [16, 20, 17, 19], [18, 1, 19, 2], [20, 7, 21, 8], [22, 6, 23, 5], [24, 11, 1, 12], [2, 17, 3, 18], [4, 9, 5, 10], [6, 15, 7, 16]]"
12a_0362_172,"[[6, 15, 7, 16], [8, 14, 9, 13], [10, 23, 11, 24], [12, 3, 13, 4], [14, 21, 15, 22], [16, 20, 17, 19], [18, 1, 19, 2], [20, 7, 21, 8], [22, 6, 23, 5], [24, 11, 1, 12], [2, 17, 3, 18], [4, 9, 5, 10]]"
12a_0362_173,"[[4, 9, 5, 10], [6, 15, 7, 16], [8, 14, 9, 13], [10, 23, 11, 24], [12, 3, 13, 4], [14, 21, 15, 22], [16, 20, 17, 19], [18, 1, 19, 2], [20, 7, 21, 8], [22, 6, 23, 5], [24, 11, 1, 12], [2, 17, 3, 18]]"
12a_0362_174,"[[2, 17, 3, 18], [4, 9, 5, 10], [6, 15, 7, 16], [8, 14, 9, 13], [10, 23, 11, 24], [12, 3, 13, 4], [14, 21, 15, 22], [16, 20, 17, 19], [18, 1, 19, 2], [20, 7, 21, 8], [22, 6, 23, 5], [24, 11, 1, 12]]"
12a_0362_175,"[[24, 11, 1, 12], [2, 17, 3, 18], [4, 9, 5, 10], [6, 15, 7, 16], [8, 14, 9, 13], [10, 23, 11, 24], [12, 3, 13, 4], [14, 21, 15, 22], [16, 20, 17, 19], [18, 1, 19, 2], [20, 7, 21, 8], [22, 6, 23, 5]]"
12a_0362_176,"[[22, 6, 23, 5], [24, 11, 1, 12], [2, 17, 3, 18], [4, 9, 5, 10], [6, 15, 7, 16], [8, 14, 9, 13], [10, 23, 11, 24], [12, 3, 13, 4], [14, 21, 15, 22], [16, 20, 17, 19], [18, 1, 19, 2], [20, 7, 21, 8]]"
12a_0362_177,"[[20, 7, 21, 8], [22, 6, 23, 5], [24, 11, 1, 12], [2, 17, 3, 18], [4, 9, 5, 10], [6, 15, 7, 16], [8, 14, 9, 13], [10, 23, 11, 24], [12, 3, 13, 4], [14, 21, 15, 22], [16, 20, 17, 19], [18, 1, 19, 2]]"
12a_0362_178,"[[18, 1, 19, 2], [20, 7, 21, 8], [22, 6, 23, 5], [24, 11, 1, 12], [2, 17, 3, 18], [4, 9, 5, 10], [6, 15, 7, 16], [8, 14, 9, 13], [10, 23, 11, 24], [12, 3, 13, 4], [14, 21, 15, 22], [16, 20, 17, 19]]"
12a_0362_179,"[[16, 20, 17, 19], [18, 1, 19, 2], [20, 7, 21, 8], [22, 6, 23, 5], [24, 11, 1, 12], [2, 17, 3, 18], [4, 9, 5, 10], [6, 15, 7, 16], [8, 14, 9, 13], [10, 23, 11, 24], [12, 3, 13, 4], [14, 21, 15, 22]]"
12a_0362_180,"[[15, 22, 16, 23], [17, 21, 18, 20], [19, 2, 20, 3], [21, 8, 22, 9], [23, 7, 24, 6], [1, 12, 2, 13], [3, 18, 4, 19], [5, 10, 6, 11], [7, 16, 8, 17], [9, 15, 10, 14], [11, 24, 12, 1], [13, 4, 14, 5]]"
12a_0362_181,"[[13, 4, 14, 5], [15, 22, 16, 23], [17, 21, 18, 20], [19, 2, 20, 3], [21, 8, 22, 9], [23, 7, 24, 6], [1, 12, 2, 13], [3, 18, 4, 19], [5, 10, 6, 11], [7, 16, 8, 17], [9, 15, 10, 14], [11, 24, 12, 1]]"
12a_0362_182,"[[11, 24, 12, 1], [13, 4, 14, 5], [15, 22, 16, 23], [17, 21, 18, 20], [19, 2, 20, 3], [21, 8, 22, 9], [23, 7, 24, 6], [1, 12, 2, 13], [3, 18, 4, 19], [5, 10, 6, 11], [7, 16, 8, 17], [9, 15, 10, 14]]"
12a_0362_183,"[[9, 15, 10, 14], [11, 24, 12, 1], [13, 4, 14, 5], [15, 22, 16, 23], [17, 21, 18, 20], [19, 2, 20, 3], [21, 8, 22, 9], [23, 7, 24, 6], [1, 12, 2, 13], [3, 18, 4, 19], [5, 10, 6, 11], [7, 16, 8, 17]]"
12a_0362_184,"[[7, 16, 8, 17], [9, 15, 10, 14], [11, 24, 12, 1], [13, 4, 14, 5], [15, 22, 16, 23], [17, 21, 18, 20], [19, 2, 20, 3], [21, 8, 22, 9], [23, 7, 24, 6], [1, 12, 2, 13], [3, 18, 4, 19], [5, 10, 6, 11]]"
12a_0362_185,"[[5, 10, 6, 11], [7, 16, 8, 17], [9, 15, 10, 14], [11, 24, 12, 1], [13, 4, 14, 5], [15, 22, 16, 23], [17, 21, 18, 20], [19, 2, 20, 3], [21, 8, 22, 9], [23, 7, 24, 6], [1, 12, 2, 13], [3, 18, 4, 19]]"
