name,pd_notation
12a_1148_0,"[[24, 10, 1, 9], [2, 8, 3, 7], [4, 15, 5, 16], [6, 17, 7, 18], [8, 24, 9, 23], [10, 2, 11, 1], [12, 22, 13, 21], [14, 20, 15, 19], [16, 5, 17, 6], [18, 3, 19, 4], [20, 14, 21, 13], [22, 12, 23, 11]]"
12a_1148_1,"[[22, 12, 23, 11], [24, 10, 1, 9], [2, 8, 3, 7], [4, 15, 5, 16], [6, 17, 7, 18], [8, 24, 9, 23], [10, 2, 11, 1], [12, 22, 13, 21], [14, 20, 15, 19], [16, 5, 17, 6], [18, 3, 19, 4], [20, 14, 21, 13]]"
12a_1148_2,"[[20, 14, 21, 13], [22, 12, 23, 11], [24, 10, 1, 9], [2, 8, 3, 7], [4, 15, 5, 16], [6, 17, 7, 18], [8, 24, 9, 23], [10, 2, 11, 1], [12, 22, 13, 21], [14, 20, 15, 19], [16, 5, 17, 6], [18, 3, 19, 4]]"
12a_1148_3,"[[18, 3, 19, 4], [20, 14, 21, 13], [22, 12, 23, 11], [24, 10, 1, 9], [2, 8, 3, 7], [4, 15, 5, 16], [6, 17, 7, 18], [8, 24, 9, 23], [10, 2, 11, 1], [12, 22, 13, 21], [14, 20, 15, 19], [16, 5, 17, 6]]"
12a_1148_4,"[[16, 5, 17, 6], [18, 3, 19, 4], [20, 14, 21, 13], [22, 12, 23, 11], [24, 10, 1, 9], [2, 8, 3, 7], [4, 15, 5, 16], [6, 17, 7, 18], [8, 24, 9, 23], [10, 2, 11, 1], [12, 22, 13, 21], [14, 20, 15, 19]]"
12a_1148_5,"[[14, 20, 15, 19], [16, 5, 17, 6], [18, 3, 19, 4], [20, 14, 21, 13], [22, 12, 23, 11], [24, 10, 1, 9], [2, 8, 3, 7], [4, 15, 5, 16], [6, 17, 7, 18], [8, 24, 9, 23], [10, 2, 11, 1], [12, 22, 13, 21]]"
12a_1148_6,"[[12, 22, 13, 21], [14, 20, 15, 19], [16, 5, 17, 6], [18, 3, 19, 4], [20, 14, 21, 13], [22, 12, 23, 11], [24, 10, 1, 9], [2, 8, 3, 7], [4, 15, 5, 16], [6, 17, 7, 18], [8, 24, 9, 23], [10, 2, 11, 1]]"
12a_1148_7,"[[10, 2, 11, 1], [12, 22, 13, 21], [14, 20, 15, 19], [16, 5, 17, 6], [18, 3, 19, 4], [20, 14, 21, 13], [22, 12, 23, 11], [24, 10, 1, 9], [2, 8, 3, 7], [4, 15, 5, 16], [6, 17, 7, 18], [8, 24, 9, 23]]"
12a_1148_8,"[[8, 24, 9, 23], [10, 2, 11, 1], [12, 22, 13, 21], [14, 20, 15, 19], [16, 5, 17, 6], [18, 3, 19, 4], [20, 14, 21, 13], [22, 12, 23, 11], [24, 10, 1, 9], [2, 8, 3, 7], [4, 15, 5, 16], [6, 17, 7, 18]]"
12a_1148_9,"[[6, 17, 7, 18], [8, 24, 9, 23], [10, 2, 11, 1], [12, 22, 13, 21], [14, 20, 15, 19], [16, 5, 17, 6], [18, 3, 19, 4], [20, 14, 21, 13], [22, 12, 23, 11], [24, 10, 1, 9], [2, 8, 3, 7], [4, 15, 5, 16]]"
12a_1148_10,"[[4, 15, 5, 16], [6, 17, 7, 18], [8, 24, 9, 23], [10, 2, 11, 1], [12, 22, 13, 21], [14, 20, 15, 19], [16, 5, 17, 6], [18, 3, 19, 4], [20, 14, 21, 13], [22, 12, 23, 11], [24, 10, 1, 9], [2, 8, 3, 7]]"
12a_1148_11,"[[2, 8, 3, 7], [4, 15, 5, 16], [6, 17, 7, 18], [8, 24, 9, 23], [10, 2, 11, 1], [12, 22, 13, 21], [14, 20, 15, 19], [16, 5, 17, 6], [18, 3, 19, 4], [20, 14, 21, 13], [22, 12, 23, 11], [24, 10, 1, 9]]"
12a_1148_12,"[[1, 11, 2, 10], [3, 9, 4, 8], [5, 16, 6, 17], [7, 18, 8, 19], [9, 1, 10, 24], [11, 3, 12, 2], [13, 23, 14, 22], [15, 21, 16, 20], [17, 6, 18, 7], [19, 4, 20, 5], [21, 15, 22, 14], [23, 13, 24, 12]]"
12a_1148_13,"[[23, 13, 24, 12], [1, 11, 2, 10], [3, 9, 4, 8], [5, 16, 6, 17], [7, 18, 8, 19], [9, 1, 10, 24], [11, 3, 12, 2], [13, 23, 14, 22], [15, 21, 16, 20], [17, 6, 18, 7], [19, 4, 20, 5], [21, 15, 22, 14]]"
12a_1148_14,"[[21, 15, 22, 14], [23, 13, 24, 12], [1, 11, 2, 10], [3, 9, 4, 8], [5, 16, 6, 17], [7, 18, 8, 19], [9, 1, 10, 24], [11, 3, 12, 2], [13, 23, 14, 22], [15, 21, 16, 20], [17, 6, 18, 7], [19, 4, 20, 5]]"
12a_1148_15,"[[19, 4, 20, 5], [21, 15, 22, 14], [23, 13, 24, 12], [1, 11, 2, 10], [3, 9, 4, 8], [5, 16, 6, 17], [7, 18, 8, 19], [9, 1, 10, 24], [11, 3, 12, 2], [13, 23, 14, 22], [15, 21, 16, 20], [17, 6, 18, 7]]"
12a_1148_16,"[[17, 6, 18, 7], [19, 4, 20, 5], [21, 15, 22, 14], [23, 13, 24, 12], [1, 11, 2, 10], [3, 9, 4, 8], [5, 16, 6, 17], [7, 18, 8, 19], [9, 1, 10, 24], [11, 3, 12, 2], [13, 23, 14, 22], [15, 21, 16, 20]]"
12a_1148_17,"[[15, 21, 16, 20], [17, 6, 18, 7], [19, 4, 20, 5], [21, 15, 22, 14], [23, 13, 24, 12], [1, 11, 2, 10], [3, 9, 4, 8], [5, 16, 6, 17], [7, 18, 8, 19], [9, 1, 10, 24], [11, 3, 12, 2], [13, 23, 14, 22]]"
12a_1148_18,"[[13, 23, 14, 22], [15, 21, 16, 20], [17, 6, 18, 7], [19, 4, 20, 5], [21, 15, 22, 14], [23, 13, 24, 12], [1, 11, 2, 10], [3, 9, 4, 8], [5, 16, 6, 17], [7, 18, 8, 19], [9, 1, 10, 24], [11, 3, 12, 2]]"
12a_1148_19,"[[11, 3, 12, 2], [13, 23, 14, 22], [15, 21, 16, 20], [17, 6, 18, 7], [19, 4, 20, 5], [21, 15, 22, 14], [23, 13, 24, 12], [1, 11, 2, 10], [3, 9, 4, 8], [5, 16, 6, 17], [7, 18, 8, 19], [9, 1, 10, 24]]"
12a_1148_20,"[[9, 1, 10, 24], [11, 3, 12, 2], [13, 23, 14, 22], [15, 21, 16, 20], [17, 6, 18, 7], [19, 4, 20, 5], [21, 15, 22, 14], [23, 13, 24, 12], [1, 11, 2, 10], [3, 9, 4, 8], [5, 16, 6, 17], [7, 18, 8, 19]]"
12a_1148_21,"[[7, 18, 8, 19], [9, 1, 10, 24], [11, 3, 12, 2], [13, 23, 14, 22], [15, 21, 16, 20], [17, 6, 18, 7], [19, 4, 20, 5], [21, 15, 22, 14], [23, 13, 24, 12], [1, 11, 2, 10], [3, 9, 4, 8], [5, 16, 6, 17]]"
12a_1148_22,"[[5, 16, 6, 17], [7, 18, 8, 19], [9, 1, 10, 24], [11, 3, 12, 2], [13, 23, 14, 22], [15, 21, 16, 20], [17, 6, 18, 7], [19, 4, 20, 5], [21, 15, 22, 14], [23, 13, 24, 12], [1, 11, 2, 10], [3, 9, 4, 8]]"
12a_1148_23,"[[3, 9, 4, 8], [5, 16, 6, 17], [7, 18, 8, 19], [9, 1, 10, 24], [11, 3, 12, 2], [13, 23, 14, 22], [15, 21, 16, 20], [17, 6, 18, 7], [19, 4, 20, 5], [21, 15, 22, 14], [23, 13, 24, 12], [1, 11, 2, 10]]"
12a_1148_24,"[[2, 12, 3, 11], [4, 10, 5, 9], [6, 17, 7, 18], [8, 19, 9, 20], [10, 2, 11, 1], [12, 4, 13, 3], [14, 24, 15, 23], [16, 22, 17, 21], [18, 7, 19, 8], [20, 5, 21, 6], [22, 16, 23, 15], [24, 14, 1, 13]]"
12a_1148_25,"[[24, 14, 1, 13], [2, 12, 3, 11], [4, 10, 5, 9], [6, 17, 7, 18], [8, 19, 9, 20], [10, 2, 11, 1], [12, 4, 13, 3], [14, 24, 15, 23], [16, 22, 17, 21], [18, 7, 19, 8], [20, 5, 21, 6], [22, 16, 23, 15]]"
12a_1148_26,"[[22, 16, 23, 15], [24, 14, 1, 13], [2, 12, 3, 11], [4, 10, 5, 9], [6, 17, 7, 18], [8, 19, 9, 20], [10, 2, 11, 1], [12, 4, 13, 3], [14, 24, 15, 23], [16, 22, 17, 21], [18, 7, 19, 8], [20, 5, 21, 6]]"
12a_1148_27,"[[20, 5, 21, 6], [22, 16, 23, 15], [24, 14, 1, 13], [2, 12, 3, 11], [4, 10, 5, 9], [6, 17, 7, 18], [8, 19, 9, 20], [10, 2, 11, 1], [12, 4, 13, 3], [14, 24, 15, 23], [16, 22, 17, 21], [18, 7, 19, 8]]"
12a_1148_28,"[[18, 7, 19, 8], [20, 5, 21, 6], [22, 16, 23, 15], [24, 14, 1, 13], [2, 12, 3, 11], [4, 10, 5, 9], [6, 17, 7, 18], [8, 19, 9, 20], [10, 2, 11, 1], [12, 4, 13, 3], [14, 24, 15, 23], [16, 22, 17, 21]]"
12a_1148_29,"[[16, 22, 17, 21], [18, 7, 19, 8], [20, 5, 21, 6], [22, 16, 23, 15], [24, 14, 1, 13], [2, 12, 3, 11], [4, 10, 5, 9], [6, 17, 7, 18], [8, 19, 9, 20], [10, 2, 11, 1], [12, 4, 13, 3], [14, 24, 15, 23]]"
12a_1148_30,"[[14, 24, 15, 23], [16, 22, 17, 21], [18, 7, 19, 8], [20, 5, 21, 6], [22, 16, 23, 15], [24, 14, 1, 13], [2, 12, 3, 11], [4, 10, 5, 9], [6, 17, 7, 18], [8, 19, 9, 20], [10, 2, 11, 1], [12, 4, 13, 3]]"
12a_1148_31,"[[12, 4, 13, 3], [14, 24, 15, 23], [16, 22, 17, 21], [18, 7, 19, 8], [20, 5, 21, 6], [22, 16, 23, 15], [24, 14, 1, 13], [2, 12, 3, 11], [4, 10, 5, 9], [6, 17, 7, 18], [8, 19, 9, 20], [10, 2, 11, 1]]"
12a_1148_32,"[[10, 2, 11, 1], [12, 4, 13, 3], [14, 24, 15, 23], [16, 22, 17, 21], [18, 7, 19, 8], [20, 5, 21, 6], [22, 16, 23, 15], [24, 14, 1, 13], [2, 12, 3, 11], [4, 10, 5, 9], [6, 17, 7, 18], [8, 19, 9, 20]]"
12a_1148_33,"[[8, 19, 9, 20], [10, 2, 11, 1], [12, 4, 13, 3], [14, 24, 15, 23], [16, 22, 17, 21], [18, 7, 19, 8], [20, 5, 21, 6], [22, 16, 23, 15], [24, 14, 1, 13], [2, 12, 3, 11], [4, 10, 5, 9], [6, 17, 7, 18]]"
12a_1148_34,"[[6, 17, 7, 18], [8, 19, 9, 20], [10, 2, 11, 1], [12, 4, 13, 3], [14, 24, 15, 23], [16, 22, 17, 21], [18, 7, 19, 8], [20, 5, 21, 6], [22, 16, 23, 15], [24, 14, 1, 13], [2, 12, 3, 11], [4, 10, 5, 9]]"
12a_1148_35,"[[4, 10, 5, 9], [6, 17, 7, 18], [8, 19, 9, 20], [10, 2, 11, 1], [12, 4, 13, 3], [14, 24, 15, 23], [16, 22, 17, 21], [18, 7, 19, 8], [20, 5, 21, 6], [22, 16, 23, 15], [24, 14, 1, 13], [2, 12, 3, 11]]"
12a_1148_36,"[[3, 13, 4, 12], [5, 11, 6, 10], [7, 18, 8, 19], [9, 20, 10, 21], [11, 3, 12, 2], [13, 5, 14, 4], [15, 1, 16, 24], [17, 23, 18, 22], [19, 8, 20, 9], [21, 6, 22, 7], [23, 17, 24, 16], [1, 15, 2, 14]]"
12a_1148_37,"[[1, 15, 2, 14], [3, 13, 4, 12], [5, 11, 6, 10], [7, 18, 8, 19], [9, 20, 10, 21], [11, 3, 12, 2], [13, 5, 14, 4], [15, 1, 16, 24], [17, 23, 18, 22], [19, 8, 20, 9], [21, 6, 22, 7], [23, 17, 24, 16]]"
12a_1148_38,"[[23, 17, 24, 16], [1, 15, 2, 14], [3, 13, 4, 12], [5, 11, 6, 10], [7, 18, 8, 19], [9, 20, 10, 21], [11, 3, 12, 2], [13, 5, 14, 4], [15, 1, 16, 24], [17, 23, 18, 22], [19, 8, 20, 9], [21, 6, 22, 7]]"
12a_1148_39,"[[21, 6, 22, 7], [23, 17, 24, 16], [1, 15, 2, 14], [3, 13, 4, 12], [5, 11, 6, 10], [7, 18, 8, 19], [9, 20, 10, 21], [11, 3, 12, 2], [13, 5, 14, 4], [15, 1, 16, 24], [17, 23, 18, 22], [19, 8, 20, 9]]"
12a_1148_40,"[[19, 8, 20, 9], [21, 6, 22, 7], [23, 17, 24, 16], [1, 15, 2, 14], [3, 13, 4, 12], [5, 11, 6, 10], [7, 18, 8, 19], [9, 20, 10, 21], [11, 3, 12, 2], [13, 5, 14, 4], [15, 1, 16, 24], [17, 23, 18, 22]]"
12a_1148_41,"[[17, 23, 18, 22], [19, 8, 20, 9], [21, 6, 22, 7], [23, 17, 24, 16], [1, 15, 2, 14], [3, 13, 4, 12], [5, 11, 6, 10], [7, 18, 8, 19], [9, 20, 10, 21], [11, 3, 12, 2], [13, 5, 14, 4], [15, 1, 16, 24]]"
12a_1148_42,"[[15, 1, 16, 24], [17, 23, 18, 22], [19, 8, 20, 9], [21, 6, 22, 7], [23, 17, 24, 16], [1, 15, 2, 14], [3, 13, 4, 12], [5, 11, 6, 10], [7, 18, 8, 19], [9, 20, 10, 21], [11, 3, 12, 2], [13, 5, 14, 4]]"
12a_1148_43,"[[13, 5, 14, 4], [15, 1, 16, 24], [17, 23, 18, 22], [19, 8, 20, 9], [21, 6, 22, 7], [23, 17, 24, 16], [1, 15, 2, 14], [3, 13, 4, 12], [5, 11, 6, 10], [7, 18, 8, 19], [9, 20, 10, 21], [11, 3, 12, 2]]"
12a_1148_44,"[[11, 3, 12, 2], [13, 5, 14, 4], [15, 1, 16, 24], [17, 23, 18, 22], [19, 8, 20, 9], [21, 6, 22, 7], [23, 17, 24, 16], [1, 15, 2, 14], [3, 13, 4, 12], [5, 11, 6, 10], [7, 18, 8, 19], [9, 20, 10, 21]]"
12a_1148_45,"[[9, 20, 10, 21], [11, 3, 12, 2], [13, 5, 14, 4], [15, 1, 16, 24], [17, 23, 18, 22], [19, 8, 20, 9], [21, 6, 22, 7], [23, 17, 24, 16], [1, 15, 2, 14], [3, 13, 4, 12], [5, 11, 6, 10], [7, 18, 8, 19]]"
12a_1148_46,"[[7, 18, 8, 19], [9, 20, 10, 21], [11, 3, 12, 2], [13, 5, 14, 4], [15, 1, 16, 24], [17, 23, 18, 22], [19, 8, 20, 9], [21, 6, 22, 7], [23, 17, 24, 16], [1, 15, 2, 14], [3, 13, 4, 12], [5, 11, 6, 10]]"
12a_1148_47,"[[5, 11, 6, 10], [7, 18, 8, 19], [9, 20, 10, 21], [11, 3, 12, 2], [13, 5, 14, 4], [15, 1, 16, 24], [17, 23, 18, 22], [19, 8, 20, 9], [21, 6, 22, 7], [23, 17, 24, 16], [1, 15, 2, 14], [3, 13, 4, 12]]"
12a_1148_48,"[[4, 14, 5, 13], [6, 12, 7, 11], [8, 19, 9, 20], [10, 21, 11, 22], [12, 4, 13, 3], [14, 6, 15, 5], [16, 2, 17, 1], [18, 24, 19, 23], [20, 9, 21, 10], [22, 7, 23, 8], [24, 18, 1, 17], [2, 16, 3, 15]]"
12a_1148_49,"[[2, 16, 3, 15], [4, 14, 5, 13], [6, 12, 7, 11], [8, 19, 9, 20], [10, 21, 11, 22], [12, 4, 13, 3], [14, 6, 15, 5], [16, 2, 17, 1], [18, 24, 19, 23], [20, 9, 21, 10], [22, 7, 23, 8], [24, 18, 1, 17]]"
12a_1148_50,"[[24, 18, 1, 17], [2, 16, 3, 15], [4, 14, 5, 13], [6, 12, 7, 11], [8, 19, 9, 20], [10, 21, 11, 22], [12, 4, 13, 3], [14, 6, 15, 5], [16, 2, 17, 1], [18, 24, 19, 23], [20, 9, 21, 10], [22, 7, 23, 8]]"
12a_1148_51,"[[22, 7, 23, 8], [24, 18, 1, 17], [2, 16, 3, 15], [4, 14, 5, 13], [6, 12, 7, 11], [8, 19, 9, 20], [10, 21, 11, 22], [12, 4, 13, 3], [14, 6, 15, 5], [16, 2, 17, 1], [18, 24, 19, 23], [20, 9, 21, 10]]"
12a_1148_52,"[[20, 9, 21, 10], [22, 7, 23, 8], [24, 18, 1, 17], [2, 16, 3, 15], [4, 14, 5, 13], [6, 12, 7, 11], [8, 19, 9, 20], [10, 21, 11, 22], [12, 4, 13, 3], [14, 6, 15, 5], [16, 2, 17, 1], [18, 24, 19, 23]]"
12a_1148_53,"[[18, 24, 19, 23], [20, 9, 21, 10], [22, 7, 23, 8], [24, 18, 1, 17], [2, 16, 3, 15], [4, 14, 5, 13], [6, 12, 7, 11], [8, 19, 9, 20], [10, 21, 11, 22], [12, 4, 13, 3], [14, 6, 15, 5], [16, 2, 17, 1]]"
12a_1148_54,"[[16, 2, 17, 1], [18, 24, 19, 23], [20, 9, 21, 10], [22, 7, 23, 8], [24, 18, 1, 17], [2, 16, 3, 15], [4, 14, 5, 13], [6, 12, 7, 11], [8, 19, 9, 20], [10, 21, 11, 22], [12, 4, 13, 3], [14, 6, 15, 5]]"
12a_1148_55,"[[14, 6, 15, 5], [16, 2, 17, 1], [18, 24, 19, 23], [20, 9, 21, 10], [22, 7, 23, 8], [24, 18, 1, 17], [2, 16, 3, 15], [4, 14, 5, 13], [6, 12, 7, 11], [8, 19, 9, 20], [10, 21, 11, 22], [12, 4, 13, 3]]"
12a_1148_56,"[[12, 4, 13, 3], [14, 6, 15, 5], [16, 2, 17, 1], [18, 24, 19, 23], [20, 9, 21, 10], [22, 7, 23, 8], [24, 18, 1, 17], [2, 16, 3, 15], [4, 14, 5, 13], [6, 12, 7, 11], [8, 19, 9, 20], [10, 21, 11, 22]]"
12a_1148_57,"[[10, 21, 11, 22], [12, 4, 13, 3], [14, 6, 15, 5], [16, 2, 17, 1], [18, 24, 19, 23], [20, 9, 21, 10], [22, 7, 23, 8], [24, 18, 1, 17], [2, 16, 3, 15], [4, 14, 5, 13], [6, 12, 7, 11], [8, 19, 9, 20]]"
12a_1148_58,"[[8, 19, 9, 20], [10, 21, 11, 22], [12, 4, 13, 3], [14, 6, 15, 5], [16, 2, 17, 1], [18, 24, 19, 23], [20, 9, 21, 10], [22, 7, 23, 8], [24, 18, 1, 17], [2, 16, 3, 15], [4, 14, 5, 13], [6, 12, 7, 11]]"
12a_1148_59,"[[6, 12, 7, 11], [8, 19, 9, 20], [10, 21, 11, 22], [12, 4, 13, 3], [14, 6, 15, 5], [16, 2, 17, 1], [18, 24, 19, 23], [20, 9, 21, 10], [22, 7, 23, 8], [24, 18, 1, 17], [2, 16, 3, 15], [4, 14, 5, 13]]"
12a_1148_60,"[[5, 15, 6, 14], [7, 13, 8, 12], [9, 20, 10, 21], [11, 22, 12, 23], [13, 5, 14, 4], [15, 7, 16, 6], [17, 3, 18, 2], [19, 1, 20, 24], [21, 10, 22, 11], [23, 8, 24, 9], [1, 19, 2, 18], [3, 17, 4, 16]]"
12a_1148_61,"[[3, 17, 4, 16], [5, 15, 6, 14], [7, 13, 8, 12], [9, 20, 10, 21], [11, 22, 12, 23], [13, 5, 14, 4], [15, 7, 16, 6], [17, 3, 18, 2], [19, 1, 20, 24], [21, 10, 22, 11], [23, 8, 24, 9], [1, 19, 2, 18]]"
12a_1148_62,"[[1, 19, 2, 18], [3, 17, 4, 16], [5, 15, 6, 14], [7, 13, 8, 12], [9, 20, 10, 21], [11, 22, 12, 23], [13, 5, 14, 4], [15, 7, 16, 6], [17, 3, 18, 2], [19, 1, 20, 24], [21, 10, 22, 11], [23, 8, 24, 9]]"
12a_1148_63,"[[23, 8, 24, 9], [1, 19, 2, 18], [3, 17, 4, 16], [5, 15, 6, 14], [7, 13, 8, 12], [9, 20, 10, 21], [11, 22, 12, 23], [13, 5, 14, 4], [15, 7, 16, 6], [17, 3, 18, 2], [19, 1, 20, 24], [21, 10, 22, 11]]"
12a_1148_64,"[[21, 10, 22, 11], [23, 8, 24, 9], [1, 19, 2, 18], [3, 17, 4, 16], [5, 15, 6, 14], [7, 13, 8, 12], [9, 20, 10, 21], [11, 22, 12, 23], [13, 5, 14, 4], [15, 7, 16, 6], [17, 3, 18, 2], [19, 1, 20, 24]]"
12a_1148_65,"[[19, 1, 20, 24], [21, 10, 22, 11], [23, 8, 24, 9], [1, 19, 2, 18], [3, 17, 4, 16], [5, 15, 6, 14], [7, 13, 8, 12], [9, 20, 10, 21], [11, 22, 12, 23], [13, 5, 14, 4], [15, 7, 16, 6], [17, 3, 18, 2]]"
12a_1148_66,"[[17, 3, 18, 2], [19, 1, 20, 24], [21, 10, 22, 11], [23, 8, 24, 9], [1, 19, 2, 18], [3, 17, 4, 16], [5, 15, 6, 14], [7, 13, 8, 12], [9, 20, 10, 21], [11, 22, 12, 23], [13, 5, 14, 4], [15, 7, 16, 6]]"
12a_1148_67,"[[15, 7, 16, 6], [17, 3, 18, 2], [19, 1, 20, 24], [21, 10, 22, 11], [23, 8, 24, 9], [1, 19, 2, 18], [3, 17, 4, 16], [5, 15, 6, 14], [7, 13, 8, 12], [9, 20, 10, 21], [11, 22, 12, 23], [13, 5, 14, 4]]"
12a_1148_68,"[[13, 5, 14, 4], [15, 7, 16, 6], [17, 3, 18, 2], [19, 1, 20, 24], [21, 10, 22, 11], [23, 8, 24, 9], [1, 19, 2, 18], [3, 17, 4, 16], [5, 15, 6, 14], [7, 13, 8, 12], [9, 20, 10, 21], [11, 22, 12, 23]]"
12a_1148_69,"[[11, 22, 12, 23], [13, 5, 14, 4], [15, 7, 16, 6], [17, 3, 18, 2], [19, 1, 20, 24], [21, 10, 22, 11], [23, 8, 24, 9], [1, 19, 2, 18], [3, 17, 4, 16], [5, 15, 6, 14], [7, 13, 8, 12], [9, 20, 10, 21]]"
12a_1148_70,"[[9, 20, 10, 21], [11, 22, 12, 23], [13, 5, 14, 4], [15, 7, 16, 6], [17, 3, 18, 2], [19, 1, 20, 24], [21, 10, 22, 11], [23, 8, 24, 9], [1, 19, 2, 18], [3, 17, 4, 16], [5, 15, 6, 14], [7, 13, 8, 12]]"
12a_1148_71,"[[7, 13, 8, 12], [9, 20, 10, 21], [11, 22, 12, 23], [13, 5, 14, 4], [15, 7, 16, 6], [17, 3, 18, 2], [19, 1, 20, 24], [21, 10, 22, 11], [23, 8, 24, 9], [1, 19, 2, 18], [3, 17, 4, 16], [5, 15, 6, 14]]"
12a_1148_72,"[[6, 16, 7, 15], [8, 14, 9, 13], [10, 21, 11, 22], [12, 23, 13, 24], [14, 6, 15, 5], [16, 8, 17, 7], [18, 4, 19, 3], [20, 2, 21, 1], [22, 11, 23, 12], [24, 9, 1, 10], [2, 20, 3, 19], [4, 18, 5, 17]]"
12a_1148_73,"[[4, 18, 5, 17], [6, 16, 7, 15], [8, 14, 9, 13], [10, 21, 11, 22], [12, 23, 13, 24], [14, 6, 15, 5], [16, 8, 17, 7], [18, 4, 19, 3], [20, 2, 21, 1], [22, 11, 23, 12], [24, 9, 1, 10], [2, 20, 3, 19]]"
12a_1148_74,"[[2, 20, 3, 19], [4, 18, 5, 17], [6, 16, 7, 15], [8, 14, 9, 13], [10, 21, 11, 22], [12, 23, 13, 24], [14, 6, 15, 5], [16, 8, 17, 7], [18, 4, 19, 3], [20, 2, 21, 1], [22, 11, 23, 12], [24, 9, 1, 10]]"
12a_1148_75,"[[24, 9, 1, 10], [2, 20, 3, 19], [4, 18, 5, 17], [6, 16, 7, 15], [8, 14, 9, 13], [10, 21, 11, 22], [12, 23, 13, 24], [14, 6, 15, 5], [16, 8, 17, 7], [18, 4, 19, 3], [20, 2, 21, 1], [22, 11, 23, 12]]"
12a_1148_76,"[[22, 11, 23, 12], [24, 9, 1, 10], [2, 20, 3, 19], [4, 18, 5, 17], [6, 16, 7, 15], [8, 14, 9, 13], [10, 21, 11, 22], [12, 23, 13, 24], [14, 6, 15, 5], [16, 8, 17, 7], [18, 4, 19, 3], [20, 2, 21, 1]]"
12a_1148_77,"[[20, 2, 21, 1], [22, 11, 23, 12], [24, 9, 1, 10], [2, 20, 3, 19], [4, 18, 5, 17], [6, 16, 7, 15], [8, 14, 9, 13], [10, 21, 11, 22], [12, 23, 13, 24], [14, 6, 15, 5], [16, 8, 17, 7], [18, 4, 19, 3]]"
12a_1148_78,"[[18, 4, 19, 3], [20, 2, 21, 1], [22, 11, 23, 12], [24, 9, 1, 10], [2, 20, 3, 19], [4, 18, 5, 17], [6, 16, 7, 15], [8, 14, 9, 13], [10, 21, 11, 22], [12, 23, 13, 24], [14, 6, 15, 5], [16, 8, 17, 7]]"
12a_1148_79,"[[16, 8, 17, 7], [18, 4, 19, 3], [20, 2, 21, 1], [22, 11, 23, 12], [24, 9, 1, 10], [2, 20, 3, 19], [4, 18, 5, 17], [6, 16, 7, 15], [8, 14, 9, 13], [10, 21, 11, 22], [12, 23, 13, 24], [14, 6, 15, 5]]"
12a_1148_80,"[[14, 6, 15, 5], [16, 8, 17, 7], [18, 4, 19, 3], [20, 2, 21, 1], [22, 11, 23, 12], [24, 9, 1, 10], [2, 20, 3, 19], [4, 18, 5, 17], [6, 16, 7, 15], [8, 14, 9, 13], [10, 21, 11, 22], [12, 23, 13, 24]]"
12a_1148_81,"[[12, 23, 13, 24], [14, 6, 15, 5], [16, 8, 17, 7], [18, 4, 19, 3], [20, 2, 21, 1], [22, 11, 23, 12], [24, 9, 1, 10], [2, 20, 3, 19], [4, 18, 5, 17], [6, 16, 7, 15], [8, 14, 9, 13], [10, 21, 11, 22]]"
12a_1148_82,"[[10, 21, 11, 22], [12, 23, 13, 24], [14, 6, 15, 5], [16, 8, 17, 7], [18, 4, 19, 3], [20, 2, 21, 1], [22, 11, 23, 12], [24, 9, 1, 10], [2, 20, 3, 19], [4, 18, 5, 17], [6, 16, 7, 15], [8, 14, 9, 13]]"
12a_1148_83,"[[8, 14, 9, 13], [10, 21, 11, 22], [12, 23, 13, 24], [14, 6, 15, 5], [16, 8, 17, 7], [18, 4, 19, 3], [20, 2, 21, 1], [22, 11, 23, 12], [24, 9, 1, 10], [2, 20, 3, 19], [4, 18, 5, 17], [6, 16, 7, 15]]"
12a_1148_84,"[[7, 17, 8, 16], [9, 15, 10, 14], [11, 22, 12, 23], [13, 24, 14, 1], [15, 7, 16, 6], [17, 9, 18, 8], [19, 5, 20, 4], [21, 3, 22, 2], [23, 12, 24, 13], [1, 10, 2, 11], [3, 21, 4, 20], [5, 19, 6, 18]]"
12a_1148_85,"[[5, 19, 6, 18], [7, 17, 8, 16], [9, 15, 10, 14], [11, 22, 12, 23], [13, 24, 14, 1], [15, 7, 16, 6], [17, 9, 18, 8], [19, 5, 20, 4], [21, 3, 22, 2], [23, 12, 24, 13], [1, 10, 2, 11], [3, 21, 4, 20]]"
12a_1148_86,"[[3, 21, 4, 20], [5, 19, 6, 18], [7, 17, 8, 16], [9, 15, 10, 14], [11, 22, 12, 23], [13, 24, 14, 1], [15, 7, 16, 6], [17, 9, 18, 8], [19, 5, 20, 4], [21, 3, 22, 2], [23, 12, 24, 13], [1, 10, 2, 11]]"
12a_1148_87,"[[1, 10, 2, 11], [3, 21, 4, 20], [5, 19, 6, 18], [7, 17, 8, 16], [9, 15, 10, 14], [11, 22, 12, 23], [13, 24, 14, 1], [15, 7, 16, 6], [17, 9, 18, 8], [19, 5, 20, 4], [21, 3, 22, 2], [23, 12, 24, 13]]"
12a_1148_88,"[[23, 12, 24, 13], [1, 10, 2, 11], [3, 21, 4, 20], [5, 19, 6, 18], [7, 17, 8, 16], [9, 15, 10, 14], [11, 22, 12, 23], [13, 24, 14, 1], [15, 7, 16, 6], [17, 9, 18, 8], [19, 5, 20, 4], [21, 3, 22, 2]]"
12a_1148_89,"[[21, 3, 22, 2], [23, 12, 24, 13], [1, 10, 2, 11], [3, 21, 4, 20], [5, 19, 6, 18], [7, 17, 8, 16], [9, 15, 10, 14], [11, 22, 12, 23], [13, 24, 14, 1], [15, 7, 16, 6], [17, 9, 18, 8], [19, 5, 20, 4]]"
12a_1148_90,"[[19, 5, 20, 4], [21, 3, 22, 2], [23, 12, 24, 13], [1, 10, 2, 11], [3, 21, 4, 20], [5, 19, 6, 18], [7, 17, 8, 16], [9, 15, 10, 14], [11, 22, 12, 23], [13, 24, 14, 1], [15, 7, 16, 6], [17, 9, 18, 8]]"
12a_1148_91,"[[17, 9, 18, 8], [19, 5, 20, 4], [21, 3, 22, 2], [23, 12, 24, 13], [1, 10, 2, 11], [3, 21, 4, 20], [5, 19, 6, 18], [7, 17, 8, 16], [9, 15, 10, 14], [11, 22, 12, 23], [13, 24, 14, 1], [15, 7, 16, 6]]"
12a_1148_92,"[[15, 7, 16, 6], [17, 9, 18, 8], [19, 5, 20, 4], [21, 3, 22, 2], [23, 12, 24, 13], [1, 10, 2, 11], [3, 21, 4, 20], [5, 19, 6, 18], [7, 17, 8, 16], [9, 15, 10, 14], [11, 22, 12, 23], [13, 24, 14, 1]]"
12a_1148_93,"[[13, 24, 14, 1], [15, 7, 16, 6], [17, 9, 18, 8], [19, 5, 20, 4], [21, 3, 22, 2], [23, 12, 24, 13], [1, 10, 2, 11], [3, 21, 4, 20], [5, 19, 6, 18], [7, 17, 8, 16], [9, 15, 10, 14], [11, 22, 12, 23]]"
12a_1148_94,"[[11, 22, 12, 23], [13, 24, 14, 1], [15, 7, 16, 6], [17, 9, 18, 8], [19, 5, 20, 4], [21, 3, 22, 2], [23, 12, 24, 13], [1, 10, 2, 11], [3, 21, 4, 20], [5, 19, 6, 18], [7, 17, 8, 16], [9, 15, 10, 14]]"
12a_1148_95,"[[9, 15, 10, 14], [11, 22, 12, 23], [13, 24, 14, 1], [15, 7, 16, 6], [17, 9, 18, 8], [19, 5, 20, 4], [21, 3, 22, 2], [23, 12, 24, 13], [1, 10, 2, 11], [3, 21, 4, 20], [5, 19, 6, 18], [7, 17, 8, 16]]"
12a_1148_96,"[[8, 18, 9, 17], [10, 16, 11, 15], [12, 23, 13, 24], [14, 1, 15, 2], [16, 8, 17, 7], [18, 10, 19, 9], [20, 6, 21, 5], [22, 4, 23, 3], [24, 13, 1, 14], [2, 11, 3, 12], [4, 22, 5, 21], [6, 20, 7, 19]]"
12a_1148_97,"[[6, 20, 7, 19], [8, 18, 9, 17], [10, 16, 11, 15], [12, 23, 13, 24], [14, 1, 15, 2], [16, 8, 17, 7], [18, 10, 19, 9], [20, 6, 21, 5], [22, 4, 23, 3], [24, 13, 1, 14], [2, 11, 3, 12], [4, 22, 5, 21]]"
12a_1148_98,"[[4, 22, 5, 21], [6, 20, 7, 19], [8, 18, 9, 17], [10, 16, 11, 15], [12, 23, 13, 24], [14, 1, 15, 2], [16, 8, 17, 7], [18, 10, 19, 9], [20, 6, 21, 5], [22, 4, 23, 3], [24, 13, 1, 14], [2, 11, 3, 12]]"
12a_1148_99,"[[2, 11, 3, 12], [4, 22, 5, 21], [6, 20, 7, 19], [8, 18, 9, 17], [10, 16, 11, 15], [12, 23, 13, 24], [14, 1, 15, 2], [16, 8, 17, 7], [18, 10, 19, 9], [20, 6, 21, 5], [22, 4, 23, 3], [24, 13, 1, 14]]"
12a_1148_100,"[[24, 13, 1, 14], [2, 11, 3, 12], [4, 22, 5, 21], [6, 20, 7, 19], [8, 18, 9, 17], [10, 16, 11, 15], [12, 23, 13, 24], [14, 1, 15, 2], [16, 8, 17, 7], [18, 10, 19, 9], [20, 6, 21, 5], [22, 4, 23, 3]]"
12a_1148_101,"[[22, 4, 23, 3], [24, 13, 1, 14], [2, 11, 3, 12], [4, 22, 5, 21], [6, 20, 7, 19], [8, 18, 9, 17], [10, 16, 11, 15], [12, 23, 13, 24], [14, 1, 15, 2], [16, 8, 17, 7], [18, 10, 19, 9], [20, 6, 21, 5]]"
12a_1148_102,"[[20, 6, 21, 5], [22, 4, 23, 3], [24, 13, 1, 14], [2, 11, 3, 12], [4, 22, 5, 21], [6, 20, 7, 19], [8, 18, 9, 17], [10, 16, 11, 15], [12, 23, 13, 24], [14, 1, 15, 2], [16, 8, 17, 7], [18, 10, 19, 9]]"
12a_1148_103,"[[18, 10, 19, 9], [20, 6, 21, 5], [22, 4, 23, 3], [24, 13, 1, 14], [2, 11, 3, 12], [4, 22, 5, 21], [6, 20, 7, 19], [8, 18, 9, 17], [10, 16, 11, 15], [12, 23, 13, 24], [14, 1, 15, 2], [16, 8, 17, 7]]"
12a_1148_104,"[[16, 8, 17, 7], [18, 10, 19, 9], [20, 6, 21, 5], [22, 4, 23, 3], [24, 13, 1, 14], [2, 11, 3, 12], [4, 22, 5, 21], [6, 20, 7, 19], [8, 18, 9, 17], [10, 16, 11, 15], [12, 23, 13, 24], [14, 1, 15, 2]]"
12a_1148_105,"[[14, 1, 15, 2], [16, 8, 17, 7], [18, 10, 19, 9], [20, 6, 21, 5], [22, 4, 23, 3], [24, 13, 1, 14], [2, 11, 3, 12], [4, 22, 5, 21], [6, 20, 7, 19], [8, 18, 9, 17], [10, 16, 11, 15], [12, 23, 13, 24]]"
12a_1148_106,"[[12, 23, 13, 24], [14, 1, 15, 2], [16, 8, 17, 7], [18, 10, 19, 9], [20, 6, 21, 5], [22, 4, 23, 3], [24, 13, 1, 14], [2, 11, 3, 12], [4, 22, 5, 21], [6, 20, 7, 19], [8, 18, 9, 17], [10, 16, 11, 15]]"
12a_1148_107,"[[10, 16, 11, 15], [12, 23, 13, 24], [14, 1, 15, 2], [16, 8, 17, 7], [18, 10, 19, 9], [20, 6, 21, 5], [22, 4, 23, 3], [24, 13, 1, 14], [2, 11, 3, 12], [4, 22, 5, 21], [6, 20, 7, 19], [8, 18, 9, 17]]"
12a_1148_108,"[[9, 19, 10, 18], [11, 17, 12, 16], [13, 24, 14, 1], [15, 2, 16, 3], [17, 9, 18, 8], [19, 11, 20, 10], [21, 7, 22, 6], [23, 5, 24, 4], [1, 14, 2, 15], [3, 12, 4, 13], [5, 23, 6, 22], [7, 21, 8, 20]]"
12a_1148_109,"[[7, 21, 8, 20], [9, 19, 10, 18], [11, 17, 12, 16], [13, 24, 14, 1], [15, 2, 16, 3], [17, 9, 18, 8], [19, 11, 20, 10], [21, 7, 22, 6], [23, 5, 24, 4], [1, 14, 2, 15], [3, 12, 4, 13], [5, 23, 6, 22]]"
12a_1148_110,"[[5, 23, 6, 22], [7, 21, 8, 20], [9, 19, 10, 18], [11, 17, 12, 16], [13, 24, 14, 1], [15, 2, 16, 3], [17, 9, 18, 8], [19, 11, 20, 10], [21, 7, 22, 6], [23, 5, 24, 4], [1, 14, 2, 15], [3, 12, 4, 13]]"
12a_1148_111,"[[3, 12, 4, 13], [5, 23, 6, 22], [7, 21, 8, 20], [9, 19, 10, 18], [11, 17, 12, 16], [13, 24, 14, 1], [15, 2, 16, 3], [17, 9, 18, 8], [19, 11, 20, 10], [21, 7, 22, 6], [23, 5, 24, 4], [1, 14, 2, 15]]"
12a_1148_112,"[[1, 14, 2, 15], [3, 12, 4, 13], [5, 23, 6, 22], [7, 21, 8, 20], [9, 19, 10, 18], [11, 17, 12, 16], [13, 24, 14, 1], [15, 2, 16, 3], [17, 9, 18, 8], [19, 11, 20, 10], [21, 7, 22, 6], [23, 5, 24, 4]]"
12a_1148_113,"[[23, 5, 24, 4], [1, 14, 2, 15], [3, 12, 4, 13], [5, 23, 6, 22], [7, 21, 8, 20], [9, 19, 10, 18], [11, 17, 12, 16], [13, 24, 14, 1], [15, 2, 16, 3], [17, 9, 18, 8], [19, 11, 20, 10], [21, 7, 22, 6]]"
12a_1148_114,"[[21, 7, 22, 6], [23, 5, 24, 4], [1, 14, 2, 15], [3, 12, 4, 13], [5, 23, 6, 22], [7, 21, 8, 20], [9, 19, 10, 18], [11, 17, 12, 16], [13, 24, 14, 1], [15, 2, 16, 3], [17, 9, 18, 8], [19, 11, 20, 10]]"
12a_1148_115,"[[19, 11, 20, 10], [21, 7, 22, 6], [23, 5, 24, 4], [1, 14, 2, 15], [3, 12, 4, 13], [5, 23, 6, 22], [7, 21, 8, 20], [9, 19, 10, 18], [11, 17, 12, 16], [13, 24, 14, 1], [15, 2, 16, 3], [17, 9, 18, 8]]"
12a_1148_116,"[[17, 9, 18, 8], [19, 11, 20, 10], [21, 7, 22, 6], [23, 5, 24, 4], [1, 14, 2, 15], [3, 12, 4, 13], [5, 23, 6, 22], [7, 21, 8, 20], [9, 19, 10, 18], [11, 17, 12, 16], [13, 24, 14, 1], [15, 2, 16, 3]]"
12a_1148_117,"[[15, 2, 16, 3], [17, 9, 18, 8], [19, 11, 20, 10], [21, 7, 22, 6], [23, 5, 24, 4], [1, 14, 2, 15], [3, 12, 4, 13], [5, 23, 6, 22], [7, 21, 8, 20], [9, 19, 10, 18], [11, 17, 12, 16], [13, 24, 14, 1]]"
12a_1148_118,"[[13, 24, 14, 1], [15, 2, 16, 3], [17, 9, 18, 8], [19, 11, 20, 10], [21, 7, 22, 6], [23, 5, 24, 4], [1, 14, 2, 15], [3, 12, 4, 13], [5, 23, 6, 22], [7, 21, 8, 20], [9, 19, 10, 18], [11, 17, 12, 16]]"
12a_1148_119,"[[11, 17, 12, 16], [13, 24, 14, 1], [15, 2, 16, 3], [17, 9, 18, 8], [19, 11, 20, 10], [21, 7, 22, 6], [23, 5, 24, 4], [1, 14, 2, 15], [3, 12, 4, 13], [5, 23, 6, 22], [7, 21, 8, 20], [9, 19, 10, 18]]"
12a_1148_120,"[[10, 20, 11, 19], [12, 18, 13, 17], [14, 1, 15, 2], [16, 3, 17, 4], [18, 10, 19, 9], [20, 12, 21, 11], [22, 8, 23, 7], [24, 6, 1, 5], [2, 15, 3, 16], [4, 13, 5, 14], [6, 24, 7, 23], [8, 22, 9, 21]]"
12a_1148_121,"[[8, 22, 9, 21], [10, 20, 11, 19], [12, 18, 13, 17], [14, 1, 15, 2], [16, 3, 17, 4], [18, 10, 19, 9], [20, 12, 21, 11], [22, 8, 23, 7], [24, 6, 1, 5], [2, 15, 3, 16], [4, 13, 5, 14], [6, 24, 7, 23]]"
12a_1148_122,"[[6, 24, 7, 23], [8, 22, 9, 21], [10, 20, 11, 19], [12, 18, 13, 17], [14, 1, 15, 2], [16, 3, 17, 4], [18, 10, 19, 9], [20, 12, 21, 11], [22, 8, 23, 7], [24, 6, 1, 5], [2, 15, 3, 16], [4, 13, 5, 14]]"
12a_1148_123,"[[4, 13, 5, 14], [6, 24, 7, 23], [8, 22, 9, 21], [10, 20, 11, 19], [12, 18, 13, 17], [14, 1, 15, 2], [16, 3, 17, 4], [18, 10, 19, 9], [20, 12, 21, 11], [22, 8, 23, 7], [24, 6, 1, 5], [2, 15, 3, 16]]"
12a_1148_124,"[[2, 15, 3, 16], [4, 13, 5, 14], [6, 24, 7, 23], [8, 22, 9, 21], [10, 20, 11, 19], [12, 18, 13, 17], [14, 1, 15, 2], [16, 3, 17, 4], [18, 10, 19, 9], [20, 12, 21, 11], [22, 8, 23, 7], [24, 6, 1, 5]]"
12a_1148_125,"[[24, 6, 1, 5], [2, 15, 3, 16], [4, 13, 5, 14], [6, 24, 7, 23], [8, 22, 9, 21], [10, 20, 11, 19], [12, 18, 13, 17], [14, 1, 15, 2], [16, 3, 17, 4], [18, 10, 19, 9], [20, 12, 21, 11], [22, 8, 23, 7]]"
12a_1148_126,"[[22, 8, 23, 7], [24, 6, 1, 5], [2, 15, 3, 16], [4, 13, 5, 14], [6, 24, 7, 23], [8, 22, 9, 21], [10, 20, 11, 19], [12, 18, 13, 17], [14, 1, 15, 2], [16, 3, 17, 4], [18, 10, 19, 9], [20, 12, 21, 11]]"
12a_1148_127,"[[20, 12, 21, 11], [22, 8, 23, 7], [24, 6, 1, 5], [2, 15, 3, 16], [4, 13, 5, 14], [6, 24, 7, 23], [8, 22, 9, 21], [10, 20, 11, 19], [12, 18, 13, 17], [14, 1, 15, 2], [16, 3, 17, 4], [18, 10, 19, 9]]"
12a_1148_128,"[[18, 10, 19, 9], [20, 12, 21, 11], [22, 8, 23, 7], [24, 6, 1, 5], [2, 15, 3, 16], [4, 13, 5, 14], [6, 24, 7, 23], [8, 22, 9, 21], [10, 20, 11, 19], [12, 18, 13, 17], [14, 1, 15, 2], [16, 3, 17, 4]]"
12a_1148_129,"[[16, 3, 17, 4], [18, 10, 19, 9], [20, 12, 21, 11], [22, 8, 23, 7], [24, 6, 1, 5], [2, 15, 3, 16], [4, 13, 5, 14], [6, 24, 7, 23], [8, 22, 9, 21], [10, 20, 11, 19], [12, 18, 13, 17], [14, 1, 15, 2]]"
12a_1148_130,"[[14, 1, 15, 2], [16, 3, 17, 4], [18, 10, 19, 9], [20, 12, 21, 11], [22, 8, 23, 7], [24, 6, 1, 5], [2, 15, 3, 16], [4, 13, 5, 14], [6, 24, 7, 23], [8, 22, 9, 21], [10, 20, 11, 19], [12, 18, 13, 17]]"
12a_1148_131,"[[12, 18, 13, 17], [14, 1, 15, 2], [16, 3, 17, 4], [18, 10, 19, 9], [20, 12, 21, 11], [22, 8, 23, 7], [24, 6, 1, 5], [2, 15, 3, 16], [4, 13, 5, 14], [6, 24, 7, 23], [8, 22, 9, 21], [10, 20, 11, 19]]"
12a_1148_132,"[[11, 21, 12, 20], [13, 19, 14, 18], [15, 2, 16, 3], [17, 4, 18, 5], [19, 11, 20, 10], [21, 13, 22, 12], [23, 9, 24, 8], [1, 7, 2, 6], [3, 16, 4, 17], [5, 14, 6, 15], [7, 1, 8, 24], [9, 23, 10, 22]]"
12a_1148_133,"[[9, 23, 10, 22], [11, 21, 12, 20], [13, 19, 14, 18], [15, 2, 16, 3], [17, 4, 18, 5], [19, 11, 20, 10], [21, 13, 22, 12], [23, 9, 24, 8], [1, 7, 2, 6], [3, 16, 4, 17], [5, 14, 6, 15], [7, 1, 8, 24]]"
12a_1148_134,"[[7, 1, 8, 24], [9, 23, 10, 22], [11, 21, 12, 20], [13, 19, 14, 18], [15, 2, 16, 3], [17, 4, 18, 5], [19, 11, 20, 10], [21, 13, 22, 12], [23, 9, 24, 8], [1, 7, 2, 6], [3, 16, 4, 17], [5, 14, 6, 15]]"
12a_1148_135,"[[5, 14, 6, 15], [7, 1, 8, 24], [9, 23, 10, 22], [11, 21, 12, 20], [13, 19, 14, 18], [15, 2, 16, 3], [17, 4, 18, 5], [19, 11, 20, 10], [21, 13, 22, 12], [23, 9, 24, 8], [1, 7, 2, 6], [3, 16, 4, 17]]"
12a_1148_136,"[[3, 16, 4, 17], [5, 14, 6, 15], [7, 1, 8, 24], [9, 23, 10, 22], [11, 21, 12, 20], [13, 19, 14, 18], [15, 2, 16, 3], [17, 4, 18, 5], [19, 11, 20, 10], [21, 13, 22, 12], [23, 9, 24, 8], [1, 7, 2, 6]]"
12a_1148_137,"[[1, 7, 2, 6], [3, 16, 4, 17], [5, 14, 6, 15], [7, 1, 8, 24], [9, 23, 10, 22], [11, 21, 12, 20], [13, 19, 14, 18], [15, 2, 16, 3], [17, 4, 18, 5], [19, 11, 20, 10], [21, 13, 22, 12], [23, 9, 24, 8]]"
12a_1148_138,"[[23, 9, 24, 8], [1, 7, 2, 6], [3, 16, 4, 17], [5, 14, 6, 15], [7, 1, 8, 24], [9, 23, 10, 22], [11, 21, 12, 20], [13, 19, 14, 18], [15, 2, 16, 3], [17, 4, 18, 5], [19, 11, 20, 10], [21, 13, 22, 12]]"
12a_1148_139,"[[21, 13, 22, 12], [23, 9, 24, 8], [1, 7, 2, 6], [3, 16, 4, 17], [5, 14, 6, 15], [7, 1, 8, 24], [9, 23, 10, 22], [11, 21, 12, 20], [13, 19, 14, 18], [15, 2, 16, 3], [17, 4, 18, 5], [19, 11, 20, 10]]"
12a_1148_140,"[[19, 11, 20, 10], [21, 13, 22, 12], [23, 9, 24, 8], [1, 7, 2, 6], [3, 16, 4, 17], [5, 14, 6, 15], [7, 1, 8, 24], [9, 23, 10, 22], [11, 21, 12, 20], [13, 19, 14, 18], [15, 2, 16, 3], [17, 4, 18, 5]]"
12a_1148_141,"[[17, 4, 18, 5], [19, 11, 20, 10], [21, 13, 22, 12], [23, 9, 24, 8], [1, 7, 2, 6], [3, 16, 4, 17], [5, 14, 6, 15], [7, 1, 8, 24], [9, 23, 10, 22], [11, 21, 12, 20], [13, 19, 14, 18], [15, 2, 16, 3]]"
12a_1148_142,"[[15, 2, 16, 3], [17, 4, 18, 5], [19, 11, 20, 10], [21, 13, 22, 12], [23, 9, 24, 8], [1, 7, 2, 6], [3, 16, 4, 17], [5, 14, 6, 15], [7, 1, 8, 24], [9, 23, 10, 22], [11, 21, 12, 20], [13, 19, 14, 18]]"
12a_1148_143,"[[13, 19, 14, 18], [15, 2, 16, 3], [17, 4, 18, 5], [19, 11, 20, 10], [21, 13, 22, 12], [23, 9, 24, 8], [1, 7, 2, 6], [3, 16, 4, 17], [5, 14, 6, 15], [7, 1, 8, 24], [9, 23, 10, 22], [11, 21, 12, 20]]"
12a_1148_144,"[[12, 22, 13, 21], [14, 20, 15, 19], [16, 3, 17, 4], [18, 5, 19, 6], [20, 12, 21, 11], [22, 14, 23, 13], [24, 10, 1, 9], [2, 8, 3, 7], [4, 17, 5, 18], [6, 15, 7, 16], [8, 2, 9, 1], [10, 24, 11, 23]]"
12a_1148_145,"[[10, 24, 11, 23], [12, 22, 13, 21], [14, 20, 15, 19], [16, 3, 17, 4], [18, 5, 19, 6], [20, 12, 21, 11], [22, 14, 23, 13], [24, 10, 1, 9], [2, 8, 3, 7], [4, 17, 5, 18], [6, 15, 7, 16], [8, 2, 9, 1]]"
12a_1148_146,"[[8, 2, 9, 1], [10, 24, 11, 23], [12, 22, 13, 21], [14, 20, 15, 19], [16, 3, 17, 4], [18, 5, 19, 6], [20, 12, 21, 11], [22, 14, 23, 13], [24, 10, 1, 9], [2, 8, 3, 7], [4, 17, 5, 18], [6, 15, 7, 16]]"
12a_1148_147,"[[6, 15, 7, 16], [8, 2, 9, 1], [10, 24, 11, 23], [12, 22, 13, 21], [14, 20, 15, 19], [16, 3, 17, 4], [18, 5, 19, 6], [20, 12, 21, 11], [22, 14, 23, 13], [24, 10, 1, 9], [2, 8, 3, 7], [4, 17, 5, 18]]"
12a_1148_148,"[[4, 17, 5, 18], [6, 15, 7, 16], [8, 2, 9, 1], [10, 24, 11, 23], [12, 22, 13, 21], [14, 20, 15, 19], [16, 3, 17, 4], [18, 5, 19, 6], [20, 12, 21, 11], [22, 14, 23, 13], [24, 10, 1, 9], [2, 8, 3, 7]]"
12a_1148_149,"[[2, 8, 3, 7], [4, 17, 5, 18], [6, 15, 7, 16], [8, 2, 9, 1], [10, 24, 11, 23], [12, 22, 13, 21], [14, 20, 15, 19], [16, 3, 17, 4], [18, 5, 19, 6], [20, 12, 21, 11], [22, 14, 23, 13], [24, 10, 1, 9]]"
12a_1148_150,"[[24, 10, 1, 9], [2, 8, 3, 7], [4, 17, 5, 18], [6, 15, 7, 16], [8, 2, 9, 1], [10, 24, 11, 23], [12, 22, 13, 21], [14, 20, 15, 19], [16, 3, 17, 4], [18, 5, 19, 6], [20, 12, 21, 11], [22, 14, 23, 13]]"
12a_1148_151,"[[22, 14, 23, 13], [24, 10, 1, 9], [2, 8, 3, 7], [4, 17, 5, 18], [6, 15, 7, 16], [8, 2, 9, 1], [10, 24, 11, 23], [12, 22, 13, 21], [14, 20, 15, 19], [16, 3, 17, 4], [18, 5, 19, 6], [20, 12, 21, 11]]"
12a_1148_152,"[[20, 12, 21, 11], [22, 14, 23, 13], [24, 10, 1, 9], [2, 8, 3, 7], [4, 17, 5, 18], [6, 15, 7, 16], [8, 2, 9, 1], [10, 24, 11, 23], [12, 22, 13, 21], [14, 20, 15, 19], [16, 3, 17, 4], [18, 5, 19, 6]]"
12a_1148_153,"[[18, 5, 19, 6], [20, 12, 21, 11], [22, 14, 23, 13], [24, 10, 1, 9], [2, 8, 3, 7], [4, 17, 5, 18], [6, 15, 7, 16], [8, 2, 9, 1], [10, 24, 11, 23], [12, 22, 13, 21], [14, 20, 15, 19], [16, 3, 17, 4]]"
12a_1148_154,"[[16, 3, 17, 4], [18, 5, 19, 6], [20, 12, 21, 11], [22, 14, 23, 13], [24, 10, 1, 9], [2, 8, 3, 7], [4, 17, 5, 18], [6, 15, 7, 16], [8, 2, 9, 1], [10, 24, 11, 23], [12, 22, 13, 21], [14, 20, 15, 19]]"
12a_1148_155,"[[14, 20, 15, 19], [16, 3, 17, 4], [18, 5, 19, 6], [20, 12, 21, 11], [22, 14, 23, 13], [24, 10, 1, 9], [2, 8, 3, 7], [4, 17, 5, 18], [6, 15, 7, 16], [8, 2, 9, 1], [10, 24, 11, 23], [12, 22, 13, 21]]"
12a_1148_156,"[[13, 23, 14, 22], [15, 21, 16, 20], [17, 4, 18, 5], [19, 6, 20, 7], [21, 13, 22, 12], [23, 15, 24, 14], [1, 11, 2, 10], [3, 9, 4, 8], [5, 18, 6, 19], [7, 16, 8, 17], [9, 3, 10, 2], [11, 1, 12, 24]]"
12a_1148_157,"[[11, 1, 12, 24], [13, 23, 14, 22], [15, 21, 16, 20], [17, 4, 18, 5], [19, 6, 20, 7], [21, 13, 22, 12], [23, 15, 24, 14], [1, 11, 2, 10], [3, 9, 4, 8], [5, 18, 6, 19], [7, 16, 8, 17], [9, 3, 10, 2]]"
12a_1148_158,"[[9, 3, 10, 2], [11, 1, 12, 24], [13, 23, 14, 22], [15, 21, 16, 20], [17, 4, 18, 5], [19, 6, 20, 7], [21, 13, 22, 12], [23, 15, 24, 14], [1, 11, 2, 10], [3, 9, 4, 8], [5, 18, 6, 19], [7, 16, 8, 17]]"
12a_1148_159,"[[7, 16, 8, 17], [9, 3, 10, 2], [11, 1, 12, 24], [13, 23, 14, 22], [15, 21, 16, 20], [17, 4, 18, 5], [19, 6, 20, 7], [21, 13, 22, 12], [23, 15, 24, 14], [1, 11, 2, 10], [3, 9, 4, 8], [5, 18, 6, 19]]"
12a_1148_160,"[[5, 18, 6, 19], [7, 16, 8, 17], [9, 3, 10, 2], [11, 1, 12, 24], [13, 23, 14, 22], [15, 21, 16, 20], [17, 4, 18, 5], [19, 6, 20, 7], [21, 13, 22, 12], [23, 15, 24, 14], [1, 11, 2, 10], [3, 9, 4, 8]]"
12a_1148_161,"[[3, 9, 4, 8], [5, 18, 6, 19], [7, 16, 8, 17], [9, 3, 10, 2], [11, 1, 12, 24], [13, 23, 14, 22], [15, 21, 16, 20], [17, 4, 18, 5], [19, 6, 20, 7], [21, 13, 22, 12], [23, 15, 24, 14], [1, 11, 2, 10]]"
12a_1148_162,"[[1, 11, 2, 10], [3, 9, 4, 8], [5, 18, 6, 19], [7, 16, 8, 17], [9, 3, 10, 2], [11, 1, 12, 24], [13, 23, 14, 22], [15, 21, 16, 20], [17, 4, 18, 5], [19, 6, 20, 7], [21, 13, 22, 12], [23, 15, 24, 14]]"
12a_1148_163,"[[23, 15, 24, 14], [1, 11, 2, 10], [3, 9, 4, 8], [5, 18, 6, 19], [7, 16, 8, 17], [9, 3, 10, 2], [11, 1, 12, 24], [13, 23, 14, 22], [15, 21, 16, 20], [17, 4, 18, 5], [19, 6, 20, 7], [21, 13, 22, 12]]"
12a_1148_164,"[[21, 13, 22, 12], [23, 15, 24, 14], [1, 11, 2, 10], [3, 9, 4, 8], [5, 18, 6, 19], [7, 16, 8, 17], [9, 3, 10, 2], [11, 1, 12, 24], [13, 23, 14, 22], [15, 21, 16, 20], [17, 4, 18, 5], [19, 6, 20, 7]]"
12a_1148_165,"[[19, 6, 20, 7], [21, 13, 22, 12], [23, 15, 24, 14], [1, 11, 2, 10], [3, 9, 4, 8], [5, 18, 6, 19], [7, 16, 8, 17], [9, 3, 10, 2], [11, 1, 12, 24], [13, 23, 14, 22], [15, 21, 16, 20], [17, 4, 18, 5]]"
12a_1148_166,"[[17, 4, 18, 5], [19, 6, 20, 7], [21, 13, 22, 12], [23, 15, 24, 14], [1, 11, 2, 10], [3, 9, 4, 8], [5, 18, 6, 19], [7, 16, 8, 17], [9, 3, 10, 2], [11, 1, 12, 24], [13, 23, 14, 22], [15, 21, 16, 20]]"
12a_1148_167,"[[15, 21, 16, 20], [17, 4, 18, 5], [19, 6, 20, 7], [21, 13, 22, 12], [23, 15, 24, 14], [1, 11, 2, 10], [3, 9, 4, 8], [5, 18, 6, 19], [7, 16, 8, 17], [9, 3, 10, 2], [11, 1, 12, 24], [13, 23, 14, 22]]"
12a_1148_168,"[[14, 24, 15, 23], [16, 22, 17, 21], [18, 5, 19, 6], [20, 7, 21, 8], [22, 14, 23, 13], [24, 16, 1, 15], [2, 12, 3, 11], [4, 10, 5, 9], [6, 19, 7, 20], [8, 17, 9, 18], [10, 4, 11, 3], [12, 2, 13, 1]]"
12a_1148_169,"[[12, 2, 13, 1], [14, 24, 15, 23], [16, 22, 17, 21], [18, 5, 19, 6], [20, 7, 21, 8], [22, 14, 23, 13], [24, 16, 1, 15], [2, 12, 3, 11], [4, 10, 5, 9], [6, 19, 7, 20], [8, 17, 9, 18], [10, 4, 11, 3]]"
12a_1148_170,"[[10, 4, 11, 3], [12, 2, 13, 1], [14, 24, 15, 23], [16, 22, 17, 21], [18, 5, 19, 6], [20, 7, 21, 8], [22, 14, 23, 13], [24, 16, 1, 15], [2, 12, 3, 11], [4, 10, 5, 9], [6, 19, 7, 20], [8, 17, 9, 18]]"
12a_1148_171,"[[8, 17, 9, 18], [10, 4, 11, 3], [12, 2, 13, 1], [14, 24, 15, 23], [16, 22, 17, 21], [18, 5, 19, 6], [20, 7, 21, 8], [22, 14, 23, 13], [24, 16, 1, 15], [2, 12, 3, 11], [4, 10, 5, 9], [6, 19, 7, 20]]"
12a_1148_172,"[[6, 19, 7, 20], [8, 17, 9, 18], [10, 4, 11, 3], [12, 2, 13, 1], [14, 24, 15, 23], [16, 22, 17, 21], [18, 5, 19, 6], [20, 7, 21, 8], [22, 14, 23, 13], [24, 16, 1, 15], [2, 12, 3, 11], [4, 10, 5, 9]]"
12a_1148_173,"[[4, 10, 5, 9], [6, 19, 7, 20], [8, 17, 9, 18], [10, 4, 11, 3], [12, 2, 13, 1], [14, 24, 15, 23], [16, 22, 17, 21], [18, 5, 19, 6], [20, 7, 21, 8], [22, 14, 23, 13], [24, 16, 1, 15], [2, 12, 3, 11]]"
12a_1148_174,"[[2, 12, 3, 11], [4, 10, 5, 9], [6, 19, 7, 20], [8, 17, 9, 18], [10, 4, 11, 3], [12, 2, 13, 1], [14, 24, 15, 23], [16, 22, 17, 21], [18, 5, 19, 6], [20, 7, 21, 8], [22, 14, 23, 13], [24, 16, 1, 15]]"
12a_1148_175,"[[24, 16, 1, 15], [2, 12, 3, 11], [4, 10, 5, 9], [6, 19, 7, 20], [8, 17, 9, 18], [10, 4, 11, 3], [12, 2, 13, 1], [14, 24, 15, 23], [16, 22, 17, 21], [18, 5, 19, 6], [20, 7, 21, 8], [22, 14, 23, 13]]"
12a_1148_176,"[[22, 14, 23, 13], [24, 16, 1, 15], [2, 12, 3, 11], [4, 10, 5, 9], [6, 19, 7, 20], [8, 17, 9, 18], [10, 4, 11, 3], [12, 2, 13, 1], [14, 24, 15, 23], [16, 22, 17, 21], [18, 5, 19, 6], [20, 7, 21, 8]]"
12a_1148_177,"[[20, 7, 21, 8], [22, 14, 23, 13], [24, 16, 1, 15], [2, 12, 3, 11], [4, 10, 5, 9], [6, 19, 7, 20], [8, 17, 9, 18], [10, 4, 11, 3], [12, 2, 13, 1], [14, 24, 15, 23], [16, 22, 17, 21], [18, 5, 19, 6]]"
12a_1148_178,"[[18, 5, 19, 6], [20, 7, 21, 8], [22, 14, 23, 13], [24, 16, 1, 15], [2, 12, 3, 11], [4, 10, 5, 9], [6, 19, 7, 20], [8, 17, 9, 18], [10, 4, 11, 3], [12, 2, 13, 1], [14, 24, 15, 23], [16, 22, 17, 21]]"
12a_1148_179,"[[16, 22, 17, 21], [18, 5, 19, 6], [20, 7, 21, 8], [22, 14, 23, 13], [24, 16, 1, 15], [2, 12, 3, 11], [4, 10, 5, 9], [6, 19, 7, 20], [8, 17, 9, 18], [10, 4, 11, 3], [12, 2, 13, 1], [14, 24, 15, 23]]"
12a_1148_180,"[[15, 1, 16, 24], [17, 23, 18, 22], [19, 6, 20, 7], [21, 8, 22, 9], [23, 15, 24, 14], [1, 17, 2, 16], [3, 13, 4, 12], [5, 11, 6, 10], [7, 20, 8, 21], [9, 18, 10, 19], [11, 5, 12, 4], [13, 3, 14, 2]]"
12a_1148_181,"[[13, 3, 14, 2], [15, 1, 16, 24], [17, 23, 18, 22], [19, 6, 20, 7], [21, 8, 22, 9], [23, 15, 24, 14], [1, 17, 2, 16], [3, 13, 4, 12], [5, 11, 6, 10], [7, 20, 8, 21], [9, 18, 10, 19], [11, 5, 12, 4]]"
12a_1148_182,"[[11, 5, 12, 4], [13, 3, 14, 2], [15, 1, 16, 24], [17, 23, 18, 22], [19, 6, 20, 7], [21, 8, 22, 9], [23, 15, 24, 14], [1, 17, 2, 16], [3, 13, 4, 12], [5, 11, 6, 10], [7, 20, 8, 21], [9, 18, 10, 19]]"
12a_1148_183,"[[9, 18, 10, 19], [11, 5, 12, 4], [13, 3, 14, 2], [15, 1, 16, 24], [17, 23, 18, 22], [19, 6, 20, 7], [21, 8, 22, 9], [23, 15, 24, 14], [1, 17, 2, 16], [3, 13, 4, 12], [5, 11, 6, 10], [7, 20, 8, 21]]"
12a_1148_184,"[[7, 20, 8, 21], [9, 18, 10, 19], [11, 5, 12, 4], [13, 3, 14, 2], [15, 1, 16, 24], [17, 23, 18, 22], [19, 6, 20, 7], [21, 8, 22, 9], [23, 15, 24, 14], [1, 17, 2, 16], [3, 13, 4, 12], [5, 11, 6, 10]]"
12a_1148_185,"[[5, 11, 6, 10], [7, 20, 8, 21], [9, 18, 10, 19], [11, 5, 12, 4], [13, 3, 14, 2], [15, 1, 16, 24], [17, 23, 18, 22], [19, 6, 20, 7], [21, 8, 22, 9], [23, 15, 24, 14], [1, 17, 2, 16], [3, 13, 4, 12]]"
