name,pd_notation
12a_0509_0,"[[24, 20, 1, 19], [2, 6, 3, 5], [4, 14, 5, 13], [6, 16, 7, 15], [8, 17, 9, 18], [10, 21, 11, 22], [12, 4, 13, 3], [14, 12, 15, 11], [16, 24, 17, 23], [18, 9, 19, 10], [20, 2, 21, 1], [22, 7, 23, 8]]"
12a_0509_1,"[[22, 7, 23, 8], [24, 20, 1, 19], [2, 6, 3, 5], [4, 14, 5, 13], [6, 16, 7, 15], [8, 17, 9, 18], [10, 21, 11, 22], [12, 4, 13, 3], [14, 12, 15, 11], [16, 24, 17, 23], [18, 9, 19, 10], [20, 2, 21, 1]]"
12a_0509_2,"[[20, 2, 21, 1], [22, 7, 23, 8], [24, 20, 1, 19], [2, 6, 3, 5], [4, 14, 5, 13], [6, 16, 7, 15], [8, 17, 9, 18], [10, 21, 11, 22], [12, 4, 13, 3], [14, 12, 15, 11], [16, 24, 17, 23], [18, 9, 19, 10]]"
12a_0509_3,"[[18, 9, 19, 10], [20, 2, 21, 1], [22, 7, 23, 8], [24, 20, 1, 19], [2, 6, 3, 5], [4, 14, 5, 13], [6, 16, 7, 15], [8, 17, 9, 18], [10, 21, 11, 22], [12, 4, 13, 3], [14, 12, 15, 11], [16, 24, 17, 23]]"
12a_0509_4,"[[16, 24, 17, 23], [18, 9, 19, 10], [20, 2, 21, 1], [22, 7, 23, 8], [24, 20, 1, 19], [2, 6, 3, 5], [4, 14, 5, 13], [6, 16, 7, 15], [8, 17, 9, 18], [10, 21, 11, 22], [12, 4, 13, 3], [14, 12, 15, 11]]"
12a_0509_5,"[[14, 12, 15, 11], [16, 24, 17, 23], [18, 9, 19, 10], [20, 2, 21, 1], [22, 7, 23, 8], [24, 20, 1, 19], [2, 6, 3, 5], [4, 14, 5, 13], [6, 16, 7, 15], [8, 17, 9, 18], [10, 21, 11, 22], [12, 4, 13, 3]]"
12a_0509_6,"[[12, 4, 13, 3], [14, 12, 15, 11], [16, 24, 17, 23], [18, 9, 19, 10], [20, 2, 21, 1], [22, 7, 23, 8], [24, 20, 1, 19], [2, 6, 3, 5], [4, 14, 5, 13], [6, 16, 7, 15], [8, 17, 9, 18], [10, 21, 11, 22]]"
12a_0509_7,"[[10, 21, 11, 22], [12, 4, 13, 3], [14, 12, 15, 11], [16, 24, 17, 23], [18, 9, 19, 10], [20, 2, 21, 1], [22, 7, 23, 8], [24, 20, 1, 19], [2, 6, 3, 5], [4, 14, 5, 13], [6, 16, 7, 15], [8, 17, 9, 18]]"
12a_0509_8,"[[8, 17, 9, 18], [10, 21, 11, 22], [12, 4, 13, 3], [14, 12, 15, 11], [16, 24, 17, 23], [18, 9, 19, 10], [20, 2, 21, 1], [22, 7, 23, 8], [24, 20, 1, 19], [2, 6, 3, 5], [4, 14, 5, 13], [6, 16, 7, 15]]"
12a_0509_9,"[[6, 16, 7, 15], [8, 17, 9, 18], [10, 21, 11, 22], [12, 4, 13, 3], [14, 12, 15, 11], [16, 24, 17, 23], [18, 9, 19, 10], [20, 2, 21, 1], [22, 7, 23, 8], [24, 20, 1, 19], [2, 6, 3, 5], [4, 14, 5, 13]]"
12a_0509_10,"[[4, 14, 5, 13], [6, 16, 7, 15], [8, 17, 9, 18], [10, 21, 11, 22], [12, 4, 13, 3], [14, 12, 15, 11], [16, 24, 17, 23], [18, 9, 19, 10], [20, 2, 21, 1], [22, 7, 23, 8], [24, 20, 1, 19], [2, 6, 3, 5]]"
12a_0509_11,"[[2, 6, 3, 5], [4, 14, 5, 13], [6, 16, 7, 15], [8, 17, 9, 18], [10, 21, 11, 22], [12, 4, 13, 3], [14, 12, 15, 11], [16, 24, 17, 23], [18, 9, 19, 10], [20, 2, 21, 1], [22, 7, 23, 8], [24, 20, 1, 19]]"
12a_0509_12,"[[1, 21, 2, 20], [3, 7, 4, 6], [5, 15, 6, 14], [7, 17, 8, 16], [9, 18, 10, 19], [11, 22, 12, 23], [13, 5, 14, 4], [15, 13, 16, 12], [17, 1, 18, 24], [19, 10, 20, 11], [21, 3, 22, 2], [23, 8, 24, 9]]"
12a_0509_13,"[[23, 8, 24, 9], [1, 21, 2, 20], [3, 7, 4, 6], [5, 15, 6, 14], [7, 17, 8, 16], [9, 18, 10, 19], [11, 22, 12, 23], [13, 5, 14, 4], [15, 13, 16, 12], [17, 1, 18, 24], [19, 10, 20, 11], [21, 3, 22, 2]]"
12a_0509_14,"[[21, 3, 22, 2], [23, 8, 24, 9], [1, 21, 2, 20], [3, 7, 4, 6], [5, 15, 6, 14], [7, 17, 8, 16], [9, 18, 10, 19], [11, 22, 12, 23], [13, 5, 14, 4], [15, 13, 16, 12], [17, 1, 18, 24], [19, 10, 20, 11]]"
12a_0509_15,"[[19, 10, 20, 11], [21, 3, 22, 2], [23, 8, 24, 9], [1, 21, 2, 20], [3, 7, 4, 6], [5, 15, 6, 14], [7, 17, 8, 16], [9, 18, 10, 19], [11, 22, 12, 23], [13, 5, 14, 4], [15, 13, 16, 12], [17, 1, 18, 24]]"
12a_0509_16,"[[17, 1, 18, 24], [19, 10, 20, 11], [21, 3, 22, 2], [23, 8, 24, 9], [1, 21, 2, 20], [3, 7, 4, 6], [5, 15, 6, 14], [7, 17, 8, 16], [9, 18, 10, 19], [11, 22, 12, 23], [13, 5, 14, 4], [15, 13, 16, 12]]"
12a_0509_17,"[[15, 13, 16, 12], [17, 1, 18, 24], [19, 10, 20, 11], [21, 3, 22, 2], [23, 8, 24, 9], [1, 21, 2, 20], [3, 7, 4, 6], [5, 15, 6, 14], [7, 17, 8, 16], [9, 18, 10, 19], [11, 22, 12, 23], [13, 5, 14, 4]]"
12a_0509_18,"[[13, 5, 14, 4], [15, 13, 16, 12], [17, 1, 18, 24], [19, 10, 20, 11], [21, 3, 22, 2], [23, 8, 24, 9], [1, 21, 2, 20], [3, 7, 4, 6], [5, 15, 6, 14], [7, 17, 8, 16], [9, 18, 10, 19], [11, 22, 12, 23]]"
12a_0509_19,"[[11, 22, 12, 23], [13, 5, 14, 4], [15, 13, 16, 12], [17, 1, 18, 24], [19, 10, 20, 11], [21, 3, 22, 2], [23, 8, 24, 9], [1, 21, 2, 20], [3, 7, 4, 6], [5, 15, 6, 14], [7, 17, 8, 16], [9, 18, 10, 19]]"
12a_0509_20,"[[9, 18, 10, 19], [11, 22, 12, 23], [13, 5, 14, 4], [15, 13, 16, 12], [17, 1, 18, 24], [19, 10, 20, 11], [21, 3, 22, 2], [23, 8, 24, 9], [1, 21, 2, 20], [3, 7, 4, 6], [5, 15, 6, 14], [7, 17, 8, 16]]"
12a_0509_21,"[[7, 17, 8, 16], [9, 18, 10, 19], [11, 22, 12, 23], [13, 5, 14, 4], [15, 13, 16, 12], [17, 1, 18, 24], [19, 10, 20, 11], [21, 3, 22, 2], [23, 8, 24, 9], [1, 21, 2, 20], [3, 7, 4, 6], [5, 15, 6, 14]]"
12a_0509_22,"[[5, 15, 6, 14], [7, 17, 8, 16], [9, 18, 10, 19], [11, 22, 12, 23], [13, 5, 14, 4], [15, 13, 16, 12], [17, 1, 18, 24], [19, 10, 20, 11], [21, 3, 22, 2], [23, 8, 24, 9], [1, 21, 2, 20], [3, 7, 4, 6]]"
12a_0509_23,"[[3, 7, 4, 6], [5, 15, 6, 14], [7, 17, 8, 16], [9, 18, 10, 19], [11, 22, 12, 23], [13, 5, 14, 4], [15, 13, 16, 12], [17, 1, 18, 24], [19, 10, 20, 11], [21, 3, 22, 2], [23, 8, 24, 9], [1, 21, 2, 20]]"
12a_0509_24,"[[2, 22, 3, 21], [4, 8, 5, 7], [6, 16, 7, 15], [8, 18, 9, 17], [10, 19, 11, 20], [12, 23, 13, 24], [14, 6, 15, 5], [16, 14, 17, 13], [18, 2, 19, 1], [20, 11, 21, 12], [22, 4, 23, 3], [24, 9, 1, 10]]"
12a_0509_25,"[[24, 9, 1, 10], [2, 22, 3, 21], [4, 8, 5, 7], [6, 16, 7, 15], [8, 18, 9, 17], [10, 19, 11, 20], [12, 23, 13, 24], [14, 6, 15, 5], [16, 14, 17, 13], [18, 2, 19, 1], [20, 11, 21, 12], [22, 4, 23, 3]]"
12a_0509_26,"[[22, 4, 23, 3], [24, 9, 1, 10], [2, 22, 3, 21], [4, 8, 5, 7], [6, 16, 7, 15], [8, 18, 9, 17], [10, 19, 11, 20], [12, 23, 13, 24], [14, 6, 15, 5], [16, 14, 17, 13], [18, 2, 19, 1], [20, 11, 21, 12]]"
12a_0509_27,"[[20, 11, 21, 12], [22, 4, 23, 3], [24, 9, 1, 10], [2, 22, 3, 21], [4, 8, 5, 7], [6, 16, 7, 15], [8, 18, 9, 17], [10, 19, 11, 20], [12, 23, 13, 24], [14, 6, 15, 5], [16, 14, 17, 13], [18, 2, 19, 1]]"
12a_0509_28,"[[18, 2, 19, 1], [20, 11, 21, 12], [22, 4, 23, 3], [24, 9, 1, 10], [2, 22, 3, 21], [4, 8, 5, 7], [6, 16, 7, 15], [8, 18, 9, 17], [10, 19, 11, 20], [12, 23, 13, 24], [14, 6, 15, 5], [16, 14, 17, 13]]"
12a_0509_29,"[[16, 14, 17, 13], [18, 2, 19, 1], [20, 11, 21, 12], [22, 4, 23, 3], [24, 9, 1, 10], [2, 22, 3, 21], [4, 8, 5, 7], [6, 16, 7, 15], [8, 18, 9, 17], [10, 19, 11, 20], [12, 23, 13, 24], [14, 6, 15, 5]]"
12a_0509_30,"[[14, 6, 15, 5], [16, 14, 17, 13], [18, 2, 19, 1], [20, 11, 21, 12], [22, 4, 23, 3], [24, 9, 1, 10], [2, 22, 3, 21], [4, 8, 5, 7], [6, 16, 7, 15], [8, 18, 9, 17], [10, 19, 11, 20], [12, 23, 13, 24]]"
12a_0509_31,"[[12, 23, 13, 24], [14, 6, 15, 5], [16, 14, 17, 13], [18, 2, 19, 1], [20, 11, 21, 12], [22, 4, 23, 3], [24, 9, 1, 10], [2, 22, 3, 21], [4, 8, 5, 7], [6, 16, 7, 15], [8, 18, 9, 17], [10, 19, 11, 20]]"
12a_0509_32,"[[10, 19, 11, 20], [12, 23, 13, 24], [14, 6, 15, 5], [16, 14, 17, 13], [18, 2, 19, 1], [20, 11, 21, 12], [22, 4, 23, 3], [24, 9, 1, 10], [2, 22, 3, 21], [4, 8, 5, 7], [6, 16, 7, 15], [8, 18, 9, 17]]"
12a_0509_33,"[[8, 18, 9, 17], [10, 19, 11, 20], [12, 23, 13, 24], [14, 6, 15, 5], [16, 14, 17, 13], [18, 2, 19, 1], [20, 11, 21, 12], [22, 4, 23, 3], [24, 9, 1, 10], [2, 22, 3, 21], [4, 8, 5, 7], [6, 16, 7, 15]]"
12a_0509_34,"[[6, 16, 7, 15], [8, 18, 9, 17], [10, 19, 11, 20], [12, 23, 13, 24], [14, 6, 15, 5], [16, 14, 17, 13], [18, 2, 19, 1], [20, 11, 21, 12], [22, 4, 23, 3], [24, 9, 1, 10], [2, 22, 3, 21], [4, 8, 5, 7]]"
12a_0509_35,"[[4, 8, 5, 7], [6, 16, 7, 15], [8, 18, 9, 17], [10, 19, 11, 20], [12, 23, 13, 24], [14, 6, 15, 5], [16, 14, 17, 13], [18, 2, 19, 1], [20, 11, 21, 12], [22, 4, 23, 3], [24, 9, 1, 10], [2, 22, 3, 21]]"
12a_0509_36,"[[3, 23, 4, 22], [5, 9, 6, 8], [7, 17, 8, 16], [9, 19, 10, 18], [11, 20, 12, 21], [13, 24, 14, 1], [15, 7, 16, 6], [17, 15, 18, 14], [19, 3, 20, 2], [21, 12, 22, 13], [23, 5, 24, 4], [1, 10, 2, 11]]"
12a_0509_37,"[[1, 10, 2, 11], [3, 23, 4, 22], [5, 9, 6, 8], [7, 17, 8, 16], [9, 19, 10, 18], [11, 20, 12, 21], [13, 24, 14, 1], [15, 7, 16, 6], [17, 15, 18, 14], [19, 3, 20, 2], [21, 12, 22, 13], [23, 5, 24, 4]]"
12a_0509_38,"[[23, 5, 24, 4], [1, 10, 2, 11], [3, 23, 4, 22], [5, 9, 6, 8], [7, 17, 8, 16], [9, 19, 10, 18], [11, 20, 12, 21], [13, 24, 14, 1], [15, 7, 16, 6], [17, 15, 18, 14], [19, 3, 20, 2], [21, 12, 22, 13]]"
12a_0509_39,"[[21, 12, 22, 13], [23, 5, 24, 4], [1, 10, 2, 11], [3, 23, 4, 22], [5, 9, 6, 8], [7, 17, 8, 16], [9, 19, 10, 18], [11, 20, 12, 21], [13, 24, 14, 1], [15, 7, 16, 6], [17, 15, 18, 14], [19, 3, 20, 2]]"
12a_0509_40,"[[19, 3, 20, 2], [21, 12, 22, 13], [23, 5, 24, 4], [1, 10, 2, 11], [3, 23, 4, 22], [5, 9, 6, 8], [7, 17, 8, 16], [9, 19, 10, 18], [11, 20, 12, 21], [13, 24, 14, 1], [15, 7, 16, 6], [17, 15, 18, 14]]"
12a_0509_41,"[[17, 15, 18, 14], [19, 3, 20, 2], [21, 12, 22, 13], [23, 5, 24, 4], [1, 10, 2, 11], [3, 23, 4, 22], [5, 9, 6, 8], [7, 17, 8, 16], [9, 19, 10, 18], [11, 20, 12, 21], [13, 24, 14, 1], [15, 7, 16, 6]]"
12a_0509_42,"[[15, 7, 16, 6], [17, 15, 18, 14], [19, 3, 20, 2], [21, 12, 22, 13], [23, 5, 24, 4], [1, 10, 2, 11], [3, 23, 4, 22], [5, 9, 6, 8], [7, 17, 8, 16], [9, 19, 10, 18], [11, 20, 12, 21], [13, 24, 14, 1]]"
12a_0509_43,"[[13, 24, 14, 1], [15, 7, 16, 6], [17, 15, 18, 14], [19, 3, 20, 2], [21, 12, 22, 13], [23, 5, 24, 4], [1, 10, 2, 11], [3, 23, 4, 22], [5, 9, 6, 8], [7, 17, 8, 16], [9, 19, 10, 18], [11, 20, 12, 21]]"
12a_0509_44,"[[11, 20, 12, 21], [13, 24, 14, 1], [15, 7, 16, 6], [17, 15, 18, 14], [19, 3, 20, 2], [21, 12, 22, 13], [23, 5, 24, 4], [1, 10, 2, 11], [3, 23, 4, 22], [5, 9, 6, 8], [7, 17, 8, 16], [9, 19, 10, 18]]"
12a_0509_45,"[[9, 19, 10, 18], [11, 20, 12, 21], [13, 24, 14, 1], [15, 7, 16, 6], [17, 15, 18, 14], [19, 3, 20, 2], [21, 12, 22, 13], [23, 5, 24, 4], [1, 10, 2, 11], [3, 23, 4, 22], [5, 9, 6, 8], [7, 17, 8, 16]]"
12a_0509_46,"[[7, 17, 8, 16], [9, 19, 10, 18], [11, 20, 12, 21], [13, 24, 14, 1], [15, 7, 16, 6], [17, 15, 18, 14], [19, 3, 20, 2], [21, 12, 22, 13], [23, 5, 24, 4], [1, 10, 2, 11], [3, 23, 4, 22], [5, 9, 6, 8]]"
12a_0509_47,"[[5, 9, 6, 8], [7, 17, 8, 16], [9, 19, 10, 18], [11, 20, 12, 21], [13, 24, 14, 1], [15, 7, 16, 6], [17, 15, 18, 14], [19, 3, 20, 2], [21, 12, 22, 13], [23, 5, 24, 4], [1, 10, 2, 11], [3, 23, 4, 22]]"
12a_0509_48,"[[4, 24, 5, 23], [6, 10, 7, 9], [8, 18, 9, 17], [10, 20, 11, 19], [12, 21, 13, 22], [14, 1, 15, 2], [16, 8, 17, 7], [18, 16, 19, 15], [20, 4, 21, 3], [22, 13, 23, 14], [24, 6, 1, 5], [2, 11, 3, 12]]"
12a_0509_49,"[[2, 11, 3, 12], [4, 24, 5, 23], [6, 10, 7, 9], [8, 18, 9, 17], [10, 20, 11, 19], [12, 21, 13, 22], [14, 1, 15, 2], [16, 8, 17, 7], [18, 16, 19, 15], [20, 4, 21, 3], [22, 13, 23, 14], [24, 6, 1, 5]]"
12a_0509_50,"[[24, 6, 1, 5], [2, 11, 3, 12], [4, 24, 5, 23], [6, 10, 7, 9], [8, 18, 9, 17], [10, 20, 11, 19], [12, 21, 13, 22], [14, 1, 15, 2], [16, 8, 17, 7], [18, 16, 19, 15], [20, 4, 21, 3], [22, 13, 23, 14]]"
12a_0509_51,"[[22, 13, 23, 14], [24, 6, 1, 5], [2, 11, 3, 12], [4, 24, 5, 23], [6, 10, 7, 9], [8, 18, 9, 17], [10, 20, 11, 19], [12, 21, 13, 22], [14, 1, 15, 2], [16, 8, 17, 7], [18, 16, 19, 15], [20, 4, 21, 3]]"
12a_0509_52,"[[20, 4, 21, 3], [22, 13, 23, 14], [24, 6, 1, 5], [2, 11, 3, 12], [4, 24, 5, 23], [6, 10, 7, 9], [8, 18, 9, 17], [10, 20, 11, 19], [12, 21, 13, 22], [14, 1, 15, 2], [16, 8, 17, 7], [18, 16, 19, 15]]"
12a_0509_53,"[[18, 16, 19, 15], [20, 4, 21, 3], [22, 13, 23, 14], [24, 6, 1, 5], [2, 11, 3, 12], [4, 24, 5, 23], [6, 10, 7, 9], [8, 18, 9, 17], [10, 20, 11, 19], [12, 21, 13, 22], [14, 1, 15, 2], [16, 8, 17, 7]]"
12a_0509_54,"[[16, 8, 17, 7], [18, 16, 19, 15], [20, 4, 21, 3], [22, 13, 23, 14], [24, 6, 1, 5], [2, 11, 3, 12], [4, 24, 5, 23], [6, 10, 7, 9], [8, 18, 9, 17], [10, 20, 11, 19], [12, 21, 13, 22], [14, 1, 15, 2]]"
12a_0509_55,"[[14, 1, 15, 2], [16, 8, 17, 7], [18, 16, 19, 15], [20, 4, 21, 3], [22, 13, 23, 14], [24, 6, 1, 5], [2, 11, 3, 12], [4, 24, 5, 23], [6, 10, 7, 9], [8, 18, 9, 17], [10, 20, 11, 19], [12, 21, 13, 22]]"
12a_0509_56,"[[12, 21, 13, 22], [14, 1, 15, 2], [16, 8, 17, 7], [18, 16, 19, 15], [20, 4, 21, 3], [22, 13, 23, 14], [24, 6, 1, 5], [2, 11, 3, 12], [4, 24, 5, 23], [6, 10, 7, 9], [8, 18, 9, 17], [10, 20, 11, 19]]"
12a_0509_57,"[[10, 20, 11, 19], [12, 21, 13, 22], [14, 1, 15, 2], [16, 8, 17, 7], [18, 16, 19, 15], [20, 4, 21, 3], [22, 13, 23, 14], [24, 6, 1, 5], [2, 11, 3, 12], [4, 24, 5, 23], [6, 10, 7, 9], [8, 18, 9, 17]]"
12a_0509_58,"[[8, 18, 9, 17], [10, 20, 11, 19], [12, 21, 13, 22], [14, 1, 15, 2], [16, 8, 17, 7], [18, 16, 19, 15], [20, 4, 21, 3], [22, 13, 23, 14], [24, 6, 1, 5], [2, 11, 3, 12], [4, 24, 5, 23], [6, 10, 7, 9]]"
12a_0509_59,"[[6, 10, 7, 9], [8, 18, 9, 17], [10, 20, 11, 19], [12, 21, 13, 22], [14, 1, 15, 2], [16, 8, 17, 7], [18, 16, 19, 15], [20, 4, 21, 3], [22, 13, 23, 14], [24, 6, 1, 5], [2, 11, 3, 12], [4, 24, 5, 23]]"
12a_0509_60,"[[5, 1, 6, 24], [7, 11, 8, 10], [9, 19, 10, 18], [11, 21, 12, 20], [13, 22, 14, 23], [15, 2, 16, 3], [17, 9, 18, 8], [19, 17, 20, 16], [21, 5, 22, 4], [23, 14, 24, 15], [1, 7, 2, 6], [3, 12, 4, 13]]"
12a_0509_61,"[[3, 12, 4, 13], [5, 1, 6, 24], [7, 11, 8, 10], [9, 19, 10, 18], [11, 21, 12, 20], [13, 22, 14, 23], [15, 2, 16, 3], [17, 9, 18, 8], [19, 17, 20, 16], [21, 5, 22, 4], [23, 14, 24, 15], [1, 7, 2, 6]]"
12a_0509_62,"[[1, 7, 2, 6], [3, 12, 4, 13], [5, 1, 6, 24], [7, 11, 8, 10], [9, 19, 10, 18], [11, 21, 12, 20], [13, 22, 14, 23], [15, 2, 16, 3], [17, 9, 18, 8], [19, 17, 20, 16], [21, 5, 22, 4], [23, 14, 24, 15]]"
12a_0509_63,"[[23, 14, 24, 15], [1, 7, 2, 6], [3, 12, 4, 13], [5, 1, 6, 24], [7, 11, 8, 10], [9, 19, 10, 18], [11, 21, 12, 20], [13, 22, 14, 23], [15, 2, 16, 3], [17, 9, 18, 8], [19, 17, 20, 16], [21, 5, 22, 4]]"
12a_0509_64,"[[21, 5, 22, 4], [23, 14, 24, 15], [1, 7, 2, 6], [3, 12, 4, 13], [5, 1, 6, 24], [7, 11, 8, 10], [9, 19, 10, 18], [11, 21, 12, 20], [13, 22, 14, 23], [15, 2, 16, 3], [17, 9, 18, 8], [19, 17, 20, 16]]"
12a_0509_65,"[[19, 17, 20, 16], [21, 5, 22, 4], [23, 14, 24, 15], [1, 7, 2, 6], [3, 12, 4, 13], [5, 1, 6, 24], [7, 11, 8, 10], [9, 19, 10, 18], [11, 21, 12, 20], [13, 22, 14, 23], [15, 2, 16, 3], [17, 9, 18, 8]]"
12a_0509_66,"[[17, 9, 18, 8], [19, 17, 20, 16], [21, 5, 22, 4], [23, 14, 24, 15], [1, 7, 2, 6], [3, 12, 4, 13], [5, 1, 6, 24], [7, 11, 8, 10], [9, 19, 10, 18], [11, 21, 12, 20], [13, 22, 14, 23], [15, 2, 16, 3]]"
12a_0509_67,"[[15, 2, 16, 3], [17, 9, 18, 8], [19, 17, 20, 16], [21, 5, 22, 4], [23, 14, 24, 15], [1, 7, 2, 6], [3, 12, 4, 13], [5, 1, 6, 24], [7, 11, 8, 10], [9, 19, 10, 18], [11, 21, 12, 20], [13, 22, 14, 23]]"
12a_0509_68,"[[13, 22, 14, 23], [15, 2, 16, 3], [17, 9, 18, 8], [19, 17, 20, 16], [21, 5, 22, 4], [23, 14, 24, 15], [1, 7, 2, 6], [3, 12, 4, 13], [5, 1, 6, 24], [7, 11, 8, 10], [9, 19, 10, 18], [11, 21, 12, 20]]"
12a_0509_69,"[[11, 21, 12, 20], [13, 22, 14, 23], [15, 2, 16, 3], [17, 9, 18, 8], [19, 17, 20, 16], [21, 5, 22, 4], [23, 14, 24, 15], [1, 7, 2, 6], [3, 12, 4, 13], [5, 1, 6, 24], [7, 11, 8, 10], [9, 19, 10, 18]]"
12a_0509_70,"[[9, 19, 10, 18], [11, 21, 12, 20], [13, 22, 14, 23], [15, 2, 16, 3], [17, 9, 18, 8], [19, 17, 20, 16], [21, 5, 22, 4], [23, 14, 24, 15], [1, 7, 2, 6], [3, 12, 4, 13], [5, 1, 6, 24], [7, 11, 8, 10]]"
12a_0509_71,"[[7, 11, 8, 10], [9, 19, 10, 18], [11, 21, 12, 20], [13, 22, 14, 23], [15, 2, 16, 3], [17, 9, 18, 8], [19, 17, 20, 16], [21, 5, 22, 4], [23, 14, 24, 15], [1, 7, 2, 6], [3, 12, 4, 13], [5, 1, 6, 24]]"
12a_0509_72,"[[6, 2, 7, 1], [8, 12, 9, 11], [10, 20, 11, 19], [12, 22, 13, 21], [14, 23, 15, 24], [16, 3, 17, 4], [18, 10, 19, 9], [20, 18, 21, 17], [22, 6, 23, 5], [24, 15, 1, 16], [2, 8, 3, 7], [4, 13, 5, 14]]"
12a_0509_73,"[[4, 13, 5, 14], [6, 2, 7, 1], [8, 12, 9, 11], [10, 20, 11, 19], [12, 22, 13, 21], [14, 23, 15, 24], [16, 3, 17, 4], [18, 10, 19, 9], [20, 18, 21, 17], [22, 6, 23, 5], [24, 15, 1, 16], [2, 8, 3, 7]]"
12a_0509_74,"[[2, 8, 3, 7], [4, 13, 5, 14], [6, 2, 7, 1], [8, 12, 9, 11], [10, 20, 11, 19], [12, 22, 13, 21], [14, 23, 15, 24], [16, 3, 17, 4], [18, 10, 19, 9], [20, 18, 21, 17], [22, 6, 23, 5], [24, 15, 1, 16]]"
12a_0509_75,"[[24, 15, 1, 16], [2, 8, 3, 7], [4, 13, 5, 14], [6, 2, 7, 1], [8, 12, 9, 11], [10, 20, 11, 19], [12, 22, 13, 21], [14, 23, 15, 24], [16, 3, 17, 4], [18, 10, 19, 9], [20, 18, 21, 17], [22, 6, 23, 5]]"
12a_0509_76,"[[22, 6, 23, 5], [24, 15, 1, 16], [2, 8, 3, 7], [4, 13, 5, 14], [6, 2, 7, 1], [8, 12, 9, 11], [10, 20, 11, 19], [12, 22, 13, 21], [14, 23, 15, 24], [16, 3, 17, 4], [18, 10, 19, 9], [20, 18, 21, 17]]"
12a_0509_77,"[[20, 18, 21, 17], [22, 6, 23, 5], [24, 15, 1, 16], [2, 8, 3, 7], [4, 13, 5, 14], [6, 2, 7, 1], [8, 12, 9, 11], [10, 20, 11, 19], [12, 22, 13, 21], [14, 23, 15, 24], [16, 3, 17, 4], [18, 10, 19, 9]]"
12a_0509_78,"[[18, 10, 19, 9], [20, 18, 21, 17], [22, 6, 23, 5], [24, 15, 1, 16], [2, 8, 3, 7], [4, 13, 5, 14], [6, 2, 7, 1], [8, 12, 9, 11], [10, 20, 11, 19], [12, 22, 13, 21], [14, 23, 15, 24], [16, 3, 17, 4]]"
12a_0509_79,"[[16, 3, 17, 4], [18, 10, 19, 9], [20, 18, 21, 17], [22, 6, 23, 5], [24, 15, 1, 16], [2, 8, 3, 7], [4, 13, 5, 14], [6, 2, 7, 1], [8, 12, 9, 11], [10, 20, 11, 19], [12, 22, 13, 21], [14, 23, 15, 24]]"
12a_0509_80,"[[14, 23, 15, 24], [16, 3, 17, 4], [18, 10, 19, 9], [20, 18, 21, 17], [22, 6, 23, 5], [24, 15, 1, 16], [2, 8, 3, 7], [4, 13, 5, 14], [6, 2, 7, 1], [8, 12, 9, 11], [10, 20, 11, 19], [12, 22, 13, 21]]"
12a_0509_81,"[[12, 22, 13, 21], [14, 23, 15, 24], [16, 3, 17, 4], [18, 10, 19, 9], [20, 18, 21, 17], [22, 6, 23, 5], [24, 15, 1, 16], [2, 8, 3, 7], [4, 13, 5, 14], [6, 2, 7, 1], [8, 12, 9, 11], [10, 20, 11, 19]]"
12a_0509_82,"[[10, 20, 11, 19], [12, 22, 13, 21], [14, 23, 15, 24], [16, 3, 17, 4], [18, 10, 19, 9], [20, 18, 21, 17], [22, 6, 23, 5], [24, 15, 1, 16], [2, 8, 3, 7], [4, 13, 5, 14], [6, 2, 7, 1], [8, 12, 9, 11]]"
12a_0509_83,"[[8, 12, 9, 11], [10, 20, 11, 19], [12, 22, 13, 21], [14, 23, 15, 24], [16, 3, 17, 4], [18, 10, 19, 9], [20, 18, 21, 17], [22, 6, 23, 5], [24, 15, 1, 16], [2, 8, 3, 7], [4, 13, 5, 14], [6, 2, 7, 1]]"
12a_0509_84,"[[7, 3, 8, 2], [9, 13, 10, 12], [11, 21, 12, 20], [13, 23, 14, 22], [15, 24, 16, 1], [17, 4, 18, 5], [19, 11, 20, 10], [21, 19, 22, 18], [23, 7, 24, 6], [1, 16, 2, 17], [3, 9, 4, 8], [5, 14, 6, 15]]"
12a_0509_85,"[[5, 14, 6, 15], [7, 3, 8, 2], [9, 13, 10, 12], [11, 21, 12, 20], [13, 23, 14, 22], [15, 24, 16, 1], [17, 4, 18, 5], [19, 11, 20, 10], [21, 19, 22, 18], [23, 7, 24, 6], [1, 16, 2, 17], [3, 9, 4, 8]]"
12a_0509_86,"[[3, 9, 4, 8], [5, 14, 6, 15], [7, 3, 8, 2], [9, 13, 10, 12], [11, 21, 12, 20], [13, 23, 14, 22], [15, 24, 16, 1], [17, 4, 18, 5], [19, 11, 20, 10], [21, 19, 22, 18], [23, 7, 24, 6], [1, 16, 2, 17]]"
12a_0509_87,"[[1, 16, 2, 17], [3, 9, 4, 8], [5, 14, 6, 15], [7, 3, 8, 2], [9, 13, 10, 12], [11, 21, 12, 20], [13, 23, 14, 22], [15, 24, 16, 1], [17, 4, 18, 5], [19, 11, 20, 10], [21, 19, 22, 18], [23, 7, 24, 6]]"
12a_0509_88,"[[23, 7, 24, 6], [1, 16, 2, 17], [3, 9, 4, 8], [5, 14, 6, 15], [7, 3, 8, 2], [9, 13, 10, 12], [11, 21, 12, 20], [13, 23, 14, 22], [15, 24, 16, 1], [17, 4, 18, 5], [19, 11, 20, 10], [21, 19, 22, 18]]"
12a_0509_89,"[[21, 19, 22, 18], [23, 7, 24, 6], [1, 16, 2, 17], [3, 9, 4, 8], [5, 14, 6, 15], [7, 3, 8, 2], [9, 13, 10, 12], [11, 21, 12, 20], [13, 23, 14, 22], [15, 24, 16, 1], [17, 4, 18, 5], [19, 11, 20, 10]]"
12a_0509_90,"[[19, 11, 20, 10], [21, 19, 22, 18], [23, 7, 24, 6], [1, 16, 2, 17], [3, 9, 4, 8], [5, 14, 6, 15], [7, 3, 8, 2], [9, 13, 10, 12], [11, 21, 12, 20], [13, 23, 14, 22], [15, 24, 16, 1], [17, 4, 18, 5]]"
12a_0509_91,"[[17, 4, 18, 5], [19, 11, 20, 10], [21, 19, 22, 18], [23, 7, 24, 6], [1, 16, 2, 17], [3, 9, 4, 8], [5, 14, 6, 15], [7, 3, 8, 2], [9, 13, 10, 12], [11, 21, 12, 20], [13, 23, 14, 22], [15, 24, 16, 1]]"
12a_0509_92,"[[15, 24, 16, 1], [17, 4, 18, 5], [19, 11, 20, 10], [21, 19, 22, 18], [23, 7, 24, 6], [1, 16, 2, 17], [3, 9, 4, 8], [5, 14, 6, 15], [7, 3, 8, 2], [9, 13, 10, 12], [11, 21, 12, 20], [13, 23, 14, 22]]"
12a_0509_93,"[[13, 23, 14, 22], [15, 24, 16, 1], [17, 4, 18, 5], [19, 11, 20, 10], [21, 19, 22, 18], [23, 7, 24, 6], [1, 16, 2, 17], [3, 9, 4, 8], [5, 14, 6, 15], [7, 3, 8, 2], [9, 13, 10, 12], [11, 21, 12, 20]]"
12a_0509_94,"[[11, 21, 12, 20], [13, 23, 14, 22], [15, 24, 16, 1], [17, 4, 18, 5], [19, 11, 20, 10], [21, 19, 22, 18], [23, 7, 24, 6], [1, 16, 2, 17], [3, 9, 4, 8], [5, 14, 6, 15], [7, 3, 8, 2], [9, 13, 10, 12]]"
12a_0509_95,"[[9, 13, 10, 12], [11, 21, 12, 20], [13, 23, 14, 22], [15, 24, 16, 1], [17, 4, 18, 5], [19, 11, 20, 10], [21, 19, 22, 18], [23, 7, 24, 6], [1, 16, 2, 17], [3, 9, 4, 8], [5, 14, 6, 15], [7, 3, 8, 2]]"
12a_0509_96,"[[8, 4, 9, 3], [10, 14, 11, 13], [12, 22, 13, 21], [14, 24, 15, 23], [16, 1, 17, 2], [18, 5, 19, 6], [20, 12, 21, 11], [22, 20, 23, 19], [24, 8, 1, 7], [2, 17, 3, 18], [4, 10, 5, 9], [6, 15, 7, 16]]"
12a_0509_97,"[[6, 15, 7, 16], [8, 4, 9, 3], [10, 14, 11, 13], [12, 22, 13, 21], [14, 24, 15, 23], [16, 1, 17, 2], [18, 5, 19, 6], [20, 12, 21, 11], [22, 20, 23, 19], [24, 8, 1, 7], [2, 17, 3, 18], [4, 10, 5, 9]]"
12a_0509_98,"[[4, 10, 5, 9], [6, 15, 7, 16], [8, 4, 9, 3], [10, 14, 11, 13], [12, 22, 13, 21], [14, 24, 15, 23], [16, 1, 17, 2], [18, 5, 19, 6], [20, 12, 21, 11], [22, 20, 23, 19], [24, 8, 1, 7], [2, 17, 3, 18]]"
12a_0509_99,"[[2, 17, 3, 18], [4, 10, 5, 9], [6, 15, 7, 16], [8, 4, 9, 3], [10, 14, 11, 13], [12, 22, 13, 21], [14, 24, 15, 23], [16, 1, 17, 2], [18, 5, 19, 6], [20, 12, 21, 11], [22, 20, 23, 19], [24, 8, 1, 7]]"
12a_0509_100,"[[24, 8, 1, 7], [2, 17, 3, 18], [4, 10, 5, 9], [6, 15, 7, 16], [8, 4, 9, 3], [10, 14, 11, 13], [12, 22, 13, 21], [14, 24, 15, 23], [16, 1, 17, 2], [18, 5, 19, 6], [20, 12, 21, 11], [22, 20, 23, 19]]"
12a_0509_101,"[[22, 20, 23, 19], [24, 8, 1, 7], [2, 17, 3, 18], [4, 10, 5, 9], [6, 15, 7, 16], [8, 4, 9, 3], [10, 14, 11, 13], [12, 22, 13, 21], [14, 24, 15, 23], [16, 1, 17, 2], [18, 5, 19, 6], [20, 12, 21, 11]]"
12a_0509_102,"[[20, 12, 21, 11], [22, 20, 23, 19], [24, 8, 1, 7], [2, 17, 3, 18], [4, 10, 5, 9], [6, 15, 7, 16], [8, 4, 9, 3], [10, 14, 11, 13], [12, 22, 13, 21], [14, 24, 15, 23], [16, 1, 17, 2], [18, 5, 19, 6]]"
12a_0509_103,"[[18, 5, 19, 6], [20, 12, 21, 11], [22, 20, 23, 19], [24, 8, 1, 7], [2, 17, 3, 18], [4, 10, 5, 9], [6, 15, 7, 16], [8, 4, 9, 3], [10, 14, 11, 13], [12, 22, 13, 21], [14, 24, 15, 23], [16, 1, 17, 2]]"
12a_0509_104,"[[16, 1, 17, 2], [18, 5, 19, 6], [20, 12, 21, 11], [22, 20, 23, 19], [24, 8, 1, 7], [2, 17, 3, 18], [4, 10, 5, 9], [6, 15, 7, 16], [8, 4, 9, 3], [10, 14, 11, 13], [12, 22, 13, 21], [14, 24, 15, 23]]"
12a_0509_105,"[[14, 24, 15, 23], [16, 1, 17, 2], [18, 5, 19, 6], [20, 12, 21, 11], [22, 20, 23, 19], [24, 8, 1, 7], [2, 17, 3, 18], [4, 10, 5, 9], [6, 15, 7, 16], [8, 4, 9, 3], [10, 14, 11, 13], [12, 22, 13, 21]]"
12a_0509_106,"[[12, 22, 13, 21], [14, 24, 15, 23], [16, 1, 17, 2], [18, 5, 19, 6], [20, 12, 21, 11], [22, 20, 23, 19], [24, 8, 1, 7], [2, 17, 3, 18], [4, 10, 5, 9], [6, 15, 7, 16], [8, 4, 9, 3], [10, 14, 11, 13]]"
12a_0509_107,"[[10, 14, 11, 13], [12, 22, 13, 21], [14, 24, 15, 23], [16, 1, 17, 2], [18, 5, 19, 6], [20, 12, 21, 11], [22, 20, 23, 19], [24, 8, 1, 7], [2, 17, 3, 18], [4, 10, 5, 9], [6, 15, 7, 16], [8, 4, 9, 3]]"
12a_0509_108,"[[9, 5, 10, 4], [11, 15, 12, 14], [13, 23, 14, 22], [15, 1, 16, 24], [17, 2, 18, 3], [19, 6, 20, 7], [21, 13, 22, 12], [23, 21, 24, 20], [1, 9, 2, 8], [3, 18, 4, 19], [5, 11, 6, 10], [7, 16, 8, 17]]"
12a_0509_109,"[[7, 16, 8, 17], [9, 5, 10, 4], [11, 15, 12, 14], [13, 23, 14, 22], [15, 1, 16, 24], [17, 2, 18, 3], [19, 6, 20, 7], [21, 13, 22, 12], [23, 21, 24, 20], [1, 9, 2, 8], [3, 18, 4, 19], [5, 11, 6, 10]]"
12a_0509_110,"[[5, 11, 6, 10], [7, 16, 8, 17], [9, 5, 10, 4], [11, 15, 12, 14], [13, 23, 14, 22], [15, 1, 16, 24], [17, 2, 18, 3], [19, 6, 20, 7], [21, 13, 22, 12], [23, 21, 24, 20], [1, 9, 2, 8], [3, 18, 4, 19]]"
12a_0509_111,"[[3, 18, 4, 19], [5, 11, 6, 10], [7, 16, 8, 17], [9, 5, 10, 4], [11, 15, 12, 14], [13, 23, 14, 22], [15, 1, 16, 24], [17, 2, 18, 3], [19, 6, 20, 7], [21, 13, 22, 12], [23, 21, 24, 20], [1, 9, 2, 8]]"
12a_0509_112,"[[1, 9, 2, 8], [3, 18, 4, 19], [5, 11, 6, 10], [7, 16, 8, 17], [9, 5, 10, 4], [11, 15, 12, 14], [13, 23, 14, 22], [15, 1, 16, 24], [17, 2, 18, 3], [19, 6, 20, 7], [21, 13, 22, 12], [23, 21, 24, 20]]"
12a_0509_113,"[[23, 21, 24, 20], [1, 9, 2, 8], [3, 18, 4, 19], [5, 11, 6, 10], [7, 16, 8, 17], [9, 5, 10, 4], [11, 15, 12, 14], [13, 23, 14, 22], [15, 1, 16, 24], [17, 2, 18, 3], [19, 6, 20, 7], [21, 13, 22, 12]]"
12a_0509_114,"[[21, 13, 22, 12], [23, 21, 24, 20], [1, 9, 2, 8], [3, 18, 4, 19], [5, 11, 6, 10], [7, 16, 8, 17], [9, 5, 10, 4], [11, 15, 12, 14], [13, 23, 14, 22], [15, 1, 16, 24], [17, 2, 18, 3], [19, 6, 20, 7]]"
12a_0509_115,"[[19, 6, 20, 7], [21, 13, 22, 12], [23, 21, 24, 20], [1, 9, 2, 8], [3, 18, 4, 19], [5, 11, 6, 10], [7, 16, 8, 17], [9, 5, 10, 4], [11, 15, 12, 14], [13, 23, 14, 22], [15, 1, 16, 24], [17, 2, 18, 3]]"
12a_0509_116,"[[17, 2, 18, 3], [19, 6, 20, 7], [21, 13, 22, 12], [23, 21, 24, 20], [1, 9, 2, 8], [3, 18, 4, 19], [5, 11, 6, 10], [7, 16, 8, 17], [9, 5, 10, 4], [11, 15, 12, 14], [13, 23, 14, 22], [15, 1, 16, 24]]"
12a_0509_117,"[[15, 1, 16, 24], [17, 2, 18, 3], [19, 6, 20, 7], [21, 13, 22, 12], [23, 21, 24, 20], [1, 9, 2, 8], [3, 18, 4, 19], [5, 11, 6, 10], [7, 16, 8, 17], [9, 5, 10, 4], [11, 15, 12, 14], [13, 23, 14, 22]]"
12a_0509_118,"[[13, 23, 14, 22], [15, 1, 16, 24], [17, 2, 18, 3], [19, 6, 20, 7], [21, 13, 22, 12], [23, 21, 24, 20], [1, 9, 2, 8], [3, 18, 4, 19], [5, 11, 6, 10], [7, 16, 8, 17], [9, 5, 10, 4], [11, 15, 12, 14]]"
12a_0509_119,"[[11, 15, 12, 14], [13, 23, 14, 22], [15, 1, 16, 24], [17, 2, 18, 3], [19, 6, 20, 7], [21, 13, 22, 12], [23, 21, 24, 20], [1, 9, 2, 8], [3, 18, 4, 19], [5, 11, 6, 10], [7, 16, 8, 17], [9, 5, 10, 4]]"
12a_0509_120,"[[10, 6, 11, 5], [12, 16, 13, 15], [14, 24, 15, 23], [16, 2, 17, 1], [18, 3, 19, 4], [20, 7, 21, 8], [22, 14, 23, 13], [24, 22, 1, 21], [2, 10, 3, 9], [4, 19, 5, 20], [6, 12, 7, 11], [8, 17, 9, 18]]"
12a_0509_121,"[[8, 17, 9, 18], [10, 6, 11, 5], [12, 16, 13, 15], [14, 24, 15, 23], [16, 2, 17, 1], [18, 3, 19, 4], [20, 7, 21, 8], [22, 14, 23, 13], [24, 22, 1, 21], [2, 10, 3, 9], [4, 19, 5, 20], [6, 12, 7, 11]]"
12a_0509_122,"[[6, 12, 7, 11], [8, 17, 9, 18], [10, 6, 11, 5], [12, 16, 13, 15], [14, 24, 15, 23], [16, 2, 17, 1], [18, 3, 19, 4], [20, 7, 21, 8], [22, 14, 23, 13], [24, 22, 1, 21], [2, 10, 3, 9], [4, 19, 5, 20]]"
12a_0509_123,"[[4, 19, 5, 20], [6, 12, 7, 11], [8, 17, 9, 18], [10, 6, 11, 5], [12, 16, 13, 15], [14, 24, 15, 23], [16, 2, 17, 1], [18, 3, 19, 4], [20, 7, 21, 8], [22, 14, 23, 13], [24, 22, 1, 21], [2, 10, 3, 9]]"
12a_0509_124,"[[2, 10, 3, 9], [4, 19, 5, 20], [6, 12, 7, 11], [8, 17, 9, 18], [10, 6, 11, 5], [12, 16, 13, 15], [14, 24, 15, 23], [16, 2, 17, 1], [18, 3, 19, 4], [20, 7, 21, 8], [22, 14, 23, 13], [24, 22, 1, 21]]"
12a_0509_125,"[[24, 22, 1, 21], [2, 10, 3, 9], [4, 19, 5, 20], [6, 12, 7, 11], [8, 17, 9, 18], [10, 6, 11, 5], [12, 16, 13, 15], [14, 24, 15, 23], [16, 2, 17, 1], [18, 3, 19, 4], [20, 7, 21, 8], [22, 14, 23, 13]]"
12a_0509_126,"[[22, 14, 23, 13], [24, 22, 1, 21], [2, 10, 3, 9], [4, 19, 5, 20], [6, 12, 7, 11], [8, 17, 9, 18], [10, 6, 11, 5], [12, 16, 13, 15], [14, 24, 15, 23], [16, 2, 17, 1], [18, 3, 19, 4], [20, 7, 21, 8]]"
12a_0509_127,"[[20, 7, 21, 8], [22, 14, 23, 13], [24, 22, 1, 21], [2, 10, 3, 9], [4, 19, 5, 20], [6, 12, 7, 11], [8, 17, 9, 18], [10, 6, 11, 5], [12, 16, 13, 15], [14, 24, 15, 23], [16, 2, 17, 1], [18, 3, 19, 4]]"
12a_0509_128,"[[18, 3, 19, 4], [20, 7, 21, 8], [22, 14, 23, 13], [24, 22, 1, 21], [2, 10, 3, 9], [4, 19, 5, 20], [6, 12, 7, 11], [8, 17, 9, 18], [10, 6, 11, 5], [12, 16, 13, 15], [14, 24, 15, 23], [16, 2, 17, 1]]"
12a_0509_129,"[[16, 2, 17, 1], [18, 3, 19, 4], [20, 7, 21, 8], [22, 14, 23, 13], [24, 22, 1, 21], [2, 10, 3, 9], [4, 19, 5, 20], [6, 12, 7, 11], [8, 17, 9, 18], [10, 6, 11, 5], [12, 16, 13, 15], [14, 24, 15, 23]]"
12a_0509_130,"[[14, 24, 15, 23], [16, 2, 17, 1], [18, 3, 19, 4], [20, 7, 21, 8], [22, 14, 23, 13], [24, 22, 1, 21], [2, 10, 3, 9], [4, 19, 5, 20], [6, 12, 7, 11], [8, 17, 9, 18], [10, 6, 11, 5], [12, 16, 13, 15]]"
12a_0509_131,"[[12, 16, 13, 15], [14, 24, 15, 23], [16, 2, 17, 1], [18, 3, 19, 4], [20, 7, 21, 8], [22, 14, 23, 13], [24, 22, 1, 21], [2, 10, 3, 9], [4, 19, 5, 20], [6, 12, 7, 11], [8, 17, 9, 18], [10, 6, 11, 5]]"
12a_0509_132,"[[11, 7, 12, 6], [13, 17, 14, 16], [15, 1, 16, 24], [17, 3, 18, 2], [19, 4, 20, 5], [21, 8, 22, 9], [23, 15, 24, 14], [1, 23, 2, 22], [3, 11, 4, 10], [5, 20, 6, 21], [7, 13, 8, 12], [9, 18, 10, 19]]"
12a_0509_133,"[[9, 18, 10, 19], [11, 7, 12, 6], [13, 17, 14, 16], [15, 1, 16, 24], [17, 3, 18, 2], [19, 4, 20, 5], [21, 8, 22, 9], [23, 15, 24, 14], [1, 23, 2, 22], [3, 11, 4, 10], [5, 20, 6, 21], [7, 13, 8, 12]]"
12a_0509_134,"[[7, 13, 8, 12], [9, 18, 10, 19], [11, 7, 12, 6], [13, 17, 14, 16], [15, 1, 16, 24], [17, 3, 18, 2], [19, 4, 20, 5], [21, 8, 22, 9], [23, 15, 24, 14], [1, 23, 2, 22], [3, 11, 4, 10], [5, 20, 6, 21]]"
12a_0509_135,"[[5, 20, 6, 21], [7, 13, 8, 12], [9, 18, 10, 19], [11, 7, 12, 6], [13, 17, 14, 16], [15, 1, 16, 24], [17, 3, 18, 2], [19, 4, 20, 5], [21, 8, 22, 9], [23, 15, 24, 14], [1, 23, 2, 22], [3, 11, 4, 10]]"
12a_0509_136,"[[3, 11, 4, 10], [5, 20, 6, 21], [7, 13, 8, 12], [9, 18, 10, 19], [11, 7, 12, 6], [13, 17, 14, 16], [15, 1, 16, 24], [17, 3, 18, 2], [19, 4, 20, 5], [21, 8, 22, 9], [23, 15, 24, 14], [1, 23, 2, 22]]"
12a_0509_137,"[[1, 23, 2, 22], [3, 11, 4, 10], [5, 20, 6, 21], [7, 13, 8, 12], [9, 18, 10, 19], [11, 7, 12, 6], [13, 17, 14, 16], [15, 1, 16, 24], [17, 3, 18, 2], [19, 4, 20, 5], [21, 8, 22, 9], [23, 15, 24, 14]]"
12a_0509_138,"[[23, 15, 24, 14], [1, 23, 2, 22], [3, 11, 4, 10], [5, 20, 6, 21], [7, 13, 8, 12], [9, 18, 10, 19], [11, 7, 12, 6], [13, 17, 14, 16], [15, 1, 16, 24], [17, 3, 18, 2], [19, 4, 20, 5], [21, 8, 22, 9]]"
12a_0509_139,"[[21, 8, 22, 9], [23, 15, 24, 14], [1, 23, 2, 22], [3, 11, 4, 10], [5, 20, 6, 21], [7, 13, 8, 12], [9, 18, 10, 19], [11, 7, 12, 6], [13, 17, 14, 16], [15, 1, 16, 24], [17, 3, 18, 2], [19, 4, 20, 5]]"
12a_0509_140,"[[19, 4, 20, 5], [21, 8, 22, 9], [23, 15, 24, 14], [1, 23, 2, 22], [3, 11, 4, 10], [5, 20, 6, 21], [7, 13, 8, 12], [9, 18, 10, 19], [11, 7, 12, 6], [13, 17, 14, 16], [15, 1, 16, 24], [17, 3, 18, 2]]"
12a_0509_141,"[[17, 3, 18, 2], [19, 4, 20, 5], [21, 8, 22, 9], [23, 15, 24, 14], [1, 23, 2, 22], [3, 11, 4, 10], [5, 20, 6, 21], [7, 13, 8, 12], [9, 18, 10, 19], [11, 7, 12, 6], [13, 17, 14, 16], [15, 1, 16, 24]]"
12a_0509_142,"[[15, 1, 16, 24], [17, 3, 18, 2], [19, 4, 20, 5], [21, 8, 22, 9], [23, 15, 24, 14], [1, 23, 2, 22], [3, 11, 4, 10], [5, 20, 6, 21], [7, 13, 8, 12], [9, 18, 10, 19], [11, 7, 12, 6], [13, 17, 14, 16]]"
12a_0509_143,"[[13, 17, 14, 16], [15, 1, 16, 24], [17, 3, 18, 2], [19, 4, 20, 5], [21, 8, 22, 9], [23, 15, 24, 14], [1, 23, 2, 22], [3, 11, 4, 10], [5, 20, 6, 21], [7, 13, 8, 12], [9, 18, 10, 19], [11, 7, 12, 6]]"
12a_0509_144,"[[12, 8, 13, 7], [14, 18, 15, 17], [16, 2, 17, 1], [18, 4, 19, 3], [20, 5, 21, 6], [22, 9, 23, 10], [24, 16, 1, 15], [2, 24, 3, 23], [4, 12, 5, 11], [6, 21, 7, 22], [8, 14, 9, 13], [10, 19, 11, 20]]"
12a_0509_145,"[[10, 19, 11, 20], [12, 8, 13, 7], [14, 18, 15, 17], [16, 2, 17, 1], [18, 4, 19, 3], [20, 5, 21, 6], [22, 9, 23, 10], [24, 16, 1, 15], [2, 24, 3, 23], [4, 12, 5, 11], [6, 21, 7, 22], [8, 14, 9, 13]]"
12a_0509_146,"[[8, 14, 9, 13], [10, 19, 11, 20], [12, 8, 13, 7], [14, 18, 15, 17], [16, 2, 17, 1], [18, 4, 19, 3], [20, 5, 21, 6], [22, 9, 23, 10], [24, 16, 1, 15], [2, 24, 3, 23], [4, 12, 5, 11], [6, 21, 7, 22]]"
12a_0509_147,"[[6, 21, 7, 22], [8, 14, 9, 13], [10, 19, 11, 20], [12, 8, 13, 7], [14, 18, 15, 17], [16, 2, 17, 1], [18, 4, 19, 3], [20, 5, 21, 6], [22, 9, 23, 10], [24, 16, 1, 15], [2, 24, 3, 23], [4, 12, 5, 11]]"
12a_0509_148,"[[4, 12, 5, 11], [6, 21, 7, 22], [8, 14, 9, 13], [10, 19, 11, 20], [12, 8, 13, 7], [14, 18, 15, 17], [16, 2, 17, 1], [18, 4, 19, 3], [20, 5, 21, 6], [22, 9, 23, 10], [24, 16, 1, 15], [2, 24, 3, 23]]"
12a_0509_149,"[[2, 24, 3, 23], [4, 12, 5, 11], [6, 21, 7, 22], [8, 14, 9, 13], [10, 19, 11, 20], [12, 8, 13, 7], [14, 18, 15, 17], [16, 2, 17, 1], [18, 4, 19, 3], [20, 5, 21, 6], [22, 9, 23, 10], [24, 16, 1, 15]]"
12a_0509_150,"[[24, 16, 1, 15], [2, 24, 3, 23], [4, 12, 5, 11], [6, 21, 7, 22], [8, 14, 9, 13], [10, 19, 11, 20], [12, 8, 13, 7], [14, 18, 15, 17], [16, 2, 17, 1], [18, 4, 19, 3], [20, 5, 21, 6], [22, 9, 23, 10]]"
12a_0509_151,"[[22, 9, 23, 10], [24, 16, 1, 15], [2, 24, 3, 23], [4, 12, 5, 11], [6, 21, 7, 22], [8, 14, 9, 13], [10, 19, 11, 20], [12, 8, 13, 7], [14, 18, 15, 17], [16, 2, 17, 1], [18, 4, 19, 3], [20, 5, 21, 6]]"
12a_0509_152,"[[20, 5, 21, 6], [22, 9, 23, 10], [24, 16, 1, 15], [2, 24, 3, 23], [4, 12, 5, 11], [6, 21, 7, 22], [8, 14, 9, 13], [10, 19, 11, 20], [12, 8, 13, 7], [14, 18, 15, 17], [16, 2, 17, 1], [18, 4, 19, 3]]"
12a_0509_153,"[[18, 4, 19, 3], [20, 5, 21, 6], [22, 9, 23, 10], [24, 16, 1, 15], [2, 24, 3, 23], [4, 12, 5, 11], [6, 21, 7, 22], [8, 14, 9, 13], [10, 19, 11, 20], [12, 8, 13, 7], [14, 18, 15, 17], [16, 2, 17, 1]]"
12a_0509_154,"[[16, 2, 17, 1], [18, 4, 19, 3], [20, 5, 21, 6], [22, 9, 23, 10], [24, 16, 1, 15], [2, 24, 3, 23], [4, 12, 5, 11], [6, 21, 7, 22], [8, 14, 9, 13], [10, 19, 11, 20], [12, 8, 13, 7], [14, 18, 15, 17]]"
12a_0509_155,"[[14, 18, 15, 17], [16, 2, 17, 1], [18, 4, 19, 3], [20, 5, 21, 6], [22, 9, 23, 10], [24, 16, 1, 15], [2, 24, 3, 23], [4, 12, 5, 11], [6, 21, 7, 22], [8, 14, 9, 13], [10, 19, 11, 20], [12, 8, 13, 7]]"
12a_0509_156,"[[13, 9, 14, 8], [15, 19, 16, 18], [17, 3, 18, 2], [19, 5, 20, 4], [21, 6, 22, 7], [23, 10, 24, 11], [1, 17, 2, 16], [3, 1, 4, 24], [5, 13, 6, 12], [7, 22, 8, 23], [9, 15, 10, 14], [11, 20, 12, 21]]"
12a_0509_157,"[[11, 20, 12, 21], [13, 9, 14, 8], [15, 19, 16, 18], [17, 3, 18, 2], [19, 5, 20, 4], [21, 6, 22, 7], [23, 10, 24, 11], [1, 17, 2, 16], [3, 1, 4, 24], [5, 13, 6, 12], [7, 22, 8, 23], [9, 15, 10, 14]]"
12a_0509_158,"[[9, 15, 10, 14], [11, 20, 12, 21], [13, 9, 14, 8], [15, 19, 16, 18], [17, 3, 18, 2], [19, 5, 20, 4], [21, 6, 22, 7], [23, 10, 24, 11], [1, 17, 2, 16], [3, 1, 4, 24], [5, 13, 6, 12], [7, 22, 8, 23]]"
12a_0509_159,"[[7, 22, 8, 23], [9, 15, 10, 14], [11, 20, 12, 21], [13, 9, 14, 8], [15, 19, 16, 18], [17, 3, 18, 2], [19, 5, 20, 4], [21, 6, 22, 7], [23, 10, 24, 11], [1, 17, 2, 16], [3, 1, 4, 24], [5, 13, 6, 12]]"
12a_0509_160,"[[5, 13, 6, 12], [7, 22, 8, 23], [9, 15, 10, 14], [11, 20, 12, 21], [13, 9, 14, 8], [15, 19, 16, 18], [17, 3, 18, 2], [19, 5, 20, 4], [21, 6, 22, 7], [23, 10, 24, 11], [1, 17, 2, 16], [3, 1, 4, 24]]"
12a_0509_161,"[[3, 1, 4, 24], [5, 13, 6, 12], [7, 22, 8, 23], [9, 15, 10, 14], [11, 20, 12, 21], [13, 9, 14, 8], [15, 19, 16, 18], [17, 3, 18, 2], [19, 5, 20, 4], [21, 6, 22, 7], [23, 10, 24, 11], [1, 17, 2, 16]]"
12a_0509_162,"[[1, 17, 2, 16], [3, 1, 4, 24], [5, 13, 6, 12], [7, 22, 8, 23], [9, 15, 10, 14], [11, 20, 12, 21], [13, 9, 14, 8], [15, 19, 16, 18], [17, 3, 18, 2], [19, 5, 20, 4], [21, 6, 22, 7], [23, 10, 24, 11]]"
12a_0509_163,"[[23, 10, 24, 11], [1, 17, 2, 16], [3, 1, 4, 24], [5, 13, 6, 12], [7, 22, 8, 23], [9, 15, 10, 14], [11, 20, 12, 21], [13, 9, 14, 8], [15, 19, 16, 18], [17, 3, 18, 2], [19, 5, 20, 4], [21, 6, 22, 7]]"
12a_0509_164,"[[21, 6, 22, 7], [23, 10, 24, 11], [1, 17, 2, 16], [3, 1, 4, 24], [5, 13, 6, 12], [7, 22, 8, 23], [9, 15, 10, 14], [11, 20, 12, 21], [13, 9, 14, 8], [15, 19, 16, 18], [17, 3, 18, 2], [19, 5, 20, 4]]"
12a_0509_165,"[[19, 5, 20, 4], [21, 6, 22, 7], [23, 10, 24, 11], [1, 17, 2, 16], [3, 1, 4, 24], [5, 13, 6, 12], [7, 22, 8, 23], [9, 15, 10, 14], [11, 20, 12, 21], [13, 9, 14, 8], [15, 19, 16, 18], [17, 3, 18, 2]]"
12a_0509_166,"[[17, 3, 18, 2], [19, 5, 20, 4], [21, 6, 22, 7], [23, 10, 24, 11], [1, 17, 2, 16], [3, 1, 4, 24], [5, 13, 6, 12], [7, 22, 8, 23], [9, 15, 10, 14], [11, 20, 12, 21], [13, 9, 14, 8], [15, 19, 16, 18]]"
12a_0509_167,"[[15, 19, 16, 18], [17, 3, 18, 2], [19, 5, 20, 4], [21, 6, 22, 7], [23, 10, 24, 11], [1, 17, 2, 16], [3, 1, 4, 24], [5, 13, 6, 12], [7, 22, 8, 23], [9, 15, 10, 14], [11, 20, 12, 21], [13, 9, 14, 8]]"
12a_0509_168,"[[14, 10, 15, 9], [16, 20, 17, 19], [18, 4, 19, 3], [20, 6, 21, 5], [22, 7, 23, 8], [24, 11, 1, 12], [2, 18, 3, 17], [4, 2, 5, 1], [6, 14, 7, 13], [8, 23, 9, 24], [10, 16, 11, 15], [12, 21, 13, 22]]"
12a_0509_169,"[[12, 21, 13, 22], [14, 10, 15, 9], [16, 20, 17, 19], [18, 4, 19, 3], [20, 6, 21, 5], [22, 7, 23, 8], [24, 11, 1, 12], [2, 18, 3, 17], [4, 2, 5, 1], [6, 14, 7, 13], [8, 23, 9, 24], [10, 16, 11, 15]]"
12a_0509_170,"[[10, 16, 11, 15], [12, 21, 13, 22], [14, 10, 15, 9], [16, 20, 17, 19], [18, 4, 19, 3], [20, 6, 21, 5], [22, 7, 23, 8], [24, 11, 1, 12], [2, 18, 3, 17], [4, 2, 5, 1], [6, 14, 7, 13], [8, 23, 9, 24]]"
12a_0509_171,"[[8, 23, 9, 24], [10, 16, 11, 15], [12, 21, 13, 22], [14, 10, 15, 9], [16, 20, 17, 19], [18, 4, 19, 3], [20, 6, 21, 5], [22, 7, 23, 8], [24, 11, 1, 12], [2, 18, 3, 17], [4, 2, 5, 1], [6, 14, 7, 13]]"
12a_0509_172,"[[6, 14, 7, 13], [8, 23, 9, 24], [10, 16, 11, 15], [12, 21, 13, 22], [14, 10, 15, 9], [16, 20, 17, 19], [18, 4, 19, 3], [20, 6, 21, 5], [22, 7, 23, 8], [24, 11, 1, 12], [2, 18, 3, 17], [4, 2, 5, 1]]"
12a_0509_173,"[[4, 2, 5, 1], [6, 14, 7, 13], [8, 23, 9, 24], [10, 16, 11, 15], [12, 21, 13, 22], [14, 10, 15, 9], [16, 20, 17, 19], [18, 4, 19, 3], [20, 6, 21, 5], [22, 7, 23, 8], [24, 11, 1, 12], [2, 18, 3, 17]]"
12a_0509_174,"[[2, 18, 3, 17], [4, 2, 5, 1], [6, 14, 7, 13], [8, 23, 9, 24], [10, 16, 11, 15], [12, 21, 13, 22], [14, 10, 15, 9], [16, 20, 17, 19], [18, 4, 19, 3], [20, 6, 21, 5], [22, 7, 23, 8], [24, 11, 1, 12]]"
12a_0509_175,"[[24, 11, 1, 12], [2, 18, 3, 17], [4, 2, 5, 1], [6, 14, 7, 13], [8, 23, 9, 24], [10, 16, 11, 15], [12, 21, 13, 22], [14, 10, 15, 9], [16, 20, 17, 19], [18, 4, 19, 3], [20, 6, 21, 5], [22, 7, 23, 8]]"
12a_0509_176,"[[22, 7, 23, 8], [24, 11, 1, 12], [2, 18, 3, 17], [4, 2, 5, 1], [6, 14, 7, 13], [8, 23, 9, 24], [10, 16, 11, 15], [12, 21, 13, 22], [14, 10, 15, 9], [16, 20, 17, 19], [18, 4, 19, 3], [20, 6, 21, 5]]"
12a_0509_177,"[[20, 6, 21, 5], [22, 7, 23, 8], [24, 11, 1, 12], [2, 18, 3, 17], [4, 2, 5, 1], [6, 14, 7, 13], [8, 23, 9, 24], [10, 16, 11, 15], [12, 21, 13, 22], [14, 10, 15, 9], [16, 20, 17, 19], [18, 4, 19, 3]]"
12a_0509_178,"[[18, 4, 19, 3], [20, 6, 21, 5], [22, 7, 23, 8], [24, 11, 1, 12], [2, 18, 3, 17], [4, 2, 5, 1], [6, 14, 7, 13], [8, 23, 9, 24], [10, 16, 11, 15], [12, 21, 13, 22], [14, 10, 15, 9], [16, 20, 17, 19]]"
12a_0509_179,"[[16, 20, 17, 19], [18, 4, 19, 3], [20, 6, 21, 5], [22, 7, 23, 8], [24, 11, 1, 12], [2, 18, 3, 17], [4, 2, 5, 1], [6, 14, 7, 13], [8, 23, 9, 24], [10, 16, 11, 15], [12, 21, 13, 22], [14, 10, 15, 9]]"
12a_0509_180,"[[15, 11, 16, 10], [17, 21, 18, 20], [19, 5, 20, 4], [21, 7, 22, 6], [23, 8, 24, 9], [1, 12, 2, 13], [3, 19, 4, 18], [5, 3, 6, 2], [7, 15, 8, 14], [9, 24, 10, 1], [11, 17, 12, 16], [13, 22, 14, 23]]"
12a_0509_181,"[[13, 22, 14, 23], [15, 11, 16, 10], [17, 21, 18, 20], [19, 5, 20, 4], [21, 7, 22, 6], [23, 8, 24, 9], [1, 12, 2, 13], [3, 19, 4, 18], [5, 3, 6, 2], [7, 15, 8, 14], [9, 24, 10, 1], [11, 17, 12, 16]]"
12a_0509_182,"[[11, 17, 12, 16], [13, 22, 14, 23], [15, 11, 16, 10], [17, 21, 18, 20], [19, 5, 20, 4], [21, 7, 22, 6], [23, 8, 24, 9], [1, 12, 2, 13], [3, 19, 4, 18], [5, 3, 6, 2], [7, 15, 8, 14], [9, 24, 10, 1]]"
12a_0509_183,"[[9, 24, 10, 1], [11, 17, 12, 16], [13, 22, 14, 23], [15, 11, 16, 10], [17, 21, 18, 20], [19, 5, 20, 4], [21, 7, 22, 6], [23, 8, 24, 9], [1, 12, 2, 13], [3, 19, 4, 18], [5, 3, 6, 2], [7, 15, 8, 14]]"
12a_0509_184,"[[7, 15, 8, 14], [9, 24, 10, 1], [11, 17, 12, 16], [13, 22, 14, 23], [15, 11, 16, 10], [17, 21, 18, 20], [19, 5, 20, 4], [21, 7, 22, 6], [23, 8, 24, 9], [1, 12, 2, 13], [3, 19, 4, 18], [5, 3, 6, 2]]"
12a_0509_185,"[[5, 3, 6, 2], [7, 15, 8, 14], [9, 24, 10, 1], [11, 17, 12, 16], [13, 22, 14, 23], [15, 11, 16, 10], [17, 21, 18, 20], [19, 5, 20, 4], [21, 7, 22, 6], [23, 8, 24, 9], [1, 12, 2, 13], [3, 19, 4, 18]]"
