name,pd_notation
12a_0916_0,"[[24, 15, 1, 16], [2, 8, 3, 7], [4, 12, 5, 11], [6, 18, 7, 17], [8, 19, 9, 20], [10, 4, 11, 3], [12, 21, 13, 22], [14, 23, 15, 24], [16, 6, 17, 5], [18, 1, 19, 2], [20, 9, 21, 10], [22, 13, 23, 14]]"
12a_0916_1,"[[22, 13, 23, 14], [24, 15, 1, 16], [2, 8, 3, 7], [4, 12, 5, 11], [6, 18, 7, 17], [8, 19, 9, 20], [10, 4, 11, 3], [12, 21, 13, 22], [14, 23, 15, 24], [16, 6, 17, 5], [18, 1, 19, 2], [20, 9, 21, 10]]"
12a_0916_2,"[[20, 9, 21, 10], [22, 13, 23, 14], [24, 15, 1, 16], [2, 8, 3, 7], [4, 12, 5, 11], [6, 18, 7, 17], [8, 19, 9, 20], [10, 4, 11, 3], [12, 21, 13, 22], [14, 23, 15, 24], [16, 6, 17, 5], [18, 1, 19, 2]]"
12a_0916_3,"[[18, 1, 19, 2], [20, 9, 21, 10], [22, 13, 23, 14], [24, 15, 1, 16], [2, 8, 3, 7], [4, 12, 5, 11], [6, 18, 7, 17], [8, 19, 9, 20], [10, 4, 11, 3], [12, 21, 13, 22], [14, 23, 15, 24], [16, 6, 17, 5]]"
12a_0916_4,"[[16, 6, 17, 5], [18, 1, 19, 2], [20, 9, 21, 10], [22, 13, 23, 14], [24, 15, 1, 16], [2, 8, 3, 7], [4, 12, 5, 11], [6, 18, 7, 17], [8, 19, 9, 20], [10, 4, 11, 3], [12, 21, 13, 22], [14, 23, 15, 24]]"
12a_0916_5,"[[14, 23, 15, 24], [16, 6, 17, 5], [18, 1, 19, 2], [20, 9, 21, 10], [22, 13, 23, 14], [24, 15, 1, 16], [2, 8, 3, 7], [4, 12, 5, 11], [6, 18, 7, 17], [8, 19, 9, 20], [10, 4, 11, 3], [12, 21, 13, 22]]"
12a_0916_6,"[[12, 21, 13, 22], [14, 23, 15, 24], [16, 6, 17, 5], [18, 1, 19, 2], [20, 9, 21, 10], [22, 13, 23, 14], [24, 15, 1, 16], [2, 8, 3, 7], [4, 12, 5, 11], [6, 18, 7, 17], [8, 19, 9, 20], [10, 4, 11, 3]]"
12a_0916_7,"[[10, 4, 11, 3], [12, 21, 13, 22], [14, 23, 15, 24], [16, 6, 17, 5], [18, 1, 19, 2], [20, 9, 21, 10], [22, 13, 23, 14], [24, 15, 1, 16], [2, 8, 3, 7], [4, 12, 5, 11], [6, 18, 7, 17], [8, 19, 9, 20]]"
12a_0916_8,"[[8, 19, 9, 20], [10, 4, 11, 3], [12, 21, 13, 22], [14, 23, 15, 24], [16, 6, 17, 5], [18, 1, 19, 2], [20, 9, 21, 10], [22, 13, 23, 14], [24, 15, 1, 16], [2, 8, 3, 7], [4, 12, 5, 11], [6, 18, 7, 17]]"
12a_0916_9,"[[6, 18, 7, 17], [8, 19, 9, 20], [10, 4, 11, 3], [12, 21, 13, 22], [14, 23, 15, 24], [16, 6, 17, 5], [18, 1, 19, 2], [20, 9, 21, 10], [22, 13, 23, 14], [24, 15, 1, 16], [2, 8, 3, 7], [4, 12, 5, 11]]"
12a_0916_10,"[[4, 12, 5, 11], [6, 18, 7, 17], [8, 19, 9, 20], [10, 4, 11, 3], [12, 21, 13, 22], [14, 23, 15, 24], [16, 6, 17, 5], [18, 1, 19, 2], [20, 9, 21, 10], [22, 13, 23, 14], [24, 15, 1, 16], [2, 8, 3, 7]]"
12a_0916_11,"[[2, 8, 3, 7], [4, 12, 5, 11], [6, 18, 7, 17], [8, 19, 9, 20], [10, 4, 11, 3], [12, 21, 13, 22], [14, 23, 15, 24], [16, 6, 17, 5], [18, 1, 19, 2], [20, 9, 21, 10], [22, 13, 23, 14], [24, 15, 1, 16]]"
12a_0916_12,"[[1, 16, 2, 17], [3, 9, 4, 8], [5, 13, 6, 12], [7, 19, 8, 18], [9, 20, 10, 21], [11, 5, 12, 4], [13, 22, 14, 23], [15, 24, 16, 1], [17, 7, 18, 6], [19, 2, 20, 3], [21, 10, 22, 11], [23, 14, 24, 15]]"
12a_0916_13,"[[23, 14, 24, 15], [1, 16, 2, 17], [3, 9, 4, 8], [5, 13, 6, 12], [7, 19, 8, 18], [9, 20, 10, 21], [11, 5, 12, 4], [13, 22, 14, 23], [15, 24, 16, 1], [17, 7, 18, 6], [19, 2, 20, 3], [21, 10, 22, 11]]"
12a_0916_14,"[[21, 10, 22, 11], [23, 14, 24, 15], [1, 16, 2, 17], [3, 9, 4, 8], [5, 13, 6, 12], [7, 19, 8, 18], [9, 20, 10, 21], [11, 5, 12, 4], [13, 22, 14, 23], [15, 24, 16, 1], [17, 7, 18, 6], [19, 2, 20, 3]]"
12a_0916_15,"[[19, 2, 20, 3], [21, 10, 22, 11], [23, 14, 24, 15], [1, 16, 2, 17], [3, 9, 4, 8], [5, 13, 6, 12], [7, 19, 8, 18], [9, 20, 10, 21], [11, 5, 12, 4], [13, 22, 14, 23], [15, 24, 16, 1], [17, 7, 18, 6]]"
12a_0916_16,"[[17, 7, 18, 6], [19, 2, 20, 3], [21, 10, 22, 11], [23, 14, 24, 15], [1, 16, 2, 17], [3, 9, 4, 8], [5, 13, 6, 12], [7, 19, 8, 18], [9, 20, 10, 21], [11, 5, 12, 4], [13, 22, 14, 23], [15, 24, 16, 1]]"
12a_0916_17,"[[15, 24, 16, 1], [17, 7, 18, 6], [19, 2, 20, 3], [21, 10, 22, 11], [23, 14, 24, 15], [1, 16, 2, 17], [3, 9, 4, 8], [5, 13, 6, 12], [7, 19, 8, 18], [9, 20, 10, 21], [11, 5, 12, 4], [13, 22, 14, 23]]"
12a_0916_18,"[[13, 22, 14, 23], [15, 24, 16, 1], [17, 7, 18, 6], [19, 2, 20, 3], [21, 10, 22, 11], [23, 14, 24, 15], [1, 16, 2, 17], [3, 9, 4, 8], [5, 13, 6, 12], [7, 19, 8, 18], [9, 20, 10, 21], [11, 5, 12, 4]]"
12a_0916_19,"[[11, 5, 12, 4], [13, 22, 14, 23], [15, 24, 16, 1], [17, 7, 18, 6], [19, 2, 20, 3], [21, 10, 22, 11], [23, 14, 24, 15], [1, 16, 2, 17], [3, 9, 4, 8], [5, 13, 6, 12], [7, 19, 8, 18], [9, 20, 10, 21]]"
12a_0916_20,"[[9, 20, 10, 21], [11, 5, 12, 4], [13, 22, 14, 23], [15, 24, 16, 1], [17, 7, 18, 6], [19, 2, 20, 3], [21, 10, 22, 11], [23, 14, 24, 15], [1, 16, 2, 17], [3, 9, 4, 8], [5, 13, 6, 12], [7, 19, 8, 18]]"
12a_0916_21,"[[7, 19, 8, 18], [9, 20, 10, 21], [11, 5, 12, 4], [13, 22, 14, 23], [15, 24, 16, 1], [17, 7, 18, 6], [19, 2, 20, 3], [21, 10, 22, 11], [23, 14, 24, 15], [1, 16, 2, 17], [3, 9, 4, 8], [5, 13, 6, 12]]"
12a_0916_22,"[[5, 13, 6, 12], [7, 19, 8, 18], [9, 20, 10, 21], [11, 5, 12, 4], [13, 22, 14, 23], [15, 24, 16, 1], [17, 7, 18, 6], [19, 2, 20, 3], [21, 10, 22, 11], [23, 14, 24, 15], [1, 16, 2, 17], [3, 9, 4, 8]]"
12a_0916_23,"[[3, 9, 4, 8], [5, 13, 6, 12], [7, 19, 8, 18], [9, 20, 10, 21], [11, 5, 12, 4], [13, 22, 14, 23], [15, 24, 16, 1], [17, 7, 18, 6], [19, 2, 20, 3], [21, 10, 22, 11], [23, 14, 24, 15], [1, 16, 2, 17]]"
12a_0916_24,"[[2, 17, 3, 18], [4, 10, 5, 9], [6, 14, 7, 13], [8, 20, 9, 19], [10, 21, 11, 22], [12, 6, 13, 5], [14, 23, 15, 24], [16, 1, 17, 2], [18, 8, 19, 7], [20, 3, 21, 4], [22, 11, 23, 12], [24, 15, 1, 16]]"
12a_0916_25,"[[24, 15, 1, 16], [2, 17, 3, 18], [4, 10, 5, 9], [6, 14, 7, 13], [8, 20, 9, 19], [10, 21, 11, 22], [12, 6, 13, 5], [14, 23, 15, 24], [16, 1, 17, 2], [18, 8, 19, 7], [20, 3, 21, 4], [22, 11, 23, 12]]"
12a_0916_26,"[[22, 11, 23, 12], [24, 15, 1, 16], [2, 17, 3, 18], [4, 10, 5, 9], [6, 14, 7, 13], [8, 20, 9, 19], [10, 21, 11, 22], [12, 6, 13, 5], [14, 23, 15, 24], [16, 1, 17, 2], [18, 8, 19, 7], [20, 3, 21, 4]]"
12a_0916_27,"[[20, 3, 21, 4], [22, 11, 23, 12], [24, 15, 1, 16], [2, 17, 3, 18], [4, 10, 5, 9], [6, 14, 7, 13], [8, 20, 9, 19], [10, 21, 11, 22], [12, 6, 13, 5], [14, 23, 15, 24], [16, 1, 17, 2], [18, 8, 19, 7]]"
12a_0916_28,"[[18, 8, 19, 7], [20, 3, 21, 4], [22, 11, 23, 12], [24, 15, 1, 16], [2, 17, 3, 18], [4, 10, 5, 9], [6, 14, 7, 13], [8, 20, 9, 19], [10, 21, 11, 22], [12, 6, 13, 5], [14, 23, 15, 24], [16, 1, 17, 2]]"
12a_0916_29,"[[16, 1, 17, 2], [18, 8, 19, 7], [20, 3, 21, 4], [22, 11, 23, 12], [24, 15, 1, 16], [2, 17, 3, 18], [4, 10, 5, 9], [6, 14, 7, 13], [8, 20, 9, 19], [10, 21, 11, 22], [12, 6, 13, 5], [14, 23, 15, 24]]"
12a_0916_30,"[[14, 23, 15, 24], [16, 1, 17, 2], [18, 8, 19, 7], [20, 3, 21, 4], [22, 11, 23, 12], [24, 15, 1, 16], [2, 17, 3, 18], [4, 10, 5, 9], [6, 14, 7, 13], [8, 20, 9, 19], [10, 21, 11, 22], [12, 6, 13, 5]]"
12a_0916_31,"[[12, 6, 13, 5], [14, 23, 15, 24], [16, 1, 17, 2], [18, 8, 19, 7], [20, 3, 21, 4], [22, 11, 23, 12], [24, 15, 1, 16], [2, 17, 3, 18], [4, 10, 5, 9], [6, 14, 7, 13], [8, 20, 9, 19], [10, 21, 11, 22]]"
12a_0916_32,"[[10, 21, 11, 22], [12, 6, 13, 5], [14, 23, 15, 24], [16, 1, 17, 2], [18, 8, 19, 7], [20, 3, 21, 4], [22, 11, 23, 12], [24, 15, 1, 16], [2, 17, 3, 18], [4, 10, 5, 9], [6, 14, 7, 13], [8, 20, 9, 19]]"
12a_0916_33,"[[8, 20, 9, 19], [10, 21, 11, 22], [12, 6, 13, 5], [14, 23, 15, 24], [16, 1, 17, 2], [18, 8, 19, 7], [20, 3, 21, 4], [22, 11, 23, 12], [24, 15, 1, 16], [2, 17, 3, 18], [4, 10, 5, 9], [6, 14, 7, 13]]"
12a_0916_34,"[[6, 14, 7, 13], [8, 20, 9, 19], [10, 21, 11, 22], [12, 6, 13, 5], [14, 23, 15, 24], [16, 1, 17, 2], [18, 8, 19, 7], [20, 3, 21, 4], [22, 11, 23, 12], [24, 15, 1, 16], [2, 17, 3, 18], [4, 10, 5, 9]]"
12a_0916_35,"[[4, 10, 5, 9], [6, 14, 7, 13], [8, 20, 9, 19], [10, 21, 11, 22], [12, 6, 13, 5], [14, 23, 15, 24], [16, 1, 17, 2], [18, 8, 19, 7], [20, 3, 21, 4], [22, 11, 23, 12], [24, 15, 1, 16], [2, 17, 3, 18]]"
12a_0916_36,"[[3, 18, 4, 19], [5, 11, 6, 10], [7, 15, 8, 14], [9, 21, 10, 20], [11, 22, 12, 23], [13, 7, 14, 6], [15, 24, 16, 1], [17, 2, 18, 3], [19, 9, 20, 8], [21, 4, 22, 5], [23, 12, 24, 13], [1, 16, 2, 17]]"
12a_0916_37,"[[1, 16, 2, 17], [3, 18, 4, 19], [5, 11, 6, 10], [7, 15, 8, 14], [9, 21, 10, 20], [11, 22, 12, 23], [13, 7, 14, 6], [15, 24, 16, 1], [17, 2, 18, 3], [19, 9, 20, 8], [21, 4, 22, 5], [23, 12, 24, 13]]"
12a_0916_38,"[[23, 12, 24, 13], [1, 16, 2, 17], [3, 18, 4, 19], [5, 11, 6, 10], [7, 15, 8, 14], [9, 21, 10, 20], [11, 22, 12, 23], [13, 7, 14, 6], [15, 24, 16, 1], [17, 2, 18, 3], [19, 9, 20, 8], [21, 4, 22, 5]]"
12a_0916_39,"[[21, 4, 22, 5], [23, 12, 24, 13], [1, 16, 2, 17], [3, 18, 4, 19], [5, 11, 6, 10], [7, 15, 8, 14], [9, 21, 10, 20], [11, 22, 12, 23], [13, 7, 14, 6], [15, 24, 16, 1], [17, 2, 18, 3], [19, 9, 20, 8]]"
12a_0916_40,"[[19, 9, 20, 8], [21, 4, 22, 5], [23, 12, 24, 13], [1, 16, 2, 17], [3, 18, 4, 19], [5, 11, 6, 10], [7, 15, 8, 14], [9, 21, 10, 20], [11, 22, 12, 23], [13, 7, 14, 6], [15, 24, 16, 1], [17, 2, 18, 3]]"
12a_0916_41,"[[17, 2, 18, 3], [19, 9, 20, 8], [21, 4, 22, 5], [23, 12, 24, 13], [1, 16, 2, 17], [3, 18, 4, 19], [5, 11, 6, 10], [7, 15, 8, 14], [9, 21, 10, 20], [11, 22, 12, 23], [13, 7, 14, 6], [15, 24, 16, 1]]"
12a_0916_42,"[[15, 24, 16, 1], [17, 2, 18, 3], [19, 9, 20, 8], [21, 4, 22, 5], [23, 12, 24, 13], [1, 16, 2, 17], [3, 18, 4, 19], [5, 11, 6, 10], [7, 15, 8, 14], [9, 21, 10, 20], [11, 22, 12, 23], [13, 7, 14, 6]]"
12a_0916_43,"[[13, 7, 14, 6], [15, 24, 16, 1], [17, 2, 18, 3], [19, 9, 20, 8], [21, 4, 22, 5], [23, 12, 24, 13], [1, 16, 2, 17], [3, 18, 4, 19], [5, 11, 6, 10], [7, 15, 8, 14], [9, 21, 10, 20], [11, 22, 12, 23]]"
12a_0916_44,"[[11, 22, 12, 23], [13, 7, 14, 6], [15, 24, 16, 1], [17, 2, 18, 3], [19, 9, 20, 8], [21, 4, 22, 5], [23, 12, 24, 13], [1, 16, 2, 17], [3, 18, 4, 19], [5, 11, 6, 10], [7, 15, 8, 14], [9, 21, 10, 20]]"
12a_0916_45,"[[9, 21, 10, 20], [11, 22, 12, 23], [13, 7, 14, 6], [15, 24, 16, 1], [17, 2, 18, 3], [19, 9, 20, 8], [21, 4, 22, 5], [23, 12, 24, 13], [1, 16, 2, 17], [3, 18, 4, 19], [5, 11, 6, 10], [7, 15, 8, 14]]"
12a_0916_46,"[[7, 15, 8, 14], [9, 21, 10, 20], [11, 22, 12, 23], [13, 7, 14, 6], [15, 24, 16, 1], [17, 2, 18, 3], [19, 9, 20, 8], [21, 4, 22, 5], [23, 12, 24, 13], [1, 16, 2, 17], [3, 18, 4, 19], [5, 11, 6, 10]]"
12a_0916_47,"[[5, 11, 6, 10], [7, 15, 8, 14], [9, 21, 10, 20], [11, 22, 12, 23], [13, 7, 14, 6], [15, 24, 16, 1], [17, 2, 18, 3], [19, 9, 20, 8], [21, 4, 22, 5], [23, 12, 24, 13], [1, 16, 2, 17], [3, 18, 4, 19]]"
12a_0916_48,"[[4, 19, 5, 20], [6, 12, 7, 11], [8, 16, 9, 15], [10, 22, 11, 21], [12, 23, 13, 24], [14, 8, 15, 7], [16, 1, 17, 2], [18, 3, 19, 4], [20, 10, 21, 9], [22, 5, 23, 6], [24, 13, 1, 14], [2, 17, 3, 18]]"
12a_0916_49,"[[2, 17, 3, 18], [4, 19, 5, 20], [6, 12, 7, 11], [8, 16, 9, 15], [10, 22, 11, 21], [12, 23, 13, 24], [14, 8, 15, 7], [16, 1, 17, 2], [18, 3, 19, 4], [20, 10, 21, 9], [22, 5, 23, 6], [24, 13, 1, 14]]"
12a_0916_50,"[[24, 13, 1, 14], [2, 17, 3, 18], [4, 19, 5, 20], [6, 12, 7, 11], [8, 16, 9, 15], [10, 22, 11, 21], [12, 23, 13, 24], [14, 8, 15, 7], [16, 1, 17, 2], [18, 3, 19, 4], [20, 10, 21, 9], [22, 5, 23, 6]]"
12a_0916_51,"[[22, 5, 23, 6], [24, 13, 1, 14], [2, 17, 3, 18], [4, 19, 5, 20], [6, 12, 7, 11], [8, 16, 9, 15], [10, 22, 11, 21], [12, 23, 13, 24], [14, 8, 15, 7], [16, 1, 17, 2], [18, 3, 19, 4], [20, 10, 21, 9]]"
12a_0916_52,"[[20, 10, 21, 9], [22, 5, 23, 6], [24, 13, 1, 14], [2, 17, 3, 18], [4, 19, 5, 20], [6, 12, 7, 11], [8, 16, 9, 15], [10, 22, 11, 21], [12, 23, 13, 24], [14, 8, 15, 7], [16, 1, 17, 2], [18, 3, 19, 4]]"
12a_0916_53,"[[18, 3, 19, 4], [20, 10, 21, 9], [22, 5, 23, 6], [24, 13, 1, 14], [2, 17, 3, 18], [4, 19, 5, 20], [6, 12, 7, 11], [8, 16, 9, 15], [10, 22, 11, 21], [12, 23, 13, 24], [14, 8, 15, 7], [16, 1, 17, 2]]"
12a_0916_54,"[[16, 1, 17, 2], [18, 3, 19, 4], [20, 10, 21, 9], [22, 5, 23, 6], [24, 13, 1, 14], [2, 17, 3, 18], [4, 19, 5, 20], [6, 12, 7, 11], [8, 16, 9, 15], [10, 22, 11, 21], [12, 23, 13, 24], [14, 8, 15, 7]]"
12a_0916_55,"[[14, 8, 15, 7], [16, 1, 17, 2], [18, 3, 19, 4], [20, 10, 21, 9], [22, 5, 23, 6], [24, 13, 1, 14], [2, 17, 3, 18], [4, 19, 5, 20], [6, 12, 7, 11], [8, 16, 9, 15], [10, 22, 11, 21], [12, 23, 13, 24]]"
12a_0916_56,"[[12, 23, 13, 24], [14, 8, 15, 7], [16, 1, 17, 2], [18, 3, 19, 4], [20, 10, 21, 9], [22, 5, 23, 6], [24, 13, 1, 14], [2, 17, 3, 18], [4, 19, 5, 20], [6, 12, 7, 11], [8, 16, 9, 15], [10, 22, 11, 21]]"
12a_0916_57,"[[10, 22, 11, 21], [12, 23, 13, 24], [14, 8, 15, 7], [16, 1, 17, 2], [18, 3, 19, 4], [20, 10, 21, 9], [22, 5, 23, 6], [24, 13, 1, 14], [2, 17, 3, 18], [4, 19, 5, 20], [6, 12, 7, 11], [8, 16, 9, 15]]"
12a_0916_58,"[[8, 16, 9, 15], [10, 22, 11, 21], [12, 23, 13, 24], [14, 8, 15, 7], [16, 1, 17, 2], [18, 3, 19, 4], [20, 10, 21, 9], [22, 5, 23, 6], [24, 13, 1, 14], [2, 17, 3, 18], [4, 19, 5, 20], [6, 12, 7, 11]]"
12a_0916_59,"[[6, 12, 7, 11], [8, 16, 9, 15], [10, 22, 11, 21], [12, 23, 13, 24], [14, 8, 15, 7], [16, 1, 17, 2], [18, 3, 19, 4], [20, 10, 21, 9], [22, 5, 23, 6], [24, 13, 1, 14], [2, 17, 3, 18], [4, 19, 5, 20]]"
12a_0916_60,"[[5, 20, 6, 21], [7, 13, 8, 12], [9, 17, 10, 16], [11, 23, 12, 22], [13, 24, 14, 1], [15, 9, 16, 8], [17, 2, 18, 3], [19, 4, 20, 5], [21, 11, 22, 10], [23, 6, 24, 7], [1, 14, 2, 15], [3, 18, 4, 19]]"
12a_0916_61,"[[3, 18, 4, 19], [5, 20, 6, 21], [7, 13, 8, 12], [9, 17, 10, 16], [11, 23, 12, 22], [13, 24, 14, 1], [15, 9, 16, 8], [17, 2, 18, 3], [19, 4, 20, 5], [21, 11, 22, 10], [23, 6, 24, 7], [1, 14, 2, 15]]"
12a_0916_62,"[[1, 14, 2, 15], [3, 18, 4, 19], [5, 20, 6, 21], [7, 13, 8, 12], [9, 17, 10, 16], [11, 23, 12, 22], [13, 24, 14, 1], [15, 9, 16, 8], [17, 2, 18, 3], [19, 4, 20, 5], [21, 11, 22, 10], [23, 6, 24, 7]]"
12a_0916_63,"[[23, 6, 24, 7], [1, 14, 2, 15], [3, 18, 4, 19], [5, 20, 6, 21], [7, 13, 8, 12], [9, 17, 10, 16], [11, 23, 12, 22], [13, 24, 14, 1], [15, 9, 16, 8], [17, 2, 18, 3], [19, 4, 20, 5], [21, 11, 22, 10]]"
12a_0916_64,"[[21, 11, 22, 10], [23, 6, 24, 7], [1, 14, 2, 15], [3, 18, 4, 19], [5, 20, 6, 21], [7, 13, 8, 12], [9, 17, 10, 16], [11, 23, 12, 22], [13, 24, 14, 1], [15, 9, 16, 8], [17, 2, 18, 3], [19, 4, 20, 5]]"
12a_0916_65,"[[19, 4, 20, 5], [21, 11, 22, 10], [23, 6, 24, 7], [1, 14, 2, 15], [3, 18, 4, 19], [5, 20, 6, 21], [7, 13, 8, 12], [9, 17, 10, 16], [11, 23, 12, 22], [13, 24, 14, 1], [15, 9, 16, 8], [17, 2, 18, 3]]"
12a_0916_66,"[[17, 2, 18, 3], [19, 4, 20, 5], [21, 11, 22, 10], [23, 6, 24, 7], [1, 14, 2, 15], [3, 18, 4, 19], [5, 20, 6, 21], [7, 13, 8, 12], [9, 17, 10, 16], [11, 23, 12, 22], [13, 24, 14, 1], [15, 9, 16, 8]]"
12a_0916_67,"[[15, 9, 16, 8], [17, 2, 18, 3], [19, 4, 20, 5], [21, 11, 22, 10], [23, 6, 24, 7], [1, 14, 2, 15], [3, 18, 4, 19], [5, 20, 6, 21], [7, 13, 8, 12], [9, 17, 10, 16], [11, 23, 12, 22], [13, 24, 14, 1]]"
12a_0916_68,"[[13, 24, 14, 1], [15, 9, 16, 8], [17, 2, 18, 3], [19, 4, 20, 5], [21, 11, 22, 10], [23, 6, 24, 7], [1, 14, 2, 15], [3, 18, 4, 19], [5, 20, 6, 21], [7, 13, 8, 12], [9, 17, 10, 16], [11, 23, 12, 22]]"
12a_0916_69,"[[11, 23, 12, 22], [13, 24, 14, 1], [15, 9, 16, 8], [17, 2, 18, 3], [19, 4, 20, 5], [21, 11, 22, 10], [23, 6, 24, 7], [1, 14, 2, 15], [3, 18, 4, 19], [5, 20, 6, 21], [7, 13, 8, 12], [9, 17, 10, 16]]"
12a_0916_70,"[[9, 17, 10, 16], [11, 23, 12, 22], [13, 24, 14, 1], [15, 9, 16, 8], [17, 2, 18, 3], [19, 4, 20, 5], [21, 11, 22, 10], [23, 6, 24, 7], [1, 14, 2, 15], [3, 18, 4, 19], [5, 20, 6, 21], [7, 13, 8, 12]]"
12a_0916_71,"[[7, 13, 8, 12], [9, 17, 10, 16], [11, 23, 12, 22], [13, 24, 14, 1], [15, 9, 16, 8], [17, 2, 18, 3], [19, 4, 20, 5], [21, 11, 22, 10], [23, 6, 24, 7], [1, 14, 2, 15], [3, 18, 4, 19], [5, 20, 6, 21]]"
12a_0916_72,"[[6, 21, 7, 22], [8, 14, 9, 13], [10, 18, 11, 17], [12, 24, 13, 23], [14, 1, 15, 2], [16, 10, 17, 9], [18, 3, 19, 4], [20, 5, 21, 6], [22, 12, 23, 11], [24, 7, 1, 8], [2, 15, 3, 16], [4, 19, 5, 20]]"
12a_0916_73,"[[4, 19, 5, 20], [6, 21, 7, 22], [8, 14, 9, 13], [10, 18, 11, 17], [12, 24, 13, 23], [14, 1, 15, 2], [16, 10, 17, 9], [18, 3, 19, 4], [20, 5, 21, 6], [22, 12, 23, 11], [24, 7, 1, 8], [2, 15, 3, 16]]"
12a_0916_74,"[[2, 15, 3, 16], [4, 19, 5, 20], [6, 21, 7, 22], [8, 14, 9, 13], [10, 18, 11, 17], [12, 24, 13, 23], [14, 1, 15, 2], [16, 10, 17, 9], [18, 3, 19, 4], [20, 5, 21, 6], [22, 12, 23, 11], [24, 7, 1, 8]]"
12a_0916_75,"[[24, 7, 1, 8], [2, 15, 3, 16], [4, 19, 5, 20], [6, 21, 7, 22], [8, 14, 9, 13], [10, 18, 11, 17], [12, 24, 13, 23], [14, 1, 15, 2], [16, 10, 17, 9], [18, 3, 19, 4], [20, 5, 21, 6], [22, 12, 23, 11]]"
12a_0916_76,"[[22, 12, 23, 11], [24, 7, 1, 8], [2, 15, 3, 16], [4, 19, 5, 20], [6, 21, 7, 22], [8, 14, 9, 13], [10, 18, 11, 17], [12, 24, 13, 23], [14, 1, 15, 2], [16, 10, 17, 9], [18, 3, 19, 4], [20, 5, 21, 6]]"
12a_0916_77,"[[20, 5, 21, 6], [22, 12, 23, 11], [24, 7, 1, 8], [2, 15, 3, 16], [4, 19, 5, 20], [6, 21, 7, 22], [8, 14, 9, 13], [10, 18, 11, 17], [12, 24, 13, 23], [14, 1, 15, 2], [16, 10, 17, 9], [18, 3, 19, 4]]"
12a_0916_78,"[[18, 3, 19, 4], [20, 5, 21, 6], [22, 12, 23, 11], [24, 7, 1, 8], [2, 15, 3, 16], [4, 19, 5, 20], [6, 21, 7, 22], [8, 14, 9, 13], [10, 18, 11, 17], [12, 24, 13, 23], [14, 1, 15, 2], [16, 10, 17, 9]]"
12a_0916_79,"[[16, 10, 17, 9], [18, 3, 19, 4], [20, 5, 21, 6], [22, 12, 23, 11], [24, 7, 1, 8], [2, 15, 3, 16], [4, 19, 5, 20], [6, 21, 7, 22], [8, 14, 9, 13], [10, 18, 11, 17], [12, 24, 13, 23], [14, 1, 15, 2]]"
12a_0916_80,"[[14, 1, 15, 2], [16, 10, 17, 9], [18, 3, 19, 4], [20, 5, 21, 6], [22, 12, 23, 11], [24, 7, 1, 8], [2, 15, 3, 16], [4, 19, 5, 20], [6, 21, 7, 22], [8, 14, 9, 13], [10, 18, 11, 17], [12, 24, 13, 23]]"
12a_0916_81,"[[12, 24, 13, 23], [14, 1, 15, 2], [16, 10, 17, 9], [18, 3, 19, 4], [20, 5, 21, 6], [22, 12, 23, 11], [24, 7, 1, 8], [2, 15, 3, 16], [4, 19, 5, 20], [6, 21, 7, 22], [8, 14, 9, 13], [10, 18, 11, 17]]"
12a_0916_82,"[[10, 18, 11, 17], [12, 24, 13, 23], [14, 1, 15, 2], [16, 10, 17, 9], [18, 3, 19, 4], [20, 5, 21, 6], [22, 12, 23, 11], [24, 7, 1, 8], [2, 15, 3, 16], [4, 19, 5, 20], [6, 21, 7, 22], [8, 14, 9, 13]]"
12a_0916_83,"[[8, 14, 9, 13], [10, 18, 11, 17], [12, 24, 13, 23], [14, 1, 15, 2], [16, 10, 17, 9], [18, 3, 19, 4], [20, 5, 21, 6], [22, 12, 23, 11], [24, 7, 1, 8], [2, 15, 3, 16], [4, 19, 5, 20], [6, 21, 7, 22]]"
12a_0916_84,"[[7, 22, 8, 23], [9, 15, 10, 14], [11, 19, 12, 18], [13, 1, 14, 24], [15, 2, 16, 3], [17, 11, 18, 10], [19, 4, 20, 5], [21, 6, 22, 7], [23, 13, 24, 12], [1, 8, 2, 9], [3, 16, 4, 17], [5, 20, 6, 21]]"
12a_0916_85,"[[5, 20, 6, 21], [7, 22, 8, 23], [9, 15, 10, 14], [11, 19, 12, 18], [13, 1, 14, 24], [15, 2, 16, 3], [17, 11, 18, 10], [19, 4, 20, 5], [21, 6, 22, 7], [23, 13, 24, 12], [1, 8, 2, 9], [3, 16, 4, 17]]"
12a_0916_86,"[[3, 16, 4, 17], [5, 20, 6, 21], [7, 22, 8, 23], [9, 15, 10, 14], [11, 19, 12, 18], [13, 1, 14, 24], [15, 2, 16, 3], [17, 11, 18, 10], [19, 4, 20, 5], [21, 6, 22, 7], [23, 13, 24, 12], [1, 8, 2, 9]]"
12a_0916_87,"[[1, 8, 2, 9], [3, 16, 4, 17], [5, 20, 6, 21], [7, 22, 8, 23], [9, 15, 10, 14], [11, 19, 12, 18], [13, 1, 14, 24], [15, 2, 16, 3], [17, 11, 18, 10], [19, 4, 20, 5], [21, 6, 22, 7], [23, 13, 24, 12]]"
12a_0916_88,"[[23, 13, 24, 12], [1, 8, 2, 9], [3, 16, 4, 17], [5, 20, 6, 21], [7, 22, 8, 23], [9, 15, 10, 14], [11, 19, 12, 18], [13, 1, 14, 24], [15, 2, 16, 3], [17, 11, 18, 10], [19, 4, 20, 5], [21, 6, 22, 7]]"
12a_0916_89,"[[21, 6, 22, 7], [23, 13, 24, 12], [1, 8, 2, 9], [3, 16, 4, 17], [5, 20, 6, 21], [7, 22, 8, 23], [9, 15, 10, 14], [11, 19, 12, 18], [13, 1, 14, 24], [15, 2, 16, 3], [17, 11, 18, 10], [19, 4, 20, 5]]"
12a_0916_90,"[[19, 4, 20, 5], [21, 6, 22, 7], [23, 13, 24, 12], [1, 8, 2, 9], [3, 16, 4, 17], [5, 20, 6, 21], [7, 22, 8, 23], [9, 15, 10, 14], [11, 19, 12, 18], [13, 1, 14, 24], [15, 2, 16, 3], [17, 11, 18, 10]]"
12a_0916_91,"[[17, 11, 18, 10], [19, 4, 20, 5], [21, 6, 22, 7], [23, 13, 24, 12], [1, 8, 2, 9], [3, 16, 4, 17], [5, 20, 6, 21], [7, 22, 8, 23], [9, 15, 10, 14], [11, 19, 12, 18], [13, 1, 14, 24], [15, 2, 16, 3]]"
12a_0916_92,"[[15, 2, 16, 3], [17, 11, 18, 10], [19, 4, 20, 5], [21, 6, 22, 7], [23, 13, 24, 12], [1, 8, 2, 9], [3, 16, 4, 17], [5, 20, 6, 21], [7, 22, 8, 23], [9, 15, 10, 14], [11, 19, 12, 18], [13, 1, 14, 24]]"
12a_0916_93,"[[13, 1, 14, 24], [15, 2, 16, 3], [17, 11, 18, 10], [19, 4, 20, 5], [21, 6, 22, 7], [23, 13, 24, 12], [1, 8, 2, 9], [3, 16, 4, 17], [5, 20, 6, 21], [7, 22, 8, 23], [9, 15, 10, 14], [11, 19, 12, 18]]"
12a_0916_94,"[[11, 19, 12, 18], [13, 1, 14, 24], [15, 2, 16, 3], [17, 11, 18, 10], [19, 4, 20, 5], [21, 6, 22, 7], [23, 13, 24, 12], [1, 8, 2, 9], [3, 16, 4, 17], [5, 20, 6, 21], [7, 22, 8, 23], [9, 15, 10, 14]]"
12a_0916_95,"[[9, 15, 10, 14], [11, 19, 12, 18], [13, 1, 14, 24], [15, 2, 16, 3], [17, 11, 18, 10], [19, 4, 20, 5], [21, 6, 22, 7], [23, 13, 24, 12], [1, 8, 2, 9], [3, 16, 4, 17], [5, 20, 6, 21], [7, 22, 8, 23]]"
12a_0916_96,"[[8, 23, 9, 24], [10, 16, 11, 15], [12, 20, 13, 19], [14, 2, 15, 1], [16, 3, 17, 4], [18, 12, 19, 11], [20, 5, 21, 6], [22, 7, 23, 8], [24, 14, 1, 13], [2, 9, 3, 10], [4, 17, 5, 18], [6, 21, 7, 22]]"
12a_0916_97,"[[6, 21, 7, 22], [8, 23, 9, 24], [10, 16, 11, 15], [12, 20, 13, 19], [14, 2, 15, 1], [16, 3, 17, 4], [18, 12, 19, 11], [20, 5, 21, 6], [22, 7, 23, 8], [24, 14, 1, 13], [2, 9, 3, 10], [4, 17, 5, 18]]"
12a_0916_98,"[[4, 17, 5, 18], [6, 21, 7, 22], [8, 23, 9, 24], [10, 16, 11, 15], [12, 20, 13, 19], [14, 2, 15, 1], [16, 3, 17, 4], [18, 12, 19, 11], [20, 5, 21, 6], [22, 7, 23, 8], [24, 14, 1, 13], [2, 9, 3, 10]]"
12a_0916_99,"[[2, 9, 3, 10], [4, 17, 5, 18], [6, 21, 7, 22], [8, 23, 9, 24], [10, 16, 11, 15], [12, 20, 13, 19], [14, 2, 15, 1], [16, 3, 17, 4], [18, 12, 19, 11], [20, 5, 21, 6], [22, 7, 23, 8], [24, 14, 1, 13]]"
12a_0916_100,"[[24, 14, 1, 13], [2, 9, 3, 10], [4, 17, 5, 18], [6, 21, 7, 22], [8, 23, 9, 24], [10, 16, 11, 15], [12, 20, 13, 19], [14, 2, 15, 1], [16, 3, 17, 4], [18, 12, 19, 11], [20, 5, 21, 6], [22, 7, 23, 8]]"
12a_0916_101,"[[22, 7, 23, 8], [24, 14, 1, 13], [2, 9, 3, 10], [4, 17, 5, 18], [6, 21, 7, 22], [8, 23, 9, 24], [10, 16, 11, 15], [12, 20, 13, 19], [14, 2, 15, 1], [16, 3, 17, 4], [18, 12, 19, 11], [20, 5, 21, 6]]"
12a_0916_102,"[[20, 5, 21, 6], [22, 7, 23, 8], [24, 14, 1, 13], [2, 9, 3, 10], [4, 17, 5, 18], [6, 21, 7, 22], [8, 23, 9, 24], [10, 16, 11, 15], [12, 20, 13, 19], [14, 2, 15, 1], [16, 3, 17, 4], [18, 12, 19, 11]]"
12a_0916_103,"[[18, 12, 19, 11], [20, 5, 21, 6], [22, 7, 23, 8], [24, 14, 1, 13], [2, 9, 3, 10], [4, 17, 5, 18], [6, 21, 7, 22], [8, 23, 9, 24], [10, 16, 11, 15], [12, 20, 13, 19], [14, 2, 15, 1], [16, 3, 17, 4]]"
12a_0916_104,"[[16, 3, 17, 4], [18, 12, 19, 11], [20, 5, 21, 6], [22, 7, 23, 8], [24, 14, 1, 13], [2, 9, 3, 10], [4, 17, 5, 18], [6, 21, 7, 22], [8, 23, 9, 24], [10, 16, 11, 15], [12, 20, 13, 19], [14, 2, 15, 1]]"
12a_0916_105,"[[14, 2, 15, 1], [16, 3, 17, 4], [18, 12, 19, 11], [20, 5, 21, 6], [22, 7, 23, 8], [24, 14, 1, 13], [2, 9, 3, 10], [4, 17, 5, 18], [6, 21, 7, 22], [8, 23, 9, 24], [10, 16, 11, 15], [12, 20, 13, 19]]"
12a_0916_106,"[[12, 20, 13, 19], [14, 2, 15, 1], [16, 3, 17, 4], [18, 12, 19, 11], [20, 5, 21, 6], [22, 7, 23, 8], [24, 14, 1, 13], [2, 9, 3, 10], [4, 17, 5, 18], [6, 21, 7, 22], [8, 23, 9, 24], [10, 16, 11, 15]]"
12a_0916_107,"[[10, 16, 11, 15], [12, 20, 13, 19], [14, 2, 15, 1], [16, 3, 17, 4], [18, 12, 19, 11], [20, 5, 21, 6], [22, 7, 23, 8], [24, 14, 1, 13], [2, 9, 3, 10], [4, 17, 5, 18], [6, 21, 7, 22], [8, 23, 9, 24]]"
12a_0916_108,"[[9, 24, 10, 1], [11, 17, 12, 16], [13, 21, 14, 20], [15, 3, 16, 2], [17, 4, 18, 5], [19, 13, 20, 12], [21, 6, 22, 7], [23, 8, 24, 9], [1, 15, 2, 14], [3, 10, 4, 11], [5, 18, 6, 19], [7, 22, 8, 23]]"
12a_0916_109,"[[7, 22, 8, 23], [9, 24, 10, 1], [11, 17, 12, 16], [13, 21, 14, 20], [15, 3, 16, 2], [17, 4, 18, 5], [19, 13, 20, 12], [21, 6, 22, 7], [23, 8, 24, 9], [1, 15, 2, 14], [3, 10, 4, 11], [5, 18, 6, 19]]"
12a_0916_110,"[[5, 18, 6, 19], [7, 22, 8, 23], [9, 24, 10, 1], [11, 17, 12, 16], [13, 21, 14, 20], [15, 3, 16, 2], [17, 4, 18, 5], [19, 13, 20, 12], [21, 6, 22, 7], [23, 8, 24, 9], [1, 15, 2, 14], [3, 10, 4, 11]]"
12a_0916_111,"[[3, 10, 4, 11], [5, 18, 6, 19], [7, 22, 8, 23], [9, 24, 10, 1], [11, 17, 12, 16], [13, 21, 14, 20], [15, 3, 16, 2], [17, 4, 18, 5], [19, 13, 20, 12], [21, 6, 22, 7], [23, 8, 24, 9], [1, 15, 2, 14]]"
12a_0916_112,"[[1, 15, 2, 14], [3, 10, 4, 11], [5, 18, 6, 19], [7, 22, 8, 23], [9, 24, 10, 1], [11, 17, 12, 16], [13, 21, 14, 20], [15, 3, 16, 2], [17, 4, 18, 5], [19, 13, 20, 12], [21, 6, 22, 7], [23, 8, 24, 9]]"
12a_0916_113,"[[23, 8, 24, 9], [1, 15, 2, 14], [3, 10, 4, 11], [5, 18, 6, 19], [7, 22, 8, 23], [9, 24, 10, 1], [11, 17, 12, 16], [13, 21, 14, 20], [15, 3, 16, 2], [17, 4, 18, 5], [19, 13, 20, 12], [21, 6, 22, 7]]"
12a_0916_114,"[[21, 6, 22, 7], [23, 8, 24, 9], [1, 15, 2, 14], [3, 10, 4, 11], [5, 18, 6, 19], [7, 22, 8, 23], [9, 24, 10, 1], [11, 17, 12, 16], [13, 21, 14, 20], [15, 3, 16, 2], [17, 4, 18, 5], [19, 13, 20, 12]]"
12a_0916_115,"[[19, 13, 20, 12], [21, 6, 22, 7], [23, 8, 24, 9], [1, 15, 2, 14], [3, 10, 4, 11], [5, 18, 6, 19], [7, 22, 8, 23], [9, 24, 10, 1], [11, 17, 12, 16], [13, 21, 14, 20], [15, 3, 16, 2], [17, 4, 18, 5]]"
12a_0916_116,"[[17, 4, 18, 5], [19, 13, 20, 12], [21, 6, 22, 7], [23, 8, 24, 9], [1, 15, 2, 14], [3, 10, 4, 11], [5, 18, 6, 19], [7, 22, 8, 23], [9, 24, 10, 1], [11, 17, 12, 16], [13, 21, 14, 20], [15, 3, 16, 2]]"
12a_0916_117,"[[15, 3, 16, 2], [17, 4, 18, 5], [19, 13, 20, 12], [21, 6, 22, 7], [23, 8, 24, 9], [1, 15, 2, 14], [3, 10, 4, 11], [5, 18, 6, 19], [7, 22, 8, 23], [9, 24, 10, 1], [11, 17, 12, 16], [13, 21, 14, 20]]"
12a_0916_118,"[[13, 21, 14, 20], [15, 3, 16, 2], [17, 4, 18, 5], [19, 13, 20, 12], [21, 6, 22, 7], [23, 8, 24, 9], [1, 15, 2, 14], [3, 10, 4, 11], [5, 18, 6, 19], [7, 22, 8, 23], [9, 24, 10, 1], [11, 17, 12, 16]]"
12a_0916_119,"[[11, 17, 12, 16], [13, 21, 14, 20], [15, 3, 16, 2], [17, 4, 18, 5], [19, 13, 20, 12], [21, 6, 22, 7], [23, 8, 24, 9], [1, 15, 2, 14], [3, 10, 4, 11], [5, 18, 6, 19], [7, 22, 8, 23], [9, 24, 10, 1]]"
12a_0916_120,"[[10, 1, 11, 2], [12, 18, 13, 17], [14, 22, 15, 21], [16, 4, 17, 3], [18, 5, 19, 6], [20, 14, 21, 13], [22, 7, 23, 8], [24, 9, 1, 10], [2, 16, 3, 15], [4, 11, 5, 12], [6, 19, 7, 20], [8, 23, 9, 24]]"
12a_0916_121,"[[8, 23, 9, 24], [10, 1, 11, 2], [12, 18, 13, 17], [14, 22, 15, 21], [16, 4, 17, 3], [18, 5, 19, 6], [20, 14, 21, 13], [22, 7, 23, 8], [24, 9, 1, 10], [2, 16, 3, 15], [4, 11, 5, 12], [6, 19, 7, 20]]"
12a_0916_122,"[[6, 19, 7, 20], [8, 23, 9, 24], [10, 1, 11, 2], [12, 18, 13, 17], [14, 22, 15, 21], [16, 4, 17, 3], [18, 5, 19, 6], [20, 14, 21, 13], [22, 7, 23, 8], [24, 9, 1, 10], [2, 16, 3, 15], [4, 11, 5, 12]]"
12a_0916_123,"[[4, 11, 5, 12], [6, 19, 7, 20], [8, 23, 9, 24], [10, 1, 11, 2], [12, 18, 13, 17], [14, 22, 15, 21], [16, 4, 17, 3], [18, 5, 19, 6], [20, 14, 21, 13], [22, 7, 23, 8], [24, 9, 1, 10], [2, 16, 3, 15]]"
12a_0916_124,"[[2, 16, 3, 15], [4, 11, 5, 12], [6, 19, 7, 20], [8, 23, 9, 24], [10, 1, 11, 2], [12, 18, 13, 17], [14, 22, 15, 21], [16, 4, 17, 3], [18, 5, 19, 6], [20, 14, 21, 13], [22, 7, 23, 8], [24, 9, 1, 10]]"
12a_0916_125,"[[24, 9, 1, 10], [2, 16, 3, 15], [4, 11, 5, 12], [6, 19, 7, 20], [8, 23, 9, 24], [10, 1, 11, 2], [12, 18, 13, 17], [14, 22, 15, 21], [16, 4, 17, 3], [18, 5, 19, 6], [20, 14, 21, 13], [22, 7, 23, 8]]"
12a_0916_126,"[[22, 7, 23, 8], [24, 9, 1, 10], [2, 16, 3, 15], [4, 11, 5, 12], [6, 19, 7, 20], [8, 23, 9, 24], [10, 1, 11, 2], [12, 18, 13, 17], [14, 22, 15, 21], [16, 4, 17, 3], [18, 5, 19, 6], [20, 14, 21, 13]]"
12a_0916_127,"[[20, 14, 21, 13], [22, 7, 23, 8], [24, 9, 1, 10], [2, 16, 3, 15], [4, 11, 5, 12], [6, 19, 7, 20], [8, 23, 9, 24], [10, 1, 11, 2], [12, 18, 13, 17], [14, 22, 15, 21], [16, 4, 17, 3], [18, 5, 19, 6]]"
12a_0916_128,"[[18, 5, 19, 6], [20, 14, 21, 13], [22, 7, 23, 8], [24, 9, 1, 10], [2, 16, 3, 15], [4, 11, 5, 12], [6, 19, 7, 20], [8, 23, 9, 24], [10, 1, 11, 2], [12, 18, 13, 17], [14, 22, 15, 21], [16, 4, 17, 3]]"
12a_0916_129,"[[16, 4, 17, 3], [18, 5, 19, 6], [20, 14, 21, 13], [22, 7, 23, 8], [24, 9, 1, 10], [2, 16, 3, 15], [4, 11, 5, 12], [6, 19, 7, 20], [8, 23, 9, 24], [10, 1, 11, 2], [12, 18, 13, 17], [14, 22, 15, 21]]"
12a_0916_130,"[[14, 22, 15, 21], [16, 4, 17, 3], [18, 5, 19, 6], [20, 14, 21, 13], [22, 7, 23, 8], [24, 9, 1, 10], [2, 16, 3, 15], [4, 11, 5, 12], [6, 19, 7, 20], [8, 23, 9, 24], [10, 1, 11, 2], [12, 18, 13, 17]]"
12a_0916_131,"[[12, 18, 13, 17], [14, 22, 15, 21], [16, 4, 17, 3], [18, 5, 19, 6], [20, 14, 21, 13], [22, 7, 23, 8], [24, 9, 1, 10], [2, 16, 3, 15], [4, 11, 5, 12], [6, 19, 7, 20], [8, 23, 9, 24], [10, 1, 11, 2]]"
12a_0916_132,"[[11, 2, 12, 3], [13, 19, 14, 18], [15, 23, 16, 22], [17, 5, 18, 4], [19, 6, 20, 7], [21, 15, 22, 14], [23, 8, 24, 9], [1, 10, 2, 11], [3, 17, 4, 16], [5, 12, 6, 13], [7, 20, 8, 21], [9, 24, 10, 1]]"
12a_0916_133,"[[9, 24, 10, 1], [11, 2, 12, 3], [13, 19, 14, 18], [15, 23, 16, 22], [17, 5, 18, 4], [19, 6, 20, 7], [21, 15, 22, 14], [23, 8, 24, 9], [1, 10, 2, 11], [3, 17, 4, 16], [5, 12, 6, 13], [7, 20, 8, 21]]"
12a_0916_134,"[[7, 20, 8, 21], [9, 24, 10, 1], [11, 2, 12, 3], [13, 19, 14, 18], [15, 23, 16, 22], [17, 5, 18, 4], [19, 6, 20, 7], [21, 15, 22, 14], [23, 8, 24, 9], [1, 10, 2, 11], [3, 17, 4, 16], [5, 12, 6, 13]]"
12a_0916_135,"[[5, 12, 6, 13], [7, 20, 8, 21], [9, 24, 10, 1], [11, 2, 12, 3], [13, 19, 14, 18], [15, 23, 16, 22], [17, 5, 18, 4], [19, 6, 20, 7], [21, 15, 22, 14], [23, 8, 24, 9], [1, 10, 2, 11], [3, 17, 4, 16]]"
12a_0916_136,"[[3, 17, 4, 16], [5, 12, 6, 13], [7, 20, 8, 21], [9, 24, 10, 1], [11, 2, 12, 3], [13, 19, 14, 18], [15, 23, 16, 22], [17, 5, 18, 4], [19, 6, 20, 7], [21, 15, 22, 14], [23, 8, 24, 9], [1, 10, 2, 11]]"
12a_0916_137,"[[1, 10, 2, 11], [3, 17, 4, 16], [5, 12, 6, 13], [7, 20, 8, 21], [9, 24, 10, 1], [11, 2, 12, 3], [13, 19, 14, 18], [15, 23, 16, 22], [17, 5, 18, 4], [19, 6, 20, 7], [21, 15, 22, 14], [23, 8, 24, 9]]"
12a_0916_138,"[[23, 8, 24, 9], [1, 10, 2, 11], [3, 17, 4, 16], [5, 12, 6, 13], [7, 20, 8, 21], [9, 24, 10, 1], [11, 2, 12, 3], [13, 19, 14, 18], [15, 23, 16, 22], [17, 5, 18, 4], [19, 6, 20, 7], [21, 15, 22, 14]]"
12a_0916_139,"[[21, 15, 22, 14], [23, 8, 24, 9], [1, 10, 2, 11], [3, 17, 4, 16], [5, 12, 6, 13], [7, 20, 8, 21], [9, 24, 10, 1], [11, 2, 12, 3], [13, 19, 14, 18], [15, 23, 16, 22], [17, 5, 18, 4], [19, 6, 20, 7]]"
12a_0916_140,"[[19, 6, 20, 7], [21, 15, 22, 14], [23, 8, 24, 9], [1, 10, 2, 11], [3, 17, 4, 16], [5, 12, 6, 13], [7, 20, 8, 21], [9, 24, 10, 1], [11, 2, 12, 3], [13, 19, 14, 18], [15, 23, 16, 22], [17, 5, 18, 4]]"
12a_0916_141,"[[17, 5, 18, 4], [19, 6, 20, 7], [21, 15, 22, 14], [23, 8, 24, 9], [1, 10, 2, 11], [3, 17, 4, 16], [5, 12, 6, 13], [7, 20, 8, 21], [9, 24, 10, 1], [11, 2, 12, 3], [13, 19, 14, 18], [15, 23, 16, 22]]"
12a_0916_142,"[[15, 23, 16, 22], [17, 5, 18, 4], [19, 6, 20, 7], [21, 15, 22, 14], [23, 8, 24, 9], [1, 10, 2, 11], [3, 17, 4, 16], [5, 12, 6, 13], [7, 20, 8, 21], [9, 24, 10, 1], [11, 2, 12, 3], [13, 19, 14, 18]]"
12a_0916_143,"[[13, 19, 14, 18], [15, 23, 16, 22], [17, 5, 18, 4], [19, 6, 20, 7], [21, 15, 22, 14], [23, 8, 24, 9], [1, 10, 2, 11], [3, 17, 4, 16], [5, 12, 6, 13], [7, 20, 8, 21], [9, 24, 10, 1], [11, 2, 12, 3]]"
12a_0916_144,"[[12, 3, 13, 4], [14, 20, 15, 19], [16, 24, 17, 23], [18, 6, 19, 5], [20, 7, 21, 8], [22, 16, 23, 15], [24, 9, 1, 10], [2, 11, 3, 12], [4, 18, 5, 17], [6, 13, 7, 14], [8, 21, 9, 22], [10, 1, 11, 2]]"
12a_0916_145,"[[10, 1, 11, 2], [12, 3, 13, 4], [14, 20, 15, 19], [16, 24, 17, 23], [18, 6, 19, 5], [20, 7, 21, 8], [22, 16, 23, 15], [24, 9, 1, 10], [2, 11, 3, 12], [4, 18, 5, 17], [6, 13, 7, 14], [8, 21, 9, 22]]"
12a_0916_146,"[[8, 21, 9, 22], [10, 1, 11, 2], [12, 3, 13, 4], [14, 20, 15, 19], [16, 24, 17, 23], [18, 6, 19, 5], [20, 7, 21, 8], [22, 16, 23, 15], [24, 9, 1, 10], [2, 11, 3, 12], [4, 18, 5, 17], [6, 13, 7, 14]]"
12a_0916_147,"[[6, 13, 7, 14], [8, 21, 9, 22], [10, 1, 11, 2], [12, 3, 13, 4], [14, 20, 15, 19], [16, 24, 17, 23], [18, 6, 19, 5], [20, 7, 21, 8], [22, 16, 23, 15], [24, 9, 1, 10], [2, 11, 3, 12], [4, 18, 5, 17]]"
12a_0916_148,"[[4, 18, 5, 17], [6, 13, 7, 14], [8, 21, 9, 22], [10, 1, 11, 2], [12, 3, 13, 4], [14, 20, 15, 19], [16, 24, 17, 23], [18, 6, 19, 5], [20, 7, 21, 8], [22, 16, 23, 15], [24, 9, 1, 10], [2, 11, 3, 12]]"
12a_0916_149,"[[2, 11, 3, 12], [4, 18, 5, 17], [6, 13, 7, 14], [8, 21, 9, 22], [10, 1, 11, 2], [12, 3, 13, 4], [14, 20, 15, 19], [16, 24, 17, 23], [18, 6, 19, 5], [20, 7, 21, 8], [22, 16, 23, 15], [24, 9, 1, 10]]"
12a_0916_150,"[[24, 9, 1, 10], [2, 11, 3, 12], [4, 18, 5, 17], [6, 13, 7, 14], [8, 21, 9, 22], [10, 1, 11, 2], [12, 3, 13, 4], [14, 20, 15, 19], [16, 24, 17, 23], [18, 6, 19, 5], [20, 7, 21, 8], [22, 16, 23, 15]]"
12a_0916_151,"[[22, 16, 23, 15], [24, 9, 1, 10], [2, 11, 3, 12], [4, 18, 5, 17], [6, 13, 7, 14], [8, 21, 9, 22], [10, 1, 11, 2], [12, 3, 13, 4], [14, 20, 15, 19], [16, 24, 17, 23], [18, 6, 19, 5], [20, 7, 21, 8]]"
12a_0916_152,"[[20, 7, 21, 8], [22, 16, 23, 15], [24, 9, 1, 10], [2, 11, 3, 12], [4, 18, 5, 17], [6, 13, 7, 14], [8, 21, 9, 22], [10, 1, 11, 2], [12, 3, 13, 4], [14, 20, 15, 19], [16, 24, 17, 23], [18, 6, 19, 5]]"
12a_0916_153,"[[18, 6, 19, 5], [20, 7, 21, 8], [22, 16, 23, 15], [24, 9, 1, 10], [2, 11, 3, 12], [4, 18, 5, 17], [6, 13, 7, 14], [8, 21, 9, 22], [10, 1, 11, 2], [12, 3, 13, 4], [14, 20, 15, 19], [16, 24, 17, 23]]"
12a_0916_154,"[[16, 24, 17, 23], [18, 6, 19, 5], [20, 7, 21, 8], [22, 16, 23, 15], [24, 9, 1, 10], [2, 11, 3, 12], [4, 18, 5, 17], [6, 13, 7, 14], [8, 21, 9, 22], [10, 1, 11, 2], [12, 3, 13, 4], [14, 20, 15, 19]]"
12a_0916_155,"[[14, 20, 15, 19], [16, 24, 17, 23], [18, 6, 19, 5], [20, 7, 21, 8], [22, 16, 23, 15], [24, 9, 1, 10], [2, 11, 3, 12], [4, 18, 5, 17], [6, 13, 7, 14], [8, 21, 9, 22], [10, 1, 11, 2], [12, 3, 13, 4]]"
12a_0916_156,"[[13, 4, 14, 5], [15, 21, 16, 20], [17, 1, 18, 24], [19, 7, 20, 6], [21, 8, 22, 9], [23, 17, 24, 16], [1, 10, 2, 11], [3, 12, 4, 13], [5, 19, 6, 18], [7, 14, 8, 15], [9, 22, 10, 23], [11, 2, 12, 3]]"
12a_0916_157,"[[11, 2, 12, 3], [13, 4, 14, 5], [15, 21, 16, 20], [17, 1, 18, 24], [19, 7, 20, 6], [21, 8, 22, 9], [23, 17, 24, 16], [1, 10, 2, 11], [3, 12, 4, 13], [5, 19, 6, 18], [7, 14, 8, 15], [9, 22, 10, 23]]"
12a_0916_158,"[[9, 22, 10, 23], [11, 2, 12, 3], [13, 4, 14, 5], [15, 21, 16, 20], [17, 1, 18, 24], [19, 7, 20, 6], [21, 8, 22, 9], [23, 17, 24, 16], [1, 10, 2, 11], [3, 12, 4, 13], [5, 19, 6, 18], [7, 14, 8, 15]]"
12a_0916_159,"[[7, 14, 8, 15], [9, 22, 10, 23], [11, 2, 12, 3], [13, 4, 14, 5], [15, 21, 16, 20], [17, 1, 18, 24], [19, 7, 20, 6], [21, 8, 22, 9], [23, 17, 24, 16], [1, 10, 2, 11], [3, 12, 4, 13], [5, 19, 6, 18]]"
12a_0916_160,"[[5, 19, 6, 18], [7, 14, 8, 15], [9, 22, 10, 23], [11, 2, 12, 3], [13, 4, 14, 5], [15, 21, 16, 20], [17, 1, 18, 24], [19, 7, 20, 6], [21, 8, 22, 9], [23, 17, 24, 16], [1, 10, 2, 11], [3, 12, 4, 13]]"
12a_0916_161,"[[3, 12, 4, 13], [5, 19, 6, 18], [7, 14, 8, 15], [9, 22, 10, 23], [11, 2, 12, 3], [13, 4, 14, 5], [15, 21, 16, 20], [17, 1, 18, 24], [19, 7, 20, 6], [21, 8, 22, 9], [23, 17, 24, 16], [1, 10, 2, 11]]"
12a_0916_162,"[[1, 10, 2, 11], [3, 12, 4, 13], [5, 19, 6, 18], [7, 14, 8, 15], [9, 22, 10, 23], [11, 2, 12, 3], [13, 4, 14, 5], [15, 21, 16, 20], [17, 1, 18, 24], [19, 7, 20, 6], [21, 8, 22, 9], [23, 17, 24, 16]]"
12a_0916_163,"[[23, 17, 24, 16], [1, 10, 2, 11], [3, 12, 4, 13], [5, 19, 6, 18], [7, 14, 8, 15], [9, 22, 10, 23], [11, 2, 12, 3], [13, 4, 14, 5], [15, 21, 16, 20], [17, 1, 18, 24], [19, 7, 20, 6], [21, 8, 22, 9]]"
12a_0916_164,"[[21, 8, 22, 9], [23, 17, 24, 16], [1, 10, 2, 11], [3, 12, 4, 13], [5, 19, 6, 18], [7, 14, 8, 15], [9, 22, 10, 23], [11, 2, 12, 3], [13, 4, 14, 5], [15, 21, 16, 20], [17, 1, 18, 24], [19, 7, 20, 6]]"
12a_0916_165,"[[19, 7, 20, 6], [21, 8, 22, 9], [23, 17, 24, 16], [1, 10, 2, 11], [3, 12, 4, 13], [5, 19, 6, 18], [7, 14, 8, 15], [9, 22, 10, 23], [11, 2, 12, 3], [13, 4, 14, 5], [15, 21, 16, 20], [17, 1, 18, 24]]"
12a_0916_166,"[[17, 1, 18, 24], [19, 7, 20, 6], [21, 8, 22, 9], [23, 17, 24, 16], [1, 10, 2, 11], [3, 12, 4, 13], [5, 19, 6, 18], [7, 14, 8, 15], [9, 22, 10, 23], [11, 2, 12, 3], [13, 4, 14, 5], [15, 21, 16, 20]]"
12a_0916_167,"[[15, 21, 16, 20], [17, 1, 18, 24], [19, 7, 20, 6], [21, 8, 22, 9], [23, 17, 24, 16], [1, 10, 2, 11], [3, 12, 4, 13], [5, 19, 6, 18], [7, 14, 8, 15], [9, 22, 10, 23], [11, 2, 12, 3], [13, 4, 14, 5]]"
12a_0916_168,"[[14, 5, 15, 6], [16, 22, 17, 21], [18, 2, 19, 1], [20, 8, 21, 7], [22, 9, 23, 10], [24, 18, 1, 17], [2, 11, 3, 12], [4, 13, 5, 14], [6, 20, 7, 19], [8, 15, 9, 16], [10, 23, 11, 24], [12, 3, 13, 4]]"
12a_0916_169,"[[12, 3, 13, 4], [14, 5, 15, 6], [16, 22, 17, 21], [18, 2, 19, 1], [20, 8, 21, 7], [22, 9, 23, 10], [24, 18, 1, 17], [2, 11, 3, 12], [4, 13, 5, 14], [6, 20, 7, 19], [8, 15, 9, 16], [10, 23, 11, 24]]"
12a_0916_170,"[[10, 23, 11, 24], [12, 3, 13, 4], [14, 5, 15, 6], [16, 22, 17, 21], [18, 2, 19, 1], [20, 8, 21, 7], [22, 9, 23, 10], [24, 18, 1, 17], [2, 11, 3, 12], [4, 13, 5, 14], [6, 20, 7, 19], [8, 15, 9, 16]]"
12a_0916_171,"[[8, 15, 9, 16], [10, 23, 11, 24], [12, 3, 13, 4], [14, 5, 15, 6], [16, 22, 17, 21], [18, 2, 19, 1], [20, 8, 21, 7], [22, 9, 23, 10], [24, 18, 1, 17], [2, 11, 3, 12], [4, 13, 5, 14], [6, 20, 7, 19]]"
12a_0916_172,"[[6, 20, 7, 19], [8, 15, 9, 16], [10, 23, 11, 24], [12, 3, 13, 4], [14, 5, 15, 6], [16, 22, 17, 21], [18, 2, 19, 1], [20, 8, 21, 7], [22, 9, 23, 10], [24, 18, 1, 17], [2, 11, 3, 12], [4, 13, 5, 14]]"
12a_0916_173,"[[4, 13, 5, 14], [6, 20, 7, 19], [8, 15, 9, 16], [10, 23, 11, 24], [12, 3, 13, 4], [14, 5, 15, 6], [16, 22, 17, 21], [18, 2, 19, 1], [20, 8, 21, 7], [22, 9, 23, 10], [24, 18, 1, 17], [2, 11, 3, 12]]"
12a_0916_174,"[[2, 11, 3, 12], [4, 13, 5, 14], [6, 20, 7, 19], [8, 15, 9, 16], [10, 23, 11, 24], [12, 3, 13, 4], [14, 5, 15, 6], [16, 22, 17, 21], [18, 2, 19, 1], [20, 8, 21, 7], [22, 9, 23, 10], [24, 18, 1, 17]]"
12a_0916_175,"[[24, 18, 1, 17], [2, 11, 3, 12], [4, 13, 5, 14], [6, 20, 7, 19], [8, 15, 9, 16], [10, 23, 11, 24], [12, 3, 13, 4], [14, 5, 15, 6], [16, 22, 17, 21], [18, 2, 19, 1], [20, 8, 21, 7], [22, 9, 23, 10]]"
12a_0916_176,"[[22, 9, 23, 10], [24, 18, 1, 17], [2, 11, 3, 12], [4, 13, 5, 14], [6, 20, 7, 19], [8, 15, 9, 16], [10, 23, 11, 24], [12, 3, 13, 4], [14, 5, 15, 6], [16, 22, 17, 21], [18, 2, 19, 1], [20, 8, 21, 7]]"
12a_0916_177,"[[20, 8, 21, 7], [22, 9, 23, 10], [24, 18, 1, 17], [2, 11, 3, 12], [4, 13, 5, 14], [6, 20, 7, 19], [8, 15, 9, 16], [10, 23, 11, 24], [12, 3, 13, 4], [14, 5, 15, 6], [16, 22, 17, 21], [18, 2, 19, 1]]"
12a_0916_178,"[[18, 2, 19, 1], [20, 8, 21, 7], [22, 9, 23, 10], [24, 18, 1, 17], [2, 11, 3, 12], [4, 13, 5, 14], [6, 20, 7, 19], [8, 15, 9, 16], [10, 23, 11, 24], [12, 3, 13, 4], [14, 5, 15, 6], [16, 22, 17, 21]]"
12a_0916_179,"[[16, 22, 17, 21], [18, 2, 19, 1], [20, 8, 21, 7], [22, 9, 23, 10], [24, 18, 1, 17], [2, 11, 3, 12], [4, 13, 5, 14], [6, 20, 7, 19], [8, 15, 9, 16], [10, 23, 11, 24], [12, 3, 13, 4], [14, 5, 15, 6]]"
12a_0916_180,"[[15, 6, 16, 7], [17, 23, 18, 22], [19, 3, 20, 2], [21, 9, 22, 8], [23, 10, 24, 11], [1, 19, 2, 18], [3, 12, 4, 13], [5, 14, 6, 15], [7, 21, 8, 20], [9, 16, 10, 17], [11, 24, 12, 1], [13, 4, 14, 5]]"
12a_0916_181,"[[13, 4, 14, 5], [15, 6, 16, 7], [17, 23, 18, 22], [19, 3, 20, 2], [21, 9, 22, 8], [23, 10, 24, 11], [1, 19, 2, 18], [3, 12, 4, 13], [5, 14, 6, 15], [7, 21, 8, 20], [9, 16, 10, 17], [11, 24, 12, 1]]"
12a_0916_182,"[[11, 24, 12, 1], [13, 4, 14, 5], [15, 6, 16, 7], [17, 23, 18, 22], [19, 3, 20, 2], [21, 9, 22, 8], [23, 10, 24, 11], [1, 19, 2, 18], [3, 12, 4, 13], [5, 14, 6, 15], [7, 21, 8, 20], [9, 16, 10, 17]]"
12a_0916_183,"[[9, 16, 10, 17], [11, 24, 12, 1], [13, 4, 14, 5], [15, 6, 16, 7], [17, 23, 18, 22], [19, 3, 20, 2], [21, 9, 22, 8], [23, 10, 24, 11], [1, 19, 2, 18], [3, 12, 4, 13], [5, 14, 6, 15], [7, 21, 8, 20]]"
12a_0916_184,"[[7, 21, 8, 20], [9, 16, 10, 17], [11, 24, 12, 1], [13, 4, 14, 5], [15, 6, 16, 7], [17, 23, 18, 22], [19, 3, 20, 2], [21, 9, 22, 8], [23, 10, 24, 11], [1, 19, 2, 18], [3, 12, 4, 13], [5, 14, 6, 15]]"
12a_0916_185,"[[5, 14, 6, 15], [7, 21, 8, 20], [9, 16, 10, 17], [11, 24, 12, 1], [13, 4, 14, 5], [15, 6, 16, 7], [17, 23, 18, 22], [19, 3, 20, 2], [21, 9, 22, 8], [23, 10, 24, 11], [1, 19, 2, 18], [3, 12, 4, 13]]"
