name,pd_notation
12a_0980_0,"[[24, 17, 1, 18], [2, 8, 3, 7], [4, 11, 5, 12], [6, 22, 7, 21], [8, 15, 9, 16], [10, 19, 11, 20], [12, 5, 13, 6], [14, 1, 15, 2], [16, 9, 17, 10], [18, 23, 19, 24], [20, 4, 21, 3], [22, 13, 23, 14]]"
12a_0980_1,"[[22, 13, 23, 14], [24, 17, 1, 18], [2, 8, 3, 7], [4, 11, 5, 12], [6, 22, 7, 21], [8, 15, 9, 16], [10, 19, 11, 20], [12, 5, 13, 6], [14, 1, 15, 2], [16, 9, 17, 10], [18, 23, 19, 24], [20, 4, 21, 3]]"
12a_0980_2,"[[20, 4, 21, 3], [22, 13, 23, 14], [24, 17, 1, 18], [2, 8, 3, 7], [4, 11, 5, 12], [6, 22, 7, 21], [8, 15, 9, 16], [10, 19, 11, 20], [12, 5, 13, 6], [14, 1, 15, 2], [16, 9, 17, 10], [18, 23, 19, 24]]"
12a_0980_3,"[[18, 23, 19, 24], [20, 4, 21, 3], [22, 13, 23, 14], [24, 17, 1, 18], [2, 8, 3, 7], [4, 11, 5, 12], [6, 22, 7, 21], [8, 15, 9, 16], [10, 19, 11, 20], [12, 5, 13, 6], [14, 1, 15, 2], [16, 9, 17, 10]]"
12a_0980_4,"[[16, 9, 17, 10], [18, 23, 19, 24], [20, 4, 21, 3], [22, 13, 23, 14], [24, 17, 1, 18], [2, 8, 3, 7], [4, 11, 5, 12], [6, 22, 7, 21], [8, 15, 9, 16], [10, 19, 11, 20], [12, 5, 13, 6], [14, 1, 15, 2]]"
12a_0980_5,"[[14, 1, 15, 2], [16, 9, 17, 10], [18, 23, 19, 24], [20, 4, 21, 3], [22, 13, 23, 14], [24, 17, 1, 18], [2, 8, 3, 7], [4, 11, 5, 12], [6, 22, 7, 21], [8, 15, 9, 16], [10, 19, 11, 20], [12, 5, 13, 6]]"
12a_0980_6,"[[12, 5, 13, 6], [14, 1, 15, 2], [16, 9, 17, 10], [18, 23, 19, 24], [20, 4, 21, 3], [22, 13, 23, 14], [24, 17, 1, 18], [2, 8, 3, 7], [4, 11, 5, 12], [6, 22, 7, 21], [8, 15, 9, 16], [10, 19, 11, 20]]"
12a_0980_7,"[[10, 19, 11, 20], [12, 5, 13, 6], [14, 1, 15, 2], [16, 9, 17, 10], [18, 23, 19, 24], [20, 4, 21, 3], [22, 13, 23, 14], [24, 17, 1, 18], [2, 8, 3, 7], [4, 11, 5, 12], [6, 22, 7, 21], [8, 15, 9, 16]]"
12a_0980_8,"[[8, 15, 9, 16], [10, 19, 11, 20], [12, 5, 13, 6], [14, 1, 15, 2], [16, 9, 17, 10], [18, 23, 19, 24], [20, 4, 21, 3], [22, 13, 23, 14], [24, 17, 1, 18], [2, 8, 3, 7], [4, 11, 5, 12], [6, 22, 7, 21]]"
12a_0980_9,"[[6, 22, 7, 21], [8, 15, 9, 16], [10, 19, 11, 20], [12, 5, 13, 6], [14, 1, 15, 2], [16, 9, 17, 10], [18, 23, 19, 24], [20, 4, 21, 3], [22, 13, 23, 14], [24, 17, 1, 18], [2, 8, 3, 7], [4, 11, 5, 12]]"
12a_0980_10,"[[4, 11, 5, 12], [6, 22, 7, 21], [8, 15, 9, 16], [10, 19, 11, 20], [12, 5, 13, 6], [14, 1, 15, 2], [16, 9, 17, 10], [18, 23, 19, 24], [20, 4, 21, 3], [22, 13, 23, 14], [24, 17, 1, 18], [2, 8, 3, 7]]"
12a_0980_11,"[[2, 8, 3, 7], [4, 11, 5, 12], [6, 22, 7, 21], [8, 15, 9, 16], [10, 19, 11, 20], [12, 5, 13, 6], [14, 1, 15, 2], [16, 9, 17, 10], [18, 23, 19, 24], [20, 4, 21, 3], [22, 13, 23, 14], [24, 17, 1, 18]]"
12a_0980_12,"[[1, 18, 2, 19], [3, 9, 4, 8], [5, 12, 6, 13], [7, 23, 8, 22], [9, 16, 10, 17], [11, 20, 12, 21], [13, 6, 14, 7], [15, 2, 16, 3], [17, 10, 18, 11], [19, 24, 20, 1], [21, 5, 22, 4], [23, 14, 24, 15]]"
12a_0980_13,"[[23, 14, 24, 15], [1, 18, 2, 19], [3, 9, 4, 8], [5, 12, 6, 13], [7, 23, 8, 22], [9, 16, 10, 17], [11, 20, 12, 21], [13, 6, 14, 7], [15, 2, 16, 3], [17, 10, 18, 11], [19, 24, 20, 1], [21, 5, 22, 4]]"
12a_0980_14,"[[21, 5, 22, 4], [23, 14, 24, 15], [1, 18, 2, 19], [3, 9, 4, 8], [5, 12, 6, 13], [7, 23, 8, 22], [9, 16, 10, 17], [11, 20, 12, 21], [13, 6, 14, 7], [15, 2, 16, 3], [17, 10, 18, 11], [19, 24, 20, 1]]"
12a_0980_15,"[[19, 24, 20, 1], [21, 5, 22, 4], [23, 14, 24, 15], [1, 18, 2, 19], [3, 9, 4, 8], [5, 12, 6, 13], [7, 23, 8, 22], [9, 16, 10, 17], [11, 20, 12, 21], [13, 6, 14, 7], [15, 2, 16, 3], [17, 10, 18, 11]]"
12a_0980_16,"[[17, 10, 18, 11], [19, 24, 20, 1], [21, 5, 22, 4], [23, 14, 24, 15], [1, 18, 2, 19], [3, 9, 4, 8], [5, 12, 6, 13], [7, 23, 8, 22], [9, 16, 10, 17], [11, 20, 12, 21], [13, 6, 14, 7], [15, 2, 16, 3]]"
12a_0980_17,"[[15, 2, 16, 3], [17, 10, 18, 11], [19, 24, 20, 1], [21, 5, 22, 4], [23, 14, 24, 15], [1, 18, 2, 19], [3, 9, 4, 8], [5, 12, 6, 13], [7, 23, 8, 22], [9, 16, 10, 17], [11, 20, 12, 21], [13, 6, 14, 7]]"
12a_0980_18,"[[13, 6, 14, 7], [15, 2, 16, 3], [17, 10, 18, 11], [19, 24, 20, 1], [21, 5, 22, 4], [23, 14, 24, 15], [1, 18, 2, 19], [3, 9, 4, 8], [5, 12, 6, 13], [7, 23, 8, 22], [9, 16, 10, 17], [11, 20, 12, 21]]"
12a_0980_19,"[[11, 20, 12, 21], [13, 6, 14, 7], [15, 2, 16, 3], [17, 10, 18, 11], [19, 24, 20, 1], [21, 5, 22, 4], [23, 14, 24, 15], [1, 18, 2, 19], [3, 9, 4, 8], [5, 12, 6, 13], [7, 23, 8, 22], [9, 16, 10, 17]]"
12a_0980_20,"[[9, 16, 10, 17], [11, 20, 12, 21], [13, 6, 14, 7], [15, 2, 16, 3], [17, 10, 18, 11], [19, 24, 20, 1], [21, 5, 22, 4], [23, 14, 24, 15], [1, 18, 2, 19], [3, 9, 4, 8], [5, 12, 6, 13], [7, 23, 8, 22]]"
12a_0980_21,"[[7, 23, 8, 22], [9, 16, 10, 17], [11, 20, 12, 21], [13, 6, 14, 7], [15, 2, 16, 3], [17, 10, 18, 11], [19, 24, 20, 1], [21, 5, 22, 4], [23, 14, 24, 15], [1, 18, 2, 19], [3, 9, 4, 8], [5, 12, 6, 13]]"
12a_0980_22,"[[5, 12, 6, 13], [7, 23, 8, 22], [9, 16, 10, 17], [11, 20, 12, 21], [13, 6, 14, 7], [15, 2, 16, 3], [17, 10, 18, 11], [19, 24, 20, 1], [21, 5, 22, 4], [23, 14, 24, 15], [1, 18, 2, 19], [3, 9, 4, 8]]"
12a_0980_23,"[[3, 9, 4, 8], [5, 12, 6, 13], [7, 23, 8, 22], [9, 16, 10, 17], [11, 20, 12, 21], [13, 6, 14, 7], [15, 2, 16, 3], [17, 10, 18, 11], [19, 24, 20, 1], [21, 5, 22, 4], [23, 14, 24, 15], [1, 18, 2, 19]]"
12a_0980_24,"[[2, 19, 3, 20], [4, 10, 5, 9], [6, 13, 7, 14], [8, 24, 9, 23], [10, 17, 11, 18], [12, 21, 13, 22], [14, 7, 15, 8], [16, 3, 17, 4], [18, 11, 19, 12], [20, 1, 21, 2], [22, 6, 23, 5], [24, 15, 1, 16]]"
12a_0980_25,"[[24, 15, 1, 16], [2, 19, 3, 20], [4, 10, 5, 9], [6, 13, 7, 14], [8, 24, 9, 23], [10, 17, 11, 18], [12, 21, 13, 22], [14, 7, 15, 8], [16, 3, 17, 4], [18, 11, 19, 12], [20, 1, 21, 2], [22, 6, 23, 5]]"
12a_0980_26,"[[22, 6, 23, 5], [24, 15, 1, 16], [2, 19, 3, 20], [4, 10, 5, 9], [6, 13, 7, 14], [8, 24, 9, 23], [10, 17, 11, 18], [12, 21, 13, 22], [14, 7, 15, 8], [16, 3, 17, 4], [18, 11, 19, 12], [20, 1, 21, 2]]"
12a_0980_27,"[[20, 1, 21, 2], [22, 6, 23, 5], [24, 15, 1, 16], [2, 19, 3, 20], [4, 10, 5, 9], [6, 13, 7, 14], [8, 24, 9, 23], [10, 17, 11, 18], [12, 21, 13, 22], [14, 7, 15, 8], [16, 3, 17, 4], [18, 11, 19, 12]]"
12a_0980_28,"[[18, 11, 19, 12], [20, 1, 21, 2], [22, 6, 23, 5], [24, 15, 1, 16], [2, 19, 3, 20], [4, 10, 5, 9], [6, 13, 7, 14], [8, 24, 9, 23], [10, 17, 11, 18], [12, 21, 13, 22], [14, 7, 15, 8], [16, 3, 17, 4]]"
12a_0980_29,"[[16, 3, 17, 4], [18, 11, 19, 12], [20, 1, 21, 2], [22, 6, 23, 5], [24, 15, 1, 16], [2, 19, 3, 20], [4, 10, 5, 9], [6, 13, 7, 14], [8, 24, 9, 23], [10, 17, 11, 18], [12, 21, 13, 22], [14, 7, 15, 8]]"
12a_0980_30,"[[14, 7, 15, 8], [16, 3, 17, 4], [18, 11, 19, 12], [20, 1, 21, 2], [22, 6, 23, 5], [24, 15, 1, 16], [2, 19, 3, 20], [4, 10, 5, 9], [6, 13, 7, 14], [8, 24, 9, 23], [10, 17, 11, 18], [12, 21, 13, 22]]"
12a_0980_31,"[[12, 21, 13, 22], [14, 7, 15, 8], [16, 3, 17, 4], [18, 11, 19, 12], [20, 1, 21, 2], [22, 6, 23, 5], [24, 15, 1, 16], [2, 19, 3, 20], [4, 10, 5, 9], [6, 13, 7, 14], [8, 24, 9, 23], [10, 17, 11, 18]]"
12a_0980_32,"[[10, 17, 11, 18], [12, 21, 13, 22], [14, 7, 15, 8], [16, 3, 17, 4], [18, 11, 19, 12], [20, 1, 21, 2], [22, 6, 23, 5], [24, 15, 1, 16], [2, 19, 3, 20], [4, 10, 5, 9], [6, 13, 7, 14], [8, 24, 9, 23]]"
12a_0980_33,"[[8, 24, 9, 23], [10, 17, 11, 18], [12, 21, 13, 22], [14, 7, 15, 8], [16, 3, 17, 4], [18, 11, 19, 12], [20, 1, 21, 2], [22, 6, 23, 5], [24, 15, 1, 16], [2, 19, 3, 20], [4, 10, 5, 9], [6, 13, 7, 14]]"
12a_0980_34,"[[6, 13, 7, 14], [8, 24, 9, 23], [10, 17, 11, 18], [12, 21, 13, 22], [14, 7, 15, 8], [16, 3, 17, 4], [18, 11, 19, 12], [20, 1, 21, 2], [22, 6, 23, 5], [24, 15, 1, 16], [2, 19, 3, 20], [4, 10, 5, 9]]"
12a_0980_35,"[[4, 10, 5, 9], [6, 13, 7, 14], [8, 24, 9, 23], [10, 17, 11, 18], [12, 21, 13, 22], [14, 7, 15, 8], [16, 3, 17, 4], [18, 11, 19, 12], [20, 1, 21, 2], [22, 6, 23, 5], [24, 15, 1, 16], [2, 19, 3, 20]]"
12a_0980_36,"[[3, 20, 4, 21], [5, 11, 6, 10], [7, 14, 8, 15], [9, 1, 10, 24], [11, 18, 12, 19], [13, 22, 14, 23], [15, 8, 16, 9], [17, 4, 18, 5], [19, 12, 20, 13], [21, 2, 22, 3], [23, 7, 24, 6], [1, 16, 2, 17]]"
12a_0980_37,"[[1, 16, 2, 17], [3, 20, 4, 21], [5, 11, 6, 10], [7, 14, 8, 15], [9, 1, 10, 24], [11, 18, 12, 19], [13, 22, 14, 23], [15, 8, 16, 9], [17, 4, 18, 5], [19, 12, 20, 13], [21, 2, 22, 3], [23, 7, 24, 6]]"
12a_0980_38,"[[23, 7, 24, 6], [1, 16, 2, 17], [3, 20, 4, 21], [5, 11, 6, 10], [7, 14, 8, 15], [9, 1, 10, 24], [11, 18, 12, 19], [13, 22, 14, 23], [15, 8, 16, 9], [17, 4, 18, 5], [19, 12, 20, 13], [21, 2, 22, 3]]"
12a_0980_39,"[[21, 2, 22, 3], [23, 7, 24, 6], [1, 16, 2, 17], [3, 20, 4, 21], [5, 11, 6, 10], [7, 14, 8, 15], [9, 1, 10, 24], [11, 18, 12, 19], [13, 22, 14, 23], [15, 8, 16, 9], [17, 4, 18, 5], [19, 12, 20, 13]]"
12a_0980_40,"[[19, 12, 20, 13], [21, 2, 22, 3], [23, 7, 24, 6], [1, 16, 2, 17], [3, 20, 4, 21], [5, 11, 6, 10], [7, 14, 8, 15], [9, 1, 10, 24], [11, 18, 12, 19], [13, 22, 14, 23], [15, 8, 16, 9], [17, 4, 18, 5]]"
12a_0980_41,"[[17, 4, 18, 5], [19, 12, 20, 13], [21, 2, 22, 3], [23, 7, 24, 6], [1, 16, 2, 17], [3, 20, 4, 21], [5, 11, 6, 10], [7, 14, 8, 15], [9, 1, 10, 24], [11, 18, 12, 19], [13, 22, 14, 23], [15, 8, 16, 9]]"
12a_0980_42,"[[15, 8, 16, 9], [17, 4, 18, 5], [19, 12, 20, 13], [21, 2, 22, 3], [23, 7, 24, 6], [1, 16, 2, 17], [3, 20, 4, 21], [5, 11, 6, 10], [7, 14, 8, 15], [9, 1, 10, 24], [11, 18, 12, 19], [13, 22, 14, 23]]"
12a_0980_43,"[[13, 22, 14, 23], [15, 8, 16, 9], [17, 4, 18, 5], [19, 12, 20, 13], [21, 2, 22, 3], [23, 7, 24, 6], [1, 16, 2, 17], [3, 20, 4, 21], [5, 11, 6, 10], [7, 14, 8, 15], [9, 1, 10, 24], [11, 18, 12, 19]]"
12a_0980_44,"[[11, 18, 12, 19], [13, 22, 14, 23], [15, 8, 16, 9], [17, 4, 18, 5], [19, 12, 20, 13], [21, 2, 22, 3], [23, 7, 24, 6], [1, 16, 2, 17], [3, 20, 4, 21], [5, 11, 6, 10], [7, 14, 8, 15], [9, 1, 10, 24]]"
12a_0980_45,"[[9, 1, 10, 24], [11, 18, 12, 19], [13, 22, 14, 23], [15, 8, 16, 9], [17, 4, 18, 5], [19, 12, 20, 13], [21, 2, 22, 3], [23, 7, 24, 6], [1, 16, 2, 17], [3, 20, 4, 21], [5, 11, 6, 10], [7, 14, 8, 15]]"
12a_0980_46,"[[7, 14, 8, 15], [9, 1, 10, 24], [11, 18, 12, 19], [13, 22, 14, 23], [15, 8, 16, 9], [17, 4, 18, 5], [19, 12, 20, 13], [21, 2, 22, 3], [23, 7, 24, 6], [1, 16, 2, 17], [3, 20, 4, 21], [5, 11, 6, 10]]"
12a_0980_47,"[[5, 11, 6, 10], [7, 14, 8, 15], [9, 1, 10, 24], [11, 18, 12, 19], [13, 22, 14, 23], [15, 8, 16, 9], [17, 4, 18, 5], [19, 12, 20, 13], [21, 2, 22, 3], [23, 7, 24, 6], [1, 16, 2, 17], [3, 20, 4, 21]]"
12a_0980_48,"[[4, 21, 5, 22], [6, 12, 7, 11], [8, 15, 9, 16], [10, 2, 11, 1], [12, 19, 13, 20], [14, 23, 15, 24], [16, 9, 17, 10], [18, 5, 19, 6], [20, 13, 21, 14], [22, 3, 23, 4], [24, 8, 1, 7], [2, 17, 3, 18]]"
12a_0980_49,"[[2, 17, 3, 18], [4, 21, 5, 22], [6, 12, 7, 11], [8, 15, 9, 16], [10, 2, 11, 1], [12, 19, 13, 20], [14, 23, 15, 24], [16, 9, 17, 10], [18, 5, 19, 6], [20, 13, 21, 14], [22, 3, 23, 4], [24, 8, 1, 7]]"
12a_0980_50,"[[24, 8, 1, 7], [2, 17, 3, 18], [4, 21, 5, 22], [6, 12, 7, 11], [8, 15, 9, 16], [10, 2, 11, 1], [12, 19, 13, 20], [14, 23, 15, 24], [16, 9, 17, 10], [18, 5, 19, 6], [20, 13, 21, 14], [22, 3, 23, 4]]"
12a_0980_51,"[[22, 3, 23, 4], [24, 8, 1, 7], [2, 17, 3, 18], [4, 21, 5, 22], [6, 12, 7, 11], [8, 15, 9, 16], [10, 2, 11, 1], [12, 19, 13, 20], [14, 23, 15, 24], [16, 9, 17, 10], [18, 5, 19, 6], [20, 13, 21, 14]]"
12a_0980_52,"[[20, 13, 21, 14], [22, 3, 23, 4], [24, 8, 1, 7], [2, 17, 3, 18], [4, 21, 5, 22], [6, 12, 7, 11], [8, 15, 9, 16], [10, 2, 11, 1], [12, 19, 13, 20], [14, 23, 15, 24], [16, 9, 17, 10], [18, 5, 19, 6]]"
12a_0980_53,"[[18, 5, 19, 6], [20, 13, 21, 14], [22, 3, 23, 4], [24, 8, 1, 7], [2, 17, 3, 18], [4, 21, 5, 22], [6, 12, 7, 11], [8, 15, 9, 16], [10, 2, 11, 1], [12, 19, 13, 20], [14, 23, 15, 24], [16, 9, 17, 10]]"
12a_0980_54,"[[16, 9, 17, 10], [18, 5, 19, 6], [20, 13, 21, 14], [22, 3, 23, 4], [24, 8, 1, 7], [2, 17, 3, 18], [4, 21, 5, 22], [6, 12, 7, 11], [8, 15, 9, 16], [10, 2, 11, 1], [12, 19, 13, 20], [14, 23, 15, 24]]"
12a_0980_55,"[[14, 23, 15, 24], [16, 9, 17, 10], [18, 5, 19, 6], [20, 13, 21, 14], [22, 3, 23, 4], [24, 8, 1, 7], [2, 17, 3, 18], [4, 21, 5, 22], [6, 12, 7, 11], [8, 15, 9, 16], [10, 2, 11, 1], [12, 19, 13, 20]]"
12a_0980_56,"[[12, 19, 13, 20], [14, 23, 15, 24], [16, 9, 17, 10], [18, 5, 19, 6], [20, 13, 21, 14], [22, 3, 23, 4], [24, 8, 1, 7], [2, 17, 3, 18], [4, 21, 5, 22], [6, 12, 7, 11], [8, 15, 9, 16], [10, 2, 11, 1]]"
12a_0980_57,"[[10, 2, 11, 1], [12, 19, 13, 20], [14, 23, 15, 24], [16, 9, 17, 10], [18, 5, 19, 6], [20, 13, 21, 14], [22, 3, 23, 4], [24, 8, 1, 7], [2, 17, 3, 18], [4, 21, 5, 22], [6, 12, 7, 11], [8, 15, 9, 16]]"
12a_0980_58,"[[8, 15, 9, 16], [10, 2, 11, 1], [12, 19, 13, 20], [14, 23, 15, 24], [16, 9, 17, 10], [18, 5, 19, 6], [20, 13, 21, 14], [22, 3, 23, 4], [24, 8, 1, 7], [2, 17, 3, 18], [4, 21, 5, 22], [6, 12, 7, 11]]"
12a_0980_59,"[[6, 12, 7, 11], [8, 15, 9, 16], [10, 2, 11, 1], [12, 19, 13, 20], [14, 23, 15, 24], [16, 9, 17, 10], [18, 5, 19, 6], [20, 13, 21, 14], [22, 3, 23, 4], [24, 8, 1, 7], [2, 17, 3, 18], [4, 21, 5, 22]]"
12a_0980_60,"[[5, 22, 6, 23], [7, 13, 8, 12], [9, 16, 10, 17], [11, 3, 12, 2], [13, 20, 14, 21], [15, 24, 16, 1], [17, 10, 18, 11], [19, 6, 20, 7], [21, 14, 22, 15], [23, 4, 24, 5], [1, 9, 2, 8], [3, 18, 4, 19]]"
12a_0980_61,"[[3, 18, 4, 19], [5, 22, 6, 23], [7, 13, 8, 12], [9, 16, 10, 17], [11, 3, 12, 2], [13, 20, 14, 21], [15, 24, 16, 1], [17, 10, 18, 11], [19, 6, 20, 7], [21, 14, 22, 15], [23, 4, 24, 5], [1, 9, 2, 8]]"
12a_0980_62,"[[1, 9, 2, 8], [3, 18, 4, 19], [5, 22, 6, 23], [7, 13, 8, 12], [9, 16, 10, 17], [11, 3, 12, 2], [13, 20, 14, 21], [15, 24, 16, 1], [17, 10, 18, 11], [19, 6, 20, 7], [21, 14, 22, 15], [23, 4, 24, 5]]"
12a_0980_63,"[[23, 4, 24, 5], [1, 9, 2, 8], [3, 18, 4, 19], [5, 22, 6, 23], [7, 13, 8, 12], [9, 16, 10, 17], [11, 3, 12, 2], [13, 20, 14, 21], [15, 24, 16, 1], [17, 10, 18, 11], [19, 6, 20, 7], [21, 14, 22, 15]]"
12a_0980_64,"[[21, 14, 22, 15], [23, 4, 24, 5], [1, 9, 2, 8], [3, 18, 4, 19], [5, 22, 6, 23], [7, 13, 8, 12], [9, 16, 10, 17], [11, 3, 12, 2], [13, 20, 14, 21], [15, 24, 16, 1], [17, 10, 18, 11], [19, 6, 20, 7]]"
12a_0980_65,"[[19, 6, 20, 7], [21, 14, 22, 15], [23, 4, 24, 5], [1, 9, 2, 8], [3, 18, 4, 19], [5, 22, 6, 23], [7, 13, 8, 12], [9, 16, 10, 17], [11, 3, 12, 2], [13, 20, 14, 21], [15, 24, 16, 1], [17, 10, 18, 11]]"
12a_0980_66,"[[17, 10, 18, 11], [19, 6, 20, 7], [21, 14, 22, 15], [23, 4, 24, 5], [1, 9, 2, 8], [3, 18, 4, 19], [5, 22, 6, 23], [7, 13, 8, 12], [9, 16, 10, 17], [11, 3, 12, 2], [13, 20, 14, 21], [15, 24, 16, 1]]"
12a_0980_67,"[[15, 24, 16, 1], [17, 10, 18, 11], [19, 6, 20, 7], [21, 14, 22, 15], [23, 4, 24, 5], [1, 9, 2, 8], [3, 18, 4, 19], [5, 22, 6, 23], [7, 13, 8, 12], [9, 16, 10, 17], [11, 3, 12, 2], [13, 20, 14, 21]]"
12a_0980_68,"[[13, 20, 14, 21], [15, 24, 16, 1], [17, 10, 18, 11], [19, 6, 20, 7], [21, 14, 22, 15], [23, 4, 24, 5], [1, 9, 2, 8], [3, 18, 4, 19], [5, 22, 6, 23], [7, 13, 8, 12], [9, 16, 10, 17], [11, 3, 12, 2]]"
12a_0980_69,"[[11, 3, 12, 2], [13, 20, 14, 21], [15, 24, 16, 1], [17, 10, 18, 11], [19, 6, 20, 7], [21, 14, 22, 15], [23, 4, 24, 5], [1, 9, 2, 8], [3, 18, 4, 19], [5, 22, 6, 23], [7, 13, 8, 12], [9, 16, 10, 17]]"
12a_0980_70,"[[9, 16, 10, 17], [11, 3, 12, 2], [13, 20, 14, 21], [15, 24, 16, 1], [17, 10, 18, 11], [19, 6, 20, 7], [21, 14, 22, 15], [23, 4, 24, 5], [1, 9, 2, 8], [3, 18, 4, 19], [5, 22, 6, 23], [7, 13, 8, 12]]"
12a_0980_71,"[[7, 13, 8, 12], [9, 16, 10, 17], [11, 3, 12, 2], [13, 20, 14, 21], [15, 24, 16, 1], [17, 10, 18, 11], [19, 6, 20, 7], [21, 14, 22, 15], [23, 4, 24, 5], [1, 9, 2, 8], [3, 18, 4, 19], [5, 22, 6, 23]]"
12a_0980_72,"[[6, 23, 7, 24], [8, 14, 9, 13], [10, 17, 11, 18], [12, 4, 13, 3], [14, 21, 15, 22], [16, 1, 17, 2], [18, 11, 19, 12], [20, 7, 21, 8], [22, 15, 23, 16], [24, 5, 1, 6], [2, 10, 3, 9], [4, 19, 5, 20]]"
12a_0980_73,"[[4, 19, 5, 20], [6, 23, 7, 24], [8, 14, 9, 13], [10, 17, 11, 18], [12, 4, 13, 3], [14, 21, 15, 22], [16, 1, 17, 2], [18, 11, 19, 12], [20, 7, 21, 8], [22, 15, 23, 16], [24, 5, 1, 6], [2, 10, 3, 9]]"
12a_0980_74,"[[2, 10, 3, 9], [4, 19, 5, 20], [6, 23, 7, 24], [8, 14, 9, 13], [10, 17, 11, 18], [12, 4, 13, 3], [14, 21, 15, 22], [16, 1, 17, 2], [18, 11, 19, 12], [20, 7, 21, 8], [22, 15, 23, 16], [24, 5, 1, 6]]"
12a_0980_75,"[[24, 5, 1, 6], [2, 10, 3, 9], [4, 19, 5, 20], [6, 23, 7, 24], [8, 14, 9, 13], [10, 17, 11, 18], [12, 4, 13, 3], [14, 21, 15, 22], [16, 1, 17, 2], [18, 11, 19, 12], [20, 7, 21, 8], [22, 15, 23, 16]]"
12a_0980_76,"[[22, 15, 23, 16], [24, 5, 1, 6], [2, 10, 3, 9], [4, 19, 5, 20], [6, 23, 7, 24], [8, 14, 9, 13], [10, 17, 11, 18], [12, 4, 13, 3], [14, 21, 15, 22], [16, 1, 17, 2], [18, 11, 19, 12], [20, 7, 21, 8]]"
12a_0980_77,"[[20, 7, 21, 8], [22, 15, 23, 16], [24, 5, 1, 6], [2, 10, 3, 9], [4, 19, 5, 20], [6, 23, 7, 24], [8, 14, 9, 13], [10, 17, 11, 18], [12, 4, 13, 3], [14, 21, 15, 22], [16, 1, 17, 2], [18, 11, 19, 12]]"
12a_0980_78,"[[18, 11, 19, 12], [20, 7, 21, 8], [22, 15, 23, 16], [24, 5, 1, 6], [2, 10, 3, 9], [4, 19, 5, 20], [6, 23, 7, 24], [8, 14, 9, 13], [10, 17, 11, 18], [12, 4, 13, 3], [14, 21, 15, 22], [16, 1, 17, 2]]"
12a_0980_79,"[[16, 1, 17, 2], [18, 11, 19, 12], [20, 7, 21, 8], [22, 15, 23, 16], [24, 5, 1, 6], [2, 10, 3, 9], [4, 19, 5, 20], [6, 23, 7, 24], [8, 14, 9, 13], [10, 17, 11, 18], [12, 4, 13, 3], [14, 21, 15, 22]]"
12a_0980_80,"[[14, 21, 15, 22], [16, 1, 17, 2], [18, 11, 19, 12], [20, 7, 21, 8], [22, 15, 23, 16], [24, 5, 1, 6], [2, 10, 3, 9], [4, 19, 5, 20], [6, 23, 7, 24], [8, 14, 9, 13], [10, 17, 11, 18], [12, 4, 13, 3]]"
12a_0980_81,"[[12, 4, 13, 3], [14, 21, 15, 22], [16, 1, 17, 2], [18, 11, 19, 12], [20, 7, 21, 8], [22, 15, 23, 16], [24, 5, 1, 6], [2, 10, 3, 9], [4, 19, 5, 20], [6, 23, 7, 24], [8, 14, 9, 13], [10, 17, 11, 18]]"
12a_0980_82,"[[10, 17, 11, 18], [12, 4, 13, 3], [14, 21, 15, 22], [16, 1, 17, 2], [18, 11, 19, 12], [20, 7, 21, 8], [22, 15, 23, 16], [24, 5, 1, 6], [2, 10, 3, 9], [4, 19, 5, 20], [6, 23, 7, 24], [8, 14, 9, 13]]"
12a_0980_83,"[[8, 14, 9, 13], [10, 17, 11, 18], [12, 4, 13, 3], [14, 21, 15, 22], [16, 1, 17, 2], [18, 11, 19, 12], [20, 7, 21, 8], [22, 15, 23, 16], [24, 5, 1, 6], [2, 10, 3, 9], [4, 19, 5, 20], [6, 23, 7, 24]]"
12a_0980_84,"[[7, 24, 8, 1], [9, 15, 10, 14], [11, 18, 12, 19], [13, 5, 14, 4], [15, 22, 16, 23], [17, 2, 18, 3], [19, 12, 20, 13], [21, 8, 22, 9], [23, 16, 24, 17], [1, 6, 2, 7], [3, 11, 4, 10], [5, 20, 6, 21]]"
12a_0980_85,"[[5, 20, 6, 21], [7, 24, 8, 1], [9, 15, 10, 14], [11, 18, 12, 19], [13, 5, 14, 4], [15, 22, 16, 23], [17, 2, 18, 3], [19, 12, 20, 13], [21, 8, 22, 9], [23, 16, 24, 17], [1, 6, 2, 7], [3, 11, 4, 10]]"
12a_0980_86,"[[3, 11, 4, 10], [5, 20, 6, 21], [7, 24, 8, 1], [9, 15, 10, 14], [11, 18, 12, 19], [13, 5, 14, 4], [15, 22, 16, 23], [17, 2, 18, 3], [19, 12, 20, 13], [21, 8, 22, 9], [23, 16, 24, 17], [1, 6, 2, 7]]"
12a_0980_87,"[[1, 6, 2, 7], [3, 11, 4, 10], [5, 20, 6, 21], [7, 24, 8, 1], [9, 15, 10, 14], [11, 18, 12, 19], [13, 5, 14, 4], [15, 22, 16, 23], [17, 2, 18, 3], [19, 12, 20, 13], [21, 8, 22, 9], [23, 16, 24, 17]]"
12a_0980_88,"[[23, 16, 24, 17], [1, 6, 2, 7], [3, 11, 4, 10], [5, 20, 6, 21], [7, 24, 8, 1], [9, 15, 10, 14], [11, 18, 12, 19], [13, 5, 14, 4], [15, 22, 16, 23], [17, 2, 18, 3], [19, 12, 20, 13], [21, 8, 22, 9]]"
12a_0980_89,"[[21, 8, 22, 9], [23, 16, 24, 17], [1, 6, 2, 7], [3, 11, 4, 10], [5, 20, 6, 21], [7, 24, 8, 1], [9, 15, 10, 14], [11, 18, 12, 19], [13, 5, 14, 4], [15, 22, 16, 23], [17, 2, 18, 3], [19, 12, 20, 13]]"
12a_0980_90,"[[19, 12, 20, 13], [21, 8, 22, 9], [23, 16, 24, 17], [1, 6, 2, 7], [3, 11, 4, 10], [5, 20, 6, 21], [7, 24, 8, 1], [9, 15, 10, 14], [11, 18, 12, 19], [13, 5, 14, 4], [15, 22, 16, 23], [17, 2, 18, 3]]"
12a_0980_91,"[[17, 2, 18, 3], [19, 12, 20, 13], [21, 8, 22, 9], [23, 16, 24, 17], [1, 6, 2, 7], [3, 11, 4, 10], [5, 20, 6, 21], [7, 24, 8, 1], [9, 15, 10, 14], [11, 18, 12, 19], [13, 5, 14, 4], [15, 22, 16, 23]]"
12a_0980_92,"[[15, 22, 16, 23], [17, 2, 18, 3], [19, 12, 20, 13], [21, 8, 22, 9], [23, 16, 24, 17], [1, 6, 2, 7], [3, 11, 4, 10], [5, 20, 6, 21], [7, 24, 8, 1], [9, 15, 10, 14], [11, 18, 12, 19], [13, 5, 14, 4]]"
12a_0980_93,"[[13, 5, 14, 4], [15, 22, 16, 23], [17, 2, 18, 3], [19, 12, 20, 13], [21, 8, 22, 9], [23, 16, 24, 17], [1, 6, 2, 7], [3, 11, 4, 10], [5, 20, 6, 21], [7, 24, 8, 1], [9, 15, 10, 14], [11, 18, 12, 19]]"
12a_0980_94,"[[11, 18, 12, 19], [13, 5, 14, 4], [15, 22, 16, 23], [17, 2, 18, 3], [19, 12, 20, 13], [21, 8, 22, 9], [23, 16, 24, 17], [1, 6, 2, 7], [3, 11, 4, 10], [5, 20, 6, 21], [7, 24, 8, 1], [9, 15, 10, 14]]"
12a_0980_95,"[[9, 15, 10, 14], [11, 18, 12, 19], [13, 5, 14, 4], [15, 22, 16, 23], [17, 2, 18, 3], [19, 12, 20, 13], [21, 8, 22, 9], [23, 16, 24, 17], [1, 6, 2, 7], [3, 11, 4, 10], [5, 20, 6, 21], [7, 24, 8, 1]]"
12a_0980_96,"[[8, 1, 9, 2], [10, 16, 11, 15], [12, 19, 13, 20], [14, 6, 15, 5], [16, 23, 17, 24], [18, 3, 19, 4], [20, 13, 21, 14], [22, 9, 23, 10], [24, 17, 1, 18], [2, 7, 3, 8], [4, 12, 5, 11], [6, 21, 7, 22]]"
12a_0980_97,"[[6, 21, 7, 22], [8, 1, 9, 2], [10, 16, 11, 15], [12, 19, 13, 20], [14, 6, 15, 5], [16, 23, 17, 24], [18, 3, 19, 4], [20, 13, 21, 14], [22, 9, 23, 10], [24, 17, 1, 18], [2, 7, 3, 8], [4, 12, 5, 11]]"
12a_0980_98,"[[4, 12, 5, 11], [6, 21, 7, 22], [8, 1, 9, 2], [10, 16, 11, 15], [12, 19, 13, 20], [14, 6, 15, 5], [16, 23, 17, 24], [18, 3, 19, 4], [20, 13, 21, 14], [22, 9, 23, 10], [24, 17, 1, 18], [2, 7, 3, 8]]"
12a_0980_99,"[[2, 7, 3, 8], [4, 12, 5, 11], [6, 21, 7, 22], [8, 1, 9, 2], [10, 16, 11, 15], [12, 19, 13, 20], [14, 6, 15, 5], [16, 23, 17, 24], [18, 3, 19, 4], [20, 13, 21, 14], [22, 9, 23, 10], [24, 17, 1, 18]]"
12a_0980_100,"[[24, 17, 1, 18], [2, 7, 3, 8], [4, 12, 5, 11], [6, 21, 7, 22], [8, 1, 9, 2], [10, 16, 11, 15], [12, 19, 13, 20], [14, 6, 15, 5], [16, 23, 17, 24], [18, 3, 19, 4], [20, 13, 21, 14], [22, 9, 23, 10]]"
12a_0980_101,"[[22, 9, 23, 10], [24, 17, 1, 18], [2, 7, 3, 8], [4, 12, 5, 11], [6, 21, 7, 22], [8, 1, 9, 2], [10, 16, 11, 15], [12, 19, 13, 20], [14, 6, 15, 5], [16, 23, 17, 24], [18, 3, 19, 4], [20, 13, 21, 14]]"
12a_0980_102,"[[20, 13, 21, 14], [22, 9, 23, 10], [24, 17, 1, 18], [2, 7, 3, 8], [4, 12, 5, 11], [6, 21, 7, 22], [8, 1, 9, 2], [10, 16, 11, 15], [12, 19, 13, 20], [14, 6, 15, 5], [16, 23, 17, 24], [18, 3, 19, 4]]"
12a_0980_103,"[[18, 3, 19, 4], [20, 13, 21, 14], [22, 9, 23, 10], [24, 17, 1, 18], [2, 7, 3, 8], [4, 12, 5, 11], [6, 21, 7, 22], [8, 1, 9, 2], [10, 16, 11, 15], [12, 19, 13, 20], [14, 6, 15, 5], [16, 23, 17, 24]]"
12a_0980_104,"[[16, 23, 17, 24], [18, 3, 19, 4], [20, 13, 21, 14], [22, 9, 23, 10], [24, 17, 1, 18], [2, 7, 3, 8], [4, 12, 5, 11], [6, 21, 7, 22], [8, 1, 9, 2], [10, 16, 11, 15], [12, 19, 13, 20], [14, 6, 15, 5]]"
12a_0980_105,"[[14, 6, 15, 5], [16, 23, 17, 24], [18, 3, 19, 4], [20, 13, 21, 14], [22, 9, 23, 10], [24, 17, 1, 18], [2, 7, 3, 8], [4, 12, 5, 11], [6, 21, 7, 22], [8, 1, 9, 2], [10, 16, 11, 15], [12, 19, 13, 20]]"
12a_0980_106,"[[12, 19, 13, 20], [14, 6, 15, 5], [16, 23, 17, 24], [18, 3, 19, 4], [20, 13, 21, 14], [22, 9, 23, 10], [24, 17, 1, 18], [2, 7, 3, 8], [4, 12, 5, 11], [6, 21, 7, 22], [8, 1, 9, 2], [10, 16, 11, 15]]"
12a_0980_107,"[[10, 16, 11, 15], [12, 19, 13, 20], [14, 6, 15, 5], [16, 23, 17, 24], [18, 3, 19, 4], [20, 13, 21, 14], [22, 9, 23, 10], [24, 17, 1, 18], [2, 7, 3, 8], [4, 12, 5, 11], [6, 21, 7, 22], [8, 1, 9, 2]]"
12a_0980_108,"[[9, 2, 10, 3], [11, 17, 12, 16], [13, 20, 14, 21], [15, 7, 16, 6], [17, 24, 18, 1], [19, 4, 20, 5], [21, 14, 22, 15], [23, 10, 24, 11], [1, 18, 2, 19], [3, 8, 4, 9], [5, 13, 6, 12], [7, 22, 8, 23]]"
12a_0980_109,"[[7, 22, 8, 23], [9, 2, 10, 3], [11, 17, 12, 16], [13, 20, 14, 21], [15, 7, 16, 6], [17, 24, 18, 1], [19, 4, 20, 5], [21, 14, 22, 15], [23, 10, 24, 11], [1, 18, 2, 19], [3, 8, 4, 9], [5, 13, 6, 12]]"
12a_0980_110,"[[5, 13, 6, 12], [7, 22, 8, 23], [9, 2, 10, 3], [11, 17, 12, 16], [13, 20, 14, 21], [15, 7, 16, 6], [17, 24, 18, 1], [19, 4, 20, 5], [21, 14, 22, 15], [23, 10, 24, 11], [1, 18, 2, 19], [3, 8, 4, 9]]"
12a_0980_111,"[[3, 8, 4, 9], [5, 13, 6, 12], [7, 22, 8, 23], [9, 2, 10, 3], [11, 17, 12, 16], [13, 20, 14, 21], [15, 7, 16, 6], [17, 24, 18, 1], [19, 4, 20, 5], [21, 14, 22, 15], [23, 10, 24, 11], [1, 18, 2, 19]]"
12a_0980_112,"[[1, 18, 2, 19], [3, 8, 4, 9], [5, 13, 6, 12], [7, 22, 8, 23], [9, 2, 10, 3], [11, 17, 12, 16], [13, 20, 14, 21], [15, 7, 16, 6], [17, 24, 18, 1], [19, 4, 20, 5], [21, 14, 22, 15], [23, 10, 24, 11]]"
12a_0980_113,"[[23, 10, 24, 11], [1, 18, 2, 19], [3, 8, 4, 9], [5, 13, 6, 12], [7, 22, 8, 23], [9, 2, 10, 3], [11, 17, 12, 16], [13, 20, 14, 21], [15, 7, 16, 6], [17, 24, 18, 1], [19, 4, 20, 5], [21, 14, 22, 15]]"
12a_0980_114,"[[21, 14, 22, 15], [23, 10, 24, 11], [1, 18, 2, 19], [3, 8, 4, 9], [5, 13, 6, 12], [7, 22, 8, 23], [9, 2, 10, 3], [11, 17, 12, 16], [13, 20, 14, 21], [15, 7, 16, 6], [17, 24, 18, 1], [19, 4, 20, 5]]"
12a_0980_115,"[[19, 4, 20, 5], [21, 14, 22, 15], [23, 10, 24, 11], [1, 18, 2, 19], [3, 8, 4, 9], [5, 13, 6, 12], [7, 22, 8, 23], [9, 2, 10, 3], [11, 17, 12, 16], [13, 20, 14, 21], [15, 7, 16, 6], [17, 24, 18, 1]]"
12a_0980_116,"[[17, 24, 18, 1], [19, 4, 20, 5], [21, 14, 22, 15], [23, 10, 24, 11], [1, 18, 2, 19], [3, 8, 4, 9], [5, 13, 6, 12], [7, 22, 8, 23], [9, 2, 10, 3], [11, 17, 12, 16], [13, 20, 14, 21], [15, 7, 16, 6]]"
12a_0980_117,"[[15, 7, 16, 6], [17, 24, 18, 1], [19, 4, 20, 5], [21, 14, 22, 15], [23, 10, 24, 11], [1, 18, 2, 19], [3, 8, 4, 9], [5, 13, 6, 12], [7, 22, 8, 23], [9, 2, 10, 3], [11, 17, 12, 16], [13, 20, 14, 21]]"
12a_0980_118,"[[13, 20, 14, 21], [15, 7, 16, 6], [17, 24, 18, 1], [19, 4, 20, 5], [21, 14, 22, 15], [23, 10, 24, 11], [1, 18, 2, 19], [3, 8, 4, 9], [5, 13, 6, 12], [7, 22, 8, 23], [9, 2, 10, 3], [11, 17, 12, 16]]"
12a_0980_119,"[[11, 17, 12, 16], [13, 20, 14, 21], [15, 7, 16, 6], [17, 24, 18, 1], [19, 4, 20, 5], [21, 14, 22, 15], [23, 10, 24, 11], [1, 18, 2, 19], [3, 8, 4, 9], [5, 13, 6, 12], [7, 22, 8, 23], [9, 2, 10, 3]]"
12a_0980_120,"[[10, 3, 11, 4], [12, 18, 13, 17], [14, 21, 15, 22], [16, 8, 17, 7], [18, 1, 19, 2], [20, 5, 21, 6], [22, 15, 23, 16], [24, 11, 1, 12], [2, 19, 3, 20], [4, 9, 5, 10], [6, 14, 7, 13], [8, 23, 9, 24]]"
12a_0980_121,"[[8, 23, 9, 24], [10, 3, 11, 4], [12, 18, 13, 17], [14, 21, 15, 22], [16, 8, 17, 7], [18, 1, 19, 2], [20, 5, 21, 6], [22, 15, 23, 16], [24, 11, 1, 12], [2, 19, 3, 20], [4, 9, 5, 10], [6, 14, 7, 13]]"
12a_0980_122,"[[6, 14, 7, 13], [8, 23, 9, 24], [10, 3, 11, 4], [12, 18, 13, 17], [14, 21, 15, 22], [16, 8, 17, 7], [18, 1, 19, 2], [20, 5, 21, 6], [22, 15, 23, 16], [24, 11, 1, 12], [2, 19, 3, 20], [4, 9, 5, 10]]"
12a_0980_123,"[[4, 9, 5, 10], [6, 14, 7, 13], [8, 23, 9, 24], [10, 3, 11, 4], [12, 18, 13, 17], [14, 21, 15, 22], [16, 8, 17, 7], [18, 1, 19, 2], [20, 5, 21, 6], [22, 15, 23, 16], [24, 11, 1, 12], [2, 19, 3, 20]]"
12a_0980_124,"[[2, 19, 3, 20], [4, 9, 5, 10], [6, 14, 7, 13], [8, 23, 9, 24], [10, 3, 11, 4], [12, 18, 13, 17], [14, 21, 15, 22], [16, 8, 17, 7], [18, 1, 19, 2], [20, 5, 21, 6], [22, 15, 23, 16], [24, 11, 1, 12]]"
12a_0980_125,"[[24, 11, 1, 12], [2, 19, 3, 20], [4, 9, 5, 10], [6, 14, 7, 13], [8, 23, 9, 24], [10, 3, 11, 4], [12, 18, 13, 17], [14, 21, 15, 22], [16, 8, 17, 7], [18, 1, 19, 2], [20, 5, 21, 6], [22, 15, 23, 16]]"
12a_0980_126,"[[22, 15, 23, 16], [24, 11, 1, 12], [2, 19, 3, 20], [4, 9, 5, 10], [6, 14, 7, 13], [8, 23, 9, 24], [10, 3, 11, 4], [12, 18, 13, 17], [14, 21, 15, 22], [16, 8, 17, 7], [18, 1, 19, 2], [20, 5, 21, 6]]"
12a_0980_127,"[[20, 5, 21, 6], [22, 15, 23, 16], [24, 11, 1, 12], [2, 19, 3, 20], [4, 9, 5, 10], [6, 14, 7, 13], [8, 23, 9, 24], [10, 3, 11, 4], [12, 18, 13, 17], [14, 21, 15, 22], [16, 8, 17, 7], [18, 1, 19, 2]]"
12a_0980_128,"[[18, 1, 19, 2], [20, 5, 21, 6], [22, 15, 23, 16], [24, 11, 1, 12], [2, 19, 3, 20], [4, 9, 5, 10], [6, 14, 7, 13], [8, 23, 9, 24], [10, 3, 11, 4], [12, 18, 13, 17], [14, 21, 15, 22], [16, 8, 17, 7]]"
12a_0980_129,"[[16, 8, 17, 7], [18, 1, 19, 2], [20, 5, 21, 6], [22, 15, 23, 16], [24, 11, 1, 12], [2, 19, 3, 20], [4, 9, 5, 10], [6, 14, 7, 13], [8, 23, 9, 24], [10, 3, 11, 4], [12, 18, 13, 17], [14, 21, 15, 22]]"
12a_0980_130,"[[14, 21, 15, 22], [16, 8, 17, 7], [18, 1, 19, 2], [20, 5, 21, 6], [22, 15, 23, 16], [24, 11, 1, 12], [2, 19, 3, 20], [4, 9, 5, 10], [6, 14, 7, 13], [8, 23, 9, 24], [10, 3, 11, 4], [12, 18, 13, 17]]"
12a_0980_131,"[[12, 18, 13, 17], [14, 21, 15, 22], [16, 8, 17, 7], [18, 1, 19, 2], [20, 5, 21, 6], [22, 15, 23, 16], [24, 11, 1, 12], [2, 19, 3, 20], [4, 9, 5, 10], [6, 14, 7, 13], [8, 23, 9, 24], [10, 3, 11, 4]]"
12a_0980_132,"[[11, 4, 12, 5], [13, 19, 14, 18], [15, 22, 16, 23], [17, 9, 18, 8], [19, 2, 20, 3], [21, 6, 22, 7], [23, 16, 24, 17], [1, 12, 2, 13], [3, 20, 4, 21], [5, 10, 6, 11], [7, 15, 8, 14], [9, 24, 10, 1]]"
12a_0980_133,"[[9, 24, 10, 1], [11, 4, 12, 5], [13, 19, 14, 18], [15, 22, 16, 23], [17, 9, 18, 8], [19, 2, 20, 3], [21, 6, 22, 7], [23, 16, 24, 17], [1, 12, 2, 13], [3, 20, 4, 21], [5, 10, 6, 11], [7, 15, 8, 14]]"
12a_0980_134,"[[7, 15, 8, 14], [9, 24, 10, 1], [11, 4, 12, 5], [13, 19, 14, 18], [15, 22, 16, 23], [17, 9, 18, 8], [19, 2, 20, 3], [21, 6, 22, 7], [23, 16, 24, 17], [1, 12, 2, 13], [3, 20, 4, 21], [5, 10, 6, 11]]"
12a_0980_135,"[[5, 10, 6, 11], [7, 15, 8, 14], [9, 24, 10, 1], [11, 4, 12, 5], [13, 19, 14, 18], [15, 22, 16, 23], [17, 9, 18, 8], [19, 2, 20, 3], [21, 6, 22, 7], [23, 16, 24, 17], [1, 12, 2, 13], [3, 20, 4, 21]]"
12a_0980_136,"[[3, 20, 4, 21], [5, 10, 6, 11], [7, 15, 8, 14], [9, 24, 10, 1], [11, 4, 12, 5], [13, 19, 14, 18], [15, 22, 16, 23], [17, 9, 18, 8], [19, 2, 20, 3], [21, 6, 22, 7], [23, 16, 24, 17], [1, 12, 2, 13]]"
12a_0980_137,"[[1, 12, 2, 13], [3, 20, 4, 21], [5, 10, 6, 11], [7, 15, 8, 14], [9, 24, 10, 1], [11, 4, 12, 5], [13, 19, 14, 18], [15, 22, 16, 23], [17, 9, 18, 8], [19, 2, 20, 3], [21, 6, 22, 7], [23, 16, 24, 17]]"
12a_0980_138,"[[23, 16, 24, 17], [1, 12, 2, 13], [3, 20, 4, 21], [5, 10, 6, 11], [7, 15, 8, 14], [9, 24, 10, 1], [11, 4, 12, 5], [13, 19, 14, 18], [15, 22, 16, 23], [17, 9, 18, 8], [19, 2, 20, 3], [21, 6, 22, 7]]"
12a_0980_139,"[[21, 6, 22, 7], [23, 16, 24, 17], [1, 12, 2, 13], [3, 20, 4, 21], [5, 10, 6, 11], [7, 15, 8, 14], [9, 24, 10, 1], [11, 4, 12, 5], [13, 19, 14, 18], [15, 22, 16, 23], [17, 9, 18, 8], [19, 2, 20, 3]]"
12a_0980_140,"[[19, 2, 20, 3], [21, 6, 22, 7], [23, 16, 24, 17], [1, 12, 2, 13], [3, 20, 4, 21], [5, 10, 6, 11], [7, 15, 8, 14], [9, 24, 10, 1], [11, 4, 12, 5], [13, 19, 14, 18], [15, 22, 16, 23], [17, 9, 18, 8]]"
12a_0980_141,"[[17, 9, 18, 8], [19, 2, 20, 3], [21, 6, 22, 7], [23, 16, 24, 17], [1, 12, 2, 13], [3, 20, 4, 21], [5, 10, 6, 11], [7, 15, 8, 14], [9, 24, 10, 1], [11, 4, 12, 5], [13, 19, 14, 18], [15, 22, 16, 23]]"
12a_0980_142,"[[15, 22, 16, 23], [17, 9, 18, 8], [19, 2, 20, 3], [21, 6, 22, 7], [23, 16, 24, 17], [1, 12, 2, 13], [3, 20, 4, 21], [5, 10, 6, 11], [7, 15, 8, 14], [9, 24, 10, 1], [11, 4, 12, 5], [13, 19, 14, 18]]"
12a_0980_143,"[[13, 19, 14, 18], [15, 22, 16, 23], [17, 9, 18, 8], [19, 2, 20, 3], [21, 6, 22, 7], [23, 16, 24, 17], [1, 12, 2, 13], [3, 20, 4, 21], [5, 10, 6, 11], [7, 15, 8, 14], [9, 24, 10, 1], [11, 4, 12, 5]]"
12a_0980_144,"[[12, 5, 13, 6], [14, 20, 15, 19], [16, 23, 17, 24], [18, 10, 19, 9], [20, 3, 21, 4], [22, 7, 23, 8], [24, 17, 1, 18], [2, 13, 3, 14], [4, 21, 5, 22], [6, 11, 7, 12], [8, 16, 9, 15], [10, 1, 11, 2]]"
12a_0980_145,"[[10, 1, 11, 2], [12, 5, 13, 6], [14, 20, 15, 19], [16, 23, 17, 24], [18, 10, 19, 9], [20, 3, 21, 4], [22, 7, 23, 8], [24, 17, 1, 18], [2, 13, 3, 14], [4, 21, 5, 22], [6, 11, 7, 12], [8, 16, 9, 15]]"
12a_0980_146,"[[8, 16, 9, 15], [10, 1, 11, 2], [12, 5, 13, 6], [14, 20, 15, 19], [16, 23, 17, 24], [18, 10, 19, 9], [20, 3, 21, 4], [22, 7, 23, 8], [24, 17, 1, 18], [2, 13, 3, 14], [4, 21, 5, 22], [6, 11, 7, 12]]"
12a_0980_147,"[[6, 11, 7, 12], [8, 16, 9, 15], [10, 1, 11, 2], [12, 5, 13, 6], [14, 20, 15, 19], [16, 23, 17, 24], [18, 10, 19, 9], [20, 3, 21, 4], [22, 7, 23, 8], [24, 17, 1, 18], [2, 13, 3, 14], [4, 21, 5, 22]]"
12a_0980_148,"[[4, 21, 5, 22], [6, 11, 7, 12], [8, 16, 9, 15], [10, 1, 11, 2], [12, 5, 13, 6], [14, 20, 15, 19], [16, 23, 17, 24], [18, 10, 19, 9], [20, 3, 21, 4], [22, 7, 23, 8], [24, 17, 1, 18], [2, 13, 3, 14]]"
12a_0980_149,"[[2, 13, 3, 14], [4, 21, 5, 22], [6, 11, 7, 12], [8, 16, 9, 15], [10, 1, 11, 2], [12, 5, 13, 6], [14, 20, 15, 19], [16, 23, 17, 24], [18, 10, 19, 9], [20, 3, 21, 4], [22, 7, 23, 8], [24, 17, 1, 18]]"
12a_0980_150,"[[24, 17, 1, 18], [2, 13, 3, 14], [4, 21, 5, 22], [6, 11, 7, 12], [8, 16, 9, 15], [10, 1, 11, 2], [12, 5, 13, 6], [14, 20, 15, 19], [16, 23, 17, 24], [18, 10, 19, 9], [20, 3, 21, 4], [22, 7, 23, 8]]"
12a_0980_151,"[[22, 7, 23, 8], [24, 17, 1, 18], [2, 13, 3, 14], [4, 21, 5, 22], [6, 11, 7, 12], [8, 16, 9, 15], [10, 1, 11, 2], [12, 5, 13, 6], [14, 20, 15, 19], [16, 23, 17, 24], [18, 10, 19, 9], [20, 3, 21, 4]]"
12a_0980_152,"[[20, 3, 21, 4], [22, 7, 23, 8], [24, 17, 1, 18], [2, 13, 3, 14], [4, 21, 5, 22], [6, 11, 7, 12], [8, 16, 9, 15], [10, 1, 11, 2], [12, 5, 13, 6], [14, 20, 15, 19], [16, 23, 17, 24], [18, 10, 19, 9]]"
12a_0980_153,"[[18, 10, 19, 9], [20, 3, 21, 4], [22, 7, 23, 8], [24, 17, 1, 18], [2, 13, 3, 14], [4, 21, 5, 22], [6, 11, 7, 12], [8, 16, 9, 15], [10, 1, 11, 2], [12, 5, 13, 6], [14, 20, 15, 19], [16, 23, 17, 24]]"
12a_0980_154,"[[16, 23, 17, 24], [18, 10, 19, 9], [20, 3, 21, 4], [22, 7, 23, 8], [24, 17, 1, 18], [2, 13, 3, 14], [4, 21, 5, 22], [6, 11, 7, 12], [8, 16, 9, 15], [10, 1, 11, 2], [12, 5, 13, 6], [14, 20, 15, 19]]"
12a_0980_155,"[[14, 20, 15, 19], [16, 23, 17, 24], [18, 10, 19, 9], [20, 3, 21, 4], [22, 7, 23, 8], [24, 17, 1, 18], [2, 13, 3, 14], [4, 21, 5, 22], [6, 11, 7, 12], [8, 16, 9, 15], [10, 1, 11, 2], [12, 5, 13, 6]]"
12a_0980_156,"[[13, 6, 14, 7], [15, 21, 16, 20], [17, 24, 18, 1], [19, 11, 20, 10], [21, 4, 22, 5], [23, 8, 24, 9], [1, 18, 2, 19], [3, 14, 4, 15], [5, 22, 6, 23], [7, 12, 8, 13], [9, 17, 10, 16], [11, 2, 12, 3]]"
12a_0980_157,"[[11, 2, 12, 3], [13, 6, 14, 7], [15, 21, 16, 20], [17, 24, 18, 1], [19, 11, 20, 10], [21, 4, 22, 5], [23, 8, 24, 9], [1, 18, 2, 19], [3, 14, 4, 15], [5, 22, 6, 23], [7, 12, 8, 13], [9, 17, 10, 16]]"
12a_0980_158,"[[9, 17, 10, 16], [11, 2, 12, 3], [13, 6, 14, 7], [15, 21, 16, 20], [17, 24, 18, 1], [19, 11, 20, 10], [21, 4, 22, 5], [23, 8, 24, 9], [1, 18, 2, 19], [3, 14, 4, 15], [5, 22, 6, 23], [7, 12, 8, 13]]"
12a_0980_159,"[[7, 12, 8, 13], [9, 17, 10, 16], [11, 2, 12, 3], [13, 6, 14, 7], [15, 21, 16, 20], [17, 24, 18, 1], [19, 11, 20, 10], [21, 4, 22, 5], [23, 8, 24, 9], [1, 18, 2, 19], [3, 14, 4, 15], [5, 22, 6, 23]]"
12a_0980_160,"[[5, 22, 6, 23], [7, 12, 8, 13], [9, 17, 10, 16], [11, 2, 12, 3], [13, 6, 14, 7], [15, 21, 16, 20], [17, 24, 18, 1], [19, 11, 20, 10], [21, 4, 22, 5], [23, 8, 24, 9], [1, 18, 2, 19], [3, 14, 4, 15]]"
12a_0980_161,"[[3, 14, 4, 15], [5, 22, 6, 23], [7, 12, 8, 13], [9, 17, 10, 16], [11, 2, 12, 3], [13, 6, 14, 7], [15, 21, 16, 20], [17, 24, 18, 1], [19, 11, 20, 10], [21, 4, 22, 5], [23, 8, 24, 9], [1, 18, 2, 19]]"
12a_0980_162,"[[1, 18, 2, 19], [3, 14, 4, 15], [5, 22, 6, 23], [7, 12, 8, 13], [9, 17, 10, 16], [11, 2, 12, 3], [13, 6, 14, 7], [15, 21, 16, 20], [17, 24, 18, 1], [19, 11, 20, 10], [21, 4, 22, 5], [23, 8, 24, 9]]"
12a_0980_163,"[[23, 8, 24, 9], [1, 18, 2, 19], [3, 14, 4, 15], [5, 22, 6, 23], [7, 12, 8, 13], [9, 17, 10, 16], [11, 2, 12, 3], [13, 6, 14, 7], [15, 21, 16, 20], [17, 24, 18, 1], [19, 11, 20, 10], [21, 4, 22, 5]]"
12a_0980_164,"[[21, 4, 22, 5], [23, 8, 24, 9], [1, 18, 2, 19], [3, 14, 4, 15], [5, 22, 6, 23], [7, 12, 8, 13], [9, 17, 10, 16], [11, 2, 12, 3], [13, 6, 14, 7], [15, 21, 16, 20], [17, 24, 18, 1], [19, 11, 20, 10]]"
12a_0980_165,"[[19, 11, 20, 10], [21, 4, 22, 5], [23, 8, 24, 9], [1, 18, 2, 19], [3, 14, 4, 15], [5, 22, 6, 23], [7, 12, 8, 13], [9, 17, 10, 16], [11, 2, 12, 3], [13, 6, 14, 7], [15, 21, 16, 20], [17, 24, 18, 1]]"
12a_0980_166,"[[17, 24, 18, 1], [19, 11, 20, 10], [21, 4, 22, 5], [23, 8, 24, 9], [1, 18, 2, 19], [3, 14, 4, 15], [5, 22, 6, 23], [7, 12, 8, 13], [9, 17, 10, 16], [11, 2, 12, 3], [13, 6, 14, 7], [15, 21, 16, 20]]"
12a_0980_167,"[[15, 21, 16, 20], [17, 24, 18, 1], [19, 11, 20, 10], [21, 4, 22, 5], [23, 8, 24, 9], [1, 18, 2, 19], [3, 14, 4, 15], [5, 22, 6, 23], [7, 12, 8, 13], [9, 17, 10, 16], [11, 2, 12, 3], [13, 6, 14, 7]]"
12a_0980_168,"[[14, 7, 15, 8], [16, 22, 17, 21], [18, 1, 19, 2], [20, 12, 21, 11], [22, 5, 23, 6], [24, 9, 1, 10], [2, 19, 3, 20], [4, 15, 5, 16], [6, 23, 7, 24], [8, 13, 9, 14], [10, 18, 11, 17], [12, 3, 13, 4]]"
12a_0980_169,"[[12, 3, 13, 4], [14, 7, 15, 8], [16, 22, 17, 21], [18, 1, 19, 2], [20, 12, 21, 11], [22, 5, 23, 6], [24, 9, 1, 10], [2, 19, 3, 20], [4, 15, 5, 16], [6, 23, 7, 24], [8, 13, 9, 14], [10, 18, 11, 17]]"
12a_0980_170,"[[10, 18, 11, 17], [12, 3, 13, 4], [14, 7, 15, 8], [16, 22, 17, 21], [18, 1, 19, 2], [20, 12, 21, 11], [22, 5, 23, 6], [24, 9, 1, 10], [2, 19, 3, 20], [4, 15, 5, 16], [6, 23, 7, 24], [8, 13, 9, 14]]"
12a_0980_171,"[[8, 13, 9, 14], [10, 18, 11, 17], [12, 3, 13, 4], [14, 7, 15, 8], [16, 22, 17, 21], [18, 1, 19, 2], [20, 12, 21, 11], [22, 5, 23, 6], [24, 9, 1, 10], [2, 19, 3, 20], [4, 15, 5, 16], [6, 23, 7, 24]]"
12a_0980_172,"[[6, 23, 7, 24], [8, 13, 9, 14], [10, 18, 11, 17], [12, 3, 13, 4], [14, 7, 15, 8], [16, 22, 17, 21], [18, 1, 19, 2], [20, 12, 21, 11], [22, 5, 23, 6], [24, 9, 1, 10], [2, 19, 3, 20], [4, 15, 5, 16]]"
12a_0980_173,"[[4, 15, 5, 16], [6, 23, 7, 24], [8, 13, 9, 14], [10, 18, 11, 17], [12, 3, 13, 4], [14, 7, 15, 8], [16, 22, 17, 21], [18, 1, 19, 2], [20, 12, 21, 11], [22, 5, 23, 6], [24, 9, 1, 10], [2, 19, 3, 20]]"
12a_0980_174,"[[2, 19, 3, 20], [4, 15, 5, 16], [6, 23, 7, 24], [8, 13, 9, 14], [10, 18, 11, 17], [12, 3, 13, 4], [14, 7, 15, 8], [16, 22, 17, 21], [18, 1, 19, 2], [20, 12, 21, 11], [22, 5, 23, 6], [24, 9, 1, 10]]"
12a_0980_175,"[[24, 9, 1, 10], [2, 19, 3, 20], [4, 15, 5, 16], [6, 23, 7, 24], [8, 13, 9, 14], [10, 18, 11, 17], [12, 3, 13, 4], [14, 7, 15, 8], [16, 22, 17, 21], [18, 1, 19, 2], [20, 12, 21, 11], [22, 5, 23, 6]]"
12a_0980_176,"[[22, 5, 23, 6], [24, 9, 1, 10], [2, 19, 3, 20], [4, 15, 5, 16], [6, 23, 7, 24], [8, 13, 9, 14], [10, 18, 11, 17], [12, 3, 13, 4], [14, 7, 15, 8], [16, 22, 17, 21], [18, 1, 19, 2], [20, 12, 21, 11]]"
12a_0980_177,"[[20, 12, 21, 11], [22, 5, 23, 6], [24, 9, 1, 10], [2, 19, 3, 20], [4, 15, 5, 16], [6, 23, 7, 24], [8, 13, 9, 14], [10, 18, 11, 17], [12, 3, 13, 4], [14, 7, 15, 8], [16, 22, 17, 21], [18, 1, 19, 2]]"
12a_0980_178,"[[18, 1, 19, 2], [20, 12, 21, 11], [22, 5, 23, 6], [24, 9, 1, 10], [2, 19, 3, 20], [4, 15, 5, 16], [6, 23, 7, 24], [8, 13, 9, 14], [10, 18, 11, 17], [12, 3, 13, 4], [14, 7, 15, 8], [16, 22, 17, 21]]"
12a_0980_179,"[[16, 22, 17, 21], [18, 1, 19, 2], [20, 12, 21, 11], [22, 5, 23, 6], [24, 9, 1, 10], [2, 19, 3, 20], [4, 15, 5, 16], [6, 23, 7, 24], [8, 13, 9, 14], [10, 18, 11, 17], [12, 3, 13, 4], [14, 7, 15, 8]]"
12a_0980_180,"[[15, 8, 16, 9], [17, 23, 18, 22], [19, 2, 20, 3], [21, 13, 22, 12], [23, 6, 24, 7], [1, 10, 2, 11], [3, 20, 4, 21], [5, 16, 6, 17], [7, 24, 8, 1], [9, 14, 10, 15], [11, 19, 12, 18], [13, 4, 14, 5]]"
12a_0980_181,"[[13, 4, 14, 5], [15, 8, 16, 9], [17, 23, 18, 22], [19, 2, 20, 3], [21, 13, 22, 12], [23, 6, 24, 7], [1, 10, 2, 11], [3, 20, 4, 21], [5, 16, 6, 17], [7, 24, 8, 1], [9, 14, 10, 15], [11, 19, 12, 18]]"
12a_0980_182,"[[11, 19, 12, 18], [13, 4, 14, 5], [15, 8, 16, 9], [17, 23, 18, 22], [19, 2, 20, 3], [21, 13, 22, 12], [23, 6, 24, 7], [1, 10, 2, 11], [3, 20, 4, 21], [5, 16, 6, 17], [7, 24, 8, 1], [9, 14, 10, 15]]"
12a_0980_183,"[[9, 14, 10, 15], [11, 19, 12, 18], [13, 4, 14, 5], [15, 8, 16, 9], [17, 23, 18, 22], [19, 2, 20, 3], [21, 13, 22, 12], [23, 6, 24, 7], [1, 10, 2, 11], [3, 20, 4, 21], [5, 16, 6, 17], [7, 24, 8, 1]]"
12a_0980_184,"[[7, 24, 8, 1], [9, 14, 10, 15], [11, 19, 12, 18], [13, 4, 14, 5], [15, 8, 16, 9], [17, 23, 18, 22], [19, 2, 20, 3], [21, 13, 22, 12], [23, 6, 24, 7], [1, 10, 2, 11], [3, 20, 4, 21], [5, 16, 6, 17]]"
12a_0980_185,"[[5, 16, 6, 17], [7, 24, 8, 1], [9, 14, 10, 15], [11, 19, 12, 18], [13, 4, 14, 5], [15, 8, 16, 9], [17, 23, 18, 22], [19, 2, 20, 3], [21, 13, 22, 12], [23, 6, 24, 7], [1, 10, 2, 11], [3, 20, 4, 21]]"
