name,pd_notation
12a_0464_0,"[[24, 16, 1, 15], [2, 6, 3, 5], [4, 11, 5, 12], [6, 21, 7, 22], [8, 14, 9, 13], [10, 17, 11, 18], [12, 3, 13, 4], [14, 20, 15, 19], [16, 2, 17, 1], [18, 9, 19, 10], [20, 23, 21, 24], [22, 7, 23, 8]]"
12a_0464_1,"[[22, 7, 23, 8], [24, 16, 1, 15], [2, 6, 3, 5], [4, 11, 5, 12], [6, 21, 7, 22], [8, 14, 9, 13], [10, 17, 11, 18], [12, 3, 13, 4], [14, 20, 15, 19], [16, 2, 17, 1], [18, 9, 19, 10], [20, 23, 21, 24]]"
12a_0464_2,"[[20, 23, 21, 24], [22, 7, 23, 8], [24, 16, 1, 15], [2, 6, 3, 5], [4, 11, 5, 12], [6, 21, 7, 22], [8, 14, 9, 13], [10, 17, 11, 18], [12, 3, 13, 4], [14, 20, 15, 19], [16, 2, 17, 1], [18, 9, 19, 10]]"
12a_0464_3,"[[18, 9, 19, 10], [20, 23, 21, 24], [22, 7, 23, 8], [24, 16, 1, 15], [2, 6, 3, 5], [4, 11, 5, 12], [6, 21, 7, 22], [8, 14, 9, 13], [10, 17, 11, 18], [12, 3, 13, 4], [14, 20, 15, 19], [16, 2, 17, 1]]"
12a_0464_4,"[[16, 2, 17, 1], [18, 9, 19, 10], [20, 23, 21, 24], [22, 7, 23, 8], [24, 16, 1, 15], [2, 6, 3, 5], [4, 11, 5, 12], [6, 21, 7, 22], [8, 14, 9, 13], [10, 17, 11, 18], [12, 3, 13, 4], [14, 20, 15, 19]]"
12a_0464_5,"[[14, 20, 15, 19], [16, 2, 17, 1], [18, 9, 19, 10], [20, 23, 21, 24], [22, 7, 23, 8], [24, 16, 1, 15], [2, 6, 3, 5], [4, 11, 5, 12], [6, 21, 7, 22], [8, 14, 9, 13], [10, 17, 11, 18], [12, 3, 13, 4]]"
12a_0464_6,"[[12, 3, 13, 4], [14, 20, 15, 19], [16, 2, 17, 1], [18, 9, 19, 10], [20, 23, 21, 24], [22, 7, 23, 8], [24, 16, 1, 15], [2, 6, 3, 5], [4, 11, 5, 12], [6, 21, 7, 22], [8, 14, 9, 13], [10, 17, 11, 18]]"
12a_0464_7,"[[10, 17, 11, 18], [12, 3, 13, 4], [14, 20, 15, 19], [16, 2, 17, 1], [18, 9, 19, 10], [20, 23, 21, 24], [22, 7, 23, 8], [24, 16, 1, 15], [2, 6, 3, 5], [4, 11, 5, 12], [6, 21, 7, 22], [8, 14, 9, 13]]"
12a_0464_8,"[[8, 14, 9, 13], [10, 17, 11, 18], [12, 3, 13, 4], [14, 20, 15, 19], [16, 2, 17, 1], [18, 9, 19, 10], [20, 23, 21, 24], [22, 7, 23, 8], [24, 16, 1, 15], [2, 6, 3, 5], [4, 11, 5, 12], [6, 21, 7, 22]]"
12a_0464_9,"[[6, 21, 7, 22], [8, 14, 9, 13], [10, 17, 11, 18], [12, 3, 13, 4], [14, 20, 15, 19], [16, 2, 17, 1], [18, 9, 19, 10], [20, 23, 21, 24], [22, 7, 23, 8], [24, 16, 1, 15], [2, 6, 3, 5], [4, 11, 5, 12]]"
12a_0464_10,"[[4, 11, 5, 12], [6, 21, 7, 22], [8, 14, 9, 13], [10, 17, 11, 18], [12, 3, 13, 4], [14, 20, 15, 19], [16, 2, 17, 1], [18, 9, 19, 10], [20, 23, 21, 24], [22, 7, 23, 8], [24, 16, 1, 15], [2, 6, 3, 5]]"
12a_0464_11,"[[2, 6, 3, 5], [4, 11, 5, 12], [6, 21, 7, 22], [8, 14, 9, 13], [10, 17, 11, 18], [12, 3, 13, 4], [14, 20, 15, 19], [16, 2, 17, 1], [18, 9, 19, 10], [20, 23, 21, 24], [22, 7, 23, 8], [24, 16, 1, 15]]"
12a_0464_12,"[[1, 17, 2, 16], [3, 7, 4, 6], [5, 12, 6, 13], [7, 22, 8, 23], [9, 15, 10, 14], [11, 18, 12, 19], [13, 4, 14, 5], [15, 21, 16, 20], [17, 3, 18, 2], [19, 10, 20, 11], [21, 24, 22, 1], [23, 8, 24, 9]]"
12a_0464_13,"[[23, 8, 24, 9], [1, 17, 2, 16], [3, 7, 4, 6], [5, 12, 6, 13], [7, 22, 8, 23], [9, 15, 10, 14], [11, 18, 12, 19], [13, 4, 14, 5], [15, 21, 16, 20], [17, 3, 18, 2], [19, 10, 20, 11], [21, 24, 22, 1]]"
12a_0464_14,"[[21, 24, 22, 1], [23, 8, 24, 9], [1, 17, 2, 16], [3, 7, 4, 6], [5, 12, 6, 13], [7, 22, 8, 23], [9, 15, 10, 14], [11, 18, 12, 19], [13, 4, 14, 5], [15, 21, 16, 20], [17, 3, 18, 2], [19, 10, 20, 11]]"
12a_0464_15,"[[19, 10, 20, 11], [21, 24, 22, 1], [23, 8, 24, 9], [1, 17, 2, 16], [3, 7, 4, 6], [5, 12, 6, 13], [7, 22, 8, 23], [9, 15, 10, 14], [11, 18, 12, 19], [13, 4, 14, 5], [15, 21, 16, 20], [17, 3, 18, 2]]"
12a_0464_16,"[[17, 3, 18, 2], [19, 10, 20, 11], [21, 24, 22, 1], [23, 8, 24, 9], [1, 17, 2, 16], [3, 7, 4, 6], [5, 12, 6, 13], [7, 22, 8, 23], [9, 15, 10, 14], [11, 18, 12, 19], [13, 4, 14, 5], [15, 21, 16, 20]]"
12a_0464_17,"[[15, 21, 16, 20], [17, 3, 18, 2], [19, 10, 20, 11], [21, 24, 22, 1], [23, 8, 24, 9], [1, 17, 2, 16], [3, 7, 4, 6], [5, 12, 6, 13], [7, 22, 8, 23], [9, 15, 10, 14], [11, 18, 12, 19], [13, 4, 14, 5]]"
12a_0464_18,"[[13, 4, 14, 5], [15, 21, 16, 20], [17, 3, 18, 2], [19, 10, 20, 11], [21, 24, 22, 1], [23, 8, 24, 9], [1, 17, 2, 16], [3, 7, 4, 6], [5, 12, 6, 13], [7, 22, 8, 23], [9, 15, 10, 14], [11, 18, 12, 19]]"
12a_0464_19,"[[11, 18, 12, 19], [13, 4, 14, 5], [15, 21, 16, 20], [17, 3, 18, 2], [19, 10, 20, 11], [21, 24, 22, 1], [23, 8, 24, 9], [1, 17, 2, 16], [3, 7, 4, 6], [5, 12, 6, 13], [7, 22, 8, 23], [9, 15, 10, 14]]"
12a_0464_20,"[[9, 15, 10, 14], [11, 18, 12, 19], [13, 4, 14, 5], [15, 21, 16, 20], [17, 3, 18, 2], [19, 10, 20, 11], [21, 24, 22, 1], [23, 8, 24, 9], [1, 17, 2, 16], [3, 7, 4, 6], [5, 12, 6, 13], [7, 22, 8, 23]]"
12a_0464_21,"[[7, 22, 8, 23], [9, 15, 10, 14], [11, 18, 12, 19], [13, 4, 14, 5], [15, 21, 16, 20], [17, 3, 18, 2], [19, 10, 20, 11], [21, 24, 22, 1], [23, 8, 24, 9], [1, 17, 2, 16], [3, 7, 4, 6], [5, 12, 6, 13]]"
12a_0464_22,"[[5, 12, 6, 13], [7, 22, 8, 23], [9, 15, 10, 14], [11, 18, 12, 19], [13, 4, 14, 5], [15, 21, 16, 20], [17, 3, 18, 2], [19, 10, 20, 11], [21, 24, 22, 1], [23, 8, 24, 9], [1, 17, 2, 16], [3, 7, 4, 6]]"
12a_0464_23,"[[3, 7, 4, 6], [5, 12, 6, 13], [7, 22, 8, 23], [9, 15, 10, 14], [11, 18, 12, 19], [13, 4, 14, 5], [15, 21, 16, 20], [17, 3, 18, 2], [19, 10, 20, 11], [21, 24, 22, 1], [23, 8, 24, 9], [1, 17, 2, 16]]"
12a_0464_24,"[[2, 18, 3, 17], [4, 8, 5, 7], [6, 13, 7, 14], [8, 23, 9, 24], [10, 16, 11, 15], [12, 19, 13, 20], [14, 5, 15, 6], [16, 22, 17, 21], [18, 4, 19, 3], [20, 11, 21, 12], [22, 1, 23, 2], [24, 9, 1, 10]]"
12a_0464_25,"[[24, 9, 1, 10], [2, 18, 3, 17], [4, 8, 5, 7], [6, 13, 7, 14], [8, 23, 9, 24], [10, 16, 11, 15], [12, 19, 13, 20], [14, 5, 15, 6], [16, 22, 17, 21], [18, 4, 19, 3], [20, 11, 21, 12], [22, 1, 23, 2]]"
12a_0464_26,"[[22, 1, 23, 2], [24, 9, 1, 10], [2, 18, 3, 17], [4, 8, 5, 7], [6, 13, 7, 14], [8, 23, 9, 24], [10, 16, 11, 15], [12, 19, 13, 20], [14, 5, 15, 6], [16, 22, 17, 21], [18, 4, 19, 3], [20, 11, 21, 12]]"
12a_0464_27,"[[20, 11, 21, 12], [22, 1, 23, 2], [24, 9, 1, 10], [2, 18, 3, 17], [4, 8, 5, 7], [6, 13, 7, 14], [8, 23, 9, 24], [10, 16, 11, 15], [12, 19, 13, 20], [14, 5, 15, 6], [16, 22, 17, 21], [18, 4, 19, 3]]"
12a_0464_28,"[[18, 4, 19, 3], [20, 11, 21, 12], [22, 1, 23, 2], [24, 9, 1, 10], [2, 18, 3, 17], [4, 8, 5, 7], [6, 13, 7, 14], [8, 23, 9, 24], [10, 16, 11, 15], [12, 19, 13, 20], [14, 5, 15, 6], [16, 22, 17, 21]]"
12a_0464_29,"[[16, 22, 17, 21], [18, 4, 19, 3], [20, 11, 21, 12], [22, 1, 23, 2], [24, 9, 1, 10], [2, 18, 3, 17], [4, 8, 5, 7], [6, 13, 7, 14], [8, 23, 9, 24], [10, 16, 11, 15], [12, 19, 13, 20], [14, 5, 15, 6]]"
12a_0464_30,"[[14, 5, 15, 6], [16, 22, 17, 21], [18, 4, 19, 3], [20, 11, 21, 12], [22, 1, 23, 2], [24, 9, 1, 10], [2, 18, 3, 17], [4, 8, 5, 7], [6, 13, 7, 14], [8, 23, 9, 24], [10, 16, 11, 15], [12, 19, 13, 20]]"
12a_0464_31,"[[12, 19, 13, 20], [14, 5, 15, 6], [16, 22, 17, 21], [18, 4, 19, 3], [20, 11, 21, 12], [22, 1, 23, 2], [24, 9, 1, 10], [2, 18, 3, 17], [4, 8, 5, 7], [6, 13, 7, 14], [8, 23, 9, 24], [10, 16, 11, 15]]"
12a_0464_32,"[[10, 16, 11, 15], [12, 19, 13, 20], [14, 5, 15, 6], [16, 22, 17, 21], [18, 4, 19, 3], [20, 11, 21, 12], [22, 1, 23, 2], [24, 9, 1, 10], [2, 18, 3, 17], [4, 8, 5, 7], [6, 13, 7, 14], [8, 23, 9, 24]]"
12a_0464_33,"[[8, 23, 9, 24], [10, 16, 11, 15], [12, 19, 13, 20], [14, 5, 15, 6], [16, 22, 17, 21], [18, 4, 19, 3], [20, 11, 21, 12], [22, 1, 23, 2], [24, 9, 1, 10], [2, 18, 3, 17], [4, 8, 5, 7], [6, 13, 7, 14]]"
12a_0464_34,"[[6, 13, 7, 14], [8, 23, 9, 24], [10, 16, 11, 15], [12, 19, 13, 20], [14, 5, 15, 6], [16, 22, 17, 21], [18, 4, 19, 3], [20, 11, 21, 12], [22, 1, 23, 2], [24, 9, 1, 10], [2, 18, 3, 17], [4, 8, 5, 7]]"
12a_0464_35,"[[4, 8, 5, 7], [6, 13, 7, 14], [8, 23, 9, 24], [10, 16, 11, 15], [12, 19, 13, 20], [14, 5, 15, 6], [16, 22, 17, 21], [18, 4, 19, 3], [20, 11, 21, 12], [22, 1, 23, 2], [24, 9, 1, 10], [2, 18, 3, 17]]"
12a_0464_36,"[[3, 19, 4, 18], [5, 9, 6, 8], [7, 14, 8, 15], [9, 24, 10, 1], [11, 17, 12, 16], [13, 20, 14, 21], [15, 6, 16, 7], [17, 23, 18, 22], [19, 5, 20, 4], [21, 12, 22, 13], [23, 2, 24, 3], [1, 10, 2, 11]]"
12a_0464_37,"[[1, 10, 2, 11], [3, 19, 4, 18], [5, 9, 6, 8], [7, 14, 8, 15], [9, 24, 10, 1], [11, 17, 12, 16], [13, 20, 14, 21], [15, 6, 16, 7], [17, 23, 18, 22], [19, 5, 20, 4], [21, 12, 22, 13], [23, 2, 24, 3]]"
12a_0464_38,"[[23, 2, 24, 3], [1, 10, 2, 11], [3, 19, 4, 18], [5, 9, 6, 8], [7, 14, 8, 15], [9, 24, 10, 1], [11, 17, 12, 16], [13, 20, 14, 21], [15, 6, 16, 7], [17, 23, 18, 22], [19, 5, 20, 4], [21, 12, 22, 13]]"
12a_0464_39,"[[21, 12, 22, 13], [23, 2, 24, 3], [1, 10, 2, 11], [3, 19, 4, 18], [5, 9, 6, 8], [7, 14, 8, 15], [9, 24, 10, 1], [11, 17, 12, 16], [13, 20, 14, 21], [15, 6, 16, 7], [17, 23, 18, 22], [19, 5, 20, 4]]"
12a_0464_40,"[[19, 5, 20, 4], [21, 12, 22, 13], [23, 2, 24, 3], [1, 10, 2, 11], [3, 19, 4, 18], [5, 9, 6, 8], [7, 14, 8, 15], [9, 24, 10, 1], [11, 17, 12, 16], [13, 20, 14, 21], [15, 6, 16, 7], [17, 23, 18, 22]]"
12a_0464_41,"[[17, 23, 18, 22], [19, 5, 20, 4], [21, 12, 22, 13], [23, 2, 24, 3], [1, 10, 2, 11], [3, 19, 4, 18], [5, 9, 6, 8], [7, 14, 8, 15], [9, 24, 10, 1], [11, 17, 12, 16], [13, 20, 14, 21], [15, 6, 16, 7]]"
12a_0464_42,"[[15, 6, 16, 7], [17, 23, 18, 22], [19, 5, 20, 4], [21, 12, 22, 13], [23, 2, 24, 3], [1, 10, 2, 11], [3, 19, 4, 18], [5, 9, 6, 8], [7, 14, 8, 15], [9, 24, 10, 1], [11, 17, 12, 16], [13, 20, 14, 21]]"
12a_0464_43,"[[13, 20, 14, 21], [15, 6, 16, 7], [17, 23, 18, 22], [19, 5, 20, 4], [21, 12, 22, 13], [23, 2, 24, 3], [1, 10, 2, 11], [3, 19, 4, 18], [5, 9, 6, 8], [7, 14, 8, 15], [9, 24, 10, 1], [11, 17, 12, 16]]"
12a_0464_44,"[[11, 17, 12, 16], [13, 20, 14, 21], [15, 6, 16, 7], [17, 23, 18, 22], [19, 5, 20, 4], [21, 12, 22, 13], [23, 2, 24, 3], [1, 10, 2, 11], [3, 19, 4, 18], [5, 9, 6, 8], [7, 14, 8, 15], [9, 24, 10, 1]]"
12a_0464_45,"[[9, 24, 10, 1], [11, 17, 12, 16], [13, 20, 14, 21], [15, 6, 16, 7], [17, 23, 18, 22], [19, 5, 20, 4], [21, 12, 22, 13], [23, 2, 24, 3], [1, 10, 2, 11], [3, 19, 4, 18], [5, 9, 6, 8], [7, 14, 8, 15]]"
12a_0464_46,"[[7, 14, 8, 15], [9, 24, 10, 1], [11, 17, 12, 16], [13, 20, 14, 21], [15, 6, 16, 7], [17, 23, 18, 22], [19, 5, 20, 4], [21, 12, 22, 13], [23, 2, 24, 3], [1, 10, 2, 11], [3, 19, 4, 18], [5, 9, 6, 8]]"
12a_0464_47,"[[5, 9, 6, 8], [7, 14, 8, 15], [9, 24, 10, 1], [11, 17, 12, 16], [13, 20, 14, 21], [15, 6, 16, 7], [17, 23, 18, 22], [19, 5, 20, 4], [21, 12, 22, 13], [23, 2, 24, 3], [1, 10, 2, 11], [3, 19, 4, 18]]"
12a_0464_48,"[[4, 20, 5, 19], [6, 10, 7, 9], [8, 15, 9, 16], [10, 1, 11, 2], [12, 18, 13, 17], [14, 21, 15, 22], [16, 7, 17, 8], [18, 24, 19, 23], [20, 6, 21, 5], [22, 13, 23, 14], [24, 3, 1, 4], [2, 11, 3, 12]]"
12a_0464_49,"[[2, 11, 3, 12], [4, 20, 5, 19], [6, 10, 7, 9], [8, 15, 9, 16], [10, 1, 11, 2], [12, 18, 13, 17], [14, 21, 15, 22], [16, 7, 17, 8], [18, 24, 19, 23], [20, 6, 21, 5], [22, 13, 23, 14], [24, 3, 1, 4]]"
12a_0464_50,"[[24, 3, 1, 4], [2, 11, 3, 12], [4, 20, 5, 19], [6, 10, 7, 9], [8, 15, 9, 16], [10, 1, 11, 2], [12, 18, 13, 17], [14, 21, 15, 22], [16, 7, 17, 8], [18, 24, 19, 23], [20, 6, 21, 5], [22, 13, 23, 14]]"
12a_0464_51,"[[22, 13, 23, 14], [24, 3, 1, 4], [2, 11, 3, 12], [4, 20, 5, 19], [6, 10, 7, 9], [8, 15, 9, 16], [10, 1, 11, 2], [12, 18, 13, 17], [14, 21, 15, 22], [16, 7, 17, 8], [18, 24, 19, 23], [20, 6, 21, 5]]"
12a_0464_52,"[[20, 6, 21, 5], [22, 13, 23, 14], [24, 3, 1, 4], [2, 11, 3, 12], [4, 20, 5, 19], [6, 10, 7, 9], [8, 15, 9, 16], [10, 1, 11, 2], [12, 18, 13, 17], [14, 21, 15, 22], [16, 7, 17, 8], [18, 24, 19, 23]]"
12a_0464_53,"[[18, 24, 19, 23], [20, 6, 21, 5], [22, 13, 23, 14], [24, 3, 1, 4], [2, 11, 3, 12], [4, 20, 5, 19], [6, 10, 7, 9], [8, 15, 9, 16], [10, 1, 11, 2], [12, 18, 13, 17], [14, 21, 15, 22], [16, 7, 17, 8]]"
12a_0464_54,"[[16, 7, 17, 8], [18, 24, 19, 23], [20, 6, 21, 5], [22, 13, 23, 14], [24, 3, 1, 4], [2, 11, 3, 12], [4, 20, 5, 19], [6, 10, 7, 9], [8, 15, 9, 16], [10, 1, 11, 2], [12, 18, 13, 17], [14, 21, 15, 22]]"
12a_0464_55,"[[14, 21, 15, 22], [16, 7, 17, 8], [18, 24, 19, 23], [20, 6, 21, 5], [22, 13, 23, 14], [24, 3, 1, 4], [2, 11, 3, 12], [4, 20, 5, 19], [6, 10, 7, 9], [8, 15, 9, 16], [10, 1, 11, 2], [12, 18, 13, 17]]"
12a_0464_56,"[[12, 18, 13, 17], [14, 21, 15, 22], [16, 7, 17, 8], [18, 24, 19, 23], [20, 6, 21, 5], [22, 13, 23, 14], [24, 3, 1, 4], [2, 11, 3, 12], [4, 20, 5, 19], [6, 10, 7, 9], [8, 15, 9, 16], [10, 1, 11, 2]]"
12a_0464_57,"[[10, 1, 11, 2], [12, 18, 13, 17], [14, 21, 15, 22], [16, 7, 17, 8], [18, 24, 19, 23], [20, 6, 21, 5], [22, 13, 23, 14], [24, 3, 1, 4], [2, 11, 3, 12], [4, 20, 5, 19], [6, 10, 7, 9], [8, 15, 9, 16]]"
12a_0464_58,"[[8, 15, 9, 16], [10, 1, 11, 2], [12, 18, 13, 17], [14, 21, 15, 22], [16, 7, 17, 8], [18, 24, 19, 23], [20, 6, 21, 5], [22, 13, 23, 14], [24, 3, 1, 4], [2, 11, 3, 12], [4, 20, 5, 19], [6, 10, 7, 9]]"
12a_0464_59,"[[6, 10, 7, 9], [8, 15, 9, 16], [10, 1, 11, 2], [12, 18, 13, 17], [14, 21, 15, 22], [16, 7, 17, 8], [18, 24, 19, 23], [20, 6, 21, 5], [22, 13, 23, 14], [24, 3, 1, 4], [2, 11, 3, 12], [4, 20, 5, 19]]"
12a_0464_60,"[[5, 21, 6, 20], [7, 11, 8, 10], [9, 16, 10, 17], [11, 2, 12, 3], [13, 19, 14, 18], [15, 22, 16, 23], [17, 8, 18, 9], [19, 1, 20, 24], [21, 7, 22, 6], [23, 14, 24, 15], [1, 4, 2, 5], [3, 12, 4, 13]]"
12a_0464_61,"[[3, 12, 4, 13], [5, 21, 6, 20], [7, 11, 8, 10], [9, 16, 10, 17], [11, 2, 12, 3], [13, 19, 14, 18], [15, 22, 16, 23], [17, 8, 18, 9], [19, 1, 20, 24], [21, 7, 22, 6], [23, 14, 24, 15], [1, 4, 2, 5]]"
12a_0464_62,"[[1, 4, 2, 5], [3, 12, 4, 13], [5, 21, 6, 20], [7, 11, 8, 10], [9, 16, 10, 17], [11, 2, 12, 3], [13, 19, 14, 18], [15, 22, 16, 23], [17, 8, 18, 9], [19, 1, 20, 24], [21, 7, 22, 6], [23, 14, 24, 15]]"
12a_0464_63,"[[23, 14, 24, 15], [1, 4, 2, 5], [3, 12, 4, 13], [5, 21, 6, 20], [7, 11, 8, 10], [9, 16, 10, 17], [11, 2, 12, 3], [13, 19, 14, 18], [15, 22, 16, 23], [17, 8, 18, 9], [19, 1, 20, 24], [21, 7, 22, 6]]"
12a_0464_64,"[[21, 7, 22, 6], [23, 14, 24, 15], [1, 4, 2, 5], [3, 12, 4, 13], [5, 21, 6, 20], [7, 11, 8, 10], [9, 16, 10, 17], [11, 2, 12, 3], [13, 19, 14, 18], [15, 22, 16, 23], [17, 8, 18, 9], [19, 1, 20, 24]]"
12a_0464_65,"[[19, 1, 20, 24], [21, 7, 22, 6], [23, 14, 24, 15], [1, 4, 2, 5], [3, 12, 4, 13], [5, 21, 6, 20], [7, 11, 8, 10], [9, 16, 10, 17], [11, 2, 12, 3], [13, 19, 14, 18], [15, 22, 16, 23], [17, 8, 18, 9]]"
12a_0464_66,"[[17, 8, 18, 9], [19, 1, 20, 24], [21, 7, 22, 6], [23, 14, 24, 15], [1, 4, 2, 5], [3, 12, 4, 13], [5, 21, 6, 20], [7, 11, 8, 10], [9, 16, 10, 17], [11, 2, 12, 3], [13, 19, 14, 18], [15, 22, 16, 23]]"
12a_0464_67,"[[15, 22, 16, 23], [17, 8, 18, 9], [19, 1, 20, 24], [21, 7, 22, 6], [23, 14, 24, 15], [1, 4, 2, 5], [3, 12, 4, 13], [5, 21, 6, 20], [7, 11, 8, 10], [9, 16, 10, 17], [11, 2, 12, 3], [13, 19, 14, 18]]"
12a_0464_68,"[[13, 19, 14, 18], [15, 22, 16, 23], [17, 8, 18, 9], [19, 1, 20, 24], [21, 7, 22, 6], [23, 14, 24, 15], [1, 4, 2, 5], [3, 12, 4, 13], [5, 21, 6, 20], [7, 11, 8, 10], [9, 16, 10, 17], [11, 2, 12, 3]]"
12a_0464_69,"[[11, 2, 12, 3], [13, 19, 14, 18], [15, 22, 16, 23], [17, 8, 18, 9], [19, 1, 20, 24], [21, 7, 22, 6], [23, 14, 24, 15], [1, 4, 2, 5], [3, 12, 4, 13], [5, 21, 6, 20], [7, 11, 8, 10], [9, 16, 10, 17]]"
12a_0464_70,"[[9, 16, 10, 17], [11, 2, 12, 3], [13, 19, 14, 18], [15, 22, 16, 23], [17, 8, 18, 9], [19, 1, 20, 24], [21, 7, 22, 6], [23, 14, 24, 15], [1, 4, 2, 5], [3, 12, 4, 13], [5, 21, 6, 20], [7, 11, 8, 10]]"
12a_0464_71,"[[7, 11, 8, 10], [9, 16, 10, 17], [11, 2, 12, 3], [13, 19, 14, 18], [15, 22, 16, 23], [17, 8, 18, 9], [19, 1, 20, 24], [21, 7, 22, 6], [23, 14, 24, 15], [1, 4, 2, 5], [3, 12, 4, 13], [5, 21, 6, 20]]"
12a_0464_72,"[[6, 22, 7, 21], [8, 12, 9, 11], [10, 17, 11, 18], [12, 3, 13, 4], [14, 20, 15, 19], [16, 23, 17, 24], [18, 9, 19, 10], [20, 2, 21, 1], [22, 8, 23, 7], [24, 15, 1, 16], [2, 5, 3, 6], [4, 13, 5, 14]]"
12a_0464_73,"[[4, 13, 5, 14], [6, 22, 7, 21], [8, 12, 9, 11], [10, 17, 11, 18], [12, 3, 13, 4], [14, 20, 15, 19], [16, 23, 17, 24], [18, 9, 19, 10], [20, 2, 21, 1], [22, 8, 23, 7], [24, 15, 1, 16], [2, 5, 3, 6]]"
12a_0464_74,"[[2, 5, 3, 6], [4, 13, 5, 14], [6, 22, 7, 21], [8, 12, 9, 11], [10, 17, 11, 18], [12, 3, 13, 4], [14, 20, 15, 19], [16, 23, 17, 24], [18, 9, 19, 10], [20, 2, 21, 1], [22, 8, 23, 7], [24, 15, 1, 16]]"
12a_0464_75,"[[24, 15, 1, 16], [2, 5, 3, 6], [4, 13, 5, 14], [6, 22, 7, 21], [8, 12, 9, 11], [10, 17, 11, 18], [12, 3, 13, 4], [14, 20, 15, 19], [16, 23, 17, 24], [18, 9, 19, 10], [20, 2, 21, 1], [22, 8, 23, 7]]"
12a_0464_76,"[[22, 8, 23, 7], [24, 15, 1, 16], [2, 5, 3, 6], [4, 13, 5, 14], [6, 22, 7, 21], [8, 12, 9, 11], [10, 17, 11, 18], [12, 3, 13, 4], [14, 20, 15, 19], [16, 23, 17, 24], [18, 9, 19, 10], [20, 2, 21, 1]]"
12a_0464_77,"[[20, 2, 21, 1], [22, 8, 23, 7], [24, 15, 1, 16], [2, 5, 3, 6], [4, 13, 5, 14], [6, 22, 7, 21], [8, 12, 9, 11], [10, 17, 11, 18], [12, 3, 13, 4], [14, 20, 15, 19], [16, 23, 17, 24], [18, 9, 19, 10]]"
12a_0464_78,"[[18, 9, 19, 10], [20, 2, 21, 1], [22, 8, 23, 7], [24, 15, 1, 16], [2, 5, 3, 6], [4, 13, 5, 14], [6, 22, 7, 21], [8, 12, 9, 11], [10, 17, 11, 18], [12, 3, 13, 4], [14, 20, 15, 19], [16, 23, 17, 24]]"
12a_0464_79,"[[16, 23, 17, 24], [18, 9, 19, 10], [20, 2, 21, 1], [22, 8, 23, 7], [24, 15, 1, 16], [2, 5, 3, 6], [4, 13, 5, 14], [6, 22, 7, 21], [8, 12, 9, 11], [10, 17, 11, 18], [12, 3, 13, 4], [14, 20, 15, 19]]"
12a_0464_80,"[[14, 20, 15, 19], [16, 23, 17, 24], [18, 9, 19, 10], [20, 2, 21, 1], [22, 8, 23, 7], [24, 15, 1, 16], [2, 5, 3, 6], [4, 13, 5, 14], [6, 22, 7, 21], [8, 12, 9, 11], [10, 17, 11, 18], [12, 3, 13, 4]]"
12a_0464_81,"[[12, 3, 13, 4], [14, 20, 15, 19], [16, 23, 17, 24], [18, 9, 19, 10], [20, 2, 21, 1], [22, 8, 23, 7], [24, 15, 1, 16], [2, 5, 3, 6], [4, 13, 5, 14], [6, 22, 7, 21], [8, 12, 9, 11], [10, 17, 11, 18]]"
12a_0464_82,"[[10, 17, 11, 18], [12, 3, 13, 4], [14, 20, 15, 19], [16, 23, 17, 24], [18, 9, 19, 10], [20, 2, 21, 1], [22, 8, 23, 7], [24, 15, 1, 16], [2, 5, 3, 6], [4, 13, 5, 14], [6, 22, 7, 21], [8, 12, 9, 11]]"
12a_0464_83,"[[8, 12, 9, 11], [10, 17, 11, 18], [12, 3, 13, 4], [14, 20, 15, 19], [16, 23, 17, 24], [18, 9, 19, 10], [20, 2, 21, 1], [22, 8, 23, 7], [24, 15, 1, 16], [2, 5, 3, 6], [4, 13, 5, 14], [6, 22, 7, 21]]"
12a_0464_84,"[[7, 23, 8, 22], [9, 13, 10, 12], [11, 18, 12, 19], [13, 4, 14, 5], [15, 21, 16, 20], [17, 24, 18, 1], [19, 10, 20, 11], [21, 3, 22, 2], [23, 9, 24, 8], [1, 16, 2, 17], [3, 6, 4, 7], [5, 14, 6, 15]]"
12a_0464_85,"[[5, 14, 6, 15], [7, 23, 8, 22], [9, 13, 10, 12], [11, 18, 12, 19], [13, 4, 14, 5], [15, 21, 16, 20], [17, 24, 18, 1], [19, 10, 20, 11], [21, 3, 22, 2], [23, 9, 24, 8], [1, 16, 2, 17], [3, 6, 4, 7]]"
12a_0464_86,"[[3, 6, 4, 7], [5, 14, 6, 15], [7, 23, 8, 22], [9, 13, 10, 12], [11, 18, 12, 19], [13, 4, 14, 5], [15, 21, 16, 20], [17, 24, 18, 1], [19, 10, 20, 11], [21, 3, 22, 2], [23, 9, 24, 8], [1, 16, 2, 17]]"
12a_0464_87,"[[1, 16, 2, 17], [3, 6, 4, 7], [5, 14, 6, 15], [7, 23, 8, 22], [9, 13, 10, 12], [11, 18, 12, 19], [13, 4, 14, 5], [15, 21, 16, 20], [17, 24, 18, 1], [19, 10, 20, 11], [21, 3, 22, 2], [23, 9, 24, 8]]"
12a_0464_88,"[[23, 9, 24, 8], [1, 16, 2, 17], [3, 6, 4, 7], [5, 14, 6, 15], [7, 23, 8, 22], [9, 13, 10, 12], [11, 18, 12, 19], [13, 4, 14, 5], [15, 21, 16, 20], [17, 24, 18, 1], [19, 10, 20, 11], [21, 3, 22, 2]]"
12a_0464_89,"[[21, 3, 22, 2], [23, 9, 24, 8], [1, 16, 2, 17], [3, 6, 4, 7], [5, 14, 6, 15], [7, 23, 8, 22], [9, 13, 10, 12], [11, 18, 12, 19], [13, 4, 14, 5], [15, 21, 16, 20], [17, 24, 18, 1], [19, 10, 20, 11]]"
12a_0464_90,"[[19, 10, 20, 11], [21, 3, 22, 2], [23, 9, 24, 8], [1, 16, 2, 17], [3, 6, 4, 7], [5, 14, 6, 15], [7, 23, 8, 22], [9, 13, 10, 12], [11, 18, 12, 19], [13, 4, 14, 5], [15, 21, 16, 20], [17, 24, 18, 1]]"
12a_0464_91,"[[17, 24, 18, 1], [19, 10, 20, 11], [21, 3, 22, 2], [23, 9, 24, 8], [1, 16, 2, 17], [3, 6, 4, 7], [5, 14, 6, 15], [7, 23, 8, 22], [9, 13, 10, 12], [11, 18, 12, 19], [13, 4, 14, 5], [15, 21, 16, 20]]"
12a_0464_92,"[[15, 21, 16, 20], [17, 24, 18, 1], [19, 10, 20, 11], [21, 3, 22, 2], [23, 9, 24, 8], [1, 16, 2, 17], [3, 6, 4, 7], [5, 14, 6, 15], [7, 23, 8, 22], [9, 13, 10, 12], [11, 18, 12, 19], [13, 4, 14, 5]]"
12a_0464_93,"[[13, 4, 14, 5], [15, 21, 16, 20], [17, 24, 18, 1], [19, 10, 20, 11], [21, 3, 22, 2], [23, 9, 24, 8], [1, 16, 2, 17], [3, 6, 4, 7], [5, 14, 6, 15], [7, 23, 8, 22], [9, 13, 10, 12], [11, 18, 12, 19]]"
12a_0464_94,"[[11, 18, 12, 19], [13, 4, 14, 5], [15, 21, 16, 20], [17, 24, 18, 1], [19, 10, 20, 11], [21, 3, 22, 2], [23, 9, 24, 8], [1, 16, 2, 17], [3, 6, 4, 7], [5, 14, 6, 15], [7, 23, 8, 22], [9, 13, 10, 12]]"
12a_0464_95,"[[9, 13, 10, 12], [11, 18, 12, 19], [13, 4, 14, 5], [15, 21, 16, 20], [17, 24, 18, 1], [19, 10, 20, 11], [21, 3, 22, 2], [23, 9, 24, 8], [1, 16, 2, 17], [3, 6, 4, 7], [5, 14, 6, 15], [7, 23, 8, 22]]"
12a_0464_96,"[[8, 24, 9, 23], [10, 14, 11, 13], [12, 19, 13, 20], [14, 5, 15, 6], [16, 22, 17, 21], [18, 1, 19, 2], [20, 11, 21, 12], [22, 4, 23, 3], [24, 10, 1, 9], [2, 17, 3, 18], [4, 7, 5, 8], [6, 15, 7, 16]]"
12a_0464_97,"[[6, 15, 7, 16], [8, 24, 9, 23], [10, 14, 11, 13], [12, 19, 13, 20], [14, 5, 15, 6], [16, 22, 17, 21], [18, 1, 19, 2], [20, 11, 21, 12], [22, 4, 23, 3], [24, 10, 1, 9], [2, 17, 3, 18], [4, 7, 5, 8]]"
12a_0464_98,"[[4, 7, 5, 8], [6, 15, 7, 16], [8, 24, 9, 23], [10, 14, 11, 13], [12, 19, 13, 20], [14, 5, 15, 6], [16, 22, 17, 21], [18, 1, 19, 2], [20, 11, 21, 12], [22, 4, 23, 3], [24, 10, 1, 9], [2, 17, 3, 18]]"
12a_0464_99,"[[2, 17, 3, 18], [4, 7, 5, 8], [6, 15, 7, 16], [8, 24, 9, 23], [10, 14, 11, 13], [12, 19, 13, 20], [14, 5, 15, 6], [16, 22, 17, 21], [18, 1, 19, 2], [20, 11, 21, 12], [22, 4, 23, 3], [24, 10, 1, 9]]"
12a_0464_100,"[[24, 10, 1, 9], [2, 17, 3, 18], [4, 7, 5, 8], [6, 15, 7, 16], [8, 24, 9, 23], [10, 14, 11, 13], [12, 19, 13, 20], [14, 5, 15, 6], [16, 22, 17, 21], [18, 1, 19, 2], [20, 11, 21, 12], [22, 4, 23, 3]]"
12a_0464_101,"[[22, 4, 23, 3], [24, 10, 1, 9], [2, 17, 3, 18], [4, 7, 5, 8], [6, 15, 7, 16], [8, 24, 9, 23], [10, 14, 11, 13], [12, 19, 13, 20], [14, 5, 15, 6], [16, 22, 17, 21], [18, 1, 19, 2], [20, 11, 21, 12]]"
12a_0464_102,"[[20, 11, 21, 12], [22, 4, 23, 3], [24, 10, 1, 9], [2, 17, 3, 18], [4, 7, 5, 8], [6, 15, 7, 16], [8, 24, 9, 23], [10, 14, 11, 13], [12, 19, 13, 20], [14, 5, 15, 6], [16, 22, 17, 21], [18, 1, 19, 2]]"
12a_0464_103,"[[18, 1, 19, 2], [20, 11, 21, 12], [22, 4, 23, 3], [24, 10, 1, 9], [2, 17, 3, 18], [4, 7, 5, 8], [6, 15, 7, 16], [8, 24, 9, 23], [10, 14, 11, 13], [12, 19, 13, 20], [14, 5, 15, 6], [16, 22, 17, 21]]"
12a_0464_104,"[[16, 22, 17, 21], [18, 1, 19, 2], [20, 11, 21, 12], [22, 4, 23, 3], [24, 10, 1, 9], [2, 17, 3, 18], [4, 7, 5, 8], [6, 15, 7, 16], [8, 24, 9, 23], [10, 14, 11, 13], [12, 19, 13, 20], [14, 5, 15, 6]]"
12a_0464_105,"[[14, 5, 15, 6], [16, 22, 17, 21], [18, 1, 19, 2], [20, 11, 21, 12], [22, 4, 23, 3], [24, 10, 1, 9], [2, 17, 3, 18], [4, 7, 5, 8], [6, 15, 7, 16], [8, 24, 9, 23], [10, 14, 11, 13], [12, 19, 13, 20]]"
12a_0464_106,"[[12, 19, 13, 20], [14, 5, 15, 6], [16, 22, 17, 21], [18, 1, 19, 2], [20, 11, 21, 12], [22, 4, 23, 3], [24, 10, 1, 9], [2, 17, 3, 18], [4, 7, 5, 8], [6, 15, 7, 16], [8, 24, 9, 23], [10, 14, 11, 13]]"
12a_0464_107,"[[10, 14, 11, 13], [12, 19, 13, 20], [14, 5, 15, 6], [16, 22, 17, 21], [18, 1, 19, 2], [20, 11, 21, 12], [22, 4, 23, 3], [24, 10, 1, 9], [2, 17, 3, 18], [4, 7, 5, 8], [6, 15, 7, 16], [8, 24, 9, 23]]"
12a_0464_108,"[[9, 1, 10, 24], [11, 15, 12, 14], [13, 20, 14, 21], [15, 6, 16, 7], [17, 23, 18, 22], [19, 2, 20, 3], [21, 12, 22, 13], [23, 5, 24, 4], [1, 11, 2, 10], [3, 18, 4, 19], [5, 8, 6, 9], [7, 16, 8, 17]]"
12a_0464_109,"[[7, 16, 8, 17], [9, 1, 10, 24], [11, 15, 12, 14], [13, 20, 14, 21], [15, 6, 16, 7], [17, 23, 18, 22], [19, 2, 20, 3], [21, 12, 22, 13], [23, 5, 24, 4], [1, 11, 2, 10], [3, 18, 4, 19], [5, 8, 6, 9]]"
12a_0464_110,"[[5, 8, 6, 9], [7, 16, 8, 17], [9, 1, 10, 24], [11, 15, 12, 14], [13, 20, 14, 21], [15, 6, 16, 7], [17, 23, 18, 22], [19, 2, 20, 3], [21, 12, 22, 13], [23, 5, 24, 4], [1, 11, 2, 10], [3, 18, 4, 19]]"
12a_0464_111,"[[3, 18, 4, 19], [5, 8, 6, 9], [7, 16, 8, 17], [9, 1, 10, 24], [11, 15, 12, 14], [13, 20, 14, 21], [15, 6, 16, 7], [17, 23, 18, 22], [19, 2, 20, 3], [21, 12, 22, 13], [23, 5, 24, 4], [1, 11, 2, 10]]"
12a_0464_112,"[[1, 11, 2, 10], [3, 18, 4, 19], [5, 8, 6, 9], [7, 16, 8, 17], [9, 1, 10, 24], [11, 15, 12, 14], [13, 20, 14, 21], [15, 6, 16, 7], [17, 23, 18, 22], [19, 2, 20, 3], [21, 12, 22, 13], [23, 5, 24, 4]]"
12a_0464_113,"[[23, 5, 24, 4], [1, 11, 2, 10], [3, 18, 4, 19], [5, 8, 6, 9], [7, 16, 8, 17], [9, 1, 10, 24], [11, 15, 12, 14], [13, 20, 14, 21], [15, 6, 16, 7], [17, 23, 18, 22], [19, 2, 20, 3], [21, 12, 22, 13]]"
12a_0464_114,"[[21, 12, 22, 13], [23, 5, 24, 4], [1, 11, 2, 10], [3, 18, 4, 19], [5, 8, 6, 9], [7, 16, 8, 17], [9, 1, 10, 24], [11, 15, 12, 14], [13, 20, 14, 21], [15, 6, 16, 7], [17, 23, 18, 22], [19, 2, 20, 3]]"
12a_0464_115,"[[19, 2, 20, 3], [21, 12, 22, 13], [23, 5, 24, 4], [1, 11, 2, 10], [3, 18, 4, 19], [5, 8, 6, 9], [7, 16, 8, 17], [9, 1, 10, 24], [11, 15, 12, 14], [13, 20, 14, 21], [15, 6, 16, 7], [17, 23, 18, 22]]"
12a_0464_116,"[[17, 23, 18, 22], [19, 2, 20, 3], [21, 12, 22, 13], [23, 5, 24, 4], [1, 11, 2, 10], [3, 18, 4, 19], [5, 8, 6, 9], [7, 16, 8, 17], [9, 1, 10, 24], [11, 15, 12, 14], [13, 20, 14, 21], [15, 6, 16, 7]]"
12a_0464_117,"[[15, 6, 16, 7], [17, 23, 18, 22], [19, 2, 20, 3], [21, 12, 22, 13], [23, 5, 24, 4], [1, 11, 2, 10], [3, 18, 4, 19], [5, 8, 6, 9], [7, 16, 8, 17], [9, 1, 10, 24], [11, 15, 12, 14], [13, 20, 14, 21]]"
12a_0464_118,"[[13, 20, 14, 21], [15, 6, 16, 7], [17, 23, 18, 22], [19, 2, 20, 3], [21, 12, 22, 13], [23, 5, 24, 4], [1, 11, 2, 10], [3, 18, 4, 19], [5, 8, 6, 9], [7, 16, 8, 17], [9, 1, 10, 24], [11, 15, 12, 14]]"
12a_0464_119,"[[11, 15, 12, 14], [13, 20, 14, 21], [15, 6, 16, 7], [17, 23, 18, 22], [19, 2, 20, 3], [21, 12, 22, 13], [23, 5, 24, 4], [1, 11, 2, 10], [3, 18, 4, 19], [5, 8, 6, 9], [7, 16, 8, 17], [9, 1, 10, 24]]"
12a_0464_120,"[[10, 2, 11, 1], [12, 16, 13, 15], [14, 21, 15, 22], [16, 7, 17, 8], [18, 24, 19, 23], [20, 3, 21, 4], [22, 13, 23, 14], [24, 6, 1, 5], [2, 12, 3, 11], [4, 19, 5, 20], [6, 9, 7, 10], [8, 17, 9, 18]]"
12a_0464_121,"[[8, 17, 9, 18], [10, 2, 11, 1], [12, 16, 13, 15], [14, 21, 15, 22], [16, 7, 17, 8], [18, 24, 19, 23], [20, 3, 21, 4], [22, 13, 23, 14], [24, 6, 1, 5], [2, 12, 3, 11], [4, 19, 5, 20], [6, 9, 7, 10]]"
12a_0464_122,"[[6, 9, 7, 10], [8, 17, 9, 18], [10, 2, 11, 1], [12, 16, 13, 15], [14, 21, 15, 22], [16, 7, 17, 8], [18, 24, 19, 23], [20, 3, 21, 4], [22, 13, 23, 14], [24, 6, 1, 5], [2, 12, 3, 11], [4, 19, 5, 20]]"
12a_0464_123,"[[4, 19, 5, 20], [6, 9, 7, 10], [8, 17, 9, 18], [10, 2, 11, 1], [12, 16, 13, 15], [14, 21, 15, 22], [16, 7, 17, 8], [18, 24, 19, 23], [20, 3, 21, 4], [22, 13, 23, 14], [24, 6, 1, 5], [2, 12, 3, 11]]"
12a_0464_124,"[[2, 12, 3, 11], [4, 19, 5, 20], [6, 9, 7, 10], [8, 17, 9, 18], [10, 2, 11, 1], [12, 16, 13, 15], [14, 21, 15, 22], [16, 7, 17, 8], [18, 24, 19, 23], [20, 3, 21, 4], [22, 13, 23, 14], [24, 6, 1, 5]]"
12a_0464_125,"[[24, 6, 1, 5], [2, 12, 3, 11], [4, 19, 5, 20], [6, 9, 7, 10], [8, 17, 9, 18], [10, 2, 11, 1], [12, 16, 13, 15], [14, 21, 15, 22], [16, 7, 17, 8], [18, 24, 19, 23], [20, 3, 21, 4], [22, 13, 23, 14]]"
12a_0464_126,"[[22, 13, 23, 14], [24, 6, 1, 5], [2, 12, 3, 11], [4, 19, 5, 20], [6, 9, 7, 10], [8, 17, 9, 18], [10, 2, 11, 1], [12, 16, 13, 15], [14, 21, 15, 22], [16, 7, 17, 8], [18, 24, 19, 23], [20, 3, 21, 4]]"
12a_0464_127,"[[20, 3, 21, 4], [22, 13, 23, 14], [24, 6, 1, 5], [2, 12, 3, 11], [4, 19, 5, 20], [6, 9, 7, 10], [8, 17, 9, 18], [10, 2, 11, 1], [12, 16, 13, 15], [14, 21, 15, 22], [16, 7, 17, 8], [18, 24, 19, 23]]"
12a_0464_128,"[[18, 24, 19, 23], [20, 3, 21, 4], [22, 13, 23, 14], [24, 6, 1, 5], [2, 12, 3, 11], [4, 19, 5, 20], [6, 9, 7, 10], [8, 17, 9, 18], [10, 2, 11, 1], [12, 16, 13, 15], [14, 21, 15, 22], [16, 7, 17, 8]]"
12a_0464_129,"[[16, 7, 17, 8], [18, 24, 19, 23], [20, 3, 21, 4], [22, 13, 23, 14], [24, 6, 1, 5], [2, 12, 3, 11], [4, 19, 5, 20], [6, 9, 7, 10], [8, 17, 9, 18], [10, 2, 11, 1], [12, 16, 13, 15], [14, 21, 15, 22]]"
12a_0464_130,"[[14, 21, 15, 22], [16, 7, 17, 8], [18, 24, 19, 23], [20, 3, 21, 4], [22, 13, 23, 14], [24, 6, 1, 5], [2, 12, 3, 11], [4, 19, 5, 20], [6, 9, 7, 10], [8, 17, 9, 18], [10, 2, 11, 1], [12, 16, 13, 15]]"
12a_0464_131,"[[12, 16, 13, 15], [14, 21, 15, 22], [16, 7, 17, 8], [18, 24, 19, 23], [20, 3, 21, 4], [22, 13, 23, 14], [24, 6, 1, 5], [2, 12, 3, 11], [4, 19, 5, 20], [6, 9, 7, 10], [8, 17, 9, 18], [10, 2, 11, 1]]"
12a_0464_132,"[[11, 3, 12, 2], [13, 17, 14, 16], [15, 22, 16, 23], [17, 8, 18, 9], [19, 1, 20, 24], [21, 4, 22, 5], [23, 14, 24, 15], [1, 7, 2, 6], [3, 13, 4, 12], [5, 20, 6, 21], [7, 10, 8, 11], [9, 18, 10, 19]]"
12a_0464_133,"[[9, 18, 10, 19], [11, 3, 12, 2], [13, 17, 14, 16], [15, 22, 16, 23], [17, 8, 18, 9], [19, 1, 20, 24], [21, 4, 22, 5], [23, 14, 24, 15], [1, 7, 2, 6], [3, 13, 4, 12], [5, 20, 6, 21], [7, 10, 8, 11]]"
12a_0464_134,"[[7, 10, 8, 11], [9, 18, 10, 19], [11, 3, 12, 2], [13, 17, 14, 16], [15, 22, 16, 23], [17, 8, 18, 9], [19, 1, 20, 24], [21, 4, 22, 5], [23, 14, 24, 15], [1, 7, 2, 6], [3, 13, 4, 12], [5, 20, 6, 21]]"
12a_0464_135,"[[5, 20, 6, 21], [7, 10, 8, 11], [9, 18, 10, 19], [11, 3, 12, 2], [13, 17, 14, 16], [15, 22, 16, 23], [17, 8, 18, 9], [19, 1, 20, 24], [21, 4, 22, 5], [23, 14, 24, 15], [1, 7, 2, 6], [3, 13, 4, 12]]"
12a_0464_136,"[[3, 13, 4, 12], [5, 20, 6, 21], [7, 10, 8, 11], [9, 18, 10, 19], [11, 3, 12, 2], [13, 17, 14, 16], [15, 22, 16, 23], [17, 8, 18, 9], [19, 1, 20, 24], [21, 4, 22, 5], [23, 14, 24, 15], [1, 7, 2, 6]]"
12a_0464_137,"[[1, 7, 2, 6], [3, 13, 4, 12], [5, 20, 6, 21], [7, 10, 8, 11], [9, 18, 10, 19], [11, 3, 12, 2], [13, 17, 14, 16], [15, 22, 16, 23], [17, 8, 18, 9], [19, 1, 20, 24], [21, 4, 22, 5], [23, 14, 24, 15]]"
12a_0464_138,"[[23, 14, 24, 15], [1, 7, 2, 6], [3, 13, 4, 12], [5, 20, 6, 21], [7, 10, 8, 11], [9, 18, 10, 19], [11, 3, 12, 2], [13, 17, 14, 16], [15, 22, 16, 23], [17, 8, 18, 9], [19, 1, 20, 24], [21, 4, 22, 5]]"
12a_0464_139,"[[21, 4, 22, 5], [23, 14, 24, 15], [1, 7, 2, 6], [3, 13, 4, 12], [5, 20, 6, 21], [7, 10, 8, 11], [9, 18, 10, 19], [11, 3, 12, 2], [13, 17, 14, 16], [15, 22, 16, 23], [17, 8, 18, 9], [19, 1, 20, 24]]"
12a_0464_140,"[[19, 1, 20, 24], [21, 4, 22, 5], [23, 14, 24, 15], [1, 7, 2, 6], [3, 13, 4, 12], [5, 20, 6, 21], [7, 10, 8, 11], [9, 18, 10, 19], [11, 3, 12, 2], [13, 17, 14, 16], [15, 22, 16, 23], [17, 8, 18, 9]]"
12a_0464_141,"[[17, 8, 18, 9], [19, 1, 20, 24], [21, 4, 22, 5], [23, 14, 24, 15], [1, 7, 2, 6], [3, 13, 4, 12], [5, 20, 6, 21], [7, 10, 8, 11], [9, 18, 10, 19], [11, 3, 12, 2], [13, 17, 14, 16], [15, 22, 16, 23]]"
12a_0464_142,"[[15, 22, 16, 23], [17, 8, 18, 9], [19, 1, 20, 24], [21, 4, 22, 5], [23, 14, 24, 15], [1, 7, 2, 6], [3, 13, 4, 12], [5, 20, 6, 21], [7, 10, 8, 11], [9, 18, 10, 19], [11, 3, 12, 2], [13, 17, 14, 16]]"
12a_0464_143,"[[13, 17, 14, 16], [15, 22, 16, 23], [17, 8, 18, 9], [19, 1, 20, 24], [21, 4, 22, 5], [23, 14, 24, 15], [1, 7, 2, 6], [3, 13, 4, 12], [5, 20, 6, 21], [7, 10, 8, 11], [9, 18, 10, 19], [11, 3, 12, 2]]"
12a_0464_144,"[[12, 4, 13, 3], [14, 18, 15, 17], [16, 23, 17, 24], [18, 9, 19, 10], [20, 2, 21, 1], [22, 5, 23, 6], [24, 15, 1, 16], [2, 8, 3, 7], [4, 14, 5, 13], [6, 21, 7, 22], [8, 11, 9, 12], [10, 19, 11, 20]]"
12a_0464_145,"[[10, 19, 11, 20], [12, 4, 13, 3], [14, 18, 15, 17], [16, 23, 17, 24], [18, 9, 19, 10], [20, 2, 21, 1], [22, 5, 23, 6], [24, 15, 1, 16], [2, 8, 3, 7], [4, 14, 5, 13], [6, 21, 7, 22], [8, 11, 9, 12]]"
12a_0464_146,"[[8, 11, 9, 12], [10, 19, 11, 20], [12, 4, 13, 3], [14, 18, 15, 17], [16, 23, 17, 24], [18, 9, 19, 10], [20, 2, 21, 1], [22, 5, 23, 6], [24, 15, 1, 16], [2, 8, 3, 7], [4, 14, 5, 13], [6, 21, 7, 22]]"
12a_0464_147,"[[6, 21, 7, 22], [8, 11, 9, 12], [10, 19, 11, 20], [12, 4, 13, 3], [14, 18, 15, 17], [16, 23, 17, 24], [18, 9, 19, 10], [20, 2, 21, 1], [22, 5, 23, 6], [24, 15, 1, 16], [2, 8, 3, 7], [4, 14, 5, 13]]"
12a_0464_148,"[[4, 14, 5, 13], [6, 21, 7, 22], [8, 11, 9, 12], [10, 19, 11, 20], [12, 4, 13, 3], [14, 18, 15, 17], [16, 23, 17, 24], [18, 9, 19, 10], [20, 2, 21, 1], [22, 5, 23, 6], [24, 15, 1, 16], [2, 8, 3, 7]]"
12a_0464_149,"[[2, 8, 3, 7], [4, 14, 5, 13], [6, 21, 7, 22], [8, 11, 9, 12], [10, 19, 11, 20], [12, 4, 13, 3], [14, 18, 15, 17], [16, 23, 17, 24], [18, 9, 19, 10], [20, 2, 21, 1], [22, 5, 23, 6], [24, 15, 1, 16]]"
12a_0464_150,"[[24, 15, 1, 16], [2, 8, 3, 7], [4, 14, 5, 13], [6, 21, 7, 22], [8, 11, 9, 12], [10, 19, 11, 20], [12, 4, 13, 3], [14, 18, 15, 17], [16, 23, 17, 24], [18, 9, 19, 10], [20, 2, 21, 1], [22, 5, 23, 6]]"
12a_0464_151,"[[22, 5, 23, 6], [24, 15, 1, 16], [2, 8, 3, 7], [4, 14, 5, 13], [6, 21, 7, 22], [8, 11, 9, 12], [10, 19, 11, 20], [12, 4, 13, 3], [14, 18, 15, 17], [16, 23, 17, 24], [18, 9, 19, 10], [20, 2, 21, 1]]"
12a_0464_152,"[[20, 2, 21, 1], [22, 5, 23, 6], [24, 15, 1, 16], [2, 8, 3, 7], [4, 14, 5, 13], [6, 21, 7, 22], [8, 11, 9, 12], [10, 19, 11, 20], [12, 4, 13, 3], [14, 18, 15, 17], [16, 23, 17, 24], [18, 9, 19, 10]]"
12a_0464_153,"[[18, 9, 19, 10], [20, 2, 21, 1], [22, 5, 23, 6], [24, 15, 1, 16], [2, 8, 3, 7], [4, 14, 5, 13], [6, 21, 7, 22], [8, 11, 9, 12], [10, 19, 11, 20], [12, 4, 13, 3], [14, 18, 15, 17], [16, 23, 17, 24]]"
12a_0464_154,"[[16, 23, 17, 24], [18, 9, 19, 10], [20, 2, 21, 1], [22, 5, 23, 6], [24, 15, 1, 16], [2, 8, 3, 7], [4, 14, 5, 13], [6, 21, 7, 22], [8, 11, 9, 12], [10, 19, 11, 20], [12, 4, 13, 3], [14, 18, 15, 17]]"
12a_0464_155,"[[14, 18, 15, 17], [16, 23, 17, 24], [18, 9, 19, 10], [20, 2, 21, 1], [22, 5, 23, 6], [24, 15, 1, 16], [2, 8, 3, 7], [4, 14, 5, 13], [6, 21, 7, 22], [8, 11, 9, 12], [10, 19, 11, 20], [12, 4, 13, 3]]"
12a_0464_156,"[[13, 5, 14, 4], [15, 19, 16, 18], [17, 24, 18, 1], [19, 10, 20, 11], [21, 3, 22, 2], [23, 6, 24, 7], [1, 16, 2, 17], [3, 9, 4, 8], [5, 15, 6, 14], [7, 22, 8, 23], [9, 12, 10, 13], [11, 20, 12, 21]]"
12a_0464_157,"[[11, 20, 12, 21], [13, 5, 14, 4], [15, 19, 16, 18], [17, 24, 18, 1], [19, 10, 20, 11], [21, 3, 22, 2], [23, 6, 24, 7], [1, 16, 2, 17], [3, 9, 4, 8], [5, 15, 6, 14], [7, 22, 8, 23], [9, 12, 10, 13]]"
12a_0464_158,"[[9, 12, 10, 13], [11, 20, 12, 21], [13, 5, 14, 4], [15, 19, 16, 18], [17, 24, 18, 1], [19, 10, 20, 11], [21, 3, 22, 2], [23, 6, 24, 7], [1, 16, 2, 17], [3, 9, 4, 8], [5, 15, 6, 14], [7, 22, 8, 23]]"
12a_0464_159,"[[7, 22, 8, 23], [9, 12, 10, 13], [11, 20, 12, 21], [13, 5, 14, 4], [15, 19, 16, 18], [17, 24, 18, 1], [19, 10, 20, 11], [21, 3, 22, 2], [23, 6, 24, 7], [1, 16, 2, 17], [3, 9, 4, 8], [5, 15, 6, 14]]"
12a_0464_160,"[[5, 15, 6, 14], [7, 22, 8, 23], [9, 12, 10, 13], [11, 20, 12, 21], [13, 5, 14, 4], [15, 19, 16, 18], [17, 24, 18, 1], [19, 10, 20, 11], [21, 3, 22, 2], [23, 6, 24, 7], [1, 16, 2, 17], [3, 9, 4, 8]]"
12a_0464_161,"[[3, 9, 4, 8], [5, 15, 6, 14], [7, 22, 8, 23], [9, 12, 10, 13], [11, 20, 12, 21], [13, 5, 14, 4], [15, 19, 16, 18], [17, 24, 18, 1], [19, 10, 20, 11], [21, 3, 22, 2], [23, 6, 24, 7], [1, 16, 2, 17]]"
12a_0464_162,"[[1, 16, 2, 17], [3, 9, 4, 8], [5, 15, 6, 14], [7, 22, 8, 23], [9, 12, 10, 13], [11, 20, 12, 21], [13, 5, 14, 4], [15, 19, 16, 18], [17, 24, 18, 1], [19, 10, 20, 11], [21, 3, 22, 2], [23, 6, 24, 7]]"
12a_0464_163,"[[23, 6, 24, 7], [1, 16, 2, 17], [3, 9, 4, 8], [5, 15, 6, 14], [7, 22, 8, 23], [9, 12, 10, 13], [11, 20, 12, 21], [13, 5, 14, 4], [15, 19, 16, 18], [17, 24, 18, 1], [19, 10, 20, 11], [21, 3, 22, 2]]"
12a_0464_164,"[[21, 3, 22, 2], [23, 6, 24, 7], [1, 16, 2, 17], [3, 9, 4, 8], [5, 15, 6, 14], [7, 22, 8, 23], [9, 12, 10, 13], [11, 20, 12, 21], [13, 5, 14, 4], [15, 19, 16, 18], [17, 24, 18, 1], [19, 10, 20, 11]]"
12a_0464_165,"[[19, 10, 20, 11], [21, 3, 22, 2], [23, 6, 24, 7], [1, 16, 2, 17], [3, 9, 4, 8], [5, 15, 6, 14], [7, 22, 8, 23], [9, 12, 10, 13], [11, 20, 12, 21], [13, 5, 14, 4], [15, 19, 16, 18], [17, 24, 18, 1]]"
12a_0464_166,"[[17, 24, 18, 1], [19, 10, 20, 11], [21, 3, 22, 2], [23, 6, 24, 7], [1, 16, 2, 17], [3, 9, 4, 8], [5, 15, 6, 14], [7, 22, 8, 23], [9, 12, 10, 13], [11, 20, 12, 21], [13, 5, 14, 4], [15, 19, 16, 18]]"
12a_0464_167,"[[15, 19, 16, 18], [17, 24, 18, 1], [19, 10, 20, 11], [21, 3, 22, 2], [23, 6, 24, 7], [1, 16, 2, 17], [3, 9, 4, 8], [5, 15, 6, 14], [7, 22, 8, 23], [9, 12, 10, 13], [11, 20, 12, 21], [13, 5, 14, 4]]"
12a_0464_168,"[[14, 6, 15, 5], [16, 20, 17, 19], [18, 1, 19, 2], [20, 11, 21, 12], [22, 4, 23, 3], [24, 7, 1, 8], [2, 17, 3, 18], [4, 10, 5, 9], [6, 16, 7, 15], [8, 23, 9, 24], [10, 13, 11, 14], [12, 21, 13, 22]]"
12a_0464_169,"[[12, 21, 13, 22], [14, 6, 15, 5], [16, 20, 17, 19], [18, 1, 19, 2], [20, 11, 21, 12], [22, 4, 23, 3], [24, 7, 1, 8], [2, 17, 3, 18], [4, 10, 5, 9], [6, 16, 7, 15], [8, 23, 9, 24], [10, 13, 11, 14]]"
12a_0464_170,"[[10, 13, 11, 14], [12, 21, 13, 22], [14, 6, 15, 5], [16, 20, 17, 19], [18, 1, 19, 2], [20, 11, 21, 12], [22, 4, 23, 3], [24, 7, 1, 8], [2, 17, 3, 18], [4, 10, 5, 9], [6, 16, 7, 15], [8, 23, 9, 24]]"
12a_0464_171,"[[8, 23, 9, 24], [10, 13, 11, 14], [12, 21, 13, 22], [14, 6, 15, 5], [16, 20, 17, 19], [18, 1, 19, 2], [20, 11, 21, 12], [22, 4, 23, 3], [24, 7, 1, 8], [2, 17, 3, 18], [4, 10, 5, 9], [6, 16, 7, 15]]"
12a_0464_172,"[[6, 16, 7, 15], [8, 23, 9, 24], [10, 13, 11, 14], [12, 21, 13, 22], [14, 6, 15, 5], [16, 20, 17, 19], [18, 1, 19, 2], [20, 11, 21, 12], [22, 4, 23, 3], [24, 7, 1, 8], [2, 17, 3, 18], [4, 10, 5, 9]]"
12a_0464_173,"[[4, 10, 5, 9], [6, 16, 7, 15], [8, 23, 9, 24], [10, 13, 11, 14], [12, 21, 13, 22], [14, 6, 15, 5], [16, 20, 17, 19], [18, 1, 19, 2], [20, 11, 21, 12], [22, 4, 23, 3], [24, 7, 1, 8], [2, 17, 3, 18]]"
12a_0464_174,"[[2, 17, 3, 18], [4, 10, 5, 9], [6, 16, 7, 15], [8, 23, 9, 24], [10, 13, 11, 14], [12, 21, 13, 22], [14, 6, 15, 5], [16, 20, 17, 19], [18, 1, 19, 2], [20, 11, 21, 12], [22, 4, 23, 3], [24, 7, 1, 8]]"
12a_0464_175,"[[24, 7, 1, 8], [2, 17, 3, 18], [4, 10, 5, 9], [6, 16, 7, 15], [8, 23, 9, 24], [10, 13, 11, 14], [12, 21, 13, 22], [14, 6, 15, 5], [16, 20, 17, 19], [18, 1, 19, 2], [20, 11, 21, 12], [22, 4, 23, 3]]"
12a_0464_176,"[[22, 4, 23, 3], [24, 7, 1, 8], [2, 17, 3, 18], [4, 10, 5, 9], [6, 16, 7, 15], [8, 23, 9, 24], [10, 13, 11, 14], [12, 21, 13, 22], [14, 6, 15, 5], [16, 20, 17, 19], [18, 1, 19, 2], [20, 11, 21, 12]]"
12a_0464_177,"[[20, 11, 21, 12], [22, 4, 23, 3], [24, 7, 1, 8], [2, 17, 3, 18], [4, 10, 5, 9], [6, 16, 7, 15], [8, 23, 9, 24], [10, 13, 11, 14], [12, 21, 13, 22], [14, 6, 15, 5], [16, 20, 17, 19], [18, 1, 19, 2]]"
12a_0464_178,"[[18, 1, 19, 2], [20, 11, 21, 12], [22, 4, 23, 3], [24, 7, 1, 8], [2, 17, 3, 18], [4, 10, 5, 9], [6, 16, 7, 15], [8, 23, 9, 24], [10, 13, 11, 14], [12, 21, 13, 22], [14, 6, 15, 5], [16, 20, 17, 19]]"
12a_0464_179,"[[16, 20, 17, 19], [18, 1, 19, 2], [20, 11, 21, 12], [22, 4, 23, 3], [24, 7, 1, 8], [2, 17, 3, 18], [4, 10, 5, 9], [6, 16, 7, 15], [8, 23, 9, 24], [10, 13, 11, 14], [12, 21, 13, 22], [14, 6, 15, 5]]"
12a_0464_180,"[[15, 7, 16, 6], [17, 21, 18, 20], [19, 2, 20, 3], [21, 12, 22, 13], [23, 5, 24, 4], [1, 8, 2, 9], [3, 18, 4, 19], [5, 11, 6, 10], [7, 17, 8, 16], [9, 24, 10, 1], [11, 14, 12, 15], [13, 22, 14, 23]]"
12a_0464_181,"[[13, 22, 14, 23], [15, 7, 16, 6], [17, 21, 18, 20], [19, 2, 20, 3], [21, 12, 22, 13], [23, 5, 24, 4], [1, 8, 2, 9], [3, 18, 4, 19], [5, 11, 6, 10], [7, 17, 8, 16], [9, 24, 10, 1], [11, 14, 12, 15]]"
12a_0464_182,"[[11, 14, 12, 15], [13, 22, 14, 23], [15, 7, 16, 6], [17, 21, 18, 20], [19, 2, 20, 3], [21, 12, 22, 13], [23, 5, 24, 4], [1, 8, 2, 9], [3, 18, 4, 19], [5, 11, 6, 10], [7, 17, 8, 16], [9, 24, 10, 1]]"
12a_0464_183,"[[9, 24, 10, 1], [11, 14, 12, 15], [13, 22, 14, 23], [15, 7, 16, 6], [17, 21, 18, 20], [19, 2, 20, 3], [21, 12, 22, 13], [23, 5, 24, 4], [1, 8, 2, 9], [3, 18, 4, 19], [5, 11, 6, 10], [7, 17, 8, 16]]"
12a_0464_184,"[[7, 17, 8, 16], [9, 24, 10, 1], [11, 14, 12, 15], [13, 22, 14, 23], [15, 7, 16, 6], [17, 21, 18, 20], [19, 2, 20, 3], [21, 12, 22, 13], [23, 5, 24, 4], [1, 8, 2, 9], [3, 18, 4, 19], [5, 11, 6, 10]]"
12a_0464_185,"[[5, 11, 6, 10], [7, 17, 8, 16], [9, 24, 10, 1], [11, 14, 12, 15], [13, 22, 14, 23], [15, 7, 16, 6], [17, 21, 18, 20], [19, 2, 20, 3], [21, 12, 22, 13], [23, 5, 24, 4], [1, 8, 2, 9], [3, 18, 4, 19]]"
