name,pd_notation
12a_0098_0,"[[24, 14, 1, 13], [2, 6, 3, 5], [4, 10, 5, 9], [6, 15, 7, 16], [8, 4, 9, 3], [10, 20, 11, 19], [12, 21, 13, 22], [14, 17, 15, 18], [16, 7, 17, 8], [18, 2, 19, 1], [20, 24, 21, 23], [22, 11, 23, 12]]"
12a_0098_1,"[[22, 11, 23, 12], [24, 14, 1, 13], [2, 6, 3, 5], [4, 10, 5, 9], [6, 15, 7, 16], [8, 4, 9, 3], [10, 20, 11, 19], [12, 21, 13, 22], [14, 17, 15, 18], [16, 7, 17, 8], [18, 2, 19, 1], [20, 24, 21, 23]]"
12a_0098_2,"[[20, 24, 21, 23], [22, 11, 23, 12], [24, 14, 1, 13], [2, 6, 3, 5], [4, 10, 5, 9], [6, 15, 7, 16], [8, 4, 9, 3], [10, 20, 11, 19], [12, 21, 13, 22], [14, 17, 15, 18], [16, 7, 17, 8], [18, 2, 19, 1]]"
12a_0098_3,"[[18, 2, 19, 1], [20, 24, 21, 23], [22, 11, 23, 12], [24, 14, 1, 13], [2, 6, 3, 5], [4, 10, 5, 9], [6, 15, 7, 16], [8, 4, 9, 3], [10, 20, 11, 19], [12, 21, 13, 22], [14, 17, 15, 18], [16, 7, 17, 8]]"
12a_0098_4,"[[16, 7, 17, 8], [18, 2, 19, 1], [20, 24, 21, 23], [22, 11, 23, 12], [24, 14, 1, 13], [2, 6, 3, 5], [4, 10, 5, 9], [6, 15, 7, 16], [8, 4, 9, 3], [10, 20, 11, 19], [12, 21, 13, 22], [14, 17, 15, 18]]"
12a_0098_5,"[[14, 17, 15, 18], [16, 7, 17, 8], [18, 2, 19, 1], [20, 24, 21, 23], [22, 11, 23, 12], [24, 14, 1, 13], [2, 6, 3, 5], [4, 10, 5, 9], [6, 15, 7, 16], [8, 4, 9, 3], [10, 20, 11, 19], [12, 21, 13, 22]]"
12a_0098_6,"[[12, 21, 13, 22], [14, 17, 15, 18], [16, 7, 17, 8], [18, 2, 19, 1], [20, 24, 21, 23], [22, 11, 23, 12], [24, 14, 1, 13], [2, 6, 3, 5], [4, 10, 5, 9], [6, 15, 7, 16], [8, 4, 9, 3], [10, 20, 11, 19]]"
12a_0098_7,"[[10, 20, 11, 19], [12, 21, 13, 22], [14, 17, 15, 18], [16, 7, 17, 8], [18, 2, 19, 1], [20, 24, 21, 23], [22, 11, 23, 12], [24, 14, 1, 13], [2, 6, 3, 5], [4, 10, 5, 9], [6, 15, 7, 16], [8, 4, 9, 3]]"
12a_0098_8,"[[8, 4, 9, 3], [10, 20, 11, 19], [12, 21, 13, 22], [14, 17, 15, 18], [16, 7, 17, 8], [18, 2, 19, 1], [20, 24, 21, 23], [22, 11, 23, 12], [24, 14, 1, 13], [2, 6, 3, 5], [4, 10, 5, 9], [6, 15, 7, 16]]"
12a_0098_9,"[[6, 15, 7, 16], [8, 4, 9, 3], [10, 20, 11, 19], [12, 21, 13, 22], [14, 17, 15, 18], [16, 7, 17, 8], [18, 2, 19, 1], [20, 24, 21, 23], [22, 11, 23, 12], [24, 14, 1, 13], [2, 6, 3, 5], [4, 10, 5, 9]]"
12a_0098_10,"[[4, 10, 5, 9], [6, 15, 7, 16], [8, 4, 9, 3], [10, 20, 11, 19], [12, 21, 13, 22], [14, 17, 15, 18], [16, 7, 17, 8], [18, 2, 19, 1], [20, 24, 21, 23], [22, 11, 23, 12], [24, 14, 1, 13], [2, 6, 3, 5]]"
12a_0098_11,"[[2, 6, 3, 5], [4, 10, 5, 9], [6, 15, 7, 16], [8, 4, 9, 3], [10, 20, 11, 19], [12, 21, 13, 22], [14, 17, 15, 18], [16, 7, 17, 8], [18, 2, 19, 1], [20, 24, 21, 23], [22, 11, 23, 12], [24, 14, 1, 13]]"
12a_0098_12,"[[1, 15, 2, 14], [3, 7, 4, 6], [5, 11, 6, 10], [7, 16, 8, 17], [9, 5, 10, 4], [11, 21, 12, 20], [13, 22, 14, 23], [15, 18, 16, 19], [17, 8, 18, 9], [19, 3, 20, 2], [21, 1, 22, 24], [23, 12, 24, 13]]"
12a_0098_13,"[[23, 12, 24, 13], [1, 15, 2, 14], [3, 7, 4, 6], [5, 11, 6, 10], [7, 16, 8, 17], [9, 5, 10, 4], [11, 21, 12, 20], [13, 22, 14, 23], [15, 18, 16, 19], [17, 8, 18, 9], [19, 3, 20, 2], [21, 1, 22, 24]]"
12a_0098_14,"[[21, 1, 22, 24], [23, 12, 24, 13], [1, 15, 2, 14], [3, 7, 4, 6], [5, 11, 6, 10], [7, 16, 8, 17], [9, 5, 10, 4], [11, 21, 12, 20], [13, 22, 14, 23], [15, 18, 16, 19], [17, 8, 18, 9], [19, 3, 20, 2]]"
12a_0098_15,"[[19, 3, 20, 2], [21, 1, 22, 24], [23, 12, 24, 13], [1, 15, 2, 14], [3, 7, 4, 6], [5, 11, 6, 10], [7, 16, 8, 17], [9, 5, 10, 4], [11, 21, 12, 20], [13, 22, 14, 23], [15, 18, 16, 19], [17, 8, 18, 9]]"
12a_0098_16,"[[17, 8, 18, 9], [19, 3, 20, 2], [21, 1, 22, 24], [23, 12, 24, 13], [1, 15, 2, 14], [3, 7, 4, 6], [5, 11, 6, 10], [7, 16, 8, 17], [9, 5, 10, 4], [11, 21, 12, 20], [13, 22, 14, 23], [15, 18, 16, 19]]"
12a_0098_17,"[[15, 18, 16, 19], [17, 8, 18, 9], [19, 3, 20, 2], [21, 1, 22, 24], [23, 12, 24, 13], [1, 15, 2, 14], [3, 7, 4, 6], [5, 11, 6, 10], [7, 16, 8, 17], [9, 5, 10, 4], [11, 21, 12, 20], [13, 22, 14, 23]]"
12a_0098_18,"[[13, 22, 14, 23], [15, 18, 16, 19], [17, 8, 18, 9], [19, 3, 20, 2], [21, 1, 22, 24], [23, 12, 24, 13], [1, 15, 2, 14], [3, 7, 4, 6], [5, 11, 6, 10], [7, 16, 8, 17], [9, 5, 10, 4], [11, 21, 12, 20]]"
12a_0098_19,"[[11, 21, 12, 20], [13, 22, 14, 23], [15, 18, 16, 19], [17, 8, 18, 9], [19, 3, 20, 2], [21, 1, 22, 24], [23, 12, 24, 13], [1, 15, 2, 14], [3, 7, 4, 6], [5, 11, 6, 10], [7, 16, 8, 17], [9, 5, 10, 4]]"
12a_0098_20,"[[9, 5, 10, 4], [11, 21, 12, 20], [13, 22, 14, 23], [15, 18, 16, 19], [17, 8, 18, 9], [19, 3, 20, 2], [21, 1, 22, 24], [23, 12, 24, 13], [1, 15, 2, 14], [3, 7, 4, 6], [5, 11, 6, 10], [7, 16, 8, 17]]"
12a_0098_21,"[[7, 16, 8, 17], [9, 5, 10, 4], [11, 21, 12, 20], [13, 22, 14, 23], [15, 18, 16, 19], [17, 8, 18, 9], [19, 3, 20, 2], [21, 1, 22, 24], [23, 12, 24, 13], [1, 15, 2, 14], [3, 7, 4, 6], [5, 11, 6, 10]]"
12a_0098_22,"[[5, 11, 6, 10], [7, 16, 8, 17], [9, 5, 10, 4], [11, 21, 12, 20], [13, 22, 14, 23], [15, 18, 16, 19], [17, 8, 18, 9], [19, 3, 20, 2], [21, 1, 22, 24], [23, 12, 24, 13], [1, 15, 2, 14], [3, 7, 4, 6]]"
12a_0098_23,"[[3, 7, 4, 6], [5, 11, 6, 10], [7, 16, 8, 17], [9, 5, 10, 4], [11, 21, 12, 20], [13, 22, 14, 23], [15, 18, 16, 19], [17, 8, 18, 9], [19, 3, 20, 2], [21, 1, 22, 24], [23, 12, 24, 13], [1, 15, 2, 14]]"
12a_0098_24,"[[2, 16, 3, 15], [4, 8, 5, 7], [6, 12, 7, 11], [8, 17, 9, 18], [10, 6, 11, 5], [12, 22, 13, 21], [14, 23, 15, 24], [16, 19, 17, 20], [18, 9, 19, 10], [20, 4, 21, 3], [22, 2, 23, 1], [24, 13, 1, 14]]"
12a_0098_25,"[[24, 13, 1, 14], [2, 16, 3, 15], [4, 8, 5, 7], [6, 12, 7, 11], [8, 17, 9, 18], [10, 6, 11, 5], [12, 22, 13, 21], [14, 23, 15, 24], [16, 19, 17, 20], [18, 9, 19, 10], [20, 4, 21, 3], [22, 2, 23, 1]]"
12a_0098_26,"[[22, 2, 23, 1], [24, 13, 1, 14], [2, 16, 3, 15], [4, 8, 5, 7], [6, 12, 7, 11], [8, 17, 9, 18], [10, 6, 11, 5], [12, 22, 13, 21], [14, 23, 15, 24], [16, 19, 17, 20], [18, 9, 19, 10], [20, 4, 21, 3]]"
12a_0098_27,"[[20, 4, 21, 3], [22, 2, 23, 1], [24, 13, 1, 14], [2, 16, 3, 15], [4, 8, 5, 7], [6, 12, 7, 11], [8, 17, 9, 18], [10, 6, 11, 5], [12, 22, 13, 21], [14, 23, 15, 24], [16, 19, 17, 20], [18, 9, 19, 10]]"
12a_0098_28,"[[18, 9, 19, 10], [20, 4, 21, 3], [22, 2, 23, 1], [24, 13, 1, 14], [2, 16, 3, 15], [4, 8, 5, 7], [6, 12, 7, 11], [8, 17, 9, 18], [10, 6, 11, 5], [12, 22, 13, 21], [14, 23, 15, 24], [16, 19, 17, 20]]"
12a_0098_29,"[[16, 19, 17, 20], [18, 9, 19, 10], [20, 4, 21, 3], [22, 2, 23, 1], [24, 13, 1, 14], [2, 16, 3, 15], [4, 8, 5, 7], [6, 12, 7, 11], [8, 17, 9, 18], [10, 6, 11, 5], [12, 22, 13, 21], [14, 23, 15, 24]]"
12a_0098_30,"[[14, 23, 15, 24], [16, 19, 17, 20], [18, 9, 19, 10], [20, 4, 21, 3], [22, 2, 23, 1], [24, 13, 1, 14], [2, 16, 3, 15], [4, 8, 5, 7], [6, 12, 7, 11], [8, 17, 9, 18], [10, 6, 11, 5], [12, 22, 13, 21]]"
12a_0098_31,"[[12, 22, 13, 21], [14, 23, 15, 24], [16, 19, 17, 20], [18, 9, 19, 10], [20, 4, 21, 3], [22, 2, 23, 1], [24, 13, 1, 14], [2, 16, 3, 15], [4, 8, 5, 7], [6, 12, 7, 11], [8, 17, 9, 18], [10, 6, 11, 5]]"
12a_0098_32,"[[10, 6, 11, 5], [12, 22, 13, 21], [14, 23, 15, 24], [16, 19, 17, 20], [18, 9, 19, 10], [20, 4, 21, 3], [22, 2, 23, 1], [24, 13, 1, 14], [2, 16, 3, 15], [4, 8, 5, 7], [6, 12, 7, 11], [8, 17, 9, 18]]"
12a_0098_33,"[[8, 17, 9, 18], [10, 6, 11, 5], [12, 22, 13, 21], [14, 23, 15, 24], [16, 19, 17, 20], [18, 9, 19, 10], [20, 4, 21, 3], [22, 2, 23, 1], [24, 13, 1, 14], [2, 16, 3, 15], [4, 8, 5, 7], [6, 12, 7, 11]]"
12a_0098_34,"[[6, 12, 7, 11], [8, 17, 9, 18], [10, 6, 11, 5], [12, 22, 13, 21], [14, 23, 15, 24], [16, 19, 17, 20], [18, 9, 19, 10], [20, 4, 21, 3], [22, 2, 23, 1], [24, 13, 1, 14], [2, 16, 3, 15], [4, 8, 5, 7]]"
12a_0098_35,"[[4, 8, 5, 7], [6, 12, 7, 11], [8, 17, 9, 18], [10, 6, 11, 5], [12, 22, 13, 21], [14, 23, 15, 24], [16, 19, 17, 20], [18, 9, 19, 10], [20, 4, 21, 3], [22, 2, 23, 1], [24, 13, 1, 14], [2, 16, 3, 15]]"
12a_0098_36,"[[3, 17, 4, 16], [5, 9, 6, 8], [7, 13, 8, 12], [9, 18, 10, 19], [11, 7, 12, 6], [13, 23, 14, 22], [15, 24, 16, 1], [17, 20, 18, 21], [19, 10, 20, 11], [21, 5, 22, 4], [23, 3, 24, 2], [1, 14, 2, 15]]"
12a_0098_37,"[[1, 14, 2, 15], [3, 17, 4, 16], [5, 9, 6, 8], [7, 13, 8, 12], [9, 18, 10, 19], [11, 7, 12, 6], [13, 23, 14, 22], [15, 24, 16, 1], [17, 20, 18, 21], [19, 10, 20, 11], [21, 5, 22, 4], [23, 3, 24, 2]]"
12a_0098_38,"[[23, 3, 24, 2], [1, 14, 2, 15], [3, 17, 4, 16], [5, 9, 6, 8], [7, 13, 8, 12], [9, 18, 10, 19], [11, 7, 12, 6], [13, 23, 14, 22], [15, 24, 16, 1], [17, 20, 18, 21], [19, 10, 20, 11], [21, 5, 22, 4]]"
12a_0098_39,"[[21, 5, 22, 4], [23, 3, 24, 2], [1, 14, 2, 15], [3, 17, 4, 16], [5, 9, 6, 8], [7, 13, 8, 12], [9, 18, 10, 19], [11, 7, 12, 6], [13, 23, 14, 22], [15, 24, 16, 1], [17, 20, 18, 21], [19, 10, 20, 11]]"
12a_0098_40,"[[19, 10, 20, 11], [21, 5, 22, 4], [23, 3, 24, 2], [1, 14, 2, 15], [3, 17, 4, 16], [5, 9, 6, 8], [7, 13, 8, 12], [9, 18, 10, 19], [11, 7, 12, 6], [13, 23, 14, 22], [15, 24, 16, 1], [17, 20, 18, 21]]"
12a_0098_41,"[[17, 20, 18, 21], [19, 10, 20, 11], [21, 5, 22, 4], [23, 3, 24, 2], [1, 14, 2, 15], [3, 17, 4, 16], [5, 9, 6, 8], [7, 13, 8, 12], [9, 18, 10, 19], [11, 7, 12, 6], [13, 23, 14, 22], [15, 24, 16, 1]]"
12a_0098_42,"[[15, 24, 16, 1], [17, 20, 18, 21], [19, 10, 20, 11], [21, 5, 22, 4], [23, 3, 24, 2], [1, 14, 2, 15], [3, 17, 4, 16], [5, 9, 6, 8], [7, 13, 8, 12], [9, 18, 10, 19], [11, 7, 12, 6], [13, 23, 14, 22]]"
12a_0098_43,"[[13, 23, 14, 22], [15, 24, 16, 1], [17, 20, 18, 21], [19, 10, 20, 11], [21, 5, 22, 4], [23, 3, 24, 2], [1, 14, 2, 15], [3, 17, 4, 16], [5, 9, 6, 8], [7, 13, 8, 12], [9, 18, 10, 19], [11, 7, 12, 6]]"
12a_0098_44,"[[11, 7, 12, 6], [13, 23, 14, 22], [15, 24, 16, 1], [17, 20, 18, 21], [19, 10, 20, 11], [21, 5, 22, 4], [23, 3, 24, 2], [1, 14, 2, 15], [3, 17, 4, 16], [5, 9, 6, 8], [7, 13, 8, 12], [9, 18, 10, 19]]"
12a_0098_45,"[[9, 18, 10, 19], [11, 7, 12, 6], [13, 23, 14, 22], [15, 24, 16, 1], [17, 20, 18, 21], [19, 10, 20, 11], [21, 5, 22, 4], [23, 3, 24, 2], [1, 14, 2, 15], [3, 17, 4, 16], [5, 9, 6, 8], [7, 13, 8, 12]]"
12a_0098_46,"[[7, 13, 8, 12], [9, 18, 10, 19], [11, 7, 12, 6], [13, 23, 14, 22], [15, 24, 16, 1], [17, 20, 18, 21], [19, 10, 20, 11], [21, 5, 22, 4], [23, 3, 24, 2], [1, 14, 2, 15], [3, 17, 4, 16], [5, 9, 6, 8]]"
12a_0098_47,"[[5, 9, 6, 8], [7, 13, 8, 12], [9, 18, 10, 19], [11, 7, 12, 6], [13, 23, 14, 22], [15, 24, 16, 1], [17, 20, 18, 21], [19, 10, 20, 11], [21, 5, 22, 4], [23, 3, 24, 2], [1, 14, 2, 15], [3, 17, 4, 16]]"
12a_0098_48,"[[4, 18, 5, 17], [6, 10, 7, 9], [8, 14, 9, 13], [10, 19, 11, 20], [12, 8, 13, 7], [14, 24, 15, 23], [16, 1, 17, 2], [18, 21, 19, 22], [20, 11, 21, 12], [22, 6, 23, 5], [24, 4, 1, 3], [2, 15, 3, 16]]"
12a_0098_49,"[[2, 15, 3, 16], [4, 18, 5, 17], [6, 10, 7, 9], [8, 14, 9, 13], [10, 19, 11, 20], [12, 8, 13, 7], [14, 24, 15, 23], [16, 1, 17, 2], [18, 21, 19, 22], [20, 11, 21, 12], [22, 6, 23, 5], [24, 4, 1, 3]]"
12a_0098_50,"[[24, 4, 1, 3], [2, 15, 3, 16], [4, 18, 5, 17], [6, 10, 7, 9], [8, 14, 9, 13], [10, 19, 11, 20], [12, 8, 13, 7], [14, 24, 15, 23], [16, 1, 17, 2], [18, 21, 19, 22], [20, 11, 21, 12], [22, 6, 23, 5]]"
12a_0098_51,"[[22, 6, 23, 5], [24, 4, 1, 3], [2, 15, 3, 16], [4, 18, 5, 17], [6, 10, 7, 9], [8, 14, 9, 13], [10, 19, 11, 20], [12, 8, 13, 7], [14, 24, 15, 23], [16, 1, 17, 2], [18, 21, 19, 22], [20, 11, 21, 12]]"
12a_0098_52,"[[20, 11, 21, 12], [22, 6, 23, 5], [24, 4, 1, 3], [2, 15, 3, 16], [4, 18, 5, 17], [6, 10, 7, 9], [8, 14, 9, 13], [10, 19, 11, 20], [12, 8, 13, 7], [14, 24, 15, 23], [16, 1, 17, 2], [18, 21, 19, 22]]"
12a_0098_53,"[[18, 21, 19, 22], [20, 11, 21, 12], [22, 6, 23, 5], [24, 4, 1, 3], [2, 15, 3, 16], [4, 18, 5, 17], [6, 10, 7, 9], [8, 14, 9, 13], [10, 19, 11, 20], [12, 8, 13, 7], [14, 24, 15, 23], [16, 1, 17, 2]]"
12a_0098_54,"[[16, 1, 17, 2], [18, 21, 19, 22], [20, 11, 21, 12], [22, 6, 23, 5], [24, 4, 1, 3], [2, 15, 3, 16], [4, 18, 5, 17], [6, 10, 7, 9], [8, 14, 9, 13], [10, 19, 11, 20], [12, 8, 13, 7], [14, 24, 15, 23]]"
12a_0098_55,"[[14, 24, 15, 23], [16, 1, 17, 2], [18, 21, 19, 22], [20, 11, 21, 12], [22, 6, 23, 5], [24, 4, 1, 3], [2, 15, 3, 16], [4, 18, 5, 17], [6, 10, 7, 9], [8, 14, 9, 13], [10, 19, 11, 20], [12, 8, 13, 7]]"
12a_0098_56,"[[12, 8, 13, 7], [14, 24, 15, 23], [16, 1, 17, 2], [18, 21, 19, 22], [20, 11, 21, 12], [22, 6, 23, 5], [24, 4, 1, 3], [2, 15, 3, 16], [4, 18, 5, 17], [6, 10, 7, 9], [8, 14, 9, 13], [10, 19, 11, 20]]"
12a_0098_57,"[[10, 19, 11, 20], [12, 8, 13, 7], [14, 24, 15, 23], [16, 1, 17, 2], [18, 21, 19, 22], [20, 11, 21, 12], [22, 6, 23, 5], [24, 4, 1, 3], [2, 15, 3, 16], [4, 18, 5, 17], [6, 10, 7, 9], [8, 14, 9, 13]]"
12a_0098_58,"[[8, 14, 9, 13], [10, 19, 11, 20], [12, 8, 13, 7], [14, 24, 15, 23], [16, 1, 17, 2], [18, 21, 19, 22], [20, 11, 21, 12], [22, 6, 23, 5], [24, 4, 1, 3], [2, 15, 3, 16], [4, 18, 5, 17], [6, 10, 7, 9]]"
12a_0098_59,"[[6, 10, 7, 9], [8, 14, 9, 13], [10, 19, 11, 20], [12, 8, 13, 7], [14, 24, 15, 23], [16, 1, 17, 2], [18, 21, 19, 22], [20, 11, 21, 12], [22, 6, 23, 5], [24, 4, 1, 3], [2, 15, 3, 16], [4, 18, 5, 17]]"
12a_0098_60,"[[5, 19, 6, 18], [7, 11, 8, 10], [9, 15, 10, 14], [11, 20, 12, 21], [13, 9, 14, 8], [15, 1, 16, 24], [17, 2, 18, 3], [19, 22, 20, 23], [21, 12, 22, 13], [23, 7, 24, 6], [1, 5, 2, 4], [3, 16, 4, 17]]"
12a_0098_61,"[[3, 16, 4, 17], [5, 19, 6, 18], [7, 11, 8, 10], [9, 15, 10, 14], [11, 20, 12, 21], [13, 9, 14, 8], [15, 1, 16, 24], [17, 2, 18, 3], [19, 22, 20, 23], [21, 12, 22, 13], [23, 7, 24, 6], [1, 5, 2, 4]]"
12a_0098_62,"[[1, 5, 2, 4], [3, 16, 4, 17], [5, 19, 6, 18], [7, 11, 8, 10], [9, 15, 10, 14], [11, 20, 12, 21], [13, 9, 14, 8], [15, 1, 16, 24], [17, 2, 18, 3], [19, 22, 20, 23], [21, 12, 22, 13], [23, 7, 24, 6]]"
12a_0098_63,"[[23, 7, 24, 6], [1, 5, 2, 4], [3, 16, 4, 17], [5, 19, 6, 18], [7, 11, 8, 10], [9, 15, 10, 14], [11, 20, 12, 21], [13, 9, 14, 8], [15, 1, 16, 24], [17, 2, 18, 3], [19, 22, 20, 23], [21, 12, 22, 13]]"
12a_0098_64,"[[21, 12, 22, 13], [23, 7, 24, 6], [1, 5, 2, 4], [3, 16, 4, 17], [5, 19, 6, 18], [7, 11, 8, 10], [9, 15, 10, 14], [11, 20, 12, 21], [13, 9, 14, 8], [15, 1, 16, 24], [17, 2, 18, 3], [19, 22, 20, 23]]"
12a_0098_65,"[[19, 22, 20, 23], [21, 12, 22, 13], [23, 7, 24, 6], [1, 5, 2, 4], [3, 16, 4, 17], [5, 19, 6, 18], [7, 11, 8, 10], [9, 15, 10, 14], [11, 20, 12, 21], [13, 9, 14, 8], [15, 1, 16, 24], [17, 2, 18, 3]]"
12a_0098_66,"[[17, 2, 18, 3], [19, 22, 20, 23], [21, 12, 22, 13], [23, 7, 24, 6], [1, 5, 2, 4], [3, 16, 4, 17], [5, 19, 6, 18], [7, 11, 8, 10], [9, 15, 10, 14], [11, 20, 12, 21], [13, 9, 14, 8], [15, 1, 16, 24]]"
12a_0098_67,"[[15, 1, 16, 24], [17, 2, 18, 3], [19, 22, 20, 23], [21, 12, 22, 13], [23, 7, 24, 6], [1, 5, 2, 4], [3, 16, 4, 17], [5, 19, 6, 18], [7, 11, 8, 10], [9, 15, 10, 14], [11, 20, 12, 21], [13, 9, 14, 8]]"
12a_0098_68,"[[13, 9, 14, 8], [15, 1, 16, 24], [17, 2, 18, 3], [19, 22, 20, 23], [21, 12, 22, 13], [23, 7, 24, 6], [1, 5, 2, 4], [3, 16, 4, 17], [5, 19, 6, 18], [7, 11, 8, 10], [9, 15, 10, 14], [11, 20, 12, 21]]"
12a_0098_69,"[[11, 20, 12, 21], [13, 9, 14, 8], [15, 1, 16, 24], [17, 2, 18, 3], [19, 22, 20, 23], [21, 12, 22, 13], [23, 7, 24, 6], [1, 5, 2, 4], [3, 16, 4, 17], [5, 19, 6, 18], [7, 11, 8, 10], [9, 15, 10, 14]]"
12a_0098_70,"[[9, 15, 10, 14], [11, 20, 12, 21], [13, 9, 14, 8], [15, 1, 16, 24], [17, 2, 18, 3], [19, 22, 20, 23], [21, 12, 22, 13], [23, 7, 24, 6], [1, 5, 2, 4], [3, 16, 4, 17], [5, 19, 6, 18], [7, 11, 8, 10]]"
12a_0098_71,"[[7, 11, 8, 10], [9, 15, 10, 14], [11, 20, 12, 21], [13, 9, 14, 8], [15, 1, 16, 24], [17, 2, 18, 3], [19, 22, 20, 23], [21, 12, 22, 13], [23, 7, 24, 6], [1, 5, 2, 4], [3, 16, 4, 17], [5, 19, 6, 18]]"
12a_0098_72,"[[6, 20, 7, 19], [8, 12, 9, 11], [10, 16, 11, 15], [12, 21, 13, 22], [14, 10, 15, 9], [16, 2, 17, 1], [18, 3, 19, 4], [20, 23, 21, 24], [22, 13, 23, 14], [24, 8, 1, 7], [2, 6, 3, 5], [4, 17, 5, 18]]"
12a_0098_73,"[[4, 17, 5, 18], [6, 20, 7, 19], [8, 12, 9, 11], [10, 16, 11, 15], [12, 21, 13, 22], [14, 10, 15, 9], [16, 2, 17, 1], [18, 3, 19, 4], [20, 23, 21, 24], [22, 13, 23, 14], [24, 8, 1, 7], [2, 6, 3, 5]]"
12a_0098_74,"[[2, 6, 3, 5], [4, 17, 5, 18], [6, 20, 7, 19], [8, 12, 9, 11], [10, 16, 11, 15], [12, 21, 13, 22], [14, 10, 15, 9], [16, 2, 17, 1], [18, 3, 19, 4], [20, 23, 21, 24], [22, 13, 23, 14], [24, 8, 1, 7]]"
12a_0098_75,"[[24, 8, 1, 7], [2, 6, 3, 5], [4, 17, 5, 18], [6, 20, 7, 19], [8, 12, 9, 11], [10, 16, 11, 15], [12, 21, 13, 22], [14, 10, 15, 9], [16, 2, 17, 1], [18, 3, 19, 4], [20, 23, 21, 24], [22, 13, 23, 14]]"
12a_0098_76,"[[22, 13, 23, 14], [24, 8, 1, 7], [2, 6, 3, 5], [4, 17, 5, 18], [6, 20, 7, 19], [8, 12, 9, 11], [10, 16, 11, 15], [12, 21, 13, 22], [14, 10, 15, 9], [16, 2, 17, 1], [18, 3, 19, 4], [20, 23, 21, 24]]"
12a_0098_77,"[[20, 23, 21, 24], [22, 13, 23, 14], [24, 8, 1, 7], [2, 6, 3, 5], [4, 17, 5, 18], [6, 20, 7, 19], [8, 12, 9, 11], [10, 16, 11, 15], [12, 21, 13, 22], [14, 10, 15, 9], [16, 2, 17, 1], [18, 3, 19, 4]]"
12a_0098_78,"[[18, 3, 19, 4], [20, 23, 21, 24], [22, 13, 23, 14], [24, 8, 1, 7], [2, 6, 3, 5], [4, 17, 5, 18], [6, 20, 7, 19], [8, 12, 9, 11], [10, 16, 11, 15], [12, 21, 13, 22], [14, 10, 15, 9], [16, 2, 17, 1]]"
12a_0098_79,"[[16, 2, 17, 1], [18, 3, 19, 4], [20, 23, 21, 24], [22, 13, 23, 14], [24, 8, 1, 7], [2, 6, 3, 5], [4, 17, 5, 18], [6, 20, 7, 19], [8, 12, 9, 11], [10, 16, 11, 15], [12, 21, 13, 22], [14, 10, 15, 9]]"
12a_0098_80,"[[14, 10, 15, 9], [16, 2, 17, 1], [18, 3, 19, 4], [20, 23, 21, 24], [22, 13, 23, 14], [24, 8, 1, 7], [2, 6, 3, 5], [4, 17, 5, 18], [6, 20, 7, 19], [8, 12, 9, 11], [10, 16, 11, 15], [12, 21, 13, 22]]"
12a_0098_81,"[[12, 21, 13, 22], [14, 10, 15, 9], [16, 2, 17, 1], [18, 3, 19, 4], [20, 23, 21, 24], [22, 13, 23, 14], [24, 8, 1, 7], [2, 6, 3, 5], [4, 17, 5, 18], [6, 20, 7, 19], [8, 12, 9, 11], [10, 16, 11, 15]]"
12a_0098_82,"[[10, 16, 11, 15], [12, 21, 13, 22], [14, 10, 15, 9], [16, 2, 17, 1], [18, 3, 19, 4], [20, 23, 21, 24], [22, 13, 23, 14], [24, 8, 1, 7], [2, 6, 3, 5], [4, 17, 5, 18], [6, 20, 7, 19], [8, 12, 9, 11]]"
12a_0098_83,"[[8, 12, 9, 11], [10, 16, 11, 15], [12, 21, 13, 22], [14, 10, 15, 9], [16, 2, 17, 1], [18, 3, 19, 4], [20, 23, 21, 24], [22, 13, 23, 14], [24, 8, 1, 7], [2, 6, 3, 5], [4, 17, 5, 18], [6, 20, 7, 19]]"
12a_0098_84,"[[7, 21, 8, 20], [9, 13, 10, 12], [11, 17, 12, 16], [13, 22, 14, 23], [15, 11, 16, 10], [17, 3, 18, 2], [19, 4, 20, 5], [21, 24, 22, 1], [23, 14, 24, 15], [1, 9, 2, 8], [3, 7, 4, 6], [5, 18, 6, 19]]"
12a_0098_85,"[[5, 18, 6, 19], [7, 21, 8, 20], [9, 13, 10, 12], [11, 17, 12, 16], [13, 22, 14, 23], [15, 11, 16, 10], [17, 3, 18, 2], [19, 4, 20, 5], [21, 24, 22, 1], [23, 14, 24, 15], [1, 9, 2, 8], [3, 7, 4, 6]]"
12a_0098_86,"[[3, 7, 4, 6], [5, 18, 6, 19], [7, 21, 8, 20], [9, 13, 10, 12], [11, 17, 12, 16], [13, 22, 14, 23], [15, 11, 16, 10], [17, 3, 18, 2], [19, 4, 20, 5], [21, 24, 22, 1], [23, 14, 24, 15], [1, 9, 2, 8]]"
12a_0098_87,"[[1, 9, 2, 8], [3, 7, 4, 6], [5, 18, 6, 19], [7, 21, 8, 20], [9, 13, 10, 12], [11, 17, 12, 16], [13, 22, 14, 23], [15, 11, 16, 10], [17, 3, 18, 2], [19, 4, 20, 5], [21, 24, 22, 1], [23, 14, 24, 15]]"
12a_0098_88,"[[23, 14, 24, 15], [1, 9, 2, 8], [3, 7, 4, 6], [5, 18, 6, 19], [7, 21, 8, 20], [9, 13, 10, 12], [11, 17, 12, 16], [13, 22, 14, 23], [15, 11, 16, 10], [17, 3, 18, 2], [19, 4, 20, 5], [21, 24, 22, 1]]"
12a_0098_89,"[[21, 24, 22, 1], [23, 14, 24, 15], [1, 9, 2, 8], [3, 7, 4, 6], [5, 18, 6, 19], [7, 21, 8, 20], [9, 13, 10, 12], [11, 17, 12, 16], [13, 22, 14, 23], [15, 11, 16, 10], [17, 3, 18, 2], [19, 4, 20, 5]]"
12a_0098_90,"[[19, 4, 20, 5], [21, 24, 22, 1], [23, 14, 24, 15], [1, 9, 2, 8], [3, 7, 4, 6], [5, 18, 6, 19], [7, 21, 8, 20], [9, 13, 10, 12], [11, 17, 12, 16], [13, 22, 14, 23], [15, 11, 16, 10], [17, 3, 18, 2]]"
12a_0098_91,"[[17, 3, 18, 2], [19, 4, 20, 5], [21, 24, 22, 1], [23, 14, 24, 15], [1, 9, 2, 8], [3, 7, 4, 6], [5, 18, 6, 19], [7, 21, 8, 20], [9, 13, 10, 12], [11, 17, 12, 16], [13, 22, 14, 23], [15, 11, 16, 10]]"
12a_0098_92,"[[15, 11, 16, 10], [17, 3, 18, 2], [19, 4, 20, 5], [21, 24, 22, 1], [23, 14, 24, 15], [1, 9, 2, 8], [3, 7, 4, 6], [5, 18, 6, 19], [7, 21, 8, 20], [9, 13, 10, 12], [11, 17, 12, 16], [13, 22, 14, 23]]"
12a_0098_93,"[[13, 22, 14, 23], [15, 11, 16, 10], [17, 3, 18, 2], [19, 4, 20, 5], [21, 24, 22, 1], [23, 14, 24, 15], [1, 9, 2, 8], [3, 7, 4, 6], [5, 18, 6, 19], [7, 21, 8, 20], [9, 13, 10, 12], [11, 17, 12, 16]]"
12a_0098_94,"[[11, 17, 12, 16], [13, 22, 14, 23], [15, 11, 16, 10], [17, 3, 18, 2], [19, 4, 20, 5], [21, 24, 22, 1], [23, 14, 24, 15], [1, 9, 2, 8], [3, 7, 4, 6], [5, 18, 6, 19], [7, 21, 8, 20], [9, 13, 10, 12]]"
12a_0098_95,"[[9, 13, 10, 12], [11, 17, 12, 16], [13, 22, 14, 23], [15, 11, 16, 10], [17, 3, 18, 2], [19, 4, 20, 5], [21, 24, 22, 1], [23, 14, 24, 15], [1, 9, 2, 8], [3, 7, 4, 6], [5, 18, 6, 19], [7, 21, 8, 20]]"
12a_0098_96,"[[8, 22, 9, 21], [10, 14, 11, 13], [12, 18, 13, 17], [14, 23, 15, 24], [16, 12, 17, 11], [18, 4, 19, 3], [20, 5, 21, 6], [22, 1, 23, 2], [24, 15, 1, 16], [2, 10, 3, 9], [4, 8, 5, 7], [6, 19, 7, 20]]"
12a_0098_97,"[[6, 19, 7, 20], [8, 22, 9, 21], [10, 14, 11, 13], [12, 18, 13, 17], [14, 23, 15, 24], [16, 12, 17, 11], [18, 4, 19, 3], [20, 5, 21, 6], [22, 1, 23, 2], [24, 15, 1, 16], [2, 10, 3, 9], [4, 8, 5, 7]]"
12a_0098_98,"[[4, 8, 5, 7], [6, 19, 7, 20], [8, 22, 9, 21], [10, 14, 11, 13], [12, 18, 13, 17], [14, 23, 15, 24], [16, 12, 17, 11], [18, 4, 19, 3], [20, 5, 21, 6], [22, 1, 23, 2], [24, 15, 1, 16], [2, 10, 3, 9]]"
12a_0098_99,"[[2, 10, 3, 9], [4, 8, 5, 7], [6, 19, 7, 20], [8, 22, 9, 21], [10, 14, 11, 13], [12, 18, 13, 17], [14, 23, 15, 24], [16, 12, 17, 11], [18, 4, 19, 3], [20, 5, 21, 6], [22, 1, 23, 2], [24, 15, 1, 16]]"
12a_0098_100,"[[24, 15, 1, 16], [2, 10, 3, 9], [4, 8, 5, 7], [6, 19, 7, 20], [8, 22, 9, 21], [10, 14, 11, 13], [12, 18, 13, 17], [14, 23, 15, 24], [16, 12, 17, 11], [18, 4, 19, 3], [20, 5, 21, 6], [22, 1, 23, 2]]"
12a_0098_101,"[[22, 1, 23, 2], [24, 15, 1, 16], [2, 10, 3, 9], [4, 8, 5, 7], [6, 19, 7, 20], [8, 22, 9, 21], [10, 14, 11, 13], [12, 18, 13, 17], [14, 23, 15, 24], [16, 12, 17, 11], [18, 4, 19, 3], [20, 5, 21, 6]]"
12a_0098_102,"[[20, 5, 21, 6], [22, 1, 23, 2], [24, 15, 1, 16], [2, 10, 3, 9], [4, 8, 5, 7], [6, 19, 7, 20], [8, 22, 9, 21], [10, 14, 11, 13], [12, 18, 13, 17], [14, 23, 15, 24], [16, 12, 17, 11], [18, 4, 19, 3]]"
12a_0098_103,"[[18, 4, 19, 3], [20, 5, 21, 6], [22, 1, 23, 2], [24, 15, 1, 16], [2, 10, 3, 9], [4, 8, 5, 7], [6, 19, 7, 20], [8, 22, 9, 21], [10, 14, 11, 13], [12, 18, 13, 17], [14, 23, 15, 24], [16, 12, 17, 11]]"
12a_0098_104,"[[16, 12, 17, 11], [18, 4, 19, 3], [20, 5, 21, 6], [22, 1, 23, 2], [24, 15, 1, 16], [2, 10, 3, 9], [4, 8, 5, 7], [6, 19, 7, 20], [8, 22, 9, 21], [10, 14, 11, 13], [12, 18, 13, 17], [14, 23, 15, 24]]"
12a_0098_105,"[[14, 23, 15, 24], [16, 12, 17, 11], [18, 4, 19, 3], [20, 5, 21, 6], [22, 1, 23, 2], [24, 15, 1, 16], [2, 10, 3, 9], [4, 8, 5, 7], [6, 19, 7, 20], [8, 22, 9, 21], [10, 14, 11, 13], [12, 18, 13, 17]]"
12a_0098_106,"[[12, 18, 13, 17], [14, 23, 15, 24], [16, 12, 17, 11], [18, 4, 19, 3], [20, 5, 21, 6], [22, 1, 23, 2], [24, 15, 1, 16], [2, 10, 3, 9], [4, 8, 5, 7], [6, 19, 7, 20], [8, 22, 9, 21], [10, 14, 11, 13]]"
12a_0098_107,"[[10, 14, 11, 13], [12, 18, 13, 17], [14, 23, 15, 24], [16, 12, 17, 11], [18, 4, 19, 3], [20, 5, 21, 6], [22, 1, 23, 2], [24, 15, 1, 16], [2, 10, 3, 9], [4, 8, 5, 7], [6, 19, 7, 20], [8, 22, 9, 21]]"
12a_0098_108,"[[9, 23, 10, 22], [11, 15, 12, 14], [13, 19, 14, 18], [15, 24, 16, 1], [17, 13, 18, 12], [19, 5, 20, 4], [21, 6, 22, 7], [23, 2, 24, 3], [1, 16, 2, 17], [3, 11, 4, 10], [5, 9, 6, 8], [7, 20, 8, 21]]"
12a_0098_109,"[[7, 20, 8, 21], [9, 23, 10, 22], [11, 15, 12, 14], [13, 19, 14, 18], [15, 24, 16, 1], [17, 13, 18, 12], [19, 5, 20, 4], [21, 6, 22, 7], [23, 2, 24, 3], [1, 16, 2, 17], [3, 11, 4, 10], [5, 9, 6, 8]]"
12a_0098_110,"[[5, 9, 6, 8], [7, 20, 8, 21], [9, 23, 10, 22], [11, 15, 12, 14], [13, 19, 14, 18], [15, 24, 16, 1], [17, 13, 18, 12], [19, 5, 20, 4], [21, 6, 22, 7], [23, 2, 24, 3], [1, 16, 2, 17], [3, 11, 4, 10]]"
12a_0098_111,"[[3, 11, 4, 10], [5, 9, 6, 8], [7, 20, 8, 21], [9, 23, 10, 22], [11, 15, 12, 14], [13, 19, 14, 18], [15, 24, 16, 1], [17, 13, 18, 12], [19, 5, 20, 4], [21, 6, 22, 7], [23, 2, 24, 3], [1, 16, 2, 17]]"
12a_0098_112,"[[1, 16, 2, 17], [3, 11, 4, 10], [5, 9, 6, 8], [7, 20, 8, 21], [9, 23, 10, 22], [11, 15, 12, 14], [13, 19, 14, 18], [15, 24, 16, 1], [17, 13, 18, 12], [19, 5, 20, 4], [21, 6, 22, 7], [23, 2, 24, 3]]"
12a_0098_113,"[[23, 2, 24, 3], [1, 16, 2, 17], [3, 11, 4, 10], [5, 9, 6, 8], [7, 20, 8, 21], [9, 23, 10, 22], [11, 15, 12, 14], [13, 19, 14, 18], [15, 24, 16, 1], [17, 13, 18, 12], [19, 5, 20, 4], [21, 6, 22, 7]]"
12a_0098_114,"[[21, 6, 22, 7], [23, 2, 24, 3], [1, 16, 2, 17], [3, 11, 4, 10], [5, 9, 6, 8], [7, 20, 8, 21], [9, 23, 10, 22], [11, 15, 12, 14], [13, 19, 14, 18], [15, 24, 16, 1], [17, 13, 18, 12], [19, 5, 20, 4]]"
12a_0098_115,"[[19, 5, 20, 4], [21, 6, 22, 7], [23, 2, 24, 3], [1, 16, 2, 17], [3, 11, 4, 10], [5, 9, 6, 8], [7, 20, 8, 21], [9, 23, 10, 22], [11, 15, 12, 14], [13, 19, 14, 18], [15, 24, 16, 1], [17, 13, 18, 12]]"
12a_0098_116,"[[17, 13, 18, 12], [19, 5, 20, 4], [21, 6, 22, 7], [23, 2, 24, 3], [1, 16, 2, 17], [3, 11, 4, 10], [5, 9, 6, 8], [7, 20, 8, 21], [9, 23, 10, 22], [11, 15, 12, 14], [13, 19, 14, 18], [15, 24, 16, 1]]"
12a_0098_117,"[[15, 24, 16, 1], [17, 13, 18, 12], [19, 5, 20, 4], [21, 6, 22, 7], [23, 2, 24, 3], [1, 16, 2, 17], [3, 11, 4, 10], [5, 9, 6, 8], [7, 20, 8, 21], [9, 23, 10, 22], [11, 15, 12, 14], [13, 19, 14, 18]]"
12a_0098_118,"[[13, 19, 14, 18], [15, 24, 16, 1], [17, 13, 18, 12], [19, 5, 20, 4], [21, 6, 22, 7], [23, 2, 24, 3], [1, 16, 2, 17], [3, 11, 4, 10], [5, 9, 6, 8], [7, 20, 8, 21], [9, 23, 10, 22], [11, 15, 12, 14]]"
12a_0098_119,"[[11, 15, 12, 14], [13, 19, 14, 18], [15, 24, 16, 1], [17, 13, 18, 12], [19, 5, 20, 4], [21, 6, 22, 7], [23, 2, 24, 3], [1, 16, 2, 17], [3, 11, 4, 10], [5, 9, 6, 8], [7, 20, 8, 21], [9, 23, 10, 22]]"
12a_0098_120,"[[10, 24, 11, 23], [12, 16, 13, 15], [14, 20, 15, 19], [16, 1, 17, 2], [18, 14, 19, 13], [20, 6, 21, 5], [22, 7, 23, 8], [24, 3, 1, 4], [2, 17, 3, 18], [4, 12, 5, 11], [6, 10, 7, 9], [8, 21, 9, 22]]"
12a_0098_121,"[[8, 21, 9, 22], [10, 24, 11, 23], [12, 16, 13, 15], [14, 20, 15, 19], [16, 1, 17, 2], [18, 14, 19, 13], [20, 6, 21, 5], [22, 7, 23, 8], [24, 3, 1, 4], [2, 17, 3, 18], [4, 12, 5, 11], [6, 10, 7, 9]]"
12a_0098_122,"[[6, 10, 7, 9], [8, 21, 9, 22], [10, 24, 11, 23], [12, 16, 13, 15], [14, 20, 15, 19], [16, 1, 17, 2], [18, 14, 19, 13], [20, 6, 21, 5], [22, 7, 23, 8], [24, 3, 1, 4], [2, 17, 3, 18], [4, 12, 5, 11]]"
12a_0098_123,"[[4, 12, 5, 11], [6, 10, 7, 9], [8, 21, 9, 22], [10, 24, 11, 23], [12, 16, 13, 15], [14, 20, 15, 19], [16, 1, 17, 2], [18, 14, 19, 13], [20, 6, 21, 5], [22, 7, 23, 8], [24, 3, 1, 4], [2, 17, 3, 18]]"
12a_0098_124,"[[2, 17, 3, 18], [4, 12, 5, 11], [6, 10, 7, 9], [8, 21, 9, 22], [10, 24, 11, 23], [12, 16, 13, 15], [14, 20, 15, 19], [16, 1, 17, 2], [18, 14, 19, 13], [20, 6, 21, 5], [22, 7, 23, 8], [24, 3, 1, 4]]"
12a_0098_125,"[[24, 3, 1, 4], [2, 17, 3, 18], [4, 12, 5, 11], [6, 10, 7, 9], [8, 21, 9, 22], [10, 24, 11, 23], [12, 16, 13, 15], [14, 20, 15, 19], [16, 1, 17, 2], [18, 14, 19, 13], [20, 6, 21, 5], [22, 7, 23, 8]]"
12a_0098_126,"[[22, 7, 23, 8], [24, 3, 1, 4], [2, 17, 3, 18], [4, 12, 5, 11], [6, 10, 7, 9], [8, 21, 9, 22], [10, 24, 11, 23], [12, 16, 13, 15], [14, 20, 15, 19], [16, 1, 17, 2], [18, 14, 19, 13], [20, 6, 21, 5]]"
12a_0098_127,"[[20, 6, 21, 5], [22, 7, 23, 8], [24, 3, 1, 4], [2, 17, 3, 18], [4, 12, 5, 11], [6, 10, 7, 9], [8, 21, 9, 22], [10, 24, 11, 23], [12, 16, 13, 15], [14, 20, 15, 19], [16, 1, 17, 2], [18, 14, 19, 13]]"
12a_0098_128,"[[18, 14, 19, 13], [20, 6, 21, 5], [22, 7, 23, 8], [24, 3, 1, 4], [2, 17, 3, 18], [4, 12, 5, 11], [6, 10, 7, 9], [8, 21, 9, 22], [10, 24, 11, 23], [12, 16, 13, 15], [14, 20, 15, 19], [16, 1, 17, 2]]"
12a_0098_129,"[[16, 1, 17, 2], [18, 14, 19, 13], [20, 6, 21, 5], [22, 7, 23, 8], [24, 3, 1, 4], [2, 17, 3, 18], [4, 12, 5, 11], [6, 10, 7, 9], [8, 21, 9, 22], [10, 24, 11, 23], [12, 16, 13, 15], [14, 20, 15, 19]]"
12a_0098_130,"[[14, 20, 15, 19], [16, 1, 17, 2], [18, 14, 19, 13], [20, 6, 21, 5], [22, 7, 23, 8], [24, 3, 1, 4], [2, 17, 3, 18], [4, 12, 5, 11], [6, 10, 7, 9], [8, 21, 9, 22], [10, 24, 11, 23], [12, 16, 13, 15]]"
12a_0098_131,"[[12, 16, 13, 15], [14, 20, 15, 19], [16, 1, 17, 2], [18, 14, 19, 13], [20, 6, 21, 5], [22, 7, 23, 8], [24, 3, 1, 4], [2, 17, 3, 18], [4, 12, 5, 11], [6, 10, 7, 9], [8, 21, 9, 22], [10, 24, 11, 23]]"
12a_0098_132,"[[11, 1, 12, 24], [13, 17, 14, 16], [15, 21, 16, 20], [17, 2, 18, 3], [19, 15, 20, 14], [21, 7, 22, 6], [23, 8, 24, 9], [1, 4, 2, 5], [3, 18, 4, 19], [5, 13, 6, 12], [7, 11, 8, 10], [9, 22, 10, 23]]"
12a_0098_133,"[[9, 22, 10, 23], [11, 1, 12, 24], [13, 17, 14, 16], [15, 21, 16, 20], [17, 2, 18, 3], [19, 15, 20, 14], [21, 7, 22, 6], [23, 8, 24, 9], [1, 4, 2, 5], [3, 18, 4, 19], [5, 13, 6, 12], [7, 11, 8, 10]]"
12a_0098_134,"[[7, 11, 8, 10], [9, 22, 10, 23], [11, 1, 12, 24], [13, 17, 14, 16], [15, 21, 16, 20], [17, 2, 18, 3], [19, 15, 20, 14], [21, 7, 22, 6], [23, 8, 24, 9], [1, 4, 2, 5], [3, 18, 4, 19], [5, 13, 6, 12]]"
12a_0098_135,"[[5, 13, 6, 12], [7, 11, 8, 10], [9, 22, 10, 23], [11, 1, 12, 24], [13, 17, 14, 16], [15, 21, 16, 20], [17, 2, 18, 3], [19, 15, 20, 14], [21, 7, 22, 6], [23, 8, 24, 9], [1, 4, 2, 5], [3, 18, 4, 19]]"
12a_0098_136,"[[3, 18, 4, 19], [5, 13, 6, 12], [7, 11, 8, 10], [9, 22, 10, 23], [11, 1, 12, 24], [13, 17, 14, 16], [15, 21, 16, 20], [17, 2, 18, 3], [19, 15, 20, 14], [21, 7, 22, 6], [23, 8, 24, 9], [1, 4, 2, 5]]"
12a_0098_137,"[[1, 4, 2, 5], [3, 18, 4, 19], [5, 13, 6, 12], [7, 11, 8, 10], [9, 22, 10, 23], [11, 1, 12, 24], [13, 17, 14, 16], [15, 21, 16, 20], [17, 2, 18, 3], [19, 15, 20, 14], [21, 7, 22, 6], [23, 8, 24, 9]]"
12a_0098_138,"[[23, 8, 24, 9], [1, 4, 2, 5], [3, 18, 4, 19], [5, 13, 6, 12], [7, 11, 8, 10], [9, 22, 10, 23], [11, 1, 12, 24], [13, 17, 14, 16], [15, 21, 16, 20], [17, 2, 18, 3], [19, 15, 20, 14], [21, 7, 22, 6]]"
12a_0098_139,"[[21, 7, 22, 6], [23, 8, 24, 9], [1, 4, 2, 5], [3, 18, 4, 19], [5, 13, 6, 12], [7, 11, 8, 10], [9, 22, 10, 23], [11, 1, 12, 24], [13, 17, 14, 16], [15, 21, 16, 20], [17, 2, 18, 3], [19, 15, 20, 14]]"
12a_0098_140,"[[19, 15, 20, 14], [21, 7, 22, 6], [23, 8, 24, 9], [1, 4, 2, 5], [3, 18, 4, 19], [5, 13, 6, 12], [7, 11, 8, 10], [9, 22, 10, 23], [11, 1, 12, 24], [13, 17, 14, 16], [15, 21, 16, 20], [17, 2, 18, 3]]"
12a_0098_141,"[[17, 2, 18, 3], [19, 15, 20, 14], [21, 7, 22, 6], [23, 8, 24, 9], [1, 4, 2, 5], [3, 18, 4, 19], [5, 13, 6, 12], [7, 11, 8, 10], [9, 22, 10, 23], [11, 1, 12, 24], [13, 17, 14, 16], [15, 21, 16, 20]]"
12a_0098_142,"[[15, 21, 16, 20], [17, 2, 18, 3], [19, 15, 20, 14], [21, 7, 22, 6], [23, 8, 24, 9], [1, 4, 2, 5], [3, 18, 4, 19], [5, 13, 6, 12], [7, 11, 8, 10], [9, 22, 10, 23], [11, 1, 12, 24], [13, 17, 14, 16]]"
12a_0098_143,"[[13, 17, 14, 16], [15, 21, 16, 20], [17, 2, 18, 3], [19, 15, 20, 14], [21, 7, 22, 6], [23, 8, 24, 9], [1, 4, 2, 5], [3, 18, 4, 19], [5, 13, 6, 12], [7, 11, 8, 10], [9, 22, 10, 23], [11, 1, 12, 24]]"
12a_0098_144,"[[12, 2, 13, 1], [14, 18, 15, 17], [16, 22, 17, 21], [18, 3, 19, 4], [20, 16, 21, 15], [22, 8, 23, 7], [24, 9, 1, 10], [2, 5, 3, 6], [4, 19, 5, 20], [6, 14, 7, 13], [8, 12, 9, 11], [10, 23, 11, 24]]"
12a_0098_145,"[[10, 23, 11, 24], [12, 2, 13, 1], [14, 18, 15, 17], [16, 22, 17, 21], [18, 3, 19, 4], [20, 16, 21, 15], [22, 8, 23, 7], [24, 9, 1, 10], [2, 5, 3, 6], [4, 19, 5, 20], [6, 14, 7, 13], [8, 12, 9, 11]]"
12a_0098_146,"[[8, 12, 9, 11], [10, 23, 11, 24], [12, 2, 13, 1], [14, 18, 15, 17], [16, 22, 17, 21], [18, 3, 19, 4], [20, 16, 21, 15], [22, 8, 23, 7], [24, 9, 1, 10], [2, 5, 3, 6], [4, 19, 5, 20], [6, 14, 7, 13]]"
12a_0098_147,"[[6, 14, 7, 13], [8, 12, 9, 11], [10, 23, 11, 24], [12, 2, 13, 1], [14, 18, 15, 17], [16, 22, 17, 21], [18, 3, 19, 4], [20, 16, 21, 15], [22, 8, 23, 7], [24, 9, 1, 10], [2, 5, 3, 6], [4, 19, 5, 20]]"
12a_0098_148,"[[4, 19, 5, 20], [6, 14, 7, 13], [8, 12, 9, 11], [10, 23, 11, 24], [12, 2, 13, 1], [14, 18, 15, 17], [16, 22, 17, 21], [18, 3, 19, 4], [20, 16, 21, 15], [22, 8, 23, 7], [24, 9, 1, 10], [2, 5, 3, 6]]"
12a_0098_149,"[[2, 5, 3, 6], [4, 19, 5, 20], [6, 14, 7, 13], [8, 12, 9, 11], [10, 23, 11, 24], [12, 2, 13, 1], [14, 18, 15, 17], [16, 22, 17, 21], [18, 3, 19, 4], [20, 16, 21, 15], [22, 8, 23, 7], [24, 9, 1, 10]]"
12a_0098_150,"[[24, 9, 1, 10], [2, 5, 3, 6], [4, 19, 5, 20], [6, 14, 7, 13], [8, 12, 9, 11], [10, 23, 11, 24], [12, 2, 13, 1], [14, 18, 15, 17], [16, 22, 17, 21], [18, 3, 19, 4], [20, 16, 21, 15], [22, 8, 23, 7]]"
12a_0098_151,"[[22, 8, 23, 7], [24, 9, 1, 10], [2, 5, 3, 6], [4, 19, 5, 20], [6, 14, 7, 13], [8, 12, 9, 11], [10, 23, 11, 24], [12, 2, 13, 1], [14, 18, 15, 17], [16, 22, 17, 21], [18, 3, 19, 4], [20, 16, 21, 15]]"
12a_0098_152,"[[20, 16, 21, 15], [22, 8, 23, 7], [24, 9, 1, 10], [2, 5, 3, 6], [4, 19, 5, 20], [6, 14, 7, 13], [8, 12, 9, 11], [10, 23, 11, 24], [12, 2, 13, 1], [14, 18, 15, 17], [16, 22, 17, 21], [18, 3, 19, 4]]"
12a_0098_153,"[[18, 3, 19, 4], [20, 16, 21, 15], [22, 8, 23, 7], [24, 9, 1, 10], [2, 5, 3, 6], [4, 19, 5, 20], [6, 14, 7, 13], [8, 12, 9, 11], [10, 23, 11, 24], [12, 2, 13, 1], [14, 18, 15, 17], [16, 22, 17, 21]]"
12a_0098_154,"[[16, 22, 17, 21], [18, 3, 19, 4], [20, 16, 21, 15], [22, 8, 23, 7], [24, 9, 1, 10], [2, 5, 3, 6], [4, 19, 5, 20], [6, 14, 7, 13], [8, 12, 9, 11], [10, 23, 11, 24], [12, 2, 13, 1], [14, 18, 15, 17]]"
12a_0098_155,"[[14, 18, 15, 17], [16, 22, 17, 21], [18, 3, 19, 4], [20, 16, 21, 15], [22, 8, 23, 7], [24, 9, 1, 10], [2, 5, 3, 6], [4, 19, 5, 20], [6, 14, 7, 13], [8, 12, 9, 11], [10, 23, 11, 24], [12, 2, 13, 1]]"
12a_0098_156,"[[13, 3, 14, 2], [15, 19, 16, 18], [17, 23, 18, 22], [19, 4, 20, 5], [21, 17, 22, 16], [23, 9, 24, 8], [1, 10, 2, 11], [3, 6, 4, 7], [5, 20, 6, 21], [7, 15, 8, 14], [9, 13, 10, 12], [11, 24, 12, 1]]"
12a_0098_157,"[[11, 24, 12, 1], [13, 3, 14, 2], [15, 19, 16, 18], [17, 23, 18, 22], [19, 4, 20, 5], [21, 17, 22, 16], [23, 9, 24, 8], [1, 10, 2, 11], [3, 6, 4, 7], [5, 20, 6, 21], [7, 15, 8, 14], [9, 13, 10, 12]]"
12a_0098_158,"[[9, 13, 10, 12], [11, 24, 12, 1], [13, 3, 14, 2], [15, 19, 16, 18], [17, 23, 18, 22], [19, 4, 20, 5], [21, 17, 22, 16], [23, 9, 24, 8], [1, 10, 2, 11], [3, 6, 4, 7], [5, 20, 6, 21], [7, 15, 8, 14]]"
12a_0098_159,"[[7, 15, 8, 14], [9, 13, 10, 12], [11, 24, 12, 1], [13, 3, 14, 2], [15, 19, 16, 18], [17, 23, 18, 22], [19, 4, 20, 5], [21, 17, 22, 16], [23, 9, 24, 8], [1, 10, 2, 11], [3, 6, 4, 7], [5, 20, 6, 21]]"
12a_0098_160,"[[5, 20, 6, 21], [7, 15, 8, 14], [9, 13, 10, 12], [11, 24, 12, 1], [13, 3, 14, 2], [15, 19, 16, 18], [17, 23, 18, 22], [19, 4, 20, 5], [21, 17, 22, 16], [23, 9, 24, 8], [1, 10, 2, 11], [3, 6, 4, 7]]"
12a_0098_161,"[[3, 6, 4, 7], [5, 20, 6, 21], [7, 15, 8, 14], [9, 13, 10, 12], [11, 24, 12, 1], [13, 3, 14, 2], [15, 19, 16, 18], [17, 23, 18, 22], [19, 4, 20, 5], [21, 17, 22, 16], [23, 9, 24, 8], [1, 10, 2, 11]]"
12a_0098_162,"[[1, 10, 2, 11], [3, 6, 4, 7], [5, 20, 6, 21], [7, 15, 8, 14], [9, 13, 10, 12], [11, 24, 12, 1], [13, 3, 14, 2], [15, 19, 16, 18], [17, 23, 18, 22], [19, 4, 20, 5], [21, 17, 22, 16], [23, 9, 24, 8]]"
12a_0098_163,"[[23, 9, 24, 8], [1, 10, 2, 11], [3, 6, 4, 7], [5, 20, 6, 21], [7, 15, 8, 14], [9, 13, 10, 12], [11, 24, 12, 1], [13, 3, 14, 2], [15, 19, 16, 18], [17, 23, 18, 22], [19, 4, 20, 5], [21, 17, 22, 16]]"
12a_0098_164,"[[21, 17, 22, 16], [23, 9, 24, 8], [1, 10, 2, 11], [3, 6, 4, 7], [5, 20, 6, 21], [7, 15, 8, 14], [9, 13, 10, 12], [11, 24, 12, 1], [13, 3, 14, 2], [15, 19, 16, 18], [17, 23, 18, 22], [19, 4, 20, 5]]"
12a_0098_165,"[[19, 4, 20, 5], [21, 17, 22, 16], [23, 9, 24, 8], [1, 10, 2, 11], [3, 6, 4, 7], [5, 20, 6, 21], [7, 15, 8, 14], [9, 13, 10, 12], [11, 24, 12, 1], [13, 3, 14, 2], [15, 19, 16, 18], [17, 23, 18, 22]]"
12a_0098_166,"[[17, 23, 18, 22], [19, 4, 20, 5], [21, 17, 22, 16], [23, 9, 24, 8], [1, 10, 2, 11], [3, 6, 4, 7], [5, 20, 6, 21], [7, 15, 8, 14], [9, 13, 10, 12], [11, 24, 12, 1], [13, 3, 14, 2], [15, 19, 16, 18]]"
12a_0098_167,"[[15, 19, 16, 18], [17, 23, 18, 22], [19, 4, 20, 5], [21, 17, 22, 16], [23, 9, 24, 8], [1, 10, 2, 11], [3, 6, 4, 7], [5, 20, 6, 21], [7, 15, 8, 14], [9, 13, 10, 12], [11, 24, 12, 1], [13, 3, 14, 2]]"
12a_0098_168,"[[14, 4, 15, 3], [16, 20, 17, 19], [18, 24, 19, 23], [20, 5, 21, 6], [22, 18, 23, 17], [24, 10, 1, 9], [2, 11, 3, 12], [4, 7, 5, 8], [6, 21, 7, 22], [8, 16, 9, 15], [10, 14, 11, 13], [12, 1, 13, 2]]"
12a_0098_169,"[[12, 1, 13, 2], [14, 4, 15, 3], [16, 20, 17, 19], [18, 24, 19, 23], [20, 5, 21, 6], [22, 18, 23, 17], [24, 10, 1, 9], [2, 11, 3, 12], [4, 7, 5, 8], [6, 21, 7, 22], [8, 16, 9, 15], [10, 14, 11, 13]]"
12a_0098_170,"[[10, 14, 11, 13], [12, 1, 13, 2], [14, 4, 15, 3], [16, 20, 17, 19], [18, 24, 19, 23], [20, 5, 21, 6], [22, 18, 23, 17], [24, 10, 1, 9], [2, 11, 3, 12], [4, 7, 5, 8], [6, 21, 7, 22], [8, 16, 9, 15]]"
12a_0098_171,"[[8, 16, 9, 15], [10, 14, 11, 13], [12, 1, 13, 2], [14, 4, 15, 3], [16, 20, 17, 19], [18, 24, 19, 23], [20, 5, 21, 6], [22, 18, 23, 17], [24, 10, 1, 9], [2, 11, 3, 12], [4, 7, 5, 8], [6, 21, 7, 22]]"
12a_0098_172,"[[6, 21, 7, 22], [8, 16, 9, 15], [10, 14, 11, 13], [12, 1, 13, 2], [14, 4, 15, 3], [16, 20, 17, 19], [18, 24, 19, 23], [20, 5, 21, 6], [22, 18, 23, 17], [24, 10, 1, 9], [2, 11, 3, 12], [4, 7, 5, 8]]"
12a_0098_173,"[[4, 7, 5, 8], [6, 21, 7, 22], [8, 16, 9, 15], [10, 14, 11, 13], [12, 1, 13, 2], [14, 4, 15, 3], [16, 20, 17, 19], [18, 24, 19, 23], [20, 5, 21, 6], [22, 18, 23, 17], [24, 10, 1, 9], [2, 11, 3, 12]]"
12a_0098_174,"[[2, 11, 3, 12], [4, 7, 5, 8], [6, 21, 7, 22], [8, 16, 9, 15], [10, 14, 11, 13], [12, 1, 13, 2], [14, 4, 15, 3], [16, 20, 17, 19], [18, 24, 19, 23], [20, 5, 21, 6], [22, 18, 23, 17], [24, 10, 1, 9]]"
12a_0098_175,"[[24, 10, 1, 9], [2, 11, 3, 12], [4, 7, 5, 8], [6, 21, 7, 22], [8, 16, 9, 15], [10, 14, 11, 13], [12, 1, 13, 2], [14, 4, 15, 3], [16, 20, 17, 19], [18, 24, 19, 23], [20, 5, 21, 6], [22, 18, 23, 17]]"
12a_0098_176,"[[22, 18, 23, 17], [24, 10, 1, 9], [2, 11, 3, 12], [4, 7, 5, 8], [6, 21, 7, 22], [8, 16, 9, 15], [10, 14, 11, 13], [12, 1, 13, 2], [14, 4, 15, 3], [16, 20, 17, 19], [18, 24, 19, 23], [20, 5, 21, 6]]"
12a_0098_177,"[[20, 5, 21, 6], [22, 18, 23, 17], [24, 10, 1, 9], [2, 11, 3, 12], [4, 7, 5, 8], [6, 21, 7, 22], [8, 16, 9, 15], [10, 14, 11, 13], [12, 1, 13, 2], [14, 4, 15, 3], [16, 20, 17, 19], [18, 24, 19, 23]]"
12a_0098_178,"[[18, 24, 19, 23], [20, 5, 21, 6], [22, 18, 23, 17], [24, 10, 1, 9], [2, 11, 3, 12], [4, 7, 5, 8], [6, 21, 7, 22], [8, 16, 9, 15], [10, 14, 11, 13], [12, 1, 13, 2], [14, 4, 15, 3], [16, 20, 17, 19]]"
12a_0098_179,"[[16, 20, 17, 19], [18, 24, 19, 23], [20, 5, 21, 6], [22, 18, 23, 17], [24, 10, 1, 9], [2, 11, 3, 12], [4, 7, 5, 8], [6, 21, 7, 22], [8, 16, 9, 15], [10, 14, 11, 13], [12, 1, 13, 2], [14, 4, 15, 3]]"
12a_0098_180,"[[15, 5, 16, 4], [17, 21, 18, 20], [19, 1, 20, 24], [21, 6, 22, 7], [23, 19, 24, 18], [1, 11, 2, 10], [3, 12, 4, 13], [5, 8, 6, 9], [7, 22, 8, 23], [9, 17, 10, 16], [11, 15, 12, 14], [13, 2, 14, 3]]"
12a_0098_181,"[[13, 2, 14, 3], [15, 5, 16, 4], [17, 21, 18, 20], [19, 1, 20, 24], [21, 6, 22, 7], [23, 19, 24, 18], [1, 11, 2, 10], [3, 12, 4, 13], [5, 8, 6, 9], [7, 22, 8, 23], [9, 17, 10, 16], [11, 15, 12, 14]]"
12a_0098_182,"[[11, 15, 12, 14], [13, 2, 14, 3], [15, 5, 16, 4], [17, 21, 18, 20], [19, 1, 20, 24], [21, 6, 22, 7], [23, 19, 24, 18], [1, 11, 2, 10], [3, 12, 4, 13], [5, 8, 6, 9], [7, 22, 8, 23], [9, 17, 10, 16]]"
12a_0098_183,"[[9, 17, 10, 16], [11, 15, 12, 14], [13, 2, 14, 3], [15, 5, 16, 4], [17, 21, 18, 20], [19, 1, 20, 24], [21, 6, 22, 7], [23, 19, 24, 18], [1, 11, 2, 10], [3, 12, 4, 13], [5, 8, 6, 9], [7, 22, 8, 23]]"
12a_0098_184,"[[7, 22, 8, 23], [9, 17, 10, 16], [11, 15, 12, 14], [13, 2, 14, 3], [15, 5, 16, 4], [17, 21, 18, 20], [19, 1, 20, 24], [21, 6, 22, 7], [23, 19, 24, 18], [1, 11, 2, 10], [3, 12, 4, 13], [5, 8, 6, 9]]"
12a_0098_185,"[[5, 8, 6, 9], [7, 22, 8, 23], [9, 17, 10, 16], [11, 15, 12, 14], [13, 2, 14, 3], [15, 5, 16, 4], [17, 21, 18, 20], [19, 1, 20, 24], [21, 6, 22, 7], [23, 19, 24, 18], [1, 11, 2, 10], [3, 12, 4, 13]]"
