name,pd_notation
12a_0380_0,"[[24, 13, 1, 14], [2, 6, 3, 5], [4, 12, 5, 11], [6, 17, 7, 18], [8, 19, 9, 20], [10, 4, 11, 3], [12, 1, 13, 2], [14, 23, 15, 24], [16, 21, 17, 22], [18, 9, 19, 10], [20, 7, 21, 8], [22, 15, 23, 16]]"
12a_0380_1,"[[22, 15, 23, 16], [24, 13, 1, 14], [2, 6, 3, 5], [4, 12, 5, 11], [6, 17, 7, 18], [8, 19, 9, 20], [10, 4, 11, 3], [12, 1, 13, 2], [14, 23, 15, 24], [16, 21, 17, 22], [18, 9, 19, 10], [20, 7, 21, 8]]"
12a_0380_2,"[[20, 7, 21, 8], [22, 15, 23, 16], [24, 13, 1, 14], [2, 6, 3, 5], [4, 12, 5, 11], [6, 17, 7, 18], [8, 19, 9, 20], [10, 4, 11, 3], [12, 1, 13, 2], [14, 23, 15, 24], [16, 21, 17, 22], [18, 9, 19, 10]]"
12a_0380_3,"[[18, 9, 19, 10], [20, 7, 21, 8], [22, 15, 23, 16], [24, 13, 1, 14], [2, 6, 3, 5], [4, 12, 5, 11], [6, 17, 7, 18], [8, 19, 9, 20], [10, 4, 11, 3], [12, 1, 13, 2], [14, 23, 15, 24], [16, 21, 17, 22]]"
12a_0380_4,"[[16, 21, 17, 22], [18, 9, 19, 10], [20, 7, 21, 8], [22, 15, 23, 16], [24, 13, 1, 14], [2, 6, 3, 5], [4, 12, 5, 11], [6, 17, 7, 18], [8, 19, 9, 20], [10, 4, 11, 3], [12, 1, 13, 2], [14, 23, 15, 24]]"
12a_0380_5,"[[14, 23, 15, 24], [16, 21, 17, 22], [18, 9, 19, 10], [20, 7, 21, 8], [22, 15, 23, 16], [24, 13, 1, 14], [2, 6, 3, 5], [4, 12, 5, 11], [6, 17, 7, 18], [8, 19, 9, 20], [10, 4, 11, 3], [12, 1, 13, 2]]"
12a_0380_6,"[[12, 1, 13, 2], [14, 23, 15, 24], [16, 21, 17, 22], [18, 9, 19, 10], [20, 7, 21, 8], [22, 15, 23, 16], [24, 13, 1, 14], [2, 6, 3, 5], [4, 12, 5, 11], [6, 17, 7, 18], [8, 19, 9, 20], [10, 4, 11, 3]]"
12a_0380_7,"[[10, 4, 11, 3], [12, 1, 13, 2], [14, 23, 15, 24], [16, 21, 17, 22], [18, 9, 19, 10], [20, 7, 21, 8], [22, 15, 23, 16], [24, 13, 1, 14], [2, 6, 3, 5], [4, 12, 5, 11], [6, 17, 7, 18], [8, 19, 9, 20]]"
12a_0380_8,"[[8, 19, 9, 20], [10, 4, 11, 3], [12, 1, 13, 2], [14, 23, 15, 24], [16, 21, 17, 22], [18, 9, 19, 10], [20, 7, 21, 8], [22, 15, 23, 16], [24, 13, 1, 14], [2, 6, 3, 5], [4, 12, 5, 11], [6, 17, 7, 18]]"
12a_0380_9,"[[6, 17, 7, 18], [8, 19, 9, 20], [10, 4, 11, 3], [12, 1, 13, 2], [14, 23, 15, 24], [16, 21, 17, 22], [18, 9, 19, 10], [20, 7, 21, 8], [22, 15, 23, 16], [24, 13, 1, 14], [2, 6, 3, 5], [4, 12, 5, 11]]"
12a_0380_10,"[[4, 12, 5, 11], [6, 17, 7, 18], [8, 19, 9, 20], [10, 4, 11, 3], [12, 1, 13, 2], [14, 23, 15, 24], [16, 21, 17, 22], [18, 9, 19, 10], [20, 7, 21, 8], [22, 15, 23, 16], [24, 13, 1, 14], [2, 6, 3, 5]]"
12a_0380_11,"[[2, 6, 3, 5], [4, 12, 5, 11], [6, 17, 7, 18], [8, 19, 9, 20], [10, 4, 11, 3], [12, 1, 13, 2], [14, 23, 15, 24], [16, 21, 17, 22], [18, 9, 19, 10], [20, 7, 21, 8], [22, 15, 23, 16], [24, 13, 1, 14]]"
12a_0380_12,"[[1, 14, 2, 15], [3, 7, 4, 6], [5, 13, 6, 12], [7, 18, 8, 19], [9, 20, 10, 21], [11, 5, 12, 4], [13, 2, 14, 3], [15, 24, 16, 1], [17, 22, 18, 23], [19, 10, 20, 11], [21, 8, 22, 9], [23, 16, 24, 17]]"
12a_0380_13,"[[23, 16, 24, 17], [1, 14, 2, 15], [3, 7, 4, 6], [5, 13, 6, 12], [7, 18, 8, 19], [9, 20, 10, 21], [11, 5, 12, 4], [13, 2, 14, 3], [15, 24, 16, 1], [17, 22, 18, 23], [19, 10, 20, 11], [21, 8, 22, 9]]"
12a_0380_14,"[[21, 8, 22, 9], [23, 16, 24, 17], [1, 14, 2, 15], [3, 7, 4, 6], [5, 13, 6, 12], [7, 18, 8, 19], [9, 20, 10, 21], [11, 5, 12, 4], [13, 2, 14, 3], [15, 24, 16, 1], [17, 22, 18, 23], [19, 10, 20, 11]]"
12a_0380_15,"[[19, 10, 20, 11], [21, 8, 22, 9], [23, 16, 24, 17], [1, 14, 2, 15], [3, 7, 4, 6], [5, 13, 6, 12], [7, 18, 8, 19], [9, 20, 10, 21], [11, 5, 12, 4], [13, 2, 14, 3], [15, 24, 16, 1], [17, 22, 18, 23]]"
12a_0380_16,"[[17, 22, 18, 23], [19, 10, 20, 11], [21, 8, 22, 9], [23, 16, 24, 17], [1, 14, 2, 15], [3, 7, 4, 6], [5, 13, 6, 12], [7, 18, 8, 19], [9, 20, 10, 21], [11, 5, 12, 4], [13, 2, 14, 3], [15, 24, 16, 1]]"
12a_0380_17,"[[15, 24, 16, 1], [17, 22, 18, 23], [19, 10, 20, 11], [21, 8, 22, 9], [23, 16, 24, 17], [1, 14, 2, 15], [3, 7, 4, 6], [5, 13, 6, 12], [7, 18, 8, 19], [9, 20, 10, 21], [11, 5, 12, 4], [13, 2, 14, 3]]"
12a_0380_18,"[[13, 2, 14, 3], [15, 24, 16, 1], [17, 22, 18, 23], [19, 10, 20, 11], [21, 8, 22, 9], [23, 16, 24, 17], [1, 14, 2, 15], [3, 7, 4, 6], [5, 13, 6, 12], [7, 18, 8, 19], [9, 20, 10, 21], [11, 5, 12, 4]]"
12a_0380_19,"[[11, 5, 12, 4], [13, 2, 14, 3], [15, 24, 16, 1], [17, 22, 18, 23], [19, 10, 20, 11], [21, 8, 22, 9], [23, 16, 24, 17], [1, 14, 2, 15], [3, 7, 4, 6], [5, 13, 6, 12], [7, 18, 8, 19], [9, 20, 10, 21]]"
12a_0380_20,"[[9, 20, 10, 21], [11, 5, 12, 4], [13, 2, 14, 3], [15, 24, 16, 1], [17, 22, 18, 23], [19, 10, 20, 11], [21, 8, 22, 9], [23, 16, 24, 17], [1, 14, 2, 15], [3, 7, 4, 6], [5, 13, 6, 12], [7, 18, 8, 19]]"
12a_0380_21,"[[7, 18, 8, 19], [9, 20, 10, 21], [11, 5, 12, 4], [13, 2, 14, 3], [15, 24, 16, 1], [17, 22, 18, 23], [19, 10, 20, 11], [21, 8, 22, 9], [23, 16, 24, 17], [1, 14, 2, 15], [3, 7, 4, 6], [5, 13, 6, 12]]"
12a_0380_22,"[[5, 13, 6, 12], [7, 18, 8, 19], [9, 20, 10, 21], [11, 5, 12, 4], [13, 2, 14, 3], [15, 24, 16, 1], [17, 22, 18, 23], [19, 10, 20, 11], [21, 8, 22, 9], [23, 16, 24, 17], [1, 14, 2, 15], [3, 7, 4, 6]]"
12a_0380_23,"[[3, 7, 4, 6], [5, 13, 6, 12], [7, 18, 8, 19], [9, 20, 10, 21], [11, 5, 12, 4], [13, 2, 14, 3], [15, 24, 16, 1], [17, 22, 18, 23], [19, 10, 20, 11], [21, 8, 22, 9], [23, 16, 24, 17], [1, 14, 2, 15]]"
12a_0380_24,"[[2, 15, 3, 16], [4, 8, 5, 7], [6, 14, 7, 13], [8, 19, 9, 20], [10, 21, 11, 22], [12, 6, 13, 5], [14, 3, 15, 4], [16, 1, 17, 2], [18, 23, 19, 24], [20, 11, 21, 12], [22, 9, 23, 10], [24, 17, 1, 18]]"
12a_0380_25,"[[24, 17, 1, 18], [2, 15, 3, 16], [4, 8, 5, 7], [6, 14, 7, 13], [8, 19, 9, 20], [10, 21, 11, 22], [12, 6, 13, 5], [14, 3, 15, 4], [16, 1, 17, 2], [18, 23, 19, 24], [20, 11, 21, 12], [22, 9, 23, 10]]"
12a_0380_26,"[[22, 9, 23, 10], [24, 17, 1, 18], [2, 15, 3, 16], [4, 8, 5, 7], [6, 14, 7, 13], [8, 19, 9, 20], [10, 21, 11, 22], [12, 6, 13, 5], [14, 3, 15, 4], [16, 1, 17, 2], [18, 23, 19, 24], [20, 11, 21, 12]]"
12a_0380_27,"[[20, 11, 21, 12], [22, 9, 23, 10], [24, 17, 1, 18], [2, 15, 3, 16], [4, 8, 5, 7], [6, 14, 7, 13], [8, 19, 9, 20], [10, 21, 11, 22], [12, 6, 13, 5], [14, 3, 15, 4], [16, 1, 17, 2], [18, 23, 19, 24]]"
12a_0380_28,"[[18, 23, 19, 24], [20, 11, 21, 12], [22, 9, 23, 10], [24, 17, 1, 18], [2, 15, 3, 16], [4, 8, 5, 7], [6, 14, 7, 13], [8, 19, 9, 20], [10, 21, 11, 22], [12, 6, 13, 5], [14, 3, 15, 4], [16, 1, 17, 2]]"
12a_0380_29,"[[16, 1, 17, 2], [18, 23, 19, 24], [20, 11, 21, 12], [22, 9, 23, 10], [24, 17, 1, 18], [2, 15, 3, 16], [4, 8, 5, 7], [6, 14, 7, 13], [8, 19, 9, 20], [10, 21, 11, 22], [12, 6, 13, 5], [14, 3, 15, 4]]"
12a_0380_30,"[[14, 3, 15, 4], [16, 1, 17, 2], [18, 23, 19, 24], [20, 11, 21, 12], [22, 9, 23, 10], [24, 17, 1, 18], [2, 15, 3, 16], [4, 8, 5, 7], [6, 14, 7, 13], [8, 19, 9, 20], [10, 21, 11, 22], [12, 6, 13, 5]]"
12a_0380_31,"[[12, 6, 13, 5], [14, 3, 15, 4], [16, 1, 17, 2], [18, 23, 19, 24], [20, 11, 21, 12], [22, 9, 23, 10], [24, 17, 1, 18], [2, 15, 3, 16], [4, 8, 5, 7], [6, 14, 7, 13], [8, 19, 9, 20], [10, 21, 11, 22]]"
12a_0380_32,"[[10, 21, 11, 22], [12, 6, 13, 5], [14, 3, 15, 4], [16, 1, 17, 2], [18, 23, 19, 24], [20, 11, 21, 12], [22, 9, 23, 10], [24, 17, 1, 18], [2, 15, 3, 16], [4, 8, 5, 7], [6, 14, 7, 13], [8, 19, 9, 20]]"
12a_0380_33,"[[8, 19, 9, 20], [10, 21, 11, 22], [12, 6, 13, 5], [14, 3, 15, 4], [16, 1, 17, 2], [18, 23, 19, 24], [20, 11, 21, 12], [22, 9, 23, 10], [24, 17, 1, 18], [2, 15, 3, 16], [4, 8, 5, 7], [6, 14, 7, 13]]"
12a_0380_34,"[[6, 14, 7, 13], [8, 19, 9, 20], [10, 21, 11, 22], [12, 6, 13, 5], [14, 3, 15, 4], [16, 1, 17, 2], [18, 23, 19, 24], [20, 11, 21, 12], [22, 9, 23, 10], [24, 17, 1, 18], [2, 15, 3, 16], [4, 8, 5, 7]]"
12a_0380_35,"[[4, 8, 5, 7], [6, 14, 7, 13], [8, 19, 9, 20], [10, 21, 11, 22], [12, 6, 13, 5], [14, 3, 15, 4], [16, 1, 17, 2], [18, 23, 19, 24], [20, 11, 21, 12], [22, 9, 23, 10], [24, 17, 1, 18], [2, 15, 3, 16]]"
12a_0380_36,"[[3, 16, 4, 17], [5, 9, 6, 8], [7, 15, 8, 14], [9, 20, 10, 21], [11, 22, 12, 23], [13, 7, 14, 6], [15, 4, 16, 5], [17, 2, 18, 3], [19, 24, 20, 1], [21, 12, 22, 13], [23, 10, 24, 11], [1, 18, 2, 19]]"
12a_0380_37,"[[1, 18, 2, 19], [3, 16, 4, 17], [5, 9, 6, 8], [7, 15, 8, 14], [9, 20, 10, 21], [11, 22, 12, 23], [13, 7, 14, 6], [15, 4, 16, 5], [17, 2, 18, 3], [19, 24, 20, 1], [21, 12, 22, 13], [23, 10, 24, 11]]"
12a_0380_38,"[[23, 10, 24, 11], [1, 18, 2, 19], [3, 16, 4, 17], [5, 9, 6, 8], [7, 15, 8, 14], [9, 20, 10, 21], [11, 22, 12, 23], [13, 7, 14, 6], [15, 4, 16, 5], [17, 2, 18, 3], [19, 24, 20, 1], [21, 12, 22, 13]]"
12a_0380_39,"[[21, 12, 22, 13], [23, 10, 24, 11], [1, 18, 2, 19], [3, 16, 4, 17], [5, 9, 6, 8], [7, 15, 8, 14], [9, 20, 10, 21], [11, 22, 12, 23], [13, 7, 14, 6], [15, 4, 16, 5], [17, 2, 18, 3], [19, 24, 20, 1]]"
12a_0380_40,"[[19, 24, 20, 1], [21, 12, 22, 13], [23, 10, 24, 11], [1, 18, 2, 19], [3, 16, 4, 17], [5, 9, 6, 8], [7, 15, 8, 14], [9, 20, 10, 21], [11, 22, 12, 23], [13, 7, 14, 6], [15, 4, 16, 5], [17, 2, 18, 3]]"
12a_0380_41,"[[17, 2, 18, 3], [19, 24, 20, 1], [21, 12, 22, 13], [23, 10, 24, 11], [1, 18, 2, 19], [3, 16, 4, 17], [5, 9, 6, 8], [7, 15, 8, 14], [9, 20, 10, 21], [11, 22, 12, 23], [13, 7, 14, 6], [15, 4, 16, 5]]"
12a_0380_42,"[[15, 4, 16, 5], [17, 2, 18, 3], [19, 24, 20, 1], [21, 12, 22, 13], [23, 10, 24, 11], [1, 18, 2, 19], [3, 16, 4, 17], [5, 9, 6, 8], [7, 15, 8, 14], [9, 20, 10, 21], [11, 22, 12, 23], [13, 7, 14, 6]]"
12a_0380_43,"[[13, 7, 14, 6], [15, 4, 16, 5], [17, 2, 18, 3], [19, 24, 20, 1], [21, 12, 22, 13], [23, 10, 24, 11], [1, 18, 2, 19], [3, 16, 4, 17], [5, 9, 6, 8], [7, 15, 8, 14], [9, 20, 10, 21], [11, 22, 12, 23]]"
12a_0380_44,"[[11, 22, 12, 23], [13, 7, 14, 6], [15, 4, 16, 5], [17, 2, 18, 3], [19, 24, 20, 1], [21, 12, 22, 13], [23, 10, 24, 11], [1, 18, 2, 19], [3, 16, 4, 17], [5, 9, 6, 8], [7, 15, 8, 14], [9, 20, 10, 21]]"
12a_0380_45,"[[9, 20, 10, 21], [11, 22, 12, 23], [13, 7, 14, 6], [15, 4, 16, 5], [17, 2, 18, 3], [19, 24, 20, 1], [21, 12, 22, 13], [23, 10, 24, 11], [1, 18, 2, 19], [3, 16, 4, 17], [5, 9, 6, 8], [7, 15, 8, 14]]"
12a_0380_46,"[[7, 15, 8, 14], [9, 20, 10, 21], [11, 22, 12, 23], [13, 7, 14, 6], [15, 4, 16, 5], [17, 2, 18, 3], [19, 24, 20, 1], [21, 12, 22, 13], [23, 10, 24, 11], [1, 18, 2, 19], [3, 16, 4, 17], [5, 9, 6, 8]]"
12a_0380_47,"[[5, 9, 6, 8], [7, 15, 8, 14], [9, 20, 10, 21], [11, 22, 12, 23], [13, 7, 14, 6], [15, 4, 16, 5], [17, 2, 18, 3], [19, 24, 20, 1], [21, 12, 22, 13], [23, 10, 24, 11], [1, 18, 2, 19], [3, 16, 4, 17]]"
12a_0380_48,"[[4, 17, 5, 18], [6, 10, 7, 9], [8, 16, 9, 15], [10, 21, 11, 22], [12, 23, 13, 24], [14, 8, 15, 7], [16, 5, 17, 6], [18, 3, 19, 4], [20, 1, 21, 2], [22, 13, 23, 14], [24, 11, 1, 12], [2, 19, 3, 20]]"
12a_0380_49,"[[2, 19, 3, 20], [4, 17, 5, 18], [6, 10, 7, 9], [8, 16, 9, 15], [10, 21, 11, 22], [12, 23, 13, 24], [14, 8, 15, 7], [16, 5, 17, 6], [18, 3, 19, 4], [20, 1, 21, 2], [22, 13, 23, 14], [24, 11, 1, 12]]"
12a_0380_50,"[[24, 11, 1, 12], [2, 19, 3, 20], [4, 17, 5, 18], [6, 10, 7, 9], [8, 16, 9, 15], [10, 21, 11, 22], [12, 23, 13, 24], [14, 8, 15, 7], [16, 5, 17, 6], [18, 3, 19, 4], [20, 1, 21, 2], [22, 13, 23, 14]]"
12a_0380_51,"[[22, 13, 23, 14], [24, 11, 1, 12], [2, 19, 3, 20], [4, 17, 5, 18], [6, 10, 7, 9], [8, 16, 9, 15], [10, 21, 11, 22], [12, 23, 13, 24], [14, 8, 15, 7], [16, 5, 17, 6], [18, 3, 19, 4], [20, 1, 21, 2]]"
12a_0380_52,"[[20, 1, 21, 2], [22, 13, 23, 14], [24, 11, 1, 12], [2, 19, 3, 20], [4, 17, 5, 18], [6, 10, 7, 9], [8, 16, 9, 15], [10, 21, 11, 22], [12, 23, 13, 24], [14, 8, 15, 7], [16, 5, 17, 6], [18, 3, 19, 4]]"
12a_0380_53,"[[18, 3, 19, 4], [20, 1, 21, 2], [22, 13, 23, 14], [24, 11, 1, 12], [2, 19, 3, 20], [4, 17, 5, 18], [6, 10, 7, 9], [8, 16, 9, 15], [10, 21, 11, 22], [12, 23, 13, 24], [14, 8, 15, 7], [16, 5, 17, 6]]"
12a_0380_54,"[[16, 5, 17, 6], [18, 3, 19, 4], [20, 1, 21, 2], [22, 13, 23, 14], [24, 11, 1, 12], [2, 19, 3, 20], [4, 17, 5, 18], [6, 10, 7, 9], [8, 16, 9, 15], [10, 21, 11, 22], [12, 23, 13, 24], [14, 8, 15, 7]]"
12a_0380_55,"[[14, 8, 15, 7], [16, 5, 17, 6], [18, 3, 19, 4], [20, 1, 21, 2], [22, 13, 23, 14], [24, 11, 1, 12], [2, 19, 3, 20], [4, 17, 5, 18], [6, 10, 7, 9], [8, 16, 9, 15], [10, 21, 11, 22], [12, 23, 13, 24]]"
12a_0380_56,"[[12, 23, 13, 24], [14, 8, 15, 7], [16, 5, 17, 6], [18, 3, 19, 4], [20, 1, 21, 2], [22, 13, 23, 14], [24, 11, 1, 12], [2, 19, 3, 20], [4, 17, 5, 18], [6, 10, 7, 9], [8, 16, 9, 15], [10, 21, 11, 22]]"
12a_0380_57,"[[10, 21, 11, 22], [12, 23, 13, 24], [14, 8, 15, 7], [16, 5, 17, 6], [18, 3, 19, 4], [20, 1, 21, 2], [22, 13, 23, 14], [24, 11, 1, 12], [2, 19, 3, 20], [4, 17, 5, 18], [6, 10, 7, 9], [8, 16, 9, 15]]"
12a_0380_58,"[[8, 16, 9, 15], [10, 21, 11, 22], [12, 23, 13, 24], [14, 8, 15, 7], [16, 5, 17, 6], [18, 3, 19, 4], [20, 1, 21, 2], [22, 13, 23, 14], [24, 11, 1, 12], [2, 19, 3, 20], [4, 17, 5, 18], [6, 10, 7, 9]]"
12a_0380_59,"[[6, 10, 7, 9], [8, 16, 9, 15], [10, 21, 11, 22], [12, 23, 13, 24], [14, 8, 15, 7], [16, 5, 17, 6], [18, 3, 19, 4], [20, 1, 21, 2], [22, 13, 23, 14], [24, 11, 1, 12], [2, 19, 3, 20], [4, 17, 5, 18]]"
12a_0380_60,"[[5, 18, 6, 19], [7, 11, 8, 10], [9, 17, 10, 16], [11, 22, 12, 23], [13, 24, 14, 1], [15, 9, 16, 8], [17, 6, 18, 7], [19, 4, 20, 5], [21, 2, 22, 3], [23, 14, 24, 15], [1, 12, 2, 13], [3, 20, 4, 21]]"
12a_0380_61,"[[3, 20, 4, 21], [5, 18, 6, 19], [7, 11, 8, 10], [9, 17, 10, 16], [11, 22, 12, 23], [13, 24, 14, 1], [15, 9, 16, 8], [17, 6, 18, 7], [19, 4, 20, 5], [21, 2, 22, 3], [23, 14, 24, 15], [1, 12, 2, 13]]"
12a_0380_62,"[[1, 12, 2, 13], [3, 20, 4, 21], [5, 18, 6, 19], [7, 11, 8, 10], [9, 17, 10, 16], [11, 22, 12, 23], [13, 24, 14, 1], [15, 9, 16, 8], [17, 6, 18, 7], [19, 4, 20, 5], [21, 2, 22, 3], [23, 14, 24, 15]]"
12a_0380_63,"[[23, 14, 24, 15], [1, 12, 2, 13], [3, 20, 4, 21], [5, 18, 6, 19], [7, 11, 8, 10], [9, 17, 10, 16], [11, 22, 12, 23], [13, 24, 14, 1], [15, 9, 16, 8], [17, 6, 18, 7], [19, 4, 20, 5], [21, 2, 22, 3]]"
12a_0380_64,"[[21, 2, 22, 3], [23, 14, 24, 15], [1, 12, 2, 13], [3, 20, 4, 21], [5, 18, 6, 19], [7, 11, 8, 10], [9, 17, 10, 16], [11, 22, 12, 23], [13, 24, 14, 1], [15, 9, 16, 8], [17, 6, 18, 7], [19, 4, 20, 5]]"
12a_0380_65,"[[19, 4, 20, 5], [21, 2, 22, 3], [23, 14, 24, 15], [1, 12, 2, 13], [3, 20, 4, 21], [5, 18, 6, 19], [7, 11, 8, 10], [9, 17, 10, 16], [11, 22, 12, 23], [13, 24, 14, 1], [15, 9, 16, 8], [17, 6, 18, 7]]"
12a_0380_66,"[[17, 6, 18, 7], [19, 4, 20, 5], [21, 2, 22, 3], [23, 14, 24, 15], [1, 12, 2, 13], [3, 20, 4, 21], [5, 18, 6, 19], [7, 11, 8, 10], [9, 17, 10, 16], [11, 22, 12, 23], [13, 24, 14, 1], [15, 9, 16, 8]]"
12a_0380_67,"[[15, 9, 16, 8], [17, 6, 18, 7], [19, 4, 20, 5], [21, 2, 22, 3], [23, 14, 24, 15], [1, 12, 2, 13], [3, 20, 4, 21], [5, 18, 6, 19], [7, 11, 8, 10], [9, 17, 10, 16], [11, 22, 12, 23], [13, 24, 14, 1]]"
12a_0380_68,"[[13, 24, 14, 1], [15, 9, 16, 8], [17, 6, 18, 7], [19, 4, 20, 5], [21, 2, 22, 3], [23, 14, 24, 15], [1, 12, 2, 13], [3, 20, 4, 21], [5, 18, 6, 19], [7, 11, 8, 10], [9, 17, 10, 16], [11, 22, 12, 23]]"
12a_0380_69,"[[11, 22, 12, 23], [13, 24, 14, 1], [15, 9, 16, 8], [17, 6, 18, 7], [19, 4, 20, 5], [21, 2, 22, 3], [23, 14, 24, 15], [1, 12, 2, 13], [3, 20, 4, 21], [5, 18, 6, 19], [7, 11, 8, 10], [9, 17, 10, 16]]"
12a_0380_70,"[[9, 17, 10, 16], [11, 22, 12, 23], [13, 24, 14, 1], [15, 9, 16, 8], [17, 6, 18, 7], [19, 4, 20, 5], [21, 2, 22, 3], [23, 14, 24, 15], [1, 12, 2, 13], [3, 20, 4, 21], [5, 18, 6, 19], [7, 11, 8, 10]]"
12a_0380_71,"[[7, 11, 8, 10], [9, 17, 10, 16], [11, 22, 12, 23], [13, 24, 14, 1], [15, 9, 16, 8], [17, 6, 18, 7], [19, 4, 20, 5], [21, 2, 22, 3], [23, 14, 24, 15], [1, 12, 2, 13], [3, 20, 4, 21], [5, 18, 6, 19]]"
12a_0380_72,"[[6, 19, 7, 20], [8, 12, 9, 11], [10, 18, 11, 17], [12, 23, 13, 24], [14, 1, 15, 2], [16, 10, 17, 9], [18, 7, 19, 8], [20, 5, 21, 6], [22, 3, 23, 4], [24, 15, 1, 16], [2, 13, 3, 14], [4, 21, 5, 22]]"
12a_0380_73,"[[4, 21, 5, 22], [6, 19, 7, 20], [8, 12, 9, 11], [10, 18, 11, 17], [12, 23, 13, 24], [14, 1, 15, 2], [16, 10, 17, 9], [18, 7, 19, 8], [20, 5, 21, 6], [22, 3, 23, 4], [24, 15, 1, 16], [2, 13, 3, 14]]"
12a_0380_74,"[[2, 13, 3, 14], [4, 21, 5, 22], [6, 19, 7, 20], [8, 12, 9, 11], [10, 18, 11, 17], [12, 23, 13, 24], [14, 1, 15, 2], [16, 10, 17, 9], [18, 7, 19, 8], [20, 5, 21, 6], [22, 3, 23, 4], [24, 15, 1, 16]]"
12a_0380_75,"[[24, 15, 1, 16], [2, 13, 3, 14], [4, 21, 5, 22], [6, 19, 7, 20], [8, 12, 9, 11], [10, 18, 11, 17], [12, 23, 13, 24], [14, 1, 15, 2], [16, 10, 17, 9], [18, 7, 19, 8], [20, 5, 21, 6], [22, 3, 23, 4]]"
12a_0380_76,"[[22, 3, 23, 4], [24, 15, 1, 16], [2, 13, 3, 14], [4, 21, 5, 22], [6, 19, 7, 20], [8, 12, 9, 11], [10, 18, 11, 17], [12, 23, 13, 24], [14, 1, 15, 2], [16, 10, 17, 9], [18, 7, 19, 8], [20, 5, 21, 6]]"
12a_0380_77,"[[20, 5, 21, 6], [22, 3, 23, 4], [24, 15, 1, 16], [2, 13, 3, 14], [4, 21, 5, 22], [6, 19, 7, 20], [8, 12, 9, 11], [10, 18, 11, 17], [12, 23, 13, 24], [14, 1, 15, 2], [16, 10, 17, 9], [18, 7, 19, 8]]"
12a_0380_78,"[[18, 7, 19, 8], [20, 5, 21, 6], [22, 3, 23, 4], [24, 15, 1, 16], [2, 13, 3, 14], [4, 21, 5, 22], [6, 19, 7, 20], [8, 12, 9, 11], [10, 18, 11, 17], [12, 23, 13, 24], [14, 1, 15, 2], [16, 10, 17, 9]]"
12a_0380_79,"[[16, 10, 17, 9], [18, 7, 19, 8], [20, 5, 21, 6], [22, 3, 23, 4], [24, 15, 1, 16], [2, 13, 3, 14], [4, 21, 5, 22], [6, 19, 7, 20], [8, 12, 9, 11], [10, 18, 11, 17], [12, 23, 13, 24], [14, 1, 15, 2]]"
12a_0380_80,"[[14, 1, 15, 2], [16, 10, 17, 9], [18, 7, 19, 8], [20, 5, 21, 6], [22, 3, 23, 4], [24, 15, 1, 16], [2, 13, 3, 14], [4, 21, 5, 22], [6, 19, 7, 20], [8, 12, 9, 11], [10, 18, 11, 17], [12, 23, 13, 24]]"
12a_0380_81,"[[12, 23, 13, 24], [14, 1, 15, 2], [16, 10, 17, 9], [18, 7, 19, 8], [20, 5, 21, 6], [22, 3, 23, 4], [24, 15, 1, 16], [2, 13, 3, 14], [4, 21, 5, 22], [6, 19, 7, 20], [8, 12, 9, 11], [10, 18, 11, 17]]"
12a_0380_82,"[[10, 18, 11, 17], [12, 23, 13, 24], [14, 1, 15, 2], [16, 10, 17, 9], [18, 7, 19, 8], [20, 5, 21, 6], [22, 3, 23, 4], [24, 15, 1, 16], [2, 13, 3, 14], [4, 21, 5, 22], [6, 19, 7, 20], [8, 12, 9, 11]]"
12a_0380_83,"[[8, 12, 9, 11], [10, 18, 11, 17], [12, 23, 13, 24], [14, 1, 15, 2], [16, 10, 17, 9], [18, 7, 19, 8], [20, 5, 21, 6], [22, 3, 23, 4], [24, 15, 1, 16], [2, 13, 3, 14], [4, 21, 5, 22], [6, 19, 7, 20]]"
12a_0380_84,"[[7, 20, 8, 21], [9, 13, 10, 12], [11, 19, 12, 18], [13, 24, 14, 1], [15, 2, 16, 3], [17, 11, 18, 10], [19, 8, 20, 9], [21, 6, 22, 7], [23, 4, 24, 5], [1, 16, 2, 17], [3, 14, 4, 15], [5, 22, 6, 23]]"
12a_0380_85,"[[5, 22, 6, 23], [7, 20, 8, 21], [9, 13, 10, 12], [11, 19, 12, 18], [13, 24, 14, 1], [15, 2, 16, 3], [17, 11, 18, 10], [19, 8, 20, 9], [21, 6, 22, 7], [23, 4, 24, 5], [1, 16, 2, 17], [3, 14, 4, 15]]"
12a_0380_86,"[[3, 14, 4, 15], [5, 22, 6, 23], [7, 20, 8, 21], [9, 13, 10, 12], [11, 19, 12, 18], [13, 24, 14, 1], [15, 2, 16, 3], [17, 11, 18, 10], [19, 8, 20, 9], [21, 6, 22, 7], [23, 4, 24, 5], [1, 16, 2, 17]]"
12a_0380_87,"[[1, 16, 2, 17], [3, 14, 4, 15], [5, 22, 6, 23], [7, 20, 8, 21], [9, 13, 10, 12], [11, 19, 12, 18], [13, 24, 14, 1], [15, 2, 16, 3], [17, 11, 18, 10], [19, 8, 20, 9], [21, 6, 22, 7], [23, 4, 24, 5]]"
12a_0380_88,"[[23, 4, 24, 5], [1, 16, 2, 17], [3, 14, 4, 15], [5, 22, 6, 23], [7, 20, 8, 21], [9, 13, 10, 12], [11, 19, 12, 18], [13, 24, 14, 1], [15, 2, 16, 3], [17, 11, 18, 10], [19, 8, 20, 9], [21, 6, 22, 7]]"
12a_0380_89,"[[21, 6, 22, 7], [23, 4, 24, 5], [1, 16, 2, 17], [3, 14, 4, 15], [5, 22, 6, 23], [7, 20, 8, 21], [9, 13, 10, 12], [11, 19, 12, 18], [13, 24, 14, 1], [15, 2, 16, 3], [17, 11, 18, 10], [19, 8, 20, 9]]"
12a_0380_90,"[[19, 8, 20, 9], [21, 6, 22, 7], [23, 4, 24, 5], [1, 16, 2, 17], [3, 14, 4, 15], [5, 22, 6, 23], [7, 20, 8, 21], [9, 13, 10, 12], [11, 19, 12, 18], [13, 24, 14, 1], [15, 2, 16, 3], [17, 11, 18, 10]]"
12a_0380_91,"[[17, 11, 18, 10], [19, 8, 20, 9], [21, 6, 22, 7], [23, 4, 24, 5], [1, 16, 2, 17], [3, 14, 4, 15], [5, 22, 6, 23], [7, 20, 8, 21], [9, 13, 10, 12], [11, 19, 12, 18], [13, 24, 14, 1], [15, 2, 16, 3]]"
12a_0380_92,"[[15, 2, 16, 3], [17, 11, 18, 10], [19, 8, 20, 9], [21, 6, 22, 7], [23, 4, 24, 5], [1, 16, 2, 17], [3, 14, 4, 15], [5, 22, 6, 23], [7, 20, 8, 21], [9, 13, 10, 12], [11, 19, 12, 18], [13, 24, 14, 1]]"
12a_0380_93,"[[13, 24, 14, 1], [15, 2, 16, 3], [17, 11, 18, 10], [19, 8, 20, 9], [21, 6, 22, 7], [23, 4, 24, 5], [1, 16, 2, 17], [3, 14, 4, 15], [5, 22, 6, 23], [7, 20, 8, 21], [9, 13, 10, 12], [11, 19, 12, 18]]"
12a_0380_94,"[[11, 19, 12, 18], [13, 24, 14, 1], [15, 2, 16, 3], [17, 11, 18, 10], [19, 8, 20, 9], [21, 6, 22, 7], [23, 4, 24, 5], [1, 16, 2, 17], [3, 14, 4, 15], [5, 22, 6, 23], [7, 20, 8, 21], [9, 13, 10, 12]]"
12a_0380_95,"[[9, 13, 10, 12], [11, 19, 12, 18], [13, 24, 14, 1], [15, 2, 16, 3], [17, 11, 18, 10], [19, 8, 20, 9], [21, 6, 22, 7], [23, 4, 24, 5], [1, 16, 2, 17], [3, 14, 4, 15], [5, 22, 6, 23], [7, 20, 8, 21]]"
12a_0380_96,"[[8, 21, 9, 22], [10, 14, 11, 13], [12, 20, 13, 19], [14, 1, 15, 2], [16, 3, 17, 4], [18, 12, 19, 11], [20, 9, 21, 10], [22, 7, 23, 8], [24, 5, 1, 6], [2, 17, 3, 18], [4, 15, 5, 16], [6, 23, 7, 24]]"
12a_0380_97,"[[6, 23, 7, 24], [8, 21, 9, 22], [10, 14, 11, 13], [12, 20, 13, 19], [14, 1, 15, 2], [16, 3, 17, 4], [18, 12, 19, 11], [20, 9, 21, 10], [22, 7, 23, 8], [24, 5, 1, 6], [2, 17, 3, 18], [4, 15, 5, 16]]"
12a_0380_98,"[[4, 15, 5, 16], [6, 23, 7, 24], [8, 21, 9, 22], [10, 14, 11, 13], [12, 20, 13, 19], [14, 1, 15, 2], [16, 3, 17, 4], [18, 12, 19, 11], [20, 9, 21, 10], [22, 7, 23, 8], [24, 5, 1, 6], [2, 17, 3, 18]]"
12a_0380_99,"[[2, 17, 3, 18], [4, 15, 5, 16], [6, 23, 7, 24], [8, 21, 9, 22], [10, 14, 11, 13], [12, 20, 13, 19], [14, 1, 15, 2], [16, 3, 17, 4], [18, 12, 19, 11], [20, 9, 21, 10], [22, 7, 23, 8], [24, 5, 1, 6]]"
12a_0380_100,"[[24, 5, 1, 6], [2, 17, 3, 18], [4, 15, 5, 16], [6, 23, 7, 24], [8, 21, 9, 22], [10, 14, 11, 13], [12, 20, 13, 19], [14, 1, 15, 2], [16, 3, 17, 4], [18, 12, 19, 11], [20, 9, 21, 10], [22, 7, 23, 8]]"
12a_0380_101,"[[22, 7, 23, 8], [24, 5, 1, 6], [2, 17, 3, 18], [4, 15, 5, 16], [6, 23, 7, 24], [8, 21, 9, 22], [10, 14, 11, 13], [12, 20, 13, 19], [14, 1, 15, 2], [16, 3, 17, 4], [18, 12, 19, 11], [20, 9, 21, 10]]"
12a_0380_102,"[[20, 9, 21, 10], [22, 7, 23, 8], [24, 5, 1, 6], [2, 17, 3, 18], [4, 15, 5, 16], [6, 23, 7, 24], [8, 21, 9, 22], [10, 14, 11, 13], [12, 20, 13, 19], [14, 1, 15, 2], [16, 3, 17, 4], [18, 12, 19, 11]]"
12a_0380_103,"[[18, 12, 19, 11], [20, 9, 21, 10], [22, 7, 23, 8], [24, 5, 1, 6], [2, 17, 3, 18], [4, 15, 5, 16], [6, 23, 7, 24], [8, 21, 9, 22], [10, 14, 11, 13], [12, 20, 13, 19], [14, 1, 15, 2], [16, 3, 17, 4]]"
12a_0380_104,"[[16, 3, 17, 4], [18, 12, 19, 11], [20, 9, 21, 10], [22, 7, 23, 8], [24, 5, 1, 6], [2, 17, 3, 18], [4, 15, 5, 16], [6, 23, 7, 24], [8, 21, 9, 22], [10, 14, 11, 13], [12, 20, 13, 19], [14, 1, 15, 2]]"
12a_0380_105,"[[14, 1, 15, 2], [16, 3, 17, 4], [18, 12, 19, 11], [20, 9, 21, 10], [22, 7, 23, 8], [24, 5, 1, 6], [2, 17, 3, 18], [4, 15, 5, 16], [6, 23, 7, 24], [8, 21, 9, 22], [10, 14, 11, 13], [12, 20, 13, 19]]"
12a_0380_106,"[[12, 20, 13, 19], [14, 1, 15, 2], [16, 3, 17, 4], [18, 12, 19, 11], [20, 9, 21, 10], [22, 7, 23, 8], [24, 5, 1, 6], [2, 17, 3, 18], [4, 15, 5, 16], [6, 23, 7, 24], [8, 21, 9, 22], [10, 14, 11, 13]]"
12a_0380_107,"[[10, 14, 11, 13], [12, 20, 13, 19], [14, 1, 15, 2], [16, 3, 17, 4], [18, 12, 19, 11], [20, 9, 21, 10], [22, 7, 23, 8], [24, 5, 1, 6], [2, 17, 3, 18], [4, 15, 5, 16], [6, 23, 7, 24], [8, 21, 9, 22]]"
12a_0380_108,"[[9, 22, 10, 23], [11, 15, 12, 14], [13, 21, 14, 20], [15, 2, 16, 3], [17, 4, 18, 5], [19, 13, 20, 12], [21, 10, 22, 11], [23, 8, 24, 9], [1, 6, 2, 7], [3, 18, 4, 19], [5, 16, 6, 17], [7, 24, 8, 1]]"
12a_0380_109,"[[7, 24, 8, 1], [9, 22, 10, 23], [11, 15, 12, 14], [13, 21, 14, 20], [15, 2, 16, 3], [17, 4, 18, 5], [19, 13, 20, 12], [21, 10, 22, 11], [23, 8, 24, 9], [1, 6, 2, 7], [3, 18, 4, 19], [5, 16, 6, 17]]"
12a_0380_110,"[[5, 16, 6, 17], [7, 24, 8, 1], [9, 22, 10, 23], [11, 15, 12, 14], [13, 21, 14, 20], [15, 2, 16, 3], [17, 4, 18, 5], [19, 13, 20, 12], [21, 10, 22, 11], [23, 8, 24, 9], [1, 6, 2, 7], [3, 18, 4, 19]]"
12a_0380_111,"[[3, 18, 4, 19], [5, 16, 6, 17], [7, 24, 8, 1], [9, 22, 10, 23], [11, 15, 12, 14], [13, 21, 14, 20], [15, 2, 16, 3], [17, 4, 18, 5], [19, 13, 20, 12], [21, 10, 22, 11], [23, 8, 24, 9], [1, 6, 2, 7]]"
12a_0380_112,"[[1, 6, 2, 7], [3, 18, 4, 19], [5, 16, 6, 17], [7, 24, 8, 1], [9, 22, 10, 23], [11, 15, 12, 14], [13, 21, 14, 20], [15, 2, 16, 3], [17, 4, 18, 5], [19, 13, 20, 12], [21, 10, 22, 11], [23, 8, 24, 9]]"
12a_0380_113,"[[23, 8, 24, 9], [1, 6, 2, 7], [3, 18, 4, 19], [5, 16, 6, 17], [7, 24, 8, 1], [9, 22, 10, 23], [11, 15, 12, 14], [13, 21, 14, 20], [15, 2, 16, 3], [17, 4, 18, 5], [19, 13, 20, 12], [21, 10, 22, 11]]"
12a_0380_114,"[[21, 10, 22, 11], [23, 8, 24, 9], [1, 6, 2, 7], [3, 18, 4, 19], [5, 16, 6, 17], [7, 24, 8, 1], [9, 22, 10, 23], [11, 15, 12, 14], [13, 21, 14, 20], [15, 2, 16, 3], [17, 4, 18, 5], [19, 13, 20, 12]]"
12a_0380_115,"[[19, 13, 20, 12], [21, 10, 22, 11], [23, 8, 24, 9], [1, 6, 2, 7], [3, 18, 4, 19], [5, 16, 6, 17], [7, 24, 8, 1], [9, 22, 10, 23], [11, 15, 12, 14], [13, 21, 14, 20], [15, 2, 16, 3], [17, 4, 18, 5]]"
12a_0380_116,"[[17, 4, 18, 5], [19, 13, 20, 12], [21, 10, 22, 11], [23, 8, 24, 9], [1, 6, 2, 7], [3, 18, 4, 19], [5, 16, 6, 17], [7, 24, 8, 1], [9, 22, 10, 23], [11, 15, 12, 14], [13, 21, 14, 20], [15, 2, 16, 3]]"
12a_0380_117,"[[15, 2, 16, 3], [17, 4, 18, 5], [19, 13, 20, 12], [21, 10, 22, 11], [23, 8, 24, 9], [1, 6, 2, 7], [3, 18, 4, 19], [5, 16, 6, 17], [7, 24, 8, 1], [9, 22, 10, 23], [11, 15, 12, 14], [13, 21, 14, 20]]"
12a_0380_118,"[[13, 21, 14, 20], [15, 2, 16, 3], [17, 4, 18, 5], [19, 13, 20, 12], [21, 10, 22, 11], [23, 8, 24, 9], [1, 6, 2, 7], [3, 18, 4, 19], [5, 16, 6, 17], [7, 24, 8, 1], [9, 22, 10, 23], [11, 15, 12, 14]]"
12a_0380_119,"[[11, 15, 12, 14], [13, 21, 14, 20], [15, 2, 16, 3], [17, 4, 18, 5], [19, 13, 20, 12], [21, 10, 22, 11], [23, 8, 24, 9], [1, 6, 2, 7], [3, 18, 4, 19], [5, 16, 6, 17], [7, 24, 8, 1], [9, 22, 10, 23]]"
12a_0380_120,"[[10, 23, 11, 24], [12, 16, 13, 15], [14, 22, 15, 21], [16, 3, 17, 4], [18, 5, 19, 6], [20, 14, 21, 13], [22, 11, 23, 12], [24, 9, 1, 10], [2, 7, 3, 8], [4, 19, 5, 20], [6, 17, 7, 18], [8, 1, 9, 2]]"
12a_0380_121,"[[8, 1, 9, 2], [10, 23, 11, 24], [12, 16, 13, 15], [14, 22, 15, 21], [16, 3, 17, 4], [18, 5, 19, 6], [20, 14, 21, 13], [22, 11, 23, 12], [24, 9, 1, 10], [2, 7, 3, 8], [4, 19, 5, 20], [6, 17, 7, 18]]"
12a_0380_122,"[[6, 17, 7, 18], [8, 1, 9, 2], [10, 23, 11, 24], [12, 16, 13, 15], [14, 22, 15, 21], [16, 3, 17, 4], [18, 5, 19, 6], [20, 14, 21, 13], [22, 11, 23, 12], [24, 9, 1, 10], [2, 7, 3, 8], [4, 19, 5, 20]]"
12a_0380_123,"[[4, 19, 5, 20], [6, 17, 7, 18], [8, 1, 9, 2], [10, 23, 11, 24], [12, 16, 13, 15], [14, 22, 15, 21], [16, 3, 17, 4], [18, 5, 19, 6], [20, 14, 21, 13], [22, 11, 23, 12], [24, 9, 1, 10], [2, 7, 3, 8]]"
12a_0380_124,"[[2, 7, 3, 8], [4, 19, 5, 20], [6, 17, 7, 18], [8, 1, 9, 2], [10, 23, 11, 24], [12, 16, 13, 15], [14, 22, 15, 21], [16, 3, 17, 4], [18, 5, 19, 6], [20, 14, 21, 13], [22, 11, 23, 12], [24, 9, 1, 10]]"
12a_0380_125,"[[24, 9, 1, 10], [2, 7, 3, 8], [4, 19, 5, 20], [6, 17, 7, 18], [8, 1, 9, 2], [10, 23, 11, 24], [12, 16, 13, 15], [14, 22, 15, 21], [16, 3, 17, 4], [18, 5, 19, 6], [20, 14, 21, 13], [22, 11, 23, 12]]"
12a_0380_126,"[[22, 11, 23, 12], [24, 9, 1, 10], [2, 7, 3, 8], [4, 19, 5, 20], [6, 17, 7, 18], [8, 1, 9, 2], [10, 23, 11, 24], [12, 16, 13, 15], [14, 22, 15, 21], [16, 3, 17, 4], [18, 5, 19, 6], [20, 14, 21, 13]]"
12a_0380_127,"[[20, 14, 21, 13], [22, 11, 23, 12], [24, 9, 1, 10], [2, 7, 3, 8], [4, 19, 5, 20], [6, 17, 7, 18], [8, 1, 9, 2], [10, 23, 11, 24], [12, 16, 13, 15], [14, 22, 15, 21], [16, 3, 17, 4], [18, 5, 19, 6]]"
12a_0380_128,"[[18, 5, 19, 6], [20, 14, 21, 13], [22, 11, 23, 12], [24, 9, 1, 10], [2, 7, 3, 8], [4, 19, 5, 20], [6, 17, 7, 18], [8, 1, 9, 2], [10, 23, 11, 24], [12, 16, 13, 15], [14, 22, 15, 21], [16, 3, 17, 4]]"
12a_0380_129,"[[16, 3, 17, 4], [18, 5, 19, 6], [20, 14, 21, 13], [22, 11, 23, 12], [24, 9, 1, 10], [2, 7, 3, 8], [4, 19, 5, 20], [6, 17, 7, 18], [8, 1, 9, 2], [10, 23, 11, 24], [12, 16, 13, 15], [14, 22, 15, 21]]"
12a_0380_130,"[[14, 22, 15, 21], [16, 3, 17, 4], [18, 5, 19, 6], [20, 14, 21, 13], [22, 11, 23, 12], [24, 9, 1, 10], [2, 7, 3, 8], [4, 19, 5, 20], [6, 17, 7, 18], [8, 1, 9, 2], [10, 23, 11, 24], [12, 16, 13, 15]]"
12a_0380_131,"[[12, 16, 13, 15], [14, 22, 15, 21], [16, 3, 17, 4], [18, 5, 19, 6], [20, 14, 21, 13], [22, 11, 23, 12], [24, 9, 1, 10], [2, 7, 3, 8], [4, 19, 5, 20], [6, 17, 7, 18], [8, 1, 9, 2], [10, 23, 11, 24]]"
12a_0380_132,"[[11, 24, 12, 1], [13, 17, 14, 16], [15, 23, 16, 22], [17, 4, 18, 5], [19, 6, 20, 7], [21, 15, 22, 14], [23, 12, 24, 13], [1, 10, 2, 11], [3, 8, 4, 9], [5, 20, 6, 21], [7, 18, 8, 19], [9, 2, 10, 3]]"
12a_0380_133,"[[9, 2, 10, 3], [11, 24, 12, 1], [13, 17, 14, 16], [15, 23, 16, 22], [17, 4, 18, 5], [19, 6, 20, 7], [21, 15, 22, 14], [23, 12, 24, 13], [1, 10, 2, 11], [3, 8, 4, 9], [5, 20, 6, 21], [7, 18, 8, 19]]"
12a_0380_134,"[[7, 18, 8, 19], [9, 2, 10, 3], [11, 24, 12, 1], [13, 17, 14, 16], [15, 23, 16, 22], [17, 4, 18, 5], [19, 6, 20, 7], [21, 15, 22, 14], [23, 12, 24, 13], [1, 10, 2, 11], [3, 8, 4, 9], [5, 20, 6, 21]]"
12a_0380_135,"[[5, 20, 6, 21], [7, 18, 8, 19], [9, 2, 10, 3], [11, 24, 12, 1], [13, 17, 14, 16], [15, 23, 16, 22], [17, 4, 18, 5], [19, 6, 20, 7], [21, 15, 22, 14], [23, 12, 24, 13], [1, 10, 2, 11], [3, 8, 4, 9]]"
12a_0380_136,"[[3, 8, 4, 9], [5, 20, 6, 21], [7, 18, 8, 19], [9, 2, 10, 3], [11, 24, 12, 1], [13, 17, 14, 16], [15, 23, 16, 22], [17, 4, 18, 5], [19, 6, 20, 7], [21, 15, 22, 14], [23, 12, 24, 13], [1, 10, 2, 11]]"
12a_0380_137,"[[1, 10, 2, 11], [3, 8, 4, 9], [5, 20, 6, 21], [7, 18, 8, 19], [9, 2, 10, 3], [11, 24, 12, 1], [13, 17, 14, 16], [15, 23, 16, 22], [17, 4, 18, 5], [19, 6, 20, 7], [21, 15, 22, 14], [23, 12, 24, 13]]"
12a_0380_138,"[[23, 12, 24, 13], [1, 10, 2, 11], [3, 8, 4, 9], [5, 20, 6, 21], [7, 18, 8, 19], [9, 2, 10, 3], [11, 24, 12, 1], [13, 17, 14, 16], [15, 23, 16, 22], [17, 4, 18, 5], [19, 6, 20, 7], [21, 15, 22, 14]]"
12a_0380_139,"[[21, 15, 22, 14], [23, 12, 24, 13], [1, 10, 2, 11], [3, 8, 4, 9], [5, 20, 6, 21], [7, 18, 8, 19], [9, 2, 10, 3], [11, 24, 12, 1], [13, 17, 14, 16], [15, 23, 16, 22], [17, 4, 18, 5], [19, 6, 20, 7]]"
12a_0380_140,"[[19, 6, 20, 7], [21, 15, 22, 14], [23, 12, 24, 13], [1, 10, 2, 11], [3, 8, 4, 9], [5, 20, 6, 21], [7, 18, 8, 19], [9, 2, 10, 3], [11, 24, 12, 1], [13, 17, 14, 16], [15, 23, 16, 22], [17, 4, 18, 5]]"
12a_0380_141,"[[17, 4, 18, 5], [19, 6, 20, 7], [21, 15, 22, 14], [23, 12, 24, 13], [1, 10, 2, 11], [3, 8, 4, 9], [5, 20, 6, 21], [7, 18, 8, 19], [9, 2, 10, 3], [11, 24, 12, 1], [13, 17, 14, 16], [15, 23, 16, 22]]"
12a_0380_142,"[[15, 23, 16, 22], [17, 4, 18, 5], [19, 6, 20, 7], [21, 15, 22, 14], [23, 12, 24, 13], [1, 10, 2, 11], [3, 8, 4, 9], [5, 20, 6, 21], [7, 18, 8, 19], [9, 2, 10, 3], [11, 24, 12, 1], [13, 17, 14, 16]]"
12a_0380_143,"[[13, 17, 14, 16], [15, 23, 16, 22], [17, 4, 18, 5], [19, 6, 20, 7], [21, 15, 22, 14], [23, 12, 24, 13], [1, 10, 2, 11], [3, 8, 4, 9], [5, 20, 6, 21], [7, 18, 8, 19], [9, 2, 10, 3], [11, 24, 12, 1]]"
12a_0380_144,"[[12, 1, 13, 2], [14, 18, 15, 17], [16, 24, 17, 23], [18, 5, 19, 6], [20, 7, 21, 8], [22, 16, 23, 15], [24, 13, 1, 14], [2, 11, 3, 12], [4, 9, 5, 10], [6, 21, 7, 22], [8, 19, 9, 20], [10, 3, 11, 4]]"
12a_0380_145,"[[10, 3, 11, 4], [12, 1, 13, 2], [14, 18, 15, 17], [16, 24, 17, 23], [18, 5, 19, 6], [20, 7, 21, 8], [22, 16, 23, 15], [24, 13, 1, 14], [2, 11, 3, 12], [4, 9, 5, 10], [6, 21, 7, 22], [8, 19, 9, 20]]"
12a_0380_146,"[[8, 19, 9, 20], [10, 3, 11, 4], [12, 1, 13, 2], [14, 18, 15, 17], [16, 24, 17, 23], [18, 5, 19, 6], [20, 7, 21, 8], [22, 16, 23, 15], [24, 13, 1, 14], [2, 11, 3, 12], [4, 9, 5, 10], [6, 21, 7, 22]]"
12a_0380_147,"[[6, 21, 7, 22], [8, 19, 9, 20], [10, 3, 11, 4], [12, 1, 13, 2], [14, 18, 15, 17], [16, 24, 17, 23], [18, 5, 19, 6], [20, 7, 21, 8], [22, 16, 23, 15], [24, 13, 1, 14], [2, 11, 3, 12], [4, 9, 5, 10]]"
12a_0380_148,"[[4, 9, 5, 10], [6, 21, 7, 22], [8, 19, 9, 20], [10, 3, 11, 4], [12, 1, 13, 2], [14, 18, 15, 17], [16, 24, 17, 23], [18, 5, 19, 6], [20, 7, 21, 8], [22, 16, 23, 15], [24, 13, 1, 14], [2, 11, 3, 12]]"
12a_0380_149,"[[2, 11, 3, 12], [4, 9, 5, 10], [6, 21, 7, 22], [8, 19, 9, 20], [10, 3, 11, 4], [12, 1, 13, 2], [14, 18, 15, 17], [16, 24, 17, 23], [18, 5, 19, 6], [20, 7, 21, 8], [22, 16, 23, 15], [24, 13, 1, 14]]"
12a_0380_150,"[[24, 13, 1, 14], [2, 11, 3, 12], [4, 9, 5, 10], [6, 21, 7, 22], [8, 19, 9, 20], [10, 3, 11, 4], [12, 1, 13, 2], [14, 18, 15, 17], [16, 24, 17, 23], [18, 5, 19, 6], [20, 7, 21, 8], [22, 16, 23, 15]]"
12a_0380_151,"[[22, 16, 23, 15], [24, 13, 1, 14], [2, 11, 3, 12], [4, 9, 5, 10], [6, 21, 7, 22], [8, 19, 9, 20], [10, 3, 11, 4], [12, 1, 13, 2], [14, 18, 15, 17], [16, 24, 17, 23], [18, 5, 19, 6], [20, 7, 21, 8]]"
12a_0380_152,"[[20, 7, 21, 8], [22, 16, 23, 15], [24, 13, 1, 14], [2, 11, 3, 12], [4, 9, 5, 10], [6, 21, 7, 22], [8, 19, 9, 20], [10, 3, 11, 4], [12, 1, 13, 2], [14, 18, 15, 17], [16, 24, 17, 23], [18, 5, 19, 6]]"
12a_0380_153,"[[18, 5, 19, 6], [20, 7, 21, 8], [22, 16, 23, 15], [24, 13, 1, 14], [2, 11, 3, 12], [4, 9, 5, 10], [6, 21, 7, 22], [8, 19, 9, 20], [10, 3, 11, 4], [12, 1, 13, 2], [14, 18, 15, 17], [16, 24, 17, 23]]"
12a_0380_154,"[[16, 24, 17, 23], [18, 5, 19, 6], [20, 7, 21, 8], [22, 16, 23, 15], [24, 13, 1, 14], [2, 11, 3, 12], [4, 9, 5, 10], [6, 21, 7, 22], [8, 19, 9, 20], [10, 3, 11, 4], [12, 1, 13, 2], [14, 18, 15, 17]]"
12a_0380_155,"[[14, 18, 15, 17], [16, 24, 17, 23], [18, 5, 19, 6], [20, 7, 21, 8], [22, 16, 23, 15], [24, 13, 1, 14], [2, 11, 3, 12], [4, 9, 5, 10], [6, 21, 7, 22], [8, 19, 9, 20], [10, 3, 11, 4], [12, 1, 13, 2]]"
12a_0380_156,"[[13, 2, 14, 3], [15, 19, 16, 18], [17, 1, 18, 24], [19, 6, 20, 7], [21, 8, 22, 9], [23, 17, 24, 16], [1, 14, 2, 15], [3, 12, 4, 13], [5, 10, 6, 11], [7, 22, 8, 23], [9, 20, 10, 21], [11, 4, 12, 5]]"
12a_0380_157,"[[11, 4, 12, 5], [13, 2, 14, 3], [15, 19, 16, 18], [17, 1, 18, 24], [19, 6, 20, 7], [21, 8, 22, 9], [23, 17, 24, 16], [1, 14, 2, 15], [3, 12, 4, 13], [5, 10, 6, 11], [7, 22, 8, 23], [9, 20, 10, 21]]"
12a_0380_158,"[[9, 20, 10, 21], [11, 4, 12, 5], [13, 2, 14, 3], [15, 19, 16, 18], [17, 1, 18, 24], [19, 6, 20, 7], [21, 8, 22, 9], [23, 17, 24, 16], [1, 14, 2, 15], [3, 12, 4, 13], [5, 10, 6, 11], [7, 22, 8, 23]]"
12a_0380_159,"[[7, 22, 8, 23], [9, 20, 10, 21], [11, 4, 12, 5], [13, 2, 14, 3], [15, 19, 16, 18], [17, 1, 18, 24], [19, 6, 20, 7], [21, 8, 22, 9], [23, 17, 24, 16], [1, 14, 2, 15], [3, 12, 4, 13], [5, 10, 6, 11]]"
12a_0380_160,"[[5, 10, 6, 11], [7, 22, 8, 23], [9, 20, 10, 21], [11, 4, 12, 5], [13, 2, 14, 3], [15, 19, 16, 18], [17, 1, 18, 24], [19, 6, 20, 7], [21, 8, 22, 9], [23, 17, 24, 16], [1, 14, 2, 15], [3, 12, 4, 13]]"
12a_0380_161,"[[3, 12, 4, 13], [5, 10, 6, 11], [7, 22, 8, 23], [9, 20, 10, 21], [11, 4, 12, 5], [13, 2, 14, 3], [15, 19, 16, 18], [17, 1, 18, 24], [19, 6, 20, 7], [21, 8, 22, 9], [23, 17, 24, 16], [1, 14, 2, 15]]"
12a_0380_162,"[[1, 14, 2, 15], [3, 12, 4, 13], [5, 10, 6, 11], [7, 22, 8, 23], [9, 20, 10, 21], [11, 4, 12, 5], [13, 2, 14, 3], [15, 19, 16, 18], [17, 1, 18, 24], [19, 6, 20, 7], [21, 8, 22, 9], [23, 17, 24, 16]]"
12a_0380_163,"[[23, 17, 24, 16], [1, 14, 2, 15], [3, 12, 4, 13], [5, 10, 6, 11], [7, 22, 8, 23], [9, 20, 10, 21], [11, 4, 12, 5], [13, 2, 14, 3], [15, 19, 16, 18], [17, 1, 18, 24], [19, 6, 20, 7], [21, 8, 22, 9]]"
12a_0380_164,"[[21, 8, 22, 9], [23, 17, 24, 16], [1, 14, 2, 15], [3, 12, 4, 13], [5, 10, 6, 11], [7, 22, 8, 23], [9, 20, 10, 21], [11, 4, 12, 5], [13, 2, 14, 3], [15, 19, 16, 18], [17, 1, 18, 24], [19, 6, 20, 7]]"
12a_0380_165,"[[19, 6, 20, 7], [21, 8, 22, 9], [23, 17, 24, 16], [1, 14, 2, 15], [3, 12, 4, 13], [5, 10, 6, 11], [7, 22, 8, 23], [9, 20, 10, 21], [11, 4, 12, 5], [13, 2, 14, 3], [15, 19, 16, 18], [17, 1, 18, 24]]"
12a_0380_166,"[[17, 1, 18, 24], [19, 6, 20, 7], [21, 8, 22, 9], [23, 17, 24, 16], [1, 14, 2, 15], [3, 12, 4, 13], [5, 10, 6, 11], [7, 22, 8, 23], [9, 20, 10, 21], [11, 4, 12, 5], [13, 2, 14, 3], [15, 19, 16, 18]]"
12a_0380_167,"[[15, 19, 16, 18], [17, 1, 18, 24], [19, 6, 20, 7], [21, 8, 22, 9], [23, 17, 24, 16], [1, 14, 2, 15], [3, 12, 4, 13], [5, 10, 6, 11], [7, 22, 8, 23], [9, 20, 10, 21], [11, 4, 12, 5], [13, 2, 14, 3]]"
12a_0380_168,"[[14, 3, 15, 4], [16, 20, 17, 19], [18, 2, 19, 1], [20, 7, 21, 8], [22, 9, 23, 10], [24, 18, 1, 17], [2, 15, 3, 16], [4, 13, 5, 14], [6, 11, 7, 12], [8, 23, 9, 24], [10, 21, 11, 22], [12, 5, 13, 6]]"
12a_0380_169,"[[12, 5, 13, 6], [14, 3, 15, 4], [16, 20, 17, 19], [18, 2, 19, 1], [20, 7, 21, 8], [22, 9, 23, 10], [24, 18, 1, 17], [2, 15, 3, 16], [4, 13, 5, 14], [6, 11, 7, 12], [8, 23, 9, 24], [10, 21, 11, 22]]"
12a_0380_170,"[[10, 21, 11, 22], [12, 5, 13, 6], [14, 3, 15, 4], [16, 20, 17, 19], [18, 2, 19, 1], [20, 7, 21, 8], [22, 9, 23, 10], [24, 18, 1, 17], [2, 15, 3, 16], [4, 13, 5, 14], [6, 11, 7, 12], [8, 23, 9, 24]]"
12a_0380_171,"[[8, 23, 9, 24], [10, 21, 11, 22], [12, 5, 13, 6], [14, 3, 15, 4], [16, 20, 17, 19], [18, 2, 19, 1], [20, 7, 21, 8], [22, 9, 23, 10], [24, 18, 1, 17], [2, 15, 3, 16], [4, 13, 5, 14], [6, 11, 7, 12]]"
12a_0380_172,"[[6, 11, 7, 12], [8, 23, 9, 24], [10, 21, 11, 22], [12, 5, 13, 6], [14, 3, 15, 4], [16, 20, 17, 19], [18, 2, 19, 1], [20, 7, 21, 8], [22, 9, 23, 10], [24, 18, 1, 17], [2, 15, 3, 16], [4, 13, 5, 14]]"
12a_0380_173,"[[4, 13, 5, 14], [6, 11, 7, 12], [8, 23, 9, 24], [10, 21, 11, 22], [12, 5, 13, 6], [14, 3, 15, 4], [16, 20, 17, 19], [18, 2, 19, 1], [20, 7, 21, 8], [22, 9, 23, 10], [24, 18, 1, 17], [2, 15, 3, 16]]"
12a_0380_174,"[[2, 15, 3, 16], [4, 13, 5, 14], [6, 11, 7, 12], [8, 23, 9, 24], [10, 21, 11, 22], [12, 5, 13, 6], [14, 3, 15, 4], [16, 20, 17, 19], [18, 2, 19, 1], [20, 7, 21, 8], [22, 9, 23, 10], [24, 18, 1, 17]]"
12a_0380_175,"[[24, 18, 1, 17], [2, 15, 3, 16], [4, 13, 5, 14], [6, 11, 7, 12], [8, 23, 9, 24], [10, 21, 11, 22], [12, 5, 13, 6], [14, 3, 15, 4], [16, 20, 17, 19], [18, 2, 19, 1], [20, 7, 21, 8], [22, 9, 23, 10]]"
12a_0380_176,"[[22, 9, 23, 10], [24, 18, 1, 17], [2, 15, 3, 16], [4, 13, 5, 14], [6, 11, 7, 12], [8, 23, 9, 24], [10, 21, 11, 22], [12, 5, 13, 6], [14, 3, 15, 4], [16, 20, 17, 19], [18, 2, 19, 1], [20, 7, 21, 8]]"
12a_0380_177,"[[20, 7, 21, 8], [22, 9, 23, 10], [24, 18, 1, 17], [2, 15, 3, 16], [4, 13, 5, 14], [6, 11, 7, 12], [8, 23, 9, 24], [10, 21, 11, 22], [12, 5, 13, 6], [14, 3, 15, 4], [16, 20, 17, 19], [18, 2, 19, 1]]"
12a_0380_178,"[[18, 2, 19, 1], [20, 7, 21, 8], [22, 9, 23, 10], [24, 18, 1, 17], [2, 15, 3, 16], [4, 13, 5, 14], [6, 11, 7, 12], [8, 23, 9, 24], [10, 21, 11, 22], [12, 5, 13, 6], [14, 3, 15, 4], [16, 20, 17, 19]]"
12a_0380_179,"[[16, 20, 17, 19], [18, 2, 19, 1], [20, 7, 21, 8], [22, 9, 23, 10], [24, 18, 1, 17], [2, 15, 3, 16], [4, 13, 5, 14], [6, 11, 7, 12], [8, 23, 9, 24], [10, 21, 11, 22], [12, 5, 13, 6], [14, 3, 15, 4]]"
12a_0380_180,"[[15, 4, 16, 5], [17, 21, 18, 20], [19, 3, 20, 2], [21, 8, 22, 9], [23, 10, 24, 11], [1, 19, 2, 18], [3, 16, 4, 17], [5, 14, 6, 15], [7, 12, 8, 13], [9, 24, 10, 1], [11, 22, 12, 23], [13, 6, 14, 7]]"
12a_0380_181,"[[13, 6, 14, 7], [15, 4, 16, 5], [17, 21, 18, 20], [19, 3, 20, 2], [21, 8, 22, 9], [23, 10, 24, 11], [1, 19, 2, 18], [3, 16, 4, 17], [5, 14, 6, 15], [7, 12, 8, 13], [9, 24, 10, 1], [11, 22, 12, 23]]"
12a_0380_182,"[[11, 22, 12, 23], [13, 6, 14, 7], [15, 4, 16, 5], [17, 21, 18, 20], [19, 3, 20, 2], [21, 8, 22, 9], [23, 10, 24, 11], [1, 19, 2, 18], [3, 16, 4, 17], [5, 14, 6, 15], [7, 12, 8, 13], [9, 24, 10, 1]]"
12a_0380_183,"[[9, 24, 10, 1], [11, 22, 12, 23], [13, 6, 14, 7], [15, 4, 16, 5], [17, 21, 18, 20], [19, 3, 20, 2], [21, 8, 22, 9], [23, 10, 24, 11], [1, 19, 2, 18], [3, 16, 4, 17], [5, 14, 6, 15], [7, 12, 8, 13]]"
12a_0380_184,"[[7, 12, 8, 13], [9, 24, 10, 1], [11, 22, 12, 23], [13, 6, 14, 7], [15, 4, 16, 5], [17, 21, 18, 20], [19, 3, 20, 2], [21, 8, 22, 9], [23, 10, 24, 11], [1, 19, 2, 18], [3, 16, 4, 17], [5, 14, 6, 15]]"
12a_0380_185,"[[5, 14, 6, 15], [7, 12, 8, 13], [9, 24, 10, 1], [11, 22, 12, 23], [13, 6, 14, 7], [15, 4, 16, 5], [17, 21, 18, 20], [19, 3, 20, 2], [21, 8, 22, 9], [23, 10, 24, 11], [1, 19, 2, 18], [3, 16, 4, 17]]"
