name,pd_notation
12a_1268_0,"[[24, 11, 1, 12], [2, 10, 3, 9], [4, 13, 5, 14], [6, 20, 7, 19], [8, 22, 9, 21], [10, 17, 11, 18], [12, 23, 13, 24], [14, 5, 15, 6], [16, 1, 17, 2], [18, 4, 19, 3], [20, 8, 21, 7], [22, 15, 23, 16]]"
12a_1268_1,"[[22, 15, 23, 16], [24, 11, 1, 12], [2, 10, 3, 9], [4, 13, 5, 14], [6, 20, 7, 19], [8, 22, 9, 21], [10, 17, 11, 18], [12, 23, 13, 24], [14, 5, 15, 6], [16, 1, 17, 2], [18, 4, 19, 3], [20, 8, 21, 7]]"
12a_1268_2,"[[20, 8, 21, 7], [22, 15, 23, 16], [24, 11, 1, 12], [2, 10, 3, 9], [4, 13, 5, 14], [6, 20, 7, 19], [8, 22, 9, 21], [10, 17, 11, 18], [12, 23, 13, 24], [14, 5, 15, 6], [16, 1, 17, 2], [18, 4, 19, 3]]"
12a_1268_3,"[[18, 4, 19, 3], [20, 8, 21, 7], [22, 15, 23, 16], [24, 11, 1, 12], [2, 10, 3, 9], [4, 13, 5, 14], [6, 20, 7, 19], [8, 22, 9, 21], [10, 17, 11, 18], [12, 23, 13, 24], [14, 5, 15, 6], [16, 1, 17, 2]]"
12a_1268_4,"[[16, 1, 17, 2], [18, 4, 19, 3], [20, 8, 21, 7], [22, 15, 23, 16], [24, 11, 1, 12], [2, 10, 3, 9], [4, 13, 5, 14], [6, 20, 7, 19], [8, 22, 9, 21], [10, 17, 11, 18], [12, 23, 13, 24], [14, 5, 15, 6]]"
12a_1268_5,"[[14, 5, 15, 6], [16, 1, 17, 2], [18, 4, 19, 3], [20, 8, 21, 7], [22, 15, 23, 16], [24, 11, 1, 12], [2, 10, 3, 9], [4, 13, 5, 14], [6, 20, 7, 19], [8, 22, 9, 21], [10, 17, 11, 18], [12, 23, 13, 24]]"
12a_1268_6,"[[12, 23, 13, 24], [14, 5, 15, 6], [16, 1, 17, 2], [18, 4, 19, 3], [20, 8, 21, 7], [22, 15, 23, 16], [24, 11, 1, 12], [2, 10, 3, 9], [4, 13, 5, 14], [6, 20, 7, 19], [8, 22, 9, 21], [10, 17, 11, 18]]"
12a_1268_7,"[[10, 17, 11, 18], [12, 23, 13, 24], [14, 5, 15, 6], [16, 1, 17, 2], [18, 4, 19, 3], [20, 8, 21, 7], [22, 15, 23, 16], [24, 11, 1, 12], [2, 10, 3, 9], [4, 13, 5, 14], [6, 20, 7, 19], [8, 22, 9, 21]]"
12a_1268_8,"[[8, 22, 9, 21], [10, 17, 11, 18], [12, 23, 13, 24], [14, 5, 15, 6], [16, 1, 17, 2], [18, 4, 19, 3], [20, 8, 21, 7], [22, 15, 23, 16], [24, 11, 1, 12], [2, 10, 3, 9], [4, 13, 5, 14], [6, 20, 7, 19]]"
12a_1268_9,"[[6, 20, 7, 19], [8, 22, 9, 21], [10, 17, 11, 18], [12, 23, 13, 24], [14, 5, 15, 6], [16, 1, 17, 2], [18, 4, 19, 3], [20, 8, 21, 7], [22, 15, 23, 16], [24, 11, 1, 12], [2, 10, 3, 9], [4, 13, 5, 14]]"
12a_1268_10,"[[4, 13, 5, 14], [6, 20, 7, 19], [8, 22, 9, 21], [10, 17, 11, 18], [12, 23, 13, 24], [14, 5, 15, 6], [16, 1, 17, 2], [18, 4, 19, 3], [20, 8, 21, 7], [22, 15, 23, 16], [24, 11, 1, 12], [2, 10, 3, 9]]"
12a_1268_11,"[[2, 10, 3, 9], [4, 13, 5, 14], [6, 20, 7, 19], [8, 22, 9, 21], [10, 17, 11, 18], [12, 23, 13, 24], [14, 5, 15, 6], [16, 1, 17, 2], [18, 4, 19, 3], [20, 8, 21, 7], [22, 15, 23, 16], [24, 11, 1, 12]]"
12a_1268_12,"[[1, 12, 2, 13], [3, 11, 4, 10], [5, 14, 6, 15], [7, 21, 8, 20], [9, 23, 10, 22], [11, 18, 12, 19], [13, 24, 14, 1], [15, 6, 16, 7], [17, 2, 18, 3], [19, 5, 20, 4], [21, 9, 22, 8], [23, 16, 24, 17]]"
12a_1268_13,"[[23, 16, 24, 17], [1, 12, 2, 13], [3, 11, 4, 10], [5, 14, 6, 15], [7, 21, 8, 20], [9, 23, 10, 22], [11, 18, 12, 19], [13, 24, 14, 1], [15, 6, 16, 7], [17, 2, 18, 3], [19, 5, 20, 4], [21, 9, 22, 8]]"
12a_1268_14,"[[21, 9, 22, 8], [23, 16, 24, 17], [1, 12, 2, 13], [3, 11, 4, 10], [5, 14, 6, 15], [7, 21, 8, 20], [9, 23, 10, 22], [11, 18, 12, 19], [13, 24, 14, 1], [15, 6, 16, 7], [17, 2, 18, 3], [19, 5, 20, 4]]"
12a_1268_15,"[[19, 5, 20, 4], [21, 9, 22, 8], [23, 16, 24, 17], [1, 12, 2, 13], [3, 11, 4, 10], [5, 14, 6, 15], [7, 21, 8, 20], [9, 23, 10, 22], [11, 18, 12, 19], [13, 24, 14, 1], [15, 6, 16, 7], [17, 2, 18, 3]]"
12a_1268_16,"[[17, 2, 18, 3], [19, 5, 20, 4], [21, 9, 22, 8], [23, 16, 24, 17], [1, 12, 2, 13], [3, 11, 4, 10], [5, 14, 6, 15], [7, 21, 8, 20], [9, 23, 10, 22], [11, 18, 12, 19], [13, 24, 14, 1], [15, 6, 16, 7]]"
12a_1268_17,"[[15, 6, 16, 7], [17, 2, 18, 3], [19, 5, 20, 4], [21, 9, 22, 8], [23, 16, 24, 17], [1, 12, 2, 13], [3, 11, 4, 10], [5, 14, 6, 15], [7, 21, 8, 20], [9, 23, 10, 22], [11, 18, 12, 19], [13, 24, 14, 1]]"
12a_1268_18,"[[13, 24, 14, 1], [15, 6, 16, 7], [17, 2, 18, 3], [19, 5, 20, 4], [21, 9, 22, 8], [23, 16, 24, 17], [1, 12, 2, 13], [3, 11, 4, 10], [5, 14, 6, 15], [7, 21, 8, 20], [9, 23, 10, 22], [11, 18, 12, 19]]"
12a_1268_19,"[[11, 18, 12, 19], [13, 24, 14, 1], [15, 6, 16, 7], [17, 2, 18, 3], [19, 5, 20, 4], [21, 9, 22, 8], [23, 16, 24, 17], [1, 12, 2, 13], [3, 11, 4, 10], [5, 14, 6, 15], [7, 21, 8, 20], [9, 23, 10, 22]]"
12a_1268_20,"[[9, 23, 10, 22], [11, 18, 12, 19], [13, 24, 14, 1], [15, 6, 16, 7], [17, 2, 18, 3], [19, 5, 20, 4], [21, 9, 22, 8], [23, 16, 24, 17], [1, 12, 2, 13], [3, 11, 4, 10], [5, 14, 6, 15], [7, 21, 8, 20]]"
12a_1268_21,"[[7, 21, 8, 20], [9, 23, 10, 22], [11, 18, 12, 19], [13, 24, 14, 1], [15, 6, 16, 7], [17, 2, 18, 3], [19, 5, 20, 4], [21, 9, 22, 8], [23, 16, 24, 17], [1, 12, 2, 13], [3, 11, 4, 10], [5, 14, 6, 15]]"
12a_1268_22,"[[5, 14, 6, 15], [7, 21, 8, 20], [9, 23, 10, 22], [11, 18, 12, 19], [13, 24, 14, 1], [15, 6, 16, 7], [17, 2, 18, 3], [19, 5, 20, 4], [21, 9, 22, 8], [23, 16, 24, 17], [1, 12, 2, 13], [3, 11, 4, 10]]"
12a_1268_23,"[[3, 11, 4, 10], [5, 14, 6, 15], [7, 21, 8, 20], [9, 23, 10, 22], [11, 18, 12, 19], [13, 24, 14, 1], [15, 6, 16, 7], [17, 2, 18, 3], [19, 5, 20, 4], [21, 9, 22, 8], [23, 16, 24, 17], [1, 12, 2, 13]]"
12a_1268_24,"[[2, 13, 3, 14], [4, 12, 5, 11], [6, 15, 7, 16], [8, 22, 9, 21], [10, 24, 11, 23], [12, 19, 13, 20], [14, 1, 15, 2], [16, 7, 17, 8], [18, 3, 19, 4], [20, 6, 21, 5], [22, 10, 23, 9], [24, 17, 1, 18]]"
12a_1268_25,"[[24, 17, 1, 18], [2, 13, 3, 14], [4, 12, 5, 11], [6, 15, 7, 16], [8, 22, 9, 21], [10, 24, 11, 23], [12, 19, 13, 20], [14, 1, 15, 2], [16, 7, 17, 8], [18, 3, 19, 4], [20, 6, 21, 5], [22, 10, 23, 9]]"
12a_1268_26,"[[22, 10, 23, 9], [24, 17, 1, 18], [2, 13, 3, 14], [4, 12, 5, 11], [6, 15, 7, 16], [8, 22, 9, 21], [10, 24, 11, 23], [12, 19, 13, 20], [14, 1, 15, 2], [16, 7, 17, 8], [18, 3, 19, 4], [20, 6, 21, 5]]"
12a_1268_27,"[[20, 6, 21, 5], [22, 10, 23, 9], [24, 17, 1, 18], [2, 13, 3, 14], [4, 12, 5, 11], [6, 15, 7, 16], [8, 22, 9, 21], [10, 24, 11, 23], [12, 19, 13, 20], [14, 1, 15, 2], [16, 7, 17, 8], [18, 3, 19, 4]]"
12a_1268_28,"[[18, 3, 19, 4], [20, 6, 21, 5], [22, 10, 23, 9], [24, 17, 1, 18], [2, 13, 3, 14], [4, 12, 5, 11], [6, 15, 7, 16], [8, 22, 9, 21], [10, 24, 11, 23], [12, 19, 13, 20], [14, 1, 15, 2], [16, 7, 17, 8]]"
12a_1268_29,"[[16, 7, 17, 8], [18, 3, 19, 4], [20, 6, 21, 5], [22, 10, 23, 9], [24, 17, 1, 18], [2, 13, 3, 14], [4, 12, 5, 11], [6, 15, 7, 16], [8, 22, 9, 21], [10, 24, 11, 23], [12, 19, 13, 20], [14, 1, 15, 2]]"
12a_1268_30,"[[14, 1, 15, 2], [16, 7, 17, 8], [18, 3, 19, 4], [20, 6, 21, 5], [22, 10, 23, 9], [24, 17, 1, 18], [2, 13, 3, 14], [4, 12, 5, 11], [6, 15, 7, 16], [8, 22, 9, 21], [10, 24, 11, 23], [12, 19, 13, 20]]"
12a_1268_31,"[[12, 19, 13, 20], [14, 1, 15, 2], [16, 7, 17, 8], [18, 3, 19, 4], [20, 6, 21, 5], [22, 10, 23, 9], [24, 17, 1, 18], [2, 13, 3, 14], [4, 12, 5, 11], [6, 15, 7, 16], [8, 22, 9, 21], [10, 24, 11, 23]]"
12a_1268_32,"[[10, 24, 11, 23], [12, 19, 13, 20], [14, 1, 15, 2], [16, 7, 17, 8], [18, 3, 19, 4], [20, 6, 21, 5], [22, 10, 23, 9], [24, 17, 1, 18], [2, 13, 3, 14], [4, 12, 5, 11], [6, 15, 7, 16], [8, 22, 9, 21]]"
12a_1268_33,"[[8, 22, 9, 21], [10, 24, 11, 23], [12, 19, 13, 20], [14, 1, 15, 2], [16, 7, 17, 8], [18, 3, 19, 4], [20, 6, 21, 5], [22, 10, 23, 9], [24, 17, 1, 18], [2, 13, 3, 14], [4, 12, 5, 11], [6, 15, 7, 16]]"
12a_1268_34,"[[6, 15, 7, 16], [8, 22, 9, 21], [10, 24, 11, 23], [12, 19, 13, 20], [14, 1, 15, 2], [16, 7, 17, 8], [18, 3, 19, 4], [20, 6, 21, 5], [22, 10, 23, 9], [24, 17, 1, 18], [2, 13, 3, 14], [4, 12, 5, 11]]"
12a_1268_35,"[[4, 12, 5, 11], [6, 15, 7, 16], [8, 22, 9, 21], [10, 24, 11, 23], [12, 19, 13, 20], [14, 1, 15, 2], [16, 7, 17, 8], [18, 3, 19, 4], [20, 6, 21, 5], [22, 10, 23, 9], [24, 17, 1, 18], [2, 13, 3, 14]]"
12a_1268_36,"[[3, 14, 4, 15], [5, 13, 6, 12], [7, 16, 8, 17], [9, 23, 10, 22], [11, 1, 12, 24], [13, 20, 14, 21], [15, 2, 16, 3], [17, 8, 18, 9], [19, 4, 20, 5], [21, 7, 22, 6], [23, 11, 24, 10], [1, 18, 2, 19]]"
12a_1268_37,"[[1, 18, 2, 19], [3, 14, 4, 15], [5, 13, 6, 12], [7, 16, 8, 17], [9, 23, 10, 22], [11, 1, 12, 24], [13, 20, 14, 21], [15, 2, 16, 3], [17, 8, 18, 9], [19, 4, 20, 5], [21, 7, 22, 6], [23, 11, 24, 10]]"
12a_1268_38,"[[23, 11, 24, 10], [1, 18, 2, 19], [3, 14, 4, 15], [5, 13, 6, 12], [7, 16, 8, 17], [9, 23, 10, 22], [11, 1, 12, 24], [13, 20, 14, 21], [15, 2, 16, 3], [17, 8, 18, 9], [19, 4, 20, 5], [21, 7, 22, 6]]"
12a_1268_39,"[[21, 7, 22, 6], [23, 11, 24, 10], [1, 18, 2, 19], [3, 14, 4, 15], [5, 13, 6, 12], [7, 16, 8, 17], [9, 23, 10, 22], [11, 1, 12, 24], [13, 20, 14, 21], [15, 2, 16, 3], [17, 8, 18, 9], [19, 4, 20, 5]]"
12a_1268_40,"[[19, 4, 20, 5], [21, 7, 22, 6], [23, 11, 24, 10], [1, 18, 2, 19], [3, 14, 4, 15], [5, 13, 6, 12], [7, 16, 8, 17], [9, 23, 10, 22], [11, 1, 12, 24], [13, 20, 14, 21], [15, 2, 16, 3], [17, 8, 18, 9]]"
12a_1268_41,"[[17, 8, 18, 9], [19, 4, 20, 5], [21, 7, 22, 6], [23, 11, 24, 10], [1, 18, 2, 19], [3, 14, 4, 15], [5, 13, 6, 12], [7, 16, 8, 17], [9, 23, 10, 22], [11, 1, 12, 24], [13, 20, 14, 21], [15, 2, 16, 3]]"
12a_1268_42,"[[15, 2, 16, 3], [17, 8, 18, 9], [19, 4, 20, 5], [21, 7, 22, 6], [23, 11, 24, 10], [1, 18, 2, 19], [3, 14, 4, 15], [5, 13, 6, 12], [7, 16, 8, 17], [9, 23, 10, 22], [11, 1, 12, 24], [13, 20, 14, 21]]"
12a_1268_43,"[[13, 20, 14, 21], [15, 2, 16, 3], [17, 8, 18, 9], [19, 4, 20, 5], [21, 7, 22, 6], [23, 11, 24, 10], [1, 18, 2, 19], [3, 14, 4, 15], [5, 13, 6, 12], [7, 16, 8, 17], [9, 23, 10, 22], [11, 1, 12, 24]]"
12a_1268_44,"[[11, 1, 12, 24], [13, 20, 14, 21], [15, 2, 16, 3], [17, 8, 18, 9], [19, 4, 20, 5], [21, 7, 22, 6], [23, 11, 24, 10], [1, 18, 2, 19], [3, 14, 4, 15], [5, 13, 6, 12], [7, 16, 8, 17], [9, 23, 10, 22]]"
12a_1268_45,"[[9, 23, 10, 22], [11, 1, 12, 24], [13, 20, 14, 21], [15, 2, 16, 3], [17, 8, 18, 9], [19, 4, 20, 5], [21, 7, 22, 6], [23, 11, 24, 10], [1, 18, 2, 19], [3, 14, 4, 15], [5, 13, 6, 12], [7, 16, 8, 17]]"
12a_1268_46,"[[7, 16, 8, 17], [9, 23, 10, 22], [11, 1, 12, 24], [13, 20, 14, 21], [15, 2, 16, 3], [17, 8, 18, 9], [19, 4, 20, 5], [21, 7, 22, 6], [23, 11, 24, 10], [1, 18, 2, 19], [3, 14, 4, 15], [5, 13, 6, 12]]"
12a_1268_47,"[[5, 13, 6, 12], [7, 16, 8, 17], [9, 23, 10, 22], [11, 1, 12, 24], [13, 20, 14, 21], [15, 2, 16, 3], [17, 8, 18, 9], [19, 4, 20, 5], [21, 7, 22, 6], [23, 11, 24, 10], [1, 18, 2, 19], [3, 14, 4, 15]]"
12a_1268_48,"[[4, 15, 5, 16], [6, 14, 7, 13], [8, 17, 9, 18], [10, 24, 11, 23], [12, 2, 13, 1], [14, 21, 15, 22], [16, 3, 17, 4], [18, 9, 19, 10], [20, 5, 21, 6], [22, 8, 23, 7], [24, 12, 1, 11], [2, 19, 3, 20]]"
12a_1268_49,"[[2, 19, 3, 20], [4, 15, 5, 16], [6, 14, 7, 13], [8, 17, 9, 18], [10, 24, 11, 23], [12, 2, 13, 1], [14, 21, 15, 22], [16, 3, 17, 4], [18, 9, 19, 10], [20, 5, 21, 6], [22, 8, 23, 7], [24, 12, 1, 11]]"
12a_1268_50,"[[24, 12, 1, 11], [2, 19, 3, 20], [4, 15, 5, 16], [6, 14, 7, 13], [8, 17, 9, 18], [10, 24, 11, 23], [12, 2, 13, 1], [14, 21, 15, 22], [16, 3, 17, 4], [18, 9, 19, 10], [20, 5, 21, 6], [22, 8, 23, 7]]"
12a_1268_51,"[[22, 8, 23, 7], [24, 12, 1, 11], [2, 19, 3, 20], [4, 15, 5, 16], [6, 14, 7, 13], [8, 17, 9, 18], [10, 24, 11, 23], [12, 2, 13, 1], [14, 21, 15, 22], [16, 3, 17, 4], [18, 9, 19, 10], [20, 5, 21, 6]]"
12a_1268_52,"[[20, 5, 21, 6], [22, 8, 23, 7], [24, 12, 1, 11], [2, 19, 3, 20], [4, 15, 5, 16], [6, 14, 7, 13], [8, 17, 9, 18], [10, 24, 11, 23], [12, 2, 13, 1], [14, 21, 15, 22], [16, 3, 17, 4], [18, 9, 19, 10]]"
12a_1268_53,"[[18, 9, 19, 10], [20, 5, 21, 6], [22, 8, 23, 7], [24, 12, 1, 11], [2, 19, 3, 20], [4, 15, 5, 16], [6, 14, 7, 13], [8, 17, 9, 18], [10, 24, 11, 23], [12, 2, 13, 1], [14, 21, 15, 22], [16, 3, 17, 4]]"
12a_1268_54,"[[16, 3, 17, 4], [18, 9, 19, 10], [20, 5, 21, 6], [22, 8, 23, 7], [24, 12, 1, 11], [2, 19, 3, 20], [4, 15, 5, 16], [6, 14, 7, 13], [8, 17, 9, 18], [10, 24, 11, 23], [12, 2, 13, 1], [14, 21, 15, 22]]"
12a_1268_55,"[[14, 21, 15, 22], [16, 3, 17, 4], [18, 9, 19, 10], [20, 5, 21, 6], [22, 8, 23, 7], [24, 12, 1, 11], [2, 19, 3, 20], [4, 15, 5, 16], [6, 14, 7, 13], [8, 17, 9, 18], [10, 24, 11, 23], [12, 2, 13, 1]]"
12a_1268_56,"[[12, 2, 13, 1], [14, 21, 15, 22], [16, 3, 17, 4], [18, 9, 19, 10], [20, 5, 21, 6], [22, 8, 23, 7], [24, 12, 1, 11], [2, 19, 3, 20], [4, 15, 5, 16], [6, 14, 7, 13], [8, 17, 9, 18], [10, 24, 11, 23]]"
12a_1268_57,"[[10, 24, 11, 23], [12, 2, 13, 1], [14, 21, 15, 22], [16, 3, 17, 4], [18, 9, 19, 10], [20, 5, 21, 6], [22, 8, 23, 7], [24, 12, 1, 11], [2, 19, 3, 20], [4, 15, 5, 16], [6, 14, 7, 13], [8, 17, 9, 18]]"
12a_1268_58,"[[8, 17, 9, 18], [10, 24, 11, 23], [12, 2, 13, 1], [14, 21, 15, 22], [16, 3, 17, 4], [18, 9, 19, 10], [20, 5, 21, 6], [22, 8, 23, 7], [24, 12, 1, 11], [2, 19, 3, 20], [4, 15, 5, 16], [6, 14, 7, 13]]"
12a_1268_59,"[[6, 14, 7, 13], [8, 17, 9, 18], [10, 24, 11, 23], [12, 2, 13, 1], [14, 21, 15, 22], [16, 3, 17, 4], [18, 9, 19, 10], [20, 5, 21, 6], [22, 8, 23, 7], [24, 12, 1, 11], [2, 19, 3, 20], [4, 15, 5, 16]]"
12a_1268_60,"[[5, 16, 6, 17], [7, 15, 8, 14], [9, 18, 10, 19], [11, 1, 12, 24], [13, 3, 14, 2], [15, 22, 16, 23], [17, 4, 18, 5], [19, 10, 20, 11], [21, 6, 22, 7], [23, 9, 24, 8], [1, 13, 2, 12], [3, 20, 4, 21]]"
12a_1268_61,"[[3, 20, 4, 21], [5, 16, 6, 17], [7, 15, 8, 14], [9, 18, 10, 19], [11, 1, 12, 24], [13, 3, 14, 2], [15, 22, 16, 23], [17, 4, 18, 5], [19, 10, 20, 11], [21, 6, 22, 7], [23, 9, 24, 8], [1, 13, 2, 12]]"
12a_1268_62,"[[1, 13, 2, 12], [3, 20, 4, 21], [5, 16, 6, 17], [7, 15, 8, 14], [9, 18, 10, 19], [11, 1, 12, 24], [13, 3, 14, 2], [15, 22, 16, 23], [17, 4, 18, 5], [19, 10, 20, 11], [21, 6, 22, 7], [23, 9, 24, 8]]"
12a_1268_63,"[[23, 9, 24, 8], [1, 13, 2, 12], [3, 20, 4, 21], [5, 16, 6, 17], [7, 15, 8, 14], [9, 18, 10, 19], [11, 1, 12, 24], [13, 3, 14, 2], [15, 22, 16, 23], [17, 4, 18, 5], [19, 10, 20, 11], [21, 6, 22, 7]]"
12a_1268_64,"[[21, 6, 22, 7], [23, 9, 24, 8], [1, 13, 2, 12], [3, 20, 4, 21], [5, 16, 6, 17], [7, 15, 8, 14], [9, 18, 10, 19], [11, 1, 12, 24], [13, 3, 14, 2], [15, 22, 16, 23], [17, 4, 18, 5], [19, 10, 20, 11]]"
12a_1268_65,"[[19, 10, 20, 11], [21, 6, 22, 7], [23, 9, 24, 8], [1, 13, 2, 12], [3, 20, 4, 21], [5, 16, 6, 17], [7, 15, 8, 14], [9, 18, 10, 19], [11, 1, 12, 24], [13, 3, 14, 2], [15, 22, 16, 23], [17, 4, 18, 5]]"
12a_1268_66,"[[17, 4, 18, 5], [19, 10, 20, 11], [21, 6, 22, 7], [23, 9, 24, 8], [1, 13, 2, 12], [3, 20, 4, 21], [5, 16, 6, 17], [7, 15, 8, 14], [9, 18, 10, 19], [11, 1, 12, 24], [13, 3, 14, 2], [15, 22, 16, 23]]"
12a_1268_67,"[[15, 22, 16, 23], [17, 4, 18, 5], [19, 10, 20, 11], [21, 6, 22, 7], [23, 9, 24, 8], [1, 13, 2, 12], [3, 20, 4, 21], [5, 16, 6, 17], [7, 15, 8, 14], [9, 18, 10, 19], [11, 1, 12, 24], [13, 3, 14, 2]]"
12a_1268_68,"[[13, 3, 14, 2], [15, 22, 16, 23], [17, 4, 18, 5], [19, 10, 20, 11], [21, 6, 22, 7], [23, 9, 24, 8], [1, 13, 2, 12], [3, 20, 4, 21], [5, 16, 6, 17], [7, 15, 8, 14], [9, 18, 10, 19], [11, 1, 12, 24]]"
12a_1268_69,"[[11, 1, 12, 24], [13, 3, 14, 2], [15, 22, 16, 23], [17, 4, 18, 5], [19, 10, 20, 11], [21, 6, 22, 7], [23, 9, 24, 8], [1, 13, 2, 12], [3, 20, 4, 21], [5, 16, 6, 17], [7, 15, 8, 14], [9, 18, 10, 19]]"
12a_1268_70,"[[9, 18, 10, 19], [11, 1, 12, 24], [13, 3, 14, 2], [15, 22, 16, 23], [17, 4, 18, 5], [19, 10, 20, 11], [21, 6, 22, 7], [23, 9, 24, 8], [1, 13, 2, 12], [3, 20, 4, 21], [5, 16, 6, 17], [7, 15, 8, 14]]"
12a_1268_71,"[[7, 15, 8, 14], [9, 18, 10, 19], [11, 1, 12, 24], [13, 3, 14, 2], [15, 22, 16, 23], [17, 4, 18, 5], [19, 10, 20, 11], [21, 6, 22, 7], [23, 9, 24, 8], [1, 13, 2, 12], [3, 20, 4, 21], [5, 16, 6, 17]]"
12a_1268_72,"[[6, 17, 7, 18], [8, 16, 9, 15], [10, 19, 11, 20], [12, 2, 13, 1], [14, 4, 15, 3], [16, 23, 17, 24], [18, 5, 19, 6], [20, 11, 21, 12], [22, 7, 23, 8], [24, 10, 1, 9], [2, 14, 3, 13], [4, 21, 5, 22]]"
12a_1268_73,"[[4, 21, 5, 22], [6, 17, 7, 18], [8, 16, 9, 15], [10, 19, 11, 20], [12, 2, 13, 1], [14, 4, 15, 3], [16, 23, 17, 24], [18, 5, 19, 6], [20, 11, 21, 12], [22, 7, 23, 8], [24, 10, 1, 9], [2, 14, 3, 13]]"
12a_1268_74,"[[2, 14, 3, 13], [4, 21, 5, 22], [6, 17, 7, 18], [8, 16, 9, 15], [10, 19, 11, 20], [12, 2, 13, 1], [14, 4, 15, 3], [16, 23, 17, 24], [18, 5, 19, 6], [20, 11, 21, 12], [22, 7, 23, 8], [24, 10, 1, 9]]"
12a_1268_75,"[[24, 10, 1, 9], [2, 14, 3, 13], [4, 21, 5, 22], [6, 17, 7, 18], [8, 16, 9, 15], [10, 19, 11, 20], [12, 2, 13, 1], [14, 4, 15, 3], [16, 23, 17, 24], [18, 5, 19, 6], [20, 11, 21, 12], [22, 7, 23, 8]]"
12a_1268_76,"[[22, 7, 23, 8], [24, 10, 1, 9], [2, 14, 3, 13], [4, 21, 5, 22], [6, 17, 7, 18], [8, 16, 9, 15], [10, 19, 11, 20], [12, 2, 13, 1], [14, 4, 15, 3], [16, 23, 17, 24], [18, 5, 19, 6], [20, 11, 21, 12]]"
12a_1268_77,"[[20, 11, 21, 12], [22, 7, 23, 8], [24, 10, 1, 9], [2, 14, 3, 13], [4, 21, 5, 22], [6, 17, 7, 18], [8, 16, 9, 15], [10, 19, 11, 20], [12, 2, 13, 1], [14, 4, 15, 3], [16, 23, 17, 24], [18, 5, 19, 6]]"
12a_1268_78,"[[18, 5, 19, 6], [20, 11, 21, 12], [22, 7, 23, 8], [24, 10, 1, 9], [2, 14, 3, 13], [4, 21, 5, 22], [6, 17, 7, 18], [8, 16, 9, 15], [10, 19, 11, 20], [12, 2, 13, 1], [14, 4, 15, 3], [16, 23, 17, 24]]"
12a_1268_79,"[[16, 23, 17, 24], [18, 5, 19, 6], [20, 11, 21, 12], [22, 7, 23, 8], [24, 10, 1, 9], [2, 14, 3, 13], [4, 21, 5, 22], [6, 17, 7, 18], [8, 16, 9, 15], [10, 19, 11, 20], [12, 2, 13, 1], [14, 4, 15, 3]]"
12a_1268_80,"[[14, 4, 15, 3], [16, 23, 17, 24], [18, 5, 19, 6], [20, 11, 21, 12], [22, 7, 23, 8], [24, 10, 1, 9], [2, 14, 3, 13], [4, 21, 5, 22], [6, 17, 7, 18], [8, 16, 9, 15], [10, 19, 11, 20], [12, 2, 13, 1]]"
12a_1268_81,"[[12, 2, 13, 1], [14, 4, 15, 3], [16, 23, 17, 24], [18, 5, 19, 6], [20, 11, 21, 12], [22, 7, 23, 8], [24, 10, 1, 9], [2, 14, 3, 13], [4, 21, 5, 22], [6, 17, 7, 18], [8, 16, 9, 15], [10, 19, 11, 20]]"
12a_1268_82,"[[10, 19, 11, 20], [12, 2, 13, 1], [14, 4, 15, 3], [16, 23, 17, 24], [18, 5, 19, 6], [20, 11, 21, 12], [22, 7, 23, 8], [24, 10, 1, 9], [2, 14, 3, 13], [4, 21, 5, 22], [6, 17, 7, 18], [8, 16, 9, 15]]"
12a_1268_83,"[[8, 16, 9, 15], [10, 19, 11, 20], [12, 2, 13, 1], [14, 4, 15, 3], [16, 23, 17, 24], [18, 5, 19, 6], [20, 11, 21, 12], [22, 7, 23, 8], [24, 10, 1, 9], [2, 14, 3, 13], [4, 21, 5, 22], [6, 17, 7, 18]]"
12a_1268_84,"[[7, 18, 8, 19], [9, 17, 10, 16], [11, 20, 12, 21], [13, 3, 14, 2], [15, 5, 16, 4], [17, 24, 18, 1], [19, 6, 20, 7], [21, 12, 22, 13], [23, 8, 24, 9], [1, 11, 2, 10], [3, 15, 4, 14], [5, 22, 6, 23]]"
12a_1268_85,"[[5, 22, 6, 23], [7, 18, 8, 19], [9, 17, 10, 16], [11, 20, 12, 21], [13, 3, 14, 2], [15, 5, 16, 4], [17, 24, 18, 1], [19, 6, 20, 7], [21, 12, 22, 13], [23, 8, 24, 9], [1, 11, 2, 10], [3, 15, 4, 14]]"
12a_1268_86,"[[3, 15, 4, 14], [5, 22, 6, 23], [7, 18, 8, 19], [9, 17, 10, 16], [11, 20, 12, 21], [13, 3, 14, 2], [15, 5, 16, 4], [17, 24, 18, 1], [19, 6, 20, 7], [21, 12, 22, 13], [23, 8, 24, 9], [1, 11, 2, 10]]"
12a_1268_87,"[[1, 11, 2, 10], [3, 15, 4, 14], [5, 22, 6, 23], [7, 18, 8, 19], [9, 17, 10, 16], [11, 20, 12, 21], [13, 3, 14, 2], [15, 5, 16, 4], [17, 24, 18, 1], [19, 6, 20, 7], [21, 12, 22, 13], [23, 8, 24, 9]]"
12a_1268_88,"[[23, 8, 24, 9], [1, 11, 2, 10], [3, 15, 4, 14], [5, 22, 6, 23], [7, 18, 8, 19], [9, 17, 10, 16], [11, 20, 12, 21], [13, 3, 14, 2], [15, 5, 16, 4], [17, 24, 18, 1], [19, 6, 20, 7], [21, 12, 22, 13]]"
12a_1268_89,"[[21, 12, 22, 13], [23, 8, 24, 9], [1, 11, 2, 10], [3, 15, 4, 14], [5, 22, 6, 23], [7, 18, 8, 19], [9, 17, 10, 16], [11, 20, 12, 21], [13, 3, 14, 2], [15, 5, 16, 4], [17, 24, 18, 1], [19, 6, 20, 7]]"
12a_1268_90,"[[19, 6, 20, 7], [21, 12, 22, 13], [23, 8, 24, 9], [1, 11, 2, 10], [3, 15, 4, 14], [5, 22, 6, 23], [7, 18, 8, 19], [9, 17, 10, 16], [11, 20, 12, 21], [13, 3, 14, 2], [15, 5, 16, 4], [17, 24, 18, 1]]"
12a_1268_91,"[[17, 24, 18, 1], [19, 6, 20, 7], [21, 12, 22, 13], [23, 8, 24, 9], [1, 11, 2, 10], [3, 15, 4, 14], [5, 22, 6, 23], [7, 18, 8, 19], [9, 17, 10, 16], [11, 20, 12, 21], [13, 3, 14, 2], [15, 5, 16, 4]]"
12a_1268_92,"[[15, 5, 16, 4], [17, 24, 18, 1], [19, 6, 20, 7], [21, 12, 22, 13], [23, 8, 24, 9], [1, 11, 2, 10], [3, 15, 4, 14], [5, 22, 6, 23], [7, 18, 8, 19], [9, 17, 10, 16], [11, 20, 12, 21], [13, 3, 14, 2]]"
12a_1268_93,"[[13, 3, 14, 2], [15, 5, 16, 4], [17, 24, 18, 1], [19, 6, 20, 7], [21, 12, 22, 13], [23, 8, 24, 9], [1, 11, 2, 10], [3, 15, 4, 14], [5, 22, 6, 23], [7, 18, 8, 19], [9, 17, 10, 16], [11, 20, 12, 21]]"
12a_1268_94,"[[11, 20, 12, 21], [13, 3, 14, 2], [15, 5, 16, 4], [17, 24, 18, 1], [19, 6, 20, 7], [21, 12, 22, 13], [23, 8, 24, 9], [1, 11, 2, 10], [3, 15, 4, 14], [5, 22, 6, 23], [7, 18, 8, 19], [9, 17, 10, 16]]"
12a_1268_95,"[[9, 17, 10, 16], [11, 20, 12, 21], [13, 3, 14, 2], [15, 5, 16, 4], [17, 24, 18, 1], [19, 6, 20, 7], [21, 12, 22, 13], [23, 8, 24, 9], [1, 11, 2, 10], [3, 15, 4, 14], [5, 22, 6, 23], [7, 18, 8, 19]]"
12a_1268_96,"[[8, 19, 9, 20], [10, 18, 11, 17], [12, 21, 13, 22], [14, 4, 15, 3], [16, 6, 17, 5], [18, 1, 19, 2], [20, 7, 21, 8], [22, 13, 23, 14], [24, 9, 1, 10], [2, 12, 3, 11], [4, 16, 5, 15], [6, 23, 7, 24]]"
12a_1268_97,"[[6, 23, 7, 24], [8, 19, 9, 20], [10, 18, 11, 17], [12, 21, 13, 22], [14, 4, 15, 3], [16, 6, 17, 5], [18, 1, 19, 2], [20, 7, 21, 8], [22, 13, 23, 14], [24, 9, 1, 10], [2, 12, 3, 11], [4, 16, 5, 15]]"
12a_1268_98,"[[4, 16, 5, 15], [6, 23, 7, 24], [8, 19, 9, 20], [10, 18, 11, 17], [12, 21, 13, 22], [14, 4, 15, 3], [16, 6, 17, 5], [18, 1, 19, 2], [20, 7, 21, 8], [22, 13, 23, 14], [24, 9, 1, 10], [2, 12, 3, 11]]"
12a_1268_99,"[[2, 12, 3, 11], [4, 16, 5, 15], [6, 23, 7, 24], [8, 19, 9, 20], [10, 18, 11, 17], [12, 21, 13, 22], [14, 4, 15, 3], [16, 6, 17, 5], [18, 1, 19, 2], [20, 7, 21, 8], [22, 13, 23, 14], [24, 9, 1, 10]]"
12a_1268_100,"[[24, 9, 1, 10], [2, 12, 3, 11], [4, 16, 5, 15], [6, 23, 7, 24], [8, 19, 9, 20], [10, 18, 11, 17], [12, 21, 13, 22], [14, 4, 15, 3], [16, 6, 17, 5], [18, 1, 19, 2], [20, 7, 21, 8], [22, 13, 23, 14]]"
12a_1268_101,"[[22, 13, 23, 14], [24, 9, 1, 10], [2, 12, 3, 11], [4, 16, 5, 15], [6, 23, 7, 24], [8, 19, 9, 20], [10, 18, 11, 17], [12, 21, 13, 22], [14, 4, 15, 3], [16, 6, 17, 5], [18, 1, 19, 2], [20, 7, 21, 8]]"
12a_1268_102,"[[20, 7, 21, 8], [22, 13, 23, 14], [24, 9, 1, 10], [2, 12, 3, 11], [4, 16, 5, 15], [6, 23, 7, 24], [8, 19, 9, 20], [10, 18, 11, 17], [12, 21, 13, 22], [14, 4, 15, 3], [16, 6, 17, 5], [18, 1, 19, 2]]"
12a_1268_103,"[[18, 1, 19, 2], [20, 7, 21, 8], [22, 13, 23, 14], [24, 9, 1, 10], [2, 12, 3, 11], [4, 16, 5, 15], [6, 23, 7, 24], [8, 19, 9, 20], [10, 18, 11, 17], [12, 21, 13, 22], [14, 4, 15, 3], [16, 6, 17, 5]]"
12a_1268_104,"[[16, 6, 17, 5], [18, 1, 19, 2], [20, 7, 21, 8], [22, 13, 23, 14], [24, 9, 1, 10], [2, 12, 3, 11], [4, 16, 5, 15], [6, 23, 7, 24], [8, 19, 9, 20], [10, 18, 11, 17], [12, 21, 13, 22], [14, 4, 15, 3]]"
12a_1268_105,"[[14, 4, 15, 3], [16, 6, 17, 5], [18, 1, 19, 2], [20, 7, 21, 8], [22, 13, 23, 14], [24, 9, 1, 10], [2, 12, 3, 11], [4, 16, 5, 15], [6, 23, 7, 24], [8, 19, 9, 20], [10, 18, 11, 17], [12, 21, 13, 22]]"
12a_1268_106,"[[12, 21, 13, 22], [14, 4, 15, 3], [16, 6, 17, 5], [18, 1, 19, 2], [20, 7, 21, 8], [22, 13, 23, 14], [24, 9, 1, 10], [2, 12, 3, 11], [4, 16, 5, 15], [6, 23, 7, 24], [8, 19, 9, 20], [10, 18, 11, 17]]"
12a_1268_107,"[[10, 18, 11, 17], [12, 21, 13, 22], [14, 4, 15, 3], [16, 6, 17, 5], [18, 1, 19, 2], [20, 7, 21, 8], [22, 13, 23, 14], [24, 9, 1, 10], [2, 12, 3, 11], [4, 16, 5, 15], [6, 23, 7, 24], [8, 19, 9, 20]]"
12a_1268_108,"[[9, 20, 10, 21], [11, 19, 12, 18], [13, 22, 14, 23], [15, 5, 16, 4], [17, 7, 18, 6], [19, 2, 20, 3], [21, 8, 22, 9], [23, 14, 24, 15], [1, 10, 2, 11], [3, 13, 4, 12], [5, 17, 6, 16], [7, 24, 8, 1]]"
12a_1268_109,"[[7, 24, 8, 1], [9, 20, 10, 21], [11, 19, 12, 18], [13, 22, 14, 23], [15, 5, 16, 4], [17, 7, 18, 6], [19, 2, 20, 3], [21, 8, 22, 9], [23, 14, 24, 15], [1, 10, 2, 11], [3, 13, 4, 12], [5, 17, 6, 16]]"
12a_1268_110,"[[5, 17, 6, 16], [7, 24, 8, 1], [9, 20, 10, 21], [11, 19, 12, 18], [13, 22, 14, 23], [15, 5, 16, 4], [17, 7, 18, 6], [19, 2, 20, 3], [21, 8, 22, 9], [23, 14, 24, 15], [1, 10, 2, 11], [3, 13, 4, 12]]"
12a_1268_111,"[[3, 13, 4, 12], [5, 17, 6, 16], [7, 24, 8, 1], [9, 20, 10, 21], [11, 19, 12, 18], [13, 22, 14, 23], [15, 5, 16, 4], [17, 7, 18, 6], [19, 2, 20, 3], [21, 8, 22, 9], [23, 14, 24, 15], [1, 10, 2, 11]]"
12a_1268_112,"[[1, 10, 2, 11], [3, 13, 4, 12], [5, 17, 6, 16], [7, 24, 8, 1], [9, 20, 10, 21], [11, 19, 12, 18], [13, 22, 14, 23], [15, 5, 16, 4], [17, 7, 18, 6], [19, 2, 20, 3], [21, 8, 22, 9], [23, 14, 24, 15]]"
12a_1268_113,"[[23, 14, 24, 15], [1, 10, 2, 11], [3, 13, 4, 12], [5, 17, 6, 16], [7, 24, 8, 1], [9, 20, 10, 21], [11, 19, 12, 18], [13, 22, 14, 23], [15, 5, 16, 4], [17, 7, 18, 6], [19, 2, 20, 3], [21, 8, 22, 9]]"
12a_1268_114,"[[21, 8, 22, 9], [23, 14, 24, 15], [1, 10, 2, 11], [3, 13, 4, 12], [5, 17, 6, 16], [7, 24, 8, 1], [9, 20, 10, 21], [11, 19, 12, 18], [13, 22, 14, 23], [15, 5, 16, 4], [17, 7, 18, 6], [19, 2, 20, 3]]"
12a_1268_115,"[[19, 2, 20, 3], [21, 8, 22, 9], [23, 14, 24, 15], [1, 10, 2, 11], [3, 13, 4, 12], [5, 17, 6, 16], [7, 24, 8, 1], [9, 20, 10, 21], [11, 19, 12, 18], [13, 22, 14, 23], [15, 5, 16, 4], [17, 7, 18, 6]]"
12a_1268_116,"[[17, 7, 18, 6], [19, 2, 20, 3], [21, 8, 22, 9], [23, 14, 24, 15], [1, 10, 2, 11], [3, 13, 4, 12], [5, 17, 6, 16], [7, 24, 8, 1], [9, 20, 10, 21], [11, 19, 12, 18], [13, 22, 14, 23], [15, 5, 16, 4]]"
12a_1268_117,"[[15, 5, 16, 4], [17, 7, 18, 6], [19, 2, 20, 3], [21, 8, 22, 9], [23, 14, 24, 15], [1, 10, 2, 11], [3, 13, 4, 12], [5, 17, 6, 16], [7, 24, 8, 1], [9, 20, 10, 21], [11, 19, 12, 18], [13, 22, 14, 23]]"
12a_1268_118,"[[13, 22, 14, 23], [15, 5, 16, 4], [17, 7, 18, 6], [19, 2, 20, 3], [21, 8, 22, 9], [23, 14, 24, 15], [1, 10, 2, 11], [3, 13, 4, 12], [5, 17, 6, 16], [7, 24, 8, 1], [9, 20, 10, 21], [11, 19, 12, 18]]"
12a_1268_119,"[[11, 19, 12, 18], [13, 22, 14, 23], [15, 5, 16, 4], [17, 7, 18, 6], [19, 2, 20, 3], [21, 8, 22, 9], [23, 14, 24, 15], [1, 10, 2, 11], [3, 13, 4, 12], [5, 17, 6, 16], [7, 24, 8, 1], [9, 20, 10, 21]]"
12a_1268_120,"[[10, 21, 11, 22], [12, 20, 13, 19], [14, 23, 15, 24], [16, 6, 17, 5], [18, 8, 19, 7], [20, 3, 21, 4], [22, 9, 23, 10], [24, 15, 1, 16], [2, 11, 3, 12], [4, 14, 5, 13], [6, 18, 7, 17], [8, 1, 9, 2]]"
12a_1268_121,"[[8, 1, 9, 2], [10, 21, 11, 22], [12, 20, 13, 19], [14, 23, 15, 24], [16, 6, 17, 5], [18, 8, 19, 7], [20, 3, 21, 4], [22, 9, 23, 10], [24, 15, 1, 16], [2, 11, 3, 12], [4, 14, 5, 13], [6, 18, 7, 17]]"
12a_1268_122,"[[6, 18, 7, 17], [8, 1, 9, 2], [10, 21, 11, 22], [12, 20, 13, 19], [14, 23, 15, 24], [16, 6, 17, 5], [18, 8, 19, 7], [20, 3, 21, 4], [22, 9, 23, 10], [24, 15, 1, 16], [2, 11, 3, 12], [4, 14, 5, 13]]"
12a_1268_123,"[[4, 14, 5, 13], [6, 18, 7, 17], [8, 1, 9, 2], [10, 21, 11, 22], [12, 20, 13, 19], [14, 23, 15, 24], [16, 6, 17, 5], [18, 8, 19, 7], [20, 3, 21, 4], [22, 9, 23, 10], [24, 15, 1, 16], [2, 11, 3, 12]]"
12a_1268_124,"[[2, 11, 3, 12], [4, 14, 5, 13], [6, 18, 7, 17], [8, 1, 9, 2], [10, 21, 11, 22], [12, 20, 13, 19], [14, 23, 15, 24], [16, 6, 17, 5], [18, 8, 19, 7], [20, 3, 21, 4], [22, 9, 23, 10], [24, 15, 1, 16]]"
12a_1268_125,"[[24, 15, 1, 16], [2, 11, 3, 12], [4, 14, 5, 13], [6, 18, 7, 17], [8, 1, 9, 2], [10, 21, 11, 22], [12, 20, 13, 19], [14, 23, 15, 24], [16, 6, 17, 5], [18, 8, 19, 7], [20, 3, 21, 4], [22, 9, 23, 10]]"
12a_1268_126,"[[22, 9, 23, 10], [24, 15, 1, 16], [2, 11, 3, 12], [4, 14, 5, 13], [6, 18, 7, 17], [8, 1, 9, 2], [10, 21, 11, 22], [12, 20, 13, 19], [14, 23, 15, 24], [16, 6, 17, 5], [18, 8, 19, 7], [20, 3, 21, 4]]"
12a_1268_127,"[[20, 3, 21, 4], [22, 9, 23, 10], [24, 15, 1, 16], [2, 11, 3, 12], [4, 14, 5, 13], [6, 18, 7, 17], [8, 1, 9, 2], [10, 21, 11, 22], [12, 20, 13, 19], [14, 23, 15, 24], [16, 6, 17, 5], [18, 8, 19, 7]]"
12a_1268_128,"[[18, 8, 19, 7], [20, 3, 21, 4], [22, 9, 23, 10], [24, 15, 1, 16], [2, 11, 3, 12], [4, 14, 5, 13], [6, 18, 7, 17], [8, 1, 9, 2], [10, 21, 11, 22], [12, 20, 13, 19], [14, 23, 15, 24], [16, 6, 17, 5]]"
12a_1268_129,"[[16, 6, 17, 5], [18, 8, 19, 7], [20, 3, 21, 4], [22, 9, 23, 10], [24, 15, 1, 16], [2, 11, 3, 12], [4, 14, 5, 13], [6, 18, 7, 17], [8, 1, 9, 2], [10, 21, 11, 22], [12, 20, 13, 19], [14, 23, 15, 24]]"
12a_1268_130,"[[14, 23, 15, 24], [16, 6, 17, 5], [18, 8, 19, 7], [20, 3, 21, 4], [22, 9, 23, 10], [24, 15, 1, 16], [2, 11, 3, 12], [4, 14, 5, 13], [6, 18, 7, 17], [8, 1, 9, 2], [10, 21, 11, 22], [12, 20, 13, 19]]"
12a_1268_131,"[[12, 20, 13, 19], [14, 23, 15, 24], [16, 6, 17, 5], [18, 8, 19, 7], [20, 3, 21, 4], [22, 9, 23, 10], [24, 15, 1, 16], [2, 11, 3, 12], [4, 14, 5, 13], [6, 18, 7, 17], [8, 1, 9, 2], [10, 21, 11, 22]]"
12a_1268_132,"[[11, 22, 12, 23], [13, 21, 14, 20], [15, 24, 16, 1], [17, 7, 18, 6], [19, 9, 20, 8], [21, 4, 22, 5], [23, 10, 24, 11], [1, 16, 2, 17], [3, 12, 4, 13], [5, 15, 6, 14], [7, 19, 8, 18], [9, 2, 10, 3]]"
12a_1268_133,"[[9, 2, 10, 3], [11, 22, 12, 23], [13, 21, 14, 20], [15, 24, 16, 1], [17, 7, 18, 6], [19, 9, 20, 8], [21, 4, 22, 5], [23, 10, 24, 11], [1, 16, 2, 17], [3, 12, 4, 13], [5, 15, 6, 14], [7, 19, 8, 18]]"
12a_1268_134,"[[7, 19, 8, 18], [9, 2, 10, 3], [11, 22, 12, 23], [13, 21, 14, 20], [15, 24, 16, 1], [17, 7, 18, 6], [19, 9, 20, 8], [21, 4, 22, 5], [23, 10, 24, 11], [1, 16, 2, 17], [3, 12, 4, 13], [5, 15, 6, 14]]"
12a_1268_135,"[[5, 15, 6, 14], [7, 19, 8, 18], [9, 2, 10, 3], [11, 22, 12, 23], [13, 21, 14, 20], [15, 24, 16, 1], [17, 7, 18, 6], [19, 9, 20, 8], [21, 4, 22, 5], [23, 10, 24, 11], [1, 16, 2, 17], [3, 12, 4, 13]]"
12a_1268_136,"[[3, 12, 4, 13], [5, 15, 6, 14], [7, 19, 8, 18], [9, 2, 10, 3], [11, 22, 12, 23], [13, 21, 14, 20], [15, 24, 16, 1], [17, 7, 18, 6], [19, 9, 20, 8], [21, 4, 22, 5], [23, 10, 24, 11], [1, 16, 2, 17]]"
12a_1268_137,"[[1, 16, 2, 17], [3, 12, 4, 13], [5, 15, 6, 14], [7, 19, 8, 18], [9, 2, 10, 3], [11, 22, 12, 23], [13, 21, 14, 20], [15, 24, 16, 1], [17, 7, 18, 6], [19, 9, 20, 8], [21, 4, 22, 5], [23, 10, 24, 11]]"
12a_1268_138,"[[23, 10, 24, 11], [1, 16, 2, 17], [3, 12, 4, 13], [5, 15, 6, 14], [7, 19, 8, 18], [9, 2, 10, 3], [11, 22, 12, 23], [13, 21, 14, 20], [15, 24, 16, 1], [17, 7, 18, 6], [19, 9, 20, 8], [21, 4, 22, 5]]"
12a_1268_139,"[[21, 4, 22, 5], [23, 10, 24, 11], [1, 16, 2, 17], [3, 12, 4, 13], [5, 15, 6, 14], [7, 19, 8, 18], [9, 2, 10, 3], [11, 22, 12, 23], [13, 21, 14, 20], [15, 24, 16, 1], [17, 7, 18, 6], [19, 9, 20, 8]]"
12a_1268_140,"[[19, 9, 20, 8], [21, 4, 22, 5], [23, 10, 24, 11], [1, 16, 2, 17], [3, 12, 4, 13], [5, 15, 6, 14], [7, 19, 8, 18], [9, 2, 10, 3], [11, 22, 12, 23], [13, 21, 14, 20], [15, 24, 16, 1], [17, 7, 18, 6]]"
12a_1268_141,"[[17, 7, 18, 6], [19, 9, 20, 8], [21, 4, 22, 5], [23, 10, 24, 11], [1, 16, 2, 17], [3, 12, 4, 13], [5, 15, 6, 14], [7, 19, 8, 18], [9, 2, 10, 3], [11, 22, 12, 23], [13, 21, 14, 20], [15, 24, 16, 1]]"
12a_1268_142,"[[15, 24, 16, 1], [17, 7, 18, 6], [19, 9, 20, 8], [21, 4, 22, 5], [23, 10, 24, 11], [1, 16, 2, 17], [3, 12, 4, 13], [5, 15, 6, 14], [7, 19, 8, 18], [9, 2, 10, 3], [11, 22, 12, 23], [13, 21, 14, 20]]"
12a_1268_143,"[[13, 21, 14, 20], [15, 24, 16, 1], [17, 7, 18, 6], [19, 9, 20, 8], [21, 4, 22, 5], [23, 10, 24, 11], [1, 16, 2, 17], [3, 12, 4, 13], [5, 15, 6, 14], [7, 19, 8, 18], [9, 2, 10, 3], [11, 22, 12, 23]]"
12a_1268_144,"[[12, 23, 13, 24], [14, 22, 15, 21], [16, 1, 17, 2], [18, 8, 19, 7], [20, 10, 21, 9], [22, 5, 23, 6], [24, 11, 1, 12], [2, 17, 3, 18], [4, 13, 5, 14], [6, 16, 7, 15], [8, 20, 9, 19], [10, 3, 11, 4]]"
12a_1268_145,"[[10, 3, 11, 4], [12, 23, 13, 24], [14, 22, 15, 21], [16, 1, 17, 2], [18, 8, 19, 7], [20, 10, 21, 9], [22, 5, 23, 6], [24, 11, 1, 12], [2, 17, 3, 18], [4, 13, 5, 14], [6, 16, 7, 15], [8, 20, 9, 19]]"
12a_1268_146,"[[8, 20, 9, 19], [10, 3, 11, 4], [12, 23, 13, 24], [14, 22, 15, 21], [16, 1, 17, 2], [18, 8, 19, 7], [20, 10, 21, 9], [22, 5, 23, 6], [24, 11, 1, 12], [2, 17, 3, 18], [4, 13, 5, 14], [6, 16, 7, 15]]"
12a_1268_147,"[[6, 16, 7, 15], [8, 20, 9, 19], [10, 3, 11, 4], [12, 23, 13, 24], [14, 22, 15, 21], [16, 1, 17, 2], [18, 8, 19, 7], [20, 10, 21, 9], [22, 5, 23, 6], [24, 11, 1, 12], [2, 17, 3, 18], [4, 13, 5, 14]]"
12a_1268_148,"[[4, 13, 5, 14], [6, 16, 7, 15], [8, 20, 9, 19], [10, 3, 11, 4], [12, 23, 13, 24], [14, 22, 15, 21], [16, 1, 17, 2], [18, 8, 19, 7], [20, 10, 21, 9], [22, 5, 23, 6], [24, 11, 1, 12], [2, 17, 3, 18]]"
12a_1268_149,"[[2, 17, 3, 18], [4, 13, 5, 14], [6, 16, 7, 15], [8, 20, 9, 19], [10, 3, 11, 4], [12, 23, 13, 24], [14, 22, 15, 21], [16, 1, 17, 2], [18, 8, 19, 7], [20, 10, 21, 9], [22, 5, 23, 6], [24, 11, 1, 12]]"
12a_1268_150,"[[24, 11, 1, 12], [2, 17, 3, 18], [4, 13, 5, 14], [6, 16, 7, 15], [8, 20, 9, 19], [10, 3, 11, 4], [12, 23, 13, 24], [14, 22, 15, 21], [16, 1, 17, 2], [18, 8, 19, 7], [20, 10, 21, 9], [22, 5, 23, 6]]"
12a_1268_151,"[[22, 5, 23, 6], [24, 11, 1, 12], [2, 17, 3, 18], [4, 13, 5, 14], [6, 16, 7, 15], [8, 20, 9, 19], [10, 3, 11, 4], [12, 23, 13, 24], [14, 22, 15, 21], [16, 1, 17, 2], [18, 8, 19, 7], [20, 10, 21, 9]]"
12a_1268_152,"[[20, 10, 21, 9], [22, 5, 23, 6], [24, 11, 1, 12], [2, 17, 3, 18], [4, 13, 5, 14], [6, 16, 7, 15], [8, 20, 9, 19], [10, 3, 11, 4], [12, 23, 13, 24], [14, 22, 15, 21], [16, 1, 17, 2], [18, 8, 19, 7]]"
12a_1268_153,"[[18, 8, 19, 7], [20, 10, 21, 9], [22, 5, 23, 6], [24, 11, 1, 12], [2, 17, 3, 18], [4, 13, 5, 14], [6, 16, 7, 15], [8, 20, 9, 19], [10, 3, 11, 4], [12, 23, 13, 24], [14, 22, 15, 21], [16, 1, 17, 2]]"
12a_1268_154,"[[16, 1, 17, 2], [18, 8, 19, 7], [20, 10, 21, 9], [22, 5, 23, 6], [24, 11, 1, 12], [2, 17, 3, 18], [4, 13, 5, 14], [6, 16, 7, 15], [8, 20, 9, 19], [10, 3, 11, 4], [12, 23, 13, 24], [14, 22, 15, 21]]"
12a_1268_155,"[[14, 22, 15, 21], [16, 1, 17, 2], [18, 8, 19, 7], [20, 10, 21, 9], [22, 5, 23, 6], [24, 11, 1, 12], [2, 17, 3, 18], [4, 13, 5, 14], [6, 16, 7, 15], [8, 20, 9, 19], [10, 3, 11, 4], [12, 23, 13, 24]]"
12a_1268_156,"[[13, 24, 14, 1], [15, 23, 16, 22], [17, 2, 18, 3], [19, 9, 20, 8], [21, 11, 22, 10], [23, 6, 24, 7], [1, 12, 2, 13], [3, 18, 4, 19], [5, 14, 6, 15], [7, 17, 8, 16], [9, 21, 10, 20], [11, 4, 12, 5]]"
12a_1268_157,"[[11, 4, 12, 5], [13, 24, 14, 1], [15, 23, 16, 22], [17, 2, 18, 3], [19, 9, 20, 8], [21, 11, 22, 10], [23, 6, 24, 7], [1, 12, 2, 13], [3, 18, 4, 19], [5, 14, 6, 15], [7, 17, 8, 16], [9, 21, 10, 20]]"
12a_1268_158,"[[9, 21, 10, 20], [11, 4, 12, 5], [13, 24, 14, 1], [15, 23, 16, 22], [17, 2, 18, 3], [19, 9, 20, 8], [21, 11, 22, 10], [23, 6, 24, 7], [1, 12, 2, 13], [3, 18, 4, 19], [5, 14, 6, 15], [7, 17, 8, 16]]"
12a_1268_159,"[[7, 17, 8, 16], [9, 21, 10, 20], [11, 4, 12, 5], [13, 24, 14, 1], [15, 23, 16, 22], [17, 2, 18, 3], [19, 9, 20, 8], [21, 11, 22, 10], [23, 6, 24, 7], [1, 12, 2, 13], [3, 18, 4, 19], [5, 14, 6, 15]]"
12a_1268_160,"[[5, 14, 6, 15], [7, 17, 8, 16], [9, 21, 10, 20], [11, 4, 12, 5], [13, 24, 14, 1], [15, 23, 16, 22], [17, 2, 18, 3], [19, 9, 20, 8], [21, 11, 22, 10], [23, 6, 24, 7], [1, 12, 2, 13], [3, 18, 4, 19]]"
12a_1268_161,"[[3, 18, 4, 19], [5, 14, 6, 15], [7, 17, 8, 16], [9, 21, 10, 20], [11, 4, 12, 5], [13, 24, 14, 1], [15, 23, 16, 22], [17, 2, 18, 3], [19, 9, 20, 8], [21, 11, 22, 10], [23, 6, 24, 7], [1, 12, 2, 13]]"
12a_1268_162,"[[1, 12, 2, 13], [3, 18, 4, 19], [5, 14, 6, 15], [7, 17, 8, 16], [9, 21, 10, 20], [11, 4, 12, 5], [13, 24, 14, 1], [15, 23, 16, 22], [17, 2, 18, 3], [19, 9, 20, 8], [21, 11, 22, 10], [23, 6, 24, 7]]"
12a_1268_163,"[[23, 6, 24, 7], [1, 12, 2, 13], [3, 18, 4, 19], [5, 14, 6, 15], [7, 17, 8, 16], [9, 21, 10, 20], [11, 4, 12, 5], [13, 24, 14, 1], [15, 23, 16, 22], [17, 2, 18, 3], [19, 9, 20, 8], [21, 11, 22, 10]]"
12a_1268_164,"[[21, 11, 22, 10], [23, 6, 24, 7], [1, 12, 2, 13], [3, 18, 4, 19], [5, 14, 6, 15], [7, 17, 8, 16], [9, 21, 10, 20], [11, 4, 12, 5], [13, 24, 14, 1], [15, 23, 16, 22], [17, 2, 18, 3], [19, 9, 20, 8]]"
12a_1268_165,"[[19, 9, 20, 8], [21, 11, 22, 10], [23, 6, 24, 7], [1, 12, 2, 13], [3, 18, 4, 19], [5, 14, 6, 15], [7, 17, 8, 16], [9, 21, 10, 20], [11, 4, 12, 5], [13, 24, 14, 1], [15, 23, 16, 22], [17, 2, 18, 3]]"
12a_1268_166,"[[17, 2, 18, 3], [19, 9, 20, 8], [21, 11, 22, 10], [23, 6, 24, 7], [1, 12, 2, 13], [3, 18, 4, 19], [5, 14, 6, 15], [7, 17, 8, 16], [9, 21, 10, 20], [11, 4, 12, 5], [13, 24, 14, 1], [15, 23, 16, 22]]"
12a_1268_167,"[[15, 23, 16, 22], [17, 2, 18, 3], [19, 9, 20, 8], [21, 11, 22, 10], [23, 6, 24, 7], [1, 12, 2, 13], [3, 18, 4, 19], [5, 14, 6, 15], [7, 17, 8, 16], [9, 21, 10, 20], [11, 4, 12, 5], [13, 24, 14, 1]]"
12a_1268_168,"[[14, 1, 15, 2], [16, 24, 17, 23], [18, 3, 19, 4], [20, 10, 21, 9], [22, 12, 23, 11], [24, 7, 1, 8], [2, 13, 3, 14], [4, 19, 5, 20], [6, 15, 7, 16], [8, 18, 9, 17], [10, 22, 11, 21], [12, 5, 13, 6]]"
12a_1268_169,"[[12, 5, 13, 6], [14, 1, 15, 2], [16, 24, 17, 23], [18, 3, 19, 4], [20, 10, 21, 9], [22, 12, 23, 11], [24, 7, 1, 8], [2, 13, 3, 14], [4, 19, 5, 20], [6, 15, 7, 16], [8, 18, 9, 17], [10, 22, 11, 21]]"
12a_1268_170,"[[10, 22, 11, 21], [12, 5, 13, 6], [14, 1, 15, 2], [16, 24, 17, 23], [18, 3, 19, 4], [20, 10, 21, 9], [22, 12, 23, 11], [24, 7, 1, 8], [2, 13, 3, 14], [4, 19, 5, 20], [6, 15, 7, 16], [8, 18, 9, 17]]"
12a_1268_171,"[[8, 18, 9, 17], [10, 22, 11, 21], [12, 5, 13, 6], [14, 1, 15, 2], [16, 24, 17, 23], [18, 3, 19, 4], [20, 10, 21, 9], [22, 12, 23, 11], [24, 7, 1, 8], [2, 13, 3, 14], [4, 19, 5, 20], [6, 15, 7, 16]]"
12a_1268_172,"[[6, 15, 7, 16], [8, 18, 9, 17], [10, 22, 11, 21], [12, 5, 13, 6], [14, 1, 15, 2], [16, 24, 17, 23], [18, 3, 19, 4], [20, 10, 21, 9], [22, 12, 23, 11], [24, 7, 1, 8], [2, 13, 3, 14], [4, 19, 5, 20]]"
12a_1268_173,"[[4, 19, 5, 20], [6, 15, 7, 16], [8, 18, 9, 17], [10, 22, 11, 21], [12, 5, 13, 6], [14, 1, 15, 2], [16, 24, 17, 23], [18, 3, 19, 4], [20, 10, 21, 9], [22, 12, 23, 11], [24, 7, 1, 8], [2, 13, 3, 14]]"
12a_1268_174,"[[2, 13, 3, 14], [4, 19, 5, 20], [6, 15, 7, 16], [8, 18, 9, 17], [10, 22, 11, 21], [12, 5, 13, 6], [14, 1, 15, 2], [16, 24, 17, 23], [18, 3, 19, 4], [20, 10, 21, 9], [22, 12, 23, 11], [24, 7, 1, 8]]"
12a_1268_175,"[[24, 7, 1, 8], [2, 13, 3, 14], [4, 19, 5, 20], [6, 15, 7, 16], [8, 18, 9, 17], [10, 22, 11, 21], [12, 5, 13, 6], [14, 1, 15, 2], [16, 24, 17, 23], [18, 3, 19, 4], [20, 10, 21, 9], [22, 12, 23, 11]]"
12a_1268_176,"[[22, 12, 23, 11], [24, 7, 1, 8], [2, 13, 3, 14], [4, 19, 5, 20], [6, 15, 7, 16], [8, 18, 9, 17], [10, 22, 11, 21], [12, 5, 13, 6], [14, 1, 15, 2], [16, 24, 17, 23], [18, 3, 19, 4], [20, 10, 21, 9]]"
12a_1268_177,"[[20, 10, 21, 9], [22, 12, 23, 11], [24, 7, 1, 8], [2, 13, 3, 14], [4, 19, 5, 20], [6, 15, 7, 16], [8, 18, 9, 17], [10, 22, 11, 21], [12, 5, 13, 6], [14, 1, 15, 2], [16, 24, 17, 23], [18, 3, 19, 4]]"
12a_1268_178,"[[18, 3, 19, 4], [20, 10, 21, 9], [22, 12, 23, 11], [24, 7, 1, 8], [2, 13, 3, 14], [4, 19, 5, 20], [6, 15, 7, 16], [8, 18, 9, 17], [10, 22, 11, 21], [12, 5, 13, 6], [14, 1, 15, 2], [16, 24, 17, 23]]"
12a_1268_179,"[[16, 24, 17, 23], [18, 3, 19, 4], [20, 10, 21, 9], [22, 12, 23, 11], [24, 7, 1, 8], [2, 13, 3, 14], [4, 19, 5, 20], [6, 15, 7, 16], [8, 18, 9, 17], [10, 22, 11, 21], [12, 5, 13, 6], [14, 1, 15, 2]]"
12a_1268_180,"[[15, 2, 16, 3], [17, 1, 18, 24], [19, 4, 20, 5], [21, 11, 22, 10], [23, 13, 24, 12], [1, 8, 2, 9], [3, 14, 4, 15], [5, 20, 6, 21], [7, 16, 8, 17], [9, 19, 10, 18], [11, 23, 12, 22], [13, 6, 14, 7]]"
12a_1268_181,"[[13, 6, 14, 7], [15, 2, 16, 3], [17, 1, 18, 24], [19, 4, 20, 5], [21, 11, 22, 10], [23, 13, 24, 12], [1, 8, 2, 9], [3, 14, 4, 15], [5, 20, 6, 21], [7, 16, 8, 17], [9, 19, 10, 18], [11, 23, 12, 22]]"
12a_1268_182,"[[11, 23, 12, 22], [13, 6, 14, 7], [15, 2, 16, 3], [17, 1, 18, 24], [19, 4, 20, 5], [21, 11, 22, 10], [23, 13, 24, 12], [1, 8, 2, 9], [3, 14, 4, 15], [5, 20, 6, 21], [7, 16, 8, 17], [9, 19, 10, 18]]"
12a_1268_183,"[[9, 19, 10, 18], [11, 23, 12, 22], [13, 6, 14, 7], [15, 2, 16, 3], [17, 1, 18, 24], [19, 4, 20, 5], [21, 11, 22, 10], [23, 13, 24, 12], [1, 8, 2, 9], [3, 14, 4, 15], [5, 20, 6, 21], [7, 16, 8, 17]]"
12a_1268_184,"[[7, 16, 8, 17], [9, 19, 10, 18], [11, 23, 12, 22], [13, 6, 14, 7], [15, 2, 16, 3], [17, 1, 18, 24], [19, 4, 20, 5], [21, 11, 22, 10], [23, 13, 24, 12], [1, 8, 2, 9], [3, 14, 4, 15], [5, 20, 6, 21]]"
12a_1268_185,"[[5, 20, 6, 21], [7, 16, 8, 17], [9, 19, 10, 18], [11, 23, 12, 22], [13, 6, 14, 7], [15, 2, 16, 3], [17, 1, 18, 24], [19, 4, 20, 5], [21, 11, 22, 10], [23, 13, 24, 12], [1, 8, 2, 9], [3, 14, 4, 15]]"
