name,pd_notation
12a_0101_0,"[[24, 12, 1, 11], [2, 6, 3, 5], [4, 10, 5, 9], [6, 16, 7, 15], [8, 4, 9, 3], [10, 19, 11, 20], [12, 24, 13, 23], [14, 8, 15, 7], [16, 21, 17, 22], [18, 13, 19, 14], [20, 1, 21, 2], [22, 17, 23, 18]]"
12a_0101_1,"[[22, 17, 23, 18], [24, 12, 1, 11], [2, 6, 3, 5], [4, 10, 5, 9], [6, 16, 7, 15], [8, 4, 9, 3], [10, 19, 11, 20], [12, 24, 13, 23], [14, 8, 15, 7], [16, 21, 17, 22], [18, 13, 19, 14], [20, 1, 21, 2]]"
12a_0101_2,"[[20, 1, 21, 2], [22, 17, 23, 18], [24, 12, 1, 11], [2, 6, 3, 5], [4, 10, 5, 9], [6, 16, 7, 15], [8, 4, 9, 3], [10, 19, 11, 20], [12, 24, 13, 23], [14, 8, 15, 7], [16, 21, 17, 22], [18, 13, 19, 14]]"
12a_0101_3,"[[18, 13, 19, 14], [20, 1, 21, 2], [22, 17, 23, 18], [24, 12, 1, 11], [2, 6, 3, 5], [4, 10, 5, 9], [6, 16, 7, 15], [8, 4, 9, 3], [10, 19, 11, 20], [12, 24, 13, 23], [14, 8, 15, 7], [16, 21, 17, 22]]"
12a_0101_4,"[[16, 21, 17, 22], [18, 13, 19, 14], [20, 1, 21, 2], [22, 17, 23, 18], [24, 12, 1, 11], [2, 6, 3, 5], [4, 10, 5, 9], [6, 16, 7, 15], [8, 4, 9, 3], [10, 19, 11, 20], [12, 24, 13, 23], [14, 8, 15, 7]]"
12a_0101_5,"[[14, 8, 15, 7], [16, 21, 17, 22], [18, 13, 19, 14], [20, 1, 21, 2], [22, 17, 23, 18], [24, 12, 1, 11], [2, 6, 3, 5], [4, 10, 5, 9], [6, 16, 7, 15], [8, 4, 9, 3], [10, 19, 11, 20], [12, 24, 13, 23]]"
12a_0101_6,"[[12, 24, 13, 23], [14, 8, 15, 7], [16, 21, 17, 22], [18, 13, 19, 14], [20, 1, 21, 2], [22, 17, 23, 18], [24, 12, 1, 11], [2, 6, 3, 5], [4, 10, 5, 9], [6, 16, 7, 15], [8, 4, 9, 3], [10, 19, 11, 20]]"
12a_0101_7,"[[10, 19, 11, 20], [12, 24, 13, 23], [14, 8, 15, 7], [16, 21, 17, 22], [18, 13, 19, 14], [20, 1, 21, 2], [22, 17, 23, 18], [24, 12, 1, 11], [2, 6, 3, 5], [4, 10, 5, 9], [6, 16, 7, 15], [8, 4, 9, 3]]"
12a_0101_8,"[[8, 4, 9, 3], [10, 19, 11, 20], [12, 24, 13, 23], [14, 8, 15, 7], [16, 21, 17, 22], [18, 13, 19, 14], [20, 1, 21, 2], [22, 17, 23, 18], [24, 12, 1, 11], [2, 6, 3, 5], [4, 10, 5, 9], [6, 16, 7, 15]]"
12a_0101_9,"[[6, 16, 7, 15], [8, 4, 9, 3], [10, 19, 11, 20], [12, 24, 13, 23], [14, 8, 15, 7], [16, 21, 17, 22], [18, 13, 19, 14], [20, 1, 21, 2], [22, 17, 23, 18], [24, 12, 1, 11], [2, 6, 3, 5], [4, 10, 5, 9]]"
12a_0101_10,"[[4, 10, 5, 9], [6, 16, 7, 15], [8, 4, 9, 3], [10, 19, 11, 20], [12, 24, 13, 23], [14, 8, 15, 7], [16, 21, 17, 22], [18, 13, 19, 14], [20, 1, 21, 2], [22, 17, 23, 18], [24, 12, 1, 11], [2, 6, 3, 5]]"
12a_0101_11,"[[2, 6, 3, 5], [4, 10, 5, 9], [6, 16, 7, 15], [8, 4, 9, 3], [10, 19, 11, 20], [12, 24, 13, 23], [14, 8, 15, 7], [16, 21, 17, 22], [18, 13, 19, 14], [20, 1, 21, 2], [22, 17, 23, 18], [24, 12, 1, 11]]"
12a_0101_12,"[[1, 13, 2, 12], [3, 7, 4, 6], [5, 11, 6, 10], [7, 17, 8, 16], [9, 5, 10, 4], [11, 20, 12, 21], [13, 1, 14, 24], [15, 9, 16, 8], [17, 22, 18, 23], [19, 14, 20, 15], [21, 2, 22, 3], [23, 18, 24, 19]]"
12a_0101_13,"[[23, 18, 24, 19], [1, 13, 2, 12], [3, 7, 4, 6], [5, 11, 6, 10], [7, 17, 8, 16], [9, 5, 10, 4], [11, 20, 12, 21], [13, 1, 14, 24], [15, 9, 16, 8], [17, 22, 18, 23], [19, 14, 20, 15], [21, 2, 22, 3]]"
12a_0101_14,"[[21, 2, 22, 3], [23, 18, 24, 19], [1, 13, 2, 12], [3, 7, 4, 6], [5, 11, 6, 10], [7, 17, 8, 16], [9, 5, 10, 4], [11, 20, 12, 21], [13, 1, 14, 24], [15, 9, 16, 8], [17, 22, 18, 23], [19, 14, 20, 15]]"
12a_0101_15,"[[19, 14, 20, 15], [21, 2, 22, 3], [23, 18, 24, 19], [1, 13, 2, 12], [3, 7, 4, 6], [5, 11, 6, 10], [7, 17, 8, 16], [9, 5, 10, 4], [11, 20, 12, 21], [13, 1, 14, 24], [15, 9, 16, 8], [17, 22, 18, 23]]"
12a_0101_16,"[[17, 22, 18, 23], [19, 14, 20, 15], [21, 2, 22, 3], [23, 18, 24, 19], [1, 13, 2, 12], [3, 7, 4, 6], [5, 11, 6, 10], [7, 17, 8, 16], [9, 5, 10, 4], [11, 20, 12, 21], [13, 1, 14, 24], [15, 9, 16, 8]]"
12a_0101_17,"[[15, 9, 16, 8], [17, 22, 18, 23], [19, 14, 20, 15], [21, 2, 22, 3], [23, 18, 24, 19], [1, 13, 2, 12], [3, 7, 4, 6], [5, 11, 6, 10], [7, 17, 8, 16], [9, 5, 10, 4], [11, 20, 12, 21], [13, 1, 14, 24]]"
12a_0101_18,"[[13, 1, 14, 24], [15, 9, 16, 8], [17, 22, 18, 23], [19, 14, 20, 15], [21, 2, 22, 3], [23, 18, 24, 19], [1, 13, 2, 12], [3, 7, 4, 6], [5, 11, 6, 10], [7, 17, 8, 16], [9, 5, 10, 4], [11, 20, 12, 21]]"
12a_0101_19,"[[11, 20, 12, 21], [13, 1, 14, 24], [15, 9, 16, 8], [17, 22, 18, 23], [19, 14, 20, 15], [21, 2, 22, 3], [23, 18, 24, 19], [1, 13, 2, 12], [3, 7, 4, 6], [5, 11, 6, 10], [7, 17, 8, 16], [9, 5, 10, 4]]"
12a_0101_20,"[[9, 5, 10, 4], [11, 20, 12, 21], [13, 1, 14, 24], [15, 9, 16, 8], [17, 22, 18, 23], [19, 14, 20, 15], [21, 2, 22, 3], [23, 18, 24, 19], [1, 13, 2, 12], [3, 7, 4, 6], [5, 11, 6, 10], [7, 17, 8, 16]]"
12a_0101_21,"[[7, 17, 8, 16], [9, 5, 10, 4], [11, 20, 12, 21], [13, 1, 14, 24], [15, 9, 16, 8], [17, 22, 18, 23], [19, 14, 20, 15], [21, 2, 22, 3], [23, 18, 24, 19], [1, 13, 2, 12], [3, 7, 4, 6], [5, 11, 6, 10]]"
12a_0101_22,"[[5, 11, 6, 10], [7, 17, 8, 16], [9, 5, 10, 4], [11, 20, 12, 21], [13, 1, 14, 24], [15, 9, 16, 8], [17, 22, 18, 23], [19, 14, 20, 15], [21, 2, 22, 3], [23, 18, 24, 19], [1, 13, 2, 12], [3, 7, 4, 6]]"
12a_0101_23,"[[3, 7, 4, 6], [5, 11, 6, 10], [7, 17, 8, 16], [9, 5, 10, 4], [11, 20, 12, 21], [13, 1, 14, 24], [15, 9, 16, 8], [17, 22, 18, 23], [19, 14, 20, 15], [21, 2, 22, 3], [23, 18, 24, 19], [1, 13, 2, 12]]"
12a_0101_24,"[[2, 14, 3, 13], [4, 8, 5, 7], [6, 12, 7, 11], [8, 18, 9, 17], [10, 6, 11, 5], [12, 21, 13, 22], [14, 2, 15, 1], [16, 10, 17, 9], [18, 23, 19, 24], [20, 15, 21, 16], [22, 3, 23, 4], [24, 19, 1, 20]]"
12a_0101_25,"[[24, 19, 1, 20], [2, 14, 3, 13], [4, 8, 5, 7], [6, 12, 7, 11], [8, 18, 9, 17], [10, 6, 11, 5], [12, 21, 13, 22], [14, 2, 15, 1], [16, 10, 17, 9], [18, 23, 19, 24], [20, 15, 21, 16], [22, 3, 23, 4]]"
12a_0101_26,"[[22, 3, 23, 4], [24, 19, 1, 20], [2, 14, 3, 13], [4, 8, 5, 7], [6, 12, 7, 11], [8, 18, 9, 17], [10, 6, 11, 5], [12, 21, 13, 22], [14, 2, 15, 1], [16, 10, 17, 9], [18, 23, 19, 24], [20, 15, 21, 16]]"
12a_0101_27,"[[20, 15, 21, 16], [22, 3, 23, 4], [24, 19, 1, 20], [2, 14, 3, 13], [4, 8, 5, 7], [6, 12, 7, 11], [8, 18, 9, 17], [10, 6, 11, 5], [12, 21, 13, 22], [14, 2, 15, 1], [16, 10, 17, 9], [18, 23, 19, 24]]"
12a_0101_28,"[[18, 23, 19, 24], [20, 15, 21, 16], [22, 3, 23, 4], [24, 19, 1, 20], [2, 14, 3, 13], [4, 8, 5, 7], [6, 12, 7, 11], [8, 18, 9, 17], [10, 6, 11, 5], [12, 21, 13, 22], [14, 2, 15, 1], [16, 10, 17, 9]]"
12a_0101_29,"[[16, 10, 17, 9], [18, 23, 19, 24], [20, 15, 21, 16], [22, 3, 23, 4], [24, 19, 1, 20], [2, 14, 3, 13], [4, 8, 5, 7], [6, 12, 7, 11], [8, 18, 9, 17], [10, 6, 11, 5], [12, 21, 13, 22], [14, 2, 15, 1]]"
12a_0101_30,"[[14, 2, 15, 1], [16, 10, 17, 9], [18, 23, 19, 24], [20, 15, 21, 16], [22, 3, 23, 4], [24, 19, 1, 20], [2, 14, 3, 13], [4, 8, 5, 7], [6, 12, 7, 11], [8, 18, 9, 17], [10, 6, 11, 5], [12, 21, 13, 22]]"
12a_0101_31,"[[12, 21, 13, 22], [14, 2, 15, 1], [16, 10, 17, 9], [18, 23, 19, 24], [20, 15, 21, 16], [22, 3, 23, 4], [24, 19, 1, 20], [2, 14, 3, 13], [4, 8, 5, 7], [6, 12, 7, 11], [8, 18, 9, 17], [10, 6, 11, 5]]"
12a_0101_32,"[[10, 6, 11, 5], [12, 21, 13, 22], [14, 2, 15, 1], [16, 10, 17, 9], [18, 23, 19, 24], [20, 15, 21, 16], [22, 3, 23, 4], [24, 19, 1, 20], [2, 14, 3, 13], [4, 8, 5, 7], [6, 12, 7, 11], [8, 18, 9, 17]]"
12a_0101_33,"[[8, 18, 9, 17], [10, 6, 11, 5], [12, 21, 13, 22], [14, 2, 15, 1], [16, 10, 17, 9], [18, 23, 19, 24], [20, 15, 21, 16], [22, 3, 23, 4], [24, 19, 1, 20], [2, 14, 3, 13], [4, 8, 5, 7], [6, 12, 7, 11]]"
12a_0101_34,"[[6, 12, 7, 11], [8, 18, 9, 17], [10, 6, 11, 5], [12, 21, 13, 22], [14, 2, 15, 1], [16, 10, 17, 9], [18, 23, 19, 24], [20, 15, 21, 16], [22, 3, 23, 4], [24, 19, 1, 20], [2, 14, 3, 13], [4, 8, 5, 7]]"
12a_0101_35,"[[4, 8, 5, 7], [6, 12, 7, 11], [8, 18, 9, 17], [10, 6, 11, 5], [12, 21, 13, 22], [14, 2, 15, 1], [16, 10, 17, 9], [18, 23, 19, 24], [20, 15, 21, 16], [22, 3, 23, 4], [24, 19, 1, 20], [2, 14, 3, 13]]"
12a_0101_36,"[[3, 15, 4, 14], [5, 9, 6, 8], [7, 13, 8, 12], [9, 19, 10, 18], [11, 7, 12, 6], [13, 22, 14, 23], [15, 3, 16, 2], [17, 11, 18, 10], [19, 24, 20, 1], [21, 16, 22, 17], [23, 4, 24, 5], [1, 20, 2, 21]]"
12a_0101_37,"[[1, 20, 2, 21], [3, 15, 4, 14], [5, 9, 6, 8], [7, 13, 8, 12], [9, 19, 10, 18], [11, 7, 12, 6], [13, 22, 14, 23], [15, 3, 16, 2], [17, 11, 18, 10], [19, 24, 20, 1], [21, 16, 22, 17], [23, 4, 24, 5]]"
12a_0101_38,"[[23, 4, 24, 5], [1, 20, 2, 21], [3, 15, 4, 14], [5, 9, 6, 8], [7, 13, 8, 12], [9, 19, 10, 18], [11, 7, 12, 6], [13, 22, 14, 23], [15, 3, 16, 2], [17, 11, 18, 10], [19, 24, 20, 1], [21, 16, 22, 17]]"
12a_0101_39,"[[21, 16, 22, 17], [23, 4, 24, 5], [1, 20, 2, 21], [3, 15, 4, 14], [5, 9, 6, 8], [7, 13, 8, 12], [9, 19, 10, 18], [11, 7, 12, 6], [13, 22, 14, 23], [15, 3, 16, 2], [17, 11, 18, 10], [19, 24, 20, 1]]"
12a_0101_40,"[[19, 24, 20, 1], [21, 16, 22, 17], [23, 4, 24, 5], [1, 20, 2, 21], [3, 15, 4, 14], [5, 9, 6, 8], [7, 13, 8, 12], [9, 19, 10, 18], [11, 7, 12, 6], [13, 22, 14, 23], [15, 3, 16, 2], [17, 11, 18, 10]]"
12a_0101_41,"[[17, 11, 18, 10], [19, 24, 20, 1], [21, 16, 22, 17], [23, 4, 24, 5], [1, 20, 2, 21], [3, 15, 4, 14], [5, 9, 6, 8], [7, 13, 8, 12], [9, 19, 10, 18], [11, 7, 12, 6], [13, 22, 14, 23], [15, 3, 16, 2]]"
12a_0101_42,"[[15, 3, 16, 2], [17, 11, 18, 10], [19, 24, 20, 1], [21, 16, 22, 17], [23, 4, 24, 5], [1, 20, 2, 21], [3, 15, 4, 14], [5, 9, 6, 8], [7, 13, 8, 12], [9, 19, 10, 18], [11, 7, 12, 6], [13, 22, 14, 23]]"
12a_0101_43,"[[13, 22, 14, 23], [15, 3, 16, 2], [17, 11, 18, 10], [19, 24, 20, 1], [21, 16, 22, 17], [23, 4, 24, 5], [1, 20, 2, 21], [3, 15, 4, 14], [5, 9, 6, 8], [7, 13, 8, 12], [9, 19, 10, 18], [11, 7, 12, 6]]"
12a_0101_44,"[[11, 7, 12, 6], [13, 22, 14, 23], [15, 3, 16, 2], [17, 11, 18, 10], [19, 24, 20, 1], [21, 16, 22, 17], [23, 4, 24, 5], [1, 20, 2, 21], [3, 15, 4, 14], [5, 9, 6, 8], [7, 13, 8, 12], [9, 19, 10, 18]]"
12a_0101_45,"[[9, 19, 10, 18], [11, 7, 12, 6], [13, 22, 14, 23], [15, 3, 16, 2], [17, 11, 18, 10], [19, 24, 20, 1], [21, 16, 22, 17], [23, 4, 24, 5], [1, 20, 2, 21], [3, 15, 4, 14], [5, 9, 6, 8], [7, 13, 8, 12]]"
12a_0101_46,"[[7, 13, 8, 12], [9, 19, 10, 18], [11, 7, 12, 6], [13, 22, 14, 23], [15, 3, 16, 2], [17, 11, 18, 10], [19, 24, 20, 1], [21, 16, 22, 17], [23, 4, 24, 5], [1, 20, 2, 21], [3, 15, 4, 14], [5, 9, 6, 8]]"
12a_0101_47,"[[5, 9, 6, 8], [7, 13, 8, 12], [9, 19, 10, 18], [11, 7, 12, 6], [13, 22, 14, 23], [15, 3, 16, 2], [17, 11, 18, 10], [19, 24, 20, 1], [21, 16, 22, 17], [23, 4, 24, 5], [1, 20, 2, 21], [3, 15, 4, 14]]"
12a_0101_48,"[[4, 16, 5, 15], [6, 10, 7, 9], [8, 14, 9, 13], [10, 20, 11, 19], [12, 8, 13, 7], [14, 23, 15, 24], [16, 4, 17, 3], [18, 12, 19, 11], [20, 1, 21, 2], [22, 17, 23, 18], [24, 5, 1, 6], [2, 21, 3, 22]]"
12a_0101_49,"[[2, 21, 3, 22], [4, 16, 5, 15], [6, 10, 7, 9], [8, 14, 9, 13], [10, 20, 11, 19], [12, 8, 13, 7], [14, 23, 15, 24], [16, 4, 17, 3], [18, 12, 19, 11], [20, 1, 21, 2], [22, 17, 23, 18], [24, 5, 1, 6]]"
12a_0101_50,"[[24, 5, 1, 6], [2, 21, 3, 22], [4, 16, 5, 15], [6, 10, 7, 9], [8, 14, 9, 13], [10, 20, 11, 19], [12, 8, 13, 7], [14, 23, 15, 24], [16, 4, 17, 3], [18, 12, 19, 11], [20, 1, 21, 2], [22, 17, 23, 18]]"
12a_0101_51,"[[22, 17, 23, 18], [24, 5, 1, 6], [2, 21, 3, 22], [4, 16, 5, 15], [6, 10, 7, 9], [8, 14, 9, 13], [10, 20, 11, 19], [12, 8, 13, 7], [14, 23, 15, 24], [16, 4, 17, 3], [18, 12, 19, 11], [20, 1, 21, 2]]"
12a_0101_52,"[[20, 1, 21, 2], [22, 17, 23, 18], [24, 5, 1, 6], [2, 21, 3, 22], [4, 16, 5, 15], [6, 10, 7, 9], [8, 14, 9, 13], [10, 20, 11, 19], [12, 8, 13, 7], [14, 23, 15, 24], [16, 4, 17, 3], [18, 12, 19, 11]]"
12a_0101_53,"[[18, 12, 19, 11], [20, 1, 21, 2], [22, 17, 23, 18], [24, 5, 1, 6], [2, 21, 3, 22], [4, 16, 5, 15], [6, 10, 7, 9], [8, 14, 9, 13], [10, 20, 11, 19], [12, 8, 13, 7], [14, 23, 15, 24], [16, 4, 17, 3]]"
12a_0101_54,"[[16, 4, 17, 3], [18, 12, 19, 11], [20, 1, 21, 2], [22, 17, 23, 18], [24, 5, 1, 6], [2, 21, 3, 22], [4, 16, 5, 15], [6, 10, 7, 9], [8, 14, 9, 13], [10, 20, 11, 19], [12, 8, 13, 7], [14, 23, 15, 24]]"
12a_0101_55,"[[14, 23, 15, 24], [16, 4, 17, 3], [18, 12, 19, 11], [20, 1, 21, 2], [22, 17, 23, 18], [24, 5, 1, 6], [2, 21, 3, 22], [4, 16, 5, 15], [6, 10, 7, 9], [8, 14, 9, 13], [10, 20, 11, 19], [12, 8, 13, 7]]"
12a_0101_56,"[[12, 8, 13, 7], [14, 23, 15, 24], [16, 4, 17, 3], [18, 12, 19, 11], [20, 1, 21, 2], [22, 17, 23, 18], [24, 5, 1, 6], [2, 21, 3, 22], [4, 16, 5, 15], [6, 10, 7, 9], [8, 14, 9, 13], [10, 20, 11, 19]]"
12a_0101_57,"[[10, 20, 11, 19], [12, 8, 13, 7], [14, 23, 15, 24], [16, 4, 17, 3], [18, 12, 19, 11], [20, 1, 21, 2], [22, 17, 23, 18], [24, 5, 1, 6], [2, 21, 3, 22], [4, 16, 5, 15], [6, 10, 7, 9], [8, 14, 9, 13]]"
12a_0101_58,"[[8, 14, 9, 13], [10, 20, 11, 19], [12, 8, 13, 7], [14, 23, 15, 24], [16, 4, 17, 3], [18, 12, 19, 11], [20, 1, 21, 2], [22, 17, 23, 18], [24, 5, 1, 6], [2, 21, 3, 22], [4, 16, 5, 15], [6, 10, 7, 9]]"
12a_0101_59,"[[6, 10, 7, 9], [8, 14, 9, 13], [10, 20, 11, 19], [12, 8, 13, 7], [14, 23, 15, 24], [16, 4, 17, 3], [18, 12, 19, 11], [20, 1, 21, 2], [22, 17, 23, 18], [24, 5, 1, 6], [2, 21, 3, 22], [4, 16, 5, 15]]"
12a_0101_60,"[[5, 17, 6, 16], [7, 11, 8, 10], [9, 15, 10, 14], [11, 21, 12, 20], [13, 9, 14, 8], [15, 24, 16, 1], [17, 5, 18, 4], [19, 13, 20, 12], [21, 2, 22, 3], [23, 18, 24, 19], [1, 6, 2, 7], [3, 22, 4, 23]]"
12a_0101_61,"[[3, 22, 4, 23], [5, 17, 6, 16], [7, 11, 8, 10], [9, 15, 10, 14], [11, 21, 12, 20], [13, 9, 14, 8], [15, 24, 16, 1], [17, 5, 18, 4], [19, 13, 20, 12], [21, 2, 22, 3], [23, 18, 24, 19], [1, 6, 2, 7]]"
12a_0101_62,"[[1, 6, 2, 7], [3, 22, 4, 23], [5, 17, 6, 16], [7, 11, 8, 10], [9, 15, 10, 14], [11, 21, 12, 20], [13, 9, 14, 8], [15, 24, 16, 1], [17, 5, 18, 4], [19, 13, 20, 12], [21, 2, 22, 3], [23, 18, 24, 19]]"
12a_0101_63,"[[23, 18, 24, 19], [1, 6, 2, 7], [3, 22, 4, 23], [5, 17, 6, 16], [7, 11, 8, 10], [9, 15, 10, 14], [11, 21, 12, 20], [13, 9, 14, 8], [15, 24, 16, 1], [17, 5, 18, 4], [19, 13, 20, 12], [21, 2, 22, 3]]"
12a_0101_64,"[[21, 2, 22, 3], [23, 18, 24, 19], [1, 6, 2, 7], [3, 22, 4, 23], [5, 17, 6, 16], [7, 11, 8, 10], [9, 15, 10, 14], [11, 21, 12, 20], [13, 9, 14, 8], [15, 24, 16, 1], [17, 5, 18, 4], [19, 13, 20, 12]]"
12a_0101_65,"[[19, 13, 20, 12], [21, 2, 22, 3], [23, 18, 24, 19], [1, 6, 2, 7], [3, 22, 4, 23], [5, 17, 6, 16], [7, 11, 8, 10], [9, 15, 10, 14], [11, 21, 12, 20], [13, 9, 14, 8], [15, 24, 16, 1], [17, 5, 18, 4]]"
12a_0101_66,"[[17, 5, 18, 4], [19, 13, 20, 12], [21, 2, 22, 3], [23, 18, 24, 19], [1, 6, 2, 7], [3, 22, 4, 23], [5, 17, 6, 16], [7, 11, 8, 10], [9, 15, 10, 14], [11, 21, 12, 20], [13, 9, 14, 8], [15, 24, 16, 1]]"
12a_0101_67,"[[15, 24, 16, 1], [17, 5, 18, 4], [19, 13, 20, 12], [21, 2, 22, 3], [23, 18, 24, 19], [1, 6, 2, 7], [3, 22, 4, 23], [5, 17, 6, 16], [7, 11, 8, 10], [9, 15, 10, 14], [11, 21, 12, 20], [13, 9, 14, 8]]"
12a_0101_68,"[[13, 9, 14, 8], [15, 24, 16, 1], [17, 5, 18, 4], [19, 13, 20, 12], [21, 2, 22, 3], [23, 18, 24, 19], [1, 6, 2, 7], [3, 22, 4, 23], [5, 17, 6, 16], [7, 11, 8, 10], [9, 15, 10, 14], [11, 21, 12, 20]]"
12a_0101_69,"[[11, 21, 12, 20], [13, 9, 14, 8], [15, 24, 16, 1], [17, 5, 18, 4], [19, 13, 20, 12], [21, 2, 22, 3], [23, 18, 24, 19], [1, 6, 2, 7], [3, 22, 4, 23], [5, 17, 6, 16], [7, 11, 8, 10], [9, 15, 10, 14]]"
12a_0101_70,"[[9, 15, 10, 14], [11, 21, 12, 20], [13, 9, 14, 8], [15, 24, 16, 1], [17, 5, 18, 4], [19, 13, 20, 12], [21, 2, 22, 3], [23, 18, 24, 19], [1, 6, 2, 7], [3, 22, 4, 23], [5, 17, 6, 16], [7, 11, 8, 10]]"
12a_0101_71,"[[7, 11, 8, 10], [9, 15, 10, 14], [11, 21, 12, 20], [13, 9, 14, 8], [15, 24, 16, 1], [17, 5, 18, 4], [19, 13, 20, 12], [21, 2, 22, 3], [23, 18, 24, 19], [1, 6, 2, 7], [3, 22, 4, 23], [5, 17, 6, 16]]"
12a_0101_72,"[[6, 18, 7, 17], [8, 12, 9, 11], [10, 16, 11, 15], [12, 22, 13, 21], [14, 10, 15, 9], [16, 1, 17, 2], [18, 6, 19, 5], [20, 14, 21, 13], [22, 3, 23, 4], [24, 19, 1, 20], [2, 7, 3, 8], [4, 23, 5, 24]]"
12a_0101_73,"[[4, 23, 5, 24], [6, 18, 7, 17], [8, 12, 9, 11], [10, 16, 11, 15], [12, 22, 13, 21], [14, 10, 15, 9], [16, 1, 17, 2], [18, 6, 19, 5], [20, 14, 21, 13], [22, 3, 23, 4], [24, 19, 1, 20], [2, 7, 3, 8]]"
12a_0101_74,"[[2, 7, 3, 8], [4, 23, 5, 24], [6, 18, 7, 17], [8, 12, 9, 11], [10, 16, 11, 15], [12, 22, 13, 21], [14, 10, 15, 9], [16, 1, 17, 2], [18, 6, 19, 5], [20, 14, 21, 13], [22, 3, 23, 4], [24, 19, 1, 20]]"
12a_0101_75,"[[24, 19, 1, 20], [2, 7, 3, 8], [4, 23, 5, 24], [6, 18, 7, 17], [8, 12, 9, 11], [10, 16, 11, 15], [12, 22, 13, 21], [14, 10, 15, 9], [16, 1, 17, 2], [18, 6, 19, 5], [20, 14, 21, 13], [22, 3, 23, 4]]"
12a_0101_76,"[[22, 3, 23, 4], [24, 19, 1, 20], [2, 7, 3, 8], [4, 23, 5, 24], [6, 18, 7, 17], [8, 12, 9, 11], [10, 16, 11, 15], [12, 22, 13, 21], [14, 10, 15, 9], [16, 1, 17, 2], [18, 6, 19, 5], [20, 14, 21, 13]]"
12a_0101_77,"[[20, 14, 21, 13], [22, 3, 23, 4], [24, 19, 1, 20], [2, 7, 3, 8], [4, 23, 5, 24], [6, 18, 7, 17], [8, 12, 9, 11], [10, 16, 11, 15], [12, 22, 13, 21], [14, 10, 15, 9], [16, 1, 17, 2], [18, 6, 19, 5]]"
12a_0101_78,"[[18, 6, 19, 5], [20, 14, 21, 13], [22, 3, 23, 4], [24, 19, 1, 20], [2, 7, 3, 8], [4, 23, 5, 24], [6, 18, 7, 17], [8, 12, 9, 11], [10, 16, 11, 15], [12, 22, 13, 21], [14, 10, 15, 9], [16, 1, 17, 2]]"
12a_0101_79,"[[16, 1, 17, 2], [18, 6, 19, 5], [20, 14, 21, 13], [22, 3, 23, 4], [24, 19, 1, 20], [2, 7, 3, 8], [4, 23, 5, 24], [6, 18, 7, 17], [8, 12, 9, 11], [10, 16, 11, 15], [12, 22, 13, 21], [14, 10, 15, 9]]"
12a_0101_80,"[[14, 10, 15, 9], [16, 1, 17, 2], [18, 6, 19, 5], [20, 14, 21, 13], [22, 3, 23, 4], [24, 19, 1, 20], [2, 7, 3, 8], [4, 23, 5, 24], [6, 18, 7, 17], [8, 12, 9, 11], [10, 16, 11, 15], [12, 22, 13, 21]]"
12a_0101_81,"[[12, 22, 13, 21], [14, 10, 15, 9], [16, 1, 17, 2], [18, 6, 19, 5], [20, 14, 21, 13], [22, 3, 23, 4], [24, 19, 1, 20], [2, 7, 3, 8], [4, 23, 5, 24], [6, 18, 7, 17], [8, 12, 9, 11], [10, 16, 11, 15]]"
12a_0101_82,"[[10, 16, 11, 15], [12, 22, 13, 21], [14, 10, 15, 9], [16, 1, 17, 2], [18, 6, 19, 5], [20, 14, 21, 13], [22, 3, 23, 4], [24, 19, 1, 20], [2, 7, 3, 8], [4, 23, 5, 24], [6, 18, 7, 17], [8, 12, 9, 11]]"
12a_0101_83,"[[8, 12, 9, 11], [10, 16, 11, 15], [12, 22, 13, 21], [14, 10, 15, 9], [16, 1, 17, 2], [18, 6, 19, 5], [20, 14, 21, 13], [22, 3, 23, 4], [24, 19, 1, 20], [2, 7, 3, 8], [4, 23, 5, 24], [6, 18, 7, 17]]"
12a_0101_84,"[[7, 19, 8, 18], [9, 13, 10, 12], [11, 17, 12, 16], [13, 23, 14, 22], [15, 11, 16, 10], [17, 2, 18, 3], [19, 7, 20, 6], [21, 15, 22, 14], [23, 4, 24, 5], [1, 20, 2, 21], [3, 8, 4, 9], [5, 24, 6, 1]]"
12a_0101_85,"[[5, 24, 6, 1], [7, 19, 8, 18], [9, 13, 10, 12], [11, 17, 12, 16], [13, 23, 14, 22], [15, 11, 16, 10], [17, 2, 18, 3], [19, 7, 20, 6], [21, 15, 22, 14], [23, 4, 24, 5], [1, 20, 2, 21], [3, 8, 4, 9]]"
12a_0101_86,"[[3, 8, 4, 9], [5, 24, 6, 1], [7, 19, 8, 18], [9, 13, 10, 12], [11, 17, 12, 16], [13, 23, 14, 22], [15, 11, 16, 10], [17, 2, 18, 3], [19, 7, 20, 6], [21, 15, 22, 14], [23, 4, 24, 5], [1, 20, 2, 21]]"
12a_0101_87,"[[1, 20, 2, 21], [3, 8, 4, 9], [5, 24, 6, 1], [7, 19, 8, 18], [9, 13, 10, 12], [11, 17, 12, 16], [13, 23, 14, 22], [15, 11, 16, 10], [17, 2, 18, 3], [19, 7, 20, 6], [21, 15, 22, 14], [23, 4, 24, 5]]"
12a_0101_88,"[[23, 4, 24, 5], [1, 20, 2, 21], [3, 8, 4, 9], [5, 24, 6, 1], [7, 19, 8, 18], [9, 13, 10, 12], [11, 17, 12, 16], [13, 23, 14, 22], [15, 11, 16, 10], [17, 2, 18, 3], [19, 7, 20, 6], [21, 15, 22, 14]]"
12a_0101_89,"[[21, 15, 22, 14], [23, 4, 24, 5], [1, 20, 2, 21], [3, 8, 4, 9], [5, 24, 6, 1], [7, 19, 8, 18], [9, 13, 10, 12], [11, 17, 12, 16], [13, 23, 14, 22], [15, 11, 16, 10], [17, 2, 18, 3], [19, 7, 20, 6]]"
12a_0101_90,"[[19, 7, 20, 6], [21, 15, 22, 14], [23, 4, 24, 5], [1, 20, 2, 21], [3, 8, 4, 9], [5, 24, 6, 1], [7, 19, 8, 18], [9, 13, 10, 12], [11, 17, 12, 16], [13, 23, 14, 22], [15, 11, 16, 10], [17, 2, 18, 3]]"
12a_0101_91,"[[17, 2, 18, 3], [19, 7, 20, 6], [21, 15, 22, 14], [23, 4, 24, 5], [1, 20, 2, 21], [3, 8, 4, 9], [5, 24, 6, 1], [7, 19, 8, 18], [9, 13, 10, 12], [11, 17, 12, 16], [13, 23, 14, 22], [15, 11, 16, 10]]"
12a_0101_92,"[[15, 11, 16, 10], [17, 2, 18, 3], [19, 7, 20, 6], [21, 15, 22, 14], [23, 4, 24, 5], [1, 20, 2, 21], [3, 8, 4, 9], [5, 24, 6, 1], [7, 19, 8, 18], [9, 13, 10, 12], [11, 17, 12, 16], [13, 23, 14, 22]]"
12a_0101_93,"[[13, 23, 14, 22], [15, 11, 16, 10], [17, 2, 18, 3], [19, 7, 20, 6], [21, 15, 22, 14], [23, 4, 24, 5], [1, 20, 2, 21], [3, 8, 4, 9], [5, 24, 6, 1], [7, 19, 8, 18], [9, 13, 10, 12], [11, 17, 12, 16]]"
12a_0101_94,"[[11, 17, 12, 16], [13, 23, 14, 22], [15, 11, 16, 10], [17, 2, 18, 3], [19, 7, 20, 6], [21, 15, 22, 14], [23, 4, 24, 5], [1, 20, 2, 21], [3, 8, 4, 9], [5, 24, 6, 1], [7, 19, 8, 18], [9, 13, 10, 12]]"
12a_0101_95,"[[9, 13, 10, 12], [11, 17, 12, 16], [13, 23, 14, 22], [15, 11, 16, 10], [17, 2, 18, 3], [19, 7, 20, 6], [21, 15, 22, 14], [23, 4, 24, 5], [1, 20, 2, 21], [3, 8, 4, 9], [5, 24, 6, 1], [7, 19, 8, 18]]"
12a_0101_96,"[[8, 20, 9, 19], [10, 14, 11, 13], [12, 18, 13, 17], [14, 24, 15, 23], [16, 12, 17, 11], [18, 3, 19, 4], [20, 8, 21, 7], [22, 16, 23, 15], [24, 5, 1, 6], [2, 21, 3, 22], [4, 9, 5, 10], [6, 1, 7, 2]]"
12a_0101_97,"[[6, 1, 7, 2], [8, 20, 9, 19], [10, 14, 11, 13], [12, 18, 13, 17], [14, 24, 15, 23], [16, 12, 17, 11], [18, 3, 19, 4], [20, 8, 21, 7], [22, 16, 23, 15], [24, 5, 1, 6], [2, 21, 3, 22], [4, 9, 5, 10]]"
12a_0101_98,"[[4, 9, 5, 10], [6, 1, 7, 2], [8, 20, 9, 19], [10, 14, 11, 13], [12, 18, 13, 17], [14, 24, 15, 23], [16, 12, 17, 11], [18, 3, 19, 4], [20, 8, 21, 7], [22, 16, 23, 15], [24, 5, 1, 6], [2, 21, 3, 22]]"
12a_0101_99,"[[2, 21, 3, 22], [4, 9, 5, 10], [6, 1, 7, 2], [8, 20, 9, 19], [10, 14, 11, 13], [12, 18, 13, 17], [14, 24, 15, 23], [16, 12, 17, 11], [18, 3, 19, 4], [20, 8, 21, 7], [22, 16, 23, 15], [24, 5, 1, 6]]"
12a_0101_100,"[[24, 5, 1, 6], [2, 21, 3, 22], [4, 9, 5, 10], [6, 1, 7, 2], [8, 20, 9, 19], [10, 14, 11, 13], [12, 18, 13, 17], [14, 24, 15, 23], [16, 12, 17, 11], [18, 3, 19, 4], [20, 8, 21, 7], [22, 16, 23, 15]]"
12a_0101_101,"[[22, 16, 23, 15], [24, 5, 1, 6], [2, 21, 3, 22], [4, 9, 5, 10], [6, 1, 7, 2], [8, 20, 9, 19], [10, 14, 11, 13], [12, 18, 13, 17], [14, 24, 15, 23], [16, 12, 17, 11], [18, 3, 19, 4], [20, 8, 21, 7]]"
12a_0101_102,"[[20, 8, 21, 7], [22, 16, 23, 15], [24, 5, 1, 6], [2, 21, 3, 22], [4, 9, 5, 10], [6, 1, 7, 2], [8, 20, 9, 19], [10, 14, 11, 13], [12, 18, 13, 17], [14, 24, 15, 23], [16, 12, 17, 11], [18, 3, 19, 4]]"
12a_0101_103,"[[18, 3, 19, 4], [20, 8, 21, 7], [22, 16, 23, 15], [24, 5, 1, 6], [2, 21, 3, 22], [4, 9, 5, 10], [6, 1, 7, 2], [8, 20, 9, 19], [10, 14, 11, 13], [12, 18, 13, 17], [14, 24, 15, 23], [16, 12, 17, 11]]"
12a_0101_104,"[[16, 12, 17, 11], [18, 3, 19, 4], [20, 8, 21, 7], [22, 16, 23, 15], [24, 5, 1, 6], [2, 21, 3, 22], [4, 9, 5, 10], [6, 1, 7, 2], [8, 20, 9, 19], [10, 14, 11, 13], [12, 18, 13, 17], [14, 24, 15, 23]]"
12a_0101_105,"[[14, 24, 15, 23], [16, 12, 17, 11], [18, 3, 19, 4], [20, 8, 21, 7], [22, 16, 23, 15], [24, 5, 1, 6], [2, 21, 3, 22], [4, 9, 5, 10], [6, 1, 7, 2], [8, 20, 9, 19], [10, 14, 11, 13], [12, 18, 13, 17]]"
12a_0101_106,"[[12, 18, 13, 17], [14, 24, 15, 23], [16, 12, 17, 11], [18, 3, 19, 4], [20, 8, 21, 7], [22, 16, 23, 15], [24, 5, 1, 6], [2, 21, 3, 22], [4, 9, 5, 10], [6, 1, 7, 2], [8, 20, 9, 19], [10, 14, 11, 13]]"
12a_0101_107,"[[10, 14, 11, 13], [12, 18, 13, 17], [14, 24, 15, 23], [16, 12, 17, 11], [18, 3, 19, 4], [20, 8, 21, 7], [22, 16, 23, 15], [24, 5, 1, 6], [2, 21, 3, 22], [4, 9, 5, 10], [6, 1, 7, 2], [8, 20, 9, 19]]"
12a_0101_108,"[[9, 21, 10, 20], [11, 15, 12, 14], [13, 19, 14, 18], [15, 1, 16, 24], [17, 13, 18, 12], [19, 4, 20, 5], [21, 9, 22, 8], [23, 17, 24, 16], [1, 6, 2, 7], [3, 22, 4, 23], [5, 10, 6, 11], [7, 2, 8, 3]]"
12a_0101_109,"[[7, 2, 8, 3], [9, 21, 10, 20], [11, 15, 12, 14], [13, 19, 14, 18], [15, 1, 16, 24], [17, 13, 18, 12], [19, 4, 20, 5], [21, 9, 22, 8], [23, 17, 24, 16], [1, 6, 2, 7], [3, 22, 4, 23], [5, 10, 6, 11]]"
12a_0101_110,"[[5, 10, 6, 11], [7, 2, 8, 3], [9, 21, 10, 20], [11, 15, 12, 14], [13, 19, 14, 18], [15, 1, 16, 24], [17, 13, 18, 12], [19, 4, 20, 5], [21, 9, 22, 8], [23, 17, 24, 16], [1, 6, 2, 7], [3, 22, 4, 23]]"
12a_0101_111,"[[3, 22, 4, 23], [5, 10, 6, 11], [7, 2, 8, 3], [9, 21, 10, 20], [11, 15, 12, 14], [13, 19, 14, 18], [15, 1, 16, 24], [17, 13, 18, 12], [19, 4, 20, 5], [21, 9, 22, 8], [23, 17, 24, 16], [1, 6, 2, 7]]"
12a_0101_112,"[[1, 6, 2, 7], [3, 22, 4, 23], [5, 10, 6, 11], [7, 2, 8, 3], [9, 21, 10, 20], [11, 15, 12, 14], [13, 19, 14, 18], [15, 1, 16, 24], [17, 13, 18, 12], [19, 4, 20, 5], [21, 9, 22, 8], [23, 17, 24, 16]]"
12a_0101_113,"[[23, 17, 24, 16], [1, 6, 2, 7], [3, 22, 4, 23], [5, 10, 6, 11], [7, 2, 8, 3], [9, 21, 10, 20], [11, 15, 12, 14], [13, 19, 14, 18], [15, 1, 16, 24], [17, 13, 18, 12], [19, 4, 20, 5], [21, 9, 22, 8]]"
12a_0101_114,"[[21, 9, 22, 8], [23, 17, 24, 16], [1, 6, 2, 7], [3, 22, 4, 23], [5, 10, 6, 11], [7, 2, 8, 3], [9, 21, 10, 20], [11, 15, 12, 14], [13, 19, 14, 18], [15, 1, 16, 24], [17, 13, 18, 12], [19, 4, 20, 5]]"
12a_0101_115,"[[19, 4, 20, 5], [21, 9, 22, 8], [23, 17, 24, 16], [1, 6, 2, 7], [3, 22, 4, 23], [5, 10, 6, 11], [7, 2, 8, 3], [9, 21, 10, 20], [11, 15, 12, 14], [13, 19, 14, 18], [15, 1, 16, 24], [17, 13, 18, 12]]"
12a_0101_116,"[[17, 13, 18, 12], [19, 4, 20, 5], [21, 9, 22, 8], [23, 17, 24, 16], [1, 6, 2, 7], [3, 22, 4, 23], [5, 10, 6, 11], [7, 2, 8, 3], [9, 21, 10, 20], [11, 15, 12, 14], [13, 19, 14, 18], [15, 1, 16, 24]]"
12a_0101_117,"[[15, 1, 16, 24], [17, 13, 18, 12], [19, 4, 20, 5], [21, 9, 22, 8], [23, 17, 24, 16], [1, 6, 2, 7], [3, 22, 4, 23], [5, 10, 6, 11], [7, 2, 8, 3], [9, 21, 10, 20], [11, 15, 12, 14], [13, 19, 14, 18]]"
12a_0101_118,"[[13, 19, 14, 18], [15, 1, 16, 24], [17, 13, 18, 12], [19, 4, 20, 5], [21, 9, 22, 8], [23, 17, 24, 16], [1, 6, 2, 7], [3, 22, 4, 23], [5, 10, 6, 11], [7, 2, 8, 3], [9, 21, 10, 20], [11, 15, 12, 14]]"
12a_0101_119,"[[11, 15, 12, 14], [13, 19, 14, 18], [15, 1, 16, 24], [17, 13, 18, 12], [19, 4, 20, 5], [21, 9, 22, 8], [23, 17, 24, 16], [1, 6, 2, 7], [3, 22, 4, 23], [5, 10, 6, 11], [7, 2, 8, 3], [9, 21, 10, 20]]"
12a_0101_120,"[[10, 22, 11, 21], [12, 16, 13, 15], [14, 20, 15, 19], [16, 2, 17, 1], [18, 14, 19, 13], [20, 5, 21, 6], [22, 10, 23, 9], [24, 18, 1, 17], [2, 7, 3, 8], [4, 23, 5, 24], [6, 11, 7, 12], [8, 3, 9, 4]]"
12a_0101_121,"[[8, 3, 9, 4], [10, 22, 11, 21], [12, 16, 13, 15], [14, 20, 15, 19], [16, 2, 17, 1], [18, 14, 19, 13], [20, 5, 21, 6], [22, 10, 23, 9], [24, 18, 1, 17], [2, 7, 3, 8], [4, 23, 5, 24], [6, 11, 7, 12]]"
12a_0101_122,"[[6, 11, 7, 12], [8, 3, 9, 4], [10, 22, 11, 21], [12, 16, 13, 15], [14, 20, 15, 19], [16, 2, 17, 1], [18, 14, 19, 13], [20, 5, 21, 6], [22, 10, 23, 9], [24, 18, 1, 17], [2, 7, 3, 8], [4, 23, 5, 24]]"
12a_0101_123,"[[4, 23, 5, 24], [6, 11, 7, 12], [8, 3, 9, 4], [10, 22, 11, 21], [12, 16, 13, 15], [14, 20, 15, 19], [16, 2, 17, 1], [18, 14, 19, 13], [20, 5, 21, 6], [22, 10, 23, 9], [24, 18, 1, 17], [2, 7, 3, 8]]"
12a_0101_124,"[[2, 7, 3, 8], [4, 23, 5, 24], [6, 11, 7, 12], [8, 3, 9, 4], [10, 22, 11, 21], [12, 16, 13, 15], [14, 20, 15, 19], [16, 2, 17, 1], [18, 14, 19, 13], [20, 5, 21, 6], [22, 10, 23, 9], [24, 18, 1, 17]]"
12a_0101_125,"[[24, 18, 1, 17], [2, 7, 3, 8], [4, 23, 5, 24], [6, 11, 7, 12], [8, 3, 9, 4], [10, 22, 11, 21], [12, 16, 13, 15], [14, 20, 15, 19], [16, 2, 17, 1], [18, 14, 19, 13], [20, 5, 21, 6], [22, 10, 23, 9]]"
12a_0101_126,"[[22, 10, 23, 9], [24, 18, 1, 17], [2, 7, 3, 8], [4, 23, 5, 24], [6, 11, 7, 12], [8, 3, 9, 4], [10, 22, 11, 21], [12, 16, 13, 15], [14, 20, 15, 19], [16, 2, 17, 1], [18, 14, 19, 13], [20, 5, 21, 6]]"
12a_0101_127,"[[20, 5, 21, 6], [22, 10, 23, 9], [24, 18, 1, 17], [2, 7, 3, 8], [4, 23, 5, 24], [6, 11, 7, 12], [8, 3, 9, 4], [10, 22, 11, 21], [12, 16, 13, 15], [14, 20, 15, 19], [16, 2, 17, 1], [18, 14, 19, 13]]"
12a_0101_128,"[[18, 14, 19, 13], [20, 5, 21, 6], [22, 10, 23, 9], [24, 18, 1, 17], [2, 7, 3, 8], [4, 23, 5, 24], [6, 11, 7, 12], [8, 3, 9, 4], [10, 22, 11, 21], [12, 16, 13, 15], [14, 20, 15, 19], [16, 2, 17, 1]]"
12a_0101_129,"[[16, 2, 17, 1], [18, 14, 19, 13], [20, 5, 21, 6], [22, 10, 23, 9], [24, 18, 1, 17], [2, 7, 3, 8], [4, 23, 5, 24], [6, 11, 7, 12], [8, 3, 9, 4], [10, 22, 11, 21], [12, 16, 13, 15], [14, 20, 15, 19]]"
12a_0101_130,"[[14, 20, 15, 19], [16, 2, 17, 1], [18, 14, 19, 13], [20, 5, 21, 6], [22, 10, 23, 9], [24, 18, 1, 17], [2, 7, 3, 8], [4, 23, 5, 24], [6, 11, 7, 12], [8, 3, 9, 4], [10, 22, 11, 21], [12, 16, 13, 15]]"
12a_0101_131,"[[12, 16, 13, 15], [14, 20, 15, 19], [16, 2, 17, 1], [18, 14, 19, 13], [20, 5, 21, 6], [22, 10, 23, 9], [24, 18, 1, 17], [2, 7, 3, 8], [4, 23, 5, 24], [6, 11, 7, 12], [8, 3, 9, 4], [10, 22, 11, 21]]"
12a_0101_132,"[[11, 23, 12, 22], [13, 17, 14, 16], [15, 21, 16, 20], [17, 3, 18, 2], [19, 15, 20, 14], [21, 6, 22, 7], [23, 11, 24, 10], [1, 19, 2, 18], [3, 8, 4, 9], [5, 24, 6, 1], [7, 12, 8, 13], [9, 4, 10, 5]]"
12a_0101_133,"[[9, 4, 10, 5], [11, 23, 12, 22], [13, 17, 14, 16], [15, 21, 16, 20], [17, 3, 18, 2], [19, 15, 20, 14], [21, 6, 22, 7], [23, 11, 24, 10], [1, 19, 2, 18], [3, 8, 4, 9], [5, 24, 6, 1], [7, 12, 8, 13]]"
12a_0101_134,"[[7, 12, 8, 13], [9, 4, 10, 5], [11, 23, 12, 22], [13, 17, 14, 16], [15, 21, 16, 20], [17, 3, 18, 2], [19, 15, 20, 14], [21, 6, 22, 7], [23, 11, 24, 10], [1, 19, 2, 18], [3, 8, 4, 9], [5, 24, 6, 1]]"
12a_0101_135,"[[5, 24, 6, 1], [7, 12, 8, 13], [9, 4, 10, 5], [11, 23, 12, 22], [13, 17, 14, 16], [15, 21, 16, 20], [17, 3, 18, 2], [19, 15, 20, 14], [21, 6, 22, 7], [23, 11, 24, 10], [1, 19, 2, 18], [3, 8, 4, 9]]"
12a_0101_136,"[[3, 8, 4, 9], [5, 24, 6, 1], [7, 12, 8, 13], [9, 4, 10, 5], [11, 23, 12, 22], [13, 17, 14, 16], [15, 21, 16, 20], [17, 3, 18, 2], [19, 15, 20, 14], [21, 6, 22, 7], [23, 11, 24, 10], [1, 19, 2, 18]]"
12a_0101_137,"[[1, 19, 2, 18], [3, 8, 4, 9], [5, 24, 6, 1], [7, 12, 8, 13], [9, 4, 10, 5], [11, 23, 12, 22], [13, 17, 14, 16], [15, 21, 16, 20], [17, 3, 18, 2], [19, 15, 20, 14], [21, 6, 22, 7], [23, 11, 24, 10]]"
12a_0101_138,"[[23, 11, 24, 10], [1, 19, 2, 18], [3, 8, 4, 9], [5, 24, 6, 1], [7, 12, 8, 13], [9, 4, 10, 5], [11, 23, 12, 22], [13, 17, 14, 16], [15, 21, 16, 20], [17, 3, 18, 2], [19, 15, 20, 14], [21, 6, 22, 7]]"
12a_0101_139,"[[21, 6, 22, 7], [23, 11, 24, 10], [1, 19, 2, 18], [3, 8, 4, 9], [5, 24, 6, 1], [7, 12, 8, 13], [9, 4, 10, 5], [11, 23, 12, 22], [13, 17, 14, 16], [15, 21, 16, 20], [17, 3, 18, 2], [19, 15, 20, 14]]"
12a_0101_140,"[[19, 15, 20, 14], [21, 6, 22, 7], [23, 11, 24, 10], [1, 19, 2, 18], [3, 8, 4, 9], [5, 24, 6, 1], [7, 12, 8, 13], [9, 4, 10, 5], [11, 23, 12, 22], [13, 17, 14, 16], [15, 21, 16, 20], [17, 3, 18, 2]]"
12a_0101_141,"[[17, 3, 18, 2], [19, 15, 20, 14], [21, 6, 22, 7], [23, 11, 24, 10], [1, 19, 2, 18], [3, 8, 4, 9], [5, 24, 6, 1], [7, 12, 8, 13], [9, 4, 10, 5], [11, 23, 12, 22], [13, 17, 14, 16], [15, 21, 16, 20]]"
12a_0101_142,"[[15, 21, 16, 20], [17, 3, 18, 2], [19, 15, 20, 14], [21, 6, 22, 7], [23, 11, 24, 10], [1, 19, 2, 18], [3, 8, 4, 9], [5, 24, 6, 1], [7, 12, 8, 13], [9, 4, 10, 5], [11, 23, 12, 22], [13, 17, 14, 16]]"
12a_0101_143,"[[13, 17, 14, 16], [15, 21, 16, 20], [17, 3, 18, 2], [19, 15, 20, 14], [21, 6, 22, 7], [23, 11, 24, 10], [1, 19, 2, 18], [3, 8, 4, 9], [5, 24, 6, 1], [7, 12, 8, 13], [9, 4, 10, 5], [11, 23, 12, 22]]"
12a_0101_144,"[[12, 24, 13, 23], [14, 18, 15, 17], [16, 22, 17, 21], [18, 4, 19, 3], [20, 16, 21, 15], [22, 7, 23, 8], [24, 12, 1, 11], [2, 20, 3, 19], [4, 9, 5, 10], [6, 1, 7, 2], [8, 13, 9, 14], [10, 5, 11, 6]]"
12a_0101_145,"[[10, 5, 11, 6], [12, 24, 13, 23], [14, 18, 15, 17], [16, 22, 17, 21], [18, 4, 19, 3], [20, 16, 21, 15], [22, 7, 23, 8], [24, 12, 1, 11], [2, 20, 3, 19], [4, 9, 5, 10], [6, 1, 7, 2], [8, 13, 9, 14]]"
12a_0101_146,"[[8, 13, 9, 14], [10, 5, 11, 6], [12, 24, 13, 23], [14, 18, 15, 17], [16, 22, 17, 21], [18, 4, 19, 3], [20, 16, 21, 15], [22, 7, 23, 8], [24, 12, 1, 11], [2, 20, 3, 19], [4, 9, 5, 10], [6, 1, 7, 2]]"
12a_0101_147,"[[6, 1, 7, 2], [8, 13, 9, 14], [10, 5, 11, 6], [12, 24, 13, 23], [14, 18, 15, 17], [16, 22, 17, 21], [18, 4, 19, 3], [20, 16, 21, 15], [22, 7, 23, 8], [24, 12, 1, 11], [2, 20, 3, 19], [4, 9, 5, 10]]"
12a_0101_148,"[[4, 9, 5, 10], [6, 1, 7, 2], [8, 13, 9, 14], [10, 5, 11, 6], [12, 24, 13, 23], [14, 18, 15, 17], [16, 22, 17, 21], [18, 4, 19, 3], [20, 16, 21, 15], [22, 7, 23, 8], [24, 12, 1, 11], [2, 20, 3, 19]]"
12a_0101_149,"[[2, 20, 3, 19], [4, 9, 5, 10], [6, 1, 7, 2], [8, 13, 9, 14], [10, 5, 11, 6], [12, 24, 13, 23], [14, 18, 15, 17], [16, 22, 17, 21], [18, 4, 19, 3], [20, 16, 21, 15], [22, 7, 23, 8], [24, 12, 1, 11]]"
12a_0101_150,"[[24, 12, 1, 11], [2, 20, 3, 19], [4, 9, 5, 10], [6, 1, 7, 2], [8, 13, 9, 14], [10, 5, 11, 6], [12, 24, 13, 23], [14, 18, 15, 17], [16, 22, 17, 21], [18, 4, 19, 3], [20, 16, 21, 15], [22, 7, 23, 8]]"
12a_0101_151,"[[22, 7, 23, 8], [24, 12, 1, 11], [2, 20, 3, 19], [4, 9, 5, 10], [6, 1, 7, 2], [8, 13, 9, 14], [10, 5, 11, 6], [12, 24, 13, 23], [14, 18, 15, 17], [16, 22, 17, 21], [18, 4, 19, 3], [20, 16, 21, 15]]"
12a_0101_152,"[[20, 16, 21, 15], [22, 7, 23, 8], [24, 12, 1, 11], [2, 20, 3, 19], [4, 9, 5, 10], [6, 1, 7, 2], [8, 13, 9, 14], [10, 5, 11, 6], [12, 24, 13, 23], [14, 18, 15, 17], [16, 22, 17, 21], [18, 4, 19, 3]]"
12a_0101_153,"[[18, 4, 19, 3], [20, 16, 21, 15], [22, 7, 23, 8], [24, 12, 1, 11], [2, 20, 3, 19], [4, 9, 5, 10], [6, 1, 7, 2], [8, 13, 9, 14], [10, 5, 11, 6], [12, 24, 13, 23], [14, 18, 15, 17], [16, 22, 17, 21]]"
12a_0101_154,"[[16, 22, 17, 21], [18, 4, 19, 3], [20, 16, 21, 15], [22, 7, 23, 8], [24, 12, 1, 11], [2, 20, 3, 19], [4, 9, 5, 10], [6, 1, 7, 2], [8, 13, 9, 14], [10, 5, 11, 6], [12, 24, 13, 23], [14, 18, 15, 17]]"
12a_0101_155,"[[14, 18, 15, 17], [16, 22, 17, 21], [18, 4, 19, 3], [20, 16, 21, 15], [22, 7, 23, 8], [24, 12, 1, 11], [2, 20, 3, 19], [4, 9, 5, 10], [6, 1, 7, 2], [8, 13, 9, 14], [10, 5, 11, 6], [12, 24, 13, 23]]"
12a_0101_156,"[[13, 1, 14, 24], [15, 19, 16, 18], [17, 23, 18, 22], [19, 5, 20, 4], [21, 17, 22, 16], [23, 8, 24, 9], [1, 13, 2, 12], [3, 21, 4, 20], [5, 10, 6, 11], [7, 2, 8, 3], [9, 14, 10, 15], [11, 6, 12, 7]]"
12a_0101_157,"[[11, 6, 12, 7], [13, 1, 14, 24], [15, 19, 16, 18], [17, 23, 18, 22], [19, 5, 20, 4], [21, 17, 22, 16], [23, 8, 24, 9], [1, 13, 2, 12], [3, 21, 4, 20], [5, 10, 6, 11], [7, 2, 8, 3], [9, 14, 10, 15]]"
12a_0101_158,"[[9, 14, 10, 15], [11, 6, 12, 7], [13, 1, 14, 24], [15, 19, 16, 18], [17, 23, 18, 22], [19, 5, 20, 4], [21, 17, 22, 16], [23, 8, 24, 9], [1, 13, 2, 12], [3, 21, 4, 20], [5, 10, 6, 11], [7, 2, 8, 3]]"
12a_0101_159,"[[7, 2, 8, 3], [9, 14, 10, 15], [11, 6, 12, 7], [13, 1, 14, 24], [15, 19, 16, 18], [17, 23, 18, 22], [19, 5, 20, 4], [21, 17, 22, 16], [23, 8, 24, 9], [1, 13, 2, 12], [3, 21, 4, 20], [5, 10, 6, 11]]"
12a_0101_160,"[[5, 10, 6, 11], [7, 2, 8, 3], [9, 14, 10, 15], [11, 6, 12, 7], [13, 1, 14, 24], [15, 19, 16, 18], [17, 23, 18, 22], [19, 5, 20, 4], [21, 17, 22, 16], [23, 8, 24, 9], [1, 13, 2, 12], [3, 21, 4, 20]]"
12a_0101_161,"[[3, 21, 4, 20], [5, 10, 6, 11], [7, 2, 8, 3], [9, 14, 10, 15], [11, 6, 12, 7], [13, 1, 14, 24], [15, 19, 16, 18], [17, 23, 18, 22], [19, 5, 20, 4], [21, 17, 22, 16], [23, 8, 24, 9], [1, 13, 2, 12]]"
12a_0101_162,"[[1, 13, 2, 12], [3, 21, 4, 20], [5, 10, 6, 11], [7, 2, 8, 3], [9, 14, 10, 15], [11, 6, 12, 7], [13, 1, 14, 24], [15, 19, 16, 18], [17, 23, 18, 22], [19, 5, 20, 4], [21, 17, 22, 16], [23, 8, 24, 9]]"
12a_0101_163,"[[23, 8, 24, 9], [1, 13, 2, 12], [3, 21, 4, 20], [5, 10, 6, 11], [7, 2, 8, 3], [9, 14, 10, 15], [11, 6, 12, 7], [13, 1, 14, 24], [15, 19, 16, 18], [17, 23, 18, 22], [19, 5, 20, 4], [21, 17, 22, 16]]"
12a_0101_164,"[[21, 17, 22, 16], [23, 8, 24, 9], [1, 13, 2, 12], [3, 21, 4, 20], [5, 10, 6, 11], [7, 2, 8, 3], [9, 14, 10, 15], [11, 6, 12, 7], [13, 1, 14, 24], [15, 19, 16, 18], [17, 23, 18, 22], [19, 5, 20, 4]]"
12a_0101_165,"[[19, 5, 20, 4], [21, 17, 22, 16], [23, 8, 24, 9], [1, 13, 2, 12], [3, 21, 4, 20], [5, 10, 6, 11], [7, 2, 8, 3], [9, 14, 10, 15], [11, 6, 12, 7], [13, 1, 14, 24], [15, 19, 16, 18], [17, 23, 18, 22]]"
12a_0101_166,"[[17, 23, 18, 22], [19, 5, 20, 4], [21, 17, 22, 16], [23, 8, 24, 9], [1, 13, 2, 12], [3, 21, 4, 20], [5, 10, 6, 11], [7, 2, 8, 3], [9, 14, 10, 15], [11, 6, 12, 7], [13, 1, 14, 24], [15, 19, 16, 18]]"
12a_0101_167,"[[15, 19, 16, 18], [17, 23, 18, 22], [19, 5, 20, 4], [21, 17, 22, 16], [23, 8, 24, 9], [1, 13, 2, 12], [3, 21, 4, 20], [5, 10, 6, 11], [7, 2, 8, 3], [9, 14, 10, 15], [11, 6, 12, 7], [13, 1, 14, 24]]"
12a_0101_168,"[[14, 2, 15, 1], [16, 20, 17, 19], [18, 24, 19, 23], [20, 6, 21, 5], [22, 18, 23, 17], [24, 9, 1, 10], [2, 14, 3, 13], [4, 22, 5, 21], [6, 11, 7, 12], [8, 3, 9, 4], [10, 15, 11, 16], [12, 7, 13, 8]]"
12a_0101_169,"[[12, 7, 13, 8], [14, 2, 15, 1], [16, 20, 17, 19], [18, 24, 19, 23], [20, 6, 21, 5], [22, 18, 23, 17], [24, 9, 1, 10], [2, 14, 3, 13], [4, 22, 5, 21], [6, 11, 7, 12], [8, 3, 9, 4], [10, 15, 11, 16]]"
12a_0101_170,"[[10, 15, 11, 16], [12, 7, 13, 8], [14, 2, 15, 1], [16, 20, 17, 19], [18, 24, 19, 23], [20, 6, 21, 5], [22, 18, 23, 17], [24, 9, 1, 10], [2, 14, 3, 13], [4, 22, 5, 21], [6, 11, 7, 12], [8, 3, 9, 4]]"
12a_0101_171,"[[8, 3, 9, 4], [10, 15, 11, 16], [12, 7, 13, 8], [14, 2, 15, 1], [16, 20, 17, 19], [18, 24, 19, 23], [20, 6, 21, 5], [22, 18, 23, 17], [24, 9, 1, 10], [2, 14, 3, 13], [4, 22, 5, 21], [6, 11, 7, 12]]"
12a_0101_172,"[[6, 11, 7, 12], [8, 3, 9, 4], [10, 15, 11, 16], [12, 7, 13, 8], [14, 2, 15, 1], [16, 20, 17, 19], [18, 24, 19, 23], [20, 6, 21, 5], [22, 18, 23, 17], [24, 9, 1, 10], [2, 14, 3, 13], [4, 22, 5, 21]]"
12a_0101_173,"[[4, 22, 5, 21], [6, 11, 7, 12], [8, 3, 9, 4], [10, 15, 11, 16], [12, 7, 13, 8], [14, 2, 15, 1], [16, 20, 17, 19], [18, 24, 19, 23], [20, 6, 21, 5], [22, 18, 23, 17], [24, 9, 1, 10], [2, 14, 3, 13]]"
12a_0101_174,"[[2, 14, 3, 13], [4, 22, 5, 21], [6, 11, 7, 12], [8, 3, 9, 4], [10, 15, 11, 16], [12, 7, 13, 8], [14, 2, 15, 1], [16, 20, 17, 19], [18, 24, 19, 23], [20, 6, 21, 5], [22, 18, 23, 17], [24, 9, 1, 10]]"
12a_0101_175,"[[24, 9, 1, 10], [2, 14, 3, 13], [4, 22, 5, 21], [6, 11, 7, 12], [8, 3, 9, 4], [10, 15, 11, 16], [12, 7, 13, 8], [14, 2, 15, 1], [16, 20, 17, 19], [18, 24, 19, 23], [20, 6, 21, 5], [22, 18, 23, 17]]"
12a_0101_176,"[[22, 18, 23, 17], [24, 9, 1, 10], [2, 14, 3, 13], [4, 22, 5, 21], [6, 11, 7, 12], [8, 3, 9, 4], [10, 15, 11, 16], [12, 7, 13, 8], [14, 2, 15, 1], [16, 20, 17, 19], [18, 24, 19, 23], [20, 6, 21, 5]]"
12a_0101_177,"[[20, 6, 21, 5], [22, 18, 23, 17], [24, 9, 1, 10], [2, 14, 3, 13], [4, 22, 5, 21], [6, 11, 7, 12], [8, 3, 9, 4], [10, 15, 11, 16], [12, 7, 13, 8], [14, 2, 15, 1], [16, 20, 17, 19], [18, 24, 19, 23]]"
12a_0101_178,"[[18, 24, 19, 23], [20, 6, 21, 5], [22, 18, 23, 17], [24, 9, 1, 10], [2, 14, 3, 13], [4, 22, 5, 21], [6, 11, 7, 12], [8, 3, 9, 4], [10, 15, 11, 16], [12, 7, 13, 8], [14, 2, 15, 1], [16, 20, 17, 19]]"
12a_0101_179,"[[16, 20, 17, 19], [18, 24, 19, 23], [20, 6, 21, 5], [22, 18, 23, 17], [24, 9, 1, 10], [2, 14, 3, 13], [4, 22, 5, 21], [6, 11, 7, 12], [8, 3, 9, 4], [10, 15, 11, 16], [12, 7, 13, 8], [14, 2, 15, 1]]"
12a_0101_180,"[[15, 3, 16, 2], [17, 21, 18, 20], [19, 1, 20, 24], [21, 7, 22, 6], [23, 19, 24, 18], [1, 10, 2, 11], [3, 15, 4, 14], [5, 23, 6, 22], [7, 12, 8, 13], [9, 4, 10, 5], [11, 16, 12, 17], [13, 8, 14, 9]]"
12a_0101_181,"[[13, 8, 14, 9], [15, 3, 16, 2], [17, 21, 18, 20], [19, 1, 20, 24], [21, 7, 22, 6], [23, 19, 24, 18], [1, 10, 2, 11], [3, 15, 4, 14], [5, 23, 6, 22], [7, 12, 8, 13], [9, 4, 10, 5], [11, 16, 12, 17]]"
12a_0101_182,"[[11, 16, 12, 17], [13, 8, 14, 9], [15, 3, 16, 2], [17, 21, 18, 20], [19, 1, 20, 24], [21, 7, 22, 6], [23, 19, 24, 18], [1, 10, 2, 11], [3, 15, 4, 14], [5, 23, 6, 22], [7, 12, 8, 13], [9, 4, 10, 5]]"
12a_0101_183,"[[9, 4, 10, 5], [11, 16, 12, 17], [13, 8, 14, 9], [15, 3, 16, 2], [17, 21, 18, 20], [19, 1, 20, 24], [21, 7, 22, 6], [23, 19, 24, 18], [1, 10, 2, 11], [3, 15, 4, 14], [5, 23, 6, 22], [7, 12, 8, 13]]"
12a_0101_184,"[[7, 12, 8, 13], [9, 4, 10, 5], [11, 16, 12, 17], [13, 8, 14, 9], [15, 3, 16, 2], [17, 21, 18, 20], [19, 1, 20, 24], [21, 7, 22, 6], [23, 19, 24, 18], [1, 10, 2, 11], [3, 15, 4, 14], [5, 23, 6, 22]]"
12a_0101_185,"[[5, 23, 6, 22], [7, 12, 8, 13], [9, 4, 10, 5], [11, 16, 12, 17], [13, 8, 14, 9], [15, 3, 16, 2], [17, 21, 18, 20], [19, 1, 20, 24], [21, 7, 22, 6], [23, 19, 24, 18], [1, 10, 2, 11], [3, 15, 4, 14]]"
