name,pd_notation
12a_1271_0,"[[24, 11, 1, 12], [2, 10, 3, 9], [4, 13, 5, 14], [6, 22, 7, 21], [8, 20, 9, 19], [10, 17, 11, 18], [12, 23, 13, 24], [14, 5, 15, 6], [16, 1, 17, 2], [18, 4, 19, 3], [20, 8, 21, 7], [22, 15, 23, 16]]"
12a_1271_1,"[[22, 15, 23, 16], [24, 11, 1, 12], [2, 10, 3, 9], [4, 13, 5, 14], [6, 22, 7, 21], [8, 20, 9, 19], [10, 17, 11, 18], [12, 23, 13, 24], [14, 5, 15, 6], [16, 1, 17, 2], [18, 4, 19, 3], [20, 8, 21, 7]]"
12a_1271_2,"[[20, 8, 21, 7], [22, 15, 23, 16], [24, 11, 1, 12], [2, 10, 3, 9], [4, 13, 5, 14], [6, 22, 7, 21], [8, 20, 9, 19], [10, 17, 11, 18], [12, 23, 13, 24], [14, 5, 15, 6], [16, 1, 17, 2], [18, 4, 19, 3]]"
12a_1271_3,"[[18, 4, 19, 3], [20, 8, 21, 7], [22, 15, 23, 16], [24, 11, 1, 12], [2, 10, 3, 9], [4, 13, 5, 14], [6, 22, 7, 21], [8, 20, 9, 19], [10, 17, 11, 18], [12, 23, 13, 24], [14, 5, 15, 6], [16, 1, 17, 2]]"
12a_1271_4,"[[16, 1, 17, 2], [18, 4, 19, 3], [20, 8, 21, 7], [22, 15, 23, 16], [24, 11, 1, 12], [2, 10, 3, 9], [4, 13, 5, 14], [6, 22, 7, 21], [8, 20, 9, 19], [10, 17, 11, 18], [12, 23, 13, 24], [14, 5, 15, 6]]"
12a_1271_5,"[[14, 5, 15, 6], [16, 1, 17, 2], [18, 4, 19, 3], [20, 8, 21, 7], [22, 15, 23, 16], [24, 11, 1, 12], [2, 10, 3, 9], [4, 13, 5, 14], [6, 22, 7, 21], [8, 20, 9, 19], [10, 17, 11, 18], [12, 23, 13, 24]]"
12a_1271_6,"[[12, 23, 13, 24], [14, 5, 15, 6], [16, 1, 17, 2], [18, 4, 19, 3], [20, 8, 21, 7], [22, 15, 23, 16], [24, 11, 1, 12], [2, 10, 3, 9], [4, 13, 5, 14], [6, 22, 7, 21], [8, 20, 9, 19], [10, 17, 11, 18]]"
12a_1271_7,"[[10, 17, 11, 18], [12, 23, 13, 24], [14, 5, 15, 6], [16, 1, 17, 2], [18, 4, 19, 3], [20, 8, 21, 7], [22, 15, 23, 16], [24, 11, 1, 12], [2, 10, 3, 9], [4, 13, 5, 14], [6, 22, 7, 21], [8, 20, 9, 19]]"
12a_1271_8,"[[8, 20, 9, 19], [10, 17, 11, 18], [12, 23, 13, 24], [14, 5, 15, 6], [16, 1, 17, 2], [18, 4, 19, 3], [20, 8, 21, 7], [22, 15, 23, 16], [24, 11, 1, 12], [2, 10, 3, 9], [4, 13, 5, 14], [6, 22, 7, 21]]"
12a_1271_9,"[[6, 22, 7, 21], [8, 20, 9, 19], [10, 17, 11, 18], [12, 23, 13, 24], [14, 5, 15, 6], [16, 1, 17, 2], [18, 4, 19, 3], [20, 8, 21, 7], [22, 15, 23, 16], [24, 11, 1, 12], [2, 10, 3, 9], [4, 13, 5, 14]]"
12a_1271_10,"[[4, 13, 5, 14], [6, 22, 7, 21], [8, 20, 9, 19], [10, 17, 11, 18], [12, 23, 13, 24], [14, 5, 15, 6], [16, 1, 17, 2], [18, 4, 19, 3], [20, 8, 21, 7], [22, 15, 23, 16], [24, 11, 1, 12], [2, 10, 3, 9]]"
12a_1271_11,"[[2, 10, 3, 9], [4, 13, 5, 14], [6, 22, 7, 21], [8, 20, 9, 19], [10, 17, 11, 18], [12, 23, 13, 24], [14, 5, 15, 6], [16, 1, 17, 2], [18, 4, 19, 3], [20, 8, 21, 7], [22, 15, 23, 16], [24, 11, 1, 12]]"
12a_1271_12,"[[1, 12, 2, 13], [3, 11, 4, 10], [5, 14, 6, 15], [7, 23, 8, 22], [9, 21, 10, 20], [11, 18, 12, 19], [13, 24, 14, 1], [15, 6, 16, 7], [17, 2, 18, 3], [19, 5, 20, 4], [21, 9, 22, 8], [23, 16, 24, 17]]"
12a_1271_13,"[[23, 16, 24, 17], [1, 12, 2, 13], [3, 11, 4, 10], [5, 14, 6, 15], [7, 23, 8, 22], [9, 21, 10, 20], [11, 18, 12, 19], [13, 24, 14, 1], [15, 6, 16, 7], [17, 2, 18, 3], [19, 5, 20, 4], [21, 9, 22, 8]]"
12a_1271_14,"[[21, 9, 22, 8], [23, 16, 24, 17], [1, 12, 2, 13], [3, 11, 4, 10], [5, 14, 6, 15], [7, 23, 8, 22], [9, 21, 10, 20], [11, 18, 12, 19], [13, 24, 14, 1], [15, 6, 16, 7], [17, 2, 18, 3], [19, 5, 20, 4]]"
12a_1271_15,"[[19, 5, 20, 4], [21, 9, 22, 8], [23, 16, 24, 17], [1, 12, 2, 13], [3, 11, 4, 10], [5, 14, 6, 15], [7, 23, 8, 22], [9, 21, 10, 20], [11, 18, 12, 19], [13, 24, 14, 1], [15, 6, 16, 7], [17, 2, 18, 3]]"
12a_1271_16,"[[17, 2, 18, 3], [19, 5, 20, 4], [21, 9, 22, 8], [23, 16, 24, 17], [1, 12, 2, 13], [3, 11, 4, 10], [5, 14, 6, 15], [7, 23, 8, 22], [9, 21, 10, 20], [11, 18, 12, 19], [13, 24, 14, 1], [15, 6, 16, 7]]"
12a_1271_17,"[[15, 6, 16, 7], [17, 2, 18, 3], [19, 5, 20, 4], [21, 9, 22, 8], [23, 16, 24, 17], [1, 12, 2, 13], [3, 11, 4, 10], [5, 14, 6, 15], [7, 23, 8, 22], [9, 21, 10, 20], [11, 18, 12, 19], [13, 24, 14, 1]]"
12a_1271_18,"[[13, 24, 14, 1], [15, 6, 16, 7], [17, 2, 18, 3], [19, 5, 20, 4], [21, 9, 22, 8], [23, 16, 24, 17], [1, 12, 2, 13], [3, 11, 4, 10], [5, 14, 6, 15], [7, 23, 8, 22], [9, 21, 10, 20], [11, 18, 12, 19]]"
12a_1271_19,"[[11, 18, 12, 19], [13, 24, 14, 1], [15, 6, 16, 7], [17, 2, 18, 3], [19, 5, 20, 4], [21, 9, 22, 8], [23, 16, 24, 17], [1, 12, 2, 13], [3, 11, 4, 10], [5, 14, 6, 15], [7, 23, 8, 22], [9, 21, 10, 20]]"
12a_1271_20,"[[9, 21, 10, 20], [11, 18, 12, 19], [13, 24, 14, 1], [15, 6, 16, 7], [17, 2, 18, 3], [19, 5, 20, 4], [21, 9, 22, 8], [23, 16, 24, 17], [1, 12, 2, 13], [3, 11, 4, 10], [5, 14, 6, 15], [7, 23, 8, 22]]"
12a_1271_21,"[[7, 23, 8, 22], [9, 21, 10, 20], [11, 18, 12, 19], [13, 24, 14, 1], [15, 6, 16, 7], [17, 2, 18, 3], [19, 5, 20, 4], [21, 9, 22, 8], [23, 16, 24, 17], [1, 12, 2, 13], [3, 11, 4, 10], [5, 14, 6, 15]]"
12a_1271_22,"[[5, 14, 6, 15], [7, 23, 8, 22], [9, 21, 10, 20], [11, 18, 12, 19], [13, 24, 14, 1], [15, 6, 16, 7], [17, 2, 18, 3], [19, 5, 20, 4], [21, 9, 22, 8], [23, 16, 24, 17], [1, 12, 2, 13], [3, 11, 4, 10]]"
12a_1271_23,"[[3, 11, 4, 10], [5, 14, 6, 15], [7, 23, 8, 22], [9, 21, 10, 20], [11, 18, 12, 19], [13, 24, 14, 1], [15, 6, 16, 7], [17, 2, 18, 3], [19, 5, 20, 4], [21, 9, 22, 8], [23, 16, 24, 17], [1, 12, 2, 13]]"
12a_1271_24,"[[2, 13, 3, 14], [4, 12, 5, 11], [6, 15, 7, 16], [8, 24, 9, 23], [10, 22, 11, 21], [12, 19, 13, 20], [14, 1, 15, 2], [16, 7, 17, 8], [18, 3, 19, 4], [20, 6, 21, 5], [22, 10, 23, 9], [24, 17, 1, 18]]"
12a_1271_25,"[[24, 17, 1, 18], [2, 13, 3, 14], [4, 12, 5, 11], [6, 15, 7, 16], [8, 24, 9, 23], [10, 22, 11, 21], [12, 19, 13, 20], [14, 1, 15, 2], [16, 7, 17, 8], [18, 3, 19, 4], [20, 6, 21, 5], [22, 10, 23, 9]]"
12a_1271_26,"[[22, 10, 23, 9], [24, 17, 1, 18], [2, 13, 3, 14], [4, 12, 5, 11], [6, 15, 7, 16], [8, 24, 9, 23], [10, 22, 11, 21], [12, 19, 13, 20], [14, 1, 15, 2], [16, 7, 17, 8], [18, 3, 19, 4], [20, 6, 21, 5]]"
12a_1271_27,"[[20, 6, 21, 5], [22, 10, 23, 9], [24, 17, 1, 18], [2, 13, 3, 14], [4, 12, 5, 11], [6, 15, 7, 16], [8, 24, 9, 23], [10, 22, 11, 21], [12, 19, 13, 20], [14, 1, 15, 2], [16, 7, 17, 8], [18, 3, 19, 4]]"
12a_1271_28,"[[18, 3, 19, 4], [20, 6, 21, 5], [22, 10, 23, 9], [24, 17, 1, 18], [2, 13, 3, 14], [4, 12, 5, 11], [6, 15, 7, 16], [8, 24, 9, 23], [10, 22, 11, 21], [12, 19, 13, 20], [14, 1, 15, 2], [16, 7, 17, 8]]"
12a_1271_29,"[[16, 7, 17, 8], [18, 3, 19, 4], [20, 6, 21, 5], [22, 10, 23, 9], [24, 17, 1, 18], [2, 13, 3, 14], [4, 12, 5, 11], [6, 15, 7, 16], [8, 24, 9, 23], [10, 22, 11, 21], [12, 19, 13, 20], [14, 1, 15, 2]]"
12a_1271_30,"[[14, 1, 15, 2], [16, 7, 17, 8], [18, 3, 19, 4], [20, 6, 21, 5], [22, 10, 23, 9], [24, 17, 1, 18], [2, 13, 3, 14], [4, 12, 5, 11], [6, 15, 7, 16], [8, 24, 9, 23], [10, 22, 11, 21], [12, 19, 13, 20]]"
12a_1271_31,"[[12, 19, 13, 20], [14, 1, 15, 2], [16, 7, 17, 8], [18, 3, 19, 4], [20, 6, 21, 5], [22, 10, 23, 9], [24, 17, 1, 18], [2, 13, 3, 14], [4, 12, 5, 11], [6, 15, 7, 16], [8, 24, 9, 23], [10, 22, 11, 21]]"
12a_1271_32,"[[10, 22, 11, 21], [12, 19, 13, 20], [14, 1, 15, 2], [16, 7, 17, 8], [18, 3, 19, 4], [20, 6, 21, 5], [22, 10, 23, 9], [24, 17, 1, 18], [2, 13, 3, 14], [4, 12, 5, 11], [6, 15, 7, 16], [8, 24, 9, 23]]"
12a_1271_33,"[[8, 24, 9, 23], [10, 22, 11, 21], [12, 19, 13, 20], [14, 1, 15, 2], [16, 7, 17, 8], [18, 3, 19, 4], [20, 6, 21, 5], [22, 10, 23, 9], [24, 17, 1, 18], [2, 13, 3, 14], [4, 12, 5, 11], [6, 15, 7, 16]]"
12a_1271_34,"[[6, 15, 7, 16], [8, 24, 9, 23], [10, 22, 11, 21], [12, 19, 13, 20], [14, 1, 15, 2], [16, 7, 17, 8], [18, 3, 19, 4], [20, 6, 21, 5], [22, 10, 23, 9], [24, 17, 1, 18], [2, 13, 3, 14], [4, 12, 5, 11]]"
12a_1271_35,"[[4, 12, 5, 11], [6, 15, 7, 16], [8, 24, 9, 23], [10, 22, 11, 21], [12, 19, 13, 20], [14, 1, 15, 2], [16, 7, 17, 8], [18, 3, 19, 4], [20, 6, 21, 5], [22, 10, 23, 9], [24, 17, 1, 18], [2, 13, 3, 14]]"
12a_1271_36,"[[3, 14, 4, 15], [5, 13, 6, 12], [7, 16, 8, 17], [9, 1, 10, 24], [11, 23, 12, 22], [13, 20, 14, 21], [15, 2, 16, 3], [17, 8, 18, 9], [19, 4, 20, 5], [21, 7, 22, 6], [23, 11, 24, 10], [1, 18, 2, 19]]"
12a_1271_37,"[[1, 18, 2, 19], [3, 14, 4, 15], [5, 13, 6, 12], [7, 16, 8, 17], [9, 1, 10, 24], [11, 23, 12, 22], [13, 20, 14, 21], [15, 2, 16, 3], [17, 8, 18, 9], [19, 4, 20, 5], [21, 7, 22, 6], [23, 11, 24, 10]]"
12a_1271_38,"[[23, 11, 24, 10], [1, 18, 2, 19], [3, 14, 4, 15], [5, 13, 6, 12], [7, 16, 8, 17], [9, 1, 10, 24], [11, 23, 12, 22], [13, 20, 14, 21], [15, 2, 16, 3], [17, 8, 18, 9], [19, 4, 20, 5], [21, 7, 22, 6]]"
12a_1271_39,"[[21, 7, 22, 6], [23, 11, 24, 10], [1, 18, 2, 19], [3, 14, 4, 15], [5, 13, 6, 12], [7, 16, 8, 17], [9, 1, 10, 24], [11, 23, 12, 22], [13, 20, 14, 21], [15, 2, 16, 3], [17, 8, 18, 9], [19, 4, 20, 5]]"
12a_1271_40,"[[19, 4, 20, 5], [21, 7, 22, 6], [23, 11, 24, 10], [1, 18, 2, 19], [3, 14, 4, 15], [5, 13, 6, 12], [7, 16, 8, 17], [9, 1, 10, 24], [11, 23, 12, 22], [13, 20, 14, 21], [15, 2, 16, 3], [17, 8, 18, 9]]"
12a_1271_41,"[[17, 8, 18, 9], [19, 4, 20, 5], [21, 7, 22, 6], [23, 11, 24, 10], [1, 18, 2, 19], [3, 14, 4, 15], [5, 13, 6, 12], [7, 16, 8, 17], [9, 1, 10, 24], [11, 23, 12, 22], [13, 20, 14, 21], [15, 2, 16, 3]]"
12a_1271_42,"[[15, 2, 16, 3], [17, 8, 18, 9], [19, 4, 20, 5], [21, 7, 22, 6], [23, 11, 24, 10], [1, 18, 2, 19], [3, 14, 4, 15], [5, 13, 6, 12], [7, 16, 8, 17], [9, 1, 10, 24], [11, 23, 12, 22], [13, 20, 14, 21]]"
12a_1271_43,"[[13, 20, 14, 21], [15, 2, 16, 3], [17, 8, 18, 9], [19, 4, 20, 5], [21, 7, 22, 6], [23, 11, 24, 10], [1, 18, 2, 19], [3, 14, 4, 15], [5, 13, 6, 12], [7, 16, 8, 17], [9, 1, 10, 24], [11, 23, 12, 22]]"
12a_1271_44,"[[11, 23, 12, 22], [13, 20, 14, 21], [15, 2, 16, 3], [17, 8, 18, 9], [19, 4, 20, 5], [21, 7, 22, 6], [23, 11, 24, 10], [1, 18, 2, 19], [3, 14, 4, 15], [5, 13, 6, 12], [7, 16, 8, 17], [9, 1, 10, 24]]"
12a_1271_45,"[[9, 1, 10, 24], [11, 23, 12, 22], [13, 20, 14, 21], [15, 2, 16, 3], [17, 8, 18, 9], [19, 4, 20, 5], [21, 7, 22, 6], [23, 11, 24, 10], [1, 18, 2, 19], [3, 14, 4, 15], [5, 13, 6, 12], [7, 16, 8, 17]]"
12a_1271_46,"[[7, 16, 8, 17], [9, 1, 10, 24], [11, 23, 12, 22], [13, 20, 14, 21], [15, 2, 16, 3], [17, 8, 18, 9], [19, 4, 20, 5], [21, 7, 22, 6], [23, 11, 24, 10], [1, 18, 2, 19], [3, 14, 4, 15], [5, 13, 6, 12]]"
12a_1271_47,"[[5, 13, 6, 12], [7, 16, 8, 17], [9, 1, 10, 24], [11, 23, 12, 22], [13, 20, 14, 21], [15, 2, 16, 3], [17, 8, 18, 9], [19, 4, 20, 5], [21, 7, 22, 6], [23, 11, 24, 10], [1, 18, 2, 19], [3, 14, 4, 15]]"
12a_1271_48,"[[4, 15, 5, 16], [6, 14, 7, 13], [8, 17, 9, 18], [10, 2, 11, 1], [12, 24, 13, 23], [14, 21, 15, 22], [16, 3, 17, 4], [18, 9, 19, 10], [20, 5, 21, 6], [22, 8, 23, 7], [24, 12, 1, 11], [2, 19, 3, 20]]"
12a_1271_49,"[[2, 19, 3, 20], [4, 15, 5, 16], [6, 14, 7, 13], [8, 17, 9, 18], [10, 2, 11, 1], [12, 24, 13, 23], [14, 21, 15, 22], [16, 3, 17, 4], [18, 9, 19, 10], [20, 5, 21, 6], [22, 8, 23, 7], [24, 12, 1, 11]]"
12a_1271_50,"[[24, 12, 1, 11], [2, 19, 3, 20], [4, 15, 5, 16], [6, 14, 7, 13], [8, 17, 9, 18], [10, 2, 11, 1], [12, 24, 13, 23], [14, 21, 15, 22], [16, 3, 17, 4], [18, 9, 19, 10], [20, 5, 21, 6], [22, 8, 23, 7]]"
12a_1271_51,"[[22, 8, 23, 7], [24, 12, 1, 11], [2, 19, 3, 20], [4, 15, 5, 16], [6, 14, 7, 13], [8, 17, 9, 18], [10, 2, 11, 1], [12, 24, 13, 23], [14, 21, 15, 22], [16, 3, 17, 4], [18, 9, 19, 10], [20, 5, 21, 6]]"
12a_1271_52,"[[20, 5, 21, 6], [22, 8, 23, 7], [24, 12, 1, 11], [2, 19, 3, 20], [4, 15, 5, 16], [6, 14, 7, 13], [8, 17, 9, 18], [10, 2, 11, 1], [12, 24, 13, 23], [14, 21, 15, 22], [16, 3, 17, 4], [18, 9, 19, 10]]"
12a_1271_53,"[[18, 9, 19, 10], [20, 5, 21, 6], [22, 8, 23, 7], [24, 12, 1, 11], [2, 19, 3, 20], [4, 15, 5, 16], [6, 14, 7, 13], [8, 17, 9, 18], [10, 2, 11, 1], [12, 24, 13, 23], [14, 21, 15, 22], [16, 3, 17, 4]]"
12a_1271_54,"[[16, 3, 17, 4], [18, 9, 19, 10], [20, 5, 21, 6], [22, 8, 23, 7], [24, 12, 1, 11], [2, 19, 3, 20], [4, 15, 5, 16], [6, 14, 7, 13], [8, 17, 9, 18], [10, 2, 11, 1], [12, 24, 13, 23], [14, 21, 15, 22]]"
12a_1271_55,"[[14, 21, 15, 22], [16, 3, 17, 4], [18, 9, 19, 10], [20, 5, 21, 6], [22, 8, 23, 7], [24, 12, 1, 11], [2, 19, 3, 20], [4, 15, 5, 16], [6, 14, 7, 13], [8, 17, 9, 18], [10, 2, 11, 1], [12, 24, 13, 23]]"
12a_1271_56,"[[12, 24, 13, 23], [14, 21, 15, 22], [16, 3, 17, 4], [18, 9, 19, 10], [20, 5, 21, 6], [22, 8, 23, 7], [24, 12, 1, 11], [2, 19, 3, 20], [4, 15, 5, 16], [6, 14, 7, 13], [8, 17, 9, 18], [10, 2, 11, 1]]"
12a_1271_57,"[[10, 2, 11, 1], [12, 24, 13, 23], [14, 21, 15, 22], [16, 3, 17, 4], [18, 9, 19, 10], [20, 5, 21, 6], [22, 8, 23, 7], [24, 12, 1, 11], [2, 19, 3, 20], [4, 15, 5, 16], [6, 14, 7, 13], [8, 17, 9, 18]]"
12a_1271_58,"[[8, 17, 9, 18], [10, 2, 11, 1], [12, 24, 13, 23], [14, 21, 15, 22], [16, 3, 17, 4], [18, 9, 19, 10], [20, 5, 21, 6], [22, 8, 23, 7], [24, 12, 1, 11], [2, 19, 3, 20], [4, 15, 5, 16], [6, 14, 7, 13]]"
12a_1271_59,"[[6, 14, 7, 13], [8, 17, 9, 18], [10, 2, 11, 1], [12, 24, 13, 23], [14, 21, 15, 22], [16, 3, 17, 4], [18, 9, 19, 10], [20, 5, 21, 6], [22, 8, 23, 7], [24, 12, 1, 11], [2, 19, 3, 20], [4, 15, 5, 16]]"
12a_1271_60,"[[5, 16, 6, 17], [7, 15, 8, 14], [9, 18, 10, 19], [11, 3, 12, 2], [13, 1, 14, 24], [15, 22, 16, 23], [17, 4, 18, 5], [19, 10, 20, 11], [21, 6, 22, 7], [23, 9, 24, 8], [1, 13, 2, 12], [3, 20, 4, 21]]"
12a_1271_61,"[[3, 20, 4, 21], [5, 16, 6, 17], [7, 15, 8, 14], [9, 18, 10, 19], [11, 3, 12, 2], [13, 1, 14, 24], [15, 22, 16, 23], [17, 4, 18, 5], [19, 10, 20, 11], [21, 6, 22, 7], [23, 9, 24, 8], [1, 13, 2, 12]]"
12a_1271_62,"[[1, 13, 2, 12], [3, 20, 4, 21], [5, 16, 6, 17], [7, 15, 8, 14], [9, 18, 10, 19], [11, 3, 12, 2], [13, 1, 14, 24], [15, 22, 16, 23], [17, 4, 18, 5], [19, 10, 20, 11], [21, 6, 22, 7], [23, 9, 24, 8]]"
12a_1271_63,"[[23, 9, 24, 8], [1, 13, 2, 12], [3, 20, 4, 21], [5, 16, 6, 17], [7, 15, 8, 14], [9, 18, 10, 19], [11, 3, 12, 2], [13, 1, 14, 24], [15, 22, 16, 23], [17, 4, 18, 5], [19, 10, 20, 11], [21, 6, 22, 7]]"
12a_1271_64,"[[21, 6, 22, 7], [23, 9, 24, 8], [1, 13, 2, 12], [3, 20, 4, 21], [5, 16, 6, 17], [7, 15, 8, 14], [9, 18, 10, 19], [11, 3, 12, 2], [13, 1, 14, 24], [15, 22, 16, 23], [17, 4, 18, 5], [19, 10, 20, 11]]"
12a_1271_65,"[[19, 10, 20, 11], [21, 6, 22, 7], [23, 9, 24, 8], [1, 13, 2, 12], [3, 20, 4, 21], [5, 16, 6, 17], [7, 15, 8, 14], [9, 18, 10, 19], [11, 3, 12, 2], [13, 1, 14, 24], [15, 22, 16, 23], [17, 4, 18, 5]]"
12a_1271_66,"[[17, 4, 18, 5], [19, 10, 20, 11], [21, 6, 22, 7], [23, 9, 24, 8], [1, 13, 2, 12], [3, 20, 4, 21], [5, 16, 6, 17], [7, 15, 8, 14], [9, 18, 10, 19], [11, 3, 12, 2], [13, 1, 14, 24], [15, 22, 16, 23]]"
12a_1271_67,"[[15, 22, 16, 23], [17, 4, 18, 5], [19, 10, 20, 11], [21, 6, 22, 7], [23, 9, 24, 8], [1, 13, 2, 12], [3, 20, 4, 21], [5, 16, 6, 17], [7, 15, 8, 14], [9, 18, 10, 19], [11, 3, 12, 2], [13, 1, 14, 24]]"
12a_1271_68,"[[13, 1, 14, 24], [15, 22, 16, 23], [17, 4, 18, 5], [19, 10, 20, 11], [21, 6, 22, 7], [23, 9, 24, 8], [1, 13, 2, 12], [3, 20, 4, 21], [5, 16, 6, 17], [7, 15, 8, 14], [9, 18, 10, 19], [11, 3, 12, 2]]"
12a_1271_69,"[[11, 3, 12, 2], [13, 1, 14, 24], [15, 22, 16, 23], [17, 4, 18, 5], [19, 10, 20, 11], [21, 6, 22, 7], [23, 9, 24, 8], [1, 13, 2, 12], [3, 20, 4, 21], [5, 16, 6, 17], [7, 15, 8, 14], [9, 18, 10, 19]]"
12a_1271_70,"[[9, 18, 10, 19], [11, 3, 12, 2], [13, 1, 14, 24], [15, 22, 16, 23], [17, 4, 18, 5], [19, 10, 20, 11], [21, 6, 22, 7], [23, 9, 24, 8], [1, 13, 2, 12], [3, 20, 4, 21], [5, 16, 6, 17], [7, 15, 8, 14]]"
12a_1271_71,"[[7, 15, 8, 14], [9, 18, 10, 19], [11, 3, 12, 2], [13, 1, 14, 24], [15, 22, 16, 23], [17, 4, 18, 5], [19, 10, 20, 11], [21, 6, 22, 7], [23, 9, 24, 8], [1, 13, 2, 12], [3, 20, 4, 21], [5, 16, 6, 17]]"
12a_1271_72,"[[6, 17, 7, 18], [8, 16, 9, 15], [10, 19, 11, 20], [12, 4, 13, 3], [14, 2, 15, 1], [16, 23, 17, 24], [18, 5, 19, 6], [20, 11, 21, 12], [22, 7, 23, 8], [24, 10, 1, 9], [2, 14, 3, 13], [4, 21, 5, 22]]"
12a_1271_73,"[[4, 21, 5, 22], [6, 17, 7, 18], [8, 16, 9, 15], [10, 19, 11, 20], [12, 4, 13, 3], [14, 2, 15, 1], [16, 23, 17, 24], [18, 5, 19, 6], [20, 11, 21, 12], [22, 7, 23, 8], [24, 10, 1, 9], [2, 14, 3, 13]]"
12a_1271_74,"[[2, 14, 3, 13], [4, 21, 5, 22], [6, 17, 7, 18], [8, 16, 9, 15], [10, 19, 11, 20], [12, 4, 13, 3], [14, 2, 15, 1], [16, 23, 17, 24], [18, 5, 19, 6], [20, 11, 21, 12], [22, 7, 23, 8], [24, 10, 1, 9]]"
12a_1271_75,"[[24, 10, 1, 9], [2, 14, 3, 13], [4, 21, 5, 22], [6, 17, 7, 18], [8, 16, 9, 15], [10, 19, 11, 20], [12, 4, 13, 3], [14, 2, 15, 1], [16, 23, 17, 24], [18, 5, 19, 6], [20, 11, 21, 12], [22, 7, 23, 8]]"
12a_1271_76,"[[22, 7, 23, 8], [24, 10, 1, 9], [2, 14, 3, 13], [4, 21, 5, 22], [6, 17, 7, 18], [8, 16, 9, 15], [10, 19, 11, 20], [12, 4, 13, 3], [14, 2, 15, 1], [16, 23, 17, 24], [18, 5, 19, 6], [20, 11, 21, 12]]"
12a_1271_77,"[[20, 11, 21, 12], [22, 7, 23, 8], [24, 10, 1, 9], [2, 14, 3, 13], [4, 21, 5, 22], [6, 17, 7, 18], [8, 16, 9, 15], [10, 19, 11, 20], [12, 4, 13, 3], [14, 2, 15, 1], [16, 23, 17, 24], [18, 5, 19, 6]]"
12a_1271_78,"[[18, 5, 19, 6], [20, 11, 21, 12], [22, 7, 23, 8], [24, 10, 1, 9], [2, 14, 3, 13], [4, 21, 5, 22], [6, 17, 7, 18], [8, 16, 9, 15], [10, 19, 11, 20], [12, 4, 13, 3], [14, 2, 15, 1], [16, 23, 17, 24]]"
12a_1271_79,"[[16, 23, 17, 24], [18, 5, 19, 6], [20, 11, 21, 12], [22, 7, 23, 8], [24, 10, 1, 9], [2, 14, 3, 13], [4, 21, 5, 22], [6, 17, 7, 18], [8, 16, 9, 15], [10, 19, 11, 20], [12, 4, 13, 3], [14, 2, 15, 1]]"
12a_1271_80,"[[14, 2, 15, 1], [16, 23, 17, 24], [18, 5, 19, 6], [20, 11, 21, 12], [22, 7, 23, 8], [24, 10, 1, 9], [2, 14, 3, 13], [4, 21, 5, 22], [6, 17, 7, 18], [8, 16, 9, 15], [10, 19, 11, 20], [12, 4, 13, 3]]"
12a_1271_81,"[[12, 4, 13, 3], [14, 2, 15, 1], [16, 23, 17, 24], [18, 5, 19, 6], [20, 11, 21, 12], [22, 7, 23, 8], [24, 10, 1, 9], [2, 14, 3, 13], [4, 21, 5, 22], [6, 17, 7, 18], [8, 16, 9, 15], [10, 19, 11, 20]]"
12a_1271_82,"[[10, 19, 11, 20], [12, 4, 13, 3], [14, 2, 15, 1], [16, 23, 17, 24], [18, 5, 19, 6], [20, 11, 21, 12], [22, 7, 23, 8], [24, 10, 1, 9], [2, 14, 3, 13], [4, 21, 5, 22], [6, 17, 7, 18], [8, 16, 9, 15]]"
12a_1271_83,"[[8, 16, 9, 15], [10, 19, 11, 20], [12, 4, 13, 3], [14, 2, 15, 1], [16, 23, 17, 24], [18, 5, 19, 6], [20, 11, 21, 12], [22, 7, 23, 8], [24, 10, 1, 9], [2, 14, 3, 13], [4, 21, 5, 22], [6, 17, 7, 18]]"
12a_1271_84,"[[7, 18, 8, 19], [9, 17, 10, 16], [11, 20, 12, 21], [13, 5, 14, 4], [15, 3, 16, 2], [17, 24, 18, 1], [19, 6, 20, 7], [21, 12, 22, 13], [23, 8, 24, 9], [1, 11, 2, 10], [3, 15, 4, 14], [5, 22, 6, 23]]"
12a_1271_85,"[[5, 22, 6, 23], [7, 18, 8, 19], [9, 17, 10, 16], [11, 20, 12, 21], [13, 5, 14, 4], [15, 3, 16, 2], [17, 24, 18, 1], [19, 6, 20, 7], [21, 12, 22, 13], [23, 8, 24, 9], [1, 11, 2, 10], [3, 15, 4, 14]]"
12a_1271_86,"[[3, 15, 4, 14], [5, 22, 6, 23], [7, 18, 8, 19], [9, 17, 10, 16], [11, 20, 12, 21], [13, 5, 14, 4], [15, 3, 16, 2], [17, 24, 18, 1], [19, 6, 20, 7], [21, 12, 22, 13], [23, 8, 24, 9], [1, 11, 2, 10]]"
12a_1271_87,"[[1, 11, 2, 10], [3, 15, 4, 14], [5, 22, 6, 23], [7, 18, 8, 19], [9, 17, 10, 16], [11, 20, 12, 21], [13, 5, 14, 4], [15, 3, 16, 2], [17, 24, 18, 1], [19, 6, 20, 7], [21, 12, 22, 13], [23, 8, 24, 9]]"
12a_1271_88,"[[23, 8, 24, 9], [1, 11, 2, 10], [3, 15, 4, 14], [5, 22, 6, 23], [7, 18, 8, 19], [9, 17, 10, 16], [11, 20, 12, 21], [13, 5, 14, 4], [15, 3, 16, 2], [17, 24, 18, 1], [19, 6, 20, 7], [21, 12, 22, 13]]"
12a_1271_89,"[[21, 12, 22, 13], [23, 8, 24, 9], [1, 11, 2, 10], [3, 15, 4, 14], [5, 22, 6, 23], [7, 18, 8, 19], [9, 17, 10, 16], [11, 20, 12, 21], [13, 5, 14, 4], [15, 3, 16, 2], [17, 24, 18, 1], [19, 6, 20, 7]]"
12a_1271_90,"[[19, 6, 20, 7], [21, 12, 22, 13], [23, 8, 24, 9], [1, 11, 2, 10], [3, 15, 4, 14], [5, 22, 6, 23], [7, 18, 8, 19], [9, 17, 10, 16], [11, 20, 12, 21], [13, 5, 14, 4], [15, 3, 16, 2], [17, 24, 18, 1]]"
12a_1271_91,"[[17, 24, 18, 1], [19, 6, 20, 7], [21, 12, 22, 13], [23, 8, 24, 9], [1, 11, 2, 10], [3, 15, 4, 14], [5, 22, 6, 23], [7, 18, 8, 19], [9, 17, 10, 16], [11, 20, 12, 21], [13, 5, 14, 4], [15, 3, 16, 2]]"
12a_1271_92,"[[15, 3, 16, 2], [17, 24, 18, 1], [19, 6, 20, 7], [21, 12, 22, 13], [23, 8, 24, 9], [1, 11, 2, 10], [3, 15, 4, 14], [5, 22, 6, 23], [7, 18, 8, 19], [9, 17, 10, 16], [11, 20, 12, 21], [13, 5, 14, 4]]"
12a_1271_93,"[[13, 5, 14, 4], [15, 3, 16, 2], [17, 24, 18, 1], [19, 6, 20, 7], [21, 12, 22, 13], [23, 8, 24, 9], [1, 11, 2, 10], [3, 15, 4, 14], [5, 22, 6, 23], [7, 18, 8, 19], [9, 17, 10, 16], [11, 20, 12, 21]]"
12a_1271_94,"[[11, 20, 12, 21], [13, 5, 14, 4], [15, 3, 16, 2], [17, 24, 18, 1], [19, 6, 20, 7], [21, 12, 22, 13], [23, 8, 24, 9], [1, 11, 2, 10], [3, 15, 4, 14], [5, 22, 6, 23], [7, 18, 8, 19], [9, 17, 10, 16]]"
12a_1271_95,"[[9, 17, 10, 16], [11, 20, 12, 21], [13, 5, 14, 4], [15, 3, 16, 2], [17, 24, 18, 1], [19, 6, 20, 7], [21, 12, 22, 13], [23, 8, 24, 9], [1, 11, 2, 10], [3, 15, 4, 14], [5, 22, 6, 23], [7, 18, 8, 19]]"
12a_1271_96,"[[8, 19, 9, 20], [10, 18, 11, 17], [12, 21, 13, 22], [14, 6, 15, 5], [16, 4, 17, 3], [18, 1, 19, 2], [20, 7, 21, 8], [22, 13, 23, 14], [24, 9, 1, 10], [2, 12, 3, 11], [4, 16, 5, 15], [6, 23, 7, 24]]"
12a_1271_97,"[[6, 23, 7, 24], [8, 19, 9, 20], [10, 18, 11, 17], [12, 21, 13, 22], [14, 6, 15, 5], [16, 4, 17, 3], [18, 1, 19, 2], [20, 7, 21, 8], [22, 13, 23, 14], [24, 9, 1, 10], [2, 12, 3, 11], [4, 16, 5, 15]]"
12a_1271_98,"[[4, 16, 5, 15], [6, 23, 7, 24], [8, 19, 9, 20], [10, 18, 11, 17], [12, 21, 13, 22], [14, 6, 15, 5], [16, 4, 17, 3], [18, 1, 19, 2], [20, 7, 21, 8], [22, 13, 23, 14], [24, 9, 1, 10], [2, 12, 3, 11]]"
12a_1271_99,"[[2, 12, 3, 11], [4, 16, 5, 15], [6, 23, 7, 24], [8, 19, 9, 20], [10, 18, 11, 17], [12, 21, 13, 22], [14, 6, 15, 5], [16, 4, 17, 3], [18, 1, 19, 2], [20, 7, 21, 8], [22, 13, 23, 14], [24, 9, 1, 10]]"
12a_1271_100,"[[24, 9, 1, 10], [2, 12, 3, 11], [4, 16, 5, 15], [6, 23, 7, 24], [8, 19, 9, 20], [10, 18, 11, 17], [12, 21, 13, 22], [14, 6, 15, 5], [16, 4, 17, 3], [18, 1, 19, 2], [20, 7, 21, 8], [22, 13, 23, 14]]"
12a_1271_101,"[[22, 13, 23, 14], [24, 9, 1, 10], [2, 12, 3, 11], [4, 16, 5, 15], [6, 23, 7, 24], [8, 19, 9, 20], [10, 18, 11, 17], [12, 21, 13, 22], [14, 6, 15, 5], [16, 4, 17, 3], [18, 1, 19, 2], [20, 7, 21, 8]]"
12a_1271_102,"[[20, 7, 21, 8], [22, 13, 23, 14], [24, 9, 1, 10], [2, 12, 3, 11], [4, 16, 5, 15], [6, 23, 7, 24], [8, 19, 9, 20], [10, 18, 11, 17], [12, 21, 13, 22], [14, 6, 15, 5], [16, 4, 17, 3], [18, 1, 19, 2]]"
12a_1271_103,"[[18, 1, 19, 2], [20, 7, 21, 8], [22, 13, 23, 14], [24, 9, 1, 10], [2, 12, 3, 11], [4, 16, 5, 15], [6, 23, 7, 24], [8, 19, 9, 20], [10, 18, 11, 17], [12, 21, 13, 22], [14, 6, 15, 5], [16, 4, 17, 3]]"
12a_1271_104,"[[16, 4, 17, 3], [18, 1, 19, 2], [20, 7, 21, 8], [22, 13, 23, 14], [24, 9, 1, 10], [2, 12, 3, 11], [4, 16, 5, 15], [6, 23, 7, 24], [8, 19, 9, 20], [10, 18, 11, 17], [12, 21, 13, 22], [14, 6, 15, 5]]"
12a_1271_105,"[[14, 6, 15, 5], [16, 4, 17, 3], [18, 1, 19, 2], [20, 7, 21, 8], [22, 13, 23, 14], [24, 9, 1, 10], [2, 12, 3, 11], [4, 16, 5, 15], [6, 23, 7, 24], [8, 19, 9, 20], [10, 18, 11, 17], [12, 21, 13, 22]]"
12a_1271_106,"[[12, 21, 13, 22], [14, 6, 15, 5], [16, 4, 17, 3], [18, 1, 19, 2], [20, 7, 21, 8], [22, 13, 23, 14], [24, 9, 1, 10], [2, 12, 3, 11], [4, 16, 5, 15], [6, 23, 7, 24], [8, 19, 9, 20], [10, 18, 11, 17]]"
12a_1271_107,"[[10, 18, 11, 17], [12, 21, 13, 22], [14, 6, 15, 5], [16, 4, 17, 3], [18, 1, 19, 2], [20, 7, 21, 8], [22, 13, 23, 14], [24, 9, 1, 10], [2, 12, 3, 11], [4, 16, 5, 15], [6, 23, 7, 24], [8, 19, 9, 20]]"
12a_1271_108,"[[9, 20, 10, 21], [11, 19, 12, 18], [13, 22, 14, 23], [15, 7, 16, 6], [17, 5, 18, 4], [19, 2, 20, 3], [21, 8, 22, 9], [23, 14, 24, 15], [1, 10, 2, 11], [3, 13, 4, 12], [5, 17, 6, 16], [7, 24, 8, 1]]"
12a_1271_109,"[[7, 24, 8, 1], [9, 20, 10, 21], [11, 19, 12, 18], [13, 22, 14, 23], [15, 7, 16, 6], [17, 5, 18, 4], [19, 2, 20, 3], [21, 8, 22, 9], [23, 14, 24, 15], [1, 10, 2, 11], [3, 13, 4, 12], [5, 17, 6, 16]]"
12a_1271_110,"[[5, 17, 6, 16], [7, 24, 8, 1], [9, 20, 10, 21], [11, 19, 12, 18], [13, 22, 14, 23], [15, 7, 16, 6], [17, 5, 18, 4], [19, 2, 20, 3], [21, 8, 22, 9], [23, 14, 24, 15], [1, 10, 2, 11], [3, 13, 4, 12]]"
12a_1271_111,"[[3, 13, 4, 12], [5, 17, 6, 16], [7, 24, 8, 1], [9, 20, 10, 21], [11, 19, 12, 18], [13, 22, 14, 23], [15, 7, 16, 6], [17, 5, 18, 4], [19, 2, 20, 3], [21, 8, 22, 9], [23, 14, 24, 15], [1, 10, 2, 11]]"
12a_1271_112,"[[1, 10, 2, 11], [3, 13, 4, 12], [5, 17, 6, 16], [7, 24, 8, 1], [9, 20, 10, 21], [11, 19, 12, 18], [13, 22, 14, 23], [15, 7, 16, 6], [17, 5, 18, 4], [19, 2, 20, 3], [21, 8, 22, 9], [23, 14, 24, 15]]"
12a_1271_113,"[[23, 14, 24, 15], [1, 10, 2, 11], [3, 13, 4, 12], [5, 17, 6, 16], [7, 24, 8, 1], [9, 20, 10, 21], [11, 19, 12, 18], [13, 22, 14, 23], [15, 7, 16, 6], [17, 5, 18, 4], [19, 2, 20, 3], [21, 8, 22, 9]]"
12a_1271_114,"[[21, 8, 22, 9], [23, 14, 24, 15], [1, 10, 2, 11], [3, 13, 4, 12], [5, 17, 6, 16], [7, 24, 8, 1], [9, 20, 10, 21], [11, 19, 12, 18], [13, 22, 14, 23], [15, 7, 16, 6], [17, 5, 18, 4], [19, 2, 20, 3]]"
12a_1271_115,"[[19, 2, 20, 3], [21, 8, 22, 9], [23, 14, 24, 15], [1, 10, 2, 11], [3, 13, 4, 12], [5, 17, 6, 16], [7, 24, 8, 1], [9, 20, 10, 21], [11, 19, 12, 18], [13, 22, 14, 23], [15, 7, 16, 6], [17, 5, 18, 4]]"
12a_1271_116,"[[17, 5, 18, 4], [19, 2, 20, 3], [21, 8, 22, 9], [23, 14, 24, 15], [1, 10, 2, 11], [3, 13, 4, 12], [5, 17, 6, 16], [7, 24, 8, 1], [9, 20, 10, 21], [11, 19, 12, 18], [13, 22, 14, 23], [15, 7, 16, 6]]"
12a_1271_117,"[[15, 7, 16, 6], [17, 5, 18, 4], [19, 2, 20, 3], [21, 8, 22, 9], [23, 14, 24, 15], [1, 10, 2, 11], [3, 13, 4, 12], [5, 17, 6, 16], [7, 24, 8, 1], [9, 20, 10, 21], [11, 19, 12, 18], [13, 22, 14, 23]]"
12a_1271_118,"[[13, 22, 14, 23], [15, 7, 16, 6], [17, 5, 18, 4], [19, 2, 20, 3], [21, 8, 22, 9], [23, 14, 24, 15], [1, 10, 2, 11], [3, 13, 4, 12], [5, 17, 6, 16], [7, 24, 8, 1], [9, 20, 10, 21], [11, 19, 12, 18]]"
12a_1271_119,"[[11, 19, 12, 18], [13, 22, 14, 23], [15, 7, 16, 6], [17, 5, 18, 4], [19, 2, 20, 3], [21, 8, 22, 9], [23, 14, 24, 15], [1, 10, 2, 11], [3, 13, 4, 12], [5, 17, 6, 16], [7, 24, 8, 1], [9, 20, 10, 21]]"
12a_1271_120,"[[10, 21, 11, 22], [12, 20, 13, 19], [14, 23, 15, 24], [16, 8, 17, 7], [18, 6, 19, 5], [20, 3, 21, 4], [22, 9, 23, 10], [24, 15, 1, 16], [2, 11, 3, 12], [4, 14, 5, 13], [6, 18, 7, 17], [8, 1, 9, 2]]"
12a_1271_121,"[[8, 1, 9, 2], [10, 21, 11, 22], [12, 20, 13, 19], [14, 23, 15, 24], [16, 8, 17, 7], [18, 6, 19, 5], [20, 3, 21, 4], [22, 9, 23, 10], [24, 15, 1, 16], [2, 11, 3, 12], [4, 14, 5, 13], [6, 18, 7, 17]]"
12a_1271_122,"[[6, 18, 7, 17], [8, 1, 9, 2], [10, 21, 11, 22], [12, 20, 13, 19], [14, 23, 15, 24], [16, 8, 17, 7], [18, 6, 19, 5], [20, 3, 21, 4], [22, 9, 23, 10], [24, 15, 1, 16], [2, 11, 3, 12], [4, 14, 5, 13]]"
12a_1271_123,"[[4, 14, 5, 13], [6, 18, 7, 17], [8, 1, 9, 2], [10, 21, 11, 22], [12, 20, 13, 19], [14, 23, 15, 24], [16, 8, 17, 7], [18, 6, 19, 5], [20, 3, 21, 4], [22, 9, 23, 10], [24, 15, 1, 16], [2, 11, 3, 12]]"
12a_1271_124,"[[2, 11, 3, 12], [4, 14, 5, 13], [6, 18, 7, 17], [8, 1, 9, 2], [10, 21, 11, 22], [12, 20, 13, 19], [14, 23, 15, 24], [16, 8, 17, 7], [18, 6, 19, 5], [20, 3, 21, 4], [22, 9, 23, 10], [24, 15, 1, 16]]"
12a_1271_125,"[[24, 15, 1, 16], [2, 11, 3, 12], [4, 14, 5, 13], [6, 18, 7, 17], [8, 1, 9, 2], [10, 21, 11, 22], [12, 20, 13, 19], [14, 23, 15, 24], [16, 8, 17, 7], [18, 6, 19, 5], [20, 3, 21, 4], [22, 9, 23, 10]]"
12a_1271_126,"[[22, 9, 23, 10], [24, 15, 1, 16], [2, 11, 3, 12], [4, 14, 5, 13], [6, 18, 7, 17], [8, 1, 9, 2], [10, 21, 11, 22], [12, 20, 13, 19], [14, 23, 15, 24], [16, 8, 17, 7], [18, 6, 19, 5], [20, 3, 21, 4]]"
12a_1271_127,"[[20, 3, 21, 4], [22, 9, 23, 10], [24, 15, 1, 16], [2, 11, 3, 12], [4, 14, 5, 13], [6, 18, 7, 17], [8, 1, 9, 2], [10, 21, 11, 22], [12, 20, 13, 19], [14, 23, 15, 24], [16, 8, 17, 7], [18, 6, 19, 5]]"
12a_1271_128,"[[18, 6, 19, 5], [20, 3, 21, 4], [22, 9, 23, 10], [24, 15, 1, 16], [2, 11, 3, 12], [4, 14, 5, 13], [6, 18, 7, 17], [8, 1, 9, 2], [10, 21, 11, 22], [12, 20, 13, 19], [14, 23, 15, 24], [16, 8, 17, 7]]"
12a_1271_129,"[[16, 8, 17, 7], [18, 6, 19, 5], [20, 3, 21, 4], [22, 9, 23, 10], [24, 15, 1, 16], [2, 11, 3, 12], [4, 14, 5, 13], [6, 18, 7, 17], [8, 1, 9, 2], [10, 21, 11, 22], [12, 20, 13, 19], [14, 23, 15, 24]]"
12a_1271_130,"[[14, 23, 15, 24], [16, 8, 17, 7], [18, 6, 19, 5], [20, 3, 21, 4], [22, 9, 23, 10], [24, 15, 1, 16], [2, 11, 3, 12], [4, 14, 5, 13], [6, 18, 7, 17], [8, 1, 9, 2], [10, 21, 11, 22], [12, 20, 13, 19]]"
12a_1271_131,"[[12, 20, 13, 19], [14, 23, 15, 24], [16, 8, 17, 7], [18, 6, 19, 5], [20, 3, 21, 4], [22, 9, 23, 10], [24, 15, 1, 16], [2, 11, 3, 12], [4, 14, 5, 13], [6, 18, 7, 17], [8, 1, 9, 2], [10, 21, 11, 22]]"
12a_1271_132,"[[11, 22, 12, 23], [13, 21, 14, 20], [15, 24, 16, 1], [17, 9, 18, 8], [19, 7, 20, 6], [21, 4, 22, 5], [23, 10, 24, 11], [1, 16, 2, 17], [3, 12, 4, 13], [5, 15, 6, 14], [7, 19, 8, 18], [9, 2, 10, 3]]"
12a_1271_133,"[[9, 2, 10, 3], [11, 22, 12, 23], [13, 21, 14, 20], [15, 24, 16, 1], [17, 9, 18, 8], [19, 7, 20, 6], [21, 4, 22, 5], [23, 10, 24, 11], [1, 16, 2, 17], [3, 12, 4, 13], [5, 15, 6, 14], [7, 19, 8, 18]]"
12a_1271_134,"[[7, 19, 8, 18], [9, 2, 10, 3], [11, 22, 12, 23], [13, 21, 14, 20], [15, 24, 16, 1], [17, 9, 18, 8], [19, 7, 20, 6], [21, 4, 22, 5], [23, 10, 24, 11], [1, 16, 2, 17], [3, 12, 4, 13], [5, 15, 6, 14]]"
12a_1271_135,"[[5, 15, 6, 14], [7, 19, 8, 18], [9, 2, 10, 3], [11, 22, 12, 23], [13, 21, 14, 20], [15, 24, 16, 1], [17, 9, 18, 8], [19, 7, 20, 6], [21, 4, 22, 5], [23, 10, 24, 11], [1, 16, 2, 17], [3, 12, 4, 13]]"
12a_1271_136,"[[3, 12, 4, 13], [5, 15, 6, 14], [7, 19, 8, 18], [9, 2, 10, 3], [11, 22, 12, 23], [13, 21, 14, 20], [15, 24, 16, 1], [17, 9, 18, 8], [19, 7, 20, 6], [21, 4, 22, 5], [23, 10, 24, 11], [1, 16, 2, 17]]"
12a_1271_137,"[[1, 16, 2, 17], [3, 12, 4, 13], [5, 15, 6, 14], [7, 19, 8, 18], [9, 2, 10, 3], [11, 22, 12, 23], [13, 21, 14, 20], [15, 24, 16, 1], [17, 9, 18, 8], [19, 7, 20, 6], [21, 4, 22, 5], [23, 10, 24, 11]]"
12a_1271_138,"[[23, 10, 24, 11], [1, 16, 2, 17], [3, 12, 4, 13], [5, 15, 6, 14], [7, 19, 8, 18], [9, 2, 10, 3], [11, 22, 12, 23], [13, 21, 14, 20], [15, 24, 16, 1], [17, 9, 18, 8], [19, 7, 20, 6], [21, 4, 22, 5]]"
12a_1271_139,"[[21, 4, 22, 5], [23, 10, 24, 11], [1, 16, 2, 17], [3, 12, 4, 13], [5, 15, 6, 14], [7, 19, 8, 18], [9, 2, 10, 3], [11, 22, 12, 23], [13, 21, 14, 20], [15, 24, 16, 1], [17, 9, 18, 8], [19, 7, 20, 6]]"
12a_1271_140,"[[19, 7, 20, 6], [21, 4, 22, 5], [23, 10, 24, 11], [1, 16, 2, 17], [3, 12, 4, 13], [5, 15, 6, 14], [7, 19, 8, 18], [9, 2, 10, 3], [11, 22, 12, 23], [13, 21, 14, 20], [15, 24, 16, 1], [17, 9, 18, 8]]"
12a_1271_141,"[[17, 9, 18, 8], [19, 7, 20, 6], [21, 4, 22, 5], [23, 10, 24, 11], [1, 16, 2, 17], [3, 12, 4, 13], [5, 15, 6, 14], [7, 19, 8, 18], [9, 2, 10, 3], [11, 22, 12, 23], [13, 21, 14, 20], [15, 24, 16, 1]]"
12a_1271_142,"[[15, 24, 16, 1], [17, 9, 18, 8], [19, 7, 20, 6], [21, 4, 22, 5], [23, 10, 24, 11], [1, 16, 2, 17], [3, 12, 4, 13], [5, 15, 6, 14], [7, 19, 8, 18], [9, 2, 10, 3], [11, 22, 12, 23], [13, 21, 14, 20]]"
12a_1271_143,"[[13, 21, 14, 20], [15, 24, 16, 1], [17, 9, 18, 8], [19, 7, 20, 6], [21, 4, 22, 5], [23, 10, 24, 11], [1, 16, 2, 17], [3, 12, 4, 13], [5, 15, 6, 14], [7, 19, 8, 18], [9, 2, 10, 3], [11, 22, 12, 23]]"
12a_1271_144,"[[12, 23, 13, 24], [14, 22, 15, 21], [16, 1, 17, 2], [18, 10, 19, 9], [20, 8, 21, 7], [22, 5, 23, 6], [24, 11, 1, 12], [2, 17, 3, 18], [4, 13, 5, 14], [6, 16, 7, 15], [8, 20, 9, 19], [10, 3, 11, 4]]"
12a_1271_145,"[[10, 3, 11, 4], [12, 23, 13, 24], [14, 22, 15, 21], [16, 1, 17, 2], [18, 10, 19, 9], [20, 8, 21, 7], [22, 5, 23, 6], [24, 11, 1, 12], [2, 17, 3, 18], [4, 13, 5, 14], [6, 16, 7, 15], [8, 20, 9, 19]]"
12a_1271_146,"[[8, 20, 9, 19], [10, 3, 11, 4], [12, 23, 13, 24], [14, 22, 15, 21], [16, 1, 17, 2], [18, 10, 19, 9], [20, 8, 21, 7], [22, 5, 23, 6], [24, 11, 1, 12], [2, 17, 3, 18], [4, 13, 5, 14], [6, 16, 7, 15]]"
12a_1271_147,"[[6, 16, 7, 15], [8, 20, 9, 19], [10, 3, 11, 4], [12, 23, 13, 24], [14, 22, 15, 21], [16, 1, 17, 2], [18, 10, 19, 9], [20, 8, 21, 7], [22, 5, 23, 6], [24, 11, 1, 12], [2, 17, 3, 18], [4, 13, 5, 14]]"
12a_1271_148,"[[4, 13, 5, 14], [6, 16, 7, 15], [8, 20, 9, 19], [10, 3, 11, 4], [12, 23, 13, 24], [14, 22, 15, 21], [16, 1, 17, 2], [18, 10, 19, 9], [20, 8, 21, 7], [22, 5, 23, 6], [24, 11, 1, 12], [2, 17, 3, 18]]"
12a_1271_149,"[[2, 17, 3, 18], [4, 13, 5, 14], [6, 16, 7, 15], [8, 20, 9, 19], [10, 3, 11, 4], [12, 23, 13, 24], [14, 22, 15, 21], [16, 1, 17, 2], [18, 10, 19, 9], [20, 8, 21, 7], [22, 5, 23, 6], [24, 11, 1, 12]]"
12a_1271_150,"[[24, 11, 1, 12], [2, 17, 3, 18], [4, 13, 5, 14], [6, 16, 7, 15], [8, 20, 9, 19], [10, 3, 11, 4], [12, 23, 13, 24], [14, 22, 15, 21], [16, 1, 17, 2], [18, 10, 19, 9], [20, 8, 21, 7], [22, 5, 23, 6]]"
12a_1271_151,"[[22, 5, 23, 6], [24, 11, 1, 12], [2, 17, 3, 18], [4, 13, 5, 14], [6, 16, 7, 15], [8, 20, 9, 19], [10, 3, 11, 4], [12, 23, 13, 24], [14, 22, 15, 21], [16, 1, 17, 2], [18, 10, 19, 9], [20, 8, 21, 7]]"
12a_1271_152,"[[20, 8, 21, 7], [22, 5, 23, 6], [24, 11, 1, 12], [2, 17, 3, 18], [4, 13, 5, 14], [6, 16, 7, 15], [8, 20, 9, 19], [10, 3, 11, 4], [12, 23, 13, 24], [14, 22, 15, 21], [16, 1, 17, 2], [18, 10, 19, 9]]"
12a_1271_153,"[[18, 10, 19, 9], [20, 8, 21, 7], [22, 5, 23, 6], [24, 11, 1, 12], [2, 17, 3, 18], [4, 13, 5, 14], [6, 16, 7, 15], [8, 20, 9, 19], [10, 3, 11, 4], [12, 23, 13, 24], [14, 22, 15, 21], [16, 1, 17, 2]]"
12a_1271_154,"[[16, 1, 17, 2], [18, 10, 19, 9], [20, 8, 21, 7], [22, 5, 23, 6], [24, 11, 1, 12], [2, 17, 3, 18], [4, 13, 5, 14], [6, 16, 7, 15], [8, 20, 9, 19], [10, 3, 11, 4], [12, 23, 13, 24], [14, 22, 15, 21]]"
12a_1271_155,"[[14, 22, 15, 21], [16, 1, 17, 2], [18, 10, 19, 9], [20, 8, 21, 7], [22, 5, 23, 6], [24, 11, 1, 12], [2, 17, 3, 18], [4, 13, 5, 14], [6, 16, 7, 15], [8, 20, 9, 19], [10, 3, 11, 4], [12, 23, 13, 24]]"
12a_1271_156,"[[13, 24, 14, 1], [15, 23, 16, 22], [17, 2, 18, 3], [19, 11, 20, 10], [21, 9, 22, 8], [23, 6, 24, 7], [1, 12, 2, 13], [3, 18, 4, 19], [5, 14, 6, 15], [7, 17, 8, 16], [9, 21, 10, 20], [11, 4, 12, 5]]"
12a_1271_157,"[[11, 4, 12, 5], [13, 24, 14, 1], [15, 23, 16, 22], [17, 2, 18, 3], [19, 11, 20, 10], [21, 9, 22, 8], [23, 6, 24, 7], [1, 12, 2, 13], [3, 18, 4, 19], [5, 14, 6, 15], [7, 17, 8, 16], [9, 21, 10, 20]]"
12a_1271_158,"[[9, 21, 10, 20], [11, 4, 12, 5], [13, 24, 14, 1], [15, 23, 16, 22], [17, 2, 18, 3], [19, 11, 20, 10], [21, 9, 22, 8], [23, 6, 24, 7], [1, 12, 2, 13], [3, 18, 4, 19], [5, 14, 6, 15], [7, 17, 8, 16]]"
12a_1271_159,"[[7, 17, 8, 16], [9, 21, 10, 20], [11, 4, 12, 5], [13, 24, 14, 1], [15, 23, 16, 22], [17, 2, 18, 3], [19, 11, 20, 10], [21, 9, 22, 8], [23, 6, 24, 7], [1, 12, 2, 13], [3, 18, 4, 19], [5, 14, 6, 15]]"
12a_1271_160,"[[5, 14, 6, 15], [7, 17, 8, 16], [9, 21, 10, 20], [11, 4, 12, 5], [13, 24, 14, 1], [15, 23, 16, 22], [17, 2, 18, 3], [19, 11, 20, 10], [21, 9, 22, 8], [23, 6, 24, 7], [1, 12, 2, 13], [3, 18, 4, 19]]"
12a_1271_161,"[[3, 18, 4, 19], [5, 14, 6, 15], [7, 17, 8, 16], [9, 21, 10, 20], [11, 4, 12, 5], [13, 24, 14, 1], [15, 23, 16, 22], [17, 2, 18, 3], [19, 11, 20, 10], [21, 9, 22, 8], [23, 6, 24, 7], [1, 12, 2, 13]]"
12a_1271_162,"[[1, 12, 2, 13], [3, 18, 4, 19], [5, 14, 6, 15], [7, 17, 8, 16], [9, 21, 10, 20], [11, 4, 12, 5], [13, 24, 14, 1], [15, 23, 16, 22], [17, 2, 18, 3], [19, 11, 20, 10], [21, 9, 22, 8], [23, 6, 24, 7]]"
12a_1271_163,"[[23, 6, 24, 7], [1, 12, 2, 13], [3, 18, 4, 19], [5, 14, 6, 15], [7, 17, 8, 16], [9, 21, 10, 20], [11, 4, 12, 5], [13, 24, 14, 1], [15, 23, 16, 22], [17, 2, 18, 3], [19, 11, 20, 10], [21, 9, 22, 8]]"
12a_1271_164,"[[21, 9, 22, 8], [23, 6, 24, 7], [1, 12, 2, 13], [3, 18, 4, 19], [5, 14, 6, 15], [7, 17, 8, 16], [9, 21, 10, 20], [11, 4, 12, 5], [13, 24, 14, 1], [15, 23, 16, 22], [17, 2, 18, 3], [19, 11, 20, 10]]"
12a_1271_165,"[[19, 11, 20, 10], [21, 9, 22, 8], [23, 6, 24, 7], [1, 12, 2, 13], [3, 18, 4, 19], [5, 14, 6, 15], [7, 17, 8, 16], [9, 21, 10, 20], [11, 4, 12, 5], [13, 24, 14, 1], [15, 23, 16, 22], [17, 2, 18, 3]]"
12a_1271_166,"[[17, 2, 18, 3], [19, 11, 20, 10], [21, 9, 22, 8], [23, 6, 24, 7], [1, 12, 2, 13], [3, 18, 4, 19], [5, 14, 6, 15], [7, 17, 8, 16], [9, 21, 10, 20], [11, 4, 12, 5], [13, 24, 14, 1], [15, 23, 16, 22]]"
12a_1271_167,"[[15, 23, 16, 22], [17, 2, 18, 3], [19, 11, 20, 10], [21, 9, 22, 8], [23, 6, 24, 7], [1, 12, 2, 13], [3, 18, 4, 19], [5, 14, 6, 15], [7, 17, 8, 16], [9, 21, 10, 20], [11, 4, 12, 5], [13, 24, 14, 1]]"
12a_1271_168,"[[14, 1, 15, 2], [16, 24, 17, 23], [18, 3, 19, 4], [20, 12, 21, 11], [22, 10, 23, 9], [24, 7, 1, 8], [2, 13, 3, 14], [4, 19, 5, 20], [6, 15, 7, 16], [8, 18, 9, 17], [10, 22, 11, 21], [12, 5, 13, 6]]"
12a_1271_169,"[[12, 5, 13, 6], [14, 1, 15, 2], [16, 24, 17, 23], [18, 3, 19, 4], [20, 12, 21, 11], [22, 10, 23, 9], [24, 7, 1, 8], [2, 13, 3, 14], [4, 19, 5, 20], [6, 15, 7, 16], [8, 18, 9, 17], [10, 22, 11, 21]]"
12a_1271_170,"[[10, 22, 11, 21], [12, 5, 13, 6], [14, 1, 15, 2], [16, 24, 17, 23], [18, 3, 19, 4], [20, 12, 21, 11], [22, 10, 23, 9], [24, 7, 1, 8], [2, 13, 3, 14], [4, 19, 5, 20], [6, 15, 7, 16], [8, 18, 9, 17]]"
12a_1271_171,"[[8, 18, 9, 17], [10, 22, 11, 21], [12, 5, 13, 6], [14, 1, 15, 2], [16, 24, 17, 23], [18, 3, 19, 4], [20, 12, 21, 11], [22, 10, 23, 9], [24, 7, 1, 8], [2, 13, 3, 14], [4, 19, 5, 20], [6, 15, 7, 16]]"
12a_1271_172,"[[6, 15, 7, 16], [8, 18, 9, 17], [10, 22, 11, 21], [12, 5, 13, 6], [14, 1, 15, 2], [16, 24, 17, 23], [18, 3, 19, 4], [20, 12, 21, 11], [22, 10, 23, 9], [24, 7, 1, 8], [2, 13, 3, 14], [4, 19, 5, 20]]"
12a_1271_173,"[[4, 19, 5, 20], [6, 15, 7, 16], [8, 18, 9, 17], [10, 22, 11, 21], [12, 5, 13, 6], [14, 1, 15, 2], [16, 24, 17, 23], [18, 3, 19, 4], [20, 12, 21, 11], [22, 10, 23, 9], [24, 7, 1, 8], [2, 13, 3, 14]]"
12a_1271_174,"[[2, 13, 3, 14], [4, 19, 5, 20], [6, 15, 7, 16], [8, 18, 9, 17], [10, 22, 11, 21], [12, 5, 13, 6], [14, 1, 15, 2], [16, 24, 17, 23], [18, 3, 19, 4], [20, 12, 21, 11], [22, 10, 23, 9], [24, 7, 1, 8]]"
12a_1271_175,"[[24, 7, 1, 8], [2, 13, 3, 14], [4, 19, 5, 20], [6, 15, 7, 16], [8, 18, 9, 17], [10, 22, 11, 21], [12, 5, 13, 6], [14, 1, 15, 2], [16, 24, 17, 23], [18, 3, 19, 4], [20, 12, 21, 11], [22, 10, 23, 9]]"
12a_1271_176,"[[22, 10, 23, 9], [24, 7, 1, 8], [2, 13, 3, 14], [4, 19, 5, 20], [6, 15, 7, 16], [8, 18, 9, 17], [10, 22, 11, 21], [12, 5, 13, 6], [14, 1, 15, 2], [16, 24, 17, 23], [18, 3, 19, 4], [20, 12, 21, 11]]"
12a_1271_177,"[[20, 12, 21, 11], [22, 10, 23, 9], [24, 7, 1, 8], [2, 13, 3, 14], [4, 19, 5, 20], [6, 15, 7, 16], [8, 18, 9, 17], [10, 22, 11, 21], [12, 5, 13, 6], [14, 1, 15, 2], [16, 24, 17, 23], [18, 3, 19, 4]]"
12a_1271_178,"[[18, 3, 19, 4], [20, 12, 21, 11], [22, 10, 23, 9], [24, 7, 1, 8], [2, 13, 3, 14], [4, 19, 5, 20], [6, 15, 7, 16], [8, 18, 9, 17], [10, 22, 11, 21], [12, 5, 13, 6], [14, 1, 15, 2], [16, 24, 17, 23]]"
12a_1271_179,"[[16, 24, 17, 23], [18, 3, 19, 4], [20, 12, 21, 11], [22, 10, 23, 9], [24, 7, 1, 8], [2, 13, 3, 14], [4, 19, 5, 20], [6, 15, 7, 16], [8, 18, 9, 17], [10, 22, 11, 21], [12, 5, 13, 6], [14, 1, 15, 2]]"
12a_1271_180,"[[15, 2, 16, 3], [17, 1, 18, 24], [19, 4, 20, 5], [21, 13, 22, 12], [23, 11, 24, 10], [1, 8, 2, 9], [3, 14, 4, 15], [5, 20, 6, 21], [7, 16, 8, 17], [9, 19, 10, 18], [11, 23, 12, 22], [13, 6, 14, 7]]"
12a_1271_181,"[[13, 6, 14, 7], [15, 2, 16, 3], [17, 1, 18, 24], [19, 4, 20, 5], [21, 13, 22, 12], [23, 11, 24, 10], [1, 8, 2, 9], [3, 14, 4, 15], [5, 20, 6, 21], [7, 16, 8, 17], [9, 19, 10, 18], [11, 23, 12, 22]]"
12a_1271_182,"[[11, 23, 12, 22], [13, 6, 14, 7], [15, 2, 16, 3], [17, 1, 18, 24], [19, 4, 20, 5], [21, 13, 22, 12], [23, 11, 24, 10], [1, 8, 2, 9], [3, 14, 4, 15], [5, 20, 6, 21], [7, 16, 8, 17], [9, 19, 10, 18]]"
12a_1271_183,"[[9, 19, 10, 18], [11, 23, 12, 22], [13, 6, 14, 7], [15, 2, 16, 3], [17, 1, 18, 24], [19, 4, 20, 5], [21, 13, 22, 12], [23, 11, 24, 10], [1, 8, 2, 9], [3, 14, 4, 15], [5, 20, 6, 21], [7, 16, 8, 17]]"
12a_1271_184,"[[7, 16, 8, 17], [9, 19, 10, 18], [11, 23, 12, 22], [13, 6, 14, 7], [15, 2, 16, 3], [17, 1, 18, 24], [19, 4, 20, 5], [21, 13, 22, 12], [23, 11, 24, 10], [1, 8, 2, 9], [3, 14, 4, 15], [5, 20, 6, 21]]"
12a_1271_185,"[[5, 20, 6, 21], [7, 16, 8, 17], [9, 19, 10, 18], [11, 23, 12, 22], [13, 6, 14, 7], [15, 2, 16, 3], [17, 1, 18, 24], [19, 4, 20, 5], [21, 13, 22, 12], [23, 11, 24, 10], [1, 8, 2, 9], [3, 14, 4, 15]]"
