name,pd_notation
12a_0278_0,"[[24, 22, 1, 21], [2, 6, 3, 5], [4, 12, 5, 11], [6, 15, 7, 16], [8, 17, 9, 18], [10, 4, 11, 3], [12, 23, 13, 24], [14, 19, 15, 20], [16, 7, 17, 8], [18, 9, 19, 10], [20, 2, 21, 1], [22, 13, 23, 14]]"
12a_0278_1,"[[22, 13, 23, 14], [24, 22, 1, 21], [2, 6, 3, 5], [4, 12, 5, 11], [6, 15, 7, 16], [8, 17, 9, 18], [10, 4, 11, 3], [12, 23, 13, 24], [14, 19, 15, 20], [16, 7, 17, 8], [18, 9, 19, 10], [20, 2, 21, 1]]"
12a_0278_2,"[[20, 2, 21, 1], [22, 13, 23, 14], [24, 22, 1, 21], [2, 6, 3, 5], [4, 12, 5, 11], [6, 15, 7, 16], [8, 17, 9, 18], [10, 4, 11, 3], [12, 23, 13, 24], [14, 19, 15, 20], [16, 7, 17, 8], [18, 9, 19, 10]]"
12a_0278_3,"[[18, 9, 19, 10], [20, 2, 21, 1], [22, 13, 23, 14], [24, 22, 1, 21], [2, 6, 3, 5], [4, 12, 5, 11], [6, 15, 7, 16], [8, 17, 9, 18], [10, 4, 11, 3], [12, 23, 13, 24], [14, 19, 15, 20], [16, 7, 17, 8]]"
12a_0278_4,"[[16, 7, 17, 8], [18, 9, 19, 10], [20, 2, 21, 1], [22, 13, 23, 14], [24, 22, 1, 21], [2, 6, 3, 5], [4, 12, 5, 11], [6, 15, 7, 16], [8, 17, 9, 18], [10, 4, 11, 3], [12, 23, 13, 24], [14, 19, 15, 20]]"
12a_0278_5,"[[14, 19, 15, 20], [16, 7, 17, 8], [18, 9, 19, 10], [20, 2, 21, 1], [22, 13, 23, 14], [24, 22, 1, 21], [2, 6, 3, 5], [4, 12, 5, 11], [6, 15, 7, 16], [8, 17, 9, 18], [10, 4, 11, 3], [12, 23, 13, 24]]"
12a_0278_6,"[[12, 23, 13, 24], [14, 19, 15, 20], [16, 7, 17, 8], [18, 9, 19, 10], [20, 2, 21, 1], [22, 13, 23, 14], [24, 22, 1, 21], [2, 6, 3, 5], [4, 12, 5, 11], [6, 15, 7, 16], [8, 17, 9, 18], [10, 4, 11, 3]]"
12a_0278_7,"[[10, 4, 11, 3], [12, 23, 13, 24], [14, 19, 15, 20], [16, 7, 17, 8], [18, 9, 19, 10], [20, 2, 21, 1], [22, 13, 23, 14], [24, 22, 1, 21], [2, 6, 3, 5], [4, 12, 5, 11], [6, 15, 7, 16], [8, 17, 9, 18]]"
12a_0278_8,"[[8, 17, 9, 18], [10, 4, 11, 3], [12, 23, 13, 24], [14, 19, 15, 20], [16, 7, 17, 8], [18, 9, 19, 10], [20, 2, 21, 1], [22, 13, 23, 14], [24, 22, 1, 21], [2, 6, 3, 5], [4, 12, 5, 11], [6, 15, 7, 16]]"
12a_0278_9,"[[6, 15, 7, 16], [8, 17, 9, 18], [10, 4, 11, 3], [12, 23, 13, 24], [14, 19, 15, 20], [16, 7, 17, 8], [18, 9, 19, 10], [20, 2, 21, 1], [22, 13, 23, 14], [24, 22, 1, 21], [2, 6, 3, 5], [4, 12, 5, 11]]"
12a_0278_10,"[[4, 12, 5, 11], [6, 15, 7, 16], [8, 17, 9, 18], [10, 4, 11, 3], [12, 23, 13, 24], [14, 19, 15, 20], [16, 7, 17, 8], [18, 9, 19, 10], [20, 2, 21, 1], [22, 13, 23, 14], [24, 22, 1, 21], [2, 6, 3, 5]]"
12a_0278_11,"[[2, 6, 3, 5], [4, 12, 5, 11], [6, 15, 7, 16], [8, 17, 9, 18], [10, 4, 11, 3], [12, 23, 13, 24], [14, 19, 15, 20], [16, 7, 17, 8], [18, 9, 19, 10], [20, 2, 21, 1], [22, 13, 23, 14], [24, 22, 1, 21]]"
12a_0278_12,"[[1, 23, 2, 22], [3, 7, 4, 6], [5, 13, 6, 12], [7, 16, 8, 17], [9, 18, 10, 19], [11, 5, 12, 4], [13, 24, 14, 1], [15, 20, 16, 21], [17, 8, 18, 9], [19, 10, 20, 11], [21, 3, 22, 2], [23, 14, 24, 15]]"
12a_0278_13,"[[23, 14, 24, 15], [1, 23, 2, 22], [3, 7, 4, 6], [5, 13, 6, 12], [7, 16, 8, 17], [9, 18, 10, 19], [11, 5, 12, 4], [13, 24, 14, 1], [15, 20, 16, 21], [17, 8, 18, 9], [19, 10, 20, 11], [21, 3, 22, 2]]"
12a_0278_14,"[[21, 3, 22, 2], [23, 14, 24, 15], [1, 23, 2, 22], [3, 7, 4, 6], [5, 13, 6, 12], [7, 16, 8, 17], [9, 18, 10, 19], [11, 5, 12, 4], [13, 24, 14, 1], [15, 20, 16, 21], [17, 8, 18, 9], [19, 10, 20, 11]]"
12a_0278_15,"[[19, 10, 20, 11], [21, 3, 22, 2], [23, 14, 24, 15], [1, 23, 2, 22], [3, 7, 4, 6], [5, 13, 6, 12], [7, 16, 8, 17], [9, 18, 10, 19], [11, 5, 12, 4], [13, 24, 14, 1], [15, 20, 16, 21], [17, 8, 18, 9]]"
12a_0278_16,"[[17, 8, 18, 9], [19, 10, 20, 11], [21, 3, 22, 2], [23, 14, 24, 15], [1, 23, 2, 22], [3, 7, 4, 6], [5, 13, 6, 12], [7, 16, 8, 17], [9, 18, 10, 19], [11, 5, 12, 4], [13, 24, 14, 1], [15, 20, 16, 21]]"
12a_0278_17,"[[15, 20, 16, 21], [17, 8, 18, 9], [19, 10, 20, 11], [21, 3, 22, 2], [23, 14, 24, 15], [1, 23, 2, 22], [3, 7, 4, 6], [5, 13, 6, 12], [7, 16, 8, 17], [9, 18, 10, 19], [11, 5, 12, 4], [13, 24, 14, 1]]"
12a_0278_18,"[[13, 24, 14, 1], [15, 20, 16, 21], [17, 8, 18, 9], [19, 10, 20, 11], [21, 3, 22, 2], [23, 14, 24, 15], [1, 23, 2, 22], [3, 7, 4, 6], [5, 13, 6, 12], [7, 16, 8, 17], [9, 18, 10, 19], [11, 5, 12, 4]]"
12a_0278_19,"[[11, 5, 12, 4], [13, 24, 14, 1], [15, 20, 16, 21], [17, 8, 18, 9], [19, 10, 20, 11], [21, 3, 22, 2], [23, 14, 24, 15], [1, 23, 2, 22], [3, 7, 4, 6], [5, 13, 6, 12], [7, 16, 8, 17], [9, 18, 10, 19]]"
12a_0278_20,"[[9, 18, 10, 19], [11, 5, 12, 4], [13, 24, 14, 1], [15, 20, 16, 21], [17, 8, 18, 9], [19, 10, 20, 11], [21, 3, 22, 2], [23, 14, 24, 15], [1, 23, 2, 22], [3, 7, 4, 6], [5, 13, 6, 12], [7, 16, 8, 17]]"
12a_0278_21,"[[7, 16, 8, 17], [9, 18, 10, 19], [11, 5, 12, 4], [13, 24, 14, 1], [15, 20, 16, 21], [17, 8, 18, 9], [19, 10, 20, 11], [21, 3, 22, 2], [23, 14, 24, 15], [1, 23, 2, 22], [3, 7, 4, 6], [5, 13, 6, 12]]"
12a_0278_22,"[[5, 13, 6, 12], [7, 16, 8, 17], [9, 18, 10, 19], [11, 5, 12, 4], [13, 24, 14, 1], [15, 20, 16, 21], [17, 8, 18, 9], [19, 10, 20, 11], [21, 3, 22, 2], [23, 14, 24, 15], [1, 23, 2, 22], [3, 7, 4, 6]]"
12a_0278_23,"[[3, 7, 4, 6], [5, 13, 6, 12], [7, 16, 8, 17], [9, 18, 10, 19], [11, 5, 12, 4], [13, 24, 14, 1], [15, 20, 16, 21], [17, 8, 18, 9], [19, 10, 20, 11], [21, 3, 22, 2], [23, 14, 24, 15], [1, 23, 2, 22]]"
12a_0278_24,"[[2, 24, 3, 23], [4, 8, 5, 7], [6, 14, 7, 13], [8, 17, 9, 18], [10, 19, 11, 20], [12, 6, 13, 5], [14, 1, 15, 2], [16, 21, 17, 22], [18, 9, 19, 10], [20, 11, 21, 12], [22, 4, 23, 3], [24, 15, 1, 16]]"
12a_0278_25,"[[24, 15, 1, 16], [2, 24, 3, 23], [4, 8, 5, 7], [6, 14, 7, 13], [8, 17, 9, 18], [10, 19, 11, 20], [12, 6, 13, 5], [14, 1, 15, 2], [16, 21, 17, 22], [18, 9, 19, 10], [20, 11, 21, 12], [22, 4, 23, 3]]"
12a_0278_26,"[[22, 4, 23, 3], [24, 15, 1, 16], [2, 24, 3, 23], [4, 8, 5, 7], [6, 14, 7, 13], [8, 17, 9, 18], [10, 19, 11, 20], [12, 6, 13, 5], [14, 1, 15, 2], [16, 21, 17, 22], [18, 9, 19, 10], [20, 11, 21, 12]]"
12a_0278_27,"[[20, 11, 21, 12], [22, 4, 23, 3], [24, 15, 1, 16], [2, 24, 3, 23], [4, 8, 5, 7], [6, 14, 7, 13], [8, 17, 9, 18], [10, 19, 11, 20], [12, 6, 13, 5], [14, 1, 15, 2], [16, 21, 17, 22], [18, 9, 19, 10]]"
12a_0278_28,"[[18, 9, 19, 10], [20, 11, 21, 12], [22, 4, 23, 3], [24, 15, 1, 16], [2, 24, 3, 23], [4, 8, 5, 7], [6, 14, 7, 13], [8, 17, 9, 18], [10, 19, 11, 20], [12, 6, 13, 5], [14, 1, 15, 2], [16, 21, 17, 22]]"
12a_0278_29,"[[16, 21, 17, 22], [18, 9, 19, 10], [20, 11, 21, 12], [22, 4, 23, 3], [24, 15, 1, 16], [2, 24, 3, 23], [4, 8, 5, 7], [6, 14, 7, 13], [8, 17, 9, 18], [10, 19, 11, 20], [12, 6, 13, 5], [14, 1, 15, 2]]"
12a_0278_30,"[[14, 1, 15, 2], [16, 21, 17, 22], [18, 9, 19, 10], [20, 11, 21, 12], [22, 4, 23, 3], [24, 15, 1, 16], [2, 24, 3, 23], [4, 8, 5, 7], [6, 14, 7, 13], [8, 17, 9, 18], [10, 19, 11, 20], [12, 6, 13, 5]]"
12a_0278_31,"[[12, 6, 13, 5], [14, 1, 15, 2], [16, 21, 17, 22], [18, 9, 19, 10], [20, 11, 21, 12], [22, 4, 23, 3], [24, 15, 1, 16], [2, 24, 3, 23], [4, 8, 5, 7], [6, 14, 7, 13], [8, 17, 9, 18], [10, 19, 11, 20]]"
12a_0278_32,"[[10, 19, 11, 20], [12, 6, 13, 5], [14, 1, 15, 2], [16, 21, 17, 22], [18, 9, 19, 10], [20, 11, 21, 12], [22, 4, 23, 3], [24, 15, 1, 16], [2, 24, 3, 23], [4, 8, 5, 7], [6, 14, 7, 13], [8, 17, 9, 18]]"
12a_0278_33,"[[8, 17, 9, 18], [10, 19, 11, 20], [12, 6, 13, 5], [14, 1, 15, 2], [16, 21, 17, 22], [18, 9, 19, 10], [20, 11, 21, 12], [22, 4, 23, 3], [24, 15, 1, 16], [2, 24, 3, 23], [4, 8, 5, 7], [6, 14, 7, 13]]"
12a_0278_34,"[[6, 14, 7, 13], [8, 17, 9, 18], [10, 19, 11, 20], [12, 6, 13, 5], [14, 1, 15, 2], [16, 21, 17, 22], [18, 9, 19, 10], [20, 11, 21, 12], [22, 4, 23, 3], [24, 15, 1, 16], [2, 24, 3, 23], [4, 8, 5, 7]]"
12a_0278_35,"[[4, 8, 5, 7], [6, 14, 7, 13], [8, 17, 9, 18], [10, 19, 11, 20], [12, 6, 13, 5], [14, 1, 15, 2], [16, 21, 17, 22], [18, 9, 19, 10], [20, 11, 21, 12], [22, 4, 23, 3], [24, 15, 1, 16], [2, 24, 3, 23]]"
12a_0278_36,"[[3, 1, 4, 24], [5, 9, 6, 8], [7, 15, 8, 14], [9, 18, 10, 19], [11, 20, 12, 21], [13, 7, 14, 6], [15, 2, 16, 3], [17, 22, 18, 23], [19, 10, 20, 11], [21, 12, 22, 13], [23, 5, 24, 4], [1, 16, 2, 17]]"
12a_0278_37,"[[1, 16, 2, 17], [3, 1, 4, 24], [5, 9, 6, 8], [7, 15, 8, 14], [9, 18, 10, 19], [11, 20, 12, 21], [13, 7, 14, 6], [15, 2, 16, 3], [17, 22, 18, 23], [19, 10, 20, 11], [21, 12, 22, 13], [23, 5, 24, 4]]"
12a_0278_38,"[[23, 5, 24, 4], [1, 16, 2, 17], [3, 1, 4, 24], [5, 9, 6, 8], [7, 15, 8, 14], [9, 18, 10, 19], [11, 20, 12, 21], [13, 7, 14, 6], [15, 2, 16, 3], [17, 22, 18, 23], [19, 10, 20, 11], [21, 12, 22, 13]]"
12a_0278_39,"[[21, 12, 22, 13], [23, 5, 24, 4], [1, 16, 2, 17], [3, 1, 4, 24], [5, 9, 6, 8], [7, 15, 8, 14], [9, 18, 10, 19], [11, 20, 12, 21], [13, 7, 14, 6], [15, 2, 16, 3], [17, 22, 18, 23], [19, 10, 20, 11]]"
12a_0278_40,"[[19, 10, 20, 11], [21, 12, 22, 13], [23, 5, 24, 4], [1, 16, 2, 17], [3, 1, 4, 24], [5, 9, 6, 8], [7, 15, 8, 14], [9, 18, 10, 19], [11, 20, 12, 21], [13, 7, 14, 6], [15, 2, 16, 3], [17, 22, 18, 23]]"
12a_0278_41,"[[17, 22, 18, 23], [19, 10, 20, 11], [21, 12, 22, 13], [23, 5, 24, 4], [1, 16, 2, 17], [3, 1, 4, 24], [5, 9, 6, 8], [7, 15, 8, 14], [9, 18, 10, 19], [11, 20, 12, 21], [13, 7, 14, 6], [15, 2, 16, 3]]"
12a_0278_42,"[[15, 2, 16, 3], [17, 22, 18, 23], [19, 10, 20, 11], [21, 12, 22, 13], [23, 5, 24, 4], [1, 16, 2, 17], [3, 1, 4, 24], [5, 9, 6, 8], [7, 15, 8, 14], [9, 18, 10, 19], [11, 20, 12, 21], [13, 7, 14, 6]]"
12a_0278_43,"[[13, 7, 14, 6], [15, 2, 16, 3], [17, 22, 18, 23], [19, 10, 20, 11], [21, 12, 22, 13], [23, 5, 24, 4], [1, 16, 2, 17], [3, 1, 4, 24], [5, 9, 6, 8], [7, 15, 8, 14], [9, 18, 10, 19], [11, 20, 12, 21]]"
12a_0278_44,"[[11, 20, 12, 21], [13, 7, 14, 6], [15, 2, 16, 3], [17, 22, 18, 23], [19, 10, 20, 11], [21, 12, 22, 13], [23, 5, 24, 4], [1, 16, 2, 17], [3, 1, 4, 24], [5, 9, 6, 8], [7, 15, 8, 14], [9, 18, 10, 19]]"
12a_0278_45,"[[9, 18, 10, 19], [11, 20, 12, 21], [13, 7, 14, 6], [15, 2, 16, 3], [17, 22, 18, 23], [19, 10, 20, 11], [21, 12, 22, 13], [23, 5, 24, 4], [1, 16, 2, 17], [3, 1, 4, 24], [5, 9, 6, 8], [7, 15, 8, 14]]"
12a_0278_46,"[[7, 15, 8, 14], [9, 18, 10, 19], [11, 20, 12, 21], [13, 7, 14, 6], [15, 2, 16, 3], [17, 22, 18, 23], [19, 10, 20, 11], [21, 12, 22, 13], [23, 5, 24, 4], [1, 16, 2, 17], [3, 1, 4, 24], [5, 9, 6, 8]]"
12a_0278_47,"[[5, 9, 6, 8], [7, 15, 8, 14], [9, 18, 10, 19], [11, 20, 12, 21], [13, 7, 14, 6], [15, 2, 16, 3], [17, 22, 18, 23], [19, 10, 20, 11], [21, 12, 22, 13], [23, 5, 24, 4], [1, 16, 2, 17], [3, 1, 4, 24]]"
12a_0278_48,"[[4, 2, 5, 1], [6, 10, 7, 9], [8, 16, 9, 15], [10, 19, 11, 20], [12, 21, 13, 22], [14, 8, 15, 7], [16, 3, 17, 4], [18, 23, 19, 24], [20, 11, 21, 12], [22, 13, 23, 14], [24, 6, 1, 5], [2, 17, 3, 18]]"
12a_0278_49,"[[2, 17, 3, 18], [4, 2, 5, 1], [6, 10, 7, 9], [8, 16, 9, 15], [10, 19, 11, 20], [12, 21, 13, 22], [14, 8, 15, 7], [16, 3, 17, 4], [18, 23, 19, 24], [20, 11, 21, 12], [22, 13, 23, 14], [24, 6, 1, 5]]"
12a_0278_50,"[[24, 6, 1, 5], [2, 17, 3, 18], [4, 2, 5, 1], [6, 10, 7, 9], [8, 16, 9, 15], [10, 19, 11, 20], [12, 21, 13, 22], [14, 8, 15, 7], [16, 3, 17, 4], [18, 23, 19, 24], [20, 11, 21, 12], [22, 13, 23, 14]]"
12a_0278_51,"[[22, 13, 23, 14], [24, 6, 1, 5], [2, 17, 3, 18], [4, 2, 5, 1], [6, 10, 7, 9], [8, 16, 9, 15], [10, 19, 11, 20], [12, 21, 13, 22], [14, 8, 15, 7], [16, 3, 17, 4], [18, 23, 19, 24], [20, 11, 21, 12]]"
12a_0278_52,"[[20, 11, 21, 12], [22, 13, 23, 14], [24, 6, 1, 5], [2, 17, 3, 18], [4, 2, 5, 1], [6, 10, 7, 9], [8, 16, 9, 15], [10, 19, 11, 20], [12, 21, 13, 22], [14, 8, 15, 7], [16, 3, 17, 4], [18, 23, 19, 24]]"
12a_0278_53,"[[18, 23, 19, 24], [20, 11, 21, 12], [22, 13, 23, 14], [24, 6, 1, 5], [2, 17, 3, 18], [4, 2, 5, 1], [6, 10, 7, 9], [8, 16, 9, 15], [10, 19, 11, 20], [12, 21, 13, 22], [14, 8, 15, 7], [16, 3, 17, 4]]"
12a_0278_54,"[[16, 3, 17, 4], [18, 23, 19, 24], [20, 11, 21, 12], [22, 13, 23, 14], [24, 6, 1, 5], [2, 17, 3, 18], [4, 2, 5, 1], [6, 10, 7, 9], [8, 16, 9, 15], [10, 19, 11, 20], [12, 21, 13, 22], [14, 8, 15, 7]]"
12a_0278_55,"[[14, 8, 15, 7], [16, 3, 17, 4], [18, 23, 19, 24], [20, 11, 21, 12], [22, 13, 23, 14], [24, 6, 1, 5], [2, 17, 3, 18], [4, 2, 5, 1], [6, 10, 7, 9], [8, 16, 9, 15], [10, 19, 11, 20], [12, 21, 13, 22]]"
12a_0278_56,"[[12, 21, 13, 22], [14, 8, 15, 7], [16, 3, 17, 4], [18, 23, 19, 24], [20, 11, 21, 12], [22, 13, 23, 14], [24, 6, 1, 5], [2, 17, 3, 18], [4, 2, 5, 1], [6, 10, 7, 9], [8, 16, 9, 15], [10, 19, 11, 20]]"
12a_0278_57,"[[10, 19, 11, 20], [12, 21, 13, 22], [14, 8, 15, 7], [16, 3, 17, 4], [18, 23, 19, 24], [20, 11, 21, 12], [22, 13, 23, 14], [24, 6, 1, 5], [2, 17, 3, 18], [4, 2, 5, 1], [6, 10, 7, 9], [8, 16, 9, 15]]"
12a_0278_58,"[[8, 16, 9, 15], [10, 19, 11, 20], [12, 21, 13, 22], [14, 8, 15, 7], [16, 3, 17, 4], [18, 23, 19, 24], [20, 11, 21, 12], [22, 13, 23, 14], [24, 6, 1, 5], [2, 17, 3, 18], [4, 2, 5, 1], [6, 10, 7, 9]]"
12a_0278_59,"[[6, 10, 7, 9], [8, 16, 9, 15], [10, 19, 11, 20], [12, 21, 13, 22], [14, 8, 15, 7], [16, 3, 17, 4], [18, 23, 19, 24], [20, 11, 21, 12], [22, 13, 23, 14], [24, 6, 1, 5], [2, 17, 3, 18], [4, 2, 5, 1]]"
12a_0278_60,"[[5, 3, 6, 2], [7, 11, 8, 10], [9, 17, 10, 16], [11, 20, 12, 21], [13, 22, 14, 23], [15, 9, 16, 8], [17, 4, 18, 5], [19, 24, 20, 1], [21, 12, 22, 13], [23, 14, 24, 15], [1, 7, 2, 6], [3, 18, 4, 19]]"
12a_0278_61,"[[3, 18, 4, 19], [5, 3, 6, 2], [7, 11, 8, 10], [9, 17, 10, 16], [11, 20, 12, 21], [13, 22, 14, 23], [15, 9, 16, 8], [17, 4, 18, 5], [19, 24, 20, 1], [21, 12, 22, 13], [23, 14, 24, 15], [1, 7, 2, 6]]"
12a_0278_62,"[[1, 7, 2, 6], [3, 18, 4, 19], [5, 3, 6, 2], [7, 11, 8, 10], [9, 17, 10, 16], [11, 20, 12, 21], [13, 22, 14, 23], [15, 9, 16, 8], [17, 4, 18, 5], [19, 24, 20, 1], [21, 12, 22, 13], [23, 14, 24, 15]]"
12a_0278_63,"[[23, 14, 24, 15], [1, 7, 2, 6], [3, 18, 4, 19], [5, 3, 6, 2], [7, 11, 8, 10], [9, 17, 10, 16], [11, 20, 12, 21], [13, 22, 14, 23], [15, 9, 16, 8], [17, 4, 18, 5], [19, 24, 20, 1], [21, 12, 22, 13]]"
12a_0278_64,"[[21, 12, 22, 13], [23, 14, 24, 15], [1, 7, 2, 6], [3, 18, 4, 19], [5, 3, 6, 2], [7, 11, 8, 10], [9, 17, 10, 16], [11, 20, 12, 21], [13, 22, 14, 23], [15, 9, 16, 8], [17, 4, 18, 5], [19, 24, 20, 1]]"
12a_0278_65,"[[19, 24, 20, 1], [21, 12, 22, 13], [23, 14, 24, 15], [1, 7, 2, 6], [3, 18, 4, 19], [5, 3, 6, 2], [7, 11, 8, 10], [9, 17, 10, 16], [11, 20, 12, 21], [13, 22, 14, 23], [15, 9, 16, 8], [17, 4, 18, 5]]"
12a_0278_66,"[[17, 4, 18, 5], [19, 24, 20, 1], [21, 12, 22, 13], [23, 14, 24, 15], [1, 7, 2, 6], [3, 18, 4, 19], [5, 3, 6, 2], [7, 11, 8, 10], [9, 17, 10, 16], [11, 20, 12, 21], [13, 22, 14, 23], [15, 9, 16, 8]]"
12a_0278_67,"[[15, 9, 16, 8], [17, 4, 18, 5], [19, 24, 20, 1], [21, 12, 22, 13], [23, 14, 24, 15], [1, 7, 2, 6], [3, 18, 4, 19], [5, 3, 6, 2], [7, 11, 8, 10], [9, 17, 10, 16], [11, 20, 12, 21], [13, 22, 14, 23]]"
12a_0278_68,"[[13, 22, 14, 23], [15, 9, 16, 8], [17, 4, 18, 5], [19, 24, 20, 1], [21, 12, 22, 13], [23, 14, 24, 15], [1, 7, 2, 6], [3, 18, 4, 19], [5, 3, 6, 2], [7, 11, 8, 10], [9, 17, 10, 16], [11, 20, 12, 21]]"
12a_0278_69,"[[11, 20, 12, 21], [13, 22, 14, 23], [15, 9, 16, 8], [17, 4, 18, 5], [19, 24, 20, 1], [21, 12, 22, 13], [23, 14, 24, 15], [1, 7, 2, 6], [3, 18, 4, 19], [5, 3, 6, 2], [7, 11, 8, 10], [9, 17, 10, 16]]"
12a_0278_70,"[[9, 17, 10, 16], [11, 20, 12, 21], [13, 22, 14, 23], [15, 9, 16, 8], [17, 4, 18, 5], [19, 24, 20, 1], [21, 12, 22, 13], [23, 14, 24, 15], [1, 7, 2, 6], [3, 18, 4, 19], [5, 3, 6, 2], [7, 11, 8, 10]]"
12a_0278_71,"[[7, 11, 8, 10], [9, 17, 10, 16], [11, 20, 12, 21], [13, 22, 14, 23], [15, 9, 16, 8], [17, 4, 18, 5], [19, 24, 20, 1], [21, 12, 22, 13], [23, 14, 24, 15], [1, 7, 2, 6], [3, 18, 4, 19], [5, 3, 6, 2]]"
12a_0278_72,"[[6, 4, 7, 3], [8, 12, 9, 11], [10, 18, 11, 17], [12, 21, 13, 22], [14, 23, 15, 24], [16, 10, 17, 9], [18, 5, 19, 6], [20, 1, 21, 2], [22, 13, 23, 14], [24, 15, 1, 16], [2, 8, 3, 7], [4, 19, 5, 20]]"
12a_0278_73,"[[4, 19, 5, 20], [6, 4, 7, 3], [8, 12, 9, 11], [10, 18, 11, 17], [12, 21, 13, 22], [14, 23, 15, 24], [16, 10, 17, 9], [18, 5, 19, 6], [20, 1, 21, 2], [22, 13, 23, 14], [24, 15, 1, 16], [2, 8, 3, 7]]"
12a_0278_74,"[[2, 8, 3, 7], [4, 19, 5, 20], [6, 4, 7, 3], [8, 12, 9, 11], [10, 18, 11, 17], [12, 21, 13, 22], [14, 23, 15, 24], [16, 10, 17, 9], [18, 5, 19, 6], [20, 1, 21, 2], [22, 13, 23, 14], [24, 15, 1, 16]]"
12a_0278_75,"[[24, 15, 1, 16], [2, 8, 3, 7], [4, 19, 5, 20], [6, 4, 7, 3], [8, 12, 9, 11], [10, 18, 11, 17], [12, 21, 13, 22], [14, 23, 15, 24], [16, 10, 17, 9], [18, 5, 19, 6], [20, 1, 21, 2], [22, 13, 23, 14]]"
12a_0278_76,"[[22, 13, 23, 14], [24, 15, 1, 16], [2, 8, 3, 7], [4, 19, 5, 20], [6, 4, 7, 3], [8, 12, 9, 11], [10, 18, 11, 17], [12, 21, 13, 22], [14, 23, 15, 24], [16, 10, 17, 9], [18, 5, 19, 6], [20, 1, 21, 2]]"
12a_0278_77,"[[20, 1, 21, 2], [22, 13, 23, 14], [24, 15, 1, 16], [2, 8, 3, 7], [4, 19, 5, 20], [6, 4, 7, 3], [8, 12, 9, 11], [10, 18, 11, 17], [12, 21, 13, 22], [14, 23, 15, 24], [16, 10, 17, 9], [18, 5, 19, 6]]"
12a_0278_78,"[[18, 5, 19, 6], [20, 1, 21, 2], [22, 13, 23, 14], [24, 15, 1, 16], [2, 8, 3, 7], [4, 19, 5, 20], [6, 4, 7, 3], [8, 12, 9, 11], [10, 18, 11, 17], [12, 21, 13, 22], [14, 23, 15, 24], [16, 10, 17, 9]]"
12a_0278_79,"[[16, 10, 17, 9], [18, 5, 19, 6], [20, 1, 21, 2], [22, 13, 23, 14], [24, 15, 1, 16], [2, 8, 3, 7], [4, 19, 5, 20], [6, 4, 7, 3], [8, 12, 9, 11], [10, 18, 11, 17], [12, 21, 13, 22], [14, 23, 15, 24]]"
12a_0278_80,"[[14, 23, 15, 24], [16, 10, 17, 9], [18, 5, 19, 6], [20, 1, 21, 2], [22, 13, 23, 14], [24, 15, 1, 16], [2, 8, 3, 7], [4, 19, 5, 20], [6, 4, 7, 3], [8, 12, 9, 11], [10, 18, 11, 17], [12, 21, 13, 22]]"
12a_0278_81,"[[12, 21, 13, 22], [14, 23, 15, 24], [16, 10, 17, 9], [18, 5, 19, 6], [20, 1, 21, 2], [22, 13, 23, 14], [24, 15, 1, 16], [2, 8, 3, 7], [4, 19, 5, 20], [6, 4, 7, 3], [8, 12, 9, 11], [10, 18, 11, 17]]"
12a_0278_82,"[[10, 18, 11, 17], [12, 21, 13, 22], [14, 23, 15, 24], [16, 10, 17, 9], [18, 5, 19, 6], [20, 1, 21, 2], [22, 13, 23, 14], [24, 15, 1, 16], [2, 8, 3, 7], [4, 19, 5, 20], [6, 4, 7, 3], [8, 12, 9, 11]]"
12a_0278_83,"[[8, 12, 9, 11], [10, 18, 11, 17], [12, 21, 13, 22], [14, 23, 15, 24], [16, 10, 17, 9], [18, 5, 19, 6], [20, 1, 21, 2], [22, 13, 23, 14], [24, 15, 1, 16], [2, 8, 3, 7], [4, 19, 5, 20], [6, 4, 7, 3]]"
12a_0278_84,"[[7, 5, 8, 4], [9, 13, 10, 12], [11, 19, 12, 18], [13, 22, 14, 23], [15, 24, 16, 1], [17, 11, 18, 10], [19, 6, 20, 7], [21, 2, 22, 3], [23, 14, 24, 15], [1, 16, 2, 17], [3, 9, 4, 8], [5, 20, 6, 21]]"
12a_0278_85,"[[5, 20, 6, 21], [7, 5, 8, 4], [9, 13, 10, 12], [11, 19, 12, 18], [13, 22, 14, 23], [15, 24, 16, 1], [17, 11, 18, 10], [19, 6, 20, 7], [21, 2, 22, 3], [23, 14, 24, 15], [1, 16, 2, 17], [3, 9, 4, 8]]"
12a_0278_86,"[[3, 9, 4, 8], [5, 20, 6, 21], [7, 5, 8, 4], [9, 13, 10, 12], [11, 19, 12, 18], [13, 22, 14, 23], [15, 24, 16, 1], [17, 11, 18, 10], [19, 6, 20, 7], [21, 2, 22, 3], [23, 14, 24, 15], [1, 16, 2, 17]]"
12a_0278_87,"[[1, 16, 2, 17], [3, 9, 4, 8], [5, 20, 6, 21], [7, 5, 8, 4], [9, 13, 10, 12], [11, 19, 12, 18], [13, 22, 14, 23], [15, 24, 16, 1], [17, 11, 18, 10], [19, 6, 20, 7], [21, 2, 22, 3], [23, 14, 24, 15]]"
12a_0278_88,"[[23, 14, 24, 15], [1, 16, 2, 17], [3, 9, 4, 8], [5, 20, 6, 21], [7, 5, 8, 4], [9, 13, 10, 12], [11, 19, 12, 18], [13, 22, 14, 23], [15, 24, 16, 1], [17, 11, 18, 10], [19, 6, 20, 7], [21, 2, 22, 3]]"
12a_0278_89,"[[21, 2, 22, 3], [23, 14, 24, 15], [1, 16, 2, 17], [3, 9, 4, 8], [5, 20, 6, 21], [7, 5, 8, 4], [9, 13, 10, 12], [11, 19, 12, 18], [13, 22, 14, 23], [15, 24, 16, 1], [17, 11, 18, 10], [19, 6, 20, 7]]"
12a_0278_90,"[[19, 6, 20, 7], [21, 2, 22, 3], [23, 14, 24, 15], [1, 16, 2, 17], [3, 9, 4, 8], [5, 20, 6, 21], [7, 5, 8, 4], [9, 13, 10, 12], [11, 19, 12, 18], [13, 22, 14, 23], [15, 24, 16, 1], [17, 11, 18, 10]]"
12a_0278_91,"[[17, 11, 18, 10], [19, 6, 20, 7], [21, 2, 22, 3], [23, 14, 24, 15], [1, 16, 2, 17], [3, 9, 4, 8], [5, 20, 6, 21], [7, 5, 8, 4], [9, 13, 10, 12], [11, 19, 12, 18], [13, 22, 14, 23], [15, 24, 16, 1]]"
12a_0278_92,"[[15, 24, 16, 1], [17, 11, 18, 10], [19, 6, 20, 7], [21, 2, 22, 3], [23, 14, 24, 15], [1, 16, 2, 17], [3, 9, 4, 8], [5, 20, 6, 21], [7, 5, 8, 4], [9, 13, 10, 12], [11, 19, 12, 18], [13, 22, 14, 23]]"
12a_0278_93,"[[13, 22, 14, 23], [15, 24, 16, 1], [17, 11, 18, 10], [19, 6, 20, 7], [21, 2, 22, 3], [23, 14, 24, 15], [1, 16, 2, 17], [3, 9, 4, 8], [5, 20, 6, 21], [7, 5, 8, 4], [9, 13, 10, 12], [11, 19, 12, 18]]"
12a_0278_94,"[[11, 19, 12, 18], [13, 22, 14, 23], [15, 24, 16, 1], [17, 11, 18, 10], [19, 6, 20, 7], [21, 2, 22, 3], [23, 14, 24, 15], [1, 16, 2, 17], [3, 9, 4, 8], [5, 20, 6, 21], [7, 5, 8, 4], [9, 13, 10, 12]]"
12a_0278_95,"[[9, 13, 10, 12], [11, 19, 12, 18], [13, 22, 14, 23], [15, 24, 16, 1], [17, 11, 18, 10], [19, 6, 20, 7], [21, 2, 22, 3], [23, 14, 24, 15], [1, 16, 2, 17], [3, 9, 4, 8], [5, 20, 6, 21], [7, 5, 8, 4]]"
12a_0278_96,"[[8, 6, 9, 5], [10, 14, 11, 13], [12, 20, 13, 19], [14, 23, 15, 24], [16, 1, 17, 2], [18, 12, 19, 11], [20, 7, 21, 8], [22, 3, 23, 4], [24, 15, 1, 16], [2, 17, 3, 18], [4, 10, 5, 9], [6, 21, 7, 22]]"
12a_0278_97,"[[6, 21, 7, 22], [8, 6, 9, 5], [10, 14, 11, 13], [12, 20, 13, 19], [14, 23, 15, 24], [16, 1, 17, 2], [18, 12, 19, 11], [20, 7, 21, 8], [22, 3, 23, 4], [24, 15, 1, 16], [2, 17, 3, 18], [4, 10, 5, 9]]"
12a_0278_98,"[[4, 10, 5, 9], [6, 21, 7, 22], [8, 6, 9, 5], [10, 14, 11, 13], [12, 20, 13, 19], [14, 23, 15, 24], [16, 1, 17, 2], [18, 12, 19, 11], [20, 7, 21, 8], [22, 3, 23, 4], [24, 15, 1, 16], [2, 17, 3, 18]]"
12a_0278_99,"[[2, 17, 3, 18], [4, 10, 5, 9], [6, 21, 7, 22], [8, 6, 9, 5], [10, 14, 11, 13], [12, 20, 13, 19], [14, 23, 15, 24], [16, 1, 17, 2], [18, 12, 19, 11], [20, 7, 21, 8], [22, 3, 23, 4], [24, 15, 1, 16]]"
12a_0278_100,"[[24, 15, 1, 16], [2, 17, 3, 18], [4, 10, 5, 9], [6, 21, 7, 22], [8, 6, 9, 5], [10, 14, 11, 13], [12, 20, 13, 19], [14, 23, 15, 24], [16, 1, 17, 2], [18, 12, 19, 11], [20, 7, 21, 8], [22, 3, 23, 4]]"
12a_0278_101,"[[22, 3, 23, 4], [24, 15, 1, 16], [2, 17, 3, 18], [4, 10, 5, 9], [6, 21, 7, 22], [8, 6, 9, 5], [10, 14, 11, 13], [12, 20, 13, 19], [14, 23, 15, 24], [16, 1, 17, 2], [18, 12, 19, 11], [20, 7, 21, 8]]"
12a_0278_102,"[[20, 7, 21, 8], [22, 3, 23, 4], [24, 15, 1, 16], [2, 17, 3, 18], [4, 10, 5, 9], [6, 21, 7, 22], [8, 6, 9, 5], [10, 14, 11, 13], [12, 20, 13, 19], [14, 23, 15, 24], [16, 1, 17, 2], [18, 12, 19, 11]]"
12a_0278_103,"[[18, 12, 19, 11], [20, 7, 21, 8], [22, 3, 23, 4], [24, 15, 1, 16], [2, 17, 3, 18], [4, 10, 5, 9], [6, 21, 7, 22], [8, 6, 9, 5], [10, 14, 11, 13], [12, 20, 13, 19], [14, 23, 15, 24], [16, 1, 17, 2]]"
12a_0278_104,"[[16, 1, 17, 2], [18, 12, 19, 11], [20, 7, 21, 8], [22, 3, 23, 4], [24, 15, 1, 16], [2, 17, 3, 18], [4, 10, 5, 9], [6, 21, 7, 22], [8, 6, 9, 5], [10, 14, 11, 13], [12, 20, 13, 19], [14, 23, 15, 24]]"
12a_0278_105,"[[14, 23, 15, 24], [16, 1, 17, 2], [18, 12, 19, 11], [20, 7, 21, 8], [22, 3, 23, 4], [24, 15, 1, 16], [2, 17, 3, 18], [4, 10, 5, 9], [6, 21, 7, 22], [8, 6, 9, 5], [10, 14, 11, 13], [12, 20, 13, 19]]"
12a_0278_106,"[[12, 20, 13, 19], [14, 23, 15, 24], [16, 1, 17, 2], [18, 12, 19, 11], [20, 7, 21, 8], [22, 3, 23, 4], [24, 15, 1, 16], [2, 17, 3, 18], [4, 10, 5, 9], [6, 21, 7, 22], [8, 6, 9, 5], [10, 14, 11, 13]]"
12a_0278_107,"[[10, 14, 11, 13], [12, 20, 13, 19], [14, 23, 15, 24], [16, 1, 17, 2], [18, 12, 19, 11], [20, 7, 21, 8], [22, 3, 23, 4], [24, 15, 1, 16], [2, 17, 3, 18], [4, 10, 5, 9], [6, 21, 7, 22], [8, 6, 9, 5]]"
12a_0278_108,"[[9, 7, 10, 6], [11, 15, 12, 14], [13, 21, 14, 20], [15, 24, 16, 1], [17, 2, 18, 3], [19, 13, 20, 12], [21, 8, 22, 9], [23, 4, 24, 5], [1, 16, 2, 17], [3, 18, 4, 19], [5, 11, 6, 10], [7, 22, 8, 23]]"
12a_0278_109,"[[7, 22, 8, 23], [9, 7, 10, 6], [11, 15, 12, 14], [13, 21, 14, 20], [15, 24, 16, 1], [17, 2, 18, 3], [19, 13, 20, 12], [21, 8, 22, 9], [23, 4, 24, 5], [1, 16, 2, 17], [3, 18, 4, 19], [5, 11, 6, 10]]"
12a_0278_110,"[[5, 11, 6, 10], [7, 22, 8, 23], [9, 7, 10, 6], [11, 15, 12, 14], [13, 21, 14, 20], [15, 24, 16, 1], [17, 2, 18, 3], [19, 13, 20, 12], [21, 8, 22, 9], [23, 4, 24, 5], [1, 16, 2, 17], [3, 18, 4, 19]]"
12a_0278_111,"[[3, 18, 4, 19], [5, 11, 6, 10], [7, 22, 8, 23], [9, 7, 10, 6], [11, 15, 12, 14], [13, 21, 14, 20], [15, 24, 16, 1], [17, 2, 18, 3], [19, 13, 20, 12], [21, 8, 22, 9], [23, 4, 24, 5], [1, 16, 2, 17]]"
12a_0278_112,"[[1, 16, 2, 17], [3, 18, 4, 19], [5, 11, 6, 10], [7, 22, 8, 23], [9, 7, 10, 6], [11, 15, 12, 14], [13, 21, 14, 20], [15, 24, 16, 1], [17, 2, 18, 3], [19, 13, 20, 12], [21, 8, 22, 9], [23, 4, 24, 5]]"
12a_0278_113,"[[23, 4, 24, 5], [1, 16, 2, 17], [3, 18, 4, 19], [5, 11, 6, 10], [7, 22, 8, 23], [9, 7, 10, 6], [11, 15, 12, 14], [13, 21, 14, 20], [15, 24, 16, 1], [17, 2, 18, 3], [19, 13, 20, 12], [21, 8, 22, 9]]"
12a_0278_114,"[[21, 8, 22, 9], [23, 4, 24, 5], [1, 16, 2, 17], [3, 18, 4, 19], [5, 11, 6, 10], [7, 22, 8, 23], [9, 7, 10, 6], [11, 15, 12, 14], [13, 21, 14, 20], [15, 24, 16, 1], [17, 2, 18, 3], [19, 13, 20, 12]]"
12a_0278_115,"[[19, 13, 20, 12], [21, 8, 22, 9], [23, 4, 24, 5], [1, 16, 2, 17], [3, 18, 4, 19], [5, 11, 6, 10], [7, 22, 8, 23], [9, 7, 10, 6], [11, 15, 12, 14], [13, 21, 14, 20], [15, 24, 16, 1], [17, 2, 18, 3]]"
12a_0278_116,"[[17, 2, 18, 3], [19, 13, 20, 12], [21, 8, 22, 9], [23, 4, 24, 5], [1, 16, 2, 17], [3, 18, 4, 19], [5, 11, 6, 10], [7, 22, 8, 23], [9, 7, 10, 6], [11, 15, 12, 14], [13, 21, 14, 20], [15, 24, 16, 1]]"
12a_0278_117,"[[15, 24, 16, 1], [17, 2, 18, 3], [19, 13, 20, 12], [21, 8, 22, 9], [23, 4, 24, 5], [1, 16, 2, 17], [3, 18, 4, 19], [5, 11, 6, 10], [7, 22, 8, 23], [9, 7, 10, 6], [11, 15, 12, 14], [13, 21, 14, 20]]"
12a_0278_118,"[[13, 21, 14, 20], [15, 24, 16, 1], [17, 2, 18, 3], [19, 13, 20, 12], [21, 8, 22, 9], [23, 4, 24, 5], [1, 16, 2, 17], [3, 18, 4, 19], [5, 11, 6, 10], [7, 22, 8, 23], [9, 7, 10, 6], [11, 15, 12, 14]]"
12a_0278_119,"[[11, 15, 12, 14], [13, 21, 14, 20], [15, 24, 16, 1], [17, 2, 18, 3], [19, 13, 20, 12], [21, 8, 22, 9], [23, 4, 24, 5], [1, 16, 2, 17], [3, 18, 4, 19], [5, 11, 6, 10], [7, 22, 8, 23], [9, 7, 10, 6]]"
12a_0278_120,"[[10, 8, 11, 7], [12, 16, 13, 15], [14, 22, 15, 21], [16, 1, 17, 2], [18, 3, 19, 4], [20, 14, 21, 13], [22, 9, 23, 10], [24, 5, 1, 6], [2, 17, 3, 18], [4, 19, 5, 20], [6, 12, 7, 11], [8, 23, 9, 24]]"
12a_0278_121,"[[8, 23, 9, 24], [10, 8, 11, 7], [12, 16, 13, 15], [14, 22, 15, 21], [16, 1, 17, 2], [18, 3, 19, 4], [20, 14, 21, 13], [22, 9, 23, 10], [24, 5, 1, 6], [2, 17, 3, 18], [4, 19, 5, 20], [6, 12, 7, 11]]"
12a_0278_122,"[[6, 12, 7, 11], [8, 23, 9, 24], [10, 8, 11, 7], [12, 16, 13, 15], [14, 22, 15, 21], [16, 1, 17, 2], [18, 3, 19, 4], [20, 14, 21, 13], [22, 9, 23, 10], [24, 5, 1, 6], [2, 17, 3, 18], [4, 19, 5, 20]]"
12a_0278_123,"[[4, 19, 5, 20], [6, 12, 7, 11], [8, 23, 9, 24], [10, 8, 11, 7], [12, 16, 13, 15], [14, 22, 15, 21], [16, 1, 17, 2], [18, 3, 19, 4], [20, 14, 21, 13], [22, 9, 23, 10], [24, 5, 1, 6], [2, 17, 3, 18]]"
12a_0278_124,"[[2, 17, 3, 18], [4, 19, 5, 20], [6, 12, 7, 11], [8, 23, 9, 24], [10, 8, 11, 7], [12, 16, 13, 15], [14, 22, 15, 21], [16, 1, 17, 2], [18, 3, 19, 4], [20, 14, 21, 13], [22, 9, 23, 10], [24, 5, 1, 6]]"
12a_0278_125,"[[24, 5, 1, 6], [2, 17, 3, 18], [4, 19, 5, 20], [6, 12, 7, 11], [8, 23, 9, 24], [10, 8, 11, 7], [12, 16, 13, 15], [14, 22, 15, 21], [16, 1, 17, 2], [18, 3, 19, 4], [20, 14, 21, 13], [22, 9, 23, 10]]"
12a_0278_126,"[[22, 9, 23, 10], [24, 5, 1, 6], [2, 17, 3, 18], [4, 19, 5, 20], [6, 12, 7, 11], [8, 23, 9, 24], [10, 8, 11, 7], [12, 16, 13, 15], [14, 22, 15, 21], [16, 1, 17, 2], [18, 3, 19, 4], [20, 14, 21, 13]]"
12a_0278_127,"[[20, 14, 21, 13], [22, 9, 23, 10], [24, 5, 1, 6], [2, 17, 3, 18], [4, 19, 5, 20], [6, 12, 7, 11], [8, 23, 9, 24], [10, 8, 11, 7], [12, 16, 13, 15], [14, 22, 15, 21], [16, 1, 17, 2], [18, 3, 19, 4]]"
12a_0278_128,"[[18, 3, 19, 4], [20, 14, 21, 13], [22, 9, 23, 10], [24, 5, 1, 6], [2, 17, 3, 18], [4, 19, 5, 20], [6, 12, 7, 11], [8, 23, 9, 24], [10, 8, 11, 7], [12, 16, 13, 15], [14, 22, 15, 21], [16, 1, 17, 2]]"
12a_0278_129,"[[16, 1, 17, 2], [18, 3, 19, 4], [20, 14, 21, 13], [22, 9, 23, 10], [24, 5, 1, 6], [2, 17, 3, 18], [4, 19, 5, 20], [6, 12, 7, 11], [8, 23, 9, 24], [10, 8, 11, 7], [12, 16, 13, 15], [14, 22, 15, 21]]"
12a_0278_130,"[[14, 22, 15, 21], [16, 1, 17, 2], [18, 3, 19, 4], [20, 14, 21, 13], [22, 9, 23, 10], [24, 5, 1, 6], [2, 17, 3, 18], [4, 19, 5, 20], [6, 12, 7, 11], [8, 23, 9, 24], [10, 8, 11, 7], [12, 16, 13, 15]]"
12a_0278_131,"[[12, 16, 13, 15], [14, 22, 15, 21], [16, 1, 17, 2], [18, 3, 19, 4], [20, 14, 21, 13], [22, 9, 23, 10], [24, 5, 1, 6], [2, 17, 3, 18], [4, 19, 5, 20], [6, 12, 7, 11], [8, 23, 9, 24], [10, 8, 11, 7]]"
12a_0278_132,"[[11, 9, 12, 8], [13, 17, 14, 16], [15, 23, 16, 22], [17, 2, 18, 3], [19, 4, 20, 5], [21, 15, 22, 14], [23, 10, 24, 11], [1, 6, 2, 7], [3, 18, 4, 19], [5, 20, 6, 21], [7, 13, 8, 12], [9, 24, 10, 1]]"
12a_0278_133,"[[9, 24, 10, 1], [11, 9, 12, 8], [13, 17, 14, 16], [15, 23, 16, 22], [17, 2, 18, 3], [19, 4, 20, 5], [21, 15, 22, 14], [23, 10, 24, 11], [1, 6, 2, 7], [3, 18, 4, 19], [5, 20, 6, 21], [7, 13, 8, 12]]"
12a_0278_134,"[[7, 13, 8, 12], [9, 24, 10, 1], [11, 9, 12, 8], [13, 17, 14, 16], [15, 23, 16, 22], [17, 2, 18, 3], [19, 4, 20, 5], [21, 15, 22, 14], [23, 10, 24, 11], [1, 6, 2, 7], [3, 18, 4, 19], [5, 20, 6, 21]]"
12a_0278_135,"[[5, 20, 6, 21], [7, 13, 8, 12], [9, 24, 10, 1], [11, 9, 12, 8], [13, 17, 14, 16], [15, 23, 16, 22], [17, 2, 18, 3], [19, 4, 20, 5], [21, 15, 22, 14], [23, 10, 24, 11], [1, 6, 2, 7], [3, 18, 4, 19]]"
12a_0278_136,"[[3, 18, 4, 19], [5, 20, 6, 21], [7, 13, 8, 12], [9, 24, 10, 1], [11, 9, 12, 8], [13, 17, 14, 16], [15, 23, 16, 22], [17, 2, 18, 3], [19, 4, 20, 5], [21, 15, 22, 14], [23, 10, 24, 11], [1, 6, 2, 7]]"
12a_0278_137,"[[1, 6, 2, 7], [3, 18, 4, 19], [5, 20, 6, 21], [7, 13, 8, 12], [9, 24, 10, 1], [11, 9, 12, 8], [13, 17, 14, 16], [15, 23, 16, 22], [17, 2, 18, 3], [19, 4, 20, 5], [21, 15, 22, 14], [23, 10, 24, 11]]"
12a_0278_138,"[[23, 10, 24, 11], [1, 6, 2, 7], [3, 18, 4, 19], [5, 20, 6, 21], [7, 13, 8, 12], [9, 24, 10, 1], [11, 9, 12, 8], [13, 17, 14, 16], [15, 23, 16, 22], [17, 2, 18, 3], [19, 4, 20, 5], [21, 15, 22, 14]]"
12a_0278_139,"[[21, 15, 22, 14], [23, 10, 24, 11], [1, 6, 2, 7], [3, 18, 4, 19], [5, 20, 6, 21], [7, 13, 8, 12], [9, 24, 10, 1], [11, 9, 12, 8], [13, 17, 14, 16], [15, 23, 16, 22], [17, 2, 18, 3], [19, 4, 20, 5]]"
12a_0278_140,"[[19, 4, 20, 5], [21, 15, 22, 14], [23, 10, 24, 11], [1, 6, 2, 7], [3, 18, 4, 19], [5, 20, 6, 21], [7, 13, 8, 12], [9, 24, 10, 1], [11, 9, 12, 8], [13, 17, 14, 16], [15, 23, 16, 22], [17, 2, 18, 3]]"
12a_0278_141,"[[17, 2, 18, 3], [19, 4, 20, 5], [21, 15, 22, 14], [23, 10, 24, 11], [1, 6, 2, 7], [3, 18, 4, 19], [5, 20, 6, 21], [7, 13, 8, 12], [9, 24, 10, 1], [11, 9, 12, 8], [13, 17, 14, 16], [15, 23, 16, 22]]"
12a_0278_142,"[[15, 23, 16, 22], [17, 2, 18, 3], [19, 4, 20, 5], [21, 15, 22, 14], [23, 10, 24, 11], [1, 6, 2, 7], [3, 18, 4, 19], [5, 20, 6, 21], [7, 13, 8, 12], [9, 24, 10, 1], [11, 9, 12, 8], [13, 17, 14, 16]]"
12a_0278_143,"[[13, 17, 14, 16], [15, 23, 16, 22], [17, 2, 18, 3], [19, 4, 20, 5], [21, 15, 22, 14], [23, 10, 24, 11], [1, 6, 2, 7], [3, 18, 4, 19], [5, 20, 6, 21], [7, 13, 8, 12], [9, 24, 10, 1], [11, 9, 12, 8]]"
12a_0278_144,"[[12, 10, 13, 9], [14, 18, 15, 17], [16, 24, 17, 23], [18, 3, 19, 4], [20, 5, 21, 6], [22, 16, 23, 15], [24, 11, 1, 12], [2, 7, 3, 8], [4, 19, 5, 20], [6, 21, 7, 22], [8, 14, 9, 13], [10, 1, 11, 2]]"
12a_0278_145,"[[10, 1, 11, 2], [12, 10, 13, 9], [14, 18, 15, 17], [16, 24, 17, 23], [18, 3, 19, 4], [20, 5, 21, 6], [22, 16, 23, 15], [24, 11, 1, 12], [2, 7, 3, 8], [4, 19, 5, 20], [6, 21, 7, 22], [8, 14, 9, 13]]"
12a_0278_146,"[[8, 14, 9, 13], [10, 1, 11, 2], [12, 10, 13, 9], [14, 18, 15, 17], [16, 24, 17, 23], [18, 3, 19, 4], [20, 5, 21, 6], [22, 16, 23, 15], [24, 11, 1, 12], [2, 7, 3, 8], [4, 19, 5, 20], [6, 21, 7, 22]]"
12a_0278_147,"[[6, 21, 7, 22], [8, 14, 9, 13], [10, 1, 11, 2], [12, 10, 13, 9], [14, 18, 15, 17], [16, 24, 17, 23], [18, 3, 19, 4], [20, 5, 21, 6], [22, 16, 23, 15], [24, 11, 1, 12], [2, 7, 3, 8], [4, 19, 5, 20]]"
12a_0278_148,"[[4, 19, 5, 20], [6, 21, 7, 22], [8, 14, 9, 13], [10, 1, 11, 2], [12, 10, 13, 9], [14, 18, 15, 17], [16, 24, 17, 23], [18, 3, 19, 4], [20, 5, 21, 6], [22, 16, 23, 15], [24, 11, 1, 12], [2, 7, 3, 8]]"
12a_0278_149,"[[2, 7, 3, 8], [4, 19, 5, 20], [6, 21, 7, 22], [8, 14, 9, 13], [10, 1, 11, 2], [12, 10, 13, 9], [14, 18, 15, 17], [16, 24, 17, 23], [18, 3, 19, 4], [20, 5, 21, 6], [22, 16, 23, 15], [24, 11, 1, 12]]"
12a_0278_150,"[[24, 11, 1, 12], [2, 7, 3, 8], [4, 19, 5, 20], [6, 21, 7, 22], [8, 14, 9, 13], [10, 1, 11, 2], [12, 10, 13, 9], [14, 18, 15, 17], [16, 24, 17, 23], [18, 3, 19, 4], [20, 5, 21, 6], [22, 16, 23, 15]]"
12a_0278_151,"[[22, 16, 23, 15], [24, 11, 1, 12], [2, 7, 3, 8], [4, 19, 5, 20], [6, 21, 7, 22], [8, 14, 9, 13], [10, 1, 11, 2], [12, 10, 13, 9], [14, 18, 15, 17], [16, 24, 17, 23], [18, 3, 19, 4], [20, 5, 21, 6]]"
12a_0278_152,"[[20, 5, 21, 6], [22, 16, 23, 15], [24, 11, 1, 12], [2, 7, 3, 8], [4, 19, 5, 20], [6, 21, 7, 22], [8, 14, 9, 13], [10, 1, 11, 2], [12, 10, 13, 9], [14, 18, 15, 17], [16, 24, 17, 23], [18, 3, 19, 4]]"
12a_0278_153,"[[18, 3, 19, 4], [20, 5, 21, 6], [22, 16, 23, 15], [24, 11, 1, 12], [2, 7, 3, 8], [4, 19, 5, 20], [6, 21, 7, 22], [8, 14, 9, 13], [10, 1, 11, 2], [12, 10, 13, 9], [14, 18, 15, 17], [16, 24, 17, 23]]"
12a_0278_154,"[[16, 24, 17, 23], [18, 3, 19, 4], [20, 5, 21, 6], [22, 16, 23, 15], [24, 11, 1, 12], [2, 7, 3, 8], [4, 19, 5, 20], [6, 21, 7, 22], [8, 14, 9, 13], [10, 1, 11, 2], [12, 10, 13, 9], [14, 18, 15, 17]]"
12a_0278_155,"[[14, 18, 15, 17], [16, 24, 17, 23], [18, 3, 19, 4], [20, 5, 21, 6], [22, 16, 23, 15], [24, 11, 1, 12], [2, 7, 3, 8], [4, 19, 5, 20], [6, 21, 7, 22], [8, 14, 9, 13], [10, 1, 11, 2], [12, 10, 13, 9]]"
12a_0278_156,"[[13, 11, 14, 10], [15, 19, 16, 18], [17, 1, 18, 24], [19, 4, 20, 5], [21, 6, 22, 7], [23, 17, 24, 16], [1, 12, 2, 13], [3, 8, 4, 9], [5, 20, 6, 21], [7, 22, 8, 23], [9, 15, 10, 14], [11, 2, 12, 3]]"
12a_0278_157,"[[11, 2, 12, 3], [13, 11, 14, 10], [15, 19, 16, 18], [17, 1, 18, 24], [19, 4, 20, 5], [21, 6, 22, 7], [23, 17, 24, 16], [1, 12, 2, 13], [3, 8, 4, 9], [5, 20, 6, 21], [7, 22, 8, 23], [9, 15, 10, 14]]"
12a_0278_158,"[[9, 15, 10, 14], [11, 2, 12, 3], [13, 11, 14, 10], [15, 19, 16, 18], [17, 1, 18, 24], [19, 4, 20, 5], [21, 6, 22, 7], [23, 17, 24, 16], [1, 12, 2, 13], [3, 8, 4, 9], [5, 20, 6, 21], [7, 22, 8, 23]]"
12a_0278_159,"[[7, 22, 8, 23], [9, 15, 10, 14], [11, 2, 12, 3], [13, 11, 14, 10], [15, 19, 16, 18], [17, 1, 18, 24], [19, 4, 20, 5], [21, 6, 22, 7], [23, 17, 24, 16], [1, 12, 2, 13], [3, 8, 4, 9], [5, 20, 6, 21]]"
12a_0278_160,"[[5, 20, 6, 21], [7, 22, 8, 23], [9, 15, 10, 14], [11, 2, 12, 3], [13, 11, 14, 10], [15, 19, 16, 18], [17, 1, 18, 24], [19, 4, 20, 5], [21, 6, 22, 7], [23, 17, 24, 16], [1, 12, 2, 13], [3, 8, 4, 9]]"
12a_0278_161,"[[3, 8, 4, 9], [5, 20, 6, 21], [7, 22, 8, 23], [9, 15, 10, 14], [11, 2, 12, 3], [13, 11, 14, 10], [15, 19, 16, 18], [17, 1, 18, 24], [19, 4, 20, 5], [21, 6, 22, 7], [23, 17, 24, 16], [1, 12, 2, 13]]"
12a_0278_162,"[[1, 12, 2, 13], [3, 8, 4, 9], [5, 20, 6, 21], [7, 22, 8, 23], [9, 15, 10, 14], [11, 2, 12, 3], [13, 11, 14, 10], [15, 19, 16, 18], [17, 1, 18, 24], [19, 4, 20, 5], [21, 6, 22, 7], [23, 17, 24, 16]]"
12a_0278_163,"[[23, 17, 24, 16], [1, 12, 2, 13], [3, 8, 4, 9], [5, 20, 6, 21], [7, 22, 8, 23], [9, 15, 10, 14], [11, 2, 12, 3], [13, 11, 14, 10], [15, 19, 16, 18], [17, 1, 18, 24], [19, 4, 20, 5], [21, 6, 22, 7]]"
12a_0278_164,"[[21, 6, 22, 7], [23, 17, 24, 16], [1, 12, 2, 13], [3, 8, 4, 9], [5, 20, 6, 21], [7, 22, 8, 23], [9, 15, 10, 14], [11, 2, 12, 3], [13, 11, 14, 10], [15, 19, 16, 18], [17, 1, 18, 24], [19, 4, 20, 5]]"
12a_0278_165,"[[19, 4, 20, 5], [21, 6, 22, 7], [23, 17, 24, 16], [1, 12, 2, 13], [3, 8, 4, 9], [5, 20, 6, 21], [7, 22, 8, 23], [9, 15, 10, 14], [11, 2, 12, 3], [13, 11, 14, 10], [15, 19, 16, 18], [17, 1, 18, 24]]"
12a_0278_166,"[[17, 1, 18, 24], [19, 4, 20, 5], [21, 6, 22, 7], [23, 17, 24, 16], [1, 12, 2, 13], [3, 8, 4, 9], [5, 20, 6, 21], [7, 22, 8, 23], [9, 15, 10, 14], [11, 2, 12, 3], [13, 11, 14, 10], [15, 19, 16, 18]]"
12a_0278_167,"[[15, 19, 16, 18], [17, 1, 18, 24], [19, 4, 20, 5], [21, 6, 22, 7], [23, 17, 24, 16], [1, 12, 2, 13], [3, 8, 4, 9], [5, 20, 6, 21], [7, 22, 8, 23], [9, 15, 10, 14], [11, 2, 12, 3], [13, 11, 14, 10]]"
12a_0278_168,"[[14, 12, 15, 11], [16, 20, 17, 19], [18, 2, 19, 1], [20, 5, 21, 6], [22, 7, 23, 8], [24, 18, 1, 17], [2, 13, 3, 14], [4, 9, 5, 10], [6, 21, 7, 22], [8, 23, 9, 24], [10, 16, 11, 15], [12, 3, 13, 4]]"
12a_0278_169,"[[12, 3, 13, 4], [14, 12, 15, 11], [16, 20, 17, 19], [18, 2, 19, 1], [20, 5, 21, 6], [22, 7, 23, 8], [24, 18, 1, 17], [2, 13, 3, 14], [4, 9, 5, 10], [6, 21, 7, 22], [8, 23, 9, 24], [10, 16, 11, 15]]"
12a_0278_170,"[[10, 16, 11, 15], [12, 3, 13, 4], [14, 12, 15, 11], [16, 20, 17, 19], [18, 2, 19, 1], [20, 5, 21, 6], [22, 7, 23, 8], [24, 18, 1, 17], [2, 13, 3, 14], [4, 9, 5, 10], [6, 21, 7, 22], [8, 23, 9, 24]]"
12a_0278_171,"[[8, 23, 9, 24], [10, 16, 11, 15], [12, 3, 13, 4], [14, 12, 15, 11], [16, 20, 17, 19], [18, 2, 19, 1], [20, 5, 21, 6], [22, 7, 23, 8], [24, 18, 1, 17], [2, 13, 3, 14], [4, 9, 5, 10], [6, 21, 7, 22]]"
12a_0278_172,"[[6, 21, 7, 22], [8, 23, 9, 24], [10, 16, 11, 15], [12, 3, 13, 4], [14, 12, 15, 11], [16, 20, 17, 19], [18, 2, 19, 1], [20, 5, 21, 6], [22, 7, 23, 8], [24, 18, 1, 17], [2, 13, 3, 14], [4, 9, 5, 10]]"
12a_0278_173,"[[4, 9, 5, 10], [6, 21, 7, 22], [8, 23, 9, 24], [10, 16, 11, 15], [12, 3, 13, 4], [14, 12, 15, 11], [16, 20, 17, 19], [18, 2, 19, 1], [20, 5, 21, 6], [22, 7, 23, 8], [24, 18, 1, 17], [2, 13, 3, 14]]"
12a_0278_174,"[[2, 13, 3, 14], [4, 9, 5, 10], [6, 21, 7, 22], [8, 23, 9, 24], [10, 16, 11, 15], [12, 3, 13, 4], [14, 12, 15, 11], [16, 20, 17, 19], [18, 2, 19, 1], [20, 5, 21, 6], [22, 7, 23, 8], [24, 18, 1, 17]]"
12a_0278_175,"[[24, 18, 1, 17], [2, 13, 3, 14], [4, 9, 5, 10], [6, 21, 7, 22], [8, 23, 9, 24], [10, 16, 11, 15], [12, 3, 13, 4], [14, 12, 15, 11], [16, 20, 17, 19], [18, 2, 19, 1], [20, 5, 21, 6], [22, 7, 23, 8]]"
12a_0278_176,"[[22, 7, 23, 8], [24, 18, 1, 17], [2, 13, 3, 14], [4, 9, 5, 10], [6, 21, 7, 22], [8, 23, 9, 24], [10, 16, 11, 15], [12, 3, 13, 4], [14, 12, 15, 11], [16, 20, 17, 19], [18, 2, 19, 1], [20, 5, 21, 6]]"
12a_0278_177,"[[20, 5, 21, 6], [22, 7, 23, 8], [24, 18, 1, 17], [2, 13, 3, 14], [4, 9, 5, 10], [6, 21, 7, 22], [8, 23, 9, 24], [10, 16, 11, 15], [12, 3, 13, 4], [14, 12, 15, 11], [16, 20, 17, 19], [18, 2, 19, 1]]"
12a_0278_178,"[[18, 2, 19, 1], [20, 5, 21, 6], [22, 7, 23, 8], [24, 18, 1, 17], [2, 13, 3, 14], [4, 9, 5, 10], [6, 21, 7, 22], [8, 23, 9, 24], [10, 16, 11, 15], [12, 3, 13, 4], [14, 12, 15, 11], [16, 20, 17, 19]]"
12a_0278_179,"[[16, 20, 17, 19], [18, 2, 19, 1], [20, 5, 21, 6], [22, 7, 23, 8], [24, 18, 1, 17], [2, 13, 3, 14], [4, 9, 5, 10], [6, 21, 7, 22], [8, 23, 9, 24], [10, 16, 11, 15], [12, 3, 13, 4], [14, 12, 15, 11]]"
12a_0278_180,"[[15, 13, 16, 12], [17, 21, 18, 20], [19, 3, 20, 2], [21, 6, 22, 7], [23, 8, 24, 9], [1, 19, 2, 18], [3, 14, 4, 15], [5, 10, 6, 11], [7, 22, 8, 23], [9, 24, 10, 1], [11, 17, 12, 16], [13, 4, 14, 5]]"
12a_0278_181,"[[13, 4, 14, 5], [15, 13, 16, 12], [17, 21, 18, 20], [19, 3, 20, 2], [21, 6, 22, 7], [23, 8, 24, 9], [1, 19, 2, 18], [3, 14, 4, 15], [5, 10, 6, 11], [7, 22, 8, 23], [9, 24, 10, 1], [11, 17, 12, 16]]"
12a_0278_182,"[[11, 17, 12, 16], [13, 4, 14, 5], [15, 13, 16, 12], [17, 21, 18, 20], [19, 3, 20, 2], [21, 6, 22, 7], [23, 8, 24, 9], [1, 19, 2, 18], [3, 14, 4, 15], [5, 10, 6, 11], [7, 22, 8, 23], [9, 24, 10, 1]]"
12a_0278_183,"[[9, 24, 10, 1], [11, 17, 12, 16], [13, 4, 14, 5], [15, 13, 16, 12], [17, 21, 18, 20], [19, 3, 20, 2], [21, 6, 22, 7], [23, 8, 24, 9], [1, 19, 2, 18], [3, 14, 4, 15], [5, 10, 6, 11], [7, 22, 8, 23]]"
12a_0278_184,"[[7, 22, 8, 23], [9, 24, 10, 1], [11, 17, 12, 16], [13, 4, 14, 5], [15, 13, 16, 12], [17, 21, 18, 20], [19, 3, 20, 2], [21, 6, 22, 7], [23, 8, 24, 9], [1, 19, 2, 18], [3, 14, 4, 15], [5, 10, 6, 11]]"
12a_0278_185,"[[5, 10, 6, 11], [7, 22, 8, 23], [9, 24, 10, 1], [11, 17, 12, 16], [13, 4, 14, 5], [15, 13, 16, 12], [17, 21, 18, 20], [19, 3, 20, 2], [21, 6, 22, 7], [23, 8, 24, 9], [1, 19, 2, 18], [3, 14, 4, 15]]"
